證券代號,證券名稱,外陸資買進股數(不含外資自營商),外陸資賣出股數(不含外資自營商),外陸資買賣超股數(不含外資自營商),外資自營商買進股數,外資自營商賣出股數,外資自營商買賣超股數,投信買進股數,投信賣出股數,投信買賣超股數,自營商買賣超股數,自營商買進股數(自行買賣),自營商賣出股數(自行買賣),自營商買賣超股數(自行買賣),自營商買進股數(避險),自營商賣出股數(避險),自營商買賣超股數(避險),三大法人買賣超股數
00637L,元大滬深300正2  ,12111000,6179000,5932000,0,0,0,0,1983000,-1983000,19676000,0,0,0,36863000,17187000,19676000,23625000
00653L,富邦印度正2     ,4930000,626000,4304000,0,0,0,0,0,0,7384950,0,0,0,10580000,3195050,7384950,11688950
2409,友達            ,30568519,23584500,6984019,0,0,0,0,10000,-10000,4195000,1049000,267000,782000,3796000,383000,3413000,11169019
0056,元大高股息      ,114000,229100,-115100,0,0,0,95000,0,95000,8668000,0,0,0,8803000,135000,8668000,8647900
3037,欣興            ,10821000,3686000,7135000,0,0,0,1508000,4000,1504000,-641000,279000,1156000,-877000,337000,101000,236000,7998000
2888,新光金          ,10830833,4026000,6804833,0,0,0,14000,29000,-15000,534751,0,130249,-130249,994000,329000,665000,7324584
2330,台積電          ,20611146,14166083,6445063,0,0,0,580000,108000,472000,100000,260000,140000,120000,336000,356000,-20000,7017063
3711,日月光投控      ,10287819,6728000,3559819,0,0,0,1646000,16000,1630000,722887,297000,197113,99887,677000,54000,623000,5912706
2504,國產            ,5046000,492000,4554000,0,0,0,9000,1045000,-1036000,1481000,336000,50000,286000,1330000,135000,1195000,4999000
053564,台積電富邦99購01,0,0,0,0,0,0,0,0,0,4964000,0,0,0,4964000,0,4964000,4964000
0050,元大台灣50      ,3593000,3000,3590000,0,0,0,50000,0,50000,1306000,42000,0,42000,2042000,778000,1264000,4946000
00655L,國泰中國A50正2  ,412000,297000,115000,0,0,0,0,0,0,4829150,0,0,0,5869150,1040000,4829150,4944150
5469,瀚宇博          ,5821000,2030000,3791000,0,0,0,53000,0,53000,946718,450000,28282,421718,1071000,546000,525000,4790718
00633L,富邦上証正2     ,1723000,1584000,139000,0,0,0,0,0,0,4438000,0,10000,-10000,7173000,2725000,4448000,4577000
1402,遠東新          ,6072556,2907000,3165556,0,0,0,861000,13000,848000,236000,187000,12000,175000,184000,123000,61000,4249556
2337,旺宏            ,6109000,2819000,3290000,0,0,0,0,283000,-283000,1161720,108000,87280,20720,1340000,199000,1141000,4168720
2324,仁寶            ,10208086,5938000,4270086,0,0,0,0,22000,-22000,-387000,0,10000,-10000,132000,509000,-377000,3861086
2363,矽統            ,4795000,933000,3862000,0,0,0,0,0,0,-2000,0,2000,-2000,0,0,0,3860000
051510,新光金中信97購01,0,0,0,0,0,0,0,0,0,3804000,0,0,0,3804000,0,3804000,3804000
3545,敦泰            ,4007000,456000,3551000,0,0,0,0,0,0,200000,200000,0,200000,0,0,0,3751000
2356,英業達          ,7498180,5580000,1918180,0,0,0,1200000,7000,1193000,453910,372000,48090,323910,947000,817000,130000,3565090
3576,聯合再生        ,6173000,2720000,3453000,0,0,0,0,0,0,0,0,0,0,0,0,0,3453000
00636,國泰中國A50     ,888000,0,888000,0,0,0,0,0,0,2327973,0,0,0,3877973,1550000,2327973,3215973
3041,揚智            ,3273000,160000,3113000,0,0,0,0,0,0,0,0,0,0,0,0,0,3113000
2890,永豐金          ,10929806,7903000,3026806,0,0,0,25000,25000,0,54000,12000,2000,10000,44000,0,44000,3080806
3706,神達            ,5812000,2796000,3016000,0,0,0,5000,0,5000,38000,2000,20000,-18000,192000,136000,56000,3059000
4904,遠傳            ,4542386,1632500,2909886,0,0,0,0,6000,-6000,-122000,0,121000,-121000,0,1000,-1000,2781886
064055,台郡統一02購01  ,0,0,0,0,0,0,0,0,0,2731000,0,0,0,2733000,2000,2731000,2731000
2481,強茂            ,3883000,1504000,2379000,0,0,0,113000,0,113000,226000,138000,0,138000,100000,12000,88000,2718000
2303,聯電            ,21354669,17642000,3712669,0,0,0,0,1200000,-1200000,205000,280000,221000,59000,942000,796000,146000,2717669
2883,開發金          ,12197043,19042600,-6845557,0,0,0,0,33000,-33000,9593000,78000,0,78000,9515000,0,9515000,2714443
9904,寶成            ,4631046,1849000,2782046,0,0,0,2000,116000,-114000,45000,2000,3000,-1000,62000,16000,46000,2713046
00861,元大全球未來通訊,0,0,0,0,0,0,0,0,0,2702000,0,0,0,2702000,0,2702000,2702000
2834,臺企銀          ,7429643,4831436,2598207,0,0,0,0,12000,-12000,35898,0,1102,-1102,37000,0,37000,2622105
006205,富邦上証        ,1728000,2000,1726000,0,0,0,0,0,0,853000,0,0,0,2283000,1430000,853000,2579000
4927,泰鼎-KY         ,3359000,1827000,1532000,0,0,0,1022000,349000,673000,354000,142000,210000,-68000,919000,497000,422000,2559000
2880,華南金          ,7441869,4843718,2598151,0,0,0,0,24000,-24000,-23000,0,23000,-23000,0,0,0,2551151
2633,台灣高鐵        ,2729710,839000,1890710,0,0,0,500000,6000,494000,148000,0,7000,-7000,170000,15000,155000,2532710
063218,台塑群益9B購01  ,0,0,0,0,0,0,0,0,0,2528000,0,0,0,2590000,62000,2528000,2528000
054534,台積電富邦98購03,0,0,0,0,0,0,0,0,0,2495000,0,0,0,2495000,0,2495000,2495000
5471,松翰            ,2762000,268000,2494000,0,0,0,0,0,0,-63000,0,63000,-63000,0,0,0,2431000
2329,華泰            ,2941000,556000,2385000,0,0,0,0,0,0,-2000,0,3000,-3000,1000,0,1000,2383000
1907,永豐餘          ,2871000,508000,2363000,0,0,0,2000,0,2000,0,0,0,0,0,0,0,2365000
0061,元大寶滬深      ,1036000,22000,1014000,0,0,0,0,0,0,1229000,450000,180000,270000,1086000,127000,959000,2243000
064140,台達電統一01購01,0,0,0,0,0,0,0,0,0,2228000,0,0,0,2414000,186000,2228000,2228000
1714,和桐            ,2553000,334000,2219000,0,0,0,0,0,0,0,0,0,0,0,0,0,2219000
2323,中環            ,2745000,688000,2057000,0,0,0,0,1000,-1000,60000,527000,0,527000,177000,644000,-467000,2116000
1722,台肥            ,1931000,690000,1241000,0,0,0,484000,1000,483000,383000,120000,16000,104000,307000,28000,279000,2107000
2520,冠德            ,1806000,358000,1448000,0,0,0,0,0,0,643000,324000,106000,218000,425000,0,425000,2091000
1101,台泥            ,8102033,6574000,1528033,0,0,0,564000,6000,558000,-1000,161000,11000,150000,132000,283000,-151000,2085033
2345,智邦            ,3270000,1273000,1997000,0,0,0,0,1000,-1000,16000,69000,85000,-16000,101000,69000,32000,2012000
5871,中租-KY         ,4185000,2278182,1906818,0,0,0,81000,3000,78000,-12000,20000,44000,-24000,28000,16000,12000,1972818
062854,日電貿永豐9B購01,0,0,0,0,0,0,0,0,0,1972000,0,0,0,1972000,0,1972000,1972000
00739,元大MSCI A股    ,4000,4000,0,0,0,0,0,0,0,1936984,0,0,0,2953984,1017000,1936984,1936984
2614,東森            ,4689000,2783000,1906000,0,0,0,9000,0,9000,20000,20000,0,20000,0,0,0,1935000
061081,宏碁兆豐9A購01  ,0,0,0,0,0,0,0,0,0,1903000,0,0,0,1999000,96000,1903000,1903000
051156,鴻海富邦97購01  ,0,0,0,0,0,0,0,0,0,1877000,0,0,0,1877000,0,1877000,1877000
06701P,臺股指統一99售06,0,0,0,0,0,0,0,0,0,1851000,0,0,0,2366000,515000,1851000,1851000
00850,元大臺灣ESG永續 ,1000,720000,-719000,0,0,0,0,0,0,2562000,0,0,0,2605000,43000,2562000,1843000
2412,中華電          ,7898300,5456000,2442300,0,0,0,0,13000,-13000,-601000,5000,605000,-600000,0,1000,-1000,1828300
5264,鎧勝-KY         ,1646000,702000,944000,0,0,0,0,200000,-200000,1083000,1060000,0,1060000,30000,7000,23000,1827000
2889,國票金          ,2613000,825000,1788000,0,0,0,29000,0,29000,-47000,0,47000,-47000,0,0,0,1770000
07774P,台灣50群益9A售16,0,0,0,0,0,0,0,0,0,1738000,0,0,0,2679000,941000,1738000,1738000
00692,富邦公司治理    ,7000,7000,0,0,0,0,0,0,0,1728000,0,0,0,3321000,1593000,1728000,1728000
2505,國揚            ,2086000,591804,1494196,0,0,0,0,0,0,210000,50000,1000,49000,183000,22000,161000,1704196
2105,正新            ,3228548,1496000,1732548,0,0,0,0,2000,-2000,-33000,33000,66000,-33000,0,0,0,1697548
064056,GIS統一01購02   ,0,0,0,0,0,0,0,0,0,1656000,0,0,0,1912000,256000,1656000,1656000
00631L,元大台灣50正2   ,439000,701000,-262000,0,0,0,0,0,0,1915000,10000,0,10000,2675000,770000,1905000,1653000
061129,文曄永豐9A購01  ,0,0,0,0,0,0,0,0,0,1644000,0,0,0,1980000,336000,1644000,1644000
062980,康控元富9B購01  ,0,0,0,0,0,0,0,0,0,1636000,0,0,0,2256000,620000,1636000,1636000
065198,玉晶光元富06購01,0,0,0,0,0,0,0,0,0,1621000,0,0,0,1742000,121000,1621000,1621000
1717,長興            ,2417000,837000,1580000,0,0,0,4000,2000,2000,35000,155000,120000,35000,0,0,0,1617000
00642U,元大S&P石油     ,28000,1000,27000,0,0,0,0,0,0,1577000,0,0,0,1750000,173000,1577000,1604000
1216,統一            ,5985193,4167801,1817392,0,0,0,0,212000,-212000,-13000,0,15000,-15000,2000,0,2000,1592392
3450,聯鈞            ,1924000,811000,1113000,0,0,0,25000,0,25000,431684,74000,9316,64684,391000,24000,367000,1569684
064725,緯創統一02購01  ,0,0,0,0,0,0,0,0,0,1562000,0,0,0,1757000,195000,1562000,1562000
00875,國泰網路資安    ,740000,1000,739000,0,0,0,0,0,0,801000,0,0,0,801000,0,801000,1540000
2601,益航            ,1630000,91000,1539000,0,0,0,0,0,0,-4000,0,4000,-4000,0,0,0,1535000
063348,祥碩統一01購04  ,0,0,0,0,0,0,0,0,0,1497000,0,0,0,1745000,248000,1497000,1497000
063272,GIS兆豐9C購01   ,0,0,0,0,0,0,0,0,0,1429000,0,0,0,1429000,0,1429000,1429000
055063,玉晶光永豐99購01,0,0,0,0,0,0,0,0,0,1417000,0,0,0,2007000,590000,1417000,1417000
2006,東和鋼鐵        ,1456000,175000,1281000,0,0,0,6000,1000,5000,116000,126000,10000,116000,0,0,0,1402000
065197,景碩元富06購01  ,0,0,0,0,0,0,0,0,0,1402000,0,0,0,1431000,29000,1402000,1402000
00852L,國泰美國道瓊正2 ,5000,628000,-623000,0,0,0,0,0,0,2014000,0,0,0,5162000,3148000,2014000,1391000
2313,華通            ,4199000,3999000,200000,0,0,0,970000,450000,520000,655000,407000,372000,35000,752000,132000,620000,1375000
050283,T50反1凱基9A購01,0,0,0,0,0,0,0,0,0,1352000,0,0,0,1352000,0,1352000,1352000
8046,南電            ,2596000,2092000,504000,0,0,0,609000,0,609000,238000,400000,56000,344000,144000,250000,-106000,1351000
06503P,臺股指中信9A售02,0,0,0,0,0,0,0,0,0,1332000,0,0,0,1947000,615000,1332000,1332000
064731,台郡統一01購02  ,0,0,0,0,0,0,0,0,0,1323000,0,0,0,1653000,330000,1323000,1323000
03414B,臺股指凱基99熊01,0,60000,-60000,0,0,0,0,0,0,1375000,0,0,0,3614000,2239000,1375000,1315000
064053,祥碩統一02購01  ,0,0,0,0,0,0,0,0,0,1287000,0,0,0,1558000,271000,1287000,1287000
057299,立積永豐98購02  ,0,0,0,0,0,0,0,0,0,1279000,0,0,0,1355000,76000,1279000,1279000
064250,亞光元富9C購01  ,0,0,0,0,0,0,0,0,0,1272000,0,0,0,1399000,127000,1272000,1272000
8150,南茂            ,2281000,1007000,1274000,0,0,0,4000,0,4000,-12000,0,4000,-4000,114000,122000,-8000,1266000
064299,宏碁兆豐9C購01  ,0,0,0,0,0,0,0,0,0,1255000,0,0,0,1552000,297000,1255000,1255000
3702,大聯大          ,2506385,852000,1654385,0,0,0,0,1000,-1000,-431960,0,188960,-188960,0,243000,-243000,1221425
6257,矽格            ,1811000,505000,1306000,0,0,0,357000,0,357000,-457000,117000,411000,-294000,159000,322000,-163000,1206000
063583,GIS國泰01購01   ,0,0,0,0,0,0,0,0,0,1189000,0,0,0,1211000,22000,1189000,1189000
061186,牧德國泰9C購01  ,0,0,0,0,0,0,0,0,0,1170000,0,0,0,1203000,33000,1170000,1170000
6116,彩晶            ,2412000,2486000,-74000,0,0,0,0,0,0,1232870,26000,130,25870,1217000,10000,1207000,1158870
5521,工信            ,1444000,289000,1155000,0,0,0,0,0,0,0,0,0,0,0,0,0,1155000
3042,晶技            ,2487000,1510000,977000,0,0,0,1631000,1288000,343000,-176000,246000,313000,-67000,75000,184000,-109000,1144000
064539,玉晶光麥證01購01,0,0,0,1144000,0,1144000,0,0,0,1143000,0,0,0,1144000,1000,1143000,1143000
063261,康控富邦03購01  ,0,0,0,0,0,0,0,0,0,1120000,0,0,0,1408000,288000,1120000,1120000
055902,同欣電中信99購01,0,0,0,0,0,0,0,0,0,1109000,0,0,0,1773000,664000,1109000,1109000
062863,聯茂國票9B購01  ,0,0,0,0,0,0,0,0,0,1088000,0,0,0,1159000,71000,1088000,1088000
062644,中環國泰9C購01  ,0,0,0,0,0,0,0,0,0,1087000,0,0,0,1346000,259000,1087000,1087000
4934,太極            ,1158000,85000,1073000,0,0,0,0,0,0,0,0,0,0,0,0,0,1073000
2448,晶電            ,3183000,1424000,1759000,0,0,0,0,650000,-650000,-41000,0,11000,-11000,0,30000,-30000,1068000
4938,和碩            ,5878700,5851000,27700,0,0,0,2000,10000,-8000,1046000,1208000,19000,1189000,43000,186000,-143000,1065700
2801,彰銀            ,3534334,2441900,1092434,0,0,0,0,18000,-18000,-13000,0,13000,-13000,0,0,0,1061434
064358,台達電統一01購02,0,0,0,0,0,0,0,0,0,1061000,0,0,0,1192000,131000,1061000,1061000
065451,台表科統一02購04,0,0,0,0,0,0,0,0,0,1057000,0,0,0,1218000,161000,1057000,1057000
058054,台積電統一9C購01,0,0,0,0,0,0,0,0,0,1053000,0,0,0,1765000,712000,1053000,1053000
08111P,臺股指中信01售06,0,0,0,0,0,0,0,0,0,1039000,0,0,0,1095000,56000,1039000,1039000
063209,巨大統一01購01  ,0,0,0,0,0,0,0,0,0,1033000,0,0,0,1528000,495000,1033000,1033000
1598,岱宇            ,1810000,726000,1084000,0,0,0,0,0,0,-58000,22000,80000,-58000,0,0,0,1026000
2382,廣達            ,3748515,3400000,348515,0,0,0,100000,14000,86000,587000,596000,50000,546000,200000,159000,41000,1021515
08290P,高鐵統一01售01  ,0,0,0,0,0,0,0,0,0,1014000,0,0,0,1014000,0,1014000,1014000
3023,信邦            ,1284000,283000,1001000,0,0,0,257000,394000,-137000,144971,75000,6029,68971,100000,24000,76000,1008971
057012,康控中信98購01  ,0,0,0,0,0,0,0,0,0,1003000,0,0,0,1003000,0,1003000,1003000
051068,台積電國票97購01,0,0,0,0,0,0,0,0,0,1003000,0,0,0,1003000,0,1003000,1003000
054370,台積電中信9A購01,0,0,0,0,0,0,0,0,0,999000,0,0,0,1261000,262000,999000,999000
07194P,聯發科元大99售25,0,0,0,0,0,0,0,0,0,998000,0,0,0,1527000,529000,998000,998000
057727,華邦電國泰9A購01,0,0,0,0,0,0,0,0,0,994000,0,0,0,1095000,101000,994000,994000
064000,台郡兆豐9C購01  ,0,0,0,0,0,0,0,0,0,986000,0,0,0,1287000,301000,986000,986000
055810,T50反1國票99購01,0,0,0,0,0,0,0,0,0,980000,0,0,0,1644000,664000,980000,980000
063075,祥碩永豐9B購04  ,0,0,0,0,0,0,0,0,0,978000,0,0,0,999000,21000,978000,978000
2353,宏碁            ,5269747,2775000,2494747,0,0,0,0,4000,-4000,-1513678,0,384678,-384678,99000,1228000,-1129000,977069
059712,滬深2X元大9C購03,0,0,0,0,0,0,0,0,0,969000,0,0,0,1019000,50000,969000,969000
065526,台表科群益9C購03,0,0,0,0,0,0,0,0,0,967000,0,0,0,1102000,135000,967000,967000
056672,元油2X元富98購10,0,0,0,0,0,0,0,0,0,960000,0,0,0,960000,0,960000,960000
3056,總太            ,1118000,190000,928000,0,0,0,0,0,0,24000,24000,0,24000,0,0,0,952000
06604P,聯發科元富02售02,0,0,0,0,0,0,0,0,0,951000,0,0,0,1279000,328000,951000,951000
064402,宏碁凱基01購01  ,0,0,0,0,0,0,0,0,0,936000,0,0,0,996000,60000,936000,936000
065119,大立光富邦03購03,0,0,0,0,0,0,0,0,0,929000,0,0,0,1042000,113000,929000,929000
059188,京元電富邦9B購01,0,0,0,0,0,0,0,0,0,919000,0,0,0,1118000,199000,919000,919000
3045,台灣大          ,3199432,2164000,1035432,0,0,0,0,5000,-5000,-126000,0,126000,-126000,0,0,0,904432
064681,牧德兆豐01購01  ,0,0,0,0,0,0,0,0,0,901000,0,0,0,943000,42000,901000,901000
064160,新日興統一01購03,0,0,0,0,0,0,0,0,0,901000,0,0,0,1056000,155000,901000,901000
061775,臺指反國票9B購04,0,0,0,0,0,0,0,0,0,898000,0,0,0,902000,4000,898000,898000
058857,元油2X日盛99購02,0,0,0,0,0,0,0,0,0,889000,0,0,0,889000,0,889000,889000
9945,潤泰新          ,1930479,1220000,710479,0,0,0,0,0,0,174000,189000,3000,186000,0,12000,-12000,884479
063550,可成國票9C購01  ,0,0,0,0,0,0,0,0,0,884000,0,0,0,893000,9000,884000,884000
2892,第一金          ,6179655,5249000,930655,0,0,0,0,26000,-26000,-23000,0,41000,-41000,18000,0,18000,881655
061537,SP黃豆群益9A購02,0,0,0,0,0,0,0,0,0,881000,0,0,0,891000,10000,881000,881000
2347,聯強            ,3173158,2051000,1122158,0,0,0,4000,0,4000,-245450,0,57450,-57450,3000,191000,-188000,880708
064068,義隆永豐9C購01  ,0,0,0,0,0,0,0,0,0,872000,0,0,0,1384000,512000,872000,872000
064452,微星統一01購02  ,0,0,0,0,0,0,0,0,0,870000,0,0,0,1092000,222000,870000,870000
2458,義隆            ,3529000,3310000,219000,0,0,0,1000,41000,-40000,687000,1308000,406000,902000,129000,344000,-215000,866000
063880,可成元富9C購01  ,0,0,0,0,0,0,0,0,0,847000,0,0,0,979000,132000,847000,847000
07354P,臺股指國票99售22,0,0,0,0,0,0,0,0,0,843000,0,0,0,998000,155000,843000,843000
061055,康控群益9A購01  ,0,0,0,0,0,0,0,0,0,838000,0,0,0,997000,159000,838000,838000
07366P,國巨康和99售02  ,0,0,0,0,0,0,0,0,0,829000,0,0,0,1129000,300000,829000,829000
062532,聯詠統一9C購01  ,0,0,0,0,0,0,0,0,0,825000,0,0,0,1259000,434000,825000,825000
07293P,臺股指凱基99售45,0,0,0,0,0,0,0,0,0,816000,0,0,0,846000,30000,816000,816000
065708,中磊群益9C購01  ,0,0,0,0,0,0,0,0,0,814000,0,0,0,890000,76000,814000,814000
063016,微星元大9C購02  ,0,0,0,0,0,0,0,0,0,814000,0,0,0,954000,140000,814000,814000
3038,全台            ,1841000,1068000,773000,0,0,0,0,0,0,40000,40000,0,40000,0,0,0,813000
4956,光鋐            ,1207000,394000,813000,0,0,0,0,0,0,-3000,0,3000,-3000,0,0,0,810000
2605,新興            ,679000,195000,484000,0,0,0,0,0,0,325000,325000,0,325000,0,0,0,809000
063592,瑞祺永豐9B購02  ,0,0,0,0,0,0,0,0,0,807000,0,0,0,1003000,196000,807000,807000
2369,菱生            ,1116000,309000,807000,0,0,0,0,0,0,-3000,0,3000,-3000,0,0,0,804000
2312,金寶            ,1168000,310000,858000,0,0,0,0,0,0,-54000,0,0,0,18000,72000,-54000,804000
058643,T50正2富邦03購01,0,0,0,0,0,0,0,0,0,801000,0,0,0,806000,5000,801000,801000
062680,微星統一01購01  ,0,0,0,0,0,0,0,0,0,793000,0,0,0,1440000,647000,793000,793000
054893,帆宣統一99購01  ,0,0,0,0,0,0,0,0,0,784000,0,0,0,1052000,268000,784000,784000
063674,力山國泰01購02  ,0,0,0,0,0,0,0,0,0,772000,0,0,0,922000,150000,772000,772000
07257P,臺股指凱基99售37,0,0,0,0,0,0,0,0,0,765000,0,0,0,785000,20000,765000,765000
064519,聯詠群益9C購01  ,0,0,0,0,0,0,0,0,0,765000,0,0,0,788000,23000,765000,765000
2377,微星            ,2501587,1463000,1038587,0,0,0,79000,1000,78000,-357000,117000,82000,35000,79000,471000,-392000,759587
061912,台積電中信05購05,0,0,0,0,0,0,0,0,0,753000,0,0,0,758000,5000,753000,753000
063905,健策麥證02購01  ,0,0,0,928000,175000,753000,0,0,0,753000,0,0,0,928000,175000,753000,753000
3026,禾伸堂          ,729000,107000,622000,0,0,0,130000,0,130000,1000,0,0,0,68000,67000,1000,753000
2107,厚生            ,738000,129801,608199,0,0,0,0,15000,-15000,159000,160000,1000,159000,0,0,0,752199
3698,隆達            ,968000,525000,443000,0,0,0,0,0,0,304000,302000,0,302000,2000,0,2000,747000
063864,健策富邦01購01  ,0,0,0,0,0,0,0,0,0,742000,0,0,0,893000,151000,742000,742000
1904,正隆            ,950000,310000,640000,0,0,0,5000,0,5000,96000,70000,8000,62000,234000,200000,34000,741000
056250,瑞昱兆豐97購02  ,0,0,0,0,0,0,0,0,0,737000,0,0,0,777000,40000,737000,737000
065441,義隆麥證9C購01  ,0,0,0,737000,2000,735000,0,0,0,735000,0,0,0,737000,2000,735000,735000
053742,創意國票97購01  ,0,0,0,0,0,0,0,0,0,734000,0,0,0,736000,2000,734000,734000
065196,技嘉元富06購01  ,0,0,0,0,0,0,0,0,0,732000,0,0,0,997000,265000,732000,732000
061587,美律富邦9A購02  ,0,0,0,0,0,0,0,0,0,730000,0,0,0,971000,241000,730000,730000
054546,玉晶光中信9B購01,0,0,0,0,0,0,0,0,0,729000,0,0,0,3642000,2913000,729000,729000
06595P,祥碩元大98售03  ,0,0,0,0,0,0,0,0,0,722000,0,0,0,722000,0,722000,722000
6443,元晶            ,1000000,278000,722000,0,0,0,0,0,0,0,0,0,0,0,0,0,722000
064986,GIS元大9C購07   ,0,0,0,0,0,0,0,0,0,718000,0,0,0,1468000,750000,718000,718000
057912,美律日盛99購01  ,0,0,0,0,0,0,0,0,0,713000,0,0,0,777000,64000,713000,713000
8039,台虹            ,502000,224000,278000,0,0,0,0,0,0,432200,124000,800,123200,325000,16000,309000,710200
2342,茂矽            ,1410000,705000,705000,0,0,0,0,0,0,-969,0,969,-969,0,0,0,704031
045872,元油2X元富98購03,0,0,0,0,0,0,0,0,0,704000,0,0,0,704000,0,704000,704000
064379,TPK元富9C購01   ,0,0,0,0,0,0,0,0,0,704000,0,0,0,772000,68000,704000,704000
058026,上銀富邦9A購01  ,0,0,0,0,0,0,0,0,0,702000,0,0,0,702000,0,702000,702000
060127,牧德永豐99購02  ,0,0,0,0,0,0,0,0,0,701000,0,0,0,709000,8000,701000,701000
9921,巨大            ,1033260,328000,705260,0,0,0,0,1000,-1000,-6000,20000,8000,12000,36000,54000,-18000,698260
063760,聯詠統一9C購02  ,0,0,0,0,0,0,0,0,0,697000,0,0,0,993000,296000,697000,697000
065651,中磊元大9C購01  ,0,0,0,0,0,0,0,0,0,695000,0,0,0,781000,86000,695000,695000
064702,百和群益01購01  ,0,0,0,0,0,0,0,0,0,694000,0,0,0,785000,91000,694000,694000
8215,明基材          ,739000,45000,694000,0,0,0,0,0,0,-1000,0,1000,-1000,0,0,0,693000
1314,中石化          ,1401000,711000,690000,0,0,0,0,4000,-4000,6000,0,8000,-8000,56000,42000,14000,692000
064145,宏碁統一02購01  ,0,0,0,0,0,0,0,0,0,692000,0,0,0,1067000,375000,692000,692000
056395,玉晶光永豐9B購01,0,0,0,0,0,0,0,0,0,691000,0,0,0,719000,28000,691000,691000
064670,智伸科元大9C購01,0,0,0,0,0,0,0,0,0,681000,0,0,0,745000,64000,681000,681000
064188,玉晶光永豐9C購02,0,0,0,0,0,0,0,0,0,678000,0,0,0,758000,80000,678000,678000
062819,奇鋐兆豐9B購01  ,0,0,0,0,0,0,0,0,0,674000,0,0,0,796000,122000,674000,674000
062591,新日興統一9C購01,0,0,0,0,0,0,0,0,0,670000,0,0,0,707000,37000,670000,670000
065344,瑞昱統一01購05  ,0,0,0,0,0,0,0,0,0,669000,0,0,0,959000,290000,669000,669000
1711,永光            ,1163000,496000,667000,0,0,0,0,0,0,0,0,0,0,0,0,0,667000
058049,帆宣元大98購01  ,0,0,0,0,0,0,0,0,0,665000,0,0,0,728000,63000,665000,665000
2392,正崴            ,773000,220000,553000,0,0,0,150000,0,150000,-38000,0,33000,-33000,43000,48000,-5000,665000
064822,台達電統一01購03,0,0,0,0,0,0,0,0,0,664000,0,0,0,664000,0,664000,664000
065130,奇鋐兆豐9C購01  ,0,0,0,0,0,0,0,0,0,659000,0,0,0,740000,81000,659000,659000
064473,技嘉麥證9C購01  ,0,0,0,659000,0,659000,0,0,0,659000,0,0,0,659000,0,659000,659000
2867,三商壽          ,742000,72000,670000,0,0,0,0,12000,-12000,0,0,0,0,0,0,0,658000
2823,中壽            ,2347325,1560000,787325,0,0,0,0,8000,-8000,-126000,0,5000,-5000,70000,191000,-121000,653325
064837,TPK統一9C購02   ,0,0,0,0,0,0,0,0,0,652000,0,0,0,652000,0,652000,652000
006206,元大上證50      ,137000,127000,10000,0,0,0,0,0,0,642000,10000,10000,0,1471000,829000,642000,652000
8163,達方            ,723000,105000,618000,0,0,0,0,0,0,33000,0,3000,-3000,91000,55000,36000,651000
063227,祥碩群益9B購06  ,0,0,0,0,0,0,0,0,0,650000,0,0,0,650000,0,650000,650000
3665,貿聯-KY         ,1160000,839000,321000,0,0,0,15000,0,15000,313919,180000,25081,154919,172000,13000,159000,649919
061886,力山國泰01購01  ,0,0,0,0,0,0,0,0,0,647000,0,0,0,835000,188000,647000,647000
065519,台勝科群益9C購02,0,0,0,0,0,0,0,0,0,646000,0,0,0,676000,30000,646000,646000
064445,聚陽統一02購01  ,0,0,0,0,0,0,0,0,0,644000,0,0,0,979000,335000,644000,644000
057189,康控元大98購02  ,0,0,0,0,0,0,0,0,0,637000,0,0,0,735000,98000,637000,637000
063399,智原群益9B購01  ,0,0,0,0,0,0,0,0,0,629000,0,0,0,999000,370000,629000,629000
060302,台積電富邦02購01,0,0,0,0,0,0,0,0,0,628000,0,0,0,660000,32000,628000,628000
065189,台郡統一9C購03  ,0,0,0,0,0,0,0,0,0,625000,0,0,0,1294000,669000,625000,625000
063257,牧德國泰01購01  ,0,0,0,0,0,0,0,0,0,619000,0,0,0,664000,45000,619000,619000
062745,聯詠永豐9B購01  ,0,0,0,0,0,0,0,0,0,619000,0,0,0,701000,82000,619000,619000
056962,技嘉永豐98購01  ,0,0,0,0,0,0,0,0,0,618000,0,0,0,707000,89000,618000,618000
064590,牧德永豐9C購01  ,0,0,0,0,0,0,0,0,0,618000,0,0,0,626000,8000,618000,618000
5876,上海商銀        ,1571918,958000,613918,0,0,0,0,0,0,3000,0,18000,-18000,25000,4000,21000,616918
2354,鴻準            ,1235820,643000,592820,0,0,0,0,2000,-2000,24000,26000,2000,24000,0,0,0,614820
059023,可成統一9B購02  ,0,0,0,0,0,0,0,0,0,613000,0,0,0,662000,49000,613000,613000
062297,億豐永豐9B購01  ,0,0,0,0,0,0,0,0,0,613000,0,0,0,640000,27000,613000,613000
8105,凌巨            ,821000,208000,613000,0,0,0,0,0,0,0,0,0,0,0,0,0,613000
054371,台積電中信9C購01,0,0,0,0,0,0,0,0,0,612000,0,0,0,641000,29000,612000,612000
00670L,富邦NASDAQ正2   ,20000,36000,-16000,0,0,0,0,0,0,621000,55000,0,55000,666000,100000,566000,605000
056136,京鼎元大98購01  ,0,0,0,0,0,0,0,0,0,605000,0,0,0,977000,372000,605000,605000
062590,亞光統一9B購01  ,0,0,0,0,0,0,0,0,0,603000,0,0,0,603000,0,603000,603000
064600,技嘉元富9C購01  ,0,0,0,0,0,0,0,0,0,603000,0,0,0,875000,272000,603000,603000
6251,定穎            ,1032000,433000,599000,0,0,0,6000,0,6000,-2720,1000,3720,-2720,0,0,0,602280
065385,億豐元大03購01  ,0,0,0,0,0,0,0,0,0,601000,0,0,0,709000,108000,601000,601000
2344,華邦電          ,7505591,5224000,2281591,0,0,0,0,4000,-4000,-1678000,0,1125000,-1125000,344000,897000,-553000,599591
056829,台積電富邦9A購01,0,0,0,0,0,0,0,0,0,597000,0,0,0,2980000,2383000,597000,597000
063667,全新統一01購02  ,0,0,0,0,0,0,0,0,0,596000,0,0,0,1012000,416000,596000,596000
055653,聯詠元富01購02  ,0,0,0,0,0,0,0,0,0,595000,0,0,0,774000,179000,595000,595000
065270,TPK元大01購01   ,0,0,0,0,0,0,0,0,0,593000,0,0,0,685000,92000,593000,593000
00634R,富邦上証反1     ,5000,5000,0,0,0,0,0,0,0,593000,0,0,0,2047000,1454000,593000,593000
061610,力成統一9C購01  ,0,0,0,0,0,0,0,0,0,591000,0,0,0,1533000,942000,591000,591000
064063,健策國泰01購02  ,0,0,0,0,0,0,0,0,0,587000,0,0,0,747000,160000,587000,587000
064926,臻鼎統一02購01  ,0,0,0,0,0,0,0,0,0,581000,0,0,0,893000,312000,581000,581000
062491,矽創永豐9B購01  ,0,0,0,0,0,0,0,0,0,581000,0,0,0,581000,0,581000,581000
064464,台郡統一01購01  ,0,0,0,0,0,0,0,0,0,580000,0,0,0,1092000,512000,580000,580000
3052,夆典            ,668000,101000,567000,0,0,0,12000,0,12000,-1000,0,1000,-1000,0,0,0,578000
00752,中信中國50      ,12000,12000,0,0,0,0,0,0,0,575000,0,0,0,926000,351000,575000,575000
056472,美律元大99購03  ,0,0,0,0,0,0,0,0,0,574000,0,0,0,718000,144000,574000,574000
062008,南亞科國泰9C購01,0,0,0,0,0,0,0,0,0,573000,0,0,0,581000,8000,573000,573000
03447B,臺股指凱基9B熊16,0,0,0,0,0,0,0,0,0,569000,0,0,0,1579000,1010000,569000,569000
064825,英業達統一9C購01,0,0,0,0,0,0,0,0,0,563000,0,0,0,602000,39000,563000,563000
059080,亞泥元大99購01  ,0,0,0,0,0,0,0,0,0,563000,0,0,0,896000,333000,563000,563000
064172,義隆元富9C購01  ,0,0,0,0,0,0,0,0,0,561000,0,0,0,734000,173000,561000,561000
065507,亞德客群益01購02,0,0,0,0,0,0,0,0,0,557000,0,0,0,645000,88000,557000,557000
060123,光罩永豐99購02  ,0,0,0,0,0,0,0,0,0,556000,0,0,0,676000,120000,556000,556000
3380,明泰            ,664000,67000,597000,0,0,0,0,0,0,-41000,82000,120000,-38000,0,3000,-3000,556000
061197,矽創永豐9A購02  ,0,0,0,0,0,0,0,0,0,551000,0,0,0,558000,7000,551000,551000
064387,GIS富邦9C購01   ,0,0,0,0,0,0,0,0,0,545000,0,0,0,545000,0,545000,545000
062241,滬深2X元大9B購03,0,0,0,0,0,0,0,0,0,545000,0,0,0,575000,30000,545000,545000
064933,矽創統一01購01  ,0,0,0,0,0,0,0,0,0,543000,0,0,0,543000,0,543000,543000
063984,華邦電國泰02購01,0,0,0,0,0,0,0,0,0,543000,0,0,0,652000,109000,543000,543000
3014,聯陽            ,1168000,868000,300000,0,0,0,0,0,0,242000,110000,6000,104000,166000,28000,138000,542000
060821,SP黃豆元大9A購02,0,0,0,0,0,0,0,0,0,538000,0,0,0,643000,105000,538000,538000
064356,矽創元大01購01  ,0,0,0,0,0,0,0,0,0,537000,0,0,0,594000,57000,537000,537000
07967P,力山元大9B售03  ,0,0,0,0,0,0,0,0,0,536000,0,0,0,557000,21000,536000,536000
064806,微星元大01購01  ,0,0,0,0,0,0,0,0,0,535000,0,0,0,792000,257000,535000,535000
063278,國巨元大9C購04  ,0,0,0,0,0,0,0,0,0,535000,0,0,0,535000,0,535000,535000
062709,帆宣元大9B購01  ,0,0,0,0,0,0,0,0,0,532000,0,0,0,545000,13000,532000,532000
064493,南亞科元大9C購01,0,0,0,0,0,0,0,0,0,532000,0,0,0,589000,57000,532000,532000
064064,義隆富邦03購01  ,0,0,0,0,0,0,0,0,0,532000,0,0,0,556000,24000,532000,532000
060404,台勝科國泰9B購01,0,0,0,0,0,0,0,0,0,531000,0,0,0,829000,298000,531000,531000
6533,晶心科          ,1253000,722000,531000,0,0,0,0,0,0,0,0,0,0,0,0,0,531000
07407P,欣興凱基99售07  ,0,0,0,0,0,0,0,0,0,528000,0,0,0,541000,13000,528000,528000
064883,GIS兆豐01購01   ,0,0,0,0,0,0,0,0,0,527000,0,0,0,612000,85000,527000,527000
063804,華邦電兆豐01購01,0,0,0,0,0,0,0,0,0,527000,0,0,0,632000,105000,527000,527000
064709,瑞祺永豐9C購01  ,0,0,0,0,0,0,0,0,0,526000,0,0,0,881000,355000,526000,526000
064713,和大統一02購01  ,0,0,0,0,0,0,0,0,0,524000,0,0,0,585000,61000,524000,524000
00639,富邦深100       ,294000,51000,243000,0,0,0,0,0,0,280589,0,0,0,1018589,738000,280589,523589
057475,聯電元大9A購01  ,0,0,0,0,0,0,0,0,0,523000,0,0,0,857000,334000,523000,523000
061290,玉晶光統一01購04,0,0,0,0,0,0,0,0,0,517000,0,0,0,536000,19000,517000,517000
006207,FH滬深          ,543000,26000,517000,0,0,0,0,0,0,-9000,0,0,0,723000,732000,-9000,508000
2841,台開            ,992000,484000,508000,0,0,0,0,0,0,0,0,0,0,0,0,0,508000
065352,GIS統一01購04   ,0,0,0,0,0,0,0,0,0,507000,0,0,0,542000,35000,507000,507000
063788,矽創統一02購01  ,0,0,0,0,0,0,0,0,0,504000,0,0,0,509000,5000,504000,504000
054072,台積電富邦98購02,0,0,0,0,0,0,0,0,0,500000,0,0,0,500000,0,500000,500000
064820,裕隆統一9C購01  ,0,0,0,0,0,0,0,0,0,499000,0,0,0,998000,499000,499000,499000
058050,台郡元大99購05  ,0,0,0,0,0,0,0,0,0,497000,0,0,0,840000,343000,497000,497000
059996,美律元富99購01  ,0,0,0,0,0,0,0,0,0,497000,0,0,0,599000,102000,497000,497000
065353,GIS統一02購03   ,0,0,0,0,0,0,0,0,0,496000,0,0,0,496000,0,496000,496000
054827,宏全元大9A購01  ,0,0,0,0,0,0,0,0,0,496000,0,0,0,1060000,564000,496000,496000
060571,京元電永豐9A購01,0,0,0,0,0,0,0,0,0,496000,0,0,0,627000,131000,496000,496000
3060,銘異            ,605000,108000,497000,0,0,0,0,0,0,-1000,0,1000,-1000,0,0,0,496000
064045,南亞科統一9C購04,0,0,0,0,0,0,0,0,0,495000,0,0,0,622000,127000,495000,495000
06629P,台灣50第一98售01,0,0,0,0,0,0,0,0,0,490000,0,0,0,568000,78000,490000,490000
064376,美律元富9C購01  ,0,0,0,0,0,0,0,0,0,490000,0,0,0,696000,206000,490000,490000
065264,亞光元大9C購02  ,0,0,0,0,0,0,0,0,0,487000,0,0,0,528000,41000,487000,487000
8926,台汽電          ,539000,56000,483000,0,0,0,0,0,0,4000,30000,5000,25000,0,21000,-21000,487000
065030,亞光兆豐9C購01  ,0,0,0,0,0,0,0,0,0,485000,0,0,0,618000,133000,485000,485000
057969,緯穎國泰99購01  ,0,0,0,0,0,0,0,0,0,485000,0,0,0,588000,103000,485000,485000
065325,亞光凱基9C購01  ,0,0,0,0,0,0,0,0,0,478000,0,0,0,478000,0,478000,478000
063893,微星群益9C購01  ,0,0,0,0,0,0,0,0,0,477000,0,0,0,524000,47000,477000,477000
063151,奇鋐元富9B購01  ,0,0,0,0,0,0,0,0,0,477000,0,0,0,572000,95000,477000,477000
056574,亞光元大99購03  ,0,0,0,0,0,0,0,0,0,476000,0,0,0,476000,0,476000,476000
060946,世紀鋼國票9A購02,0,0,0,0,0,0,0,0,0,476000,0,0,0,623000,147000,476000,476000
061762,台塑元大9B購01  ,0,0,0,0,0,0,0,0,0,473000,0,0,0,491000,18000,473000,473000
00643,群益深証中小    ,549000,13000,536000,0,0,0,0,0,0,-64000,0,0,0,75000,139000,-64000,472000
063347,祥碩統一01購03  ,0,0,0,0,0,0,0,0,0,471000,0,0,0,471000,0,471000,471000
1201,味全            ,503000,49000,454000,0,0,0,0,0,0,16000,0,0,0,16000,0,16000,470000
064051,新日興統一01購01,0,0,0,0,0,0,0,0,0,470000,0,0,0,486000,16000,470000,470000
062786,立積元大9C購03  ,0,0,0,0,0,0,0,0,0,468000,0,0,0,508000,40000,468000,468000
062215,華通統一9B購01  ,0,0,0,0,0,0,0,0,0,468000,0,0,0,914000,446000,468000,468000
062743,微星國泰01購01  ,0,0,0,0,0,0,0,0,0,465000,0,0,0,844000,379000,465000,465000
057613,瑞昱元富02購02  ,0,0,0,0,0,0,0,0,0,463000,0,0,0,526000,63000,463000,463000
059290,全新元富99購01  ,0,0,0,0,0,0,0,0,0,463000,0,0,0,937000,474000,463000,463000
058721,立積元富9C購01  ,0,0,0,0,0,0,0,0,0,462000,0,0,0,884000,422000,462000,462000
064048,大立光統一9C購07,0,0,0,0,0,0,0,0,0,462000,0,0,0,661000,199000,462000,462000
062547,玉晶光永豐9B購05,0,0,0,0,0,0,0,0,0,461000,0,0,0,567000,106000,461000,461000
05830P,滬深2X元富99售03,0,0,0,0,0,0,0,0,0,460000,0,0,0,639000,179000,460000,460000
3010,華立            ,552000,80000,472000,0,0,0,0,2000,-2000,-11000,0,11000,-11000,0,0,0,459000
065661,智原永豐9C購01  ,0,0,0,0,0,0,0,0,0,457000,0,0,0,638000,181000,457000,457000
3705,永信            ,595000,139000,456000,0,0,0,1000,0,1000,0,0,0,0,0,0,0,457000
3596,智易            ,490000,146000,344000,0,0,0,0,0,0,111871,0,1129,-1129,190000,77000,113000,455871
065150,上銀群益9C購03  ,0,0,0,0,0,0,0,0,0,455000,0,0,0,455000,0,455000,455000
063163,京元電永豐9B購01,0,0,0,0,0,0,0,0,0,455000,0,0,0,550000,95000,455000,455000
061518,達方永豐9A購02  ,0,0,0,0,0,0,0,0,0,454000,0,0,0,1131000,677000,454000,454000
065414,立積永豐9C購01  ,0,0,0,0,0,0,0,0,0,453000,0,0,0,483000,30000,453000,453000
060789,禾伸堂富邦9B購02,0,0,0,0,0,0,0,0,0,453000,0,0,0,616000,163000,453000,453000
062967,上銀元富9B購01  ,0,0,0,0,0,0,0,0,0,453000,0,0,0,539000,86000,453000,453000
064575,鈺齊群益9C購01  ,0,0,0,0,0,0,0,0,0,451000,0,0,0,451000,0,451000,451000
4108,懷特            ,522000,72000,450000,0,0,0,0,0,0,0,0,0,0,0,0,0,450000
064854,祥碩麥證9C購01  ,0,0,0,497000,48000,449000,0,0,0,449000,0,0,0,497000,48000,449000,449000
061092,可成統一9C購02  ,0,0,0,0,0,0,0,0,0,448000,0,0,0,557000,109000,448000,448000
065831,緯創凱基9C購03  ,0,0,0,0,0,0,0,0,0,447000,0,0,0,579000,132000,447000,447000
060632,可成富邦9B購01  ,0,0,0,0,0,0,0,0,0,447000,0,0,0,525000,78000,447000,447000
060566,聯詠富邦9C購01  ,0,0,0,0,0,0,0,0,0,447000,0,0,0,484000,37000,447000,447000
056404,嘉聯益群益9A購01,0,0,0,0,0,0,0,0,0,446000,0,0,0,466000,20000,446000,446000
061188,大成鋼富邦9B購01,0,0,0,0,0,0,0,0,0,446000,0,0,0,472000,26000,446000,446000
064401,台達電凱基06購01,0,0,0,0,0,0,0,0,0,446000,0,0,0,505000,59000,446000,446000
060431,復盛永豐9A購01  ,0,0,0,0,0,0,0,0,0,445000,0,0,0,446000,1000,445000,445000
062885,臻鼎兆豐9C購01  ,0,0,0,0,0,0,0,0,0,445000,0,0,0,857000,412000,445000,445000
059948,正文永豐99購01  ,0,0,0,0,0,0,0,0,0,444000,0,0,0,499000,55000,444000,444000
064977,玉晶光元大01購03,0,0,0,0,0,0,0,0,0,443000,0,0,0,533000,90000,443000,443000
062451,瀚宇博元大9B購02,0,0,0,0,0,0,0,0,0,443000,0,0,0,1082000,639000,443000,443000
063861,南亞科國泰02購01,0,0,0,0,0,0,0,0,0,442000,0,0,0,442000,0,442000,442000
065654,台表科元大9C購12,0,0,0,0,0,0,0,0,0,441000,0,0,0,620000,179000,441000,441000
060309,佳世達永豐9A購01,0,0,0,0,0,0,0,0,0,440000,0,0,0,489000,49000,440000,440000
062058,瑞昱統一01購01  ,0,0,0,0,0,0,0,0,0,439000,0,0,0,543000,104000,439000,439000
063671,GIS統一01購01   ,0,0,0,0,0,0,0,0,0,438000,0,0,0,698000,260000,438000,438000
6416,瑞祺電通        ,407000,229584,177416,0,0,0,291000,32000,259000,1000,48000,92000,-44000,113000,68000,45000,437416
058507,美律元大9A購01  ,0,0,0,0,0,0,0,0,0,437000,0,0,0,552000,115000,437000,437000
053117,大立光中信9A購02,0,0,0,0,0,0,0,0,0,436000,0,0,0,586000,150000,436000,436000
061192,奇鋐永豐9A購01  ,0,0,0,0,0,0,0,0,0,436000,0,0,0,436000,0,436000,436000
061819,茂林群益9B購01  ,0,0,0,0,0,0,0,0,0,436000,0,0,0,590000,154000,436000,436000
060265,宏達電國票9A購02,0,0,0,0,0,0,0,0,0,435000,0,0,0,499000,64000,435000,435000
062011,上銀富邦9C購01  ,0,0,0,0,0,0,0,0,0,433000,0,0,0,437000,4000,433000,433000
057720,日電貿元富98購01,0,0,0,0,0,0,0,0,0,431000,0,0,0,431000,0,431000,431000
062057,華邦電統一01購01,0,0,0,0,0,0,0,0,0,431000,0,0,0,514000,83000,431000,431000
060133,牧德群益9B購01  ,0,0,0,0,0,0,0,0,0,431000,0,0,0,556000,125000,431000,431000
9907,統一實          ,529000,98000,431000,0,0,0,0,0,0,0,0,0,0,0,0,0,431000
057154,易華電國泰99購01,0,0,0,0,0,0,0,0,0,430000,0,0,0,530000,100000,430000,430000
055877,奇鋐元富97購01  ,0,0,0,0,0,0,0,0,0,430000,0,0,0,430000,0,430000,430000
062626,台積電國票9C購04,0,0,0,0,0,0,0,0,0,430000,0,0,0,445000,15000,430000,430000
063128,智伸科元大9B購01,0,0,0,0,0,0,0,0,0,429000,0,0,0,439000,10000,429000,429000
061138,晶技統一9C購01  ,0,0,0,0,0,0,0,0,0,425000,0,0,0,601000,176000,425000,425000
2642,宅配通          ,451000,29000,422000,0,0,0,3000,0,3000,0,0,0,0,0,0,0,425000
07292P,臺股指凱基99售44,0,0,0,0,0,0,0,0,0,423000,0,0,0,455000,32000,423000,423000
064050,景碩統一01購01  ,0,0,0,0,0,0,0,0,0,422000,0,0,0,436000,14000,422000,422000
065013,矽創國泰02購01  ,0,0,0,0,0,0,0,0,0,421000,0,0,0,453000,32000,421000,421000
058584,百和群益9A購01  ,0,0,0,0,0,0,0,0,0,421000,0,0,0,421000,0,421000,421000
07032P,聯發科統一9C售02,0,0,0,0,0,0,0,0,0,420000,0,0,0,420000,0,420000,420000
1309,台達化          ,1108000,835000,273000,0,0,0,7000,0,7000,140000,140000,0,140000,0,0,0,420000
064563,全新群益02購01  ,0,0,0,0,0,0,0,0,0,420000,0,0,0,558000,138000,420000,420000
060890,大立光統一01購01,0,0,0,0,0,0,0,0,0,419000,0,0,0,575000,156000,419000,419000
00646,元大S&P500      ,0,9000,-9000,0,0,0,0,0,0,427000,0,0,0,448000,21000,427000,418000
063779,華邦電永豐9B購01,0,0,0,0,0,0,0,0,0,418000,0,0,0,441000,23000,418000,418000
065539,瑞儀統一01購01  ,0,0,0,0,0,0,0,0,0,416000,0,0,0,632000,216000,416000,416000
057992,大立光日盛98購01,0,0,0,0,0,0,0,0,0,415000,0,0,0,415000,0,415000,415000
057729,華新科國泰99購04,0,0,0,0,0,0,0,0,0,415000,0,0,0,415000,0,415000,415000
058528,世紀鋼元大99購02,0,0,0,0,0,0,0,0,0,414000,0,0,0,444000,30000,414000,414000
064684,巨大兆豐9C購01  ,0,0,0,0,0,0,0,0,0,413000,0,0,0,795000,382000,413000,413000
6505,台塑化          ,965092,522000,443092,0,0,0,0,11000,-11000,-23000,0,23000,-23000,0,0,0,409092
058479,亞光凱基9A購01  ,0,0,0,0,0,0,0,0,0,408000,0,0,0,408000,0,408000,408000
065376,京鼎元大9C購02  ,0,0,0,0,0,0,0,0,0,407000,0,0,0,1882000,1475000,407000,407000
064245,GIS統一02購02   ,0,0,0,0,0,0,0,0,0,407000,0,0,0,407000,0,407000,407000
06914P,南茂元大98售03  ,0,0,0,0,0,0,0,0,0,406000,0,0,0,406000,0,406000,406000
065379,立積元大01購01  ,0,0,0,0,0,0,0,0,0,405000,0,0,0,427000,22000,405000,405000
058666,上証反群益01購01,0,0,0,0,0,0,0,0,0,405000,0,0,0,415000,10000,405000,405000
062540,茂林國泰9C購01  ,0,0,0,0,0,0,0,0,0,404000,0,0,0,404000,0,404000,404000
062910,亞光元大9B購01  ,0,0,0,0,0,0,0,0,0,402000,0,0,0,464000,62000,402000,402000
063613,全新群益9C購01  ,0,0,0,0,0,0,0,0,0,402000,0,0,0,654000,252000,402000,402000
060503,技嘉元大9A購01  ,0,0,0,0,0,0,0,0,0,401000,0,0,0,643000,242000,401000,401000
063646,帆宣元大9B購02  ,0,0,0,0,0,0,0,0,0,401000,0,0,0,678000,277000,401000,401000
064159,新日興統一01購02,0,0,0,0,0,0,0,0,0,401000,0,0,0,425000,24000,401000,401000
063293,億豐元大9B購01  ,0,0,0,0,0,0,0,0,0,401000,0,0,0,441000,40000,401000,401000
057841,茂林富邦9A購02  ,0,0,0,0,0,0,0,0,0,400000,0,0,0,499000,99000,400000,400000
058273,同欣電永豐99購01,0,0,0,0,0,0,0,0,0,400000,0,0,0,500000,100000,400000,400000
060161,牧德永豐9A購02  ,0,0,0,0,0,0,0,0,0,400000,0,0,0,420000,20000,400000,400000
07174P,臺股指國票99售11,0,0,0,0,0,0,0,0,0,399000,0,0,0,699000,300000,399000,399000
07949P,滬深2X元大9B售04,0,0,0,0,0,0,0,0,0,398000,0,0,0,499000,101000,398000,398000
065499,京元電富邦01購01,0,0,0,0,0,0,0,0,0,398000,0,0,0,513000,115000,398000,398000
065623,瑞昱中信04購01  ,0,0,0,0,0,0,0,0,0,398000,0,0,0,487000,89000,398000,398000
065821,億豐元富03購01  ,0,0,0,0,0,0,0,0,0,398000,0,0,0,398000,0,398000,398000
061099,滬深2X元大9A購07,0,0,0,0,0,0,0,0,0,397000,0,0,0,397000,0,397000,397000
064290,GIS元大9C購04   ,0,0,0,0,0,0,0,0,0,397000,0,0,0,465000,68000,397000,397000
058774,台郡兆豐9A購01  ,0,0,0,0,0,0,0,0,0,396000,0,0,0,628000,232000,396000,396000
1312,國喬            ,878000,483000,395000,0,0,0,0,0,0,-2000,0,2000,-2000,0,0,0,393000
063666,京元電統一9C購01,0,0,0,0,0,0,0,0,0,393000,0,0,0,664000,271000,393000,393000
8213,志超            ,448000,104000,344000,0,0,0,0,3000,-3000,51000,0,0,0,51000,0,51000,392000
1305,華夏            ,635000,293000,342000,0,0,0,0,0,0,48000,48000,0,48000,0,0,0,390000
055166,台積電統一97購05,0,0,0,0,0,0,0,0,0,390000,0,0,0,1125000,735000,390000,390000
065369,瑞昱元大9C購01  ,0,0,0,0,0,0,0,0,0,389000,0,0,0,610000,221000,389000,389000
043442,大立光台新01購01,0,0,0,0,0,0,0,0,0,389000,0,0,0,389000,0,389000,389000
064112,宏碁國票01購01  ,0,0,0,0,0,0,0,0,0,388000,0,0,0,457000,69000,388000,388000
063356,台表科元富02購01,0,0,0,0,0,0,0,0,0,388000,0,0,0,504000,116000,388000,388000
064971,裕隆元大01購01  ,0,0,0,0,0,0,0,0,0,387000,0,0,0,559000,172000,387000,387000
1464,得力            ,411000,39000,372000,0,0,0,0,0,0,15000,0,0,0,15000,0,15000,387000
06934P,聯鈞元大98售03  ,0,0,0,0,0,0,0,0,0,387000,0,0,0,387000,0,387000,387000
063237,微星元大9B購02  ,30000,0,30000,0,0,0,0,0,0,357000,0,0,0,492000,135000,357000,387000
061661,京鼎永豐9A購02  ,0,0,0,0,0,0,0,0,0,386000,0,0,0,808000,422000,386000,386000
063057,祥碩統一03購01  ,0,0,0,0,0,0,0,0,0,386000,0,0,0,826000,440000,386000,386000
064189,TPK永豐9C購01   ,0,0,0,0,0,0,0,0,0,386000,0,0,0,410000,24000,386000,386000
065067,億豐群益01購01  ,0,0,0,0,0,0,0,0,0,385000,0,0,0,385000,0,385000,385000
061490,茂林兆豐9B購01  ,0,0,0,0,0,0,0,0,0,384000,0,0,0,384000,0,384000,384000
4919,新唐            ,438000,111000,327000,0,0,0,0,0,0,55075,0,5925,-5925,81000,20000,61000,382075
064147,瑞昱統一01購04  ,0,0,0,0,0,0,0,0,0,382000,0,0,0,1029000,647000,382000,382000
08206P,鴻海群益9C售03  ,0,0,0,0,0,0,0,0,0,381000,0,0,0,381000,0,381000,381000
063383,億豐永豐9B購02  ,0,0,0,0,0,0,0,0,0,381000,0,0,0,396000,15000,381000,381000
062817,富邦金兆豐9B購01,0,0,0,0,0,0,0,0,0,381000,0,0,0,482000,101000,381000,381000
060713,聯詠永豐9A購01  ,0,0,0,0,0,0,0,0,0,380000,0,0,0,550000,170000,380000,380000
06431P,新日興元大97售05,0,0,0,0,0,0,0,0,0,380000,0,0,0,400000,20000,380000,380000
2385,群光            ,1917510,1417000,500510,0,0,0,0,1000,-1000,-120000,0,6000,-6000,0,114000,-114000,379510
057276,全新元大99購03  ,0,0,0,0,0,0,0,0,0,378000,0,0,0,400000,22000,378000,378000
064743,聯詠國票01購01  ,0,0,0,0,0,0,0,0,0,378000,0,0,0,378000,0,378000,378000
063650,矽創元大9B購03  ,0,0,0,0,0,0,0,0,0,378000,0,0,0,406000,28000,378000,378000
056361,美律元大99購02  ,0,0,0,0,0,0,0,0,0,377000,0,0,0,445000,68000,377000,377000
058005,茂林群益98購04  ,0,0,0,0,0,0,0,0,0,376000,0,0,0,425000,49000,376000,376000
061418,世紀鋼群益9A購02,0,0,0,0,0,0,0,0,0,376000,0,0,0,386000,10000,376000,376000
064150,全新統一01購03  ,0,0,0,0,0,0,0,0,0,374000,0,0,0,947000,573000,374000,374000
064396,創意永豐9C購01  ,0,0,0,0,0,0,0,0,0,373000,0,0,0,581000,208000,373000,373000
062207,牧德國票9B購02  ,0,0,0,0,0,0,0,0,0,373000,0,0,0,548000,175000,373000,373000
060493,美律元富01購01  ,0,0,0,0,0,0,0,0,0,372000,0,0,0,624000,252000,372000,372000
063836,台塑元大9C購01  ,0,0,0,0,0,0,0,0,0,372000,0,0,0,445000,73000,372000,372000
065456,義隆元富9C購03  ,0,0,0,0,0,0,0,0,0,371000,0,0,0,541000,170000,371000,371000
063225,茂林群益9B購04  ,0,0,0,0,0,0,0,0,0,371000,0,0,0,371000,0,371000,371000
060677,京元電元大9A購04,0,0,0,0,0,0,0,0,0,370000,0,0,0,585000,215000,370000,370000
6197,佳必琪          ,483000,117000,366000,0,0,0,4000,0,4000,0,0,0,0,0,0,0,370000
064179,上銀富邦01購01  ,0,0,0,0,0,0,0,0,0,369000,0,0,0,428000,59000,369000,369000
064980,牧德元大01購01  ,0,0,0,0,0,0,0,0,0,367000,0,0,0,377000,10000,367000,367000
2387,精元            ,1252000,875000,377000,0,0,0,0,0,0,-10372,4000,1372,2628,41000,54000,-13000,366628
064061,GIS麥證01購01   ,0,0,0,384000,18000,366000,0,0,0,366000,0,0,0,384000,18000,366000,366000
061843,億豐凱基9C購01  ,0,0,0,0,0,0,0,0,0,365000,0,0,0,388000,23000,365000,365000
063328,京元電國票9C購02,20000,0,20000,0,0,0,0,0,0,344000,0,0,0,378000,34000,344000,364000
063449,全新統一9B購02  ,0,0,0,0,0,0,0,0,0,364000,0,0,0,1130000,766000,364000,364000
2636,台驊投控        ,495000,136000,359000,0,0,0,7000,0,7000,-2000,0,2000,-2000,0,0,0,364000
060923,全新永豐9A購01  ,0,0,0,0,0,0,0,0,0,363000,0,0,0,363000,0,363000,363000
059076,FBVIX元大99購04 ,0,0,0,0,0,0,0,0,0,363000,0,0,0,383000,20000,363000,363000
057683,技嘉日盛98購01  ,0,0,0,0,0,0,0,0,0,362000,0,0,0,483000,121000,362000,362000
058399,美律元大99購05  ,0,0,0,0,0,0,0,0,0,362000,0,0,0,451000,89000,362000,362000
059519,台郡永豐99購01  ,0,0,0,0,0,0,0,0,0,362000,0,0,0,386000,24000,362000,362000
058371,智原凱基9A購01  ,0,0,0,0,0,0,0,0,0,361000,0,0,0,499000,138000,361000,361000
057740,茂林富邦9A購01  ,0,0,0,0,0,0,0,0,0,360000,0,0,0,442000,82000,360000,360000
060363,美律元富9A購01  ,0,0,0,0,0,0,0,0,0,360000,0,0,0,492000,132000,360000,360000
063557,聚陽元大9B購01  ,0,0,0,0,0,0,0,0,0,359000,0,0,0,436000,77000,359000,359000
065682,健策統一9C購07  ,0,0,0,0,0,0,0,0,0,358000,0,0,0,476000,118000,358000,358000
056189,樺漢統一97購02  ,0,0,0,0,0,0,0,0,0,358000,0,0,0,475000,117000,358000,358000
059139,全新兆豐9A購01  ,0,0,0,0,0,0,0,0,0,358000,0,0,0,368000,10000,358000,358000
062884,康控兆豐9C購01  ,0,0,0,0,0,0,0,0,0,358000,0,0,0,595000,237000,358000,358000
064992,玉晶光兆豐01購01,0,0,0,0,0,0,0,0,0,357000,0,0,0,408000,51000,357000,357000
059524,FBVIX凱基9A購02 ,0,0,0,0,0,0,0,0,0,357000,0,0,0,362000,5000,357000,357000
6213,聯茂            ,951000,714000,237000,0,0,0,147000,0,147000,-27742,33000,57742,-24742,40000,43000,-3000,356258
060569,台積電永豐9A購01,0,0,0,0,0,0,0,0,0,356000,0,0,0,356000,0,356000,356000
060583,南亞科元富9A購05,0,0,0,0,0,0,0,0,0,356000,0,0,0,426000,70000,356000,356000
020012,富邦行動通訊N   ,0,0,0,0,0,0,0,0,0,355000,0,0,0,364000,9000,355000,355000
060051,台積電凱基9B購01,0,0,0,0,0,0,0,0,0,354000,0,0,0,461000,107000,354000,354000
1439,中和            ,371000,22000,349000,0,0,0,4000,0,4000,0,0,0,0,0,0,0,353000
064745,聯鈞國票01購01  ,0,0,0,0,0,0,0,0,0,353000,0,0,0,779000,426000,353000,353000
06748P,智邦台新98售02  ,0,0,0,0,0,0,0,0,0,350000,0,0,0,350000,0,350000,350000
061207,美律元大9A購04  ,0,0,0,0,0,0,0,0,0,350000,0,0,0,370000,20000,350000,350000
064348,TPK元大9C購03   ,0,0,0,0,0,0,0,0,0,350000,0,0,0,364000,14000,350000,350000
063738,奇鋐元大9B購03  ,0,0,0,0,0,0,0,0,0,350000,0,0,0,484000,134000,350000,350000
3443,創意            ,708900,761000,-52100,0,0,0,356000,1000,355000,47000,111000,125000,-14000,140000,79000,61000,349900
056497,GIS國泰99購01   ,0,0,0,0,0,0,0,0,0,349000,0,0,0,349000,0,349000,349000
062669,微星中信03購01  ,0,0,0,0,0,0,0,0,0,349000,0,0,0,470000,121000,349000,349000
063296,可成麥證9B購01  ,0,0,0,349000,0,349000,0,0,0,348000,0,0,0,349000,1000,348000,348000
2349,錸德            ,777000,430000,347000,0,0,0,0,0,0,0,0,0,0,0,0,0,347000
058004,大立光群益98購03,0,0,0,0,0,0,0,0,0,346000,0,0,0,350000,4000,346000,346000
056775,康控元大99購01  ,0,0,0,0,0,0,0,0,0,346000,0,0,0,445000,99000,346000,346000
3209,全科            ,347000,6000,341000,0,0,0,6000,0,6000,-1000,0,1000,-1000,0,0,0,346000
058796,可成元大99購04  ,0,0,0,0,0,0,0,0,0,345000,0,0,0,507000,162000,345000,345000
6202,盛群            ,517000,174000,343000,0,0,0,0,0,0,2000,0,3000,-3000,8000,3000,5000,345000
057112,立積群益99購01  ,0,0,0,0,0,0,0,0,0,344000,0,0,0,444000,100000,344000,344000
063434,和潤元富9B購01  ,0,0,0,0,0,0,0,0,0,344000,0,0,0,434000,90000,344000,344000
065611,嘉聯益元大9C購02,0,0,0,0,0,0,0,0,0,343000,0,0,0,560000,217000,343000,343000
064832,長榮航統一01購01,0,0,0,0,0,0,0,0,0,343000,0,0,0,343000,0,343000,343000
060194,旭富元富9A購01  ,0,0,0,0,0,0,0,0,0,343000,0,0,0,605000,262000,343000,343000
062036,致新群益9B購01  ,0,0,0,0,0,0,0,0,0,343000,0,0,0,498000,155000,343000,343000
3048,益登            ,291000,6000,285000,0,0,0,5000,0,5000,53000,53000,0,53000,0,0,0,343000
07068P,欣興台新99售01  ,0,0,0,0,0,0,0,0,0,342000,0,0,0,377000,35000,342000,342000
062972,京元電元富9B購01,0,0,0,0,0,0,0,0,0,342000,0,0,0,432000,90000,342000,342000
6191,精成科          ,541000,197000,344000,0,0,0,0,0,0,-2000,0,2000,-2000,0,0,0,342000
065478,緯創元大9C購03  ,0,0,0,0,0,0,0,0,0,341000,0,0,0,484000,143000,341000,341000
061025,創意富邦9B購01  ,0,0,0,0,0,0,0,0,0,341000,0,0,0,554000,213000,341000,341000
063452,創意統一01購01  ,0,0,0,0,0,0,0,0,0,341000,0,0,0,356000,15000,341000,341000
062653,正隆永豐9B購01  ,0,0,0,0,0,0,0,0,0,341000,0,0,0,401000,60000,341000,341000
063644,祥碩元大9B購10  ,0,0,0,0,0,0,0,0,0,341000,0,0,0,369000,28000,341000,341000
065419,立積國票01購03  ,0,0,0,0,0,0,0,0,0,340000,0,0,0,405000,65000,340000,340000
060682,牧德元大9A購03  ,0,0,0,0,0,0,0,0,0,340000,0,0,0,372000,32000,340000,340000
058009,智易國票99購01  ,0,0,0,0,0,0,0,0,0,340000,0,0,0,377000,37000,340000,340000
058768,南港兆豐99購01  ,0,0,0,0,0,0,0,0,0,339000,0,0,0,399000,60000,339000,339000
063989,大立光永豐9C購01,0,0,0,0,0,0,0,0,0,339000,0,0,0,349000,10000,339000,339000
061225,台積電中信9A購04,0,0,0,0,0,0,0,0,0,338000,0,0,0,339000,1000,338000,338000
065367,技嘉元大01購01  ,0,0,0,0,0,0,0,0,0,337000,0,0,0,752000,415000,337000,337000
061195,健策永豐9B購02  ,0,0,0,0,0,0,0,0,0,337000,0,0,0,340000,3000,337000,337000
064283,奇鋐元大9C購02  ,0,0,0,0,0,0,0,0,0,337000,0,0,0,347000,10000,337000,337000
1514,亞力            ,387000,52000,335000,0,0,0,5000,0,5000,-4000,0,4000,-4000,0,0,0,336000
061660,禾伸堂永豐9A購01,0,0,0,0,0,0,0,0,0,336000,0,0,0,346000,10000,336000,336000
059951,台塑康和99購01  ,0,0,0,0,0,0,0,0,0,336000,0,0,0,607000,271000,336000,336000
063922,大立光元富9C購04,0,0,0,0,0,0,0,0,0,336000,0,0,0,398000,62000,336000,336000
063013,技嘉元大9B購02  ,0,0,0,0,0,0,0,0,0,335000,0,0,0,517000,182000,335000,335000
056589,康控統一98購01  ,0,0,0,0,0,0,0,0,0,334000,0,0,0,334000,0,334000,334000
2492,華新科          ,773274,507000,266274,0,0,0,0,1000,-1000,68000,85000,80000,5000,121000,58000,63000,333274
065613,GIS元大9C購08   ,0,0,0,0,0,0,0,0,0,331000,0,0,0,378000,47000,331000,331000
065200,健策元富9C購04  ,0,0,0,0,0,0,0,0,0,330000,0,0,0,331000,1000,330000,330000
1304,台聚            ,435000,96000,339000,0,0,0,0,0,0,-9000,0,9000,-9000,0,0,0,330000
063678,友達國泰9C購01  ,0,0,0,0,0,0,0,0,0,330000,0,0,0,503000,173000,330000,330000
058246,帆宣元大99購01  ,0,0,0,0,0,0,0,0,0,329000,0,0,0,673000,344000,329000,329000
064453,微星統一02購01  ,0,0,0,0,0,0,0,0,0,329000,0,0,0,349000,20000,329000,329000
064183,聯茂富邦01購01  ,0,0,0,0,0,0,0,0,0,328000,0,0,0,329000,1000,328000,328000
6214,精誠            ,311000,21000,290000,0,0,0,0,0,0,37000,38000,1000,37000,0,0,0,327000
056211,南港國票98購01  ,0,0,0,0,0,0,0,0,0,326000,0,0,0,420000,94000,326000,326000
062281,奇鋐群益9B購01  ,0,0,0,0,0,0,0,0,0,326000,0,0,0,441000,115000,326000,326000
2352,佳世達          ,775000,343000,432000,0,0,0,0,11000,-11000,-96000,20000,48000,-28000,0,68000,-68000,325000
08550P,台灣50群益02售04,0,0,0,0,0,0,0,0,0,324000,0,0,0,324000,0,324000,324000
062869,帆宣中信9B購01  ,0,0,0,0,0,0,0,0,0,324000,0,0,0,669000,345000,324000,324000
062875,瑞昱兆豐9C購01  ,0,0,0,0,0,0,0,0,0,324000,0,0,0,325000,1000,324000,324000
064070,祥碩永豐9C購01  ,0,0,0,0,0,0,0,0,0,324000,0,0,0,353000,29000,324000,324000
08106P,聯發科統一9B售09,0,0,0,0,0,0,0,0,0,323000,0,0,0,323000,0,323000,323000
056939,康控元富98購01  ,0,0,0,0,0,0,0,0,0,323000,0,0,0,511000,188000,323000,323000
063180,台塑凱基9B購01  ,0,0,0,0,0,0,0,0,0,323000,0,0,0,422000,99000,323000,323000
3413,京鼎            ,827000,515058,311942,0,0,0,0,0,0,11000,88000,50000,38000,65000,92000,-27000,322942
1708,東鹼            ,330000,8000,322000,0,0,0,0,0,0,0,0,0,0,0,0,0,322000
056543,京鼎凱基98購01  ,0,0,0,0,0,0,0,0,0,322000,0,0,0,418000,96000,322000,322000
063624,GIS兆豐9B購01   ,0,0,0,0,0,0,0,0,0,322000,0,0,0,437000,115000,322000,322000
3605,宏致            ,531000,209000,322000,0,0,0,0,0,0,0,0,0,0,0,0,0,322000
8021,尖點            ,348000,23000,325000,0,0,0,0,3000,-3000,0,0,0,0,0,0,0,322000
06725P,聯電元富98售01  ,0,0,0,0,0,0,0,0,0,321000,0,0,0,385000,64000,321000,321000
060700,華新科國泰9C購01,0,0,0,0,0,0,0,0,0,321000,0,0,0,502000,181000,321000,321000
07023P,南電永豐99售02  ,0,0,0,0,0,0,0,0,0,320000,0,0,0,320000,0,320000,320000
06854P,鴻海富邦99售05  ,0,0,0,0,0,0,0,0,0,320000,0,0,0,710000,390000,320000,320000
058901,美律元大99購07  ,0,0,0,0,0,0,0,0,0,319000,0,0,0,362000,43000,319000,319000
063089,巨大凱基9C購01  ,0,0,0,0,0,0,0,0,0,319000,0,0,0,500000,181000,319000,319000
053797,台積電中信98購01,0,0,0,0,0,0,0,0,0,318000,0,0,0,788000,470000,318000,318000
060191,亞光元富9A購02  ,0,0,0,0,0,0,0,0,0,318000,0,0,0,438000,120000,318000,318000
062060,奇鋐統一9C購01  ,0,0,0,0,0,0,0,0,0,317000,0,0,0,532000,215000,317000,317000
064807,義隆元大9C購03  ,0,28000,-28000,0,0,0,0,0,0,344000,0,0,0,653000,309000,344000,316000
063136,智邦統一9B購02  ,0,0,0,0,0,0,0,0,0,316000,0,0,0,1434000,1118000,316000,316000
059039,致伸群益99購01  ,0,0,0,0,0,0,0,0,0,315000,0,0,0,315000,0,315000,315000
07874P,長榮航群益9B售01,0,0,0,0,0,0,0,0,0,314000,0,0,0,314000,0,314000,314000
064149,美律統一02購01  ,0,0,0,0,0,0,0,0,0,314000,0,0,0,919000,605000,314000,314000
055652,聯詠元富01購01  ,0,0,0,0,0,0,0,0,0,313000,0,0,0,399000,86000,313000,313000
3535,晶彩科          ,398000,86000,312000,0,0,0,0,0,0,0,0,0,0,0,0,0,312000
1227,佳格            ,961357,647000,314357,0,0,0,0,3000,-3000,0,2000,2000,0,0,0,0,311357
064146,瑞昱統一01購03  ,0,0,0,0,0,0,0,0,0,311000,0,0,0,384000,73000,311000,311000
07287P,全新群益9B售01  ,0,0,0,0,0,0,0,0,0,310000,0,0,0,310000,0,310000,310000
045873,元油2X元富98購04,0,0,0,0,0,0,0,0,0,310000,0,0,0,310000,0,310000,310000
061657,智原國票9A購01  ,0,0,0,0,0,0,0,0,0,310000,0,0,0,487000,177000,310000,310000
062654,技嘉永豐9B購01  ,0,0,0,0,0,0,0,0,0,310000,0,0,0,364000,54000,310000,310000
065573,新日興群益01購02,0,0,0,0,0,0,0,0,0,309000,0,0,0,321000,12000,309000,309000
060916,金像電國泰9C購01,0,0,0,0,0,0,0,0,0,309000,0,0,0,402000,93000,309000,309000
1773,勝一            ,441000,149000,292000,0,0,0,1000,0,1000,15000,15000,0,15000,0,0,0,308000
060924,大毅永豐9A購03  ,0,0,0,0,0,0,0,0,0,308000,0,0,0,321000,13000,308000,308000
3040,遠見            ,406000,152000,254000,0,0,0,3000,0,3000,51000,0,0,0,51000,0,51000,308000
053292,美律中信98購01  ,0,0,0,0,0,0,0,0,0,307000,0,0,0,383000,76000,307000,307000
058369,亞光凱基99購02  ,0,0,0,0,0,0,0,0,0,307000,0,0,0,307000,0,307000,307000
058108,台郡台新99購01  ,0,0,0,0,0,0,0,0,0,307000,0,0,0,327000,20000,307000,307000
062466,FBVIX凱基9B購01 ,0,0,0,0,0,0,0,0,0,307000,0,0,0,317000,10000,307000,307000
9955,佳龍            ,356000,49000,307000,0,0,0,0,0,0,0,0,0,0,0,0,0,307000
063921,大立光元富9C購03,0,0,0,0,0,0,0,0,0,306000,0,0,0,337000,31000,306000,306000
064720,長榮航統一02購01,0,0,0,0,0,0,0,0,0,306000,0,0,0,306000,0,306000,306000
07122P,欣興凱基99售05  ,0,0,0,0,0,0,0,0,0,305000,0,0,0,375000,70000,305000,305000
056480,京鼎元大98購02  ,0,0,0,0,0,0,0,0,0,305000,0,0,0,369000,64000,305000,305000
064450,致茂統一01購01  ,0,0,0,0,0,0,0,0,0,305000,0,0,0,559000,254000,305000,305000
1229,聯華            ,653000,346470,306530,0,0,0,2000,0,2000,-4000,0,4000,-4000,0,0,0,304530
056605,台積電富邦9B購02,0,0,0,0,0,0,0,0,0,303000,0,0,0,388000,85000,303000,303000
057231,美律凱基98購05  ,0,0,0,0,0,0,0,0,0,303000,0,0,0,470000,167000,303000,303000
061799,奇鋐永豐9B購01  ,0,0,0,0,0,0,0,0,0,303000,0,0,0,420000,117000,303000,303000
062877,可成兆豐9C購01  ,0,0,0,0,0,0,0,0,0,303000,0,0,0,309000,6000,303000,303000
020000,富邦特選蘋果N   ,0,0,0,0,0,0,0,0,0,302000,0,0,0,302000,0,302000,302000
00674R,元大S&P黃金反1  ,0,0,0,0,0,0,0,0,0,302000,0,0,0,544000,242000,302000,302000
058873,美律國票9A購02  ,0,0,0,0,0,0,0,0,0,302000,0,0,0,302000,0,302000,302000
058361,美律凱基99購06  ,0,0,0,0,0,0,0,0,0,301000,0,0,0,335000,34000,301000,301000
062874,微星兆豐9B購01  ,0,0,0,0,0,0,0,0,0,301000,0,0,0,397000,96000,301000,301000
064461,致伸統一01購01  ,0,0,0,0,0,0,0,0,0,301000,0,0,0,357000,56000,301000,301000
2207,和泰車          ,554261,276000,278261,0,0,0,5000,0,5000,17000,19000,2000,17000,0,0,0,300261
07100P,華航元大99售01  ,0,0,0,0,0,0,0,0,0,300000,0,0,0,300000,0,300000,300000
052969,建準群益97購01  ,0,0,0,0,0,0,0,0,0,300000,0,0,0,300000,0,300000,300000
057280,大立光元大98購15,0,0,0,0,0,0,0,0,0,300000,0,0,0,300000,0,300000,300000
057536,康控元大99購03  ,0,0,0,0,0,0,0,0,0,300000,0,0,0,303000,3000,300000,300000
057492,大立光元大98購18,0,0,0,0,0,0,0,0,0,300000,0,0,0,300000,0,300000,300000
059375,道瓊反群益9C購02,0,0,0,0,0,0,0,0,0,300000,0,0,0,300000,0,300000,300000
065694,國巨群益9C購19  ,0,0,0,0,0,0,0,0,0,299000,0,0,0,331000,32000,299000,299000
056492,全新國泰9A購01  ,0,0,0,0,0,0,0,0,0,299000,0,0,0,316000,17000,299000,299000
059778,上証2X元大9C購03,0,0,0,0,0,0,0,0,0,299000,0,0,0,299000,0,299000,299000
063440,上銀統一01購02  ,0,0,0,0,0,0,0,0,0,299000,0,0,0,315000,16000,299000,299000
064815,台表科元大01購01,0,0,0,0,0,0,0,0,0,298000,0,0,0,367000,69000,298000,298000
065261,技嘉元大9C購03  ,0,0,0,0,0,0,0,0,0,298000,0,0,0,708000,410000,298000,298000
059902,滬深2X元大9C購08,0,0,0,0,0,0,0,0,0,298000,0,0,0,298000,0,298000,298000
061673,仁寶元大9B購01  ,0,0,0,0,0,0,0,0,0,298000,0,0,0,756000,458000,298000,298000
08077P,亞德客國票9B售02,0,0,0,0,0,0,0,0,0,297000,0,0,0,441000,144000,297000,297000
063900,GIS群益9C購03   ,0,0,0,0,0,0,0,0,0,297000,0,0,0,297000,0,297000,297000
07966P,瑞祺群益9B售02  ,0,0,0,0,0,0,0,0,0,296000,0,0,0,298000,2000,296000,296000
062975,京鼎元富9B購01  ,0,0,0,0,0,0,0,0,0,296000,0,0,0,1180000,884000,296000,296000
057883,中環群益98購01  ,0,0,0,0,0,0,0,0,0,295000,0,0,0,295000,0,295000,295000
060364,奇力新元富9A購01,0,0,0,0,0,0,0,0,0,295000,0,0,0,319000,24000,295000,295000
064560,技嘉群益01購01  ,0,0,0,0,0,0,0,0,0,295000,0,0,0,295000,0,295000,295000
2103,台橡            ,454000,155000,299000,0,0,0,0,0,0,-4000,0,4000,-4000,0,0,0,295000
1477,聚陽            ,531000,193000,338000,0,0,0,0,135000,-135000,91000,15000,45000,-30000,150000,29000,121000,294000
065091,亞光元大9C購01  ,0,0,0,0,0,0,0,0,0,291000,0,0,0,371000,80000,291000,291000
052142,滬深2X群益99購04,0,0,0,0,0,0,0,0,0,290000,0,0,0,300000,10000,290000,290000
064079,英業達中信9C購01,0,0,0,0,0,0,0,0,0,290000,0,0,0,580000,290000,290000,290000
053537,玉晶光永豐98購02,0,0,0,0,0,0,0,0,0,289000,0,0,0,365000,76000,289000,289000
064104,TPK群益9C購02   ,0,0,0,0,0,0,0,0,0,289000,0,0,0,347000,58000,289000,289000
064752,台達電凱基01購01,0,0,0,0,0,0,0,0,0,289000,0,0,0,427000,138000,289000,289000
058750,緯穎凱基9A購03  ,0,0,0,0,0,0,0,0,0,288000,0,0,0,315000,27000,288000,288000
056320,京鼎群益99購01  ,0,0,0,0,0,0,0,0,0,287000,0,0,0,478000,191000,287000,287000
063959,GIS元大9C購02   ,0,0,0,0,0,0,0,0,0,287000,0,0,0,436000,149000,287000,287000
057955,技嘉元大98購07  ,0,0,0,0,0,0,0,0,0,286000,0,0,0,425000,139000,286000,286000
054354,技嘉富邦97購01  ,0,0,0,0,0,0,0,0,0,286000,0,0,0,296000,10000,286000,286000
2208,台船            ,345000,56000,289000,0,0,0,0,0,0,-3000,0,3000,-3000,0,0,0,286000
2340,光磊            ,389000,131000,258000,0,0,0,0,0,0,27750,0,1250,-1250,29000,0,29000,285750
063305,亞光凱基9B購01  ,0,0,0,0,0,0,0,0,0,285000,0,0,0,389000,104000,285000,285000
2609,陽明            ,369000,84000,285000,0,0,0,0,0,0,0,0,0,0,0,0,0,285000
065370,瑞昱元大9C購02  ,0,0,0,0,0,0,0,0,0,284000,0,0,0,376000,92000,284000,284000
058714,美律統一9B購01  ,0,0,0,0,0,0,0,0,0,284000,0,0,0,806000,522000,284000,284000
065132,臻鼎兆豐01購01  ,0,0,0,0,0,0,0,0,0,283000,0,0,0,293000,10000,283000,283000
065457,旭富元富03購01  ,0,0,0,0,0,0,0,0,0,283000,0,0,0,642000,359000,283000,283000
00730,富邦臺灣優質高息,4000,4000,0,0,0,0,0,0,0,283000,0,0,0,529000,246000,283000,283000
063663,台光電統一9C購01,0,0,0,0,0,0,0,0,0,283000,0,0,0,385000,102000,283000,283000
062480,茂林國票9B購01  ,0,0,0,0,0,0,0,0,0,282000,0,0,0,387000,105000,282000,282000
063818,矽創群益9C購01  ,0,0,0,0,0,0,0,0,0,281000,0,0,0,336000,55000,281000,281000
064566,大立光群益9C購04,0,0,0,0,0,0,0,0,0,281000,0,0,0,347000,66000,281000,281000
058929,可成統一9C購01  ,0,0,0,0,0,0,0,0,0,280000,0,0,0,312000,32000,280000,280000
062702,可成元大9C購01  ,0,0,0,0,0,0,0,0,0,280000,0,0,0,294000,14000,280000,280000
06690P,玉晶光群益9A售05,0,0,0,0,0,0,0,0,0,279000,0,0,0,307000,28000,279000,279000
06950P,鴻海統一9B售02  ,0,0,0,0,0,0,0,0,0,279000,0,0,0,279000,0,279000,279000
055998,臺股指富邦99購01,0,0,0,0,0,0,0,0,0,279000,0,0,0,279000,0,279000,279000
058103,台積電永豐98購06,0,0,0,0,0,0,0,0,0,279000,0,0,0,290000,11000,279000,279000
062189,康控元大9B購02  ,0,0,0,0,0,0,0,0,0,279000,0,0,0,422000,143000,279000,279000
064766,矽創凱基9C購01  ,0,0,0,0,0,0,0,0,0,279000,0,0,0,284000,5000,279000,279000
063933,TPK統一01購01   ,0,0,0,0,0,0,0,0,0,279000,0,0,0,286000,7000,279000,279000
060437,宏全永豐9A購01  ,0,0,0,0,0,0,0,0,0,278000,0,0,0,613000,335000,278000,278000
062797,瑞昱統一9B購01  ,0,0,0,0,0,0,0,0,0,277000,0,0,0,305000,28000,277000,277000
056113,新日興兆豐98購01,0,0,0,0,0,0,0,0,0,276000,0,0,0,276000,0,276000,276000
061625,聯茂群益9A購02  ,0,0,0,0,0,0,0,0,0,276000,0,0,0,327000,51000,276000,276000
059018,滬深2X統一9A購01,0,0,0,0,0,0,0,0,0,276000,0,0,0,326000,50000,276000,276000
065082,台光電元大9C購04,0,0,0,0,0,0,0,0,0,275000,0,0,0,493000,218000,275000,275000
065663,凌華永豐9C購01  ,0,0,0,0,0,0,0,0,0,274000,0,0,0,274000,0,274000,274000
1103,嘉泥            ,319000,44000,275000,0,0,0,0,0,0,-1000,0,1000,-1000,0,0,0,274000
060052,宏碁凱基99購01  ,0,0,0,0,0,0,0,0,0,274000,0,0,0,315000,41000,274000,274000
062159,聯詠凱基9B購01  ,0,0,0,0,0,0,0,0,0,272000,0,0,0,280000,8000,272000,272000
2493,揚博            ,303000,57000,246000,0,0,0,2000,0,2000,24000,26000,2000,24000,0,0,0,272000
061474,瑞昱元大9A購04  ,0,0,0,0,0,0,0,0,0,271000,0,0,0,286000,15000,271000,271000
055265,玉晶光永豐98購03,0,0,0,0,0,0,0,0,0,270000,0,0,0,497000,227000,270000,270000
059991,超眾元大9A購02  ,0,0,0,0,0,0,0,0,0,270000,0,0,0,270000,0,270000,270000
062026,華邦電群益9B購01,0,0,0,0,0,0,0,0,0,270000,0,0,0,280000,10000,270000,270000
061600,聯電凱基9B購01  ,0,0,0,0,0,0,0,0,0,270000,0,0,0,411000,141000,270000,270000
064286,TPK元大9C購02   ,0,0,0,0,0,0,0,0,0,270000,0,0,0,471000,201000,270000,270000
058523,聯茂元大99購08  ,0,0,0,0,0,0,0,0,0,269000,0,0,0,269000,0,269000,269000
065458,立積元富03購02  ,0,0,0,0,0,0,0,0,0,268000,0,0,0,459000,191000,268000,268000
064331,微星元大9C購03  ,0,0,0,0,0,0,0,0,0,268000,0,0,0,428000,160000,268000,268000
063955,TPK元大9C購01   ,0,0,0,0,0,0,0,0,0,268000,0,0,0,282000,14000,268000,268000
062460,京鼎群益9C購01  ,0,0,0,0,0,0,0,0,0,268000,0,0,0,558000,290000,268000,268000
062360,華邦電元大9B購01,0,0,0,0,0,0,0,0,0,268000,0,0,0,490000,222000,268000,268000
065374,義隆元大9C購07  ,0,0,0,0,0,0,0,0,0,267000,0,0,0,631000,364000,267000,267000
064698,致伸群益9C購01  ,0,0,0,0,0,0,0,0,0,267000,0,0,0,267000,0,267000,267000
9914,美利達          ,592000,620000,-28000,0,0,0,298000,20000,278000,17000,20000,3000,17000,0,0,0,267000
064932,緯穎統一01購04  ,0,0,0,0,0,0,0,0,0,266000,0,0,0,323000,57000,266000,266000
00651R,FH香港反1       ,0,0,0,0,0,0,0,0,0,266000,0,0,0,1774000,1508000,266000,266000
060862,美律永豐9A購01  ,0,0,0,0,0,0,0,0,0,266000,0,0,0,464000,198000,266000,266000
063769,玉晶光國泰02購01,0,0,0,0,0,0,0,0,0,266000,0,0,0,268000,2000,266000,266000
062647,南電國泰9C購02  ,0,0,0,0,0,0,0,0,0,266000,0,0,0,390000,124000,266000,266000
062906,全新元大9B購03  ,0,0,0,0,0,0,0,0,0,266000,0,0,0,504000,238000,266000,266000
064954,奇鋐凱基9C購01  ,0,0,0,0,0,0,0,0,0,265000,0,0,0,378000,113000,265000,265000
065791,牧德永豐9C購03  ,0,0,0,0,0,0,0,0,0,265000,0,0,0,266000,1000,265000,265000
059140,大立光兆豐9A購02,0,0,0,0,0,0,0,0,0,265000,0,0,0,294000,29000,265000,265000
059995,南亞科元富99購01,0,0,0,0,0,0,0,0,0,265000,0,0,0,513000,248000,265000,265000
062804,玉晶光統一9C購04,0,0,0,0,0,0,0,0,0,265000,0,0,0,282000,17000,265000,265000
057085,立積統一9B購02  ,0,0,0,0,0,0,0,0,0,264000,0,0,0,832000,568000,264000,264000
057887,智原群益98購04  ,0,0,0,0,0,0,0,0,0,264000,0,0,0,387000,123000,264000,264000
063782,致新永豐9B購02  ,0,0,0,0,0,0,0,0,0,264000,0,0,0,332000,68000,264000,264000
2906,高林            ,532000,268000,264000,0,0,0,0,0,0,0,0,0,0,0,0,0,264000
063271,中磊兆豐9C購01  ,0,0,0,0,0,0,0,0,0,263000,0,0,0,410000,147000,263000,263000
058553,合勤控永豐99購01,0,0,0,0,0,0,0,0,0,262000,0,0,0,292000,30000,262000,262000
057049,新日興元大98購02,0,0,0,0,0,0,0,0,0,261000,0,0,0,381000,120000,261000,261000
063126,TPK元大9B購01   ,0,0,0,0,0,0,0,0,0,261000,0,0,0,298000,37000,261000,261000
062679,技嘉統一01購01  ,0,0,0,0,0,0,0,0,0,261000,0,0,0,745000,484000,261000,261000
2820,華票            ,405000,105000,300000,0,0,0,0,23000,-23000,-16000,0,16000,-16000,0,0,0,261000
3515,華擎            ,244000,193000,51000,0,0,0,30000,0,30000,180000,151000,0,151000,86000,57000,29000,261000
060154,堤維西永豐9A購01,0,0,0,0,0,0,0,0,0,260000,0,0,0,260000,0,260000,260000
061372,世紀鋼國泰9C購01,0,0,0,0,0,0,0,0,0,260000,0,0,0,377000,117000,260000,260000
064302,美律兆豐01購01  ,0,0,0,0,0,0,0,0,0,260000,0,0,0,515000,255000,260000,260000
055817,京鼎國票99購01  ,0,0,0,0,0,0,0,0,0,258000,0,0,0,515000,257000,258000,258000
063488,金像電國泰01購01,0,0,0,0,0,0,0,0,0,258000,0,0,0,344000,86000,258000,258000
065437,台表科凱基9C購03,0,0,0,0,0,0,0,0,0,257000,0,0,0,257000,0,257000,257000
061414,牧德群益9B購02  ,0,0,0,0,0,0,0,0,0,257000,0,0,0,257000,0,257000,257000
058838,國巨中信99購03  ,0,0,0,0,0,0,0,0,0,257000,0,0,0,257000,0,257000,257000
065283,台積電群益01購01,0,0,0,0,0,0,0,0,0,256000,0,0,0,312000,56000,256000,256000
058308,全新元大9B購01  ,0,0,0,0,0,0,0,0,0,255000,0,0,0,255000,0,255000,255000
064251,緯創元富9C購01  ,0,0,0,0,0,0,0,0,0,255000,0,0,0,316000,61000,255000,255000
064153,中壽統一9C購01  ,0,0,0,0,0,0,0,0,0,255000,0,0,0,734000,479000,255000,255000
065481,臻鼎元大9C購04  ,0,0,0,0,0,0,0,0,0,253000,0,0,0,493000,240000,253000,253000
058677,矽格群益99購01  ,0,0,0,0,0,0,0,0,0,253000,0,0,0,323000,70000,253000,253000
058614,台郡元大9A購01  ,0,0,0,0,0,0,0,0,0,253000,0,0,0,749000,496000,253000,253000
064334,可成元大01購01  ,0,0,0,0,0,0,0,0,0,253000,0,0,0,348000,95000,253000,253000
063258,緯穎國泰9C購01  ,0,0,0,0,0,0,0,0,0,253000,0,0,0,268000,15000,253000,253000
07055P,景碩群益9A售02  ,0,0,0,0,0,0,0,0,0,252000,0,0,0,282000,30000,252000,252000
057713,美律統一99購01  ,0,0,0,0,0,0,0,0,0,252000,0,0,0,252000,0,252000,252000
061717,力成凱基9B購01  ,0,0,0,0,0,0,0,0,0,252000,0,0,0,440000,188000,252000,252000
062313,聯詠凱基9C購01  ,0,0,0,0,0,0,0,0,0,252000,0,0,0,308000,56000,252000,252000
064468,健策元富9C購02  ,0,0,0,0,0,0,0,0,0,252000,0,0,0,312000,60000,252000,252000
063849,奇鋐元大9C購01  ,0,0,0,0,0,0,0,0,0,252000,0,0,0,319000,67000,252000,252000
064839,旭富統一9C購01  ,0,0,0,0,0,0,0,0,0,251000,0,0,0,567000,316000,251000,251000
057087,台郡統一99購01  ,0,0,0,0,0,0,0,0,0,251000,0,0,0,563000,312000,251000,251000
006208,富邦台50        ,0,0,0,0,0,0,0,0,0,251000,0,0,0,299000,48000,251000,251000
059942,全新永豐99購04  ,0,0,0,0,0,0,0,0,0,251000,0,0,0,261000,10000,251000,251000
063817,GIS群益9C購01   ,0,0,0,0,0,0,0,0,0,251000,0,0,0,407000,156000,251000,251000
2426,鼎元            ,270000,19000,251000,0,0,0,0,0,0,0,0,0,0,0,0,0,251000
053040,全新凱基98購01  ,0,0,0,0,0,0,0,0,0,250000,0,0,0,250000,0,250000,250000
055291,京鼎元大97購02  ,0,0,0,0,0,0,0,0,0,250000,0,0,0,250000,0,250000,250000
061903,宏全永豐9B購01  ,0,0,0,0,0,0,0,0,0,250000,0,0,0,664000,414000,250000,250000
063137,瑞昱統一01購02  ,0,0,0,0,0,0,0,0,0,250000,0,0,0,250000,0,250000,250000
2104,國際中橡        ,536000,469000,67000,0,0,0,0,0,0,183000,0,0,0,201000,18000,183000,250000
2535,達欣工          ,234000,10000,224000,0,0,0,0,3000,-3000,29000,30000,1000,29000,0,0,0,250000
00753L,中信中國50正2   ,781000,0,781000,0,0,0,0,0,0,-532000,0,0,0,579000,1111000,-532000,249000
057179,可成元大98購04  ,0,0,0,0,0,0,0,0,0,249000,0,0,0,259000,10000,249000,249000
063110,牧德兆豐9B購01  ,0,0,0,0,0,0,0,0,0,249000,0,0,0,260000,11000,249000,249000
053013,台積電統一97購01,0,0,0,0,0,0,0,0,0,248000,0,0,0,248000,0,248000,248000
063048,聯詠兆豐9B購01  ,0,0,0,0,0,0,0,0,0,248000,0,0,0,402000,154000,248000,248000
00669R,國泰美國道瓊反1 ,0,7000,-7000,0,0,0,0,0,0,254000,0,0,0,1176000,922000,254000,247000
056870,全新日盛9A購01  ,0,0,0,0,0,0,0,0,0,247000,0,0,0,267000,20000,247000,247000
064492,技嘉元大9C購01  ,0,0,0,0,0,0,0,0,0,247000,0,0,0,595000,348000,247000,247000
2461,光群雷          ,317000,69000,248000,0,0,0,0,0,0,-1000,0,1000,-1000,0,0,0,247000
064817,鈺齊元大9C購02  ,0,0,0,0,0,0,0,0,0,246000,0,0,0,250000,4000,246000,246000
065606,可成元大01購05  ,10000,0,10000,0,0,0,0,0,0,236000,0,0,0,539000,303000,236000,246000
061634,遠東新元大9A購01,0,0,0,0,0,0,0,0,0,246000,0,0,0,683000,437000,246000,246000
059950,百和永豐99購02  ,0,0,0,0,0,0,0,0,0,246000,0,0,0,284000,38000,246000,246000
063829,晶技國票01購01  ,0,0,0,0,0,0,0,0,0,246000,0,0,0,247000,1000,246000,246000
063402,GIS群益9B購02   ,0,0,0,0,0,0,0,0,0,246000,0,0,0,309000,63000,246000,246000
062171,中磊永豐9B購01  ,0,0,0,0,0,0,0,0,0,246000,0,0,0,300000,54000,246000,246000
062720,南亞科凱基9B購03,0,0,0,0,0,0,0,0,0,245000,0,0,0,273000,28000,245000,245000
065025,健策永豐9C購02  ,0,0,0,0,0,0,0,0,0,244000,0,0,0,246000,2000,244000,244000
065342,華邦電統一02購01,0,0,0,0,0,0,0,0,0,244000,0,0,0,380000,136000,244000,244000
065210,健策國票01購03  ,0,0,0,0,0,0,0,0,0,244000,0,0,0,279000,35000,244000,244000
062527,美律統一01購01  ,0,0,0,0,0,0,0,0,0,244000,0,0,0,559000,315000,244000,244000
3006,晶豪科          ,625000,788000,-163000,0,0,0,0,1000,-1000,408000,168000,6000,162000,439000,193000,246000,244000
058586,鴻海中信01購02  ,0,0,0,0,0,0,0,0,0,243000,0,0,0,276000,33000,243000,243000
059297,大立光元富9C購01,0,0,0,0,0,0,0,0,0,242000,0,0,0,319000,77000,242000,242000
062539,可成國泰01購01  ,0,0,0,0,0,0,0,0,0,242000,0,0,0,452000,210000,242000,242000
063268,GIS中信9B購01   ,0,0,0,0,0,0,0,0,0,242000,0,0,0,264000,22000,242000,242000
063197,遠東新統一9C購01,0,0,0,0,0,0,0,0,0,242000,0,0,0,398000,156000,242000,242000
065746,光寶科元大9C購01,0,0,0,0,0,0,0,0,0,241000,0,0,0,255000,14000,241000,241000
6196,帆宣            ,1214000,1130000,84000,0,0,0,0,0,0,157000,259000,14000,245000,63000,151000,-88000,241000
08244P,同欣電凱基9C售03,0,0,0,0,0,0,0,0,0,240000,0,0,0,240000,0,240000,240000
08338P,台灣50凱基9C售11,0,0,0,0,0,0,0,0,0,239000,0,0,0,479000,240000,239000,239000
054468,台郡凱基98購01  ,0,0,0,0,0,0,0,0,0,239000,0,0,0,243000,4000,239000,239000
063226,康控群益9B購03  ,0,0,0,0,0,0,0,0,0,239000,0,0,0,289000,50000,239000,239000
063290,GIS元大9B購02   ,0,0,0,0,0,0,0,0,0,239000,0,0,0,281000,42000,239000,239000
064099,億光群益9C購01  ,0,0,0,0,0,0,0,0,0,239000,0,0,0,290000,51000,239000,239000
064462,致伸統一02購01  ,0,0,0,0,0,0,0,0,0,239000,0,0,0,249000,10000,239000,239000
064564,義隆群益9C購02  ,0,0,0,0,0,0,0,0,0,239000,0,0,0,573000,334000,239000,239000
065434,台勝科凱基01購01,0,0,0,0,0,0,0,0,0,238000,0,0,0,240000,2000,238000,238000
055030,帆宣國泰99購02  ,0,0,0,0,0,0,0,0,0,238000,0,0,0,244000,6000,238000,238000
064242,TPK統一02購01   ,0,0,0,0,0,0,0,0,0,238000,0,0,0,273000,35000,238000,238000
063846,智邦元大9C購01  ,0,0,0,0,0,0,0,0,0,238000,0,0,0,476000,238000,238000,238000
8104,錸寶            ,340000,102000,238000,0,0,0,0,0,0,0,0,0,0,0,0,0,238000
064940,智伸科元富9C購01,0,0,0,0,0,0,0,0,0,237000,0,0,0,297000,60000,237000,237000
01003T,兆豐新光R1      ,243000,6000,237000,0,0,0,0,0,0,0,0,0,0,0,0,0,237000
058428,大立光元富99購02,0,0,0,0,0,0,0,0,0,237000,0,0,0,244000,7000,237000,237000
063432,金寶元富9B購01  ,0,0,0,0,0,0,0,0,0,237000,0,0,0,283000,46000,237000,237000
062548,智易永豐9B購01  ,0,0,0,0,0,0,0,0,0,237000,0,0,0,237000,0,237000,237000
06025P,臺股指元大99售02,0,0,0,0,0,0,0,0,0,236000,0,0,0,346000,110000,236000,236000
058251,百和元大99購03  ,0,0,0,0,0,0,0,0,0,236000,0,0,0,236000,0,236000,236000
062163,大毅國泰01購01  ,0,0,0,0,0,0,0,0,0,236000,0,0,0,458000,222000,236000,236000
8131,福懋科          ,97000,19000,78000,0,0,0,176000,3000,173000,-15000,0,12000,-12000,11000,14000,-3000,236000
065087,可成元大9C購08  ,0,0,0,0,0,0,0,0,0,235000,0,0,0,289000,54000,235000,235000
057813,京元電元大98購03,0,0,0,0,0,0,0,0,0,235000,0,0,0,396000,161000,235000,235000
060124,奇力新永豐99購03,0,0,0,0,0,0,0,0,0,235000,0,0,0,235000,0,235000,235000
064197,智伸科群益9C購01,0,0,0,0,0,0,0,0,0,235000,0,0,0,303000,68000,235000,235000
054819,裕民元大9A購01  ,0,0,0,0,0,0,0,0,0,234000,0,0,0,299000,65000,234000,234000
060896,晶技凱基9A購02  ,0,0,0,0,0,0,0,0,0,234000,0,0,0,323000,89000,234000,234000
062610,啟碁凱基9B購01  ,0,0,0,0,0,0,0,0,0,234000,0,0,0,297000,63000,234000,234000
061584,勤誠元大9A購01  ,0,0,0,0,0,0,0,0,0,233000,0,0,0,300000,67000,233000,233000
062987,祥碩中信01購01  ,0,0,0,0,0,0,0,0,0,233000,0,0,0,253000,20000,233000,233000
063915,祥碩凱基01購01  ,0,0,0,0,0,0,0,0,0,233000,0,0,0,283000,50000,233000,233000
064296,奇鋐國票01購01  ,0,0,0,0,0,0,0,0,0,232000,0,0,0,302000,70000,232000,232000
064613,聯電元大9C購05  ,0,0,0,0,0,0,0,0,0,232000,0,0,0,355000,123000,232000,232000
8422,可寧衛          ,273000,19000,254000,0,0,0,32000,0,32000,-54000,1000,55000,-54000,0,0,0,232000
2637,慧洋-KY         ,419000,177000,242000,0,0,0,0,0,0,-10000,0,10000,-10000,0,0,0,232000
065558,嘉聯益凱基9C購02,0,0,0,0,0,0,0,0,0,231000,0,0,0,394000,163000,231000,231000
056133,可成元大97購05  ,0,0,0,0,0,0,0,0,0,231000,0,0,0,300000,69000,231000,231000
08441P,同欣電元富9C售01,0,0,0,0,0,0,0,0,0,230000,0,0,0,312000,82000,230000,230000
07544P,大立光凱基9A售09,0,0,0,0,0,0,0,0,0,230000,0,0,0,230000,0,230000,230000
054894,GIS統一97購01   ,0,0,0,0,0,0,0,0,0,230000,0,0,0,230000,0,230000,230000
052080,康友元富98購02  ,0,0,0,0,0,0,0,0,0,230000,0,0,0,300000,70000,230000,230000
055681,奇鋐凱基98購03  ,0,0,0,0,0,0,0,0,0,230000,0,0,0,230000,0,230000,230000
063014,技嘉元大9B購03  ,0,0,0,0,0,0,0,0,0,230000,0,0,0,515000,285000,230000,230000
054201,聯詠富邦97購02  ,0,0,0,0,0,0,0,0,0,229000,0,0,0,230000,1000,229000,229000
061544,大毅群益9B購02  ,0,0,0,0,0,0,0,0,0,229000,0,0,0,231000,2000,229000,229000
060381,元黃金凱基9A購01,0,0,0,0,0,0,0,0,0,229000,0,0,0,250000,21000,229000,229000
061997,台郡元大9B購03  ,0,0,0,0,0,0,0,0,0,229000,0,0,0,525000,296000,229000,229000
8011,台通            ,444000,215000,229000,0,0,0,0,0,0,-80,1000,1080,-80,0,0,0,228920
062100,矽格永豐9B購01  ,0,0,0,0,0,0,0,0,0,228000,0,0,0,297000,69000,228000,228000
062550,啟碁永豐9B購01  ,0,0,0,0,0,0,0,0,0,228000,0,0,0,304000,76000,228000,228000
064866,義隆永豐9C購02  ,0,0,0,0,0,0,0,0,0,227000,0,0,0,314000,87000,227000,227000
060679,聯詠元大9A購04  ,0,0,0,0,0,0,0,0,0,227000,0,0,0,301000,74000,227000,227000
061010,上銀麥證9A購02  ,0,0,0,232000,5000,227000,0,0,0,227000,0,0,0,232000,5000,227000,227000
064651,GIS凱基9C購02   ,0,0,0,0,0,0,0,0,0,227000,0,0,0,227000,0,227000,227000
065159,臻鼎群益9C購02  ,0,0,0,0,0,0,0,0,0,226000,0,0,0,226000,0,226000,226000
055421,玉晶光永豐98購04,0,0,0,0,0,0,0,0,0,226000,0,0,0,236000,10000,226000,226000
060417,正隆永豐9A購01  ,0,0,0,0,0,0,0,0,0,226000,0,0,0,226000,0,226000,226000
060870,旭富群益9A購01  ,0,0,0,0,0,0,0,0,0,226000,0,0,0,306000,80000,226000,226000
07578P,高鐵元大9A售02  ,0,0,0,0,0,0,0,0,0,225000,0,0,0,225000,0,225000,225000
08431P,景碩凱基9C售02  ,0,0,0,0,0,0,0,0,0,225000,0,0,0,260000,35000,225000,225000
1217,愛之味          ,392000,167000,225000,0,0,0,0,0,0,0,0,0,0,0,0,0,225000
058605,華邦電元大99購04,0,0,0,0,0,0,0,0,0,225000,0,0,0,225000,0,225000,225000
061350,牧德元大9B購03  ,0,0,0,0,0,0,0,0,0,225000,0,0,0,235000,10000,225000,225000
064571,帆宣群益9C購01  ,0,0,0,0,0,0,0,0,0,225000,0,0,0,328000,103000,225000,225000
2231,為升            ,377000,160000,217000,0,0,0,0,0,0,8000,6000,6000,0,8000,0,8000,225000
06689P,鴻海中信9C售02  ,0,0,0,0,0,0,0,0,0,224000,0,0,0,404000,180000,224000,224000
057023,美律凱基99購02  ,0,0,0,0,0,0,0,0,0,224000,0,0,0,224000,0,224000,224000
060252,緯穎元大9A購02  ,0,0,0,0,0,0,0,0,0,224000,0,0,0,225000,1000,224000,224000
06608P,立積群益99售02  ,0,0,0,0,0,0,0,0,0,223000,0,0,0,423000,200000,223000,223000
060144,全新國票9B購01  ,0,0,0,0,0,0,0,0,0,223000,0,0,0,392000,169000,223000,223000
061245,晶技群益9A購01  ,0,0,0,0,0,0,0,0,0,223000,0,0,0,228000,5000,223000,223000
063576,台表科元大9B購08,0,0,0,0,0,0,0,0,0,223000,0,0,0,227000,4000,223000,223000
057453,矽創元富98購01  ,0,0,0,0,0,0,0,0,0,222000,0,0,0,222000,0,222000,222000
057875,京鼎元大98購03  ,0,0,0,0,0,0,0,0,0,222000,0,0,0,752000,530000,222000,222000
061085,聯茂兆豐9A購01  ,0,0,0,0,0,0,0,0,0,221000,0,0,0,241000,20000,221000,221000
059807,大立光元富99購09,0,0,0,0,0,0,0,0,0,221000,0,0,0,251000,30000,221000,221000
058881,全新永豐99購01  ,0,0,0,0,0,0,0,0,0,221000,0,0,0,323000,102000,221000,221000
064570,TPK群益9C購03   ,0,0,0,0,0,0,0,0,0,221000,0,0,0,231000,10000,221000,221000
065715,勤誠群益9C購01  ,0,0,0,0,0,0,0,0,0,220000,0,0,0,220000,0,220000,220000
065511,台積電群益01購02,0,0,0,0,0,0,0,0,0,220000,0,0,0,220000,0,220000,220000
061100,SP黃豆元大9A購04,0,0,0,0,0,0,0,0,0,220000,0,0,0,230000,10000,220000,220000
056665,上証2X國票99購02,0,0,0,0,0,0,0,0,0,220000,0,0,0,220000,0,220000,220000
059295,大立光元富99購05,0,0,0,0,0,0,0,0,0,220000,0,0,0,329000,109000,220000,220000
057317,技嘉凱基98購02  ,0,0,0,0,0,0,0,0,0,219000,0,0,0,338000,119000,219000,219000
054171,台郡凱基97購01  ,0,0,0,0,0,0,0,0,0,219000,0,0,0,299000,80000,219000,219000
058604,華邦電元大99購03,0,0,0,0,0,0,0,0,0,219000,0,0,0,219000,0,219000,219000
058315,TPK富邦9C購01   ,0,0,0,0,0,0,0,0,0,219000,0,0,0,256000,37000,219000,219000
064397,旭富永豐9C購01  ,0,0,0,0,0,0,0,0,0,219000,0,0,0,445000,226000,219000,219000
062503,玉晶光群益01購03,0,0,0,0,0,0,0,0,0,219000,0,0,0,247000,28000,219000,219000
6552,易華電          ,366000,152000,214000,0,0,0,0,0,0,5000,0,1000,-1000,22000,16000,6000,219000
08085P,華通凱基9B售04  ,0,0,0,0,0,0,0,0,0,218000,0,0,0,218000,0,218000,218000
053088,奇鋐元大98購01  ,0,0,0,0,0,0,0,0,0,218000,0,0,0,284000,66000,218000,218000
057197,立積台新98購01  ,0,0,0,0,0,0,0,0,0,218000,0,0,0,218000,0,218000,218000
058851,大立光群益99購07,0,0,0,0,0,0,0,0,0,218000,0,0,0,232000,14000,218000,218000
061187,瀚宇博國泰9C購01,0,0,0,0,0,0,0,0,0,218000,0,0,0,380000,162000,218000,218000
060236,精元元大9C購01  ,0,0,0,0,0,0,0,0,0,218000,0,0,0,410000,192000,218000,218000
063220,建準群益9B購01  ,0,0,0,0,0,0,0,0,0,218000,0,0,0,218000,0,218000,218000
057289,力成元大98購03  ,0,0,0,0,0,0,0,0,0,217000,0,0,0,730000,513000,217000,217000
058424,滬深2X元富99購04,0,0,0,0,0,0,0,0,0,217000,0,0,0,227000,10000,217000,217000
063351,億豐統一9B購01  ,0,0,0,0,0,0,0,0,0,217000,0,0,0,217000,0,217000,217000
062487,中興電永豐9B購01,0,0,0,0,0,0,0,0,0,216000,0,0,0,216000,0,216000,216000
063597,健策中信9B購02  ,0,0,0,0,0,0,0,0,0,216000,0,0,0,217000,1000,216000,216000
1802,台玻            ,354000,135000,219000,0,0,0,0,0,0,-4000,0,4000,-4000,0,0,0,215000
065647,健鼎元大9C購05  ,0,0,0,0,0,0,0,0,0,215000,0,0,0,279000,64000,215000,215000
057990,美律統一99購02  ,0,0,0,0,0,0,0,0,0,215000,0,0,0,295000,80000,215000,215000
060047,道瓊反凱基99購01,0,0,0,0,0,0,0,0,0,215000,0,0,0,245000,30000,215000,215000
059454,亞光永豐99購01  ,0,0,0,0,0,0,0,0,0,215000,0,0,0,215000,0,215000,215000
064780,義隆群益9C購04  ,20000,0,20000,0,0,0,0,0,0,195000,0,0,0,277000,82000,195000,215000
2905,三商            ,377000,157000,220000,0,0,0,3000,0,3000,-8000,0,8000,-8000,0,0,0,215000
053358,晶技統一98購01  ,0,0,0,0,0,0,0,0,0,214000,0,0,0,260000,46000,214000,214000
056464,臺股指凱基99購06,0,0,0,0,0,0,0,0,0,214000,0,0,0,224000,10000,214000,214000
064248,億光元富9C購01  ,0,0,0,0,0,0,0,0,0,214000,0,0,0,330000,116000,214000,214000
064851,勤誠元富03購01  ,0,0,0,0,0,0,0,0,0,213000,0,0,0,213000,0,213000,213000
057570,技嘉永豐98購02  ,0,0,0,0,0,0,0,0,0,213000,0,0,0,233000,20000,213000,213000
065034,玉晶光統一01購11,0,0,0,0,0,0,0,0,0,212000,0,0,0,327000,115000,212000,212000
063673,GIS統一9C購02   ,0,0,0,0,0,0,0,0,0,212000,0,0,0,212000,0,212000,212000
063930,高鐵統一02購02  ,0,0,0,0,0,0,0,0,0,212000,0,0,0,212000,0,212000,212000
065240,矽創凱基01購01  ,0,0,0,0,0,0,0,0,0,211000,0,0,0,213000,2000,211000,211000
061137,晶技統一9B購01  ,0,0,0,0,0,0,0,0,0,211000,0,0,0,254000,43000,211000,211000
056010,力成中信97購01  ,0,0,0,0,0,0,0,0,0,211000,0,0,0,211000,0,211000,211000
062070,金寶元大9B購01  ,0,0,0,0,0,0,0,0,0,211000,0,0,0,211000,0,211000,211000
061783,友達群益9B購01  ,0,0,0,0,0,0,0,0,0,211000,0,0,0,221000,10000,211000,211000
062703,可成元大9C購02  ,0,0,0,0,0,0,0,0,0,211000,0,0,0,405000,194000,211000,211000
4564,元翎            ,324000,187000,137000,0,0,0,0,0,0,74000,0,1000,-1000,86000,11000,75000,211000
055338,GIS兆豐97購01   ,0,0,0,0,0,0,0,0,0,210000,0,0,0,210000,0,210000,210000
054567,拓凱群益98購01  ,0,0,0,0,0,0,0,0,0,210000,0,0,0,410000,200000,210000,210000
053827,漢唐麥證9A購01  ,0,0,0,241000,31000,210000,0,0,0,210000,0,0,0,241000,31000,210000,210000
055438,鴻海國票98購01  ,0,0,0,0,0,0,0,0,0,210000,0,0,0,220000,10000,210000,210000
060868,致伸永豐9A購01  ,0,0,0,0,0,0,0,0,0,210000,0,0,0,210000,0,210000,210000
058105,旺宏統一9A購02  ,0,0,0,0,0,0,0,0,0,210000,0,0,0,235000,25000,210000,210000
060079,台郡台新99購03  ,0,0,0,0,0,0,0,0,0,210000,0,0,0,210000,0,210000,210000
059253,康控凱基9B購02  ,0,0,0,0,0,0,0,0,0,210000,0,0,0,253000,43000,210000,210000
062391,台達電富邦9C購01,0,0,0,0,0,0,0,0,0,210000,0,0,0,210000,0,210000,210000
062212,臻鼎台新9B購01  ,0,0,0,0,0,0,0,0,0,210000,0,0,0,260000,50000,210000,210000
063360,茂林國泰9C購02  ,0,0,0,0,0,0,0,0,0,210000,0,0,0,346000,136000,210000,210000
063191,台表科凱基9B購03,0,0,0,0,0,0,0,0,0,210000,0,0,0,216000,6000,210000,210000
064297,台郡國票01購01  ,0,0,0,0,0,0,0,0,0,210000,0,0,0,317000,107000,210000,210000
064421,技嘉兆豐01購01  ,0,0,0,0,0,0,0,0,0,210000,0,0,0,384000,174000,210000,210000
2404,漢唐            ,328000,140000,188000,0,0,0,0,0,0,22000,9000,2000,7000,53000,38000,15000,210000
057389,玉晶光永豐98購06,0,0,0,0,0,0,0,0,0,209000,0,0,0,314000,105000,209000,209000
063133,喬山統一01購01  ,0,0,0,0,0,0,0,0,0,208000,0,0,0,520000,312000,208000,208000
2903,遠百            ,375000,167000,208000,0,0,0,0,0,0,0,0,0,0,0,0,0,208000
07304P,臺股指元大9A售37,0,0,0,0,0,0,0,0,0,207000,0,0,0,217000,10000,207000,207000
057312,美律麥證98購01  ,0,0,0,207000,0,207000,0,0,0,207000,0,0,0,207000,0,207000,207000
061165,美律兆豐9A購01  ,0,0,0,0,0,0,0,0,0,207000,0,0,0,568000,361000,207000,207000
060369,滬深2X元富01購01,0,0,0,0,0,0,0,0,0,207000,0,0,0,207000,0,207000,207000
08231P,上銀元富9B售10  ,0,0,0,0,0,0,0,0,0,206000,0,0,0,295000,89000,206000,206000
065222,玉晶光永豐9C購07,0,0,0,0,0,0,0,0,0,206000,0,0,0,206000,0,206000,206000
061991,牧德元大9C購01  ,0,0,0,0,0,0,0,0,0,206000,0,0,0,253000,47000,206000,206000
064664,微星元大9C購04  ,0,0,0,0,0,0,0,0,0,206000,0,0,0,396000,190000,206000,206000
064593,鈺齊永豐9C購01  ,0,0,0,0,0,0,0,0,0,206000,0,0,0,274000,68000,206000,206000
2383,台光電          ,1327000,1494000,-167000,0,0,0,126000,0,126000,247000,187000,55000,132000,131000,16000,115000,206000
3437,榮創            ,275000,69000,206000,0,0,0,0,0,0,0,0,0,0,0,0,0,206000
056848,泰鼎元富98購01  ,0,0,0,0,0,0,0,0,0,205000,0,0,0,497000,292000,205000,205000
064619,南亞科元大9C購05,0,0,0,0,0,0,0,0,0,205000,0,0,0,299000,94000,205000,205000
063926,南亞科統一03購01,0,0,0,0,0,0,0,0,0,205000,0,0,0,229000,24000,205000,205000
063064,台表科元富9B購01,0,0,0,0,0,0,0,0,0,205000,0,0,0,313000,108000,205000,205000
060352,滬深2X元富9A購02,0,0,0,0,0,0,0,0,0,204000,0,0,0,204000,0,204000,204000
065202,南電元富06購01  ,0,0,0,0,0,0,0,0,0,203000,0,0,0,444000,241000,203000,203000
08263P,台表科元大9C售06,0,0,0,0,0,0,0,0,0,203000,0,0,0,203000,0,203000,203000
1526,日馳            ,716000,513000,203000,0,0,0,0,0,0,0,0,0,0,0,0,0,203000
053139,滬深2X永豐98購01,0,0,0,0,0,0,0,0,0,203000,0,0,0,204000,1000,203000,203000
057547,技嘉凱基99購01  ,0,0,0,0,0,0,0,0,0,203000,0,0,0,286000,83000,203000,203000
058896,中環元大99購03  ,0,0,0,0,0,0,0,0,0,203000,0,0,0,209000,6000,203000,203000
062528,全新統一9C購01  ,0,0,0,0,0,0,0,0,0,203000,0,0,0,215000,12000,203000,203000
6226,光鼎            ,229000,25000,204000,0,0,0,0,0,0,-1000,0,1000,-1000,0,0,0,203000
08276P,可成元富9C售02  ,0,0,0,0,0,0,0,0,0,202000,0,0,0,242000,40000,202000,202000
064899,大立光群益9C購06,0,0,0,0,0,0,0,0,0,202000,0,0,0,226000,24000,202000,202000
056355,台積電元大98購08,0,0,0,0,0,0,0,0,0,202000,0,0,0,202000,0,202000,202000
065247,聯發科麥證9C購02,0,0,0,201000,0,201000,0,0,0,201000,0,0,0,201000,0,201000,201000
065543,緯穎元富01購01  ,0,0,0,0,0,0,0,0,0,201000,0,0,0,606000,405000,201000,201000
057486,美律元大98購04  ,0,0,0,0,0,0,0,0,0,201000,0,0,0,201000,0,201000,201000
062458,全新群益9B購03  ,0,0,0,0,0,0,0,0,0,201000,0,0,0,451000,250000,201000,201000
064178,台郡國泰01購01  ,0,0,0,0,0,0,0,0,0,201000,0,0,0,276000,75000,201000,201000
064773,FBVIX群益9C購05 ,0,0,0,0,0,0,0,0,0,201000,0,0,0,201000,0,201000,201000
064360,台積電統一9C購12,0,0,0,0,0,0,0,0,0,201000,0,0,0,206000,5000,201000,201000
064813,祥碩元大9C購05  ,0,0,0,0,0,0,0,0,0,200000,0,0,0,292000,92000,200000,200000
08462P,臻鼎國票9C售02  ,0,0,0,0,0,0,0,0,0,200000,0,0,0,200000,0,200000,200000
07301P,臺股指元大9A售34,0,0,0,0,0,0,0,0,0,200000,0,0,0,200000,0,200000,200000
07350P,台灣50國票99售11,0,0,0,0,0,0,0,0,0,200000,0,0,0,200000,0,200000,200000
07044P,台積電元大99售13,0,0,0,0,0,0,0,0,0,200000,0,0,0,200000,0,200000,200000
07781P,高鐵凱基9A售02  ,0,0,0,0,0,0,0,0,0,200000,0,0,0,200000,0,200000,200000
057808,旺宏元大99購05  ,0,0,0,0,0,0,0,0,0,200000,0,0,0,200000,0,200000,200000
052928,美律元大98購01  ,0,0,0,0,0,0,0,0,0,200000,0,0,0,230000,30000,200000,200000
055591,全新元大98購01  ,0,0,0,0,0,0,0,0,0,200000,0,0,0,200000,0,200000,200000
055598,欣興元大97購03  ,0,0,0,0,0,0,0,0,0,200000,0,0,0,200000,0,200000,200000
057846,神達永豐98購01  ,0,0,0,0,0,0,0,0,0,200000,0,0,0,200000,0,200000,200000
057828,緯穎元大99購02  ,0,0,0,0,0,0,0,0,0,200000,0,0,0,253000,53000,200000,200000
055944,日月光麥證97購01,0,0,0,200000,0,200000,0,0,0,200000,0,0,0,200000,0,200000,200000
060469,台勝科元大9A購02,0,0,0,0,0,0,0,0,0,200000,0,0,0,200000,0,200000,200000
062127,台勝科統一01購02,0,0,0,0,0,0,0,0,0,200000,0,0,0,230000,30000,200000,200000
060230,台積電元大9A購07,0,0,0,0,0,0,0,0,0,200000,0,0,0,210000,10000,200000,200000
062420,台積電統一9C購08,0,0,0,0,0,0,0,0,0,200000,0,0,0,200000,0,200000,200000
062232,聯詠麥證9C購01  ,0,0,0,200000,0,200000,0,0,0,200000,0,0,0,200000,0,200000,200000
062858,微星國票9B購01  ,0,0,0,0,0,0,0,0,0,200000,0,0,0,201000,1000,200000,200000
4155,訊映            ,217000,15000,202000,0,0,0,0,0,0,-2000,0,2000,-2000,0,0,0,200000
6582,申豐            ,246000,46000,200000,0,0,0,0,0,0,0,0,0,0,0,0,0,200000
06995P,臺股指凱基99售16,0,0,0,0,0,0,0,0,0,199000,0,0,0,200000,1000,199000,199000
060616,宏碁元大9A購02  ,0,0,0,0,0,0,0,0,0,199000,0,0,0,199000,0,199000,199000
063453,創意統一9C購01  ,0,0,0,0,0,0,0,0,0,199000,0,0,0,263000,64000,199000,199000
063571,TPK元大9B購03   ,0,0,0,0,0,0,0,0,0,199000,0,0,0,253000,54000,199000,199000
056906,玉晶光元大9B購01,0,0,0,0,0,0,0,0,0,198000,0,0,0,236000,38000,198000,198000
056586,光罩統一98購02  ,0,0,0,0,0,0,0,0,0,198000,0,0,0,198000,0,198000,198000
061478,奇鋐元大9A購01  ,0,0,0,0,0,0,0,0,0,198000,0,0,0,247000,49000,198000,198000
061793,上銀永豐9B購01  ,0,0,0,0,0,0,0,0,0,198000,0,0,0,198000,0,198000,198000
062724,可成凱基9B購04  ,0,0,0,0,0,0,0,0,0,198000,0,0,0,267000,69000,198000,198000
07890P,南電國票9B售01  ,0,0,0,0,0,0,0,0,0,197000,0,0,0,202000,5000,197000,197000
08328P,國巨國票9C售07  ,0,0,0,0,0,0,0,0,0,197000,0,0,0,200000,3000,197000,197000
057937,神達群益98購02  ,0,0,0,0,0,0,0,0,0,196000,0,0,0,196000,0,196000,196000
064371,矽格統一9C購02  ,0,0,0,0,0,0,0,0,0,196000,0,0,0,317000,121000,196000,196000
064500,國泰金元大9C購01,0,0,0,0,0,0,0,0,0,196000,0,0,0,216000,20000,196000,196000
1731,美吾華          ,212000,17000,195000,0,0,0,0,0,0,0,0,0,0,0,0,0,195000
07851P,聯發科國票9A售05,0,0,0,0,0,0,0,0,0,195000,0,0,0,300000,105000,195000,195000
057968,可成國泰9A購01  ,0,0,0,0,0,0,0,0,0,195000,0,0,0,195000,0,195000,195000
054739,義隆凱基98購02  ,0,0,0,0,0,0,0,0,0,195000,0,0,0,295000,100000,195000,195000
048583,智原富邦98購01  ,0,0,0,0,0,0,0,0,0,195000,0,0,0,195000,0,195000,195000
057373,大立光元大98購17,0,0,0,0,0,0,0,0,0,195000,0,0,0,210000,15000,195000,195000
059369,滬深2X元富9C購01,0,0,0,0,0,0,0,0,0,195000,0,0,0,195000,0,195000,195000
059672,滬深2X元富99購06,0,0,0,0,0,0,0,0,0,195000,0,0,0,195000,0,195000,195000
063809,矽創兆豐01購01  ,0,0,0,0,0,0,0,0,0,195000,0,0,0,235000,40000,195000,195000
6177,達麗            ,302000,107000,195000,0,0,0,0,0,0,0,0,0,0,0,0,0,195000
064924,健策統一9C購05  ,0,0,0,0,0,0,0,0,0,194000,0,0,0,369000,175000,194000,194000
065219,緯穎國泰01購01  ,0,0,0,0,0,0,0,0,0,194000,0,0,0,361000,167000,194000,194000
057202,TPK元富98購02   ,0,0,0,0,0,0,0,0,0,194000,0,0,0,199000,5000,194000,194000
064643,瑞昱凱基04購01  ,0,0,0,0,0,0,0,0,0,194000,0,0,0,237000,43000,194000,194000
064779,義隆群益9C購03  ,0,0,0,0,0,0,0,0,0,194000,0,0,0,802000,608000,194000,194000
064411,台表科凱基02購01,0,0,0,0,0,0,0,0,0,194000,0,0,0,274000,80000,194000,194000
062523,世紀鋼元大9C購03,0,0,0,0,0,0,0,0,0,194000,0,0,0,206000,12000,194000,194000
8454,富邦媒          ,225000,38000,187000,0,0,0,20000,0,20000,-13000,0,13000,-13000,0,0,0,194000
07739P,緯穎永豐9A售01  ,0,0,0,0,0,0,0,0,0,193000,0,0,0,193000,0,193000,193000
053452,臺股指凱基97購01,0,0,0,0,0,0,0,0,0,193000,0,0,0,193000,0,193000,193000
064187,亞光永豐9C購01  ,0,0,0,0,0,0,0,0,0,193000,0,0,0,193000,0,193000,193000
064036,矽創元大9C購01  ,0,0,0,0,0,0,0,0,0,193000,0,0,0,351000,158000,193000,193000
057934,華新科群益98購07,0,0,0,0,0,0,0,0,0,192000,0,0,0,193000,1000,192000,192000
057895,全新元富9B購01  ,0,0,0,0,0,0,0,0,0,192000,0,0,0,192000,0,192000,192000
058725,美律富邦9A購01  ,0,0,0,0,0,0,0,0,0,192000,0,0,0,192000,0,192000,192000
064256,玉晶光國泰02購02,0,0,0,0,0,0,0,0,0,192000,0,0,0,384000,192000,192000,192000
062796,技嘉統一9C購01  ,0,0,0,0,0,0,0,0,0,192000,0,0,0,944000,752000,192000,192000
063127,TPK元大9B購02   ,0,0,0,0,0,0,0,0,0,192000,0,0,0,253000,61000,192000,192000
060351,滬深2X元富9A購01,0,0,0,0,0,0,0,0,0,191000,0,0,0,195000,4000,191000,191000
060411,達新永豐9A購01  ,0,0,0,0,0,0,0,0,0,191000,0,0,0,192000,1000,191000,191000
059398,滬深2X元富9C購02,0,0,0,0,0,0,0,0,0,191000,0,0,0,191000,0,191000,191000
07173P,臺股指國票99售10,0,0,0,0,0,0,0,0,0,190000,0,0,0,190000,0,190000,190000
07408P,台積電兆豐99售06,0,0,0,0,0,0,0,0,0,190000,0,0,0,200000,10000,190000,190000
065495,上銀富邦01購02  ,0,0,0,0,0,0,0,0,0,190000,0,0,0,249000,59000,190000,190000
00757,統一FANG+       ,0,0,0,0,0,0,0,0,0,190000,0,0,0,390000,200000,190000,190000
056481,創意元大98購01  ,0,0,0,0,0,0,0,0,0,190000,0,0,0,455000,265000,190000,190000
058154,泰碩統一9A購01  ,0,0,0,0,0,0,0,0,0,190000,0,0,0,335000,145000,190000,190000
058795,可成元大99購03  ,0,0,0,0,0,0,0,0,0,190000,0,0,0,253000,63000,190000,190000
061226,台積電中信9A購05,0,0,0,0,0,0,0,0,0,190000,0,0,0,190000,0,190000,190000
064497,可成元大01購02  ,0,0,0,0,0,0,0,0,0,190000,0,0,0,237000,47000,190000,190000
07482P,南亞科元富9A售04,0,0,0,0,0,0,0,0,0,189000,0,0,0,199000,10000,189000,189000
00647L,元大S&P500正2   ,0,0,0,0,0,0,0,0,0,189000,0,0,0,446000,257000,189000,189000
059836,大立光國泰9B購02,0,0,0,0,0,0,0,0,0,189000,0,0,0,202000,13000,189000,189000
064252,嘉澤元富9C購01  ,0,0,0,0,0,0,0,0,0,189000,0,0,0,335000,146000,189000,189000
063483,致新元大9B購03  ,0,0,0,0,0,0,0,0,0,189000,0,0,0,303000,114000,189000,189000
063246,嘉晶元大9C購01  ,0,0,0,0,0,0,0,0,0,189000,0,0,0,189000,0,189000,189000
3703,欣陸            ,292000,120000,172000,0,0,0,0,0,0,17000,20000,3000,17000,0,0,0,189000
055795,茂林國泰98購01  ,0,0,0,0,0,0,0,0,0,188000,0,0,0,188000,0,188000,188000
061154,可成群益9B購04  ,0,0,0,0,0,0,0,0,0,188000,0,0,0,196000,8000,188000,188000
058160,奇鋐元富99購01  ,0,0,0,0,0,0,0,0,0,188000,0,0,0,188000,0,188000,188000
060576,欣興中信9B購01  ,0,0,0,0,0,0,0,0,0,188000,0,0,0,188000,0,188000,188000
063282,奇力新元大9B購06,0,0,0,0,0,0,0,0,0,188000,0,0,0,188000,0,188000,188000
063433,臻鼎元富9B購01  ,0,0,0,0,0,0,0,0,0,188000,0,0,0,301000,113000,188000,188000
062267,滬深2X群益01購05,0,0,0,0,0,0,0,0,0,188000,0,0,0,198000,10000,188000,188000
064674,鈺齊元大9C購01  ,0,0,0,0,0,0,0,0,0,188000,0,0,0,200000,12000,188000,188000
2913,農林            ,414000,226000,188000,0,0,0,0,0,0,0,0,0,0,0,0,0,188000
065482,立積元大01購02  ,0,0,0,0,0,0,0,0,0,187000,0,0,0,199000,12000,187000,187000
060792,信錦永豐9A購01  ,0,0,0,0,0,0,0,0,0,187000,0,0,0,187000,0,187000,187000
060425,凌華永豐9A購01  ,0,0,0,0,0,0,0,0,0,187000,0,0,0,191000,4000,187000,187000
064505,康控元大9C購01  ,0,0,0,0,0,0,0,0,0,187000,0,0,0,343000,156000,187000,187000
062649,緯穎富邦9B購03  ,0,0,0,0,0,0,0,0,0,187000,0,0,0,200000,13000,187000,187000
065172,義隆元大9C購05  ,0,0,0,0,0,0,0,0,0,186000,0,0,0,309000,123000,186000,186000
061880,台郡元大9B購02  ,0,0,0,0,0,0,0,0,0,186000,0,0,0,215000,29000,186000,186000
061466,創意群益9A購01  ,0,0,0,0,0,0,0,0,0,186000,0,0,0,455000,269000,186000,186000
062742,技嘉國泰01購01  ,0,0,0,0,0,0,0,0,0,186000,0,0,0,277000,91000,186000,186000
060854,台積電富邦9C購08,0,0,0,0,0,0,0,0,0,185000,0,0,0,185000,0,185000,185000
058498,世紀鋼群益99購01,0,0,0,0,0,0,0,0,0,185000,0,0,0,188000,3000,185000,185000
065758,嘉澤元大9C購03  ,0,0,0,0,0,0,0,0,0,184000,0,0,0,201000,17000,184000,184000
057585,鴻海國票99購05  ,0,0,0,0,0,0,0,0,0,184000,0,0,0,289000,105000,184000,184000
057612,瑞昱元富02購01  ,0,0,0,0,0,0,0,0,0,184000,0,0,0,184000,0,184000,184000
057466,泰鼎永豐98購01  ,0,0,0,0,0,0,0,0,0,184000,0,0,0,323000,139000,184000,184000
059497,滬深2X元富9C購05,0,0,0,0,0,0,0,0,0,184000,0,0,0,184000,0,184000,184000
063342,台光電統一9B購02,0,0,0,0,0,0,0,0,0,184000,0,0,0,239000,55000,184000,184000
063111,TPK兆豐9B購01   ,0,0,0,0,0,0,0,0,0,184000,0,0,0,186000,2000,184000,184000
063104,大立光群益9C購02,0,0,0,0,0,0,0,0,0,184000,0,0,0,194000,10000,184000,184000
064349,泰鼎元大9C購02  ,0,0,0,0,0,0,0,0,0,184000,0,0,0,725000,541000,184000,184000
2453,凌群            ,220000,36000,184000,0,0,0,0,0,0,0,0,0,0,0,0,0,184000
063768,華新科國泰9C購03,0,0,0,0,0,0,0,0,0,183000,0,0,0,183000,0,183000,183000
063627,上銀元大9B購09  ,0,0,0,0,0,0,0,0,0,183000,0,0,0,183000,0,183000,183000
062717,華邦電凱基9C購01,0,0,0,0,0,0,0,0,0,183000,0,0,0,339000,156000,183000,183000
064823,台積電統一01購09,0,0,0,0,0,0,0,0,0,182000,0,0,0,200000,18000,182000,182000
00652,富邦印度        ,135000,5000,130000,0,0,0,0,0,0,52000,0,0,0,206000,154000,52000,182000
057956,全新元大99購04  ,0,0,0,0,0,0,0,0,0,182000,0,0,0,382000,200000,182000,182000
062020,智伸科永豐9B購01,0,0,0,0,0,0,0,0,0,182000,0,0,0,192000,10000,182000,182000
060948,可成第一9A購01  ,0,0,0,0,0,0,0,0,0,182000,0,0,0,182000,0,182000,182000
063418,京元電凱基9B購03,0,0,0,0,0,0,0,0,0,182000,0,0,0,220000,38000,182000,182000
064015,立積國票01購01  ,0,0,0,0,0,0,0,0,0,182000,0,0,0,182000,0,182000,182000
064289,台郡元大9C購01  ,0,0,0,0,0,0,0,0,0,182000,0,0,0,429000,247000,182000,182000
065357,立積元富03購01  ,0,0,0,0,0,0,0,0,0,181000,0,0,0,306000,125000,181000,181000
00762,元大全球AI      ,0,0,0,0,0,0,0,0,0,181000,0,0,0,181000,0,181000,181000
059683,康控富邦9C購01  ,0,0,0,0,0,0,0,0,0,181000,0,0,0,181000,0,181000,181000
058370,聯詠凱基99購01  ,0,0,0,0,0,0,0,0,0,181000,0,0,0,292000,111000,181000,181000
061913,宏碁中信9B購01  ,0,0,0,0,0,0,0,0,0,181000,0,0,0,262000,81000,181000,181000
061938,大立光國票9B購03,0,0,0,0,0,0,0,0,0,181000,0,0,0,189000,8000,181000,181000
059499,滬深2X元富9C購07,0,0,0,0,0,0,0,0,0,181000,0,0,0,184000,3000,181000,181000
064054,中租統一02購01  ,0,0,0,0,0,0,0,0,0,181000,0,0,0,388000,207000,181000,181000
063562,國巨元大9C購06  ,0,0,0,0,0,0,0,0,0,181000,0,0,0,200000,19000,181000,181000
063850,玉晶光元大9C購07,0,0,0,0,0,0,0,0,0,181000,0,0,0,188000,7000,181000,181000
063505,奇力新群益9B購03,0,0,0,0,0,0,0,0,0,181000,0,0,0,261000,80000,181000,181000
063353,上銀元富9B購03  ,0,0,0,0,0,0,0,0,0,181000,0,0,0,277000,96000,181000,181000
5203,訊連            ,218000,54000,164000,0,0,0,0,0,0,17000,16000,1000,15000,2000,0,2000,181000
065523,茂林群益9C購03  ,0,0,0,0,0,0,0,0,0,180000,0,0,0,244000,64000,180000,180000
045517,元油2X元富98購01,0,0,0,0,0,0,0,0,0,180000,0,0,0,180000,0,180000,180000
057267,康控兆豐99購01  ,0,0,0,0,0,0,0,0,0,180000,0,0,0,223000,43000,180000,180000
061370,晶技國泰9C購01  ,0,0,0,0,0,0,0,0,0,180000,0,0,0,315000,135000,180000,180000
060353,A50正2元富9A購01,0,0,0,0,0,0,0,0,0,180000,0,0,0,180000,0,180000,180000
062564,矽創凱基9B購01  ,0,0,0,0,0,0,0,0,0,180000,0,0,0,190000,10000,180000,180000
063642,茂林元大9B購08  ,0,0,0,0,0,0,0,0,0,180000,0,0,0,280000,100000,180000,180000
064620,大立光元大01購03,0,0,0,0,0,0,0,0,0,180000,0,0,0,180000,0,180000,180000
064712,聚陽統一02購03  ,0,0,0,0,0,0,0,0,0,180000,0,0,0,257000,77000,180000,180000
064966,FBVIX元大9C購03 ,0,0,0,0,0,0,0,0,0,179000,0,0,0,210000,31000,179000,179000
055667,致茂群益98購01  ,0,0,0,0,0,0,0,0,0,179000,0,0,0,179000,0,179000,179000
00737,國泰AI+Robo     ,0,0,0,0,0,0,0,0,0,179000,0,0,0,233000,54000,179000,179000
056941,台郡元富9B購01  ,0,0,0,0,0,0,0,0,0,179000,0,0,0,695000,516000,179000,179000
059940,微星永豐99購01  ,0,0,0,0,0,0,0,0,0,179000,0,0,0,272000,93000,179000,179000
061752,瑞昱台新9B購01  ,0,0,0,0,0,0,0,0,0,179000,0,0,0,184000,5000,179000,179000
065442,健鼎麥證9C購01  ,0,0,0,201000,0,201000,0,0,0,178000,0,0,0,201000,23000,178000,178000
061296,台積電國泰9C購01,0,0,0,0,0,0,0,0,0,178000,0,0,0,271000,93000,178000,178000
064692,嘉晶群益9C購03  ,0,0,0,0,0,0,0,0,0,178000,0,0,0,178000,0,178000,178000
062633,亞光國票9B購01  ,0,0,0,0,0,0,0,0,0,178000,0,0,0,178000,0,178000,178000
063384,巨大永豐9B購04  ,0,0,0,0,0,0,0,0,0,178000,0,0,0,545000,367000,178000,178000
065118,國巨富邦01購02  ,0,0,0,0,0,0,0,0,0,177000,0,0,0,468000,291000,177000,177000
065242,巨大凱基01購02  ,0,0,0,0,0,0,0,0,0,177000,0,0,0,374000,197000,177000,177000
053568,智伸科富邦98購01,0,0,0,0,0,0,0,0,0,177000,0,0,0,242000,65000,177000,177000
061603,瑞昱凱基9A購02  ,0,0,0,0,0,0,0,0,0,177000,0,0,0,347000,170000,177000,177000
063532,GIS凱基9B購03   ,0,0,0,0,0,0,0,0,0,177000,0,0,0,243000,66000,177000,177000
062803,嘉晶統一9B購02  ,0,0,0,0,0,0,0,0,0,177000,0,0,0,246000,69000,177000,177000
6706,惠特            ,304000,449000,-145000,0,0,0,354000,0,354000,-32000,11000,43000,-32000,0,0,0,177000
059120,致伸永豐99購01  ,0,0,0,0,0,0,0,0,0,176000,0,0,0,212000,36000,176000,176000
061612,南六統一9A購01  ,0,0,0,0,0,0,0,0,0,176000,0,0,0,205000,29000,176000,176000
060183,南亞科元富9A購01,0,0,0,0,0,0,0,0,0,176000,0,0,0,443000,267000,176000,176000
3645,達邁            ,198000,22000,176000,0,0,0,0,0,0,0,0,0,0,0,0,0,176000
065329,億豐凱基9C購02  ,0,0,0,0,0,0,0,0,0,175000,0,0,0,185000,10000,175000,175000
065515,大立光群益02購01,0,0,0,0,0,0,0,0,0,175000,0,0,0,175000,0,175000,175000
060826,牧德元大9B購02  ,0,0,0,0,0,0,0,0,0,175000,0,0,0,200000,25000,175000,175000
063444,金像電統一03購01,0,0,0,0,0,0,0,0,0,175000,0,0,0,210000,35000,175000,175000
064243,TPK統一02購02   ,0,0,0,0,0,0,0,0,0,175000,0,0,0,175000,0,175000,175000
065811,億豐群益9C購01  ,0,0,0,0,0,0,0,0,0,174000,0,0,0,174000,0,174000,174000
065086,可成元大01購04  ,0,0,0,0,0,0,0,0,0,174000,0,0,0,181000,7000,174000,174000
055205,京鼎中信99購01  ,0,0,0,0,0,0,0,0,0,174000,0,0,0,264000,90000,174000,174000
061470,鈺齊群益9A購02  ,0,0,0,0,0,0,0,0,0,174000,0,0,0,174000,0,174000,174000
058139,臻鼎元大99購01  ,0,0,0,0,0,0,0,0,0,174000,0,0,0,284000,110000,174000,174000
063986,聯發科富邦02購01,0,0,0,0,0,0,0,0,0,174000,0,0,0,252000,78000,174000,174000
065607,聯詠元大9C購02  ,0,0,0,0,0,0,0,0,0,173000,0,0,0,407000,234000,173000,173000
064690,台光電群益9C購02,0,0,0,0,0,0,0,0,0,173000,0,0,0,285000,112000,173000,173000
057009,信邦中信99購01  ,0,0,0,0,0,0,0,0,0,172000,0,0,0,324000,152000,172000,172000
057133,京鼎凱基98購02  ,0,0,0,0,0,0,0,0,0,172000,0,0,0,390000,218000,172000,172000
060180,上証2X元富9A購02,0,0,0,0,0,0,0,0,0,172000,0,0,0,172000,0,172000,172000
059249,大立光凱基99購05,0,0,0,0,0,0,0,0,0,172000,0,0,0,172000,0,172000,172000
058512,宏達電元大99購04,0,0,0,0,0,0,0,0,0,172000,0,0,0,180000,8000,172000,172000
063454,瑞儀統一9B購01  ,0,0,0,0,0,0,0,0,0,172000,0,0,0,330000,158000,172000,172000
8110,華東            ,236000,56000,180000,0,0,0,0,0,0,-8000,0,8000,-8000,0,0,0,172000
064981,致伸元大9C購01  ,0,0,0,0,0,0,0,0,0,171000,0,0,0,221000,50000,171000,171000
056617,美律永豐98購01  ,0,0,0,0,0,0,0,0,0,171000,0,0,0,171000,0,171000,171000
060758,台積電元大9A購19,0,0,0,0,0,0,0,0,0,171000,0,0,0,187000,16000,171000,171000
055536,嘉聯益群益99購02,0,0,0,0,0,0,0,0,0,171000,0,0,0,171000,0,171000,171000
060371,A50正2元富01購01,0,0,0,0,0,0,0,0,0,171000,0,0,0,171000,0,171000,171000
060401,世紀鋼國票9B購01,0,0,0,0,0,0,0,0,0,171000,0,0,0,171000,0,171000,171000
062025,台達電群益9B購01,0,0,0,0,0,0,0,0,0,171000,0,0,0,176000,5000,171000,171000
063469,牧德元大9C購02  ,0,0,0,0,0,0,0,0,0,171000,0,0,0,171000,0,171000,171000
062950,貿聯富邦01購01  ,0,0,0,0,0,0,0,0,0,171000,0,0,0,714000,543000,171000,171000
064921,景碩統一02購01  ,0,0,0,0,0,0,0,0,0,170000,0,0,0,250000,80000,170000,170000
054864,聯發科群益97購02,0,0,0,0,0,0,0,0,0,170000,0,0,0,170000,0,170000,170000
057190,立積元大9A購02  ,0,0,0,0,0,0,0,0,0,170000,0,0,0,170000,0,170000,170000
063188,TPK凱基9B購01   ,0,0,0,0,0,0,0,0,0,170000,0,0,0,273000,103000,170000,170000
2617,台航            ,231000,38000,193000,0,0,0,0,4000,-4000,-19000,0,19000,-19000,0,0,0,170000
057734,訊芯國泰9A購01  ,0,0,0,0,0,0,0,0,0,169000,0,0,0,510000,341000,169000,169000
065262,義隆元大9C購06  ,0,0,0,0,0,0,0,0,0,168000,0,0,0,273000,105000,168000,168000
065401,立積群益9C購01  ,0,0,0,0,0,0,0,0,0,168000,0,0,0,183000,15000,168000,168000
057495,牧德元大99購04  ,0,0,0,0,0,0,0,0,0,168000,0,0,0,171000,3000,168000,168000
057277,可成元大98購05  ,0,0,0,0,0,0,0,0,0,168000,0,0,0,168000,0,168000,168000
057260,微星兆豐98購01  ,0,0,0,0,0,0,0,0,0,168000,0,0,0,230000,62000,168000,168000
063154,南六元富9B購02  ,0,0,0,0,0,0,0,0,0,168000,0,0,0,171000,3000,168000,168000
062970,智邦元富9B購01  ,0,0,0,0,0,0,0,0,0,168000,0,0,0,446000,278000,168000,168000
064787,和潤群益9C購01  ,0,0,0,0,0,0,0,0,0,168000,0,0,0,194000,26000,168000,168000
064490,金像電元大9C購02,0,0,0,0,0,0,0,0,0,168000,0,0,0,168000,0,168000,168000
064192,巨大中信9C購01  ,0,0,0,0,0,0,0,0,0,168000,0,0,0,509000,341000,168000,168000
063813,瑞昱群益9C購02  ,0,0,0,0,0,0,0,0,0,168000,0,0,0,197000,29000,168000,168000
065610,牧德元大02購01  ,0,0,0,0,0,0,0,0,0,167000,0,0,0,200000,33000,167000,167000
065176,玉晶光元大01購04,0,0,0,0,0,0,0,0,0,167000,0,0,0,338000,171000,167000,167000
07300P,臺股指元大9A售33,0,0,0,0,0,0,0,0,0,167000,0,0,0,205000,38000,167000,167000
057442,玉晶光統一98購03,0,0,0,0,0,0,0,0,0,167000,0,0,0,201000,34000,167000,167000
064482,微星永豐9C購01  ,0,0,0,0,0,0,0,0,0,167000,0,0,0,188000,21000,167000,167000
064264,智伸科永豐9C購01,0,0,0,0,0,0,0,0,0,167000,0,0,0,177000,10000,167000,167000
064578,TPK國泰02購01   ,0,0,0,0,0,0,0,0,0,167000,0,0,0,271000,104000,167000,167000
062828,聯詠群益9B購02  ,0,0,0,0,0,0,0,0,0,167000,0,0,0,222000,55000,167000,167000
00713,元大台灣高息低波,0,0,0,0,0,0,0,0,0,166000,0,0,0,166000,0,166000,166000
061573,義隆元大9A購02  ,0,0,0,0,0,0,0,0,0,166000,0,0,0,230000,64000,166000,166000
063238,漢唐元大9B購02  ,0,0,0,0,0,0,0,0,0,166000,0,0,0,237000,71000,166000,166000
063381,和潤永豐9B購01  ,0,0,0,0,0,0,0,0,0,166000,0,0,0,180000,14000,166000,166000
064027,義隆元大9C購01  ,0,0,0,0,0,0,0,0,0,166000,0,0,0,260000,94000,166000,166000
065455,金寶元富9C購01  ,0,0,0,0,0,0,0,0,0,165000,0,0,0,252000,87000,165000,165000
060565,大立光富邦01購01,0,0,0,0,0,0,0,0,0,165000,0,0,0,185000,20000,165000,165000
061853,晶技國票9B購02  ,0,0,0,0,0,0,0,0,0,165000,0,0,0,215000,50000,165000,165000
063582,瑞祺國泰9C購01  ,0,0,0,0,0,0,0,0,0,165000,0,0,0,212000,47000,165000,165000
063281,京元電元大9B購01,0,0,0,0,0,0,0,0,0,165000,0,0,0,357000,192000,165000,165000
062459,聯詠群益9B購01  ,0,0,0,0,0,0,0,0,0,165000,0,0,0,185000,20000,165000,165000
064814,祥碩元大9C購06  ,0,0,0,0,0,0,0,0,0,164000,0,0,0,656000,492000,164000,164000
057599,技嘉群益9A購01  ,0,0,0,0,0,0,0,0,0,164000,0,0,0,172000,8000,164000,164000
063314,美律群益9B購01  ,0,0,0,0,0,0,0,0,0,164000,0,0,0,175000,11000,164000,164000
063888,TPK中信01購01   ,0,0,0,0,0,0,0,0,0,164000,0,0,0,164000,0,164000,164000
064831,宏達電統一02購01,0,0,0,0,0,0,0,0,0,163000,0,0,0,220000,57000,163000,163000
064904,茂林群益9C購02  ,0,0,0,0,0,0,0,0,0,163000,0,0,0,183000,20000,163000,163000
064959,巨大凱基9C購02  ,0,0,0,0,0,0,0,0,0,163000,0,0,0,420000,257000,163000,163000
056548,瀚宇博凱基98購02,0,0,0,0,0,0,0,0,0,163000,0,0,0,278000,115000,163000,163000
058532,禾伸堂元富99購01,0,0,0,0,0,0,0,0,0,163000,0,0,0,323000,160000,163000,163000
063409,GIS國票9C購02   ,0,0,0,0,0,0,0,0,0,163000,0,0,0,163000,0,163000,163000
060637,玉晶光永豐9A購03,0,0,0,0,0,0,0,0,0,162000,0,0,0,202000,40000,162000,162000
058134,信邦元大99購01  ,0,0,0,0,0,0,0,0,0,162000,0,0,0,264000,102000,162000,162000
2106,建大            ,252000,90000,162000,0,0,0,0,0,0,0,0,0,0,0,0,0,162000
8112,至上            ,527000,360000,167000,0,0,0,4000,0,4000,-9282,0,9282,-9282,0,0,0,161718
2301,光寶科          ,3583837,3186000,397837,0,0,0,0,3000,-3000,-233638,6000,31638,-25638,0,208000,-208000,161199
08662P,台積電國泰03售01,0,0,0,0,0,0,0,0,0,161000,0,0,0,190000,29000,161000,161000
060793,微星永豐9A購01  ,0,0,0,0,0,0,0,0,0,161000,0,0,0,161000,0,161000,161000
059334,A50正2國票9A購02,0,0,0,0,0,0,0,0,0,161000,0,0,0,223000,62000,161000,161000
063820,華邦電麥證01購01,0,0,0,161000,0,161000,0,0,0,161000,0,0,0,161000,0,161000,161000
064750,緯穎麥證9C購01  ,0,0,0,174000,13000,161000,0,0,0,161000,0,0,0,174000,13000,161000,161000
2634,漢翔            ,235000,111000,124000,0,0,0,0,1000,-1000,38000,0,0,0,39000,1000,38000,161000
07334P,臺股指國票99售19,0,0,0,0,0,0,0,0,0,160000,0,0,0,170000,10000,160000,160000
07595P,台灣50中信03售07,0,0,0,0,0,0,0,0,0,160000,0,0,0,160000,0,160000,160000
07975P,國巨元大9B售15  ,0,0,0,0,0,0,0,0,0,160000,0,0,0,180000,20000,160000,160000
065351,中租統一02購02  ,0,0,0,0,0,0,0,0,0,160000,0,0,0,810000,650000,160000,160000
047504,滬深2X國票9A購01,0,0,0,0,0,0,0,0,0,160000,0,0,0,220000,60000,160000,160000
058422,百和麥證99購01  ,0,0,0,210000,50000,160000,0,0,0,160000,0,0,0,210000,50000,160000,160000
064598,國巨元富9C購03  ,0,0,0,0,0,0,0,0,0,160000,0,0,0,160000,0,160000,160000
063740,矽格元大9B購03  ,0,0,0,0,0,0,0,0,0,160000,0,0,0,341000,181000,160000,160000
062520,晶豪科元大9B購02,0,0,0,0,0,0,0,0,0,160000,0,0,0,311000,151000,160000,160000
052779,欣興國票97購01  ,0,0,0,0,0,0,0,0,0,159000,0,0,0,159000,0,159000,159000
054633,臺股指凱基9A購02,0,0,0,0,0,0,0,0,0,159000,0,0,0,159000,0,159000,159000
059360,全新永豐99購02  ,0,0,0,0,0,0,0,0,0,159000,0,0,0,201000,42000,159000,159000
063373,晶技永豐9B購02  ,0,0,0,0,0,0,0,0,0,159000,0,0,0,159000,0,159000,159000
063150,聯發科元富05購03,0,0,0,0,0,0,0,0,0,159000,0,0,0,159000,0,159000,159000
062921,GIS元大9B購01   ,0,0,0,0,0,0,0,0,0,159000,0,0,0,190000,31000,159000,159000
063655,華通元富9B購01  ,0,0,0,0,0,0,0,0,0,159000,0,0,0,217000,58000,159000,159000
056269,新日興統一98購01,0,0,0,0,0,0,0,0,0,158000,0,0,0,342000,184000,158000,158000
064573,復盛群益9C購01  ,0,0,0,0,0,0,0,0,0,158000,0,0,0,174000,16000,158000,158000
062955,立積永豐9B購02  ,0,0,0,0,0,0,0,0,0,158000,0,0,0,226000,68000,158000,158000
061820,康控群益9B購02  ,0,0,0,0,0,0,0,0,0,157000,0,0,0,165000,8000,157000,157000
064527,裕隆中信01購01  ,0,0,0,0,0,0,0,0,0,157000,0,0,0,202000,45000,157000,157000
065330,億豐凱基9C購03  ,0,0,0,0,0,0,0,0,0,156000,0,0,0,161000,5000,156000,156000
065054,百和凱基02購01  ,0,0,0,0,0,0,0,0,0,156000,0,0,0,172000,16000,156000,156000
065582,景碩國泰01購01  ,0,0,0,0,0,0,0,0,0,156000,0,0,0,248000,92000,156000,156000
057450,國泰金元富98購01,0,0,0,0,0,0,0,0,0,156000,0,0,0,166000,10000,156000,156000
057773,技嘉群益9A購02  ,0,0,0,0,0,0,0,0,0,156000,0,0,0,176000,20000,156000,156000
058047,可成元大98購11  ,0,0,0,0,0,0,0,0,0,156000,0,0,0,243000,87000,156000,156000
061669,崇越中信9A購01  ,0,0,0,0,0,0,0,0,0,156000,0,0,0,202000,46000,156000,156000
058637,晶技兆豐99購01  ,0,0,0,0,0,0,0,0,0,156000,0,0,0,173000,17000,156000,156000
064659,台達電元大9C購02,0,0,0,0,0,0,0,0,0,156000,0,0,0,239000,83000,156000,156000
065660,晶豪科永豐9C購01,0,0,0,0,0,0,0,0,0,155000,0,0,0,188000,33000,155000,155000
1307,三芳            ,178000,23000,155000,0,0,0,0,0,0,0,0,0,0,0,0,0,155000
056677,智伸科元富98購01,0,0,0,0,0,0,0,0,0,155000,0,0,0,218000,63000,155000,155000
060311,盟立永豐9A購01  ,0,0,0,0,0,0,0,0,0,155000,0,0,0,435000,280000,155000,155000
063516,香港反凱基03購01,0,0,0,0,0,0,0,0,0,155000,0,0,0,168000,13000,155000,155000
062721,美律凱基9B購02  ,0,0,0,0,0,0,0,0,0,155000,0,0,0,209000,54000,155000,155000
057553,景碩凱基98購03  ,0,0,0,0,0,0,0,0,0,154000,0,0,0,192000,38000,154000,154000
059862,全新群益99購04  ,0,0,0,0,0,0,0,0,0,154000,0,0,0,354000,200000,154000,154000
058205,神達凱基9B購01  ,0,0,0,0,0,0,0,0,0,154000,0,0,0,154000,0,154000,154000
059094,臻鼎元大99購03  ,0,0,0,0,0,0,0,0,0,154000,0,0,0,204000,50000,154000,154000
058926,勤誠元富99購01  ,0,0,0,0,0,0,0,0,0,154000,0,0,0,164000,10000,154000,154000
059630,美律凱基99購07  ,0,0,0,0,0,0,0,0,0,154000,0,0,0,154000,0,154000,154000
062674,百和中信03購01  ,0,0,0,0,0,0,0,0,0,154000,0,0,0,198000,44000,154000,154000
063343,美律統一9C購01  ,0,0,0,0,0,0,0,0,0,154000,0,0,0,293000,139000,154000,154000
06461P,玉晶光國泰9A售01,0,0,0,0,0,0,0,0,0,154000,0,0,0,170000,16000,154000,154000
064408,TPK凱基02購01   ,0,0,0,0,0,0,0,0,0,154000,0,0,0,396000,242000,154000,154000
2464,盟立            ,999000,697000,302000,0,0,0,0,0,0,-148306,0,127306,-127306,32000,53000,-21000,153694
065668,南亞科凱基9C購02,0,0,0,0,0,0,0,0,0,153000,0,0,0,265000,112000,153000,153000
065586,嘉聯益富邦03購01,0,0,0,0,0,0,0,0,0,153000,0,0,0,225000,72000,153000,153000
065726,京元電凱基9C購02,0,0,0,0,0,0,0,0,0,153000,0,0,0,259000,106000,153000,153000
054873,帆宣群益99購01  ,0,0,0,0,0,0,0,0,0,153000,0,0,0,337000,184000,153000,153000
058786,元黃金元大99購01,0,0,0,0,0,0,0,0,0,153000,0,0,0,196000,43000,153000,153000
059786,全新元大99購06  ,0,0,0,0,0,0,0,0,0,153000,0,0,0,310000,157000,153000,153000
058674,宏達電群益99購01,0,0,0,0,0,0,0,0,0,153000,0,0,0,153000,0,153000,153000
061339,京元電元大9A購05,0,0,0,0,0,0,0,0,0,153000,0,0,0,284000,131000,153000,153000
063816,TPK群益9C購01   ,0,0,0,0,0,0,0,0,0,153000,0,0,0,156000,3000,153000,153000
3024,憶聲            ,183000,30000,153000,0,0,0,0,0,0,0,0,0,0,0,0,0,153000
065683,嘉聯益統一03購01,0,0,0,0,0,0,0,0,0,152000,0,0,0,226000,74000,152000,152000
065060,上銀群益9C購02  ,0,0,0,0,0,0,0,0,0,152000,0,0,0,152000,0,152000,152000
08152P,祥碩統一9B售02  ,0,0,0,0,0,0,0,0,0,152000,0,0,0,283000,131000,152000,152000
059870,全新凱基99購05  ,0,0,0,0,0,0,0,0,0,152000,0,0,0,202000,50000,152000,152000
058213,欣興群益99購01  ,0,0,0,0,0,0,0,0,0,152000,0,0,0,152000,0,152000,152000
4968,立積            ,886000,716000,170000,0,0,0,0,0,0,-18000,87000,37000,50000,75000,143000,-68000,152000
064955,健策凱基9C購03  ,0,0,0,0,0,0,0,0,0,151000,0,0,0,162000,11000,151000,151000
055916,奇鋐凱基99購01  ,0,0,0,0,0,0,0,0,0,151000,0,0,0,151000,0,151000,151000
055619,同欣電國票98購02,0,0,0,0,0,0,0,0,0,151000,0,0,0,151000,0,151000,151000
058072,大立光凱基98購20,0,0,0,0,0,0,0,0,0,151000,0,0,0,151000,0,151000,151000
062107,台光電國票9B購01,0,0,0,0,0,0,0,0,0,151000,0,0,0,223000,72000,151000,151000
060617,華新科元大9A購08,0,0,0,0,0,0,0,0,0,151000,0,0,0,151000,0,151000,151000
064501,大立光元大01購02,0,0,0,0,0,0,0,0,0,151000,0,0,0,158000,7000,151000,151000
062467,國巨凱基9B購08  ,0,0,0,0,0,0,0,0,0,151000,0,0,0,155000,4000,151000,151000
3094,聯傑            ,163000,12000,151000,0,0,0,0,0,0,0,0,0,0,0,0,0,151000
064939,健策元富9C購03  ,0,0,0,0,0,0,0,0,0,150000,0,0,0,160000,10000,150000,150000
065693,國巨群益9C購18  ,0,0,0,0,0,0,0,0,0,150000,0,0,0,165000,15000,150000,150000
065445,台光電統一01購05,0,0,0,0,0,0,0,0,0,150000,0,0,0,261000,111000,150000,150000
057510,泰碩統一98購02  ,0,0,0,0,0,0,0,0,0,150000,0,0,0,150000,0,150000,150000
060815,茂林凱基9B購01  ,0,0,0,0,0,0,0,0,0,150000,0,0,0,160000,10000,150000,150000
053413,台積電國票99購01,0,0,0,0,0,0,0,0,0,150000,0,0,0,150000,0,150000,150000
060944,國泰金國票9A購01,0,0,0,0,0,0,0,0,0,150000,0,0,0,150000,0,150000,150000
059516,TPK永豐99購01   ,0,0,0,0,0,0,0,0,0,150000,0,0,0,150000,0,150000,150000
059639,大立光凱基9A購06,0,0,0,0,0,0,0,0,0,150000,0,0,0,150000,0,150000,150000
061606,景碩凱基9A購02  ,0,0,0,0,0,0,0,0,0,150000,0,0,0,165000,15000,150000,150000
058384,大成鋼中信99購01,0,0,0,0,0,0,0,0,0,150000,0,0,0,150000,0,150000,150000
061362,台塑國票9B購01  ,0,0,0,0,0,0,0,0,0,150000,0,0,0,150000,0,150000,150000
062263,康控元大9B購03  ,0,0,0,0,0,0,0,0,0,150000,0,0,0,260000,110000,150000,150000
063947,大毅元大9C購02  ,0,0,0,0,0,0,0,0,0,150000,0,0,0,165000,15000,150000,150000
065300,燿華元富9C購03  ,0,0,0,0,0,0,0,0,0,149000,0,0,0,165000,16000,149000,149000
061865,力山元大9B購01  ,0,0,0,0,0,0,0,0,0,149000,0,0,0,213000,64000,149000,149000
061315,滬深2X凱基9C購06,0,0,0,0,0,0,0,0,0,149000,0,0,0,150000,1000,149000,149000
059296,大立光元富99購06,0,0,0,0,0,0,0,0,0,149000,0,0,0,474000,325000,149000,149000
062184,奇鋐元大9B購02  ,0,0,0,0,0,0,0,0,0,149000,0,0,0,217000,68000,149000,149000
063192,技嘉台新9B購01  ,0,0,0,0,0,0,0,0,0,149000,0,0,0,241000,92000,149000,149000
061307,和潤永豐9A購02  ,0,0,0,0,0,0,0,0,0,148000,0,0,0,148000,0,148000,148000
059939,技嘉永豐99購01  ,0,0,0,0,0,0,0,0,0,148000,0,0,0,272000,124000,148000,148000
060008,華邦電群益9A購01,0,0,0,0,0,0,0,0,0,148000,0,0,0,148000,0,148000,148000
064510,GIS元大01購01   ,0,0,0,0,0,0,0,0,0,148000,0,0,0,148000,0,148000,148000
3062,建漢            ,648000,498000,150000,0,0,0,0,0,0,-2000,0,2000,-2000,0,0,0,148000
065163,香港反元大03購01,0,0,0,0,0,0,0,0,0,147000,0,0,0,150000,3000,147000,147000
065063,玉晶光群益02購04,0,0,0,0,0,0,0,0,0,147000,0,0,0,179000,32000,147000,147000
060747,聯鈞國票9A購02  ,0,0,0,0,0,0,0,0,0,147000,0,0,0,228000,81000,147000,147000
061521,亞光兆豐9A購02  ,0,0,0,0,0,0,0,0,0,147000,0,0,0,367000,220000,147000,147000
059785,美律元大9A購03  ,0,0,0,0,0,0,0,0,0,147000,0,0,0,215000,68000,147000,147000
063912,信邦凱基01購01  ,0,0,0,0,0,0,0,0,0,147000,0,0,0,308000,161000,147000,147000
063574,茂林元大9B購07  ,0,0,0,0,0,0,0,0,0,147000,0,0,0,347000,200000,147000,147000
063020,奇力新元大9B購04,0,0,0,0,0,0,0,0,0,147000,0,0,0,147000,0,147000,147000
062568,緯穎中信9C購01  ,0,0,0,0,0,0,0,0,0,147000,0,0,0,243000,96000,147000,147000
065142,華邦電凱基01購01,0,0,0,0,0,0,0,0,0,146000,0,0,0,212000,66000,146000,146000
056547,臻鼎凱基99購01  ,0,0,0,0,0,0,0,0,0,146000,0,0,0,186000,40000,146000,146000
061855,台郡國票9B購01  ,0,0,0,0,0,0,0,0,0,146000,0,0,0,160000,14000,146000,146000
062939,奇力新凱基9B購02,0,0,0,0,0,0,0,0,0,146000,0,0,0,146000,0,146000,146000
065363,國巨元大01購04  ,0,0,0,0,0,0,0,0,0,145000,0,0,0,310000,165000,145000,145000
064976,景碩元大9C購01  ,0,0,0,0,0,0,0,0,0,145000,0,0,0,189000,44000,145000,145000
057377,康控元大99購02  ,0,0,0,0,0,0,0,0,0,145000,0,0,0,236000,91000,145000,145000
057378,康友元大98購02  ,0,0,0,0,0,0,0,0,0,145000,0,0,0,145000,0,145000,145000
060347,大立光統一02購01,0,0,0,0,0,0,0,0,0,145000,0,0,0,222000,77000,145000,145000
059093,旭富元大99購01  ,0,0,0,0,0,0,0,0,0,145000,0,0,0,588000,443000,145000,145000
062897,上銀元大9B購06  ,0,0,0,0,0,0,0,0,0,145000,0,0,0,145000,0,145000,145000
062762,聯詠凱基9B購02  ,0,0,0,0,0,0,0,0,0,145000,0,0,0,145000,0,145000,145000
062408,致新永豐9B購01  ,0,0,0,0,0,0,0,0,0,145000,0,0,0,320000,175000,145000,145000
064574,達方群益01購01  ,0,0,0,0,0,0,0,0,0,145000,0,0,0,321000,176000,145000,145000
065465,麗豐中信9C購01  ,0,0,0,0,0,0,0,0,0,144000,0,0,0,200000,56000,144000,144000
057532,智原元大98購03  ,0,0,0,0,0,0,0,0,0,144000,0,0,0,869000,725000,144000,144000
055500,京鼎元大97購04  ,0,0,0,0,0,0,0,0,0,144000,0,0,0,244000,100000,144000,144000
061742,奇鋐凱基9B購01  ,0,0,0,0,0,0,0,0,0,144000,0,0,0,144000,0,144000,144000
064222,玉山金國票01購01,0,0,0,0,0,0,0,0,0,144000,0,0,0,144000,0,144000,144000
063352,上銀元富9B購02  ,0,0,0,0,0,0,0,0,0,144000,0,0,0,151000,7000,144000,144000
063294,美律麥證9B購01  ,0,0,0,194000,50000,144000,0,0,0,144000,0,0,0,194000,50000,144000,144000
6451,訊芯-KY         ,476000,487000,-11000,0,0,0,30000,0,30000,125000,5000,0,5000,133000,13000,120000,144000
3312,弘憶股          ,162000,16000,146000,0,0,0,0,0,0,-2012,0,2012,-2012,0,0,0,143988
054923,晶技凱基98購01  ,0,0,0,0,0,0,0,0,0,143000,0,0,0,154000,11000,143000,143000
056518,美律國票99購01  ,0,0,0,0,0,0,0,0,0,143000,0,0,0,229000,86000,143000,143000
062136,南亞科群益9B購01,0,0,0,0,0,0,0,0,0,143000,0,0,0,143000,0,143000,143000
061628,緯穎群益9A購04  ,0,0,0,0,0,0,0,0,0,143000,0,0,0,193000,50000,143000,143000
061266,國泰金凱基9B購01,0,0,0,0,0,0,0,0,0,143000,0,0,0,143000,0,143000,143000
058506,台積電元大99購09,0,0,0,0,0,0,0,0,0,143000,0,0,0,158000,15000,143000,143000
058688,矽創凱基9A購01  ,0,0,0,0,0,0,0,0,0,143000,0,0,0,143000,0,143000,143000
060360,南亞科元富9A購02,0,0,0,0,0,0,0,0,0,143000,0,0,0,506000,363000,143000,143000
3015,全漢            ,191000,41000,150000,0,0,0,0,6000,-6000,-1000,0,1000,-1000,0,0,0,143000
065466,台表科中信01購03,0,0,0,0,0,0,0,0,0,142000,0,0,0,153000,11000,142000,142000
065268,嘉澤元大9C購02  ,0,0,0,0,0,0,0,0,0,142000,0,0,0,238000,96000,142000,142000
057334,技嘉國票98購02  ,0,0,0,0,0,0,0,0,0,142000,0,0,0,261000,119000,142000,142000
055182,京鼎統一98購01  ,0,0,0,0,0,0,0,0,0,142000,0,0,0,142000,0,142000,142000
057962,超眾元大99購03  ,0,0,0,0,0,0,0,0,0,142000,0,0,0,240000,98000,142000,142000
060599,國巨凱基9C購01  ,0,0,0,0,0,0,0,0,0,142000,0,0,0,164000,22000,142000,142000
060602,京元電凱基9A購01,0,0,0,0,0,0,0,0,0,142000,0,0,0,144000,2000,142000,142000
058722,台郡元富99購01  ,0,0,0,0,0,0,0,0,0,142000,0,0,0,558000,416000,142000,142000
058398,中環元大99購02  ,0,0,0,0,0,0,0,0,0,142000,0,0,0,162000,20000,142000,142000
061871,瑞昱元大9B購01  ,0,0,0,0,0,0,0,0,0,142000,0,0,0,142000,0,142000,142000
060058,牧德凱基9B購01  ,0,0,0,0,0,0,0,0,0,142000,0,0,0,188000,46000,142000,142000
062657,華新科第一9B購01,0,0,0,0,0,0,0,0,0,142000,0,0,0,142000,0,142000,142000
3008,大立光          ,381903,249408,132495,0,0,0,20000,4000,16000,-7000,15000,23000,-8000,4000,3000,1000,141495
064958,GIS凱基02購03   ,0,0,0,0,0,0,0,0,0,141000,0,0,0,146000,5000,141000,141000
08222P,南六凱基9B售05  ,0,0,0,0,0,0,0,0,0,141000,0,0,0,222000,81000,141000,141000
057548,微星凱基99購01  ,0,0,0,0,0,0,0,0,0,141000,0,0,0,302000,161000,141000,141000
061483,TPK元大9A購01   ,0,0,0,0,0,0,0,0,0,141000,0,0,0,180000,39000,141000,141000
061579,京鼎元大9A購02  ,0,0,0,0,0,0,0,0,0,141000,0,0,0,445000,304000,141000,141000
062193,瑞昱第一9B購01  ,0,0,0,0,0,0,0,0,0,141000,0,0,0,141000,0,141000,141000
063248,創意元大9C購01  ,0,0,0,0,0,0,0,0,0,141000,0,0,0,278000,137000,141000,141000
064454,華新科統一01購03,0,0,0,0,0,0,0,0,0,141000,0,0,0,141000,0,141000,141000
2395,研華            ,510004,366000,144004,0,0,0,0,1000,-1000,-3001,0,3001,-3001,0,0,0,140003
08333P,大立光富邦02售03,0,0,0,0,0,0,0,0,0,140000,0,0,0,140000,0,140000,140000
07744P,奇力新凱基9A售05,0,0,0,0,0,0,0,0,0,140000,0,0,0,140000,0,140000,140000
065676,臻鼎凱基9C購04  ,0,0,0,0,0,0,0,0,0,140000,0,0,0,185000,45000,140000,140000
056187,京鼎統一97購01  ,0,0,0,0,0,0,0,0,0,140000,0,0,0,140000,0,140000,140000
056741,大立光凱基98購14,0,0,0,0,0,0,0,0,0,140000,0,0,0,140000,0,140000,140000
061244,和碩兆豐9A購01  ,0,0,0,0,0,0,0,0,0,140000,0,0,0,341000,201000,140000,140000
059787,奇力新元大9A購02,0,0,0,0,0,0,0,0,0,140000,0,0,0,140000,0,140000,140000
060044,大立光群益99購09,0,0,0,0,0,0,0,0,0,140000,0,0,0,140000,0,140000,140000
058113,百和元富98購01  ,0,0,0,0,0,0,0,0,0,140000,0,0,0,140000,0,140000,140000
064647,致伸凱基9C購01  ,0,0,0,0,0,0,0,0,0,140000,0,0,0,140000,0,140000,140000
063368,遠東新永豐9B購01,0,0,0,0,0,0,0,0,0,140000,0,0,0,306000,166000,140000,140000
065404,玉晶光國泰02購03,0,0,0,0,0,0,0,0,0,139000,0,0,0,318000,179000,139000,139000
065327,台表科凱基9C購02,0,0,0,0,0,0,0,0,0,139000,0,0,0,271000,132000,139000,139000
058082,美律群益98購05  ,0,0,0,0,0,0,0,0,0,139000,0,0,0,237000,98000,139000,139000
062091,世紀鋼元大9B購01,0,0,0,0,0,0,0,0,0,139000,0,0,0,139000,0,139000,139000
059814,SP黃豆凱基9A購02,0,0,0,0,0,0,0,0,0,139000,0,0,0,150000,11000,139000,139000
063481,緯穎元大9B購08  ,0,0,0,0,0,0,0,0,0,139000,0,0,0,139000,0,139000,139000
062576,華擎群益9B購02  ,0,0,0,0,0,0,0,0,0,139000,0,0,0,176000,37000,139000,139000
064530,康控中信9C購01  ,0,0,0,0,0,0,0,0,0,139000,0,0,0,258000,119000,139000,139000
08351P,南六國票01售02  ,0,0,0,0,0,0,0,0,0,138000,0,0,0,157000,19000,138000,138000
056289,合勤控永豐97購01,0,0,0,0,0,0,0,0,0,138000,0,0,0,138000,0,138000,138000
055679,華通凱基99購01  ,0,0,0,0,0,0,0,0,0,138000,0,0,0,168000,30000,138000,138000
051946,健策統一98購01  ,0,0,0,0,0,0,0,0,0,138000,0,0,0,138000,0,138000,138000
064701,巨大群益9C購02  ,0,0,0,0,0,0,0,0,0,138000,0,0,0,316000,178000,138000,138000
064744,創意國票01購02  ,0,0,0,0,0,0,0,0,0,138000,0,0,0,318000,180000,138000,138000
064353,力成元大9C購02  ,0,0,0,0,0,0,0,0,0,138000,0,0,0,308000,170000,138000,138000
063467,大立光元大9C購06,0,0,0,0,0,0,0,0,0,138000,0,0,0,148000,10000,138000,138000
065055,臺股指凱基02購04,0,0,0,0,0,0,0,0,0,137000,0,0,0,183000,46000,137000,137000
055417,健策富邦98購02  ,0,0,0,0,0,0,0,0,0,137000,0,0,0,137000,0,137000,137000
061136,可成統一9A購01  ,0,0,0,0,0,0,0,0,0,137000,0,0,0,137000,0,137000,137000
061878,茂林元大9B購01  ,0,0,0,0,0,0,0,0,0,137000,0,0,0,144000,7000,137000,137000
059852,康控永豐99購02  ,0,0,0,0,0,0,0,0,0,137000,0,0,0,229000,92000,137000,137000
063422,奇鋐凱基9B購04  ,0,0,0,0,0,0,0,0,0,137000,0,0,0,239000,102000,137000,137000
064207,國巨凱基03購02  ,0,0,0,0,0,0,0,0,0,137000,0,0,0,203000,66000,137000,137000
063815,玉晶光群益02購01,0,0,0,0,0,0,0,0,0,137000,0,0,0,137000,0,137000,137000
064929,台表科統一02購03,0,0,0,0,0,0,0,0,0,136000,0,0,0,207000,71000,136000,136000
064833,新光金統一02購01,0,0,0,0,0,0,0,0,0,136000,0,0,0,396000,260000,136000,136000
057601,中磊群益98購01  ,0,0,0,0,0,0,0,0,0,136000,0,0,0,234000,98000,136000,136000
057664,台積電元大9A購03,0,0,0,0,0,0,0,0,0,136000,0,0,0,223000,87000,136000,136000
057114,台虹群益98購01  ,0,0,0,0,0,0,0,0,0,136000,0,0,0,250000,114000,136000,136000
060911,大毅元大9A購01  ,0,0,0,0,0,0,0,0,0,136000,0,0,0,136000,0,136000,136000
065399,新日興群益01購01,0,0,0,0,0,0,0,0,0,135000,0,0,0,147000,12000,135000,135000
057096,緯穎元富98購01  ,0,0,0,0,0,0,0,0,0,135000,0,0,0,256000,121000,135000,135000
055287,日電貿元大97購01,0,0,0,0,0,0,0,0,0,135000,0,0,0,135000,0,135000,135000
058122,美律國票9A購01  ,0,0,0,0,0,0,0,0,0,135000,0,0,0,135000,0,135000,135000
063213,智伸科國票9C購01,0,0,0,0,0,0,0,0,0,135000,0,0,0,137000,2000,135000,135000
2511,太子            ,231000,70000,161000,0,0,0,0,0,0,-26000,0,26000,-26000,0,0,0,135000
065781,創意富邦01購01  ,0,0,0,0,0,0,0,0,0,134000,0,0,0,287000,153000,134000,134000
07904P,聯發科群益9B售05,0,0,0,0,0,0,0,0,0,134000,0,0,0,191000,57000,134000,134000
057791,可成統一99購01  ,0,0,0,0,0,0,0,0,0,134000,0,0,0,724000,590000,134000,134000
063506,嘉晶群益9B購01  ,0,0,0,0,0,0,0,0,0,134000,0,0,0,197000,63000,134000,134000
062268,力山群益9B購01  ,0,0,0,0,0,0,0,0,0,134000,0,0,0,138000,4000,134000,134000
063994,台光電群益9C購01,0,0,0,0,0,0,0,0,0,134000,0,0,0,451000,317000,134000,134000
08068P,宏達電國泰9C售01,0,0,0,0,0,0,0,0,0,133000,0,0,0,275000,142000,133000,133000
056126,台郡國票98購02  ,0,0,0,0,0,0,0,0,0,133000,0,0,0,165000,32000,133000,133000
057123,上銀凱基98購05  ,0,0,0,0,0,0,0,0,0,133000,0,0,0,178000,45000,133000,133000
060761,南亞科元大9A購05,0,0,0,0,0,0,0,0,0,133000,0,0,0,139000,6000,133000,133000
00675L,富邦臺灣加權正2 ,82000,13000,69000,0,0,0,0,0,0,64000,0,0,0,87000,23000,64000,133000
061457,TPK凱基9A購01   ,0,0,0,0,0,0,0,0,0,133000,0,0,0,143000,10000,133000,133000
061043,百和永豐9A購01  ,0,0,0,0,0,0,0,0,0,133000,0,0,0,133000,0,133000,133000
064521,群創群益02購01  ,0,0,0,0,0,0,0,0,0,133000,0,0,0,166000,33000,133000,133000
1709,和益            ,184000,47000,137000,0,0,0,0,0,0,-5000,0,5000,-5000,0,0,0,132000
056738,國巨凱基9A購02  ,0,0,0,0,0,0,0,0,0,132000,0,0,0,140000,8000,132000,132000
057401,晶豪科群益99購01,0,0,0,0,0,0,0,0,0,132000,0,0,0,191000,59000,132000,132000
057788,嘉聯益國票99購01,0,0,0,0,0,0,0,0,0,132000,0,0,0,133000,1000,132000,132000
057712,南亞科統一9A購01,0,0,0,0,0,0,0,0,0,132000,0,0,0,147000,15000,132000,132000
061583,矽創元大9A購01  ,0,0,0,0,0,0,0,0,0,132000,0,0,0,149000,17000,132000,132000
059742,富邦金元富99購01,0,0,0,0,0,0,0,0,0,132000,0,0,0,132000,0,132000,132000
064449,金寶統一01購02  ,0,0,0,0,0,0,0,0,0,132000,0,0,0,207000,75000,132000,132000
063039,大立光凱基9C購02,0,0,0,0,0,0,0,0,0,132000,0,0,0,220000,88000,132000,132000
07248P,可成凱基99售06  ,0,0,0,0,0,0,0,0,0,131000,0,0,0,131000,0,131000,131000
057266,TPK兆豐98購02   ,0,0,0,0,0,0,0,0,0,131000,0,0,0,181000,50000,131000,131000
062923,緯穎元大9B購06  ,0,0,0,0,0,0,0,0,0,131000,0,0,0,131000,0,131000,131000
063408,茂林國票9C購02  ,0,0,0,0,0,0,0,0,0,131000,0,0,0,222000,91000,131000,131000
064223,日電貿國票01購01,0,0,0,0,0,0,0,0,0,131000,0,0,0,131000,0,131000,131000
07358P,鴻海元大99售39  ,0,0,0,0,0,0,0,0,0,130000,0,0,0,200000,70000,130000,130000
065436,力成凱基02購01  ,0,0,0,0,0,0,0,0,0,130000,0,0,0,335000,205000,130000,130000
065311,TPK國票01購03   ,0,0,0,0,0,0,0,0,0,130000,0,0,0,178000,48000,130000,130000
065149,遠東新群益9C購01,0,0,0,0,0,0,0,0,0,130000,0,0,0,222000,92000,130000,130000
06082P,華通統一98售01  ,0,0,0,0,0,0,0,0,0,130000,0,0,0,139000,9000,130000,130000
061005,可成兆豐9A購01  ,0,0,0,0,0,0,0,0,0,130000,0,0,0,190000,60000,130000,130000
057045,美律元大99購04  ,0,0,0,0,0,0,0,0,0,130000,0,0,0,150000,20000,130000,130000
058019,美律凱基99購04  ,0,0,0,0,0,0,0,0,0,130000,0,0,0,195000,65000,130000,130000
051268,創意富邦97購01  ,0,0,0,0,0,0,0,0,0,130000,0,0,0,130000,0,130000,130000
059908,元金2X元大99購01,0,0,0,0,0,0,0,0,0,130000,0,0,0,220000,90000,130000,130000
064312,大立光群益01購01,0,0,0,0,0,0,0,0,0,130000,0,0,0,132000,2000,130000,130000
064532,聯茂兆豐01購01  ,0,0,0,0,0,0,0,0,0,130000,0,0,0,149000,19000,130000,130000
064722,大立光統一02購03,0,0,0,0,0,0,0,0,0,130000,0,0,0,130000,0,130000,130000
063230,緯穎群益9B購02  ,0,0,0,0,0,0,0,0,0,130000,0,0,0,233000,103000,130000,130000
062707,致伸元大9B購01  ,0,0,0,0,0,0,0,0,0,130000,0,0,0,220000,90000,130000,130000
065233,TPK凱基01購01   ,0,0,0,0,0,0,0,0,0,129000,0,0,0,129000,0,129000,129000
064843,巨大統一02購01  ,0,0,0,0,0,0,0,0,0,129000,0,0,0,448000,319000,129000,129000
056739,美律凱基98購04  ,0,0,0,0,0,0,0,0,0,129000,0,0,0,143000,14000,129000,129000
060636,大毅永豐9A購02  ,0,0,0,0,0,0,0,0,0,129000,0,0,0,129000,0,129000,129000
059054,國巨凱基99購11  ,0,0,0,0,0,0,0,0,0,129000,0,0,0,145000,16000,129000,129000
059343,宏達電凱基99購04,0,0,0,0,0,0,0,0,0,129000,0,0,0,171000,42000,129000,129000
058455,玉晶光永豐99購03,0,0,0,0,0,0,0,0,0,129000,0,0,0,131000,2000,129000,129000
062289,緯穎群益9B購01  ,0,0,0,0,0,0,0,0,0,129000,0,0,0,129000,0,129000,129000
064010,GIS凱基02購01   ,0,0,0,0,0,0,0,0,0,129000,0,0,0,222000,93000,129000,129000
060770,宏達電麥證9A購01,0,0,0,128000,0,128000,0,0,0,128000,0,0,0,128000,0,128000,128000
00766L,台新MSCI中國正2 ,0,0,0,0,0,0,0,0,0,128000,0,0,0,481000,353000,128000,128000
055972,GIS元大97購04   ,0,0,0,0,0,0,0,0,0,128000,0,0,0,195000,67000,128000,128000
057943,可成國票99購03  ,0,0,0,0,0,0,0,0,0,128000,0,0,0,149000,21000,128000,128000
058514,潤泰全元大99購01,0,0,0,0,0,0,0,0,0,128000,0,0,0,224000,96000,128000,128000
059061,晶技凱基9A購01  ,0,0,0,0,0,0,0,0,0,128000,0,0,0,318000,190000,128000,128000
059006,樺漢元大99購01  ,0,0,0,0,0,0,0,0,0,128000,0,0,0,128000,0,128000,128000
061344,禾伸堂元大9A購02,0,0,0,0,0,0,0,0,0,128000,0,0,0,266000,138000,128000,128000
063808,台表科兆豐9C購01,0,0,0,0,0,0,0,0,0,128000,0,0,0,156000,28000,128000,128000
063155,緯穎元富9B購03  ,0,0,0,0,0,0,0,0,0,128000,0,0,0,199000,71000,128000,128000
063124,奇力新元大9B購05,0,0,0,0,0,0,0,0,0,128000,0,0,0,133000,5000,128000,128000
5434,崇越            ,171000,50000,121000,0,0,0,60000,0,60000,-53187,29000,82187,-53187,0,0,0,127813
00728,第一金工業30    ,2000,3000,-1000,0,0,0,0,0,0,128000,0,0,0,263000,135000,128000,127000
055698,茂林國票98購03  ,0,0,0,0,0,0,0,0,0,127000,0,0,0,130000,3000,127000,127000
060867,智伸科永豐9A購01,0,0,0,0,0,0,0,0,0,127000,0,0,0,148000,21000,127000,127000
057265,聯詠兆豐98購01  ,0,0,0,0,0,0,0,0,0,127000,0,0,0,159000,32000,127000,127000
056314,力成元大97購01  ,0,0,0,0,0,0,0,0,0,127000,0,0,0,127000,0,127000,127000
058208,百和凱基99購01  ,0,0,0,0,0,0,0,0,0,127000,0,0,0,127000,0,127000,127000
062344,力山群益9B購02  ,0,0,0,0,0,0,0,0,0,127000,0,0,0,172000,45000,127000,127000
062204,京元電國票9C購01,0,0,0,0,0,0,0,0,0,127000,0,0,0,129000,2000,127000,127000
064469,臻鼎元富9C購01  ,0,0,0,0,0,0,0,0,0,127000,0,0,0,220000,93000,127000,127000
3712,永崴投控        ,170000,23000,147000,0,0,0,0,0,0,-20000,0,0,0,0,20000,-20000,127000
6592,和潤企業        ,265000,75000,190000,0,0,0,0,60000,-60000,-3000,30000,0,30000,2000,35000,-33000,127000
065321,瑞昱凱基9C購01  ,0,0,0,0,0,0,0,0,0,126000,0,0,0,381000,255000,126000,126000
065762,台表科元大9C購13,0,0,0,0,0,0,0,0,0,126000,0,0,0,171000,45000,126000,126000
07457P,宏達電元大9A售01,0,0,0,0,0,0,0,0,0,126000,0,0,0,126000,0,126000,126000
056356,台積電元大99購01,0,0,0,0,0,0,0,0,0,126000,0,0,0,208000,82000,126000,126000
057073,康控永豐98購01  ,0,0,0,0,0,0,0,0,0,126000,0,0,0,131000,5000,126000,126000
054959,禾伸堂元大98購01,0,0,0,0,0,0,0,0,0,126000,0,0,0,329000,203000,126000,126000
061852,大立光國票9B購02,0,0,0,0,0,0,0,0,0,126000,0,0,0,131000,5000,126000,126000
063765,上銀元富9B購09  ,0,0,0,0,0,0,0,0,0,126000,0,0,0,126000,0,126000,126000
063637,聯發科元大9C購02,0,0,0,0,0,0,0,0,0,126000,0,0,0,179000,53000,126000,126000
064028,大毅元大01購01  ,0,0,0,0,0,0,0,0,0,126000,0,0,0,126000,0,126000,126000
064075,台積電中信06購01,0,0,0,0,0,0,0,0,0,126000,0,0,0,143000,17000,126000,126000
062616,玉晶光元大9C購06,0,0,0,0,0,0,0,0,0,126000,0,0,0,189000,63000,126000,126000
1210,大成            ,419000,419000,0,0,0,0,3000,0,3000,122000,134000,12000,122000,0,0,0,125000
055176,大毅統一98購02  ,0,0,0,0,0,0,0,0,0,125000,0,0,0,135000,10000,125000,125000
062044,健策凱基9B購02  ,0,0,0,0,0,0,0,0,0,125000,0,0,0,129000,4000,125000,125000
061351,智伸科元大9A購01,0,0,0,0,0,0,0,0,0,125000,0,0,0,125000,0,125000,125000
058841,深中小群益01購01,0,0,0,0,0,0,0,0,0,125000,0,0,0,680000,555000,125000,125000
063531,台表科凱基9B購04,0,0,0,0,0,0,0,0,0,125000,0,0,0,125000,0,125000,125000
064006,晶技凱基9C購02  ,0,0,0,0,0,0,0,0,0,125000,0,0,0,200000,75000,125000,125000
065664,矽格永豐9C購01  ,0,0,0,0,0,0,0,0,0,124000,0,0,0,141000,17000,124000,124000
064869,景碩永豐9C購01  ,0,0,0,0,0,0,0,0,0,124000,0,0,0,213000,89000,124000,124000
058245,訊連元大99購01  ,0,0,0,0,0,0,0,0,0,124000,0,0,0,146000,22000,124000,124000
063982,TPK兆豐9C購01   ,0,0,0,0,0,0,0,0,0,124000,0,0,0,124000,0,124000,124000
07078P,鴻海群益99售02  ,0,0,0,0,0,0,0,0,0,123000,0,0,0,126000,3000,123000,123000
054874,帆宣群益99購02  ,0,0,0,0,0,0,0,0,0,123000,0,0,0,208000,85000,123000,123000
061963,台積電統一01購04,0,0,0,0,0,0,0,0,0,123000,0,0,0,198000,75000,123000,123000
064370,聯茂統一02購01  ,0,0,0,0,0,0,0,0,0,123000,0,0,0,183000,60000,123000,123000
062617,京鼎元大9B購01  ,0,0,0,0,0,0,0,0,0,123000,0,0,0,605000,482000,123000,123000
07881P,台灣50凱基01售11,0,0,0,0,0,0,0,0,0,122000,0,0,0,122000,0,122000,122000
064803,智邦元大9C購05  ,0,0,0,0,0,0,0,0,0,122000,0,0,0,384000,262000,122000,122000
00662,富邦NASDAQ      ,0,0,0,0,0,0,0,0,0,122000,0,0,0,159000,37000,122000,122000
061026,南電富邦9B購01  ,0,0,0,0,0,0,0,0,0,122000,0,0,0,148000,26000,122000,122000
061117,美律國泰9C購01  ,0,0,0,0,0,0,0,0,0,122000,0,0,0,122000,0,122000,122000
058107,全新台新99購01  ,0,0,0,0,0,0,0,0,0,122000,0,0,0,126000,4000,122000,122000
058927,勤誠元富99購02  ,0,0,0,0,0,0,0,0,0,122000,0,0,0,204000,82000,122000,122000
062386,京鼎國泰9C購01  ,0,17000,-17000,0,0,0,0,0,0,139000,0,0,0,609000,470000,139000,122000
064734,大立光元富9C購05,0,0,0,0,0,0,0,0,0,122000,0,0,0,134000,12000,122000,122000
063925,祥碩元富9C購01  ,0,0,0,0,0,0,0,0,0,122000,0,0,0,122000,0,122000,122000
065286,瑞昱群益9C購03  ,0,0,0,0,0,0,0,0,0,121000,0,0,0,121000,0,121000,121000
06757P,台灣50元大9B售01,0,0,0,0,0,0,0,0,0,121000,0,0,0,124000,3000,121000,121000
057878,台郡元大99購04  ,0,0,0,0,0,0,0,0,0,121000,0,0,0,276000,155000,121000,121000
060009,南亞科群益99購03,0,0,0,0,0,0,0,0,0,121000,0,0,0,135000,14000,121000,121000
063088,緯穎凱基9B購04  ,0,0,0,0,0,0,0,0,0,121000,0,0,0,127000,6000,121000,121000
063249,祥碩元大9B購06  ,0,0,0,0,0,0,0,0,0,121000,0,0,0,331000,210000,121000,121000
2419,仲琦            ,140000,19000,121000,0,0,0,0,0,0,0,0,0,0,0,0,0,121000
07577P,華新科元大9A售09,0,0,0,0,0,0,0,0,0,120000,0,0,0,120000,0,120000,120000
07616P,瑞昱中信02售01  ,0,0,0,0,0,0,0,0,0,120000,0,0,0,120000,0,120000,120000
07242P,台灣50凱基9A售03,0,0,0,0,0,0,0,0,0,120000,0,0,0,120000,0,120000,120000
056999,元油2X國票98購02,0,0,0,0,0,0,0,0,0,120000,0,0,0,120000,0,120000,120000
053965,聯電元大98購04  ,0,0,0,0,0,0,0,0,0,120000,0,0,0,120000,0,120000,120000
055335,健策兆豐98購01  ,0,0,0,0,0,0,0,0,0,120000,0,0,0,120000,0,120000,120000
060704,台積電富邦01購01,0,0,0,0,0,0,0,0,0,120000,0,0,0,120000,0,120000,120000
060718,中磊永豐9A購01  ,0,0,0,0,0,0,0,0,0,120000,0,0,0,135000,15000,120000,120000
056276,同欣電國泰98購01,0,0,0,0,0,0,0,0,0,120000,0,0,0,120000,0,120000,120000
057311,玉晶光日盛9A購01,0,0,0,0,0,0,0,0,0,120000,0,0,0,120000,0,120000,120000
061506,瑞祺國票9A購02  ,0,0,0,0,0,0,0,0,0,120000,0,0,0,133000,13000,120000,120000
061898,茂林永豐9B購01  ,0,0,0,0,0,0,0,0,0,120000,0,0,0,122000,2000,120000,120000
061326,新日興凱基9B購01,0,0,0,0,0,0,0,0,0,120000,0,0,0,157000,37000,120000,120000
064458,玉晶光統一01購09,0,0,0,0,0,0,0,0,0,120000,0,0,0,133000,13000,120000,120000
065032,TPK兆豐01購01   ,0,0,0,0,0,0,0,0,0,119000,0,0,0,120000,1000,119000,119000
059181,世紀鋼元富9C購01,0,0,0,0,0,0,0,0,0,119000,0,0,0,138000,19000,119000,119000
064255,泰碩國泰02購01  ,0,0,0,0,0,0,0,0,0,119000,0,0,0,128000,9000,119000,119000
063359,泰鼎國泰01購01  ,0,0,0,0,0,0,0,0,0,119000,0,0,0,1075000,956000,119000,119000
062876,全新兆豐9B購01  ,0,0,0,0,0,0,0,0,0,119000,0,0,0,282000,163000,119000,119000
4164,承業醫          ,321000,156000,165000,0,0,0,0,0,0,-46000,40000,86000,-46000,0,0,0,119000
9941,裕融            ,140000,31000,109000,0,0,0,0,0,0,10000,10000,0,10000,0,0,0,119000
065023,大毅永豐9C購01  ,0,0,0,0,0,0,0,0,0,118000,0,0,0,118000,0,118000,118000
064792,美律國票9C購01  ,0,0,0,0,0,0,0,0,0,118000,0,0,0,138000,20000,118000,118000
065508,大成鋼群益01購01,0,0,0,0,0,0,0,0,0,118000,0,0,0,118000,0,118000,118000
060678,聯詠元大9A購03  ,0,0,0,0,0,0,0,0,0,118000,0,0,0,153000,35000,118000,118000
051530,鴻海國票97購01  ,0,0,0,0,0,0,0,0,0,118000,0,0,0,118000,0,118000,118000
061574,大毅元大9B購01  ,0,0,0,0,0,0,0,0,0,118000,0,0,0,118000,0,118000,118000
061184,大立光國泰9C購01,0,0,0,0,0,0,0,0,0,118000,0,0,0,161000,43000,118000,118000
059853,超眾永豐99購03  ,0,0,0,0,0,0,0,0,0,118000,0,0,0,143000,25000,118000,118000
064230,上銀統一01購04  ,0,0,0,0,0,0,0,0,0,118000,0,0,0,119000,1000,118000,118000
064203,康控兆豐9C購02  ,0,0,0,0,0,0,0,0,0,118000,0,0,0,166000,48000,118000,118000
063692,華擎永豐9B購02  ,0,0,0,0,0,0,0,0,0,118000,0,0,0,176000,58000,118000,118000
065140,國巨凱基01購02  ,0,0,0,0,0,0,0,0,0,117000,0,0,0,164000,47000,117000,117000
057075,嘉聯益永豐98購01,0,0,0,0,0,0,0,0,0,117000,0,0,0,127000,10000,117000,117000
056516,晶豪科兆豐98購01,0,0,0,0,0,0,0,0,0,117000,0,0,0,128000,11000,117000,117000
056496,康控國泰99購01  ,0,0,0,0,0,0,0,0,0,117000,0,0,0,188000,71000,117000,117000
063867,全新永豐9C購01  ,0,0,0,0,0,0,0,0,0,117000,0,0,0,325000,208000,117000,117000
063332,矽格國票9B購01  ,0,0,0,0,0,0,0,0,0,117000,0,0,0,155000,38000,117000,117000
063523,微星凱基9B購03  ,0,0,0,0,0,0,0,0,0,117000,0,0,0,117000,0,117000,117000
063497,東元永豐9B購01  ,0,0,0,0,0,0,0,0,0,117000,0,0,0,117000,0,117000,117000
3059,華晶科          ,224000,109000,115000,0,0,0,0,0,0,2000,4000,2000,2000,0,0,0,117000
064987,勤誠元大9C購02  ,0,0,0,0,0,0,0,0,0,116000,0,0,0,176000,60000,116000,116000
057600,大立光群益99購03,0,0,0,0,0,0,0,0,0,116000,0,0,0,169000,53000,116000,116000
058480,新日興凱基9A購01,0,0,0,0,0,0,0,0,0,116000,0,0,0,134000,18000,116000,116000
063015,微星元大9B購01  ,0,0,0,0,0,0,0,0,0,116000,0,0,0,126000,10000,116000,116000
062381,上銀國泰9C購01  ,0,0,0,0,0,0,0,0,0,116000,0,0,0,132000,16000,116000,116000
063606,TPK凱基9C購01   ,0,0,0,0,0,0,0,0,0,116000,0,0,0,289000,173000,116000,116000
3504,揚明光          ,237000,128000,109000,0,0,0,0,0,0,7000,0,1000,-1000,8000,0,8000,116000
9944,新麗            ,200000,84000,116000,0,0,0,0,0,0,0,0,0,0,0,0,0,116000
1710,東聯            ,202000,87000,115000,0,0,0,0,0,0,0,0,0,0,0,0,0,115000
061152,微星群益9A購01  ,0,0,0,0,0,0,0,0,0,115000,0,0,0,115000,0,115000,115000
057776,京元電群益98購02,0,0,0,0,0,0,0,0,0,115000,0,0,0,139000,24000,115000,115000
060146,健策國票9A購03  ,0,0,0,0,0,0,0,0,0,115000,0,0,0,115000,0,115000,115000
061882,矽創元大9B購01  ,0,0,0,0,0,0,0,0,0,115000,0,0,0,145000,30000,115000,115000
063563,國巨元大9C購07  ,0,0,0,0,0,0,0,0,0,115000,0,0,0,125000,10000,115000,115000
063992,大立光中信9C購03,0,0,0,0,0,0,0,0,0,115000,0,0,0,225000,110000,115000,115000
062974,奇力新元富9B購01,0,0,0,0,0,0,0,0,0,115000,0,0,0,115000,0,115000,115000
08002P,大毅國票9B售03  ,0,0,0,0,0,0,0,0,0,114000,0,0,0,400000,286000,114000,114000
064920,景碩統一01購02  ,0,0,0,0,0,0,0,0,0,114000,0,0,0,126000,12000,114000,114000
065127,世芯永豐9C購03  ,0,0,0,0,0,0,0,0,0,114000,0,0,0,114000,0,114000,114000
057783,台積電國票9A購01,0,0,0,0,0,0,0,0,0,114000,0,0,0,119000,5000,114000,114000
057388,奇鋐永豐98購02  ,0,0,0,0,0,0,0,0,0,114000,0,0,0,124000,10000,114000,114000
061734,全新中信9B購02  ,0,0,0,0,0,0,0,0,0,114000,0,0,0,234000,120000,114000,114000
058149,百和元大99購02  ,0,0,0,0,0,0,0,0,0,114000,0,0,0,223000,109000,114000,114000
059823,奇力新凱基99購07,0,0,0,0,0,0,0,0,0,114000,0,0,0,114000,0,114000,114000
063074,創意永豐9B購02  ,0,0,0,0,0,0,0,0,0,114000,0,0,0,186000,72000,114000,114000
063082,瑞昱凱基9B購04  ,0,0,0,0,0,0,0,0,0,114000,0,0,0,304000,190000,114000,114000
062223,大立光統一9C購04,0,0,0,0,0,0,0,0,0,114000,0,0,0,114000,0,114000,114000
063763,上銀元富9B購07  ,0,0,0,0,0,0,0,0,0,114000,0,0,0,126000,12000,114000,114000
057163,上銀元大98購04  ,0,0,0,0,0,0,0,0,0,113000,0,0,0,114000,1000,113000,113000
020015,統一MSCI美低波N ,0,0,0,0,0,0,0,0,0,113000,0,0,0,160000,47000,113000,113000
055962,晶豪科元大97購02,0,0,0,0,0,0,0,0,0,113000,0,0,0,113000,0,113000,113000
061910,台積電中信05購03,0,0,0,0,0,0,0,0,0,113000,0,0,0,113000,0,113000,113000
060310,瑞昱永豐9A購01  ,0,0,0,0,0,0,0,0,0,113000,0,0,0,139000,26000,113000,113000
063741,GIS元大9B購04   ,0,0,0,0,0,0,0,0,0,113000,0,0,0,291000,178000,113000,113000
064033,茂林元大9C購02  ,0,0,0,0,0,0,0,0,0,113000,0,0,0,220000,107000,113000,113000
064098,正崴群益9C購01  ,0,0,0,0,0,0,0,0,0,113000,0,0,0,113000,0,113000,113000
06425P,TPK永豐97售02   ,0,0,0,0,0,0,0,0,0,113000,0,0,0,113000,0,113000,113000
062457,京元電群益9B購01,0,0,0,0,0,0,0,0,0,113000,0,0,0,113000,0,113000,113000
065605,義隆元大01購02  ,0,0,0,0,0,0,0,0,0,112000,0,0,0,515000,403000,112000,112000
056915,上銀兆豐99購01  ,0,0,0,0,0,0,0,0,0,112000,0,0,0,112000,0,112000,112000
049700,瀚宇博元大97購01,0,0,0,0,0,0,0,0,0,112000,0,0,0,325000,213000,112000,112000
057537,聯茂元大98購04  ,0,0,0,0,0,0,0,0,0,112000,0,0,0,112000,0,112000,112000
057636,上銀元大98購06  ,0,0,0,0,0,0,0,0,0,112000,0,0,0,114000,2000,112000,112000
060214,茂林康和9A購01  ,0,0,0,0,0,0,0,0,0,112000,0,0,0,169000,57000,112000,112000
061379,鈺齊永豐9A購02  ,0,0,0,0,0,0,0,0,0,112000,0,0,0,200000,88000,112000,112000
061305,帆宣永豐9A購01  ,0,0,0,0,0,0,0,0,0,112000,0,0,0,177000,65000,112000,112000
062364,瑞昱元大9B購04  ,0,0,0,0,0,0,0,0,0,112000,0,0,0,194000,82000,112000,112000
062325,鴻海統一9B購05  ,0,0,0,0,0,0,0,0,0,112000,0,0,0,204000,92000,112000,112000
064226,TPK國票01購01   ,0,0,0,0,0,0,0,0,0,112000,0,0,0,144000,32000,112000,112000
064280,大立光元大9C購11,0,0,0,0,0,0,0,0,0,112000,0,0,0,118000,6000,112000,112000
063781,健策永豐9B購08  ,0,0,0,0,0,0,0,0,0,112000,0,0,0,137000,25000,112000,112000
056309,合勤控元大97購01,0,0,0,0,0,0,0,0,0,111000,0,0,0,214000,103000,111000,111000
056268,新日興統一97購01,0,0,0,0,0,0,0,0,0,111000,0,0,0,111000,0,111000,111000
057320,玉晶光凱基98購01,0,0,0,0,0,0,0,0,0,111000,0,0,0,127000,16000,111000,111000
056483,TPK元大98購01   ,0,0,0,0,0,0,0,0,0,111000,0,0,0,312000,201000,111000,111000
050378,上証2X群益98購02,0,0,0,0,0,0,0,0,0,111000,0,0,0,111000,0,111000,111000
054642,訊芯中信9A購01  ,0,0,0,0,0,0,0,0,0,111000,0,0,0,121000,10000,111000,111000
061555,聯電國票9B購01  ,0,0,0,0,0,0,0,0,0,111000,0,0,0,111000,0,111000,111000
059956,玉山金康和99購01,0,0,0,0,0,0,0,0,0,111000,0,0,0,133000,22000,111000,111000
062138,力成群益9B購01  ,0,0,0,0,0,0,0,0,0,111000,0,0,0,160000,49000,111000,111000
064100,義隆群益9C購01  ,0,0,0,0,0,0,0,0,0,111000,0,0,0,196000,85000,111000,111000
064511,GIS元大9C購05   ,0,0,0,0,0,0,0,0,0,111000,0,0,0,113000,2000,111000,111000
062302,聯詠中信05購02  ,0,0,0,0,0,0,0,0,0,111000,0,0,0,112000,1000,111000,111000
063158,瑞昱台新9B購02  ,0,0,0,0,0,0,0,0,0,111000,0,0,0,112000,1000,111000,111000
5607,遠雄港          ,213000,63000,150000,0,0,0,0,0,0,-39000,0,0,0,0,39000,-39000,111000
2441,超豐            ,276000,158000,118000,0,0,0,0,2000,-2000,-5000,0,5000,-5000,0,0,0,111000
07688P,華通元大9A售07  ,0,0,0,0,0,0,0,0,0,110000,0,0,0,120000,10000,110000,110000
07840P,康控元大9A售02  ,0,0,0,0,0,0,0,0,0,110000,0,0,0,404000,294000,110000,110000
08275P,南亞科元富9C售01,0,0,0,0,0,0,0,0,0,110000,0,0,0,150000,40000,110000,110000
08522P,智邦元大9C售08  ,0,0,0,0,0,0,0,0,0,110000,0,0,0,110000,0,110000,110000
054821,貿聯元大9A購01  ,0,0,0,0,0,0,0,0,0,110000,0,0,0,110000,0,110000,110000
057927,勤誠凱基98購01  ,0,0,0,0,0,0,0,0,0,110000,0,0,0,110000,0,110000,110000
060654,大毅群益9B購01  ,0,0,0,0,0,0,0,0,0,110000,0,0,0,161000,51000,110000,110000
060715,日電貿永豐9A購01,0,0,0,0,0,0,0,0,0,110000,0,0,0,110000,0,110000,110000
061911,台積電中信05購04,0,0,0,0,0,0,0,0,0,110000,0,0,0,110000,0,110000,110000
061703,信邦國票9A購01  ,0,0,0,0,0,0,0,0,0,110000,0,0,0,350000,240000,110000,110000
060115,南電元大99購06  ,0,0,0,0,0,0,0,0,0,110000,0,0,0,110000,0,110000,110000
061476,大毅元大9A購02  ,0,0,0,0,0,0,0,0,0,110000,0,0,0,110000,0,110000,110000
059468,智邦元大99購02  ,0,0,0,0,0,0,0,0,0,110000,0,0,0,150000,40000,110000,110000
061577,泰碩元大9A購03  ,0,0,0,0,0,0,0,0,0,110000,0,0,0,112000,2000,110000,110000
059090,台新金元大99購01,0,0,0,0,0,0,0,0,0,110000,0,0,0,110000,0,110000,110000
058274,世紀鋼永豐99購01,0,0,0,0,0,0,0,0,0,110000,0,0,0,110000,0,110000,110000
063090,道瓊反中信9C購02,0,0,0,0,0,0,0,0,0,110000,0,0,0,110000,0,110000,110000
063919,大立光元富03購01,0,0,0,0,0,0,0,0,0,110000,0,0,0,277000,167000,110000,110000
4952,凌通            ,208000,137000,71000,0,0,0,0,0,0,39000,40000,1000,39000,0,0,0,110000
3694,海華            ,196000,86000,110000,0,0,0,0,0,0,0,0,0,0,0,0,0,110000
064879,健策兆豐01購01  ,0,0,0,0,0,0,0,0,0,109000,0,0,0,109000,0,109000,109000
064826,南亞科統一01購03,0,0,0,0,0,0,0,0,0,109000,0,0,0,119000,10000,109000,109000
060774,南亞科凱基9A購01,0,0,0,0,0,0,0,0,0,109000,0,0,0,129000,20000,109000,109000
057665,技嘉元大99購01  ,0,0,0,0,0,0,0,0,0,109000,0,0,0,178000,69000,109000,109000
057371,可成元大98購08  ,0,0,0,0,0,0,0,0,0,109000,0,0,0,109000,0,109000,109000
057449,華新科元富99購02,0,0,0,0,0,0,0,0,0,109000,0,0,0,109000,0,109000,109000
063819,致新群益9C購01  ,0,0,0,0,0,0,0,0,0,109000,0,0,0,400000,291000,109000,109000
062984,致新元富9B購01  ,0,0,0,0,0,0,0,0,0,109000,0,0,0,241000,132000,109000,109000
062407,同欣電永豐9B購01,0,0,0,0,0,0,0,0,0,109000,0,0,0,130000,21000,109000,109000
1718,中纖            ,719000,570000,149000,0,0,0,0,0,0,-41000,0,41000,-41000,0,0,0,108000
056551,台郡凱基98購04  ,0,0,0,0,0,0,0,0,0,108000,0,0,0,208000,100000,108000,108000
057176,全新元大99購02  ,0,0,0,0,0,0,0,0,0,108000,0,0,0,361000,253000,108000,108000
057870,大立光凱基99購02,0,0,0,0,0,0,0,0,0,108000,0,0,0,108000,0,108000,108000
059162,國巨凱基99購12  ,0,0,0,0,0,0,0,0,0,108000,0,0,0,196000,88000,108000,108000
058797,大毅元大99購03  ,0,0,0,0,0,0,0,0,0,108000,0,0,0,108000,0,108000,108000
060591,富邦金台新9A購01,0,0,0,0,0,0,0,0,0,108000,0,0,0,200000,92000,108000,108000
061505,力成國票9A購03  ,0,0,0,0,0,0,0,0,0,108000,0,0,0,241000,133000,108000,108000
062190,瀚宇博元大9B購01,0,0,0,0,0,0,0,0,0,108000,0,0,0,585000,477000,108000,108000
062565,漢唐中信9C購01  ,0,0,0,0,0,0,0,0,0,108000,0,0,0,130000,22000,108000,108000
063703,晶豪科群益9B購02,0,0,0,0,0,0,0,0,0,108000,0,0,0,355000,247000,108000,108000
064384,聯電富邦01購01  ,0,0,0,0,0,0,0,0,0,108000,0,0,0,215000,107000,108000,108000
08369P,鴻海凱基01售04  ,0,0,0,0,0,0,0,0,0,107000,0,0,0,112000,5000,107000,107000
064938,華新科元富9C購01,0,0,0,0,0,0,0,0,0,107000,0,0,0,107000,0,107000,107000
057587,微星國票99購01  ,0,0,0,0,0,0,0,0,0,107000,0,0,0,107000,0,107000,107000
057592,美律兆豐99購01  ,0,0,0,0,0,0,0,0,0,107000,0,0,0,311000,204000,107000,107000
061926,晶技凱基9B購02  ,0,0,0,0,0,0,0,0,0,107000,0,0,0,107000,0,107000,107000
061617,微星群益9A購02  ,0,0,0,0,0,0,0,0,0,107000,0,0,0,180000,73000,107000,107000
059692,聯詠永豐99購01  ,2000,0,2000,0,0,0,0,0,0,105000,0,0,0,122000,17000,105000,107000
059116,晶豪科永豐99購01,0,0,0,0,0,0,0,0,0,107000,0,0,0,259000,152000,107000,107000
058380,臺股指凱基99購15,0,0,0,0,0,0,0,0,0,107000,0,0,0,727000,620000,107000,107000
064261,力山永豐9C購01  ,0,0,0,0,0,0,0,0,0,107000,0,0,0,190000,83000,107000,107000
062366,義隆元大9B購04  ,0,0,0,0,0,0,0,0,0,107000,0,0,0,158000,51000,107000,107000
065540,台表科統一02購05,0,0,0,0,0,0,0,0,0,106000,0,0,0,126000,20000,106000,106000
07793P,同欣電元大9A售02,0,0,0,0,0,0,0,0,0,106000,0,0,0,106000,0,106000,106000
060640,京鼎永豐9A購01  ,0,0,0,0,0,0,0,0,0,106000,0,0,0,370000,264000,106000,106000
056981,全新群益99購03  ,0,0,0,0,0,0,0,0,0,106000,0,0,0,152000,46000,106000,106000
054377,臺股指中信99購09,0,0,0,0,0,0,0,0,0,106000,0,0,0,106000,0,106000,106000
058775,台積電國票9A購02,0,0,0,0,0,0,0,0,0,106000,0,0,0,125000,19000,106000,106000
061693,華新科群益9B購02,0,0,0,0,0,0,0,0,0,106000,0,0,0,106000,0,106000,106000
062040,玉晶光凱基01購01,0,0,0,0,0,0,0,0,0,106000,0,0,0,137000,31000,106000,106000
062262,茂林元大9B購02  ,0,0,0,0,0,0,0,0,0,106000,0,0,0,126000,20000,106000,106000
062948,台積電富邦01購02,0,0,0,0,0,0,0,0,0,106000,0,0,0,106000,0,106000,106000
063321,泰鼎群益9B購03  ,0,0,0,0,0,0,0,0,0,106000,0,0,0,126000,20000,106000,106000
063319,神達群益9B購01  ,0,0,0,0,0,0,0,0,0,106000,0,0,0,129000,23000,106000,106000
8081,致新            ,157000,79000,78000,0,0,0,0,0,0,28000,53000,15000,38000,17000,27000,-10000,106000
065783,友訊永豐9C購02  ,0,0,0,0,0,0,0,0,0,105000,0,0,0,349000,244000,105000,105000
057206,立積元富98購01  ,0,0,0,0,0,0,0,0,0,105000,0,0,0,125000,20000,105000,105000
057169,微星元大98購01  ,0,0,0,0,0,0,0,0,0,105000,0,0,0,105000,0,105000,105000
057055,立積元大99購01  ,0,0,0,0,0,0,0,0,0,105000,0,0,0,105000,0,105000,105000
058210,臺股指凱基9C購04,0,0,0,0,0,0,0,0,0,105000,0,0,0,633000,528000,105000,105000
059509,奇力新永豐99購02,0,0,0,0,0,0,0,0,0,105000,0,0,0,105000,0,105000,105000
063081,技嘉凱基9B購02  ,0,0,0,0,0,0,0,0,0,105000,0,0,0,268000,163000,105000,105000
2471,資通            ,103000,3000,100000,0,0,0,5000,0,5000,0,0,0,0,0,0,0,105000
065447,緯創統一02購02  ,0,0,0,0,0,0,0,0,0,104000,0,0,0,158000,54000,104000,104000
07844P,可成國票9A售01  ,0,0,0,0,0,0,0,0,0,104000,0,0,0,170000,66000,104000,104000
08572P,台灣50凱基9C售13,0,0,0,0,0,0,0,0,0,104000,0,0,0,104000,0,104000,104000
057381,微星國泰9A購01  ,0,0,0,0,0,0,0,0,0,104000,0,0,0,104000,0,104000,104000
03052X,元展49          ,0,0,0,0,0,0,0,0,0,104000,0,0,0,104000,0,104000,104000
063107,矽創群益9B購01  ,0,0,0,0,0,0,0,0,0,104000,0,0,0,393000,289000,104000,104000
063554,GIS國票9C購03   ,0,0,0,0,0,0,0,0,0,104000,0,0,0,122000,18000,104000,104000
062596,緯穎統一01購02  ,0,0,0,0,0,0,0,0,0,104000,0,0,0,223000,119000,104000,104000
062708,立積元大9B購01  ,0,0,0,0,0,0,0,0,0,104000,0,0,0,145000,41000,104000,104000
064277,可成元大9C購04  ,0,0,0,0,0,0,0,0,0,104000,0,0,0,182000,78000,104000,104000
064295,聚陽國票01購01  ,0,0,0,0,0,0,0,0,0,104000,0,0,0,104000,0,104000,104000
08130P,義隆元大9B售05  ,0,0,0,0,0,0,0,0,0,103000,0,0,0,227000,124000,103000,103000
065789,泰碩永豐9C購02  ,0,0,0,0,0,0,0,0,0,103000,0,0,0,103000,0,103000,103000
064829,義隆統一01購02  ,0,0,0,0,0,0,0,0,0,103000,0,0,0,442000,339000,103000,103000
057574,中磊永豐98購01  ,0,0,0,0,0,0,0,0,0,103000,0,0,0,103000,0,103000,103000
061619,大立光群益9B購01,0,0,0,0,0,0,0,0,0,103000,0,0,0,105000,2000,103000,103000
059537,大立光凱基99購09,0,0,0,0,0,0,0,0,0,103000,0,0,0,103000,0,103000,103000
058437,可成統一9B購01  ,0,0,0,0,0,0,0,0,0,103000,0,0,0,138000,35000,103000,103000
058312,大毅國泰9B購01  ,0,0,0,0,0,0,0,0,0,103000,0,0,0,303000,200000,103000,103000
059223,大立光元大99購14,0,0,0,0,0,0,0,0,0,103000,0,0,0,103000,0,103000,103000
058923,華新科元富99購06,0,0,0,0,0,0,0,0,0,103000,0,0,0,128000,25000,103000,103000
064182,臻鼎富邦01購01  ,0,0,0,0,0,0,0,0,0,103000,0,0,0,436000,333000,103000,103000
065173,可成元大9C購10  ,0,0,0,0,0,0,0,0,0,102000,0,0,0,139000,37000,102000,102000
07976P,聯發科群益9C售02,0,0,0,0,0,0,0,0,0,102000,0,0,0,102000,0,102000,102000
07715P,台灣50群益9A售14,0,0,0,0,0,0,0,0,0,102000,0,0,0,112000,10000,102000,102000
057367,技嘉元大98購02  ,0,0,0,0,0,0,0,0,0,102000,0,0,0,206000,104000,102000,102000
057514,華新科元富99購03,0,0,0,0,0,0,0,0,0,102000,0,0,0,122000,20000,102000,102000
057236,聯詠凱基98購03  ,0,0,0,0,0,0,0,0,0,102000,0,0,0,144000,42000,102000,102000
056813,聯茂統一99購01  ,0,0,0,0,0,0,0,0,0,102000,0,0,0,102000,0,102000,102000
056095,臻鼎元富9A購01  ,0,0,0,0,0,0,0,0,0,102000,0,0,0,343000,241000,102000,102000
059984,華新科元大99購21,0,0,0,0,0,0,0,0,0,102000,0,0,0,171000,69000,102000,102000
064085,儒鴻凱基9C購02  ,0,0,0,0,0,0,0,0,0,102000,0,0,0,174000,72000,102000,102000
063623,祥碩兆豐9B購02  ,0,0,0,0,0,0,0,0,0,102000,0,0,0,247000,145000,102000,102000
9136,巨騰-DR         ,157000,135000,22000,0,0,0,0,0,0,80000,80000,0,80000,0,0,0,102000
060962,義隆凱基9B購01  ,0,0,0,0,0,0,0,0,0,101000,0,0,0,163000,62000,101000,101000
056740,大立光凱基98購13,0,0,0,0,0,0,0,0,0,101000,0,0,0,101000,0,101000,101000
058967,可成麥證99購01  ,0,0,0,112000,4000,108000,0,0,0,101000,0,0,0,112000,11000,101000,101000
062019,嘉澤永豐9B購01  ,0,0,0,0,0,0,0,0,0,101000,0,0,0,115000,14000,101000,101000
058552,欣興永豐99購01  ,0,0,0,0,0,0,0,0,0,101000,0,0,0,101000,0,101000,101000
060561,台積電富邦04購01,0,0,0,0,0,0,0,0,0,101000,0,0,0,106000,5000,101000,101000
063676,上銀國泰9C購02  ,0,0,0,0,0,0,0,0,0,101000,0,0,0,170000,69000,101000,101000
063654,上銀元富9B購05  ,0,0,0,0,0,0,0,0,0,101000,0,0,0,109000,8000,101000,101000
062682,全新統一9B購01  ,0,0,0,0,0,0,0,0,0,101000,0,0,0,945000,844000,101000,101000
3419,譁裕            ,147000,66000,81000,0,0,0,0,0,0,20000,20000,0,20000,0,0,0,101000
07818P,台積電國票9C售01,0,0,0,0,0,0,0,0,0,100000,0,0,0,200000,100000,100000,100000
08004P,大毅永豐9B售02  ,0,0,0,0,0,0,0,0,0,100000,0,0,0,100000,0,100000,100000
07993P,寶成群益9B售01  ,0,0,0,0,0,0,0,0,0,100000,0,0,0,100000,0,100000,100000
08080P,祥碩國票9B售03  ,0,0,0,0,0,0,0,0,0,100000,0,0,0,100000,0,100000,100000
08059P,京鼎元大9B售02  ,0,0,0,0,0,0,0,0,0,100000,0,0,0,100000,0,100000,100000
07192P,聯發科元大99售23,0,0,0,0,0,0,0,0,0,100000,0,0,0,100000,0,100000,100000
07491P,臺股指國票9A售09,0,0,0,0,0,0,0,0,0,100000,0,0,0,100000,0,100000,100000
06959P,鴻海凱基9A售02  ,0,0,0,0,0,0,0,0,0,100000,0,0,0,100000,0,100000,100000
08508P,臺股指國票9C售09,0,0,0,0,0,0,0,0,0,100000,0,0,0,150000,50000,100000,100000
08491P,全新元大9C售01  ,0,0,0,0,0,0,0,0,0,100000,0,0,0,100000,0,100000,100000
06746P,聯發科群益99售02,0,0,0,0,0,0,0,0,0,100000,0,0,0,100000,0,100000,100000
06728P,全新元大98售03  ,0,0,0,0,0,0,0,0,0,100000,0,0,0,100000,0,100000,100000
065444,燿華統一02購02  ,0,0,0,0,0,0,0,0,0,100000,0,0,0,100000,0,100000,100000
065509,上銀群益9C購04  ,0,0,0,0,0,0,0,0,0,100000,0,0,0,100000,0,100000,100000
056582,易華電元大98購01,0,0,0,0,0,0,0,0,0,100000,0,0,0,100000,0,100000,100000
056657,華邦電元大99購01,0,0,0,0,0,0,0,0,0,100000,0,0,0,214000,114000,100000,100000
057193,力成元大98購02  ,0,0,0,0,0,0,0,0,0,100000,0,0,0,100000,0,100000,100000
057041,國巨元大99購04  ,0,0,0,0,0,0,0,0,0,100000,0,0,0,100000,0,100000,100000
058034,神達永豐98購02  ,0,0,0,0,0,0,0,0,0,100000,0,0,0,100000,0,100000,100000
057689,南亞科凱基99購02,0,0,0,0,0,0,0,0,0,100000,0,0,0,100000,0,100000,100000
057527,億光元大98購01  ,0,0,0,0,0,0,0,0,0,100000,0,0,0,100000,0,100000,100000
057376,新日興元大98購04,0,0,0,0,0,0,0,0,0,100000,0,0,0,100000,0,100000,100000
060657,旺宏統一9B購05  ,0,0,0,0,0,0,0,0,0,100000,0,0,0,150000,50000,100000,100000
055288,日電貿元大97購02,0,0,0,0,0,0,0,0,0,100000,0,0,0,100000,0,100000,100000
055256,日電貿統一99購01,0,0,0,0,0,0,0,0,0,100000,0,0,0,246000,146000,100000,100000
054554,大立光凱基98購02,0,0,0,0,0,0,0,0,0,100000,0,0,0,100000,0,100000,100000
056794,上銀麥證98購01  ,0,0,0,100000,0,100000,0,0,0,100000,0,0,0,100000,0,100000,100000
056902,大立光元大98購12,0,0,0,0,0,0,0,0,0,100000,0,0,0,100000,0,100000,100000
050508,上証2X元大97購01,0,0,0,0,0,0,0,0,0,100000,0,0,0,150000,50000,100000,100000
055793,臺股指凱基97購16,0,0,0,0,0,0,0,0,0,100000,0,0,0,100000,0,100000,100000
052783,台郡國票97購01  ,0,0,0,0,0,0,0,0,0,100000,0,0,0,100000,0,100000,100000
05957P,友達國票97售04  ,0,0,0,0,0,0,0,0,0,100000,0,0,0,100000,0,100000,100000
060879,華新科中信9A購02,0,0,0,0,0,0,0,0,0,100000,0,0,0,100000,0,100000,100000
061575,華新科元大9A購20,0,0,0,0,0,0,0,0,0,100000,0,0,0,100000,0,100000,100000
058549,藍天永豐99購01  ,0,0,0,0,0,0,0,0,0,100000,0,0,0,300000,200000,100000,100000
058356,華邦電凱基99購01,0,0,0,0,0,0,0,0,0,100000,0,0,0,175000,75000,100000,100000
059313,元石油元大99購06,0,0,0,0,0,0,0,0,0,100000,0,0,0,100000,0,100000,100000
061747,南亞科統一01購01,0,0,0,0,0,0,0,0,0,100000,0,0,0,250000,150000,100000,100000
061664,上銀中信9A購01  ,0,0,0,0,0,0,0,0,0,100000,0,0,0,100000,0,100000,100000
061637,華新科元大9A購22,0,0,0,0,0,0,0,0,0,100000,0,0,0,100000,0,100000,100000
058145,聯茂元大99購03  ,0,0,0,0,0,0,0,0,0,100000,0,0,0,168000,68000,100000,100000
058195,鈺齊永豐99購01  ,0,0,0,0,0,0,0,0,0,100000,0,0,0,100000,0,100000,100000
061774,T50反1國票9B購06,0,0,0,0,0,0,0,0,0,100000,0,0,0,100000,0,100000,100000
059381,TPK亞東99購01   ,0,0,0,0,0,0,0,0,0,100000,0,0,0,100000,0,100000,100000
059060,大立光凱基9A購03,0,0,0,0,0,0,0,0,0,100000,0,0,0,104000,4000,100000,100000
060110,茂林元大99購06  ,0,0,0,0,0,0,0,0,0,100000,0,0,0,100000,0,100000,100000
060131,GIS永豐99購03   ,0,0,0,0,0,0,0,0,0,100000,0,0,0,110000,10000,100000,100000
060304,大立光富邦9C購05,0,0,0,0,0,0,0,0,0,100000,0,0,0,105000,5000,100000,100000
062693,中石化元大02購01,0,0,0,0,0,0,0,0,0,100000,0,0,0,200000,100000,100000,100000
062178,上銀元大9B購03  ,0,0,0,0,0,0,0,0,0,100000,0,0,0,127000,27000,100000,100000
063441,台達電統一9C購01,0,0,0,0,0,0,0,0,0,100000,0,0,0,110000,10000,100000,100000
063073,瑞昱永豐9B購01  ,0,0,0,0,0,0,0,0,0,100000,0,0,0,109000,9000,100000,100000
064074,南茂永豐9C購01  ,0,0,0,0,0,0,0,0,0,100000,0,0,0,104000,4000,100000,100000
063911,大立光凱基9C購03,0,0,0,0,0,0,0,0,0,100000,0,0,0,152000,52000,100000,100000
6108,競國            ,112000,5000,107000,0,0,0,0,7000,-7000,0,0,0,0,0,0,0,100000
065052,南六凱基02購02  ,0,0,0,0,0,0,0,0,0,99000,0,0,0,100000,1000,99000,99000
07370P,南亞科凱基99售08,0,0,0,0,0,0,0,0,0,99000,0,0,0,99000,0,99000,99000
055844,大毅元大98購01  ,0,0,0,0,0,0,0,0,0,99000,0,0,0,99000,0,99000,99000
060675,南亞科元大9A購02,0,0,0,0,0,0,0,0,0,99000,0,0,0,137000,38000,99000,99000
060707,台郡富邦9A購01  ,0,0,0,0,0,0,0,0,0,99000,0,0,0,470000,371000,99000,99000
060777,茂林凱基9C購01  ,0,0,0,0,0,0,0,0,0,99000,0,0,0,170000,71000,99000,99000
057616,聯電凱基99購01  ,0,0,0,0,0,0,0,0,0,99000,0,0,0,199000,100000,99000,99000
057566,欣興富邦99購01  ,0,0,0,0,0,0,0,0,0,99000,0,0,0,113000,14000,99000,99000
057226,上銀凱基98購06  ,0,0,0,0,0,0,0,0,0,99000,0,0,0,99000,0,99000,99000
061842,牧德凱基9C購01  ,0,0,0,0,0,0,0,0,0,99000,0,0,0,170000,71000,99000,99000
062106,華邦電國票9B購02,0,0,0,0,0,0,0,0,0,99000,0,0,0,251000,152000,99000,99000
062089,矽創元大9B購02  ,0,0,0,0,0,0,0,0,0,99000,0,0,0,150000,51000,99000,99000
059170,康控凱基9B購01  ,0,0,0,0,0,0,0,0,0,99000,0,0,0,260000,161000,99000,99000
058831,茂林永豐99購01  ,0,0,0,0,0,0,0,0,0,99000,0,0,0,109000,10000,99000,99000
064544,國巨凱基9C購09  ,0,0,0,0,0,0,0,0,0,99000,0,0,0,164000,65000,99000,99000
062730,致伸凱基9B購01  ,0,0,0,0,0,0,0,0,0,99000,0,0,0,200000,101000,99000,99000
07843P,緯穎元大9A售05  ,0,0,0,0,0,0,0,0,0,98000,0,0,0,100000,2000,98000,98000
064888,景碩中信9C購01  ,0,0,0,0,0,0,0,0,0,98000,0,0,0,130000,32000,98000,98000
065615,南電元大01購03  ,0,0,0,0,0,0,0,0,0,98000,0,0,0,100000,2000,98000,98000
060667,力成凱基9A購01  ,0,0,0,0,0,0,0,0,0,98000,0,0,0,129000,31000,98000,98000
054807,台化元大9A購02  ,0,0,0,0,0,0,0,0,0,98000,0,0,0,98000,0,98000,98000
054778,世紀鋼國票99購01,0,0,0,0,0,0,0,0,0,98000,0,0,0,98000,0,98000,98000
060490,華新科台新9A購01,0,0,0,0,0,0,0,0,0,98000,0,0,0,104000,6000,98000,98000
060956,超眾群益9A購01  ,0,0,0,0,0,0,0,0,0,98000,0,0,0,98000,0,98000,98000
059143,國巨國票9A購04  ,0,0,0,0,0,0,0,0,0,98000,0,0,0,151000,53000,98000,98000
061719,緯穎凱基9A購06  ,0,0,0,0,0,0,0,0,0,98000,0,0,0,183000,85000,98000,98000
064891,台達電群益9C購01,0,0,0,0,0,0,0,0,0,97000,0,0,0,156000,59000,97000,97000
064907,緯穎群益9C購02  ,0,0,0,0,0,0,0,0,0,97000,0,0,0,140000,43000,97000,97000
056642,旺宏凱基98購07  ,0,0,0,0,0,0,0,0,0,97000,0,0,0,120000,23000,97000,97000
056646,奇鋐凱基99購02  ,0,0,0,0,0,0,0,0,0,97000,0,0,0,107000,10000,97000,97000
062035,瑞祺群益9B購01  ,0,0,0,0,0,0,0,0,0,97000,0,0,0,101000,4000,97000,97000
062032,崇越群益9B購01  ,0,0,0,0,0,0,0,0,0,97000,0,0,0,170000,73000,97000,97000
058188,華擎永豐99購01  ,0,0,0,0,0,0,0,0,0,97000,0,0,0,267000,170000,97000,97000
059008,鈺齊元大99購03  ,0,0,0,0,0,0,0,0,0,97000,0,0,0,100000,3000,97000,97000
061454,國巨凱基9A購16  ,0,0,0,0,0,0,0,0,0,97000,0,0,0,114000,17000,97000,97000
061352,茂林元大9A購04  ,0,0,0,0,0,0,0,0,0,97000,0,0,0,143000,46000,97000,97000
060601,技嘉凱基9A購02  ,0,0,0,0,0,0,0,0,0,97000,0,0,0,128000,31000,97000,97000
063295,京元電麥證9B購01,0,0,0,122000,25000,97000,0,0,0,97000,0,0,0,122000,25000,97000,97000
063786,瑞昱中信06購01  ,0,0,0,0,0,0,0,0,0,97000,0,0,0,145000,48000,97000,97000
065029,微星兆豐9C購01  ,0,0,0,0,0,0,0,0,0,96000,0,0,0,107000,11000,96000,96000
2013,中鋼構          ,163000,67000,96000,0,0,0,0,0,0,0,0,0,0,0,0,0,96000
1215,卜蜂            ,288000,66000,222000,0,0,0,0,132000,-132000,6000,0,0,0,18000,12000,6000,96000
056545,TPK凱基98購02   ,0,0,0,0,0,0,0,0,0,96000,0,0,0,127000,31000,96000,96000
060653,全新群益9A購02  ,0,0,0,0,0,0,0,0,0,96000,0,0,0,165000,69000,96000,96000
055910,瑞昱凱基98購01  ,0,0,0,0,0,0,0,0,0,96000,0,0,0,96000,0,96000,96000
057958,禾伸堂元大99購05,0,0,0,0,0,0,0,0,0,96000,0,0,0,301000,205000,96000,96000
061417,力成群益9A購01  ,0,0,0,0,0,0,0,0,0,96000,0,0,0,270000,174000,96000,96000
063267,台表科中信01購02,0,0,0,0,0,0,0,0,0,96000,0,0,0,100000,4000,96000,96000
063229,台表科群益9B購04,0,0,0,0,0,0,0,0,0,96000,0,0,0,188000,92000,96000,96000
062781,微星元大9C購01  ,0,0,0,0,0,0,0,0,0,96000,0,0,0,121000,25000,96000,96000
062220,台光電統一01購01,0,0,0,0,0,0,0,0,0,96000,0,0,0,237000,141000,96000,96000
062506,巨大群益9C購01  ,0,0,0,0,0,0,0,0,0,96000,0,0,0,108000,12000,96000,96000
08606P,聯發科國票9C售05,0,0,0,0,0,0,0,0,0,95000,0,0,0,100000,5000,95000,95000
07655P,台灣50凱基01售09,0,0,0,0,0,0,0,0,0,95000,0,0,0,100000,5000,95000,95000
064915,美律統一02購02  ,0,0,0,0,0,0,0,0,0,95000,0,0,0,455000,360000,95000,95000
06617P,智邦元大98售03  ,0,0,0,0,0,0,0,0,0,95000,0,0,0,100000,5000,95000,95000
057733,嘉聯益國泰99購01,0,0,0,0,0,0,0,0,0,95000,0,0,0,105000,10000,95000,95000
058242,玉晶光元大9A購01,0,0,0,0,0,0,0,0,0,95000,0,0,0,95000,0,95000,95000
061822,和潤群益9B購01  ,0,0,0,0,0,0,0,0,0,95000,0,0,0,100000,5000,95000,95000
062994,祥碩群益9B購05  ,0,0,0,0,0,0,0,0,0,95000,0,0,0,95000,0,95000,95000
063350,台表科統一02購02,0,0,0,0,0,0,0,0,0,95000,0,0,0,95000,0,95000,95000
063522,技嘉凱基9B購03  ,0,0,0,0,0,0,0,0,0,95000,0,0,0,225000,130000,95000,95000
063507,奇鋐群益9B購02  ,0,0,0,0,0,0,0,0,0,95000,0,0,0,133000,38000,95000,95000
064337,大毅元大01購02  ,0,0,0,0,0,0,0,0,0,95000,0,0,0,140000,45000,95000,95000
064403,正崴凱基01購01  ,0,0,0,0,0,0,0,0,0,95000,0,0,0,105000,10000,95000,95000
3149,正達            ,154000,59000,95000,0,0,0,0,0,0,0,0,0,0,0,0,0,95000
3018,同開            ,115000,20000,95000,0,0,0,0,0,0,-605,0,605,-605,0,0,0,94395
065730,新日興凱基9C購01,0,0,0,0,0,0,0,0,0,94000,0,0,0,94000,0,94000,94000
065098,致伸元大9C購02  ,0,0,0,0,0,0,0,0,0,94000,0,0,0,182000,88000,94000,94000
065093,新日興元大9C購03,0,0,0,0,0,0,0,0,0,94000,0,0,0,144000,50000,94000,94000
1604,聲寶            ,167000,73000,94000,0,0,0,0,0,0,0,0,0,0,0,0,0,94000
056335,微星凱基98購01  ,0,0,0,0,0,0,0,0,0,94000,0,0,0,107000,13000,94000,94000
057843,晶技永豐98購02  ,0,0,0,0,0,0,0,0,0,94000,0,0,0,94000,0,94000,94000
055446,奇力新統一9A購01,0,0,0,0,0,0,0,0,0,94000,0,0,0,94000,0,94000,94000
063920,大立光元富03購02,0,0,0,0,0,0,0,0,0,94000,0,0,0,191000,97000,94000,94000
062433,上銀元大9B購05  ,0,0,0,0,0,0,0,0,0,94000,0,0,0,98000,4000,94000,94000
3454,晶睿            ,107000,8000,99000,0,0,0,0,0,0,-5000,0,5000,-5000,0,0,0,94000
2390,云辰            ,641000,546000,95000,0,0,0,0,0,0,-1000,0,1000,-1000,0,0,0,94000
2031,新光鋼          ,136000,39000,97000,0,0,0,0,0,0,-4000,0,4000,-4000,0,0,0,93000
07747P,晶技凱基9A售04  ,0,0,0,0,0,0,0,0,0,93000,0,0,0,93000,0,93000,93000
065635,智伸科國票01購02,0,0,0,0,0,0,0,0,0,93000,0,0,0,111000,18000,93000,93000
050992,台積電元大97購01,0,0,0,0,0,0,0,0,0,93000,0,0,0,93000,0,93000,93000
057767,緯穎凱基98購06  ,0,0,0,0,0,0,0,0,0,93000,0,0,0,143000,50000,93000,93000
058148,百和元大99購01  ,0,0,0,0,0,0,0,0,0,93000,0,0,0,93000,0,93000,93000
059594,奇力新元大9B購01,0,0,0,0,0,0,0,0,0,93000,0,0,0,103000,10000,93000,93000
062594,祥碩統一01購02  ,0,0,0,0,0,0,0,0,0,93000,0,0,0,93000,0,93000,93000
064176,京元電國泰01購01,0,0,0,0,0,0,0,0,0,93000,0,0,0,252000,159000,93000,93000
064258,臻鼎國泰01購02  ,0,0,0,0,0,0,0,0,0,93000,0,0,0,146000,53000,93000,93000
2607,榮運            ,121000,28000,93000,0,0,0,0,0,0,0,0,0,0,0,0,0,93000
065438,緯穎凱基9C購04  ,0,0,0,0,0,0,0,0,0,92000,0,0,0,184000,92000,92000,92000
065787,奇鋐永豐9C購01  ,0,0,0,0,0,0,0,0,0,92000,0,0,0,92000,0,92000,92000
065022,同欣電富邦01購01,0,0,0,0,0,0,0,0,0,92000,0,0,0,100000,8000,92000,92000
065018,台達電富邦03購01,0,0,0,0,0,0,0,0,0,92000,0,0,0,332000,240000,92000,92000
06864P,健策凱基98售01  ,0,0,0,0,0,0,0,0,0,92000,0,0,0,92000,0,92000,92000
057691,健策凱基99購01  ,0,0,0,0,0,0,0,0,0,92000,0,0,0,111000,19000,92000,92000
03050X,元展47          ,0,0,0,0,0,0,0,0,0,92000,0,0,0,97000,5000,92000,92000
054931,緯穎凱基98購01  ,0,0,0,0,0,0,0,0,0,92000,0,0,0,92000,0,92000,92000
055974,上銀統一97購05  ,0,0,0,0,0,0,0,0,0,92000,0,0,0,92000,0,92000,92000
059607,台積電富邦9C購04,0,0,0,0,0,0,0,0,0,92000,0,0,0,185000,93000,92000,92000
060430,和潤永豐9A購01  ,0,0,0,0,0,0,0,0,0,92000,0,0,0,93000,1000,92000,92000
060531,大立光中信9A購04,0,0,0,0,0,0,0,0,0,92000,0,0,0,105000,13000,92000,92000
064361,旺宏統一01購06  ,0,0,0,0,0,0,0,0,0,92000,0,0,0,237000,145000,92000,92000
062285,台勝科群益9B購01,0,0,0,0,0,0,0,0,0,92000,0,0,0,92000,0,92000,92000
063539,世紀鋼統一9B購02,0,0,0,0,0,0,0,0,0,92000,0,0,0,92000,0,92000,92000
4532,瑞智            ,259000,167000,92000,0,0,0,0,0,0,0,0,0,0,0,0,0,92000
057906,福懋科中信99購01,0,0,0,0,0,0,0,0,0,91000,0,0,0,91000,0,91000,91000
064237,奇鋐統一01購01  ,0,0,0,0,0,0,0,0,0,91000,0,0,0,177000,86000,91000,91000
064333,義隆元大9C購02  ,0,0,0,0,0,0,0,0,0,91000,0,0,0,306000,215000,91000,91000
064677,金像電兆豐9C購01,0,0,0,0,0,0,0,0,0,91000,0,0,0,99000,8000,91000,91000
064021,國巨元大9C購15  ,0,0,0,0,0,0,0,0,0,91000,0,0,0,98000,7000,91000,91000
6139,亞翔            ,150000,55000,95000,0,0,0,0,0,0,-4000,0,2000,-2000,0,2000,-2000,91000
07183P,臺股指凱基99售25,0,0,0,0,0,0,0,0,0,90000,0,0,0,120000,30000,90000,90000
07469P,台達電元大9A售01,0,0,0,0,0,0,0,0,0,90000,0,0,0,90000,0,90000,90000
08518P,世芯群益9C售03  ,0,0,0,0,0,0,0,0,0,90000,0,0,0,90000,0,90000,90000
08180P,聯發科國泰01售05,0,0,0,0,0,0,0,0,0,90000,0,0,0,130000,40000,90000,90000
049697,群創元大98購01  ,0,0,0,0,0,0,0,0,0,90000,0,0,0,90000,0,90000,90000
053083,中環元大99購01  ,0,0,0,0,0,0,0,0,0,90000,0,0,0,100000,10000,90000,90000
057468,台郡永豐98購01  ,0,0,0,0,0,0,0,0,0,90000,0,0,0,140000,50000,90000,90000
061715,牧德凱基9B購03  ,0,0,0,0,0,0,0,0,0,90000,0,0,0,90000,0,90000,90000
063924,致新元富9C購01  ,0,0,0,0,0,0,0,0,0,90000,0,0,0,362000,272000,90000,90000
063821,南亞科麥證9C購01,0,0,0,110000,20000,90000,0,0,0,90000,0,0,0,110000,20000,90000,90000
06470P,臺股指凱基99售10,0,0,0,0,0,0,0,0,0,90000,0,0,0,100000,10000,90000,90000
062185,禾伸堂元大9B購01,0,0,0,0,0,0,0,0,0,90000,0,0,0,311000,221000,90000,90000
062165,聯茂國泰01購01  ,0,0,0,0,0,0,0,0,0,90000,0,0,0,90000,0,90000,90000
5225,東科-KY         ,103000,13000,90000,0,0,0,0,0,0,0,0,0,0,0,0,0,90000
4942,嘉彰            ,137000,46000,91000,0,0,0,0,0,0,-1000,0,1000,-1000,0,0,0,90000
08610P,鴻海凱基9C售05  ,0,0,0,0,0,0,0,0,0,89000,0,0,0,119000,30000,89000,89000
058013,SP黃豆凱基9A購01,0,0,0,0,0,0,0,0,0,89000,0,0,0,89000,0,89000,89000
056503,楠梓電永豐98購01,0,0,0,0,0,0,0,0,0,89000,0,0,0,90000,1000,89000,89000
057392,福懋科永豐98購01,0,0,0,0,0,0,0,0,0,89000,0,0,0,89000,0,89000,89000
047564,滬深2X國票99購01,0,0,0,0,0,0,0,0,0,89000,0,0,0,229000,140000,89000,89000
039212,台達電台新9A購01,0,0,0,0,0,0,0,0,0,89000,0,0,0,89000,0,89000,89000
063561,上銀元大9B購08  ,0,0,0,0,0,0,0,0,0,89000,0,0,0,89000,0,89000,89000
2838,聯邦銀          ,294000,205007,88993,0,0,0,0,0,0,0,0,0,0,0,0,0,88993
07855P,旺宏凱基9A售09  ,0,0,0,0,0,0,0,0,0,88000,0,0,0,90000,2000,88000,88000
065307,矽格元富9C購01  ,0,0,0,0,0,0,0,0,0,88000,0,0,0,252000,164000,88000,88000
065698,旺宏群益9C購08  ,0,0,0,0,0,0,0,0,0,88000,0,0,0,158000,70000,88000,88000
055850,聯詠元大97購06  ,0,0,0,0,0,0,0,0,0,88000,0,0,0,88000,0,88000,88000
057207,立積元富98購02  ,0,0,0,0,0,0,0,0,0,88000,0,0,0,186000,98000,88000,88000
056448,全新凱基99購01  ,0,0,0,0,0,0,0,0,0,88000,0,0,0,266000,178000,88000,88000
057704,台虹群益98購03  ,0,0,0,0,0,0,0,0,0,88000,0,0,0,115000,27000,88000,88000
058946,SGBR2X群益9B購01,0,0,0,0,0,0,0,0,0,88000,0,0,0,100000,12000,88000,88000
061875,華新科元大9B購03,0,0,0,0,0,0,0,0,0,88000,0,0,0,100000,12000,88000,88000
059833,緯穎康和99購01  ,0,0,0,0,0,0,0,0,0,88000,0,0,0,89000,1000,88000,88000
059515,牧德永豐99購01  ,0,0,0,0,0,0,0,0,0,88000,0,0,0,137000,49000,88000,88000
058343,台積電群益99購02,0,0,0,0,0,0,0,0,0,88000,0,0,0,88000,0,88000,88000
063598,國巨凱基9B購14  ,0,0,0,0,0,0,0,0,0,88000,0,0,0,100000,12000,88000,88000
063764,上銀元富9B購08  ,0,0,0,0,0,0,0,0,0,88000,0,0,0,100000,12000,88000,88000
063975,台積電兆豐9C購01,0,0,0,0,0,0,0,0,0,88000,0,0,0,241000,153000,88000,88000
062606,聯電凱基9C購02  ,0,0,0,0,0,0,0,0,0,88000,0,0,0,258000,170000,88000,88000
062718,技嘉凱基9B購01  ,0,0,0,0,0,0,0,0,0,88000,0,0,0,332000,244000,88000,88000
063040,聯詠凱基9B購03  ,0,0,0,0,0,0,0,0,0,88000,0,0,0,108000,20000,88000,88000
3022,威強電          ,217000,129000,88000,0,0,0,0,0,0,0,0,0,0,0,0,0,88000
065548,台達電凱基01購02,0,0,0,0,0,0,0,0,0,87000,0,0,0,263000,176000,87000,87000
056375,玉晶光統一01購01,0,0,0,0,0,0,0,0,0,87000,0,0,0,363000,276000,87000,87000
056715,瀚宇博永豐98購01,0,0,0,0,0,0,0,0,0,87000,0,0,0,355000,268000,87000,87000
061268,玉晶光凱基9B購04,0,0,0,0,0,0,0,0,0,87000,0,0,0,120000,33000,87000,87000
063421,可成凱基9C購02  ,0,0,0,0,0,0,0,0,0,87000,0,0,0,114000,27000,87000,87000
062191,台郡元大9B購05  ,0,0,0,0,0,0,0,0,0,87000,0,0,0,203000,116000,87000,87000
064235,美律統一9C購02  ,0,0,0,0,0,0,0,0,0,87000,0,0,0,124000,37000,87000,87000
2939,凱羿-KY         ,95000,8000,87000,0,0,0,0,0,0,0,0,0,0,0,0,0,87000
2537,聯上發          ,162000,75000,87000,0,0,0,0,0,0,0,0,0,0,0,0,0,87000
065541,GIS統一01購05   ,0,0,0,0,0,0,0,0,0,86000,0,0,0,329000,243000,86000,86000
065785,奇力新永豐9C購02,0,0,0,0,0,0,0,0,0,86000,0,0,0,86000,0,86000,86000
08337P,台灣50凱基01售15,0,0,0,0,0,0,0,0,0,86000,0,0,0,233000,147000,86000,86000
057669,嘉晶元大99購03  ,0,0,0,0,0,0,0,0,0,86000,0,0,0,163000,77000,86000,86000
058405,訊連元大99購02  ,0,0,0,0,0,0,0,0,0,86000,0,0,0,305000,219000,86000,86000
059501,可成元富99購01  ,0,0,0,0,0,0,0,0,0,86000,0,0,0,88000,2000,86000,86000
060034,立積永豐99購04  ,0,0,0,0,0,0,0,0,0,86000,0,0,0,246000,160000,86000,86000
3661,世芯-KY         ,619255,589000,30255,0,0,0,0,18000,-18000,73000,79000,13000,66000,13000,6000,7000,85255
08334P,智邦永豐9C售01  ,0,0,0,0,0,0,0,0,0,85000,0,0,0,85000,0,85000,85000
08598P,立積元大9C售04  ,0,0,0,0,0,0,0,0,0,85000,0,0,0,85000,0,85000,85000
07836P,大成鋼元大9A售01,0,0,0,0,0,0,0,0,0,85000,0,0,0,165000,80000,85000,85000
057961,茂林元大9A購01  ,0,0,0,0,0,0,0,0,0,85000,0,0,0,262000,177000,85000,85000
056900,可成元大98購02  ,0,0,0,0,0,0,0,0,0,85000,0,0,0,100000,15000,85000,85000
057625,泰鼎國泰9A購01  ,0,0,0,0,0,0,0,0,0,85000,0,0,0,85000,0,85000,85000
060709,緯穎富邦9B購01  ,0,0,0,0,0,0,0,0,0,85000,0,0,0,118000,33000,85000,85000
060060,台積電兆豐99購05,0,0,0,0,0,0,0,0,0,85000,0,0,0,85000,0,85000,85000
059923,緯穎元大99購09  ,0,0,0,0,0,0,0,0,0,85000,0,0,0,99000,14000,85000,85000
061400,可成兆豐9B購02  ,0,0,0,0,0,0,0,0,0,85000,0,0,0,102000,17000,85000,85000
061722,健策永豐9B購03  ,0,0,0,0,0,0,0,0,0,85000,0,0,0,86000,1000,85000,85000
060392,華擎群益9C購02  ,0,0,0,0,0,0,0,0,0,85000,0,0,0,85000,0,85000,85000
064507,臻鼎元大9C購02  ,0,0,0,0,0,0,0,0,0,85000,0,0,0,203000,118000,85000,85000
063672,GIS統一9C購01   ,0,0,0,0,0,0,0,0,0,85000,0,0,0,115000,30000,85000,85000
062574,美食群益9B購02  ,0,0,0,0,0,0,0,0,0,85000,0,0,0,85000,0,85000,85000
063143,嘉澤統一9B購02  ,0,0,0,0,0,0,0,0,0,85000,0,0,0,151000,66000,85000,85000
6141,柏承            ,115000,30000,85000,0,0,0,0,0,0,0,0,0,0,0,0,0,85000
2444,兆勁            ,87000,2000,85000,0,0,0,0,0,0,0,0,0,0,0,0,0,85000
08114P,國巨凱基9B售11  ,0,0,0,0,0,0,0,0,0,84000,0,0,0,84000,0,84000,84000
07187P,臺股指台新99售10,0,0,0,0,0,0,0,0,0,84000,0,0,0,84000,0,84000,84000
1517,利奇            ,196000,111000,85000,0,0,0,0,0,0,-1000,0,1000,-1000,0,0,0,84000
06534P,聯發科群益98售04,0,0,0,0,0,0,0,0,0,84000,0,0,0,84000,0,84000,84000
056767,大毅元大99購01  ,0,0,0,0,0,0,0,0,0,84000,0,0,0,304000,220000,84000,84000
05631P,國巨富邦9A售01  ,0,0,0,0,0,0,0,0,0,84000,0,0,0,142000,58000,84000,84000
056563,華新科群益98購04,0,0,0,0,0,0,0,0,0,84000,0,0,0,84000,0,84000,84000
061179,華擎凱基9A購01  ,0,0,0,0,0,0,0,0,0,84000,0,0,0,134000,50000,84000,84000
058936,國喬中信99購01  ,0,0,0,0,0,0,0,0,0,84000,0,0,0,133000,49000,84000,84000
058971,台積電永豐99購03,0,0,0,0,0,0,0,0,0,84000,0,0,0,84000,0,84000,84000
061488,奇力新兆豐9A購01,0,0,0,0,0,0,0,0,0,84000,0,0,0,84000,0,84000,84000
063533,緯穎凱基9B購06  ,0,0,0,0,0,0,0,0,0,84000,0,0,0,94000,10000,84000,84000
063308,緯穎凱基9B購05  ,0,0,0,0,0,0,0,0,0,84000,0,0,0,84000,0,84000,84000
063945,京元電元大9C購01,0,0,0,0,0,0,0,0,0,84000,0,0,0,268000,184000,84000,84000
064732,GIS統一01購03   ,0,0,0,0,0,0,0,0,0,84000,0,0,0,132000,48000,84000,84000
064849,大立光元富9C購06,0,0,0,0,0,0,0,0,0,83000,0,0,0,90000,7000,83000,83000
1730,花仙子          ,88000,5000,83000,0,0,0,0,0,0,0,0,0,0,0,0,0,83000
057142,力成兆豐98購01  ,0,0,0,0,0,0,0,0,0,83000,0,0,0,83000,0,83000,83000
057498,台郡元大98購04  ,0,0,0,0,0,0,0,0,0,83000,0,0,0,132000,49000,83000,83000
056119,欣興群益97購02  ,0,0,0,0,0,0,0,0,0,83000,0,0,0,94000,11000,83000,83000
060752,上銀元大9A購04  ,0,0,0,0,0,0,0,0,0,83000,0,0,0,137000,54000,83000,83000
060644,泰鼎永豐9A購02  ,0,0,0,0,0,0,0,0,0,83000,0,0,0,131000,48000,83000,83000
056845,揚明光元富98購01,0,0,0,0,0,0,0,0,0,83000,0,0,0,129000,46000,83000,83000
055168,光罩統一98購01  ,0,0,0,0,0,0,0,0,0,83000,0,0,0,83000,0,83000,83000
054808,東元元大9A購01  ,0,0,0,0,0,0,0,0,0,83000,0,0,0,95000,12000,83000,83000
054569,GIS群益98購01   ,0,0,0,0,0,0,0,0,0,83000,0,0,0,103000,20000,83000,83000
059911,國巨元大99購27  ,0,0,0,0,0,0,0,0,0,83000,0,0,0,94000,11000,83000,83000
061736,國巨凱基9B購05  ,0,0,0,0,0,0,0,0,0,83000,0,0,0,83000,0,83000,83000
062076,美律元大9B購02  ,0,0,0,0,0,0,0,0,0,83000,0,0,0,89000,6000,83000,83000
058406,聯茂元大99購06  ,0,0,0,0,0,0,0,0,0,83000,0,0,0,151000,68000,83000,83000
060422,台勝科永豐9A購01,0,0,0,0,0,0,0,0,0,83000,0,0,0,83000,0,83000,83000
064782,健策群益9C購02  ,0,0,0,0,0,0,0,0,0,83000,0,0,0,107000,24000,83000,83000
064466,聯電元富9C購01  ,0,0,0,0,0,0,0,0,0,83000,0,0,0,546000,463000,83000,83000
063570,嘉晶元大9C購02  ,0,0,0,0,0,0,0,0,0,83000,0,0,0,163000,80000,83000,83000
063567,漢唐元大9B購03  ,0,0,0,0,0,0,0,0,0,83000,0,0,0,295000,212000,83000,83000
063485,巨大元大9B購04  ,0,0,0,0,0,0,0,0,0,83000,0,0,0,550000,467000,83000,83000
062238,臻鼎凱基9C購01  ,0,0,0,0,0,0,0,0,0,83000,0,0,0,197000,114000,83000,83000
08336P,聯發科中信9C售05,0,0,0,0,0,0,0,0,0,82000,0,0,0,112000,30000,82000,82000
07110P,台灣50群益9B售03,0,0,0,0,0,0,0,0,0,82000,0,0,0,82000,0,82000,82000
064919,嘉晶統一02購02  ,0,0,0,0,0,0,0,0,0,82000,0,0,0,150000,68000,82000,82000
065361,上銀元大9C購11  ,0,0,0,0,0,0,0,0,0,82000,0,0,0,82000,0,82000,82000
065291,日電貿群益01購01,0,0,0,0,0,0,0,0,0,82000,0,0,0,82000,0,82000,82000
055022,精元國泰99購01  ,0,0,0,0,0,0,0,0,0,82000,0,0,0,119000,37000,82000,82000
053891,欣興群益98購01  ,0,0,0,0,0,0,0,0,0,82000,0,0,0,242000,160000,82000,82000
055736,宏達電元富99購01,0,0,0,0,0,0,0,0,0,82000,0,0,0,138000,56000,82000,82000
057335,技嘉國票99購01  ,0,0,0,0,0,0,0,0,0,82000,0,0,0,191000,109000,82000,82000
060424,中租永豐9A購01  ,0,0,0,0,0,0,0,0,0,82000,0,0,0,186000,104000,82000,82000
059918,華新科元大99購20,0,0,0,0,0,0,0,0,0,82000,0,0,0,85000,3000,82000,82000
062670,瑞昱中信03購01  ,0,0,0,0,0,0,0,0,0,82000,0,0,0,82000,0,82000,82000
063524,瑞昱凱基9B購05  ,0,0,0,0,0,0,0,0,0,82000,0,0,0,108000,26000,82000,82000
063292,致新元大9B購02  ,0,0,0,0,0,0,0,0,0,82000,0,0,0,194000,112000,82000,82000
063897,神達群益9C購01  ,0,0,0,0,0,0,0,0,0,82000,0,0,0,135000,53000,82000,82000
064089,新日興凱基02購01,0,0,0,0,0,0,0,0,0,82000,0,0,0,94000,12000,82000,82000
064760,玉晶光凱基01購02,0,0,0,0,0,0,0,0,0,82000,0,0,0,173000,91000,82000,82000
065266,創意元大9C購05  ,0,0,0,0,0,0,0,0,0,81000,0,0,0,331000,250000,81000,81000
065004,瑞昱國票01購02  ,0,0,0,0,0,0,0,0,0,81000,0,0,0,81000,0,81000,81000
08105P,景碩元大9B售01  ,0,0,0,0,0,0,0,0,0,81000,0,0,0,110000,29000,81000,81000
057662,上銀元大9A購01  ,0,0,0,0,0,0,0,0,0,81000,0,0,0,149000,68000,81000,81000
057391,樺漢永豐98購01  ,0,0,0,0,0,0,0,0,0,81000,0,0,0,255000,174000,81000,81000
061086,FBVIX統一01購01 ,0,0,0,0,0,0,0,0,0,81000,0,0,0,81000,0,81000,81000
057084,立積統一9B購01  ,0,0,0,0,0,0,0,0,0,81000,0,0,0,95000,14000,81000,81000
055771,台積電日盛97購04,0,0,0,0,0,0,0,0,0,81000,0,0,0,111000,30000,81000,81000
058587,台積電中信9C購03,0,0,0,0,0,0,0,0,0,81000,0,0,0,169000,88000,81000,81000
064612,聯電元大01購01  ,0,0,0,0,0,0,0,0,0,81000,0,0,0,194000,113000,81000,81000
064227,和碩國票01購01  ,0,0,0,0,0,0,0,0,0,81000,0,0,0,93000,12000,81000,81000
062907,可成元大9C購03  ,0,0,0,0,0,0,0,0,0,81000,0,0,0,150000,69000,81000,81000
062775,大成鋼元大9B購02,0,0,0,0,0,0,0,0,0,81000,0,0,0,111000,30000,81000,81000
07981P,上銀群益9B售04  ,0,0,0,0,0,0,0,0,0,80000,0,0,0,80000,0,80000,80000
06853P,華擎元富98售03  ,0,0,0,0,0,0,0,0,0,80000,0,0,0,140000,60000,80000,80000
08596P,聯發科國泰02售02,0,0,0,0,0,0,0,0,0,80000,0,0,0,100000,20000,80000,80000
06509P,鴻海群益98售03  ,0,0,0,0,0,0,0,0,0,80000,0,0,0,80000,0,80000,80000
065378,嘉澤元大01購01  ,0,0,0,0,0,0,0,0,0,80000,0,0,0,182000,102000,80000,80000
065227,金像電凱基9C購01,0,0,0,0,0,0,0,0,0,80000,0,0,0,100000,20000,80000,80000
065853,智伸科元大9C購02,0,0,0,0,0,0,0,0,0,80000,0,0,0,80000,0,80000,80000
065707,聯詠群益9C購02  ,0,0,0,0,0,0,0,0,0,80000,0,0,0,137000,57000,80000,80000
065642,台積電元大9C購13,0,0,0,0,0,0,0,0,0,80000,0,0,0,200000,120000,80000,80000
054480,和碩中信98購01  ,0,0,0,0,0,0,0,0,0,80000,0,0,0,80000,0,80000,80000
056098,矽創元富97購02  ,0,0,0,0,0,0,0,0,0,80000,0,0,0,80000,0,80000,80000
054771,茂林國票98購02  ,0,0,0,0,0,0,0,0,0,80000,0,0,0,120000,40000,80000,80000
056671,台灣50元富9A購01,0,0,0,0,0,0,0,0,0,80000,0,0,0,80000,0,80000,80000
061153,奇力新群益9A購02,0,0,0,0,0,0,0,0,0,80000,0,0,0,80000,0,80000,80000
057531,禾伸堂元大99購04,0,0,0,0,0,0,0,0,0,80000,0,0,0,273000,193000,80000,80000
059731,康控元大99購04  ,0,0,0,0,0,0,0,0,0,80000,0,0,0,238000,158000,80000,80000
059260,國巨中信99購05  ,0,0,0,0,0,0,0,0,0,80000,0,0,0,80000,0,80000,80000
060908,金像電元大9A購03,0,0,0,0,0,0,0,0,0,80000,0,0,0,91000,11000,80000,80000
060467,神基元大9A購01  ,0,0,0,0,0,0,0,0,0,80000,0,0,0,120000,40000,80000,80000
058817,嘉聯益台新99購01,0,0,0,0,0,0,0,0,0,80000,0,0,0,80000,0,80000,80000
058809,國巨統一9B購03  ,0,0,0,0,0,0,0,0,0,80000,0,0,0,100000,20000,80000,80000
059856,昇陽半永豐99購03,0,0,0,0,0,0,0,0,0,80000,0,0,0,95000,15000,80000,80000
061922,瑞昱凱基9B購01  ,0,0,0,0,0,0,0,0,0,80000,0,0,0,231000,151000,80000,80000
061616,鴻海群益9A購07  ,0,0,0,0,0,0,0,0,0,80000,0,0,0,114000,34000,80000,80000
058222,玉晶光統一9B購01,0,0,0,0,0,0,0,0,0,80000,0,0,0,162000,82000,80000,80000
062758,國巨凱基9B購09  ,0,0,0,0,0,0,0,0,0,80000,0,0,0,88000,8000,80000,80000
062932,滬深2X凱基01購01,0,0,0,0,0,0,0,0,0,80000,0,0,0,150000,70000,80000,80000
063182,國巨凱基9B購10  ,0,0,0,0,0,0,0,0,0,80000,0,0,0,80000,0,80000,80000
064605,GIS元富9C購01   ,0,0,0,0,0,0,0,0,0,80000,0,0,0,175000,95000,80000,80000
064524,GIS群益02購01   ,0,0,0,0,0,0,0,0,0,80000,0,0,0,80000,0,80000,80000
063748,台積電國票9C購05,0,0,0,0,0,0,0,0,0,80000,0,0,0,80000,0,80000,80000
2414,精技            ,93000,11000,82000,0,0,0,0,0,0,-2000,0,2000,-2000,0,0,0,80000
3557,嘉威            ,154000,71000,83000,0,0,0,0,0,0,-3000,0,3000,-3000,0,0,0,80000
08245P,台灣50群益9C售05,0,0,0,0,0,0,0,0,0,79000,0,0,0,79000,0,79000,79000
056737,國巨凱基9A購01  ,0,0,0,0,0,0,0,0,0,79000,0,0,0,83000,4000,79000,79000
054057,晶豪科國票97購01,0,0,0,0,0,0,0,0,0,79000,0,0,0,79000,0,79000,79000
053593,晶技元大98購01  ,0,0,0,0,0,0,0,0,0,79000,0,0,0,92000,13000,79000,79000
059689,南亞科永豐99購02,0,0,0,0,0,0,0,0,0,79000,0,0,0,147000,68000,79000,79000
059510,華新科永豐99購07,0,0,0,0,0,0,0,0,0,79000,0,0,0,84000,5000,79000,79000
064047,義隆統一02購01  ,0,0,0,0,0,0,0,0,0,79000,0,0,0,79000,0,79000,79000
06453P,群創元大9B售02  ,0,0,0,0,0,0,0,0,0,79000,0,0,0,181000,102000,79000,79000
062544,信錦永豐9B購01  ,0,0,0,0,0,0,0,0,0,79000,0,0,0,79000,0,79000,79000
062367,禾伸堂元大9B購02,0,0,0,0,0,0,0,0,0,79000,0,0,0,208000,129000,79000,79000
6477,安集            ,87000,7000,80000,0,0,0,0,0,0,-1000,0,1000,-1000,0,0,0,79000
065819,京鼎元富03購01  ,0,0,0,0,0,0,0,0,0,78000,0,0,0,1162000,1084000,78000,78000
065303,國泰金元富9C購01,0,0,0,0,0,0,0,0,0,78000,0,0,0,84000,6000,78000,78000
065012,燿華國泰02購01  ,0,0,0,0,0,0,0,0,0,78000,0,0,0,166000,88000,78000,78000
053573,臺股指統一99購01,0,0,0,0,0,0,0,0,0,78000,0,0,0,108000,30000,78000,78000
055953,上銀元大97購09  ,0,0,0,0,0,0,0,0,0,78000,0,0,0,78000,0,78000,78000
056655,旺宏元大99購02  ,0,0,0,0,0,0,0,0,0,78000,0,0,0,153000,75000,78000,78000
060159,健和興永豐9A購01,0,0,0,0,0,0,0,0,0,78000,0,0,0,110000,32000,78000,78000
063159,嘉澤國泰01購01  ,0,0,0,0,0,0,0,0,0,78000,0,0,0,226000,148000,78000,78000
063468,聯詠元大9B購04  ,0,0,0,0,0,0,0,0,0,78000,0,0,0,156000,78000,78000,78000
063472,茂林元大9B購04  ,0,0,0,0,0,0,0,0,0,78000,0,0,0,178000,100000,78000,78000
064118,喬山元大01購01  ,0,0,0,0,0,0,0,0,0,78000,0,0,0,78000,0,78000,78000
063608,力成凱基9B購03  ,0,0,0,0,0,0,0,0,0,78000,0,0,0,99000,21000,78000,78000
065326,華擎凱基02購01  ,0,0,0,0,0,0,0,0,0,77000,0,0,0,243000,166000,77000,77000
065753,正崴元大9C購02  ,0,0,0,0,0,0,0,0,0,77000,0,0,0,103000,26000,77000,77000
03670C,元油2X元富99牛01,0,0,0,0,0,0,0,0,0,77000,0,0,0,87000,10000,77000,77000
055487,國巨元大98購07  ,0,0,0,0,0,0,0,0,0,77000,0,0,0,111000,34000,77000,77000
052328,台表科中信99購01,0,0,0,0,0,0,0,0,0,77000,0,0,0,77000,0,77000,77000
058706,聯鈞元大9C購01  ,0,0,0,0,0,0,0,0,0,77000,0,0,0,218000,141000,77000,77000
064151,義隆統一01購01  ,0,0,0,0,0,0,0,0,0,77000,0,0,0,222000,145000,77000,77000
063962,台達電國票01購01,0,0,0,0,0,0,0,0,0,77000,0,0,0,87000,10000,77000,77000
064219,滬深2X國票03購01,0,0,0,0,0,0,0,0,0,77000,0,0,0,101000,24000,77000,77000
064481,技嘉永豐9C購01  ,0,0,0,0,0,0,0,0,0,77000,0,0,0,125000,48000,77000,77000
063245,富邦金元大9B購03,0,0,0,0,0,0,0,0,0,77000,0,0,0,87000,10000,77000,77000
063160,牧德富邦9C購02  ,0,0,0,0,0,0,0,0,0,77000,0,0,0,80000,3000,77000,77000
065752,正崴元大9C購01  ,0,0,0,0,0,0,0,0,0,76000,0,0,0,134000,58000,76000,76000
065299,燿華元富9C購02  ,0,0,0,0,0,0,0,0,0,76000,0,0,0,76000,0,76000,76000
08621P,景碩群益9C售01  ,0,0,0,0,0,0,0,0,0,76000,0,0,0,94000,18000,76000,76000
054767,日電貿國票98購01,0,0,0,0,0,0,0,0,0,76000,0,0,0,76000,0,76000,76000
054961,玉晶光元大99購01,0,0,0,0,0,0,0,0,0,76000,0,0,0,76000,0,76000,76000
057053,立積元大98購02  ,0,0,0,0,0,0,0,0,0,76000,0,0,0,81000,5000,76000,76000
059096,百和元大99購04  ,0,0,0,0,0,0,0,0,0,76000,0,0,0,76000,0,76000,76000
058358,技嘉凱基9A購01  ,0,0,0,0,0,0,0,0,0,76000,0,0,0,104000,28000,76000,76000
061826,台郡麥證9B購01  ,0,0,0,144000,68000,76000,0,0,0,76000,0,0,0,144000,68000,76000,76000
062738,可成國票9B購02  ,0,0,0,0,0,0,0,0,0,76000,0,0,0,101000,25000,76000,76000
063954,世芯元大01購02  ,0,0,0,0,0,0,0,0,0,76000,0,0,0,114000,38000,76000,76000
053705,滬深2X凱基99購01,0,0,0,0,0,0,0,0,0,75000,0,0,0,75000,0,75000,75000
061867,旺宏元大9B購02  ,0,0,0,0,0,0,0,0,0,75000,0,0,0,75000,0,75000,75000
061901,柏文永豐9B購01  ,0,0,0,0,0,0,0,0,0,75000,0,0,0,85000,10000,75000,75000
059612,奇鋐永豐99購02  ,0,0,0,0,0,0,0,0,0,75000,0,0,0,75000,0,75000,75000
05878P,創意群益98售01  ,0,0,0,0,0,0,0,0,0,75000,0,0,0,300000,225000,75000,75000
064321,T50反1元大9C購05,0,0,0,0,0,0,0,0,0,75000,0,0,0,75000,0,75000,75000
062368,聯詠元大9B購01  ,0,0,0,0,0,0,0,0,0,75000,0,0,0,118000,43000,75000,75000
062918,祥碩元大9C購02  ,0,0,0,0,0,0,0,0,0,75000,0,0,0,75000,0,75000,75000
5258,虹堡            ,35000,2000,33000,0,0,0,0,0,0,42000,43000,1000,42000,0,0,0,75000
2062,橋椿            ,125000,50000,75000,0,0,0,0,0,0,0,0,0,0,0,0,0,75000
1560,中砂            ,95000,21000,74000,0,0,0,0,0,0,0,0,0,0,0,0,0,74000
050170,臺指反元大97購02,0,0,0,0,0,0,0,0,0,74000,0,0,0,74000,0,74000,74000
055259,玉晶光統一9A購01,0,0,0,0,0,0,0,0,0,74000,0,0,0,80000,6000,74000,74000
054065,樺漢國票97購01  ,0,0,0,0,0,0,0,0,0,74000,0,0,0,96000,22000,74000,74000
061985,富邦金元大9B購01,0,0,0,0,0,0,0,0,0,74000,0,0,0,86000,12000,74000,74000
058095,昇陽半元大98購03,0,0,0,0,0,0,0,0,0,74000,0,0,0,109000,35000,74000,74000
059453,奇力新永豐99購01,0,0,0,0,0,0,0,0,0,74000,0,0,0,74000,0,74000,74000
063084,可成凱基9C購01  ,0,0,0,0,0,0,0,0,0,74000,0,0,0,102000,28000,74000,74000
063448,聯發科統一9C購11,0,0,0,0,0,0,0,0,0,74000,0,0,0,481000,407000,74000,74000
063543,技嘉台新9B購02  ,0,0,0,0,0,0,0,0,0,74000,0,0,0,91000,17000,74000,74000
064217,GIS凱基02購02   ,0,0,0,0,0,0,0,0,0,74000,0,0,0,74000,0,74000,74000
2428,興勤            ,87000,19000,68000,0,0,0,1000,0,1000,5000,0,3000,-3000,8000,0,8000,74000
5907,大洋-KY         ,102000,28000,74000,0,0,0,0,0,0,0,0,0,0,0,0,0,74000
1736,喬山            ,208000,136000,72000,0,0,0,0,0,0,1000,0,1000,-1000,6000,4000,2000,73000
065328,緯穎凱基9C購03  ,0,0,0,0,0,0,0,0,0,73000,0,0,0,93000,20000,73000,73000
065319,鴻海凱基9C購03  ,0,0,0,0,0,0,0,0,0,73000,0,0,0,75000,2000,73000,73000
065228,南亞科凱基01購03,0,0,0,0,0,0,0,0,0,73000,0,0,0,186000,113000,73000,73000
064830,可成統一9C購04  ,0,0,0,0,0,0,0,0,0,73000,0,0,0,136000,63000,73000,73000
065649,牧德元大03購01  ,0,0,0,0,0,0,0,0,0,73000,0,0,0,173000,100000,73000,73000
065609,嘉澤元大01購02  ,0,0,0,0,0,0,0,0,0,73000,0,0,0,195000,122000,73000,73000
065589,景碩永豐9C購02  ,0,0,0,0,0,0,0,0,0,73000,0,0,0,113000,40000,73000,73000
065500,健鼎富邦01購01  ,0,0,0,0,0,0,0,0,0,73000,0,0,0,73000,0,73000,73000
065420,中租國票01購01  ,0,0,0,0,0,0,0,0,0,73000,0,0,0,73000,0,73000,73000
055174,精元統一97購01  ,0,0,0,0,0,0,0,0,0,73000,0,0,0,73000,0,73000,73000
054795,合勤控群益98購01,0,0,0,0,0,0,0,0,0,73000,0,0,0,93000,20000,73000,73000
055923,矽力凱基98購01  ,0,0,0,0,0,0,0,0,0,73000,0,0,0,78000,5000,73000,73000
053527,創意中信97購01  ,0,0,0,0,0,0,0,0,0,73000,0,0,0,73000,0,73000,73000
056392,玉晶光富邦9C購01,6000,0,6000,0,0,0,0,0,0,67000,0,0,0,108000,41000,67000,73000
061125,億光永豐9A購01  ,0,0,0,0,0,0,0,0,0,73000,0,0,0,73000,0,73000,73000
058986,華新科凱基9A購03,0,0,0,0,0,0,0,0,0,73000,0,0,0,73000,0,73000,73000
060063,可成兆豐9B購01  ,0,0,0,0,0,0,0,0,0,73000,0,0,0,73000,0,73000,73000
061083,京元電兆豐9A購01,0,0,0,0,0,0,0,0,0,73000,0,0,0,103000,30000,73000,73000
059571,奇力新凱基99購06,0,0,0,0,0,0,0,0,0,73000,0,0,0,73000,0,73000,73000
063964,瑞昱國票01購01  ,0,0,0,0,0,0,0,0,0,73000,0,0,0,83000,10000,73000,73000
062312,大立光凱基9B購03,0,0,0,0,0,0,0,0,0,73000,0,0,0,93000,20000,73000,73000
062719,微星凱基9B購01  ,0,0,0,0,0,0,0,0,0,73000,0,0,0,195000,122000,73000,73000
062712,晶技麥證9B購02  ,0,0,0,93000,20000,73000,0,0,0,73000,0,0,0,93000,20000,73000,73000
062639,臻鼎國票9C購01  ,0,0,0,0,0,0,0,0,0,73000,0,0,0,73000,0,73000,73000
5269,祥碩            ,206000,130260,75740,0,0,0,13000,0,13000,-16000,18000,19000,-1000,0,15000,-15000,72740
064911,光寶科統一02購01,0,0,0,0,0,0,0,0,0,72000,0,0,0,216000,144000,72000,72000
065161,矽格群益9C購01  ,0,0,0,0,0,0,0,0,0,72000,0,0,0,187000,115000,72000,72000
1786,科妍            ,97000,24000,73000,0,0,0,0,0,0,-1000,0,1000,-1000,0,0,0,72000
1218,泰山            ,263000,198000,65000,0,0,0,7000,0,7000,0,0,0,0,0,0,0,72000
057282,大立光元大99購06,0,0,0,0,0,0,0,0,0,72000,0,0,0,78000,6000,72000,72000
055290,玉晶光元大98購08,0,0,0,0,0,0,0,0,0,72000,0,0,0,72000,0,72000,72000
059677,大立光台新99購01,0,0,0,0,0,0,0,0,0,72000,0,0,0,72000,0,72000,72000
061438,牧德凱基9B購02  ,0,0,0,0,0,0,0,0,0,72000,0,0,0,72000,0,72000,72000
061891,力山永豐9B購01  ,0,0,0,0,0,0,0,0,0,72000,0,0,0,106000,34000,72000,72000
062428,超眾統一9B購01  ,0,0,0,0,0,0,0,0,0,72000,0,0,0,176000,104000,72000,72000
063423,聯詠凱基9C購02  ,0,0,0,0,0,0,0,0,0,72000,0,0,0,72000,0,72000,72000
063214,康控國票9C購01  ,0,0,0,0,0,0,0,0,0,72000,0,0,0,206000,134000,72000,72000
063773,可成富邦9C購01  ,0,0,0,0,0,0,0,0,0,72000,0,0,0,379000,307000,72000,72000
065298,健策統一9C購06  ,0,0,0,0,0,0,0,0,0,71000,0,0,0,109000,38000,71000,71000
064877,可成兆豐9C購02  ,0,0,0,0,0,0,0,0,0,71000,0,0,0,103000,32000,71000,71000
065432,景碩凱基9C購03  ,0,0,0,0,0,0,0,0,0,71000,0,0,0,91000,20000,71000,71000
03657C,T50反1元大99牛01,0,0,0,0,0,0,0,0,0,71000,0,0,0,392000,321000,71000,71000
061142,南電統一9A購01  ,0,0,0,0,0,0,0,0,0,71000,0,0,0,94000,23000,71000,71000
057024,義隆凱基99購01  ,0,0,0,0,0,0,0,0,0,71000,0,0,0,98000,27000,71000,71000
056144,GIS元大98購01   ,0,0,0,0,0,0,0,0,0,71000,0,0,0,113000,42000,71000,71000
05710P,禾伸堂國票97售02,0,0,0,0,0,0,0,0,0,71000,0,0,0,71000,0,71000,71000
062088,緯穎元大9B購04  ,0,0,0,0,0,0,0,0,0,71000,0,0,0,140000,69000,71000,71000
060624,玉晶光元大9C購02,0,0,0,0,0,0,0,0,0,71000,0,0,0,77000,6000,71000,71000
064306,和潤兆豐01購01  ,0,0,0,0,0,0,0,0,0,71000,0,0,0,142000,71000,71000,71000
063153,南六元富9B購01  ,0,0,0,0,0,0,0,0,0,71000,0,0,0,93000,22000,71000,71000
062324,上銀統一9B購04  ,0,0,0,0,0,0,0,0,0,71000,0,0,0,71000,0,71000,71000
062346,智邦群益9B購02  ,0,0,0,0,0,0,0,0,0,71000,0,0,0,71000,0,71000,71000
062275,燿華群益9B購01  ,0,0,0,0,0,0,0,0,0,71000,0,0,0,73000,2000,71000,71000
4994,傳奇            ,67000,12000,55000,0,0,0,1000,0,1000,15000,12000,0,12000,3000,0,3000,71000
2618,長榮航          ,2348022,2247637,100385,0,0,0,0,8000,-8000,-22000,0,9000,-9000,92000,105000,-13000,70385
065575,神達群益01購01  ,0,0,0,0,0,0,0,0,0,70000,0,0,0,85000,15000,70000,70000
064847,金像電元富9C購01,0,0,0,0,0,0,0,0,0,70000,0,0,0,70000,0,70000,70000
065144,大立光凱基01購06,0,0,0,0,0,0,0,0,0,70000,0,0,0,90000,20000,70000,70000
08613P,同欣電凱基9C售04,0,0,0,0,0,0,0,0,0,70000,0,0,0,94000,24000,70000,70000
2017,官田鋼          ,155000,85000,70000,0,0,0,0,0,0,0,0,0,0,0,0,0,70000
08473P,康控凱基9C售01  ,0,0,0,0,0,0,0,0,0,70000,0,0,0,70000,0,70000,70000
07319P,台積電凱基01售02,0,0,0,0,0,0,0,0,0,70000,0,0,0,93000,23000,70000,70000
07644P,南電凱基9A售03  ,0,0,0,0,0,0,0,0,0,70000,0,0,0,200000,130000,70000,70000
058073,大立光凱基99購04,0,0,0,0,0,0,0,0,0,70000,0,0,0,95000,25000,70000,70000
043538,元石油國票97購01,0,0,0,0,0,0,0,0,0,70000,0,0,0,70000,0,70000,70000
055955,微星元大97購01  ,0,0,0,0,0,0,0,0,0,70000,0,0,0,90000,20000,70000,70000
059680,台積電國泰9A購03,0,0,0,0,0,0,0,0,0,70000,0,0,0,70000,0,70000,70000
061201,FBVIX元大01購03 ,0,0,0,0,0,0,0,0,0,70000,0,0,0,70000,0,70000,70000
058572,百和凱基9A購01  ,0,0,0,0,0,0,0,0,0,70000,0,0,0,70000,0,70000,70000
059095,訊芯元大99購01  ,0,0,0,0,0,0,0,0,0,70000,0,0,0,679000,609000,70000,70000
061281,台積電統一9C購05,0,0,0,0,0,0,0,0,0,70000,0,0,0,70000,0,70000,70000
061718,GIS凱基9B購01   ,0,0,0,0,0,0,0,0,0,70000,0,0,0,188000,118000,70000,70000
061655,微星國票9A購01  ,0,0,0,0,0,0,0,0,0,70000,0,0,0,73000,3000,70000,70000
058955,台積電國票9A購04,0,0,0,0,0,0,0,0,0,70000,0,0,0,85000,15000,70000,70000
061391,晶技群益9A購02  ,0,0,0,0,0,0,0,0,0,70000,0,0,0,70000,0,70000,70000
061361,世紀鋼兆豐9A購01,0,0,0,0,0,0,0,0,0,70000,0,0,0,70000,0,70000,70000
059867,華邦電凱基99購02,0,0,0,0,0,0,0,0,0,70000,0,0,0,130000,60000,70000,70000
059424,SGBR2X元大9A購01,0,0,0,0,0,0,0,0,0,70000,0,0,0,83000,13000,70000,70000
063148,建準元富9B購01  ,0,0,0,0,0,0,0,0,0,70000,0,0,0,181000,111000,70000,70000
063168,台表科永豐9B購01,0,0,0,0,0,0,0,0,0,70000,0,0,0,406000,336000,70000,70000
063493,金像電富邦01購01,0,0,0,0,0,0,0,0,0,70000,0,0,0,81000,11000,70000,70000
063336,大成鋼統一9C購02,0,0,0,0,0,0,0,0,0,70000,0,0,0,70000,0,70000,70000
08430P,友達凱基01售01  ,0,0,0,0,0,0,0,0,0,69000,0,0,0,69000,0,69000,69000
065038,上銀凱基9C購02  ,0,0,0,0,0,0,0,0,0,69000,0,0,0,69000,0,69000,69000
054540,泰鼎國票99購01  ,0,0,0,0,0,0,0,0,0,69000,0,0,0,104000,35000,69000,69000
057136,立積凱基98購02  ,0,0,0,0,0,0,0,0,0,69000,0,0,0,76000,7000,69000,69000
061144,玉晶光中信9B購02,0,0,0,0,0,0,0,0,0,69000,0,0,0,77000,8000,69000,69000
060759,南亞科元大9A購03,0,0,0,0,0,0,0,0,0,69000,0,0,0,137000,68000,69000,69000
057242,台郡凱基98購05  ,0,0,0,0,0,0,0,0,0,69000,0,0,0,162000,93000,69000,69000
061162,南電群益9A購02  ,0,0,0,0,0,0,0,0,0,69000,0,0,0,78000,9000,69000,69000
060187,華新科元富9A購02,0,0,0,0,0,0,0,0,0,69000,0,0,0,69000,0,69000,69000
058964,群創兆豐99購01  ,0,0,0,0,0,0,0,0,0,69000,0,0,0,69000,0,69000,69000
058247,聯茂元大99購04  ,0,0,0,0,0,0,0,0,0,69000,0,0,0,180000,111000,69000,69000
062098,億光永豐9B購01  ,0,0,0,0,0,0,0,0,0,69000,0,0,0,69000,0,69000,69000
062128,祥碩統一01購01  ,0,0,0,0,0,0,0,0,0,69000,0,0,0,80000,11000,69000,69000
061178,晶技凱基9B購01  ,0,0,0,0,0,0,0,0,0,69000,0,0,0,70000,1000,69000,69000
062333,嘉晶統一9C購01  ,0,0,0,0,0,0,0,0,0,69000,0,0,0,534000,465000,69000,69000
062704,大毅元大9C購01  ,0,0,0,0,0,0,0,0,0,69000,0,0,0,69000,0,69000,69000
062722,京元電凱基9B購02,0,0,0,0,0,0,0,0,0,69000,0,0,0,186000,117000,69000,69000
064388,緯穎富邦9C購01  ,0,0,0,0,0,0,0,0,0,69000,0,0,0,738000,669000,69000,69000
064533,技嘉國票01購01  ,0,0,0,0,0,0,0,0,0,69000,0,0,0,127000,58000,69000,69000
063734,可成元大9B購04  ,0,0,0,0,0,0,0,0,0,69000,0,0,0,104000,35000,69000,69000
065175,大立光元大01購05,0,0,0,0,0,0,0,0,0,68000,0,0,0,69000,1000,68000,68000
065448,緯創統一9C購01  ,0,0,0,0,0,0,0,0,0,68000,0,0,0,130000,62000,68000,68000
065463,大立光中信01購02,0,0,0,0,0,0,0,0,0,68000,0,0,0,73000,5000,68000,68000
08396P,鴻海元富9C售04  ,0,0,0,0,0,0,0,0,0,68000,0,0,0,68000,0,68000,68000
057650,力成元大98購04  ,0,0,0,0,0,0,0,0,0,68000,0,0,0,68000,0,68000,68000
056899,可成元大98購01  ,0,0,0,0,0,0,0,0,0,68000,0,0,0,68000,0,68000,68000
058764,康友群益99購01  ,0,0,0,0,0,0,0,0,0,68000,0,0,0,98000,30000,68000,68000
058116,正崴中信99購02  ,0,0,0,0,0,0,0,0,0,68000,0,0,0,138000,70000,68000,68000
064518,華新科群益02購01,0,0,0,0,0,0,0,0,0,68000,0,0,0,94000,26000,68000,68000
064759,景碩凱基9C購01  ,0,0,0,0,0,0,0,0,0,68000,0,0,0,90000,22000,68000,68000
064658,喬山元大9C購01  ,0,0,0,0,0,0,0,0,0,68000,0,0,0,68000,0,68000,68000
062179,旺宏元大9B購05  ,0,0,0,0,0,0,0,0,0,68000,0,0,0,68000,0,68000,68000
062169,禾伸堂永豐9B購01,0,0,0,0,0,0,0,0,0,68000,0,0,0,68000,0,68000,68000
062153,智邦麥證9B購01  ,0,0,0,105000,37000,68000,0,0,0,68000,0,0,0,105000,37000,68000,68000
063299,金寶凱基9B購01  ,0,0,0,0,0,0,0,0,0,68000,0,0,0,68000,0,68000,68000
08145P,台灣50群益9B售11,0,0,0,0,0,0,0,0,0,67000,0,0,0,117000,50000,67000,67000
065207,奇力新國票9C購02,0,0,0,0,0,0,0,0,0,67000,0,0,0,104000,37000,67000,67000
065080,燿華元大01購01  ,0,0,0,0,0,0,0,0,0,67000,0,0,0,78000,11000,67000,67000
056970,TPK永豐98購01   ,0,0,0,0,0,0,0,0,0,67000,0,0,0,107000,40000,67000,67000
054889,京鼎統一99購01  ,0,0,0,0,0,0,0,0,0,67000,0,0,0,150000,83000,67000,67000
056088,台郡統一97購02  ,0,0,0,0,0,0,0,0,0,67000,0,0,0,67000,0,67000,67000
03680C,臺股指凱基9A牛26,0,0,0,0,0,0,0,0,0,67000,0,0,0,115000,48000,67000,67000
00770,國泰北美科技    ,0,0,0,0,0,0,0,0,0,67000,0,0,0,107000,40000,67000,67000
056307,貿聯元大97購05  ,0,0,0,0,0,0,0,0,0,67000,0,0,0,68000,1000,67000,67000
056422,全新統一98購02  ,0,0,0,0,0,0,0,0,0,67000,0,0,0,129000,62000,67000,67000
056540,聯詠凱基98購02  ,0,0,0,0,0,0,0,0,0,67000,0,0,0,143000,76000,67000,67000
061038,TPK永豐9A購01   ,0,0,0,0,0,0,0,0,0,67000,0,0,0,107000,40000,67000,67000
061034,晶豪科永豐9A購01,0,0,0,0,0,0,0,0,0,67000,0,0,0,140000,73000,67000,67000
058884,世紀鋼永豐99購02,0,0,0,0,0,0,0,0,0,67000,0,0,0,68000,1000,67000,67000
063478,GIS元大9B購03   ,0,0,0,0,0,0,0,0,0,67000,0,0,0,187000,120000,67000,67000
063028,巨大元大9B購02  ,0,0,0,0,0,0,0,0,0,67000,0,0,0,67000,0,67000,67000
064700,致新群益9C購02  ,0,0,0,0,0,0,0,0,0,67000,0,0,0,236000,169000,67000,67000
064726,創意統一01購03  ,0,0,0,0,0,0,0,0,0,67000,0,0,0,671000,604000,67000,67000
064536,富邦金國票01購01,0,0,0,0,0,0,0,0,0,67000,0,0,0,118000,51000,67000,67000
5288,豐祥-KY         ,24000,7000,17000,0,0,0,50000,0,50000,0,0,0,0,0,0,0,67000
065285,宏碁群益01購01  ,0,0,0,0,0,0,0,0,0,66000,0,0,0,66000,0,66000,66000
065598,微星元大01購02  ,0,0,0,0,0,0,0,0,0,66000,0,0,0,134000,68000,66000,66000
065723,新日興兆豐01購01,0,0,0,0,0,0,0,0,0,66000,0,0,0,224000,158000,66000,66000
1541,錩泰            ,70000,29000,41000,0,0,0,0,0,0,25000,25000,0,25000,0,0,0,66000
06921P,台光電凱基98售06,0,0,0,0,0,0,0,0,0,66000,0,0,0,66000,0,66000,66000
056353,鴻海元大99購02  ,0,0,0,0,0,0,0,0,0,66000,0,0,0,151000,85000,66000,66000
057567,嘉聯益富邦9A購01,0,0,0,0,0,0,0,0,0,66000,0,0,0,207000,141000,66000,66000
060664,聯詠凱基9A購01  ,0,0,0,0,0,0,0,0,0,66000,0,0,0,167000,101000,66000,66000
00701,國泰股利精選30  ,0,0,0,0,0,0,0,0,0,66000,0,0,0,221000,155000,66000,66000
057963,緯穎元大98購08  ,0,0,0,0,0,0,0,0,0,66000,0,0,0,121000,55000,66000,66000
058802,矽創元大99購02  ,0,0,0,0,0,0,0,0,0,66000,0,0,0,66000,0,66000,66000
058832,立積永豐99購01  ,0,0,0,0,0,0,0,0,0,66000,0,0,0,125000,59000,66000,66000
058182,日電貿國泰9A購01,0,0,0,0,0,0,0,0,0,66000,0,0,0,72000,6000,66000,66000
064626,聯茂元大9C購01  ,0,0,0,0,0,0,0,0,0,66000,0,0,0,263000,197000,66000,66000
064668,大立光元大9C購21,0,0,0,0,0,0,0,0,0,66000,0,0,0,74000,8000,66000,66000
064390,台塑永豐9C購01  ,0,0,0,0,0,0,0,0,0,66000,0,0,0,76000,10000,66000,66000
064077,台積電中信06購03,0,0,0,0,0,0,0,0,0,66000,0,0,0,66000,0,66000,66000
063001,巨大國票9B購01  ,0,0,0,0,0,0,0,0,0,66000,0,0,0,141000,75000,66000,66000
063463,瑞昱元大9B購05  ,0,0,0,0,0,0,0,0,0,66000,0,0,0,81000,15000,66000,66000
2101,南港            ,746000,820000,-74000,0,0,0,0,0,0,140000,180000,3000,177000,147000,184000,-37000,66000
065720,義隆兆豐9C購03  ,0,0,0,0,0,0,0,0,0,65000,0,0,0,248000,183000,65000,65000
065810,台表科群益9C購05,0,0,0,0,0,0,0,0,0,65000,0,0,0,187000,122000,65000,65000
065653,同欣電元大03購01,0,0,0,0,0,0,0,0,0,65000,0,0,0,131000,66000,65000,65000
054080,微星中信98購01  ,0,0,0,0,0,0,0,0,0,65000,0,0,0,85000,20000,65000,65000
054627,義隆凱基98購01  ,0,0,0,0,0,0,0,0,0,65000,0,0,0,92000,27000,65000,65000
052203,T50反1中信99購03,0,0,0,0,0,0,0,0,0,65000,0,0,0,65000,0,65000,65000
057663,國巨元大99購08  ,0,0,0,0,0,0,0,0,0,65000,0,0,0,65000,0,65000,65000
057383,玉晶光富邦9A購01,0,0,0,0,0,0,0,0,0,65000,0,0,0,86000,21000,65000,65000
057187,群創元大9B購04  ,0,0,0,0,0,0,0,0,0,65000,0,0,0,70000,5000,65000,65000
058146,勤誠元大99購01  ,0,0,0,0,0,0,0,0,0,65000,0,0,0,110000,45000,65000,65000
061955,FANG+統一9B購01 ,0,0,0,0,0,0,0,0,0,65000,0,0,0,110000,45000,65000,65000
059056,技嘉凱基99購02  ,0,0,0,0,0,0,0,0,0,65000,0,0,0,131000,66000,65000,65000
061431,鈺齊元大9A購01  ,0,0,0,0,0,0,0,0,0,65000,0,0,0,65000,0,65000,65000
063349,台郡統一9C購01  ,0,0,0,0,0,0,0,0,0,65000,0,0,0,65000,0,65000,65000
062777,鴻海元大9C購03  ,0,0,0,0,0,0,0,0,0,65000,0,0,0,131000,66000,65000,65000
064465,台表科統一01購02,0,0,0,0,0,0,0,0,0,65000,0,0,0,75000,10000,65000,65000
064236,奇力新統一01購04,0,0,0,0,0,0,0,0,0,65000,0,0,0,179000,114000,65000,65000
3356,奇偶            ,76000,11000,65000,0,0,0,0,0,0,0,0,0,0,0,0,0,65000
065624,聯詠中信9C購01  ,0,0,0,0,0,0,0,0,0,64000,0,0,0,98000,34000,64000,64000
065527,巨大群益9C購03  ,0,0,0,0,0,0,0,0,0,64000,0,0,0,87000,23000,64000,64000
06984P,上銀富邦9B售01  ,0,0,0,0,0,0,0,0,0,64000,0,0,0,93000,29000,64000,64000
08592P,聯發科凱基01售06,0,0,0,0,0,0,0,0,0,64000,0,0,0,68000,4000,64000,64000
08633P,聯發科元大9C售20,0,0,0,0,0,0,0,0,0,64000,0,0,0,64000,0,64000,64000
08487P,同欣電群益01售01,0,0,0,0,0,0,0,0,0,64000,0,0,0,64000,0,64000,64000
056535,全新凱基99購02  ,0,0,0,0,0,0,0,0,0,64000,0,0,0,122000,58000,64000,64000
056330,玉晶光國票99購03,0,0,0,0,0,0,0,0,0,64000,0,0,0,70000,6000,64000,64000
058193,緯穎永豐99購01  ,0,0,0,0,0,0,0,0,0,64000,0,0,0,83000,19000,64000,64000
058580,華新科群益99購02,0,0,0,0,0,0,0,0,0,64000,0,0,0,162000,98000,64000,64000
064429,鴻海凱基03購03  ,0,0,0,0,0,0,0,0,0,64000,0,0,0,97000,33000,64000,64000
064583,光寶科永豐9C購01,0,0,0,0,0,0,0,0,0,64000,0,0,0,74000,10000,64000,64000
064177,立積國泰01購01  ,0,0,0,0,0,0,0,0,0,64000,0,0,0,1738000,1674000,64000,64000
064174,致新元富9C購02  ,0,0,0,0,0,0,0,0,0,64000,0,0,0,303000,239000,64000,64000
063985,香港反富邦02購01,0,0,0,0,0,0,0,0,0,64000,0,0,0,64000,0,64000,64000
063901,緯穎群益9C購01  ,0,0,0,0,0,0,0,0,0,64000,0,0,0,113000,49000,64000,64000
062672,兆豐金中信03購01,0,0,0,0,0,0,0,0,0,64000,0,0,0,160000,96000,64000,64000
062186,晶技元大9B購05  ,0,0,0,0,0,0,0,0,0,64000,0,0,0,166000,102000,64000,64000
063027,台汽電元大9B購01,0,0,0,0,0,0,0,0,0,64000,0,0,0,64000,0,64000,64000
064994,南電兆豐01購01  ,0,0,0,0,0,0,0,0,0,63000,0,0,0,145000,82000,63000,63000
057042,台積電元大98購10,0,0,0,0,0,0,0,0,0,63000,0,0,0,63000,0,63000,63000
059118,晶技永豐9A購01  ,0,0,0,0,0,0,0,0,0,63000,0,0,0,64000,1000,63000,63000
059242,南亞科凱基99購06,0,0,0,0,0,0,0,0,0,63000,0,0,0,190000,127000,63000,63000
061064,可成凱基9B購02  ,0,0,0,0,0,0,0,0,0,63000,0,0,0,70000,7000,63000,63000
061942,亞德客群益9B購01,0,0,0,0,0,0,0,0,0,63000,0,0,0,63000,0,63000,63000
061964,台積電統一01購05,0,0,0,0,0,0,0,0,0,63000,0,0,0,220000,157000,63000,63000
061527,牧德凱基9A購02  ,0,0,0,0,0,0,0,0,0,63000,0,0,0,63000,0,63000,63000
064012,泰碩國票01購02  ,0,0,0,0,0,0,0,0,0,63000,0,0,0,79000,16000,63000,63000
063736,大立光元大9B購08,0,0,0,0,0,0,0,0,0,63000,0,0,0,79000,16000,63000,63000
6209,今國光          ,124000,49000,75000,0,0,0,0,0,0,-12000,0,12000,-12000,0,0,0,63000
6271,同欣電          ,460000,139097,320903,0,0,0,168000,598000,-430000,172000,179000,48000,131000,49000,8000,41000,62903
065384,南電元大9C購07  ,0,0,0,0,0,0,0,0,0,62000,0,0,0,69000,7000,62000,62000
08313P,健策國票01售01  ,0,0,0,0,0,0,0,0,0,62000,0,0,0,180000,118000,62000,62000
056721,台灣50永昌9A購01,0,0,0,0,0,0,0,0,0,62000,0,0,0,65000,3000,62000,62000
056390,台積電富邦9B購01,0,0,0,0,0,0,0,0,0,62000,0,0,0,62000,0,62000,62000
058091,欣興元大99購03  ,0,0,0,0,0,0,0,0,0,62000,0,0,0,225000,163000,62000,62000
058351,上銀凱基9A購02  ,0,0,0,0,0,0,0,0,0,62000,0,0,0,81000,19000,62000,62000
063181,聚陽凱基9B購01  ,0,0,0,0,0,0,0,0,0,62000,0,0,0,85000,23000,62000,62000
4540,全球傳動        ,83000,21000,62000,0,0,0,0,0,0,0,0,0,0,0,0,0,62000
2612,中航            ,70000,8000,62000,0,0,0,0,0,0,0,0,0,0,0,0,0,62000
00743,國泰中國A150    ,64000,14000,50000,0,0,0,0,0,0,11268,0,0,0,15268,4000,11268,61268
07266P,大立光元大99售19,0,0,0,0,0,0,0,0,0,61000,0,0,0,64000,3000,61000,61000
065807,智伸科群益01購01,0,0,0,0,0,0,0,0,0,61000,0,0,0,61000,0,61000,61000
051047,深中小群益99購01,0,0,0,0,0,0,0,0,0,61000,0,0,0,61000,0,61000,61000
055911,可成凱基98購02  ,0,0,0,0,0,0,0,0,0,61000,0,0,0,68000,7000,61000,61000
057119,微星康和98購01  ,0,0,0,0,0,0,0,0,0,61000,0,0,0,198000,137000,61000,61000
058900,旺宏元大99購11  ,0,0,0,0,0,0,0,0,0,61000,0,0,0,212000,151000,61000,61000
063250,同欣電元大9B購03,0,0,0,0,0,0,0,0,0,61000,0,0,0,230000,169000,61000,61000
062286,台郡群益9B購01  ,0,0,0,0,0,0,0,0,0,61000,0,0,0,61000,0,61000,61000
062546,新日興永豐9B購01,0,0,0,0,0,0,0,0,0,61000,0,0,0,227000,166000,61000,61000
064669,健策元大01購03  ,0,0,0,0,0,0,0,0,0,61000,0,0,0,195000,134000,61000,61000
064451,技嘉統一01購02  ,0,0,0,0,0,0,0,0,0,61000,0,0,0,237000,176000,61000,61000
4144,康聯-KY         ,61000,0,61000,0,0,0,0,0,0,0,0,0,0,0,0,0,61000
065255,上銀元大01購01  ,0,0,0,0,0,0,0,0,0,60000,0,0,0,70000,10000,60000,60000
064948,致茂凱基01購01  ,0,0,0,0,0,0,0,0,0,60000,0,0,0,80000,20000,60000,60000
07303P,臺股指元大9A售36,0,0,0,0,0,0,0,0,0,60000,0,0,0,160000,100000,60000,60000
08071P,臺股指富邦9B售04,0,0,0,0,0,0,0,0,0,60000,0,0,0,60000,0,60000,60000
08615P,同欣電統一9C售02,0,0,0,0,0,0,0,0,0,60000,0,0,0,61000,1000,60000,60000
056534,京元電凱基98購01,0,0,0,0,0,0,0,0,0,60000,0,0,0,60000,0,60000,60000
056358,友訊元大99購01  ,0,0,0,0,0,0,0,0,0,60000,0,0,0,60000,0,60000,60000
056157,聯詠凱基97購03  ,0,0,0,0,0,0,0,0,0,60000,0,0,0,60000,0,60000,60000
057019,台積電凱基98購14,0,0,0,0,0,0,0,0,0,60000,0,0,0,60000,0,60000,60000
057482,微星元大98購03  ,0,0,0,0,0,0,0,0,0,60000,0,0,0,60000,0,60000,60000
057638,上銀元大99購01  ,0,0,0,0,0,0,0,0,0,60000,0,0,0,100000,40000,60000,60000
060686,康友元大9A購02  ,0,0,0,0,0,0,0,0,0,60000,0,0,0,88000,28000,60000,60000
054932,台肥元大97購01  ,0,0,0,0,0,0,0,0,0,60000,0,0,0,60000,0,60000,60000
054472,道瓊反中信9A購01,0,0,0,0,0,0,0,0,0,60000,0,0,0,165000,105000,60000,60000
058861,國巨凱基9A購08  ,0,0,0,0,0,0,0,0,0,60000,0,0,0,90000,30000,60000,60000
05974P,國巨富邦97售03  ,0,0,0,0,0,0,0,0,0,60000,0,0,0,120000,60000,60000,60000
059189,國泰金富邦9B購01,0,0,0,0,0,0,0,0,0,60000,0,0,0,65000,5000,60000,60000
058599,T50反1元大99購05,0,0,0,0,0,0,0,0,0,60000,0,0,0,60000,0,60000,60000
061049,奇力新中信9A購02,0,0,0,0,0,0,0,0,0,60000,0,0,0,60000,0,60000,60000
061589,世紀鋼富邦9B購01,0,0,0,0,0,0,0,0,0,60000,0,0,0,60000,0,60000,60000
061452,大成鋼凱基9A購01,0,0,0,0,0,0,0,0,0,60000,0,0,0,110000,50000,60000,60000
060877,華邦電中信02購01,0,0,0,0,0,0,0,0,0,60000,0,0,0,60000,0,60000,60000
061750,台達電台新9B購01,0,0,0,0,0,0,0,0,0,60000,0,0,0,60000,0,60000,60000
060017,全新康和99購01  ,0,0,0,0,0,0,0,0,0,60000,0,0,0,148000,88000,60000,60000
061376,瑞昱永豐9A購02  ,0,0,0,0,0,0,0,0,0,60000,0,0,0,122000,62000,60000,60000
061415,健策群益9A購04  ,0,0,0,0,0,0,0,0,0,60000,0,0,0,64000,4000,60000,60000
063886,南電元富9C購01  ,0,0,0,0,0,0,0,0,0,60000,0,0,0,60000,0,60000,60000
063605,健策凱基9C購02  ,0,0,0,0,0,0,0,0,0,60000,0,0,0,73000,13000,60000,60000
063908,國巨凱基9C購06  ,0,0,0,0,0,0,0,0,0,60000,0,0,0,85000,25000,60000,60000
064092,世紀鋼凱基9C購03,0,0,0,0,0,0,0,0,0,60000,0,0,0,60000,0,60000,60000
062573,大毅群益9B購03  ,0,0,0,0,0,0,0,0,0,60000,0,0,0,95000,35000,60000,60000
062603,台化凱基9B購01  ,0,0,0,0,0,0,0,0,0,60000,0,0,0,60000,0,60000,60000
062425,可成統一01購01  ,0,0,0,0,0,0,0,0,0,60000,0,0,0,90000,30000,60000,60000
062380,巨大元大9B購01  ,0,0,0,0,0,0,0,0,0,60000,0,0,0,70000,10000,60000,60000
063203,華新科統一9C購04,0,0,0,0,0,0,0,0,0,60000,0,0,0,144000,84000,60000,60000
063134,裕隆統一01購01  ,0,0,0,0,0,0,0,0,0,60000,0,0,0,1042000,982000,60000,60000
063289,台表科元大9B購07,0,0,0,0,0,0,0,0,0,60000,0,0,0,68000,8000,60000,60000
063438,聚陽統一9C購01  ,0,0,0,0,0,0,0,0,0,60000,0,0,0,60000,0,60000,60000
063435,儒鴻統一01購02  ,0,0,0,0,0,0,0,0,0,60000,0,0,0,254000,194000,60000,60000
4104,佳醫            ,68000,10000,58000,0,0,0,2000,0,2000,0,0,0,0,0,0,0,60000
3311,閎暉            ,64000,4000,60000,0,0,0,0,0,0,0,0,0,0,0,0,0,60000
2915,潤泰全          ,594000,464000,130000,0,0,0,0,0,0,-70000,42000,8000,34000,30000,134000,-104000,60000
07951P,智邦元大9B售05  ,0,0,0,0,0,0,0,0,0,59000,0,0,0,64000,5000,59000,59000
07756P,台灣50國票04售01,0,0,0,0,0,0,0,0,0,59000,0,0,0,70000,11000,59000,59000
06915P,晶技元富98售02  ,0,0,0,0,0,0,0,0,0,59000,0,0,0,59000,0,59000,59000
065089,大立光元大9C購23,0,0,0,0,0,0,0,0,0,59000,0,0,0,59000,0,59000,59000
055829,上銀元大97購06  ,0,0,0,0,0,0,0,0,0,59000,0,0,0,100000,41000,59000,59000
060665,康控凱基9A購01  ,0,0,0,0,0,0,0,0,0,59000,0,0,0,265000,206000,59000,59000
060847,康控國票9A購01  ,0,0,0,0,0,0,0,0,0,59000,0,0,0,122000,63000,59000,59000
059886,可成國票99購04  ,0,0,0,0,0,0,0,0,0,59000,0,0,0,93000,34000,59000,59000
061713,華邦電凱基9A購01,0,0,0,0,0,0,0,0,0,59000,0,0,0,182000,123000,59000,59000
059700,鴻海凱基9A購16  ,0,0,0,0,0,0,0,0,0,59000,0,0,0,59000,0,59000,59000
063492,台積電富邦02購02,0,0,0,0,0,0,0,0,0,59000,0,0,0,139000,80000,59000,59000
063025,超眾元大9B購01  ,0,0,0,0,0,0,0,0,0,59000,0,0,0,314000,255000,59000,59000
062968,仁寶元富9B購01  ,0,0,0,0,0,0,0,0,0,59000,0,0,0,256000,197000,59000,59000
062727,華擎凱基9B購03  ,0,0,0,0,0,0,0,0,0,59000,0,0,0,160000,101000,59000,59000
064129,新日興元大9C購02,0,0,0,0,0,0,0,0,0,59000,0,0,0,74000,15000,59000,59000
064293,勤誠元大9C購01  ,0,0,0,0,0,0,0,0,0,59000,0,0,0,249000,190000,59000,59000
064708,帆宣永豐9C購01  ,0,0,0,0,0,0,0,0,0,59000,0,0,0,165000,106000,59000,59000
064630,巨大元大9C購01  ,0,0,0,0,0,0,0,0,0,59000,0,0,0,471000,412000,59000,59000
8499,鼎炫-KY         ,70000,11000,59000,0,0,0,0,0,0,0,0,0,0,0,0,0,59000
065095,玉晶光元大02購02,0,0,0,0,0,0,0,0,0,58000,0,0,0,249000,191000,58000,58000
064969,達新元大9C購01  ,0,0,0,0,0,0,0,0,0,58000,0,0,0,58000,0,58000,58000
064795,致伸國票01購01  ,0,0,0,0,0,0,0,0,0,58000,0,0,0,96000,38000,58000,58000
065794,麗豐永豐9C購01  ,0,0,0,0,0,0,0,0,0,58000,0,0,0,160000,102000,58000,58000
07138P,台灣50群益9B售04,0,0,0,0,0,0,0,0,0,58000,0,0,0,58000,0,58000,58000
08010P,大成鋼元大9B售01,0,0,0,0,0,0,0,0,0,58000,0,0,0,268000,210000,58000,58000
08272P,鴻海元富9C售02  ,0,0,0,0,0,0,0,0,0,58000,0,0,0,58000,0,58000,58000
057583,啟碁中信9A購01  ,0,0,0,0,0,0,0,0,0,58000,0,0,0,78000,20000,58000,58000
055232,泰碩國票98購01  ,0,0,0,0,0,0,0,0,0,58000,0,0,0,58000,0,58000,58000
058324,嘉聯益永豐9A購01,0,0,0,0,0,0,0,0,0,58000,0,0,0,68000,10000,58000,58000
061908,台積電中信05購01,0,0,0,0,0,0,0,0,0,58000,0,0,0,89000,31000,58000,58000
062021,康控永豐9B購01  ,0,0,0,0,0,0,0,0,0,58000,0,0,0,58000,0,58000,58000
061837,華新科凱基05購02,0,0,0,0,0,0,0,0,0,58000,0,0,0,68000,10000,58000,58000
061368,南六國票9A購01  ,0,0,0,0,0,0,0,0,0,58000,0,0,0,151000,93000,58000,58000
060327,美律群益9A購02  ,0,0,0,0,0,0,0,0,0,58000,0,0,0,242000,184000,58000,58000
064784,祥碩群益9C購01  ,0,0,0,0,0,0,0,0,0,58000,0,0,0,58000,0,58000,58000
064276,聯發科元大9C購07,0,0,0,0,0,0,0,0,0,58000,0,0,0,68000,10000,58000,58000
064423,義隆兆豐9C購02  ,0,0,0,0,0,0,0,0,0,58000,0,0,0,146000,88000,58000,58000
063753,矽創國票9C購01  ,0,0,0,0,0,0,0,0,0,58000,0,0,0,110000,52000,58000,58000
063801,GIS凱基01購01   ,0,0,0,0,0,0,0,0,0,58000,0,0,0,157000,99000,58000,58000
062350,台表科群益9B購01,0,0,0,0,0,0,0,0,0,58000,0,0,0,242000,184000,58000,58000
063147,東元元富9B購01  ,0,0,0,0,0,0,0,0,0,58000,0,0,0,58000,0,58000,58000
9934,成霖            ,117000,7000,110000,0,0,0,0,12000,-12000,-40000,0,40000,-40000,0,0,0,58000
2472,立隆電          ,95000,29000,66000,0,0,0,0,0,0,-8000,0,8000,-8000,0,0,0,58000
065759,TPK元大9C購05   ,0,0,0,0,0,0,0,0,0,57000,0,0,0,485000,428000,57000,57000
065655,緯穎元大9C購05  ,0,0,0,0,0,0,0,0,0,57000,0,0,0,59000,2000,57000,57000
064918,中信金統一02購01,0,0,0,0,0,0,0,0,0,57000,0,0,0,227000,170000,57000,57000
056034,華通凱基98購01  ,0,0,0,0,0,0,0,0,0,57000,0,0,0,217000,160000,57000,57000
054833,京鼎中信97購01  ,0,0,0,0,0,0,0,0,0,57000,0,0,0,57000,0,57000,57000
052003,泰碩國泰97購02  ,0,0,0,0,0,0,0,0,0,57000,0,0,0,57000,0,57000,57000
057780,台郡群益98購02  ,0,0,0,0,0,0,0,0,0,57000,0,0,0,77000,20000,57000,57000
056583,昇陽半元大98購02,0,0,0,0,0,0,0,0,0,57000,0,0,0,57000,0,57000,57000
061462,國巨群益9A購11  ,0,0,0,0,0,0,0,0,0,57000,0,0,0,57000,0,57000,57000
059452,全新永豐99購03  ,0,0,0,0,0,0,0,0,0,57000,0,0,0,347000,290000,57000,57000
058187,泰碩永豐99購01  ,0,0,0,0,0,0,0,0,0,57000,0,0,0,67000,10000,57000,57000
059675,大立光元富99購08,0,0,0,0,0,0,0,0,0,57000,0,0,0,57000,0,57000,57000
062276,瑞昱群益9B購01  ,0,0,0,0,0,0,0,0,0,57000,0,0,0,68000,11000,57000,57000
063899,同欣電群益9C購01,0,0,0,0,0,0,0,0,0,57000,0,0,0,95000,38000,57000,57000
2431,聯昌            ,63000,6000,57000,0,0,0,0,0,0,0,0,0,0,0,0,0,57000
5285,界霖            ,70000,13000,57000,0,0,0,0,0,0,0,0,0,0,0,0,0,57000
3033,威健            ,111000,53000,58000,0,0,0,0,0,0,-1583,0,1583,-1583,0,0,0,56417
064862,創意富邦03購01  ,0,0,0,0,0,0,0,0,0,56000,0,0,0,103000,47000,56000,56000
065524,康控群益01購01  ,0,0,0,0,0,0,0,0,0,56000,0,0,0,131000,75000,56000,56000
065431,大立光凱基02購02,0,0,0,0,0,0,0,0,0,56000,0,0,0,177000,121000,56000,56000
065778,南亞科國泰01購01,0,0,0,0,0,0,0,0,0,56000,0,0,0,56000,0,56000,56000
00851,台新全球AI      ,0,0,0,0,0,0,0,0,0,56000,0,0,0,81000,25000,56000,56000
00686R,群益臺灣加權反1 ,0,0,0,0,0,0,0,0,0,56000,0,0,0,127000,71000,56000,56000
054974,台表科元大98購02,0,0,0,0,0,0,0,0,0,56000,0,0,0,56000,0,56000,56000
054357,可成兆豐97購02  ,0,0,0,0,0,0,0,0,0,56000,0,0,0,201000,145000,56000,56000
057917,台積電凱基98購17,0,0,0,0,0,0,0,0,0,56000,0,0,0,130000,74000,56000,56000
064042,國巨統一9C購12  ,0,0,0,0,0,0,0,0,0,56000,0,0,0,90000,34000,56000,56000
064138,亞德客統一01購02,0,0,0,0,0,0,0,0,0,56000,0,0,0,89000,33000,56000,56000
064410,超眾凱基02購01  ,0,0,0,0,0,0,0,0,0,56000,0,0,0,76000,20000,56000,56000
064229,台表科國票01購01,0,0,0,0,0,0,0,0,0,56000,0,0,0,88000,32000,56000,56000
064552,巨大凱基01購01  ,0,0,0,0,0,0,0,0,0,56000,0,0,0,453000,397000,56000,56000
062541,臻鼎國泰01購01  ,0,0,0,0,0,0,0,0,0,56000,0,0,0,68000,12000,56000,56000
063200,瑞昱統一9C購01  ,0,0,0,0,0,0,0,0,0,56000,0,0,0,58000,2000,56000,56000
062912,新日興元大9B購01,0,0,0,0,0,0,0,0,0,56000,0,0,0,116000,60000,56000,56000
3031,佰鴻            ,62000,6000,56000,0,0,0,0,0,0,0,0,0,0,0,0,0,56000
2421,建準            ,876000,214000,662000,0,0,0,2000,654000,-652000,46000,0,1000,-1000,67000,20000,47000,56000
065148,滬深2X群益02購02,0,0,0,0,0,0,0,0,0,55000,0,0,0,55000,0,55000,55000
08289P,智邦統一9C售01  ,0,0,0,0,0,0,0,0,0,55000,0,0,0,55000,0,55000,55000
08407P,臺股指元大9C售13,0,0,0,0,0,0,0,0,0,55000,0,0,0,55000,0,55000,55000
054353,世紀鋼國泰98購01,0,0,0,0,0,0,0,0,0,55000,0,0,0,80000,25000,55000,55000
054563,泰碩群益99購01  ,0,0,0,0,0,0,0,0,0,55000,0,0,0,68000,13000,55000,55000
052695,台表科中信98購01,0,0,0,0,0,0,0,0,0,55000,0,0,0,55000,0,55000,55000
055672,國巨日盛97購02  ,0,0,0,0,0,0,0,0,0,55000,0,0,0,55000,0,55000,55000
044247,道瓊反元富97購01,0,0,0,0,0,0,0,0,0,55000,0,0,0,55000,0,55000,55000
057124,為升凱基98購02  ,0,0,0,0,0,0,0,0,0,55000,0,0,0,55000,0,55000,55000
057709,電子類群益98購01,0,0,0,0,0,0,0,0,0,55000,0,0,0,55000,0,55000,55000
057598,鴻海群益98購07  ,0,0,0,0,0,0,0,0,0,55000,0,0,0,85000,30000,55000,55000
057321,台泥群益98購01  ,0,0,0,0,0,0,0,0,0,55000,0,0,0,105000,50000,55000,55000
060968,台灣50元大9C購28,0,0,0,0,0,0,0,0,0,55000,0,0,0,55000,0,55000,55000
061303,玉晶光永豐9B購03,0,0,0,0,0,0,0,0,0,55000,0,0,0,55000,0,55000,55000
061771,玉晶光元大9C購04,0,0,0,0,0,0,0,0,0,55000,0,0,0,55000,0,55000,55000
061341,華新科元大9A購16,0,0,0,0,0,0,0,0,0,55000,0,0,0,55000,0,55000,55000
063428,矽創凱基9B購02  ,0,0,0,0,0,0,0,0,0,55000,0,0,0,58000,3000,55000,55000
063400,華擎群益9B購03  ,0,0,0,0,0,0,0,0,0,55000,0,0,0,163000,108000,55000,55000
064350,茂林元大01購01  ,0,0,0,0,0,0,0,0,0,55000,0,0,0,258000,203000,55000,55000
064437,可成凱基02購01  ,0,0,0,0,0,0,0,0,0,55000,0,0,0,82000,27000,55000,55000
08066P,南亞科凱基9B售04,0,0,0,0,0,0,0,0,0,54000,0,0,0,54000,0,54000,54000
060712,建準永豐9A購01  ,0,0,0,0,0,0,0,0,0,54000,0,0,0,54000,0,54000,54000
057782,台積電國票99購07,0,0,0,0,0,0,0,0,0,54000,0,0,0,114000,60000,54000,54000
057057,立積元大9A購01  ,0,0,0,0,0,0,0,0,0,54000,0,0,0,87000,33000,54000,54000
00673R,元大S&P原油反1  ,0,0,0,0,0,0,0,0,0,54000,0,0,0,119000,65000,54000,54000
060312,潤泰全永豐9A購01,0,0,0,0,0,0,0,0,0,54000,0,0,0,78000,24000,54000,54000
062069,喬山元大9B購01  ,0,0,0,0,0,0,0,0,0,54000,0,0,0,57000,3000,54000,54000
058309,大毅元大99購02  ,0,0,0,0,0,0,0,0,0,54000,0,0,0,54000,0,54000,54000
064313,嘉晶群益9C購02  ,0,0,0,0,0,0,0,0,0,54000,0,0,0,67000,13000,54000,54000
063622,健策兆豐9B購01  ,0,0,0,0,0,0,0,0,0,54000,0,0,0,63000,9000,54000,54000
062273,國巨群益9C購02  ,0,0,0,0,0,0,0,0,0,54000,0,0,0,54000,0,54000,54000
07085P,超眾元富9C售01  ,0,0,0,0,0,0,0,0,0,53000,0,0,0,93000,40000,53000,53000
08132P,南六元大9B售05  ,0,0,0,0,0,0,0,0,0,53000,0,0,0,214000,161000,53000,53000
1339,昭輝            ,59000,6000,53000,0,0,0,2000,0,2000,-2000,0,2000,-2000,0,0,0,53000
065256,上銀元大9C購10  ,0,0,0,0,0,0,0,0,0,53000,0,0,0,73000,20000,53000,53000
065871,南亞科群益9C購03,0,0,0,0,0,0,0,0,0,53000,0,0,0,60000,7000,53000,53000
06597P,國巨富邦9A售05  ,0,0,0,0,0,0,0,0,0,53000,0,0,0,163000,110000,53000,53000
065574,創意群益9C購04  ,0,0,0,0,0,0,0,0,0,53000,0,0,0,58000,5000,53000,53000
052659,上証2X國票99購01,0,0,0,0,0,0,0,0,0,53000,0,0,0,55000,2000,53000,53000
055703,緯穎富邦98購01  ,0,0,0,0,0,0,0,0,0,53000,0,0,0,53000,0,53000,53000
057954,宏碁元大99購01  ,0,0,0,0,0,0,0,0,0,53000,0,0,0,190000,137000,53000,53000
057944,新日興國票99購02,0,0,0,0,0,0,0,0,0,53000,0,0,0,62000,9000,53000,53000
056479,玉晶光元大99購05,0,0,0,0,0,0,0,0,0,53000,0,0,0,102000,49000,53000,53000
058239,景碩元大99購03  ,0,0,0,0,0,0,0,0,0,53000,0,0,0,56000,3000,53000,53000
061818,富邦金群益9C購01,0,0,0,0,0,0,0,0,0,53000,0,0,0,56000,3000,53000,53000
062915,嘉澤元大9B購03  ,0,0,0,0,0,0,0,0,0,53000,0,0,0,140000,87000,53000,53000
063559,力山元大9B購04  ,0,0,0,0,0,0,0,0,0,53000,0,0,0,182000,129000,53000,53000
064030,泰碩元大01購01  ,0,0,0,0,0,0,0,0,0,53000,0,0,0,124000,71000,53000,53000
064781,嘉晶群益9C購04  ,0,0,0,0,0,0,0,0,0,53000,0,0,0,53000,0,53000,53000
3004,豐達科          ,63000,10000,53000,0,0,0,0,0,0,0,0,0,0,0,0,0,53000
065874,智原群益9C購01  ,0,0,0,0,0,0,0,0,0,52000,0,0,0,234000,182000,52000,52000
065388,華擎兆豐01購01  ,0,0,0,0,0,0,0,0,0,52000,0,0,0,110000,58000,52000,52000
065252,玉晶光永豐9C購08,0,0,0,0,0,0,0,0,0,52000,0,0,0,89000,37000,52000,52000
057082,玉晶光統一9A購04,0,0,0,0,0,0,0,0,0,52000,0,0,0,62000,10000,52000,52000
056166,微星台新97購01  ,0,0,0,0,0,0,0,0,0,52000,0,0,0,52000,0,52000,52000
060660,國巨凱基9B購04  ,0,0,0,0,0,0,0,0,0,52000,0,0,0,52000,0,52000,52000
052090,聯發科元大97購03,0,0,0,0,0,0,0,0,0,52000,0,0,0,145000,93000,52000,52000
060313,淘帝永豐9A購01  ,0,0,0,0,0,0,0,0,0,52000,0,0,0,142000,90000,52000,52000
060188,華新科元富9A購03,0,0,0,0,0,0,0,0,0,52000,0,0,0,130000,78000,52000,52000
061374,力山永豐9A購04  ,0,0,0,0,0,0,0,0,0,52000,0,0,0,82000,30000,52000,52000
059440,康控元大9B購01  ,0,0,0,0,0,0,0,0,0,52000,0,0,0,98000,46000,52000,52000
059028,嘉聯益台新99購02,0,0,0,0,0,0,0,0,0,52000,0,0,0,134000,82000,52000,52000
058293,光寶科凱基9A購01,0,0,0,0,0,0,0,0,0,52000,0,0,0,152000,100000,52000,52000
059631,京元電凱基99購02,0,0,0,0,0,0,0,0,0,52000,0,0,0,52000,0,52000,52000
060953,富邦金群益9A購01,0,0,0,0,0,0,0,0,0,52000,0,0,0,53000,1000,52000,52000
063862,世紀鋼國泰02購01,0,0,0,0,0,0,0,0,0,52000,0,0,0,69000,17000,52000,52000
063078,元金2X凱基02購03,0,0,0,0,0,0,0,0,0,52000,0,0,0,60000,8000,52000,52000
063284,大立光元大9B購07,0,0,0,0,0,0,0,0,0,52000,0,0,0,52000,0,52000,52000
064900,景碩群益01購01  ,0,0,0,0,0,0,0,0,0,51000,0,0,0,94000,43000,51000,51000
065714,矽創群益9C購02  ,0,0,0,0,0,0,0,0,0,51000,0,0,0,57000,6000,51000,51000
065553,聯詠凱基9C購03  ,0,0,0,0,0,0,0,0,0,51000,0,0,0,101000,50000,51000,51000
055942,臺股指群益9C購01,0,0,0,0,0,0,0,0,0,51000,0,0,0,51000,0,51000,51000
060991,京鼎元大9A購01  ,0,0,0,0,0,0,0,0,0,51000,0,0,0,66000,15000,51000,51000
056236,台積電群益97購06,0,0,0,0,0,0,0,0,0,51000,0,0,0,51000,0,51000,51000
057684,聯茂日盛99購01  ,0,0,0,0,0,0,0,0,0,51000,0,0,0,51000,0,51000,51000
059543,可成亞東99購02  ,0,0,0,0,0,0,0,0,0,51000,0,0,0,51000,0,51000,51000
061594,玉晶光永豐9A購08,0,0,0,0,0,0,0,0,0,51000,0,0,0,56000,5000,51000,51000
059829,超眾凱基99購05  ,0,0,0,0,0,0,0,0,0,51000,0,0,0,51000,0,51000,51000
059250,大立光凱基99購06,0,0,0,0,0,0,0,0,0,51000,0,0,0,61000,10000,51000,51000
059425,SGBR2X元大9A購02,0,0,0,0,0,0,0,0,0,51000,0,0,0,70000,19000,51000,51000
059355,國巨富邦9B購03  ,0,0,0,0,0,0,0,0,0,51000,0,0,0,51000,0,51000,51000
061802,勤誠永豐9B購01  ,0,0,0,0,0,0,0,0,0,51000,0,0,0,71000,20000,51000,51000
058203,信邦凱基99購01  ,0,0,0,0,0,0,0,0,0,51000,0,0,0,211000,160000,51000,51000
063593,GIS永豐9B購01   ,0,0,0,0,0,0,0,0,0,51000,0,0,0,51000,0,51000,51000
064498,可成元大01購03  ,0,0,0,0,0,0,0,0,0,51000,0,0,0,67000,16000,51000,51000
2427,三商電          ,59000,0,59000,0,0,0,0,0,0,-8000,0,8000,-8000,0,0,0,51000
4746,台耀            ,443000,527000,-84000,0,0,0,0,0,0,135000,138000,3000,135000,0,0,0,51000
6541,泰福-KY         ,133000,82000,51000,0,0,0,0,0,0,0,0,0,0,0,0,0,51000
065612,聯茂元大9C購07  ,0,0,0,0,0,0,0,0,0,50000,0,0,0,100000,50000,50000,50000
06624P,訊芯元大98售06  ,0,0,0,0,0,0,0,0,0,50000,0,0,0,50000,0,50000,50000
06657P,寶成元大98售01  ,0,0,0,0,0,0,0,0,0,50000,0,0,0,50000,0,50000,50000
064906,台表科群益9C購02,0,0,0,0,0,0,0,0,0,50000,0,0,0,51000,1000,50000,50000
08129P,聯發科元大9B售23,0,0,0,0,0,0,0,0,0,50000,0,0,0,50000,0,50000,50000
08297P,寶成元大9C售01  ,0,0,0,0,0,0,0,0,0,50000,0,0,0,50000,0,50000,50000
08455P,台積電凱基9C售05,0,0,0,0,0,0,0,0,0,50000,0,0,0,51000,1000,50000,50000
07131P,緯穎元大99售06  ,0,0,0,0,0,0,0,0,0,50000,0,0,0,131000,81000,50000,50000
07373P,A50正2元大99售01,0,0,0,0,0,0,0,0,0,50000,0,0,0,50000,0,50000,50000
07982P,全新群益9B售04  ,0,0,0,0,0,0,0,0,0,50000,0,0,0,100000,50000,50000,50000
07950P,智邦元大9B售04  ,0,0,0,0,0,0,0,0,0,50000,0,0,0,50000,0,50000,50000
07819P,旺宏國票9B售01  ,0,0,0,0,0,0,0,0,0,50000,0,0,0,50000,0,50000,50000
07803P,南亞科永豐9A售02,0,0,0,0,0,0,0,0,0,50000,0,0,0,50000,0,50000,50000
07657P,技嘉凱基9A售03  ,0,0,0,0,0,0,0,0,0,50000,0,0,0,50000,0,50000,50000
057819,新日興元大99購01,0,0,0,0,0,0,0,0,0,50000,0,0,0,50000,0,50000,50000
057007,奇力新中信98購04,0,0,0,0,0,0,0,0,0,50000,0,0,0,50000,0,50000,50000
058053,上銀統一9B購01  ,0,0,0,0,0,0,0,0,0,50000,0,0,0,314000,264000,50000,50000
056469,國巨元大99購01  ,0,0,0,0,0,0,0,0,0,50000,0,0,0,143000,93000,50000,50000
056566,臻鼎群益98購01  ,0,0,0,0,0,0,0,0,0,50000,0,0,0,100000,50000,50000,50000
056663,臺股指元大9A購10,0,0,0,0,0,0,0,0,0,50000,0,0,0,50000,0,50000,50000
056331,聯鈞國票99購01  ,0,0,0,0,0,0,0,0,0,50000,0,0,0,185000,135000,50000,50000
056299,友達元大9B購04  ,0,0,0,0,0,0,0,0,0,50000,0,0,0,50000,0,50000,50000
057284,新日興元大98購03,0,0,0,0,0,0,0,0,0,50000,0,0,0,50000,0,50000,50000
058685,TPK凱基99購01   ,0,0,0,0,0,0,0,0,0,50000,0,0,0,186000,136000,50000,50000
054780,中石化群益99購01,0,0,0,0,0,0,0,0,0,50000,0,0,0,50000,0,50000,50000
055330,上銀兆豐98購02  ,0,0,0,0,0,0,0,0,0,50000,0,0,0,50000,0,50000,50000
055262,台虹國泰98購01  ,0,0,0,0,0,0,0,0,0,50000,0,0,0,80000,30000,50000,50000
054387,台積電統一98購02,0,0,0,0,0,0,0,0,0,50000,0,0,0,50000,0,50000,50000
052076,可成元富98購01  ,0,0,0,0,0,0,0,0,0,50000,0,0,0,50000,0,50000,50000
053317,友達群益9A購02  ,0,0,0,0,0,0,0,0,0,50000,0,0,0,50000,0,50000,50000
055651,富邦金元富97購01,0,0,0,0,0,0,0,0,0,50000,0,0,0,50000,0,50000,50000
055782,新日興凱基99購01,0,0,0,0,0,0,0,0,0,50000,0,0,0,50000,0,50000,50000
055792,臺股指凱基97購15,0,0,0,0,0,0,0,0,0,50000,0,0,0,50000,0,50000,50000
055490,台光電元大97購01,0,0,0,0,0,0,0,0,0,50000,0,0,0,50000,0,50000,50000
055382,台郡元大99購01  ,0,0,0,0,0,0,0,0,0,50000,0,0,0,50000,0,50000,50000
061838,華新科凱基05購03,0,0,0,0,0,0,0,0,0,50000,0,0,0,62000,12000,50000,50000
061841,晶技凱基9C購01  ,0,0,0,0,0,0,0,0,0,50000,0,0,0,58000,8000,50000,50000
059972,S&P正2元大99購03,0,0,0,0,0,0,0,0,0,50000,0,0,0,50000,0,50000,50000
058129,國巨元大99購10  ,0,0,0,0,0,0,0,0,0,50000,0,0,0,50000,0,50000,50000
062068,滬深2X元大9B購02,0,0,0,0,0,0,0,0,0,50000,0,0,0,50000,0,50000,50000
062027,國泰金群益9B購01,0,0,0,0,0,0,0,0,0,50000,0,0,0,50000,0,50000,50000
062093,台積電富邦9C購11,0,0,0,0,0,0,0,0,0,50000,0,0,0,100000,50000,50000,50000
059007,南電元大99購05  ,0,0,0,0,0,0,0,0,0,50000,0,0,0,54000,4000,50000,50000
059063,康控凱基99購04  ,0,0,0,0,0,0,0,0,0,50000,0,0,0,179000,129000,50000,50000
060169,群電永豐9A購01  ,0,0,0,0,0,0,0,0,0,50000,0,0,0,50000,0,50000,50000
060240,富邦金元大9A購01,0,0,0,0,0,0,0,0,0,50000,0,0,0,71000,21000,50000,50000
060296,和碩元大9A購01  ,0,0,0,0,0,0,0,0,0,50000,0,0,0,90000,40000,50000,50000
061525,華新科凱基9A購13,0,0,0,0,0,0,0,0,0,50000,0,0,0,60000,10000,50000,50000
060098,華新科元大99購24,0,0,0,0,0,0,0,0,0,50000,0,0,0,50000,0,50000,50000
059147,矽創國票99購01  ,0,0,0,0,0,0,0,0,0,50000,0,0,0,50000,0,50000,50000
061273,臺股指凱基9A購23,0,0,0,0,0,0,0,0,0,50000,0,0,0,50000,0,50000,50000
061256,亞德客凱基9B購01,0,0,0,0,0,0,0,0,0,50000,0,0,0,50000,0,50000,50000
059534,國泰金凱基99購01,0,0,0,0,0,0,0,0,0,50000,0,0,0,50000,0,50000,50000
058758,台積電群益99購05,0,0,0,0,0,0,0,0,0,50000,0,0,0,50000,0,50000,50000
059597,大立光元大99購21,0,0,0,0,0,0,0,0,0,50000,0,0,0,50000,0,50000,50000
064638,儒鴻凱基9C購03  ,0,0,0,0,0,0,0,0,0,50000,0,0,0,50000,0,50000,50000
064194,燿華群益9C購01  ,0,0,0,0,0,0,0,0,0,50000,0,0,0,50000,0,50000,50000
064491,金像電元大9C購03,0,0,0,0,0,0,0,0,0,50000,0,0,0,50000,0,50000,50000
064034,台表科元大9C購07,0,0,0,0,0,0,0,0,0,50000,0,0,0,58000,8000,50000,50000
063928,可成統一01購02  ,0,0,0,0,0,0,0,0,0,50000,0,0,0,81000,31000,50000,50000
064152,義隆統一02購02  ,0,0,0,0,0,0,0,0,0,50000,0,0,0,642000,592000,50000,50000
063424,新日興凱基01購01,0,0,0,0,0,0,0,0,0,50000,0,0,0,50000,0,50000,50000
063445,金像電統一9B購01,0,0,0,0,0,0,0,0,0,50000,0,0,0,50000,0,50000,50000
062259,可成元大9B購03  ,0,0,0,0,0,0,0,0,0,50000,0,0,0,53000,3000,50000,50000
062214,金寶統一01購01  ,0,0,0,0,0,0,0,0,0,50000,0,0,0,50000,0,50000,50000
062349,新日興群益9B購02,0,0,0,0,0,0,0,0,0,50000,0,0,0,50000,0,50000,50000
062605,上銀凱基9B購03  ,0,0,0,0,0,0,0,0,0,50000,0,0,0,50000,0,50000,50000
062765,祥碩凱基9B購04  ,0,0,0,0,0,0,0,0,0,50000,0,0,0,50000,0,50000,50000
2608,嘉里大榮        ,35000,4000,31000,0,0,0,19000,0,19000,0,0,0,0,0,0,0,50000
07088P,訊芯永豐99售02  ,0,0,0,0,0,0,0,0,0,49000,0,0,0,54000,5000,49000,49000
08210P,健策元富9B售02  ,0,0,0,0,0,0,0,0,0,49000,0,0,0,122000,73000,49000,49000
06789P,鴻海凱基98售12  ,0,0,0,0,0,0,0,0,0,49000,0,0,0,74000,25000,49000,49000
065706,奇鋐群益9C購02  ,0,0,0,0,0,0,0,0,0,49000,0,0,0,130000,81000,49000,49000
053582,英業達元大97購01,0,0,0,0,0,0,0,0,0,49000,0,0,0,51000,2000,49000,49000
053401,臺股指中信99購01,0,0,0,0,0,0,0,0,0,49000,0,0,0,49000,0,49000,49000
053866,景碩元大97購02  ,0,0,0,0,0,0,0,0,0,49000,0,0,0,95000,46000,49000,49000
054930,群電凱基98購01  ,0,0,0,0,0,0,0,0,0,49000,0,0,0,49000,0,49000,49000
059618,台積電日盛99購01,0,0,0,0,0,0,0,0,0,49000,0,0,0,168000,119000,49000,49000
061990,台勝科元大9C購01,0,0,0,0,0,0,0,0,0,49000,0,0,0,117000,68000,49000,49000
061971,力山元大9C購02  ,0,0,0,0,0,0,0,0,0,49000,0,0,0,96000,47000,49000,49000
062374,茂林元大9B購03  ,0,0,0,0,0,0,0,0,0,49000,0,0,0,99000,50000,49000,49000
063638,華新科元大9B購14,0,0,0,0,0,0,0,0,0,49000,0,0,0,63000,14000,49000,49000
063745,喬山國票9C購01  ,0,0,0,0,0,0,0,0,0,49000,0,0,0,77000,28000,49000,49000
064339,大立光元大01購01,0,0,0,0,0,0,0,0,0,49000,0,0,0,55000,6000,49000,49000
3518,柏騰            ,66000,16000,50000,0,0,0,0,0,0,-1000,0,1000,-1000,0,0,0,49000
065631,台積電國票9C購10,0,0,0,0,0,0,0,0,0,48000,0,0,0,55000,7000,48000,48000
065350,華擎統一01購04  ,0,0,0,0,0,0,0,0,0,48000,0,0,0,53000,5000,48000,48000
054630,聯鈞凱基98購01  ,0,0,0,0,0,0,0,0,0,48000,0,0,0,48000,0,48000,48000
00783,富邦中証500     ,110000,0,110000,0,0,0,0,0,0,-62000,0,0,0,954000,1016000,-62000,48000
056686,可成統一98購01  ,0,0,0,0,0,0,0,0,0,48000,0,0,0,48000,0,48000,48000
056532,技嘉凱基98購01  ,0,0,0,0,0,0,0,0,0,48000,0,0,0,61000,13000,48000,48000
057183,玉晶光元大99購07,0,0,0,0,0,0,0,0,0,48000,0,0,0,48000,0,48000,48000
057479,致茂元大98購03  ,0,0,0,0,0,0,0,0,0,48000,0,0,0,70000,22000,48000,48000
058014,上銀凱基99購02  ,0,0,0,0,0,0,0,0,0,48000,0,0,0,48000,0,48000,48000
060195,旭富元富9A購02  ,0,0,0,0,0,0,0,0,0,48000,0,0,0,381000,333000,48000,48000
060958,儒鴻凱基9A購02  ,0,0,0,0,0,0,0,0,0,48000,0,0,0,118000,70000,48000,48000
060463,台積電元大9A購10,0,0,0,0,0,0,0,0,0,48000,0,0,0,64000,16000,48000,48000
063648,台表科元大9C購05,0,0,0,0,0,0,0,0,0,48000,0,0,0,56000,8000,48000,48000
064156,大立光統一01購06,0,0,0,0,0,0,0,0,0,48000,0,0,0,48000,0,48000,48000
064119,上銀元大9C購06  ,0,0,0,0,0,0,0,0,0,48000,0,0,0,98000,50000,48000,48000
062889,可成群益9C購01  ,0,0,0,0,0,0,0,0,0,48000,0,0,0,109000,61000,48000,48000
063108,世紀鋼群益9C購01,0,0,0,0,0,0,0,0,0,48000,0,0,0,48000,0,48000,48000
9940,信義            ,61000,13000,48000,0,0,0,0,0,0,0,0,0,0,0,0,0,48000
6112,聚碩            ,124000,81000,43000,0,0,0,5000,0,5000,-266,0,266,-266,0,0,0,47734
1476,儒鴻            ,296167,246000,50167,0,0,0,0,31000,-31000,28000,4000,0,4000,25000,1000,24000,47167
08607P,聯發科富邦03售04,0,0,0,0,0,0,0,0,0,47000,0,0,0,50000,3000,47000,47000
08255P,國巨元大9C售11  ,0,0,0,0,0,0,0,0,0,47000,0,0,0,47000,0,47000,47000
06560P,台積電統一98售07,0,0,0,0,0,0,0,0,0,47000,0,0,0,47000,0,47000,47000
057494,玉晶光元大99購09,0,0,0,0,0,0,0,0,0,47000,0,0,0,126000,79000,47000,47000
057029,緯穎凱基98購04  ,0,0,0,0,0,0,0,0,0,47000,0,0,0,91000,44000,47000,47000
057135,立積凱基98購01  ,0,0,0,0,0,0,0,0,0,47000,0,0,0,65000,18000,47000,47000
057619,玉晶光凱基98購02,0,0,0,0,0,0,0,0,0,47000,0,0,0,67000,20000,47000,47000
060545,台積電凱基9B購02,0,0,0,0,0,0,0,0,0,47000,0,0,0,47000,0,47000,47000
058632,世紀鋼國票9A購01,0,0,0,0,0,0,0,0,0,47000,0,0,0,47000,0,47000,47000
060116,世紀鋼元大99購07,0,0,0,0,0,0,0,0,0,47000,0,0,0,47000,0,47000,47000
061479,泰碩元大9A購02  ,0,0,0,0,0,0,0,0,0,47000,0,0,0,77000,30000,47000,47000
058217,新唐群益99購01  ,0,0,0,0,0,0,0,0,0,47000,0,0,0,146000,99000,47000,47000
063460,智邦元大9B購08  ,0,0,0,0,0,0,0,0,0,47000,0,0,0,173000,126000,47000,47000
063417,金像電凱基9B購03,0,0,0,0,0,0,0,0,0,47000,0,0,0,77000,30000,47000,47000
062177,上銀元大9B購02  ,0,0,0,0,0,0,0,0,0,47000,0,0,0,83000,36000,47000,47000
063904,大立光麥證01購01,0,0,0,77000,1000,76000,0,0,0,47000,0,0,0,77000,30000,47000,47000
063940,國巨元大01購02  ,0,0,0,0,0,0,0,0,0,47000,0,0,0,70000,23000,47000,47000
064606,南電元富9C購03  ,0,0,0,0,0,0,0,0,0,47000,0,0,0,47000,0,47000,47000
6414,樺漢            ,248000,181000,67000,0,0,0,20000,50000,-30000,10000,35000,15000,20000,13000,23000,-10000,47000
5519,隆大            ,85000,38000,47000,0,0,0,0,0,0,0,0,0,0,0,0,0,47000
3583,辛耘            ,60000,11000,49000,0,0,0,0,0,0,-2000,0,2000,-2000,0,0,0,47000
065517,緯創群益9C購02  ,0,0,0,0,0,0,0,0,0,46000,0,0,0,149000,103000,46000,46000
06726P,欣興元富98售04  ,0,0,0,0,0,0,0,0,0,46000,0,0,0,46000,0,46000,46000
065205,金寶國票01購01  ,0,0,0,0,0,0,0,0,0,46000,0,0,0,73000,27000,46000,46000
064794,牧德國票01購01  ,0,0,0,0,0,0,0,0,0,46000,0,0,0,140000,94000,46000,46000
08605P,聯發科中信9C售06,0,0,0,0,0,0,0,0,0,46000,0,0,0,67000,21000,46000,46000
057158,義隆永豐99購01  ,0,0,0,0,0,0,0,0,0,46000,0,0,0,56000,10000,46000,46000
055814,晶豪科國票97購02,0,0,0,0,0,0,0,0,0,46000,0,0,0,51000,5000,46000,46000
057837,康控國泰99購02  ,0,0,0,0,0,0,0,0,0,46000,0,0,0,160000,114000,46000,46000
056959,鴻海永豐98購03  ,0,0,0,0,0,0,0,0,0,46000,0,0,0,46000,0,46000,46000
061321,華新科凱基9A購09,0,0,0,0,0,0,0,0,0,46000,0,0,0,146000,100000,46000,46000
060929,健策永豐9A購01  ,0,0,0,0,0,0,0,0,0,46000,0,0,0,47000,1000,46000,46000
062181,義隆元大9B購03  ,0,0,0,0,0,0,0,0,0,46000,0,0,0,94000,48000,46000,46000
062393,智邦富邦9B購01  ,0,0,0,0,0,0,0,0,0,46000,0,0,0,137000,91000,46000,46000
062845,微星富邦01購01  ,0,0,0,0,0,0,0,0,0,46000,0,0,0,46000,0,46000,46000
062683,可成統一9B購04  ,0,0,0,0,0,0,0,0,0,46000,0,0,0,46000,0,46000,46000
063436,儒鴻統一01購03  ,0,0,0,0,0,0,0,0,0,46000,0,0,0,414000,368000,46000,46000
6415,矽力-KY         ,239712,172364,67348,0,0,0,0,23000,-23000,1000,5000,4000,1000,0,0,0,45348
08207P,金像電群益9B售05,0,0,0,0,0,0,0,0,0,45000,0,0,0,47000,2000,45000,45000
08563P,金像電元富9C售03,0,0,0,0,0,0,0,0,0,45000,0,0,0,70000,25000,45000,45000
07076P,鴻海凱基9A售08  ,0,0,0,0,0,0,0,0,0,45000,0,0,0,45000,0,45000,45000
07932P,國巨元大9B售04  ,0,0,0,0,0,0,0,0,0,45000,0,0,0,45000,0,45000,45000
065192,臺股指統一9C購03,0,0,0,0,0,0,0,0,0,45000,0,0,0,45000,0,45000,45000
065103,南六元大9C購06  ,0,0,0,0,0,0,0,0,0,45000,0,0,0,158000,113000,45000,45000
065406,緯穎富邦9C購02  ,0,0,0,0,0,0,0,0,0,45000,0,0,0,45000,0,45000,45000
057672,茂林元大98購02  ,0,0,0,0,0,0,0,0,0,45000,0,0,0,160000,115000,45000,45000
052937,國巨兆豐97購01  ,0,0,0,0,0,0,0,0,0,45000,0,0,0,45000,0,45000,45000
052968,燿華群益98購01  ,0,0,0,0,0,0,0,0,0,45000,0,0,0,45000,0,45000,45000
055700,緯穎國泰98購02  ,0,0,0,0,0,0,0,0,0,45000,0,0,0,100000,55000,45000,45000
055512,聯詠兆豐97購01  ,0,0,0,0,0,0,0,0,0,45000,0,0,0,45000,0,45000,45000
048848,滬深2X群益98購02,0,0,0,0,0,0,0,0,0,45000,0,0,0,45000,0,45000,45000
057777,可成群益9A購03  ,0,0,0,0,0,0,0,0,0,45000,0,0,0,51000,6000,45000,45000
057232,京元電凱基98購02,0,0,0,0,0,0,0,0,0,45000,0,0,0,50000,5000,45000,45000
056304,創意元大97購03  ,0,0,0,0,0,0,0,0,0,45000,0,0,0,91000,46000,45000,45000
060685,康友元大9A購01  ,0,0,0,0,0,0,0,0,0,45000,0,0,0,91000,46000,45000,45000
059624,鴻海凱基01購01  ,0,0,0,0,0,0,0,0,0,45000,0,0,0,52000,7000,45000,45000
058287,國巨國票9A購02  ,0,0,0,0,0,0,0,0,0,45000,0,0,0,55000,10000,45000,45000
059246,奇力新凱基9A購02,0,0,0,0,0,0,0,0,0,45000,0,0,0,45000,0,45000,45000
059024,大立光統一9B購04,0,0,0,0,0,0,0,0,0,45000,0,0,0,287000,242000,45000,45000
063207,聯茂統一01購01  ,0,0,0,0,0,0,0,0,0,45000,0,0,0,186000,141000,45000,45000
064555,力山群益01購01  ,0,0,0,0,0,0,0,0,0,45000,0,0,0,45000,0,45000,45000
063961,世紀鋼元大9C購05,0,0,0,0,0,0,0,0,0,45000,0,0,0,131000,86000,45000,45000
2467,志聖            ,96000,51000,45000,0,0,0,0,0,0,0,0,0,0,0,0,0,45000
065671,大立光凱基9C購07,0,0,0,0,0,0,0,0,0,44000,0,0,0,44000,0,44000,44000
065765,GIS元大9C購09   ,0,0,0,0,0,0,0,0,0,44000,0,0,0,99000,55000,44000,44000
065147,寶成凱基01購01  ,0,0,0,0,0,0,0,0,0,44000,0,0,0,76000,32000,44000,44000
065046,玉晶光凱基01購03,0,0,0,0,0,0,0,0,0,44000,0,0,0,86000,42000,44000,44000
08045P,健策國票9B售01  ,0,0,0,0,0,0,0,0,0,44000,0,0,0,44000,0,44000,44000
08405P,聯發科元大9C售11,0,0,0,0,0,0,0,0,0,44000,0,0,0,710000,666000,44000,44000
08159P,日月光元富9B售01,0,0,0,0,0,0,0,0,0,44000,0,0,0,64000,20000,44000,44000
08293P,國巨元大9C售13  ,0,0,0,0,0,0,0,0,0,44000,0,0,0,44000,0,44000,44000
1732,毛寶            ,83000,39000,44000,0,0,0,0,0,0,0,0,0,0,0,0,0,44000
1707,葡萄王          ,73000,32000,41000,0,0,0,0,0,0,3000,0,0,0,5000,2000,3000,44000
057611,技嘉元富98購02  ,0,0,0,0,0,0,0,0,0,44000,0,0,0,83000,39000,44000,44000
057328,京鼎群益99購02  ,0,0,0,0,0,0,0,0,0,44000,0,0,0,89000,45000,44000,44000
055261,帆宣統一98購01  ,0,0,0,0,0,0,0,0,0,44000,0,0,0,243000,199000,44000,44000
061988,大立光元大9B購04,0,0,0,0,0,0,0,0,0,44000,0,0,0,44000,0,44000,44000
061047,大立光第一9A購01,0,0,0,0,0,0,0,0,0,44000,0,0,0,52000,8000,44000,44000
063318,京鼎群益9C購02  ,0,0,0,0,0,0,0,0,0,44000,0,0,0,225000,181000,44000,44000
062677,儒鴻統一01購01  ,0,0,0,0,0,0,0,0,0,44000,0,0,0,83000,39000,44000,44000
062601,富邦金台新9B購01,0,0,0,0,0,0,0,0,0,44000,0,0,0,82000,38000,44000,44000
062331,大立光統一9B購10,0,0,0,0,0,0,0,0,0,44000,0,0,0,61000,17000,44000,44000
3032,偉訓            ,47000,3000,44000,0,0,0,0,0,0,0,0,0,0,0,0,0,44000
065062,亞光群益9C購01  ,0,0,0,0,0,0,0,0,0,43000,0,0,0,47000,4000,43000,43000
065763,台表科元大9C購14,0,0,0,0,0,0,0,0,0,43000,0,0,0,99000,56000,43000,43000
065608,緯創元大9C購04  ,0,0,0,0,0,0,0,0,0,43000,0,0,0,201000,158000,43000,43000
056983,大立光群益99購02,0,0,0,0,0,0,0,0,0,43000,0,0,0,118000,75000,43000,43000
057352,大立光統一9A購02,0,0,0,0,0,0,0,0,0,43000,0,0,0,43000,0,43000,43000
056247,台郡群益97購01  ,0,0,0,0,0,0,0,0,0,43000,0,0,0,68000,25000,43000,43000
057092,健策元富98購01  ,0,0,0,0,0,0,0,0,0,43000,0,0,0,53000,10000,43000,43000
057480,技嘉元大98購03  ,0,0,0,0,0,0,0,0,0,43000,0,0,0,124000,81000,43000,43000
061596,健策永豐9A購03  ,0,0,0,0,0,0,0,0,0,43000,0,0,0,44000,1000,43000,43000
059163,台積電凱基99購10,0,0,0,0,0,0,0,0,0,43000,0,0,0,120000,77000,43000,43000
058630,日月光國票9A購01,0,0,0,0,0,0,0,0,0,43000,0,0,0,68000,25000,43000,43000
062043,牧德凱基9B購04  ,0,0,0,0,0,0,0,0,0,43000,0,0,0,85000,42000,43000,43000
058216,TPK群益99購01   ,0,0,0,0,0,0,0,0,0,43000,0,0,0,50000,7000,43000,43000
061448,旺宏中信9A購02  ,0,0,0,0,0,0,0,0,0,43000,0,0,0,48000,5000,43000,43000
061480,泰碩元大9B購01  ,0,0,0,0,0,0,0,0,0,43000,0,0,0,82000,39000,43000,43000
061498,大立光國票9A購10,0,0,0,0,0,0,0,0,0,43000,0,0,0,48000,5000,43000,43000
062618,祥碩元大9B購04  ,0,0,0,0,0,0,0,0,0,43000,0,0,0,62000,19000,43000,43000
063345,嘉晶統一9C購02  ,0,0,0,0,0,0,0,0,0,43000,0,0,0,82000,39000,43000,43000
063943,台光電元大9C購02,0,0,0,0,0,0,0,0,0,43000,0,0,0,169000,126000,43000,43000
064262,玉晶光永豐9C購03,0,0,0,0,0,0,0,0,0,43000,0,0,0,64000,21000,43000,43000
2420,新巨            ,52000,2000,50000,0,0,0,0,7000,-7000,0,0,0,0,0,0,0,43000
2233,宇隆            ,47000,2000,45000,0,0,0,0,0,0,-2000,0,2000,-2000,0,0,0,43000
8463,潤泰材          ,45000,2000,43000,0,0,0,0,0,0,0,0,0,0,0,0,0,43000
065648,華擎元大01購02  ,0,0,0,0,0,0,0,0,0,42000,0,0,0,190000,148000,42000,42000
064895,奇力新群益9C購02,0,0,0,0,0,0,0,0,0,42000,0,0,0,42000,0,42000,42000
065112,台表科國票02購01,0,0,0,0,0,0,0,0,0,42000,0,0,0,77000,35000,42000,42000
065232,健策凱基02購01  ,0,0,0,0,0,0,0,0,0,42000,0,0,0,47000,5000,42000,42000
08355P,智邦元大9C售03  ,0,0,0,0,0,0,0,0,0,42000,0,0,0,61000,19000,42000,42000
08169P,台光電群益9B售04,0,0,0,0,0,0,0,0,0,42000,0,0,0,42000,0,42000,42000
07383P,聯發科群益99售06,0,0,0,0,0,0,0,0,0,42000,0,0,0,42000,0,42000,42000
056506,晶豪科永豐98購02,0,0,0,0,0,0,0,0,0,42000,0,0,0,158000,116000,42000,42000
056468,鴻海元大98購07  ,0,0,0,0,0,0,0,0,0,42000,0,0,0,149000,107000,42000,42000
061353,康控元大9A購01  ,0,0,0,0,0,0,0,0,0,42000,0,0,0,553000,511000,42000,42000
059850,日電貿永豐99購01,0,0,0,0,0,0,0,0,0,42000,0,0,0,69000,27000,42000,42000
061956,和大統一01購01  ,0,0,0,0,0,0,0,0,0,42000,0,0,0,643000,601000,42000,42000
058854,樺漢群益9B購01  ,0,0,0,0,0,0,0,0,0,42000,0,0,0,80000,38000,42000,42000
060880,中壽中信9C購01  ,0,0,0,0,0,0,0,0,0,42000,0,0,0,245000,203000,42000,42000
060920,超眾富邦9B購01  ,0,0,0,0,0,0,0,0,0,42000,0,0,0,196000,154000,42000,42000
064553,臺指反群益9C購01,0,0,0,0,0,0,0,0,0,42000,0,0,0,711000,669000,42000,42000
064101,可成群益01購01  ,0,0,0,0,0,0,0,0,0,42000,0,0,0,66000,24000,42000,42000
064154,大立光統一01購04,0,0,0,0,0,0,0,0,0,42000,0,0,0,42000,0,42000,42000
063063,泰鼎元富9B購01  ,0,0,0,0,0,0,0,0,0,42000,0,0,0,650000,608000,42000,42000
062867,東元中信9B購01  ,0,0,0,0,0,0,0,0,0,42000,0,0,0,42000,0,42000,42000
062486,瑞昱富邦9B購01  ,0,0,0,0,0,0,0,0,0,42000,0,0,0,42000,0,42000,42000
07071P,立積元富99售01  ,0,0,0,0,0,0,0,0,0,41000,0,0,0,68000,27000,41000,41000
065237,茂林凱基01購01  ,0,0,0,0,0,0,0,0,0,41000,0,0,0,120000,79000,41000,41000
065354,金像電元富03購01,0,0,0,0,0,0,0,0,0,41000,0,0,0,41000,0,41000,41000
064905,嘉聯益群益9C購01,0,0,0,0,0,0,0,0,0,41000,0,0,0,60000,19000,41000,41000
06765P,欣興元大98售11  ,0,57000,-57000,0,0,0,0,0,0,98000,0,0,0,203000,105000,98000,41000
057201,華擎元富98購01  ,0,0,0,0,0,0,0,0,0,41000,0,0,0,70000,29000,41000,41000
056590,樺漢統一9A購01  ,0,0,0,0,0,0,0,0,0,41000,0,0,0,51000,10000,41000,41000
058069,美律凱基99購05  ,0,0,0,0,0,0,0,0,0,41000,0,0,0,76000,35000,41000,41000
057325,可成群益9A購01  ,0,0,0,0,0,0,0,0,0,41000,0,0,0,67000,26000,41000,41000
057571,泰碩永豐98購01  ,0,0,0,0,0,0,0,0,0,41000,0,0,0,41000,0,41000,41000
060791,聯茂富邦9A購02  ,0,0,0,0,0,0,0,0,0,41000,0,0,0,41000,0,41000,41000
057940,和大國票99購01  ,0,0,0,0,0,0,0,0,0,41000,0,0,0,79000,38000,41000,41000
058006,台郡群益98購04  ,0,0,0,0,0,0,0,0,0,41000,0,0,0,41000,0,41000,41000
057998,玉晶光麥證9A購01,0,0,0,42000,0,42000,0,0,0,41000,0,0,0,42000,1000,41000,41000
056823,智伸科永豐98購01,0,0,0,0,0,0,0,0,0,41000,0,0,0,81000,40000,41000,41000
051907,台積電元大97購05,0,0,0,0,0,0,0,0,0,41000,0,0,0,41000,0,41000,41000
061304,創意永豐9A購02  ,0,0,0,0,0,0,0,0,0,41000,0,0,0,99000,58000,41000,41000
059154,可成日盛99購02  ,0,0,0,0,0,0,0,0,0,41000,0,0,0,41000,0,41000,41000
058379,臺股指凱基99購14,0,0,0,0,0,0,0,0,0,41000,0,0,0,257000,216000,41000,41000
060233,宏碁元大9A購01  ,0,0,0,0,0,0,0,0,0,41000,0,0,0,132000,91000,41000,41000
060289,京元電元大9A購01,0,0,0,0,0,0,0,0,0,41000,0,0,0,296000,255000,41000,41000
063215,台表科國票9C購02,0,0,0,0,0,0,0,0,0,41000,0,0,0,41000,0,41000,41000
063898,旭富群益9C購01  ,0,0,0,0,0,0,0,0,0,41000,0,0,0,41000,0,41000,41000
063737,大立光元大9C購07,0,0,0,0,0,0,0,0,0,41000,0,0,0,41000,0,41000,41000
064477,南六國泰02購01  ,0,0,0,0,0,0,0,0,0,41000,0,0,0,83000,42000,41000,41000
4766,南寶            ,46000,3000,43000,0,0,0,0,0,0,-2000,0,2000,-2000,0,0,0,41000
2375,凱美            ,156000,111000,45000,0,0,0,0,0,0,-4274,0,4274,-4274,0,0,0,40726
06551P,貿聯元大98售05  ,0,0,0,0,0,0,0,0,0,40000,0,0,0,140000,100000,40000,40000
064973,智邦元大9C購06  ,0,0,0,0,0,0,0,0,0,40000,0,0,0,224000,184000,40000,40000
065208,義隆國票01購01  ,0,0,0,0,0,0,0,0,0,40000,0,0,0,60000,20000,40000,40000
065166,台達電元大9C購04,0,0,0,0,0,0,0,0,0,40000,0,0,0,103000,63000,40000,40000
06822P,上銀富邦99售03  ,0,0,0,0,0,0,0,0,0,40000,0,0,0,90000,50000,40000,40000
07308P,滬深2X凱基9A售01,0,0,0,0,0,0,0,0,0,40000,0,0,0,40000,0,40000,40000
08028P,臺股指元大9B售30,0,0,0,0,0,0,0,0,0,40000,0,0,0,40000,0,40000,40000
07968P,國巨元大9B售09  ,0,0,0,0,0,0,0,0,0,40000,0,0,0,40000,0,40000,40000
07691P,宏達電元大9A售05,0,0,0,0,0,0,0,0,0,40000,0,0,0,40000,0,40000,40000
07771P,義隆國票9A售01  ,0,0,0,0,0,0,0,0,0,40000,0,0,0,100000,60000,40000,40000
07783P,聯發科富邦9C售03,0,0,0,0,0,0,0,0,0,40000,0,0,0,40000,0,40000,40000
08188P,群創群益9B售04  ,0,0,0,0,0,0,0,0,0,40000,0,0,0,50000,10000,40000,40000
08252P,台積電國票9C售06,0,0,0,0,0,0,0,0,0,40000,0,0,0,40000,0,40000,40000
08468P,台郡統一9C售02  ,0,0,0,0,0,0,0,0,0,40000,0,0,0,40000,0,40000,40000
2022,聚亨            ,70000,1000,69000,0,0,0,0,0,0,-29000,0,29000,-29000,0,0,0,40000
08611P,聯發科凱基01售08,0,0,0,0,0,0,0,0,0,40000,0,0,0,84000,44000,40000,40000
052845,旺宏統一97購01  ,0,0,0,0,0,0,0,0,0,40000,0,0,0,40000,0,40000,40000
052764,景碩群益98購01  ,0,0,0,0,0,0,0,0,0,40000,0,0,0,42000,2000,40000,40000
047004,台積電統一99購01,0,0,0,0,0,0,0,0,0,40000,0,0,0,42000,2000,40000,40000
055541,聚陽凱基98購01  ,0,0,0,0,0,0,0,0,0,40000,0,0,0,40000,0,40000,40000
055577,晶技統一97購02  ,0,0,0,0,0,0,0,0,0,40000,0,0,0,50000,10000,40000,40000
055618,麗豐國票98購01  ,0,0,0,0,0,0,0,0,0,40000,0,0,0,40000,0,40000,40000
055732,全新元富9A購01  ,0,0,0,0,0,0,0,0,0,40000,0,0,0,40000,0,40000,40000
055781,聯詠凱基98購01  ,0,0,0,0,0,0,0,0,0,40000,0,0,0,40000,0,40000,40000
053727,麗豐凱基97購01  ,0,0,0,0,0,0,0,0,0,40000,0,0,0,40000,0,40000,40000
054137,聯詠元大97購02  ,0,0,0,0,0,0,0,0,0,40000,0,0,0,40000,0,40000,40000
054406,旺宏國票98購01  ,0,0,0,0,0,0,0,0,0,40000,0,0,0,40000,0,40000,40000
057891,華新科統一9A購01,0,0,0,0,0,0,0,0,0,40000,0,0,0,40000,0,40000,40000
055276,台積電元大97購20,0,0,0,0,0,0,0,0,0,40000,0,0,0,40000,0,40000,40000
055006,晶相光元富9A購01,0,0,0,0,0,0,0,0,0,40000,0,0,0,40000,0,40000,40000
055137,GIS富邦98購01   ,0,0,0,0,0,0,0,0,0,40000,0,0,0,40000,0,40000,40000
055324,TPK國票98購03   ,0,0,0,0,0,0,0,0,0,40000,0,0,0,40000,0,40000,40000
055315,晶技麥證97購01  ,0,0,0,40000,0,40000,0,0,0,40000,0,0,0,40000,0,40000,40000
055336,茂林兆豐98購01  ,0,0,0,0,0,0,0,0,0,40000,0,0,0,50000,10000,40000,40000
054298,台表科元大97購03,0,0,0,0,0,0,0,0,0,40000,0,0,0,40000,0,40000,40000
054310,牧德凱基98購01  ,0,0,0,0,0,0,0,0,0,40000,0,0,0,40000,0,40000,40000
054624,台積電凱基98購03,0,0,0,0,0,0,0,0,0,40000,0,0,0,40000,0,40000,40000
054743,聯鈞凱基99購01  ,0,0,0,0,0,0,0,0,0,40000,0,0,0,50000,10000,40000,40000
060995,泰鼎元大9A購03  ,0,0,0,0,0,0,0,0,0,40000,0,0,0,65000,25000,40000,40000
05729P,臺股指凱基97售02,0,0,0,0,0,0,0,0,0,40000,0,0,0,50000,10000,40000,40000
057089,奇力新元富98購01,0,0,0,0,0,0,0,0,0,40000,0,0,0,40000,0,40000,40000
057102,亞光中信9A購01  ,0,0,0,0,0,0,0,0,0,40000,0,0,0,40000,0,40000,40000
057059,易華電元大99購01,0,0,0,0,0,0,0,0,0,40000,0,0,0,50000,10000,40000,40000
056618,京元電永豐98購01,0,0,0,0,0,0,0,0,0,40000,0,0,0,50000,10000,40000,40000
060342,台積電統一02購01,0,0,0,0,0,0,0,0,0,40000,0,0,0,40000,0,40000,40000
059945,嘉澤永豐99購03  ,0,0,0,0,0,0,0,0,0,40000,0,0,0,40000,0,40000,40000
058995,台達電元大99購01,0,0,0,0,0,0,0,0,0,40000,0,0,0,40000,0,40000,40000
059379,聯電亞東99購02  ,0,0,0,0,0,0,0,0,0,40000,0,0,0,40000,0,40000,40000
061456,玉晶光凱基9B購05,0,0,0,0,0,0,0,0,0,40000,0,0,0,41000,1000,40000,40000
061920,台積電凱基9C購02,0,0,0,0,0,0,0,0,0,40000,0,0,0,40000,0,40000,40000
061706,旭富國票9A購02  ,0,0,0,0,0,0,0,0,0,40000,0,0,0,134000,94000,40000,40000
062121,奇鋐台新9B購01  ,0,0,0,0,0,0,0,0,0,40000,0,0,0,40000,0,40000,40000
061776,晶技國票9B購01  ,0,0,0,0,0,0,0,0,0,40000,0,0,0,41000,1000,40000,40000
061856,台郡國票9B購02  ,0,0,0,0,0,0,0,0,0,40000,0,0,0,60000,20000,40000,40000
058442,玉晶光台新99購01,0,0,0,0,0,0,0,0,0,40000,0,0,0,40000,0,40000,40000
058473,上銀凱基9A購03  ,0,0,0,0,0,0,0,0,0,40000,0,0,0,45000,5000,40000,40000
058567,華新科凱基9A購02,0,0,0,0,0,0,0,0,0,40000,0,0,0,50000,10000,40000,40000
058304,鴻海元大99購12  ,0,0,0,0,0,0,0,0,0,40000,0,0,0,45000,5000,40000,40000
059115,美食永豐99購01  ,0,0,0,0,0,0,0,0,0,40000,0,0,0,40000,0,40000,40000
061263,微星凱基9A購01  ,0,0,0,0,0,0,0,0,0,40000,0,0,0,191000,151000,40000,40000
058752,鈺齊凱基9A購01  ,0,0,0,0,0,0,0,0,0,40000,0,0,0,93000,53000,40000,40000
060607,玉晶光凱基9A購06,0,0,0,0,0,0,0,0,0,40000,0,0,0,48000,8000,40000,40000
058779,大立光國票9A購02,0,0,0,0,0,0,0,0,0,40000,0,0,0,57000,17000,40000,40000
064336,可成元大9C購06  ,0,0,0,0,0,0,0,0,0,40000,0,0,0,67000,27000,40000,40000
064711,國喬統一02購01  ,0,0,0,0,0,0,0,0,0,40000,0,0,0,60000,20000,40000,40000
063602,金像電凱基9B購04,0,0,0,0,0,0,0,0,0,40000,0,0,0,48000,8000,40000,40000
063131,聯茂元大9B購03  ,0,0,0,0,0,0,0,0,0,40000,0,0,0,110000,70000,40000,40000
062920,康友元大9B購01  ,0,0,0,0,0,0,0,0,0,40000,0,0,0,123000,83000,40000,40000
063265,瑞祺永豐9B購01  ,0,0,0,0,0,0,0,0,0,40000,0,0,0,668000,628000,40000,40000
062335,茂林統一01購01  ,0,0,0,0,0,0,0,0,0,40000,0,0,0,40000,0,40000,40000
062160,南六凱基9B購01  ,0,0,0,0,0,0,0,0,0,40000,0,0,0,100000,60000,40000,40000
06286P,世芯國票97售02  ,0,0,0,0,0,0,0,0,0,40000,0,0,0,40000,0,40000,40000
2527,宏璟            ,50000,4000,46000,0,0,0,0,0,0,-6000,0,6000,-6000,0,0,0,40000
08190P,宏達電元富9B售04,0,0,0,0,0,0,0,0,0,39000,0,0,0,63000,24000,39000,39000
064871,緯穎永豐9C購03  ,0,0,0,0,0,0,0,0,0,39000,0,0,0,39000,0,39000,39000
06693P,臺股指凱基98售01,0,0,0,0,0,0,0,0,0,39000,0,0,0,104000,65000,39000,39000
057056,立積元大99購02  ,2000,0,2000,0,0,0,0,0,0,37000,0,0,0,43000,6000,37000,39000
057764,台表科凱基9A購01,0,0,0,0,0,0,0,0,0,39000,0,0,0,115000,76000,39000,39000
057700,新日興群益9A購01,0,0,0,0,0,0,0,0,0,39000,0,0,0,39000,0,39000,39000
057810,技嘉元大98購06  ,0,0,0,0,0,0,0,0,0,39000,0,0,0,206000,167000,39000,39000
057838,台郡國泰99購01  ,0,0,0,0,0,0,0,0,0,39000,0,0,0,169000,130000,39000,39000
058494,可成群益9B購01  ,0,0,0,0,0,0,0,0,0,39000,0,0,0,61000,22000,39000,39000
058385,創意中信99購01  ,0,0,0,0,0,0,0,0,0,39000,0,0,0,71000,32000,39000,39000
058101,台積電富邦9C購01,0,0,0,0,0,0,0,0,0,39000,0,0,0,51000,12000,39000,39000
05894P,友達群益98售02  ,0,0,0,0,0,0,0,0,0,39000,0,0,0,39000,0,39000,39000
062046,矽格凱基9B購01  ,0,0,0,0,0,0,0,0,0,39000,0,0,0,216000,177000,39000,39000
060322,卜蜂群益9A購01  ,0,0,0,0,0,0,0,0,0,39000,0,0,0,42000,3000,39000,39000
062295,康友永豐9B購01  ,0,0,0,0,0,0,0,0,0,39000,0,0,0,40000,1000,39000,39000
062369,創意元大9B購01  ,0,0,0,0,0,0,0,0,0,39000,0,0,0,124000,85000,39000,39000
063129,祥碩元大9C購03  ,0,0,0,0,0,0,0,0,0,39000,0,0,0,45000,6000,39000,39000
063805,技嘉兆豐9C購01  ,0,0,0,0,0,0,0,0,0,39000,0,0,0,388000,349000,39000,39000
064476,金像電國泰02購01,0,0,0,0,0,0,0,0,0,39000,0,0,0,54000,15000,39000,39000
3257,虹冠電          ,85000,46000,39000,0,0,0,0,0,0,0,0,0,0,0,0,0,39000
065429,微星凱基02購02  ,0,0,0,0,0,0,0,0,0,38000,0,0,0,128000,90000,38000,38000
064989,鈺齊元大01購01  ,0,0,0,0,0,0,0,0,0,38000,0,0,0,58000,20000,38000,38000
065002,致茂國票01購01  ,0,0,0,0,0,0,0,0,0,38000,0,0,0,42000,4000,38000,38000
065178,和碩元大9C購01  ,0,0,0,0,0,0,0,0,0,38000,0,0,0,154000,116000,38000,38000
065155,聯發科群益9C購11,0,0,0,0,0,0,0,0,0,38000,0,0,0,38000,0,38000,38000
07782P,寶成凱基9A售02  ,0,0,0,0,0,0,0,0,0,38000,0,0,0,40000,2000,38000,38000
07728P,臺股指凱基9A售20,0,0,0,0,0,0,0,0,0,38000,0,0,0,50000,12000,38000,38000
08079P,宏達電國票9B售03,0,0,0,0,0,0,0,0,0,38000,0,0,0,38000,0,38000,38000
06962P,華新科永豐99售01,0,0,0,0,0,0,0,0,0,38000,0,0,0,78000,40000,38000,38000
07133P,臺股指元大9A售27,0,0,0,0,0,0,0,0,0,38000,0,0,0,107000,69000,38000,38000
057923,晶豪科凱基98購02,0,0,0,0,0,0,0,0,0,38000,0,0,0,434000,396000,38000,38000
056066,奇鋐元大98購02  ,0,0,0,0,0,0,0,0,0,38000,0,0,0,250000,212000,38000,38000
052794,群創兆豐97購01  ,0,0,0,0,0,0,0,0,0,38000,0,0,0,38000,0,38000,38000
020008,元大特股高息N   ,0,0,0,0,0,0,0,0,0,38000,0,0,0,57000,19000,38000,38000
057106,美律群益98購03  ,0,0,0,0,0,0,0,0,0,38000,0,0,0,38000,0,38000,38000
057370,可成元大98購07  ,0,0,0,0,0,0,0,0,0,38000,0,0,0,106000,68000,38000,38000
060798,旭富永豐9A購01  ,0,0,0,0,0,0,0,0,0,38000,0,0,0,38000,0,38000,38000
060843,大立光國票9A購06,0,0,0,0,0,0,0,0,0,38000,0,0,0,38000,0,38000,38000
059876,智易凱基99購02  ,0,0,0,0,0,0,0,0,0,38000,0,0,0,50000,12000,38000,38000
059307,T50反1元大99購06,0,0,0,0,0,0,0,0,0,38000,0,0,0,38000,0,38000,38000
059671,滬深2X元富99購05,0,0,0,0,0,0,0,0,0,38000,0,0,0,38000,0,38000,38000
060931,GIS永豐9A購01   ,0,0,0,0,0,0,0,0,0,38000,0,0,0,138000,100000,38000,38000
063594,上銀中信9C購01  ,0,0,0,0,0,0,0,0,0,38000,0,0,0,38000,0,38000,38000
063106,台表科群益9B購03,0,0,0,0,0,0,0,0,0,38000,0,0,0,94000,56000,38000,38000
063187,全新凱基9B購02  ,0,0,0,0,0,0,0,0,0,38000,0,0,0,442000,404000,38000,38000
063055,創意統一9B購02  ,0,0,0,0,0,0,0,0,0,38000,0,0,0,130000,92000,38000,38000
063412,寶成國票9C購01  ,0,0,0,0,0,0,0,0,0,38000,0,0,0,38000,0,38000,38000
062449,臻鼎元大9B購01  ,0,0,0,0,0,0,0,0,0,38000,0,0,0,98000,60000,38000,38000
062871,大成鋼兆豐9B購01,0,0,0,0,0,0,0,0,0,38000,0,0,0,38000,0,38000,38000
2406,國碩            ,4394777,4355777,39000,0,0,0,0,0,0,-1000,0,1000,-1000,0,0,0,38000
08063P,立積國票9B售03  ,0,0,0,0,0,0,0,0,0,37000,0,0,0,40000,3000,37000,37000
08056P,華通群益9B售06  ,0,0,0,0,0,0,0,0,0,37000,0,0,0,50000,13000,37000,37000
07694P,超眾元大9A售05  ,0,0,0,0,0,0,0,0,0,37000,0,0,0,37000,0,37000,37000
08211P,台表科元富9B售03,0,0,0,0,0,0,0,0,0,37000,0,0,0,119000,82000,37000,37000
08296P,同欣電元大9C售04,0,0,0,0,0,0,0,0,0,37000,0,0,0,37000,0,37000,37000
1104,環泥            ,85000,47000,38000,0,0,0,0,0,0,-1000,0,1000,-1000,0,0,0,37000
065221,神隆永豐9C購01  ,0,0,0,0,0,0,0,0,0,37000,0,0,0,142000,105000,37000,37000
065309,亞光國票01購01  ,0,0,0,0,0,0,0,0,0,37000,0,0,0,68000,31000,37000,37000
057772,台積電群益99購01,0,0,0,0,0,0,0,0,0,37000,0,0,0,39000,2000,37000,37000
057789,上銀統一9A購01  ,0,0,0,0,0,0,0,0,0,37000,0,0,0,37000,0,37000,37000
056417,欣興中信98購01  ,0,0,0,0,0,0,0,0,0,37000,0,0,0,57000,20000,37000,37000
053945,國巨富邦98購02  ,0,0,0,0,0,0,0,0,0,37000,0,0,0,37000,0,37000,37000
060570,南亞科永豐9A購01,0,0,0,0,0,0,0,0,0,37000,0,0,0,37000,0,37000,37000
059820,南亞科凱基99購07,0,0,0,0,0,0,0,0,0,37000,0,0,0,47000,10000,37000,37000
058556,百和永豐99購01  ,0,0,0,0,0,0,0,0,0,37000,0,0,0,37000,0,37000,37000
061392,泰鼎群益9A購02  ,0,0,0,0,0,0,0,0,0,37000,0,0,0,42000,5000,37000,37000
061996,矽格元大9B購01  ,0,0,0,0,0,0,0,0,0,37000,0,0,0,242000,205000,37000,37000
058942,南茂中信99購01  ,0,0,0,0,0,0,0,0,0,37000,0,0,0,57000,20000,37000,37000
062282,禾伸堂群益9B購01,0,0,0,0,0,0,0,0,0,37000,0,0,0,82000,45000,37000,37000
063022,嘉晶元大9B購04  ,0,0,0,0,0,0,0,0,0,37000,0,0,0,108000,71000,37000,37000
063884,台表科元富03購01,0,0,0,0,0,0,0,0,0,37000,0,0,0,38000,1000,37000,37000
063949,大立光元大9C購10,0,0,0,0,0,0,0,0,0,37000,0,0,0,89000,52000,37000,37000
064072,康友永豐9C購01  ,0,0,0,0,0,0,0,0,0,37000,0,0,0,84000,47000,37000,37000
064344,緯創元大9C購01  ,0,0,0,0,0,0,0,0,0,37000,0,0,0,76000,39000,37000,37000
064504,玉晶光元大01購02,0,0,0,0,0,0,0,0,0,37000,0,0,0,46000,9000,37000,37000
6605,帝寶            ,41000,5000,36000,0,0,0,3000,0,3000,-2000,0,2000,-2000,0,0,0,37000
2114,鑫永銓          ,28000,2473,25527,0,0,0,0,0,0,11000,11000,0,11000,0,0,0,36527
2331,精英            ,91000,60000,31000,0,0,0,0,0,0,5416,8000,2584,5416,0,0,0,36416
065151,國巨群益9C購13  ,0,0,0,0,0,0,0,0,0,36000,0,0,0,39000,3000,36000,36000
065546,景碩兆豐01購01  ,0,0,0,0,0,0,0,0,0,36000,0,0,0,107000,71000,36000,36000
1323,永裕            ,36000,0,36000,0,0,0,0,0,0,0,0,0,0,0,0,0,36000
08182P,金像電永豐9B售01,0,0,0,0,0,0,0,0,0,36000,0,0,0,36000,0,36000,36000
08530P,鴻海統一9C售19  ,0,0,0,0,0,0,0,0,0,36000,0,0,0,41000,5000,36000,36000
057856,聯鈞國票99購03  ,0,0,0,0,0,0,0,0,0,36000,0,0,0,50000,14000,36000,36000
057667,可成元大99購01  ,0,0,0,0,0,0,0,0,0,36000,0,0,0,48000,12000,36000,36000
054758,南亞國票9A購01  ,0,0,0,0,0,0,0,0,0,36000,0,0,0,41000,5000,36000,36000
054631,台郡凱基98購02  ,0,0,0,0,0,0,0,0,0,36000,0,0,0,36000,0,36000,36000
020016,統一MSCI美科技N ,0,0,0,0,0,0,0,0,0,36000,0,0,0,80000,44000,36000,36000
057533,晶相光元大98購02,0,0,0,0,0,0,0,0,0,36000,0,0,0,46000,10000,36000,36000
056191,世紀鋼統一97購01,0,0,0,0,0,0,0,0,0,36000,0,0,0,36000,0,36000,36000
061649,緯穎元大9A購06  ,0,0,0,0,0,0,0,0,0,36000,0,0,0,98000,62000,36000,36000
062149,牧德國票9B購01  ,0,0,0,0,0,0,0,0,0,36000,0,0,0,89000,53000,36000,36000
061689,國巨群益9A購12  ,0,0,0,0,0,0,0,0,0,36000,0,0,0,84000,48000,36000,36000
058497,新日興群益9B購01,0,0,0,0,0,0,0,0,0,36000,0,0,0,36000,0,36000,36000
058367,大立光凱基9A購01,0,0,0,0,0,0,0,0,0,36000,0,0,0,92000,56000,36000,36000
058328,世紀鋼統一9B購01,0,0,0,0,0,0,0,0,0,36000,0,0,0,66000,30000,36000,36000
058683,可成凱基9A購01  ,0,0,0,0,0,0,0,0,0,36000,0,0,0,77000,41000,36000,36000
058669,上銀群益99購01  ,0,0,0,0,0,0,0,0,0,36000,0,0,0,38000,2000,36000,36000
058656,燿華中信99購01  ,0,0,0,0,0,0,0,0,0,36000,0,0,0,56000,20000,36000,36000
061283,智邦統一9A購01  ,0,0,0,0,0,0,0,0,0,36000,0,0,0,54000,18000,36000,36000
060899,超眾凱基9A購01  ,0,0,0,0,0,0,0,0,0,36000,0,0,0,86000,50000,36000,36000
058732,矽格永豐99購01  ,0,0,0,0,0,0,0,0,0,36000,0,0,0,439000,403000,36000,36000
06120P,大立光凱基98售05,0,0,0,0,0,0,0,0,0,36000,0,0,0,37000,1000,36000,36000
061453,台達電凱基9B購01,0,0,0,0,0,0,0,0,0,36000,0,0,0,96000,60000,36000,36000
063891,國巨群益9C購07  ,20000,0,20000,0,0,0,0,0,0,16000,0,0,0,95000,79000,16000,36000
064005,義隆凱基01購01  ,0,0,0,0,0,0,0,0,0,36000,0,0,0,68000,32000,36000,36000
063831,帆宣國票01購01  ,0,0,0,0,0,0,0,0,0,36000,0,0,0,56000,20000,36000,36000
063842,國巨元大9C購10  ,0,0,0,0,0,0,0,0,0,36000,0,0,0,42000,6000,36000,36000
062909,大立光元大9C購04,0,0,0,0,0,0,0,0,0,36000,0,0,0,36000,0,36000,36000
062733,巨大凱基9B購01  ,0,0,0,0,0,0,0,0,0,36000,0,0,0,36000,0,36000,36000
3090,日電貿          ,319000,150000,169000,0,0,0,0,0,0,-133267,0,1267,-1267,1000,133000,-132000,35733
08384P,臺股指群益9C售12,0,0,0,0,0,0,0,0,0,35000,0,0,0,35000,0,35000,35000
08320P,智邦統一9C售02  ,0,0,0,0,0,0,0,0,0,35000,0,0,0,35000,0,35000,35000
07963P,智邦統一9B售01  ,0,0,0,0,0,0,0,0,0,35000,0,0,0,40000,5000,35000,35000
065265,景碩元大9C購02  ,0,0,0,0,0,0,0,0,0,35000,0,0,0,35000,0,35000,35000
065382,緯穎元大9C購04  ,0,0,0,0,0,0,0,0,0,35000,0,0,0,122000,87000,35000,35000
065005,台光電國票01購02,0,0,0,0,0,0,0,0,0,35000,0,0,0,156000,121000,35000,35000
064923,牧德統一02購01  ,0,0,0,0,0,0,0,0,0,35000,0,0,0,40000,5000,35000,35000
064810,嘉晶元大01購01  ,0,0,0,0,0,0,0,0,0,35000,0,0,0,62000,27000,35000,35000
064818,華新統一01購01  ,0,0,0,0,0,0,0,0,0,35000,0,0,0,35000,0,35000,35000
056230,可成凱基98購03  ,0,0,0,0,0,0,0,0,0,35000,0,0,0,55000,20000,35000,35000
056408,奇鋐國票99購01  ,0,0,0,0,0,0,0,0,0,35000,0,0,0,37000,2000,35000,35000
057647,欣興元大98購10  ,0,0,0,0,0,0,0,0,0,35000,0,0,0,35000,0,35000,35000
060811,亞德客凱基9A購02,0,0,0,0,0,0,0,0,0,35000,0,0,0,50000,15000,35000,35000
00703,台新MSCI中國    ,1000,1000,0,0,0,0,0,0,0,35000,0,0,0,128000,93000,35000,35000
0051,元大中型100     ,1000,1000,0,0,0,0,0,0,0,35000,0,0,0,36000,1000,35000,35000
053377,台積電元大98購01,0,0,0,0,0,0,0,0,0,35000,0,0,0,35000,0,35000,35000
054773,台郡國票98購01  ,0,0,0,0,0,0,0,0,0,35000,0,0,0,111000,76000,35000,35000
056065,奇鋐元大97購01  ,0,0,0,0,0,0,0,0,0,35000,0,0,0,55000,20000,35000,35000
055023,億光國泰98購01  ,0,0,0,0,0,0,0,0,0,35000,0,0,0,35000,0,35000,35000
057909,台光電兆豐98購01,0,0,0,0,0,0,0,0,0,35000,0,0,0,35000,0,35000,35000
061564,華擎國票9A購02  ,0,0,0,0,0,0,0,0,0,35000,0,0,0,48000,13000,35000,35000
061532,和大統一9C購02  ,0,0,0,0,0,0,0,0,0,35000,0,0,0,35000,0,35000,35000
059638,大立光凱基99購11,0,0,0,0,0,0,0,0,0,35000,0,0,0,35000,0,35000,35000
059647,超眾凱基99購04  ,0,0,0,0,0,0,0,0,0,35000,0,0,0,60000,25000,35000,35000
059277,群創元大99購05  ,0,0,0,0,0,0,0,0,0,35000,0,0,0,42000,7000,35000,35000
058322,玉晶光永豐99購02,0,0,0,0,0,0,0,0,0,35000,0,0,0,35000,0,35000,35000
058373,晶技凱基99購02  ,0,0,0,0,0,0,0,0,0,35000,0,0,0,45000,10000,35000,35000
058391,T50反1元大99購02,0,0,0,0,0,0,0,0,0,35000,0,0,0,35000,0,35000,35000
058518,玉晶光元大99購13,0,0,0,0,0,0,0,0,0,35000,0,0,0,35000,0,35000,35000
061746,國巨統一9C購07  ,0,0,0,0,0,0,0,0,0,35000,0,0,0,35000,0,35000,35000
062073,國巨元大9B購06  ,0,0,0,0,0,0,0,0,0,35000,0,0,0,39000,4000,35000,35000
061638,國泰金元大9A購03,0,0,0,0,0,0,0,0,0,35000,0,0,0,35000,0,35000,35000
058163,道瓊反凱基9B購01,0,0,0,0,0,0,0,0,0,35000,0,0,0,35000,0,35000,35000
059359,精元永豐99購01  ,0,0,0,0,0,0,0,0,0,35000,0,0,0,77000,42000,35000,35000
058983,旺宏凱基99購05  ,0,11000,-11000,0,0,0,0,0,0,46000,0,0,0,56000,10000,46000,35000
059003,中壽元大99購01  ,0,0,0,0,0,0,0,0,0,35000,0,0,0,130000,95000,35000,35000
061515,泰碩永豐9A購03  ,0,0,0,0,0,0,0,0,0,35000,0,0,0,95000,60000,35000,35000
062237,緯創凱基9B購01  ,0,0,0,0,0,0,0,0,0,35000,0,0,0,132000,97000,35000,35000
064134,瑞祺元大9C購02  ,0,0,0,0,0,0,0,0,0,35000,0,0,0,276000,241000,35000,35000
064319,南電群益9C購01  ,0,0,0,0,0,0,0,0,0,35000,0,0,0,61000,26000,35000,35000
3346,麗清            ,47000,10000,37000,0,0,0,0,0,0,-2000,0,2000,-2000,0,0,0,35000
064995,世紀鋼兆豐9C購01,0,0,0,0,0,0,0,0,0,34000,0,0,0,34000,0,34000,34000
064979,華擎元大9C購04  ,0,0,0,0,0,0,0,0,0,34000,0,0,0,288000,254000,34000,34000
065557,中磊凱基9C購01  ,0,0,0,0,0,0,0,0,0,34000,0,0,0,109000,75000,34000,34000
06730P,祥碩元大98售07  ,0,0,0,0,0,0,0,0,0,34000,0,0,0,34000,0,34000,34000
07014P,華通元大99售04  ,0,0,0,0,0,0,0,0,0,34000,0,0,0,34000,0,34000,34000
08191P,鴻海台新9B售03  ,0,0,0,0,0,0,0,0,0,34000,0,0,0,34000,0,34000,34000
055901,超眾中信97購01  ,0,0,0,0,0,0,0,0,0,34000,0,0,0,34000,0,34000,34000
00683L,元大美元指數正2 ,0,0,0,0,0,0,0,0,0,34000,0,0,0,126000,92000,34000,34000
055564,茂林凱基98購01  ,0,0,0,0,0,0,0,0,0,34000,0,0,0,34000,0,34000,34000
060033,臻鼎永豐99購01  ,0,0,0,0,0,0,0,0,0,34000,0,0,0,125000,91000,34000,34000
061496,華新科國票9A購07,0,0,0,0,0,0,0,0,0,34000,0,0,0,34000,0,34000,34000
059932,世紀鋼富邦9A購02,0,0,0,0,0,0,0,0,0,34000,0,0,0,57000,23000,34000,34000
059827,晶技凱基99購03  ,0,0,0,0,0,0,0,0,0,34000,0,0,0,34000,0,34000,34000
061241,晶技兆豐9A購01  ,0,0,0,0,0,0,0,0,0,34000,0,0,0,187000,153000,34000,34000
060510,大立光元大9A購03,0,0,0,0,0,0,0,0,0,34000,0,0,0,84000,50000,34000,34000
064244,GIS統一02購01   ,0,0,0,0,0,0,0,0,0,34000,0,0,0,135000,101000,34000,34000
063957,臻鼎元大9C購01  ,0,0,0,0,0,0,0,0,0,34000,0,0,0,126000,92000,34000,34000
063812,智邦群益9C購02  ,0,0,0,0,0,0,0,0,0,34000,0,0,0,66000,32000,34000,34000
06386P,欣興永豐97售03  ,0,0,0,0,0,0,0,0,0,34000,0,0,0,132000,98000,34000,34000
062292,旭富永豐9B購01  ,0,0,0,0,0,0,0,0,0,34000,0,0,0,114000,80000,34000,34000
062500,國巨群益01購01  ,0,0,0,0,0,0,0,0,0,34000,0,0,0,81000,47000,34000,34000
063242,聯發科元大9B購19,0,0,0,0,0,0,0,0,0,34000,0,0,0,108000,74000,34000,34000
08542P,台勝科國票02售01,0,0,0,0,0,0,0,0,0,33000,0,0,0,33000,0,33000,33000
06971P,台光電元大99售03,0,0,0,0,0,0,0,0,0,33000,0,0,0,33000,0,33000,33000
065802,義隆群益9C購05  ,0,0,0,0,0,0,0,0,0,33000,0,0,0,172000,139000,33000,33000
065090,大立光元大9C購24,0,0,0,0,0,0,0,0,0,33000,0,0,0,36000,3000,33000,33000
053412,台達電國票97購02,0,0,0,0,0,0,0,0,0,33000,0,0,0,33000,0,33000,33000
057874,可成元大99購02  ,0,0,0,0,0,0,0,0,0,33000,0,0,0,33000,0,33000,33000
057868,大立光凱基98購18,0,0,0,0,0,0,0,0,0,33000,0,0,0,33000,0,33000,33000
057991,健策統一9C購01  ,0,0,0,0,0,0,0,0,0,33000,0,0,0,38000,5000,33000,33000
057948,嘉聯益國票99購02,0,0,0,0,0,0,0,0,0,33000,0,0,0,47000,14000,33000,33000
057964,緯穎元大99購03  ,0,0,0,0,0,0,0,0,0,33000,0,0,0,84000,51000,33000,33000
056604,鴻海富邦9A購01  ,0,0,0,0,0,0,0,0,0,33000,0,0,0,43000,10000,33000,33000
061592,義隆永豐9A購03  ,0,0,0,0,0,0,0,0,0,33000,0,0,0,119000,86000,33000,33000
058798,大立光元大99購11,0,0,0,0,0,0,0,0,0,33000,0,0,0,49000,16000,33000,33000
062038,鴻海凱基9B購05  ,0,0,0,0,0,0,0,0,0,33000,0,0,0,37000,4000,33000,33000
063221,京元電群益9B購02,0,0,0,0,0,0,0,0,0,33000,0,0,0,50000,17000,33000,33000
063000,緯穎國票9B購03  ,0,0,0,0,0,0,0,0,0,33000,0,0,0,97000,64000,33000,33000
062477,聯詠國票9B購01  ,0,0,0,0,0,0,0,0,0,33000,0,0,0,43000,10000,33000,33000
062829,泰碩群益9B購01  ,0,0,0,0,0,0,0,0,0,33000,0,0,0,58000,25000,33000,33000
062640,訊連國票9C購01  ,0,0,0,0,0,0,0,0,0,33000,0,0,0,33000,0,33000,33000
4739,康普            ,151000,118000,33000,0,0,0,0,0,0,0,0,0,0,0,0,0,33000
06499P,臺股指元大9A售04,0,0,0,0,0,0,0,0,0,32000,0,0,0,35000,3000,32000,32000
064890,聯電群益9C購02  ,0,0,0,0,0,0,0,0,0,32000,0,0,0,32000,0,32000,32000
065691,國巨群益9C購16  ,0,0,0,0,0,0,0,0,0,32000,0,0,0,36000,4000,32000,32000
07799P,南電國票9A售04  ,0,0,0,0,0,0,0,0,0,32000,0,0,0,32000,0,32000,32000
08310P,南電凱基9C售01  ,0,0,0,0,0,0,0,0,0,32000,0,0,0,150000,118000,32000,32000
056581,超眾元大99購01  ,0,0,0,0,0,0,0,0,0,32000,0,0,0,102000,70000,32000,32000
056155,嘉晶凱基97購01  ,0,0,0,0,0,0,0,0,0,32000,0,0,0,47000,15000,32000,32000
060967,鈺齊凱基9A購02  ,0,0,0,0,0,0,0,0,0,32000,0,0,0,62000,30000,32000,32000
056279,新日興富邦99購01,0,0,0,0,0,0,0,0,0,32000,0,0,0,39000,7000,32000,32000
056898,全新元大98購02  ,0,0,0,0,0,0,0,0,0,32000,0,0,0,32000,0,32000,32000
054351,華新科國泰97購03,0,0,0,0,0,0,0,0,0,32000,0,0,0,32000,0,32000,32000
055980,祥碩統一98購01  ,0,0,0,0,0,0,0,0,0,32000,0,0,0,32000,0,32000,32000
046937,聯電元大99購01  ,0,0,0,0,0,0,0,0,0,32000,0,0,0,40000,8000,32000,32000
03687C,臺股指凱基9C牛22,0,0,0,0,0,0,0,0,0,32000,0,0,0,319000,287000,32000,32000
00668,國泰美國道瓊    ,0,1000,-1000,0,0,0,0,0,0,33000,0,0,0,289000,256000,33000,32000
062048,義隆台新9B購01  ,0,0,0,0,0,0,0,0,0,32000,0,0,0,52000,20000,32000,32000
061998,緯穎元大9B購03  ,0,0,0,0,0,0,0,0,0,32000,0,0,0,63000,31000,32000,32000
062110,華擎國票9B購01  ,0,0,0,0,0,0,0,0,0,32000,0,0,0,37000,5000,32000,32000
058118,瑞昱群益99購01  ,0,0,0,0,0,0,0,0,0,32000,0,0,0,35000,3000,32000,32000
061796,興勤永豐9B購01  ,0,0,0,0,0,0,0,0,0,32000,0,0,0,32000,0,32000,32000
060241,國泰金元大9A購01,0,0,0,0,0,0,0,0,0,32000,0,0,0,32000,0,32000,32000
059086,國巨元大99購18  ,0,0,0,0,0,0,0,0,0,32000,0,0,0,32000,0,32000,32000
062453,聚陽群益9C購01  ,0,0,0,0,0,0,0,0,0,32000,0,0,0,32000,0,32000,32000
062321,力成台新9B購01  ,0,0,0,0,0,0,0,0,0,32000,0,0,0,199000,167000,32000,32000
062176,元金2X元大9B購01,0,0,0,0,0,0,0,0,0,32000,0,0,0,33000,1000,32000,32000
062227,南六統一01購02  ,0,0,0,0,0,0,0,0,0,32000,0,0,0,32000,0,32000,32000
063494,金像電富邦9B購01,0,0,0,0,0,0,0,0,0,32000,0,0,0,32000,0,32000,32000
063549,國巨國票9C購05  ,0,0,0,0,0,0,0,0,0,32000,0,0,0,49000,17000,32000,32000
063832,矽創國票01購01  ,0,0,0,0,0,0,0,0,0,32000,0,0,0,67000,35000,32000,32000
064517,國巨群益02購01  ,0,0,0,0,0,0,0,0,0,32000,0,0,0,35000,3000,32000,32000
4306,炎洲            ,119000,292000,-173000,0,0,0,0,0,0,205000,205000,0,205000,0,0,0,32000
2430,燦坤            ,36000,3000,33000,0,0,0,0,0,0,-1000,0,1000,-1000,0,0,0,32000
08219P,上銀凱基9B售08  ,0,0,0,0,0,0,0,0,0,31000,0,0,0,35000,4000,31000,31000
06723P,台灣50麥證99售01,0,0,0,31000,0,31000,0,0,0,31000,0,0,0,31000,0,31000,31000
065083,南亞科元大01購01,0,0,0,0,0,0,0,0,0,31000,0,0,0,159000,128000,31000,31000
052456,滬深2X元富9B購03,0,0,0,0,0,0,0,0,0,31000,0,0,0,41000,10000,31000,31000
056841,友達元富98購03  ,0,0,0,0,0,0,0,0,0,31000,0,0,0,40000,9000,31000,31000
057323,智邦群益98購01  ,0,0,0,0,0,0,0,0,0,31000,0,0,0,31000,0,31000,31000
059078,FBVIX元大99購06 ,0,0,0,0,0,0,0,0,0,31000,0,0,0,31000,0,31000,31000
059283,康友永豐99購02  ,0,0,0,0,0,0,0,0,0,31000,0,0,0,61000,30000,31000,31000
058374,玉晶光凱基9A購03,0,0,0,0,0,0,0,0,0,31000,0,0,0,33000,2000,31000,31000
059623,聯電凱基99購02  ,0,0,0,0,0,0,0,0,0,31000,0,0,0,330000,299000,31000,31000
060604,宏達電凱基9B購01,0,0,0,0,0,0,0,0,0,31000,0,0,0,146000,115000,31000,31000
060266,潤泰全國票9A購01,0,0,0,0,0,0,0,0,0,31000,0,0,0,31000,0,31000,31000
059347,京鼎凱基99購02  ,0,0,0,0,0,0,0,0,0,31000,0,0,0,37000,6000,31000,31000
059434,全新元大99購05  ,0,0,0,0,0,0,0,0,0,31000,0,0,0,47000,16000,31000,31000
061876,明泰元大9B購01  ,0,0,0,0,0,0,0,0,0,31000,0,0,0,71000,40000,31000,31000
063112,祥碩兆豐9B購01  ,0,0,0,0,0,0,0,0,0,31000,0,0,0,31000,0,31000,31000
06506P,台郡國票99售02  ,0,0,0,0,0,0,0,0,0,30000,0,0,0,30000,0,30000,30000
064902,健策群益01購03  ,0,0,0,0,0,0,0,0,0,30000,0,0,0,33000,3000,30000,30000
065297,旺宏統一02購01  ,0,0,0,0,0,0,0,0,0,30000,0,0,0,50000,20000,30000,30000
06638P,鴻海統一99售02  ,0,0,0,0,0,0,0,0,0,30000,0,0,0,30000,0,30000,30000
08228P,華擎國票9C售01  ,0,0,0,0,0,0,0,0,0,30000,0,0,0,30000,0,30000,30000
08270P,鴻海富邦9C售02  ,0,0,0,0,0,0,0,0,0,30000,0,0,0,30000,0,30000,30000
08496P,金像電國票01售02,0,0,0,0,0,0,0,0,0,30000,0,0,0,30000,0,30000,30000
07846P,台灣50群益9A售17,0,0,0,0,0,0,0,0,0,30000,0,0,0,30000,0,30000,30000
07685P,玉晶光凱基9B售03,0,0,0,0,0,0,0,0,0,30000,0,0,0,180000,150000,30000,30000
07989P,玉晶光凱基9B售07,0,0,0,0,0,0,0,0,0,30000,0,0,0,30000,0,30000,30000
06837P,上銀統一9A售02  ,0,0,0,0,0,0,0,0,0,30000,0,0,0,30000,0,30000,30000
07150P,和碩元大99售01  ,0,0,0,0,0,0,0,0,0,30000,0,0,0,40000,10000,30000,30000
07080P,健策群益9A售01  ,0,0,0,0,0,0,0,0,0,30000,0,0,0,50000,20000,30000,30000
07184P,台灣50元富01售01,0,0,0,0,0,0,0,0,0,30000,0,0,0,30000,0,30000,30000
07230P,滬深2X群益01售02,0,0,0,0,0,0,0,0,0,30000,0,0,0,30000,0,30000,30000
07390P,華新科康和99售02,0,0,0,0,0,0,0,0,0,30000,0,0,0,30000,0,30000,30000
07418P,聯發科元大99售45,0,0,0,0,0,0,0,0,0,30000,0,0,0,30000,0,30000,30000
056292,統一元大97購01  ,0,0,0,0,0,0,0,0,0,30000,0,0,0,36000,6000,30000,30000
057554,新日興凱基99購02,0,0,0,0,0,0,0,0,0,30000,0,0,0,53000,23000,30000,30000
057530,奇鋐元大99購01  ,0,0,0,0,0,0,0,0,0,30000,0,0,0,33000,3000,30000,30000
057374,禾伸堂元大99購03,0,0,0,0,0,0,0,0,0,30000,0,0,0,100000,70000,30000,30000
057778,大立光群益98購02,0,0,0,0,0,0,0,0,0,30000,0,0,0,30000,0,30000,30000
057739,新日興富邦9B購01,0,0,0,0,0,0,0,0,0,30000,0,0,0,40000,10000,30000,30000
057699,可成群益9A購02  ,0,0,0,0,0,0,0,0,0,30000,0,0,0,68000,38000,30000,30000
057820,華擎元大98購02  ,0,0,0,0,0,0,0,0,0,30000,0,0,0,38000,8000,30000,30000
056712,京鼎永豐98購01  ,0,0,0,0,0,0,0,0,0,30000,0,0,0,161000,131000,30000,30000
056442,瑞昱凱基98購02  ,0,0,0,0,0,0,0,0,0,30000,0,0,0,36000,6000,30000,30000
054005,旺宏統一97購04  ,0,0,0,0,0,0,0,0,0,30000,0,0,0,30000,0,30000,30000
054466,欣興凱基97購03  ,0,0,0,0,0,0,0,0,0,30000,0,0,0,30000,0,30000,30000
054928,帆宣凱基98購01  ,0,0,0,0,0,0,0,0,0,30000,0,0,0,30000,0,30000,30000
052434,茂林國泰97購01  ,0,0,0,0,0,0,0,0,0,30000,0,0,0,58000,28000,30000,30000
052626,上証2X中信9A購01,0,0,0,0,0,0,0,0,0,30000,0,0,0,30000,0,30000,30000
051503,玉晶光統一97購01,0,0,0,0,0,0,0,0,0,30000,0,0,0,30000,0,30000,30000
047571,滬深2X群益99購01,0,0,0,0,0,0,0,0,0,30000,0,0,0,30000,0,30000,30000
047548,友達凱基99購03  ,0,0,0,0,0,0,0,0,0,30000,0,0,0,30000,0,30000,30000
053487,台泥兆豐97購01  ,0,0,0,0,0,0,0,0,0,30000,0,0,0,30000,0,30000,30000
055638,上銀元富97購01  ,0,0,0,0,0,0,0,0,0,30000,0,0,0,30000,0,30000,30000
055606,矽創元大97購01  ,0,0,0,0,0,0,0,0,0,30000,0,0,0,30000,0,30000,30000
062130,T50反1群益9B購01,0,0,0,0,0,0,0,0,0,30000,0,0,0,100000,70000,30000,30000
061735,上銀凱基9B購01  ,0,0,0,0,0,0,0,0,0,30000,0,0,0,30000,0,30000,30000
061709,SP黃豆凱基01購02,0,0,0,0,0,0,0,0,0,30000,0,0,0,45000,15000,30000,30000
061678,玉晶光元大9B購04,0,0,0,0,0,0,0,0,0,30000,0,0,0,44000,14000,30000,30000
061754,晶技麥證9B購01  ,0,0,0,30000,0,30000,0,0,0,30000,0,0,0,30000,0,30000,30000
061927,玉晶光凱基9C購01,0,0,0,0,0,0,0,0,0,30000,0,0,0,31000,1000,30000,30000
059436,大立光元大99購18,0,0,0,0,0,0,0,0,0,30000,0,0,0,30000,0,30000,30000
058996,台達電元大99購02,0,0,0,0,0,0,0,0,0,30000,0,0,0,40000,10000,30000,30000
061428,南六元大9A購01  ,0,0,0,0,0,0,0,0,0,30000,0,0,0,30000,0,30000,30000
059921,大立光元大99購24,0,0,0,0,0,0,0,0,0,30000,0,0,0,41000,11000,30000,30000
061327,台郡凱基9A購02  ,0,0,0,0,0,0,0,0,0,30000,0,0,0,100000,70000,30000,30000
060242,潤泰全元大9C購01,0,0,0,0,0,0,0,0,0,30000,0,0,0,130000,100000,30000,30000
060218,台積電凱基9A購15,0,0,0,0,0,0,0,0,0,30000,0,0,0,30000,0,30000,30000
060172,智原台新9A購01  ,0,0,0,0,0,0,0,0,0,30000,0,0,0,30000,0,30000,30000
060539,道瓊反凱基9A購01,0,0,0,0,0,0,0,0,0,30000,0,0,0,30000,0,30000,30000
059925,可成國泰9B購01  ,0,0,0,0,0,0,0,0,0,30000,0,0,0,30000,0,30000,30000
061503,臻鼎國票9B購01  ,0,0,0,0,0,0,0,0,0,30000,0,0,0,30000,0,30000,30000
060546,旺宏凱基9A購02  ,0,0,0,0,0,0,0,0,0,30000,0,0,0,50000,20000,30000,30000
060606,玉晶光凱基9A購05,0,0,0,0,0,0,0,0,0,30000,0,0,0,31000,1000,30000,30000
060621,玉晶光元大9A購05,0,0,0,0,0,0,0,0,0,30000,0,0,0,41000,11000,30000,30000
061224,道瓊反中信01購01,0,0,0,0,0,0,0,0,0,30000,0,0,0,30000,0,30000,30000
060489,世紀鋼群益9A購01,0,0,0,0,0,0,0,0,0,30000,0,0,0,30000,0,30000,30000
058612,健策元大99購02  ,0,0,0,0,0,0,0,0,0,30000,0,0,0,42000,12000,30000,30000
059065,南電凱基9A購01  ,0,0,0,0,0,0,0,0,0,30000,0,0,0,33000,3000,30000,30000
062911,聯詠元大9B購03  ,0,0,0,0,0,0,0,0,0,30000,0,0,0,30000,0,30000,30000
062983,緯穎元富9B購01  ,0,0,0,0,0,0,0,0,0,30000,0,0,0,158000,128000,30000,30000
062248,國巨元大9B購08  ,0,0,0,0,0,0,0,0,0,30000,0,0,0,54000,24000,30000,30000
062166,致新國泰01購01  ,0,0,0,0,0,0,0,0,0,30000,0,0,0,30000,0,30000,30000
062303,台表科中信01購01,0,0,0,0,0,0,0,0,0,30000,0,0,0,30000,0,30000,30000
062410,台積電第一9B購02,0,0,0,0,0,0,0,0,0,30000,0,0,0,30000,0,30000,30000
064502,大立光元大9C購19,0,0,0,0,0,0,0,0,0,30000,0,0,0,30000,0,30000,30000
064584,英業達永豐9C購01,0,0,0,0,0,0,0,0,0,30000,0,0,0,101000,71000,30000,30000
064740,台光電國票01購01,0,0,0,0,0,0,0,0,0,30000,0,0,0,60000,30000,30000,30000
064400,大成鋼凱基01購01,0,0,0,0,0,0,0,0,0,30000,0,0,0,30000,0,30000,30000
064427,喬山凱基01購01  ,0,0,0,0,0,0,0,0,0,30000,0,0,0,82000,52000,30000,30000
063717,宏達電兆豐9B購02,0,0,0,0,0,0,0,0,0,30000,0,0,0,55000,25000,30000,30000
063938,上銀元大9C購03  ,0,0,0,0,0,0,0,0,0,30000,0,0,0,30000,0,30000,30000
063878,國巨元富9C購01  ,0,0,0,0,0,0,0,0,0,30000,0,0,0,30000,0,30000,30000
06413P,聯發科凱基97售11,0,0,0,0,0,0,0,0,0,30000,0,0,0,30000,0,30000,30000
064071,台郡永豐9C購01  ,0,0,0,0,0,0,0,0,0,30000,0,0,0,406000,376000,30000,30000
2704,國賓            ,78000,39000,39000,0,0,0,0,0,0,-9000,0,9000,-9000,0,0,0,30000
08349P,南六元大9C售03  ,0,0,0,0,0,0,0,0,0,29000,0,0,0,169000,140000,29000,29000
06658P,台灣50富邦9C售01,0,0,0,0,0,0,0,0,0,29000,0,0,0,61000,32000,29000,29000
065848,聯詠元大9C購03  ,0,0,0,0,0,0,0,0,0,29000,0,0,0,170000,141000,29000,29000
065001,中橡國票9C購01  ,0,0,0,0,0,0,0,0,0,29000,0,0,0,32000,3000,29000,29000
053528,南電中信9A購01  ,0,0,0,0,0,0,0,0,0,29000,0,0,0,179000,150000,29000,29000
052326,滬深反中信99購01,0,0,0,0,0,0,0,0,0,29000,0,0,0,30000,1000,29000,29000
053111,緯創兆豐97購01  ,0,0,0,0,0,0,0,0,0,29000,0,0,0,29000,0,29000,29000
00678,群益NBI生技     ,0,0,0,0,0,0,0,0,0,29000,0,0,0,29000,0,29000,29000
056020,義隆群益97購01  ,0,0,0,0,0,0,0,0,0,29000,0,0,0,47000,18000,29000,29000
057062,立積國泰99購01  ,0,0,0,0,0,0,0,0,0,29000,0,0,0,36000,7000,29000,29000
057243,樺漢凱基99購01  ,0,0,0,0,0,0,0,0,0,29000,0,0,0,73000,44000,29000,29000
059733,緯穎元大99購08  ,0,0,0,0,0,0,0,0,0,29000,0,0,0,56000,27000,29000,29000
061228,聯茂中信9A購01  ,0,0,0,0,0,0,0,0,0,29000,0,0,0,100000,71000,29000,29000
060608,玉晶光凱基9A購08,0,0,0,0,0,0,0,0,0,29000,0,0,0,31000,2000,29000,29000
061481,嘉澤元大9A購03  ,0,0,0,0,0,0,0,0,0,29000,0,0,0,67000,38000,29000,29000
060316,福懋科永豐9A購01,0,0,0,0,0,0,0,0,0,29000,0,0,0,160000,131000,29000,29000
058249,緯穎元大99購04  ,0,0,0,0,0,0,0,0,0,29000,0,0,0,61000,32000,29000,29000
064125,聯發科元大02購01,0,0,0,0,0,0,0,0,0,29000,0,0,0,83000,54000,29000,29000
064754,漢唐凱基02購01  ,0,0,0,0,0,0,0,0,0,29000,0,0,0,50000,21000,29000,29000
062485,華通國泰01購01  ,0,0,0,0,0,0,0,0,0,29000,0,0,0,192000,163000,29000,29000
062860,華擎國票9B購02  ,0,0,0,0,0,0,0,0,0,29000,0,0,0,34000,5000,29000,29000
06326P,鴻海中信01售01  ,0,0,0,0,0,0,0,0,0,29000,0,0,0,737000,708000,29000,29000
6235,華孚            ,57000,27000,30000,0,0,0,0,0,0,-1000,0,1000,-1000,0,0,0,29000
6215,和椿            ,53000,24000,29000,0,0,0,0,0,0,0,0,0,0,0,0,0,29000
8249,菱光            ,48000,19000,29000,0,0,0,0,0,0,0,0,0,0,0,0,0,29000
065043,新光金凱基02購01,0,0,0,0,0,0,0,0,0,28000,0,0,0,48000,20000,28000,28000
065757,新日興元大9C購06,0,0,0,0,0,0,0,0,0,28000,0,0,0,218000,190000,28000,28000
065430,可成凱基02購03  ,0,0,0,0,0,0,0,0,0,28000,0,0,0,90000,62000,28000,28000
08341P,國泰金台新9C售01,0,0,0,0,0,0,0,0,0,28000,0,0,0,72000,44000,28000,28000
08329P,台達電統一9C售02,0,0,0,0,0,0,0,0,0,28000,0,0,0,50000,22000,28000,28000
08209P,上銀元富9B售06  ,0,0,0,0,0,0,0,0,0,28000,0,0,0,40000,12000,28000,28000
08154P,上銀元富9B售04  ,0,0,0,0,0,0,0,0,0,28000,0,0,0,40000,12000,28000,28000
1626,艾美特-KY       ,39000,6000,33000,0,0,0,0,0,0,-5000,0,5000,-5000,0,0,0,28000
07104P,聯發科元富99售04,0,0,0,0,0,0,0,0,0,28000,0,0,0,28000,0,28000,28000
057366,智邦元大98購08  ,0,0,0,0,0,0,0,0,0,28000,0,0,0,139000,111000,28000,28000
057629,泰碩永豐98購02  ,0,0,0,0,0,0,0,0,0,28000,0,0,0,160000,132000,28000,28000
061130,牧德永豐9A購04  ,0,0,0,0,0,0,0,0,0,28000,0,0,0,96000,68000,28000,28000
060674,瑞昱元大9A購03  ,0,0,0,0,0,0,0,0,0,28000,0,0,0,30000,2000,28000,28000
057681,T50反1日盛9C購01,0,0,0,0,0,0,0,0,0,28000,0,0,0,51000,23000,28000,28000
059513,揚明光永豐99購01,0,0,0,0,0,0,0,0,0,28000,0,0,0,49000,21000,28000,28000
058905,京鼎元大99購01  ,0,0,0,0,0,0,0,0,0,28000,0,0,0,28000,0,28000,28000
061254,道瓊反凱基9A購02,0,0,0,0,0,0,0,0,0,28000,0,0,0,30000,2000,28000,28000
059265,美律中信01購01  ,0,0,0,0,0,0,0,0,0,28000,0,0,0,51000,23000,28000,28000
063479,南六元大9B購06  ,0,0,0,0,0,0,0,0,0,28000,0,0,0,28000,0,28000,28000
062834,立積群益9B購02  ,0,0,0,0,0,0,0,0,0,28000,0,0,0,178000,150000,28000,28000
062630,全新國票9B購02  ,0,0,0,0,0,0,0,0,0,28000,0,0,0,50000,22000,28000,28000
064733,南六統一9C購03  ,0,0,0,0,0,0,0,0,0,28000,0,0,0,28000,0,28000,28000
064013,創意國票01購01  ,0,0,0,0,0,0,0,0,0,28000,0,0,0,97000,69000,28000,28000
6024,群益期          ,52000,24000,28000,0,0,0,0,0,0,0,0,0,0,0,0,0,28000
2616,山隆            ,42000,14000,28000,0,0,0,0,0,0,0,0,0,0,0,0,0,28000
2538,基泰            ,169000,133000,36000,0,0,0,0,0,0,-8000,0,8000,-8000,0,0,0,28000
2881A,富邦特          ,33000,0,33000,0,0,0,0,0,0,-5000,5000,10000,-5000,0,0,0,28000
065137,中鋼凱基01購01  ,0,0,0,0,0,0,0,0,0,27000,0,0,0,32000,5000,27000,27000
057149,京鼎國票99購02  ,0,0,0,0,0,0,0,0,0,27000,0,0,0,72000,45000,27000,27000
056749,滬深2X兆豐99購01,0,0,0,0,0,0,0,0,0,27000,0,0,0,27000,0,27000,27000
061123,燿華永豐9A購01  ,0,0,0,0,0,0,0,0,0,27000,0,0,0,27000,0,27000,27000
057353,玉晶光統一99購01,0,0,0,0,0,0,0,0,0,27000,0,0,0,27000,0,27000,27000
055620,樺漢國票98購01  ,0,0,0,0,0,0,0,0,0,27000,0,0,0,65000,38000,27000,27000
042793,台積電台新9C購01,0,0,0,0,0,0,0,0,0,27000,0,0,0,27000,0,27000,27000
058292,上銀凱基9A購01  ,0,0,0,0,0,0,0,0,0,27000,0,0,0,27000,0,27000,27000
059926,世紀鋼國泰9B購01,0,0,0,0,0,0,0,0,0,27000,0,0,0,97000,70000,27000,27000
060084,聯電元大99購02  ,0,0,0,0,0,0,0,0,0,27000,0,0,0,158000,131000,27000,27000
061464,瑞昱群益9A購01  ,0,0,0,0,0,0,0,0,0,27000,0,0,0,27000,0,27000,27000
063913,貿聯凱基02購01  ,0,0,0,0,0,0,0,0,0,27000,0,0,0,171000,144000,27000,27000
064623,創意元大9C購04  ,0,0,0,0,0,0,0,0,0,27000,0,0,0,60000,33000,27000,27000
062293,麗豐永豐9B購01  ,0,0,0,0,0,0,0,0,0,27000,0,0,0,27000,0,27000,27000
063411,和潤國票9C購01  ,0,0,0,0,0,0,0,0,0,27000,0,0,0,39000,12000,27000,27000
06340P,鴻海統一98售06  ,0,0,0,0,0,0,0,0,0,27000,0,0,0,27000,0,27000,27000
06332P,世紀鋼群益98售01,0,0,0,0,0,0,0,0,0,27000,0,0,0,27000,0,27000,27000
2546,根基            ,35000,8000,27000,0,0,0,0,0,0,0,0,0,0,0,0,0,27000
2515,中工            ,270000,234000,36000,0,0,0,0,0,0,-9000,0,2000,-2000,0,7000,-7000,27000
4141,龍燈-KY         ,49000,22000,27000,0,0,0,0,0,0,0,0,0,0,0,0,0,27000
1506,正道            ,31000,4000,27000,0,0,0,0,0,0,-281,0,281,-281,0,0,0,26719
07710P,華擎元大9A售05  ,0,0,0,0,0,0,0,0,0,26000,0,0,0,26000,0,26000,26000
06481P,台積電凱基98售12,0,0,0,0,0,0,0,0,0,26000,0,0,0,26000,0,26000,26000
065516,健鼎群益9C購02  ,0,0,0,0,0,0,0,0,0,26000,0,0,0,39000,13000,26000,26000
00690,兆豐藍籌30      ,6000,6000,0,0,0,0,0,0,0,26000,0,0,0,209000,183000,26000,26000
051577,台積電元大97購03,0,0,0,0,0,0,0,0,0,26000,0,0,0,26000,0,26000,26000
057368,微星元大98購02  ,0,0,0,0,0,0,0,0,0,26000,0,0,0,88000,62000,26000,26000
056383,上銀國泰99購01  ,0,0,0,0,0,0,0,0,0,26000,0,0,0,26000,0,26000,26000
061001,智邦兆豐9B購01  ,0,0,0,0,0,0,0,0,0,26000,0,0,0,41000,15000,26000,26000
056429,華通凱基98購02  ,0,0,0,0,0,0,0,0,0,26000,0,0,0,100000,74000,26000,26000
057408,台郡群益98購01  ,0,0,0,0,0,0,0,0,0,26000,0,0,0,72000,46000,26000,26000
059435,大立光元大99購17,0,0,0,0,0,0,0,0,0,26000,0,0,0,53000,27000,26000,26000
060128,健策永豐99購06  ,0,0,0,0,0,0,0,0,0,26000,0,0,0,27000,1000,26000,26000
061643,嘉澤元大9A購05  ,0,0,0,0,0,0,0,0,0,26000,0,0,0,61000,35000,26000,26000
061940,世紀鋼國票9C購01,0,0,0,0,0,0,0,0,0,26000,0,0,0,26000,0,26000,26000
062029,牧德群益9B購03  ,0,0,0,0,0,0,0,0,0,26000,0,0,0,50000,24000,26000,26000
059762,禾伸堂永豐99購02,0,0,0,0,0,0,0,0,0,26000,0,0,0,182000,156000,26000,26000
060609,玉晶光凱基9B購01,0,0,0,0,0,0,0,0,0,26000,0,0,0,27000,1000,26000,26000
061543,南亞科群益9A購01,0,0,0,0,0,0,0,0,0,26000,0,0,0,26000,0,26000,26000
062315,健策凱基9C購01  ,0,0,0,0,0,0,0,0,0,26000,0,0,0,50000,24000,26000,26000
062483,致新國票9B購01  ,0,0,0,0,0,0,0,0,0,26000,0,0,0,26000,0,26000,26000
062472,大立光凱基9B購04,0,0,0,0,0,0,0,0,0,26000,0,0,0,67000,41000,26000,26000
062563,緯穎凱基9B購03  ,0,0,0,0,0,0,0,0,0,26000,0,0,0,46000,20000,26000,26000
062856,世芯永豐9B購02  ,0,0,0,0,0,0,0,0,0,26000,0,0,0,26000,0,26000,26000
064550,南茂凱基01購01  ,0,0,0,0,0,0,0,0,0,26000,0,0,0,78000,52000,26000,26000
063990,世芯永豐01購01  ,0,0,0,0,0,0,0,0,0,26000,0,0,0,26000,0,26000,26000
063871,瀚宇博永豐9C購01,0,0,0,0,0,0,0,0,0,26000,0,0,0,172000,146000,26000,26000
063872,嘉聯益永豐9C購01,0,0,0,0,0,0,0,0,0,26000,0,0,0,76000,50000,26000,26000
3050,鈺德            ,31000,3000,28000,0,0,0,0,0,0,-2120,0,2120,-2120,0,0,0,25880
064861,緯創富邦9C購01  ,0,0,0,0,0,0,0,0,0,25000,0,0,0,34000,9000,25000,25000
065381,緯穎元大9C購03  ,0,0,0,0,0,0,0,0,0,25000,0,0,0,240000,215000,25000,25000
07731P,臺股指凱基9A售28,0,0,0,0,0,0,0,0,0,25000,0,0,0,106000,81000,25000,25000
06999P,玉晶光國票9B售01,0,0,0,0,0,0,0,0,0,25000,0,0,0,60000,35000,25000,25000
08400P,美律元富9C售02  ,0,0,0,0,0,0,0,0,0,25000,0,0,0,51000,26000,25000,25000
08427P,義隆國票9C售01  ,0,0,0,0,0,0,0,0,0,25000,0,0,0,50000,25000,25000,25000
057010,景碩中信98購01  ,0,0,0,0,0,0,0,0,0,25000,0,0,0,25000,0,25000,25000
057016,中石化凱基9B購01,0,0,0,0,0,0,0,0,0,25000,0,0,0,175000,150000,25000,25000
056450,可成凱基98購05  ,0,0,0,0,0,0,0,0,0,25000,0,0,0,39000,14000,25000,25000
057225,華新凱基98購01  ,0,0,0,0,0,0,0,0,0,25000,0,0,0,44000,19000,25000,25000
053162,緯穎元大97購01  ,0,0,0,0,0,0,0,0,0,25000,0,0,0,25000,0,25000,25000
053092,台表科元大97購02,0,0,0,0,0,0,0,0,0,25000,0,0,0,25000,0,25000,25000
052767,智伸科群益98購01,0,0,0,0,0,0,0,0,0,25000,0,0,0,25000,0,25000,25000
03026X,元展23          ,0,0,0,0,0,0,0,0,0,25000,0,0,0,25000,0,25000,25000
054975,福懋科元大97購01,0,0,0,0,0,0,0,0,0,25000,0,0,0,25000,0,25000,25000
059535,玉山金凱基99購01,0,0,0,0,0,0,0,0,0,25000,0,0,0,26000,1000,25000,25000
059263,瑞昱中信01購01  ,0,0,0,0,0,0,0,0,0,25000,0,0,0,25000,0,25000,25000
058603,台積電元大99購12,0,0,0,0,0,0,0,0,0,25000,0,0,0,25000,0,25000,25000
058623,國巨國票99購08  ,0,0,0,0,0,0,0,0,0,25000,0,0,0,85000,60000,25000,25000
058555,矽創永豐9A購01  ,0,0,0,0,0,0,0,0,0,25000,0,0,0,25000,0,25000,25000
062108,晶豪科國票9B購01,0,0,0,0,0,0,0,0,0,25000,0,0,0,49000,24000,25000,25000
059993,上銀元富99購01  ,0,0,0,0,0,0,0,0,0,25000,0,0,0,25000,0,25000,25000
060248,日月光元大9A購01,0,0,0,0,0,0,0,0,0,25000,0,0,0,89000,64000,25000,25000
059052,為升凱基99購01  ,0,0,0,0,0,0,0,0,0,25000,0,0,0,37000,12000,25000,25000
061435,元金2X凱基9C購03,0,0,0,0,0,0,0,0,0,25000,0,0,0,30000,5000,25000,25000
061436,上銀凱基9A購07  ,0,0,0,0,0,0,0,0,0,25000,0,0,0,25000,0,25000,25000
061397,上銀台新9A購01  ,0,0,0,0,0,0,0,0,0,25000,0,0,0,25000,0,25000,25000
063845,旺宏元大9C購03  ,0,0,0,0,0,0,0,0,0,25000,0,0,0,279000,254000,25000,25000
063735,華新科元大9B購15,0,0,0,0,0,0,0,0,0,25000,0,0,0,66000,41000,25000,25000
063670,美食統一9C購01  ,0,0,0,0,0,0,0,0,0,25000,0,0,0,25000,0,25000,25000
064031,玉晶光元大02購01,0,0,0,0,0,0,0,0,0,25000,0,0,0,37000,12000,25000,25000
064116,T50反1元大9C購03,0,0,0,0,0,0,0,0,0,25000,0,0,0,25000,0,25000,25000
064579,大立光富邦03購02,0,0,0,0,0,0,0,0,0,25000,0,0,0,25000,0,25000,25000
062628,廣達國票9B購01  ,0,0,0,0,0,0,0,0,0,25000,0,0,0,71000,46000,25000,25000
063547,大立光兆豐9B購04,0,0,0,0,0,0,0,0,0,25000,0,0,0,30000,5000,25000,25000
3494,誠研            ,26000,1000,25000,0,0,0,0,0,0,0,0,0,0,0,0,0,25000
6288,聯嘉            ,160000,137000,23000,0,0,0,0,0,0,2000,2000,0,2000,0,0,0,25000
08575P,長榮航凱基9C售02,0,0,0,0,0,0,0,0,0,24000,0,0,0,24000,0,24000,24000
08350P,臺股指中信9C售06,0,0,0,0,0,0,0,0,0,24000,0,0,0,25000,1000,24000,24000
08284P,鴻海凱基01售03  ,0,0,0,0,0,0,0,0,0,24000,0,0,0,24000,0,24000,24000
06849P,欣興元大98售12  ,0,0,0,0,0,0,0,0,0,24000,0,0,0,50000,26000,24000,24000
06879P,長榮航凱基98售02,0,0,0,0,0,0,0,0,0,24000,0,0,0,64000,40000,24000,24000
07141P,台灣50國票9A售03,0,0,0,0,0,0,0,0,0,24000,0,0,0,64000,40000,24000,24000
065520,台勝科群益9C購03,0,0,0,0,0,0,0,0,0,24000,0,0,0,26000,2000,24000,24000
065485,巨大元大9C購02  ,0,0,0,0,0,0,0,0,0,24000,0,0,0,613000,589000,24000,24000
065657,智邦富邦9C購01  ,0,0,0,0,0,0,0,0,0,24000,0,0,0,50000,26000,24000,24000
055367,台積電元大97購23,0,0,0,0,0,0,0,0,0,24000,0,0,0,24000,0,24000,24000
057248,台積電統一98購08,0,0,0,0,0,0,0,0,0,24000,0,0,0,24000,0,24000,24000
056206,泰鼎永豐97購01  ,0,0,0,0,0,0,0,0,0,24000,0,0,0,273000,249000,24000,24000
057573,京鼎永豐98購02  ,0,0,0,0,0,0,0,0,0,24000,0,0,0,36000,12000,24000,24000
060630,國巨富邦9C購03  ,0,0,0,0,0,0,0,0,0,24000,0,0,0,30000,6000,24000,24000
057162,上銀元大98購03  ,0,0,0,0,0,0,0,0,0,24000,0,0,0,24000,0,24000,24000
056621,宏達電永豐98購01,0,0,0,0,0,0,0,0,0,24000,0,0,0,37000,13000,24000,24000
058008,禾伸堂國票99購02,0,0,0,0,0,0,0,0,0,24000,0,0,0,41000,17000,24000,24000
059888,華新科國票99購03,0,0,0,0,0,0,0,0,0,24000,0,0,0,24000,0,24000,24000
060040,康控國票99購04  ,0,0,0,0,0,0,0,0,0,24000,0,0,0,86000,62000,24000,24000
058949,上銀群益99購02  ,0,0,0,0,0,0,0,0,0,24000,0,0,0,100000,76000,24000,24000
061973,上銀元大9B購01  ,0,0,0,0,0,0,0,0,0,24000,0,0,0,63000,39000,24000,24000
058590,南電中信9A購02  ,0,0,0,0,0,0,0,0,0,24000,0,0,0,24000,0,24000,24000
058570,臻鼎凱基9A購01  ,0,0,0,0,0,0,0,0,0,24000,0,0,0,36000,12000,24000,24000
063476,台表科元大9C購03,0,0,0,0,0,0,0,0,0,24000,0,0,0,275000,251000,24000,24000
063183,國巨凱基9B購12  ,0,0,0,0,0,0,0,0,0,24000,0,0,0,80000,56000,24000,24000
062330,可成統一9B購03  ,0,0,0,0,0,0,0,0,0,24000,0,0,0,24000,0,24000,24000
064534,京元電國票01購01,0,0,0,0,0,0,0,0,0,24000,0,0,0,24000,0,24000,24000
064082,緯創中信06購01  ,0,0,0,0,0,0,0,0,0,24000,0,0,0,24000,0,24000,24000
06376P,上銀統一99售01  ,0,0,0,0,0,0,0,0,0,24000,0,0,0,24000,0,24000,24000
6189,豐藝            ,4000,3000,1000,0,0,0,0,4000,-4000,27000,28000,1000,27000,0,0,0,24000
2227,裕日車          ,34000,9000,25000,0,0,0,0,1000,-1000,0,0,0,0,0,0,0,24000
065417,嘉晶國票01購02  ,0,0,0,0,0,0,0,0,0,23000,0,0,0,41000,18000,23000,23000
06755P,大立光永豐98售03,0,0,0,0,0,0,0,0,0,23000,0,0,0,23000,0,23000,23000
065341,華邦電統一01購02,0,0,0,0,0,0,0,0,0,23000,0,0,0,675000,652000,23000,23000
064972,台積電元大9C購11,0,0,0,0,0,0,0,0,0,23000,0,0,0,23000,0,23000,23000
06983P,台積電國泰9A售02,0,0,0,0,0,0,0,0,0,23000,0,0,0,77000,54000,23000,23000
07305P,T50正2群益99售02,0,0,0,0,0,0,0,0,0,23000,0,0,0,23000,0,23000,23000
08053P,臺股指國票9B售18,0,0,0,0,0,0,0,0,0,23000,0,0,0,75000,52000,23000,23000
08153P,台表科統一9B售01,0,0,0,0,0,0,0,0,0,23000,0,0,0,23000,0,23000,23000
08220P,華邦電凱基9B售02,0,0,0,0,0,0,0,0,0,23000,0,0,0,26000,3000,23000,23000
08221P,台表科凱基9B售05,0,0,0,0,0,0,0,0,0,23000,0,0,0,23000,0,23000,23000
08582P,臺股指元大9C售30,0,0,0,0,0,0,0,0,0,23000,0,0,0,65000,42000,23000,23000
054841,亞德客兆豐97購01,0,0,0,0,0,0,0,0,0,23000,0,0,0,23000,0,23000,23000
054552,聯發科凱基98購03,0,0,0,0,0,0,0,0,0,23000,0,0,0,29000,6000,23000,23000
056919,英業達兆豐98購01,0,0,0,0,0,0,0,0,0,23000,0,0,0,94000,71000,23000,23000
053500,新日興兆豐97購01,0,0,0,0,0,0,0,0,0,23000,0,0,0,30000,7000,23000,23000
058649,健策永豐99購01  ,0,0,0,0,0,0,0,0,0,23000,0,0,0,27000,4000,23000,23000
058863,可成凱基99購02  ,0,0,0,0,0,0,0,0,0,23000,0,0,0,29000,6000,23000,23000
060572,景碩永豐9A購01  ,0,0,0,0,0,0,0,0,0,23000,0,0,0,59000,36000,23000,23000
059844,大立光富邦9C購04,0,0,0,0,0,0,0,0,0,23000,0,0,0,27000,4000,23000,23000
059364,昇陽半永豐99購02,0,0,0,0,0,0,0,0,0,23000,0,0,0,64000,41000,23000,23000
063937,上銀元大9C購02  ,0,0,0,0,0,0,0,0,0,23000,0,0,0,112000,89000,23000,23000
064540,神達麥證01購01  ,0,0,0,23000,0,23000,0,0,0,23000,0,0,0,23000,0,23000,23000
06473P,鴻海元大99售03  ,0,0,0,0,0,0,0,0,0,23000,0,0,0,23000,0,23000,23000
064697,健策群益01購02  ,0,0,0,0,0,0,0,0,0,23000,0,0,0,105000,82000,23000,23000
064717,台積電統一01購08,0,0,0,0,0,0,0,0,0,23000,0,0,0,44000,21000,23000,23000
064196,健策群益01購01  ,0,0,0,0,0,0,0,0,0,23000,0,0,0,60000,37000,23000,23000
063117,聯茂麥證9B購01  ,0,0,0,23000,0,23000,0,0,0,23000,0,0,0,23000,0,23000,23000
063091,聯電中信9B購01  ,0,0,0,0,0,0,0,0,0,23000,0,0,0,239000,216000,23000,23000
4545,銘鈺            ,25000,1000,24000,0,0,0,0,0,0,-1000,0,1000,-1000,0,0,0,23000
3543,州巧            ,30000,7000,23000,0,0,0,0,0,0,0,0,0,0,0,0,0,23000
6598,ABC-KY          ,89000,67000,22000,0,0,0,0,0,0,1000,1000,0,1000,0,0,0,23000
9930,中聯資源        ,23000,0,23000,0,0,0,0,0,0,0,0,0,0,0,0,0,23000
06952P,大立光統一9A售03,0,0,0,0,0,0,0,0,0,22000,0,0,0,22000,0,22000,22000
065077,鴻海元大01購03  ,0,0,0,0,0,0,0,0,0,22000,0,0,0,33000,11000,22000,22000
064934,南電統一01購02  ,0,0,0,0,0,0,0,0,0,22000,0,0,0,165000,143000,22000,22000
065452,康友統一02購01  ,0,0,0,0,0,0,0,0,0,22000,0,0,0,78000,56000,22000,22000
02001L,富邦蘋果正二N   ,0,0,0,0,0,0,0,0,0,22000,0,0,0,23000,1000,22000,22000
054708,華通統一97購02  ,0,0,0,0,0,0,0,0,0,22000,0,0,0,22000,0,22000,22000
055278,旺宏元大98購05  ,0,0,0,0,0,0,0,0,0,22000,0,0,0,22000,0,22000,22000
060658,台灣50凱基01購04,0,0,0,0,0,0,0,0,0,22000,0,0,0,22000,0,22000,22000
057577,廣宇中信9A購01  ,0,0,0,0,0,0,0,0,0,22000,0,0,0,27000,5000,22000,22000
061694,玉山金群益9A購01,0,0,0,0,0,0,0,0,0,22000,0,0,0,83000,61000,22000,22000
059722,南亞科元大99購02,0,0,0,0,0,0,0,0,0,22000,0,0,0,22000,0,22000,22000
059165,南亞科凱基99購04,0,0,0,0,0,0,0,0,0,22000,0,0,0,98000,76000,22000,22000
058345,台光電群益99購03,0,0,0,0,0,0,0,0,0,22000,0,0,0,22000,0,22000,22000
058504,台積電元大99購07,0,0,0,0,0,0,0,0,0,22000,0,0,0,60000,38000,22000,22000
062442,華新科元大9C購02,0,0,0,0,0,0,0,0,0,22000,0,0,0,29000,7000,22000,22000
062673,台新金中信03購01,0,0,0,0,0,0,0,0,0,22000,0,0,0,32000,10000,22000,22000
064282,大立光元大9C購13,0,0,0,0,0,0,0,0,0,22000,0,0,0,70000,48000,22000,22000
064439,大立光凱基03購02,0,0,0,0,0,0,0,0,0,22000,0,0,0,27000,5000,22000,22000
063998,聯發科兆豐9C購02,0,0,0,0,0,0,0,0,0,22000,0,0,0,45000,23000,22000,22000
064143,旺宏統一01購05  ,0,0,0,0,0,0,0,0,0,22000,0,0,0,57000,35000,22000,22000
2465,麗臺            ,25000,3000,22000,0,0,0,0,0,0,0,0,0,0,0,0,0,22000
2545,皇翔            ,40000,18000,22000,0,0,0,0,0,0,0,0,0,0,0,0,0,22000
065446,宏達電統一9C購02,0,0,0,0,0,0,0,0,0,21000,0,0,0,21000,0,21000,21000
06861P,台積電國票99售08,0,0,0,0,0,0,0,0,0,21000,0,0,0,34000,13000,21000,21000
08562P,南電國票01售03  ,0,0,0,0,0,0,0,0,0,21000,0,0,0,21000,0,21000,21000
08194P,同欣電國票9C售03,0,0,0,0,0,0,0,0,0,21000,0,0,0,41000,20000,21000,21000
08340P,聯發科元富9C售01,0,0,0,0,0,0,0,0,0,21000,0,0,0,52000,31000,21000,21000
08322P,國巨凱基9C售08  ,0,0,0,0,0,0,0,0,0,21000,0,0,0,21000,0,21000,21000
1108,幸福            ,31000,10000,21000,0,0,0,0,0,0,0,0,0,0,0,0,0,21000
060760,南亞科元大9A購04,0,0,0,0,0,0,0,0,0,21000,0,0,0,84000,63000,21000,21000
056603,嘉聯益國泰9A購01,0,0,0,0,0,0,0,0,0,21000,0,0,0,73000,52000,21000,21000
056742,玉晶光凱基9A購01,0,0,0,0,0,0,0,0,0,21000,0,0,0,22000,1000,21000,21000
056724,臻鼎中信9A購01  ,0,0,0,0,0,0,0,0,0,21000,0,0,0,95000,74000,21000,21000
056327,樺漢兆豐98購01  ,0,0,0,0,0,0,0,0,0,21000,0,0,0,21000,0,21000,21000
055327,致新國票98購01  ,0,0,0,0,0,0,0,0,0,21000,0,0,0,21000,0,21000,21000
054842,台達電兆豐98購01,0,0,0,0,0,0,0,0,0,21000,0,0,0,42000,21000,21000,21000
054632,緯穎凱基9A購01  ,0,0,0,0,0,0,0,0,0,21000,0,0,0,41000,20000,21000,21000
056971,麗豐永豐98購01  ,0,0,0,0,0,0,0,0,0,21000,0,0,0,72000,51000,21000,21000
056895,技嘉元大98購01  ,0,0,0,0,0,0,0,0,0,21000,0,0,0,24000,3000,21000,21000
051948,滬深2X元富9B購01,0,0,0,0,0,0,0,0,0,21000,0,0,0,21000,0,21000,21000
058496,文曄群益99購01  ,0,0,0,0,0,0,0,0,0,21000,0,0,0,121000,100000,21000,21000
058390,樺漢國票9A購01  ,0,0,0,0,0,0,0,0,0,21000,0,0,0,40000,19000,21000,21000
058573,鴻海群益9A購02  ,0,0,0,0,0,0,0,0,0,21000,0,0,0,63000,42000,21000,21000
061302,晶技永豐9A購04  ,0,0,0,0,0,0,0,0,0,21000,0,0,0,21000,0,21000,21000
061570,瑞昱元大9A購05  ,0,0,0,0,0,0,0,0,0,21000,0,0,0,27000,6000,21000,21000
058190,貿聯永豐99購01  ,0,0,0,0,0,0,0,0,0,21000,0,0,0,50000,29000,21000,21000
058202,鴻海凱基9A購04  ,0,0,0,0,0,0,0,0,0,21000,0,0,0,66000,45000,21000,21000
059459,訊芯永豐99購04  ,0,0,0,0,0,0,0,0,0,21000,0,0,0,21000,0,21000,21000
061458,臻鼎凱基9A購02  ,0,0,0,0,0,0,0,0,0,21000,0,0,0,60000,39000,21000,21000
060126,創意永豐99購04  ,0,0,0,0,0,0,0,0,0,21000,0,0,0,118000,97000,21000,21000
063600,燿華凱基9B購04  ,0,0,0,0,0,0,0,0,0,21000,0,0,0,28000,7000,21000,21000
064551,鈺齊凱基9C購02  ,0,0,0,0,0,0,0,0,0,21000,0,0,0,24000,3000,21000,21000
062741,立積國票9B購02  ,0,0,0,0,0,0,0,0,0,21000,0,0,0,67000,46000,21000,21000
6281,全國電          ,25000,4000,21000,0,0,0,0,0,0,0,0,0,0,0,0,0,21000
2010,春源            ,86000,66000,20000,0,0,0,0,0,0,0,0,0,0,0,0,0,20000
08249P,聯發科群益9C售06,0,0,0,0,0,0,0,0,0,20000,0,0,0,20000,0,20000,20000
08571P,台積電兆豐9C售06,0,0,0,0,0,0,0,0,0,20000,0,0,0,30000,10000,20000,20000
08584P,立積群益9C售02  ,0,0,0,0,0,0,0,0,0,20000,0,0,0,50000,30000,20000,20000
08535P,和大國票01售02  ,0,0,0,0,0,0,0,0,0,20000,0,0,0,20000,0,20000,20000
08461P,長榮航國票9C售01,0,0,0,0,0,0,0,0,0,20000,0,0,0,20000,0,20000,20000
08467P,長榮航統一9C售01,0,0,0,0,0,0,0,0,0,20000,0,0,0,20000,0,20000,20000
06883P,聯茂群益98售03  ,0,0,0,0,0,0,0,0,0,20000,0,0,0,20000,0,20000,20000
06841P,臺股指統一9A售02,0,0,0,0,0,0,0,0,0,20000,0,0,0,20000,0,20000,20000
06936P,瑞儀元大98售01  ,0,0,0,0,0,0,0,0,0,20000,0,0,0,50000,30000,20000,20000
07451P,鴻海元大9B售01  ,0,0,0,0,0,0,0,0,0,20000,0,0,0,20000,0,20000,20000
07431P,臺股指國票9A售03,0,0,0,0,0,0,0,0,0,20000,0,0,0,20000,0,20000,20000
08119P,南亞科統一9C售03,0,0,0,0,0,0,0,0,0,20000,0,0,0,20000,0,20000,20000
07962P,聯詠中信05售03  ,0,0,0,0,0,0,0,0,0,20000,0,0,0,20000,0,20000,20000
07926P,上銀統一9B售02  ,0,0,0,0,0,0,0,0,0,20000,0,0,0,20000,0,20000,20000
07717P,臺股指群益9A售06,0,0,0,0,0,0,0,0,0,20000,0,0,0,20000,0,20000,20000
07702P,台積電中信9A售06,0,0,0,0,0,0,0,0,0,20000,0,0,0,20000,0,20000,20000
07642P,華通凱基9A售05  ,0,0,0,0,0,0,0,0,0,20000,0,0,0,20000,0,20000,20000
07617P,聯發科中信9C售04,0,0,0,0,0,0,0,0,0,20000,0,0,0,30000,10000,20000,20000
07854P,台積電凱基9A售28,0,0,0,0,0,0,0,0,0,20000,0,0,0,20000,0,20000,20000
07835P,台表科群益9A售02,0,0,0,0,0,0,0,0,0,20000,0,0,0,70000,50000,20000,20000
065440,台積電麥證9C購02,0,0,0,20000,0,20000,0,0,0,20000,0,0,0,20000,0,20000,20000
065699,南亞科群益9C購02,0,0,0,0,0,0,0,0,0,20000,0,0,0,20000,0,20000,20000
065576,泰鼎群益9C購02  ,0,0,0,0,0,0,0,0,0,20000,0,0,0,158000,138000,20000,20000
06717P,可成元大98售09  ,0,0,0,0,0,0,0,0,0,20000,0,0,0,30000,10000,20000,20000
065842,技嘉元大9C購05  ,0,0,0,0,0,0,0,0,0,20000,0,0,0,171000,151000,20000,20000
064914,友達統一02購03  ,0,0,0,0,0,0,0,0,0,20000,0,0,0,20000,0,20000,20000
065320,技嘉凱基9C購02  ,0,0,0,0,0,0,0,0,0,20000,0,0,0,91000,71000,20000,20000
065141,國巨凱基9C購10  ,0,0,0,0,0,0,0,0,0,20000,0,0,0,81000,61000,20000,20000
065154,聯發科群益9C購10,20000,0,20000,0,0,0,0,0,0,0,0,0,0,20000,20000,0,20000
065218,世芯國泰02購02  ,0,0,0,0,0,0,0,0,0,20000,0,0,0,20000,0,20000,20000
065185,和大統一02購05  ,0,0,0,0,0,0,0,0,0,20000,0,0,0,35000,15000,20000,20000
052694,開發金中信98購01,0,0,0,0,0,0,0,0,0,20000,0,0,0,20000,0,20000,20000
052546,友達中信98購01  ,0,0,0,0,0,0,0,0,0,20000,0,0,0,20000,0,20000,20000
052809,訊芯元大97購01  ,0,0,0,0,0,0,0,0,0,20000,0,0,0,20000,0,20000,20000
053350,台表科國票97購02,0,0,0,0,0,0,0,0,0,20000,0,0,0,20000,0,20000,20000
051911,大立光元大98購02,0,0,0,0,0,0,0,0,0,20000,0,0,0,20000,0,20000,20000
053559,台積電國泰98購01,0,0,0,0,0,0,0,0,0,20000,0,0,0,20000,0,20000,20000
055777,冠德凱基97購01  ,0,0,0,0,0,0,0,0,0,20000,0,0,0,20000,0,20000,20000
055860,啟碁元大97購04  ,0,0,0,0,0,0,0,0,0,20000,0,0,0,20000,0,20000,20000
055631,創意永豐98購01  ,0,0,0,0,0,0,0,0,0,20000,0,0,0,20000,0,20000,20000
055570,華通統一98購03  ,0,0,0,0,0,0,0,0,0,20000,0,0,0,20000,0,20000,20000
050171,臺指反元大97購03,0,0,0,0,0,0,0,0,0,20000,0,0,0,20000,0,20000,20000
055485,國巨元大97購09  ,0,0,0,0,0,0,0,0,0,20000,0,0,0,20000,0,20000,20000
054463,瑞昱凱基97購01  ,0,0,0,0,0,0,0,0,0,20000,0,0,0,20000,0,20000,20000
054111,緯穎凱基97購01  ,0,0,0,0,0,0,0,0,0,20000,0,0,0,40000,20000,20000,20000
056963,建準永豐98購01  ,0,0,0,0,0,0,0,0,0,20000,0,0,0,76000,56000,20000,20000
057865,富邦金凱基98購01,0,0,0,0,0,0,0,0,0,20000,0,0,0,20000,0,20000,20000
057886,聯詠群益98購01  ,0,0,0,0,0,0,0,0,0,20000,0,0,0,20000,0,20000,20000
057897,華通富邦99購01  ,0,0,0,0,0,0,0,0,0,20000,0,0,0,20000,0,20000,20000
054924,景碩凱基98購01  ,0,0,0,0,0,0,0,0,0,20000,0,0,0,20000,0,20000,20000
056104,義隆永豐97購01  ,0,0,0,0,0,0,0,0,0,20000,0,0,0,20000,0,20000,20000
055239,帆宣台新97購01  ,0,0,0,0,0,0,0,0,0,20000,0,0,0,20000,0,20000,20000
055200,和大群益98購01  ,0,0,0,0,0,0,0,0,0,20000,0,0,0,20000,0,20000,20000
055008,隆達元富97購01  ,0,0,0,0,0,0,0,0,0,20000,0,0,0,20000,0,20000,20000
055032,億光富邦99購01  ,0,0,0,0,0,0,0,0,0,20000,0,0,0,40000,20000,20000,20000
055036,中工富邦9B購01  ,0,0,0,0,0,0,0,0,0,20000,0,0,0,20000,0,20000,20000
055029,帆宣國泰99購01  ,0,0,0,0,0,0,0,0,0,20000,0,0,0,40000,20000,20000,20000
056709,華通永豐98購01  ,0,0,0,0,0,0,0,0,0,20000,0,0,0,110000,90000,20000,20000
056557,世紀鋼凱基98購02,0,0,0,0,0,0,0,0,0,20000,0,0,0,20000,0,20000,20000
056650,彩晶凱基9A購01  ,0,0,0,0,0,0,0,0,0,20000,0,0,0,25000,5000,20000,20000
056668,光磊國票99購01  ,0,0,0,0,0,0,0,0,0,20000,0,0,0,25000,5000,20000,20000
057175,美律元大98購03  ,0,0,0,0,0,0,0,0,0,20000,0,0,0,197000,177000,20000,20000
056432,鴻海凱基98購08  ,0,0,0,0,0,0,0,0,0,20000,0,0,0,29000,9000,20000,20000
057192,力成元大98購01  ,0,0,0,0,0,0,0,0,0,20000,0,0,0,20000,0,20000,20000
056164,聯茂凱基98購03  ,0,0,0,0,0,0,0,0,0,20000,0,0,0,21000,1000,20000,20000
057725,台達電國泰9A購01,0,0,0,0,0,0,0,0,0,20000,0,0,0,20000,0,20000,20000
060825,聯詠元大9A購05  ,0,0,0,0,0,0,0,0,0,20000,0,0,0,20000,0,20000,20000
06074P,台積電凱基98售04,0,0,0,0,0,0,0,0,0,20000,0,0,0,20000,0,20000,20000
060836,上銀國票9A購03  ,0,0,0,0,0,0,0,0,0,20000,0,0,0,20000,0,20000,20000
060633,玉晶光富邦02購01,0,0,0,0,0,0,0,0,0,20000,0,0,0,20000,0,20000,20000
061146,台表科中信9A購02,0,0,0,0,0,0,0,0,0,20000,0,0,0,20000,0,20000,20000
061128,大立光永豐9A購02,0,0,0,0,0,0,0,0,0,20000,0,0,0,20000,0,20000,20000
060645,台表科永豐9A購02,0,0,0,0,0,0,0,0,0,20000,0,0,0,20000,0,20000,20000
061024,南電國泰9B購01  ,0,0,0,0,0,0,0,0,0,20000,0,0,0,446000,426000,20000,20000
057581,元大金中信9A購01,0,0,0,0,0,0,0,0,0,20000,0,0,0,20000,0,20000,20000
060963,禾伸堂凱基9A購01,0,0,0,0,0,0,0,0,0,20000,0,0,0,89000,69000,20000,20000
057322,旺宏群益98購04  ,0,0,0,0,0,0,0,0,0,20000,0,0,0,20000,0,20000,20000
057212,台積電群益98購03,0,0,0,0,0,0,0,0,0,20000,0,0,0,20000,0,20000,20000
060145,牧德國票9A購02  ,0,0,0,0,0,0,0,0,0,20000,0,0,0,39000,19000,20000,20000
060092,瑞昱元大99購03  ,0,0,0,0,0,0,0,0,0,20000,0,0,0,20000,0,20000,20000
060074,台積電元富99購04,0,0,0,0,0,0,0,0,0,20000,0,0,0,20000,0,20000,20000
060046,S&P反1凱基99購02,0,0,0,0,0,0,0,0,0,20000,0,0,0,20000,0,20000,20000
060339,國巨統一01購01  ,0,0,0,0,0,0,0,0,0,20000,0,0,0,20000,0,20000,20000
059890,大立光國票99購03,0,0,0,0,0,0,0,0,0,20000,0,0,0,20000,0,20000,20000
061336,國巨元大9A購20  ,0,0,0,0,0,0,0,0,0,20000,0,0,0,31000,11000,20000,20000
059461,鈺齊永豐99購03  ,0,0,0,0,0,0,0,0,0,20000,0,0,0,20000,0,20000,20000
059363,超眾永豐99購02  ,0,0,0,0,0,0,0,0,0,20000,0,0,0,20000,0,20000,20000
058999,台積電元大99購24,0,0,0,0,0,0,0,0,0,20000,0,0,0,20000,0,20000,20000
058212,華新科群益9A購01,0,0,0,0,0,0,0,0,0,20000,0,0,0,20000,0,20000,20000
058257,聯陽國泰9B購01  ,0,0,0,0,0,0,0,0,0,20000,0,0,0,30000,10000,20000,20000
058238,奇鋐元大99購02  ,0,0,0,0,0,0,0,0,0,20000,0,0,0,20000,0,20000,20000
061781,台積電群益9C購01,0,0,0,0,0,0,0,0,0,20000,0,0,0,33000,13000,20000,20000
058170,國巨凱基9A購06  ,0,0,0,0,0,0,0,0,0,20000,0,0,0,20000,0,20000,20000
061974,光寶科元大9B購01,0,0,0,0,0,0,0,0,0,20000,0,0,0,113000,93000,20000,20000
061957,上銀統一01購01  ,0,0,0,0,0,0,0,0,0,20000,0,0,0,20000,0,20000,20000
062050,亞德客統一9C購01,0,0,0,0,0,0,0,0,0,20000,0,0,0,20000,0,20000,20000
060509,宏達電元大9A購02,0,0,0,0,0,0,0,0,0,20000,0,0,0,160000,140000,20000,20000
058811,台積電統一9A購05,0,0,0,0,0,0,0,0,0,20000,0,0,0,20000,0,20000,20000
061325,晶技凱基9A購03  ,0,0,0,0,0,0,0,0,0,20000,0,0,0,20000,0,20000,20000
059568,台積電凱基9A購13,0,0,0,0,0,0,0,0,0,20000,0,0,0,20000,0,20000,20000
061164,燿華兆豐9B購01  ,0,0,0,0,0,0,0,0,0,20000,0,0,0,20000,0,20000,20000
058577,南亞科群益99購02,0,0,0,0,0,0,0,0,0,20000,0,0,0,20000,0,20000,20000
058347,玉晶光群益9B購01,0,0,0,0,0,0,0,0,0,20000,0,0,0,39000,19000,20000,20000
058848,台積電群益99購07,0,0,0,0,0,0,0,0,0,20000,0,0,0,20000,0,20000,20000
058329,S&P正2元富01購01,0,0,0,0,0,0,0,0,0,20000,0,0,0,20000,0,20000,20000
058684,健策凱基99購02  ,0,0,0,0,0,0,0,0,0,20000,0,0,0,35000,15000,20000,20000
058426,旺宏元富99購02  ,0,0,0,0,0,0,0,0,0,20000,0,0,0,20000,0,20000,20000
058483,道瓊指國票9A購01,0,0,0,0,0,0,0,0,0,20000,0,0,0,20000,0,20000,20000
062748,祥碩永豐9B購02  ,0,0,0,0,0,0,0,0,0,20000,0,0,0,42000,22000,20000,20000
062810,華通兆豐9B購02  ,0,0,0,0,0,0,0,0,0,20000,0,0,0,20000,0,20000,20000
062567,祥碩中信9C購01  ,0,0,0,0,0,0,0,0,0,20000,0,0,0,20000,0,20000,20000
062468,台積電凱基9B購06,0,0,0,0,0,0,0,0,0,20000,0,0,0,40000,20000,20000,20000
062384,聯詠國泰9C購01  ,0,0,0,0,0,0,0,0,0,20000,0,0,0,20000,0,20000,20000
062235,億光凱基9B購01  ,0,0,0,0,0,0,0,0,0,20000,0,0,0,20000,0,20000,20000
062927,同欣電國票9B購02,0,0,0,0,0,0,0,0,0,20000,0,0,0,20000,0,20000,20000
063021,大立光元大9C購05,0,0,0,0,0,0,0,0,0,20000,0,0,0,20000,0,20000,20000
064499,可成元大9C購07  ,0,0,0,0,0,0,0,0,0,20000,0,0,0,32000,12000,20000,20000
064596,台表科統一01購03,0,0,0,0,0,0,0,0,0,20000,0,0,0,20000,0,20000,20000
063609,南電凱基9B購05  ,0,0,0,0,0,0,0,0,0,20000,0,0,0,20000,0,20000,20000
063797,台積電凱基02購02,0,0,0,0,0,0,0,0,0,20000,0,0,0,20000,0,20000,20000
4190,佐登-KY         ,23000,4000,19000,0,0,0,0,0,0,1000,0,0,0,1000,0,1000,20000
2399,映泰            ,73000,53000,20000,0,0,0,0,0,0,0,0,0,0,0,0,0,20000
910861,神州-DR         ,20000,0,20000,0,0,0,0,0,0,0,0,0,0,0,0,0,20000
065128,大成鋼兆豐9C購01,0,0,0,0,0,0,0,0,0,19000,0,0,0,19000,0,19000,19000
065131,晶技兆豐01購01  ,0,0,0,0,0,0,0,0,0,19000,0,0,0,75000,56000,19000,19000
065314,矽創國票01購02  ,0,0,0,0,0,0,0,0,0,19000,0,0,0,22000,3000,19000,19000
06720P,智邦亞東99售01  ,0,0,0,0,0,0,0,0,0,19000,0,0,0,20000,1000,19000,19000
07163P,臺股指群益99售14,0,0,0,0,0,0,0,0,0,19000,0,0,0,219000,200000,19000,19000
07035P,大立光元富99售04,0,0,0,0,0,0,0,0,0,19000,0,0,0,75000,56000,19000,19000
08233P,國泰金元富9B售01,0,0,0,0,0,0,0,0,0,19000,0,0,0,51000,32000,19000,19000
1537,廣隆            ,56000,37000,19000,0,0,0,0,0,0,0,0,0,0,0,0,0,19000
1337,再生-KY         ,56000,37000,19000,0,0,0,0,0,0,0,0,0,0,0,0,0,19000
056387,智伸科國泰99購01,0,0,0,0,0,0,0,0,0,19000,0,0,0,42000,23000,19000,19000
057257,台泥兆豐99購01  ,0,0,0,0,0,0,0,0,0,19000,0,0,0,301000,282000,19000,19000
057580,玉山金中信9A購01,0,0,0,0,0,0,0,0,0,19000,0,0,0,31000,12000,19000,19000
057575,世紀鋼永豐98購02,0,0,0,0,0,0,0,0,0,19000,0,0,0,30000,11000,19000,19000
060683,泰鼎元大9A購02  ,0,0,0,0,0,0,0,0,0,19000,0,0,0,49000,30000,19000,19000
060799,茂林永豐9A購01  ,0,0,0,0,0,0,0,0,0,19000,0,0,0,20000,1000,19000,19000
058071,大立光凱基98購19,0,0,0,0,0,0,0,0,0,19000,0,0,0,20000,1000,19000,19000
054590,嘉聯益國泰98購01,0,0,0,0,0,0,0,0,0,19000,0,0,0,19000,0,19000,19000
055579,健策統一9A購01  ,0,0,0,0,0,0,0,0,0,19000,0,0,0,29000,10000,19000,19000
053314,A50正2群益9A購01,0,0,0,0,0,0,0,0,0,19000,0,0,0,19000,0,19000,19000
00714,群益道瓊美國地產,0,0,0,0,0,0,0,0,0,19000,0,0,0,21000,2000,19000,19000
00763U,街口道瓊銅      ,0,0,0,0,0,0,0,0,0,19000,0,0,0,34000,15000,19000,19000
058531,華通元富99購01  ,0,0,0,0,0,0,0,0,0,19000,0,0,0,19000,0,19000,19000
058526,鈺齊元大99購02  ,0,0,0,0,0,0,0,0,0,19000,0,0,0,106000,87000,19000,19000
059103,旭富元富99購03  ,0,0,0,0,0,0,0,0,0,19000,0,0,0,115000,96000,19000,19000
059107,南茂國泰9A購01  ,0,0,0,0,0,0,0,0,0,19000,0,0,0,54000,35000,19000,19000
059247,可成凱基99購05  ,0,0,0,0,0,0,0,0,0,19000,0,0,0,34000,15000,19000,19000
05887P,友達元富99售03  ,0,0,0,0,0,0,0,0,0,19000,0,0,0,34000,15000,19000,19000
060338,鴻海統一9C購02  ,0,0,0,0,0,0,0,0,0,19000,0,0,0,26000,7000,19000,19000
060031,旭富永豐99購02  ,0,0,0,0,0,0,0,0,0,19000,0,0,0,30000,11000,19000,19000
063852,瀚宇博元大9C購01,0,0,0,0,0,0,0,0,0,19000,0,0,0,854000,835000,19000,19000
063635,漢唐元大9B購04  ,0,0,0,0,0,0,0,0,0,19000,0,0,0,137000,118000,19000,19000
063579,GIS元大9C購01   ,0,0,0,0,0,0,0,0,0,19000,0,0,0,34000,15000,19000,19000
064755,南亞科凱基01購02,0,0,0,0,0,0,0,0,0,19000,0,0,0,29000,10000,19000,19000
064480,聚陽永豐9C購01  ,0,0,0,0,0,0,0,0,0,19000,0,0,0,19000,0,19000,19000
064233,燿華統一9C購02  ,0,0,0,0,0,0,0,0,0,19000,0,0,0,35000,16000,19000,19000
064259,矽格富邦9C購01  ,0,0,0,0,0,0,0,0,0,19000,0,0,0,37000,18000,19000,19000
063480,南六元大9C購01  ,0,0,0,0,0,0,0,0,0,19000,0,0,0,20000,1000,19000,19000
062156,美律凱基9B購01  ,0,0,0,0,0,0,0,0,0,19000,0,0,0,199000,180000,19000,19000
062471,國泰金凱基9B購02,0,0,0,0,0,0,0,0,0,19000,0,0,0,19000,0,19000,19000
062667,立積群益9B購01  ,0,0,0,0,0,0,0,0,0,19000,0,0,0,69000,50000,19000,19000
062879,美食兆豐9B購01  ,0,0,0,0,0,0,0,0,0,19000,0,0,0,27000,8000,19000,19000
2468,華經            ,33000,14000,19000,0,0,0,0,0,0,0,0,0,0,0,0,0,19000
3321,同泰            ,19000,0,19000,0,0,0,0,0,0,0,0,0,0,0,0,0,19000
07069P,欣興元富99售02  ,0,0,0,0,0,0,0,0,0,18000,0,0,0,33000,15000,18000,18000
065545,華通兆豐9C購03  ,0,0,0,0,0,0,0,0,0,18000,0,0,0,85000,67000,18000,18000
065334,立積國票01購02  ,0,0,0,0,0,0,0,0,0,18000,0,0,0,22000,4000,18000,18000
06487P,聯發科統一99售02,0,0,0,0,0,0,0,0,0,18000,0,0,0,18000,0,18000,18000
065035,世芯統一01購03  ,0,0,0,0,0,0,0,0,0,18000,0,0,0,28000,10000,18000,18000
064970,東元元大9C購01  ,0,0,0,0,0,0,0,0,0,18000,0,0,0,79000,61000,18000,18000
03679C,臺股指元大04牛04,0,0,0,0,0,0,0,0,0,18000,0,0,0,19000,1000,18000,18000
054628,可成凱基98購01  ,0,0,0,0,0,0,0,0,0,18000,0,0,0,18000,0,18000,18000
057862,智邦凱基99購01  ,0,0,0,0,0,0,0,0,0,18000,0,0,0,37000,19000,18000,18000
057931,正崴群益98購02  ,0,0,0,0,0,0,0,0,0,18000,0,0,0,90000,72000,18000,18000
057787,TPK國票99購01   ,0,0,0,0,0,0,0,0,0,18000,0,0,0,83000,65000,18000,18000
060844,大立光國票9A購07,0,0,0,0,0,0,0,0,0,18000,0,0,0,18000,0,18000,18000
057561,大立光兆豐98購02,0,0,0,0,0,0,0,0,0,18000,0,0,0,20000,2000,18000,18000
061343,大立光元大9A購04,0,0,0,0,0,0,0,0,0,18000,0,0,0,18000,0,18000,18000
061816,長榮航群益9B購02,0,0,0,0,0,0,0,0,0,18000,0,0,0,18000,0,18000,18000
058661,臺股指中信9C購01,0,0,0,0,0,0,0,0,0,18000,0,0,0,18000,0,18000,18000
058705,長榮航元大99購01,0,0,0,0,0,0,0,0,0,18000,0,0,0,18000,0,18000,18000
06285P,台積電國票98售04,0,0,0,0,0,0,0,0,0,18000,0,0,0,28000,10000,18000,18000
062767,GIS凱基9B購02   ,0,0,0,0,0,0,0,0,0,18000,0,0,0,28000,10000,18000,18000
062652,上証2X永豐9B購01,0,0,0,0,0,0,0,0,0,18000,0,0,0,20000,2000,18000,18000
064683,台表科兆豐9C購02,0,0,0,0,0,0,0,0,0,18000,0,0,0,83000,65000,18000,18000
064588,玉晶光永豐9C購05,0,0,0,0,0,0,0,0,0,18000,0,0,0,58000,40000,18000,18000
064604,聯茂元富9C購01  ,0,0,0,0,0,0,0,0,0,18000,0,0,0,28000,10000,18000,18000
064009,超眾凱基01購01  ,0,0,0,0,0,0,0,0,0,18000,0,0,0,135000,117000,18000,18000
4526,東台            ,47000,29000,18000,0,0,0,0,0,0,0,0,0,0,0,0,0,18000
4989,榮科            ,29000,11000,18000,0,0,0,0,0,0,0,0,0,0,0,0,0,18000
2204,中華            ,99000,70000,29000,0,0,0,0,5000,-5000,-6000,0,6000,-6000,0,0,0,18000
2243,宏旭-KY         ,27000,9000,18000,0,0,0,0,0,0,0,0,0,0,0,0,0,18000
8103,瀚荃            ,23000,4000,19000,0,0,0,0,0,0,-1000,0,1000,-1000,0,0,0,18000
064997,T50反1國票01購04,0,0,0,0,0,0,0,0,0,17000,0,0,0,26000,9000,17000,17000
065124,燿華永豐9C購03  ,0,0,0,0,0,0,0,0,0,17000,0,0,0,32000,15000,17000,17000
065688,緯創元富9C購02  ,0,0,0,0,0,0,0,0,0,17000,0,0,0,196000,179000,17000,17000
065674,華擎凱基9C購03  ,0,0,0,0,0,0,0,0,0,17000,0,0,0,81000,64000,17000,17000
07202P,台灣50凱基9C售04,0,0,0,0,0,0,0,0,0,17000,0,0,0,100000,83000,17000,17000
07215P,大立光凱基99售07,0,0,0,0,0,0,0,0,0,17000,0,0,0,17000,0,17000,17000
07674P,金融類元大9A售01,0,0,0,0,0,0,0,0,0,17000,0,0,0,17000,0,17000,17000
08187P,大毅群益9B售04  ,0,0,0,0,0,0,0,0,0,17000,0,0,0,122000,105000,17000,17000
08264P,南電元大9C售02  ,0,0,0,0,0,0,0,0,0,17000,0,0,0,60000,43000,17000,17000
057249,華邦電統一9A購01,0,0,0,0,0,0,0,0,0,17000,0,0,0,86000,69000,17000,17000
060699,華新科國泰9B購03,0,0,0,0,0,0,0,0,0,17000,0,0,0,314000,297000,17000,17000
057445,華通元富02購01  ,0,0,0,0,0,0,0,0,0,17000,0,0,0,54000,37000,17000,17000
054935,華通元大98購03  ,0,0,0,0,0,0,0,0,0,17000,0,0,0,17000,0,17000,17000
0054,元大台商50      ,0,0,0,0,0,0,0,0,0,17000,0,0,0,25000,8000,17000,17000
059691,大立光永豐99購02,0,0,0,0,0,0,0,0,0,17000,0,0,0,30000,13000,17000,17000
061198,世紀鋼永豐9A購03,0,0,0,0,0,0,0,0,0,17000,0,0,0,27000,10000,17000,17000
059719,台積電元大99購42,0,0,0,0,0,0,0,0,0,17000,0,0,0,20000,3000,17000,17000
062007,台光電國泰9C購01,0,0,0,0,0,0,0,0,0,17000,0,0,0,17000,0,17000,17000
061962,台積電統一01購03,0,0,0,0,0,0,0,0,0,17000,0,0,0,17000,0,17000,17000
059868,台光電凱基99購03,0,0,0,0,0,0,0,0,0,17000,0,0,0,17000,0,17000,17000
058993,滬深反元大9C購01,0,0,0,0,0,0,0,0,0,17000,0,0,0,20000,3000,17000,17000
060235,瑞昱元大9A購01  ,0,0,0,0,0,0,0,0,0,17000,0,0,0,19000,2000,17000,17000
063800,玉晶光凱基9C購02,0,0,0,0,0,0,0,0,0,17000,0,0,0,18000,1000,17000,17000
064586,緯創永豐9C購01  ,0,0,0,0,0,0,0,0,0,17000,0,0,0,106000,89000,17000,17000
062645,國巨國泰9B購08  ,0,0,0,0,0,0,0,0,0,17000,0,0,0,29000,12000,17000,17000
062701,漢唐元大9B購01  ,0,0,0,0,0,0,0,0,0,17000,0,0,0,153000,136000,17000,17000
062870,亞德客兆豐9C購01,0,0,0,0,0,0,0,0,0,17000,0,0,0,17000,0,17000,17000
062411,玉晶光第一9B購01,0,0,0,0,0,0,0,0,0,17000,0,0,0,50000,33000,17000,17000
062183,奇鋐元大9B購01  ,0,0,0,0,0,0,0,0,0,17000,0,0,0,261000,244000,17000,17000
2597,潤弘            ,5000,3000,2000,0,0,0,0,0,0,15000,15000,0,15000,0,0,0,17000
08214P,南六統一9B售03  ,0,0,0,0,0,0,0,0,0,16000,0,0,0,446000,430000,16000,16000
08451P,南六統一9C售06  ,0,0,0,0,0,0,0,0,0,16000,0,0,0,88000,72000,16000,16000
07637P,國巨國票9A售08  ,0,0,0,0,0,0,0,0,0,16000,0,0,0,16000,0,16000,16000
065588,聯發科永豐9C購02,0,0,0,0,0,0,0,0,0,16000,0,0,0,32000,16000,16000,16000
065460,嘉聯益台新9C購01,0,0,0,0,0,0,0,0,0,16000,0,0,0,36000,20000,16000,16000
065157,世芯群益9C購02  ,0,0,0,0,0,0,0,0,0,16000,0,0,0,20000,4000,16000,16000
065246,旭富兆豐01購01  ,0,0,0,0,0,0,0,0,0,16000,0,0,0,358000,342000,16000,16000
064853,亞德客麥證9C購01,0,0,0,16000,0,16000,0,0,0,16000,0,0,0,16000,0,16000,16000
01009T,王道圓滿R1      ,0,0,0,0,0,0,0,0,0,16000,16000,0,16000,0,0,0,16000
055138,大毅永豐97購02  ,0,0,0,0,0,0,0,0,0,16000,0,0,0,16000,0,16000,16000
057803,上銀元大98購08  ,0,0,0,0,0,0,0,0,0,16000,0,0,0,17000,1000,16000,16000
060745,京元電國票9A購01,0,0,0,0,0,0,0,0,0,16000,0,0,0,16000,0,16000,16000
060631,微星富邦9B購01  ,0,0,0,0,0,0,0,0,0,16000,0,0,0,319000,303000,16000,16000
056222,台積電凱基9A購01,0,0,0,0,0,0,0,0,0,16000,0,0,0,16000,0,16000,16000
060328,可成群益9A購06  ,0,0,0,0,0,0,0,0,0,16000,0,0,0,34000,18000,16000,16000
059349,台郡凱基99購04  ,0,0,0,0,0,0,0,0,0,16000,0,0,0,16000,0,16000,16000
061801,祥碩永豐9B購01  ,0,0,0,0,0,0,0,0,0,16000,0,0,0,16000,0,16000,16000
058189,嘉澤永豐99購01  ,0,0,0,0,0,0,0,0,0,16000,0,0,0,50000,34000,16000,16000
05889P,群創元大98售02  ,0,0,0,0,0,0,0,0,0,16000,0,0,0,16000,0,16000,16000
059197,可成永豐99購02  ,0,0,0,0,0,0,0,0,0,16000,0,0,0,33000,17000,16000,16000
058289,奇鋐國票9A購01  ,0,0,0,0,0,0,0,0,0,16000,0,0,0,16000,0,16000,16000
060525,台積電中信01購04,0,0,0,0,0,0,0,0,0,16000,0,0,0,16000,0,16000,16000
058829,華新科永豐99購04,0,0,0,0,0,0,0,0,0,16000,0,0,0,16000,0,16000,16000
061054,台積電群益9A購04,0,0,0,0,0,0,0,0,0,16000,0,0,0,69000,53000,16000,16000
058718,台灣50元富03購01,0,0,0,0,0,0,0,0,0,16000,0,0,0,16000,0,16000,16000
062513,玉晶光國票9C購01,0,0,0,0,0,0,0,0,0,16000,0,0,0,33000,17000,16000,16000
06448P,華通元大99售01  ,0,0,0,0,0,0,0,0,0,16000,0,0,0,41000,25000,16000,16000
063580,立積國泰9C購01  ,0,0,0,0,0,0,0,0,0,16000,0,0,0,16000,0,16000,16000
063709,上銀凱基9B購07  ,0,0,0,0,0,0,0,0,0,16000,0,0,0,65000,49000,16000,16000
2497,怡利電          ,22000,6000,16000,0,0,0,0,0,0,0,0,0,0,0,0,0,16000
065138,上銀凱基02購01  ,0,0,0,0,0,0,0,0,0,15000,0,0,0,15000,0,15000,15000
065464,健鼎中信9C購01  ,0,0,0,0,0,0,0,0,0,15000,0,0,0,243000,228000,15000,15000
065571,神基群益01購01  ,0,0,0,0,0,0,0,0,0,15000,0,0,0,70000,55000,15000,15000
06812P,台灣50元富9C售01,0,0,0,0,0,0,0,0,0,15000,0,0,0,20000,5000,15000,15000
065739,正崴麥證9C購01  ,0,0,0,77000,62000,15000,0,0,0,15000,0,0,0,77000,62000,15000,15000
07863P,華新科凱基9B售07,0,0,0,0,0,0,0,0,0,15000,0,0,0,30000,15000,15000,15000
08014P,微星凱基9B售02  ,0,0,0,0,0,0,0,0,0,15000,0,0,0,15000,0,15000,15000
08083P,健策元大9C售05  ,0,0,0,0,0,0,0,0,0,15000,0,0,0,15000,0,15000,15000
07318P,鴻海凱基01售02  ,0,0,0,0,0,0,0,0,0,15000,0,0,0,30000,15000,15000,15000
07084P,S&P正2元富9B售02,0,0,0,0,0,0,0,0,0,15000,0,0,0,15000,0,15000,15000
06993P,鴻海凱基99售05  ,0,0,0,0,0,0,0,0,0,15000,0,0,0,15000,0,15000,15000
06862P,大立光凱基98售16,0,0,0,0,0,0,0,0,0,15000,0,0,0,16000,1000,15000,15000
08376P,南亞科元富9C售03,0,0,0,0,0,0,0,0,0,15000,0,0,0,15000,0,15000,15000
08583P,鴻海群益01售05  ,0,0,0,0,0,0,0,0,0,15000,0,0,0,20000,5000,15000,15000
1808,潤隆            ,38000,23000,15000,0,0,0,0,0,0,0,0,0,0,0,0,0,15000
060785,國巨富邦9B購04  ,0,0,0,0,0,0,0,0,0,15000,0,0,0,57000,42000,15000,15000
057737,國巨富邦99購02  ,0,0,0,0,0,0,0,0,0,15000,0,0,0,15000,0,15000,15000
057706,臺股指群益98購06,0,0,0,0,0,0,0,0,0,15000,0,0,0,15000,0,15000,15000
057196,茂林台新98購01  ,0,0,0,0,0,0,0,0,0,15000,0,0,0,21000,6000,15000,15000
056569,T50正2元大9B購02,0,0,0,0,0,0,0,0,0,15000,0,0,0,35000,20000,15000,15000
054972,聯茂元大97購02  ,0,0,0,0,0,0,0,0,0,15000,0,0,0,15000,0,15000,15000
056995,華新科日盛99購01,0,0,0,0,0,0,0,0,0,15000,0,0,0,20000,5000,15000,15000
057836,南亞科國泰9A購01,0,0,0,0,0,0,0,0,0,15000,0,0,0,15000,0,15000,15000
053153,大立光元大99購02,0,0,0,0,0,0,0,0,0,15000,0,0,0,15000,0,15000,15000
053063,力山群益98購01  ,0,0,0,0,0,0,0,0,0,15000,0,0,0,93000,78000,15000,15000
046999,康控富邦99購01  ,0,0,0,0,0,0,0,0,0,15000,0,0,0,15000,0,15000,15000
050561,上証2X元富97購01,0,0,0,0,0,0,0,0,0,15000,0,0,0,15000,0,15000,15000
03033X,元展30          ,0,0,0,0,0,0,0,0,0,15000,0,0,0,18000,3000,15000,15000
055871,群創台新97購02  ,0,0,0,0,0,0,0,0,0,15000,0,0,0,15000,0,15000,15000
058697,亞德客元大99購01,0,0,0,0,0,0,0,0,0,15000,0,0,0,15000,0,15000,15000
060874,中鋼中信02購01  ,0,0,0,0,0,0,0,0,0,15000,0,0,0,15000,0,15000,15000
061035,亞光永豐9A購01  ,0,0,0,0,0,0,0,0,0,15000,0,0,0,15000,0,15000,15000
060423,智易永豐9A購01  ,0,0,0,0,0,0,0,0,0,15000,0,0,0,279000,264000,15000,15000
061078,台積電兆豐9A購01,0,0,0,0,0,0,0,0,0,15000,0,0,0,15000,0,15000,15000
061576,華新科元大9A購21,0,0,0,0,0,0,0,0,0,15000,0,0,0,21000,6000,15000,15000
058581,大立光群益99購05,0,0,0,0,0,0,0,0,0,15000,0,0,0,15000,0,15000,15000
058433,台積電統一9B購04,0,0,0,0,0,0,0,0,0,15000,0,0,0,15000,0,15000,15000
059819,台積電凱基99購17,0,0,0,0,0,0,0,0,0,15000,0,0,0,25000,10000,15000,15000
058184,鴻海永豐99購01  ,0,0,0,0,0,0,0,0,0,15000,0,0,0,50000,35000,15000,15000
058185,國巨永豐99購01  ,0,0,0,0,0,0,0,0,0,15000,0,0,0,15000,0,15000,15000
061824,聯電麥證9B購01  ,0,0,0,253000,240000,13000,0,0,0,15000,0,0,0,255000,240000,15000,15000
061833,華新科凱基02購01,0,0,0,0,0,0,0,0,0,15000,0,0,0,65000,50000,15000,15000
061850,國巨國票9C購02  ,0,0,0,0,0,0,0,0,0,15000,0,0,0,15000,0,15000,15000
061704,景碩國票9A購01  ,0,0,0,0,0,0,0,0,0,15000,0,0,0,15000,0,15000,15000
062063,世紀鋼統一9C購01,0,0,0,0,0,0,0,0,0,15000,0,0,0,90000,75000,15000,15000
062142,喬山國票9B購01  ,0,0,0,0,0,0,0,0,0,15000,0,0,0,15000,0,15000,15000
059339,上銀凱基99購06  ,0,0,0,0,0,0,0,0,0,15000,0,0,0,16000,1000,15000,15000
059842,台積電富邦9C購05,0,0,0,0,0,0,0,0,0,15000,0,0,0,20000,5000,15000,15000
059058,可成凱基9B購01  ,0,0,0,0,0,0,0,0,0,15000,0,0,0,26000,11000,15000,15000
059913,台積電元大99購44,0,0,0,0,0,0,0,0,0,15000,0,0,0,30000,15000,15000,15000
061378,南六永豐9A購03  ,0,0,0,0,0,0,0,0,0,15000,0,0,0,28000,13000,15000,15000
061384,T50反1群益9A購04,0,0,0,0,0,0,0,0,0,15000,0,0,0,15000,0,15000,15000
060231,台積電元大9A購08,0,0,0,0,0,0,0,0,0,15000,0,0,0,15000,0,15000,15000
06371P,茂林國票98售04  ,0,0,0,0,0,0,0,0,0,15000,0,0,0,20000,5000,15000,15000
06388P,鴻海兆豐97售04  ,0,0,0,0,0,0,0,0,0,15000,0,0,0,15000,0,15000,15000
064132,神達元大9C購02  ,0,0,0,0,0,0,0,0,0,15000,0,0,0,102000,87000,15000,15000
064406,健策凱基03購01  ,0,0,0,0,0,0,0,0,0,15000,0,0,0,104000,89000,15000,15000
064417,創意中信9C購01  ,0,0,0,0,0,0,0,0,0,15000,0,0,0,192000,177000,15000,15000
064599,台積電元富9C購03,0,0,0,0,0,0,0,0,0,15000,0,0,0,15000,0,15000,15000
062482,台表科國票9B購01,0,0,0,0,0,0,0,0,0,15000,0,0,0,18000,3000,15000,15000
062446,聯詠元大9B購02  ,0,0,0,0,0,0,0,0,0,15000,0,0,0,99000,84000,15000,15000
062695,華通元大9C購01  ,0,0,0,0,0,0,0,0,0,15000,0,0,0,15000,0,15000,15000
062556,瑞昱凱基9B購02  ,0,0,0,0,0,0,0,0,0,15000,0,0,0,15000,0,15000,15000
062901,台積電元大9B購05,0,0,0,0,0,0,0,0,0,15000,0,0,0,15000,0,15000,15000
2897,王道銀行        ,133000,93000,40000,0,0,0,0,2000,-2000,-23000,0,23000,-23000,0,0,0,15000
6409,旭隼            ,122000,106000,16000,0,0,0,0,1000,-1000,0,0,0,0,0,0,0,15000
3164,景岳            ,25000,10000,15000,0,0,0,0,0,0,0,0,0,0,0,0,0,15000
2425,承啟            ,157000,142000,15000,0,0,0,0,0,0,-468,0,468,-468,0,0,0,14532
1321,大洋            ,27000,11000,16000,0,0,0,0,0,0,-2000,0,2000,-2000,0,0,0,14000
08595P,南電群益9C售03  ,0,0,0,0,0,0,0,0,0,14000,0,0,0,24000,10000,14000,14000
07033P,大立光統一9B售03,0,0,0,0,0,0,0,0,0,14000,0,0,0,19000,5000,14000,14000
07148P,富邦金元大99售01,0,0,0,0,0,0,0,0,0,14000,0,0,0,121000,107000,14000,14000
065721,中壽兆豐9C購01  ,0,0,0,0,0,0,0,0,0,14000,0,0,0,24000,10000,14000,14000
06637P,大立光凱基98售15,0,0,0,0,0,0,0,0,0,14000,0,0,0,14000,0,14000,14000
065191,南電統一01購03  ,0,0,0,0,0,0,0,0,0,14000,0,0,0,85000,71000,14000,14000
065040,燿華凱基9C購01  ,0,0,0,0,0,0,0,0,0,14000,0,0,0,14000,0,14000,14000
055621,國巨國泰98購03  ,0,0,0,0,0,0,0,0,0,14000,0,0,0,60000,46000,14000,14000
055501,創意元大97購01  ,0,0,0,0,0,0,0,0,0,14000,0,0,0,14000,0,14000,14000
055455,健策國泰98購02  ,0,0,0,0,0,0,0,0,0,14000,0,0,0,14000,0,14000,14000
046793,聯發科元富99購01,0,0,0,0,0,0,0,0,0,14000,0,0,0,14000,0,14000,14000
056835,聯電元富99購01  ,0,0,0,0,0,0,0,0,0,14000,0,0,0,256000,242000,14000,14000
057902,嘉晶永豐98購02  ,0,0,0,0,0,0,0,0,0,14000,0,0,0,64000,50000,14000,14000
054770,健策國票98購01  ,0,0,0,0,0,0,0,0,0,14000,0,0,0,15000,1000,14000,14000
056718,GIS永豐98購01   ,0,0,0,0,0,0,0,0,0,14000,0,0,0,86000,72000,14000,14000
056461,樺漢凱基98購02  ,0,0,0,0,0,0,0,0,0,14000,0,0,0,14000,0,14000,14000
056515,燿華兆豐99購01  ,0,0,0,0,0,0,0,0,0,14000,0,0,0,14000,0,14000,14000
056544,貿聯凱基98購03  ,0,0,0,0,0,0,0,0,0,14000,0,0,0,14000,0,14000,14000
057405,麗豐群益98購01  ,0,0,0,0,0,0,0,0,0,14000,0,0,0,136000,122000,14000,14000
061003,南亞科兆豐9A購01,0,0,0,0,0,0,0,0,0,14000,0,0,0,14000,0,14000,14000
061520,健策中信9A購01  ,0,0,0,0,0,0,0,0,0,14000,0,0,0,14000,0,14000,14000
060120,聯電富邦9B購01  ,0,0,0,0,0,0,0,0,0,14000,0,0,0,14000,0,14000,14000
061390,大立光群益9A購04,0,0,0,0,0,0,0,0,0,14000,0,0,0,34000,20000,14000,14000
061394,FBVIX統一9B購01 ,0,0,0,0,0,0,0,0,0,14000,0,0,0,19000,5000,14000,14000
058956,健策國票9A購02  ,0,0,0,0,0,0,0,0,0,14000,0,0,0,14000,0,14000,14000
059720,台積電元大99購43,0,0,0,0,0,0,0,0,0,14000,0,0,0,14000,0,14000,14000
059760,楠梓電永豐99購01,0,0,0,0,0,0,0,0,0,14000,0,0,0,27000,13000,14000,14000
061181,牧德凱基9A購01  ,0,0,0,0,0,0,0,0,0,14000,0,0,0,14000,0,14000,14000
061080,華邦電兆豐9B購01,0,0,0,0,0,0,0,0,0,14000,0,0,0,509000,495000,14000,14000
059693,智原永豐99購01  ,0,0,0,0,0,0,0,0,0,14000,0,0,0,96000,82000,14000,14000
060605,大立光凱基9C購01,0,0,0,0,0,0,0,0,0,14000,0,0,0,19000,5000,14000,14000
063410,南六國票9C購01  ,0,0,0,0,0,0,0,0,0,14000,0,0,0,14000,0,14000,14000
062566,嘉晶中信9C購01  ,0,0,0,0,0,0,0,0,0,14000,0,0,0,25000,11000,14000,14000
062816,華新科兆豐9B購01,0,0,0,0,0,0,0,0,0,14000,0,0,0,14000,0,14000,14000
062770,臺股指凱基9B購14,0,0,0,0,0,0,0,0,0,14000,0,0,0,14000,0,14000,14000
062444,大立光元大9C購01,0,0,0,0,0,0,0,0,0,14000,0,0,0,35000,21000,14000,14000
064130,創意元大9C購02  ,0,0,0,0,0,0,0,0,0,14000,0,0,0,265000,251000,14000,14000
064168,南電統一01購01  ,0,0,0,0,0,0,0,0,0,14000,0,0,0,14000,0,14000,14000
064105,南茂群益9C購01  ,0,0,0,0,0,0,0,0,0,14000,0,0,0,17000,3000,14000,14000
063806,瀚宇博兆豐01購01,0,0,0,0,0,0,0,0,0,14000,0,0,0,536000,522000,14000,14000
2705,六福            ,18000,4000,14000,0,0,0,0,0,0,0,0,0,0,0,0,0,14000
9905,大華            ,14000,0,14000,0,0,0,0,0,0,0,0,0,0,0,0,0,14000
065113,南電國票01購02  ,0,0,0,0,0,0,0,0,0,13000,0,0,0,46000,33000,13000,13000
06751P,旺宏凱基98售10  ,0,0,0,0,0,0,0,0,0,13000,0,0,0,15000,2000,13000,13000
065808,力成群益9C購02  ,0,0,0,0,0,0,0,0,0,13000,0,0,0,50000,37000,13000,13000
07509P,牧德國票9A售03  ,0,0,0,0,0,0,0,0,0,13000,0,0,0,28000,15000,13000,13000
07995P,臺股指麥證9C售01,0,0,0,13000,0,13000,0,0,0,13000,0,0,0,13000,0,13000,13000
07883P,可成凱基9B售03  ,0,0,0,0,0,0,0,0,0,13000,0,0,0,18000,5000,13000,13000
07652P,臺股指中信9A售07,0,0,0,0,0,0,0,0,0,13000,0,0,0,23000,10000,13000,13000
08424P,群創元富9C售03  ,0,0,0,0,0,0,0,0,0,13000,0,0,0,13000,0,13000,13000
057690,美律凱基99購03  ,0,0,0,0,0,0,0,0,0,13000,0,0,0,111000,98000,13000,13000
056153,華新科凱基97購02,0,0,0,0,0,0,0,0,0,13000,0,0,0,13000,0,13000,13000
057060,緯穎元大98購05  ,0,0,0,0,0,0,0,0,0,13000,0,0,0,176000,163000,13000,13000
056701,國產國泰9A購01  ,0,0,0,0,0,0,0,0,0,13000,0,0,0,13000,0,13000,13000
056609,楠梓電永豐98購02,0,0,0,0,0,0,0,0,0,13000,0,0,0,113000,100000,13000,13000
054533,泰碩國泰98購01  ,0,0,0,0,0,0,0,0,0,13000,0,0,0,28000,15000,13000,13000
050566,高股息中信97購02,0,0,0,0,0,0,0,0,0,13000,0,0,0,13000,0,13000,13000
055707,聯鈞永豐98購01  ,0,0,0,0,0,0,0,0,0,13000,0,0,0,40000,27000,13000,13000
052684,旺宏元大98購01  ,0,0,0,0,0,0,0,0,0,13000,0,0,0,13000,0,13000,13000
052731,宏達電國泰98購01,0,0,0,0,0,0,0,0,0,13000,0,0,0,28000,15000,13000,13000
036628,統一台新99購01  ,0,0,0,0,0,0,0,0,0,13000,0,0,0,13000,0,13000,13000
053400,緯穎中信9A購01  ,0,0,0,0,0,0,0,0,0,13000,0,0,0,15000,2000,13000,13000
060406,瑞祺國泰9B購01  ,0,0,0,0,0,0,0,0,0,13000,0,0,0,13000,0,13000,13000
060361,南亞科元富9A購03,0,0,0,0,0,0,0,0,0,13000,0,0,0,66000,53000,13000,13000
059702,台積電凱基9A購14,0,0,0,0,0,0,0,0,0,13000,0,0,0,15000,2000,13000,13000
061597,南六永豐9A購04  ,0,0,0,0,0,0,0,0,0,13000,0,0,0,23000,10000,13000,13000
058438,大立光統一9B購01,0,0,0,0,0,0,0,0,0,13000,0,0,0,13000,0,13000,13000
059990,健策元大9A購01  ,0,0,0,0,0,0,0,0,0,13000,0,0,0,25000,12000,13000,13000
062002,鴻海國泰01購01  ,0,0,0,0,0,0,0,0,0,13000,0,0,0,26000,13000,13000,13000
061413,台勝科群益9A購01,0,0,0,0,0,0,0,0,0,13000,0,0,0,35000,22000,13000,13000
063683,大成鋼永豐9B購01,0,0,0,0,0,0,0,0,0,13000,0,0,0,14000,1000,13000,13000
063960,南電元大9C購03  ,0,0,0,0,0,0,0,0,0,13000,0,0,0,15000,2000,13000,13000
064661,鴻海元大01購02  ,0,0,0,0,0,0,0,0,0,13000,0,0,0,34000,21000,13000,13000
064758,可成凱基02購02  ,0,0,0,0,0,0,0,0,0,13000,0,0,0,13000,0,13000,13000
064351,中租元大9C購01  ,0,0,0,0,0,0,0,0,0,13000,0,0,0,125000,112000,13000,13000
062320,南電凱基9B購03  ,0,0,0,0,0,0,0,0,0,13000,0,0,0,28000,15000,13000,13000
062806,世芯統一02購01  ,0,0,0,0,0,0,0,0,0,13000,0,0,0,23000,10000,13000,13000
062551,緯穎永豐9B購02  ,0,0,0,0,0,0,0,0,0,13000,0,0,0,13000,0,13000,13000
062598,華通台新9B購02  ,0,0,0,0,0,0,0,0,0,13000,0,0,0,23000,10000,13000,13000
062638,茂林國票9C購01  ,0,0,0,0,0,0,0,0,0,13000,0,0,0,108000,95000,13000,13000
062996,致茂國票9C購01  ,0,0,0,0,0,0,0,0,0,13000,0,0,0,62000,49000,13000,13000
063096,勤誠國票9B購02  ,0,0,0,0,0,0,0,0,0,13000,0,0,0,25000,12000,13000,13000
8480,泰昇-KY         ,25000,12000,13000,0,0,0,0,0,0,0,0,0,0,0,0,0,13000
9925,新保            ,19000,6000,13000,0,0,0,0,0,0,0,0,0,0,0,0,0,13000
9943,好樂迪          ,153000,133000,20000,0,0,0,0,7000,-7000,0,0,0,0,0,0,0,13000
8404,百和興業-KY     ,34000,21000,13000,0,0,0,0,0,0,0,0,0,0,0,0,0,13000
3046,建碁            ,18000,4000,14000,0,0,0,0,0,0,-1000,0,1000,-1000,0,0,0,13000
08457P,大毅元大9C售03  ,0,0,0,0,0,0,0,0,0,12000,0,0,0,40000,28000,12000,12000
1225,福懋油          ,16000,4000,12000,0,0,0,0,0,0,0,0,0,0,0,0,0,12000
1442,名軒            ,35000,23000,12000,0,0,0,0,0,0,0,0,0,0,0,0,0,12000
1592,英瑞-KY         ,137000,125000,12000,0,0,0,0,0,0,0,0,0,0,0,0,0,12000
07082P,美律元大99售06  ,0,0,0,0,0,0,0,0,0,12000,0,0,0,27000,15000,12000,12000
06904P,TPK凱基98售03   ,0,0,0,0,0,0,0,0,0,12000,0,0,0,12000,0,12000,12000
06697P,台積電國票99售05,0,0,0,0,0,0,0,0,0,12000,0,0,0,12000,0,12000,12000
065645,嘉晶元大01購02  ,0,0,0,0,0,0,0,0,0,12000,0,0,0,31000,19000,12000,12000
06553P,訊芯元大98售05  ,0,0,0,0,0,0,0,0,0,12000,0,0,0,12000,0,12000,12000
065125,奇力新永豐9C購01,0,0,0,0,0,0,0,0,0,12000,0,0,0,12000,0,12000,12000
065348,中壽統一9C購02  ,0,0,0,0,0,0,0,0,0,12000,0,0,0,246000,234000,12000,12000
0052,富邦科技        ,0,0,0,0,0,0,0,0,0,12000,0,0,0,135000,123000,12000,12000
055890,鴻海統一99購01  ,0,0,0,0,0,0,0,0,0,12000,0,0,0,12000,0,12000,12000
048070,聯發科元富99購03,0,0,0,0,0,0,0,0,0,12000,0,0,0,20000,8000,12000,12000
054556,世芯凱基99購01  ,0,0,0,0,0,0,0,0,0,12000,0,0,0,34000,22000,12000,12000
054785,建準群益98購01  ,0,0,0,0,0,0,0,0,0,12000,0,0,0,50000,38000,12000,12000
054886,大毅統一97購01  ,0,0,0,0,0,0,0,0,0,12000,0,0,0,12000,0,12000,12000
056897,南亞科元大98購02,0,0,0,0,0,0,0,0,0,12000,0,0,0,12000,0,12000,12000
054060,晶技國票97購02  ,0,0,0,0,0,0,0,0,0,12000,0,0,0,32000,20000,12000,12000
056610,鴻海永豐98購01  ,0,0,0,0,0,0,0,0,0,12000,0,0,0,12000,0,12000,12000
056507,創意永豐98購02  ,0,0,0,0,0,0,0,0,0,12000,0,0,0,127000,115000,12000,12000
057462,光磊永豐98購02  ,0,0,0,0,0,0,0,0,0,12000,0,0,0,12000,0,12000,12000
060661,台積電凱基9A購18,0,0,0,0,0,0,0,0,0,12000,0,0,0,12000,0,12000,12000
060738,矽格統一9C購01  ,0,0,0,0,0,0,0,0,0,12000,0,0,0,50000,38000,12000,12000
060298,鎧勝元大9C購01  ,0,0,0,0,0,0,0,0,0,12000,0,0,0,12000,0,12000,12000
061967,旺宏統一01購04  ,0,0,0,0,0,0,0,0,0,12000,0,0,0,44000,32000,12000,12000
058368,奇鋐凱基9A購01  ,0,0,0,0,0,0,0,0,0,12000,0,0,0,14000,2000,12000,12000
058597,瑞昱台新99購01  ,0,0,0,0,0,0,0,0,0,12000,0,0,0,12000,0,12000,12000
059117,禾伸堂永豐99購01,0,0,0,0,0,0,0,0,0,12000,0,0,0,51000,39000,12000,12000
061194,聯鈞永豐9A購02  ,0,0,0,0,0,0,0,0,0,12000,0,0,0,44000,32000,12000,12000
060462,鴻海元大9A購10  ,0,0,0,0,0,0,0,0,0,12000,0,0,0,33000,21000,12000,12000
060433,億豐永豐9A購01  ,0,0,0,0,0,0,0,0,0,12000,0,0,0,12000,0,12000,12000
060871,台灣50中信01購03,0,0,0,0,0,0,0,0,0,12000,0,0,0,15000,3000,12000,12000
063097,台灣50群益01購01,0,0,0,0,0,0,0,0,0,12000,0,0,0,12000,0,12000,12000
063341,燿華統一9C購01  ,0,0,0,0,0,0,0,0,0,12000,0,0,0,28000,16000,12000,12000
062635,創意國票9B購01  ,0,0,0,0,0,0,0,0,0,12000,0,0,0,22000,10000,12000,12000
062195,聚陽中信9C購01  ,0,0,0,0,0,0,0,0,0,12000,0,0,0,153000,141000,12000,12000
064373,和大元富03購01  ,0,0,0,0,0,0,0,0,0,12000,0,0,0,12000,0,12000,12000
064342,晶技元大9C購01  ,0,0,0,0,0,0,0,0,0,12000,0,0,0,83000,71000,12000,12000
064767,宏全凱基9C購01  ,0,0,0,0,0,0,0,0,0,12000,0,0,0,100000,88000,12000,12000
064587,泰碩永豐9C購01  ,0,0,0,0,0,0,0,0,0,12000,0,0,0,12000,0,12000,12000
063932,世芯統一01購01  ,0,0,0,0,0,0,0,0,0,12000,0,0,0,16000,4000,12000,12000
063918,復盛凱基9C購01  ,0,0,0,0,0,0,0,0,0,12000,0,0,0,27000,15000,12000,12000
063970,大立光國票01購01,0,0,0,0,0,0,0,0,0,12000,0,0,0,13000,1000,12000,12000
063751,祥碩國票9C購02  ,0,0,0,0,0,0,0,0,0,12000,0,0,0,110000,98000,12000,12000
4999,鑫禾            ,13000,0,13000,0,0,0,0,0,0,-1000,0,1000,-1000,0,0,0,12000
4566,時碩工業        ,20000,8000,12000,0,0,0,0,0,0,0,0,0,0,0,0,0,12000
4571,鈞興-KY         ,13000,1000,12000,0,0,0,0,0,0,0,0,0,0,0,0,0,12000
2069,運錩            ,13000,1000,12000,0,0,0,0,0,0,0,0,0,0,0,0,0,12000
065211,世芯國票01購03  ,0,0,0,0,0,0,0,0,0,11000,0,0,0,11000,0,11000,11000
064957,台表科凱基02購02,0,0,0,0,0,0,0,0,0,11000,0,0,0,70000,59000,11000,11000
065713,緯穎群益9C購04  ,0,0,0,0,0,0,0,0,0,11000,0,0,0,125000,114000,11000,11000
065840,國巨元大03購01  ,0,0,0,0,0,0,0,0,0,11000,0,0,0,20000,9000,11000,11000
06586P,鴻海元大9C售01  ,0,0,0,0,0,0,0,0,0,11000,0,0,0,11000,0,11000,11000
08101P,超眾群益9B售02  ,0,0,0,0,0,0,0,0,0,11000,0,0,0,11000,0,11000,11000
08155P,聯發科元富9B售05,0,0,0,0,0,0,0,0,0,11000,0,0,0,16000,5000,11000,11000
08157P,大立光元富9B售06,0,0,0,0,0,0,0,0,0,11000,0,0,0,31000,20000,11000,11000
08176P,國巨元大9B售20  ,0,0,0,0,0,0,0,0,0,11000,0,0,0,21000,10000,11000,11000
08282P,南六群益9C售01  ,0,0,0,0,0,0,0,0,0,11000,0,0,0,62000,51000,11000,11000
060730,台積電群益9A購03,0,0,0,0,0,0,0,0,0,11000,0,0,0,26000,15000,11000,11000
057278,可成元大98購06  ,0,0,0,0,0,0,0,0,0,11000,0,0,0,55000,44000,11000,11000
057170,瑞昱元大98購01  ,0,0,0,0,0,0,0,0,0,11000,0,0,0,11000,0,11000,11000
056624,景碩永豐98購01  ,0,0,0,0,0,0,0,0,0,11000,0,0,0,11000,0,11000,11000
057935,晶技群益98購02  ,0,0,0,0,0,0,0,0,0,11000,0,0,0,11000,0,11000,11000
054639,台新金中信99購01,0,0,0,0,0,0,0,0,0,11000,0,0,0,11000,0,11000,11000
055960,義隆元大97購01  ,0,0,0,0,0,0,0,0,0,11000,0,0,0,11000,0,11000,11000
055311,健策群益98購02  ,0,0,0,0,0,0,0,0,0,11000,0,0,0,19000,8000,11000,11000
00733,富邦臺灣中小    ,0,0,0,0,0,0,0,0,0,11000,0,0,0,214000,203000,11000,11000
060957,SP黃豆凱基9A購04,0,0,0,0,0,0,0,0,0,11000,0,0,0,23000,12000,11000,11000
061036,晶技永豐9A購03  ,0,0,0,0,0,0,0,0,0,11000,0,0,0,11000,0,11000,11000
060416,神隆永豐9A購01  ,0,0,0,0,0,0,0,0,0,11000,0,0,0,687000,676000,11000,11000
058372,欣興凱基99購03  ,0,0,0,0,0,0,0,0,0,11000,0,0,0,11000,0,11000,11000
058147,鈺齊元大99購01  ,0,0,0,0,0,0,0,0,0,11000,0,0,0,100000,89000,11000,11000
061868,旺宏元大9B購03  ,0,0,0,0,0,0,0,0,0,11000,0,0,0,111000,100000,11000,11000
058200,世芯康和99購01  ,0,0,0,0,0,0,0,0,0,11000,0,0,0,11000,0,11000,11000
058207,南茂凱基99購01  ,0,0,0,0,0,0,0,0,0,11000,0,0,0,142000,131000,11000,11000
061770,泰碩元大9B購02  ,0,0,0,0,0,0,0,0,0,11000,0,0,0,61000,50000,11000,11000
060105,牧德元大9B購01  ,0,0,0,0,0,0,0,0,0,11000,0,0,0,64000,53000,11000,11000
063750,和鑫國票9B購01  ,0,0,0,0,0,0,0,0,0,11000,0,0,0,131000,120000,11000,11000
064002,仁寶凱基9C購01  ,0,0,0,0,0,0,0,0,0,11000,0,0,0,75000,64000,11000,11000
064340,大立光元大9C購17,0,0,0,0,0,0,0,0,0,11000,0,0,0,11000,0,11000,11000
062327,燿華統一9B購02  ,0,0,0,0,0,0,0,0,0,11000,0,0,0,11000,0,11000,11000
062301,聯詠中信05購01  ,0,0,0,0,0,0,0,0,0,11000,0,0,0,12000,1000,11000,11000
062379,致新元大9B購01  ,0,0,0,0,0,0,0,0,0,11000,0,0,0,146000,135000,11000,11000
062558,義隆凱基9B購02  ,0,0,0,0,0,0,0,0,0,11000,0,0,0,33000,22000,11000,11000
062837,復盛群益9B購01  ,0,0,0,0,0,0,0,0,0,11000,0,0,0,45000,34000,11000,11000
062846,國泰金富邦9C購01,0,0,0,0,0,0,0,0,0,11000,0,0,0,23000,12000,11000,11000
063420,奇力新凱基9B購03,0,0,0,0,0,0,0,0,0,11000,0,0,0,76000,65000,11000,11000
063173,矽格中信9B購01  ,0,0,0,0,0,0,0,0,0,11000,0,0,0,70000,59000,11000,11000
2302,麗正            ,12000,1000,11000,0,0,0,0,0,0,0,0,0,0,0,0,0,11000
6698,旭暉應材        ,39000,28000,11000,0,0,0,0,0,0,0,0,0,0,0,0,0,11000
9105,泰金寶-DR       ,13000,2000,11000,0,0,0,0,0,0,0,0,0,0,0,0,0,11000
08315P,台積電元大9C售08,0,0,0,0,0,0,0,0,0,10000,0,0,0,90000,80000,10000,10000
08357P,聯發科元大9C售09,0,0,0,0,0,0,0,0,0,10000,0,0,0,10000,0,10000,10000
08410P,臺股指元大9C售16,0,0,0,0,0,0,0,0,0,10000,0,0,0,10000,0,10000,10000
08371P,京元電凱基9C售01,0,0,0,0,0,0,0,0,0,10000,0,0,0,20000,10000,10000,10000
1232,大統益          ,12000,2000,10000,0,0,0,0,0,0,0,0,0,0,0,0,0,10000
08087P,聯發科凱基9B售12,0,0,0,0,0,0,0,0,0,10000,0,0,0,10000,0,10000,10000
08127P,聯發科元大9B售21,0,0,0,0,0,0,0,0,0,10000,0,0,0,10000,0,10000,10000
08043P,電子類群益9B售01,0,0,0,0,0,0,0,0,0,10000,0,0,0,10000,0,10000,10000
07969P,臺股指元大9B售27,0,0,0,0,0,0,0,0,0,10000,0,0,0,10000,0,10000,10000
07600P,台灣50凱基04售06,0,0,0,0,0,0,0,0,0,10000,0,0,0,10000,0,10000,10000
07683P,宏達電凱基9A售03,0,0,0,0,0,0,0,0,0,10000,0,0,0,10000,0,10000,10000
07692P,玉晶光元大9A售11,0,0,0,0,0,0,0,0,0,10000,0,0,0,10000,0,10000,10000
07738P,玉晶光永豐9A售06,0,0,0,0,0,0,0,0,0,10000,0,0,0,259000,249000,10000,10000
07864P,可成元大9B售01  ,0,0,0,0,0,0,0,0,0,10000,0,0,0,10000,0,10000,10000
07765P,台積電群益9A售06,0,0,0,0,0,0,0,0,0,10000,0,0,0,10000,0,10000,10000
07759P,臺股指富邦9A售04,0,0,0,0,0,0,0,0,0,10000,0,0,0,10000,0,10000,10000
07760P,力山永豐9A售03  ,0,0,0,0,0,0,0,0,0,10000,0,0,0,10000,0,10000,10000
06938P,南電元大98售03  ,0,0,0,0,0,0,0,0,0,10000,0,0,0,10000,0,10000,10000
06891P,緯穎富邦99售03  ,0,0,0,0,0,0,0,0,0,10000,0,0,0,10000,0,10000,10000
06835P,台灣50國票9A售01,0,0,0,0,0,0,0,0,0,10000,0,0,0,10000,0,10000,10000
07505P,台勝科元大9A售01,0,0,0,0,0,0,0,0,0,10000,0,0,0,10000,0,10000,10000
07468P,聯電元大9A售02  ,0,0,0,0,0,0,0,0,0,10000,0,0,0,20000,10000,10000,10000
07208P,台積電凱基99售14,0,0,0,0,0,0,0,0,0,10000,0,0,0,20000,10000,10000,10000
07342P,大立光凱基99售14,0,0,0,0,0,0,0,0,0,10000,0,0,0,40000,30000,10000,10000
065734,凌華凱基9C購01  ,0,0,0,0,0,0,0,0,0,10000,0,0,0,45000,35000,10000,10000
06801P,技嘉群益99售02  ,0,0,0,0,0,0,0,0,0,10000,0,0,0,15000,5000,10000,10000
06778P,台積電元大99售06,0,0,0,0,0,0,0,0,0,10000,0,0,0,40000,30000,10000,10000
065533,台光電統一02購03,0,0,0,0,0,0,0,0,0,10000,0,0,0,64000,54000,10000,10000
065027,玉晶光中信03購01,0,0,0,0,0,0,0,0,0,10000,0,0,0,154000,144000,10000,10000
064864,金像電永豐01購01,0,0,0,0,0,0,0,0,0,10000,0,0,0,10000,0,10000,10000
064835,嘉晶統一02購01  ,0,0,0,0,0,0,0,0,0,10000,0,0,0,88000,78000,10000,10000
064942,道瓊反凱基02購01,0,0,0,0,0,0,0,0,0,10000,0,0,0,10000,0,10000,10000
065181,南電元大01購01  ,0,0,0,0,0,0,0,0,0,10000,0,0,0,10000,0,10000,10000
065254,大成鋼元大9C購01,0,0,0,0,0,0,0,0,0,10000,0,0,0,10000,0,10000,10000
065223,旺宏中信01購01  ,0,0,0,0,0,0,0,0,0,10000,0,0,0,10000,0,10000,10000
065316,大成鋼凱基9C購01,0,0,0,0,0,0,0,0,0,10000,0,0,0,10000,0,10000,10000
00735,國泰臺韓科技    ,63000,70000,-7000,0,0,0,0,0,0,17000,0,0,0,96000,79000,17000,10000
05175P,TPK富邦99售01   ,0,0,0,0,0,0,0,0,0,10000,0,0,0,10000,0,10000,10000
053402,A50正2群益9A購02,0,0,0,0,0,0,0,0,0,10000,0,0,0,10000,0,10000,10000
053387,緯創元大97購01  ,0,0,0,0,0,0,0,0,0,10000,0,0,0,10000,0,10000,10000
052801,友達元大9A購01  ,0,0,0,0,0,0,0,0,0,10000,0,0,0,10000,0,10000,10000
052806,玉晶光元大98購04,0,0,0,0,0,0,0,0,0,10000,0,0,0,10000,0,10000,10000
053054,禾伸堂國票97購01,0,0,0,0,0,0,0,0,0,10000,0,0,0,10000,0,10000,10000
053035,台表科兆豐97購01,0,0,0,0,0,0,0,0,0,10000,0,0,0,10000,0,10000,10000
053152,大立光元大99購01,0,0,0,0,0,0,0,0,0,10000,0,0,0,10000,0,10000,10000
052791,友達兆豐97購01  ,0,0,0,0,0,0,0,0,0,10000,0,0,0,10000,0,10000,10000
049695,新光金元大9A購01,0,0,0,0,0,0,0,0,0,10000,0,0,0,10000,0,10000,10000
047211,華新科富邦99購01,0,0,0,0,0,0,0,0,0,10000,0,0,0,10000,0,10000,10000
050014,國巨富邦98購01  ,0,0,0,0,0,0,0,0,0,10000,0,0,0,10000,0,10000,10000
050714,深中小群益98購01,0,0,0,0,0,0,0,0,0,10000,0,0,0,10000,0,10000,10000
050915,健策中信98購01  ,0,0,0,0,0,0,0,0,0,10000,0,0,0,20000,10000,10000,10000
055390,國巨統一98購03  ,0,0,0,0,0,0,0,0,0,10000,0,0,0,10000,0,10000,10000
055884,臺股指元富97購01,0,0,0,0,0,0,0,0,0,10000,0,0,0,10000,0,10000,10000
055776,宏達電凱基98購02,0,0,0,0,0,0,0,0,0,10000,0,0,0,10000,0,10000,10000
053522,臺股指群益99購01,0,0,0,0,0,0,0,0,0,10000,0,0,0,10000,0,10000,10000
055705,微星永豐97購01  ,0,0,0,0,0,0,0,0,0,10000,0,0,0,10000,0,10000,10000
055765,臺股指群益97購03,0,0,0,0,0,0,0,0,0,10000,0,0,0,10000,0,10000,10000
055647,義隆元富97購01  ,0,0,0,0,0,0,0,0,0,10000,0,0,0,10000,0,10000,10000
055534,晶技群益97購03  ,0,0,0,0,0,0,0,0,0,10000,0,0,0,10000,0,10000,10000
055106,台積電凱基98購05,0,0,0,0,0,0,0,0,0,10000,0,0,0,10000,0,10000,10000
055034,建準富邦99購01  ,0,0,0,0,0,0,0,0,0,10000,0,0,0,10000,0,10000,10000
056012,勤誠中信99購01  ,0,0,0,0,0,0,0,0,0,10000,0,0,0,10000,0,10000,10000
054278,晶技群益97購02  ,0,0,0,0,0,0,0,0,0,10000,0,0,0,10000,0,10000,10000
054293,健策元大98購02  ,0,0,0,0,0,0,0,0,0,10000,0,0,0,10000,0,10000,10000
055354,宏達電凱基98購01,0,0,0,0,0,0,0,0,0,10000,0,0,0,10000,0,10000,10000
055912,宏達電凱基98購03,0,0,0,0,0,0,0,0,0,10000,0,0,0,11000,1000,10000,10000
055931,冠德群益97購02  ,0,0,0,0,0,0,0,0,0,10000,0,0,0,10000,0,10000,10000
055907,台虹兆豐98購01  ,0,0,0,0,0,0,0,0,0,10000,0,0,0,45000,35000,10000,10000
054644,A50正2群益9B購01,0,0,0,0,0,0,0,0,0,10000,0,0,0,10000,0,10000,10000
054655,貿聯麥證98購01  ,0,0,0,10000,0,10000,0,0,0,10000,0,0,0,10000,0,10000,10000
054847,創意兆豐97購01  ,0,0,0,0,0,0,0,0,0,10000,0,0,0,10000,0,10000,10000
054800,訊芯群益99購01  ,0,0,0,0,0,0,0,0,0,10000,0,0,0,10000,0,10000,10000
057929,上銀群益98購02  ,0,0,0,0,0,0,0,0,0,10000,0,0,0,12000,2000,10000,10000
056988,聚陽兆豐98購01  ,0,0,0,0,0,0,0,0,0,10000,0,0,0,10000,0,10000,10000
057904,矽力永豐98購01  ,0,0,0,0,0,0,0,0,0,10000,0,0,0,13000,3000,10000,10000
057913,健策日盛98購01  ,0,0,0,0,0,0,0,0,0,10000,0,0,0,10000,0,10000,10000
056955,台灣50永豐98購01,0,0,0,0,0,0,0,0,0,10000,0,0,0,10000,0,10000,10000
056938,泰碩元富98購01  ,0,0,0,0,0,0,0,0,0,10000,0,0,0,10000,0,10000,10000
054470,緯穎國票97購04  ,0,0,0,0,0,0,0,0,0,10000,0,0,0,10000,0,10000,10000
053782,京元電元大98購02,0,0,0,0,0,0,0,0,0,10000,0,0,0,45000,35000,10000,10000
053854,聯茂國泰97購02  ,0,0,0,0,0,0,0,0,0,10000,0,0,0,10000,0,10000,10000
056847,佐登元富98購01  ,0,0,0,0,0,0,0,0,0,10000,0,0,0,10000,0,10000,10000
056881,台灣50康和9A購01,0,0,0,0,0,0,0,0,0,10000,0,0,0,10000,0,10000,10000
056840,友達元富98購02  ,0,0,0,0,0,0,0,0,0,10000,0,0,0,10000,0,10000,10000
056585,台積電統一9A購01,0,0,0,0,0,0,0,0,0,10000,0,0,0,10000,0,10000,10000
056577,玉晶光元大99購06,0,0,0,0,0,0,0,0,0,10000,0,0,0,10000,0,10000,10000
057167,台積電元大99購03,0,0,0,0,0,0,0,0,0,10000,0,0,0,10000,0,10000,10000
056436,台積電凱基98購10,0,0,0,0,0,0,0,0,0,10000,0,0,0,10000,0,10000,10000
056486,樺漢元大98購04  ,0,0,0,0,0,0,0,0,0,10000,0,0,0,20000,10000,10000,10000
057467,祥碩永豐98購04  ,0,0,0,0,0,0,0,0,0,10000,0,0,0,10000,0,10000,10000
057472,T50正2元大9B購03,0,0,0,0,0,0,0,0,0,10000,0,0,0,373000,363000,10000,10000
057456,道瓊銀富邦9C購01,0,0,0,0,0,0,0,0,0,10000,0,0,0,60000,50000,10000,10000
057807,友訊元大98購02  ,0,0,0,0,0,0,0,0,0,10000,0,0,0,10000,0,10000,10000
057685,台灣50凱基9C購01,0,0,0,0,0,0,0,0,0,10000,0,0,0,10000,0,10000,10000
057741,超眾富邦98購01  ,0,0,0,0,0,0,0,0,0,10000,0,0,0,10000,0,10000,10000
057077,國巨統一98購06  ,0,0,0,0,0,0,0,0,0,10000,0,0,0,10000,0,10000,10000
056163,嘉聯益凱基98購03,0,0,0,0,0,0,0,0,0,10000,0,0,0,10000,0,10000,10000
058065,南亞科亞東99購01,0,0,0,0,0,0,0,0,0,10000,0,0,0,10000,0,10000,10000
058040,FBVIX元大98購01 ,0,0,0,0,0,0,0,0,0,10000,0,0,0,10000,0,10000,10000
057261,瑞昱兆豐98購01  ,0,0,0,0,0,0,0,0,0,10000,0,0,0,10000,0,10000,10000
056371,樺漢元大98購03  ,0,0,0,0,0,0,0,0,0,10000,0,0,0,10000,0,10000,10000
056193,聯發科富邦99購08,0,0,0,0,0,0,0,0,0,10000,0,0,0,10000,0,10000,10000
056267,文曄統一97購02  ,0,0,0,0,0,0,0,0,0,10000,0,0,0,298000,288000,10000,10000
057314,全新麥證98購01  ,0,0,0,10000,0,10000,0,0,0,10000,0,0,0,10000,0,10000,10000
056308,TPK元大97購02   ,0,0,0,0,0,0,0,0,0,10000,0,0,0,10000,0,10000,10000
057579,長榮航中信9A購01,0,0,0,0,0,0,0,0,0,10000,0,0,0,101000,91000,10000,10000
057654,A50正2中信98購01,0,0,0,0,0,0,0,0,0,10000,0,0,0,10000,0,10000,10000
060743,鴻海國票9A購03  ,0,0,0,0,0,0,0,0,0,10000,0,0,0,31000,21000,10000,10000
060710,上銀永豐9A購01  ,0,0,0,0,0,0,0,0,0,10000,0,0,0,10000,0,10000,10000
061002,瑞昱兆豐9B購01  ,0,0,0,0,0,0,0,0,0,10000,0,0,0,10000,0,10000,10000
060965,中租凱基9B購01  ,0,0,0,0,0,0,0,0,0,10000,0,0,0,20000,10000,10000,10000
060999,國巨兆豐9A購01  ,0,0,0,0,0,0,0,0,0,10000,0,0,0,16000,6000,10000,10000
060108,泰鼎元大99購04  ,0,0,0,0,0,0,0,0,0,10000,0,0,0,10000,0,10000,10000
060344,聯發科統一01購01,0,0,0,0,0,0,0,0,0,10000,0,0,0,10000,0,10000,10000
060189,宏達電元富9B購03,0,0,0,0,0,0,0,0,0,10000,0,0,0,10000,0,10000,10000
060293,緯創元大9A購01  ,0,0,0,0,0,0,0,0,0,10000,0,0,0,18000,8000,10000,10000
061422,台積電元大9A購30,0,0,0,0,0,0,0,0,0,10000,0,0,0,10000,0,10000,10000
061465,聯詠群益9A購01  ,0,0,0,0,0,0,0,0,0,10000,0,0,0,10000,0,10000,10000
061373,華通富邦9A購02  ,0,0,0,0,0,0,0,0,0,10000,0,0,0,10000,0,10000,10000
059838,茂林國泰9B購01  ,0,0,0,0,0,0,0,0,0,10000,0,0,0,10000,0,10000,10000
059345,禾伸堂凱基99購03,0,0,0,0,0,0,0,0,0,10000,0,0,0,10000,0,10000,10000
059386,上銀凱基99購07  ,0,0,0,0,0,0,0,0,0,10000,0,0,0,10000,0,10000,10000
059438,群創元大99購06  ,0,0,0,0,0,0,0,0,0,10000,0,0,0,24000,14000,10000,10000
058227,台灣50元大9C購01,0,0,0,0,0,0,0,0,0,10000,0,0,0,10000,0,10000,10000
058178,國巨國泰9A購02  ,0,0,0,0,0,0,0,0,0,10000,0,0,0,10000,0,10000,10000
058181,華新科國泰9B購01,0,0,0,0,0,0,0,0,0,10000,0,0,0,140000,130000,10000,10000
058153,景碩統一9B購01  ,0,0,0,0,0,0,0,0,0,10000,0,0,0,10000,0,10000,10000
058159,健策台新9A購01  ,0,0,0,0,0,0,0,0,0,10000,0,0,0,10000,0,10000,10000
059954,華新科康和99購01,0,0,0,0,0,0,0,0,0,10000,0,0,0,33000,23000,10000,10000
058171,國巨凱基9A購07  ,0,0,0,0,0,0,0,0,0,10000,0,0,0,10000,0,10000,10000
061743,祥碩凱基9B購02  ,0,0,0,0,0,0,0,0,0,10000,0,0,0,10000,0,10000,10000
062005,旺宏國泰01購01  ,0,0,0,0,0,0,0,0,0,10000,0,0,0,143000,133000,10000,10000
062150,南六國票9B購01  ,0,0,0,0,0,0,0,0,0,10000,0,0,0,10000,0,10000,10000
062151,世紀鋼國票01購01,0,0,0,0,0,0,0,0,0,10000,0,0,0,10000,0,10000,10000
062094,台積電富邦9C購12,0,0,0,0,0,0,0,0,0,10000,0,0,0,10000,0,10000,10000
058453,可成永豐99購01  ,0,0,0,0,0,0,0,0,0,10000,0,0,0,10000,0,10000,10000
058660,樺漢中信9A購01  ,0,0,0,0,0,0,0,0,0,10000,0,0,0,10000,0,10000,10000
058665,台灣50群益9B購02,0,0,0,0,0,0,0,0,0,10000,0,0,0,10000,0,10000,10000
060538,S&P反1凱基9A購01,0,0,0,0,0,0,0,0,0,10000,0,0,0,10000,0,10000,10000
059125,台積電第一03購02,0,0,0,0,0,0,0,0,0,10000,0,0,0,10000,0,10000,10000
059126,臺指反中信9B購01,0,0,0,0,0,0,0,0,0,10000,0,0,0,10000,0,10000,10000
059128,友達中信99購02  ,0,0,0,0,0,0,0,0,0,10000,0,0,0,10000,0,10000,10000
059224,大立光元大99購15,0,0,0,0,0,0,0,0,0,10000,0,0,0,50000,40000,10000,10000
059203,勤誠永豐99購02  ,0,0,0,0,0,0,0,0,0,10000,0,0,0,20000,10000,10000,10000
059772,可成群益9A購05  ,0,0,0,0,0,0,0,0,0,10000,0,0,0,32000,22000,10000,10000
061242,玉晶光兆豐9B購02,0,0,0,0,0,0,0,0,0,10000,0,0,0,10000,0,10000,10000
059828,健策凱基99購05  ,0,0,0,0,0,0,0,0,0,10000,0,0,0,10000,0,10000,10000
061288,大立光統一9C購01,0,0,0,0,0,0,0,0,0,10000,0,0,0,40000,30000,10000,10000
059596,大立光元大99購20,0,0,0,0,0,0,0,0,0,10000,0,0,0,10000,0,10000,10000
059573,健策凱基9A購02  ,0,0,0,0,0,0,0,0,0,10000,0,0,0,10000,0,10000,10000
059586,上銀元大9A購02  ,0,0,0,0,0,0,0,0,0,10000,0,0,0,10000,0,10000,10000
061045,儒鴻第一9A購01  ,0,0,0,0,0,0,0,0,0,10000,0,0,0,10000,0,10000,10000
060610,玉晶光凱基9B購02,0,0,0,0,0,0,0,0,0,10000,0,0,0,11000,1000,10000,10000
060542,上銀凱基9A購04  ,0,0,0,0,0,0,0,0,0,10000,0,0,0,10000,0,10000,10000
060557,南電凱基9A購02  ,0,0,0,0,0,0,0,0,0,10000,0,0,0,10000,0,10000,10000
060558,億豐凱基9A購01  ,0,0,0,0,0,0,0,0,0,10000,0,0,0,15000,5000,10000,10000
060550,可成凱基9A購02  ,0,0,0,0,0,0,0,0,0,10000,0,0,0,68000,58000,10000,10000
060897,健策凱基9A購04  ,0,0,0,0,0,0,0,0,0,10000,0,0,0,10000,0,10000,10000
060913,宏達電元大9A購03,0,0,0,0,0,0,0,0,0,10000,0,0,0,79000,69000,10000,10000
059562,上銀凱基99購09  ,0,0,0,0,0,0,0,0,0,10000,0,0,0,10000,0,10000,10000
059529,華新科凱基9A購04,0,0,0,0,0,0,0,0,0,10000,0,0,0,21000,11000,10000,10000
060479,億豐元大9A購01  ,0,0,0,0,0,0,0,0,0,10000,0,0,0,10000,0,10000,10000
061598,南電永豐9A購04  ,0,0,0,0,0,0,0,0,0,10000,0,0,0,10000,0,10000,10000
061545,華新科群益9A購09,0,0,0,0,0,0,0,0,0,10000,0,0,0,14000,4000,10000,10000
059708,立積凱基9A購02  ,0,0,0,0,0,0,0,0,0,10000,0,0,0,10000,0,10000,10000
059628,智邦凱基99購04  ,0,0,0,0,0,0,0,0,0,10000,0,0,0,10000,0,10000,10000
059622,上銀凱基99購10  ,0,0,0,0,0,0,0,0,0,10000,0,0,0,10000,0,10000,10000
061068,祥碩凱基9B購01  ,0,0,0,0,0,0,0,0,0,10000,0,0,0,10000,0,10000,10000
058800,健策元大99購03  ,0,0,0,0,0,0,0,0,0,10000,0,0,0,25000,15000,10000,10000
063199,台積電統一01購07,0,0,0,0,0,0,0,0,0,10000,0,0,0,10000,0,10000,10000
063228,聯茂群益9B購01  ,0,0,0,0,0,0,0,0,0,10000,0,0,0,11000,1000,10000,10000
062976,嘉澤元富9B購01  ,0,0,0,0,0,0,0,0,0,10000,0,0,0,83000,73000,10000,10000
063509,超眾群益9B購03  ,0,0,0,0,0,0,0,0,0,10000,0,0,0,10000,0,10000,10000
063315,京元電群益9B購03,0,0,0,0,0,0,0,0,0,10000,0,0,0,46000,36000,10000,10000
06330P,南亞科群益97售03,0,0,0,0,0,0,0,0,0,10000,0,0,0,10000,0,10000,10000
06331P,南亞科群益97售04,0,0,0,0,0,0,0,0,0,10000,0,0,0,10000,0,10000,10000
062812,國巨兆豐9B購03  ,0,0,0,0,0,0,0,0,0,10000,0,0,0,10000,0,10000,10000
062780,旺宏元大01購01  ,0,0,0,0,0,0,0,0,0,10000,0,0,0,181000,171000,10000,10000
062783,大立光元大9C購03,0,0,0,0,0,0,0,0,0,10000,0,0,0,10000,0,10000,10000
062793,鴻海統一9B購06  ,0,0,0,0,0,0,0,0,0,10000,0,0,0,17000,7000,10000,10000
062535,台積電麥證02購01,0,0,0,10000,0,10000,0,0,0,10000,0,0,0,10000,0,10000,10000
062648,聯茂富邦9B購01  ,0,0,0,0,0,0,0,0,0,10000,0,0,0,10000,0,10000,10000
062370,華擎元大9B購01  ,0,0,0,0,0,0,0,0,0,10000,0,0,0,10000,0,10000,10000
062421,台積電統一9C購09,0,0,0,0,0,0,0,0,0,10000,0,0,0,10000,0,10000,10000
062478,牧德國票9B購03  ,0,0,0,0,0,0,0,0,0,10000,0,0,0,20000,10000,10000,10000
062499,鴻海群益01購01  ,0,0,0,0,0,0,0,0,0,10000,0,0,0,38000,28000,10000,10000
062155,國巨凱基9C購03  ,0,0,0,0,0,0,0,0,0,10000,0,0,0,10000,0,10000,10000
062168,大毅永豐9B購01  ,0,0,0,0,0,0,0,0,0,10000,0,0,0,10000,0,10000,10000
062239,台汽電凱基9B購01,0,0,0,0,0,0,0,0,0,10000,0,0,0,10000,0,10000,10000
064310,華新科群益9C購02,0,0,0,0,0,0,0,0,0,10000,0,0,0,10000,0,10000,10000
064470,世紀鋼元富03購01,0,0,0,0,0,0,0,0,0,10000,0,0,0,13000,3000,10000,10000
064741,南亞科國票01購01,0,0,0,0,0,0,0,0,0,10000,0,0,0,20000,10000,10000,10000
064723,大立光統一02購04,0,0,0,0,0,0,0,0,0,10000,0,0,0,76000,66000,10000,10000
064696,群創群益9C購02  ,0,0,0,0,0,0,0,0,0,10000,0,0,0,22000,12000,10000,10000
064704,嘉晶國泰01購01  ,0,0,0,0,0,0,0,0,0,10000,0,0,0,132000,122000,10000,10000
063966,大毅國票01購01  ,0,0,0,0,0,0,0,0,0,10000,0,0,0,48000,38000,10000,10000
064161,世芯統一01購02  ,0,0,0,0,0,0,0,0,0,10000,0,0,0,10000,0,10000,10000
06412P,南亞科日盛97售01,0,0,0,0,0,0,0,0,0,10000,0,0,0,10000,0,10000,10000
063840,鴻海元大01購01  ,0,0,0,0,0,0,0,0,0,10000,0,0,0,36000,26000,10000,10000
063857,臺股指元大9C購10,0,0,0,0,0,0,0,0,0,10000,0,0,0,10000,0,10000,10000
063710,光寶科凱基9C購01,0,0,0,0,0,0,0,0,0,10000,0,0,0,19000,9000,10000,10000
063569,美食元大9B購03  ,0,0,0,0,0,0,0,0,0,10000,0,0,0,10000,0,10000,10000
065492,台灣50富邦03購02,0,0,0,0,0,0,0,0,0,9000,0,0,0,10000,1000,9000,9000
065843,瑞昱元大9C購03  ,0,0,0,0,0,0,0,0,0,9000,0,0,0,118000,109000,9000,9000
07211P,南亞科凱基99售05,0,0,0,0,0,0,0,0,0,9000,0,0,0,9000,0,9000,9000
07190P,臺股指富邦9C售02,0,0,0,0,0,0,0,0,0,9000,0,0,0,11000,2000,9000,9000
07127P,精元元大99售01  ,0,0,0,0,0,0,0,0,0,9000,0,0,0,18000,9000,9000,9000
07006P,旺宏統一9B售03  ,0,0,0,0,0,0,0,0,0,9000,0,0,0,10000,1000,9000,9000
08067P,大立光凱基9B售08,0,0,0,0,0,0,0,0,0,9000,0,0,0,15000,6000,9000,9000
08086P,燿華凱基9B售03  ,0,0,0,0,0,0,0,0,0,9000,0,0,0,9000,0,9000,9000
060723,致新永豐9A購01  ,0,0,0,0,0,0,0,0,0,9000,0,0,0,20000,11000,9000,9000
060783,亞德客富邦9B購01,0,0,0,0,0,0,0,0,0,9000,0,0,0,71000,62000,9000,9000
060857,旭富富邦9B購01  ,0,0,0,0,0,0,0,0,0,9000,0,0,0,13000,4000,9000,9000
057349,聯發科統一98購04,0,0,0,0,0,0,0,0,0,9000,0,0,0,9000,0,9000,9000
058012,鈺齊國票99購01  ,0,0,0,0,0,0,0,0,0,9000,0,0,0,38000,29000,9000,9000
056444,南亞科凱基99購01,0,0,0,0,0,0,0,0,0,9000,0,0,0,140000,131000,9000,9000
056776,聯茂元大99購01  ,0,0,0,0,0,0,0,0,0,9000,0,0,0,13000,4000,9000,9000
054510,S&P反1元大98購01,0,0,0,0,0,0,0,0,0,9000,0,0,0,9000,0,9000,9000
054426,國泰金富邦97購02,0,0,0,0,0,0,0,0,0,9000,0,0,0,10000,1000,9000,9000
055124,建準兆豐97購01  ,0,0,0,0,0,0,0,0,0,9000,0,0,0,10000,1000,9000,9000
055515,聚陽中信9A購01  ,0,0,0,0,0,0,0,0,0,9000,0,0,0,11000,2000,9000,9000
048847,A50群益98購01   ,0,0,0,0,0,0,0,0,0,9000,0,0,0,9000,0,9000,9000
05174P,元金2X富邦9B售01,0,0,0,0,0,0,0,0,0,9000,0,0,0,17000,8000,9000,9000
051486,玉晶光凱基97購03,0,0,0,0,0,0,0,0,0,9000,0,0,0,9000,0,9000,9000
00731,FH富時高息低波  ,0,0,0,0,0,0,0,0,0,9000,0,0,0,1074000,1065000,9000,9000
058783,臺股指國票99購02,0,0,0,0,0,0,0,0,0,9000,0,0,0,42000,33000,9000,9000
059239,台積電凱基99購12,0,0,0,0,0,0,0,0,0,9000,0,0,0,9000,0,9000,9000
059169,可成凱基99購04  ,0,0,0,0,0,0,0,0,0,9000,0,0,0,23000,14000,9000,9000
058672,可成群益9B購02  ,0,0,0,0,0,0,0,0,0,9000,0,0,0,31000,22000,9000,9000
058634,可成兆豐99購03  ,0,0,0,0,0,0,0,0,0,9000,0,0,0,90000,81000,9000,9000
062080,奇力新元大9B購02,0,0,0,0,0,0,0,0,0,9000,0,0,0,9000,0,9000,9000
061745,南電凱基9B購02  ,0,0,0,0,0,0,0,0,0,9000,0,0,0,11000,2000,9000,9000
061949,大立光群益9B購03,0,0,0,0,0,0,0,0,0,9000,0,0,0,9000,0,9000,9000
060129,祥碩永豐99購03  ,0,0,0,0,0,0,0,0,0,9000,0,0,0,9000,0,9000,9000
063657,茂林元富9B購04  ,0,0,0,0,0,0,0,0,0,9000,0,0,0,9000,0,9000,9000
063659,世紀鋼元富9B購01,0,0,0,0,0,0,0,0,0,9000,0,0,0,59000,50000,9000,9000
063823,T50反1國票01購02,0,0,0,0,0,0,0,0,0,9000,0,0,0,254000,245000,9000,9000
064097,友訊群益9C購01  ,0,0,0,0,0,0,0,0,0,9000,0,0,0,9000,0,9000,9000
064004,全新凱基01購01  ,0,0,0,0,0,0,0,0,0,9000,0,0,0,206000,197000,9000,9000
063942,台積電元大01購03,0,0,0,0,0,0,0,0,0,9000,0,0,0,9000,0,9000,9000
064567,晶技群益01購01  ,0,0,0,0,0,0,0,0,0,9000,0,0,0,81000,72000,9000,9000
064343,健鼎元大9C購01  ,0,0,0,0,0,0,0,0,0,9000,0,0,0,129000,120000,9000,9000
062637,智易國票9B購01  ,0,0,0,0,0,0,0,0,0,9000,0,0,0,72000,63000,9000,9000
063446,台光電統一01購02,0,0,0,0,0,0,0,0,0,9000,0,0,0,83000,74000,9000,9000
062954,世芯永豐9B購03  ,0,0,0,0,0,0,0,0,0,9000,0,0,0,13000,4000,9000,9000
063071,華新科富邦02購01,0,0,0,0,0,0,0,0,0,9000,0,0,0,10000,1000,9000,9000
2488,漢平            ,12000,1000,11000,0,0,0,0,0,0,-2000,0,2000,-2000,0,0,0,9000
6184,大豐電          ,10000,1000,9000,0,0,0,0,0,0,0,0,0,0,0,0,0,9000
5531,鄉林            ,64000,55000,9000,0,0,0,0,0,0,0,0,0,0,0,0,0,9000
07172P,臺股指國票99售09,0,0,0,0,0,0,0,0,0,8000,0,0,0,13000,5000,8000,8000
07553P,嘉晶元大9A售02  ,0,0,0,0,0,0,0,0,0,8000,0,0,0,10000,2000,8000,8000
1503,士電            ,8000,0,8000,0,0,0,0,0,0,0,0,0,0,0,0,0,8000
065484,康友元大9C購01  ,0,0,0,0,0,0,0,0,0,8000,0,0,0,101000,93000,8000,8000
065111,瀚宇博國票01購01,0,0,0,0,0,0,0,0,0,8000,0,0,0,34000,26000,8000,8000
051576,台積電元大97購02,0,0,0,0,0,0,0,0,0,8000,0,0,0,8000,0,8000,8000
051382,玉晶光群益98購02,0,0,0,0,0,0,0,0,0,8000,0,0,0,8000,0,8000,8000
053115,滬深2X中信97購01,0,0,0,0,0,0,0,0,0,8000,0,0,0,8000,0,8000,8000
048179,臻鼎富邦97購01  ,0,0,0,0,0,0,0,0,0,8000,0,0,0,8000,0,8000,8000
055384,緯穎元大98購02  ,0,0,0,0,0,0,0,0,0,8000,0,0,0,10000,2000,8000,8000
055507,樺漢元大98購02  ,0,0,0,0,0,0,0,0,0,8000,0,0,0,8000,0,8000,8000
053461,台郡永昌99購01  ,0,0,0,0,0,0,0,0,0,8000,0,0,0,30000,22000,8000,8000
055038,華航富邦99購01  ,0,0,0,0,0,0,0,0,0,8000,0,0,0,8000,0,8000,8000
055310,聯詠群益97購02  ,0,0,0,0,0,0,0,0,0,8000,0,0,0,8000,0,8000,8000
054952,大毅元大97購02  ,0,0,0,0,0,0,0,0,0,8000,0,0,0,8000,0,8000,8000
054555,欣興凱基98購01  ,0,0,0,0,0,0,0,0,0,8000,0,0,0,10000,2000,8000,8000
054161,友訊凱基98購01  ,0,0,0,0,0,0,0,0,0,8000,0,0,0,30000,22000,8000,8000
057873,義隆元大98購03  ,0,0,0,0,0,0,0,0,0,8000,0,0,0,10000,2000,8000,8000
057957,嘉晶元大98購01  ,0,0,0,0,0,0,0,0,0,8000,0,0,0,18000,10000,8000,8000
056476,智原元大98購02  ,0,0,0,0,0,0,0,0,0,8000,0,0,0,8000,0,8000,8000
056428,台達電凱基99購01,0,0,0,0,0,0,0,0,0,8000,0,0,0,20000,12000,8000,8000
056555,矽創凱基98購01  ,0,0,0,0,0,0,0,0,0,8000,0,0,0,39000,31000,8000,8000
056635,亞德客日盛99購01,0,0,0,0,0,0,0,0,0,8000,0,0,0,8000,0,8000,8000
057705,臺股指群益98購05,0,0,0,0,0,0,0,0,0,8000,0,0,0,8000,0,8000,8000
057444,台泥元富98購01  ,0,0,0,0,0,0,0,0,0,8000,0,0,0,310000,302000,8000,8000
057270,遠東新元大98購01,0,0,0,0,0,0,0,0,0,8000,0,0,0,8000,0,8000,8000
060284,南港元大01購01  ,0,0,0,0,0,0,0,0,0,8000,0,0,0,736000,728000,8000,8000
060203,緯穎元富9A購01  ,0,0,0,0,0,0,0,0,0,8000,0,0,0,198000,190000,8000,8000
059377,台積電群益99購09,0,0,0,0,0,0,0,0,0,8000,0,0,0,8000,0,8000,8000
061364,國巨國票9A購09  ,0,0,0,0,0,0,0,0,0,8000,0,0,0,38000,30000,8000,8000
061705,健策國票9A購06  ,0,0,0,0,0,0,0,0,0,8000,0,0,0,17000,9000,8000,8000
062081,華新科元大9B購06,0,0,0,0,0,0,0,0,0,8000,0,0,0,8000,0,8000,8000
062053,華通統一9C購02  ,0,0,0,0,0,0,0,0,0,8000,0,0,0,34000,26000,8000,8000
058137,玉晶光元大99購11,0,0,0,0,0,0,0,0,0,8000,0,0,0,17000,9000,8000,8000
058595,T50正2元富99購01,0,0,0,0,0,0,0,0,0,8000,0,0,0,8000,0,8000,8000
059240,台積電凱基9A購09,0,0,0,0,0,0,0,0,0,8000,0,0,0,10000,2000,8000,8000
059301,華新科群益99購04,0,0,0,0,0,0,0,0,0,8000,0,0,0,8000,0,8000,8000
061287,大立光統一9B購06,0,0,0,0,0,0,0,0,0,8000,0,0,0,16000,8000,8000,8000
058937,仁寶中信99購01  ,0,0,0,0,0,0,0,0,0,8000,0,0,0,40000,32000,8000,8000
058788,喬山元大99購01  ,0,0,0,0,0,0,0,0,0,8000,0,0,0,8000,0,8000,8000
058833,台表科永豐99購01,0,0,0,0,0,0,0,0,0,8000,0,0,0,9000,1000,8000,8000
060487,盛群富邦9B購01  ,0,0,0,0,0,0,0,0,0,8000,0,0,0,22000,14000,8000,8000
061571,奇力新元大9A購03,0,0,0,0,0,0,0,0,0,8000,0,0,0,8000,0,8000,8000
061039,台表科永豐9A購03,0,0,0,0,0,0,0,0,0,8000,0,0,0,16000,8000,8000,8000
062988,儒鴻群益9B購01  ,0,0,0,0,0,0,0,0,0,8000,0,0,0,25000,17000,8000,8000
063189,臻鼎凱基9B購01  ,0,0,0,0,0,0,0,0,0,8000,0,0,0,42000,34000,8000,8000
063174,臺股指中信01購04,0,0,0,0,0,0,0,0,0,8000,0,0,0,20000,12000,8000,8000
062880,大立光兆豐9B購02,0,0,0,0,0,0,0,0,0,8000,0,0,0,8000,0,8000,8000
062272,鴻海群益9B購05  ,0,0,0,0,0,0,0,0,0,8000,0,0,0,27000,19000,8000,8000
062266,世紀鋼元大9B購02,0,0,0,0,0,0,0,0,0,8000,0,0,0,13000,5000,8000,8000
062314,玉晶光凱基9B購06,0,0,0,0,0,0,0,0,0,8000,0,0,0,12000,4000,8000,8000
064284,京鼎元大9C購01  ,0,0,0,0,0,0,0,0,0,8000,0,0,0,674000,666000,8000,8000
064405,美食凱基01購02  ,0,0,0,0,0,0,0,0,0,8000,0,0,0,10000,2000,8000,8000
06449P,台積電元大98售09,0,0,0,0,0,0,0,0,0,8000,0,0,0,8000,0,8000,8000
3055,蔚華科          ,12000,4000,8000,0,0,0,0,0,0,0,0,0,0,0,0,0,8000
3550,聯穎            ,8000,0,8000,0,0,0,0,0,0,0,0,0,0,0,0,0,8000
2482,連宇            ,33000,28000,5000,0,0,0,0,0,0,3000,4000,1000,3000,0,0,0,8000
9927,泰銘            ,8000,0,8000,0,0,0,0,0,0,0,0,0,0,0,0,0,8000
065263,國泰金元大9C購02,0,0,0,0,0,0,0,0,0,7000,0,0,0,7000,0,7000,7000
065008,TPK國票01購02   ,0,0,0,0,0,0,0,0,0,7000,0,0,0,41000,34000,7000,7000
065476,聯發科元大9C購14,0,0,0,0,0,0,0,0,0,7000,0,0,0,26000,19000,7000,7000
065677,南亞科統一03購02,0,0,0,0,0,0,0,0,0,7000,0,0,0,96000,89000,7000,7000
065580,鈺齊群益01購01  ,0,0,0,0,0,0,0,0,0,7000,0,0,0,127000,120000,7000,7000
065587,亞德客永豐9C購02,0,0,0,0,0,0,0,0,0,7000,0,0,0,70000,63000,7000,7000
065755,日電貿元大9C購02,0,0,0,0,0,0,0,0,0,7000,0,0,0,191000,184000,7000,7000
065777,正崴國泰03購01  ,0,0,0,0,0,0,0,0,0,7000,0,0,0,57000,50000,7000,7000
06737P,台郡凱基98售07  ,0,0,0,0,0,0,0,0,0,7000,0,0,0,62000,55000,7000,7000
1527,鑽全            ,12000,5000,7000,0,0,0,4000,0,4000,-4000,0,4000,-4000,0,0,0,7000
1906,寶隆            ,12000,5000,7000,0,0,0,0,0,0,0,0,0,0,0,0,0,7000
08438P,鴻海國票01售02  ,0,0,0,0,0,0,0,0,0,7000,0,0,0,7000,0,7000,7000
07504P,聯詠元大9A售02  ,0,0,0,0,0,0,0,0,0,7000,0,0,0,10000,3000,7000,7000
07288P,台灣50凱基99售06,0,0,0,0,0,0,0,0,0,7000,0,0,0,8000,1000,7000,7000
060666,聯茂凱基9A購02  ,0,0,0,0,0,0,0,0,0,7000,0,0,0,57000,50000,7000,7000
061134,大成鋼統一9C購01,0,0,0,0,0,0,0,0,0,7000,0,0,0,20000,13000,7000,7000
057152,緯穎國票99購03  ,0,0,0,0,0,0,0,0,0,7000,0,0,0,7000,0,7000,7000
056453,禾伸堂凱基99購02,0,0,0,0,0,0,0,0,0,7000,0,0,0,7000,0,7000,7000
057876,隆達元大98購01  ,0,0,0,0,0,0,0,0,0,7000,0,0,0,110000,103000,7000,7000
054128,台積電元大97購10,0,0,0,0,0,0,0,0,0,7000,0,0,0,7000,0,7000,7000
054576,健策元大98購03  ,0,0,0,0,0,0,0,0,0,7000,0,0,0,7000,0,7000,7000
055301,台虹元大97購01  ,0,0,0,0,0,0,0,0,0,7000,0,0,0,7000,0,7000,7000
055533,大立光群益97購03,0,0,0,0,0,0,0,0,0,7000,0,0,0,7000,0,7000,7000
055427,技嘉群益98購01  ,0,0,0,0,0,0,0,0,0,7000,0,0,0,7000,0,7000,7000
053121,上証2X凱基9C購01,0,0,0,0,0,0,0,0,0,7000,0,0,0,7000,0,7000,7000
053136,彩晶國票97購01  ,0,0,0,0,0,0,0,0,0,7000,0,0,0,7000,0,7000,7000
053338,台光電國票97購01,0,0,0,0,0,0,0,0,0,7000,0,0,0,7000,0,7000,7000
00865B,國泰US短期公債  ,0,0,0,0,0,0,0,0,0,7000,0,0,0,107000,100000,7000,7000
0055,元大MSCI金融    ,0,0,0,0,0,0,0,0,0,7000,0,0,0,8000,1000,7000,7000
006203,元大MSCI台灣    ,0,0,0,0,0,0,0,0,0,7000,0,0,0,8000,1000,7000,7000
00682U,元大美元指數    ,0,0,0,0,0,0,0,0,0,7000,0,0,0,8000,1000,7000,7000
058834,GIS永豐99購01   ,0,0,0,0,0,0,0,0,0,7000,0,0,0,57000,50000,7000,7000
059723,美律元大9A購02  ,0,0,0,0,0,0,0,0,0,7000,0,0,0,47000,40000,7000,7000
058296,明泰凱基99購01  ,0,0,0,0,0,0,0,0,0,7000,0,0,0,7000,0,7000,7000
061644,健策元大9C購02  ,0,0,0,0,0,0,0,0,0,7000,0,0,0,104000,97000,7000,7000
062148,奇鋐國票9B購01  ,0,0,0,0,0,0,0,0,0,7000,0,0,0,36000,29000,7000,7000
061944,聯電群益9B購01  ,0,0,0,0,0,0,0,0,0,7000,0,0,0,35000,28000,7000,7000
061914,台光電中信9B購01,0,0,0,0,0,0,0,0,0,7000,0,0,0,20000,13000,7000,7000
061425,華新科元大9A購19,0,0,0,0,0,0,0,0,0,7000,0,0,0,15000,8000,7000,7000
060106,旭富元大99購02  ,0,0,0,0,0,0,0,0,0,7000,0,0,0,138000,131000,7000,7000
064654,元金2X元大9C購03,0,0,0,0,0,0,0,0,0,7000,0,0,0,12000,5000,7000,7000
064688,國巨群益9C購11  ,0,0,0,0,0,0,0,0,0,7000,0,0,0,13000,6000,7000,7000
064749,巨大國票01購01  ,0,0,0,0,0,0,0,0,0,7000,0,0,0,108000,101000,7000,7000
064355,南六元大01購01  ,0,0,0,0,0,0,0,0,0,7000,0,0,0,30000,23000,7000,7000
063675,亞德客國泰01購01,0,0,0,0,0,0,0,0,0,7000,0,0,0,62000,55000,7000,7000
063584,南六國泰01購01  ,0,0,0,0,0,0,0,0,0,7000,0,0,0,7000,0,7000,7000
063588,華新科永豐9B購02,0,0,0,0,0,0,0,0,0,7000,0,0,0,9000,2000,7000,7000
062158,禾伸堂凱基9B購01,0,0,0,0,0,0,0,0,0,7000,0,0,0,50000,43000,7000,7000
062735,和大國票9B購01  ,0,0,0,0,0,0,0,0,0,7000,0,0,0,7000,0,7000,7000
062684,華新科統一01購02,0,0,0,0,0,0,0,0,0,7000,0,0,0,10000,3000,7000,7000
062914,嘉澤元大9B購02  ,0,0,0,0,0,0,0,0,0,7000,0,0,0,33000,26000,7000,7000
063508,緯創群益9B購01  ,0,0,0,0,0,0,0,0,0,7000,0,0,0,24000,17000,7000,7000
063396,金像電群益9C購01,0,0,0,0,0,0,0,0,0,7000,0,0,0,7000,0,7000,7000
6672,騰輝電子-KY     ,82000,75000,7000,0,0,0,1000,0,1000,-1000,0,1000,-1000,0,0,0,7000
2450,神腦            ,26000,17000,9000,0,0,0,0,0,0,-2000,0,2000,-2000,0,0,0,7000
07103P,南電元大99售04  ,0,0,0,0,0,0,0,0,0,6000,0,0,0,6000,0,6000,6000
06941P,國巨統一98售07  ,0,0,0,0,0,0,0,0,0,6000,0,0,0,6000,0,6000,6000
06926P,可成群益9A售04  ,0,0,0,0,0,0,0,0,0,6000,0,0,0,6000,0,6000,6000
07948P,大成鋼凱基9B售01,0,0,0,0,0,0,0,0,0,6000,0,0,0,8000,2000,6000,6000
08006P,長榮航中信03售01,0,0,0,0,0,0,0,0,0,6000,0,0,0,6000,0,6000,6000
07703P,玉晶光中信9B售03,0,0,0,0,0,0,0,0,0,6000,0,0,0,6000,0,6000,6000
08253P,鴻海元大9C售06  ,0,0,0,0,0,0,0,0,0,6000,0,0,0,6000,0,6000,6000
1809,中釉            ,21000,15000,6000,0,0,0,0,0,0,0,0,0,0,0,0,0,6000
1513,中興電          ,413000,531000,-118000,0,0,0,4000,100000,-96000,220000,75000,87000,-12000,252000,20000,232000,6000
1446,宏和            ,13000,7000,6000,0,0,0,0,0,0,0,0,0,0,0,0,0,6000
064952,國泰金凱基9C購01,0,0,0,0,0,0,0,0,0,6000,0,0,0,6000,0,6000,6000
065065,世芯群益01購01  ,0,0,0,0,0,0,0,0,0,6000,0,0,0,10000,4000,6000,6000
064892,台達電群益9C購02,0,0,0,0,0,0,0,0,0,6000,0,0,0,68000,62000,6000,6000
064842,南六統一9C購04  ,0,0,0,0,0,0,0,0,0,6000,0,0,0,23000,17000,6000,6000
00711B,FH彭博新興債    ,0,0,0,0,0,0,0,0,0,6000,0,0,0,108000,102000,6000,6000
035276,南亞科台新97購01,0,0,0,0,0,0,0,0,0,6000,0,0,0,46000,40000,6000,6000
053095,台光電統一98購01,0,7000,-7000,0,0,0,0,0,0,13000,0,0,0,18000,5000,13000,6000
052828,滬深2X群益9A購02,0,0,0,0,0,0,0,0,0,6000,0,0,0,6000,0,6000,6000
050890,南電富邦99購01  ,0,0,0,0,0,0,0,0,0,6000,0,0,0,36000,30000,6000,6000
042953,鴻海台新01購01  ,0,0,0,0,0,0,0,0,0,6000,0,0,0,6000,0,6000,6000
055811,國巨國票98購05  ,0,0,0,0,0,0,0,0,0,6000,0,0,0,25000,19000,6000,6000
054167,揚明光凱基98購01,0,0,0,0,0,0,0,0,0,6000,0,0,0,26000,20000,6000,6000
056979,微星群益98購01  ,0,1000,-1000,0,0,0,0,0,0,7000,0,0,0,7000,0,7000,6000
056559,華通群益98購02  ,0,0,0,0,0,0,0,0,0,6000,0,0,0,6000,0,6000,6000
056366,玉晶光元大99購04,0,0,0,0,0,0,0,0,0,6000,0,0,0,102000,96000,6000,6000
057436,義隆國票99購02  ,0,0,0,0,0,0,0,0,0,6000,0,0,0,6000,0,6000,6000
057756,瑞昱日盛99購01  ,0,0,0,0,0,0,0,0,0,6000,0,0,0,6000,0,6000,6000
060744,鴻海國票9A購04  ,0,0,0,0,0,0,0,0,0,6000,0,0,0,41000,35000,6000,6000
056398,南茂永豐98購01  ,0,0,0,0,0,0,0,0,0,6000,0,0,0,174000,168000,6000,6000
057597,華通群益9A購02  ,0,0,0,0,0,0,0,0,0,6000,0,0,0,6000,0,6000,6000
060059,鴻海兆豐99購06  ,0,0,0,0,0,0,0,0,0,6000,0,0,0,30000,24000,6000,6000
059344,長榮航凱基99購01,0,0,0,0,0,0,0,0,0,6000,0,0,0,6000,0,6000,6000
061948,美食群益9B購01  ,0,0,0,0,0,0,0,0,0,6000,0,0,0,7000,1000,6000,6000
062145,億光國票9B購01  ,0,0,0,0,0,0,0,0,0,6000,0,0,0,61000,55000,6000,6000
062075,智邦元大9B購03  ,0,0,0,0,0,0,0,0,0,6000,0,0,0,78000,72000,6000,6000
059985,華新科元大99購22,0,0,0,0,0,0,0,0,0,6000,0,0,0,15000,9000,6000,6000
058596,旺宏台新99購01  ,0,0,0,0,0,0,0,0,0,6000,0,0,0,66000,60000,6000,6000
058633,台灣50兆豐99購01,0,0,0,0,0,0,0,0,0,6000,0,0,0,6000,0,6000,6000
058078,景碩國票99購01  ,0,0,0,0,0,0,0,0,0,6000,0,0,0,36000,30000,6000,6000
058911,茂林元大99購04  ,0,0,0,0,0,0,0,0,0,6000,0,0,0,129000,123000,6000,6000
061252,臺股指群益9A購03,0,0,0,0,0,0,0,0,0,6000,0,0,0,6000,0,6000,6000
059784,台光電元大9A購01,0,0,0,0,0,0,0,0,0,6000,0,0,0,32000,26000,6000,6000
059198,華新科永豐99購06,0,0,0,0,0,0,0,0,0,6000,0,0,0,31000,25000,6000,6000
061059,世芯國票9B購01  ,0,0,0,0,0,0,0,0,0,6000,0,0,0,6000,0,6000,6000
060480,億豐元大9A購02  ,0,0,0,0,0,0,0,0,0,6000,0,0,0,6000,0,6000,6000
060402,神隆國泰9B購01  ,0,0,0,0,0,0,0,0,0,6000,0,0,0,59000,53000,6000,6000
058719,智邦元富99購01  ,0,0,0,0,0,0,0,0,0,6000,0,0,0,6000,0,6000,6000
063256,鴻海國泰01購02  ,0,0,0,0,0,0,0,0,0,6000,0,0,0,6000,0,6000,6000
062604,東元凱基9B購01  ,0,0,0,0,0,0,0,0,0,6000,0,0,0,56000,50000,6000,6000
062448,健策元大9C購04  ,0,0,0,0,0,0,0,0,0,6000,0,0,0,75000,69000,6000,6000
063610,儒鴻群益9B購02  ,0,0,0,0,0,0,0,0,0,6000,0,0,0,8000,2000,6000,6000
063807,超眾兆豐01購01  ,0,0,0,0,0,0,0,0,0,6000,0,0,0,40000,34000,6000,6000
063972,緯創國票9C購01  ,0,0,0,0,0,0,0,0,0,6000,0,0,0,22000,16000,6000,6000
064073,南電永豐9C購01  ,0,0,0,0,0,0,0,0,0,6000,0,0,0,22000,16000,6000,6000
06405P,億光元富97售02  ,0,0,0,0,0,0,0,0,0,6000,0,0,0,6000,0,6000,6000
064202,景碩兆豐9C購01  ,0,0,0,0,0,0,0,0,0,6000,0,0,0,6000,0,6000,6000
064224,玉晶光國票01購04,0,0,0,0,0,0,0,0,0,6000,0,0,0,21000,15000,6000,6000
2397,友通            ,11000,3000,8000,0,0,0,0,0,0,-2000,0,2000,-2000,0,0,0,6000
2849,安泰銀          ,11000,5000,6000,0,0,0,0,0,0,0,0,0,0,0,0,0,6000
3679,新至陞          ,4000,1000,3000,0,0,0,0,0,0,3000,3000,0,3000,0,0,0,6000
5388,中磊            ,942000,910000,32000,0,0,0,0,0,0,-26000,0,2000,-2000,8000,32000,-24000,6000
9902,台火            ,15000,9000,6000,0,0,0,0,0,0,0,0,0,0,0,0,0,6000
2912,統一超          ,1336496,1337300,-804,0,0,0,0,2000,-2000,8000,10000,1000,9000,0,1000,-1000,5196
064930,南六統一02購02  ,0,0,0,0,0,0,0,0,0,5000,0,0,0,5000,0,5000,5000
065217,世芯國泰02購01  ,0,0,0,0,0,0,0,0,0,5000,0,0,0,5000,0,5000,5000
06777P,鴻海元大99售06  ,0,0,0,0,0,0,0,0,0,5000,0,0,0,196000,191000,5000,5000
06576P,台光電群益98售03,0,0,0,0,0,0,0,0,0,5000,0,0,0,5000,0,5000,5000
065738,國巨麥證9C購04  ,0,0,0,5000,0,5000,0,0,0,5000,0,0,0,5000,0,5000,5000
065732,健策凱基9C購04  ,0,0,0,0,0,0,0,0,0,5000,0,0,0,11000,6000,5000,5000
065834,億豐凱基03購01  ,0,0,0,0,0,0,0,0,0,5000,0,0,0,15000,10000,5000,5000
065673,嘉晶凱基01購02  ,0,0,0,0,0,0,0,0,0,5000,0,0,0,5000,0,5000,5000
1423,利華            ,0,0,0,0,0,0,0,0,0,5000,5000,0,5000,0,0,0,5000
08532P,國巨元富06售02  ,0,0,0,0,0,0,0,0,0,5000,0,0,0,55000,50000,5000,5000
08481P,臺股指凱基9C售19,0,0,0,0,0,0,0,0,0,5000,0,0,0,10000,5000,5000,5000
08515P,鴻海群益9C售06  ,0,0,0,0,0,0,0,0,0,5000,0,0,0,5000,0,5000,5000
08524P,奇力新元大9C售01,0,0,0,0,0,0,0,0,0,5000,0,0,0,5000,0,5000,5000
07587P,台灣50國票9A售11,0,0,0,0,0,0,0,0,0,5000,0,0,0,17000,12000,5000,5000
07898P,國巨國泰9C售02  ,0,0,0,0,0,0,0,0,0,5000,0,0,0,116000,111000,5000,5000
07114P,旺宏兆豐9A售01  ,0,0,0,0,0,0,0,0,0,5000,0,0,0,5000,0,5000,5000
07074P,FBVIX凱基9A售01 ,0,0,0,0,0,0,0,0,0,5000,0,0,0,5000,0,5000,5000
07462P,臺股指元大9B售05,0,0,0,0,0,0,0,0,0,5000,0,0,0,15000,10000,5000,5000
057564,台積電富邦9B購03,0,0,0,0,0,0,0,0,0,5000,0,0,0,5000,0,5000,5000
057375,欣興元大98購09  ,0,0,0,0,0,0,0,0,0,5000,0,0,0,5000,0,5000,5000
057258,中環兆豐98購01  ,0,0,0,0,0,0,0,0,0,5000,0,0,0,5000,0,5000,5000
057295,可成永豐98購02  ,0,0,0,0,0,0,0,0,0,5000,0,0,0,5000,0,5000,5000
057327,玉晶光群益9A購04,0,0,0,0,0,0,0,0,0,5000,0,0,0,9000,4000,5000,5000
056272,嘉澤統一99購01  ,0,0,0,0,0,0,0,0,0,5000,0,0,0,9000,4000,5000,5000
057425,臺股指凱基9C購02,0,0,0,0,0,0,0,0,0,5000,0,0,0,5000,0,5000,5000
058067,台積電第一9C購01,0,0,0,0,0,0,0,0,0,5000,0,0,0,5000,0,5000,5000
058059,晶技元富98購01  ,0,0,0,0,0,0,0,0,0,5000,0,0,0,10000,5000,5000,5000
056129,義隆麥證97購01  ,0,0,0,11000,5000,6000,0,0,0,5000,0,0,0,11000,6000,5000,5000
056704,健策國泰99購01  ,0,0,0,0,0,0,0,0,0,5000,0,0,0,5000,0,5000,5000
056683,台積電統一98購05,0,0,0,0,0,0,0,0,0,5000,0,0,0,5000,0,5000,5000
056552,台表科凱基99購01,0,0,0,0,0,0,0,0,0,5000,0,0,0,5000,0,5000,5000
057881,SP黃豆群益9A購01,0,0,0,0,0,0,0,0,0,5000,0,0,0,5000,0,5000,5000
056953,智邦富邦98購02  ,0,0,0,0,0,0,0,0,0,5000,0,0,0,5000,0,5000,5000
056916,台達電兆豐98購02,0,0,0,0,0,0,0,0,0,5000,0,0,0,5000,0,5000,5000
057919,技嘉凱基98購03  ,0,0,0,0,0,0,0,0,0,5000,0,0,0,65000,60000,5000,5000
056866,矽創群益98購03  ,0,0,0,0,0,0,0,0,0,5000,0,0,0,5000,0,5000,5000
054156,聯電亞東98購01  ,0,0,0,0,0,0,0,0,0,5000,0,0,0,5000,0,5000,5000
053983,樺漢元大97購02  ,0,0,0,0,0,0,0,0,0,5000,0,0,0,5000,0,5000,5000
055304,瑞昱第一98購01  ,0,0,0,0,0,0,0,0,0,5000,0,0,0,5000,0,5000,5000
055334,禾伸堂兆豐97購01,0,0,0,0,0,0,0,0,0,5000,0,0,0,5000,0,5000,5000
055376,群創元大01購01  ,0,0,0,0,0,0,0,0,0,5000,0,0,0,5000,0,5000,5000
054550,旺宏凱基98購02  ,0,0,0,0,0,0,0,0,0,5000,0,0,0,5000,0,5000,5000
054593,滬深2X永昌9A購01,0,0,0,0,0,0,0,0,0,5000,0,0,0,5000,0,5000,5000
054838,京鼎第一97購01  ,0,0,0,0,0,0,0,0,0,5000,0,0,0,5000,0,5000,5000
054756,世紀鋼凱基99購01,0,0,0,0,0,0,0,0,0,5000,0,0,0,5000,0,5000,5000
055858,聯茂元大97購03  ,0,0,0,0,0,0,0,0,0,5000,0,0,0,49000,44000,5000,5000
055859,啟碁元大97購03  ,0,0,0,0,0,0,0,0,0,5000,0,0,0,5000,0,5000,5000
053463,可成富邦98購01  ,0,0,0,0,0,0,0,0,0,5000,0,0,0,5000,0,5000,5000
053481,同欣電元大97購01,0,0,0,0,0,0,0,0,0,5000,0,0,0,5000,0,5000,5000
05349P,可成元富98售03  ,0,0,0,0,0,0,0,0,0,5000,0,0,0,5000,0,5000,5000
055604,訊芯元大98購02  ,0,0,0,0,0,0,0,0,0,5000,0,0,0,5000,0,5000,5000
03684C,臺股指元大06牛01,0,0,0,0,0,0,0,0,0,5000,0,0,0,7000,2000,5000,5000
03686C,臺股指元大04牛05,0,0,0,0,0,0,0,0,0,5000,0,0,0,5000,0,5000,5000
047418,智邦富邦97購01  ,0,0,0,0,0,0,0,0,0,5000,0,0,0,5000,0,5000,5000
049130,臺指反元大98購01,0,0,0,0,0,0,0,0,0,5000,0,0,0,5000,0,5000,5000
048105,滬深2X群益99購02,0,0,0,0,0,0,0,0,0,5000,0,0,0,5000,0,5000,5000
052958,T50反1凱基99購02,0,0,0,0,0,0,0,0,0,5000,0,0,0,5000,0,5000,5000
05242P,群創國泰97售01  ,0,0,0,0,0,0,0,0,0,5000,0,0,0,5000,0,5000,5000
051365,瀚宇博國泰97購01,0,0,0,0,0,0,0,0,0,5000,0,0,0,5000,0,5000,5000
00771,元大US高息特別股,0,0,0,0,0,0,0,0,0,5000,0,0,0,25000,20000,5000,5000
052004,泰碩國泰97購03  ,0,0,0,0,0,0,0,0,0,5000,0,0,0,5000,0,5000,5000
058741,欣興日盛99購01  ,0,0,0,0,0,0,0,0,0,5000,0,0,0,5000,0,5000,5000
059611,台積電永豐99購05,0,0,0,0,0,0,0,0,0,5000,0,0,0,5000,0,5000,5000
061040,康友永豐9A購01  ,0,0,0,0,0,0,0,0,0,5000,0,0,0,5000,0,5000,5000
060513,緯穎元大9B購01  ,0,0,0,0,0,0,0,0,0,5000,0,0,0,114000,109000,5000,5000
06154P,超眾元大98售01  ,0,0,0,0,0,0,0,0,0,5000,0,0,0,5000,0,5000,5000
061203,國巨元大9A購15  ,0,0,0,0,0,0,0,0,0,5000,0,0,0,5000,0,5000,5000
058782,臺股指國票99購01,0,0,0,0,0,0,0,0,0,5000,0,0,0,5000,0,5000,5000
059629,友達凱基99購06  ,0,0,0,0,0,0,0,0,0,5000,0,0,0,15000,10000,5000,5000
059663,旭富元大9C購02  ,0,0,0,0,0,0,0,0,0,5000,0,0,0,12000,7000,5000,5000
059217,台積電元大99購30,0,0,0,0,0,0,0,0,0,5000,0,0,0,5000,0,5000,5000
059124,台積電第一03購01,0,0,0,0,0,0,0,0,0,5000,0,0,0,5000,0,5000,5000
061311,元黃金凱基9A購03,0,0,0,0,0,0,0,0,0,5000,0,0,0,5000,0,5000,5000
058387,國巨國票9A購03  ,0,0,0,0,0,0,0,0,0,5000,0,0,0,92000,87000,5000,5000
058409,鴻海兆豐99購05  ,0,0,0,0,0,0,0,0,0,5000,0,0,0,16000,11000,5000,5000
058360,台光電凱基9A購02,0,0,0,0,0,0,0,0,0,5000,0,0,0,5000,0,5000,5000
058295,欣興凱基99購02  ,0,0,0,0,0,0,0,0,0,5000,0,0,0,25000,20000,5000,5000
058271,訊連永豐99購01  ,0,0,0,0,0,0,0,0,0,5000,0,0,0,5000,0,5000,5000
059977,鴻海元大99購40  ,0,0,0,0,0,0,0,0,0,5000,0,0,0,5000,0,5000,5000
058140,臻鼎元大99購02  ,0,0,0,0,0,0,0,0,0,5000,0,0,0,105000,100000,5000,5000
058136,景碩元大99購02  ,0,0,0,0,0,0,0,0,0,5000,0,0,0,5000,0,5000,5000
061782,智邦群益9B購01  ,0,0,0,0,0,0,0,0,0,5000,0,0,0,105000,100000,5000,5000
062140,元金2X國票9B購03,0,0,0,0,0,0,0,0,0,5000,0,0,0,5000,0,5000,5000
061952,臺股指群益9B購01,0,0,0,0,0,0,0,0,0,5000,0,0,0,5000,0,5000,5000
059021,台積電統一9B購07,0,0,0,0,0,0,0,0,0,5000,0,0,0,5000,0,5000,5000
059920,宏達電元大99購07,0,0,0,0,0,0,0,0,0,5000,0,0,0,205000,200000,5000,5000
059909,鴻海元大99購36  ,0,0,0,0,0,0,0,0,0,5000,0,0,0,25000,20000,5000,5000
060160,聯陽永豐9A購01  ,0,0,0,0,0,0,0,0,0,5000,0,0,0,5000,0,5000,5000
060013,S&P正2康和99購01,0,0,0,0,0,0,0,0,0,5000,0,0,0,5000,0,5000,5000
059966,台積電凱基99購19,0,0,0,0,0,0,0,0,0,5000,0,0,0,5000,0,5000,5000
064422,聯發科兆豐01購02,0,0,0,0,0,0,0,0,0,5000,0,0,0,10000,5000,5000,5000
064441,嘉澤凱基9C購02  ,0,0,0,0,0,0,0,0,0,5000,0,0,0,125000,120000,5000,5000
06465P,國巨統一98售04  ,0,0,0,0,0,0,0,0,0,5000,0,0,0,5000,0,5000,5000
064607,台灣50元大9C購41,0,0,0,0,0,0,0,0,0,5000,0,0,0,5000,0,5000,5000
064121,國巨元大9C購16  ,0,0,0,0,0,0,0,0,0,5000,0,0,0,55000,50000,5000,5000
06394P,台積電元大97售28,0,0,0,0,0,0,0,0,0,5000,0,0,0,5000,0,5000,5000
063935,上証2X元大9C購05,0,0,0,0,0,0,0,0,0,5000,0,0,0,10000,5000,5000,5000
06380P,臺股指統一98售02,0,0,0,0,0,0,0,0,0,5000,0,0,0,5000,0,5000,5000
063758,聯發科統一9B購14,0,0,0,0,0,0,0,0,0,5000,0,0,0,5000,0,5000,5000
063619,聯發科兆豐01購01,0,0,0,0,0,0,0,0,0,5000,0,0,0,5000,0,5000,5000
062409,巨大永豐9B購02  ,0,0,0,0,0,0,0,0,0,5000,0,0,0,213000,208000,5000,5000
062354,台達電元大9B購01,0,0,0,0,0,0,0,0,0,5000,0,0,0,8000,3000,5000,5000
062575,景碩群益9B購01  ,0,0,0,0,0,0,0,0,0,5000,0,0,0,17000,12000,5000,5000
062554,台積電凱基9B購08,0,0,0,0,0,0,0,0,0,5000,0,0,0,5000,0,5000,5000
062671,國泰金中信03購01,0,0,0,0,0,0,0,0,0,5000,0,0,0,5000,0,5000,5000
062857,SP黃豆國票9C購01,0,0,0,0,0,0,0,0,0,5000,0,0,0,45000,40000,5000,5000
062864,臺股指國票9B購21,0,0,0,0,0,0,0,0,0,5000,0,0,0,10000,5000,5000,5000
062836,同欣電群益9B購02,0,0,0,0,0,0,0,0,0,5000,0,0,0,5000,0,5000,5000
06339P,上銀統一97售06  ,0,0,0,0,0,0,0,0,0,5000,0,0,0,5000,0,5000,5000
063374,嘉澤永豐9B購04  ,0,0,0,0,0,0,0,0,0,5000,0,0,0,15000,10000,5000,5000
063404,金像電國票9B購01,0,0,0,0,0,0,0,0,0,5000,0,0,0,104000,99000,5000,5000
062944,茂林凱基9B購02  ,0,0,0,0,0,0,0,0,0,5000,0,0,0,116000,111000,5000,5000
063130,聯茂元大9B購02  ,0,0,0,0,0,0,0,0,0,5000,0,0,0,55000,50000,5000,5000
063118,中鋼元大9C購01  ,0,0,0,0,0,0,0,0,0,5000,0,0,0,5000,0,5000,5000
063222,群創群益9B購03  ,0,0,0,0,0,0,0,0,0,5000,0,0,0,52000,47000,5000,5000
2380,虹光            ,5000,0,5000,0,0,0,0,0,0,0,0,0,0,0,0,0,5000
9906,欣巴巴          ,8000,3000,5000,0,0,0,0,0,0,0,0,0,0,0,0,0,5000
07416P,台積電元大99售53,0,0,0,0,0,0,0,0,0,4000,0,0,0,54000,50000,4000,4000
07160P,台灣50中信03售04,0,0,0,0,0,0,0,0,0,4000,0,0,0,4000,0,4000,4000
06901P,亞德客凱基98售02,0,0,0,0,0,0,0,0,0,4000,0,0,0,6000,2000,4000,4000
07825P,健策國泰9B售04  ,0,0,0,0,0,0,0,0,0,4000,0,0,0,35000,31000,4000,4000
08096P,大立光元富9B售04,0,0,0,0,0,0,0,0,0,4000,0,0,0,40000,36000,4000,4000
08504P,臺股指國票9C售06,0,0,0,0,0,0,0,0,0,4000,0,0,0,19000,15000,4000,4000
08365P,貿聯凱基9C售01  ,0,0,0,0,0,0,0,0,0,4000,0,0,0,20000,16000,4000,4000
08326P,臺股指凱基9C售09,0,0,0,0,0,0,0,0,0,4000,0,0,0,15000,11000,4000,4000
08140P,祥碩元大9B售07  ,0,0,0,0,0,0,0,0,0,4000,0,0,0,152000,148000,4000,4000
1468,昶和            ,4000,0,4000,0,0,0,0,0,0,0,0,0,0,0,0,0,4000
1110,東泥            ,4000,0,4000,0,0,0,0,0,0,0,0,0,0,0,0,0,4000
1203,味王            ,15000,11000,4000,0,0,0,0,0,0,0,0,0,0,0,0,0,4000
2033,佳大            ,4000,0,4000,0,0,0,0,0,0,0,0,0,0,0,0,0,4000
1524,耿鼎            ,6000,2000,4000,0,0,0,0,0,0,0,0,0,0,0,0,0,4000
065413,玉晶光永豐9C購10,0,0,0,0,0,0,0,0,0,4000,0,0,0,4000,0,4000,4000
06813P,友訊元富98售03  ,0,0,0,0,0,0,0,0,0,4000,0,0,0,690000,686000,4000,4000
065290,奇鋐群益9C購01  ,0,0,0,0,0,0,0,0,0,4000,0,0,0,34000,30000,4000,4000
06504P,麗豐國票99售02  ,0,0,0,0,0,0,0,0,0,4000,0,0,0,4000,0,4000,4000
00866,新光Shiller CAPE,0,0,0,0,0,0,0,0,0,4000,0,0,0,30000,26000,4000,4000
00680L,元大美債20正2   ,0,0,0,0,0,0,0,0,0,4000,0,0,0,31000,27000,4000,4000
048414,滬深2X統一98購01,0,0,0,0,0,0,0,0,0,4000,0,0,0,53000,49000,4000,4000
03012X,元展12          ,0,0,0,0,0,0,0,0,0,4000,0,0,0,4000,0,4000,4000
051083,A50正2元大98購01,0,0,0,0,0,0,0,0,0,4000,0,0,0,4000,0,4000,4000
054783,國巨群益98購04  ,0,0,0,0,0,0,0,0,0,4000,0,0,0,4000,0,4000,4000
054926,神達凱基98購01  ,0,0,0,0,0,0,0,0,0,4000,0,0,0,50000,46000,4000,4000
055919,景碩凱基98購02  ,0,0,0,0,0,0,0,0,0,4000,0,0,0,4000,0,4000,4000
055215,智邦凱基98購02  ,0,0,0,0,0,0,0,0,0,4000,0,0,0,14000,10000,4000,4000
054495,滬深2X永豐97購02,0,0,0,0,0,0,0,0,0,4000,0,0,0,4000,0,4000,4000
056791,嘉聯益群益98購01,0,0,0,0,0,0,0,0,0,4000,0,0,0,4000,0,4000,4000
056795,鴻海麥證98購01  ,0,0,0,4000,2000,2000,0,0,0,4000,0,0,0,6000,2000,4000,4000
057861,台積電凱基98購16,0,0,0,0,0,0,0,0,0,4000,0,0,0,5000,1000,4000,4000
056542,緯創凱基98購01  ,0,0,0,0,0,0,0,0,0,4000,0,0,0,15000,11000,4000,4000
056658,美食元大98購01  ,0,0,0,0,0,0,0,0,0,4000,0,0,0,4000,0,4000,4000
058055,華擎統一9A購01  ,0,0,0,0,0,0,0,0,0,4000,0,0,0,4000,0,4000,4000
058063,旺宏中信98購04  ,0,0,0,0,0,0,0,0,0,4000,0,0,0,11000,7000,4000,4000
057792,群創統一99購01  ,0,0,0,0,0,0,0,0,0,4000,0,0,0,4000,0,4000,4000
057288,聯茂元大98購03  ,0,0,0,0,0,0,0,0,0,4000,0,0,0,8000,4000,4000,4000
057241,超眾凱基99購02  ,0,0,0,0,0,0,0,0,0,4000,0,0,0,31000,27000,4000,4000
057511,健策統一98購02  ,0,0,0,0,0,0,0,0,0,4000,0,0,0,4000,0,4000,4000
057606,健策統一98購03  ,0,0,0,0,0,0,0,0,0,4000,0,0,0,4000,0,4000,4000
060735,鴻海統一9C購03  ,0,0,0,0,0,0,0,0,0,4000,0,0,0,41000,37000,4000,4000
060855,華新科富邦01購01,0,0,0,0,0,0,0,0,0,4000,0,0,0,54000,50000,4000,4000
061139,玉晶光統一9C購02,0,0,0,0,0,0,0,0,0,4000,0,0,0,20000,16000,4000,4000
060987,華新科元大9A購11,0,0,0,0,0,0,0,0,0,4000,0,0,0,104000,100000,4000,4000
060022,勤誠康和99購01  ,0,0,0,0,0,0,0,0,0,4000,0,0,0,4000,0,4000,4000
061509,SP黃豆富邦9C購01,0,0,0,0,0,0,0,0,0,4000,0,0,0,63000,59000,4000,4000
060155,友訊永豐9A購01  ,0,0,0,0,0,0,0,0,0,4000,0,0,0,4000,0,4000,4000
059860,台積電群益9A購02,0,0,0,0,0,0,0,0,0,4000,0,0,0,49000,45000,4000,4000
059871,義隆凱基99購03  ,0,0,0,0,0,0,0,0,0,4000,0,0,0,22000,18000,4000,4000
061840,長榮航凱基9C購01,0,0,0,0,0,0,0,0,0,4000,0,0,0,20000,16000,4000,4000
058333,鴻海元富99購04  ,0,0,0,0,0,0,0,0,0,4000,0,0,0,4000,0,4000,4000
058839,瑞儀中信99購02  ,0,0,0,0,0,0,0,0,0,4000,0,0,0,24000,20000,4000,4000
061077,國巨兆豐9B購01  ,0,0,0,0,0,0,0,0,0,4000,0,0,0,28000,24000,4000,4000
061211,玉晶光元大9A購12,0,0,0,0,0,0,0,0,0,4000,0,0,0,4000,0,4000,4000
061206,旺宏元大9A購12  ,0,0,0,0,0,0,0,0,0,4000,0,0,0,4000,0,4000,4000
05953P,台積電國票98售02,0,0,0,0,0,0,0,0,0,4000,0,0,0,4000,0,4000,4000
058701,鴻海元大99購16  ,0,0,0,0,0,0,0,0,0,4000,0,0,0,36000,32000,4000,4000
062888,漢唐群益9B購01  ,0,0,0,0,0,0,0,0,0,4000,0,0,0,70000,66000,4000,4000
063065,聯發科麥證9C購01,0,0,0,4000,0,4000,0,0,0,4000,0,0,0,4000,0,4000,4000
063510,台表科群益9C購01,0,0,0,0,0,0,0,0,0,4000,0,0,0,133000,129000,4000,4000
063304,大立光凱基01購02,0,0,0,0,0,0,0,0,0,4000,0,0,0,4000,0,4000,4000
062710,盛群元大9B購01  ,0,0,0,0,0,0,0,0,0,4000,0,0,0,340000,336000,4000,4000
063950,信邦元大9C購01  ,0,0,0,0,0,0,0,0,0,4000,0,0,0,372000,368000,4000,4000
064076,台積電中信06購02,0,0,0,0,0,0,0,0,0,4000,0,0,0,14000,10000,4000,4000
064169,南電統一9C購01  ,0,0,0,0,0,0,0,0,0,4000,0,0,0,8000,4000,4000,4000
2108,南帝            ,213000,605000,-392000,0,0,0,348000,5000,343000,53000,53000,0,53000,0,0,0,4000
2477,美隆電          ,8000,4000,4000,0,0,0,0,0,0,0,0,0,0,0,0,0,4000
5284,jpp-KY          ,5000,1000,4000,0,0,0,0,0,0,0,0,0,0,0,0,0,4000
5515,建國            ,48000,44000,4000,0,0,0,0,0,0,0,0,0,0,0,0,0,4000
6152,百一            ,4000,0,4000,0,0,0,0,0,0,0,0,0,0,0,0,0,4000
3588,通嘉            ,147000,145000,2000,0,0,0,3000,0,3000,-1000,0,1000,-1000,0,0,0,4000
065317,上銀凱基9C購03  ,0,0,0,0,0,0,0,0,0,3000,0,0,0,50000,47000,3000,3000
065373,聯發科元大01購03,0,0,0,0,0,0,0,0,0,3000,0,0,0,3000,0,3000,3000
065116,臺股指國票9C購13,0,0,0,0,0,0,0,0,0,3000,0,0,0,6000,3000,3000,3000
065109,台勝科國票01購01,0,0,0,0,0,0,0,0,0,3000,0,0,0,3000,0,3000,3000
06653P,美食元大98售02  ,0,0,0,0,0,0,0,0,0,3000,0,0,0,3000,0,3000,3000
06680P,智邦元大98售06  ,0,0,0,0,0,0,0,0,0,3000,0,0,0,3000,0,3000,3000
065817,聯發科元富03購08,0,0,0,0,0,0,0,0,0,3000,0,0,0,3000,0,3000,3000
065869,微星群益02購01  ,0,0,0,0,0,0,0,0,0,3000,0,0,0,3000,0,3000,3000
08160P,茂林元富9B售03  ,0,0,0,0,0,0,0,0,0,3000,0,0,0,63000,60000,3000,3000
08199P,大毅元大9B售02  ,0,0,0,0,0,0,0,0,0,3000,0,0,0,3000,0,3000,3000
08463P,台灣50國泰02售02,0,0,0,0,0,0,0,0,0,3000,0,0,0,110000,107000,3000,3000
08513P,聯發科凱基9C售08,0,0,0,0,0,0,0,0,0,3000,0,0,0,3000,0,3000,3000
08048P,臺股指國票9B售13,0,0,0,0,0,0,0,0,0,3000,0,0,0,5000,2000,3000,3000
08038P,臺股指群益9B售11,0,0,0,0,0,0,0,0,0,3000,0,0,0,3000,0,3000,3000
07603P,台積電統一9B售08,0,0,0,0,0,0,0,0,0,3000,0,0,0,3000,0,3000,3000
07134P,臺股指元大9A售28,0,0,0,0,0,0,0,0,0,3000,0,0,0,61000,58000,3000,3000
07424P,大立光元大9B售01,0,0,0,0,0,0,0,0,0,3000,0,0,0,112000,109000,3000,3000
07420P,可成元大99售07  ,0,0,0,0,0,0,0,0,0,3000,0,0,0,3000,0,3000,3000
07520P,臺股指元大9B售11,0,0,0,0,0,0,0,0,0,3000,0,0,0,3000,0,3000,3000
07274P,上証2X群益01售01,0,0,0,0,0,0,0,0,0,3000,0,0,0,5000,2000,3000,3000
061004,友達兆豐9A購01  ,0,0,0,0,0,0,0,0,0,3000,0,0,0,34000,31000,3000,3000
060732,玉晶光群益9C購02,0,0,0,0,0,0,0,0,0,3000,0,0,0,3000,0,3000,3000
057346,鴻海統一98購13  ,0,10000,-10000,0,0,0,0,0,0,13000,0,0,0,46000,33000,13000,3000
056386,TPK國泰99購01   ,0,0,0,0,0,0,0,0,0,3000,0,0,0,157000,154000,3000,3000
056379,玉晶光元富98購01,0,0,0,0,0,0,0,0,0,3000,0,0,0,3000,0,3000,3000
057341,技嘉台新98購01  ,0,0,0,0,0,0,0,0,0,3000,0,0,0,3000,0,3000,3000
057707,臺股指群益98購07,0,0,0,0,0,0,0,0,0,3000,0,0,0,3000,0,3000,3000
058010,帆宣國票98購01  ,0,0,0,0,0,0,0,0,0,3000,0,0,0,103000,100000,3000,3000
057491,美食元大98購03  ,0,0,0,0,0,0,0,0,0,3000,0,0,0,5000,2000,3000,3000
057048,新日興元大98購01,0,0,0,0,0,0,0,0,0,3000,0,0,0,100000,97000,3000,3000
056376,玉晶光統一98購01,0,0,0,0,0,0,0,0,0,3000,0,0,0,6000,3000,3000,3000
056421,鴻海統一98購08  ,0,0,0,0,0,0,0,0,0,3000,0,0,0,3000,0,3000,3000
056978,技嘉群益99購01  ,0,0,0,0,0,0,0,0,0,3000,0,0,0,3000,0,3000,3000
054051,貿聯元大97購03  ,0,0,0,0,0,0,0,0,0,3000,0,0,0,3000,0,3000,3000
054704,玉晶光第一97購01,0,0,0,0,0,0,0,0,0,3000,0,0,0,3000,0,3000,3000
03091X,元展85          ,0,0,0,0,0,0,0,0,0,3000,0,0,0,3000,0,3000,3000
050196,嘉聯益元大97購01,0,0,0,0,0,0,0,0,0,3000,0,0,0,3000,0,3000,3000
03674C,臺股指元富9C牛02,0,0,0,0,0,0,0,0,0,3000,0,0,0,9000,6000,3000,3000
055889,鴻海統一97購05  ,0,0,0,0,0,0,0,0,0,3000,0,0,0,3000,0,3000,3000
053723,奇鋐凱基98購01  ,0,0,0,0,0,0,0,0,0,3000,0,0,0,20000,17000,3000,3000
035275,台積電台新97購01,0,0,0,0,0,0,0,0,0,3000,0,0,0,3000,0,3000,3000
053371,滬深2X元大99購01,0,0,0,0,0,0,0,0,0,3000,0,0,0,3000,0,3000,3000
053258,上証2X群益9A購03,0,0,0,0,0,0,0,0,0,3000,0,0,0,3000,0,3000,3000
052835,滬深2X國泰98購01,0,0,0,0,0,0,0,0,0,3000,0,0,0,3000,0,3000,3000
052863,友達凱基98購02  ,0,0,0,0,0,0,0,0,0,3000,0,0,0,30000,27000,3000,3000
052890,FB上証群益9B購01,0,0,0,0,0,0,0,0,0,3000,0,0,0,5000,2000,3000,3000
060878,奇力新中信9C購01,0,0,0,0,0,0,0,0,0,3000,0,0,0,23000,20000,3000,3000
060520,臺指2X中信01購02,0,0,0,0,0,0,0,0,0,3000,0,0,0,3000,0,3000,3000
061066,嘉晶凱基9B購01  ,0,0,0,0,0,0,0,0,0,3000,0,0,0,40000,37000,3000,3000
058819,華通國泰9B購01  ,0,0,0,0,0,0,0,0,0,3000,0,0,0,3000,0,3000,3000
059661,大立光元大99購22,0,0,0,0,0,0,0,0,0,3000,0,0,0,3000,0,3000,3000
059640,聯詠凱基99購04  ,0,0,0,0,0,0,0,0,0,3000,0,0,0,3000,0,3000,3000
061229,緯穎中信9B購01  ,0,0,0,0,0,0,0,0,0,3000,0,0,0,13000,10000,3000,3000
058470,台灣50日盛9B購02,0,0,0,0,0,0,0,0,0,3000,0,0,0,3000,0,3000,3000
059145,創意國票99購02  ,0,0,0,0,0,0,0,0,0,3000,0,0,0,15000,12000,3000,3000
059176,臺股指凱基99購27,0,0,0,0,0,0,0,0,0,3000,0,0,0,3000,0,3000,3000
059219,旺宏元大99購12  ,0,0,0,0,0,0,0,0,0,3000,0,0,0,10000,7000,3000,3000
059824,大立光凱基99購13,0,0,0,0,0,0,0,0,0,3000,0,0,0,3000,0,3000,3000
059768,上証2X群益9C購02,0,0,0,0,0,0,0,0,0,3000,0,0,0,3000,0,3000,3000
061881,緯穎元大9B購02  ,0,0,0,0,0,0,0,0,0,3000,0,0,0,96000,93000,3000,3000
058235,大立光元大99購08,0,0,0,0,0,0,0,0,0,3000,0,0,0,3000,0,3000,3000
059986,宏達電元大99購08,0,0,0,0,0,0,0,0,0,3000,0,0,0,111000,108000,3000,3000
061699,燿華國票9A購01  ,0,0,0,0,0,0,0,0,0,3000,0,0,0,103000,100000,3000,3000
061714,華新科凱基9A購15,0,0,0,0,0,0,0,0,0,3000,0,0,0,3000,0,3000,3000
062085,同欣電元大9B購01,0,0,0,0,0,0,0,0,0,3000,0,0,0,21000,18000,3000,3000
059912,國巨元大99購28  ,0,0,0,0,0,0,0,0,0,3000,0,0,0,30000,27000,3000,3000
061507,南電國票9A購05  ,0,0,0,0,0,0,0,0,0,3000,0,0,0,12000,9000,3000,3000
060025,台積電富邦9C購06,0,0,0,0,0,0,0,0,0,3000,0,0,0,3000,0,3000,3000
063963,鴻海國票01購01  ,0,0,0,0,0,0,0,0,0,3000,0,0,0,19000,16000,3000,3000
063682,達新永豐9B購01  ,0,0,0,0,0,0,0,0,0,3000,0,0,0,3000,0,3000,3000
063877,鴻海元富9C購01  ,0,0,0,0,0,0,0,0,0,3000,0,0,0,3000,0,3000,3000
064506,康控元大9C購02  ,0,0,0,0,0,0,0,0,0,3000,0,0,0,317000,314000,3000,3000
064675,A50正2兆豐01購01,0,0,0,0,0,0,0,0,0,3000,0,0,0,3000,0,3000,3000
064195,晶豪科群益9C購01,0,0,0,0,0,0,0,0,0,3000,0,0,0,160000,157000,3000,3000
062619,台表科元大9B購03,0,0,0,0,0,0,0,0,0,3000,0,0,0,62000,59000,3000,3000
062452,A50正2群益01購04,0,0,0,0,0,0,0,0,0,3000,0,0,0,3000,0,3000,3000
063425,台勝科凱基9B購02,0,0,0,0,0,0,0,0,0,3000,0,0,0,5000,2000,3000,3000
063105,健策群益9C購01  ,0,0,0,0,0,0,0,0,0,3000,0,0,0,5000,2000,3000,3000
5283,禾聯碩          ,0,7000,-7000,0,0,0,1000,0,1000,9000,9000,0,9000,0,0,0,3000
4755,三福化          ,6000,2000,4000,0,0,0,0,0,0,-1000,0,1000,-1000,0,0,0,3000
4912,聯德控股-KY     ,3000,0,3000,0,0,0,0,0,0,0,0,0,0,0,0,0,3000
2851,中再保          ,14000,11000,3000,0,0,0,0,0,0,0,0,0,0,0,0,0,3000
8467,波力-KY         ,3000,0,3000,0,0,0,0,0,0,0,0,0,0,0,0,0,3000
6464,台數科          ,5000,2000,3000,0,0,0,0,0,0,0,0,0,0,0,0,0,3000
6155,鈞寶            ,15000,9000,6000,0,0,0,0,0,0,-3010,0,3010,-3010,0,0,0,2990
07220P,台灣50中信03售05,0,0,0,0,0,0,0,0,0,2000,0,0,0,2000,0,2000,2000
07570P,旺宏凱基9A售04  ,0,0,0,0,0,0,0,0,0,2000,0,0,0,2000,0,2000,2000
06937P,GIS元大98售03   ,0,0,0,0,0,0,0,0,0,2000,0,0,0,2000,0,2000,2000
08027P,嘉晶元大9B售03  ,0,0,0,0,0,0,0,0,0,2000,0,0,0,2000,0,2000,2000
07873P,華新科群益9B售03,0,0,0,0,0,0,0,0,0,2000,0,0,0,2000,0,2000,2000
08586P,台積電第一9C售02,0,0,0,0,0,0,0,0,0,2000,0,0,0,21000,19000,2000,2000
08395P,燿華永豐9C售02  ,0,0,0,0,0,0,0,0,0,2000,0,0,0,2000,0,2000,2000
08193P,同欣電國票9C售02,0,0,0,0,0,0,0,0,0,2000,0,0,0,22000,20000,2000,2000
1568,倉佑            ,2000,0,2000,0,0,0,0,0,0,0,0,0,0,0,0,0,2000
2038,海光            ,6000,4000,2000,0,0,0,0,0,0,0,0,0,0,0,0,0,2000
1441,大東            ,2000,0,2000,0,0,0,0,0,0,0,0,0,0,0,0,0,2000
1312A,國喬特          ,0,0,0,0,0,0,0,0,0,2000,2000,0,2000,0,0,0,2000
065641,台積電元大9C購12,0,0,0,0,0,0,0,0,0,2000,0,0,0,20000,18000,2000,2000
065563,T50反1群益9C購04,0,0,0,0,0,0,0,0,0,2000,0,0,0,2000,0,2000,2000
065622,鴻海中信06購01  ,0,0,0,0,0,0,0,0,0,2000,0,0,0,31000,29000,2000,2000
065117,臺股指國票9C購14,0,0,0,0,0,0,0,0,0,2000,0,0,0,8000,6000,2000,2000
065135,和大凱基01購01  ,0,0,0,0,0,0,0,0,0,2000,0,0,0,200000,198000,2000,2000
064960,世紀鋼凱基03購01,0,0,0,0,0,0,0,0,0,2000,0,0,0,7000,5000,2000,2000
052594,友訊群益98購01  ,0,0,0,0,0,0,0,0,0,2000,0,0,0,2000,0,2000,2000
051728,道瓊反國票97購01,0,0,0,0,0,0,0,0,0,2000,0,0,0,2000,0,2000,2000
00663L,國泰臺灣加權正2 ,0,0,0,0,0,0,0,0,0,2000,0,0,0,27000,25000,2000,2000
006204,永豐臺灣加權    ,0,0,0,0,0,0,0,0,0,2000,0,0,0,4000,2000,2000,2000
00625K,富邦上証+R      ,0,0,0,0,0,0,0,0,0,2000,0,0,0,52000,50000,2000,2000
020004,兆豐電菁英30N   ,0,0,0,0,0,0,0,0,0,2000,0,0,0,2000,0,2000,2000
053561,玉晶光國泰98購01,0,0,0,0,0,0,0,0,0,2000,0,0,0,2000,0,2000,2000
053438,玉晶光麥證97購02,0,0,0,2000,0,2000,0,0,0,2000,0,0,0,2000,0,2000,2000
055519,茂林中信99購01  ,0,0,0,0,0,0,0,0,0,2000,0,0,0,12000,10000,2000,2000
03678C,臺股指凱基01牛02,0,0,0,0,0,0,0,0,0,2000,0,0,0,7000,5000,2000,2000
036630,玉山金台新99購01,0,0,0,0,0,0,0,0,0,2000,0,0,0,2000,0,2000,2000
03669C,滬深2X元富09牛01,0,0,0,0,0,0,0,0,0,2000,0,0,0,4000,2000,2000,2000
054806,台化元大9A購01  ,0,0,0,0,0,0,0,0,0,2000,0,0,0,2000,0,2000,2000
054786,全新群益99購02  ,0,0,0,0,0,0,0,0,0,2000,0,0,0,3000,1000,2000,2000
054710,東元元富97購01  ,0,0,0,0,0,0,0,0,0,2000,0,0,0,2000,0,2000,2000
055012,茂林元富97購01  ,0,0,0,0,0,0,0,0,0,2000,0,0,0,2000,0,2000,2000
055096,緯穎群益97購01  ,0,0,0,0,0,0,0,0,0,2000,0,0,0,2000,0,2000,2000
054352,世芯國泰98購01  ,0,0,0,0,0,0,0,0,0,2000,0,0,0,2000,0,2000,2000
053947,義隆富邦97購01  ,0,0,0,0,0,0,0,0,0,2000,0,0,0,2000,0,2000,2000
053764,A50正2富邦99購01,0,0,0,0,0,0,0,0,0,2000,0,0,0,12000,10000,2000,2000
056816,華通永豐98購02  ,0,0,0,0,0,0,0,0,0,2000,0,0,0,480000,478000,2000,2000
05793P,臺股指中信99售08,0,0,0,0,0,0,0,0,0,2000,0,0,0,5000,3000,2000,2000
057000,亞德客國票99購01,0,0,0,0,0,0,0,0,0,2000,0,0,0,2000,0,2000,2000
057889,致新群益99購01  ,0,0,0,0,0,0,0,0,0,2000,0,0,0,2000,0,2000,2000
056420,台表科元富98購01,0,0,0,0,0,0,0,0,0,2000,0,0,0,5000,3000,2000,2000
056702,欣興國泰9A購01  ,0,0,0,0,0,0,0,0,0,2000,0,0,0,18000,16000,2000,2000
056637,台光電日盛9A購01,0,0,0,0,0,0,0,0,0,2000,0,0,0,8000,6000,2000,2000
056171,鴻海元富97購10  ,0,0,0,0,0,0,0,0,0,2000,0,0,0,2000,0,2000,2000
058068,旺宏凱基98購11  ,0,0,0,0,0,0,0,0,0,2000,0,0,0,70000,68000,2000,2000
057692,臺股指凱基98購10,0,0,0,0,0,0,0,0,0,2000,0,0,0,5000,3000,2000,2000
057748,華通國票98購04  ,0,0,0,0,0,0,0,0,0,2000,0,0,0,2000,0,2000,2000
057399,滬深反群益9C購01,0,0,0,0,0,0,0,0,0,2000,0,0,0,2000,0,2000,2000
056192,智邦富邦98購01  ,0,0,0,0,0,0,0,0,0,2000,0,0,0,2000,0,2000,2000
057550,聯發科凱基02購01,0,0,0,0,0,0,0,0,0,2000,0,0,0,2000,0,2000,2000
057621,崇越凱基98購01  ,0,0,0,0,0,0,0,0,0,2000,0,0,0,2000,0,2000,2000
060756,鴻海元大9A購16  ,0,0,0,0,0,0,0,0,0,2000,0,0,0,11000,9000,2000,2000
061148,道瓊反群益9A購02,0,0,0,0,0,0,0,0,0,2000,0,0,0,2000,0,2000,2000
060011,臺股指群益9C購06,0,0,0,0,0,0,0,0,0,2000,0,0,0,3000,1000,2000,2000
060107,旭富元大99購03  ,0,0,0,0,0,0,0,0,0,2000,0,0,0,195000,193000,2000,2000
061401,華擎兆豐9B購01  ,0,0,0,0,0,0,0,0,0,2000,0,0,0,2000,0,2000,2000
061411,T50反1群益9A購05,0,0,0,0,0,0,0,0,0,2000,0,0,0,2000,0,2000,2000
059032,元石油群益9C購03,0,0,0,0,0,0,0,0,0,2000,0,0,0,2000,0,2000,2000
059000,台積電元大99購25,0,0,0,0,0,0,0,0,0,2000,0,0,0,2000,0,2000,2000
058988,大立光凱基9A購02,0,0,0,0,0,0,0,0,0,2000,0,0,0,2000,0,2000,2000
059336,台灣50凱基9A購02,0,0,0,0,0,0,0,0,0,2000,0,0,0,2000,0,2000,2000
059466,國巨元大99購26  ,0,0,0,0,0,0,0,0,0,2000,0,0,0,9000,7000,2000,2000
061730,旺宏統一01購02  ,0,0,0,0,0,0,0,0,0,2000,0,0,0,2000,0,2000,2000
061915,T50反1凱基02購02,0,0,0,0,0,0,0,0,0,2000,0,0,0,149000,147000,2000,2000
061872,友達元大9C購06  ,0,0,0,0,0,0,0,0,0,2000,0,0,0,234000,232000,2000,2000
061240,華新科兆豐9A購01,0,0,0,0,0,0,0,0,0,2000,0,0,0,2000,0,2000,2000
061277,智邦台新9A購01  ,0,0,0,0,0,0,0,0,0,2000,0,0,0,6000,4000,2000,2000
059312,元石油元大99購05,0,0,0,0,0,0,0,0,0,2000,0,0,0,2000,0,2000,2000
059257,臺股指凱基99購35,0,0,0,0,0,0,0,0,0,2000,0,0,0,7000,5000,2000,2000
059259,FBVIX中信03購06 ,0,0,0,0,0,0,0,0,0,2000,0,0,0,148000,146000,2000,2000
059159,上銀凱基99購05  ,0,0,0,0,0,0,0,0,0,2000,0,0,0,2000,0,2000,2000
059138,台積電兆豐99購04,0,0,0,0,0,0,0,0,0,2000,0,0,0,2000,0,2000,2000
058266,宏達電永豐99購01,0,0,0,0,0,0,0,0,0,2000,0,0,0,2000,0,2000,2000
058624,台積電國票99購09,0,0,0,0,0,0,0,0,0,2000,0,0,0,3000,1000,2000,2000
058576,南亞科群益99購01,0,0,0,0,0,0,0,0,0,2000,0,0,0,2000,0,2000,2000
061050,康友中信9A購01  ,0,0,0,0,0,0,0,0,0,2000,0,0,0,2000,0,2000,2000
060526,台積電中信9A購02,0,0,0,0,0,0,0,0,0,2000,0,0,0,2000,0,2000,2000
060502,國巨元大9A購07  ,0,0,0,0,0,0,0,0,0,2000,0,0,0,4000,2000,2000,2000
061551,GIS群益9A購01   ,0,0,0,0,0,0,0,0,0,2000,0,0,0,2000,0,2000,2000
061221,臺股指元大9A購58,0,0,0,0,0,0,0,0,0,2000,0,0,0,2000,0,2000,2000
061540,台積電群益9A購07,0,0,0,0,0,0,0,0,0,2000,0,0,0,2000,0,2000,2000
059583,台灣50元大01購10,0,0,0,0,0,0,0,0,0,2000,0,0,0,2000,0,2000,2000
059591,台積電元大9A購04,0,0,0,0,0,0,0,0,0,2000,0,0,0,2000,0,2000,2000
063046,聯發科兆豐9C購01,0,0,0,0,0,0,0,0,0,2000,0,0,0,2000,0,2000,2000
063047,大立光兆豐9B購03,0,0,0,0,0,0,0,0,0,2000,0,0,0,2000,0,2000,2000
06345P,臺股指統一9A售01,0,0,0,0,0,0,0,0,0,2000,0,0,0,2000,0,2000,2000
063302,國巨凱基9C購05  ,0,0,0,0,0,0,0,0,0,2000,0,0,0,20000,18000,2000,2000
063363,鴻海富邦9B購02  ,0,0,0,0,0,0,0,0,0,2000,0,0,0,2000,0,2000,2000
062378,台表科元大9C購01,0,0,0,0,0,0,0,0,0,2000,0,0,0,33000,31000,2000,2000
062385,玉晶光國泰01購01,0,0,0,0,0,0,0,0,0,2000,0,0,0,2000,0,2000,2000
062418,台積電統一01購06,0,0,0,0,0,0,0,0,0,2000,0,0,0,2000,0,2000,2000
062209,台積電台新9B購05,0,0,0,0,0,0,0,0,0,2000,0,0,0,2000,0,2000,2000
062676,南六台新9B購01  ,0,0,0,0,0,0,0,0,0,2000,0,0,0,2000,0,2000,2000
062705,美食元大9B購01  ,0,0,0,0,0,0,0,0,0,2000,0,0,0,2000,0,2000,2000
062776,鴻海元大9B購03  ,0,0,0,0,0,0,0,0,0,2000,0,0,0,19000,17000,2000,2000
062831,嘉澤群益9B購01  ,0,0,0,0,0,0,0,0,0,2000,0,0,0,100000,98000,2000,2000
062808,祥碩統一9C購01  ,0,0,0,0,0,0,0,0,0,2000,0,0,0,2000,0,2000,2000
062853,大毅永豐9B購03  ,0,0,0,0,0,0,0,0,0,2000,0,0,0,2000,0,2000,2000
064341,聯詠元大9C購01  ,0,0,0,0,0,0,0,0,0,2000,0,0,0,41000,39000,2000,2000
064395,華新科永豐9C購02,0,0,0,0,0,0,0,0,0,2000,0,0,0,2000,0,2000,2000
064181,景碩富邦9C購01  ,0,0,0,0,0,0,0,0,0,2000,0,0,0,2000,0,2000,2000
6164,華興            ,4000,2000,2000,0,0,0,0,0,0,0,0,0,0,0,0,0,2000
4737,華廣            ,2000,0,2000,0,0,0,0,0,0,0,0,0,0,0,0,0,2000
3701,大眾控          ,2000,0,2000,0,0,0,0,0,0,0,0,0,0,0,0,0,2000
3308,聯德            ,2000,0,2000,0,0,0,0,0,0,0,0,0,0,0,0,0,2000
2832,台產            ,5000,3000,2000,0,0,0,0,0,0,0,0,0,0,0,0,0,2000
2836,高雄銀          ,61000,57000,4000,0,0,0,0,0,0,-2000,0,2000,-2000,0,0,0,2000
2712,遠雄來          ,2000,0,2000,0,0,0,0,0,0,0,0,0,0,0,0,0,2000
2731,雄獅            ,29000,27000,2000,0,0,0,0,0,0,0,0,0,0,0,0,0,2000
3011,今皓            ,5000,3000,2000,0,0,0,0,0,0,0,0,0,0,0,0,0,2000
6579,研揚            ,4000,0,4000,0,0,0,0,0,0,-2000,0,2000,-2000,0,0,0,2000
9924,福興            ,17000,13000,4000,0,0,0,0,0,0,-2000,0,2000,-2000,0,0,0,2000
064953,嘉晶凱基9C購02  ,0,0,0,0,0,0,0,0,0,1000,0,0,0,48000,47000,1000,1000
065050,世芯凱基9C購01  ,0,0,0,0,0,0,0,0,0,1000,0,0,0,11000,10000,1000,1000
065058,東元群益9C購01  ,0,0,0,0,0,0,0,0,0,1000,0,0,0,44000,43000,1000,1000
06505P,康控國票99售02  ,0,0,0,0,0,0,0,0,0,1000,0,0,0,21000,20000,1000,1000
065066,南電群益9C購02  ,0,0,0,0,0,0,0,0,0,1000,0,0,0,9000,8000,1000,1000
065115,臺股指國票9C購12,0,0,0,0,0,0,0,0,0,1000,0,0,0,1000,0,1000,1000
065365,國巨元大9C購19  ,0,0,0,0,0,0,0,0,0,1000,0,0,0,6000,5000,1000,1000
065386,華通兆豐9C購02  ,0,0,0,0,0,0,0,0,0,1000,0,0,0,1000,0,1000,1000
06688P,鴻海中信02售01  ,0,0,0,0,0,0,0,0,0,1000,0,0,0,31000,30000,1000,1000
06702P,智邦元富98售01  ,0,0,0,0,0,0,0,0,0,1000,0,0,0,1000,0,1000,1000
06589P,台積電元大98售12,0,0,0,0,0,0,0,0,0,1000,0,0,0,1000,0,1000,1000
1341,富林-KY         ,1000,0,1000,0,0,0,0,0,0,0,0,0,0,0,0,0,1000
1453,大將            ,5000,4000,1000,0,0,0,0,0,0,0,0,0,0,0,0,0,1000
1470,大統新創        ,1000,0,1000,0,0,0,0,0,0,0,0,0,0,0,0,0,1000
1472,三洋紡          ,14000,13000,1000,0,0,0,0,0,0,0,0,0,0,0,0,0,1000
1101B,台泥乙特        ,0,0,0,0,0,0,0,0,0,1000,1000,0,1000,0,0,0,1000
08652P,鴻海群益9C售09  ,0,0,0,0,0,0,0,0,0,1000,0,0,0,1000,0,1000,1000
1256,鮮活果汁-KY     ,3000,1000,2000,0,0,0,0,0,0,-1000,0,1000,-1000,0,0,0,1000
1805,寶徠            ,1000,0,1000,0,0,0,0,0,0,0,0,0,0,0,0,0,1000
1806,冠軍            ,5000,4000,1000,0,0,0,0,0,0,0,0,0,0,0,0,0,1000
1587,吉茂            ,23000,18000,5000,0,0,0,0,0,0,-4000,0,4000,-4000,0,0,0,1000
1612,宏泰            ,1000,60000,-59000,0,0,0,0,0,0,60000,60000,0,60000,0,0,0,1000
1725,元禎            ,1000,0,1000,0,0,0,0,0,0,0,0,0,0,0,0,0,1000
1726,永記            ,1000,0,1000,0,0,0,0,0,0,0,0,0,0,0,0,0,1000
08323P,華新科凱基9C售04,0,0,0,0,0,0,0,0,0,1000,0,0,0,2000,1000,1000,1000
08259P,華新科元大9C售04,0,0,0,0,0,0,0,0,0,1000,0,0,0,1000,0,1000,1000
08305P,茂林群益9C售01  ,0,0,0,0,0,0,0,0,0,1000,0,0,0,21000,20000,1000,1000
08399P,技嘉元富9C售02  ,0,0,0,0,0,0,0,0,0,1000,0,0,0,1000,0,1000,1000
08423P,台積電統一9C售13,0,0,0,0,0,0,0,0,0,1000,0,0,0,1000,0,1000,1000
08032P,台積電統一9B售16,0,0,0,0,0,0,0,0,0,1000,0,0,0,1000,0,1000,1000
08123P,台表科國票9C售01,0,0,0,0,0,0,0,0,0,1000,0,0,0,1000,0,1000,1000
07670P,茂林元大9A售02  ,0,0,0,0,0,0,0,0,0,1000,0,0,0,1000,0,1000,1000
07733P,台積電統一9B售10,0,0,0,0,0,0,0,0,0,1000,0,0,0,1000,0,1000,1000
07886P,國巨國票9B售06  ,0,0,0,0,0,0,0,0,0,1000,0,0,0,1000,0,1000,1000
07395P,台積電群益99售13,0,0,0,0,0,0,0,0,0,1000,0,0,0,1000,0,1000,1000
061012,國巨麥證9A購03  ,0,0,0,1000,0,1000,0,0,0,1000,0,0,0,1000,0,1000,1000
06110P,國巨國泰98售02  ,0,0,0,0,0,0,0,0,0,1000,0,0,0,1000,0,1000,1000
060746,玉晶光國票9B購02,0,0,0,0,0,0,0,0,0,1000,0,0,0,1000,0,1000,1000
057624,新日興國泰99購01,0,0,0,0,0,0,0,0,0,1000,0,0,0,5000,4000,1000,1000
05950P,台積電國票97售04,0,0,0,0,0,0,0,0,0,1000,0,0,0,1000,0,1000,1000
060350,元黃金元富9B購01,0,0,0,0,0,0,0,0,0,1000,0,0,0,3000,2000,1000,1000
057596,聯茂兆豐99購01  ,0,0,0,0,0,0,0,0,0,1000,0,0,0,2000,1000,1000,1000
057546,台積電凱基02購01,0,0,0,0,0,0,0,0,0,1000,0,0,0,1000,0,1000,1000
057542,上銀凱基99購01  ,0,0,0,0,0,0,0,0,0,1000,0,0,0,1000,0,1000,1000
056242,緯創群益9A購01  ,0,0,0,0,0,0,0,0,0,1000,0,0,0,1000,0,1000,1000
056317,華通群益99購02  ,0,0,0,0,0,0,0,0,0,1000,0,0,0,1000,0,1000,1000
057250,大立光統一98購08,0,0,0,0,0,0,0,0,0,1000,0,0,0,1000,0,1000,1000
057291,國巨國泰9A購01  ,0,0,0,0,0,0,0,0,0,1000,0,0,0,2000,1000,1000,1000
057394,台積電中信9C購02,0,0,0,0,0,0,0,0,0,1000,0,0,0,11000,10000,1000,1000
057809,英業達元大98購01,0,0,0,0,0,0,0,0,0,1000,0,0,0,2000,1000,1000,1000
057747,致新永豐98購01  ,0,0,0,0,0,0,0,0,0,1000,0,0,0,1000,0,1000,1000
057696,聯電群益9A購01  ,0,0,0,0,0,0,0,0,0,1000,0,0,0,1000,0,1000,1000
057731,華擎國泰9A購02  ,0,0,0,0,0,0,0,0,0,1000,0,0,0,1000,0,1000,1000
058033,景碩永豐98購02  ,0,0,0,0,0,0,0,0,0,1000,0,0,0,2000,1000,1000,1000
057093,臻鼎元富98購02  ,0,0,0,0,0,0,0,0,0,1000,0,0,0,1000,0,1000,1000
057103,禾伸堂中信9A購01,0,0,0,0,0,0,0,0,0,1000,0,0,0,41000,40000,1000,1000
057054,立積元大98購03  ,0,0,0,0,0,0,0,0,0,1000,0,0,0,1000,0,1000,1000
057027,祥碩凱基98購01  ,0,0,0,0,0,0,0,0,0,1000,0,0,0,1000,0,1000,1000
056580,泰鼎元大9A購01  ,0,0,0,0,0,0,0,0,0,1000,0,0,0,1000,0,1000,1000
056753,群創兆豐98購02  ,0,0,0,0,0,0,0,0,0,1000,0,0,0,1000,0,1000,1000
056333,台積電日盛9B購01,0,0,0,0,0,0,0,0,0,1000,0,0,0,874000,873000,1000,1000
057117,開發金日盛9B購01,0,0,0,0,0,0,0,0,0,1000,0,0,0,1000,0,1000,1000
056502,A50正2永豐98購01,0,0,0,0,0,0,0,0,0,1000,0,0,0,1000,0,1000,1000
056944,鴻海統一98購11  ,0,0,0,0,0,0,0,0,0,1000,0,0,0,20000,19000,1000,1000
057924,健策凱基98購02  ,0,0,0,0,0,0,0,0,0,1000,0,0,0,54000,53000,1000,1000
057928,鈺齊凱基98購02  ,0,0,0,0,0,0,0,0,0,1000,0,0,0,50000,49000,1000,1000
057670,欣興元大99購02  ,0,0,0,0,0,0,0,0,0,1000,0,0,0,1000,0,1000,1000
056804,T50反1統一9A購03,0,0,0,0,0,0,0,0,0,1000,0,0,0,1000,0,1000,1000
056773,晶技元大99購03  ,0,0,0,0,0,0,0,0,0,1000,0,0,0,1000,0,1000,1000
053860,台積電元大98購03,0,0,0,0,0,0,0,0,0,1000,0,0,0,12000,11000,1000,1000
053969,瑞昱元大97購01  ,0,0,0,0,0,0,0,0,0,1000,0,0,0,6000,5000,1000,1000
056033,T50正2凱基99購02,0,0,0,0,0,0,0,0,0,1000,0,0,0,1000,0,1000,1000
055322,欣興國票97購06  ,0,0,0,0,0,0,0,0,0,1000,0,0,0,1000,0,1000,1000
055167,友訊統一97購01  ,0,0,0,0,0,0,0,0,0,1000,0,0,0,11000,10000,1000,1000
055244,國巨統一98購01  ,0,0,0,0,0,0,0,0,0,1000,0,0,0,1000,0,1000,1000
054826,復盛元大9A購01  ,0,0,0,0,0,0,0,0,0,1000,0,0,0,1000,0,1000,1000
054871,明泰群益98購01  ,0,0,0,0,0,0,0,0,0,1000,0,0,0,1000,0,1000,1000
054643,上証2X群益9B購01,0,0,0,0,0,0,0,0,0,1000,0,0,0,1000,0,1000,1000
050256,臺指反元大98購03,0,0,0,0,0,0,0,0,0,1000,0,0,0,1000,0,1000,1000
050679,上証2X元富97購02,0,0,0,0,0,0,0,0,0,1000,0,0,0,1000,0,1000,1000
03094X,大立光元大68展08,0,0,0,0,0,0,0,0,0,1000,0,0,0,1000,0,1000,1000
053585,友達元大9C購03  ,0,0,0,0,0,0,0,0,0,1000,0,0,0,1000,0,1000,1000
053732,S&P反1中信9C購01,0,0,0,0,0,0,0,0,0,1000,0,0,0,1000,0,1000,1000
055852,聯鈞元大98購01  ,0,0,0,0,0,0,0,0,0,1000,0,0,0,1000,0,1000,1000
00709,富邦歐洲        ,0,0,0,0,0,0,0,0,0,1000,0,0,0,105000,104000,1000,1000
00689R,國泰20年美債反1 ,1000,0,1000,0,0,0,0,0,0,0,0,0,0,100000,100000,0,1000
0057,富邦摩台        ,0,0,0,0,0,0,0,0,0,1000,0,0,0,21000,20000,1000,1000
051424,緯穎國票97購01  ,0,0,0,0,0,0,0,0,0,1000,0,0,0,2000,1000,1000,1000
052325,高股息中信99購01,0,0,0,0,0,0,0,0,0,1000,0,0,0,1000,0,1000,1000
052785,滬深2X中信99購03,0,0,0,0,0,0,0,0,0,1000,0,0,0,1000,0,1000,1000
052754,上証2X群益9A購01,0,0,0,0,0,0,0,0,0,1000,0,0,0,1000,0,1000,1000
053027,玉晶光富邦98購01,0,0,0,0,0,0,0,0,0,1000,0,0,0,1000,0,1000,1000
060408,和潤國泰9C購01  ,0,0,0,0,0,0,0,0,0,1000,0,0,0,1000,0,1000,1000
060872,高股息中信02購01,0,0,0,0,0,0,0,0,0,1000,0,0,0,1000,0,1000,1000
058761,欣興群益99購02  ,0,0,0,0,0,0,0,0,0,1000,0,0,0,1000,0,1000,1000
058737,鴻海第一01購01  ,0,0,0,0,0,0,0,0,0,1000,0,0,0,1000,0,1000,1000
058713,國巨統一9B購02  ,0,0,0,0,0,0,0,0,0,1000,0,0,0,1000,0,1000,1000
061169,GIS兆豐9A購01   ,0,0,0,0,0,0,0,0,0,1000,0,0,0,1000,0,1000,1000
061223,T50反1中信01購01,0,0,0,0,0,0,0,0,0,1000,0,0,0,21000,20000,1000,1000
061191,可成永豐9A購02  ,0,0,0,0,0,0,0,0,0,1000,0,0,0,1000,0,1000,1000
058310,大立光元大99購10,0,0,0,0,0,0,0,0,0,1000,0,0,0,1000,0,1000,1000
058544,FBVIX富邦9B購01 ,0,0,0,0,0,0,0,0,0,1000,0,0,0,22000,21000,1000,1000
061231,聚陽元大9A購02  ,0,0,0,0,0,0,0,0,0,1000,0,0,0,1000,0,1000,1000
058402,欣興元大99購04  ,0,0,0,0,0,0,0,0,0,1000,0,0,0,1000,0,1000,1000
059132,臺股指群益99購07,0,0,0,0,0,0,0,0,0,1000,0,0,0,1000,0,1000,1000
059129,麗豐中信99購01  ,0,0,0,0,0,0,0,0,0,1000,0,0,0,20000,19000,1000,1000
059251,大立光凱基9A購04,0,0,0,0,0,0,0,0,0,1000,0,0,0,1000,0,1000,1000
059218,台積電元大99購31,0,0,0,0,0,0,0,0,0,1000,0,0,0,1000,0,1000,1000
059286,S&P正2元富01購03,0,0,0,0,0,0,0,0,0,1000,0,0,0,1000,0,1000,1000
059771,台積電群益99購11,0,0,0,0,0,0,0,0,0,1000,0,0,0,3000,2000,1000,1000
059758,滬深2X永豐99購05,0,0,0,0,0,0,0,0,0,1000,0,0,0,1000,0,1000,1000
058908,貿聯元大99購03  ,0,0,0,0,0,0,0,0,0,1000,0,0,0,16000,15000,1000,1000
061823,勤誠群益9B購01  ,0,0,0,0,0,0,0,0,0,1000,0,0,0,60000,59000,1000,1000
061777,臺指反群益9B購01,0,0,0,0,0,0,0,0,0,1000,0,0,0,1000,0,1000,1000
058096,南電元大98購04  ,0,0,0,0,0,0,0,0,0,1000,0,0,0,4000,3000,1000,1000
058124,玉晶光國票9A購01,0,0,0,0,0,0,0,0,0,1000,0,0,0,61000,60000,1000,1000
061658,聯茂富邦9A購03  ,0,0,0,0,0,0,0,0,0,1000,0,0,0,1000,0,1000,1000
061930,臺股指凱基9B購05,0,0,0,0,0,0,0,0,0,1000,0,0,0,15000,14000,1000,1000
061972,華新元大9B購01  ,0,0,0,0,0,0,0,0,0,1000,0,0,0,10000,9000,1000,1000
062082,嘉晶元大9B購01  ,0,0,0,0,0,0,0,0,0,1000,0,0,0,1000,0,1000,1000
062116,元金2X第一9B購01,0,0,0,0,0,0,0,0,0,1000,0,0,0,121000,120000,1000,1000
062120,國巨台新9B購01  ,0,0,0,0,0,0,0,0,0,1000,0,0,0,1000,0,1000,1000
062000,臺股指元大9B購24,0,0,0,0,0,0,0,0,0,1000,0,0,0,1000,0,1000,1000
059505,上証2X永豐99購02,0,0,0,0,0,0,0,0,0,1000,0,0,0,1000,0,1000,1000
059919,宏達電元大99購06,0,0,0,0,0,0,0,0,0,1000,0,0,0,94000,93000,1000,1000
059899,上証2X元大9C購04,0,0,0,0,0,0,0,0,0,1000,0,0,0,1000,0,1000,1000
059872,華新科凱基01購01,0,0,0,0,0,0,0,0,0,1000,0,0,0,1000,0,1000,1000
059866,國巨凱基99購18  ,0,0,0,0,0,0,0,0,0,1000,0,0,0,1000,0,1000,1000
059877,康控凱基99購05  ,0,0,0,0,0,0,0,0,0,1000,0,0,0,64000,63000,1000,1000
060075,台積電元富99購05,0,0,0,0,0,0,0,0,0,1000,0,0,0,1000,0,1000,1000
060143,台積電國票9B購03,0,0,0,0,0,0,0,0,0,1000,0,0,0,1000,0,1000,1000
060162,碩天永豐9A購01  ,0,0,0,0,0,0,0,0,0,1000,0,0,0,1000,0,1000,1000
061528,超眾凱基9A購04  ,0,0,0,0,0,0,0,0,0,1000,0,0,0,23000,22000,1000,1000
061497,大立光國票9A購09,0,0,0,0,0,0,0,0,0,1000,0,0,0,1000,0,1000,1000
060215,柏文康和9A購01  ,0,0,0,0,0,0,0,0,0,1000,0,0,0,1000,0,1000,1000
060244,大立光元大9B購02,0,0,0,0,0,0,0,0,0,1000,0,0,0,51000,50000,1000,1000
060239,國揚元大9C購01  ,0,0,0,0,0,0,0,0,0,1000,0,0,0,171000,170000,1000,1000
064136,致新元大9C購01  ,0,0,0,0,0,0,0,0,0,1000,0,0,0,120000,119000,1000,1000
064078,台積電中信06購04,0,0,0,0,0,0,0,0,0,1000,0,0,0,3000,2000,1000,1000
063865,旺宏永豐9C購01  ,0,0,0,0,0,0,0,0,0,1000,0,0,0,1000,0,1000,1000
06378P,國巨統一97售08  ,0,0,0,0,0,0,0,0,0,1000,0,0,0,1000,0,1000,1000
064231,鴻海統一01購03  ,0,0,0,0,0,0,0,0,0,1000,0,0,0,30000,29000,1000,1000
064216,矽格凱基01購01  ,0,0,0,0,0,0,0,0,0,1000,0,0,0,272000,271000,1000,1000
062739,嘉晶國票9B購02  ,0,0,0,0,0,0,0,0,0,1000,0,0,0,1000,0,1000,1000
062365,台光電元大9B購03,0,0,0,0,0,0,0,0,0,1000,0,0,0,250000,249000,1000,1000
062371,健策元大9B購08  ,0,0,0,0,0,0,0,0,0,1000,0,0,0,33000,32000,1000,1000
062461,智伸科群益9B購01,0,0,0,0,0,0,0,0,0,1000,0,0,0,1000,0,1000,1000
063277,大成鋼元大9B購03,0,0,0,0,0,0,0,0,0,1000,0,0,0,1000,0,1000,1000
063514,南電麥證9C購01  ,0,0,0,1000,0,1000,0,0,0,1000,0,0,0,1000,0,1000,1000
063528,元大金凱基9B購01,0,0,0,0,0,0,0,0,0,1000,0,0,0,31000,30000,1000,1000
062946,祥碩國泰9C購02  ,0,0,0,0,0,0,0,0,0,1000,0,0,0,1000,0,1000,1000
063149,聯發科元富05購02,0,0,0,0,0,0,0,0,0,1000,0,0,0,1000,0,1000,1000
063235,台積電元大9B購06,0,0,0,0,0,0,0,0,0,1000,0,0,0,1000,0,1000,1000
9926,新海            ,1000,0,1000,0,0,0,0,0,0,0,0,0,0,0,0,0,1000
9941A,裕融甲特        ,0,0,0,0,0,0,0,0,0,1000,1000,0,1000,0,0,0,1000
8466,美吉吉-KY       ,1000,0,1000,0,0,0,0,0,0,0,0,0,0,0,0,0,1000
8481,政伸            ,1000,0,1000,0,0,0,0,0,0,0,0,0,0,0,0,0,1000
9918,欣天然          ,1000,0,1000,0,0,0,0,0,0,0,0,0,0,0,0,0,1000
6666,羅麗芬-KY       ,5000,4000,1000,0,0,0,0,0,0,0,0,0,0,0,0,0,1000
8374,羅昇            ,2000,1000,1000,0,0,0,0,0,0,0,0,0,0,0,0,0,1000
2891B,中信金乙特      ,0,0,0,0,0,0,0,0,0,1000,1000,0,1000,0,0,0,1000
2462,良得電          ,2000,0,2000,0,0,0,0,0,0,-1000,0,1000,-1000,0,0,0,1000
3686,達能            ,1000,0,1000,0,0,0,0,0,0,0,0,0,0,0,0,0,1000
3528,安馳            ,1000,0,1000,0,0,0,0,0,0,0,0,0,0,0,0,0,1000
4557,永新-KY         ,1000,0,1000,0,0,0,0,0,0,0,0,0,0,0,0,0,1000
4967,十銓            ,87000,111000,-24000,0,0,0,0,0,0,25000,25000,0,25000,0,0,0,1000
6431,光麗-KY         ,1000,0,1000,0,0,0,0,0,0,0,0,0,0,0,0,0,1000
008201,BP上證50        ,0,0,0,0,0,0,0,0,0,200,0,0,0,200,0,200,200
07471P,南亞科元大9A售01,0,0,0,0,0,0,0,0,0,0,0,0,0,53000,53000,0,0
07189P,聯發科富邦9B售03,0,0,0,0,0,0,0,0,0,0,0,0,0,10000,10000,0,0
07198P,臺股指元大99售14,0,0,0,0,0,0,0,0,0,0,0,0,0,37000,37000,0,0
07270P,台灣50元大01售09,0,0,0,0,0,0,0,0,0,0,0,0,0,10000,10000,0,0
06942P,台灣50台新02售01,0,0,0,0,0,0,0,0,0,0,0,1000,-1000,1000,0,1000,0
06949P,台表科元大99售01,0,0,0,0,0,0,0,0,0,0,0,0,0,10000,10000,0,0
07059P,華通國票9A售02  ,0,0,0,0,0,0,0,0,0,0,0,0,0,50000,50000,0,0
07034P,大立光元富99售03,0,0,0,0,0,0,0,0,0,0,0,0,0,20000,20000,0,0
07887P,台積電國票9C售03,0,0,0,0,0,0,0,0,0,0,0,0,0,400000,400000,0,0
07889P,旭富國票9B售01  ,0,0,0,0,0,0,0,0,0,0,0,0,0,200000,200000,0,0
07833P,大立光群益9B售02,0,0,0,0,0,0,0,0,0,0,0,0,0,1000,1000,0,0
07792P,牧德元大9A售04  ,0,0,0,0,0,0,0,0,0,0,0,0,0,100000,100000,0,0
07647P,健策國票9A售04  ,0,0,0,0,0,0,0,0,0,0,0,0,0,50000,50000,0,0
07665P,台灣50元大9C售31,0,0,0,0,0,0,0,0,0,0,0,0,0,2000,2000,0,0
07638P,長榮航國票9A售01,0,0,0,0,0,0,0,0,0,0,0,0,0,20000,20000,0,0
08046P,臺股指國票9B售11,0,0,0,0,0,0,0,0,0,0,0,0,0,100000,100000,0,0
07905P,大立光群益9B售04,0,0,0,0,0,0,0,0,0,0,0,0,0,134000,134000,0,0
07956P,鴻海群益9B售06  ,0,0,0,0,0,0,0,0,0,0,0,0,0,70000,70000,0,0
07952P,富邦金元大9B售02,0,0,0,0,0,0,0,0,0,0,0,0,0,50000,50000,0,0
08017P,華新科國票9B售01,0,0,0,0,0,0,0,0,0,0,0,0,0,1000,1000,0,0
08390P,旺宏凱基9C售02  ,0,0,0,0,0,0,0,0,0,0,0,0,0,20000,20000,0,0
08536P,台積電國票9C售08,0,0,0,0,0,0,0,0,0,0,0,0,0,10000,10000,0,0
08560P,茂林國票01售01  ,0,0,0,0,0,0,0,0,0,0,0,0,0,40000,40000,0,0
08335P,香港2X中信03售01,0,0,0,0,0,0,0,0,0,0,0,0,0,3000,3000,0,0
08344P,旺宏元大01售02  ,0,17000,-17000,0,0,0,0,0,0,17000,0,0,0,17000,0,17000,0
08348P,貿聯元大9C售01  ,0,0,0,0,0,0,0,0,0,0,0,0,0,84000,84000,0,0
08156P,大立光元富9B售05,0,0,0,0,0,0,0,0,0,0,0,0,0,38000,38000,0,0
2008,高興昌          ,1000,1000,0,0,0,0,0,0,0,0,0,0,0,0,0,0,0
1236,宏亞            ,0,3000,-3000,0,0,0,0,0,0,3000,3000,0,3000,0,0,0,0
08594P,台積電群益01售05,0,0,0,0,0,0,0,0,0,0,0,0,0,10000,10000,0,0
1443,立益            ,1000,1000,0,0,0,0,0,0,0,0,0,0,0,0,0,0,0
1436,華友聯          ,2000,2000,0,0,0,0,0,0,0,0,0,0,0,0,0,0,0
065888,鴻海統一03購01  ,0,0,0,0,0,0,0,0,0,0,0,0,0,7000,7000,0,0
065922,鴻海麥證01購01  ,0,0,0,0,7000,-7000,0,0,0,0,0,0,0,7000,7000,0,0
065934,智邦群益01購02  ,0,0,0,0,0,0,0,0,0,0,0,0,0,1000,1000,0,0
06615P,鴻海元大9C售02  ,0,0,0,0,0,0,0,0,0,0,0,0,0,10000,10000,0,0
065991,牧德永豐01購01  ,0,0,0,0,0,0,0,0,0,0,0,0,0,1000,1000,0,0
065988,晶技永豐01購01  ,0,0,0,0,0,0,0,0,0,0,0,0,0,1000,1000,0,0
065963,鴻海元大01購05  ,0,0,0,0,0,0,0,0,0,0,0,0,0,11000,11000,0,0
065964,鴻海元大02購01  ,0,0,0,0,0,0,0,0,0,0,0,0,0,7000,7000,0,0
065941,超眾群益02購01  ,0,0,0,0,0,0,0,0,0,0,0,0,0,5000,5000,0,0
06773P,台灣50兆豐9A售01,0,0,0,0,0,0,0,0,0,0,0,1000,-1000,1000,0,1000,0
06776P,鴻海元大99售05  ,0,0,0,0,0,0,0,0,0,0,0,0,0,29000,29000,0,0
06743P,創意永豐98售03  ,0,0,0,0,0,0,0,0,0,0,0,0,0,40000,40000,0,0
06758P,鴻海元大98售10  ,0,0,0,0,0,0,0,0,0,0,0,0,0,237000,237000,0,0
065877,TPK群益9C購05   ,0,0,0,0,0,0,0,0,0,0,0,0,0,10000,10000,0,0
065883,康友台新9C購01  ,0,0,0,0,0,0,0,0,0,0,0,0,0,63000,63000,0,0
065731,群創凱基03購02  ,0,0,0,0,0,0,0,0,0,0,0,0,0,6000,6000,0,0
065748,台積電元大01購05,0,0,0,0,0,0,0,0,0,0,0,0,0,99000,99000,0,0
065744,華新元大9C購01  ,0,0,0,0,0,0,0,0,0,0,0,0,0,8000,8000,0,0
065761,中租元大9C購02  ,0,0,0,0,0,0,0,0,0,0,0,0,0,4000,4000,0,0
065764,康友元大9C購02  ,0,0,0,0,0,0,0,0,0,0,0,0,0,5000,5000,0,0
065632,正崴國票01購01  ,0,0,0,0,0,0,0,0,0,0,0,0,0,22000,22000,0,0
065636,台表科國票01購03,0,0,0,0,0,0,0,0,0,0,0,0,0,35000,35000,0,0
065692,國巨群益9C購17  ,0,0,0,0,0,0,0,0,0,0,0,0,0,7000,7000,0,0
065410,國巨永豐9C購01  ,0,0,0,0,0,0,0,0,0,0,0,0,0,4000,4000,0,0
065424,華新凱基02購01  ,0,0,0,0,0,0,0,0,0,0,0,0,0,8000,8000,0,0
065472,華新元大01購01  ,0,0,0,0,0,0,0,0,0,0,0,0,0,8000,8000,0,0
065547,同欣電兆豐01購01,0,0,0,0,0,0,0,0,0,0,0,0,0,58000,58000,0,0
06538P,國巨凱基98售11  ,0,0,0,0,0,0,0,0,0,0,0,0,0,150000,150000,0,0
065337,華通統一01購03  ,0,0,0,0,0,0,0,0,0,0,0,0,0,6000,6000,0,0
06533P,上証2X中信9B售01,0,0,0,0,0,0,0,0,0,0,0,0,0,330000,330000,0,0
065296,國巨統一01購10  ,0,0,0,0,0,0,0,0,0,0,0,0,0,3000,3000,0,0
065165,上銀元大9C購09  ,0,0,0,0,0,0,0,0,0,0,0,0,0,1000,1000,0,0
064985,台表科元大9C購09,0,0,0,0,0,0,0,0,0,0,0,0,0,11000,11000,0,0
064894,漢唐群益9C購02  ,0,0,0,0,0,0,0,0,0,0,0,0,0,44000,44000,0,0
064872,南電永豐9C購02  ,0,0,0,0,0,0,0,0,0,0,0,0,0,1000,1000,0,0
06486P,麗豐元大98售02  ,0,0,0,0,0,0,0,0,0,0,0,0,0,32000,32000,0,0
064805,金像電元大9C購04,0,0,0,0,0,0,0,0,0,0,0,0,0,10000,10000,0,0
064800,鴻海元大9C購12  ,0,0,0,0,0,0,0,0,0,0,0,0,0,22000,22000,0,0
052095,彩晶元大97購01  ,0,0,0,0,0,0,0,0,0,0,0,0,0,10000,10000,0,0
00710B,FH彭博高收益債  ,0,0,0,0,0,0,0,0,0,0,0,0,0,136000,136000,0,0
00774B,新光中國政金綠債,0,0,0,0,0,0,0,0,0,0,0,0,0,2000,2000,0,0
00775B,新光投等債15+   ,0,0,0,0,0,0,0,0,0,0,0,0,0,2000,2000,0,0
00732,國泰RMB短期報酬 ,0,0,0,0,0,0,0,0,0,0,0,0,0,100000,100000,0,0
00636K,國泰中國A50+U   ,0,0,0,0,0,0,0,0,0,0,0,0,0,100,100,0,0
00668K,國泰美國道瓊+U  ,0,0,0,0,0,0,0,0,0,0,0,0,0,100,100,0,0
00657,國泰日經225     ,0,0,0,0,0,0,0,0,0,0,0,0,0,101000,101000,0,0
00657K,國泰日經225+U   ,0,0,0,0,0,0,0,0,0,0,0,0,0,100,100,0,0
00688L,國泰20年美債正2 ,0,0,0,0,0,0,0,0,0,0,0,0,0,100000,100000,0,0
052572,群創凱基99購01  ,0,0,0,0,0,0,0,0,0,0,0,0,0,7000,7000,0,0
051381,玉晶光群益98購01,0,0,0,0,0,0,0,0,0,0,0,0,0,1000,1000,0,0
051722,玉晶光永豐97購01,0,0,0,0,0,0,0,0,0,0,0,0,0,1000,1000,0,0
053229,南電台新97購01  ,0,0,0,0,0,0,0,0,0,0,0,0,0,60000,60000,0,0
053256,上銀富邦98購01  ,0,0,0,0,0,0,0,0,0,0,0,0,0,5000,5000,0,0
053293,聯發科中信9B購01,0,0,0,0,0,0,0,0,0,0,0,0,0,250000,250000,0,0
055834,國巨元大97購13  ,0,0,0,0,0,0,0,0,0,0,0,0,0,15000,15000,0,0
053660,群創凱基98購08  ,0,0,0,0,0,0,0,0,0,0,0,0,0,6000,6000,0,0
055525,國巨群益98購05  ,0,0,0,0,0,0,0,0,0,0,0,0,0,25000,25000,0,0
055572,鴻海統一98購04  ,0,0,0,0,0,0,0,0,0,0,0,0,0,24000,24000,0,0
055662,上銀中信99購01  ,0,0,0,0,0,0,0,0,0,0,0,0,0,300000,300000,0,0
055726,台表科元大98購03,0,0,0,0,0,0,0,0,0,0,0,0,0,8000,8000,0,0
03010X,元展10          ,0,0,0,0,0,0,0,0,0,0,0,0,0,1000,1000,0,0
055506,台郡元大99購02  ,0,0,0,0,0,0,0,0,0,0,0,0,0,9000,9000,0,0
055448,健策統一97購02  ,0,0,0,0,0,0,0,0,0,0,0,0,0,108000,108000,0,0
055450,台積電元富97購01,0,0,0,0,0,0,0,0,0,0,0,0,0,121000,121000,0,0
046384,群創凱基98購02  ,0,0,0,0,0,0,0,0,0,0,0,0,0,7000,7000,0,0
054565,玉晶光群益99購02,0,0,0,0,0,0,0,0,0,0,0,0,0,5000,5000,0,0
055933,欣興群益98購02  ,0,0,0,0,0,0,0,0,0,0,0,0,0,5000,5000,0,0
055926,國巨群益98購06  ,0,0,0,0,0,0,0,0,0,0,0,0,0,3000,3000,0,0
055896,南電統一97購02  ,0,0,0,0,0,0,0,0,0,0,0,0,0,6000,6000,0,0
054547,鴻海凱基98購02  ,0,0,0,0,0,0,0,0,0,0,0,0,0,8000,8000,0,0
054882,台光電統一97購02,0,0,0,0,0,0,0,0,0,0,0,0,0,89000,89000,0,0
054962,玉晶光元大99購02,0,0,0,0,0,0,0,0,0,0,0,0,0,10000,10000,0,0
055196,致新元富97購01  ,0,0,0,0,0,0,0,0,0,0,0,0,0,50000,50000,0,0
055197,致新元富97購02  ,0,0,0,0,0,0,0,0,0,0,0,0,0,44000,44000,0,0
055150,台積電元大98購04,0,0,0,0,0,0,0,0,0,0,0,0,0,2000,2000,0,0
055102,上銀凱基98購01  ,0,0,0,0,0,0,0,0,0,0,0,0,0,74000,74000,0,0
055093,京鼎群益98購01  ,0,0,0,0,0,0,0,0,0,0,0,0,0,40000,40000,0,0
055079,台光電中信97購01,0,0,0,0,0,0,0,0,0,0,0,0,0,499000,499000,0,0
056069,新日興元大97購03,0,0,0,0,0,0,0,0,0,0,0,0,0,4000,4000,0,0
056075,瀚宇博元大97購03,0,0,0,0,0,0,0,0,0,0,0,0,0,105000,105000,0,0
054066,緯穎國票97購03  ,0,0,0,0,0,0,0,0,0,0,0,0,0,15000,15000,0,0
053811,國巨群益98購02  ,0,0,0,0,0,0,0,0,0,0,0,0,0,5000,5000,0,0
056796,國巨麥證98購02  ,0,0,0,5000,0,5000,0,0,0,0,0,0,0,5000,5000,0,0
056818,正崴永豐98購01  ,0,0,0,0,0,0,0,0,0,0,0,0,0,92000,92000,0,0
056856,華通群益9A購01  ,0,0,0,0,0,0,0,0,0,0,0,0,0,3000,3000,0,0
056876,群創凱基98購11  ,0,0,0,0,0,0,0,0,0,0,0,0,0,10000,10000,0,0
056890,國巨元大98購11  ,0,0,0,0,0,0,0,0,0,0,0,0,0,3000,3000,0,0
057858,T50正2康和98購01,0,0,0,0,0,0,0,0,0,0,0,0,0,1420000,1420000,0,0
057949,南電國票99購01  ,0,0,0,0,0,0,0,0,0,0,0,0,0,4000,4000,0,0
057947,和碩國票99購01  ,0,0,0,0,0,0,0,0,0,0,0,0,0,48000,48000,0,0
056918,台積電兆豐98購01,0,0,0,0,0,0,0,0,0,0,0,0,0,96000,96000,0,0
056451,可成凱基99購01  ,0,0,0,0,0,0,0,0,0,0,0,0,0,5000,5000,0,0
056455,群創凱基9A購01  ,0,0,0,0,0,0,0,0,0,0,0,0,0,6000,6000,0,0
056504,國巨永豐98購02  ,0,0,0,0,0,0,0,0,0,0,0,0,0,5000,5000,0,0
057171,台光電元大9B購01,0,0,0,0,0,0,0,0,0,0,0,0,0,20000,20000,0,0
057164,國巨元大98購14  ,0,0,0,0,0,0,0,0,0,0,0,0,0,7000,7000,0,0
057165,國巨元大99購05  ,0,0,0,0,0,0,0,0,0,0,0,0,0,14000,14000,0,0
056433,鴻海凱基98購09  ,0,0,0,0,0,0,0,0,0,0,0,0,0,7000,7000,0,0
056430,鴻海凱基98購06  ,0,0,0,0,0,0,0,0,0,0,0,0,0,14000,14000,0,0
056365,欣興元大98購01  ,0,0,0,0,0,0,0,0,0,0,0,0,0,14000,14000,0,0
056354,國巨元大98購10  ,0,0,0,0,0,0,0,0,0,0,0,0,0,15000,15000,0,0
056745,聯茂凱基99購03  ,0,0,0,0,0,0,0,0,0,0,0,0,0,1000,1000,0,0
056763,國巨元大99購02  ,0,0,0,0,0,0,0,0,0,0,0,0,0,34000,34000,0,0
056736,國巨凱基99購03  ,0,0,0,0,0,0,0,0,0,0,0,0,0,5000,5000,0,0
056720,世紀鋼永豐98購01,0,0,0,0,0,0,0,0,0,0,0,0,0,110000,110000,0,0
056594,台積電元富98購03,0,0,0,0,0,0,0,0,0,0,0,0,0,948000,948000,0,0
056595,台積電元富98購04,0,0,0,0,0,0,0,0,0,0,0,0,0,20000,20000,0,0
056636,台積電日盛9A購01,0,0,0,0,0,0,0,0,0,0,0,0,0,250000,250000,0,0
056681,鴻海統一98購09  ,0,0,0,0,0,0,0,0,0,0,0,0,0,29000,29000,0,0
056682,鴻海統一98購10  ,0,0,0,0,0,0,0,0,0,0,0,0,0,28000,28000,0,0
057040,國巨元大98購12  ,0,0,0,0,0,0,0,0,0,0,0,0,0,13000,13000,0,0
057051,群創元大9B購03  ,0,0,0,0,0,0,0,0,0,0,0,0,0,2000,2000,0,0
056132,台光電元大97購03,0,0,0,0,0,0,0,0,0,0,0,0,0,4000,4000,0,0
056139,貿聯元大97購04  ,0,0,0,0,0,0,0,0,0,0,0,0,0,78000,78000,0,0
058044,鴻海元大99購07  ,0,0,0,0,0,0,0,0,0,0,0,0,0,32000,32000,0,0
058076,神達凱基98購02  ,0,0,0,0,0,0,0,0,0,0,0,0,0,10000,10000,0,0
057682,台積電日盛9A購03,0,0,0,0,0,0,0,0,0,0,0,0,0,103000,103000,0,0
057758,鴻海凱基99購03  ,0,0,0,0,0,0,0,0,0,0,0,0,0,29000,29000,0,0
05775P,台積電國泰98售02,0,0,0,0,0,0,0,0,0,0,0,0,0,280000,280000,0,0
057817,景碩元大98購01  ,0,0,0,0,0,0,0,0,0,0,0,0,0,10000,10000,0,0
057818,泰碩元大9A購01  ,0,0,0,0,0,0,0,0,0,0,0,0,0,105000,105000,0,0
057410,南電群益98購01  ,0,0,0,0,0,0,0,0,0,0,0,0,0,20000,20000,0,0
057416,T50反1凱基9C購01,0,0,0,0,0,0,0,0,0,0,0,0,0,10000,10000,0,0
057306,玉晶光兆豐99購01,0,0,0,0,0,0,0,0,0,0,0,0,0,1000,1000,0,0
057279,國揚元大98購01  ,0,0,0,0,0,0,0,0,0,0,0,0,0,40000,40000,0,0
057222,鴻海國票99購04  ,0,0,0,0,0,0,0,0,0,0,0,0,0,22000,22000,0,0
05750P,臺股指群益99售04,0,0,0,0,0,0,0,0,0,0,0,0,0,10000,10000,0,0
057331,台積電國票99購04,0,0,0,0,0,0,0,0,0,0,0,0,0,6000,6000,0,0
057348,台積電統一98購09,0,0,0,0,0,0,0,0,0,0,0,0,0,252000,252000,0,0
057364,國巨元大98購18  ,0,0,0,0,0,0,0,0,0,0,0,0,0,12000,12000,0,0
057604,鴻海統一9C購01  ,0,0,0,0,0,0,0,0,0,0,0,0,0,7000,7000,0,0
060729,國巨群益9A購05  ,0,0,0,0,0,0,0,0,0,0,0,0,0,4000,4000,0,0
060755,鴻海元大9A購15  ,0,0,0,0,0,0,0,0,0,0,0,0,0,11000,11000,0,0
060769,國巨麥證9A購02  ,0,0,0,7000,0,7000,0,0,0,0,0,0,0,7000,7000,0,0
060840,可成國票9B購01  ,0,0,0,0,0,0,0,0,0,0,0,0,0,3000,3000,0,0
060978,國巨元大9A購13  ,0,0,0,0,0,0,0,0,0,0,0,0,0,6000,6000,0,0
060981,旺宏元大9A購08  ,0,0,0,0,0,0,0,0,0,0,0,0,0,2000,2000,0,0
060659,鴻海凱基9B購03  ,0,0,0,0,0,0,0,0,0,0,0,0,0,30000,30000,0,0
060692,鴻海麥證9A購01  ,0,0,0,9000,20000,-11000,0,0,0,0,0,0,0,29000,29000,0,0
060697,鴻海國泰9C購01  ,0,0,0,0,0,0,0,0,0,0,0,0,0,21000,21000,0,0
060247,牧德元大9A購02  ,0,0,0,0,0,0,0,0,0,0,0,0,0,10000,10000,0,0
060292,聯詠元大9A購01  ,0,0,0,0,0,0,0,0,0,0,0,0,0,10000,10000,0,0
060220,華新科凱基9A購08,0,0,0,0,0,0,0,0,0,0,0,0,0,11000,11000,0,0
059935,國巨永豐99購07  ,0,0,0,0,0,0,0,0,0,0,0,0,0,3000,3000,0,0
060330,台灣50麥證9A購03,0,0,0,15000,15000,0,0,0,0,0,0,0,0,15000,15000,0,0
061512,國巨永豐9A購04  ,0,0,0,0,0,0,0,0,0,0,0,0,0,2000,2000,0,0
060015,國巨康和99購03  ,0,0,0,0,0,0,0,0,0,0,0,0,0,17000,17000,0,0
060104,新日興元大99購03,0,0,0,0,0,0,0,0,0,0,0,0,0,10000,10000,0,0
060088,國巨元大99購30  ,0,0,0,0,0,0,0,0,0,0,0,0,0,7000,7000,0,0
061358,世紀鋼元大9A購04,0,0,0,0,0,0,0,0,0,0,0,0,0,20000,20000,0,0
061340,義隆元大9A購01  ,0,0,0,0,0,0,0,0,0,0,0,0,0,15000,15000,0,0
061424,華新科元大9A購18,0,0,0,0,0,0,0,0,0,0,0,0,0,1000,1000,0,0
059507,鴻海永豐99購03  ,0,0,0,0,0,0,0,0,0,0,0,0,0,7000,7000,0,0
059467,旺宏元大99購15  ,0,0,0,0,0,0,0,0,0,0,0,0,0,5000,5000,0,0
059488,大立光兆豐99購03,0,0,0,0,0,0,0,0,0,0,0,0,0,2000,2000,0,0
059469,智邦元大99購03  ,0,0,0,0,0,0,0,0,0,0,0,0,0,2000,2000,0,0
059427,國巨元大99購24  ,0,0,0,0,0,0,0,0,0,0,0,0,0,2000,2000,0,0
059404,鴻海台新99購03  ,0,0,0,0,0,0,0,0,0,0,0,0,0,20000,20000,0,0
058998,鴻海元大99購22  ,0,0,0,0,0,0,0,0,0,0,0,0,0,22000,22000,0,0
058980,鴻海凱基99購06  ,0,0,0,0,0,0,0,0,0,0,0,0,0,45000,45000,0,0
058982,台積電凱基99購08,0,0,0,0,0,0,0,0,0,0,0,0,0,195000,195000,0,0
059840,鴻海富邦9A購02  ,0,0,0,0,0,0,0,0,0,0,0,0,0,7000,7000,0,0
062004,國巨國泰9C購03  ,0,0,0,0,0,0,0,0,0,0,0,0,0,4000,4000,0,0
061983,華新科元大9B購04,0,0,0,0,0,0,0,0,0,0,0,0,0,7000,7000,0,0
062111,台勝科國票9B購01,0,0,0,0,0,0,0,0,0,0,0,0,0,38000,38000,0,0
062072,國巨元大9B購05  ,0,0,0,0,0,0,0,0,0,0,0,0,0,5000,5000,0,0
062134,國巨群益9B購04  ,0,0,0,0,0,0,0,0,0,0,0,0,0,3000,3000,0,0
061946,鴻海群益9B購03  ,0,0,0,0,0,0,0,0,0,0,0,0,0,18000,18000,0,0
06193P,台積電元富97售04,0,0,0,0,0,0,0,0,0,0,0,0,0,257000,257000,0,0
061710,國巨凱基9A購18  ,0,0,0,0,0,0,0,0,0,0,0,0,0,32000,32000,0,0
061893,鴻海永豐9B購01  ,0,0,0,0,0,0,0,0,0,0,0,0,0,7000,7000,0,0
058972,新日興永豐9A購01,0,0,0,0,0,0,0,0,0,0,0,0,0,10000,10000,0,0
058970,鴻海永豐99購02  ,0,0,0,0,0,0,0,0,0,0,0,0,0,4000,4000,0,0
058938,台積電中信01購03,0,0,0,0,0,0,0,0,0,0,0,0,0,20000,20000,0,0
058166,鴻海凱基9A購01  ,0,0,0,0,0,0,0,0,0,0,0,0,0,28000,28000,0,0
058167,鴻海凱基9A購03  ,0,0,0,0,0,0,0,0,0,0,0,0,0,29000,29000,0,0
058086,鴻海元大98購14  ,0,0,0,0,0,0,0,0,0,0,0,0,0,12000,12000,0,0
061773,和潤元大9B購01  ,0,0,0,0,0,0,0,0,0,0,0,0,0,50000,50000,0,0
058230,國巨元大99購11  ,0,0,0,0,0,0,0,0,0,0,0,0,0,4000,4000,0,0
058231,技嘉元大99購02  ,0,0,0,0,0,0,0,0,0,0,0,0,0,14000,14000,0,0
061874,義隆元大9B購02  ,0,0,0,0,0,0,0,0,0,0,0,0,0,10000,10000,0,0
061848,國巨國票9B購07  ,0,0,0,0,0,0,0,0,0,0,0,0,0,7000,7000,0,0
061849,國巨國票9B購08  ,0,0,0,0,0,0,0,0,0,0,0,0,0,7000,7000,0,0
058912,祥碩元大99購01  ,0,0,0,0,0,0,0,0,0,0,0,0,0,2000,2000,0,0
058875,台表科國票9A購02,0,0,0,0,0,0,0,0,0,0,0,0,0,11000,11000,0,0
058876,南電國票9A購02  ,0,0,0,0,0,0,0,0,0,0,0,0,0,8000,8000,0,0
059761,國巨永豐99購06  ,0,0,0,0,0,0,0,0,0,0,0,0,0,4000,4000,0,0
059773,康控群益99購01  ,0,0,0,0,0,0,0,0,0,0,0,0,0,7000,7000,0,0
059726,華新科元大99購18,0,0,0,0,0,0,0,0,0,0,0,0,0,2000,2000,0,0
061292,玉晶光統一01購06,0,0,0,0,0,0,0,0,0,0,0,0,0,14000,14000,0,0
059783,旺宏元大99購17  ,0,0,0,0,0,0,0,0,0,0,0,0,0,2000,2000,0,0
059788,華新科元大9A購05,0,0,0,0,0,0,0,0,0,0,0,0,0,12000,12000,0,0
059264,台光電中信99購02,0,0,0,0,0,0,0,0,0,0,0,0,0,20000,20000,0,0
059274,國巨元大99購22  ,0,0,0,0,0,0,0,0,0,0,0,0,0,10000,10000,0,0
059315,鴻海元大99購30  ,0,0,0,0,0,0,0,0,0,0,0,0,0,4000,4000,0,0
059320,華新科元大99購15,0,0,0,0,0,0,0,0,0,0,0,0,0,2000,2000,0,0
059212,鴻海元大99購28  ,0,0,0,0,0,0,0,0,0,0,0,0,0,12000,12000,0,0
059195,國巨永豐99購04  ,0,0,0,0,0,0,0,0,0,0,0,0,0,25000,25000,0,0
059236,鴻海凱基99購09  ,0,0,0,0,0,0,0,0,0,0,0,0,0,4000,4000,0,0
059237,鴻海凱基9A購10  ,0,0,0,0,0,0,0,0,0,0,0,0,0,30000,30000,0,0
059131,國巨群益99購07  ,0,0,0,0,0,0,0,0,0,0,0,0,0,1000,1000,0,0
059151,臺股指國票99購14,0,0,0,0,0,0,0,0,0,0,0,0,0,5000,5000,0,0
059161,鴻海凱基9A購09  ,0,0,0,0,0,0,0,0,0,0,0,0,0,4000,4000,0,0
061309,鴻海統一9C購05  ,0,0,0,0,0,0,0,0,0,0,0,0,0,7000,7000,0,0
059069,臺指反元大9C購01,0,0,0,0,0,0,0,0,0,0,0,0,0,20000,20000,0,0
059085,鴻海元大99購25  ,0,0,0,0,0,0,0,0,0,0,0,0,0,33000,33000,0,0
059083,華通元大99購07  ,0,0,0,0,0,0,0,0,0,0,0,0,0,10000,10000,0,0
058403,玉晶光元大99購12,0,0,0,0,0,0,0,0,0,0,0,0,0,1000,1000,0,0
058389,聯茂國票9A購01  ,0,0,0,0,0,0,0,0,0,0,0,0,0,1000,1000,0,0
058416,鴻海麥證99購01  ,0,0,0,9000,20000,-11000,0,0,0,0,0,0,0,29000,29000,0,0
058432,台積電統一9B購03,0,0,0,0,0,0,0,0,0,0,0,0,0,10000,10000,0,0
058352,鴻海凱基9A購05  ,0,0,0,0,0,0,0,0,0,0,0,0,0,8000,8000,0,0
058350,T50正2凱基9B購01,0,0,0,0,0,0,0,0,0,0,0,0,0,1030000,1030000,0,0
058565,鴻海凱基9A購07  ,0,0,0,0,0,0,0,0,0,0,0,0,0,11000,11000,0,0
058519,嘉澤元大99購01  ,0,0,0,0,0,0,0,0,0,0,0,0,0,42000,42000,0,0
058517,景碩元大99購06  ,0,0,0,0,0,0,0,0,0,0,0,0,0,37000,37000,0,0
058444,國巨富邦9B購01  ,0,0,0,0,0,0,0,0,0,0,0,0,0,10000,10000,0,0
058502,鴻海元大99購13  ,0,0,0,0,0,0,0,0,0,0,0,0,0,22000,22000,0,0
058503,鴻海元大99購14  ,0,0,0,0,0,0,0,0,0,0,0,0,0,24000,24000,0,0
058325,昇陽半永豐99購01,0,0,0,0,0,0,0,0,0,0,0,0,0,1000,1000,0,0
05828P,台積電統一97售02,0,0,0,0,0,0,0,0,0,0,0,0,0,30000,30000,0,0
058654,鴻海中信03購01  ,0,0,0,0,0,0,0,0,0,0,0,0,0,21000,21000,0,0
061549,泰碩群益9A購01  ,0,0,0,0,0,0,0,0,0,0,0,0,0,40000,40000,0,0
060521,鴻海中信01購03  ,0,0,0,0,0,0,0,0,0,0,0,0,0,7000,7000,0,0
060522,鴻海中信9A購03  ,0,0,0,0,0,0,0,0,0,0,0,0,0,7000,7000,0,0
061566,華通元大9A購10  ,0,0,0,0,0,0,0,0,0,0,0,0,0,2000,2000,0,0
061568,國巨元大9A購25  ,0,0,0,0,0,0,0,0,0,0,0,0,0,6000,6000,0,0
060504,技嘉元大9A購02  ,0,0,0,0,0,0,0,0,0,0,0,0,0,7000,7000,0,0
060461,鴻海元大9A購09  ,0,0,0,0,0,0,0,0,0,0,0,0,0,25000,25000,0,0
060452,儒鴻元大9A購01  ,0,0,0,0,0,0,0,0,0,0,0,0,0,30000,30000,0,0
061071,復盛凱基9A購01  ,0,0,0,0,0,0,0,0,0,0,0,0,0,15000,15000,0,0
061075,亞德客兆豐9A購01,0,0,0,0,0,0,0,0,0,0,0,0,0,10000,10000,0,0
058791,鴻海元大99購17  ,0,0,0,0,0,0,0,0,0,0,0,0,0,21000,21000,0,0
058792,鴻海元大99購18  ,0,0,0,0,0,0,0,0,0,0,0,0,0,25000,25000,0,0
058793,鴻海元大99購19  ,0,0,0,0,0,0,0,0,0,0,0,0,0,22000,22000,0,0
059636,宏達電凱基99購05,0,0,0,0,0,0,0,0,0,0,0,0,0,54000,54000,0,0
059659,旺宏元大9A購03  ,0,0,0,0,0,0,0,0,0,0,0,0,0,1000,1000,0,0
059660,華新科元大9A購04,0,0,0,0,0,0,0,0,0,0,0,0,0,7000,7000,0,0
058828,大毅永豐99購01  ,0,0,0,0,0,0,0,0,0,0,0,0,0,12000,12000,0,0
059634,可成凱基99購07  ,0,0,0,0,0,0,0,0,0,0,0,0,0,8000,8000,0,0
059716,鴻海元大99購35  ,0,0,0,0,0,0,0,0,0,0,0,0,0,16000,16000,0,0
059705,華新科凱基9A購07,0,0,0,0,0,0,0,0,0,0,0,0,0,12000,12000,0,0
058717,南電台新99購02  ,0,0,0,0,0,0,0,0,0,0,0,0,0,7000,7000,0,0
058711,鴻海統一9A購02  ,0,0,0,0,0,0,0,0,0,0,0,0,0,7000,7000,0,0
058712,鴻海統一9B購03  ,0,0,0,0,0,0,0,0,0,0,0,0,0,7000,7000,0,0
058743,可成康和99購01  ,0,0,0,0,0,0,0,0,0,0,0,0,0,1000,1000,0,0
058746,華通凱基9A購02  ,0,0,0,0,0,0,0,0,0,0,0,0,0,3000,3000,0,0
058729,國巨永豐99購03  ,0,0,0,0,0,0,0,0,0,0,0,0,0,3000,3000,0,0
059544,創意亞東99購01  ,0,0,0,0,0,0,0,0,0,0,0,0,0,10000,10000,0,0
059572,華新科凱基99購08,0,0,0,0,0,0,0,0,0,0,0,0,0,14000,14000,0,0
060881,玉山金中信02購01,0,0,0,0,0,0,0,0,0,0,0,0,0,23000,23000,0,0
060925,華新科永豐9A購01,0,0,0,0,0,0,0,0,0,0,0,0,0,12000,12000,0,0
058698,華通元大99購05  ,0,0,0,0,0,0,0,0,0,0,0,0,0,10000,10000,0,0
058692,華邦電國票9B購01,0,0,0,0,0,0,0,0,0,0,0,0,0,10000,10000,0,0
060399,康友國票9A購02  ,0,0,0,0,0,0,0,0,0,0,0,0,0,35000,35000,0,0
059588,鴻海元大99購32  ,0,0,0,0,0,0,0,0,0,0,0,0,0,12000,12000,0,0
05959P,聯發科國票98售01,0,0,0,0,0,0,0,0,0,0,0,0,0,10000,10000,0,0
059595,華新科元大9A購03,0,0,0,0,0,0,0,0,0,0,0,0,0,10000,10000,0,0
060598,鴻海凱基9A購20  ,0,0,0,0,0,0,0,0,0,0,0,0,0,7000,7000,0,0
060618,玉晶光元大9A購02,0,0,0,0,0,0,0,0,0,0,0,0,0,6000,6000,0,0
060543,鴻海凱基9B購02  ,0,0,0,0,0,0,0,0,0,0,0,0,0,19000,19000,0,0
063233,國巨元大9B購19  ,0,0,0,0,0,0,0,0,0,0,0,0,0,12000,12000,0,0
063241,聯發科元大9B購18,0,0,0,0,0,0,0,0,0,0,0,0,0,17000,17000,0,0
063190,聯茂凱基9B購01  ,0,0,0,0,0,0,0,0,0,0,0,0,0,4000,4000,0,0
063157,鴻海台新9B購02  ,0,0,0,0,0,0,0,0,0,0,0,0,0,8000,8000,0,0
063132,台表科元大9C購02,0,0,0,0,0,0,0,0,0,0,0,0,0,8000,8000,0,0
062940,華新科凱基9C購02,0,0,0,0,0,0,0,0,0,0,0,0,0,7000,7000,0,0
06294P,臺股指國票97售08,0,0,0,0,0,0,0,0,0,0,0,0,0,50000,50000,0,0
062951,鴻海永豐9B購02  ,0,0,0,0,0,0,0,0,0,0,0,0,0,7000,7000,0,0
062957,鴻海麥證9C購01  ,0,0,0,0,7000,-7000,0,0,0,0,0,0,0,7000,7000,0,0
062928,富邦金台新9B購02,0,0,0,0,0,0,0,0,0,0,0,0,0,8000,8000,0,0
063019,聯發科元大9C購01,0,0,0,0,0,0,0,0,0,0,0,0,0,18000,18000,0,0
063031,鴻海凱基9C購01  ,0,0,0,0,0,0,0,0,0,0,0,0,0,38000,38000,0,0
063534,鴻海統一9B購07  ,0,0,0,0,0,0,0,0,0,0,0,0,0,30000,30000,0,0
063511,南電群益9B購02  ,0,0,0,0,0,0,0,0,0,0,0,0,0,1000,1000,0,0
063429,南電凱基01購01  ,0,0,0,0,0,0,0,0,0,0,0,0,0,8000,8000,0,0
063414,鴻海凱基03購01  ,0,0,0,0,0,0,0,0,0,0,0,0,0,7000,7000,0,0
063263,高鐵永豐9B購01  ,0,0,0,0,0,0,0,0,0,0,0,0,0,17000,17000,0,0
063378,茂林永豐9B購02  ,0,0,0,0,0,0,0,0,0,0,0,0,0,10000,10000,0,0
063392,聯電群益9B購02  ,0,0,0,0,0,0,0,0,0,0,0,0,0,8000,8000,0,0
063394,金像電群益9B購01,0,0,0,0,0,0,0,0,0,0,0,0,0,10000,10000,0,0
062441,華新科元大9C購01,0,0,0,0,0,0,0,0,0,0,0,0,0,7000,7000,0,0
062524,鴻海統一9C購09  ,0,0,0,0,0,0,0,0,0,0,0,0,0,7000,7000,0,0
062358,國巨元大9B購12  ,0,0,0,0,0,0,0,0,0,0,0,0,0,6000,6000,0,0
06242P,大立光元富9A售02,0,0,0,0,0,0,0,0,0,0,0,0,0,21000,21000,0,0
062417,鴻海統一9C購08  ,0,0,0,0,0,0,0,0,0,0,0,0,0,7000,7000,0,0
062435,國巨元大9B購13  ,0,0,0,0,0,0,0,0,0,0,0,0,0,6000,6000,0,0
062206,緯創國票9B購01  ,0,0,0,0,0,0,0,0,0,0,0,0,0,2000,2000,0,0
062200,臺指反國票03購01,0,0,0,0,0,0,0,0,0,0,0,0,0,82000,82000,0,0
062182,華新科元大9B購07,0,0,0,0,0,0,0,0,0,0,0,0,0,8000,8000,0,0
062180,瑞昱元大9B購03  ,0,0,0,0,0,0,0,0,0,0,0,0,0,9000,9000,0,0
062338,鴻海麥證9B購01  ,0,0,0,8000,35000,-27000,0,0,0,0,0,0,0,43000,43000,0,0
062247,國巨元大9B購07  ,0,0,0,0,0,0,0,0,0,0,0,0,0,5000,5000,0,0
062716,鴻海凱基9B購06  ,0,0,0,0,0,0,0,0,0,0,0,0,0,24000,24000,0,0
062778,國巨元大9B購17  ,0,0,0,0,0,0,0,0,0,0,0,0,0,6000,6000,0,0
062811,鴻海兆豐9B購01  ,0,0,0,0,0,0,0,0,0,0,0,0,0,11000,11000,0,0
062621,緯穎元大9B購05  ,0,0,0,0,0,0,0,0,0,0,0,0,0,50000,50000,0,0
062584,鴻海統一9C購13  ,0,0,0,0,0,0,0,0,0,0,0,0,0,7000,7000,0,0
062542,南電國泰9C購01  ,0,0,0,0,0,0,0,0,0,0,0,0,0,30000,30000,0,0
064215,康控凱基02購01  ,0,0,0,0,0,0,0,0,0,0,0,0,0,147000,147000,0,0
06432P,上銀群益98售01  ,0,0,0,0,0,0,0,0,0,0,0,0,0,20000,20000,0,0
06427P,鴻海元大97售13  ,0,0,0,0,0,0,0,0,0,0,0,0,0,12000,12000,0,0
064271,鴻海元大9C購08  ,0,0,0,0,0,0,0,0,0,0,0,0,0,24000,24000,0,0
06437P,玉晶光國票99售01,0,0,0,0,0,0,0,0,0,0,0,0,0,5000,5000,0,0
064418,鴻海兆豐01購02  ,0,0,0,0,0,0,0,0,0,0,0,0,0,7000,7000,0,0
064443,同欣電凱基03購01,0,0,0,0,0,0,0,0,0,0,0,0,0,45000,45000,0,0
064686,鴻海群益01購03  ,0,0,0,0,0,0,0,0,0,0,0,0,0,34000,34000,0,0
064663,鴻海元大9C購11  ,0,0,0,0,0,0,0,0,0,0,0,0,0,22000,22000,0,0
064665,南亞科元大9C購06,0,0,0,0,0,0,0,0,0,0,0,0,0,50000,50000,0,0
064554,儒鴻群益9C購01  ,0,0,0,0,0,0,0,0,0,0,0,0,0,5000,5000,0,0
064549,神基凱基9C購01  ,0,0,0,0,0,0,0,0,0,0,0,0,0,50000,50000,0,0
064618,南亞科元大9C購04,0,0,0,0,0,0,0,0,0,0,0,0,0,100000,100000,0,0
063803,世紀鋼凱基01購01,0,0,0,0,0,0,0,0,0,0,0,0,0,10000,10000,0,0
063744,儒鴻國票9C購01  ,0,0,0,0,0,0,0,0,0,0,0,0,0,2000,2000,0,0
063721,道瓊銀元大9B購03,0,0,0,0,0,0,0,0,0,0,0,0,0,13000,13000,0,0
063726,鴻海元大9B購04  ,0,0,0,0,0,0,0,0,0,0,0,0,0,25000,25000,0,0
063728,國巨元大9B購21  ,0,0,0,0,0,0,0,0,0,0,0,0,0,6000,6000,0,0
063870,健策永豐01購01  ,0,0,0,0,0,0,0,0,0,0,0,0,0,7000,7000,0,0
063841,國巨元大01購01  ,0,0,0,0,0,0,0,0,0,0,0,0,0,60000,60000,0,0
063685,鴻海永豐9B購03  ,0,0,0,0,0,0,0,0,0,0,0,0,0,19000,19000,0,0
063686,國巨永豐9B購04  ,0,0,0,0,0,0,0,0,0,0,0,0,0,2000,2000,0,0
063698,上銀群益9B購05  ,0,0,0,0,0,0,0,0,0,0,0,0,0,98000,98000,0,0
063633,金像電元大9B購05,0,0,0,0,0,0,0,0,0,0,0,0,0,6000,6000,0,0
06359P,上銀群益97售03  ,0,0,0,0,0,0,0,0,0,0,0,0,0,10000,10000,0,0
063577,台表科元大9C購04,0,0,0,0,0,0,0,0,0,0,0,0,0,31000,31000,0,0
064069,華新科永豐9C購01,0,0,0,0,0,0,0,0,0,0,0,0,0,2000,2000,0,0
064120,鴻海元大9C購07  ,0,0,0,0,0,0,0,0,0,0,0,0,0,25000,25000,0,0
064102,宏達電群益9C購01,0,0,0,0,0,0,0,0,0,0,0,0,0,13000,13000,0,0
064094,達新群益9C購01  ,0,0,0,0,0,0,0,0,0,0,0,0,0,199000,199000,0,0
064166,和潤統一02購01  ,0,0,0,0,0,0,0,0,0,0,0,0,0,10000,10000,0,0
064164,祥碩統一01購05  ,0,0,0,0,0,0,0,0,0,0,0,0,0,445000,445000,0,0
063939,上銀元大9C購04  ,0,0,0,0,0,0,0,0,0,0,0,0,0,12000,12000,0,0
063941,國巨元大9C購12  ,0,0,0,0,0,0,0,0,0,0,0,0,0,26000,26000,0,0
06391P,上銀中信97售03  ,0,0,0,0,0,0,0,0,0,0,0,0,0,10000,10000,0,0
063979,健鼎兆豐9C購01  ,0,0,0,0,0,0,0,0,0,0,0,0,0,10000,10000,0,0
064041,國巨統一01購07  ,0,0,0,0,0,0,0,0,0,0,0,0,0,1000,1000,0,0
064032,群創元大9C購06  ,0,0,0,0,0,0,0,0,0,0,0,0,0,34000,34000,0,0
3432,台端            ,2000,2000,0,0,0,0,0,0,0,0,0,0,0,0,0,0,0
2115,六暉-KY         ,1000,1000,0,0,0,0,0,0,0,0,0,0,0,0,0,0,0
2305,全友            ,2000,2000,0,0,0,0,0,0,0,0,0,0,0,0,0,0,0
2911,麗嬰房          ,2000,2000,0,0,0,0,0,0,0,0,0,0,0,0,0,0,0
2485,兆赫            ,222000,222000,0,0,0,0,0,0,0,0,4000,4000,0,0,0,0,0
2491,吉祥全          ,1000,0,1000,0,0,0,0,0,0,-1000,0,1000,-1000,0,0,0,0
8367,建新國際        ,2000,0,2000,0,0,0,0,0,0,-2000,0,2000,-2000,0,0,0,0
6655,科定            ,1000,1000,0,0,0,0,0,0,0,0,0,0,0,0,0,0,0
6581,鋼聯            ,1000,1000,0,0,0,0,0,0,0,0,0,0,0,0,0,0,0
8482,商億-KY         ,2000,2000,0,0,0,0,0,0,0,0,0,0,0,0,0,0,0
8473,山林水          ,3000,3000,0,0,0,0,0,0,0,0,0,0,0,0,0,0,0
3536,誠創            ,0,0,0,0,0,0,0,0,0,-3,0,3,-3,0,0,0,-3
9929,秋雨            ,1000,1000,0,0,0,0,0,0,0,-12,0,12,-12,0,0,0,-12
8114,振樺電          ,2000,2000,0,0,0,0,0,0,0,-16,0,16,-16,0,0,0,-16
1538,正峰新          ,0,0,0,0,0,0,0,0,0,-342,0,342,-342,0,0,0,-342
2358,廷鑫            ,5000,5000,0,0,0,0,0,0,0,-869,0,869,-869,0,0,0,-869
1535,中宇            ,2000,3000,-1000,0,0,0,0,0,0,0,0,0,0,0,0,0,-1000
1540,喬福            ,1000,0,1000,0,0,0,0,0,0,-2000,0,2000,-2000,0,0,0,-1000
1530,亞崴            ,0,0,0,0,0,0,0,0,0,-1000,0,1000,-1000,0,0,0,-1000
1528,恩德            ,8000,9000,-1000,0,0,0,0,0,0,0,0,0,0,0,0,0,-1000
1603,華電            ,7000,8000,-1000,0,0,0,0,0,0,0,0,0,0,0,0,0,-1000
1776,展宇            ,1000,0,1000,0,0,0,0,0,0,-2000,0,2000,-2000,0,0,0,-1000
1435,中福            ,0,1000,-1000,0,0,0,0,0,0,0,0,0,0,0,0,0,-1000
1519,華城            ,129000,130000,-1000,0,0,0,0,0,0,0,0,0,0,0,0,0,-1000
1466,聚隆            ,0,0,0,0,0,0,0,0,0,-1000,0,1000,-1000,0,0,0,-1000
08627P,臺股指群益9C售22,0,0,0,0,0,0,0,0,0,-1000,0,0,0,0,1000,-1000,-1000
1233,天仁            ,0,1000,-1000,0,0,0,0,0,0,0,0,0,0,0,0,0,-1000
08659P,聯發科統一9C售20,0,0,0,0,0,0,0,0,0,-1000,0,0,0,0,1000,-1000,-1000
1109,信大            ,6000,7000,-1000,0,0,0,0,0,0,0,0,0,0,0,0,0,-1000
08185P,華新科永豐9B售01,0,0,0,0,0,0,0,0,0,-1000,0,0,0,0,1000,-1000,-1000
08250P,GIS群益9C售02   ,0,0,0,0,0,0,0,0,0,-1000,0,0,0,1000,2000,-1000,-1000
08339P,上銀統一9C售04  ,0,0,0,0,0,0,0,0,0,-1000,0,0,0,0,1000,-1000,-1000
08304P,大立光中信02售01,0,0,0,0,0,0,0,0,0,-1000,0,0,0,1000,2000,-1000,-1000
08291P,智邦台新9C售02  ,0,0,0,0,0,0,0,0,0,-1000,0,0,0,0,1000,-1000,-1000
08511P,電子類富邦9C售02,0,0,0,0,0,0,0,0,0,-1000,0,0,0,0,1000,-1000,-1000
08465P,玉晶光兆豐01售02,0,0,0,0,0,0,0,0,0,-1000,0,0,0,0,1000,-1000,-1000
07922P,大立光群益9B售05,0,0,0,0,0,0,0,0,0,-1000,0,0,0,1000,2000,-1000,-1000
08078P,聯發科國票9B售04,0,0,0,0,0,0,0,0,0,-1000,0,0,0,0,1000,-1000,-1000
07609P,台灣50國票9C售04,0,0,0,0,0,0,0,0,0,-1000,0,0,0,0,1000,-1000,-1000
07596P,上証2X中信01售01,0,0,0,0,0,0,0,0,0,-1000,0,0,0,0,1000,-1000,-1000
07876P,台灣50國泰01售01,0,0,0,0,0,0,0,0,0,-1000,0,0,0,0,1000,-1000,-1000
07052P,臺股指中信9C售02,0,0,0,0,0,0,0,0,0,-1000,0,0,0,0,1000,-1000,-1000
07142P,台灣50元大01售01,0,0,0,0,0,0,0,0,0,-1000,0,0,0,0,1000,-1000,-1000
06917P,聯電亞東99售01  ,0,0,0,0,0,0,0,0,0,-1000,0,0,0,0,1000,-1000,-1000
06828P,臺股指國票98售04,0,0,0,0,0,0,0,0,0,-1000,0,0,0,0,1000,-1000,-1000
07235P,T50正2元大9C售02,0,0,0,0,0,0,0,0,0,-1000,0,0,0,4000,5000,-1000,-1000
07444P,聯發科凱基9A售10,0,0,0,0,0,0,0,0,0,-1000,0,0,0,0,1000,-1000,-1000
064941,台積電台新9C購04,0,0,0,0,0,0,0,0,0,-1000,0,0,0,1000,2000,-1000,-1000
065068,臺股指群益9C購16,0,0,0,0,0,0,0,0,0,-1000,0,0,0,0,1000,-1000,-1000
065156,可成群益01購02  ,0,0,0,0,0,0,0,0,0,-1000,0,0,0,5000,6000,-1000,-1000
065318,聯電凱基9C購03  ,0,0,0,0,0,0,0,0,0,-1000,0,0,0,90000,91000,-1000,-1000
065282,國巨群益9C購14  ,0,0,0,0,0,0,0,0,0,-1000,0,0,0,0,1000,-1000,-1000
065716,道瓊反中信03購01,0,0,0,0,0,0,0,0,0,-1000,0,0,0,0,1000,-1000,-1000
065718,健策中信9C購02  ,0,0,0,0,0,0,0,0,0,-1000,0,0,0,0,1000,-1000,-1000
065629,台積電國票01購04,0,0,0,0,0,0,0,0,0,-1000,0,0,0,0,1000,-1000,-1000
065795,康友永豐9C購02  ,0,0,0,0,0,0,0,0,0,-1000,0,0,0,22000,23000,-1000,-1000
065867,鴻海群益9C購08  ,0,0,0,0,0,0,0,0,0,-1000,0,0,0,20000,21000,-1000,-1000
06736P,新日興凱基98售03,0,0,0,0,0,0,0,0,0,-1000,0,0,0,0,1000,-1000,-1000
065951,聯發科統一01購08,0,0,0,0,0,0,0,0,0,-1000,0,0,0,0,1000,-1000,-1000
065920,日月光凱基02購01,0,0,0,0,0,0,0,0,0,-1000,0,0,0,0,1000,-1000,-1000
060984,南亞科元大9A購07,0,0,0,0,0,0,0,0,0,-1000,0,0,0,50000,51000,-1000,-1000
060980,台積電元大9A購21,0,0,0,0,0,0,0,0,0,-1000,0,0,0,1000,2000,-1000,-1000
061112,台表科元大9A購03,0,0,0,0,0,0,0,0,0,-1000,0,0,0,0,1000,-1000,-1000
060841,宏達電國票9B購01,0,0,0,0,0,0,0,0,0,-1000,0,0,0,0,1000,-1000,-1000
060864,可成永豐9A購01  ,0,0,0,0,0,0,0,0,0,-1000,0,0,0,6000,7000,-1000,-1000
057218,可成群益99購03  ,0,0,0,0,0,0,0,0,0,-1000,0,0,0,0,1000,-1000,-1000
057315,台灣50康和9A購03,0,0,0,0,0,0,0,0,0,-1000,0,0,0,0,1000,-1000,-1000
056295,國巨元大97購16  ,0,0,0,0,0,0,0,0,0,-1000,0,0,0,14000,15000,-1000,-1000
05620P,大立光富邦9B售01,0,0,0,0,0,0,0,0,0,-1000,0,0,0,0,1000,-1000,-1000
056213,建準國票98購02  ,0,0,0,0,0,0,0,0,0,-1000,0,0,0,20000,21000,-1000,-1000
057806,國巨元大98購20  ,0,0,0,0,0,0,0,0,0,-1000,0,0,0,0,1000,-1000,-1000
057744,健策永豐98購02  ,0,0,0,0,0,0,0,0,0,-1000,0,0,0,4000,5000,-1000,-1000
057703,矽力群益98購01  ,0,0,0,0,0,0,0,0,0,-1000,0,0,0,3000,4000,-1000,-1000
058015,旺宏凱基99購02  ,0,0,0,0,0,0,0,0,0,-1000,0,0,0,65000,66000,-1000,-1000
056615,燿華永豐98購02  ,0,0,0,0,0,0,0,0,0,-1000,0,0,0,0,1000,-1000,-1000
056989,鴻海兆豐98購02  ,0,0,0,0,0,0,0,0,0,-1000,0,0,0,0,1000,-1000,-1000
056079,世紀鋼元大97購02,0,0,0,0,0,0,0,0,0,-1000,0,0,0,0,1000,-1000,-1000
055318,華通國票98購01  ,0,0,0,0,0,0,0,0,0,-1000,0,0,0,43000,44000,-1000,-1000
054309,禾伸堂凱基98購01,0,0,0,0,0,0,0,0,0,-1000,0,0,0,71000,72000,-1000,-1000
054375,貿聯中信99購01  ,0,0,0,0,0,0,0,0,0,-1000,0,0,0,0,1000,-1000,-1000
054218,S&P反1統一98購02,0,0,0,0,0,0,0,0,0,-1000,0,0,0,0,1000,-1000,-1000
054259,健策元大97購03  ,0,0,0,0,0,0,0,0,0,-1000,0,0,0,1000,2000,-1000,-1000
054769,創意國票98購01  ,0,0,0,0,0,0,0,0,0,-1000,0,0,0,0,1000,-1000,-1000
03675C,臺股指元大04牛02,0,0,0,0,0,0,0,0,0,-1000,0,0,0,0,1000,-1000,-1000
03688C,T50反1凱基03牛02,0,0,0,0,0,0,0,0,0,-1000,0,0,0,0,1000,-1000,-1000
03013X,元展13          ,0,0,0,0,0,0,0,0,0,-1000,0,0,0,0,1000,-1000,-1000
03022X,富展01          ,0,0,0,0,0,0,0,0,0,-1000,0,0,0,1000,2000,-1000,-1000
055639,上銀元富97購02  ,0,0,0,0,0,0,0,0,0,-1000,0,0,0,0,1000,-1000,-1000
055801,景碩永豐97購02  ,0,0,0,0,0,0,0,0,0,-1000,0,0,0,15000,16000,-1000,-1000
053022,欣興國泰98購01  ,0,0,0,0,0,0,0,0,0,-1000,0,0,0,0,1000,-1000,-1000
00691R,兆豐藍籌30反1   ,0,0,0,0,0,0,0,0,0,-1000,0,0,0,0,1000,-1000,-1000
059605,臺股指元大9A購42,0,0,0,0,0,0,0,0,0,-1000,0,0,0,0,1000,-1000,-1000
059617,A50正2群益01購02,0,0,0,0,0,0,0,0,0,-1000,0,0,0,0,1000,-1000,-1000
060368,緯穎元富9A購03  ,0,0,0,0,0,0,0,0,0,-1000,0,0,0,0,1000,-1000,-1000
060429,南六永豐9A購01  ,0,0,0,0,0,0,0,0,0,-1000,0,0,0,0,1000,-1000,-1000
060941,台積電國票9B購04,0,0,0,0,0,0,0,0,0,-1000,0,0,0,0,1000,-1000,-1000
058822,樺漢國泰9B購01  ,0,0,0,0,0,0,0,0,0,-1000,0,0,0,0,1000,-1000,-1000
058824,晶技富邦9A購01  ,0,0,0,0,0,0,0,0,0,-1000,0,0,0,0,1000,-1000,-1000
058812,台積電統一9B購06,0,0,0,0,0,0,0,0,0,-1000,0,0,0,0,1000,-1000,-1000
061076,台達電兆豐9A購01,0,0,0,0,0,0,0,0,0,-1000,0,0,0,0,1000,-1000,-1000
060492,元黃金元富9A購01,0,0,0,0,0,0,0,0,0,-1000,0,0,0,0,1000,-1000,-1000
060501,鴻海元大9A購13  ,0,0,0,0,0,0,0,0,0,-1000,0,0,0,0,1000,-1000,-1000
061222,台灣50中信9A購02,0,0,0,0,0,0,0,0,0,-1000,0,0,0,4000,5000,-1000,-1000
058262,大立光富邦9C購02,0,0,0,0,0,0,0,0,0,-1000,0,0,0,0,1000,-1000,-1000
058408,華通兆豐99購02  ,0,0,0,0,0,0,0,0,0,-1000,0,0,0,0,1000,-1000,-1000
059113,群光永豐99購01  ,0,0,0,0,0,0,0,0,0,-1000,0,0,0,0,1000,-1000,-1000
059213,國巨元大99購19  ,0,0,0,0,0,0,0,0,0,-1000,0,0,0,8000,9000,-1000,-1000
059782,A50正2元大9C購04,0,0,0,0,0,0,0,0,0,-1000,0,0,0,2000,3000,-1000,-1000
059797,大立光國票99購01,0,0,0,0,0,0,0,0,0,-1000,0,0,0,0,1000,-1000,-1000
059803,S&P正2元富9B購03,0,0,0,0,0,0,0,0,0,-1000,0,0,0,0,1000,-1000,-1000
061255,道瓊反凱基9C購01,0,0,0,0,0,0,0,0,0,-1000,0,0,0,1000,2000,-1000,-1000
061279,鴻海統一9C購04  ,0,0,0,0,0,0,0,0,0,-1000,0,0,0,27000,28000,-1000,-1000
058931,玉晶光統一9C購01,0,0,0,0,0,0,0,0,0,-1000,0,0,0,80000,81000,-1000,-1000
059770,A50正2群益9C購01,0,0,0,0,0,0,0,0,0,-1000,0,0,0,0,1000,-1000,-1000
061866,力山元大9C購01  ,0,0,0,0,0,0,0,0,0,-1000,0,0,0,100000,101000,-1000,-1000
05998P,台積電元大97售12,0,0,0,0,0,0,0,0,0,-1000,0,0,0,0,1000,-1000,-1000
058151,台積電統一9A購04,0,0,0,0,0,0,0,0,0,-1000,0,0,0,0,1000,-1000,-1000
058143,瑞儀元大99購02  ,0,0,0,0,0,0,0,0,0,-1000,0,0,0,20000,21000,-1000,-1000
058135,景碩元大99購01  ,0,0,0,0,0,0,0,0,0,-1000,0,0,0,10000,11000,-1000,-1000
061683,台灣50群益9B購09,0,0,0,0,0,0,0,0,0,-1000,0,0,0,0,1000,-1000,-1000
061958,鴻海統一01購01  ,0,0,0,0,0,0,0,0,0,-1000,0,0,0,29000,30000,-1000,-1000
061356,南電元大9A購06  ,0,0,0,0,0,0,0,0,0,-1000,0,0,0,2000,3000,-1000,-1000
060073,台積電元富99購03,0,0,0,0,0,0,0,0,0,-1000,0,0,0,0,1000,-1000,-1000
060222,貿聯凱基9A購02  ,0,0,0,0,0,0,0,0,0,-1000,0,0,0,13000,14000,-1000,-1000
060200,同欣電元富9A購01,0,0,0,0,0,0,0,0,0,-1000,0,0,0,1000,2000,-1000,-1000
060251,易華電元大9C購01,0,0,0,0,0,0,0,0,0,-1000,0,0,0,160000,161000,-1000,-1000
060267,上緯控國票9C購01,0,0,0,0,0,0,0,0,0,-1000,0,0,0,0,1000,-1000,-1000
063967,華新科國票01購01,0,0,0,0,0,0,0,0,0,-1000,0,0,0,0,1000,-1000,-1000
063604,群創凱基01購02  ,0,0,0,0,0,0,0,0,0,-1000,0,0,0,35000,36000,-1000,-1000
063828,台積電國票01購02,0,0,0,0,0,0,0,0,0,-1000,0,0,0,0,1000,-1000,-1000
063868,嘉晶永豐9C購01  ,0,0,0,0,0,0,0,0,0,-1000,0,0,0,0,1000,-1000,-1000
063858,鴻海國泰02購01  ,0,0,0,0,0,0,0,0,0,-1000,0,0,0,0,1000,-1000,-1000
063795,上銀凱基9C購01  ,0,0,0,0,0,0,0,0,0,-1000,0,0,0,0,1000,-1000,-1000
064649,同欣電凱基01購01,0,0,0,0,0,0,0,0,0,-1000,0,0,0,1000,2000,-1000,-1000
064753,英業達凱基9C購01,0,0,0,0,0,0,0,0,0,-1000,0,0,0,515000,516000,-1000,-1000
064788,台汽電群益9C購01,0,0,0,0,0,0,0,0,0,-1000,0,0,0,0,1000,-1000,-1000
064785,康友群益9C購01  ,0,0,0,0,0,0,0,0,0,-1000,0,0,0,6000,7000,-1000,-1000
064218,南六凱基01購01  ,0,0,0,0,0,0,0,0,0,-1000,0,0,0,0,1000,-1000,-1000
064206,鴻海凱基03購02  ,0,0,0,0,0,0,0,0,0,-1000,0,0,0,29000,30000,-1000,-1000
064228,同欣電國票01購01,0,0,0,0,0,0,0,0,0,-1000,0,0,0,35000,36000,-1000,-1000
064200,華通兆豐01購01  ,0,0,0,0,0,0,0,0,0,-1000,0,0,0,1000,2000,-1000,-1000
062530,大立光統一01購03,0,0,0,0,0,0,0,0,0,-1000,0,0,0,0,1000,-1000,-1000
062861,世芯國票9C購01  ,0,0,0,0,0,0,0,0,0,-1000,0,0,0,0,1000,-1000,-1000
062462,GIS群益9B購01   ,0,0,0,0,0,0,0,0,0,-1000,0,0,0,10000,11000,-1000,-1000
063427,南六凱基9B購04  ,0,0,0,0,0,0,0,0,0,-1000,0,0,0,0,1000,-1000,-1000
063447,聯發科統一9B購12,0,0,0,0,0,0,0,0,0,-1000,0,0,0,0,1000,-1000,-1000
063519,聚陽凱基9B購02  ,0,0,0,0,0,0,0,0,0,-1000,0,0,0,16000,17000,-1000,-1000
2402,毅嘉            ,64000,64000,0,0,0,0,0,0,0,-1000,0,1000,-1000,0,0,0,-1000
2483,百容            ,0,0,0,0,0,0,0,0,0,-1000,0,1000,-1000,0,0,0,-1000
2613,中櫃            ,0,1000,-1000,0,0,0,0,0,0,0,0,0,0,0,0,0,-1000
3002,歐格            ,2000,1000,1000,0,0,0,0,0,0,-2000,0,2000,-2000,0,0,0,-1000
2882B,國泰金乙特      ,0,0,0,0,0,0,0,0,0,-1000,4000,5000,-1000,0,0,0,-1000
3617,碩天            ,30000,16000,14000,0,0,0,0,15000,-15000,0,0,0,0,0,0,0,-1000
4439,冠星-KY         ,1000,2000,-1000,0,0,0,0,0,0,0,0,0,0,0,0,0,-1000
3130,一零四          ,123000,122000,1000,0,0,0,0,0,0,-2000,0,2000,-2000,0,0,0,-1000
3167,大量            ,5000,6000,-1000,0,0,0,0,0,0,0,0,0,0,0,0,0,-1000
2936,客思達-KY       ,1000,0,1000,0,0,0,0,0,0,-2000,0,2000,-2000,0,0,0,-1000
6183,關貿            ,27000,27000,0,0,0,0,0,0,0,-1000,0,1000,-1000,0,0,0,-1000
6117,迎廣            ,0,1000,-1000,0,0,0,0,0,0,0,0,0,0,0,0,0,-1000
5484,慧友            ,0,1000,-1000,0,0,0,0,0,0,0,0,0,0,0,0,0,-1000
4763,材料-KY         ,11000,12000,-1000,0,0,0,0,0,0,0,0,0,0,0,0,0,-1000
4807,日成-KY         ,2000,3000,-1000,0,0,0,0,0,0,0,0,0,0,0,0,0,-1000
8222,寶一            ,4000,5000,-1000,0,0,0,0,0,0,0,0,0,0,0,0,0,-1000
6525,捷敏-KY         ,14000,15000,-1000,0,0,0,0,0,0,0,0,0,0,0,0,0,-1000
6625,必應            ,1000,0,1000,0,0,0,0,0,0,-2000,0,2000,-2000,0,0,0,-1000
6641,基士德-KY       ,0,1000,-1000,0,0,0,0,0,0,0,0,0,0,0,0,0,-1000
9942,茂順            ,6000,7000,-1000,0,0,0,0,0,0,0,0,0,0,0,0,0,-1000
8940,新天地          ,4000,2000,2000,0,0,0,0,0,0,-3000,0,3000,-3000,0,0,0,-1000
9908,大台北          ,1000,2000,-1000,0,0,0,0,0,0,0,0,0,0,0,0,0,-1000
2438,翔耀            ,0,1000,-1000,0,0,0,0,0,0,-100,0,100,-100,0,0,0,-1100
065892,聯發科統一02購04,0,0,0,0,0,0,0,0,0,-2000,0,0,0,0,2000,-2000,-2000
065969,台積電元大01購06,0,0,0,0,0,0,0,0,0,-2000,0,0,0,0,2000,-2000,-2000
06752P,訊芯凱基98售05  ,0,0,0,0,0,0,0,0,0,-2000,0,0,0,10000,12000,-2000,-2000
065868,燿華群益02購01  ,0,0,0,0,0,0,0,0,0,-2000,0,0,0,29000,31000,-2000,-2000
065782,健策富邦01購02  ,0,0,0,0,0,0,0,0,0,-2000,0,0,0,205000,207000,-2000,-2000
065335,玉晶光台新9C購03,0,0,0,0,0,0,0,0,0,-2000,0,0,0,533000,535000,-2000,-2000
065375,神基元大03購01  ,0,0,0,0,0,0,0,0,0,-2000,0,0,0,9000,11000,-2000,-2000
065244,聯發科兆豐9C購05,0,0,0,0,0,0,0,0,0,-2000,0,0,0,30000,32000,-2000,-2000
065094,新日興元大9C購04,0,0,0,0,0,0,0,0,0,-2000,0,0,0,68000,70000,-2000,-2000
07574P,國巨元大9A售12  ,0,0,0,0,0,0,0,0,0,-2000,0,0,0,0,2000,-2000,-2000
07317P,T50正2凱基9B售02,0,0,0,0,0,0,0,0,0,-2000,0,0,0,8000,10000,-2000,-2000
06859P,元金2X中信9C售01,0,0,0,0,0,0,0,0,0,-2000,0,0,0,0,2000,-2000,-2000
07058P,台積電凱基9A售07,0,0,0,0,0,0,0,0,0,-2000,0,0,0,0,2000,-2000,-2000
07892P,臺股指國票9B售02,0,0,0,0,0,0,0,0,0,-2000,0,0,0,0,2000,-2000,-2000
07870P,鴻海群益9B售01  ,0,0,0,0,0,0,0,0,0,-2000,0,0,0,8000,10000,-2000,-2000
07788P,華新科群益9A售08,0,0,0,0,0,0,0,0,0,-2000,0,0,0,11000,13000,-2000,-2000
07675P,全新永豐9A售02  ,0,0,0,0,0,0,0,0,0,-2000,0,0,0,0,2000,-2000,-2000
08092P,仁寶元富9B售02  ,0,0,0,0,0,0,0,0,0,-2000,0,0,0,36000,38000,-2000,-2000
08081P,台灣50元大9B售20,0,0,0,0,0,0,0,0,0,-2000,0,0,0,0,2000,-2000,-2000
07999P,台達電凱基9B售02,0,0,0,0,0,0,0,0,0,-2000,0,0,0,0,2000,-2000,-2000
08429P,台達電凱基9C售01,0,0,0,0,0,0,0,0,0,-2000,0,0,0,0,2000,-2000,-2000
08362P,國巨凱基02售01  ,0,0,0,0,0,0,0,0,0,-2000,0,0,0,3000,5000,-2000,-2000
08363P,南亞科凱基01售01,0,0,0,0,0,0,0,0,0,-2000,0,0,0,16000,18000,-2000,-2000
08509P,臺股指國票9C售10,0,0,0,0,0,0,0,0,0,-2000,0,0,0,0,2000,-2000,-2000
08170P,緯穎群益9B售03  ,0,0,0,0,0,0,0,0,0,-2000,0,0,0,0,2000,-2000,-2000
08144P,臺股指凱基02售03,0,0,0,0,0,0,0,0,0,-2000,0,0,0,0,2000,-2000,-2000
08661P,台灣50麥證9C售03,0,0,0,0,2000,-2000,0,0,0,-2000,0,0,0,0,2000,-2000,-2000
1456,怡華            ,4000,3000,1000,0,0,0,0,0,0,-3000,0,3000,-3000,0,0,0,-2000
1438,裕豐            ,0,2000,-2000,0,0,0,0,0,0,0,0,0,0,0,0,0,-2000
1413,宏洲            ,7000,9000,-2000,0,0,0,0,0,0,0,0,0,0,0,0,0,-2000
1414,東和            ,1000,3000,-2000,0,0,0,0,0,0,0,0,0,0,0,0,0,-2000
1583,程泰            ,0,2000,-2000,0,0,0,0,0,0,0,0,0,0,0,0,0,-2000
1539,巨庭            ,3000,5000,-2000,0,0,0,0,0,0,0,0,0,0,0,0,0,-2000
2024,志聯            ,0,2000,-2000,0,0,0,0,0,0,0,0,0,0,0,0,0,-2000
2028,威致            ,1000,3000,-2000,0,0,0,0,0,0,0,0,0,0,0,0,0,-2000
00645,富邦日本        ,0,0,0,0,0,0,0,0,0,-2000,0,0,0,101000,103000,-2000,-2000
0053,元大電子        ,0,0,0,0,0,0,0,0,0,-2000,0,0,0,2000,4000,-2000,-2000
055521,S&P反1群益01購01,0,0,0,0,0,0,0,0,0,-2000,0,0,0,0,2000,-2000,-2000
03432B,臺股指凱基98熊13,0,0,0,0,0,0,0,0,0,-2000,0,0,0,0,2000,-2000,-2000
055411,國巨富邦9A購02  ,0,0,0,0,0,0,0,0,0,-2000,0,0,0,0,2000,-2000,-2000
056011,矽力中信99購01  ,0,0,0,0,0,0,0,0,0,-2000,0,0,0,0,2000,-2000,-2000
055160,玉晶光元大99購03,0,0,0,0,0,0,0,0,0,-2000,0,0,0,0,2000,-2000,-2000
054421,臺股指元大99購03,0,0,0,0,0,0,0,0,0,-2000,0,0,0,0,2000,-2000,-2000
056746,超眾凱基99購01  ,0,0,0,0,0,0,0,0,0,-2000,0,0,0,0,2000,-2000,-2000
057111,立積群益98購02  ,0,0,0,0,0,0,0,0,0,-2000,0,0,0,8000,10000,-2000,-2000
057116,鴻海日盛9A購01  ,0,0,0,0,0,0,0,0,0,-2000,0,0,0,0,2000,-2000,-2000
057765,康舒凱基98購01  ,0,0,0,0,0,0,0,0,0,-2000,0,0,0,0,2000,-2000,-2000
057785,智邦國票99購02  ,0,0,0,0,0,0,0,0,0,-2000,0,0,0,3000,5000,-2000,-2000
057313,聯發科麥證99購01,0,0,0,0,2000,-2000,0,0,0,-2000,0,0,0,0,2000,-2000,-2000
056393,精元永豐98購01  ,0,0,0,0,0,0,0,0,0,-2000,0,0,0,0,2000,-2000,-2000
060846,欣興國票9A購02  ,0,0,0,0,0,0,0,0,0,-2000,0,0,0,3000,5000,-2000,-2000
060812,智邦凱基9A購01  ,0,0,0,0,0,0,0,0,0,-2000,0,0,0,14000,16000,-2000,-2000
060680,玉晶光元大9C購03,0,0,0,0,0,0,0,0,0,-2000,0,0,0,28000,30000,-2000,-2000
060243,潤泰全元大9C購02,0,0,0,0,0,0,0,0,0,-2000,0,0,0,215000,217000,-2000,-2000
060174,T50反1元富04購01,0,0,0,0,0,0,0,0,0,-2000,0,0,0,8000,10000,-2000,-2000
059938,凱美永豐99購01  ,0,0,0,0,0,0,0,0,0,-2000,0,0,0,0,2000,-2000,-2000
059967,聯發科凱基99購20,0,0,0,0,0,0,0,0,0,-2000,0,0,0,0,2000,-2000,-2000
059968,世紀鋼凱基99購03,0,0,0,0,0,0,0,0,0,-2000,0,0,0,0,2000,-2000,-2000
059960,健策國票99購01  ,0,0,0,0,0,0,0,0,0,-2000,0,0,0,0,2000,-2000,-2000
059878,聯茂凱基99購07  ,0,0,0,0,0,0,0,0,0,-2000,0,0,0,0,2000,-2000,-2000
061429,南六元大9A購02  ,0,0,0,0,0,0,0,0,0,-2000,0,0,0,3000,5000,-2000,-2000
061387,鴻海群益9A購05  ,0,0,0,0,0,0,0,0,0,-2000,0,0,0,23000,25000,-2000,-2000
059465,台灣50元大9C購09,0,0,0,0,0,0,0,0,0,-2000,0,0,0,2000,4000,-2000,-2000
059493,國巨國票9B購01  ,0,0,0,0,0,0,0,0,0,-2000,0,0,0,1000,3000,-2000,-2000
059478,FBVIX群益9A購01 ,0,0,0,0,0,0,0,0,0,-2000,0,0,0,0,2000,-2000,-2000
061740,華新科凱基03購01,0,0,0,0,0,0,0,0,0,-2000,0,0,0,0,2000,-2000,-2000
062024,臺股指中信9C購05,0,0,0,0,0,0,0,0,0,-2000,0,0,0,0,2000,-2000,-2000
058158,台積電台新99購01,0,0,0,0,0,0,0,0,0,-2000,0,0,0,0,2000,-2000,-2000
059992,S&P正2元富9B購04,0,0,0,0,0,0,0,0,0,-2000,0,0,0,0,2000,-2000,-2000
061632,SP黃豆元大9A購06,0,0,0,0,0,0,0,0,0,-2000,0,0,0,8000,10000,-2000,-2000
061858,南電國票9B購02  ,0,0,0,0,0,0,0,0,0,-2000,0,0,0,16000,18000,-2000,-2000
061829,T50反1凱基9C購02,0,0,0,0,0,0,0,0,0,-2000,0,0,0,0,2000,-2000,-2000
061810,S&P反1群益9B購02,0,0,0,0,0,0,0,0,0,-2000,0,0,0,0,2000,-2000,-2000
059755,宏達電國泰9A購01,0,0,0,0,0,0,0,0,0,-2000,0,0,0,70000,72000,-2000,-2000
058890,元油2X元大9C購06,0,0,0,0,0,0,0,0,0,-2000,0,0,0,0,2000,-2000,-2000
061269,嘉澤凱基9A購01  ,0,0,0,0,0,0,0,0,0,-2000,0,0,0,50000,52000,-2000,-2000
059157,元石油凱基9C購01,0,0,0,0,0,0,0,0,0,-2000,0,0,0,0,2000,-2000,-2000
058464,矽創兆豐9A購01  ,0,0,0,0,0,0,0,0,0,-2000,0,0,0,0,2000,-2000,-2000
058481,玉晶光凱基9A購04,0,0,0,0,0,0,0,0,0,-2000,0,0,0,35000,37000,-2000,-2000
058564,元金2X凱基9C購01,0,0,0,0,0,0,0,0,0,-2000,0,0,0,0,2000,-2000,-2000
061176,聯發科凱基9A購14,0,0,0,0,0,0,0,0,0,-2000,0,0,0,0,2000,-2000,-2000
058808,大成鋼統一9B購01,0,0,0,0,0,0,0,0,0,-2000,0,0,0,0,2000,-2000,-2000
058751,南茂凱基9A購01  ,0,0,0,0,0,0,0,0,0,-2000,0,0,0,52000,54000,-2000,-2000
058709,臺股指元大9A購22,0,0,0,0,0,0,0,0,0,-2000,0,0,0,0,2000,-2000,-2000
058724,大立光國泰9B購01,0,0,0,0,0,0,0,0,0,-2000,0,0,0,10000,12000,-2000,-2000
063527,美食凱基01購01  ,0,0,0,0,0,0,0,0,0,-2000,0,0,0,0,2000,-2000,-2000
063300,華通凱基9B購05  ,0,0,0,0,0,0,0,0,0,-2000,0,0,0,2000,4000,-2000,-2000
06292P,臺股指國票97售06,0,0,0,0,0,0,0,0,0,-2000,0,0,0,0,2000,-2000,-2000
062913,創意元大9B購02  ,0,0,0,0,0,0,0,0,0,-2000,0,0,0,16000,18000,-2000,-2000
063087,南六凱基9C購02  ,0,0,0,0,0,0,0,0,0,-2000,0,0,0,0,2000,-2000,-2000
062456,台積電群益9B購05,0,0,0,0,0,0,0,0,0,-2000,0,0,0,187000,189000,-2000,-2000
062348,聯發科群益9B購06,0,0,0,0,0,0,0,0,0,-2000,0,0,0,1000,3000,-2000,-2000
062818,大立光兆豐9C購01,0,0,0,0,0,0,0,0,0,-2000,0,0,0,0,2000,-2000,-2000
062772,T50反1元大9B購06,0,0,0,0,0,0,0,0,0,-2000,0,0,0,0,2000,-2000,-2000
06257P,臺股指群益97售10,0,0,0,0,0,0,0,0,0,-2000,0,0,0,0,2000,-2000,-2000
064201,新光金兆豐9C購01,0,0,0,0,0,0,0,0,0,-2000,0,0,0,23000,25000,-2000,-2000
064329,國巨元大01購03  ,0,0,0,0,0,0,0,0,0,-2000,0,0,0,0,2000,-2000,-2000
06435P,臺股指群益98售02,0,0,0,0,0,0,0,0,0,-2000,0,0,0,0,2000,-2000,-2000
064525,臺股指群益9C購10,0,0,0,0,0,0,0,0,0,-2000,0,0,0,0,2000,-2000,-2000
063634,台光電元大9B購09,0,0,0,0,0,0,0,0,0,-2000,0,0,0,259000,261000,-2000,-2000
063649,南六元大9C購02  ,0,0,0,0,0,0,0,0,0,-2000,0,0,0,65000,67000,-2000,-2000
064155,大立光統一01購05,0,0,0,0,0,0,0,0,0,-2000,0,0,0,8000,10000,-2000,-2000
064060,同欣電麥證01購01,0,0,0,0,2000,-2000,0,0,0,-2000,0,0,0,0,2000,-2000,-2000
2429,銘旺科          ,1000,3000,-2000,0,0,0,0,0,0,0,0,0,0,0,0,0,-2000
2424,隴華            ,0,0,0,0,0,0,0,0,0,-2000,0,2000,-2000,0,0,0,-2000
2236,百達-KY         ,1000,0,1000,0,0,0,0,0,0,-3000,0,3000,-3000,0,0,0,-2000
2901,欣欣            ,0,2000,-2000,0,0,0,0,0,0,0,0,0,0,0,0,0,-2000
2722,夏都            ,6000,8000,-2000,0,0,0,0,0,0,0,0,0,0,0,0,0,-2000
2881B,富邦金乙特      ,0,0,0,0,0,0,0,0,0,-2000,3000,5000,-2000,0,0,0,-2000
2509,全坤建          ,0,2000,-2000,0,0,0,0,0,0,0,0,0,0,0,0,0,-2000
4562,穎漢            ,0,2000,-2000,0,0,0,0,0,0,0,0,0,0,0,0,0,-2000
5305,敦南            ,17000,21000,-4000,0,0,0,3000,0,3000,-1000,0,1000,-1000,0,0,0,-2000
6442,光聖            ,0,2000,-2000,0,0,0,0,0,0,0,0,0,0,0,0,0,-2000
3591,艾笛森          ,1000,3000,-2000,0,0,0,0,0,0,0,0,0,0,0,0,0,-2000
8478,東哥遊艇        ,0,2000,-2000,0,0,0,0,0,0,0,0,0,0,0,0,0,-2000
8411,福貞-KY         ,3000,3000,0,0,0,0,0,0,0,-2000,0,2000,-2000,0,0,0,-2000
8101,華冠            ,0,2000,-2000,0,0,0,0,0,0,0,0,0,0,0,0,0,-2000
2528,皇普            ,9000,3000,6000,0,0,0,0,0,0,-8208,0,8208,-8208,0,0,0,-2208
1231,聯華食          ,8000,6000,2000,0,0,0,0,4500,-4500,0,0,0,0,0,0,0,-2500
1235,興泰            ,0,3000,-3000,0,0,0,0,0,0,0,0,0,0,0,0,0,-3000
08660P,台灣50麥證9C售02,0,0,0,0,3000,-3000,0,0,0,-3000,0,0,0,0,3000,-3000,-3000
08631P,臺股指麥證9C售06,0,0,0,0,3000,-3000,0,0,0,-3000,0,0,0,0,3000,-3000,-3000
08643P,和碩群益9C售02  ,0,0,0,0,0,0,0,0,0,-3000,0,0,0,0,3000,-3000,-3000
1416,廣豐            ,1000,4000,-3000,0,0,0,0,0,0,0,0,0,0,0,0,0,-3000
1473,台南            ,30000,32000,-2000,0,0,0,0,0,0,-1000,0,1000,-1000,0,0,0,-3000
1533,車王電          ,13000,16000,-3000,0,0,0,0,0,0,0,0,0,0,0,0,0,-3000
1615,大山            ,6000,4000,2000,0,0,0,0,0,0,-5000,0,5000,-5000,0,0,0,-3000
1727,中華化          ,3000,6000,-3000,0,0,0,0,0,0,0,0,0,0,0,0,0,-3000
08150P,立積國票9C售01  ,0,0,0,0,0,0,0,0,0,-3000,0,0,0,0,3000,-3000,-3000
08516P,技嘉群益01售02  ,0,0,0,0,0,0,0,0,0,-3000,0,0,0,0,3000,-3000,-3000
08442P,臺股指麥證01售01,0,0,0,0,3000,-3000,0,0,0,-3000,0,0,0,0,3000,-3000,-3000
08115P,聯發科凱基9B售13,0,0,0,0,0,0,0,0,0,-3000,0,0,0,60000,63000,-3000,-3000
07615P,華通中信02售02  ,0,0,0,0,0,0,0,0,0,-3000,0,0,0,0,3000,-3000,-3000
07030P,鈺齊群益99售01  ,0,0,0,0,0,0,0,0,0,-3000,0,0,0,10000,13000,-3000,-3000
06834P,訊芯群益99售02  ,0,0,0,0,0,0,0,0,0,-3000,0,0,0,0,3000,-3000,-3000
06928P,鴻海元大99售10  ,0,0,0,0,0,0,0,0,0,-3000,0,0,0,3000,6000,-3000,-3000
06890P,金融類元大98售02,0,0,0,0,0,0,0,0,0,-3000,0,0,0,0,3000,-3000,-3000
06956P,國巨日盛99售04  ,0,0,0,0,0,0,0,0,0,-3000,0,0,0,57000,60000,-3000,-3000
07217P,大立光凱基9A售05,0,0,0,0,0,0,0,0,0,-3000,0,0,0,0,3000,-3000,-3000
07363P,大立光元大99售26,0,0,0,0,0,0,0,0,0,-3000,0,0,0,0,3000,-3000,-3000
064922,玉晶光統一01購10,0,0,0,0,0,0,0,0,0,-3000,0,0,0,50000,53000,-3000,-3000
065170,智邦元大9C購07  ,0,0,0,0,0,0,0,0,0,-3000,0,0,0,238000,241000,-3000,-3000
065136,正隆凱基9C購01  ,0,0,0,0,0,0,0,0,0,-3000,0,0,0,352000,355000,-3000,-3000
065364,國巨元大9C購18  ,0,0,0,0,0,0,0,0,0,-3000,0,0,0,7000,10000,-3000,-3000
065310,華擎國票01購01  ,0,0,0,0,0,0,0,0,0,-3000,0,0,0,35000,38000,-3000,-3000
065849,景碩元大9C購03  ,0,0,0,0,0,0,0,0,0,-3000,0,0,0,180000,183000,-3000,-3000
06806P,臺股指群益98售12,0,0,0,0,0,0,0,0,0,-3000,0,0,0,0,3000,-3000,-3000
065634,聯發科國票9C購06,0,0,0,0,0,0,0,0,0,-3000,0,0,0,0,3000,-3000,-3000
060684,同欣電元大9A購01,0,0,0,0,0,0,0,0,0,-3000,0,0,0,3000,6000,-3000,-3000
060676,京元電元大9A購03,0,0,0,0,0,0,0,0,0,-3000,0,0,0,152000,155000,-3000,-3000
061145,臻鼎中信9A購02  ,0,0,0,0,0,0,0,0,0,-3000,0,0,0,12000,15000,-3000,-3000
060796,世芯永豐9A購03  ,0,0,0,0,0,0,0,0,0,-3000,0,0,0,0,3000,-3000,-3000
057230,建準凱基98購02  ,0,0,0,0,0,0,0,0,0,-3000,0,0,0,0,3000,-3000,-3000
057609,友訊元富98購01  ,0,0,0,0,0,0,0,0,0,-3000,0,0,0,17000,20000,-3000,-3000
058037,台灣50元大9B購02,0,0,0,0,0,0,0,0,0,-3000,0,0,0,2000,5000,-3000,-3000
058074,欣興凱基99購01  ,0,0,0,0,0,0,0,0,0,-3000,0,0,0,136000,139000,-3000,-3000
056523,光寶科中信98購01,0,0,0,0,0,0,0,0,0,-3000,0,0,0,2000,5000,-3000,-3000
056735,國巨凱基99購02  ,0,0,0,0,0,0,0,0,0,-3000,0,0,0,7000,10000,-3000,-3000
056592,台積電元富98購01,0,0,0,0,0,0,0,0,0,-3000,0,0,0,232000,235000,-3000,-3000
053971,聯發科元大97購09,0,0,0,0,0,0,0,0,0,-3000,0,0,0,10000,13000,-3000,-3000
055230,大毅國票98購01  ,0,0,0,0,0,0,0,0,0,-3000,0,0,0,26000,29000,-3000,-3000
054543,元金2X中信01購01,0,0,0,0,0,0,0,0,0,-3000,0,0,0,0,3000,-3000,-3000
03677C,臺股指元大05牛02,0,0,0,0,0,0,0,0,0,-3000,0,0,0,0,3000,-3000,-3000
055670,矽創群益98購02  ,0,0,0,0,0,0,0,0,0,-3000,0,0,0,0,3000,-3000,-3000
00681R,元大美債20反1   ,0,23000,-23000,0,0,0,0,0,0,20000,0,0,0,20000,0,20000,-3000
059694,創意永豐99購03  ,0,0,0,0,0,0,0,0,0,-3000,0,0,0,0,3000,-3000,-3000
060451,中石化元大9C購02,0,0,0,0,0,0,0,0,0,-3000,0,0,0,101000,104000,-3000,-3000
059717,國巨元大99購21  ,0,0,0,0,0,0,0,0,0,-3000,0,0,0,23000,26000,-3000,-3000
058897,國巨元大99購17  ,0,0,0,0,0,0,0,0,0,-3000,0,0,0,15000,18000,-3000,-3000
062016,美食永豐9B購01  ,0,0,0,0,0,0,0,0,0,-3000,0,0,0,0,3000,-3000,-3000
061723,嘉聯益永豐9A購03,0,0,0,0,0,0,0,0,0,-3000,0,0,0,24000,27000,-3000,-3000
059936,台積電永豐99購06,0,0,0,0,0,0,0,0,0,-3000,0,0,0,0,3000,-3000,-3000
060219,聯發科凱基9A購09,0,0,0,0,0,0,0,0,0,-3000,0,0,0,0,3000,-3000,-3000
060109,茂林元大99購05  ,0,0,0,0,0,0,0,0,0,-3000,0,0,0,87000,90000,-3000,-3000
064087,華新科凱基9C購03,0,0,0,0,0,0,0,0,0,-3000,0,0,0,1000,4000,-3000,-3000
064126,聯發科元大9C購05,0,0,0,0,0,0,0,0,0,-3000,0,0,0,0,3000,-3000,-3000
064001,華通凱基02購01  ,0,0,0,0,0,0,0,0,0,-3000,0,0,0,89000,92000,-3000,-3000
063697,香港反群益9C購01,0,0,0,0,0,0,0,0,0,-3000,0,0,0,0,3000,-3000,-3000
063839,華通元大9C購02  ,0,0,0,0,0,0,0,0,0,-3000,0,0,0,30000,33000,-3000,-3000
063830,智伸科國票01購01,0,0,0,0,0,0,0,0,0,-3000,0,0,0,50000,53000,-3000,-3000
064538,鈺齊國票01購01  ,0,0,0,0,0,0,0,0,0,-3000,0,0,0,35000,38000,-3000,-3000
064300,英業達兆豐9C購01,0,0,0,0,0,0,0,0,0,-3000,0,0,0,415000,418000,-3000,-3000
062602,華通麥證9C購01  ,0,0,0,7000,10000,-3000,0,0,0,-3000,0,0,0,7000,10000,-3000,-3000
062557,台光電凱基9B購02,0,0,0,0,0,0,0,0,0,-3000,0,0,0,358000,361000,-3000,-3000
062794,鴻海統一9C購15  ,0,0,0,0,0,0,0,0,0,-3000,0,0,0,10000,13000,-3000,-3000
062749,元金2X中信9B購01,0,0,0,0,0,0,0,0,0,-3000,0,0,0,0,3000,-3000,-3000
062873,國巨兆豐9C購01  ,0,0,0,0,0,0,0,0,0,-3000,0,0,0,0,3000,-3000,-3000
06334P,臺股指群益9C售03,0,0,0,0,0,0,0,0,0,-3000,0,0,0,1000,4000,-3000,-3000
063489,新日興國泰01購01,0,0,0,0,0,0,0,0,0,-3000,0,0,0,0,3000,-3000,-3000
2524,京城            ,14000,26000,-12000,0,0,0,0,0,0,9000,9000,0,9000,0,0,0,-3000
2706,第一店          ,11000,13000,-2000,0,0,0,0,0,0,-1000,0,1000,-1000,0,0,0,-3000
2543,皇昌            ,0,3000,-3000,0,0,0,0,0,0,0,0,0,0,0,0,0,-3000
2852,第一保          ,37000,40000,-3000,0,0,0,0,0,0,0,0,0,0,0,0,0,-3000
2904,匯僑            ,3000,5000,-2000,0,0,0,0,0,0,-1000,0,1000,-1000,0,0,0,-3000
2923,鼎固-KY         ,13000,16000,-3000,0,0,0,0,0,0,0,0,0,0,0,0,0,-3000
3021,鴻名            ,0,0,0,0,0,0,0,0,0,-3000,0,3000,-3000,0,0,0,-3000
3266,昇陽            ,1000,4000,-3000,0,0,0,0,0,0,0,0,0,0,0,0,0,-3000
3058,立德            ,18000,21000,-3000,0,0,0,0,0,0,0,0,0,0,0,0,0,-3000
6449,鈺邦            ,12000,11000,1000,0,0,0,0,0,0,-4000,0,4000,-4000,0,0,0,-3000
6216,居易            ,0,1000,-1000,0,0,0,0,0,0,-2000,0,2000,-2000,0,0,0,-3000
6206,飛捷            ,11000,25000,-14000,0,0,0,0,0,0,11000,12000,1000,11000,0,0,0,-3000
8201,無敵            ,4000,6000,-2000,0,0,0,0,0,0,-1000,0,1000,-1000,0,0,0,-3000
8443,阿瘦            ,1000,4000,-3000,0,0,0,0,0,0,0,0,0,0,0,0,0,-3000
065494,滬深2X富邦01購01,0,0,0,0,0,0,0,0,0,-4000,0,0,0,0,4000,-4000,-4000
065292,緯創群益9C購01  ,0,0,0,0,0,0,0,0,0,-4000,0,0,0,198000,202000,-4000,-4000
065392,華通群益01購02  ,0,0,0,0,0,0,0,0,0,-4000,0,0,0,36000,40000,-4000,-4000
06510P,燿華永豐98售03  ,0,0,0,0,0,0,0,0,0,-4000,0,0,0,12000,16000,-4000,-4000
064901,牧德群益9C購01  ,0,0,0,0,0,0,0,0,0,-4000,0,0,0,38000,42000,-4000,-4000
07415P,台積電元大99售52,0,0,0,0,0,0,0,0,0,-4000,0,0,0,6000,10000,-4000,-4000
07101P,台郡元大99售06  ,0,0,0,0,0,0,0,0,0,-4000,0,0,0,756000,760000,-4000,-4000
1721,三晃            ,0,4000,-4000,0,0,0,0,0,0,0,0,0,0,0,0,0,-4000
1532,勤美            ,42000,44000,-2000,0,0,0,0,0,0,-2000,0,2000,-2000,0,0,0,-4000
1467,南緯            ,35000,39000,-4000,0,0,0,0,0,0,0,0,0,0,0,0,0,-4000
1451,年興            ,32000,36000,-4000,0,0,0,0,0,0,0,0,0,0,0,0,0,-4000
1445,大宇            ,1000,5000,-4000,0,0,0,0,0,0,0,0,0,0,0,0,0,-4000
1432,大魯閣          ,0,4000,-4000,0,0,0,0,0,0,0,0,0,0,0,0,0,-4000
1437,勤益控          ,0,4000,-4000,0,0,0,0,0,0,0,0,0,0,0,0,0,-4000
1340,勝悅-KY         ,37000,41000,-4000,0,0,0,0,0,0,0,0,0,0,0,0,0,-4000
00661,元大日經225     ,0,0,0,0,0,0,0,0,0,-4000,0,0,0,0,4000,-4000,-4000
00742,新光內需收益    ,0,0,0,0,0,0,0,0,0,-4000,200000,200000,0,362000,366000,-4000,-4000
056004,南電永豐97購02  ,0,0,0,0,0,0,0,0,0,-4000,0,0,0,1000,5000,-4000,-4000
055377,揚明光元大98購01,0,0,0,0,0,0,0,0,0,-4000,0,0,0,0,4000,-4000,-4000
056576,晶技元大99購02  ,0,0,0,0,0,0,0,0,0,-4000,0,0,0,1000,5000,-4000,-4000
056756,T50反1元大98購06,0,0,0,0,0,0,0,0,0,-4000,0,0,0,0,4000,-4000,-4000
056347,GIS凱基9A購01   ,0,0,0,0,0,0,0,0,0,-4000,0,0,0,176000,180000,-4000,-4000
056526,力山凱基98購01  ,0,0,0,0,0,0,0,0,0,-4000,0,0,0,10000,14000,-4000,-4000
057086,立積統一9C購01  ,0,0,0,0,0,0,0,0,0,-4000,0,0,0,0,4000,-4000,-4000
057719,欣興元富02購01  ,0,0,0,0,0,0,0,0,0,-4000,0,0,0,888000,892000,-4000,-4000
057605,旺宏統一99購03  ,0,0,0,0,0,0,0,0,0,-4000,0,0,0,0,4000,-4000,-4000
061095,台積電台新9B購03,0,0,0,0,0,0,0,0,0,-4000,0,0,0,0,4000,-4000,-4000
060090,台積電元大99購55,0,0,0,0,0,0,0,0,0,-4000,0,0,0,0,4000,-4000,-4000
060229,楠梓電元大9C購01,0,0,0,0,0,0,0,0,0,-4000,0,0,0,31000,35000,-4000,-4000
059944,欣興永豐99購03  ,0,0,0,0,0,0,0,0,0,-4000,0,0,0,3000,7000,-4000,-4000
060329,鎧勝群益9B購01  ,0,0,0,0,0,0,0,0,0,-4000,0,0,0,6000,10000,-4000,-4000
061707,超眾國票9B購01  ,0,0,0,0,0,0,0,0,0,-4000,0,0,0,4000,8000,-4000,-4000
061700,瑞昱國票9A購02  ,0,0,0,0,0,0,0,0,0,-4000,0,0,0,0,4000,-4000,-4000
062132,神隆群益9B購01  ,0,0,0,0,0,0,0,0,0,-4000,0,0,0,38000,42000,-4000,-4000
058138,晶相光元大9C購01,0,0,0,0,0,0,0,0,0,-4000,0,0,0,0,4000,-4000,-4000
059084,鴻海元大99購24  ,0,0,0,0,0,0,0,0,0,-4000,0,0,0,1000,5000,-4000,-4000
059073,元油2X元大9C購14,0,0,0,0,0,0,0,0,0,-4000,0,0,0,0,4000,-4000,-4000
059210,鴻海元大99購26  ,0,0,0,0,0,0,0,0,0,-4000,0,0,0,40000,44000,-4000,-4000
059177,臺股指凱基99購28,0,0,0,0,0,0,0,0,0,-4000,0,0,0,2000,6000,-4000,-4000
058850,華新科群益99購03,0,0,0,0,0,0,0,0,0,-4000,0,0,0,22000,26000,-4000,-4000
058843,元油2X群益9C購02,0,0,0,0,0,0,0,0,0,-4000,0,0,0,0,4000,-4000,-4000
060544,國巨凱基9B購03  ,0,0,0,0,0,0,0,0,0,-4000,0,0,0,2000,6000,-4000,-4000
060554,中租凱基9A購01  ,0,0,0,0,0,0,0,0,0,-4000,0,0,0,6000,10000,-4000,-4000
063486,聚陽國泰9C購01  ,0,0,0,0,0,0,0,0,0,-4000,0,0,0,36000,40000,-4000,-4000
063362,台表科國泰01購03,0,0,0,0,0,0,0,0,0,-4000,0,0,0,39000,43000,-4000,-4000
062866,臺股指國票9B購23,0,0,0,0,0,0,0,0,0,-4000,0,0,0,0,4000,-4000,-4000
062728,健策凱基9B購04  ,0,0,0,0,0,0,0,0,0,-4000,0,0,0,79000,83000,-4000,-4000
064335,可成元大9C購05  ,0,0,0,0,0,0,0,0,0,-4000,0,0,0,11000,15000,-4000,-4000
064212,可成凱基03購01  ,0,0,0,0,0,0,0,0,0,-4000,0,0,0,73000,77000,-4000,-4000
064765,緯穎凱基9C購02  ,0,0,0,0,0,0,0,0,0,-4000,0,0,0,292000,296000,-4000,-4000
063833,致新國票01購01  ,0,0,0,0,0,0,0,0,0,-4000,0,0,0,34000,38000,-4000,-4000
064035,GIS元大9C購03   ,0,0,0,0,0,0,0,0,0,-4000,0,0,0,46000,50000,-4000,-4000
064135,復盛元大9C購01  ,0,0,0,0,0,0,0,0,0,-4000,0,0,0,48000,52000,-4000,-4000
8072,陞泰            ,5000,4000,1000,0,0,0,0,0,0,-5000,0,5000,-5000,0,0,0,-4000
9912,偉聯            ,0,4000,-4000,0,0,0,0,0,0,0,0,0,0,0,0,0,-4000
9937,全國            ,1000,5000,-4000,0,0,0,0,0,0,0,0,0,0,0,0,0,-4000
3054,立萬利          ,0,0,0,0,0,0,0,0,0,-4000,0,4000,-4000,0,0,0,-4000
3593,力銘            ,0,4000,-4000,0,0,0,0,0,0,0,0,0,0,0,0,0,-4000
4438,廣越            ,3000,7000,-4000,0,0,0,0,0,0,0,0,0,0,0,0,0,-4000
2530,華建            ,75000,79000,-4000,0,0,0,0,0,0,0,0,0,0,0,0,0,-4000
1459,聯發            ,0,5000,-5000,0,0,0,0,0,0,0,0,0,0,0,0,0,-5000
1521,大億            ,2000,7000,-5000,0,0,0,0,0,0,0,0,0,0,0,0,0,-5000
08644P,臺股指中信02售02,0,0,0,0,0,0,0,0,0,-5000,0,0,0,0,5000,-5000,-5000
08645P,臺股指中信03售01,0,0,0,0,0,0,0,0,0,-5000,0,0,0,0,5000,-5000,-5000
08629P,緯創凱基9C售02  ,0,0,0,0,0,0,0,0,0,-5000,0,0,0,0,5000,-5000,-5000
1219,福壽            ,1000,6000,-5000,0,0,0,0,0,0,0,0,0,0,0,0,0,-5000
1614,三洋電          ,10000,15000,-5000,0,0,0,0,0,0,0,0,0,0,0,0,0,-5000
1724,台硝            ,0,4000,-4000,0,0,0,0,0,0,-1000,0,1000,-1000,0,0,0,-5000
08380P,GIS元大9C售06   ,0,0,0,0,0,0,0,0,0,-5000,0,0,0,0,5000,-5000,-5000
08510P,大立光富邦03售04,0,0,0,0,0,0,0,0,0,-5000,0,0,0,0,5000,-5000,-5000
08564P,國巨群益9C售15  ,0,0,0,0,0,0,0,0,0,-5000,0,0,0,0,5000,-5000,-5000
08301P,台積電兆豐9C售02,0,0,0,0,0,0,0,0,0,-5000,0,0,0,0,5000,-5000,-5000
08358P,大立光元大9C售18,0,0,0,0,0,0,0,0,0,-5000,0,0,0,23000,28000,-5000,-5000
07099P,台積電元大99售19,0,0,0,0,0,0,0,0,0,-5000,0,0,0,60000,65000,-5000,-5000
06916P,聯鈞元富98售02  ,0,0,0,0,0,0,0,0,0,-5000,0,0,0,0,5000,-5000,-5000
06863P,欣興凱基98售05  ,0,0,0,0,0,0,0,0,0,-5000,0,0,0,30000,35000,-5000,-5000
06893P,致新元富98售02  ,0,0,0,0,0,0,0,0,0,-5000,0,0,0,0,5000,-5000,-5000
07421P,國泰金元大99售01,0,0,0,0,0,0,0,0,0,-5000,0,0,0,0,5000,-5000,-5000
07388P,臺股指群益9C售07,0,0,0,0,0,0,0,0,0,-5000,0,0,0,0,5000,-5000,-5000
07312P,台灣50元大99售10,0,0,0,0,0,0,0,0,0,-5000,0,0,0,0,5000,-5000,-5000
07369P,台積電凱基99售20,0,0,0,0,0,0,0,0,0,-5000,0,0,0,0,5000,-5000,-5000
07618P,大立光中信9A售06,0,0,0,0,0,0,0,0,0,-5000,0,0,0,15000,20000,-5000,-5000
07664P,台灣50元大9C售30,0,0,0,0,0,0,0,0,0,-5000,0,0,0,0,5000,-5000,-5000
07790P,台灣50元大9A售19,0,0,0,0,0,0,0,0,0,-5000,0,0,0,0,5000,-5000,-5000
07869P,台灣50群益9C售04,0,0,0,0,0,0,0,0,0,-5000,0,0,0,0,5000,-5000,-5000
07912P,玉晶光統一9B售02,0,0,0,0,0,0,0,0,0,-5000,0,0,0,0,5000,-5000,-5000
064949,南亞科凱基9C購01,0,0,0,0,0,0,0,0,0,-5000,0,0,0,5000,10000,-5000,-5000
065133,SP黃豆凱基02購01,0,0,0,0,0,0,0,0,0,-5000,0,0,0,0,5000,-5000,-5000
065633,聯發科國票01購02,0,0,0,0,0,0,0,0,0,-5000,0,0,0,0,5000,-5000,-5000
065602,聯發科元大9C購15,0,0,0,0,0,0,0,0,0,-5000,0,0,0,0,5000,-5000,-5000
06770P,台灣50第一9C售01,0,0,0,0,0,0,0,0,0,-5000,0,0,0,0,5000,-5000,-5000
06780P,義隆元大98售02  ,0,0,0,0,0,0,0,0,0,-5000,0,0,0,50000,55000,-5000,-5000
065993,立積永豐01購02  ,0,0,0,0,0,0,0,0,0,-5000,0,0,0,0,5000,-5000,-5000
065908,聯發科永豐9C購04,0,0,0,0,0,0,0,0,0,-5000,0,0,0,20000,25000,-5000,-5000
065847,嘉晶元大9C購03  ,0,0,0,0,0,0,0,0,0,-5000,0,0,0,9000,14000,-5000,-5000
065866,鴻海群益9C購07  ,0,0,0,0,0,0,0,0,0,-5000,0,0,0,14000,19000,-5000,-5000
065838,鴻海元大03購01  ,0,0,0,0,0,0,0,0,0,-5000,0,0,0,7000,12000,-5000,-5000
061030,喬山永豐9A購01  ,0,0,0,0,0,0,0,0,0,-5000,0,0,0,0,5000,-5000,-5000
060695,同欣電麥證9A購01,0,0,0,10000,15000,-5000,0,0,0,-5000,0,0,0,10000,15000,-5000,-5000
060823,旺宏元大9A購05  ,0,0,0,0,0,0,0,0,0,-5000,0,0,0,0,5000,-5000,-5000
060736,旺宏統一01購01  ,0,0,0,0,0,0,0,0,0,-5000,0,0,0,1000,6000,-5000,-5000
060835,亞德客國票9A購01,0,0,0,0,0,0,0,0,0,-5000,0,0,0,8000,13000,-5000,-5000
057639,國巨元大99購07  ,0,0,0,0,0,0,0,0,0,-5000,0,0,0,0,5000,-5000,-5000
057355,彩晶統一98購03  ,0,0,0,0,0,0,0,0,0,-5000,0,0,0,35000,40000,-5000,-5000
056316,訊芯元大98購03  ,0,0,0,0,0,0,0,0,0,-5000,0,0,0,0,5000,-5000,-5000
057795,鴻海兆豐99購02  ,0,0,0,0,0,0,0,0,0,-5000,0,0,0,0,5000,-5000,-5000
057802,卜蜂元大98購01  ,0,0,0,0,0,0,0,0,0,-5000,0,0,0,0,5000,-5000,-5000
056158,新日興凱基98購02,0,0,0,0,0,0,0,0,0,-5000,0,0,0,3000,8000,-5000,-5000
057180,華新科元大99購08,0,0,0,0,0,0,0,0,0,-5000,0,0,0,0,5000,-5000,-5000
056651,聯茂凱基98購04  ,0,0,0,0,0,0,0,0,0,-5000,0,0,0,0,5000,-5000,-5000
054301,楠梓電凱基98購01,0,0,0,0,0,0,0,0,0,-5000,0,0,0,0,5000,-5000,-5000
055211,A50反1凱基9A購01,0,0,0,0,0,0,0,0,0,-5000,0,0,0,0,5000,-5000,-5000
055118,嘉聯益凱基98購02,0,0,0,0,0,0,0,0,0,-5000,0,0,0,0,5000,-5000,-5000
055007,晶相光元富9A購02,0,0,0,0,0,0,0,0,0,-5000,0,0,0,0,5000,-5000,-5000
056782,鴻海群益98購04  ,0,0,0,0,0,0,0,0,0,-5000,0,0,0,0,5000,-5000,-5000
057971,華新科富邦9B購02,0,0,0,0,0,0,0,0,0,-5000,0,0,0,0,5000,-5000,-5000
057985,華通元富02購03  ,0,0,0,0,0,0,0,0,0,-5000,0,0,0,0,5000,-5000,-5000
052112,滬深2X中信99購01,0,0,0,0,0,0,0,0,0,-5000,0,0,0,0,5000,-5000,-5000
052113,漢唐中信98購01  ,0,0,0,0,0,0,0,0,0,-5000,0,0,0,110000,115000,-5000,-5000
052987,華新科元大99購01,0,0,0,0,0,0,0,0,0,-5000,0,0,0,0,5000,-5000,-5000
052299,T50反1台新05購03,0,0,0,0,0,0,0,0,0,-5000,0,0,0,0,5000,-5000,-5000
01002T,土銀國泰R1      ,0,5000,-5000,0,0,0,0,0,0,0,0,0,0,0,0,0,-5000
060903,臺指反元大9A購01,0,0,0,0,0,0,0,0,0,-5000,0,0,0,0,5000,-5000,-5000
059687,卜蜂永豐99購01  ,0,0,0,0,0,0,0,0,0,-5000,0,0,0,0,5000,-5000,-5000
058777,台光電國票9A購01,0,0,0,0,0,0,0,0,0,-5000,0,0,0,0,5000,-5000,-5000
058290,南電國票9A購01  ,0,0,0,0,0,0,0,0,0,-5000,0,0,0,15000,20000,-5000,-5000
058574,台積電群益99購03,0,0,0,0,0,0,0,0,0,-5000,0,0,0,0,5000,-5000,-5000
058546,玉晶光富邦9B購01,0,0,0,0,0,0,0,0,0,-5000,0,0,0,0,5000,-5000,-5000
058454,嘉晶永豐99購01  ,0,0,0,0,0,0,0,0,0,-5000,0,0,0,20000,25000,-5000,-5000
058864,欣興凱基99購04  ,0,0,0,0,0,0,0,0,0,-5000,0,0,0,27000,32000,-5000,-5000
058128,FBVIX元大9C購02 ,0,0,0,0,0,0,0,0,0,-5000,0,0,0,0,5000,-5000,-5000
058957,貿聯國票9A購01  ,0,0,0,0,0,0,0,0,0,-5000,0,0,0,0,5000,-5000,-5000
061851,智邦國票9B購01  ,0,0,0,0,0,0,0,0,0,-5000,0,0,0,5000,10000,-5000,-5000
061765,義隆元大9B購01  ,0,0,0,0,0,0,0,0,0,-5000,0,0,0,3000,8000,-5000,-5000
062083,健策元大9C購03  ,0,0,0,0,0,0,0,0,0,-5000,0,0,0,14000,19000,-5000,-5000
062054,鴻海統一9C購06  ,0,0,0,0,0,0,0,0,0,-5000,0,0,0,7000,12000,-5000,-5000
061677,泰碩元大9A購05  ,0,0,0,0,0,0,0,0,0,-5000,0,0,0,0,5000,-5000,-5000
061945,華通群益9B購04  ,0,0,0,0,0,0,0,0,0,-5000,0,0,0,3000,8000,-5000,-5000
061977,國巨元大9B購02  ,0,0,0,0,0,0,0,0,0,-5000,0,0,0,6000,11000,-5000,-5000
061933,光寶科國票9B購01,0,0,0,0,0,0,0,0,0,-5000,0,0,0,4000,9000,-5000,-5000
061929,嘉澤凱基9B購01  ,0,0,0,0,0,0,0,0,0,-5000,0,0,0,0,5000,-5000,-5000
060324,台積電群益9B購02,0,0,0,0,0,0,0,0,0,-5000,0,0,0,80000,85000,-5000,-5000
060340,國巨統一01購02  ,0,0,0,0,0,0,0,0,0,-5000,0,0,0,5000,10000,-5000,-5000
060280,元金2X元大9A購01,0,0,0,0,0,0,0,0,0,-5000,0,0,0,0,5000,-5000,-5000
060287,燿華元大9A購01  ,0,0,0,0,0,0,0,0,0,-5000,0,0,0,0,5000,-5000,-5000
060164,合勤控永豐9A購01,0,0,0,0,0,0,0,0,0,-5000,0,0,0,12000,17000,-5000,-5000
061522,元黃金凱基01購01,0,0,0,0,0,0,0,0,0,-5000,0,0,0,0,5000,-5000,-5000
06148P,台積電元大97售17,0,0,0,0,0,0,0,0,0,-5000,0,0,0,0,5000,-5000,-5000
061455,京元電凱基9B購01,0,0,0,0,0,0,0,0,0,-5000,0,0,0,10000,15000,-5000,-5000
064062,創意國泰01購01  ,0,0,0,0,0,0,0,0,0,-5000,0,0,0,175000,180000,-5000,-5000
063747,國巨國票9C購06  ,0,0,0,0,0,0,0,0,0,-5000,0,0,0,7000,12000,-5000,-5000
063643,臻鼎元大9B購03  ,0,0,0,0,0,0,0,0,0,-5000,0,0,0,225000,230000,-5000,-5000
063595,燿華中信9B購02  ,0,0,0,0,0,0,0,0,0,-5000,0,0,0,0,5000,-5000,-5000
064662,鴻海元大9C購10  ,0,0,0,0,0,0,0,0,0,-5000,0,0,0,20000,25000,-5000,-5000
064509,台表科元大9C購08,0,0,0,0,0,0,0,0,0,-5000,0,0,0,70000,75000,-5000,-5000
064636,臺股指元大9C購22,0,0,0,0,0,0,0,0,0,-5000,0,0,0,0,5000,-5000,-5000
064198,超眾群益9C購01  ,0,0,0,0,0,0,0,0,0,-5000,0,0,0,1000,6000,-5000,-5000
062891,台汽電群益9B購01,0,0,0,0,0,0,0,0,0,-5000,0,0,0,0,5000,-5000,-5000
062805,台勝科統一9C購01,0,0,0,0,0,0,0,0,0,-5000,0,0,0,0,5000,-5000,-5000
062823,台表科兆豐9B購01,0,0,0,0,0,0,0,0,0,-5000,0,0,0,19000,24000,-5000,-5000
062581,鴻海統一01購02  ,0,0,0,0,0,0,0,0,0,-5000,0,0,0,0,5000,-5000,-5000
062625,華通國票9B購02  ,0,0,0,0,0,0,0,0,0,-5000,0,0,0,32000,37000,-5000,-5000
062271,華通群益9C購02  ,0,0,0,0,0,0,0,0,0,-5000,0,0,0,0,5000,-5000,-5000
062172,南六永豐9B購01  ,0,0,0,0,0,0,0,0,0,-5000,0,0,0,0,5000,-5000,-5000
062202,國巨國票9C購04  ,0,0,0,0,0,0,0,0,0,-5000,0,0,0,5000,10000,-5000,-5000
062474,台表科凱基9C購01,0,0,0,0,0,0,0,0,0,-5000,0,0,0,60000,65000,-5000,-5000
062406,臻鼎永豐9B購01  ,0,0,0,0,0,0,0,0,0,-5000,0,0,0,259000,264000,-5000,-5000
062387,健策國泰01購01  ,0,0,0,0,0,0,0,0,0,-5000,0,0,0,17000,22000,-5000,-5000
063335,道瓊銀統一9C購01,0,0,0,0,0,0,0,0,0,-5000,0,0,0,0,5000,-5000,-5000
063405,聯發科國票9C購03,0,0,0,0,0,0,0,0,0,-5000,0,0,0,0,5000,-5000,-5000
063212,聯發科國票9C購02,0,0,0,0,0,0,0,0,0,-5000,0,0,0,0,5000,-5000,-5000
063243,聯發科元大9B購20,0,0,0,0,0,0,0,0,0,-5000,0,0,0,0,5000,-5000,-5000
062922,南六元大9B購03  ,0,0,0,0,0,0,0,0,0,-5000,0,0,0,20000,25000,-5000,-5000
062926,嘉澤國票9B購01  ,0,0,0,0,0,0,0,0,0,-5000,0,0,0,0,5000,-5000,-5000
063024,祥碩元大9B購05  ,0,0,0,0,0,0,0,0,0,-5000,0,0,0,19000,24000,-5000,-5000
063035,燿華凱基9B購02  ,0,0,0,0,0,0,0,0,0,-5000,0,0,0,10000,15000,-5000,-5000
063045,國巨兆豐9C購02  ,0,0,0,0,0,0,0,0,0,-5000,0,0,0,5000,10000,-5000,-5000
2516,新建            ,0,5000,-5000,0,0,0,0,0,0,0,0,0,0,0,0,0,-5000
2910,統領            ,0,5000,-5000,0,0,0,0,0,0,0,0,0,0,0,0,0,-5000
2433,互盛電          ,28000,32000,-4000,0,0,0,0,0,0,-1000,0,1000,-1000,0,0,0,-5000
2460,建通            ,1000,1000,0,0,0,0,0,0,0,-5000,0,5000,-5000,0,0,0,-5000
6243,迅杰            ,39000,44000,-5000,0,0,0,0,0,0,0,0,0,0,0,0,0,-5000
6128,上福            ,5000,0,5000,0,0,0,0,0,0,-10000,0,10000,-10000,0,0,0,-5000
6172,互億            ,0,4000,-4000,0,0,0,0,0,0,-1000,0,1000,-1000,0,0,0,-5000
4572,駐龍            ,7000,17000,-10000,0,0,0,0,0,0,5000,5000,0,5000,0,0,0,-5000
2373,震旦行          ,4000,9000,-5000,0,0,0,0,0,0,-400,0,400,-400,0,0,0,-5400
065830,景碩凱基9C購04  ,0,0,0,0,0,0,0,0,0,-6000,0,0,0,24000,30000,-6000,-6000
065483,聯茂元大9C購06  ,0,0,0,0,0,0,0,0,0,-6000,0,0,0,104000,110000,-6000,-6000
065409,鴻海永豐9C購01  ,0,0,0,0,0,0,0,0,0,-6000,0,0,0,20000,26000,-6000,-6000
065015,上証2X富邦01購01,0,0,0,0,0,0,0,0,0,-6000,0,0,0,0,6000,-6000,-6000
064889,T50反1群益9C購02,0,0,0,0,0,0,0,0,0,-6000,0,0,0,0,6000,-6000,-6000
064945,中橡凱基9C購01  ,0,0,0,0,0,0,0,0,0,-6000,0,0,0,37000,43000,-6000,-6000
07998P,聯電凱基9C售01  ,0,0,0,0,0,0,0,0,0,-6000,0,0,0,30000,36000,-6000,-6000
07983P,茂林群益9B售03  ,0,0,0,0,0,0,0,0,0,-6000,0,0,0,0,6000,-6000,-6000
07875P,祥碩群益9B售01  ,0,0,0,0,0,0,0,0,0,-6000,0,0,0,0,6000,-6000,-6000
07245P,台積電凱基99售16,0,0,0,0,0,0,0,0,0,-6000,0,0,0,10000,16000,-6000,-6000
08391P,智邦凱基02售02  ,0,0,0,0,0,0,0,0,0,-6000,0,0,0,4000,10000,-6000,-6000
08403P,上銀元大9C售07  ,0,0,0,0,0,0,0,0,0,-6000,0,0,0,0,6000,-6000,-6000
1616,億泰            ,0,6000,-6000,0,0,0,0,0,0,0,0,0,0,0,0,0,-6000
2034,允強            ,71000,49000,22000,0,0,0,0,24000,-24000,-4000,0,4000,-4000,0,0,0,-6000
1308,亞聚            ,283000,298000,-15000,0,0,0,9000,0,9000,0,0,0,0,0,0,0,-6000
08617P,緯創元富9C售03  ,0,0,0,0,0,0,0,0,0,-6000,0,0,0,10000,16000,-6000,-6000
1522,堤維西          ,82000,54000,28000,0,0,0,0,0,0,-34000,0,0,0,0,34000,-34000,-6000
00684R,元大美元指數反1 ,0,0,0,0,0,0,0,0,0,-6000,0,0,0,0,6000,-6000,-6000
053560,漢唐國泰98購01  ,0,0,0,0,0,0,0,0,0,-6000,0,0,0,0,6000,-6000,-6000
056980,建準群益98購02  ,0,0,0,0,0,0,0,0,0,-6000,0,0,0,0,6000,-6000,-6000
056940,嘉聯益元富98購01,0,0,0,0,0,0,0,0,0,-6000,0,0,0,0,6000,-6000,-6000
057842,緯穎富邦99購02  ,0,0,0,0,0,0,0,0,0,-6000,0,0,0,4000,10000,-6000,-6000
054282,泰鼎群益98購02  ,0,0,0,0,0,0,0,0,0,-6000,0,0,0,0,6000,-6000,-6000
056318,鴻海群益98購02  ,0,0,0,0,0,0,0,0,0,-6000,0,0,0,0,6000,-6000,-6000
056302,大立光元大97購17,0,0,0,0,0,0,0,0,0,-6000,0,0,0,0,6000,-6000,-6000
057525,光磊元大99購01  ,0,0,0,0,0,0,0,0,0,-6000,0,0,0,100000,106000,-6000,-6000
057513,智邦台新98購01  ,0,0,0,0,0,0,0,0,0,-6000,0,0,0,0,6000,-6000,-6000
057603,樺漢群益98購02  ,0,0,0,0,0,0,0,0,0,-6000,0,0,0,12000,18000,-6000,-6000
060998,華通兆豐9A購01  ,0,0,0,0,0,0,0,0,0,-6000,0,0,0,0,6000,-6000,-6000
061499,嘉晶國票9A購03  ,0,0,0,0,0,0,0,0,0,-6000,0,0,0,0,6000,-6000,-6000
060274,T50反1元大9A購04,0,0,0,0,0,0,0,0,0,-6000,0,0,0,0,6000,-6000,-6000
061857,康友國票9B購01  ,0,0,0,0,0,0,0,0,0,-6000,0,0,0,21000,27000,-6000,-6000
061869,智邦元大9B購01  ,0,0,0,0,0,0,0,0,0,-6000,0,0,0,205000,211000,-6000,-6000
061663,南六永豐9A購05  ,0,0,0,0,0,0,0,0,0,-6000,0,0,0,0,6000,-6000,-6000
059127,國巨中信99購04  ,0,0,0,0,0,0,0,0,0,-6000,0,0,0,0,6000,-6000,-6000
058540,嘉聯益國泰9A購02,0,0,0,0,0,0,0,0,0,-6000,0,0,0,136000,142000,-6000,-6000
058790,楠梓電元大99購03,0,0,0,0,0,0,0,0,0,-6000,0,0,0,27000,33000,-6000,-6000
059627,旺宏凱基99購10  ,0,0,0,0,0,0,0,0,0,-6000,0,0,0,0,6000,-6000,-6000
058700,鴻海元大99購15  ,0,0,0,0,0,0,0,0,0,-6000,0,0,0,21000,27000,-6000,-6000
060412,儒鴻永豐9A購01  ,0,0,0,0,0,0,0,0,0,-6000,0,0,0,2000,8000,-6000,-6000
06293P,臺股指國票97售07,0,0,0,0,0,0,0,0,0,-6000,0,0,0,1000,7000,-6000,-6000
063322,台郡群益9B購02  ,0,0,0,0,0,0,0,0,0,-6000,0,0,0,501000,507000,-6000,-6000
063323,同欣電群益9B購03,0,0,0,0,0,0,0,0,0,-6000,0,0,0,0,6000,-6000,-6000
062361,智邦元大9B購06  ,0,0,0,0,0,0,0,0,0,-6000,0,0,0,26000,32000,-6000,-6000
064455,美食統一01購03  ,0,0,0,0,0,0,0,0,0,-6000,0,0,0,0,6000,-6000,-6000
064414,臺股指凱基9C購10,0,0,0,0,0,0,0,0,0,-6000,0,0,0,16000,22000,-6000,-6000
064542,聯電凱基02購01  ,0,0,0,0,0,0,0,0,0,-6000,0,0,0,114000,120000,-6000,-6000
063636,聯發科元大9B購26,0,0,0,0,0,0,0,0,0,-6000,0,0,0,24000,30000,-6000,-6000
063614,美食群益9B購03  ,0,0,0,0,0,0,0,0,0,-6000,0,0,0,0,6000,-6000,-6000
063706,台虹群益9B購01  ,0,0,0,0,0,0,0,0,0,-6000,0,0,0,49000,55000,-6000,-6000
063907,華通凱基9C購03  ,0,0,0,0,0,0,0,0,0,-6000,0,0,0,3000,9000,-6000,-6000
2748,雲品            ,0,6000,-6000,0,0,0,0,0,0,0,0,0,0,0,0,0,-6000
4552,力達-KY         ,12000,18000,-6000,0,0,0,0,0,0,0,0,0,0,0,0,0,-6000
5525,順天            ,1000,7000,-6000,0,0,0,0,0,0,0,0,0,0,0,0,0,-6000
6405,悅城            ,5000,11000,-6000,0,0,0,0,0,0,0,0,0,0,0,0,0,-6000
4536,拓凱            ,89000,56000,33000,0,0,0,20000,75000,-55000,16000,16000,0,16000,0,0,0,-6000
910322,康師傅-DR       ,0,6000,-6000,0,0,0,0,0,0,0,0,0,0,0,0,0,-6000
2442,新美齊          ,464000,470000,-6000,0,0,0,0,0,0,-661,0,661,-661,0,0,0,-6661
1618,合機            ,2000,9000,-7000,0,0,0,0,0,0,0,0,0,0,0,0,0,-7000
08458P,南電元大9C售04  ,0,0,0,0,0,0,0,0,0,-7000,0,0,0,5000,12000,-7000,-7000
08308P,聯發科凱基01售03,0,0,0,0,0,0,0,0,0,-7000,0,0,0,0,7000,-7000,-7000
08134P,臺股指元大9B售40,0,0,0,0,0,0,0,0,0,-7000,0,0,0,33000,40000,-7000,-7000
07517P,台積電元大9A售17,0,0,0,0,0,0,0,0,0,-7000,0,0,0,0,7000,-7000,-7000
07997P,上銀凱基9B售04  ,0,0,0,0,0,0,0,0,0,-7000,0,0,0,0,7000,-7000,-7000
065857,嘉聯益元大9C購03,0,0,0,0,0,0,0,0,0,-7000,0,0,0,0,7000,-7000,-7000
065767,T50反1國票03購01,0,0,0,0,0,0,0,0,0,-7000,0,0,0,0,7000,-7000,-7000
065914,智邦凱基02購03  ,0,0,0,0,0,0,0,0,0,-7000,0,0,0,0,7000,-7000,-7000
06804P,臺股指群益98售10,0,0,0,0,0,0,0,0,0,-7000,0,0,0,2000,9000,-7000,-7000
060817,華邦電台新9A購01,0,0,0,0,0,0,0,0,0,-7000,0,0,0,41000,48000,-7000,-7000
057589,超眾國票9A購01  ,0,0,0,0,0,0,0,0,0,-7000,0,0,0,0,7000,-7000,-7000
057524,旺宏元大99購04  ,0,0,0,0,0,0,0,0,0,-7000,0,0,0,40000,47000,-7000,-7000
056762,亞德客元大98購01,0,0,0,0,0,0,0,0,0,-7000,0,0,0,3000,10000,-7000,-7000
056644,宏達電凱基98購04,0,0,0,0,0,0,0,0,0,-7000,0,0,0,20000,27000,-7000,-7000
057797,大立光兆豐99購01,0,0,0,0,0,0,0,0,0,-7000,0,0,0,0,7000,-7000,-7000
056054,亞德客元大97購05,0,0,0,0,0,0,0,0,0,-7000,0,0,0,0,7000,-7000,-7000
054152,漢唐國泰98購02  ,0,0,0,0,0,0,0,0,0,-7000,0,0,0,0,7000,-7000,-7000
053799,矽創中信9A購01  ,0,0,0,0,0,0,0,0,0,-7000,0,0,0,20000,27000,-7000,-7000
055713,國巨元大98購09  ,0,0,0,0,0,0,0,0,0,-7000,0,0,0,90000,97000,-7000,-7000
03425B,臺股指元大9A熊01,0,0,0,0,0,0,0,0,0,-7000,0,0,0,0,7000,-7000,-7000
061586,智邦富邦9A購02  ,0,0,0,0,0,0,0,0,0,-7000,0,0,0,25000,32000,-7000,-7000
061189,可成富邦9B購02  ,0,0,0,0,0,0,0,0,0,-7000,0,0,0,1000,8000,-7000,-7000
060530,聯發科中信9C購03,0,0,0,0,0,0,0,0,0,-7000,0,0,0,4000,11000,-7000,-7000
058513,宏達電元大99購05,0,0,0,0,0,0,0,0,0,-7000,0,0,0,7000,14000,-7000,-7000
061633,統一元大9A購01  ,0,0,0,0,0,0,0,0,0,-7000,0,0,0,106000,113000,-7000,-7000
060234,凱美元大9C購01  ,0,0,0,0,0,0,0,0,0,-7000,0,0,0,0,7000,-7000,-7000
060065,大立光兆豐9B購01,0,0,0,0,0,0,0,0,0,-7000,0,0,0,5000,12000,-7000,-7000
061406,華通國票9A購06  ,0,0,0,0,0,0,0,0,0,-7000,0,0,0,30000,37000,-7000,-7000
059907,道瓊指元大99購03,0,0,0,0,0,0,0,0,0,-7000,0,0,0,0,7000,-7000,-7000
059415,台灣50元大9A購03,0,0,0,0,0,0,0,0,0,-7000,0,0,0,0,7000,-7000,-7000
064115,高股息元大9C購01,0,0,0,0,0,0,0,0,0,-7000,0,0,0,0,7000,-7000,-7000
064774,聚陽群益9C購04  ,0,0,0,0,0,0,0,0,0,-7000,0,0,0,65000,72000,-7000,-7000
064419,鴻海兆豐9C購01  ,0,0,0,0,0,0,0,0,0,-7000,0,0,0,7000,14000,-7000,-7000
062438,台光電元大9B購04,0,0,0,0,0,0,0,0,0,-7000,0,0,0,172000,179000,-7000,-7000
062341,台表科麥證9C購01,0,0,0,0,7000,-7000,0,0,0,-7000,0,0,0,0,7000,-7000,-7000
062620,台表科元大9B購04,0,0,0,0,0,0,0,0,0,-7000,0,0,0,60000,67000,-7000,-7000
062533,嘉澤統一9C購01  ,0,0,0,0,0,0,0,0,0,-7000,0,0,0,0,7000,-7000,-7000
062725,大立光凱基9B購06,0,0,0,0,0,0,0,0,0,-7000,0,0,0,24000,31000,-7000,-7000
062936,鴻海凱基9B購07  ,0,0,0,0,0,0,0,0,0,-7000,0,0,0,33000,40000,-7000,-7000
063114,南電兆豐9B購01  ,0,0,0,0,0,0,0,0,0,-7000,0,0,0,13000,20000,-7000,-7000
4133,亞諾法          ,28000,31000,-3000,0,0,0,0,0,0,-4000,1000,5000,-4000,0,0,0,-7000
3702A,大聯大甲特      ,0,7000,-7000,0,0,0,0,0,0,0,0,0,0,0,0,0,-7000
3028,增你強          ,13000,19000,-6000,0,0,0,0,0,0,-1000,0,1000,-1000,0,0,0,-7000
2423,固緯            ,7000,6000,1000,0,0,0,0,8000,-8000,-570,0,570,-570,0,0,0,-7570
6166,凌華            ,109600,105000,4600,0,0,0,1000,0,1000,-13175,2000,175,1825,0,15000,-15000,-7575
06766P,玉晶光元大99售10,0,0,0,0,0,0,0,0,0,-8000,0,0,0,111000,119000,-8000,-8000
065453,康友統一02購02  ,0,0,0,0,0,0,0,0,0,-8000,0,0,0,28000,36000,-8000,-8000
065504,宏達電永豐9C購01,0,0,0,0,0,0,0,0,0,-8000,0,0,0,5000,13000,-8000,-8000
065010,國巨國泰01購04  ,0,0,0,0,0,0,0,0,0,-8000,0,0,0,34000,42000,-8000,-8000
064993,嘉澤兆豐9C購01  ,0,0,0,0,0,0,0,0,0,-8000,0,0,0,85000,93000,-8000,-8000
065243,聯發科兆豐01購03,0,0,0,0,0,0,0,0,0,-8000,0,0,0,0,8000,-8000,-8000
065281,和大群益01購02  ,0,0,0,0,0,0,0,0,0,-8000,0,0,0,10000,18000,-8000,-8000
08015P,可成凱基9B售05  ,0,0,0,0,0,0,0,0,0,-8000,0,0,0,12000,20000,-8000,-8000
07943P,瑞昱元大9B售02  ,0,0,0,0,0,0,0,0,0,-8000,0,0,0,0,8000,-8000,-8000
07777P,創意元大9A售03  ,0,0,0,0,0,0,0,0,0,-8000,0,0,0,0,8000,-8000,-8000
07764P,世紀鋼永豐9A售04,0,0,0,0,0,0,0,0,0,-8000,0,0,0,20000,28000,-8000,-8000
07137P,大立光中信9B售01,0,0,0,0,0,0,0,0,0,-8000,0,0,0,0,8000,-8000,-8000
08368P,台積電兆豐9C售04,0,0,0,0,0,0,0,0,0,-8000,0,0,0,2000,10000,-8000,-8000
1817,凱撒衛          ,1000,9000,-8000,0,0,0,0,0,0,0,0,0,0,0,0,0,-8000
055589,台光電元大98購04,0,0,0,0,0,0,0,0,0,-8000,0,0,0,18000,26000,-8000,-8000
053630,奇鋐兆豐97購01  ,0,0,0,0,0,0,0,0,0,-8000,0,0,0,12000,20000,-8000,-8000
054378,楠梓電群益98購01,0,0,0,0,0,0,0,0,0,-8000,0,0,0,60000,68000,-8000,-8000
056772,欣興元大99購01  ,0,0,0,0,0,0,0,0,0,-8000,0,0,0,10000,18000,-8000,-8000
054237,茂林群益97購01  ,0,0,0,0,0,0,0,0,0,-8000,0,0,0,12000,20000,-8000,-8000
054917,聯發科凱基98購05,0,0,0,0,0,0,0,0,0,-8000,0,0,0,0,8000,-8000,-8000
054845,智邦兆豐98購01  ,0,0,0,0,0,0,0,0,0,-8000,0,0,0,10000,18000,-8000,-8000
056377,智伸科統一9A購01,0,0,0,0,0,0,0,0,0,-8000,0,0,0,0,8000,-8000,-8000
056412,上証2X中信9A購02,0,0,0,0,0,0,0,0,0,-8000,0,0,0,2000,10000,-8000,-8000
056553,啟碁凱基98購02  ,0,0,0,0,0,0,0,0,0,-8000,0,0,0,22000,30000,-8000,-8000
060801,滬深2X中信01購01,0,0,0,0,0,0,0,0,0,-8000,0,0,0,0,8000,-8000,-8000
060786,聯發科富邦9B購06,0,0,0,0,0,0,0,0,0,-8000,0,0,0,0,8000,-8000,-8000
060859,鴻海永豐9A購01  ,0,0,0,0,0,0,0,0,0,-8000,0,0,0,0,8000,-8000,-8000
061113,南電元大9A購03  ,0,0,0,0,0,0,0,0,0,-8000,0,0,0,7000,15000,-8000,-8000
060114,緯穎元大99購10  ,0,0,0,0,0,0,0,0,0,-8000,0,0,0,2000,10000,-8000,-8000
061235,台積電元大9A購23,0,0,0,0,0,0,0,0,0,-8000,0,0,0,143000,151000,-8000,-8000
058321,大立光永豐99購01,0,0,0,0,0,0,0,0,0,-8000,0,0,0,0,8000,-8000,-8000
059146,貿聯國票9A購02  ,0,0,0,0,0,0,0,0,0,-8000,0,0,0,28000,36000,-8000,-8000
059092,聯陽元大99購01  ,0,0,0,0,0,0,0,0,0,-8000,0,0,0,22000,30000,-8000,-8000
059304,華新科兆豐99購06,0,0,0,0,0,0,0,0,0,-8000,0,0,0,0,8000,-8000,-8000
060567,華擎富邦9C購01  ,0,0,0,0,0,0,0,0,0,-8000,0,0,0,0,8000,-8000,-8000
060939,鴻海國票9A購06  ,0,0,0,0,0,0,0,0,0,-8000,0,0,0,27000,35000,-8000,-8000
060940,國巨國票9B購03  ,0,0,0,0,0,0,0,0,0,-8000,0,0,0,38000,46000,-8000,-8000
063240,聯發科元大9B購17,0,0,0,0,0,0,0,0,0,-8000,0,0,0,0,8000,-8000,-8000
063194,華新科台新9B購01,0,0,0,0,0,0,0,0,0,-8000,0,0,0,0,8000,-8000,-8000
062197,聯發科中信01購03,0,0,0,0,0,0,0,0,0,-8000,0,0,0,0,8000,-8000,-8000
062501,台積電群益9C購03,0,0,0,0,0,0,0,0,0,-8000,0,0,0,2000,10000,-8000,-8000
062496,矽創中信9B購01  ,0,0,0,0,0,0,0,0,0,-8000,0,0,0,12000,20000,-8000,-8000
06238P,台積電元大98售07,0,0,0,0,0,0,0,0,0,-8000,0,0,0,0,8000,-8000,-8000
064315,創意群益9C購01  ,0,0,0,0,0,0,0,0,0,-8000,0,0,0,394000,402000,-8000,-8000
064291,南六元大9C購04  ,0,0,0,0,0,0,0,0,0,-8000,0,0,0,10000,18000,-8000,-8000
064175,華通國泰02購01  ,0,0,0,0,0,0,0,0,0,-8000,0,0,0,150000,158000,-8000,-8000
064029,宏達電元大9C購01,0,0,0,0,0,0,0,0,0,-8000,0,0,0,98000,106000,-8000,-8000
063701,燿華群益9B購02  ,0,0,0,0,0,0,0,0,0,-8000,0,0,0,10000,18000,-8000,-8000
5234,達興材料        ,15000,12000,3000,0,0,0,0,7000,-7000,-4000,0,1000,-1000,0,3000,-3000,-8000
3025,星通            ,1000,9000,-8000,0,0,0,0,0,0,0,0,0,0,0,0,0,-8000
3416,融程電          ,0,9000,-9000,0,0,0,0,0,0,1000,0,0,0,1000,0,1000,-8000
3501,維熹            ,2000,8000,-6000,0,0,0,0,1000,-1000,-1000,0,1000,-1000,0,0,0,-8000
2007,燁興            ,2000,11000,-9000,0,0,0,0,0,0,0,0,0,0,0,0,0,-9000
1529,樂士            ,71000,80000,-9000,0,0,0,0,0,0,0,0,0,0,0,0,0,-9000
1319,東陽            ,134000,138000,-4000,0,0,0,0,0,0,-5000,0,5000,-5000,0,0,0,-9000
08597P,聯發科元大9C售18,0,0,0,0,0,0,0,0,0,-9000,0,0,0,65000,74000,-9000,-9000
1234,黑松            ,8000,17000,-9000,0,0,0,0,0,0,0,0,0,0,0,0,0,-9000
08382P,國巨群益01售02  ,0,0,0,0,0,0,0,0,0,-9000,0,0,0,3000,12000,-9000,-9000
08445P,臺股指麥證9C售03,0,0,0,10000,19000,-9000,0,0,0,-9000,0,0,0,10000,19000,-9000,-9000
08147P,聯發科群益9B售10,0,0,0,0,0,0,0,0,0,-9000,0,0,0,32000,41000,-9000,-9000
07065P,臺股指元大9A售26,0,0,0,0,0,0,0,0,0,-9000,0,0,0,19000,28000,-9000,-9000
07867P,晶技元大9B售01  ,0,0,0,0,0,0,0,0,0,-9000,0,0,0,0,9000,-9000,-9000
07837P,華邦電元大9A售01,0,0,0,0,0,0,0,0,0,-9000,0,0,0,0,9000,-9000,-9000
065952,聯發科統一03購02,0,0,0,0,0,0,0,0,0,-9000,0,0,0,0,9000,-9000,-9000
057863,美律凱基9A購01  ,0,0,0,0,0,0,0,0,0,-9000,0,0,0,122000,131000,-9000,-9000
055426,旺宏群益99購02  ,0,0,0,0,0,0,0,0,0,-9000,0,0,0,31000,40000,-9000,-9000
00685L,群益臺灣加權正2 ,0,0,0,0,0,0,0,0,0,-9000,0,0,0,6000,15000,-9000,-9000
00666R,富邦恒生國企反1 ,0,9000,-9000,0,0,0,0,0,0,0,0,0,0,89000,89000,0,-9000
052893,聯電群益98購01  ,0,0,0,0,0,0,0,0,0,-9000,0,0,0,21000,30000,-9000,-9000
03449B,臺股指元大01熊01,0,0,0,0,0,0,0,0,0,-9000,0,0,0,0,9000,-9000,-9000
060578,臺股指中信9C購03,0,0,0,0,0,0,0,0,0,-9000,0,0,0,4000,13000,-9000,-9000
059284,緯穎永豐99購03  ,0,0,0,0,0,0,0,0,0,-9000,0,0,0,38000,47000,-9000,-9000
059082,華通元大99購06  ,0,0,0,0,0,0,0,0,0,-9000,0,0,0,1000,10000,-9000,-9000
058646,聯茂富邦9A購01  ,0,0,0,0,0,0,0,0,0,-9000,0,0,0,1000,10000,-9000,-9000
058468,聯茂中信99購02  ,0,0,0,0,0,0,0,0,0,-9000,0,0,0,1000,10000,-9000,-9000
061989,晶技元大9B購04  ,0,0,0,0,0,0,0,0,0,-9000,0,0,0,141000,150000,-9000,-9000
063565,旺宏元大9B購08  ,0,0,0,0,0,0,0,0,0,-9000,0,0,0,13000,22000,-9000,-9000
064165,同欣電統一01購01,0,0,0,0,0,0,0,0,0,-9000,0,0,0,33000,42000,-9000,-9000
064628,南六元大9C購05  ,0,0,0,0,0,0,0,0,0,-9000,0,0,0,0,9000,-9000,-9000
062225,華擎統一01購01  ,0,0,0,0,0,0,0,0,0,-9000,0,0,0,713000,722000,-9000,-9000
062230,緯穎統一01購01  ,0,0,0,0,0,0,0,0,0,-9000,0,0,0,136000,145000,-9000,-9000
2405,浩鑫            ,2000,11000,-9000,0,0,0,0,0,0,0,0,0,0,0,0,0,-9000
2362,藍天            ,29000,42000,-13000,0,0,0,0,0,0,4000,0,0,0,7000,3000,4000,-9000
2228,劍麟            ,102000,138000,-36000,0,0,0,0,0,0,27000,8000,4000,4000,26000,3000,23000,-9000
2486,一詮            ,57000,65000,-8000,0,0,0,0,0,0,-1000,0,1000,-1000,0,0,0,-9000
8488,吉源-KY         ,0,7000,-7000,0,0,0,0,0,0,-2000,0,2000,-2000,0,0,0,-9000
8341,日友            ,47000,60000,-13000,0,0,0,0,0,0,4000,4000,0,4000,0,0,0,-9000
06594P,立積元大98售01  ,0,0,0,0,0,0,0,0,0,-10000,0,0,0,0,10000,-10000,-10000
065995,台虹永豐01購01  ,0,0,0,0,0,0,0,0,0,-10000,0,0,0,0,10000,-10000,-10000
065925,鴻海國票04購01  ,0,0,0,0,0,0,0,0,0,-10000,0,0,0,0,10000,-10000,-10000
06750P,聯發科元富02售03,0,0,0,0,0,0,0,0,0,-10000,0,0,0,0,10000,-10000,-10000
06790P,台積電凱基9A售04,0,0,0,0,0,0,0,0,0,-10000,0,0,0,0,10000,-10000,-10000
06700P,臺股指統一99售05,0,0,0,0,0,0,0,0,0,-10000,0,0,0,0,10000,-10000,-10000
06675P,國巨國票99售02  ,0,0,0,0,0,0,0,0,0,-10000,0,0,0,0,10000,-10000,-10000
065796,T50反1群益01購02,0,0,0,0,0,0,0,0,0,-10000,0,0,0,0,10000,-10000,-10000
065788,緯創永豐9C購02  ,0,0,0,0,0,0,0,0,0,-10000,0,0,0,24000,34000,-10000,-10000
065876,牧德群益02購01  ,0,0,0,0,0,0,0,0,0,-10000,0,0,0,0,10000,-10000,-10000
065825,鴻海凱基02購02  ,0,0,0,0,0,0,0,0,0,-10000,0,0,0,36000,46000,-10000,-10000
065827,正崴凱基9C購01  ,0,0,0,0,0,0,0,0,0,-10000,0,0,0,0,10000,-10000,-10000
065804,大立光群益01購04,0,0,0,0,0,0,0,0,0,-10000,0,0,0,0,10000,-10000,-10000
065550,聯發科凱基01購07,0,0,0,0,0,0,0,0,0,-10000,0,0,0,68000,78000,-10000,-10000
06557P,台積電兆豐98售02,0,0,0,0,0,0,0,0,0,-10000,0,0,0,0,10000,-10000,-10000
065275,台灣50群益02購02,0,0,0,0,0,0,0,0,0,-10000,0,0,0,0,10000,-10000,-10000
06528P,台積電富邦99售03,0,0,0,0,0,0,0,0,0,-10000,0,0,0,0,10000,-10000,-10000
065336,華新統一02購01  ,0,0,0,0,0,0,0,0,0,-10000,0,0,0,0,10000,-10000,-10000
065251,宏達電國泰02購01,0,0,0,0,0,0,0,0,0,-10000,0,0,0,118000,128000,-10000,-10000
065129,上銀兆豐01購01  ,0,0,0,0,0,0,0,0,0,-10000,0,0,0,0,10000,-10000,-10000
065143,聯發科凱基9C購07,0,0,0,0,0,0,0,0,0,-10000,0,0,0,50000,60000,-10000,-10000
065122,電子類富邦9C購01,0,0,0,0,0,0,0,0,0,-10000,0,0,0,0,10000,-10000,-10000
065180,台表科元大9C購10,0,0,0,0,0,0,0,0,0,-10000,0,0,0,14000,24000,-10000,-10000
064931,南六統一9C購05  ,0,0,0,0,0,0,0,0,0,-10000,0,0,0,0,10000,-10000,-10000
06492P,上銀永豐98售01  ,0,0,0,0,0,0,0,0,0,-10000,0,0,0,40000,50000,-10000,-10000
064884,台表科第一9C購01,0,0,0,0,0,0,0,0,0,-10000,0,0,0,0,10000,-10000,-10000
064845,華通元富9C購02  ,0,0,0,0,0,0,0,0,0,-10000,0,0,0,16000,26000,-10000,-10000
07872P,聯發科群益9B售03,0,0,0,0,0,0,0,0,0,-10000,0,0,0,0,10000,-10000,-10000
07798P,同欣電國票9A售01,0,0,0,0,0,0,0,0,0,-10000,0,0,0,0,10000,-10000,-10000
07668P,旺宏元大9A售10  ,0,0,0,0,0,0,0,0,0,-10000,0,0,0,0,10000,-10000,-10000
07718P,臺股指群益9A售07,0,0,0,0,0,0,0,0,0,-10000,0,0,0,0,10000,-10000,-10000
07639P,緯穎國票9A售01  ,0,0,0,0,0,0,0,0,0,-10000,0,0,0,0,10000,-10000,-10000
07977P,華新科群益01售01,0,0,0,0,0,0,0,0,0,-10000,0,0,0,0,10000,-10000,-10000
07991P,鴻海群益9C售02  ,0,0,0,0,0,0,0,0,0,-10000,0,0,0,20000,30000,-10000,-10000
08113P,台灣50凱基02售04,0,0,0,0,0,0,0,0,0,-10000,0,0,0,0,10000,-10000,-10000
08088P,義隆凱基9B售03  ,0,0,0,0,0,0,0,0,0,-10000,0,0,0,0,10000,-10000,-10000
07040P,台灣50元大9C售02,0,0,0,0,0,0,0,0,0,-10000,0,0,0,0,10000,-10000,-10000
07161P,臺股指群益99售12,0,0,0,0,0,0,0,0,0,-10000,0,0,0,0,10000,-10000,-10000
06933P,禾伸堂元大98售03,0,0,0,0,0,0,0,0,0,-10000,0,0,0,0,10000,-10000,-10000
07538P,玉晶光元富9A售05,0,0,0,0,0,0,0,0,0,-10000,0,0,0,0,10000,-10000,-10000
07576P,可成元大9A售01  ,0,0,0,0,0,0,0,0,0,-10000,0,0,0,0,10000,-10000,-10000
07546P,玉晶光凱基9A售09,0,0,0,0,0,0,0,0,0,-10000,0,0,0,0,10000,-10000,-10000
07396P,聯發科群益9B售01,0,0,0,0,0,0,0,0,0,-10000,0,0,0,0,10000,-10000,-10000
07203P,T50正2凱基9C售02,0,0,0,0,0,0,0,0,0,-10000,0,0,0,0,10000,-10000,-10000
07338P,滬深2X凱基99售02,0,0,0,0,0,0,0,0,0,-10000,0,0,0,0,10000,-10000,-10000
07258P,台灣50台新9A售01,0,0,0,0,0,0,0,0,0,-10000,0,0,0,0,10000,-10000,-10000
07285P,上証2X群益01售02,0,0,0,0,0,0,0,0,0,-10000,0,0,0,200000,210000,-10000,-10000
08158P,嘉澤元富9B售03  ,0,0,0,0,0,0,0,0,0,-10000,0,0,0,0,10000,-10000,-10000
08237P,台積電富邦03售01,0,0,0,0,0,0,0,0,0,-10000,0,0,0,0,10000,-10000,-10000
08215P,旺宏群益9B售04  ,0,0,0,0,0,0,0,0,0,-10000,0,0,0,0,10000,-10000,-10000
08216P,聯發科群益9C售05,0,0,0,0,0,0,0,0,0,-10000,0,0,0,0,10000,-10000,-10000
08262P,茂林元大9C售01  ,0,0,0,0,0,0,0,0,0,-10000,0,0,0,0,10000,-10000,-10000
08454P,台灣50凱基9C售12,0,0,0,0,0,0,0,0,0,-10000,0,0,0,410000,420000,-10000,-10000
08354P,旺宏元大9C售05  ,0,0,0,0,0,0,0,0,0,-10000,0,0,0,2000,12000,-10000,-10000
08370P,台積電凱基01售06,0,0,0,0,0,0,0,0,0,-10000,0,0,0,0,10000,-10000,-10000
08599P,台表科元大9C售11,0,0,0,0,0,0,0,0,0,-10000,0,0,0,0,10000,-10000,-10000
08647P,鴻海凱基9C售06  ,0,0,0,0,0,0,0,0,0,-10000,0,0,0,10000,20000,-10000,-10000
08651P,台灣50群益02售05,0,0,0,0,0,0,0,0,0,-10000,0,0,0,0,10000,-10000,-10000
1419,新紡            ,1000,11000,-10000,0,0,0,0,0,0,0,0,0,0,0,0,0,-10000
1507,永大            ,13000,15000,-2000,0,0,0,0,0,0,-8000,0,8000,-8000,0,0,0,-10000
03658C,T50反1元大9A牛02,0,0,0,0,0,0,0,0,0,-10000,0,0,0,25000,35000,-10000,-10000
053378,台積電元大98購02,0,0,0,0,0,0,0,0,0,-10000,0,0,0,0,10000,-10000,-10000
052838,新唐國泰98購01  ,0,0,0,0,0,0,0,0,0,-10000,0,0,0,15000,25000,-10000,-10000
052277,台達電凱基97購01,0,0,0,0,0,0,0,0,0,-10000,0,0,0,4000,14000,-10000,-10000
020011,統一微波高息20N ,0,0,0,0,0,0,0,0,0,-10000,0,0,0,24000,34000,-10000,-10000
055404,超眾元富97購01  ,0,0,0,0,0,0,0,0,0,-10000,0,0,0,0,10000,-10000,-10000
03039X,元展36          ,0,0,0,0,0,0,0,0,0,-10000,0,0,0,0,10000,-10000,-10000
050801,元金2X群益98購01,0,0,0,0,0,0,0,0,0,-10000,0,0,0,0,10000,-10000,-10000
03810P,大立光富邦98售01,0,0,0,0,0,0,0,0,0,-10000,0,0,0,0,10000,-10000,-10000
03686P,大立光統一98售02,0,0,0,0,0,0,0,0,0,-10000,0,0,0,0,10000,-10000,-10000
046383,群創凱基98購01  ,0,0,0,0,0,0,0,0,0,-10000,0,0,0,10000,20000,-10000,-10000
045189,大立光元富98購01,0,0,0,0,0,0,0,0,0,-10000,0,0,0,0,10000,-10000,-10000
049442,滬深2X統一99購01,0,0,0,0,0,0,0,0,0,-10000,0,0,0,0,10000,-10000,-10000
048236,A50正2國票97購02,0,0,0,0,0,0,0,0,0,-10000,0,0,0,0,10000,-10000,-10000
053587,京元電元大98購01,0,0,0,0,0,0,0,0,0,-10000,0,0,0,0,10000,-10000,-10000
053502,智伸科兆豐97購01,0,0,0,0,0,0,0,0,0,-10000,0,0,0,10000,20000,-10000,-10000
055775,友達凱基9A購01  ,0,0,0,0,0,0,0,0,0,-10000,0,0,0,0,10000,-10000,-10000
055735,宏達電元富98購01,0,0,0,0,0,0,0,0,0,-10000,0,0,0,0,10000,-10000,-10000
057907,台達電亞東99購01,0,0,0,0,0,0,0,0,0,-10000,0,0,0,0,10000,-10000,-10000
056945,鴻海統一98購12  ,0,0,0,0,0,0,0,0,0,-10000,0,0,0,57000,67000,-10000,-10000
057003,立積國票98購01  ,0,0,0,0,0,0,0,0,0,-10000,0,0,0,0,10000,-10000,-10000
056783,國巨群益99購01  ,0,0,0,0,0,0,0,0,0,-10000,0,0,0,9000,19000,-10000,-10000
056792,訊芯群益98購01  ,0,0,0,0,0,0,0,0,0,-10000,0,0,0,20000,30000,-10000,-10000
057840,健策富邦99購01  ,0,0,0,0,0,0,0,0,0,-10000,0,0,0,0,10000,-10000,-10000
056858,國巨群益99購03  ,0,0,0,0,0,0,0,0,0,-10000,0,0,0,0,10000,-10000,-10000
054467,隆達凱基97購01  ,0,0,0,0,0,0,0,0,0,-10000,0,0,0,0,10000,-10000,-10000
054477,聯發科中信9C購02,0,0,0,0,0,0,0,0,0,-10000,0,0,0,0,10000,-10000,-10000
053781,友達元大9B購03  ,0,0,0,0,0,0,0,0,0,-10000,0,0,0,0,10000,-10000,-10000
053904,漢唐凱基97購01  ,0,0,0,0,0,0,0,0,0,-10000,0,0,0,50000,60000,-10000,-10000
054955,宏達電元大98購01,0,0,0,0,0,0,0,0,0,-10000,0,0,0,0,10000,-10000,-10000
054789,高鐵群益98購01  ,0,0,0,0,0,0,0,0,0,-10000,0,0,0,0,10000,-10000,-10000
054637,智邦中信98購01  ,0,0,0,0,0,0,0,0,0,-10000,0,0,0,0,10000,-10000,-10000
055943,瑞昱麥證97購01  ,0,0,0,0,10000,-10000,0,0,0,-10000,0,0,0,0,10000,-10000,-10000
055940,致新群益98購01  ,0,0,0,0,0,0,0,0,0,-10000,0,0,0,10000,20000,-10000,-10000
056109,彩晶永豐98購01  ,0,0,0,0,0,0,0,0,0,-10000,0,0,0,10000,20000,-10000,-10000
055333,晶豪科兆豐97購01,0,0,0,0,0,0,0,0,0,-10000,0,0,0,0,10000,-10000,-10000
061108,臻鼎元大9A購02  ,0,0,0,0,0,0,0,0,0,-10000,0,0,0,0,10000,-10000,-10000
060993,健策元大9B購03  ,0,0,0,0,0,0,0,0,0,-10000,0,0,0,15000,25000,-10000,-10000
060838,華通國票9A購05  ,0,0,0,0,0,0,0,0,0,-10000,0,0,0,0,10000,-10000,-10000
057576,南亞科第一9C購01,0,0,0,0,0,0,0,0,0,-10000,0,0,0,0,10000,-10000,-10000
057623,友訊國泰99購01  ,0,0,0,0,0,0,0,0,0,-10000,0,0,0,0,10000,-10000,-10000
057345,中50統一98購01  ,0,0,0,0,0,0,0,0,0,-10000,0,0,0,0,10000,-10000,-10000
056275,國巨國泰98購04  ,0,0,0,0,0,0,0,0,0,-10000,0,0,0,2000,12000,-10000,-10000
056282,S&P反1永豐97購01,0,0,0,0,0,0,0,0,0,-10000,0,0,0,0,10000,-10000,-10000
056384,玉晶光國泰9A購02,0,0,0,0,0,0,0,0,0,-10000,0,0,0,0,10000,-10000,-10000
056482,貿聯元大99購01  ,0,0,0,0,0,0,0,0,0,-10000,0,0,0,0,10000,-10000,-10000
056438,旺宏凱基98購05  ,0,0,0,0,0,0,0,0,0,-10000,0,0,0,0,10000,-10000,-10000
056419,欣興元富98購02  ,0,0,0,0,0,0,0,0,0,-10000,0,0,0,0,10000,-10000,-10000
057125,國巨凱基98購12  ,0,0,0,0,0,0,0,0,0,-10000,0,0,0,0,10000,-10000,-10000
056321,創意群益98購02  ,0,0,0,0,0,0,0,0,0,-10000,0,0,0,80000,90000,-10000,-10000
056332,台郡國票99購01  ,0,0,0,0,0,0,0,0,0,-10000,0,0,0,81000,91000,-10000,-10000
056344,嘉晶凱基98購02  ,0,0,0,0,0,0,0,0,0,-10000,0,0,0,0,10000,-10000,-10000
056703,群創國泰9A購01  ,0,0,0,0,0,0,0,0,0,-10000,0,0,0,0,10000,-10000,-10000
056602,嘉澤國泰99購01  ,0,0,0,0,0,0,0,0,0,-10000,0,0,0,28000,38000,-10000,-10000
056608,力山永豐98購01  ,0,0,0,0,0,0,0,0,0,-10000,0,0,0,0,10000,-10000,-10000
057035,元油2X元大9B購03,0,0,0,0,0,0,0,0,0,-10000,0,0,0,0,10000,-10000,-10000
057017,和大凱基98購01  ,0,0,0,0,0,0,0,0,0,-10000,0,0,0,0,10000,-10000,-10000
058052,南電元大98購02  ,0,0,0,0,0,0,0,0,0,-10000,0,0,0,3000,13000,-10000,-10000
057490,可成元大98購10  ,0,0,0,0,0,0,0,0,0,-10000,0,0,0,0,10000,-10000,-10000
062041,華擎凱基9C購01  ,0,0,0,0,0,0,0,0,0,-10000,0,0,0,0,10000,-10000,-10000
062095,旺宏富邦9C購03  ,0,0,0,0,0,0,0,0,0,-10000,0,0,0,0,10000,-10000,-10000
062104,上証2X國票9B購03,0,0,0,0,0,0,0,0,0,-10000,0,0,0,0,10000,-10000,-10000
061924,聯發科凱基9C購01,0,0,0,0,0,0,0,0,0,-10000,0,0,0,0,10000,-10000,-10000
061907,裕隆中信9B購01  ,0,0,0,0,0,0,0,0,0,-10000,0,0,0,6000,16000,-10000,-10000
061981,聯發科元大9B購02,0,0,0,0,0,0,0,0,0,-10000,0,0,0,0,10000,-10000,-10000
061695,群創群益9A購01  ,0,0,0,0,0,0,0,0,0,-10000,0,0,0,2000,12000,-10000,-10000
061902,百和永豐9B購01  ,0,0,0,0,0,0,0,0,0,-10000,0,0,0,0,10000,-10000,-10000
061725,國巨麥證9A購05  ,0,0,0,4000,10000,-6000,0,0,0,-10000,0,0,0,4000,14000,-10000,-10000
061624,中租群益9A購01  ,0,0,0,0,0,0,0,0,0,-10000,0,0,0,0,10000,-10000,-10000
061642,創意元大9A購04  ,0,0,0,0,0,0,0,0,0,-10000,0,0,0,279000,289000,-10000,-10000
058939,台積電中信9B購01,0,0,0,0,0,0,0,0,0,-10000,0,0,0,10000,20000,-10000,-10000
061609,華新科統一9C購01,0,0,0,0,0,0,0,0,0,-10000,0,0,0,0,10000,-10000,-10000
061789,群創群益9B購01  ,0,0,0,0,0,0,0,0,0,-10000,0,0,0,2000,12000,-10000,-10000
061832,聯發科凱基9B購06,0,0,0,0,0,0,0,0,0,-10000,0,0,0,0,10000,-10000,-10000
061514,泰碩永豐9A購02  ,0,0,0,0,0,0,0,0,0,-10000,0,0,0,0,10000,-10000,-10000
060202,康友元富9A購01  ,0,0,0,0,0,0,0,0,0,-10000,0,0,0,0,10000,-10000,-10000
060275,元黃金元大9A購01,0,0,0,0,0,0,0,0,0,-10000,0,0,0,10000,20000,-10000,-10000
060253,昇陽半元大9C購01,0,0,0,0,0,0,0,0,0,-10000,0,0,0,10000,20000,-10000,-10000
060291,高鐵元大9A購01  ,0,0,0,0,0,0,0,0,0,-10000,0,0,0,0,10000,-10000,-10000
060260,京鼎凱基9C購01  ,0,0,0,0,0,0,0,0,0,-10000,0,0,0,10000,20000,-10000,-10000
060300,佐登國泰9B購01  ,0,0,0,0,0,0,0,0,0,-10000,0,0,0,0,10000,-10000,-10000
059964,元金2X凱基99購02,0,0,0,0,0,0,0,0,0,-10000,0,0,0,0,10000,-10000,-10000
059401,牧德元富99購01  ,0,0,0,0,0,0,0,0,0,-10000,0,0,0,0,10000,-10000,-10000
059395,T50反1元富99購03,0,0,0,0,0,0,0,0,0,-10000,0,0,0,0,10000,-10000,-10000
059350,樺漢凱基9A購01  ,0,0,0,0,0,0,0,0,0,-10000,0,0,0,0,10000,-10000,-10000
059474,元石油群益99購01,0,0,0,0,0,0,0,0,0,-10000,0,0,0,0,10000,-10000,-10000
05984P,台積電統一98售01,0,0,0,0,0,0,0,0,0,-10000,0,0,0,0,10000,-10000,-10000
061369,T50反1國泰9B購03,0,0,0,0,0,0,0,0,0,-10000,0,0,0,0,10000,-10000,-10000
061319,聯發科凱基9A購16,0,0,0,0,0,0,0,0,0,-10000,0,0,0,0,10000,-10000,-10000
061335,國巨元大9A購19  ,0,0,0,0,0,0,0,0,0,-10000,0,0,0,7000,17000,-10000,-10000
061404,臺指反國票04購01,0,0,0,0,0,0,0,0,0,-10000,0,0,0,0,10000,-10000,-10000
061395,健策統一9C購02  ,0,0,0,0,0,0,0,0,0,-10000,0,0,0,0,10000,-10000,-10000
061371,嘉澤國泰9C購01  ,0,0,0,0,0,0,0,0,0,-10000,0,0,0,0,10000,-10000,-10000
061430,致新元大9A購01  ,0,0,0,0,0,0,0,0,0,-10000,0,0,0,0,10000,-10000,-10000
061433,華通麥證9A購03  ,0,0,0,0,10000,-10000,0,0,0,-10000,0,0,0,0,10000,-10000,-10000
058365,奇力新凱基9A購01,0,0,0,0,0,0,0,0,0,-10000,0,0,0,0,10000,-10000,-10000
058620,滬深2X國票9A購02,0,0,0,0,0,0,0,0,0,-10000,0,0,0,0,10000,-10000,-10000
058642,旺宏麥證9A購01  ,0,0,0,0,10000,-10000,0,0,0,-10000,0,0,0,0,10000,-10000,-10000
058571,緯穎凱基9A購02  ,0,0,0,0,0,0,0,0,0,-10000,0,0,0,30000,40000,-10000,-10000
058585,S&P正2中信9B購02,0,0,0,0,0,0,0,0,0,-10000,0,0,0,0,10000,-10000,-10000
058259,訊連國泰9B購01  ,0,0,0,0,0,0,0,0,0,-10000,0,0,0,0,10000,-10000,-10000
059102,聯鈞元富99購01  ,0,0,0,0,0,0,0,0,0,-10000,0,0,0,0,10000,-10000,-10000
059276,可成元大99購06  ,0,0,0,0,0,0,0,0,0,-10000,0,0,0,0,10000,-10000,-10000
059323,新日興元大99購02,0,0,0,0,0,0,0,0,0,-10000,0,0,0,0,10000,-10000,-10000
059200,京鼎永豐99購02  ,0,0,0,0,0,0,0,0,0,-10000,0,0,0,0,10000,-10000,-10000
059211,鴻海元大99購27  ,0,0,0,0,0,0,0,0,0,-10000,0,0,0,0,10000,-10000,-10000
059234,台灣50凱基9C購03,0,0,0,0,0,0,0,0,0,-10000,0,0,0,0,10000,-10000,-10000
058882,晶相光永豐99購01,0,0,0,0,0,0,0,0,0,-10000,0,0,0,0,10000,-10000,-10000
061253,臺股指群益9A購04,0,0,0,0,0,0,0,0,0,-10000,0,0,0,0,10000,-10000,-10000
059825,嘉晶凱基99購02  ,0,0,0,0,0,0,0,0,0,-10000,0,0,0,0,10000,-10000,-10000
059796,台積電國票99購10,0,0,0,0,0,0,0,0,0,-10000,0,0,0,0,10000,-10000,-10000
059816,聯電凱基99購03  ,0,0,0,0,0,0,0,0,0,-10000,0,0,0,26000,36000,-10000,-10000
060547,瑞昱凱基9A購01  ,0,0,0,0,0,0,0,0,0,-10000,0,0,0,0,10000,-10000,-10000
058747,友達凱基9A購03  ,0,0,0,0,0,0,0,0,0,-10000,0,0,0,0,10000,-10000,-10000
059532,華新科凱基9B購03,0,0,0,0,0,0,0,0,0,-10000,0,0,0,2000,12000,-10000,-10000
059536,新光金凱基99購05,0,0,0,0,0,0,0,0,0,-10000,0,0,0,0,10000,-10000,-10000
059530,華新科凱基9A購05,0,0,0,0,0,0,0,0,0,-10000,0,0,0,100000,110000,-10000,-10000
058763,和碩群益99購01  ,0,0,0,0,0,0,0,0,0,-10000,0,0,0,6000,16000,-10000,-10000
060523,鴻海中信9C購03  ,0,0,0,0,0,0,0,0,0,-10000,0,0,0,7000,17000,-10000,-10000
060472,中租元大9A購02  ,0,0,0,0,0,0,0,0,0,-10000,0,0,0,0,10000,-10000,-10000
060474,中租元大9B購01  ,0,0,0,0,0,0,0,0,0,-10000,0,0,0,20000,30000,-10000,-10000
059681,華新科國泰9B購02,0,0,0,0,0,0,0,0,0,-10000,0,0,0,20000,30000,-10000,-10000
059665,嘉聯益元大99購06,0,0,0,0,0,0,0,0,0,-10000,0,0,0,10000,20000,-10000,-10000
059706,嘉晶凱基99購01  ,0,0,0,0,0,0,0,0,0,-10000,0,0,0,0,10000,-10000,-10000
058780,牧德國票9A購01  ,0,0,0,0,0,0,0,0,0,-10000,0,0,0,38000,48000,-10000,-10000
062196,聯發科中信01購02,0,0,0,0,0,0,0,0,0,-10000,0,0,0,0,10000,-10000,-10000
062170,健策永豐9B購04  ,0,0,0,0,0,0,0,0,0,-10000,0,0,0,71000,81000,-10000,-10000
062322,元金2X統一01購01,0,0,0,0,0,0,0,0,0,-10000,0,0,0,0,10000,-10000,-10000
062288,南六群益9B購01  ,0,0,0,0,0,0,0,0,0,-10000,0,0,0,0,10000,-10000,-10000
062390,元黃金富邦9C購01,0,0,0,0,0,0,0,0,0,-10000,0,0,0,0,10000,-10000,-10000
062395,台表科富邦9C購01,0,0,0,0,0,0,0,0,0,-10000,0,0,0,9000,19000,-10000,-10000
062490,聯茂永豐9B購01  ,0,0,0,0,0,0,0,0,0,-10000,0,0,0,0,10000,-10000,-10000
062510,台積電國票01購01,0,0,0,0,0,0,0,0,0,-10000,0,0,0,0,10000,-10000,-10000
062512,美食國票9B購01  ,0,0,0,0,0,0,0,0,0,-10000,0,0,0,35000,45000,-10000,-10000
062723,聯發科凱基9B購09,0,0,0,0,0,0,0,0,0,-10000,0,0,0,0,10000,-10000,-10000
062792,臺股指元大9B購35,0,0,0,0,0,0,0,0,0,-10000,0,0,0,5000,15000,-10000,-10000
062555,旺宏凱基9B購06  ,0,0,0,0,0,0,0,0,0,-10000,0,0,0,0,10000,-10000,-10000
06259P,臺股指群益97售12,0,0,0,0,0,0,0,0,0,-10000,0,0,0,7000,17000,-10000,-10000
063208,鈺齊統一9C購01  ,0,0,0,0,0,0,0,0,0,-10000,0,0,0,40000,50000,-10000,-10000
063083,聯發科凱基01購02,0,0,0,0,0,0,0,0,0,-10000,0,0,0,0,10000,-10000,-10000
063146,南六統一9B購02  ,0,0,0,0,0,0,0,0,0,-10000,0,0,0,33000,43000,-10000,-10000
062938,聯發科凱基9B購10,0,0,0,0,0,0,0,0,0,-10000,0,0,0,0,10000,-10000,-10000
063030,華通凱基9B購03  ,0,0,0,0,0,0,0,0,0,-10000,0,0,0,0,10000,-10000,-10000
063297,臺指反凱基02購01,0,0,0,0,0,0,0,0,0,-10000,0,0,0,0,10000,-10000,-10000
063548,同欣電兆豐9B購01,0,0,0,0,0,0,0,0,0,-10000,0,0,0,1000,11000,-10000,-10000
064541,元黃金凱基01購02,0,0,0,0,0,0,0,0,0,-10000,0,0,0,2000,12000,-10000,-10000
064756,友達凱基02購02  ,0,0,0,0,0,0,0,0,0,-10000,0,0,0,0,10000,-10000,-10000
064646,群創凱基02購01  ,0,0,0,0,0,0,0,0,0,-10000,0,0,0,15000,25000,-10000,-10000
06424P,大成鋼永豐97售01,0,0,0,0,0,0,0,0,0,-10000,0,0,0,0,10000,-10000,-10000
064246,南六統一9C購02  ,0,0,0,0,0,0,0,0,0,-10000,0,0,0,0,10000,-10000,-10000
064365,美食統一01購02  ,0,0,0,0,0,0,0,0,0,-10000,0,0,0,0,10000,-10000,-10000
064459,創意統一02購01  ,0,0,0,0,0,0,0,0,0,-10000,0,0,0,249000,259000,-10000,-10000
063936,道瓊反元大9C購02,0,0,0,0,0,0,0,0,0,-10000,0,0,0,0,10000,-10000,-10000
063951,新日興元大9C購01,0,0,0,0,0,0,0,0,0,-10000,0,0,0,50000,60000,-10000,-10000
063699,國巨群益9B購07  ,0,0,0,0,0,0,0,0,0,-10000,0,0,0,0,10000,-10000,-10000
063652,國泰金台新9B購01,0,0,0,0,0,0,0,0,0,-10000,0,0,0,0,10000,-10000,-10000
063746,上銀國票9C購01  ,0,0,0,0,0,0,0,0,0,-10000,0,0,0,0,10000,-10000,-10000
063762,緯穎統一9C購01  ,0,0,0,0,0,0,0,0,0,-10000,0,0,0,0,10000,-10000,-10000
063827,國巨國票02購01  ,0,0,0,0,0,0,0,0,0,-10000,0,0,0,47000,57000,-10000,-10000
6558,興能高          ,69000,79000,-10000,0,0,0,0,0,0,0,0,0,0,0,0,0,-10000
2838A,聯邦銀甲特      ,0,0,0,0,0,0,0,0,0,-10000,0,10000,-10000,0,0,0,-10000
2908,特力            ,28000,38000,-10000,0,0,0,0,0,0,0,0,0,0,0,0,0,-10000
6142,友勁            ,97000,202000,-105000,0,0,0,0,0,0,95000,95000,0,95000,0,0,0,-10000
5706,鳳凰            ,12000,22000,-10000,0,0,0,0,0,0,0,0,0,0,0,0,0,-10000
6412,群電            ,152000,159000,-7000,0,0,0,1000,0,1000,-4050,0,4050,-4050,0,0,0,-10050
08638P,泰碩國票9C售01  ,0,0,0,0,0,0,0,0,0,-11000,0,0,0,9000,20000,-11000,-11000
08173P,金像電凱基9B售02,0,0,0,0,0,0,0,0,0,-11000,0,0,0,10000,21000,-11000,-11000
07988P,台積電台新9C售03,0,0,0,0,0,0,0,0,0,-11000,0,0,0,0,11000,-11000,-11000
064951,聯發科凱基01購04,0,0,0,0,0,0,0,0,0,-11000,0,0,0,0,11000,-11000,-11000
065204,神隆國票01購01  ,0,0,0,0,0,0,0,0,0,-11000,0,0,0,80000,91000,-11000,-11000
065368,技嘉元大9C購04  ,0,0,0,0,0,0,0,0,0,-11000,0,0,0,391000,402000,-11000,-11000
065322,聯發科凱基01購05,0,0,0,0,0,0,0,0,0,-11000,0,0,0,0,11000,-11000,-11000
065669,義隆凱基01購03  ,0,0,0,0,0,0,0,0,0,-11000,0,0,0,82000,93000,-11000,-11000
065704,華新科群益9C購05,0,0,0,0,0,0,0,0,0,-11000,0,0,0,14000,25000,-11000,-11000
065816,聯發科元富03購07,0,0,0,0,0,0,0,0,0,-11000,0,0,0,0,11000,-11000,-11000
06627P,華新科元富99售01,0,0,0,0,0,0,0,0,0,-11000,0,0,0,1000,12000,-11000,-11000
057794,T50反1兆豐99購02,0,0,0,0,0,0,0,0,0,-11000,0,0,0,57000,68000,-11000,-11000
056549,嘉聯益凱基98購04,0,0,0,0,0,0,0,0,0,-11000,0,0,0,0,11000,-11000,-11000
057501,超眾群益98購04  ,0,0,0,0,0,0,0,0,0,-11000,0,0,0,0,11000,-11000,-11000
060681,華擎元大9A購02  ,0,0,0,0,0,0,0,0,0,-11000,0,0,0,49000,60000,-11000,-11000
05792P,臺股指中信99售07,0,0,0,0,0,0,0,0,0,-11000,0,0,0,328000,339000,-11000,-11000
049406,T50反1日盛97購01,0,0,0,0,0,0,0,0,0,-11000,0,0,0,3079000,3090000,-11000,-11000
00736,國泰新興市場    ,155000,1000,154000,0,0,0,0,0,0,-165000,0,0,0,302000,467000,-165000,-11000
058738,FBVIX中信03購04 ,0,0,0,0,0,0,0,0,0,-11000,0,0,0,0,11000,-11000,-11000
060909,金像電元大9B購01,0,0,0,0,0,0,0,0,0,-11000,0,0,0,59000,70000,-11000,-11000
061306,瑞祺永豐9A購02  ,0,0,0,0,0,0,0,0,0,-11000,0,0,0,660000,671000,-11000,-11000
058429,欣興元富99購01  ,0,0,0,0,0,0,0,0,0,-11000,0,0,0,2000,13000,-11000,-11000
059928,道瓊銀富邦03購01,0,0,0,0,0,0,0,0,0,-11000,0,0,0,9000,20000,-11000,-11000
061648,緯穎元大9A購04  ,0,0,0,0,0,0,0,0,0,-11000,0,0,0,11000,22000,-11000,-11000
062015,喬山永豐9B購01  ,0,0,0,0,0,0,0,0,0,-11000,0,0,0,0,11000,-11000,-11000
063859,國巨國泰01購03  ,0,0,0,0,0,0,0,0,0,-11000,0,0,0,2000,13000,-11000,-11000
064362,友達統一01購02  ,0,0,0,0,0,0,0,0,0,-11000,0,0,0,98000,109000,-11000,-11000
064377,宏達電元富9C購01,0,0,0,0,0,0,0,0,0,-11000,0,0,0,89000,100000,-11000,-11000
064392,喬山永豐9C購01  ,0,0,0,0,0,0,0,0,0,-11000,0,0,0,0,11000,-11000,-11000
064272,鴻海元大9C購09  ,0,0,0,0,0,0,0,0,0,-11000,0,0,0,29000,40000,-11000,-11000
063504,國巨群益9C購06  ,0,0,0,0,0,0,0,0,0,-11000,0,0,0,2000,13000,-11000,-11000
063426,茂林凱基9B購03  ,0,0,0,0,0,0,0,0,0,-11000,0,0,0,115000,126000,-11000,-11000
063288,泰鼎元大9B購02  ,0,0,0,0,0,0,0,0,0,-11000,0,0,0,473000,484000,-11000,-11000
063403,鈺齊群益9B購01  ,0,0,0,0,0,0,0,0,0,-11000,0,0,0,40000,51000,-11000,-11000
062995,聚陽國票9C購01  ,0,0,0,0,0,0,0,0,0,-11000,0,0,0,3000,14000,-11000,-11000
3622,洋華            ,7000,17000,-10000,0,0,0,0,0,0,-1000,0,1000,-1000,0,0,0,-11000
2702,華園            ,8000,19000,-11000,0,0,0,0,0,0,0,0,0,0,0,0,0,-11000
8210,勤誠            ,146000,116000,30000,0,0,0,0,0,0,-41000,0,42000,-42000,4000,3000,1000,-11000
06613P,華新科富邦9A售03,0,0,0,0,0,0,0,0,0,-12000,0,0,0,0,12000,-12000,-12000
065705,嘉晶群益9C購05  ,0,0,0,0,0,0,0,0,0,-12000,0,0,0,0,12000,-12000,-12000
065690,台苯群益9C購01  ,0,0,0,0,0,0,0,0,0,-12000,0,0,0,0,12000,-12000,-12000
065594,華通元大01購02  ,0,0,0,0,0,0,0,0,0,-12000,0,0,0,100000,112000,-12000,-12000
065505,健鼎永豐9C購01  ,0,0,0,0,0,0,0,0,0,-12000,0,0,0,0,12000,-12000,-12000
065338,旺宏統一01購07  ,0,3000,-3000,0,0,0,0,0,0,-9000,0,0,0,92000,101000,-9000,-12000
08309P,GIS凱基9C售01   ,0,0,0,0,0,0,0,0,0,-12000,0,0,0,0,12000,-12000,-12000
08307P,台積電凱基9C售03,0,0,0,0,0,0,0,0,0,-12000,0,0,0,0,12000,-12000,-12000
00641R,富邦日本反1     ,0,23000,-23000,0,0,0,0,0,0,11000,0,0,0,232000,221000,11000,-12000
046061,中石化凱基98購01,0,0,0,0,0,0,0,0,0,-12000,0,0,0,0,12000,-12000,-12000
03681C,台灣50凱基02牛02,0,0,0,0,0,0,0,0,0,-12000,0,0,0,4000,16000,-12000,-12000
056930,晶豪科台新98購01,0,0,0,0,0,0,0,0,0,-12000,0,0,0,0,12000,-12000,-12000
054170,泰鼎凱基98購01  ,0,0,0,0,0,0,0,0,0,-12000,0,0,0,10000,22000,-12000,-12000
054751,GIS凱基98購01   ,0,0,0,0,0,0,0,0,0,-12000,0,0,0,0,12000,-12000,-12000
060708,康友富邦9B購01  ,0,0,0,0,0,0,0,0,0,-12000,0,0,0,11000,23000,-12000,-12000
060988,華新科元大9A購12,0,0,0,0,0,0,0,0,0,-12000,0,0,0,19000,31000,-12000,-12000
057182,禾伸堂元大99購02,0,0,0,0,0,0,0,0,0,-12000,0,0,0,172000,184000,-12000,-12000
056744,麗豐凱基9A購01  ,0,0,0,0,0,0,0,0,0,-12000,0,0,0,0,12000,-12000,-12000
057796,鴻海兆豐99購03  ,0,0,0,0,0,0,0,0,0,-12000,0,0,0,13000,25000,-12000,-12000
058007,南電群益98購02  ,0,0,0,0,0,0,0,0,0,-12000,0,0,0,2000,14000,-12000,-12000
058022,樺漢凱基99購02  ,0,0,0,0,0,0,0,0,0,-12000,0,0,0,67000,79000,-12000,-12000
061980,聯發科元大9B購01,0,0,0,0,0,0,0,0,0,-12000,0,0,0,0,12000,-12000,-12000
060334,群光康和9A購01  ,0,0,0,0,0,0,0,0,0,-12000,0,0,0,0,12000,-12000,-12000
060264,華新科國票9A購02,0,0,0,0,0,0,0,0,0,-12000,0,0,0,2000,14000,-12000,-12000
060294,嘉澤元大9A購01  ,0,0,0,0,0,0,0,0,0,-12000,0,0,0,13000,25000,-12000,-12000
060050,鴻海凱基9B購01  ,0,0,0,0,0,0,0,0,0,-12000,0,0,0,0,12000,-12000,-12000
059766,同欣電永豐99購03,0,0,0,0,0,0,0,0,0,-12000,0,0,0,0,12000,-12000,-12000
061057,華新科國票9A購04,0,0,0,0,0,0,0,0,0,-12000,0,0,0,0,12000,-12000,-12000
061536,華擎統一9C購02  ,0,0,0,0,0,0,0,0,0,-12000,0,0,0,80000,92000,-12000,-12000
062990,台積電群益9B購06,0,0,0,0,0,0,0,0,0,-12000,0,0,0,4000,16000,-12000,-12000
062925,建準國票9B購01  ,0,0,0,0,0,0,0,0,0,-12000,0,0,0,0,12000,-12000,-12000
063325,SP黃豆國票9C購02,0,0,0,0,0,0,0,0,0,-12000,0,0,0,108000,120000,-12000,-12000
062607,美食凱基9B購01  ,0,0,0,0,0,0,0,0,0,-12000,0,0,0,0,12000,-12000,-12000
062768,南電凱基9B購04  ,0,0,0,0,0,0,0,0,0,-12000,0,0,0,13000,25000,-12000,-12000
062821,華擎兆豐9C購01  ,0,0,0,0,0,0,0,0,0,-12000,0,0,0,78000,90000,-12000,-12000
064274,燿華元大9C購01  ,0,0,0,0,0,0,0,0,0,-12000,0,0,0,47000,59000,-12000,-12000
064275,台光電元大9C購03,0,0,0,0,0,0,0,0,0,-12000,0,0,0,109000,121000,-12000,-12000
064205,台灣50凱基01購14,0,0,0,0,0,0,0,0,0,-12000,0,0,0,30000,42000,-12000,-12000
063853,同欣電元大9C購02,0,0,0,0,0,0,0,0,0,-12000,0,0,0,0,12000,-12000,-12000
063727,鴻海元大9C購05  ,0,0,0,0,0,0,0,0,0,-12000,0,0,0,45000,57000,-12000,-12000
064106,國巨兆豐9C購04  ,0,0,0,0,0,0,0,0,0,-12000,0,0,0,10000,22000,-12000,-12000
2496,卓越            ,3000,14000,-11000,0,0,0,0,0,0,-1050,0,1050,-1050,0,0,0,-12050
08466P,旺宏統一9C售03  ,0,0,0,0,0,0,0,0,0,-13000,0,0,0,0,13000,-13000,-13000
08529P,臻鼎元大9C售03  ,0,0,0,0,0,0,0,0,0,-13000,0,0,0,0,13000,-13000,-13000
08095P,大立光元富9B售03,0,0,0,0,0,0,0,0,0,-13000,0,0,0,235000,248000,-13000,-13000
07673P,電子類元大9A售01,0,0,0,0,0,0,0,0,0,-13000,0,0,0,0,13000,-13000,-13000
07552P,技嘉元大9A售03  ,0,0,0,0,0,0,0,0,0,-13000,0,0,0,2000,15000,-13000,-13000
06888P,日月光元大98售02,0,0,0,0,0,0,0,0,0,-13000,0,0,0,3000,16000,-13000,-13000
065026,世紀鋼永豐9C購02,0,0,0,0,0,0,0,0,0,-13000,0,0,0,10000,23000,-13000,-13000
065041,金像電凱基02購02,0,0,0,0,0,0,0,0,0,-13000,0,0,0,12000,25000,-13000,-13000
065522,旭富群益9C購03  ,0,0,0,0,0,0,0,0,0,-13000,0,0,0,0,13000,-13000,-13000
065412,金像電永豐9C購01,0,0,0,0,0,0,0,0,0,-13000,0,0,0,26000,39000,-13000,-13000
065578,台郡群益9C購02  ,0,0,0,0,0,0,0,0,0,-13000,0,0,0,678000,691000,-13000,-13000
065695,友訊群益01購02  ,0,0,0,0,0,0,0,0,0,-13000,0,0,0,28000,41000,-13000,-13000
057088,上銀元富98購01  ,0,0,0,0,0,0,0,0,0,-13000,0,0,0,0,13000,-13000,-13000
056165,矽力凱基98購02  ,0,0,0,0,0,0,0,0,0,-13000,0,0,0,1000,14000,-13000,-13000
057721,華擎元富98購02  ,0,0,0,0,0,0,0,0,0,-13000,0,0,0,159000,172000,-13000,-13000
056921,京元電兆豐98購01,0,0,0,0,0,0,0,0,0,-13000,0,0,0,13000,26000,-13000,-13000
052313,聯電元大98購01  ,0,0,0,0,0,0,0,0,0,-13000,0,0,0,19000,32000,-13000,-13000
051597,T50反1中信99購02,0,0,0,0,0,0,0,0,0,-13000,0,0,0,0,13000,-13000,-13000
061214,華擎元大9A購04  ,0,0,0,0,0,0,0,0,0,-13000,0,0,0,99000,112000,-13000,-13000
059650,緯穎凱基99購04  ,0,0,0,0,0,0,0,0,0,-13000,0,0,0,0,13000,-13000,-13000
059613,泰鼎永豐99購02  ,0,0,0,0,0,0,0,0,0,-13000,0,0,0,136000,149000,-13000,-13000
058272,超眾永豐9A購01  ,0,0,0,0,0,0,0,0,0,-13000,0,0,0,0,13000,-13000,-13000
060226,道瓊反元大9A購01,0,0,0,0,0,0,0,0,0,-13000,0,0,0,5000,18000,-13000,-13000
064091,台郡凱基01購01  ,0,0,0,0,0,0,0,0,0,-13000,0,0,0,223000,236000,-13000,-13000
063917,南六凱基02購01  ,0,0,0,0,0,0,0,0,0,-13000,0,0,0,7000,20000,-13000,-13000
062352,南六群益9B購02  ,0,0,0,0,0,0,0,0,0,-13000,0,0,0,0,13000,-13000,-13000
063520,上銀凱基9B購05  ,0,0,0,0,0,0,0,0,0,-13000,0,0,0,0,13000,-13000,-13000
2459,敦吉            ,36000,49000,-13000,0,0,0,0,0,0,0,0,0,0,0,0,0,-13000
6168,宏齊            ,11000,22000,-11000,0,0,0,0,0,0,-2000,0,2000,-2000,0,0,0,-13000
8429,金麗-KY         ,77000,90000,-13000,0,0,0,0,0,0,0,0,0,0,0,0,0,-13000
065684,超眾統一03購01  ,0,0,0,0,0,0,0,0,0,-14000,0,0,0,0,14000,-14000,-14000
065036,世芯統一02購02  ,0,0,0,0,0,0,0,0,0,-14000,0,0,0,1000,15000,-14000,-14000
07022P,嘉晶永豐99售02  ,0,0,0,0,0,0,0,0,0,-14000,0,0,0,0,14000,-14000,-14000
07957P,晶技群益9B售02  ,0,0,0,0,0,0,0,0,0,-14000,0,0,0,0,14000,-14000,-14000
056839,台光電元富98購02,0,0,0,0,0,0,0,0,0,-14000,0,0,0,0,14000,-14000,-14000
057626,技嘉富邦9A購01  ,0,0,0,0,0,0,0,0,0,-14000,0,0,0,617000,631000,-14000,-14000
061508,南六國泰9C購02  ,0,0,0,0,0,0,0,0,0,-14000,0,0,0,1000,15000,-14000,-14000
061502,嘉澤國票9A購02  ,0,0,0,0,0,0,0,0,0,-14000,0,0,0,12000,26000,-14000,-14000
061803,巨大永豐9B購01  ,0,0,0,0,0,0,0,0,0,-14000,0,0,0,51000,65000,-14000,-14000
058225,旺宏元富99購01  ,0,0,0,0,0,0,0,0,0,-14000,0,0,0,72000,86000,-14000,-14000
058396,力山元大99購01  ,0,0,0,0,0,0,0,0,0,-14000,0,0,0,0,14000,-14000,-14000
058377,茂林凱基9A購03  ,0,0,0,0,0,0,0,0,0,-14000,0,0,0,82000,96000,-14000,-14000
061308,元金2X中信9A購01,0,0,0,0,0,0,0,0,0,-14000,0,0,0,0,14000,-14000,-14000
060932,南六永豐9A購02  ,0,0,0,0,0,0,0,0,0,-14000,0,0,0,16000,30000,-14000,-14000
059531,華新科凱基9B購02,0,0,0,0,0,0,0,0,0,-14000,0,0,0,0,14000,-14000,-14000
058803,世紀鋼元大99購03,0,0,0,0,0,0,0,0,0,-14000,0,0,0,0,14000,-14000,-14000
061215,健策元大9A購06  ,0,0,0,0,0,0,0,0,0,-14000,0,0,0,28000,42000,-14000,-14000
062246,力山元大9B購02  ,0,0,0,0,0,0,0,0,0,-14000,0,0,0,88000,102000,-14000,-14000
062820,禾伸堂兆豐9B購01,0,0,0,0,0,0,0,0,0,-14000,0,0,0,61000,75000,-14000,-14000
062744,超眾國泰9C購01  ,0,0,0,0,0,0,0,0,0,-14000,0,0,0,0,14000,-14000,-14000
064308,國巨群益9C購09  ,0,0,0,0,0,0,0,0,0,-14000,0,0,0,2000,16000,-14000,-14000
6205,詮欣            ,20000,34000,-14000,0,0,0,0,0,0,0,0,0,0,0,0,0,-14000
07955P,大成鋼群益9B售02,0,0,0,0,0,0,0,0,0,-15000,0,0,0,0,15000,-15000,-15000
07053P,台灣50兆豐01售01,0,0,0,0,0,0,0,0,0,-15000,0,0,0,0,15000,-15000,-15000
07146P,瑞昱元大99售02  ,0,0,0,0,0,0,0,0,0,-15000,0,0,0,300000,315000,-15000,-15000
08635P,大成鋼國票01售01,0,0,0,0,0,0,0,0,0,-15000,0,0,0,0,15000,-15000,-15000
065331,亞德客國票01購01,0,0,0,0,0,0,0,0,0,-15000,0,0,0,0,15000,-15000,-15000
065106,S&P反1國票9C購02,0,0,0,0,0,0,0,0,0,-15000,0,0,0,0,15000,-15000,-15000
065496,裕隆富邦9C購01  ,0,0,0,0,0,0,0,0,0,-15000,0,0,0,410000,425000,-15000,-15000
065909,大立光永豐9C購02,0,0,0,0,0,0,0,0,0,-15000,0,0,0,0,15000,-15000,-15000
06803P,臺股指群益98售09,0,0,0,0,0,0,0,0,0,-15000,0,0,0,0,15000,-15000,-15000
065776,鴻海國泰03購01  ,0,0,0,0,0,0,0,0,0,-15000,0,0,0,11000,26000,-15000,-15000
057272,台積電元大98購14,0,0,0,0,0,0,0,0,0,-15000,0,0,0,5000,20000,-15000,-15000
061131,崇越永豐9A購01  ,0,0,0,0,0,0,0,0,0,-15000,0,0,0,41000,56000,-15000,-15000
060833,道瓊反國票9A購01,0,0,0,0,0,0,0,0,0,-15000,0,0,0,0,15000,-15000,-15000
056182,台光電統一97購03,0,0,0,0,0,0,0,0,0,-15000,0,0,0,3000,18000,-15000,-15000
056649,智易凱基98購01  ,0,0,0,0,0,0,0,0,0,-15000,0,0,0,95000,110000,-15000,-15000
056641,華通凱基98購03  ,0,0,0,0,0,0,0,0,0,-15000,0,0,0,17000,32000,-15000,-15000
056891,國巨元大99購03  ,0,0,0,0,0,0,0,0,0,-15000,0,0,0,10000,25000,-15000,-15000
057980,聯詠永豐98購01  ,0,0,0,0,0,0,0,0,0,-15000,0,0,0,0,15000,-15000,-15000
054215,創意國票97購02  ,0,0,0,0,0,0,0,0,0,-15000,0,0,0,4000,19000,-15000,-15000
055249,大毅統一99購01  ,0,0,0,0,0,0,0,0,0,-15000,0,0,0,5000,20000,-15000,-15000
055207,致新中信99購01  ,0,0,0,0,0,0,0,0,0,-15000,0,0,0,20000,35000,-15000,-15000
03448B,臺股指元大9C熊11,0,0,0,0,0,0,0,0,0,-15000,0,0,0,3000,18000,-15000,-15000
055486,國巨元大98購06  ,0,0,0,0,0,0,0,0,0,-15000,0,0,0,5000,20000,-15000,-15000
05579P,友達凱基98售03  ,0,0,0,0,0,0,0,0,0,-15000,0,0,0,0,15000,-15000,-15000
061605,華新科凱基9A購14,0,0,0,0,0,0,0,0,0,-15000,0,0,0,5000,20000,-15000,-15000
059641,群創凱基99購06  ,0,0,0,0,0,0,0,0,0,-15000,0,0,0,5000,20000,-15000,-15000
058726,宏達電富邦9A購01,0,0,0,0,0,0,0,0,0,-15000,0,0,0,0,15000,-15000,-15000
061790,中租群益9B購01  ,0,0,0,0,0,0,0,0,0,-15000,0,0,0,26000,41000,-15000,-15000
061611,南六統一01購01  ,0,0,0,0,0,0,0,0,0,-15000,0,0,0,0,15000,-15000,-15000
058079,鴻海群益98購08  ,0,0,0,0,0,0,0,0,0,-15000,0,0,0,24000,39000,-15000,-15000
061708,同欣電國票9A購02,0,0,0,0,0,0,0,0,0,-15000,0,0,0,0,15000,-15000,-15000
062018,台勝科永豐9B購01,0,0,0,0,0,0,0,0,0,-15000,0,0,0,0,15000,-15000,-15000
06214P,國巨國票98售04  ,0,0,0,0,0,0,0,0,0,-15000,0,0,0,0,15000,-15000,-15000
061446,鴻海中信04購01  ,0,0,0,0,0,0,0,0,0,-15000,0,0,0,18000,33000,-15000,-15000
061365,國巨國票9B購05  ,0,0,0,0,0,0,0,0,0,-15000,0,0,0,64000,79000,-15000,-15000
059847,喬山永豐99購01  ,0,0,0,0,0,0,0,0,0,-15000,0,0,0,5000,20000,-15000,-15000
059053,鴻海凱基99購07  ,0,0,0,0,0,0,0,0,0,-15000,0,0,0,32000,47000,-15000,-15000
064273,華邦電元大9C購02,0,0,0,0,0,0,0,0,0,-15000,0,0,0,103000,118000,-15000,-15000
064730,超眾統一02購02  ,0,0,0,0,0,0,0,0,0,-15000,0,0,0,230000,245000,-15000,-15000
064513,T50反1群益9C購01,0,0,0,0,0,0,0,0,0,-15000,0,0,0,55000,70000,-15000,-15000
064123,台積電元大9C購09,0,0,0,0,0,0,0,0,0,-15000,0,0,0,5000,20000,-15000,-15000
063756,鴻海統一9B購09  ,0,0,0,0,0,0,0,0,0,-15000,0,0,0,48000,63000,-15000,-15000
06284P,台積電國票98售03,0,0,0,0,0,0,0,0,0,-15000,0,0,0,4000,19000,-15000,-15000
062632,嘉晶國票9B購01  ,0,0,0,0,0,0,0,0,0,-15000,0,0,0,0,15000,-15000,-15000
062309,燿華凱基9B購01  ,0,0,0,0,0,0,0,0,0,-15000,0,0,0,0,15000,-15000,-15000
062296,南六永豐9B購02  ,0,0,0,0,0,0,0,0,0,-15000,0,0,0,0,15000,-15000,-15000
062525,鴻海統一9C購10  ,0,0,0,0,0,0,0,0,0,-15000,0,0,0,7000,22000,-15000,-15000
063186,聯發科凱基9C購04,0,0,0,0,0,0,0,0,0,-15000,0,0,0,5000,20000,-15000,-15000
2539,櫻花建          ,2000,8000,-6000,0,0,0,2000,0,2000,-11000,0,11000,-11000,0,0,0,-15000
912000,晨訊科-DR       ,0,15000,-15000,0,0,0,0,0,0,0,0,0,0,0,0,0,-15000
065745,裕隆元大9C購03  ,0,0,0,0,0,0,0,0,0,-16000,0,0,0,50000,66000,-16000,-16000
065800,技嘉群益9C購01  ,0,0,0,0,0,0,0,0,0,-16000,0,0,0,0,16000,-16000,-16000
064836,群創統一9C購04  ,0,0,0,0,0,0,0,0,0,-16000,0,0,0,31000,47000,-16000,-16000
08559P,瑞昱國票9C售01  ,0,0,0,0,0,0,0,0,0,-16000,0,0,0,0,16000,-16000,-16000
08432P,台勝科凱基9C售02,0,0,0,0,0,0,0,0,0,-16000,0,0,0,68000,84000,-16000,-16000
07758P,台積電國票9A售06,0,0,0,0,0,0,0,0,0,-16000,0,0,0,0,16000,-16000,-16000
01001T,土銀富邦R1      ,0,0,0,0,0,0,0,0,0,-16000,0,16000,-16000,0,0,0,-16000
054916,聯發科凱基98購04,0,0,0,0,0,0,0,0,0,-16000,0,0,0,10000,26000,-16000,-16000
054884,友達統一99購01  ,0,0,0,0,0,0,0,0,0,-16000,0,0,0,0,16000,-16000,-16000
057839,台積電富邦9A購02,0,0,0,0,0,0,0,0,0,-16000,0,0,0,0,16000,-16000,-16000
056820,欣興永豐98購02  ,0,0,0,0,0,0,0,0,0,-16000,0,0,0,4000,20000,-16000,-16000
057239,貿聯凱基98購05  ,0,0,0,0,0,0,0,0,0,-16000,0,0,0,4000,20000,-16000,-16000
058150,中502X統一9B購01,0,0,0,0,0,0,0,0,0,-16000,0,0,0,0,16000,-16000,-16000
058142,瑞儀元大99購01  ,0,0,0,0,0,0,0,0,0,-16000,0,0,0,4000,20000,-16000,-16000
061839,華新科凱基05購04,0,0,0,0,0,0,0,0,0,-16000,0,0,0,15000,31000,-16000,-16000
058687,聯茂凱基9A購01  ,0,0,0,0,0,0,0,0,0,-16000,0,0,0,45000,61000,-16000,-16000
060912,華新科元大9A購10,0,0,0,0,0,0,0,0,0,-16000,0,0,0,68000,84000,-16000,-16000
060625,華擎元大9A購01  ,0,0,0,0,0,0,0,0,0,-16000,0,0,0,154000,170000,-16000,-16000
059282,嘉聯益永豐99購01,0,0,0,0,0,0,0,0,0,-16000,0,0,0,20000,36000,-16000,-16000
058631,鈺齊國票9A購01  ,0,0,0,0,0,0,0,0,0,-16000,0,0,0,12000,28000,-16000,-16000
062956,同欣電永豐9B購02,0,0,0,0,0,0,0,0,0,-16000,0,0,0,5000,21000,-16000,-16000
062319,南六凱基9B購02  ,0,0,0,0,0,0,0,0,0,-16000,0,0,0,1000,17000,-16000,-16000
062161,南六凱基9C購01  ,0,0,0,0,0,0,0,0,0,-16000,0,0,0,48000,64000,-16000,-16000
062700,台光電元大9B購05,0,0,0,0,0,0,0,0,0,-16000,0,0,0,33000,49000,-16000,-16000
062692,T50反1元大9B購05,0,0,0,0,0,0,0,0,0,-16000,0,0,0,0,16000,-16000,-16000
062685,華新科統一9C購03,0,0,0,0,0,0,0,0,0,-16000,0,0,0,0,16000,-16000,-16000
063881,嘉晶元富9C購01  ,0,0,0,0,0,0,0,0,0,-16000,0,0,0,0,16000,-16000,-16000
063631,燿華元大9B購06  ,0,0,0,0,0,0,0,0,0,-16000,0,0,0,0,16000,-16000,-16000
064108,創意兆豐9C購01  ,0,0,0,0,0,0,0,0,0,-16000,0,0,0,369000,385000,-16000,-16000
064580,統一永豐9C購01  ,0,0,0,0,0,0,0,0,0,-16000,0,0,0,0,16000,-16000,-16000
064234,正崴統一01購01  ,0,0,0,0,0,0,0,0,0,-16000,0,0,0,9000,25000,-16000,-16000
2739,寒舍            ,2000,18000,-16000,0,0,0,0,0,0,0,0,0,0,0,0,0,-16000
4555,氣立            ,7000,23000,-16000,0,0,0,0,0,0,0,0,0,0,0,0,0,-16000
08093P,英業達元富9B售02,0,0,0,0,0,0,0,0,0,-17000,0,0,0,20000,37000,-17000,-17000
2009,第一銅          ,16000,33000,-17000,0,0,0,0,0,0,0,0,0,0,0,0,0,-17000
06529P,貿聯富邦99售03  ,0,0,0,0,0,0,0,0,0,-17000,0,0,0,18000,35000,-17000,-17000
065773,鴻海國票03購01  ,0,0,0,0,0,0,0,0,0,-17000,0,0,0,67000,84000,-17000,-17000
06666P,台積電日盛9A售02,0,0,0,0,0,0,0,0,0,-17000,0,0,0,48000,65000,-17000,-17000
065630,台積電國票9C購09,0,0,0,0,0,0,0,0,0,-17000,0,0,0,0,17000,-17000,-17000
056212,台光電國票98購03,0,0,0,0,0,0,0,0,0,-17000,0,0,0,3000,20000,-17000,-17000
060717,康控永豐9A購01  ,0,0,0,0,0,0,0,0,0,-17000,0,0,0,211000,228000,-17000,-17000
00660,元大歐洲50      ,0,0,0,0,0,0,0,0,0,-17000,0,0,0,5000,22000,-17000,-17000
055657,超眾元富97購02  ,0,0,0,0,0,0,0,0,0,-17000,0,0,0,0,17000,-17000,-17000
058339,康友元富99購02  ,0,0,0,0,0,0,0,0,0,-17000,0,0,0,0,17000,-17000,-17000
058484,元金2X國票04購01,0,0,0,0,0,0,0,0,0,-17000,0,0,0,0,17000,-17000,-17000
059214,國巨元大99購20  ,0,0,0,0,0,0,0,0,0,-17000,0,0,0,16000,33000,-17000,-17000
061702,奇鋐國票9A購02  ,0,0,0,0,0,0,0,0,0,-17000,0,0,0,21000,38000,-17000,-17000
058985,可成凱基99購03  ,0,0,0,0,0,0,0,0,0,-17000,0,0,0,69000,86000,-17000,-17000
063715,鈺齊凱基9C購01  ,0,0,0,0,0,0,0,0,0,-17000,0,0,0,129000,146000,-17000,-17000
063796,鴻海凱基9C購02  ,0,0,0,0,0,0,0,0,0,-17000,0,0,0,27000,44000,-17000,-17000
062306,華通凱基9B購01  ,0,0,0,0,0,0,0,0,0,-17000,0,0,0,10000,27000,-17000,-17000
062481,同欣電國票9B購01,0,0,0,0,0,0,0,0,0,-17000,0,0,0,14000,31000,-17000,-17000
063012,技嘉元大9B購01  ,0,0,0,0,0,0,0,0,0,-17000,0,0,0,264000,281000,-17000,-17000
063069,道瓊銀富邦05購01,0,0,0,0,0,0,0,0,0,-17000,0,0,0,0,17000,-17000,-17000
6224,聚鼎            ,15000,34000,-19000,0,0,0,0,2000,-2000,4000,4000,0,4000,0,0,0,-17000
6192,巨路            ,68000,83000,-15000,0,0,0,0,0,0,-2000,0,2000,-2000,0,0,0,-17000
3305,昇貿            ,16000,27000,-11000,0,0,0,0,0,0,-6000,0,6000,-6000,0,0,0,-17000
2316,楠梓電          ,227000,316000,-89000,0,0,0,0,0,0,72000,141000,1000,140000,45000,113000,-68000,-17000
065766,南電元大9C購08  ,0,0,0,0,0,0,0,0,0,-18000,0,0,0,100000,118000,-18000,-18000
1454,台富            ,1000,19000,-18000,0,0,0,0,0,0,0,0,0,0,0,0,0,-18000
08514P,華新科凱基9C售05,0,0,0,0,0,0,0,0,0,-18000,0,0,0,0,18000,-18000,-18000
08526P,義隆元大9C售04  ,0,0,0,0,0,0,0,0,0,-18000,0,0,0,2000,20000,-18000,-18000
08497P,華新科國票01售02,0,0,0,0,0,0,0,0,0,-18000,0,0,0,0,18000,-18000,-18000
08202P,台表科國泰01售04,0,0,0,0,0,0,0,0,0,-18000,0,0,0,26000,44000,-18000,-18000
06902P,聯電凱基98售02  ,0,0,0,0,0,0,0,0,0,-18000,0,0,0,12000,30000,-18000,-18000
055956,瑞昱元大97購05  ,0,0,0,0,0,0,0,0,0,-18000,0,0,0,26000,44000,-18000,-18000
054587,玉晶光國泰99購01,0,0,0,0,0,0,0,0,0,-18000,0,0,0,6000,24000,-18000,-18000
06078P,臺股指凱基9A售01,0,0,0,0,0,0,0,0,0,-18000,0,0,0,0,18000,-18000,-18000
056198,台光電永豐97購02,0,0,0,0,0,0,0,0,0,-18000,0,0,0,15000,33000,-18000,-18000
056410,康控國票99購01  ,0,0,0,0,0,0,0,0,0,-18000,0,0,0,20000,38000,-18000,-18000
057745,泰鼎永豐99購01  ,0,0,0,0,0,0,0,0,0,-18000,0,0,0,356000,374000,-18000,-18000
059004,嘉晶元大99購05  ,0,0,0,0,0,0,0,0,0,-18000,0,0,0,87000,105000,-18000,-18000
059470,華新科元大99購16,0,0,0,0,0,0,0,0,0,-18000,0,0,0,4000,22000,-18000,-18000
062030,旭富群益9B購01  ,0,0,0,0,0,0,0,0,0,-18000,0,0,0,37000,55000,-18000,-18000
059987,大立光元大99購28,0,0,0,0,0,0,0,0,0,-18000,0,0,0,37000,55000,-18000,-18000
059267,群創中信01購02  ,0,0,0,0,0,0,0,0,0,-18000,0,0,0,0,18000,-18000,-18000
061272,超眾凱基9A購03  ,0,0,0,0,0,0,0,0,0,-18000,0,0,0,50000,68000,-18000,-18000
061257,上銀凱基9A購06  ,0,0,0,0,0,0,0,0,0,-18000,0,0,0,50000,68000,-18000,-18000
058707,泰鼎元大99購02  ,0,0,0,0,0,0,0,0,0,-18000,0,0,0,27000,45000,-18000,-18000
059673,玉山金元富99購01,0,0,0,0,0,0,0,0,0,-18000,0,0,0,3000,21000,-18000,-18000
062971,英業達元富9B購01,0,0,0,0,0,0,0,0,0,-18000,0,0,0,643000,661000,-18000,-18000
062469,旺宏凱基9B購05  ,0,0,0,0,0,0,0,0,0,-18000,0,0,0,50000,68000,-18000,-18000
062362,致茂元大9B購01  ,0,0,0,0,0,0,0,0,0,-18000,0,0,0,26000,44000,-18000,-18000
064110,國巨國票01購01  ,0,0,0,0,0,0,0,0,0,-18000,0,0,0,44000,62000,-18000,-18000
064059,新日興麥證01購01,0,0,0,89000,90000,-1000,0,0,0,-18000,0,0,0,89000,107000,-18000,-18000
064438,大立光凱基01購03,0,0,0,0,0,0,0,0,0,-18000,0,0,0,15000,33000,-18000,-18000
3229,晟鈦            ,0,18000,-18000,0,0,0,0,0,0,0,0,0,0,0,0,0,-18000
5533,皇鼎            ,3000,21000,-18000,0,0,0,0,0,0,0,0,0,0,0,0,0,-18000
5534,長虹            ,213000,240000,-27000,0,0,0,0,1000,-1000,10000,11000,1000,10000,0,0,0,-18000
06925P,致茂群益9A售02  ,0,0,0,0,0,0,0,0,0,-19000,0,0,0,0,19000,-19000,-19000
06867P,訊芯元大98售08  ,0,0,0,0,0,0,0,0,0,-19000,0,0,0,43000,62000,-19000,-19000
06825P,臺股指國票98售01,0,0,0,0,0,0,0,0,0,-19000,0,0,0,5000,24000,-19000,-19000
07162P,臺股指群益99售13,0,0,0,0,0,0,0,0,0,-19000,0,0,0,558000,577000,-19000,-19000
08225P,臺股指凱基9B售20,0,0,0,0,0,0,0,0,0,-19000,0,0,0,151000,170000,-19000,-19000
08577P,臺指2X中信03售01,0,0,0,0,0,0,0,0,0,-19000,0,0,0,0,19000,-19000,-19000
1734,杏輝            ,772000,791000,-19000,0,0,0,0,0,0,0,0,0,0,0,0,0,-19000
065644,義隆元大9C購08  ,0,0,0,0,0,0,0,0,0,-19000,0,0,0,187000,206000,-19000,-19000
056520,鴻海日盛99購01  ,0,0,0,0,0,0,0,0,0,-19000,0,0,0,47000,66000,-19000,-19000
057390,台表科永豐98購01,0,0,0,0,0,0,0,0,0,-19000,0,0,0,11000,30000,-19000,-19000
00700,富邦恒生國企    ,0,0,0,0,0,0,0,0,0,-19000,0,0,0,120000,139000,-19000,-19000
052775,滬深2X國票99購02,0,0,0,0,0,0,0,0,0,-19000,0,0,0,1000,20000,-19000,-19000
059662,旭富元大9C購01  ,0,0,0,0,0,0,0,0,0,-19000,0,0,0,50000,69000,-19000,-19000
058820,致茂國泰9B購01  ,0,0,0,0,0,0,0,0,0,-19000,0,0,0,0,19000,-19000,-19000
061174,鴻海凱基9A購23  ,0,0,0,0,0,0,0,0,0,-19000,0,0,0,32000,51000,-19000,-19000
059324,智易元大99購04  ,0,0,0,0,0,0,0,0,0,-19000,0,0,0,0,19000,-19000,-19000
058268,泰碩永豐9A購01  ,0,0,0,0,0,0,0,0,0,-19000,0,0,0,17000,36000,-19000,-19000
062023,寶成永豐9B購01  ,0,0,0,0,0,0,0,0,0,-19000,0,0,0,53000,72000,-19000,-19000
061931,力山國票9B購02  ,0,0,0,0,0,0,0,0,0,-19000,0,0,0,13000,32000,-19000,-19000
059047,元油2X凱基9A購10,0,0,0,0,0,0,0,0,0,-19000,0,0,0,30000,49000,-19000,-19000
061363,儒鴻國票9B購01  ,0,0,0,0,0,0,0,0,0,-19000,0,0,0,7000,26000,-19000,-19000
061349,嘉澤元大9A購02  ,0,0,0,0,0,0,0,0,0,-19000,0,0,0,36000,55000,-19000,-19000
059882,臺股指凱基9C購06,0,0,0,0,0,0,0,0,0,-19000,0,0,0,13000,32000,-19000,-19000
062373,泰鼎元大9B購01  ,0,0,0,0,0,0,0,0,0,-19000,0,0,0,462000,481000,-19000,-19000
062559,嘉晶凱基9B購02  ,0,0,0,0,0,0,0,0,0,-19000,0,0,0,36000,55000,-19000,-19000
062814,台光電兆豐9B購01,0,0,0,0,0,0,0,0,0,-19000,0,0,0,29000,48000,-19000,-19000
062917,旭富元大9C購03  ,0,0,0,0,0,0,0,0,0,-19000,0,0,0,157000,176000,-19000,-19000
063170,智邦第一9B購01  ,0,0,0,0,0,0,0,0,0,-19000,0,0,0,17000,36000,-19000,-19000
063502,南電永豐9B購02  ,0,0,0,0,0,0,0,0,0,-19000,0,0,0,5000,24000,-19000,-19000
06327P,台積電中信01售01,0,0,0,0,0,0,0,0,0,-19000,0,0,0,0,19000,-19000,-19000
5215,科嘉-KY         ,3000,32000,-29000,0,0,0,0,0,0,10000,10000,0,10000,0,0,0,-19000
3530,晶相光          ,180000,217000,-37000,0,0,0,0,0,0,18000,0,0,0,18000,0,18000,-19000
065665,鴻海凱基9C購04  ,0,0,0,0,0,0,0,0,0,-20000,0,0,0,38000,58000,-20000,-20000
065679,聯發科統一03購01,0,0,0,0,0,0,0,0,0,-20000,0,0,0,0,20000,-20000,-20000
065491,華新科國泰02購01,0,0,0,0,0,0,0,0,0,-20000,0,0,0,223000,243000,-20000,-20000
065510,鴻海群益01購04  ,0,0,0,0,0,0,0,0,0,-20000,0,0,0,0,20000,-20000,-20000
065534,台光電統一9C購02,0,0,0,0,0,0,0,0,0,-20000,0,0,0,0,20000,-20000,-20000
065462,聯發科中信03購02,0,0,0,0,0,0,0,0,0,-20000,0,0,0,10000,30000,-20000,-20000
065870,正崴群益02購01  ,0,0,0,0,0,0,0,0,0,-20000,0,0,0,0,20000,-20000,-20000
06683P,訊芯元大98售07  ,0,0,0,0,0,0,0,0,0,-20000,0,0,0,80000,100000,-20000,-20000
06718P,聯詠元大98售01  ,0,0,0,0,0,0,0,0,0,-20000,0,0,0,0,20000,-20000,-20000
06797P,臺股指凱基98售07,0,0,0,0,0,0,0,0,0,-20000,0,0,0,5000,25000,-20000,-20000
065912,瑞祺永豐9C購02  ,0,0,0,0,0,0,0,0,0,-20000,0,0,0,0,20000,-20000,-20000
065945,鴻海統一02購01  ,0,0,0,0,0,0,0,0,0,-20000,0,0,0,0,20000,-20000,-20000
065167,華通元大02購01  ,0,0,0,0,0,0,0,0,0,-20000,0,0,0,6000,26000,-20000,-20000
06479P,聯發科中信99售02,0,0,0,0,0,0,0,0,0,-20000,0,0,0,0,20000,-20000,-20000
064828,聯發科統一01購06,0,0,0,0,0,0,0,0,0,-20000,0,0,0,25000,45000,-20000,-20000
064928,同欣電統一01購02,0,0,0,0,0,0,0,0,0,-20000,0,0,0,0,20000,-20000,-20000
06491P,台積電富邦99售02,0,0,0,0,0,0,0,0,0,-20000,0,0,0,0,20000,-20000,-20000
065064,創意群益9C購02  ,0,0,0,0,0,0,0,0,0,-20000,0,0,0,0,20000,-20000,-20000
08568P,臺股指富邦9C售05,0,0,0,0,0,0,0,0,0,-20000,0,0,0,0,20000,-20000,-20000
08435P,台積電群益9C售11,0,0,0,0,0,0,0,0,0,-20000,0,0,0,0,20000,-20000,-20000
08449P,華新科群益9C售03,0,0,0,0,0,0,0,0,0,-20000,0,0,0,0,20000,-20000,-20000
08175P,金像電統一9B售02,0,0,0,0,0,0,0,0,0,-20000,0,0,0,0,20000,-20000,-20000
08181P,華新科國泰9C售02,0,0,0,0,0,0,0,0,0,-20000,0,0,0,0,20000,-20000,-20000
08292P,華新科台新9C售01,0,0,0,0,0,0,0,0,0,-20000,0,0,0,0,20000,-20000,-20000
07016P,聯發科元大99售10,0,0,0,0,0,0,0,0,0,-20000,0,0,0,10000,30000,-20000,-20000
07025P,玉晶光凱基99售01,0,0,0,0,0,0,0,0,0,-20000,0,0,0,0,20000,-20000,-20000
06935P,神達元大98售02  ,0,0,0,0,0,0,0,0,0,-20000,0,0,0,0,20000,-20000,-20000
07315P,台積電台新99售06,0,0,0,0,0,0,0,0,0,-20000,0,0,0,0,20000,-20000,-20000
07557P,玉晶光元大9A售09,0,0,0,0,0,0,0,0,0,-20000,0,0,0,0,20000,-20000,-20000
07524P,臺股指中信9B售06,0,0,0,0,0,0,0,0,0,-20000,0,0,0,0,20000,-20000,-20000
07479P,A50正2元富9A售03,0,0,0,0,0,0,0,0,0,-20000,0,0,0,0,20000,-20000,-20000
07389P,臺股指群益9C售08,0,0,0,0,0,0,0,0,0,-20000,0,0,0,22000,42000,-20000,-20000
07379P,大立光元大99售30,0,0,0,0,0,0,0,0,0,-20000,0,0,0,0,20000,-20000,-20000
07448P,台灣50元大9A售08,0,0,0,0,0,0,0,0,0,-20000,0,0,0,20000,40000,-20000,-20000
08131P,立積元大9B售02  ,0,0,0,0,0,0,0,0,0,-20000,0,0,0,0,20000,-20000,-20000
08108P,聯發科元富9B售03,0,0,0,0,0,0,0,0,0,-20000,0,0,0,0,20000,-20000,-20000
08062P,華擎國票9B售03  ,0,0,0,0,0,0,0,0,0,-20000,0,0,0,0,20000,-20000,-20000
08065P,瑞昱凱基9B售03  ,0,0,0,0,0,0,0,0,0,-20000,0,0,0,0,20000,-20000,-20000
07939P,台積電統一9B售14,0,0,0,0,0,0,0,0,0,-20000,0,0,0,0,20000,-20000,-20000
07913P,友達元大01售01  ,40000,0,40000,0,0,0,0,0,0,-60000,0,0,0,0,60000,-60000,-20000
07923P,元金2X凱基02售02,0,0,0,0,0,0,0,0,0,-20000,0,0,0,0,20000,-20000,-20000
07700P,臺股指元大9A售53,0,0,0,0,0,0,0,0,0,-20000,0,0,0,0,20000,-20000,-20000
053186,健策中信9C購01  ,0,0,0,0,0,0,0,0,0,-20000,0,0,0,10000,30000,-20000,-20000
055682,智原凱基98購02  ,0,0,0,0,0,0,0,0,0,-20000,0,0,0,40000,60000,-20000,-20000
055433,嘉聯益群益99購01,0,0,0,0,0,0,0,0,0,-20000,0,0,0,0,20000,-20000,-20000
049636,上証反凱基9A購01,0,0,0,0,0,0,0,0,0,-20000,0,0,0,0,20000,-20000,-20000
054763,宏達電國票99購01,0,0,0,0,0,0,0,0,0,-20000,0,0,0,20000,40000,-20000,-20000
054766,智原國票98購01  ,0,0,0,0,0,0,0,0,0,-20000,0,0,0,0,20000,-20000,-20000
054791,泰碩群益99購02  ,0,0,0,0,0,0,0,0,0,-20000,0,0,0,51000,71000,-20000,-20000
055080,正崴中信99購01  ,0,0,0,0,0,0,0,0,0,-20000,0,0,0,0,20000,-20000,-20000
054214,京鼎國票97購02  ,0,0,0,0,0,0,0,0,0,-20000,0,0,0,0,20000,-20000,-20000
054312,TPK凱基98購01   ,0,0,0,0,0,0,0,0,0,-20000,0,0,0,30000,50000,-20000,-20000
054376,聯茂中信97購01  ,0,0,0,0,0,0,0,0,0,-20000,0,0,0,0,20000,-20000,-20000
054158,國巨日盛99購01  ,0,0,0,0,0,0,0,0,0,-20000,0,0,0,0,20000,-20000,-20000
056986,超眾群益98購03  ,0,0,0,0,0,0,0,0,0,-20000,0,0,0,0,20000,-20000,-20000
056253,京鼎兆豐98購01  ,0,0,0,0,0,0,0,0,0,-20000,0,0,0,10000,30000,-20000,-20000
057304,為升兆豐99購02  ,0,0,0,0,0,0,0,0,0,-20000,0,0,0,0,20000,-20000,-20000
05730P,臺股指凱基97售03,0,0,0,0,0,0,0,0,0,-20000,0,0,0,0,20000,-20000,-20000
056512,易華電永豐98購01,0,0,0,0,0,0,0,0,0,-20000,0,0,0,0,20000,-20000,-20000
056475,宏達電元大99購02,0,0,0,0,0,0,0,0,0,-20000,0,0,0,600000,620000,-20000,-20000
056457,嘉澤凱基98購01  ,0,0,0,0,0,0,0,0,0,-20000,0,0,0,0,20000,-20000,-20000
056454,欣興凱基98購02  ,0,0,0,0,0,0,0,0,0,-20000,0,0,0,0,20000,-20000,-20000
057151,易華電國票99購01,0,0,0,0,0,0,0,0,0,-20000,0,0,0,35000,55000,-20000,-20000
056623,禾伸堂永豐98購01,0,0,0,0,0,0,0,0,0,-20000,0,0,0,10000,30000,-20000,-20000
056707,鴻海富邦99購03  ,0,0,0,0,0,0,0,0,0,-20000,0,0,0,49000,69000,-20000,-20000
057784,台積電國票9B購01,0,0,0,0,0,0,0,0,0,-20000,0,0,0,0,20000,-20000,-20000
058042,鴻海元大98購12  ,0,0,0,0,0,0,0,0,0,-20000,0,0,0,22000,42000,-20000,-20000
059885,台積電國票99購12,0,0,0,0,0,0,0,0,0,-20000,0,0,0,1000,21000,-20000,-20000
059869,友達凱基99購07  ,0,0,0,0,0,0,0,0,0,-20000,0,0,0,0,20000,-20000,-20000
061450,嘉晶中信9A購01  ,0,0,0,0,0,0,0,0,0,-20000,0,0,0,0,20000,-20000,-20000
059048,元油2X凱基9A購11,0,0,0,0,0,0,0,0,0,-20000,0,0,0,0,20000,-20000,-20000
059020,元油2X統一9B購02,0,0,0,0,0,0,0,0,0,-20000,0,0,0,0,20000,-20000,-20000
059480,美律群益9A購01  ,0,0,0,0,0,0,0,0,0,-20000,0,0,0,80000,100000,-20000,-20000
061468,神達群益9A購01  ,0,0,0,0,0,0,0,0,0,-20000,0,0,0,41000,61000,-20000,-20000
060190,國泰金元富9A購01,0,0,0,0,0,0,0,0,0,-20000,0,0,0,5000,25000,-20000,-20000
059929,華新科富邦9C購03,0,0,0,0,0,0,0,0,0,-20000,0,0,0,0,20000,-20000,-20000
059924,世紀鋼元大99購06,0,0,0,0,0,0,0,0,0,-20000,0,0,0,0,20000,-20000,-20000
062143,大成鋼國票9B購01,0,0,0,0,0,0,0,0,0,-20000,0,0,0,0,20000,-20000,-20000
062084,台郡元大9B購04  ,0,0,0,0,0,0,0,0,0,-20000,0,0,0,0,20000,-20000,-20000
058144,聯茂元大99購02  ,0,0,0,0,0,0,0,0,0,-20000,0,0,0,68000,88000,-20000,-20000
058175,旺宏凱基99購03  ,0,0,0,0,0,0,0,0,0,-20000,0,0,0,0,20000,-20000,-20000
058675,康控群益9B購01  ,0,0,0,0,0,0,0,0,0,-20000,0,0,0,20000,40000,-20000,-20000
058662,禾伸堂兆豐99購01,0,0,0,0,0,0,0,0,0,-20000,0,0,0,0,20000,-20000,-20000
058598,T50反1元大99購04,0,0,0,0,0,0,0,0,0,-20000,0,0,0,80000,100000,-20000,-20000
059262,致茂中信01購01  ,0,0,0,0,0,0,0,0,0,-20000,0,0,0,0,20000,-20000,-20000
059791,超眾元大99購06  ,0,0,0,0,0,0,0,0,0,-20000,0,0,0,55000,75000,-20000,-20000
058865,群創凱基01購01  ,0,0,0,0,0,0,0,0,0,-20000,0,0,0,9000,29000,-20000,-20000
058910,泰鼎元大99購03  ,0,0,0,0,0,0,0,0,0,-20000,0,0,0,22000,42000,-20000,-20000
060528,友達中信9C購01  ,0,0,0,0,0,0,0,0,0,-20000,0,0,0,0,20000,-20000,-20000
06105P,國巨國票98售02  ,0,0,0,0,0,0,0,0,0,-20000,0,0,0,103000,123000,-20000,-20000
061056,臺指反國票02購01,0,0,0,0,0,0,0,0,0,-20000,0,0,0,0,20000,-20000,-20000
059635,華新科凱基9A購06,0,0,0,0,0,0,0,0,0,-20000,0,0,0,0,20000,-20000,-20000
058742,鴻海康和99購01  ,0,0,0,0,0,0,0,0,0,-20000,0,0,0,11000,31000,-20000,-20000
059512,晶豪科永豐99購02,0,0,0,0,0,0,0,0,0,-20000,0,0,0,0,20000,-20000,-20000
060906,旺宏元大9A購07  ,0,0,0,0,0,0,0,0,0,-20000,0,0,0,52000,72000,-20000,-20000
060928,明泰永豐9A購01  ,0,0,0,0,0,0,0,0,0,-20000,0,0,0,10000,30000,-20000,-20000
063498,金像電永豐9B購02,0,0,0,0,0,0,0,0,0,-20000,0,0,0,0,20000,-20000,-20000
063530,同欣電凱基9C購02,0,0,0,0,0,0,0,0,0,-20000,0,0,0,0,20000,-20000,-20000
063164,聯發科永豐9B購03,0,0,0,0,0,0,0,0,0,-20000,0,0,0,0,20000,-20000,-20000
063066,同欣電麥證9B購01,0,0,0,0,20000,-20000,0,0,0,-20000,0,0,0,0,20000,-20000,-20000
062865,臺股指國票9B購22,0,0,0,0,0,0,0,0,0,-20000,0,0,0,10000,30000,-20000,-20000
062736,漢唐國票9B購01  ,0,0,0,0,0,0,0,0,0,-20000,0,0,0,8000,28000,-20000,-20000
062729,神達凱基9B購02  ,0,0,0,0,0,0,0,0,0,-20000,0,0,0,154000,174000,-20000,-20000
062473,同欣電凱基9B購01,0,0,0,0,0,0,0,0,0,-20000,0,0,0,20000,40000,-20000,-20000
062287,康友群益9B購02  ,0,0,0,0,0,0,0,0,0,-20000,0,0,0,8000,28000,-20000,-20000
062221,奇力新統一01購01,0,0,0,0,0,0,0,0,0,-20000,0,0,0,0,20000,-20000,-20000
06443P,台積電凱基99售01,0,0,0,0,0,0,0,0,0,-20000,0,0,0,0,20000,-20000,-20000
064214,群創凱基03購01  ,0,0,0,0,0,0,0,0,0,-20000,0,0,0,16000,36000,-20000,-20000
064281,大立光元大9C購12,0,0,0,0,0,0,0,0,0,-20000,0,0,0,1000,21000,-20000,-20000
064592,同欣電永豐9C購01,0,0,0,0,0,0,0,0,0,-20000,0,0,0,0,20000,-20000,-20000
064624,群創元大02購01  ,0,0,0,0,0,0,0,0,0,-20000,0,0,0,82000,102000,-20000,-20000
064515,中橡群益9C購01  ,0,0,0,0,0,0,0,0,0,-20000,0,0,0,0,20000,-20000,-20000
063677,台光電國泰9C購02,0,0,0,0,0,0,0,0,0,-20000,0,0,0,0,20000,-20000,-20000
063651,金像電台新9B購01,0,0,0,0,0,0,0,0,0,-20000,0,0,0,0,20000,-20000,-20000
063621,華新科兆豐9B購02,0,0,0,0,0,0,0,0,0,-20000,0,0,0,0,20000,-20000,-20000
6670,復盛應用        ,28000,49000,-21000,0,0,0,0,0,0,1000,5000,2000,3000,0,2000,-2000,-20000
07709P,創意元大9A售01  ,0,0,0,0,0,0,0,0,0,-21000,0,0,0,0,21000,-21000,-21000
07838P,泰碩元大9A售04  ,0,0,0,0,0,0,0,0,0,-21000,0,0,0,0,21000,-21000,-21000
08178P,南亞科元大9B售01,0,0,0,0,0,0,0,0,0,-21000,0,0,0,9000,30000,-21000,-21000
08492P,大立光元大9C售22,0,0,0,0,0,0,0,0,0,-21000,0,0,0,0,21000,-21000,-21000
1558,伸興            ,12000,33000,-21000,0,0,0,0,1000,-1000,1000,1000,0,1000,0,0,0,-21000
2020,美亞            ,40000,68000,-28000,0,0,0,15000,0,15000,-8000,0,8000,-8000,0,0,0,-21000
065678,聯發科統一01購07,0,0,0,0,0,0,0,0,0,-21000,0,0,0,0,21000,-21000,-21000
058046,國巨元大9A購01  ,0,0,0,0,0,0,0,0,0,-21000,0,0,0,0,21000,-21000,-21000
057517,矽創元富98購02  ,0,0,0,0,0,0,0,0,0,-21000,0,0,0,0,21000,-21000,-21000
060719,瀚宇博永豐9A購01,0,0,0,0,0,0,0,0,0,-21000,0,0,0,0,21000,-21000,-21000
054479,緯創中信98購01  ,0,0,0,0,0,0,0,0,0,-21000,0,0,0,20000,41000,-21000,-21000
059580,大立光元富99購07,0,0,0,0,0,0,0,0,0,-21000,0,0,0,62000,83000,-21000,-21000
061542,旺宏群益9A購04  ,0,0,0,0,0,0,0,0,0,-21000,0,0,0,20000,41000,-21000,-21000
058892,元油2X元大9C購08,0,0,0,0,0,0,0,0,0,-21000,0,0,0,0,21000,-21000,-21000
058611,欣興元大99購06  ,0,0,0,0,0,0,0,0,0,-21000,0,0,0,13000,34000,-21000,-21000
058431,國巨統一9B購01  ,0,0,0,0,0,0,0,0,0,-21000,0,0,0,418000,439000,-21000,-21000
058099,鴻海國泰9A購02  ,0,0,0,0,0,0,0,0,0,-21000,0,0,0,0,21000,-21000,-21000
062061,台勝科統一01購01,0,0,0,0,0,0,0,0,0,-21000,0,0,0,20000,41000,-21000,-21000
063892,旺宏群益01購01  ,0,0,0,0,0,0,0,0,0,-21000,0,0,0,10000,31000,-21000,-21000
062445,大立光元大9C購02,0,0,0,0,0,0,0,0,0,-21000,0,0,0,0,21000,-21000,-21000
062623,元金2X國票01購01,0,0,0,0,0,0,0,0,0,-21000,0,0,0,3000,24000,-21000,-21000
063042,同欣電凱基9C購01,0,0,0,0,0,0,0,0,0,-21000,0,0,0,0,21000,-21000,-21000
063274,鈺齊兆豐9B購01  ,0,0,0,0,0,0,0,0,0,-21000,0,0,0,84000,105000,-21000,-21000
06333P,臺股指群益9C售02,0,0,0,0,0,0,0,0,0,-21000,0,0,0,26000,47000,-21000,-21000
065685,同欣電統一01購04,0,0,0,0,0,0,0,0,0,-22000,0,0,0,59000,81000,-22000,-22000
065552,聯發科凱基9C購12,0,0,0,0,0,0,0,0,0,-22000,0,0,0,10000,32000,-22000,-22000
06706P,智原台新98售02  ,0,0,0,0,0,0,0,0,0,-22000,0,0,0,20000,42000,-22000,-22000
065801,瑞昱群益9C購04  ,0,0,0,0,0,0,0,0,0,-22000,0,0,0,33000,55000,-22000,-22000
065304,台勝科元富03購01,0,0,0,0,0,0,0,0,0,-22000,0,0,0,98000,120000,-22000,-22000
2023,燁輝            ,117000,134000,-17000,0,0,0,0,0,0,-5000,0,5000,-5000,0,0,0,-22000
08557P,臺股指中信01售09,0,0,0,0,0,0,0,0,0,-22000,0,0,0,0,22000,-22000,-22000
07814P,華通群益9A售06  ,0,0,0,0,0,0,0,0,0,-22000,0,0,0,0,22000,-22000,-22000
08054P,臺股指國票9B售19,0,0,0,0,0,0,0,0,0,-22000,0,0,0,45000,67000,-22000,-22000
07392P,台積電國泰02售01,0,0,0,0,0,0,0,0,0,-22000,0,0,0,0,22000,-22000,-22000
07536P,華新科元富9A售04,0,0,0,0,0,0,0,0,0,-22000,0,0,0,3000,25000,-22000,-22000
07333P,台灣50國票9B售03,0,0,0,0,0,0,0,0,0,-22000,0,0,0,0,22000,-22000,-22000
07229P,T50正2群益9A售01,0,0,0,0,0,0,0,0,0,-22000,0,0,0,0,22000,-22000,-22000
07009P,臺股指中信9B售01,0,0,0,0,0,0,0,0,0,-22000,0,0,0,91000,113000,-22000,-22000
057834,聯發科元富02購07,0,0,0,0,0,0,0,0,0,-22000,0,0,0,0,22000,-22000,-22000
057869,大立光凱基99購01,0,0,0,0,0,0,0,0,0,-22000,0,0,0,0,22000,-22000,-22000
060651,瑞儀中信9B購01  ,0,0,0,0,0,0,0,0,0,-22000,0,0,0,22000,44000,-22000,-22000
061916,元金2X凱基02購01,0,0,0,0,0,0,0,0,0,-22000,0,0,0,20000,42000,-22000,-22000
059952,旺宏康和99購01  ,0,0,0,0,0,0,0,0,0,-22000,0,0,0,84000,106000,-22000,-22000
060326,群光群益9A購01  ,0,0,0,0,0,0,0,0,0,-22000,0,0,0,50000,72000,-22000,-22000
058990,GIS凱基99購02   ,0,0,0,0,0,0,0,0,0,-22000,0,0,0,18000,40000,-22000,-22000
058835,元油2X中信9C購02,0,0,0,0,0,0,0,0,0,-22000,0,0,0,0,22000,-22000,-22000
058693,旭富國票9A購01  ,0,0,0,0,0,0,0,0,0,-22000,0,0,0,28000,50000,-22000,-22000
063270,喬山兆豐9C購01  ,0,0,0,0,0,0,0,0,0,-22000,0,0,0,92000,114000,-22000,-22000
063552,晶技國票9B購03  ,0,0,0,0,0,0,0,0,0,-22000,0,0,0,0,22000,-22000,-22000
062455,鴻海群益9C購01  ,0,0,0,0,0,0,0,0,0,-22000,0,0,0,36000,58000,-22000,-22000
062479,TPK國票9B購01   ,0,0,0,0,0,0,0,0,0,-22000,0,0,0,16000,38000,-22000,-22000
064545,智邦凱基9C購02  ,0,0,0,0,0,0,0,0,0,-22000,0,0,0,70000,92000,-22000,-22000
06445P,大立光凱基98售09,0,0,0,0,0,0,0,0,0,-22000,0,0,0,10000,32000,-22000,-22000
6668,中揚光          ,40000,62000,-22000,0,0,0,0,0,0,0,0,0,0,0,0,0,-22000
06954P,大立光元富99售01,0,0,0,0,0,0,0,0,0,-23000,0,0,0,90000,113000,-23000,-23000
07459P,緯穎元大9A售01  ,0,0,0,0,0,0,0,0,0,-23000,0,0,0,2000,25000,-23000,-23000
07877P,晶技永豐9B售01  ,0,0,0,0,0,0,0,0,0,-23000,0,0,0,0,23000,-23000,-23000
08342P,健策永豐9C售01  ,0,0,0,0,0,0,0,0,0,-23000,0,0,0,0,23000,-23000,-23000
1810,和成            ,6000,29000,-23000,0,0,0,0,0,0,0,0,0,0,0,0,0,-23000
1315,達新            ,28000,50000,-22000,0,0,0,2000,0,2000,-3000,0,0,0,2000,5000,-3000,-23000
1338,廣華-KY         ,59000,82000,-23000,0,0,0,0,0,0,0,0,0,0,0,0,0,-23000
064991,友達兆豐9C購01  ,0,0,0,0,0,0,0,0,0,-23000,0,0,0,0,23000,-23000,-23000
06593P,欣興元大98售05  ,0,0,0,0,0,0,0,0,0,-23000,0,0,0,87000,110000,-23000,-23000
065544,和大兆豐01購01  ,0,0,0,0,0,0,0,0,0,-23000,0,0,0,0,23000,-23000,-23000
065512,友訊群益01購01  ,0,0,0,0,0,0,0,0,0,-23000,0,0,0,70000,93000,-23000,-23000
065697,旺宏群益9C購07  ,0,0,0,0,0,0,0,0,0,-23000,0,0,0,20000,43000,-23000,-23000
061101,道瓊銀元大9A購02,0,0,0,0,0,0,0,0,0,-23000,0,0,0,27000,50000,-23000,-23000
056435,台積電凱基98購09,0,0,0,0,0,0,0,0,0,-23000,0,0,0,0,23000,-23000,-23000
056511,超眾永豐98購01  ,0,0,0,0,0,0,0,0,0,-23000,0,0,0,0,23000,-23000,-23000
056969,智易永豐98購01  ,0,0,0,0,0,0,0,0,0,-23000,0,0,0,22000,45000,-23000,-23000
049591,開發金元大98購01,0,0,0,0,0,0,0,0,0,-23000,0,0,0,2000,25000,-23000,-23000
051277,聯發科中信9A購01,0,0,0,0,0,0,0,0,0,-23000,0,0,0,10000,33000,-23000,-23000
060385,台勝科凱基9A購01,0,0,0,0,0,0,0,0,0,-23000,0,0,0,48000,71000,-23000,-23000
061237,晶技元大9A購01  ,0,0,0,0,0,0,0,0,0,-23000,0,0,0,171000,194000,-23000,-23000
058314,欣興富邦9B購01  ,0,0,0,0,0,0,0,0,0,-23000,0,0,0,0,23000,-23000,-23000
059072,元油2X元大9C購13,0,0,0,0,0,0,0,0,0,-23000,0,0,0,0,23000,-23000,-23000
060336,南電康和9A購01  ,0,0,0,0,0,0,0,0,0,-23000,0,0,0,15000,38000,-23000,-23000
061909,台積電中信05購02,0,0,0,0,0,0,0,0,0,-23000,0,0,0,0,23000,-23000,-23000
061897,泰碩永豐9B購01  ,0,0,0,0,0,0,0,0,0,-23000,0,0,0,0,23000,-23000,-23000
064328,華通元大9C購04  ,0,0,0,0,0,0,0,0,0,-23000,0,0,0,39000,62000,-23000,-23000
062560,奇鋐凱基9B購02  ,0,0,0,0,0,0,0,0,0,-23000,0,0,0,169000,192000,-23000,-23000
063283,華新科元大9C購03,0,0,0,0,0,0,0,0,0,-23000,0,0,0,2000,25000,-23000,-23000
063029,喬山凱基9B購01  ,0,0,0,0,0,0,0,0,0,-23000,0,0,0,87000,110000,-23000,-23000
065490,國巨國泰02購02  ,0,0,0,0,0,0,0,0,0,-24000,0,0,0,124000,148000,-24000,-24000
065530,亞德客統一9C購02,0,0,0,0,0,0,0,0,0,-24000,0,0,0,77000,101000,-24000,-24000
065973,嘉晶元大01購03  ,0,0,0,0,0,0,0,0,0,-24000,0,0,0,0,24000,-24000,-24000
065978,臻鼎元大02購01  ,0,0,0,0,0,0,0,0,0,-24000,0,0,0,0,24000,-24000,-24000
06691P,臺股指群益9C售05,0,0,0,0,0,0,0,0,0,-24000,0,0,0,0,24000,-24000,-24000
065856,中租元大9C購03  ,0,0,0,0,0,0,0,0,0,-24000,0,0,0,60000,84000,-24000,-24000
064858,鴻海富邦01購01  ,0,0,0,0,0,0,0,0,0,-24000,0,0,0,48000,72000,-24000,-24000
08385P,臺股指群益9C售13,0,0,0,0,0,0,0,0,0,-24000,0,0,0,0,24000,-24000,-24000
08397P,國巨元富9C售04  ,0,0,0,0,0,0,0,0,0,-24000,0,0,0,0,24000,-24000,-24000
07751P,世紀鋼凱基9A售02,0,0,0,0,0,0,0,0,0,-24000,0,0,0,0,24000,-24000,-24000
07789P,緯穎群益9A售03  ,0,0,0,0,0,0,0,0,0,-24000,0,0,0,2000,26000,-24000,-24000
046905,新光金凱基99購01,0,0,0,0,0,0,0,0,0,-24000,0,0,0,0,24000,-24000,-24000
055623,貿聯國泰99購01  ,0,0,0,0,0,0,0,0,0,-24000,0,0,0,13000,37000,-24000,-24000
054258,牧德元大97購01  ,0,0,0,0,0,0,0,0,0,-24000,0,0,0,27000,51000,-24000,-24000
054530,台光電國泰97購03,0,0,0,0,0,0,0,0,0,-24000,0,0,0,0,24000,-24000,-24000
061366,台勝科國票9A購01,0,0,0,0,0,0,0,0,0,-24000,0,0,0,43000,67000,-24000,-24000
059252,聯詠凱基99購03  ,0,0,0,0,0,0,0,0,0,-24000,0,0,0,1000,25000,-24000,-24000
06125P,楠梓電元富99售01,0,0,0,0,0,0,0,0,0,-24000,0,0,0,0,24000,-24000,-24000
059619,台積電日盛9A購04,0,0,0,0,0,0,0,0,0,-24000,0,0,0,0,24000,-24000,-24000
062509,SP黃豆國票9B購03,0,0,0,0,0,0,0,0,0,-24000,0,0,0,71000,95000,-24000,-24000
062229,南六統一9B購01  ,0,0,0,0,0,0,0,0,0,-24000,0,0,0,1000,25000,-24000,-24000
064467,南亞科元富9C購02,0,0,0,0,0,0,0,0,0,-24000,0,0,0,60000,84000,-24000,-24000
064617,台光電元大01購01,0,0,0,0,0,0,0,0,0,-24000,0,0,0,323000,347000,-24000,-24000
063591,麗豐永豐9B購02  ,0,0,0,0,0,0,0,0,0,-24000,0,0,0,0,24000,-24000,-24000
063799,華邦電凱基9C購02,0,0,0,0,0,0,0,0,0,-24000,0,0,0,186000,210000,-24000,-24000
063847,聯發科元大9C購03,0,0,0,0,0,0,0,0,0,-24000,0,0,0,0,24000,-24000,-24000
4725,信昌化          ,0,24000,-24000,0,0,0,0,0,0,0,0,0,0,0,0,0,-24000
5608,四維航          ,88000,112000,-24000,0,0,0,0,0,0,0,0,0,0,0,0,0,-24000
07903P,台積電群益9B售03,0,0,0,0,0,0,0,0,0,-25000,0,0,0,0,25000,-25000,-25000
07986P,大成鋼統一9B售02,0,0,0,0,0,0,0,0,0,-25000,0,0,0,1000,26000,-25000,-25000
07535P,上銀元富9A售03  ,0,0,0,0,0,0,0,0,0,-25000,0,0,0,0,25000,-25000,-25000
06970P,旺宏元大99售08  ,0,0,0,0,0,0,0,0,0,-25000,0,0,0,65000,90000,-25000,-25000
07031P,台灣50中信03售02,0,0,0,0,0,0,0,0,0,-25000,0,0,0,0,25000,-25000,-25000
08648P,健策凱基9C售05  ,0,0,0,0,0,0,0,0,0,-25000,0,0,0,30000,55000,-25000,-25000
054673,京鼎國泰98購01  ,0,0,0,0,0,0,0,0,0,-25000,0,0,0,0,25000,-25000,-25000
055105,鴻海凱基98購05  ,0,0,0,0,0,0,0,0,0,-25000,0,0,0,0,25000,-25000,-25000
053805,奇鋐凱基98購02  ,0,0,0,0,0,0,0,0,0,-25000,0,0,0,0,25000,-25000,-25000
055399,超眾統一99購01  ,0,0,0,0,0,0,0,0,0,-25000,0,0,0,0,25000,-25000,-25000
00706L,元大S&P日圓正2  ,0,0,0,0,0,0,0,0,0,-25000,0,0,0,0,25000,-25000,-25000
056178,嘉澤元富97購02  ,0,0,0,0,0,0,0,0,0,-25000,0,0,0,115000,140000,-25000,-25000
057121,立積康和98購01  ,0,0,0,0,0,0,0,0,0,-25000,0,0,0,0,25000,-25000,-25000
056700,華新科國泰99購03,0,0,0,0,0,0,0,0,0,-25000,0,0,0,0,25000,-25000,-25000
056369,彩晶元大01購01  ,0,0,0,0,0,0,0,0,0,-25000,0,0,0,0,25000,-25000,-25000
060819,國巨統一9C購04  ,0,0,0,0,0,0,0,0,0,-25000,0,0,0,0,25000,-25000,-25000
056214,義隆國票99購01  ,0,0,0,0,0,0,0,0,0,-25000,0,0,0,63000,88000,-25000,-25000
059528,華新科凱基99購06,0,0,0,0,0,0,0,0,0,-25000,0,0,0,0,25000,-25000,-25000
058781,康友國票9A購01  ,0,0,0,0,0,0,0,0,0,-25000,0,0,0,35000,60000,-25000,-25000
058671,旺宏群益9A購01  ,0,0,0,0,0,0,0,0,0,-25000,0,0,0,5000,30000,-25000,-25000
058592,聯發科統一9C購01,0,0,0,0,0,0,0,0,0,-25000,0,0,0,0,25000,-25000,-25000
061447,鴻海中信04購02  ,0,0,0,0,0,0,0,0,0,-25000,0,0,0,12000,37000,-25000,-25000
060204,矽創元富9A購01  ,0,0,0,0,0,0,0,0,0,-25000,0,0,0,0,25000,-25000,-25000
058127,FBVIX元大9C購01 ,0,0,0,0,0,0,0,0,0,-25000,0,0,0,0,25000,-25000,-25000
058950,國巨群益99購06  ,0,0,0,0,0,0,0,0,0,-25000,0,0,0,27000,52000,-25000,-25000
061788,信邦群益9B購01  ,0,0,0,0,0,0,0,0,0,-25000,0,0,0,30000,55000,-25000,-25000
061892,亞德客永豐9B購01,0,0,0,0,0,0,0,0,0,-25000,0,0,0,0,25000,-25000,-25000
064046,聯發科統一9C購12,0,0,0,0,0,0,0,0,0,-25000,0,0,0,0,25000,-25000,-25000
064394,全新永豐9C購02  ,0,0,0,0,0,0,0,0,0,-25000,0,0,0,125000,150000,-25000,-25000
06260P,臺股指群益97售13,0,0,0,0,0,0,0,0,0,-25000,0,0,0,6000,31000,-25000,-25000
4976,佳凌            ,62000,87000,-25000,0,0,0,0,0,0,0,0,0,0,0,0,0,-25000
3016,嘉晶            ,393000,352000,41000,0,0,0,0,0,0,-66000,5000,63000,-58000,68000,76000,-8000,-25000
08213P,台光電統一9B售03,0,0,0,0,0,0,0,0,0,-26000,0,0,0,20000,46000,-26000,-26000
07021P,台積電富邦9C售02,0,0,0,0,0,0,0,0,0,-26000,0,0,0,1578000,1604000,-26000,-26000
065235,旭富凱基02購01  ,0,0,0,0,0,0,0,0,0,-26000,0,0,0,309000,335000,-26000,-26000
06687P,A50正2中信9A售01,0,0,0,0,0,0,0,0,0,-26000,0,0,0,10000,36000,-26000,-26000
060688,世紀鋼元大9C購01,0,0,0,0,0,0,0,0,0,-26000,0,0,0,0,26000,-26000,-26000
056685,光罩統一98購03  ,0,0,0,0,0,0,0,0,0,-26000,0,0,0,0,26000,-26000,-26000
057431,京鼎兆豐98購02  ,0,0,0,0,0,0,0,0,0,-26000,0,0,0,24000,50000,-26000,-26000
053818,富邦金群益98購01,0,0,0,0,0,0,0,0,0,-26000,0,0,0,21000,47000,-26000,-26000
057926,帆宣凱基98購02  ,0,0,0,0,0,0,0,0,0,-26000,0,0,0,30000,56000,-26000,-26000
057977,台光電永豐98購02,0,0,0,0,0,0,0,0,0,-26000,0,0,0,20000,46000,-26000,-26000
061421,台積電元大9A購29,0,0,0,0,0,0,0,0,0,-26000,0,0,0,0,26000,-26000,-26000
061230,臺指反元大01購04,0,0,0,0,0,0,0,0,0,-26000,0,0,0,0,26000,-26000,-26000
062763,華擎凱基9C購02  ,0,0,0,0,0,0,0,0,0,-26000,0,0,0,40000,66000,-26000,-26000
062316,康控凱基9B購03  ,0,0,0,0,0,0,0,0,0,-26000,0,0,0,87000,113000,-26000,-26000
062414,臻鼎中信01購01  ,0,0,0,0,0,0,0,0,0,-26000,0,0,0,20000,46000,-26000,-26000
063298,統一凱基9B購01  ,0,0,0,0,0,0,0,0,0,-26000,0,0,0,1000,27000,-26000,-26000
063551,美食國票9B購02  ,0,0,0,0,0,0,0,0,0,-26000,0,0,0,35000,61000,-26000,-26000
063544,華新科台新9B購02,0,0,0,0,0,0,0,0,0,-26000,0,0,0,23000,49000,-26000,-26000
064488,台達電元大9C購01,0,0,0,0,0,0,0,0,0,-26000,0,0,0,30000,56000,-26000,-26000
064694,玉晶光群益02購02,0,0,0,0,0,0,0,0,0,-26000,0,0,0,18000,44000,-26000,-26000
063837,亞德客元大01購01,0,0,0,0,0,0,0,0,0,-26000,0,0,0,0,26000,-26000,-26000
063752,瑞祺國票9C購01  ,0,0,0,0,0,0,0,0,0,-26000,0,0,0,57000,83000,-26000,-26000
065828,大立光凱基06購01,0,0,0,0,0,0,0,0,0,-27000,0,0,0,0,27000,-27000,-27000
065549,智邦凱基9C購03  ,0,0,0,0,0,0,0,0,0,-27000,0,0,0,135000,162000,-27000,-27000
065479,新日興元大9C購05,0,0,0,0,0,0,0,0,0,-27000,0,0,0,228000,255000,-27000,-27000
06847P,奇力新元大98售05,0,0,0,0,0,0,0,0,0,-27000,0,0,0,0,27000,-27000,-27000
056905,欣興元大98購03  ,0,0,0,0,0,0,0,0,0,-27000,0,0,0,13000,40000,-27000,-27000
052738,聯電元大98購02  ,0,0,0,0,0,0,0,0,0,-27000,0,0,0,73000,100000,-27000,-27000
059292,華新科元富9B購02,0,0,0,0,0,0,0,0,0,-27000,0,0,0,0,27000,-27000,-27000
059097,世紀鋼元大99購05,0,0,0,0,0,0,0,0,0,-27000,0,0,0,0,27000,-27000,-27000
061580,華擎元大9A購06  ,0,0,0,0,0,0,0,0,0,-27000,0,0,0,78000,105000,-27000,-27000
060477,和潤元大9A購01  ,0,0,0,0,0,0,0,0,0,-27000,0,0,0,45000,72000,-27000,-27000
060596,元黃金凱基9A購02,0,0,0,0,0,0,0,0,0,-27000,0,0,0,181000,208000,-27000,-27000
061396,台灣50台新9C購03,0,0,0,0,0,0,0,0,0,-27000,0,0,0,0,27000,-27000,-27000
061613,南六統一9C購01  ,0,0,0,0,0,0,0,0,0,-27000,0,0,0,0,27000,-27000,-27000
061626,超眾群益9A購02  ,0,0,0,0,0,0,0,0,0,-27000,0,0,0,12000,39000,-27000,-27000
063723,儒鴻元大9B購04  ,0,0,0,0,0,0,0,0,0,-27000,0,0,0,106000,133000,-27000,-27000
063665,南亞科統一01購02,0,0,0,0,0,0,0,0,0,-27000,0,0,0,106000,133000,-27000,-27000
064114,南茂國票01購01  ,0,0,0,0,0,0,0,0,0,-27000,0,0,0,0,27000,-27000,-27000
064413,世紀鋼凱基02購01,0,0,0,0,0,0,0,0,0,-27000,0,0,0,0,27000,-27000,-27000
063326,正隆國票9B購01  ,0,0,0,0,0,0,0,0,0,-27000,0,0,0,19000,46000,-27000,-27000
063041,貿聯凱基9B購01  ,0,0,0,0,0,0,0,0,0,-27000,0,0,0,68000,95000,-27000,-27000
063135,國巨統一9B購16  ,0,0,0,0,0,0,0,0,0,-27000,0,0,0,13000,40000,-27000,-27000
062771,臺股指凱基9B購15,0,0,0,0,0,0,0,0,0,-27000,0,0,0,4000,31000,-27000,-27000
9103,美德醫療-DR     ,167000,194000,-27000,0,0,0,0,0,0,0,0,0,0,0,0,0,-27000
08224P,臺股指凱基9B售19,0,0,0,0,0,0,0,0,0,-28000,0,0,0,46000,74000,-28000,-28000
08364P,聯發科凱基02售02,0,0,0,0,0,0,0,0,0,-28000,0,0,0,70000,98000,-28000,-28000
065397,宏達電群益9C購03,0,0,0,0,0,0,0,0,0,-28000,0,0,0,36000,64000,-28000,-28000
065770,元黃金國票01購01,0,0,0,0,0,0,0,0,0,-28000,0,0,0,0,28000,-28000,-28000
065743,宏達電麥證9C購02,0,0,0,25000,53000,-28000,0,0,0,-28000,0,0,0,25000,53000,-28000,-28000
065293,玉晶光群益01購07,0,0,0,0,0,0,0,0,0,-28000,0,0,0,60000,88000,-28000,-28000
065007,群創國票01購01  ,0,0,0,0,0,0,0,0,0,-28000,0,0,0,0,28000,-28000,-28000
065074,亞德客元大9C購03,0,0,0,0,0,0,0,0,0,-28000,0,0,0,0,28000,-28000,-28000
056659,泰碩元大99購01  ,0,0,0,0,0,0,0,0,0,-28000,0,0,0,100000,128000,-28000,-28000
060705,台光電富邦9B購01,0,0,0,0,0,0,0,0,0,-28000,0,0,0,2000,30000,-28000,-28000
059062,群創凱基99購05  ,0,0,0,0,0,0,0,0,0,-28000,0,0,0,14000,42000,-28000,-28000
060548,友達凱基9B購03  ,0,0,0,0,0,0,0,0,0,-28000,0,0,0,0,28000,-28000,-28000
061581,貿聯元大9A購05  ,0,0,0,0,0,0,0,0,0,-28000,0,0,0,161000,189000,-28000,-28000
061531,奇鋐台新9A購01  ,0,0,0,0,0,0,0,0,0,-28000,0,0,0,73000,101000,-28000,-28000
058323,泰鼎永豐9A購01  ,0,0,0,0,0,0,0,0,0,-28000,0,0,0,279000,307000,-28000,-28000
058344,旺宏群益99購05  ,0,0,0,0,0,0,0,0,0,-28000,0,0,0,12000,40000,-28000,-28000
062666,和碩群益9B購01  ,0,0,0,0,0,0,0,0,0,-28000,0,0,0,34000,62000,-28000,-28000
062432,上銀元大9B購04  ,0,0,0,0,0,0,0,0,0,-28000,0,0,0,10000,38000,-28000,-28000
064687,國巨群益9C購10  ,0,0,0,0,0,0,0,0,0,-28000,0,0,0,42000,70000,-28000,-28000
064591,臻鼎永豐9C購01  ,0,0,0,0,0,0,0,0,0,-28000,0,0,0,59000,87000,-28000,-28000
2109,華豐            ,10000,38000,-28000,0,0,0,0,0,0,0,0,0,0,0,0,0,-28000
065024,華擎永豐9C購01  ,0,0,0,0,0,0,0,0,0,-29000,0,0,0,3000,32000,-29000,-29000
064975,南亞科元大9C購07,0,0,0,0,0,0,0,0,0,-29000,0,0,0,70000,99000,-29000,-29000
065786,神基永豐9C購01  ,0,0,0,0,0,0,0,0,0,-29000,0,0,0,0,29000,-29000,-29000
08234P,華擎元富9B售03  ,0,0,0,0,0,0,0,0,0,-29000,0,0,0,15000,44000,-29000,-29000
08177P,金像電元大9B售02,0,0,0,0,0,0,0,0,0,-29000,0,0,0,68000,97000,-29000,-29000
07121P,華新科凱基99售03,0,0,0,0,0,0,0,0,0,-29000,0,0,0,1000,30000,-29000,-29000
056619,強茂永豐98購01  ,0,0,0,0,0,0,0,0,0,-29000,0,0,0,105000,134000,-29000,-29000
057181,亞光元大98購02  ,0,0,0,0,0,0,0,0,0,-29000,0,0,0,251000,280000,-29000,-29000
057028,台郡凱基99購02  ,0,0,0,0,0,0,0,0,0,-29000,0,0,0,60000,89000,-29000,-29000
055780,禾伸堂凱基99購01,0,0,0,0,0,0,0,0,0,-29000,0,0,0,93000,122000,-29000,-29000
054210,台光電國票97購03,0,0,0,0,0,0,0,0,0,-29000,0,0,0,0,29000,-29000,-29000
055966,茂林元大99購01  ,0,0,0,0,0,0,0,0,0,-29000,0,0,0,0,29000,-29000,-29000
058640,台灣50麥證9A購01,0,0,0,0,29000,-29000,0,0,0,-29000,0,0,0,0,29000,-29000,-29000
058485,智邦國票9A購01  ,0,0,0,0,0,0,0,0,0,-29000,0,0,0,7000,36000,-29000,-29000
061177,大立光凱基9A購10,0,0,0,0,0,0,0,0,0,-29000,0,0,0,35000,64000,-29000,-29000
061491,嘉聯益兆豐9B購01,0,0,0,0,0,0,0,0,0,-29000,0,0,0,99000,128000,-29000,-29000
064666,華新科元大02購01,0,0,0,0,0,0,0,0,0,-29000,0,0,0,81000,110000,-29000,-29000
064111,國巨國票02購02  ,0,0,0,0,0,0,0,0,0,-29000,0,0,0,9000,38000,-29000,-29000
064014,貿聯國票01購01  ,0,0,0,0,0,0,0,0,0,-29000,0,0,0,0,29000,-29000,-29000
062774,儒鴻元大9C購01  ,0,0,0,0,0,0,0,0,0,-29000,0,0,0,31000,60000,-29000,-29000
2540,愛山林          ,1000,25000,-24000,0,0,0,0,0,0,-5000,0,5000,-5000,0,0,0,-29000
07098P,台積電元大99售18,0,0,0,0,0,0,0,0,0,-30000,0,0,0,0,30000,-30000,-30000
07081P,南電群益9A售01  ,0,0,0,0,0,0,0,0,0,-30000,0,0,0,0,30000,-30000,-30000
07521P,台積電中信01售05,0,0,0,0,0,0,0,0,0,-30000,0,0,0,0,30000,-30000,-30000
07241P,台灣50國票9A售05,0,0,0,0,0,0,0,0,0,-30000,0,0,0,0,30000,-30000,-30000
07265P,大立光元大99售16,0,0,0,0,0,0,0,0,0,-30000,0,0,0,0,30000,-30000,-30000
07927P,國巨統一9B售08  ,0,0,0,0,0,0,0,0,0,-30000,0,0,0,0,30000,-30000,-30000
07693P,群創元大9B售10  ,0,0,0,0,0,0,0,0,0,-30000,0,0,0,0,30000,-30000,-30000
08401P,玉晶光元富9C售04,0,0,0,0,0,0,0,0,0,-30000,0,0,0,0,30000,-30000,-30000
1463,強盛            ,0,30000,-30000,0,0,0,0,0,0,0,0,0,0,0,0,0,-30000
065754,健鼎元大9C購06  ,0,0,0,0,0,0,0,0,0,-30000,0,0,0,0,30000,-30000,-30000
065822,緯創台新9C購01  ,0,0,0,0,0,0,0,0,0,-30000,0,0,0,0,30000,-30000,-30000
065875,創意群益9C購05  ,0,0,0,0,0,0,0,0,0,-30000,0,0,0,118000,148000,-30000,-30000
06788P,臺股指元大98售05,0,0,0,0,0,0,0,0,0,-30000,0,0,0,120000,150000,-30000,-30000
065686,同欣電統一03購01,0,0,0,0,0,0,0,0,0,-30000,0,0,0,0,30000,-30000,-30000
065620,金融類元大9C購03,0,0,0,0,0,0,0,0,0,-30000,0,0,0,0,30000,-30000,-30000
06556P,臺股指元大99售08,0,0,0,0,0,0,0,0,0,-30000,0,0,0,0,30000,-30000,-30000
065047,群創凱基9C購01  ,0,0,0,0,0,0,0,0,0,-30000,0,0,0,7000,37000,-30000,-30000
055899,群創中信99購01  ,0,0,0,0,0,0,0,0,0,-30000,0,0,0,0,30000,-30000,-30000
054828,正崴國泰99購01  ,0,0,0,0,0,0,0,0,0,-30000,0,0,0,20000,50000,-30000,-30000
057899,台積電永豐98購04,0,0,0,0,0,0,0,0,0,-30000,0,0,0,0,30000,-30000,-30000
057972,群創富邦9C購01  ,0,0,0,0,0,0,0,0,0,-30000,0,0,0,25000,55000,-30000,-30000
054196,台光電國泰97購02,0,0,0,0,0,0,0,0,0,-30000,0,0,0,7000,37000,-30000,-30000
05348P,美律元富98售01  ,0,0,0,0,0,0,0,0,0,-30000,0,0,0,40000,70000,-30000,-30000
055599,TPK元大97購01   ,0,0,0,0,0,0,0,0,0,-30000,0,0,0,0,30000,-30000,-30000
055763,鎧勝群益97購01  ,0,0,0,0,0,0,0,0,0,-30000,0,0,0,0,30000,-30000,-30000
055429,華新科群益99購01,0,0,0,0,0,0,0,0,0,-30000,0,0,0,0,30000,-30000,-30000
042792,T50反1台新9C購01,0,0,0,0,0,0,0,0,0,-30000,0,0,0,0,30000,-30000,-30000
057446,旺宏元富02購01  ,0,0,0,0,0,0,0,0,0,-30000,0,0,0,24000,54000,-30000,-30000
056606,華新科富邦9A購02,0,0,0,0,0,0,0,0,0,-30000,0,0,0,0,30000,-30000,-30000
056349,道瓊銀元大9B購01,0,0,0,0,0,0,0,0,0,-30000,0,0,0,0,30000,-30000,-30000
056326,TPK兆豐98購01   ,0,0,0,0,0,0,0,0,0,-30000,0,0,0,120000,150000,-30000,-30000
060996,臻鼎元大9A購01  ,0,0,0,0,0,0,0,0,0,-30000,0,0,0,0,30000,-30000,-30000
060720,嘉聯益永豐9A購02,0,0,0,0,0,0,0,0,0,-30000,0,0,0,0,30000,-30000,-30000
057363,華通元大99購02  ,0,0,0,0,0,0,0,0,0,-30000,0,0,0,1000,31000,-30000,-30000
060083,和大元大99購02  ,0,0,0,0,0,0,0,0,0,-30000,0,0,0,0,30000,-30000,-30000
060099,宏達電元大99購09,0,0,0,0,0,0,0,0,0,-30000,0,0,0,2000,32000,-30000,-30000
060227,和大元大9A購01  ,0,0,0,0,0,0,0,0,0,-30000,0,0,0,0,30000,-30000,-30000
060346,華新科統一01購01,0,0,0,0,0,0,0,0,0,-30000,0,0,0,10000,40000,-30000,-30000
059450,和大永豐99購01  ,0,0,0,0,0,0,0,0,0,-30000,0,0,0,10000,40000,-30000,-30000
059917,華新科元大99購19,0,0,0,0,0,0,0,0,0,-30000,0,0,0,29000,59000,-30000,-30000
058948,道瓊銀群益9C購01,0,0,0,0,0,0,0,0,0,-30000,0,0,0,0,30000,-30000,-30000
059654,T50反1元大99購09,0,0,0,0,0,0,0,0,0,-30000,0,0,0,0,30000,-30000,-30000
059644,茂林凱基99購03  ,0,0,0,0,0,0,0,0,0,-30000,0,0,0,10000,40000,-30000,-30000
058762,貿聯群益99購03  ,0,0,0,0,0,0,0,0,0,-30000,0,0,0,0,30000,-30000,-30000
058699,楠梓電元大99購02,0,0,0,0,0,0,0,0,0,-30000,0,0,0,12000,42000,-30000,-30000
060921,中橡永豐9A購02  ,0,0,0,0,0,0,0,0,0,-30000,0,0,0,0,30000,-30000,-30000
060922,金像電永豐9A購01,0,0,0,0,0,0,0,0,0,-30000,0,0,0,5000,35000,-30000,-30000
058658,瑞儀中信99購01  ,0,0,0,0,0,0,0,0,0,-30000,0,0,0,20000,50000,-30000,-30000
059155,台表科日盛99購01,0,0,0,0,0,0,0,0,0,-30000,0,0,0,0,30000,-30000,-30000
059194,元金2X永豐99購01,0,0,0,0,0,0,0,0,0,-30000,0,0,0,0,30000,-30000,-30000
059789,貿聯元大9A購02  ,0,0,0,0,0,0,0,0,0,-30000,0,0,0,0,30000,-30000,-30000
062732,南六凱基9B購03  ,0,0,0,0,0,0,0,0,0,-30000,0,0,0,0,30000,-30000,-30000
062746,致伸永豐9B購01  ,0,0,0,0,0,0,0,0,0,-30000,0,0,0,0,30000,-30000,-30000
062561,瀚宇博凱基9B購01,0,0,0,0,0,0,0,0,0,-30000,0,0,0,248000,278000,-30000,-30000
062376,中租元大9B購02  ,0,0,0,0,0,0,0,0,0,-30000,0,0,0,8000,38000,-30000,-30000
062228,南六統一02購01  ,0,0,0,0,0,0,0,0,0,-30000,0,0,0,0,30000,-30000,-30000
063037,聯發科凱基9C購02,0,0,0,0,0,0,0,0,0,-30000,0,0,0,0,30000,-30000,-30000
063053,聯發科統一01購04,0,0,0,0,0,0,0,0,0,-30000,0,0,0,151000,181000,-30000,-30000
063018,聯發科元大9B購14,0,0,0,0,0,0,0,0,0,-30000,0,0,0,0,30000,-30000,-30000
063007,儒鴻元大9B購01  ,0,0,0,0,0,0,0,0,0,-30000,0,0,0,0,30000,-30000,-30000
063311,喬山群益9B購01  ,0,0,0,0,0,0,0,0,0,-30000,0,0,0,0,30000,-30000,-30000
063419,聯發科凱基03購01,0,0,0,0,0,0,0,0,0,-30000,0,0,0,87000,117000,-30000,-30000
064039,亞德客統一02購01,0,0,0,0,0,0,0,0,0,-30000,0,0,0,10000,40000,-30000,-30000
064065,大立光富邦02購02,0,0,0,0,0,0,0,0,0,-30000,0,0,0,316000,346000,-30000,-30000
063662,上銀統一01購03  ,0,0,0,0,0,0,0,0,0,-30000,0,0,0,0,30000,-30000,-30000
063754,道瓊指統一9B購01,0,0,0,0,0,0,0,0,0,-30000,0,0,0,0,30000,-30000,-30000
063794,亞德客凱基9C購01,0,0,0,0,0,0,0,0,0,-30000,0,0,0,0,30000,-30000,-30000
064660,華通元大9C購05  ,0,0,0,0,0,0,0,0,0,-30000,0,0,0,5000,35000,-30000,-30000
064716,國巨統一9C購14  ,0,0,0,0,0,0,0,0,0,-30000,0,0,0,0,30000,-30000,-30000
064430,鴻海凱基03購04  ,0,0,0,0,0,0,0,0,0,-30000,0,0,0,34000,64000,-30000,-30000
064338,美食元大9C購01  ,0,0,0,0,0,0,0,0,0,-30000,0,0,0,0,30000,-30000,-30000
2495,普安            ,5000,34000,-29000,0,0,0,0,0,0,-1000,0,1000,-1000,0,0,0,-30000
6115,鎰勝            ,16000,46000,-30000,0,0,0,0,0,0,0,0,0,0,0,0,0,-30000
065567,台積電群益01購03,0,0,0,0,0,0,0,0,0,-31000,0,0,0,65000,96000,-31000,-31000
065584,華通富邦01購01  ,0,0,0,0,0,0,0,0,0,-31000,0,0,0,0,31000,-31000,-31000
065839,鴻海元大9C購17  ,0,0,0,0,0,0,0,0,0,-31000,0,0,0,0,31000,-31000,-31000
065725,技嘉凱基9C購03  ,0,0,0,0,0,0,0,0,0,-31000,0,0,0,201000,232000,-31000,-31000
1589,永冠-KY         ,26000,57000,-31000,0,0,0,0,0,0,0,0,0,0,0,0,0,-31000
07933P,大立光富邦9C售06,0,0,0,0,0,0,0,0,0,-31000,0,0,0,0,31000,-31000,-31000
054138,晶技元大98購02  ,0,0,0,0,0,0,0,0,0,-31000,0,0,0,0,31000,-31000,-31000
054891,聯鈞統一99購02  ,0,0,0,0,0,0,0,0,0,-31000,0,0,0,0,31000,-31000,-31000
054740,強茂凱基99購01  ,0,0,0,0,0,0,0,0,0,-31000,0,0,0,36000,67000,-31000,-31000
054532,強茂國泰98購01  ,0,0,0,0,0,0,0,0,0,-31000,0,0,0,10000,41000,-31000,-31000
059268,鎧勝中信01購01  ,0,0,0,0,0,0,0,0,0,-31000,0,0,0,0,31000,-31000,-31000
060427,聯茂永豐9A購01  ,0,0,0,0,0,0,0,0,0,-31000,0,0,0,184000,215000,-31000,-31000
058772,茂林兆豐9A購01  ,0,0,0,0,0,0,0,0,0,-31000,0,0,0,40000,71000,-31000,-31000
061936,旺宏國票9B購03  ,0,0,0,0,0,0,0,0,0,-31000,0,0,0,0,31000,-31000,-31000
064263,貿聯永豐9C購01  ,0,0,0,0,0,0,0,0,0,-31000,0,0,0,65000,96000,-31000,-31000
064791,友達國票9C購01  ,0,0,0,0,0,0,0,0,0,-31000,0,0,0,0,31000,-31000,-31000
062904,台光電元大9B購06,0,0,0,0,0,0,0,0,0,-31000,0,0,0,175000,206000,-31000,-31000
062218,燿華統一01購01  ,0,0,0,0,0,0,0,0,0,-31000,0,0,0,56000,87000,-31000,-31000
062277,廣達群益9B購01  ,0,0,0,0,0,0,0,0,0,-31000,0,0,0,140000,171000,-31000,-31000
062290,聯發科富邦9C購04,0,0,0,0,0,0,0,0,0,-31000,0,0,0,2000,33000,-31000,-31000
2506,太設            ,1000,21000,-20000,0,0,0,0,0,0,-11000,0,11000,-11000,0,0,0,-31000
07944P,華新科元大9B售08,0,0,0,0,0,0,0,0,0,-32000,0,0,0,0,32000,-32000,-32000
07800P,華新科國泰9B售04,0,0,0,0,0,0,0,0,0,-32000,0,0,0,2000,34000,-32000,-32000
07102P,南電元大99售03  ,0,0,0,0,0,0,0,0,0,-32000,0,0,0,131000,163000,-32000,-32000
2012,春雨            ,0,32000,-32000,0,0,0,0,0,0,0,0,0,0,0,0,0,-32000
08287P,茂林凱基9C售02  ,0,0,0,0,0,0,0,0,0,-32000,0,0,0,12000,44000,-32000,-32000
065898,神基麥證9C購01  ,0,0,0,0,32000,-32000,0,0,0,-32000,0,0,0,0,32000,-32000,-32000
065680,聯發科統一9C購16,0,0,0,0,0,0,0,0,0,-32000,0,0,0,0,32000,-32000,-32000
055380,智易元大98購02  ,0,0,0,0,0,0,0,0,0,-32000,0,0,0,0,32000,-32000,-32000
052681,T50反1元大98購02,0,0,0,0,0,0,0,0,0,-32000,0,0,0,0,32000,-32000,-32000
03647C,T50反1元富99牛02,0,0,0,0,0,0,0,0,0,-32000,0,0,0,0,32000,-32000,-32000
053181,滬深2X元富99購02,0,0,0,0,0,0,0,0,0,-32000,0,0,0,2000,34000,-32000,-32000
057166,國巨元大99購06  ,0,0,0,0,0,0,0,0,0,-32000,0,0,0,18000,50000,-32000,-32000
057757,鴻海凱基98購13  ,0,0,0,0,0,0,0,0,0,-32000,0,0,0,30000,62000,-32000,-32000
061698,智邦國票9A購04  ,0,0,0,0,0,0,0,0,0,-32000,0,0,0,0,32000,-32000,-32000
058951,南電群益99購01  ,0,0,0,0,0,0,0,0,0,-32000,0,0,0,0,32000,-32000,-32000
058651,FBVIX中信9C購01 ,0,0,0,0,0,0,0,0,0,-32000,0,0,0,0,32000,-32000,-32000
062450,臻鼎元大9B購02  ,0,0,0,0,0,0,0,0,0,-32000,0,0,0,18000,50000,-32000,-32000
062999,聯茂國票9C購01  ,0,0,0,0,0,0,0,0,0,-32000,0,0,0,9000,41000,-32000,-32000
063545,華通兆豐9B購03  ,0,0,0,0,0,0,0,0,0,-32000,0,0,0,0,32000,-32000,-32000
064546,燿華凱基02購01  ,0,0,0,0,0,0,0,0,0,-32000,0,0,0,7000,39000,-32000,-32000
064393,友訊永豐9C購01  ,0,0,0,0,0,0,0,0,0,-32000,0,0,0,4000,36000,-32000,-32000
064011,嘉晶國票9C購01  ,0,0,0,0,0,0,0,0,0,-32000,0,0,0,56000,88000,-32000,-32000
4930,燦星網          ,0,32000,-32000,0,0,0,0,0,0,0,0,0,0,0,0,0,-32000
4148,全宇生技-KY     ,27000,56000,-29000,0,0,0,0,0,0,-3000,0,3000,-3000,0,0,0,-32000
8462,柏文            ,14000,19000,-5000,0,0,0,0,26000,-26000,-1000,0,0,0,0,1000,-1000,-32000
8070,長華*           ,0,31000,-31000,0,0,0,0,1000,-1000,0,0,0,0,0,0,0,-32000
065241,南電凱基01購02  ,0,0,0,0,0,0,0,0,0,-33000,0,0,0,3000,36000,-33000,-33000
2029,盛餘            ,1000,33000,-32000,0,0,0,0,0,0,-1000,0,1000,-1000,0,0,0,-33000
1452,宏益            ,16000,109000,-93000,0,0,0,0,0,0,60000,60000,0,60000,0,0,0,-33000
07630P,臺股指凱基9A售11,0,0,0,0,0,0,0,0,0,-33000,0,0,0,145000,178000,-33000,-33000
057141,嘉聯益兆豐99購01,0,0,0,0,0,0,0,0,0,-33000,0,0,0,44000,77000,-33000,-33000
056431,鴻海凱基98購07  ,0,0,0,0,0,0,0,0,0,-33000,0,0,0,22000,55000,-33000,-33000
056599,臻鼎元富98購01  ,0,0,0,0,0,0,0,0,0,-33000,0,0,0,40000,73000,-33000,-33000
057365,智邦元大98購07  ,0,0,0,0,0,0,0,0,0,-33000,0,0,0,6000,39000,-33000,-33000
061126,京元電永豐9A購02,0,0,0,0,0,0,0,0,0,-33000,0,0,0,7000,40000,-33000,-33000
058628,宏達電國票9A購01,0,0,0,0,0,0,0,0,0,-33000,0,0,0,0,33000,-33000,-33000
058375,群創凱基9B購04  ,0,0,0,0,0,0,0,0,0,-33000,0,0,0,14000,47000,-33000,-33000
058410,國巨兆豐99購03  ,0,0,0,0,0,0,0,0,0,-33000,0,0,0,44000,77000,-33000,-33000
061682,南電元大9B購01  ,0,0,0,0,0,0,0,0,0,-33000,0,0,0,47000,80000,-33000,-33000
063719,T50反1元大9B購11,0,0,0,0,0,0,0,0,0,-33000,0,0,0,0,33000,-33000,-33000
063603,友達凱基9B購05  ,0,0,0,0,0,0,0,0,0,-33000,0,0,0,0,33000,-33000,-33000
062731,力成凱基9B購02  ,0,0,0,0,0,0,0,0,0,-33000,0,0,0,309000,342000,-33000,-33000
062766,台郡凱基9B購02  ,0,0,0,0,0,0,0,0,0,-33000,0,0,0,128000,161000,-33000,-33000
4916,事欣科          ,23000,65000,-42000,0,0,0,9000,0,9000,0,0,0,0,0,0,0,-33000
2514,龍邦            ,9000,42000,-33000,0,0,0,0,0,0,0,0,0,0,0,0,0,-33000
065044,大立光凱基9C購06,0,0,0,0,0,0,0,0,0,-34000,0,0,0,227000,261000,-34000,-34000
065628,台積電國票01購03,0,0,0,0,0,0,0,0,0,-34000,0,0,0,0,34000,-34000,-34000
060714,晶技永豐9A購02  ,0,0,0,0,0,0,0,0,0,-34000,0,0,0,84000,118000,-34000,-34000
060784,鴻海富邦9C購01  ,0,0,0,0,0,0,0,0,0,-34000,0,0,0,18000,52000,-34000,-34000
057150,貿聯國票99購02  ,0,0,0,0,0,0,0,0,0,-34000,0,0,0,57000,91000,-34000,-34000
053770,元金2X元大98購01,0,0,0,0,0,0,0,0,0,-34000,0,0,0,7000,41000,-34000,-34000
057959,欣興元大98購14  ,0,0,0,0,0,0,0,0,0,-34000,0,0,0,33000,67000,-34000,-34000
061416,聯茂群益9A購01  ,0,0,0,0,0,0,0,0,0,-34000,0,0,0,98000,132000,-34000,-34000
061486,國巨兆豐9B購02  ,0,0,0,0,0,0,0,0,0,-34000,0,0,0,111000,145000,-34000,-34000
062851,建準永豐9B購02  ,0,0,0,0,0,0,0,0,0,-34000,0,0,0,100000,134000,-34000,-34000
062538,台積電國泰9C購02,0,0,0,0,0,0,0,0,0,-34000,0,0,0,0,34000,-34000,-34000
063185,聯發科凱基9C購03,0,0,0,0,0,0,0,0,0,-34000,0,0,0,45000,79000,-34000,-34000
063202,南亞科統一9C購02,0,0,0,0,0,0,0,0,0,-34000,0,0,0,180000,214000,-34000,-34000
063885,南六元富9C購01  ,0,0,0,0,0,0,0,0,0,-34000,0,0,0,168000,202000,-34000,-34000
3013,晟銘電          ,9000,43000,-34000,0,0,0,0,0,0,0,0,0,0,0,0,0,-34000
065435,臻鼎凱基02購01  ,0,0,0,0,0,0,0,0,0,-35000,0,0,0,50000,85000,-35000,-35000
065891,聯發科統一02購03,0,0,0,0,0,0,0,0,0,-35000,0,0,0,0,35000,-35000,-35000
065186,和大統一02購06  ,0,0,0,0,0,0,0,0,0,-35000,0,0,0,1000,36000,-35000,-35000
06525P,上証2X國泰99售01,0,0,0,0,0,0,0,0,0,-35000,0,0,0,150000,185000,-35000,-35000
07627P,超眾凱基9A售02  ,0,0,0,0,0,0,0,0,0,-35000,0,0,0,0,35000,-35000,-35000
08091P,A50正2元富9B售02,0,0,0,0,0,0,0,0,0,-35000,0,0,0,2000,37000,-35000,-35000
06839P,玉晶光統一9A售05,0,0,0,0,0,0,0,0,0,-35000,0,0,0,15000,50000,-35000,-35000
06906P,國巨國泰99售01  ,0,0,0,0,0,0,0,0,0,-35000,0,0,0,3000,38000,-35000,-35000
07575P,瑞昱元大9A售02  ,0,0,0,0,0,0,0,0,0,-35000,0,0,0,10000,45000,-35000,-35000
054166,日電貿凱基98購01,0,0,0,0,0,0,0,0,0,-35000,0,0,0,30000,65000,-35000,-35000
054733,鴻海凱基98購04  ,0,0,0,0,0,0,0,0,0,-35000,0,0,0,15000,50000,-35000,-35000
057421,智原凱基98購04  ,0,0,0,0,0,0,0,0,0,-35000,0,0,0,77000,112000,-35000,-35000
056291,聯茂永豐97購03  ,0,0,0,0,0,0,0,0,0,-35000,0,0,0,0,35000,-35000,-35000
061935,台積電國票9B購07,0,0,0,0,0,0,0,0,0,-35000,0,0,0,0,35000,-35000,-35000
061759,上証反元大02購01,0,0,0,0,0,0,0,0,0,-35000,0,0,0,0,35000,-35000,-35000
058944,元石油群益9C購02,0,0,0,0,0,0,0,0,0,-35000,0,0,0,50000,85000,-35000,-35000
06177P,玉晶光元大98售07,0,0,0,0,0,0,0,0,0,-35000,0,0,0,135000,170000,-35000,-35000
058284,滬深反群益01購01,0,0,0,0,0,0,0,0,0,-35000,0,0,0,0,35000,-35000,-35000
059123,訊芯永豐99購03  ,0,0,0,0,0,0,0,0,0,-35000,0,0,0,55000,90000,-35000,-35000
058874,聯鈞國票9A購01  ,0,0,0,0,0,0,0,0,0,-35000,0,0,0,34000,69000,-35000,-35000
058913,元油2X元富01購01,0,0,0,0,0,0,0,0,0,-35000,0,0,0,0,35000,-35000,-35000
059763,華擎永豐99購03  ,0,0,0,0,0,0,0,0,0,-35000,0,0,0,31000,66000,-35000,-35000
061547,禾伸堂群益9A購01,0,0,0,0,0,0,0,0,0,-35000,0,0,0,0,35000,-35000,-35000
061572,奇力新元大9A購04,0,0,0,0,0,0,0,0,0,-35000,0,0,0,33000,68000,-35000,-35000
060464,台積電元大9A購11,0,0,0,0,0,0,0,0,0,-35000,0,0,0,0,35000,-35000,-35000
058694,鈺齊國票9A購02  ,0,0,0,0,0,0,0,0,0,-35000,0,0,0,0,35000,-35000,-35000
063625,儒鴻元大9B購03  ,0,0,0,0,0,0,0,0,0,-35000,0,0,0,102000,137000,-35000,-35000
064193,華新群益9C購01  ,0,0,0,0,0,0,0,0,0,-35000,0,0,0,59000,94000,-35000,-35000
064742,奇鋐國票01購02  ,0,0,0,0,0,0,0,0,0,-35000,0,0,0,68000,103000,-35000,-35000
064736,超眾元富9C購04  ,0,0,0,0,0,0,0,0,0,-35000,0,0,0,50000,85000,-35000,-35000
062998,泰碩國票01購01  ,0,0,0,0,0,0,0,0,0,-35000,0,0,0,0,35000,-35000,-35000
063026,南六元大9B購04  ,0,0,0,0,0,0,0,0,0,-35000,0,0,0,28000,63000,-35000,-35000
062902,智邦元大9B購07  ,0,0,0,0,0,0,0,0,0,-35000,0,0,0,67000,102000,-35000,-35000
062958,長榮航麥證9B購01,0,0,0,0,35000,-35000,0,0,0,-35000,0,0,0,0,35000,-35000,-35000
063259,廣達富邦9C購01  ,0,0,0,0,0,0,0,0,0,-35000,0,0,0,499000,534000,-35000,-35000
062264,南六元大9B購02  ,0,0,0,0,0,0,0,0,0,-35000,0,0,0,15000,50000,-35000,-35000
1903,士紙            ,7000,42300,-35300,0,0,0,0,0,0,0,0,0,0,0,0,0,-35300
08186P,泰碩永豐9B售03  ,0,0,0,0,0,0,0,0,0,-36000,0,0,0,50000,86000,-36000,-36000
08523P,金像電元大9C售06,0,0,0,0,0,0,0,0,0,-36000,0,0,0,14000,50000,-36000,-36000
065085,聯發科元大01購02,0,0,0,0,0,0,0,0,0,-36000,0,0,0,41000,77000,-36000,-36000
065933,鴻海群益01購06  ,0,0,0,0,0,0,0,0,0,-36000,0,0,0,0,36000,-36000,-36000
065503,燿華永豐9C購04  ,0,0,0,0,0,0,0,0,0,-36000,0,0,0,0,36000,-36000,-36000
065700,京元電群益9C購01,0,0,0,0,0,0,0,0,0,-36000,0,0,0,6000,42000,-36000,-36000
061109,臻鼎元大9A購03  ,0,0,0,0,0,0,0,0,0,-36000,0,0,0,65000,101000,-36000,-36000
057477,智邦元大98購09  ,0,0,0,0,0,0,0,0,0,-36000,0,0,0,20000,56000,-36000,-36000
053865,欣興元大97購02  ,0,0,0,0,0,0,0,0,0,-36000,0,0,0,30000,66000,-36000,-36000
061569,旺宏元大9A購14  ,0,0,0,0,0,0,0,0,0,-36000,0,0,0,81000,117000,-36000,-36000
061265,富邦金凱基9B購01,0,0,0,0,0,0,0,0,0,-36000,0,0,0,120000,156000,-36000,-36000
062504,旭富群益9B購02  ,0,0,0,0,0,0,0,0,0,-36000,0,0,0,100000,136000,-36000,-36000
062437,廣達元大9B購01  ,0,0,0,0,0,0,0,0,0,-36000,0,0,0,242000,278000,-36000,-36000
062832,嘉澤群益9B購02  ,0,0,0,0,0,0,0,0,0,-36000,0,0,0,62000,98000,-36000,-36000
062787,超眾元大9C購02  ,0,0,0,0,0,0,0,0,0,-36000,0,0,0,78000,114000,-36000,-36000
063301,鴻海凱基9B購08  ,0,0,0,0,0,0,0,0,0,-36000,0,0,0,34000,70000,-36000,-36000
063344,臺企銀統一9C購01,0,0,0,0,0,0,0,0,0,-36000,0,0,0,35000,71000,-36000,-36000
064209,燿華凱基01購01  ,0,0,0,0,0,0,0,0,0,-36000,0,0,0,0,36000,-36000,-36000
064186,燿華永豐9C購01  ,0,0,0,0,0,0,0,0,0,-36000,0,0,0,0,36000,-36000,-36000
063981,貿聯兆豐9C購01  ,0,0,0,0,0,0,0,0,0,-36000,0,0,0,47000,83000,-36000,-36000
065213,南六國票01購03  ,0,0,0,0,0,0,0,0,0,-37000,0,0,0,0,37000,-37000,-37000
08314P,國巨元大9C售14  ,0,0,0,0,0,0,0,0,0,-37000,0,0,0,48000,85000,-37000,-37000
1702,南僑            ,34000,70000,-36000,0,0,0,0,0,0,-1000,0,1000,-1000,0,0,0,-37000
07899P,和大凱基9B售01  ,0,0,0,0,0,0,0,0,0,-37000,0,0,0,53000,90000,-37000,-37000
055108,智邦凱基98購01  ,0,0,0,0,0,0,0,0,0,-37000,0,0,0,18000,55000,-37000,-37000
055874,中環元富9A購01  ,0,0,0,0,0,0,0,0,0,-37000,0,0,0,38000,75000,-37000,-37000
056519,創意國票99購01  ,0,0,0,0,0,0,0,0,0,-37000,0,0,0,30000,67000,-37000,-37000
061143,道瓊指中信9C購04,0,0,0,0,0,0,0,0,0,-37000,0,0,0,0,37000,-37000,-37000
057347,國巨統一9A購03  ,0,0,0,0,0,0,0,0,0,-37000,0,0,0,132000,169000,-37000,-37000
061293,聯茂統一9A購01  ,0,0,0,0,0,0,0,0,0,-37000,0,0,0,81000,118000,-37000,-37000
059732,超眾元大9A購01  ,0,0,0,0,0,0,0,0,0,-37000,0,0,0,18000,55000,-37000,-37000
058318,致茂永豐9A購01  ,0,0,0,0,0,0,0,0,0,-37000,0,0,0,8000,45000,-37000,-37000
058363,全新凱基9A購02  ,0,0,0,0,0,0,0,0,0,-37000,0,0,0,259000,296000,-37000,-37000
058521,日月光元大99購01,0,0,0,0,0,0,0,0,0,-37000,0,0,0,77000,114000,-37000,-37000
061873,友達元大9C購07  ,0,0,0,0,0,0,0,0,0,-37000,0,0,0,50000,87000,-37000,-37000
060134,鈺齊群益9A購01  ,0,0,0,0,0,0,0,0,0,-37000,0,0,0,16000,53000,-37000,-37000
061357,寶成元大9A購01  ,0,0,0,0,0,0,0,0,0,-37000,0,0,0,100000,137000,-37000,-37000
063863,儒鴻富邦02購01  ,0,0,0,0,0,0,0,0,0,-37000,0,0,0,60000,97000,-37000,-37000
064621,大立光元大9C購20,0,0,0,0,0,0,0,0,0,-37000,0,0,0,5000,42000,-37000,-37000
063529,聯茂凱基9B購02  ,0,0,0,0,0,0,0,0,0,-37000,0,0,0,0,37000,-37000,-37000
062761,嘉晶凱基9C購01  ,0,0,0,0,0,0,0,0,0,-37000,0,0,0,45000,82000,-37000,-37000
062488,台光電永豐9B購02,0,0,0,0,0,0,0,0,0,-37000,0,0,0,0,37000,-37000,-37000
6452,康友-KY         ,94000,132026,-38026,0,0,0,0,0,0,1000,0,0,0,6000,5000,1000,-37026
08623P,健策群益01售04  ,0,0,0,0,0,0,0,0,0,-38000,0,0,0,30000,68000,-38000,-38000
065179,同欣電元大02購01,0,0,0,0,0,0,0,0,0,-38000,0,0,0,65000,103000,-38000,-38000
065480,旭富元大9C購06  ,0,0,0,0,0,0,0,0,0,-38000,0,0,0,211000,249000,-38000,-38000
056271,嘉澤統一97購01  ,0,0,0,0,0,0,0,0,0,-38000,0,0,0,35000,73000,-38000,-38000
056669,貿聯國票99購01  ,0,0,0,0,0,0,0,0,0,-38000,0,0,0,0,38000,-38000,-38000
054297,台郡元大98購01  ,0,0,0,0,0,0,0,0,0,-38000,0,0,0,27000,65000,-38000,-38000
061360,智邦兆豐9B購02  ,0,0,0,0,0,0,0,0,0,-38000,0,0,0,57000,95000,-38000,-38000
059875,信邦凱基99購02  ,0,0,0,0,0,0,0,0,0,-38000,0,0,0,107000,145000,-38000,-38000
061526,宏達電凱基9A購04,0,0,0,0,0,0,0,0,0,-38000,0,0,0,31000,69000,-38000,-38000
060020,康控康和99購01  ,0,0,0,0,0,0,0,0,0,-38000,0,0,0,143000,181000,-38000,-38000
061859,勤誠國票9B購01  ,0,0,0,0,0,0,0,0,0,-38000,0,0,0,0,38000,-38000,-38000
061808,聯發科統一01購02,0,0,0,0,0,0,0,0,0,-38000,0,0,0,10000,48000,-38000,-38000
062090,南電元大9B購02  ,0,0,0,0,0,0,0,0,0,-38000,0,0,0,4000,42000,-38000,-38000
058327,大毅統一9B購01  ,0,0,0,0,0,0,0,0,0,-38000,0,0,0,5000,43000,-38000,-38000
061180,華擎凱基9B購01  ,0,0,0,0,0,0,0,0,0,-38000,0,0,0,12000,50000,-38000,-38000
061032,金像電永豐9A購03,0,0,0,0,0,0,0,0,0,-38000,0,0,0,0,38000,-38000,-38000
063358,華擎國泰01購01  ,0,0,0,0,0,0,0,0,0,-38000,0,0,0,907000,945000,-38000,-38000
064037,寶成元大9C購02  ,0,0,0,0,0,0,0,0,0,-38000,0,0,0,94000,132000,-38000,-38000
065538,健鼎統一9C購01  ,0,0,0,0,0,0,0,0,0,-39000,0,0,0,200000,239000,-39000,-39000
065886,中磊元富9C購01  ,0,0,0,0,0,0,0,0,0,-39000,0,0,0,0,39000,-39000,-39000
06761P,台積電元大99售05,0,0,0,0,0,0,0,0,0,-39000,0,0,0,1000,40000,-39000,-39000
08324P,大立光凱基9C售05,0,0,0,0,0,0,0,0,0,-39000,0,0,0,5000,44000,-39000,-39000
07795P,美律國票9A售03  ,0,0,0,0,0,0,0,0,0,-39000,0,0,0,20000,59000,-39000,-39000
056426,上証2X凱基9A購01,0,0,0,0,0,0,0,0,0,-39000,0,0,0,6000,45000,-39000,-39000
061159,同欣電群益9A購01,0,0,0,0,0,0,0,0,0,-39000,0,0,0,6000,45000,-39000,-39000
058463,宏達電兆豐99購02,0,0,0,0,0,0,0,0,0,-39000,0,0,0,51000,90000,-39000,-39000
059730,晶相光元大9C購02,0,0,0,0,0,0,0,0,0,-39000,0,0,0,139000,178000,-39000,-39000
062037,華新凱基9B購01  ,0,0,0,0,0,0,0,0,0,-39000,0,0,0,140000,179000,-39000,-39000
061768,晶技元大9B購02  ,0,0,0,0,0,0,0,0,0,-39000,0,0,0,29000,68000,-39000,-39000
060125,強茂永豐99購01  ,0,0,0,0,0,0,0,0,0,-39000,0,0,0,12000,51000,-39000,-39000
060286,佳世達元大9C購01,0,0,0,0,0,0,0,0,0,-39000,0,0,0,61000,100000,-39000,-39000
064359,華通統一9C購05  ,0,0,0,0,0,0,0,0,0,-39000,0,0,0,186000,225000,-39000,-39000
063439,正隆統一01購01  ,0,0,0,0,0,0,0,0,0,-39000,0,0,0,0,39000,-39000,-39000
063224,泰鼎群益9B購02  ,0,0,0,0,0,0,0,0,0,-39000,0,0,0,37000,76000,-39000,-39000
063139,聯發科統一9B購07,0,0,0,0,0,0,0,0,0,-39000,0,0,0,0,39000,-39000,-39000
062427,嘉澤統一01購01  ,0,0,0,0,0,0,0,0,0,-39000,0,0,0,97000,136000,-39000,-39000
2413,環科            ,213000,249000,-36000,0,0,0,0,0,0,-3000,0,3000,-3000,0,0,0,-39000
07842P,力成元大9A售01  ,0,0,0,0,0,0,0,0,0,-40000,0,0,0,0,40000,-40000,-40000
08069P,大立光國泰01售02,0,0,0,0,0,0,0,0,0,-40000,0,0,0,0,40000,-40000,-40000
06919P,臺股指日盛98售02,0,0,0,0,0,0,0,0,0,-40000,0,0,0,0,40000,-40000,-40000
07130P,台郡元大9B售01  ,0,0,0,0,0,0,0,0,0,-40000,0,0,0,417000,457000,-40000,-40000
08628P,微星中信9C售01  ,0,0,0,0,0,0,0,0,0,-40000,0,0,0,0,40000,-40000,-40000
1455,集盛            ,73000,113000,-40000,0,0,0,0,0,0,0,0,0,0,0,0,0,-40000
06742P,可成富邦99售02  ,0,0,0,0,0,0,0,0,0,-40000,0,0,0,0,40000,-40000,-40000
065493,T50反1富邦03購01,0,0,0,0,0,0,0,0,0,-40000,0,0,0,200000,240000,-40000,-40000
065433,緯創凱基9C購01  ,0,0,0,0,0,0,0,0,0,-40000,0,0,0,69000,109000,-40000,-40000
065383,南電元大01購02  ,0,0,0,0,0,0,0,0,0,-40000,0,0,0,4000,44000,-40000,-40000
065081,金像電元大9C購05,0,0,0,0,0,0,0,0,0,-40000,0,0,0,50000,90000,-40000,-40000
056381,台虹元富98購01  ,0,0,0,0,0,0,0,0,0,-40000,0,0,0,0,40000,-40000,-40000
056674,華邦電元富98購01,0,0,0,0,0,0,0,0,0,-40000,0,0,0,0,40000,-40000,-40000
056352,鴻海元大99購01  ,0,0,0,0,0,0,0,0,0,-40000,0,0,0,50000,90000,-40000,-40000
056764,友達元大9A購03  ,0,0,0,0,0,0,0,0,0,-40000,0,0,0,0,40000,-40000,-40000
057812,友達元大9A購05  ,0,0,0,0,0,0,0,0,0,-40000,0,0,0,100000,140000,-40000,-40000
057763,康控凱基99購02  ,0,0,0,0,0,0,0,0,0,-40000,0,0,0,0,40000,-40000,-40000
058020,大立光凱基99購03,0,0,0,0,0,0,0,0,0,-40000,0,0,0,0,40000,-40000,-40000
052847,漢唐統一99購01  ,0,0,0,0,0,0,0,0,0,-40000,0,0,0,116000,156000,-40000,-40000
02001R,富邦蘋果反一N   ,0,0,0,0,0,0,0,0,0,-40000,0,0,0,0,40000,-40000,-40000
061324,華新科凱基9C購01,0,0,0,0,0,0,0,0,0,-40000,0,0,0,10000,50000,-40000,-40000
058984,全新凱基9A購03  ,0,0,0,0,0,0,0,0,0,-40000,0,0,0,85000,125000,-40000,-40000
058248,聯茂元大99購05  ,0,0,0,0,0,0,0,0,0,-40000,0,0,0,69000,109000,-40000,-40000
061652,T50反1國票9C購01,0,0,0,0,0,0,0,0,0,-40000,0,0,0,0,40000,-40000,-40000
059974,臺指反元大9C購05,0,0,0,0,0,0,0,0,0,-40000,0,0,0,0,40000,-40000,-40000
061690,旺宏群益9A購05  ,0,0,0,0,0,0,0,0,0,-40000,0,0,0,50000,90000,-40000,-40000
058856,新光金兆豐99購01,0,0,0,0,0,0,0,0,0,-40000,0,0,0,0,40000,-40000,-40000
061260,台積電凱基9A購23,0,0,0,0,0,0,0,0,0,-40000,0,0,0,0,40000,-40000,-40000
059821,美律凱基99購08  ,0,0,0,0,0,0,0,0,0,-40000,0,0,0,25000,65000,-40000,-40000
058366,元大金凱基99購01,0,0,0,0,0,0,0,0,0,-40000,0,0,0,10000,50000,-40000,-40000
058299,同欣電凱基9A購01,0,0,0,0,0,0,0,0,0,-40000,0,0,0,10000,50000,-40000,-40000
059559,T50反1凱基99購07,0,0,0,0,0,0,0,0,0,-40000,0,0,0,0,40000,-40000,-40000
059517,茂林永豐99購02  ,0,0,0,0,0,0,0,0,0,-40000,0,0,0,0,40000,-40000,-40000
061082,台光電兆豐9A購01,0,0,0,0,0,0,0,0,0,-40000,0,0,0,0,40000,-40000,-40000
059701,國巨凱基9A購09  ,0,0,0,0,0,0,0,0,0,-40000,0,0,0,0,40000,-40000,-40000
062419,台積電統一9B購15,0,0,0,0,0,0,0,0,0,-40000,0,0,0,0,40000,-40000,-40000
062392,國巨富邦02購01  ,0,0,0,0,0,0,0,0,0,-40000,0,0,0,45000,85000,-40000,-40000
062681,全新統一01購01  ,0,0,0,0,0,0,0,0,0,-40000,0,0,0,80000,120000,-40000,-40000
063251,同欣電元大9B購04,0,0,0,0,0,0,0,0,0,-40000,0,0,0,109000,149000,-40000,-40000
06296P,燿華元大98售01  ,0,0,0,0,0,0,0,0,0,-40000,0,0,0,0,40000,-40000,-40000
064381,道瓊銀國泰02購01,0,0,0,0,0,0,0,0,0,-40000,0,0,0,0,40000,-40000,-40000
064483,瑞儀永豐9C購01  ,0,0,0,0,0,0,0,0,0,-40000,0,0,0,104000,144000,-40000,-40000
064124,台積電元大9C購10,0,0,0,0,0,0,0,0,0,-40000,0,0,0,10000,50000,-40000,-40000
063814,嘉晶群益9C購01  ,0,0,0,0,0,0,0,0,0,-40000,0,0,0,0,40000,-40000,-40000
063766,南茂元富9B購01  ,0,0,0,0,0,0,0,0,0,-40000,0,0,0,62000,102000,-40000,-40000
2887F,台新戊特二      ,0,0,0,0,0,0,0,0,0,-40000,0,40000,-40000,0,0,0,-40000
065045,信邦凱基9C購01  ,0,0,0,0,0,0,0,0,0,-41000,0,0,0,172000,213000,-41000,-41000
065812,寶成群益9C購02  ,0,0,0,0,0,0,0,0,0,-41000,0,0,0,0,41000,-41000,-41000
08538P,聯發科國票01售01,0,0,0,0,0,0,0,0,0,-41000,0,0,0,40000,81000,-41000,-41000
052077,可成元富98購02  ,0,0,0,0,0,0,0,0,0,-41000,0,0,0,11000,52000,-41000,-41000
056664,上証反中信9B購01,0,0,0,0,0,0,0,0,0,-41000,0,0,0,0,41000,-41000,-41000
061247,玉晶光群益9A購09,0,0,0,0,0,0,0,0,0,-41000,0,0,0,25000,66000,-41000,-41000
064783,貿聯群益9C購03  ,0,0,0,0,0,0,0,0,0,-41000,0,0,0,20000,61000,-41000,-41000
063008,華通元大9B購06  ,0,0,0,0,0,0,0,0,0,-41000,0,0,0,50000,91000,-41000,-41000
063487,國巨國泰01購02  ,0,0,0,0,0,0,0,0,0,-41000,0,0,0,30000,71000,-41000,-41000
06328P,台積電中信01售02,0,0,0,0,0,0,0,0,0,-41000,0,0,0,0,41000,-41000,-41000
062697,國巨元大9C購01  ,0,0,0,0,0,0,0,0,0,-41000,0,0,0,50000,91000,-41000,-41000
062447,華擎元大9C購01  ,0,0,0,0,0,0,0,0,0,-41000,0,0,0,14000,55000,-41000,-41000
5522,遠雄            ,337000,378000,-41000,0,0,0,0,0,0,0,0,0,0,0,0,0,-41000
08545P,南電國泰01售02  ,0,54000,-54000,0,0,0,0,0,0,12000,0,0,0,73000,61000,12000,-42000
08094P,華新科元富9B售05,0,0,0,0,0,0,0,0,0,-42000,0,0,0,0,42000,-42000,-42000
065798,華通群益01購03  ,0,0,0,0,0,0,0,0,0,-42000,0,0,0,14000,56000,-42000,-42000
058588,致茂中信9B購01  ,0,0,0,0,0,0,0,0,0,-42000,0,0,0,146000,188000,-42000,-42000
061213,群創元大9A購05  ,0,0,0,0,0,0,0,0,0,-42000,0,0,0,16000,58000,-42000,-42000
061987,大立光元大9B購03,0,0,0,0,0,0,0,0,0,-42000,0,0,0,8000,50000,-42000,-42000
062495,友達中信01購02  ,0,0,0,0,0,0,0,0,0,-42000,0,0,0,10000,52000,-42000,-42000
062706,大立光元大9B購06,0,0,0,0,0,0,0,0,0,-42000,0,0,0,18000,60000,-42000,-42000
063536,美食統一01購01  ,0,0,0,0,0,0,0,0,0,-42000,0,0,0,0,42000,-42000,-42000
064776,金像電群益01購01,0,0,0,0,0,0,0,0,0,-42000,0,0,0,2000,44000,-42000,-42000
06434P,超眾群益98售02  ,0,0,0,0,0,0,0,0,0,-42000,0,0,0,158000,200000,-42000,-42000
064265,嘉聯益永豐9C購02,0,0,0,0,0,0,0,0,0,-42000,0,0,0,23000,65000,-42000,-42000
064316,貿聯群益9C購02  ,0,0,0,0,0,0,0,0,0,-42000,0,0,0,28000,70000,-42000,-42000
5007,三星            ,2000,44000,-42000,0,0,0,0,0,0,0,0,0,0,0,0,0,-42000
065737,南茂凱基9C購02  ,0,0,0,0,0,0,0,0,0,-43000,0,0,0,43000,86000,-43000,-43000
065899,神基麥證9C購02  ,0,0,0,0,43000,-43000,0,0,0,-43000,0,0,0,0,43000,-43000,-43000
064865,美律永豐9C購02  ,0,0,0,0,0,0,0,0,0,-43000,0,0,0,228000,271000,-43000,-43000
065279,T50反1群益9C購03,0,0,0,0,0,0,0,0,0,-43000,0,0,0,197000,240000,-43000,-43000
03433B,臺股指元大9C熊01,0,0,0,0,0,0,0,0,0,-43000,0,0,0,0,43000,-43000,-43000
056860,正崴群益98購01  ,0,0,0,0,0,0,0,0,0,-43000,0,0,0,90000,133000,-43000,-43000
061070,超眾凱基9C購01  ,0,0,0,0,0,0,0,0,0,-43000,0,0,0,45000,88000,-43000,-43000
060933,南電永豐9A購02  ,0,0,0,0,0,0,0,0,0,-43000,0,0,0,15000,58000,-43000,-43000
060626,貿聯元大9A購04  ,0,0,0,0,0,0,0,0,0,-43000,0,0,0,1000,44000,-43000,-43000
2707,晶華            ,52000,15000,37000,0,0,0,0,80000,-80000,0,0,0,0,0,0,0,-43000
065733,茂林凱基9C購03  ,0,0,0,0,0,0,0,0,0,-44000,0,0,0,151000,195000,-44000,-44000
065710,嘉聯益群益9C購02,0,0,0,0,0,0,0,0,0,-44000,0,0,0,36000,80000,-44000,-44000
08019P,緯穎國票9B售02  ,0,0,0,0,0,0,0,0,0,-44000,0,0,0,111000,155000,-44000,-44000
08478P,臺股指凱基9C售16,0,0,0,0,0,0,0,0,0,-44000,0,0,0,10000,54000,-44000,-44000
08374P,緯穎凱基9C售01  ,0,0,0,0,0,0,0,0,0,-44000,0,0,0,0,44000,-44000,-44000
1316,上曜            ,7000,51000,-44000,0,0,0,0,0,0,0,0,0,0,0,0,0,-44000
1444,力麗            ,77000,121000,-44000,0,0,0,0,0,0,0,0,0,0,0,0,0,-44000
053744,台郡國票97購03  ,0,0,0,0,0,0,0,0,0,-44000,0,0,0,0,44000,-44000,-44000
057717,友訊元富98購02  ,0,0,0,0,0,0,0,0,0,-44000,0,0,0,80000,124000,-44000,-44000
057539,南茂元大98購02  ,0,0,0,0,0,0,0,0,0,-44000,0,0,0,63000,107000,-44000,-44000
059646,聯茂凱基99購06  ,0,0,0,0,0,0,0,0,0,-44000,0,0,0,8000,52000,-44000,-44000
058267,奇鋐永豐99購01  ,0,0,0,0,0,0,0,0,0,-44000,0,0,0,158000,202000,-44000,-44000
062052,華通統一01購01  ,0,0,0,0,0,0,0,0,0,-44000,0,0,0,0,44000,-44000,-44000
059460,GIS永豐99購02   ,0,0,0,0,0,0,0,0,0,-44000,0,0,0,6000,50000,-44000,-44000
064086,旺宏凱基9C購01  ,0,0,0,0,0,0,0,0,0,-44000,0,0,0,183000,227000,-44000,-44000
063500,嘉晶永豐9B購02  ,0,0,0,0,0,0,0,0,0,-44000,0,0,0,6000,50000,-44000,-44000
063253,巨大元大9B購03  ,0,0,0,0,0,0,0,0,0,-44000,0,0,0,205000,249000,-44000,-44000
062659,台灣50群益9B購10,0,0,0,0,0,0,0,0,0,-44000,0,0,0,0,44000,-44000,-44000
062760,漢唐凱基9B購01  ,0,0,0,0,0,0,0,0,0,-44000,0,0,0,45000,89000,-44000,-44000
2816,旺旺保          ,1000,45000,-44000,0,0,0,0,0,0,0,0,0,0,0,0,0,-44000
08110P,臺股指中信01售05,0,0,0,0,0,0,0,0,0,-45000,0,0,0,227000,272000,-45000,-45000
08061P,大毅國票9B售04  ,0,0,0,0,0,0,0,0,0,-45000,0,0,0,10000,55000,-45000,-45000
07086P,力成元富9C售01  ,0,0,0,0,0,0,0,0,0,-45000,0,0,0,130000,175000,-45000,-45000
07005P,台積電統一9B售05,0,0,0,0,0,0,0,0,0,-45000,0,0,0,0,45000,-45000,-45000
07492P,臺股指國票9A售10,0,0,0,0,0,0,0,0,0,-45000,0,0,0,0,45000,-45000,-45000
065583,超眾國泰02購01  ,0,0,0,0,0,0,0,0,0,-45000,0,0,0,23000,68000,-45000,-45000
065346,台光電統一02購01,0,0,0,0,0,0,0,0,0,-45000,0,0,0,61000,106000,-45000,-45000
065152,燿華群益9C購02  ,0,0,0,0,0,0,0,0,0,-45000,0,0,0,55000,100000,-45000,-45000
065215,義隆國泰02購02  ,0,0,0,0,0,0,0,0,0,-45000,0,0,0,872000,917000,-45000,-45000
058016,智邦凱基98購06  ,0,0,0,0,0,0,0,0,0,-45000,0,0,0,50000,95000,-45000,-45000
058036,南電永豐98購01  ,0,0,0,0,0,0,0,0,0,-45000,0,0,0,12000,57000,-45000,-45000
057022,智邦凱基98購04  ,0,0,0,0,0,0,0,0,0,-45000,0,0,0,0,45000,-45000,-45000
054735,漢唐凱基98購01  ,0,0,0,0,0,0,0,0,0,-45000,0,0,0,40000,85000,-45000,-45000
053631,欣興兆豐97購01  ,0,0,0,0,0,0,0,0,0,-45000,0,0,0,17000,62000,-45000,-45000
058989,茂林凱基99購02  ,0,0,0,0,0,0,0,0,0,-45000,0,0,0,67000,112000,-45000,-45000
059055,旺宏凱基9B購02  ,0,0,0,0,0,0,0,0,0,-45000,0,0,0,22000,67000,-45000,-45000
059754,訊芯群益9A購01  ,0,0,0,0,0,0,0,0,0,-45000,0,0,0,177000,222000,-45000,-45000
058739,喬山中信99購01  ,0,0,0,0,0,0,0,0,0,-45000,0,0,0,3000,48000,-45000,-45000
064127,聯發科元大9C購06,0,0,0,0,0,0,0,0,0,-45000,0,0,0,0,45000,-45000,-45000
4581,光隆精密-KY     ,0,45000,-45000,0,0,0,0,0,0,0,0,0,0,0,0,0,-45000
065681,聯發科統一9C購17,0,0,0,0,0,0,0,0,0,-46000,0,0,0,0,46000,-46000,-46000
07992P,玉晶光群益01售04,0,0,0,0,0,0,0,0,0,-46000,0,0,0,334000,380000,-46000,-46000
07940P,國巨群益9B售06  ,0,0,0,0,0,0,0,0,0,-46000,0,0,0,19000,65000,-46000,-46000
055104,台達電凱基98購01,0,0,0,0,0,0,0,0,0,-46000,0,0,0,20000,66000,-46000,-46000
060552,群創凱基9B購05  ,0,0,0,0,0,0,0,0,0,-46000,0,0,0,0,46000,-46000,-46000
058952,南茂群益99購01  ,0,0,0,0,0,0,0,0,0,-46000,0,0,0,21000,67000,-46000,-46000
063702,聯發科群益9C購04,0,0,0,0,0,0,0,0,0,-46000,0,0,0,4000,50000,-46000,-46000
064307,聚陽群益9C購03  ,0,0,0,0,0,0,0,0,0,-46000,0,0,0,58000,104000,-46000,-46000
064345,創意元大9C購03  ,0,0,0,0,0,0,0,0,0,-46000,0,0,0,53000,99000,-46000,-46000
062188,貿聯元大9B購02  ,0,0,0,0,0,0,0,0,0,-46000,0,0,0,41000,87000,-46000,-46000
08389P,技嘉國票9C售01  ,0,0,0,0,0,0,0,0,0,-47000,0,0,0,0,47000,-47000,-47000
065559,超眾凱基9C購03  ,0,0,0,0,0,0,0,0,0,-47000,0,0,0,3000,50000,-47000,-47000
055114,新日興凱基98購01,0,0,0,0,0,0,0,0,0,-47000,0,0,0,1000,48000,-47000,-47000
057718,旺宏元富02購02  ,0,0,0,0,0,0,0,0,0,-47000,0,0,0,58000,105000,-47000,-47000
060673,旺宏元大9A購04  ,0,0,0,0,0,0,0,0,0,-47000,0,0,0,0,47000,-47000,-47000
061114,南電元大9A購04  ,0,0,0,0,0,0,0,0,0,-47000,0,0,0,10000,57000,-47000,-47000
061847,力山國票9B購01  ,0,0,0,0,0,0,0,0,0,-47000,0,0,0,44000,91000,-47000,-47000
060905,台積電元大9A購20,0,0,0,0,0,0,0,0,0,-47000,0,0,0,3000,50000,-47000,-47000
061072,南電凱基9B購01  ,0,0,0,0,0,0,0,0,0,-47000,0,0,0,26000,73000,-47000,-47000
059121,瑞儀永豐99購01  ,0,0,0,0,0,0,0,0,0,-47000,0,0,0,63000,110000,-47000,-47000
062355,華通元大9B購03  ,0,0,0,0,0,0,0,0,0,-47000,0,0,0,3000,50000,-47000,-47000
062578,超眾群益9B購01  ,0,0,0,0,0,0,0,0,0,-47000,0,0,0,2000,49000,-47000,-47000
063372,漢翔永豐9B購01  ,0,0,0,0,0,0,0,0,0,-47000,0,0,0,4000,51000,-47000,-47000
064763,祥碩凱基02購01  ,0,0,0,0,0,0,0,0,0,-47000,0,0,0,255000,302000,-47000,-47000
065625,聯發科兆豐9C購06,0,0,0,0,0,0,0,0,0,-48000,0,0,0,5000,53000,-48000,-48000
065799,友訊群益01購03  ,0,0,0,0,0,0,0,0,0,-48000,0,0,0,194000,242000,-48000,-48000
065269,貿聯元大9C購05  ,0,0,0,0,0,0,0,0,0,-48000,0,0,0,199000,247000,-48000,-48000
08121P,聯發科國票9B售05,0,0,0,0,0,0,0,0,0,-48000,0,0,0,2000,50000,-48000,-48000
061087,國巨統一01購04  ,0,0,0,0,0,0,0,0,0,-48000,0,0,0,20000,68000,-48000,-48000
058934,台灣50中信03購03,0,0,0,0,0,0,0,0,0,-48000,0,0,0,0,48000,-48000,-48000
058516,健鼎元大99購02  ,0,0,0,0,0,0,0,0,0,-48000,0,0,0,38000,86000,-48000,-48000
061604,台光電凱基9B購01,0,0,0,0,0,0,0,0,0,-48000,0,0,0,42000,90000,-48000,-48000
058080,台積電群益98購06,0,0,0,0,0,0,0,0,0,-48000,0,0,0,0,48000,-48000,-48000
059851,晶相光永豐99購02,0,0,0,0,0,0,0,0,0,-48000,0,0,0,32000,80000,-48000,-48000
059889,華新科國票99購04,0,0,0,0,0,0,0,0,0,-48000,0,0,0,48000,96000,-48000,-48000
064737,中石化國票01購01,0,0,0,0,0,0,0,0,0,-48000,0,0,0,0,48000,-48000,-48000
063660,儒鴻統一9C購01  ,0,0,0,0,0,0,0,0,0,-48000,0,0,0,209000,257000,-48000,-48000
063334,復盛國票9B購01  ,0,0,0,0,0,0,0,0,0,-48000,0,0,0,46000,94000,-48000,-48000
063017,台光電元大9B購07,0,0,0,0,0,0,0,0,0,-48000,0,0,0,109000,157000,-48000,-48000
063050,葡萄王統一01購01,0,0,0,0,0,0,0,0,0,-48000,0,0,0,262000,310000,-48000,-48000
063038,富邦金凱基9B購02,0,0,0,0,0,0,0,0,0,-48000,0,0,0,77000,125000,-48000,-48000
063113,聯茂兆豐9B購01  ,0,0,0,0,0,0,0,0,0,-48000,0,0,0,32000,80000,-48000,-48000
062689,華擎統一02購01  ,0,0,0,0,0,0,0,0,0,-48000,0,0,0,0,48000,-48000,-48000
062363,燿華元大9B購03  ,0,0,0,0,0,0,0,0,0,-48000,0,0,0,5000,53000,-48000,-48000
065627,貿聯兆豐9C購02  ,0,0,0,0,0,0,0,0,0,-49000,0,0,0,45000,94000,-49000,-49000
057440,台積電統一98購10,0,0,0,0,0,0,0,0,0,-49000,0,0,0,63000,112000,-49000,-49000
03662C,FBVIX凱基03牛01 ,0,0,0,0,0,0,0,0,0,-49000,0,0,0,35000,84000,-49000,-49000
061389,華新科群益9B購01,0,0,0,0,0,0,0,0,0,-49000,0,0,0,12000,61000,-49000,-49000
060895,華新科凱基9B購05,0,0,0,0,0,0,0,0,0,-49000,0,0,0,1000,50000,-49000,-49000
058723,元石油國泰9A購01,0,0,0,0,0,0,0,0,0,-49000,0,0,0,0,49000,-49000,-49000
058298,聯茂凱基99購05  ,0,0,0,0,0,0,0,0,0,-49000,0,0,0,1000,50000,-49000,-49000
058342,鴻海群益9A購01  ,0,0,0,0,0,0,0,0,0,-49000,0,0,0,34000,83000,-49000,-49000
061316,台積電凱基9A購24,0,0,0,0,0,0,0,0,0,-49000,0,0,0,2000,51000,-49000,-49000
062642,帆宣國票9B購01  ,0,0,0,0,0,0,0,0,0,-49000,0,0,0,50000,99000,-49000,-49000
062801,宏達電統一01購01,0,0,0,0,0,0,0,0,0,-49000,0,0,0,427000,476000,-49000,-49000
063144,超眾統一9C購02  ,0,0,0,0,0,0,0,0,0,-49000,0,0,0,8000,57000,-49000,-49000
063079,儒鴻凱基9B購01  ,0,0,0,0,0,0,0,0,0,-49000,0,0,0,21000,70000,-49000,-49000
063711,高鐵凱基9B購01  ,0,0,0,0,0,0,0,0,0,-49000,0,0,0,11000,60000,-49000,-49000
063838,上銀元大9C購01  ,0,0,0,0,0,0,0,0,0,-49000,0,0,0,0,49000,-49000,-49000
064728,健策統一9C購04  ,0,0,0,0,0,0,0,0,0,-49000,0,0,0,15000,64000,-49000,-49000
064597,鴻海元富9C購03  ,0,0,0,0,0,0,0,0,0,-49000,0,0,0,3020000,3069000,-49000,-49000
4576,大銀微系統      ,114000,163000,-49000,0,0,0,0,0,0,0,0,0,0,0,0,0,-49000
065696,旺宏群益9C購06  ,0,0,0,0,0,0,0,0,0,-50000,0,0,0,41000,91000,-50000,-50000
065736,同欣電凱基9C購05,0,0,0,0,0,0,0,0,0,-50000,0,0,0,0,50000,-50000,-50000
065859,GIS元大9C購10   ,0,0,0,0,0,0,0,0,0,-50000,0,0,0,0,50000,-50000,-50000
065930,矽格國票02購01  ,0,0,0,0,0,0,0,0,0,-50000,0,0,0,0,50000,-50000,-50000
06599P,宏達電永豐98售02,0,0,0,0,0,0,0,0,0,-50000,0,0,0,12000,62000,-50000,-50000
065239,超眾凱基02購02  ,0,0,0,0,0,0,0,0,0,-50000,0,0,0,1000,51000,-50000,-50000
065168,台積電元大02購02,0,0,0,0,0,0,0,0,0,-50000,0,0,0,50000,100000,-50000,-50000
065139,華通凱基03購01  ,0,0,0,0,0,0,0,0,0,-50000,0,0,0,87000,137000,-50000,-50000
064802,台積電元大01購04,0,0,0,0,0,0,0,0,0,-50000,0,0,0,61000,111000,-50000,-50000
065039,國巨凱基02購02  ,0,0,0,0,0,0,0,0,0,-50000,0,0,0,0,50000,-50000,-50000
07987P,大立光統一9B售13,0,0,0,0,0,0,0,0,0,-50000,0,0,0,0,50000,-50000,-50000
08016P,臺股指凱基02售02,0,0,0,0,0,0,0,0,0,-50000,0,0,0,0,50000,-50000,-50000
07856P,力成凱基9A售02  ,0,0,0,0,0,0,0,0,0,-50000,0,0,0,18000,68000,-50000,-50000
07660P,聯茂凱基9A售03  ,0,0,0,0,0,0,0,0,0,-50000,0,0,0,0,50000,-50000,-50000
07583P,台積電富邦9B售05,0,0,0,0,0,0,0,0,0,-50000,0,0,0,0,50000,-50000,-50000
07749P,台郡凱基9A售01  ,0,0,0,0,0,0,0,0,0,-50000,0,0,0,0,50000,-50000,-50000
07410P,鴻海元大99售44  ,0,0,0,0,0,0,0,0,0,-50000,0,0,0,0,50000,-50000,-50000
07259P,滬深2X國票01售01,0,0,0,0,0,0,0,0,0,-50000,0,0,0,0,50000,-50000,-50000
07371P,滬深2X元大99售07,0,0,0,0,0,0,0,0,0,-50000,0,0,0,0,50000,-50000,-50000
07361P,聯發科元大99售34,0,0,0,0,0,0,0,0,0,-50000,0,0,0,0,50000,-50000,-50000
06908P,健策國泰99售02  ,0,0,0,0,0,0,0,0,0,-50000,0,0,0,40000,90000,-50000,-50000
07106P,國巨統一9B售05  ,0,0,0,0,0,0,0,0,0,-50000,0,0,0,0,50000,-50000,-50000
07140P,台灣50日盛99售01,0,0,0,0,0,0,0,0,0,-50000,0,0,0,70000,120000,-50000,-50000
07051P,大立光中信99售02,0,0,0,0,0,0,0,0,0,-50000,0,0,0,0,50000,-50000,-50000
08520P,和大元大9C售04  ,0,0,0,0,0,0,0,0,0,-50000,0,0,0,37000,87000,-50000,-50000
08327P,聯發科兆豐9C售03,0,0,0,0,0,0,0,0,0,-50000,0,0,0,50000,100000,-50000,-50000
052491,泰碩國票99購01  ,0,0,0,0,0,0,0,0,0,-50000,0,0,0,0,50000,-50000,-50000
047885,元金2X富邦99購01,0,0,0,0,0,0,0,0,0,-50000,0,0,0,0,50000,-50000,-50000
055949,亞德客元大97購04,0,0,0,0,0,0,0,0,0,-50000,0,0,0,0,50000,-50000,-50000
054416,禾伸堂元大97購01,0,0,0,0,0,0,0,0,0,-50000,0,0,0,0,50000,-50000,-50000
057936,健策群益99購01  ,0,0,0,0,0,0,0,0,0,-50000,0,0,0,7000,57000,-50000,-50000
058043,鴻海元大98購13  ,0,0,0,0,0,0,0,0,0,-50000,0,0,0,31000,81000,-50000,-50000
056141,聯茂元大97購05  ,0,0,0,0,0,0,0,0,0,-50000,0,0,0,0,50000,-50000,-50000
056427,上銀凱基98購03  ,0,0,0,0,0,0,0,0,0,-50000,0,0,0,0,50000,-50000,-50000
056484,聯茂元大98購02  ,0,0,0,0,0,0,0,0,0,-50000,0,0,0,0,50000,-50000,-50000
060824,旺宏元大9A購06  ,0,0,0,0,0,0,0,0,0,-50000,0,0,0,0,50000,-50000,-50000
060737,瑞儀統一9C購01  ,0,0,0,0,0,0,0,0,0,-50000,0,0,0,0,50000,-50000,-50000
057543,華通凱基99購02  ,0,0,0,0,0,0,0,0,0,-50000,0,0,0,0,50000,-50000,-50000
057357,超眾統一98購01  ,0,0,0,0,0,0,0,0,0,-50000,0,0,0,0,50000,-50000,-50000
057646,玉山金元大98購01,0,0,0,0,0,0,0,0,0,-50000,0,0,0,50000,100000,-50000,-50000
056403,茂林群益98購01  ,0,0,0,0,0,0,0,0,0,-50000,0,0,0,0,50000,-50000,-50000
059166,友達凱基99購05  ,0,0,0,0,0,0,0,0,0,-50000,0,0,0,0,50000,-50000,-50000
059326,康友元大99購01  ,0,0,0,0,0,0,0,0,0,-50000,0,0,0,62000,112000,-50000,-50000
059721,旺宏元大99購16  ,0,0,0,0,0,0,0,0,0,-50000,0,0,0,9000,59000,-50000,-50000
061258,華通凱基9A購06  ,0,0,0,0,0,0,0,0,0,-50000,0,0,0,0,50000,-50000,-50000
061297,台積電富邦9C購09,0,0,0,0,0,0,0,0,0,-50000,0,0,0,0,50000,-50000,-50000
058515,健鼎元大99購01  ,0,0,0,0,0,0,0,0,0,-50000,0,0,0,0,50000,-50000,-50000
061232,和大元大9A購03  ,0,0,0,0,0,0,0,0,0,-50000,0,0,0,10000,60000,-50000,-50000
060900,超眾凱基9B購01  ,0,0,0,0,0,0,0,0,0,-50000,0,0,0,73000,123000,-50000,-50000
060611,同欣電凱基9A購02,0,0,0,0,0,0,0,0,0,-50000,0,0,0,0,50000,-50000,-50000
060471,台勝科元大9B購01,0,0,0,0,0,0,0,0,0,-50000,0,0,0,0,50000,-50000,-50000
060511,群創元大9B購08  ,0,0,0,0,0,0,0,0,0,-50000,0,0,0,38000,88000,-50000,-50000
061407,鴻海國票9A購07  ,0,0,0,0,0,0,0,0,0,-50000,0,0,0,0,50000,-50000,-50000
059044,聯電日盛99購02  ,0,0,0,0,0,0,0,0,0,-50000,0,0,0,0,50000,-50000,-50000
060228,亞德客元大9A購01,0,0,0,0,0,0,0,0,0,-50000,0,0,0,0,50000,-50000,-50000
060097,華新科元大99購23,0,0,0,0,0,0,0,0,0,-50000,0,0,0,2000,52000,-50000,-50000
060002,T50反1群益9A購01,0,0,0,0,0,0,0,0,0,-50000,0,0,0,0,50000,-50000,-50000
061665,旺宏中信9C購01  ,0,0,0,0,0,0,0,0,0,-50000,0,0,0,0,50000,-50000,-50000
058966,元油2X日盛99購03,0,0,0,0,0,0,0,0,0,-50000,0,0,0,0,50000,-50000,-50000
061794,國巨永豐9B購01  ,0,0,0,0,0,0,0,0,0,-50000,0,0,0,0,50000,-50000,-50000
064625,健策元大01購02  ,0,0,0,0,0,0,0,0,0,-50000,0,0,0,77000,127000,-50000,-50000
064561,友達群益9C購02  ,0,0,0,0,0,0,0,0,0,-50000,0,0,0,0,50000,-50000,-50000
064428,裕隆凱基02購01  ,0,0,0,0,0,0,0,0,0,-50000,0,0,0,0,50000,-50000,-50000
064260,矽創富邦9C購01  ,0,0,0,0,0,0,0,0,0,-50000,0,0,0,0,50000,-50000,-50000
063843,台積電元大9C購03,0,0,0,0,0,0,0,0,0,-50000,0,0,0,0,50000,-50000,-50000
063851,健策元大01購01  ,0,0,0,0,0,0,0,0,0,-50000,0,0,0,133000,183000,-50000,-50000
063730,台積電元大9B購09,0,0,0,0,0,0,0,0,0,-50000,0,0,0,0,50000,-50000,-50000
063712,高鐵凱基9C購01  ,0,0,0,0,0,0,0,0,0,-50000,0,0,0,0,50000,-50000,-50000
064122,國巨元大9C購17  ,0,0,0,0,0,0,0,0,0,-50000,0,0,0,16000,66000,-50000,-50000
064018,儒鴻元大9C購02  ,0,0,0,0,0,0,0,0,0,-50000,0,0,0,0,50000,-50000,-50000
064022,台積電元大9C購07,0,0,0,0,0,0,0,0,0,-50000,0,0,0,0,50000,-50000,-50000
063072,裕隆永豐9B購01  ,0,0,0,0,0,0,0,0,0,-50000,0,0,0,5000,55000,-50000,-50000
062935,華通凱基9C購02  ,0,0,0,0,0,0,0,0,0,-50000,0,0,0,0,50000,-50000,-50000
063119,華通元大9B購07  ,0,0,0,0,0,0,0,0,0,-50000,0,0,0,5000,55000,-50000,-50000
063085,嘉澤凱基9C購01  ,0,0,0,0,0,0,0,0,0,-50000,0,0,0,0,50000,-50000,-50000
063217,元金2X群益9B購03,0,0,0,0,0,0,0,0,0,-50000,0,0,0,0,50000,-50000,-50000
063329,健策國票9C購01  ,0,0,0,0,0,0,0,0,0,-50000,0,0,0,11000,61000,-50000,-50000
063307,同欣電凱基9B購02,0,0,0,0,0,0,0,0,0,-50000,0,0,0,0,50000,-50000,-50000
063461,金像電元大9B購03,0,0,0,0,0,0,0,0,0,-50000,0,0,0,0,50000,-50000,-50000
062894,道瓊銀元大9B購02,0,0,0,0,0,0,0,0,0,-50000,0,0,0,0,50000,-50000,-50000
062757,華通凱基9B購02  ,0,0,0,0,0,0,0,0,0,-50000,0,0,0,0,50000,-50000,-50000
062522,同欣電元大9B購02,0,0,0,0,0,0,0,0,0,-50000,0,0,0,13000,63000,-50000,-50000
062284,華擎群益9C購03  ,0,0,0,0,0,0,0,0,0,-50000,0,0,0,0,50000,-50000,-50000
062307,華通凱基9C購01  ,0,0,0,0,0,0,0,0,0,-50000,0,0,0,1000,51000,-50000,-50000
6136,富爾特          ,22000,72000,-50000,0,0,0,0,0,0,0,0,0,0,0,0,0,-50000
2415,錩新            ,10000,48000,-38000,0,0,0,0,0,0,-12000,0,12000,-12000,0,0,0,-50000
08261P,玉晶光元大9C售08,0,0,0,0,0,0,0,0,0,-51000,0,0,0,50000,101000,-51000,-51000
08171P,嘉澤國票9C售01  ,0,0,0,0,0,0,0,0,0,-51000,0,0,0,0,51000,-51000,-51000
08393P,鴻海群益9C售05  ,0,0,0,0,0,0,0,0,0,-51000,0,0,0,1404000,1455000,-51000,-51000
08414P,超眾凱基9C售02  ,0,0,0,0,0,0,0,0,0,-51000,0,0,0,200000,251000,-51000,-51000
07010P,T50正2凱基9C售01,0,0,0,0,0,0,0,0,0,-51000,0,0,0,0,51000,-51000,-51000
07090P,台灣50凱基01售01,0,0,0,0,0,0,0,0,0,-51000,0,0,0,0,51000,-51000,-51000
07720P,臺股指群益9A售09,0,0,0,0,0,0,0,0,0,-51000,0,0,0,0,51000,-51000,-51000
07708P,玉晶光元大9A售13,0,0,0,0,0,0,0,0,0,-51000,0,0,0,89000,140000,-51000,-51000
08026P,臺股指凱基9B售12,0,0,0,0,0,0,0,0,0,-51000,0,0,0,0,51000,-51000,-51000
057508,康控國票99購03  ,0,0,0,0,0,0,0,0,0,-51000,0,0,0,136000,187000,-51000,-51000
061124,微星永豐9A購02  ,0,0,0,0,0,0,0,0,0,-51000,0,0,0,536000,587000,-51000,-51000
057063,立積國泰9A購01  ,0,0,0,0,0,0,0,0,0,-51000,0,0,0,50000,101000,-51000,-51000
055701,亞德客富邦99購01,0,0,0,0,0,0,0,0,0,-51000,0,0,0,0,51000,-51000,-51000
061482,健策元大9C購01  ,0,0,0,0,0,0,0,0,0,-51000,0,0,0,5000,56000,-51000,-51000
061489,高鐵兆豐9A購01  ,0,0,0,0,0,0,0,0,0,-51000,0,0,0,130000,181000,-51000,-51000
060232,友訊元大9C購01  ,0,0,0,0,0,0,0,0,0,-51000,0,0,0,37000,88000,-51000,-51000
061262,智邦凱基9A購02  ,0,0,0,0,0,0,0,0,0,-51000,0,0,0,80000,131000,-51000,-51000
062937,旺宏凱基9B購08  ,0,0,0,0,0,0,0,0,0,-51000,0,0,0,116000,167000,-51000,-51000
064020,華通元大01購01  ,0,0,0,0,0,0,0,0,0,-51000,0,0,0,5000,56000,-51000,-51000
08117P,聯發科元富9B售04,0,0,0,0,0,0,0,0,0,-52000,0,0,0,58000,110000,-52000,-52000
07714P,世紀鋼元大9A售03,0,0,0,0,0,0,0,0,0,-52000,0,0,0,0,52000,-52000,-52000
08561P,台表科國票01售02,0,0,0,0,0,0,0,0,0,-52000,0,0,0,0,52000,-52000,-52000
2030,彰源            ,1000,53000,-52000,0,0,0,0,0,0,0,0,0,0,0,0,0,-52000
065742,宏達電麥證9C購01,0,0,0,37000,89000,-52000,0,0,0,-52000,0,0,0,37000,89000,-52000,-52000
065646,健鼎元大9C購04  ,0,0,0,0,0,0,0,0,0,-52000,0,0,0,0,52000,-52000,-52000
055730,建準元富97購02  ,0,0,0,0,0,0,0,0,0,-52000,0,0,0,0,52000,-52000,-52000
061150,國巨群益9A購09  ,0,0,0,0,0,0,0,0,0,-52000,0,0,0,25000,77000,-52000,-52000
058673,華新科群益9A購02,0,0,0,0,0,0,0,0,0,-52000,0,0,0,5000,57000,-52000,-52000
060449,元金2X元大9A購02,0,0,0,0,0,0,0,0,0,-52000,0,0,0,0,52000,-52000,-52000
063707,儒鴻凱基9C購01  ,0,0,0,0,0,0,0,0,0,-52000,0,0,0,79000,131000,-52000,-52000
064718,友達統一02購01  ,0,0,0,0,0,0,0,0,0,-52000,0,0,0,70000,122000,-52000,-52000
063473,茂林元大9B購05  ,0,0,0,0,0,0,0,0,0,-52000,0,0,0,176000,228000,-52000,-52000
063387,台積電兆豐9B購03,0,0,0,0,0,0,0,0,0,-52000,0,0,0,41000,93000,-52000,-52000
062423,聯發科統一9C購07,0,0,0,0,0,0,0,0,0,-52000,0,0,0,138000,190000,-52000,-52000
2206,三陽工業        ,55000,104000,-49000,0,0,0,0,3000,-3000,0,0,0,0,0,0,0,-52000
2501,國建            ,343000,383000,-40000,0,0,0,0,0,0,-12000,0,12000,-12000,0,0,0,-52000
3607,谷崧            ,23000,74000,-51000,0,0,0,0,0,0,-1000,0,1000,-1000,0,0,0,-52000
064852,智邦台新9C購04  ,0,0,0,0,0,0,0,0,0,-53000,0,0,0,32000,85000,-53000,-53000
057234,宏達電凱基98購05,0,0,0,0,0,0,0,0,0,-53000,0,0,0,33000,86000,-53000,-53000
056411,緯穎國票99購01  ,0,0,0,0,0,0,0,0,0,-53000,0,0,0,113000,166000,-53000,-53000
056041,禾伸堂凱基98購03,0,0,0,0,0,0,0,0,0,-53000,0,0,0,2000,55000,-53000,-53000
060435,鈺齊永豐9A購01  ,0,0,0,0,0,0,0,0,0,-53000,0,0,0,37000,90000,-53000,-53000
061065,神基凱基9A購01  ,0,0,0,0,0,0,0,0,0,-53000,0,0,0,18000,71000,-53000,-53000
061647,南六元大9A購03  ,0,0,0,0,0,0,0,0,0,-53000,0,0,0,5000,58000,-53000,-53000
062208,旭富國票9C購01  ,0,0,0,0,0,0,0,0,0,-53000,0,0,0,0,53000,-53000,-53000
063482,緯穎元大9B購09  ,0,0,0,0,0,0,0,0,0,-53000,0,0,0,174000,227000,-53000,-53000
062947,國巨富邦01購01  ,0,0,0,0,0,0,0,0,0,-53000,0,0,0,2000,55000,-53000,-53000
2850,新產            ,3000,47000,-44000,0,0,0,0,9000,-9000,0,0,0,0,0,0,0,-53000
065426,台積電凱基01購09,0,0,0,0,0,0,0,0,0,-54000,0,0,0,0,54000,-54000,-54000
065832,貿聯凱基02購03  ,0,0,0,0,0,0,0,0,0,-54000,0,0,0,50000,104000,-54000,-54000
06741P,台積電富邦98售04,0,0,0,0,0,0,0,0,0,-54000,0,0,0,30000,84000,-54000,-54000
08331P,義隆元富9C售02  ,0,0,0,0,0,0,0,0,0,-54000,0,0,0,40000,94000,-54000,-54000
07946P,華通統一9B售02  ,0,0,0,0,0,0,0,0,0,-54000,0,0,0,0,54000,-54000,-54000
061659,信邦永豐9A購01  ,0,0,0,0,0,0,0,0,0,-54000,0,0,0,450000,504000,-54000,-54000
059976,道瓊銀元大99購01,0,0,0,0,0,0,0,0,0,-54000,0,0,0,9000,63000,-54000,-54000
058218,緯穎群益99購01  ,0,0,0,0,0,0,0,0,0,-54000,0,0,0,110000,164000,-54000,-54000
061680,崇越元大9A購01  ,0,0,0,0,0,0,0,0,0,-54000,0,0,0,287000,341000,-54000,-54000
061530,智邦台新9A購02  ,0,0,0,0,0,0,0,0,0,-54000,0,0,0,4000,58000,-54000,-54000
060151,旺宏富邦9A購02  ,0,0,0,0,0,0,0,0,0,-54000,0,0,0,2000,56000,-54000,-54000
059036,可成群益9B購03  ,0,0,0,0,0,0,0,0,0,-54000,0,0,0,14000,68000,-54000,-54000
060926,宏達電永豐9A購01,0,0,0,0,0,0,0,0,0,-54000,0,0,0,39000,93000,-54000,-54000
060961,台光電凱基9A購03,0,0,0,0,0,0,0,0,0,-54000,0,0,0,2000,56000,-54000,-54000
063690,健鼎永豐9B購01  ,0,0,0,0,0,0,0,0,0,-54000,0,0,0,147000,201000,-54000,-54000
6277,宏正            ,4000,57000,-53000,0,0,0,0,0,0,-1000,0,1000,-1000,0,0,0,-54000
07902P,玉晶光國票01售01,0,0,0,0,0,0,0,0,0,-55000,0,0,0,130000,185000,-55000,-55000
07252P,台灣50凱基99售01,0,0,0,0,0,0,0,0,0,-55000,0,0,0,5000,60000,-55000,-55000
08447P,緯穎永豐9C售02  ,0,0,0,0,0,0,0,0,0,-55000,0,0,0,0,55000,-55000,-55000
1737,臺鹽            ,5000,45000,-40000,0,0,0,0,15000,-15000,0,0,0,0,0,0,0,-55000
065990,華擎永豐01購01  ,0,0,0,0,0,0,0,0,0,-55000,0,0,0,0,55000,-55000,-55000
065096,世芯元大9C購03  ,0,0,0,0,0,0,0,0,0,-55000,0,0,0,143000,198000,-55000,-55000
065160,聯茂群益9C購02  ,0,0,0,0,0,0,0,0,0,-55000,0,0,0,5000,60000,-55000,-55000
053291,旺宏中信9A購01  ,0,20000,-20000,0,0,0,0,0,0,-35000,0,0,0,36000,71000,-35000,-55000
056743,貿聯凱基98購04  ,0,0,0,0,0,0,0,0,0,-55000,0,0,0,50000,105000,-55000,-55000
057751,神達國票99購02  ,0,0,0,0,0,0,0,0,0,-55000,0,0,0,0,55000,-55000,-55000
060727,高股息中信9C購02,0,0,0,0,0,0,0,0,0,-55000,0,0,0,0,55000,-55000,-55000
060806,華新科群益9A購03,0,0,0,0,0,0,0,0,0,-55000,0,0,0,1000,56000,-55000,-55000
061553,南電群益9A購03  ,0,0,0,0,0,0,0,0,0,-55000,0,0,0,13000,68000,-55000,-55000
058297,茂林凱基9A購02  ,0,0,0,0,0,0,0,0,0,-55000,0,0,0,15000,70000,-55000,-55000
061355,康友元大9A購03  ,0,0,0,0,0,0,0,0,0,-55000,0,0,0,89000,144000,-55000,-55000
061917,亞德客凱基9B購02,0,0,0,0,0,0,0,0,0,-55000,0,0,0,0,55000,-55000,-55000
058969,亞德客永豐99購01,0,0,0,0,0,0,0,0,0,-55000,0,0,0,7000,62000,-55000,-55000
064352,嘉聯益元大9C購01,0,2000,-2000,0,0,0,0,0,0,-53000,0,0,0,82000,135000,-53000,-55000
062898,華通元大9B購05  ,0,0,0,0,0,0,0,0,0,-55000,0,0,0,0,55000,-55000,-55000
063125,華擎元大9C購02  ,0,0,0,0,0,0,0,0,0,-55000,0,0,0,101000,156000,-55000,-55000
062310,南亞科凱基9B購02,0,0,0,0,0,0,0,0,0,-55000,0,0,0,10000,65000,-55000,-55000
2466,冠西電          ,0,54000,-54000,0,0,0,0,0,0,-1000,0,1000,-1000,0,0,0,-55000
065955,健鼎統一01購03  ,0,0,0,0,0,0,0,0,0,-56000,0,0,0,0,56000,-56000,-56000
065907,南亞科永豐9C購01,0,0,0,0,0,0,0,0,0,-56000,0,0,0,0,56000,-56000,-56000
065902,燿華富邦02購01  ,0,0,0,0,0,0,0,0,0,-56000,0,0,0,0,56000,-56000,-56000
1531,高林股          ,0,54000,-54000,0,0,0,0,0,0,-2000,0,2000,-2000,0,0,0,-56000
08567P,台勝科群益9C售01,0,0,0,0,0,0,0,0,0,-56000,0,0,0,0,56000,-56000,-56000
056341,宏達電凱基9A購01,0,0,0,0,0,0,0,0,0,-56000,0,0,0,14000,70000,-56000,-56000
056434,國巨凱基98購03  ,0,0,0,0,0,0,0,0,0,-56000,0,0,0,109000,165000,-56000,-56000
055039,神達富邦99購01  ,0,0,0,0,0,0,0,0,0,-56000,0,0,0,0,56000,-56000,-56000
056922,全新兆豐99購01  ,0,0,0,0,0,0,0,0,0,-56000,0,0,0,41000,97000,-56000,-56000
058847,國巨群益99購05  ,0,0,0,0,0,0,0,0,0,-56000,0,0,0,22000,78000,-56000,-56000
058534,友達統一9B購01  ,0,0,0,0,0,0,0,0,0,-56000,0,0,0,49000,105000,-56000,-56000
061062,和大凱基9A購02  ,0,0,0,0,0,0,0,0,0,-56000,0,0,0,32000,88000,-56000,-56000
6230,超眾            ,170000,152000,18000,0,0,0,0,102000,-102000,28000,0,0,0,41000,13000,28000,-56000
6573,虹揚-KY         ,0,56000,-56000,0,0,0,0,0,0,0,0,0,0,0,0,0,-56000
08549P,大立光元大9C售25,0,0,0,0,0,0,0,0,0,-57000,0,0,0,0,57000,-57000,-57000
065992,立積永豐01購01  ,0,0,0,0,0,0,0,0,0,-57000,0,0,0,0,57000,-57000,-57000
056378,欣興元富98購01  ,0,0,0,0,0,0,0,0,0,-57000,0,0,0,24000,81000,-57000,-57000
058883,旭富永豐99購01  ,0,0,0,0,0,0,0,0,0,-57000,0,0,0,16000,73000,-57000,-57000
058909,神達元大99購03  ,0,0,0,0,0,0,0,0,0,-57000,0,0,0,11000,68000,-57000,-57000
058941,華新科中信99購03,0,0,0,0,0,0,0,0,0,-57000,0,0,0,75000,132000,-57000,-57000
061953,台積電台新9B購04,0,0,0,0,0,0,0,0,0,-57000,0,0,0,16000,73000,-57000,-57000
060245,聯陽元大9C購01  ,0,0,0,0,0,0,0,0,0,-57000,0,0,0,30000,87000,-57000,-57000
059957,中信金康和99購01,0,0,0,0,0,0,0,0,0,-57000,0,0,0,141000,198000,-57000,-57000
062982,同欣電元富9B購01,0,0,0,0,0,0,0,0,0,-57000,0,0,0,128000,185000,-57000,-57000
063382,南茂永豐9B購01  ,0,0,0,0,0,0,0,0,0,-57000,0,0,0,0,57000,-57000,-57000
2727,王品            ,75000,131000,-56000,0,0,0,0,1000,-1000,0,0,0,0,0,0,0,-57000
08230P,台表科國票9C售03,0,0,0,0,0,0,0,0,0,-58000,0,0,0,0,58000,-58000,-58000
1905,華紙            ,85000,142000,-57000,0,0,0,0,0,0,-1000,0,1000,-1000,0,0,0,-58000
056911,緯穎元大99購01  ,0,0,0,0,0,0,0,0,0,-58000,0,0,0,210000,268000,-58000,-58000
056769,國產元大98購01  ,0,0,0,0,0,0,0,0,0,-58000,0,0,0,342000,400000,-58000,-58000
063236,旺宏元大9B購07  ,0,0,0,0,0,0,0,0,0,-58000,0,0,0,65000,123000,-58000,-58000
064496,聯發科元大9C購10,0,0,0,0,0,0,0,0,0,-58000,0,0,0,0,58000,-58000,-58000
064503,日電貿元大9C購01,0,0,0,0,0,0,0,0,0,-58000,0,0,0,88000,146000,-58000,-58000
2882A,國泰特          ,0,0,0,0,0,0,0,0,0,-58000,3000,61000,-58000,0,0,0,-58000
2393,億光            ,227000,257000,-30000,0,0,0,0,0,0,-28000,0,5000,-5000,0,23000,-23000,-58000
6531,愛普            ,0,24000,-24000,0,0,0,0,0,0,-34000,10000,0,10000,2000,46000,-44000,-58000
07920P,大立光中信01售01,0,0,0,0,0,0,0,0,0,-59000,0,0,0,91000,150000,-59000,-59000
08003P,國巨國泰9B售07  ,0,0,0,0,0,0,0,0,0,-59000,0,0,0,20000,79000,-59000,-59000
065845,友達元大9C購12  ,0,0,0,0,0,0,0,0,0,-59000,0,0,0,0,59000,-59000,-59000
065308,葡萄王國票01購01,0,0,0,0,0,0,0,0,0,-59000,0,0,0,0,59000,-59000,-59000
057674,台郡元大99購03  ,0,0,0,0,0,0,0,0,0,-59000,0,0,0,399000,458000,-59000,-59000
061132,志超永豐9A購01  ,0,0,0,0,0,0,0,0,0,-59000,0,0,0,35000,94000,-59000,-59000
061947,旺宏群益9B購02  ,0,0,0,0,0,0,0,0,0,-59000,0,0,0,49000,108000,-59000,-59000
061975,華通元大9B購01  ,0,0,0,0,0,0,0,0,0,-59000,0,0,0,39000,98000,-59000,-59000
062028,晶技群益9B購01  ,0,0,0,0,0,0,0,0,0,-59000,0,0,0,69000,128000,-59000,-59000
059101,康控統一9A購01  ,0,0,0,0,0,0,0,0,0,-59000,0,0,0,698000,757000,-59000,-59000
064557,鴻海群益9C購04  ,0,0,0,0,0,0,0,0,0,-59000,0,0,0,32000,91000,-59000,-59000
064425,華新科兆豐9C購01,0,0,0,0,0,0,0,0,0,-59000,0,0,0,0,59000,-59000,-59000
064486,聚陽元大9C購01  ,0,0,0,0,0,0,0,0,0,-59000,0,0,0,96000,155000,-59000,-59000
063658,瑞祺元富9B購01  ,0,0,0,0,0,0,0,0,0,-59000,0,0,0,584000,643000,-59000,-59000
065332,漢唐國票01購02  ,0,0,0,0,0,0,0,0,0,-60000,0,0,0,16000,76000,-60000,-60000
065977,旭富元大02購01  ,0,0,0,0,0,0,0,0,0,-60000,0,0,0,26000,86000,-60000,-60000
065893,華新科統一02購02,0,0,0,0,0,0,0,0,0,-60000,0,0,0,10000,70000,-60000,-60000
07994P,臺股指群益9B售04,0,0,0,0,0,0,0,0,0,-60000,0,0,0,31000,91000,-60000,-60000
07253P,台灣50凱基9A售05,0,0,0,0,0,0,0,0,0,-60000,0,0,0,0,60000,-60000,-60000
08616P,聯發科元富9C售02,0,0,0,0,0,0,0,0,0,-60000,0,0,0,10000,70000,-60000,-60000
08271P,華通元富9C售01  ,0,0,0,0,0,0,0,0,0,-60000,0,0,0,544000,604000,-60000,-60000
061000,旺宏兆豐9A購02  ,0,0,0,0,0,0,0,0,0,-60000,0,0,0,0,60000,-60000,-60000
056345,嘉聯益凱基99購01,0,0,0,0,0,0,0,0,0,-60000,0,0,0,65000,125000,-60000,-60000
056423,奇鋐統一98購01  ,0,0,0,0,0,0,0,0,0,-60000,0,0,0,0,60000,-60000,-60000
056471,台光電元大99購01,0,0,0,0,0,0,0,0,0,-60000,0,0,0,22000,82000,-60000,-60000
054063,聯茂國票97購02  ,0,0,0,0,0,0,0,0,0,-60000,0,0,0,0,60000,-60000,-60000
055117,臻鼎凱基98購02  ,0,0,0,0,0,0,0,0,0,-60000,0,0,0,0,60000,-60000,-60000
055271,鴻海元大98購03  ,0,0,0,0,0,0,0,0,0,-60000,0,0,0,3000,63000,-60000,-60000
054586,健鼎國泰99購01  ,0,0,0,0,0,0,0,0,0,-60000,0,0,0,0,60000,-60000,-60000
00693U,街口S&P黃豆     ,126000,81000,45000,0,0,0,0,0,0,-105000,0,0,0,364000,469000,-105000,-60000
059248,華新科凱基99購04,0,0,0,0,0,0,0,0,0,-60000,0,0,0,0,60000,-60000,-60000
058801,致伸元大99購01  ,0,0,0,0,0,0,0,0,0,-60000,0,0,0,323000,383000,-60000,-60000
06050P,玉晶光國票98售01,0,0,0,0,0,0,0,0,0,-60000,0,0,0,140000,200000,-60000,-60000
05952P,台積電國票97售06,0,0,0,0,0,0,0,0,0,-60000,0,0,0,200000,260000,-60000,-60000
062122,國巨統一02購01  ,0,0,0,0,0,0,0,0,0,-60000,0,0,0,0,60000,-60000,-60000
061640,智原元大9A購01  ,0,0,0,0,0,0,0,0,0,-60000,0,0,0,667000,727000,-60000,-60000
061835,華新科凱基02購03,0,0,0,0,0,0,0,0,0,-60000,0,0,0,1000,61000,-60000,-60000
061836,華新科凱基05購01,0,0,0,0,0,0,0,0,0,-60000,0,0,0,1000,61000,-60000,-60000
060101,大立光元大99購31,0,0,0,0,0,0,0,0,0,-60000,0,0,0,0,60000,-60000,-60000
061367,瑞祺國票9A購01  ,0,0,0,0,0,0,0,0,0,-60000,0,0,0,98000,158000,-60000,-60000
059059,宏達電凱基99購03,0,0,0,0,0,0,0,0,0,-60000,0,0,0,54000,114000,-60000,-60000
063876,華新元富9C購01  ,0,0,0,0,0,0,0,0,0,-60000,0,0,0,85000,145000,-60000,-60000
064463,聯茂統一01購02  ,0,0,0,0,0,0,0,0,0,-60000,0,0,0,174000,234000,-60000,-60000
063166,超眾永豐9B購01  ,0,0,0,0,0,0,0,0,0,-60000,0,0,0,0,60000,-60000,-60000
062979,茂林元富9B購01  ,0,0,0,0,0,0,0,0,0,-60000,0,0,0,0,60000,-60000,-60000
063367,GIS富邦9B購01   ,0,0,0,0,0,0,0,0,0,-60000,0,0,0,60000,120000,-60000,-60000
063262,南六富邦9C購01  ,0,0,0,0,0,0,0,0,0,-60000,0,0,0,0,60000,-60000,-60000
062250,台積電元大9B購02,0,0,0,0,0,0,0,0,0,-60000,0,0,0,0,60000,-60000,-60000
062734,臺指反國票9C購03,0,0,0,0,0,0,0,0,0,-60000,0,0,0,305000,365000,-60000,-60000
062662,友達群益9B購02  ,0,0,0,0,0,0,0,0,0,-60000,0,0,0,0,60000,-60000,-60000
062615,亞德客元大9B購02,0,0,0,0,0,0,0,0,0,-60000,0,0,0,0,60000,-60000,-60000
6491,晶碩            ,400000,588000,-188000,0,0,0,270000,150000,120000,8000,157000,149000,8000,0,0,0,-60000
3533,嘉澤            ,242000,247000,-5000,0,0,0,0,41000,-41000,-14000,2000,11000,-9000,10000,15000,-5000,-60000
08360P,國巨國泰02售01  ,0,0,0,0,0,0,0,0,0,-61000,0,0,0,0,61000,-61000,-61000
065729,聯詠凱基9C購04  ,0,0,0,0,0,0,0,0,0,-61000,0,0,0,20000,81000,-61000,-61000
065717,創意中信9C購02  ,0,0,0,0,0,0,0,0,0,-61000,0,0,0,16000,77000,-61000,-61000
065199,華擎元富03購01  ,0,0,0,0,0,0,0,0,0,-61000,0,0,0,113000,174000,-61000,-61000
056851,瑞儀元富98購01  ,0,0,0,0,0,0,0,0,0,-61000,0,0,0,2000,63000,-61000,-61000
056156,禾伸堂凱基98購04,0,0,0,0,0,0,0,0,0,-61000,0,0,0,70000,131000,-61000,-61000
061105,宏達電元大9A購04,0,0,0,0,0,0,0,0,0,-61000,0,0,0,62000,123000,-61000,-61000
060419,漢翔永豐9A購01  ,0,0,0,0,0,0,0,0,0,-61000,0,0,0,3000,64000,-61000,-61000
060450,南亞元大9A購02  ,0,0,0,0,0,0,0,0,0,-61000,0,0,0,66000,127000,-61000,-61000
063406,麗豐國票9C購01  ,0,0,0,0,0,0,0,0,0,-61000,0,0,0,1000,62000,-61000,-61000
063556,儒鴻元大9B購02  ,0,0,0,0,0,0,0,0,0,-61000,0,0,0,117000,178000,-61000,-61000
064526,臺股指群益9C購11,0,0,0,0,0,0,0,0,0,-61000,0,0,0,0,61000,-61000,-61000
064614,友訊元大9C購02  ,0,0,0,0,0,0,0,0,0,-61000,0,0,0,0,61000,-61000,-61000
063873,南六永豐9C購01  ,0,0,0,0,0,0,0,0,0,-61000,0,0,0,7000,68000,-61000,-61000
063772,智邦富邦9B購02  ,0,0,0,0,0,0,0,0,0,-61000,0,0,0,0,61000,-61000,-61000
2476,鉅祥            ,24000,81000,-57000,0,0,0,0,0,0,-4422,0,4422,-4422,0,0,0,-61422
1733,五鼎            ,54000,120000,-66000,0,0,0,0,0,0,4000,4000,0,4000,0,0,0,-62000
07672P,南電元大9A售05  ,0,0,0,0,0,0,0,0,0,-62000,0,0,0,10000,72000,-62000,-62000
07611P,大立光國票9A售05,0,0,0,0,0,0,0,0,0,-62000,0,0,0,146000,208000,-62000,-62000
056202,國揚永豐97購01  ,0,0,0,0,0,0,0,0,0,-62000,0,0,0,133000,195000,-62000,-62000
057507,貿聯國票98購02  ,0,0,0,0,0,0,0,0,0,-62000,0,0,0,35000,97000,-62000,-62000
056852,矽格元富98購01  ,0,0,0,0,0,0,0,0,0,-62000,0,0,0,312000,374000,-62000,-62000
057877,神達元大99購01  ,0,0,0,0,0,0,0,0,0,-62000,0,0,0,68000,130000,-62000,-62000
05473P,聯詠統一97售02  ,0,0,0,0,0,0,0,0,0,-62000,0,0,0,60000,122000,-62000,-62000
061204,國巨元大9A購16  ,0,0,0,0,0,0,0,0,0,-62000,0,0,0,33000,95000,-62000,-62000
060388,世紀鋼凱基9B購01,0,0,0,0,0,0,0,0,0,-62000,0,0,0,0,62000,-62000,-62000
058559,華新科日盛99購02,0,0,0,0,0,0,0,0,0,-62000,0,0,0,105000,167000,-62000,-62000
061795,智邦永豐9B購01  ,0,0,0,0,0,0,0,0,0,-62000,0,0,0,18000,80000,-62000,-62000
063916,瀚宇博凱基01購01,0,0,0,0,0,0,0,0,0,-62000,0,0,0,536000,598000,-62000,-62000
063357,聯發科國泰01購04,10000,0,10000,0,0,0,0,0,0,-72000,0,0,0,82000,154000,-72000,-62000
063092,聯發科中信9B購03,0,0,0,0,0,0,0,0,0,-62000,0,0,0,1000,63000,-62000,-62000
2436,偉詮電          ,192000,250000,-58000,0,0,0,0,0,0,-4000,0,4000,-4000,0,0,0,-62000
08406P,緯穎元大9C售01  ,0,0,0,0,0,0,0,0,0,-63000,0,0,0,14000,77000,-63000,-63000
065728,嘉晶凱基9C購04  ,0,0,0,0,0,0,0,0,0,-63000,0,0,0,24000,87000,-63000,-63000
057930,旺宏群益99購04  ,0,0,0,0,0,0,0,0,0,-63000,0,0,0,183000,246000,-63000,-63000
056312,茂林元大98購01  ,0,0,0,0,0,0,0,0,0,-63000,0,0,0,5000,68000,-63000,-63000
056409,麗豐國票99購01  ,0,0,0,0,0,0,0,0,0,-63000,0,0,0,67000,130000,-63000,-63000
061939,中租國票9B購01  ,0,0,0,0,0,0,0,0,0,-63000,0,0,0,8000,71000,-63000,-63000
060061,旺宏兆豐99購02  ,0,0,0,0,0,0,0,0,0,-63000,0,0,0,51000,114000,-63000,-63000
059281,創意永豐99購02  ,0,0,0,0,0,0,0,0,0,-63000,0,0,0,152000,215000,-63000,-63000
061202,和大元大9A購02  ,0,0,0,0,0,0,0,0,0,-63000,0,0,0,0,63000,-63000,-63000
058836,FBVIX中信03購05 ,0,0,0,0,0,0,0,0,0,-63000,0,0,0,50000,113000,-63000,-63000
063313,南亞科群益9B購02,0,0,0,0,0,0,0,0,0,-63000,0,0,0,2000,65000,-63000,-63000
064191,聯發科中信03購01,0,0,0,0,0,0,0,0,0,-63000,0,0,0,13000,76000,-63000,-63000
064616,智邦元大9C購04  ,0,0,0,0,0,0,0,0,0,-63000,0,0,0,116000,179000,-63000,-63000
064471,國巨麥證9C購02  ,0,0,0,0,63000,-63000,0,0,0,-63000,0,0,0,0,63000,-63000,-63000
06677P,牧德國票98售02  ,0,0,0,0,0,0,0,0,0,-64000,0,0,0,0,64000,-64000,-64000
065238,聯茂凱基02購01  ,0,0,0,0,0,0,0,0,0,-64000,0,0,0,1000,65000,-64000,-64000
08543P,世芯國票01售02  ,0,0,0,0,0,0,0,0,0,-64000,0,0,0,0,64000,-64000,-64000
056124,華通國票98購02  ,0,0,0,0,0,0,0,0,0,-64000,0,0,0,8000,72000,-64000,-64000
055305,旺宏群益99購01  ,0,0,0,0,0,0,0,0,0,-64000,0,0,0,33000,97000,-64000,-64000
058773,和碩兆豐99購01  ,0,0,0,0,0,0,0,0,0,-64000,0,0,0,1000,65000,-64000,-64000
061567,華通元大9A購11  ,0,0,0,0,0,0,0,0,0,-64000,0,0,0,1000,65000,-64000,-64000
058583,臻鼎群益99購01  ,0,0,0,0,0,0,0,0,0,-64000,0,0,0,36000,100000,-64000,-64000
064292,南茂元大01購01  ,0,0,0,0,0,0,0,0,0,-64000,0,0,0,66000,130000,-64000,-64000
064131,群創元大01購02  ,0,0,0,0,0,0,0,0,0,-64000,0,0,0,22000,86000,-64000,-64000
063784,華通中信06購01  ,0,0,0,0,0,0,0,0,0,-64000,0,0,0,30000,94000,-64000,-64000
063464,廣達元大9B購02  ,0,0,0,0,0,0,0,0,0,-64000,0,0,0,282000,346000,-64000,-64000
063034,致茂凱基9B購01  ,0,0,0,0,0,0,0,0,0,-64000,0,0,0,99000,163000,-64000,-64000
2534,宏盛            ,23000,82000,-59000,0,0,0,0,0,0,-5000,0,1000,-1000,0,4000,-4000,-64000
6591,動力-KY         ,47000,112000,-65000,0,0,0,0,0,0,1000,2000,1000,1000,0,0,0,-64000
1611,中電            ,42000,119000,-77000,0,0,0,12000,0,12000,0,0,0,0,0,0,0,-65000
08049P,臺股指國票9B售14,0,0,0,0,0,0,0,0,0,-65000,0,0,0,0,65000,-65000,-65000
07387P,臺股指群益99售25,0,0,0,0,0,0,0,0,0,-65000,0,0,0,0,65000,-65000,-65000
065177,旭富元大9C購05  ,0,0,0,0,0,0,0,0,0,-65000,0,0,0,144000,209000,-65000,-65000
064801,鴻海元大9C購13  ,0,0,0,0,0,0,0,0,0,-65000,0,0,0,25000,90000,-65000,-65000
064913,燿華統一02購01  ,0,0,0,0,0,0,0,0,0,-65000,0,0,0,40000,105000,-65000,-65000
065844,南亞科元大9C購09,0,0,0,0,0,0,0,0,0,-65000,0,0,0,0,65000,-65000,-65000
065537,健鼎統一02購05  ,0,0,0,0,0,0,0,0,0,-65000,0,0,0,12000,77000,-65000,-65000
053901,T50反1凱基99購03,0,0,0,0,0,0,0,0,0,-65000,0,0,0,0,65000,-65000,-65000
03649C,T50反1凱基99牛05,0,0,0,0,0,0,0,0,0,-65000,0,0,0,0,65000,-65000,-65000
058383,道瓊指中信9C購02,0,0,0,0,0,0,0,0,0,-65000,0,0,0,0,65000,-65000,-65000
063080,裕隆凱基9B購01  ,0,0,0,0,0,0,0,0,0,-65000,0,0,0,0,65000,-65000,-65000
062759,旺宏凱基9B購07  ,0,0,0,0,0,0,0,0,0,-65000,0,0,0,34000,99000,-65000,-65000
063689,可成永豐9B購04  ,0,0,0,0,0,0,0,0,0,-65000,0,0,0,26000,91000,-65000,-65000
064757,義隆凱基01購02  ,0,0,0,0,0,0,0,0,0,-65000,0,0,0,230000,295000,-65000,-65000
3030,德律            ,52000,138000,-86000,0,0,0,0,0,0,21000,22000,1000,21000,0,0,0,-65000
057982,帆宣永豐98購01  ,0,0,0,0,0,0,0,0,0,-66000,0,0,0,0,66000,-66000,-66000
05692P,聯發科中信9A售02,0,0,0,0,0,0,0,0,0,-66000,0,0,0,44000,110000,-66000,-66000
060426,盛群永豐9A購01  ,0,0,0,0,0,0,0,0,0,-66000,0,0,0,133000,199000,-66000,-66000
061870,智邦元大9B購02  ,0,0,0,0,0,0,0,0,0,-66000,0,0,0,62000,128000,-66000,-66000
063887,香港2X中信02購01,0,0,0,0,0,0,0,0,0,-66000,0,0,0,0,66000,-66000,-66000
063232,裕隆元大9B購01  ,0,0,0,0,0,0,0,0,0,-66000,0,0,0,30000,96000,-66000,-66000
063285,華擎元大9B購03  ,0,0,0,0,0,0,0,0,0,-66000,0,0,0,83000,149000,-66000,-66000
2547,日勝生          ,88000,154000,-66000,0,0,0,0,0,0,0,0,0,0,0,0,0,-66000
065428,旺宏凱基03購01  ,0,0,0,0,0,0,0,0,0,-67000,0,0,0,0,67000,-67000,-67000
065105,巨大元大01購01  ,0,0,0,0,0,0,0,0,0,-67000,0,0,0,405000,472000,-67000,-67000
065393,旺宏群益9C購04  ,0,0,0,0,0,0,0,0,0,-67000,0,0,0,116000,183000,-67000,-67000
07815P,美律群益9A售04  ,0,0,0,0,0,0,0,0,0,-67000,0,0,0,0,67000,-67000,-67000
08386P,臺股指群益9C售14,0,0,0,0,0,0,0,0,0,-67000,0,0,0,195000,262000,-67000,-67000
056904,大立光元大99購05,0,0,0,0,0,0,0,0,0,-67000,0,0,0,70000,137000,-67000,-67000
054585,禾伸堂國泰99購01,0,0,0,0,0,0,0,0,0,-67000,0,0,0,0,67000,-67000,-67000
061106,群創元大9B購09  ,0,0,0,0,0,0,0,0,0,-67000,0,0,0,19000,86000,-67000,-67000
060197,臻鼎元富9A購02  ,0,0,0,0,0,0,0,0,0,-67000,0,0,0,4000,71000,-67000,-67000
059241,旺宏凱基99購07  ,0,0,0,0,0,0,0,0,0,-67000,0,0,0,116000,183000,-67000,-67000
059172,台郡凱基99購03  ,0,0,0,0,0,0,0,0,0,-67000,0,0,0,52000,119000,-67000,-67000
063320,旭富群益9B購03  ,0,0,0,0,0,0,0,0,0,-67000,0,0,0,100000,167000,-67000,-67000
063385,可成中信9C購01  ,0,0,0,0,0,0,0,0,0,-67000,0,0,0,39000,106000,-67000,-67000
062577,泰鼎群益9B購01  ,0,0,0,0,0,0,0,0,0,-67000,0,0,0,386000,453000,-67000,-67000
062328,南亞科統一9C購01,0,0,0,0,0,0,0,0,0,-67000,0,0,0,213000,280000,-67000,-67000
063909,旺宏凱基02購01  ,0,0,0,0,0,0,0,0,0,-67000,0,0,0,26000,93000,-67000,-67000
064695,京鼎群益02購02  ,0,0,0,0,0,0,0,0,0,-67000,0,0,0,70000,137000,-67000,-67000
064382,台積電國泰01購01,0,0,0,0,0,0,0,0,0,-67000,0,0,0,65000,132000,-67000,-67000
064827,友達統一02購02  ,0,0,0,0,0,0,0,0,0,-68000,0,0,0,57000,125000,-68000,-68000
064990,世紀鋼元大01購01,0,0,0,0,0,0,0,0,0,-68000,0,0,0,0,68000,-68000,-68000
065854,臻鼎元大9C購05  ,0,0,0,0,0,0,0,0,0,-68000,0,0,0,11000,79000,-68000,-68000
061122,敬鵬永豐9A購01  ,0,0,0,0,0,0,0,0,0,-68000,0,0,0,5000,73000,-68000,-68000
061155,華新科群益9A購06,0,0,0,0,0,0,0,0,0,-68000,0,0,0,41000,109000,-68000,-68000
060722,矽格永豐9A購01  ,0,0,0,0,0,0,0,0,0,-68000,0,0,0,228000,296000,-68000,-68000
058051,同欣電元大98購03,0,0,0,0,0,0,0,0,0,-68000,0,0,0,0,68000,-68000,-68000
054799,超眾群益98購01  ,0,0,0,0,0,0,0,0,0,-68000,0,0,0,0,68000,-68000,-68000
056849,瀚宇博元富98購01,0,0,0,0,0,0,0,0,0,-68000,0,0,0,855000,923000,-68000,-68000
061295,台積電國泰9B購02,0,0,0,0,0,0,0,0,0,-68000,0,0,0,55000,123000,-68000,-68000
058488,華擎國票9A購01  ,0,0,0,0,0,0,0,0,0,-68000,0,0,0,28000,96000,-68000,-68000
058600,國巨元大99購15  ,0,0,0,0,0,0,0,0,0,-68000,0,0,0,0,68000,-68000,-68000
058608,華新科元大99購13,0,0,0,0,0,0,0,0,0,-68000,0,0,0,2000,70000,-68000,-68000
058704,台積電元大99購17,0,0,0,0,0,0,0,0,0,-68000,0,0,0,0,68000,-68000,-68000
060208,卜蜂康和9A購01  ,0,0,0,0,0,0,0,0,0,-68000,0,0,0,46000,114000,-68000,-68000
060019,彰銀康和99購01  ,0,0,0,0,0,0,0,0,0,-68000,0,0,0,0,68000,-68000,-68000
061984,華新科元大9B購05,0,0,0,0,0,0,0,0,0,-68000,0,0,0,0,68000,-68000,-68000
064655,聚陽元大9C購02  ,0,0,0,0,0,0,0,0,0,-68000,0,0,0,220000,288000,-68000,-68000
063793,和大凱基9C購01  ,0,0,0,0,0,0,0,0,0,-68000,0,0,0,0,68000,-68000,-68000
063617,鴻海兆豐01購01  ,0,0,0,0,0,0,0,0,0,-68000,0,0,0,7000,75000,-68000,-68000
062253,燿華元大9B購02  ,0,0,0,0,0,0,0,0,0,-68000,0,0,0,0,68000,-68000,-68000
063276,和大元大9B購01  ,0,0,0,0,0,0,0,0,0,-68000,0,0,0,0,68000,-68000,-68000
065421,康友國票01購01  ,0,0,0,0,0,0,0,0,0,-69000,0,0,0,185000,254000,-69000,-69000
065473,鴻海元大9C購14  ,0,0,0,0,0,0,0,0,0,-69000,0,0,0,33000,102000,-69000,-69000
08055P,臺股指國票9B售20,0,0,0,0,0,0,0,0,0,-69000,0,0,0,108000,177000,-69000,-69000
056910,超眾元大99購02  ,0,0,0,0,0,0,0,0,0,-69000,0,0,0,155000,224000,-69000,-69000
053730,樺漢凱基98購01  ,0,0,0,0,0,0,0,0,0,-69000,0,0,0,31000,100000,-69000,-69000
057637,上銀元大98購07  ,0,0,0,0,0,0,0,0,0,-69000,0,0,0,15000,84000,-69000,-69000
061950,日月光群益9B購01,0,0,0,0,0,0,0,0,0,-69000,0,0,0,35000,104000,-69000,-69000
060056,大立光凱基9B購01,0,0,0,0,0,0,0,0,0,-69000,0,0,0,0,69000,-69000,-69000
060945,緯穎國票9A購02  ,0,0,0,0,0,0,0,0,0,-69000,0,0,0,227000,296000,-69000,-69000
059714,A50正2元大9C購01,0,0,0,0,0,0,0,0,0,-69000,0,0,0,0,69000,-69000,-69000
062254,台光電元大9B購02,0,0,0,0,0,0,0,0,0,-69000,0,0,0,30000,99000,-69000,-69000
064457,禾伸堂統一01購02,0,0,0,0,0,0,0,0,0,-69000,0,0,0,1000,70000,-69000,-69000
064238,玉晶光統一01購08,0,0,0,0,0,0,0,0,0,-69000,0,0,0,405000,474000,-69000,-69000
4551,智伸科          ,96000,119069,-23069,0,0,0,0,0,0,-46000,0,8000,-8000,9000,47000,-38000,-69069
3027,盛達            ,209000,278000,-69000,0,0,0,0,0,0,-224,0,224,-224,0,0,0,-69224
06845P,億光元大98售02  ,0,0,0,0,0,0,0,0,0,-70000,0,0,0,10000,80000,-70000,-70000
08505P,臺股指國票9C售07,0,0,0,0,0,0,0,0,0,-70000,0,0,0,0,70000,-70000,-70000
2015,豐興            ,36000,35000,1000,0,0,0,0,68000,-68000,-3000,0,3000,-3000,0,0,0,-70000
065675,茂林凱基03購01  ,0,0,0,0,0,0,0,0,0,-70000,0,0,0,111000,181000,-70000,-70000
065324,聯發科凱基9C購10,0,0,0,0,0,0,0,0,0,-70000,0,0,0,0,70000,-70000,-70000
060742,臺指反國票9B購02,0,0,0,0,0,0,0,0,0,-70000,0,0,0,0,70000,-70000,-70000
060698,旺宏國泰9C購01  ,0,0,0,0,0,0,0,0,0,-70000,0,0,0,203000,273000,-70000,-70000
056145,緯穎元大98購03  ,0,0,0,0,0,0,0,0,0,-70000,0,0,0,9000,79000,-70000,-70000
056364,亞光元大99購02  ,0,0,0,0,0,0,0,0,0,-70000,0,0,0,0,70000,-70000,-70000
054383,傳奇群益97購01  ,0,0,0,0,0,0,0,0,0,-70000,0,0,0,0,70000,-70000,-70000
058659,力成中信99購01  ,0,0,0,0,0,0,0,0,0,-70000,0,0,0,6000,76000,-70000,-70000
061906,統一中信9B購01  ,0,0,0,0,0,0,0,0,0,-70000,0,0,0,0,70000,-70000,-70000
062133,大成鋼群益9B購01,0,0,0,0,0,0,0,0,0,-70000,0,0,0,30000,100000,-70000,-70000
064363,聯發科統一9C購14,0,0,0,0,0,0,0,0,0,-70000,0,0,0,4000,74000,-70000,-70000
064648,臻鼎凱基9C購02  ,0,0,0,0,0,0,0,0,0,-70000,0,0,0,60000,130000,-70000,-70000
064667,大立光元大02購01,0,0,0,0,0,0,0,0,0,-70000,0,0,0,45000,115000,-70000,-70000
063708,上銀凱基9B購06  ,0,0,0,0,0,0,0,0,0,-70000,0,0,0,0,70000,-70000,-70000
063716,旺宏兆豐9B購01  ,0,0,0,0,0,0,0,0,0,-70000,0,0,0,0,70000,-70000,-70000
062464,T50反1凱基9C購03,0,0,0,0,0,0,0,0,0,-70000,0,0,0,0,70000,-70000,-70000
065556,旭富凱基9C購02  ,0,0,0,0,0,0,0,0,0,-71000,0,0,0,86000,157000,-71000,-71000
1457,宜進            ,0,51000,-51000,0,0,0,0,20000,-20000,0,0,0,0,0,0,0,-71000
07057P,大立光康和9B售02,0,0,0,0,0,0,0,0,0,-71000,0,0,0,40000,111000,-71000,-71000
056892,旺宏元大9A購02  ,0,0,0,0,0,0,0,0,0,-71000,0,0,0,9000,80000,-71000,-71000
048270,T50反1富邦99購01,0,0,0,0,0,0,0,0,0,-71000,0,0,0,0,71000,-71000,-71000
057240,茂林凱基9A購01  ,0,0,0,0,0,0,0,0,0,-71000,0,0,0,51000,122000,-71000,-71000
061960,國巨統一01購05  ,0,0,0,0,0,0,0,0,0,-71000,0,0,0,19000,90000,-71000,-71000
063607,中租凱基9B購02  ,0,0,0,0,0,0,0,0,0,-71000,0,0,0,35000,106000,-71000,-71000
063729,國巨元大9C購08  ,0,0,0,0,0,0,0,0,0,-71000,0,0,0,43000,114000,-71000,-71000
06880P,鈺齊凱基98售03  ,0,0,0,0,0,0,0,0,0,-72000,0,0,0,0,72000,-72000,-72000
07341P,台積電凱基99售18,0,0,0,0,0,0,0,0,0,-72000,0,0,0,3000,75000,-72000,-72000
065666,旺宏凱基9C購03  ,0,0,0,0,0,0,0,0,0,-72000,0,0,0,116000,188000,-72000,-72000
065236,旭富凱基9C購01  ,0,0,0,0,0,0,0,0,0,-72000,0,0,0,103000,175000,-72000,-72000
061021,聯電國泰9B購01  ,0,0,0,0,0,0,0,0,0,-72000,0,0,0,381000,453000,-72000,-72000
057422,欣興凱基98購04  ,0,0,0,0,0,0,0,0,0,-72000,0,0,0,25000,97000,-72000,-72000
061994,瑞儀元大9B購01  ,0,0,0,0,0,0,0,0,0,-72000,0,0,0,25000,97000,-72000,-72000
061041,南電永豐9A購03  ,0,0,0,0,0,0,0,0,0,-72000,0,0,0,10000,82000,-72000,-72000
063599,智邦凱基9B購04  ,0,0,0,0,0,0,0,0,0,-72000,0,0,0,74000,146000,-72000,-72000
064622,晶技元大01購01  ,0,0,0,0,0,0,0,0,0,-72000,0,0,0,77000,149000,-72000,-72000
064398,聚陽凱基01購01  ,0,0,0,0,0,0,0,0,0,-72000,0,0,0,115000,187000,-72000,-72000
062629,聯發科國票9C購01,0,0,0,0,0,0,0,0,0,-72000,0,0,0,0,72000,-72000,-72000
062835,瑞儀群益9B購01  ,0,0,0,0,0,0,0,0,0,-72000,0,0,0,2000,74000,-72000,-72000
062993,華新科群益9B購05,0,0,0,0,0,0,0,0,0,-72000,0,0,0,20000,92000,-72000,-72000
065072,和大元大9C購03  ,0,0,0,0,0,0,0,0,0,-73000,0,0,0,27000,100000,-73000,-73000
065053,南電凱基02購01  ,0,0,0,0,0,0,0,0,0,-73000,0,0,0,1000,74000,-73000,-73000
065601,聯發科元大01購05,0,0,0,0,0,0,0,0,0,-73000,0,0,0,2000,75000,-73000,-73000
065572,泰碩群益01購01  ,0,0,0,0,0,0,0,0,0,-73000,0,0,0,7000,80000,-73000,-73000
057296,智原永豐98購01  ,0,0,0,0,0,0,0,0,0,-73000,0,0,0,63000,136000,-73000,-73000
058650,台虹永豐9A購01  ,0,0,0,0,0,0,0,0,0,-73000,0,0,0,176000,249000,-73000,-73000
059728,聯鈞元大99購01  ,0,0,0,0,0,0,0,0,0,-73000,0,0,0,2000,75000,-73000,-73000
059765,嘉聯益永豐99購02,0,0,0,0,0,0,0,0,0,-73000,0,0,0,21000,94000,-73000,-73000
062071,華通元大9B購02  ,0,0,0,0,0,0,0,0,0,-73000,0,0,0,4000,77000,-73000,-73000
061696,南茂群益9A購01  ,0,0,0,0,0,0,0,0,0,-73000,0,0,0,81000,154000,-73000,-73000
063067,緯穎麥證9B購01  ,0,0,0,27000,100000,-73000,0,0,0,-73000,0,0,0,27000,100000,-73000,-73000
063206,貿聯統一9C購02  ,0,0,0,0,0,0,0,0,0,-73000,0,0,0,60000,133000,-73000,-73000
062824,國巨群益9C購03  ,0,0,0,0,0,0,0,0,0,-73000,0,0,0,25000,98000,-73000,-73000
063996,貿聯群益9C購01  ,0,0,0,0,0,0,0,0,0,-73000,0,0,0,40000,113000,-73000,-73000
4119,旭富            ,614000,754000,-140000,0,0,0,0,0,0,67000,6000,43000,-37000,192000,88000,104000,-73000
08378P,世紀鋼元富9C售02,0,0,0,0,0,0,0,0,0,-74000,0,0,0,22000,96000,-74000,-74000
057540,緯穎日盛99購01  ,0,0,0,0,0,0,0,0,0,-74000,0,0,0,82000,156000,-74000,-74000
057118,欣興日盛9A購01  ,0,0,0,0,0,0,0,0,0,-74000,0,0,0,4000,78000,-74000,-74000
03683C,T50反1元大9C牛04,0,0,0,0,0,0,0,0,0,-74000,0,0,0,406000,480000,-74000,-74000
056946,國巨統一98購05  ,0,0,0,0,0,0,0,0,0,-74000,0,0,0,1000,75000,-74000,-74000
062047,緯穎凱基9B購01  ,0,0,0,0,0,0,0,0,0,-74000,0,0,0,204000,278000,-74000,-74000
058161,T50反1日盛03購01,0,0,0,0,0,0,0,0,0,-74000,0,0,0,0,74000,-74000,-74000
061437,燿華凱基9A購01  ,0,0,0,0,0,0,0,0,0,-74000,0,0,0,28000,102000,-74000,-74000
058613,茂林元大99購03  ,0,0,0,0,0,0,0,0,0,-74000,0,0,0,102000,176000,-74000,-74000
061074,儒鴻兆豐9B購01  ,0,0,0,0,0,0,0,0,0,-74000,0,0,0,0,74000,-74000,-74000
064080,宏達電中信06購01,0,0,0,0,0,0,0,0,0,-74000,0,0,0,3000,77000,-74000,-74000
064629,和潤元大9C購01  ,0,0,0,0,0,0,0,0,0,-74000,0,0,0,16000,90000,-74000,-74000
062798,台光電統一9B購01,0,0,0,0,0,0,0,0,0,-74000,0,0,0,145000,219000,-74000,-74000
08200P,祥碩元大9B售08  ,0,0,0,0,0,0,0,0,0,-75000,0,0,0,0,75000,-75000,-75000
064846,旺宏元富03購01  ,0,0,0,0,0,0,0,0,0,-75000,0,0,0,0,75000,-75000,-75000
064874,和大兆豐9C購01  ,0,0,0,0,0,0,0,0,0,-75000,0,0,0,0,75000,-75000,-75000
065391,和大群益01購03  ,0,0,0,0,0,0,0,0,0,-75000,0,0,0,48000,123000,-75000,-75000
049842,道瓊反中信98購01,0,0,0,0,0,0,0,0,0,-75000,0,0,0,3000,78000,-75000,-75000
060383,葡萄王凱基9A購01,0,0,0,0,0,0,0,0,0,-75000,0,0,0,0,75000,-75000,-75000
060055,宏達電凱基99購06,0,0,0,0,0,0,0,0,0,-75000,0,0,0,4000,79000,-75000,-75000
061737,南亞科凱基9B購01,0,0,0,0,0,0,0,0,0,-75000,0,0,0,80000,155000,-75000,-75000
062862,瑞儀國票9B購01  ,0,0,0,0,0,0,0,0,0,-75000,0,0,0,0,75000,-75000,-75000
062641,瀚宇博國票9B購01,0,0,0,0,0,0,0,0,0,-75000,0,0,0,73000,148000,-75000,-75000
062942,嘉澤凱基9B購02  ,0,0,0,0,0,0,0,0,0,-75000,0,0,0,44000,119000,-75000,-75000
4106,雃博            ,676000,751000,-75000,0,0,0,0,0,0,0,0,0,0,0,0,0,-75000
3376,新日興          ,227000,272000,-45000,0,0,0,250000,245000,5000,-35000,88000,87000,1000,39000,75000,-36000,-75000
6005,群益證          ,647000,732000,-85000,0,0,0,13000,3000,10000,0,0,0,0,0,0,0,-75000
065245,國泰金兆豐9C購01,0,0,0,0,0,0,0,0,0,-76000,0,0,0,137000,213000,-76000,-76000
065405,華新科富邦03購01,0,0,0,0,0,0,0,0,0,-76000,0,0,0,12000,88000,-76000,-76000
08243P,祥碩凱基9C售02  ,0,0,0,0,0,0,0,0,0,-76000,0,0,0,6000,82000,-76000,-76000
048505,滬深2X群益99購03,0,0,0,0,0,0,0,0,0,-76000,0,0,0,44000,120000,-76000,-76000
054890,聯鈞統一99購01  ,0,0,0,0,0,0,0,0,0,-76000,0,0,0,2000,78000,-76000,-76000
058947,SGBR2X群益9B購02,0,0,0,0,0,0,0,0,0,-76000,0,0,0,20000,96000,-76000,-76000
064435,聯發科凱基02購03,0,0,0,0,0,0,0,0,0,-76000,0,0,0,10000,86000,-76000,-76000
057981,臻鼎永豐98購01  ,0,0,0,0,0,0,0,0,0,-77000,0,0,0,1000,78000,-77000,-77000
055688,力成凱基98購02  ,0,0,0,0,0,0,0,0,0,-77000,0,0,0,0,77000,-77000,-77000
057555,玉晶光凱基9A購02,0,0,0,0,0,0,0,0,0,-77000,0,0,0,428000,505000,-77000,-77000
061679,健策元大9B購04  ,0,0,0,0,0,0,0,0,0,-77000,0,0,0,27000,104000,-77000,-77000
060285,聯電元大9C購01  ,0,0,0,0,0,0,0,0,0,-77000,0,0,0,98000,175000,-77000,-77000
061398,力成中信9A購01  ,0,0,0,0,0,0,0,0,0,-77000,0,0,0,564000,641000,-77000,-77000
064537,健鼎國票01購02  ,0,0,0,0,0,0,0,0,0,-77000,0,0,0,0,77000,-77000,-77000
064739,智邦國票01購01  ,0,0,0,0,0,0,0,0,0,-77000,0,0,0,115000,192000,-77000,-77000
063971,健鼎國票01購01  ,0,0,0,0,0,0,0,0,0,-77000,0,0,0,21000,98000,-77000,-77000
063280,燿華元大9B購05  ,0,0,0,0,0,0,0,0,0,-77000,0,0,0,0,77000,-77000,-77000
062372,旭富元大9B購01  ,0,0,0,0,0,0,0,0,0,-77000,0,0,0,102000,179000,-77000,-77000
08302P,長榮航國泰02售01,0,0,0,0,0,0,0,0,0,-78000,0,0,0,20000,98000,-78000,-78000
08636P,華通國票01售03  ,0,0,0,0,0,0,0,0,0,-78000,0,0,0,68000,146000,-78000,-78000
065889,鴻海統一03購02  ,0,0,0,0,0,0,0,0,0,-78000,0,0,0,0,78000,-78000,-78000
065158,和碩群益9C購01  ,0,0,0,0,0,0,0,0,0,-78000,0,0,0,56000,134000,-78000,-78000
057465,智易永豐98購02  ,0,0,0,0,0,0,0,0,0,-78000,0,0,0,42000,120000,-78000,-78000
059922,大立光元大99購25,0,0,0,0,0,0,0,0,0,-78000,0,0,0,210000,288000,-78000,-78000
062609,帆宣凱基9B購01  ,0,0,0,0,0,0,0,0,0,-78000,0,0,0,201000,279000,-78000,-78000
062782,聯發科元大9B購12,0,0,0,0,0,0,0,0,0,-78000,0,0,0,16000,94000,-78000,-78000
063526,台光電凱基9B購04,0,0,0,0,0,0,0,0,0,-78000,0,0,0,3000,81000,-78000,-78000
062903,燿華元大9B購04  ,0,0,0,0,0,0,0,0,0,-78000,0,0,0,0,78000,-78000,-78000
063789,智邦台新9C購01  ,0,0,0,0,0,0,0,0,0,-78000,0,0,0,1000,79000,-78000,-78000
063826,中興電國票01購01,0,0,0,0,0,0,0,0,0,-78000,0,0,0,0,78000,-78000,-78000
065418,緯創國票01購01  ,0,0,0,0,0,0,0,0,0,-79000,0,0,0,34000,113000,-79000,-79000
065450,同欣電統一01購03,0,0,0,0,0,0,0,0,0,-79000,0,0,0,1000,80000,-79000,-79000
065640,聯電元大01購02  ,0,0,0,0,0,0,0,0,0,-79000,0,0,0,39000,118000,-79000,-79000
1313,聯成            ,193000,272000,-79000,0,0,0,0,0,0,0,0,0,0,0,0,0,-79000
07218P,臺股指凱基99售31,0,0,0,0,0,0,0,0,0,-79000,0,0,0,51000,130000,-79000,-79000
057356,彩晶統一98購04  ,0,0,0,0,0,0,0,0,0,-79000,0,0,0,0,79000,-79000,-79000
056209,超眾永豐97購02  ,0,0,0,0,0,0,0,0,0,-79000,0,0,0,0,79000,-79000,-79000
053449,超眾凱基98購01  ,0,0,0,0,0,0,0,0,0,-79000,0,0,0,25000,104000,-79000,-79000
060337,FBVIX統一9A購01 ,0,0,0,0,0,0,0,0,0,-79000,0,0,0,6000,85000,-79000,-79000
06139P,台積電中信99售02,0,0,0,0,0,0,0,0,0,-79000,0,0,0,19000,98000,-79000,-79000
060376,瑞祺元富9A購01  ,0,0,0,0,0,0,0,0,0,-79000,0,0,0,43000,122000,-79000,-79000
058435,旺宏統一9B購02  ,0,0,0,0,0,0,0,0,0,-79000,0,0,0,21000,100000,-79000,-79000
064436,聯發科凱基03購02,0,0,0,0,0,0,0,0,0,-79000,0,0,0,2000,81000,-79000,-79000
062359,旺宏元大9C購02  ,0,0,0,0,0,0,0,0,0,-79000,0,0,0,22000,101000,-79000,-79000
4720,德淵            ,53000,132000,-79000,0,0,0,0,0,0,0,0,0,0,0,0,0,-79000
4935,茂林-KY         ,430000,472000,-42000,0,0,0,0,0,0,-37000,25000,0,25000,42000,104000,-62000,-79000
07506P,中租元大9A售01  ,0,0,0,0,0,0,0,0,0,-80000,0,0,0,10000,90000,-80000,-80000
1460,宏遠            ,30000,110000,-80000,0,0,0,0,0,0,0,0,0,0,0,0,0,-80000
08247P,台積電群益9C售06,0,0,0,0,0,0,0,0,0,-80000,0,0,0,50000,130000,-80000,-80000
08425P,世紀鋼元富9C售03,0,0,0,0,0,0,0,0,0,-80000,0,0,0,9000,89000,-80000,-80000
065339,旺宏統一01購08  ,0,0,0,0,0,0,0,0,0,-80000,0,0,0,26000,106000,-80000,-80000
020007,凱基臺灣500N    ,0,0,0,0,0,0,0,0,0,-80000,0,0,0,0,80000,-80000,-80000
057595,健鼎兆豐98購01  ,0,0,0,0,0,0,0,0,0,-80000,0,0,0,10000,90000,-80000,-80000
061019,大毅國票9A購01  ,0,0,0,0,0,0,0,0,0,-80000,0,0,0,0,80000,-80000,-80000
060813,高鐵凱基9A購01  ,0,0,0,0,0,0,0,0,0,-80000,0,0,0,0,80000,-80000,-80000
057438,禾伸堂國票99購01,0,0,0,0,0,0,0,0,0,-80000,0,0,0,0,80000,-80000,-80000
056541,智原凱基98購03  ,0,0,0,0,0,0,0,0,0,-80000,0,0,0,20000,100000,-80000,-80000
056639,國產康和98購01  ,0,0,0,0,0,0,0,0,0,-80000,0,0,0,0,80000,-80000,-80000
058077,超眾凱基98購02  ,0,0,0,0,0,0,0,0,0,-80000,0,0,0,46000,126000,-80000,-80000
058278,FBVIX中信03購02 ,0,0,0,0,0,0,0,0,0,-80000,0,0,0,0,80000,-80000,-80000
061264,全新凱基9B購01  ,0,0,0,0,0,0,0,0,0,-80000,0,0,0,70000,150000,-80000,-80000
061420,國巨元大9A購22  ,0,0,0,0,0,0,0,0,0,-80000,0,0,0,2000,82000,-80000,-80000
058084,大立光群益98購04,0,0,0,0,0,0,0,0,0,-80000,0,0,0,0,80000,-80000,-80000
058112,神達元富98購01  ,0,0,0,0,0,0,0,0,0,-80000,0,0,0,23000,103000,-80000,-80000
061772,健策元大9B購06  ,0,0,0,0,0,0,0,0,0,-80000,0,0,0,6000,86000,-80000,-80000
062164,禾伸堂國泰01購01,0,0,0,0,0,0,0,0,0,-80000,0,0,0,40000,120000,-80000,-80000
062841,臺股指群益9B購08,0,0,0,0,0,0,0,0,0,-80000,0,0,0,0,80000,-80000,-80000
063518,儒鴻凱基9B購02  ,0,0,0,0,0,0,0,0,0,-80000,0,0,0,22000,102000,-80000,-80000
063541,華擎元富9B購02  ,0,0,0,0,0,0,0,0,0,-80000,0,0,0,143000,223000,-80000,-80000
064232,鴻海統一01購04  ,0,0,0,0,0,0,0,0,0,-80000,0,0,0,28000,108000,-80000,-80000
064644,台光電凱基9C購01,0,0,0,0,0,0,0,0,0,-80000,0,0,0,109000,189000,-80000,-80000
063724,亞德客元大9B購03,0,0,0,0,0,0,0,0,0,-80000,0,0,0,0,80000,-80000,-80000
9935,慶豐富          ,38000,118000,-80000,0,0,0,0,0,0,0,0,0,0,0,0,0,-80000
1325,恆大            ,333200,432000,-98800,0,0,0,0,0,0,18000,14000,2000,12000,28000,22000,6000,-80800
08428P,GIS國票01售01   ,0,0,0,0,0,0,0,0,0,-81000,0,0,0,0,81000,-81000,-81000
064916,玉山金統一02購01,0,0,0,0,0,0,0,0,0,-81000,0,0,0,117000,198000,-81000,-81000
065084,南亞科元大9C購08,0,0,0,0,0,0,0,0,0,-81000,0,0,0,63000,144000,-81000,-81000
056614,智邦永豐98購01  ,0,0,0,0,0,0,0,0,0,-81000,0,0,0,10000,91000,-81000,-81000
060297,和碩元大9A購02  ,0,0,0,0,0,0,0,0,0,-81000,0,0,0,19000,100000,-81000,-81000
060305,得力永豐9A購01  ,0,0,0,0,0,0,0,0,0,-81000,0,0,0,0,81000,-81000,-81000
059643,日月光凱基99購02,0,0,0,0,0,0,0,0,0,-81000,0,0,0,35000,116000,-81000,-81000
063688,建準永豐9B購03  ,0,0,0,0,0,0,0,0,0,-81000,0,0,0,145000,226000,-81000,-81000
064514,喬山群益9C購01  ,0,0,0,0,0,0,0,0,0,-81000,0,0,0,0,81000,-81000,-81000
064657,和大元大9C購02  ,0,0,0,0,0,0,0,0,0,-81000,0,0,0,0,81000,-81000,-81000
062850,友訊永豐9B購01  ,0,0,0,0,0,0,0,0,0,-81000,0,0,0,14000,95000,-81000,-81000
062305,遠東新凱基9B購01,0,0,0,0,0,0,0,0,0,-81000,0,0,0,120000,201000,-81000,-81000
065659,華新科永豐9C購04,0,0,0,0,0,0,0,0,0,-82000,0,0,0,96000,178000,-82000,-82000
1712,興農            ,43000,91000,-48000,0,0,0,0,34000,-34000,0,0,0,0,0,0,0,-82000
08042P,臺股指群益9B售15,0,0,0,0,0,0,0,0,0,-82000,0,0,0,0,82000,-82000,-82000
08060P,嘉澤元大9B售01  ,0,0,0,0,0,0,0,0,0,-82000,0,0,0,5000,87000,-82000,-82000
057043,台積電元大99購02,0,0,0,0,0,0,0,0,0,-82000,0,0,0,102000,184000,-82000,-82000
059656,T50反1元大99購11,0,0,0,0,0,0,0,0,0,-82000,0,0,0,0,82000,-82000,-82000
061190,力山永豐9A購02  ,0,0,0,0,0,0,0,0,0,-82000,0,0,0,65000,147000,-82000,-82000
058973,麗豐永豐99購01  ,0,0,0,0,0,0,0,0,0,-82000,0,0,0,111000,193000,-82000,-82000
058196,台塑中信99購01  ,0,0,0,0,0,0,0,0,0,-82000,0,0,0,130000,212000,-82000,-82000
062219,燿華統一9B購01  ,0,0,0,0,0,0,0,0,0,-82000,0,0,0,47000,129000,-82000,-82000
062726,華擎凱基9B購02  ,0,0,0,0,0,0,0,0,0,-82000,0,0,0,10000,92000,-82000,-82000
064680,創意兆豐01購01  ,0,0,0,0,0,0,0,0,0,-82000,0,0,0,580000,662000,-82000,-82000
08277P,嘉晶元富9C售02  ,0,0,0,0,0,0,0,0,0,-83000,0,0,0,0,83000,-83000,-83000
065672,嘉晶凱基01購01  ,0,0,0,0,0,0,0,0,0,-83000,0,0,0,17000,100000,-83000,-83000
065474,旺宏元大9C購06  ,0,0,0,0,0,0,0,0,0,-83000,0,0,0,52000,135000,-83000,-83000
060850,康友國票9A購03  ,0,0,0,0,0,0,0,0,0,-83000,0,0,0,70000,153000,-83000,-83000
061110,超眾元大9A購03  ,0,0,0,0,0,0,0,0,0,-83000,0,0,0,84000,167000,-83000,-83000
056977,國巨群益9A購01  ,0,0,0,0,0,0,0,0,0,-83000,0,0,0,0,83000,-83000,-83000
057882,華通群益9A購03  ,0,0,0,0,0,0,0,0,0,-83000,0,0,0,0,83000,-83000,-83000
059009,世紀鋼元大99購04,0,0,0,0,0,0,0,0,0,-83000,0,0,0,259000,342000,-83000,-83000
061233,國巨元大9A購17  ,0,0,0,0,0,0,0,0,0,-83000,0,0,0,0,83000,-83000,-83000
064789,和大國票01購01  ,0,0,0,0,0,0,0,0,0,-83000,0,0,0,71000,154000,-83000,-83000
063798,台積電凱基02購03,0,0,0,0,0,0,0,0,0,-83000,0,0,0,22000,105000,-83000,-83000
063802,南茂凱基9C購01  ,0,0,0,0,0,0,0,0,0,-83000,0,0,0,43000,126000,-83000,-83000
062294,盛群永豐9B購01  ,0,0,0,0,0,0,0,0,0,-83000,0,0,0,126000,209000,-83000,-83000
053651,台光電凱基98購01,0,0,0,0,0,0,0,0,0,-84000,0,0,0,17000,101000,-84000,-84000
057318,台光電凱基9A購01,0,0,0,0,0,0,0,0,0,-84000,0,0,0,35000,119000,-84000,-84000
057397,茂林中信9A購01  ,0,0,0,0,0,0,0,0,0,-84000,0,0,0,11000,95000,-84000,-84000
059291,華新科元富9B購01,0,0,0,0,0,0,0,0,0,-84000,0,0,0,12000,96000,-84000,-84000
060556,緯穎凱基9A購04  ,0,0,0,0,0,0,0,0,0,-84000,0,0,0,66000,150000,-84000,-84000
060884,超眾中信9B購01  ,0,0,0,0,0,0,0,0,0,-84000,0,0,0,22000,106000,-84000,-84000
060093,友達元大03購01  ,0,0,0,0,0,0,0,0,0,-84000,0,0,0,12000,96000,-84000,-84000
060016,廣達康和99購01  ,0,0,0,0,0,0,0,0,0,-84000,0,0,0,326000,410000,-84000,-84000
061879,超眾元大9C購01  ,0,0,0,0,0,0,0,0,0,-84000,0,0,0,96000,180000,-84000,-84000
061666,友達中信01購01  ,0,0,0,0,0,0,0,0,0,-84000,0,0,0,10000,94000,-84000,-84000
063490,儒鴻富邦9C購01  ,0,0,0,0,0,0,0,0,0,-84000,0,0,0,154000,238000,-84000,-84000
063515,香港2X凱基01購01,0,0,0,0,0,0,0,0,0,-84000,0,0,0,0,84000,-84000,-84000
064023,智邦元大9C購02  ,0,0,0,0,0,0,0,0,0,-84000,0,0,0,267000,351000,-84000,-84000
064270,華通元大9C購03  ,0,0,0,0,0,0,0,0,0,-84000,0,0,0,56000,140000,-84000,-84000
065689,群創元富9C購04  ,0,0,0,0,0,0,0,0,0,-85000,0,0,0,0,85000,-85000,-85000
065784,正崴永豐9C購01  ,0,0,0,0,0,0,0,0,0,-85000,0,0,0,0,85000,-85000,-85000
08587P,聯發科中信01售05,0,0,0,0,0,0,0,0,0,-85000,0,0,0,0,85000,-85000,-85000
07768P,緯穎群益9A售02  ,0,0,0,0,0,0,0,0,0,-85000,0,0,0,0,85000,-85000,-85000
07039P,南電台新99售01  ,0,0,0,0,0,0,0,0,0,-85000,0,0,0,0,85000,-85000,-85000
060983,南亞科元大9A購06,0,0,0,0,0,0,0,0,0,-85000,0,0,0,53000,138000,-85000,-85000
061791,康友群益9B購01  ,0,0,0,0,0,0,0,0,0,-85000,0,0,0,20000,105000,-85000,-85000
062113,瑞祺國票9B購01  ,0,0,0,0,0,0,0,0,0,-85000,0,0,0,0,85000,-85000,-85000
060064,華新科兆豐99購07,0,0,0,0,0,0,0,0,0,-85000,0,0,0,24000,109000,-85000,-85000
064380,超眾元富9C購03  ,0,0,0,0,0,0,0,0,0,-85000,0,0,0,10000,95000,-85000,-85000
064679,晶技兆豐9C購01  ,0,10000,-10000,0,0,0,0,0,0,-75000,0,0,0,76000,151000,-75000,-85000
064556,華通群益02購02  ,0,0,0,0,0,0,0,0,0,-85000,0,0,0,0,85000,-85000,-85000
064610,儒鴻元大9C購03  ,0,0,0,0,0,0,0,0,0,-85000,0,0,0,15000,100000,-85000,-85000
064040,鴻海統一9C購18  ,0,0,0,0,0,0,0,0,0,-85000,0,0,0,33000,118000,-85000,-85000
063628,華通元大9B購09  ,0,0,0,0,0,0,0,0,0,-85000,0,0,0,4000,89000,-85000,-85000
063495,台光電富邦9C購01,0,0,0,0,0,0,0,0,0,-85000,0,0,0,30000,115000,-85000,-85000
9917,中保科          ,96000,177000,-81000,0,0,0,0,4000,-4000,0,0,0,0,0,0,0,-85000
08411P,技嘉凱基9C售01  ,0,0,0,0,0,0,0,0,0,-86000,0,0,0,20000,106000,-86000,-86000
08381P,台灣50群益9C售06,0,0,0,0,0,0,0,0,0,-86000,0,0,0,75000,161000,-86000,-86000
08366P,祥碩凱基9C售04  ,0,0,0,0,0,0,0,0,0,-86000,0,0,0,89000,175000,-86000,-86000
065858,台表科元大03購01,0,0,0,0,0,0,0,0,0,-86000,0,0,0,23000,109000,-86000,-86000
065711,矽格群益9C購02  ,0,0,0,0,0,0,0,0,0,-86000,0,0,0,60000,146000,-86000,-86000
055904,貿聯亞東99購01  ,0,0,0,0,0,0,0,0,0,-86000,0,0,0,0,86000,-86000,-86000
054308,嘉晶凱基98購01  ,0,0,0,0,0,0,0,0,0,-86000,0,0,0,105000,191000,-86000,-86000
061753,南亞科台新9B購01,0,0,0,0,0,0,0,0,0,-86000,0,0,0,20000,106000,-86000,-86000
061951,南電群益9B購01  ,0,0,0,0,0,0,0,0,0,-86000,0,0,0,16000,102000,-86000,-86000
058201,華通凱基9A購01  ,0,0,0,0,0,0,0,0,0,-86000,0,0,0,0,86000,-86000,-86000
060367,緯穎元富9A購02  ,0,0,0,0,0,0,0,0,0,-86000,0,0,0,676000,762000,-86000,-86000
063184,台光電凱基9B購03,0,0,0,0,0,0,0,0,0,-86000,0,0,0,33000,119000,-86000,-86000
063626,聚陽元大9B購03  ,0,0,0,0,0,0,0,0,0,-86000,0,0,0,83000,169000,-86000,-86000
064003,台積電凱基01購03,0,0,0,0,0,0,0,0,0,-86000,0,0,0,0,86000,-86000,-86000
064440,大立光凱基03購03,0,0,0,0,0,0,0,0,0,-86000,0,0,0,53000,139000,-86000,-86000
064208,智邦凱基02購01  ,0,0,0,0,0,0,0,0,0,-86000,0,0,0,173000,259000,-86000,-86000
3669,圓展            ,202000,288000,-86000,0,0,0,0,0,0,0,0,0,0,0,0,0,-86000
065581,寶成群益9C購01  ,0,0,0,0,0,0,0,0,0,-87000,0,0,0,0,87000,-87000,-87000
065395,致茂群益01購01  ,0,0,0,0,0,0,0,0,0,-87000,0,0,0,76000,163000,-87000,-87000
061546,大立光群益9A購05,0,0,0,0,0,0,0,0,0,-87000,0,0,0,158000,245000,-87000,-87000
061053,國巨群益9A購08  ,0,0,0,0,0,0,0,0,0,-87000,0,0,0,1000,88000,-87000,-87000
061485,鴻海兆豐9A購01  ,0,0,0,0,0,0,0,0,0,-87000,0,0,0,7000,94000,-87000,-87000
064354,同欣電元大9C購05,0,0,0,0,0,0,0,0,0,-87000,0,0,0,4000,91000,-87000,-87000
063103,技嘉群益9B購01  ,0,0,0,0,0,0,0,0,0,-87000,0,0,0,108000,195000,-87000,-87000
063043,台灣50兆豐9B購02,0,0,0,0,0,0,0,0,0,-87000,0,0,0,0,87000,-87000,-87000
2348,海悅            ,15000,115000,-100000,0,0,0,1000,0,1000,12000,12000,0,12000,0,0,0,-87000
065169,華邦電元大9C購03,0,0,0,0,0,0,0,0,0,-88000,0,0,0,120000,208000,-88000,-88000
064816,訊芯元大9C購01  ,0,0,0,0,0,0,0,0,0,-88000,0,0,0,1122000,1210000,-88000,-88000
065415,台積電兆豐9C購05,0,0,0,0,0,0,0,0,0,-88000,0,0,0,2000,90000,-88000,-88000
065489,臺股指元大9C購31,0,0,0,0,0,0,0,0,0,-88000,0,0,0,0,88000,-88000,-88000
07634P,金像電元大9A售01,0,0,0,0,0,0,0,0,0,-88000,0,0,0,57000,145000,-88000,-88000
054542,台表科國票98購01,0,0,0,0,0,0,0,0,0,-88000,0,0,0,22000,110000,-88000,-88000
061405,亞德客國票9B購01,0,0,0,0,0,0,0,0,0,-88000,0,0,0,0,88000,-88000,-88000
061817,高鐵群益9B購01  ,0,0,0,0,0,0,0,0,0,-88000,0,0,0,19000,107000,-88000,-88000
060907,金像電元大9A購02,0,0,0,0,0,0,0,0,0,-88000,0,0,0,11000,99000,-88000,-88000
058610,欣興元大99購05  ,0,0,0,0,0,0,0,0,0,-88000,0,0,0,2000,90000,-88000,-88000
063553,同欣電國票9B購03,0,0,0,0,0,0,0,0,0,-88000,0,0,0,0,88000,-88000,-88000
064364,高鐵統一9C購02  ,0,0,0,0,0,0,0,0,0,-88000,0,0,0,5000,93000,-88000,-88000
063573,茂林元大9B購06  ,0,0,0,0,0,0,0,0,0,-88000,0,0,0,335000,423000,-88000,-88000
063691,聯鈞永豐9B購01  ,0,0,0,0,0,0,0,0,0,-88000,0,0,0,86000,174000,-88000,-88000
07579P,聯茂元大9A售01  ,0,0,0,0,0,0,0,0,0,-89000,0,0,0,11000,100000,-89000,-89000
065597,旺宏元大01購03  ,0,0,0,0,0,0,0,0,0,-89000,0,0,0,130000,219000,-89000,-89000
065048,世芯凱基01購01  ,0,0,0,0,0,0,0,0,0,-89000,0,0,0,271000,360000,-89000,-89000
057849,南茂永豐98購02  ,0,0,0,0,0,0,0,0,0,-89000,0,0,0,0,89000,-89000,-89000
054427,潤泰全富邦97購01,0,0,0,0,0,0,0,0,0,-89000,0,0,0,211000,300000,-89000,-89000
051266,國巨富邦99購01  ,0,0,0,0,0,0,0,0,0,-89000,0,0,0,23000,112000,-89000,-89000
058355,旺宏凱基99購04  ,0,0,0,0,0,0,0,0,0,-89000,0,0,0,0,89000,-89000,-89000
058449,台積電永豐99購01,0,0,0,0,0,0,0,0,0,-89000,0,0,0,12000,101000,-89000,-89000
061410,緯穎國票9A購03  ,0,0,0,0,0,0,0,0,0,-89000,0,0,0,226000,315000,-89000,-89000
061517,瑞祺永豐9A購03  ,0,0,0,0,0,0,0,0,0,-89000,0,0,0,521000,610000,-89000,-89000
063785,華通中信06購02  ,0,0,0,0,0,0,0,0,0,-89000,0,0,0,1000,90000,-89000,-89000
064057,緯穎統一02購01  ,0,0,0,0,0,0,0,0,0,-89000,0,0,0,672000,761000,-89000,-89000
062251,旺宏元大9B購06  ,0,0,0,0,0,0,0,0,0,-89000,0,0,0,2000,91000,-89000,-89000
065201,世芯元富9C購02  ,0,0,0,0,0,0,0,0,0,-90000,0,0,0,24000,114000,-90000,-90000
065837,臺指反元大03購05,0,0,0,0,0,0,0,0,0,-90000,0,0,0,0,90000,-90000,-90000
07972P,大立光統一9C售05,0,0,0,0,0,0,0,0,0,-90000,0,0,0,0,90000,-90000,-90000
053398,和鑫中信99購01  ,0,0,0,0,0,0,0,0,0,-90000,0,0,0,0,90000,-90000,-90000
03017X,元展17          ,0,0,0,0,0,0,0,0,0,-90000,0,0,0,0,90000,-90000,-90000
057867,大立光凱基98購17,0,0,0,0,0,0,0,0,0,-90000,0,0,0,58000,148000,-90000,-90000
060782,道瓊指富邦9C購01,0,0,0,0,0,0,0,0,0,-90000,0,0,0,0,90000,-90000,-90000
057072,日月光永豐98購01,0,0,0,0,0,0,0,0,0,-90000,0,0,0,0,90000,-90000,-90000
057161,亞德客元大98購02,0,0,0,0,0,0,0,0,0,-90000,0,0,0,50000,140000,-90000,-90000
061524,華通凱基9A購07  ,0,0,0,0,0,0,0,0,0,-90000,0,0,0,35000,125000,-90000,-90000
059848,智邦永豐99購01  ,0,0,0,0,0,0,0,0,0,-90000,0,0,0,112000,202000,-90000,-90000
062434,華通元大9B購04  ,0,0,0,0,0,0,0,0,0,-90000,0,0,0,45000,135000,-90000,-90000
064211,友達凱基02購01  ,0,0,0,0,0,0,0,0,0,-90000,0,0,0,30000,120000,-90000,-90000
064268,緯穎永豐9C購01  ,0,0,0,0,0,0,0,0,0,-90000,0,0,0,30000,120000,-90000,-90000
4560,強信-KY         ,302000,392000,-90000,0,0,0,0,0,0,0,0,0,0,0,0,0,-90000
8033,雷虎            ,7000,87000,-80000,0,0,0,0,0,0,-10000,0,10000,-10000,0,0,0,-90000
07895P,美律元大9B售01  ,0,0,0,0,0,0,0,0,0,-91000,0,0,0,0,91000,-91000,-91000
057823,神達元大98購01  ,0,0,0,0,0,0,0,0,0,-91000,0,0,0,77000,168000,-91000,-91000
060788,嘉晶富邦9B購01  ,0,0,0,0,0,0,0,0,0,-91000,0,0,0,10000,101000,-91000,-91000
060849,力成國票9A購01  ,0,0,0,0,0,0,0,0,0,-91000,0,0,0,77000,168000,-91000,-91000
060861,漢唐永豐9A購01  ,0,0,0,0,0,0,0,0,0,-91000,0,0,0,60000,151000,-91000,-91000
059074,元油2X元大9C購15,0,0,0,0,0,0,0,0,0,-91000,0,0,0,50000,141000,-91000,-91000
064309,聯發科群益9C購07,0,0,0,0,0,0,0,0,0,-91000,0,0,0,0,91000,-91000,-91000
064487,和大元大9C購01  ,0,0,0,0,0,0,0,0,0,-91000,0,0,0,9000,100000,-91000,-91000
063286,嘉澤元大9B購04  ,0,0,0,0,0,0,0,0,0,-91000,0,0,0,76000,167000,-91000,-91000
6715,嘉基            ,60000,115000,-55000,0,0,0,0,35000,-35000,-1000,0,1000,-1000,0,0,0,-91000
065790,創意永豐9C購02  ,0,0,0,0,0,0,0,0,0,-92000,0,0,0,0,92000,-92000,-92000
065595,鴻海元大9C購15  ,0,0,0,0,0,0,0,0,0,-92000,0,0,0,38000,130000,-92000,-92000
061023,茂林國泰9B購02  ,0,0,0,0,0,0,0,0,0,-92000,0,0,0,0,92000,-92000,-92000
057945,京鼎國票99購03  ,0,0,0,0,0,0,0,0,0,-92000,0,0,0,199000,291000,-92000,-92000
055689,台郡凱基99購01  ,0,0,0,0,0,0,0,0,0,-92000,0,0,0,130000,222000,-92000,-92000
058505,台積電元大99購08,0,0,0,0,0,0,0,0,0,-92000,0,0,0,8000,100000,-92000,-92000
060959,金像電凱基9A購01,0,0,0,0,0,0,0,0,0,-92000,0,0,0,15000,107000,-92000,-92000
063303,聯發科凱基9B購14,0,0,0,0,0,0,0,0,0,-92000,0,0,0,31000,123000,-92000,-92000
062663,聯發科群益9B購07,0,0,0,0,0,0,0,0,0,-92000,0,0,0,0,92000,-92000,-92000
064656,聚陽元大9C購03  ,0,0,0,0,0,0,0,0,0,-92000,0,0,0,279000,371000,-92000,-92000
064095,鴻海群益01購02  ,0,0,0,0,0,0,0,0,0,-92000,0,0,0,142000,234000,-92000,-92000
2401,凌陽            ,422000,541000,-119000,0,0,0,0,0,0,27000,30000,3000,27000,0,0,0,-92000
2376,技嘉            ,2026000,1506000,520000,0,0,0,524000,0,524000,-1136000,107000,269000,-162000,302000,1276000,-974000,-92000
065585,聯發科富邦03購02,0,0,0,0,0,0,0,0,0,-93000,0,0,0,86000,179000,-93000,-93000
065513,旺宏群益9C購05  ,0,0,0,0,0,0,0,0,0,-93000,0,0,0,20000,113000,-93000,-93000
06603P,立積統一99售01  ,0,0,0,0,0,0,0,0,0,-93000,0,0,0,0,93000,-93000,-93000
065102,同欣電元大9C購07,0,0,0,0,0,0,0,0,0,-93000,0,0,0,5000,98000,-93000,-93000
08070P,晶技國泰9C售02  ,0,0,0,0,0,0,0,0,0,-93000,0,0,0,0,93000,-93000,-93000
061042,致新永豐9A購02  ,0,0,0,0,0,0,0,0,0,-93000,0,0,0,196000,289000,-93000,-93000
061170,南茂兆豐9B購01  ,0,0,0,0,0,0,0,0,0,-93000,0,0,0,166000,259000,-93000,-93000
061511,緯穎富邦9B購02  ,0,0,0,0,0,0,0,0,0,-93000,0,0,0,388000,481000,-93000,-93000
061943,上銀群益9B購02  ,0,0,0,0,0,0,0,0,0,-93000,0,0,0,5000,98000,-93000,-93000
064171,燿華元富9C購01  ,0,0,0,0,0,0,0,0,0,-93000,0,0,0,20000,113000,-93000,-93000
07428P,華新科國票9A售01,0,0,0,0,0,0,0,0,0,-94000,0,0,0,6000,100000,-94000,-94000
1723,中碳            ,71000,164000,-93000,0,0,0,0,0,0,-1000,0,1000,-1000,0,0,0,-94000
055755,禾伸堂兆豐97購02,0,0,0,0,0,0,0,0,0,-94000,0,0,0,0,94000,-94000,-94000
03445B,臺股指元大02熊01,0,0,0,0,0,0,0,0,0,-94000,0,0,0,602000,696000,-94000,-94000
056517,茂林兆豐99購01  ,0,0,0,0,0,0,0,0,0,-94000,0,0,0,103000,197000,-94000,-94000
059503,大立光富邦9B購04,0,0,0,0,0,0,0,0,0,-94000,0,0,0,72000,166000,-94000,-94000
060355,元金2X元富9C購01,0,0,0,0,0,0,0,0,0,-94000,0,0,0,0,94000,-94000,-94000
063361,台表科國泰01購02,0,0,0,0,0,0,0,0,0,-94000,0,0,0,10000,104000,-94000,-94000
063558,聚陽元大9B購02  ,0,0,0,0,0,0,0,0,0,-94000,0,0,0,260000,354000,-94000,-94000
07472P,和碩元大9A售03  ,0,0,0,0,0,0,0,0,0,-95000,0,0,0,5000,100000,-95000,-95000
065258,華邦電元大01購01,0,0,0,0,0,0,0,0,0,-95000,0,0,0,10000,105000,-95000,-95000
065775,神隆國泰03購01  ,0,0,0,0,0,0,0,0,0,-95000,0,0,0,243000,338000,-95000,-95000
060733,和大統一9C購01  ,0,0,0,0,0,0,0,0,0,-95000,0,0,0,0,95000,-95000,-95000
055482,聚陽元大97購02  ,0,0,0,0,0,0,0,0,0,-95000,0,0,0,3000,98000,-95000,-95000
055615,宏達電國票99購02,0,0,0,0,0,0,0,0,0,-95000,0,0,0,0,95000,-95000,-95000
063330,神達國票9C購01  ,0,0,0,0,0,0,0,0,0,-95000,0,0,0,0,95000,-95000,-95000
063086,祥碩凱基9C購01  ,0,0,0,0,0,0,0,0,0,-95000,0,0,0,68000,163000,-95000,-95000
063566,台光電元大9B購08,0,0,0,0,0,0,0,0,0,-95000,0,0,0,90000,185000,-95000,-95000
063630,智邦元大9B購09  ,0,0,0,0,0,0,0,0,0,-95000,0,0,0,157000,252000,-95000,-95000
06744P,嘉聯益永豐98售03,0,0,0,0,0,0,0,0,0,-96000,0,0,0,51000,147000,-96000,-96000
08377P,臻鼎元富9C售02  ,0,0,0,0,0,0,0,0,0,-96000,0,0,0,50000,146000,-96000,-96000
057894,華通元富02購02  ,0,0,0,0,0,0,0,0,0,-96000,0,0,0,0,96000,-96000,-96000
056288,健鼎永豐97購01  ,0,0,0,0,0,0,0,0,0,-96000,0,0,0,0,96000,-96000,-96000
061037,嘉澤永豐9A購01  ,0,0,0,0,0,0,0,0,0,-96000,0,0,0,82000,178000,-96000,-96000
058520,智易元大99購03  ,0,0,0,0,0,0,0,0,0,-96000,0,0,0,78000,174000,-96000,-96000
064024,漢唐元大9C購01  ,0,0,0,0,0,0,0,0,0,-96000,0,0,0,74000,170000,-96000,-96000
064562,友達群益9C購03  ,0,0,0,0,0,0,0,0,0,-96000,0,0,0,20000,116000,-96000,-96000
08387P,臺股指群益9C售15,0,0,0,0,0,0,0,0,0,-97000,0,0,0,195000,292000,-97000,-97000
08161P,台表科元富9B售02,0,0,0,0,0,0,0,0,0,-97000,0,0,0,0,97000,-97000,-97000
07935P,臺股指國票9B售07,0,0,0,0,0,0,0,0,0,-97000,0,0,0,0,97000,-97000,-97000
056399,上証2X群益9C購01,0,0,0,0,0,0,0,0,0,-97000,0,0,0,0,97000,-97000,-97000
057716,神達統一98購01  ,0,0,0,0,0,0,0,0,0,-97000,0,0,0,48000,145000,-97000,-97000
059164,旺宏凱基99購06  ,0,0,0,0,0,0,0,0,0,-97000,0,0,0,49000,146000,-97000,-97000
059064,緯穎凱基99購02  ,0,0,0,0,0,0,0,0,0,-97000,0,0,0,273000,370000,-97000,-97000
064288,瀚宇博元大9C購02,0,0,0,0,0,0,0,0,0,-97000,0,0,0,799000,896000,-97000,-97000
063340,英業達統一9B購01,0,0,0,0,0,0,0,0,0,-97000,0,0,0,261000,358000,-97000,-97000
062769,臺股指凱基9B購13,0,0,0,0,0,0,0,0,0,-97000,0,0,0,30000,127000,-97000,-97000
057770,亞德客群益98購01,0,0,0,0,0,0,0,0,0,-98000,0,0,0,0,98000,-98000,-98000
056263,友訊統一99購01  ,0,0,0,0,0,0,0,0,0,-98000,0,0,0,2000,100000,-98000,-98000
056788,日月光群益98購01,0,0,0,0,0,0,0,0,0,-98000,0,0,0,0,98000,-98000,-98000
058177,華新科凱基99購02,0,0,0,0,0,0,0,0,0,-98000,0,0,0,0,98000,-98000,-98000
062754,台勝科麥證9B購01,0,0,0,0,98000,-98000,0,0,0,-98000,0,0,0,0,98000,-98000,-98000
062404,新唐永豐9B購01  ,0,0,0,0,0,0,0,0,0,-98000,0,0,0,204000,302000,-98000,-98000
062388,旭富國泰01購01  ,0,0,0,0,0,0,0,0,0,-98000,0,0,0,225000,323000,-98000,-98000
062270,上銀群益9B購03  ,0,0,0,0,0,0,0,0,0,-98000,0,0,0,0,98000,-98000,-98000
063395,金像電群益9B購02,0,0,0,0,0,0,0,0,0,-98000,0,0,0,7000,105000,-98000,-98000
063306,聯茂凱基9C購01  ,0,0,0,0,0,0,0,0,0,-98000,0,0,0,101000,199000,-98000,-98000
062916,智易元大9B購01  ,0,0,0,0,0,0,0,0,0,-98000,0,0,0,101000,199000,-98000,-98000
07879P,瑞昱群益9C售01  ,0,0,0,0,0,0,0,0,0,-99000,0,0,0,2000,101000,-99000,-99000
07564P,臺股指中信01售01,0,0,0,0,0,0,0,0,0,-99000,0,0,0,1000,100000,-99000,-99000
08443P,臺股指麥證01售02,0,0,0,20000,119000,-99000,0,0,0,-99000,0,0,0,20000,119000,-99000,-99000
08471P,日月光凱基9C售02,0,0,0,0,0,0,0,0,0,-99000,0,0,0,21000,120000,-99000,-99000
065061,聯發科群益9C購08,0,0,0,0,0,0,0,0,0,-99000,0,0,0,11000,110000,-99000,-99000
065101,力成元大9C購05  ,0,0,0,0,0,0,0,0,0,-99000,0,0,0,238000,337000,-99000,-99000
054079,鴻海中信98購02  ,0,0,0,0,0,0,0,0,0,-99000,0,0,0,65000,164000,-99000,-99000
054212,聯詠國票97購03  ,0,0,0,0,0,0,0,0,0,-99000,0,0,0,1000,100000,-99000,-99000
057275,友達元大9A購04  ,0,0,0,0,0,0,0,0,0,-99000,0,0,0,0,99000,-99000,-99000
057649,嘉聯益元大99購04,0,0,0,0,0,0,0,0,0,-99000,0,0,0,0,99000,-99000,-99000
056150,台光電凱基98購02,0,0,0,0,0,0,0,0,0,-99000,0,0,0,2000,101000,-99000,-99000
056765,友達元大9B購05  ,0,0,0,0,0,0,0,0,0,-99000,0,0,0,1000,100000,-99000,-99000
061769,晶技元大9B購03  ,0,0,0,0,0,0,0,0,0,-99000,0,0,0,293000,392000,-99000,-99000
060029,嘉晶永豐99購03  ,0,0,0,0,0,0,0,0,0,-99000,0,0,0,10000,109000,-99000,-99000
058499,滬深2X元大9C購01,0,0,0,0,0,0,0,0,0,-99000,0,0,0,0,99000,-99000,-99000
061210,玉山金元大9A購02,0,0,0,0,0,0,0,0,0,-99000,0,0,0,51000,150000,-99000,-99000
063537,華擎統一9C購03  ,0,0,0,0,0,0,0,0,0,-99000,0,0,0,243000,342000,-99000,-99000
062883,智易兆豐9C購01  ,0,0,0,0,0,0,0,0,0,-99000,0,0,0,148000,247000,-99000,-99000
064727,群創統一02購03  ,0,0,0,0,0,0,0,0,0,-99000,0,0,0,0,99000,-99000,-99000
064025,友達元大02購01  ,0,0,0,0,0,0,0,0,0,-99000,0,0,0,1000,100000,-99000,-99000
063910,漢唐凱基9C購01  ,0,0,0,0,0,0,0,0,0,-99000,0,0,0,61000,160000,-99000,-99000
063713,麗豐凱基9B購01  ,0,0,0,0,0,0,0,0,0,-99000,0,0,0,139000,238000,-99000,-99000
06496P,台灣50日盛98售01,0,0,0,0,0,0,0,0,0,-100000,0,0,0,0,100000,-100000,-100000
06654P,欣興元大98售08  ,0,0,0,0,0,0,0,0,0,-100000,0,0,0,0,100000,-100000,-100000
065981,超眾元大02購01  ,0,0,0,0,0,0,0,0,0,-100000,0,0,0,0,100000,-100000,-100000
08494P,世芯元大9C售02  ,0,0,0,0,0,0,0,0,0,-100000,0,0,0,186000,286000,-100000,-100000
08632P,聯發科元大9C售19,0,0,0,0,0,0,0,0,0,-100000,0,0,0,0,100000,-100000,-100000
07580P,緯穎元大9A售03  ,0,0,0,0,0,0,0,0,0,-100000,0,0,0,0,100000,-100000,-100000
07560P,台積電國泰9B售01,0,0,0,0,0,0,0,0,0,-100000,0,0,0,0,100000,-100000,-100000
06865P,亞德客元大98售04,0,0,0,0,0,0,0,0,0,-100000,0,0,0,8000,108000,-100000,-100000
06848P,聯詠元大98售04  ,0,0,0,0,0,0,0,0,0,-100000,0,0,0,0,100000,-100000,-100000
06850P,聯茂元大98售06  ,0,0,0,0,0,0,0,0,0,-100000,0,0,0,0,100000,-100000,-100000
07619P,鴻海統一9A售03  ,0,0,0,0,0,0,0,0,0,-100000,0,0,0,0,100000,-100000,-100000
07931P,國巨元大9B售03  ,0,0,0,0,0,0,0,0,0,-100000,0,0,0,0,100000,-100000,-100000
08031P,臺股指元大9B售38,0,0,0,0,0,0,0,0,0,-100000,0,0,0,0,100000,-100000,-100000
056725,鴻海國票99購03  ,0,0,0,0,0,0,0,0,0,-100000,0,0,0,0,100000,-100000,-100000
057030,滬深反元大9B購01,0,0,0,0,0,0,0,0,0,-100000,0,0,0,0,100000,-100000,-100000
058048,群創元大9B購07  ,0,0,0,0,0,0,0,0,0,-100000,0,0,0,2000,102000,-100000,-100000
057762,全新凱基99購03  ,0,0,0,0,0,0,0,0,0,-100000,0,0,0,0,100000,-100000,-100000
057750,神達國票99購01  ,0,0,0,0,0,0,0,0,0,-100000,0,0,0,0,100000,-100000,-100000
057694,臺股指凱基98購12,0,0,0,0,0,0,0,0,0,-100000,0,0,0,0,100000,-100000,-100000
056233,超眾凱基97購02  ,0,0,0,0,0,0,0,0,0,-100000,0,0,0,0,100000,-100000,-100000
054058,晶豪科國票98購01,0,0,0,0,0,0,0,0,0,-100000,0,0,0,0,100000,-100000,-100000
056885,元油2X元大99購03,0,0,0,0,0,0,0,0,0,-100000,0,0,0,0,100000,-100000,-100000
056936,禾伸堂元富98購01,0,0,0,0,0,0,0,0,0,-100000,0,0,0,0,100000,-100000,-100000
056907,群創元大9C購04  ,0,0,0,0,0,0,0,0,0,-100000,0,0,0,2000,102000,-100000,-100000
055603,超眾元大97購04  ,0,0,0,0,0,0,0,0,0,-100000,0,0,0,0,100000,-100000,-100000
055716,致茂元大97購01  ,0,0,0,0,0,0,0,0,0,-100000,0,0,0,0,100000,-100000,-100000
055710,亞德客元大97購03,0,0,0,0,0,0,0,0,0,-100000,0,0,0,0,100000,-100000,-100000
061541,旺宏群益9A購03  ,0,0,0,0,0,0,0,0,0,-100000,0,0,0,20000,120000,-100000,-100000
060466,玉山金元大9A購01,0,0,0,0,0,0,0,0,0,-100000,0,0,0,2000,102000,-100000,-100000
060943,宏達電國票9B購02,0,0,0,0,0,0,0,0,0,-100000,0,0,0,0,100000,-100000,-100000
060887,台積電統一01購01,0,0,0,0,0,0,0,0,0,-100000,0,0,0,0,100000,-100000,-100000
059564,鴻海凱基9A購15  ,0,0,0,0,0,0,0,0,0,-100000,0,0,0,0,100000,-100000,-100000
061469,瑞祺群益9A購02  ,0,0,0,0,0,0,0,0,0,-100000,0,0,0,0,100000,-100000,-100000
060246,晶相光元大9C購03,0,0,0,0,0,0,0,0,0,-100000,0,0,0,90000,190000,-100000,-100000
058987,華新科凱基9B購01,0,0,0,0,0,0,0,0,0,-100000,0,0,0,0,100000,-100000,-100000
059473,T50反1群益99購03,0,0,0,0,0,0,0,0,0,-100000,0,0,0,0,100000,-100000,-100000
061342,華新科元大9A購17,0,0,0,0,0,0,0,0,0,-100000,0,0,0,100000,200000,-100000,-100000
059883,T50反1國票99購02,0,0,0,0,0,0,0,0,0,-100000,0,0,0,0,100000,-100000,-100000
062074,旺宏元大9B購04  ,0,0,0,0,0,0,0,0,0,-100000,0,0,0,0,100000,-100000,-100000
064770,開發金中信01購01,0,0,0,0,0,0,0,0,0,-100000,0,0,0,0,100000,-100000,-100000
064609,滬深2X元大9C購12,0,0,0,0,0,0,0,0,0,-100000,0,0,0,0,100000,-100000,-100000
064279,新光金元大01購01,0,0,0,0,0,0,0,0,0,-100000,0,0,0,0,100000,-100000,-100000
062545,嘉晶永豐9B購01  ,0,0,0,0,0,0,0,0,0,-100000,0,0,0,0,100000,-100000,-100000
062260,華新科元大9B購09,0,0,0,0,0,0,0,0,0,-100000,0,0,0,0,100000,-100000,-100000
063475,同欣電元大9C購01,0,0,0,0,0,0,0,0,0,-100000,0,0,0,3000,103000,-100000,-100000
065928,創意國票02購01  ,0,0,0,0,0,0,0,0,0,-101000,0,0,0,0,101000,-101000,-101000
060641,聯鈞永豐9A購01  ,0,0,0,0,0,0,0,0,0,-101000,0,0,0,42000,143000,-101000,-101000
059855,緯穎永豐99購04  ,0,0,0,0,0,0,0,0,0,-101000,0,0,0,0,101000,-101000,-101000
060281,卜蜂元大9C購01  ,0,0,0,0,0,0,0,0,0,-101000,0,0,0,0,101000,-101000,-101000
060568,SP黃豆永豐9A購01,0,0,0,0,0,0,0,0,0,-101000,0,0,0,0,101000,-101000,-101000
063546,國巨兆豐9C購03  ,0,0,0,0,0,0,0,0,0,-101000,0,0,0,0,101000,-101000,-101000
062337,台表科統一01購01,0,0,0,0,0,0,0,0,0,-101000,0,0,0,0,101000,-101000,-101000
064748,力成國票01購01  ,0,0,0,0,0,0,0,0,0,-101000,0,0,0,20000,121000,-101000,-101000
063640,貿聯元大9B購03  ,0,0,0,0,0,0,0,0,0,-101000,0,0,0,82000,183000,-101000,-101000
063575,矽格元大9B購02  ,0,0,0,0,0,0,0,0,0,-101000,0,0,0,490000,591000,-101000,-101000
4906,正文            ,510000,698000,-188000,0,0,0,0,0,0,87000,71000,27000,44000,71000,28000,43000,-101000
07590P,玉晶光國票9A售03,0,0,0,0,0,0,0,0,0,-102000,0,0,0,28000,130000,-102000,-102000
08168P,金像電群益9B售03,0,0,0,0,0,0,0,0,0,-102000,0,0,0,93000,195000,-102000,-102000
060809,康友群益9A購01  ,0,0,0,0,0,0,0,0,0,-102000,0,0,0,0,102000,-102000,-102000
057774,台光電群益99購02,0,0,0,0,0,0,0,0,0,-102000,0,0,0,3000,105000,-102000,-102000
055578,群創統一98購03  ,0,0,0,0,0,0,0,0,0,-102000,0,0,0,0,102000,-102000,-102000
059037,宏達電群益99購02,0,0,0,0,0,0,0,0,0,-102000,0,0,0,69000,171000,-102000,-102000
058093,神達元大9A購01  ,0,0,0,0,0,0,0,0,0,-102000,0,0,0,5000,107000,-102000,-102000
063790,南亞科台新9C購01,0,0,0,0,0,0,0,0,0,-102000,0,0,0,10000,112000,-102000,-102000
063722,遠東新元大9B購02,0,0,0,0,0,0,0,0,0,-102000,0,0,0,89000,191000,-102000,-102000
064081,國產中信06購01  ,0,0,0,0,0,0,0,0,0,-102000,0,0,0,237000,339000,-102000,-102000
06478P,臺股指日盛9A售01,0,0,0,0,0,0,0,0,0,-102000,0,0,0,10000,112000,-102000,-102000
064627,矽格元大9C購01  ,0,0,0,0,0,0,0,0,0,-102000,0,0,0,364000,466000,-102000,-102000
063501,旭富永豐9B購02  ,0,0,0,0,0,0,0,0,0,-102000,0,0,0,450000,552000,-102000,-102000
3057,喬鼎            ,1000,103000,-102000,0,0,0,0,0,0,0,0,0,0,0,0,0,-102000
065880,訊芯群益9C購01  ,0,0,0,0,0,0,0,0,0,-103000,0,0,0,123000,226000,-103000,-103000
05347P,滬深2X元富9B售02,0,0,0,0,0,0,0,0,0,-103000,0,0,0,18000,121000,-103000,-103000
056770,國產元大98購02  ,0,0,0,0,0,0,0,0,0,-103000,0,0,0,107000,210000,-103000,-103000
06353P,電子類富邦99售02,0,0,0,0,0,0,0,0,0,-103000,0,0,0,25000,128000,-103000,-103000
063324,道瓊反國票9B購03,0,0,0,0,0,0,0,0,0,-103000,0,0,0,0,103000,-103000,-103000
062383,大立光國泰01購01,0,0,0,0,0,0,0,0,0,-103000,0,0,0,93000,196000,-103000,-103000
064672,同欣電元大01購01,0,0,0,0,0,0,0,0,0,-103000,0,0,0,80000,183000,-103000,-103000
064285,貿聯元大9C購02  ,0,0,0,0,0,0,0,0,0,-103000,0,0,0,51000,154000,-103000,-103000
8464,億豐            ,488140,519000,-30860,0,0,0,0,45000,-45000,-28000,10000,3000,7000,0,35000,-35000,-103860
065427,台積電凱基02購04,0,0,0,0,0,0,0,0,0,-104000,0,0,0,11000,115000,-104000,-104000
065294,創意群益9C購03  ,0,0,0,0,0,0,0,0,0,-104000,0,0,0,42000,146000,-104000,-104000
061764,旺宏元大9B購01  ,0,0,0,0,0,0,0,0,0,-104000,0,0,0,5000,109000,-104000,-104000
064983,力成元大9C購04  ,0,0,0,0,0,0,0,0,0,-105000,0,0,0,61000,166000,-105000,-105000
065751,台光電元大9C購06,0,0,0,0,0,0,0,0,0,-105000,0,0,0,48000,153000,-105000,-105000
057798,貿聯兆豐99購01  ,0,0,0,0,0,0,0,0,0,-105000,0,0,0,96000,201000,-105000,-105000
059830,台郡凱基99購05  ,0,0,0,0,0,0,0,0,0,-105000,0,0,0,30000,135000,-105000,-105000
060288,群光元大9C購01  ,0,0,0,0,0,0,0,0,0,-105000,0,0,0,12000,117000,-105000,-105000
060182,旺宏元富9A購01  ,0,0,0,0,0,0,0,0,0,-105000,0,0,0,46000,151000,-105000,-105000
060370,滬深2X元富04購01,0,0,0,0,0,0,0,0,0,-105000,0,0,0,14000,119000,-105000,-105000
064180,國巨富邦02購03  ,0,0,0,0,0,0,0,0,0,-105000,0,0,0,23000,128000,-105000,-105000
063995,健鼎群益9C購01  ,0,0,0,0,0,0,0,0,0,-105000,0,0,0,140000,245000,-105000,-105000
063612,金像電群益9B購04,0,0,0,0,0,0,0,0,0,-105000,0,0,0,45000,150000,-105000,-105000
062813,台積電兆豐9B購01,0,0,0,0,0,0,0,0,0,-105000,0,0,0,0,105000,-105000,-105000
055323,貿聯國票98購01  ,0,0,0,0,0,0,0,0,0,-106000,0,0,0,0,106000,-106000,-106000
058456,京鼎永豐99購01  ,0,0,0,0,0,0,0,0,0,-106000,0,0,0,205000,311000,-106000,-106000
059947,貿聯永豐99購03  ,0,0,0,0,0,0,0,0,0,-106000,0,0,0,120000,226000,-106000,-106000
061923,友達凱基9B購04  ,0,0,0,0,0,0,0,0,0,-106000,0,0,0,0,106000,-106000,-106000
062413,台光電中信9B購02,0,0,0,0,0,0,0,0,0,-106000,0,0,0,38000,144000,-106000,-106000
062470,智邦凱基9C購01  ,0,0,0,0,0,0,0,0,0,-106000,0,0,0,107000,213000,-106000,-106000
063731,台積電元大9B購10,0,0,0,0,0,0,0,0,0,-106000,0,0,0,382000,488000,-106000,-106000
065551,聯發科凱基9C購11,0,0,0,0,0,0,0,0,0,-107000,0,0,0,10000,117000,-107000,-107000
065394,英業達群益9C購01,0,0,0,0,0,0,0,0,0,-107000,0,0,0,156000,263000,-107000,-107000
055725,嘉聯益元大98購03,0,0,0,0,0,0,0,0,0,-107000,0,0,0,80000,187000,-107000,-107000
057502,訊芯群益98購02  ,0,0,0,0,0,0,0,0,0,-107000,0,0,0,0,107000,-107000,-107000
061681,南電元大9A購08  ,0,0,0,0,0,0,0,0,0,-107000,0,0,0,9000,116000,-107000,-107000
059865,國巨凱基01購01  ,0,0,0,0,0,0,0,0,0,-107000,0,0,0,21000,128000,-107000,-107000
058457,創意永豐99購01  ,0,0,0,0,0,0,0,0,0,-107000,0,0,0,182000,289000,-107000,-107000
059261,華邦電中信01購01,0,0,0,0,0,0,0,0,0,-107000,0,0,0,248000,355000,-107000,-107000
058930,華新科統一9B購01,0,0,0,0,0,0,0,0,0,-107000,0,0,0,47000,154000,-107000,-107000
063969,晶豪科國票01購01,0,0,0,0,0,0,0,0,0,-107000,0,0,0,42000,149000,-107000,-107000
064158,健鼎統一02購01  ,0,0,0,0,0,0,0,0,0,-107000,0,0,0,56000,163000,-107000,-107000
062569,南電中信01購01  ,0,0,0,0,0,0,0,0,0,-107000,0,0,0,105000,212000,-107000,-107000
8271,宇瞻            ,69000,204000,-135000,0,0,0,1000,0,1000,26330,25000,1670,23330,3000,0,3000,-107670
057549,台光電凱基98購05,0,0,0,0,0,0,0,0,0,-108000,0,0,0,1000,109000,-108000,-108000
058622,國巨國票99購07  ,0,0,0,0,0,0,0,0,0,-108000,0,0,0,35000,143000,-108000,-108000
063517,遠東新凱基01購01,0,0,0,0,0,0,0,0,0,-108000,0,0,0,60000,168000,-108000,-108000
063049,上海銀兆豐9B購01,0,0,0,0,0,0,0,0,0,-108000,0,0,0,40000,148000,-108000,-108000
063965,漢唐國票01購01  ,0,0,0,0,0,0,0,0,0,-108000,0,0,0,20000,128000,-108000,-108000
063705,臻鼎群益9B購03  ,0,0,0,0,0,0,0,0,0,-108000,0,0,0,186000,294000,-108000,-108000
07060P,台表科國票9A售01,0,0,0,0,0,0,0,0,0,-109000,0,0,0,139000,248000,-109000,-109000
057011,日月光中信99購01,0,0,0,0,0,0,0,0,0,-109000,0,0,0,0,109000,-109000,-109000
059511,宏達電永豐99購02,0,0,0,0,0,0,0,0,0,-109000,0,0,0,8000,117000,-109000,-109000
058771,神達兆豐99購01  ,0,0,0,0,0,0,0,0,0,-109000,0,0,0,50000,159000,-109000,-109000
062097,台光電永豐9B購01,0,0,0,0,0,0,0,0,0,-109000,0,0,0,153000,262000,-109000,-109000
062141,遠東新國票9B購01,0,0,0,0,0,0,0,0,0,-109000,0,0,0,52000,161000,-109000,-109000
07011P,宏達電凱基99售02,0,0,0,0,0,0,0,0,0,-110000,0,0,0,149000,259000,-110000,-110000
07527P,台灣50凱基9B售02,0,0,0,0,0,0,0,0,0,-110000,0,0,0,10000,120000,-110000,-110000
07216P,大立光凱基99售08,0,0,0,0,0,0,0,0,0,-110000,0,0,0,0,110000,-110000,-110000
07164P,臺股指群益99售15,0,0,0,0,0,0,0,0,0,-110000,0,0,0,100000,210000,-110000,-110000
08118P,嘉澤元富9B售02  ,0,0,0,0,0,0,0,0,0,-110000,0,0,0,0,110000,-110000,-110000
064799,裕隆元大9C購02  ,0,0,0,0,0,0,0,0,0,-110000,0,0,0,0,110000,-110000,-110000
065719,T50反1兆豐9C購01,0,0,0,0,0,0,0,0,0,-110000,0,0,0,80000,190000,-110000,-110000
058070,華新科凱基98購07,0,0,0,0,0,0,0,0,0,-110000,0,0,0,45000,155000,-110000,-110000
058017,漢唐凱基99購01  ,0,0,0,0,0,0,0,0,0,-110000,0,0,0,60000,170000,-110000,-110000
056726,友達日盛9A購01  ,0,0,0,0,0,0,0,0,0,-110000,0,0,0,0,110000,-110000,-110000
060721,瑞儀永豐9A購01  ,0,0,0,0,0,0,0,0,0,-110000,0,0,0,89000,199000,-110000,-110000
060845,欣興國票9A購01  ,0,4000,-4000,0,0,0,0,0,0,-106000,0,0,0,23000,129000,-106000,-110000
055331,國巨兆豐99購01  ,0,0,0,0,0,0,0,0,0,-110000,0,0,0,45000,155000,-110000,-110000
057997,旺宏第一9C購01  ,0,0,0,0,0,0,0,0,0,-110000,0,0,0,45000,155000,-110000,-110000
061995,超眾元大01購01  ,0,0,0,0,0,0,0,0,0,-110000,0,0,0,0,110000,-110000,-110000
059959,訊芯康和99購01  ,0,0,0,0,0,0,0,0,0,-110000,0,0,0,0,110000,-110000,-110000
061052,和大群益9A購01  ,0,0,0,0,0,0,0,0,0,-110000,0,0,0,0,110000,-110000,-110000
058641,鴻海麥證99購02  ,0,0,0,0,156000,-156000,0,0,0,-110000,0,0,0,46000,156000,-110000,-110000
058320,華新科永豐99購02,0,0,0,0,0,0,0,0,0,-110000,0,0,0,0,110000,-110000,-110000
058476,旺宏凱基9A購01  ,0,0,0,0,0,0,0,0,0,-110000,0,0,0,0,110000,-110000,-110000
063714,超眾凱基9B購03  ,0,0,0,0,0,0,0,0,0,-110000,0,0,0,31000,141000,-110000,-110000
064298,台灣50兆豐01購02,0,0,0,0,0,0,0,0,0,-110000,0,0,0,0,110000,-110000,-110000
064585,中壽永豐9C購01  ,0,0,0,0,0,0,0,0,0,-110000,0,0,0,33000,143000,-110000,-110000
063401,中租群益9B購03  ,0,0,0,0,0,0,0,0,0,-110000,0,0,0,83000,193000,-110000,-110000
063386,國巨兆豐9B購04  ,0,0,0,0,0,0,0,0,0,-110000,0,0,0,0,110000,-110000,-110000
065554,群創凱基02購02  ,0,0,0,0,0,0,0,0,0,-111000,0,0,0,150000,261000,-111000,-111000
057618,台光電凱基99購01,0,0,0,0,0,0,0,0,0,-111000,0,0,0,121000,232000,-111000,-111000
056554,GIS凱基99購01   ,0,0,0,0,0,0,0,0,0,-111000,0,0,0,135000,246000,-111000,-111000
060955,大立光群益9A購02,0,0,0,0,0,0,0,0,0,-111000,0,0,0,20000,131000,-111000,-111000
063023,華擎元大9B購02  ,0,0,0,0,0,0,0,0,0,-111000,0,0,0,107000,218000,-111000,-111000
064547,宏達電凱基9C購01,0,0,0,0,0,0,0,0,0,-111000,0,0,0,65000,176000,-111000,-111000
064772,FBVIX群益9C購04 ,0,0,0,0,0,0,0,0,0,-111000,0,0,0,0,111000,-111000,-111000
065461,台光電中信9C購01,0,0,0,0,0,0,0,0,0,-112000,0,0,0,108000,220000,-112000,-112000
065850,緯創元大9C購06  ,0,0,0,0,0,0,0,0,0,-112000,0,0,0,176000,288000,-112000,-112000
061501,嘉澤國票9A購01  ,0,0,0,0,0,0,0,0,0,-112000,0,0,0,32000,144000,-112000,-112000
063474,康控元大9B購04  ,0,0,0,0,0,0,0,0,0,-112000,0,0,0,279000,391000,-112000,-112000
059051,和大凱基9A購01  ,0,0,0,0,0,0,0,0,0,-113000,0,0,0,100000,213000,-113000,-113000
058173,台積電凱基99購04,0,0,0,0,0,0,0,0,0,-113000,0,0,0,11000,124000,-113000,-113000
063231,台泥元大9B購01  ,0,0,0,0,0,0,0,0,0,-113000,0,0,0,394000,507000,-113000,-113000
062382,燿華國泰9C購01  ,0,0,0,0,0,0,0,0,0,-113000,0,0,0,98000,211000,-113000,-113000
062351,瑞祺群益9C購01  ,0,0,0,0,0,0,0,0,0,-113000,0,0,0,77000,190000,-113000,-113000
063894,漢唐群益9C購01  ,0,0,0,0,0,0,0,0,0,-113000,0,0,0,105000,218000,-113000,-113000
063929,高鐵統一02購01  ,0,0,0,0,0,0,0,0,0,-113000,0,0,0,2000,115000,-113000,-113000
065833,中租凱基02購01  ,0,0,0,0,0,0,0,0,0,-114000,0,0,0,13000,127000,-114000,-114000
065542,緯穎統一01購05  ,0,0,0,0,0,0,0,0,0,-114000,0,0,0,78000,192000,-114000,-114000
055119,力成凱基98購01  ,0,0,0,0,0,0,0,0,0,-114000,0,0,0,0,114000,-114000,-114000
061639,晶豪科元大9A購02,0,0,0,0,0,0,0,0,0,-114000,0,0,0,241000,355000,-114000,-114000
061471,台積電元大9A購31,0,0,0,0,0,0,0,0,0,-114000,0,0,0,2000,116000,-114000,-114000
059949,啟碁永豐99購01  ,0,0,0,0,0,0,0,0,0,-114000,0,0,0,0,114000,-114000,-114000
061310,華新科麥證9A購01,0,0,0,0,114000,-114000,0,0,0,-114000,0,0,0,0,114000,-114000,-114000
063956,神達元大9C購01  ,0,0,0,0,0,0,0,0,0,-114000,0,0,0,21000,135000,-114000,-114000
6165,捷泰            ,9000,123000,-114000,0,0,0,0,0,0,0,0,0,0,0,0,0,-114000
065402,漢唐國泰02購01  ,0,0,0,0,0,0,0,0,0,-115000,0,0,0,44000,159000,-115000,-115000
065643,聯發科元大01購06,0,0,0,0,0,0,0,0,0,-115000,0,0,0,0,115000,-115000,-115000
065735,矽格凱基01購02  ,0,0,0,0,0,0,0,0,0,-115000,0,0,0,8000,123000,-115000,-115000
065079,致茂元大9C購01  ,0,0,0,0,0,0,0,0,0,-115000,0,0,0,121000,236000,-115000,-115000
065108,建準國票01購01  ,0,0,0,0,0,0,0,0,0,-115000,0,0,0,0,115000,-115000,-115000
07531P,大立光國泰9B售03,0,0,0,0,0,0,0,0,0,-115000,0,0,0,0,115000,-115000,-115000
08367P,臺股指凱基9C售11,0,0,0,0,0,0,0,0,0,-115000,0,0,0,27000,142000,-115000,-115000
053316,友達群益9A購01  ,0,0,0,0,0,0,0,0,0,-115000,0,0,0,8000,123000,-115000,-115000
061275,臺股指凱基9A購25,0,0,0,0,0,0,0,0,0,-115000,0,0,0,71000,186000,-115000,-115000
061969,大立光統一01購02,0,0,0,0,0,0,0,0,0,-115000,0,0,0,125000,240000,-115000,-115000
062332,大立光統一9B購11,0,0,0,0,0,0,0,0,0,-115000,0,0,0,31000,146000,-115000,-115000
062233,神隆凱基9B購01  ,0,0,0,0,0,0,0,0,0,-115000,0,0,0,161000,276000,-115000,-115000
062919,聯茂元大9B購01  ,0,0,0,0,0,0,0,0,0,-115000,0,0,0,50000,165000,-115000,-115000
063459,華通元大9B購08  ,0,0,0,0,0,0,0,0,0,-115000,0,0,0,0,115000,-115000,-115000
08300P,世芯國票01售01  ,0,0,0,0,0,0,0,0,0,-116000,0,0,0,0,116000,-116000,-116000
065652,超眾元大01購02  ,0,0,0,0,0,0,0,0,0,-116000,0,0,0,0,116000,-116000,-116000
056096,超眾元富9A購01  ,0,0,0,0,0,0,0,0,0,-116000,0,0,0,5000,121000,-116000,-116000
056843,冠德元富98購01  ,0,0,0,0,0,0,0,0,0,-116000,0,0,0,16000,132000,-116000,-116000
059841,國巨富邦9C購01  ,0,0,0,0,0,0,0,0,0,-116000,0,0,0,1000,117000,-116000,-116000
064162,貿聯統一02購01  ,0,0,0,0,0,0,0,0,0,-116000,0,0,0,13000,129000,-116000,-116000
064185,裕隆永豐9C購01  ,0,0,0,0,0,0,0,0,0,-116000,0,0,0,0,116000,-116000,-116000
064096,台積電群益9C購07,0,0,0,0,0,0,0,0,0,-116000,0,0,0,60000,176000,-116000,-116000
064294,和大中信9C購01  ,0,0,0,0,0,0,0,0,0,-116000,0,0,0,10000,126000,-116000,-116000
064489,宏碁元大9C購01  ,0,0,0,0,0,0,0,0,0,-116000,0,0,0,28000,144000,-116000,-116000
065596,鴻海元大9C購16  ,0,0,0,0,0,0,0,0,0,-117000,0,0,0,43000,160000,-117000,-117000
065555,旭富凱基01購02  ,0,0,0,0,0,0,0,0,0,-117000,0,0,0,70000,187000,-117000,-117000
06763P,技嘉元大98售05  ,0,0,0,0,0,0,0,0,0,-117000,0,0,0,0,117000,-117000,-117000
065212,瑞儀國票01購01  ,0,0,0,0,0,0,0,0,0,-117000,0,0,0,151000,268000,-117000,-117000
064943,聚陽凱基9C購01  ,0,0,0,0,0,0,0,0,0,-117000,0,0,0,50000,167000,-117000,-117000
061749,群創統一9C購02  ,0,0,0,0,0,0,0,0,0,-117000,0,0,0,0,117000,-117000,-117000
060915,旭富元大9A購01  ,0,0,0,0,0,0,0,0,0,-117000,0,0,0,91000,208000,-117000,-117000
063458,正隆元大9B購01  ,0,0,0,0,0,0,0,0,0,-117000,0,0,0,934000,1051000,-117000,-117000
9188,精熙-DR         ,0,117000,-117000,0,0,0,0,0,0,0,0,0,0,0,0,0,-117000
065535,健鼎統一02購03  ,0,0,0,0,0,0,0,0,0,-118000,0,0,0,48000,166000,-118000,-118000
060249,正文元大9C購01  ,0,0,0,0,0,0,0,0,0,-118000,0,0,0,117000,235000,-118000,-118000
062941,大立光凱基9B購07,0,0,0,0,0,0,0,0,0,-118000,0,0,0,45000,163000,-118000,-118000
064508,力成元大9C購03  ,0,0,0,0,0,0,0,0,0,-118000,0,0,0,43000,161000,-118000,-118000
058075,貿聯凱基99購02  ,0,0,0,0,0,0,0,0,0,-119000,0,0,0,75000,194000,-119000,-119000
056177,嘉澤元富97購01  ,0,0,0,0,0,0,0,0,0,-119000,0,0,0,162000,281000,-119000,-119000
062126,創意統一9B購01  ,0,0,0,0,0,0,0,0,0,-119000,0,0,0,857000,976000,-119000,-119000
062582,鴻海統一9C購11  ,0,0,0,0,0,0,0,0,0,-119000,0,0,0,8000,127000,-119000,-119000
2456,奇力新          ,300000,379000,-79000,0,0,0,0,0,0,-40000,9000,0,9000,4000,53000,-49000,-119000
06694P,臺股指凱基99售13,0,0,0,0,0,0,0,0,0,-120000,0,0,0,0,120000,-120000,-120000
06632P,創意群益98售03  ,0,0,0,0,0,0,0,0,0,-120000,0,0,0,10000,130000,-120000,-120000
08223P,臺股指凱基9B售18,0,0,0,0,0,0,0,0,0,-120000,0,0,0,20000,140000,-120000,-120000
08521P,台達電元大9C售03,0,0,0,0,0,0,0,0,0,-120000,0,0,0,0,120000,-120000,-120000
07559P,祥碩元大9A售03  ,0,0,0,0,0,0,0,0,0,-120000,0,0,0,0,120000,-120000,-120000
07741P,滬深2X凱基9B售04,0,0,0,0,0,0,0,0,0,-120000,0,0,0,0,120000,-120000,-120000
058062,上銀中信98購01  ,0,0,0,0,0,0,0,0,0,-120000,0,0,0,0,120000,-120000,-120000
056998,麗豐康和98購01  ,0,0,0,0,0,0,0,0,0,-120000,0,0,0,0,120000,-120000,-120000
055787,聯茂凱基99購01  ,0,0,0,0,0,0,0,0,0,-120000,0,0,0,11000,131000,-120000,-120000
053505,瑞儀兆豐97購01  ,0,0,0,0,0,0,0,0,0,-120000,0,0,0,0,120000,-120000,-120000
058766,力山兆豐99購01  ,0,0,0,0,0,0,0,0,0,-120000,0,0,0,10000,130000,-120000,-120000
058925,旭富元富99購02  ,0,0,0,0,0,0,0,0,0,-120000,0,0,0,10000,130000,-120000,-120000
063587,漢唐永豐9B購02  ,0,0,0,0,0,0,0,0,0,-120000,0,0,0,234000,354000,-120000,-120000
2536,宏普            ,78000,198000,-120000,0,0,0,0,0,0,0,0,0,0,0,0,0,-120000
3029,零壹            ,350000,213000,137000,0,0,0,0,4000,-4000,-253040,19000,272040,-253040,0,0,0,-120040
06705P,臻鼎元富98售03  ,0,0,0,0,0,0,0,0,0,-121000,0,0,0,0,121000,-121000,-121000
061976,國巨元大9B購01  ,0,0,0,0,0,0,0,0,0,-121000,0,0,0,0,121000,-121000,-121000
061318,智邦凱基9B購01  ,0,0,0,0,0,0,0,0,0,-121000,0,0,0,113000,234000,-121000,-121000
063976,正崴兆豐9C購01  ,0,0,0,0,0,0,0,0,0,-121000,0,0,0,66000,187000,-121000,-121000
064456,禾伸堂統一01購01,0,0,0,0,0,0,0,0,0,-121000,0,0,0,747000,868000,-121000,-121000
062636,聯鈞國票9B購01  ,0,0,0,0,0,0,0,0,0,-121000,0,0,0,38000,159000,-121000,-121000
063327,燿華國票9C購02  ,0,0,0,0,0,0,0,0,0,-121000,0,0,0,0,121000,-121000,-121000
064896,華新科群益01購02,0,0,0,0,0,0,0,0,0,-122000,0,0,0,5000,127000,-122000,-122000
056960,光罩永豐98購01  ,0,0,0,0,0,0,0,0,0,-122000,0,0,0,0,122000,-122000,-122000
057835,華擎元富9B購01  ,0,0,0,0,0,0,0,0,0,-122000,0,0,0,116000,238000,-122000,-122000
060982,旺宏元大9A購09  ,0,0,0,0,0,0,0,0,0,-122000,0,0,0,39000,161000,-122000,-122000
061028,聚陽永豐9A購01  ,0,0,0,0,0,0,0,0,0,-122000,0,0,0,96000,218000,-122000,-122000
058878,旭富國泰9B購01  ,0,0,0,0,0,0,0,0,0,-122000,0,0,0,306000,428000,-122000,-122000
058887,元石油元大9C購04,0,0,0,0,0,0,0,0,0,-122000,0,0,0,0,122000,-122000,-122000
058655,鴻海中信03購02  ,0,0,0,0,0,0,0,0,0,-122000,0,0,0,3000,125000,-122000,-122000
063379,帆宣永豐9B購01  ,0,0,0,0,0,0,0,0,0,-122000,0,0,0,110000,232000,-122000,-122000
063390,嘉晶兆豐9B購01  ,0,0,0,0,0,0,0,0,0,-122000,0,0,0,1000,123000,-122000,-122000
063223,牧德群益9B購04  ,0,0,0,0,0,0,0,0,0,-122000,0,0,0,5000,127000,-122000,-122000
063145,台表科統一02購01,0,0,0,0,0,0,0,0,0,-122000,0,0,0,28000,150000,-122000,-122000
064426,群創兆豐9C購01  ,0,0,0,0,0,0,0,0,0,-122000,0,0,0,0,122000,-122000,-122000
064253,貿聯元富9C購01  ,0,0,0,0,0,0,0,0,0,-122000,0,0,0,189000,311000,-122000,-122000
064007,嘉澤凱基02購01  ,0,0,0,0,0,0,0,0,0,-122000,0,0,0,0,122000,-122000,-122000
065904,群創富邦02購01  ,0,0,0,0,0,0,0,0,0,-123000,0,0,0,0,123000,-123000,-123000
08581P,臺股指元大9C售29,0,0,0,0,0,0,0,0,0,-123000,0,0,0,0,123000,-123000,-123000
08325P,臺股指凱基9C售08,0,0,0,0,0,0,0,0,0,-123000,0,0,0,2000,125000,-123000,-123000
057178,可成元大98購03  ,0,0,0,0,0,0,0,0,0,-123000,0,0,0,35000,158000,-123000,-123000
057903,聯鈞永豐99購01  ,0,0,0,0,0,0,0,0,0,-123000,0,0,0,107000,230000,-123000,-123000
061896,景碩永豐9B購01  ,0,0,0,0,0,0,0,0,0,-123000,0,0,0,123000,246000,-123000,-123000
062049,亞德客統一01購01,0,0,0,0,0,0,0,0,0,-123000,0,0,0,30000,153000,-123000,-123000
065687,華通元富9C購03  ,0,0,0,0,0,0,0,0,0,-124000,0,0,0,0,124000,-124000,-124000
064163,康控統一01購01  ,0,0,0,0,0,0,0,0,0,-124000,0,0,0,488000,612000,-124000,-124000
064133,力成元大9C購01  ,0,0,0,0,0,0,0,0,0,-124000,0,0,0,95000,219000,-124000,-124000
9910,豐泰            ,764287,969000,-204713,0,0,0,100000,0,100000,-20000,0,1000,-1000,0,19000,-19000,-124713
060048,元金2X凱基99購03,0,0,0,0,0,0,0,0,0,-125000,0,0,0,0,125000,-125000,-125000
060379,T50反1凱基9A購07,0,0,0,0,0,0,0,0,0,-125000,0,0,0,0,125000,-125000,-125000
063914,和碩凱基9C購01  ,0,0,0,0,0,0,0,0,0,-125000,0,0,0,54000,179000,-125000,-125000
063450,華新科統一02購01,0,0,0,0,0,0,0,0,0,-125000,0,0,0,103000,228000,-125000,-125000
2457,飛宏            ,557000,682000,-125000,0,0,0,0,0,0,0,0,0,0,0,0,0,-125000
065471,和大元大9C購05  ,0,0,0,0,0,0,0,0,0,-126000,0,0,0,0,126000,-126000,-126000
065818,奇鋐元富9C購01  ,0,0,0,0,0,0,0,0,0,-126000,0,0,0,64000,190000,-126000,-126000
08440P,玉晶光國票01售05,0,0,0,0,0,0,0,0,0,-126000,0,0,0,40000,166000,-126000,-126000
056693,國產群益98購01  ,0,0,0,0,0,0,0,0,0,-126000,0,0,0,0,126000,-126000,-126000
061492,超眾兆豐9B購01  ,0,0,0,0,0,0,0,0,0,-126000,0,0,0,10000,136000,-126000,-126000
060295,貿聯元大9A購03  ,0,0,0,0,0,0,0,0,0,-126000,0,0,0,32000,158000,-126000,-126000
056571,燿華元大98購02  ,0,0,0,0,0,0,0,0,0,-127000,0,0,0,112000,239000,-127000,-127000
056676,國產元富98購01  ,0,0,0,0,0,0,0,0,0,-127000,0,0,0,556000,683000,-127000,-127000
057534,旭富元大98購01  ,0,0,0,0,0,0,0,0,0,-127000,0,0,0,37000,164000,-127000,-127000
050758,聯發科元富9B購01,0,0,0,0,0,0,0,0,0,-127000,0,0,0,22000,149000,-127000,-127000
060409,味全永豐9A購01  ,0,0,0,0,0,0,0,0,0,-127000,0,0,0,5000,132000,-127000,-127000
060573,力成永豐9A購01  ,0,0,0,0,0,0,0,0,0,-127000,0,0,0,47000,174000,-127000,-127000
065570,台光電群益01購01,0,0,0,0,0,0,0,0,0,-128000,0,0,0,85000,213000,-128000,-128000
057523,大成鋼元大99購01,0,0,0,0,0,0,0,0,0,-128000,0,0,0,12000,140000,-128000,-128000
057805,華通元大98購06  ,0,0,0,0,0,0,0,0,0,-128000,0,0,0,5000,133000,-128000,-128000
058898,台積電元大99購20,0,0,0,0,0,0,0,0,0,-128000,0,0,0,94000,222000,-128000,-128000
061381,台灣50群益9B購07,0,0,0,0,0,0,0,0,0,-128000,0,0,0,4000,132000,-128000,-128000
064210,台光電凱基03購01,0,0,0,0,0,0,0,0,0,-128000,0,0,0,236000,364000,-128000,-128000
064520,京鼎群益02購01  ,0,0,0,0,0,0,0,0,0,-128000,0,0,0,129000,257000,-128000,-128000
064603,和碩元富9C購01  ,0,0,0,0,0,0,0,0,0,-128000,0,0,0,58000,186000,-128000,-128000
2478,大毅            ,216000,264000,-48000,0,0,0,0,0,0,-80000,0,0,0,17000,97000,-80000,-128000
056385,創意國泰99購01  ,0,0,0,0,0,0,0,0,0,-129000,0,0,0,103000,232000,-129000,-129000
054742,京鼎凱基99購01  ,0,0,0,0,0,0,0,0,0,-129000,0,0,0,127000,256000,-129000,-129000
059278,群創元大9A購04  ,0,0,0,0,0,0,0,0,0,-129000,0,0,0,3000,132000,-129000,-129000
059288,旺宏元富99購03  ,0,0,0,0,0,0,0,0,0,-129000,0,0,0,88000,217000,-129000,-129000
058558,鴻海日盛9A購02  ,0,0,0,0,0,0,0,0,0,-129000,0,0,0,67000,196000,-129000,-129000
061067,貿聯凱基9A購03  ,0,0,0,0,0,0,0,0,0,-129000,0,0,0,120000,249000,-129000,-129000
062336,茂林統一01購02  ,0,0,0,0,0,0,0,0,0,-129000,0,0,0,41000,170000,-129000,-129000
062476,神隆國票9B購01  ,0,0,0,0,0,0,0,0,0,-129000,0,0,0,177000,306000,-129000,-129000
065975,緯創元大02購01  ,0,0,0,0,0,0,0,0,0,-130000,0,0,0,15000,145000,-130000,-130000
065340,旺宏統一9C購04  ,0,0,0,0,0,0,0,0,0,-130000,0,0,0,115000,245000,-130000,-130000
055375,京鼎元大97購03  ,0,0,0,0,0,0,0,0,0,-130000,0,0,0,0,130000,-130000,-130000
056909,嘉聯益元大99購03,0,0,0,0,0,0,0,0,0,-130000,0,0,0,0,130000,-130000,-130000
057925,貿聯凱基99購01  ,0,0,0,0,0,0,0,0,0,-130000,0,0,0,2000,132000,-130000,-130000
057493,聯詠元大98購02  ,0,0,0,0,0,0,0,0,0,-130000,0,0,0,190000,320000,-130000,-130000
059546,FBVIX群益99購03 ,0,0,0,0,0,0,0,0,0,-130000,0,0,0,0,130000,-130000,-130000
058522,聯茂元大99購07  ,0,0,0,0,0,0,0,0,0,-130000,0,0,0,150000,280000,-130000,-130000
05995P,T50正2中信9C售01,1000,0,1000,0,0,0,0,0,0,-131000,0,0,0,90000,221000,-131000,-130000
061959,鴻海統一9B購04  ,0,0,0,0,0,0,0,0,0,-130000,0,0,0,170000,300000,-130000,-130000
063521,國巨凱基03購01  ,0,0,0,0,0,0,0,0,0,-130000,0,0,0,0,130000,-130000,-130000
063331,瑞儀國票9C購01  ,0,0,0,0,0,0,0,0,0,-130000,0,0,0,0,130000,-130000,-130000
064266,聯茂永豐9C購01  ,0,0,0,0,0,0,0,0,0,-130000,0,0,0,63000,193000,-130000,-130000
6120,達運            ,124000,251000,-127000,0,0,0,0,0,0,-3000,0,3000,-3000,0,0,0,-130000
065312,日月光國票01購01,0,0,0,0,0,0,0,0,0,-131000,0,0,0,200000,331000,-131000,-131000
065521,貿聯群益9C購04  ,0,0,0,0,0,0,0,0,0,-131000,0,0,0,40000,171000,-131000,-131000
08229P,祥碩國票9B售04  ,0,0,0,0,0,0,0,0,0,-131000,0,0,0,0,131000,-131000,-131000
052152,創意富邦98購01  ,0,0,0,0,0,0,0,0,0,-131000,0,0,0,0,131000,-131000,-131000
060320,元金2X群益02購01,0,0,0,0,0,0,0,0,0,-131000,0,0,0,2000,133000,-131000,-131000
059403,T50反1台新03購03,0,0,0,0,0,0,0,0,0,-131000,0,0,0,0,131000,-131000,-131000
064516,華通群益02購01  ,0,0,0,0,0,0,0,0,0,-131000,0,0,0,16000,147000,-131000,-131000
2059,川湖            ,57000,188000,-131000,0,0,0,0,0,0,-1000,0,1000,-1000,0,0,0,-132000
065532,台光電統一02購02,0,0,0,0,0,0,0,0,0,-132000,0,0,0,63000,195000,-132000,-132000
065287,華新科群益01購03,0,0,0,0,0,0,0,0,0,-132000,0,0,0,0,132000,-132000,-132000
058174,台積電凱基9A購05,0,0,0,0,0,0,0,0,0,-132000,0,0,0,11000,143000,-132000,-132000
061582,麗豐元大9A購01  ,0,0,0,0,0,0,0,0,0,-132000,0,0,0,73000,205000,-132000,-132000
063968,新光金國票01購01,0,0,0,0,0,0,0,0,0,-132000,0,0,0,64000,196000,-132000,-132000
065194,和大元富9C購01  ,0,0,0,0,0,0,0,0,0,-133000,0,0,0,120000,253000,-133000,-133000
065104,南茂元大9C購02  ,0,0,0,0,0,0,0,0,0,-133000,0,0,0,115000,248000,-133000,-133000
065712,緯穎群益9C購03  ,0,15000,-15000,0,0,0,0,0,0,-118000,0,0,0,97000,215000,-118000,-133000
054160,華泰凱基98購01  ,0,0,0,0,0,0,0,0,0,-133000,0,0,0,0,133000,-133000,-133000
057815,信邦元大98購01  ,0,0,0,0,0,0,0,0,0,-133000,0,0,0,104000,237000,-133000,-133000
060541,正隆凱基9A購01  ,0,0,0,0,0,0,0,0,0,-133000,0,0,0,222000,355000,-133000,-133000
060410,台苯永豐9A購01  ,0,0,0,0,0,0,0,0,0,-133000,0,0,0,116000,249000,-133000,-133000
061925,禾伸堂凱基9C購01,0,0,0,0,0,0,0,0,0,-133000,0,0,0,147000,280000,-133000,-133000
063560,力山元大9B購05  ,0,0,0,0,0,0,0,0,0,-133000,0,0,0,99000,232000,-133000,-133000
062622,南電元大9B購03  ,0,0,0,0,0,0,0,0,0,-133000,0,0,0,36000,169000,-133000,-133000
08609P,世紀鋼永豐9C售03,0,0,0,0,0,0,0,0,0,-134000,0,0,0,14000,148000,-134000,-134000
08422P,玉晶光群益02售03,0,0,0,0,0,0,0,0,0,-134000,0,0,0,10000,144000,-134000,-134000
08047P,臺股指國票9B售12,0,0,0,0,0,0,0,0,0,-134000,0,0,0,11000,145000,-134000,-134000
062045,崇越凱基9B購01  ,0,0,0,0,0,0,0,0,0,-134000,0,0,0,59000,193000,-134000,-134000
058215,貿聯群益99購02  ,0,0,0,0,0,0,0,0,0,-134000,0,0,0,20000,154000,-134000,-134000
059695,聯鈞永豐99購02  ,0,0,0,0,0,0,0,0,0,-134000,0,0,0,20000,154000,-134000,-134000
062318,台郡凱基9B購01  ,0,0,0,0,0,0,0,0,0,-134000,0,0,0,92000,226000,-134000,-134000
064572,同欣電群益9C購02,0,0,0,0,0,0,0,0,0,-134000,0,0,0,8000,142000,-134000,-134000
9939,宏全            ,246000,254000,-8000,0,0,0,0,118000,-118000,-8000,14000,2000,12000,15000,35000,-20000,-134000
07719P,臺股指群益9A售08,0,0,0,0,0,0,0,0,0,-135000,0,0,0,243000,378000,-135000,-135000
07593P,臺股指凱基9A售08,0,0,0,0,0,0,0,0,0,-135000,0,0,0,0,135000,-135000,-135000
06564P,國巨富邦9A售04  ,0,0,0,0,0,0,0,0,0,-135000,0,0,0,0,135000,-135000,-135000
057563,旭富國泰9A購01  ,0,0,0,0,0,0,0,0,0,-135000,0,0,0,0,135000,-135000,-135000
060165,上緯控永豐9A購01,0,0,0,0,0,0,0,0,0,-135000,0,0,0,52000,187000,-135000,-135000
064927,瀚宇博統一02購01,0,0,0,0,0,0,0,0,0,-136000,0,0,0,495000,631000,-136000,-136000
06851P,鈺齊元大98售01  ,0,0,0,0,0,0,0,0,0,-136000,0,0,0,0,136000,-136000,-136000
057423,台郡凱基98購06  ,0,0,0,0,0,0,0,0,0,-136000,0,0,0,283000,419000,-136000,-136000
056537,冠德凱基98購01  ,0,0,0,0,0,0,0,0,0,-136000,0,0,0,0,136000,-136000,-136000
062265,南茂元大9B購01  ,0,0,0,0,0,0,0,0,0,-136000,0,0,0,10000,146000,-136000,-136000
065579,南茂群益9C購02  ,0,0,0,0,0,0,0,0,0,-137000,0,0,0,2000,139000,-137000,-137000
03446B,臺股指元大9B熊26,0,0,0,0,0,0,0,0,0,-137000,0,0,0,394000,531000,-137000,-137000
062087,瑞祺元大9B購02  ,0,0,0,0,0,0,0,0,0,-137000,0,0,0,369000,506000,-137000,-137000
058720,旭富元富99購01  ,0,0,0,0,0,0,0,0,0,-137000,0,0,0,0,137000,-137000,-137000
061267,玉山金凱基9B購01,0,0,0,0,0,0,0,0,0,-137000,0,0,0,39000,176000,-137000,-137000
060540,南亞凱基9A購01  ,0,0,0,0,0,0,0,0,0,-138000,0,0,0,34000,172000,-138000,-138000
062511,台光電國票9B購02,0,0,0,0,0,0,0,0,0,-138000,0,0,0,10000,148000,-138000,-138000
062878,宏達電兆豐9B購01,0,0,0,0,0,0,0,0,0,-138000,0,0,0,11000,149000,-138000,-138000
059988,大立光元大9A購02,0,0,0,0,0,0,0,0,0,-139000,0,0,0,11000,150000,-139000,-139000
064305,健鼎兆豐9C購02  ,0,0,0,0,0,0,0,0,0,-139000,0,0,0,0,139000,-139000,-139000
07054P,華新科兆豐99售04,0,0,0,0,0,0,0,0,0,-140000,0,0,0,0,140000,-140000,-140000
07109P,聯發科中信9B售02,0,0,0,0,0,0,0,0,0,-140000,0,0,0,0,140000,-140000,-140000
054428,禾伸堂富邦98購01,0,0,0,0,0,0,0,0,0,-140000,0,0,0,1000,141000,-140000,-140000
060470,台勝科元大9A購03,0,0,0,0,0,0,0,0,0,-140000,0,0,0,10000,150000,-140000,-140000
064304,信邦兆豐01購01  ,0,0,0,0,0,0,0,0,0,-140000,0,0,0,711000,851000,-140000,-140000
064448,裕隆統一02購01  ,0,0,0,0,0,0,0,0,0,-140000,0,0,0,0,140000,-140000,-140000
064777,南亞科群益9C購01,0,0,0,0,0,0,0,0,0,-140000,0,0,0,10000,150000,-140000,-140000
063120,台光電元大9C購01,0,0,0,0,0,0,0,0,0,-140000,0,0,0,91000,231000,-140000,-140000
3019,亞光            ,216000,282000,-66000,0,0,0,0,0,0,-74000,2000,0,2000,11000,87000,-76000,-140000
065815,微星元富9C購01  ,0,0,0,0,0,0,0,0,0,-141000,0,0,0,454000,595000,-141000,-141000
053584,友達元大9B購02  ,0,0,0,0,0,0,0,0,0,-141000,0,0,0,0,141000,-141000,-141000
057793,群創統一99購02  ,0,0,0,0,0,0,0,0,0,-141000,0,0,0,0,141000,-141000,-141000
062580,華通統一9C購03  ,0,0,0,0,0,0,0,0,0,-141000,0,0,0,0,141000,-141000,-141000
062543,華通富邦9C購01  ,0,0,0,0,0,0,0,0,0,-141000,0,0,0,24000,165000,-141000,-141000
064581,葡萄王永豐9C購01,0,0,0,0,0,0,0,0,0,-141000,0,0,0,57000,198000,-141000,-141000
065408,華通永豐9C購02  ,0,0,0,0,0,0,0,0,0,-142000,0,0,0,0,142000,-142000,-142000
08299P,玉晶光國票02售01,0,0,0,0,0,0,0,0,0,-142000,0,0,0,30000,172000,-142000,-142000
061767,信邦元大9B購01  ,0,0,0,0,0,0,0,0,0,-142000,0,0,0,405000,547000,-142000,-142000
063140,聯發科統一9B購08,0,0,0,0,0,0,0,0,0,-142000,0,0,0,1000,143000,-142000,-142000
2610,華航            ,822000,996000,-174000,0,0,0,0,5000,-5000,37000,0,5000,-5000,42000,0,42000,-142000
061662,瑞儀永豐9A購02  ,0,0,0,0,0,0,0,0,0,-143000,0,0,0,37000,180000,-143000,-143000
062096,神隆永豐9B購01  ,0,0,0,0,0,0,0,0,0,-143000,0,0,0,244000,387000,-143000,-143000
060259,潤泰全凱基9C購01,0,0,0,0,0,0,0,0,0,-143000,0,0,0,173000,316000,-143000,-143000
060475,瑞祺元大9A購01  ,0,0,0,0,0,0,0,0,0,-143000,0,0,0,144000,287000,-143000,-143000
064113,新日興國票01購01,0,0,0,0,0,0,0,0,0,-143000,0,0,0,40000,183000,-143000,-143000
08057P,京鼎群益9B售01  ,0,0,0,0,0,0,0,0,0,-144000,0,0,0,10000,154000,-144000,-144000
08084P,台表科元大9B售06,0,0,0,0,0,0,0,0,0,-144000,0,0,0,0,144000,-144000,-144000
064988,志超元大9C購01  ,0,0,0,0,0,0,0,0,0,-144000,0,0,0,200000,344000,-144000,-144000
065323,聯發科凱基9C購09,0,0,0,0,0,0,0,0,0,-144000,0,0,0,30000,174000,-144000,-144000
059298,大立光元富9C購02,0,0,0,0,0,0,0,0,0,-144000,0,0,0,335000,479000,-144000,-144000
060072,國巨元富99購04  ,0,0,0,0,0,0,0,0,0,-144000,0,0,0,6000,150000,-144000,-144000
059043,聯電日盛99購01  ,0,0,0,0,0,0,0,0,0,-144000,0,0,0,10000,154000,-144000,-144000
064420,台積電兆豐9C購03,0,0,0,0,0,0,0,0,0,-144000,0,0,0,10000,154000,-144000,-144000
062493,元金反中信9B購01,0,0,0,0,0,0,0,0,0,-144000,0,0,0,6000,150000,-144000,-144000
060671,亞德客元大9A購03,0,0,0,0,0,0,0,0,0,-145000,0,0,0,20000,165000,-145000,-145000
056943,華通統一99購01  ,0,0,0,0,0,0,0,0,0,-145000,0,0,0,188000,333000,-145000,-145000
061978,旺宏元大9C購01  ,0,0,0,0,0,0,0,0,0,-145000,0,0,0,5000,150000,-145000,-145000
064699,臻鼎群益9C購01  ,0,0,0,0,0,0,0,0,0,-145000,0,0,0,130000,275000,-145000,-145000
063739,台勝科元大9B購03,0,0,0,0,0,0,0,0,0,-145000,0,0,0,0,145000,-145000,-145000
8996,高力            ,222000,398000,-176000,0,0,0,0,0,0,31000,57000,26000,31000,0,0,0,-145000
055216,友達凱基98購05  ,0,0,0,0,0,0,0,0,0,-146000,0,0,0,0,146000,-146000,-146000
062034,同欣電群益9B購01,0,0,0,0,0,0,0,0,0,-146000,0,0,0,55000,201000,-146000,-146000
064786,GIS群益9C購04   ,0,0,0,0,0,0,0,0,0,-146000,0,0,0,1000,147000,-146000,-146000
064768,仁寶中信03購01  ,0,0,0,0,0,0,0,0,0,-146000,0,0,0,36000,182000,-146000,-146000
062747,立積永豐9B購01  ,0,0,0,0,0,0,0,0,0,-146000,0,0,0,307000,453000,-146000,-146000
064881,聯茂兆豐01購02  ,0,0,0,0,0,0,0,0,0,-147000,0,0,0,471000,618000,-147000,-147000
08011P,玉晶光元大9B售05,0,0,0,0,0,0,0,0,0,-147000,0,0,0,0,147000,-147000,-147000
08472P,和碩凱基9C售02  ,0,0,0,0,0,0,0,0,0,-147000,0,0,0,3000,150000,-147000,-147000
056573,華新科元大99購06,0,0,0,0,0,0,0,0,0,-147000,0,0,0,68000,215000,-147000,-147000
056607,貿聯富邦99購02  ,0,0,0,0,0,0,0,0,0,-147000,0,0,0,0,147000,-147000,-147000
061763,聯電元大9C購02  ,0,0,0,0,0,0,0,0,0,-147000,0,0,0,178000,325000,-147000,-147000
058401,華航元大9A購01  ,0,0,0,0,0,0,0,0,0,-147000,0,0,0,3000,150000,-147000,-147000
060421,華擎永豐9A購01  ,0,0,0,0,0,0,0,0,0,-147000,0,0,0,339000,486000,-147000,-147000
064615,智邦元大01購01  ,0,0,0,0,0,0,0,0,0,-147000,0,0,0,186000,333000,-147000,-147000
1417,嘉裕            ,104000,252000,-148000,0,0,0,0,0,0,0,0,0,0,0,0,0,-148000
065225,神隆凱基01購01  ,0,0,0,0,0,0,0,0,0,-148000,0,0,0,104000,252000,-148000,-148000
056880,緯穎國票98購02  ,0,0,0,0,0,0,0,0,0,-148000,0,0,0,146000,294000,-148000,-148000
058244,神達元大99購02  ,0,0,0,0,0,0,0,0,0,-148000,0,0,0,68000,216000,-148000,-148000
064434,微星凱基02購01  ,0,0,0,0,0,0,0,0,0,-148000,0,0,0,497000,645000,-148000,-148000
062226,臻鼎統一9B購01  ,0,0,0,0,0,0,0,0,0,-148000,0,0,0,73000,221000,-148000,-148000
063484,達方元大9B購01  ,0,0,0,0,0,0,0,0,0,-148000,0,0,0,405000,553000,-148000,-148000
065126,世芯永豐9C購02  ,0,0,0,0,0,0,0,0,0,-149000,0,0,0,142000,291000,-149000,-149000
064947,台積電凱基01購08,0,0,0,0,0,0,0,0,0,-149000,0,0,0,100000,249000,-149000,-149000
065894,漢翔統一03購01  ,0,0,0,0,0,0,0,0,0,-149000,0,0,0,0,149000,-149000,-149000
061031,神隆永豐9A購02  ,0,0,0,0,0,0,0,0,0,-149000,0,0,0,58000,207000,-149000,-149000
060629,鴻海富邦9B購01  ,0,0,0,0,0,0,0,0,0,-149000,0,0,0,0,149000,-149000,-149000
063451,漢翔統一9C購01  ,0,0,0,0,0,0,0,0,0,-149000,0,0,0,10000,159000,-149000,-149000
064494,南亞科元大9C購02,0,0,0,0,0,0,0,0,0,-149000,0,0,0,100000,249000,-149000,-149000
064769,漢翔中信9C購01  ,0,0,0,0,0,0,0,0,0,-149000,0,0,0,0,149000,-149000,-149000
063860,旺宏國泰02購01  ,0,0,0,0,0,0,0,0,0,-149000,0,0,0,173000,322000,-149000,-149000
065656,聯發科國泰03購01,0,0,0,0,0,0,0,0,0,-150000,0,0,0,0,150000,-150000,-150000
064855,聯發科國泰02購01,0,0,0,0,0,0,0,0,0,-150000,0,0,0,19000,169000,-150000,-150000
065273,南電元大9C購06  ,0,0,0,0,0,0,0,0,0,-150000,0,0,0,2000,152000,-150000,-150000
08590P,智邦凱基9C售04  ,0,0,0,0,0,0,0,0,0,-150000,0,0,0,3000,153000,-150000,-150000
1609,大亞            ,429000,577000,-148000,0,0,0,0,0,0,-2000,0,2000,-2000,0,0,0,-150000
07891P,臺股指國票9B售01,0,0,0,0,0,0,0,0,0,-150000,0,0,0,0,150000,-150000,-150000
057746,同欣電永豐98購02,0,0,0,0,0,0,0,0,0,-150000,0,0,0,0,150000,-150000,-150000
058030,國巨永豐98購08  ,0,0,0,0,0,0,0,0,0,-150000,0,0,0,0,150000,-150000,-150000
061020,超眾國票9A購02  ,0,0,0,0,0,0,0,0,0,-150000,0,0,0,10000,160000,-150000,-150000
060384,葡萄王凱基9B購01,0,0,0,0,0,0,0,0,0,-150000,0,0,0,0,150000,-150000,-150000
058702,國巨元大99購16  ,0,0,0,0,0,0,0,0,0,-150000,0,0,0,0,150000,-150000,-150000
058472,亞德客凱基9A購01,0,0,0,0,0,0,0,0,0,-150000,0,0,0,43000,193000,-150000,-150000
08434P,臺股指凱基03售02,0,0,0,0,0,0,0,0,0,-151000,0,0,0,0,151000,-151000,-151000
08235P,南電國泰9C售03  ,0,0,0,0,0,0,0,0,0,-151000,0,0,0,0,151000,-151000,-151000
065885,神達元富9C購01  ,0,0,0,0,0,0,0,0,0,-151000,0,0,0,0,151000,-151000,-151000
065860,南電元大02購01  ,0,0,0,0,0,0,0,0,0,-151000,0,0,0,5000,156000,-151000,-151000
064084,群創中信06購02  ,0,0,0,0,0,0,0,0,0,-151000,0,0,0,3000,154000,-151000,-151000
064761,神達凱基9C購01  ,0,0,0,0,0,0,0,0,0,-151000,0,0,0,70000,221000,-151000,-151000
2480,敦陽科          ,117000,283000,-166000,0,0,0,2000,0,2000,13000,14000,1000,13000,0,0,0,-151000
065568,台積電群益01購04,0,0,0,0,0,0,0,0,0,-152000,0,0,0,0,152000,-152000,-152000
064811,華擎元大01購01  ,0,0,0,0,0,0,0,0,0,-152000,0,0,0,68000,220000,-152000,-152000
061140,華擎統一9C購01  ,0,0,0,0,0,0,0,0,0,-152000,0,0,0,0,152000,-152000,-152000
057428,正崴兆豐98購01  ,0,0,0,0,0,0,0,0,0,-152000,0,0,0,0,152000,-152000,-152000
056926,日月光兆豐98購01,0,0,0,0,0,0,0,0,0,-152000,0,0,0,130000,282000,-152000,-152000
064374,旺宏元富9C購01  ,0,0,0,0,0,0,0,0,0,-152000,0,0,0,80000,232000,-152000,-152000
062252,華邦電元大9C購01,50000,0,50000,0,0,0,0,0,0,-202000,0,0,0,101000,303000,-202000,-152000
2351,順德            ,31000,112000,-81000,0,0,0,0,71000,-71000,0,0,0,0,0,0,0,-152000
065667,台光電凱基01購01,0,0,0,0,0,0,0,0,0,-153000,0,0,0,0,153000,-153000,-153000
058445,旺宏富邦9C購01  ,0,0,0,0,0,0,0,0,0,-153000,0,0,0,108000,261000,-153000,-153000
060454,葡萄王元大9A購01,0,0,0,0,0,0,0,0,0,-153000,0,0,0,46000,199000,-153000,-153000
064241,貿聯統一02購02  ,0,0,0,0,0,0,0,0,0,-153000,0,0,0,68000,221000,-153000,-153000
8028,昇陽半導體      ,99000,146000,-47000,0,0,0,0,0,0,-106000,0,95000,-95000,0,11000,-11000,-153000
065626,華新科兆豐9C購02,0,0,0,0,0,0,0,0,0,-154000,0,0,0,0,154000,-154000,-154000
065313,聯茂國票01購01  ,0,0,0,0,0,0,0,0,0,-154000,0,0,0,129000,283000,-154000,-154000
065347,聯發科統一9C購15,0,0,0,0,0,0,0,0,0,-154000,0,0,0,47000,201000,-154000,-154000
065171,燿華元大9C購04  ,0,0,0,0,0,0,0,0,0,-154000,0,0,0,0,154000,-154000,-154000
065145,貿聯凱基9C購02  ,0,0,0,0,0,0,0,0,0,-154000,0,0,0,126000,280000,-154000,-154000
03444B,臺股指元大9C熊02,0,0,0,0,0,0,0,0,0,-154000,0,0,0,46000,200000,-154000,-154000
052619,茂林國泰99購01  ,0,0,0,0,0,0,0,0,0,-154000,0,0,0,156000,310000,-154000,-154000
059348,日月光凱基99購01,0,0,0,0,0,0,0,0,0,-154000,0,0,0,21000,175000,-154000,-154000
064378,群創元富9C購01  ,0,0,0,0,0,0,0,0,0,-154000,0,0,0,0,154000,-154000,-154000
062826,奇力新群益9C購01,0,0,0,0,0,0,0,0,0,-154000,0,0,0,162000,316000,-154000,-154000
2355,敬鵬            ,271000,375000,-104000,0,0,0,0,0,0,-50000,10000,64000,-54000,4000,0,4000,-154000
2239,英利-KY         ,48000,202000,-154000,0,0,0,0,0,0,0,0,0,0,0,0,0,-154000
06721P,臺股指中信9A售03,0,0,0,0,0,0,0,0,0,-155000,0,0,0,168000,323000,-155000,-155000
061463,智邦群益9A購02  ,0,0,0,0,0,0,0,0,0,-155000,0,0,0,81000,236000,-155000,-155000
061732,智邦中信9B購01  ,0,0,0,0,0,0,0,0,0,-155000,0,0,0,50000,205000,-155000,-155000
062062,貿聯統一01購01  ,0,0,0,0,0,0,0,0,0,-155000,0,0,0,222000,377000,-155000,-155000
063172,廣達中信9C購01  ,0,0,0,0,0,0,0,0,0,-155000,0,0,0,48000,203000,-155000,-155000
065621,聯發科第一9C購01,0,0,0,0,0,0,0,0,0,-156000,0,0,0,7000,163000,-156000,-156000
03427B,臺股指元大9A熊02,0,0,0,0,0,0,0,0,0,-156000,0,0,0,11000,167000,-156000,-156000
057437,可成國票99購01  ,0,0,0,0,0,0,0,0,0,-156000,0,0,0,65000,221000,-156000,-156000
058011,台虹國票99購01  ,0,0,0,0,0,0,0,0,0,-156000,0,0,0,4000,160000,-156000,-156000
057556,智易凱基99購01  ,0,0,0,0,0,0,0,0,0,-156000,0,0,0,21000,177000,-156000,-156000
063176,南亞科兆豐9B購01,0,0,0,0,0,0,0,0,0,-156000,0,0,0,44000,200000,-156000,-156000
064346,貿聯元大01購01  ,0,0,0,0,0,0,0,0,0,-156000,0,0,0,126000,282000,-156000,-156000
4722,國精化          ,23000,179000,-156000,0,0,0,0,0,0,0,0,0,0,0,0,0,-156000
065805,京鼎群益01購01  ,0,0,0,0,0,0,0,0,0,-157000,0,0,0,28000,185000,-157000,-157000
065033,和碩兆豐9C購01  ,0,0,0,0,0,0,0,0,0,-157000,0,0,0,10000,167000,-157000,-157000
054589,聯鈞國泰99購01  ,0,0,0,0,0,0,0,0,0,-157000,0,0,0,66000,223000,-157000,-157000
063733,聯發科元大9B購27,0,0,0,0,0,0,0,0,0,-157000,0,0,0,9000,166000,-157000,-157000
062279,晶豪科群益9B購01,0,0,0,0,0,0,0,0,0,-157000,0,0,0,245000,402000,-157000,-157000
065037,緯穎統一02購02  ,0,0,0,0,0,0,0,0,0,-158000,0,0,0,112000,270000,-158000,-158000
053919,可成國票97購02  ,0,290000,-290000,0,0,0,0,0,0,132000,0,0,0,325000,193000,132000,-158000
056768,宏達電元大99購03,0,0,0,0,0,0,0,0,0,-158000,0,0,0,159000,317000,-158000,-158000
061780,國巨群益9C購01  ,0,0,0,0,0,0,0,0,0,-158000,0,0,0,17000,175000,-158000,-158000
060380,T50反1凱基9A購08,0,0,0,0,0,0,0,0,0,-158000,0,0,0,0,158000,-158000,-158000
058670,鴻海群益9A購03  ,0,0,0,0,0,0,0,0,0,-158000,0,0,0,98000,256000,-158000,-158000
063247,信邦元大9B購02  ,0,0,0,0,0,0,0,0,0,-158000,0,0,0,114000,272000,-158000,-158000
063958,瑞祺元大9C購01  ,0,0,0,0,0,0,0,0,0,-158000,0,0,0,256000,414000,-158000,-158000
064535,國產國票01購01  ,0,0,0,0,0,0,0,0,0,-158000,0,0,0,38000,196000,-158000,-158000
065092,健鼎元大9C購02  ,0,0,0,0,0,0,0,0,0,-159000,0,0,0,17000,176000,-159000,-159000
058749,康控凱基99購03  ,0,0,0,0,0,0,0,0,0,-159000,0,0,0,20000,179000,-159000,-159000
061979,友達元大9C購08  ,0,0,0,0,0,0,0,0,0,-159000,0,0,0,53000,212000,-159000,-159000
061423,廣達元大9A購01  ,0,0,0,0,0,0,0,0,0,-159000,0,0,0,228000,387000,-159000,-159000
063725,聯電元大9C購03  ,0,0,0,0,0,0,0,0,0,-159000,0,0,0,77000,236000,-159000,-159000
063618,智邦兆豐9C購01  ,0,0,0,0,0,0,0,0,0,-159000,0,0,0,23000,182000,-159000,-159000
063471,泰鼎元大9C購01  ,0,0,0,0,0,0,0,0,0,-159000,0,0,0,710000,869000,-159000,-159000
2338,光罩            ,549000,720000,-171000,0,0,0,0,0,0,12000,0,0,0,124000,112000,12000,-159000
065230,義隆凱基02購01  ,0,0,0,0,0,0,0,0,0,-160000,0,0,0,175000,335000,-160000,-160000
08278P,玉晶光元富9C售02,0,0,0,0,0,0,0,0,0,-160000,0,0,0,0,160000,-160000,-160000
060851,國巨國泰9C購01  ,0,0,0,0,0,0,0,0,0,-160000,0,0,0,6000,166000,-160000,-160000
056846,晶相光元富98購01,0,0,0,0,0,0,0,0,0,-160000,0,0,0,0,160000,-160000,-160000
056920,友達兆豐98購02  ,0,0,0,0,0,0,0,0,0,-160000,0,0,0,240000,400000,-160000,-160000
060505,友達元大9C購05  ,0,0,0,0,0,0,0,0,0,-160000,0,0,0,60000,220000,-160000,-160000
063946,聯發科元大9C購04,0,0,0,0,0,0,0,0,0,-160000,0,0,0,19000,179000,-160000,-160000
065006,景碩國票01購01  ,0,0,0,0,0,0,0,0,0,-161000,0,0,0,30000,191000,-161000,-161000
065774,旭富國票01購01  ,0,0,0,0,0,0,0,0,0,-161000,0,0,0,196000,357000,-161000,-161000
060387,盛群凱基9A購01  ,0,0,0,0,0,0,0,0,0,-161000,0,0,0,70000,231000,-161000,-161000
058963,華新科兆豐99購05,0,0,0,0,0,0,0,0,0,-161000,0,0,0,0,161000,-161000,-161000
064650,台表科凱基03購01,0,0,0,0,0,0,0,0,0,-161000,0,0,0,26000,187000,-161000,-161000
064347,貿聯元大9C購03  ,0,0,0,0,0,0,0,0,0,-161000,0,0,0,160000,321000,-161000,-161000
065288,華新科群益02購02,0,0,0,0,0,0,0,0,0,-162000,0,0,0,87000,249000,-162000,-162000
1783,和康生          ,108000,270000,-162000,0,0,0,0,0,0,0,0,0,0,0,0,0,-162000
059569,旺宏凱基99購09  ,0,0,0,0,0,0,0,0,0,-162000,0,0,0,0,162000,-162000,-162000
064568,聯鈞群益9C購01  ,0,0,0,0,0,0,0,0,0,-162000,0,0,0,240000,402000,-162000,-162000
064083,群創中信06購01  ,0,0,0,0,0,0,0,0,0,-162000,0,0,0,0,162000,-162000,-162000
062236,信邦凱基9B購01  ,0,0,0,0,0,0,0,0,0,-162000,0,0,0,197000,359000,-162000,-162000
07978P,茂林群益9B售02  ,0,0,0,0,0,0,0,0,0,-163000,0,0,0,0,163000,-163000,-163000
065475,聯發科元大01購04,0,0,0,0,0,0,0,0,0,-163000,0,0,0,16000,179000,-163000,-163000
058589,群創中信01購01  ,0,0,0,0,0,0,0,0,0,-163000,0,0,0,0,163000,-163000,-163000
062454,華通群益9C購03  ,0,0,0,0,0,0,0,0,0,-163000,0,0,0,40000,203000,-163000,-163000
063369,聚陽永豐9B購01  ,0,0,0,0,0,0,0,0,0,-163000,0,0,0,175000,338000,-163000,-163000
058776,台積電國票9A購03,0,0,0,0,0,0,0,0,0,-164000,0,0,0,403000,567000,-164000,-164000
065901,台積電富邦03購04,0,0,0,0,0,0,0,0,0,-165000,0,0,0,70000,235000,-165000,-165000
065984,緯創富邦03購01  ,0,0,0,0,0,0,0,0,0,-165000,0,0,0,11000,176000,-165000,-165000
065020,友達富邦01購02  ,0,0,0,0,0,0,0,0,0,-165000,0,0,0,0,165000,-165000,-165000
065049,世芯凱基02購01  ,0,0,0,0,0,0,0,0,0,-165000,0,0,0,545000,710000,-165000,-165000
057915,台泥凱基98購01  ,0,0,0,0,0,0,0,0,0,-165000,0,0,0,177000,342000,-165000,-165000
061928,群創凱基9B購06  ,0,0,0,0,0,0,0,0,0,-165000,0,0,0,9000,174000,-165000,-165000
062694,遠東新元大9B購01,0,0,0,0,0,0,0,0,0,-165000,0,0,0,67000,232000,-165000,-165000
2451,創見            ,462000,497000,-35000,0,0,0,0,1000,-1000,-129000,4000,50000,-46000,0,83000,-83000,-165000
065722,緯創兆豐9C購02  ,0,0,0,0,0,0,0,0,0,-166000,0,0,0,189000,355000,-166000,-166000
065449,中租統一9C購01  ,0,0,0,0,0,0,0,0,0,-166000,0,0,0,100000,266000,-166000,-166000
03682C,臺股指凱基9C牛07,0,0,0,0,0,0,0,0,0,-166000,0,0,0,70000,236000,-166000,-166000
061831,智邦凱基9B購02  ,0,0,0,0,0,0,0,0,0,-166000,0,0,0,94000,260000,-166000,-166000
062231,台光電麥證9C購01,0,0,0,195000,372000,-177000,0,0,0,-166000,0,0,0,206000,372000,-166000,-166000
062269,葡萄王群益9B購01,0,0,0,0,0,0,0,0,0,-166000,0,0,0,0,166000,-166000,-166000
065387,台光電兆豐9C購02,0,0,0,0,0,0,0,0,0,-167000,0,0,0,43000,210000,-167000,-167000
053294,聯發科中信9C購01,0,0,0,0,0,0,0,0,0,-167000,0,0,0,35000,202000,-167000,-167000
061800,泰鼎永豐9B購01  ,0,0,0,0,0,0,0,0,0,-167000,0,0,0,339000,506000,-167000,-167000
062802,宏達電統一9B購01,0,0,0,0,0,0,0,0,0,-167000,0,0,0,33000,200000,-167000,-167000
064729,聯茂統一02購02  ,0,0,0,0,0,0,0,0,0,-167000,0,0,0,159000,326000,-167000,-167000
064357,中橡統一9C購01  ,0,0,0,0,0,0,0,0,0,-167000,0,0,0,145000,312000,-167000,-167000
064407,貿聯凱基02購02  ,0,0,0,0,0,0,0,0,0,-167000,0,0,0,70000,237000,-167000,-167000
00665L,富邦恒生國企正2 ,280000,0,280000,0,0,0,0,0,0,-448000,0,0,0,142000,590000,-448000,-168000
058769,友達兆豐99購01  ,0,0,0,0,0,0,0,0,0,-168000,0,0,0,154000,322000,-168000,-168000
062660,神隆群益9B購02  ,0,0,0,0,0,0,0,0,0,-168000,0,0,0,415000,583000,-168000,-168000
062537,聯電國泰9C購01  ,0,0,0,0,0,0,0,0,0,-168000,0,0,0,568000,736000,-168000,-168000
3036,文曄            ,242000,286000,-44000,0,0,0,0,1000,-1000,-123000,71000,50000,21000,41000,185000,-144000,-168000
052853,友達日盛99購01  ,0,0,0,0,0,0,0,0,0,-169000,0,0,0,0,169000,-169000,-169000
058495,元大金群益9B購01,0,0,0,0,0,0,0,0,0,-169000,0,0,0,30000,199000,-169000,-169000
065100,聯茂元大9C購04  ,0,0,0,0,0,0,0,0,0,-170000,0,0,0,45000,215000,-170000,-170000
08037P,台表科群益9B售02,0,0,0,0,0,0,0,0,0,-170000,0,0,0,10000,180000,-170000,-170000
00672L,元大S&P原油正2  ,0,0,0,0,0,0,0,0,0,-170000,0,0,0,110000,280000,-170000,-170000
055876,美食元富9A購01  ,0,0,0,0,0,0,0,0,0,-170000,0,0,0,40000,210000,-170000,-170000
056810,群創統一9A購01  ,0,0,0,0,0,0,0,0,0,-170000,0,0,0,0,170000,-170000,-170000
054471,T50反1中信9C購01,0,0,0,0,0,0,0,0,0,-170000,0,0,0,0,170000,-170000,-170000
057109,信邦群益98購01  ,0,0,0,0,0,0,0,0,0,-170000,0,0,0,101000,271000,-170000,-170000
063077,巨大永豐9B購03  ,0,0,0,0,0,0,0,0,0,-170000,0,0,0,215000,385000,-170000,-170000
4426,利勤            ,179000,364000,-185000,0,0,0,0,0,0,15000,0,0,0,16000,1000,15000,-170000
08201P,祥碩元大9B售09  ,0,0,0,0,0,0,0,0,0,-171000,0,0,0,100000,271000,-171000,-171000
056508,揚明光永豐98購01,0,0,0,0,0,0,0,0,0,-172000,0,0,0,0,172000,-172000,-172000
054164,強茂凱基98購01  ,0,0,0,0,0,0,0,0,0,-172000,0,0,0,152000,324000,-172000,-172000
057671,群創元大9B購06  ,0,0,0,0,0,0,0,0,0,-172000,0,0,0,3000,175000,-172000,-172000
061668,信邦中信9B購01  ,0,0,0,0,0,0,0,0,0,-172000,0,0,0,319000,491000,-172000,-172000
063291,緯穎元大01購01  ,0,0,0,0,0,0,0,0,0,-172000,0,0,0,20000,192000,-172000,-172000
064671,聯茂元大9C購02  ,0,0,0,0,0,0,0,0,0,-172000,0,0,0,154000,326000,-172000,-172000
065470,聚陽元大01購01  ,0,0,0,0,0,0,0,0,0,-173000,0,0,0,147000,320000,-173000,-173000
060290,興富發元大9C購01,0,0,0,0,0,0,0,0,0,-173000,0,0,0,0,173000,-173000,-173000
064703,T50反1國泰01購01,0,0,0,0,0,0,0,0,0,-173000,0,0,0,2049000,2222000,-173000,-173000
063615,瑞祺群益9B購03  ,0,0,0,0,0,0,0,0,0,-173000,0,0,0,244000,417000,-173000,-173000
065779,台勝科國泰01購02,0,0,0,0,0,0,0,0,0,-174000,0,0,0,27000,201000,-174000,-174000
065088,可成元大9C購09  ,0,0,0,0,0,0,0,0,0,-174000,0,0,0,118000,292000,-174000,-174000
055437,禾伸堂中信99購01,0,0,0,0,0,0,0,0,0,-174000,0,0,0,160000,334000,-174000,-174000
4960,誠美材          ,313000,485000,-172000,0,0,0,0,0,0,-2000,0,2000,-2000,0,0,0,-174000
2365,昆盈            ,108000,281000,-173000,0,0,0,0,0,0,-1138,0,1138,-1138,0,0,0,-174138
065750,智邦元大9C購09  ,0,0,0,0,0,0,0,0,0,-175000,0,0,0,54000,229000,-175000,-175000
065813,華擎統一03購01  ,0,0,0,0,0,0,0,0,0,-175000,0,0,0,71000,246000,-175000,-175000
1449,佳和            ,91000,266000,-175000,0,0,0,0,0,0,0,0,0,0,0,0,0,-175000
07996P,亞德客凱基9B售03,0,0,0,0,0,0,0,0,0,-175000,0,0,0,203000,378000,-175000,-175000
063647,超眾元大9B購02  ,0,0,0,0,0,0,0,0,0,-175000,0,0,0,12000,187000,-175000,-175000
063121,友達元大9C購09  ,0,0,0,0,0,0,0,0,0,-175000,0,0,0,110000,285000,-175000,-175000
08149P,祥碩群益9B售07  ,0,0,0,0,0,0,0,0,0,-176000,0,0,0,0,176000,-176000,-176000
053569,漢唐統一98購01  ,0,0,0,0,0,0,0,0,0,-176000,0,0,0,2000,178000,-176000,-176000
062308,旺宏凱基9B購04  ,0,0,0,0,0,0,0,0,0,-176000,0,0,0,0,176000,-176000,-176000
064673,南茂元大9C購01  ,0,0,0,0,0,0,0,0,0,-176000,0,0,0,108000,284000,-176000,-176000
064856,GIS國泰02購01   ,0,0,0,0,0,0,0,0,0,-177000,0,0,0,23000,200000,-177000,-177000
064935,寶成統一02購02  ,0,0,0,0,0,0,0,0,0,-177000,0,0,0,67000,244000,-177000,-177000
065226,華通凱基01購01  ,0,0,0,0,0,0,0,0,0,-177000,0,0,0,0,177000,-177000,-177000
065216,群創國泰01購02  ,0,0,0,0,0,0,0,0,0,-177000,0,0,0,36000,213000,-177000,-177000
064442,嘉聯益凱基9C購01,0,0,0,0,0,0,0,0,0,-177000,0,0,0,63000,240000,-177000,-177000
063679,群創國泰01購01  ,0,0,0,0,0,0,0,0,0,-177000,0,0,0,2000,179000,-177000,-177000
063179,群創兆豐9B購01  ,0,0,0,0,0,0,0,0,0,-177000,0,0,0,115000,292000,-177000,-177000
064366,群創統一01購01  ,0,0,0,0,0,0,0,0,0,-178000,0,0,0,0,178000,-178000,-178000
064257,台勝科國泰01購01,0,0,0,0,0,0,0,0,0,-178000,0,0,0,144000,322000,-178000,-178000
064330,燿華元大9C購02  ,0,0,0,0,0,0,0,0,0,-178000,0,0,0,0,178000,-178000,-178000
065566,裕隆群益9C購02  ,0,0,0,0,0,0,0,0,0,-179000,0,0,0,0,179000,-179000,-179000
1760,寶齡富錦        ,852000,1081000,-229000,0,0,0,0,0,0,50000,100000,50000,50000,0,0,0,-179000
064247,廣達元富9C購01  ,0,0,0,0,0,0,0,0,0,-179000,0,0,0,417000,596000,-179000,-179000
063700,台積電群益9B購09,0,0,0,0,0,0,0,0,0,-179000,0,0,0,0,179000,-179000,-179000
07588P,滬深2X國票9C售01,0,0,0,0,0,0,0,0,0,-180000,0,0,0,0,180000,-180000,-180000
06682P,玉晶光元大99售08,0,0,0,0,0,0,0,0,0,-180000,0,0,0,0,180000,-180000,-180000
054088,華新群益98購02  ,0,0,0,0,0,0,0,0,0,-180000,0,0,0,300000,480000,-180000,-180000
055917,禾伸堂凱基98購02,0,0,0,0,0,0,0,0,0,-180000,0,0,0,0,180000,-180000,-180000
063201,廣達統一01購01  ,0,0,0,0,0,0,0,0,0,-180000,0,0,0,362000,542000,-180000,-180000
065188,玉晶光統一02購01,0,0,0,0,0,0,0,0,0,-181000,0,0,0,50000,231000,-181000,-181000
08482P,亞德客群益9C售02,0,0,0,0,0,0,0,0,0,-181000,0,0,0,0,181000,-181000,-181000
059456,智易永豐99購01  ,0,0,0,0,0,0,0,0,0,-181000,0,0,0,31000,212000,-181000,-181000
061877,貿聯元大9B購01  ,0,0,0,0,0,0,0,0,0,-181000,0,0,0,94000,275000,-181000,-181000
4137,麗豐-KY         ,82000,249000,-167000,0,0,0,0,40000,-40000,26000,0,0,0,31000,5000,26000,-181000
055415,禾伸堂富邦9B購01,0,0,0,0,0,0,0,0,0,-182000,0,0,0,367000,549000,-182000,-182000
057329,緯穎群益98購02  ,0,0,0,0,0,0,0,0,0,-182000,0,0,0,41000,223000,-182000,-182000
063380,台表科永豐9B購03,0,0,0,0,0,0,0,0,0,-182000,0,0,0,30000,212000,-182000,-182000
062377,力成元大9B購01  ,0,0,0,0,0,0,0,0,0,-182000,0,0,0,12000,194000,-182000,-182000
065259,燿華元大9C購05  ,0,0,0,0,0,0,0,0,0,-183000,0,0,0,45000,228000,-183000,-183000
064937,英業達元富9C購01,0,0,0,0,0,0,0,0,0,-183000,0,0,0,544000,727000,-183000,-183000
065014,南電國泰01購01  ,0,0,0,0,0,0,0,0,0,-183000,0,0,0,18000,201000,-183000,-183000
060764,華擎元大9A購03  ,0,0,0,0,0,0,0,0,0,-183000,0,0,0,24000,207000,-183000,-183000
061375,華通永豐9A購02  ,0,0,0,0,0,0,0,0,0,-183000,0,0,0,0,183000,-183000,-183000
062343,中石化群益9B購01,0,0,0,0,0,0,0,0,0,-183000,0,0,0,399000,582000,-183000,-183000
064311,新光金群益01購02,0,0,0,0,0,0,0,0,0,-183000,0,0,0,15000,198000,-183000,-183000
2606,裕民            ,27000,199000,-172000,0,0,0,0,1000,-1000,-10000,0,0,0,0,10000,-10000,-183000
8016,矽創            ,168000,269000,-101000,0,0,0,0,18000,-18000,-64000,6000,0,6000,4000,74000,-70000,-183000
065206,旺宏國票01購02  ,0,0,0,0,0,0,0,0,0,-184000,0,0,0,0,184000,-184000,-184000
065884,智原元富9C購02  ,0,0,0,0,0,0,0,0,0,-184000,0,0,0,77000,261000,-184000,-184000
1474,弘裕            ,1000,185000,-184000,0,0,0,0,0,0,0,0,0,0,0,0,0,-184000
061443,大立光統一9C購02,0,0,0,0,0,0,0,0,0,-184000,0,0,0,21000,205000,-184000,-184000
063470,泰鼎元大9B購03  ,0,0,0,0,0,0,0,0,0,-184000,0,0,0,954000,1138000,-184000,-184000
06631P,玉晶光群益9A售03,0,0,0,0,0,0,0,0,0,-185000,0,0,0,220000,405000,-185000,-185000
065051,和碩凱基02購01  ,0,0,0,0,0,0,0,0,0,-185000,0,0,0,14000,199000,-185000,-185000
059100,元油2X統一9C購02,0,0,0,0,0,0,0,0,0,-185000,0,0,0,2000,187000,-185000,-185000
060613,T50反1元大9A購05,0,0,0,0,0,0,0,0,0,-185000,0,0,0,0,185000,-185000,-185000
064399,和大凱基02購01  ,0,0,0,0,0,0,0,0,0,-185000,0,0,0,70000,255000,-185000,-185000
063680,寶成富邦9C購01  ,0,0,0,0,0,0,0,0,0,-185000,0,0,0,15000,200000,-185000,-185000
08112P,臺股指中信01售07,0,0,0,0,0,0,0,0,0,-186000,0,0,0,323000,509000,-186000,-186000
060030,晶相光永豐99購03,0,0,0,0,0,0,0,0,0,-186000,0,0,0,2000,188000,-186000,-186000
064026,建準元大9C購02  ,0,0,0,0,0,0,0,0,0,-186000,0,0,0,0,186000,-186000,-186000
2615,萬海            ,166000,399000,-233000,0,0,0,50000,3000,47000,0,0,0,0,0,0,0,-186000
08074P,緯穎元富9B售02  ,0,0,0,0,0,0,0,0,0,-187000,0,0,0,40000,227000,-187000,-187000
065075,葡萄王元大01購01,0,0,0,0,0,0,0,0,0,-187000,0,0,0,325000,512000,-187000,-187000
064117,中興電元大9C購01,0,0,0,0,0,0,0,0,0,-187000,0,0,0,114000,301000,-187000,-187000
063287,嘉澤元大9B購05  ,0,0,0,0,0,0,0,0,0,-187000,0,0,0,33000,220000,-187000,-187000
064144,智邦統一01購02  ,0,0,0,0,0,0,0,0,0,-188000,0,0,0,78000,266000,-188000,-188000
064460,健策統一9C購03  ,5000,20000,-15000,0,0,0,0,0,0,-173000,0,0,0,335000,508000,-173000,-188000
07466P,亞德客元大9A售02,0,0,0,0,0,0,0,0,0,-189000,0,0,0,70000,259000,-189000,-189000
058376,貿聯凱基9A購01  ,0,0,0,0,0,0,0,0,0,-189000,0,0,0,10000,199000,-189000,-189000
063339,智邦統一01購01  ,0,0,0,0,0,0,0,0,0,-189000,0,0,0,149000,338000,-189000,-189000
07013P,玉晶光群益9A售06,0,0,0,0,0,0,0,0,0,-190000,0,0,0,0,190000,-190000,-190000
065182,南電元大9C購05  ,0,0,0,0,0,0,0,0,0,-190000,0,0,0,2000,192000,-190000,-190000
065272,聯茂元大9C購05  ,0,0,0,0,0,0,0,0,0,-190000,0,0,0,0,190000,-190000,-190000
065910,立積永豐9C購02  ,0,0,0,0,0,0,0,0,0,-190000,0,0,0,26000,216000,-190000,-190000
061472,台積電元大9A購32,0,0,0,0,0,0,0,0,0,-190000,0,0,0,60000,250000,-190000,-190000
061676,新光金元大9A購03,0,0,0,0,0,0,0,0,0,-190000,0,0,0,10000,200000,-190000,-190000
062688,華擎統一01購03  ,0,0,0,0,0,0,0,0,0,-190000,0,0,0,0,190000,-190000,-190000
064367,貿聯統一01購02  ,0,0,0,0,0,0,0,0,0,-190000,0,0,0,0,190000,-190000,-190000
063944,建準元大9C購01  ,0,0,0,0,0,0,0,0,0,-190000,0,0,0,100000,290000,-190000,-190000
064950,美律凱基02購01  ,0,0,0,0,0,0,0,0,0,-191000,0,0,0,237000,428000,-191000,-191000
08089P,嘉澤凱基9B售03  ,0,0,0,0,0,0,0,0,0,-191000,0,0,0,50000,241000,-191000,-191000
057506,聯鈞國票99購02  ,0,0,0,0,0,0,0,0,0,-191000,0,0,0,11000,202000,-191000,-191000
062650,南電富邦01購01  ,0,0,0,0,0,0,0,0,0,-191000,0,0,0,24000,215000,-191000,-191000
065529,聯發科中信01購04,0,0,0,0,0,0,0,0,0,-192000,0,0,0,0,192000,-192000,-192000
061787,華新科群益9C購01,0,0,0,0,0,0,0,0,0,-192000,0,0,0,24000,216000,-192000,-192000
064946,台積電凱基01購07,0,0,0,0,0,0,0,0,0,-193000,0,0,0,0,193000,-193000,-193000
08018P,牧德國票9B售04  ,0,0,0,0,0,0,0,0,0,-193000,0,0,0,0,193000,-193000,-193000
07145P,為升元大99售03  ,0,0,0,0,0,0,0,0,0,-193000,0,0,0,7000,200000,-193000,-193000
056578,智易元大99購02  ,0,0,0,0,0,0,0,0,0,-193000,0,0,0,0,193000,-193000,-193000
062013,奇鋐富邦9B購01  ,0,0,0,0,0,0,0,0,0,-193000,0,0,0,90000,283000,-193000,-193000
061516,力成永豐9A購02  ,0,0,0,0,0,0,0,0,0,-193000,0,0,0,143000,336000,-193000,-193000
059358,旺宏永豐99購02  ,0,0,0,0,0,0,0,0,0,-193000,0,0,0,25000,218000,-193000,-193000
059539,緯穎凱基99購03  ,0,0,0,0,0,0,0,0,0,-193000,0,0,0,167000,360000,-193000,-193000
065371,漢唐元大01購01  ,0,0,0,0,0,0,0,0,0,-194000,0,0,0,138000,332000,-194000,-194000
063355,超眾元富9B購01  ,0,0,0,0,0,0,0,0,0,-194000,0,0,0,95000,289000,-194000,-194000
064771,貿聯中信01購01  ,0,0,0,0,0,0,0,0,0,-194000,0,0,0,14000,208000,-194000,-194000
05088P,大立光富邦99售01,0,0,0,0,0,0,0,0,0,-195000,0,0,0,0,195000,-195000,-195000
053361,友達元富99購01  ,0,0,0,0,0,0,0,0,0,-195000,0,0,0,0,195000,-195000,-195000
053323,群創群益98購07  ,0,0,0,0,0,0,0,0,0,-195000,0,0,0,70000,265000,-195000,-195000
060456,正隆元大9A購01  ,0,0,0,0,0,0,0,0,0,-195000,0,0,0,177000,372000,-195000,-195000
062969,旺宏元富9B購01  ,0,0,0,0,0,0,0,0,0,-195000,0,0,0,108000,303000,-195000,-195000
065356,聯發科元富03購06,0,0,0,0,0,0,0,0,0,-196000,0,0,0,0,196000,-196000,-196000
062345,和大群益9B購01  ,0,0,0,0,0,0,0,0,0,-196000,0,0,0,0,196000,-196000,-196000
063639,華擎元大9C購03  ,0,0,0,0,0,0,0,0,0,-196000,0,0,0,90000,286000,-196000,-196000
1303,南亞            ,1925475,2145000,-219525,0,0,0,0,16000,-16000,39000,39000,0,39000,0,0,0,-196525
6283,淳安            ,31000,227950,-196950,0,0,0,0,0,0,0,0,0,0,0,0,0,-196950
065600,友達元大9C購11  ,0,0,0,0,0,0,0,0,0,-197000,0,0,0,0,197000,-197000,-197000
058536,群創統一9B購01  ,0,0,0,0,0,0,0,0,0,-197000,0,0,0,6000,203000,-197000,-197000
061439,寶成凱基9A購01  ,0,0,0,0,0,0,0,0,0,-197000,0,0,0,60000,257000,-197000,-197000
059914,台積電元大99購47,0,0,0,0,0,0,0,0,0,-197000,0,0,0,18000,215000,-197000,-197000
064565,高鐵群益01購01  ,0,0,0,0,0,0,0,0,0,-197000,0,0,0,21000,218000,-197000,-197000
065518,聯鈞群益9C購02  ,0,0,0,0,0,0,0,0,0,-198000,0,0,0,159000,357000,-198000,-198000
065355,聯發科元富03購05,0,0,0,0,0,0,0,0,0,-198000,0,0,0,0,198000,-198000,-198000
065184,和大統一02購04  ,0,0,0,0,0,0,0,0,0,-198000,0,0,0,0,198000,-198000,-198000
064863,台積電永豐9C購01,0,0,0,0,0,0,0,0,0,-198000,0,0,0,103000,301000,-198000,-198000
1310,台苯            ,609000,825000,-216000,0,0,0,0,0,0,18000,0,1000,-1000,39000,20000,19000,-198000
056470,旺宏元大99購01  ,0,0,0,0,0,0,0,0,0,-198000,0,0,0,104000,302000,-198000,-198000
060032,利勤永豐99購01  ,0,0,0,0,0,0,0,0,0,-198000,0,0,0,0,198000,-198000,-198000
064369,彩晶統一01購01  ,0,0,0,0,0,0,0,0,0,-198000,0,0,0,0,198000,-198000,-198000
063388,台光電兆豐9C購01,0,0,0,0,0,0,0,0,0,-198000,0,0,0,15000,213000,-198000,-198000
08124P,臻鼎群益9B售02  ,0,0,0,0,0,0,0,0,0,-199000,0,0,0,0,199000,-199000,-199000
065224,和大凱基02購02  ,0,0,0,0,0,0,0,0,0,-199000,0,0,0,67000,266000,-199000,-199000
065820,瑞祺元富03購01  ,0,0,0,0,0,0,0,0,0,-199000,0,0,0,240000,439000,-199000,-199000
053396,漢唐中信9A購01  ,0,0,0,0,0,0,0,0,0,-199000,0,0,0,11000,210000,-199000,-199000
048383,元金2X國票99購01,0,0,0,0,0,0,0,0,0,-199000,0,0,0,54000,253000,-199000,-199000
062809,同欣電統一9C購01,0,0,0,0,0,0,0,0,0,-199000,0,0,0,15000,214000,-199000,-199000
064685,裕隆群益9C購01  ,0,0,0,0,0,0,0,0,0,-199000,0,0,0,0,199000,-199000,-199000
1582,信錦            ,108000,299000,-191000,0,0,0,0,3000,-3000,-5749,0,2749,-2749,0,3000,-3000,-199749
07667P,亞德客元大9A售05,0,0,0,0,0,0,0,0,0,-200000,0,0,0,15000,215000,-200000,-200000
07839P,嘉澤元大9A售04  ,0,0,0,0,0,0,0,0,0,-200000,0,0,0,0,200000,-200000,-200000
07794P,智邦國票9A售03  ,0,0,0,0,0,0,0,0,0,-200000,0,0,0,0,200000,-200000,-200000
065302,聯發科元富03購04,0,0,0,0,0,0,0,0,0,-200000,0,0,0,2000,202000,-200000,-200000
064824,台積電統一02購03,0,0,0,0,0,0,0,0,0,-200000,0,0,0,0,200000,-200000,-200000
055827,中石化元大98購01,0,0,0,0,0,0,0,0,0,-200000,0,0,0,0,200000,-200000,-200000
052755,滬深2X群益9A購01,0,0,0,0,0,0,0,0,0,-200000,0,0,0,0,200000,-200000,-200000
055963,欣興元大97購04  ,0,0,0,0,0,0,0,0,0,-200000,0,0,0,0,200000,-200000,-200000
054640,健策中信9B購01  ,0,0,0,0,0,0,0,0,0,-200000,0,0,0,73000,273000,-200000,-200000
057252,牧德元富98購01  ,0,0,0,0,0,0,0,0,0,-200000,0,0,0,0,200000,-200000,-200000
059016,晶相光元富99購03,0,0,0,0,0,0,0,0,0,-200000,0,0,0,0,200000,-200000,-200000
058197,國巨中信99購02  ,0,0,0,0,0,0,0,0,0,-200000,0,0,0,0,200000,-200000,-200000
061798,晶豪科永豐9B購01,0,0,0,0,0,0,0,0,0,-200000,0,0,0,0,200000,-200000,-200000
065000,和大國票02購01  ,0,0,0,0,0,0,0,0,0,-201000,0,0,0,46000,247000,-201000,-201000
063586,燿華永豐9B購02  ,0,0,0,0,0,0,0,0,0,-201000,0,0,0,0,201000,-201000,-201000
064897,宏達電群益9C購02,0,0,0,0,0,0,0,0,0,-202000,0,0,0,30000,232000,-202000,-202000
064705,新光金富邦01購01,0,0,0,0,0,0,0,0,0,-202000,0,0,0,198000,400000,-202000,-202000
1590,亞德客-KY       ,365927,534410,-168483,0,0,0,0,28000,-28000,-6000,1000,0,1000,1000,8000,-7000,-202483
064157,健鼎統一01購02  ,0,0,0,0,0,0,0,0,0,-203000,0,0,0,222000,425000,-203000,-203000
065231,宏達電凱基01購01,0,0,0,0,0,0,0,0,0,-204000,0,0,0,7000,211000,-204000,-204000
056346,聯茂凱基99購02  ,0,0,0,0,0,0,0,0,0,-204000,0,0,0,17000,221000,-204000,-204000
058018,南亞科凱基99購03,0,0,0,0,0,0,0,0,0,-204000,0,0,0,0,204000,-204000,-204000
060037,鴻海國票99購10  ,0,0,0,0,0,0,0,0,0,-204000,0,0,0,21000,225000,-204000,-204000
062497,遠東新群益9B購01,0,0,0,0,0,0,0,0,0,-204000,0,0,0,0,204000,-204000,-204000
058733,同欣電永豐99購02,0,0,0,0,0,0,0,0,0,-205000,0,0,0,10000,215000,-205000,-205000
062844,T50反1國泰9C購01,0,0,0,0,0,0,0,0,0,-205000,0,0,0,20000,225000,-205000,-205000
063983,麗豐兆豐9C購01  ,0,0,0,0,0,0,0,0,0,-205000,0,0,0,5000,210000,-205000,-205000
064287,日月光元大9C購01,0,0,0,0,0,0,0,0,0,-205000,0,0,0,65000,270000,-205000,-205000
064278,高鐵元大9C購02  ,0,0,0,0,0,0,0,0,0,-205000,0,0,0,0,205000,-205000,-205000
064812,旭富元大9C購04  ,0,0,0,0,0,0,0,0,0,-206000,0,0,0,25000,231000,-206000,-206000
061792,和大永豐9B購01  ,0,0,0,0,0,0,0,0,0,-206000,0,0,0,110000,316000,-206000,-206000
064746,貿聯國票01購02  ,0,0,0,0,0,0,0,0,0,-206000,0,0,0,53000,259000,-206000,-206000
063465,友達元大9C購10  ,0,0,0,0,0,0,0,0,0,-206000,0,0,0,41000,247000,-206000,-206000
063407,泰鼎國票9C購01  ,0,0,0,0,0,0,0,0,0,-206000,0,0,0,162000,368000,-206000,-206000
08036P,嘉澤群益9B售03  ,0,0,0,0,0,0,0,0,0,-207000,0,0,0,217000,424000,-207000,-207000
062194,遠東新中信9C購01,0,0,0,0,0,0,0,0,0,-207000,0,0,0,16000,223000,-207000,-207000
064008,日月光凱基9C購01,0,0,0,0,0,0,0,0,0,-207000,0,0,0,116000,323000,-207000,-207000
08588P,緯穎元富03售01  ,0,0,0,0,0,0,0,0,0,-208000,0,0,0,36000,244000,-208000,-208000
065599,台光電元大9C購05,0,0,0,0,0,0,0,0,0,-208000,0,0,0,217000,425000,-208000,-208000
061013,台積電麥證9A購03,0,0,0,1000,209000,-208000,0,0,0,-208000,0,0,0,1000,209000,-208000,-208000
051849,旺宏中信98購01  ,0,0,0,0,0,0,0,0,0,-208000,0,0,0,115000,323000,-208000,-208000
055408,力成國泰98購01  ,0,0,0,0,0,0,0,0,0,-208000,0,0,0,57000,265000,-208000,-208000
065134,中石化凱基01購01,0,0,0,0,0,0,0,0,0,-209000,0,0,0,60000,269000,-209000,-209000
060100,新光金元大9C購01,0,0,0,0,0,0,0,0,0,-209000,0,0,0,0,209000,-209000,-209000
064640,和大凱基03購01  ,0,0,0,0,0,0,0,0,0,-209000,0,0,0,50000,259000,-209000,-209000
063538,神達統一9C購01  ,0,0,0,0,0,0,0,0,0,-209000,0,0,0,206000,415000,-209000,-209000
060990,新光金元大9B購03,0,0,0,0,0,0,0,0,0,-210000,0,0,0,0,210000,-210000,-210000
060455,葡萄王元大9A購02,0,0,0,0,0,0,0,0,0,-210000,0,0,0,33000,243000,-210000,-210000
063997,泰鼎群益9C購01  ,0,0,0,0,0,0,0,0,0,-210000,0,0,0,45000,255000,-210000,-210000
064885,T50反1中信04購01,0,0,0,0,0,0,0,0,0,-211000,0,0,0,0,211000,-211000,-211000
064876,旺宏兆豐9C購01  ,0,0,0,0,0,0,0,0,0,-211000,0,0,0,58000,269000,-211000,-211000
065502,康友富邦03購01  ,0,0,0,0,0,0,0,0,0,-211000,0,0,0,0,211000,-211000,-211000
2014,中鴻            ,198000,409000,-211000,0,0,0,0,0,0,0,0,0,0,0,0,0,-211000
07821P,臺股指國票9A售12,0,0,0,0,0,0,0,0,0,-211000,0,0,0,63000,274000,-211000,-211000
056232,瑞儀凱基98購01  ,0,0,0,0,0,0,0,0,0,-211000,0,0,0,0,211000,-211000,-211000
2328,廣宇            ,65000,268000,-203000,0,0,0,0,0,0,-9000,0,9000,-9000,0,0,0,-212000
07965P,玉晶光群益01售02,0,0,0,0,0,0,0,0,0,-213000,0,0,0,49000,262000,-213000,-213000
08493P,嘉澤元大9C售01  ,0,0,0,0,0,0,0,0,0,-213000,0,0,0,0,213000,-213000,-213000
064903,新唐群益9C購01  ,0,0,0,0,0,0,0,0,0,-213000,0,0,0,28000,241000,-213000,-213000
057307,瀚宇博兆豐99購01,0,0,0,0,0,0,0,0,0,-213000,0,0,0,346000,559000,-213000,-213000
063948,高鐵元大9C購01  ,0,0,0,0,0,0,0,0,0,-213000,0,0,0,0,213000,-213000,-213000
065229,友達凱基02購03  ,0,0,0,0,0,0,0,0,0,-215000,0,0,0,0,215000,-215000,-215000
064582,裕隆永豐9C購02  ,0,0,0,0,0,0,0,0,0,-215000,0,0,0,1000,216000,-215000,-215000
062526,友達統一01購01  ,0,0,0,0,0,0,0,0,0,-215000,0,0,0,45000,260000,-215000,-215000
065174,華新科元大02購02,0,0,0,0,0,0,0,0,0,-216000,0,0,0,31000,247000,-216000,-216000
065793,旭富永豐9C購02  ,0,0,0,0,0,0,0,0,0,-216000,0,0,0,250000,466000,-216000,-216000
065887,巨大元富9C購01  ,0,0,0,0,0,0,0,0,0,-216000,0,0,0,8000,224000,-216000,-216000
064148,瑞昱統一02購01  ,0,0,0,0,0,0,0,0,0,-216000,0,0,0,153000,369000,-216000,-216000
063590,華擎永豐9B購01  ,0,0,0,0,0,0,0,0,0,-216000,0,0,0,0,216000,-216000,-216000
064577,大立光國泰02購01,0,0,0,0,0,0,0,0,0,-217000,0,0,0,103000,320000,-217000,-217000
2374,佳能            ,77000,298000,-221000,0,0,0,0,0,0,4000,5000,1000,4000,0,0,0,-217000
08136P,祥碩國泰01售01  ,0,0,0,0,0,0,0,0,0,-218000,0,0,0,364000,582000,-218000,-218000
07545P,玉晶光凱基9A售07,0,0,0,0,0,0,0,0,0,-218000,0,0,0,8000,226000,-218000,-218000
05749P,臺股指群益99售03,0,0,0,0,0,0,0,0,0,-218000,0,0,0,554000,772000,-218000,-218000
057568,友訊永豐99購01  ,0,0,0,0,0,0,0,0,0,-218000,0,0,0,27000,245000,-218000,-218000
060534,友達麥證9A購01  ,0,0,0,8000,226000,-218000,0,0,0,-218000,0,0,0,8000,226000,-218000,-218000
058625,旺宏國票9A購01  ,0,0,0,0,0,0,0,0,0,-218000,0,0,0,64000,282000,-218000,-218000
064917,元大金統一02購01,0,0,0,0,0,0,0,0,0,-219000,0,0,0,13000,232000,-219000,-219000
057538,緯穎元大98購07  ,0,0,0,0,0,0,0,0,0,-219000,0,0,0,151000,370000,-219000,-219000
061409,力成國票9A購02  ,0,0,0,0,0,0,0,0,0,-219000,0,0,0,31000,250000,-219000,-219000
064840,彩晶統一02購01  ,0,0,0,0,0,0,0,0,0,-220000,0,0,0,0,220000,-220000,-220000
065021,貿聯富邦03購01  ,0,0,0,0,0,0,0,0,0,-220000,0,0,0,58000,278000,-220000,-220000
065443,智邦統一9C購03  ,0,0,0,0,0,0,0,0,0,-220000,0,0,0,246000,466000,-220000,-220000
08353P,聯電元大9C售04  ,0,0,0,0,0,0,0,0,0,-220000,0,0,0,0,220000,-220000,-220000
055112,晶豪科凱基98購01,0,0,0,0,0,0,0,0,0,-220000,0,0,0,0,220000,-220000,-220000
054169,上緯控凱基98購01,0,0,0,0,0,0,0,0,0,-220000,0,0,0,10000,230000,-220000,-220000
063269,儒鴻兆豐9C購01  ,0,0,0,0,0,0,0,0,0,-220000,0,0,0,0,220000,-220000,-220000
064446,聚陽統一02購02  ,0,0,0,0,0,0,0,0,0,-221000,0,0,0,0,221000,-221000,-221000
064139,裕隆統一01購02  ,0,0,0,0,0,0,0,0,0,-221000,0,0,0,195000,416000,-221000,-221000
9946,三發地產        ,8000,229000,-221000,0,0,0,0,0,0,0,0,0,0,0,0,0,-221000
053276,友達元大9C購01  ,0,0,0,0,0,0,0,0,0,-222000,0,0,0,6000,228000,-222000,-222000
063100,聚陽群益9C購02  ,0,0,0,0,0,0,0,0,0,-222000,0,0,0,310000,532000,-222000,-222000
062398,建準永豐9B購01  ,0,0,0,0,0,0,0,0,0,-222000,0,0,0,46000,268000,-222000,-222000
1795,美時            ,204000,427000,-223000,0,0,0,0,0,0,0,0,0,0,0,0,0,-223000
062498,華通群益9C購04  ,0,0,0,0,0,0,0,0,0,-223000,0,0,0,39000,262000,-223000,-223000
055891,鴻海統一9A購01  ,0,0,0,0,0,0,0,0,0,-224000,0,0,0,43000,267000,-224000,-224000
061094,彩晶統一9B購02  ,0,0,0,0,0,0,0,0,0,-224000,0,0,0,0,224000,-224000,-224000
057195,南茂元大98購01  ,0,0,0,0,0,0,0,0,0,-224000,0,0,0,0,224000,-224000,-224000
061238,晶技元大9A購02  ,4000,0,4000,0,0,0,0,0,0,-228000,0,0,0,73000,301000,-228000,-224000
063397,廣達群益9B購02  ,0,0,0,0,0,0,0,0,0,-224000,0,0,0,136000,360000,-224000,-224000
2845,遠東銀          ,222000,384000,-162000,0,0,0,0,62000,-62000,0,0,0,0,0,0,0,-224000
065295,旭富群益9C購02  ,0,0,0,0,0,0,0,0,0,-225000,0,0,0,10000,235000,-225000,-225000
058474,鴻海凱基9A購06  ,0,0,0,0,0,0,0,0,0,-225000,0,0,0,50000,275000,-225000,-225000
063848,大立光元大9C購09,0,0,0,0,0,0,0,0,0,-225000,0,0,0,91000,316000,-225000,-225000
065360,和大元大01購03  ,0,0,0,0,0,0,0,0,0,-226000,0,0,0,0,226000,-226000,-226000
065569,智邦群益01購01  ,0,0,0,0,0,0,0,0,0,-226000,0,0,0,11000,237000,-226000,-226000
057105,致茂群益9A購01  ,0,0,0,0,0,0,0,0,0,-226000,0,0,0,20000,246000,-226000,-226000
059849,興勤永豐99購01  ,0,0,0,0,0,0,0,0,0,-226000,0,0,0,24000,250000,-226000,-226000
063732,建準元大9B購02  ,0,0,0,0,0,0,0,0,0,-226000,0,0,0,68000,294000,-226000,-226000
062699,台積電元大01購02,0,0,0,0,0,0,0,0,0,-226000,0,0,0,491000,717000,-226000,-226000
8261,富鼎            ,122000,345000,-223000,0,0,0,0,0,0,-3000,0,3000,-3000,0,0,0,-226000
065164,和大元大01購01  ,0,0,0,0,0,0,0,0,0,-227000,0,0,0,0,227000,-227000,-227000
059943,信邦永豐99購01  ,0,0,0,0,0,0,0,0,0,-227000,0,0,0,453000,680000,-227000,-227000
062665,智易群益9B購01  ,0,0,0,0,0,0,0,0,0,-227000,0,0,0,82000,309000,-227000,-227000
065343,智邦統一01購03  ,0,0,0,0,0,0,0,0,0,-228000,0,0,0,102000,330000,-228000,-228000
064984,同欣電元大9C購06,0,0,0,0,0,0,0,0,0,-228000,0,0,0,3000,231000,-228000,-228000
056579,麗豐元大99購01  ,0,0,0,0,0,0,0,0,0,-228000,0,0,0,170000,398000,-228000,-228000
062687,華擎統一01購02  ,0,0,0,0,0,0,0,0,0,-228000,0,0,0,693000,921000,-228000,-228000
063219,友達群益9B購03  ,0,0,0,0,0,0,0,0,0,-228000,0,0,0,20000,248000,-228000,-228000
065253,和大元大01購02  ,0,0,0,0,0,0,0,0,0,-229000,0,0,0,11000,240000,-229000,-229000
057447,智邦元富02購01  ,0,0,0,0,0,0,0,0,0,-229000,0,0,0,53000,282000,-229000,-229000
057448,致茂元富98購01  ,0,0,0,0,0,0,0,0,0,-230000,0,0,0,0,230000,-230000,-230000
057738,旺宏富邦9A購01  ,0,0,0,0,0,0,0,0,0,-230000,0,0,0,60000,290000,-230000,-230000
061270,彩晶凱基9A購02  ,0,0,0,0,0,0,0,0,0,-230000,0,0,0,0,230000,-230000,-230000
062562,瑞儀凱基9B購02  ,0,0,0,0,0,0,0,0,0,-230000,0,0,0,32000,262000,-230000,-230000
065011,智邦國泰02購01  ,0,0,0,0,0,0,0,0,0,-231000,0,0,0,229000,460000,-231000,-231000
060865,創意永豐9A購01  ,0,0,0,0,0,0,0,0,0,-231000,0,0,0,75000,306000,-231000,-231000
063883,超眾元富9C購02  ,0,0,0,0,0,0,0,0,0,-232000,0,0,0,0,232000,-232000,-232000
064326,裕隆元大9C購01  ,0,0,0,0,0,0,0,0,0,-232000,0,0,0,10000,242000,-232000,-232000
051971,元金2X凱基97購02,0,0,0,0,0,0,0,0,0,-233000,0,0,0,0,233000,-233000,-233000
063653,儒鴻元富9B購01  ,0,0,0,0,0,0,0,0,0,-233000,0,0,0,0,233000,-233000,-233000
064764,聯茂凱基01購01  ,0,0,0,0,0,0,0,0,0,-234000,0,0,0,12000,246000,-234000,-234000
063198,仁寶統一01購02  ,0,0,0,0,0,0,0,0,0,-234000,0,0,0,395000,629000,-234000,-234000
065650,旭富元大9C購07  ,0,0,0,0,0,0,0,0,0,-235000,0,0,0,294000,529000,-235000,-235000
063568,高鐵元大9B購01  ,0,0,0,0,0,0,0,0,0,-235000,0,0,0,17000,252000,-235000,-235000
065514,建準群益9C購01  ,0,0,0,0,0,0,0,0,0,-236000,0,0,0,2000,238000,-236000,-236000
1447,力鵬            ,65000,302000,-237000,0,0,0,0,0,0,0,0,0,0,0,0,0,-237000
07649P,金像電永豐9A售02,0,0,0,0,0,0,0,0,0,-237000,0,0,0,0,237000,-237000,-237000
058061,貿聯元富9B購01  ,0,0,0,0,0,0,0,0,0,-238000,0,0,0,61000,299000,-238000,-238000
06644P,亞德客元大98售03,0,0,0,0,0,0,0,0,0,-239000,0,0,0,39000,278000,-239000,-239000
065042,國產凱基02購01  ,0,0,0,0,0,0,0,0,0,-239000,0,0,0,76000,315000,-239000,-239000
060888,金像電統一9C購01,0,0,0,0,0,0,0,0,0,-239000,0,0,0,2000,241000,-239000,-239000
064641,神隆凱基9C購01  ,0,0,0,0,0,0,0,0,0,-239000,0,0,0,108000,347000,-239000,-239000
063115,台積電麥證9B購02,0,0,0,20000,259000,-239000,0,0,0,-239000,0,0,0,20000,259000,-239000,-239000
065501,旭富富邦9C購01  ,0,0,0,0,0,0,0,0,0,-240000,0,0,0,1000,241000,-240000,-240000
062022,緯穎永豐9B購01  ,0,0,0,0,0,0,0,0,0,-240000,0,0,0,20000,260000,-240000,-240000
064589,聯鈞永豐9C購01  ,0,0,0,0,0,0,0,0,0,-240000,0,0,0,11000,251000,-240000,-240000
065017,和大富邦03購01  ,0,0,0,0,0,0,0,0,0,-241000,0,0,0,256000,497000,-241000,-241000
056186,智原統一97購01  ,0,0,0,0,0,0,0,0,0,-241000,0,0,0,0,241000,-241000,-241000
061650,南電元大9A購07  ,0,0,0,0,0,0,0,0,0,-241000,0,0,0,57000,298000,-241000,-241000
058813,旺宏統一9B購04  ,0,0,0,0,0,0,0,0,0,-241000,0,0,0,0,241000,-241000,-241000
064714,和大統一02購02  ,0,0,0,0,0,0,0,0,0,-241000,0,0,0,0,241000,-241000,-241000
064841,彩晶統一02購02  ,0,0,0,0,0,0,0,0,0,-242000,0,0,0,0,242000,-242000,-242000
064859,南亞科富邦01購01,0,0,0,0,0,0,0,0,0,-242000,0,0,0,10000,252000,-242000,-242000
064925,和碩統一02購01  ,0,0,0,0,0,0,0,0,0,-242000,0,0,0,22000,264000,-242000,-242000
061347,創意元大9A購02  ,0,0,0,0,0,0,0,0,0,-242000,0,0,0,300000,542000,-242000,-242000
062690,華擎統一9B購01  ,0,0,0,0,0,0,0,0,0,-242000,0,0,0,33000,275000,-242000,-242000
062661,華通群益9B購05  ,0,0,0,0,0,0,0,0,0,-242000,0,0,0,67000,309000,-242000,-242000
2929,淘帝-KY         ,21000,264574,-243574,0,0,0,1000,0,1000,-1000,0,0,0,0,1000,-1000,-243574
065846,華新科元大03購01,0,0,0,0,0,0,0,0,0,-244000,0,0,0,20000,264000,-244000,-244000
057409,台虹群益98購02  ,0,0,0,0,0,0,0,0,0,-244000,0,0,0,20000,264000,-244000,-244000
062012,燿華富邦9C購01  ,0,0,0,0,0,0,0,0,0,-244000,0,0,0,3000,247000,-244000,-244000
064559,旺宏群益01購02  ,0,0,0,0,0,0,0,0,0,-244000,0,0,0,0,244000,-244000,-244000
064239,群創統一02購01  ,0,0,0,0,0,0,0,0,0,-244000,0,0,0,0,244000,-244000,-244000
064170,儒鴻元富9C購01  ,0,0,0,0,0,0,0,0,0,-244000,0,0,0,2000,246000,-244000,-244000
065454,神隆元富9C購01  ,0,0,0,0,0,0,0,0,0,-245000,0,0,0,80000,325000,-245000,-245000
057404,貿聯群益99購01  ,0,0,0,0,0,0,0,0,0,-245000,0,0,0,0,245000,-245000,-245000
058035,旭富永豐98購02  ,0,0,0,0,0,0,0,0,0,-245000,0,0,0,132000,377000,-245000,-245000
063704,麗豐群益9B購01  ,0,0,0,0,0,0,0,0,0,-245000,0,0,0,4000,249000,-245000,-245000
064495,南亞科元大9C購03,0,0,0,0,0,0,0,0,0,-245000,0,0,0,50000,295000,-245000,-245000
064982,新唐元大9C購01  ,0,0,0,0,0,0,0,0,0,-246000,0,0,0,279000,525000,-246000,-246000
065234,旭富凱基01購01  ,0,0,0,0,0,0,0,0,0,-246000,0,0,0,210000,456000,-246000,-246000
1536,和大            ,385000,503000,-118000,0,0,0,0,263000,-263000,135000,30000,7000,23000,122000,10000,112000,-246000
063239,建準元大9B購01  ,0,0,0,0,0,0,0,0,0,-246000,0,0,0,139000,385000,-246000,-246000
063093,國產國票9B購01  ,0,0,0,0,0,0,0,0,0,-247000,0,0,0,151000,398000,-247000,-247000
058448,滬深2X永豐9A購01,0,0,0,0,0,0,0,0,0,-248000,0,0,0,0,248000,-248000,-248000
063167,同欣電永豐9B購03,0,0,0,0,0,0,0,0,0,-248000,0,0,0,0,248000,-248000,-248000
065396,微星群益01購01  ,0,0,0,0,0,0,0,0,0,-249000,0,0,0,170000,419000,-249000,-249000
056550,瑞儀凱基99購01  ,0,0,0,0,0,0,0,0,0,-249000,0,0,0,48000,297000,-249000,-249000
060156,光磊永豐9A購01  ,0,0,0,0,0,0,0,0,0,-249000,0,0,0,1000,250000,-249000,-249000
063354,茂林元富9B購02  ,0,0,0,0,0,0,0,0,0,-249000,0,0,0,335000,584000,-249000,-249000
063999,日月光兆豐9C購01,0,0,0,0,0,0,0,0,0,-249000,0,0,0,451000,700000,-249000,-249000
057464,大立光永豐98購02,0,0,0,0,0,0,0,0,0,-250000,0,0,0,0,250000,-250000,-250000
064569,群創群益9C購01  ,0,0,0,0,0,0,0,0,0,-250000,0,0,0,0,250000,-250000,-250000
056458,日月光凱基98購02,0,0,0,0,0,0,0,0,0,-251000,0,0,0,0,251000,-251000,-251000
061033,台光電永豐9A購01,0,0,0,0,0,0,0,0,0,-251000,0,0,0,38000,289000,-251000,-251000
065274,南茂元大9C購03  ,0,0,0,0,0,0,0,0,0,-252000,0,0,0,110000,362000,-252000,-252000
053297,鎧勝中信98購01  ,0,0,0,0,0,0,0,0,0,-252000,0,0,0,65000,317000,-252000,-252000
056954,聯詠富邦9A購01  ,0,0,0,0,0,0,0,0,0,-252000,0,0,0,79000,331000,-252000,-252000
062643,緯穎國票9B購01  ,0,0,0,0,0,0,0,0,0,-252000,0,0,0,100000,352000,-252000,-252000
062807,和碩統一9B購01  ,0,0,0,0,0,0,0,0,0,-252000,0,0,0,495000,747000,-252000,-252000
056363,華新科元大99購04,0,0,0,0,0,0,0,0,0,-253000,0,0,0,55000,308000,-253000,-253000
060418,中橡永豐9A購01  ,0,0,0,0,0,0,0,0,0,-253000,0,0,0,150000,403000,-253000,-253000
058735,南茂永豐99購01  ,0,0,0,0,0,0,0,0,0,-253000,0,0,0,1000,254000,-253000,-253000
063694,貿聯永豐9B購01  ,0,0,0,0,0,0,0,0,0,-253000,0,0,0,82000,335000,-253000,-253000
056463,台虹凱基98購02  ,0,0,0,0,0,0,0,0,0,-254000,0,0,0,10000,264000,-254000,-254000
057633,緯穎永豐98購02  ,0,0,0,0,0,0,0,0,0,-254000,0,0,0,172000,426000,-254000,-254000
063578,瑞祺元大9B購03  ,0,0,0,0,0,0,0,0,0,-254000,0,0,0,188000,442000,-254000,-254000
064317,日月光群益9C購01,0,0,0,0,0,0,0,0,0,-254000,0,0,0,10000,264000,-254000,-254000
058443,T50正2富邦01購01,0,0,0,0,0,0,0,0,0,-255000,0,0,0,0,255000,-255000,-255000
061477,晶豪科元大9A購01,0,0,0,0,0,0,0,0,0,-255000,0,0,0,362000,617000,-255000,-255000
060315,易華電永豐9A購01,0,0,0,0,0,0,0,0,0,-255000,0,0,0,5000,260000,-255000,-255000
062086,瑞祺元大9B購01  ,0,0,0,0,0,0,0,0,0,-256000,0,0,0,187000,443000,-256000,-256000
064444,聚陽統一01購02  ,0,0,0,0,0,0,0,0,0,-256000,0,0,0,163000,419000,-256000,-256000
064103,大立光群益9C購03,0,0,0,0,0,0,0,0,0,-256000,0,0,0,0,256000,-256000,-256000
2314,台揚            ,395000,650000,-255000,0,0,0,0,0,0,-1000,0,1000,-1000,0,0,0,-256000
065195,國巨元富06購01  ,0,0,0,0,0,0,0,0,0,-257000,0,0,0,0,257000,-257000,-257000
060375,葡萄王元富9A購01,0,0,0,0,0,0,0,0,0,-257000,0,0,0,426000,683000,-257000,-257000
065345,台光電統一01購04,0,0,0,0,0,0,0,0,0,-258000,0,0,0,169000,427000,-258000,-258000
065852,創意元大9C購06  ,0,0,0,0,0,0,0,0,0,-258000,0,0,0,6000,264000,-258000,-258000
08375P,聯電元富9C售02  ,0,0,0,0,0,0,0,0,0,-258000,0,0,0,127000,385000,-258000,-258000
061027,儒鴻永豐9A購02  ,0,0,0,0,0,0,0,0,0,-258000,0,0,0,0,258000,-258000,-258000
061015,旺宏麥證9A購03  ,0,0,0,28000,286000,-258000,0,0,0,-258000,0,0,0,28000,286000,-258000,-258000
054318,台虹凱基98購01  ,0,0,0,0,0,0,0,0,0,-258000,0,0,0,60000,318000,-258000,-258000
060307,南港永豐9A購01  ,0,0,0,0,0,0,0,0,0,-258000,0,0,0,532000,790000,-258000,-258000
063415,台積電凱基03購01,0,0,0,0,0,0,0,0,0,-259000,0,0,0,0,259000,-259000,-259000
055312,台虹群益99購01  ,0,0,0,0,0,0,0,0,0,-260000,0,0,0,0,260000,-260000,-260000
056673,中石化元富9B購01,0,0,0,0,0,0,0,0,0,-261000,0,0,0,100000,361000,-261000,-261000
063496,儒鴻永豐9B購01  ,0,0,0,0,0,0,0,0,0,-261000,0,0,0,0,261000,-261000,-261000
062753,台積電麥證9B購01,0,0,0,0,261000,-261000,0,0,0,-261000,0,0,0,0,261000,-261000,-261000
064128,國產元大9C購01  ,0,0,0,0,0,0,0,0,0,-261000,0,0,0,182000,443000,-261000,-261000
064715,和大統一02購03  ,0,0,0,0,0,0,0,0,0,-261000,0,0,0,0,261000,-261000,-261000
065183,和大統一01購03  ,0,0,0,0,0,0,0,0,0,-262000,0,0,0,0,262000,-262000,-262000
064996,T50反1國票01購03,0,0,0,0,0,0,0,0,0,-262000,0,0,0,0,262000,-262000,-262000
055443,台虹國票98購01  ,0,0,0,0,0,0,0,0,0,-262000,0,0,0,24000,286000,-262000,-262000
063177,友達兆豐9B購01  ,0,0,0,0,0,0,0,0,0,-262000,0,0,0,40000,302000,-262000,-262000
08576P,嘉澤凱基9C售03  ,0,0,0,0,0,0,0,0,0,-263000,0,0,0,40000,303000,-263000,-263000
056301,開發金元大9A購01,0,0,0,0,0,0,0,0,0,-263000,0,0,0,100000,363000,-263000,-263000
064645,義隆凱基03購01  ,0,0,0,0,0,0,0,0,0,-263000,0,0,0,302000,565000,-263000,-263000
08541P,景碩國票01售02  ,0,45000,-45000,0,0,0,0,0,0,-220000,0,0,0,65000,285000,-220000,-265000
060331,台積電麥證9A購01,0,0,0,60000,325000,-265000,0,0,0,-265000,0,0,0,60000,325000,-265000,-265000
064735,群創元富9C購02  ,0,0,0,0,0,0,0,0,0,-265000,0,0,0,0,265000,-265000,-265000
065940,立積群益02購01  ,0,0,0,0,0,0,0,0,0,-266000,0,0,0,0,266000,-266000,-266000
064249,聯發科元富06購01,0,0,0,0,0,0,0,0,0,-266000,0,0,0,547000,813000,-266000,-266000
07224P,鴻海元大9A售02  ,0,0,0,0,0,0,0,0,0,-267000,0,0,0,60000,327000,-267000,-267000
061234,國巨元大9A購18  ,0,0,0,0,0,0,0,0,0,-267000,0,0,0,6000,273000,-267000,-267000
064974,燿華元大9C購03  ,0,0,0,0,0,0,0,0,0,-268000,0,0,0,0,268000,-268000,-268000
057199,台達電元富02購01,0,0,0,0,0,0,0,0,0,-268000,0,0,0,13000,281000,-268000,-268000
057074,立積永豐98購01  ,0,0,0,0,0,0,0,0,0,-268000,0,0,0,388000,656000,-268000,-268000
061535,群創統一9C購01  ,0,0,0,0,0,0,0,0,0,-269000,0,0,0,4000,273000,-269000,-269000
064639,聚陽凱基02購01  ,0,0,0,0,0,0,0,0,0,-269000,0,0,0,97000,366000,-269000,-269000
07500P,微星元大9A售01  ,0,0,0,0,0,0,0,0,0,-270000,0,0,0,0,270000,-270000,-270000
08000P,奇鋐凱基9B售03  ,0,0,0,0,0,0,0,0,0,-270000,0,0,0,10000,280000,-270000,-270000
051369,新光金富邦9A購01,0,0,0,0,0,0,0,0,0,-270000,0,0,0,0,270000,-270000,-270000
064595,超眾統一02購01  ,0,0,0,0,0,0,0,0,0,-270000,0,0,0,202000,472000,-270000,-270000
064682,嘉聯益兆豐01購01,0,0,0,0,0,0,0,0,0,-270000,0,0,0,201000,471000,-270000,-270000
063205,貿聯統一9C購01  ,0,0,0,0,0,0,0,0,0,-270000,0,0,0,90000,360000,-270000,-270000
056567,瀚宇博群益98購02,0,0,0,0,0,0,0,0,0,-271000,0,0,0,0,271000,-271000,-271000
057385,光罩永豐99購01  ,0,0,0,0,0,0,0,0,0,-271000,0,0,0,30000,301000,-271000,-271000
063645,瑞儀元大9B購02  ,0,0,0,0,0,0,0,0,0,-271000,0,0,0,40000,311000,-271000,-271000
064314,信邦群益9C購01  ,0,0,0,0,0,0,0,0,0,-272000,0,0,0,112000,384000,-272000,-272000
062401,信邦永豐9B購01  ,0,0,0,0,0,0,0,0,0,-272000,0,0,0,130000,402000,-272000,-272000
051055,友達群益98購01  ,0,0,0,0,0,0,0,0,0,-273000,0,0,0,50000,323000,-273000,-273000
062755,茂林麥證9B購01  ,0,0,0,11000,284000,-273000,0,0,0,-273000,0,0,0,11000,284000,-273000,-273000
2357,華碩            ,1369613,1536000,-166387,0,0,0,0,0,0,-108000,0,63000,-63000,0,45000,-45000,-274387
063664,漢唐統一9C購01  ,0,0,0,0,0,0,0,0,0,-275000,0,0,0,72000,347000,-275000,-275000
064956,麗豐凱基9C購01  ,0,0,0,0,0,0,0,0,0,-276000,0,0,0,50000,326000,-276000,-276000
065939,創意群益01購01  ,0,0,0,0,0,0,0,0,0,-276000,0,0,0,0,276000,-276000,-276000
063934,寶成統一02購01  ,0,0,0,0,0,0,0,0,0,-276000,0,0,0,0,276000,-276000,-276000
2360,致茂            ,493000,507000,-14000,0,0,0,75000,330000,-255000,-7000,2000,5000,-3000,5000,9000,-4000,-276000
064850,智原元富9C購01  ,0,0,0,0,0,0,0,0,0,-277000,0,0,0,309000,586000,-277000,-277000
057824,日月光元大98購01,0,0,0,0,0,0,0,0,0,-277000,0,0,0,50000,327000,-277000,-277000
9919,康那香          ,772000,1074000,-302000,0,0,0,0,0,0,25000,0,0,0,25000,0,25000,-277000
064880,神達兆豐9C購01  ,0,0,0,0,0,0,0,0,0,-278000,0,0,0,17000,295000,-278000,-278000
060693,台積電麥證9A購02,0,0,0,5000,283000,-278000,0,0,0,-278000,0,0,0,5000,283000,-278000,-278000
054272,華通中信98購01  ,0,0,0,0,0,0,0,0,0,-278000,0,0,0,110000,388000,-278000,-278000
063824,S&P反1國票9C購01,0,0,0,0,0,0,0,0,0,-278000,0,0,0,0,278000,-278000,-278000
00717,富邦美國特別股  ,0,0,0,0,0,0,0,0,0,-280000,0,0,0,301000,581000,-280000,-280000
062896,中興電元大9B購01,0,0,0,0,0,0,0,0,0,-280000,0,0,0,192000,472000,-280000,-280000
07990P,緯穎凱基9B售02  ,0,0,0,0,0,0,0,0,0,-281000,0,0,0,137000,418000,-281000,-281000
08488P,臺股指群益9C售19,0,0,0,0,0,0,0,0,0,-281000,0,0,0,360000,641000,-281000,-281000
058736,鈺齊永豐99購02  ,0,0,0,0,0,0,0,0,0,-281000,0,0,0,50000,331000,-281000,-281000
063890,正隆群益9C購01  ,0,0,0,0,0,0,0,0,0,-281000,0,0,0,0,281000,-281000,-281000
064049,信邦統一01購01  ,0,0,0,0,0,0,0,0,0,-281000,0,0,0,467000,748000,-281000,-281000
061645,超眾元大9A購06  ,0,0,0,0,0,0,0,0,0,-282000,0,0,0,66000,348000,-282000,-282000
065562,同欣電麥證9C購04,0,0,0,0,283000,-283000,0,0,0,-283000,0,0,0,0,283000,-283000,-283000
064385,台積電富邦03購02,0,0,0,0,0,0,0,0,0,-283000,0,0,0,5000,288000,-283000,-283000
6669,緯穎            ,634449,883000,-248551,0,0,0,0,85000,-85000,50000,60000,31000,29000,66000,45000,21000,-283551
065411,旺宏永豐9C購02  ,0,0,0,0,0,0,0,0,0,-284000,0,0,0,9000,293000,-284000,-284000
065076,中橡元大9C購01  ,0,0,0,0,0,0,0,0,0,-284000,0,0,0,131000,415000,-284000,-284000
08453P,玉晶光台新9C售02,0,0,0,0,0,0,0,0,0,-284000,0,0,0,66000,350000,-284000,-284000
03650C,T50反1元大98牛05,0,0,0,0,0,0,0,0,0,-284000,0,0,0,200000,484000,-284000,-284000
053381,友達元大9A購02  ,0,0,0,0,0,0,0,0,0,-284000,0,0,0,49000,333000,-284000,-284000
058156,超眾統一9A購02  ,0,0,0,0,0,0,0,0,0,-284000,0,0,0,33000,317000,-284000,-284000
062017,京鼎永豐9B購01  ,0,0,0,0,0,0,0,0,0,-284000,0,0,0,126000,410000,-284000,-284000
060414,中興電永豐9A購01,0,0,0,0,0,0,0,0,0,-284000,0,0,0,348000,632000,-284000,-284000
062031,臻鼎群益9B購01  ,0,0,0,0,0,0,0,0,0,-285000,0,0,0,12000,297000,-285000,-285000
063980,智易兆豐9C購02  ,0,0,0,0,0,0,0,0,0,-285000,0,0,0,214000,499000,-285000,-285000
060238,強茂元大9C購01  ,0,0,0,0,0,0,0,0,0,-286000,0,0,0,169000,455000,-286000,-286000
064838,旭富統一01購01  ,0,0,0,0,0,0,0,0,0,-287000,0,0,0,47000,334000,-287000,-287000
1909,榮成            ,475000,342000,133000,0,0,0,0,0,0,-421000,0,421000,-421000,0,0,0,-288000
07473P,祥碩元大9A售01  ,0,0,0,0,0,0,0,0,0,-288000,0,0,0,188000,476000,-288000,-288000
057804,為升元大98購01  ,0,0,0,0,0,0,0,0,0,-288000,0,0,0,95000,383000,-288000,-288000
056521,群創日盛98購01  ,0,0,0,0,0,0,0,0,0,-288000,0,0,0,0,288000,-288000,-288000
046629,群創統一98購01  ,0,0,0,0,0,0,0,0,0,-289000,0,0,0,0,289000,-289000,-289000
055527,旺宏群益99購03  ,0,0,0,0,0,0,0,0,0,-289000,0,0,0,114000,403000,-289000,-289000
060457,中橡元大9A購02  ,0,0,0,0,0,0,0,0,0,-289000,0,0,0,211000,500000,-289000,-289000
059238,台積電凱基99購11,0,0,0,0,0,0,0,0,0,-290000,0,0,0,0,290000,-290000,-290000
060054,華新科凱基9B購04,0,0,0,0,0,0,0,0,0,-290000,0,0,0,0,290000,-290000,-290000
08316P,祥碩元大9C售04  ,0,0,0,0,0,0,0,0,0,-291000,0,0,0,20000,311000,-291000,-291000
055586,旺宏元大98購06  ,0,0,0,0,0,0,0,0,0,-291000,0,0,0,0,291000,-291000,-291000
057641,旺宏元大98購10  ,0,0,0,0,0,0,0,0,0,-291000,0,0,0,53000,344000,-291000,-291000
056394,晶豪科永豐98購01,0,0,0,0,0,0,0,0,0,-293000,0,0,0,0,293000,-293000,-293000
059999,緯穎元富99購01  ,0,0,0,0,0,0,0,0,0,-293000,0,0,0,229000,522000,-293000,-293000
064870,中租永豐9C購01  ,0,0,0,0,0,0,0,0,0,-294000,0,0,0,41000,335000,-294000,-294000
058734,康友永豐99購01  ,0,0,0,0,0,0,0,0,0,-295000,0,0,0,0,295000,-295000,-295000
063693,智易永豐9B購02  ,0,0,0,0,0,0,0,0,0,-295000,0,0,0,98000,393000,-295000,-295000
063376,神達永豐9B購01  ,0,0,0,0,0,0,0,0,0,-295000,0,0,0,0,295000,-295000,-295000
065250,同欣電麥證9C購01,0,0,0,83000,340000,-257000,0,0,0,-296000,0,0,0,92000,388000,-296000,-296000
07502P,美食元大9A售01  ,0,0,0,0,0,0,0,0,0,-296000,0,0,0,5000,301000,-296000,-296000
060428,瑞祺永豐9A購01  ,0,0,0,0,0,0,0,0,0,-296000,0,0,0,557000,853000,-296000,-296000
2542,興富發          ,924608,1056000,-131392,0,0,0,0,130000,-130000,-35000,0,39000,-39000,4000,0,4000,-296392
065146,帆宣凱基9C購01  ,0,0,0,0,0,0,0,0,0,-298000,0,0,0,283000,581000,-298000,-298000
064332,聯發科元大01購01,0,0,0,0,0,0,0,0,0,-298000,0,0,0,15000,313000,-298000,-298000
065400,華擎群益01購02  ,0,0,0,0,0,0,0,0,0,-299000,0,0,0,0,299000,-299000,-299000
065561,同欣電麥證9C購03,0,0,0,1000,300000,-299000,0,0,0,-299000,0,0,0,1000,300000,-299000,-299000
065900,瑞祺國泰02購01  ,0,0,0,0,0,0,0,0,0,-299000,0,0,0,0,299000,-299000,-299000
061014,台積電麥證9A購04,0,0,0,0,299000,-299000,0,0,0,-299000,0,0,0,0,299000,-299000,-299000
065560,同欣電麥證9C購02,0,0,0,0,300000,-300000,0,0,0,-300000,0,0,0,0,300000,-300000,-300000
064909,華擎麥證9C購01  ,0,0,0,0,300000,-300000,0,0,0,-300000,0,0,0,0,300000,-300000,-300000
08075P,聯電群益9C售01  ,0,0,0,0,0,0,0,0,0,-300000,0,0,0,0,300000,-300000,-300000
08591P,台光電凱基9C售02,0,0,0,0,0,0,0,0,0,-300000,0,0,0,20000,320000,-300000,-300000
057516,和鑫元富98購01  ,0,0,0,0,0,0,0,0,0,-300000,0,0,0,220000,520000,-300000,-300000
057021,台積電凱基9A購02,0,0,0,0,0,0,0,0,0,-300000,0,0,0,0,300000,-300000,-300000
052269,T50反1日盛9B購01,0,0,0,0,0,0,0,0,0,-300000,0,0,0,0,300000,-300000,-300000
058806,道瓊銀統一9B購01,0,0,0,0,0,0,0,0,0,-300000,0,0,0,10000,310000,-300000,-300000
058852,貿聯群益99購04  ,0,0,0,0,0,0,0,0,0,-300000,0,0,0,0,300000,-300000,-300000
058276,道瓊指中信9C購01,0,0,0,0,0,0,0,0,0,-300000,0,0,0,0,300000,-300000,-300000
058106,神達統一98購02  ,0,0,0,0,0,0,0,0,0,-300000,0,0,0,0,300000,-300000,-300000
061905,上証反中信03購01,0,0,0,0,0,0,0,0,0,-300000,0,0,0,0,300000,-300000,-300000
064474,華新科麥證01購01,0,0,0,0,300000,-300000,0,0,0,-300000,0,0,0,0,300000,-300000,-300000
063902,志超群益9C購01  ,0,0,0,0,0,0,0,0,0,-300000,0,0,0,0,300000,-300000,-300000
2049,上銀            ,309215,463000,-153785,0,0,0,0,85000,-85000,-62000,6000,19000,-13000,5000,54000,-49000,-300785
065879,瑞祺群益9C購02  ,0,0,0,0,0,0,0,0,0,-301000,0,0,0,0,301000,-301000,-301000
4414,如興            ,43000,344000,-301000,0,0,0,0,0,0,0,0,0,0,0,0,0,-301000
057888,貿聯群益98購02  ,0,0,0,0,0,0,0,0,0,-302000,0,0,0,26000,328000,-302000,-302000
063572,麗豐元大9B購01  ,0,0,0,0,0,0,0,0,0,-302000,0,0,0,266000,568000,-302000,-302000
063337,國巨統一02購02  ,0,0,0,0,0,0,0,0,0,-302000,0,0,0,30000,332000,-302000,-302000
065873,信邦群益02購01  ,0,0,0,0,0,0,0,0,0,-303000,0,0,0,14000,317000,-303000,-303000
059174,訊芯凱基99購01  ,0,0,0,0,0,0,0,0,0,-303000,0,0,0,117000,420000,-303000,-303000
064747,彩晶國票01購01  ,0,0,0,0,0,0,0,0,0,-304000,0,0,0,0,304000,-304000,-304000
062291,力成富邦9B購01  ,0,0,0,0,0,0,0,0,0,-305000,0,0,0,156000,461000,-305000,-305000
060918,康友國泰9C購01  ,0,0,0,0,0,0,0,0,0,-306000,0,0,0,159000,465000,-306000,-306000
062822,力成兆豐9B購01  ,0,0,0,0,0,0,0,0,0,-306000,0,0,0,20000,326000,-306000,-306000
063413,台積電麥證01購01,0,0,0,0,321000,-321000,0,0,0,-306000,0,0,0,15000,321000,-306000,-306000
07478P,南電康和9A售02  ,0,0,0,0,0,0,0,0,0,-307000,0,0,0,203000,510000,-307000,-307000
08379P,台積電國泰02售02,0,0,0,0,0,0,0,0,0,-309000,0,0,0,1407000,1716000,-309000,-309000
046942,友達元大99購01  ,0,0,0,0,0,0,0,0,0,-310000,0,0,0,312000,622000,-310000,-310000
061813,鴻海群益9B購02  ,0,0,0,0,0,0,0,0,0,-310000,0,0,0,4000,314000,-310000,-310000
065059,神隆群益9C購01  ,0,0,0,0,0,0,0,0,0,-314000,0,0,0,93000,407000,-314000,-314000
065377,群創元大02購02  ,0,0,0,0,0,0,0,0,0,-314000,0,0,0,8000,322000,-314000,-314000
06138P,台積電中信99售01,0,0,0,0,0,0,0,0,0,-314000,0,0,0,23000,337000,-314000,-314000
08470P,世芯凱基9C售02  ,0,0,0,0,0,0,0,0,0,-315000,0,0,0,435000,750000,-315000,-315000
3532,台勝科          ,185000,421000,-236000,0,0,0,0,0,0,-80500,0,37500,-37500,11000,54000,-43000,-316500
058794,旺宏元大99購09  ,0,0,0,0,0,0,0,0,0,-318000,0,0,0,227000,545000,-318000,-318000
07048P,台積電中信03售01,0,0,0,0,0,0,0,0,0,-319000,0,0,0,10000,329000,-319000,-319000
061473,台積電元大9A購33,0,0,0,0,0,0,0,0,0,-320000,0,0,0,1000,321000,-320000,-320000
057552,禾伸堂凱基98購05,0,0,0,0,0,0,0,0,0,-321000,0,0,0,117000,438000,-321000,-321000
08097P,嘉澤永豐9B售03  ,0,0,0,0,0,0,0,0,0,-322000,0,0,0,20000,342000,-322000,-322000
065193,和大元富03購02  ,0,0,0,0,0,0,0,0,0,-322000,0,0,0,193000,515000,-322000,-322000
065099,聯茂元大9C購03  ,0,0,0,0,0,0,0,0,0,-322000,0,0,0,561000,883000,-322000,-322000
05755P,臺股指中信99售04,0,0,0,0,0,0,0,0,0,-322000,0,0,0,0,322000,-322000,-322000
060964,日月光凱基9A購01,0,0,0,0,0,0,0,0,0,-323000,0,0,0,215000,538000,-323000,-323000
063774,GIS富邦9B購02   ,0,0,0,0,0,0,0,0,0,-323000,0,0,0,284000,607000,-323000,-323000
07861P,台灣50中信03售08,0,0,0,0,0,0,0,0,0,-324000,0,0,0,20000,344000,-324000,-324000
060642,華擎永豐9A購02  ,0,0,0,0,0,0,0,0,0,-324000,0,0,0,0,324000,-324000,-324000
061550,聯鈞群益9A購03  ,0,0,0,0,0,0,0,0,0,-325000,0,0,0,511000,836000,-325000,-325000
061069,嘉聯益凱基9A購01,0,0,0,0,0,0,0,0,0,-326000,0,0,0,60000,386000,-326000,-326000
065284,旺宏群益9C購03  ,0,0,0,0,0,0,0,0,0,-327000,0,0,0,43000,370000,-327000,-327000
061048,國巨中信9A購05  ,0,0,0,0,0,0,0,0,0,-327000,0,0,0,10000,337000,-327000,-327000
065756,緯創元大9C購05  ,0,0,0,0,0,0,0,0,0,-328000,0,0,0,153000,481000,-328000,-328000
08553P,嘉澤群益9C售01  ,0,0,0,0,0,0,0,0,0,-328000,0,0,0,20000,348000,-328000,-328000
4142,國光生          ,4861000,5189000,-328000,0,0,0,0,0,0,0,0,0,0,0,0,0,-328000
061593,智原永豐9A購01  ,0,0,0,0,0,0,0,0,0,-329000,0,0,0,533000,862000,-329000,-329000
059294,宏達電元富9B購02,0,0,0,0,0,0,0,0,0,-329000,0,0,0,114000,443000,-329000,-329000
061646,力成元大9A購02  ,0,0,0,0,0,0,0,0,0,-330000,0,0,0,246000,576000,-330000,-330000
08534P,玉晶光元富06售02,0,0,0,0,0,0,0,0,0,-331000,0,0,0,18000,349000,-331000,-331000
061348,聯鈞元大9A購05  ,0,0,0,0,0,0,0,0,0,-331000,0,0,0,4000,335000,-331000,-331000
060432,達方永豐9A購01  ,0,0,0,0,0,0,0,0,0,-331000,0,0,0,90000,421000,-331000,-331000
058397,大成鋼元大99購02,0,0,0,0,0,0,0,0,0,-331000,0,0,0,29000,360000,-331000,-331000
062340,力成麥證9B購01  ,0,0,0,77000,408000,-331000,0,0,0,-331000,0,0,0,77000,408000,-331000,-331000
058807,和大統一9B購01  ,0,0,0,0,0,0,0,0,0,-332000,0,0,0,218000,550000,-332000,-332000
063196,力成元富9B購01  ,0,0,0,0,0,0,0,0,0,-332000,0,0,0,189000,521000,-332000,-332000
9911,櫻花            ,90000,307000,-217000,0,0,0,0,136000,-136000,21000,21000,0,21000,0,0,0,-332000
064867,華新科永豐9C購03,0,0,0,0,0,0,0,0,0,-333000,0,0,0,89000,422000,-333000,-333000
061243,麗豐兆豐9A購01  ,0,0,0,0,0,0,0,0,0,-333000,0,0,0,0,333000,-333000,-333000
2388,威盛            ,326000,707000,-381000,0,0,0,0,0,0,47000,50000,3000,47000,0,0,0,-334000
1701,中化            ,562000,891000,-329000,0,0,0,0,0,0,-6000,0,6000,-6000,0,0,0,-335000
064475,台積電國泰02購03,0,0,0,0,0,0,0,0,0,-335000,0,0,0,864000,1199000,-335000,-335000
065536,健鼎統一02購04  ,0,0,0,0,0,0,0,0,0,-336000,0,0,0,25000,361000,-336000,-336000
056710,漢唐永豐98購01  ,0,0,0,0,0,0,0,0,0,-336000,0,0,0,0,336000,-336000,-336000
064431,台積電凱基01購05,0,0,0,0,0,0,0,0,0,-338000,0,0,0,0,338000,-338000,-338000
058645,康控富邦01購01  ,0,0,0,0,0,0,0,0,0,-339000,0,0,0,516000,855000,-339000,-339000
064999,T50反1國票9C購03,0,0,0,0,0,0,0,0,0,-342000,0,0,0,650000,992000,-342000,-342000
063874,志超永豐9C購01  ,0,0,0,0,0,0,0,0,0,-342000,0,0,0,0,342000,-342000,-342000
060130,瀚宇博永豐99購02,0,0,0,0,0,0,0,0,0,-343000,0,0,0,176000,519000,-343000,-343000
06192P,高股息中信98售01,0,0,0,0,0,0,0,0,0,-345000,0,0,0,0,345000,-345000,-345000
060306,台肥永豐9A購01  ,0,0,0,0,0,0,0,0,0,-347000,0,0,0,247000,594000,-347000,-347000
3704,合勤控          ,298000,593000,-295000,0,0,0,0,0,0,-55000,0,2000,-2000,0,53000,-53000,-350000
06852P,臺股指元大98售11,0,0,0,0,0,0,0,0,0,-351000,0,0,0,170000,521000,-351000,-351000
055026,健和興國泰98購01,0,0,0,0,0,0,0,0,0,-351000,0,0,0,20000,371000,-351000,-351000
061168,力成兆豐9A購01  ,0,0,0,0,0,0,0,0,0,-352000,0,0,0,70000,422000,-352000,-352000
065333,冠德國票01購01  ,5000,0,5000,0,0,0,0,0,0,-359000,0,0,0,10000,369000,-359000,-354000
063138,聯發科統一01購05,0,0,0,0,0,0,0,0,0,-354000,0,0,0,82000,436000,-354000,-354000
063431,神隆元富9B購01  ,0,0,0,0,0,0,0,0,0,-354000,0,0,0,145000,499000,-354000,-354000
065760,和碩元大9C購02  ,0,0,0,0,0,0,0,0,0,-355000,0,0,0,5000,360000,-355000,-355000
063641,泰鼎元大9B購04  ,0,0,0,0,0,0,0,0,0,-355000,0,0,0,590000,945000,-355000,-355000
4943,康控-KY         ,313000,512000,-199000,0,0,0,0,0,0,-156000,0,0,0,56000,212000,-156000,-355000
056699,光罩國泰99購01  ,0,0,0,0,0,0,0,0,0,-356000,0,0,0,415000,771000,-356000,-356000
3005,神基            ,310000,515000,-205000,0,0,0,2000,0,2000,-153000,0,16000,-16000,33000,170000,-137000,-356000
3708,上緯投控        ,264000,669000,-405000,0,0,0,0,0,0,48000,0,0,0,50000,2000,48000,-357000
063204,高鐵統一9C購01  ,0,0,0,0,0,0,0,0,0,-358000,0,0,0,101000,459000,-358000,-358000
5243,乙盛-KY         ,88000,435000,-347000,0,0,0,0,4000,-4000,-7150,0,7150,-7150,0,0,0,-358150
065372,漢唐元大9C購02  ,0,0,0,0,0,0,0,0,0,-359000,0,0,0,125000,484000,-359000,-359000
061701,友達國票9B購02  ,0,0,0,0,0,0,0,0,0,-359000,0,0,0,40000,399000,-359000,-359000
064522,華擎群益01購01  ,0,0,0,0,0,0,0,0,0,-361000,0,0,0,50000,411000,-361000,-361000
063377,泰鼎永豐9B購03  ,0,0,0,0,0,0,0,0,0,-363000,0,0,0,92000,455000,-363000,-363000
2855,統一證          ,13000,359000,-346000,0,0,0,0,18000,-18000,0,0,0,0,0,0,0,-364000
060390,聯鈞群益9A購01  ,0,0,0,0,0,0,0,0,0,-366000,0,0,0,246000,612000,-366000,-366000
00640L,富邦日本正2     ,0,0,0,0,0,0,0,0,0,-369000,0,0,0,30000,399000,-369000,-369000
057203,麗豐元富98購02  ,0,0,0,0,0,0,0,0,0,-370000,0,0,0,20000,390000,-370000,-370000
2548,華固            ,239000,628000,-389000,0,0,0,2000,0,2000,17000,19000,2000,17000,0,0,0,-370000
062908,晶豪科元大9B購03,0,0,0,0,0,0,0,0,0,-371000,0,0,0,484000,855000,-371000,-371000
064415,群創麥證9C購01  ,0,0,0,60000,432000,-372000,0,0,0,-372000,0,0,0,60000,432000,-372000,-372000
062886,中興電群益9B購01,0,0,0,0,0,0,0,0,0,-373000,0,0,0,421000,794000,-373000,-373000
053282,彩晶元大9C購01  ,0,0,0,0,0,0,0,0,0,-374000,0,0,0,0,374000,-374000,-374000
061844,T50反1國票9C購02,0,0,0,0,0,0,0,0,0,-375000,0,0,0,100000,475000,-375000,-375000
060716,新唐永豐9A購01  ,0,0,0,0,0,0,0,0,0,-377000,0,0,0,135000,512000,-377000,-377000
064775,和大群益01購01  ,0,0,0,0,0,0,0,0,0,-377000,0,0,0,180000,557000,-377000,-377000
07906P,中租群益9B售02  ,0,0,0,0,0,0,0,0,0,-378000,0,0,0,20000,398000,-378000,-378000
060668,上証2X元大9A購02,0,0,0,0,0,0,0,0,0,-380000,0,0,0,0,380000,-380000,-380000
061451,南電中信9A購03  ,0,0,0,0,0,0,0,0,0,-380000,0,0,0,277000,657000,-380000,-380000
064409,彩晶凱基04購01  ,0,0,0,0,0,0,0,0,0,-380000,0,0,0,0,380000,-380000,-380000
059091,中信金元大99購01,0,0,0,0,0,0,0,0,0,-383000,0,0,0,102000,485000,-383000,-383000
056459,茂林凱基99購01  ,0,0,0,0,0,0,0,0,0,-384000,0,0,0,165000,549000,-384000,-384000
057941,聯電國票99購01  ,0,0,0,0,0,0,0,0,0,-385000,0,0,0,88000,473000,-385000,-385000
062102,T50反1國票9B購07,0,0,0,0,0,0,0,0,0,-385000,0,0,0,0,385000,-385000,-385000
065289,冠德群益9C購01  ,0,0,0,0,0,0,0,0,0,-389000,0,0,0,32000,421000,-389000,-389000
065306,泰鼎元富9C購02  ,0,0,0,0,0,0,0,0,0,-389000,0,0,0,321000,710000,-389000,-389000
063398,信邦群益9B購02  ,0,0,0,0,0,0,0,0,0,-389000,0,0,0,40000,429000,-389000,-389000
065362,華通元大9C購06  ,0,0,0,0,0,0,0,0,0,-390000,0,0,0,20000,410000,-390000,-390000
056774,和鑫元大98購01  ,0,0,0,0,0,0,0,0,0,-390000,0,0,0,20000,410000,-390000,-390000
058615,矽創元大99購01  ,0,0,0,0,0,0,0,0,0,-390000,0,0,0,437000,827000,-390000,-390000
062849,中興電永豐9B購02,0,0,0,0,0,0,0,0,0,-391000,0,0,0,0,391000,-391000,-391000
9938,百和            ,269000,385000,-116000,0,0,0,0,220000,-220000,-55000,2000,6000,-4000,0,51000,-51000,-391000
058313,台積電富邦9B購04,0,0,0,0,0,0,0,0,0,-392000,0,0,0,4000,396000,-392000,-392000
059068,台虹國票9A購01  ,0,0,0,0,0,0,0,0,0,-392000,0,0,0,119000,511000,-392000,-392000
064797,道瓊反元大01購01,0,0,0,0,0,0,0,0,0,-393000,0,0,0,7000,400000,-393000,-393000
064804,英業達元大9C購01,0,0,0,0,0,0,0,0,0,-394000,0,0,0,700000,1094000,-394000,-394000
064808,國產元大9C購02  ,0,0,0,0,0,0,0,0,0,-394000,0,0,0,122000,516000,-394000,-394000
065097,貿聯元大9C購04  ,0,10000,-10000,0,0,0,0,0,0,-384000,0,0,0,261000,645000,-384000,-394000
07646P,世芯元大9A售04  ,0,0,0,0,0,0,0,0,0,-394000,0,0,0,0,394000,-394000,-394000
061986,晶豪科元大9B購01,0,0,0,0,0,0,0,0,0,-394000,0,0,0,263000,657000,-394000,-394000
07791P,奇鋐元大9A售02  ,0,0,0,0,0,0,0,0,0,-397000,0,0,0,0,397000,-397000,-397000
063062,群創元富9B購01  ,0,0,0,0,0,0,0,0,0,-397000,0,0,0,43000,440000,-397000,-397000
05644P,大立光中信9A售03,0,0,0,0,0,0,0,0,0,-398000,0,0,0,168000,566000,-398000,-398000
060303,宏達電富邦9B購01,0,0,0,0,0,0,0,0,0,-399000,0,0,0,81000,480000,-399000,-399000
064821,聯電統一02購01  ,0,0,0,0,0,0,0,0,0,-400000,0,0,0,195000,595000,-400000,-400000
054558,劍麟群益99購01  ,0,0,0,0,0,0,0,0,0,-400000,0,0,0,0,400000,-400000,-400000
062549,中租永豐9B購01  ,0,0,0,0,0,0,0,0,0,-400000,0,0,0,146000,546000,-400000,-400000
064412,緯穎凱基01購01  ,0,0,0,0,0,0,0,0,0,-400000,0,0,0,224000,624000,-400000,-400000
05693P,滬深2X凱基98售02,0,0,0,0,0,0,0,0,0,-401000,0,0,0,0,401000,-401000,-401000
064531,旭富兆豐9C購01  ,0,0,0,0,0,0,0,0,0,-401000,0,0,0,862000,1263000,-401000,-401000
065525,瑞儀群益01購01  ,0,0,0,0,0,0,0,0,0,-402000,0,0,0,269000,671000,-402000,-402000
061227,日月光中信9B購01,0,0,0,0,0,0,0,0,0,-402000,0,0,0,267000,669000,-402000,-402000
065565,神隆群益01購01  ,0,0,0,0,0,0,0,0,0,-403000,0,0,0,162000,565000,-403000,-403000
064724,健鼎統一02購02  ,0,0,0,0,0,0,0,0,0,-405000,0,0,0,350000,755000,-405000,-405000
060562,旺宏富邦9C購02  ,0,0,0,0,0,0,0,0,0,-406000,0,0,0,84000,490000,-406000,-406000
064368,日月光統一01購01,0,0,0,0,0,0,0,0,0,-406000,0,0,0,329000,735000,-406000,-406000
057960,聯鈞元大98購02  ,0,0,0,0,0,0,0,0,0,-407000,0,0,0,123000,530000,-407000,-407000
058568,宏達電凱基9A購02,0,0,0,0,0,0,0,0,0,-408000,0,0,0,4000,412000,-408000,-408000
06696P,台灣50國票99售01,0,0,0,0,0,0,0,0,0,-410000,0,0,0,200000,610000,-410000,-410000
065380,緯穎元大9C購02  ,0,0,0,0,0,0,0,0,0,-410000,0,0,0,139000,549000,-410000,-410000
07820P,臺股指國票9A售11,0,0,0,0,0,0,0,0,0,-410000,0,0,0,0,410000,-410000,-410000
061212,聯鈞元大9A購04  ,0,0,0,0,0,0,0,0,0,-410000,0,0,0,134000,544000,-410000,-410000
058547,世紀鋼富邦9A購01,0,0,0,0,0,0,0,0,0,-411000,0,0,0,0,411000,-411000,-411000
060121,新光金富邦99購01,0,0,0,0,0,0,0,0,0,-413000,0,0,0,87000,500000,-413000,-413000
062698,台積電元大01購01,0,0,0,0,0,0,0,0,0,-414000,0,0,0,234000,648000,-414000,-414000
063993,華通群益01購01  ,0,0,0,0,0,0,0,0,0,-415000,0,0,0,0,415000,-415000,-415000
4977,眾達-KY         ,275000,1062000,-787000,0,0,0,390000,15000,375000,-3058,0,3058,-3058,0,0,0,-415058
062608,智易凱基9B購01  ,0,0,0,0,0,0,0,0,0,-416000,0,0,0,25000,441000,-416000,-416000
064204,瑞儀兆豐01購01  ,0,0,0,0,0,0,0,0,0,-418000,0,0,0,486000,904000,-418000,-418000
052542,友達元富98購01  ,0,0,0,0,0,0,0,0,0,-419000,0,0,0,40000,459000,-419000,-419000
065896,智易統一02購01  ,0,0,0,0,0,0,0,0,0,-420000,0,0,0,0,420000,-420000,-420000
061121,智邦永豐9A購02  ,0,0,0,0,0,0,0,0,0,-420000,0,0,0,339000,759000,-420000,-420000
3682,亞太電          ,438379,859000,-420621,0,0,0,0,0,0,0,0,0,0,0,0,0,-420621
06731P,聯茂元大98售05  ,0,0,0,0,0,0,0,0,0,-422000,0,0,0,0,422000,-422000,-422000
060763,聯鈞元大9A購03  ,0,0,0,0,0,0,0,0,0,-422000,0,0,0,82000,504000,-422000,-422000
00654R,富邦印度反1     ,0,158000,-158000,0,0,0,0,0,0,-264000,0,0,0,0,264000,-264000,-422000
064240,群創統一02購02  ,0,0,0,0,0,0,0,0,0,-428000,0,0,0,0,428000,-428000,-428000
065709,瀚宇博群益9C購01,0,0,0,0,0,0,0,0,0,-429000,0,0,0,218000,647000,-429000,-429000
065220,義隆富邦01購02  ,0,0,0,0,0,0,0,0,0,-430000,0,0,0,193000,623000,-430000,-430000
065477,健鼎元大9C購03  ,0,0,0,0,0,0,0,0,0,-431000,0,0,0,57000,488000,-431000,-431000
061900,志超永豐9B購01  ,0,0,0,0,0,0,0,0,0,-432000,0,0,0,0,432000,-432000,-432000
065390,達新群益9C購02  ,0,0,0,0,0,0,0,0,0,-436000,0,0,0,0,436000,-436000,-436000
2308,台達電          ,4202011,3725500,476511,0,0,0,0,653000,-653000,-260000,222000,413000,-191000,16000,85000,-69000,-436489
059351,台虹凱基99購01  ,0,0,0,0,0,0,0,0,0,-438000,0,0,0,75000,513000,-438000,-438000
06824P,台灣50國票99售02,0,0,0,0,0,0,0,0,0,-439000,0,0,0,106000,545000,-439000,-439000
060158,廣達永豐9A購01  ,0,0,0,0,0,0,0,0,0,-440000,0,0,0,348000,788000,-440000,-440000
058250,台虹元大99購01  ,0,0,0,0,0,0,0,0,0,-441000,0,0,0,81000,522000,-441000,-441000
056894,佳世達元大99購01,0,0,0,0,0,0,0,0,0,-444000,0,0,0,10000,454000,-444000,-444000
065727,冠德凱基9C購01  ,0,0,0,0,0,0,0,0,0,-448000,0,0,0,44000,492000,-448000,-448000
9933,中鼎            ,295000,596000,-301000,0,0,0,0,0,0,-148000,0,0,0,0,148000,-148000,-449000
056994,緯穎兆豐98購02  ,0,0,0,0,0,0,0,0,0,-451000,0,0,0,223000,674000,-451000,-451000
061006,新光金兆豐9A購01,0,0,0,0,0,0,0,0,0,-455000,0,0,0,110000,565000,-455000,-455000
059293,宏達電元富9B購01,0,0,0,0,0,0,0,0,0,-455000,0,0,0,37000,492000,-455000,-455000
058554,瀚宇博永豐99購01,0,0,0,0,0,0,0,0,0,-456000,0,0,0,10000,466000,-456000,-456000
065974,智原元大01購01  ,0,0,0,0,0,0,0,0,0,-459000,0,0,0,260000,719000,-459000,-459000
062991,台光電群益9B購03,0,0,0,0,0,0,0,0,0,-461000,0,0,0,105000,566000,-461000,-461000
065267,聯鈞元大9C購02  ,0,0,0,0,0,0,0,0,0,-464000,0,0,0,50000,514000,-464000,-464000
062033,瀚宇博群益9B購01,0,0,0,0,0,0,0,0,0,-468000,0,0,0,805000,1273000,-468000,-468000
063581,同欣電國泰9C購01,0,0,0,0,0,0,0,0,0,-472000,0,0,0,189000,661000,-472000,-472000
064719,聯發科統一02購01,0,0,0,0,0,0,0,0,0,-476000,0,0,0,1095000,1571000,-476000,-476000
062405,泰鼎永豐9B購02  ,0,0,0,0,0,0,0,0,0,-480000,0,0,0,10000,490000,-480000,-480000
2809,京城銀          ,273000,620000,-347000,0,0,0,0,6000,-6000,-129000,90000,0,90000,0,219000,-219000,-482000
063661,聚陽統一9C購02  ,0,0,0,0,0,0,0,0,0,-486000,0,0,0,495000,981000,-486000,-486000
065855,瀚宇博元大9C購03,0,0,0,0,0,0,0,0,0,-489000,0,0,0,356000,845000,-489000,-489000
061716,瑞儀凱基9B購01  ,0,0,0,0,0,0,0,0,0,-490000,0,0,0,68000,558000,-490000,-490000
064375,智邦元富03購01  ,0,0,0,0,0,0,0,0,0,-491000,0,0,0,89000,580000,-491000,-491000
060564,南亞科富邦9C購01,0,0,0,0,0,0,0,0,0,-492000,0,0,0,0,492000,-492000,-492000
057544,鴻海凱基02購01  ,0,0,0,0,0,0,0,0,0,-494000,0,0,0,130000,624000,-494000,-494000
064485,儒鴻元大01購01  ,0,0,0,0,0,0,0,0,0,-494000,0,0,0,92000,586000,-494000,-494000
07149P,健鼎元大99售03  ,0,0,0,0,0,0,0,0,0,-499000,0,0,0,0,499000,-499000,-499000
059676,台積電台新99購05,0,0,0,0,0,0,0,0,0,-499000,0,0,0,0,499000,-499000,-499000
061970,大立光統一9C購03,0,0,0,0,0,0,0,0,0,-499000,0,0,0,0,499000,-499000,-499000
060506,京元電元大9A購02,0,30000,-30000,0,0,0,0,0,0,-471000,0,0,0,311000,782000,-471000,-501000
08452P,智邦台新9C售05  ,0,0,0,0,0,0,0,0,0,-502000,0,0,0,0,502000,-502000,-502000
064796,緯穎國票01購01  ,0,0,0,0,0,0,0,0,0,-502000,0,0,0,87000,589000,-502000,-502000
058338,康友元富99購01  ,0,0,0,0,0,0,0,0,0,-502000,0,0,0,51000,553000,-502000,-502000
064676,聚陽兆豐9C購01  ,0,0,0,0,0,0,0,0,0,-502000,0,0,0,108000,610000,-502000,-502000
2439,美律            ,1050000,1469000,-419000,0,0,0,0,0,0,-83052,83000,4052,78948,38000,200000,-162000,-502052
08246P,亞德客群益01售01,0,0,0,0,0,0,0,0,0,-509000,0,0,0,59000,568000,-509000,-509000
07486P,上証2X國票9B售02,0,0,0,0,0,0,0,0,0,-509000,0,0,0,0,509000,-509000,-509000
063260,信邦富邦9B購01  ,0,0,0,0,0,0,0,0,0,-510000,0,0,0,205000,715000,-510000,-510000
057287,彩晶元大9C購03  ,0,0,0,0,0,0,0,0,0,-513000,0,0,0,0,513000,-513000,-513000
063585,台積電永豐9B購03,0,0,0,0,0,0,0,0,0,-515000,0,0,0,205000,720000,-515000,-515000
4961,天鈺            ,417000,933000,-516000,0,0,0,0,0,0,-2000,0,2000,-2000,0,0,0,-518000
6504,南六            ,173000,197000,-24000,0,0,0,0,497000,-497000,3000,10000,16000,-6000,25000,16000,9000,-518000
1608,華榮            ,80000,605000,-525000,0,0,0,0,0,0,6000,6000,0,6000,0,0,0,-519000
057298,旭富永豐98購01  ,0,0,0,0,0,0,0,0,0,-520000,0,0,0,190000,710000,-520000,-520000
057393,台積電中信02購01,0,0,0,0,0,0,0,0,0,-521000,0,0,0,274000,795000,-521000,-521000
2723,美食-KY         ,240000,221000,19000,0,0,0,0,538000,-538000,-2000,0,0,0,0,2000,-2000,-521000
058525,台虹元大99購02  ,0,0,0,0,0,0,0,0,0,-523000,0,0,0,0,523000,-523000,-523000
065349,玉晶光統一9C購05,0,0,0,0,0,0,0,0,0,-524000,0,0,0,479000,1003000,-524000,-524000
057515,智原元富98購02  ,0,0,0,0,0,0,0,0,0,-528000,0,0,0,5000,533000,-528000,-528000
065614,緯穎元大01購02  ,0,0,0,0,0,0,0,0,0,-530000,0,0,0,264000,794000,-530000,-530000
054872,瀚宇博群益98購01,0,0,0,0,0,0,0,0,0,-530000,0,0,0,0,530000,-530000,-530000
056290,正文永豐98購01  ,0,0,0,0,0,0,0,0,0,-536000,0,0,0,0,536000,-536000,-536000
060468,聯鈞元大9A購02  ,0,0,0,0,0,0,0,0,0,-543000,0,0,0,18000,561000,-543000,-543000
2455,全新            ,450000,801000,-351000,0,0,0,0,0,0,-192000,7000,3000,4000,125000,321000,-196000,-543000
3406,玉晶光          ,757000,1208000,-451000,0,0,0,25000,51000,-26000,-66000,105000,116000,-11000,35000,90000,-55000,-543000
2489,瑞軒            ,68000,585000,-517000,0,0,0,0,0,0,-31000,0,31000,-31000,0,0,0,-548000
046881,智原富邦99購01  ,0,0,0,0,0,0,0,0,0,-549000,0,0,0,134000,683000,-549000,-549000
059396,T50反1元富99購04,0,0,0,0,0,0,0,0,0,-554000,0,0,0,500000,1054000,-554000,-554000
056138,群創元大9B購01  ,0,0,0,0,0,0,0,0,0,-556000,0,0,0,4000,560000,-556000,-556000
058537,彩晶統一9B購01  ,0,0,0,0,0,0,0,0,0,-557000,0,0,0,50000,607000,-557000,-557000
061720,智邦國泰9C購01  ,0,0,0,0,0,0,0,0,0,-563000,0,0,0,397000,960000,-563000,-563000
00656R,國泰中國A50反1  ,0,12000,-12000,0,0,0,0,0,0,-552000,0,0,0,35000,587000,-552000,-564000
1762,中化生          ,512000,1081518,-569518,0,0,0,0,0,0,2000,2000,0,2000,0,0,0,-567518
03875P,滬深2X國票05售01,0,0,0,0,0,0,0,0,0,-568000,0,0,0,1000,569000,-568000,-568000
00738U,元大道瓊白銀    ,22000,18000,4000,0,0,0,0,0,0,-574000,0,0,0,1027000,1601000,-574000,-570000
063051,仁寶統一01購01  ,0,0,0,0,0,0,0,0,0,-570000,0,0,0,544000,1114000,-570000,-570000
062203,燿華國票9C購01  ,0,0,0,0,0,0,0,0,0,-572000,0,0,0,0,572000,-572000,-572000
063195,訊連元富9B購01  ,0,0,0,0,0,0,0,0,0,-575000,0,0,0,211000,786000,-575000,-575000
063393,華通群益9C購05  ,0,0,0,0,0,0,0,0,0,-577000,0,0,0,62000,639000,-577000,-577000
065749,友訊元大9C購03  ,0,0,0,0,0,0,0,0,0,-580000,0,0,0,80000,660000,-580000,-580000
03840P,台積電統一99售02,0,0,0,0,0,0,0,0,0,-581000,0,0,0,0,581000,-581000,-581000
3481,群創            ,32094497,29978568,2115929,0,0,0,0,7000000,-7000000,4301107,916000,57893,858107,3651000,208000,3443000,-582964
064303,新光金兆豐01購01,0,0,0,0,0,0,0,0,0,-583000,0,0,0,17000,600000,-583000,-583000
06878P,台灣50日盛9B售01,0,0,0,0,0,0,0,0,0,-585000,0,0,0,0,585000,-585000,-585000
064167,緯穎統一01購03  ,0,0,0,0,0,0,0,0,0,-586000,0,0,0,216000,802000,-586000,-586000
058616,台虹元大9A購01  ,0,0,0,0,0,0,0,0,0,-588000,0,0,0,0,588000,-588000,-588000
060308,劍麟永豐9A購01  ,0,0,0,0,0,0,0,0,0,-592000,0,0,0,235000,827000,-592000,-592000
07830P,牧德凱基9A售03  ,0,0,0,0,0,0,0,0,0,-597000,0,0,0,10000,607000,-597000,-597000
07307P,上証2X凱基9A售02,0,0,0,0,0,0,0,0,0,-599000,0,0,0,998000,1597000,-599000,-599000
058928,國巨統一9C購01  ,0,0,0,0,0,0,0,0,0,-599000,0,0,0,1236000,1835000,-599000,-599000
00715L,街口布蘭特油正2 ,0,0,0,0,0,0,0,0,0,-600000,0,0,0,0,600000,-600000,-600000
056413,上証反中信9A購01,0,0,0,0,0,0,0,0,0,-600000,0,0,0,0,600000,-600000,-600000
07089P,臺指2X中信01售01,0,0,0,0,0,0,0,0,0,-601000,0,0,0,20000,621000,-601000,-601000
1409,新纖            ,1386000,1988000,-602000,0,0,0,0,0,0,0,0,0,0,0,0,0,-602000
063542,泰鼎元富9B購02  ,0,0,0,0,0,0,0,0,0,-605000,0,0,0,366000,971000,-605000,-605000
064898,國產群益9C購01  ,0,0,0,0,0,0,0,0,0,-609000,0,0,0,219000,828000,-609000,-609000
065498,台積電富邦04購02,0,0,0,0,0,0,0,0,0,-610000,0,0,0,140000,750000,-610000,-610000
064058,儒鴻麥證01購01  ,0,0,0,0,612000,-612000,0,0,0,-612000,0,0,0,0,612000,-612000,-612000
06836P,玉晶光國票99售06,0,0,0,0,0,0,0,0,0,-614000,0,0,0,346000,960000,-614000,-614000
065271,日月光元大9C購02,0,0,0,0,0,0,0,0,0,-615000,0,0,0,290000,905000,-615000,-615000
064978,群創元大9C購07  ,0,0,0,0,0,0,0,0,0,-626000,0,0,0,8000,634000,-626000,-626000
050077,臺股指凱基99購02,0,0,0,0,0,0,0,0,0,-630000,0,0,0,100000,730000,-630000,-630000
063252,緯穎元大9B購07  ,0,0,0,0,0,0,0,0,0,-630000,0,0,0,152000,782000,-630000,-630000
057485,友達元大9C購04  ,0,0,0,0,0,0,0,0,0,-631000,0,0,0,0,631000,-631000,-631000
060314,元翎永豐9A購01  ,0,0,0,0,0,0,0,0,0,-633000,0,0,0,258000,891000,-633000,-633000
065305,泰鼎元富9C購01  ,0,0,0,0,0,0,0,0,0,-634000,0,0,0,379000,1013000,-634000,-634000
065214,友達國泰01購01  ,0,0,0,0,0,0,0,0,0,-635000,0,0,0,51000,686000,-635000,-635000
061102,台積電元大9A購22,0,0,0,0,0,0,0,0,0,-637000,0,0,0,0,637000,-637000,-637000
063895,新光金群益01購01,0,0,0,0,0,0,0,0,0,-640000,0,0,0,12000,652000,-640000,-640000
065531,聯電統一01購01  ,0,0,0,0,0,0,0,0,0,-642000,0,0,0,250000,892000,-642000,-642000
2498,宏達電          ,1070000,1867000,-797000,0,0,0,0,0,0,152000,68000,64000,4000,182000,34000,148000,-645000
1434,福懋            ,1307658,1679000,-371342,0,0,0,0,4000,-4000,-275000,0,12000,-12000,0,263000,-263000,-650342
061595,智易永豐9A購02  ,0,0,0,0,0,0,0,0,0,-656000,0,0,0,0,656000,-656000,-656000
060028,國揚永豐99購01  ,0,0,0,0,0,0,0,0,0,-661000,0,0,0,85000,746000,-661000,-661000
062426,大立光統一02購02,0,0,0,0,0,0,0,0,0,-661000,0,0,0,30000,691000,-661000,-661000
060283,台肥元大9C購01  ,0,0,0,0,0,0,0,0,0,-662000,0,0,0,260000,922000,-662000,-662000
2812,台中銀          ,107000,710490,-603490,0,0,0,0,58861,-58861,0,0,0,0,0,0,0,-662351
054803,味全元大9A購01  ,0,0,0,0,0,0,0,0,0,-663000,0,0,0,10000,673000,-663000,-663000
065851,京鼎元大02購01  ,0,50000,-50000,0,0,0,0,0,0,-617000,0,0,0,331000,948000,-617000,-667000
9958,世紀鋼          ,131000,587000,-456000,0,0,0,0,0,0,-212000,10000,143000,-133000,46000,125000,-79000,-668000
1720,生達            ,157000,835000,-678000,0,0,0,3000,0,3000,0,0,0,0,0,0,0,-675000
065806,貿聯群益9C購05  ,0,0,0,0,0,0,0,0,0,-677000,0,0,0,0,677000,-677000,-677000
061427,旭富元大9A購02  ,0,0,0,0,0,0,0,0,0,-680000,0,0,0,293000,973000,-680000,-680000
059975,元金2X元大99購02,0,0,0,0,0,0,0,0,0,-687000,0,0,0,0,687000,-687000,-687000
065403,健鼎國泰02購01  ,0,0,0,0,0,0,0,0,0,-689000,0,0,0,232000,921000,-689000,-689000
060937,T50反1國票9A購10,0,0,0,0,0,0,0,0,0,-690000,0,0,0,200000,890000,-690000,-690000
060157,致茂永豐9A購02  ,0,0,0,0,0,0,0,0,0,-694000,0,0,0,247000,941000,-694000,-694000
065497,台積電富邦03購03,0,0,0,0,0,0,0,0,0,-698000,0,0,0,105000,803000,-698000,-698000
08464P,牧德永豐9C售02  ,0,0,0,0,0,0,0,0,0,-699000,0,0,0,0,699000,-699000,-699000
063777,儒鴻永豐9B購02  ,0,0,0,0,0,0,0,0,0,-700000,0,0,0,0,700000,-700000,-700000
2027,大成鋼          ,582000,1300000,-718000,0,0,0,0,0,0,17000,2000,0,2000,34000,19000,15000,-701000
062416,和大統一01購02  ,0,0,0,0,0,0,0,0,0,-706000,0,0,0,308000,1014000,-706000,-706000
056638,臺股指日盛98購01,0,0,0,0,0,0,0,0,0,-714000,0,0,0,252000,966000,-714000,-714000
2102,泰豐            ,227000,930000,-703000,0,0,0,0,0,0,-11000,0,11000,-11000,0,0,0,-714000
058648,聯陽永豐99購01  ,0,0,0,0,0,0,0,0,0,-716000,0,0,0,198000,914000,-716000,-716000
057973,神達富邦9A購01  ,0,0,0,0,0,0,0,0,0,-721000,0,0,0,16000,737000,-721000,-721000
065603,聯發科元大9C購16,0,0,0,0,0,0,0,0,0,-723000,0,0,0,13000,736000,-723000,-723000
065792,TPK永豐9C購02   ,0,0,0,0,0,0,0,0,0,-737000,0,0,0,78000,815000,-737000,-737000
059581,日月光元富99購02,0,0,0,0,0,0,0,0,0,-738000,0,0,0,287000,1025000,-738000,-738000
061563,群創國票9B購02  ,0,0,0,0,0,0,0,0,0,-746000,0,0,0,0,746000,-746000,-746000
064318,彩晶群益9C購01  ,0,0,0,0,0,0,0,0,0,-747000,0,0,0,0,747000,-747000,-747000
3653,健策            ,302000,596000,-294000,0,0,0,0,365000,-365000,-90000,13000,37000,-24000,9000,75000,-66000,-749000
08554P,玉晶光國票01售06,0,0,0,0,0,0,0,0,0,-754000,0,0,0,541000,1295000,-754000,-754000
057451,大立光元富9B購01,0,0,0,0,0,0,0,0,0,-761000,0,0,0,79000,840000,-761000,-761000
057354,聯鈞統一99購03  ,0,0,0,0,0,0,0,0,0,-763000,0,0,0,131000,894000,-763000,-763000
055497,開發金元大97購01,0,0,0,0,0,0,0,0,0,-770000,0,0,0,0,770000,-770000,-770000
056146,台虹元大98購01  ,0,0,0,0,0,0,0,0,0,-775000,0,0,0,0,775000,-775000,-775000
063477,訊芯元大9B購01  ,0,0,0,0,0,0,0,0,0,-777000,0,0,0,188000,965000,-777000,-777000
064386,友達富邦01購01  ,0,0,0,0,0,0,0,0,0,-781000,0,0,0,155000,936000,-781000,-781000
00648R,元大S&P500反1   ,0,0,0,0,0,0,0,0,0,-784000,0,0,0,53000,837000,-784000,-784000
057642,南亞科元大98購07,0,0,0,0,0,0,0,0,0,-790000,0,0,0,0,790000,-790000,-790000
061084,京元電兆豐9A購02,0,0,0,0,0,0,0,0,0,-793000,0,0,0,133000,926000,-793000,-793000
062655,漢唐永豐9B購01  ,0,0,0,0,0,0,0,0,0,-796000,0,0,0,209000,1005000,-796000,-796000
065366,英業達元大9C購02,0,0,0,0,0,0,0,0,0,-805000,0,0,0,747000,1552000,-805000,-805000
1515,力山            ,1247040,1734000,-486960,0,0,0,0,268000,-268000,-59000,39000,36000,3000,36000,98000,-62000,-813960
07426P,上証2X國票9B售01,0,0,0,0,0,0,0,0,0,-817000,0,0,0,499000,1316000,-817000,-817000
063491,國巨富邦02購02  ,0,0,0,0,0,0,0,0,0,-817000,0,0,0,50000,867000,-817000,-817000
065078,台積電元大02購01,0,0,0,0,0,0,0,0,0,-824000,0,0,0,58000,882000,-824000,-824000
3034,聯詠            ,1014502,1969000,-954498,0,0,0,113000,1000,112000,14000,85000,1000,84000,57000,127000,-70000,-828498
064301,漢唐兆豐01購01  ,0,0,0,0,0,0,0,0,0,-829000,0,0,0,52000,881000,-829000,-829000
058270,上緯控永豐99購01,0,0,0,0,0,0,0,0,0,-838000,0,0,0,425000,1263000,-838000,-838000
6285,啟碁            ,279000,1173000,-894000,0,0,0,0,0,0,45000,57000,3000,54000,0,9000,-9000,-849000
056219,T50反1日盛02購01,0,0,0,0,0,0,0,0,0,-853000,0,0,0,0,853000,-853000,-853000
00830,國泰費城半導體  ,1000,681000,-680000,0,0,0,0,0,0,-175000,0,0,0,491000,666000,-175000,-855000
063973,緯穎國票9C購01  ,0,0,0,0,0,0,0,0,0,-864000,0,0,0,115000,979000,-864000,-864000
058209,臺股指凱基01購01,0,0,0,0,0,0,0,0,0,-865000,0,0,0,720000,1585000,-865000,-865000
6278,台表科          ,861000,1627000,-766000,0,0,0,308000,325000,-17000,-82392,102000,104392,-2392,13000,93000,-80000,-865392
061157,聯鈞群益9A購02  ,0,0,0,0,0,0,0,0,0,-869000,0,0,0,60000,929000,-869000,-869000
056688,聯詠統一98購01  ,0,0,0,0,0,0,0,0,0,-871000,0,0,0,132000,1003000,-871000,-871000
2408,南亞科          ,2684067,2649000,35067,0,0,0,247000,682000,-435000,-474000,110000,496000,-386000,104000,192000,-88000,-873933
07597P,臺股指中信01售02,0,0,0,0,0,0,0,0,0,-879000,0,0,0,1042000,1921000,-879000,-879000
2885,元大金          ,8633105,9509000,-875895,0,0,0,0,47000,-47000,32000,50000,13000,37000,0,5000,-5000,-890895
064107,友達兆豐01購01  ,0,0,0,0,0,0,0,0,0,-891000,0,0,0,11000,902000,-891000,-891000
3049,和鑫            ,2027000,2915000,-888000,0,0,0,0,0,0,-4000,0,4000,-4000,0,0,0,-892000
5880,合庫金          ,3664867,4507500,-842633,0,0,0,0,27000,-27000,-26000,0,26000,-26000,0,0,0,-895633
00650L,FH香港正2       ,46000,45000,1000,0,0,0,0,0,0,-900000,0,0,0,1398000,2298000,-900000,-899000
063656,台光電元富03購01,0,0,0,0,0,0,0,0,0,-900000,0,0,0,535000,1435000,-900000,-900000
064221,華通國票01購01  ,0,0,0,0,0,0,0,0,0,-902000,0,0,0,33000,935000,-902000,-902000
4915,致伸            ,614000,1723893,-1109893,0,0,0,300000,0,300000,-94000,0,5000,-5000,20000,109000,-89000,-903893
058104,國巨統一9A購04  ,0,0,0,0,0,0,0,0,0,-904000,0,0,0,0,904000,-904000,-904000
3047,訊舟            ,143000,1054000,-911000,0,0,0,0,0,0,0,0,0,0,0,0,0,-911000
3003,健和興          ,598000,1524000,-926000,0,0,0,0,0,0,15000,0,1000,-1000,40000,24000,16000,-911000
064173,國產元富9C購01  ,0,0,0,0,0,0,0,0,0,-920000,0,0,0,381000,1301000,-920000,-920000
056584,鴻海統一9B購01  ,0,0,0,0,0,0,0,0,0,-926000,0,0,0,1339000,2265000,-926000,-926000
3563,牧德            ,48000,355000,-307000,0,0,0,0,554000,-554000,-75000,0,7000,-7000,11000,79000,-68000,-936000
00712,FH富時不動產    ,13000,723000,-710000,0,0,0,0,0,0,-230000,0,0,0,170000,400000,-230000,-940000
057953,聚陽元大98購01  ,0,0,0,0,0,0,0,0,0,-943000,0,0,0,713000,1656000,-943000,-943000
059040,訊芯群益99購03  ,0,0,0,0,0,0,0,0,0,-949000,0,0,0,5000,954000,-949000,-949000
6456,GIS-KY          ,482000,999000,-517000,0,0,0,0,93000,-93000,-349000,25000,0,25000,21000,395000,-374000,-959000
065315,玉晶光中信03購02,0,0,0,0,0,0,0,0,0,-964000,0,0,0,666000,1630000,-964000,-964000
1605,華新            ,484000,792000,-308000,0,0,0,0,3000,-3000,-656000,0,6000,-6000,44000,694000,-650000,-967000
3035,智原            ,1866000,2842000,-976000,0,0,0,100000,0,100000,-114000,84000,344000,-260000,482000,336000,146000,-990000
058899,旺宏元大99購10  ,0,0,0,0,0,0,0,0,0,-993000,0,0,0,108000,1101000,-993000,-993000
057578,可成中信99購01  ,0,0,0,0,0,0,0,0,0,-996000,0,0,0,44000,1040000,-996000,-996000
053082,聯電元大98購03  ,0,0,0,0,0,0,0,0,0,-1029000,0,0,0,0,1029000,-1029000,-1029000
2449,京元電子        ,2659000,4526000,-1867000,0,0,0,1755000,392000,1363000,-535000,242000,113000,129000,175000,839000,-664000,-1039000
057730,聯鈞國泰9A購01  ,0,0,0,0,0,0,0,0,0,-1042000,0,0,0,82000,1124000,-1042000,-1042000
2417,圓剛            ,1963000,3022000,-1059000,0,0,0,0,0,0,0,0,0,0,0,0,0,-1059000
061726,台積電麥證9A購05,0,0,0,0,1066000,-1066000,0,0,0,-1066000,0,0,0,0,1066000,-1066000,-1066000
3044,健鼎            ,649000,1812390,-1163390,0,0,0,383000,223000,160000,-75000,4000,70000,-66000,89000,98000,-9000,-1078390
061724,訊芯永豐9A購01  ,0,0,0,0,0,0,0,0,0,-1094000,0,0,0,113000,1207000,-1094000,-1094000
1326,台化            ,990214,2052000,-1061786,0,0,0,0,11000,-11000,-25000,0,15000,-15000,0,10000,-10000,-1097786
00635U,元大S&P黃金     ,0,0,0,0,0,0,0,0,0,-1112000,0,0,0,274000,1386000,-1112000,-1112000
3673,TPK-KY          ,382000,911000,-529000,0,0,0,0,0,0,-594000,56000,110000,-54000,31000,571000,-540000,-1123000
056266,開發金統一9A購01,0,0,0,0,0,0,0,0,0,-1125000,0,0,0,99000,1224000,-1125000,-1125000
059931,緯穎富邦9A購01  ,0,0,0,0,0,0,0,0,0,-1131000,0,0,0,211000,1342000,-1131000,-1131000
064137,台泥統一02購01  ,0,0,0,0,0,0,0,0,0,-1138000,0,0,0,151000,1289000,-1138000,-1138000
6269,台郡            ,1033000,2257000,-1224000,0,0,0,549000,0,549000,-466780,217000,240780,-23780,140000,583000,-443000,-1141780
06771P,台灣50中信02售01,0,0,0,0,0,0,0,0,0,-1151000,0,0,0,7000,1158000,-1151000,-1151000
063054,健鼎統一01購01  ,0,0,0,0,0,0,0,0,0,-1193000,0,0,0,245000,1438000,-1193000,-1193000
2454,聯發科          ,2202191,3419437,-1217246,0,0,0,72000,97000,-25000,48000,49000,64000,-15000,66000,3000,63000,-1194246
056937,智原元富98購01  ,0,0,0,0,0,0,0,0,0,-1195000,0,0,0,542000,1737000,-1195000,-1195000
063437,聚陽統一01購01  ,0,0,0,0,0,0,0,0,0,-1202000,0,0,0,695000,1897000,-1202000,-1202000
053118,大立光中信9C購01,0,0,0,0,0,0,0,0,0,-1226000,0,0,0,2127000,3353000,-1226000,-1226000
2002,中鋼            ,3148245,4428000,-1279755,0,0,0,0,31000,-31000,77000,77000,0,77000,0,0,0,-1233755
2379,瑞昱            ,960419,2586020,-1625601,0,0,0,332000,0,332000,35000,179000,50000,129000,15000,109000,-94000,-1258601
056465,臺股指凱基99購07,0,0,0,0,0,0,0,0,0,-1259000,0,0,0,41000,1300000,-1259000,-1259000
055894,欣興統一97購03  ,280000,0,280000,0,0,0,0,0,0,-1546000,0,0,0,484000,2030000,-1546000,-1266000
046628,大立光統一98購01,0,0,0,0,0,0,0,0,0,-1284000,0,0,0,574000,1858000,-1284000,-1284000
058337,日月光元富99購01,0,0,0,0,0,0,0,0,0,-1287000,0,0,0,102000,1389000,-1287000,-1287000
057987,大立光元富98購02,0,0,0,0,0,0,0,0,0,-1295000,0,0,0,281000,1576000,-1295000,-1295000
2201,裕隆            ,297000,1252000,-955000,0,0,0,0,400000,-400000,53000,64000,52000,12000,158000,117000,41000,-1302000
3189,景碩            ,1435000,1950000,-515000,0,0,0,35000,600000,-565000,-227000,69000,147000,-78000,18000,167000,-149000,-1307000
3338,泰碩            ,50000,199000,-149000,0,0,0,0,1121000,-1121000,-66000,11000,24000,-13000,8000,61000,-53000,-1336000
046949,群創元大99購01  ,0,0,0,0,0,0,0,0,0,-1369000,0,0,0,17000,1386000,-1369000,-1369000
07170P,臺股指國票99售07,0,0,0,0,0,0,0,0,0,-1396000,0,0,0,75000,1471000,-1396000,-1396000
065019,華邦電富邦9C購01,0,0,0,0,0,0,0,0,0,-1426000,0,0,0,77000,1503000,-1426000,-1426000
065604,聯發科元大9C購17,0,0,0,0,0,0,0,0,0,-1456000,0,0,0,95000,1551000,-1456000,-1456000
6176,瑞儀            ,1058100,2632000,-1573900,0,0,0,0,5000,-5000,120000,155000,20000,135000,119000,134000,-15000,-1458900
1789,神隆            ,1039000,2678000,-1639000,0,0,0,0,0,0,175000,0,0,0,230000,55000,175000,-1464000
2371,大同            ,667000,2401000,-1734000,0,0,0,0,0,0,262000,260000,6000,254000,8000,0,8000,-1472000
2484,希華            ,215000,1706000,-1491000,0,0,0,0,0,0,-2000,0,2000,-2000,0,0,0,-1493000
2368,金像電          ,1535000,3164000,-1629000,0,0,0,244000,0,244000,-136000,425000,533000,-108000,69000,97000,-28000,-1521000
1504,東元            ,1120000,2668000,-1548000,0,0,0,5000,5000,0,17000,35000,3000,32000,0,15000,-15000,-1531000
058229,為升元大99購02  ,0,0,0,0,0,0,0,0,0,-1594000,0,0,0,16000,1610000,-1594000,-1594000
1440,南紡            ,685000,2322000,-1637000,0,0,0,0,0,0,0,0,0,0,0,0,0,-1637000
2474,可成            ,851602,2485000,-1633398,0,0,0,5000,1000,4000,-24000,54000,3000,51000,41000,116000,-75000,-1653398
062534,力成統一01購01  ,0,0,0,0,0,0,0,0,0,-1663000,0,0,0,291000,1954000,-1663000,-1663000
2359,所羅門          ,211000,1880000,-1669000,0,0,0,0,3000,-3000,-640,0,640,-640,0,0,0,-1672640
9802,鈺齊-KY         ,374000,349000,25000,0,0,0,0,1699000,-1699000,-18000,4000,7000,-3000,5000,20000,-15000,-1692000
2603,長榮            ,1956089,3797000,-1840911,0,0,0,0,340000,-340000,463000,468000,5000,463000,0,0,0,-1717911
2327,國巨            ,862185,2467000,-1604815,0,0,0,0,161000,-161000,-15099,116000,142099,-26099,61000,50000,11000,-1780914
062986,T50反1中信02購01,0,0,0,0,0,0,0,0,0,-1785000,0,0,0,70000,1855000,-1785000,-1785000
00676R,富邦臺灣加權反1 ,0,0,0,0,0,0,0,0,0,-1949000,0,0,0,1486000,3435000,-1949000,-1949000
060790,日月光富邦9A購01,0,0,0,0,0,0,0,0,0,-2000000,0,0,0,544000,2544000,-2000000,-2000000
2887,台新金          ,5583327,7852498,-2269171,0,0,0,0,24000,-24000,278000,112000,4000,108000,172000,2000,170000,-2015171
1301,台塑            ,10148316,5820000,4328316,0,0,0,0,1611000,-1611000,-4812000,4000,782000,-778000,2000,4036000,-4034000,-2094684
065190,緯穎統一9C購02  ,0,0,0,0,0,0,0,0,0,-2200000,0,0,0,135000,2335000,-2200000,-2200000
00638R,元大滬深300反1  ,0,251000,-251000,0,0,0,0,0,0,-2026000,0,0,0,281000,2307000,-2026000,-2277000
2367,燿華            ,1202000,3636000,-2434000,0,0,0,0,0,0,44000,0,1000,-1000,173000,128000,45000,-2390000
064052,創意統一01購02  ,0,0,0,0,0,0,0,0,0,-2400000,0,0,0,593000,2993000,-2400000,-2400000
4958,臻鼎-KY         ,698509,3311000,-2612491,0,0,0,259000,84000,175000,-71787,99000,134787,-35787,26000,62000,-36000,-2509278
064809,冠德元大9C購01  ,0,0,0,0,0,0,0,0,0,-2577000,0,0,0,361000,2938000,-2577000,-2577000
6239,力成            ,1689643,4479900,-2790257,0,0,0,425000,301000,124000,63000,34000,157000,-123000,261000,75000,186000,-2603257
2886,兆豐金          ,2020445,5244000,-3223555,0,0,0,793000,28000,765000,-272000,0,29000,-29000,0,243000,-243000,-2730555
00664R,國泰臺灣加權反1 ,3000,3000,0,0,0,0,0,0,0,-2834000,0,0,0,1218000,4052000,-2834000,-2834000
2881,富邦金          ,1966050,4605400,-2639350,0,0,0,0,155000,-155000,-136000,5000,17000,-12000,12000,136000,-124000,-2930350
2882,國泰金          ,4316204,7231962,-2915758,0,0,0,0,23000,-23000,-14000,10000,0,10000,9000,33000,-24000,-2952758
6282,康舒            ,404000,3483000,-3079000,0,0,0,0,0,0,1000,0,0,0,1000,0,1000,-3078000
2317,鴻海            ,12399556,15348000,-2948444,0,0,0,0,1611000,-1611000,1261401,6000,214599,-208599,1595000,125000,1470000,-3298043
00671R,富邦NASDAQ反1   ,30000,6000,24000,0,0,0,0,0,0,-3498000,0,0,0,572000,4070000,-3498000,-3474000
6153,嘉聯益          ,942000,4430000,-3488000,0,0,0,10000,0,10000,-131000,228000,292000,-64000,110000,177000,-67000,-3609000
2884,玉山金          ,6458078,10071000,-3612922,0,0,0,0,27000,-27000,-35342,0,33342,-33342,0,2000,-2000,-3675264
00708L,元大S&P黃金正2  ,40000,674000,-634000,0,0,0,0,0,0,-3267000,0,0,0,1205000,4472000,-3267000,-3901000
3231,緯創            ,9114466,13619000,-4504534,0,0,0,0,7000,-7000,-658477,8000,163477,-155477,47000,550000,-503000,-5170011
2332,友訊            ,3142534,8537000,-5394466,0,0,0,0,0,0,171000,6000,8000,-2000,335000,162000,173000,-5223466
1102,亞泥            ,1977897,7541000,-5563103,0,0,0,550000,7000,543000,-496000,64000,215000,-151000,57000,402000,-345000,-5516103
3017,奇鋐            ,1145000,6245000,-5100000,0,0,0,0,2218000,-2218000,-796000,30000,121000,-91000,66000,771000,-705000,-8114000
00632R,元大台灣50反1   ,30066000,13191000,16875000,0,0,0,0,0,0,-36232000,0,1400000,-1400000,9404000,44236000,-34832000,-19357000
2891,中信金          ,15593233,39760790,-24167557,0,0,0,2825000,51000,2774000,138000,70000,59000,11000,131000,4000,127000,-21255557
00677U,富邦VIX         ,6850000,69704000,-62854000,0,0,0,0,0,0,-123896000,940000,1585000,-645000,13572000,136823000,-123251000,-186750000
