證券代號,證券名稱,外陸資買進股數(不含外資自營商),外陸資賣出股數(不含外資自營商),外陸資買賣超股數(不含外資自營商),外資自營商買進股數,外資自營商賣出股數,外資自營商買賣超股數,投信買進股數,投信賣出股數,投信買賣超股數,自營商買賣超股數,自營商買進股數(自行買賣),自營商賣出股數(自行買賣),自營商買賣超股數(自行買賣),自營商買進股數(避險),自營商賣出股數(避險),自營商買賣超股數(避險),三大法人買賣超股數
00677U,富邦VIX         ,50908000,4126000,46782000,0,0,0,0,0,0,41045000,8020000,420000,7600000,33644000,199000,33445000,87827000
2409,友達            ,58065582,26149000,31916582,0,0,0,12838000,2365000,10473000,4594000,119000,281000,-162000,5412000,656000,4756000,46983582
3481,群創            ,53637412,37321000,16316412,0,0,0,7121000,158000,6963000,2030000,707000,586000,121000,2539000,630000,1909000,25309412
2888,新光金          ,26053748,10177000,15876748,0,0,0,0,51000,-51000,383000,2000,1022000,-1020000,1571000,168000,1403000,16208748
3037,欣興            ,23402000,12106000,11296000,0,0,0,1080000,1221000,-141000,1850000,1703000,1323000,380000,1595000,125000,1470000,13005000
2882,國泰金          ,13327047,2089000,11238047,0,0,0,0,40000,-40000,76000,0,10000,-10000,227000,141000,86000,11274047
00861,元大全球未來通訊,925000,102000,823000,0,0,0,0,0,0,10132000,0,0,0,10492000,360000,10132000,10955000
2330,台積電          ,28300905,17959305,10341600,0,0,0,45000,581000,-536000,705997,228000,45000,183000,926997,404000,522997,10511597
2881,富邦金          ,13588236,4623000,8965236,0,0,0,0,35000,-35000,60000,7000,0,7000,84000,31000,53000,8990236
2892,第一金          ,16337752,8416315,7921437,0,0,0,0,44000,-44000,59000,43000,4000,39000,20000,0,20000,7936437
2886,兆豐金          ,9680063,2488000,7192063,0,0,0,886000,50000,836000,-104000,33000,0,33000,0,137000,-137000,7924063
2317,鴻海            ,15997247,9276123,6721124,0,0,0,48000,41000,7000,709000,186000,20000,166000,735000,192000,543000,7437124
8046,南電            ,6953000,3093000,3860000,0,0,0,2094000,56000,2038000,1459000,933000,268000,665000,979000,185000,794000,7357000
1101,台泥            ,14379207,6745767,7633440,0,0,0,41000,16000,25000,-630000,32000,559000,-527000,28000,131000,-103000,7028440
0050,元大台灣50      ,4220350,6000,4214350,0,0,0,0,0,0,1853000,771000,0,771000,2007000,925000,1082000,6067350
5880,合庫金          ,7994874,2023000,5971874,0,0,0,0,43000,-43000,8000,12000,4000,8000,0,0,0,5936874
2367,燿華            ,6057000,1599000,4458000,0,0,0,0,0,0,1114000,4000,1000,3000,1176000,65000,1111000,5572000
0056,元大高股息      ,5000,75750,-70750,0,0,0,0,100000,-100000,5644000,0,0,0,5866000,222000,5644000,5473250
2883,開發金          ,12961995,7448000,5513995,0,0,0,0,61000,-61000,-24000,13000,0,13000,0,37000,-37000,5428995
1434,福懋            ,6206500,1130000,5076500,0,0,0,0,5000,-5000,-48000,2000,50000,-48000,0,0,0,5023500
3189,景碩            ,5020000,2425000,2595000,0,0,0,957000,0,957000,961000,345000,40000,305000,848000,192000,656000,4513000
1402,遠東新          ,6806398,2600000,4206398,0,0,0,193000,18000,175000,131000,127000,0,127000,165000,161000,4000,4512398
2448,晶電            ,4778000,2033000,2745000,0,0,0,384000,18000,366000,1175000,1444000,257000,1187000,10000,22000,-12000,4286000
2823,中壽            ,8641493,4224493,4417000,0,0,0,0,14000,-14000,-244000,24000,14000,10000,15000,269000,-254000,4159000
3017,奇鋐            ,4838000,631000,4207000,0,0,0,0,0,0,-154000,5000,51000,-46000,135000,243000,-108000,4053000
2880,華南金          ,7700140,3788000,3912140,0,0,0,0,42000,-42000,21000,21000,0,21000,0,0,0,3891140
2356,英業達          ,6223403,2633000,3590403,0,0,0,1079000,69000,1010000,-795000,33000,452000,-419000,36000,412000,-376000,3805403
2610,華航            ,6986495,3327000,3659495,0,0,0,0,14000,-14000,57000,97000,0,97000,0,40000,-40000,3702495
2481,強茂            ,4158000,1833000,2325000,0,0,0,877000,0,877000,209000,209000,20000,189000,90000,70000,20000,3411000
2408,南亞科          ,7319124,3548000,3771124,0,0,0,0,110000,-110000,-405000,251000,504000,-253000,46000,198000,-152000,3256124
2801,彰銀            ,5592102,2362000,3230102,0,0,0,0,30000,-30000,44000,4000,0,4000,40000,0,40000,3244102
2891,中信金          ,12033126,8815200,3217926,0,0,0,0,79000,-79000,2000,7000,0,7000,0,5000,-5000,3140926
2201,裕隆            ,4645700,975000,3670700,0,0,0,80000,0,80000,-611000,59000,115000,-56000,278000,833000,-555000,3139700
056829,台積電富邦9A購01,0,5000,-5000,0,0,0,0,0,0,2907000,0,0,0,2907000,0,2907000,2902000
2417,圓剛            ,3909000,1006000,2903000,0,0,0,0,0,0,-60000,7000,67000,-60000,0,0,0,2843000
2353,宏碁            ,5467047,2354000,3113047,0,0,0,0,63000,-63000,-228000,18000,26000,-8000,126000,346000,-220000,2822047
062731,力成凱基9B購02  ,0,0,0,0,0,0,0,0,0,2776000,0,0,0,2801000,25000,2776000,2776000
4938,和碩            ,4030108,2046000,1984108,0,0,0,477000,54000,423000,245000,271000,0,271000,40000,66000,-26000,2652108
2887,台新金          ,9515815,6940044,2575771,0,0,0,0,44000,-44000,80000,11000,0,11000,69000,0,69000,2611771
2618,長榮航          ,8850625,6043133,2807492,0,0,0,0,321000,-321000,-29000,101000,97000,4000,0,33000,-33000,2457492
2412,中華電          ,4052277,1780000,2272277,0,0,0,0,20000,-20000,193000,284000,90000,194000,0,1000,-1000,2445277
2809,京城銀          ,4357000,1795000,2562000,0,0,0,0,1000,-1000,-135000,5000,140000,-135000,0,0,0,2426000
00692,富邦公司治理    ,0,0,0,0,0,0,0,0,0,2401000,0,0,0,3522000,1121000,2401000,2401000
1303,南亞            ,5544730,3124441,2420289,0,0,0,0,26000,-26000,3000,11000,8000,3000,0,0,0,2397289
8016,矽創            ,1182890,614000,568890,0,0,0,1661000,0,1661000,69000,26000,41000,-15000,101000,17000,84000,2298890
064140,台達電統一01購01,0,0,0,0,0,0,0,0,0,2215000,0,0,0,2279000,64000,2215000,2215000
00850,元大臺灣ESG永續 ,4000,0,4000,0,0,0,0,0,0,2204000,0,0,0,2324000,120000,2204000,2208000
2454,聯發科          ,3851697,1770446,2081251,0,0,0,39000,45000,-6000,126000,54000,34000,20000,165000,59000,106000,2201251
2313,華通            ,3505000,3465000,40000,0,0,0,828000,304000,524000,1613000,2133000,420000,1713000,440000,540000,-100000,2177000
2633,台灣高鐵        ,3483323,825000,2658323,0,0,0,0,509000,-509000,22000,3000,2000,1000,53000,32000,21000,2171323
3231,緯創            ,6655611,5913646,741965,0,0,0,1660000,64000,1596000,-192000,58000,4000,54000,50000,296000,-246000,2145965
060489,世紀鋼群益9A購01,0,0,0,0,0,0,0,0,0,2075000,0,0,0,2155000,80000,2075000,2075000
2884,玉山金          ,17027577,14927000,2100577,0,0,0,0,48000,-48000,1000,4000,3000,1000,0,0,0,2053577
2324,仁寶            ,7810876,5695000,2115876,0,0,0,0,93000,-93000,-34000,43000,1000,42000,183000,259000,-76000,1988876
5871,中租-KY         ,3383455,1471000,1912455,0,0,0,22000,6000,16000,55000,29000,2000,27000,38000,10000,28000,1983455
054905,國揚康和97購01  ,0,0,0,0,0,0,0,0,0,1940000,0,0,0,1940000,0,1940000,1940000
3016,嘉晶            ,2511000,292000,2219000,0,0,0,0,248000,-248000,-40000,2000,0,2000,34000,76000,-42000,1931000
2308,台達電          ,5864857,5075000,789857,0,0,0,526000,10000,516000,549000,776000,38000,738000,51000,240000,-189000,1854857
056034,華通凱基98購01  ,0,0,0,0,0,0,0,0,0,1802000,0,0,0,1802000,0,1802000,1802000
2014,中鴻            ,2032000,249000,1783000,0,0,0,0,0,0,-1000,0,1000,-1000,0,0,0,1782000
5876,上海商銀        ,3183500,1409393,1774107,0,0,0,0,0,0,6000,4000,2000,2000,4000,0,4000,1780107
058807,和大統一9B購01  ,0,0,0,0,0,0,0,0,0,1766000,0,0,0,3447000,1681000,1766000,1766000
2301,光寶科          ,5864235,5017000,847235,0,0,0,833000,7000,826000,42000,11000,6000,5000,122000,85000,37000,1715235
3450,聯鈞            ,1632000,347000,1285000,0,0,0,0,0,0,419000,35000,0,35000,415000,31000,384000,1704000
6505,台塑化          ,3248866,1531000,1717866,0,0,0,0,14000,-14000,-41000,2000,43000,-41000,0,0,0,1662866
2369,菱生            ,1843000,244000,1599000,0,0,0,0,0,0,-2000,2000,4000,-2000,0,0,0,1597000
062226,臻鼎統一9B購01  ,0,0,0,0,0,0,0,0,0,1559000,0,0,0,1687000,128000,1559000,1559000
3380,明泰            ,1660000,349000,1311000,0,0,0,0,0,0,240000,208000,0,208000,50000,18000,32000,1551000
063670,美食統一9C購01  ,0,0,0,0,0,0,0,0,0,1509000,0,0,0,1681000,172000,1509000,1509000
1789,神隆            ,2080000,567000,1513000,0,0,0,0,0,0,-11000,3000,0,3000,20000,34000,-14000,1502000
061411,T50反1群益9A購05,0,0,0,0,0,0,0,0,0,1440000,0,0,0,1500000,60000,1440000,1440000
2603,長榮            ,7762345,5875260,1887085,0,0,0,245000,956000,-711000,256000,456000,200000,256000,0,0,0,1432085
053401,臺股指中信99購01,0,0,0,0,0,0,0,0,0,1351000,0,0,0,1351000,0,1351000,1351000
2105,正新            ,2731265,1383636,1347629,0,0,0,0,6000,-6000,-6000,1000,7000,-6000,0,0,0,1335629
9945,潤泰新          ,2250266,972000,1278266,0,0,0,0,0,0,22000,34000,12000,22000,0,0,0,1300266
055174,精元統一97購01  ,0,0,0,0,0,0,0,0,0,1275000,0,0,0,1633000,358000,1275000,1275000
048383,元金2X國票99購01,0,0,0,0,0,0,0,0,0,1269000,0,0,0,1305000,36000,1269000,1269000
062890,祥碩群益9B購04  ,0,0,0,0,0,0,0,0,0,1261000,0,0,0,1509000,248000,1261000,1261000
057393,台積電中信02購01,0,0,0,0,0,0,0,0,0,1260000,0,0,0,1454000,194000,1260000,1260000
06456P,聯發科統一98售03,0,0,0,0,0,0,0,0,0,1258000,0,0,0,1258000,0,1258000,1258000
8150,南茂            ,1354000,1140000,214000,0,0,0,915000,0,915000,124000,1000,2000,-1000,157000,32000,125000,1253000
054709,宏達電統一97購01,0,0,0,0,0,0,0,0,0,1232000,0,0,0,1232000,0,1232000,1232000
06501P,臺股指元大9A售06,0,0,0,0,0,0,0,0,0,1228000,0,0,0,1229000,1000,1228000,1228000
2323,中環            ,1692000,364000,1328000,0,0,0,0,2000,-2000,-99000,14000,1000,13000,1000,113000,-112000,1227000
3406,玉晶光          ,1274000,240000,1034000,0,0,0,89000,0,89000,87000,113000,102000,11000,88000,12000,76000,1210000
064139,裕隆統一01購02  ,0,0,0,0,0,0,0,0,0,1209000,0,0,0,1874000,665000,1209000,1209000
063536,美食統一01購01  ,0,0,0,0,0,0,0,0,0,1200000,0,0,0,1270000,70000,1200000,1200000
9904,寶成            ,3558998,2343000,1215998,0,0,0,0,12000,-12000,-14000,0,0,0,0,14000,-14000,1189998
2605,新興            ,1278000,104000,1174000,0,0,0,0,0,0,0,0,0,0,0,0,0,1174000
053799,矽創中信9A購01  ,0,0,0,0,0,0,0,0,0,1158000,0,0,0,1631000,473000,1158000,1158000
6005,群益證          ,1460000,295588,1164412,0,0,0,0,7000,-7000,0,0,0,0,0,0,0,1157412
058327,大毅統一9B購01  ,0,0,0,0,0,0,0,0,0,1151000,0,0,0,1345000,194000,1151000,1151000
045517,元油2X元富98購01,0,0,0,0,0,0,0,0,0,1128000,0,0,0,1128000,0,1128000,1128000
062708,立積元大9B購01  ,0,0,0,0,0,0,0,0,0,1127000,0,0,0,1261000,134000,1127000,1127000
3704,合勤控          ,1493000,445000,1048000,0,0,0,0,0,0,76000,5000,2000,3000,106000,33000,73000,1124000
07171P,臺股指國票99售08,0,0,0,0,0,0,0,0,0,1119000,0,0,0,1392000,273000,1119000,1119000
063336,大成鋼統一9C購02,0,0,0,0,0,0,0,0,0,1119000,0,0,0,1139000,20000,1119000,1119000
053568,智伸科富邦98購01,0,0,0,0,0,0,0,0,0,1114000,0,0,0,1119000,5000,1114000,1114000
3029,零壹            ,1640000,531000,1109000,0,0,0,0,0,0,4000,4000,0,4000,0,0,0,1113000
060302,台積電富邦02購01,0,0,0,0,0,0,0,0,0,1103000,0,0,0,1196000,93000,1103000,1103000
060916,金像電國泰9C購01,0,0,0,0,0,0,0,0,0,1101000,0,0,0,1339000,238000,1101000,1101000
6213,聯茂            ,2989847,1073700,1916147,0,0,0,0,957950,-957950,127000,145000,59000,86000,59000,18000,41000,1085197
06656P,GIS元大98售02   ,0,0,0,0,0,0,0,0,0,1085000,0,0,0,1097000,12000,1085000,1085000
061511,緯穎富邦9B購02  ,0,0,0,0,0,0,0,0,0,1077000,0,0,0,1709000,632000,1077000,1077000
063134,裕隆統一01購01  ,0,0,0,0,0,0,0,0,0,1041000,0,0,0,2722000,1681000,1041000,1041000
060428,瑞祺永豐9A購01  ,0,0,0,0,0,0,0,0,0,1036000,0,0,0,1225000,189000,1036000,1036000
063210,百和統一9C購01  ,0,0,0,0,0,0,0,0,0,1034000,0,0,0,1036000,2000,1034000,1034000
058664,百和兆豐99購01  ,0,0,0,0,0,0,0,0,0,1026000,0,0,0,1139000,113000,1026000,1026000
062978,世芯元富9B購01  ,0,0,0,0,0,0,0,0,0,1024000,0,0,0,1039000,15000,1024000,1024000
08036P,嘉澤群益9B售03  ,0,0,0,0,0,0,0,0,0,1016000,0,0,0,1088000,72000,1016000,1016000
6269,台郡            ,2440000,831000,1609000,0,0,0,428000,1038000,-610000,12000,113000,98000,15000,14000,17000,-3000,1011000
045189,大立光元富98購01,0,0,0,0,0,0,0,0,0,998000,0,0,0,998000,0,998000,998000
6271,同欣電          ,2903000,2160000,743000,0,0,0,720000,32000,688000,-456000,8000,349000,-341000,8000,123000,-115000,975000
058771,神達兆豐99購01  ,0,0,0,0,0,0,0,0,0,934000,0,0,0,934000,0,934000,934000
063658,瑞祺元富9B購01  ,0,0,0,0,0,0,0,0,0,932000,0,0,0,1080000,148000,932000,932000
063488,金像電國泰01購01,0,0,0,0,0,0,0,0,0,930000,0,0,0,1046000,116000,930000,930000
064161,世芯統一01購02  ,0,0,0,0,0,0,0,0,0,921000,0,0,0,1263000,342000,921000,921000
06500P,臺股指元大9A售05,0,0,0,0,0,0,0,0,0,910000,0,0,0,910000,0,910000,910000
08060P,嘉澤元大9B售01  ,0,0,0,0,0,0,0,0,0,903000,0,0,0,923000,20000,903000,903000
054515,華通元大98購02  ,0,0,0,0,0,0,0,0,0,900000,0,0,0,900000,0,900000,900000
063071,華新科富邦02購01,0,0,0,0,0,0,0,0,0,900000,0,0,0,1077000,177000,900000,900000
055261,帆宣統一98購01  ,0,0,0,0,0,0,0,0,0,894000,0,0,0,921000,27000,894000,894000
056677,智伸科元富98購01,0,0,0,0,0,0,0,0,0,894000,0,0,0,899000,5000,894000,894000
061517,瑞祺永豐9A購03  ,0,0,0,0,0,0,0,0,0,882000,0,0,0,882000,0,882000,882000
3545,敦泰            ,1364000,469365,894635,0,0,0,0,0,0,-22000,3000,25000,-22000,0,0,0,872635
056699,光罩國泰99購01  ,0,0,0,0,0,0,0,0,0,858000,0,0,0,944000,86000,858000,858000
00648R,元大S&P500反1   ,14000,0,14000,0,0,0,0,0,0,844000,0,0,0,1473000,629000,844000,858000
052627,中壽中信98購01  ,0,0,0,0,0,0,0,0,0,856000,0,0,0,876000,20000,856000,856000
061395,健策統一9C購02  ,0,0,0,0,0,0,0,0,0,856000,0,0,0,1223000,367000,856000,856000
08101P,超眾群益9B售02  ,0,0,0,0,0,0,0,0,0,840000,0,0,0,840000,0,840000,840000
055306,燿華群益97購01  ,0,0,0,0,0,0,0,0,0,839000,0,0,0,839000,0,839000,839000
08000P,奇鋐凱基9B售03  ,0,0,0,0,0,0,0,0,0,827000,0,0,0,877000,50000,827000,827000
053118,大立光中信9C購01,0,0,0,0,0,0,0,0,0,827000,0,0,0,895000,68000,827000,827000
00638R,元大滬深300反1  ,31000,31000,0,0,0,0,0,0,0,813000,0,0,0,848000,35000,813000,813000
062746,致伸永豐9B購01  ,0,0,0,0,0,0,0,0,0,813000,0,0,0,925000,112000,813000,813000
060482,東元富邦9A購01  ,0,0,0,0,0,0,0,0,0,811000,0,0,0,811000,0,811000,811000
08097P,嘉澤永豐9B售03  ,0,0,0,0,0,0,0,0,0,802000,0,0,0,812000,10000,802000,802000
06725P,聯電元富98售01  ,0,0,0,0,0,0,0,0,0,801000,0,0,0,978000,177000,801000,801000
063749,聯發科國票9C購04,50000,0,50000,0,0,0,0,0,0,751000,0,0,0,978000,227000,751000,801000
062062,貿聯統一01購01  ,0,0,0,0,0,0,0,0,0,797000,0,0,0,1047000,250000,797000,797000
064153,中壽統一9C購01  ,0,0,0,0,0,0,0,0,0,795000,0,0,0,897000,102000,795000,795000
053563,台積電富邦97購01,0,0,0,0,0,0,0,0,0,791000,0,0,0,791000,0,791000,791000
061188,大成鋼富邦9B購01,0,0,0,0,0,0,0,0,0,791000,0,0,0,819000,28000,791000,791000
020012,富邦行動通訊N   ,0,0,0,0,0,0,0,0,0,787000,0,0,0,787000,0,787000,787000
1477,聚陽            ,1098546,353000,745546,0,0,0,0,7000,-7000,43000,61000,45000,16000,27000,0,27000,781546
3042,晶技            ,1289000,350000,939000,0,0,0,0,0,0,-174000,58000,120000,-62000,4000,116000,-112000,765000
062421,台積電統一9C購09,2000,0,2000,0,0,0,0,0,0,763000,0,0,0,780000,17000,763000,765000
054072,台積電富邦98購02,0,0,0,0,0,0,0,0,0,763000,0,0,0,763000,0,763000,763000
061282,台積電統一9C購06,0,0,0,0,0,0,0,0,0,763000,0,0,0,868000,105000,763000,763000
057266,TPK兆豐98購02   ,0,0,0,0,0,0,0,0,0,761000,0,0,0,921000,160000,761000,761000
057055,立積元大99購01  ,0,0,0,0,0,0,0,0,0,758000,0,0,0,768000,10000,758000,758000
058319,大毅永豐9A購01  ,0,0,0,0,0,0,0,0,0,757000,0,0,0,777000,20000,757000,757000
061468,神達群益9A購01  ,0,0,0,0,0,0,0,0,0,755000,0,0,0,852000,97000,755000,755000
055244,國巨統一98購01  ,0,0,0,0,0,0,0,0,0,753000,0,0,0,878000,125000,753000,753000
060485,華新科富邦9C購04,0,0,0,0,0,0,0,0,0,751000,0,0,0,751000,0,751000,751000
055855,牧德元大99購02  ,0,0,0,0,0,0,0,0,0,749000,0,0,0,749000,0,749000,749000
058113,百和元富98購01  ,0,0,0,0,0,0,0,0,0,747000,0,0,0,1057000,310000,747000,747000
07638P,長榮航國票9A售01,0,0,0,0,0,0,0,0,0,746000,0,0,0,746000,0,746000,746000
064152,義隆統一02購02  ,0,0,0,0,0,0,0,0,0,741000,0,0,0,2045000,1304000,741000,741000
2371,大同            ,3228295,736000,2492295,0,0,0,0,40000,-40000,-1714000,2000,1716000,-1714000,0,0,0,738295
00752,中信中國50      ,0,0,0,0,0,0,0,0,0,738000,0,0,0,1086000,348000,738000,738000
062981,祥碩元富9B購01  ,0,0,0,0,0,0,0,0,0,738000,0,0,0,881000,143000,738000,738000
058180,華新科國泰9A購01,0,0,0,0,0,0,0,0,0,730000,0,0,0,734000,4000,730000,730000
07026P,超眾凱基99售03  ,0,0,0,0,0,0,0,0,0,721000,0,0,0,732000,11000,721000,721000
058328,世紀鋼統一9B購01,0,0,0,0,0,0,0,0,0,721000,0,0,0,879000,158000,721000,721000
062809,同欣電統一9C購01,0,0,0,0,0,0,0,0,0,721000,0,0,0,1197000,476000,721000,721000
042315,T50反1台新96購01,0,0,0,0,0,0,0,0,0,714000,0,0,0,714000,0,714000,714000
051733,中環國票96購02  ,0,0,0,0,0,0,0,0,0,710000,0,0,0,710000,0,710000,710000
062057,華邦電統一01購01,0,0,0,0,0,0,0,0,0,710000,0,0,0,961000,251000,710000,710000
060380,T50反1凱基9A購08,0,0,0,0,0,0,0,0,0,709000,0,0,0,709000,0,709000,709000
2377,微星            ,2083717,802545,1281172,0,0,0,44000,646000,-602000,18000,101000,14000,87000,19000,88000,-69000,697172
063434,和潤元富9B購01  ,0,0,0,0,0,0,0,0,0,696000,0,0,0,813000,117000,696000,696000
060998,華通兆豐9A購01  ,0,0,0,0,0,0,0,0,0,695000,0,0,0,950000,255000,695000,695000
057971,華新科富邦9B購02,0,0,0,0,0,0,0,0,0,694000,0,0,0,694000,0,694000,694000
2360,致茂            ,920339,236000,684339,0,0,0,0,0,0,7000,9000,8000,1000,9000,3000,6000,691339
060195,旭富元富9A購02  ,0,0,0,0,0,0,0,0,0,690000,0,0,0,690000,0,690000,690000
2354,鴻準            ,1175148,501000,674148,0,0,0,0,0,0,15000,17000,2000,15000,0,0,0,689148
056202,國揚永豐97購01  ,0,0,0,0,0,0,0,0,0,689000,0,0,0,754000,65000,689000,689000
061822,和潤群益9B購01  ,0,0,0,0,0,0,0,0,0,687000,0,0,0,884000,197000,687000,687000
057199,台達電元富02購01,0,0,0,0,0,0,0,0,0,686000,0,0,0,1227000,541000,686000,686000
058584,百和群益9A購01  ,0,0,0,0,0,0,0,0,0,681000,0,0,0,683000,2000,681000,681000
2345,智邦            ,3111514,2456005,655509,0,0,0,0,53000,-53000,78000,89000,87000,2000,98000,22000,76000,680509
2102,泰豐            ,1743000,1063000,680000,0,0,0,0,0,0,-2000,2000,4000,-2000,0,0,0,678000
062891,台汽電群益9B購01,0,0,0,0,0,0,0,0,0,677000,0,0,0,698000,21000,677000,677000
2838,聯邦銀          ,719000,46000,673000,0,0,0,0,0,0,0,0,0,0,0,0,0,673000
4960,誠美材          ,865000,201000,664000,0,0,0,0,0,0,6000,6000,0,6000,0,0,0,670000
062534,力成統一01購01  ,0,0,0,0,0,0,0,0,0,669000,0,0,0,729000,60000,669000,669000
063675,亞德客國泰01購01,0,0,0,0,0,0,0,0,0,668000,0,0,0,910000,242000,668000,668000
063340,英業達統一9B購01,0,0,0,0,0,0,0,0,0,656000,0,0,0,697000,41000,656000,656000
058251,百和元大99購03  ,0,0,0,0,0,0,0,0,0,652000,0,0,0,673000,21000,652000,652000
055973,亞德客統一97購01,0,0,0,0,0,0,0,0,0,651000,0,0,0,699000,48000,651000,651000
052677,景碩富邦97購01  ,0,0,0,0,0,0,0,0,0,650000,0,0,0,650000,0,650000,650000
063674,力山國泰01購02  ,0,0,0,0,0,0,0,0,0,650000,0,0,0,810000,160000,650000,650000
062163,大毅國泰01購01  ,0,0,0,0,0,0,0,0,0,646000,0,0,0,656000,10000,646000,646000
063361,台表科國泰01購02,0,0,0,0,0,0,0,0,0,642000,0,0,0,746000,104000,642000,642000
047571,滬深2X群益99購01,0,0,0,0,0,0,0,0,0,639000,0,0,0,639000,0,639000,639000
1717,長興            ,3454000,2112000,1342000,0,0,0,0,4000,-4000,-702807,52000,754807,-702807,0,0,0,635193
055265,玉晶光永豐98購03,0,0,0,0,0,0,0,0,0,635000,0,0,0,638000,3000,635000,635000
6176,瑞儀            ,1090000,453000,637000,0,0,0,0,0,0,-3000,11000,13000,-2000,51000,52000,-1000,634000
061610,力成統一9C購01  ,0,0,0,0,0,0,0,0,0,632000,0,0,0,911000,279000,632000,632000
060376,瑞祺元富9A購01  ,0,0,0,0,0,0,0,0,0,629000,0,0,0,764000,135000,629000,629000
2867,三商壽          ,780000,167000,613000,0,0,0,0,0,0,2000,2000,0,2000,0,0,0,615000
055745,臻鼎元富97購01  ,0,0,0,0,0,0,0,0,0,615000,0,0,0,623000,8000,615000,615000
061942,亞德客群益9B購01,0,0,0,0,0,0,0,0,0,614000,0,0,0,676000,62000,614000,614000
2889,國票金          ,809000,198000,611000,0,0,0,0,0,0,-6000,3000,9000,-6000,0,0,0,605000
00631L,元大台灣50正2   ,330000,390000,-60000,0,0,0,0,0,0,665000,113000,0,113000,1814000,1262000,552000,605000
1504,東元            ,1693000,1339000,354000,0,0,0,0,8000,-8000,258000,200000,3000,197000,204000,143000,61000,604000
061043,百和永豐9A購01  ,0,0,0,0,0,0,0,0,0,603000,0,0,0,608000,5000,603000,603000
2505,國揚            ,2573000,557000,2016000,0,0,0,0,0,0,-1414000,138000,100000,38000,34000,1486000,-1452000,602000
064251,緯創元富9C購01  ,0,0,0,0,0,0,0,0,0,599000,0,0,0,679000,80000,599000,599000
056995,華新科日盛99購01,0,0,0,0,0,0,0,0,0,596000,0,0,0,920000,324000,596000,596000
057394,台積電中信9C購02,0,0,0,0,0,0,0,0,0,595000,0,0,0,595000,0,595000,595000
058149,百和元大99購02  ,0,0,0,0,0,0,0,0,0,593000,0,0,0,746000,153000,593000,593000
061937,聯發科國票9B購02,0,0,0,0,0,0,0,0,0,592000,0,0,0,775000,183000,592000,592000
062215,華通統一9B購01  ,0,0,0,0,0,0,0,0,0,590000,0,0,0,996000,406000,590000,590000
057404,貿聯群益99購01  ,0,0,0,0,0,0,0,0,0,589000,0,0,0,589000,0,589000,589000
064182,臻鼎富邦01購01  ,0,0,0,0,0,0,0,0,0,587000,0,0,0,597000,10000,587000,587000
2404,漢唐            ,590000,136000,454000,0,0,0,0,0,0,130000,53000,1000,52000,107000,29000,78000,584000
047564,滬深2X國票99購01,0,0,0,0,0,0,0,0,0,581000,0,0,0,801000,220000,581000,581000
055331,國巨兆豐99購01  ,0,0,0,0,0,0,0,0,0,579000,0,0,0,761000,182000,579000,579000
062720,南亞科凱基9B購03,0,0,0,0,0,0,0,0,0,576000,0,0,0,578000,2000,576000,576000
058209,臺股指凱基01購01,0,0,0,0,0,0,0,0,0,575000,0,0,0,1357000,782000,575000,575000
057016,中石化凱基9B購01,0,0,0,0,0,0,0,0,0,573000,0,0,0,727000,154000,573000,573000
058215,貿聯群益99購02  ,0,0,0,0,0,0,0,0,0,573000,0,0,0,600000,27000,573000,573000
063923,世芯元富9C購01  ,0,0,0,0,0,0,0,0,0,571000,0,0,0,602000,31000,571000,571000
063978,美食兆豐9C購01  ,0,0,0,0,0,0,0,0,0,567000,0,0,0,582000,15000,567000,567000
063954,世芯元大01購02  ,0,0,0,0,0,0,0,0,0,566000,0,0,0,578000,12000,566000,566000
057279,國揚元大98購01  ,0,0,0,0,0,0,0,0,0,565000,0,0,0,596000,31000,565000,565000
063203,華新科統一9C購04,0,0,0,0,0,0,0,0,0,560000,0,0,0,628000,68000,560000,560000
06507P,台表科國票99售01,0,0,0,0,0,0,0,0,0,559000,0,0,0,609000,50000,559000,559000
2905,三商            ,743000,167000,576000,0,0,0,0,0,0,-17000,2000,19000,-17000,0,0,0,559000
3045,台灣大          ,2189598,1641000,548598,0,0,0,0,10000,-10000,19000,19000,0,19000,0,0,0,557598
062477,聯詠國票9B購01  ,0,0,0,0,0,0,0,0,0,556000,0,0,0,566000,10000,556000,556000
053095,台光電統一98購01,7000,0,7000,0,0,0,0,0,0,548000,0,0,0,680000,132000,548000,555000
00639,富邦深100       ,577000,0,577000,0,0,0,0,0,0,-24858,30000,0,30000,893142,948000,-54858,552142
062819,奇鋐兆豐9B購01  ,0,0,0,0,0,0,0,0,0,552000,0,0,0,780000,228000,552000,552000
061427,旭富元大9A購02  ,0,0,0,0,0,0,0,0,0,546000,0,0,0,642000,96000,546000,546000
059054,國巨凱基99購11  ,0,0,0,0,0,0,0,0,0,544000,0,0,0,554000,10000,544000,544000
063538,神達統一9C購01  ,0,0,0,0,0,0,0,0,0,542000,0,0,0,739000,197000,542000,542000
058148,百和元大99購01  ,0,0,0,0,0,0,0,0,0,537000,0,0,0,609000,72000,537000,537000
059841,國巨富邦9C購01  ,0,0,0,0,0,0,0,0,0,537000,0,0,0,669000,132000,537000,537000
2845,遠東銀          ,656000,111000,545000,0,0,0,0,9000,-9000,0,0,0,0,0,0,0,536000
6706,惠特            ,701000,98992,602008,0,0,0,0,0,0,-67000,140000,207000,-67000,0,0,0,535008
2023,燁輝            ,602000,67000,535000,0,0,0,0,0,0,0,0,0,0,0,0,0,535000
03442B,臺股指元大9A熊48,0,0,0,0,0,0,0,0,0,530000,0,0,0,530000,0,530000,530000
062213,和大統一9B購02  ,0,0,0,0,0,0,0,0,0,528000,0,0,0,614000,86000,528000,528000
056584,鴻海統一9B購01  ,0,0,0,0,0,0,0,0,0,527000,0,0,0,1496000,969000,527000,527000
060435,鈺齊永豐9A購01  ,0,0,0,0,0,0,0,0,0,527000,0,0,0,632000,105000,527000,527000
064138,亞德客統一01購02,0,0,0,0,0,0,0,0,0,525000,0,0,0,639000,114000,525000,525000
2340,光磊            ,1890000,1494000,396000,0,0,0,0,0,0,127000,17000,11000,6000,137000,16000,121000,523000
057149,京鼎國票99購02  ,0,0,0,0,0,0,0,0,0,521000,0,0,0,789000,268000,521000,521000
2108,南帝            ,723000,160000,563000,0,0,0,0,0,0,-43000,2000,45000,-43000,0,0,0,520000
06552P,茂林元大99售02  ,0,0,0,0,0,0,0,0,0,520000,0,0,0,520000,0,520000,520000
058766,力山兆豐99購01  ,0,0,0,0,0,0,0,0,0,520000,0,0,0,567000,47000,520000,520000
061080,華邦電兆豐9B購01,0,0,0,0,0,0,0,0,0,518000,0,0,0,663000,145000,518000,518000
060385,台勝科凱基9A購01,0,0,0,0,0,0,0,0,0,517000,0,0,0,572000,55000,517000,517000
062650,南電富邦01購01  ,0,0,0,0,0,0,0,0,0,517000,0,0,0,517000,0,517000,517000
056955,台灣50永豐98購01,0,0,0,0,0,0,0,0,0,515000,0,0,0,515000,0,515000,515000
060784,鴻海富邦9C購01  ,0,0,0,0,0,0,0,0,0,511000,0,0,0,518000,7000,511000,511000
063977,義隆兆豐9C購01  ,0,0,0,0,0,0,0,0,0,503000,0,0,0,989000,486000,503000,503000
2392,正崴            ,631000,132000,499000,0,0,0,0,0,0,4000,1000,6000,-5000,25000,16000,9000,503000
054723,鴻海日盛97購01  ,0,0,0,0,0,0,0,0,0,503000,0,0,0,503000,0,503000,503000
1722,台肥            ,605000,103000,502000,0,0,0,0,2000,-2000,2000,7000,3000,4000,8000,10000,-2000,502000
07406P,大立光凱基99售18,0,0,0,0,0,0,0,0,0,500000,0,0,0,501000,1000,500000,500000
053053,京元電國票97購02,0,0,0,0,0,0,0,0,0,499000,0,0,0,499000,0,499000,499000
052911,友達統一97購02  ,0,0,0,0,0,0,0,0,0,499000,0,0,0,499000,0,499000,499000
058424,滬深2X元富99購04,0,0,0,0,0,0,0,0,0,499000,0,0,0,675000,176000,499000,499000
060226,道瓊反元大9A購01,0,0,0,0,0,0,0,0,0,499000,0,0,0,499000,0,499000,499000
062609,帆宣凱基9B購01  ,0,0,0,0,0,0,0,0,0,499000,0,0,0,512000,13000,499000,499000
054197,台積電永昌96購07,0,0,0,0,0,0,0,0,0,498000,0,0,0,498000,0,498000,498000
060935,T50反1國票9A購08,0,0,0,0,0,0,0,0,0,497000,0,0,0,499000,2000,497000,497000
061298,華新科富邦01購02,0,0,0,0,0,0,0,0,0,495000,0,0,0,499000,4000,495000,495000
063358,華擎國泰01購01  ,0,0,0,0,0,0,0,0,0,494000,0,0,0,581000,87000,494000,494000
8081,致新            ,470000,104000,366000,0,0,0,152000,0,152000,-24000,0,28000,-28000,32000,28000,4000,494000
061379,鈺齊永豐9A購02  ,0,0,0,0,0,0,0,0,0,492000,0,0,0,494000,2000,492000,492000
063450,華新科統一02購01,0,0,0,0,0,0,0,0,0,491000,0,0,0,602000,111000,491000,491000
062687,華擎統一01購02  ,0,0,0,0,0,0,0,0,0,490000,0,0,0,681000,191000,490000,490000
061913,宏碁中信9B購01  ,0,0,0,0,0,0,0,0,0,488000,0,0,0,488000,0,488000,488000
3006,晶豪科          ,572000,287000,285000,0,0,0,0,0,0,201000,25000,6000,19000,201000,19000,182000,486000
063381,和潤永豐9B購01  ,0,0,0,0,0,0,0,0,0,483000,0,0,0,502000,19000,483000,483000
063441,台達電統一9C購01,0,0,0,0,0,0,0,0,0,480000,0,0,0,946000,466000,480000,480000
063093,國產國票9B購01  ,0,0,0,0,0,0,0,0,0,478000,0,0,0,478000,0,478000,478000
055458,燿華永豐98購01  ,0,0,0,0,0,0,0,0,0,475000,0,0,0,500000,25000,475000,475000
063209,巨大統一01購01  ,0,0,0,0,0,0,0,0,0,471000,0,0,0,644000,173000,471000,471000
062131,臺指反群益9B購03,0,0,0,0,0,0,0,0,0,470000,0,0,0,470000,0,470000,470000
2897,王道銀行        ,480000,11000,469000,0,0,0,0,2000,-2000,0,0,0,0,0,0,0,467000
063265,瑞祺永豐9B購01  ,0,0,0,0,0,0,0,0,0,465000,0,0,0,473000,8000,465000,465000
07693P,群創元大9B售10  ,0,0,0,0,0,0,0,0,0,464000,0,0,0,680000,216000,464000,464000
1467,南緯            ,486000,27000,459000,0,0,0,0,0,0,1000,1000,0,1000,0,0,0,460000
055413,全新富邦98購01  ,0,0,0,0,0,0,0,0,0,460000,0,0,0,460000,0,460000,460000
060811,亞德客凱基9A購02,0,0,0,0,0,0,0,0,0,459000,0,0,0,509000,50000,459000,459000
060628,和大富邦9B購01  ,0,0,0,0,0,0,0,0,0,457000,0,0,0,477000,20000,457000,457000
063277,大成鋼元大9B購03,0,0,0,0,0,0,0,0,0,457000,0,0,0,468000,11000,457000,457000
061592,義隆永豐9A購03  ,0,0,0,0,0,0,0,0,0,457000,0,0,0,765000,308000,457000,457000
059039,致伸群益99購01  ,0,0,0,0,0,0,0,0,0,456000,0,0,0,721000,265000,456000,456000
062035,瑞祺群益9B購01  ,0,0,0,0,0,0,0,0,0,456000,0,0,0,577000,121000,456000,456000
058178,國巨國泰9A購02  ,0,0,0,0,0,0,0,0,0,455000,0,0,0,485000,30000,455000,455000
062504,旭富群益9B購02  ,0,0,0,0,0,0,0,0,0,454000,0,0,0,464000,10000,454000,454000
2614,東森            ,1299000,852000,447000,0,0,0,0,0,0,1000,1000,0,1000,0,0,0,448000
062885,臻鼎兆豐9C購01  ,0,0,0,0,0,0,0,0,0,448000,0,0,0,579000,131000,448000,448000
062871,大成鋼兆豐9B購01,0,0,0,0,0,0,0,0,0,447000,0,0,0,497000,50000,447000,447000
063445,金像電統一9B購01,0,0,0,0,0,0,0,0,0,446000,0,0,0,446000,0,446000,446000
2383,台光電          ,784000,648020,135980,0,0,0,306000,44000,262000,46000,122000,104000,18000,130000,102000,28000,443980
054640,健策中信9B購01  ,0,0,0,0,0,0,0,0,0,441000,0,0,0,900000,459000,441000,441000
063027,台汽電元大9B購01,0,0,0,0,0,0,0,0,0,441000,0,0,0,549000,108000,441000,441000
059807,大立光元富99購09,0,0,0,0,0,0,0,0,0,440000,0,0,0,440000,0,440000,440000
062008,南亞科國泰9C購01,0,0,0,0,0,0,0,0,0,440000,0,0,0,681000,241000,440000,440000
061134,大成鋼統一9C購01,0,0,0,0,0,0,0,0,0,438000,0,0,0,439000,1000,438000,438000
062808,祥碩統一9C購01  ,0,0,0,0,0,0,0,0,0,437000,0,0,0,639000,202000,437000,437000
08189P,超眾群益9B售04  ,0,0,0,0,0,0,0,0,0,436000,0,0,0,436000,0,436000,436000
062869,帆宣中信9B購01  ,0,0,0,0,0,0,0,0,0,435000,0,0,0,545000,110000,435000,435000
00669R,國泰美國道瓊反1 ,41000,0,41000,0,0,0,0,0,0,393000,0,0,0,3181000,2788000,393000,434000
00670L,富邦NASDAQ正2   ,289000,5000,284000,0,0,0,0,0,0,149000,221000,0,221000,332000,404000,-72000,433000
055341,台達電凱基97購02,0,0,0,0,0,0,0,0,0,431000,0,0,0,431000,0,431000,431000
9914,美利達          ,548498,401939,146559,0,0,0,231000,0,231000,53000,66000,13000,53000,0,0,0,430559
3682,亞太電          ,752000,321496,430504,0,0,0,0,0,0,0,0,0,0,0,0,0,430504
6491,晶碩            ,215000,58000,157000,0,0,0,271000,0,271000,2000,5000,3000,2000,0,0,0,430000
060060,台積電兆豐99購05,0,0,0,0,0,0,0,0,0,429000,0,0,0,549000,120000,429000,429000
057804,為升元大98購01  ,0,0,0,0,0,0,0,0,0,429000,0,0,0,524000,95000,429000,429000
2349,錸德            ,991000,561000,430000,0,0,0,0,2000,-2000,0,0,0,0,0,0,0,428000
062292,旭富永豐9B購01  ,0,0,0,0,0,0,0,0,0,427000,0,0,0,427000,0,427000,427000
1440,南紡            ,513116,87000,426116,0,0,0,0,0,0,0,0,0,0,0,0,0,426116
054808,東元元大9A購01  ,0,0,0,0,0,0,0,0,0,426000,0,0,0,516000,90000,426000,426000
062828,聯詠群益9B購02  ,0,0,0,0,0,0,0,0,0,425000,0,0,0,430000,5000,425000,425000
063578,瑞祺元大9B購03  ,0,0,0,0,0,0,0,0,0,420000,0,0,0,438000,18000,420000,420000
063850,玉晶光元大9C購07,0,0,0,0,0,0,0,0,0,419000,0,0,0,688000,269000,419000,419000
3533,嘉澤            ,824167,116026,708141,0,0,0,122000,477157,-355157,64000,60000,12000,48000,17000,1000,16000,416984
061614,亞德客群益9A購01,0,0,0,0,0,0,0,0,0,416000,0,0,0,466000,50000,416000,416000
057614,華新科元富99購04,0,0,0,0,0,0,0,0,0,415000,0,0,0,479000,64000,415000,415000
061750,台達電台新9B購01,0,0,0,0,0,0,0,0,0,415000,0,0,0,540000,125000,415000,415000
059950,百和永豐99購02  ,0,0,0,0,0,0,0,0,0,414000,0,0,0,433000,19000,414000,414000
058841,深中小群益01購01,0,0,0,0,0,0,0,0,0,413000,0,0,0,909000,496000,413000,413000
5469,瀚宇博          ,662000,156000,506000,0,0,0,0,0,0,-93000,1000,18000,-17000,33000,109000,-76000,413000
059307,T50反1元大99購06,0,0,0,0,0,0,0,0,0,411000,0,0,0,421000,10000,411000,411000
062416,和大統一01購02  ,0,0,0,0,0,0,0,0,0,411000,0,0,0,1090000,679000,411000,411000
063874,志超永豐9C購01  ,0,0,0,0,0,0,0,0,0,410000,0,0,0,544000,134000,410000,410000
057516,和鑫元富98購01  ,0,0,0,0,0,0,0,0,0,406000,0,0,0,506000,100000,406000,406000
061773,和潤元大9B購01  ,0,0,0,0,0,0,0,0,0,406000,0,0,0,495000,89000,406000,406000
061796,興勤永豐9B購01  ,0,0,0,0,0,0,0,0,0,406000,0,0,0,436000,30000,406000,406000
061689,國巨群益9A購12  ,0,0,0,0,0,0,0,0,0,406000,0,0,0,416000,10000,406000,406000
6669,緯穎            ,1299896,1234456,65440,0,0,0,215000,8000,207000,133000,86000,38000,48000,103000,18000,85000,405440
2006,東和鋼鐵        ,620000,1672000,-1052000,0,0,0,1200000,1000,1199000,257000,257000,0,257000,0,0,0,404000
061384,T50反1群益9A購04,0,0,0,0,0,0,0,0,0,404000,0,0,0,414000,10000,404000,404000
057716,神達統一98購01  ,0,0,0,0,0,0,0,0,0,402000,0,0,0,548000,146000,402000,402000
061307,和潤永豐9A購02  ,0,0,0,0,0,0,0,0,0,402000,0,0,0,528000,126000,402000,402000
057973,神達富邦9A購01  ,0,0,0,0,0,0,0,0,0,401000,0,0,0,491000,90000,401000,401000
063271,中磊兆豐9C購01  ,0,0,0,0,0,0,0,0,0,401000,0,0,0,444000,43000,401000,401000
2913,農林            ,495000,95000,400000,0,0,0,0,0,0,0,0,0,0,0,0,0,400000
053296,貿聯中信98購01  ,0,0,0,0,0,0,0,0,0,400000,0,0,0,400000,0,400000,400000
2834,臺企銀          ,6529389,6135776,393613,0,0,0,0,22000,-22000,27000,3000,9000,-6000,55000,22000,33000,398613
059908,元金2X元大99購01,0,0,0,0,0,0,0,0,0,398000,0,0,0,410000,12000,398000,398000
063075,祥碩永豐9B購04  ,0,0,0,0,0,0,0,0,0,398000,0,0,0,418000,20000,398000,398000
059261,華邦電中信01購01,0,0,0,0,0,0,0,0,0,397000,0,0,0,524000,127000,397000,397000
063061,華新科元富9B購04,0,0,0,0,0,0,0,0,0,397000,0,0,0,493000,96000,397000,397000
062388,旭富國泰01購01  ,0,0,0,0,0,0,0,0,0,397000,0,0,0,438000,41000,397000,397000
058049,帆宣元大98購01  ,0,0,0,0,0,0,0,0,0,395000,0,0,0,395000,0,395000,395000
062653,正隆永豐9B購01  ,0,0,0,0,0,0,0,0,0,395000,0,0,0,395000,0,395000,395000
060008,華邦電群益9A購01,0,0,0,0,0,0,0,0,0,394000,0,0,0,577000,183000,394000,394000
058195,鈺齊永豐99購01  ,0,0,0,0,0,0,0,0,0,392000,0,0,0,392000,0,392000,392000
056693,國產群益98購01  ,0,0,0,0,0,0,0,0,0,391000,0,0,0,391000,0,391000,391000
063431,神隆元富9B購01  ,0,0,0,0,0,0,0,0,0,391000,0,0,0,467000,76000,391000,391000
2206,三陽工業        ,444000,54000,390000,0,0,0,0,0,0,0,0,0,0,0,0,0,390000
06183P,大立光元大97售05,0,0,0,0,0,0,0,0,0,390000,0,0,0,390000,0,390000,390000
2489,瑞軒            ,481000,104000,377000,0,0,0,0,0,0,10000,20000,10000,10000,0,0,0,387000
063646,帆宣元大9B購02  ,0,0,0,0,0,0,0,0,0,386000,0,0,0,386000,0,386000,386000
058210,臺股指凱基9C購04,0,0,0,0,0,0,0,0,0,385000,0,0,0,508000,123000,385000,385000
062618,祥碩元大9B購04  ,0,0,0,0,0,0,0,0,0,384000,0,0,0,393000,9000,384000,384000
056676,國產元富98購01  ,0,0,0,0,0,0,0,0,0,380000,0,0,0,530000,150000,380000,380000
063562,國巨元大9C購06  ,0,0,0,0,0,0,0,0,0,380000,0,0,0,380000,0,380000,380000
056197,友訊永豐97購01  ,0,0,0,0,0,0,0,0,0,379000,0,0,0,572000,193000,379000,379000
062971,英業達元富9B購01,0,0,0,0,0,0,0,0,0,379000,0,0,0,479000,100000,379000,379000
2455,全新            ,518000,255000,263000,0,0,0,0,0,0,113000,62000,24000,38000,89000,14000,75000,376000
063311,喬山群益9B購01  ,0,0,0,0,0,0,0,0,0,376000,0,0,0,463000,87000,376000,376000
063318,京鼎群益9C購02  ,0,0,0,0,0,0,0,0,0,374000,0,0,0,410000,36000,374000,374000
056770,國產元大98購02  ,0,0,0,0,0,0,0,0,0,373000,0,0,0,773000,400000,373000,373000
061187,瀚宇博國泰9C購01,0,0,0,0,0,0,0,0,0,372000,0,0,0,622000,250000,372000,372000
063592,瑞祺永豐9B購02  ,0,0,0,0,0,0,0,0,0,371000,0,0,0,433000,62000,371000,371000
07150P,和碩元大99售01  ,0,0,0,0,0,0,0,0,0,370000,0,0,0,420000,50000,370000,370000
054848,群創兆豐98購01  ,0,0,0,0,0,0,0,0,0,370000,0,0,0,370000,0,370000,370000
058246,帆宣元大99購01  ,0,0,0,0,0,0,0,0,0,370000,0,0,0,390000,20000,370000,370000
060107,旭富元大99購03  ,0,0,0,0,0,0,0,0,0,364000,0,0,0,371000,7000,364000,364000
07919P,創意永豐9B售01  ,0,0,0,0,0,0,0,0,0,363000,0,0,0,369000,6000,363000,363000
058736,鈺齊永豐99購02  ,0,0,0,0,0,0,0,0,0,363000,0,0,0,408000,45000,363000,363000
07353P,大立光國票99售02,0,0,0,0,0,0,0,0,0,362000,0,0,0,362000,0,362000,362000
062461,智伸科群益9B購01,0,0,0,0,0,0,0,0,0,362000,0,0,0,383000,21000,362000,362000
064072,康友永豐9C購01  ,0,0,0,0,0,0,0,0,0,361000,0,0,0,424000,63000,361000,361000
2836,高雄銀          ,370000,10000,360000,0,0,0,0,0,0,0,0,0,0,0,0,0,360000
056639,國產康和98購01  ,0,0,0,0,0,0,0,0,0,360000,0,0,0,476000,116000,360000,360000
4414,如興            ,700000,342000,358000,0,0,0,0,0,0,1000,1000,0,1000,0,0,0,359000
063405,聯發科國票9C購03,0,0,0,0,0,0,0,0,0,359000,0,0,0,521000,162000,359000,359000
059778,上証2X元大9C購03,0,0,0,0,0,0,0,0,0,358000,0,0,0,358000,0,358000,358000
063208,鈺齊統一9C購01  ,0,0,0,0,0,0,0,0,0,358000,0,0,0,439000,81000,358000,358000
3673,TPK-KY          ,712000,261000,451000,0,0,0,0,1000,-1000,-93000,8000,40000,-32000,24000,85000,-61000,357000
3014,聯陽            ,349000,371000,-22000,0,0,0,0,71000,-71000,450000,624000,173000,451000,7000,8000,-1000,357000
07579P,聯茂元大9A售01  ,0,0,0,0,0,0,0,0,0,357000,0,0,0,435000,78000,357000,357000
058410,國巨兆豐99購03  ,0,0,0,0,0,0,0,0,0,356000,0,0,0,394000,38000,356000,356000
058556,百和永豐99購01  ,0,0,0,0,0,0,0,0,0,353000,0,0,0,363000,10000,353000,353000
058229,為升元大99購02  ,0,0,0,0,0,0,0,0,0,353000,0,0,0,727000,374000,353000,353000
060236,精元元大9C購01  ,0,0,0,0,0,0,0,0,0,352000,0,0,0,544000,192000,352000,352000
063831,帆宣國票01購01  ,0,0,0,0,0,0,0,0,0,351000,0,0,0,351000,0,351000,351000
061828,T50反1凱基02購01,0,0,0,0,0,0,0,0,0,350000,0,0,0,350000,0,350000,350000
1227,佳格            ,1607077,1143000,464077,0,0,0,0,40000,-40000,-75000,0,75000,-75000,0,0,0,349077
063804,華邦電兆豐01購01,0,0,0,0,0,0,0,0,0,349000,0,0,0,378000,29000,349000,349000
057258,中環兆豐98購01  ,0,0,0,0,0,0,0,0,0,349000,0,0,0,359000,10000,349000,349000
061720,智邦國泰9C購01  ,0,0,0,0,0,0,0,0,0,349000,0,0,0,487000,138000,349000,349000
056762,亞德客元大98購01,0,0,0,0,0,0,0,0,0,348000,0,0,0,465000,117000,348000,348000
1326,台化            ,4044717,3644041,400676,0,0,0,0,16000,-16000,-37000,5000,0,5000,0,42000,-42000,347676
6153,嘉聯益          ,1149000,1476000,-327000,0,0,0,0,0,0,673000,66000,14000,52000,644000,23000,621000,346000
050170,臺指反元大97購02,0,0,0,0,0,0,0,0,0,345000,0,0,0,455000,110000,345000,345000
058397,大成鋼元大99購02,0,0,0,0,0,0,0,0,0,345000,0,0,0,545000,200000,345000,345000
063279,國巨元大9C購05  ,0,0,0,0,0,0,0,0,0,345000,0,0,0,345000,0,345000,345000
063563,國巨元大9C購07  ,0,0,0,0,0,0,0,0,0,345000,0,0,0,355000,10000,345000,345000
060307,南港永豐9A購01  ,0,0,0,0,0,0,0,0,0,343000,0,0,0,728000,385000,343000,343000
2421,建準            ,1849000,1049000,800000,0,0,0,0,450000,-450000,-8000,2000,12000,-10000,47000,45000,2000,342000
2385,群光            ,1333975,922584,411391,0,0,0,0,13000,-13000,-57000,6000,1000,5000,0,62000,-62000,341391
2501,國建            ,347000,208000,139000,0,0,0,202000,0,202000,0,0,0,0,0,0,0,341000
061469,瑞祺群益9A購02  ,0,0,0,0,0,0,0,0,0,341000,0,0,0,350000,9000,341000,341000
053782,京元電元大98購02,0,0,0,0,0,0,0,0,0,340000,0,0,0,390000,50000,340000,340000
062541,臻鼎國泰01購01  ,0,0,0,0,0,0,0,0,0,337000,0,0,0,337000,0,337000,337000
1449,佳和            ,478000,142000,336000,0,0,0,0,0,0,0,0,0,0,0,0,0,336000
00643,群益深証中小    ,403000,154000,249000,0,0,0,0,0,0,87000,30000,0,30000,129000,72000,57000,336000
058995,台達電元大99購01,0,0,0,0,0,0,0,0,0,336000,0,0,0,369000,33000,336000,336000
062956,同欣電永豐9B購02,0,0,0,0,0,0,0,0,0,336000,0,0,0,396000,60000,336000,336000
07162P,臺股指群益99售13,0,0,0,0,0,0,0,0,0,335000,0,0,0,572000,237000,335000,335000
064069,華新科永豐9C購01,0,0,0,0,0,0,0,0,0,333000,0,0,0,333000,0,333000,333000
056673,中石化元富9B購01,0,0,0,0,0,0,0,0,0,333000,0,0,0,533000,200000,333000,333000
056569,T50正2元大9B購02,0,0,0,0,0,0,0,0,0,332000,0,0,0,332000,0,332000,332000
060709,緯穎富邦9B購01  ,0,0,0,0,0,0,0,0,0,332000,0,0,0,407000,75000,332000,332000
062407,同欣電永豐9B購01,0,0,0,0,0,0,0,0,0,332000,0,0,0,474000,142000,332000,332000
055874,中環元富9A購01  ,0,0,0,0,0,0,0,0,0,331000,0,0,0,581000,250000,331000,331000
060783,亞德客富邦9B購01,0,0,0,0,0,0,0,0,0,331000,0,0,0,846000,515000,331000,331000
061370,晶技國泰9C購01  ,0,0,0,0,0,0,0,0,0,330000,0,0,0,370000,40000,330000,330000
064081,國產中信06購01  ,0,0,0,0,0,0,0,0,0,328000,0,0,0,348000,20000,328000,328000
08118P,嘉澤元富9B售02  ,0,0,0,0,0,0,0,0,0,328000,0,0,0,348000,20000,328000,328000
055746,同欣電元富97購01,0,0,0,0,0,0,0,0,0,328000,0,0,0,418000,90000,328000,328000
061416,聯茂群益9A購01  ,0,0,0,0,0,0,0,0,0,328000,0,0,0,389000,61000,328000,328000
063656,台光電元富03購01,0,0,0,0,0,0,0,0,0,327000,0,0,0,998000,671000,327000,327000
063220,建準群益9B購01  ,0,0,0,0,0,0,0,0,0,327000,0,0,0,342000,15000,327000,327000
061956,和大統一01購01  ,0,0,0,0,0,0,0,0,0,326000,0,0,0,327000,1000,326000,326000
059911,國巨元大99購27  ,0,0,0,0,0,0,0,0,0,325000,0,0,0,365000,40000,325000,325000
064185,裕隆永豐9C購01  ,0,39000,-39000,0,0,0,0,0,0,363000,0,0,0,396000,33000,363000,324000
064172,義隆元富9C購01  ,0,0,0,0,0,0,0,0,0,324000,0,0,0,821000,497000,324000,324000
063205,貿聯統一9C購01  ,0,0,0,0,0,0,0,0,0,324000,0,0,0,488000,164000,324000,324000
058926,勤誠元富99購01  ,0,0,0,0,0,0,0,0,0,323000,0,0,0,1285000,962000,323000,323000
063433,臻鼎元富9B購01  ,0,0,0,0,0,0,0,0,0,322000,0,0,0,410000,88000,322000,322000
059355,國巨富邦9B購03  ,0,0,0,0,0,0,0,0,0,321000,0,0,0,375000,54000,321000,321000
060695,同欣電麥證9A購01,0,0,0,439000,118000,321000,0,0,0,321000,0,0,0,439000,118000,321000,321000
07839P,嘉澤元大9A售04  ,0,0,0,0,0,0,0,0,0,320000,0,0,0,320000,0,320000,320000
059096,百和元大99購04  ,0,0,0,0,0,0,0,0,0,320000,0,0,0,399000,79000,320000,320000
062982,同欣電元富9B購01,0,0,0,0,0,0,0,0,0,319000,0,0,0,528000,209000,319000,319000
051277,聯發科中信9A購01,0,0,0,0,0,0,0,0,0,318000,0,0,0,318000,0,318000,318000
1210,大成            ,754000,273000,481000,0,0,0,30000,206000,-176000,12000,12000,0,12000,0,0,0,317000
3703,欣陸            ,408000,79000,329000,0,0,0,0,0,0,-12000,0,12000,-12000,0,0,0,317000
00762,元大全球AI      ,0,0,0,0,0,0,0,0,0,317000,0,0,0,337000,20000,317000,317000
063672,GIS統一9C購01   ,0,0,0,0,0,0,0,0,0,317000,0,0,0,372000,55000,317000,317000
058312,大毅國泰9B購01  ,0,0,0,0,0,0,0,0,0,316000,0,0,0,316000,0,316000,316000
053297,鎧勝中信98購01  ,0,0,0,0,0,0,0,0,0,315000,0,0,0,409000,94000,315000,315000
054785,建準群益98購01  ,0,0,0,0,0,0,0,0,0,314000,0,0,0,351000,37000,314000,314000
058054,台積電統一9C購01,0,0,0,0,0,0,0,0,0,314000,0,0,0,1242000,928000,314000,314000
061367,瑞祺國票9A購01  ,0,0,0,0,0,0,0,0,0,314000,0,0,0,415000,101000,314000,314000
06421P,嘉澤統一97售02  ,0,0,0,0,0,0,0,0,0,313000,0,0,0,366000,53000,313000,313000
058547,世紀鋼富邦9A購01,0,0,0,0,0,0,0,0,0,313000,0,0,0,313000,0,313000,313000
061405,亞德客國票9B購01,0,0,0,0,0,0,0,0,0,311000,0,0,0,347000,36000,311000,311000
063639,華擎元大9C購03  ,0,0,0,0,0,0,0,0,0,311000,0,0,0,329000,18000,311000,311000
063066,同欣電麥證9B購01,0,0,0,361000,0,361000,0,0,0,311000,0,0,0,361000,50000,311000,311000
3702,大聯大          ,1847041,1395000,452041,0,0,0,0,28000,-28000,-114000,21000,1000,20000,0,134000,-134000,310041
059350,樺漢凱基9A購01  ,0,0,0,0,0,0,0,0,0,310000,0,0,0,326000,16000,310000,310000
056142,超眾元大97購06  ,0,0,0,0,0,0,0,0,0,310000,0,0,0,310000,0,310000,310000
051003,中環中信97購01  ,0,0,0,0,0,0,0,0,0,310000,0,0,0,310000,0,310000,310000
060809,康友群益9A購01  ,0,0,0,0,0,0,0,0,0,310000,0,0,0,332000,22000,310000,310000
058287,國巨國票9A購02  ,0,0,0,0,0,0,0,0,0,310000,0,0,0,315000,5000,310000,310000
8996,高力            ,1179000,628000,551000,0,0,0,0,280000,-280000,39000,40000,1000,39000,0,0,0,310000
054614,玉晶光永豐97購03,0,0,0,0,0,0,0,0,0,309000,0,0,0,310000,1000,309000,309000
058408,華通兆豐99購02  ,0,0,0,0,0,0,0,0,0,309000,0,0,0,510000,201000,309000,309000
062351,瑞祺群益9C購01  ,0,0,0,0,0,0,0,0,0,309000,0,0,0,419000,110000,309000,309000
2855,統一證          ,425000,118000,307000,0,0,0,0,0,0,0,0,0,0,0,0,0,307000
057071,華擎永豐98購02  ,0,0,0,0,0,0,0,0,0,307000,0,0,0,322000,15000,307000,307000
1720,生達            ,671000,365000,306000,0,0,0,0,0,0,0,0,0,0,0,0,0,306000
062171,中磊永豐9B購01  ,0,0,0,0,0,0,0,0,0,306000,0,0,0,316000,10000,306000,306000
00640L,富邦日本正2     ,0,2000,-2000,0,0,0,0,0,0,307000,0,0,0,794000,487000,307000,305000
060851,國巨國泰9C購01  ,0,0,0,0,0,0,0,0,0,305000,0,0,0,627000,322000,305000,305000
6191,精成科          ,557000,254000,303000,0,0,0,0,0,0,2000,2000,0,2000,0,0,0,305000
06853P,華擎元富98售03  ,0,0,0,0,0,0,0,0,0,304000,0,0,0,405000,101000,304000,304000
054097,淘帝國票97購01  ,0,0,0,0,0,0,0,0,0,304000,0,0,0,304000,0,304000,304000
057770,亞德客群益98購01,0,0,0,0,0,0,0,0,0,304000,0,0,0,331000,27000,304000,304000
060361,南亞科元富9A購03,0,0,0,0,0,0,0,0,0,303000,0,0,0,524000,221000,303000,303000
056129,義隆麥證97購01  ,0,0,0,356000,54000,302000,0,0,0,302000,0,0,0,356000,54000,302000,302000
054446,美食兆豐97購01  ,0,0,0,0,0,0,0,0,0,301000,0,0,0,491000,190000,301000,301000
05628P,茂林國票97售02  ,0,0,0,0,0,0,0,0,0,300000,0,0,0,300000,0,300000,300000
061846,元金2X國票9C購01,0,0,0,0,0,0,0,0,0,300000,0,0,0,300000,0,300000,300000
063253,巨大元大9B購03  ,0,0,0,0,0,0,0,0,0,300000,0,0,0,328000,28000,300000,300000
3605,宏致            ,332000,39000,293000,0,0,0,0,0,0,6000,6000,0,6000,0,0,0,299000
063145,台表科統一02購01,0,0,0,0,0,0,0,0,0,298000,0,0,0,612000,314000,298000,298000
3059,華晶科          ,317000,27000,290000,0,0,0,0,0,0,7000,8000,1000,7000,0,0,0,297000
061053,國巨群益9A購08  ,0,0,0,0,0,0,0,0,0,297000,0,0,0,300000,3000,297000,297000
062699,台積電元大01購02,0,0,0,0,0,0,0,0,0,297000,0,0,0,1076000,779000,297000,297000
063218,台塑群益9B購01  ,0,0,0,0,0,0,0,0,0,294000,0,0,0,299000,5000,294000,294000
1447,力鵬            ,324000,31000,293000,0,0,0,0,0,0,0,0,0,0,0,0,0,293000
062497,遠東新群益9B購01,0,0,0,0,0,0,0,0,0,293000,0,0,0,404000,111000,293000,293000
08276P,可成元富9C售02  ,0,0,0,0,0,0,0,0,0,292000,0,0,0,329000,37000,292000,292000
057161,亞德客元大98購02,0,0,0,0,0,0,0,0,0,292000,0,0,0,342000,50000,292000,292000
062879,美食兆豐9B購01  ,0,0,0,0,0,0,0,0,0,291000,0,0,0,300000,9000,291000,291000
07694P,超眾元大9A售05  ,0,0,0,0,0,0,0,0,0,290000,0,0,0,290000,0,290000,290000
07671P,超眾元大9A售04  ,0,0,0,0,0,0,0,0,0,290000,0,0,0,290000,0,290000,290000
056942,昇陽半元富98購01,0,0,0,0,0,0,0,0,0,290000,0,0,0,390000,100000,290000,290000
057512,華邦電台新98購01,0,0,0,0,0,0,0,0,0,290000,0,0,0,780000,490000,290000,290000
062140,元金2X國票9B購03,0,0,0,0,0,0,0,0,0,290000,0,0,0,316000,26000,290000,290000
059849,興勤永豐99購01  ,0,0,0,0,0,0,0,0,0,288000,0,0,0,288000,0,288000,288000
062460,京鼎群益9C購01  ,0,0,0,0,0,0,0,0,0,288000,0,0,0,421000,133000,288000,288000
063582,瑞祺國泰9C購01  ,0,0,0,0,0,0,0,0,0,288000,0,0,0,320000,32000,288000,288000
059819,台積電凱基99購17,0,0,0,0,0,0,0,0,0,286000,0,0,0,286000,0,286000,286000
062663,聯發科群益9B購07,0,0,0,0,0,0,0,0,0,286000,0,0,0,462000,176000,286000,286000
062034,同欣電群益9B購01,0,0,0,0,0,0,0,0,0,286000,0,0,0,372000,86000,286000,286000
2547,日勝生          ,295000,23000,272000,0,0,0,0,0,0,13000,13000,0,13000,0,0,0,285000
07408P,台積電兆豐99售06,0,0,0,0,0,0,0,0,0,284000,0,0,0,519000,235000,284000,284000
059128,友達中信99購02  ,0,0,0,0,0,0,0,0,0,284000,0,0,0,325000,41000,284000,284000
061902,百和永豐9B購01  ,0,0,0,0,0,0,0,0,0,284000,0,0,0,284000,0,284000,284000
054733,鴻海凱基98購04  ,0,0,0,0,0,0,0,0,0,282000,0,0,0,282000,0,282000,282000
058927,勤誠元富99購02  ,0,0,0,0,0,0,0,0,0,282000,0,0,0,440000,158000,282000,282000
061196,世芯永豐9A購06  ,0,0,0,0,0,0,0,0,0,282000,0,0,0,303000,21000,282000,282000
061032,金像電永豐9A購03,0,0,0,0,0,0,0,0,0,281000,0,0,0,370000,89000,281000,281000
062344,力山群益9B購02  ,0,0,0,0,0,0,0,0,0,281000,0,0,0,281000,0,281000,281000
9907,統一實          ,560000,279000,281000,0,0,0,0,0,0,0,0,0,0,0,0,0,281000
055896,南電統一97購02  ,0,0,0,0,0,0,0,0,0,280000,0,0,0,608000,328000,280000,280000
054971,帆宣元大97購02  ,0,0,0,0,0,0,0,0,0,279000,0,0,0,300000,21000,279000,279000
062086,瑞祺元大9B購01  ,0,0,0,0,0,0,0,0,0,279000,0,0,0,281000,2000,279000,279000
061249,億豐群益9A購01  ,0,0,0,0,0,0,0,0,0,279000,0,0,0,279000,0,279000,279000
060700,華新科國泰9C購01,0,0,0,0,0,0,0,0,0,278000,0,0,0,337000,59000,278000,278000
063574,茂林元大9B購07  ,0,0,0,0,0,0,0,0,0,278000,0,0,0,281000,3000,278000,278000
1301,台塑            ,3908105,3496733,411372,0,0,0,0,40000,-40000,-96000,4000,86000,-82000,0,14000,-14000,275372
063990,世芯永豐01購01  ,0,0,0,0,0,0,0,0,0,275000,0,0,0,280000,5000,275000,275000
058146,勤誠元大99購01  ,0,0,0,0,0,0,0,0,0,275000,0,0,0,416000,141000,275000,275000
062887,台積電群益9C購05,0,0,0,0,0,0,0,0,0,275000,0,0,0,469000,194000,275000,275000
061085,聯茂兆豐9A購01  ,0,0,0,0,0,0,0,0,0,274000,0,0,0,394000,120000,274000,274000
061908,台積電中信05購01,0,0,0,0,0,0,0,0,0,272000,0,0,0,275000,3000,272000,272000
08158P,嘉澤元富9B售03  ,0,0,0,0,0,0,0,0,0,270000,0,0,0,455000,185000,270000,270000
062337,台表科統一01購01,0,0,0,0,0,0,0,0,0,270000,0,0,0,436000,166000,270000,270000
060835,亞德客國票9A購01,0,0,0,0,0,0,0,0,0,269000,0,0,0,311000,42000,269000,269000
006208,富邦台50        ,3000,0,3000,0,0,0,0,0,0,265000,0,0,0,577000,312000,265000,268000
061768,晶技元大9B購02  ,0,0,0,0,0,0,0,0,0,268000,0,0,0,268000,0,268000,268000
062688,華擎統一01購03  ,0,0,0,0,0,0,0,0,0,268000,0,0,0,398000,130000,268000,268000
056674,華邦電元富98購01,0,0,0,0,0,0,0,0,0,267000,0,0,0,446000,179000,267000,267000
062220,台光電統一01購01,10000,0,10000,0,0,0,0,0,0,257000,0,0,0,417000,160000,257000,267000
062233,神隆凱基9B購01  ,0,0,0,0,0,0,0,0,0,267000,0,0,0,370000,103000,267000,267000
1319,東陽            ,791226,482000,309226,0,0,0,0,0,0,-43000,1000,44000,-43000,0,0,0,266226
059114,華新科永豐99購05,0,0,0,0,0,0,0,0,0,266000,0,0,0,296000,30000,266000,266000
058506,台積電元大99購09,0,0,0,0,0,0,0,0,0,265000,0,0,0,280000,15000,265000,265000
6141,柏承            ,366000,104000,262000,0,0,0,0,0,0,2000,2000,0,2000,0,0,0,264000
07749P,台郡凱基9A售01  ,0,0,0,0,0,0,0,0,0,263000,0,0,0,300000,37000,263000,263000
058559,華新科日盛99購02,0,0,0,0,0,0,0,0,0,263000,0,0,0,302000,39000,263000,263000
057833,聯發科元富02購06,0,0,0,0,0,0,0,0,0,263000,0,0,0,362000,99000,263000,263000
062824,國巨群益9C購03  ,0,0,0,0,0,0,0,0,0,263000,0,0,0,765000,502000,263000,263000
3653,健策            ,747350,592000,155350,0,0,0,8000,90000,-82000,189000,121000,21000,100000,261000,172000,89000,262350
055647,義隆元富97購01  ,0,0,0,0,0,0,0,0,0,262000,0,0,0,313000,51000,262000,262000
062543,華通富邦9C購01  ,0,1000,-1000,0,0,0,0,0,0,262000,0,0,0,465000,203000,262000,261000
4934,太極            ,350000,89000,261000,0,0,0,0,0,0,0,0,0,0,0,0,0,261000
00635U,元大S&P黃金     ,0,0,0,0,0,0,0,0,0,260000,0,0,0,319000,59000,260000,260000
055464,聚陽凱基97購01  ,0,0,0,0,0,0,0,0,0,260000,0,0,0,260000,0,260000,260000
062454,華通群益9C購03  ,0,0,0,0,0,0,0,0,0,260000,0,0,0,300000,40000,260000,260000
1714,和桐            ,716000,457000,259000,0,0,0,0,0,0,0,0,0,0,0,0,0,259000
055701,亞德客富邦99購01,0,0,0,0,0,0,0,0,0,259000,0,0,0,259000,0,259000,259000
062345,和大群益9B購01  ,0,0,0,0,0,0,0,0,0,259000,0,0,0,359000,100000,259000,259000
062015,喬山永豐9B購01  ,0,0,0,0,0,0,0,0,0,259000,0,0,0,259000,0,259000,259000
063197,遠東新統一9C購01,0,0,0,0,0,0,0,0,0,259000,0,0,0,347000,88000,259000,259000
08075P,聯電群益9C售01  ,0,0,0,0,0,0,0,0,0,258000,0,0,0,268000,10000,258000,258000
062268,力山群益9B購01  ,0,0,0,0,0,0,0,0,0,258000,0,0,0,258000,0,258000,258000
059424,SGBR2X元大9A購01,0,0,0,0,0,0,0,0,0,257000,0,0,0,580000,323000,257000,257000
062135,國巨群益9B購05  ,0,0,0,0,0,0,0,0,0,257000,0,0,0,276000,19000,257000,257000
064045,南亞科統一9C購04,0,0,0,0,0,0,0,0,0,256000,0,0,0,259000,3000,256000,256000
062822,力成兆豐9B購01  ,0,0,0,0,0,0,0,0,0,256000,0,0,0,316000,60000,256000,256000
2379,瑞昱            ,1124337,868155,256182,0,0,0,8000,9000,-1000,-1000,8000,25000,-17000,30000,14000,16000,254182
2204,中華            ,509000,259000,250000,0,0,0,0,1000,-1000,5000,5000,0,5000,0,0,0,254000
1215,卜蜂            ,300000,62000,238000,0,0,0,0,0,0,16000,0,6000,-6000,24000,2000,22000,254000
062408,致新永豐9B購01  ,0,0,0,0,0,0,0,0,0,254000,0,0,0,363000,109000,254000,254000
07821P,臺股指國票9A售12,0,0,0,0,0,0,0,0,0,253000,0,0,0,515000,262000,253000,253000
063794,亞德客凱基9C購01,0,0,0,0,0,0,0,0,0,253000,0,0,0,351000,98000,253000,253000
057523,大成鋼元大99購01,0,0,0,0,0,0,0,0,0,253000,0,0,0,392000,139000,253000,253000
057298,旭富永豐98購01  ,0,0,0,0,0,0,0,0,0,253000,0,0,0,345000,92000,253000,253000
058720,旭富元富99購01  ,0,0,0,0,0,0,0,0,0,253000,0,0,0,253000,0,253000,253000
060934,台汽電永豐9A購02,0,0,0,0,0,0,0,0,0,253000,0,0,0,254000,1000,253000,253000
06154P,超眾元大98售01  ,0,0,0,0,0,0,0,0,0,253000,0,0,0,270000,17000,253000,253000
060467,神基元大9A購01  ,0,0,0,0,0,0,0,0,0,252000,0,0,0,379000,127000,252000,252000
063128,智伸科元大9B購01,0,0,0,0,0,0,0,0,0,252000,0,0,0,286000,34000,252000,252000
063808,台表科兆豐9C購01,0,0,0,0,0,0,0,0,0,251000,0,0,0,256000,5000,251000,251000
055027,牧德國泰99購01  ,0,0,0,0,0,0,0,0,0,250000,0,0,0,250000,0,250000,250000
053871,臻鼎元大96購03  ,0,0,0,0,0,0,0,0,0,250000,0,0,0,250000,0,250000,250000
052044,華通凱基97購01  ,0,0,0,0,0,0,0,0,0,250000,0,0,0,250000,0,250000,250000
054137,聯詠元大97購02  ,0,0,0,0,0,0,0,0,0,250000,0,0,0,250000,0,250000,250000
6142,友勁            ,63000,4000,59000,0,0,0,0,0,0,191000,191000,0,191000,0,0,0,250000
07421P,國泰金元大99售01,0,0,0,0,0,0,0,0,0,249000,0,0,0,249000,0,249000,249000
058496,文曄群益99購01  ,0,0,0,0,0,0,0,0,0,249000,0,0,0,249000,0,249000,249000
062232,聯詠麥證9C購01  ,0,0,0,259000,10000,249000,0,0,0,249000,0,0,0,259000,10000,249000,249000
062406,臻鼎永豐9B購01  ,0,0,0,0,0,0,0,0,0,248000,0,0,0,248000,0,248000,248000
063958,瑞祺元大9C購01  ,0,0,0,0,0,0,0,0,0,246000,0,0,0,385000,139000,246000,246000
056599,臻鼎元富98購01  ,0,0,0,0,0,0,0,0,0,245000,0,0,0,245000,0,245000,245000
060596,元黃金凱基9A購02,0,0,0,0,0,0,0,0,0,245000,0,0,0,245000,0,245000,245000
058616,台虹元大9A購01  ,0,0,0,0,0,0,0,0,0,245000,0,0,0,250000,5000,245000,245000
057138,亞德客兆豐98購01,0,0,0,0,0,0,0,0,0,245000,0,0,0,285000,40000,245000,245000
060031,旭富永豐99購02  ,0,0,0,0,0,0,0,0,0,245000,0,0,0,245000,0,245000,245000
062395,台表科富邦9C購01,0,0,0,0,0,0,0,0,0,245000,0,0,0,250000,5000,245000,245000
058878,旭富國泰9B購01  ,0,0,0,0,0,0,0,0,0,244000,0,0,0,251000,7000,244000,244000
061094,彩晶統一9B購02  ,0,0,0,0,0,0,0,0,0,244000,0,0,0,895000,651000,244000,244000
060430,和潤永豐9A購01  ,0,0,0,0,0,0,0,0,0,243000,0,0,0,288000,45000,243000,243000
062088,緯穎元大9B購04  ,0,0,0,0,0,0,0,0,0,242000,0,0,0,353000,111000,242000,242000
06431P,新日興元大97售05,0,0,0,0,0,0,0,0,0,241000,0,0,0,276000,35000,241000,241000
062017,京鼎永豐9B購01  ,0,0,0,0,0,0,0,0,0,241000,0,0,0,364000,123000,241000,241000
07011P,宏達電凱基99售02,0,0,0,0,0,0,0,0,0,240000,0,0,0,256000,16000,240000,240000
058672,可成群益9B購02  ,0,0,0,0,0,0,0,0,0,240000,0,0,0,246000,6000,240000,240000
063334,復盛國票9B購01  ,0,0,0,0,0,0,0,0,0,240000,0,0,0,260000,20000,240000,240000
059450,和大永豐99購01  ,0,0,0,0,0,0,0,0,0,239000,0,0,0,254000,15000,239000,239000
00708L,元大S&P黃金正2  ,0,1000,-1000,0,0,0,0,0,0,240000,0,0,0,3742000,3502000,240000,239000
00730,富邦臺灣優質高息,0,0,0,0,0,0,0,0,0,239000,0,0,0,550000,311000,239000,239000
054633,臺股指凱基9A購02,0,0,0,0,0,0,0,0,0,239000,0,0,0,239000,0,239000,239000
062785,世芯元大9C購01  ,0,0,0,0,0,0,0,0,0,237000,0,0,0,295000,58000,237000,237000
064248,億光元富9C購01  ,0,0,0,0,0,0,0,0,0,236000,0,0,0,236000,0,236000,236000
07777P,創意元大9A售03  ,0,0,0,0,0,0,0,0,0,236000,0,0,0,236000,0,236000,236000
07711P,世芯元大9A售07  ,0,0,0,0,0,0,0,0,0,236000,0,0,0,242000,6000,236000,236000
055972,GIS元大97購04   ,0,0,0,0,0,0,0,0,0,235000,0,0,0,247000,12000,235000,235000
060987,華新科元大9A購11,0,0,0,0,0,0,0,0,0,235000,0,0,0,236000,1000,235000,235000
063293,億豐元大9B購01  ,0,0,0,0,0,0,0,0,0,234000,0,0,0,234000,0,234000,234000
062287,康友群益9B購02  ,0,0,0,0,0,0,0,0,0,234000,0,0,0,235000,1000,234000,234000
08210P,健策元富9B售02  ,0,0,0,0,0,0,0,0,0,233000,0,0,0,300000,67000,233000,233000
063768,華新科國泰9C購03,0,0,0,0,0,0,0,0,0,233000,0,0,0,266000,33000,233000,233000
07122P,欣興凱基99售05  ,0,0,0,0,0,0,0,0,0,232000,0,0,0,339000,107000,232000,232000
054467,隆達凱基97購01  ,0,0,0,0,0,0,0,0,0,232000,0,0,0,232000,0,232000,232000
062116,元金2X第一9B購01,0,0,0,0,0,0,0,0,0,232000,0,0,0,232000,0,232000,232000
064294,和大中信9C購01  ,0,0,0,0,0,0,0,0,0,231000,0,0,0,320000,89000,231000,231000
061062,和大凱基9A購02  ,0,0,0,0,0,0,0,0,0,231000,0,0,0,255000,24000,231000,231000
063996,貿聯群益9C購01  ,0,0,0,0,0,0,0,0,0,230000,0,0,0,302000,72000,230000,230000
060696,道瓊反國泰9C購01,0,0,0,0,0,0,0,0,0,230000,0,0,0,230000,0,230000,230000
06163P,聯詠群益97售01  ,0,0,0,0,0,0,0,0,0,230000,0,0,0,230000,0,230000,230000
064063,健策國泰01購02  ,0,0,0,0,0,0,0,0,0,228000,0,0,0,1059000,831000,228000,228000
063883,超眾元富9C購02  ,0,0,0,0,0,0,0,0,0,228000,0,0,0,293000,65000,228000,228000
060433,億豐永豐9A購01  ,0,0,0,0,0,0,0,0,0,228000,0,0,0,236000,8000,228000,228000
061256,亞德客凱基9B購01,0,0,0,0,0,0,0,0,0,227000,0,0,0,277000,50000,227000,227000
062881,緯創兆豐9C購01  ,0,0,0,0,0,0,0,0,0,227000,0,0,0,401000,174000,227000,227000
052167,亞泥元大96購01  ,0,0,0,0,0,0,0,0,0,226000,0,0,0,227000,1000,226000,226000
062567,祥碩中信9C購01  ,0,0,0,0,0,0,0,0,0,225000,0,0,0,328000,103000,225000,225000
1905,華紙            ,305000,82000,223000,0,0,0,0,0,0,1000,1000,0,1000,0,0,0,224000
054292,欣興元大96購06  ,0,0,0,0,0,0,0,0,0,223000,0,0,0,223000,0,223000,223000
062689,華擎統一02購01  ,0,0,0,0,0,0,0,0,0,223000,0,0,0,271000,48000,223000,223000
058604,華邦電元大99購03,0,0,0,0,0,0,0,0,0,222000,0,0,0,386000,164000,222000,222000
064165,同欣電統一01購01,0,0,0,0,0,0,0,0,0,221000,0,0,0,357000,136000,221000,221000
060228,亞德客元大9A購01,0,0,0,0,0,0,0,0,0,221000,0,0,0,265000,44000,221000,221000
063249,祥碩元大9B購06  ,0,0,0,0,0,0,0,0,0,221000,0,0,0,422000,201000,221000,221000
061210,玉山金元大9A購02,0,0,0,0,0,0,0,0,0,221000,0,0,0,230000,9000,221000,221000
058398,中環元大99購02  ,0,0,0,0,0,0,0,0,0,220000,0,0,0,280000,60000,220000,220000
063953,世芯元大01購01  ,0,2000,-2000,0,0,0,0,0,0,221000,0,0,0,238000,17000,221000,219000
056292,統一元大97購01  ,0,0,0,0,0,0,0,0,0,219000,0,0,0,224000,5000,219000,219000
062069,喬山元大9B購01  ,0,0,0,0,0,0,0,0,0,219000,0,0,0,232000,13000,219000,219000
063380,台表科永豐9B購03,0,0,0,0,0,0,0,0,0,218000,0,0,0,221000,3000,218000,218000
00739,元大MSCI A股    ,0,0,0,0,0,0,0,0,0,217000,0,0,0,571000,354000,217000,217000
060299,友訊國泰9B購01  ,0,0,0,0,0,0,0,0,0,217000,0,0,0,252000,35000,217000,217000
063232,裕隆元大9B購01  ,0,0,0,0,0,0,0,0,0,217000,0,0,0,231000,14000,217000,217000
063692,華擎永豐9B購02  ,0,0,0,0,0,0,0,0,0,217000,0,0,0,228000,11000,217000,217000
2207,和泰車          ,591421,386000,205421,0,0,0,0,0,0,11000,12000,1000,11000,0,0,0,216421
053259,卜蜂群益97購01  ,0,0,0,0,0,0,0,0,0,216000,0,0,0,217000,1000,216000,216000
061030,喬山永豐9A購01  ,0,0,0,0,0,0,0,0,0,216000,0,0,0,266000,50000,216000,216000
061687,大成鋼群益9A購01,0,0,0,0,0,0,0,0,0,216000,0,0,0,216000,0,216000,216000
061516,力成永豐9A購02  ,0,0,0,0,0,0,0,0,0,216000,0,0,0,216000,0,216000,216000
1712,興農            ,271000,62000,209000,0,0,0,0,0,0,6000,6000,0,6000,0,0,0,215000
058618,南電元大99購02  ,0,0,0,0,0,0,0,0,0,215000,0,0,0,250000,35000,215000,215000
060123,光罩永豐99購02  ,0,0,0,0,0,0,0,0,0,215000,0,0,0,215000,0,215000,215000
2511,太子            ,551000,337000,214000,0,0,0,0,0,0,0,0,0,0,0,0,0,214000
060233,宏碁元大9A購01  ,0,0,0,0,0,0,0,0,0,214000,0,0,0,282000,68000,214000,214000
058969,亞德客永豐99購01,0,0,0,0,0,0,0,0,0,214000,0,0,0,216000,2000,214000,214000
060718,中磊永豐9A購01  ,0,0,0,0,0,0,0,0,0,214000,0,0,0,243000,29000,214000,214000
060634,矽創富邦9B購01  ,0,0,0,0,0,0,0,0,0,213000,0,0,0,218000,5000,213000,213000
058112,神達元富98購01  ,0,0,0,0,0,0,0,0,0,213000,0,0,0,283000,70000,213000,213000
062836,同欣電群益9B購02,0,0,0,0,0,0,0,0,0,213000,0,0,0,344000,131000,213000,213000
1907,永豐餘          ,450000,233000,217000,0,0,0,0,0,0,-5000,0,5000,-5000,0,0,0,212000
054873,帆宣群益99購01  ,0,0,0,0,0,0,0,0,0,212000,0,0,0,212000,0,212000,212000
062709,帆宣元大9B購01  ,0,0,0,0,0,0,0,0,0,212000,0,0,0,222000,10000,212000,212000
062113,瑞祺國票9B購01  ,0,0,0,0,0,0,0,0,0,212000,0,0,0,225000,13000,212000,212000
1229,聯華            ,701000,489581,211419,0,0,0,0,0,0,0,0,0,0,0,0,0,211419
055026,健和興國泰98購01,0,0,0,0,0,0,0,0,0,211000,0,0,0,241000,30000,211000,211000
062722,京元電凱基9B購02,0,0,0,0,0,0,0,0,0,211000,0,0,0,324000,113000,211000,211000
063072,裕隆永豐9B購01  ,0,0,0,0,0,0,0,0,0,211000,0,0,0,585000,374000,211000,211000
07553P,嘉晶元大9A售02  ,0,0,0,0,0,0,0,0,0,210000,0,0,0,230000,20000,210000,210000
056744,麗豐凱基9A購01  ,0,0,0,0,0,0,0,0,0,210000,0,0,0,225000,15000,210000,210000
056320,京鼎群益99購01  ,0,0,0,0,0,0,0,0,0,208000,0,0,0,278000,70000,208000,208000
056852,矽格元富98購01  ,0,0,0,0,0,0,0,0,0,208000,0,0,0,208000,0,208000,208000
059051,和大凱基9A購01  ,0,0,0,0,0,0,0,0,0,208000,0,0,0,217000,9000,208000,208000
063168,台表科永豐9B購01,0,0,0,0,0,0,0,0,0,208000,0,0,0,242000,34000,208000,208000
07131P,緯穎元大99售06  ,0,0,0,0,0,0,0,0,0,207000,0,0,0,266000,59000,207000,207000
06654P,欣興元大98售08  ,0,0,0,0,0,0,0,0,0,207000,0,0,0,369000,162000,207000,207000
2841,台開            ,288000,88000,200000,0,0,0,0,0,0,7000,9000,2000,7000,0,0,0,207000
057696,聯電群益9A購01  ,0,0,0,0,0,0,0,0,0,207000,0,0,0,320000,113000,207000,207000
060733,和大統一9C購01  ,0,0,0,0,0,0,0,0,0,207000,0,0,0,348000,141000,207000,207000
1309,台達化          ,1614000,1294000,320000,0,0,0,0,0,0,-114000,0,114000,-114000,0,0,0,206000
07709P,創意元大9A售01  ,0,0,0,0,0,0,0,0,0,206000,0,0,0,206000,0,206000,206000
055025,華新科國泰98購02,0,0,0,0,0,0,0,0,0,206000,0,0,0,219000,13000,206000,206000
053294,聯發科中信9C購01,0,0,0,0,0,0,0,0,0,206000,0,0,0,273000,67000,206000,206000
03050X,元展47          ,0,0,0,0,0,0,0,0,0,206000,0,0,0,323000,117000,206000,206000
063118,中鋼元大9C購01  ,0,0,0,0,0,0,0,0,0,206000,0,0,0,211000,5000,206000,206000
2101,南港            ,819000,1096000,-277000,0,0,0,109000,0,109000,373000,261000,0,261000,329000,217000,112000,205000
055209,勤誠康和97購01  ,0,0,0,0,0,0,0,0,0,205000,0,0,0,345000,140000,205000,205000
058768,南港兆豐99購01  ,0,0,0,0,0,0,0,0,0,205000,0,0,0,359000,154000,205000,205000
062968,仁寶元富9B購01  ,0,0,0,0,0,0,0,0,0,205000,0,0,0,255000,50000,205000,205000
07366P,國巨康和99售02  ,0,0,0,0,0,0,0,0,0,204000,0,0,0,584000,380000,204000,204000
057324,億光群益98購01  ,0,0,0,0,0,0,0,0,0,204000,0,0,0,204000,0,204000,204000
064293,勤誠元大9C購01  ,0,0,0,0,0,0,0,0,0,203000,0,0,0,404000,201000,203000,203000
060539,道瓊反凱基9A購01,0,0,0,0,0,0,0,0,0,203000,0,0,0,203000,0,203000,203000
057798,貿聯兆豐99購01  ,0,0,0,0,0,0,0,0,0,203000,0,0,0,418000,215000,203000,203000
2608,嘉里大榮        ,231000,29000,202000,0,0,0,0,0,0,0,0,0,0,0,0,0,202000
058925,旭富元富99購02  ,0,0,0,0,0,0,0,0,0,202000,0,0,0,202000,0,202000,202000
057328,京鼎群益99購02  ,0,0,0,0,0,0,0,0,0,202000,0,0,0,258000,56000,202000,202000
061823,勤誠群益9B購01  ,0,0,0,0,0,0,0,0,0,202000,0,0,0,323000,121000,202000,202000
07791P,奇鋐元大9A售02  ,0,0,0,0,0,0,0,0,0,201000,0,0,0,210000,9000,201000,201000
059268,鎧勝中信01購01  ,0,0,0,0,0,0,0,0,0,201000,0,0,0,201000,0,201000,201000
056823,智伸科永豐98購01,0,0,0,0,0,0,0,0,0,201000,0,0,0,209000,8000,201000,201000
00737,國泰AI+Robo     ,146000,0,146000,0,0,0,0,0,0,55000,0,0,0,340000,285000,55000,201000
058240,景碩元大99購04  ,0,0,0,0,0,0,0,0,0,201000,0,0,0,240000,39000,201000,201000
062932,滬深2X凱基01購01,0,0,0,0,0,0,0,0,0,201000,0,0,0,201000,0,201000,201000
07683P,宏達電凱基9A售03,0,0,0,0,0,0,0,0,0,200000,0,0,0,200000,0,200000,200000
07949P,滬深2X元大9B售04,0,0,0,0,0,0,0,0,0,200000,0,0,0,200000,0,200000,200000
06845P,億光元大98售02  ,0,0,0,0,0,0,0,0,0,200000,0,0,0,200000,0,200000,200000
06657P,寶成元大98售01  ,0,0,0,0,0,0,0,0,0,200000,0,0,0,200000,0,200000,200000
054308,嘉晶凱基98購01  ,0,0,0,0,0,0,0,0,0,200000,0,0,0,200000,0,200000,200000
053061,GIS富邦97購01   ,0,0,0,0,0,0,0,0,0,200000,0,0,0,200000,0,200000,200000
053507,百和兆豐96購01  ,0,0,0,0,0,0,0,0,0,200000,0,0,0,200000,0,200000,200000
054510,S&P反1元大98購01,0,0,0,0,0,0,0,0,0,200000,0,0,0,250000,50000,200000,200000
056249,鴻海兆豐97購05  ,0,0,0,0,0,0,0,0,0,200000,0,0,0,200000,0,200000,200000
062573,大毅群益9B購03  ,0,0,0,0,0,0,0,0,0,200000,0,0,0,220000,20000,200000,200000
062026,華邦電群益9B購01,0,0,0,0,0,0,0,0,0,200000,0,0,0,359000,159000,200000,200000
06230P,亞德客永豐97售03,0,0,0,0,0,0,0,0,0,200000,0,0,0,200000,0,200000,200000
061429,南六元大9A購02  ,0,0,0,0,0,0,0,0,0,200000,0,0,0,200000,0,200000,200000
061633,統一元大9A購01  ,5000,0,5000,0,0,0,0,0,0,195000,0,0,0,200000,5000,195000,200000
061398,力成中信9A購01  ,0,0,0,0,0,0,0,0,0,200000,0,0,0,305000,105000,200000,200000
07966P,瑞祺群益9B售02  ,0,0,0,0,0,0,0,0,0,199000,0,0,0,200000,1000,199000,199000
061645,超眾元大9A購06  ,0,0,0,0,0,0,0,0,0,199000,0,0,0,200000,1000,199000,199000
063659,世紀鋼元富9B購01,0,0,0,0,0,0,0,0,0,199000,0,0,0,200000,1000,199000,199000
1604,聲寶            ,232000,28000,204000,0,0,0,0,0,0,-6000,0,6000,-6000,0,0,0,198000
053391,嘉聯益元大99購01,0,0,0,0,0,0,0,0,0,198000,0,0,0,200000,2000,198000,198000
00830,國泰費城半導體  ,54000,29000,25000,0,0,0,0,0,0,173000,22000,0,22000,428000,277000,151000,198000
058208,百和凱基99購01  ,0,0,0,0,0,0,0,0,0,198000,0,0,0,259000,61000,198000,198000
061432,世紀鋼元大9A購05,0,0,0,0,0,0,0,0,0,198000,0,0,0,200000,2000,198000,198000
2426,鼎元            ,327000,131000,196000,0,0,0,0,0,0,1000,2000,1000,1000,0,0,0,197000
059901,滬深2X元大9C購07,0,0,0,0,0,0,0,0,0,197000,0,0,0,197000,0,197000,197000
063560,力山元大9B購05  ,0,0,0,0,0,0,0,0,0,197000,0,0,0,242000,45000,197000,197000
062684,華新科統一01購02,0,0,0,0,0,0,0,0,0,197000,0,0,0,271000,74000,197000,197000
059024,大立光統一9B購04,0,0,0,0,0,0,0,0,0,196000,0,0,0,226000,30000,196000,196000
057502,訊芯群益98購02  ,0,0,0,0,0,0,0,0,0,196000,0,0,0,196000,0,196000,196000
062924,世紀鋼元大9C購04,0,0,0,0,0,0,0,0,0,196000,0,0,0,201000,5000,196000,196000
056810,群創統一9A購01  ,0,0,0,0,0,0,0,0,0,195000,0,0,0,400000,205000,195000,195000
056089,同欣電統一98購01,0,0,0,0,0,0,0,0,0,195000,0,0,0,270000,75000,195000,195000
060991,京鼎元大9A購01  ,0,0,0,0,0,0,0,0,0,195000,0,0,0,201000,6000,195000,195000
062972,京元電元富9B購01,0,0,0,0,0,0,0,0,0,195000,0,0,0,231000,36000,195000,195000
062823,台表科兆豐9B購01,0,0,0,0,0,0,0,0,0,195000,0,0,0,302000,107000,195000,195000
055803,鎧勝永豐97購01  ,0,0,0,0,0,0,0,0,0,194000,0,0,0,194000,0,194000,194000
059198,華新科永豐99購06,0,0,0,0,0,0,0,0,0,194000,0,0,0,350000,156000,194000,194000
057436,義隆國票99購02  ,0,0,0,0,0,0,0,0,0,194000,0,0,0,269000,75000,194000,194000
08290P,高鐵統一01售01  ,0,0,0,0,0,0,0,0,0,193000,0,0,0,193000,0,193000,193000
07535P,上銀元富9A售03  ,0,0,0,0,0,0,0,0,0,193000,0,0,0,250000,57000,193000,193000
056574,亞光元大99購03  ,0,0,0,0,0,0,0,0,0,193000,0,0,0,346000,153000,193000,193000
053648,台積電凱基97購04,0,0,0,0,0,0,0,0,0,193000,0,0,0,200000,7000,193000,193000
059103,旭富元富99購03  ,0,0,0,0,0,0,0,0,0,193000,0,0,0,193000,0,193000,193000
062747,立積永豐9B購01  ,0,0,0,0,0,0,0,0,0,193000,0,0,0,193000,0,193000,193000
063383,億豐永豐9B購02  ,0,0,0,0,0,0,0,0,0,193000,0,0,0,193000,0,193000,193000
07735P,臺股指富邦9A售03,0,0,0,0,0,0,0,0,0,191000,0,0,0,191000,0,191000,191000
4104,佳醫            ,206000,13000,193000,0,0,0,0,0,0,-2000,0,2000,-2000,0,0,0,191000
055546,台積電凱基97購12,0,0,0,0,0,0,0,0,0,190000,0,0,0,190000,0,190000,190000
056685,光罩統一98購03  ,0,0,0,0,0,0,0,0,0,190000,0,0,0,190000,0,190000,190000
056236,台積電群益97購06,0,0,0,0,0,0,0,0,0,190000,0,0,0,280000,90000,190000,190000
056327,樺漢兆豐98購01  ,0,0,0,0,0,0,0,0,0,190000,0,0,0,190000,0,190000,190000
058732,矽格永豐99購01  ,0,0,0,0,0,0,0,0,0,190000,0,0,0,200000,10000,190000,190000
057391,樺漢永豐98購01  ,0,0,0,0,0,0,0,0,0,190000,0,0,0,200000,10000,190000,190000
057190,立積元大9A購02  ,0,0,0,0,0,0,0,0,0,190000,0,0,0,256000,66000,190000,190000
2820,華票            ,287000,98000,189000,0,0,0,0,0,0,0,0,0,0,0,0,0,189000
056417,欣興中信98購01  ,0,0,0,0,0,0,0,0,0,189000,0,0,0,466000,277000,189000,189000
020000,富邦特選蘋果N   ,0,0,0,0,0,0,0,0,0,189000,0,0,0,189000,0,189000,189000
063446,台光電統一01購02,0,0,0,0,0,0,0,0,0,189000,0,0,0,274000,85000,189000,189000
08086P,燿華凱基9B售03  ,0,0,0,0,0,0,0,0,0,187000,0,0,0,220000,33000,187000,187000
00701,國泰股利精選30  ,93000,0,93000,0,0,0,0,0,0,94000,0,0,0,166000,72000,94000,187000
057354,聯鈞統一99購03  ,0,0,0,0,0,0,0,0,0,187000,0,0,0,230000,43000,187000,187000
3711,日月光投控      ,7307088,7067700,239388,0,0,0,0,283000,-283000,230000,230000,26000,204000,38000,12000,26000,186388
03444B,臺股指元大9C熊02,0,0,0,0,0,0,0,0,0,186000,0,0,0,187000,1000,186000,186000
058422,百和麥證99購01  ,0,0,0,186000,0,186000,0,0,0,186000,0,0,0,186000,0,186000,186000
062645,國巨國泰9B購08  ,0,0,0,0,0,0,0,0,0,186000,0,0,0,208000,22000,186000,186000
063170,智邦第一9B購01  ,0,0,0,0,0,0,0,0,0,186000,0,0,0,220000,34000,186000,186000
07260P,台灣50元大9A售01,0,0,0,0,0,0,0,0,0,185000,0,0,0,185000,0,185000,185000
07020P,玉晶光台新99售02,0,0,0,0,0,0,0,0,0,185000,0,0,0,510000,325000,185000,185000
064173,國產元富9C購01  ,0,0,0,0,0,0,0,0,0,185000,0,0,0,413000,228000,185000,185000
060042,台積電群益99購12,0,0,0,0,0,0,0,0,0,185000,0,0,0,185000,0,185000,185000
064413,世紀鋼凱基02購01,0,0,0,0,0,0,0,0,0,184000,0,0,0,191000,7000,184000,184000
053056,同欣電國票97購01,0,0,0,0,0,0,0,0,0,184000,0,0,0,232000,48000,184000,184000
058722,台郡元富99購01  ,0,0,0,0,0,0,0,0,0,184000,0,0,0,235000,51000,184000,184000
061877,貿聯元大9B購01  ,0,0,0,0,0,0,0,0,0,184000,0,0,0,202000,18000,184000,184000
059375,道瓊反群益9C購02,0,0,0,0,0,0,0,0,0,183000,0,0,0,461000,278000,183000,183000
057839,台積電富邦9A購02,0,0,0,0,0,0,0,0,0,183000,0,0,0,193000,10000,183000,183000
057727,華邦電國泰9A購01,0,0,0,0,0,0,0,0,0,183000,0,0,0,183000,0,183000,183000
061478,奇鋐元大9A購01  ,0,0,0,0,0,0,0,0,0,183000,0,0,0,262000,79000,183000,183000
064237,奇鋐統一01購01  ,0,0,0,0,0,0,0,0,0,182000,0,0,0,297000,115000,182000,182000
1515,力山            ,527000,188000,339000,0,0,0,74000,22000,52000,-209000,1000,8000,-7000,18000,220000,-202000,182000
07634P,金像電元大9A售01,0,0,0,0,0,0,0,0,0,182000,0,0,0,385000,203000,182000,182000
07635P,世芯永豐9A售05  ,0,0,0,0,0,0,0,0,0,182000,0,0,0,187000,5000,182000,182000
054791,泰碩群益99購02  ,0,0,0,0,0,0,0,0,0,182000,0,0,0,257000,75000,182000,182000
063351,億豐統一9B購01  ,0,0,0,0,0,0,0,0,0,182000,0,0,0,203000,21000,182000,182000
4927,泰鼎-KY         ,1168000,420000,748000,0,0,0,0,537000,-537000,-29000,80000,106000,-26000,15000,18000,-3000,182000
1315,達新            ,302000,126000,176000,0,0,0,0,0,0,5000,0,0,0,16000,11000,5000,181000
2106,建大            ,386000,140000,246000,0,0,0,0,0,0,-65000,0,65000,-65000,0,0,0,181000
064210,台光電凱基03購01,0,0,0,0,0,0,0,0,0,181000,0,0,0,280000,99000,181000,181000
052296,TPK國票96購01   ,0,0,0,0,0,0,0,0,0,181000,0,0,0,181000,0,181000,181000
057675,同欣電元大98購02,0,0,0,0,0,0,0,0,0,181000,0,0,0,347000,166000,181000,181000
2915,潤泰全          ,1103000,913940,189060,0,0,0,0,0,0,-9000,1000,2000,-1000,60000,68000,-8000,180060
07032P,聯發科統一9C售02,0,0,0,0,0,0,0,0,0,180000,0,0,0,400000,220000,180000,180000
052794,群創兆豐97購01  ,0,0,0,0,0,0,0,0,0,180000,0,0,0,180000,0,180000,180000
062045,崇越凱基9B購01  ,0,0,0,0,0,0,0,0,0,180000,0,0,0,200000,20000,180000,180000
063876,華新元富9C購01  ,0,0,0,0,0,0,0,0,0,179000,0,0,0,367000,188000,179000,179000
2453,凌群            ,216000,37000,179000,0,0,0,0,0,0,0,0,0,0,0,0,0,179000
07834P,聯詠群益9A售03  ,0,0,0,0,0,0,0,0,0,179000,0,0,0,199000,20000,179000,179000
058197,國巨中信99購02  ,0,0,0,0,0,0,0,0,0,179000,0,0,0,179000,0,179000,179000
059008,鈺齊元大99購03  ,0,0,0,0,0,0,0,0,0,179000,0,0,0,249000,70000,179000,179000
061168,力成兆豐9A購01  ,0,0,0,0,0,0,0,0,0,179000,0,0,0,207000,28000,179000,179000
057490,可成元大98購10  ,0,0,0,0,0,0,0,0,0,178000,0,0,0,250000,72000,178000,178000
058456,京鼎永豐99購01  ,0,0,0,0,0,0,0,0,0,178000,0,0,0,248000,70000,178000,178000
061306,瑞祺永豐9A購02  ,0,0,0,0,0,0,0,0,0,178000,0,0,0,179000,1000,178000,178000
062246,力山元大9B購02  ,0,0,0,0,0,0,0,0,0,178000,0,0,0,190000,12000,178000,178000
063393,華通群益9C購05  ,0,0,0,0,0,0,0,0,0,178000,0,0,0,508000,330000,178000,178000
063270,喬山兆豐9C購01  ,0,0,0,0,0,0,0,0,0,178000,0,0,0,267000,89000,178000,178000
062642,帆宣國票9B購01  ,0,0,0,0,0,0,0,0,0,178000,0,0,0,179000,1000,178000,178000
054874,帆宣群益99購02  ,0,0,0,0,0,0,0,0,0,177000,0,0,0,177000,0,177000,177000
062016,美食永豐9B購01  ,0,0,0,0,0,0,0,0,0,177000,0,0,0,317000,140000,177000,177000
063680,寶成富邦9C購01  ,0,0,0,0,0,0,0,0,0,176000,0,0,0,178000,2000,176000,176000
056092,亞德客元富97購02,0,0,0,0,0,0,0,0,0,175000,0,0,0,185000,10000,175000,175000
057712,南亞科統一9A購01,0,0,0,0,0,0,0,0,0,175000,0,0,0,209000,34000,175000,175000
058612,健策元大99購02  ,0,0,0,0,0,0,0,0,0,175000,0,0,0,175000,0,175000,175000
055288,日電貿元大97購02,0,0,0,0,0,0,0,0,0,174000,0,0,0,174000,0,174000,174000
053630,奇鋐兆豐97購01  ,0,0,0,0,0,0,0,0,0,174000,0,0,0,224000,50000,174000,174000
057574,中磊永豐98購01  ,0,0,0,0,0,0,0,0,0,174000,0,0,0,174000,0,174000,174000
060688,世紀鋼元大9C購01,0,0,0,0,0,0,0,0,0,174000,0,0,0,186000,12000,174000,174000
057823,神達元大98購01  ,0,0,0,0,0,0,0,0,0,174000,0,0,0,373000,199000,174000,174000
063510,台表科群益9C購01,0,0,0,0,0,0,0,0,0,174000,0,0,0,184000,10000,174000,174000
062387,健策國泰01購01  ,0,0,0,0,0,0,0,0,0,174000,0,0,0,334000,160000,174000,174000
08279P,南電元富9C售02  ,0,0,0,0,0,0,0,0,0,173000,0,0,0,400000,227000,173000,173000
2480,敦陽科          ,244000,82000,162000,0,0,0,0,0,0,11000,12000,1000,11000,0,0,0,173000
063793,和大凱基9C購01  ,0,0,0,0,0,0,0,0,0,173000,0,0,0,173000,0,173000,173000
063514,南電麥證9C購01  ,0,0,0,290000,117000,173000,0,0,0,173000,0,0,0,290000,117000,173000,173000
063458,正隆元大9B購01  ,0,0,0,0,0,0,0,0,0,173000,0,0,0,178000,5000,173000,173000
064134,瑞祺元大9C購02  ,0,0,0,0,0,0,0,0,0,172000,0,0,0,185000,13000,172000,172000
2812,台中銀          ,895000,726000,169000,0,0,0,0,0,0,3000,3000,0,3000,0,0,0,172000
07892P,臺股指國票9B售02,0,0,0,0,0,0,0,0,0,172000,0,0,0,211000,39000,172000,172000
062108,晶豪科國票9B購01,0,0,0,0,0,0,0,0,0,172000,0,0,0,209000,37000,172000,172000
055466,台達電凱基97購03,0,0,0,0,0,0,0,0,0,171000,0,0,0,285000,114000,171000,171000
061792,和大永豐9B購01  ,0,0,0,0,0,0,0,0,0,171000,0,0,0,264000,93000,171000,171000
063292,致新元大9B購02  ,0,0,0,0,0,0,0,0,0,171000,0,0,0,268000,97000,171000,171000
07472P,和碩元大9A售03  ,0,0,0,0,0,0,0,0,0,170000,0,0,0,270000,100000,170000,170000
054758,南亞國票9A購01  ,0,0,0,0,0,0,0,0,0,170000,0,0,0,175000,5000,170000,170000
058140,臻鼎元大99購02  ,0,0,0,0,0,0,0,0,0,170000,0,0,0,190000,20000,170000,170000
061536,華擎統一9C購02  ,0,0,0,0,0,0,0,0,0,170000,0,0,0,199000,29000,170000,170000
06937P,GIS元大98售03   ,0,0,0,0,0,0,0,0,0,169000,0,0,0,215000,46000,169000,169000
056738,國巨凱基9A購02  ,0,0,0,0,0,0,0,0,0,169000,0,0,0,244000,75000,169000,169000
053566,大立光富邦99購03,0,0,0,0,0,0,0,0,0,169000,0,0,0,169000,0,169000,169000
058526,鈺齊元大99購02  ,0,0,0,0,0,0,0,0,0,169000,0,0,0,172000,3000,169000,169000
063432,金寶元富9B購01  ,0,0,0,0,0,0,0,0,0,169000,0,0,0,352000,183000,169000,169000
064166,和潤統一02購01  ,0,0,0,0,0,0,0,0,0,168000,0,0,0,689000,521000,168000,168000
063779,華邦電永豐9B購01,0,0,0,0,0,0,0,0,0,168000,0,0,0,193000,25000,168000,168000
063925,祥碩元富9C購01  ,0,0,0,0,0,0,0,0,0,168000,0,0,0,306000,138000,168000,168000
056267,文曄統一97購02  ,0,0,0,0,0,0,0,0,0,168000,0,0,0,216000,48000,168000,168000
056211,南港國票98購01  ,0,0,0,0,0,0,0,0,0,167000,0,0,0,635000,468000,167000,167000
058379,臺股指凱基99購14,0,0,0,0,0,0,0,0,0,167000,0,0,0,786000,619000,167000,167000
063274,鈺齊兆豐9B購01  ,0,0,0,0,0,0,0,0,0,167000,0,0,0,263000,96000,167000,167000
061612,南六統一9A購01  ,0,0,0,0,0,0,0,0,0,167000,0,0,0,270000,103000,167000,167000
062353,亞德客元大9B購01,0,0,0,0,0,0,0,0,0,167000,0,0,0,281000,114000,167000,167000
08282P,南六群益9C售01  ,0,0,0,0,0,0,0,0,0,166000,0,0,0,198000,32000,166000,166000
057325,可成群益9A購01  ,0,0,0,0,0,0,0,0,0,166000,0,0,0,179000,13000,166000,166000
054426,國泰金富邦97購02,0,0,0,0,0,0,0,0,0,165000,0,0,0,200000,35000,165000,165000
054558,劍麟群益99購01  ,0,0,0,0,0,0,0,0,0,165000,0,0,0,259000,94000,165000,165000
053939,台表科元富96購03,0,0,0,0,0,0,0,0,0,165000,0,0,0,165000,0,165000,165000
059195,國巨永豐99購04  ,0,0,0,0,0,0,0,0,0,165000,0,0,0,165000,0,165000,165000
062003,國巨國泰01購01  ,0,0,0,0,0,0,0,0,0,165000,0,0,0,250000,85000,165000,165000
06763P,技嘉元大98售05  ,0,0,0,0,0,0,0,0,0,164000,0,0,0,185000,21000,164000,164000
061451,南電中信9A購03  ,0,0,0,0,0,0,0,0,0,164000,0,0,0,496000,332000,164000,164000
06680P,智邦元大98售06  ,0,0,0,0,0,0,0,0,0,163000,0,0,0,173000,10000,163000,163000
1444,力麗            ,244000,81000,163000,0,0,0,0,0,0,0,0,0,0,0,0,0,163000
00766L,台新MSCI中國正2 ,0,0,0,0,0,0,0,0,0,163000,0,0,0,282000,119000,163000,163000
062784,世芯元大9B購01  ,0,0,0,0,0,0,0,0,0,163000,0,0,0,183000,20000,163000,163000
06736P,新日興凱基98售03,0,0,0,0,0,0,0,0,0,162000,0,0,0,200000,38000,162000,162000
056464,臺股指凱基99購06,0,0,0,0,0,0,0,0,0,162000,0,0,0,312000,150000,162000,162000
058085,景碩群益9A購01  ,0,0,0,0,0,0,0,0,0,162000,0,0,0,215000,53000,162000,162000
057982,帆宣永豐98購01  ,0,0,0,0,0,0,0,0,0,162000,0,0,0,162000,0,162000,162000
057411,臺股指群益99購05,0,0,0,0,0,0,0,0,0,162000,0,0,0,162000,0,162000,162000
061971,力山元大9C購02  ,0,0,0,0,0,0,0,0,0,162000,0,0,0,162000,0,162000,162000
6168,宏齊            ,168000,6000,162000,0,0,0,0,0,0,0,0,0,0,0,0,0,162000
061340,義隆元大9A購01  ,0,0,0,0,0,0,0,0,0,161000,0,0,0,236000,75000,161000,161000
062575,景碩群益9B購01  ,0,0,0,0,0,0,0,0,0,161000,0,0,0,221000,60000,161000,161000
064284,京鼎元大9C購01  ,30000,0,30000,0,0,0,0,0,0,130000,0,0,0,232000,102000,130000,160000
07816P,聯發科群益9A售02,0,0,0,0,0,0,0,0,0,160000,0,0,0,160000,0,160000,160000
2316,楠梓電          ,297000,191000,106000,0,0,0,0,0,0,54000,2000,0,2000,72000,20000,52000,160000
056592,台積電元富98購01,0,0,0,0,0,0,0,0,0,160000,0,0,0,240000,80000,160000,160000
057809,英業達元大98購01,0,0,0,0,0,0,0,0,0,160000,0,0,0,180000,20000,160000,160000
059947,貿聯永豐99購03  ,0,0,0,0,0,0,0,0,0,160000,0,0,0,183000,23000,160000,160000
057875,京鼎元大98購03  ,0,0,0,0,0,0,0,0,0,160000,0,0,0,286000,126000,160000,160000
062707,致伸元大9B購01  ,0,0,0,0,0,0,0,0,0,160000,0,0,0,594000,434000,160000,160000
062975,京鼎元富9B購01  ,0,0,0,0,0,0,0,0,0,160000,0,0,0,516000,356000,160000,160000
063285,華擎元大9B購03  ,0,0,0,0,0,0,0,0,0,160000,0,0,0,202000,42000,160000,160000
062441,華新科元大9C購01,0,0,0,0,0,0,0,0,0,160000,0,0,0,161000,1000,160000,160000
063819,致新群益9C購01  ,0,0,0,0,0,0,0,0,0,159000,0,0,0,216000,57000,159000,159000
063830,智伸科國票01購01,0,0,0,0,0,0,0,0,0,159000,0,0,0,174000,15000,159000,159000
054556,世芯凱基99購01  ,0,0,0,0,0,0,0,0,0,159000,0,0,0,215000,56000,159000,159000
059181,世紀鋼元富9C購01,0,0,0,0,0,0,0,0,0,159000,0,0,0,186000,27000,159000,159000
057034,道瓊反元大9B購01,0,0,0,0,0,0,0,0,0,159000,0,0,0,159000,0,159000,159000
060455,葡萄王元大9A購02,0,0,0,0,0,0,0,0,0,158000,0,0,0,243000,85000,158000,158000
5531,鄉林            ,219000,61000,158000,0,0,0,0,0,0,0,0,0,0,0,0,0,158000
063898,旭富群益9C購01  ,0,0,0,0,0,0,0,0,0,157000,0,0,0,197000,40000,157000,157000
063927,奇力新統一02購01,0,0,0,0,0,0,0,0,0,157000,0,0,0,174000,17000,157000,157000
2362,藍天            ,165000,8000,157000,0,0,0,0,0,0,0,0,0,0,0,0,0,157000
054565,玉晶光群益99購02,0,0,0,0,0,0,0,0,0,157000,0,0,0,157000,0,157000,157000
058801,致伸元大99購01  ,0,0,0,0,0,0,0,0,0,157000,0,0,0,1039000,882000,157000,157000
062325,鴻海統一9B購05  ,0,0,0,0,0,0,0,0,0,157000,0,0,0,157000,0,157000,157000
059125,台積電第一03購02,0,0,0,0,0,0,0,0,0,156000,0,0,0,322000,166000,156000,156000
061886,力山國泰01購01  ,0,0,0,0,0,0,0,0,0,156000,0,0,0,190000,34000,156000,156000
06282P,聯鈞永豐97售02  ,0,0,0,0,0,0,0,0,0,156000,0,0,0,156000,0,156000,156000
064258,臻鼎國泰01購02  ,0,0,0,0,0,0,0,0,0,155000,0,0,0,155000,0,155000,155000
054624,台積電凱基98購03,0,0,0,0,0,0,0,0,0,155000,0,0,0,155000,0,155000,155000
00728,第一金工業30    ,0,0,0,0,0,0,0,0,0,155000,0,0,0,206000,51000,155000,155000
051600,新日興兆豐96購02,0,0,0,0,0,0,0,0,0,155000,0,0,0,155000,0,155000,155000
060867,智伸科永豐9A購01,0,0,0,0,0,0,0,0,0,155000,0,0,0,177000,22000,155000,155000
057347,國巨統一9A購03  ,0,0,0,0,0,0,0,0,0,155000,0,0,0,185000,30000,155000,155000
062576,華擎群益9B購02  ,0,0,0,0,0,0,0,0,0,155000,0,0,0,155000,0,155000,155000
061122,敬鵬永豐9A購01  ,0,0,0,0,0,0,0,0,0,155000,0,0,0,321000,166000,155000,155000
08209P,上銀元富9B售06  ,0,0,0,0,0,0,0,0,0,154000,0,0,0,233000,79000,154000,154000
060355,元金2X元富9C購01,0,0,0,0,0,0,0,0,0,154000,0,0,0,154000,0,154000,154000
060958,儒鴻凱基9A購02  ,0,0,0,0,0,0,0,0,0,154000,0,0,0,159000,5000,154000,154000
062989,鴻海群益9B購07  ,0,0,0,0,0,0,0,0,0,154000,0,0,0,156000,2000,154000,154000
063260,信邦富邦9B購01  ,0,0,0,0,0,0,0,0,0,154000,0,0,0,228000,74000,154000,154000
6278,台表科          ,496000,223000,273000,0,0,0,200000,0,200000,-319000,50000,276000,-226000,28000,121000,-93000,154000
3665,貿聯-KY         ,386142,486000,-99858,0,0,0,323000,0,323000,-70000,32000,49000,-17000,33000,86000,-53000,153142
060466,玉山金元大9A購01,0,0,0,0,0,0,0,0,0,153000,0,0,0,160000,7000,153000,153000
058270,上緯控永豐99購01,0,0,0,0,0,0,0,0,0,153000,0,0,0,153000,0,153000,153000
062402,台勝科永豐9B購02,0,0,0,0,0,0,0,0,0,153000,0,0,0,153000,0,153000,153000
07929P,旺宏統一9B售07  ,0,0,0,0,0,0,0,0,0,152000,0,0,0,206000,54000,152000,152000
054695,世芯永豐98購01  ,0,0,0,0,0,0,0,0,0,152000,0,0,0,187000,35000,152000,152000
055104,台達電凱基98購01,0,0,0,0,0,0,0,0,0,152000,0,0,0,256000,104000,152000,152000
057377,康控元大99購02  ,0,0,0,0,0,0,0,0,0,152000,0,0,0,291000,139000,152000,152000
062401,信邦永豐9B購01  ,0,0,0,0,0,0,0,0,0,152000,0,0,0,220000,68000,152000,152000
061865,力山元大9B購01  ,0,0,0,0,0,0,0,0,0,152000,0,0,0,152000,0,152000,152000
063333,同欣電國票9C購01,0,0,0,0,0,0,0,0,0,152000,0,0,0,194000,42000,152000,152000
056605,台積電富邦9B購02,0,0,0,0,0,0,0,0,0,151000,0,0,0,550000,399000,151000,151000
060368,緯穎元富9A購03  ,0,0,0,0,0,0,0,0,0,151000,0,0,0,151000,0,151000,151000
058061,貿聯元富9B購01  ,0,0,0,0,0,0,0,0,0,151000,0,0,0,318000,167000,151000,151000
062106,華邦電國票9B購02,0,0,0,0,0,0,0,0,0,151000,0,0,0,189000,38000,151000,151000
055186,正文統一97購01  ,0,0,0,0,0,0,0,0,0,150000,0,0,0,150000,0,150000,150000
054583,玉晶光統一97購02,0,0,0,0,0,0,0,0,0,150000,0,0,0,150000,0,150000,150000
054214,京鼎國票97購02  ,0,0,0,0,0,0,0,0,0,150000,0,0,0,150000,0,150000,150000
058051,同欣電元大98購03,0,0,0,0,0,0,0,0,0,150000,0,0,0,150000,0,150000,150000
058808,大成鋼統一9B購01,0,0,0,0,0,0,0,0,0,150000,0,0,0,175000,25000,150000,150000
058788,喬山元大99購01  ,0,0,0,0,0,0,0,0,0,150000,0,0,0,177000,27000,150000,150000
058271,訊連永豐99購01  ,0,0,0,0,0,0,0,0,0,150000,0,0,0,150000,0,150000,150000
6235,華孚            ,174000,24000,150000,0,0,0,0,0,0,0,1000,1000,0,0,0,0,150000
054900,金寶康和97購01  ,0,0,0,0,0,0,0,0,0,149000,0,0,0,149000,0,149000,149000
058896,中環元大99購03  ,0,0,0,0,0,0,0,0,0,149000,0,0,0,185000,36000,149000,149000
063356,台表科元富02購01,0,0,0,0,0,0,0,0,0,149000,0,0,0,348000,199000,149000,149000
063752,瑞祺國票9C購01  ,0,0,0,0,0,0,0,0,0,149000,0,0,0,187000,38000,149000,149000
062977,健策元富9B購01  ,0,0,0,0,0,0,0,0,0,149000,0,0,0,165000,16000,149000,149000
1810,和成            ,149000,1000,148000,0,0,0,0,0,0,0,0,0,0,0,0,0,148000
056304,創意元大97購03  ,0,0,0,0,0,0,0,0,0,148000,0,0,0,168000,20000,148000,148000
054221,華新科統一96購05,0,0,0,0,0,0,0,0,0,148000,0,0,0,148000,0,148000,148000
054664,台表科元大97購04,0,0,0,0,0,0,0,0,0,148000,0,0,0,148000,0,148000,148000
056428,台達電凱基99購01,0,0,0,0,0,0,0,0,0,148000,0,0,0,160000,12000,148000,148000
059932,世紀鋼富邦9A購02,0,0,0,0,0,0,0,0,0,148000,0,0,0,335000,187000,148000,148000
058047,可成元大98購11  ,0,0,0,0,0,0,0,0,0,148000,0,0,0,236000,88000,148000,148000
062196,聯發科中信01購02,0,0,0,0,0,0,0,0,0,148000,0,0,0,148000,0,148000,148000
07743P,智邦凱基9A售03  ,0,0,0,0,0,0,0,0,0,146000,0,0,0,146000,0,146000,146000
058537,彩晶統一9B購01  ,0,0,0,0,0,0,0,0,0,146000,0,0,0,420000,274000,146000,146000
062020,智伸科永豐9B購01,0,0,0,0,0,0,0,0,0,146000,0,0,0,206000,60000,146000,146000
061824,聯電麥證9B購01  ,0,0,0,146000,0,146000,0,0,0,146000,0,0,0,146000,0,146000,146000
062821,華擎兆豐9C購01  ,0,0,0,0,0,0,0,0,0,146000,0,0,0,361000,215000,146000,146000
062748,祥碩永豐9B購02  ,0,0,0,0,0,0,0,0,0,146000,0,0,0,274000,128000,146000,146000
2617,台航            ,166000,32000,134000,0,0,0,0,0,0,11000,11000,0,11000,0,0,0,145000
063803,世紀鋼凱基01購01,0,0,0,0,0,0,0,0,0,145000,0,0,0,156000,11000,145000,145000
05884P,旺宏統一96售01  ,0,0,0,0,0,0,0,0,0,145000,0,0,0,145000,0,145000,145000
060154,堤維西永豐9A購01,0,0,0,0,0,0,0,0,0,145000,0,0,0,145000,0,145000,145000
063374,嘉澤永豐9B購04  ,0,0,0,0,0,0,0,0,0,145000,0,0,0,145000,0,145000,145000
061423,廣達元大9A購01  ,0,0,0,0,0,0,0,0,0,145000,0,0,0,229000,84000,145000,145000
08125P,聯茂群益9B售02  ,0,0,0,0,0,0,0,0,0,144000,0,0,0,144000,0,144000,144000
056307,貿聯元大97購05  ,0,0,0,0,0,0,0,0,0,144000,0,0,0,144000,0,144000,144000
054884,友達統一99購01  ,0,0,0,0,0,0,0,0,0,144000,0,0,0,575000,431000,144000,144000
054969,亞翔元大97購01  ,0,0,0,0,0,0,0,0,0,144000,0,0,0,144000,0,144000,144000
057444,台泥元富98購01  ,0,0,0,0,0,0,0,0,0,143000,0,0,0,261000,118000,143000,143000
057059,易華電元大99購01,0,0,0,0,0,0,0,0,0,143000,0,0,0,168000,25000,143000,143000
061067,貿聯凱基9A購03  ,0,0,0,0,0,0,0,0,0,143000,0,0,0,265000,122000,143000,143000
1104,環泥            ,166000,11000,155000,0,0,0,0,0,0,-13000,1000,14000,-13000,0,0,0,142000
060183,南亞科元富9A購01,0,0,0,0,0,0,0,0,0,142000,0,0,0,150000,8000,142000,142000
058999,台積電元大99購24,0,0,0,0,0,0,0,0,0,142000,0,0,0,151000,9000,142000,142000
056198,台光電永豐97購02,0,0,0,0,0,0,0,0,0,141000,0,0,0,250000,109000,141000,141000
056855,祥碩中信98購02  ,0,0,0,0,0,0,0,0,0,141000,0,0,0,259000,118000,141000,141000
060972,T50反1元大9A購10,0,0,0,0,0,0,0,0,0,141000,0,0,0,141000,0,141000,141000
060767,世紀鋼元大9A購02,0,0,0,0,0,0,0,0,0,141000,0,0,0,148000,7000,141000,141000
061202,和大元大9A購02  ,0,0,0,0,0,0,0,0,0,141000,0,0,0,146000,5000,141000,141000
062449,臻鼎元大9B購01  ,0,0,0,0,0,0,0,0,0,141000,0,0,0,166000,25000,141000,141000
062523,世紀鋼元大9C購03,0,0,0,0,0,0,0,0,0,141000,0,0,0,230000,89000,141000,141000
07706P,長榮航元大9A售03,0,0,0,0,0,0,0,0,0,140000,0,0,0,140000,0,140000,140000
064015,立積國票01購01  ,0,0,0,0,0,0,0,0,0,140000,0,0,0,336000,196000,140000,140000
07342P,大立光凱基99售14,0,0,0,0,0,0,0,0,0,140000,0,0,0,170000,30000,140000,140000
07234P,台灣50元大9B售04,0,0,0,0,0,0,0,0,0,140000,0,0,0,140000,0,140000,140000
056371,樺漢元大98購03  ,0,0,0,0,0,0,0,0,0,140000,0,0,0,140000,0,140000,140000
054854,台積電麥證97購01,0,0,0,140000,0,140000,0,0,0,140000,0,0,0,140000,0,140000,140000
056628,矽創永豐98購01  ,0,0,0,0,0,0,0,0,0,140000,0,0,0,140000,0,140000,140000
054088,華新群益98購02  ,0,0,0,0,0,0,0,0,0,140000,0,0,0,270000,130000,140000,140000
060699,華新科國泰9B購03,0,0,0,0,0,0,0,0,0,140000,0,0,0,204000,64000,140000,140000
058244,神達元大99購02  ,0,0,0,0,0,0,0,0,0,140000,0,0,0,213000,73000,140000,140000
057269,鈺齊兆豐98購01  ,0,0,0,0,0,0,0,0,0,140000,0,0,0,240000,100000,140000,140000
063023,華擎元大9B購02  ,0,0,0,0,0,0,0,0,0,140000,0,0,0,232000,92000,140000,140000
063494,金像電富邦9B購01,0,0,0,0,0,0,0,0,0,140000,0,0,0,140000,0,140000,140000
059995,南亞科元富99購01,0,0,0,0,0,0,0,0,0,139000,0,0,0,305000,166000,139000,139000
059747,台達電台新99購01,0,0,0,0,0,0,0,0,0,139000,0,0,0,161000,22000,139000,139000
063559,力山元大9B購04  ,0,0,0,0,0,0,0,0,0,139000,0,0,0,139000,0,139000,139000
063117,聯茂麥證9B購01  ,0,0,0,267000,128000,139000,0,0,0,139000,0,0,0,267000,128000,139000,139000
07838P,泰碩元大9A售04  ,0,0,0,0,0,0,0,0,0,138000,0,0,0,169000,31000,138000,138000
3705,永信            ,415000,275000,140000,0,0,0,0,0,0,-2000,2000,4000,-2000,0,0,0,138000
056478,晶技元大99購01  ,0,0,0,0,0,0,0,0,0,138000,0,0,0,138000,0,138000,138000
054803,味全元大9A購01  ,0,0,0,0,0,0,0,0,0,138000,0,0,0,138000,0,138000,138000
059882,臺股指凱基9C購06,0,0,0,0,0,0,0,0,0,138000,0,0,0,145000,7000,138000,138000
061906,統一中信9B購01  ,0,0,0,0,0,0,0,0,0,138000,0,0,0,144000,6000,138000,138000
2615,萬海            ,533000,392000,141000,0,0,0,0,4000,-4000,0,0,0,0,0,0,0,137000
2020,美亞            ,150000,14000,136000,0,0,0,0,0,0,1000,1000,0,1000,0,0,0,137000
07231P,台灣50元大01售06,0,0,0,0,0,0,0,0,0,137000,0,0,0,137000,0,137000,137000
059274,國巨元大99購22  ,0,0,0,0,0,0,0,0,0,137000,0,0,0,152000,15000,137000,137000
060293,緯創元大9A購01  ,0,0,0,0,0,0,0,0,0,137000,0,0,0,221000,84000,137000,137000
057579,長榮航中信9A購01,0,0,0,0,0,0,0,0,0,137000,0,0,0,248000,111000,137000,137000
8271,宇瞻            ,144000,109000,35000,0,0,0,0,0,0,102000,102000,0,102000,0,0,0,137000
059359,精元永豐99購01  ,0,0,0,0,0,0,0,0,0,136000,0,0,0,217000,81000,136000,136000
056897,南亞科元大98購02,0,0,0,0,0,0,0,0,0,136000,0,0,0,136000,0,136000,136000
053525,台積電中信96購04,0,0,0,0,0,0,0,0,0,136000,0,0,0,136000,0,136000,136000
052986,聯發科元大97購05,0,0,0,0,0,0,0,0,0,136000,0,0,0,198000,62000,136000,136000
057658,玉晶光兆豐99購02,0,0,0,0,0,0,0,0,0,136000,0,0,0,136000,0,136000,136000
058184,鴻海永豐99購01  ,0,0,0,0,0,0,0,0,0,136000,0,0,0,136000,0,136000,136000
061694,玉山金群益9A購01,0,0,0,0,0,0,0,0,0,136000,0,0,0,185000,49000,136000,136000
062955,立積永豐9B購02  ,0,0,0,0,0,0,0,0,0,136000,0,0,0,203000,67000,136000,136000
07392P,台積電國泰02售01,0,0,0,0,0,0,0,0,0,135000,0,0,0,425000,290000,135000,135000
064162,貿聯統一02購01  ,0,0,0,0,0,0,0,0,0,135000,0,0,0,394000,259000,135000,135000
056767,大毅元大99購01  ,0,0,0,0,0,0,0,0,0,135000,0,0,0,163000,28000,135000,135000
055842,建準元大98購01  ,0,0,0,0,0,0,0,0,0,135000,0,0,0,137000,2000,135000,135000
060744,鴻海國票9A購04  ,0,0,0,0,0,0,0,0,0,135000,0,0,0,142000,7000,135000,135000
058701,鴻海元大99購16  ,0,0,0,0,0,0,0,0,0,135000,0,0,0,145000,10000,135000,135000
062867,東元中信9B購01  ,0,0,0,0,0,0,0,0,0,135000,0,0,0,309000,174000,135000,135000
4720,德淵            ,340000,199000,141000,0,0,0,0,0,0,-6000,0,6000,-6000,0,0,0,135000
063981,貿聯兆豐9C購01  ,0,0,0,0,0,0,0,0,0,134000,0,0,0,174000,40000,134000,134000
06679P,旺宏元大98售09  ,0,0,0,0,0,0,0,0,0,134000,0,0,0,134000,0,134000,134000
052049,緯創凱基97購01  ,0,0,0,0,0,0,0,0,0,134000,0,0,0,200000,66000,134000,134000
043538,元石油國票97購01,0,0,0,0,0,0,0,0,0,134000,0,0,0,134000,0,134000,134000
054477,聯發科中信9C購02,0,0,0,0,0,0,0,0,0,134000,0,0,0,134000,0,134000,134000
053694,創意元大96購03  ,0,0,0,0,0,0,0,0,0,134000,0,0,0,134000,0,134000,134000
062870,亞德客兆豐9C購01,0,0,0,0,0,0,0,0,0,134000,0,0,0,150000,16000,134000,134000
5215,科嘉-KY         ,305000,141000,164000,0,0,0,0,30000,-30000,0,0,0,0,0,0,0,134000
07997P,上銀凱基9B售04  ,0,0,0,0,0,0,0,0,0,133000,0,0,0,201000,68000,133000,133000
055503,健策元大98購05  ,0,0,0,0,0,0,0,0,0,133000,0,0,0,293000,160000,133000,133000
051849,旺宏中信98購01  ,0,0,0,0,0,0,0,0,0,133000,0,0,0,270000,137000,133000,133000
06137P,玉晶光永豐97售04,0,0,0,0,0,0,0,0,0,133000,0,0,0,133000,0,133000,133000
3034,聯詠            ,2350539,1816434,534105,0,0,0,0,297000,-297000,-105000,12000,79000,-67000,3000,41000,-38000,132105
06742P,可成富邦99售02  ,0,0,0,0,0,0,0,0,0,132000,0,0,0,141000,9000,132000,132000
059454,亞光永豐99購01  ,0,0,0,0,0,0,0,0,0,132000,0,0,0,132000,0,132000,132000
061339,京元電元大9A購05,0,0,0,0,0,0,0,0,0,132000,0,0,0,200000,68000,132000,132000
061081,宏碁兆豐9A購01  ,0,0,0,0,0,0,0,0,0,132000,0,0,0,257000,125000,132000,132000
061984,華新科元大9B購05,0,0,0,0,0,0,0,0,0,132000,0,0,0,142000,10000,132000,132000
063320,旭富群益9B購03  ,0,0,0,0,0,0,0,0,0,132000,0,0,0,132000,0,132000,132000
6230,超眾            ,246000,45000,201000,0,0,0,0,50000,-50000,-19000,1000,0,1000,4000,24000,-20000,132000
05493P,華新科富邦99售02,0,0,0,0,0,0,0,0,0,131000,0,0,0,131000,0,131000,131000
063643,臻鼎元大9B購03  ,0,0,0,0,0,0,0,0,0,131000,0,0,0,146000,15000,131000,131000
062856,世芯永豐9B購02  ,0,0,0,0,0,0,0,0,0,131000,0,0,0,140000,9000,131000,131000
063896,世芯群益9C購01  ,0,0,0,0,0,0,0,0,0,130000,0,0,0,167000,37000,130000,130000
054970,帆宣元大97購01  ,0,0,0,0,0,0,0,0,0,130000,0,0,0,130000,0,130000,130000
060761,南亞科元大9A購05,0,0,0,0,0,0,0,0,0,130000,0,0,0,155000,25000,130000,130000
062717,華邦電凱基9C購01,0,0,0,0,0,0,0,0,0,130000,0,0,0,150000,20000,130000,130000
064021,國巨元大9C購15  ,0,0,0,0,0,0,0,0,0,129000,0,0,0,133000,4000,129000,129000
06766P,玉晶光元大99售10,0,0,0,0,0,0,0,0,0,129000,0,0,0,229000,100000,129000,129000
06904P,TPK凱基98售03   ,0,0,0,0,0,0,0,0,0,129000,0,0,0,129000,0,129000,129000
08160P,茂林元富9B售03  ,0,0,0,0,0,0,0,0,0,129000,0,0,0,225000,96000,129000,129000
056075,瀚宇博元大97購03,0,0,0,0,0,0,0,0,0,129000,0,0,0,292000,163000,129000,129000
051431,群創元富99購02  ,0,0,0,0,0,0,0,0,0,129000,0,0,0,129000,0,129000,129000
052277,台達電凱基97購01,0,0,0,0,0,0,0,0,0,129000,0,0,0,365000,236000,129000,129000
057049,新日興元大98購02,0,0,0,0,0,0,0,0,0,129000,0,0,0,182000,53000,129000,129000
061351,智伸科元大9A購01,0,0,0,0,0,0,0,0,0,129000,0,0,0,179000,50000,129000,129000
053112,中磊兆豐97購01  ,0,0,0,0,0,0,0,0,0,128000,0,0,0,175000,47000,128000,128000
056816,華通永豐98購02  ,0,0,0,0,0,0,0,0,0,128000,0,0,0,128000,0,128000,128000
060406,瑞祺國泰9B購01  ,0,0,0,0,0,0,0,0,0,128000,0,0,0,331000,203000,128000,128000
058405,訊連元大99購02  ,0,0,0,0,0,0,0,0,0,128000,0,0,0,128000,0,128000,128000
061347,創意元大9A購02  ,0,0,0,0,0,0,0,0,0,128000,0,0,0,174000,46000,128000,128000
061305,帆宣永豐9A購01  ,0,0,0,0,0,0,0,0,0,128000,0,0,0,128000,0,128000,128000
061706,旭富國票9A購02  ,0,0,0,0,0,0,0,0,0,128000,0,0,0,128000,0,128000,128000
06884P,台郡群益98售03  ,0,0,0,0,0,0,0,0,0,127000,0,0,0,127000,0,127000,127000
056743,貿聯凱基98購04  ,0,0,0,0,0,0,0,0,0,127000,0,0,0,133000,6000,127000,127000
054842,台達電兆豐98購01,0,0,0,0,0,0,0,0,0,127000,0,0,0,382000,255000,127000,127000
054377,臺股指中信99購09,4000,0,4000,0,0,0,0,0,0,123000,0,0,0,123000,0,123000,127000
006206,元大上證50      ,137000,2000,135000,0,0,0,0,0,0,-8000,0,0,0,277000,285000,-8000,127000
052764,景碩群益98購01  ,0,0,0,0,0,0,0,0,0,127000,0,0,0,127000,0,127000,127000
058733,同欣電永豐99購02,0,0,0,0,0,0,0,0,0,127000,0,0,0,181000,54000,127000,127000
058941,華新科中信99購03,0,0,0,0,0,0,0,0,0,127000,0,0,0,145000,18000,127000,127000
058139,臻鼎元大99購01  ,0,0,0,0,0,0,0,0,0,127000,0,0,0,139000,12000,127000,127000
062134,國巨群益9B購04  ,0,0,0,0,0,0,0,0,0,127000,0,0,0,133000,6000,127000,127000
062633,亞光國票9B購01  ,0,0,0,0,0,0,0,0,0,127000,0,0,0,323000,196000,127000,127000
063530,同欣電凱基9C購02,0,0,0,0,0,0,0,0,0,127000,0,0,0,157000,30000,127000,127000
06737P,台郡凱基98售07  ,0,0,0,0,0,0,0,0,0,126000,0,0,0,200000,74000,126000,126000
07730P,臺股指凱基9A售22,0,0,0,0,0,0,0,0,0,126000,0,0,0,145000,19000,126000,126000
2534,宏盛            ,392000,265000,127000,0,0,0,0,0,0,-1000,0,1000,-1000,0,0,0,126000
053250,百和國票97購02  ,0,0,0,0,0,0,0,0,0,126000,0,0,0,129000,3000,126000,126000
056458,日月光凱基98購02,0,0,0,0,0,0,0,0,0,126000,0,0,0,136000,10000,126000,126000
055725,嘉聯益元大98購03,0,0,0,0,0,0,0,0,0,126000,0,0,0,186000,60000,126000,126000
057486,美律元大98購04  ,0,0,0,0,0,0,0,0,0,126000,0,0,0,265000,139000,126000,126000
058583,臻鼎群益99購01  ,0,0,0,0,0,0,0,0,0,126000,0,0,0,126000,0,126000,126000
063259,廣達富邦9C購01  ,0,0,0,0,0,0,0,0,0,126000,0,0,0,366000,240000,126000,126000
062745,聯詠永豐9B購01  ,0,0,0,0,0,0,0,0,0,126000,0,0,0,126000,0,126000,126000
6277,宏正            ,271000,145000,126000,0,0,0,0,0,0,0,0,0,0,0,0,0,126000
055276,台積電元大97購20,0,0,0,0,0,0,0,0,0,125000,0,0,0,125000,0,125000,125000
059094,臻鼎元大99購03  ,0,0,0,0,0,0,0,0,0,125000,0,0,0,135000,10000,125000,125000
060993,健策元大9B購03  ,0,0,0,0,0,0,0,0,0,125000,0,0,0,126000,1000,125000,125000
060423,智易永豐9A購01  ,0,0,0,0,0,0,0,0,0,125000,0,0,0,188000,63000,125000,125000
063096,勤誠國票9B購02  ,0,0,0,0,0,0,0,0,0,125000,0,0,0,175000,50000,125000,125000
062025,台達電群益9B購01,0,0,0,0,0,0,0,0,0,125000,0,0,0,326000,201000,125000,125000
06822P,上銀富邦99售03  ,0,0,0,0,0,0,0,0,0,124000,0,0,0,512000,388000,124000,124000
056054,亞德客元大97購05,0,0,0,0,0,0,0,0,0,124000,0,0,0,154000,30000,124000,124000
059958,鎧勝康和99購01  ,0,0,0,0,0,0,0,0,0,124000,0,0,0,124000,0,124000,124000
060475,瑞祺元大9A購01  ,0,0,0,0,0,0,0,0,0,124000,0,0,0,157000,33000,124000,124000
058222,玉晶光統一9B購01,0,0,0,0,0,0,0,0,0,124000,0,0,0,131000,7000,124000,124000
062087,瑞祺元大9B購02  ,0,0,0,0,0,0,0,0,0,124000,0,0,0,264000,140000,124000,124000
062334,健策統一9B購02  ,0,0,0,0,0,0,0,0,0,124000,0,0,0,167000,43000,124000,124000
061110,超眾元大9A購03  ,0,0,0,0,0,0,0,0,0,124000,0,0,0,124000,0,124000,124000
063485,巨大元大9B購04  ,0,0,0,0,0,0,0,0,0,124000,0,0,0,147000,23000,124000,124000
07467P,上銀元大9A售03  ,0,0,0,0,0,0,0,0,0,123000,0,0,0,125000,2000,123000,123000
07208P,台積電凱基99售14,0,0,0,0,0,0,0,0,0,123000,0,0,0,153000,30000,123000,123000
06984P,上銀富邦9B售01  ,0,0,0,0,0,0,0,0,0,123000,0,0,0,354000,231000,123000,123000
054479,緯創中信98購01  ,0,0,0,0,0,0,0,0,0,123000,0,0,0,143000,20000,123000,123000
060476,瑞祺元大9A購02  ,0,0,0,0,0,0,0,0,0,123000,0,0,0,141000,18000,123000,123000
063343,美律統一9C購01  ,0,0,0,0,0,0,0,0,0,123000,0,0,0,305000,182000,123000,123000
063107,矽創群益9B購01  ,0,0,0,0,0,0,0,0,0,123000,0,0,0,417000,294000,123000,123000
6452,康友-KY         ,157000,41000,116000,0,0,0,0,0,0,7000,0,0,0,15000,8000,7000,123000
050758,聯發科元富9B購01,0,0,0,0,0,0,0,0,0,122000,0,0,0,149000,27000,122000,122000
055120,南港兆豐97購01  ,0,0,0,0,0,0,0,0,0,122000,0,0,0,122000,0,122000,122000
056724,臻鼎中信9A購01  ,0,0,0,0,0,0,0,0,0,122000,0,0,0,262000,140000,122000,122000
057874,可成元大99購02  ,0,0,0,0,0,0,0,0,0,122000,0,0,0,137000,15000,122000,122000
062834,立積群益9B購02  ,0,0,0,0,0,0,0,0,0,122000,0,0,0,234000,112000,122000,122000
062806,世芯統一02購01  ,0,0,0,0,0,0,0,0,0,122000,0,0,0,207000,85000,122000,122000
061232,和大元大9A購03  ,0,0,0,0,0,0,0,0,0,122000,0,0,0,122000,0,122000,122000
064056,GIS統一01購02   ,0,0,0,0,0,0,0,0,0,121000,0,0,0,161000,40000,121000,121000
064285,貿聯元大9C購02  ,0,0,0,0,0,0,0,0,0,121000,0,0,0,136000,15000,121000,121000
049700,瀚宇博元大97購01,0,0,0,0,0,0,0,0,0,121000,0,0,0,166000,45000,121000,121000
047780,友達中信96購01  ,0,0,0,0,0,0,0,0,0,121000,0,0,0,121000,0,121000,121000
059080,亞泥元大99購01  ,0,0,0,0,0,0,0,0,0,121000,0,0,0,156000,35000,121000,121000
062328,南亞科統一9C購01,0,0,0,0,0,0,0,0,0,121000,0,0,0,151000,30000,121000,121000
064099,億光群益9C購01  ,0,0,0,0,0,0,0,0,0,120000,0,0,0,145000,25000,120000,120000
063897,神達群益9C購01  ,0,0,0,0,0,0,0,0,0,120000,0,0,0,140000,20000,120000,120000
07506P,中租元大9A售01  ,0,0,0,0,0,0,0,0,0,120000,0,0,0,120000,0,120000,120000
06734P,智邦凱基98售05  ,0,0,0,0,0,0,0,0,0,120000,0,0,0,120000,0,120000,120000
07698P,臺股指元大9A售51,0,0,0,0,0,0,0,0,0,120000,0,0,0,120000,0,120000,120000
08214P,南六統一9B售03  ,0,0,0,0,0,0,0,0,0,120000,0,0,0,447000,327000,120000,120000
053627,宏碁兆豐97購01  ,0,0,0,0,0,0,0,0,0,120000,0,0,0,120000,0,120000,120000
055808,世紀鋼永豐97購01,0,0,0,0,0,0,0,0,0,120000,0,0,0,200000,80000,120000,120000
055703,緯穎富邦98購01  ,0,0,0,0,0,0,0,0,0,120000,0,0,0,148000,28000,120000,120000
060162,碩天永豐9A購01  ,0,0,0,0,0,0,0,0,0,120000,0,0,0,120000,0,120000,120000
060050,鴻海凱基9B購01  ,0,0,0,0,0,0,0,0,0,120000,0,0,0,120000,0,120000,120000
060911,大毅元大9A購01  ,0,0,0,0,0,0,0,0,0,120000,0,0,0,131000,11000,120000,120000
4306,炎洲            ,140000,24000,116000,0,0,0,0,0,0,3000,5000,2000,3000,0,0,0,119000
064054,中租統一02購01  ,0,0,0,0,0,0,0,0,0,119000,0,0,0,325000,206000,119000,119000
056625,致伸永豐98購01  ,0,0,0,0,0,0,0,0,0,119000,0,0,0,175000,56000,119000,119000
054717,亞德客永豐97購01,0,0,0,0,0,0,0,0,0,119000,0,0,0,119000,0,119000,119000
058497,新日興群益9B購01,0,0,0,0,0,0,0,0,0,119000,0,0,0,482000,363000,119000,119000
061452,大成鋼凱基9A購01,0,0,0,0,0,0,0,0,0,119000,0,0,0,119000,0,119000,119000
061532,和大統一9C購02  ,0,0,0,0,0,0,0,0,0,119000,0,0,0,119000,0,119000,119000
063223,牧德群益9B購04  ,0,0,0,0,0,0,0,0,0,119000,0,0,0,220000,101000,119000,119000
063583,GIS國泰01購01   ,0,0,0,0,0,0,0,0,0,119000,0,0,0,125000,6000,119000,119000
08232P,聯發科元富9B售06,0,0,0,0,0,0,0,0,0,118000,0,0,0,119000,1000,118000,118000
058010,帆宣國票98購01  ,0,0,0,0,0,0,0,0,0,118000,0,0,0,131000,13000,118000,118000
062727,華擎凱基9B購03  ,0,0,0,0,0,0,0,0,0,118000,0,0,0,133000,15000,118000,118000
06157P,聯鈞統一97售02  ,0,0,0,0,0,0,0,0,0,118000,0,0,0,158000,40000,118000,118000
5515,建國            ,114000,0,114000,0,0,0,0,0,0,4000,4000,0,4000,0,0,0,118000
2010,春源            ,133000,16000,117000,0,0,0,0,0,0,0,0,0,0,0,0,0,117000
063984,華邦電國泰02購01,0,0,0,0,0,0,0,0,0,117000,0,0,0,152000,35000,117000,117000
054074,健策富邦98購01  ,0,0,0,0,0,0,0,0,0,117000,0,0,0,117000,0,117000,117000
052095,彩晶元大97購01  ,0,0,0,0,0,0,0,0,0,117000,0,0,0,238000,121000,117000,117000
058100,聯茂國泰99購02  ,0,0,0,0,0,0,0,0,0,117000,0,0,0,117000,0,117000,117000
057618,台光電凱基99購01,0,0,0,0,0,0,0,0,0,117000,0,0,0,172000,55000,117000,117000
060283,台肥元大9C購01  ,0,0,0,0,0,0,0,0,0,117000,0,0,0,220000,103000,117000,117000
062260,華新科元大9B購09,0,0,0,0,0,0,0,0,0,117000,0,0,0,117000,0,117000,117000
063411,和潤國票9C購01  ,0,0,0,0,0,0,0,0,0,117000,0,0,0,186000,69000,117000,117000
063778,亞德客永豐9B購02,0,0,0,0,0,0,0,0,0,116000,0,0,0,138000,22000,116000,116000
064128,國產元大9C購01  ,0,0,0,0,0,0,0,0,0,116000,0,0,0,136000,20000,116000,116000
2539,櫻花建          ,128000,12000,116000,0,0,0,0,0,0,0,0,0,0,0,0,0,116000
054178,中磊台新97購01  ,0,0,0,0,0,0,0,0,0,116000,0,0,0,116000,0,116000,116000
054578,世芯元大99購01  ,0,0,0,0,0,0,0,0,0,116000,0,0,0,215000,99000,116000,116000
053400,緯穎中信9A購01  ,0,0,0,0,0,0,0,0,0,116000,0,0,0,174000,58000,116000,116000
060288,群光元大9C購01  ,0,0,0,0,0,0,0,0,0,116000,0,0,0,137000,21000,116000,116000
058135,景碩元大99購01  ,0,0,0,0,0,0,0,0,0,116000,0,0,0,193000,77000,116000,116000
060124,奇力新永豐99購03,0,0,0,0,0,0,0,0,0,116000,0,0,0,116000,0,116000,116000
059951,台塑康和99購01  ,0,0,0,0,0,0,0,0,0,116000,0,0,0,116000,0,116000,116000
063694,貿聯永豐9B購01  ,0,0,0,0,0,0,0,0,0,116000,0,0,0,205000,89000,116000,116000
063151,奇鋐元富9B購01  ,0,0,0,0,0,0,0,0,0,116000,0,0,0,264000,148000,116000,116000
062183,奇鋐元大9B購01  ,0,0,0,0,0,0,0,0,0,116000,0,0,0,126000,10000,116000,116000
062022,緯穎永豐9B購01  ,0,0,0,0,0,0,0,0,0,116000,0,0,0,313000,197000,116000,116000
061584,勤誠元大9A購01  ,0,0,0,0,0,0,0,0,0,116000,0,0,0,350000,234000,116000,116000
061129,文曄永豐9A購01  ,0,0,0,0,0,0,0,0,0,116000,0,0,0,116000,0,116000,116000
6598,ABC-KY          ,118000,7200,110800,0,0,0,0,0,0,5000,5000,0,5000,0,0,0,115800
053593,晶技元大98購01  ,0,0,0,0,0,0,0,0,0,115000,0,0,0,225000,110000,115000,115000
053609,華新中信9A購01  ,0,0,0,0,0,0,0,0,0,115000,0,0,0,130000,15000,115000,115000
055771,台積電日盛97購04,0,0,0,0,0,0,0,0,0,115000,0,0,0,115000,0,115000,115000
063362,台表科國泰01購03,0,0,0,0,0,0,0,0,0,115000,0,0,0,115000,0,115000,115000
057178,可成元大98購03  ,0,0,0,0,0,0,0,0,0,114000,0,0,0,121000,7000,114000,114000
058348,台表科群益99購01,0,0,0,0,0,0,0,0,0,114000,0,0,0,114000,0,114000,114000
058241,景碩元大99購05  ,0,0,0,0,0,0,0,0,0,114000,0,0,0,273000,159000,114000,114000
063651,金像電台新9B購01,0,0,0,0,0,0,0,0,0,114000,0,0,0,148000,34000,114000,114000
061237,晶技元大9A購01  ,0,0,0,0,0,0,0,0,0,114000,0,0,0,114000,0,114000,114000
061843,億豐凱基9C購01  ,0,0,0,0,0,0,0,0,0,114000,0,0,0,114000,0,114000,114000
3024,憶聲            ,120000,7000,113000,0,0,0,0,0,0,0,0,0,0,0,0,0,113000
06505P,康控國票99售02  ,0,0,0,0,0,0,0,0,0,113000,0,0,0,208000,95000,113000,113000
07416P,台積電元大99售53,0,0,0,0,0,0,0,0,0,113000,0,0,0,175000,62000,113000,113000
056586,光罩統一98購02  ,0,0,0,0,0,0,0,0,0,113000,0,0,0,158000,45000,113000,113000
042317,台灣50永豐96購01,0,0,0,0,0,0,0,0,0,113000,0,0,0,113000,0,113000,113000
058196,台塑中信99購01  ,0,0,0,0,0,0,0,0,0,113000,0,0,0,232000,119000,113000,113000
060850,康友國票9A購03  ,0,0,0,0,0,0,0,0,0,113000,0,0,0,249000,136000,113000,113000
061989,晶技元大9B購04  ,0,0,0,0,0,0,0,0,0,113000,0,0,0,125000,12000,113000,113000
061192,奇鋐永豐9A購01  ,0,0,0,0,0,0,0,0,0,113000,0,0,0,113000,0,113000,113000
063615,瑞祺群益9B購03  ,0,0,0,0,0,0,0,0,0,113000,0,0,0,223000,110000,113000,113000
8926,台汽電          ,505000,358000,147000,0,0,0,0,0,0,-34000,3000,24000,-21000,5000,18000,-13000,113000
06604P,聯發科元富02售02,0,0,0,0,0,0,0,0,0,112000,0,0,0,125000,13000,112000,112000
07670P,茂林元大9A售02  ,0,0,0,0,0,0,0,0,0,112000,0,0,0,112000,0,112000,112000
056849,瀚宇博元富98購01,0,0,0,0,0,0,0,0,0,112000,0,0,0,200000,88000,112000,112000
058160,奇鋐元富99購01  ,0,0,0,0,0,0,0,0,0,112000,0,0,0,167000,55000,112000,112000
060513,緯穎元大9B購01  ,0,0,0,0,0,0,0,0,0,112000,0,0,0,315000,203000,112000,112000
061241,晶技兆豐9A購01  ,0,0,0,0,0,0,0,0,0,112000,0,0,0,182000,70000,112000,112000
062208,旭富國票9C購01  ,0,0,0,0,0,0,0,0,0,112000,0,0,0,112000,0,112000,112000
062360,華邦電元大9B購01,0,0,0,0,0,0,0,0,0,112000,0,0,0,226000,114000,112000,112000
2314,台揚            ,539000,431000,108000,0,0,0,0,0,0,3000,3000,0,3000,0,0,0,111000
055966,茂林元大99購01  ,0,0,0,0,0,0,0,0,0,111000,0,0,0,132000,21000,111000,111000
060561,台積電富邦04購01,0,0,0,0,0,0,0,0,0,111000,0,0,0,131000,20000,111000,111000
063580,立積國泰9C購01  ,0,0,0,0,0,0,0,0,0,111000,0,0,0,111000,0,111000,111000
063319,神達群益9B購01  ,0,0,0,0,0,0,0,0,0,111000,0,0,0,211000,100000,111000,111000
2239,英利-KY         ,296000,186000,110000,0,0,0,0,0,0,0,0,0,0,0,0,0,110000
050137,臺指反國票96購01,0,0,0,0,0,0,0,0,0,110000,0,0,0,110000,0,110000,110000
053279,景碩元大97購01  ,0,0,0,0,0,0,0,0,0,110000,0,0,0,309000,199000,110000,110000
053993,旺宏群益98購02  ,0,0,0,0,0,0,0,0,0,110000,0,0,0,110000,0,110000,110000
058762,貿聯群益99購03  ,0,0,0,0,0,0,0,0,0,110000,0,0,0,110000,0,110000,110000
060258,T50反1凱基9A購06,0,0,0,0,0,0,0,0,0,110000,0,0,0,170000,60000,110000,110000
060384,葡萄王凱基9B購01,0,0,0,0,0,0,0,0,0,110000,0,0,0,120000,10000,110000,110000
063571,TPK元大9B購03   ,0,0,0,0,0,0,0,0,0,110000,0,0,0,160000,50000,110000,110000
063132,台表科元大9C購02,0,0,0,0,0,0,0,0,0,110000,0,0,0,219000,109000,110000,110000
063174,臺股指中信01購04,0,0,0,0,0,0,0,0,0,110000,0,0,0,120000,10000,110000,110000
062700,台光電元大9B購05,0,0,0,0,0,0,0,0,0,110000,0,0,0,128000,18000,110000,110000
062606,聯電凱基9C購02  ,0,0,0,0,0,0,0,0,0,110000,0,0,0,158000,48000,110000,110000
062500,國巨群益01購01  ,0,0,0,0,0,0,0,0,0,110000,0,0,0,122000,12000,110000,110000
061589,世紀鋼富邦9B購01,0,0,0,0,0,0,0,0,0,110000,0,0,0,115000,5000,110000,110000
061506,瑞祺國票9A購02  ,0,0,0,0,0,0,0,0,0,110000,0,0,0,148000,38000,110000,110000
061441,大毅永豐9A購04  ,0,0,0,0,0,0,0,0,0,110000,0,0,0,111000,1000,110000,110000
4552,力達-KY         ,35000,33000,2000,0,0,0,103000,0,103000,4000,4000,0,4000,0,0,0,109000
057084,立積統一9B購01  ,0,0,0,0,0,0,0,0,0,109000,0,0,0,124000,15000,109000,109000
058572,百和凱基9A購01  ,0,0,0,0,0,0,0,0,0,109000,0,0,0,160000,51000,109000,109000
057688,國巨凱基99購07  ,0,0,0,0,0,0,0,0,0,109000,0,0,0,109000,0,109000,109000
060789,禾伸堂富邦9B購02,0,0,0,0,0,0,0,0,0,109000,0,0,0,109000,0,109000,109000
060977,亞德客元大9A購04,0,0,0,0,0,0,0,0,0,109000,0,0,0,186000,77000,109000,109000
061604,台光電凱基9B購01,0,0,0,0,0,0,0,0,0,109000,0,0,0,110000,1000,109000,109000
063112,祥碩兆豐9B購01  ,0,0,0,0,0,0,0,0,0,109000,0,0,0,117000,8000,109000,109000
8422,可寧衛          ,119000,42000,77000,0,0,0,32000,0,32000,0,0,0,0,0,0,0,109000
8131,福懋科          ,166000,59000,107000,0,0,0,0,1000,-1000,3000,4000,1000,3000,0,0,0,109000
07085P,超眾元富9C售01  ,0,0,0,0,0,0,0,0,0,108000,0,0,0,158000,50000,108000,108000
061036,晶技永豐9A購03  ,0,0,0,0,0,0,0,0,0,108000,0,0,0,108000,0,108000,108000
057937,神達群益98購02  ,0,0,0,0,0,0,0,0,0,108000,0,0,0,448000,340000,108000,108000
057054,立積元大98購03  ,0,0,0,0,0,0,0,0,0,108000,0,0,0,203000,95000,108000,108000
060106,旭富元大99購02  ,0,0,0,0,0,0,0,0,0,108000,0,0,0,137000,29000,108000,108000
062851,建準永豐9B購02  ,0,0,0,0,0,0,0,0,0,108000,0,0,0,164000,56000,108000,108000
063395,金像電群益9B購02,0,0,0,0,0,0,0,0,0,108000,0,0,0,128000,20000,108000,108000
2017,官田鋼          ,158000,51000,107000,0,0,0,0,0,0,0,0,0,0,0,0,0,107000
07998P,聯電凱基9C售01  ,0,0,0,0,0,0,0,0,0,107000,0,0,0,113000,6000,107000,107000
059100,元油2X統一9C購02,0,0,0,0,0,0,0,0,0,107000,0,0,0,237000,130000,107000,107000
060671,亞德客元大9A購03,0,0,0,0,0,0,0,0,0,107000,0,0,0,381000,274000,107000,107000
063400,華擎群益9B購03  ,0,0,0,0,0,0,0,0,0,107000,0,0,0,201000,94000,107000,107000
08357P,聯發科元大9C售09,0,0,0,0,0,0,0,0,0,106000,0,0,0,160000,54000,106000,106000
2536,宏普            ,125000,20000,105000,0,0,0,0,0,0,1000,1000,0,1000,0,0,0,106000
07101P,台郡元大99售06  ,0,0,0,0,0,0,0,0,0,106000,0,0,0,226000,120000,106000,106000
054710,東元元富97購01  ,0,0,0,0,0,0,0,0,0,106000,0,0,0,246000,140000,106000,106000
053293,聯發科中信9B購01,0,0,0,0,0,0,0,0,0,106000,0,0,0,126000,20000,106000,106000
047690,美律富邦97購01  ,0,0,0,0,0,0,0,0,0,106000,0,0,0,106000,0,106000,106000
058494,可成群益9B購01  ,0,0,0,0,0,0,0,0,0,106000,0,0,0,153000,47000,106000,106000
063263,高鐵永豐9B購01  ,0,0,0,0,0,0,0,0,0,106000,0,0,0,171000,65000,106000,106000
063621,華新科兆豐9B購02,0,0,0,0,0,0,0,0,0,106000,0,0,0,106000,0,106000,106000
063671,GIS統一01購01   ,0,0,0,0,0,0,0,0,0,106000,0,0,0,648000,542000,106000,106000
063665,南亞科統一01購02,0,0,0,0,0,0,0,0,0,106000,0,0,0,171000,65000,106000,106000
06706P,智原台新98售02  ,0,0,0,0,0,0,0,0,0,105000,0,0,0,105000,0,105000,105000
06434P,超眾群益98售02  ,0,0,0,0,0,0,0,0,0,105000,0,0,0,277000,172000,105000,105000
054600,中壽台新97購01  ,0,0,0,0,0,0,0,0,0,105000,0,0,0,105000,0,105000,105000
060364,奇力新元富9A購01,0,0,0,0,0,0,0,0,0,105000,0,0,0,115000,10000,105000,105000
063217,元金2X群益9B購03,0,0,0,0,0,0,0,0,0,105000,0,0,0,105000,0,105000,105000
061453,台達電凱基9B購01,0,0,0,0,0,0,0,0,0,105000,0,0,0,138000,33000,105000,105000
062197,聯發科中信01購03,0,0,0,0,0,0,0,0,0,105000,0,0,0,128000,23000,105000,105000
062085,同欣電元大9B購01,0,0,0,0,0,0,0,0,0,105000,0,0,0,111000,6000,105000,105000
9103,美德醫療-DR     ,5000,0,5000,0,0,0,0,0,0,100000,0,0,0,100000,0,100000,105000
6139,亞翔            ,158000,60000,98000,0,0,0,0,0,0,7000,7000,0,7000,0,0,0,105000
063975,台積電兆豐9C購01,0,0,0,0,0,0,0,0,0,104000,0,0,0,321000,217000,104000,104000
064070,祥碩永豐9C購01  ,0,0,0,0,0,0,0,0,0,104000,0,0,0,137000,33000,104000,104000
07420P,可成元大99售07  ,0,0,0,0,0,0,0,0,0,104000,0,0,0,104000,0,104000,104000
08184P,可成永豐9B售03  ,0,0,0,0,0,0,0,0,0,104000,0,0,0,129000,25000,104000,104000
08011P,玉晶光元大9B售05,0,0,0,0,0,0,0,0,0,104000,0,0,0,349000,245000,104000,104000
060014,中鋼康和99購01  ,0,0,0,0,0,0,0,0,0,104000,0,0,0,104000,0,104000,104000
057056,立積元大99購02  ,0,0,0,0,0,0,0,0,0,104000,0,0,0,123000,19000,104000,104000
057451,大立光元富9B購01,0,0,0,0,0,0,0,0,0,104000,0,0,0,116000,12000,104000,104000
057693,臺股指凱基98購11,0,0,0,0,0,0,0,0,0,104000,0,0,0,104000,0,104000,104000
9105,泰金寶-DR       ,126000,22000,104000,0,0,0,0,0,0,0,0,0,0,0,0,0,104000
064034,台表科元大9C購07,0,0,0,0,0,0,0,0,0,103000,0,0,0,237000,134000,103000,103000
050100,台積電永昌96購02,0,0,0,0,0,0,0,0,0,103000,0,0,0,103000,0,103000,103000
055850,聯詠元大97購06  ,0,0,0,0,0,0,0,0,0,103000,0,0,0,103000,0,103000,103000
061267,玉山金凱基9B購01,0,0,0,0,0,0,0,0,0,103000,0,0,0,135000,32000,103000,103000
061362,台塑國票9B購01  ,0,0,0,0,0,0,0,0,0,103000,0,0,0,129000,26000,103000,103000
063735,華新科元大9B購15,0,0,0,0,0,0,0,0,0,103000,0,0,0,103000,0,103000,103000
063508,緯創群益9B購01  ,0,0,0,0,0,0,0,0,0,103000,0,0,0,202000,99000,103000,103000
9921,巨大            ,681389,573015,108374,0,0,0,0,52000,-52000,46000,80000,14000,66000,5000,25000,-20000,102374
07917P,可成永豐9B售01  ,0,0,0,0,0,0,0,0,0,102000,0,0,0,120000,18000,102000,102000
055256,日電貿統一99購01,0,0,0,0,0,0,0,0,0,102000,0,0,0,102000,0,102000,102000
056573,華新科元大99購06,0,0,0,0,0,0,0,0,0,102000,0,0,0,113000,11000,102000,102000
056788,日月光群益98購01,0,0,0,0,0,0,0,0,0,102000,0,0,0,102000,0,102000,102000
058050,台郡元大99購05  ,0,0,0,0,0,0,0,0,0,102000,0,0,0,111000,9000,102000,102000
058748,景碩凱基9A購01  ,0,0,0,0,0,0,0,0,0,102000,0,0,0,382000,280000,102000,102000
060083,和大元大99購02  ,0,0,0,0,0,0,0,0,0,102000,0,0,0,115000,13000,102000,102000
063569,美食元大9B購03  ,0,0,0,0,0,0,0,0,0,102000,0,0,0,189000,87000,102000,102000
062765,祥碩凱基9B購04  ,0,0,0,0,0,0,0,0,0,102000,0,0,0,151000,49000,102000,102000
061082,台光電兆豐9A購01,0,0,0,0,0,0,0,0,0,102000,0,0,0,106000,4000,102000,102000
062091,世紀鋼元大9B購01,0,0,0,0,0,0,0,0,0,102000,0,0,0,126000,24000,102000,102000
056122,勤誠群益97購02  ,0,0,0,0,0,0,0,0,0,101000,0,0,0,164000,63000,101000,101000
059500,鴻海元富99購11  ,0,0,0,0,0,0,0,0,0,101000,0,0,0,106000,5000,101000,101000
056488,致新元大99購01  ,0,0,0,0,0,0,0,0,0,101000,0,0,0,101000,0,101000,101000
060227,和大元大9A購01  ,0,0,0,0,0,0,0,0,0,101000,0,0,0,111000,10000,101000,101000
060305,得力永豐9A購01  ,0,0,0,0,0,0,0,0,0,101000,0,0,0,119000,18000,101000,101000
057320,玉晶光凱基98購01,0,0,0,0,0,0,0,0,0,101000,0,0,0,300000,199000,101000,101000
059780,滬深2X元大9C購06,0,0,0,0,0,0,0,0,0,101000,0,0,0,101000,0,101000,101000
057249,華邦電統一9A購01,0,0,0,0,0,0,0,0,0,101000,0,0,0,101000,0,101000,101000
060983,南亞科元大9A購06,0,0,0,0,0,0,0,0,0,101000,0,0,0,136000,35000,101000,101000
063090,道瓊反中信9C購02,0,0,0,0,0,0,0,0,0,101000,0,0,0,101000,0,101000,101000
07691P,宏達電元大9A售05,0,0,0,0,0,0,0,0,0,100000,0,0,0,100000,0,100000,100000
07695P,台郡元大9A售02  ,0,0,0,0,0,0,0,0,0,100000,0,0,0,200000,100000,100000,100000
07811P,華新科統一9A售02,0,0,0,0,0,0,0,0,0,100000,0,0,0,100000,0,100000,100000
07826P,台積電富邦9B售07,0,0,0,0,0,0,0,0,0,100000,0,0,0,100000,0,100000,100000
08166P,國巨中信9B售05  ,0,0,0,0,0,0,0,0,0,100000,0,0,0,100000,0,100000,100000
064014,貿聯國票01購01  ,0,0,0,0,0,0,0,0,0,100000,0,0,0,120000,20000,100000,100000
063961,世紀鋼元大9C購05,0,0,0,0,0,0,0,0,0,100000,0,0,0,104000,4000,100000,100000
063881,嘉晶元富9C購01  ,0,0,0,0,0,0,0,0,0,100000,0,0,0,100000,0,100000,100000
07520P,臺股指元大9B售11,0,0,0,0,0,0,0,0,0,100000,0,0,0,102000,2000,100000,100000
06739P,聯詠兆豐98售02  ,0,0,0,0,0,0,0,0,0,100000,0,0,0,100000,0,100000,100000
06731P,聯茂元大98售05  ,0,0,0,0,0,0,0,0,0,100000,0,0,0,127000,27000,100000,100000
049593,群創元大9A購01  ,0,0,0,0,0,0,0,0,0,100000,0,0,0,100000,0,100000,100000
048001,中工元大96購01  ,0,0,0,0,0,0,0,0,0,100000,0,0,0,100000,0,100000,100000
054293,健策元大98購02  ,0,0,0,0,0,0,0,0,0,100000,0,0,0,100000,0,100000,100000
051843,聯發科富邦99購01,0,0,0,0,0,0,0,0,0,100000,0,0,0,100000,0,100000,100000
056280,上証2X永豐98購01,0,0,0,0,0,0,0,0,0,100000,0,0,0,100000,0,100000,100000
055233,康友國票98購01  ,0,0,0,0,0,0,0,0,0,100000,0,0,0,100000,0,100000,100000
055067,禾聯碩永豐97購01,0,0,0,0,0,0,0,0,0,100000,0,0,0,100000,0,100000,100000
054999,玉晶光元富97購03,0,0,0,0,0,0,0,0,0,100000,0,0,0,100000,0,100000,100000
055000,玉晶光元富97購04,0,0,0,0,0,0,0,0,0,100000,0,0,0,100000,0,100000,100000
060908,金像電元大9A購03,0,0,0,0,0,0,0,0,0,100000,0,0,0,126000,26000,100000,100000
060675,南亞科元大9A購02,0,0,0,0,0,0,0,0,0,100000,0,0,0,128000,28000,100000,100000
058705,長榮航元大99購01,0,0,0,0,0,0,0,0,0,100000,0,0,0,100000,0,100000,100000
058034,神達永豐98購02  ,0,0,0,0,0,0,0,0,0,100000,0,0,0,100000,0,100000,100000
058021,牧德凱基98購02  ,0,0,0,0,0,0,0,0,0,100000,0,0,0,100000,0,100000,100000
058431,國巨統一9B購01  ,0,0,0,0,0,0,0,0,0,100000,0,0,0,195000,95000,100000,100000
057254,友達麥證98購01  ,0,0,0,100000,0,100000,0,0,0,100000,0,0,0,100000,0,100000,100000
057219,群創群益98購10  ,0,0,0,0,0,0,0,0,0,100000,0,0,0,100000,0,100000,100000
057063,立積國泰9A購01  ,0,0,0,0,0,0,0,0,0,100000,0,0,0,105000,5000,100000,100000
06000P,GIS元大96售04   ,0,0,0,0,0,0,0,0,0,100000,0,0,0,100000,0,100000,100000
060280,元金2X元大9A購01,0,0,0,0,0,0,0,0,0,100000,0,0,0,108000,8000,100000,100000
06005P,晶豪科永豐96售04,0,0,0,0,0,0,0,0,0,100000,0,0,0,100000,0,100000,100000
062859,玉晶光國票01購02,0,0,0,0,0,0,0,0,0,100000,0,0,0,170000,70000,100000,100000
062578,超眾群益9B購01  ,0,0,0,0,0,0,0,0,0,100000,0,0,0,100000,0,100000,100000
063633,金像電元大9B購05,0,0,0,0,0,0,0,0,0,100000,0,0,0,100000,0,100000,100000
063644,祥碩元大9B購10  ,0,0,0,0,0,0,0,0,0,100000,0,0,0,165000,65000,100000,100000
063229,台表科群益9B購04,0,0,0,0,0,0,0,0,0,100000,0,0,0,120000,20000,100000,100000
063439,正隆統一01購01  ,0,0,0,0,0,0,0,0,0,100000,0,0,0,100000,0,100000,100000
062225,華擎統一01購01  ,0,0,0,0,0,0,0,0,0,100000,0,0,0,100000,0,100000,100000
061104,華新科元大9A購13,0,0,0,0,0,0,0,0,0,100000,0,0,0,101000,1000,100000,100000
061109,臻鼎元大9A購03  ,0,0,0,0,0,0,0,0,0,100000,0,0,0,100000,0,100000,100000
061637,華新科元大9A購22,0,0,0,0,0,0,0,0,0,100000,0,0,0,100000,0,100000,100000
064164,祥碩統一01購05  ,0,0,0,0,0,0,0,0,0,99000,0,0,0,132000,33000,99000,99000
058528,世紀鋼元大99購02,0,0,0,0,0,0,0,0,0,99000,0,0,0,110000,11000,99000,99000
062205,奇力新國票9C購01,0,0,0,0,0,0,0,0,0,99000,0,0,0,113000,14000,99000,99000
063397,廣達群益9B購02  ,0,0,0,0,0,0,0,0,0,99000,0,0,0,179000,80000,99000,99000
063590,華擎永豐9B購01  ,0,0,0,0,0,0,0,0,0,99000,0,0,0,99000,0,99000,99000
062918,祥碩元大9C購02  ,0,0,0,0,0,0,0,0,0,99000,0,0,0,154000,55000,99000,99000
08506P,台灣50中信96售02,0,0,0,0,0,0,0,0,0,98000,0,0,0,543000,445000,98000,98000
07820P,臺股指國票9A售11,0,0,0,0,0,0,0,0,0,98000,0,0,0,122000,24000,98000,98000
4540,全球傳動        ,150000,53000,97000,0,0,0,0,0,0,1000,1000,0,1000,0,0,0,98000
1701,中化            ,236000,139000,97000,0,0,0,0,0,0,1000,2000,1000,1000,0,0,0,98000
054841,亞德客兆豐97購01,0,0,0,0,0,0,0,0,0,98000,0,0,0,118000,20000,98000,98000
056845,揚明光元富98購01,0,0,0,0,0,0,0,0,0,98000,0,0,0,150000,52000,98000,98000
058005,茂林群益98購04  ,0,0,0,0,0,0,0,0,0,98000,0,0,0,98000,0,98000,98000
057887,智原群益98購04  ,0,0,0,0,0,0,0,0,0,98000,0,0,0,98000,0,98000,98000
058168,國巨凱基9A購04  ,0,0,0,0,0,0,0,0,0,98000,0,0,0,98000,0,98000,98000
062550,啟碁永豐9B購01  ,0,0,0,0,0,0,0,0,0,98000,0,0,0,98000,0,98000,98000
063673,GIS統一9C購02   ,0,0,0,0,0,0,0,0,0,98000,0,0,0,128000,30000,98000,98000
061581,貿聯元大9A購05  ,0,0,0,0,0,0,0,0,0,98000,0,0,0,123000,25000,98000,98000
061315,滬深2X凱基9C購06,0,0,0,0,0,0,0,0,0,98000,0,0,0,101000,3000,98000,98000
00636,國泰中國A50     ,4000,147000,-143000,0,0,0,0,0,0,240918,0,0,0,261000,20082,240918,97918
2305,全友            ,167000,70000,97000,0,0,0,0,0,0,0,0,0,0,0,0,0,97000
064066,達新永豐9C購01  ,0,0,0,0,0,0,0,0,0,97000,0,0,0,97000,0,97000,97000
06970P,旺宏元大99售08  ,0,0,0,0,0,0,0,0,0,97000,0,0,0,110000,13000,97000,97000
057988,鈺齊元富98購02  ,0,0,0,0,0,0,0,0,0,97000,0,0,0,97000,0,97000,97000
061786,義隆群益9B購01  ,0,0,0,0,0,0,0,0,0,97000,0,0,0,112000,15000,97000,97000
062266,世紀鋼元大9B購02,0,0,0,0,0,0,0,0,0,97000,0,0,0,110000,13000,97000,97000
063228,聯茂群益9B購01  ,0,0,0,0,0,0,0,0,0,97000,0,0,0,102000,5000,97000,97000
063273,緯穎兆豐9C購01  ,0,0,0,0,0,0,0,0,0,97000,0,0,0,539000,442000,97000,97000
8210,勤誠            ,1110000,1052000,58000,0,0,0,65000,0,65000,-26000,7000,2000,5000,26000,57000,-31000,97000
6541,泰福-KY         ,155000,56000,99000,0,0,0,0,0,0,-2000,0,2000,-2000,0,0,0,97000
1503,士電            ,110000,6000,104000,0,0,0,0,0,0,-8000,0,8000,-8000,0,0,0,96000
006207,FH滬深          ,72000,0,72000,0,0,0,0,0,0,24000,0,0,0,174000,150000,24000,96000
057000,亞德客國票99購01,0,0,0,0,0,0,0,0,0,96000,0,0,0,111000,15000,96000,96000
059957,中信金康和99購01,0,0,0,0,0,0,0,0,0,96000,0,0,0,96000,0,96000,96000
06051P,嘉聯益國票97售04,0,0,0,0,0,0,0,0,0,96000,0,0,0,96000,0,96000,96000
057725,台達電國泰9A購01,0,0,0,0,0,0,0,0,0,96000,0,0,0,115000,19000,96000,96000
063250,同欣電元大9B購03,0,0,0,0,0,0,0,0,0,96000,0,0,0,184000,88000,96000,96000
063738,奇鋐元大9B購03  ,0,0,0,0,0,0,0,0,0,96000,0,0,0,155000,59000,96000,96000
063576,台表科元大9B購08,0,0,0,0,0,0,0,0,0,96000,0,0,0,99000,3000,96000,96000
061470,鈺齊群益9A購02  ,0,0,0,0,0,0,0,0,0,96000,0,0,0,116000,20000,96000,96000
061458,臻鼎凱基9A購02  ,0,0,0,0,0,0,0,0,0,96000,0,0,0,96000,0,96000,96000
2520,冠德            ,475000,382000,93000,0,0,0,0,0,0,2000,2000,0,2000,0,0,0,95000
07452P,國巨元大9A售05  ,0,0,0,0,0,0,0,0,0,95000,0,0,0,95000,0,95000,95000
06801P,技嘉群益99售02  ,0,0,0,0,0,0,0,0,0,95000,0,0,0,121000,26000,95000,95000
056768,宏達電元大99購03,0,0,0,0,0,0,0,0,0,95000,0,0,0,95000,0,95000,95000
056086,奇力新統一98購01,0,0,0,0,0,0,0,0,0,95000,0,0,0,95000,0,95000,95000
057173,南亞科元大98購04,0,0,0,0,0,0,0,0,0,95000,0,0,0,105000,10000,95000,95000
060410,台苯永豐9A購01  ,0,0,0,0,0,0,0,0,0,95000,0,0,0,95000,0,95000,95000
059771,台積電群益99購11,0,0,0,0,0,0,0,0,0,95000,0,0,0,95000,0,95000,95000
059086,國巨元大99購18  ,0,0,0,0,0,0,0,0,0,95000,0,0,0,106000,11000,95000,95000
06168P,台表科國票97售06,0,0,0,0,0,0,0,0,0,95000,0,0,0,115000,20000,95000,95000
062083,健策元大9C購03  ,0,0,0,0,0,0,0,0,0,95000,0,0,0,143000,48000,95000,95000
062557,台光電凱基9B購02,0,0,0,0,0,0,0,0,0,95000,0,0,0,164000,69000,95000,95000
06296P,燿華元大98售01  ,0,0,0,0,0,0,0,0,0,95000,0,0,0,103000,8000,95000,95000
064079,英業達中信9C購01,0,0,0,0,0,0,0,0,0,94000,0,0,0,503000,409000,94000,94000
056358,友訊元大99購01  ,0,0,0,0,0,0,0,0,0,94000,0,0,0,157000,63000,94000,94000
051929,GIS中信96購01   ,0,0,0,0,0,0,0,0,0,94000,0,0,0,94000,0,94000,94000
057601,中磊群益98購01  ,0,0,0,0,0,0,0,0,0,94000,0,0,0,144000,50000,94000,94000
058936,國喬中信99購01  ,0,0,0,0,0,0,0,0,0,94000,0,0,0,231000,137000,94000,94000
058245,訊連元大99購01  ,0,0,0,0,0,0,0,0,0,94000,0,0,0,100000,6000,94000,94000
062007,台光電國泰9C購01,0,0,0,0,0,0,0,0,0,94000,0,0,0,297000,203000,94000,94000
061640,智原元大9A購01  ,0,0,0,0,0,0,0,0,0,94000,0,0,0,107000,13000,94000,94000
063799,華邦電凱基9C購02,0,0,0,0,0,0,0,0,0,93000,0,0,0,95000,2000,93000,93000
1733,五鼎            ,167000,74000,93000,0,0,0,0,0,0,0,0,0,0,0,0,0,93000
07754P,日月光元大9A售02,0,0,0,0,0,0,0,0,0,93000,0,0,0,99000,6000,93000,93000
07872P,聯發科群益9B售03,0,0,0,0,0,0,0,0,0,93000,0,0,0,93000,0,93000,93000
08040P,臺股指群益9B售13,0,0,0,0,0,0,0,0,0,93000,0,0,0,93000,0,93000,93000
01003T,兆豐新光R1      ,115000,22000,93000,0,0,0,0,0,0,0,0,0,0,0,0,0,93000
059298,大立光元富9C購02,0,0,0,0,0,0,0,0,0,93000,0,0,0,94000,1000,93000,93000
058212,華新科群益9A購01,0,0,0,0,0,0,0,0,0,93000,0,0,0,103000,10000,93000,93000
058911,茂林元大99購04  ,0,0,0,0,0,0,0,0,0,93000,0,0,0,95000,2000,93000,93000
062222,華新科統一9B購04,0,0,0,0,0,0,0,0,0,93000,0,0,0,93000,0,93000,93000
062911,聯詠元大9B購03  ,0,0,0,0,0,0,0,0,0,93000,0,0,0,93000,0,93000,93000
08108P,聯發科元富9B售03,0,0,0,0,0,0,0,0,0,92000,0,0,0,132000,40000,92000,92000
064250,亞光元富9C購01  ,0,0,0,0,0,0,0,0,0,92000,0,0,0,200000,108000,92000,92000
05692P,聯發科中信9A售02,0,0,0,0,0,0,0,0,0,92000,0,0,0,146000,54000,92000,92000
053162,緯穎元大97購01  ,0,0,0,0,0,0,0,0,0,92000,0,0,0,112000,20000,92000,92000
060962,義隆凱基9B購01  ,0,2000,-2000,0,0,0,0,0,0,94000,0,0,0,513000,419000,94000,92000
057746,同欣電永豐98購02,0,0,0,0,0,0,0,0,0,92000,0,0,0,265000,173000,92000,92000
062206,緯創國票9B購01  ,0,0,0,0,0,0,0,0,0,92000,0,0,0,128000,36000,92000,92000
062348,聯發科群益9B購06,0,0,0,0,0,0,0,0,0,92000,0,0,0,626000,534000,92000,92000
9940,信義            ,142000,60000,82000,0,0,0,0,0,0,10000,10000,0,10000,0,0,0,92000
064077,台積電中信06購03,0,0,0,0,0,0,0,0,0,91000,0,0,0,113000,22000,91000,91000
3563,牧德            ,111000,24000,87000,0,0,0,0,10000,-10000,14000,18000,5000,13000,5000,4000,1000,91000
056954,聯詠富邦9A購01  ,0,0,0,0,0,0,0,0,0,91000,0,0,0,101000,10000,91000,91000
00642U,元大S&P石油     ,1000,4000,-3000,0,0,0,0,0,0,94000,0,0,0,100000,6000,94000,91000
055417,健策富邦98購02  ,0,0,0,0,0,0,0,0,0,91000,0,0,0,104000,13000,91000,91000
060034,立積永豐99購04  ,0,0,0,0,0,0,0,0,0,91000,0,0,0,92000,1000,91000,91000
058928,國巨統一9C購01  ,0,0,0,0,0,0,0,0,0,91000,0,0,0,442000,351000,91000,91000
060946,世紀鋼國票9A購02,0,0,0,0,0,0,0,0,0,91000,0,0,0,142000,51000,91000,91000
062372,旭富元大9B購01  ,0,0,0,0,0,0,0,0,0,91000,0,0,0,133000,42000,91000,91000
061544,大毅群益9B購02  ,0,0,0,0,0,0,0,0,0,91000,0,0,0,145000,54000,91000,91000
063017,台光電元大9B購07,0,0,0,0,0,0,0,0,0,91000,0,0,0,134000,43000,91000,91000
062702,可成元大9C購01  ,0,0,0,0,0,0,0,0,0,91000,0,0,0,182000,91000,91000,91000
1201,味全            ,239000,149000,90000,0,0,0,0,0,0,0,0,0,0,0,0,0,90000
07639P,緯穎國票9A售01  ,0,0,0,0,0,0,0,0,0,90000,0,0,0,90000,0,90000,90000
07564P,臺股指中信01售01,0,0,0,0,0,0,0,0,0,90000,0,0,0,90000,0,90000,90000
056330,玉晶光國票99購03,0,0,0,0,0,0,0,0,0,90000,0,0,0,101000,11000,90000,90000
056190,昇陽半統一97購01,0,0,0,0,0,0,0,0,0,90000,0,0,0,90000,0,90000,90000
055455,健策國泰98購02  ,0,0,0,0,0,0,0,0,0,90000,0,0,0,90000,0,90000,90000
053532,台積電永豐96購03,0,0,0,0,0,0,0,0,0,90000,0,0,0,90000,0,90000,90000
060924,大毅永豐9A購03  ,0,0,0,0,0,0,0,0,0,90000,0,0,0,90000,0,90000,90000
057597,華通群益9A購02  ,0,0,0,0,0,0,0,0,0,90000,0,0,0,90000,0,90000,90000
060629,鴻海富邦9B購01  ,0,0,0,0,0,0,0,0,0,90000,0,0,0,94000,4000,90000,90000
05894P,友達群益98售02  ,0,0,0,0,0,0,0,0,0,90000,0,0,0,100000,10000,90000,90000
057812,友達元大9A購05  ,0,0,0,0,0,0,0,0,0,90000,0,0,0,100000,10000,90000,90000
060454,葡萄王元大9A購01,0,0,0,0,0,0,0,0,0,90000,0,0,0,131000,41000,90000,90000
061070,超眾凱基9C購01  ,0,0,0,0,0,0,0,0,0,90000,0,0,0,90000,0,90000,90000
062354,台達電元大9B購01,0,0,0,0,0,0,0,0,0,90000,0,0,0,201000,111000,90000,90000
062315,健策凱基9C購01  ,0,0,0,0,0,0,0,0,0,90000,0,0,0,188000,98000,90000,90000
064245,GIS統一02購02   ,0,0,0,0,0,0,0,0,0,89000,0,0,0,93000,4000,89000,89000
2832,台產            ,92000,3000,89000,0,0,0,0,0,0,0,0,0,0,0,0,0,89000
058413,義隆兆豐99購01  ,0,0,0,0,0,0,0,0,0,89000,0,0,0,89000,0,89000,89000
059924,世紀鋼元大99購06,0,0,0,0,0,0,0,0,0,89000,0,0,0,204000,115000,89000,89000
061907,裕隆中信9B購01  ,0,0,0,0,0,0,0,0,0,89000,0,0,0,120000,31000,89000,89000
062846,國泰金富邦9C購01,0,0,0,0,0,0,0,0,0,89000,0,0,0,481000,392000,89000,89000
049842,道瓊反中信98購01,0,0,0,0,0,0,0,0,0,88000,0,0,0,89000,1000,88000,88000
056116,義隆群益97購02  ,0,0,0,0,0,0,0,0,0,88000,0,0,0,88000,0,88000,88000
058797,大毅元大99購03  ,0,0,0,0,0,0,0,0,0,88000,0,0,0,90000,2000,88000,88000
058637,晶技兆豐99購01  ,0,0,0,0,0,0,0,0,0,88000,0,0,0,124000,36000,88000,88000
057053,立積元大98購02  ,0,0,0,0,0,0,0,0,0,88000,0,0,0,88000,0,88000,88000
057820,華擎元大98購02  ,0,0,0,0,0,0,0,0,0,88000,0,0,0,92000,4000,88000,88000
057721,華擎元富98購02  ,0,0,0,0,0,0,0,0,0,88000,0,0,0,224000,136000,88000,88000
060166,佐登永豐9A購01  ,0,0,0,0,0,0,0,0,0,88000,0,0,0,88000,0,88000,88000
059040,訊芯群益99購03  ,0,0,0,0,0,0,0,0,0,88000,0,0,0,98000,10000,88000,88000
063006,道瓊反元大9C購01,0,0,0,0,0,0,0,0,0,88000,0,0,0,90000,2000,88000,88000
063028,巨大元大9B購02  ,0,0,0,0,0,0,0,0,0,88000,0,0,0,96000,8000,88000,88000
063409,GIS國票9C購02   ,0,0,0,0,0,0,0,0,0,88000,0,0,0,88000,0,88000,88000
062379,致新元大9B購01  ,0,0,0,0,0,0,0,0,0,88000,0,0,0,143000,55000,88000,88000
061245,晶技群益9A購01  ,0,0,0,0,0,0,0,0,0,88000,0,0,0,98000,10000,88000,88000
6582,申豐            ,191000,96000,95000,0,0,0,0,0,0,-7000,1000,8000,-7000,0,0,0,88000
8404,百和興業-KY     ,205000,118000,87000,0,0,0,0,0,0,1000,1000,0,1000,0,0,0,88000
2464,盟立            ,141000,55000,86000,0,0,0,0,0,0,1000,0,4000,-4000,5000,0,5000,87000
07920P,大立光中信01售01,0,0,0,0,0,0,0,0,0,87000,0,0,0,150000,63000,87000,87000
063913,貿聯凱基02購01  ,0,0,0,0,0,0,0,0,0,87000,0,0,0,187000,100000,87000,87000
054354,技嘉富邦97購01  ,0,0,0,0,0,0,0,0,0,87000,0,0,0,115000,28000,87000,87000
058970,鴻海永豐99購02  ,0,0,0,0,0,0,0,0,0,87000,0,0,0,100000,13000,87000,87000
062615,亞德客元大9B購02,0,0,0,0,0,0,0,0,0,87000,0,0,0,203000,116000,87000,87000
07963P,智邦統一9B售01  ,0,0,0,0,0,0,0,0,0,86000,0,0,0,223000,137000,86000,86000
08112P,臺股指中信01售07,0,1000,-1000,0,0,0,0,0,0,87000,0,0,0,372000,285000,87000,86000
1707,葡萄王          ,147000,73000,74000,0,0,0,0,0,0,12000,10000,0,10000,4000,2000,2000,86000
063101,華通群益9B購07  ,0,0,0,0,0,0,0,0,0,86000,0,0,0,108000,22000,86000,86000
063466,美食元大9B購02  ,0,0,0,0,0,0,0,0,0,86000,0,0,0,93000,7000,86000,86000
063379,帆宣永豐9B購01  ,0,0,0,0,0,0,0,0,0,86000,0,0,0,146000,60000,86000,86000
063239,建準元大9B購01  ,0,0,0,0,0,0,0,0,0,86000,0,0,0,156000,70000,86000,86000
063552,晶技國票9B購03  ,0,0,0,0,0,0,0,0,0,86000,0,0,0,119000,33000,86000,86000
061891,力山永豐9B購01  ,0,0,0,0,0,0,0,0,0,86000,0,0,0,96000,10000,86000,86000
1612,宏泰            ,85000,0,85000,0,0,0,0,0,0,0,0,0,0,0,0,0,85000
06621P,欣興元大98售06  ,0,0,0,0,0,0,0,0,0,85000,0,0,0,85000,0,85000,85000
051055,友達群益98購01  ,0,0,0,0,0,0,0,0,0,85000,0,0,0,87000,2000,85000,85000
00647L,元大S&P500正2   ,4000,4000,0,0,0,0,0,0,0,85000,0,0,0,377000,292000,85000,85000
058656,燿華中信99購01  ,0,0,0,0,0,0,0,0,0,85000,0,0,0,165000,80000,85000,85000
058727,嘉晶富邦9A購01  ,0,0,0,0,0,0,0,0,0,85000,0,0,0,123000,38000,85000,85000
060888,金像電統一9C購01,0,0,0,0,0,0,0,0,0,85000,0,0,0,107000,22000,85000,85000
062305,遠東新凱基9B購01,0,0,0,0,0,0,0,0,0,85000,0,0,0,85000,0,85000,85000
061568,國巨元大9A購25  ,0,0,0,0,0,0,0,0,0,85000,0,0,0,85000,0,85000,85000
061759,上証反元大02購01,0,0,0,0,0,0,0,0,0,85000,0,0,0,85000,0,85000,85000
5607,遠雄港          ,200000,116000,84000,0,0,0,0,0,0,1000,1000,0,1000,0,0,0,85000
1476,儒鴻            ,708539,571000,137539,0,0,0,0,19000,-19000,-34000,16000,45000,-29000,3000,8000,-5000,84539
1339,昭輝            ,115000,31000,84000,0,0,0,0,0,0,0,0,0,0,0,0,0,84000
07457P,宏達電元大9A售01,0,0,0,0,0,0,0,0,0,84000,0,0,0,100000,16000,84000,84000
064197,智伸科群益9C購01,0,0,0,0,0,0,0,0,0,84000,0,0,0,84000,0,84000,84000
055153,台光電元大98購02,0,0,0,0,0,0,0,0,0,84000,0,0,0,127000,43000,84000,84000
060715,日電貿永豐9A購01,0,0,0,0,0,0,0,0,0,84000,0,0,0,84000,0,84000,84000
057057,立積元大9A購01  ,0,0,0,0,0,0,0,0,0,84000,0,0,0,84000,0,84000,84000
061673,仁寶元大9B購01  ,0,0,0,0,0,0,0,0,0,84000,0,0,0,119000,35000,84000,84000
061483,TPK元大9A購01   ,0,0,0,0,0,0,0,0,0,84000,0,0,0,110000,26000,84000,84000
061341,華新科元大9A購16,0,0,0,0,0,0,0,0,0,84000,0,0,0,84000,0,84000,84000
062237,緯創凱基9B購01  ,0,0,0,0,0,0,0,0,0,84000,0,0,0,191000,107000,84000,84000
062133,大成鋼群益9B購01,0,0,0,0,0,0,0,0,0,84000,0,0,0,119000,35000,84000,84000
063298,統一凱基9B購01  ,0,0,0,0,0,0,0,0,0,84000,0,0,0,84000,0,84000,84000
063483,致新元大9B購03  ,0,0,0,0,0,0,0,0,0,84000,0,0,0,157000,73000,84000,84000
062934,大成鋼凱基9B購02,0,0,0,0,0,0,0,0,0,84000,0,0,0,84000,0,84000,84000
2357,華碩            ,1776271,2146000,-369729,0,0,0,480000,15000,465000,-12000,8000,3000,5000,0,17000,-17000,83271
2495,普安            ,108000,62000,46000,0,0,0,0,0,0,37000,37000,0,37000,0,0,0,83000
06839P,玉晶光統一9A售05,0,0,0,0,0,0,0,0,0,83000,0,0,0,114000,31000,83000,83000
056835,聯電元富99購01  ,0,0,0,0,0,0,0,0,0,83000,0,0,0,168000,85000,83000,83000
053586,建準元大96購01  ,0,0,0,0,0,0,0,0,0,83000,0,0,0,83000,0,83000,83000
056962,技嘉永豐98購01  ,0,0,0,0,0,0,0,0,0,83000,0,0,0,109000,26000,83000,83000
060016,廣達康和99購01  ,0,0,0,0,0,0,0,0,0,83000,0,0,0,162000,79000,83000,83000
060681,華擎元大9A購02  ,0,0,0,0,0,0,0,0,0,83000,0,0,0,94000,11000,83000,83000
063355,超眾元富9B購01  ,0,0,0,0,0,0,0,0,0,83000,0,0,0,174000,91000,83000,83000
063612,金像電群益9B購04,0,0,0,0,0,0,0,0,0,83000,0,0,0,83000,0,83000,83000
06167P,欣興國票97售05  ,0,0,0,0,0,0,0,0,0,83000,0,0,0,83000,0,83000,83000
053761,健策國泰98購01  ,0,0,0,0,0,0,0,0,0,82000,0,0,0,82000,0,82000,82000
056098,矽創元富97購02  ,0,0,0,0,0,0,0,0,0,82000,0,0,0,182000,100000,82000,82000
058877,T50反1國泰9B購01,0,0,0,0,0,0,0,0,0,82000,0,0,0,190000,108000,82000,82000
057907,台達電亞東99購01,0,0,0,0,0,0,0,0,0,82000,0,0,0,92000,10000,82000,82000
061708,同欣電國票9A購02,0,0,0,0,0,0,0,0,0,82000,0,0,0,169000,87000,82000,82000
061476,大毅元大9A購02  ,0,0,0,0,0,0,0,0,0,82000,0,0,0,118000,36000,82000,82000
061879,超眾元大9C購01  ,0,0,0,0,0,0,0,0,0,82000,0,0,0,114000,32000,82000,82000
063750,和鑫國票9B購01  ,0,0,0,0,0,0,0,0,0,82000,0,0,0,82000,0,82000,82000
063396,金像電群益9C購01,0,0,0,0,0,0,0,0,0,82000,0,0,0,176000,94000,82000,82000
062974,奇力新元富9B購01,0,0,0,0,0,0,0,0,0,82000,0,0,0,107000,25000,82000,82000
2375,凱美            ,293000,252000,41000,0,0,0,0,0,0,40000,3000,0,3000,37000,0,37000,81000
056683,台積電統一98購05,0,0,0,0,0,0,0,0,0,81000,0,0,0,121000,40000,81000,81000
053323,群創群益98購07  ,0,0,0,0,0,0,0,0,0,81000,0,0,0,81000,0,81000,81000
054577,世芯元大98購01  ,0,0,0,0,0,0,0,0,0,81000,0,0,0,81000,0,81000,81000
054100,致伸國票97購03  ,0,0,0,0,0,0,0,0,0,81000,0,0,0,321000,240000,81000,81000
058905,京鼎元大99購01  ,0,0,0,0,0,0,0,0,0,81000,0,0,0,122000,41000,81000,81000
062945,世芯國泰01購01  ,0,0,0,0,0,0,0,0,0,81000,0,0,0,119000,38000,81000,81000
063371,南亞科永豐9B購01,0,0,0,0,0,0,0,0,0,81000,0,0,0,82000,1000,81000,81000
063741,GIS元大9B購04   ,0,0,0,0,0,0,0,0,0,81000,0,0,0,116000,35000,81000,81000
061646,力成元大9A購02  ,0,0,0,0,0,0,0,0,0,81000,0,0,0,85000,4000,81000,81000
3048,益登            ,124000,50000,74000,0,0,0,0,0,0,6000,6000,0,6000,0,0,0,80000
07981P,上銀群益9B售04  ,0,0,0,0,0,0,0,0,0,80000,0,0,0,123000,43000,80000,80000
07708P,玉晶光元大9A售13,0,0,0,0,0,0,0,0,0,80000,0,0,0,107000,27000,80000,80000
07327P,台灣50群益9A售06,0,0,0,0,0,0,0,0,0,80000,0,0,0,80000,0,80000,80000
07130P,台郡元大9B售01  ,0,0,0,0,0,0,0,0,0,80000,0,0,0,294000,214000,80000,80000
064121,國巨元大9C購16  ,0,0,0,0,0,0,0,0,0,80000,0,0,0,100000,20000,80000,80000
046191,新光金凱基98購01,0,0,0,0,0,0,0,0,0,80000,0,0,0,90000,10000,80000,80000
05545P,台表科國泰98售01,0,0,0,0,0,0,0,0,0,80000,0,0,0,100000,20000,80000,80000
056997,台灣50康和9A購02,0,0,0,0,0,0,0,0,0,80000,0,0,0,80000,0,80000,80000
055898,訊芯第一97購01  ,0,0,0,0,0,0,0,0,0,80000,0,0,0,80000,0,80000,80000
055909,大成鋼凱基98購02,0,0,0,0,0,0,0,0,0,80000,0,0,0,80000,0,80000,80000
055848,大立光元大97購11,0,0,0,0,0,0,0,0,0,80000,0,0,0,210000,130000,80000,80000
055127,台虹兆豐97購01  ,0,0,0,0,0,0,0,0,0,80000,0,0,0,80000,0,80000,80000
054855,得力群益98購01  ,0,0,0,0,0,0,0,0,0,80000,0,0,0,80000,0,80000,80000
056582,易華電元大98購01,0,0,0,0,0,0,0,0,0,80000,0,0,0,80000,0,80000,80000
056135,緯創元大98購01  ,0,0,0,0,0,0,0,0,0,80000,0,0,0,118000,38000,80000,80000
056195,群創富邦98購01  ,0,0,0,0,0,0,0,0,0,80000,0,0,0,80000,0,80000,80000
056247,台郡群益97購01  ,0,0,0,0,0,0,0,0,0,80000,0,0,0,135000,55000,80000,80000
060571,京元電永豐9A購01,0,0,0,0,0,0,0,0,0,80000,0,0,0,80000,0,80000,80000
06042P,華新科永豐96售04,0,0,0,0,0,0,0,0,0,80000,0,0,0,80000,0,80000,80000
060339,國巨統一01購01  ,0,0,0,0,0,0,0,0,0,80000,0,0,0,80000,0,80000,80000
060214,茂林康和9A購01  ,0,0,0,0,0,0,0,0,0,80000,0,0,0,80000,0,80000,80000
061695,群創群益9A購01  ,0,0,0,0,0,0,0,0,0,80000,0,0,0,100000,20000,80000,80000
061753,南亞科台新9B購01,0,0,0,0,0,0,0,0,0,80000,0,0,0,100000,20000,80000,80000
061577,泰碩元大9A購03  ,0,0,0,0,0,0,0,0,0,80000,0,0,0,98000,18000,80000,80000
061547,禾伸堂群益9A購01,0,0,0,0,0,0,0,0,0,80000,0,0,0,80000,0,80000,80000
061369,T50反1國泰9B購03,0,0,0,0,0,0,0,0,0,80000,0,0,0,80000,0,80000,80000
062247,國巨元大9B購07  ,0,0,0,0,0,0,0,0,0,80000,0,0,0,90000,10000,80000,80000
062369,創意元大9B購01  ,0,0,0,0,0,0,0,0,0,80000,0,0,0,85000,5000,80000,80000
062889,可成群益9C購01  ,0,0,0,0,0,0,0,0,0,80000,0,0,0,84000,4000,80000,80000
062787,超眾元大9C購02  ,0,0,0,0,0,0,0,0,0,80000,0,0,0,80000,0,80000,80000
064244,GIS統一02購01   ,0,0,0,0,0,0,0,0,0,79000,0,0,0,99000,20000,79000,79000
063811,亞德客群益9C購01,0,0,0,0,0,0,0,0,0,79000,0,0,0,84000,5000,79000,79000
06677P,牧德國票98售02  ,0,0,0,0,0,0,0,0,0,79000,0,0,0,79000,0,79000,79000
06632P,創意群益98售03  ,0,0,0,0,0,0,0,0,0,79000,0,0,0,79000,0,79000,79000
08155P,聯發科元富9B售05,0,0,0,0,0,0,0,0,0,79000,0,0,0,99000,20000,79000,79000
2923,鼎固-KY         ,80000,1000,79000,0,0,0,0,0,0,0,0,0,0,0,0,0,79000
2486,一詮            ,93000,14000,79000,0,0,0,0,0,0,0,0,0,0,0,0,0,79000
056191,世紀鋼統一97購01,0,0,0,0,0,0,0,0,0,79000,0,0,0,151000,72000,79000,79000
060295,貿聯元大9A購03  ,0,0,0,0,0,0,0,0,0,79000,0,0,0,104000,25000,79000,79000
059003,中壽元大99購01  ,0,0,0,0,0,0,0,0,0,79000,0,0,0,130000,51000,79000,79000
057787,TPK國票99購01   ,0,0,0,0,0,0,0,0,0,79000,0,0,0,144000,65000,79000,79000
060879,華新科中信9A購02,0,0,0,0,0,0,0,0,0,79000,0,0,0,100000,21000,79000,79000
057954,宏碁元大99購01  ,0,0,0,0,0,0,0,0,0,79000,0,0,0,270000,191000,79000,79000
062904,台光電元大9B購06,0,0,0,0,0,0,0,0,0,79000,0,0,0,204000,125000,79000,79000
062950,貿聯富邦01購01  ,0,0,0,0,0,0,0,0,0,79000,0,0,0,573000,494000,79000,79000
063475,同欣電元大9C購01,0,0,0,0,0,0,0,0,0,79000,0,0,0,324000,245000,79000,79000
062450,臻鼎元大9B購02  ,0,0,0,0,0,0,0,0,0,79000,0,0,0,79000,0,79000,79000
053248,智伸科國票97購01,0,0,0,0,0,0,0,0,0,78000,0,0,0,83000,5000,78000,78000
057641,旺宏元大98購10  ,0,0,0,0,0,0,0,0,0,78000,0,0,0,79000,1000,78000,78000
057211,鴻海群益98購05  ,0,0,0,0,0,0,0,0,0,78000,0,0,0,82000,4000,78000,78000
060373,元金2X元富9A購01,0,0,0,0,0,0,0,0,0,78000,0,0,0,78000,0,78000,78000
059016,晶相光元富99購03,0,0,0,0,0,0,0,0,0,78000,0,0,0,78000,0,78000,78000
061181,牧德凱基9A購01  ,0,0,0,0,0,0,0,0,0,78000,0,0,0,88000,10000,78000,78000
061580,華擎元大9A購06  ,0,0,0,0,0,0,0,0,0,78000,0,0,0,115000,37000,78000,78000
063531,台表科凱基9B購04,0,0,0,0,0,0,0,0,0,78000,0,0,0,78000,0,78000,78000
062775,大成鋼元大9B購02,0,0,0,0,0,0,0,0,0,78000,0,0,0,294000,216000,78000,78000
063920,大立光元富03購02,0,0,0,0,0,0,0,0,0,77000,0,0,0,141000,64000,77000,77000
06439P,上銀凱基98售02  ,0,0,0,0,0,0,0,0,0,77000,0,0,0,96000,19000,77000,77000
055249,大毅統一99購01  ,0,0,0,0,0,0,0,0,0,77000,0,0,0,122000,45000,77000,77000
059005,嘉晶元大99購06  ,0,0,0,0,0,0,0,0,0,77000,0,0,0,107000,30000,77000,77000
057877,神達元大99購01  ,0,0,0,0,0,0,0,0,0,77000,0,0,0,107000,30000,77000,77000
063535,聯發科統一9B購13,0,0,0,0,0,0,0,0,0,77000,0,0,0,154000,77000,77000,77000
061075,亞德客兆豐9A購01,0,0,0,0,0,0,0,0,0,77000,0,0,0,293000,216000,77000,77000
064094,達新群益9C購01  ,0,0,0,0,0,0,0,0,0,76000,0,0,0,572000,496000,76000,76000
2471,資通            ,107000,31000,76000,0,0,0,0,0,0,0,0,0,0,0,0,0,76000
2436,偉詮電          ,124000,51000,73000,0,0,0,0,0,0,3000,3000,0,3000,0,0,0,76000
3530,晶相光          ,132000,55000,77000,0,0,0,0,0,0,-1000,1000,0,1000,0,2000,-2000,76000
056658,美食元大98購01  ,0,0,0,0,0,0,0,0,0,76000,0,0,0,160000,84000,76000,76000
055970,聯茂元大97購04  ,0,0,0,0,0,0,0,0,0,76000,0,0,0,76000,0,76000,76000
053686,台積電元大97購08,0,0,0,0,0,0,0,0,0,76000,0,0,0,76000,0,76000,76000
060570,南亞科永豐9A購01,0,0,0,0,0,0,0,0,0,76000,0,0,0,100000,24000,76000,76000
058468,聯茂中信99購02  ,0,0,0,0,0,0,0,0,0,76000,0,0,0,186000,110000,76000,76000
062182,華新科元大9B購07,0,0,0,0,0,0,0,0,0,76000,0,0,0,79000,3000,76000,76000
062735,和大國票9B購01  ,0,0,0,0,0,0,0,0,0,76000,0,0,0,86000,10000,76000,76000
3607,谷崧            ,81000,7000,74000,0,0,0,0,0,0,1000,1000,0,1000,0,0,0,75000
2015,豐興            ,109000,34000,75000,0,0,0,0,0,0,0,0,0,0,0,0,0,75000
053280,群創元大9C購01  ,0,0,0,0,0,0,0,0,0,75000,0,0,0,75000,0,75000,75000
056944,鴻海統一98購11  ,0,0,0,0,0,0,0,0,0,75000,0,0,0,75000,0,75000,75000
056471,台光電元大99購01,0,0,0,0,0,0,0,0,0,75000,0,0,0,78000,3000,75000,75000
056782,鴻海群益98購04  ,0,0,0,0,0,0,0,0,0,75000,0,0,0,75000,0,75000,75000
059680,台積電國泰9A購03,0,0,0,0,0,0,0,0,0,75000,0,0,0,75000,0,75000,75000
055627,亞德客永豐97購02,0,0,0,0,0,0,0,0,0,75000,0,0,0,75000,0,75000,75000
057639,國巨元大99購07  ,0,0,0,0,0,0,0,0,0,75000,0,0,0,77000,2000,75000,75000
057941,聯電國票99購01  ,0,0,0,0,0,0,0,0,0,75000,0,0,0,75000,0,75000,75000
060194,旭富元富9A購01  ,0,0,0,0,0,0,0,0,0,75000,0,0,0,110000,35000,75000,75000
057100,國巨中信9A購02  ,0,0,0,0,0,0,0,0,0,75000,0,0,0,107000,32000,75000,75000
063601,金像電凱基01購01,0,0,0,0,0,0,0,0,0,75000,0,0,0,105000,30000,75000,75000
061866,力山元大9C購01  ,0,0,0,0,0,0,0,0,0,75000,0,0,0,75000,0,75000,75000
061844,T50反1國票9C購02,0,0,0,0,0,0,0,0,0,75000,0,0,0,983000,908000,75000,75000
061233,國巨元大9A購17  ,0,0,0,0,0,0,0,0,0,75000,0,0,0,75000,0,75000,75000
07883P,可成凱基9B售03  ,0,0,0,0,0,0,0,0,0,74000,0,0,0,248000,174000,74000,74000
055705,微星永豐97購01  ,0,0,0,0,0,0,0,0,0,74000,0,0,0,184000,110000,74000,74000
056434,國巨凱基98購03  ,0,0,0,0,0,0,0,0,0,74000,0,0,0,76000,2000,74000,74000
057507,貿聯國票98購02  ,0,0,0,0,0,0,0,0,0,74000,0,0,0,134000,60000,74000,74000
058012,鈺齊國票99購01  ,0,0,0,0,0,0,0,0,0,74000,0,0,0,89000,15000,74000,74000
058767,亞德客兆豐99購01,0,0,0,0,0,0,0,0,0,74000,0,0,0,74000,0,74000,74000
058554,瀚宇博永豐99購01,0,0,0,0,0,0,0,0,0,74000,0,0,0,74000,0,74000,74000
057581,元大金中信9A購01,0,0,0,0,0,0,0,0,0,74000,0,0,0,563000,489000,74000,74000
061033,台光電永豐9A購01,0,0,0,0,0,0,0,0,0,74000,0,0,0,341000,267000,74000,74000
062096,神隆永豐9B購01  ,0,0,0,0,0,0,0,0,0,74000,0,0,0,77000,3000,74000,74000
062413,台光電中信9B購02,0,0,0,0,0,0,0,0,0,74000,0,0,0,158000,84000,74000,74000
062660,神隆群益9B購02  ,0,0,0,0,0,0,0,0,0,74000,0,0,0,174000,100000,74000,74000
062674,百和中信03購01  ,0,0,0,0,0,0,0,0,0,74000,0,0,0,102000,28000,74000,74000
063060,華新科元富9B購03,0,0,0,0,0,0,0,0,0,74000,0,0,0,75000,1000,74000,74000
07527P,台灣50凱基9B售02,0,0,0,0,0,0,0,0,0,73000,0,0,0,175000,102000,73000,73000
052223,聯電凱基96購02  ,0,0,0,0,0,0,0,0,0,73000,0,0,0,73000,0,73000,73000
054799,超眾群益98購01  ,0,0,0,0,0,0,0,0,0,73000,0,0,0,73000,0,73000,73000
058333,鴻海元富99購04  ,0,0,0,0,0,0,0,0,0,73000,0,0,0,79000,6000,73000,73000
060413,東元永豐9A購01  ,0,0,0,0,0,0,0,0,0,73000,0,0,0,82000,9000,73000,73000
060209,喬山康和9A購01  ,0,0,0,0,0,0,0,0,0,73000,0,0,0,89000,16000,73000,73000
058929,可成統一9C購01  ,0,0,0,0,0,0,0,0,0,73000,0,0,0,157000,84000,73000,73000
058190,貿聯永豐99購01  ,0,0,0,0,0,0,0,0,0,73000,0,0,0,111000,38000,73000,73000
063041,貿聯凱基9B購01  ,0,0,0,0,0,0,0,0,0,73000,0,0,0,115000,42000,73000,73000
062680,微星統一01購01  ,0,0,0,0,0,0,0,0,0,73000,0,0,0,552000,479000,73000,73000
062626,台積電國票9C購04,0,0,0,0,0,0,0,0,0,73000,0,0,0,96000,23000,73000,73000
062072,國巨元大9B購05  ,0,0,0,0,0,0,0,0,0,73000,0,0,0,73000,0,73000,73000
061407,鴻海國票9A購07  ,0,0,0,0,0,0,0,0,0,73000,0,0,0,125000,52000,73000,73000
061574,大毅元大9B購01  ,0,0,0,0,0,0,0,0,0,73000,0,0,0,84000,11000,73000,73000
061767,信邦元大9B購01  ,0,0,0,0,0,0,0,0,0,73000,0,0,0,130000,57000,73000,73000
8215,明基材          ,143000,71000,72000,0,0,0,0,0,0,1000,4000,3000,1000,0,0,0,73000
08178P,南亞科元大9B售01,0,0,0,0,0,0,0,0,0,72000,0,0,0,77000,5000,72000,72000
2493,揚博            ,163000,93000,70000,0,0,0,0,0,0,2000,2000,0,2000,0,0,0,72000
056736,國巨凱基99購03  ,0,0,0,0,0,0,0,0,0,72000,0,0,0,72000,0,72000,72000
054196,台光電國泰97購02,0,0,0,0,0,0,0,0,0,72000,0,0,0,72000,0,72000,72000
060421,華擎永豐9A購01  ,0,0,0,0,0,0,0,0,0,72000,0,0,0,83000,11000,72000,72000
057107,華新科群益98購06,0,0,0,0,0,0,0,0,0,72000,0,0,0,72000,0,72000,72000
061875,華新科元大9B購03,0,0,0,0,0,0,0,0,0,72000,0,0,0,82000,10000,72000,72000
062214,金寶統一01購01  ,0,0,0,0,0,0,0,0,0,72000,0,0,0,130000,58000,72000,72000
063550,可成國票9C購01  ,0,0,0,0,0,0,0,0,0,72000,0,0,0,115000,43000,72000,72000
08190P,宏達電元富9B售04,0,0,0,0,0,0,0,0,0,71000,0,0,0,200000,129000,71000,71000
08171P,嘉澤國票9C售01  ,0,0,0,0,0,0,0,0,0,71000,0,0,0,119000,48000,71000,71000
063820,華邦電麥證01購01,0,0,0,91000,0,91000,0,0,0,71000,0,0,0,91000,20000,71000,71000
056494,緯創國泰99購01  ,0,0,0,0,0,0,0,0,0,71000,0,0,0,71000,0,71000,71000
056766,義隆元大98購01  ,0,0,0,0,0,0,0,0,0,71000,0,0,0,71000,0,71000,71000
055030,帆宣國泰99購02  ,0,0,0,0,0,0,0,0,0,71000,0,0,0,206000,135000,71000,71000
063577,台表科元大9C購04,0,0,0,0,0,0,0,0,0,71000,0,0,0,117000,46000,71000,71000
063368,遠東新永豐9B購01,0,0,0,0,0,0,0,0,0,71000,0,0,0,71000,0,71000,71000
062558,義隆凱基9B購02  ,0,0,0,0,0,0,0,0,0,71000,0,0,0,154000,83000,71000,71000
063064,台表科元富9B購01,0,0,0,0,0,0,0,0,0,71000,0,0,0,191000,120000,71000,71000
062239,台汽電凱基9B購01,0,0,0,0,0,0,0,0,0,71000,0,0,0,211000,140000,71000,71000
061503,臻鼎國票9B購01  ,0,0,0,0,0,0,0,0,0,71000,0,0,0,75000,4000,71000,71000
061355,康友元大9A購03  ,0,0,0,0,0,0,0,0,0,71000,0,0,0,150000,79000,71000,71000
9908,大台北          ,87000,16000,71000,0,0,0,0,0,0,0,0,0,0,0,0,0,71000
07615P,華通中信02售02  ,0,0,0,0,0,0,0,0,0,70000,0,0,0,70000,0,70000,70000
06584P,欣興凱基98售03  ,0,0,0,0,0,0,0,0,0,70000,0,0,0,70000,0,70000,70000
06902P,聯電凱基98售02  ,0,0,0,0,0,0,0,0,0,70000,0,0,0,70000,0,70000,70000
06925P,致茂群益9A售02  ,0,0,0,0,0,0,0,0,0,70000,0,0,0,70000,0,70000,70000
08173P,金像電凱基9B售02,0,0,0,0,0,0,0,0,0,70000,0,0,0,190000,120000,70000,70000
054912,群光凱基97購01  ,0,0,0,0,0,0,0,0,0,70000,0,0,0,70000,0,70000,70000
055949,亞德客元大97購04,0,0,0,0,0,0,0,0,0,70000,0,0,0,136000,66000,70000,70000
052551,台積電國票97購03,0,0,0,0,0,0,0,0,0,70000,0,0,0,70000,0,70000,70000
052744,聯詠元大97購01  ,0,0,0,0,0,0,0,0,0,70000,0,0,0,70000,0,70000,70000
053723,奇鋐凱基98購01  ,0,0,0,0,0,0,0,0,0,70000,0,0,0,90000,20000,70000,70000
053884,緯穎第一96購01  ,0,0,0,0,0,0,0,0,0,70000,0,0,0,70000,0,70000,70000
052328,台表科中信99購01,0,0,0,0,0,0,0,0,0,70000,0,0,0,70000,0,70000,70000
051728,道瓊反國票97購01,0,0,0,0,0,0,0,0,0,70000,0,0,0,70000,0,70000,70000
060340,國巨統一01購02  ,0,0,0,0,0,0,0,0,0,70000,0,0,0,70000,0,70000,70000
060072,國巨元富99購04  ,0,0,0,0,0,0,0,0,0,70000,0,0,0,130000,60000,70000,70000
060798,旭富永豐9A購01  ,0,0,0,0,0,0,0,0,0,70000,0,0,0,70000,0,70000,70000
058469,臺股指中信9A購05,0,0,0,0,0,0,0,0,0,70000,0,0,0,70000,0,70000,70000
05859P,台表科國票97售04,0,0,0,0,0,0,0,0,0,70000,0,0,0,70000,0,70000,70000
058746,華通凱基9A購02  ,0,0,0,0,0,0,0,0,0,70000,0,0,0,70000,0,70000,70000
061609,華新科統一9C購01,0,0,0,0,0,0,0,0,0,70000,0,0,0,110000,40000,70000,70000
063029,喬山凱基9B購01  ,0,0,0,0,0,0,0,0,0,70000,0,0,0,75000,5000,70000,70000
063069,道瓊銀富邦05購01,0,0,0,0,0,0,0,0,0,70000,0,0,0,70000,0,70000,70000
062610,啟碁凱基9B購01  ,0,0,0,0,0,0,0,0,0,70000,0,0,0,70000,0,70000,70000
062755,茂林麥證9B購01  ,0,0,0,75000,5000,70000,0,0,0,70000,0,0,0,75000,5000,70000,70000
063634,台光電元大9B購09,0,0,0,0,0,0,0,0,0,70000,0,0,0,153000,83000,70000,70000
08159P,日月光元富9B售01,0,0,0,0,0,0,0,0,0,69000,0,0,0,69000,0,69000,69000
1103,嘉泥            ,188000,119000,69000,0,0,0,0,0,0,0,0,0,0,0,0,0,69000
08333P,大立光富邦02售03,0,0,0,0,0,0,0,0,0,69000,0,0,0,100000,31000,69000,69000
07707P,玉山金元大9A售03,0,0,0,0,0,0,0,0,0,69000,0,0,0,103000,34000,69000,69000
1608,華榮            ,82000,13000,69000,0,0,0,0,0,0,0,0,0,0,0,0,0,69000
3669,圓展            ,301000,228000,73000,0,0,0,0,0,0,-4000,1000,5000,-4000,0,0,0,69000
064047,義隆統一02購01  ,0,0,0,0,0,0,0,0,0,69000,0,0,0,1201000,1132000,69000,69000
064097,友訊群益9C購01  ,0,0,0,0,0,0,0,0,0,69000,0,0,0,180000,111000,69000,69000
055006,晶相光元富9A購01,0,0,0,0,0,0,0,0,0,69000,0,0,0,69000,0,69000,69000
05538P,玉晶光國票97售02,0,0,0,0,0,0,0,0,0,69000,0,0,0,69000,0,69000,69000
057861,台積電凱基98購16,0,0,0,0,0,0,0,0,0,69000,0,0,0,69000,0,69000,69000
060967,鈺齊凱基9A購02  ,0,0,0,0,0,0,0,0,0,69000,0,0,0,95000,26000,69000,69000
061214,華擎元大9A購04  ,0,0,0,0,0,0,0,0,0,69000,0,0,0,119000,50000,69000,69000
061990,台勝科元大9C購01,0,0,0,0,0,0,0,0,0,69000,0,0,0,92000,23000,69000,69000
07082P,美律元大99售06  ,0,0,0,0,0,0,0,0,0,68000,0,0,0,88000,20000,68000,68000
055859,啟碁元大97購03  ,0,0,0,0,0,0,0,0,0,68000,0,0,0,68000,0,68000,68000
055631,創意永豐98購01  ,0,0,0,0,0,0,0,0,0,68000,0,0,0,68000,0,68000,68000
055601,茂林元大97購03  ,0,0,0,0,0,0,0,0,0,68000,0,0,0,68000,0,68000,68000
055604,訊芯元大98購02  ,0,0,0,0,0,0,0,0,0,68000,0,0,0,68000,0,68000,68000
056298,億光元大97購02  ,0,0,0,0,0,0,0,0,0,68000,0,0,0,93000,25000,68000,68000
054102,百和國票97購04  ,0,0,0,0,0,0,0,0,0,68000,0,0,0,68000,0,68000,68000
054411,光磊元大97購02  ,0,0,0,0,0,0,0,0,0,68000,0,0,0,136000,68000,68000,68000
060676,京元電元大9A購03,0,0,0,0,0,0,0,0,0,68000,0,0,0,200000,132000,68000,68000
062380,巨大元大9B購01  ,0,0,0,0,0,0,0,0,0,68000,0,0,0,68000,0,68000,68000
061238,晶技元大9A購02  ,0,0,0,0,0,0,0,0,0,68000,0,0,0,102000,34000,68000,68000
063010,國巨元大9C購02  ,0,0,0,0,0,0,0,0,0,68000,0,0,0,78000,10000,68000,68000
062925,建準國票9B購01  ,0,0,0,0,0,0,0,0,0,68000,0,0,0,68000,0,68000,68000
064107,友達兆豐01購01  ,0,0,0,0,0,0,0,0,0,67000,0,0,0,207000,140000,67000,67000
055437,禾伸堂中信99購01,0,0,0,0,0,0,0,0,0,67000,0,0,0,67000,0,67000,67000
060144,全新國票9B購01  ,0,0,0,0,0,0,0,0,0,67000,0,0,0,157000,90000,67000,67000
058248,聯茂元大99購05  ,0,0,0,0,0,0,0,0,0,67000,0,0,0,146000,79000,67000,67000
057390,台表科永豐98購01,0,0,0,0,0,0,0,0,0,67000,0,0,0,90000,23000,67000,67000
059975,元金2X元大99購02,0,0,0,0,0,0,0,0,0,67000,0,0,0,67000,0,67000,67000
063103,技嘉群益9B購01  ,0,0,0,0,0,0,0,0,0,67000,0,0,0,67000,0,67000,67000
064078,台積電中信06購04,0,0,0,0,0,0,0,0,0,66000,0,0,0,123000,57000,66000,66000
06888P,日月光元大98售02,0,0,0,0,0,0,0,0,0,66000,0,0,0,66000,0,66000,66000
056312,茂林元大98購01  ,0,0,0,0,0,0,0,0,0,66000,0,0,0,100000,34000,66000,66000
059719,台積電元大99購42,0,0,0,0,0,0,0,0,0,66000,0,0,0,75000,9000,66000,66000
059266,緯創中信01購01  ,0,0,0,0,0,0,0,0,0,66000,0,0,0,66000,0,66000,66000
052919,鈺齊富邦98購01  ,0,0,0,0,0,0,0,0,0,66000,0,0,0,81000,15000,66000,66000
051845,世紀鋼富邦96購01,0,0,0,0,0,0,0,0,0,66000,0,0,0,66000,0,66000,66000
060479,億豐元大9A購01  ,0,0,0,0,0,0,0,0,0,66000,0,0,0,66000,0,66000,66000
058291,元油2X日盛99購01,0,0,0,0,0,0,0,0,0,66000,0,0,0,66000,0,66000,66000
058154,泰碩統一9A購01  ,0,0,0,0,0,0,0,0,0,66000,0,0,0,350000,284000,66000,66000
060642,華擎永豐9A購02  ,0,0,0,0,0,0,0,0,0,66000,0,0,0,78000,12000,66000,66000
063213,智伸科國票9C購01,0,0,0,0,0,0,0,0,0,66000,0,0,0,91000,25000,66000,66000
061203,國巨元大9A購15  ,0,0,0,0,0,0,0,0,0,66000,0,0,0,66000,0,66000,66000
062481,同欣電國票9B購01,0,0,0,0,0,0,0,0,0,66000,0,0,0,81000,15000,66000,66000
06934P,聯鈞元大98售03  ,0,0,0,0,0,0,0,0,0,65000,0,0,0,86000,21000,65000,65000
06730P,祥碩元大98售07  ,0,0,0,0,0,0,0,0,0,65000,0,0,0,75000,10000,65000,65000
064017,道瓊反元大9C購03,0,0,0,0,0,0,0,0,0,65000,0,0,0,65000,0,65000,65000
056912,臺股指元大99購04,0,0,0,0,0,0,0,0,0,65000,0,0,0,65000,0,65000,65000
056375,玉晶光統一01購01,0,0,0,0,0,0,0,0,0,65000,0,0,0,65000,0,65000,65000
055810,T50反1國票99購01,0,0,0,0,0,0,0,0,0,65000,0,0,0,205000,140000,65000,65000
056714,晶相光永豐98購02,0,0,0,0,0,0,0,0,0,65000,0,0,0,65000,0,65000,65000
056604,鴻海富邦9A購01  ,0,0,0,0,0,0,0,0,0,65000,0,0,0,75000,10000,65000,65000
058369,亞光凱基99購02  ,0,0,0,0,0,0,0,0,0,65000,0,0,0,73000,8000,65000,65000
058651,FBVIX中信9C購01 ,0,0,0,0,0,0,0,0,0,65000,0,0,0,65000,0,65000,65000
060350,元黃金元富9B購01,0,0,0,0,0,0,0,0,0,65000,0,0,0,65000,0,65000,65000
060303,宏達電富邦9B購01,0,0,0,0,0,0,0,0,0,65000,0,0,0,70000,5000,65000,65000
057796,鴻海兆豐99購03  ,0,0,0,0,0,0,0,0,0,65000,0,0,0,65000,0,65000,65000
062409,巨大永豐9B購02  ,0,0,0,0,0,0,0,0,0,65000,0,0,0,130000,65000,65000,65000
062068,滬深2X元大9B購02,0,0,0,0,0,0,0,0,0,65000,0,0,0,75000,10000,65000,65000
062142,喬山國票9B購01  ,0,0,0,0,0,0,0,0,0,65000,0,0,0,150000,85000,65000,65000
061742,奇鋐凱基9B購01  ,0,0,0,0,0,0,0,0,0,65000,0,0,0,77000,12000,65000,65000
063630,智邦元大9B購09  ,0,0,0,0,0,0,0,0,0,65000,0,0,0,347000,282000,65000,65000
06359P,上銀群益97售03  ,0,0,0,0,0,0,0,0,0,65000,0,0,0,101000,36000,65000,65000
062667,立積群益9B購01  ,0,0,0,0,0,0,0,0,0,65000,0,0,0,65000,0,65000,65000
063871,瀚宇博永豐9C購01,0,0,0,0,0,0,0,0,0,64000,0,0,0,126000,62000,64000,64000
2029,盛餘            ,68000,4000,64000,0,0,0,0,0,0,0,0,0,0,0,0,0,64000
2439,美律            ,578000,750000,-172000,0,0,0,0,0,0,236000,154000,56000,98000,204000,66000,138000,64000
08198P,聯發科元大9B售25,0,0,0,0,0,0,0,0,0,64000,0,0,0,79000,15000,64000,64000
020008,元大特股高息N   ,0,0,0,0,0,0,0,0,0,64000,0,0,0,70000,6000,64000,64000
054212,聯詠國票97購03  ,0,0,0,0,0,0,0,0,0,64000,0,0,0,64000,0,64000,64000
057531,禾伸堂元大99購04,0,0,0,0,0,0,0,0,0,64000,0,0,0,64000,0,64000,64000
058997,鴻海元大99購21  ,0,0,0,0,0,0,0,0,0,64000,0,0,0,73000,9000,64000,64000
059027,神達台新99購02  ,0,0,0,0,0,0,0,0,0,64000,0,0,0,74000,10000,64000,64000
060704,台積電富邦01購01,0,0,0,0,0,0,0,0,0,64000,0,0,0,64000,0,64000,64000
060758,台積電元大9A購19,0,0,0,0,0,0,0,0,0,64000,0,0,0,89000,25000,64000,64000
060889,國泰金統一9C購01,0,0,0,0,0,0,0,0,0,64000,0,0,0,425000,361000,64000,64000
062090,南電元大9B購02  ,0,0,0,0,0,0,0,0,0,64000,0,0,0,105000,41000,64000,64000
062184,奇鋐元大9B購02  ,0,0,0,0,0,0,0,0,0,64000,0,0,0,159000,95000,64000,64000
6451,訊芯-KY         ,155000,90000,65000,0,0,0,0,0,0,-1000,2000,1000,1000,0,2000,-2000,64000
1614,三洋電          ,64000,1000,63000,0,0,0,0,0,0,0,0,0,0,0,0,0,63000
054200,美律富邦97購02  ,0,0,0,0,0,0,0,0,0,63000,0,0,0,63000,0,63000,63000
053088,奇鋐元大98購01  ,0,0,0,0,0,0,0,0,0,63000,0,0,0,172000,109000,63000,63000
055533,大立光群益97購03,0,0,0,0,0,0,0,0,0,63000,0,0,0,63000,0,63000,63000
055166,台積電統一97購05,0,0,0,0,0,0,0,0,0,63000,0,0,0,63000,0,63000,63000
057137,鈺齊凱基98購01  ,0,0,0,0,0,0,0,0,0,63000,0,0,0,63000,0,63000,63000
060463,台積電元大9A購10,0,0,0,0,0,0,0,0,0,63000,0,0,0,88000,25000,63000,63000
060417,正隆永豐9A購01  ,0,0,0,0,0,0,0,0,0,63000,0,0,0,93000,30000,63000,63000
062190,瀚宇博元大9B購01,0,0,0,0,0,0,0,0,0,63000,0,0,0,157000,94000,63000,63000
06232P,智易永豐97售01  ,0,0,0,0,0,0,0,0,0,63000,0,0,0,63000,0,63000,63000
061787,華新科群益9C購01,0,0,0,0,0,0,0,0,0,63000,0,0,0,105000,42000,63000,63000
1709,和益            ,109000,47000,62000,0,0,0,0,0,0,0,0,0,0,0,0,0,62000
055637,亞德客元富97購01,0,0,0,0,0,0,0,0,0,62000,0,0,0,62000,0,62000,62000
056213,建準國票98購02  ,0,0,0,0,0,0,0,0,0,62000,0,0,0,62000,0,62000,62000
060854,台積電富邦9C購08,0,0,0,0,0,0,0,0,0,62000,0,0,0,62000,0,62000,62000
058457,創意永豐99購01  ,0,0,0,0,0,0,0,0,0,62000,0,0,0,86000,24000,62000,62000
057842,緯穎富邦99購02  ,0,0,0,0,0,0,0,0,0,62000,0,0,0,62000,0,62000,62000
061808,聯發科統一01購02,0,0,0,0,0,0,0,0,0,62000,0,0,0,99000,37000,62000,62000
062031,臻鼎群益9B購01  ,0,0,0,0,0,0,0,0,0,62000,0,0,0,97000,35000,62000,62000
063614,美食群益9B購03  ,0,0,0,0,0,0,0,0,0,62000,0,0,0,62000,0,62000,62000
6166,凌華            ,82000,19000,63000,0,0,0,0,0,0,-1000,2000,0,2000,0,3000,-3000,62000
1721,三晃            ,64000,4000,60000,0,0,0,0,0,0,1000,1000,0,1000,0,0,0,61000
2727,王品            ,127000,66000,61000,0,0,0,0,0,0,0,0,0,0,0,0,0,61000
08231P,上銀元富9B售10  ,0,0,0,0,0,0,0,0,0,61000,0,0,0,154000,93000,61000,61000
1442,名軒            ,73000,12000,61000,0,0,0,0,0,0,0,0,0,0,0,0,0,61000
059281,創意永豐99購02  ,0,0,0,0,0,0,0,0,0,61000,0,0,0,88000,27000,61000,61000
053824,樺漢群益96購02  ,0,0,0,0,0,0,0,0,0,61000,0,0,0,61000,0,61000,61000
00690,兆豐藍籌30      ,0,0,0,0,0,0,0,0,0,61000,0,0,0,230000,169000,61000,61000
058694,鈺齊國票9A購02  ,0,0,0,0,0,0,0,0,0,61000,0,0,0,62000,1000,61000,61000
058567,華新科凱基9A購02,0,0,0,0,0,0,0,0,0,61000,0,0,0,101000,40000,61000,61000
059163,台積電凱基99購10,0,0,0,0,0,0,0,0,0,61000,0,0,0,106000,45000,61000,61000
060638,玉晶光永豐9A購04,0,0,0,0,0,0,0,0,0,61000,0,0,0,76000,15000,61000,61000
062719,微星凱基9B購01  ,0,0,0,0,0,0,0,0,0,61000,0,0,0,65000,4000,61000,61000
061948,美食群益9B購01  ,0,0,0,0,0,0,0,0,0,61000,0,0,0,61000,0,61000,61000
061651,世紀鋼元大9C購02,0,0,0,0,0,0,0,0,0,61000,0,0,0,61000,0,61000,61000
061358,世紀鋼元大9A購04,0,0,0,0,0,0,0,0,0,61000,0,0,0,61000,0,61000,61000
08233P,國泰金元富9B售01,0,0,0,0,0,0,0,0,0,60000,0,0,0,130000,70000,60000,60000
08182P,金像電永豐9B售01,0,0,0,0,0,0,0,0,0,60000,0,0,0,90000,30000,60000,60000
4532,瑞智            ,145000,85000,60000,0,0,0,0,0,0,0,0,0,0,0,0,0,60000
063837,亞德客元大01購01,0,0,0,0,0,0,0,0,0,60000,0,0,0,110000,50000,60000,60000
064028,大毅元大01購01  ,0,0,0,0,0,0,0,0,0,60000,0,0,0,60000,0,60000,60000
063947,大毅元大9C購02  ,0,0,0,0,0,0,0,0,0,60000,0,0,0,86000,26000,60000,60000
064187,亞光永豐9C購01  ,0,0,0,0,0,0,0,0,0,60000,0,0,0,72000,12000,60000,60000
07465P,台灣50元大9C售24,0,0,0,0,0,0,0,0,0,60000,0,0,0,60000,0,60000,60000
07358P,鴻海元大99售39  ,0,0,0,0,0,0,0,0,0,60000,0,0,0,76000,16000,60000,60000
054347,上緯控國票96購02,0,0,0,0,0,0,0,0,0,60000,0,0,0,70000,10000,60000,60000
053654,聯發科凱基98購01,0,0,0,0,0,0,0,0,0,60000,0,0,0,60000,0,60000,60000
054421,臺股指元大99購03,0,0,0,0,0,0,0,0,0,60000,0,0,0,60000,0,60000,60000
053491,鴻海兆豐97購02  ,0,0,0,0,0,0,0,0,0,60000,0,0,0,60000,0,60000,60000
053439,台積電凱基96購11,0,0,0,0,0,0,0,0,0,60000,0,0,0,60000,0,60000,60000
056928,旺宏台新98購01  ,0,0,0,0,0,0,0,0,0,60000,0,0,0,60000,0,60000,60000
056945,鴻海統一98購12  ,0,0,0,0,0,0,0,0,0,60000,0,0,0,60000,0,60000,60000
056317,華通群益99購02  ,0,0,0,0,0,0,0,0,0,60000,0,0,0,60000,0,60000,60000
056263,友訊統一99購01  ,0,0,0,0,0,0,0,0,0,60000,0,0,0,65000,5000,60000,60000
055774,台光電凱基97購02,0,0,0,0,0,0,0,0,0,60000,0,0,0,66000,6000,60000,60000
054882,台光電統一97購02,0,0,0,0,0,0,0,0,0,60000,0,0,0,60000,0,60000,60000
059148,百和國票9A購01  ,0,0,0,0,0,0,0,0,0,60000,0,0,0,65000,5000,60000,60000
058598,T50反1元大99購04,0,0,0,0,0,0,0,0,0,60000,0,0,0,160000,100000,60000,60000
058693,旭富國票9A購01  ,0,0,0,0,0,0,0,0,0,60000,0,0,0,60000,0,60000,60000
05888P,友達元大97售01  ,0,0,0,0,0,0,0,0,0,60000,0,0,0,150000,90000,60000,60000
058076,神達凱基98購02  ,0,0,0,0,0,0,0,0,0,60000,0,0,0,90000,30000,60000,60000
060511,群創元大9B購08  ,0,0,0,0,0,0,0,0,0,60000,0,0,0,60000,0,60000,60000
057032,A50反1元大9B購01,0,0,0,0,0,0,0,0,0,60000,0,0,0,60000,0,60000,60000
05830P,滬深2X元富99售03,0,0,0,0,0,0,0,0,0,60000,0,0,0,60000,0,60000,60000
057777,可成群益9A購03  ,0,0,0,0,0,0,0,0,0,60000,0,0,0,64000,4000,60000,60000
057729,華新科國泰99購04,0,0,0,0,0,0,0,0,0,60000,0,0,0,64000,4000,60000,60000
058216,TPK群益99購01   ,0,0,0,0,0,0,0,0,0,60000,0,0,0,95000,35000,60000,60000
057457,華邦電富邦98購01,0,0,0,0,0,0,0,0,0,60000,0,0,0,260000,200000,60000,60000
060103,聯詠元大99購01  ,0,0,0,0,0,0,0,0,0,60000,0,0,0,60000,0,60000,60000
059742,富邦金元富99購01,0,0,0,0,0,0,0,0,0,60000,0,0,0,142000,82000,60000,60000
061414,牧德群益9B購02  ,0,0,0,0,0,0,0,0,0,60000,0,0,0,60000,0,60000,60000
061272,超眾凱基9A購03  ,0,0,0,0,0,0,0,0,0,60000,0,0,0,60000,0,60000,60000
061528,超眾凱基9A購04  ,0,0,0,0,0,0,0,0,0,60000,0,0,0,60000,0,60000,60000
062167,燿華永豐9B購01  ,0,0,0,0,0,0,0,0,0,60000,0,0,0,60000,0,60000,60000
062522,同欣電元大9B購02,0,0,0,0,0,0,0,0,0,60000,0,0,0,74000,14000,60000,60000
063554,GIS國票9C購03   ,0,0,0,0,0,0,0,0,0,60000,0,0,0,91000,31000,60000,60000
6443,元晶            ,331000,271000,60000,0,0,0,0,0,0,0,0,0,0,0,0,0,60000
2851,中再保          ,71000,12000,59000,0,0,0,0,0,0,0,0,0,0,0,0,0,59000
1517,利奇            ,110000,51000,59000,0,0,0,0,0,0,0,0,0,0,0,0,0,59000
1439,中和            ,314000,254000,60000,0,0,0,0,0,0,-1000,0,1000,-1000,0,0,0,59000
08051P,臺股指國票9B售16,0,0,0,0,0,0,0,0,0,59000,0,0,0,64000,5000,59000,59000
060033,臻鼎永豐99購01  ,0,0,0,0,0,0,0,0,0,59000,0,0,0,69000,10000,59000,59000
058809,國巨統一9B購03  ,0,0,0,0,0,0,0,0,0,59000,0,0,0,863000,804000,59000,59000
060825,聯詠元大9A購05  ,0,0,0,0,0,0,0,0,0,59000,0,0,0,59000,0,59000,59000
060874,中鋼中信02購01  ,0,0,0,0,0,0,0,0,0,59000,0,0,0,70000,11000,59000,59000
06293P,臺股指國票97售07,0,0,0,0,0,0,0,0,0,59000,0,0,0,80000,21000,59000,59000
062027,國泰金群益9B購01,0,0,0,0,0,0,0,0,0,59000,0,0,0,162000,103000,59000,59000
062081,華新科元大9B購06,0,0,0,0,0,0,0,0,0,59000,0,0,0,60000,1000,59000,59000
061815,奇力新群益9B購02,0,0,0,0,0,0,0,0,0,59000,0,0,0,59000,0,59000,59000
062248,國巨元大9B購08  ,0,0,0,0,0,0,0,0,0,59000,0,0,0,59000,0,59000,59000
061680,崇越元大9A購01  ,0,0,0,0,0,0,0,0,0,59000,0,0,0,109000,50000,59000,59000
061789,群創群益9B購01  ,0,0,0,0,0,0,0,0,0,59000,0,0,0,198000,139000,59000,59000
061156,玉晶光群益9A購07,0,0,0,0,0,0,0,0,0,59000,0,0,0,64000,5000,59000,59000
07702P,台積電中信9A售06,0,0,0,0,0,0,0,0,0,58000,0,0,0,60000,2000,58000,58000
07773P,台灣50群益9A售15,0,0,0,0,0,0,0,0,0,58000,0,0,0,61000,3000,58000,58000
051911,大立光元大98購02,0,0,0,0,0,0,0,0,0,58000,0,0,0,58000,0,58000,58000
060636,大毅永豐9A購02  ,0,0,0,0,0,0,0,0,0,58000,0,0,0,58000,0,58000,58000
058574,台積電群益99購03,0,0,0,0,0,0,0,0,0,58000,0,0,0,73000,15000,58000,58000
057927,勤誠凱基98購01  ,0,0,0,0,0,0,0,0,0,58000,0,0,0,244000,186000,58000,58000
057980,聯詠永豐98購01  ,0,0,0,0,0,0,0,0,0,58000,0,0,0,68000,10000,58000,58000
060329,鎧勝群益9B購01  ,0,0,0,0,0,0,0,0,0,58000,0,0,0,85000,27000,58000,58000
063025,超眾元大9B購01  ,0,0,0,0,0,0,0,0,0,58000,0,0,0,150000,92000,58000,58000
063063,泰鼎元富9B購01  ,0,0,0,0,0,0,0,0,0,58000,0,0,0,160000,102000,58000,58000
063537,華擎統一9C購03  ,0,0,0,0,0,0,0,0,0,58000,0,0,0,233000,175000,58000,58000
063642,茂林元大9B購08  ,0,0,0,0,0,0,0,0,0,58000,0,0,0,126000,68000,58000,58000
8499,鼎炫-KY         ,61000,4000,57000,0,0,0,0,0,0,1000,1000,0,1000,0,0,0,58000
07842P,力成元大9A售01  ,0,0,0,0,0,0,0,0,0,57000,0,0,0,100000,43000,57000,57000
08262P,茂林元大9C售01  ,0,0,0,0,0,0,0,0,0,57000,0,0,0,57000,0,57000,57000
4164,承業醫          ,94000,30000,64000,0,0,0,0,0,0,-7000,2000,9000,-7000,0,0,0,57000
00733,富邦臺灣中小    ,0,0,0,0,0,0,0,0,0,57000,0,0,0,260000,203000,57000,57000
050754,元金2X元富9B購01,0,0,0,0,0,0,0,0,0,57000,0,0,0,57000,0,57000,57000
053559,台積電國泰98購01,0,0,0,0,0,0,0,0,0,57000,0,0,0,57000,0,57000,57000
058897,國巨元大99購17  ,0,0,0,0,0,0,0,0,0,57000,0,0,0,114000,57000,57000,57000
058464,矽創兆豐9A購01  ,0,0,0,0,0,0,0,0,0,57000,0,0,0,67000,10000,57000,57000
063369,聚陽永豐9B購01  ,0,0,0,0,0,0,0,0,0,57000,0,0,0,121000,64000,57000,57000
062574,美食群益9B購02  ,0,0,0,0,0,0,0,0,0,57000,0,0,0,62000,5000,57000,57000
061387,鴻海群益9A購05  ,0,0,0,0,0,0,0,0,0,57000,0,0,0,96000,39000,57000,57000
061713,華邦電凱基9A購01,0,0,0,0,0,0,0,0,0,57000,0,0,0,77000,20000,57000,57000
062473,同欣電凱基9B購01,0,0,0,0,0,0,0,0,0,57000,0,0,0,109000,52000,57000,57000
061892,亞德客永豐9B購01,0,0,0,0,0,0,0,0,0,57000,0,0,0,67000,10000,57000,57000
2702,華園            ,76000,21000,55000,0,0,0,0,0,0,1000,1000,0,1000,0,0,0,56000
07482P,南亞科元富9A售04,0,0,0,0,0,0,0,0,0,56000,0,0,0,56000,0,56000,56000
063884,台表科元富03購01,0,0,0,0,0,0,0,0,0,56000,0,0,0,260000,204000,56000,56000
055500,京鼎元大97購04  ,0,0,0,0,0,0,0,0,0,56000,0,0,0,66000,10000,56000,56000
049584,台積電元大96購04,0,0,0,0,0,0,0,0,0,56000,0,0,0,56000,0,56000,56000
056671,台灣50元富9A購01,0,0,0,0,0,0,0,0,0,56000,0,0,0,57000,1000,56000,56000
055586,旺宏元大98購06  ,0,0,0,0,0,0,0,0,0,56000,0,0,0,56000,0,56000,56000
059918,華新科元大99購20,0,0,0,0,0,0,0,0,0,56000,0,0,0,71000,15000,56000,56000
059867,華邦電凱基99購02,0,0,0,0,0,0,0,0,0,56000,0,0,0,106000,50000,56000,56000
061031,神隆永豐9A購02  ,0,0,0,0,0,0,0,0,0,56000,0,0,0,186000,130000,56000,56000
058613,茂林元大99購03  ,0,0,0,0,0,0,0,0,0,56000,0,0,0,85000,29000,56000,56000
060477,和潤元大9A購01  ,0,0,0,0,0,0,0,0,0,56000,0,0,0,59000,3000,56000,56000
062254,台光電元大9B購02,0,0,0,0,0,0,0,0,0,56000,0,0,0,80000,24000,56000,56000
061655,微星國票9A購01  ,0,0,0,0,0,0,0,0,0,56000,0,0,0,56000,0,56000,56000
061549,泰碩群益9A購01  ,0,0,0,0,0,0,0,0,0,56000,0,0,0,126000,70000,56000,56000
061278,和大統一9A購01  ,0,0,0,0,0,0,0,0,0,56000,0,0,0,114000,58000,56000,56000
063476,台表科元大9C購03,0,0,0,0,0,0,0,0,0,56000,0,0,0,173000,117000,56000,56000
063191,台表科凱基9B購03,0,0,0,0,0,0,0,0,0,56000,0,0,0,138000,82000,56000,56000
6698,旭暉應材        ,60000,15000,45000,0,0,0,11000,0,11000,0,0,0,0,0,0,0,56000
07183P,臺股指凱基99售25,0,0,0,0,0,0,0,0,0,55000,0,0,0,75000,20000,55000,55000
06748P,智邦台新98售02  ,0,0,0,0,0,0,0,0,0,55000,0,0,0,95000,40000,55000,55000
06492P,上銀永豐98售01  ,0,0,0,0,0,0,0,0,0,55000,0,0,0,55000,0,55000,55000
2636,台驊投控        ,125000,110000,15000,0,0,0,33000,0,33000,7000,7000,0,7000,0,0,0,55000
2906,高林            ,104000,49000,55000,0,0,0,0,0,0,0,0,0,0,0,0,0,55000
1783,和康生          ,207000,152000,55000,0,0,0,0,0,0,0,0,0,0,0,0,0,55000
07856P,力成凱基9A售02  ,0,0,0,0,0,0,0,0,0,55000,0,0,0,55000,0,55000,55000
07864P,可成元大9B售01  ,0,0,0,0,0,0,0,0,0,55000,0,0,0,70000,15000,55000,55000
055229,大毅國票97購02  ,0,0,0,0,0,0,0,0,0,55000,0,0,0,62000,7000,55000,55000
052994,群創台新99購01  ,0,0,0,0,0,0,0,0,0,55000,0,0,0,55000,0,55000,55000
054296,世芯元大97購01  ,0,0,0,0,0,0,0,0,0,55000,0,0,0,74000,19000,55000,55000
054735,漢唐凱基98購01  ,0,0,0,0,0,0,0,0,0,55000,0,0,0,75000,20000,55000,55000
056919,英業達兆豐98購01,0,0,0,0,0,0,0,0,0,55000,0,0,0,65000,10000,55000,55000
053181,滬深2X元富99購02,0,0,0,0,0,0,0,0,0,55000,0,0,0,56000,1000,55000,55000
060456,正隆元大9A購01  ,0,0,0,0,0,0,0,0,0,55000,0,0,0,55000,0,55000,55000
06021P,世紀鋼元富96售03,0,0,0,0,0,0,0,0,0,55000,0,0,0,55000,0,55000,55000
058796,可成元大99購04  ,0,0,0,0,0,0,0,0,0,55000,0,0,0,58000,3000,55000,55000
061034,晶豪科永豐9A購01,0,0,0,0,0,0,0,0,0,55000,0,0,0,55000,0,55000,55000
060664,聯詠凱基9A購01  ,0,0,0,0,0,0,0,0,0,55000,0,0,0,70000,15000,55000,55000
060569,台積電永豐9A購01,0,0,0,0,0,0,0,0,0,55000,0,0,0,55000,0,55000,55000
063725,聯電元大9C購03  ,0,0,0,0,0,0,0,0,0,55000,0,0,0,61000,6000,55000,55000
061442,玉晶光永豐9A購07,0,0,0,0,0,0,0,0,0,55000,0,0,0,85000,30000,55000,55000
061690,旺宏群益9A購05  ,0,0,0,0,0,0,0,0,0,55000,0,0,0,55000,0,55000,55000
061800,泰鼎永豐9B購01  ,0,0,0,0,0,0,0,0,0,55000,0,0,0,60000,5000,55000,55000
061781,台積電群益9C購01,0,0,0,0,0,0,0,0,0,55000,0,0,0,66000,11000,55000,55000
061925,禾伸堂凱基9C購01,0,0,0,0,0,0,0,0,0,55000,0,0,0,75000,20000,55000,55000
061969,大立光統一01購02,0,0,0,0,0,0,0,0,0,55000,0,0,0,55000,0,55000,55000
062084,台郡元大9B購04  ,0,0,0,0,0,0,0,0,0,55000,0,0,0,59000,4000,55000,55000
9941,裕融            ,90000,33000,57000,0,0,0,0,1000,-1000,-1000,0,1000,-1000,0,0,0,55000
07202P,台灣50凱基9C售04,0,0,0,0,0,0,0,0,0,54000,0,0,0,60000,6000,54000,54000
052317,台積電元大96購11,0,0,0,0,0,0,0,0,0,54000,0,0,0,54000,0,54000,54000
052807,貿聯元大98購01  ,0,0,0,0,0,0,0,0,0,54000,0,0,0,54000,0,54000,54000
055360,台表科凱基97購02,0,0,0,0,0,0,0,0,0,54000,0,0,0,54000,0,54000,54000
059629,友達凱基99購06  ,0,0,0,0,0,0,0,0,0,54000,0,0,0,70000,16000,54000,54000
058498,世紀鋼群益99購01,0,0,0,0,0,0,0,0,0,54000,0,0,0,54000,0,54000,54000
057612,瑞昱元富02購01  ,0,0,0,0,0,0,0,0,0,54000,0,0,0,60000,6000,54000,54000
060881,玉山金中信02購01,0,0,0,0,0,0,0,0,0,54000,0,0,0,95000,41000,54000,54000
058660,樺漢中信9A購01  ,0,0,0,0,0,0,0,0,0,54000,0,0,0,99000,45000,54000,54000
057946,晶相光國票99購01,0,0,0,0,0,0,0,0,0,54000,0,0,0,54000,0,54000,54000
057838,台郡國泰99購01  ,0,0,0,0,0,0,0,0,0,54000,0,0,0,65000,11000,54000,54000
057458,TPK富邦9A購01   ,0,0,0,0,0,0,0,0,0,54000,0,0,0,54000,0,54000,54000
063507,奇鋐群益9B購02  ,0,0,0,0,0,0,0,0,0,54000,0,0,0,101000,47000,54000,54000
063593,GIS永豐9B購01   ,0,0,0,0,0,0,0,0,0,54000,0,0,0,60000,6000,54000,54000
063106,台表科群益9B購03,0,0,0,0,0,0,0,0,0,54000,0,0,0,60000,6000,54000,54000
063125,華擎元大9C購02  ,0,0,0,0,0,0,0,0,0,54000,0,0,0,274000,220000,54000,54000
9935,慶豐富          ,302000,249000,53000,0,0,0,0,0,0,1000,1000,0,1000,0,0,0,54000
07055P,景碩群益9A售02  ,0,0,0,0,0,0,0,0,0,53000,0,0,0,203000,150000,53000,53000
07067P,旺宏台新99售02  ,0,0,0,0,0,0,0,0,0,53000,0,0,0,82000,29000,53000,53000
1463,強盛            ,53000,0,53000,0,0,0,0,0,0,0,0,0,0,0,0,0,53000
2538,基泰            ,54000,1000,53000,0,0,0,0,0,0,0,0,0,0,0,0,0,53000
056813,聯茂統一99購01  ,0,0,0,0,0,0,0,0,0,53000,0,0,0,118000,65000,53000,53000
055788,緯穎凱基97購04  ,0,0,0,0,0,0,0,0,0,53000,0,0,0,138000,85000,53000,53000
053094,聯電統一97購02  ,0,0,0,0,0,0,0,0,0,53000,0,0,0,53000,0,53000,53000
054530,台光電國泰97購03,0,0,0,0,0,0,0,0,0,53000,0,0,0,53000,0,53000,53000
060169,群電永豐9A購01  ,0,0,0,0,0,0,0,0,0,53000,0,0,0,53000,0,53000,53000
060656,國巨統一9C購03  ,0,0,0,0,0,0,0,0,0,53000,0,0,0,55000,2000,53000,53000
063169,台汽電永豐9B購01,0,0,0,0,0,0,0,0,0,53000,0,0,0,53000,0,53000,53000
063596,嘉澤中信9B購01  ,0,0,0,0,0,0,0,0,0,53000,0,0,0,60000,7000,53000,53000
062463,世紀鋼麥證9B購01,0,0,0,53000,0,53000,0,0,0,53000,0,0,0,53000,0,53000,53000
062442,華新科元大9C購02,0,0,0,0,0,0,0,0,0,53000,0,0,0,111000,58000,53000,53000
062436,國巨元大9B購14  ,0,0,0,0,0,0,0,0,0,53000,0,0,0,53000,0,53000,53000
061579,京鼎元大9A購02  ,0,0,0,0,0,0,0,0,0,53000,0,0,0,84000,31000,53000,53000
061275,臺股指凱基9A購25,0,0,0,0,0,0,0,0,0,53000,0,0,0,67000,14000,53000,53000
06836P,玉晶光國票99售06,0,0,0,0,0,0,0,0,0,52000,0,0,0,297000,245000,52000,52000
063782,致新永豐9B購02  ,0,0,0,0,0,0,0,0,0,52000,0,0,0,285000,233000,52000,52000
053860,台積電元大98購03,0,0,0,0,0,0,0,0,0,52000,0,0,0,52000,0,52000,52000
00665L,富邦恒生國企正2 ,0,1000,-1000,0,0,0,0,0,0,53000,0,0,0,413000,360000,53000,52000
039212,台達電台新9A購01,0,0,0,0,0,0,0,0,0,52000,0,0,0,185000,133000,52000,52000
056659,泰碩元大99購01  ,0,0,0,0,0,0,0,0,0,52000,0,0,0,144000,92000,52000,52000
059461,鈺齊永豐99購03  ,0,0,0,0,0,0,0,0,0,52000,0,0,0,52000,0,52000,52000
060723,致新永豐9A購01  ,0,0,0,0,0,0,0,0,0,52000,0,0,0,55000,3000,52000,52000
057893,亞德客元富98購03,0,0,0,0,0,0,0,0,0,52000,0,0,0,52000,0,52000,52000
059763,華擎永豐99購03  ,0,0,0,0,0,0,0,0,0,52000,0,0,0,52000,0,52000,52000
059831,聯詠康和99購01  ,0,0,0,0,0,0,0,0,0,52000,0,0,0,52000,0,52000,52000
057740,茂林富邦9A購01  ,0,0,0,0,0,0,0,0,0,52000,0,0,0,52000,0,52000,52000
058356,華邦電凱基99購01,0,0,0,0,0,0,0,0,0,52000,0,0,0,52000,0,52000,52000
057491,美食元大98購03  ,0,0,0,0,0,0,0,0,0,52000,0,0,0,54000,2000,52000,52000
062147,大毅國票9B購02  ,0,0,0,0,0,0,0,0,0,52000,0,0,0,54000,2000,52000,52000
063264,健策永豐9B購07  ,0,0,0,0,0,0,0,0,0,52000,0,0,0,66000,14000,52000,52000
063849,奇鋐元大9C購01  ,0,0,0,0,0,0,0,0,0,51000,0,0,0,91000,40000,51000,51000
064049,信邦統一01購01  ,0,0,0,0,0,0,0,0,0,51000,0,0,0,171000,120000,51000,51000
064132,神達元大9C購02  ,0,0,0,0,0,0,0,0,0,51000,0,0,0,170000,119000,51000,51000
07241P,台灣50國票9A售05,0,0,0,0,0,0,0,0,0,51000,0,0,0,61000,10000,51000,51000
2852,第一保          ,51000,0,51000,0,0,0,0,0,0,0,0,0,0,0,0,0,51000
056850,彩晶元富99購01  ,0,0,0,0,0,0,0,0,0,51000,0,0,0,121000,70000,51000,51000
056558,台達電群益98購01,0,0,0,0,0,0,0,0,0,51000,0,0,0,51000,0,51000,51000
055384,緯穎元大98購02  ,0,0,0,0,0,0,0,0,0,51000,0,0,0,51000,0,51000,51000
054315,訊芯凱基98購01  ,0,0,0,0,0,0,0,0,0,51000,0,0,0,51000,0,51000,51000
050915,健策中信98購01  ,0,0,0,0,0,0,0,0,0,51000,0,0,0,141000,90000,51000,51000
057182,禾伸堂元大99購02,0,0,0,0,0,0,0,0,0,51000,0,0,0,51000,0,51000,51000
057718,旺宏元富02購02  ,0,0,0,0,0,0,0,0,0,51000,0,0,0,55000,4000,51000,51000
060392,華擎群益9C購02  ,0,0,0,0,0,0,0,0,0,51000,0,0,0,54000,3000,51000,51000
060360,南亞科元富9A購02,0,0,0,0,0,0,0,0,0,51000,0,0,0,258000,207000,51000,51000
059791,超眾元大99購06  ,0,0,0,0,0,0,0,0,0,51000,0,0,0,64000,13000,51000,51000
057991,健策統一9C購01  ,0,0,0,0,0,0,0,0,0,51000,0,0,0,204000,153000,51000,51000
058428,大立光元富99購02,0,0,0,0,0,0,0,0,0,51000,0,0,0,96000,45000,51000,51000
060573,力成永豐9A購01  ,0,0,0,0,0,0,0,0,0,51000,0,0,0,51000,0,51000,51000
057664,台積電元大9A購03,0,0,0,0,0,0,0,0,0,51000,0,0,0,204000,153000,51000,51000
062694,遠東新元大9B購01,0,0,0,0,0,0,0,0,0,51000,0,0,0,131000,80000,51000,51000
062357,國巨元大9B購11  ,0,0,0,0,0,0,0,0,0,51000,0,0,0,51000,0,51000,51000
062340,力成麥證9B購01  ,0,0,0,51000,0,51000,0,0,0,51000,0,0,0,51000,0,51000,51000
061594,玉晶光永豐9A購08,0,0,0,0,0,0,0,0,0,51000,0,0,0,51000,0,51000,51000
061763,聯電元大9C購02  ,0,0,0,0,0,0,0,0,0,51000,0,0,0,95000,44000,51000,51000
08197P,聯發科元大9B售24,0,0,0,0,0,0,0,0,0,50000,0,0,0,50000,0,50000,50000
08137P,台灣50元大9B售24,0,0,0,0,0,0,0,0,0,50000,0,0,0,50000,0,50000,50000
07845P,南亞科元大9A售08,0,0,0,0,0,0,0,0,0,50000,0,0,0,50000,0,50000,50000
07847P,國巨群益9A售13  ,0,0,0,0,0,0,0,0,0,50000,0,0,0,50000,0,50000,50000
07832P,台積電群益9A售08,0,0,0,0,0,0,0,0,0,50000,0,0,0,55000,5000,50000,50000
06974P,臺股指元大9A售12,0,0,0,0,0,0,0,0,0,50000,0,0,0,50000,0,50000,50000
07356P,臺股指國票99售24,0,0,0,0,0,0,0,0,0,50000,0,0,0,50000,0,50000,50000
06928P,鴻海元大99售10  ,0,0,0,0,0,0,0,0,0,50000,0,0,0,50000,0,50000,50000
064112,宏碁國票01購01  ,0,0,0,0,0,0,0,0,0,50000,0,0,0,50000,0,50000,50000
063928,可成統一01購02  ,0,0,0,0,0,0,0,0,0,50000,0,0,0,75000,25000,50000,50000
063997,泰鼎群益9C購01  ,0,0,0,0,0,0,0,0,0,50000,0,0,0,50000,0,50000,50000
051078,力山富邦97購01  ,0,0,0,0,0,0,0,0,0,50000,0,0,0,50000,0,50000,50000
049591,開發金元大98購01,0,0,0,0,0,0,0,0,0,50000,0,0,0,50000,0,50000,50000
050117,麗豐元大96購02  ,0,0,0,0,0,0,0,0,0,50000,0,0,0,50000,0,50000,50000
04854P,鴻海國泰96售04  ,0,0,0,0,0,0,0,0,0,50000,0,0,0,670000,620000,50000,50000
047595,元石油元富97購01,0,0,0,0,0,0,0,0,0,50000,0,0,0,50000,0,50000,50000
047420,全新富邦97購01  ,0,0,0,0,0,0,0,0,0,50000,0,0,0,50000,0,50000,50000
054241,深中小元大98購01,0,0,0,0,0,0,0,0,0,50000,0,0,0,50000,0,50000,50000
054273,宏達電中信98購01,0,0,0,0,0,0,0,0,0,50000,0,0,0,50000,0,50000,50000
052871,群創凱基98購07  ,0,0,0,0,0,0,0,0,0,50000,0,0,0,50000,0,50000,50000
051543,鈺齊國票96購01  ,0,0,0,0,0,0,0,0,0,50000,0,0,0,50000,0,50000,50000
051425,昇陽半國票97購01,0,0,0,0,0,0,0,0,0,50000,0,0,0,50000,0,50000,50000
00713,元大台灣高息低波,29000,0,29000,0,0,0,0,0,0,21000,0,0,0,21000,0,21000,50000
052589,群創永豐97購01  ,0,0,0,0,0,0,0,0,0,50000,0,0,0,50000,0,50000,50000
056491,南亞科國泰99購01,0,0,0,0,0,0,0,0,0,50000,0,0,0,50000,0,50000,50000
054725,國巨日盛97購01  ,0,0,0,0,0,0,0,0,0,50000,0,0,0,50000,0,50000,50000
055457,聚陽永豐97購01  ,0,0,0,0,0,0,0,0,0,50000,0,0,0,50000,0,50000,50000
055575,華新科統一98購01,0,0,0,0,0,0,0,0,0,50000,0,0,0,50000,0,50000,50000
054585,禾伸堂國泰99購01,0,0,0,0,0,0,0,0,0,50000,0,0,0,50000,0,50000,50000
053911,臺股指凱基96購31,0,0,0,0,0,0,0,0,0,50000,0,0,0,50000,0,50000,50000
055831,台達電元大97購01,0,0,0,0,0,0,0,0,0,50000,0,0,0,50000,0,50000,50000
055917,禾伸堂凱基98購02,0,0,0,0,0,0,0,0,0,50000,0,0,0,50000,0,50000,50000
055718,可成元大97購02  ,0,0,0,0,0,0,0,0,0,50000,0,0,0,50000,0,50000,50000
055679,華通凱基99購01  ,0,0,0,0,0,0,0,0,0,50000,0,0,0,50000,0,50000,50000
054840,T50反1兆豐98購01,0,0,0,0,0,0,0,0,0,50000,0,0,0,50000,0,50000,50000
054777,昇陽半國票98購01,0,0,0,0,0,0,0,0,0,50000,0,0,0,50000,0,50000,50000
056369,彩晶元大01購01  ,0,0,0,0,0,0,0,0,0,50000,0,0,0,50000,0,50000,50000
056323,旺宏兆豐98購01  ,0,0,0,0,0,0,0,0,0,50000,0,0,0,50000,0,50000,50000
056324,南亞科兆豐98購01,0,0,0,0,0,0,0,0,0,50000,0,0,0,50000,0,50000,50000
056141,聯茂元大97購05  ,0,0,0,0,0,0,0,0,0,50000,0,0,0,51000,1000,50000,50000
056076,超眾元大97購05  ,0,0,0,0,0,0,0,0,0,50000,0,0,0,50000,0,50000,50000
056047,台積電兆豐97購02,0,0,0,0,0,0,0,0,0,50000,0,0,0,160000,110000,50000,50000
059267,群創中信01購02  ,0,0,0,0,0,0,0,0,0,50000,0,0,0,63000,13000,50000,50000
059535,玉山金凱基99購01,0,0,0,0,0,0,0,0,0,50000,0,0,0,55000,5000,50000,50000
057709,電子類群益98購01,0,0,0,0,0,0,0,0,0,50000,0,0,0,50000,0,50000,50000
057706,臺股指群益98購06,0,0,0,0,0,0,0,0,0,50000,0,0,0,50000,0,50000,50000
060611,同欣電凱基9A購02,0,0,0,0,0,0,0,0,0,50000,0,0,0,78000,28000,50000,50000
060989,國泰金元大9A購02,0,0,0,0,0,0,0,0,0,50000,0,0,0,50000,0,50000,50000
059138,台積電兆豐99購04,0,0,0,0,0,0,0,0,0,50000,0,0,0,50000,0,50000,50000
058079,鴻海群益98購08  ,0,0,0,0,0,0,0,0,0,50000,0,0,0,52000,2000,50000,50000
057879,電子類元大99購02,0,0,0,0,0,0,0,0,0,50000,0,0,0,50000,0,50000,50000
058535,玉晶光統一9A購06,0,0,0,0,0,0,0,0,0,50000,0,0,0,59000,9000,50000,50000
059743,開發金元富99購01,0,0,0,0,0,0,0,0,0,50000,0,0,0,50000,0,50000,50000
057342,玉晶光台新98購01,0,0,0,0,0,0,0,0,0,50000,0,0,0,50000,0,50000,50000
057425,臺股指凱基9C購02,0,0,0,0,0,0,0,0,0,50000,0,0,0,50000,0,50000,50000
060381,元黃金凱基9A購01,0,0,0,0,0,0,0,0,0,50000,0,0,0,50000,0,50000,50000
060472,中租元大9A購02  ,0,0,0,0,0,0,0,0,0,50000,0,0,0,83000,33000,50000,50000
058343,台積電群益99購02,0,0,0,0,0,0,0,0,0,50000,0,0,0,50000,0,50000,50000
057196,茂林台新98購01  ,0,0,0,0,0,0,0,0,0,50000,0,0,0,150000,100000,50000,50000
057499,奇鋐群益98購01  ,0,0,0,0,0,0,0,0,0,50000,0,0,0,50000,0,50000,50000
061766,華新科元大9B購02,0,0,0,0,0,0,0,0,0,50000,0,0,0,50000,0,50000,50000
06173P,華通元大97售02  ,0,0,0,0,0,0,0,0,0,50000,0,0,0,50000,0,50000,50000
061541,旺宏群益9A購03  ,0,0,0,0,0,0,0,0,0,50000,0,0,0,50000,0,50000,50000
06142P,台虹康和97售02  ,0,0,0,0,0,0,0,0,0,50000,0,0,0,50000,0,50000,50000
061424,華新科元大9A購18,0,0,0,0,0,0,0,0,0,50000,0,0,0,52000,2000,50000,50000
061419,國巨元大9A購21  ,0,0,0,0,0,0,0,0,0,50000,0,0,0,50000,0,50000,50000
061420,國巨元大9A購22  ,0,0,0,0,0,0,0,0,0,50000,0,0,0,50000,0,50000,50000
062229,南六統一9B購01  ,0,0,0,0,0,0,0,0,0,50000,0,0,0,50000,0,50000,50000
062418,台積電統一01購06,0,0,0,0,0,0,0,0,0,50000,0,0,0,50000,0,50000,50000
06239P,奇力新元大97售08,0,0,0,0,0,0,0,0,0,50000,0,0,0,52000,2000,50000,50000
062447,華擎元大9C購01  ,0,0,0,0,0,0,0,0,0,50000,0,0,0,50000,0,50000,50000
062162,世紀鋼凱基9B購03,0,0,0,0,0,0,0,0,0,50000,0,0,0,50000,0,50000,50000
062073,國巨元大9B購06  ,0,0,0,0,0,0,0,0,0,50000,0,0,0,50000,0,50000,50000
062050,亞德客統一9C購01,0,0,0,0,0,0,0,0,0,50000,0,0,0,140000,90000,50000,50000
061995,超眾元大01購01  ,0,0,0,0,0,0,0,0,0,50000,0,0,0,50000,0,50000,50000
061977,國巨元大9B購02  ,0,0,0,0,0,0,0,0,0,50000,0,0,0,50000,0,50000,50000
061911,台積電中信05購04,0,0,0,0,0,0,0,0,0,50000,0,0,0,50000,0,50000,50000
062743,微星國泰01購01  ,0,0,0,0,0,0,0,0,0,50000,0,0,0,90000,40000,50000,50000
062777,鴻海元大9C購03  ,0,0,0,0,0,0,0,0,0,50000,0,0,0,50000,0,50000,50000
062665,智易群益9B購01  ,0,0,0,0,0,0,0,0,0,50000,0,0,0,50000,0,50000,50000
063233,國巨元大9B購19  ,0,0,0,0,0,0,0,0,0,50000,0,0,0,50000,0,50000,50000
063244,華新科元大9B購11,0,0,0,0,0,0,0,0,0,50000,0,0,0,100000,50000,50000,50000
063478,GIS元大9B購03   ,0,0,0,0,0,0,0,0,0,50000,0,0,0,50000,0,50000,50000
063332,矽格國票9B購01  ,0,0,0,0,0,0,0,0,0,50000,0,0,0,50000,0,50000,50000
063498,金像電永豐9B購02,0,0,0,0,0,0,0,0,0,50000,0,0,0,50000,0,50000,50000
063548,同欣電兆豐9B購01,0,0,0,0,0,0,0,0,0,50000,0,0,0,107000,57000,50000,50000
063705,臻鼎群益9B購03  ,0,0,0,0,0,0,0,0,0,50000,0,0,0,155000,105000,50000,50000
064042,國巨統一9C購12  ,0,0,0,0,0,0,0,0,0,49000,0,0,0,92000,43000,49000,49000
06929P,鴻海元大99售11  ,0,0,0,0,0,0,0,0,0,49000,0,0,0,60000,11000,49000,49000
07685P,玉晶光凱基9B售03,0,0,0,0,0,0,0,0,0,49000,0,0,0,50000,1000,49000,49000
056139,貿聯元大97購04  ,0,0,0,0,0,0,0,0,0,49000,0,0,0,49000,0,49000,49000
057505,健策麥證98購01  ,0,0,0,112000,63000,49000,0,0,0,49000,0,0,0,112000,63000,49000,49000
057235,亞光凱基98購04  ,0,0,0,0,0,0,0,0,0,49000,0,0,0,49000,0,49000,49000
060025,台積電富邦9C購06,0,0,0,0,0,0,0,0,0,49000,0,0,0,59000,10000,49000,49000
058181,華新科國泰9B購01,0,0,0,0,0,0,0,0,0,49000,0,0,0,192000,143000,49000,49000
060706,群創富邦9A購01  ,0,0,0,0,0,0,0,0,0,49000,0,0,0,49000,0,49000,49000
060625,華擎元大9A購01  ,0,0,0,0,0,0,0,0,0,49000,0,0,0,159000,110000,49000,49000
057595,健鼎兆豐98購01  ,0,0,0,0,0,0,0,0,0,49000,0,0,0,79000,30000,49000,49000
059215,台積電元大99購28,0,0,0,0,0,0,0,0,0,49000,0,0,0,64000,15000,49000,49000
063589,美食永豐9B購02  ,0,0,0,0,0,0,0,0,0,49000,0,0,0,54000,5000,49000,49000
062639,臻鼎國票9C購01  ,0,0,0,0,0,0,0,0,0,49000,0,0,0,49000,0,49000,49000
063024,祥碩元大9B購05  ,0,0,0,0,0,0,0,0,0,49000,0,0,0,91000,42000,49000,49000
062097,台光電永豐9B購01,0,0,0,0,0,0,0,0,0,49000,0,0,0,54000,5000,49000,49000
062435,國巨元大9B購13  ,0,0,0,0,0,0,0,0,0,49000,0,0,0,50000,1000,49000,49000
061125,億光永豐9A購01  ,0,0,0,0,0,0,0,0,0,49000,0,0,0,74000,25000,49000,49000
061619,大立光群益9B購01,0,0,0,0,0,0,0,0,0,49000,0,0,0,50000,1000,49000,49000
6128,上福            ,49000,0,49000,0,0,0,0,0,0,0,0,0,0,0,0,0,49000
08135P,玉晶光國泰01售02,0,0,0,0,0,0,0,0,0,48000,0,0,0,50000,2000,48000,48000
2706,第一店          ,54000,6000,48000,0,0,0,0,0,0,0,0,0,0,0,0,0,48000
063950,信邦元大9C購01  ,0,0,0,0,0,0,0,0,0,48000,0,0,0,50000,2000,48000,48000
056611,國巨永豐98購03  ,0,0,0,0,0,0,0,0,0,48000,0,0,0,48000,0,48000,48000
056576,晶技元大99購02  ,0,0,0,0,0,0,0,0,0,48000,0,0,0,48000,0,48000,48000
046385,群創凱基98購03  ,0,0,0,0,0,0,0,0,0,48000,0,0,0,48000,0,48000,48000
048652,巨大元大96購01  ,0,150000,-150000,0,0,0,0,0,0,198000,0,0,0,221000,23000,198000,48000
060776,世芯凱基9B購01  ,0,0,0,0,0,0,0,0,0,48000,0,0,0,52000,4000,48000,48000
060953,富邦金群益9A購01,0,0,0,0,0,0,0,0,0,48000,0,0,0,130000,82000,48000,48000
059143,國巨國票9A購04  ,0,0,0,0,0,0,0,0,0,48000,0,0,0,81000,33000,48000,48000
058189,嘉澤永豐99購01  ,0,0,0,0,0,0,0,0,0,48000,0,0,0,117000,69000,48000,48000
059723,美律元大9A購02  ,0,0,0,0,0,0,0,0,0,48000,0,0,0,103000,55000,48000,48000
057277,可成元大98購05  ,0,0,0,0,0,0,0,0,0,48000,0,0,0,68000,20000,48000,48000
061439,寶成凱基9A購01  ,0,0,0,0,0,0,0,0,0,48000,0,0,0,58000,10000,48000,48000
061782,智邦群益9B購01  ,0,0,0,0,0,0,0,0,0,48000,0,0,0,63000,15000,48000,48000
061976,國巨元大9B購01  ,0,0,0,0,0,0,0,0,0,48000,0,0,0,50000,2000,48000,48000
062868,葡萄王中信9B購01,0,0,0,0,0,0,0,0,0,48000,0,0,0,48000,0,48000,48000
062621,緯穎元大9B購05  ,0,0,0,0,0,0,0,0,0,48000,0,0,0,53000,5000,48000,48000
062532,聯詠統一9C購01  ,0,0,0,0,0,0,0,0,0,48000,0,0,0,50000,2000,48000,48000
062766,台郡凱基9B購02  ,0,0,0,0,0,0,0,0,0,48000,0,0,0,58000,10000,48000,48000
062764,世芯凱基9B購02  ,0,0,0,0,0,0,0,0,0,48000,0,0,0,82000,34000,48000,48000
063262,南六富邦9C購01  ,0,0,0,0,0,0,0,0,0,48000,0,0,0,50000,2000,48000,48000
9925,新保            ,60000,12000,48000,0,0,0,0,0,0,0,0,0,0,0,0,0,48000
06465P,國巨統一98售04  ,0,0,0,0,0,0,0,0,0,47000,0,0,0,70000,23000,47000,47000
07310P,大立光凱基99售12,0,0,0,0,0,0,0,0,0,47000,0,0,0,47000,0,47000,47000
06999P,玉晶光國票9B售01,0,0,0,0,0,0,0,0,0,47000,0,0,0,172000,125000,47000,47000
2524,京城            ,94000,51000,43000,0,0,0,0,0,0,4000,4000,0,4000,0,0,0,47000
3416,融程電          ,61000,12000,49000,0,0,0,0,0,0,-2000,0,3000,-3000,1000,0,1000,47000
08287P,茂林凱基9C售02  ,0,0,0,0,0,0,0,0,0,47000,0,0,0,71000,24000,47000,47000
08289P,智邦統一9C售01  ,0,0,0,0,0,0,0,0,0,47000,0,0,0,77000,30000,47000,47000
055639,上銀元富97購02  ,0,0,0,0,0,0,0,0,0,47000,0,0,0,82000,35000,47000,47000
054933,南港元大97購01  ,0,0,0,0,0,0,0,0,0,47000,0,0,0,57000,10000,47000,47000
056846,晶相光元富98購01,0,0,0,0,0,0,0,0,0,47000,0,0,0,47000,0,47000,47000
058803,世紀鋼元大99購03,0,0,0,0,0,0,0,0,0,47000,0,0,0,101000,54000,47000,47000
05878P,創意群益98售01  ,0,0,0,0,0,0,0,0,0,47000,0,0,0,65000,18000,47000,47000
058830,健策永豐99購02  ,0,0,0,0,0,0,0,0,0,47000,0,0,0,57000,10000,47000,47000
059263,瑞昱中信01購01  ,0,0,0,0,0,0,0,0,0,47000,0,0,0,57000,10000,47000,47000
062771,臺股指凱基9B購15,0,0,0,0,0,0,0,0,0,47000,0,0,0,47000,0,47000,47000
061972,華新元大9B購01  ,0,0,0,0,0,0,0,0,0,47000,0,0,0,65000,18000,47000,47000
061682,南電元大9B購01  ,0,0,0,0,0,0,0,0,0,47000,0,0,0,74000,27000,47000,47000
061127,美食永豐9A購01  ,0,0,0,0,0,0,0,0,0,47000,0,0,0,47000,0,47000,47000
061190,力山永豐9A購02  ,0,0,0,0,0,0,0,0,0,47000,0,0,0,47000,0,47000,47000
2514,龍邦            ,50000,4000,46000,0,0,0,0,0,0,0,0,0,0,0,0,0,46000
2365,昆盈            ,90000,46000,44000,0,0,0,0,0,0,2000,3000,1000,2000,0,0,0,46000
2388,威盛            ,132000,85000,47000,0,0,0,0,1000,-1000,0,0,0,0,0,0,0,46000
2414,精技            ,63000,20000,43000,0,0,0,0,0,0,3000,3000,0,3000,0,0,0,46000
06480P,上銀凱基98售04  ,0,0,0,0,0,0,0,0,0,46000,0,0,0,50000,4000,46000,46000
063817,GIS群益9C購01   ,0,0,0,0,0,0,0,0,0,46000,0,0,0,46000,0,46000,46000
055934,景碩群益98購03  ,0,0,0,0,0,0,0,0,0,46000,0,0,0,69000,23000,46000,46000
054959,禾伸堂元大98購01,0,0,0,0,0,0,0,0,0,46000,0,0,0,46000,0,46000,46000
00783,富邦中証500     ,79000,0,79000,0,0,0,0,0,0,-33000,0,0,0,959000,992000,-33000,46000
00770,國泰北美科技    ,23000,0,23000,0,0,0,0,0,0,23000,0,0,0,36000,13000,23000,46000
00641R,富邦日本反1     ,0,13000,-13000,0,0,0,0,0,0,59000,0,0,0,198000,139000,59000,46000
053502,智伸科兆豐97購01,0,0,0,0,0,0,0,0,0,46000,0,0,0,46000,0,46000,46000
058488,華擎國票9A購01  ,0,0,0,0,0,0,0,0,0,46000,0,0,0,46000,0,46000,46000
057843,晶技永豐98購02  ,0,0,0,0,0,0,0,0,0,46000,0,0,0,46000,0,46000,46000
061981,聯發科元大9B購02,0,0,0,0,0,0,0,0,0,46000,0,0,0,127000,81000,46000,46000
062459,聯詠群益9B購01  ,0,0,0,0,0,0,0,0,0,46000,0,0,0,46000,0,46000,46000
062539,可成國泰01購01  ,0,2000,-2000,0,0,0,0,0,0,48000,0,0,0,211000,163000,48000,46000
063077,巨大永豐9B購03  ,0,0,0,0,0,0,0,0,0,46000,0,0,0,132000,86000,46000,46000
063657,茂林元富9B購04  ,0,0,0,0,0,0,0,0,0,46000,0,0,0,121000,75000,46000,46000
07292P,臺股指凱基99售44,0,0,0,0,0,0,0,0,0,45000,0,0,0,195000,150000,45000,45000
2731,雄獅            ,87000,42000,45000,0,0,0,0,0,0,0,0,0,0,0,0,0,45000
3013,晟銘電          ,51000,6000,45000,0,0,0,0,0,0,0,0,0,0,0,0,0,45000
4144,康聯-KY         ,78000,33000,45000,0,0,0,0,0,0,0,0,0,0,0,0,0,45000
08117P,聯發科元富9B售04,0,0,0,0,0,0,0,0,0,45000,0,0,0,105000,60000,45000,45000
049431,光罩國票96購01  ,0,0,0,0,0,0,0,0,0,45000,0,0,0,45000,0,45000,45000
054142,致伸元大97購01  ,0,0,0,0,0,0,0,0,0,45000,0,0,0,45000,0,45000,45000
055854,群創元大98購04  ,0,0,0,0,0,0,0,0,0,45000,0,0,0,45000,0,45000,45000
054805,台苯元大9A購01  ,0,0,0,0,0,0,0,0,0,45000,0,0,0,147000,102000,45000,45000
056670,樺漢國票99購01  ,0,0,0,0,0,0,0,0,0,45000,0,0,0,45000,0,45000,45000
056566,臻鼎群益98購01  ,0,0,0,0,0,0,0,0,0,45000,0,0,0,65000,20000,45000,45000
056241,緯創群益97購01  ,0,0,0,0,0,0,0,0,0,45000,0,0,0,138000,93000,45000,45000
059619,台積電日盛9A購04,0,0,0,0,0,0,0,0,0,45000,0,0,0,59000,14000,45000,45000
059884,鴻海國票99購09  ,0,0,0,0,0,0,0,0,0,45000,0,0,0,54000,9000,45000,45000
058462,台積電兆豐99購01,0,0,0,0,0,0,0,0,0,45000,0,0,0,345000,300000,45000,45000
060920,超眾富邦9B購01  ,0,0,0,0,0,0,0,0,0,45000,0,0,0,45000,0,45000,45000
057530,奇鋐元大99購01  ,0,0,0,0,0,0,0,0,0,45000,0,0,0,45000,0,45000,45000
060285,聯電元大9C購01  ,0,0,0,0,0,0,0,0,0,45000,0,0,0,65000,20000,45000,45000
062726,華擎凱基9B購02  ,0,0,0,0,0,0,0,0,0,45000,0,0,0,45000,0,45000,45000
062371,健策元大9B購08  ,0,0,0,0,0,0,0,0,0,45000,0,0,0,168000,123000,45000,45000
062145,億光國票9B購01  ,0,0,0,0,0,0,0,0,0,45000,0,0,0,83000,38000,45000,45000
062049,亞德客統一01購01,0,0,0,0,0,0,0,0,0,45000,0,0,0,119000,74000,45000,45000
6525,捷敏-KY         ,151000,163000,-12000,0,0,0,56000,0,56000,1000,1000,0,1000,0,0,0,45000
07617P,聯發科中信9C售04,0,0,0,0,0,0,0,0,0,44000,0,0,0,77000,33000,44000,44000
059503,大立光富邦9B購04,0,0,0,0,0,0,0,0,0,44000,0,0,0,54000,10000,44000,44000
056151,建準凱基97購01  ,0,0,0,0,0,0,0,0,0,44000,0,0,0,68000,24000,44000,44000
054878,和大統一97購02  ,0,0,0,0,0,0,0,0,0,44000,0,0,0,44000,0,44000,44000
055230,大毅國票98購01  ,0,0,0,0,0,0,0,0,0,44000,0,0,0,45000,1000,44000,44000
053232,友達永豐97購02  ,0,0,0,0,0,0,0,0,0,44000,0,0,0,80000,36000,44000,44000
059722,南亞科元大99購02,0,0,0,0,0,0,0,0,0,44000,0,0,0,52000,8000,44000,44000
057225,華新凱基98購01  ,0,0,0,0,0,0,0,0,0,44000,0,0,0,45000,1000,44000,44000
060541,正隆凱基9A購01  ,0,0,0,0,0,0,0,0,0,44000,0,0,0,44000,0,44000,44000
059218,台積電元大99購31,0,0,0,0,0,0,0,0,0,44000,0,0,0,44000,0,44000,44000
059146,貿聯國票9A購02  ,0,0,0,0,0,0,0,0,0,44000,0,0,0,80000,36000,44000,44000
062499,鴻海群益01購01  ,0,0,0,0,0,0,0,0,0,44000,0,0,0,68000,24000,44000,44000
062238,臻鼎凱基9C購01  ,0,0,0,0,0,0,0,0,0,44000,0,0,0,71000,27000,44000,44000
061076,台達電兆豐9A購01,0,0,0,0,0,0,0,0,0,44000,0,0,0,164000,120000,44000,44000
062861,世芯國票9C購01  ,0,0,0,0,0,0,0,0,0,44000,0,0,0,78000,34000,44000,44000
062917,旭富元大9C購03  ,0,0,0,0,0,0,0,0,0,44000,0,0,0,70000,26000,44000,44000
063196,力成元富9B購01  ,0,0,0,0,0,0,0,0,0,44000,0,0,0,94000,50000,44000,44000
063272,GIS兆豐9C購01   ,0,0,0,0,0,0,0,0,0,44000,0,0,0,60000,16000,44000,44000
063290,GIS元大9B購02   ,0,0,0,0,0,0,0,0,0,44000,0,0,0,71000,27000,44000,44000
063376,神達永豐9B購01  ,0,0,0,0,0,0,0,0,0,44000,0,0,0,50000,6000,44000,44000
2528,皇普            ,43000,0,43000,0,0,0,0,0,0,0,0,0,0,0,0,0,43000
2509,全坤建          ,43000,0,43000,0,0,0,0,0,0,0,0,0,0,0,0,0,43000
053173,矽格群益97購01  ,0,0,0,0,0,0,0,0,0,43000,0,0,0,58000,15000,43000,43000
055675,亞德客凱基97購02,0,0,0,0,0,0,0,0,0,43000,0,0,0,100000,57000,43000,43000
057945,京鼎國票99購03  ,0,0,0,0,0,0,0,0,0,43000,0,0,0,93000,50000,43000,43000
057613,瑞昱元富02購02  ,0,0,0,0,0,0,0,0,0,43000,0,0,0,58000,15000,43000,43000
060347,大立光統一02購01,0,0,0,0,0,0,0,0,0,43000,0,0,0,43000,0,43000,43000
063016,微星元大9C購02  ,0,0,0,0,0,0,0,0,0,43000,0,0,0,72000,29000,43000,43000
062782,聯發科元大9B購12,0,0,0,0,0,0,0,0,0,43000,0,0,0,102000,59000,43000,43000
062669,微星中信03購01  ,0,0,0,0,0,0,0,0,0,43000,0,0,0,128000,85000,43000,43000
061092,可成統一9C購02  ,0,0,0,0,0,0,0,0,0,43000,0,0,0,114000,71000,43000,43000
061141,臻鼎統一9A購01  ,0,0,0,0,0,0,0,0,0,43000,0,0,0,48000,5000,43000,43000
061281,台積電統一9C購05,0,0,0,0,0,0,0,0,0,43000,0,0,0,43000,0,43000,43000
061542,旺宏群益9A購04  ,0,0,0,0,0,0,0,0,0,43000,0,0,0,98000,55000,43000,43000
062273,國巨群益9C購02  ,0,0,0,0,0,0,0,0,0,43000,0,0,0,43000,0,43000,43000
3062,建漢            ,119000,76186,42814,0,0,0,0,0,0,0,1000,1000,0,0,0,0,42814
8464,億豐            ,263387,190000,73387,0,0,0,0,10000,-10000,-21000,0,9000,-9000,0,12000,-12000,42387
3058,立德            ,42000,2000,40000,0,0,0,0,0,0,2000,2000,0,2000,0,0,0,42000
2616,山隆            ,65000,19000,46000,0,0,0,0,0,0,-4000,0,4000,-4000,0,0,0,42000
2816,旺旺保          ,42000,0,42000,0,0,0,0,0,0,0,0,0,0,0,0,0,42000
2331,精英            ,100000,59000,41000,0,0,0,0,0,0,1000,13000,12000,1000,0,0,0,42000
08205P,智邦凱基9B售03  ,0,0,0,0,0,0,0,0,0,42000,0,0,0,72000,30000,42000,42000
1203,味王            ,42000,0,42000,0,0,0,0,0,0,0,0,0,0,0,0,0,42000
07576P,可成元大9A售01  ,0,0,0,0,0,0,0,0,0,42000,0,0,0,102000,60000,42000,42000
064039,亞德客統一02購01,0,0,0,0,0,0,0,0,0,42000,0,0,0,73000,31000,42000,42000
056058,建準元大97購02  ,0,0,0,0,0,0,0,0,0,42000,0,0,0,52000,10000,42000,42000
056395,玉晶光永豐9B購01,0,0,0,0,0,0,0,0,0,42000,0,0,0,58000,16000,42000,42000
053412,台達電國票97購02,0,0,0,0,0,0,0,0,0,42000,0,0,0,42000,0,42000,42000
052653,臺股指永豐97購01,0,0,0,0,0,0,0,0,0,42000,0,0,0,42000,0,42000,42000
0055,元大MSCI金融    ,0,0,0,0,0,0,0,0,0,42000,0,0,0,42000,0,42000,42000
051576,台積電元大97購02,0,0,0,0,0,0,0,0,0,42000,0,0,0,43000,1000,42000,42000
057278,可成元大98購06  ,0,0,0,0,0,0,0,0,0,42000,0,0,0,113000,71000,42000,42000
060601,技嘉凱基9A購02  ,0,0,0,0,0,0,0,0,0,42000,0,0,0,65000,23000,42000,42000
058518,玉晶光元大99購13,0,0,0,0,0,0,0,0,0,42000,0,0,0,118000,76000,42000,42000
060714,晶技永豐9A購02  ,0,0,0,0,0,0,0,0,0,42000,0,0,0,42000,0,42000,42000
057961,茂林元大9A購01  ,0,0,0,0,0,0,0,0,0,42000,0,0,0,54000,12000,42000,42000
058368,奇鋐凱基9A購01  ,0,0,0,0,0,0,0,0,0,42000,0,0,0,42000,0,42000,42000
062194,遠東新中信9C購01,0,0,0,0,0,0,0,0,0,42000,0,0,0,118000,76000,42000,42000
06189P,華新科永豐97售03,0,0,0,0,0,0,0,0,0,42000,0,0,0,62000,20000,42000,42000
061702,奇鋐國票9A購02  ,0,0,0,0,0,0,0,0,0,42000,0,0,0,80000,38000,42000,42000
062587,國巨統一9B購13  ,0,0,0,0,0,0,0,0,0,42000,0,0,0,42000,0,42000,42000
063226,康控群益9B購03  ,0,0,0,0,0,0,0,0,0,42000,0,0,0,108000,66000,42000,42000
063722,遠東新元大9B購02,0,0,0,0,0,0,0,0,0,42000,0,0,0,224000,182000,42000,42000
063618,智邦兆豐9C購01  ,0,0,0,0,0,0,0,0,0,42000,0,0,0,43000,1000,42000,42000
064178,台郡國泰01購01  ,0,0,0,0,0,0,0,0,0,41000,0,0,0,41000,0,41000,41000
07865P,可成元大9B售02  ,0,0,0,0,0,0,0,0,0,41000,0,0,0,50000,9000,41000,41000
08018P,牧德國票9B售04  ,0,0,0,0,0,0,0,0,0,41000,0,0,0,41000,0,41000,41000
08090P,嘉澤統一9B售01  ,0,0,0,0,0,0,0,0,0,41000,0,0,0,112000,71000,41000,41000
053035,台表科兆豐97購01,0,0,0,0,0,0,0,0,0,41000,0,0,0,41000,0,41000,41000
056910,超眾元大99購02  ,0,0,0,0,0,0,0,0,0,41000,0,0,0,51000,10000,41000,41000
056072,群創元大97購01  ,0,0,0,0,0,0,0,0,0,41000,0,0,0,41000,0,41000,41000
056512,易華電永豐98購01,0,0,0,0,0,0,0,0,0,41000,0,0,0,41000,0,41000,41000
056537,冠德凱基98購01  ,0,0,0,0,0,0,0,0,0,41000,0,0,0,41000,0,41000,41000
057934,華新科群益98購07,0,0,0,0,0,0,0,0,0,41000,0,0,0,41000,0,41000,41000
060300,佐登國泰9B購01  ,0,0,0,0,0,0,0,0,0,41000,0,0,0,75000,34000,41000,41000
059730,晶相光元大9C購02,0,0,0,0,0,0,0,0,0,41000,0,0,0,91000,50000,41000,41000
063729,國巨元大9C購08  ,0,0,0,0,0,0,0,0,0,41000,0,0,0,63000,22000,41000,41000
063289,台表科元大9B購07,0,0,0,0,0,0,0,0,0,41000,0,0,0,103000,62000,41000,41000
062617,京鼎元大9B購01  ,0,0,0,0,0,0,0,0,0,41000,0,0,0,182000,141000,41000,41000
062878,宏達電兆豐9B購01,0,0,0,0,0,0,0,0,0,41000,0,0,0,41000,0,41000,41000
063167,同欣電永豐9B購03,0,0,0,0,0,0,0,0,0,41000,0,0,0,100000,59000,41000,41000
061901,柏文永豐9B購01  ,0,0,0,0,0,0,0,0,0,41000,0,0,0,44000,3000,41000,41000
061840,長榮航凱基9C購01,0,0,0,0,0,0,0,0,0,41000,0,0,0,51000,10000,41000,41000
061847,力山國票9B購01  ,0,0,0,0,0,0,0,0,0,41000,0,0,0,41000,0,41000,41000
061997,台郡元大9B購03  ,0,0,0,0,0,0,0,0,0,41000,0,0,0,58000,17000,41000,41000
062188,貿聯元大9B購02  ,0,0,0,0,0,0,0,0,0,41000,0,0,0,101000,60000,41000,41000
9927,泰銘            ,52000,11000,41000,0,0,0,0,0,0,0,0,0,0,0,0,0,41000
6670,復盛應用        ,168980,106000,62980,0,0,0,0,0,0,-22000,4000,26000,-22000,0,0,0,40980
07646P,世芯元大9A售04  ,0,0,0,0,0,0,0,0,0,40000,0,0,0,367000,327000,40000,40000
08203P,同欣電永豐9B售04,0,0,0,0,0,0,0,0,0,40000,0,0,0,40000,0,40000,40000
2530,華建            ,54000,14000,40000,0,0,0,0,0,0,0,0,0,0,0,0,0,40000
064264,智伸科永豐9C購01,0,0,0,0,0,0,0,0,0,40000,0,0,0,40000,0,40000,40000
063998,聯發科兆豐9C購02,0,0,0,0,0,0,0,0,0,40000,0,0,0,60000,20000,40000,40000
07409P,台積電台新99售07,0,0,0,0,0,0,0,0,0,40000,0,0,0,40000,0,40000,40000
06692P,瑞昱凱基98售03  ,0,0,0,0,0,0,0,0,0,40000,0,0,0,50000,10000,40000,40000
055742,健策元富97購02  ,0,0,0,0,0,0,0,0,0,40000,0,0,0,40000,0,40000,40000
054875,群電群益97購01  ,0,0,0,0,0,0,0,0,0,40000,0,0,0,40000,0,40000,40000
055217,緯創凱基97購02  ,0,0,0,0,0,0,0,0,0,40000,0,0,0,40000,0,40000,40000
055094,智易群益98購01  ,0,0,0,0,0,0,0,0,0,40000,0,0,0,40000,0,40000,40000
055368,台積電元大97購24,0,0,0,0,0,0,0,0,0,40000,0,0,0,40000,0,40000,40000
056049,奇力新國票98購01,0,0,0,0,0,0,0,0,0,40000,0,0,0,40000,0,40000,40000
056044,同欣電凱基97購03,0,0,0,0,0,0,0,0,0,40000,0,0,0,126000,86000,40000,40000
056847,佐登元富98購01  ,0,0,0,0,0,0,0,0,0,40000,0,0,0,60000,20000,40000,40000
056333,台積電日盛9B購01,0,0,0,0,0,0,0,0,0,40000,0,0,0,40000,0,40000,40000
059624,鴻海凱基01購01  ,0,0,0,0,0,0,0,0,0,40000,0,0,0,40000,0,40000,40000
059851,晶相光永豐99購02,0,0,0,0,0,0,0,0,0,40000,0,0,0,40000,0,40000,40000
056993,GIS兆豐99購01   ,0,0,0,0,0,0,0,0,0,40000,0,0,0,40000,0,40000,40000
054632,緯穎凱基9A購01  ,0,0,0,0,0,0,0,0,0,40000,0,0,0,40000,0,40000,40000
053441,旺宏凱基98購01  ,0,0,0,0,0,0,0,0,0,40000,0,0,0,40000,0,40000,40000
053366,樺漢國泰98購01  ,0,0,0,0,0,0,0,0,0,40000,0,0,0,40000,0,40000,40000
053554,欣興凱基97購02  ,0,0,0,0,0,0,0,0,0,40000,0,0,0,40000,0,40000,40000
052936,華通兆豐98購01  ,0,0,0,0,0,0,0,0,0,40000,0,0,0,40000,0,40000,40000
054332,世芯永豐97購01  ,0,0,0,0,0,0,0,0,0,40000,0,0,0,40000,0,40000,40000
050115,群創元大96購01  ,0,0,0,0,0,0,0,0,0,40000,0,0,0,40000,0,40000,40000
051727,S&P反1國票97購01,0,0,0,0,0,0,0,0,0,40000,0,0,0,40000,0,40000,40000
051424,緯穎國票97購01  ,0,0,0,0,0,0,0,0,0,40000,0,0,0,40000,0,40000,40000
057321,台泥群益98購01  ,0,0,0,0,0,0,0,0,0,40000,0,0,0,126000,86000,40000,40000
058119,華新亞東99購01  ,0,0,0,0,0,0,0,0,0,40000,0,0,0,40000,0,40000,40000
057276,全新元大99購03  ,0,0,0,0,0,0,0,0,0,40000,0,0,0,40000,0,40000,40000
057536,康控元大99購03  ,0,0,0,0,0,0,0,0,0,40000,0,0,0,40000,0,40000,40000
058322,玉晶光永豐99購02,0,0,0,0,0,0,0,0,0,40000,0,0,0,41000,1000,40000,40000
058273,同欣電永豐99購01,0,0,0,0,0,0,0,0,0,40000,0,0,0,40000,0,40000,40000
060382,儒鴻凱基9A購01  ,0,0,0,0,0,0,0,0,0,40000,0,0,0,40000,0,40000,40000
057848,台表科永豐98購02,0,0,0,0,0,0,0,0,0,40000,0,0,0,40000,0,40000,40000
059087,台積電元大99購26,0,0,0,0,0,0,0,0,0,40000,0,0,0,49000,9000,40000,40000
058661,臺股指中信9C購01,0,0,0,0,0,0,0,0,0,40000,0,0,0,40000,0,40000,40000
060762,長榮航元大9A購02,0,0,0,0,0,0,0,0,0,40000,0,0,0,50000,10000,40000,40000
060992,健策元大9A購05  ,0,0,0,0,0,0,0,0,0,40000,0,0,0,53000,13000,40000,40000
057685,台灣50凱基9C購01,0,0,0,0,0,0,0,0,0,40000,0,0,0,40000,0,40000,40000
059219,旺宏元大99購12  ,0,0,0,0,0,0,0,0,0,40000,0,0,0,40000,0,40000,40000
062207,牧德國票9B購02  ,0,0,0,0,0,0,0,0,0,40000,0,0,0,391000,351000,40000,40000
062228,南六統一02購01  ,0,0,0,0,0,0,0,0,0,40000,0,0,0,40000,0,40000,40000
062453,聚陽群益9C購01  ,0,0,0,0,0,0,0,0,0,40000,0,0,0,50000,10000,40000,40000
062059,聯發科統一9C購06,0,0,0,0,0,0,0,0,0,40000,0,0,0,40000,0,40000,40000
061946,鴻海群益9B購03  ,0,0,0,0,0,0,0,0,0,40000,0,0,0,48000,8000,40000,40000
061642,創意元大9A購04  ,0,0,0,0,0,0,0,0,0,40000,0,0,0,60000,20000,40000,40000
061297,台積電富邦9C購09,0,0,0,0,0,0,0,0,0,40000,0,0,0,40000,0,40000,40000
063182,國巨凱基9B購10  ,0,0,0,0,0,0,0,0,0,40000,0,0,0,40000,0,40000,40000
063195,訊連元富9B購01  ,0,0,0,0,0,0,0,0,0,40000,0,0,0,145000,105000,40000,40000
063382,南茂永豐9B購01  ,0,0,0,0,0,0,0,0,0,40000,0,0,0,54000,14000,40000,40000
063477,訊芯元大9B購01  ,0,0,0,0,0,0,0,0,0,40000,0,0,0,40000,0,40000,40000
063858,鴻海國泰02購01  ,0,0,0,0,0,0,0,0,0,39000,0,0,0,40000,1000,39000,39000
1808,潤隆            ,59000,20000,39000,0,0,0,0,0,0,0,0,0,0,0,0,0,39000
08096P,大立光元富9B售04,0,0,0,0,0,0,0,0,0,39000,0,0,0,81000,42000,39000,39000
08124P,臻鼎群益9B售02  ,0,0,0,0,0,0,0,0,0,39000,0,0,0,50000,11000,39000,39000
07906P,中租群益9B售02  ,0,0,0,0,0,0,0,0,0,39000,0,0,0,39000,0,39000,39000
00654R,富邦印度反1     ,22000,16000,6000,0,0,0,0,0,0,33000,0,0,0,56000,23000,33000,39000
055459,建準永豐97購03  ,0,0,0,0,0,0,0,0,0,39000,0,0,0,49000,10000,39000,39000
059476,道瓊指群益9C購01,0,0,0,0,0,0,0,0,0,39000,0,0,0,40000,1000,39000,39000
055710,亞德客元大97購03,0,0,0,0,0,0,0,0,0,39000,0,0,0,201000,162000,39000,39000
057642,南亞科元大98購07,0,0,0,0,0,0,0,0,0,39000,0,0,0,107000,68000,39000,39000
058617,南電元大99購01  ,0,0,0,0,0,0,0,0,0,39000,0,0,0,56000,17000,39000,39000
063649,南六元大9C購02  ,0,0,0,0,0,0,0,0,0,39000,0,0,0,39000,0,39000,39000
062611,台灣50元大9B購18,0,0,0,0,0,0,0,0,0,39000,0,0,0,39000,0,39000,39000
061353,康控元大9A購01  ,0,0,0,0,0,0,0,0,0,39000,0,0,0,162000,123000,39000,39000
061724,訊芯永豐9A購01  ,0,0,0,0,0,0,0,0,0,39000,0,0,0,39000,0,39000,39000
061991,牧德元大9C購01  ,0,0,0,0,0,0,0,0,0,39000,0,0,0,39000,0,39000,39000
061881,緯穎元大9B購02  ,0,0,0,0,0,0,0,0,0,39000,0,0,0,180000,141000,39000,39000
9930,中聯資源        ,47000,8000,39000,0,0,0,0,0,0,0,0,0,0,0,0,0,39000
063841,國巨元大01購01  ,0,0,0,0,0,0,0,0,0,38000,0,0,0,64000,26000,38000,38000
064089,新日興凱基02購01,0,0,0,0,0,0,0,0,0,38000,0,0,0,48000,10000,38000,38000
06545P,致茂元大98售01  ,0,0,0,0,0,0,0,0,0,38000,0,0,0,50000,12000,38000,38000
07051P,大立光中信99售02,0,0,0,0,0,0,0,0,0,38000,0,0,0,38000,0,38000,38000
055698,茂林國票98購03  ,0,0,0,0,0,0,0,0,0,38000,0,0,0,76000,38000,38000,38000
056583,昇陽半元大98購02,0,0,0,0,0,0,0,0,0,38000,0,0,0,138000,100000,38000,38000
056926,日月光兆豐98購01,0,0,0,0,0,0,0,0,0,38000,0,0,0,40000,2000,38000,38000
050633,義隆群益96購02  ,0,0,0,0,0,0,0,0,0,38000,0,0,0,48000,10000,38000,38000
051047,深中小群益99購01,0,0,0,0,0,0,0,0,0,38000,0,0,0,50000,12000,38000,38000
058570,臻鼎凱基9A購01  ,0,0,0,0,0,0,0,0,0,38000,0,0,0,38000,0,38000,38000
060870,旭富群益9A購01  ,0,0,0,0,0,0,0,0,0,38000,0,0,0,38000,0,38000,38000
060540,南亞凱基9A購01  ,0,0,0,0,0,0,0,0,0,38000,0,0,0,68000,30000,38000,38000
058311,緯穎元大99購05  ,0,0,0,0,0,0,0,0,0,38000,0,0,0,72000,34000,38000,38000
058142,瑞儀元大99購01  ,0,0,0,0,0,0,0,0,0,38000,0,0,0,58000,20000,38000,38000
057356,彩晶統一98購04  ,0,0,0,0,0,0,0,0,0,38000,0,0,0,255000,217000,38000,38000
057408,台郡群益98購01  ,0,0,0,0,0,0,0,0,0,38000,0,0,0,48000,10000,38000,38000
057460,楠梓電永豐98購03,0,0,0,0,0,0,0,0,0,38000,0,0,0,38000,0,38000,38000
062272,鴻海群益9B購05  ,0,0,0,0,0,0,0,0,0,38000,0,0,0,93000,55000,38000,38000
061139,玉晶光統一9C購02,0,0,0,0,0,0,0,0,0,38000,0,0,0,40000,2000,38000,38000
063092,聯發科中信9B購03,0,0,0,0,0,0,0,0,0,38000,0,0,0,38000,0,38000,38000
063499,金像電永豐9B購03,0,0,0,0,0,0,0,0,0,38000,0,0,0,38000,0,38000,38000
063399,智原群益9B購01  ,0,0,0,0,0,0,0,0,0,38000,0,0,0,38000,0,38000,38000
063281,京元電元大9B購01,0,0,0,0,0,0,0,0,0,38000,0,0,0,80000,42000,38000,38000
8411,福貞-KY         ,38000,0,38000,0,0,0,0,0,0,0,0,0,0,0,0,0,38000
06681P,致茂元大98售02  ,0,0,0,0,0,0,0,0,0,37000,0,0,0,50000,13000,37000,37000
07742P,台積電凱基9A售25,0,0,0,0,0,0,0,0,0,37000,0,0,0,50000,13000,37000,37000
1409,新纖            ,265000,228000,37000,0,0,0,0,0,0,0,0,0,0,0,0,0,37000
1603,華電            ,70000,33000,37000,0,0,0,0,0,0,0,0,0,0,0,0,0,37000
00645,富邦日本        ,0,0,0,0,0,0,0,0,0,37000,0,0,0,187000,150000,37000,37000
042793,台積電台新9C購01,0,0,0,0,0,0,0,0,0,37000,0,0,0,37000,0,37000,37000
056980,建準群益98購02  ,0,0,0,0,0,0,0,0,0,37000,0,0,0,37000,0,37000,37000
05701P,彩晶凱基96售01  ,0,0,0,0,0,0,0,0,0,37000,0,0,0,37000,0,37000,37000
056461,樺漢凱基98購02  ,0,0,0,0,0,0,0,0,0,37000,0,0,0,41000,4000,37000,37000
055490,台光電元大97購01,0,0,0,0,0,0,0,0,0,37000,0,0,0,37000,0,37000,37000
056657,華邦電元大99購01,0,0,0,0,0,0,0,0,0,37000,0,0,0,170000,133000,37000,37000
059540,新光金日盛99購01,0,0,0,0,0,0,0,0,0,37000,0,0,0,37000,0,37000,37000
060158,廣達永豐9A購01  ,0,0,0,0,0,0,0,0,0,37000,0,0,0,202000,165000,37000,37000
057112,立積群益99購01  ,0,0,0,0,0,0,0,0,0,37000,0,0,0,262000,225000,37000,37000
060637,玉晶光永豐9A購03,0,0,0,0,0,0,0,0,0,37000,0,0,0,52000,15000,37000,37000
058587,台積電中信9C購03,0,0,0,0,0,0,0,0,0,37000,0,0,0,161000,124000,37000,37000
058649,健策永豐99購01  ,0,0,0,0,0,0,0,0,0,37000,0,0,0,37000,0,37000,37000
057904,矽力永豐98購01  ,0,0,0,0,0,0,0,0,0,37000,0,0,0,37000,0,37000,37000
063737,大立光元大9C購07,0,0,0,0,0,0,0,0,0,37000,0,0,0,100000,63000,37000,37000
061418,世紀鋼群益9A購02,0,0,0,0,0,0,0,0,0,37000,0,0,0,485000,448000,37000,37000
061301,華新科永豐9A購03,0,0,0,0,0,0,0,0,0,37000,0,0,0,37000,0,37000,37000
061334,華通元大9A購09  ,0,0,0,0,0,0,0,0,0,37000,0,0,0,65000,28000,37000,37000
1906,寶隆            ,38000,2000,36000,0,0,0,0,0,0,0,0,0,0,0,0,0,36000
2477,美隆電          ,39000,3000,36000,0,0,0,0,0,0,0,0,0,0,0,0,0,36000
2849,安泰銀          ,55000,19000,36000,0,0,0,0,0,0,0,0,0,0,0,0,0,36000
2903,遠百            ,431000,395000,36000,0,0,0,0,0,0,0,0,0,0,0,0,0,36000
3257,虹冠電          ,185000,135000,50000,0,0,0,0,0,0,-14000,1000,15000,-14000,0,0,0,36000
08134P,臺股指元大9B售40,0,0,0,0,0,0,0,0,0,36000,0,0,0,111000,75000,36000,36000
07945P,上銀國票9B售02  ,0,0,0,0,0,0,0,0,0,36000,0,0,0,36000,0,36000,36000
064136,致新元大9C購01  ,0,0,0,0,0,0,0,0,0,36000,0,0,0,123000,87000,36000,36000
063919,大立光元富03購01,0,0,0,0,0,0,0,0,0,36000,0,0,0,73000,37000,36000,36000
063956,神達元大9C購01  ,0,0,0,0,0,0,0,0,0,36000,0,0,0,229000,193000,36000,36000
055804,祥碩永豐97購02  ,0,0,0,0,0,0,0,0,0,36000,0,0,0,36000,0,36000,36000
055555,全新凱基9A購01  ,0,0,0,0,0,0,0,0,0,36000,0,0,0,36000,0,36000,36000
056883,美食康和98購01  ,0,0,0,0,0,0,0,0,0,36000,0,0,0,36000,0,36000,36000
054130,漢唐元大97購02  ,0,0,0,0,0,0,0,0,0,36000,0,0,0,56000,20000,36000,36000
057936,健策群益99購01  ,0,0,0,0,0,0,0,0,0,36000,0,0,0,51000,15000,36000,36000
060612,世紀鋼凱基9A購01,0,0,0,0,0,0,0,0,0,36000,0,0,0,36000,0,36000,36000
060701,玉晶光國泰9C購01,0,0,0,0,0,0,0,0,0,36000,0,0,0,40000,4000,36000,36000
057810,技嘉元大98購06  ,0,0,0,0,0,0,0,0,0,36000,0,0,0,58000,22000,36000,36000
057371,可成元大98購08  ,0,0,0,0,0,0,0,0,0,36000,0,0,0,36000,0,36000,36000
062331,大立光統一9B購10,0,0,0,0,0,0,0,0,0,36000,0,0,0,56000,20000,36000,36000
062251,旺宏元大9B購06  ,0,0,0,0,0,0,0,0,0,36000,0,0,0,46000,10000,36000,36000
061859,勤誠國票9B購01  ,0,0,0,0,0,0,0,0,0,36000,0,0,0,199000,163000,36000,36000
062063,世紀鋼統一9C購01,0,0,0,0,0,0,0,0,0,36000,0,0,0,90000,54000,36000,36000
063727,鴻海元大9C購05  ,0,0,0,0,0,0,0,0,0,36000,0,0,0,37000,1000,36000,36000
063655,華通元富9B購01  ,0,0,0,0,0,0,0,0,0,36000,0,0,0,43000,7000,36000,36000
063683,大成鋼永豐9B購01,0,0,0,0,0,0,0,0,0,36000,0,0,0,36000,0,36000,36000
8462,柏文            ,94000,52000,42000,0,0,0,0,0,0,-6000,0,3000,-3000,0,3000,-3000,36000
06655P,TPK元大98售02   ,0,0,0,0,0,0,0,0,0,35000,0,0,0,35000,0,35000,35000
06698P,玉晶光國票99售05,0,0,0,0,0,0,0,0,0,35000,0,0,0,111000,76000,35000,35000
06595P,祥碩元大98售03  ,0,0,0,0,0,0,0,0,0,35000,0,0,0,75000,40000,35000,35000
08089P,嘉澤凱基9B售03  ,0,0,0,0,0,0,0,0,0,35000,0,0,0,256000,221000,35000,35000
1474,弘裕            ,106000,72000,34000,0,0,0,0,0,0,1000,1000,0,1000,0,0,0,35000
1219,福壽            ,35000,0,35000,0,0,0,0,0,0,0,0,0,0,0,0,0,35000
08345P,大立光元大9C售14,0,0,0,0,0,0,0,0,0,35000,0,0,0,35000,0,35000,35000
3550,聯穎            ,36000,2000,34000,0,0,0,0,0,0,1000,1000,0,1000,0,0,0,35000
1734,杏輝            ,397000,364000,33000,0,0,0,0,0,0,2000,2000,0,2000,0,0,0,35000
051375,道瓊反群益9A購01,0,0,0,0,0,0,0,0,0,35000,0,0,0,35000,0,35000,35000
056480,京鼎元大98購02  ,0,0,0,0,0,0,0,0,0,35000,0,0,0,103000,68000,35000,35000
053731,矽創凱基96購03  ,0,0,0,0,0,0,0,0,0,35000,0,0,0,35000,0,35000,35000
055884,臺股指元富97購01,0,0,0,0,0,0,0,0,0,35000,0,0,0,35000,0,35000,35000
056707,鴻海富邦99購03  ,0,0,0,0,0,0,0,0,0,35000,0,0,0,35000,0,35000,35000
055131,茂林康和97購01  ,0,0,0,0,0,0,0,0,0,35000,0,0,0,35000,0,35000,35000
056672,元油2X元富98購10,0,0,0,0,0,0,0,0,0,35000,0,0,0,35000,0,35000,35000
054935,華通元大98購03  ,0,0,0,0,0,0,0,0,0,35000,0,0,0,58000,23000,35000,35000
056144,GIS元大98購01   ,0,0,0,0,0,0,0,0,0,35000,0,0,0,50000,15000,35000,35000
057270,遠東新元大98購01,0,0,0,0,0,0,0,0,0,35000,0,0,0,35000,0,35000,35000
060559,世紀鋼凱基9C購01,0,0,0,0,0,0,0,0,0,35000,0,0,0,35000,0,35000,35000
060411,達新永豐9A購01  ,0,0,0,0,0,0,0,0,0,35000,0,0,0,235000,200000,35000,35000
060254,世紀鋼元大9A購01,0,0,0,0,0,0,0,0,0,35000,0,0,0,35000,0,35000,35000
057926,帆宣凱基98購02  ,0,0,0,0,0,0,0,0,0,35000,0,0,0,35000,0,35000,35000
057840,健策富邦99購01  ,0,0,0,0,0,0,0,0,0,35000,0,0,0,489000,454000,35000,35000
059089,聯發科元大99購19,0,0,0,0,0,0,0,0,0,35000,0,0,0,35000,0,35000,35000
063660,儒鴻統一9C購01  ,0,0,0,0,0,0,0,0,0,35000,0,0,0,60000,25000,35000,35000
063608,力成凱基9B購03  ,0,0,0,0,0,0,0,0,0,35000,0,0,0,50000,15000,35000,35000
063473,茂林元大9B購05  ,0,0,0,0,0,0,0,0,0,35000,0,0,0,35000,0,35000,35000
062877,可成兆豐9C購01  ,0,0,0,0,0,0,0,0,0,35000,0,0,0,69000,34000,35000,35000
062572,元金反群益9C購01,0,0,0,0,0,0,0,0,0,35000,0,0,0,35000,0,35000,35000
061841,晶技凱基9C購01  ,0,0,0,0,0,0,0,0,0,35000,0,0,0,35000,0,35000,35000
061832,聯發科凱基9B購06,0,0,0,0,0,0,0,0,0,35000,0,0,0,35000,0,35000,35000
062451,瀚宇博元大9B購02,0,0,0,0,0,0,0,0,0,35000,0,0,0,187000,152000,35000,35000
061215,健策元大9A購06  ,0,0,0,0,0,0,0,0,0,35000,0,0,0,154000,119000,35000,35000
061772,健策元大9B購06  ,0,0,0,0,0,0,0,0,0,35000,0,0,0,199000,164000,35000,35000
061765,義隆元大9B購01  ,0,0,0,0,0,0,0,0,0,35000,0,0,0,40000,5000,35000,35000
061566,華通元大9A購10  ,0,0,0,0,0,0,0,0,0,35000,0,0,0,43000,8000,35000,35000
1234,黑松            ,34000,0,34000,0,0,0,0,0,0,0,0,0,0,0,0,0,34000
064013,創意國票01購01  ,0,0,0,0,0,0,0,0,0,34000,0,0,0,34000,0,34000,34000
064006,晶技凱基9C購02  ,0,0,0,0,0,0,0,0,0,34000,0,0,0,34000,0,34000,34000
063926,南亞科統一03購01,0,0,0,0,0,0,0,0,0,34000,0,0,0,49000,15000,34000,34000
063899,同欣電群益9C購01,0,0,0,0,0,0,0,0,0,34000,0,0,0,109000,75000,34000,34000
056121,勤誠群益97購01  ,0,0,0,0,0,0,0,0,0,34000,0,0,0,123000,89000,34000,34000
059692,聯詠永豐99購01  ,0,0,0,0,0,0,0,0,0,34000,0,0,0,34000,0,34000,34000
059864,亞德客凱基99購01,0,0,0,0,0,0,0,0,0,34000,0,0,0,64000,30000,34000,34000
059878,聯茂凱基99購07  ,0,0,0,0,0,0,0,0,0,34000,0,0,0,35000,1000,34000,34000
054923,晶技凱基98購01  ,0,0,0,0,0,0,0,0,0,34000,0,0,0,34000,0,34000,34000
055744,茂林元富97購02  ,0,0,0,0,0,0,0,0,0,34000,0,0,0,44000,10000,34000,34000
054943,群光元大97購01  ,0,0,0,0,0,0,0,0,0,34000,0,0,0,45000,11000,34000,34000
055320,建準國票98購01  ,0,0,0,0,0,0,0,0,0,34000,0,0,0,34000,0,34000,34000
054533,泰碩國泰98購01  ,0,0,0,0,0,0,0,0,0,34000,0,0,0,85000,51000,34000,34000
052532,台積電國泰96購07,0,0,0,0,0,0,0,0,0,34000,0,0,0,34000,0,34000,34000
053186,健策中信9C購01  ,0,0,0,0,0,0,0,0,0,34000,0,0,0,208000,174000,34000,34000
056444,南亞科凱基99購01,0,0,0,0,0,0,0,0,0,34000,0,0,0,51000,17000,34000,34000
052367,聯茂國票96購02  ,0,0,0,0,0,0,0,0,0,34000,0,0,0,34000,0,34000,34000
060817,華邦電台新9A購01,0,0,0,0,0,0,0,0,0,34000,0,0,0,278000,244000,34000,34000
057239,貿聯凱基98購05  ,0,0,0,0,0,0,0,0,0,34000,0,0,0,46000,12000,34000,34000
058136,景碩元大99購02  ,0,0,0,0,0,0,0,0,0,34000,0,0,0,177000,143000,34000,34000
060212,華航康和9A購01  ,0,0,0,0,0,0,0,0,0,34000,0,0,0,37000,3000,34000,34000
061738,聯發科凱基9B購04,0,0,0,0,0,0,0,0,0,34000,0,0,0,34000,0,34000,34000
061159,同欣電群益9A購01,0,0,0,0,0,0,0,0,0,34000,0,0,0,52000,18000,34000,34000
061160,瑞祺群益9A購01  ,0,0,0,0,0,0,0,0,0,34000,0,0,0,36000,2000,34000,34000
062053,華通統一9C購02  ,0,0,0,0,0,0,0,0,0,34000,0,0,0,45000,11000,34000,34000
061996,矽格元大9B購01  ,0,0,0,0,0,0,0,0,0,34000,0,0,0,40000,6000,34000,34000
063442,金像電統一01購01,0,0,0,0,0,0,0,0,0,34000,0,0,0,57000,23000,34000,34000
063740,矽格元大9B購03  ,0,0,0,0,0,0,0,0,0,34000,0,0,0,34000,0,34000,34000
063745,喬山國票9C購01  ,0,0,0,0,0,0,0,0,0,34000,0,0,0,71000,37000,34000,34000
9902,台火            ,66000,32000,34000,0,0,0,0,0,0,0,0,0,0,0,0,0,34000
4576,大銀微系統      ,219000,105000,114000,0,0,0,0,80000,-80000,0,0,0,0,0,0,0,34000
063854,南電元大9C購01  ,0,0,0,0,0,0,0,0,0,33000,0,0,0,130000,97000,33000,33000
06425P,TPK永豐97售02   ,0,0,0,0,0,0,0,0,0,33000,0,0,0,33000,0,33000,33000
06983P,台積電國泰9A售02,0,0,0,0,0,0,0,0,0,33000,0,0,0,113000,80000,33000,33000
1220,台榮            ,33000,0,33000,0,0,0,0,0,0,0,0,0,0,0,0,0,33000
08312P,旺宏國票01售01  ,0,0,0,0,0,0,0,0,0,33000,0,0,0,51000,18000,33000,33000
08168P,金像電群益9B售03,0,0,0,0,0,0,0,0,0,33000,0,0,0,173000,140000,33000,33000
08027P,嘉晶元大9B售03  ,0,0,0,0,0,0,0,0,0,33000,0,0,0,212000,179000,33000,33000
1529,樂士            ,13000,5000,8000,0,0,0,0,0,0,25000,25000,0,25000,0,0,0,33000
3622,洋華            ,31000,0,31000,0,0,0,0,0,0,2000,2000,0,2000,0,0,0,33000
4555,氣立            ,15000,14000,1000,0,0,0,0,0,0,32000,32000,0,32000,0,0,0,33000
055559,大立光凱基97購09,0,0,0,0,0,0,0,0,0,33000,0,0,0,33000,0,33000,33000
054623,華新科第一97購01,0,0,0,0,0,0,0,0,0,33000,0,0,0,33000,0,33000,33000
055189,台虹統一97購01  ,0,0,0,0,0,0,0,0,0,33000,0,0,0,33000,0,33000,33000
055812,台積電國票99購02,0,0,0,0,0,0,0,0,0,33000,0,0,0,33000,0,33000,33000
055726,台表科元大98購03,0,0,0,0,0,0,0,0,0,33000,0,0,0,34000,1000,33000,33000
056619,強茂永豐98購01  ,0,0,0,0,0,0,0,0,0,33000,0,0,0,440000,407000,33000,33000
059909,鴻海元大99購36  ,0,0,0,0,0,0,0,0,0,33000,0,0,0,91000,58000,33000,33000
059613,泰鼎永豐99購02  ,0,0,0,0,0,0,0,0,0,33000,0,0,0,45000,12000,33000,33000
060126,創意永豐99購04  ,0,0,0,0,0,0,0,0,0,33000,0,0,0,33000,0,33000,33000
060308,劍麟永豐9A購01  ,0,0,0,0,0,0,0,0,0,33000,0,0,0,95000,62000,33000,33000
060315,易華電永豐9A購01,0,0,0,0,0,0,0,0,0,33000,0,0,0,58000,25000,33000,33000
059940,微星永豐99購01  ,0,0,0,0,0,0,0,0,0,33000,0,0,0,43000,10000,33000,33000
060576,欣興中信9B購01  ,0,0,0,0,0,0,0,0,0,33000,0,0,0,33000,0,33000,33000
063222,群創群益9B購03  ,0,0,0,0,0,0,0,0,0,33000,0,0,0,46000,13000,33000,33000
061151,友訊群益9A購01  ,0,0,0,0,0,0,0,0,0,33000,0,0,0,61000,28000,33000,33000
9937,全國            ,33000,0,33000,0,0,0,0,0,0,0,0,0,0,0,0,0,33000
9905,大華            ,38000,5000,33000,0,0,0,0,0,0,0,0,0,0,0,0,0,33000
4155,訊映            ,50000,18000,32000,0,0,0,0,0,0,0,0,0,0,0,0,0,32000
2227,裕日車          ,69000,38000,31000,0,0,0,0,0,0,1000,1000,0,1000,0,0,0,32000
2406,國碩            ,140000,109000,31000,0,0,0,0,0,0,1000,1000,0,1000,0,0,0,32000
07982P,全新群益9B售04  ,0,0,0,0,0,0,0,0,0,32000,0,0,0,112000,80000,32000,32000
07793P,同欣電元大9A售02,0,0,0,0,0,0,0,0,0,32000,0,0,0,42000,10000,32000,32000
07027P,台積電群益99售04,0,0,0,0,0,0,0,0,0,32000,0,0,0,42000,10000,32000,32000
064283,奇鋐元大9C購02  ,0,0,0,0,0,0,0,0,0,32000,0,0,0,50000,18000,32000,32000
063880,可成元富9C購01  ,0,0,0,0,0,0,0,0,0,32000,0,0,0,110000,78000,32000,32000
059673,玉山金元富99購01,0,0,0,0,0,0,0,0,0,32000,0,0,0,50000,18000,32000,32000
056127,致新國票98購02  ,0,0,0,0,0,0,0,0,0,32000,0,0,0,33000,1000,32000,32000
054891,聯鈞統一99購02  ,0,0,0,0,0,0,0,0,0,32000,0,0,0,32000,0,32000,32000
055652,聯詠元富01購01  ,0,0,0,0,0,0,0,0,0,32000,0,0,0,91000,59000,32000,32000
054147,GIS元大96購02   ,0,0,0,0,0,0,0,0,0,32000,0,0,0,32000,0,32000,32000
050890,南電富邦99購01  ,0,0,0,0,0,0,0,0,0,32000,0,0,0,86000,54000,32000,32000
058704,台積電元大99購17,0,0,0,0,0,0,0,0,0,32000,0,0,0,140000,108000,32000,32000
057467,祥碩永豐98購04  ,0,0,0,0,0,0,0,0,0,32000,0,0,0,32000,0,32000,32000
06161P,聯發科群益97售03,0,0,0,0,0,0,0,0,0,32000,0,0,0,32000,0,32000,32000
062231,台光電麥證9C購01,0,0,0,45000,13000,32000,0,0,0,32000,0,0,0,45000,13000,32000,32000
063500,嘉晶永豐9B購02  ,0,0,0,0,0,0,0,0,0,32000,0,0,0,50000,18000,32000,32000
062594,祥碩統一01購02  ,0,0,0,0,0,0,0,0,0,32000,0,0,0,191000,159000,32000,32000
062770,臺股指凱基9B購14,0,0,0,0,0,0,0,0,0,32000,0,0,0,35000,3000,32000,32000
062705,美食元大9B購01  ,0,0,0,0,0,0,0,0,0,32000,0,0,0,62000,30000,32000,32000
5007,三星            ,52000,20000,32000,0,0,0,0,0,0,0,0,0,0,0,0,0,32000
6184,大豐電          ,35000,3000,32000,0,0,0,0,0,0,0,0,0,0,0,0,0,32000
063795,上銀凱基9C購01  ,0,0,0,0,0,0,0,0,0,31000,0,0,0,31000,0,31000,31000
063922,大立光元富9C購04,0,0,0,0,0,0,0,0,0,31000,0,0,0,98000,67000,31000,31000
1432,大魯閣          ,33000,2000,31000,0,0,0,0,0,0,0,0,0,0,0,0,0,31000
2374,佳能            ,43000,12000,31000,0,0,0,0,0,0,0,0,0,0,0,0,0,31000
1528,恩德            ,42000,12000,30000,0,0,0,0,0,0,1000,1000,0,1000,0,0,0,31000
1618,合機            ,37000,6000,31000,0,0,0,0,0,0,0,0,0,0,0,0,0,31000
4438,廣越            ,41000,12000,29000,0,0,0,0,0,0,2000,2000,0,2000,0,0,0,31000
3055,蔚華科          ,31000,0,31000,0,0,0,0,0,0,0,0,0,0,0,0,0,31000
047004,台積電統一99購01,0,0,0,0,0,0,0,0,0,31000,0,0,0,49000,18000,31000,31000
053965,聯電元大98購04  ,0,0,0,0,0,0,0,0,0,31000,0,0,0,81000,50000,31000,31000
055741,健策元富97購01  ,0,0,0,0,0,0,0,0,0,31000,0,0,0,233000,202000,31000,31000
055106,台積電凱基98購05,0,0,0,0,0,0,0,0,0,31000,0,0,0,31000,0,31000,31000
056011,矽力中信99購01  ,0,0,0,0,0,0,0,0,0,31000,0,0,0,31000,0,31000,31000
059647,超眾凱基99購04  ,0,0,0,0,0,0,0,0,0,31000,0,0,0,64000,33000,31000,31000
058253,臺股指元大9A購17,0,0,0,0,0,0,0,0,0,31000,0,0,0,31000,0,31000,31000
060030,晶相光永豐99購03,0,0,0,0,0,0,0,0,0,31000,0,0,0,31000,0,31000,31000
058684,健策凱基99購02  ,0,0,0,0,0,0,0,0,0,31000,0,0,0,70000,39000,31000,31000
062577,泰鼎群益9B購01  ,0,0,0,0,0,0,0,0,0,31000,0,0,0,36000,5000,31000,31000
063610,儒鴻群益9B購02  ,0,0,0,0,0,0,0,0,0,31000,0,0,0,36000,5000,31000,31000
062506,巨大群益9C購01  ,0,0,0,0,0,0,0,0,0,31000,0,0,0,52000,21000,31000,31000
062048,義隆台新9B購01  ,0,0,0,0,0,0,0,0,0,31000,0,0,0,105000,74000,31000,31000
061985,富邦金元大9B購01,0,0,0,0,0,0,0,0,0,31000,0,0,0,146000,115000,31000,31000
061978,旺宏元大9C購01  ,0,0,0,0,0,0,0,0,0,31000,0,0,0,32000,1000,31000,31000
061555,聯電國票9B購01  ,0,0,0,0,0,0,0,0,0,31000,0,0,0,37000,6000,31000,31000
6281,全國電          ,47000,16000,31000,0,0,0,0,0,0,0,0,0,0,0,0,0,31000
1773,勝一            ,39000,9000,30000,0,0,0,0,0,0,0,0,0,0,0,0,0,30000
08361P,玉晶光永豐9C售04,0,0,0,0,0,0,0,0,0,30000,0,0,0,30000,0,30000,30000
08169P,台光電群益9B售04,0,0,0,0,0,0,0,0,0,30000,0,0,0,30000,0,30000,30000
08181P,華新科國泰9C售02,0,0,0,0,0,0,0,0,0,30000,0,0,0,30000,0,30000,30000
07817P,同欣電群益9A售02,0,0,0,0,0,0,0,0,0,30000,0,0,0,30000,0,30000,30000
07722P,玉晶光凱基9A售10,0,0,0,0,0,0,0,0,0,30000,0,0,0,30000,0,30000,30000
07965P,玉晶光群益01售02,0,0,0,0,0,0,0,0,0,30000,0,0,0,30000,0,30000,30000
07975P,國巨元大9B售15  ,0,0,0,0,0,0,0,0,0,30000,0,0,0,30000,0,30000,30000
07855P,旺宏凱基9A售09  ,0,0,0,0,0,0,0,0,0,30000,0,0,0,30000,0,30000,30000
08015P,可成凱基9B售05  ,0,0,0,0,0,0,0,0,0,30000,0,0,0,102000,72000,30000,30000
08056P,華通群益9B售06  ,0,0,0,0,0,0,0,0,0,30000,0,0,0,30000,0,30000,30000
063877,鴻海元富9C購01  ,0,0,0,0,0,0,0,0,0,30000,0,0,0,56000,26000,30000,30000
07230P,滬深2X群益01售02,0,0,0,0,0,0,0,0,0,30000,0,0,0,30000,0,30000,30000
07179P,臺股指凱基99售21,0,0,0,0,0,0,0,0,0,30000,0,0,0,30000,0,30000,30000
06636P,可成凱基98售08  ,0,0,0,0,0,0,0,0,0,30000,0,0,0,42000,12000,30000,30000
06564P,國巨富邦9A售04  ,0,0,0,0,0,0,0,0,0,30000,0,0,0,30000,0,30000,30000
06690P,玉晶光群益9A售05,0,0,0,0,0,0,0,0,0,30000,0,0,0,30000,0,30000,30000
059634,可成凱基99購07  ,0,0,0,0,0,0,0,0,0,30000,0,0,0,34000,4000,30000,30000
056874,友達凱基98購08  ,0,0,0,0,0,0,0,0,0,30000,0,0,0,30000,0,30000,30000
059363,超眾永豐99購02  ,0,0,0,0,0,0,0,0,0,30000,0,0,0,30000,0,30000,30000
056002,嘉晶永豐97購01  ,0,0,0,0,0,0,0,0,0,30000,0,0,0,110000,80000,30000,30000
056069,新日興元大97購03,0,0,0,0,0,0,0,0,0,30000,0,0,0,30000,0,30000,30000
056227,奇力新凱基98購04,0,0,0,0,0,0,0,0,0,30000,0,0,0,60000,30000,30000,30000
056776,聯茂元大99購01  ,0,0,0,0,0,0,0,0,0,30000,0,0,0,30000,0,30000,30000
056357,台積電元大9A購01,0,0,0,0,0,0,0,0,0,30000,0,0,0,90000,60000,30000,30000
055128,致新兆豐97購01  ,0,0,0,0,0,0,0,0,0,30000,0,0,0,40000,10000,30000,30000
055205,京鼎中信99購01  ,0,0,0,0,0,0,0,0,0,30000,0,0,0,40000,10000,30000,30000
055387,世紀鋼元大97購01,0,0,0,0,0,0,0,0,0,30000,0,0,0,30000,0,30000,30000
054868,國泰金群益9A購01,0,0,0,0,0,0,0,0,0,30000,0,0,0,30000,0,30000,30000
055606,矽創元大97購01  ,0,0,0,0,0,0,0,0,0,30000,0,0,0,30000,0,30000,30000
056524,欣興中信98購02  ,0,0,0,0,0,0,0,0,0,30000,0,0,0,30000,0,30000,30000
055731,美律元富97購01  ,0,0,0,0,0,0,0,0,0,30000,0,0,0,30000,0,30000,30000
055557,華新科凱基97購01,0,0,0,0,0,0,0,0,0,30000,0,0,0,30000,0,30000,30000
055551,致茂凱基98購01  ,0,0,0,0,0,0,0,0,0,30000,0,0,0,30000,0,30000,30000
052505,友達日盛9B購02  ,0,0,0,0,0,0,0,0,0,30000,0,0,0,30000,0,30000,30000
052703,貿聯國票97購01  ,0,0,0,0,0,0,0,0,0,30000,0,0,0,68000,38000,30000,30000
054547,鴻海凱基98購02  ,0,0,0,0,0,0,0,0,0,30000,0,0,0,34000,4000,30000,30000
053749,揚明光永豐97購01,0,0,0,0,0,0,0,0,0,30000,0,0,0,30000,0,30000,30000
05440P,緯穎國票96售02  ,0,0,0,0,0,0,0,0,0,30000,0,0,0,30000,0,30000,30000
053596,嘉澤元大96購01  ,0,0,0,0,0,0,0,0,0,30000,0,0,0,30000,0,30000,30000
03678C,臺股指凱基01牛02,0,0,0,0,0,0,0,0,0,30000,0,0,0,136000,106000,30000,30000
051486,玉晶光凱基97購03,0,0,0,0,0,0,0,0,0,30000,0,0,0,178000,148000,30000,30000
0052,富邦科技        ,0,0,0,0,0,0,51000,0,51000,-21000,0,0,0,128000,149000,-21000,30000
054351,華新科國泰97購03,0,0,0,0,0,0,0,0,0,30000,0,0,0,30000,0,30000,30000
054385,矽創群益98購01  ,0,0,0,0,0,0,0,0,0,30000,0,0,0,30000,0,30000,30000
053122,美律凱基98購01  ,0,0,0,0,0,0,0,0,0,30000,0,0,0,30000,0,30000,30000
053107,旺宏兆豐97購01  ,0,0,0,0,0,0,0,0,0,30000,0,0,0,30000,0,30000,30000
058745,元金2X凱基9C購02,0,0,0,0,0,0,0,0,0,30000,0,0,0,30000,0,30000,30000
058820,致茂國泰9B購01  ,0,0,0,0,0,0,0,0,0,30000,0,0,0,79000,49000,30000,30000
058904,晶技元大99購05  ,0,0,0,0,0,0,0,0,0,30000,0,0,0,30000,0,30000,30000
058396,力山元大99購01  ,0,0,0,0,0,0,0,0,0,30000,0,0,0,30000,0,30000,30000
057938,台表科群益98購02,0,0,0,0,0,0,0,0,0,30000,0,0,0,30000,0,30000,30000
058018,南亞科凱基99購03,0,0,0,0,0,0,0,0,0,30000,0,0,0,30000,0,30000,30000
060645,台表科永豐9A購02,0,0,0,0,0,0,0,0,0,30000,0,0,0,30000,0,30000,30000
057679,臺股指元大98購09,0,0,0,0,0,0,0,0,0,30000,0,0,0,84000,54000,30000,30000
057586,台積電國票99購06,0,0,0,0,0,0,0,0,0,30000,0,0,0,30000,0,30000,30000
060670,臺指反元大01購03,0,0,0,0,0,0,0,0,0,30000,0,0,0,30000,0,30000,30000
060712,建準永豐9A購01  ,0,0,0,0,0,0,0,0,0,30000,0,0,0,30000,0,30000,30000
060900,超眾凱基9B購01  ,0,0,0,0,0,0,0,0,0,30000,0,0,0,30000,0,30000,30000
060986,聯發科元大9A購07,0,0,0,0,0,0,0,0,0,30000,0,0,0,30000,0,30000,30000
060059,鴻海兆豐99購06  ,0,0,0,0,0,0,0,0,0,30000,0,0,0,30000,0,30000,30000
060187,華新科元富9A購02,0,0,0,0,0,0,0,0,0,30000,0,0,0,30000,0,30000,30000
057440,台積電統一98購10,0,0,0,0,0,0,0,0,0,30000,0,0,0,30000,0,30000,30000
060309,佳世達永豐9A購01,0,0,0,0,0,0,0,0,0,30000,0,0,0,38000,8000,30000,30000
057407,超眾群益99購01  ,0,0,0,0,0,0,0,0,0,30000,0,0,0,30000,0,30000,30000
058939,台積電中信9B購01,0,0,0,0,0,0,0,0,0,30000,0,0,0,50000,20000,30000,30000
058151,台積電統一9A購04,0,0,0,0,0,0,0,0,0,30000,0,0,0,30000,0,30000,30000
057357,超眾統一98購01  ,0,0,0,0,0,0,0,0,0,30000,0,0,0,73000,43000,30000,30000
059762,禾伸堂永豐99購02,0,0,0,0,0,0,0,0,0,30000,0,0,0,54000,24000,30000,30000
059829,超眾凱基99購05  ,0,0,0,0,0,0,0,0,0,30000,0,0,0,30000,0,30000,30000
059991,超眾元大9A購02  ,0,0,0,0,0,0,0,0,0,30000,0,0,0,30000,0,30000,30000
060002,T50反1群益9A購01,0,0,0,0,0,0,0,0,0,30000,0,0,0,35000,5000,30000,30000
061762,台塑元大9B購01  ,0,0,0,0,0,0,0,0,0,30000,0,0,0,35000,5000,30000,30000
061406,華通國票9A購06  ,0,0,0,0,0,0,0,0,0,30000,0,0,0,30000,0,30000,30000
061389,華新科群益9B購01,0,0,0,0,0,0,0,0,0,30000,0,0,0,32000,2000,30000,30000
061880,台郡元大9B購02  ,0,0,0,0,0,0,0,0,0,30000,0,0,0,52000,22000,30000,30000
062074,旺宏元大9B購04  ,0,0,0,0,0,0,0,0,0,30000,0,0,0,30000,0,30000,30000
062443,大立光元大9B購05,0,0,0,0,0,0,0,0,0,30000,0,0,0,30000,0,30000,30000
063719,T50反1元大9B購11,0,0,0,0,0,0,0,0,0,30000,0,0,0,70000,40000,30000,30000
063756,鴻海統一9B購09  ,0,0,0,0,0,0,0,0,0,30000,0,0,0,52000,22000,30000,30000
062739,嘉晶國票9B購02  ,0,0,0,0,0,0,0,0,0,30000,0,0,0,31000,1000,30000,30000
062763,華擎凱基9C購02  ,0,0,0,0,0,0,0,0,0,30000,0,0,0,32000,2000,30000,30000
063163,京元電永豐9B購01,0,0,0,0,0,0,0,0,0,30000,0,0,0,30000,0,30000,30000
063852,瀚宇博元大9C購01,0,0,0,0,0,0,0,0,0,29000,0,0,0,119000,90000,29000,29000
07951P,智邦元大9B售05  ,0,0,0,0,0,0,0,0,0,29000,0,0,0,79000,50000,29000,29000
1446,宏和            ,31000,2000,29000,0,0,0,0,0,0,0,0,0,0,0,0,0,29000
1737,臺鹽            ,25000,1000,24000,0,0,0,0,0,0,5000,7000,2000,5000,0,0,0,29000
3591,艾笛森          ,32000,3000,29000,0,0,0,0,0,0,0,0,0,0,0,0,0,29000
3015,全漢            ,92000,66000,26000,0,0,0,0,0,0,3000,3000,0,3000,0,0,0,29000
2704,國賓            ,84000,55000,29000,0,0,0,0,0,0,0,0,0,0,0,0,0,29000
042752,台灣50元大96購03,0,0,0,0,0,0,0,0,0,29000,0,0,0,39000,10000,29000,29000
053587,京元電元大98購01,0,0,0,0,0,0,0,0,0,29000,0,0,0,29000,0,29000,29000
053988,友達亞東96購01  ,0,0,0,0,0,0,0,0,0,29000,0,0,0,29000,0,29000,29000
059468,智邦元大99購02  ,0,0,0,0,0,0,0,0,0,29000,0,0,0,51000,22000,29000,29000
060550,可成凱基9A購02  ,0,0,0,0,0,0,0,0,0,29000,0,0,0,31000,2000,29000,29000
057742,喬山永豐98購02  ,0,0,0,0,0,0,0,0,0,29000,0,0,0,31000,2000,29000,29000
060167,禾聯碩永豐9A購01,0,0,0,0,0,0,0,0,0,29000,0,0,0,29000,0,29000,29000
060202,康友元富9A購01  ,0,0,0,0,0,0,0,0,0,29000,0,0,0,29000,0,29000,29000
060246,晶相光元大9C購03,0,0,0,0,0,0,0,0,0,29000,0,0,0,79000,50000,29000,29000
060583,南亞科元富9A購05,0,0,0,0,0,0,0,0,0,29000,0,0,0,336000,307000,29000,29000
062524,鴻海統一9C購09  ,0,0,0,0,0,0,0,0,0,29000,0,0,0,35000,6000,29000,29000
062437,廣達元大9B購01  ,0,0,0,0,0,0,0,0,0,29000,0,0,0,57000,28000,29000,29000
062474,台表科凱基9C購01,0,0,0,0,0,0,0,0,0,29000,0,0,0,40000,11000,29000,29000
062374,茂林元大9B購03  ,0,0,0,0,0,0,0,0,0,29000,0,0,0,29000,0,29000,29000
061254,道瓊反凱基9A購02,0,0,0,0,0,0,0,0,0,29000,0,0,0,29000,0,29000,29000
061790,中租群益9B購01  ,0,0,0,0,0,0,0,0,0,29000,0,0,0,70000,41000,29000,29000
061603,瑞昱凱基9A購02  ,0,0,0,0,0,0,0,0,0,29000,0,0,0,34000,5000,29000,29000
3296,勝德            ,27000,0,27000,0,0,0,0,0,0,1000,1000,0,1000,0,0,0,28000
2430,燦坤            ,38000,10000,28000,0,0,0,0,0,0,0,0,0,0,0,0,0,28000
1419,新紡            ,28000,0,28000,0,0,0,0,0,0,0,0,0,0,0,0,0,28000
063882,玉晶光元富9C購01,0,0,0,0,0,0,0,0,0,28000,0,0,0,218000,190000,28000,28000
06418P,T50反1統一9A售02,0,0,0,0,0,0,0,0,0,28000,0,0,0,28000,0,28000,28000
06535P,可成群益99售02  ,0,0,0,0,0,0,0,0,0,28000,0,0,0,28000,0,28000,28000
07270P,台灣50元大01售09,0,0,0,0,0,0,0,0,0,28000,0,0,0,28000,0,28000,28000
054514,道瓊銀元大98購01,0,0,0,0,0,0,0,0,0,28000,0,0,0,28000,0,28000,28000
054400,健策永豐96購02  ,0,0,0,0,0,0,0,0,0,28000,0,0,0,28000,0,28000,28000
050077,臺股指凱基99購02,0,0,0,0,0,0,0,0,0,28000,0,0,0,28000,0,28000,28000
060640,京鼎永豐9A購01  ,0,0,0,0,0,0,0,0,0,28000,0,0,0,243000,215000,28000,28000
057983,緯穎永豐98購03  ,0,0,0,0,0,0,0,0,0,28000,0,0,0,74000,46000,28000,28000
057909,台光電兆豐98購01,0,0,0,0,0,0,0,0,0,28000,0,0,0,30000,2000,28000,28000
058390,樺漢國票9A購01  ,0,0,0,0,0,0,0,0,0,28000,0,0,0,34000,6000,28000,28000
058080,台積電群益98購06,0,0,0,0,0,0,0,0,0,28000,0,0,0,39000,11000,28000,28000
060051,台積電凱基9B購01,0,0,0,0,0,0,0,0,0,28000,0,0,0,42000,14000,28000,28000
061195,健策永豐9B購02  ,0,0,0,0,0,0,0,0,0,28000,0,0,0,70000,42000,28000,28000
062281,奇鋐群益9B購01  ,0,0,0,0,0,0,0,0,0,28000,0,0,0,100000,72000,28000,28000
062283,玉晶光群益01購01,0,0,0,0,0,0,0,0,0,28000,0,0,0,40000,12000,28000,28000
063501,旭富永豐9B購02  ,0,0,0,0,0,0,0,0,0,28000,0,0,0,28000,0,28000,28000
063204,高鐵統一9C購01  ,0,0,0,0,0,0,0,0,0,28000,0,0,0,52000,24000,28000,28000
063269,儒鴻兆豐9C購01  ,0,0,0,0,0,0,0,0,0,28000,0,0,0,28000,0,28000,28000
8110,華東            ,191000,173000,18000,0,0,0,0,0,0,10000,10000,0,10000,0,0,0,28000
2328,廣宇            ,238000,210052,27948,0,0,0,0,0,0,0,0,0,0,0,0,0,27948
3008,大立光          ,213366,203677,9689,0,0,0,30000,0,30000,-12000,14000,26000,-12000,2000,2000,0,27689
07574P,國巨元大9A售12  ,0,0,0,0,0,0,0,0,0,27000,0,0,0,35000,8000,27000,27000
07247P,聯發科凱基9A售06,0,0,0,0,0,0,0,0,0,27000,0,0,0,327000,300000,27000,27000
064101,可成群益01購01  ,0,0,0,0,0,0,0,0,0,27000,0,0,0,31000,4000,27000,27000
054061,晶技國票97購03  ,0,0,0,0,0,0,0,0,0,27000,0,0,0,27000,0,27000,27000
053316,友達群益9A購01  ,0,0,0,0,0,0,0,0,0,27000,0,0,0,82000,55000,27000,27000
060032,利勤永豐99購01  ,0,0,0,0,0,0,0,0,0,27000,0,0,0,27000,0,27000,27000
057450,國泰金元富98購01,0,0,0,0,0,0,0,0,0,27000,0,0,0,197000,170000,27000,27000
059006,樺漢元大99購01  ,0,0,0,0,0,0,0,0,0,27000,0,0,0,37000,10000,27000,27000
059784,台光電元大9A購01,0,0,0,0,0,0,0,0,0,27000,0,0,0,80000,53000,27000,27000
059956,玉山金康和99購01,0,0,0,0,0,0,0,0,0,27000,0,0,0,73000,46000,27000,27000
057962,超眾元大99購03  ,0,0,0,0,0,0,0,0,0,27000,0,0,0,33000,6000,27000,27000
058791,鴻海元大99購17  ,0,0,0,0,0,0,0,0,0,27000,0,0,0,27000,0,27000,27000
063248,創意元大9C購01  ,0,0,0,0,0,0,0,0,0,27000,0,0,0,36000,9000,27000,27000
063363,鴻海富邦9B購02  ,0,0,0,0,0,0,0,0,0,27000,0,0,0,27000,0,27000,27000
063526,台光電凱基9B購04,0,0,0,0,0,0,0,0,0,27000,0,0,0,65000,38000,27000,27000
062927,同欣電國票9B購02,0,0,0,0,0,0,0,0,0,27000,0,0,0,59000,32000,27000,27000
061512,國巨永豐9A購04  ,0,0,0,0,0,0,0,0,0,27000,0,0,0,27000,0,27000,27000
6136,富爾特          ,27000,0,27000,0,0,0,0,0,0,0,0,0,0,0,0,0,27000
064228,同欣電國票01購01,5000,0,5000,0,0,0,0,0,0,21000,0,0,0,135000,114000,21000,26000
064313,嘉晶群益9C購02  ,0,0,0,0,0,0,0,0,0,26000,0,0,0,106000,80000,26000,26000
07149P,健鼎元大99售03  ,0,0,0,0,0,0,0,0,0,26000,0,0,0,50000,24000,26000,26000
06645P,上銀元大98售05  ,0,0,0,0,0,0,0,0,0,26000,0,0,0,43000,17000,26000,26000
2059,川湖            ,98000,51000,47000,0,0,0,0,20000,-20000,-1000,0,1000,-1000,0,0,0,26000
1232,大統益          ,33000,7000,26000,0,0,0,0,0,0,0,0,0,0,0,0,0,26000
052791,友達兆豐97購01  ,0,0,0,0,0,0,0,0,0,26000,0,0,0,36000,10000,26000,26000
053784,奇力新元大97購02,0,0,0,0,0,0,0,0,0,26000,0,0,0,46000,20000,26000,26000
054370,台積電中信9A購01,0,0,0,0,0,0,0,0,0,26000,0,0,0,37000,11000,26000,26000
00753L,中信中國50正2   ,0,0,0,0,0,0,0,0,0,26000,0,0,0,361000,335000,26000,26000
059295,大立光元富99購05,0,0,0,0,0,0,0,0,0,26000,0,0,0,26000,0,26000,26000
055618,麗豐國票98購01  ,0,0,0,0,0,0,0,0,0,26000,0,0,0,76000,50000,26000,26000
055796,南電國泰98購01  ,0,0,0,0,0,0,0,0,0,26000,0,0,0,77000,51000,26000,26000
059173,矽力凱基99購01  ,0,0,0,0,0,0,0,0,0,26000,0,0,0,26000,0,26000,26000
058671,旺宏群益9A購01  ,0,0,0,0,0,0,0,0,0,26000,0,0,0,36000,10000,26000,26000
058623,國巨國票99購08  ,0,0,0,0,0,0,0,0,0,26000,0,0,0,92000,66000,26000,26000
057058,祥碩元大98購04  ,0,0,0,0,0,0,0,0,0,26000,0,0,0,26000,0,26000,26000
057296,智原永豐98購01  ,0,0,0,0,0,0,0,0,0,26000,0,0,0,26000,0,26000,26000
057537,聯茂元大98購04  ,0,0,0,0,0,0,0,0,0,26000,0,0,0,50000,24000,26000,26000
058978,SGBR2X凱基9A購03,0,0,0,0,0,0,0,0,0,26000,0,0,0,26000,0,26000,26000
060341,國巨統一9C購02  ,0,0,0,0,0,0,0,0,0,26000,0,0,0,27000,1000,26000,26000
057421,智原凱基98購04  ,0,0,0,0,0,0,0,0,0,26000,0,0,0,26000,0,26000,26000
061717,力成凱基9B購01  ,0,0,0,0,0,0,0,0,0,26000,0,0,0,36000,10000,26000,26000
061213,群創元大9A購05  ,0,0,0,0,0,0,0,0,0,26000,0,0,0,30000,4000,26000,26000
061270,彩晶凱基9A購02  ,0,0,0,0,0,0,0,0,0,26000,0,0,0,110000,84000,26000,26000
063139,聯發科統一9B購07,0,0,0,0,0,0,0,0,0,26000,0,0,0,26000,0,26000,26000
063625,儒鴻元大9B購03  ,0,0,0,0,0,0,0,0,0,26000,0,0,0,51000,25000,26000,26000
06371P,茂林國票98售04  ,0,0,0,0,0,0,0,0,0,26000,0,0,0,56000,30000,26000,26000
063300,華通凱基9B購05  ,0,0,0,0,0,0,0,0,0,26000,0,0,0,26000,0,26000,26000
1457,宜進            ,59000,43041,15959,0,0,0,0,0,0,10000,10000,0,10000,0,0,0,25959
00646,元大S&P500      ,102,3000,-2898,0,0,0,0,0,0,28000,0,0,0,143000,115000,28000,25102
1436,華友聯          ,26000,1000,25000,0,0,0,0,0,0,0,0,0,0,0,0,0,25000
1321,大洋            ,38000,13000,25000,0,0,0,0,0,0,0,0,0,0,0,0,0,25000
08066P,南亞科凱基9B售04,0,0,0,0,0,0,0,0,0,25000,0,0,0,25000,0,25000,25000
3047,訊舟            ,184000,159000,25000,0,0,0,0,0,0,0,0,0,0,0,0,0,25000
06474P,鴻海富邦98售03  ,0,0,0,0,0,0,0,0,0,25000,0,0,0,25000,0,25000,25000
064087,華新科凱基9C購03,0,0,0,0,0,0,0,0,0,25000,0,0,0,32000,7000,25000,25000
054298,台表科元大97購03,0,0,0,0,0,0,0,0,0,25000,0,0,0,25000,0,25000,25000
049024,玉晶光群益97購01,0,0,0,0,0,0,0,0,0,25000,0,0,0,30000,5000,25000,25000
053561,玉晶光國泰98購01,0,0,0,0,0,0,0,0,0,25000,0,0,0,25000,0,25000,25000
054564,玉晶光群益99購01,0,0,0,0,0,0,0,0,0,25000,0,0,0,25000,0,25000,25000
055673,旺宏日盛97購01  ,0,0,0,0,0,0,0,0,0,25000,0,0,0,25000,0,25000,25000
055821,勤誠國票98購01  ,0,0,0,0,0,0,0,0,0,25000,0,0,0,64000,39000,25000,25000
055222,臺股指凱基97購05,0,0,0,0,0,0,0,0,0,25000,0,0,0,25000,0,25000,25000
055085,大毅國票97購01  ,0,0,0,0,0,0,0,0,0,25000,0,0,0,25000,0,25000,25000
056390,台積電富邦9B購01,0,0,0,0,0,0,0,0,0,25000,0,0,0,25000,0,25000,25000
05639P,欣興統一97售01  ,0,0,0,0,0,0,0,0,0,25000,0,0,0,30000,5000,25000,25000
059014,SGBR2X元富03購01,0,0,0,0,0,0,0,0,0,25000,0,0,0,25000,0,25000,25000
060186,義隆元富9A購01  ,0,0,0,0,0,0,0,0,0,25000,0,0,0,25000,0,25000,25000
060130,瀚宇博永豐99購02,0,0,0,0,0,0,0,0,0,25000,0,0,0,75000,50000,25000,25000
058147,鈺齊元大99購01  ,0,0,0,0,0,0,0,0,0,25000,0,0,0,130000,105000,25000,25000
058124,玉晶光國票9A購01,0,0,0,0,0,0,0,0,0,25000,0,0,0,76000,51000,25000,25000
057514,華新科元富99購03,0,0,0,0,0,0,0,0,0,25000,0,0,0,25000,0,25000,25000
057763,康控凱基99購02  ,0,0,0,0,0,0,0,0,0,25000,0,0,0,25000,0,25000,25000
05865P,大立光元大96售09,0,0,0,0,0,0,0,0,0,25000,0,0,0,25000,0,25000,25000
058833,台表科永豐99購01,0,0,0,0,0,0,0,0,0,25000,0,0,0,25000,0,25000,25000
058834,GIS永豐99購01   ,0,0,0,0,0,0,0,0,0,25000,0,0,0,25000,0,25000,25000
058865,群創凱基01購01  ,0,0,0,0,0,0,0,0,0,25000,0,0,0,83000,58000,25000,25000
058427,大毅元富99購01  ,0,0,0,0,0,0,0,0,0,25000,0,0,0,35000,10000,25000,25000
059123,訊芯永豐99購03  ,0,0,0,0,0,0,0,0,0,25000,0,0,0,32000,7000,25000,25000
060566,聯詠富邦9C購01  ,0,0,0,0,0,0,0,0,0,25000,0,0,0,55000,30000,25000,25000
057630,茂林永豐98購01  ,0,0,0,0,0,0,0,0,0,25000,0,0,0,25000,0,25000,25000
060871,台灣50中信01購03,0,0,0,0,0,0,0,0,0,25000,0,0,0,25000,0,25000,25000
063141,聯發科統一9C購10,0,0,0,0,0,0,0,0,0,25000,0,0,0,76000,51000,25000,25000
063164,聯發科永豐9B購03,0,0,0,0,0,0,0,0,0,25000,0,0,0,25000,0,25000,25000
063111,TPK兆豐9B購01   ,0,0,0,0,0,0,0,0,0,25000,0,0,0,25000,0,25000,25000
062973,聯發科元富05購01,0,0,0,0,0,0,0,0,0,25000,0,0,0,25000,0,25000,25000
062752,世芯中信9B購01  ,0,0,0,0,0,0,0,0,0,25000,0,0,0,36000,11000,25000,25000
061319,聯發科凱基9A購16,0,0,0,0,0,0,0,0,0,25000,0,0,0,45000,20000,25000,25000
061344,禾伸堂元大9A購02,0,0,0,0,0,0,0,0,0,25000,0,0,0,47000,22000,25000,25000
061137,晶技統一9B購01  ,0,0,0,0,0,0,0,0,0,25000,0,0,0,25000,0,25000,25000
061571,奇力新元大9A購03,0,0,0,0,0,0,0,0,0,25000,0,0,0,25000,0,25000,25000
062276,瑞昱群益9B購01  ,0,0,0,0,0,0,0,0,0,25000,0,0,0,25000,0,25000,25000
062375,祥碩元大9B購03  ,0,0,0,0,0,0,0,0,0,25000,0,0,0,53000,28000,25000,25000
063796,鴻海凱基9C購02  ,0,0,0,0,0,0,0,0,0,24000,0,0,0,28000,4000,24000,24000
07560P,台積電國泰9B售01,0,0,0,0,0,0,0,0,0,24000,0,0,0,39000,15000,24000,24000
2012,春雨            ,24000,0,24000,0,0,0,0,0,0,0,0,0,0,0,0,0,24000
1535,中宇            ,24000,0,24000,0,0,0,0,0,0,0,0,0,0,0,0,0,24000
2497,怡利電          ,26000,2000,24000,0,0,0,0,0,0,0,0,0,0,0,0,0,24000
08334P,智邦永豐9C售01  ,0,0,0,0,0,0,0,0,0,24000,0,0,0,24000,0,24000,24000
056355,台積電元大98購08,0,0,0,0,0,0,0,0,0,24000,0,0,0,33000,9000,24000,24000
056045,勤誠凱基97購01  ,0,0,0,0,0,0,0,0,0,24000,0,0,0,30000,6000,24000,24000
055931,冠德群益97購02  ,0,0,0,0,0,0,0,0,0,24000,0,0,0,94000,70000,24000,24000
055588,瑞昱元大97購03  ,0,0,0,0,0,0,0,0,0,24000,0,0,0,24000,0,24000,24000
053875,GIS元大97購01   ,0,0,0,0,0,0,0,0,0,24000,0,0,0,24000,0,24000,24000
052654,友達統一97購01  ,0,0,0,0,0,0,0,0,0,24000,0,0,0,334000,310000,24000,24000
052655,群創統一97購01  ,0,0,0,0,0,0,0,0,0,24000,0,0,0,24000,0,24000,24000
053249,致伸國票97購02  ,0,0,0,0,0,0,0,0,0,24000,0,0,0,81000,57000,24000,24000
053901,T50反1凱基99購03,0,0,0,0,0,0,0,0,0,24000,0,0,0,89000,65000,24000,24000
054188,欣興永豐96購03  ,0,0,0,0,0,0,0,0,0,24000,0,0,0,46000,22000,24000,24000
060697,鴻海國泰9C購01  ,0,0,0,0,0,0,0,0,0,24000,0,0,0,24000,0,24000,24000
059203,勤誠永豐99購02  ,0,0,0,0,0,0,0,0,0,24000,0,0,0,41000,17000,24000,24000
057866,玉山金凱基98購01,0,0,0,0,0,0,0,0,0,24000,0,0,0,24000,0,24000,24000
058309,大毅元大99購02  ,0,0,0,0,0,0,0,0,0,24000,0,0,0,26000,2000,24000,24000
057260,微星兆豐98購01  ,0,0,0,0,0,0,0,0,0,24000,0,0,0,54000,30000,24000,24000
059954,華新科康和99購01,0,0,0,0,0,0,0,0,0,24000,0,0,0,47000,23000,24000,24000
059945,嘉澤永豐99購03  ,0,0,0,0,0,0,0,0,0,24000,0,0,0,30000,6000,24000,24000
057307,瀚宇博兆豐99購01,0,0,0,0,0,0,0,0,0,24000,0,0,0,126000,102000,24000,24000
058182,日電貿國泰9A購01,0,0,0,0,0,0,0,0,0,24000,0,0,0,82000,58000,24000,24000
058239,景碩元大99購03  ,0,0,0,0,0,0,0,0,0,24000,0,0,0,100000,76000,24000,24000
062583,鴻海統一9C購12  ,0,0,0,0,0,0,0,0,0,24000,0,0,0,30000,6000,24000,24000
063084,可成凱基9C購01  ,0,0,0,0,0,0,0,0,0,24000,0,0,0,29000,5000,24000,24000
063384,巨大永豐9B購04  ,0,0,0,0,0,0,0,0,0,24000,0,0,0,30000,6000,24000,24000
5521,工信            ,364000,364000,0,0,0,0,0,0,0,24000,24000,0,24000,0,0,0,24000
8473,山林水          ,28000,4000,24000,0,0,0,0,0,0,0,0,0,0,0,0,0,24000
8374,羅昇            ,25000,3000,22000,0,0,0,0,0,0,2000,2000,0,2000,0,0,0,24000
1225,福懋油          ,33000,10000,23000,0,0,0,0,0,0,0,0,0,0,0,0,0,23000
07675P,全新永豐9A售02  ,0,0,0,0,0,0,0,0,0,23000,0,0,0,26000,3000,23000,23000
1524,耿鼎            ,28000,5000,23000,0,0,0,0,0,0,0,0,0,0,0,0,0,23000
1626,艾美特-KY       ,30000,6000,24000,0,0,0,0,0,0,-1000,0,1000,-1000,0,0,0,23000
3535,晶彩科          ,85000,65000,20000,0,0,0,0,0,0,3000,4000,1000,3000,0,0,0,23000
06448P,華通元大99售01  ,0,0,0,0,0,0,0,0,0,23000,0,0,0,36000,13000,23000,23000
06592P,欣興元大98售04  ,0,0,0,0,0,0,0,0,0,23000,0,0,0,85000,62000,23000,23000
064106,國巨兆豐9C購04  ,0,0,0,0,0,0,0,0,0,23000,0,0,0,63000,40000,23000,23000
054169,上緯控凱基98購01,0,0,0,0,0,0,0,0,0,23000,0,0,0,108000,85000,23000,23000
00661,元大日經225     ,0,0,0,0,0,0,0,0,0,23000,0,0,0,101000,78000,23000,23000
051466,玉晶光富邦97購01,0,0,0,0,0,0,0,0,0,23000,0,0,0,23000,0,23000,23000
035275,台積電台新97購01,0,0,0,0,0,0,0,0,0,23000,0,0,0,24000,1000,23000,23000
055730,建準元富97購02  ,0,0,0,0,0,0,0,0,0,23000,0,0,0,50000,27000,23000,23000
055791,臺股指凱基97購14,0,0,0,0,0,0,0,0,0,23000,0,0,0,23000,0,23000,23000
056103,聯發科永豐97購03,0,0,0,0,0,0,0,0,0,23000,0,0,0,45000,22000,23000,23000
058957,貿聯國票9A購01  ,0,0,0,0,0,0,0,0,0,23000,0,0,0,23000,0,23000,23000
059949,啟碁永豐99購01  ,0,0,0,0,0,0,0,0,0,23000,0,0,0,165000,142000,23000,23000
060265,宏達電國票9A購02,0,0,0,0,0,0,0,0,0,23000,0,0,0,23000,0,23000,23000
05712P,友達統一97售03  ,0,0,0,0,0,0,0,0,0,23000,0,0,0,73000,50000,23000,23000
058289,奇鋐國票9A購01  ,0,0,0,0,0,0,0,0,0,23000,0,0,0,23000,0,23000,23000
057773,技嘉群益9A購02  ,0,0,0,0,0,0,0,0,0,23000,0,0,0,34000,11000,23000,23000
058923,華新科元富99購06,0,0,0,0,0,0,0,0,0,23000,0,0,0,40000,17000,23000,23000
060965,中租凱基9B購01  ,0,0,0,0,0,0,0,0,0,23000,0,0,0,105000,82000,23000,23000
061027,儒鴻永豐9A購02  ,0,0,0,0,0,0,0,0,0,23000,0,0,0,23000,0,23000,23000
063443,金像電統一01購02,0,0,0,0,0,0,0,0,0,23000,0,0,0,23000,0,23000,23000
063417,金像電凱基9B購03,0,0,0,0,0,0,0,0,0,23000,0,0,0,53000,30000,23000,23000
063105,健策群益9C購01  ,0,0,0,0,0,0,0,0,0,23000,0,0,0,118000,95000,23000,23000
062780,旺宏元大01購01  ,0,0,0,0,0,0,0,0,0,23000,0,0,0,74000,51000,23000,23000
061279,鴻海統一9C購04  ,0,0,0,0,0,0,0,0,0,23000,0,0,0,23000,0,23000,23000
061263,微星凱基9A購01  ,0,0,0,0,0,0,0,0,0,23000,0,0,0,23000,0,23000,23000
8463,潤泰材          ,50000,27000,23000,0,0,0,0,0,0,0,0,0,0,0,0,0,23000
064273,華邦電元大9C購02,0,0,0,0,0,0,0,0,0,22000,0,0,0,111000,89000,22000,22000
064060,同欣電麥證01購01,0,0,0,27000,5000,22000,0,0,0,22000,0,0,0,27000,5000,22000,22000
07808P,超眾永豐9A售04  ,0,0,0,0,0,0,0,0,0,22000,0,0,0,22000,0,22000,22000
1313,聯成            ,323000,303000,20000,0,0,0,0,0,0,2000,2000,0,2000,0,0,0,22000
08121P,聯發科國票9B售05,0,0,0,0,0,0,0,0,0,22000,0,0,0,22000,0,22000,22000
056866,矽創群益98購03  ,0,0,0,0,0,0,0,0,0,22000,0,0,0,22000,0,22000,22000
00634R,富邦上証反1     ,81000,9000,72000,0,0,0,0,0,0,-50000,0,0,0,156000,206000,-50000,22000
057022,智邦凱基98購04  ,0,0,0,0,0,0,0,0,0,22000,0,0,0,25000,3000,22000,22000
05887P,友達元富99售03  ,0,0,0,0,0,0,0,0,0,22000,0,0,0,100000,78000,22000,22000
058854,樺漢群益9B購01  ,0,0,0,0,0,0,0,0,0,22000,0,0,0,22000,0,22000,22000
058692,華邦電國票9B購01,0,0,0,0,0,0,0,0,0,22000,0,0,0,124000,102000,22000,22000
057720,日電貿元富98購01,0,0,0,0,0,0,0,0,0,22000,0,0,0,170000,148000,22000,22000
057736,鴻海富邦99購04  ,0,0,0,0,0,0,0,0,0,22000,0,0,0,22000,0,22000,22000
057095,祥碩元富98購02  ,0,0,0,0,0,0,0,0,0,22000,0,0,0,50000,28000,22000,22000
060402,神隆國泰9B購01  ,0,0,0,0,0,0,0,0,0,22000,0,0,0,30000,8000,22000,22000
060010,義隆群益99購02  ,0,0,0,0,0,0,0,0,0,22000,0,0,0,35000,13000,22000,22000
058961,台灣50兆豐9C購01,0,0,0,0,0,0,0,0,0,22000,0,0,0,22000,0,22000,22000
060289,京元電元大9A購01,20000,0,20000,0,0,0,0,0,0,2000,0,0,0,22000,20000,2000,22000
057368,微星元大98購02  ,0,0,0,0,0,0,0,0,0,22000,0,0,0,22000,0,22000,22000
057437,可成國票99購01  ,0,0,0,0,0,0,0,0,0,22000,0,0,0,53000,31000,22000,22000
060216,鴻海凱基9A購17  ,0,0,0,0,0,0,0,0,0,22000,0,0,0,22000,0,22000,22000
060218,台積電凱基9A購15,0,0,0,0,0,0,0,0,0,22000,0,0,0,22000,0,22000,22000
060115,南電元大99購06  ,0,0,0,0,0,0,0,0,0,22000,0,0,0,81000,59000,22000,22000
061296,台積電國泰9C購01,0,0,0,0,0,0,0,0,0,22000,0,0,0,90000,68000,22000,22000
061126,京元電永豐9A購02,0,0,0,0,0,0,0,0,0,22000,0,0,0,25000,3000,22000,22000
061466,創意群益9A購01  ,0,0,0,0,0,0,0,0,0,22000,0,0,0,32000,10000,22000,22000
062364,瑞昱元大9B購04  ,0,0,0,0,0,0,0,0,0,22000,0,0,0,22000,0,22000,22000
062422,億光統一01購01  ,0,0,0,0,0,0,0,0,0,22000,0,0,0,22000,0,22000,22000
061836,華新科凱基05購01,0,0,0,0,0,0,0,0,0,22000,0,0,0,22000,0,22000,22000
063605,健策凱基9C購02  ,0,0,0,0,0,0,0,0,0,22000,0,0,0,34000,12000,22000,22000
063492,台積電富邦02購02,0,0,0,0,0,0,0,0,0,22000,0,0,0,28000,6000,22000,22000
5283,禾聯碩          ,28000,3000,25000,0,0,0,0,0,0,-3000,0,0,0,0,3000,-3000,22000
4989,榮科            ,53000,31000,22000,0,0,0,0,0,0,0,0,0,0,0,0,0,22000
5533,皇鼎            ,22000,0,22000,0,0,0,0,0,0,0,0,0,0,0,0,0,22000
07894P,燿華元大9B售01  ,0,0,0,0,0,0,0,0,0,21000,0,0,0,21000,0,21000,21000
3022,威強電          ,35000,14000,21000,0,0,0,0,0,0,0,0,0,0,0,0,0,21000
2597,潤弘            ,36000,15000,21000,0,0,0,0,0,0,0,0,0,0,0,0,0,21000
1731,美吾華          ,43000,22000,21000,0,0,0,0,0,0,0,0,0,0,0,0,0,21000
1531,高林股          ,33000,12000,21000,0,0,0,0,0,0,0,0,0,0,0,0,0,21000
2427,三商電          ,22000,1000,21000,0,0,0,0,0,0,0,20000,20000,0,0,0,0,21000
2397,友通            ,23000,2000,21000,0,0,0,0,0,0,0,0,0,0,0,0,0,21000
06811P,聯發科統一98售06,0,0,0,0,0,0,0,0,0,21000,0,0,0,21000,0,21000,21000
07344P,鴻海富邦9A售03  ,0,0,0,0,0,0,0,0,0,21000,0,0,0,21000,0,21000,21000
056963,建準永豐98購01  ,0,0,0,0,0,0,0,0,0,21000,0,0,0,39000,18000,21000,21000
05642P,玉晶光兆豐97售02,0,0,0,0,0,0,0,0,0,21000,0,0,0,21000,0,21000,21000
052945,嘉晶國票97購01  ,0,0,0,0,0,0,0,0,0,21000,0,0,0,30000,9000,21000,21000
05958P,聯發科國票97售04,0,0,0,0,0,0,0,0,0,21000,0,0,0,21000,0,21000,21000
059678,鴻海國泰9A購03  ,0,0,0,0,0,0,0,0,0,21000,0,0,0,24000,3000,21000,21000
056206,泰鼎永豐97購01  ,0,0,0,0,0,0,0,0,0,21000,0,0,0,21000,0,21000,21000
058261,大立光富邦03購01,0,0,0,0,0,0,0,0,0,21000,0,0,0,21000,0,21000,21000
059023,可成統一9B購02  ,0,0,0,0,0,0,0,0,0,21000,0,0,0,157000,136000,21000,21000
059766,同欣電永豐99購03,0,0,0,0,0,0,0,0,0,21000,0,0,0,51000,30000,21000,21000
060314,元翎永豐9A購01  ,0,0,0,0,0,0,0,0,0,21000,0,0,0,21000,0,21000,21000
057029,緯穎凱基98購04  ,0,0,0,0,0,0,0,0,0,21000,0,0,0,32000,11000,21000,21000
057878,台郡元大99購04  ,0,0,0,0,0,0,0,0,0,21000,0,0,0,21000,0,21000,21000
057844,新日興永豐99購01,0,0,0,0,0,0,0,0,0,21000,0,0,0,21000,0,21000,21000
060794,景碩永豐9A購02  ,0,0,0,0,0,0,0,0,0,21000,0,0,0,43000,22000,21000,21000
057656,大成鋼兆豐98購01,0,0,0,0,0,0,0,0,0,21000,0,0,0,71000,50000,21000,21000
063638,華新科元大9B購14,0,0,0,0,0,0,0,0,0,21000,0,0,0,21000,0,21000,21000
063640,貿聯元大9B購03  ,0,0,0,0,0,0,0,0,0,21000,0,0,0,109000,88000,21000,21000
063364,聯發科富邦01購02,0,0,0,0,0,0,0,0,0,21000,0,0,0,25000,4000,21000,21000
063276,和大元大9B購01  ,0,0,0,0,0,0,0,0,0,21000,0,0,0,74000,53000,21000,21000
06284P,台積電國票98售03,0,0,0,0,0,0,0,0,0,21000,0,0,0,39000,18000,21000,21000
062704,大毅元大9C購01  ,0,0,0,0,0,0,0,0,0,21000,0,0,0,178000,157000,21000,21000
06188P,大立光元富97售01,0,0,0,0,0,0,0,0,0,21000,0,0,0,36000,15000,21000,21000
06240P,奇力新元富97售03,0,0,0,0,0,0,0,0,0,21000,0,0,0,120000,99000,21000,21000
061464,瑞昱群益9A購01  ,0,0,0,0,0,0,0,0,0,21000,0,0,0,21000,0,21000,21000
061482,健策元大9C購01  ,0,0,0,0,0,0,0,0,0,21000,0,0,0,34000,13000,21000,21000
07620P,國巨統一9B售07  ,0,0,0,0,0,0,0,0,0,20000,0,0,0,20000,0,20000,20000
07500P,微星元大9A售01  ,0,0,0,0,0,0,0,0,0,20000,0,0,0,20000,0,20000,20000
07140P,台灣50日盛99售01,0,0,0,0,0,0,0,0,0,20000,0,0,0,30000,10000,20000,20000
06926P,可成群益9A售04  ,0,0,0,0,0,0,0,0,0,20000,0,0,0,20000,0,20000,20000
06879P,長榮航凱基98售02,0,0,0,0,0,0,0,0,0,20000,0,0,0,35000,15000,20000,20000
06678P,大立光統一99售01,0,0,0,0,0,0,0,0,0,20000,0,0,0,26000,6000,20000,20000
06672P,聯發科群益98售05,0,0,0,0,0,0,0,0,0,20000,0,0,0,20000,0,20000,20000
06735P,奇力新凱基98售07,0,0,0,0,0,0,0,0,0,20000,0,0,0,28000,8000,20000,20000
06576P,台光電群益98售03,0,0,0,0,0,0,0,0,0,20000,0,0,0,20000,0,20000,20000
063878,國巨元富9C購01  ,0,0,0,0,0,0,0,0,0,20000,0,0,0,70000,50000,20000,20000
064180,國巨富邦02購03  ,0,0,0,0,0,0,0,0,0,20000,0,0,0,379000,359000,20000,20000
2433,互盛電          ,20000,1000,19000,0,0,0,0,0,0,1000,1000,0,1000,0,0,0,20000
2443,億麗            ,20000,0,20000,0,0,0,0,0,0,0,0,0,0,0,0,0,20000
2748,雲品            ,23000,3000,20000,0,0,0,0,0,0,0,0,0,0,0,0,0,20000
4557,永新-KY         ,23000,3000,20000,0,0,0,0,0,0,0,0,0,0,0,0,0,20000
07946P,華通統一9B售02  ,0,0,0,0,0,0,0,0,0,20000,0,0,0,20000,0,20000,20000
07926P,上銀統一9B售02  ,0,0,0,0,0,0,0,0,0,20000,0,0,0,30000,10000,20000,20000
08050P,臺股指國票9B售15,0,0,0,0,0,0,0,0,0,20000,0,0,0,20000,0,20000,20000
07851P,聯發科國票9A售05,0,0,0,0,0,0,0,0,0,20000,0,0,0,45000,25000,20000,20000
07789P,緯穎群益9A售03  ,0,0,0,0,0,0,0,0,0,20000,0,0,0,23000,3000,20000,20000
07660P,聯茂凱基9A售03  ,0,0,0,0,0,0,0,0,0,20000,0,0,0,20000,0,20000,20000
07739P,緯穎永豐9A售01  ,0,0,0,0,0,0,0,0,0,20000,0,0,0,40000,20000,20000,20000
07703P,玉晶光中信9B售03,0,0,0,0,0,0,0,0,0,20000,0,0,0,30000,10000,20000,20000
07710P,華擎元大9A售05  ,0,0,0,0,0,0,0,0,0,20000,0,0,0,40000,20000,20000,20000
08152P,祥碩統一9B售02  ,0,0,0,0,0,0,0,0,0,20000,0,0,0,31000,11000,20000,20000
08177P,金像電元大9B售02,0,0,0,0,0,0,0,0,0,20000,0,0,0,125000,105000,20000,20000
056174,億光元富97購01  ,0,0,0,0,0,0,0,0,0,20000,0,0,0,20000,0,20000,20000
056153,華新科凱基97購02,0,0,0,0,0,0,0,0,0,20000,0,0,0,20000,0,20000,20000
055953,上銀元大97購09  ,0,0,0,0,0,0,0,0,0,20000,0,0,0,20000,0,20000,20000
055998,臺股指富邦99購01,0,0,0,0,0,0,0,0,0,20000,0,0,0,20000,0,20000,20000
056340,可成凱基98購04  ,0,0,0,0,0,0,0,0,0,20000,0,0,0,20000,0,20000,20000
056308,TPK元大97購02   ,0,0,0,0,0,0,0,0,0,20000,0,0,0,20000,0,20000,20000
056234,GIS麥證97購01   ,0,0,0,20000,0,20000,0,0,0,20000,0,0,0,20000,0,20000,20000
056401,國巨群益98購07  ,0,0,0,0,0,0,0,0,0,20000,0,0,0,20000,0,20000,20000
056841,友達元富98購03  ,0,0,0,0,0,0,0,0,0,20000,0,0,0,20000,0,20000,20000
056831,元油2X元富98購11,0,0,0,0,0,0,0,0,0,20000,0,0,0,20000,0,20000,20000
059644,茂林凱基99購03  ,0,0,0,0,0,0,0,0,0,20000,0,0,0,20000,0,20000,20000
059572,華新科凱基99購08,0,0,0,0,0,0,0,0,0,20000,0,0,0,22000,2000,20000,20000
059565,國巨凱基99購16  ,0,0,0,0,0,0,0,0,0,20000,0,0,0,20000,0,20000,20000
059531,華新科凱基9B購02,0,0,0,0,0,0,0,0,0,20000,0,0,0,20000,0,20000,20000
056857,國巨群益99購02  ,0,0,0,0,0,0,0,0,0,20000,0,0,0,20000,0,20000,20000
059863,和大凱基99購01  ,0,0,0,0,0,0,0,0,0,20000,0,0,0,30000,10000,20000,20000
059292,華新科元富9B購02,0,0,0,0,0,0,0,0,0,20000,0,0,0,30000,10000,20000,20000
059340,鴻海凱基9A購12  ,0,0,0,0,0,0,0,0,0,20000,0,0,0,20000,0,20000,20000
055794,聯發科國泰99購01,0,0,0,0,0,0,0,0,0,20000,0,0,0,20000,0,20000,20000
056629,昇陽半永豐98購01,0,0,0,0,0,0,0,0,0,20000,0,0,0,25000,5000,20000,20000
055753,貿聯第一98購01  ,0,0,0,0,0,0,0,0,0,20000,0,0,0,20000,0,20000,20000
056543,京鼎凱基98購01  ,0,0,0,0,0,0,0,0,0,20000,0,0,0,31000,11000,20000,20000
055589,台光電元大98購04,0,0,0,0,0,0,0,0,0,20000,0,0,0,60000,40000,20000,20000
055611,燿華國票98購02  ,0,0,0,0,0,0,0,0,0,20000,0,0,0,100000,80000,20000,20000
056536,義隆凱基98購04  ,0,0,0,0,0,0,0,0,0,20000,0,0,0,26000,6000,20000,20000
054952,大毅元大97購02  ,0,0,0,0,0,0,0,0,0,20000,0,0,0,20000,0,20000,20000
055033,漢唐富邦98購01  ,0,0,0,0,0,0,0,0,0,20000,0,0,0,20000,0,20000,20000
055188,亞翔統一97購01  ,0,0,0,0,0,0,0,0,0,20000,0,0,0,20000,0,20000,20000
055338,GIS兆豐97購01   ,0,0,0,0,0,0,0,0,0,20000,0,0,0,20000,0,20000,20000
056737,國巨凱基9A購01  ,0,0,0,0,0,0,0,0,0,20000,0,0,0,20000,0,20000,20000
052927,友達元大98購02  ,0,0,0,0,0,0,0,0,0,20000,0,0,0,20000,0,20000,20000
054161,友訊凱基98購01  ,0,0,0,0,0,0,0,0,0,20000,0,0,0,20000,0,20000,20000
054218,S&P反1統一98購02,0,0,0,0,0,0,0,0,0,20000,0,0,0,20000,0,20000,20000
054335,緯穎永豐96購02  ,0,0,0,0,0,0,0,0,0,20000,0,0,0,20000,0,20000,20000
047674,群創元富96購02  ,0,0,0,0,0,0,0,0,0,20000,0,0,0,20000,0,20000,20000
047548,友達凱基99購03  ,0,0,0,0,0,0,0,0,0,20000,0,0,0,20000,0,20000,20000
050014,國巨富邦98購01  ,0,0,0,0,0,0,0,0,0,20000,0,0,0,20000,0,20000,20000
049795,華通元大96購02  ,0,0,0,0,0,0,0,0,0,20000,0,0,0,20000,0,20000,20000
051368,國泰金富邦97購01,0,0,0,0,0,0,0,0,0,20000,0,0,0,20000,0,20000,20000
051562,玉晶光國泰97購05,0,0,0,0,0,0,0,0,0,20000,0,0,0,20000,0,20000,20000
051575,國巨元大96購03  ,0,0,0,0,0,0,0,0,0,20000,0,0,0,20000,0,20000,20000
051665,台積電元大96購07,0,0,0,0,0,0,0,0,0,20000,0,0,0,20000,0,20000,20000
051742,欣興國票96購01  ,0,0,0,0,0,0,0,0,0,20000,0,0,0,20000,0,20000,20000
051838,國巨國泰97購01  ,0,0,0,0,0,0,0,0,0,20000,0,0,0,30000,10000,20000,20000
056449,義隆凱基98購03  ,0,0,0,0,0,0,0,0,0,20000,0,0,0,31000,11000,20000,20000
056498,A50正2富邦9B購01,0,0,0,0,0,0,0,0,0,20000,0,0,0,20000,0,20000,20000
056501,貿聯富邦99購01  ,0,0,0,0,0,0,0,0,0,20000,0,0,0,20000,0,20000,20000
056966,嘉晶永豐98購01  ,0,0,0,0,0,0,0,0,0,20000,0,0,0,20000,0,20000,20000
056936,禾伸堂元富98購01,0,0,0,0,0,0,0,0,0,20000,0,0,0,20000,0,20000,20000
054607,台積電永豐97購03,0,0,0,0,0,0,0,0,0,20000,0,0,0,20000,0,20000,20000
053212,友達凱基99購04  ,0,0,0,0,0,0,0,0,0,20000,0,0,0,20000,0,20000,20000
052608,欣興元大97購01  ,0,0,0,0,0,0,0,0,0,20000,0,0,0,20000,0,20000,20000
053503,臻鼎兆豐97購01  ,0,0,0,0,0,0,0,0,0,20000,0,0,0,20000,0,20000,20000
053494,南亞科兆豐96購02,0,0,0,0,0,0,0,0,0,20000,0,0,0,20000,0,20000,20000
053530,聯發科康和96購01,0,0,0,0,0,0,0,0,0,20000,0,0,0,20000,0,20000,20000
053847,美律元富96購02  ,0,0,0,0,0,0,0,0,0,20000,0,0,0,20000,0,20000,20000
053867,創意元大96購04  ,0,0,0,0,0,0,0,0,0,20000,0,0,0,98000,78000,20000,20000
053825,南電群益96購02  ,0,0,0,0,0,0,0,0,0,20000,0,0,0,20000,0,20000,20000
054539,欣興國票98購01  ,0,0,0,0,0,0,0,0,0,20000,0,0,0,20000,0,20000,20000
054427,潤泰全富邦97購01,0,0,0,0,0,0,0,0,0,20000,0,0,0,20000,0,20000,20000
054432,台積電台新96購05,0,0,0,0,0,0,0,0,0,20000,0,0,0,20000,0,20000,20000
054437,欣興台新97購02  ,0,0,0,0,0,0,0,0,0,20000,0,0,0,20000,0,20000,20000
05362P,可成富邦97售02  ,0,0,0,0,0,0,0,0,0,20000,0,0,0,20000,0,20000,20000
053677,同欣電國泰97購01,0,0,0,0,0,0,0,0,0,20000,0,0,0,23000,3000,20000,20000
053695,智易元大97購02  ,0,0,0,0,0,0,0,0,0,20000,0,0,0,20000,0,20000,20000
057650,力成元大98購04  ,0,0,0,0,0,0,0,0,0,20000,0,0,0,20000,0,20000,20000
057707,臺股指群益98購07,0,0,0,0,0,0,0,0,0,20000,0,0,0,110000,90000,20000,20000
057692,臺股指凱基98購10,0,0,0,0,0,0,0,0,0,20000,0,0,0,20000,0,20000,20000
059236,鴻海凱基99購09  ,0,0,0,0,0,0,0,0,0,20000,0,0,0,22000,2000,20000,20000
057632,傳奇永豐98購01  ,0,0,0,0,0,0,0,0,0,20000,0,0,0,20000,0,20000,20000
060672,鴻海元大9A購14  ,0,0,0,0,0,0,0,0,0,20000,0,0,0,20000,0,20000,20000
060755,鴻海元大9A購15  ,0,0,0,0,0,0,0,0,0,20000,0,0,0,20000,0,20000,20000
060898,世芯凱基9A購03  ,0,0,0,0,0,0,0,0,0,20000,0,0,0,24000,4000,20000,20000
057996,臻鼎中信98購01  ,0,30000,-30000,0,0,0,0,0,0,50000,0,0,0,50000,0,50000,20000
059126,臺指反中信9B購01,0,0,0,0,0,0,0,0,0,20000,0,0,0,20000,0,20000,20000
059131,國巨群益99購07  ,0,0,0,0,0,0,0,0,0,20000,0,0,0,20000,0,20000,20000
058103,台積電永豐98購06,0,0,0,0,0,0,0,0,0,20000,0,0,0,20000,0,20000,20000
058900,旺宏元大99購11  ,0,0,0,0,0,0,0,0,0,20000,0,0,0,71000,51000,20000,20000
058884,世紀鋼永豐99購02,0,0,0,0,0,0,0,0,0,20000,0,0,0,30000,10000,20000,20000
058786,元黃金元大99購01,0,0,0,0,0,0,0,0,0,20000,0,0,0,20000,0,20000,20000
060510,大立光元大9A購03,0,0,0,0,0,0,0,0,0,20000,0,0,0,20000,0,20000,20000
057780,台郡群益98購02  ,0,0,0,0,0,0,0,0,0,20000,0,0,0,20000,0,20000,20000
057722,臺股指元富98購01,0,0,0,0,0,0,0,0,0,20000,0,0,0,20000,0,20000,20000
057201,華擎元富98購01  ,0,0,0,0,0,0,0,0,0,20000,0,0,0,20000,0,20000,20000
057133,京鼎凱基98購02  ,0,0,0,0,0,0,0,0,0,20000,0,0,0,30000,10000,20000,20000
05729P,臺股指凱基97售02,0,0,0,0,0,0,0,0,0,20000,0,0,0,25000,5000,20000,20000
058955,台積電國票9A購04,0,0,0,0,0,0,0,0,0,20000,0,0,0,71000,51000,20000,20000
058983,旺宏凱基99購05  ,0,0,0,0,0,0,0,0,0,20000,0,0,0,20000,0,20000,20000
058167,鴻海凱基9A購03  ,0,0,0,0,0,0,0,0,0,20000,0,0,0,20000,0,20000,20000
058938,台積電中信01購03,0,0,0,0,0,0,0,0,0,20000,0,0,0,37000,17000,20000,20000
059732,超眾元大9A購01  ,0,0,0,0,0,0,0,0,0,20000,0,0,0,28000,8000,20000,20000
059804,台積電元富99購01,0,0,0,0,0,0,0,0,0,20000,0,0,0,20000,0,20000,20000
058234,華新科元大99購12,0,0,0,0,0,0,0,0,0,20000,0,0,0,20000,0,20000,20000
061485,鴻海兆豐9A購01  ,0,0,0,0,0,0,0,0,0,20000,0,0,0,70000,50000,20000,20000
061515,泰碩永豐9A購03  ,0,0,0,0,0,0,0,0,0,20000,0,0,0,20000,0,20000,20000
061593,智原永豐9A購01  ,0,0,0,0,0,0,0,0,0,20000,0,0,0,20000,0,20000,20000
061744,超眾凱基9B購02  ,0,0,0,0,0,0,0,0,0,20000,0,0,0,20000,0,20000,20000
061788,信邦群益9B購01  ,0,0,0,0,0,0,0,0,0,20000,0,0,0,20000,0,20000,20000
061657,智原國票9A購01  ,0,0,0,0,0,0,0,0,0,20000,0,0,0,20000,0,20000,20000
061071,復盛凱基9A購01  ,0,0,0,0,0,0,0,0,0,20000,0,0,0,225000,205000,20000,20000
061178,晶技凱基9B購01  ,0,0,0,0,0,0,0,0,0,20000,0,0,0,20000,0,20000,20000
061388,台積電群益9A購05,0,0,0,0,0,0,0,0,0,20000,0,0,0,28000,8000,20000,20000
061371,嘉澤國泰9C購01  ,0,0,0,0,0,0,0,0,0,20000,0,0,0,20000,0,20000,20000
061422,台積電元大9A購30,0,0,0,0,0,0,0,0,0,20000,0,0,0,30000,10000,20000,20000
062423,聯發科統一9C購07,0,0,0,0,0,0,0,0,0,20000,0,0,0,191000,171000,20000,20000
062467,國巨凱基9B購08  ,0,0,0,0,0,0,0,0,0,20000,0,0,0,20000,0,20000,20000
062296,南六永豐9B購02  ,0,0,0,0,0,0,0,0,0,20000,0,0,0,20000,0,20000,20000
062262,茂林元大9B購02  ,0,0,0,0,0,0,0,0,0,20000,0,0,0,25000,5000,20000,20000
061927,玉晶光凱基9C購01,0,0,0,0,0,0,0,0,0,20000,0,0,0,20000,0,20000,20000
062155,國巨凱基9C購03  ,0,0,0,0,0,0,0,0,0,20000,0,0,0,20000,0,20000,20000
062098,億光永豐9B購01  ,0,0,0,0,0,0,0,0,0,20000,0,0,0,44000,24000,20000,20000
062118,華新科中信9B購02,0,0,0,0,0,0,0,0,0,20000,0,0,0,20000,0,20000,20000
062759,旺宏凱基9B購07  ,0,0,0,0,0,0,0,0,0,20000,0,0,0,60000,40000,20000,20000
062737,聯發科國票9B購03,0,0,0,0,0,0,0,0,0,20000,0,0,0,20000,0,20000,20000
062560,奇鋐凱基9B購02  ,0,0,0,0,0,0,0,0,0,20000,0,0,0,64000,44000,20000,20000
062661,華通群益9B購05  ,0,0,0,0,0,0,0,0,0,20000,0,0,0,89000,69000,20000,20000
063042,同欣電凱基9C購01,0,0,0,0,0,0,0,0,0,20000,0,0,0,67000,47000,20000,20000
063189,臻鼎凱基9B購01  ,0,0,0,0,0,0,0,0,0,20000,0,0,0,20000,0,20000,20000
062943,世芯凱基9B購03  ,0,0,0,0,0,0,0,0,0,20000,0,0,0,114000,94000,20000,20000
063009,國巨元大9B購18  ,0,0,0,0,0,0,0,0,0,20000,0,0,0,20000,0,20000,20000
063013,技嘉元大9B購02  ,0,0,0,0,0,0,0,0,0,20000,0,0,0,70000,50000,20000,20000
063256,鴻海國泰01購02  ,0,0,0,0,0,0,0,0,0,20000,0,0,0,23000,3000,20000,20000
06322P,超眾統一97售04  ,0,0,0,0,0,0,0,0,0,20000,0,0,0,20000,0,20000,20000
063726,鴻海元大9B購04  ,0,0,0,0,0,0,0,0,0,20000,0,0,0,21000,1000,20000,20000
063496,儒鴻永豐9B購01  ,0,0,0,0,0,0,0,0,0,20000,0,0,0,20000,0,20000,20000
063527,美食凱基01購01  ,0,0,0,0,0,0,0,0,0,20000,0,0,0,20000,0,20000,20000
6414,樺漢            ,80057,94000,-13943,0,0,0,50000,0,50000,-17000,5000,2000,3000,0,20000,-20000,19057
1110,東泥            ,19000,0,19000,0,0,0,0,0,0,0,0,0,0,0,0,0,19000
07904P,聯發科群益9B售05,0,0,0,0,0,0,0,0,0,19000,0,0,0,52000,33000,19000,19000
1795,美時            ,282000,263000,19000,0,0,0,0,0,0,0,0,0,0,0,0,0,19000
2028,威致            ,19000,0,19000,0,0,0,0,0,0,0,0,0,0,0,0,0,19000
064040,鴻海統一9C購18  ,0,0,0,0,0,0,0,0,0,19000,0,0,0,79000,60000,19000,19000
07610P,大立光國票9A售04,0,0,0,0,0,0,0,0,0,19000,0,0,0,53000,34000,19000,19000
07627P,超眾凱基9A售02  ,0,0,0,0,0,0,0,0,0,19000,0,0,0,19000,0,19000,19000
07369P,台積電凱基99售20,0,0,0,0,0,0,0,0,0,19000,0,0,0,30000,11000,19000,19000
07373P,A50正2元大99售01,0,0,0,0,0,0,0,0,0,19000,0,0,0,20000,1000,19000,19000
053172,瑞儀群益97購01  ,0,0,0,0,0,0,0,0,0,19000,0,0,0,19000,0,19000,19000
055484,華通元大97購04  ,0,0,0,0,0,0,0,0,0,19000,0,0,0,20000,1000,19000,19000
055469,台光電凱基97購01,0,0,0,0,0,0,0,0,0,19000,0,0,0,20000,1000,19000,19000
056484,聯茂元大98購02  ,0,0,0,0,0,0,0,0,0,19000,0,0,0,19000,0,19000,19000
046903,友達凱基99購01  ,0,0,0,0,0,0,0,0,0,19000,0,0,0,19000,0,19000,19000
00709,富邦歐洲        ,0,0,0,0,0,0,0,0,0,19000,0,0,0,110000,91000,19000,19000
054311,世芯凱基96購02  ,0,0,0,0,0,0,0,0,0,19000,0,0,0,19000,0,19000,19000
053117,大立光中信9A購02,0,0,0,0,0,0,0,0,0,19000,0,0,0,50000,31000,19000,19000
055420,欣興永豐98購01  ,0,0,0,0,0,0,0,0,0,19000,0,0,0,19000,0,19000,19000
056572,義隆元大99購01  ,0,0,0,0,0,0,0,0,0,19000,0,0,0,19000,0,19000,19000
059370,玉晶光元富99購02,0,0,0,0,0,0,0,0,0,19000,0,0,0,34000,15000,19000,19000
059637,大立光凱基01購01,0,0,0,0,0,0,0,0,0,19000,0,0,0,21000,2000,19000,19000
058172,國巨凱基9B購02  ,0,0,0,0,0,0,0,0,0,19000,0,0,0,19000,0,19000,19000
057509,聯發科統一9A購03,0,0,0,0,0,0,0,0,0,19000,0,0,0,34000,15000,19000,19000
057079,台積電統一9A購02,0,0,0,0,0,0,0,0,0,19000,0,0,0,19000,0,19000,19000
057128,台光電凱基98購03,0,0,0,0,0,0,0,0,0,19000,0,0,0,27000,8000,19000,19000
058792,鴻海元大99購18  ,0,0,0,0,0,0,0,0,0,19000,0,0,0,19000,0,19000,19000
057865,富邦金凱基98購01,0,0,0,0,0,0,0,0,0,19000,0,0,0,63000,44000,19000,19000
063532,GIS凱基9B購03   ,0,0,0,0,0,0,0,0,0,19000,0,0,0,20000,1000,19000,19000
063268,GIS中信9B購01   ,0,0,0,0,0,0,0,0,0,19000,0,0,0,148000,129000,19000,19000
063464,廣達元大9B購02  ,0,0,0,0,0,0,0,0,0,19000,0,0,0,71000,52000,19000,19000
062874,微星兆豐9B購01  ,0,0,0,0,0,0,0,0,0,19000,0,0,0,30000,11000,19000,19000
062538,台積電國泰9C購02,0,0,0,0,0,0,0,0,0,19000,0,0,0,25000,6000,19000,19000
062111,台勝科國票9B購01,0,0,0,0,0,0,0,0,0,19000,0,0,0,19000,0,19000,19000
062138,力成群益9B購01  ,0,0,0,0,0,0,0,0,0,19000,0,0,0,19000,0,19000,19000
061940,世紀鋼國票9C購01,0,0,0,0,0,0,0,0,0,19000,0,0,0,63000,44000,19000,19000
061878,茂林元大9B購01  ,0,0,0,0,0,0,0,0,0,19000,0,0,0,25000,6000,19000,19000
062323,上銀統一9B購03  ,0,0,0,0,0,0,0,0,0,19000,0,0,0,20000,1000,19000,19000
062494,中石化中信9C購01,0,0,0,0,0,0,0,0,0,19000,0,0,0,134000,115000,19000,19000
06145P,華新科永豐97售02,0,0,0,0,0,0,0,0,0,19000,0,0,0,39000,20000,19000,19000
6205,詮欣            ,51000,33000,18000,0,0,0,0,0,0,1000,1000,0,1000,0,0,0,19000
6224,聚鼎            ,33000,14000,19000,0,0,0,0,0,0,0,0,0,0,0,0,0,19000
07034P,大立光元富99售03,0,0,0,0,0,0,0,0,0,18000,0,0,0,93000,75000,18000,18000
06728P,全新元大98售03  ,0,0,0,0,0,0,0,0,0,18000,0,0,0,58000,40000,18000,18000
2069,運錩            ,20000,2000,18000,0,0,0,0,0,0,0,0,0,0,0,0,0,18000
2373,震旦行          ,32000,16000,16000,0,0,0,0,0,0,2000,2000,0,2000,0,0,0,18000
3050,鈺德            ,51000,33000,18000,0,0,0,0,0,0,0,0,0,0,0,0,0,18000
3031,佰鴻            ,29000,13000,16000,0,0,0,0,0,0,2000,2000,0,2000,0,0,0,18000
07933P,大立光富邦9C售06,0,0,0,0,0,0,0,0,0,18000,0,0,0,25000,7000,18000,18000
07797P,大立光國票9A售08,0,0,0,0,0,0,0,0,0,18000,0,0,0,18000,0,18000,18000
059532,華新科凱基9B購03,0,0,0,0,0,0,0,0,0,18000,0,0,0,20000,2000,18000,18000
059716,鴻海元大99購35  ,0,0,0,0,0,0,0,0,0,18000,0,0,0,25000,7000,18000,18000
056661,臺股指元大9A購08,0,0,0,0,0,0,0,0,0,18000,0,0,0,18000,0,18000,18000
055798,聯茂富邦98購01  ,0,0,0,0,0,0,0,0,0,18000,0,0,0,19000,1000,18000,18000
00684R,元大美元指數反1 ,0,0,0,0,0,0,0,0,0,18000,0,0,0,18000,0,18000,18000
056925,群創兆豐98購03  ,0,0,0,0,0,0,0,0,0,18000,0,0,0,18000,0,18000,18000
052468,超眾統一96購02  ,0,0,0,0,0,0,0,0,0,18000,0,0,0,18000,0,18000,18000
053640,上緯控永豐96購01,0,0,0,0,0,0,0,0,0,18000,0,0,0,18000,0,18000,18000
058101,台積電富邦9C購01,0,0,0,0,0,0,0,0,0,18000,0,0,0,18000,0,18000,18000
058601,台積電元大99購10,0,0,0,0,0,0,0,0,0,18000,0,0,0,19000,1000,18000,18000
061019,大毅國票9A購01  ,0,0,0,0,0,0,0,0,0,18000,0,0,0,30000,12000,18000,18000
060779,臺股指凱基9A購07,0,0,0,0,0,0,0,0,0,18000,0,0,0,22000,4000,18000,18000
060459,鴻海元大9A購07  ,0,0,0,0,0,0,0,0,0,18000,0,0,0,22000,4000,18000,18000
057803,上銀元大98購08  ,0,0,0,0,0,0,0,0,0,18000,0,0,0,68000,50000,18000,18000
057403,亞光群益98購04  ,0,0,0,0,0,0,0,0,0,18000,0,0,0,116000,98000,18000,18000
058143,瑞儀元大99購02  ,0,0,0,0,0,0,0,0,0,18000,0,0,0,37000,19000,18000,18000
060125,強茂永豐99購01  ,0,0,0,0,0,0,0,0,0,18000,0,0,0,58000,40000,18000,18000
060065,大立光兆豐9B購01,0,0,0,0,0,0,0,0,0,18000,0,0,0,20000,2000,18000,18000
060159,健和興永豐9A購01,0,0,0,0,0,0,0,0,0,18000,0,0,0,20000,2000,18000,18000
061659,信邦永豐9A購01  ,0,0,0,0,0,0,0,0,0,18000,0,0,0,228000,210000,18000,18000
061638,國泰金元大9A購03,0,0,0,0,0,0,0,0,0,18000,0,0,0,120000,102000,18000,18000
061336,國巨元大9A購20  ,0,0,0,0,0,0,0,0,0,18000,0,0,0,18000,0,18000,18000
061289,玉晶光統一01購03,0,0,0,0,0,0,0,0,0,18000,0,0,0,18000,0,18000,18000
061074,儒鴻兆豐9B購01  ,0,0,0,0,0,0,0,0,0,18000,0,0,0,20000,2000,18000,18000
062378,台表科元大9C購01,0,0,0,0,0,0,0,0,0,18000,0,0,0,107000,89000,18000,18000
062365,台光電元大9B購03,0,0,0,0,0,0,0,0,0,18000,0,0,0,66000,48000,18000,18000
062341,台表科麥證9C購01,0,0,0,18000,0,18000,0,0,0,18000,0,0,0,18000,0,18000,18000
061816,長榮航群益9B購02,0,0,0,0,0,0,0,0,0,18000,0,0,0,18000,0,18000,18000
061817,高鐵群益9B購01  ,0,0,0,0,0,0,0,0,0,18000,0,0,0,23000,5000,18000,18000
061820,康控群益9B購02  ,0,0,0,0,0,0,0,0,0,18000,0,0,0,30000,12000,18000,18000
061963,台積電統一01購04,0,0,0,0,0,0,0,0,0,18000,0,0,0,76000,58000,18000,18000
062644,中環國泰9C購01  ,0,0,0,0,0,0,0,0,0,18000,0,0,0,18000,0,18000,18000
063349,台郡統一9C購01  ,0,0,0,0,0,0,0,0,0,18000,0,0,0,86000,68000,18000,18000
063366,台表科富邦9C購02,0,0,0,0,0,0,0,0,0,18000,0,0,0,20000,2000,18000,18000
063257,牧德國泰01購01  ,0,0,0,0,0,0,0,0,0,18000,0,0,0,20000,2000,18000,18000
063751,祥碩國票9C購02  ,0,0,0,0,0,0,0,0,0,18000,0,0,0,56000,38000,18000,18000
6197,佳必琪          ,63000,48000,15000,0,0,0,0,0,0,3000,5000,2000,3000,0,0,0,18000
4916,事欣科          ,51000,37000,14000,0,0,0,0,0,0,4000,4000,0,4000,0,0,0,18000
8103,瀚荃            ,17000,0,17000,0,0,0,0,0,0,1000,1000,0,1000,0,0,0,18000
07849P,大立光群益9A售06,0,0,0,0,0,0,0,0,0,17000,0,0,0,17000,0,17000,17000
1316,上曜            ,45000,28000,17000,0,0,0,0,0,0,0,0,0,0,0,0,0,17000
1437,勤益控          ,23000,6000,17000,0,0,0,0,0,0,0,0,0,0,0,0,0,17000
1455,集盛            ,106000,91000,15000,0,0,0,0,0,0,2000,2000,0,2000,0,0,0,17000
1472,三洋紡          ,89000,72000,17000,0,0,0,0,0,0,0,0,0,0,0,0,0,17000
3033,威健            ,74000,57000,17000,0,0,0,0,0,0,0,0,0,0,0,0,0,17000
2413,環科            ,19000,5000,14000,0,0,0,0,0,0,3000,3000,0,3000,0,0,0,17000
2466,冠西電          ,40000,23000,17000,0,0,0,0,0,0,0,0,0,0,0,0,0,17000
06603P,立積統一99售01  ,0,0,0,0,0,0,0,0,0,17000,0,0,0,50000,33000,17000,17000
07301P,臺股指元大9A售34,0,0,0,0,0,0,0,0,0,17000,0,0,0,22000,5000,17000,17000
07611P,大立光國票9A售05,0,0,0,0,0,0,0,0,0,17000,0,0,0,17000,0,17000,17000
053582,英業達元大97購01,0,0,0,0,0,0,0,0,0,17000,0,0,0,67000,50000,17000,17000
053481,同欣電元大97購01,0,0,0,0,0,0,0,0,0,17000,0,0,0,17000,0,17000,17000
053388,群創元大9C購02  ,0,0,0,0,0,0,0,0,0,17000,0,0,0,20000,3000,17000,17000
00678,群益NBI生技     ,3000,0,3000,0,0,0,0,0,0,14000,0,0,0,614000,600000,14000,17000
054215,創意國票97購02  ,0,0,0,0,0,0,0,0,0,17000,0,0,0,17000,0,17000,17000
059377,台積電群益99購09,0,0,0,0,0,0,0,0,0,17000,0,0,0,17000,0,17000,17000
056150,台光電凱基98購02,0,0,0,0,0,0,0,0,0,17000,0,0,0,83000,66000,17000,17000
060044,大立光群益99購09,0,0,0,0,0,0,0,0,0,17000,0,0,0,17000,0,17000,17000
059997,華航元富99購01  ,0,0,0,0,0,0,0,0,0,17000,0,0,0,17000,0,17000,17000
060707,台郡富邦9A購01  ,0,0,0,0,0,0,0,0,0,17000,0,0,0,67000,50000,17000,17000
060721,瑞儀永豐9A購01  ,0,0,0,0,0,0,0,0,0,17000,0,0,0,141000,124000,17000,17000
058718,台灣50元富03購01,0,0,0,0,0,0,0,0,0,17000,0,0,0,20000,3000,17000,17000
05873P,華通群益97售02  ,0,0,0,0,0,0,0,0,0,17000,0,0,0,17000,0,17000,17000
058752,鈺齊凱基9A購01  ,0,0,0,0,0,0,0,0,0,17000,0,0,0,157000,140000,17000,17000
063346,TPK統一9C購01   ,0,0,0,0,0,0,0,0,0,17000,0,0,0,65000,48000,17000,17000
062590,亞光統一9B購01  ,0,0,0,0,0,0,0,0,0,17000,0,0,0,351000,334000,17000,17000
062695,華通元大9C購01  ,0,0,0,0,0,0,0,0,0,17000,0,0,0,17000,0,17000,17000
062802,宏達電統一9B購01,0,0,0,0,0,0,0,0,0,17000,0,0,0,32000,15000,17000,17000
062923,緯穎元大9B購06  ,0,0,0,0,0,0,0,0,0,17000,0,0,0,73000,56000,17000,17000
062938,聯發科凱基9B購10,0,0,0,0,0,0,0,0,0,17000,0,0,0,110000,93000,17000,17000
063129,祥碩元大9C購03  ,0,0,0,0,0,0,0,0,0,17000,0,0,0,47000,30000,17000,17000
062030,旭富群益9B購01  ,0,0,0,0,0,0,0,0,0,17000,0,0,0,17000,0,17000,17000
062252,華邦電元大9C購01,0,0,0,0,0,0,0,0,0,17000,0,0,0,127000,110000,17000,17000
062377,力成元大9B購01  ,0,0,0,0,0,0,0,0,0,17000,0,0,0,27000,10000,17000,17000
061303,玉晶光永豐9B購03,0,0,0,0,0,0,0,0,0,17000,0,0,0,58000,41000,17000,17000
061647,南六元大9A購03  ,0,0,0,0,0,0,0,0,0,17000,0,0,0,17000,0,17000,17000
4912,聯德控股-KY     ,21000,4000,17000,0,0,0,0,0,0,0,0,0,0,0,0,0,17000
07385P,緯穎群益99售04  ,0,0,0,0,0,0,0,0,0,16000,0,0,0,16000,0,16000,16000
07227P,聯發科元富99售05,0,0,0,0,0,0,0,0,0,16000,0,0,0,406000,390000,16000,16000
07225P,台積電元大99售33,0,0,0,0,0,0,0,0,0,16000,0,0,0,20000,4000,16000,16000
06868P,電子類元大99售01,0,0,0,0,0,0,0,0,0,16000,0,0,0,16000,0,16000,16000
064110,國巨國票01購01  ,0,0,0,0,0,0,0,0,0,16000,0,0,0,29000,13000,16000,16000
064127,聯發科元大9C購06,0,0,0,0,0,0,0,0,0,16000,0,0,0,29000,13000,16000,16000
2506,太設            ,16000,0,16000,0,0,0,0,0,0,0,0,0,0,0,0,0,16000
2107,厚生            ,181000,156000,25000,0,0,0,0,0,0,-9000,4000,13000,-9000,0,0,0,16000
3002,歐格            ,23000,7000,16000,0,0,0,0,0,0,0,0,0,0,0,0,0,16000
2545,皇翔            ,61000,45000,16000,0,0,0,0,0,0,0,0,0,0,0,0,0,16000
4141,龍燈-KY         ,40000,28000,12000,0,0,0,0,0,0,4000,6000,2000,4000,0,0,0,16000
1323,永裕            ,17000,1000,16000,0,0,0,0,0,0,0,0,0,0,0,0,0,16000
1108,幸福            ,37000,9000,28000,0,0,0,0,0,0,-12000,2000,14000,-12000,0,0,0,16000
08213P,台光電統一9B售03,0,0,0,0,0,0,0,0,0,16000,0,0,0,38000,22000,16000,16000
08272P,鴻海元富9C售02  ,0,0,0,0,0,0,0,0,0,16000,0,0,0,17000,1000,16000,16000
07713P,台郡元大9A售03  ,0,0,0,0,0,0,0,0,0,16000,0,0,0,126000,110000,16000,16000
07991P,鴻海群益9C售02  ,0,0,0,0,0,0,0,0,0,16000,0,0,0,21000,5000,16000,16000
056112,勤誠永豐97購02  ,0,0,0,0,0,0,0,0,0,16000,0,0,0,16000,0,16000,16000
056182,台光電統一97購03,0,0,0,0,0,0,0,0,0,16000,0,0,0,26000,10000,16000,16000
059694,創意永豐99購03  ,0,0,0,0,0,0,0,0,0,16000,0,0,0,42000,26000,16000,16000
056538,國泰金凱基98購01,0,0,0,0,0,0,0,0,0,16000,0,0,0,42000,26000,16000,16000
054951,大毅元大97購01  ,0,0,0,0,0,0,0,0,0,16000,0,0,0,16000,0,16000,16000
054205,華新國票97購02  ,0,0,0,0,0,0,0,0,0,16000,0,0,0,46000,30000,16000,16000
054390,智邦元富96購03  ,0,0,0,0,0,0,0,0,0,16000,0,0,0,16000,0,16000,16000
00702,國泰標普低波高息,7000,10000,-3000,0,0,0,0,0,0,19000,0,0,0,29000,10000,19000,16000
053413,台積電國票99購01,0,0,0,0,0,0,0,0,0,16000,0,0,0,16000,0,16000,16000
058779,大立光國票9A購02,0,0,0,0,0,0,0,0,0,16000,0,0,0,16000,0,16000,16000
057836,南亞科國泰9A購01,0,0,0,0,0,0,0,0,0,16000,0,0,0,161000,145000,16000,16000
058032,大立光永豐98購05,0,0,0,0,0,0,0,0,0,16000,0,0,0,16000,0,16000,16000
060781,台郡國泰9B購01  ,0,0,0,0,0,0,0,0,0,16000,0,0,0,16000,0,16000,16000
060906,旺宏元大9A購07  ,0,0,0,0,0,0,0,0,0,16000,0,0,0,22000,6000,16000,16000
060877,華邦電中信02購01,0,0,0,0,0,0,0,0,0,16000,0,0,0,16000,0,16000,16000
060922,金像電永豐9A購01,0,0,0,0,0,0,0,0,0,16000,0,0,0,76000,60000,16000,16000
060244,大立光元大9B購02,0,0,0,0,0,0,0,0,0,16000,0,0,0,26000,10000,16000,16000
057747,致新永豐98購01  ,0,0,0,0,0,0,0,0,0,16000,0,0,0,34000,18000,16000,16000
058342,鴻海群益9A購01  ,0,0,0,0,0,0,0,0,0,16000,0,0,0,69000,53000,16000,16000
057136,立積凱基98購02  ,0,0,0,0,0,0,0,0,0,16000,0,0,0,30000,14000,16000,16000
060109,茂林元大99購05  ,0,0,0,0,0,0,0,0,0,16000,0,0,0,21000,5000,16000,16000
060222,貿聯凱基9A購02  ,0,0,0,0,0,0,0,0,0,16000,0,0,0,16000,0,16000,16000
061524,華通凱基9A購07  ,0,0,0,0,0,0,0,0,0,16000,0,0,0,31000,15000,16000,16000
062391,台達電富邦9C購01,0,0,0,0,0,0,0,0,0,16000,0,0,0,159000,143000,16000,16000
062491,矽創永豐9B購01  ,0,0,0,0,0,0,0,0,0,16000,0,0,0,281000,265000,16000,16000
062484,臺股指國票9B購10,0,0,0,0,0,0,0,0,0,16000,0,0,0,16000,0,16000,16000
062255,聯發科元大9B購07,0,0,0,0,0,0,0,0,0,16000,0,0,0,77000,61000,16000,16000
061917,亞德客凱基9B購02,0,0,0,0,0,0,0,0,0,16000,0,0,0,76000,60000,16000,16000
061870,智邦元大9B購02  ,0,0,0,0,0,0,0,0,0,16000,0,0,0,136000,120000,16000,16000
062729,神達凱基9B購02  ,0,0,0,0,0,0,0,0,0,16000,0,0,0,105000,89000,16000,16000
062556,瑞昱凱基9B購02  ,0,0,0,0,0,0,0,0,0,16000,0,0,0,16000,0,16000,16000
063315,京元電群益9B購03,0,0,0,0,0,0,0,0,0,16000,0,0,0,41000,25000,16000,16000
6201,亞弘電          ,16000,0,16000,0,0,0,0,0,0,0,0,0,0,0,0,0,16000
6477,安集            ,17000,1000,16000,0,0,0,0,0,0,0,0,0,0,0,0,0,16000
08072P,祥碩永豐9B售03  ,0,0,0,0,0,0,0,0,0,15000,0,0,0,15000,0,15000,15000
08258P,旺宏元大9C售04  ,0,0,0,0,0,0,0,0,0,15000,0,0,0,44000,29000,15000,15000
08314P,國巨元大9C售14  ,0,0,0,0,0,0,0,0,0,15000,0,0,0,40000,25000,15000,15000
3305,昇貿            ,23000,10000,13000,0,0,0,0,0,0,2000,2000,0,2000,0,0,0,15000
3229,晟鈦            ,17000,2000,15000,0,0,0,0,0,0,0,0,0,0,0,0,0,15000
3164,景岳            ,19000,4000,15000,0,0,0,0,0,0,0,0,0,0,0,0,0,15000
2399,映泰            ,34000,23000,11000,0,0,0,0,0,0,4000,4000,0,4000,0,0,0,15000
06405P,億光元富97售02  ,0,0,0,0,0,0,0,0,0,15000,0,0,0,20000,5000,15000,15000
063941,國巨元大9C購12  ,0,0,0,0,0,0,0,0,0,15000,0,0,0,51000,36000,15000,15000
06746P,聯發科群益99售02,0,0,0,0,0,0,0,0,0,15000,0,0,0,50000,35000,15000,15000
06617P,智邦元大98售03  ,0,0,0,0,0,0,0,0,0,15000,0,0,0,20000,5000,15000,15000
06567P,鴻海永豐98售02  ,0,0,0,0,0,0,0,0,0,15000,0,0,0,15000,0,15000,15000
053403,彩晶群益98購01  ,0,0,0,0,0,0,0,0,0,15000,0,0,0,15000,0,15000,15000
053488,中石化兆豐97購01,0,0,0,0,0,0,0,0,0,15000,0,0,0,15000,0,15000,15000
052557,群創國票97購02  ,0,0,0,0,0,0,0,0,0,15000,0,0,0,15000,0,15000,15000
053377,台積電元大98購01,0,0,0,0,0,0,0,0,0,15000,0,0,0,16000,1000,15000,15000
053153,大立光元大99購02,0,0,0,0,0,0,0,0,0,15000,0,0,0,45000,30000,15000,15000
053588,聯發科元大97購07,0,0,0,0,0,0,0,0,0,15000,0,0,0,15000,0,15000,15000
053638,信邦永豐96購01  ,0,0,0,0,0,0,0,0,0,15000,0,0,0,15000,0,15000,15000
053673,超眾元富96購03  ,0,0,0,0,0,0,0,0,0,15000,0,0,0,15000,0,15000,15000
053734,友達中信98購02  ,0,0,0,0,0,0,0,0,0,15000,0,0,0,15000,0,15000,15000
054575,聯鈞元大97購01  ,0,0,0,0,0,0,0,0,0,15000,0,0,0,15000,0,15000,15000
053891,欣興群益98購01  ,0,0,0,0,0,0,0,0,0,15000,0,0,0,15000,0,15000,15000
055578,群創統一98購03  ,0,0,0,0,0,0,0,0,0,15000,0,0,0,40000,25000,15000,15000
00706L,元大S&P日圓正2  ,0,0,0,0,0,0,0,0,0,15000,0,0,0,17000,2000,15000,15000
00735,國泰臺韓科技    ,70000,0,70000,0,0,0,0,0,0,-55000,0,0,0,248000,303000,-55000,15000
00742,新光內需收益    ,0,0,0,0,0,0,0,0,0,15000,0,0,0,340000,325000,15000,15000
045054,聯發科元富98購02,0,0,0,0,0,0,0,0,0,15000,0,0,0,15000,0,15000,15000
051503,玉晶光統一97購01,0,0,0,0,0,0,0,0,0,15000,0,0,0,25000,10000,15000,15000
052135,聯發科凱基9B購01,0,0,0,0,0,0,0,0,0,15000,0,0,0,15000,0,15000,15000
054201,聯詠富邦97購02  ,0,0,0,0,0,0,0,0,0,15000,0,0,0,20000,5000,15000,15000
048273,南電富邦97購01  ,0,0,0,0,0,0,0,0,0,15000,0,0,0,80000,65000,15000,15000
054962,玉晶光元大99購02,0,0,0,0,0,0,0,0,0,15000,0,0,0,15000,0,15000,15000
054966,貿聯元大98購02  ,0,0,0,0,0,0,0,0,0,15000,0,0,0,15000,0,15000,15000
055112,晶豪科凱基98購01,0,0,0,0,0,0,0,0,0,15000,0,0,0,20000,5000,15000,15000
055305,旺宏群益99購01  ,0,0,0,0,0,0,0,0,0,15000,0,0,0,15000,0,15000,15000
056754,智易兆豐99購01  ,0,0,0,0,0,0,0,0,0,15000,0,0,0,15000,0,15000,15000
056539,新光金凱基9A購01,0,0,0,0,0,0,0,0,0,15000,0,0,0,15000,0,15000,15000
056585,台積電統一9A購01,0,0,0,0,0,0,0,0,0,15000,0,0,0,15000,0,15000,15000
059650,緯穎凱基99購04  ,0,0,0,0,0,0,0,0,0,15000,0,0,0,37000,22000,15000,15000
059661,大立光元大99購22,0,0,0,0,0,0,0,0,0,15000,0,0,0,15000,0,15000,15000
059536,新光金凱基99購05,0,0,0,0,0,0,0,0,0,15000,0,0,0,45000,30000,15000,15000
059507,鴻海永豐99購03  ,0,0,0,0,0,0,0,0,0,15000,0,0,0,15000,0,15000,15000
059513,揚明光永豐99購01,0,0,0,0,0,0,0,0,0,15000,0,0,0,20000,5000,15000,15000
059315,鴻海元大99購30  ,0,0,0,0,0,0,0,0,0,15000,0,0,0,20000,5000,15000,15000
059910,鴻海元大99購37  ,0,0,0,0,0,0,0,0,0,15000,0,0,0,23000,8000,15000,15000
059880,世紀鋼凱基99購02,0,0,0,0,0,0,0,0,0,15000,0,0,0,25000,10000,15000,15000
056165,矽力凱基98購02  ,0,0,0,0,0,0,0,0,0,15000,0,0,0,15000,0,15000,15000
056396,祥碩永豐98購01  ,0,0,0,0,0,0,0,0,0,15000,0,0,0,15000,0,15000,15000
058206,祥碩凱基99購01  ,0,0,0,0,0,0,0,0,0,15000,0,0,0,17000,2000,15000,15000
057428,正崴兆豐98購01  ,0,0,0,0,0,0,0,0,0,15000,0,0,0,28000,13000,15000,15000
059765,嘉聯益永豐99購02,0,0,0,0,0,0,0,0,0,15000,0,0,0,79000,64000,15000,15000
060281,卜蜂元大9C購01  ,0,0,0,0,0,0,0,0,0,15000,0,0,0,15000,0,15000,15000
057233,聯發科凱基98購14,0,0,0,0,0,0,0,0,0,15000,0,0,0,18000,3000,15000,15000
057274,友達元大98購03  ,0,0,0,0,0,0,0,0,0,15000,0,0,0,15000,0,15000,15000
060469,台勝科元大9A購02,0,0,0,0,0,0,0,0,0,15000,0,0,0,20000,5000,15000,15000
060515,臺股指元大9B購12,0,0,0,0,0,0,0,0,0,15000,0,0,0,15000,0,15000,15000
060996,臻鼎元大9A購01  ,0,0,0,0,0,0,0,0,0,15000,0,0,0,15000,0,15000,15000
057694,臺股指凱基98購12,0,0,0,0,0,0,0,0,0,15000,0,0,0,190000,175000,15000,15000
060600,台積電凱基9C購01,0,0,0,0,0,0,0,0,0,15000,0,0,0,15000,0,15000,15000
06058P,玉晶光凱基97售04,0,0,0,0,0,0,0,0,0,15000,0,0,0,15000,0,15000,15000
060635,義隆永豐9A購01  ,0,0,0,0,0,0,0,0,0,15000,0,0,0,51000,36000,15000,15000
059082,華通元大99購06  ,0,0,0,0,0,0,0,0,0,15000,0,0,0,16000,1000,15000,15000
058912,祥碩元大99購01  ,0,0,0,0,0,0,0,0,0,15000,0,0,0,58000,43000,15000,15000
058920,SGBR2X元富99購06,0,0,0,0,0,0,0,0,0,15000,0,0,0,15000,0,15000,15000
063201,廣達統一01購01  ,0,0,0,0,0,0,0,0,0,15000,0,0,0,106000,91000,15000,15000
063360,茂林國泰9C購02  ,0,0,0,0,0,0,0,0,0,15000,0,0,0,214000,199000,15000,15000
063730,台積電元大9B購09,0,0,0,0,0,0,0,0,0,15000,0,0,0,90000,75000,15000,15000
063731,台積電元大9B購10,0,0,0,0,0,0,0,0,0,15000,0,0,0,706000,691000,15000,15000
063662,上銀統一01購03  ,0,0,0,0,0,0,0,0,0,15000,0,0,0,40000,25000,15000,15000
06369P,台積電凱基97售16,0,0,0,0,0,0,0,0,0,15000,0,0,0,15000,0,15000,15000
063493,金像電富邦01購01,0,0,0,0,0,0,0,0,0,15000,0,0,0,82000,67000,15000,15000
06262P,國巨凱基97售07  ,0,0,0,0,0,0,0,0,0,15000,0,0,0,15000,0,15000,15000
062693,中石化元大02購01,0,0,0,0,0,0,0,0,0,15000,0,0,0,24000,9000,15000,15000
062774,儒鴻元大9C購01  ,0,0,0,0,0,0,0,0,0,15000,0,0,0,18000,3000,15000,15000
063030,華通凱基9B購03  ,0,0,0,0,0,0,0,0,0,15000,0,0,0,15000,0,15000,15000
063095,健策國票9B購02  ,0,0,0,0,0,0,0,0,0,15000,0,0,0,25000,10000,15000,15000
063008,華通元大9B購06  ,0,0,0,0,0,0,0,0,0,15000,0,0,0,28000,13000,15000,15000
061964,台積電統一01購05,0,0,0,0,0,0,0,0,0,15000,0,0,0,72000,57000,15000,15000
062054,鴻海統一9C購06  ,0,0,0,0,0,0,0,0,0,15000,0,0,0,25000,10000,15000,15000
061693,華新科群益9B購02,0,0,0,0,0,0,0,0,0,15000,0,0,0,55000,40000,15000,15000
061674,聯發科元大9A購12,0,0,0,0,0,0,0,0,0,15000,0,0,0,56000,41000,15000,15000
061261,台積電凱基9B購03,0,0,0,0,0,0,0,0,0,15000,0,0,0,15000,0,15000,15000
061179,華擎凱基9A購01  ,0,0,0,0,0,0,0,0,0,15000,0,0,0,27000,12000,15000,15000
061198,世紀鋼永豐9A購03,0,0,0,0,0,0,0,0,0,15000,0,0,0,15000,0,15000,15000
4766,南寶            ,23000,8000,15000,0,0,0,0,0,0,0,0,0,0,0,0,0,15000
06582P,可成凱基98售06  ,0,0,0,0,0,0,0,0,0,14000,0,0,0,34000,20000,14000,14000
06638P,鴻海統一99售02  ,0,0,0,0,0,0,0,0,0,14000,0,0,0,100000,86000,14000,14000
064170,儒鴻元富9C購01  ,0,0,0,0,0,0,0,0,0,14000,0,0,0,14000,0,14000,14000
2461,光群雷          ,57000,45000,12000,0,0,0,0,0,0,2000,2000,0,2000,0,0,0,14000
1809,中釉            ,68000,54000,14000,0,0,0,0,0,0,0,0,0,0,0,0,0,14000
1805,寶徠            ,16000,1000,15000,0,0,0,0,0,0,-1000,0,1000,-1000,0,0,0,14000
1568,倉佑            ,23000,9000,14000,0,0,0,0,0,0,0,0,0,0,0,0,0,14000
3167,大量            ,14000,0,14000,0,0,0,0,0,0,0,0,0,0,0,0,0,14000
3528,安馳            ,13000,0,13000,0,0,0,0,0,0,1000,1000,0,1000,0,0,0,14000
3028,增你強          ,16000,3000,13000,0,0,0,0,0,0,1000,1000,0,1000,0,0,0,14000
1231,聯華食          ,34000,18000,16000,0,0,0,0,0,0,-2000,2000,4000,-2000,0,0,0,14000
08250P,GIS群益9C售02   ,0,0,0,0,0,0,0,0,0,14000,0,0,0,230000,216000,14000,14000
08243P,祥碩凱基9C售02  ,0,0,0,0,0,0,0,0,0,14000,0,0,0,15000,1000,14000,14000
08207P,金像電群益9B售05,0,0,0,0,0,0,0,0,0,14000,0,0,0,269000,255000,14000,14000
07930P,聯發科統一9B售06,0,0,0,0,0,0,0,0,0,14000,0,0,0,14000,0,14000,14000
056162,祥碩凱基97購03  ,0,0,0,0,0,0,0,0,0,14000,0,0,0,28000,14000,14000,14000
059578,智邦元富99購02  ,0,0,0,0,0,0,0,0,0,14000,0,0,0,14000,0,14000,14000
056534,京元電凱基98購01,0,0,0,0,0,0,0,0,0,14000,0,0,0,20000,6000,14000,14000
055374,明泰元大97購01  ,0,0,0,0,0,0,0,0,0,14000,0,0,0,14000,0,14000,14000
055806,致新永豐97購02  ,0,0,0,0,0,0,0,0,0,14000,0,0,0,30000,16000,14000,14000
046384,群創凱基98購02  ,0,0,0,0,0,0,0,0,0,14000,0,0,0,60000,46000,14000,14000
00743,國泰中國A150    ,0,0,0,0,0,0,0,0,0,14000,0,0,0,25000,11000,14000,14000
055474,欣興凱基97購05  ,0,0,0,0,0,0,0,0,0,14000,0,0,0,14000,0,14000,14000
053979,健策元大98購01  ,0,0,0,0,0,0,0,0,0,14000,0,0,0,15000,1000,14000,14000
056481,創意元大98購01  ,0,0,0,0,0,0,0,0,0,14000,0,0,0,68000,54000,14000,14000
056452,亞光凱基98購02  ,0,0,0,0,0,0,0,0,0,14000,0,0,0,14000,0,14000,14000
056467,上証2X元大98購02,0,0,0,0,0,0,0,0,0,14000,0,0,0,30000,16000,14000,14000
058105,旺宏統一9A購02  ,0,0,0,0,0,0,0,0,0,14000,0,0,0,16000,2000,14000,14000
059239,台積電凱基99購12,0,0,0,0,0,0,0,0,0,14000,0,0,0,34000,20000,14000,14000
060342,台積電統一02購01,0,0,0,0,0,0,0,0,0,14000,0,0,0,29000,15000,14000,14000
058267,奇鋐永豐99購01  ,0,0,0,0,0,0,0,0,0,14000,0,0,0,15000,1000,14000,14000
061743,祥碩凱基9B購02  ,0,0,0,0,0,0,0,0,0,14000,0,0,0,53000,39000,14000,14000
061620,禾伸堂群益9A購02,0,0,0,0,0,0,0,0,0,14000,0,0,0,14000,0,14000,14000
061556,台積電國票9A購08,0,0,0,0,0,0,0,0,0,14000,0,0,0,14000,0,14000,14000
061953,台積電台新9B購04,0,0,0,0,0,0,0,0,0,14000,0,0,0,14000,0,14000,14000
06182P,群創兆豐97售03  ,0,0,0,0,0,0,0,0,0,14000,0,0,0,32000,18000,14000,14000
062321,力成台新9B購01  ,0,0,0,0,0,0,0,0,0,14000,0,0,0,23000,9000,14000,14000
062958,長榮航麥證9B購01,0,0,0,19000,5000,14000,0,0,0,14000,0,0,0,19000,5000,14000,14000
062646,聯發科國泰01購02,0,0,0,0,0,0,0,0,0,14000,0,0,0,24000,10000,14000,14000
063761,嘉澤統一02購01  ,0,0,0,0,0,0,0,0,0,14000,0,0,0,48000,34000,14000,14000
063283,華新科元大9C購03,0,0,0,0,0,0,0,0,0,14000,0,0,0,147000,133000,14000,14000
8072,陞泰            ,28000,14000,14000,0,0,0,0,0,0,0,0,0,0,0,0,0,14000
8367,建新國際        ,14000,0,14000,0,0,0,0,0,0,0,0,0,0,0,0,0,14000
07888P,大立光國票9B售01,0,0,0,0,0,0,0,0,0,13000,0,0,0,13000,0,13000,13000
08076P,國巨群益9C售05  ,0,0,0,0,0,0,0,0,0,13000,0,0,0,13000,0,13000,13000
07775P,國巨群益9A售10  ,0,0,0,0,0,0,0,0,0,13000,0,0,0,13000,0,13000,13000
2483,百容            ,14000,1000,13000,0,0,0,0,0,0,0,0,0,0,0,0,0,13000
064158,健鼎統一02購01  ,0,0,0,0,0,0,0,0,0,13000,0,0,0,33000,20000,13000,13000
064198,超眾群益9C購01  ,0,0,0,0,0,0,0,0,0,13000,0,0,0,13000,0,13000,13000
064338,美食元大9C購01  ,0,0,0,0,0,0,0,0,0,13000,0,0,0,13000,0,13000,13000
063890,正隆群益9C購01  ,0,0,0,0,0,0,0,0,0,13000,0,0,0,13000,0,13000,13000
06461P,玉晶光國泰9A售01,0,0,0,0,0,0,0,0,0,13000,0,0,0,15000,2000,13000,13000
056430,鴻海凱基98購06  ,0,0,0,0,0,0,0,0,0,13000,0,0,0,13000,0,13000,13000
056904,大立光元大99購05,0,0,0,0,0,0,0,0,0,13000,0,0,0,20000,7000,13000,13000
052585,友達永豐97購01  ,0,0,0,0,0,0,0,0,0,13000,0,0,0,13000,0,13000,13000
0051,元大中型100     ,1000,1000,0,0,0,0,0,0,0,13000,0,0,0,23000,10000,13000,13000
047196,上銀統一97購01  ,0,0,0,0,0,0,0,0,0,13000,0,0,0,13000,0,13000,13000
054159,T50正2凱基99購01,0,0,0,0,0,0,0,0,0,13000,0,0,0,13000,0,13000,13000
03029X,元展26          ,0,0,0,0,0,0,0,0,0,13000,0,0,0,13000,0,13000,13000
055805,矽力永豐97購01  ,0,0,0,0,0,0,0,0,0,13000,0,0,0,13000,0,13000,13000
054996,聯陽元富97購01  ,0,0,0,0,0,0,0,0,0,13000,0,0,0,13000,0,13000,13000
056663,臺股指元大9A購10,0,0,0,0,0,0,0,0,0,13000,0,0,0,13000,0,13000,13000
05959P,聯發科國票98售01,0,0,0,0,0,0,0,0,0,13000,0,0,0,18000,5000,13000,13000
056385,創意國泰99購01  ,0,0,0,0,0,0,0,0,0,13000,0,0,0,43000,30000,13000,13000
058263,大成鋼永豐99購01,0,0,0,0,0,0,0,0,0,13000,0,0,0,13000,0,13000,13000
059037,宏達電群益99購02,0,0,0,0,0,0,0,0,0,13000,0,0,0,13000,0,13000,13000
058204,世芯凱基9A購01  ,0,0,0,0,0,0,0,0,0,13000,0,0,0,14000,1000,13000,13000
057326,景碩群益99購02  ,0,0,0,0,0,0,0,0,0,13000,0,0,0,13000,0,13000,13000
06047P,聯發科富邦99售04,0,0,0,0,0,0,0,0,0,13000,0,0,0,33000,20000,13000,13000
057283,欣興元大98購07  ,0,0,0,0,0,0,0,0,0,13000,0,0,0,75000,62000,13000,13000
057495,牧德元大99購04  ,0,0,0,0,0,0,0,0,0,13000,0,0,0,42000,29000,13000,13000
061028,聚陽永豐9A購01  ,0,0,0,0,0,0,0,0,0,13000,0,0,0,38000,25000,13000,13000
060864,可成永豐9A購01  ,0,0,0,0,0,0,0,0,0,13000,0,0,0,17000,4000,13000,13000
063282,奇力新元大9B購06,0,0,0,0,0,0,0,0,0,13000,0,0,0,24000,11000,13000,13000
063328,京元電國票9C購02,0,0,0,0,0,0,0,0,0,13000,0,0,0,51000,38000,13000,13000
063479,南六元大9B購06  ,0,0,0,0,0,0,0,0,0,13000,0,0,0,15000,2000,13000,13000
063418,京元電凱基9B購03,0,0,0,0,0,0,0,0,0,13000,0,0,0,13000,0,13000,13000
063556,儒鴻元大9B購02  ,0,0,0,0,0,0,0,0,0,13000,0,0,0,40000,27000,13000,13000
062654,技嘉永豐9B購01  ,0,0,0,0,0,0,0,0,0,13000,0,0,0,13000,0,13000,13000
062620,台表科元大9B購04,0,0,0,0,0,0,0,0,0,13000,0,0,0,72000,59000,13000,13000
062740,致伸國票9B購01  ,0,0,0,0,0,0,0,0,0,13000,0,0,0,220000,207000,13000,13000
062865,臺股指國票9B購22,0,0,0,0,0,0,0,0,0,13000,0,0,0,13000,0,13000,13000
062227,南六統一01購02  ,0,0,0,0,0,0,0,0,0,13000,0,0,0,31000,18000,13000,13000
062223,大立光統一9C購04,0,0,0,0,0,0,0,0,0,13000,0,0,0,13000,0,13000,13000
062403,健策永豐9B購06  ,0,0,0,0,0,0,0,0,0,13000,0,0,0,53000,40000,13000,13000
062404,新唐永豐9B購01  ,0,0,0,0,0,0,0,0,0,13000,0,0,0,30000,17000,13000,13000
062112,祥碩國票9C購01  ,0,0,0,0,0,0,0,0,0,13000,0,0,0,14000,1000,13000,13000
061155,華新科群益9A購06,0,0,0,0,0,0,0,0,0,13000,0,0,0,126000,113000,13000,13000
9917,中保科          ,82000,68000,14000,0,0,0,0,1000,-1000,0,0,0,0,0,0,0,13000
6024,群益期          ,43000,30000,13000,0,0,0,0,0,0,0,0,0,0,0,0,0,13000
06542P,台光電國票98售05,0,0,0,0,0,0,0,0,0,12000,0,0,0,12000,0,12000,12000
07145P,為升元大99售03  ,0,0,0,0,0,0,0,0,0,12000,0,0,0,12000,0,12000,12000
07293P,臺股指凱基99售45,0,0,0,0,0,0,0,0,0,12000,0,0,0,15000,3000,12000,12000
063847,聯發科元大9C購03,0,0,0,0,0,0,0,0,0,12000,0,0,0,239000,227000,12000,12000
064082,緯創中信06購01  ,0,0,0,0,0,0,0,0,0,12000,0,0,0,42000,30000,12000,12000
1521,大億            ,12000,0,12000,0,0,0,0,0,0,0,0,0,0,0,0,0,12000
3025,星通            ,14000,2000,12000,0,0,0,0,0,0,0,0,0,0,0,0,0,12000
2516,新建            ,16000,4000,12000,0,0,0,0,0,0,0,0,0,0,0,0,0,12000
4551,智伸科          ,117000,404000,-287000,0,0,0,266000,0,266000,33000,111000,19000,92000,0,59000,-59000,12000
08157P,大立光元富9B售06,0,0,0,0,0,0,0,0,0,12000,0,0,0,26000,14000,12000,12000
1340,勝悅-KY         ,52000,40000,12000,0,0,0,0,0,0,0,0,0,0,0,0,0,12000
1465,偉全            ,10000,0,10000,0,0,0,0,0,0,2000,2000,0,2000,0,0,0,12000
05954P,旺宏國票97售03  ,0,0,0,0,0,0,0,0,0,12000,0,0,0,12000,0,12000,12000
059646,聯茂凱基99購06  ,0,0,0,0,0,0,0,0,0,12000,0,0,0,32000,20000,12000,12000
059466,國巨元大99購26  ,0,0,0,0,0,0,0,0,0,12000,0,0,0,12000,0,12000,12000
056665,上証2X國票99購02,0,0,0,0,0,0,0,0,0,12000,0,0,0,25000,13000,12000,12000
054895,南電統一97購01  ,0,0,0,0,0,0,0,0,0,12000,0,0,0,16000,4000,12000,12000
055729,金寶元富99購01  ,0,0,0,0,0,0,0,0,0,12000,0,0,0,12000,0,12000,12000
055029,帆宣國泰99購01  ,0,0,0,0,0,0,0,0,0,12000,0,0,0,176000,164000,12000,12000
055039,神達富邦99購01  ,0,0,0,0,0,0,0,0,0,12000,0,0,0,33000,21000,12000,12000
055150,台積電元大98購04,0,0,0,0,0,0,0,0,0,12000,0,0,0,12000,0,12000,12000
054127,台積電元大96購21,0,0,0,0,0,0,0,0,0,12000,0,0,0,12000,0,12000,12000
052937,國巨兆豐97購01  ,0,0,0,0,0,0,0,0,0,12000,0,0,0,12000,0,12000,12000
035276,南亞科台新97購01,0,0,0,0,0,0,0,0,0,12000,0,0,0,22000,10000,12000,12000
051735,台積電國票96購06,0,0,0,0,0,0,0,0,0,12000,0,0,0,12000,0,12000,12000
053443,智邦凱基97購01  ,0,0,0,0,0,0,0,0,0,12000,0,0,0,60000,48000,12000,12000
053759,晶相光國泰98購01,0,0,0,0,0,0,0,0,0,12000,0,0,0,12000,0,12000,12000
053584,友達元大9B購02  ,0,0,0,0,0,0,0,0,0,12000,0,0,0,20000,8000,12000,12000
054704,玉晶光第一97購01,0,0,0,0,0,0,0,0,0,12000,0,0,0,12000,0,12000,12000
061003,南亞科兆豐9A購01,0,0,0,0,0,0,0,0,0,12000,0,0,0,118000,106000,12000,12000
060705,台光電富邦9B購01,0,0,0,0,0,0,0,0,0,12000,0,0,0,36000,24000,12000,12000
059202,禾聯碩永豐99購01,0,0,0,0,0,0,0,0,0,12000,0,0,0,12000,0,12000,12000
060567,華擎富邦9C購01  ,0,0,0,0,0,0,0,0,0,12000,0,0,0,24000,12000,12000,12000
058433,台積電統一9B購04,0,0,0,0,0,0,0,0,0,12000,0,0,0,35000,23000,12000,12000
058836,FBVIX中信03購05 ,0,0,0,0,0,0,0,0,0,12000,0,0,0,22000,10000,12000,12000
058654,鴻海中信03購01  ,0,0,0,0,0,0,0,0,0,12000,0,0,0,16000,4000,12000,12000
058644,元黃金富邦03購01,0,0,0,0,0,0,0,0,0,12000,0,0,0,12000,0,12000,12000
058579,聯發科群益99購04,0,0,0,0,0,0,0,0,0,12000,0,0,0,12000,0,12000,12000
058354,台積電凱基9A購06,0,0,0,0,0,0,0,0,0,12000,0,0,0,112000,100000,12000,12000
057772,台積電群益99購01,0,0,0,0,0,0,0,0,0,12000,0,0,0,16000,4000,12000,12000
060538,S&P反1凱基9A購01,0,0,0,0,0,0,0,0,0,12000,0,0,0,12000,0,12000,12000
058191,祥碩永豐99購01  ,0,0,0,0,0,0,0,0,0,12000,0,0,0,12000,0,12000,12000
058968,T50正2永豐99購01,0,0,0,0,0,0,0,0,0,12000,0,0,0,17000,5000,12000,12000
057471,昇陽半永豐98購02,0,0,0,0,0,0,0,0,0,12000,0,0,0,24000,12000,12000,12000
060240,富邦金元大9A購01,0,0,0,0,0,0,0,0,0,12000,0,0,0,144000,132000,12000,12000
060190,國泰金元富9A購01,0,0,0,0,0,0,0,0,0,12000,0,0,0,30000,18000,12000,12000
060164,合勤控永豐9A購01,0,0,0,0,0,0,0,0,0,12000,0,0,0,110000,98000,12000,12000
061130,牧德永豐9A購04  ,0,0,0,0,0,0,0,0,0,12000,0,0,0,12000,0,12000,12000
061803,巨大永豐9B購01  ,0,0,0,0,0,0,0,0,0,12000,0,0,0,12000,0,12000,12000
061677,泰碩元大9A購05  ,0,0,0,0,0,0,0,0,0,12000,0,0,0,12000,0,12000,12000
061696,南茂群益9A購01  ,0,0,0,0,0,0,0,0,0,12000,0,0,0,68000,56000,12000,12000
06165P,臺股指凱基9A售03,0,0,0,0,0,0,0,0,0,12000,0,0,0,12000,0,12000,12000
062132,神隆群益9B購01  ,0,0,0,0,0,0,0,0,0,12000,0,0,0,178000,166000,12000,12000
061819,茂林群益9B購01  ,0,0,0,0,0,0,0,0,0,12000,0,0,0,140000,128000,12000,12000
063037,聯發科凱基9C購02,0,0,0,0,0,0,0,0,0,12000,0,0,0,42000,30000,12000,12000
063154,南六元富9B購02  ,0,0,0,0,0,0,0,0,0,12000,0,0,0,12000,0,12000,12000
063161,祥碩富邦9B購02  ,0,0,0,0,0,0,0,0,0,12000,0,0,0,72000,60000,12000,12000
062769,臺股指凱基9B購13,0,0,0,0,0,0,0,0,0,12000,0,0,0,12000,0,12000,12000
062635,創意國票9B購01  ,0,0,0,0,0,0,0,0,0,12000,0,0,0,48000,36000,12000,12000
06320P,上銀統一97售04  ,0,0,0,0,0,0,0,0,0,12000,0,0,0,54000,42000,12000,12000
1452,宏益            ,11000,0,11000,0,0,0,0,0,0,0,0,0,0,0,0,0,11000
08271P,華通元富9C售01  ,0,0,0,0,0,0,0,0,0,11000,0,0,0,52000,41000,11000,11000
2939,凱羿-KY         ,82000,70000,12000,0,0,0,0,0,0,-1000,0,1000,-1000,0,0,0,11000
2423,固緯            ,30000,18000,12000,0,0,0,0,0,0,-1000,2000,3000,-1000,0,0,0,11000
064223,日電貿國票01購01,0,0,0,0,0,0,0,0,0,11000,0,0,0,11000,0,11000,11000
064035,GIS元大9C購03   ,0,0,0,0,0,0,0,0,0,11000,0,0,0,13000,2000,11000,11000
07494P,葡萄王元大9A售03,0,0,0,0,0,0,0,0,0,11000,0,0,0,11000,0,11000,11000
07134P,臺股指元大9A售28,0,0,0,0,0,0,0,0,0,11000,0,0,0,41000,30000,11000,11000
07233P,台灣50元大99售04,0,0,0,0,0,0,0,0,0,11000,0,0,0,30000,19000,11000,11000
07174P,臺股指國票99售11,0,0,0,0,0,0,0,0,0,11000,0,0,0,413000,402000,11000,11000
053585,友達元大9C購03  ,0,0,0,0,0,0,0,0,0,11000,0,0,0,11000,0,11000,11000
0054,元大台商50      ,0,0,0,0,0,0,0,0,0,11000,0,0,0,45000,34000,11000,11000
051381,玉晶光群益98購01,0,0,0,0,0,0,0,0,0,11000,0,0,0,11000,0,11000,11000
054259,健策元大97購03  ,0,0,0,0,0,0,0,0,0,11000,0,0,0,21000,10000,11000,11000
047969,台達電富邦97購01,0,0,0,0,0,0,0,0,0,11000,0,0,0,21000,10000,11000,11000
049799,旺宏元大96購01  ,0,0,0,0,0,0,0,0,0,11000,0,0,0,11000,0,11000,11000
055904,貿聯亞東99購01  ,0,0,0,0,0,0,0,0,0,11000,0,0,0,11000,0,11000,11000
056555,矽創凱基98購01  ,0,0,0,0,0,0,0,0,0,11000,0,0,0,11000,0,11000,11000
056159,牧德凱基99購01  ,0,0,0,0,0,0,0,0,0,11000,0,0,0,11000,0,11000,11000
056114,台達電群益97購02,0,0,0,0,0,0,0,0,0,11000,0,0,0,102000,91000,11000,11000
056065,奇鋐元大97購01  ,0,0,0,0,0,0,0,0,0,11000,0,0,0,71000,60000,11000,11000
060019,彰銀康和99購01  ,0,0,0,0,0,0,0,0,0,11000,0,0,0,110000,99000,11000,11000
058238,奇鋐元大99購02  ,0,0,0,0,0,0,0,0,0,11000,0,0,0,15000,4000,11000,11000
060290,興富發元大9C購01,0,0,0,0,0,0,0,0,0,11000,0,0,0,21000,10000,11000,11000
060015,國巨康和99購03  ,0,0,0,0,0,0,0,0,0,11000,0,0,0,30000,19000,11000,11000
057818,泰碩元大9A購01  ,0,0,0,0,0,0,0,0,0,11000,0,0,0,97000,86000,11000,11000
057548,微星凱基99購01  ,0,0,0,0,0,0,0,0,0,11000,0,0,0,64000,53000,11000,11000
058723,元石油國泰9A購01,0,0,0,0,0,0,0,0,0,11000,0,0,0,12000,1000,11000,11000
058883,旭富永豐99購01  ,0,0,0,0,0,0,0,0,0,11000,0,0,0,11000,0,11000,11000
058800,健策元大99購03  ,0,0,0,0,0,0,0,0,0,11000,0,0,0,11000,0,11000,11000
058067,台積電第一9C購01,0,0,0,0,0,0,0,0,0,11000,0,0,0,11000,0,11000,11000
058055,華擎統一9A購01  ,0,0,0,0,0,0,0,0,0,11000,0,0,0,11000,0,11000,11000
057902,嘉晶永豐98購02  ,0,0,0,0,0,0,0,0,0,11000,0,0,0,47000,36000,11000,11000
057682,台積電日盛9A購03,0,0,0,0,0,0,0,0,0,11000,0,0,0,11000,0,11000,11000
061017,國泰金麥證9A購01,0,0,0,20000,9000,11000,0,0,0,11000,0,0,0,20000,9000,11000,11000
063390,嘉晶兆豐9B購01  ,0,0,0,0,0,0,0,0,0,11000,0,0,0,39000,28000,11000,11000
062864,臺股指國票9B購21,0,0,0,0,0,0,0,0,0,11000,0,0,0,19000,8000,11000,11000
062992,聯發科群益9B購09,0,0,0,0,0,0,0,0,0,11000,0,0,0,21000,10000,11000,11000
062234,廣達凱基9B購01  ,0,0,0,0,0,0,0,0,0,11000,0,0,0,11000,0,11000,11000
061597,南六永豐9A購04  ,0,0,0,0,0,0,0,0,0,11000,0,0,0,13000,2000,11000,11000
061078,台積電兆豐9A購01,0,0,0,0,0,0,0,0,0,11000,0,0,0,61000,50000,11000,11000
07223P,鴻海元大99售29  ,0,0,0,0,0,0,0,0,0,10000,0,0,0,10000,0,10000,10000
07114P,旺宏兆豐9A售01  ,0,0,0,0,0,0,0,0,0,10000,0,0,0,10000,0,10000,10000
07069P,欣興元富99售02  ,0,0,0,0,0,0,0,0,0,10000,0,0,0,10000,0,10000,10000
07534P,台灣50群益9A售12,0,0,0,0,0,0,0,0,0,10000,0,0,0,10000,0,10000,10000
07442P,華航康和9A售02  ,0,0,0,0,0,0,0,0,0,10000,0,0,0,10000,0,10000,10000
07625P,台灣50凱基01售06,0,0,0,0,0,0,0,0,0,10000,0,0,0,10000,0,10000,10000
07284P,大立光凱基99售10,0,0,0,0,0,0,0,0,0,10000,0,0,0,10000,0,10000,10000
07274P,上証2X群益01售01,0,0,0,0,0,0,0,0,0,10000,0,0,0,10000,0,10000,10000
07304P,臺股指元大9A售37,0,0,0,0,0,0,0,0,0,10000,0,0,0,275000,265000,10000,10000
07309P,聯發科凱基99售18,0,0,0,0,0,0,0,0,0,10000,0,0,0,10000,0,10000,10000
07386P,臺股指群益99售24,0,0,0,0,0,0,0,0,0,10000,0,0,0,10000,0,10000,10000
07371P,滬深2X元大99售07,0,0,0,0,0,0,0,0,0,10000,0,0,0,10000,0,10000,10000
07410P,鴻海元大99售44  ,0,0,0,0,0,0,0,0,0,10000,0,0,0,40000,30000,10000,10000
06558P,旺宏元富98售02  ,0,0,0,0,0,0,0,0,0,10000,0,0,0,10000,0,10000,10000
06622P,牧德元大98售01  ,0,0,0,0,0,0,0,0,0,10000,0,0,0,10000,0,10000,10000
06475P,牧德永豐98售03  ,0,0,0,0,0,0,0,0,0,10000,0,0,0,10000,0,10000,10000
06485P,玉晶光群益9A售02,0,0,0,0,0,0,0,0,0,10000,0,0,0,10000,0,10000,10000
06722P,臺股指中信9A售04,0,0,0,0,0,0,0,0,0,10000,0,0,0,10000,0,10000,10000
063935,上証2X元大9C購05,0,0,0,0,0,0,0,0,0,10000,0,0,0,10000,0,10000,10000
063840,鴻海元大01購01  ,0,0,0,0,0,0,0,0,0,10000,0,0,0,16000,6000,10000,10000
063816,TPK群益9C購01   ,0,0,0,0,0,0,0,0,0,10000,0,0,0,91000,81000,10000,10000
063797,台積電凱基02購02,0,0,0,0,0,0,0,0,0,10000,0,0,0,100000,90000,10000,10000
063785,華通中信06購02  ,0,0,0,0,0,0,0,0,0,10000,0,0,0,10000,0,10000,10000
063917,南六凱基02購01  ,0,0,0,0,0,0,0,0,0,10000,0,0,0,10000,0,10000,10000
06387P,緯穎永豐97售02  ,0,0,0,0,0,0,0,0,0,10000,0,0,0,10000,0,10000,10000
064220,力山國票01購01  ,0,0,0,0,0,0,0,0,0,10000,0,0,0,10000,0,10000,10000
064203,康控兆豐9C購02  ,0,0,0,0,0,0,0,0,0,10000,0,0,0,20000,10000,10000,10000
06437P,玉晶光國票99售01,0,0,0,0,0,0,0,0,0,10000,0,0,0,10000,0,10000,10000
06423P,亞光台新97售01  ,0,0,0,0,0,0,0,0,0,10000,0,0,0,10000,0,10000,10000
064277,可成元大9C購04  ,0,0,0,0,0,0,0,0,0,10000,0,0,0,12000,2000,10000,10000
2358,廷鑫            ,15000,5000,10000,0,0,0,0,0,0,0,0,0,0,0,0,0,10000
1525,江申            ,11000,0,11000,0,0,0,0,0,0,-1000,0,1000,-1000,0,0,0,10000
1727,中華化          ,10000,0,10000,0,0,0,0,0,0,0,0,0,0,0,0,0,10000
2009,第一銅          ,16000,6000,10000,0,0,0,0,0,0,0,0,0,0,0,0,0,10000
2540,愛山林          ,11000,1000,10000,0,0,0,0,0,0,0,0,0,0,0,0,0,10000
2881A,富邦特          ,8000,0,8000,0,0,0,0,0,0,2000,2000,0,2000,0,0,0,10000
4545,銘鈺            ,17000,9000,8000,0,0,0,0,0,0,2000,2000,0,2000,0,0,0,10000
3266,昇陽            ,13000,3000,10000,0,0,0,0,0,0,0,0,0,0,0,0,0,10000
08257P,台積電元大9C售04,0,0,0,0,0,0,0,0,0,10000,0,0,0,10000,0,10000,10000
08246P,亞德客群益01售01,0,0,0,0,0,0,0,0,0,10000,0,0,0,31000,21000,10000,10000
08216P,聯發科群益9C售05,0,0,0,0,0,0,0,0,0,10000,0,0,0,50000,40000,10000,10000
08220P,華邦電凱基9B售02,0,0,0,0,0,0,0,0,0,10000,0,0,0,20000,10000,10000,10000
08145P,台灣50群益9B售11,0,0,0,0,0,0,0,0,0,10000,0,0,0,30000,20000,10000,10000
1473,台南            ,55000,45000,10000,0,0,0,0,0,0,0,0,0,0,0,0,0,10000
08320P,智邦統一9C售02  ,0,0,0,0,0,0,0,0,0,10000,0,0,0,33000,23000,10000,10000
07782P,寶成凱基9A售02  ,0,0,0,0,0,0,0,0,0,10000,0,0,0,10000,0,10000,10000
07763P,嘉澤永豐9A售02  ,0,0,0,0,0,0,0,0,0,10000,0,0,0,10000,0,10000,10000
07841P,臻鼎元大9A售04  ,0,0,0,0,0,0,0,0,0,10000,0,0,0,10000,0,10000,10000
07819P,旺宏國票9B售01  ,0,0,0,0,0,0,0,0,0,10000,0,0,0,90000,80000,10000,10000
07741P,滬深2X凱基9B售04,0,0,0,0,0,0,0,0,0,10000,0,0,0,10000,0,10000,10000
07657P,技嘉凱基9A售03  ,0,0,0,0,0,0,0,0,0,10000,0,0,0,30000,20000,10000,10000
08091P,A50正2元富9B售02,0,0,0,0,0,0,0,0,0,10000,0,0,0,10000,0,10000,10000
08047P,臺股指國票9B售12,0,0,0,0,0,0,0,0,0,10000,0,0,0,10000,0,10000,10000
07967P,力山元大9B售03  ,0,0,0,0,0,0,0,0,0,10000,0,0,0,25000,15000,10000,10000
056037,美律凱基98購03  ,0,0,0,0,0,0,0,0,0,10000,0,0,0,10000,0,10000,10000
056030,華通日盛97購01  ,0,0,0,0,0,0,0,0,0,10000,0,0,0,10000,0,10000,10000
056000,佳世達永豐97購01,0,0,0,0,0,0,0,0,0,10000,0,0,0,10000,0,10000,10000
055938,矽力群益97購01  ,0,0,0,0,0,0,0,0,0,10000,0,0,0,10000,0,10000,10000
055971,矽力元大97購05  ,0,0,0,0,0,0,0,0,0,10000,0,0,0,57000,47000,10000,10000
055951,大成鋼元大97購02,0,0,0,0,0,0,0,0,0,10000,0,0,0,10000,0,10000,10000
056124,華通國票98購02  ,0,0,0,0,0,0,0,0,0,10000,0,0,0,10000,0,10000,10000
056411,緯穎國票99購01  ,0,0,0,0,0,0,0,0,0,10000,0,0,0,102000,92000,10000,10000
056291,聯茂永豐97購03  ,0,0,0,0,0,0,0,0,0,10000,0,0,0,10000,0,10000,10000
056325,群創兆豐9A購01  ,0,0,0,0,0,0,0,0,0,10000,0,0,0,10000,0,10000,10000
059390,華新科凱基99購05,0,0,0,0,0,0,0,0,0,10000,0,0,0,12000,2000,10000,10000
059401,牧德元富99購01  ,0,0,0,0,0,0,0,0,0,10000,0,0,0,10000,0,10000,10000
059325,超眾元大99購05  ,0,0,0,0,0,0,0,0,0,10000,0,0,0,10000,0,10000,10000
059344,長榮航凱基99購01,0,0,0,0,0,0,0,0,0,10000,0,0,0,20000,10000,10000,10000
059349,台郡凱基99購04  ,0,0,0,0,0,0,0,0,0,10000,0,0,0,10000,0,10000,10000
056858,國巨群益99購03  ,0,0,0,0,0,0,0,0,0,10000,0,0,0,10000,0,10000,10000
059853,超眾永豐99購03  ,0,0,0,0,0,0,0,0,0,10000,0,0,0,10000,0,10000,10000
059868,台光電凱基99購03,0,0,0,0,0,0,0,0,0,10000,0,0,0,20000,10000,10000,10000
059645,祥碩凱基99購05  ,0,0,0,0,0,0,0,0,0,10000,0,0,0,17000,7000,10000,10000
059705,華新科凱基9A購07,0,0,0,0,0,0,0,0,0,10000,0,0,0,11000,1000,10000,10000
059691,大立光永豐99購02,0,0,0,0,0,0,0,0,0,10000,0,0,0,10000,0,10000,10000
059526,鴻海凱基99購12  ,0,0,0,0,0,0,0,0,0,10000,0,0,0,10000,0,10000,10000
059528,華新科凱基99購06,0,0,0,0,0,0,0,0,0,10000,0,0,0,12000,2000,10000,10000
059529,華新科凱基9A購04,0,0,0,0,0,0,0,0,0,10000,0,0,0,10000,0,10000,10000
059635,華新科凱基9A購06,0,0,0,0,0,0,0,0,0,10000,0,0,0,11000,1000,10000,10000
059631,京元電凱基99購02,0,0,0,0,0,0,0,0,0,10000,0,0,0,30000,20000,10000,10000
056532,技嘉凱基98購01  ,0,0,0,0,0,0,0,0,0,10000,0,0,0,14000,4000,10000,10000
056519,創意國票99購01  ,0,0,0,0,0,0,0,0,0,10000,0,0,0,49000,39000,10000,10000
054886,大毅統一97購01  ,0,0,0,0,0,0,0,0,0,10000,0,0,0,10000,0,10000,10000
054925,神達凱基97購01  ,0,0,0,0,0,0,0,0,0,10000,0,0,0,30000,20000,10000,10000
054929,群電凱基97購01  ,0,0,0,0,0,0,0,0,0,10000,0,0,0,40000,30000,10000,10000
054760,台化國票9A購01  ,0,0,0,0,0,0,0,0,0,10000,0,0,0,20000,10000,10000,10000
056651,聯茂凱基98購04  ,0,0,0,0,0,0,0,0,0,10000,0,0,0,20000,10000,10000,10000
056623,禾伸堂永豐98購01,0,0,0,0,0,0,0,0,0,10000,0,0,0,10000,0,10000,10000
055907,台虹兆豐98購01  ,0,0,0,0,0,0,0,0,0,10000,0,0,0,10000,0,10000,10000
056763,國巨元大99購02  ,0,0,0,0,0,0,0,0,0,10000,0,0,0,11000,1000,10000,10000
055844,大毅元大98購01  ,0,0,0,0,0,0,0,0,0,10000,0,0,0,10000,0,10000,10000
055867,臺股指元大97購05,0,0,0,0,0,0,0,0,0,10000,0,0,0,10000,0,10000,10000
055363,緯穎凱基98購03  ,0,0,0,0,0,0,0,0,0,10000,0,0,0,10000,0,10000,10000
055359,超眾凱基97購01  ,0,0,0,0,0,0,0,0,0,10000,0,0,0,40000,30000,10000,10000
055394,健策統一97購01  ,0,0,0,0,0,0,0,0,0,10000,0,0,0,300000,290000,10000,10000
055416,欣興富邦98購01  ,0,0,0,0,0,0,0,0,0,10000,0,0,0,10000,0,10000,10000
055151,台積電元大98購05,0,0,0,0,0,0,0,0,0,10000,0,0,0,10000,0,10000,10000
055142,健策永豐98購01  ,0,0,0,0,0,0,0,0,0,10000,0,0,0,27000,17000,10000,10000
055060,聯陽永豐97購01  ,0,0,0,0,0,0,0,0,0,10000,0,0,0,10000,0,10000,10000
055272,國巨元大98購04  ,0,0,0,0,0,0,0,0,0,10000,0,0,0,10000,0,10000,10000
055157,晶豪科元大97購01,0,0,0,0,0,0,0,0,0,10000,0,0,0,10000,0,10000,10000
055159,玉晶光元大98購05,0,0,0,0,0,0,0,0,0,10000,0,0,0,10000,0,10000,10000
050026,友達元大96購01  ,0,0,0,0,0,0,0,0,0,10000,0,0,0,10000,0,10000,10000
049485,台積電元大96購03,0,0,0,0,0,0,0,0,0,10000,0,0,0,33000,23000,10000,10000
050220,台積電元富96購01,0,0,0,0,0,0,0,0,0,10000,0,0,0,10000,0,10000,10000
050566,高股息中信97購02,0,0,0,0,0,0,0,0,0,10000,0,0,0,10000,0,10000,10000
054060,晶技國票97購02  ,0,0,0,0,0,0,0,0,0,10000,0,0,0,10000,0,10000,10000
050797,聯發科中信99購01,0,0,0,0,0,0,0,0,0,10000,0,0,0,10000,0,10000,10000
054244,華新元大96購01  ,0,0,0,0,0,0,0,0,0,10000,0,0,0,10000,0,10000,10000
054319,世紀鋼凱基96購02,0,0,0,0,0,0,0,0,0,10000,0,0,0,10000,0,10000,10000
054163,燿華凱基97購02  ,0,0,0,0,0,0,0,0,0,10000,0,0,0,10000,0,10000,10000
052313,聯電元大98購01  ,0,0,0,0,0,0,0,0,0,10000,0,0,0,16000,6000,10000,10000
052316,台積電元大96購10,0,0,0,0,0,0,0,0,0,10000,0,0,0,10000,0,10000,10000
052942,聯發科中信97購04,0,0,0,0,0,0,0,0,0,10000,0,0,0,14000,4000,10000,10000
052978,貿聯麥證97購01  ,0,0,0,10000,0,10000,0,0,0,10000,0,0,0,10000,0,10000,10000
052959,聯電凱基97購01  ,0,0,0,0,0,0,0,0,0,10000,0,0,0,10000,0,10000,10000
053022,欣興國泰98購01  ,0,0,0,0,0,0,0,0,0,10000,0,0,0,10000,0,10000,10000
0053,元大電子        ,0,0,0,0,0,0,0,0,0,10000,0,0,0,13000,3000,10000,10000
051736,旺宏國票96購01  ,0,0,0,0,0,0,0,0,0,10000,0,0,0,10000,0,10000,10000
051755,台積電元大96購08,0,0,0,0,0,0,0,0,0,10000,0,0,0,10000,0,10000,10000
051592,健策元大96購05  ,0,0,0,0,0,0,0,0,0,10000,0,0,0,10000,0,10000,10000
052077,可成元富98購02  ,0,0,0,0,0,0,0,0,0,10000,0,0,0,10000,0,10000,10000
052011,欣興中信96購01  ,0,0,0,0,0,0,0,0,0,10000,0,0,0,10000,0,10000,10000
051913,緯創元大96購01  ,0,0,0,0,0,0,0,0,0,10000,0,0,0,10000,0,10000,10000
051931,美律國票96購02  ,0,0,0,0,0,0,0,0,0,10000,0,0,0,26000,16000,10000,10000
035277,景碩台新97購01  ,0,0,0,0,0,0,0,0,0,10000,0,0,0,10000,0,10000,10000
03603P,群創凱基98售04  ,0,0,0,0,0,0,0,0,0,10000,0,0,0,10000,0,10000,10000
047211,華新科富邦99購01,0,0,0,0,0,0,0,0,0,10000,0,0,0,10000,0,10000,10000
045444,群創元富98購02  ,0,0,0,0,0,0,0,0,0,10000,0,0,0,10000,0,10000,10000
045837,群創群益98購02  ,0,0,0,0,0,0,0,0,0,10000,0,0,0,10000,0,10000,10000
053660,群創凱基98購08  ,0,0,0,0,0,0,0,0,0,10000,0,0,0,29000,19000,10000,10000
053595,創意元大96購02  ,0,0,0,0,0,0,0,0,0,10000,0,0,0,10000,0,10000,10000
053774,台達電元大96購04,0,0,0,0,0,0,0,0,0,10000,0,0,0,10000,0,10000,10000
053798,台積電中信98購02,0,0,0,0,0,0,0,0,0,10000,0,0,0,10000,0,10000,10000
054410,國巨元大96購14  ,0,0,0,0,0,0,0,0,0,10000,0,0,0,10000,0,10000,10000
053868,群創元大99購02  ,0,0,0,0,0,0,0,0,0,10000,0,0,0,10000,0,10000,10000
054567,拓凱群益98購01  ,0,0,0,0,0,0,0,0,0,10000,0,0,0,70000,60000,10000,10000
054416,禾伸堂元大97購01,0,0,0,0,0,0,0,0,0,10000,0,0,0,10000,0,10000,10000
054461,台積電凱基97購09,0,0,0,0,0,0,0,0,0,10000,0,0,0,10000,0,10000,10000
054504,聯鈞永豐96購01  ,0,0,0,0,0,0,0,0,0,10000,0,0,0,10000,0,10000,10000
052546,友達中信98購01  ,0,0,0,0,0,0,0,0,0,10000,0,0,0,10000,0,10000,10000
052705,超眾國票97購01  ,0,0,0,0,0,0,0,0,0,10000,0,0,0,10000,0,10000,10000
053351,A50正2兆豐97購01,0,0,0,0,0,0,0,0,0,10000,0,0,0,10000,0,10000,10000
054588,玉晶光國泰99購02,0,0,0,0,0,0,0,0,0,10000,0,0,0,10000,0,10000,10000
055450,台積電元富97購01,0,0,0,0,0,0,0,0,0,10000,0,0,0,10000,0,10000,10000
055571,鴻海統一97購03  ,0,0,0,0,0,0,0,0,0,10000,0,0,0,10000,0,10000,10000
055526,台積電群益97購02,0,0,0,0,0,0,0,0,0,10000,0,0,0,10000,0,10000,10000
056893,智邦元大98購02  ,0,0,0,0,0,0,0,0,0,10000,0,0,0,13000,3000,10000,10000
05693P,滬深2X凱基98售02,0,0,0,0,0,0,0,0,0,10000,0,0,0,10000,0,10000,10000
056960,光罩永豐98購01  ,0,0,0,0,0,0,0,0,0,10000,0,0,0,10000,0,10000,10000
061007,聯詠兆豐9A購01  ,0,0,0,0,0,0,0,0,0,10000,0,0,0,10000,0,10000,10000
060960,金像電凱基9B購01,0,0,0,0,0,0,0,0,0,10000,0,0,0,40000,30000,10000,10000
060869,超眾永豐9A購02  ,0,0,0,0,0,0,0,0,0,10000,0,0,0,10000,0,10000,10000
060887,台積電統一01購01,0,0,0,0,0,0,0,0,0,10000,0,0,0,10000,0,10000,10000
060921,中橡永豐9A購02  ,0,0,0,0,0,0,0,0,0,10000,0,0,0,10000,0,10000,10000
060929,健策永豐9A購01  ,0,0,0,0,0,0,0,0,0,10000,0,0,0,46000,36000,10000,10000
060949,祥碩中信9A購01  ,0,0,0,0,0,0,0,0,0,10000,0,0,0,10000,0,10000,10000
06093P,華通元富97售03  ,0,0,0,0,0,0,0,0,0,10000,0,0,0,10000,0,10000,10000
060673,旺宏元大9A購04  ,0,0,0,0,0,0,0,0,0,10000,0,0,0,10000,0,10000,10000
060710,上銀永豐9A購01  ,0,0,0,0,0,0,0,0,0,10000,0,0,0,10000,0,10000,10000
060777,茂林凱基9C購01  ,0,0,0,0,0,0,0,0,0,10000,0,0,0,10000,0,10000,10000
060793,微星永豐9A購01  ,0,0,0,0,0,0,0,0,0,10000,0,0,0,10000,0,10000,10000
060807,新光金群益9A購01,0,0,0,0,0,0,0,0,0,10000,0,0,0,275000,265000,10000,10000
057711,台積電統一9A購03,0,0,0,0,0,0,0,0,0,10000,0,0,0,10000,0,10000,10000
057659,台表科兆豐98購01,0,0,0,0,0,0,0,0,0,10000,0,0,0,10000,0,10000,10000
060608,玉晶光凱基9A購08,0,0,0,0,0,0,0,0,0,10000,0,0,0,10000,0,10000,10000
060657,旺宏統一9B購05  ,0,0,0,0,0,0,0,0,0,10000,0,0,0,10000,0,10000,10000
060655,國巨統一9B購06  ,0,0,0,0,0,0,0,0,0,10000,0,0,0,10000,0,10000,10000
059192,臺股指富邦9C購01,0,0,0,0,0,0,0,0,0,10000,0,0,0,10000,0,10000,10000
058449,台積電永豐99購01,0,0,0,0,0,0,0,0,0,10000,0,0,0,10000,0,10000,10000
058493,台積電群益9A購01,0,0,0,0,0,0,0,0,0,10000,0,0,0,10000,0,10000,10000
058482,祥碩凱基99購02  ,0,0,0,0,0,0,0,0,0,10000,0,0,0,10000,0,10000,10000
057913,健策日盛98購01  ,0,0,0,0,0,0,0,0,0,10000,0,0,0,10000,0,10000,10000
057920,奇力新凱基98購08,0,0,0,0,0,0,0,0,0,10000,0,0,0,10000,0,10000,10000
057873,義隆元大98購03  ,0,0,0,0,0,0,0,0,0,10000,0,0,0,90000,80000,10000,10000
058020,大立光凱基99購03,0,0,0,0,0,0,0,0,0,10000,0,0,0,10000,0,10000,10000
058006,台郡群益98購04  ,0,0,0,0,0,0,0,0,0,10000,0,0,0,10000,0,10000,10000
057995,華新科中信98購02,0,0,0,0,0,0,0,0,0,10000,0,0,0,10000,0,10000,10000
057958,禾伸堂元大99購05,0,0,0,0,0,0,0,0,0,10000,0,0,0,32000,22000,10000,10000
058090,聯發科元大98購16,0,0,0,0,0,0,0,0,0,10000,0,0,0,10000,0,10000,10000
059127,國巨中信99購04  ,0,0,0,0,0,0,0,0,0,10000,0,0,0,10000,0,10000,10000
059118,晶技永豐9A購01  ,0,0,0,0,0,0,0,0,0,10000,0,0,0,10000,0,10000,10000
059165,南亞科凱基99購04,0,0,0,0,0,0,0,0,0,10000,0,0,0,10000,0,10000,10000
058919,SGBR2X元富99購05,0,0,0,0,0,0,0,0,0,10000,0,0,0,10000,0,10000,10000
058810,國巨統一9B購04  ,0,0,0,0,0,0,0,0,0,10000,0,0,0,10000,0,10000,10000
058851,大立光群益99購07,0,0,0,0,0,0,0,0,0,10000,0,0,0,26000,16000,10000,10000
058686,祥碩凱基99購03  ,0,0,0,0,0,0,0,0,0,10000,0,0,0,14000,4000,10000,10000
058673,華新科群益9A購02,0,0,0,0,0,0,0,0,0,10000,0,0,0,10000,0,10000,10000
058652,SGBR2X中信01購01,0,0,0,0,0,0,0,0,0,10000,0,0,0,10000,0,10000,10000
058591,台灣50統一9B購02,0,0,0,0,0,0,0,0,0,10000,0,0,0,10000,0,10000,10000
058597,瑞昱台新99購01  ,0,0,0,0,0,0,0,0,0,10000,0,0,0,10000,0,10000,10000
058571,緯穎凱基9A購02  ,0,0,0,0,0,0,0,0,0,10000,0,0,0,10000,0,10000,10000
058551,義隆永豐99購03  ,0,0,0,0,0,0,0,0,0,10000,0,0,0,30000,20000,10000,10000
057546,台積電凱基02購01,0,0,0,0,0,0,0,0,0,10000,0,0,0,10000,0,10000,10000
05778P,台積電統一96售05,0,0,0,0,0,0,0,0,0,10000,0,0,0,10000,0,10000,10000
05776P,鴻海統一98售02  ,0,0,0,0,0,0,0,0,0,10000,0,0,0,10000,0,10000,10000
057500,神達群益98購01  ,0,0,0,0,0,0,0,0,0,10000,0,0,0,10000,0,10000,10000
057513,智邦台新98購01  ,0,0,0,0,0,0,0,0,0,10000,0,0,0,10000,0,10000,10000
057300,訊連永豐98購01  ,0,0,0,0,0,0,0,0,0,10000,0,0,0,10000,0,10000,10000
057230,建準凱基98購02  ,0,0,0,0,0,0,0,0,0,10000,0,0,0,30000,20000,10000,10000
060013,S&P正2康和99購01,0,0,0,0,0,0,0,0,0,10000,0,0,0,10000,0,10000,10000
059939,技嘉永豐99購01  ,0,0,0,0,0,0,0,0,0,10000,0,0,0,10000,0,10000,10000
060267,上緯控國票9C購01,0,0,0,0,0,0,0,0,0,10000,0,0,0,10000,0,10000,10000
059959,訊芯康和99購01  ,0,0,0,0,0,0,0,0,0,10000,0,0,0,10000,0,10000,10000
060436,巨大永豐9A購01  ,0,0,0,0,0,0,0,0,0,10000,0,0,0,10000,0,10000,10000
060446,A50正2元大9A購01,0,0,0,0,0,0,0,0,0,10000,0,0,0,10000,0,10000,10000
060367,緯穎元富9A購02  ,0,0,0,0,0,0,0,0,0,10000,0,0,0,637000,627000,10000,10000
060535,群創麥證9A購01  ,0,0,0,17000,7000,10000,0,0,0,10000,0,0,0,17000,7000,10000,10000
060530,聯發科中信9C購03,0,0,0,0,0,0,0,0,0,10000,0,0,0,10000,0,10000,10000
060525,台積電中信01購04,0,0,0,0,0,0,0,0,0,10000,0,0,0,10000,0,10000,10000
060496,滬深2X元大9A購05,0,0,0,0,0,0,0,0,0,10000,0,0,0,10000,0,10000,10000
057044,旺宏元大98購08  ,0,0,0,0,0,0,0,0,0,10000,0,0,0,10000,0,10000,10000
058940,聯發科中信9A購03,0,0,0,0,0,0,0,0,0,10000,0,0,0,10000,0,10000,10000
057379,寶成元大98購02  ,0,0,0,0,0,0,0,0,0,10000,0,0,0,10000,0,10000,10000
057370,可成元大98購07  ,0,0,0,0,0,0,0,0,0,10000,0,0,0,11000,1000,10000,10000
059789,貿聯元大9A購02  ,0,0,0,0,0,0,0,0,0,10000,0,0,0,10000,0,10000,10000
059830,台郡凱基99購05  ,0,0,0,0,0,0,0,0,0,10000,0,0,0,10000,0,10000,10000
059936,台積電永豐99購06,0,0,0,0,0,0,0,0,0,10000,0,0,0,10000,0,10000,10000
059044,聯電日盛99購02  ,0,0,0,0,0,0,0,0,0,10000,0,0,0,10000,0,10000,10000
059048,元油2X凱基9A購11,0,0,0,0,0,0,0,0,0,10000,0,0,0,10000,0,10000,10000
059007,南電元大99購05  ,0,0,0,0,0,0,0,0,0,10000,0,0,0,52000,42000,10000,10000
060018,國產康和99購01  ,0,0,0,0,0,0,0,0,0,10000,0,0,0,20000,10000,10000,10000
060101,大立光元大99購31,0,0,0,0,0,0,0,0,0,10000,0,0,0,10000,0,10000,10000
06008P,燿華統一96售04  ,0,0,0,0,0,0,0,0,0,10000,0,0,0,10000,0,10000,10000
060231,台積電元大9A購08,0,0,0,0,0,0,0,0,0,10000,0,0,0,10000,0,10000,10000
061108,臻鼎元大9A購02  ,0,0,0,0,0,0,0,0,0,10000,0,0,0,10000,0,10000,10000
061208,聯發科元大9A購09,0,0,0,0,0,0,0,0,0,10000,0,0,0,10000,0,10000,10000
061242,玉晶光兆豐9B購02,0,0,0,0,0,0,0,0,0,10000,0,0,0,20000,10000,10000,10000
061280,國巨統一9C購06  ,0,0,0,0,0,0,0,0,0,10000,0,0,0,10000,0,10000,10000
061335,國巨元大9A購19  ,0,0,0,0,0,0,0,0,0,10000,0,0,0,10000,0,10000,10000
061323,華新科凱基9B購06,0,0,0,0,0,0,0,0,0,10000,0,0,0,10000,0,10000,10000
061428,南六元大9A購01  ,0,0,0,0,0,0,0,0,0,10000,0,0,0,16000,6000,10000,10000
061409,力成國票9A購02  ,0,0,0,0,0,0,0,0,0,10000,0,0,0,10000,0,10000,10000
061378,南六永豐9A購03  ,0,0,0,0,0,0,0,0,0,10000,0,0,0,10000,0,10000,10000
061474,瑞昱元大9A購04  ,0,0,0,0,0,0,0,0,0,10000,0,0,0,34000,24000,10000,10000
06180P,禾伸堂群益97售01,0,0,0,0,0,0,0,0,0,10000,0,0,0,10000,0,10000,10000
061775,臺指反國票9B購04,0,0,0,0,0,0,0,0,0,10000,0,0,0,20000,10000,10000,10000
061714,華新科凱基9A購15,0,0,0,0,0,0,0,0,0,10000,0,0,0,10000,0,10000,10000
062235,億光凱基9B購01  ,0,0,0,0,0,0,0,0,0,10000,0,0,0,35000,25000,10000,10000
062186,晶技元大9B購05  ,0,0,0,0,0,0,0,0,0,10000,0,0,0,61000,51000,10000,10000
062318,台郡凱基9B購01  ,0,0,0,0,0,0,0,0,0,10000,0,0,0,20000,10000,10000,10000
062330,可成統一9B購03  ,0,0,0,0,0,0,0,0,0,10000,0,0,0,10000,0,10000,10000
062419,台積電統一9B購15,0,0,0,0,0,0,0,0,0,10000,0,0,0,60000,50000,10000,10000
06241P,大立光元富9A售01,0,0,0,0,0,0,0,0,0,10000,0,0,0,10000,0,10000,10000
061837,華新科凱基05購02,0,0,0,0,0,0,0,0,0,10000,0,0,0,10000,0,10000,10000
061833,華新科凱基02購01,0,0,0,0,0,0,0,0,0,10000,0,0,0,10000,0,10000,10000
061834,華新科凱基02購02,0,0,0,0,0,0,0,0,0,10000,0,0,0,10000,0,10000,10000
061916,元金2X凱基02購01,0,0,0,0,0,0,0,0,0,10000,0,0,0,10000,0,10000,10000
061926,晶技凱基9B購02  ,0,0,0,0,0,0,0,0,0,10000,0,0,0,10000,0,10000,10000
062043,牧德凱基9B購04  ,0,0,0,0,0,0,0,0,0,10000,0,0,0,10000,0,10000,10000
062940,華新科凱基9C購02,0,0,0,0,0,0,0,0,0,10000,0,0,0,10000,0,10000,10000
062941,大立光凱基9B購07,0,0,0,0,0,0,0,0,0,10000,0,0,0,10000,0,10000,10000
062853,大毅永豐9B購03  ,0,0,0,0,0,0,0,0,0,10000,0,0,0,10000,0,10000,10000
063162,國喬永豐9B購01  ,0,0,0,0,0,0,0,0,0,10000,0,0,0,10000,0,10000,10000
062791,臺股指元大9B購34,0,0,0,0,0,0,0,0,0,10000,0,0,0,10000,0,10000,10000
062842,臺股指群益9B購09,0,0,0,0,0,0,0,0,0,10000,0,0,0,10000,0,10000,10000
062820,禾伸堂兆豐9B購01,0,0,0,0,0,0,0,0,0,10000,0,0,0,10000,0,10000,10000
06339P,上銀統一97售06  ,0,0,0,0,0,0,0,0,0,10000,0,0,0,10000,0,10000,10000
063241,聯發科元大9B購18,0,0,0,0,0,0,0,0,0,10000,0,0,0,50000,40000,10000,10000
063324,道瓊反國票9B購03,0,0,0,0,0,0,0,0,0,10000,0,0,0,35000,25000,10000,10000
063306,聯茂凱基9C購01  ,0,0,0,0,0,0,0,0,0,10000,0,0,0,33000,23000,10000,10000
063524,瑞昱凱基9B購05  ,0,0,0,0,0,0,0,0,0,10000,0,0,0,20000,10000,10000,10000
063743,道瓊反國票9C購02,0,0,0,0,0,0,0,0,0,10000,0,0,0,10000,0,10000,10000
063645,瑞儀元大9B購02  ,0,0,0,0,0,0,0,0,0,10000,0,0,0,41000,31000,10000,10000
4764,雙鍵            ,14000,4000,10000,0,0,0,0,0,0,0,0,0,0,0,0,0,10000
6581,鋼聯            ,15000,5000,10000,0,0,0,0,0,0,0,0,0,0,0,0,0,10000
6671,三能-KY         ,10000,0,10000,0,0,0,0,0,0,0,0,0,0,0,0,0,10000
6409,旭隼            ,108000,97736,10264,0,0,0,0,0,0,-1000,0,1000,-1000,0,0,0,9264
07898P,國巨國泰9C售02  ,0,0,0,0,0,0,0,0,0,9000,0,0,0,10000,1000,9000,9000
07765P,台積電群益9A售06,0,0,0,0,0,0,0,0,0,9000,0,0,0,9000,0,9000,9000
1233,天仁            ,9000,0,9000,0,0,0,0,0,0,0,0,0,0,0,0,0,9000
1414,東和            ,9000,0,9000,0,0,0,0,0,0,0,0,0,0,0,0,0,9000
08248P,旺宏群益9C售02  ,0,0,0,0,0,0,0,0,0,9000,0,0,0,9000,0,9000,9000
4108,懷特            ,93000,84000,9000,0,0,0,0,0,0,0,0,0,0,0,0,0,9000
2543,皇昌            ,9000,0,9000,0,0,0,0,0,0,0,0,0,0,0,0,0,9000
2936,客思達-KY       ,9000,0,9000,0,0,0,0,0,0,0,0,0,0,0,0,0,9000
2302,麗正            ,9000,0,9000,0,0,0,0,0,0,0,0,0,0,0,0,0,9000
2405,浩鑫            ,24000,15000,9000,0,0,0,0,0,0,0,0,0,0,0,0,0,9000
064090,祥碩凱基9C購03  ,0,0,0,0,0,0,0,0,0,9000,0,0,0,10000,1000,9000,9000
064105,南茂群益9C購01  ,0,0,0,0,0,0,0,0,0,9000,0,0,0,10000,1000,9000,9000
07413P,國巨元大99售33  ,0,0,0,0,0,0,0,0,0,9000,0,0,0,10000,1000,9000,9000
051791,智伸科國票96購01,0,0,0,0,0,0,0,0,0,9000,0,0,0,9000,0,9000,9000
051231,健策群益97購01  ,0,0,0,0,0,0,0,0,0,9000,0,0,0,9000,0,9000,9000
054228,貿聯元富96購03  ,0,0,0,0,0,0,0,0,0,9000,0,0,0,9000,0,9000,9000
055091,微星群益97購01  ,0,0,0,0,0,0,0,0,0,9000,0,0,0,9000,0,9000,9000
055389,國巨統一98購02  ,0,0,0,0,0,0,0,0,0,9000,0,0,0,9000,0,9000,9000
05579P,友達凱基98售03  ,0,0,0,0,0,0,0,0,0,9000,0,0,0,25000,16000,9000,9000
056751,和大兆豐98購01  ,0,0,0,0,0,0,0,0,0,9000,0,0,0,29000,20000,9000,9000
055781,聯詠凱基98購01  ,0,0,0,0,0,0,0,0,0,9000,0,0,0,59000,50000,9000,9000
056635,亞德客日盛99購01,0,0,0,0,0,0,0,0,0,9000,0,0,0,17000,8000,9000,9000
059320,華新科元大99購15,0,0,0,0,0,0,0,0,0,9000,0,0,0,9000,0,9000,9000
059311,元石油元大99購04,0,0,0,0,0,0,0,0,0,9000,0,0,0,9000,0,9000,9000
056408,奇鋐國票99購01  ,0,0,0,0,0,0,0,0,0,9000,0,0,0,23000,14000,9000,9000
059043,聯電日盛99購01  ,0,0,0,0,0,0,0,0,0,9000,0,0,0,9000,0,9000,9000
058996,台達電元大99購02,0,0,0,0,0,0,0,0,0,9000,0,0,0,72000,63000,9000,9000
060011,臺股指群益9C購06,0,0,0,0,0,0,0,0,0,9000,0,0,0,10000,1000,9000,9000
058631,鈺齊國票9A購01  ,0,0,0,0,0,0,0,0,0,9000,0,0,0,18000,9000,9000,9000
058790,楠梓電元大99購03,0,0,0,0,0,0,0,0,0,9000,0,0,0,104000,95000,9000,9000
058777,台光電國票9A購01,0,0,0,0,0,0,0,0,0,9000,0,0,0,9000,0,9000,9000
059190,欣興富邦9A購01  ,0,0,0,0,0,0,0,0,0,9000,0,0,0,11000,2000,9000,9000
057704,台虹群益98購03  ,0,0,0,0,0,0,0,0,0,9000,0,0,0,26000,17000,9000,9000
060799,茂林永豐9A購01  ,0,0,0,0,0,0,0,0,0,9000,0,0,0,14000,5000,9000,9000
060838,華通國票9A購05  ,0,0,0,0,0,0,0,0,0,9000,0,0,0,11000,2000,9000,9000
061038,TPK永豐9A購01   ,0,0,0,0,0,0,0,0,0,9000,0,0,0,9000,0,9000,9000
06326P,鴻海中信01售01  ,0,0,0,0,0,0,0,0,0,9000,0,0,0,96000,87000,9000,9000
062741,立積國票9B購02  ,0,0,0,0,0,0,0,0,0,9000,0,0,0,9000,0,9000,9000
062672,兆豐金中信03購01,0,0,0,0,0,0,0,0,0,9000,0,0,0,96000,87000,9000,9000
063176,南亞科兆豐9B購01,0,0,0,0,0,0,0,0,0,9000,0,0,0,210000,201000,9000,9000
062860,華擎國票9B購02  ,0,0,0,0,0,0,0,0,0,9000,0,0,0,13000,4000,9000,9000
061952,臺股指群益9B購01,0,0,0,0,0,0,0,0,0,9000,0,0,0,9000,0,9000,9000
061992,祥碩元大9B購02  ,0,0,0,0,0,0,0,0,0,9000,0,0,0,63000,54000,9000,9000
061799,奇鋐永豐9B購01  ,0,0,0,0,0,0,0,0,0,9000,0,0,0,50000,41000,9000,9000
061559,南亞科國票9A購02,0,0,0,0,0,0,0,0,0,9000,0,0,0,10000,1000,9000,9000
5525,順天            ,9000,0,9000,0,0,0,0,0,0,0,0,0,0,0,0,0,9000
8429,金麗-KY         ,15000,6000,9000,0,0,0,0,0,0,0,0,0,0,0,0,0,9000
8442,威宏-KY         ,11000,0,11000,0,0,0,0,0,0,-2000,0,2000,-2000,0,0,0,9000
07076P,鴻海凱基9A售08  ,0,0,0,0,0,0,0,0,0,8000,0,0,0,22000,14000,8000,8000
06608P,立積群益99售02  ,0,0,0,0,0,0,0,0,0,8000,0,0,0,60000,52000,8000,8000
063868,嘉晶永豐9C購01  ,0,0,0,0,0,0,0,0,0,8000,0,0,0,98000,90000,8000,8000
2348,海悅            ,214000,210000,4000,0,0,0,0,0,0,4000,2000,0,2000,2000,0,2000,8000
1730,花仙子          ,46000,37000,9000,0,0,0,0,0,0,-1000,0,1000,-1000,0,0,0,8000
1541,錩泰            ,7000,1000,6000,0,0,0,0,0,0,2000,2000,0,2000,0,0,0,8000
3018,同開            ,30000,23000,7000,0,0,0,0,0,0,1000,1000,0,1000,0,0,0,8000
2701,萬企            ,8000,0,8000,0,0,0,0,0,0,0,0,0,0,0,0,0,8000
3494,誠研            ,8000,0,8000,0,0,0,0,0,0,0,0,0,0,0,0,0,8000
08327P,聯發科兆豐9C售03,0,0,0,0,0,0,0,0,0,8000,0,0,0,8000,0,8000,8000
07697P,臺股指元大9A售50,0,0,0,0,0,0,0,0,0,8000,0,0,0,8000,0,8000,8000
08053P,臺股指國票9B售18,0,0,0,0,0,0,0,0,0,8000,0,0,0,20000,12000,8000,8000
056290,正文永豐98購01  ,0,0,0,0,0,0,0,0,0,8000,0,0,0,8000,0,8000,8000
056020,義隆群益97購01  ,0,0,0,0,0,0,0,0,0,8000,0,0,0,77000,69000,8000,8000
059632,聯發科凱基01購01,0,0,0,0,0,0,0,0,0,8000,0,0,0,10000,2000,8000,8000
059501,可成元富99購01  ,0,0,0,0,0,0,0,0,0,8000,0,0,0,8000,0,8000,8000
059493,國巨國票9B購01  ,0,0,0,0,0,0,0,0,0,8000,0,0,0,8000,0,8000,8000
056704,健策國泰99購01  ,0,0,0,0,0,0,0,0,0,8000,0,0,0,8000,0,8000,8000
05511P,T50反1台新06售01,0,0,0,0,0,0,0,0,0,8000,0,0,0,190000,182000,8000,8000
053113,瀚宇博兆豐97購01,0,0,0,0,0,0,0,0,0,8000,0,0,0,8000,0,8000,8000
03421B,臺股指元大99熊01,0,0,0,0,0,0,0,0,0,8000,0,0,0,8000,0,8000,8000
054697,凌華永豐97購01  ,0,0,0,0,0,0,0,0,0,8000,0,0,0,8000,0,8000,8000
054576,健策元大98購03  ,0,0,0,0,0,0,0,0,0,8000,0,0,0,8000,0,8000,8000
060892,超眾統一9C購01  ,0,0,0,0,0,0,0,0,0,8000,0,0,0,8000,0,8000,8000
057683,技嘉日盛98購01  ,0,0,0,0,0,0,0,0,0,8000,0,0,0,8000,0,8000,8000
057665,技嘉元大99購01  ,0,0,0,0,0,0,0,0,0,8000,0,0,0,18000,10000,8000,8000
060585,玉晶光元富9A購02,0,0,0,0,0,0,0,0,0,8000,0,0,0,10000,2000,8000,8000
058765,緯穎群益99購03  ,0,0,0,0,0,0,0,0,0,8000,0,0,0,14000,6000,8000,8000
058697,亞德客元大99購01,0,0,0,0,0,0,0,0,0,8000,0,0,0,14000,6000,8000,8000
058091,欣興元大99購03  ,0,0,0,0,0,0,0,0,0,8000,0,0,0,101000,93000,8000,8000
058362,聯發科凱基99購06,0,0,0,0,0,0,0,0,0,8000,0,0,0,8000,0,8000,8000
058377,茂林凱基9A購03  ,0,0,0,0,0,0,0,0,0,8000,0,0,0,8000,0,8000,8000
060375,葡萄王元富9A購01,0,0,0,0,0,0,0,0,0,8000,0,0,0,151000,143000,8000,8000
057094,祥碩元富98購01  ,0,0,0,0,0,0,0,0,0,8000,0,0,0,8000,0,8000,8000
057179,可成元大98購04  ,0,0,0,0,0,0,0,0,0,8000,0,0,0,8000,0,8000,8000
057528,南亞科元大99購01,0,0,0,0,0,0,0,0,0,8000,0,0,0,8000,0,8000,8000
057735,台灣50富邦9C購02,0,0,0,0,0,0,0,0,0,8000,0,0,0,8000,0,8000,8000
057799,世紀鋼兆豐98購01,0,0,0,0,0,0,0,0,0,8000,0,0,0,8000,0,8000,8000
057724,亞德客國泰99購01,0,0,0,0,0,0,0,0,0,8000,0,0,0,23000,15000,8000,8000
059034,華通群益9B購02  ,0,0,0,0,0,0,0,0,0,8000,0,0,0,15000,7000,8000,8000
061497,大立光國票9A購09,0,0,0,0,0,0,0,0,0,8000,0,0,0,8000,0,8000,8000
061663,南六永豐9A購05  ,0,0,0,0,0,0,0,0,0,8000,0,0,0,30000,22000,8000,8000
061180,華擎凱基9B購01  ,0,0,0,0,0,0,0,0,0,8000,0,0,0,10000,2000,8000,8000
062168,大毅永豐9B購01  ,0,0,0,0,0,0,0,0,0,8000,0,0,0,10000,2000,8000,8000
062446,聯詠元大9B購02  ,0,0,0,0,0,0,0,0,0,8000,0,0,0,8000,0,8000,8000
063664,漢唐統一9C購01  ,0,0,0,0,0,0,0,0,0,8000,0,0,0,12000,4000,8000,8000
6655,科定            ,8000,0,8000,0,0,0,0,0,0,0,0,0,0,0,0,0,8000
9918,欣天然          ,8000,0,8000,0,0,0,0,0,0,0,0,0,0,0,0,0,8000
6412,群電            ,266000,249000,17000,0,0,0,0,0,0,-9000,5000,9000,-4000,8000,13000,-5000,8000
1726,永記            ,8000,120,7880,0,0,0,0,0,0,0,0,0,0,0,0,0,7880
1530,亞崴            ,7000,0,7000,0,0,0,0,0,0,0,0,0,0,0,0,0,7000
1817,凱撒衛          ,9000,2000,7000,0,0,0,0,0,0,0,0,0,0,0,0,0,7000
2462,良得電          ,19000,12000,7000,0,0,0,0,0,0,0,0,0,0,0,0,0,7000
2613,中櫃            ,7000,0,7000,0,0,0,0,0,0,0,0,0,0,0,0,0,7000
08016P,臺股指凱基02售02,0,0,0,0,0,0,0,0,0,7000,0,0,0,27000,20000,7000,7000
07994P,臺股指群益9B售04,0,0,0,0,0,0,0,0,0,7000,0,0,0,30000,23000,7000,7000
1413,宏洲            ,7000,0,7000,0,0,0,0,0,0,0,0,0,0,0,0,0,7000
08175P,金像電統一9B售02,0,0,0,0,0,0,0,0,0,7000,0,0,0,62000,55000,7000,7000
063790,南亞科台新9C購01,0,0,0,0,0,0,0,0,0,7000,0,0,0,7000,0,7000,7000
064275,台光電元大9C購03,0,0,0,0,0,0,0,0,0,7000,0,0,0,19000,12000,7000,7000
064326,裕隆元大9C購01  ,0,0,0,0,0,0,0,0,0,7000,0,0,0,33000,26000,7000,7000
06581P,南亞科凱基98售04,0,0,0,0,0,0,0,0,0,7000,0,0,0,7000,0,7000,7000
064407,貿聯凱基02購02  ,0,0,0,0,0,0,0,0,0,7000,0,0,0,14000,7000,7000,7000
07137P,大立光中信9B售01,0,0,0,0,0,0,0,0,0,7000,0,0,0,7000,0,7000,7000
054559,台光電群益99購01,0,0,0,0,0,0,0,0,0,7000,0,0,0,54000,47000,7000,7000
053887,聯茂兆豐97購02  ,0,0,0,0,0,0,0,0,0,7000,0,0,0,8000,1000,7000,7000
052531,台積電國泰96購06,0,0,0,0,0,0,0,0,0,7000,0,0,0,7000,0,7000,7000
054678,麗豐台新98購02  ,0,0,0,0,0,0,0,0,0,7000,0,0,0,7000,0,7000,7000
055579,健策統一9A購01  ,0,0,0,0,0,0,0,0,0,7000,0,0,0,1086000,1079000,7000,7000
054090,瑞昱群益97購01  ,0,0,0,0,0,0,0,0,0,7000,0,0,0,7000,0,7000,7000
047504,滬深2X國票9A購01,0,0,0,0,0,0,0,0,0,7000,0,0,0,27000,20000,7000,7000
053062,緯穎富邦97購01  ,0,0,0,0,0,0,0,0,0,7000,0,0,0,9000,2000,7000,7000
051830,健策元大97購01  ,0,0,0,0,0,0,0,0,0,7000,0,0,0,7000,0,7000,7000
051897,台光電國泰97購01,0,0,0,0,0,0,0,0,0,7000,0,0,0,9000,2000,7000,7000
054965,健策元大98購04  ,0,0,0,0,0,0,0,0,0,7000,0,0,0,7000,0,7000,7000
055692,緯穎凱基97購03  ,0,0,0,0,0,0,0,0,0,7000,0,0,0,13000,6000,7000,7000
056166,微星台新97購01  ,0,0,0,0,0,0,0,0,0,7000,0,0,0,62000,55000,7000,7000
060215,柏文康和9A購01  ,0,0,0,0,0,0,0,0,0,7000,0,0,0,7000,0,7000,7000
060097,華新科元大99購23,0,0,0,0,0,0,0,0,0,7000,0,0,0,14000,7000,7000,7000
057822,牧德元大9A購01  ,0,0,0,0,0,0,0,0,0,7000,0,0,0,8000,1000,7000,7000
057831,聯發科元富02購04,0,0,0,0,0,0,0,0,0,7000,0,0,0,10000,3000,7000,7000
057745,泰鼎永豐99購01  ,0,0,0,0,0,0,0,0,0,7000,0,0,0,83000,76000,7000,7000
057181,亞光元大98購02  ,0,0,0,0,0,0,0,0,0,7000,0,0,0,310000,303000,7000,7000
060529,聯發科中信9A購04,0,0,0,0,0,0,0,0,0,7000,0,0,0,7000,0,7000,7000
058439,玉晶光統一01購02,0,0,0,0,0,0,0,0,0,7000,0,0,0,10000,3000,7000,7000
058564,元金2X凱基9C購01,0,0,0,0,0,0,0,0,0,7000,0,0,0,7000,0,7000,7000
057673,臻鼎元大98購01  ,0,0,0,0,0,0,0,0,0,7000,0,0,0,12000,5000,7000,7000
057625,泰鼎國泰9A購01  ,0,0,0,0,0,0,0,0,0,7000,0,0,0,7000,0,7000,7000
060943,宏達電國票9B購02,0,0,0,0,0,0,0,0,0,7000,0,0,0,7000,0,7000,7000
061052,和大群益9A購01  ,0,0,0,0,0,0,0,0,0,7000,0,0,0,7000,0,7000,7000
063518,儒鴻凱基9B購02  ,0,0,0,0,0,0,0,0,0,7000,0,0,0,7000,0,7000,7000
062512,美食國票9B購01  ,0,0,0,0,0,0,0,0,0,7000,0,0,0,7000,0,7000,7000
062440,聯發科元大9B購11,0,0,0,0,0,0,0,0,0,7000,0,0,0,10000,3000,7000,7000
062501,台積電群益9C購03,0,0,0,0,0,0,0,0,0,7000,0,0,0,132000,125000,7000,7000
062306,華通凱基9B購01  ,0,0,0,0,0,0,0,0,0,7000,0,0,0,56000,49000,7000,7000
061931,力山國票9B購02  ,0,0,0,0,0,0,0,0,0,7000,0,0,0,7000,0,7000,7000
061872,友達元大9C購06  ,0,0,0,0,0,0,0,0,0,7000,0,0,0,174000,167000,7000,7000
061465,聯詠群益9A購01  ,0,0,0,0,0,0,0,0,0,7000,0,0,0,7000,0,7000,7000
9924,福興            ,34000,27000,7000,0,0,0,0,0,0,0,0,0,0,0,0,0,7000
9926,新海            ,7000,0,7000,0,0,0,0,0,0,0,0,0,0,0,0,0,7000
07173P,臺股指國票99售10,0,0,0,0,0,0,0,0,0,6000,0,0,0,99000,93000,6000,6000
06960P,國巨凱基99售08  ,0,0,0,0,0,0,0,0,0,6000,0,0,0,6000,0,6000,6000
06762P,智邦元大98售11  ,0,0,0,0,0,0,0,0,0,6000,0,0,0,8000,2000,6000,6000
06755P,大立光永豐98售03,0,0,0,0,0,0,0,0,0,6000,0,0,0,70000,64000,6000,6000
063932,世芯統一01購01  ,0,0,0,0,0,0,0,0,0,6000,0,0,0,204000,198000,6000,6000
08170P,緯穎群益9B售03  ,0,0,0,0,0,0,0,0,0,6000,0,0,0,6000,0,6000,6000
08156P,大立光元富9B售05,0,0,0,0,0,0,0,0,0,6000,0,0,0,27000,21000,6000,6000
08147P,聯發科群益9B售10,0,0,0,0,0,0,0,0,0,6000,0,0,0,89000,83000,6000,6000
08268P,臺股指元大9C售06,0,0,0,0,0,0,0,0,0,6000,0,0,0,6000,0,6000,6000
1441,大東            ,6000,0,6000,0,0,0,0,0,0,0,0,0,0,0,0,0,6000
07878P,智邦群益9C售01  ,0,0,0,0,0,0,0,0,0,6000,0,0,0,6000,0,6000,6000
07786P,南電中信9C售01  ,0,0,0,0,0,0,0,0,0,6000,0,0,0,30000,24000,6000,6000
3027,盛達            ,7000,1000,6000,0,0,0,0,0,0,0,0,0,0,0,0,0,6000
3701,大眾控          ,7000,1000,6000,0,0,0,0,0,0,0,0,0,0,0,0,0,6000
2460,建通            ,5000,0,5000,0,0,0,0,0,0,1000,1000,0,1000,0,0,0,6000
2032,新鋼            ,6000,0,6000,0,0,0,0,0,0,0,0,0,0,0,0,0,6000
1725,元禎            ,6000,0,6000,0,0,0,0,0,0,0,0,0,0,0,0,0,6000
055958,台光電元大97購02,0,0,0,0,0,0,0,0,0,6000,0,0,0,50000,44000,6000,6000
056001,美食永豐97購01  ,0,0,0,0,0,0,0,0,0,6000,0,0,0,16000,10000,6000,6000
056364,亞光元大99購02  ,0,0,0,0,0,0,0,0,0,6000,0,0,0,20000,14000,6000,6000
059596,大立光元大99購20,0,0,0,0,0,0,0,0,0,6000,0,0,0,6000,0,6000,6000
059567,台積電凱基9A購12,0,0,0,0,0,0,0,0,0,6000,0,0,0,6000,0,6000,6000
059702,台積電凱基9A購14,0,0,0,0,0,0,0,0,0,6000,0,0,0,6000,0,6000,6000
059707,健策凱基9A購03  ,0,0,0,0,0,0,0,0,0,6000,0,0,0,6000,0,6000,6000
056881,台灣50康和9A購01,0,0,0,0,0,0,0,0,0,6000,0,0,0,6000,0,6000,6000
056660,臺股指元大9A購07,0,0,0,0,0,0,0,0,0,6000,0,0,0,6000,0,6000,6000
055058,大毅永豐97購01  ,0,0,0,0,0,0,0,0,0,6000,0,0,0,16000,10000,6000,6000
055880,神達元富97購02  ,0,0,0,0,0,0,0,0,0,6000,0,0,0,6000,0,6000,6000
05214P,台積電國票97售02,0,0,0,0,0,0,0,0,0,6000,0,0,0,6000,0,6000,6000
04454P,大立光富邦98售02,0,0,0,0,0,0,0,0,0,6000,0,0,0,6000,0,6000,6000
02001L,富邦蘋果正二N   ,0,0,0,0,0,0,0,0,0,6000,0,0,0,6000,0,6000,6000
00651R,FH香港反1       ,9000,136000,-127000,0,0,0,0,0,0,133000,0,0,0,549000,416000,133000,6000
00657,國泰日經225     ,0,0,0,0,0,0,0,0,0,6000,0,0,0,187000,181000,6000,6000
052855,群創日盛99購01  ,0,0,0,0,0,0,0,0,0,6000,0,0,0,6000,0,6000,6000
054261,智伸科元大96購03,0,0,0,0,0,0,0,0,0,6000,0,0,0,6000,0,6000,6000
03419B,臺股指元富99熊03,0,0,0,0,0,0,0,0,0,6000,0,0,0,6000,0,6000,6000
03052X,元展49          ,0,0,0,0,0,0,0,0,0,6000,0,0,0,6000,0,6000,6000
056890,國巨元大98購11  ,0,0,0,0,0,0,0,0,0,6000,0,0,0,6000,0,6000,6000
052489,義隆國票96購02  ,0,0,0,0,0,0,0,0,0,6000,0,0,0,6000,0,6000,6000
053387,緯創元大97購01  ,0,0,0,0,0,0,0,0,0,6000,0,0,0,6000,0,6000,6000
054527,國巨統一97購03  ,0,0,0,0,0,0,0,0,0,6000,0,0,0,28000,22000,6000,6000
060999,國巨兆豐9A購01  ,0,0,0,0,0,0,0,0,0,6000,0,0,0,16000,10000,6000,6000
060939,鴻海國票9A購06  ,0,0,0,0,0,0,0,0,0,6000,0,0,0,39000,33000,6000,6000
060886,國巨統一01購03  ,0,0,0,0,0,0,0,0,0,6000,0,0,0,9000,3000,6000,6000
060786,聯發科富邦9B購06,0,0,0,0,0,0,0,0,0,6000,0,0,0,14000,8000,6000,6000
059180,祥碩元富9A購01  ,0,0,0,0,0,0,0,0,0,6000,0,0,0,6000,0,6000,6000
058524,超眾元大99購04  ,0,0,0,0,0,0,0,0,0,6000,0,0,0,70000,64000,6000,6000
060651,瑞儀中信9B購01  ,0,0,0,0,0,0,0,0,0,6000,0,0,0,133000,127000,6000,6000
060626,貿聯元大9A購04  ,0,0,0,0,0,0,0,0,0,6000,0,0,0,30000,24000,6000,6000
060617,華新科元大9A購08,0,0,0,0,0,0,0,0,0,6000,0,0,0,8000,2000,6000,6000
058620,滬深2X國票9A購02,0,0,0,0,0,0,0,0,0,6000,0,0,0,6000,0,6000,6000
058795,可成元大99購03  ,0,0,0,0,0,0,0,0,0,6000,0,0,0,21000,15000,6000,6000
057977,台光電永豐98購02,0,0,0,0,0,0,0,0,0,6000,0,0,0,49000,43000,6000,6000
057857,牧德國票99購01  ,0,0,0,0,0,0,0,0,0,6000,0,0,0,10000,4000,6000,6000
060512,祥碩元大9A購02  ,0,0,0,0,0,0,0,0,0,6000,0,0,0,16000,10000,6000,6000
059998,華航元富99購02  ,0,0,0,0,0,0,0,0,0,6000,0,0,0,6000,0,6000,6000
060249,正文元大9C購01  ,0,0,0,0,0,0,0,0,0,6000,0,0,0,26000,20000,6000,6000
057135,立積凱基98購01  ,0,0,0,0,0,0,0,0,0,6000,0,0,0,32000,26000,6000,6000
060022,勤誠康和99購01  ,0,0,0,0,0,0,0,0,0,6000,0,0,0,131000,125000,6000,6000
060235,瑞昱元大9A購01  ,0,0,0,0,0,0,0,0,0,6000,0,0,0,28000,22000,6000,6000
059031,元石油中信03購01,0,0,0,0,0,0,0,0,0,6000,0,0,0,16000,10000,6000,6000
058115,台光電中信99購01,0,0,0,0,0,0,0,0,0,6000,0,0,0,6000,0,6000,6000
058131,義隆元大99購02  ,0,0,0,0,0,0,0,0,0,6000,0,0,0,109000,103000,6000,6000
057340,玉晶光元富98購04,0,0,0,0,0,0,0,0,0,6000,0,0,0,90000,84000,6000,6000
061186,牧德國泰9C購01  ,0,0,0,0,0,0,0,0,0,6000,0,0,0,25000,19000,6000,6000
061167,臻鼎兆豐9B購01  ,0,0,0,0,0,0,0,0,0,6000,0,0,0,6000,0,6000,6000
061882,矽創元大9B購01  ,0,0,0,0,0,0,0,0,0,6000,0,0,0,258000,252000,6000,6000
061980,聯發科元大9B購01,0,0,0,0,0,0,0,0,0,6000,0,0,0,6000,0,6000,6000
062159,聯詠凱基9B購01  ,0,0,0,0,0,0,0,0,0,6000,0,0,0,6000,0,6000,6000
061983,華新科元大9B購04,0,0,0,0,0,0,0,0,0,6000,0,0,0,6000,0,6000,6000
06256P,臺股指群益97售09,0,0,0,0,0,0,0,0,0,6000,0,0,0,6000,0,6000,6000
062628,廣達國票9B購01  ,0,0,0,0,0,0,0,0,0,6000,0,0,0,64000,58000,6000,6000
062723,聯發科凱基9B購09,0,0,0,0,0,0,0,0,0,6000,0,0,0,16000,10000,6000,6000
063046,聯發科兆豐9C購01,0,0,0,0,0,0,0,0,0,6000,0,0,0,6000,0,6000,6000
063322,台郡群益9B購02  ,0,0,0,0,0,0,0,0,0,6000,0,0,0,111000,105000,6000,6000
063422,奇鋐凱基9B購04  ,0,0,0,0,0,0,0,0,0,6000,0,0,0,45000,39000,6000,6000
910322,康師傅-DR       ,6000,0,6000,0,0,0,0,0,0,0,0,0,0,0,0,0,6000
6164,華興            ,6000,1000,5000,0,0,0,0,0,0,1000,1000,0,1000,0,0,0,6000
5225,東科-KY         ,20000,14000,6000,0,0,0,0,0,0,0,0,0,0,0,0,0,6000
4763,材料-KY         ,31000,33000,-2000,0,0,0,0,0,0,8000,9000,1000,8000,0,0,0,6000
1616,億泰            ,5000,0,5000,0,0,0,0,0,0,0,0,0,0,0,0,0,5000
1516,川飛            ,8000,2000,6000,0,0,0,0,0,0,-1000,0,1000,-1000,0,0,0,5000
2007,燁興            ,5000,0,5000,0,0,0,0,0,0,0,0,0,0,0,0,0,5000
2450,神腦            ,28000,24000,4000,0,0,0,0,0,0,1000,1000,0,1000,0,0,0,5000
2488,漢平            ,12000,13000,-1000,0,0,0,0,0,0,6000,9000,3000,6000,0,0,0,5000
2380,虹光            ,5000,0,5000,0,0,0,0,0,0,0,0,0,0,0,0,0,5000
3686,達能            ,5000,0,5000,0,0,0,0,0,0,0,0,0,0,0,0,0,5000
2904,匯僑            ,12000,7000,5000,0,0,0,0,0,0,0,0,0,0,0,0,0,5000
2705,六福            ,89000,84000,5000,0,0,0,0,0,0,0,0,0,0,0,0,0,5000
07748P,茂林凱基9A售04  ,0,0,0,0,0,0,0,0,0,5000,0,0,0,10000,5000,5000,5000
07844P,可成國票9A售01  ,0,0,0,0,0,0,0,0,0,5000,0,0,0,70000,65000,5000,5000
07889P,旭富國票9B售01  ,0,0,0,0,0,0,0,0,0,5000,0,0,0,114000,109000,5000,5000
07887P,台積電國票9C售03,0,0,0,0,0,0,0,0,0,5000,0,0,0,5000,0,5000,5000
1454,台富            ,5000,0,5000,0,0,0,0,0,0,0,0,0,0,0,0,0,5000
08215P,旺宏群益9B售04  ,0,0,0,0,0,0,0,0,0,5000,0,0,0,5000,0,5000,5000
08199P,大毅元大9B售02  ,0,0,0,0,0,0,0,0,0,5000,0,0,0,5000,0,5000,5000
063966,大毅國票01購01  ,0,0,0,0,0,0,0,0,0,5000,0,0,0,5000,0,5000,5000
063823,T50反1國票01購02,0,0,0,0,0,0,0,0,0,5000,0,0,0,120000,115000,5000,5000
064247,廣達元富9C購01  ,0,0,0,0,0,0,0,0,0,5000,0,0,0,52000,47000,5000,5000
06869P,金融類元大99售01,0,0,0,0,0,0,0,0,0,5000,0,0,0,5000,0,5000,5000
07557P,玉晶光元大9A售09,0,0,0,0,0,0,0,0,0,5000,0,0,0,5000,0,5000,5000
053693,欣興元大96購05  ,0,0,0,0,0,0,0,0,0,5000,0,0,0,5000,0,5000,5000
052733,台郡國泰97購01  ,0,0,0,0,0,0,0,0,0,5000,0,0,0,5000,0,5000,5000
052775,滬深2X國票99購02,0,0,0,0,0,0,0,0,0,5000,0,0,0,10000,5000,5000,5000
053405,台達電兆豐96購01,0,0,0,0,0,0,0,0,0,5000,0,0,0,25000,20000,5000,5000
053407,台積電兆豐96購02,0,0,0,0,0,0,0,0,0,5000,0,0,0,531000,526000,5000,5000
056470,旺宏元大99購01  ,0,0,0,0,0,0,0,0,0,5000,0,0,0,5000,0,5000,5000
056431,鴻海凱基98購07  ,0,0,0,0,0,0,0,0,0,5000,0,0,0,5000,0,5000,5000
056437,台積電凱基98購11,0,0,0,0,0,0,0,0,0,5000,0,0,0,5000,0,5000,5000
056441,燿華凱基98購01  ,0,0,0,0,0,0,0,0,0,5000,0,0,0,35000,30000,5000,5000
056947,國巨統一9A購01  ,0,0,0,0,0,0,0,0,0,5000,0,0,0,5000,0,5000,5000
056918,台積電兆豐98購01,0,0,0,0,0,0,0,0,0,5000,0,0,0,5000,0,5000,5000
054584,貿聯元富97購01  ,0,0,0,0,0,0,0,0,0,5000,0,0,0,5000,0,5000,5000
053917,友達國票97購03  ,0,0,0,0,0,0,0,0,0,5000,0,0,0,5000,0,5000,5000
055477,同欣電凱基98購01,0,0,0,0,0,0,0,0,0,5000,0,0,0,5000,0,5000,5000
03033X,元展30          ,0,0,0,0,0,0,0,0,0,5000,0,0,0,5000,0,5000,5000
047773,超眾元大96購01  ,0,0,0,0,0,0,0,0,0,5000,0,0,0,5000,0,5000,5000
047885,元金2X富邦99購01,0,0,0,0,0,0,0,0,0,5000,0,0,0,5000,0,5000,5000
054287,台積電元大97購11,0,0,0,0,0,0,0,0,0,5000,0,0,0,8000,3000,5000,5000
054307,高鐵凱基98購01  ,0,0,0,0,0,0,0,0,0,5000,0,0,0,15000,10000,5000,5000
052392,台表科群益96購02,0,0,0,0,0,0,0,0,0,5000,0,0,0,5000,0,5000,5000
052962,台積電凱基97購03,0,0,0,0,0,0,0,0,0,5000,0,0,0,5000,0,5000,5000
052965,廣宇群益97購01  ,0,0,0,0,0,0,0,0,0,5000,0,0,0,5000,0,5000,5000
052948,景碩國票97購02  ,0,0,0,0,0,0,0,0,0,5000,0,0,0,238000,233000,5000,5000
00625K,富邦上証+R      ,0,0,0,0,0,0,0,0,0,5000,0,0,0,55000,50000,5000,5000
045053,聯發科元富98購01,0,0,0,0,0,0,0,0,0,5000,0,0,0,5000,0,5000,5000
052038,國巨永昌96購01  ,0,0,0,0,0,0,0,0,0,5000,0,0,0,5000,0,5000,5000
051799,台積電永豐96購01,0,0,0,0,0,0,0,0,0,5000,0,0,0,5000,0,5000,5000
056696,茂林群益98購02  ,0,0,0,0,0,0,0,0,0,5000,0,0,0,10000,5000,5000,5000
055839,瑞昱元大97購04  ,0,0,0,0,0,0,0,0,0,5000,0,0,0,5000,0,5000,5000
055245,凱美統一99購01  ,0,0,0,0,0,0,0,0,0,5000,0,0,0,5000,0,5000,5000
056612,台積電永豐98購01,0,0,0,0,0,0,0,0,0,5000,0,0,0,5000,0,5000,5000
054821,貿聯元大9A購01  ,0,0,0,0,0,0,0,0,0,5000,0,0,0,5000,0,5000,5000
054940,台積電元大97購16,0,0,0,0,0,0,0,0,0,5000,0,0,0,5000,0,5000,5000
055733,奇力新元富97購01,0,0,0,0,0,0,0,0,0,5000,0,0,0,5000,0,5000,5000
056535,全新凱基99購02  ,0,0,0,0,0,0,0,0,0,5000,0,0,0,5000,0,5000,5000
055671,世紀鋼群益97購01,0,0,0,0,0,0,0,0,0,5000,0,0,0,5000,0,5000,5000
055590,聯發科元大98購02,0,0,0,0,0,0,0,0,0,5000,0,0,0,5000,0,5000,5000
058109,台灣50元富9B購01,0,0,0,0,0,0,0,0,0,5000,0,0,0,5000,0,5000,5000
059415,台灣50元大9A購03,0,0,0,0,0,0,0,0,0,5000,0,0,0,5000,0,5000,5000
059573,健策凱基9A購02  ,0,0,0,0,0,0,0,0,0,5000,0,0,0,5000,0,5000,5000
059626,台積電凱基01購01,0,0,0,0,0,0,0,0,0,5000,0,0,0,15000,10000,5000,5000
059475,元石油群益99購02,0,0,0,0,0,0,0,0,0,5000,0,0,0,5000,0,5000,5000
056808,台積電統一98購06,0,0,0,0,0,0,0,0,0,5000,0,0,0,5000,0,5000,5000
055935,創意群益97購02  ,0,0,0,0,0,0,0,0,0,5000,0,0,0,5000,0,5000,5000
057372,華新科元大99購10,0,0,0,0,0,0,0,0,0,5000,0,0,0,5000,0,5000,5000
057381,微星國泰9A購01  ,0,0,0,0,0,0,0,0,0,5000,0,0,0,61000,56000,5000,5000
057383,玉晶光富邦9A購01,0,0,0,0,0,0,0,0,0,5000,0,0,0,5000,0,5000,5000
057384,台灣50永豐99購02,0,0,0,0,0,0,0,0,0,5000,0,0,0,5000,0,5000,5000
057314,全新麥證98購01  ,0,0,0,15000,10000,5000,0,0,0,5000,0,0,0,15000,10000,5000,5000
059790,立積元大9C購02  ,0,0,0,0,0,0,0,0,0,5000,0,0,0,10000,5000,5000,5000
058932,FBVIX台新99購01 ,0,0,0,0,0,0,0,0,0,5000,0,0,0,5000,0,5000,5000
059076,FBVIX元大99購04 ,0,0,0,0,0,0,0,0,0,5000,0,0,0,5000,0,5000,5000
058243,華擎元大99購01  ,0,0,0,0,0,0,0,0,0,5000,0,0,0,5000,0,5000,5000
058236,大立光元大99購09,0,0,0,0,0,0,0,0,0,5000,0,0,0,8000,3000,5000,5000
060063,可成兆豐9B購01  ,0,0,0,0,0,0,0,0,0,5000,0,0,0,40000,35000,5000,5000
060071,國巨元富99購03  ,0,0,0,0,0,0,0,0,0,5000,0,0,0,5000,0,5000,5000
060077,台積電台新9B購01,0,0,0,0,0,0,0,0,0,5000,0,0,0,5000,0,5000,5000
057150,貿聯國票99購02  ,0,0,0,0,0,0,0,0,0,5000,0,0,0,38000,33000,5000,5000
057191,祥碩元大98購05  ,0,0,0,0,0,0,0,0,0,5000,0,0,0,18000,13000,5000,5000
057187,群創元大9B購04  ,0,0,0,0,0,0,0,0,0,5000,0,0,0,7000,2000,5000,5000
057480,技嘉元大98購03  ,0,0,0,0,0,0,0,0,0,5000,0,0,0,11000,6000,5000,5000
057285,群創元大98購07  ,0,0,0,0,0,0,0,0,0,5000,0,0,0,5000,0,5000,5000
057751,神達國票99購02  ,0,0,0,0,0,0,0,0,0,5000,0,0,0,5000,0,5000,5000
060009,南亞科群益99購03,0,0,0,0,0,0,0,0,0,5000,0,0,0,7000,2000,5000,5000
060397,群創國票9A購01  ,0,0,0,0,0,0,0,0,0,5000,0,0,0,5000,0,5000,5000
060452,儒鴻元大9A購01  ,0,0,0,0,0,0,0,0,0,5000,0,0,0,5000,0,5000,5000
060504,技嘉元大9A購02  ,0,0,0,0,0,0,0,0,0,5000,0,0,0,70000,65000,5000,5000
057060,緯穎元大98購05  ,0,0,0,0,0,0,0,0,0,5000,0,0,0,5000,0,5000,5000
058015,旺宏凱基99購02  ,0,0,0,0,0,0,0,0,0,5000,0,0,0,5000,0,5000,5000
058438,大立光統一9B購01,0,0,0,0,0,0,0,0,0,5000,0,0,0,5000,0,5000,5000
059124,台積電第一03購01,0,0,0,0,0,0,0,0,0,5000,0,0,0,15000,10000,5000,5000
058387,國巨國票9A購03  ,0,0,0,0,0,0,0,0,0,5000,0,0,0,33000,28000,5000,5000
058374,玉晶光凱基9A購03,0,0,0,0,0,0,0,0,0,5000,0,0,0,20000,15000,5000,5000
058099,鴻海國泰9A購02  ,0,0,0,0,0,0,0,0,0,5000,0,0,0,5000,0,5000,5000
058798,大立光元大99購11,0,0,0,0,0,0,0,0,0,5000,0,0,0,5000,0,5000,5000
059176,臺股指凱基99購27,0,0,0,0,0,0,0,0,0,5000,0,0,0,13000,8000,5000,5000
059155,台表科日盛99購01,0,0,0,0,0,0,0,0,0,5000,0,0,0,5000,0,5000,5000
058608,華新科元大99購13,0,0,0,0,0,0,0,0,0,5000,0,0,0,10000,5000,5000,5000
060578,臺股指中信9C購03,0,0,0,0,0,0,0,0,0,5000,0,0,0,5000,0,5000,5000
060616,宏碁元大9A購02  ,0,0,0,0,0,0,0,0,0,5000,0,0,0,243000,238000,5000,5000
060565,大立光富邦01購01,0,0,0,0,0,0,0,0,0,5000,0,0,0,5000,0,5000,5000
059210,鴻海元大99購26  ,0,0,0,0,0,0,0,0,0,5000,0,0,0,22000,17000,5000,5000
059217,台積電元大99購30,0,0,0,0,0,0,0,0,0,5000,0,0,0,5000,0,5000,5000
059256,臺股指凱基99購34,0,0,0,0,0,0,0,0,0,5000,0,0,0,5000,0,5000,5000
058451,智邦永豐9A購01  ,0,0,0,0,0,0,0,0,0,5000,0,0,0,5000,0,5000,5000
058501,S&P正2元大99購01,0,0,0,0,0,0,0,0,0,5000,0,0,0,5000,0,5000,5000
060841,宏達電國票9B購01,0,0,0,0,0,0,0,0,0,5000,0,0,0,5000,0,5000,5000
060846,欣興國票9A購02  ,0,0,0,0,0,0,0,0,0,5000,0,0,0,64000,59000,5000,5000
060749,祥碩國票9A購01  ,0,0,0,0,0,0,0,0,0,5000,0,0,0,15000,10000,5000,5000
063410,南六國票9C購01  ,0,0,0,0,0,0,0,0,0,5000,0,0,0,7000,2000,5000,5000
063469,牧德元大9C購02  ,0,0,0,0,0,0,0,0,0,5000,0,0,0,5000,0,5000,5000
063367,GIS富邦9B購01   ,0,0,0,0,0,0,0,0,0,5000,0,0,0,20000,15000,5000,5000
063212,聯發科國票9C購02,0,0,0,0,0,0,0,0,0,5000,0,0,0,13000,8000,5000,5000
063585,台積電永豐9B購03,0,0,0,0,0,0,0,0,0,5000,0,0,0,5000,0,5000,5000
063707,儒鴻凱基9C購01  ,0,0,0,0,0,0,0,0,0,5000,0,0,0,35000,30000,5000,5000
063748,台積電國票9C購05,0,0,0,0,0,0,0,0,0,5000,0,0,0,30000,25000,5000,5000
063178,聯發科兆豐9B購04,0,0,0,0,0,0,0,0,0,5000,0,0,0,5000,0,5000,5000
062939,奇力新凱基9B購02,0,0,0,0,0,0,0,0,0,5000,0,0,0,5000,0,5000,5000
06294P,臺股指國票97售08,0,0,0,0,0,0,0,0,0,5000,0,0,0,45000,40000,5000,5000
062797,瑞昱統一9B購01  ,0,0,0,0,0,0,0,0,0,5000,0,0,0,107000,102000,5000,5000
06255P,臺股指群益97售08,0,0,0,0,0,0,0,0,0,5000,0,0,0,5000,0,5000,5000
062029,牧德群益9B購03  ,0,0,0,0,0,0,0,0,0,5000,0,0,0,6000,1000,5000,5000
061924,聯發科凱基9C購01,0,0,0,0,0,0,0,0,0,5000,0,0,0,5000,0,5000,5000
062298,國巨第一9B購01  ,0,0,0,0,0,0,0,0,0,5000,0,0,0,5000,0,5000,5000
061226,台積電中信9A購05,0,0,0,0,0,0,0,0,0,5000,0,0,0,5000,0,5000,5000
061143,道瓊指中信9C購04,0,0,0,0,0,0,0,0,0,5000,0,0,0,5000,0,5000,5000
061063,國巨凱基9A購14  ,0,0,0,0,0,0,0,0,0,5000,0,0,0,5000,0,5000,5000
061064,可成凱基9B購02  ,0,0,0,0,0,0,0,0,0,5000,0,0,0,34000,29000,5000,5000
061352,茂林元大9A購04  ,0,0,0,0,0,0,0,0,0,5000,0,0,0,5000,0,5000,5000
061285,大立光統一9A購04,0,0,0,0,0,0,0,0,0,5000,0,0,0,5000,0,5000,5000
061287,大立光統一9B購06,0,0,0,0,0,0,0,0,0,5000,0,0,0,5000,0,5000,5000
061251,臺股指群益9A購02,0,0,0,0,0,0,0,0,0,5000,0,0,0,5000,0,5000,5000
061504,祥碩國票9A購02  ,0,0,0,0,0,0,0,0,0,5000,0,0,0,5000,0,5000,5000
061548,聯詠群益9A購02  ,0,0,0,0,0,0,0,0,0,5000,0,0,0,5000,0,5000,5000
061545,華新科群益9A購09,0,0,0,0,0,0,0,0,0,5000,0,0,0,5000,0,5000,5000
061600,聯電凱基9B購01  ,0,0,0,0,0,0,0,0,0,5000,0,0,0,30000,25000,5000,5000
061795,智邦永豐9B購01  ,0,0,0,0,0,0,0,0,0,5000,0,0,0,30000,25000,5000,5000
061707,超眾國票9B購01  ,0,0,0,0,0,0,0,0,0,5000,0,0,0,5000,0,5000,5000
6115,鎰勝            ,34000,29000,5000,0,0,0,0,0,0,0,0,0,0,0,0,0,5000
6243,迅杰            ,5000,0,5000,0,0,0,0,0,0,0,0,0,0,0,0,0,5000
8482,商億-KY         ,6000,1000,5000,0,0,0,0,0,0,0,0,0,0,0,0,0,5000
07252P,台灣50凱基99售01,0,0,0,0,0,0,0,0,0,4000,0,0,0,4000,0,4000,4000
06988P,鴻海元富99售09  ,0,0,0,0,0,0,0,0,0,4000,0,0,0,4000,0,4000,4000
07090P,台灣50凱基01售01,0,0,0,0,0,0,0,0,0,4000,0,0,0,10000,6000,4000,4000
06931P,大立光元大98售20,0,0,0,0,0,0,0,0,0,4000,0,0,0,4000,0,4000,4000
06796P,臺股指凱基98售06,0,0,0,0,0,0,0,0,0,4000,0,0,0,4000,0,4000,4000
06828P,臺股指國票98售04,0,0,0,0,0,0,0,0,0,4000,0,0,0,14000,10000,4000,4000
06750P,聯發科元富02售03,0,0,0,0,0,0,0,0,0,4000,0,0,0,14000,10000,4000,4000
064365,美食統一01購02  ,0,0,0,0,0,0,0,0,0,4000,0,0,0,4000,0,4000,4000
064193,華新群益9C購01  ,0,0,0,0,0,0,0,0,0,4000,0,0,0,24000,20000,4000,4000
08303P,聯發科富邦9C售05,0,0,0,0,0,0,0,0,0,4000,0,0,0,5000,1000,4000,4000
1435,中福            ,4000,0,4000,0,0,0,0,0,0,0,0,0,0,0,0,0,4000
08330P,聯發科統一9C售13,0,0,0,0,0,0,0,0,0,4000,0,0,0,4000,0,4000,4000
1256,鮮活果汁-KY     ,4000,0,4000,0,0,0,0,0,0,0,0,0,0,0,0,0,4000
07867P,晶技元大9B售01  ,0,0,0,0,0,0,0,0,0,4000,0,0,0,15000,11000,4000,4000
07976P,聯發科群益9C售02,0,0,0,0,0,0,0,0,0,4000,0,0,0,30000,26000,4000,4000
3011,今皓            ,4000,0,4000,0,0,0,0,0,0,0,0,0,0,0,0,0,4000
3046,建碁            ,4000,0,4000,0,0,0,0,0,0,0,0,0,0,0,0,0,4000
1617,榮星            ,4000,0,4000,0,0,0,0,0,0,0,0,0,0,0,0,0,4000
056157,聯詠凱基97購03  ,0,0,0,0,0,0,0,0,0,4000,0,0,0,4000,0,4000,4000
056383,上銀國泰99購01  ,0,0,0,0,0,0,0,0,0,4000,0,0,0,4000,0,4000,4000
059490,國巨國票99購09  ,0,0,0,0,0,0,0,0,0,4000,0,0,0,4000,0,4000,4000
059534,國泰金凱基99購01,0,0,0,0,0,0,0,0,0,4000,0,0,0,15000,11000,4000,4000
05953P,台積電國票98售02,0,0,0,0,0,0,0,0,0,4000,0,0,0,10000,6000,4000,4000
059600,緯穎元大99購07  ,0,0,0,0,0,0,0,0,0,4000,0,0,0,4000,0,4000,4000
059369,滬深2X元富9C購01,0,0,0,0,0,0,0,0,0,4000,0,0,0,4000,0,4000,4000
055661,亞德客中信98購01,0,0,0,0,0,0,0,0,0,4000,0,0,0,70000,66000,4000,4000
055176,大毅統一98購02  ,0,0,0,0,0,0,0,0,0,4000,0,0,0,7000,3000,4000,4000
055126,嘉澤兆豐97購01  ,0,0,0,0,0,0,0,0,0,4000,0,0,0,4000,0,4000,4000
056721,台灣50永昌9A購01,0,0,0,0,0,0,0,0,0,4000,0,0,0,4000,0,4000,4000
043442,大立光台新01購01,0,0,0,0,0,0,0,0,0,4000,0,0,0,66000,62000,4000,4000
046159,群創群益98購04  ,0,0,0,0,0,0,0,0,0,4000,0,0,0,4000,0,4000,4000
0057,富邦摩台        ,0,0,0,0,0,0,0,0,0,4000,0,0,0,24000,20000,4000,4000
01002T,土銀國泰R1      ,4000,0,4000,0,0,0,0,0,0,0,0,0,0,0,0,0,4000
03022X,富展01          ,0,0,0,0,0,0,0,0,0,4000,0,0,0,4000,0,4000,4000
052318,友達元大98購01  ,0,0,0,0,0,0,0,0,0,4000,0,0,0,4000,0,4000,4000
054217,台表科國票97購05,0,0,0,0,0,0,0,0,0,4000,0,0,0,36000,32000,4000,4000
054210,台光電國票97購03,0,0,0,0,0,0,0,0,0,4000,0,0,0,20000,16000,4000,4000
050049,華通群益96購01  ,0,0,0,0,0,0,0,0,0,4000,0,0,0,4000,0,4000,4000
03094X,大立光元大68展08,0,0,0,0,0,0,0,0,0,4000,0,0,0,4000,0,4000,4000
055479,GIS凱基97購04   ,0,0,0,0,0,0,0,0,0,4000,0,0,0,4000,0,4000,4000
053474,聯發科元大97購06,0,0,0,0,0,0,0,0,0,4000,0,0,0,4000,0,4000,4000
052523,奇力新元大97購01,0,0,0,0,0,0,0,0,0,4000,0,0,0,4000,0,4000,4000
052572,群創凱基99購01  ,0,0,0,0,0,0,0,0,0,4000,0,0,0,36000,32000,4000,4000
053792,百和元大96購01  ,0,0,0,0,0,0,0,0,0,4000,0,0,0,4000,0,4000,4000
053565,台光電富邦98購01,0,0,0,0,0,0,0,0,0,4000,0,0,0,4000,0,4000,4000
060814,健策凱基9B購01  ,0,0,0,0,0,0,0,0,0,4000,0,0,0,25000,21000,4000,4000
060796,世芯永豐9A購03  ,0,0,0,0,0,0,0,0,0,4000,0,0,0,51000,47000,4000,4000
060782,道瓊指富邦9C購01,0,0,0,0,0,0,0,0,0,4000,0,0,0,4000,0,4000,4000
060966,台表科凱基9B購01,0,0,0,0,0,0,0,0,0,4000,0,0,0,36000,32000,4000,4000
059204,台灣50元大01購02,0,0,0,0,0,0,0,0,0,4000,0,0,0,4000,0,4000,4000
060622,玉晶光元大9B購02,0,0,0,0,0,0,0,0,0,4000,0,0,0,4000,0,4000,4000
058573,鴻海群益9A購02  ,0,0,0,0,0,0,0,0,0,4000,0,0,0,49000,45000,4000,4000
059187,國巨富邦9B購02  ,0,0,0,0,0,0,0,0,0,4000,0,0,0,4000,0,4000,4000
060478,南電元大9A購01  ,0,0,0,0,0,0,0,0,0,4000,0,0,0,53000,49000,4000,4000
060419,漢翔永豐9A購01  ,0,0,0,0,0,0,0,0,0,4000,0,0,0,24000,20000,4000,4000
057807,友訊元大98購02  ,0,0,0,0,0,0,0,0,0,4000,0,0,0,75000,71000,4000,4000
058292,上銀凱基9A購01  ,0,0,0,0,0,0,0,0,0,4000,0,0,0,4000,0,4000,4000
057288,聯茂元大98購03  ,0,0,0,0,0,0,0,0,0,4000,0,0,0,39000,35000,4000,4000
060105,牧德元大9B購01  ,0,0,0,0,0,0,0,0,0,4000,0,0,0,7000,3000,4000,4000
059053,鴻海凱基99購07  ,0,0,0,0,0,0,0,0,0,4000,0,0,0,7000,3000,4000,4000
060185,聯發科元富04購01,0,0,0,0,0,0,0,0,0,4000,0,0,0,4000,0,4000,4000
06018P,康控凱基96售03  ,0,0,0,0,0,0,0,0,0,4000,0,0,0,4000,0,4000,4000
058223,世芯統一9B購01  ,0,0,0,0,0,0,0,0,0,4000,0,0,0,4000,0,4000,4000
061661,京鼎永豐9A購02  ,0,0,0,0,0,0,0,0,0,4000,0,0,0,102000,98000,4000,4000
061435,元金2X凱基9C購03,0,0,0,0,0,0,0,0,0,4000,0,0,0,5000,1000,4000,4000
061374,力山永豐9A購04  ,0,0,0,0,0,0,0,0,0,4000,0,0,0,35000,31000,4000,4000
061059,世芯國票9B購01  ,0,0,0,0,0,0,0,0,0,4000,0,0,0,4000,0,4000,4000
062278,聯發科群益9C購01,0,0,0,0,0,0,0,0,0,4000,0,0,0,4000,0,4000,4000
062478,牧德國票9B購03  ,0,0,0,0,0,0,0,0,0,4000,0,0,0,6000,2000,4000,4000
061982,聯發科元大9B購03,0,0,0,0,0,0,0,0,0,4000,0,0,0,4000,0,4000,4000
063734,可成元大9B購04  ,0,0,0,0,0,0,0,0,0,4000,0,0,0,32000,28000,4000,4000
063629,台積電元大9B購08,0,0,0,0,0,0,0,0,0,4000,0,0,0,10000,6000,4000,4000
912000,晨訊科-DR       ,4000,0,4000,0,0,0,0,0,0,0,0,0,0,0,0,0,4000
6206,飛捷            ,28000,25000,3000,0,0,0,0,0,0,1000,2000,1000,1000,0,0,0,4000
4952,凌通            ,28000,26000,2000,0,0,0,0,0,0,2000,2000,0,2000,0,0,0,4000
4807,日成-KY         ,12000,8000,4000,0,0,0,0,0,0,0,0,0,0,0,0,0,4000
5234,達興材料        ,22000,18000,4000,0,0,0,0,0,0,0,0,0,0,0,0,0,4000
9943,好樂迪          ,24286,20000,4286,0,0,0,0,0,0,-1000,0,1000,-1000,0,0,0,3286
2440,太空梭          ,3000,0,3000,0,0,0,0,0,0,0,0,0,0,0,0,0,3000
2419,仲琦            ,35000,37000,-2000,0,0,0,0,0,0,5000,5000,0,5000,0,0,0,3000
2611,志信            ,3000,0,3000,0,0,0,0,0,0,0,0,0,0,0,0,0,3000
3308,聯德            ,3000,0,3000,0,0,0,0,0,0,0,0,0,0,0,0,0,3000
07931P,國巨元大9B售03  ,0,0,0,0,0,0,0,0,0,3000,0,0,0,3000,0,3000,3000
07901P,臺股指凱基9B售04,0,0,0,0,0,0,0,0,0,3000,0,0,0,8000,5000,3000,3000
08009P,華擎統一9B售02  ,0,0,0,0,0,0,0,0,0,3000,0,0,0,3000,0,3000,3000
08026P,臺股指凱基9B售12,0,0,0,0,0,0,0,0,0,3000,0,0,0,44000,41000,3000,3000
08093P,英業達元富9B售02,0,0,0,0,0,0,0,0,0,3000,0,0,0,55000,52000,3000,3000
08344P,旺宏元大01售02  ,0,0,0,0,0,0,0,0,0,3000,0,0,0,5000,2000,3000,3000
1417,嘉裕            ,38000,36000,2000,0,0,0,0,0,0,1000,1000,0,1000,0,0,0,3000
1443,立益            ,3000,0,3000,0,0,0,0,0,0,0,0,0,0,0,0,0,3000
08236P,國巨富邦03售01  ,0,0,0,0,0,0,0,0,0,3000,0,0,0,3000,0,3000,3000
064191,聯發科中信03購01,0,0,0,0,0,0,0,0,0,3000,0,0,0,3000,0,3000,3000
06429P,大立光元大97售15,0,0,0,0,0,0,0,0,0,3000,0,0,0,3000,0,3000,3000
063911,大立光凱基9C購03,0,0,0,0,0,0,0,0,0,3000,0,0,0,7000,4000,3000,3000
063946,聯發科元大9C購04,0,0,0,0,0,0,0,0,0,3000,0,0,0,116000,113000,3000,3000
07081P,南電群益9A售01  ,0,0,0,0,0,0,0,0,0,3000,0,0,0,10000,7000,3000,3000
07163P,臺股指群益99售14,0,0,0,0,0,0,0,0,0,3000,0,0,0,91000,88000,3000,3000
07265P,大立光元大99售16,0,0,0,0,0,0,0,0,0,3000,0,0,0,3000,0,3000,3000
07334P,臺股指國票99售19,0,0,0,0,0,0,0,0,0,3000,0,0,0,359000,356000,3000,3000
07382P,台積電群益9B售01,0,0,0,0,0,0,0,0,0,3000,0,0,0,3000,0,3000,3000
07524P,臺股指中信9B售06,0,0,0,0,0,0,0,0,0,3000,0,0,0,13000,10000,3000,3000
053635,技嘉永豐96購01  ,0,0,0,0,0,0,0,0,0,3000,0,0,0,3000,0,3000,3000
052668,聯發科群益97購01,0,0,0,0,0,0,0,0,0,3000,0,0,0,3000,0,3000,3000
052748,群創元大9A購02  ,0,0,0,0,0,0,0,0,0,3000,0,0,0,3000,0,3000,3000
053866,景碩元大97購02  ,0,0,0,0,0,0,0,0,0,3000,0,0,0,3000,0,3000,3000
054626,建準凱基98購01  ,0,0,0,0,0,0,0,0,0,3000,0,0,0,3000,0,3000,3000
05696P,南亞科凱基96售01,0,0,0,0,0,0,0,0,0,3000,0,0,0,3000,0,3000,3000
055584,國巨元大97購11  ,0,0,0,0,0,0,0,0,0,3000,0,0,0,3000,0,3000,3000
03433B,臺股指元大9C熊01,0,0,0,0,0,0,0,0,0,3000,0,0,0,39000,36000,3000,3000
054076,義隆第一96購01  ,0,0,0,0,0,0,0,0,0,3000,0,0,0,3000,0,3000,3000
049820,世紀鋼元大96購03,0,0,0,0,0,0,0,0,0,3000,0,0,0,3000,0,3000,3000
048070,聯發科元富99購03,0,0,0,0,0,0,0,0,0,3000,0,0,0,3000,0,3000,3000
052354,健策群益96購02  ,0,0,0,0,0,0,0,0,0,3000,0,0,0,3000,0,3000,3000
053027,玉晶光富邦98購01,0,0,0,0,0,0,0,0,0,3000,0,0,0,3000,0,3000,3000
00736,國泰新興市場    ,0,26000,-26000,0,0,0,0,0,0,29000,0,0,0,131000,102000,29000,3000
03662C,FBVIX凱基03牛01 ,0,0,0,0,0,0,0,0,0,3000,0,0,0,21000,18000,3000,3000
051737,瑞昱國票96購01  ,0,0,0,0,0,0,0,0,0,3000,0,0,0,3000,0,3000,3000
051578,智邦元大96購01  ,0,0,0,0,0,0,0,0,0,3000,0,0,0,3000,0,3000,3000
051927,國巨中信96購01  ,0,0,0,0,0,0,0,0,0,3000,0,0,0,3000,0,3000,3000
056701,國產國泰9A購01  ,0,0,0,0,0,0,0,0,0,3000,0,0,0,3000,0,3000,3000
055891,鴻海統一9A購01  ,0,0,0,0,0,0,0,0,0,3000,0,0,0,646000,643000,3000,3000
055386,致新元大97購02  ,0,0,0,0,0,0,0,0,0,3000,0,0,0,3000,0,3000,3000
056540,聯詠凱基98購02  ,0,0,0,0,0,0,0,0,0,3000,0,0,0,3000,0,3000,3000
05651P,大立光元大97售02,0,0,0,0,0,0,0,0,0,3000,0,0,0,3000,0,3000,3000
055764,臺股指群益97購02,0,0,0,0,0,0,0,0,0,3000,0,0,0,3000,0,3000,3000
056552,台表科凱基99購01,0,0,0,0,0,0,0,0,0,3000,0,0,0,17000,14000,3000,3000
056588,聯發科統一9A購02,0,0,0,0,0,0,0,0,0,3000,0,0,0,3000,0,3000,3000
059397,T50反1元富99購05,0,0,0,0,0,0,0,0,0,3000,0,0,0,3000,0,3000,3000
059341,台積電凱基99購15,0,0,0,0,0,0,0,0,0,3000,0,0,0,3000,0,3000,3000
059275,可成元大99購05  ,0,0,0,0,0,0,0,0,0,3000,0,0,0,17000,14000,3000,3000
059524,FBVIX凱基9A購02 ,0,0,0,0,0,0,0,0,0,3000,0,0,0,3000,0,3000,3000
059657,華通元大99購09  ,0,0,0,0,0,0,0,0,0,3000,0,0,0,3000,0,3000,3000
056337,聯發科凱基98購06,0,0,0,0,0,0,0,0,0,3000,0,0,0,3000,0,3000,3000
056350,上銀元大98購02  ,0,0,0,0,0,0,0,0,0,3000,0,0,0,3000,0,3000,3000
056351,鴻海元大98購06  ,0,0,0,0,0,0,0,0,0,3000,0,0,0,71000,68000,3000,3000
058224,世芯統一9B購02  ,0,0,0,0,0,0,0,0,0,3000,0,0,0,3000,0,3000,3000
060027,元金2X永豐99購02,0,0,0,0,0,0,0,0,0,3000,0,0,0,3000,0,3000,3000
060066,欣興兆豐9B購01  ,0,0,0,0,0,0,0,0,0,3000,0,0,0,3000,0,3000,3000
058947,SGBR2X群益9B購02,0,0,0,0,0,0,0,0,0,3000,0,0,0,5000,2000,3000,3000
060264,華新科國票9A購02,0,0,0,0,0,0,0,0,0,3000,0,0,0,3000,0,3000,3000
060316,福懋科永豐9A購01,0,0,0,0,0,0,0,0,0,3000,0,0,0,9000,6000,3000,3000
060351,滬深2X元富9A購01,0,0,0,0,0,0,0,0,0,3000,0,0,0,3000,0,3000,3000
057482,微星元大98購03  ,0,0,0,0,0,0,0,0,0,3000,0,0,0,3000,0,3000,3000
057241,超眾凱基99購02  ,0,0,0,0,0,0,0,0,0,3000,0,0,0,13000,10000,3000,3000
057242,台郡凱基98購05  ,0,0,0,0,0,0,0,0,0,3000,0,0,0,5000,2000,3000,3000
05713P,大立光統一96售05,0,0,0,0,0,0,0,0,0,3000,0,0,0,3000,0,3000,3000
058284,滬深反群益01購01,0,0,0,0,0,0,0,0,0,3000,0,0,0,3000,0,3000,3000
058275,S&P500中信9B購01,0,0,0,0,0,0,0,0,0,3000,0,0,0,3000,0,3000,3000
060484,聯發科富邦9C購02,0,0,0,0,0,0,0,0,0,3000,0,0,0,76000,73000,3000,3000
060557,南電凱基9A購02  ,0,0,0,0,0,0,0,0,0,3000,0,0,0,113000,110000,3000,3000
057042,台積電元大98購10,0,0,0,0,0,0,0,0,0,3000,0,0,0,17000,14000,3000,3000
05861P,瀚宇博永豐96售02,0,0,0,0,0,0,0,0,0,3000,0,0,0,3000,0,3000,3000
058081,技嘉群益9A購03  ,0,0,0,0,0,0,0,0,0,3000,0,0,0,3000,0,3000,3000
059085,鴻海元大99購25  ,0,0,0,0,0,0,0,0,0,3000,0,0,0,6000,3000,3000,3000
058434,旺宏統一9B購01  ,0,0,0,0,0,0,0,0,0,3000,0,0,0,3000,0,3000,3000
058037,台灣50元大9B購02,0,0,0,0,0,0,0,0,0,3000,0,0,0,4000,1000,3000,3000
057897,華通富邦99購01  ,0,0,0,0,0,0,0,0,0,3000,0,0,0,3000,0,3000,3000
060563,智邦富邦9A購01  ,0,0,0,0,0,0,0,0,0,3000,0,0,0,3000,0,3000,3000
057691,健策凱基99購01  ,0,0,0,0,0,0,0,0,0,3000,0,0,0,83000,80000,3000,3000
057638,上銀元大99購01  ,0,0,0,0,0,0,0,0,0,3000,0,0,0,159000,156000,3000,3000
057580,玉山金中信9A購01,0,0,0,0,0,0,0,0,0,3000,0,0,0,4000,1000,3000,3000
060816,世紀鋼凱基9C購02,0,0,0,0,0,0,0,0,0,3000,0,0,0,3000,0,3000,3000
060746,玉晶光國票9B購02,0,0,0,0,0,0,0,0,0,3000,0,0,0,3000,0,3000,3000
063620,奇力新兆豐9B購01,0,0,0,0,0,0,0,0,0,3000,0,0,0,3000,0,3000,3000
063699,國巨群益9B購07  ,0,0,0,0,0,0,0,0,0,3000,0,0,0,4000,1000,3000,3000
063684,上銀永豐9B購02  ,0,0,0,0,0,0,0,0,0,3000,0,0,0,3000,0,3000,3000
063373,晶技永豐9B購02  ,0,0,0,0,0,0,0,0,0,3000,0,0,0,3000,0,3000,3000
062510,台積電國票01購01,0,0,0,0,0,0,0,0,0,3000,0,0,0,3000,0,3000,3000
062535,台積電麥證02購01,0,0,0,3000,0,3000,0,0,0,3000,0,0,0,3000,0,3000,3000
062800,奇力新統一01購02,0,0,0,0,0,0,0,0,0,3000,0,0,0,3000,0,3000,3000
062698,台積電元大01購01,0,0,0,0,0,0,0,0,0,3000,0,0,0,350000,347000,3000,3000
06274P,臺股指凱基97售06,0,0,0,0,0,0,0,0,0,3000,0,0,0,3000,0,3000,3000
063087,南六凱基9C購02  ,0,0,0,0,0,0,0,0,0,3000,0,0,0,3000,0,3000,3000
061930,臺股指凱基9B購05,0,0,0,0,0,0,0,0,0,3000,0,0,0,3000,0,3000,3000
061884,臺股指元大9B購18,0,0,0,0,0,0,0,0,0,3000,0,0,0,3000,0,3000,3000
062023,寶成永豐9B購01  ,0,0,0,0,0,0,0,0,0,3000,0,0,0,3000,0,3000,3000
062352,南六群益9B購02  ,0,0,0,0,0,0,0,0,0,3000,0,0,0,3000,0,3000,3000
061302,晶技永豐9A購04  ,0,0,0,0,0,0,0,0,0,3000,0,0,0,3000,0,3000,3000
061585,台積電富邦9B購06,0,0,0,0,0,0,0,0,0,3000,0,0,0,3000,0,3000,3000
061701,友達國票9B購02  ,0,0,0,0,0,0,0,0,0,3000,0,0,0,26000,23000,3000,3000
6579,研揚            ,6000,3000,3000,0,0,0,0,0,0,0,0,0,0,0,0,0,3000
4930,燦星網          ,3000,0,3000,0,0,0,0,0,0,0,0,0,0,0,0,0,3000
6133,金橋            ,3000,0,3000,0,0,0,0,0,0,0,0,0,0,0,0,0,3000
07133P,臺股指元大9A售27,0,0,0,0,0,0,0,0,0,2000,0,0,0,7000,5000,2000,2000
07124P,台積電元大99售21,0,0,0,0,0,0,0,0,0,2000,0,0,0,2000,0,2000,2000
07077P,緯穎凱基99售01  ,0,0,0,0,0,0,0,0,0,2000,0,0,0,2000,0,2000,2000
07056P,臺股指麥證99售02,0,0,0,9000,7000,2000,0,0,0,2000,0,0,0,9000,7000,2000,2000
07057P,大立光康和9B售02,0,0,0,0,0,0,0,0,0,2000,0,0,0,2000,0,2000,2000
06486P,麗豐元大98售02  ,0,0,0,0,0,0,0,0,0,2000,0,0,0,2000,0,2000,2000
06647P,台積電元大98售13,0,0,0,0,0,0,0,0,0,2000,0,0,0,2000,0,2000,2000
063813,瑞昱群益9C購02  ,0,0,0,0,0,0,0,0,0,2000,0,0,0,12000,10000,2000,2000
08201P,祥碩元大9B售09  ,0,0,0,0,0,0,0,0,0,2000,0,0,0,4000,2000,2000,2000
1438,裕豐            ,2000,0,2000,0,0,0,0,0,0,0,0,0,0,0,0,0,2000
1341,富林-KY         ,2000,0,2000,0,0,0,0,0,0,0,0,0,0,0,0,0,2000
1410,南染            ,2000,0,2000,0,0,0,0,0,0,0,0,0,0,0,0,0,2000
1235,興泰            ,2000,0,2000,0,0,0,0,0,0,0,0,0,0,0,0,0,2000
1236,宏亞            ,2000,0,2000,0,0,0,0,0,0,0,0,0,0,0,0,0,2000
08063P,立積國票9B售03  ,0,0,0,0,0,0,0,0,0,2000,0,0,0,2000,0,2000,2000
08046P,臺股指國票9B售11,0,0,0,0,0,0,0,0,0,2000,0,0,0,2000,0,2000,2000
07857P,國巨永豐9A售05  ,0,0,0,0,0,0,0,0,0,2000,0,0,0,2000,0,2000,2000
07768P,緯穎群益9A售02  ,0,0,0,0,0,0,0,0,0,2000,0,0,0,12000,10000,2000,2000
07720P,臺股指群益9A售09,0,0,0,0,0,0,0,0,0,2000,0,0,0,2000,0,2000,2000
07653P,華新科群益9A售05,0,0,0,0,0,0,0,0,0,2000,0,0,0,2000,0,2000,2000
3054,立萬利          ,3000,1000,2000,0,0,0,0,0,0,0,0,0,0,0,0,0,2000
3694,海華            ,21000,20000,1000,0,0,0,0,0,0,1000,2000,1000,1000,0,0,0,2000
2881B,富邦金乙特      ,0,0,0,0,0,0,0,0,0,2000,2000,0,2000,0,0,0,2000
3021,鴻名            ,2000,0,2000,0,0,0,0,0,0,0,0,0,0,0,0,0,2000
2431,聯昌            ,29000,27000,2000,0,0,0,0,0,0,0,0,0,0,0,0,0,2000
2438,翔耀            ,2000,0,2000,0,0,0,0,0,0,0,0,0,0,0,0,0,2000
1724,台硝            ,2000,0,2000,0,0,0,0,0,0,0,0,0,0,0,0,0,2000
2008,高興昌          ,2000,0,2000,0,0,0,0,0,0,0,0,0,0,0,0,0,2000
2062,橋椿            ,22000,20000,2000,0,0,0,0,0,0,0,0,0,0,0,0,0,2000
056339,聯發科凱基99購02,0,0,0,0,0,0,0,0,0,2000,0,0,0,2000,0,2000,2000
056796,國巨麥證98購02  ,0,0,0,2000,0,2000,0,0,0,2000,0,0,0,2000,0,2000,2000
059648,台表科凱基99購03,0,0,0,0,0,0,0,0,0,2000,0,0,0,2000,0,2000,2000
059286,S&P正2元富01購03,0,0,0,0,0,0,0,0,0,2000,0,0,0,2000,0,2000,2000
059887,華新科國票99購02,0,0,0,0,0,0,0,0,0,2000,0,0,0,2000,0,2000,2000
059361,玉晶光永豐99購04,0,0,0,0,0,0,0,0,0,2000,0,0,0,2000,0,2000,2000
059435,大立光元大99購17,0,0,0,0,0,0,0,0,0,2000,0,0,0,2000,0,2000,2000
056554,GIS凱基99購01   ,0,0,0,0,0,0,0,0,0,2000,0,0,0,2000,0,2000,2000
056544,貿聯凱基98購03  ,0,0,0,0,0,0,0,0,0,2000,0,0,0,8000,6000,2000,2000
055717,聯發科元大97購19,0,0,0,0,0,0,0,0,0,2000,0,0,0,2000,0,2000,2000
055695,大毅國票98購03  ,0,0,0,0,0,0,0,0,0,2000,0,0,0,2000,0,2000,2000
055678,上銀凱基97購02  ,0,0,0,0,0,0,0,0,0,2000,0,0,0,2000,0,2000,2000
056638,臺股指日盛98購01,0,0,0,0,0,0,0,0,0,2000,0,0,0,2000,0,2000,2000
056700,華新科國泰99購03,0,0,0,0,0,0,0,0,0,2000,0,0,0,17000,15000,2000,2000
056705,超眾國泰99購01  ,0,0,0,0,0,0,0,0,0,2000,0,0,0,2000,0,2000,2000
055032,億光富邦99購01  ,0,0,0,0,0,0,0,0,0,2000,0,0,0,44000,42000,2000,2000
055019,福懋科元富97購01,0,0,0,0,0,0,0,0,0,2000,0,0,0,2000,0,2000,2000
05524P,瀚宇博國票97售02,0,0,0,0,0,0,0,0,0,2000,0,0,0,2000,0,2000,2000
052005,矽力國泰97購02  ,0,0,0,0,0,0,0,0,0,2000,0,0,0,2000,0,2000,2000
051756,台積電元大97購04,0,0,0,0,0,0,0,0,0,2000,0,0,0,2000,0,2000,2000
03685C,臺股指元大9B牛43,0,0,0,0,0,0,0,0,0,2000,0,0,0,2000,0,2000,2000
042168,台灣50凱基96購01,0,0,0,0,0,0,0,0,0,2000,0,0,0,2000,0,2000,2000
046793,聯發科元富99購01,0,0,0,0,0,0,0,0,0,2000,0,0,0,2000,0,2000,2000
00731,FH富時高息低波  ,0,0,0,0,0,0,0,0,0,2000,0,0,0,1278000,1276000,2000,2000
006204,永豐臺灣加權    ,0,0,0,0,0,0,0,0,0,2000,0,0,0,43000,41000,2000,2000
054361,技嘉凱基96購01  ,0,0,0,0,0,0,0,0,0,2000,0,0,0,2000,0,2000,2000
054268,健策第一96購01  ,0,0,0,0,0,0,0,0,0,2000,0,0,0,2000,0,2000,2000
047483,新光金凱基99購04,0,0,0,0,0,0,0,0,0,2000,0,0,0,2000,0,2000,2000
050099,台積電永昌96購01,0,0,0,0,0,0,0,0,0,2000,0,0,0,12000,10000,2000,2000
049759,元黃金富邦9A購01,0,0,0,0,0,0,0,0,0,2000,0,0,0,2000,0,2000,2000
050306,聯發科中信97購01,0,0,0,0,0,0,0,0,0,2000,0,0,0,2000,0,2000,2000
056972,祥碩永豐98購02  ,0,0,0,0,0,0,0,0,0,2000,0,0,0,2000,0,2000,2000
056423,奇鋐統一98購01  ,0,0,0,0,0,0,0,0,0,2000,0,0,0,2000,0,2000,2000
055524,鴻海群益98購01  ,0,0,0,0,0,0,0,0,0,2000,0,0,0,2000,0,2000,2000
052806,玉晶光元大98購04,0,0,0,0,0,0,0,0,0,2000,0,0,0,2000,0,2000,2000
053645,臺股指國票96購08,0,0,0,0,0,0,0,0,0,2000,0,0,0,2000,0,2000,2000
060756,鴻海元大9A購16  ,0,0,0,0,0,0,0,0,0,2000,0,0,0,38000,36000,2000,2000
060766,世芯元大9A購02  ,0,0,0,0,0,0,0,0,0,2000,0,0,0,2000,0,2000,2000
057566,欣興富邦99購01  ,0,0,0,0,0,0,0,0,0,2000,0,0,0,2000,0,2000,2000
059264,台光電中信99購02,0,0,0,0,0,0,0,0,0,2000,0,0,0,13000,11000,2000,2000
059250,大立光凱基99購06,0,0,0,0,0,0,0,0,0,2000,0,0,0,2000,0,2000,2000
059253,康控凱基9B購02  ,0,0,0,0,0,0,0,0,0,2000,0,0,0,42000,40000,2000,2000
057596,聯茂兆豐99購01  ,0,0,0,0,0,0,0,0,0,2000,0,0,0,2000,0,2000,2000
060639,玉晶光永豐9A購05,0,0,0,0,0,0,0,0,0,2000,0,0,0,2000,0,2000,2000
060586,玉晶光元富9A購03,0,0,0,0,0,0,0,0,0,2000,0,0,0,2000,0,2000,2000
058545,義隆富邦9C購01  ,0,0,0,0,0,0,0,0,0,2000,0,0,0,2000,0,2000,2000
058837,SGBR2X中信9C購01,0,0,0,0,0,0,0,0,0,2000,0,0,0,2000,0,2000,2000
058822,樺漢國泰9B購01  ,0,0,0,0,0,0,0,0,0,2000,0,0,0,2000,0,2000,2000
060555,台表科凱基9A購03,0,0,0,0,0,0,0,0,0,2000,0,0,0,2000,0,2000,2000
060533,臺股指中信9B購05,0,0,0,0,0,0,0,0,0,2000,0,0,0,2000,0,2000,2000
060461,鴻海元大9A購09  ,0,0,0,0,0,0,0,0,0,2000,0,0,0,2000,0,2000,2000
060458,華通元大9A購02  ,0,0,0,0,0,0,0,0,0,2000,0,0,0,2000,0,2000,2000
058355,旺宏凱基99購04  ,0,0,0,0,0,0,0,0,0,2000,0,0,0,2000,0,2000,2000
058352,鴻海凱基9A購05  ,0,0,0,0,0,0,0,0,0,2000,0,0,0,2000,0,2000,2000
057139,華新科兆豐98購02,0,0,0,0,0,0,0,0,0,2000,0,0,0,2000,0,2000,2000
057488,聯發科元大99購02,0,0,0,0,0,0,0,0,0,2000,0,0,0,2000,0,2000,2000
060326,群光群益9A購01  ,0,0,0,0,0,0,0,0,0,2000,0,0,0,5000,3000,2000,2000
057366,智邦元大98購08  ,0,0,0,0,0,0,0,0,0,2000,0,0,0,32000,30000,2000,2000
060057,欣興凱基9B購01  ,0,0,0,0,0,0,0,0,0,2000,0,0,0,2000,0,2000,2000
060221,大立光凱基9A購07,0,0,0,0,0,0,0,0,0,2000,0,0,0,2000,0,2000,2000
059019,元石油統一9B購03,0,0,0,0,0,0,0,0,0,2000,0,0,0,2000,0,2000,2000
061697,世紀鋼群益9A購03,0,0,0,0,0,0,0,0,0,2000,0,0,0,2000,0,2000,2000
061683,台灣50群益9B購09,0,0,0,0,0,0,0,0,0,2000,0,0,0,7000,5000,2000,2000
061488,奇力新兆豐9A購01,0,0,0,0,0,0,0,0,0,2000,0,0,0,2000,0,2000,2000
061338,台積電元大9A購28,0,0,0,0,0,0,0,0,0,2000,0,0,0,2000,0,2000,2000
061380,巨大永豐9A購02  ,0,0,0,0,0,0,0,0,0,2000,0,0,0,2000,0,2000,2000
061399,喬山兆豐9B購01  ,0,0,0,0,0,0,0,0,0,2000,0,0,0,2000,0,2000,2000
061222,台灣50中信9A購02,0,0,0,0,0,0,0,0,0,2000,0,0,0,3000,1000,2000,2000
061182,南六凱基9A購01  ,0,0,0,0,0,0,0,0,0,2000,0,0,0,2000,0,2000,2000
062355,華通元大9B購03  ,0,0,0,0,0,0,0,0,0,2000,0,0,0,50000,48000,2000,2000
062434,華通元大9B購04  ,0,0,0,0,0,0,0,0,0,2000,0,0,0,10000,8000,2000,2000
062299,台積電第一9B購01,0,0,0,0,0,0,0,0,0,2000,0,0,0,25000,23000,2000,2000
062308,旺宏凱基9B購04  ,0,0,0,0,0,0,0,0,0,2000,0,0,0,2000,0,2000,2000
062317,祥碩凱基9B購03  ,0,0,0,0,0,0,0,0,0,2000,0,0,0,18000,16000,2000,2000
062028,晶技群益9B購01  ,0,0,0,0,0,0,0,0,0,2000,0,0,0,2000,0,2000,2000
062046,矽格凱基9B購01  ,0,0,0,0,0,0,0,0,0,2000,0,0,0,37000,35000,2000,2000
061912,台積電中信05購05,0,0,0,0,0,0,0,0,0,2000,0,0,0,2000,0,2000,2000
063104,大立光群益9C購02,0,0,0,0,0,0,0,0,0,2000,0,0,0,7000,5000,2000,2000
063038,富邦金凱基9B購02,0,0,0,0,0,0,0,0,0,2000,0,0,0,92000,90000,2000,2000
063180,台塑凱基9B購01  ,0,0,0,0,0,0,0,0,0,2000,0,0,0,6000,4000,2000,2000
063181,聚陽凱基9B購01  ,0,0,0,0,0,0,0,0,0,2000,0,0,0,2000,0,2000,2000
063149,聯發科元富05購02,0,0,0,0,0,0,0,0,0,2000,0,0,0,35000,33000,2000,2000
062952,台積電永豐9B購02,0,0,0,0,0,0,0,0,0,2000,0,0,0,58000,56000,2000,2000
062894,道瓊銀元大9B購02,0,0,0,0,0,0,0,0,0,2000,0,0,0,2000,0,2000,2000
062671,國泰金中信03購01,0,0,0,0,0,0,0,0,0,2000,0,0,0,22000,20000,2000,2000
062675,台積電台新9B購06,0,0,0,0,0,0,0,0,0,2000,0,0,0,2000,0,2000,2000
062638,茂林國票9C購01  ,0,0,0,0,0,0,0,0,0,2000,0,0,0,11000,9000,2000,2000
063313,南亞科群益9B購02,0,0,0,0,0,0,0,0,0,2000,0,0,0,24000,22000,2000,2000
063690,健鼎永豐9B購01  ,0,0,0,0,0,0,0,0,0,2000,0,0,0,3000,1000,2000,2000
6216,居易            ,5000,4000,1000,0,0,0,0,0,0,1000,3000,2000,1000,0,0,0,2000
4571,鈞興-KY         ,2000,0,2000,0,0,0,0,0,0,0,0,0,0,0,0,0,2000
6464,台數科          ,2000,0,2000,0,0,0,0,0,0,0,0,0,0,0,0,0,2000
6641,基士德-KY       ,2000,0,2000,0,0,0,0,0,0,0,0,0,0,0,0,0,2000
8443,阿瘦            ,2000,0,2000,0,0,0,0,0,0,0,0,0,0,0,0,0,2000
8114,振樺電          ,9000,8000,1000,0,0,0,0,0,0,1000,1000,0,1000,0,0,0,2000
9931,欣高            ,2000,0,2000,0,0,0,0,0,0,0,0,0,0,0,0,0,2000
8481,政伸            ,2000,0,2000,0,0,0,0,0,0,0,0,0,0,0,0,0,2000
8427,基勝-KY         ,2000,0,2000,0,0,0,0,0,0,0,0,0,0,0,0,0,2000
8466,美吉吉-KY       ,2000,0,2000,0,0,0,0,0,0,0,0,0,0,0,0,0,2000
2033,佳大            ,1000,0,1000,0,0,0,0,0,0,0,0,0,0,0,0,0,1000
2024,志聯            ,1000,0,1000,0,0,0,0,0,0,0,0,0,0,0,0,0,1000
2115,六暉-KY         ,1000,0,1000,0,0,0,0,0,0,0,0,0,0,0,0,0,1000
2022,聚亨            ,22000,0,22000,0,0,0,0,0,0,-21000,0,21000,-21000,0,0,0,1000
1776,展宇            ,2000,1000,1000,0,0,0,0,0,0,0,0,0,0,0,0,0,1000
1735,日勝化          ,2000,1000,1000,0,0,0,0,0,0,0,0,0,0,0,0,0,1000
1533,車王電          ,43000,42000,1000,0,0,0,0,0,0,0,0,0,0,0,0,0,1000
2424,隴華            ,3000,2000,1000,0,0,0,0,0,0,0,0,0,0,0,0,0,1000
2428,興勤            ,127000,103000,24000,0,0,0,0,0,0,-23000,2000,0,2000,0,25000,-25000,1000
2485,兆赫            ,155000,159000,-4000,0,0,0,0,0,0,5000,5000,0,5000,0,0,0,1000
2482,連宇            ,1000,0,1000,0,0,0,0,0,0,0,0,0,0,0,0,0,1000
2897A,王道銀甲特      ,0,0,0,0,0,0,0,0,0,1000,1000,0,1000,0,0,0,1000
2887E,台新戊特        ,0,0,0,0,0,0,0,0,0,1000,1000,0,1000,0,0,0,1000
3432,台端            ,1000,0,1000,0,0,0,0,0,0,0,0,0,0,0,0,0,1000
3383,新世紀          ,1000,0,1000,0,0,0,0,0,0,0,0,0,0,0,0,0,1000
07705P,台積電元大9A售26,0,0,0,0,0,0,0,0,0,1000,0,0,0,46000,45000,1000,1000
07886P,國巨國票9B售06  ,0,0,0,0,0,0,0,0,0,1000,0,0,0,1000,0,1000,1000
07944P,華新科元大9B售08,0,0,0,0,0,0,0,0,0,1000,0,0,0,1000,0,1000,1000
08092P,仁寶元富9B售02  ,0,0,0,0,0,0,0,0,0,1000,0,0,0,68000,67000,1000,1000
1416,廣豐            ,42000,41000,1000,0,0,0,0,0,0,0,0,0,0,0,0,0,1000
1324,地球            ,1000,0,1000,0,0,0,0,0,0,0,0,0,0,0,0,0,1000
1453,大將            ,1000,0,1000,0,0,0,0,0,0,0,0,0,0,0,0,0,1000
1456,怡華            ,1000,0,1000,0,0,0,0,0,0,0,0,0,0,0,0,0,1000
1459,聯發            ,16000,15000,1000,0,0,0,0,0,0,0,0,0,0,0,0,0,1000
1470,大統新創        ,1000,0,1000,0,0,0,0,0,0,0,0,0,0,0,0,0,1000
064009,超眾凱基01購01  ,0,0,0,0,0,0,0,0,0,1000,0,0,0,1000,0,1000,1000
064298,台灣50兆豐01購02,0,0,0,0,0,0,0,0,0,1000,0,0,0,1000,0,1000,1000
064133,力成元大9C購01  ,0,0,0,0,0,0,0,0,0,1000,0,0,0,1000,0,1000,1000
06627P,華新科元富99售01,0,0,0,0,0,0,0,0,0,1000,0,0,0,7000,6000,1000,1000
06767P,台積電永昌99售03,0,0,0,0,0,0,0,0,0,1000,0,0,0,1000,0,1000,1000
06667P,鴻海凱基98售11  ,0,0,0,0,0,0,0,0,0,1000,0,0,0,1000,0,1000,1000
06856P,台灣50永豐99售03,0,0,0,0,0,0,0,0,0,1000,0,0,0,3000,2000,1000,1000
06939P,國巨永豐98售09  ,0,0,0,0,0,0,0,0,0,1000,0,0,0,1000,0,1000,1000
06957P,FBVIX凱基01售01 ,0,0,0,0,0,0,0,0,0,1000,0,0,0,1000,0,1000,1000
07022P,嘉晶永豐99售02  ,0,0,0,0,0,0,0,0,0,1000,0,0,0,161000,160000,1000,1000
07115P,T50反1日盛9C售02,0,0,0,0,0,0,0,0,0,1000,0,0,0,1000,0,1000,1000
07144P,FBVIX元大99售03 ,0,0,0,0,0,0,0,0,0,1000,0,0,0,1000,0,1000,1000
07188P,臺股指台新99售11,0,0,0,0,0,0,0,0,0,1000,0,0,0,1000,0,1000,1000
053644,台表科國票97購03,0,0,0,0,0,0,0,0,0,1000,0,0,0,1000,0,1000,1000
052437,聯發科富邦99購02,0,0,0,0,0,0,0,0,0,1000,0,0,0,1000,0,1000,1000
053382,友達元大9C購02  ,0,0,0,0,0,0,0,0,0,1000,0,0,0,1000,0,1000,1000
053353,玉晶光兆豐97購03,0,0,0,0,0,0,0,0,0,1000,0,0,0,1000,0,1000,1000
053307,泰碩凱基97購01  ,0,0,0,0,0,0,0,0,0,1000,0,0,0,1000,0,1000,1000
055566,台表科凱基97購03,0,0,0,0,0,0,0,0,0,1000,0,0,0,1000,0,1000,1000
055485,國巨元大97購09  ,0,0,0,0,0,0,0,0,0,1000,0,0,0,1000,0,1000,1000
05546P,全新元大97售01  ,0,0,0,0,0,0,0,0,0,1000,0,0,0,1000,0,1000,1000
054740,強茂凱基99購01  ,0,0,0,0,0,0,0,0,0,1000,0,0,0,1000,0,1000,1000
054625,旺宏凱基98購03  ,0,0,0,0,0,0,0,0,0,1000,0,0,0,1000,0,1000,1000
053941,國巨國泰96購05  ,0,0,0,0,0,0,0,0,0,1000,0,0,0,1000,0,1000,1000
056497,GIS國泰99購01   ,0,0,0,0,0,0,0,0,0,1000,0,0,0,1000,0,1000,1000
056976,喬山群益98購01  ,0,0,0,0,0,0,0,0,0,1000,0,0,0,1000,0,1000,1000
056988,聚陽兆豐98購01  ,0,0,0,0,0,0,0,0,0,1000,0,0,0,1000,0,1000,1000
056916,台達電兆豐98購02,0,0,0,0,0,0,0,0,0,1000,0,0,0,1000,0,1000,1000
056946,國巨統一98購05  ,0,0,0,0,0,0,0,0,0,1000,0,0,0,1000,0,1000,1000
050402,緯穎中信96購01  ,0,0,0,0,0,0,0,0,0,1000,0,0,0,20000,19000,1000,1000
049888,智邦國泰96購01  ,0,0,0,0,0,0,0,0,0,1000,0,0,0,1000,0,1000,1000
047689,瑞昱富邦97購01  ,0,0,0,0,0,0,0,0,0,1000,0,0,0,1000,0,1000,1000
047417,台塑富邦97購01  ,0,0,0,0,0,0,0,0,0,1000,0,0,0,1000,0,1000,1000
047769,大立光元大96購01,0,0,0,0,0,0,0,0,0,1000,0,0,0,1000,0,1000,1000
048186,元黃金元大96購01,0,0,0,0,0,0,0,0,0,1000,0,0,0,1000,0,1000,1000
048192,華通元大96購01  ,0,0,0,0,0,0,0,0,0,1000,0,0,0,1000,0,1000,1000
048892,台郡元富97購01  ,0,0,0,0,0,0,0,0,0,1000,0,0,0,1000,0,1000,1000
050895,聯發科元大97購01,0,0,0,0,0,0,0,0,0,1000,0,0,0,1000,0,1000,1000
051087,國巨元大97購01  ,0,0,0,0,0,0,0,0,0,1000,0,0,0,1000,0,1000,1000
054289,聯發科元大97購11,0,0,0,0,0,0,0,0,0,1000,0,0,0,1000,0,1000,1000
054363,世芯凱基97購01  ,0,0,0,0,0,0,0,0,0,1000,0,0,0,13000,12000,1000,1000
054357,可成兆豐97購02  ,0,0,0,0,0,0,0,0,0,1000,0,0,0,1000,0,1000,1000
054376,聯茂中信97購01  ,0,0,0,0,0,0,0,0,0,1000,0,0,0,1000,0,1000,1000
054408,義隆國票98購01  ,0,0,0,0,0,0,0,0,0,1000,0,0,0,1000,0,1000,1000
051432,群創元富99購03  ,0,0,0,0,0,0,0,0,0,1000,0,0,0,1000,0,1000,1000
05145P,道瓊反元大98售01,0,0,0,0,0,0,0,0,0,1000,0,0,0,1000,0,1000,1000
03006X,元展06          ,0,0,0,0,0,0,0,0,0,1000,0,0,0,1000,0,1000,1000
03679C,臺股指元大04牛04,0,0,0,0,0,0,0,0,0,1000,0,0,0,1000,0,1000,1000
03681C,台灣50凱基02牛02,0,0,0,0,0,0,0,0,0,1000,0,0,0,13000,12000,1000,1000
051591,玉晶光元大97購01,0,0,0,0,0,0,0,0,0,1000,0,0,0,1000,0,1000,1000
051907,台積電元大97購05,0,0,0,0,0,0,0,0,0,1000,0,0,0,1000,0,1000,1000
055327,致新國票98購01  ,0,0,0,0,0,0,0,0,0,1000,0,0,0,15000,14000,1000,1000
05519P,上証2X凱基98售01,0,0,0,0,0,0,0,0,0,1000,0,0,0,1000,0,1000,1000
055202,神達群益97購01  ,0,0,0,0,0,0,0,0,0,1000,0,0,0,1000,0,1000,1000
055002,群創元富99購04  ,0,0,0,0,0,0,0,0,0,1000,0,0,0,1000,0,1000,1000
054961,玉晶光元大99購01,0,0,0,0,0,0,0,0,0,1000,0,0,0,3000,2000,1000,1000
055154,聯發科元大98購01,0,0,0,0,0,0,0,0,0,1000,0,0,0,1000,0,1000,1000
055132,台虹康和97購01  ,0,0,0,0,0,0,0,0,0,1000,0,0,0,1000,0,1000,1000
056725,鴻海國票99購03  ,0,0,0,0,0,0,0,0,0,1000,0,0,0,1000,0,1000,1000
055901,超眾中信97購01  ,0,0,0,0,0,0,0,0,0,1000,0,0,0,1000,0,1000,1000
055365,華通元大97購03  ,0,0,0,0,0,0,0,0,0,1000,0,0,0,117000,116000,1000,1000
055858,聯茂元大97購03  ,0,0,0,0,0,0,0,0,0,1000,0,0,0,100000,99000,1000,1000
054755,世紀鋼凱基98購01,0,0,0,0,0,0,0,0,0,1000,0,0,0,1000,0,1000,1000
055715,智邦元大97購04  ,0,0,0,0,0,0,0,0,0,1000,0,0,0,26000,25000,1000,1000
059434,全新元大99購05  ,0,0,0,0,0,0,0,0,0,1000,0,0,0,1000,0,1000,1000
059455,玉晶光永豐99購05,0,0,0,0,0,0,0,0,0,1000,0,0,0,1000,0,1000,1000
059383,台灣50凱基99購03,0,0,0,0,0,0,0,0,0,1000,0,0,0,1000,0,1000,1000
059919,宏達電元大99購06,0,0,0,0,0,0,0,0,0,1000,0,0,0,1000,0,1000,1000
059568,台積電凱基9A購13,0,0,0,0,0,0,0,0,0,1000,0,0,0,1000,0,1000,1000
056322,臺股指群益98購01,0,0,0,0,0,0,0,0,0,1000,0,0,0,1000,0,1000,1000
056078,勤誠元大97購01  ,0,0,0,0,0,0,0,0,0,1000,0,0,0,1000,0,1000,1000
056053,和大元大97購05  ,0,0,0,0,0,0,0,0,0,1000,0,0,0,1000,0,1000,1000
05902P,華通國票96售02  ,0,0,0,0,0,0,0,0,0,1000,0,0,0,1000,0,1000,1000
059035,旺宏群益99購06  ,0,0,0,0,0,0,0,0,0,1000,0,0,0,1000,0,1000,1000
058235,大立光元大99購08,0,0,0,0,0,0,0,0,0,1000,0,0,0,78000,77000,1000,1000
057430,富邦金兆豐98購01,0,0,0,0,0,0,0,0,0,1000,0,0,0,1000,0,1000,1000
060237,友達元大9A購06  ,0,0,0,0,0,0,0,0,0,1000,0,0,0,1000,0,1000,1000
060197,臻鼎元富9A購02  ,0,0,0,0,0,0,0,0,0,1000,0,0,0,10000,9000,1000,1000
060165,上緯控永豐9A購01,0,0,0,0,0,0,0,0,0,1000,0,0,0,1000,0,1000,1000
060147,臺股指國票9A購07,0,0,0,0,0,0,0,0,0,1000,0,0,0,1000,0,1000,1000
060092,瑞昱元大99購03  ,0,0,0,0,0,0,0,0,0,1000,0,0,0,6000,5000,1000,1000
060116,世紀鋼元大99購07,0,0,0,0,0,0,0,0,0,1000,0,0,0,1000,0,1000,1000
057331,台積電國票99購04,0,0,0,0,0,0,0,0,0,1000,0,0,0,30000,29000,1000,1000
059803,S&P正2元富9B購03,0,0,0,0,0,0,0,0,0,1000,0,0,0,1000,0,1000,1000
057497,祥碩元大98購06  ,0,0,0,0,0,0,0,0,0,1000,0,0,0,11000,10000,1000,1000
057132,華新科凱基98購05,0,0,0,0,0,0,0,0,0,1000,0,0,0,31000,30000,1000,1000
057234,宏達電凱基98購05,0,0,0,0,0,0,0,0,0,1000,0,0,0,1000,0,1000,1000
058349,滬深2X日盛9A購01,0,0,0,0,0,0,0,0,0,1000,0,0,0,1000,0,1000,1000
058347,玉晶光群益9B購01,0,0,0,0,0,0,0,0,0,1000,0,0,0,17000,16000,1000,1000
058310,大立光元大99購10,0,0,0,0,0,0,0,0,0,1000,0,0,0,1000,0,1000,1000
058313,台積電富邦9B購04,0,0,0,0,0,0,0,0,0,1000,0,0,0,1000,0,1000,1000
057832,聯發科元富02購05,0,0,0,0,0,0,0,0,0,1000,0,0,0,1000,0,1000,1000
060412,儒鴻永豐9A購01  ,0,0,0,0,0,0,0,0,0,1000,0,0,0,55000,54000,1000,1000
059990,健策元大9A購01  ,0,0,0,0,0,0,0,0,0,1000,0,0,0,14000,13000,1000,1000
059952,旺宏康和99購01  ,0,0,0,0,0,0,0,0,0,1000,0,0,0,1000,0,1000,1000
060480,億豐元大9A購02  ,0,0,0,0,0,0,0,0,0,1000,0,0,0,8000,7000,1000,1000
057093,臻鼎元富98購02  ,0,0,0,0,0,0,0,0,0,1000,0,0,0,1000,0,1000,1000
058775,台積電國票9A購02,0,0,0,0,0,0,0,0,0,1000,0,0,0,8000,7000,1000,1000
058737,鴻海第一01購01  ,0,0,0,0,0,0,0,0,0,1000,0,0,0,1000,0,1000,1000
058839,瑞儀中信99購02  ,0,0,0,0,0,0,0,0,0,1000,0,0,0,22000,21000,1000,1000
059149,臺股指國票99購12,0,0,0,0,0,0,0,0,0,1000,0,0,0,1000,0,1000,1000
057901,大立光永豐98購04,0,0,0,0,0,0,0,0,0,1000,0,0,0,1000,0,1000,1000
057908,國泰金亞東99購01,0,0,0,0,0,0,0,0,0,1000,0,0,0,1000,0,1000,1000
057868,大立光凱基98購18,0,0,0,0,0,0,0,0,0,1000,0,0,0,1000,0,1000,1000
058024,台積電國泰9A購01,0,0,0,0,0,0,0,0,0,1000,0,0,0,11000,10000,1000,1000
057957,嘉晶元大98購01  ,0,0,0,0,0,0,0,0,0,1000,0,0,0,2000,1000,1000,1000
058415,祥碩兆豐99購01  ,0,0,0,0,0,0,0,0,0,1000,0,0,0,1000,0,1000,1000
059132,臺股指群益99購07,0,0,0,0,0,0,0,0,0,1000,0,0,0,1000,0,1000,1000
058068,旺宏凱基98購11  ,0,0,0,0,0,0,0,0,0,1000,0,0,0,1000,0,1000,1000
058367,大立光凱基9A購01,0,0,0,0,0,0,0,0,0,1000,0,0,0,1000,0,1000,1000
060609,玉晶光凱基9B購01,0,0,0,0,0,0,0,0,0,1000,0,0,0,1000,0,1000,1000
060593,華通麥證9A購01  ,0,0,0,1000,0,1000,0,0,0,1000,0,0,0,1000,0,1000,1000
057559,可成兆豐99購02  ,0,0,0,0,0,0,0,0,0,1000,0,0,0,1000,0,1000,1000
060780,祥碩國泰9B購01  ,0,0,0,0,0,0,0,0,0,1000,0,0,0,1000,0,1000,1000
060748,臻鼎國票9A購01  ,0,0,0,0,0,0,0,0,0,1000,0,0,0,1000,0,1000,1000
060729,國巨群益9A購05  ,0,0,0,0,0,0,0,0,0,1000,0,0,0,1000,0,1000,1000
060945,緯穎國票9A購02  ,0,0,0,0,0,0,0,0,0,1000,0,0,0,18000,17000,1000,1000
060899,超眾凱基9A購01  ,0,0,0,0,0,0,0,0,0,1000,0,0,0,1000,0,1000,1000
063304,大立光凱基01購02,0,0,0,0,0,0,0,0,0,1000,0,0,0,1000,0,1000,1000
063398,信邦群益9B購02  ,0,0,0,0,0,0,0,0,0,1000,0,0,0,51000,50000,1000,1000
063426,茂林凱基9B購03  ,0,0,0,0,0,0,0,0,0,1000,0,0,0,1000,0,1000,1000
062603,台化凱基9B購01  ,0,0,0,0,0,0,0,0,0,1000,0,0,0,14000,13000,1000,1000
062696,國巨元大9B購16  ,0,0,0,0,0,0,0,0,0,1000,0,0,0,1000,0,1000,1000
062776,鴻海元大9B購03  ,0,0,0,0,0,0,0,0,0,1000,0,0,0,1000,0,1000,1000
063007,儒鴻元大9B購01  ,0,0,0,0,0,0,0,0,0,1000,0,0,0,1000,0,1000,1000
063094,玉晶光國票01購03,0,0,0,0,0,0,0,0,0,1000,0,0,0,5000,4000,1000,1000
061943,上銀群益9B購02  ,0,0,0,0,0,0,0,0,0,1000,0,0,0,15000,14000,1000,1000
061961,台積電統一01購02,0,0,0,0,0,0,0,0,0,1000,0,0,0,1000,0,1000,1000
061889,祥碩富邦9B購01  ,0,0,0,0,0,0,0,0,0,1000,0,0,0,1000,0,1000,1000
062024,臺股指中信9C購05,0,0,0,0,0,0,0,0,0,1000,0,0,0,1000,0,1000,1000
062000,臺股指元大9B購24,0,0,0,0,0,0,0,0,0,1000,0,0,0,1000,0,1000,1000
062161,南六凱基9C購01  ,0,0,0,0,0,0,0,0,0,1000,0,0,0,1000,0,1000,1000
062129,世紀鋼統一02購01,0,0,0,0,0,0,0,0,0,1000,0,0,0,1000,0,1000,1000
062120,國巨台新9B購01  ,0,0,0,0,0,0,0,0,0,1000,0,0,0,1000,0,1000,1000
062312,大立光凱基9B購03,0,0,0,0,0,0,0,0,0,1000,0,0,0,2000,1000,1000,1000
062339,瑞昱麥證9C購01  ,0,0,0,1000,37000,-36000,0,0,0,1000,0,0,0,38000,37000,1000,1000
062274,台積電群益9B購04,0,0,0,0,0,0,0,0,0,1000,0,0,0,1000,0,1000,1000
062224,玉晶光統一9C購03,0,0,0,0,0,0,0,0,0,1000,0,0,0,9000,8000,1000,1000
062482,台表科國票9B購01,0,0,0,0,0,0,0,0,0,1000,0,0,0,7000,6000,1000,1000
062384,聯詠國泰9C購01  ,0,0,0,0,0,0,0,0,0,1000,0,0,0,11000,10000,1000,1000
061146,台表科中信9A購02,0,0,0,0,0,0,0,0,0,1000,0,0,0,23000,22000,1000,1000
061128,大立光永豐9A購02,0,0,0,0,0,0,0,0,0,1000,0,0,0,1000,0,1000,1000
061260,台積電凱基9A購23,0,0,0,0,0,0,0,0,0,1000,0,0,0,1000,0,1000,1000
061269,嘉澤凱基9A購01  ,0,0,0,0,0,0,0,0,0,1000,0,0,0,1000,0,1000,1000
061430,致新元大9A購01  ,0,0,0,0,0,0,0,0,0,1000,0,0,0,1000,0,1000,1000
061431,鈺齊元大9A購01  ,0,0,0,0,0,0,0,0,0,1000,0,0,0,16000,15000,1000,1000
061471,台積電元大9A購31,0,0,0,0,0,0,0,0,0,1000,0,0,0,15000,14000,1000,1000
061573,義隆元大9A購02  ,0,0,0,0,0,0,0,0,0,1000,0,0,0,153000,152000,1000,1000
061675,華新科元大9A購23,0,0,0,0,0,0,0,0,0,1000,0,0,0,1000,0,1000,1000
061631,SP黃豆元大9A購05,0,0,0,0,0,0,0,0,0,1000,0,0,0,1000,0,1000,1000
061632,SP黃豆元大9A購06,0,0,0,0,0,0,0,0,0,1000,0,0,0,1000,0,1000,1000
061716,瑞儀凱基9B購01  ,0,0,0,0,0,0,0,0,0,1000,0,0,0,21000,20000,1000,1000
8488,吉源-KY         ,1000,0,1000,0,0,0,0,0,0,0,0,0,0,0,0,0,1000
9906,欣巴巴          ,1000,0,1000,0,0,0,0,0,0,0,0,0,0,0,0,0,1000
9933,中鼎            ,1486000,1490000,-4000,0,0,0,0,0,0,5000,5000,0,5000,0,0,0,1000
9929,秋雨            ,1000,0,1000,0,0,0,0,0,0,0,0,0,0,0,0,0,1000
8201,無敵            ,1000,0,1000,0,0,0,0,0,0,0,0,0,0,0,0,0,1000
6605,帝寶            ,21000,21000,0,0,0,0,0,0,0,1000,1000,0,1000,0,0,0,1000
6405,悅城            ,1000,0,1000,0,0,0,0,0,0,0,0,0,0,0,0,0,1000
4755,三福化          ,1000,0,1000,0,0,0,0,0,0,0,0,0,0,0,0,0,1000
5484,慧友            ,1000,0,1000,0,0,0,0,0,0,0,0,0,0,0,0,0,1000
6152,百一            ,6000,5000,1000,0,0,0,0,0,0,0,0,0,0,0,0,0,1000
6172,互億            ,9000,6000,3000,0,0,0,0,0,0,-2000,0,2000,-2000,0,0,0,1000
008201,BP上證50        ,0,0,0,0,0,0,0,0,0,500,0,0,0,500,0,500,500
07172P,臺股指國票99售09,0,0,0,0,0,0,0,0,0,0,0,0,0,1000,1000,0,0
07129P,華新科元大99售14,0,0,0,0,0,0,0,0,0,0,0,0,0,75000,75000,0,0
07005P,台積電統一9B售05,0,0,0,0,0,0,0,0,0,0,0,0,0,10000,10000,0,0
06961P,台積電凱基99售05,0,0,0,0,0,0,0,0,0,0,0,0,0,20000,20000,0,0
06956P,國巨日盛99售04  ,0,0,0,0,0,0,0,0,0,0,0,0,0,40000,40000,0,0
06991P,矽創群益99售01  ,0,0,0,0,0,0,0,0,0,0,0,0,0,40000,40000,0,0
07489P,國巨國票9A售07  ,0,0,0,0,0,0,0,0,0,0,0,0,0,20000,20000,0,0
07451P,鴻海元大9B售01  ,0,0,0,0,0,0,0,0,0,0,0,0,0,100000,100000,0,0
07575P,瑞昱元大9A售02  ,0,0,0,0,0,0,0,0,0,0,0,0,0,20000,20000,0,0
07381P,鴻海群益99售05  ,0,0,0,0,0,0,0,0,0,0,0,0,0,30000,30000,0,0
07266P,大立光元大99售19,0,0,0,0,0,0,0,0,0,0,0,0,0,126000,126000,0,0
06950P,鴻海統一9B售02  ,0,0,0,0,0,0,0,0,0,0,0,0,0,3000,3000,0,0
06919P,臺股指日盛98售02,0,0,0,0,0,0,0,0,0,0,0,0,0,50000,50000,0,0
06857P,超眾永豐98售02  ,0,0,0,0,0,0,0,0,0,0,0,0,0,45000,45000,0,0
06806P,臺股指群益98售12,0,0,0,0,0,0,0,0,0,0,0,0,0,30000,30000,0,0
06671P,台積電群益98售04,0,0,0,0,0,0,0,0,0,0,0,0,0,10000,10000,0,0
06691P,臺股指群益9C售05,0,0,0,0,0,0,0,0,0,0,0,0,0,1000,1000,0,0
06716P,台積電元大9A售02,0,0,0,0,0,0,0,0,0,0,0,0,0,38000,38000,0,0
06789P,鴻海凱基98售12  ,0,0,0,0,0,0,0,0,0,0,0,0,0,3000,3000,0,0
06640P,國巨兆豐99售02  ,0,0,0,0,0,0,0,0,0,0,0,0,0,10000,10000,0,0
06653P,美食元大98售02  ,0,0,0,0,0,0,0,0,0,0,0,0,0,100000,100000,0,0
06599P,宏達電永豐98售02,0,0,0,0,0,0,0,0,0,0,0,0,0,25000,25000,0,0
06583P,可成凱基98售07  ,0,0,0,0,0,0,0,0,0,0,0,0,0,10000,10000,0,0
06504P,麗豐國票99售02  ,0,0,0,0,0,0,0,0,0,0,0,0,0,80000,80000,0,0
06517P,國巨凱基98售09  ,0,0,0,0,0,0,0,0,0,0,0,0,0,20000,20000,0,0
06471P,臺股指凱基99售11,0,0,0,0,0,0,0,0,0,0,0,0,0,25000,25000,0,0
06487P,聯發科統一99售02,0,0,0,0,0,0,0,0,0,0,0,0,0,100000,100000,0,0
06467P,旺宏統一98售01  ,0,0,0,0,0,0,0,0,0,0,0,0,0,50000,50000,0,0
06469P,臺股指凱基99售09,0,0,0,0,0,0,0,0,0,0,0,0,0,10000,10000,0,0
06457P,玉晶光統一98售02,0,0,0,0,0,0,0,0,0,0,0,0,0,10000,10000,0,0
064506,康控元大9C購02  ,0,0,0,0,0,0,0,0,0,0,0,0,0,18000,18000,0,0
064509,台表科元大9C購08,0,0,0,0,0,0,0,0,0,0,0,0,0,100000,100000,0,0
064499,可成元大9C購07  ,0,0,0,0,0,0,0,0,0,0,0,0,0,18000,18000,0,0
064520,京鼎群益02購01  ,0,0,0,0,0,0,0,0,0,0,0,0,0,10000,10000,0,0
064429,鴻海凱基03購03  ,0,0,0,0,0,0,0,0,0,0,0,0,0,3000,3000,0,0
064430,鴻海凱基03購04  ,0,0,0,0,0,0,0,0,0,0,0,0,0,3000,3000,0,0
064437,可成凱基02購01  ,0,0,0,0,0,0,0,0,0,0,0,0,0,7000,7000,0,0
064497,可成元大01購02  ,0,0,0,0,0,0,0,0,0,0,0,0,0,5000,5000,0,0
064483,瑞儀永豐9C購01  ,0,0,0,0,0,0,0,0,0,0,0,0,0,6000,6000,0,0
064122,國巨元大9C購17  ,0,0,0,0,0,0,0,0,0,0,0,0,0,1000,1000,0,0
064201,新光金兆豐9C購01,0,0,0,0,0,0,0,0,0,0,0,0,0,17000,17000,0,0
064231,鴻海統一01購03  ,0,0,0,0,0,0,0,0,0,0,0,0,0,12000,12000,0,0
064272,鴻海元大9C購09  ,0,0,0,0,0,0,0,0,0,0,0,0,0,1000,1000,0,0
06427P,鴻海元大97售13  ,0,0,0,0,0,0,0,0,0,0,0,0,0,1000,1000,0,0
064335,可成元大9C購05  ,0,0,0,0,0,0,0,0,0,0,0,0,0,9000,9000,0,0
06435P,臺股指群益98售02,0,0,0,0,0,0,0,0,0,0,0,0,0,2000,2000,0,0
06394P,台積電元大97售28,0,0,0,0,0,0,0,0,0,0,0,0,0,10000,10000,0,0
063948,高鐵元大9C購01  ,0,0,0,0,0,0,0,0,0,0,0,0,0,73000,73000,0,0
063967,華新科國票01購01,0,0,0,0,0,0,0,0,0,0,0,0,0,10000,10000,0,0
063992,大立光中信9C購03,0,0,0,0,0,0,0,0,0,0,0,0,0,30000,30000,0,0
063789,智邦台新9C購01  ,0,0,0,0,0,0,0,0,0,0,0,0,0,20000,20000,0,0
063915,祥碩凱基01購01  ,0,0,0,0,0,0,0,0,0,0,0,0,0,18000,18000,0,0
063888,TPK中信01購01   ,0,0,0,0,0,0,0,0,0,0,0,0,0,30000,30000,0,0
063857,臺股指元大9C購10,0,0,0,0,0,0,0,0,0,0,0,0,0,1000,1000,0,0
08358P,大立光元大9C售18,0,0,0,0,0,0,0,0,0,0,0,0,0,15000,15000,0,0
08319P,台積電統一9C售11,0,0,0,0,0,0,0,0,0,0,0,0,0,50000,50000,0,0
08140P,祥碩元大9B售07  ,0,0,0,0,0,0,0,0,0,0,0,0,0,53000,53000,0,0
08128P,聯發科元大9B售22,0,0,0,0,0,0,0,0,0,0,0,0,0,25000,25000,0,0
08129P,聯發科元大9B售23,0,0,0,0,0,0,0,0,0,0,0,0,0,25000,25000,0,0
08085P,華通凱基9B售04  ,0,0,0,0,0,0,0,0,0,0,0,0,0,5000,5000,0,0
08062P,華擎國票9B售03  ,0,0,0,0,0,0,0,0,0,0,0,0,0,20000,20000,0,0
07871P,台積電群益9C售02,0,0,0,0,0,0,0,0,0,0,0,0,0,25000,25000,0,0
07905P,大立光群益9B售04,0,0,0,0,0,0,0,0,0,0,0,0,0,15000,15000,0,0
07715P,台灣50群益9A售14,0,0,0,0,0,0,0,0,0,0,0,0,0,30000,30000,0,0
07692P,玉晶光元大9A售11,0,0,0,0,0,0,0,0,0,0,0,0,0,10000,10000,0,0
07761P,智邦永豐9A售03  ,0,0,0,0,0,0,0,0,0,0,0,0,0,10000,10000,0,0
07807P,聯茂永豐9A售02  ,0,0,0,0,0,0,0,0,0,0,0,0,0,20000,20000,0,0
3040,遠見            ,33000,32000,1000,0,0,0,0,0,0,-1000,0,1000,-1000,0,0,0,0
2465,麗臺            ,1000,1000,0,0,0,0,0,0,0,0,0,0,0,0,0,0,0
2114,鑫永銓          ,5000,5000,0,0,0,0,0,0,0,0,0,0,0,0,0,0,0
00774B,新光中國政金綠債,0,0,0,0,0,0,0,0,0,0,0,0,0,15000,15000,0,0
00775B,新光投等債15+   ,1000,4000,-3000,0,0,0,0,0,0,3000,0,0,0,3000,0,3000,0
00707R,元大S&P日圓反1  ,0,0,0,0,0,0,0,0,0,0,0,0,0,1000,1000,0,0
00689R,國泰20年美債反1 ,0,0,0,0,0,0,0,0,0,0,0,0,0,100000,100000,0,0
00700,富邦恒生國企    ,0,0,0,0,0,0,0,0,0,0,0,0,0,100000,100000,0,0
00636K,國泰中國A50+U   ,0,0,0,0,0,0,0,0,0,0,0,0,0,100,100,0,0
00657K,國泰日經225+U   ,0,0,0,0,0,0,0,0,0,0,0,0,0,100,100,0,0
00672L,元大S&P原油正2  ,0,0,0,0,0,0,0,0,0,0,0,0,0,45000,45000,0,0
00668K,國泰美國道瓊+U  ,0,0,0,0,0,0,0,0,0,0,0,0,0,100,100,0,0
00691R,兆豐藍籌30反1   ,0,0,0,0,0,0,0,0,0,0,0,0,0,1000,1000,0,0
051973,華新科凱基96購04,0,0,0,0,0,0,0,0,0,0,0,0,0,100000,100000,0,0
051926,聯電中信97購01  ,0,0,0,0,0,0,0,0,0,0,0,0,0,20000,20000,0,0
052076,可成元富98購01  ,0,0,0,0,0,0,0,0,0,0,0,0,0,5000,5000,0,0
051582,聯發科元大97購02,0,0,0,0,0,0,0,0,0,0,0,0,0,3000,3000,0,0
051776,上証2X群益99購01,0,0,0,0,0,0,0,0,0,0,0,0,0,33000,33000,0,0
03669C,滬深2X元富09牛01,0,0,0,0,0,0,0,0,0,0,0,0,0,4000,4000,0,0
046906,新光金凱基99購02,0,0,0,0,0,0,0,0,0,0,0,0,0,50000,50000,0,0
042501,台灣50凱基96購06,0,0,0,0,0,0,0,0,0,0,0,0,0,697000,697000,0,0
05306P,泰碩國泰97售01  ,0,0,0,0,0,0,0,0,0,0,0,0,0,25000,25000,0,0
054353,世紀鋼國泰98購01,0,0,0,0,0,0,0,0,0,0,0,0,0,444000,444000,0,0
052856,滬深2X凱基98購01,0,0,0,0,0,0,0,0,0,0,0,0,0,127000,127000,0,0
054266,緯穎元大96購07  ,0,0,0,0,0,0,0,0,0,0,0,0,0,10000,10000,0,0
054343,世紀鋼元富96購02,0,0,0,0,0,0,0,0,0,0,0,0,0,70000,70000,0,0
054189,貿聯永豐96購03  ,0,0,0,0,0,0,0,0,0,0,0,0,0,50000,50000,0,0
052332,美律亞東96購01  ,0,0,0,0,0,0,0,0,0,0,0,0,0,100000,100000,0,0
054080,微星中信98購01  ,0,0,0,0,0,0,0,0,0,0,0,0,0,20000,20000,0,0
054121,奇鋐永豐96購02  ,0,0,0,0,0,0,0,0,0,0,0,0,0,10000,10000,0,0
048382,T50反1國票96購01,0,0,0,0,0,0,0,0,0,0,0,0,0,120000,120000,0,0
04787P,台積電永昌96售04,0,0,0,0,0,0,0,0,0,0,0,0,0,38000,38000,0,0
049335,聯電統一97購01  ,0,0,0,0,0,0,0,0,0,0,0,0,0,5000,5000,0,0
050495,大立光永昌96購01,0,0,0,0,0,0,0,0,0,0,0,0,0,61000,61000,0,0
050101,台積電永昌96購03,0,334000,-334000,0,0,0,0,0,0,334000,0,0,0,334000,0,334000,0
056970,TPK永豐98購01   ,0,0,0,0,0,0,0,0,0,0,0,0,0,11000,11000,0,0
056882,華邦電康和98購01,0,0,0,0,0,0,0,0,0,0,0,0,0,68000,68000,0,0
056907,群創元大9C購04  ,0,0,0,0,0,0,0,0,0,0,0,0,0,2000,2000,0,0
056435,台積電凱基98購09,0,0,0,0,0,0,0,0,0,0,0,0,0,6000,6000,0,0
056451,可成凱基99購01  ,0,0,0,0,0,0,0,0,0,0,0,0,0,1000,1000,0,0
056463,台虹凱基98購02  ,0,0,0,0,0,0,0,0,0,0,0,0,0,5000,5000,0,0
054594,國巨麥證97購01  ,0,0,0,105000,0,105000,0,0,0,0,0,0,0,105000,105000,0,0
054643,上証2X群益9B購01,0,0,0,0,0,0,0,0,0,0,0,0,0,13000,13000,0,0
054684,裕隆永豐97購01  ,0,0,0,0,0,0,0,0,0,0,0,0,0,5000,5000,0,0
05468P,鴻海元大96售14  ,0,0,0,0,0,0,0,0,0,0,0,0,0,200000,200000,0,0
055572,鴻海統一98購04  ,0,0,0,0,0,0,0,0,0,0,0,0,0,10000,10000,0,0
053313,世紀鋼凱基96購01,0,0,0,0,0,0,0,0,0,0,0,0,0,10000,10000,0,0
053258,上証2X群益9A購03,0,0,0,0,0,0,0,0,0,0,0,0,0,50000,50000,0,0
05315P,鴻海永昌96售08  ,0,0,0,0,0,0,0,0,0,0,0,0,0,770000,770000,0,0
053152,大立光元大99購01,0,0,0,0,0,0,0,0,0,0,0,0,0,194000,194000,0,0
053163,上証2X群益9A購02,0,0,0,0,0,0,0,0,0,0,0,0,0,528000,528000,0,0
05241P,鴻海國泰97售04  ,0,0,0,0,0,0,0,0,0,0,0,0,0,705000,705000,0,0
052662,華新科國票97購01,0,0,0,0,0,0,0,0,0,0,0,0,0,66000,66000,0,0
053495,聯發科兆豐96購02,0,0,0,0,0,0,0,0,0,0,0,0,0,4000,4000,0,0
053534,微星永豐96購02  ,0,0,0,0,0,0,0,0,0,0,0,0,0,10000,10000,0,0
05375P,健策國票96售02  ,0,0,0,0,0,0,0,0,0,0,0,0,0,199000,199000,0,0
053770,元金2X元大98購01,0,0,0,0,0,0,0,0,0,0,0,0,0,50000,50000,0,0
054412,智邦元大96購03  ,0,0,0,0,0,0,0,0,0,0,0,0,0,10000,10000,0,0
054540,泰鼎國票99購01  ,0,0,0,0,0,0,0,0,0,0,0,0,0,20000,20000,0,0
05442P,鴻海元大96售13  ,0,0,0,0,0,0,0,0,0,0,0,0,0,299000,299000,0,0
053873,力成元大96購03  ,0,0,0,0,0,0,0,0,0,0,0,0,0,40000,40000,0,0
053864,義隆元大96購01  ,0,0,0,0,0,0,0,0,0,0,0,0,0,10000,10000,0,0
053842,聯發科統一96購08,0,0,0,0,0,0,0,0,0,0,0,0,0,350000,350000,0,0
056062,大立光元大97購12,0,0,0,0,0,0,0,0,0,0,0,0,0,38000,38000,0,0
056064,大立光元大97購14,0,0,0,0,0,0,0,0,0,0,0,0,0,30000,30000,0,0
056017,台積電群益97購04,0,0,0,0,0,0,0,0,0,0,0,0,0,499000,499000,0,0
055955,微星元大97購01  ,0,0,0,0,0,0,0,0,0,0,0,0,0,10000,10000,0,0
055964,正文元大97購02  ,0,0,0,0,0,0,0,0,0,0,0,0,0,17000,17000,0,0
056120,聯茂群益97購02  ,0,0,0,0,0,0,0,0,0,0,0,0,0,5000,5000,0,0
056104,義隆永豐97購01  ,0,0,0,0,0,0,0,0,0,0,0,0,0,82000,82000,0,0
056168,鴻海元富97購07  ,0,0,0,0,0,0,0,0,0,0,0,0,0,1000,1000,0,0
056228,可成凱基97購03  ,0,0,0,0,0,0,0,0,0,0,0,0,0,30000,30000,0,0
056344,嘉晶凱基98購02  ,0,0,0,0,0,0,0,0,0,0,0,0,0,1000,1000,0,0
056275,國巨國泰98購04  ,0,0,0,0,0,0,0,0,0,0,0,0,0,250000,250000,0,0
056262,台積電統一98購04,0,0,0,0,0,0,0,0,0,0,0,0,0,499000,499000,0,0
056775,康控元大99購01  ,0,0,0,0,0,0,0,0,0,0,0,0,0,68000,68000,0,0
056393,精元永豐98購01  ,0,10000,-10000,0,0,0,0,0,0,10000,0,0,0,10000,0,10000,0
056415,聯發科中信98購04,0,0,0,0,0,0,0,0,0,0,0,0,0,10000,10000,0,0
059591,台積電元大9A購04,0,0,0,0,0,0,0,0,0,0,0,0,0,1000,1000,0,0
059641,群創凱基99購06  ,0,0,0,0,0,0,0,0,0,0,0,0,0,4000,4000,0,0
059538,健策凱基99購03  ,0,0,0,0,0,0,0,0,0,0,0,0,0,10000,10000,0,0
059706,嘉晶凱基99購01  ,0,0,0,0,0,0,0,0,0,0,0,0,0,1000,1000,0,0
059693,智原永豐99購01  ,0,0,0,0,0,0,0,0,0,0,0,0,0,6000,6000,0,0
059717,國巨元大99購21  ,0,0,0,0,0,0,0,0,0,0,0,0,0,4000,4000,0,0
059720,台積電元大99購43,0,0,0,0,0,0,0,0,0,0,0,0,0,4000,4000,0,0
059913,台積電元大99購44,0,0,0,0,0,0,0,0,0,0,0,0,0,15000,15000,0,0
059917,華新科元大99購19,0,0,0,0,0,0,0,0,0,0,0,0,0,10000,10000,0,0
059889,華新科國票99購04,0,0,0,0,0,0,0,0,0,0,0,0,0,4000,4000,0,0
056877,群創凱基99購04  ,0,0,0,0,0,0,0,0,0,0,0,0,0,2000,2000,0,0
059471,華新科元大99購17,0,0,0,0,0,0,0,0,0,0,0,0,0,2000,2000,0,0
059426,鴻海元大99購31  ,0,0,0,0,0,0,0,0,0,0,0,0,0,1000,1000,0,0
059428,國巨元大99購25  ,0,0,0,0,0,0,0,0,0,0,0,0,0,1000,1000,0,0
059429,台積電元大99購35,0,0,0,0,0,0,0,0,0,0,0,0,0,3000,3000,0,0
059347,京鼎凱基99購02  ,0,0,0,0,0,0,0,0,0,0,0,0,0,3000,3000,0,0
059299,欣興元富99購03  ,0,0,0,0,0,0,0,0,0,0,0,0,0,3000,3000,0,0
059317,台積電元大99購34,0,0,0,0,0,0,0,0,0,0,0,0,0,103000,103000,0,0
059318,旺宏元大99購13  ,0,0,0,0,0,0,0,0,0,0,0,0,0,1000,1000,0,0
055714,智邦元大97購03  ,0,0,0,0,0,0,0,0,0,0,0,0,0,3000,3000,0,0
055696,華新科國票98購01,0,0,0,0,0,0,0,0,0,0,0,0,0,63000,63000,0,0
055665,亞德客群益97購01,0,0,0,0,0,0,0,0,0,0,0,0,0,2000,2000,0,0
055626,力山永豐97購01  ,0,0,0,0,0,0,0,0,0,0,0,0,0,24000,24000,0,0
056678,力成元富98購01  ,0,0,0,0,0,0,0,0,0,0,0,0,0,165000,165000,0,0
056655,旺宏元大99購02  ,0,0,0,0,0,0,0,0,0,0,0,0,0,1000,1000,0,0
056642,旺宏凱基98購07  ,0,0,0,0,0,0,0,0,0,0,0,0,0,1000,1000,0,0
055785,祥碩凱基97購02  ,0,0,0,0,0,0,0,0,0,0,0,0,0,7000,7000,0,0
055793,臺股指凱基97購16,0,0,0,0,0,0,0,0,0,0,0,0,0,27000,27000,0,0
054898,台肥康和97購01  ,0,0,0,0,0,0,0,0,0,0,0,0,0,94000,94000,0,0
054908,群電康和97購01  ,0,0,0,0,0,0,0,0,0,0,0,0,0,94000,94000,0,0
054767,日電貿國票98購01,0,0,0,0,0,0,0,0,0,0,0,0,0,38000,38000,0,0
055834,國巨元大97購13  ,0,0,0,0,0,0,0,0,0,0,0,0,0,5000,5000,0,0
055443,台虹國票98購01  ,0,0,0,0,0,0,0,0,0,0,0,0,0,38000,38000,0,0
056681,鴻海統一98購09  ,0,0,0,0,0,0,0,0,0,0,0,0,0,7000,7000,0,0
056682,鴻海統一98購10  ,0,0,0,0,0,0,0,0,0,0,0,0,0,4000,4000,0,0
055892,國巨統一99購01  ,0,0,0,0,0,0,0,0,0,0,0,0,0,10000,10000,0,0
056702,欣興國泰9A購01  ,0,0,0,0,0,0,0,0,0,0,0,0,0,2000,2000,0,0
056720,世紀鋼永豐98購01,0,0,0,0,0,0,0,0,0,0,0,0,0,119000,119000,0,0
056752,國巨兆豐98購02  ,0,0,0,0,0,0,0,0,0,0,0,0,0,170000,170000,0,0
056764,友達元大9A購03  ,0,0,0,0,0,0,0,0,0,0,0,0,0,18000,18000,0,0
054919,興富發凱基97購01,0,0,0,0,0,0,0,0,0,0,0,0,0,10000,10000,0,0
055247,聯發科統一98購01,0,0,0,0,0,0,0,0,0,0,0,0,0,390000,390000,0,0
055214,聯電凱基97購02  ,0,0,0,0,0,0,0,0,0,0,0,0,0,15000,15000,0,0
055324,TPK國票98購03   ,0,0,0,0,0,0,0,0,0,0,0,0,0,38000,38000,0,0
055282,聯發科元大97購15,0,0,0,0,0,0,0,0,0,0,0,0,0,1000,1000,0,0
055291,京鼎元大97購02  ,0,0,0,0,0,0,0,0,0,0,0,0,0,160000,160000,0,0
060897,健策凱基9A購04  ,0,0,0,0,0,0,0,0,0,0,0,0,0,41000,41000,0,0
060866,世芯永豐9B購01  ,0,0,0,0,0,0,0,0,0,0,0,0,0,10000,10000,0,0
060932,南六永豐9A購02  ,0,0,0,0,0,0,0,0,0,0,0,0,0,10000,10000,0,0
060961,台光電凱基9A購03,0,0,0,0,0,0,0,0,0,0,0,0,0,20000,20000,0,0
061050,康友中信9A購01  ,0,0,0,0,0,0,0,0,0,0,0,0,0,100000,100000,0,0
06100P,台積電日盛97售03,0,0,0,0,0,0,0,0,0,0,0,0,0,22000,22000,0,0
061018,台積電國票9B購05,0,0,0,0,0,0,0,0,0,0,0,0,0,3000,3000,0,0
060754,華通元大9A購04  ,0,0,0,0,0,0,0,0,0,0,0,0,0,16000,16000,0,0
060743,鴻海國票9A購03  ,0,0,0,0,0,0,0,0,0,0,0,0,0,6000,6000,0,0
060659,鴻海凱基9B購03  ,0,0,0,0,0,0,0,0,0,0,0,0,0,1000,1000,0,0
060667,力成凱基9A購01  ,0,0,0,0,0,0,0,0,0,0,0,0,0,20000,20000,0,0
060831,T50反1國票9B購03,0,0,0,0,0,0,0,0,0,0,0,0,0,60000,60000,0,0
060843,大立光國票9A購06,0,0,0,0,0,0,0,0,0,0,0,0,0,4000,4000,0,0
059257,臺股指凱基99購35,0,0,0,0,0,0,0,0,0,0,0,0,0,1000,1000,0,0
057575,世紀鋼永豐98購02,0,0,0,0,0,0,0,0,0,0,0,0,0,40000,40000,0,0
059235,鴻海凱基99購08  ,0,0,0,0,0,0,0,0,0,0,0,0,0,1000,1000,0,0
059214,國巨元大99購20  ,0,0,0,0,0,0,0,0,0,0,0,0,0,7000,7000,0,0
059216,台積電元大99購29,0,0,0,0,0,0,0,0,0,0,0,0,0,2000,2000,0,0
059237,鴻海凱基9A購10  ,0,0,0,0,0,0,0,0,0,0,0,0,0,4000,4000,0,0
059209,華通元大99購08  ,0,0,0,0,0,0,0,0,0,0,0,0,0,1000,1000,0,0
059211,鴻海元大99購27  ,0,0,0,0,0,0,0,0,0,0,0,0,0,5000,5000,0,0
059212,鴻海元大99購28  ,0,0,0,0,0,0,0,0,0,0,0,0,0,23000,23000,0,0
057584,國巨亞東99購01  ,0,0,0,0,0,0,0,0,0,0,0,0,0,150000,150000,0,0
058503,鴻海元大99購14  ,0,0,0,0,0,0,0,0,0,0,0,0,0,2000,2000,0,0
058505,台積電元大99購08,0,0,0,0,0,0,0,0,0,0,0,0,0,3000,3000,0,0
058474,鴻海凱基9A購06  ,0,0,0,0,0,0,0,0,0,0,0,0,0,7000,7000,0,0
058471,台積電日盛9C購01,0,0,0,0,0,0,0,0,0,0,0,0,0,112000,112000,0,0
060577,玉晶光中信9A購02,0,0,0,0,0,0,0,0,0,0,0,0,0,5000,5000,0,0
060644,泰鼎永豐9A購02  ,0,0,0,0,0,0,0,0,0,0,0,0,0,10000,10000,0,0
057678,臺股指元大98購08,0,0,0,0,0,0,0,0,0,0,0,0,0,19000,19000,0,0
058388,健策國票9A購01  ,0,0,0,0,0,0,0,0,0,0,0,0,0,349000,349000,0,0
058376,貿聯凱基9A購01  ,0,0,0,0,0,0,0,0,0,0,0,0,0,17000,17000,0,0
058060,貿聯元富98購01  ,0,0,0,0,0,0,0,0,0,0,0,0,0,100000,100000,0,0
058044,鴻海元大99購07  ,0,0,0,0,0,0,0,0,0,0,0,0,0,2000,2000,0,0
05809P,臺股指國票96售02,0,0,0,0,0,0,0,0,0,0,0,0,0,4000,4000,0,0
058104,國巨統一9A購04  ,0,0,0,0,0,0,0,0,0,0,0,0,0,30000,30000,0,0
058086,鴻海元大98購14  ,0,0,0,0,0,0,0,0,0,0,0,0,0,2000,2000,0,0
059109,台積電富邦9C購03,0,0,0,0,0,0,0,0,0,0,0,0,0,20000,20000,0,0
059095,訊芯元大99購01  ,0,0,0,0,0,0,0,0,0,0,0,0,0,90000,90000,0,0
059083,華通元大99購07  ,0,0,0,0,0,0,0,0,0,0,0,0,0,5000,5000,0,0
059084,鴻海元大99購24  ,0,0,0,0,0,0,0,0,0,0,0,0,0,10000,10000,0,0
059088,台積電元大99購27,0,0,0,0,0,0,0,0,0,0,0,0,0,6000,6000,0,0
05797P,臺股指群益96售11,0,0,0,0,0,0,0,0,0,0,0,0,0,1000,1000,0,0
057837,康控國泰99購02  ,0,0,0,0,0,0,0,0,0,0,0,0,0,140000,140000,0,0
057910,華新科兆豐99購02,0,0,0,0,0,0,0,0,0,0,0,0,0,50000,50000,0,0
057943,可成國票99購03  ,0,0,0,0,0,0,0,0,0,0,0,0,0,9000,9000,0,0
058566,聯發科凱基9A購02,0,0,0,0,0,0,0,0,0,0,0,0,0,10000,10000,0,0
058569,健策凱基9A購01  ,0,0,0,0,0,0,0,0,0,0,0,0,0,16000,16000,0,0
058575,智邦群益99購01  ,0,0,0,0,0,0,0,0,0,0,0,0,0,2000,2000,0,0
058600,國巨元大99購15  ,0,0,0,0,0,0,0,0,0,0,0,0,0,10000,10000,0,0
058642,旺宏麥證9A購01  ,0,0,0,10000,10000,0,0,0,0,0,0,0,0,10000,10000,0,0
058650,台虹永豐9A購01  ,0,0,0,0,0,0,0,0,0,0,0,0,0,110000,110000,0,0
058670,鴻海群益9A購03  ,0,0,0,0,0,0,0,0,0,0,0,0,0,10000,10000,0,0
058658,瑞儀中信99購01  ,0,0,0,0,0,0,0,0,0,0,0,0,0,20000,20000,0,0
058683,可成凱基9A購01  ,0,0,0,0,0,0,0,0,0,0,0,0,0,2000,2000,0,0
058846,鴻海群益99購03  ,0,0,0,0,0,0,0,0,0,0,0,0,0,1000,1000,0,0
058855,台積電兆豐99購02,0,0,0,0,0,0,0,0,0,0,0,0,0,159000,159000,0,0
059169,可成凱基99購04  ,0,0,0,0,0,0,0,0,0,0,0,0,0,4000,4000,0,0
059170,康控凱基9B購01  ,0,0,0,0,0,0,0,0,0,0,0,0,0,35000,35000,0,0
058907,健策元大99購04  ,0,0,0,0,0,0,0,0,0,0,0,0,0,6000,6000,0,0
058743,可成康和99購01  ,0,0,0,0,0,0,0,0,0,0,0,0,0,12000,12000,0,0
057101,新光金中信9A購01,0,0,0,0,0,0,0,0,0,0,0,0,0,22000,22000,0,0
057129,聯發科凱基99購03,0,0,0,0,0,0,0,0,0,0,0,0,0,3000,3000,0,0
057064,華新科富邦9B購01,0,0,0,0,0,0,0,0,0,0,0,0,0,904000,904000,0,0
060553,祥碩凱基9A購01  ,0,0,0,0,0,0,0,0,0,0,0,0,0,8000,8000,0,0
060547,瑞昱凱基9A購01  ,0,0,0,0,0,0,0,0,0,0,0,0,0,10000,10000,0,0
059985,華新科元大99購22,0,0,0,0,0,0,0,0,0,0,0,0,0,2000,2000,0,0
059967,聯發科凱基99購20,0,0,0,0,0,0,0,0,0,0,0,0,0,23000,23000,0,0
060007,鴻海群益99購04  ,0,0,0,0,0,0,0,0,0,0,0,0,0,1000,1000,0,0
060388,世紀鋼凱基9B購01,0,0,0,0,0,0,0,0,0,0,0,0,0,60000,60000,0,0
057757,鴻海凱基98購13  ,0,0,0,0,0,0,0,0,0,0,0,0,0,2000,2000,0,0
057782,台積電國票99購07,0,0,0,0,0,0,0,0,0,0,0,0,0,2000,2000,0,0
057532,智原元大98購03  ,0,0,0,0,0,0,0,0,0,0,0,0,0,10000,10000,0,0
058346,嘉晶群益99購01  ,0,0,0,0,0,0,0,0,0,0,0,0,0,10000,10000,0,0
058338,康友元富99購01  ,0,0,0,0,0,0,0,0,0,0,0,0,0,10000,10000,0,0
058331,鴻海元富99購02  ,0,0,0,0,0,0,0,0,0,0,0,0,0,15000,15000,0,0
057222,鴻海國票99購04  ,0,0,0,0,0,0,0,0,0,0,0,0,0,5000,5000,0,0
057240,茂林凱基9A購01  ,0,0,0,0,0,0,0,0,0,0,0,0,0,20000,20000,0,0
057171,台光電元大9B購01,0,0,0,0,0,0,0,0,0,0,0,0,0,11000,11000,0,0
057172,南亞科元大98購03,0,0,0,0,0,0,0,0,0,0,0,0,0,68000,68000,0,0
057165,國巨元大99購05  ,0,0,0,0,0,0,0,0,0,0,0,0,0,1000,1000,0,0
057148,玉晶光國票99購04,0,0,0,0,0,0,0,0,0,0,0,0,0,15000,15000,0,0
057518,世紀鋼元富98購01,0,0,0,0,0,0,0,0,0,0,0,0,0,15000,15000,0,0
058269,世芯永豐9A購01  ,0,0,0,0,0,0,0,0,0,0,0,0,0,2000,2000,0,0
059796,台積電國票99購10,0,0,0,0,0,0,0,0,0,0,0,0,0,3000,3000,0,0
059783,旺宏元大99購17  ,0,0,0,0,0,0,0,0,0,0,0,0,0,1000,1000,0,0
059772,可成群益9A購05  ,0,0,0,0,0,0,0,0,0,0,0,0,0,5000,5000,0,0
059721,旺宏元大99購16  ,0,0,0,0,0,0,0,0,0,0,0,0,0,31000,31000,0,0
057364,國巨元大98購18  ,0,0,0,0,0,0,0,0,0,0,0,0,0,10000,10000,0,0
060328,可成群益9A購06  ,0,0,0,0,0,0,0,0,0,0,0,0,0,6000,6000,0,0
060354,A50正2元富9A購02,0,0,0,0,0,0,0,0,0,0,0,0,0,4000,4000,0,0
060338,鴻海統一9C購02  ,0,0,0,0,0,0,0,0,0,0,0,0,0,5000,5000,0,0
058989,茂林凱基99購02  ,0,0,0,0,0,0,0,0,0,0,0,0,0,10000,10000,0,0
058985,可成凱基99購03  ,0,0,0,0,0,0,0,0,0,0,0,0,0,34000,34000,0,0
058980,鴻海凱基99購06  ,0,0,0,0,0,0,0,0,0,0,0,0,0,3000,3000,0,0
058937,仁寶中信99購01  ,0,0,0,0,0,0,0,0,0,0,0,0,0,20000,20000,0,0
058163,道瓊反凱基9B購01,0,0,0,0,0,0,0,0,0,0,0,0,0,20000,20000,0,0
058158,台積電台新99購01,0,0,0,0,0,0,0,0,0,0,0,0,0,41000,41000,0,0
060110,茂林元大99購06  ,0,0,0,0,0,0,0,0,0,0,0,0,0,6000,6000,0,0
060084,聯電元大99購02  ,0,0,0,0,0,0,0,0,0,0,0,0,0,100000,100000,0,0
060086,鴻海元大99購42  ,0,0,0,0,0,0,0,0,0,0,0,0,0,3000,3000,0,0
060087,鴻海元大99購43  ,0,0,0,0,0,0,0,0,0,0,0,0,0,15000,15000,0,0
060020,康控康和99購01  ,0,0,0,0,0,0,0,0,0,0,0,0,0,71000,71000,0,0
060143,台積電國票9B購03,0,0,0,0,0,0,0,0,0,0,0,0,0,5000,5000,0,0
060161,牧德永豐9A購02  ,0,0,0,0,0,0,0,0,0,0,0,0,0,20000,20000,0,0
057431,京鼎兆豐98購02  ,0,0,0,0,0,0,0,0,0,0,0,0,0,10000,10000,0,0
057414,華新科日盛9A購01,0,0,0,0,0,0,0,0,0,0,0,0,0,117000,117000,0,0
059058,可成凱基9B購01  ,0,0,0,0,0,0,0,0,0,0,0,0,0,3000,3000,0,0
061710,國巨凱基9A購18  ,0,0,0,0,0,0,0,0,0,0,0,0,0,1000,1000,0,0
061737,南亞科凱基9B購01,0,0,0,0,0,0,0,0,0,0,0,0,0,30000,30000,0,0
061622,臻鼎群益9A購01  ,0,0,0,0,0,0,0,0,0,0,0,0,0,10000,10000,0,0
061617,微星群益9A購02  ,0,0,0,0,0,0,0,0,0,0,0,0,0,10000,10000,0,0
061641,玉晶光元大9A購17,0,0,0,0,0,0,0,0,0,0,0,0,0,1000,1000,0,0
061676,新光金元大9A購03,0,0,0,0,0,0,0,0,0,0,0,0,0,100000,100000,0,0
06169P,華新科元富97售02,0,0,0,0,0,0,0,0,0,0,0,0,0,6000,6000,0,0
061576,華新科元大9A購21,0,0,0,0,0,0,0,0,0,0,0,0,0,2000,2000,0,0
061569,旺宏元大9A購14  ,0,0,0,0,0,0,0,0,0,0,0,0,0,1000,1000,0,0
061615,鴻海群益9A購06  ,0,0,0,0,0,0,0,0,0,0,0,0,0,1000,1000,0,0
061475,漢唐元大9A購01  ,0,0,0,0,0,0,0,0,0,0,0,0,0,10000,10000,0,0
061277,智邦台新9A購01  ,0,0,0,0,0,0,0,0,0,0,0,0,0,10000,10000,0,0
061262,智邦凱基9A購02  ,0,0,0,0,0,0,0,0,0,0,0,0,0,30000,30000,0,0
061400,可成兆豐9B購02  ,0,0,0,0,0,0,0,0,0,0,0,0,0,1000,1000,0,0
061426,玉晶光元大9A購15,0,0,0,0,0,0,0,0,0,0,0,0,0,2000,2000,0,0
06105P,國巨國票98售02  ,0,0,0,0,0,0,0,0,0,0,0,0,0,36000,36000,0,0
061068,祥碩凱基9B購01  ,0,0,0,0,0,0,0,0,0,0,0,0,0,7000,7000,0,0
061152,微星群益9A購01  ,0,0,0,0,0,0,0,0,0,0,0,0,0,13000,13000,0,0
061150,國巨群益9A購09  ,0,0,0,0,0,0,0,0,0,0,0,0,0,40000,40000,0,0
061174,鴻海凱基9A購23  ,0,0,0,0,0,0,0,0,0,0,0,0,0,2000,2000,0,0
061234,國巨元大9A購18  ,0,0,0,0,0,0,0,0,0,0,0,0,0,1000,1000,0,0
061216,世芯元大9A購06  ,0,0,0,0,0,0,0,0,0,0,0,0,0,12000,12000,0,0
062356,國巨元大9B購10  ,0,0,0,0,0,0,0,0,0,0,0,0,0,10000,10000,0,0
062485,華通國泰01購01  ,0,0,0,0,0,0,0,0,0,0,0,0,0,30000,30000,0,0
062439,聯發科元大9B購10,0,0,0,0,0,0,0,0,0,0,0,0,0,14000,14000,0,0
062204,京元電國票9C購01,0,0,0,0,0,0,0,0,0,0,0,0,0,35000,35000,0,0
062261,嘉晶元大9B購02  ,0,0,0,0,0,0,0,0,0,0,0,0,0,1000,1000,0,0
062250,台積電元大9B購02,0,0,0,0,0,0,0,0,0,0,0,0,0,2000,2000,0,0
062180,瑞昱元大9B購03  ,0,0,0,0,0,0,0,0,0,0,0,0,0,2000,2000,0,0
062336,茂林統一01購02  ,0,0,0,0,0,0,0,0,0,0,0,0,0,10000,10000,0,0
062342,上証2X群益01購03,0,0,0,0,0,0,0,0,0,0,0,0,0,20000,20000,0,0
062307,華通凱基9C購01  ,0,0,0,0,0,0,0,0,0,0,0,0,0,6000,6000,0,0
062041,華擎凱基9C購01  ,0,0,0,0,0,0,0,0,0,0,0,0,0,10000,10000,0,0
062038,鴻海凱基9B購05  ,0,0,0,0,0,0,0,0,0,0,0,0,0,3000,3000,0,0
06187P,國巨統一97售05  ,0,0,0,0,0,0,0,0,0,0,0,0,0,40000,40000,0,0
061855,台郡國票9B購01  ,0,0,0,0,0,0,0,0,0,0,0,0,0,5000,5000,0,0
061993,祥碩元大9C購01  ,0,0,0,0,0,0,0,0,0,0,0,0,0,20000,20000,0,0
061945,華通群益9B購04  ,0,0,0,0,0,0,0,0,0,0,0,0,0,9000,9000,0,0
063074,創意永豐9B購02  ,0,0,0,0,0,0,0,0,0,0,0,0,0,27000,27000,0,0
063082,瑞昱凱基9B購04  ,0,0,0,0,0,0,0,0,0,0,0,0,0,20000,20000,0,0
062990,台積電群益9B購06,0,0,0,0,0,0,0,0,0,0,0,0,0,44000,44000,0,0
062897,上銀元大9B購06  ,0,0,0,0,0,0,0,0,0,0,0,0,0,5000,5000,0,0
062920,康友元大9B購01  ,0,0,0,0,0,0,0,0,0,0,0,0,0,3000,3000,0,0
062829,泰碩群益9B購01  ,0,0,0,0,0,0,0,0,0,0,0,0,0,1000,1000,0,0
062724,可成凱基9B購04  ,0,0,0,0,0,0,0,0,0,0,0,0,0,1000,1000,0,0
062725,大立光凱基9B購06,0,0,0,0,0,0,0,0,0,0,0,0,0,62000,62000,0,0
062716,鴻海凱基9B購06  ,0,0,0,0,0,0,0,0,0,0,0,0,0,1000,1000,0,0
062756,臺指反凱基9C購01,0,0,0,0,0,0,0,0,0,0,0,0,0,5000,5000,0,0
062742,技嘉國泰01購01  ,0,0,0,0,0,0,0,0,0,0,0,0,0,1000,1000,0,0
062738,可成國票9B購02  ,0,0,0,0,0,0,0,0,0,0,0,0,0,22000,22000,0,0
062623,元金2X國票01購01,0,0,0,0,0,0,0,0,0,0,0,0,0,5000,5000,0,0
062536,玉晶光麥證9B購01,0,0,0,6000,5000,1000,0,0,0,0,0,0,0,6000,6000,0,0
062525,鴻海統一9C購10  ,0,0,0,0,0,0,0,0,0,0,0,0,0,6000,6000,0,0
062553,台積電凱基9B購07,0,0,0,0,0,0,0,0,0,0,0,0,0,4000,4000,0,0
062554,台積電凱基9B購08,0,0,0,0,0,0,0,0,0,0,0,0,0,5000,5000,0,0
062584,鴻海統一9C購13  ,0,0,0,0,0,0,0,0,0,0,0,0,0,6000,6000,0,0
06257P,臺股指群益97售10,2000,0,2000,0,0,0,0,0,0,-2000,0,0,0,0,2000,-2000,0
063416,台積電凱基9B購10,0,0,0,0,0,0,0,0,0,0,0,0,0,8000,8000,0,0
06336P,鴻海元大98售05  ,0,0,0,0,0,0,0,0,0,0,0,0,0,18000,18000,0,0
063199,台積電統一01購07,0,0,0,0,0,0,0,0,0,0,0,0,0,50000,50000,0,0
06323P,台郡統一97售01  ,0,0,0,0,0,0,0,0,0,0,0,0,0,60000,60000,0,0
063686,國巨永豐9B購04  ,0,0,0,0,0,0,0,0,0,0,0,0,0,4000,4000,0,0
063679,群創國泰01購01  ,0,0,0,0,0,0,0,0,0,0,0,0,0,4000,4000,0,0
063653,儒鴻元富9B購01  ,0,0,0,0,0,0,0,0,0,0,0,0,0,5000,5000,0,0
063747,國巨國票9C購06  ,0,0,0,0,0,0,0,0,0,0,0,0,0,6000,6000,0,0
063712,高鐵凱基9C購01  ,0,0,0,0,0,0,0,0,0,0,0,0,0,20000,20000,0,0
063757,鴻海統一9C購16  ,0,0,0,0,0,0,0,0,0,0,0,0,0,7000,7000,0,0
063573,茂林元大9B購06  ,0,0,0,0,0,0,0,0,0,0,0,0,0,68000,68000,0,0
063570,嘉晶元大9C購02  ,0,0,0,0,0,0,0,0,0,0,0,0,0,14000,14000,0,0
06349P,臺股指台新99售01,0,0,0,0,0,0,0,0,0,0,0,0,0,99000,99000,0,0
063534,鴻海統一9B購07  ,0,0,0,0,0,0,0,0,0,0,0,0,0,4000,4000,0,0
5285,界霖            ,14000,14000,0,0,0,0,0,0,0,0,0,0,0,0,0,0,0
4562,穎漢            ,1000,1000,0,0,0,0,0,0,0,0,0,0,0,0,0,0,0
6625,必應            ,1000,1000,0,0,0,0,0,0,0,0,0,0,0,0,0,0,0
6674,鋐寶科技        ,1000,1000,0,0,0,0,0,0,0,0,0,0,0,0,0,0,0
8478,東哥遊艇        ,9000,9000,0,0,0,0,0,0,0,0,0,0,0,0,0,0,0
2034,允強            ,63000,64000,-1000,0,0,0,0,0,0,0,0,0,0,0,0,0,-1000
3617,碩天            ,43000,41000,2000,0,0,0,0,0,0,-3000,2000,0,2000,0,5000,-5000,-1000
07900P,臺股指凱基9B售03,0,0,0,0,0,0,0,0,0,-1000,0,0,0,0,1000,-1000,-1000
08081P,台灣50元大9B售20,0,0,0,0,0,0,0,0,0,-1000,0,0,0,0,1000,-1000,-1000
08032P,台積電統一9B售16,0,0,0,0,0,0,0,0,0,-1000,0,0,0,0,1000,-1000,-1000
08227P,T50反1元大9B售09,0,0,0,0,0,0,0,0,0,-1000,0,0,0,0,1000,-1000,-1000
063853,同欣電元大9C購02,0,0,0,0,0,0,0,0,0,-1000,0,0,0,71000,72000,-1000,-1000
063991,南六永豐9C購02  ,0,0,0,0,0,0,0,0,0,-1000,0,0,0,0,1000,-1000,-1000
064011,嘉晶國票9C購01  ,0,0,0,0,0,0,0,0,0,-1000,0,0,0,2000,3000,-1000,-1000
064347,貿聯元大9C購03  ,0,0,0,0,0,0,0,0,0,-1000,0,0,0,25000,26000,-1000,-1000
06422P,勤誠統一98售01  ,0,0,0,0,0,0,0,0,0,-1000,0,0,0,0,1000,-1000,-1000
06490P,鴻海富邦99售02  ,0,0,0,0,0,0,0,0,0,-1000,0,0,0,0,1000,-1000,-1000
06658P,台灣50富邦9C售01,0,0,0,0,0,0,0,0,0,-1000,0,0,0,11000,12000,-1000,-1000
06700P,臺股指統一99售05,0,0,0,0,0,0,0,0,0,-1000,0,0,0,0,1000,-1000,-1000
06889P,臺股指元大98售13,0,0,0,0,0,0,0,0,0,-1000,0,0,0,10000,11000,-1000,-1000
07609P,台灣50國票9C售04,0,0,0,0,0,0,0,0,0,-1000,0,0,0,0,1000,-1000,-1000
07444P,聯發科凱基9A售10,0,0,0,0,0,0,0,0,0,-1000,0,0,0,0,1000,-1000,-1000
07046P,大立光富邦9C售03,0,0,0,0,0,0,0,0,0,-1000,0,0,0,0,1000,-1000,-1000
07050P,宏達電中信9B售01,0,0,0,0,0,0,0,0,0,-1000,0,0,0,10000,11000,-1000,-1000
07242P,台灣50凱基9A售03,0,0,0,0,0,0,0,0,0,-1000,0,0,0,0,1000,-1000,-1000
055311,健策群益98購02  ,0,0,0,0,0,0,0,0,0,-1000,0,0,0,89000,90000,-1000,-1000
055246,美律統一98購01  ,0,0,0,0,0,0,0,0,0,-1000,0,0,0,0,1000,-1000,-1000
055038,華航富邦99購01  ,0,0,0,0,0,0,0,0,0,-1000,0,0,0,0,1000,-1000,-1000
056747,致新凱基99購01  ,0,0,0,0,0,0,0,0,0,-1000,0,0,0,0,1000,-1000,-1000
056727,滬深反凱基9B購01,0,0,0,0,0,0,0,0,0,-1000,0,0,0,0,1000,-1000,-1000
055367,台積電元大97購23,0,0,0,0,0,0,0,0,0,-1000,0,0,0,0,1000,-1000,-1000
054859,鴻海群益97購02  ,0,0,0,0,0,0,0,0,0,-1000,0,0,0,0,1000,-1000,-1000
056856,華通群益9A購01  ,0,0,0,0,0,0,0,0,0,-1000,0,0,0,1000,2000,-1000,-1000
059683,康控富邦9C購01  ,0,0,0,0,0,0,0,0,0,-1000,0,0,0,0,1000,-1000,-1000
059566,台積電凱基9A購11,0,0,0,0,0,0,0,0,0,-1000,0,0,0,0,1000,-1000,-1000
059516,TPK永豐99購01   ,0,0,0,0,0,0,0,0,0,-1000,0,0,0,0,1000,-1000,-1000
056207,茂林永豐97購03  ,0,0,0,0,0,0,0,0,0,-1000,0,0,0,3000,4000,-1000,-1000
053861,台光電元大98購01,0,0,0,0,0,0,0,0,0,-1000,0,0,0,0,1000,-1000,-1000
053732,S&P反1中信9C購01,0,0,0,0,0,0,0,0,0,-1000,0,0,0,0,1000,-1000,-1000
053728,茂林凱基97購01  ,0,0,0,0,0,0,0,0,0,-1000,0,0,0,0,1000,-1000,-1000
052521,友達元大9B購01  ,0,0,0,0,0,0,0,0,0,-1000,0,0,0,0,1000,-1000,-1000
052536,聯茂國泰97購01  ,0,0,0,0,0,0,0,0,0,-1000,0,0,0,0,1000,-1000,-1000
056418,台光電元富98購01,0,0,0,0,0,0,0,0,0,-1000,0,0,0,144000,145000,-1000,-1000
054587,玉晶光國泰99購01,0,0,0,0,0,0,0,0,0,-1000,0,0,0,0,1000,-1000,-1000
056457,嘉澤凱基98購01  ,0,0,0,0,0,0,0,0,0,-1000,0,0,0,0,1000,-1000,-1000
056903,大立光元大99購04,0,0,0,0,0,0,0,0,0,-1000,0,0,0,0,1000,-1000,-1000
056502,A50正2永豐98購01,0,0,0,0,0,0,0,0,0,-1000,0,0,0,14000,15000,-1000,-1000
056958,喬山永豐98購01  ,0,0,0,0,0,0,0,0,0,-1000,0,0,0,2000,3000,-1000,-1000
056927,T50反1台新02購01,0,0,0,0,0,0,0,0,0,-1000,0,0,0,0,1000,-1000,-1000
03039X,元展36          ,0,0,0,0,0,0,0,0,0,-1000,0,0,0,0,1000,-1000,-1000
03424B,臺股指元大96熊26,0,0,0,0,0,0,0,0,0,-1000,0,0,0,0,1000,-1000,-1000
03430B,臺股指元大9B熊01,0,0,0,0,0,0,0,0,0,-1000,0,0,0,0,1000,-1000,-1000
052890,FB上証群益9B購01,0,0,0,0,0,0,0,0,0,-1000,0,0,0,0,1000,-1000,-1000
053072,國巨台新97購01  ,0,0,0,0,0,0,0,0,0,-1000,0,0,0,0,1000,-1000,-1000
044247,道瓊反元富97購01,0,0,0,0,0,0,0,0,0,-1000,0,0,0,0,1000,-1000,-1000
052237,嘉澤國票96購02  ,0,0,0,0,0,0,0,0,0,-1000,0,0,0,0,1000,-1000,-1000
05218P,大立光永昌96售04,0,0,0,0,0,0,0,0,0,-1000,0,0,0,0,1000,-1000,-1000
00732,國泰RMB短期報酬 ,0,1000,-1000,0,0,0,0,0,0,0,0,0,0,101000,101000,0,-1000
00865B,國泰US短期公債  ,0,0,0,0,0,0,0,0,0,-1000,0,0,0,100000,101000,-1000,-1000
059049,元油2X凱基9A購12,0,0,0,0,0,0,0,0,0,-1000,0,0,0,0,1000,-1000,-1000
059072,元油2X元大9C購13,0,0,0,0,0,0,0,0,0,-1000,0,0,0,20000,21000,-1000,-1000
057446,旺宏元富02購01  ,0,0,0,0,0,0,0,0,0,-1000,0,0,0,0,1000,-1000,-1000
060048,元金2X凱基99購03,0,0,0,0,0,0,0,0,0,-1000,0,0,0,30000,31000,-1000,-1000
058960,臺股指國票99購05,0,0,0,0,0,0,0,0,0,-1000,0,0,0,5000,6000,-1000,-1000
060294,嘉澤元大9A購01  ,0,0,0,0,0,0,0,0,0,-1000,0,0,0,1000,2000,-1000,-1000
057323,智邦群益98購01  ,0,0,0,0,0,0,0,0,0,-1000,0,0,0,25000,26000,-1000,-1000
059733,緯穎元大99購08  ,0,0,0,0,0,0,0,0,0,-1000,0,0,0,2000,3000,-1000,-1000
059770,A50正2群益9C購01,0,0,0,0,0,0,0,0,0,-1000,0,0,0,0,1000,-1000,-1000
057315,台灣50康和9A購03,0,0,0,0,0,0,0,0,0,-1000,0,0,0,0,1000,-1000,-1000
05730P,臺股指凱基97售03,0,0,0,0,0,0,0,0,0,-1000,0,0,0,0,1000,-1000,-1000
060370,滬深2X元富04購01,0,0,0,0,0,0,0,0,0,-1000,0,0,0,0,1000,-1000,-1000
059968,世紀鋼凱基99購03,0,0,0,0,0,0,0,0,0,-1000,0,0,0,0,1000,-1000,-1000
059977,鴻海元大99購40  ,0,0,0,0,0,0,0,0,0,-1000,0,0,0,8000,9000,-1000,-1000
059987,大立光元大99購28,0,0,0,0,0,0,0,0,0,-1000,0,0,0,0,1000,-1000,-1000
059993,上銀元富99購01  ,0,0,0,0,0,0,0,0,0,-1000,0,0,0,0,1000,-1000,-1000
060260,京鼎凱基9C購01  ,0,0,0,0,0,0,0,0,0,-1000,0,0,0,3000,4000,-1000,-1000
060502,國巨元大9A購07  ,0,0,0,0,0,0,0,0,0,-1000,0,0,0,0,1000,-1000,-1000
058799,晶技元大99購04  ,0,0,0,0,0,0,0,0,0,-1000,0,0,0,0,1000,-1000,-1000
059933,台灣50永豐99購11,0,0,0,0,0,0,0,0,0,-1000,0,0,0,0,1000,-1000,-1000
058812,台積電統一9B購06,0,0,0,0,0,0,0,0,0,-1000,0,0,0,1000,2000,-1000,-1000
058716,華新科台新99購02,0,0,0,0,0,0,0,0,0,-1000,0,0,0,200000,201000,-1000,-1000
058703,台積電元大99購16,0,0,0,0,0,0,0,0,0,-1000,0,0,0,0,1000,-1000,-1000
058647,華新科永豐99購03,0,0,0,0,0,0,0,0,0,-1000,0,0,0,0,1000,-1000,-1000
05855P,滬深2X中信9C售01,0,0,0,0,0,0,0,0,0,-1000,0,0,0,0,1000,-1000,-1000
057871,國巨元大99購09  ,0,0,0,0,0,0,0,0,0,-1000,0,0,0,0,1000,-1000,-1000
058436,聯發科統一9B購03,0,0,0,0,0,0,0,0,0,-1000,0,0,0,0,1000,-1000,-1000
058084,大立光群益98購04,0,0,0,0,0,0,0,0,0,-1000,0,0,0,0,1000,-1000,-1000
059926,世紀鋼國泰9B購01,0,0,0,0,0,0,0,0,0,-1000,0,0,0,0,1000,-1000,-1000
058358,技嘉凱基9A購01  ,0,0,0,0,0,0,0,0,0,-1000,0,0,0,0,1000,-1000,-1000
060562,旺宏富邦9C購02  ,0,0,0,0,0,0,0,0,0,-1000,0,0,0,0,1000,-1000,-1000
058532,禾伸堂元富99購01,0,0,0,0,0,0,0,0,0,-1000,0,0,0,23000,24000,-1000,-1000
060630,國巨富邦9C購03  ,0,0,0,0,0,0,0,0,0,-1000,0,0,0,0,1000,-1000,-1000
060588,台灣50台新9A購03,0,0,0,0,0,0,0,0,0,-1000,0,0,0,0,1000,-1000,-1000
060594,國巨麥證9A購01  ,0,0,0,0,1000,-1000,0,0,0,-1000,0,0,0,0,1000,-1000,-1000
057560,華新科兆豐99購01,0,0,0,0,0,0,0,0,0,-1000,0,0,0,0,1000,-1000,-1000
060848,聯茂國票9A購02  ,0,0,0,0,0,0,0,0,0,-1000,0,0,0,0,1000,-1000,-1000
060826,牧德元大9B購02  ,0,0,0,0,0,0,0,0,0,-1000,0,0,0,0,1000,-1000,-1000
060956,超眾群益9A購01  ,0,0,0,0,0,0,0,0,0,-1000,0,0,0,58000,59000,-1000,-1000
060963,禾伸堂凱基9A購01,0,0,0,0,0,0,0,0,0,-1000,0,0,0,0,1000,-1000,-1000
063564,台積電元大9B購07,0,0,0,0,0,0,0,0,0,-1000,0,0,0,2000,3000,-1000,-1000
06368P,台積電凱基97售15,0,0,0,0,0,0,0,0,0,-1000,0,0,0,0,1000,-1000,-1000
063312,台積電群益9B購07,0,0,0,0,0,0,0,0,0,-1000,0,0,0,20000,21000,-1000,-1000
062607,美食凱基9B購01  ,0,0,0,0,0,0,0,0,0,-1000,0,0,0,20000,21000,-1000,-1000
062845,微星富邦01購01  ,0,0,0,0,0,0,0,0,0,-1000,0,0,0,0,1000,-1000,-1000
06277P,臺股指凱基97售09,0,0,0,0,0,0,0,0,0,-1000,0,0,0,2000,3000,-1000,-1000
062789,臺股指元大9B購32,0,0,0,0,0,0,0,0,0,-1000,0,0,0,0,1000,-1000,-1000
061960,國巨統一01購05  ,0,0,0,0,0,0,0,0,0,-1000,0,0,0,0,1000,-1000,-1000
061814,聯發科群益9B購04,0,0,0,0,0,0,0,0,0,-1000,0,0,0,25000,26000,-1000,-1000
061874,義隆元大9B購02  ,0,0,0,0,0,0,0,0,0,-1000,0,0,0,4000,5000,-1000,-1000
062064,台灣50元大9B購13,0,0,0,0,0,0,0,0,0,-1000,0,0,0,0,1000,-1000,-1000
062324,上銀統一9B購04  ,0,0,0,0,0,0,0,0,0,-1000,0,0,0,0,1000,-1000,-1000
062280,大立光群益9C購01,0,0,0,0,0,0,0,0,0,-1000,0,0,0,0,1000,-1000,-1000
062191,台郡元大9B購05  ,0,0,0,0,0,0,0,0,0,-1000,0,0,0,5000,6000,-1000,-1000
062211,玉晶光台新9B購01,0,0,0,0,0,0,0,0,0,-1000,0,0,0,1000,2000,-1000,-1000
062455,鴻海群益9C購01  ,0,0,0,0,0,0,0,0,0,-1000,0,0,0,0,1000,-1000,-1000
061100,SP黃豆元大9A購04,0,0,0,0,0,0,0,0,0,-1000,0,0,0,0,1000,-1000,-1000
061363,儒鴻國票9B購01  ,0,0,0,0,0,0,0,0,0,-1000,0,0,0,3000,4000,-1000,-1000
061447,鴻海中信04購02  ,0,0,0,0,0,0,0,0,0,-1000,0,0,0,0,1000,-1000,-1000
061448,旺宏中信9A購02  ,0,0,0,0,0,0,0,0,0,-1000,0,0,0,0,1000,-1000,-1000
06152P,玉晶光元大98售06,0,0,0,0,0,0,0,0,0,-1000,0,0,0,2000,3000,-1000,-1000
061539,國巨群益9B購03  ,0,0,0,0,0,0,0,0,0,-1000,0,0,0,0,1000,-1000,-1000
061656,華新科國票9A購08,0,0,0,0,0,0,0,0,0,-1000,0,0,0,0,1000,-1000,-1000
8940,新天地          ,14000,15000,-1000,0,0,0,0,0,0,0,0,0,0,0,0,0,-1000
4737,華廣            ,7000,8000,-1000,0,0,0,0,0,0,0,0,0,0,0,0,0,-1000
07111P,台積電群益99售08,0,0,0,0,0,0,0,0,0,-2000,0,0,0,8000,10000,-2000,-2000
06717P,可成元大98售09  ,0,0,0,0,0,0,0,0,0,-2000,0,0,0,12000,14000,-2000,-2000
06790P,台積電凱基9A售04,0,0,0,0,0,0,0,0,0,-2000,0,0,0,3000,5000,-2000,-2000
06773P,台灣50兆豐9A售01,0,0,0,0,0,0,0,0,0,-2000,0,0,0,20000,22000,-2000,-2000
06470P,臺股指凱基99售10,0,0,0,0,0,0,0,0,0,-2000,0,0,0,0,2000,-2000,-2000
064468,健策元富9C購02  ,0,0,0,0,0,0,0,0,0,-2000,0,0,0,0,2000,-2000,-2000
06440P,台積電凱基98售07,0,0,0,0,0,0,0,0,0,-2000,0,0,0,0,2000,-2000,-2000
064177,立積國泰01購01  ,0,0,0,0,0,0,0,0,0,-2000,0,0,0,14000,16000,-2000,-2000
064392,喬山永豐9C購01  ,0,0,0,0,0,0,0,0,0,-2000,0,0,0,14000,16000,-2000,-2000
064016,南六國票01購01  ,0,0,0,0,0,0,0,0,0,-2000,0,0,0,0,2000,-2000,-2000
08188P,群創群益9B售04  ,0,0,0,0,0,0,0,0,0,-2000,0,0,0,0,2000,-2000,-2000
08265P,臺股指元大9C售03,0,0,0,0,0,0,0,0,0,-2000,0,0,0,0,2000,-2000,-2000
08309P,GIS凱基9C售01   ,0,0,0,0,0,0,0,0,0,-2000,0,0,0,73000,75000,-2000,-2000
08359P,緯創元大9C售02  ,0,0,0,0,0,0,0,0,0,-2000,0,0,0,0,2000,-2000,-2000
08367P,臺股指凱基9C售11,0,0,0,0,0,0,0,0,0,-2000,0,0,0,0,2000,-2000,-2000
1312A,國喬特          ,0,0,0,0,0,0,0,0,0,-2000,0,2000,-2000,0,0,0,-2000
08067P,大立光凱基9B售08,0,0,0,0,0,0,0,0,0,-2000,0,0,0,0,2000,-2000,-2000
07734P,台積電富邦9C售10,0,0,0,0,0,0,0,0,0,-2000,0,0,0,0,2000,-2000,-2000
07689P,旺宏元大9A售13  ,0,0,0,0,0,0,0,0,0,-2000,0,0,0,0,2000,-2000,-2000
3504,揚明光          ,59000,63000,-4000,0,0,0,0,0,0,2000,0,0,0,4000,2000,2000,-2000
3094,聯傑            ,29000,31000,-2000,0,0,0,0,0,0,0,0,0,0,0,0,0,-2000
4526,東台            ,28000,30000,-2000,0,0,0,0,0,0,0,0,0,0,0,0,0,-2000
2607,榮運            ,204000,206000,-2000,0,0,0,0,0,0,0,0,0,0,0,0,0,-2000
2243,宏旭-KY         ,0,2000,-2000,0,0,0,0,0,0,0,0,0,0,0,0,0,-2000
00866,新光Shiller CAPE,0,0,0,0,0,0,0,0,0,-2000,0,0,0,30000,32000,-2000,-2000
00685L,群益臺灣加權正2 ,0,0,0,0,0,0,0,0,0,-2000,0,0,0,9000,11000,-2000,-2000
051970,元黃金凱基98購01,0,0,0,0,0,0,0,0,0,-2000,0,0,0,0,2000,-2000,-2000
050854,世紀鋼國票97購01,0,0,0,0,0,0,0,0,0,-2000,0,0,0,0,2000,-2000,-2000
057026,長榮航凱基98購01,0,0,0,0,0,0,0,0,0,-2000,0,0,0,0,2000,-2000,-2000
056450,可成凱基98購05  ,0,0,0,0,0,0,0,0,0,-2000,0,0,0,60000,62000,-2000,-2000
054610,聯發科永豐97購01,0,0,0,0,0,0,0,0,0,-2000,0,0,0,0,2000,-2000,-2000
052578,大立光統一97購01,0,0,0,0,0,0,0,0,0,-2000,0,0,0,0,2000,-2000,-2000
053590,新光金元大9A購02,0,0,0,0,0,0,0,0,0,-2000,0,0,0,0,2000,-2000,-2000
056041,禾伸堂凱基98購03,0,0,0,0,0,0,0,0,0,-2000,0,0,0,0,2000,-2000,-2000
056079,世紀鋼元大97購02,0,0,0,0,0,0,0,0,0,-2000,0,0,0,0,2000,-2000,-2000
056403,茂林群益98購01  ,0,0,0,0,0,0,0,0,0,-2000,0,0,0,0,2000,-2000,-2000
059453,奇力新永豐99購01,0,0,0,0,0,0,0,0,0,-2000,0,0,0,12000,14000,-2000,-2000
059571,奇力新凱基99購06,0,0,0,0,0,0,0,0,0,-2000,0,0,0,0,2000,-2000,-2000
059660,華新科元大9A購04,0,0,0,0,0,0,0,0,0,-2000,0,0,0,8000,10000,-2000,-2000
059713,滬深2X元大9C購04,0,0,0,0,0,0,0,0,0,-2000,0,0,0,0,2000,-2000,-2000
059297,大立光元富9C購01,0,0,0,0,0,0,0,0,0,-2000,0,0,0,46000,48000,-2000,-2000
059405,台灣50國票01購01,0,0,0,0,0,0,0,0,0,-2000,0,0,0,0,2000,-2000,-2000
054751,GIS凱基98購01   ,0,0,0,0,0,0,0,0,0,-2000,0,0,0,10000,12000,-2000,-2000
056662,臺股指元大9A購09,0,0,0,0,0,0,0,0,0,-2000,0,0,0,28000,30000,-2000,-2000
055415,禾伸堂富邦9B購01,0,0,0,0,0,0,0,0,0,-2000,0,0,0,0,2000,-2000,-2000
055220,緯穎凱基98購02  ,0,0,0,0,0,0,0,0,0,-2000,0,0,0,25000,27000,-2000,-2000
055300,緯穎元大98購01  ,0,0,0,0,0,0,0,0,0,-2000,0,0,0,0,2000,-2000,-2000
061015,旺宏麥證9A購03  ,0,0,0,0,2000,-2000,0,0,0,-2000,0,0,0,0,2000,-2000,-2000
060940,國巨國票9B購03  ,0,0,0,0,0,0,0,0,0,-2000,0,0,0,10000,12000,-2000,-2000
060941,台積電國票9B購04,0,0,0,0,0,0,0,0,0,-2000,0,0,0,0,2000,-2000,-2000
060836,上銀國票9A購03  ,0,0,0,0,0,0,0,0,0,-2000,0,0,0,0,2000,-2000,-2000
060774,南亞科凱基9A購01,0,0,0,0,0,0,0,0,0,-2000,0,0,0,0,2000,-2000,-2000
059194,元金2X永豐99購01,0,0,0,0,0,0,0,0,0,-2000,0,0,0,0,2000,-2000,-2000
059223,大立光元大99購14,0,0,0,0,0,0,0,0,0,-2000,0,0,0,1000,3000,-2000,-2000
059248,華新科凱基99購04,0,0,0,0,0,0,0,0,0,-2000,0,0,0,0,2000,-2000,-2000
058525,台虹元大99購02  ,0,0,0,0,0,0,0,0,0,-2000,0,0,0,0,2000,-2000,-2000
057699,可成群益9A購02  ,0,0,0,0,0,0,0,0,0,-2000,0,0,0,102000,104000,-2000,-2000
057684,聯茂日盛99購01  ,0,0,0,0,0,0,0,0,0,-2000,0,0,0,58000,60000,-2000,-2000
059145,創意國票99購02  ,0,0,0,0,0,0,0,0,0,-2000,0,0,0,0,2000,-2000,-2000
057860,金寶凱基98購01  ,0,0,0,0,0,0,0,0,0,-2000,0,0,0,120000,122000,-2000,-2000
058038,滬深反元大98購01,0,0,0,0,0,0,0,0,0,-2000,0,0,0,0,2000,-2000,-2000
057999,智邦亞東99購02  ,0,0,0,0,0,0,0,0,0,-2000,0,0,0,0,2000,-2000,-2000
058553,合勤控永豐99購01,0,0,0,0,0,0,0,0,0,-2000,0,0,0,0,2000,-2000,-2000
058550,南亞科永豐99購01,0,0,0,0,0,0,0,0,0,-2000,0,0,0,11000,13000,-2000,-2000
058625,旺宏國票9A購01  ,0,0,0,0,0,0,0,0,0,-2000,0,0,0,0,2000,-2000,-2000
058849,奇力新群益99購02,0,0,0,0,0,0,0,0,0,-2000,0,0,0,0,2000,-2000,-2000
060495,台灣50元大01購13,0,0,0,0,0,0,0,0,0,-2000,0,0,0,0,2000,-2000,-2000
06055P,華通凱基97售04  ,0,0,0,0,0,0,0,0,0,-2000,0,0,0,0,2000,-2000,-2000
05710P,禾伸堂國票97售02,0,0,0,0,0,0,0,0,0,-2000,0,0,0,0,2000,-2000,-2000
05749P,臺股指群益99售03,0,0,0,0,0,0,0,0,0,-2000,0,0,0,10000,12000,-2000,-2000
057197,立積台新98購01  ,0,0,0,0,0,0,0,0,0,-2000,0,0,0,16000,18000,-2000,-2000
057202,TPK元富98購02   ,0,0,0,0,0,0,0,0,0,-2000,0,0,0,8000,10000,-2000,-2000
058345,台光電群益99購03,0,0,0,0,0,0,0,0,0,-2000,0,0,0,5000,7000,-2000,-2000
057540,緯穎日盛99購01  ,0,0,0,0,0,0,0,0,0,-2000,0,0,0,10000,12000,-2000,-2000
057552,禾伸堂凱基98購05,0,0,0,0,0,0,0,0,0,-2000,0,0,0,0,2000,-2000,-2000
058299,同欣電凱基9A購01,0,0,0,0,0,0,0,0,0,-2000,0,0,0,0,2000,-2000,-2000
059935,國巨永豐99購07  ,0,0,0,0,0,0,0,0,0,-2000,0,0,0,0,2000,-2000,-2000
059779,滬深2X元大9C購05,0,0,0,0,0,0,0,0,0,-2000,0,0,0,0,2000,-2000,-2000
059797,大立光國票99購01,0,0,0,0,0,0,0,0,0,-2000,0,0,0,0,2000,-2000,-2000
057363,華通元大99購02  ,0,0,0,0,0,0,0,0,0,-2000,0,0,0,0,2000,-2000,-2000
060040,康控國票99購04  ,0,0,0,0,0,0,0,0,0,-2000,0,0,0,0,2000,-2000,-2000
060146,健策國票9A購03  ,0,0,0,0,0,0,0,0,0,-2000,0,0,0,6000,8000,-2000,-2000
059073,元油2X元大9C購14,0,0,0,0,0,0,0,0,0,-2000,0,0,0,0,2000,-2000,-2000
05905P,晶技統一97售01  ,0,0,0,0,0,0,0,0,0,-2000,0,0,0,0,2000,-2000,-2000
061644,健策元大9C購02  ,0,0,0,0,0,0,0,0,0,-2000,0,0,0,107000,109000,-2000,-2000
061770,泰碩元大9B購02  ,0,0,0,0,0,0,0,0,0,-2000,0,0,0,37000,39000,-2000,-2000
061564,華擎國票9A購02  ,0,0,0,0,0,0,0,0,0,-2000,0,0,0,45000,47000,-2000,-2000
061438,牧德凱基9B購02  ,0,0,0,0,0,0,0,0,0,-2000,0,0,0,0,2000,-2000,-2000
061383,高股息群益9A購01,0,0,0,0,0,0,0,0,0,-2000,0,0,0,0,2000,-2000,-2000
061264,全新凱基9B購01  ,0,0,0,0,0,0,0,0,0,-2000,0,0,0,16000,18000,-2000,-2000
061252,臺股指群益9A購03,0,0,0,0,0,0,0,0,0,-2000,0,0,0,0,2000,-2000,-2000
061209,聯發科元大9A購10,0,0,0,0,0,0,0,0,0,-2000,0,0,0,2000,4000,-2000,-2000
062178,上銀元大9B購03  ,0,0,0,0,0,0,0,0,0,-2000,0,0,0,0,2000,-2000,-2000
062310,南亞科凱基9B購02,0,0,0,0,0,0,0,0,0,-2000,0,0,0,0,2000,-2000,-2000
062021,康控永豐9B購01  ,0,0,0,0,0,0,0,0,0,-2000,0,0,0,0,2000,-2000,-2000
062125,嘉晶統一9B購01  ,0,0,0,0,0,0,0,0,0,-2000,0,0,0,0,2000,-2000,-2000
062832,嘉澤群益9B購02  ,0,0,0,0,0,0,0,0,0,-2000,0,0,0,35000,37000,-2000,-2000
06264P,友達凱基98售06  ,0,0,0,0,0,0,0,0,0,-2000,0,0,0,0,2000,-2000,-2000
062585,鴻海統一9C購14  ,0,0,0,0,0,0,0,0,0,-2000,0,0,0,0,2000,-2000,-2000
062545,嘉晶永豐9B購01  ,0,0,0,0,0,0,0,0,0,-2000,0,0,0,0,2000,-2000,-2000
062993,華新科群益9B購05,0,0,0,0,0,0,0,0,0,-2000,0,0,0,10000,12000,-2000,-2000
062954,世芯永豐9B購03  ,0,0,0,0,0,0,0,0,0,-2000,0,0,0,40000,42000,-2000,-2000
063070,奇力新富邦01購01,0,0,0,0,0,0,0,0,0,-2000,0,0,0,0,2000,-2000,-2000
063211,道瓊銀國票9B購01,0,0,0,0,0,0,0,0,0,-2000,0,0,0,0,2000,-2000,-2000
063365,義隆富邦01購01  ,0,0,0,0,0,0,0,0,0,-2000,0,0,0,12000,14000,-2000,-2000
063689,可成永豐9B購04  ,0,0,0,0,0,0,0,0,0,-2000,0,0,0,13000,15000,-2000,-2000
063770,台灣50富邦03購01,0,0,0,0,0,0,0,0,0,-2000,0,0,0,0,2000,-2000,-2000
063519,聚陽凱基9B購02  ,0,0,0,0,0,0,0,0,0,-2000,0,0,0,0,2000,-2000,-2000
6117,迎廣            ,0,2000,-2000,0,0,0,0,0,0,0,0,0,0,0,0,0,-2000
9941A,裕融甲特        ,0,0,0,0,0,0,0,0,0,-2000,1000,3000,-2000,0,0,0,-2000
6668,中揚光          ,35000,38000,-3000,0,0,0,0,0,0,1000,1000,0,1000,0,0,0,-2000
8070,長華*           ,6000,9000,-3000,0,0,0,0,0,0,1000,1000,0,1000,0,0,0,-2000
2002A,中鋼特          ,0,0,0,0,0,0,0,0,0,-3000,0,3000,-3000,0,0,0,-3000
1589,永冠-KY         ,58000,61000,-3000,0,0,0,0,0,0,0,0,0,0,0,0,0,-3000
2901,欣欣            ,6000,9000,-3000,0,0,0,0,0,0,0,0,0,0,0,0,0,-3000
3356,奇偶            ,21000,24000,-3000,0,0,0,0,0,0,0,0,0,0,0,0,0,-3000
07740P,臺股指永豐9A售01,0,0,0,0,0,0,0,0,0,-3000,0,0,0,0,3000,-3000,-3000
07642P,華通凱基9A售05  ,0,0,0,0,0,0,0,0,0,-3000,0,0,0,0,3000,-3000,-3000
07758P,台積電國票9A售06,0,0,0,0,0,0,0,0,0,-3000,0,0,0,0,3000,-3000,-3000
08335P,香港2X中信03售01,0,0,0,0,0,0,0,0,0,-3000,0,0,0,0,3000,-3000,-3000
08354P,旺宏元大9C售05  ,0,0,0,0,0,0,0,0,0,-3000,0,0,0,0,3000,-3000,-3000
08355P,智邦元大9C售03  ,0,0,0,0,0,0,0,0,0,-3000,0,0,0,0,3000,-3000,-3000
063860,旺宏國泰02購01  ,0,0,0,0,0,0,0,0,0,-3000,0,0,0,0,3000,-3000,-3000
063861,南亞科國泰02購01,0,0,0,0,0,0,0,0,0,-3000,0,0,0,7000,10000,-3000,-3000
063916,瀚宇博凱基01購01,0,0,0,0,0,0,0,0,0,-3000,0,0,0,44000,47000,-3000,-3000
063909,旺宏凱基02購01  ,0,0,0,0,0,0,0,0,0,-3000,0,0,0,0,3000,-3000,-3000
064076,台積電中信06購02,0,0,0,0,0,0,0,0,0,-3000,0,0,0,117000,120000,-3000,-3000
064462,致伸統一02購01  ,0,0,0,0,0,0,0,0,0,-3000,0,0,0,0,3000,-3000,-3000
064486,聚陽元大9C購01  ,0,0,0,0,0,0,0,0,0,-3000,0,0,0,0,3000,-3000,-3000
064498,可成元大01購03  ,0,0,0,0,0,0,0,0,0,-3000,0,0,0,35000,38000,-3000,-3000
06551P,貿聯元大98售05  ,0,0,0,0,0,0,0,0,0,-3000,0,0,0,0,3000,-3000,-3000
06780P,義隆元大98售02  ,0,0,0,0,0,0,0,0,0,-3000,0,0,0,67000,70000,-3000,-3000
07471P,南亞科元大9A售01,0,0,0,0,0,0,0,0,0,-3000,0,0,0,0,3000,-3000,-3000
07415P,台積電元大99售52,0,0,0,0,0,0,0,0,0,-3000,0,0,0,11000,14000,-3000,-3000
07387P,臺股指群益99售25,0,0,0,0,0,0,0,0,0,-3000,0,0,0,2000,5000,-3000,-3000
055845,大立光元大97購08,0,0,0,0,0,0,0,0,0,-3000,0,0,0,0,3000,-3000,-3000
055653,聯詠元富01購02  ,0,0,0,0,0,0,0,0,0,-3000,0,0,0,12000,15000,-3000,-3000
055645,技嘉元富97購01  ,0,0,0,0,0,0,0,0,0,-3000,0,0,0,1000,4000,-3000,-3000
055605,緯穎元大97購02  ,0,0,0,0,0,0,0,0,0,-3000,0,0,0,0,3000,-3000,-3000
056522,T50反1中信9B購01,0,0,0,0,0,0,0,0,0,-3000,0,0,0,0,3000,-3000,-3000
059395,T50反1元富99購03,0,0,0,0,0,0,0,0,0,-3000,0,0,0,70000,73000,-3000,-3000
056870,全新日盛9A購01  ,0,0,0,0,0,0,0,0,0,-3000,0,0,0,0,3000,-3000,-3000
059663,旭富元大9C購02  ,0,0,0,0,0,0,0,0,0,-3000,0,0,0,0,3000,-3000,-3000
059580,大立光元富99購07,0,0,0,0,0,0,0,0,0,-3000,0,0,0,2000,5000,-3000,-3000
056354,國巨元大98購10  ,0,0,0,0,0,0,0,0,0,-3000,0,0,0,12000,15000,-3000,-3000
056360,智邦元大98購01  ,0,0,0,0,0,0,0,0,0,-3000,0,0,0,46000,49000,-3000,-3000
056029,國巨麥證98購01  ,0,0,0,0,3000,-3000,0,0,0,-3000,0,0,0,0,3000,-3000,-3000
056059,美律元大98購02  ,0,3000,-3000,0,0,0,0,0,0,0,0,0,0,0,0,0,-3000
053562,玉晶光國泰98購02,0,0,0,0,0,0,0,0,0,-3000,0,0,0,0,3000,-3000,-3000
054511,香港反元大98購01,0,0,0,0,0,0,0,0,0,-3000,0,0,0,0,3000,-3000,-3000
055569,聚陽統一98購01  ,0,0,0,0,0,0,0,0,0,-3000,0,0,0,1000,4000,-3000,-3000
054375,貿聯中信99購01  ,0,0,0,0,0,0,0,0,0,-3000,0,0,0,12000,15000,-3000,-3000
051577,台積電元大97購03,0,0,0,0,0,0,0,0,0,-3000,0,0,0,16000,19000,-3000,-3000
051560,玉晶光國泰97購03,0,0,0,0,0,0,0,0,0,-3000,0,0,0,2000,5000,-3000,-3000
03875P,滬深2X國票05售01,0,0,0,0,0,0,0,0,0,-3000,0,0,0,1000,4000,-3000,-3000
006203,元大MSCI台灣    ,0,0,0,0,0,0,0,0,0,-3000,0,0,0,7000,10000,-3000,-3000
057464,大立光永豐98購02,0,0,0,0,0,0,0,0,0,-3000,0,0,0,0,3000,-3000,-3000
060234,凱美元大9C購01  ,0,0,0,0,0,0,0,0,0,-3000,0,0,0,253000,256000,-3000,-3000
060073,台積電元富99購03,0,0,0,0,0,0,0,0,0,-3000,0,0,0,0,3000,-3000,-3000
057399,滬深反群益9C購01,0,0,0,0,0,0,0,0,0,-3000,0,0,0,0,3000,-3000,-3000
058998,鴻海元大99購22  ,0,0,0,0,0,0,0,0,0,-3000,0,0,0,0,3000,-3000,-3000
05750P,臺股指群益99售04,0,0,0,0,0,0,0,0,0,-3000,0,0,0,0,3000,-3000,-3000
05709P,大立光國票97售01,0,0,0,0,0,0,0,0,0,-3000,0,0,0,17000,20000,-3000,-3000
057086,立積統一9C購01  ,0,0,0,0,0,0,0,0,0,-3000,0,0,0,1000,4000,-3000,-3000
060266,潤泰全國票9A購01,0,0,0,0,0,0,0,0,0,-3000,0,0,0,86000,89000,-3000,-3000
06037P,超眾國票98售02  ,0,0,0,0,0,0,0,0,0,-3000,0,0,0,0,3000,-3000,-3000
058887,元石油元大9C購04,0,0,0,0,0,0,0,0,0,-3000,0,0,0,0,3000,-3000,-3000
058770,貿聯兆豐9A購01  ,0,0,0,0,0,0,0,0,0,-3000,0,0,0,0,3000,-3000,-3000
057928,鈺齊凱基98購02  ,0,0,0,0,0,0,0,0,0,-3000,0,0,0,10000,13000,-3000,-3000
058406,聯茂元大99購06  ,0,0,0,0,0,0,0,0,0,-3000,0,0,0,68000,71000,-3000,-3000
058370,聯詠凱基99購01  ,0,0,0,0,0,0,0,0,0,-3000,0,0,0,2000,5000,-3000,-3000
058385,創意中信99購01  ,0,0,0,0,0,0,0,0,0,-3000,0,0,0,48000,51000,-3000,-3000
057646,玉山金元大98購01,0,0,0,0,0,0,0,0,0,-3000,0,0,0,13000,16000,-3000,-3000
060801,滬深2X中信01購01,0,0,0,0,0,0,0,0,0,-3000,0,0,0,0,3000,-3000,-3000
06082P,華通統一98售01  ,0,0,0,0,0,0,0,0,0,-3000,0,0,0,51000,54000,-3000,-3000
060880,中壽中信9C購01  ,0,0,0,0,0,0,0,0,0,-3000,0,0,0,390000,393000,-3000,-3000
063338,國巨統一9C購11  ,0,0,0,0,0,0,0,0,0,-3000,0,0,0,17000,20000,-3000,-3000
063033,台積電凱基9B購09,0,0,0,0,0,0,0,0,0,-3000,0,0,0,8000,11000,-3000,-3000
063157,鴻海台新9B購02  ,0,0,0,0,0,0,0,0,0,-3000,0,0,0,0,3000,-3000,-3000
062005,旺宏國泰01購01  ,0,0,0,0,0,0,0,0,0,-3000,0,0,0,0,3000,-3000,-3000
062037,華新凱基9B購01  ,0,0,0,0,0,0,0,0,0,-3000,0,0,0,32000,35000,-3000,-3000
062284,華擎群益9C購03  ,0,0,0,0,0,0,0,0,0,-3000,0,0,0,0,3000,-3000,-3000
06242P,大立光元富9A售02,0,0,0,0,0,0,0,0,0,-3000,0,0,0,20000,23000,-3000,-3000
062370,華擎元大9B購01  ,0,0,0,0,0,0,0,0,0,-3000,0,0,0,0,3000,-3000,-3000
061148,道瓊反群益9A購02,0,0,0,0,0,0,0,0,0,-3000,0,0,0,0,3000,-3000,-3000
061087,國巨統一01購04  ,0,0,0,0,0,0,0,0,0,-3000,0,0,0,23000,26000,-3000,-3000
061276,T50反1台新9A購03,0,0,0,0,0,0,0,0,0,-3000,0,0,0,0,3000,-3000,-3000
061290,玉晶光統一01購04,0,0,0,0,0,0,0,0,0,-3000,0,0,0,6000,9000,-3000,-3000
061365,國巨國票9B購05  ,0,0,0,0,0,0,0,0,0,-3000,0,0,0,9000,12000,-3000,-3000
061520,健策中信9A購01  ,0,0,0,0,0,0,0,0,0,-3000,0,0,0,80000,83000,-3000,-3000
8222,寶一            ,10000,13000,-3000,0,0,0,0,0,0,0,0,0,0,0,0,0,-3000
6666,羅麗芬-KY       ,26000,29000,-3000,0,0,0,0,0,0,0,0,0,0,0,0,0,-3000
9188,精熙-DR         ,0,3000,-3000,0,0,0,0,0,0,0,0,0,0,0,0,0,-3000
911868,同方友友-DR     ,0,3000,-3000,0,0,0,0,0,0,0,0,0,0,0,0,0,-3000
07352P,台積電國票99售11,0,0,0,0,0,0,0,0,0,-4000,0,0,0,10000,14000,-4000,-4000
07135P,臺股指元大9A售29,0,0,0,0,0,0,0,0,0,-4000,0,0,0,0,4000,-4000,-4000
07178P,臺股指凱基99售20,0,0,0,0,0,0,0,0,0,-4000,0,0,0,0,4000,-4000,-4000
07006P,旺宏統一9B售03  ,0,0,0,0,0,0,0,0,0,-4000,0,0,0,0,4000,-4000,-4000
06634P,欣興國票98售02  ,0,0,0,0,0,0,0,0,0,-4000,0,0,0,0,4000,-4000,-4000
064495,南亞科元大9C購03,0,0,0,0,0,0,0,0,0,-4000,0,0,0,0,4000,-4000,-4000
06468P,華新科統一98售02,0,0,0,0,0,0,0,0,0,-4000,0,0,0,35000,39000,-4000,-4000
064526,臺股指群益9C購11,0,0,0,0,0,0,0,0,0,-4000,0,0,0,0,4000,-4000,-4000
064175,華通國泰02購01  ,0,0,0,0,0,0,0,0,0,-4000,0,0,0,27000,31000,-4000,-4000
063828,台積電國票01購02,0,0,0,0,0,0,0,0,0,-4000,0,0,0,34000,38000,-4000,-4000
08326P,臺股指凱基9C售09,0,0,0,0,0,0,0,0,0,-4000,0,0,0,3000,7000,-4000,-4000
08321P,世芯永豐9C售01  ,0,0,0,0,0,0,0,0,0,-4000,0,0,0,0,4000,-4000,-4000
07800P,華新科國泰9B售04,0,0,0,0,0,0,0,0,0,-4000,0,0,0,25000,29000,-4000,-4000
2030,彰源            ,46000,58000,-12000,0,0,0,0,0,0,8000,8000,0,8000,0,0,0,-4000
00688L,國泰20年美債正2 ,0,0,0,0,0,0,0,0,0,-4000,0,0,0,102000,106000,-4000,-4000
020011,統一微波高息20N ,0,0,0,0,0,0,0,0,0,-4000,0,0,0,0,4000,-4000,-4000
03427B,臺股指元大9A熊02,0,0,0,0,0,0,0,0,0,-4000,0,0,0,6000,10000,-4000,-4000
03428B,臺股指凱基97熊18,0,0,0,0,0,0,0,0,0,-4000,0,0,0,0,4000,-4000,-4000
054066,緯穎國票97購03  ,0,0,0,0,0,0,0,0,0,-4000,0,0,0,2000,6000,-4000,-4000
054638,國泰金中信99購01,0,0,0,0,0,0,0,0,0,-4000,0,0,0,1000,5000,-4000,-4000
053631,欣興兆豐97購01  ,0,0,0,0,0,0,0,0,0,-4000,0,0,0,212000,216000,-4000,-4000
053438,玉晶光麥證97購02,0,0,0,0,4000,-4000,0,0,0,-4000,0,0,0,0,4000,-4000,-4000
055920,智伸科凱基97購02,0,0,0,0,0,0,0,0,0,-4000,0,0,0,0,4000,-4000,-4000
056842,全新元富98購01  ,0,0,0,0,0,0,0,0,0,-4000,0,0,0,0,4000,-4000,-4000
056843,冠德元富98購01  ,0,0,0,0,0,0,0,0,0,-4000,0,0,0,0,4000,-4000,-4000
059689,南亞科永豐99購02,0,0,0,0,0,0,0,0,0,-4000,0,0,0,43000,47000,-4000,-4000
055670,矽創群益98購02  ,0,0,0,0,0,0,0,0,0,-4000,0,0,0,121000,125000,-4000,-4000
055615,宏達電國票99購02,0,0,0,0,0,0,0,0,0,-4000,0,0,0,5000,9000,-4000,-4000
055688,力成凱基98購02  ,0,0,0,0,0,0,0,0,0,-4000,0,0,0,26000,30000,-4000,-4000
055439,台表科國票98購02,0,0,0,0,0,0,0,0,0,-4000,0,0,0,20000,24000,-4000,-4000
056697,緯穎群益98購01  ,0,0,0,0,0,0,0,0,0,-4000,0,0,0,0,4000,-4000,-4000
060769,國巨麥證9A購02  ,0,0,0,0,4000,-4000,0,0,0,-4000,0,0,0,0,4000,-4000,-4000
058533,玉晶光元富99購01,0,0,0,0,0,0,0,0,0,-4000,0,0,0,1000,5000,-4000,-4000
058443,T50正2富邦01購01,0,0,0,0,0,0,0,0,0,-4000,0,0,0,4000,8000,-4000,-4000
058719,智邦元富99購01  ,0,0,0,0,0,0,0,0,0,-4000,0,0,0,30000,34000,-4000,-4000
059151,臺股指國票99購14,0,0,0,0,0,0,0,0,0,-4000,0,0,0,0,4000,-4000,-4000
058576,南亞科群益99購01,0,0,0,0,0,0,0,0,0,-4000,0,0,0,0,4000,-4000,-4000
060398,立積國票9B購01  ,0,0,0,0,0,0,0,0,0,-4000,0,0,0,0,4000,-4000,-4000
060449,元金2X元大9A購02,0,0,0,0,0,0,0,0,0,-4000,0,0,0,1000,5000,-4000,-4000
060251,易華電元大9C購01,0,0,0,0,0,0,0,0,0,-4000,0,0,0,61000,65000,-4000,-4000
060006,華通群益9A購04  ,0,0,0,0,0,0,0,0,0,-4000,0,0,0,0,4000,-4000,-4000
057119,微星康和98購01  ,0,0,0,0,0,0,0,0,0,-4000,0,0,0,38000,42000,-4000,-4000
057078,國巨統一9A購02  ,0,0,0,0,0,0,0,0,0,-4000,0,0,0,0,4000,-4000,-4000
060560,欣興國泰9C購01  ,0,0,0,0,0,0,0,0,0,-4000,0,0,0,26000,30000,-4000,-4000
057170,瑞昱元大98購01  ,0,0,0,0,0,0,0,0,0,-4000,0,0,0,5000,9000,-4000,-4000
058144,聯茂元大99購02  ,0,0,0,0,0,0,0,0,0,-4000,0,0,0,64000,68000,-4000,-4000
061498,大立光國票9A購10,0,0,0,0,0,0,0,0,0,-4000,0,0,0,0,4000,-4000,-4000
061760,臺指反元大01購06,0,0,0,0,0,0,0,0,0,-4000,0,0,0,0,4000,-4000,-4000
061684,T50反1群益9A購06,0,0,0,0,0,0,0,0,0,-4000,0,0,0,0,4000,-4000,-4000
061392,泰鼎群益9A購02  ,0,0,0,0,0,0,0,0,0,-4000,0,0,0,0,4000,-4000,-4000
061088,國巨統一9C購05  ,0,0,0,0,0,0,0,0,0,-4000,0,0,0,6000,10000,-4000,-4000
061055,康控群益9A購01  ,0,0,0,0,0,0,0,0,0,-4000,0,0,0,0,4000,-4000,-4000
06116P,臺股指日盛97售01,0,0,0,0,0,0,0,0,0,-4000,0,0,0,4000,8000,-4000,-4000
061204,國巨元大9A購16  ,0,0,0,0,0,0,0,0,0,-4000,0,0,0,7000,11000,-4000,-4000
062107,台光電國票9B購01,0,0,0,0,0,0,0,0,0,-4000,0,0,0,54000,58000,-4000,-4000
063159,嘉澤國泰01購01  ,0,0,0,0,0,0,0,0,0,-4000,0,0,0,0,4000,-4000,-4000
063053,聯發科統一01購04,0,0,0,0,0,0,0,0,0,-4000,0,0,0,29000,33000,-4000,-4000
062833,世芯群益9B購01  ,0,0,0,0,0,0,0,0,0,-4000,0,0,0,0,4000,-4000,-4000
062801,宏達電統一01購01,0,0,0,0,0,0,0,0,0,-4000,0,0,0,100000,104000,-4000,-4000
063648,台表科元大9C購05,0,0,0,0,0,0,0,0,0,-4000,0,0,0,156000,160000,-4000,-4000
4994,傳奇            ,29000,35000,-6000,0,0,0,0,0,0,2000,2000,0,2000,0,0,0,-4000
4999,鑫禾            ,27000,31000,-4000,0,0,0,0,0,0,0,0,0,0,0,0,0,-4000
2429,銘旺科          ,6000,11000,-5000,0,0,0,0,0,0,0,0,0,0,0,0,0,-5000
3312,弘憶股          ,41000,46000,-5000,0,0,0,0,0,0,0,0,0,0,0,0,0,-5000
07783P,聯發科富邦9C售03,0,0,0,0,0,0,0,0,0,-5000,0,0,0,0,5000,-5000,-5000
07781P,高鐵凱基9A售02  ,0,0,0,0,0,0,0,0,0,-5000,0,0,0,0,5000,-5000,-5000
07678P,大立光群益9A售03,0,0,0,0,0,0,0,0,0,-5000,0,0,0,20000,25000,-5000,-5000
07700P,臺股指元大9A售53,0,0,0,0,0,0,0,0,0,-5000,0,0,0,0,5000,-5000,-5000
08048P,臺股指國票9B售13,0,0,0,0,0,0,0,0,0,-5000,0,0,0,0,5000,-5000,-5000
07877P,晶技永豐9B售01  ,0,0,0,0,0,0,0,0,0,-5000,0,0,0,0,5000,-5000,-5000
08347P,大立光元大9C售16,0,0,0,0,0,0,0,0,0,-5000,0,0,0,15000,20000,-5000,-5000
08342P,健策永豐9C售01  ,0,0,0,0,0,0,0,0,0,-5000,0,0,0,0,5000,-5000,-5000
08261P,玉晶光元大9C售08,0,0,0,0,0,0,0,0,0,-5000,0,0,0,0,5000,-5000,-5000
08127P,聯發科元大9B售21,0,0,0,0,0,0,0,0,0,-5000,0,0,0,72000,77000,-5000,-5000
08122P,晶技國票9C售01  ,0,0,0,0,0,0,0,0,0,-5000,0,0,0,12000,17000,-5000,-5000
08116P,臺股指凱基9B售17,0,0,0,0,0,0,0,0,0,-5000,0,0,0,5000,10000,-5000,-5000
08174P,國巨統一9B售17  ,0,0,0,0,0,0,0,0,0,-5000,0,0,0,0,5000,-5000,-5000
063843,台積電元大9C購03,0,0,0,0,0,0,0,0,0,-5000,0,0,0,0,5000,-5000,-5000
063889,滬深2X群益02購01,0,0,0,0,0,0,0,0,0,-5000,0,0,0,0,5000,-5000,-5000
064012,泰碩國票01購02  ,0,0,0,0,0,0,0,0,0,-5000,0,0,0,28000,33000,-5000,-5000
063970,大立光國票01購01,0,0,0,0,0,0,0,0,0,-5000,0,0,0,0,5000,-5000,-5000
064086,旺宏凱基9C購01  ,0,0,0,0,0,0,0,0,0,-5000,0,0,0,0,5000,-5000,-5000
064150,全新統一01購03  ,0,0,0,0,0,0,0,0,0,-5000,0,0,0,98000,103000,-5000,-5000
064357,中橡統一9C購01  ,0,0,0,0,0,0,0,0,0,-5000,0,0,0,0,5000,-5000,-5000
064321,T50反1元大9C購05,0,0,0,0,0,0,0,0,0,-5000,0,0,0,0,5000,-5000,-5000
06458P,玉晶光統一9A售02,0,0,0,0,0,0,0,0,0,-5000,0,0,0,0,5000,-5000,-5000
064455,美食統一01購03  ,0,0,0,0,0,0,0,0,0,-5000,0,0,0,0,5000,-5000,-5000
06570P,大立光永豐98售01,0,0,0,0,0,0,0,0,0,-5000,0,0,0,0,5000,-5000,-5000
06712P,臺股指台新99售09,0,0,0,0,0,0,0,0,0,-5000,0,0,0,0,5000,-5000,-5000
06997P,台灣50中信03售01,0,0,0,0,0,0,0,0,0,-5000,0,0,0,10000,15000,-5000,-5000
06981P,台灣50麥證99售02,0,0,0,310000,0,310000,0,0,0,-5000,0,0,0,310000,315000,-5000,-5000
07079P,台積電群益99售06,0,0,0,0,0,0,0,0,0,-5000,0,0,0,1000,6000,-5000,-5000
07226P,貿聯富邦9B售01  ,0,0,0,0,0,0,0,0,0,-5000,0,0,0,0,5000,-5000,-5000
07109P,聯發科中信9B售02,0,0,0,0,0,0,0,0,0,-5000,0,0,0,0,5000,-5000,-5000
07435P,台積電富邦9C售07,0,0,0,0,0,0,0,0,0,-5000,0,0,0,0,5000,-5000,-5000
07238P,台灣50國票99售07,0,0,0,0,0,0,0,0,0,-5000,0,0,0,20000,25000,-5000,-5000
07306P,台灣50凱基9A售09,0,0,0,0,0,0,0,0,0,-5000,0,0,0,0,5000,-5000,-5000
07509P,牧德國票9A售03  ,0,0,0,0,0,0,0,0,0,-5000,0,0,0,5000,10000,-5000,-5000
07568P,鴻海凱基9A售22  ,0,0,0,0,0,0,0,0,0,-5000,0,0,0,0,5000,-5000,-5000
055008,隆達元富97購01  ,0,0,0,0,0,0,0,0,0,-5000,0,0,0,0,5000,-5000,-5000
05576P,群創日盛99售02  ,0,0,0,0,0,0,0,0,0,-5000,0,0,0,0,5000,-5000,-5000
055597,禾伸堂元大98購02,0,0,0,0,0,0,0,0,0,-5000,0,0,0,0,5000,-5000,-5000
056602,嘉澤國泰99購01  ,0,0,0,0,0,0,0,0,0,-5000,0,0,0,1000,6000,-5000,-5000
056606,華新科富邦9A購02,0,0,0,0,0,0,0,0,0,-5000,0,0,0,54000,59000,-5000,-5000
054931,緯穎凱基98購01  ,0,0,0,0,0,0,0,0,0,-5000,0,0,0,0,5000,-5000,-5000
059556,台灣50凱基9A購07,0,0,0,0,0,0,0,0,0,-5000,0,0,0,0,5000,-5000,-5000
059907,道瓊指元大99購03,0,0,0,0,0,0,0,0,0,-5000,0,0,0,10000,15000,-5000,-5000
056353,鴻海元大99購02  ,0,0,0,0,0,0,0,0,0,-5000,0,0,0,0,5000,-5000,-5000
054451,上銀亞東98購01  ,0,0,0,0,0,0,0,0,0,-5000,0,0,0,0,5000,-5000,-5000
054682,東元永豐97購01  ,0,0,0,0,0,0,0,0,0,-5000,0,0,0,0,5000,-5000,-5000
055525,國巨群益98購05  ,0,0,0,0,0,0,0,0,0,-5000,0,0,0,5000,10000,-5000,-5000
056477,欣興元大98購02  ,0,0,0,0,0,0,0,0,0,-5000,0,0,0,168000,173000,-5000,-5000
03047X,元展44          ,0,0,0,0,0,0,0,0,0,-5000,0,0,0,0,5000,-5000,-5000
054166,日電貿凱基98購01,0,0,0,0,0,0,0,0,0,-5000,0,0,0,0,5000,-5000,-5000
03683C,T50反1元大9C牛04,0,0,0,0,0,0,0,0,0,-5000,0,0,0,0,5000,-5000,-5000
046476,鴻海統一96購01  ,0,0,0,0,0,0,0,0,0,-5000,0,0,0,10000,15000,-5000,-5000
057365,智邦元大98購07  ,0,0,0,0,0,0,0,0,0,-5000,0,0,0,21000,26000,-5000,-5000
057374,禾伸堂元大99購03,0,0,0,0,0,0,0,0,0,-5000,0,0,0,6000,11000,-5000,-5000
05977P,旺宏永豐96售06  ,0,0,0,0,0,0,0,0,0,-5000,0,0,0,0,5000,-5000,-5000
059787,奇力新元大9A購02,0,0,0,0,0,0,0,0,0,-5000,0,0,0,0,5000,-5000,-5000
05899P,臺股指凱基96售30,0,0,0,0,0,0,0,0,0,-5000,0,0,0,0,5000,-5000,-5000
058967,可成麥證99購01  ,0,0,0,0,9000,-9000,0,0,0,-5000,0,0,0,4000,9000,-5000,-5000
058187,泰碩永豐99購01  ,0,0,0,0,0,0,0,0,0,-5000,0,0,0,16000,21000,-5000,-5000
060039,大立光國票99購04,0,0,0,0,0,0,0,0,0,-5000,0,0,0,0,5000,-5000,-5000
060151,旺宏富邦9A購02  ,0,0,0,0,0,0,0,0,0,-5000,0,0,0,0,5000,-5000,-5000
058228,為升元大99購01  ,0,0,0,0,0,0,0,0,0,-5000,0,0,0,0,5000,-5000,-5000
058218,緯穎群益99購01  ,0,0,0,0,0,0,0,0,0,-5000,0,0,0,19000,24000,-5000,-5000
059025,台灣50台新9B購02,0,0,0,0,0,0,0,0,0,-5000,0,0,0,0,5000,-5000,-5000
057168,旺宏元大99購03  ,0,0,0,0,0,0,0,0,0,-5000,0,0,0,5000,10000,-5000,-5000
057538,緯穎元大98購07  ,0,0,0,0,0,0,0,0,0,-5000,0,0,0,0,5000,-5000,-5000
058290,南電國票9A購01  ,0,0,0,0,0,0,0,0,0,-5000,0,0,0,29000,34000,-5000,-5000
057748,華通國票98購04  ,0,0,0,0,0,0,0,0,0,-5000,0,0,0,7000,12000,-5000,-5000
057108,潤泰全群益98購01,0,0,0,0,0,0,0,0,0,-5000,0,0,0,0,5000,-5000,-5000
059159,上銀凱基99購05  ,0,0,0,0,0,0,0,0,0,-5000,0,0,0,5000,10000,-5000,-5000
058863,可成凱基99購02  ,0,0,0,0,0,0,0,0,0,-5000,0,0,0,31000,36000,-5000,-5000
057637,上銀元大98購07  ,0,0,0,0,0,0,0,0,0,-5000,0,0,0,0,5000,-5000,-5000
057651,矽力元大98購03  ,0,0,0,0,0,0,0,0,0,-5000,0,0,0,0,5000,-5000,-5000
057583,啟碁中信9A購01  ,0,0,0,0,0,0,0,0,0,-5000,0,0,0,0,5000,-5000,-5000
057572,明泰永豐98購01  ,0,0,0,0,0,0,0,0,0,-5000,0,0,0,0,5000,-5000,-5000
058481,玉晶光凱基9A購04,0,0,0,0,0,0,0,0,0,-5000,0,0,0,30000,35000,-5000,-5000
060847,康控國票9A購01  ,0,0,0,0,0,0,0,0,0,-5000,0,0,0,21000,26000,-5000,-5000
060661,台積電凱基9A購18,0,0,0,0,0,0,0,0,0,-5000,0,0,0,11000,16000,-5000,-5000
060884,超眾中信9B購01  ,0,0,0,0,0,0,0,0,0,-5000,0,0,0,0,5000,-5000,-5000
060905,台積電元大9A購20,0,0,0,0,0,0,0,0,0,-5000,0,0,0,0,5000,-5000,-5000
061048,國巨中信9A購05  ,0,0,0,0,0,0,0,0,0,-5000,0,0,0,80000,85000,-5000,-5000
06376P,上銀統一99售01  ,0,0,0,0,0,0,0,0,0,-5000,0,0,0,16000,21000,-5000,-5000
06370P,貿聯凱基97售03  ,0,0,0,0,0,0,0,0,0,-5000,0,0,0,145000,150000,-5000,-5000
063557,聚陽元大9B購01  ,0,0,0,0,0,0,0,0,0,-5000,0,0,0,18000,23000,-5000,-5000
063613,全新群益9C購01  ,0,0,0,0,0,0,0,0,0,-5000,0,0,0,55000,60000,-5000,-5000
063235,台積電元大9B購06,0,0,0,0,0,0,0,0,0,-5000,0,0,0,0,5000,-5000,-5000
063301,鴻海凱基9B購08  ,0,0,0,0,0,0,0,0,0,-5000,0,0,0,1000,6000,-5000,-5000
062561,瀚宇博凱基9B購01,0,0,0,0,0,0,0,0,0,-5000,0,0,0,83000,88000,-5000,-5000
063124,奇力新元大9B購05,0,0,0,0,0,0,0,0,0,-5000,0,0,0,0,5000,-5000,-5000
06299P,可成元大97售04  ,0,0,0,0,0,0,0,0,0,-5000,0,0,0,0,5000,-5000,-5000
062905,聯發科元大9B購13,0,0,0,0,0,0,0,0,0,-5000,0,0,0,0,5000,-5000,-5000
062855,嘉澤永豐9B購02  ,0,0,0,0,0,0,0,0,0,-5000,0,0,0,0,5000,-5000,-5000
062122,國巨統一02購01  ,0,0,0,0,0,0,0,0,0,-5000,0,0,0,0,5000,-5000,-5000
062169,禾伸堂永豐9B購01,0,0,0,0,0,0,0,0,0,-5000,0,0,0,0,5000,-5000,-5000
062071,華通元大9B購02  ,0,0,0,0,0,0,0,0,0,-5000,0,0,0,54000,59000,-5000,-5000
061932,上銀國票9B購01  ,0,0,0,0,0,0,0,0,0,-5000,0,0,0,10000,15000,-5000,-5000
062383,大立光國泰01購01,0,0,0,0,0,0,0,0,0,-5000,0,0,0,86000,91000,-5000,-5000
06247P,同欣電元富97售02,0,0,0,0,0,0,0,0,0,-5000,0,0,0,0,5000,-5000,-5000
062202,國巨國票9C購04  ,0,0,0,0,0,0,0,0,0,-5000,0,0,0,0,5000,-5000,-5000
062258,奇力新元大9B購03,0,0,0,0,0,0,0,0,0,-5000,0,0,0,0,5000,-5000,-5000
061194,聯鈞永豐9A購02  ,0,0,0,0,0,0,0,0,0,-5000,0,0,0,51000,56000,-5000,-5000
061144,玉晶光中信9B購02,0,0,0,0,0,0,0,0,0,-5000,0,0,0,66000,71000,-5000,-5000
061317,旺宏凱基9A購05  ,0,0,0,0,0,0,0,0,0,-5000,0,0,0,0,5000,-5000,-5000
061666,友達中信01購01  ,0,0,0,0,0,0,0,0,0,-5000,0,0,0,85000,90000,-5000,-5000
061698,智邦國票9A購04  ,0,0,0,0,0,0,0,0,0,-5000,0,0,0,5000,10000,-5000,-5000
061711,台積電凱基9A購27,0,0,0,0,0,0,0,0,0,-5000,0,0,0,0,5000,-5000,-5000
061794,國巨永豐9B購01  ,0,0,0,0,0,0,0,0,0,-5000,0,0,0,0,5000,-5000,-5000
061572,奇力新元大9A購04,0,0,0,0,0,0,0,0,0,-5000,0,0,0,1000,6000,-5000,-5000
061543,南亞科群益9A購01,0,0,0,0,0,0,0,0,0,-5000,0,0,0,62000,67000,-5000,-5000
4581,光隆精密-KY     ,0,5000,-5000,0,0,0,0,0,0,0,0,0,0,0,0,0,-5000
8105,凌巨            ,104000,113000,-9000,0,0,0,0,0,0,4000,4000,0,4000,0,0,0,-5000
00662,富邦NASDAQ      ,77,0,77,0,0,0,0,0,0,-6000,20000,200000,-180000,301000,127000,174000,-5923
07359P,台積電元大99售45,0,0,0,0,0,0,0,0,0,-6000,0,0,0,4000,10000,-6000,-6000
07089P,臺指2X中信01售01,0,0,0,0,0,0,0,0,0,-6000,0,0,0,290000,296000,-6000,-6000
06886P,旺宏元大99售07  ,0,0,0,0,0,0,0,0,0,-6000,0,0,0,4000,10000,-6000,-6000
06903P,技嘉凱基98售04  ,0,0,0,0,0,0,0,0,0,-6000,0,0,0,0,6000,-6000,-6000
06784P,臺股指元大98售01,0,0,0,0,0,0,0,0,0,-6000,0,0,0,0,6000,-6000,-6000
06613P,華新科富邦9A售03,0,0,0,0,0,0,0,0,0,-6000,0,0,0,0,6000,-6000,-6000
064344,緯創元大9C購01  ,0,0,0,0,0,0,0,0,0,-6000,0,0,0,69000,75000,-6000,-6000
063836,台塑元大9C購01  ,0,0,0,0,0,0,0,0,0,-6000,0,0,0,30000,36000,-6000,-6000
08099P,聯發科中信9B售04,0,0,0,0,0,0,0,0,0,-6000,0,0,0,0,6000,-6000,-6000
08019P,緯穎國票9B售02  ,0,0,0,0,0,0,0,0,0,-6000,0,0,0,14000,20000,-6000,-6000
08074P,緯穎元富9B售02  ,0,0,0,0,0,0,0,0,0,-6000,0,0,0,24000,30000,-6000,-6000
08065P,瑞昱凱基9B售03  ,0,0,0,0,0,0,0,0,0,-6000,0,0,0,0,6000,-6000,-6000
4190,佐登-KY         ,23000,26000,-3000,0,0,0,0,0,0,-3000,0,0,0,0,3000,-3000,-6000
2891B,中信金乙特      ,0,0,0,0,0,0,0,0,0,-6000,0,6000,-6000,0,0,0,-6000
2908,特力            ,96000,102000,-6000,0,0,0,0,0,0,0,0,0,0,0,0,0,-6000
2031,新光鋼          ,139000,149000,-10000,0,0,0,0,0,0,4000,11000,7000,4000,0,0,0,-6000
1711,永光            ,93000,100000,-7000,0,0,0,0,0,0,1000,1000,0,1000,0,0,0,-6000
00663L,國泰臺灣加權正2 ,0,5000,-5000,0,0,0,0,0,0,-1000,0,0,0,30000,31000,-1000,-6000
03684C,臺股指元大06牛01,0,0,0,0,0,0,0,0,0,-6000,0,0,0,1000,7000,-6000,-6000
03674C,臺股指元富9C牛02,0,0,0,0,0,0,0,0,0,-6000,0,0,0,0,6000,-6000,-6000
052090,聯發科元大97購03,0,0,0,0,0,0,0,0,0,-6000,0,0,0,3000,9000,-6000,-6000
054208,台積電國票97購07,0,0,0,0,0,0,0,0,0,-6000,0,0,0,6000,12000,-6000,-6000
05088P,大立光富邦99售01,0,0,0,0,0,0,0,0,0,-6000,0,0,0,0,6000,-6000,-6000
055568,緯穎凱基97購02  ,0,0,0,0,0,0,0,0,0,-6000,0,0,0,14000,20000,-6000,-6000
05462P,美律亞東97售01  ,0,0,0,0,0,0,0,0,0,-6000,0,0,0,0,6000,-6000,-6000
059456,智易永豐99購01  ,0,0,0,0,0,0,0,0,0,-6000,0,0,0,8000,14000,-6000,-6000
059581,日月光元富99購02,0,0,0,0,0,0,0,0,0,-6000,0,0,0,381000,387000,-6000,-6000
054789,高鐵群益98購01  ,0,0,0,0,0,0,0,0,0,-6000,0,0,0,0,6000,-6000,-6000
055662,上銀中信99購01  ,0,0,0,0,0,0,0,0,0,-6000,0,0,0,0,6000,-6000,-6000
056567,瀚宇博群益98購02,0,0,0,0,0,0,0,0,0,-6000,0,0,0,0,6000,-6000,-6000
060984,南亞科元大9A購07,0,0,0,0,0,0,0,0,0,-6000,0,0,0,116000,122000,-6000,-6000
060658,台灣50凱基01購04,0,0,0,0,0,0,0,0,0,-6000,0,0,0,12000,18000,-6000,-6000
058691,友訊國票9A購01  ,0,0,0,0,0,0,0,0,0,-6000,0,0,0,49000,55000,-6000,-6000
057828,緯穎元大99購02  ,0,0,0,0,0,0,0,0,0,-6000,0,0,0,62000,68000,-6000,-6000
057066,緯穎富邦99購01  ,0,0,0,0,0,0,0,0,0,-6000,0,0,0,0,6000,-6000,-6000
057040,國巨元大98購12  ,0,0,0,0,0,0,0,0,0,-6000,0,0,0,0,6000,-6000,-6000
057815,信邦元大98購01  ,0,0,0,0,0,0,0,0,0,-6000,0,0,0,0,6000,-6000,-6000
057778,大立光群益98購02,0,0,0,0,0,0,0,0,0,-6000,0,0,0,2000,8000,-6000,-6000
059832,超眾康和99購01  ,0,0,0,0,0,0,0,0,0,-6000,0,0,0,10000,16000,-6000,-6000
061628,緯穎群益9A購04  ,0,0,0,0,0,0,0,0,0,-6000,0,0,0,58000,64000,-6000,-6000
061648,緯穎元大9A購04  ,0,0,0,0,0,0,0,0,0,-6000,0,0,0,5000,11000,-6000,-6000
062244,臺指反元大02購05,0,0,0,0,0,0,0,0,0,-6000,0,0,0,0,6000,-6000,-6000
062187,台勝科元大9B購02,0,0,0,0,0,0,0,0,0,-6000,0,0,0,0,6000,-6000,-6000
062390,元黃金富邦9C購01,0,0,0,0,0,0,0,0,0,-6000,0,0,0,0,6000,-6000,-6000
061851,智邦國票9B購01  ,0,0,0,0,0,0,0,0,0,-6000,0,0,0,0,6000,-6000,-6000
063020,奇力新元大9B購04,0,0,0,0,0,0,0,0,0,-6000,0,0,0,28000,34000,-6000,-6000
062942,嘉澤凱基9B購02  ,0,0,0,0,0,0,0,0,0,-6000,0,0,0,13000,19000,-6000,-6000
062946,祥碩國泰9C購02  ,0,0,0,0,0,0,0,0,0,-6000,0,0,0,132000,138000,-6000,-6000
063723,儒鴻元大9B購04  ,0,0,0,0,0,0,0,0,0,-6000,0,0,0,4000,10000,-6000,-6000
4572,駐龍            ,17000,23000,-6000,0,0,0,0,0,0,0,0,0,0,0,0,0,-6000
1540,喬福            ,11000,18000,-7000,0,0,0,0,0,0,0,0,0,0,0,0,0,-7000
1532,勤美            ,69000,78000,-9000,0,0,0,0,0,0,2000,2000,0,2000,0,0,0,-7000
1786,科妍            ,12000,21000,-9000,0,0,0,0,0,0,2000,2000,0,2000,0,0,0,-7000
2612,中航            ,33000,43000,-10000,0,0,0,0,0,0,3000,3000,0,3000,0,0,0,-7000
2546,根基            ,24000,31000,-7000,0,0,0,0,0,0,0,0,0,0,0,0,0,-7000
4439,冠星-KY         ,1000,8000,-7000,0,0,0,0,0,0,0,0,0,0,0,0,0,-7000
08043P,電子類群益9B售01,0,0,0,0,0,0,0,0,0,-7000,0,0,0,0,7000,-7000,-7000
1445,大宇            ,58000,65000,-7000,0,0,0,0,0,0,0,0,0,0,0,0,0,-7000
063783,儒鴻中信9C購01  ,0,0,0,0,0,0,0,0,0,-7000,0,0,0,23000,30000,-7000,-7000
064010,GIS凱基02購01   ,0,0,0,0,0,0,0,0,0,-7000,0,0,0,3000,10000,-7000,-7000
064342,晶技元大9C購01  ,0,0,0,0,0,0,0,0,0,-7000,0,0,0,0,7000,-7000,-7000
064403,正崴凱基01購01  ,0,0,0,0,0,0,0,0,0,-7000,0,0,0,0,7000,-7000,-7000
064098,正崴群益9C購01  ,0,0,0,0,0,0,0,0,0,-7000,0,0,0,0,7000,-7000,-7000
064452,微星統一01購02  ,0,0,0,0,0,0,0,0,0,-7000,0,0,0,0,7000,-7000,-7000
06447P,上銀元大98售01  ,0,0,0,0,0,0,0,0,0,-7000,0,0,0,7000,14000,-7000,-7000
06797P,臺股指凱基98售07,0,0,0,0,0,0,0,0,0,-7000,0,0,0,10000,17000,-7000,-7000
06885P,國巨國票99售06  ,0,0,0,0,0,0,0,0,0,-7000,0,0,0,15000,22000,-7000,-7000
07013P,玉晶光群益9A售06,0,0,0,0,0,0,0,0,0,-7000,0,0,0,0,7000,-7000,-7000
07388P,臺股指群益9C售07,0,0,0,0,0,0,0,0,0,-7000,0,0,0,0,7000,-7000,-7000
056680,華通統一98購04  ,0,0,0,0,0,0,0,0,0,-7000,0,0,0,35000,42000,-7000,-7000
055408,力成國泰98購01  ,0,0,0,0,0,0,0,0,0,-7000,0,0,0,23000,30000,-7000,-7000
059327,南茂元大99購01  ,0,0,0,0,0,0,0,0,0,-7000,0,0,0,10000,17000,-7000,-7000
059871,義隆凱基99購03  ,0,0,0,0,0,0,0,0,0,-7000,0,0,0,6000,13000,-7000,-7000
056224,聯發科凱基97購08,0,0,0,0,0,0,0,0,0,-7000,0,0,0,0,7000,-7000,-7000
054531,聯發科國泰97購02,0,0,0,0,0,0,0,0,0,-7000,0,0,0,1000,8000,-7000,-7000
05174P,元金2X富邦9B售01,0,0,0,0,0,0,0,0,0,-7000,0,0,0,0,7000,-7000,-7000
00681R,元大美債20反1   ,0,0,0,0,0,0,0,0,0,-7000,0,0,0,3000,10000,-7000,-7000
057318,台光電凱基9A購01,0,0,0,0,0,0,0,0,0,-7000,0,0,0,166000,173000,-7000,-7000
058964,群創兆豐99購01  ,0,0,0,0,0,0,0,0,0,-7000,0,0,0,0,7000,-7000,-7000
059000,台積電元大99購25,0,0,0,0,0,0,0,0,0,-7000,0,0,0,8000,15000,-7000,-7000
060333,金寶康和9A購01  ,0,0,0,0,0,0,0,0,0,-7000,0,0,0,0,7000,-7000,-7000
059004,嘉晶元大99購05  ,0,0,0,0,0,0,0,0,0,-7000,0,0,0,8000,15000,-7000,-7000
058256,臺股指元大9A購20,0,0,0,0,0,0,0,0,0,-7000,0,0,0,0,7000,-7000,-7000
058344,旺宏群益99購05  ,0,0,0,0,0,0,0,0,0,-7000,0,0,0,5000,12000,-7000,-7000
057933,聯發科群益98購06,0,0,0,0,0,0,0,0,0,-7000,0,0,0,0,7000,-7000,-7000
057949,南電國票99購01  ,0,0,0,0,0,0,0,0,0,-7000,0,0,0,36000,43000,-7000,-7000
058783,臺股指國票99購02,0,0,0,0,0,0,0,0,0,-7000,0,0,0,3000,10000,-7000,-7000
058473,上銀凱基9A購03  ,0,0,0,0,0,0,0,0,0,-7000,0,0,0,0,7000,-7000,-7000
057619,玉晶光凱基98購02,0,0,0,0,0,0,0,0,0,-7000,0,0,0,0,7000,-7000,-7000
057573,京鼎永豐98購02  ,0,0,0,0,0,0,0,0,0,-7000,0,0,0,13000,20000,-7000,-7000
061041,南電永豐9A購03  ,0,0,0,0,0,0,0,0,0,-7000,0,0,0,0,7000,-7000,-7000
063704,麗豐群益9B購01  ,0,0,0,0,0,0,0,0,0,-7000,0,0,0,116000,123000,-7000,-7000
063001,巨大國票9B購01  ,0,0,0,0,0,0,0,0,0,-7000,0,0,0,14000,21000,-7000,-7000
062980,康控元富9B購01  ,0,0,0,0,0,0,0,0,0,-7000,0,0,0,85000,92000,-7000,-7000
062919,聯茂元大9B購01  ,0,0,0,0,0,0,0,0,0,-7000,0,0,0,100000,107000,-7000,-7000
062744,超眾國泰9C購01  ,0,0,0,0,0,0,0,0,0,-7000,0,0,0,16000,23000,-7000,-7000
061826,台郡麥證9B購01  ,0,0,0,17000,24000,-7000,0,0,0,-7000,0,0,0,17000,24000,-7000,-7000
061934,台積電國票9B購06,0,0,0,0,0,0,0,0,0,-7000,0,0,0,30000,37000,-7000,-7000
061965,台積電統一02購02,0,0,0,0,0,0,0,0,0,-7000,0,0,0,0,7000,-7000,-7000
062358,國巨元大9B購12  ,0,0,0,0,0,0,0,0,0,-7000,0,0,0,3000,10000,-7000,-7000
062359,旺宏元大9C購02  ,0,0,0,0,0,0,0,0,0,-7000,0,0,0,0,7000,-7000,-7000
062366,義隆元大9B購04  ,0,0,0,0,0,0,0,0,0,-7000,0,0,0,109000,116000,-7000,-7000
062173,世紀鋼永豐9B購01,0,0,0,0,0,0,0,0,0,-7000,0,0,0,0,7000,-7000,-7000
062313,聯詠凱基9C購01  ,0,0,0,0,0,0,0,0,0,-7000,0,0,0,0,7000,-7000,-7000
061726,台積電麥證9A購05,0,0,0,0,7000,-7000,0,0,0,-7000,0,0,0,0,7000,-7000,-7000
061607,台表科凱基9B購02,0,0,0,0,0,0,0,0,0,-7000,0,0,0,74000,81000,-7000,-7000
061253,臺股指群益9A購04,0,0,0,0,0,0,0,0,0,-7000,0,0,0,70000,77000,-7000,-7000
061119,國巨永豐9A購03  ,0,0,0,0,0,0,0,0,0,-7000,0,0,0,0,7000,-7000,-7000
07491P,臺股指國票9A售09,0,0,0,0,0,0,0,0,0,-8000,0,0,0,0,8000,-8000,-8000
07190P,臺股指富邦9C售02,0,0,0,0,0,0,0,0,0,-8000,0,0,0,0,8000,-8000,-8000
07181P,臺股指凱基99售23,0,0,0,0,0,0,0,0,0,-8000,0,0,0,0,8000,-8000,-8000
06718P,聯詠元大98售01  ,0,0,0,0,0,0,0,0,0,-8000,0,0,0,14000,22000,-8000,-8000
064500,國泰金元大9C購01,0,0,0,0,0,0,0,0,0,-8000,0,0,0,0,8000,-8000,-8000
064126,聯發科元大9C購05,0,0,0,0,0,0,0,0,0,-8000,0,0,0,204000,212000,-8000,-8000
064225,健策國票01購02  ,0,0,0,0,0,0,0,0,0,-8000,0,0,0,0,8000,-8000,-8000
064345,創意元大9C購03  ,0,0,0,0,0,0,0,0,0,-8000,0,0,0,0,8000,-8000,-8000
064311,新光金群益01購02,0,0,0,0,0,0,0,0,0,-8000,0,0,0,0,8000,-8000,-8000
064255,泰碩國泰02購01  ,0,0,0,0,0,0,0,0,0,-8000,0,0,0,20000,28000,-8000,-8000
064041,國巨統一01購07  ,0,0,0,0,0,0,0,0,0,-8000,0,0,0,70000,78000,-8000,-8000
063887,香港2X中信02購01,0,0,0,0,0,0,0,0,0,-8000,0,0,0,0,8000,-8000,-8000
08310P,南電凱基9C售01  ,0,0,0,0,0,0,0,0,0,-8000,0,0,0,0,8000,-8000,-8000
08313P,健策國票01售01  ,0,0,0,0,0,0,0,0,0,-8000,0,0,0,87000,95000,-8000,-8000
08167P,台積電兆豐9B售04,0,0,0,0,0,0,0,0,0,-8000,0,0,0,0,8000,-8000,-8000
08031P,臺股指元大9B售38,0,0,0,0,0,0,0,0,0,-8000,0,0,0,0,8000,-8000,-8000
07665P,台灣50元大9C售31,0,0,0,0,0,0,0,0,0,-8000,0,0,0,0,8000,-8000,-8000
4148,全宇生技-KY     ,27000,35000,-8000,0,0,0,0,0,0,0,1000,1000,0,0,0,0,-8000
3501,維熹            ,11000,19000,-8000,0,0,0,0,0,0,0,0,0,0,0,0,0,-8000
3032,偉訓            ,25000,33000,-8000,0,0,0,0,0,0,0,0,0,0,0,0,0,-8000
2444,兆勁            ,21000,24000,-3000,0,0,0,0,0,0,-5000,0,5000,-5000,0,0,0,-8000
051268,創意富邦97購01  ,0,0,0,0,0,0,0,0,0,-8000,0,0,0,0,8000,-8000,-8000
054299,南電元大96購03  ,0,0,0,0,0,0,0,0,0,-8000,0,0,0,2000,10000,-8000,-8000
054349,同欣電國票97購02,0,0,0,0,0,0,0,0,0,-8000,0,0,0,22000,30000,-8000,-8000
053320,華新科群益97購01,0,0,0,0,0,0,0,0,0,-8000,0,0,0,0,8000,-8000,-8000
055519,茂林中信99購01  ,0,0,0,0,0,0,0,0,0,-8000,0,0,0,12000,20000,-8000,-8000
057019,台積電凱基98購14,0,0,0,0,0,0,0,0,0,-8000,0,0,0,68000,76000,-8000,-8000
056691,元油2X群益9B購01,0,0,0,0,0,0,0,0,0,-8000,0,0,0,0,8000,-8000,-8000
054831,緯穎國泰98購01  ,0,0,0,0,0,0,0,0,0,-8000,0,0,0,0,8000,-8000,-8000
055732,全新元富9A購01  ,0,0,0,0,0,0,0,0,0,-8000,0,0,0,0,8000,-8000,-8000
060907,金像電元大9A購02,0,0,0,0,0,0,0,0,0,-8000,0,0,0,48000,56000,-8000,-8000
060692,鴻海麥證9A購01  ,0,0,0,0,8000,-8000,0,0,0,-8000,0,0,0,0,8000,-8000,-8000
060610,玉晶光凱基9B購02,0,0,0,0,0,0,0,0,0,-8000,0,0,0,5000,13000,-8000,-8000
059162,國巨凱基99購12  ,0,0,0,0,0,0,0,0,0,-8000,0,0,0,6000,14000,-8000,-8000
058036,南電永豐98購01  ,0,0,0,0,0,0,0,0,0,-8000,0,0,0,0,8000,-8000,-8000
057919,技嘉凱基98購03  ,0,0,0,0,0,0,0,0,0,-8000,0,0,0,12000,20000,-8000,-8000
057895,全新元富9B購01  ,0,0,0,0,0,0,0,0,0,-8000,0,0,0,0,8000,-8000,-8000
057872,旺宏元大99購06  ,0,0,0,0,0,0,0,0,0,-8000,0,0,0,6000,14000,-8000,-8000
059036,可成群益9B購03  ,0,0,0,0,0,0,0,0,0,-8000,0,0,0,23000,31000,-8000,-8000
057330,台積電國票99購03,0,0,0,0,0,0,0,0,0,-8000,0,0,0,3000,11000,-8000,-8000
062338,鴻海麥證9B購01  ,0,0,0,0,8000,-8000,0,0,0,-8000,0,0,0,0,8000,-8000,-8000
062367,禾伸堂元大9B購02,0,0,0,0,0,0,0,0,0,-8000,0,0,0,0,8000,-8000,-8000
062405,泰鼎永豐9B購02  ,0,0,0,0,0,0,0,0,0,-8000,0,0,0,12000,20000,-8000,-8000
062476,神隆國票9B購01  ,0,0,0,0,0,0,0,0,0,-8000,0,0,0,30000,38000,-8000,-8000
062471,國泰金凱基9B購02,0,0,0,0,0,0,0,0,0,-8000,0,0,0,24000,32000,-8000,-8000
062160,南六凱基9B購01  ,0,0,0,0,0,0,0,0,0,-8000,0,0,0,0,8000,-8000,-8000
062128,祥碩統一01購01  ,0,0,0,0,0,0,0,0,0,-8000,0,0,0,19000,27000,-8000,-8000
062753,台積電麥證9B購01,0,0,0,0,8000,-8000,0,0,0,-8000,0,0,0,0,8000,-8000,-8000
063696,T50反1群益9B購03,0,0,0,0,0,0,0,0,0,-8000,0,0,0,0,8000,-8000,-8000
063511,南電群益9B購02  ,0,0,0,0,0,0,0,0,0,-8000,0,0,0,25000,33000,-8000,-8000
063389,大立光兆豐9C購02,0,0,0,0,0,0,0,0,0,-8000,0,0,0,0,8000,-8000,-8000
2468,華經            ,12000,32000,-20000,0,0,0,0,0,0,11000,11000,0,11000,0,0,0,-9000
3583,辛耘            ,46000,55000,-9000,0,0,0,0,0,0,0,0,0,0,0,0,0,-9000
08193P,同欣電國票9C售02,0,0,0,0,0,0,0,0,0,-9000,0,0,0,18000,27000,-9000,-9000
08150P,立積國票9C售01  ,0,0,0,0,0,0,0,0,0,-9000,0,0,0,15000,24000,-9000,-9000
08224P,臺股指凱基9B售19,0,0,0,0,0,0,0,0,0,-9000,0,0,0,0,9000,-9000,-9000
063905,健策麥證02購01  ,3000,0,3000,54000,66000,-12000,0,0,0,-12000,0,0,0,54000,66000,-12000,-9000
063784,華通中信06購01  ,0,0,0,0,0,0,0,0,0,-9000,0,0,0,10000,19000,-9000,-9000
064364,高鐵統一9C購02  ,0,0,0,0,0,0,0,0,0,-9000,0,0,0,0,9000,-9000,-9000
064404,奇力新凱基02購01,0,0,0,0,0,0,0,0,0,-9000,0,0,0,0,9000,-9000,-9000
064163,康控統一01購01  ,0,0,0,0,0,0,0,0,0,-9000,0,0,0,3000,12000,-9000,-9000
064123,台積電元大9C購09,0,0,0,0,0,0,0,0,0,-9000,0,0,0,0,9000,-9000,-9000
06453P,群創元大9B售02  ,0,0,0,0,0,0,0,0,0,-9000,0,0,0,1000,10000,-9000,-9000
064487,和大元大9C購01  ,0,0,0,0,0,0,0,0,0,-9000,0,0,0,0,9000,-9000,-9000
07235P,T50正2元大9C售02,0,0,0,0,0,0,0,0,0,-9000,0,0,0,4000,13000,-9000,-9000
056507,創意永豐98購02  ,0,0,0,0,0,0,0,0,0,-9000,0,0,0,106000,115000,-9000,-9000
054932,台肥元大97購01  ,0,0,0,0,0,0,0,0,0,-9000,0,0,0,93000,102000,-9000,-9000
055063,玉晶光永豐99購01,0,0,0,0,0,0,0,0,0,-9000,0,0,0,90000,99000,-9000,-9000
056295,國巨元大97購16  ,0,0,0,0,0,0,0,0,0,-9000,0,0,0,0,9000,-9000,-9000
059904,A50正2元大9C購05,0,0,0,0,0,0,0,0,0,-9000,0,0,0,0,9000,-9000,-9000
054679,台積電康和99購01,0,0,0,0,0,0,0,0,0,-9000,0,0,0,0,9000,-9000,-9000
053997,健策群益97購02  ,0,0,0,0,0,0,0,0,0,-9000,0,0,0,12000,21000,-9000,-9000
053458,聯詠國泰97購01  ,0,0,0,0,0,0,0,0,0,-9000,0,0,0,1000,10000,-9000,-9000
00666R,富邦恒生國企反1 ,0,0,0,0,0,0,0,0,0,-9000,0,0,0,88000,97000,-9000,-9000
057335,技嘉國票99購01  ,0,0,0,0,0,0,0,0,0,-9000,0,0,0,79000,88000,-9000,-9000
05983P,聯詠國票96售02  ,0,0,0,0,0,0,0,0,0,-9000,0,0,0,0,9000,-9000,-9000
057386,聯發科永豐98購04,0,0,0,0,0,0,0,0,0,-9000,0,0,0,25000,34000,-9000,-9000
059030,奇力新兆豐99購03,0,0,0,0,0,0,0,0,0,-9000,0,0,0,0,9000,-9000,-9000
060133,牧德群益9B購01  ,0,0,0,0,0,0,0,0,0,-9000,0,0,0,52000,61000,-9000,-9000
057783,台積電國票9A購01,0,0,0,0,0,0,0,0,0,-9000,0,0,0,14000,23000,-9000,-9000
057785,智邦國票99購02  ,0,0,0,0,0,0,0,0,0,-9000,0,0,0,0,9000,-9000,-9000
057493,聯詠元大98購02  ,0,0,0,0,0,0,0,0,0,-9000,0,0,0,1000,10000,-9000,-9000
057489,奇力新元大99購06,0,0,0,0,0,0,0,0,0,-9000,0,0,0,0,9000,-9000,-9000
060506,京元電元大9A購02,0,0,0,0,0,0,0,0,0,-9000,0,0,0,145000,154000,-9000,-9000
060275,元黃金元大9A購01,0,0,0,0,0,0,0,0,0,-9000,0,0,0,0,9000,-9000,-9000
060434,台汽電永豐9A購01,0,0,0,0,0,0,0,0,0,-9000,0,0,0,46000,55000,-9000,-9000
059177,臺股指凱基99購28,0,0,0,0,0,0,0,0,0,-9000,0,0,0,1000,10000,-9000,-9000
060633,玉晶光富邦02購01,0,0,0,0,0,0,0,0,0,-9000,0,0,0,42000,51000,-9000,-9000
059189,國泰金富邦9B購01,0,0,0,0,0,0,0,0,0,-9000,0,0,0,106000,115000,-9000,-9000
059213,國巨元大99購19  ,0,0,0,0,0,0,0,0,0,-9000,0,0,0,40000,49000,-9000,-9000
060682,牧德元大9A購03  ,0,0,0,0,0,0,0,0,0,-9000,0,0,0,26000,35000,-9000,-9000
063424,新日興凱基01購01,0,0,0,0,0,0,0,0,0,-9000,0,0,0,0,9000,-9000,-9000
063558,聚陽元大9B購02  ,0,0,0,0,0,0,0,0,0,-9000,0,0,0,140000,149000,-9000,-9000
063555,SP黃豆元大9B購01,0,0,0,0,0,0,0,0,0,-9000,0,0,0,0,9000,-9000,-9000
063542,泰鼎元富9B購02  ,0,0,0,0,0,0,0,0,0,-9000,0,0,0,0,9000,-9000,-9000
063626,聚陽元大9B購03  ,0,0,0,0,0,0,0,0,0,-9000,0,0,0,171000,180000,-9000,-9000
062044,健策凱基9B購02  ,0,0,0,0,0,0,0,0,0,-9000,0,0,0,17000,26000,-9000,-9000
061955,FANG+統一9B購01 ,0,0,0,0,0,0,0,0,0,-9000,0,0,0,1000,10000,-9000,-9000
062347,台光電群益9B購02,0,0,0,0,0,0,0,0,0,-9000,0,0,0,0,9000,-9000,-9000
062181,義隆元大9B購03  ,0,0,0,0,0,0,0,0,0,-9000,0,0,0,162000,171000,-9000,-9000
061124,微星永豐9A購02  ,0,0,0,0,0,0,0,0,0,-9000,0,0,0,88000,97000,-9000,-9000
061191,可成永豐9A購02  ,0,0,0,0,0,0,0,0,0,-9000,0,0,0,1000,10000,-9000,-9000
061486,國巨兆豐9B購02  ,0,0,0,0,0,0,0,0,0,-9000,0,0,0,107000,116000,-9000,-9000
6189,豐藝            ,27000,38000,-11000,0,0,0,0,0,0,2000,2000,0,2000,0,0,0,-9000
6573,虹揚-KY         ,0,9000,-9000,0,0,0,0,0,0,0,0,0,0,0,0,0,-9000
07166P,台灣50兆豐03售01,0,0,0,0,0,0,0,0,0,-10000,0,0,0,0,10000,-10000,-10000
07015P,國巨元大99售13  ,0,0,0,0,0,0,0,0,0,-10000,0,0,0,0,10000,-10000,-10000
06995P,臺股指凱基99售16,0,0,0,0,0,0,0,0,0,-10000,0,0,0,0,10000,-10000,-10000
07083P,台積電統一9A售06,0,0,0,0,0,0,0,0,0,-10000,0,0,0,0,10000,-10000,-10000
07043P,國巨元大99售14  ,0,0,0,0,0,0,0,0,0,-10000,0,0,0,0,10000,-10000,-10000
07045P,上銀國票9A售01  ,0,0,0,0,0,0,0,0,0,-10000,0,0,0,0,10000,-10000,-10000
07529P,國巨凱基9A售11  ,0,0,0,0,0,0,0,0,0,-10000,0,0,0,0,10000,-10000,-10000
07522P,台積電中信9A售03,0,0,0,0,0,0,0,0,0,-10000,0,0,0,0,10000,-10000,-10000
07558P,玉晶光元大9A售10,0,0,0,0,0,0,0,0,0,-10000,0,0,0,5000,15000,-10000,-10000
07614P,華新科群益9A售04,0,0,0,0,0,0,0,0,0,-10000,0,0,0,0,10000,-10000,-10000
064464,台郡統一01購01  ,0,0,0,0,0,0,0,0,0,-10000,0,0,0,0,10000,-10000,-10000
064421,技嘉兆豐01購01  ,0,0,0,0,0,0,0,0,0,-10000,0,0,0,0,10000,-10000,-10000
06466P,台積電統一9B售01,0,0,0,0,0,0,0,0,0,-10000,0,0,0,0,10000,-10000,-10000
06597P,國巨富邦9A售05  ,0,0,0,0,0,0,0,0,0,-10000,0,0,0,30000,40000,-10000,-10000
06553P,訊芯元大98售05  ,0,0,0,0,0,0,0,0,0,-10000,0,0,0,2000,12000,-10000,-10000
06502P,A50中信98售01   ,0,0,0,0,0,0,0,0,0,-10000,0,0,0,0,10000,-10000,-10000
06707P,臺股指台新99售04,0,0,0,0,0,0,0,0,0,-10000,0,0,0,0,10000,-10000,-10000
06699P,台積電統一98售11,0,0,0,0,0,0,0,0,0,-10000,0,0,0,30000,40000,-10000,-10000
06887P,華新科元大98售04,0,0,0,0,0,0,0,0,0,-10000,0,0,0,0,10000,-10000,-10000
06895P,台灣50統一9A售01,0,0,0,0,0,0,0,0,0,-10000,0,0,0,0,10000,-10000,-10000
06841P,臺股指統一9A售02,0,0,0,0,0,0,0,0,0,-10000,0,0,0,0,10000,-10000,-10000
06847P,奇力新元大98售05,0,0,0,0,0,0,0,0,0,-10000,0,0,0,10000,20000,-10000,-10000
064234,正崴統一01購01  ,0,0,0,0,0,0,0,0,0,-10000,0,0,0,0,10000,-10000,-10000
064305,健鼎兆豐9C購02  ,0,0,0,0,0,0,0,0,0,-10000,0,0,0,0,10000,-10000,-10000
064291,南六元大9C購04  ,0,0,0,0,0,0,0,0,0,-10000,0,0,0,0,10000,-10000,-10000
063777,儒鴻永豐9B購02  ,0,0,0,0,0,0,0,0,0,-10000,0,0,0,0,10000,-10000,-10000
063801,GIS凱基01購01   ,0,0,0,0,0,0,0,0,0,-10000,0,0,0,0,10000,-10000,-10000
063835,滬深2X元大01購04,0,0,0,0,0,0,0,0,0,-10000,0,0,0,0,10000,-10000,-10000
063873,南六永豐9C購01  ,0,0,0,0,0,0,0,0,0,-10000,0,0,0,10000,20000,-10000,-10000
064001,華通凱基02購01  ,0,0,0,0,0,0,0,0,0,-10000,0,0,0,0,10000,-10000,-10000
064074,南茂永豐9C購01  ,0,0,0,0,0,0,0,0,0,-10000,0,0,0,0,10000,-10000,-10000
06395P,台積電元大97售29,0,0,0,0,0,0,0,0,0,-10000,0,0,0,0,10000,-10000,-10000
08238P,嘉晶永豐9B售03  ,0,0,0,0,0,0,0,0,0,-10000,0,0,0,0,10000,-10000,-10000
08245P,台灣50群益9C售05,0,0,0,0,0,0,0,0,0,-10000,0,0,0,0,10000,-10000,-10000
08222P,南六凱基9B售05  ,0,0,0,0,0,0,0,0,0,-10000,0,0,0,20000,30000,-10000,-10000
08298P,大立光國票9C售01,0,0,0,0,0,0,0,0,0,-10000,0,0,0,0,10000,-10000,-10000
08301P,台積電兆豐9C售02,0,0,0,0,0,0,0,0,0,-10000,0,0,0,0,10000,-10000,-10000
07643P,禾伸堂凱基9A售02,0,0,0,0,0,0,0,0,0,-10000,0,0,0,0,10000,-10000,-10000
07633P,台灣50元大9A售18,0,0,0,0,0,0,0,0,0,-10000,0,0,0,0,10000,-10000,-10000
07717P,臺股指群益9A售06,0,0,0,0,0,0,0,0,0,-10000,0,0,0,10000,20000,-10000,-10000
07729P,臺股指凱基9A售21,0,0,0,0,0,0,0,0,0,-10000,0,0,0,100000,110000,-10000,-10000
07752P,台灣50元大9C售33,0,0,0,0,0,0,0,0,0,-10000,0,0,0,0,10000,-10000,-10000
07850P,健策群益9A售06  ,0,0,0,0,0,0,0,0,0,-10000,0,0,0,0,10000,-10000,-10000
07835P,台表科群益9A售02,0,0,0,0,0,0,0,0,0,-10000,0,0,0,0,10000,-10000,-10000
08044P,臺股指富邦9B售03,0,0,0,0,0,0,0,0,0,-10000,0,0,0,0,10000,-10000,-10000
08012P,台灣50凱基01售13,0,0,0,0,0,0,0,0,0,-10000,0,0,0,0,10000,-10000,-10000
08002P,大毅國票9B售03  ,0,0,0,0,0,0,0,0,0,-10000,0,0,0,4000,14000,-10000,-10000
08098P,大立光凱基9B售09,0,0,0,0,0,0,0,0,0,-10000,0,0,0,0,10000,-10000,-10000
07891P,臺股指國票9B售01,0,0,0,0,0,0,0,0,0,-10000,0,0,0,0,10000,-10000,-10000
07922P,大立光群益9B售05,0,0,0,0,0,0,0,0,0,-10000,0,0,0,20000,30000,-10000,-10000
07938P,國巨統一9B售10  ,0,0,0,0,0,0,0,0,0,-10000,0,0,0,10000,20000,-10000,-10000
07977P,華新科群益01售01,0,0,0,0,0,0,0,0,0,-10000,0,0,0,0,10000,-10000,-10000
3149,正達            ,11000,21000,-10000,0,0,0,0,0,0,0,0,0,0,0,0,0,-10000
00656R,國泰中國A50反1  ,0,0,0,0,0,0,0,0,0,-10000,0,0,0,547000,557000,-10000,-10000
051369,新光金富邦9A購01,0,0,0,0,0,0,0,0,0,-10000,0,0,0,0,10000,-10000,-10000
051946,健策統一98購01  ,0,0,0,0,0,0,0,0,0,-10000,0,0,0,0,10000,-10000,-10000
03686P,大立光統一98售02,0,0,0,0,0,0,0,0,0,-10000,0,0,0,0,10000,-10000,-10000
03810P,大立光富邦98售01,0,0,0,0,0,0,0,0,0,-10000,0,0,0,0,10000,-10000,-10000
046881,智原富邦99購01  ,0,0,0,0,0,0,0,0,0,-10000,0,0,0,0,10000,-10000,-10000
045836,群創群益98購01  ,0,0,0,0,0,0,0,0,0,-10000,0,0,0,0,10000,-10000,-10000
054406,旺宏國票98購01  ,0,0,0,0,0,0,0,0,0,-10000,0,0,0,0,10000,-10000,-10000
052969,建準群益97購01  ,0,0,0,0,0,0,0,0,0,-10000,0,0,0,0,10000,-10000,-10000
053013,台積電統一97購01,0,0,0,0,0,0,0,0,0,-10000,0,0,0,33000,43000,-10000,-10000
052993,欣興台新97購01  ,0,0,0,0,0,0,0,0,0,-10000,0,0,0,0,10000,-10000,-10000
03425B,臺股指元大9A熊01,0,0,0,0,0,0,0,0,0,-10000,0,0,0,0,10000,-10000,-10000
054156,聯電亞東98購01  ,0,0,0,0,0,0,0,0,0,-10000,0,0,0,0,10000,-10000,-10000
047505,元金2X國票9B購01,0,0,0,0,0,0,0,0,0,-10000,0,0,0,0,10000,-10000,-10000
053411,深中小國票9B購01,0,0,0,0,0,0,0,0,0,-10000,0,0,0,0,10000,-10000,-10000
052785,滬深2X中信99購03,0,0,0,0,0,0,0,0,0,-10000,0,0,0,0,10000,-10000,-10000
053255,貿聯國泰97購01  ,0,0,0,0,0,0,0,0,0,-10000,0,0,0,0,10000,-10000,-10000
052581,訊芯元富98購01  ,0,0,0,0,0,0,0,0,0,-10000,0,0,0,0,10000,-10000,-10000
053350,台表科國票97購02,0,0,0,0,0,0,0,0,0,-10000,0,0,0,0,10000,-10000,-10000
053789,彩晶元大9C購02  ,0,0,0,0,0,0,0,0,0,-10000,0,0,0,0,10000,-10000,-10000
053971,聯發科元大97購09,0,0,0,0,0,0,0,0,0,-10000,0,0,0,0,10000,-10000,-10000
054712,上証2X中信98購02,0,0,0,0,0,0,0,0,0,-10000,0,0,0,0,10000,-10000,-10000
055448,健策統一97購02  ,0,0,0,0,0,0,0,0,0,-10000,0,0,0,0,10000,-10000,-10000
054738,聯發科凱基97購01,0,0,0,0,0,0,0,0,0,-10000,0,0,0,10000,20000,-10000,-10000
055481,聚陽元大97購01  ,0,0,0,0,0,0,0,0,0,-10000,0,0,0,0,10000,-10000,-10000
056915,上銀兆豐99購01  ,0,0,0,0,0,0,0,0,0,-10000,0,0,0,0,10000,-10000,-10000
056426,上証2X凱基9A購01,0,0,0,0,0,0,0,0,0,-10000,0,0,0,0,10000,-10000,-10000
059872,華新科凱基01購01,0,0,0,0,0,0,0,0,0,-10000,0,0,0,50000,60000,-10000,-10000
059874,大立光凱基99購15,0,0,0,0,0,0,0,0,0,-10000,0,0,0,0,10000,-10000,-10000
059875,信邦凱基99購02  ,0,0,0,0,0,0,0,0,0,-10000,0,0,0,10000,20000,-10000,-10000
059334,A50正2國票9A購02,0,0,0,0,0,0,0,0,0,-10000,0,0,0,0,10000,-10000,-10000
059324,智易元大99購04  ,0,0,0,0,0,0,0,0,0,-10000,0,0,0,0,10000,-10000,-10000
059346,新日興凱基99購03,0,0,0,0,0,0,0,0,0,-10000,0,0,0,0,10000,-10000,-10000
059425,SGBR2X元大9A購02,0,0,0,0,0,0,0,0,0,-10000,0,0,0,360000,370000,-10000,-10000
059570,全新凱基99購04  ,0,0,0,0,0,0,0,0,0,-10000,0,0,0,0,10000,-10000,-10000
059640,聯詠凱基99購04  ,0,0,0,0,0,0,0,0,0,-10000,0,0,0,0,10000,-10000,-10000
059622,上銀凱基99購10  ,0,0,0,0,0,0,0,0,0,-10000,0,0,0,0,10000,-10000,-10000
059474,元石油群益99購01,0,0,0,0,0,0,0,0,0,-10000,0,0,0,0,10000,-10000,-10000
059699,華通凱基99購04  ,0,0,0,0,0,0,0,0,0,-10000,0,0,0,0,10000,-10000,-10000
059671,滬深2X元富99購05,0,0,0,0,0,0,0,0,0,-10000,0,0,0,100000,110000,-10000,-10000
059649,矽力凱基99購02  ,0,0,0,0,0,0,0,0,0,-10000,0,0,0,10000,20000,-10000,-10000
056264,聯發科統一98購02,0,0,0,0,0,0,0,0,0,-10000,0,0,0,0,10000,-10000,-10000
05625P,國巨國票97售01  ,0,0,0,0,0,0,0,0,0,-10000,0,0,0,0,10000,-10000,-10000
056414,國巨中信98購02  ,0,0,0,0,0,0,0,0,0,-10000,0,0,0,0,10000,-10000,-10000
056231,嘉聯益凱基97購02,0,0,0,0,0,0,0,0,0,-10000,0,0,0,0,10000,-10000,-10000
056137,聯鈞元大9A購01  ,0,0,0,0,0,0,0,0,0,-10000,0,0,0,0,10000,-10000,-10000
056132,台光電元大97購03,0,0,0,0,0,0,0,0,0,-10000,0,0,0,22000,32000,-10000,-10000
055996,矽力國泰99購01  ,0,0,0,0,0,0,0,0,0,-10000,0,0,0,10000,20000,-10000,-10000
056051,T50反1元大97購05,0,0,0,0,0,0,0,0,0,-10000,0,0,0,0,10000,-10000,-10000
056093,大毅元富97購01  ,0,0,0,0,0,0,0,0,0,-10000,0,0,0,0,10000,-10000,-10000
055119,力成凱基98購01  ,0,0,0,0,0,0,0,0,0,-10000,0,0,0,10000,20000,-10000,-10000
054976,上証2X元富9A購01,0,0,0,0,0,0,0,0,0,-10000,0,0,0,0,10000,-10000,-10000
055280,智邦元大97購01  ,0,0,0,0,0,0,0,0,0,-10000,0,0,0,0,10000,-10000,-10000
055281,台光電元大98購03,0,0,0,0,0,0,0,0,0,-10000,0,0,0,0,10000,-10000,-10000
055316,上銀國票98購01  ,0,0,0,0,0,0,0,0,0,-10000,0,0,0,0,10000,-10000,-10000
055334,禾伸堂兆豐97購01,0,0,0,0,0,0,0,0,0,-10000,0,0,0,0,10000,-10000,-10000
055234,昇陽半國票98購02,0,0,0,0,0,0,0,0,0,-10000,0,0,0,0,10000,-10000,-10000
055168,光罩統一98購01  ,0,0,0,0,0,0,0,0,0,-10000,0,0,0,0,10000,-10000,-10000
056689,玉晶光統一9A購03,0,0,0,0,0,0,0,0,0,-10000,0,0,0,4000,14000,-10000,-10000
056745,聯茂凱基99購03  ,0,0,0,0,0,0,0,0,0,-10000,0,0,0,0,10000,-10000,-10000
055381,茂林元大97購02  ,0,0,0,0,0,0,0,0,0,-10000,0,0,0,0,10000,-10000,-10000
055852,聯鈞元大98購01  ,0,0,0,0,0,0,0,0,0,-10000,0,0,0,0,10000,-10000,-10000
054928,帆宣凱基98購01  ,0,0,0,0,0,0,0,0,0,-10000,0,0,0,20000,30000,-10000,-10000
054876,群電群益97購02  ,0,0,0,0,0,0,0,0,0,-10000,0,0,0,10000,20000,-10000,-10000
054835,致新中信97購01  ,0,0,0,0,0,0,0,0,0,-10000,0,0,0,10000,20000,-10000,-10000
054828,正崴國泰99購01  ,0,0,0,0,0,0,0,0,0,-10000,0,0,0,0,10000,-10000,-10000
054843,中環兆豐97購01  ,0,0,0,0,0,0,0,0,0,-10000,0,0,0,111000,121000,-10000,-10000
056649,智易凱基98購01  ,0,0,0,0,0,0,0,0,0,-10000,0,0,0,49000,59000,-10000,-10000
055594,華新科元大98購02,0,0,0,0,0,0,0,0,0,-10000,0,0,0,0,10000,-10000,-10000
055625,亞光富邦98購01  ,0,0,0,0,0,0,0,0,0,-10000,0,0,0,0,10000,-10000,-10000
055727,矽力元大97購02  ,0,0,0,0,0,0,0,0,0,-10000,0,0,0,0,10000,-10000,-10000
055702,美律富邦98購01  ,0,0,0,0,0,0,0,0,0,-10000,0,0,0,0,10000,-10000,-10000
055720,宏達電元大97購05,0,0,0,0,0,0,0,0,0,-10000,0,0,0,0,10000,-10000,-10000
060745,京元電國票9A購01,0,0,0,0,0,0,0,0,0,-10000,0,0,0,0,10000,-10000,-10000
060737,瑞儀統一9C購01  ,0,0,0,0,0,0,0,0,0,-10000,0,0,0,0,10000,-10000,-10000
060857,旭富富邦9B購01  ,0,0,0,0,0,0,0,0,0,-10000,0,0,0,1000,11000,-10000,-10000
060830,T50反1國票9A購07,0,0,0,0,0,0,0,0,0,-10000,0,0,0,0,10000,-10000,-10000
06079P,燿華群益98售02  ,0,0,0,0,0,0,0,0,0,-10000,0,0,0,0,10000,-10000,-10000
060787,奇力新富邦9A購01,0,0,0,0,0,0,0,0,0,-10000,0,0,0,0,10000,-10000,-10000
060910,聯發科元大9A購05,0,0,0,0,0,0,0,0,0,-10000,0,0,0,0,10000,-10000,-10000
060914,健策元大9A購03  ,0,0,0,0,0,0,0,0,0,-10000,0,0,0,1000,11000,-10000,-10000
061021,聯電國泰9B購01  ,0,0,0,0,0,0,0,0,0,-10000,0,0,0,10000,20000,-10000,-10000
060980,台積電元大9A購21,0,0,0,0,0,0,0,0,0,-10000,0,0,0,1000,11000,-10000,-10000
059240,台積電凱基9A購09,0,0,0,0,0,0,0,0,0,-10000,0,0,0,5000,15000,-10000,-10000
057557,聯茂凱基99購04  ,0,0,0,0,0,0,0,0,0,-10000,0,0,0,0,10000,-10000,-10000
057623,友訊國泰99購01  ,0,0,0,0,0,0,0,0,0,-10000,0,0,0,0,10000,-10000,-10000
057602,聯茂群益98購02  ,0,0,0,0,0,0,0,0,0,-10000,0,0,0,0,10000,-10000,-10000
058510,全新元大9B購02  ,0,0,0,0,0,0,0,0,0,-10000,0,0,0,0,10000,-10000,-10000
057681,T50反1日盛9C購01,0,0,0,0,0,0,0,0,0,-10000,0,0,0,0,10000,-10000,-10000
058675,康控群益9B購01  ,0,0,0,0,0,0,0,0,0,-10000,0,0,0,0,10000,-10000,-10000
058711,鴻海統一9A購02  ,0,0,0,0,0,0,0,0,0,-10000,0,0,0,0,10000,-10000,-10000
057930,旺宏群益99購04  ,0,0,0,0,0,0,0,0,0,-10000,0,0,0,0,10000,-10000,-10000
057923,晶豪科凱基98購02,0,0,0,0,0,0,0,0,0,-10000,0,0,0,78000,88000,-10000,-10000
057935,晶技群益98購02  ,0,0,0,0,0,0,0,0,0,-10000,0,0,0,2000,12000,-10000,-10000
058035,旭富永豐98購02  ,0,0,0,0,0,0,0,0,0,-10000,0,0,0,20000,30000,-10000,-10000
057975,台積電永豐98購05,0,0,0,0,0,0,0,0,0,-10000,0,0,0,3000,13000,-10000,-10000
058409,鴻海兆豐99購05  ,0,0,0,0,0,0,0,0,0,-10000,0,0,0,0,10000,-10000,-10000
059142,道瓊指國票9B購02,0,0,0,0,0,0,0,0,0,-10000,0,0,0,2000,12000,-10000,-10000
059129,麗豐中信99購01  ,0,0,0,0,0,0,0,0,0,-10000,0,0,0,10000,20000,-10000,-10000
058389,聯茂國票9A購01  ,0,0,0,0,0,0,0,0,0,-10000,0,0,0,0,10000,-10000,-10000
060425,凌華永豐9A購01  ,0,0,0,0,0,0,0,0,0,-10000,0,0,0,0,10000,-10000,-10000
060279,SP黃豆元大9A購01,0,0,0,0,0,0,0,0,0,-10000,0,0,0,0,10000,-10000,-10000
059974,臺指反元大9C購05,0,0,0,0,0,0,0,0,0,-10000,0,0,0,0,10000,-10000,-10000
060528,友達中信9C購01  ,0,0,0,0,0,0,0,0,0,-10000,0,0,0,10000,20000,-10000,-10000
057035,元油2X元大9B購03,0,0,0,0,0,0,0,0,0,-10000,0,0,0,0,10000,-10000,-10000
057046,奇力新元大99購03,0,0,0,0,0,0,0,0,0,-10000,0,0,0,0,10000,-10000,-10000
057109,信邦群益98購01  ,0,0,0,0,0,0,0,0,0,-10000,0,0,0,90000,100000,-10000,-10000
057232,京元電凱基98購02,0,0,0,0,0,0,0,0,0,-10000,0,0,0,20000,30000,-10000,-10000
057167,台積電元大99購03,0,0,0,0,0,0,0,0,0,-10000,0,0,0,0,10000,-10000,-10000
057216,聯發科群益99購01,0,0,0,0,0,0,0,0,0,-10000,0,0,0,0,10000,-10000,-10000
057221,華通國票98購03  ,0,0,0,0,0,0,0,0,0,-10000,0,0,0,0,10000,-10000,-10000
057775,南亞科群益98購02,0,0,0,0,0,0,0,0,0,-10000,0,0,0,0,10000,-10000,-10000
057776,京元電群益98購02,0,0,0,0,0,0,0,0,0,-10000,0,0,0,9000,19000,-10000,-10000
058320,華新科永豐99購02,0,0,0,0,0,0,0,0,0,-10000,0,0,0,50000,60000,-10000,-10000
058282,聯茂中信99購01  ,0,0,0,0,0,0,0,0,0,-10000,0,0,0,0,10000,-10000,-10000
060170,世紀鋼永豐9A購01,0,0,0,0,0,0,0,0,0,-10000,0,0,0,0,10000,-10000,-10000
059032,元石油群益9C購03,0,0,0,0,0,0,0,0,0,-10000,0,0,0,0,10000,-10000,-10000
059020,元油2X統一9B購02,0,0,0,0,0,0,0,0,0,-10000,0,0,0,0,10000,-10000,-10000
058225,旺宏元富99購01  ,0,0,0,0,0,0,0,0,0,-10000,0,0,0,0,10000,-10000,-10000
057476,國巨元大98購19  ,0,0,0,0,0,0,0,0,0,-10000,0,0,0,5000,15000,-10000,-10000
057401,晶豪科群益99購01,0,0,0,0,0,0,0,0,0,-10000,0,0,0,0,10000,-10000,-10000
060310,瑞昱永豐9A購01  ,0,0,0,0,0,0,0,0,0,-10000,0,0,0,0,10000,-10000,-10000
058946,SGBR2X群益9B購01,0,0,0,0,0,0,0,0,0,-10000,0,0,0,0,10000,-10000,-10000
058950,國巨群益99購06  ,0,0,0,0,0,0,0,0,0,-10000,0,0,0,16000,26000,-10000,-10000
059820,南亞科凱基99購07,0,0,0,0,0,0,0,0,0,-10000,0,0,0,0,10000,-10000,-10000
059811,高股息凱基99購02,0,0,0,0,0,0,0,0,0,-10000,0,0,0,0,10000,-10000,-10000
059817,華通凱基99購05  ,0,0,0,0,0,0,0,0,0,-10000,0,0,0,0,10000,-10000,-10000
057346,鴻海統一98購13  ,0,0,0,0,0,0,0,0,0,-10000,0,0,0,0,10000,-10000,-10000
058129,國巨元大99購10  ,0,0,0,0,0,0,0,0,0,-10000,0,0,0,0,10000,-10000,-10000
061730,旺宏統一01購02  ,0,0,0,0,0,0,0,0,0,-10000,0,0,0,0,10000,-10000,-10000
061741,新光金凱基9B購01,0,0,0,0,0,0,0,0,0,-10000,0,0,0,0,10000,-10000,-10000
061654,旺宏國票9A購02  ,0,0,0,0,0,0,0,0,0,-10000,0,0,0,0,10000,-10000,-10000
061665,旺宏中信9C購01  ,0,0,0,0,0,0,0,0,0,-10000,0,0,0,0,10000,-10000,-10000
06166P,大立光國票98售01,0,0,0,0,0,0,0,0,0,-10000,0,0,0,0,10000,-10000,-10000
061189,可成富邦9B購02  ,0,0,0,0,0,0,0,0,0,-10000,0,0,0,0,10000,-10000,-10000
061201,FBVIX元大01購03 ,0,0,0,0,0,0,0,0,0,-10000,0,0,0,0,10000,-10000,-10000
061230,臺指反元大01購04,0,0,0,0,0,0,0,0,0,-10000,0,0,0,0,10000,-10000,-10000
061133,玉晶光第一9A購01,0,0,0,0,0,0,0,0,0,-10000,0,0,0,3000,13000,-10000,-10000
061057,華新科國票9A購04,0,0,0,0,0,0,0,0,0,-10000,0,0,0,0,10000,-10000,-10000
061091,奇力新統一9C購02,0,0,0,0,0,0,0,0,0,-10000,0,0,0,0,10000,-10000,-10000
061288,大立光統一9C購01,0,0,0,0,0,0,0,0,0,-10000,0,0,0,0,10000,-10000,-10000
061345,玉晶光元大9A購14,0,0,0,0,0,0,0,0,0,-10000,0,0,0,1000,11000,-10000,-10000
061394,FBVIX統一9B購01 ,0,0,0,0,0,0,0,0,0,-10000,0,0,0,0,10000,-10000,-10000
061377,聯發科永豐9A購04,0,0,0,0,0,0,0,0,0,-10000,0,0,0,0,10000,-10000,-10000
062192,南六元大9B購01  ,0,0,0,0,0,0,0,0,0,-10000,0,0,0,0,10000,-10000,-10000
062316,康控凱基9B購03  ,0,0,0,0,0,0,0,0,0,-10000,0,0,0,20000,30000,-10000,-10000
062295,康友永豐9B購01  ,0,0,0,0,0,0,0,0,0,-10000,0,0,0,15000,25000,-10000,-10000
062303,台表科中信01購01,0,0,0,0,0,0,0,0,0,-10000,0,0,0,10000,20000,-10000,-10000
062411,玉晶光第一9B購01,0,0,0,0,0,0,0,0,0,-10000,0,0,0,26000,36000,-10000,-10000
062426,大立光統一02購02,0,0,0,0,0,0,0,0,0,-10000,0,0,0,0,10000,-10000,-10000
061938,大立光國票9B購03,0,0,0,0,0,0,0,0,0,-10000,0,0,0,0,10000,-10000,-10000
061941,道瓊指群益9B購01,0,0,0,0,0,0,0,0,0,-10000,0,0,0,0,10000,-10000,-10000
061918,上銀凱基9B購02  ,0,0,0,0,0,0,0,0,0,-10000,0,0,0,0,10000,-10000,-10000
062105,國巨國票9C購03  ,0,0,0,0,0,0,0,0,0,-10000,0,0,0,5000,15000,-10000,-10000
063602,金像電凱基9B購04,0,0,0,0,0,0,0,0,0,-10000,0,0,0,40000,50000,-10000,-10000
063529,聯茂凱基9B購02  ,0,0,0,0,0,0,0,0,0,-10000,0,0,0,20000,30000,-10000,-10000
063495,台光電富邦9C購01,0,0,0,0,0,0,0,0,0,-10000,0,0,0,0,10000,-10000,-10000
063647,超眾元大9B購02  ,0,0,0,0,0,0,0,0,0,-10000,0,0,0,61000,71000,-10000,-10000
063711,高鐵凱基9B購01  ,0,0,0,0,0,0,0,0,0,-10000,0,0,0,20000,30000,-10000,-10000
063716,旺宏兆豐9B購01  ,0,0,0,0,0,0,0,0,0,-10000,0,0,0,0,10000,-10000,-10000
063760,聯詠統一9C購02  ,0,0,0,0,0,0,0,0,0,-10000,0,0,0,0,10000,-10000,-10000
063421,可成凱基9C購02  ,0,0,0,0,0,0,0,0,0,-10000,0,0,0,7000,17000,-10000,-10000
063461,金像電元大9B購03,0,0,0,0,0,0,0,0,0,-10000,0,0,0,40000,50000,-10000,-10000
063234,國巨元大9C購03  ,0,0,0,0,0,0,0,0,0,-10000,0,0,0,0,10000,-10000,-10000
062781,微星元大9C購01  ,0,0,0,0,0,0,0,0,0,-10000,0,0,0,0,10000,-10000,-10000
062562,瑞儀凱基9B購02  ,0,0,0,0,0,0,0,0,0,-10000,0,0,0,0,10000,-10000,-10000
062580,華通統一9C購03  ,0,0,0,0,0,0,0,0,0,-10000,0,0,0,0,10000,-10000,-10000
062548,智易永豐9B購01  ,0,0,0,0,0,0,0,0,0,-10000,0,0,0,0,10000,-10000,-10000
062652,上証2X永豐9B購01,0,0,0,0,0,0,0,0,0,-10000,0,0,0,0,10000,-10000,-10000
062637,智易國票9B購01  ,0,0,0,0,0,0,0,0,0,-10000,0,0,0,0,10000,-10000,-10000
062900,台積電元大9B購04,0,0,0,0,0,0,0,0,0,-10000,0,0,0,3000,13000,-10000,-10000
062901,台積電元大9B購05,0,0,0,0,0,0,0,0,0,-10000,0,0,0,0,10000,-10000,-10000
062857,SP黃豆國票9C購01,0,0,0,0,0,0,0,0,0,-10000,0,0,0,0,10000,-10000,-10000
06286P,世芯國票97售02  ,0,0,0,0,0,0,0,0,0,-10000,0,0,0,0,10000,-10000,-10000
062988,儒鴻群益9B購01  ,0,0,0,0,0,0,0,0,0,-10000,0,0,0,0,10000,-10000,-10000
063135,國巨統一9B購16  ,0,0,0,0,0,0,0,0,0,-10000,0,0,0,25000,35000,-10000,-10000
063048,聯詠兆豐9B購01  ,0,0,0,0,0,0,0,0,0,-10000,0,0,0,0,10000,-10000,-10000
063110,牧德兆豐9B購01  ,0,0,0,0,0,0,0,0,0,-10000,0,0,0,10000,20000,-10000,-10000
1537,廣隆            ,13000,10000,3000,0,0,0,0,13000,-13000,-1000,1000,2000,-1000,0,0,0,-11000
07875P,祥碩群益9B售01  ,0,0,0,0,0,0,0,0,0,-11000,0,0,0,0,11000,-11000,-11000
063988,華通永豐9C購01  ,0,0,0,0,0,0,0,0,0,-11000,0,0,0,0,11000,-11000,-11000
063872,嘉聯益永豐9C購01,0,0,0,0,0,0,0,0,0,-11000,0,0,0,108000,119000,-11000,-11000
064391,亞德客永豐9C購01,0,0,0,0,0,0,0,0,0,-11000,0,0,0,0,11000,-11000,-11000
06867P,訊芯元大98售08  ,0,0,0,0,0,0,0,0,0,-11000,0,0,0,0,11000,-11000,-11000
06659P,T50正2富邦9A售01,0,0,0,0,0,0,0,0,0,-11000,0,0,0,0,11000,-11000,-11000
06481P,台積電凱基98售12,0,0,0,0,0,0,0,0,0,-11000,0,0,0,2000,13000,-11000,-11000
064488,台達電元大9C購01,0,0,0,0,0,0,0,0,0,-11000,0,0,0,0,11000,-11000,-11000
06936P,瑞儀元大98售01  ,0,0,0,0,0,0,0,0,0,-11000,0,0,0,0,11000,-11000,-11000
07146P,瑞昱元大99售02  ,0,0,0,0,0,0,0,0,0,-11000,0,0,0,0,11000,-11000,-11000
055887,上銀統一97購03  ,0,0,0,0,0,0,0,0,0,-11000,0,0,0,0,11000,-11000,-11000
055021,亞德客國泰98購01,0,0,0,0,0,0,0,0,0,-11000,0,0,0,0,11000,-11000,-11000
055064,碩天永豐97購01  ,0,0,0,0,0,0,0,0,0,-11000,0,0,0,0,11000,-11000,-11000
055989,矽力元富9A購01  ,0,0,0,0,0,0,0,0,0,-11000,0,0,0,35000,46000,-11000,-11000
056232,瑞儀凱基98購01  ,0,0,0,0,0,0,0,0,0,-11000,0,0,0,10000,21000,-11000,-11000
053813,友達群益9A購03  ,0,0,0,0,0,0,0,0,0,-11000,0,0,0,0,11000,-11000,-11000
053111,緯創兆豐97購01  ,0,0,0,0,0,0,0,0,0,-11000,0,0,0,45000,56000,-11000,-11000
054213,欣興國票97購04  ,0,0,0,0,0,0,0,0,0,-11000,0,0,0,0,11000,-11000,-11000
054231,國巨群益98購03  ,0,0,0,0,0,0,0,0,0,-11000,0,0,0,27000,38000,-11000,-11000
059782,A50正2元大9C購04,0,0,0,0,0,0,0,0,0,-11000,0,0,0,23000,34000,-11000,-11000
057816,欣興元大98購13  ,0,0,0,0,0,0,0,0,0,-11000,0,0,0,83000,94000,-11000,-11000
057281,大立光元大98購16,0,0,0,0,0,0,0,0,0,-11000,0,0,0,20000,31000,-11000,-11000
060487,盛群富邦9B購01  ,0,0,0,0,0,0,0,0,0,-11000,0,0,0,0,11000,-11000,-11000
059081,和大元大99購01  ,0,0,0,0,0,0,0,0,0,-11000,0,0,0,0,11000,-11000,-11000
063056,嘉澤統一9C購02  ,0,0,0,0,0,0,0,0,0,-11000,0,0,0,0,11000,-11000,-11000
063140,聯發科統一9B購08,0,0,0,0,0,0,0,0,0,-11000,0,0,0,27000,38000,-11000,-11000
062670,瑞昱中信03購01  ,0,0,0,0,0,0,0,0,0,-11000,0,0,0,20000,31000,-11000,-11000
062697,國巨元大9C購01  ,0,0,0,0,0,0,0,0,0,-11000,0,0,0,70000,81000,-11000,-11000
063420,奇力新凱基9B購03,0,0,0,0,0,0,0,0,0,-11000,0,0,0,0,11000,-11000,-11000
062300,T50反1中信03購02,0,0,0,0,0,0,0,0,0,-11000,0,0,0,0,11000,-11000,-11000
061376,瑞昱永豐9A購02  ,0,0,0,0,0,0,0,0,0,-11000,0,0,0,0,11000,-11000,-11000
061330,T50反1元大9A購14,0,0,0,0,0,0,0,0,0,-11000,0,0,0,0,11000,-11000,-11000
061337,台積電元大9A購27,0,0,0,0,0,0,0,0,0,-11000,0,0,0,0,11000,-11000,-11000
061318,智邦凱基9B購01  ,0,0,0,0,0,0,0,0,0,-11000,0,0,0,89000,100000,-11000,-11000
061231,聚陽元大9A購02  ,0,0,0,0,0,0,0,0,0,-11000,0,0,0,9000,20000,-11000,-11000
061473,台積電元大9A購33,0,0,0,0,0,0,0,0,0,-11000,0,0,0,1000,12000,-11000,-11000
07303P,臺股指元大9A售36,0,0,0,0,0,0,0,0,0,-12000,0,0,0,0,12000,-12000,-12000
064510,GIS元大01購01   ,0,0,0,0,0,0,0,0,0,-12000,0,0,0,0,12000,-12000,-12000
06534P,聯發科群益98售04,0,0,0,0,0,0,0,0,0,-12000,0,0,0,0,12000,-12000,-12000
064262,玉晶光永豐9C購03,0,0,0,0,0,0,0,0,0,-12000,0,0,0,2000,14000,-12000,-12000
063993,華通群益01購01  ,0,0,0,0,0,0,0,0,0,-12000,0,0,0,0,12000,-12000,-12000
063972,緯創國票9C購01  ,0,0,0,0,0,0,0,0,0,-12000,0,0,0,62000,74000,-12000,-12000
063955,TPK元大9C購01   ,0,0,0,0,0,0,0,0,0,-12000,0,0,0,0,12000,-12000,-12000
08275P,南亞科元富9C售01,0,0,0,0,0,0,0,0,0,-12000,0,0,0,28000,40000,-12000,-12000
00763U,街口道瓊銅      ,0,0,0,0,0,0,0,0,0,-12000,0,0,0,44000,56000,-12000,-12000
006205,富邦上証        ,25000,1000,24000,0,0,0,0,0,0,-36000,20000,0,20000,1008000,1064000,-56000,-12000
056469,國巨元大99購01  ,0,0,0,0,0,0,0,0,0,-12000,0,0,0,188000,200000,-12000,-12000
056899,可成元大98購01  ,0,0,0,0,0,0,0,0,0,-12000,0,0,0,57000,69000,-12000,-12000
054750,聯茂凱基98購02  ,0,0,0,0,0,0,0,0,0,-12000,0,0,0,0,12000,-12000,-12000
056769,國產元大98購01  ,0,0,0,0,0,0,0,0,0,-12000,0,0,0,158000,170000,-12000,-12000
056650,彩晶凱基9A購01  ,0,0,0,0,0,0,0,0,0,-12000,0,0,0,50000,62000,-12000,-12000
054924,景碩凱基98購01  ,0,0,0,0,0,0,0,0,0,-12000,0,0,0,0,12000,-12000,-12000
059153,臺股指國票99購16,0,0,0,0,0,0,0,0,0,-12000,0,0,0,0,12000,-12000,-12000
058558,鴻海日盛9A購02  ,0,0,0,0,0,0,0,0,0,-12000,0,0,0,10000,22000,-12000,-12000
058520,智易元大99購03  ,0,0,0,0,0,0,0,0,0,-12000,0,0,0,124000,136000,-12000,-12000
060868,致伸永豐9A購01  ,0,0,0,0,0,0,0,0,0,-12000,0,0,0,397000,409000,-12000,-12000
060788,嘉晶富邦9B購01  ,0,0,0,0,0,0,0,0,0,-12000,0,0,0,1000,13000,-12000,-12000
060674,瑞昱元大9A購03  ,0,0,0,0,0,0,0,0,0,-12000,0,0,0,29000,41000,-12000,-12000
057826,祥碩元大98購08  ,0,0,0,0,0,0,0,0,0,-12000,0,0,0,29000,41000,-12000,-12000
057549,台光電凱基98購05,0,0,0,0,0,0,0,0,0,-12000,0,0,0,37000,49000,-12000,-12000
058959,南茂國票9A購01  ,0,0,0,0,0,0,0,0,0,-12000,0,0,0,0,12000,-12000,-12000
060320,元金2X群益02購01,0,0,0,0,0,0,0,0,0,-12000,0,0,0,11000,23000,-12000,-12000
060346,華新科統一01購01,0,0,0,0,0,0,0,0,0,-12000,0,0,0,31000,43000,-12000,-12000
057448,致茂元富98購01  ,0,0,0,0,0,0,0,0,0,-12000,0,0,0,0,12000,-12000,-12000
061758,T50反1元大9B購02,0,0,0,0,0,0,0,0,0,-12000,0,0,0,0,12000,-12000,-12000
061731,旺宏統一9B購06  ,0,0,0,0,0,0,0,0,0,-12000,0,0,0,0,12000,-12000,-12000
061728,華新科麥證9A購02,0,0,0,0,12000,-12000,0,0,0,-12000,0,0,0,0,12000,-12000,-12000
061780,國巨群益9C購01  ,0,0,0,0,0,0,0,0,0,-12000,0,0,0,0,12000,-12000,-12000
062349,新日興群益9B購02,0,0,0,0,0,0,0,0,0,-12000,0,0,0,15000,27000,-12000,-12000
063385,可成中信9C購01  ,0,0,0,0,0,0,0,0,0,-12000,0,0,0,14000,26000,-12000,-12000
06332P,世紀鋼群益98售01,0,0,0,0,0,0,0,0,0,-12000,0,0,0,8000,20000,-12000,-12000
063551,美食國票9B購02  ,0,0,0,0,0,0,0,0,0,-12000,0,0,0,24000,36000,-12000,-12000
062772,T50反1元大9B購06,0,0,0,0,0,0,0,0,0,-12000,0,0,0,0,12000,-12000,-12000
062551,緯穎永豐9B購02  ,0,0,0,0,0,0,0,0,0,-12000,0,0,0,10000,22000,-12000,-12000
062880,大立光兆豐9B購02,0,0,0,0,0,0,0,0,0,-12000,0,0,0,50000,62000,-12000,-12000
062922,南六元大9B購03  ,0,0,0,0,0,0,0,0,0,-12000,0,0,0,53000,65000,-12000,-12000
6715,嘉基            ,56000,72000,-16000,0,0,0,6000,0,6000,-2000,0,2000,-2000,0,0,0,-12000
5269,祥碩            ,174000,232009,-58009,0,0,0,24000,1000,23000,23000,21000,8000,13000,16000,6000,10000,-12009
1109,信大            ,59000,72000,-13000,0,0,0,0,0,0,0,0,0,0,0,0,0,-13000
07974P,上証2X元大9B售02,0,0,0,0,0,0,0,0,0,-13000,0,0,0,0,13000,-13000,-13000
07757P,國巨國票9B售04  ,0,0,0,0,0,0,0,0,0,-13000,0,0,0,0,13000,-13000,-13000
1558,伸興            ,24000,37000,-13000,0,0,0,0,0,0,0,0,0,0,0,0,0,-13000
3321,同泰            ,4000,17000,-13000,0,0,0,0,0,0,0,0,0,0,0,0,0,-13000
064346,貿聯元大01購01  ,0,0,0,0,0,0,0,0,0,-13000,0,0,0,8000,21000,-13000,-13000
064117,中興電元大9C購01,0,0,0,0,0,0,0,0,0,-13000,0,0,0,0,13000,-13000,-13000
064154,大立光統一01購04,0,0,0,0,0,0,0,0,0,-13000,0,0,0,27000,40000,-13000,-13000
064143,旺宏統一01購05  ,0,0,0,0,0,0,0,0,0,-13000,0,0,0,2000,15000,-13000,-13000
06598P,奇力新永豐98售02,0,0,0,0,0,0,0,0,0,-13000,0,0,0,18000,31000,-13000,-13000
06900P,FBVIX國票12售01 ,0,0,0,0,0,0,0,0,0,-13000,0,0,0,0,13000,-13000,-13000
056641,華通凱基98購03  ,0,0,0,0,0,0,0,0,0,-13000,0,0,0,16000,29000,-13000,-13000
056366,玉晶光元大99購04,0,0,0,0,0,0,0,0,0,-13000,0,0,0,8000,21000,-13000,-13000
055988,矽力元富97購01  ,0,0,0,0,0,0,0,0,0,-13000,0,0,0,0,13000,-13000,-13000
059628,智邦凱基99購04  ,0,0,0,0,0,0,0,0,0,-13000,0,0,0,0,13000,-13000,-13000
059379,聯電亞東99購02  ,0,0,0,0,0,0,0,0,0,-13000,0,0,0,0,13000,-13000,-13000
056921,京元電兆豐98購01,0,0,0,0,0,0,0,0,0,-13000,0,0,0,0,13000,-13000,-13000
056939,康控元富98購01  ,0,0,0,0,0,0,0,0,0,-13000,0,0,0,72000,85000,-13000,-13000
054523,GIS元大96購05   ,0,0,0,0,0,0,0,0,0,-13000,0,0,0,0,13000,-13000,-13000
054158,國巨日盛99購01  ,0,0,0,0,0,0,0,0,0,-13000,0,0,0,0,13000,-13000,-13000
059038,健策群益9A購02  ,0,0,0,0,0,0,0,0,0,-13000,0,0,0,0,13000,-13000,-13000
058118,瑞昱群益99購01  ,0,0,0,0,0,0,0,0,0,-13000,0,0,0,5000,18000,-13000,-13000
057750,神達國票99購01  ,0,0,0,0,0,0,0,0,0,-13000,0,0,0,0,13000,-13000,-13000
060813,高鐵凱基9A購01  ,0,0,0,0,0,0,0,0,0,-13000,0,0,0,7000,20000,-13000,-13000
061023,茂林國泰9B購02  ,0,0,0,0,0,0,0,0,0,-13000,0,0,0,6000,19000,-13000,-13000
059097,世紀鋼元大99購05,0,0,0,0,0,0,0,0,0,-13000,0,0,0,226000,239000,-13000,-13000
057993,中環中信98購01  ,0,0,0,0,0,0,0,0,0,-13000,0,0,0,100000,113000,-13000,-13000
057924,健策凱基98購02  ,0,0,0,0,0,0,0,0,0,-13000,0,0,0,20000,33000,-13000,-13000
057888,貿聯群益98購02  ,0,0,0,0,0,0,0,0,0,-13000,0,0,0,55000,68000,-13000,-13000
057855,晶技國票99購01  ,0,0,0,0,0,0,0,0,0,-13000,0,0,0,0,13000,-13000,-13000
063408,茂林國票9C購02  ,0,0,0,0,0,0,0,0,0,-13000,0,0,0,0,13000,-13000,-13000
061856,台郡國票9B購02  ,0,0,0,0,0,0,0,0,0,-13000,0,0,0,62000,75000,-13000,-13000
061813,鴻海群益9B購02  ,0,0,0,0,0,0,0,0,0,-13000,0,0,0,1000,14000,-13000,-13000
061643,嘉澤元大9A購05  ,0,0,0,0,0,0,0,0,0,-13000,0,0,0,14000,27000,-13000,-13000
061140,華擎統一9C購01  ,0,0,0,0,0,0,0,0,0,-13000,0,0,0,62000,75000,-13000,-13000
5907,大洋-KY         ,48000,61000,-13000,0,0,0,0,0,0,0,0,0,0,0,0,0,-13000
06744P,嘉聯益永豐98售03,0,0,0,0,0,0,0,0,0,-14000,0,0,0,86000,100000,-14000,-14000
064155,大立光統一01購05,0,0,0,0,0,0,0,0,0,-14000,0,0,0,26000,40000,-14000,-14000
064312,大立光群益01購01,0,0,0,0,0,0,0,0,0,-14000,0,0,0,53000,67000,-14000,-14000
064061,GIS麥證01購01   ,0,0,0,21000,35000,-14000,0,0,0,-14000,0,0,0,21000,35000,-14000,-14000
07641P,上銀凱基9A售05  ,0,0,0,0,0,0,0,0,0,-14000,0,0,0,0,14000,-14000,-14000
08225P,臺股指凱基9B售20,0,0,0,0,0,0,0,0,0,-14000,0,0,0,20000,34000,-14000,-14000
03432B,臺股指凱基98熊13,0,0,0,0,0,0,0,0,0,-14000,0,0,0,160000,174000,-14000,-14000
054229,超眾元富96購05  ,0,0,0,0,0,0,0,0,0,-14000,0,0,0,43000,57000,-14000,-14000
053970,聯發科元大97購08,0,0,0,0,0,0,0,0,0,-14000,0,0,0,0,14000,-14000,-14000
059358,旺宏永豐99購02  ,0,0,0,0,0,0,0,0,0,-14000,0,0,0,0,14000,-14000,-14000
059618,台積電日盛99購01,0,0,0,0,0,0,0,0,0,-14000,0,0,0,35000,49000,-14000,-14000
056196,聯茂富邦98購02  ,0,0,0,0,0,0,0,0,0,-14000,0,0,0,94000,108000,-14000,-14000
056128,和大中信99購01  ,0,0,0,0,0,0,0,0,0,-14000,0,0,0,6000,20000,-14000,-14000
055271,鴻海元大98購03  ,0,0,0,0,0,0,0,0,0,-14000,0,0,0,0,14000,-14000,-14000
056746,超眾凱基99購01  ,0,0,0,0,0,0,0,0,0,-14000,0,0,0,0,14000,-14000,-14000
058826,台積電永豐99購02,0,0,0,0,0,0,0,0,0,-14000,0,0,0,0,14000,-14000,-14000
058758,台積電群益99購05,0,0,0,0,0,0,0,0,0,-14000,0,0,0,10000,24000,-14000,-14000
060878,奇力新中信9C購01,0,0,0,0,0,0,0,0,0,-14000,0,0,0,0,14000,-14000,-14000
060738,矽格統一9C購01  ,0,0,0,0,0,0,0,0,0,-14000,0,0,0,4000,18000,-14000,-14000
057550,聯發科凱基02購01,0,0,0,0,0,0,0,0,0,-14000,0,0,0,0,14000,-14000,-14000
05711P,茂林國票97售03  ,0,0,0,0,0,0,0,0,0,-14000,0,0,0,1000,15000,-14000,-14000
060369,滬深2X元富01購01,0,0,0,0,0,0,0,0,0,-14000,0,0,0,21000,35000,-14000,-14000
060163,健策永豐9B購01  ,0,0,0,0,0,0,0,0,0,-14000,0,0,0,43000,57000,-14000,-14000
061650,南電元大9A購07  ,0,0,0,0,0,0,0,0,0,-14000,0,0,0,66000,80000,-14000,-14000
061457,TPK凱基9A購01   ,0,0,0,0,0,0,0,0,0,-14000,0,0,0,56000,70000,-14000,-14000
061849,國巨國票9B購08  ,0,0,0,0,0,0,0,0,0,-14000,0,0,0,0,14000,-14000,-14000
063604,群創凱基01購02  ,0,0,0,0,0,0,0,0,0,-14000,0,0,0,10000,24000,-14000,-14000
063739,台勝科元大9B購03,0,0,0,0,0,0,0,0,0,-14000,0,0,0,94000,108000,-14000,-14000
062884,康控兆豐9C購01  ,0,0,0,0,0,0,0,0,0,-14000,0,0,0,0,14000,-14000,-14000
062569,南電中信01購01  ,0,0,0,0,0,0,0,0,0,-14000,0,0,0,85000,99000,-14000,-14000
8480,泰昇-KY         ,8000,22000,-14000,0,0,0,0,0,0,0,0,0,0,0,0,0,-14000
08239P,南六永豐9B售03  ,0,0,0,0,0,0,0,0,0,-15000,0,0,0,0,15000,-15000,-15000
08305P,茂林群益9C售01  ,0,0,0,0,0,0,0,0,0,-15000,0,0,0,40000,55000,-15000,-15000
08144P,臺股指凱基02售03,0,0,0,0,0,0,0,0,0,-15000,0,0,0,0,15000,-15000,-15000
08187P,大毅群益9B售04  ,0,0,0,0,0,0,0,0,0,-15000,0,0,0,0,15000,-15000,-15000
08340P,聯發科元富9C售01,0,0,0,0,0,0,0,0,0,-15000,0,0,0,13000,28000,-15000,-15000
08083P,健策元大9C售05  ,0,0,0,0,0,0,0,0,0,-15000,0,0,0,0,15000,-15000,-15000
3518,柏騰            ,43000,58000,-15000,0,0,0,0,0,0,0,0,0,0,0,0,0,-15000
2739,寒舍            ,42000,57000,-15000,0,0,0,0,0,0,0,0,0,0,0,0,0,-15000
064046,聯發科統一9C購12,0,0,0,0,0,0,0,0,0,-15000,0,0,0,32000,47000,-15000,-15000
063949,大立光元大9C購10,0,0,0,0,0,0,0,0,0,-15000,0,0,0,0,15000,-15000,-15000
063974,南電國票01購01  ,0,0,0,0,0,0,0,0,0,-15000,0,0,0,9000,24000,-15000,-15000
063839,華通元大9C購02  ,0,0,0,0,0,0,0,0,0,-15000,0,0,0,35000,50000,-15000,-15000
064381,道瓊銀國泰02購01,0,0,0,0,0,0,0,0,0,-15000,0,0,0,0,15000,-15000,-15000
06729P,聯詠元大98售03  ,0,0,0,0,0,0,0,0,0,-15000,0,0,0,78000,93000,-15000,-15000
06682P,玉晶光元大99售08,0,0,0,0,0,0,0,0,0,-15000,0,0,0,5000,20000,-15000,-15000
06825P,臺股指國票98售01,0,0,0,0,0,0,0,0,0,-15000,0,0,0,0,15000,-15000,-15000
05671P,友達國泰97售03  ,0,0,0,0,0,0,0,0,0,-15000,0,0,0,0,15000,-15000,-15000
055824,臺股指國票97購11,0,0,0,0,0,0,0,0,0,-15000,0,0,0,30000,45000,-15000,-15000
055398,超眾統一97購03  ,0,0,0,0,0,0,0,0,0,-15000,0,0,0,10000,25000,-15000,-15000
054756,世紀鋼凱基99購01,0,0,0,0,0,0,0,0,0,-15000,0,0,0,25000,40000,-15000,-15000
05677P,玉晶光群益98售03,0,0,0,0,0,0,0,0,0,-15000,0,0,0,15000,30000,-15000,-15000
056281,深中小永豐97購01,0,0,0,0,0,0,0,0,0,-15000,0,0,0,67000,82000,-15000,-15000
056326,TPK兆豐98購01   ,0,0,0,0,0,0,0,0,0,-15000,0,0,0,0,15000,-15000,-15000
05631P,國巨富邦9A售01  ,0,0,0,0,0,0,0,0,0,-15000,0,0,0,0,15000,-15000,-15000
059672,滬深2X元富99購06,0,0,0,0,0,0,0,0,0,-15000,0,0,0,0,15000,-15000,-15000
054057,晶豪科國票97購01,0,0,0,0,0,0,0,0,0,-15000,0,0,0,0,15000,-15000,-15000
054043,漢唐元大97購01  ,0,0,0,0,0,0,0,0,0,-15000,0,0,0,0,15000,-15000,-15000
055531,華新科群益98購03,0,0,0,0,0,0,0,0,0,-15000,0,0,0,0,15000,-15000,-15000
056937,智原元富98購01  ,0,0,0,0,0,0,0,0,0,-15000,0,0,0,0,15000,-15000,-15000
053854,聯茂國泰97購02  ,0,0,0,0,0,0,0,0,0,-15000,0,0,0,0,15000,-15000,-15000
053643,漢唐國票97購02  ,0,0,0,0,0,0,0,0,0,-15000,0,0,0,38000,53000,-15000,-15000
053137,旺宏富邦98購01  ,0,0,0,0,0,0,0,0,0,-15000,0,0,0,0,15000,-15000,-15000
052827,昇陽半永豐97購01,0,0,0,0,0,0,0,0,0,-15000,0,0,0,0,15000,-15000,-15000
050485,國巨統一96購01  ,0,0,0,0,0,0,0,0,0,-15000,0,0,0,0,15000,-15000,-15000
051939,同欣電群益97購01,0,0,0,0,0,0,0,0,0,-15000,0,0,0,0,15000,-15000,-15000
058133,華新科元大9A購02,0,0,0,0,0,0,0,0,0,-15000,0,0,0,0,15000,-15000,-15000
059816,聯電凱基99購03  ,0,0,0,0,0,0,0,0,0,-15000,0,0,0,0,15000,-15000,-15000
059934,華通永豐99購02  ,0,0,0,0,0,0,0,0,0,-15000,0,0,0,0,15000,-15000,-15000
060337,FBVIX統一9A購01 ,0,0,0,0,0,0,0,0,0,-15000,0,0,0,0,15000,-15000,-15000
058931,玉晶光統一9C購01,0,0,0,0,0,0,0,0,0,-15000,0,0,0,24000,39000,-15000,-15000
057547,技嘉凱基99購01  ,0,0,0,0,0,0,0,0,0,-15000,0,0,0,1000,16000,-15000,-15000
057544,鴻海凱基02購01  ,0,0,0,0,0,0,0,0,0,-15000,0,0,0,0,15000,-15000,-15000
057169,微星元大98購01  ,0,0,0,0,0,0,0,0,0,-15000,0,0,0,0,15000,-15000,-15000
060818,上銀統一9C購01  ,0,0,0,0,0,0,0,0,0,-15000,0,0,0,10000,25000,-15000,-15000
060802,道瓊指中信9C購03,0,0,0,0,0,0,0,0,0,-15000,0,0,0,0,15000,-15000,-15000
060885,世紀鋼中信9A購01,0,0,0,0,0,0,0,0,0,-15000,0,0,0,0,15000,-15000,-15000
057555,玉晶光凱基9A購02,0,0,0,0,0,0,0,0,0,-15000,0,0,0,5000,20000,-15000,-15000
058740,T50反1日盛9B購02,0,0,0,0,0,0,0,0,0,-15000,0,0,0,0,15000,-15000,-15000
058875,台表科國票9A購02,0,0,0,0,0,0,0,0,0,-15000,0,0,0,8000,23000,-15000,-15000
058677,矽格群益99購01  ,0,0,0,0,0,0,0,0,0,-15000,0,0,0,0,15000,-15000,-15000
057956,全新元大99購04  ,0,0,0,0,0,0,0,0,0,-15000,0,0,0,0,15000,-15000,-15000
058446,新光金富邦9C購01,0,0,0,0,0,0,0,0,0,-15000,0,0,0,0,15000,-15000,-15000
063490,儒鴻富邦9C購01  ,0,0,0,0,0,0,0,0,0,-15000,0,0,0,21000,36000,-15000,-15000
063403,鈺齊群益9B購01  ,0,0,0,0,0,0,0,0,0,-15000,0,0,0,85000,100000,-15000,-15000
063337,國巨統一02購02  ,0,0,0,0,0,0,0,0,0,-15000,0,0,0,5000,20000,-15000,-15000
063299,金寶凱基9B購01  ,0,0,0,0,0,0,0,0,0,-15000,0,0,0,0,15000,-15000,-15000
061951,南電群益9B購01  ,0,0,0,0,0,0,0,0,0,-15000,0,0,0,353000,368000,-15000,-15000
061958,鴻海統一01購01  ,0,0,0,0,0,0,0,0,0,-15000,0,0,0,42000,57000,-15000,-15000
061970,大立光統一9C購03,0,0,0,0,0,0,0,0,0,-15000,0,0,0,0,15000,-15000,-15000
062509,SP黃豆國票9B購03,0,0,0,0,0,0,0,0,0,-15000,0,0,0,10000,25000,-15000,-15000
062221,奇力新統一01購01,0,0,0,0,0,0,0,0,0,-15000,0,0,0,539000,554000,-15000,-15000
061489,高鐵兆豐9A購01  ,0,0,0,0,0,0,0,0,0,-15000,0,0,0,90000,105000,-15000,-15000
061709,SP黃豆凱基01購02,0,0,0,0,0,0,0,0,0,-15000,0,0,0,0,15000,-15000,-15000
061751,華通台新9B購01  ,0,0,0,0,0,0,0,0,0,-15000,0,0,0,0,15000,-15000,-15000
5258,虹堡            ,16000,36000,-20000,0,0,0,0,0,0,5000,5000,0,5000,0,0,0,-15000
4904,遠傳            ,1742528,1777000,-34472,0,0,0,0,8000,-8000,27000,33000,0,33000,0,6000,-6000,-15472
06624P,訊芯元大98售06  ,0,0,0,0,0,0,0,0,0,-16000,0,0,0,0,16000,-16000,-16000
064443,同欣電凱基03購01,0,0,0,0,0,0,0,0,0,-16000,0,0,0,0,16000,-16000,-16000
064243,TPK統一02購02   ,0,0,0,0,0,0,0,0,0,-16000,0,0,0,0,16000,-16000,-16000
063848,大立光元大9C購09,0,0,0,0,0,0,0,0,0,-16000,0,0,0,0,16000,-16000,-16000
064030,泰碩元大01購01  ,0,0,0,0,0,0,0,0,0,-16000,0,0,0,29000,45000,-16000,-16000
3060,銘異            ,281000,294000,-13000,0,0,0,0,0,0,-3000,4000,7000,-3000,0,0,0,-16000
08332P,智邦台新9C售03  ,0,0,0,0,0,0,0,0,0,-16000,0,0,0,6000,22000,-16000,-16000
051739,奇力新國票97購01,0,0,0,0,0,0,0,0,0,-16000,0,0,0,0,16000,-16000,-16000
054470,緯穎國票97購04  ,0,0,0,0,0,0,0,0,0,-16000,0,0,0,2000,18000,-16000,-16000
055561,奇鋐凱基97購01  ,0,0,0,0,0,0,0,0,0,-16000,0,0,0,24000,40000,-16000,-16000
054673,京鼎國泰98購01  ,0,0,0,0,0,0,0,0,0,-16000,0,0,0,0,16000,-16000,-16000
059339,上銀凱基99購06  ,0,0,0,0,0,0,0,0,0,-16000,0,0,0,0,16000,-16000,-16000
056334,台積電凱基98購06,0,0,0,0,0,0,0,0,0,-16000,0,0,0,16000,32000,-16000,-16000
056356,台積電元大99購01,0,0,0,0,0,0,0,0,0,-16000,0,0,0,83000,99000,-16000,-16000
056261,台積電統一97購07,0,0,0,0,0,0,0,0,0,-16000,0,0,0,0,16000,-16000,-16000
056379,玉晶光元富98購01,0,0,0,0,0,0,0,0,0,-16000,0,0,0,2000,18000,-16000,-16000
056404,嘉聯益群益9A購01,0,0,0,0,0,0,0,0,0,-16000,0,0,0,302000,318000,-16000,-16000
054894,GIS統一97購01   ,0,0,0,0,0,0,0,0,0,-16000,0,0,0,60000,76000,-16000,-16000
054807,台化元大9A購02  ,0,0,0,0,0,0,0,0,0,-16000,0,0,0,51000,67000,-16000,-16000
055388,華通統一97購03  ,0,0,0,0,0,0,0,0,0,-16000,0,0,0,5000,21000,-16000,-16000
055318,華通國票98購01  ,0,0,0,0,0,0,0,0,0,-16000,0,0,0,0,16000,-16000,-16000
055108,智邦凱基98購01  ,0,0,0,0,0,0,0,0,0,-16000,0,0,0,0,16000,-16000,-16000
058096,南電元大98購04  ,0,0,0,0,0,0,0,0,0,-16000,0,0,0,60000,76000,-16000,-16000
058819,華通國泰9B購01  ,0,0,0,0,0,0,0,0,0,-16000,0,0,0,0,16000,-16000,-16000
058784,臺股指國票99購03,0,0,0,0,0,0,0,0,0,-16000,0,0,0,2000,18000,-16000,-16000
060426,盛群永豐9A購01  ,0,0,0,0,0,0,0,0,0,-16000,0,0,0,0,16000,-16000,-16000
060017,全新康和99購01  ,0,0,0,0,0,0,0,0,0,-16000,0,0,0,76000,92000,-16000,-16000
057051,群創元大9B購03  ,0,0,0,0,0,0,0,0,0,-16000,0,0,0,3000,19000,-16000,-16000
060486,中租富邦9A購01  ,0,0,0,0,0,0,0,0,0,-16000,0,0,0,60000,76000,-16000,-16000
058942,南茂中信99購01  ,0,0,0,0,0,0,0,0,0,-16000,0,0,0,55000,71000,-16000,-16000
060099,宏達電元大99購09,0,0,0,0,0,0,0,0,0,-16000,0,0,0,16000,32000,-16000,-16000
057477,智邦元大98購09  ,0,0,0,0,0,0,0,0,0,-16000,0,0,0,14000,30000,-16000,-16000
061327,台郡凱基9A購02  ,0,0,0,0,0,0,0,0,0,-16000,0,0,0,24000,40000,-16000,-16000
061357,寶成元大9A購01  ,0,0,0,0,0,0,0,0,0,-16000,0,0,0,84000,100000,-16000,-16000
061391,晶技群益9A購02  ,0,0,0,0,0,0,0,0,0,-16000,0,0,0,0,16000,-16000,-16000
062288,南六群益9B購01  ,0,0,0,0,0,0,0,0,0,-16000,0,0,0,0,16000,-16000,-16000
06216P,上銀元富97售03  ,0,0,0,0,0,0,0,0,0,-16000,0,0,0,0,16000,-16000,-16000
062141,遠東新國票9B購01,0,0,0,0,0,0,0,0,0,-16000,0,0,0,0,16000,-16000,-16000
063402,GIS群益9B購02   ,0,0,0,0,0,0,0,0,0,-16000,0,0,0,0,16000,-16000,-16000
063667,全新統一01購02  ,0,0,0,0,0,0,0,0,0,-16000,0,0,0,75000,91000,-16000,-16000
062779,台積電元大9B購03,0,0,0,0,0,0,0,0,0,-16000,0,0,0,27000,43000,-16000,-16000
9955,佳龍            ,31000,47000,-16000,0,0,0,0,0,0,0,0,0,0,0,0,0,-16000
9939,宏全            ,274643,320000,-45357,0,0,0,0,0,0,29000,0,6000,-6000,35000,0,35000,-16357
06436P,台光電國票98售04,0,0,0,0,0,0,0,0,0,-17000,0,0,0,3000,20000,-17000,-17000
064390,台塑永豐9C購01  ,0,0,0,0,0,0,0,0,0,-17000,0,0,0,0,17000,-17000,-17000
056560,旺宏群益98購03  ,0,0,0,0,0,0,0,0,0,-17000,0,0,0,3000,20000,-17000,-17000
056203,興富發永豐97購01,0,0,0,0,0,0,0,0,0,-17000,0,0,0,10000,27000,-17000,-17000
059326,康友元大99購01  ,0,0,0,0,0,0,0,0,0,-17000,0,0,0,300000,317000,-17000,-17000
058203,信邦凱基99購01  ,0,0,0,0,0,0,0,0,0,-17000,0,0,0,13000,30000,-17000,-17000
059068,台虹國票9A購01  ,0,0,0,0,0,0,0,0,0,-17000,0,0,0,0,17000,-17000,-17000
060058,牧德凱基9B購01  ,0,0,0,0,0,0,0,0,0,-17000,0,0,0,44000,61000,-17000,-17000
057343,道瓊反統一9A購01,0,0,0,0,0,0,0,0,0,-17000,0,0,0,0,17000,-17000,-17000
059946,健策永豐99購05  ,0,0,0,0,0,0,0,0,0,-17000,0,0,0,0,17000,-17000,-17000
057198,智伸科統一9B購01,0,0,0,0,0,0,0,0,0,-17000,0,0,0,0,17000,-17000,-17000
057286,群創元大9B購05  ,0,0,0,0,0,0,0,0,0,-17000,0,0,0,20000,37000,-17000,-17000
062599,鴻海台新9B購01  ,0,0,0,0,0,0,0,0,0,-17000,0,0,0,0,17000,-17000,-17000
063345,嘉晶統一9C購02  ,0,0,0,0,0,0,0,0,0,-17000,0,0,0,27000,44000,-17000,-17000
063444,金像電統一03購01,0,0,0,0,0,0,0,0,0,-17000,0,0,0,22000,39000,-17000,-17000
4739,康普            ,33000,50000,-17000,0,0,0,0,0,0,0,0,0,0,0,0,0,-17000
4976,佳凌            ,35000,52000,-17000,0,0,0,0,0,0,0,1000,1000,0,0,0,0,-17000
5284,jpp-KY          ,2000,18000,-16000,0,0,0,0,0,0,-1000,0,1000,-1000,0,0,0,-17000
1460,宏遠            ,150714,171000,-20286,0,0,0,0,0,0,3000,3000,0,3000,0,0,0,-17286
08241P,微星中信06售01  ,0,0,0,0,0,0,0,0,0,-18000,0,0,0,0,18000,-18000,-18000
08068P,宏達電國泰9C售01,0,0,0,0,0,0,0,0,0,-18000,0,0,0,35000,53000,-18000,-18000
3346,麗清            ,10000,28000,-18000,0,0,0,0,0,0,0,0,0,0,0,0,0,-18000
3543,州巧            ,4000,22000,-18000,0,0,0,0,0,0,0,0,0,0,0,0,0,-18000
1903,士紙            ,47000,65000,-18000,0,0,0,0,0,0,0,0,0,0,0,0,0,-18000
2109,華豐            ,25000,43000,-18000,0,0,0,0,0,0,0,0,0,0,0,0,0,-18000
064334,可成元大01購01  ,0,0,0,0,0,0,0,0,0,-18000,0,0,0,6000,24000,-18000,-18000
064278,高鐵元大9C購02  ,0,0,0,0,0,0,0,0,0,-18000,0,0,0,47000,65000,-18000,-18000
063845,旺宏元大9C購03  ,0,0,0,0,0,0,0,0,0,-18000,0,0,0,14000,32000,-18000,-18000
06908P,健策國泰99售02  ,0,0,0,0,0,0,0,0,0,-18000,0,0,0,0,18000,-18000,-18000
07272P,台灣50元大9C售05,0,0,0,0,0,0,0,0,0,-18000,0,0,0,6000,24000,-18000,-18000
07014P,華通元大99售04  ,0,0,0,0,0,0,0,0,0,-18000,0,0,0,5000,23000,-18000,-18000
056876,群創凱基98購11  ,0,0,0,0,0,0,0,0,0,-18000,0,0,0,2000,20000,-18000,-18000
056279,新日興富邦99購01,0,0,0,0,0,0,0,0,0,-18000,0,0,0,40000,58000,-18000,-18000
055259,玉晶光統一9A購01,0,0,0,0,0,0,0,0,0,-18000,0,0,0,0,18000,-18000,-18000
055232,泰碩國票98購01  ,0,0,0,0,0,0,0,0,0,-18000,0,0,0,29000,47000,-18000,-18000
055899,群創中信99購01  ,0,0,0,0,0,0,0,0,0,-18000,0,0,0,0,18000,-18000,-18000
046937,聯電元大99購01  ,0,0,0,0,0,0,0,0,0,-18000,0,0,0,0,18000,-18000,-18000
057819,新日興元大99購01,0,0,0,0,0,0,0,0,0,-18000,0,0,0,27000,45000,-18000,-18000
060431,復盛永豐9A購01  ,0,0,0,0,0,0,0,0,0,-18000,0,0,0,12000,30000,-18000,-18000
060470,台勝科元大9A購03,0,0,0,0,0,0,0,0,0,-18000,0,0,0,50000,68000,-18000,-18000
059836,大立光國泰9B購02,0,0,0,0,0,0,0,0,0,-18000,0,0,0,10000,28000,-18000,-18000
058835,元油2X中信9C購02,0,0,0,0,0,0,0,0,0,-18000,0,0,0,0,18000,-18000,-18000
060582,玉晶光群益9C購01,0,0,0,0,0,0,0,0,0,-18000,0,0,0,0,18000,-18000,-18000
063742,道瓊指國票9C購01,0,0,0,0,0,0,0,0,0,-18000,0,0,0,0,18000,-18000,-18000
062666,和碩群益9B購01  ,0,0,0,0,0,0,0,0,0,-18000,0,0,0,94000,112000,-18000,-18000
063172,廣達中信9C購01  ,0,0,0,0,0,0,0,0,0,-18000,0,0,0,45000,63000,-18000,-18000
062011,上銀富邦9C購01  ,0,0,0,0,0,0,0,0,0,-18000,0,0,0,6000,24000,-18000,-18000
061986,晶豪科元大9B購01,0,0,0,0,0,0,0,0,0,-18000,0,0,0,133000,151000,-18000,-18000
061801,祥碩永豐9B購01  ,0,0,0,0,0,0,0,0,0,-18000,0,0,0,10000,28000,-18000,-18000
063963,鴻海國票01購01  ,0,0,0,0,0,0,0,0,0,-19000,0,0,0,0,19000,-19000,-19000
063940,國巨元大01購02  ,0,0,0,0,0,0,0,0,0,-19000,0,0,0,53000,72000,-19000,-19000
064224,玉晶光國票01購04,0,0,0,0,0,0,0,0,0,-19000,0,0,0,11000,30000,-19000,-19000
064174,致新元富9C購02  ,0,0,0,0,0,0,0,0,0,-19000,0,0,0,330000,349000,-19000,-19000
07854P,台積電凱基9A售28,0,0,0,0,0,0,0,0,0,-19000,0,0,0,0,19000,-19000,-19000
00711B,FH彭博新興債    ,0,0,0,0,0,0,0,0,0,-19000,0,0,0,100000,119000,-19000,-19000
053114,聯茂兆豐97購01  ,0,0,0,0,0,0,0,0,0,-19000,0,0,0,3000,22000,-19000,-19000
055468,智邦凱基97購04  ,0,0,0,0,0,0,0,0,0,-19000,0,0,0,1000,20000,-19000,-19000
057011,日月光中信99購01,0,0,0,0,0,0,0,0,0,-19000,0,0,0,0,19000,-19000,-19000
056998,麗豐康和98購01  ,0,0,0,0,0,0,0,0,0,-19000,0,0,0,368000,387000,-19000,-19000
054532,強茂國泰98購01  ,0,0,0,0,0,0,0,0,0,-19000,0,0,0,1000,20000,-19000,-19000
055974,上銀統一97購05  ,0,0,0,0,0,0,0,0,0,-19000,0,0,0,0,19000,-19000,-19000
060650,奇力新中信9A購01,0,0,0,0,0,0,0,0,0,-19000,0,0,0,0,19000,-19000,-19000
059242,南亞科凱基99購06,0,0,0,0,0,0,0,0,0,-19000,0,0,0,133000,152000,-19000,-19000
057593,聯發科兆豐98購03,0,0,0,0,0,0,0,0,0,-19000,0,0,0,1000,20000,-19000,-19000
057599,技嘉群益9A購01  ,0,0,0,0,0,0,0,0,0,-19000,0,0,0,23000,42000,-19000,-19000
058603,台積電元大99購12,0,0,0,0,0,0,0,0,0,-19000,0,0,0,15000,34000,-19000,-19000
058552,欣興永豐99購01  ,0,0,0,0,0,0,0,0,0,-19000,0,0,0,3000,22000,-19000,-19000
057992,大立光日盛98購01,0,0,0,0,0,0,0,0,0,-19000,0,0,0,48000,67000,-19000,-19000
059047,元油2X凱基9A購10,0,0,0,0,0,0,0,0,0,-19000,0,0,0,0,19000,-19000,-19000
057102,亞光中信9A購01  ,0,0,0,0,0,0,0,0,0,-19000,0,0,0,20000,39000,-19000,-19000
060400,南電國票9A購03  ,0,0,0,0,0,0,0,0,0,-19000,0,0,0,0,19000,-19000,-19000
057524,旺宏元大99購04  ,0,0,0,0,0,0,0,0,0,-19000,0,0,0,32000,51000,-19000,-19000
061342,華新科元大9A購17,0,0,0,0,0,0,0,0,0,-19000,0,0,0,71000,90000,-19000,-19000
061145,臻鼎中信9A購02  ,0,0,0,0,0,0,0,0,0,-19000,0,0,0,11000,30000,-19000,-19000
061909,台積電中信05購02,0,0,0,0,0,0,0,0,0,-19000,0,0,0,1000,20000,-19000,-19000
062389,台表科國泰01購01,0,0,0,0,0,0,0,0,0,-19000,0,0,0,26000,45000,-19000,-19000
063031,鴻海凱基9C購01  ,0,0,0,0,0,0,0,0,0,-19000,0,0,0,4000,23000,-19000,-19000
062640,訊連國票9C購01  ,0,0,0,0,0,0,0,0,0,-19000,0,0,0,1000,20000,-19000,-19000
062566,嘉晶中信9C購01  ,0,0,0,0,0,0,0,0,0,-19000,0,0,0,106000,125000,-19000,-19000
063452,創意統一01購01  ,0,0,0,0,0,0,0,0,0,-19000,0,0,0,71000,90000,-19000,-19000
063242,聯發科元大9B購19,0,0,0,0,0,0,0,0,0,-19000,0,0,0,1000,20000,-19000,-19000
6449,鈺邦            ,25000,45000,-20000,0,0,0,0,0,0,1000,3000,2000,1000,0,0,0,-19000
08069P,大立光國泰01售02,0,0,0,0,0,0,0,0,0,-20000,0,0,0,0,20000,-20000,-20000
08080P,祥碩國票9B售03  ,0,0,0,0,0,0,0,0,0,-20000,0,0,0,0,20000,-20000,-20000
07682P,聯發科凱基9A售15,0,0,0,0,0,0,0,0,0,-20000,0,0,0,0,20000,-20000,-20000
07785P,鴻海中信04售03  ,0,0,0,0,0,0,0,0,0,-20000,0,0,0,0,20000,-20000,-20000
07804P,美律永豐9A售02  ,0,0,0,0,0,0,0,0,0,-20000,0,0,0,0,20000,-20000,-20000
07795P,美律國票9A售03  ,0,0,0,0,0,0,0,0,0,-20000,0,0,0,0,20000,-20000,-20000
1506,正道            ,10000,30000,-20000,0,0,0,0,0,0,0,0,0,0,0,0,0,-20000
08292P,華新科台新9C售01,0,0,0,0,0,0,0,0,0,-20000,0,0,0,0,20000,-20000,-20000
064188,玉晶光永豐9C購02,0,0,0,0,0,0,0,0,0,-20000,0,0,0,12000,32000,-20000,-20000
064179,上銀富邦01購01  ,0,0,0,0,0,0,0,0,0,-20000,0,0,0,0,20000,-20000,-20000
064114,南茂國票01購01  ,0,0,0,0,0,0,0,0,0,-20000,0,0,0,0,20000,-20000,-20000
064085,儒鴻凱基9C購02  ,0,0,0,0,0,0,0,0,0,-20000,0,0,0,6000,26000,-20000,-20000
064242,TPK統一02購01   ,0,0,0,0,0,0,0,0,0,-20000,0,0,0,0,20000,-20000,-20000
064354,同欣電元大9C購05,0,0,0,0,0,0,0,0,0,-20000,0,0,0,57000,77000,-20000,-20000
064384,聯電富邦01購01  ,0,0,0,0,0,0,0,0,0,-20000,0,0,0,0,20000,-20000,-20000
064029,宏達電元大9C購01,0,0,0,0,0,0,0,0,0,-20000,0,0,0,2000,22000,-20000,-20000
064067,美律永豐9C購01  ,0,0,0,0,0,0,0,0,0,-20000,0,0,0,40000,60000,-20000,-20000
063869,玉晶光永豐9C購01,0,0,0,0,0,0,0,0,0,-20000,0,0,0,0,20000,-20000,-20000
063907,華通凱基9C購03  ,0,0,0,0,0,0,0,0,0,-20000,0,0,0,14000,34000,-20000,-20000
07212P,聯發科凱基99售14,0,0,0,0,0,0,0,0,0,-20000,0,0,0,0,20000,-20000,-20000
07314P,T50正2元大9C售03,0,0,0,0,0,0,0,0,0,-20000,0,0,0,0,20000,-20000,-20000
07590P,玉晶光國票9A售03,0,0,0,0,0,0,0,0,0,-20000,0,0,0,0,20000,-20000,-20000
07448P,台灣50元大9A售08,0,0,0,0,0,0,0,0,0,-20000,0,0,0,0,20000,-20000,-20000
06951P,台積電統一9B售02,0,0,0,0,0,0,0,0,0,-20000,0,0,0,0,20000,-20000,-20000
06761P,台積電元大99售05,0,0,0,0,0,0,0,0,0,-20000,0,0,0,0,20000,-20000,-20000
064521,群創群益02購01  ,0,0,0,0,0,0,0,0,0,-20000,0,0,0,19000,39000,-20000,-20000
064517,國巨群益02購01  ,0,0,0,0,0,0,0,0,0,-20000,0,0,0,0,20000,-20000,-20000
06600P,貿聯永豐98售01  ,0,0,0,0,0,0,0,0,0,-20000,0,0,0,20000,40000,-20000,-20000
06602P,國巨統一99售02  ,0,0,0,0,0,0,0,0,0,-20000,0,0,0,0,20000,-20000,-20000
06538P,國巨凱基98售11  ,0,0,0,0,0,0,0,0,0,-20000,0,0,0,0,20000,-20000,-20000
055954,南港元大97購02  ,0,0,0,0,0,0,0,0,0,-20000,0,0,0,0,20000,-20000,-20000
056170,鴻海元富97購09  ,0,0,0,0,0,0,0,0,0,-20000,0,0,0,20000,40000,-20000,-20000
056818,正崴永豐98購01  ,0,0,0,0,0,0,0,0,0,-20000,0,0,0,0,20000,-20000,-20000
059873,華新科凱基99購09,0,0,0,0,0,0,0,0,0,-20000,0,0,0,10000,30000,-20000,-20000
059685,T50正2永豐99購02,0,0,0,0,0,0,0,0,0,-20000,0,0,0,0,20000,-20000,-20000
056715,瀚宇博永豐98購01,0,0,0,0,0,0,0,0,0,-20000,0,0,0,19000,39000,-20000,-20000
055435,佳世達中信99購01,0,0,0,0,0,0,0,0,0,-20000,0,0,0,0,20000,-20000,-20000
055228,聯發科國票98購03,0,0,0,0,0,0,0,0,0,-20000,0,0,0,10000,30000,-20000,-20000
055353,華新科凱基98購03,0,0,0,0,0,0,0,0,0,-20000,0,0,0,2000,22000,-20000,-20000
054967,神達元大97購01  ,0,0,0,0,0,0,0,0,0,-20000,0,0,0,0,20000,-20000,-20000
054768,泰碩國票99購02  ,0,0,0,0,0,0,0,0,0,-20000,0,0,0,0,20000,-20000,-20000
056593,台積電元富98購02,0,0,0,0,0,0,0,0,0,-20000,0,0,0,0,20000,-20000,-20000
055782,新日興凱基99購01,0,0,0,0,0,0,0,0,0,-20000,0,0,0,0,20000,-20000,-20000
054574,美律元大99購01  ,0,0,0,0,0,0,0,0,0,-20000,0,0,0,0,20000,-20000,-20000
053883,大立光中信98購02,0,0,0,0,0,0,0,0,0,-20000,0,0,0,0,20000,-20000,-20000
054471,T50反1中信9C購01,0,0,0,0,0,0,0,0,0,-20000,0,0,0,10000,30000,-20000,-20000
052795,健策兆豐97購01  ,0,0,0,0,0,0,0,0,0,-20000,0,0,0,0,20000,-20000,-20000
052617,景碩國泰98購01  ,0,0,0,0,0,0,0,0,0,-20000,0,0,0,0,20000,-20000,-20000
055446,奇力新統一9A購01,0,0,0,0,0,0,0,0,0,-20000,0,0,0,0,20000,-20000,-20000
055522,道瓊反群益01購01,0,0,0,0,0,0,0,0,0,-20000,0,0,0,0,20000,-20000,-20000
055515,聚陽中信9A購01  ,0,0,0,0,0,0,0,0,0,-20000,0,0,0,0,20000,-20000,-20000
054707,聯茂亞東97購01  ,0,0,0,0,0,0,0,0,0,-20000,0,0,0,0,20000,-20000,-20000
054591,GIS國泰98購01   ,0,0,0,0,0,0,0,0,0,-20000,0,0,0,0,20000,-20000,-20000
053977,新日興元大96購03,0,0,0,0,0,0,0,0,0,-20000,0,0,0,0,20000,-20000,-20000
054318,台虹凱基98購01  ,0,0,0,0,0,0,0,0,0,-20000,0,0,0,0,20000,-20000,-20000
050188,貿聯元大96購01  ,0,0,0,0,0,0,0,0,0,-20000,0,0,0,0,20000,-20000,-20000
051157,華新科富邦98購01,0,0,0,0,0,0,0,0,0,-20000,0,0,0,140000,160000,-20000,-20000
051510,新光金中信97購01,0,0,0,0,0,0,0,0,0,-20000,0,0,0,0,20000,-20000,-20000
051902,T50反1元大97購01,0,0,0,0,0,0,0,0,0,-20000,0,0,0,0,20000,-20000,-20000
052112,滬深2X中信99購01,0,0,0,0,0,0,0,0,0,-20000,0,0,0,0,20000,-20000,-20000
057284,新日興元大98購03,0,0,0,0,0,0,0,0,0,-20000,0,0,0,0,20000,-20000,-20000
057152,緯穎國票99購03  ,0,0,0,0,0,0,0,0,0,-20000,0,0,0,0,20000,-20000,-20000
057744,健策永豐98購02  ,0,0,0,0,0,0,0,0,0,-20000,0,0,0,43000,63000,-20000,-20000
060429,南六永豐9A購01  ,0,0,0,0,0,0,0,0,0,-20000,0,0,0,0,20000,-20000,-20000
057104,康友中信99購01  ,0,0,0,0,0,0,0,0,0,-20000,0,0,0,0,20000,-20000,-20000
060474,中租元大9B購01  ,0,0,0,0,0,0,0,0,0,-20000,0,0,0,61000,81000,-20000,-20000
060554,中租凱基9A購01  ,0,0,0,0,0,0,0,0,0,-20000,0,0,0,20000,40000,-20000,-20000
059069,臺指反元大9C購01,0,0,0,0,0,0,0,0,0,-20000,0,0,0,10000,30000,-20000,-20000
058250,台虹元大99購01  ,0,0,0,0,0,0,0,0,0,-20000,0,0,0,0,20000,-20000,-20000
058268,泰碩永豐9A購01  ,0,0,0,0,0,0,0,0,0,-20000,0,0,0,0,20000,-20000,-20000
057472,T50正2元大9B購03,0,0,0,0,0,0,0,0,0,-20000,0,0,0,0,20000,-20000,-20000
057410,南電群益98購01  ,0,0,0,0,0,0,0,0,0,-20000,0,0,0,0,20000,-20000,-20000
060023,T50反1國泰9A購03,0,0,0,0,0,0,0,0,0,-20000,0,0,0,0,20000,-20000,-20000
059795,鴻海國票99購07  ,0,0,0,0,0,0,0,0,0,-20000,0,0,0,6000,26000,-20000,-20000
058116,正崴中信99購02  ,0,0,0,0,0,0,0,0,0,-20000,0,0,0,0,20000,-20000,-20000
058986,華新科凱基9A購03,0,0,0,0,0,0,0,0,0,-20000,0,0,0,10000,30000,-20000,-20000
058040,FBVIX元大98購01 ,0,0,0,0,0,0,0,0,0,-20000,0,0,0,0,20000,-20000,-20000
058016,智邦凱基98購06  ,0,0,0,0,0,0,0,0,0,-20000,0,0,0,0,20000,-20000,-20000
057846,神達永豐98購01  ,0,0,0,0,0,0,0,0,0,-20000,0,0,0,0,20000,-20000,-20000
058077,超眾凱基98購02  ,0,0,0,0,0,0,0,0,0,-20000,0,0,0,0,20000,-20000,-20000
058391,T50反1元大99購02,0,0,0,0,0,0,0,0,0,-20000,0,0,0,0,20000,-20000,-20000
058403,玉晶光元大99購12,0,0,0,0,0,0,0,0,0,-20000,0,0,0,0,20000,-20000,-20000
058698,華通元大99購05  ,0,0,0,0,0,0,0,0,0,-20000,0,0,0,10000,30000,-20000,-20000
058840,T50反1群益99購02,0,0,0,0,0,0,0,0,0,-20000,0,0,0,0,20000,-20000,-20000
05880P,創意康和96售01  ,0,0,0,0,0,0,0,0,0,-20000,0,0,0,0,20000,-20000,-20000
058730,玉晶光永豐9A購01,0,0,0,0,0,0,0,0,0,-20000,0,0,0,0,20000,-20000,-20000
058463,宏達電兆豐99購02,0,0,0,0,0,0,0,0,0,-20000,0,0,0,0,20000,-20000,-20000
06060P,玉晶光元大97售03,0,0,0,0,0,0,0,0,0,-20000,0,0,0,60000,80000,-20000,-20000
060890,大立光統一01購01,0,0,0,0,0,0,0,0,0,-20000,0,0,0,10000,30000,-20000,-20000
060665,康控凱基9A購01  ,0,0,0,0,0,0,0,0,0,-20000,0,0,0,0,20000,-20000,-20000
063240,聯發科元大9B購17,0,0,0,0,0,0,0,0,0,-20000,0,0,0,4000,24000,-20000,-20000
063467,大立光元大9C購06,0,0,0,0,0,0,0,0,0,-20000,0,0,0,30000,50000,-20000,-20000
063377,泰鼎永豐9B購03  ,0,0,0,0,0,0,0,0,0,-20000,0,0,0,0,20000,-20000,-20000
063545,華通兆豐9B購03  ,0,0,0,0,0,0,0,0,0,-20000,0,0,0,6000,26000,-20000,-20000
062847,臺股指富邦9B購01,0,0,0,0,0,0,0,0,0,-20000,0,0,0,0,20000,-20000,-20000
062810,華通兆豐9B購02  ,0,0,0,0,0,0,0,0,0,-20000,0,0,0,20000,40000,-20000,-20000
063022,嘉晶元大9B購04  ,0,0,0,0,0,0,0,0,0,-20000,0,0,0,12000,32000,-20000,-20000
062916,智易元大9B購01  ,0,0,0,0,0,0,0,0,0,-20000,0,0,0,69000,89000,-20000,-20000
062913,創意元大9B購02  ,0,0,0,0,0,0,0,0,0,-20000,0,0,0,3000,23000,-20000,-20000
063018,聯發科元大9B購14,0,0,0,0,0,0,0,0,0,-20000,0,0,0,12000,32000,-20000,-20000
061850,國巨國票9C購02  ,0,0,0,0,0,0,0,0,0,-20000,0,0,0,20000,40000,-20000,-20000
061173,T50反1凱基04購01,0,0,0,0,0,0,0,0,0,-20000,0,0,0,0,20000,-20000,-20000
061291,玉晶光統一01購05,0,0,0,0,0,0,0,0,0,-20000,0,0,0,0,20000,-20000,-20000
061776,晶技國票9B購01  ,0,0,0,0,0,0,0,0,0,-20000,0,0,0,11000,31000,-20000,-20000
061667,友達中信9A購02  ,0,0,0,0,0,0,0,0,0,-20000,0,0,0,0,20000,-20000,-20000
061526,宏達電凱基9A購04,0,0,0,0,0,0,0,0,0,-20000,0,0,0,10000,30000,-20000,-20000
06143P,鴻海永豐97售02  ,0,0,0,0,0,0,0,0,0,-20000,0,0,0,12000,32000,-20000,-20000
061621,健策群益9A購05  ,0,0,0,0,0,0,0,0,0,-20000,0,0,0,4000,24000,-20000,-20000
061590,金寶永豐9A購01  ,0,0,0,0,0,0,0,0,0,-20000,0,0,0,0,20000,-20000,-20000
06560P,台積電統一98售07,0,0,0,0,0,0,0,0,0,-21000,0,0,0,0,21000,-21000,-21000
06386P,欣興永豐97售03  ,0,0,0,0,0,0,0,0,0,-21000,0,0,0,0,21000,-21000,-21000
064368,日月光統一01購01,0,0,0,0,0,0,0,0,0,-21000,0,0,0,0,21000,-21000,-21000
07759P,臺股指富邦9A售04,0,0,0,0,0,0,0,0,0,-21000,0,0,0,0,21000,-21000,-21000
07673P,電子類元大9A售01,0,0,0,0,0,0,0,0,0,-21000,0,0,0,0,21000,-21000,-21000
08045P,健策國票9B售01  ,0,0,0,0,0,0,0,0,0,-21000,0,0,0,0,21000,-21000,-21000
2496,卓越            ,0,21000,-21000,0,0,0,0,0,0,0,0,0,0,0,0,0,-21000
056922,全新兆豐99購01  ,0,0,0,0,0,0,0,0,0,-21000,0,0,0,0,21000,-21000,-21000
054866,宏盛群益98購01  ,0,0,0,0,0,0,0,0,0,-21000,0,0,0,0,21000,-21000,-21000
056548,瀚宇博凱基98購02,0,0,0,0,0,0,0,0,0,-21000,0,0,0,17000,38000,-21000,-21000
059533,富邦金凱基99購01,0,0,0,0,0,0,0,0,0,-21000,0,0,0,21000,42000,-21000,-21000
060602,京元電凱基9A購01,0,0,0,0,0,0,0,0,0,-21000,0,0,0,88000,109000,-21000,-21000
057655,奇力新中信98購05,0,0,0,0,0,0,0,0,0,-21000,0,0,0,50000,71000,-21000,-21000
058751,南茂凱基9A購01  ,0,0,0,0,0,0,0,0,0,-21000,0,0,0,0,21000,-21000,-21000
058700,鴻海元大99購15  ,0,0,0,0,0,0,0,0,0,-21000,0,0,0,0,21000,-21000,-21000
058984,全新凱基9A購03  ,0,0,0,0,0,0,0,0,0,-21000,0,0,0,10000,31000,-21000,-21000
058272,超眾永豐9A購01  ,0,0,0,0,0,0,0,0,0,-21000,0,0,0,0,21000,-21000,-21000
061510,嘉澤富邦9C購01  ,0,0,0,0,0,0,0,0,0,-21000,0,0,0,1000,22000,-21000,-21000
061412,儒鴻群益9A購01  ,0,0,0,0,0,0,0,0,0,-21000,0,0,0,0,21000,-21000,-21000
061112,台表科元大9A購03,0,0,0,0,0,0,0,0,0,-21000,0,0,0,10000,31000,-21000,-21000
061897,泰碩永豐9B購01  ,0,0,0,0,0,0,0,0,0,-21000,0,0,0,200000,221000,-21000,-21000
061947,旺宏群益9B購02  ,0,0,0,0,0,0,0,0,0,-21000,0,0,0,57000,78000,-21000,-21000
062146,大毅國票9B購01  ,0,0,0,0,0,0,0,0,0,-21000,0,0,0,4000,25000,-21000,-21000
062505,祥碩群益9B購03  ,0,0,0,0,0,0,0,0,0,-21000,0,0,0,21000,42000,-21000,-21000
062277,廣達群益9B購01  ,0,0,0,0,0,0,0,0,0,-21000,0,0,0,20000,41000,-21000,-21000
062319,南六凱基9B購02  ,0,0,0,0,0,0,0,0,0,-21000,0,0,0,1000,22000,-21000,-21000
062259,可成元大9B購03  ,0,0,0,0,0,0,0,0,0,-21000,0,0,0,58000,79000,-21000,-21000
062969,旺宏元富9B購01  ,0,0,0,0,0,0,0,0,0,-21000,0,0,0,0,21000,-21000,-21000
062803,嘉晶統一9B購02  ,0,0,0,0,0,0,0,0,0,-21000,0,0,0,10000,31000,-21000,-21000
062568,緯穎中信9C購01  ,0,0,0,0,0,0,0,0,0,-21000,0,0,0,141000,162000,-21000,-21000
1519,華城            ,140000,165000,-25000,0,0,0,0,0,0,3000,4000,1000,3000,0,0,0,-22000
2882A,國泰特          ,0,0,0,0,0,0,0,0,0,-22000,10000,32000,-22000,0,0,0,-22000
07837P,華邦電元大9A售01,0,0,0,0,0,0,0,0,0,-22000,0,0,0,13000,35000,-22000,-22000
08270P,鴻海富邦9C售02  ,0,0,0,0,0,0,0,0,0,-22000,0,0,0,28000,50000,-22000,-22000
064398,聚陽凱基01購01  ,0,0,0,0,0,0,0,0,0,-22000,0,0,0,0,22000,-22000,-22000
064236,奇力新統一01購04,0,0,0,0,0,0,0,0,0,-22000,0,0,0,33000,55000,-22000,-22000
064303,新光金兆豐01購01,0,0,0,0,0,0,0,0,0,-22000,0,0,0,0,22000,-22000,-22000
06411P,晶相光永豐97售03,0,0,0,0,0,0,0,0,0,-22000,0,0,0,0,22000,-22000,-22000
064227,和碩國票01購01  ,0,0,0,0,0,0,0,0,0,-22000,0,0,0,0,22000,-22000,-22000
064511,GIS元大9C購05   ,0,0,0,0,0,0,0,0,0,-22000,0,0,0,0,22000,-22000,-22000
06949P,台表科元大99售01,0,0,0,0,0,0,0,0,0,-22000,0,0,0,27000,49000,-22000,-22000
07333P,台灣50國票9B售03,0,0,0,0,0,0,0,0,0,-22000,0,0,0,0,22000,-22000,-22000
07062P,台積電元大99售15,0,0,0,0,0,0,0,0,0,-22000,0,0,0,0,22000,-22000,-22000
055716,致茂元大97購01  ,0,0,0,0,0,0,0,0,0,-22000,0,0,0,74000,96000,-22000,-22000
055591,全新元大98購01  ,0,0,0,0,0,0,0,0,0,-22000,0,0,0,0,22000,-22000,-22000
055075,南電永豐97購01  ,0,0,0,0,0,0,0,0,0,-22000,0,0,0,29000,51000,-22000,-22000
055814,晶豪科國票97購02,0,0,0,0,0,0,0,0,0,-22000,0,0,0,0,22000,-22000,-22000
056709,華通永豐98購01  ,0,0,0,0,0,0,0,0,0,-22000,0,0,0,4000,26000,-22000,-22000
053973,晶豪科元大96購01,0,0,0,0,0,0,0,0,0,-22000,0,0,0,50000,72000,-22000,-22000
060322,卜蜂群益9A購01  ,0,0,0,0,0,0,0,0,0,-22000,0,0,0,8000,30000,-22000,-22000
058242,玉晶光元大9A購01,0,0,0,0,0,0,0,0,0,-22000,0,0,0,46000,68000,-22000,-22000
058781,康友國票9A購01  ,0,0,0,0,0,0,0,0,0,-22000,0,0,0,183000,205000,-22000,-22000
059171,祥碩凱基99購04  ,0,0,0,0,0,0,0,0,0,-22000,0,0,0,7000,29000,-22000,-22000
059120,致伸永豐99購01  ,0,0,0,0,0,0,0,0,0,-22000,0,0,0,46000,68000,-22000,-22000
058011,台虹國票99購01  ,0,0,0,0,0,0,0,0,0,-22000,0,0,0,0,22000,-22000,-22000
058531,華通元富99購01  ,0,0,0,0,0,0,0,0,0,-22000,0,0,0,60000,82000,-22000,-22000
057603,樺漢群益98購02  ,0,0,0,0,0,0,0,0,0,-22000,0,0,0,0,22000,-22000,-22000
060942,智邦國票9A購02  ,0,0,0,0,0,0,0,0,0,-22000,0,0,0,38000,60000,-22000,-22000
060955,大立光群益9A購02,0,0,0,0,0,0,0,0,0,-22000,0,0,0,0,22000,-22000,-22000
062634,玉晶光國票9B購03,0,0,0,0,0,0,0,0,0,-22000,0,0,0,32000,54000,-22000,-22000
062984,致新元富9B購01  ,0,0,0,0,0,0,0,0,0,-22000,0,0,0,258000,280000,-22000,-22000
063073,瑞昱永豐9B購01  ,0,0,0,0,0,0,0,0,0,-22000,0,0,0,0,22000,-22000,-22000
063544,華新科台新9B購02,0,0,0,0,0,0,0,0,0,-22000,0,0,0,0,22000,-22000,-22000
061056,臺指反國票02購01,0,0,0,0,0,0,0,0,0,-22000,0,0,0,0,22000,-22000,-22000
061193,玉晶光永豐9B購02,0,0,0,0,0,0,0,0,0,-22000,0,0,0,0,22000,-22000,-22000
061668,信邦中信9B購01  ,0,0,0,0,0,0,0,0,0,-22000,0,0,0,49000,71000,-22000,-22000
07039P,南電台新99售01  ,0,0,0,0,0,0,0,0,0,-23000,0,0,0,0,23000,-23000,-23000
07312P,台灣50元大99售10,0,0,0,0,0,0,0,0,0,-23000,0,0,0,9000,32000,-23000,-23000
07423P,大立光元大99售33,0,0,0,0,0,0,0,0,0,-23000,0,0,0,2000,25000,-23000,-23000
064348,TPK元大9C購03   ,0,0,0,0,0,0,0,0,0,-23000,0,0,0,0,23000,-23000,-23000
063866,聯發科永豐9C購01,0,0,0,0,0,0,0,0,0,-23000,0,0,0,0,23000,-23000,-23000
08350P,臺股指中信9C售06,0,0,0,0,0,0,0,0,0,-23000,0,0,0,0,23000,-23000,-23000
2850,新產            ,56000,28000,28000,0,0,0,0,0,0,-51000,0,51000,-51000,0,0,0,-23000
055221,矽創凱基97購02  ,0,0,0,0,0,0,0,0,0,-23000,0,0,0,0,23000,-23000,-23000
054811,裕隆元大9A購01  ,0,0,0,0,0,0,0,0,0,-23000,0,0,0,40000,63000,-23000,-23000
059869,友達凱基99購07  ,0,0,0,0,0,0,0,0,0,-23000,0,0,0,0,23000,-23000,-23000
060564,南亞科富邦9C購01,0,0,0,0,0,0,0,0,0,-23000,0,0,0,0,23000,-23000,-23000
057900,南亞科永豐98購01,0,0,0,0,0,0,0,0,0,-23000,0,0,0,0,23000,-23000,-23000
058731,貿聯永豐99購02  ,0,0,0,0,0,0,0,0,0,-23000,0,0,0,157000,180000,-23000,-23000
060129,祥碩永豐99購03  ,0,0,0,0,0,0,0,0,0,-23000,0,0,0,7000,30000,-23000,-23000
057332,旺宏國票99購03  ,0,0,0,0,0,0,0,0,0,-23000,0,0,0,0,23000,-23000,-23000
058318,致茂永豐9A購01  ,0,0,0,0,0,0,0,0,0,-23000,0,0,0,91000,114000,-23000,-23000
060524,國巨中信9A購03  ,0,0,0,0,0,0,0,0,0,-23000,0,0,0,0,23000,-23000,-23000
061502,嘉澤國票9A購02  ,0,0,0,0,0,0,0,0,0,-23000,0,0,0,0,23000,-23000,-23000
061413,台勝科群益9A購01,0,0,0,0,0,0,0,0,0,-23000,0,0,0,51000,74000,-23000,-23000
063463,瑞昱元大9B購05  ,0,0,0,0,0,0,0,0,0,-23000,0,0,0,1000,24000,-23000,-23000
063425,台勝科凱基9B購02,0,0,0,0,0,0,0,0,0,-23000,0,0,0,20000,43000,-23000,-23000
063198,仁寶統一01購02  ,0,0,0,0,0,0,0,0,0,-23000,0,0,0,94000,117000,-23000,-23000
062630,全新國票9B購02  ,0,0,0,0,0,0,0,0,0,-23000,0,0,0,0,23000,-23000,-23000
6533,晶心科          ,66000,89000,-23000,0,0,0,0,0,0,0,1000,1000,0,0,0,0,-23000
2642,宅配通          ,99000,124000,-25000,0,0,0,0,0,0,1000,1000,0,1000,0,0,0,-24000
08028P,臺股指元大9B售30,0,0,0,0,0,0,0,0,0,-24000,0,0,0,0,24000,-24000,-24000
063895,新光金群益01購01,0,0,0,0,0,0,0,0,0,-24000,0,0,0,20000,44000,-24000,-24000
07276P,臺股指群益99售19,0,0,0,0,0,0,0,0,0,-24000,0,0,0,0,24000,-24000,-24000
06743P,創意永豐98售03  ,0,0,0,0,0,0,0,0,0,-24000,0,0,0,104000,128000,-24000,-24000
064477,南六國泰02購01  ,0,0,0,0,0,0,0,0,0,-24000,0,0,0,0,24000,-24000,-24000
056094,大立光元富97購03,0,0,0,0,0,0,0,0,0,-24000,0,0,0,6000,30000,-24000,-24000
056981,全新群益99購03  ,0,0,0,0,0,0,0,0,0,-24000,0,0,0,0,24000,-24000,-24000
055583,國巨元大97購10  ,0,0,0,0,0,0,0,0,0,-24000,0,0,0,12000,36000,-24000,-24000
056895,技嘉元大98購01  ,0,0,0,0,0,0,0,0,0,-24000,0,0,0,28000,52000,-24000,-24000
056891,國巨元大99購03  ,0,0,0,0,0,0,0,0,0,-24000,0,0,0,81000,105000,-24000,-24000
056898,全新元大98購02  ,0,0,0,0,0,0,0,0,0,-24000,0,0,0,0,24000,-24000,-24000
054569,GIS群益98購01   ,0,0,0,0,0,0,0,0,0,-24000,0,0,0,10000,34000,-24000,-24000
060545,台積電凱基9B購02,0,0,0,0,0,0,0,0,0,-24000,0,0,0,11000,35000,-24000,-24000
060509,宏達電元大9A購02,0,0,0,0,0,0,0,0,0,-24000,0,0,0,44000,68000,-24000,-24000
060383,葡萄王凱基9A購01,0,0,0,0,0,0,0,0,0,-24000,0,0,0,10000,34000,-24000,-24000
057445,華通元富02購01  ,0,0,0,0,0,0,0,0,0,-24000,0,0,0,98000,122000,-24000,-24000
05889P,群創元大98售02  ,0,0,0,0,0,0,0,0,0,-24000,0,0,0,32000,56000,-24000,-24000
058717,南電台新99購02  ,0,0,0,0,0,0,0,0,0,-24000,0,0,0,0,24000,-24000,-24000
058093,神達元大9A購01  ,0,0,0,0,0,0,0,0,0,-24000,0,0,0,111000,135000,-24000,-24000
060896,晶技凱基9A購02  ,0,0,0,0,0,0,0,0,0,-24000,0,0,0,14000,38000,-24000,-24000
060731,奇力新群益9A購01,0,0,0,0,0,0,0,0,0,-24000,0,0,0,3000,27000,-24000,-24000
063307,同欣電凱基9B購02,0,0,0,0,0,0,0,0,0,-24000,0,0,0,104000,128000,-24000,-24000
061224,道瓊反中信01購01,0,0,0,0,0,0,0,0,0,-24000,0,0,0,0,24000,-24000,-24000
061769,晶技元大9B購03  ,0,0,0,0,0,0,0,0,0,-24000,0,0,0,120000,144000,-24000,-24000
062176,元金2X元大9B購01,0,0,0,0,0,0,0,0,0,-24000,0,0,0,0,24000,-24000,-24000
062314,玉晶光凱基9B購06,0,0,0,0,0,0,0,0,0,-24000,0,0,0,36000,60000,-24000,-24000
061933,光寶科國票9B購01,0,0,0,0,0,0,0,0,0,-24000,0,0,0,21000,45000,-24000,-24000
061915,T50反1凱基02購02,0,0,0,0,0,0,0,0,0,-24000,0,0,0,90000,114000,-24000,-24000
06752P,訊芯凱基98售05  ,0,0,0,0,0,0,0,0,0,-25000,0,0,0,0,25000,-25000,-25000
07264P,台積電元大99售38,0,0,0,0,0,0,0,0,0,-25000,0,0,0,0,25000,-25000,-25000
07462P,臺股指元大9B售05,0,0,0,0,0,0,0,0,0,-25000,0,0,0,0,25000,-25000,-25000
07091P,SGBR2X凱基9A售02,0,0,0,0,0,0,0,0,0,-25000,0,0,0,0,25000,-25000,-25000
07098P,台積電元大99售18,0,0,0,0,0,0,0,0,0,-25000,0,0,0,30000,55000,-25000,-25000
064397,旭富永豐9C購01  ,0,0,0,0,0,0,0,0,0,-25000,0,0,0,0,25000,-25000,-25000
064270,華通元大9C購03  ,0,0,0,0,0,0,0,0,0,-25000,0,0,0,0,25000,-25000,-25000
064092,世紀鋼凱基9C購03,0,0,0,0,0,0,0,0,0,-25000,0,0,0,46000,71000,-25000,-25000
07950P,智邦元大9B售04  ,0,0,0,0,0,0,0,0,0,-25000,0,0,0,0,25000,-25000,-25000
07637P,國巨國票9A售08  ,0,0,0,0,0,0,0,0,0,-25000,0,0,0,0,25000,-25000,-25000
08223P,臺股指凱基9B售18,0,0,0,0,0,0,0,0,0,-25000,0,0,0,50000,75000,-25000,-25000
08191P,鴻海台新9B售03  ,0,0,0,0,0,0,0,0,0,-25000,0,0,0,0,25000,-25000,-25000
4536,拓凱            ,23000,48000,-25000,0,0,0,0,0,0,0,0,0,0,0,0,0,-25000
2442,新美齊          ,99000,124000,-25000,0,0,0,0,1000,-1000,1000,2000,1000,1000,0,0,0,-25000
052003,泰碩國泰97購02  ,0,0,0,0,0,0,0,0,0,-25000,0,0,0,2000,27000,-25000,-25000
04731P,臺股指中信96售03,0,0,0,0,0,0,0,0,0,-25000,0,0,0,25000,50000,-25000,-25000
054152,漢唐國泰98購02  ,0,0,0,0,0,0,0,0,0,-25000,0,0,0,0,25000,-25000,-25000
056416,華新科中信98購01,0,0,0,0,0,0,0,0,0,-25000,0,0,0,0,25000,-25000,-25000
056251,聯發科兆豐97購02,0,0,0,0,0,0,0,0,0,-25000,0,0,0,0,25000,-25000,-25000
056266,開發金統一9A購01,0,0,0,0,0,0,0,0,0,-25000,0,0,0,115000,140000,-25000,-25000
059288,旺宏元富99購03  ,0,0,0,0,0,0,0,0,0,-25000,0,0,0,0,25000,-25000,-25000
059364,昇陽半永豐99購02,0,0,0,0,0,0,0,0,0,-25000,0,0,0,31000,56000,-25000,-25000
059400,滬深2X元富9C購04,0,0,0,0,0,0,0,0,0,-25000,0,0,0,0,25000,-25000,-25000
056624,景碩永豐98購01  ,0,0,0,0,0,0,0,0,0,-25000,0,0,0,119000,144000,-25000,-25000
056511,超眾永豐98購01  ,0,0,0,0,0,0,0,0,0,-25000,0,0,0,0,25000,-25000,-25000
055197,致新元富97購02  ,0,0,0,0,0,0,0,0,0,-25000,0,0,0,66000,91000,-25000,-25000
056695,景碩群益99購01  ,0,0,0,0,0,0,0,0,0,-25000,0,0,0,0,25000,-25000,-25000
055430,宏達電群益97購01,0,0,0,0,0,0,0,0,0,-25000,0,0,0,0,25000,-25000,-25000
060736,旺宏統一01購01  ,0,0,0,0,0,0,0,0,0,-25000,0,0,0,0,25000,-25000,-25000
060894,奇力新凱基9A購03,0,0,0,0,0,0,0,0,0,-25000,0,0,0,10000,35000,-25000,-25000
057663,國巨元大99購08  ,0,0,0,0,0,0,0,0,0,-25000,0,0,0,0,25000,-25000,-25000
059113,群光永豐99購01  ,0,0,0,0,0,0,0,0,0,-25000,0,0,0,10000,35000,-25000,-25000
058699,楠梓電元大99購02,0,0,0,0,0,0,0,0,0,-25000,0,0,0,107000,132000,-25000,-25000
058265,奇力新永豐9A購01,0,0,0,0,0,0,0,0,0,-25000,0,0,0,0,25000,-25000,-25000
060108,泰鼎元大99購04  ,0,0,0,0,0,0,0,0,0,-25000,0,0,0,15000,40000,-25000,-25000
060420,神基永豐9A購01  ,0,0,0,0,0,0,0,0,0,-25000,0,0,0,0,25000,-25000,-25000
05773P,臺股指凱基99售03,0,0,0,0,0,0,0,0,0,-25000,0,0,0,0,25000,-25000,-25000
062153,智邦麥證9B購01  ,0,0,0,42000,72000,-30000,0,0,0,-25000,0,0,0,47000,72000,-25000,-25000
062483,致新國票9B購01  ,0,0,0,0,0,0,0,0,0,-25000,0,0,0,34000,59000,-25000,-25000
062361,智邦元大9B購06  ,0,0,0,0,0,0,0,0,0,-25000,0,0,0,67000,92000,-25000,-25000
06177P,玉晶光元大98售07,0,0,0,0,0,0,0,0,0,-25000,0,0,0,2000,27000,-25000,-25000
061450,嘉晶中信9A購01  ,0,0,0,0,0,0,0,0,0,-25000,0,0,0,10000,35000,-25000,-25000
063251,同欣電元大9B購04,0,0,0,0,0,0,0,0,0,-25000,0,0,0,68000,93000,-25000,-25000
063603,友達凱基9B購05  ,0,0,0,0,0,0,0,0,0,-25000,0,0,0,30000,55000,-25000,-25000
06356P,啟碁永豐97售01  ,0,0,0,0,0,0,0,0,0,-25000,0,0,0,0,25000,-25000,-25000
063085,嘉澤凱基9C購01  ,0,0,0,0,0,0,0,0,0,-25000,0,0,0,0,25000,-25000,-25000
063067,緯穎麥證9B購01  ,0,0,0,0,25000,-25000,0,0,0,-25000,0,0,0,0,25000,-25000,-25000
6183,關貿            ,83000,52000,31000,0,0,0,0,0,0,-56000,3000,59000,-56000,0,0,0,-25000
6120,達運            ,141000,178000,-37000,0,0,0,0,0,0,12000,14000,2000,12000,0,0,0,-25000
5706,鳳凰            ,9000,35000,-26000,0,0,0,0,0,0,1000,1000,0,1000,0,0,0,-25000
064003,台積電凱基01購03,0,0,0,0,0,0,0,0,0,-26000,0,0,0,0,26000,-26000,-26000
06593P,欣興元大98售05  ,0,0,0,0,0,0,0,0,0,-26000,0,0,0,5000,31000,-26000,-26000
054757,南亞國票98購01  ,0,0,0,0,0,0,0,0,0,-26000,0,0,0,20000,46000,-26000,-26000
059885,台積電國票99購12,0,0,0,0,0,0,0,0,0,-26000,0,0,0,27000,53000,-26000,-26000
054297,台郡元大98購01  ,0,0,0,0,0,0,0,0,0,-26000,0,0,0,0,26000,-26000,-26000
047213,新日興富邦97購01,0,0,0,0,0,0,0,0,0,-26000,0,0,0,0,26000,-26000,-26000
00660,元大歐洲50      ,0,0,0,0,0,0,0,0,0,-26000,0,0,0,9000,35000,-26000,-26000
060552,群創凱基9B購05  ,0,0,0,0,0,0,0,0,0,-26000,0,0,0,18000,44000,-26000,-26000
059021,台積電統一9B購07,0,0,0,0,0,0,0,0,0,-26000,0,0,0,24000,50000,-26000,-26000
057376,新日興元大98購04,0,0,0,0,0,0,0,0,0,-26000,0,0,0,0,26000,-26000,-26000
058881,全新永豐99購01  ,0,0,0,0,0,0,0,0,0,-26000,0,0,0,0,26000,-26000,-26000
058517,景碩元大99購06  ,0,0,0,0,0,0,0,0,0,-26000,0,0,0,73000,99000,-26000,-26000
062813,台積電兆豐9B購01,0,0,0,0,0,0,0,0,0,-26000,0,0,0,50000,76000,-26000,-26000
061616,鴻海群益9A購07  ,0,0,0,0,0,0,0,0,0,-26000,0,0,0,4000,30000,-26000,-26000
061229,緯穎中信9B購01  ,0,0,0,0,0,0,0,0,0,-26000,0,0,0,129000,155000,-26000,-26000
062301,聯詠中信05購01  ,0,0,0,0,0,0,0,0,0,-26000,0,0,0,0,26000,-26000,-26000
9942,茂順            ,17000,44773,-27773,0,0,0,0,0,0,1000,1000,0,1000,0,0,0,-26773
06491P,台積電富邦99售02,0,0,0,0,0,0,0,0,0,-27000,0,0,0,138000,165000,-27000,-27000
07517P,台積電元大9A售17,0,0,0,0,0,0,0,0,0,-27000,0,0,0,0,27000,-27000,-27000
063962,台達電國票01購01,0,0,0,0,0,0,0,0,0,-27000,0,0,0,258000,285000,-27000,-27000
063867,全新永豐9C購01  ,0,0,0,0,0,0,0,0,0,-27000,0,0,0,33000,60000,-27000,-27000
064271,鴻海元大9C購08  ,0,0,0,0,0,0,0,0,0,-27000,0,0,0,26000,53000,-27000,-27000
07890P,南電國票9B售01  ,0,0,0,0,0,0,0,0,0,-27000,0,0,0,0,27000,-27000,-27000
08054P,臺股指國票9B售19,0,0,0,0,0,0,0,0,0,-27000,0,0,0,103000,130000,-27000,-27000
054170,泰鼎凱基98購01  ,0,0,0,0,0,0,0,0,0,-27000,0,0,0,0,27000,-27000,-27000
055779,國泰金凱基97購02,0,0,0,0,0,0,0,0,0,-27000,0,0,0,90000,117000,-27000,-27000
056723,國巨中信9A購01  ,0,0,0,0,0,0,0,0,0,-27000,0,0,0,36000,63000,-27000,-27000
057672,茂林元大98購02  ,0,0,0,0,0,0,0,0,0,-27000,0,0,0,41000,68000,-27000,-27000
058622,國巨國票99購07  ,0,0,0,0,0,0,0,0,0,-27000,0,0,0,6000,33000,-27000,-27000
058008,禾伸堂國票99購02,0,0,0,0,0,0,0,0,0,-27000,0,0,0,27000,54000,-27000,-27000
057317,技嘉凱基98購02  ,0,0,0,0,0,0,0,0,0,-27000,0,0,0,21000,48000,-27000,-27000
060241,國泰金元大9A購01,0,0,0,0,0,0,0,0,0,-27000,0,0,0,78000,105000,-27000,-27000
061131,崇越永豐9A購01  ,0,0,0,0,0,0,0,0,0,-27000,0,0,0,41000,68000,-27000,-27000
061611,南六統一01購01  ,0,0,0,0,0,0,0,0,0,-27000,0,0,0,30000,57000,-27000,-27000
061501,嘉澤國票9A購01  ,0,0,0,0,0,0,0,0,0,-27000,0,0,0,6000,33000,-27000,-27000
063057,祥碩統一03購01  ,0,0,0,0,0,0,0,0,0,-27000,0,0,0,8000,35000,-27000,-27000
063036,聯發科凱基9B購11,0,0,0,0,0,0,0,0,0,-27000,0,0,0,0,27000,-27000,-27000
063404,金像電國票9B購01,0,0,0,0,0,0,0,0,0,-27000,0,0,0,26000,53000,-27000,-27000
08194P,同欣電國票9C售03,0,0,0,0,0,0,0,0,0,-28000,0,0,0,0,28000,-28000,-28000
064263,貿聯永豐9C購01  ,0,0,0,0,0,0,0,0,0,-28000,0,0,0,24000,52000,-28000,-28000
064394,全新永豐9C購02  ,0,0,0,0,0,0,0,0,0,-28000,0,0,0,5000,33000,-28000,-28000
064317,日月光群益9C購01,0,0,0,0,0,0,0,0,0,-28000,0,0,0,0,28000,-28000,-28000
064083,群創中信06購01  ,0,0,0,0,0,0,0,0,0,-28000,0,0,0,0,28000,-28000,-28000
064141,國巨統一01購08  ,0,0,0,0,0,0,0,0,0,-28000,0,0,0,0,28000,-28000,-28000
07580P,緯穎元大9A售03  ,0,0,0,0,0,0,0,0,0,-28000,0,0,0,78000,106000,-28000,-28000
07099P,台積電元大99售19,0,0,0,0,0,0,0,0,0,-28000,0,0,0,45000,73000,-28000,-28000
07106P,國巨統一9B售05  ,0,0,0,0,0,0,0,0,0,-28000,0,0,0,0,28000,-28000,-28000
06765P,欣興元大98售11  ,0,0,0,0,0,0,0,0,0,-28000,0,0,0,60000,88000,-28000,-28000
056669,貿聯國票99購01  ,0,0,0,0,0,0,0,0,0,-28000,0,0,0,61000,89000,-28000,-28000
056637,台光電日盛9A購01,0,0,0,0,0,0,0,0,0,-28000,0,0,0,0,28000,-28000,-28000
056581,超眾元大99購01  ,0,0,0,0,0,0,0,0,0,-28000,0,0,0,30000,58000,-28000,-28000
054420,緯穎元大96購08  ,0,0,0,0,0,0,0,0,0,-28000,0,0,0,0,28000,-28000,-28000
053797,台積電中信98購01,0,0,0,0,0,0,0,0,0,-28000,0,0,0,30000,58000,-28000,-28000
055444,致新台新97購01  ,0,0,0,0,0,0,0,0,0,-28000,0,0,0,0,28000,-28000,-28000
060229,楠梓電元大9C購01,0,0,0,0,0,0,0,0,0,-28000,0,0,0,11000,39000,-28000,-28000
060064,華新科兆豐99購07,0,0,0,0,0,0,0,0,0,-28000,0,0,0,0,28000,-28000,-28000
057813,京元電元大98購03,0,0,0,0,0,0,0,0,0,-28000,0,0,0,273000,301000,-28000,-28000
057955,技嘉元大98購07  ,0,0,0,0,0,0,0,0,0,-28000,0,0,0,129000,157000,-28000,-28000
057862,智邦凱基99購01  ,0,0,0,0,0,0,0,0,0,-28000,0,0,0,40000,68000,-28000,-28000
058399,美律元大99購05  ,0,0,0,0,0,0,0,0,0,-28000,0,0,0,236000,264000,-28000,-28000
058557,健策第一01購01  ,0,0,0,0,0,0,0,0,0,-28000,0,0,0,20000,48000,-28000,-28000
059188,京元電富邦9B購01,0,0,0,0,0,0,0,0,0,-28000,0,0,0,94000,122000,-28000,-28000
060654,大毅群益9B購01  ,0,0,0,0,0,0,0,0,0,-28000,0,0,0,206000,234000,-28000,-28000
061037,嘉澤永豐9A購01  ,0,0,0,0,0,0,0,0,0,-28000,0,0,0,13000,41000,-28000,-28000
063392,聯電群益9B購02  ,0,0,0,0,0,0,0,0,0,-28000,0,0,0,0,28000,-28000,-28000
063579,GIS元大9C購01   ,0,0,0,0,0,0,0,0,0,-28000,0,0,0,1000,29000,-28000,-28000
062786,立積元大9C購03  ,0,0,0,0,0,0,0,0,0,-28000,0,0,0,177000,205000,-28000,-28000
061507,南電國票9A購05  ,0,0,0,0,0,0,0,0,0,-28000,0,0,0,0,28000,-28000,-28000
062293,麗豐永豐9B購01  ,0,0,0,0,0,0,0,0,0,-28000,0,0,0,0,28000,-28000,-28000
8104,錸寶            ,30000,57000,-27000,0,0,0,0,0,0,-1000,0,1000,-1000,0,0,0,-28000
064336,可成元大9C購06  ,0,0,0,0,0,0,0,0,0,-29000,0,0,0,27000,56000,-29000,-29000
063806,瀚宇博兆豐01購01,0,0,0,0,0,0,0,0,0,-29000,0,0,0,88000,117000,-29000,-29000
08219P,上銀凱基9B售08  ,0,0,0,0,0,0,0,0,0,-29000,0,0,0,115000,144000,-29000,-29000
07747P,晶技凱基9A售04  ,0,0,0,0,0,0,0,0,0,-29000,0,0,0,0,29000,-29000,-29000
2634,漢翔            ,358000,348000,10000,0,0,0,0,0,0,-39000,11000,50000,-39000,0,0,0,-29000
056984,嘉晶群益98購01  ,0,0,0,0,0,0,0,0,0,-29000,0,0,0,0,29000,-29000,-29000
056506,晶豪科永豐98購02,0,0,0,0,0,0,0,0,0,-29000,0,0,0,27000,56000,-29000,-29000
056851,瑞儀元富98購01  ,0,0,0,0,0,0,0,0,0,-29000,0,0,0,37000,66000,-29000,-29000
058502,鴻海元大99購13  ,0,0,0,0,0,0,0,0,0,-29000,0,0,0,1000,30000,-29000,-29000
058848,台積電群益99購07,0,0,0,0,0,0,0,0,0,-29000,0,0,0,11000,40000,-29000,-29000
058842,元油2X群益9C購01,0,0,0,0,0,0,0,0,0,-29000,0,0,0,0,29000,-29000,-29000
060150,華通富邦9B購01  ,0,0,0,0,0,0,0,0,0,-29000,0,0,0,0,29000,-29000,-29000
062294,盛群永豐9B購01  ,0,0,0,0,0,0,0,0,0,-29000,0,0,0,0,29000,-29000,-29000
063598,國巨凱基9B購14  ,0,0,0,0,0,0,0,0,0,-29000,0,0,0,20000,49000,-29000,-29000
063710,光寶科凱基9C購01,0,0,0,0,0,0,0,0,0,-29000,0,0,0,73000,102000,-29000,-29000
063308,緯穎凱基9B購05  ,0,0,0,0,0,0,0,0,0,-29000,0,0,0,81000,110000,-29000,-29000
2601,益航            ,282000,319000,-37000,0,0,0,0,0,0,7000,7000,0,7000,0,0,0,-30000
07756P,台灣50國票04售01,0,0,0,0,0,0,0,0,0,-30000,0,0,0,10000,40000,-30000,-30000
07762P,聯發科永豐9A售03,0,0,0,0,0,0,0,0,0,-30000,0,0,0,0,30000,-30000,-30000
08059P,京鼎元大9B售02  ,0,0,0,0,0,0,0,0,0,-30000,0,0,0,0,30000,-30000,-30000
08244P,同欣電凱基9C售03,0,0,0,0,0,0,0,0,0,-30000,0,0,0,30000,60000,-30000,-30000
08240P,華通中信06售03  ,0,0,0,0,0,0,0,0,0,-30000,0,0,0,0,30000,-30000,-30000
08226P,台灣50元大9B售26,0,0,0,0,0,0,0,0,0,-30000,0,0,0,0,30000,-30000,-30000
08263P,台表科元大9C售06,0,0,0,0,0,0,0,0,0,-30000,0,0,0,20000,50000,-30000,-30000
08278P,玉晶光元富9C售02,0,0,0,0,0,0,0,0,0,-30000,0,0,0,10000,40000,-30000,-30000
08196P,上銀元大9B售07  ,0,0,0,0,0,0,0,0,0,-30000,0,0,0,0,30000,-30000,-30000
08153P,台表科統一9B售01,0,0,0,0,0,0,0,0,0,-30000,0,0,0,0,30000,-30000,-30000
08105P,景碩元大9B售01  ,0,0,0,0,0,0,0,0,0,-30000,0,0,0,0,30000,-30000,-30000
08329P,台達電統一9C售02,0,0,0,0,0,0,0,0,0,-30000,0,0,0,40000,70000,-30000,-30000
063921,大立光元富9C購03,0,0,0,0,0,0,0,0,0,-30000,0,0,0,82000,112000,-30000,-30000
063930,高鐵統一02購02  ,0,0,0,0,0,0,0,0,0,-30000,0,0,0,0,30000,-30000,-30000
064362,友達統一01購02  ,0,0,0,0,0,0,0,0,0,-30000,0,0,0,0,30000,-30000,-30000
064249,聯發科元富06購01,0,0,0,0,0,0,0,0,0,-30000,0,0,0,70000,100000,-30000,-30000
06893P,致新元富98售02  ,0,0,0,0,0,0,0,0,0,-30000,0,0,0,0,30000,-30000,-30000
06870P,台灣50群益9A售03,0,0,0,0,0,0,0,0,0,-30000,0,0,0,0,30000,-30000,-30000
06848P,聯詠元大98售04  ,0,0,0,0,0,0,0,0,0,-30000,0,0,0,150000,180000,-30000,-30000
06631P,玉晶光群益9A售03,0,0,0,0,0,0,0,0,0,-30000,0,0,0,0,30000,-30000,-30000
06633P,國巨國票99售01  ,0,0,0,0,0,0,0,0,0,-30000,0,0,0,0,30000,-30000,-30000
07148P,富邦金元大99售01,0,0,0,0,0,0,0,0,0,-30000,0,0,0,0,30000,-30000,-30000
07593P,臺股指凱基9A售08,0,0,0,0,0,0,0,0,0,-30000,0,0,0,5000,35000,-30000,-30000
07377P,聯發科元大99售40,0,0,0,0,0,0,0,0,0,-30000,0,0,0,0,30000,-30000,-30000
056200,大毅永豐98購01  ,0,0,0,0,0,0,0,0,0,-30000,0,0,0,0,30000,-30000,-30000
059443,嘉聯益元大9B購01,0,0,0,0,0,0,0,0,0,-30000,0,0,0,10000,40000,-30000,-30000
055609,旺宏國票99購01  ,0,0,0,0,0,0,0,0,0,-30000,0,0,0,0,30000,-30000,-30000
056719,台虹永豐98購01  ,0,0,0,0,0,0,0,0,0,-30000,0,0,0,0,30000,-30000,-30000
056753,群創兆豐98購02  ,0,0,0,0,0,0,0,0,0,-30000,0,0,0,0,30000,-30000,-30000
055912,宏達電凱基98購03,0,0,0,0,0,0,0,0,0,-30000,0,0,0,0,30000,-30000,-30000
055257,景碩統一97購01  ,0,0,0,0,0,0,0,0,0,-30000,0,0,0,94000,124000,-30000,-30000
054980,國巨元富97購01  ,0,0,0,0,0,0,0,0,0,-30000,0,0,0,931000,961000,-30000,-30000
056940,嘉聯益元富98購01,0,0,0,0,0,0,0,0,0,-30000,0,0,0,0,30000,-30000,-30000
056433,鴻海凱基98購09  ,0,0,0,0,0,0,0,0,0,-30000,0,0,0,0,30000,-30000,-30000
054749,聯茂凱基98購01  ,0,0,0,0,0,0,0,0,0,-30000,0,0,0,0,30000,-30000,-30000
053583,漢唐元大96購03  ,0,0,0,0,0,0,0,0,0,-30000,0,0,0,0,30000,-30000,-30000
053893,京鼎群益97購02  ,0,0,0,0,0,0,0,0,0,-30000,0,0,0,0,30000,-30000,-30000
052594,友訊群益98購01  ,0,0,0,0,0,0,0,0,0,-30000,0,0,0,0,30000,-30000,-30000
052659,上証2X國票99購01,0,0,0,0,0,0,0,0,0,-30000,0,0,0,0,30000,-30000,-30000
053501,明泰兆豐96購01  ,0,0,0,0,0,0,0,0,0,-30000,0,0,0,10000,40000,-30000,-30000
053364,友達國泰98購01  ,0,0,0,0,0,0,0,0,0,-30000,0,0,0,20000,50000,-30000,-30000
053384,聯發科元大96購13,0,0,0,0,0,0,0,0,0,-30000,0,0,0,3000,33000,-30000,-30000
053132,國巨國票97購02  ,0,0,0,0,0,0,0,0,0,-30000,0,0,0,0,30000,-30000,-30000
051850,臻鼎中信96購01  ,0,0,0,0,0,0,0,0,0,-30000,0,0,0,0,30000,-30000,-30000
059922,大立光元大99購25,0,0,0,0,0,0,0,0,0,-30000,0,0,0,20000,50000,-30000,-30000
058257,聯陽國泰9B購01  ,0,0,0,0,0,0,0,0,0,-30000,0,0,0,0,30000,-30000,-30000
057468,台郡永豐98購01  ,0,0,0,0,0,0,0,0,0,-30000,0,0,0,0,30000,-30000,-30000
058221,上銀統一99購04  ,0,0,0,0,0,0,0,0,0,-30000,0,0,0,0,30000,-30000,-30000
058294,華新科凱基9A購01,0,0,0,0,0,0,0,0,0,-30000,0,0,0,0,30000,-30000,-30000
057217,奇力新群益99購01,0,0,0,0,0,0,0,0,0,-30000,0,0,0,0,30000,-30000,-30000
057268,臻鼎兆豐99購01  ,0,0,0,0,0,0,0,0,0,-30000,0,0,0,0,30000,-30000,-30000
060379,T50反1凱基9A購07,0,0,0,0,0,0,0,0,0,-30000,0,0,0,0,30000,-30000,-30000
057856,聯鈞國票99購03  ,0,0,0,0,0,0,0,0,0,-30000,0,0,0,0,30000,-30000,-30000
058014,上銀凱基99購02  ,0,0,0,0,0,0,0,0,0,-30000,0,0,0,0,30000,-30000,-30000
060646,南電永豐9A購01  ,0,0,0,0,0,0,0,0,0,-30000,0,0,0,61000,91000,-30000,-30000
060604,宏達電凱基9B購01,0,0,0,0,0,0,0,0,0,-30000,0,0,0,0,30000,-30000,-30000
060964,日月光凱基9A購01,0,0,0,0,0,0,0,0,0,-30000,0,0,0,0,30000,-30000,-30000
060679,聯詠元大9A購04  ,0,0,0,0,0,0,0,0,0,-30000,0,0,0,5000,35000,-30000,-30000
060698,旺宏國泰9C購01  ,0,0,0,0,0,0,0,0,0,-30000,0,0,0,0,30000,-30000,-30000
063619,聯發科兆豐01購01,0,0,0,0,0,0,0,0,0,-30000,0,0,0,0,30000,-30000,-30000
063487,國巨國泰01購02  ,0,0,0,0,0,0,0,0,0,-30000,0,0,0,1000,31000,-30000,-30000
063517,遠東新凱基01購01,0,0,0,0,0,0,0,0,0,-30000,0,0,0,10000,40000,-30000,-30000
062540,茂林國泰9C購01  ,0,0,0,0,0,0,0,0,0,-30000,0,0,0,0,30000,-30000,-30000
063126,TPK元大9B購01   ,0,0,0,0,0,0,0,0,0,-30000,0,0,0,60000,90000,-30000,-30000
062907,可成元大9C購03  ,0,0,0,0,0,0,0,0,0,-30000,0,0,0,46000,76000,-30000,-30000
062236,信邦凱基9B購01  ,0,0,0,0,0,0,0,0,0,-30000,0,0,0,0,30000,-30000,-30000
062464,T50反1凱基9C購03,0,0,0,0,0,0,0,0,0,-30000,0,0,0,0,30000,-30000,-30000
06186P,鴻海統一97售02  ,0,0,0,0,0,0,0,0,0,-30000,0,0,0,10000,40000,-30000,-30000
061613,南六統一9C購01  ,0,0,0,0,0,0,0,0,0,-30000,0,0,0,20000,50000,-30000,-30000
061531,奇鋐台新9A購01  ,0,0,0,0,0,0,0,0,0,-30000,0,0,0,23000,53000,-30000,-30000
061225,台積電中信9A購04,0,0,0,0,0,0,0,0,0,-30000,0,0,0,0,30000,-30000,-30000
07084P,S&P正2元富9B售02,0,0,0,0,0,0,0,0,0,-31000,0,0,0,0,31000,-31000,-31000
00703,台新MSCI中國    ,1000,1000,0,0,0,0,0,0,0,-31000,0,0,0,111000,142000,-31000,-31000
054291,高鐵元大97購01  ,0,0,0,0,0,0,0,0,0,-31000,0,0,0,190000,221000,-31000,-31000
058378,南電凱基99購01  ,0,0,0,0,0,0,0,0,0,-31000,0,0,0,20000,51000,-31000,-31000
058782,臺股指國票99購01,0,0,0,0,0,0,0,0,0,-31000,0,0,0,0,31000,-31000,-31000
060386,台勝科凱基9B購01,0,0,0,0,0,0,0,0,0,-31000,0,0,0,1000,32000,-31000,-31000
058274,世紀鋼永豐99購01,0,0,0,0,0,0,0,0,0,-31000,0,0,0,162000,193000,-31000,-31000
061402,矽創兆豐9B購01  ,0,0,0,0,0,0,0,0,0,-31000,0,0,0,5000,36000,-31000,-31000
061408,華新科國票9A購06,0,0,0,0,0,0,0,0,0,-31000,0,0,0,38000,69000,-31000,-31000
061957,上銀統一01購01  ,5000,0,5000,0,0,0,0,0,0,-36000,0,0,0,38000,74000,-36000,-31000
062149,牧德國票9B購01  ,0,0,0,0,0,0,0,0,0,-31000,0,0,0,0,31000,-31000,-31000
062898,華通元大9B購05  ,0,0,0,0,0,0,0,0,0,-31000,0,0,0,180000,211000,-31000,-31000
063076,柏文永豐9B購02  ,0,0,0,0,0,0,0,0,0,-31000,0,0,0,100000,131000,-31000,-31000
062514,玉晶光國票9C購02,0,0,0,0,0,0,0,0,0,-31000,0,0,0,47000,78000,-31000,-31000
063193,聯發科台新9B購02,0,0,0,0,0,0,0,0,0,-31000,0,0,0,0,31000,-31000,-31000
06333P,臺股指群益9C售02,0,0,0,0,0,0,0,0,0,-31000,0,0,0,10000,41000,-31000,-31000
063440,上銀統一01購02  ,0,0,0,0,0,0,0,0,0,-31000,0,0,0,4000,35000,-31000,-31000
4919,新唐            ,226000,261000,-35000,0,0,0,0,0,0,4000,0,0,0,10000,6000,4000,-31000
07058P,台積電凱基9A售07,0,0,0,0,0,0,0,0,0,-32000,0,0,0,20000,52000,-32000,-32000
07504P,聯詠元大9A售02  ,0,0,0,0,0,0,0,0,0,-32000,0,0,0,100000,132000,-32000,-32000
07687P,上銀元大9A售06  ,0,0,0,0,0,0,0,0,0,-32000,0,0,0,0,32000,-32000,-32000
4133,亞諾法          ,1681000,1702000,-21000,0,0,0,0,0,0,-11000,0,11000,-11000,0,0,0,-32000
3702A,大聯大甲特      ,0,5000,-5000,0,0,0,0,0,0,-27000,0,27000,-27000,0,0,0,-32000
1702,南僑            ,64000,96000,-32000,0,0,0,0,0,0,0,0,0,0,0,0,0,-32000
049255,旺宏元大97購02  ,0,0,0,0,0,0,0,0,0,-32000,0,0,0,68000,100000,-32000,-32000
052766,玉晶光群益9A購01,0,0,0,0,0,0,0,0,0,-32000,0,0,0,0,32000,-32000,-32000
055215,智邦凱基98購02  ,0,0,0,0,0,0,0,0,0,-32000,0,0,0,20000,52000,-32000,-32000
055657,超眾元富97購02  ,0,0,0,0,0,0,0,0,0,-32000,0,0,0,1000,33000,-32000,-32000
059611,台積電永豐99購05,0,0,0,0,0,0,0,0,0,-32000,0,0,0,73000,105000,-32000,-32000
059664,立積元大9C購01  ,0,0,0,0,0,0,0,0,0,-32000,0,0,0,0,32000,-32000,-32000
060416,神隆永豐9A購01  ,0,0,0,0,0,0,0,0,0,-32000,0,0,0,105000,137000,-32000,-32000
058930,華新科統一9B購01,0,0,0,0,0,0,0,0,0,-32000,0,0,0,42000,74000,-32000,-32000
058630,日月光國票9A購01,0,0,0,0,0,0,0,0,0,-32000,0,0,0,8000,40000,-32000,-32000
060764,華擎元大9A購03  ,0,0,0,0,0,0,0,0,0,-32000,0,0,0,64000,96000,-32000,-32000
059199,欣興永豐99購02  ,0,0,0,0,0,0,0,0,0,-32000,0,0,0,17000,49000,-32000,-32000
063225,茂林群益9B購04  ,0,0,0,0,0,0,0,0,0,-32000,0,0,0,3000,35000,-32000,-32000
063325,SP黃豆國票9C購02,0,0,0,0,0,0,0,0,0,-32000,0,0,0,0,32000,-32000,-32000
062619,台表科元大9B購03,0,0,0,0,0,0,0,0,0,-32000,0,0,0,50000,82000,-32000,-32000
062685,華新科統一9C購03,0,0,0,0,0,0,0,0,0,-32000,0,0,0,54000,86000,-32000,-32000
062749,元金2X中信9B購01,0,0,0,0,0,0,0,0,0,-32000,0,0,0,0,32000,-32000,-32000
063183,國巨凱基9B購12  ,0,0,0,0,0,0,0,0,0,-32000,0,0,0,40000,72000,-32000,-32000
061417,力成群益9A購01  ,0,0,0,0,0,0,0,0,0,-32000,0,0,0,25000,57000,-32000,-32000
6591,動力-KY         ,76000,112000,-36000,0,0,0,0,0,0,4000,5000,1000,4000,0,0,0,-32000
08230P,台表科國票9C售03,0,0,0,0,0,0,0,0,0,-33000,0,0,0,0,33000,-33000,-33000
07389P,臺股指群益9C售08,0,0,0,0,0,0,0,0,0,-33000,0,0,0,0,33000,-33000,-33000
07434P,臺股指國票9A售06,0,0,0,0,0,0,0,0,0,-33000,0,0,0,0,33000,-33000,-33000
07033P,大立光統一9B售03,0,0,0,0,0,0,0,0,0,-33000,0,0,0,7000,40000,-33000,-33000
064399,和大凱基02購01  ,0,0,0,0,0,0,0,0,0,-33000,0,0,0,0,33000,-33000,-33000
053947,義隆富邦97購01  ,0,0,0,0,0,0,0,0,0,-33000,0,0,0,12000,45000,-33000,-33000
056479,玉晶光元大99購05,0,0,0,0,0,0,0,0,0,-33000,0,0,0,23000,56000,-33000,-33000
057558,致新凱基98購01  ,0,0,0,0,0,0,0,0,0,-33000,0,0,0,10000,43000,-33000,-33000
057582,亞光中信9A購02  ,0,0,0,0,0,0,0,0,0,-33000,0,0,0,22000,55000,-33000,-33000
058485,智邦國票9A購01  ,0,0,0,0,0,0,0,0,0,-33000,0,0,0,2000,35000,-33000,-33000
060599,國巨凱基9C購01  ,0,0,0,0,0,0,0,0,0,-33000,0,0,0,70000,103000,-33000,-33000
060621,玉晶光元大9A購05,0,0,0,0,0,0,0,0,0,-33000,0,0,0,11000,44000,-33000,-33000
058832,立積永豐99購01  ,0,0,0,0,0,0,0,0,0,-33000,0,0,0,7000,40000,-33000,-33000
060313,淘帝永豐9A購01  ,0,0,0,0,0,0,0,0,0,-33000,0,0,0,0,33000,-33000,-33000
057334,技嘉國票98購02  ,0,0,0,0,0,0,0,0,0,-33000,0,0,0,26000,59000,-33000,-33000
060180,上証2X元富9A購02,0,0,0,0,0,0,0,0,0,-33000,0,0,0,0,33000,-33000,-33000
062466,FBVIX凱基9B購01 ,0,0,0,0,0,0,0,0,0,-33000,0,0,0,210000,243000,-33000,-33000
062201,臺指反國票9B購05,0,0,0,0,0,0,0,0,0,-33000,0,0,0,516000,549000,-33000,-33000
063245,富邦金元大9B購03,0,0,0,0,0,0,0,0,0,-33000,0,0,0,121000,154000,-33000,-33000
063357,聯發科國泰01購04,0,0,0,0,0,0,0,0,0,-33000,0,0,0,0,33000,-33000,-33000
6283,淳安            ,53000,84000,-31000,0,0,0,0,0,0,-2000,0,2000,-2000,0,0,0,-33000
064065,大立光富邦02購02,0,0,0,0,0,0,0,0,0,-34000,0,0,0,0,34000,-34000,-34000
063904,大立光麥證01購01,0,0,0,0,34000,-34000,0,0,0,-34000,0,0,0,0,34000,-34000,-34000
06683P,訊芯元大98售07  ,0,0,0,0,0,0,0,0,0,-34000,0,0,0,66000,100000,-34000,-34000
1507,永大            ,55000,88000,-33000,0,0,0,0,0,0,-1000,0,1000,-1000,0,0,0,-34000
07814P,華通群益9A售06  ,0,0,0,0,0,0,0,0,0,-34000,0,0,0,146000,180000,-34000,-34000
07955P,大成鋼群益9B售02,0,0,0,0,0,0,0,0,0,-34000,0,0,0,60000,94000,-34000,-34000
1527,鑽全            ,65000,102000,-37000,0,0,0,0,0,0,3000,3000,0,3000,0,0,0,-34000
3419,譁裕            ,14000,49000,-35000,0,0,0,0,0,0,1000,1000,0,1000,0,0,0,-34000
056012,勤誠中信99購01  ,0,0,0,0,0,0,0,0,0,-34000,0,0,0,10000,44000,-34000,-34000
056405,聯茂群益98購01  ,0,0,0,0,0,0,0,0,0,-34000,0,0,0,0,34000,-34000,-34000
056550,瑞儀凱基99購01  ,0,0,0,0,0,0,0,0,0,-34000,0,0,0,5000,39000,-34000,-34000
056614,智邦永豐98購01  ,0,0,0,0,0,0,0,0,0,-34000,0,0,0,0,34000,-34000,-34000
057369,奇力新元大99購05,0,0,0,0,0,0,0,0,0,-34000,0,0,0,0,34000,-34000,-34000
058159,健策台新9A購01  ,0,0,0,0,0,0,0,0,0,-34000,0,0,0,15000,49000,-34000,-34000
058874,聯鈞國票9A購01  ,0,0,0,0,0,0,0,0,0,-34000,0,0,0,0,34000,-34000,-34000
058749,康控凱基99購03  ,0,0,0,0,0,0,0,0,0,-34000,0,0,0,10000,44000,-34000,-34000
057964,緯穎元大99購03  ,0,0,0,0,0,0,0,0,0,-34000,0,0,0,20000,54000,-34000,-34000
060652,滬深2X群益9C購04,0,0,0,0,0,0,0,0,0,-34000,0,0,0,0,34000,-34000,-34000
06083P,華通統一98售02  ,0,0,0,0,0,0,0,0,0,-34000,0,0,0,6000,40000,-34000,-34000
063215,台表科國票9C購02,0,0,0,0,0,0,0,0,0,-34000,0,0,0,6000,40000,-34000,-34000
062528,全新統一9C購01  ,0,0,0,0,0,0,0,0,0,-34000,0,0,0,11000,45000,-34000,-34000
062285,台勝科群益9B購01,0,0,0,0,0,0,0,0,0,-34000,0,0,0,9000,43000,-34000,-34000
062019,嘉澤永豐9B購01  ,0,0,0,0,0,0,0,0,0,-34000,0,0,0,5000,39000,-34000,-34000
2420,新巨            ,23000,58000,-35000,0,0,0,0,0,0,0,0,0,0,0,0,0,-35000
07988P,台積電台新9C售03,0,0,0,0,0,0,0,0,0,-35000,0,0,0,0,35000,-35000,-35000
07939P,台積電統一9B售14,0,0,0,0,0,0,0,0,0,-35000,0,0,0,0,35000,-35000,-35000
07903P,台積電群益9B售03,0,0,0,0,0,0,0,0,0,-35000,0,0,0,43000,78000,-35000,-35000
06669P,緯穎凱基98售05  ,0,0,0,0,0,0,0,0,0,-35000,0,0,0,0,35000,-35000,-35000
07536P,華新科元富9A售04,0,0,0,0,0,0,0,0,0,-35000,0,0,0,0,35000,-35000,-35000
06378P,國巨統一97售08  ,0,0,0,0,0,0,0,0,0,-35000,0,0,0,0,35000,-35000,-35000
064058,儒鴻麥證01購01  ,0,0,0,0,35000,-35000,0,0,0,-35000,0,0,0,0,35000,-35000,-35000
063933,TPK統一01購01   ,0,0,0,0,0,0,0,0,0,-35000,0,0,0,30000,65000,-35000,-35000
064125,聯發科元大02購01,0,0,0,0,0,0,0,0,0,-35000,0,0,0,125000,160000,-35000,-35000
055400,緯穎統一97購01  ,0,0,0,0,0,0,0,0,0,-35000,0,0,0,16000,51000,-35000,-35000
059638,大立光凱基99購11,0,0,0,0,0,0,0,0,0,-35000,0,0,0,0,35000,-35000,-35000
059920,宏達電元大99購07,0,0,0,0,0,0,0,0,0,-35000,0,0,0,115000,150000,-35000,-35000
056978,技嘉群益99購01  ,0,0,0,0,0,0,0,0,0,-35000,0,0,0,3000,38000,-35000,-35000
053513,義隆群益96購05  ,0,0,0,0,0,0,0,0,0,-35000,0,0,0,0,35000,-35000,-35000
060823,旺宏元大9A購05  ,0,0,0,0,0,0,0,0,0,-35000,0,0,0,1000,36000,-35000,-35000
060931,GIS永豐9A購01   ,0,0,0,0,0,0,0,0,0,-35000,0,0,0,0,35000,-35000,-35000
057636,上銀元大98購06  ,0,0,0,0,0,0,0,0,0,-35000,0,0,0,32000,67000,-35000,-35000
058437,可成統一9B購01  ,0,0,0,0,0,0,0,0,0,-35000,0,0,0,0,35000,-35000,-35000
059815,SP黃豆凱基9A購03,0,0,0,0,0,0,0,0,0,-35000,0,0,0,40000,75000,-35000,-35000
060100,新光金元大9C購01,0,0,0,0,0,0,0,0,0,-35000,0,0,0,118000,153000,-35000,-35000
057483,微星元大98購04  ,0,0,0,0,0,0,0,0,0,-35000,0,0,0,0,35000,-35000,-35000
062150,南六國票9B購01  ,0,0,0,0,0,0,0,0,0,-35000,0,0,0,110000,145000,-35000,-35000
061853,晶技國票9B購02  ,0,0,0,0,0,0,0,0,0,-35000,0,0,0,50000,85000,-35000,-35000
062433,上銀元大9B購05  ,0,0,0,0,0,0,0,0,0,-35000,0,0,0,36000,71000,-35000,-35000
062350,台表科群益9B購01,0,0,0,0,0,0,0,0,0,-35000,0,0,0,193000,228000,-35000,-35000
061223,T50反1中信01購01,0,0,0,0,0,0,0,0,0,-35000,0,0,0,0,35000,-35000,-35000
062683,可成統一9B購04  ,1000,0,1000,0,0,0,0,0,0,-36000,0,0,0,0,36000,-36000,-35000
062910,亞光元大9B購01  ,0,0,0,0,0,0,0,0,0,-35000,0,0,0,169000,204000,-35000,-35000
063326,正隆國票9B購01  ,0,0,0,0,0,0,0,0,0,-35000,0,0,0,0,35000,-35000,-35000
063549,國巨國票9C購05  ,0,0,0,0,0,0,0,0,0,-35000,0,0,0,6000,41000,-35000,-35000
063758,聯發科統一9B購14,0,0,0,0,0,0,0,0,0,-35000,0,0,0,84000,119000,-35000,-35000
6177,達麗            ,162000,198000,-36000,0,0,0,0,0,0,1000,1000,0,1000,0,0,0,-35000
6531,愛普            ,55000,77000,-22000,0,0,0,0,0,0,-13000,1000,20000,-19000,6000,0,6000,-35000
9911,櫻花            ,50000,85000,-35000,0,0,0,0,0,0,0,3000,3000,0,0,0,0,-35000
063951,新日興元大9C購01,0,0,0,0,0,0,0,0,0,-36000,0,0,0,34000,70000,-36000,-36000
063827,國巨國票02購01  ,0,0,0,0,0,0,0,0,0,-36000,0,0,0,10000,46000,-36000,-36000
07341P,台積電凱基99售18,0,0,0,0,0,0,0,0,0,-36000,0,0,0,3000,39000,-36000,-36000
06851P,鈺齊元大98售01  ,0,0,0,0,0,0,0,0,0,-36000,0,0,0,2000,38000,-36000,-36000
08010P,大成鋼元大9B售01,0,0,0,0,0,0,0,0,0,-36000,0,0,0,15000,51000,-36000,-36000
07769P,國巨國票9A售10  ,0,0,0,0,0,0,0,0,0,-36000,0,0,0,0,36000,-36000,-36000
057024,義隆凱基99購01  ,0,0,0,0,0,0,0,0,0,-36000,0,0,0,38000,74000,-36000,-36000
054720,禾伸堂永豐97購01,0,0,0,0,0,0,0,0,0,-36000,0,0,0,34000,70000,-36000,-36000
051266,國巨富邦99購01  ,0,0,0,0,0,0,0,0,0,-36000,0,0,0,11000,47000,-36000,-36000
00675L,富邦臺灣加權正2 ,80000,83000,-3000,0,0,0,0,0,0,-33000,0,0,0,55000,88000,-33000,-36000
051570,和碩富邦97購01  ,0,0,0,0,0,0,0,0,0,-36000,0,0,0,4000,40000,-36000,-36000
059612,奇鋐永豐99購02  ,0,0,0,0,0,0,0,0,0,-36000,0,0,0,20000,56000,-36000,-36000
055923,矽力凱基98購01  ,0,0,0,0,0,0,0,0,0,-36000,0,0,0,29000,65000,-36000,-36000
055390,國巨統一98購03  ,0,0,0,0,0,0,0,0,0,-36000,0,0,0,0,36000,-36000,-36000
057802,卜蜂元大98購01  ,0,0,0,0,0,0,0,0,0,-36000,0,0,0,9000,45000,-36000,-36000
057415,和碩日盛98購01  ,0,0,0,0,0,0,0,0,0,-36000,0,0,0,0,36000,-36000,-36000
058977,SGBR2X凱基03購01,0,0,0,0,0,0,0,0,0,-36000,0,0,0,13000,49000,-36000,-36000
058952,南茂群益99購01  ,0,0,0,0,0,0,0,0,0,-36000,0,0,0,0,36000,-36000,-36000
058838,國巨中信99購03  ,0,0,0,0,0,0,0,0,0,-36000,0,0,0,143000,179000,-36000,-36000
058480,新日興凱基9A購01,0,0,0,0,0,0,0,0,0,-36000,0,0,0,0,36000,-36000,-36000
057589,超眾國票9A購01  ,0,0,0,0,0,0,0,0,0,-36000,0,0,0,2000,38000,-36000,-36000
063261,康控富邦03購01  ,0,0,0,0,0,0,0,0,0,-36000,0,0,0,0,36000,-36000,-36000
062875,瑞昱兆豐9C購01  ,0,0,0,0,0,0,0,0,0,-36000,0,0,0,0,36000,-36000,-36000
063119,華通元大9B購07  ,0,0,0,0,0,0,0,0,0,-36000,0,0,0,0,36000,-36000,-36000
063045,國巨兆豐9C購02  ,0,0,0,0,0,0,0,0,0,-36000,0,0,0,64000,100000,-36000,-36000
062598,華通台新9B購02  ,0,0,0,0,0,0,0,0,0,-36000,0,0,0,324000,360000,-36000,-36000
061138,晶技統一9C購01  ,0,0,0,0,0,0,0,0,0,-36000,0,0,0,21000,57000,-36000,-36000
061316,台積電凱基9A購24,0,0,0,0,0,0,0,0,0,-36000,0,0,0,0,36000,-36000,-36000
061798,晶豪科永豐9B購01,0,0,0,0,0,0,0,0,0,-36000,0,0,0,28000,64000,-36000,-36000
8341,日友            ,41000,60000,-19000,0,0,0,0,17000,-17000,0,0,0,0,0,0,0,-36000
08172P,台積電凱基03售02,0,0,0,0,0,0,0,0,0,-37000,0,0,0,0,37000,-37000,-37000
1615,大山            ,4000,41000,-37000,0,0,0,0,0,0,0,0,0,0,0,0,0,-37000
064295,聚陽國票01購01  ,0,0,0,0,0,0,0,0,0,-37000,0,0,0,0,37000,-37000,-37000
056983,大立光群益99購02,0,0,0,0,0,0,0,0,0,-37000,0,0,0,0,37000,-37000,-37000
056468,鴻海元大98購07  ,0,0,0,0,0,0,0,0,0,-37000,0,0,0,80000,117000,-37000,-37000
053834,卜蜂永豐96購01  ,0,0,0,0,0,0,0,0,0,-37000,0,0,0,10000,47000,-37000,-37000
05755P,臺股指中信99售04,0,0,0,0,0,0,0,0,0,-37000,0,0,0,101000,138000,-37000,-37000
060248,日月光元大9A購01,0,0,0,0,0,0,0,0,0,-37000,0,0,0,78000,115000,-37000,-37000
057481,技嘉元大98購04  ,0,0,0,0,0,0,0,0,0,-37000,0,0,0,29000,66000,-37000,-37000
057163,上銀元大98購04  ,0,0,0,0,0,0,0,0,0,-37000,0,0,0,1000,38000,-37000,-37000
062608,智易凱基9B購01  ,0,0,0,0,0,0,0,0,0,-37000,0,0,0,63000,100000,-37000,-37000
063148,建準元富9B購01  ,0,0,0,0,0,0,0,0,0,-37000,0,0,0,172000,209000,-37000,-37000
063759,義隆統一9C購01  ,0,0,0,0,0,0,0,0,0,-37000,0,0,0,7000,44000,-37000,-37000
063721,道瓊銀元大9B購03,0,0,0,0,0,0,0,0,0,-37000,0,0,0,0,37000,-37000,-37000
063636,聯發科元大9B購26,0,0,0,0,0,0,0,0,0,-37000,0,0,0,142000,179000,-37000,-37000
063505,奇力新群益9B購03,0,0,0,0,0,0,0,0,0,-37000,0,0,0,2000,39000,-37000,-37000
063489,新日興國泰01購01,0,0,0,0,0,0,0,0,0,-37000,0,0,0,3000,40000,-37000,-37000
3454,晶睿            ,30000,67000,-37000,0,0,0,0,0,0,-1000,1000,2000,-1000,0,0,0,-38000
08180P,聯發科國泰01售05,0,0,0,0,0,0,0,0,0,-38000,0,0,0,82000,120000,-38000,-38000
08095P,大立光元富9B售03,0,0,0,0,0,0,0,0,0,-38000,0,0,0,39000,77000,-38000,-38000
057027,祥碩凱基98購01  ,0,0,0,0,0,0,0,0,0,-38000,0,0,0,2000,40000,-38000,-38000
053924,京鼎國票97購01  ,0,0,0,0,0,0,0,0,0,-38000,0,0,0,0,38000,-38000,-38000
050801,元金2X群益98購01,0,0,0,0,0,0,0,0,0,-38000,0,0,0,2000,40000,-38000,-38000
055207,致新中信99購01  ,0,0,0,0,0,0,0,0,0,-38000,0,0,0,25000,63000,-38000,-38000
059452,全新永豐99購03  ,0,0,0,0,0,0,0,0,0,-38000,0,0,0,0,38000,-38000,-38000
059469,智邦元大99購03  ,0,0,0,0,0,0,0,0,0,-38000,0,0,0,69000,107000,-38000,-38000
059348,日月光凱基99購01,0,0,0,0,0,0,0,0,0,-38000,0,0,0,0,38000,-38000,-38000
060399,康友國票9A購02  ,0,0,0,0,0,0,0,0,0,-38000,0,0,0,0,38000,-38000,-38000
057050,群創元大99購03  ,0,0,0,0,0,0,0,0,0,-38000,0,0,0,2000,40000,-38000,-38000
061010,上銀麥證9A購02  ,0,0,0,0,38000,-38000,0,0,0,-38000,0,0,0,0,38000,-38000,-38000
060842,新光金國票9B購01,0,0,0,0,0,0,0,0,0,-38000,0,0,0,0,38000,-38000,-38000
060752,上銀元大9A購04  ,0,0,0,0,0,0,0,0,0,-38000,0,0,0,0,38000,-38000,-38000
060722,矽格永豐9A購01  ,0,0,0,0,0,0,0,0,0,-38000,0,0,0,12000,50000,-38000,-38000
058702,國巨元大99購16  ,0,0,0,0,0,0,0,0,0,-38000,0,0,0,2000,40000,-38000,-38000
057947,和碩國票99購01  ,0,0,0,0,0,0,0,0,0,-38000,0,0,0,0,38000,-38000,-38000
063243,聯發科元大9B購20,0,0,0,0,0,0,0,0,0,-38000,0,0,0,3000,41000,-38000,-38000
061601,台積電凱基9A購26,0,0,0,0,0,0,0,0,0,-38000,0,0,0,0,38000,-38000,-38000
061246,玉晶光群益9A購08,0,0,0,0,0,0,0,0,0,-38000,0,0,0,8000,46000,-38000,-38000
06214P,國巨國票98售04  ,0,0,0,0,0,0,0,0,0,-38000,0,0,0,0,38000,-38000,-38000
6165,捷泰            ,2000,40000,-38000,0,0,0,0,0,0,0,0,0,0,0,0,0,-38000
5608,四維航          ,229000,277000,-48000,0,0,0,0,0,0,10000,12000,2000,10000,0,0,0,-38000
08017P,華新科國票9B售01,0,0,0,0,0,0,0,0,0,-39000,0,0,0,0,39000,-39000,-39000
07651P,道瓊指中信01售01,0,0,0,0,0,0,0,0,0,-39000,0,0,0,15000,54000,-39000,-39000
07728P,臺股指凱基9A售20,0,0,0,0,0,0,0,0,0,-39000,0,0,0,1000,40000,-39000,-39000
1337,再生-KY         ,46000,85000,-39000,0,0,0,0,0,0,0,0,0,0,0,0,0,-39000
064382,台積電國泰01購01,0,0,0,0,0,0,0,0,0,-39000,0,0,0,0,39000,-39000,-39000
063891,國巨群益9C購07  ,0,0,0,0,0,0,0,0,0,-39000,0,0,0,37000,76000,-39000,-39000
06863P,欣興凱基98售05  ,0,0,0,0,0,0,0,0,0,-39000,0,0,0,70000,109000,-39000,-39000
06510P,燿華永豐98售03  ,0,0,0,0,0,0,0,0,0,-39000,0,0,0,10000,49000,-39000,-39000
07300P,臺股指元大9A售33,0,0,0,0,0,0,0,0,0,-39000,0,0,0,0,39000,-39000,-39000
07532P,台灣50中信01售02,0,0,0,0,0,0,0,0,0,-39000,0,0,0,1000,40000,-39000,-39000
059360,全新永豐99購02  ,0,0,0,0,0,0,0,0,0,-39000,0,0,0,0,39000,-39000,-39000
00851,台新全球AI      ,0,0,0,0,0,0,0,0,0,-39000,0,0,0,20000,59000,-39000,-39000
054455,楠梓電群益98購02,0,0,0,0,0,0,0,0,0,-39000,0,0,0,0,39000,-39000,-39000
057859,神達康和98購01  ,0,0,0,0,0,0,0,0,0,-39000,0,0,0,50000,89000,-39000,-39000
058643,T50正2富邦03購01,0,0,0,0,0,0,0,0,0,-39000,0,0,0,0,39000,-39000,-39000
058588,致茂中信9B購01  ,0,0,0,0,0,0,0,0,0,-39000,0,0,0,154000,193000,-39000,-39000
057072,日月光永豐98購01,0,0,0,0,0,0,0,0,0,-39000,0,0,0,0,39000,-39000,-39000
059984,華新科元大99購21,0,0,0,0,0,0,0,0,0,-39000,0,0,0,33000,72000,-39000,-39000
058951,南電群益99購01  ,0,0,0,0,0,0,0,0,0,-39000,0,0,0,158000,197000,-39000,-39000
061415,健策群益9A購04  ,0,0,0,0,0,0,0,0,0,-39000,0,0,0,76000,115000,-39000,-39000
061175,台積電凱基9A購19,0,0,0,0,0,0,0,0,0,-39000,0,0,0,3000,42000,-39000,-39000
061535,群創統一9C購01  ,0,0,0,0,0,0,0,0,0,-39000,0,0,0,160000,199000,-39000,-39000
061783,友達群益9B購01  ,0,0,0,0,0,0,0,0,0,-39000,0,0,0,139000,178000,-39000,-39000
061749,群創統一9C購02  ,0,0,0,0,0,0,0,0,0,-39000,0,0,0,19000,58000,-39000,-39000
063224,泰鼎群益9B購02  ,0,0,0,0,0,0,0,0,0,-39000,0,0,0,20000,59000,-39000,-39000
063715,鈺齊凱基9C購01  ,0,0,0,0,0,0,0,0,0,-39000,0,0,0,37000,76000,-39000,-39000
063120,台光電元大9C購01,0,0,0,0,0,0,0,0,0,-39000,0,0,0,138000,177000,-39000,-39000
062815,聯發科兆豐9B購03,0,0,0,0,0,0,0,0,0,-39000,0,0,0,1000,40000,-39000,-39000
07287P,全新群益9B售01  ,0,0,0,0,0,0,0,0,0,-40000,0,0,0,0,40000,-40000,-40000
07391P,台灣50國泰02售01,0,0,0,0,0,0,0,0,0,-40000,0,0,0,0,40000,-40000,-40000
06626P,大立光統一9A售01,0,0,0,0,0,0,0,0,0,-40000,0,0,0,0,40000,-40000,-40000
06454P,緯穎元大98售04  ,0,0,0,0,0,0,0,0,0,-40000,0,0,0,0,40000,-40000,-40000
064411,台表科凱基02購01,0,0,0,0,0,0,0,0,0,-40000,0,0,0,29000,69000,-40000,-40000
063901,緯穎群益9C購01  ,0,0,0,0,0,0,0,0,0,-40000,0,0,0,12000,52000,-40000,-40000
063791,玉晶光台新9C購01,0,0,0,0,0,0,0,0,0,-40000,0,0,0,0,40000,-40000,-40000
064327,金寶元大01購01  ,0,0,0,0,0,0,0,0,0,-40000,0,0,0,0,40000,-40000,-40000
064299,宏碁兆豐9C購01  ,0,0,0,0,0,0,0,0,0,-40000,0,0,0,0,40000,-40000,-40000
064192,巨大中信9C購01  ,0,0,0,0,0,0,0,0,0,-40000,0,0,0,102000,142000,-40000,-40000
08291P,智邦台新9C售02  ,0,0,0,0,0,0,0,0,0,-40000,0,0,0,2000,42000,-40000,-40000
07935P,臺股指國票9B售07,0,0,0,0,0,0,0,0,0,-40000,0,0,0,0,40000,-40000,-40000
1806,冠軍            ,33000,73000,-40000,0,0,0,0,0,0,0,0,0,0,0,0,0,-40000
053365,彩晶國泰98購01  ,0,0,0,0,0,0,0,0,0,-40000,0,0,0,0,40000,-40000,-40000
055532,中工群益98購01  ,0,0,0,0,0,0,0,0,0,-40000,0,0,0,0,40000,-40000,-40000
02001R,富邦蘋果反一N   ,0,0,0,0,0,0,0,0,0,-40000,0,0,0,25000,65000,-40000,-40000
052220,T50反1凱基98購01,0,0,0,0,0,0,0,0,0,-40000,0,0,0,0,40000,-40000,-40000
056270,群創統一98購04  ,0,0,0,0,0,0,0,0,0,-40000,0,0,0,0,40000,-40000,-40000
055312,台虹群益99購01  ,0,0,0,0,0,0,0,0,0,-40000,0,0,0,0,40000,-40000,-40000
055377,揚明光元大98購01,0,0,0,0,0,0,0,0,0,-40000,0,0,0,0,40000,-40000,-40000
055815,亞光國票99購01  ,0,0,0,0,0,0,0,0,0,-40000,0,0,0,0,40000,-40000,-40000
056712,京鼎永豐98購01  ,0,0,0,0,0,0,0,0,0,-40000,0,0,0,0,40000,-40000,-40000
055777,冠德凱基97購01  ,0,0,0,0,0,0,0,0,0,-40000,0,0,0,10000,50000,-40000,-40000
055686,致伸凱基97購02  ,0,0,0,0,0,0,0,0,0,-40000,0,0,0,10000,50000,-40000,-40000
055713,國巨元大98購09  ,0,0,0,0,0,0,0,0,0,-40000,0,0,0,29000,69000,-40000,-40000
055667,致茂群益98購01  ,0,0,0,0,0,0,0,0,0,-40000,0,0,0,48000,88000,-40000,-40000
055600,致伸元大97購02  ,0,0,0,0,0,0,0,0,0,-40000,0,0,0,0,40000,-40000,-40000
057406,茂林群益98購03  ,0,0,0,0,0,0,0,0,0,-40000,0,0,0,10000,50000,-40000,-40000
060286,佳世達元大9C購01,0,0,0,0,0,0,0,0,0,-40000,0,0,0,30000,70000,-40000,-40000
057308,同欣電兆豐99購01,0,0,0,0,0,0,0,0,0,-40000,0,0,0,0,40000,-40000,-40000
057367,技嘉元大98購02  ,0,0,0,0,0,0,0,0,0,-40000,0,0,0,15000,55000,-40000,-40000
057462,光磊永豐98購02  ,0,0,0,0,0,0,0,0,0,-40000,0,0,0,20000,60000,-40000,-40000
057130,全新凱基98購03  ,0,0,0,0,0,0,0,0,0,-40000,0,0,0,0,40000,-40000,-40000
057195,南茂元大98購01  ,0,0,0,0,0,0,0,0,0,-40000,0,0,0,144000,184000,-40000,-40000
057758,鴻海凱基99購03  ,0,0,0,0,0,0,0,0,0,-40000,0,0,0,6000,46000,-40000,-40000
058314,欣興富邦9B購01  ,0,0,0,0,0,0,0,0,0,-40000,0,0,0,0,40000,-40000,-40000
058634,可成兆豐99購03  ,0,0,0,0,0,0,0,0,0,-40000,0,0,0,0,40000,-40000,-40000
058042,鴻海元大98購12  ,0,0,0,0,0,0,0,0,0,-40000,0,0,0,10000,50000,-40000,-40000
060824,旺宏元大9A購06  ,0,0,0,0,0,0,0,0,0,-40000,0,0,0,1000,41000,-40000,-40000
060759,南亞科元大9A購03,0,0,0,0,0,0,0,0,0,-40000,0,0,0,46000,86000,-40000,-40000
057563,旭富國泰9A購01  ,0,0,0,0,0,0,0,0,0,-40000,0,0,0,0,40000,-40000,-40000
063068,聯發科國泰01購03,0,0,0,0,0,0,0,0,0,-40000,0,0,0,0,40000,-40000,-40000
063086,祥碩凱基9C購01  ,0,0,0,0,0,0,0,0,0,-40000,0,0,0,1000,41000,-40000,-40000
063516,香港反凱基03購01,0,0,0,0,0,0,0,0,0,-40000,0,0,0,0,40000,-40000,-40000
063624,GIS兆豐9B購01   ,0,0,0,0,0,0,0,0,0,-40000,0,0,0,45000,85000,-40000,-40000
063599,智邦凱基9B購04  ,0,0,0,0,0,0,0,0,0,-40000,0,0,0,0,40000,-40000,-40000
063302,國巨凱基9C購05  ,0,0,0,0,0,0,0,0,0,-40000,0,0,0,0,40000,-40000,-40000
061066,嘉晶凱基9B購01  ,0,0,0,0,0,0,0,0,0,-40000,0,0,0,31000,71000,-40000,-40000
061069,嘉聯益凱基9A購01,0,0,0,0,0,0,0,0,0,-40000,0,0,0,40000,80000,-40000,-40000
061086,FBVIX統一01購01 ,0,0,0,0,0,0,0,0,0,-40000,0,0,0,0,40000,-40000,-40000
062428,超眾統一9B購01  ,0,0,0,0,0,0,0,0,0,-40000,0,0,0,0,40000,-40000,-40000
8011,台通            ,111000,152000,-41000,0,0,0,0,0,0,1000,1000,0,1000,0,0,0,-40000
1732,毛寶            ,332000,371000,-39000,0,0,0,0,0,0,-2000,0,2000,-2000,0,0,0,-41000
3679,新至陞          ,12000,53000,-41000,0,0,0,0,0,0,0,0,0,0,0,0,0,-41000
08234P,華擎元富9B售03  ,0,0,0,0,0,0,0,0,0,-41000,0,0,0,40000,81000,-41000,-41000
064325,亞德客元大9C購01,0,0,0,0,0,0,0,0,0,-41000,0,0,0,46000,87000,-41000,-41000
063780,高鐵永豐9B購02  ,0,0,0,0,0,0,0,0,0,-41000,0,0,0,0,41000,-41000,-41000
063812,智邦群益9C購02  ,0,0,0,0,0,0,0,0,0,-41000,0,0,0,107000,148000,-41000,-41000
063894,漢唐群益9C購01  ,0,0,0,0,0,0,0,0,0,-41000,0,0,0,59000,100000,-41000,-41000
06623P,立積元大98售04  ,0,0,0,0,0,0,0,0,0,-41000,0,0,0,0,41000,-41000,-41000
059852,康控永豐99購02  ,0,0,0,0,0,0,0,0,0,-41000,0,0,0,85000,126000,-41000,-41000
059539,緯穎凱基99購03  ,0,0,0,0,0,0,0,0,0,-41000,0,0,0,73000,114000,-41000,-41000
057009,信邦中信99購01  ,0,0,0,0,0,0,0,0,0,-41000,0,0,0,26000,67000,-41000,-41000
056455,群創凱基9A購01  ,0,0,0,0,0,0,0,0,0,-41000,0,0,0,28000,69000,-41000,-41000
057568,友訊永豐99購01  ,0,0,0,0,0,0,0,0,0,-41000,0,0,0,6000,47000,-41000,-41000
058455,玉晶光永豐99購03,0,0,0,0,0,0,0,0,0,-41000,0,0,0,0,41000,-41000,-41000
061006,新光金兆豐9A購01,0,0,0,0,0,0,0,0,0,-41000,0,0,0,170000,211000,-41000,-41000
061026,南電富邦9B購01  ,0,0,0,0,0,0,0,0,0,-41000,0,0,0,17000,58000,-41000,-41000
058829,華新科永豐99購04,0,0,0,0,0,0,0,0,0,-41000,0,0,0,111000,152000,-41000,-41000
062362,致茂元大9B購01  ,0,0,0,0,0,0,0,0,0,-41000,0,0,0,64000,105000,-41000,-41000
063354,茂林元富9B購02  ,0,0,0,0,0,0,0,0,0,-41000,0,0,0,85000,126000,-41000,-41000
063541,華擎元富9B購02  ,0,0,0,0,0,0,0,0,0,-41000,0,0,0,9000,50000,-41000,-41000
062718,技嘉凱基9B購01  ,0,0,0,0,0,0,0,0,0,-41000,0,0,0,0,41000,-41000,-41000
8454,富邦媒          ,123000,162000,-39000,0,0,0,0,13000,-13000,11000,19000,8000,11000,0,0,0,-41000
06834P,訊芯群益99售02  ,0,0,0,0,0,0,0,0,0,-42000,0,0,0,0,42000,-42000,-42000
064328,華通元大9C購04  ,0,0,0,0,0,0,0,0,0,-42000,0,0,0,0,42000,-42000,-42000
064402,宏碁凱基01購01  ,0,0,0,0,0,0,0,0,0,-42000,0,0,0,0,42000,-42000,-42000
064232,鴻海統一01購04  ,0,0,0,0,0,0,0,0,0,-42000,0,0,0,9000,51000,-42000,-42000
08104P,晶技元大9B售06  ,0,0,0,0,0,0,0,0,0,-42000,0,0,0,0,42000,-42000,-42000
07995P,臺股指麥證9C售01,0,0,0,0,42000,-42000,0,0,0,-42000,0,0,0,0,42000,-42000,-42000
2425,承啟            ,130000,160000,-30000,0,0,0,0,0,0,-12000,0,12000,-12000,0,0,0,-42000
05272P,臻鼎中信97售03  ,0,0,0,0,0,0,0,0,0,-42000,0,0,0,0,42000,-42000,-42000
053487,台泥兆豐97購01  ,0,0,0,0,0,0,0,0,0,-42000,0,0,0,0,42000,-42000,-42000
051536,玉晶光國票97購01,0,0,0,0,0,0,0,0,0,-42000,0,0,0,50000,92000,-42000,-42000
054059,欣興國票97購03  ,0,0,0,0,0,0,0,0,0,-42000,0,0,0,0,42000,-42000,-42000
055380,智易元大98購02  ,0,0,0,0,0,0,0,0,0,-42000,0,0,0,136000,178000,-42000,-42000
058706,聯鈞元大9C購01  ,0,0,0,0,0,0,0,0,0,-42000,0,0,0,30000,72000,-42000,-42000
057925,貿聯凱基99購01  ,0,0,0,0,0,0,0,0,0,-42000,0,0,0,72000,114000,-42000,-42000
060093,友達元大03購01  ,0,0,0,0,0,0,0,0,0,-42000,0,0,0,50000,92000,-42000,-42000
062195,聚陽中信9C購01  ,0,0,0,0,0,0,0,0,0,-42000,0,0,0,70000,112000,-42000,-42000
061480,泰碩元大9B購01  ,0,0,0,0,0,0,0,0,0,-42000,0,0,0,0,42000,-42000,-42000
064389,台泥永豐9C購01  ,0,0,0,0,0,0,0,0,0,-43000,0,0,0,0,43000,-43000,-43000
064329,國巨元大01購03  ,0,0,0,0,0,0,0,0,0,-43000,0,0,0,0,43000,-43000,-43000
064288,瀚宇博元大9C購02,0,0,0,0,0,0,0,0,0,-43000,0,0,0,87000,130000,-43000,-43000
06865P,亞德客元大98售04,0,0,0,0,0,0,0,0,0,-43000,0,0,0,7000,50000,-43000,-43000
07257P,臺股指凱基99售37,0,0,0,0,0,0,0,0,0,-43000,0,0,0,0,43000,-43000,-43000
056607,貿聯富邦99購02  ,0,0,0,0,0,0,0,0,0,-43000,0,0,0,23000,66000,-43000,-43000
056879,旺宏國票99購02  ,0,0,0,0,0,0,0,0,0,-43000,0,0,0,0,43000,-43000,-43000
056880,緯穎國票98購02  ,0,0,0,0,0,0,0,0,0,-43000,0,0,0,0,43000,-43000,-43000
059862,全新群益99購04  ,0,0,0,0,0,0,0,0,0,-43000,0,0,0,37000,80000,-43000,-43000
056352,鴻海元大99購01  ,0,0,0,0,0,0,0,0,0,-43000,0,0,0,500000,543000,-43000,-43000
056347,GIS凱基9A購01   ,0,0,0,0,0,0,0,0,0,-43000,0,0,0,0,43000,-43000,-43000
057835,華擎元富9B購01  ,0,0,0,0,0,0,0,0,0,-43000,0,0,0,101000,144000,-43000,-43000
058108,台郡台新99購01  ,0,0,0,0,0,0,0,0,0,-43000,0,0,0,0,43000,-43000,-43000
058577,南亞科群益99購02,0,0,0,0,0,0,0,0,0,-43000,0,0,0,0,43000,-43000,-43000
062444,大立光元大9C購01,0,0,0,0,0,0,0,0,0,-43000,0,0,0,10000,53000,-43000,-43000
062799,聯發科統一9C購09,0,0,0,0,0,0,0,0,0,-43000,0,0,0,18000,61000,-43000,-43000
062520,晶豪科元大9B購02,0,0,0,0,0,0,0,0,0,-43000,0,0,0,72000,115000,-43000,-43000
063144,超眾統一9C購02  ,0,0,0,0,0,0,0,0,0,-43000,0,0,0,95000,138000,-43000,-43000
062979,茂林元富9B購01  ,0,0,0,0,0,0,0,0,0,-43000,0,0,0,81000,124000,-43000,-43000
6214,精誠            ,91000,137000,-46000,0,0,0,0,0,0,3000,3000,0,3000,0,0,0,-43000
064401,台達電凱基06購01,0,0,0,0,0,0,0,0,0,-44000,0,0,0,40000,84000,-44000,-44000
059276,可成元大99購06  ,0,0,0,0,0,0,0,0,0,-44000,0,0,0,25000,69000,-44000,-44000
055295,瀚宇博元大97購02,0,0,0,0,0,0,0,0,0,-44000,0,0,0,100000,144000,-44000,-44000
053800,華通凱基97購03  ,0,0,0,0,0,0,0,0,0,-44000,0,0,0,0,44000,-44000,-44000
058761,欣興群益99購02  ,0,0,0,0,0,0,0,0,0,-44000,0,0,0,48000,92000,-44000,-44000
058107,全新台新99購01  ,0,0,0,0,0,0,0,0,0,-44000,0,0,0,0,44000,-44000,-44000
058053,上銀統一9B購01  ,0,0,0,0,0,0,0,0,0,-44000,0,0,0,20000,64000,-44000,-44000
057886,聯詠群益98購01  ,0,0,0,0,0,0,0,0,0,-44000,0,0,0,0,44000,-44000,-44000
061042,致新永豐9A購02  ,0,0,0,0,0,0,0,0,0,-44000,0,0,0,217000,261000,-44000,-44000
060923,全新永豐9A購01  ,0,0,0,0,0,0,0,0,0,-44000,0,0,0,0,44000,-44000,-44000
060821,SP黃豆元大9A購02,0,0,0,0,0,0,0,0,0,-44000,0,0,0,7000,51000,-44000,-44000
058521,日月光元大99購01,0,0,0,0,0,0,0,0,0,-44000,0,0,0,23000,67000,-44000,-44000
060624,玉晶光元大9C購02,0,0,0,0,0,0,0,0,0,-44000,0,0,0,1000,45000,-44000,-44000
060127,牧德永豐99購02  ,0,0,0,0,0,0,0,0,0,-44000,0,0,0,56000,100000,-44000,-44000
062817,富邦金兆豐9B購01,0,0,0,0,0,0,0,0,0,-44000,0,0,0,392000,436000,-44000,-44000
063575,矽格元大9B購02  ,0,0,0,0,0,0,0,0,0,-44000,0,0,0,3000,47000,-44000,-44000
063607,中租凱基9B購02  ,0,0,0,0,0,0,0,0,0,-44000,0,0,0,52000,96000,-44000,-44000
063436,儒鴻統一01購03  ,0,0,0,0,0,0,0,0,0,-44000,0,0,0,1000,45000,-44000,-44000
06327P,台積電中信01售01,0,0,0,0,0,0,0,0,0,-44000,0,0,0,3000,47000,-44000,-44000
063192,技嘉台新9B購01  ,0,0,0,0,0,0,0,0,0,-44000,0,0,0,13000,57000,-44000,-44000
061994,瑞儀元大9B購01  ,0,0,0,0,0,0,0,0,0,-44000,0,0,0,12000,56000,-44000,-44000
07249P,T50正2富邦03售02,0,0,0,0,0,0,0,0,0,-45000,0,0,0,0,45000,-45000,-45000
08003P,國巨國泰9B售07  ,0,0,0,0,0,0,0,0,0,-45000,0,0,0,0,45000,-45000,-45000
07652P,臺股指中信9A售07,0,0,0,0,0,0,0,0,0,-45000,0,0,0,154000,199000,-45000,-45000
08277P,嘉晶元富9C售02  ,0,0,0,0,0,0,0,0,0,-45000,0,0,0,36000,81000,-45000,-45000
052681,T50反1元大98購02,0,0,0,0,0,0,0,0,0,-45000,0,0,0,8000,53000,-45000,-45000
050842,旺宏國票97購01  ,0,0,0,0,0,0,0,0,0,-45000,0,0,0,0,45000,-45000,-45000
055816,新日興國票98購01,0,0,0,0,0,0,0,0,0,-45000,0,0,0,0,45000,-45000,-45000
056578,智易元大99購02  ,0,0,0,0,0,0,0,0,0,-45000,0,0,0,42000,87000,-45000,-45000
056083,億光統一97購03  ,0,0,0,0,0,0,0,0,0,-45000,0,0,0,77000,122000,-45000,-45000
057327,玉晶光群益9A購04,0,0,0,0,0,0,0,0,0,-45000,0,0,0,3000,48000,-45000,-45000
058123,亞光國票9A購01  ,0,0,0,0,0,0,0,0,0,-45000,0,0,0,10000,55000,-45000,-45000
058293,光寶科凱基9A購01,0,0,0,0,0,0,0,0,0,-45000,0,0,0,134000,179000,-45000,-45000
060606,玉晶光凱基9A購05,0,0,0,0,0,0,0,0,0,-45000,0,0,0,0,45000,-45000,-45000
060944,國泰金國票9A購01,0,0,0,0,0,0,0,0,0,-45000,0,0,0,2000,47000,-45000,-45000
058544,FBVIX富邦9B購01 ,0,0,0,0,0,0,0,0,0,-45000,0,0,0,22000,67000,-45000,-45000
061752,瑞昱台新9B購01  ,0,0,0,0,0,0,0,0,0,-45000,0,0,0,0,45000,-45000,-45000
063713,麗豐凱基9B購01  ,0,0,0,0,0,0,0,0,0,-45000,0,0,0,30000,75000,-45000,-45000
062597,世紀鋼統一01購01,0,0,0,0,0,0,0,0,0,-45000,0,0,0,100000,145000,-45000,-45000
062912,新日興元大9B購01,0,0,0,0,0,0,0,0,0,-45000,0,0,0,21000,66000,-45000,-45000
062902,智邦元大9B購07  ,0,0,0,0,0,0,0,0,0,-45000,0,0,0,40000,85000,-45000,-45000
6108,競國            ,29000,74000,-45000,0,0,0,0,0,0,0,0,0,0,0,0,0,-45000
5288,豐祥-KY         ,28000,74000,-46000,0,0,0,0,0,0,1000,1000,0,1000,0,0,0,-45000
08070P,晶技國泰9C售02  ,0,0,0,0,0,0,0,0,0,-46000,0,0,0,0,46000,-46000,-46000
056321,創意群益98購02  ,0,0,0,0,0,0,0,0,0,-46000,0,0,0,0,46000,-46000,-46000
059282,嘉聯益永豐99購01,0,0,0,0,0,0,0,0,0,-46000,0,0,0,0,46000,-46000,-46000
051292,牧德統一97購01  ,0,0,0,0,0,0,0,0,0,-46000,0,0,0,0,46000,-46000,-46000
053339,友達國票97購02  ,230000,0,230000,0,0,0,0,0,0,-276000,0,0,0,15000,291000,-276000,-46000
058581,大立光群益99購05,0,0,0,0,0,0,0,0,0,-46000,0,0,0,0,46000,-46000,-46000
062852,聯發科永豐9B購02,0,0,0,0,0,0,0,0,0,-46000,0,0,0,10000,56000,-46000,-46000
062862,瑞儀國票9B購01  ,0,0,0,0,0,0,0,0,0,-46000,0,0,0,0,46000,-46000,-46000
062995,聚陽國票9C購01  ,0,0,0,0,0,0,0,0,0,-46000,0,0,0,0,46000,-46000,-46000
062659,台灣50群益9B購10,0,0,0,0,0,0,0,0,0,-46000,0,0,0,0,46000,-46000,-46000
063406,麗豐國票9C購01  ,0,0,0,0,0,0,0,0,0,-46000,0,0,0,6000,52000,-46000,-46000
061481,嘉澤元大9A購03  ,0,0,0,0,0,0,0,0,0,-46000,0,0,0,9000,55000,-46000,-46000
061831,智邦凱基9B購02  ,0,0,0,0,0,0,0,0,0,-46000,0,0,0,63000,109000,-46000,-46000
062448,健策元大9C購04  ,0,0,0,0,0,0,0,0,0,-46000,0,0,0,51000,97000,-46000,-46000
062291,力成富邦9B購01  ,0,0,0,0,0,0,0,0,0,-46000,0,0,0,40000,86000,-46000,-46000
08302P,長榮航國泰02售01,0,0,0,0,0,0,0,0,0,-47000,0,0,0,65000,112000,-47000,-47000
08338P,台灣50凱基9C售11,0,0,0,0,0,0,0,0,0,-47000,0,0,0,1000,48000,-47000,-47000
2459,敦吉            ,18000,68000,-50000,0,0,0,0,0,0,3000,3000,0,3000,0,0,0,-47000
07424P,大立光元大9B售01,0,0,0,0,0,0,0,0,0,-47000,0,0,0,15000,62000,-47000,-47000
06377P,華通統一97售04  ,0,0,0,0,0,0,0,0,0,-47000,0,0,0,13000,60000,-47000,-47000
052893,聯電群益98購01  ,0,0,0,0,0,0,0,0,0,-47000,0,0,0,0,47000,-47000,-47000
055681,奇鋐凱基98購03  ,0,0,0,0,0,0,0,0,0,-47000,0,0,0,223000,270000,-47000,-47000
058687,聯茂凱基9A購01  ,0,0,0,0,0,0,0,0,0,-47000,0,0,0,10000,57000,-47000,-47000
060959,金像電凱基9A購01,0,0,0,0,0,0,0,0,0,-47000,0,0,0,144000,191000,-47000,-47000
057667,可成元大99購01  ,0,0,0,0,0,0,0,0,0,-47000,0,0,0,1000,48000,-47000,-47000
057151,易華電國票99購01,0,0,0,0,0,0,0,0,0,-47000,0,0,0,0,47000,-47000,-47000
057299,立積永豐98購02  ,0,0,0,0,0,0,0,0,0,-47000,0,0,0,12000,59000,-47000,-47000
060536,祥碩麥證9A購01  ,0,0,0,0,47000,-47000,0,0,0,-47000,0,0,0,0,47000,-47000,-47000
060253,昇陽半元大9C購01,0,0,0,0,0,0,0,0,0,-47000,0,0,0,15000,62000,-47000,-47000
061509,SP黃豆富邦9C購01,0,0,0,0,0,0,0,0,0,-47000,0,0,0,0,47000,-47000,-47000
061662,瑞儀永豐9A購02  ,0,0,0,0,0,0,0,0,0,-47000,0,0,0,19000,66000,-47000,-47000
06141P,大立光日盛97售01,0,0,0,0,0,0,0,0,0,-47000,0,0,0,0,47000,-47000,-47000
062513,玉晶光國票9C購01,0,0,0,0,0,0,0,0,0,-47000,0,0,0,93000,140000,-47000,-47000
5534,長虹            ,216000,263000,-47000,0,0,0,0,0,0,0,0,0,0,0,0,0,-47000
5434,崇越            ,123889,200000,-76111,0,0,0,0,0,0,29000,29000,0,29000,0,0,0,-47111
06438P,玉晶光國票99售02,0,0,0,0,0,0,0,0,0,-48000,0,0,0,128000,176000,-48000,-48000
07957P,晶技群益9B售02  ,0,0,0,0,0,0,0,0,0,-48000,0,0,0,0,48000,-48000,-48000
07843P,緯穎元大9A售05  ,0,0,0,0,0,0,0,0,0,-48000,0,0,0,35000,83000,-48000,-48000
056589,康控統一98購01  ,0,0,0,0,0,0,0,0,0,-48000,0,0,0,20000,68000,-48000,-48000
059870,全新凱基99購05  ,0,0,0,0,0,0,0,0,0,-48000,0,0,0,0,48000,-48000,-48000
057302,福懋科中信98購01,0,0,0,0,0,0,0,0,0,-48000,0,0,0,0,48000,-48000,-48000
056233,超眾凱基97購02  ,0,0,0,0,0,0,0,0,0,-48000,0,0,0,0,48000,-48000,-48000
054148,矽創元大96購03  ,0,0,0,0,0,0,0,0,0,-48000,0,0,0,0,48000,-48000,-48000
053347,茂林國票98購01  ,0,0,0,0,0,0,0,0,0,-48000,0,0,0,0,48000,-48000,-48000
054480,和碩中信98購01  ,0,0,0,0,0,0,0,0,0,-48000,0,0,0,0,48000,-48000,-48000
059986,宏達電元大99購08,0,0,0,0,0,0,0,0,0,-48000,0,0,0,2000,50000,-48000,-48000
057111,立積群益98購02  ,0,0,0,0,0,0,0,0,0,-48000,0,0,0,6000,54000,-48000,-48000
057385,光罩永豐99購01  ,0,0,0,0,0,0,0,0,0,-48000,0,0,0,160000,208000,-48000,-48000
060311,盟立永豐9A購01  ,0,0,0,0,0,0,0,0,0,-48000,0,0,0,2000,50000,-48000,-48000
058156,超眾統一9A購02  ,0,0,0,0,0,0,0,0,0,-48000,0,0,0,0,48000,-48000,-48000
058266,宏達電永豐99購01,0,0,0,0,0,0,0,0,0,-48000,0,0,0,20000,68000,-48000,-48000
058504,台積電元大99購07,0,0,0,0,0,0,0,0,0,-48000,0,0,0,105000,153000,-48000,-48000
063606,TPK凱基9C購01   ,0,0,0,0,0,0,0,0,0,-48000,0,0,0,0,48000,-48000,-48000
061349,嘉澤元大9A購02  ,0,0,0,0,0,0,0,0,0,-48000,0,0,0,37000,85000,-48000,-48000
061563,群創國票9B購02  ,0,0,0,0,0,0,0,0,0,-48000,0,0,0,32000,80000,-48000,-48000
062335,茂林統一01購01  ,0,0,0,0,0,0,0,0,0,-48000,0,0,0,0,48000,-48000,-48000
062203,燿華國票9C購01  ,0,0,0,0,0,0,0,0,0,-48000,0,0,0,50000,98000,-48000,-48000
062396,華通永豐9B購01  ,0,0,0,0,0,0,0,0,0,-48000,0,0,0,5000,53000,-48000,-48000
063986,聯發科富邦02購01,0,0,0,0,0,0,0,0,0,-49000,0,0,0,66000,115000,-49000,-49000
06569P,可成永豐98售01  ,0,0,0,0,0,0,0,0,0,-49000,0,0,0,10000,59000,-49000,-49000
057017,和大凱基98購01  ,0,0,0,0,0,0,0,0,0,-49000,0,0,0,79000,128000,-49000,-49000
03675C,臺股指元大04牛02,0,0,0,0,0,0,0,0,0,-49000,0,0,0,1000,50000,-49000,-49000
059351,台虹凱基99購01  ,0,0,0,0,0,0,0,0,0,-49000,0,0,0,26000,75000,-49000,-49000
059665,嘉聯益元大99購06,0,0,0,0,0,0,0,0,0,-49000,0,0,0,31000,80000,-49000,-49000
059656,T50反1元大99購11,0,0,0,0,0,0,0,0,0,-49000,0,0,0,3000,52000,-49000,-49000
058648,聯陽永豐99購01  ,0,0,0,0,0,0,0,0,0,-49000,0,0,0,1000,50000,-49000,-49000
058813,旺宏統一9B購04  ,0,0,0,0,0,0,0,0,0,-49000,0,0,0,1000,50000,-49000,-49000
060091,技嘉元大99購03  ,0,0,0,0,0,0,0,0,0,-49000,0,0,0,0,49000,-49000,-49000
057793,群創統一99購02  ,0,0,0,0,0,0,0,0,0,-49000,0,0,0,45000,94000,-49000,-49000
060365,京鼎元富9A購01  ,0,0,0,0,0,0,0,0,0,-49000,0,0,0,0,49000,-49000,-49000
057073,康控永豐98購01  ,0,0,0,0,0,0,0,0,0,-49000,0,0,0,0,49000,-49000,-49000
062420,台積電統一9C購08,0,0,0,0,0,0,0,0,0,-49000,0,0,0,177000,226000,-49000,-49000
061998,緯穎元大9B購03  ,0,0,0,0,0,0,0,0,0,-49000,0,0,0,52000,101000,-49000,-49000
063627,上銀元大9B購09  ,0,0,0,0,0,0,0,0,0,-49000,0,0,0,0,49000,-49000,-49000
062643,緯穎國票9B購01  ,0,0,0,0,0,0,0,0,0,-49000,0,0,0,5000,54000,-49000,-49000
063131,聯茂元大9B購03  ,0,0,0,0,0,0,0,0,0,-49000,0,0,0,50000,99000,-49000,-49000
063078,元金2X凱基02購03,0,0,0,0,0,0,0,0,0,-49000,0,0,0,1000,50000,-49000,-49000
9946,三發地產        ,0,49000,-49000,0,0,0,0,0,0,0,0,0,0,0,0,0,-49000
06515P,國巨凱基98售06  ,0,0,0,0,0,0,0,0,0,-50000,0,0,0,0,50000,-50000,-50000
06831P,臺股指國票98售07,0,0,0,0,0,0,0,0,0,-50000,0,0,0,0,50000,-50000,-50000
06693P,臺股指凱基98售01,0,0,0,0,0,0,0,0,0,-50000,0,0,0,40000,90000,-50000,-50000
07319P,台積電凱基01售02,0,0,0,0,0,0,0,0,0,-50000,0,0,0,0,50000,-50000,-50000
07009P,臺股指中信9B售01,0,0,0,0,0,0,0,0,0,-50000,0,0,0,20000,70000,-50000,-50000
06967P,台郡台新99售02  ,0,0,0,0,0,0,0,0,0,-50000,0,0,0,50000,100000,-50000,-50000
063938,上銀元大9C購03  ,0,0,0,0,0,0,0,0,0,-50000,0,0,0,0,50000,-50000,-50000
063771,T50反1富邦02購01,0,0,0,0,0,0,0,0,0,-50000,0,0,0,0,50000,-50000,-50000
064380,超眾元富9C購03  ,0,0,0,0,0,0,0,0,0,-50000,0,0,0,0,50000,-50000,-50000
064360,台積電統一9C購12,0,0,0,0,0,0,0,0,0,-50000,0,0,0,0,50000,-50000,-50000
064286,TPK元大9C購02   ,0,0,0,0,0,0,0,0,0,-50000,0,0,0,0,50000,-50000,-50000
08674P,嘉晶元富07售02  ,0,0,0,0,0,0,0,0,0,-50000,0,0,0,0,50000,-50000,-50000
059485,台灣50兆豐99購02,0,0,0,0,0,0,0,0,0,-50000,0,0,0,10000,60000,-50000,-50000
059296,大立光元富99購06,0,0,0,0,0,0,0,0,0,-50000,0,0,0,27000,77000,-50000,-50000
056204,嘉澤永豐97購01  ,0,0,0,0,0,0,0,0,0,-50000,0,0,0,0,50000,-50000,-50000
056138,群創元大9B購01  ,0,0,0,0,0,0,0,0,0,-50000,0,0,0,2000,52000,-50000,-50000
055987,台表科元富97購01,0,0,0,0,0,0,0,0,0,-50000,0,0,0,150000,200000,-50000,-50000
056335,微星凱基98購01  ,0,0,0,0,0,0,0,0,0,-50000,0,0,0,0,50000,-50000,-50000
056399,上証2X群益9C購01,0,0,0,0,0,0,0,0,0,-50000,0,0,0,0,50000,-50000,-50000
056777,矽力元大98購02  ,0,0,0,0,0,0,0,0,0,-50000,0,0,0,0,50000,-50000,-50000
056803,群創台新99購02  ,0,0,0,0,0,0,0,0,0,-50000,0,0,0,0,50000,-50000,-50000
055684,京鼎凱基97購01  ,0,0,0,0,0,0,0,0,0,-50000,0,0,0,0,50000,-50000,-50000
055330,上銀兆豐98購02  ,0,0,0,0,0,0,0,0,0,-50000,0,0,0,0,50000,-50000,-50000
055225,華邦電國票99購01,0,0,0,0,0,0,0,0,0,-50000,0,0,0,0,50000,-50000,-50000
04168P,元金2X凱基99售01,0,0,0,0,0,0,0,0,0,-50000,0,0,0,0,50000,-50000,-50000
051210,S&P反1統一97購01,0,0,0,0,0,0,0,0,0,-50000,0,0,0,0,50000,-50000,-50000
050363,臺指反元大98購04,0,0,0,0,0,0,0,0,0,-50000,0,0,0,0,50000,-50000,-50000
05052P,友達群益97售01  ,0,0,0,0,0,0,0,0,0,-50000,0,0,0,0,50000,-50000,-50000
052847,漢唐統一99購01  ,0,0,0,0,0,0,0,0,0,-50000,0,0,0,48000,98000,-50000,-50000
054409,亞光國票97購02  ,0,0,0,0,0,0,0,0,0,-50000,0,0,0,0,50000,-50000,-50000
053524,聯電中信97購02  ,0,0,0,0,0,0,0,0,0,-50000,0,0,0,0,50000,-50000,-50000
05348P,美律元富98售01  ,0,0,0,0,0,0,0,0,0,-50000,0,0,0,5000,55000,-50000,-50000
053506,南茂兆豐97購01  ,0,0,0,0,0,0,0,0,0,-50000,0,0,0,0,50000,-50000,-50000
060278,道瓊反元大9A購03,0,0,0,0,0,0,0,0,0,-50000,0,0,0,0,50000,-50000,-50000
057768,華新科中信9A購01,0,0,0,0,0,0,0,0,0,-50000,0,0,0,0,50000,-50000,-50000
057228,友達凱基9B購01  ,0,0,0,0,0,0,0,0,0,-50000,0,0,0,0,50000,-50000,-50000
057275,友達元大9A購04  ,0,0,0,0,0,0,0,0,0,-50000,0,0,0,0,50000,-50000,-50000
059061,晶技凱基9A購01  ,0,0,0,0,0,0,0,0,0,-50000,0,0,0,10000,60000,-50000,-50000
058141,嘉聯益元大99購05,0,0,0,0,0,0,0,0,0,-50000,0,0,0,0,50000,-50000,-50000
058895,鴻海元大99購20  ,0,0,0,0,0,0,0,0,0,-50000,0,0,0,4000,54000,-50000,-50000
058793,鴻海元大99購19  ,0,0,0,0,0,0,0,0,0,-50000,0,0,0,0,50000,-50000,-50000
057915,台泥凱基98購01  ,0,0,0,0,0,0,0,0,0,-50000,0,0,0,10000,60000,-50000,-50000
058043,鴻海元大98購13  ,0,0,0,0,0,0,0,0,0,-50000,0,0,0,0,50000,-50000,-50000
060649,國巨第一9A購01  ,0,0,0,0,0,0,0,0,0,-50000,0,0,0,50000,100000,-50000,-50000
060957,SP黃豆凱基9A購04,0,0,0,0,0,0,0,0,0,-50000,0,0,0,0,50000,-50000,-50000
061020,超眾國票9A購02  ,0,0,0,0,0,0,0,0,0,-50000,0,0,0,2000,52000,-50000,-50000
060904,臺指反元大9C購07,0,0,0,0,0,0,0,0,0,-50000,0,0,0,0,50000,-50000,-50000
063146,南六統一9B購02  ,0,0,0,0,0,0,0,0,0,-50000,0,0,0,32000,82000,-50000,-50000
063115,台積電麥證9B購02,0,0,0,40000,90000,-50000,0,0,0,-50000,0,0,0,40000,90000,-50000,-50000
062909,大立光元大9C購04,0,0,0,0,0,0,0,0,0,-50000,0,0,0,0,50000,-50000,-50000
063566,台光電元大9B購08,0,0,0,0,0,0,0,0,0,-50000,0,0,0,189000,239000,-50000,-50000
063588,華新科永豐9B購02,0,0,0,0,0,0,0,0,0,-50000,0,0,0,0,50000,-50000,-50000
063472,茂林元大9B購04  ,0,0,0,0,0,0,0,0,0,-50000,0,0,0,0,50000,-50000,-50000
063459,華通元大9B購08  ,0,0,0,0,0,0,0,0,0,-50000,0,0,0,2000,52000,-50000,-50000
063457,臺指反元大02購17,0,0,0,0,0,0,0,0,0,-50000,0,0,0,0,50000,-50000,-50000
063386,國巨兆豐9B購04  ,0,0,0,0,0,0,0,0,0,-50000,0,0,0,0,50000,-50000,-50000
063247,信邦元大9B購02  ,0,0,0,0,0,0,0,0,0,-50000,0,0,0,0,50000,-50000,-50000
061928,群創凱基9B購06  ,0,0,0,0,0,0,0,0,0,-50000,0,0,0,28000,78000,-50000,-50000
061922,瑞昱凱基9B購01  ,0,0,0,0,0,0,0,0,0,-50000,0,0,0,0,50000,-50000,-50000
062410,台積電第一9B購02,0,0,0,0,0,0,0,0,0,-50000,0,0,0,0,50000,-50000,-50000
062495,友達中信01購02  ,0,0,0,0,0,0,0,0,0,-50000,0,0,0,0,50000,-50000,-50000
061791,康友群益9B購01  ,0,0,0,0,0,0,0,0,0,-50000,0,0,0,0,50000,-50000,-50000
08211P,台表科元富9B售03,0,0,0,0,0,0,0,0,0,-51000,0,0,0,2000,53000,-51000,-51000
2231,為升            ,140000,216000,-76000,0,0,0,0,0,0,25000,42000,2000,40000,4000,19000,-15000,-51000
06844P,智邦元大98售13  ,0,0,0,0,0,0,0,0,0,-51000,0,0,0,0,51000,-51000,-51000
054111,緯穎凱基97購01  ,0,0,0,0,0,0,0,0,0,-51000,0,0,0,57000,108000,-51000,-51000
056711,亞光永豐98購01  ,0,0,0,0,0,0,0,0,0,-51000,0,0,0,8000,59000,-51000,-51000
060343,台積電統一9C購02,0,0,0,0,0,0,0,0,0,-51000,0,0,0,0,51000,-51000,-51000
060387,盛群凱基9A購01  ,0,0,0,0,0,0,0,0,0,-51000,0,0,0,90000,141000,-51000,-51000
061599,元金反中信9C購01,0,0,0,0,0,0,0,0,0,-51000,0,0,0,50000,101000,-51000,-51000
063316,聯發科群益9C購03,0,0,0,0,0,0,0,0,0,-51000,0,0,0,0,51000,-51000,-51000
063350,台表科統一02購02,0,0,0,0,0,0,0,0,0,-51000,0,0,0,59000,110000,-51000,-51000
063666,京元電統一9C購01,0,0,0,0,0,0,0,0,0,-51000,0,0,0,0,51000,-51000,-51000
063187,全新凱基9B購02  ,0,0,0,0,0,0,0,0,0,-51000,0,0,0,55000,106000,-51000,-51000
062563,緯穎凱基9B購03  ,0,0,0,0,0,0,0,0,0,-51000,0,0,0,20000,71000,-51000,-51000
062728,健策凱基9B購04  ,0,0,0,0,0,0,0,0,0,-51000,0,0,0,93000,144000,-51000,-51000
06488P,台積電元富98售05,0,0,0,0,0,0,0,0,0,-52000,0,0,0,0,52000,-52000,-52000
063965,漢唐國票01購01  ,0,0,0,0,0,0,0,0,0,-52000,0,0,0,25000,77000,-52000,-52000
056596,光磊元富98購01  ,0,0,0,0,0,0,0,0,0,-52000,0,0,0,0,52000,-52000,-52000
053378,台積電元大98購02,0,0,0,0,0,0,0,0,0,-52000,0,0,0,30000,82000,-52000,-52000
054728,聯發科日盛97購01,0,0,0,0,0,0,0,0,0,-52000,0,0,0,0,52000,-52000,-52000
054627,義隆凱基98購01  ,0,0,0,0,0,0,0,0,0,-52000,0,0,0,133000,185000,-52000,-52000
058323,泰鼎永豐9A購01  ,0,0,0,0,0,0,0,0,0,-52000,0,0,0,0,52000,-52000,-52000
060128,健策永豐99購06  ,0,0,0,0,0,0,0,0,0,-52000,0,0,0,40000,92000,-52000,-52000
060732,玉晶光群益9C購02,0,0,0,0,0,0,0,0,0,-52000,0,0,0,3000,55000,-52000,-52000
062511,台光電國票9B購02,0,0,0,0,0,0,0,0,0,-52000,0,0,0,38000,90000,-52000,-52000
061235,台積電元大9A購23,0,0,0,0,0,0,0,0,0,-52000,0,0,0,0,52000,-52000,-52000
062470,智邦凱基9C購01  ,0,0,0,0,0,0,0,0,0,-52000,0,0,0,20000,72000,-52000,-52000
07035P,大立光元富99售04,0,0,0,0,0,0,0,0,0,-53000,0,0,0,35000,88000,-53000,-53000
07798P,同欣電國票9A售01,0,0,0,0,0,0,0,0,0,-53000,0,0,0,5000,58000,-53000,-53000
053904,漢唐凱基97購01  ,0,0,0,0,0,0,0,0,0,-53000,0,0,0,0,53000,-53000,-53000
054563,泰碩群益99購01  ,0,0,0,0,0,0,0,0,0,-53000,0,0,0,46000,99000,-53000,-53000
055916,奇鋐凱基99購01  ,0,0,0,0,0,0,0,0,0,-53000,0,0,0,0,53000,-53000,-53000
056394,晶豪科永豐98購01,0,0,0,0,0,0,0,0,0,-53000,0,0,0,92000,145000,-53000,-53000
059623,聯電凱基99購02  ,0,0,0,0,0,0,0,0,0,-53000,0,0,0,5000,58000,-53000,-53000
057674,台郡元大99購03  ,0,0,0,0,0,0,0,0,0,-53000,0,0,0,69000,122000,-53000,-53000
058773,和碩兆豐99購01  ,0,0,0,0,0,0,0,0,0,-53000,0,0,0,35000,88000,-53000,-53000
060450,南亞元大9A購02  ,0,0,0,0,0,0,0,0,0,-53000,0,0,0,55000,108000,-53000,-53000
057087,台郡統一99購01  ,0,0,0,0,0,0,0,0,0,-53000,0,0,0,15000,68000,-53000,-53000
060548,友達凱基9B購03  ,0,0,0,0,0,0,0,0,0,-53000,0,0,0,12000,65000,-53000,-53000
061967,旺宏統一01購04  ,0,0,0,0,0,0,0,0,0,-53000,0,0,0,0,53000,-53000,-53000
061454,國巨凱基9A購16  ,0,0,0,0,0,0,0,0,0,-53000,0,0,0,0,53000,-53000,-53000
063766,南茂元富9B購01  ,0,0,0,0,0,0,0,0,0,-53000,0,0,0,137000,190000,-53000,-53000
063546,國巨兆豐9C購03  ,0,0,0,0,0,0,0,0,0,-53000,0,0,0,0,53000,-53000,-53000
056006,義隆亞東97購01  ,0,0,0,0,0,0,0,0,0,-54000,0,0,0,58000,112000,-54000,-54000
060526,台積電中信9A購02,0,0,0,0,0,0,0,0,0,-54000,0,0,0,1000,55000,-54000,-54000
060238,強茂元大9C購01  ,0,0,0,0,0,0,0,0,0,-54000,0,0,0,32000,86000,-54000,-54000
058516,健鼎元大99購02  ,0,0,0,0,0,0,0,0,0,-54000,0,0,0,1000,55000,-54000,-54000
063708,上銀凱基9B購06  ,0,0,0,0,0,0,0,0,0,-54000,0,0,0,21000,75000,-54000,-54000
06259P,臺股指群益97售12,0,0,0,0,0,0,0,0,0,-54000,0,0,0,6000,60000,-54000,-54000
062736,漢唐國票9B購01  ,0,0,0,0,0,0,0,0,0,-54000,0,0,0,15000,69000,-54000,-54000
063021,大立光元大9C購05,0,0,0,0,0,0,0,0,0,-54000,0,0,0,0,54000,-54000,-54000
061827,台灣50凱基02購01,0,0,0,0,0,0,0,0,0,-54000,0,0,0,2000,56000,-54000,-54000
6215,和椿            ,17000,71000,-54000,0,0,0,0,0,0,0,0,0,0,0,0,0,-54000
3708,上緯投控        ,90728,140000,-49272,0,0,0,0,0,0,-5000,1000,0,1000,0,6000,-6000,-54272
2887F,台新戊特二      ,0,0,0,0,0,0,0,0,0,-55000,0,55000,-55000,0,0,0,-55000
2457,飛宏            ,109000,165000,-56000,0,0,0,0,0,0,1000,3000,2000,1000,0,0,0,-55000
07794P,智邦國票9A售03  ,0,0,0,0,0,0,0,0,0,-55000,0,0,0,110000,165000,-55000,-55000
07818P,台積電國票9C售01,0,0,0,0,0,0,0,0,0,-55000,0,0,0,0,55000,-55000,-55000
08014P,微星凱基9B售02  ,0,0,0,0,0,0,0,0,0,-55000,0,0,0,10000,65000,-55000,-55000
08341P,國泰金台新9C售01,0,0,0,0,0,0,0,0,0,-55000,0,0,0,0,55000,-55000,-55000
07093P,台積電凱基99售07,0,0,0,0,0,0,0,0,0,-55000,0,0,0,0,55000,-55000,-55000
06550P,健策元大99售01  ,0,0,0,0,0,0,0,0,0,-55000,0,0,0,0,55000,-55000,-55000
064289,台郡元大9C購01  ,0,0,0,0,0,0,0,0,0,-55000,0,0,0,4000,59000,-55000,-55000
064221,華通國票01購01  ,0,0,0,0,0,0,0,0,0,-55000,0,0,0,7000,62000,-55000,-55000
056107,智易永豐97購02  ,0,0,0,0,0,0,0,0,0,-55000,0,0,0,26000,81000,-55000,-55000
056739,美律凱基98購04  ,0,0,0,0,0,0,0,0,0,-55000,0,0,0,6000,61000,-55000,-55000
055333,晶豪科兆豐97購01,0,0,0,0,0,0,0,0,0,-55000,0,0,0,5000,60000,-55000,-55000
055599,TPK元大97購01   ,0,0,0,0,0,0,0,0,0,-55000,0,0,0,0,55000,-55000,-55000
054040,中石化元大9C購01,0,0,0,0,0,0,0,0,0,-55000,0,0,0,0,55000,-55000,-55000
00714,群益道瓊美國地產,0,0,0,0,0,0,0,0,0,-55000,0,0,0,1013000,1068000,-55000,-55000
057080,華新科統一99購02,0,0,0,0,0,0,0,0,0,-55000,0,0,0,20000,75000,-55000,-55000
062094,台積電富邦9C購12,0,0,0,0,0,0,0,0,0,-55000,0,0,0,15000,70000,-55000,-55000
062711,台表科元大9B購05,0,0,0,0,0,0,0,0,0,-55000,0,0,0,161000,216000,-55000,-55000
064513,T50反1群益9C購01,0,0,0,0,0,0,0,0,0,-56000,0,0,0,0,56000,-56000,-56000
07595P,台灣50中信03售07,0,0,0,0,0,0,0,0,0,-56000,0,0,0,5000,61000,-56000,-56000
1338,廣華-KY         ,42000,98000,-56000,0,0,0,0,0,0,0,0,0,0,0,0,0,-56000
2707,晶華            ,45000,95000,-50000,0,0,0,0,0,0,-6000,0,6000,-6000,0,0,0,-56000
055562,欣興凱基97購06  ,0,0,0,0,0,0,0,0,0,-56000,0,0,0,0,56000,-56000,-56000
056448,全新凱基99購01  ,0,0,0,0,0,0,0,0,0,-56000,0,0,0,0,56000,-56000,-56000
054817,聯發科元大97購13,0,0,0,0,0,0,0,0,0,-56000,0,0,0,11000,67000,-56000,-56000
055049,智邦永豐97購01  ,0,0,0,0,0,0,0,0,0,-56000,0,0,0,0,56000,-56000,-56000
056297,台光電元大97購04,0,0,0,0,0,0,0,0,0,-56000,0,0,0,48000,104000,-56000,-56000
060061,旺宏兆豐99購02  ,0,0,0,0,0,0,0,0,0,-56000,0,0,0,124000,180000,-56000,-56000
057640,台積電元大98購16,0,0,0,0,0,0,0,0,0,-56000,0,0,0,0,56000,-56000,-56000
057963,緯穎元大98購08  ,0,0,0,0,0,0,0,0,0,-56000,0,0,0,27000,83000,-56000,-56000
063387,台積電兆豐9B購03,0,0,0,0,0,0,0,0,0,-56000,0,0,0,56000,112000,-56000,-56000
062089,矽創元大9B購02  ,0,0,0,0,0,0,0,0,0,-56000,0,0,0,173000,229000,-56000,-56000
062127,台勝科統一01購02,0,0,0,0,0,0,0,0,0,-56000,0,0,0,0,56000,-56000,-56000
061973,上銀元大9B購01  ,0,0,0,0,0,0,0,0,0,-56000,0,0,0,236000,292000,-56000,-56000
062438,台光電元大9B購04,0,0,0,0,0,0,0,0,0,-56000,0,0,0,141000,197000,-56000,-56000
3311,閎暉            ,23000,80000,-57000,0,0,0,0,0,0,0,0,0,0,0,0,0,-57000
2038,海光            ,24000,81000,-57000,0,0,0,0,0,0,0,0,0,0,0,0,0,-57000
08221P,台表科凱基9B售05,0,0,0,0,0,0,0,0,0,-57000,0,0,0,0,57000,-57000,-57000
07305P,T50正2群益99售02,0,0,0,0,0,0,0,0,0,-57000,0,0,0,53000,110000,-57000,-57000
064261,力山永豐9C購01  ,0,0,0,0,0,0,0,0,0,-57000,0,0,0,0,57000,-57000,-57000
063957,臻鼎元大9C購01  ,0,0,0,0,0,0,0,0,0,-57000,0,0,0,24000,81000,-57000,-57000
063851,健策元大01購01  ,0,0,0,0,0,0,0,0,0,-57000,0,0,0,113000,170000,-57000,-57000
056361,美律元大99購02  ,0,0,0,0,0,0,0,0,0,-57000,0,0,0,0,57000,-57000,-57000
058956,健策國票9A購02  ,0,0,0,0,0,0,0,0,0,-57000,0,0,0,32000,89000,-57000,-57000
057154,易華電國泰99購01,0,0,0,0,0,0,0,0,0,-57000,0,0,0,0,57000,-57000,-57000
06192P,高股息中信98售01,0,0,0,0,0,0,0,0,0,-57000,0,0,0,20000,77000,-57000,-57000
061479,泰碩元大9A購02  ,0,0,0,0,0,0,0,0,0,-57000,0,0,0,13000,70000,-57000,-57000
061227,日月光中信9B購01,0,0,0,0,0,0,0,0,0,-57000,0,0,0,115000,172000,-57000,-57000
061084,京元電兆豐9A購02,0,0,0,0,0,0,0,0,0,-57000,0,0,0,0,57000,-57000,-57000
063652,國泰金台新9B購01,0,0,0,0,0,0,0,0,0,-57000,0,0,0,4000,61000,-57000,-57000
062908,晶豪科元大9B購03,0,0,0,0,0,0,0,0,0,-57000,0,0,0,243000,300000,-57000,-57000
4722,國精化          ,55000,112000,-57000,0,0,0,0,0,0,0,4000,4000,0,0,0,0,-57000
063960,南電元大9C購03  ,0,0,0,0,0,0,0,0,0,-58000,0,0,0,54000,112000,-58000,-58000
064020,華通元大01購01  ,0,0,0,0,0,0,0,0,0,-58000,0,0,0,0,58000,-58000,-58000
3004,豐達科          ,48000,106000,-58000,0,0,0,0,0,0,0,0,0,0,0,0,0,-58000
055037,宏盛富邦99購01  ,0,0,0,0,0,0,0,0,0,-58000,0,0,0,0,58000,-58000,-58000
055183,聯鈞統一97購01  ,0,0,0,0,0,0,0,0,0,-58000,0,0,0,0,58000,-58000,-58000
055603,超眾元大97購04  ,0,0,0,0,0,0,0,0,0,-58000,0,0,0,42000,100000,-58000,-58000
052917,大立光富邦99購02,0,0,0,0,0,0,0,0,0,-58000,0,0,0,0,58000,-58000,-58000
059262,致茂中信01購01  ,0,0,0,0,0,0,0,0,0,-58000,0,0,0,3000,61000,-58000,-58000
063171,光寶科中信9B購01,0,0,0,0,0,0,0,0,0,-58000,0,0,0,169000,227000,-58000,-58000
063049,上海銀兆豐9B購01,0,0,0,0,0,0,0,0,0,-58000,0,0,0,89000,147000,-58000,-58000
063685,鴻海永豐9B購03  ,0,0,0,0,0,0,0,0,0,-58000,0,0,0,0,58000,-58000,-58000
06139P,台積電中信99售02,0,0,0,0,0,0,0,0,0,-58000,0,0,0,2000,60000,-58000,-58000
062468,台積電凱基9B購06,0,0,0,0,0,0,0,0,0,-58000,0,0,0,22000,80000,-58000,-58000
062346,智邦群益9B購02  ,0,0,0,0,0,0,0,0,0,-58000,0,0,0,31000,89000,-58000,-58000
4560,強信-KY         ,163000,221000,-58000,0,0,0,0,0,0,0,0,0,0,0,0,0,-58000
06396P,新日興康和97售01,0,0,0,0,0,0,0,0,0,-59000,0,0,0,0,59000,-59000,-59000
064129,新日興元大9C購02,0,0,0,0,0,0,0,0,0,-59000,0,0,0,30000,89000,-59000,-59000
06980P,緯穎永豐99售02  ,0,0,0,0,0,0,0,0,0,-59000,0,0,0,26000,85000,-59000,-59000
056169,鴻海元富97購08  ,0,0,0,0,0,0,0,0,0,-59000,0,0,0,0,59000,-59000,-59000
056023,晶豪科群益97購01,0,0,0,0,0,0,0,0,0,-59000,0,0,0,21000,80000,-59000,-59000
059521,南電永豐99購03  ,0,0,0,0,0,0,0,0,0,-59000,0,0,0,1000,60000,-59000,-59000
060862,美律永豐9A購01  ,0,0,0,0,0,0,0,0,0,-59000,0,0,0,254000,313000,-59000,-59000
058095,昇陽半元大98購03,0,0,0,0,0,0,0,0,0,-59000,0,0,0,67000,126000,-59000,-59000
058738,FBVIX中信03購04 ,0,0,0,0,0,0,0,0,0,-59000,0,0,0,0,59000,-59000,-59000
058315,TPK富邦9C購01   ,0,0,0,0,0,0,0,0,0,-59000,0,0,0,0,59000,-59000,-59000
057088,上銀元富98購01  ,0,0,0,0,0,0,0,0,0,-59000,0,0,0,6000,65000,-59000,-59000
059755,宏達電國泰9A購01,0,0,0,0,0,0,0,0,0,-59000,0,0,0,21000,80000,-59000,-59000
059029,旺宏兆豐99購01  ,0,0,0,0,0,0,0,0,0,-59000,0,0,0,0,59000,-59000,-59000
062503,玉晶光群益01購03,0,0,0,0,0,0,0,0,0,-59000,0,0,0,16000,75000,-59000,-59000
063733,聯發科元大9B購27,0,0,0,0,0,0,0,0,0,-59000,0,0,0,140000,199000,-59000,-59000
063012,技嘉元大9B購01  ,0,0,0,0,0,0,0,0,0,-59000,0,0,0,45000,104000,-59000,-59000
062547,玉晶光永豐9B購05,0,0,0,0,0,0,0,0,0,-59000,0,0,0,0,59000,-59000,-59000
06927P,台灣50元大9B售03,0,0,0,0,0,0,0,0,0,-60000,0,0,0,0,60000,-60000,-60000
08264P,南電元大9C售02  ,0,0,0,0,0,0,0,0,0,-60000,0,0,0,0,60000,-60000,-60000
08161P,台表科元富9B售02,0,0,0,0,0,0,0,0,0,-60000,0,0,0,100000,160000,-60000,-60000
08339P,上銀統一9C售04  ,0,0,0,0,0,0,0,0,0,-60000,0,0,0,1000,61000,-60000,-60000
07914P,臺股指元大9B售20,0,0,0,0,0,0,0,0,0,-60000,0,0,0,0,60000,-60000,-60000
07825P,健策國泰9B售04  ,0,0,0,0,0,0,0,0,0,-60000,0,0,0,60000,120000,-60000,-60000
07632P,臺股指凱基9A售14,0,0,0,0,0,0,0,0,0,-60000,0,0,0,0,60000,-60000,-60000
059544,創意亞東99購01  ,0,0,0,0,0,0,0,0,0,-60000,0,0,0,0,60000,-60000,-60000
059654,T50反1元大99購09,0,0,0,0,0,0,0,0,0,-60000,0,0,0,0,60000,-60000,-60000
059438,群創元大99購06  ,0,0,0,0,0,0,0,0,0,-60000,0,0,0,19000,79000,-60000,-60000
056229,可成凱基97購04  ,0,0,0,0,0,0,0,0,0,-60000,0,0,0,0,60000,-60000,-60000
054836,勤誠中信97購01  ,0,0,0,0,0,0,0,0,0,-60000,0,0,0,40000,100000,-60000,-60000
054896,聯茂日盛97購01  ,0,0,0,0,0,0,0,0,0,-60000,0,0,0,0,60000,-60000,-60000
055093,京鼎群益98購01  ,0,0,0,0,0,0,0,0,0,-60000,0,0,0,7000,67000,-60000,-60000
054316,矽創凱基97購01  ,0,0,0,0,0,0,0,0,0,-60000,0,0,0,0,60000,-60000,-60000
054167,揚明光凱基98購01,0,0,0,0,0,0,0,0,0,-60000,0,0,0,0,60000,-60000,-60000
055574,美律統一97購01  ,0,0,0,0,0,0,0,0,0,-60000,0,0,0,0,60000,-60000,-60000
054642,訊芯中信9A購01  ,0,0,0,0,0,0,0,0,0,-60000,0,0,0,0,60000,-60000,-60000
053317,友達群益9A購02  ,0,0,0,0,0,0,0,0,0,-60000,0,0,0,0,60000,-60000,-60000
052699,友達國票97購01  ,209000,0,209000,0,0,0,0,0,0,-269000,0,0,0,45000,314000,-269000,-60000
059062,群創凱基99購05  ,0,0,0,0,0,0,0,0,0,-60000,0,0,0,2000,62000,-60000,-60000
060296,和碩元大9A購01  ,0,0,0,0,0,0,0,0,0,-60000,0,0,0,1000,61000,-60000,-60000
060418,中橡永豐9A購01  ,0,0,0,0,0,0,0,0,0,-60000,0,0,0,0,60000,-60000,-60000
058298,聯茂凱基99購05  ,0,0,0,0,0,0,0,0,0,-60000,0,0,0,0,60000,-60000,-60000
060680,玉晶光元大9C購03,0,0,0,0,0,0,0,0,0,-60000,0,0,0,0,60000,-60000,-60000
059247,可成凱基99購05  ,0,0,0,0,0,0,0,0,0,-60000,0,0,0,0,60000,-60000,-60000
058499,滬深2X元大9C購01,0,0,0,0,0,0,0,0,0,-60000,0,0,0,0,60000,-60000,-60000
062559,嘉晶凱基9B購02  ,0,0,0,0,0,0,0,0,0,-60000,0,0,0,1000,61000,-60000,-60000
062605,上銀凱基9B購03  ,0,0,0,0,0,0,0,0,0,-60000,0,0,0,0,60000,-60000,-60000
062947,國巨富邦01購01  ,0,0,0,0,0,0,0,0,0,-60000,0,0,0,0,60000,-60000,-60000
063284,大立光元大9B購07,0,0,0,0,0,0,0,0,0,-60000,0,0,0,0,60000,-60000,-60000
063236,旺宏元大9B購07  ,0,0,0,0,0,0,0,0,0,-60000,0,0,0,11000,71000,-60000,-60000
061914,台光電中信9B購01,0,0,0,0,0,0,0,0,0,-60000,0,0,0,83000,143000,-60000,-60000
061975,華通元大9B購01  ,0,0,0,0,0,0,0,0,0,-60000,0,0,0,47000,107000,-60000,-60000
061857,康友國票9B購01  ,0,0,0,0,0,0,0,0,0,-60000,0,0,0,14000,74000,-60000,-60000
062117,燿華中信9B購01  ,0,0,0,0,0,0,0,0,0,-60000,0,0,0,0,60000,-60000,-60000
062158,禾伸堂凱基9B購01,0,0,0,0,0,0,0,0,0,-60000,0,0,0,0,60000,-60000,-60000
061410,緯穎國票9A購03  ,0,0,0,0,0,0,0,0,0,-60000,0,0,0,10000,70000,-60000,-60000
061268,玉晶光凱基9B購04,0,0,0,0,0,0,0,0,0,-60000,0,0,0,0,60000,-60000,-60000
061162,南電群益9A購02  ,0,0,0,0,0,0,0,0,0,-60000,0,0,0,0,60000,-60000,-60000
061746,國巨統一9C購07  ,0,0,0,0,0,0,0,0,0,-60000,0,0,0,0,60000,-60000,-60000
07644P,南電凱基9A售03  ,0,0,0,0,0,0,0,0,0,-61000,0,0,0,10000,71000,-61000,-61000
08318P,台積電台新01售01,0,0,0,0,0,0,0,0,0,-61000,0,0,0,0,61000,-61000,-61000
07206P,鴻海凱基9A售11  ,0,0,0,0,0,0,0,0,0,-61000,0,0,0,0,61000,-61000,-61000
06424P,大成鋼永豐97售01,0,0,0,0,0,0,0,0,0,-61000,0,0,0,0,61000,-61000,-61000
056626,同欣電永豐98購01,0,0,0,0,0,0,0,0,0,-61000,0,0,0,0,61000,-61000,-61000
056341,宏達電凱基9A購01,0,0,0,0,0,0,0,0,0,-61000,0,0,0,0,61000,-61000,-61000
05626P,景碩國票97售03  ,0,0,0,0,0,0,0,0,0,-61000,0,0,0,0,61000,-61000,-61000
056380,麗豐元富98購01  ,0,0,0,0,0,0,0,0,0,-61000,0,0,0,80000,141000,-61000,-61000
059848,智邦永豐99購01  ,0,0,0,0,0,0,0,0,0,-61000,0,0,0,0,61000,-61000,-61000
059630,美律凱基99購07  ,0,0,0,0,0,0,0,0,0,-61000,0,0,0,40000,101000,-61000,-61000
060988,華新科元大9A購12,0,0,0,0,0,0,0,0,0,-61000,0,0,0,55000,116000,-61000,-61000
057985,華通元富02購03  ,0,0,0,0,0,0,0,0,0,-61000,0,0,0,22000,83000,-61000,-61000
057504,技嘉麥證98購01  ,0,0,0,17000,78000,-61000,0,0,0,-61000,0,0,0,17000,78000,-61000,-61000
061658,聯茂富邦9A購03  ,0,0,0,0,0,0,0,0,0,-61000,0,0,0,25000,86000,-61000,-61000
063682,達新永豐9B購01  ,0,0,0,0,0,0,0,0,0,-61000,0,0,0,199000,260000,-61000,-61000
064130,創意元大9C購02  ,0,0,0,0,0,0,0,0,0,-62000,0,0,0,171000,233000,-62000,-62000
064217,GIS凱基02購02   ,0,0,0,0,0,0,0,0,0,-62000,0,0,0,0,62000,-62000,-62000
063971,健鼎國票01購01  ,0,0,0,0,0,0,0,0,0,-62000,0,0,0,9000,71000,-62000,-62000
07127P,精元元大99售01  ,0,0,0,0,0,0,0,0,0,-62000,0,0,0,10000,72000,-62000,-62000
07545P,玉晶光凱基9A售07,0,0,0,0,0,0,0,0,0,-62000,0,0,0,15000,77000,-62000,-62000
08111P,臺股指中信01售06,0,0,0,0,0,0,0,0,0,-62000,0,0,0,40000,102000,-62000,-62000
08308P,聯發科凱基01售03,0,0,0,0,0,0,0,0,0,-62000,0,0,0,5000,67000,-62000,-62000
056209,超眾永豐97購02  ,0,0,0,0,0,0,0,0,0,-62000,0,0,0,0,62000,-62000,-62000
053569,漢唐統一98購01  ,0,0,0,0,0,0,0,0,0,-62000,0,0,0,51000,113000,-62000,-62000
056503,楠梓電永豐98購01,0,0,0,0,0,0,0,0,0,-62000,0,0,0,22000,84000,-62000,-62000
057158,義隆永豐99購01  ,0,0,0,0,0,0,0,0,0,-62000,0,0,0,82000,144000,-62000,-62000
057353,玉晶光統一99購01,0,0,0,0,0,0,0,0,0,-62000,0,0,0,21000,83000,-62000,-62000
058009,智易國票99購01  ,0,0,0,0,0,0,0,0,0,-62000,0,0,0,0,62000,-62000,-62000
059168,奇力新凱基99購05,0,0,0,0,0,0,0,0,0,-62000,0,0,0,48000,110000,-62000,-62000
060861,漢唐永豐9A購01  ,0,0,0,0,0,0,0,0,0,-62000,0,0,0,31000,93000,-62000,-62000
063482,緯穎元大9B購09  ,0,0,0,0,0,0,0,0,0,-62000,0,0,0,28000,90000,-62000,-62000
062976,嘉澤元富9B購01  ,0,0,0,0,0,0,0,0,0,-62000,0,0,0,78000,140000,-62000,-62000
063026,南六元大9B購04  ,0,0,0,0,0,0,0,0,0,-62000,0,0,0,0,62000,-62000,-62000
061669,崇越中信9A購01  ,0,0,0,0,0,0,0,0,0,-62000,0,0,0,71000,133000,-62000,-62000
061477,晶豪科元大9A購01,0,0,0,0,0,0,0,0,0,-62000,0,0,0,158000,220000,-62000,-62000
061939,中租國票9B購01  ,0,0,0,0,0,0,0,0,0,-62000,0,0,0,116000,178000,-62000,-62000
062269,葡萄王群益9B購01,0,0,0,0,0,0,0,0,0,-62000,0,0,0,70000,132000,-62000,-62000
06539P,聯發科凱基98售12,0,0,0,0,0,0,0,0,0,-63000,0,0,0,7000,70000,-63000,-63000
063807,超眾兆豐01購01  ,0,0,0,0,0,0,0,0,0,-63000,0,0,0,0,63000,-63000,-63000
056523,光寶科中信98購01,0,0,0,0,0,0,0,0,0,-63000,0,0,0,10000,73000,-63000,-63000
057571,泰碩永豐98購01  ,0,0,0,0,0,0,0,0,0,-63000,0,0,0,0,63000,-63000,-63000
057697,國巨群益98購09  ,0,0,0,0,0,0,0,0,0,-63000,0,0,0,0,63000,-63000,-63000
060607,玉晶光凱基9A購06,0,0,0,0,0,0,0,0,0,-63000,0,0,0,0,63000,-63000,-63000
059166,友達凱基99購05  ,0,0,0,0,0,0,0,0,0,-63000,0,0,0,31000,94000,-63000,-63000
060188,華新科元富9A購03,0,0,0,0,0,0,0,0,0,-63000,0,0,0,14000,77000,-63000,-63000
057257,台泥兆豐99購01  ,0,0,0,0,0,0,0,0,0,-63000,0,0,0,21000,84000,-63000,-63000
062006,瑞昱國泰9C購01  ,0,0,0,0,0,0,0,0,0,-63000,0,0,0,78000,141000,-63000,-63000
062042,台勝科凱基9C購01,0,0,0,0,0,0,0,0,0,-63000,0,0,0,0,63000,-63000,-63000
061113,南電元大9A購03  ,0,0,0,0,0,0,0,0,0,-63000,0,0,0,68000,131000,-63000,-63000
063153,南六元富9B購01  ,0,0,0,0,0,0,0,0,0,-63000,0,0,0,39000,102000,-63000,-63000
063130,聯茂元大9B購02  ,0,0,0,0,0,0,0,0,0,-63000,0,0,0,127000,190000,-63000,-63000
063014,技嘉元大9B購03  ,0,0,0,0,0,0,0,0,0,-63000,0,0,0,105000,168000,-63000,-63000
062754,台勝科麥證9B購01,0,0,0,0,63000,-63000,0,0,0,-63000,0,0,0,0,63000,-63000,-63000
4943,康控-KY         ,187000,263000,-76000,0,0,0,0,0,0,13000,1000,0,1000,24000,12000,12000,-63000
063863,儒鴻富邦02購01  ,0,0,0,0,0,0,0,0,0,-64000,0,0,0,0,64000,-64000,-64000
064032,群創元大9C購06  ,0,0,0,0,0,0,0,0,0,-64000,0,0,0,84000,148000,-64000,-64000
064200,華通兆豐01購01  ,0,0,0,0,0,0,0,0,0,-64000,0,0,0,360000,424000,-64000,-64000
06962P,華新科永豐99售01,0,0,0,0,0,0,0,0,0,-64000,0,0,0,1000,65000,-64000,-64000
2882B,國泰金乙特      ,0,0,0,0,0,0,0,0,0,-64000,1000,65000,-64000,0,0,0,-64000
055136,聯發科富邦99購06,0,0,0,0,0,0,0,0,0,-64000,0,0,0,4000,68000,-64000,-64000
00682U,元大美元指數    ,0,0,0,0,0,0,0,0,0,-64000,0,0,0,0,64000,-64000,-64000
03448B,臺股指元大9C熊11,0,0,0,0,0,0,0,0,0,-64000,0,0,0,8000,72000,-64000,-64000
057103,禾伸堂中信9A購01,0,0,0,0,0,0,0,0,0,-64000,0,0,0,20000,84000,-64000,-64000
058249,緯穎元大99購04  ,0,0,0,0,0,0,0,0,0,-64000,0,0,0,44000,108000,-64000,-64000
060716,新唐永豐9A購01  ,0,0,0,0,0,0,0,0,0,-64000,0,0,0,61000,125000,-64000,-64000
062928,富邦金台新9B購02,0,0,0,0,0,0,0,0,0,-64000,0,0,0,96000,160000,-64000,-64000
063179,群創兆豐9B購01  ,0,0,0,0,0,0,0,0,0,-64000,0,0,0,137000,201000,-64000,-64000
063681,深中小永豐9B購01,0,0,0,0,0,0,0,0,0,-64000,0,0,0,0,64000,-64000,-64000
3057,喬鼎            ,24000,89000,-65000,0,0,0,0,0,0,0,0,0,0,0,0,0,-65000
2476,鉅祥            ,10000,75000,-65000,0,0,0,0,0,0,0,0,0,0,0,0,0,-65000
08280P,臺股指中信02售01,0,0,0,0,0,0,0,0,0,-65000,0,0,0,0,65000,-65000,-65000
064222,玉山金國票01購01,0,0,0,0,0,0,0,0,0,-65000,0,0,0,22000,87000,-65000,-65000
064146,瑞昱統一01購03  ,0,0,0,0,0,0,0,0,0,-65000,0,0,0,0,65000,-65000,-65000
056422,全新統一98購02  ,0,0,0,0,0,0,0,0,0,-65000,0,0,0,5000,70000,-65000,-65000
056559,華通群益98購02  ,0,0,0,0,0,0,0,0,0,-65000,0,0,0,755000,820000,-65000,-65000
055763,鎧勝群益97購01  ,0,0,0,0,0,0,0,0,0,-65000,0,0,0,123000,188000,-65000,-65000
055962,晶豪科元大97購02,0,0,0,0,0,0,0,0,0,-65000,0,0,0,50000,115000,-65000,-65000
060686,康友元大9A購02  ,0,0,0,0,0,0,0,0,0,-65000,0,0,0,4000,69000,-65000,-65000
060812,智邦凱基9A購01  ,0,0,0,0,0,0,0,0,0,-65000,0,0,0,9000,74000,-65000,-65000
060572,景碩永豐9A購01  ,0,0,0,0,0,0,0,0,0,-65000,0,0,0,85000,150000,-65000,-65000
059147,矽創國票99購01  ,0,0,0,0,0,0,0,0,0,-65000,0,0,0,9000,74000,-65000,-65000
057306,玉晶光兆豐99購01,0,0,0,0,0,0,0,0,0,-65000,0,0,0,3000,68000,-65000,-65000
059814,SP黃豆凱基9A購02,0,0,0,0,0,0,0,0,0,-65000,0,0,0,10000,75000,-65000,-65000
057388,奇鋐永豐98購02  ,0,0,0,0,0,0,0,0,0,-65000,0,0,0,20000,85000,-65000,-65000
06054P,臺股指中信9A售01,0,0,0,0,0,0,0,0,0,-65000,0,0,0,0,65000,-65000,-65000
063474,康控元大9B購04  ,0,0,0,0,0,0,0,0,0,-65000,0,0,0,35000,100000,-65000,-65000
061681,南電元大9A購08  ,0,0,0,0,0,0,0,0,0,-65000,0,0,0,28000,93000,-65000,-65000
061626,超眾群益9A購02  ,0,0,0,0,0,0,0,0,0,-65000,0,0,0,19000,84000,-65000,-65000
061873,友達元大9C購07  ,0,0,0,0,0,0,0,0,0,-65000,0,0,0,85000,150000,-65000,-65000
06234P,亞德客元大97售02,0,0,0,0,0,0,0,0,0,-65000,0,0,0,32000,97000,-65000,-65000
064229,台表科國票01購01,0,0,0,0,0,0,0,0,0,-66000,0,0,0,36000,102000,-66000,-66000
07587P,台灣50國票9A售11,0,0,0,0,0,0,0,0,0,-66000,0,0,0,0,66000,-66000,-66000
06529P,貿聯富邦99售03  ,0,0,0,0,0,0,0,0,0,-66000,0,0,0,40000,106000,-66000,-66000
056556,南電凱基98購01  ,0,0,0,0,0,0,0,0,0,-66000,0,0,0,4000,70000,-66000,-66000
060451,中石化元大9C購02,0,0,0,0,0,0,0,0,0,-66000,0,0,0,34000,100000,-66000,-66000
057494,玉晶光元大99購09,0,0,0,0,0,0,0,0,0,-66000,0,0,0,15000,81000,-66000,-66000
057311,玉晶光日盛9A購01,0,0,0,0,0,0,0,0,0,-66000,0,0,0,0,66000,-66000,-66000
061040,康友永豐9A購01  ,0,0,0,0,0,0,0,0,0,-66000,0,0,0,2000,68000,-66000,-66000
062400,晶豪科永豐9B購02,0,0,0,0,0,0,0,0,0,-66000,0,0,0,0,66000,-66000,-66000
062148,奇鋐國票9B購01  ,0,0,0,0,0,0,0,0,0,-66000,0,0,0,29000,95000,-66000,-66000
061649,緯穎元大9A購06  ,0,0,0,0,0,0,0,0,0,-66000,0,0,0,55000,121000,-66000,-66000
061326,新日興凱基9B購01,0,0,0,0,0,0,0,0,0,-66000,0,0,0,101000,167000,-66000,-66000
063200,瑞昱統一9C購01  ,0,0,0,0,0,0,0,0,0,-66000,0,0,0,0,66000,-66000,-66000
07255P,國巨凱基99售15  ,0,0,0,0,0,0,0,0,0,-67000,0,0,0,0,67000,-67000,-67000
063862,世紀鋼國泰02購01,0,0,0,0,0,0,0,0,0,-67000,0,0,0,6000,73000,-67000,-67000
1522,堤維西          ,82000,131000,-49000,0,0,0,0,0,0,-18000,2000,0,2000,0,20000,-20000,-67000
055196,致新元富97購01  ,0,0,0,0,0,0,0,0,0,-67000,0,0,0,140000,207000,-67000,-67000
057629,泰碩永豐98購02  ,0,0,0,0,0,0,0,0,0,-67000,0,0,0,7000,74000,-67000,-67000
058048,群創元大9B購07  ,0,0,0,0,0,0,0,0,0,-67000,0,0,0,4000,71000,-67000,-67000
058780,牧德國票9A購01  ,0,0,0,0,0,0,0,0,0,-67000,0,0,0,32000,99000,-67000,-67000
063327,燿華國票9C購02  ,0,0,0,0,0,0,0,0,0,-67000,0,0,0,104000,171000,-67000,-67000
063597,健策中信9B購02  ,0,0,0,0,0,0,0,0,0,-67000,0,0,0,30000,97000,-67000,-67000
061639,晶豪科元大9A購02,0,0,0,0,0,0,0,0,0,-67000,0,0,0,82000,149000,-67000,-67000
062332,大立光統一9B購11,0,0,0,0,0,0,0,0,0,-67000,0,0,0,422000,489000,-67000,-67000
062172,南六永豐9B購01  ,0,0,0,0,0,0,0,0,0,-67000,0,0,0,0,67000,-67000,-67000
4564,元翎            ,105000,172000,-67000,0,0,0,0,0,0,0,0,0,0,0,0,0,-67000
064075,台積電中信06購01,0,0,0,0,0,0,0,0,0,-68000,0,0,0,66000,134000,-68000,-68000
063945,京元電元大9C購01,0,0,0,0,0,0,0,0,0,-68000,0,0,0,0,68000,-68000,-68000
054916,聯發科凱基98購04,0,0,0,0,0,0,0,0,0,-68000,0,0,0,16000,84000,-68000,-68000
056821,日電貿永豐98購01,0,0,0,0,0,0,0,0,0,-68000,0,0,0,0,68000,-68000,-68000
056272,嘉澤統一99購01  ,0,0,0,0,0,0,0,0,0,-68000,0,0,0,10000,78000,-68000,-68000
020016,統一MSCI美科技N ,0,0,0,0,0,0,0,0,0,-68000,0,0,0,169000,237000,-68000,-68000
054378,楠梓電群益98購01,0,0,0,0,0,0,0,0,0,-68000,0,0,0,0,68000,-68000,-68000
057849,南茂永豐98購02  ,0,0,0,0,0,0,0,0,0,-68000,0,0,0,14000,82000,-68000,-68000
058512,宏達電元大99購04,0,0,0,0,0,0,0,0,0,-68000,0,0,0,0,68000,-68000,-68000
058513,宏達電元大99購05,0,0,0,0,0,0,0,0,0,-68000,0,0,0,0,68000,-68000,-68000
057554,新日興凱基99購02,0,0,0,0,0,0,0,0,0,-68000,0,0,0,40000,108000,-68000,-68000
060913,宏達電元大9A購03,0,0,0,0,0,0,0,0,0,-68000,0,0,0,4000,72000,-68000,-68000
060306,台肥永豐9A購01  ,0,0,0,0,0,0,0,0,0,-68000,0,0,0,16000,84000,-68000,-68000
057174,南亞科元大98購05,0,0,0,0,0,0,0,0,0,-68000,0,0,0,0,68000,-68000,-68000
062179,旺宏元大9B購05  ,0,0,0,0,0,0,0,0,0,-68000,0,0,0,0,68000,-68000,-68000
062487,中興電永豐9B購01,0,0,0,0,0,0,0,0,0,-68000,0,0,0,0,68000,-68000,-68000
061899,復盛永豐9B購01  ,0,0,0,0,0,0,0,0,0,-68000,0,0,0,0,68000,-68000,-68000
063678,友達國泰9C購01  ,0,0,0,0,0,0,0,0,0,-68000,0,0,0,50000,118000,-68000,-68000
063706,台虹群益9B購01  ,0,0,0,0,0,0,0,0,0,-68000,0,0,0,0,68000,-68000,-68000
063448,聯發科統一9C購11,0,0,0,0,0,0,0,0,0,-68000,0,0,0,10000,78000,-68000,-68000
063429,南電凱基01購01  ,0,0,0,0,0,0,0,0,0,-68000,0,0,0,85000,153000,-68000,-68000
062926,嘉澤國票9B購01  ,0,0,0,0,0,0,0,0,0,-68000,0,0,0,37000,105000,-68000,-68000
062662,友達群益9B購02  ,0,0,0,0,0,0,0,0,0,-68000,0,0,0,18000,86000,-68000,-68000
063980,智易兆豐9C購02  ,0,0,0,0,0,0,0,0,0,-69000,0,0,0,0,69000,-69000,-69000
063802,南茂凱基9C購01  ,0,0,0,0,0,0,0,0,0,-69000,0,0,0,29000,98000,-69000,-69000
08299P,玉晶光國票02售01,0,0,0,0,0,0,0,0,0,-69000,0,0,0,9000,78000,-69000,-69000
051484,玉晶光凱基97購01,0,0,0,0,0,0,0,0,0,-69000,0,0,0,1000,70000,-69000,-69000
059510,華新科永豐99購07,0,0,0,0,0,0,0,0,0,-69000,0,0,0,0,69000,-69000,-69000
060424,中租永豐9A購01  ,0,0,0,0,0,0,0,0,0,-69000,0,0,0,93000,162000,-69000,-69000
058262,大立光富邦9C購02,0,0,0,0,0,0,0,0,0,-69000,0,0,0,0,69000,-69000,-69000
059042,世紀鋼群益99購02,0,0,0,0,0,0,0,0,0,-69000,0,0,0,131000,200000,-69000,-69000
062835,瑞儀群益9B購01  ,0,0,0,0,0,0,0,0,0,-69000,0,0,0,64000,133000,-69000,-69000
063190,聯茂凱基9B購01  ,0,0,0,0,0,0,0,0,0,-69000,0,0,0,10000,79000,-69000,-69000
063688,建準永豐9B購03  ,0,0,0,0,0,0,0,0,0,-69000,0,0,0,0,69000,-69000,-69000
061244,和碩兆豐9A購01  ,0,0,0,0,0,0,0,0,0,-69000,0,0,0,20000,89000,-69000,-69000
061372,世紀鋼國泰9C購01,0,0,0,0,0,0,0,0,0,-69000,0,0,0,698000,767000,-69000,-69000
6209,今國光          ,43000,112000,-69000,0,0,0,0,0,0,0,0,0,0,0,0,0,-69000
07256P,臺股指凱基99售36,0,0,0,0,0,0,0,0,0,-70000,0,0,0,0,70000,-70000,-70000
064442,嘉聯益凱基9C購01,0,0,0,0,0,0,0,0,0,-70000,0,0,0,8000,78000,-70000,-70000
06891P,緯穎富邦99售03  ,0,0,0,0,0,0,0,0,0,-70000,0,0,0,100000,170000,-70000,-70000
06754P,台積電永豐98售03,0,0,0,0,0,0,0,0,0,-70000,0,0,0,0,70000,-70000,-70000
056409,麗豐國票99購01  ,0,0,0,0,0,0,0,0,0,-70000,0,0,0,0,70000,-70000,-70000
055690,矽力凱基97購02  ,0,0,0,0,0,0,0,0,0,-70000,0,0,0,11000,81000,-70000,-70000
05582P,群創凱基98售06  ,0,0,0,0,0,0,0,0,0,-70000,0,0,0,47000,117000,-70000,-70000
057002,友達國票98購01  ,0,0,0,0,0,0,0,0,0,-70000,0,0,0,0,70000,-70000,-70000
052622,貿聯兆豐97購01  ,0,0,0,0,0,0,0,0,0,-70000,0,0,0,30000,100000,-70000,-70000
053510,聯電群益97購01  ,0,0,0,0,0,0,0,0,0,-70000,0,0,0,0,70000,-70000,-70000
059079,SGBR2X元大99購01,0,0,0,0,0,0,0,0,0,-70000,0,0,0,0,70000,-70000,-70000
060114,緯穎元大99購10  ,0,0,0,0,0,0,0,0,0,-70000,0,0,0,26000,96000,-70000,-70000
059785,美律元大9A購03  ,0,0,0,0,0,0,0,0,0,-70000,0,0,0,73000,143000,-70000,-70000
057543,華通凱基99購02  ,0,0,0,0,0,0,0,0,0,-70000,0,0,0,17000,87000,-70000,-70000
059140,大立光兆豐9A購02,0,0,0,0,0,0,0,0,0,-70000,0,0,0,86000,156000,-70000,-70000
059107,南茂國泰9A購01  ,0,0,0,0,0,0,0,0,0,-70000,0,0,0,18000,88000,-70000,-70000
058646,聯茂富邦9A購01  ,0,0,0,0,0,0,0,0,0,-70000,0,0,0,0,70000,-70000,-70000
061205,旺宏元大9A購11  ,0,0,0,0,0,0,0,0,0,-70000,0,0,0,30000,100000,-70000,-70000
061567,華通元大9A購11  ,0,0,0,0,0,0,0,0,0,-70000,0,0,0,16000,86000,-70000,-70000
063317,大立光群益9B購06,0,0,0,0,0,0,0,0,0,-70000,0,0,0,0,70000,-70000,-70000
063019,聯發科元大9C購01,0,0,0,0,0,0,0,0,0,-70000,0,0,0,5000,75000,-70000,-70000
062679,技嘉統一01購01  ,0,0,0,0,0,0,0,0,0,-70000,0,0,0,108000,178000,-70000,-70000
062636,聯鈞國票9B購01  ,0,0,0,0,0,0,0,0,0,-70000,0,0,0,0,70000,-70000,-70000
063814,嘉晶群益9C購01  ,0,0,0,0,0,0,0,0,0,-71000,0,0,0,15000,86000,-71000,-71000
063914,和碩凱基9C購01  ,0,0,0,0,0,0,0,0,0,-71000,0,0,0,20000,91000,-71000,-71000
064238,玉晶光統一01購08,0,0,0,0,0,0,0,0,0,-71000,0,0,0,13000,84000,-71000,-71000
056475,宏達電元大99購02,0,0,0,0,0,0,0,0,0,-71000,0,0,0,5000,76000,-71000,-71000
059290,全新元富99購01  ,0,0,0,0,0,0,0,0,0,-71000,0,0,0,5000,76000,-71000,-71000
057121,立積康和98購01  ,0,0,0,0,0,0,0,0,0,-71000,0,0,0,0,71000,-71000,-71000
059074,元油2X元大9C購15,0,0,0,0,0,0,0,0,0,-71000,0,0,0,20000,91000,-71000,-71000
06254P,臺股指群益97售07,0,0,0,0,0,0,0,0,0,-71000,0,0,0,10000,81000,-71000,-71000
062915,嘉澤元大9B購03  ,0,0,0,0,0,0,0,0,0,-71000,0,0,0,76000,147000,-71000,-71000
063623,祥碩兆豐9B購02  ,0,0,0,0,0,0,0,0,0,-71000,0,0,0,85000,156000,-71000,-71000
061679,健策元大9B購04  ,0,0,0,0,0,0,0,0,0,-71000,0,0,0,95000,166000,-71000,-71000
064366,群創統一01購01  ,0,0,0,0,0,0,0,0,0,-72000,0,0,0,0,72000,-72000,-72000
064005,義隆凱基01購01  ,0,0,0,0,0,0,0,0,0,-72000,0,0,0,172000,244000,-72000,-72000
06826P,臺股指國票98售02,0,0,0,0,0,0,0,0,0,-72000,0,0,0,4000,76000,-72000,-72000
059912,國巨元大99購28  ,0,0,0,0,0,0,0,0,0,-72000,0,0,0,0,72000,-72000,-72000
055658,南電元富97購01  ,0,0,0,0,0,0,0,0,0,-72000,0,0,0,0,72000,-72000,-72000
058069,美律凱基99購05  ,0,0,0,0,0,0,0,0,0,-72000,0,0,0,20000,92000,-72000,-72000
060856,健策富邦9B購02  ,0,0,0,0,0,0,0,0,0,-72000,0,0,0,0,72000,-72000,-72000
060620,玉晶光元大9A購04,0,0,0,0,0,0,0,0,0,-72000,0,0,0,25000,97000,-72000,-72000
061381,台灣50群益9B購07,0,0,0,0,0,0,0,0,0,-72000,0,0,0,0,72000,-72000,-72000
063088,緯穎凱基9B購04  ,0,0,0,0,0,0,0,0,0,-72000,0,0,0,201000,273000,-72000,-72000
062592,牧德統一01購01  ,0,0,0,0,0,0,0,0,0,-72000,0,0,0,0,72000,-72000,-72000
062648,聯茂富邦9B購01  ,0,0,0,0,0,0,0,0,0,-72000,0,0,0,0,72000,-72000,-72000
07088P,訊芯永豐99售02  ,0,0,0,0,0,0,0,0,0,-73000,0,0,0,10000,83000,-73000,-73000
063821,南亞科麥證9C購01,0,0,0,77000,94000,-17000,0,0,0,-73000,0,0,0,77000,150000,-73000,-73000
3209,全科            ,60000,134000,-74000,0,0,0,0,0,0,1000,1000,0,1000,0,0,0,-73000
053754,英業達元富96購02,0,0,0,0,0,0,0,0,0,-73000,0,0,0,100000,173000,-73000,-73000
038489,T50反1台新9A購01,0,0,0,0,0,0,0,0,0,-73000,0,0,0,0,73000,-73000,-73000
054330,世芯永豐96購02  ,0,0,0,0,0,0,0,0,0,-73000,0,0,0,0,73000,-73000,-73000
060618,玉晶光元大9A購02,0,0,0,0,0,0,0,0,0,-73000,0,0,0,23000,96000,-73000,-73000
057662,上銀元大9A購01  ,0,0,0,0,0,0,0,0,0,-73000,0,0,0,6000,79000,-73000,-73000
057556,智易凱基99購01  ,0,0,0,0,0,0,0,0,0,-73000,0,0,0,52000,125000,-73000,-73000
060717,康控永豐9A購01  ,0,0,0,0,0,0,0,0,0,-73000,0,0,0,0,73000,-73000,-73000
059064,緯穎凱基99購02  ,0,0,0,0,0,0,0,0,0,-73000,0,0,0,27000,100000,-73000,-73000
060471,台勝科元大9B購01,0,0,0,0,0,0,0,0,0,-73000,0,0,0,1000,74000,-73000,-73000
062682,全新統一9B購01  ,0,0,0,0,0,0,0,0,0,-73000,0,0,0,89000,162000,-73000,-73000
062903,燿華元大9B購04  ,0,0,0,0,0,0,0,0,0,-73000,0,0,0,133000,206000,-73000,-73000
063000,緯穎國票9B購03  ,0,0,0,0,0,0,0,0,0,-73000,0,0,0,5000,78000,-73000,-73000
062999,聯茂國票9C購01  ,0,0,0,0,0,0,0,0,0,-73000,0,0,0,7000,80000,-73000,-73000
062126,創意統一9B購01  ,0,0,0,0,0,0,0,0,0,-73000,0,0,0,189000,262000,-73000,-73000
062414,臻鼎中信01購01  ,0,0,0,0,0,0,0,0,0,-73000,0,0,0,12000,85000,-73000,-73000
6672,騰輝電子-KY     ,29000,103100,-74100,0,0,0,0,0,0,1000,2000,1000,1000,0,0,0,-73100
064156,大立光統一01購06,0,0,0,0,0,0,0,0,0,-74000,0,0,0,25000,99000,-74000,-74000
064118,喬山元大01購01  ,0,0,0,0,0,0,0,0,0,-74000,0,0,0,101000,175000,-74000,-74000
07245P,台積電凱基99售16,0,0,0,0,0,0,0,0,0,-74000,0,0,0,13000,87000,-74000,-74000
056004,南電永豐97購02  ,0,0,0,0,0,0,0,0,0,-74000,0,0,0,11000,85000,-74000,-74000
059041,南茂群益99購02  ,0,0,0,0,0,0,0,0,0,-74000,0,0,0,29000,103000,-74000,-74000
059760,楠梓電永豐99購01,0,0,0,0,0,0,0,0,0,-74000,0,0,0,122000,196000,-74000,-74000
058707,泰鼎元大99購02  ,0,0,0,0,0,0,0,0,0,-74000,0,0,0,7000,81000,-74000,-74000
061248,健策群益9A購03  ,0,0,0,0,0,0,0,0,0,-74000,0,0,0,5000,79000,-74000,-74000
063081,技嘉凱基9B購02  ,0,0,0,0,0,0,0,0,0,-74000,0,0,0,2000,76000,-74000,-74000
062677,儒鴻統一01購01  ,0,0,0,0,0,0,0,0,0,-74000,0,0,0,10000,84000,-74000,-74000
064306,和潤兆豐01購01  ,0,0,0,0,0,0,0,0,0,-75000,0,0,0,68000,143000,-75000,-75000
055822,臺股指國票97購09,0,0,0,0,0,0,0,0,0,-75000,0,0,0,0,75000,-75000,-75000
06067P,華新科康和97售01,0,0,0,0,0,0,0,0,0,-75000,0,0,0,0,75000,-75000,-75000
058479,亞光凱基9A購01  ,0,0,0,0,0,0,0,0,0,-75000,0,0,0,24000,99000,-75000,-75000
057389,玉晶光永豐98購06,0,0,0,0,0,0,0,0,0,-75000,0,0,0,1000,76000,-75000,-75000
063628,華通元大9B購09  ,0,0,0,0,0,0,0,0,0,-75000,0,0,0,0,75000,-75000,-75000
063231,台泥元大9B購01  ,0,0,0,0,0,0,0,0,0,-75000,0,0,0,156000,231000,-75000,-75000
063480,南六元大9C購01  ,0,0,0,0,0,0,0,0,0,-75000,0,0,0,0,75000,-75000,-75000
8033,雷虎            ,10000,85000,-75000,0,0,0,0,0,0,0,0,0,0,0,0,0,-75000
064287,日月光元大9C購01,0,0,0,0,0,0,0,0,0,-76000,0,0,0,0,76000,-76000,-76000
058972,新日興永豐9A購01,0,0,0,0,0,0,0,0,0,-76000,0,0,0,8000,84000,-76000,-76000
057670,欣興元大99購02  ,0,0,0,0,0,0,0,0,0,-76000,0,0,0,72000,148000,-76000,-76000
060990,新光金元大9B購03,0,0,0,0,0,0,0,0,0,-76000,0,0,0,91000,167000,-76000,-76000
063447,聯發科統一9B購12,0,0,0,0,0,0,0,0,0,-76000,0,0,0,27000,103000,-76000,-76000
063515,香港2X凱基01購01,0,0,0,0,0,0,0,0,0,-76000,0,0,0,62000,138000,-76000,-76000
063702,聯發科群益9C購04,0,0,0,0,0,0,0,0,0,-76000,0,0,0,0,76000,-76000,-76000
063123,聯發科元大9B購16,0,0,0,0,0,0,0,0,0,-76000,0,0,0,37000,113000,-76000,-76000
062376,中租元大9B購02  ,0,0,0,0,0,0,0,0,0,-76000,0,0,0,75000,151000,-76000,-76000
061950,日月光群益9B購01,0,0,0,0,0,0,0,0,0,-76000,0,0,0,58000,134000,-76000,-76000
064252,嘉澤元富9C購01  ,0,0,0,0,0,0,0,0,0,-77000,0,0,0,0,77000,-77000,-77000
07214P,聯發科凱基9A售04,0,0,0,0,0,0,0,0,0,-77000,0,0,0,0,77000,-77000,-77000
07552P,技嘉元大9A售03  ,0,0,0,0,0,0,0,0,0,-77000,0,0,0,29000,106000,-77000,-77000
3090,日電貿          ,210000,346000,-136000,0,0,0,0,0,0,59000,3000,2000,1000,76000,18000,58000,-77000
07764P,世紀鋼永豐9A售04,0,0,0,0,0,0,0,0,0,-77000,0,0,0,0,77000,-77000,-77000
054826,復盛元大9A購01  ,0,0,0,0,0,0,0,0,0,-77000,0,0,0,3000,80000,-77000,-77000
056133,可成元大97購05  ,0,0,0,0,0,0,0,0,0,-77000,0,0,0,0,77000,-77000,-77000
058440,玉晶光統一99購02,0,0,0,0,0,0,0,0,0,-77000,0,0,0,8000,85000,-77000,-77000
062004,國巨國泰9C購03  ,0,0,0,0,0,0,0,0,0,-77000,0,0,0,50000,127000,-77000,-77000
063122,聯發科元大9B購15,0,0,0,0,0,0,0,0,0,-77000,0,0,0,21000,98000,-77000,-77000
062849,中興電永豐9B購02,0,0,0,0,0,0,0,0,0,-77000,0,0,0,0,77000,-77000,-77000
08115P,聯發科凱基9B售13,0,0,0,0,0,0,0,0,0,-78000,0,0,0,17000,95000,-78000,-78000
08131P,立積元大9B售02  ,0,0,0,0,0,0,0,0,0,-78000,0,0,0,0,78000,-78000,-78000
064296,奇鋐國票01購01  ,0,0,0,0,0,0,0,0,0,-78000,0,0,0,0,78000,-78000,-78000
056343,高鐵凱基98購02  ,0,0,0,0,0,0,0,0,0,-78000,0,0,0,26000,104000,-78000,-78000
057948,嘉聯益國票99購02,0,0,0,0,0,0,0,0,0,-78000,0,0,0,26000,104000,-78000,-78000
057570,技嘉永豐98購02  ,0,0,0,0,0,0,0,0,0,-78000,0,0,0,178000,256000,-78000,-78000
057767,緯穎凱基98購06  ,0,0,0,0,0,0,0,0,0,-78000,0,0,0,60000,138000,-78000,-78000
057526,智邦元大98購10  ,0,0,0,0,0,0,0,0,0,-78000,0,0,0,13000,91000,-78000,-78000
063230,緯穎群益9B購02  ,0,0,0,0,0,0,0,0,0,-78000,0,0,0,10000,88000,-78000,-78000
062286,台郡群益9B購01  ,0,0,0,0,0,0,0,0,0,-78000,0,0,0,10000,88000,-78000,-78000
064207,國巨凱基03購02  ,0,0,0,0,0,0,0,0,0,-79000,0,0,0,0,79000,-79000,-79000
07840P,康控元大9A售02  ,0,0,0,0,0,0,0,0,0,-79000,0,0,0,43000,122000,-79000,-79000
07948P,大成鋼凱基9B售01,0,0,0,0,0,0,0,0,0,-79000,0,0,0,16000,95000,-79000,-79000
054250,漢唐元大96購04  ,0,0,0,0,0,0,0,0,0,-79000,0,0,0,0,79000,-79000,-79000
059923,緯穎元大99購09  ,0,0,0,0,0,0,0,0,0,-79000,0,0,0,26000,105000,-79000,-79000
061463,智邦群益9A購02  ,0,0,0,0,0,0,0,0,0,-79000,0,0,0,77000,156000,-79000,-79000
063252,緯穎元大9B購07  ,0,0,0,0,0,0,0,0,0,-79000,0,0,0,335000,414000,-79000,-79000
063611,儒鴻群益9B購03  ,0,0,0,0,0,0,0,0,0,-79000,0,0,0,5000,84000,-79000,-79000
062730,致伸凱基9B購01  ,5000,0,5000,0,0,0,0,0,0,-84000,0,0,0,701000,785000,-84000,-79000
063787,玉晶光統一01購07,0,0,0,0,0,0,0,0,0,-80000,0,0,0,22000,102000,-80000,-80000
07588P,滬深2X國票9C售01,0,0,0,0,0,0,0,0,0,-80000,0,0,0,180000,260000,-80000,-80000
07194P,聯發科元大99售25,0,0,0,0,0,0,0,0,0,-80000,0,0,0,0,80000,-80000,-80000
06832P,玉晶光凱基98售03,0,0,0,0,0,0,0,0,0,-80000,0,0,0,0,80000,-80000,-80000
054263,聯茂元大96購02  ,0,0,0,0,0,0,0,0,0,-80000,0,0,0,65000,145000,-80000,-80000
053721,國泰金凱基97購01,0,0,0,0,0,0,0,0,0,-80000,0,0,0,0,80000,-80000,-80000
056268,新日興統一97購01,0,0,0,0,0,0,0,0,0,-80000,0,0,0,157000,237000,-80000,-80000
056040,亞光凱基98購01  ,0,0,0,0,0,0,0,0,0,-80000,0,0,0,0,80000,-80000,-80000
059473,T50反1群益99購03,0,0,0,0,0,0,0,0,0,-80000,0,0,0,0,80000,-80000,-80000
056622,高鐵永豐98購01  ,0,0,0,0,0,0,0,0,0,-80000,0,0,0,0,80000,-80000,-80000
059265,美律中信01購01  ,0,0,0,0,0,0,0,0,0,-80000,0,0,0,13000,93000,-80000,-80000
057609,友訊元富98購01  ,0,0,0,0,0,0,0,0,0,-80000,0,0,0,132000,212000,-80000,-80000
057701,嘉聯益群益98購02,0,0,0,0,0,0,0,0,0,-80000,0,0,0,0,80000,-80000,-80000
060936,T50反1國票9A購09,0,0,0,0,0,0,0,0,0,-80000,0,0,0,0,80000,-80000,-80000
060937,T50反1國票9A購10,0,0,0,0,0,0,0,0,0,-80000,0,0,0,0,80000,-80000,-80000
058363,全新凱基9A購02  ,0,0,0,0,0,0,0,0,0,-80000,0,0,0,0,80000,-80000,-80000
062734,臺指反國票9C購03,0,0,0,0,0,0,0,0,0,-80000,0,0,0,50000,130000,-80000,-80000
061605,華新科凱基9A購14,0,0,0,0,0,0,0,0,0,-80000,0,0,0,71000,151000,-80000,-80000
061308,元金2X中信9A購01,0,0,0,0,0,0,0,0,0,-80000,0,0,0,20000,100000,-80000,-80000
062492,牧德第一9B購01  ,0,0,0,0,0,0,0,0,0,-80000,0,0,0,0,80000,-80000,-80000
061896,景碩永豐9B購01  ,0,0,0,0,0,0,0,0,0,-80000,0,0,0,235000,315000,-80000,-80000
056943,華通統一99購01  ,0,0,0,0,0,0,0,0,0,-81000,0,0,0,66000,147000,-81000,-81000
058402,欣興元大99購04  ,0,0,0,0,0,0,0,0,0,-81000,0,0,0,33000,114000,-81000,-81000
060089,台積電元大99購54,0,0,0,0,0,0,0,0,0,-81000,0,0,0,0,81000,-81000,-81000
062052,華通統一01購01  ,0,0,0,0,0,0,0,0,0,-81000,0,0,0,48000,129000,-81000,-81000
063127,TPK元大9B購02   ,0,0,0,0,0,0,0,0,0,-81000,0,0,0,84000,165000,-81000,-81000
062906,全新元大9B購03  ,0,0,0,0,0,0,0,0,0,-81000,0,0,0,79000,160000,-81000,-81000
063481,緯穎元大9B購08  ,0,0,0,0,0,0,0,0,0,-81000,0,0,0,55000,136000,-81000,-81000
063832,矽創國票01購01  ,0,0,0,0,0,0,0,0,0,-82000,0,0,0,34000,116000,-82000,-82000
064375,智邦元富03購01  ,0,0,0,0,0,0,0,0,0,-82000,0,0,0,0,82000,-82000,-82000
3645,達邁            ,123000,206000,-83000,0,0,0,0,0,0,1000,1000,0,1000,0,0,0,-82000
054134,強茂元大96購01  ,0,0,0,0,0,0,0,0,0,-82000,0,0,0,492000,574000,-82000,-82000
059343,宏達電凱基99購04,0,0,0,0,0,0,0,0,0,-82000,0,0,0,52000,134000,-82000,-82000
057511,健策統一98購02  ,0,0,0,0,0,0,0,0,0,-82000,0,0,0,103000,185000,-82000,-82000
057794,T50反1兆豐99購02,0,0,0,0,0,0,0,0,0,-82000,0,0,0,10000,92000,-82000,-82000
057944,新日興國票99購02,0,0,0,0,0,0,0,0,0,-82000,0,0,0,0,82000,-82000,-82000
058910,泰鼎元大99購03  ,0,0,0,0,0,0,0,0,0,-82000,0,0,0,116000,198000,-82000,-82000
060845,欣興國票9A購01  ,0,0,0,0,0,0,0,0,0,-82000,0,0,0,15000,97000,-82000,-82000
06342P,世芯統一98售01  ,0,0,0,0,0,0,0,0,0,-82000,0,0,0,0,82000,-82000,-82000
063214,康控國票9C購01  ,0,0,0,0,0,0,0,0,0,-82000,0,0,0,22000,104000,-82000,-82000
063188,TPK凱基9B購01   ,0,0,0,0,0,0,0,0,0,-82000,0,0,0,243000,325000,-82000,-82000
061959,鴻海統一9B購04  ,0,0,0,0,0,0,0,0,0,-82000,0,0,0,51000,133000,-82000,-82000
06243P,亞光元富97售01  ,0,0,0,0,0,0,0,0,0,-82000,0,0,0,30000,112000,-82000,-82000
07667P,亞德客元大9A售05,0,0,0,0,0,0,0,0,0,-83000,0,0,0,34000,117000,-83000,-83000
1305,華夏            ,753000,842000,-89000,0,0,0,0,0,0,6000,6000,0,6000,0,0,0,-83000
064378,群創元富9C購01  ,0,0,0,0,0,0,0,0,0,-83000,0,0,0,0,83000,-83000,-83000
054739,義隆凱基98購02  ,0,0,0,0,0,0,0,0,0,-83000,0,0,0,309000,392000,-83000,-83000
058522,聯茂元大99購07  ,0,0,0,0,0,0,0,0,0,-83000,0,0,0,203000,286000,-83000,-83000
061818,富邦金群益9C購01,0,0,0,0,0,0,0,0,0,-83000,0,0,0,349000,432000,-83000,-83000
06150P,奇力新元大97售06,0,0,0,0,0,0,0,0,0,-83000,0,0,0,0,83000,-83000,-83000
062888,漢唐群益9B購01  ,0,0,0,0,0,0,0,0,0,-83000,0,0,0,0,83000,-83000,-83000
063942,台積電元大01購03,0,0,0,0,0,0,0,0,0,-84000,0,0,0,28000,112000,-84000,-84000
053916,漢唐國票97購04  ,0,0,0,0,0,0,0,0,0,-84000,0,0,0,0,84000,-84000,-84000
056472,美律元大99購03  ,0,0,0,0,0,0,0,0,0,-84000,0,0,0,171000,255000,-84000,-84000
059284,緯穎永豐99購03  ,0,0,0,0,0,0,0,0,0,-84000,0,0,0,37000,121000,-84000,-84000
060631,微星富邦9B購01  ,0,0,0,0,0,0,0,0,0,-84000,0,0,0,16000,100000,-84000,-84000
058459,南電永豐99購01  ,0,0,0,0,0,0,0,0,0,-84000,0,0,0,11000,95000,-84000,-84000
060978,國巨元大9A購13  ,0,0,0,0,0,0,0,0,0,-84000,0,0,0,0,84000,-84000,-84000
058763,和碩群益99購01  ,0,0,0,0,0,0,0,0,0,-84000,0,0,0,84000,168000,-84000,-84000
057990,美律統一99購02  ,0,0,0,0,0,0,0,0,0,-84000,0,0,0,280000,364000,-84000,-84000
060028,國揚永豐99購01  ,0,0,0,0,0,0,0,0,0,-84000,0,0,0,23000,107000,-84000,-84000
063522,技嘉凱基9B購03  ,0,0,0,0,0,0,0,0,0,-84000,0,0,0,14000,98000,-84000,-84000
064359,華通統一9C購05  ,0,0,0,0,0,0,0,0,0,-85000,0,0,0,0,85000,-85000,-85000
064297,台郡國票01購01  ,0,0,0,0,0,0,0,0,0,-85000,0,0,0,0,85000,-85000,-85000
064415,群創麥證9C購01  ,0,0,0,0,85000,-85000,0,0,0,-85000,0,0,0,0,85000,-85000,-85000
06477P,緯穎國票99售02  ,0,0,0,0,0,0,0,0,0,-85000,0,0,0,70000,155000,-85000,-85000
07102P,南電元大99售03  ,0,0,0,0,0,0,0,0,0,-85000,0,0,0,0,85000,-85000,-85000
07103P,南電元大99售04  ,0,0,0,0,0,0,0,0,0,-85000,0,0,0,3000,88000,-85000,-85000
07630P,臺股指凱基9A售11,0,0,0,0,0,0,0,0,0,-85000,0,0,0,175000,260000,-85000,-85000
07815P,美律群益9A售04  ,0,0,0,0,0,0,0,0,0,-85000,0,0,0,0,85000,-85000,-85000
055646,漢唐元富97購01  ,0,0,0,0,0,0,0,0,0,-85000,0,0,0,0,85000,-85000,-85000
056900,可成元大98購02  ,0,0,0,0,0,0,0,0,0,-85000,0,0,0,5000,90000,-85000,-85000
056996,矽力日盛99購01  ,0,0,0,0,0,0,0,0,0,-85000,0,0,0,5000,90000,-85000,-85000
059754,訊芯群益9A購01  ,0,0,0,0,0,0,0,0,0,-85000,0,0,0,0,85000,-85000,-85000
057105,致茂群益9A購01  ,0,0,0,0,0,0,0,0,0,-85000,0,0,0,188000,273000,-85000,-85000
058831,茂林永豐99購01  ,0,0,0,0,0,0,0,0,0,-85000,0,0,0,5000,90000,-85000,-85000
063764,上銀元富9B購08  ,0,0,0,0,0,0,0,0,0,-85000,0,0,0,30000,115000,-85000,-85000
061527,牧德凱基9A購02  ,0,0,0,0,0,0,0,0,0,-85000,0,0,0,5000,90000,-85000,-85000
6155,鈞寶            ,160000,252000,-92000,0,0,0,0,0,0,7000,9000,2000,7000,0,0,0,-85000
08208P,臺股指群益9B售16,0,0,0,0,0,0,0,0,0,-86000,0,0,0,4000,90000,-86000,-86000
1592,英瑞-KY         ,171000,259000,-88000,0,0,0,0,0,0,2000,2000,0,2000,0,0,0,-86000
063838,上銀元大9C購01  ,0,0,0,0,0,0,0,0,0,-86000,0,0,0,35000,121000,-86000,-86000
053900,T50反1日盛99購01,0,0,0,0,0,0,0,0,0,-86000,0,0,0,0,86000,-86000,-86000
061718,GIS凱基9B購01   ,0,0,0,0,0,0,0,0,0,-86000,0,0,0,12000,98000,-86000,-86000
062070,金寶元大9B購01  ,0,0,0,0,0,0,0,0,0,-86000,0,0,0,0,86000,-86000,-86000
063237,微星元大9B購02  ,0,0,0,0,0,0,0,0,0,-86000,0,0,0,0,86000,-86000,-86000
063150,聯發科元富05購03,0,0,0,0,0,0,0,0,0,-86000,0,0,0,53000,139000,-86000,-86000
5305,敦南            ,164000,246000,-82000,0,0,0,0,0,0,-4000,0,4000,-4000,0,0,0,-86000
5243,乙盛-KY         ,56000,156000,-100000,0,0,0,0,0,0,14000,14000,0,14000,0,0,0,-86000
064343,健鼎元大9C購01  ,0,0,0,0,0,0,0,0,0,-87000,0,0,0,0,87000,-87000,-87000
053573,臺股指統一99購01,0,0,0,0,0,0,0,0,0,-87000,0,0,0,181000,268000,-87000,-87000
056909,嘉聯益元大99購03,0,0,0,0,0,0,0,0,0,-87000,0,0,0,148000,235000,-87000,-87000
06046P,健策統一96售03  ,0,0,0,0,0,0,0,0,0,-87000,0,0,0,18000,105000,-87000,-87000
06025P,臺股指元大99售02,0,0,0,0,0,0,0,0,0,-87000,0,0,0,44000,131000,-87000,-87000
064332,聯發科元大01購01,0,0,0,0,0,0,0,0,0,-88000,0,0,0,139000,227000,-88000,-88000
063918,復盛凱基9C購01  ,0,0,0,0,0,0,0,0,0,-88000,0,0,0,10000,98000,-88000,-88000
063937,上銀元大9C購02  ,0,0,0,0,0,0,0,0,0,-88000,0,0,0,0,88000,-88000,-88000
063969,晶豪科國票01購01,0,0,0,0,0,0,0,0,0,-88000,0,0,0,22000,110000,-88000,-88000
08386P,臺股指群益9C售14,0,0,0,0,0,0,0,0,0,-88000,0,0,0,0,88000,-88000,-88000
056772,欣興元大99購01  ,0,0,0,0,0,0,0,0,0,-88000,0,0,0,25000,113000,-88000,-88000
059943,信邦永豐99購01  ,0,0,0,0,0,0,0,0,0,-88000,0,0,0,82000,170000,-88000,-88000
058750,緯穎凱基9A購03  ,0,0,0,0,0,0,0,0,0,-88000,0,0,0,20000,108000,-88000,-88000
063133,喬山統一01購01  ,0,0,0,0,0,0,0,0,0,-88000,0,0,0,269000,357000,-88000,-88000
062047,緯穎凱基9B購01  ,0,0,0,0,0,0,0,0,0,-88000,0,0,0,134000,222000,-88000,-88000
061266,國泰金凱基9B購01,0,0,0,0,0,0,0,0,0,-88000,0,0,0,91000,179000,-88000,-88000
064025,友達元大02購01  ,0,0,0,0,0,0,0,0,0,-89000,0,0,0,0,89000,-89000,-89000
063886,南電元富9C購01  ,0,0,0,0,0,0,0,0,0,-89000,0,0,0,132000,221000,-89000,-89000
064205,台灣50凱基01購14,0,0,0,0,0,0,0,0,0,-89000,0,0,0,4000,93000,-89000,-89000
055124,建準兆豐97購01  ,0,0,0,0,0,0,0,0,0,-89000,0,0,0,10000,99000,-89000,-89000
058033,景碩永豐98購02  ,0,0,0,0,0,0,0,0,0,-89000,0,0,0,22000,111000,-89000,-89000
061949,大立光群益9B購03,0,0,0,0,0,0,0,0,0,-89000,0,0,0,2000,91000,-89000,-89000
064269,台灣50元大9C購38,0,0,0,0,0,0,0,0,0,-90000,0,0,0,0,90000,-90000,-90000
07059P,華通國票9A售02  ,0,0,0,0,0,0,0,0,0,-90000,0,0,0,0,90000,-90000,-90000
06532P,友達元富98售04  ,0,0,0,0,0,0,0,0,0,-90000,0,0,0,0,90000,-90000,-90000
06566P,華通永豐98售03  ,0,0,0,0,0,0,0,0,0,-90000,0,0,0,10000,100000,-90000,-90000
08304P,大立光中信02售01,0,0,0,0,0,0,0,0,0,-90000,0,0,0,0,90000,-90000,-90000
08061P,大毅國票9B售04  ,0,0,0,0,0,0,0,0,0,-90000,0,0,0,0,90000,-90000,-90000
08082P,台灣50元大9B售21,0,0,0,0,0,0,0,0,0,-90000,0,0,0,0,90000,-90000,-90000
05537P,群創中信98售01  ,0,0,0,0,0,0,0,0,0,-90000,0,0,0,10000,100000,-90000,-90000
056345,嘉聯益凱基99購01,0,0,0,0,0,0,0,0,0,-90000,0,0,0,10000,100000,-90000,-90000
055541,聚陽凱基98購01  ,0,0,0,0,0,0,0,0,0,-90000,0,0,0,0,90000,-90000,-90000
055563,智易凱基97購02  ,0,0,0,0,0,0,0,0,0,-90000,0,0,0,0,90000,-90000,-90000
03017X,元展17          ,0,0,0,0,0,0,0,0,0,-90000,0,0,0,0,90000,-90000,-90000
059093,旭富元大99購01  ,0,0,0,0,0,0,0,0,0,-90000,0,0,0,391000,481000,-90000,-90000
060683,泰鼎元大9A購02  ,0,0,0,0,0,0,0,0,0,-90000,0,0,0,3000,93000,-90000,-90000
059942,全新永豐99購04  ,0,0,0,0,0,0,0,0,0,-90000,0,0,0,0,90000,-90000,-90000
057207,立積元富98購02  ,0,0,0,0,0,0,0,0,0,-90000,0,0,0,135000,225000,-90000,-90000
059821,美律凱基99購08  ,0,0,0,0,0,0,0,0,0,-90000,0,0,0,0,90000,-90000,-90000
062462,GIS群益9B購01   ,0,0,0,0,0,0,0,0,0,-90000,0,0,0,30000,120000,-90000,-90000
061346,玉晶光元大9B購03,0,0,0,0,0,0,0,0,0,-90000,0,0,0,15000,105000,-90000,-90000
08042P,臺股指群益9B售15,0,0,0,0,0,0,0,0,0,-91000,0,0,0,0,91000,-91000,-91000
064265,嘉聯益永豐9C購02,0,0,0,0,0,0,0,0,0,-91000,0,0,0,13000,104000,-91000,-91000
064300,英業達兆豐9C購01,0,0,0,0,0,0,0,0,0,-91000,0,0,0,0,91000,-91000,-91000
054055,全新國票99購02  ,0,0,0,0,0,0,0,0,0,-91000,0,0,0,0,91000,-91000,-91000
8249,菱光            ,34000,125000,-91000,0,0,0,0,0,0,0,0,0,0,0,0,0,-91000
07218P,臺股指凱基99售31,0,0,0,0,0,0,0,0,0,-92000,0,0,0,438000,530000,-92000,-92000
055505,新唐元大97購02  ,0,0,0,0,0,0,0,0,0,-92000,0,0,0,108000,200000,-92000,-92000
057023,美律凱基99購02  ,0,0,0,0,0,0,0,0,0,-92000,0,0,0,0,92000,-92000,-92000
059728,聯鈞元大99購01  ,0,0,0,0,0,0,0,0,0,-92000,0,0,0,35000,127000,-92000,-92000
057261,瑞昱兆豐98購01  ,0,0,0,0,0,0,0,0,0,-92000,0,0,0,1000,93000,-92000,-92000
057287,彩晶元大9C購03  ,0,0,0,0,0,0,0,0,0,-92000,0,0,0,178000,270000,-92000,-92000
058375,群創凱基9B購04  ,0,0,0,0,0,0,0,0,0,-92000,0,0,0,39000,131000,-92000,-92000
058007,南電群益98購02  ,0,0,0,0,0,0,0,0,0,-92000,0,0,0,20000,112000,-92000,-92000
061228,聯茂中信9A購01  ,0,0,0,0,0,0,0,0,0,-92000,0,0,0,0,92000,-92000,-92000
062758,國巨凱基9B購09  ,0,0,0,0,0,0,0,0,0,-92000,0,0,0,0,92000,-92000,-92000
062804,玉晶光統一9C購04,0,0,0,0,0,0,0,0,0,-92000,0,0,0,3000,95000,-92000,-92000
063344,臺企銀統一9C購01,0,0,0,0,0,0,0,0,0,-92000,0,0,0,59000,151000,-92000,-92000
2359,所羅門          ,30000,126000,-96000,0,0,0,0,0,0,3000,5000,2000,3000,0,0,0,-93000
3003,健和興          ,69000,145000,-76000,0,0,0,0,0,0,-17000,0,4000,-4000,2000,15000,-13000,-93000
059283,康友永豐99購02  ,0,0,0,0,0,0,0,0,0,-93000,0,0,0,84000,177000,-93000,-93000
054753,復盛凱基98購01  ,0,0,0,0,0,0,0,0,0,-93000,0,0,0,0,93000,-93000,-93000
058605,華邦電元大99購04,0,0,0,0,0,0,0,0,0,-93000,0,0,0,45000,138000,-93000,-93000
058614,台郡元大9A購01  ,0,0,0,0,0,0,0,0,0,-93000,0,0,0,201000,294000,-93000,-93000
057705,臺股指群益98購05,0,0,0,0,0,0,0,0,0,-93000,0,0,0,12000,105000,-93000,-93000
060503,技嘉元大9A購01  ,0,0,0,0,0,0,0,0,0,-93000,0,0,0,110000,203000,-93000,-93000
062458,全新群益9B購03  ,0,0,0,0,0,0,0,0,0,-93000,0,0,0,44000,137000,-93000,-93000
062289,緯穎群益9B購01  ,0,1000,-1000,0,0,0,0,0,0,-92000,0,0,0,75000,167000,-92000,-93000
061858,南電國票9B購02  ,0,0,0,0,0,0,0,0,0,-93000,0,0,0,58000,151000,-93000,-93000
062040,玉晶光凱基01購01,0,0,0,0,0,0,0,0,0,-93000,0,0,0,0,93000,-93000,-93000
063893,微星群益9C購01  ,0,0,0,0,0,0,0,0,0,-94000,0,0,0,77000,171000,-94000,-94000
063908,國巨凱基9C購06  ,0,0,0,0,0,0,0,0,0,-94000,0,0,0,0,94000,-94000,-94000
064053,祥碩統一02購01  ,0,0,0,0,0,0,0,0,0,-94000,0,0,0,0,94000,-94000,-94000
055623,貿聯國泰99購01  ,0,0,0,0,0,0,0,0,0,-94000,0,0,0,5000,99000,-94000,-94000
055877,奇鋐元富97購01  ,0,0,0,0,0,0,0,0,0,-94000,0,0,0,182000,276000,-94000,-94000
056160,智易凱基97購03  ,0,0,0,0,0,0,0,0,0,-94000,0,0,0,0,94000,-94000,-94000
053889,致茂群益97購01  ,0,0,0,0,0,0,0,0,0,-94000,0,0,0,0,94000,-94000,-94000
059979,台積電元大99購49,0,0,0,0,0,0,0,0,0,-94000,0,0,0,52000,146000,-94000,-94000
061295,台積電國泰9B購02,0,22000,-22000,0,0,0,0,0,0,-72000,0,0,0,125000,197000,-72000,-94000
061364,國巨國票9A購09  ,0,0,0,0,0,0,0,0,0,-94000,0,0,0,19000,113000,-94000,-94000
07996P,亞德客凱基9B售03,0,0,0,0,0,0,0,0,0,-95000,0,0,0,26000,121000,-95000,-95000
07744P,奇力新凱基9A售05,0,0,0,0,0,0,0,0,0,-95000,0,0,0,11000,106000,-95000,-95000
08336P,聯發科中信9C售05,0,0,0,0,0,0,0,0,0,-95000,0,0,0,10000,105000,-95000,-95000
00650L,FH香港正2       ,0,0,0,0,0,0,0,0,0,-95000,0,0,0,925000,1020000,-95000,-95000
053092,台表科元大97購02,0,0,0,0,0,0,0,0,0,-95000,0,0,0,0,95000,-95000,-95000
060414,中興電永豐9A購01,0,0,0,0,0,0,0,0,0,-95000,0,0,0,15000,110000,-95000,-95000
060551,大立光凱基9B購02,0,0,0,0,0,0,0,0,0,-95000,0,0,0,5000,100000,-95000,-95000
058125,元油2X元大9C購01,0,0,0,0,0,0,0,0,0,-95000,0,0,0,0,95000,-95000,-95000
060785,國巨富邦9B購04  ,0,0,0,0,0,0,0,0,0,-95000,0,0,0,0,95000,-95000,-95000
062137,華新科群益9B購04,0,0,0,0,0,0,0,0,0,-95000,0,0,0,0,95000,-95000,-95000
063331,瑞儀國票9C購01  ,0,0,0,0,0,0,0,0,0,-95000,0,0,0,19000,114000,-95000,-95000
063697,香港反群益9C購01,0,0,0,0,0,0,0,0,0,-95000,0,0,0,100000,195000,-95000,-95000
064073,南電永豐9C購01  ,0,0,0,0,0,0,0,0,0,-96000,0,0,0,1000,97000,-96000,-96000
063943,台光電元大9C購02,0,0,0,0,0,0,0,0,0,-96000,0,0,0,61000,157000,-96000,-96000
053913,華新國票97購01  ,0,0,0,0,0,0,0,0,0,-96000,0,0,0,0,96000,-96000,-96000
056811,健策統一9B購01  ,0,0,0,0,0,0,0,0,0,-96000,0,0,0,253000,349000,-96000,-96000
060730,台積電群益9A購03,0,0,0,0,0,0,0,0,0,-96000,0,0,0,4000,100000,-96000,-96000
058802,矽創元大99購02  ,0,0,0,0,0,0,0,0,0,-96000,0,0,0,60000,156000,-96000,-96000
058963,華新科兆豐99購05,0,0,0,0,0,0,0,0,0,-96000,0,0,0,106000,202000,-96000,-96000
062827,神基群益9B購01  ,0,0,0,0,0,0,0,0,0,-96000,0,0,0,0,96000,-96000,-96000
064195,晶豪科群益9C購01,0,0,0,0,0,0,0,0,0,-97000,0,0,0,31000,128000,-97000,-97000
07469P,台達電元大9A售01,0,0,0,0,0,0,0,0,0,-97000,0,0,0,0,97000,-97000,-97000
07354P,臺股指國票99售22,0,0,0,0,0,0,0,0,0,-97000,0,0,0,15000,112000,-97000,-97000
07751P,世紀鋼凱基9A售02,0,0,0,0,0,0,0,0,0,-97000,0,0,0,140000,237000,-97000,-97000
059277,群創元大99購05  ,0,0,0,0,0,0,0,0,0,-97000,0,0,0,139000,236000,-97000,-97000
060122,亞德客永豐99購02,0,0,0,0,0,0,0,0,0,-97000,0,0,0,240000,337000,-97000,-97000
058194,勤誠永豐99購01  ,10000,0,10000,0,0,0,0,0,0,-107000,0,0,0,158000,265000,-107000,-97000
058850,華新科群益99購03,0,0,0,0,0,0,0,0,0,-97000,0,0,0,3000,100000,-97000,-97000
062622,南電元大9B購03  ,0,0,0,0,0,0,0,0,0,-97000,0,0,0,69000,166000,-97000,-97000
063295,京元電麥證9B購01,0,0,0,3000,100000,-97000,0,0,0,-97000,0,0,0,3000,100000,-97000,-97000
061852,大立光國票9B購02,0,0,0,0,0,0,0,0,0,-97000,0,0,0,8000,105000,-97000,-97000
061703,信邦國票9A購01  ,0,0,0,0,0,0,0,0,0,-97000,0,0,0,45000,142000,-97000,-97000
061634,遠東新元大9A購01,0,0,0,0,0,0,0,0,0,-97000,0,0,0,128000,225000,-97000,-97000
08037P,台表科群益9B售02,0,0,0,0,0,0,0,0,0,-98000,0,0,0,8000,106000,-98000,-98000
3056,總太            ,76000,173000,-97000,0,0,0,0,0,0,-1000,0,1000,-1000,0,0,0,-98000
07164P,臺股指群益99售15,0,0,0,0,0,0,0,0,0,-98000,0,0,0,40000,138000,-98000,-98000
064504,玉晶光元大01購02,0,0,0,0,0,0,0,0,0,-98000,0,0,0,1000,99000,-98000,-98000
064292,南茂元大01購01  ,0,0,0,0,0,0,0,0,0,-98000,0,0,0,25000,123000,-98000,-98000
059559,T50反1凱基99購07,0,0,0,0,0,0,0,0,0,-98000,0,0,0,0,98000,-98000,-98000
056277,上銀富邦99購02  ,0,0,0,0,0,0,0,0,0,-98000,0,0,0,10000,108000,-98000,-98000
050992,台積電元大97購01,0,0,0,0,0,0,0,0,0,-98000,0,0,0,13000,111000,-98000,-98000
052104,英業達兆豐96購01,0,0,0,0,0,0,0,0,0,-98000,0,0,0,0,98000,-98000,-98000
058580,華新科群益99購02,0,0,0,0,0,0,0,0,0,-98000,0,0,0,0,98000,-98000,-98000
057998,玉晶光麥證9A購01,0,0,0,82000,181000,-99000,0,0,0,-98000,0,0,0,83000,181000,-98000,-98000
059116,晶豪科永豐99購01,0,0,0,0,0,0,0,0,0,-98000,0,0,0,11000,109000,-98000,-98000
058421,國泰金麥證01購01,0,0,0,13000,111000,-98000,0,0,0,-98000,0,0,0,13000,111000,-98000,-98000
061700,瑞昱國票9A購02  ,0,0,0,0,0,0,0,0,0,-98000,0,0,0,0,98000,-98000,-98000
061678,玉晶光元大9B購04,0,0,0,0,0,0,0,0,0,-98000,0,0,0,24000,122000,-98000,-98000
061390,大立光群益9A購04,0,0,0,0,0,0,0,0,0,-98000,0,0,0,34000,132000,-98000,-98000
062075,智邦元大9B購03  ,0,0,0,0,0,0,0,0,0,-98000,0,0,0,104000,202000,-98000,-98000
063321,泰鼎群益9B購03  ,0,0,0,0,0,0,0,0,0,-98000,0,0,0,0,98000,-98000,-98000
3437,榮創            ,158000,257000,-99000,0,0,0,0,0,0,0,1000,1000,0,0,0,0,-99000
2484,希華            ,79000,178000,-99000,0,0,0,0,0,0,0,0,0,0,0,0,0,-99000
2013,中鋼構          ,48000,147000,-99000,0,0,0,0,0,0,0,0,0,0,0,0,0,-99000
00710B,FH彭博高收益債  ,0,0,0,0,0,0,0,0,0,-99000,0,0,0,62000,161000,-99000,-99000
053856,台積電富邦98購01,0,0,0,0,0,0,0,0,0,-99000,0,0,0,0,99000,-99000,-99000
054528,台光電統一96購02,0,0,0,0,0,0,0,0,0,-99000,0,0,0,255000,354000,-99000,-99000
052738,聯電元大98購02  ,0,0,0,0,0,0,0,0,0,-99000,0,0,0,60000,159000,-99000,-99000
058586,鴻海中信01購02  ,0,0,0,0,0,0,0,0,0,-99000,0,0,0,62000,161000,-99000,-99000
057396,健鼎中信99購01  ,0,0,0,0,0,0,0,0,0,-99000,0,0,0,52000,151000,-99000,-99000
057147,新日興國票99購01,0,0,0,0,0,0,0,0,0,-99000,0,0,0,0,99000,-99000,-99000
063581,同欣電國泰9C購01,0,0,0,0,0,0,0,0,0,-99000,0,0,0,20000,119000,-99000,-99000
07792P,牧德元大9A售04  ,0,0,0,0,0,0,0,0,0,-100000,0,0,0,0,100000,-100000,-100000
07666P,台灣50元大9C售32,0,0,0,0,0,0,0,0,0,-100000,0,0,0,0,100000,-100000,-100000
064396,創意永豐9C購01  ,0,0,0,0,0,0,0,0,0,-100000,0,0,0,0,100000,-100000,-100000
064212,可成凱基03購01  ,0,0,0,0,0,0,0,0,0,-100000,0,0,0,105000,205000,-100000,-100000
064410,超眾凱基02購01  ,0,0,0,0,0,0,0,0,0,-100000,0,0,0,0,100000,-100000,-100000
06661P,玉晶光永豐98售05,0,0,0,0,0,0,0,0,0,-100000,0,0,0,0,100000,-100000,-100000
07205P,鴻海凱基99售11  ,0,0,0,0,0,0,0,0,0,-100000,0,0,0,0,100000,-100000,-100000
07176P,臺股指凱基99售18,0,0,0,0,0,0,0,0,0,-100000,0,0,0,0,100000,-100000,-100000
07193P,聯發科元大99售24,0,0,0,0,0,0,0,0,0,-100000,0,0,0,0,100000,-100000,-100000
07024P,臺股指永豐99售02,0,0,0,0,0,0,0,0,0,-100000,0,0,0,0,100000,-100000,-100000
07350P,台灣50國票99售11,0,0,0,0,0,0,0,0,0,-100000,0,0,0,0,100000,-100000,-100000
07315P,台積電台新99售06,0,0,0,0,0,0,0,0,0,-100000,0,0,0,0,100000,-100000,-100000
07455P,聯發科元大9A售01,0,0,0,0,0,0,0,0,0,-100000,0,0,0,0,100000,-100000,-100000
07514P,台積電元大9A售14,0,0,0,0,0,0,0,0,0,-100000,0,0,0,0,100000,-100000,-100000
054517,高鐵元大96購01  ,0,0,0,0,0,0,0,0,0,-100000,0,0,0,0,100000,-100000,-100000
054478,可成中信97購01  ,0,0,0,0,0,0,0,0,0,-100000,0,0,0,0,100000,-100000,-100000
053814,美律群益97購02  ,0,0,0,0,0,0,0,0,0,-100000,0,0,0,0,100000,-100000,-100000
054613,大立光永豐97購02,0,0,0,0,0,0,0,0,0,-100000,0,0,0,0,100000,-100000,-100000
056968,揚明光永豐98購02,0,0,0,0,0,0,0,0,0,-100000,0,0,0,10000,110000,-100000,-100000
056026,智易群益97購01  ,0,0,0,0,0,0,0,0,0,-100000,0,0,0,0,100000,-100000,-100000
055014,達興元富97購01  ,0,0,0,0,0,0,0,0,0,-100000,0,0,0,50000,150000,-100000,-100000
054975,福懋科元大97購01,0,0,0,0,0,0,0,0,0,-100000,0,0,0,0,100000,-100000,-100000
056617,美律永豐98購01  ,0,0,0,0,0,0,0,0,0,-100000,0,0,0,158000,258000,-100000,-100000
057083,立積統一98購01  ,0,0,0,0,0,0,0,0,0,-100000,0,0,0,0,100000,-100000,-100000
060427,聯茂永豐9A購01  ,0,0,0,0,0,0,0,0,0,-100000,0,0,0,112000,212000,-100000,-100000
060297,和碩元大9A購02  ,0,0,0,0,0,0,0,0,0,-100000,0,0,0,0,100000,-100000,-100000
059824,大立光凱基99購13,0,0,0,0,0,0,0,0,0,-100000,0,0,0,0,100000,-100000,-100000
060037,鴻海國票99購10  ,0,0,0,0,0,0,0,0,0,-100000,0,0,0,1000,101000,-100000,-100000
058729,國巨永豐99購03  ,0,0,0,0,0,0,0,0,0,-100000,0,0,0,0,100000,-100000,-100000
060735,鴻海統一9C購03  ,0,0,0,0,0,0,0,0,0,-100000,0,0,0,0,100000,-100000,-100000
060668,上証2X元大9A購02,0,0,0,0,0,0,0,0,0,-100000,0,0,0,0,100000,-100000,-100000
060804,T50反1群益9A購02,0,0,0,0,0,0,0,0,0,-100000,0,0,0,0,100000,-100000,-100000
058523,聯茂元大99購08  ,0,0,0,0,0,0,0,0,0,-100000,0,0,0,295000,395000,-100000,-100000
060575,大立光中信9B購02,0,0,0,0,0,0,0,0,0,-100000,0,0,0,0,100000,-100000,-100000
063553,同欣電國票9B購03,0,0,0,0,0,0,0,0,0,-100000,0,0,0,1000,101000,-100000,-100000
063565,旺宏元大9B購08  ,0,0,0,0,0,0,0,0,0,-100000,0,0,0,0,100000,-100000,-100000
063462,金像電元大9C購01,0,0,0,0,0,0,0,0,0,-100000,0,0,0,37000,137000,-100000,-100000
062837,復盛群益9B購01  ,0,0,0,0,0,0,0,0,0,-100000,0,0,0,159000,259000,-100000,-100000
063173,矽格中信9B購01  ,0,0,0,0,0,0,0,0,0,-100000,0,0,0,0,100000,-100000,-100000
062136,南亞科群益9B購01,0,0,0,0,0,0,0,0,0,-100000,0,0,0,140000,240000,-100000,-100000
061920,台積電凱基9C購02,0,0,0,0,0,0,0,0,0,-100000,0,0,0,0,100000,-100000,-100000
061747,南亞科統一01購01,0,0,0,0,0,0,0,0,0,-100000,0,0,0,0,100000,-100000,-100000
064103,大立光群益9C購03,0,0,0,0,0,0,0,0,0,-101000,0,0,0,268000,369000,-101000,-101000
063952,玉晶光元大01購01,0,0,0,0,0,0,0,0,0,-101000,0,0,0,60000,161000,-101000,-101000
063979,健鼎兆豐9C購01  ,0,0,0,0,0,0,0,0,0,-101000,0,0,0,10000,111000,-101000,-101000
03657C,T50反1元大99牛01,0,0,0,0,0,0,0,0,0,-101000,0,0,0,203000,304000,-101000,-101000
058772,茂林兆豐9A購01  ,0,0,0,0,0,0,0,0,0,-101000,0,0,0,7000,108000,-101000,-101000
057506,聯鈞國票99購02  ,0,0,0,0,0,0,0,0,0,-101000,0,0,0,0,101000,-101000,-101000
057739,新日興富邦9B購01,0,0,0,0,0,0,0,0,0,-101000,0,0,0,151000,252000,-101000,-101000
063359,泰鼎國泰01購01  ,0,0,0,0,0,0,0,0,0,-101000,0,0,0,3000,104000,-101000,-101000
3576,聯合再生        ,557000,659000,-102000,0,0,0,0,0,0,0,0,0,0,0,0,0,-102000
057092,健策元富98購01  ,0,0,0,0,0,0,0,0,0,-102000,0,0,0,108000,210000,-102000,-102000
057329,緯穎群益98購02  ,0,0,0,0,0,0,0,0,0,-102000,0,0,0,102000,204000,-102000,-102000
059121,瑞儀永豐99購01  ,0,0,0,0,0,0,0,0,0,-102000,0,0,0,6000,108000,-102000,-102000
063703,晶豪科群益9B購02,0,0,0,0,0,0,0,0,0,-102000,0,0,0,155000,257000,-102000,-102000
061366,台勝科國票9A購01,0,0,0,0,0,0,0,0,0,-102000,0,0,0,19000,121000,-102000,-102000
062393,智邦富邦9B購01  ,0,0,0,0,0,0,0,0,0,-102000,0,0,0,103000,205000,-102000,-102000
064026,建準元大9C購02  ,0,0,0,0,0,0,0,0,0,-103000,0,0,0,50000,153000,-103000,-103000
06855P,聯發科富邦9A售01,0,0,0,0,0,0,0,0,0,-103000,0,0,0,61000,164000,-103000,-103000
058372,欣興凱基99購03  ,0,0,0,0,0,0,0,0,0,-103000,0,0,0,0,103000,-103000,-103000
060747,聯鈞國票9A購02  ,0,0,0,0,0,0,0,0,0,-103000,0,0,0,83000,186000,-103000,-103000
062488,台光電永豐9B購02,0,0,0,0,0,0,0,0,0,-103000,0,0,0,7000,110000,-103000,-103000
062076,美律元大9B購02  ,0,0,0,0,0,0,0,0,0,-103000,0,0,0,0,103000,-103000,-103000
063460,智邦元大9B購08  ,0,0,0,0,0,0,0,0,0,-103000,0,0,0,43000,146000,-103000,-103000
2395,研華            ,549261,648000,-98739,0,0,0,0,9000,-9000,4000,4000,0,4000,0,0,0,-103739
06880P,鈺齊凱基98售03  ,0,0,0,0,0,0,0,0,0,-104000,0,0,0,20000,124000,-104000,-104000
064052,創意統一01購02  ,0,0,0,0,0,0,0,0,0,-104000,0,0,0,24000,128000,-104000,-104000
063968,新光金國票01購01,0,0,0,0,0,0,0,0,0,-104000,0,0,0,20000,124000,-104000,-104000
060056,大立光凱基9B購01,0,0,0,0,0,0,0,0,0,-104000,0,0,0,0,104000,-104000,-104000
062521,玉晶光元大9C購05,0,0,0,0,0,0,0,0,0,-104000,0,0,0,3000,107000,-104000,-104000
061114,南電元大9A購04  ,0,0,0,0,0,0,0,0,0,-104000,0,0,0,8000,112000,-104000,-104000
6552,易華電          ,100000,201000,-101000,0,0,0,0,0,0,-3000,0,0,0,2000,5000,-3000,-104000
6192,巨路            ,29000,133830,-104830,0,0,0,0,0,0,0,0,0,0,0,0,0,-104830
063973,緯穎國票9C購01  ,0,0,0,0,0,0,0,0,0,-105000,0,0,0,20000,125000,-105000,-105000
063774,GIS富邦9B購02   ,0,0,0,0,0,0,0,0,0,-105000,0,0,0,20000,125000,-105000,-105000
064183,聯茂富邦01購01  ,0,0,0,0,0,0,0,0,0,-105000,0,0,0,0,105000,-105000,-105000
06783P,亞光元大98售03  ,0,0,0,0,0,0,0,0,0,-105000,0,0,0,14000,119000,-105000,-105000
07583P,台積電富邦9B售05,0,0,0,0,0,0,0,0,0,-105000,0,0,0,100000,205000,-105000,-105000
03647C,T50反1元富99牛02,0,0,0,0,0,0,0,0,0,-105000,0,0,0,154000,259000,-105000,-105000
054885,建準統一98購01  ,0,0,0,0,0,0,0,0,0,-105000,0,0,0,0,105000,-105000,-105000
062271,華通群益9C購02  ,0,0,0,0,0,0,0,0,0,-105000,0,0,0,269000,374000,-105000,-105000
063185,聯發科凱基9C購03,0,0,0,0,0,0,0,0,0,-105000,0,0,0,171000,276000,-105000,-105000
062872,華通兆豐9C購01  ,0,0,0,0,0,0,0,0,0,-105000,0,0,0,0,105000,-105000,-105000
063291,緯穎元大01購01  ,0,0,0,0,0,0,0,0,0,-105000,0,0,0,6000,111000,-105000,-105000
07086P,力成元富9C售01  ,0,0,0,0,0,0,0,0,0,-106000,0,0,0,163000,269000,-106000,-106000
064279,新光金元大01購01,0,0,0,0,0,0,0,0,0,-106000,0,0,0,11000,117000,-106000,-106000
064027,義隆元大9C購01  ,0,20000,-20000,0,0,0,0,0,0,-86000,0,0,0,210000,296000,-86000,-106000
054258,牧德元大97購01  ,0,0,0,0,0,0,0,0,0,-106000,0,0,0,2000,108000,-106000,-106000
060230,台積電元大9A購07,0,0,0,0,0,0,0,0,0,-106000,0,0,0,75000,181000,-106000,-106000
061705,健策國票9A購06  ,0,0,0,0,0,0,0,0,0,-106000,0,0,0,2000,108000,-106000,-106000
056765,友達元大9B購05  ,0,0,0,0,0,0,0,0,0,-107000,0,0,0,1000,108000,-107000,-107000
059278,群創元大9A購04  ,0,0,0,0,0,0,0,0,0,-107000,0,0,0,133000,240000,-107000,-107000
062896,中興電元大9B購01,0,0,0,0,0,0,0,0,0,-107000,0,0,0,39000,146000,-107000,-107000
062761,嘉晶凱基9C購01  ,0,0,0,0,0,0,0,0,0,-107000,0,0,0,176000,283000,-107000,-107000
2233,宇隆            ,19000,90000,-71000,0,0,0,0,0,0,-37000,1000,38000,-37000,0,0,0,-108000
3712,永崴投控        ,286000,395000,-109000,0,0,0,0,0,0,1000,2000,1000,1000,0,0,0,-108000
08202P,台表科國泰01售04,0,0,0,0,0,0,0,0,0,-108000,0,0,0,0,108000,-108000,-108000
056609,楠梓電永豐98購02,0,0,0,0,0,0,0,0,0,-108000,0,0,0,0,108000,-108000,-108000
03445B,臺股指元大02熊01,0,5000,-5000,0,0,0,0,0,0,-103000,0,0,0,400000,503000,-103000,-108000
057959,欣興元大98購14  ,0,0,0,0,0,0,0,0,0,-108000,0,0,0,34000,142000,-108000,-108000
061472,台積電元大9A購32,0,0,0,0,0,0,0,0,0,-108000,0,0,0,154000,262000,-108000,-108000
3443,創意            ,244000,308000,-64000,0,0,0,5000,3000,2000,-47000,1000,61000,-60000,19000,6000,13000,-109000
064301,漢唐兆豐01購01  ,0,0,0,0,0,0,0,0,0,-109000,0,0,0,0,109000,-109000,-109000
064349,泰鼎元大9C購02  ,0,0,0,0,0,0,0,0,0,-109000,0,0,0,0,109000,-109000,-109000
06618P,智邦元大98售04  ,0,0,0,0,0,0,0,0,0,-109000,0,0,0,0,109000,-109000,-109000
061583,矽創元大9A購01  ,0,0,0,0,0,0,0,0,0,-109000,0,0,0,177000,286000,-109000,-109000
063654,上銀元富9B購05  ,0,0,0,0,0,0,0,0,0,-109000,0,0,0,0,109000,-109000,-109000
4958,臻鼎-KY         ,1019444,1731000,-711556,0,0,0,657000,59000,598000,4000,192000,112000,80000,4000,80000,-76000,-109556
07068P,欣興台新99售01  ,0,0,0,0,0,0,0,0,0,-110000,0,0,0,0,110000,-110000,-110000
064367,貿聯統一01購02  ,0,0,0,0,0,0,0,0,0,-110000,0,0,0,0,110000,-110000,-110000
064022,台積電元大9C購07,0,0,0,0,0,0,0,0,0,-110000,0,0,0,0,110000,-110000,-110000
063833,致新國票01購01  ,0,0,0,0,0,0,0,0,0,-110000,0,0,0,48000,158000,-110000,-110000
052203,T50反1中信99購03,0,0,0,0,0,0,0,0,0,-110000,0,0,0,90000,200000,-110000,-110000
052561,矽創國票97購01  ,0,0,0,0,0,0,0,0,0,-110000,0,0,0,0,110000,-110000,-110000
054890,聯鈞統一99購01  ,0,0,0,0,0,0,0,0,0,-110000,0,0,0,0,110000,-110000,-110000
055036,中工富邦9B購01  ,0,0,0,0,0,0,0,0,0,-110000,0,0,0,0,110000,-110000,-110000
056398,南茂永豐98購01  ,0,0,0,0,0,0,0,0,0,-110000,0,0,0,100000,210000,-110000,-110000
057817,景碩元大98購01  ,0,0,0,0,0,0,0,0,0,-110000,0,0,0,196000,306000,-110000,-110000
063246,嘉晶元大9C購01  ,0,0,0,0,0,0,0,0,0,-110000,0,0,0,121000,231000,-110000,-110000
062013,奇鋐富邦9B購01  ,0,0,0,0,0,0,0,0,0,-110000,0,0,0,118000,228000,-110000,-110000
064084,群創中信06購02  ,0,0,0,0,0,0,0,0,0,-111000,0,0,0,0,111000,-111000,-111000
07008P,台郡中信99售02  ,0,0,0,0,0,0,0,0,0,-111000,0,0,0,60000,171000,-111000,-111000
06705P,臻鼎元富98售03  ,0,0,0,0,0,0,0,0,0,-111000,0,0,0,56000,167000,-111000,-111000
3026,禾伸堂          ,210000,180000,30000,0,0,0,191000,309000,-118000,-23000,1000,0,1000,6000,30000,-24000,-111000
052629,訊芯中信99購01  ,0,0,0,0,0,0,0,0,0,-111000,0,0,0,0,111000,-111000,-111000
056454,欣興凱基98購02  ,0,0,0,0,0,0,0,0,0,-111000,0,0,0,0,111000,-111000,-111000
057273,智邦元大98購05  ,0,0,0,0,0,0,0,0,0,-111000,0,0,0,10000,121000,-111000,-111000
060432,達方永豐9A購01  ,0,0,0,0,0,0,0,0,0,-111000,0,0,0,272000,383000,-111000,-111000
057447,智邦元富02購01  ,0,0,0,0,0,0,0,0,0,-111000,0,0,0,87000,198000,-111000,-111000
061117,美律國泰9C購01  ,0,0,0,0,0,0,0,0,0,-111000,0,0,0,20000,131000,-111000,-111000
056219,T50反1日盛02購01,0,0,0,0,0,0,0,0,0,-112000,0,0,0,0,112000,-112000,-112000
054893,帆宣統一99購01  ,0,0,0,0,0,0,0,0,0,-112000,0,0,0,10000,122000,-112000,-112000
060312,潤泰全永豐9A購01,0,0,0,0,0,0,0,0,0,-112000,0,0,0,16000,128000,-112000,-112000
061211,玉晶光元大9A購12,0,0,0,0,0,0,0,0,0,-112000,0,0,0,3000,115000,-112000,-112000
063310,和大群益9B購02  ,0,0,0,0,0,0,0,0,0,-112000,0,0,0,123000,235000,-112000,-112000
063419,聯發科凱基03購01,0,0,0,0,0,0,0,0,0,-112000,0,0,0,98000,210000,-112000,-112000
056694,欣興群益98購04  ,0,0,0,0,0,0,0,0,0,-113000,0,0,0,86000,199000,-113000,-113000
056991,牧德兆豐98購01  ,0,0,0,0,0,0,0,0,0,-113000,0,0,0,197000,310000,-113000,-113000
058590,南電中信9A購02  ,0,0,0,0,0,0,0,0,0,-113000,0,0,0,12000,125000,-113000,-113000
060925,華新科永豐9A購01,0,0,0,0,0,0,0,0,0,-113000,0,0,0,2000,115000,-113000,-113000
062616,玉晶光元大9C購06,0,0,0,0,0,0,0,0,0,-113000,0,0,0,0,113000,-113000,-113000
06138P,台積電中信99售01,0,0,0,0,0,0,0,0,0,-113000,0,0,0,10000,123000,-113000,-113000
061802,勤誠永豐9B購01  ,0,0,0,0,0,0,0,0,0,-113000,0,0,0,16000,129000,-113000,-113000
07060P,台表科國票9A售01,0,0,0,0,0,0,0,0,0,-114000,0,0,0,70000,184000,-114000,-114000
064008,日月光凱基9C購01,0,0,0,0,0,0,0,0,0,-114000,0,0,0,0,114000,-114000,-114000
054472,道瓊反中信9A購01,0,0,0,0,0,0,0,0,0,-114000,0,0,0,206000,320000,-114000,-114000
00875,國泰網路資安    ,1000,26000,-25000,0,0,0,0,0,0,-89000,0,0,0,204000,293000,-89000,-114000
057981,臻鼎永豐98購01  ,0,0,0,0,0,0,0,0,0,-114000,0,0,0,22000,136000,-114000,-114000
058078,景碩國票99購01  ,0,0,0,0,0,0,0,0,0,-114000,0,0,0,44000,158000,-114000,-114000
057717,友訊元富98購02  ,0,0,0,0,0,0,0,0,0,-114000,0,0,0,218000,332000,-114000,-114000
061570,瑞昱元大9A購05  ,0,0,0,0,0,0,0,0,0,-114000,0,0,0,0,114000,-114000,-114000
062166,致新國泰01購01  ,0,0,0,0,0,0,0,0,0,-114000,0,0,0,0,114000,-114000,-114000
062565,漢唐中信9C購01  ,0,0,0,0,0,0,0,0,0,-114000,0,0,0,94000,208000,-114000,-114000
063415,台積電凱基03購01,0,0,0,0,0,0,0,0,0,-114000,0,0,0,0,114000,-114000,-114000
06954P,大立光元富99售01,0,0,0,0,0,0,0,0,0,-115000,0,0,0,70000,185000,-115000,-115000
06935P,神達元大98售02  ,0,0,0,0,0,0,0,0,0,-115000,0,0,0,0,115000,-115000,-115000
07774P,台灣50群益9A售16,0,0,0,0,0,0,0,0,0,-115000,0,0,0,0,115000,-115000,-115000
056271,嘉澤統一97購01  ,0,0,0,0,0,0,0,0,0,-115000,0,0,0,0,115000,-115000,-115000
062850,友訊永豐9B購01  ,0,0,0,0,0,0,0,0,0,-115000,0,0,0,72000,187000,-115000,-115000
1582,信錦            ,21000,141000,-120000,0,0,0,0,0,0,4000,0,0,0,4000,0,4000,-116000
062858,微星國票9B購01  ,0,0,0,0,0,0,0,0,0,-116000,0,0,0,41000,157000,-116000,-116000
063202,南亞科統一9C購02,0,0,0,0,0,0,0,0,0,-116000,0,0,0,74000,190000,-116000,-116000
4426,利勤            ,28000,116000,-88000,0,0,0,0,0,0,-29000,0,29000,-29000,0,0,0,-117000
07459P,緯穎元大9A售01  ,0,0,0,0,0,0,0,0,0,-117000,0,0,0,100000,217000,-117000,-117000
07466P,亞德客元大9A售02,0,0,0,0,0,0,0,0,0,-117000,0,0,0,51000,168000,-117000,-117000
03658C,T50反1元大9A牛02,0,0,0,0,0,0,0,0,0,-117000,0,0,0,0,117000,-117000,-117000
056894,佳世達元大99購01,0,0,0,0,0,0,0,0,0,-117000,0,0,0,25000,142000,-117000,-117000
057466,泰鼎永豐98購01  ,0,0,0,0,0,0,0,0,0,-117000,0,0,0,10000,127000,-117000,-117000
0061,元大寶滬深      ,0,1000,-1000,0,0,0,0,0,0,-117000,60000,30000,30000,0,147000,-147000,-118000
06328P,台積電中信01售02,0,0,0,0,0,0,0,0,0,-118000,0,0,0,0,118000,-118000,-118000
063453,創意統一9C購01  ,0,0,0,0,0,0,0,0,0,-118000,0,0,0,16000,134000,-118000,-118000
063353,上銀元富9B購03  ,0,0,0,0,0,0,0,0,0,-118000,0,0,0,14000,132000,-118000,-118000
062886,中興電群益9B購01,0,0,0,0,0,0,0,0,0,-118000,0,0,0,71000,189000,-118000,-118000
061979,友達元大9C購08  ,0,0,0,0,0,0,0,0,0,-118000,0,0,0,0,118000,-118000,-118000
064062,創意國泰01購01  ,0,0,0,0,0,0,0,0,0,-119000,0,0,0,109000,228000,-119000,-119000
3041,揚智            ,90000,210000,-120000,0,0,0,0,0,0,1000,1000,0,1000,0,0,0,-119000
2351,順德            ,53000,93000,-40000,0,0,0,0,80000,-80000,1000,1000,0,1000,0,0,0,-119000
055335,健策兆豐98購01  ,0,0,0,0,0,0,0,0,0,-119000,0,0,0,47000,166000,-119000,-119000
060641,聯鈞永豐9A購01  ,0,0,0,0,0,0,0,0,0,-119000,0,0,0,254000,373000,-119000,-119000
063591,麗豐永豐9B購02  ,0,0,0,0,0,0,0,0,0,-119000,0,0,0,28000,147000,-119000,-119000
4137,麗豐-KY         ,89000,248000,-159000,0,0,0,0,0,0,39000,0,0,0,43000,4000,39000,-120000
07647P,健策國票9A售04  ,0,0,0,0,0,0,0,0,0,-120000,0,0,0,0,120000,-120000,-120000
08186P,泰碩永豐9B售03  ,0,0,0,0,0,0,0,0,0,-120000,0,0,0,0,120000,-120000,-120000
063944,建準元大9C購01  ,0,0,0,0,0,0,0,0,0,-120000,0,0,0,60000,180000,-120000,-120000
064319,南電群益9C購01  ,0,0,0,0,0,0,0,0,0,-120000,0,0,0,1000,121000,-120000,-120000
056250,瑞昱兆豐97購02  ,0,0,0,0,0,0,0,0,0,-120000,0,0,0,10000,130000,-120000,-120000
052952,矽創國票97購02  ,0,0,0,0,0,0,0,0,0,-120000,0,0,0,0,120000,-120000,-120000
052420,道瓊反國票9B購01,0,0,0,0,0,0,0,0,0,-120000,0,0,0,0,120000,-120000,-120000
061004,友達兆豐9A購01  ,0,0,0,0,0,0,0,0,0,-120000,0,0,0,0,120000,-120000,-120000
060708,康友富邦9B購01  ,0,0,0,0,0,0,0,0,0,-120000,0,0,0,28000,148000,-120000,-120000
06081P,深中小元大97售02,0,0,0,0,0,0,0,0,0,-120000,0,0,0,0,120000,-120000,-120000
059112,上銀永豐99購01  ,0,0,0,0,0,0,0,0,0,-120000,0,0,0,0,120000,-120000,-120000
059052,為升凱基99購01  ,0,0,0,0,0,0,0,0,0,-120000,0,0,0,0,120000,-120000,-120000
057405,麗豐群益98購01  ,0,0,0,0,0,0,0,0,0,-120000,0,0,0,92000,212000,-120000,-120000
059844,大立光富邦9C購04,0,0,0,0,0,0,0,0,0,-120000,0,0,0,0,120000,-120000,-120000
057282,大立光元大99購06,0,0,0,0,0,0,0,0,0,-120000,0,0,0,0,120000,-120000,-120000
057183,玉晶光元大99購07,0,0,0,0,0,0,0,0,0,-120000,0,0,0,14000,134000,-120000,-120000
059999,緯穎元富99購01  ,0,0,0,0,0,0,0,0,0,-120000,0,0,0,111000,231000,-120000,-120000
057070,美律永豐98購02  ,0,0,0,0,0,0,0,0,0,-120000,0,0,0,0,120000,-120000,-120000
063352,上銀元富9B購02  ,0,0,0,0,0,0,0,0,0,-120000,0,0,0,20000,140000,-120000,-120000
063114,南電兆豐9B購01  ,0,0,0,0,0,0,0,0,0,-120000,0,0,0,80000,200000,-120000,-120000
061243,麗豐兆豐9A購01  ,0,0,0,0,0,0,0,0,0,-120000,0,0,0,3000,123000,-120000,-120000
064038,景碩台新9C購01  ,0,0,0,0,0,0,0,0,0,-121000,0,0,0,45000,166000,-121000,-121000
06813P,友訊元富98售03  ,0,0,0,0,0,0,0,0,0,-121000,0,0,0,213000,334000,-121000,-121000
06594P,立積元大98售01  ,0,0,0,0,0,0,0,0,0,-121000,0,0,0,0,121000,-121000,-121000
08088P,義隆凱基9B售03  ,0,0,0,0,0,0,0,0,0,-121000,0,0,0,86000,207000,-121000,-121000
051485,玉晶光凱基97購02,0,0,0,0,0,0,0,0,0,-121000,0,0,0,93000,214000,-121000,-121000
05131P,聯詠統一97售01  ,0,0,0,0,0,0,0,0,0,-121000,0,0,0,43000,164000,-121000,-121000
056331,聯鈞國票99購01  ,0,0,0,0,0,0,0,0,0,-121000,0,0,0,0,121000,-121000,-121000
055369,友訊元大97購01  ,0,0,0,0,0,0,0,0,0,-121000,0,0,0,0,121000,-121000,-121000
060457,中橡元大9A購02  ,0,0,0,0,0,0,0,0,0,-121000,0,0,0,125000,246000,-121000,-121000
057375,欣興元大98購09  ,0,0,0,0,0,0,0,0,0,-121000,0,0,0,17000,138000,-121000,-121000
060632,可成富邦9B購01  ,0,0,0,0,0,0,0,0,0,-121000,0,0,0,497000,618000,-121000,-121000
063155,緯穎元富9B購03  ,0,0,0,0,0,0,0,0,0,-121000,0,0,0,88000,209000,-121000,-121000
063622,健策兆豐9B購01  ,0,0,0,0,0,0,0,0,0,-121000,0,0,0,112000,233000,-121000,-121000
063533,緯穎凱基9B購06  ,0,0,0,0,0,0,0,0,0,-121000,0,0,0,0,121000,-121000,-121000
6592,和潤企業        ,174000,271000,-97000,0,0,0,69000,0,69000,-93000,37000,0,37000,29000,159000,-130000,-121000
08055P,臺股指國票9B售20,0,0,0,0,0,0,0,0,0,-122000,0,0,0,9000,131000,-122000,-122000
056791,嘉聯益群益98購01,0,0,0,0,0,0,0,0,0,-122000,0,0,0,102000,224000,-122000,-122000
059786,全新元大99購06  ,0,0,0,0,0,0,0,0,0,-122000,0,0,0,72000,194000,-122000,-122000
060104,新日興元大99購03,0,0,0,0,0,0,0,0,0,-122000,0,0,0,35000,157000,-122000,-122000
057539,南茂元大98購02  ,0,0,0,0,0,0,0,0,0,-122000,0,0,0,28000,150000,-122000,-122000
063394,金像電群益9B購01,2000,0,2000,0,0,0,0,0,0,-124000,0,0,0,128000,252000,-124000,-122000
062601,富邦金台新9B購01,0,0,0,0,0,0,0,0,0,-122000,0,0,0,45000,167000,-122000,-122000
064031,玉晶光元大02購01,0,0,0,0,0,0,0,0,0,-123000,0,0,0,25000,148000,-123000,-123000
064043,台積電統一9C購10,0,0,0,0,0,0,0,0,0,-123000,0,0,0,115000,238000,-123000,-123000
064000,台郡兆豐9C購01  ,0,0,0,0,0,0,0,0,0,-123000,0,0,0,31000,154000,-123000,-123000
056214,義隆國票99購01  ,0,0,0,0,0,0,0,0,0,-123000,0,0,0,47000,170000,-123000,-123000
059856,昇陽半永豐99購03,0,0,0,0,0,0,0,0,0,-123000,0,0,0,2000,125000,-123000,-123000
046629,群創統一98購01  ,0,0,0,0,0,0,0,0,0,-123000,0,0,0,164000,287000,-123000,-123000
060556,緯穎凱基9A購04  ,0,0,0,0,0,0,0,0,0,-123000,0,0,0,198000,321000,-123000,-123000
058483,道瓊指國票9A購01,0,0,0,0,0,0,0,0,0,-123000,0,0,0,59000,182000,-123000,-123000
058447,玉晶光富邦9A購02,0,0,0,0,0,0,0,0,0,-123000,0,0,0,0,123000,-123000,-123000
062876,全新兆豐9B購01  ,0,0,0,0,0,0,0,0,0,-123000,0,0,0,10000,133000,-123000,-123000
062392,國巨富邦02購01  ,0,0,0,0,0,0,0,0,0,-123000,0,0,0,20000,143000,-123000,-123000
064352,嘉聯益元大9C購01,0,0,0,0,0,0,0,0,0,-124000,0,0,0,0,124000,-124000,-124000
07248P,可成凱基99售06  ,0,0,0,0,0,0,0,0,0,-124000,0,0,0,112000,236000,-124000,-124000
1218,泰山            ,110000,234000,-124000,0,0,0,0,0,0,0,0,0,0,0,0,0,-124000
058721,立積元富9C購01  ,0,0,0,0,0,0,0,0,0,-124000,0,0,0,236000,360000,-124000,-124000
060505,友達元大9C購05  ,0,0,0,0,0,0,0,0,0,-124000,0,0,0,74000,198000,-124000,-124000
060415,葡萄王永豐9A購01,0,0,0,0,0,0,0,0,0,-124000,0,0,0,41000,165000,-124000,-124000
058200,世芯康和99購01  ,0,0,0,0,0,0,0,0,0,-124000,0,0,0,94000,218000,-124000,-124000
062275,燿華群益9B購01  ,0,0,0,0,0,0,0,0,0,-124000,0,0,0,90000,214000,-124000,-124000
062093,台積電富邦9C購11,0,0,0,0,0,0,0,0,0,-124000,0,0,0,5000,129000,-124000,-124000
061207,美律元大9A購04  ,0,0,0,0,0,0,0,0,0,-124000,0,0,0,74000,198000,-124000,-124000
063391,南電兆豐9C購01  ,0,0,0,0,0,0,0,0,0,-124000,0,0,0,121000,245000,-124000,-124000
063294,美律麥證9B購01  ,0,0,0,13000,137000,-124000,0,0,0,-124000,0,0,0,13000,137000,-124000,-124000
063286,嘉澤元大9B購04  ,0,0,0,0,0,0,0,0,0,-124000,0,0,0,7000,131000,-124000,-124000
064387,GIS富邦9C購01   ,0,0,0,0,0,0,0,0,0,-125000,0,0,0,0,125000,-125000,-125000
063800,玉晶光凱基9C購02,0,0,0,0,0,0,0,0,0,-125000,0,0,0,13000,138000,-125000,-125000
055820,矽力國票98購02  ,0,0,0,0,0,0,0,0,0,-125000,0,0,0,10000,135000,-125000,-125000
058145,聯茂元大99購03  ,0,0,0,0,0,0,0,0,0,-125000,0,0,0,68000,193000,-125000,-125000
05995P,T50正2中信9C售01,0,0,0,0,0,0,0,0,0,-125000,0,0,0,260000,385000,-125000,-125000
058909,神達元大99購03  ,0,0,0,0,0,0,0,0,0,-125000,0,0,0,108000,233000,-125000,-125000
062297,億豐永豐9B購01  ,0,0,0,0,0,0,0,0,0,-125000,0,0,0,3000,128000,-125000,-125000
9802,鈺齊-KY         ,738000,1138000,-400000,0,0,0,557000,100000,457000,-182000,97000,149000,-52000,17000,147000,-130000,-125000
3010,華立            ,187000,313000,-126000,0,0,0,0,0,0,0,1000,1000,0,0,0,0,-126000
054164,強茂凱基98購01  ,0,0,0,0,0,0,0,0,0,-126000,0,0,0,200000,326000,-126000,-126000
063339,智邦統一01購01  ,0,0,0,0,0,0,0,0,0,-126000,0,0,0,342000,468000,-126000,-126000
063089,巨大凱基9C購01  ,0,0,0,0,0,0,0,0,0,-126000,0,0,0,74000,200000,-126000,-126000
3338,泰碩            ,198000,170000,28000,0,0,0,45000,132000,-87000,-68000,6000,58000,-52000,15000,31000,-16000,-127000
07468P,聯電元大9A售02  ,0,0,0,0,0,0,0,0,0,-127000,0,0,0,148000,275000,-127000,-127000
059403,T50反1台新03購03,0,0,0,0,0,0,0,0,0,-127000,0,0,0,29000,156000,-127000,-127000
058914,元油2X元富01購02,0,0,0,0,0,0,0,0,0,-127000,0,0,0,0,127000,-127000,-127000
057824,日月光元大98購01,0,0,0,0,0,0,0,0,0,-127000,0,0,0,95000,222000,-127000,-127000
062373,泰鼎元大9B購01  ,0,0,0,0,0,0,0,0,0,-127000,0,0,0,13000,140000,-127000,-127000
8039,台虹            ,301000,416000,-115000,0,0,0,0,0,0,-12000,3000,0,3000,1000,16000,-15000,-127000
054371,台積電中信9C購01,0,0,0,0,0,0,0,0,0,-128000,0,0,0,142000,270000,-128000,-128000
057733,嘉聯益國泰99購01,0,0,0,0,0,0,0,0,0,-128000,0,0,0,12000,140000,-128000,-128000
058982,台積電凱基99購08,0,0,0,0,0,0,0,0,0,-128000,0,0,0,2000,130000,-128000,-128000
061876,明泰元大9B購01  ,0,0,0,0,0,0,0,0,0,-128000,0,0,0,0,128000,-128000,-128000
061142,南電統一9A購01  ,0,0,0,0,0,0,0,0,0,-128000,0,0,0,149000,277000,-128000,-128000
061530,智邦台新9A購02  ,0,0,0,0,0,0,0,0,0,-128000,0,0,0,35000,163000,-128000,-128000
063709,上銀凱基9B購07  ,0,0,0,0,0,0,0,0,0,-128000,0,0,0,40000,168000,-128000,-128000
00771,元大US高息特別股,0,0,0,0,0,0,0,0,0,-128432,177000,0,177000,0,305432,-305432,-128432
06432P,上銀群益98售01  ,0,0,0,0,0,0,0,0,0,-129000,0,0,0,0,129000,-129000,-129000
058174,台積電凱基9A購05,0,0,0,0,0,0,0,0,0,-129000,0,0,0,20000,149000,-129000,-129000
060287,燿華元大9A購01  ,0,0,0,0,0,0,0,0,0,-129000,0,0,0,25000,154000,-129000,-129000
058361,美律凱基99購06  ,0,0,0,0,0,0,0,0,0,-129000,0,0,0,40000,169000,-129000,-129000
060591,富邦金台新9A購01,0,0,0,0,0,0,0,0,0,-129000,0,0,0,0,129000,-129000,-129000
061719,緯穎凱基9A購06  ,0,0,0,0,0,0,0,0,0,-129000,0,0,0,9000,138000,-129000,-129000
08132P,南六元大9B售05  ,0,0,0,0,0,0,0,0,0,-130000,0,0,0,62000,192000,-130000,-130000
07672P,南電元大9A售05  ,0,0,0,0,0,0,0,0,0,-130000,0,0,0,20000,150000,-130000,-130000
059860,台積電群益9A購02,0,0,0,0,0,0,0,0,0,-130000,0,0,0,43000,173000,-130000,-130000
057416,T50反1凱基9C購01,0,0,0,0,0,0,0,0,0,-130000,0,0,0,0,130000,-130000,-130000
059009,世紀鋼元大99購04,0,0,0,0,0,0,0,0,0,-130000,0,0,0,207000,337000,-130000,-130000
061764,旺宏元大9B購01  ,0,0,0,0,0,0,0,0,0,-130000,0,0,0,1000,131000,-130000,-130000
062457,京元電群益9B購01,0,0,0,0,0,0,0,0,0,-130000,0,0,0,98000,228000,-130000,-130000
063693,智易永豐9B購02  ,0,0,0,0,0,0,0,0,0,-130000,0,0,0,55000,185000,-130000,-130000
063728,國巨元大9B購21  ,0,0,0,0,0,0,0,0,0,-130000,0,0,0,0,130000,-130000,-130000
063206,貿聯統一9C購02  ,0,0,0,0,0,0,0,0,0,-130000,0,0,0,176000,306000,-130000,-130000
2609,陽明            ,408000,538971,-130971,0,0,0,0,0,0,0,0,0,0,0,0,0,-130971
07990P,緯穎凱基9B售02  ,0,0,0,0,0,0,0,0,0,-131000,0,0,0,93000,224000,-131000,-131000
08379P,台積電國泰02售02,0,0,0,0,0,0,0,0,0,-131000,0,0,0,0,131000,-131000,-131000
064373,和大元富03購01  ,0,0,0,0,0,0,0,0,0,-131000,0,0,0,87000,218000,-131000,-131000
064256,玉晶光國泰02購02,0,0,0,0,0,0,0,0,0,-131000,0,0,0,199000,330000,-131000,-131000
064131,群創元大01購02  ,0,0,0,0,0,0,0,0,0,-131000,0,0,0,8000,139000,-131000,-131000
056301,開發金元大9A購01,0,0,0,0,0,0,0,0,0,-131000,0,0,0,0,131000,-131000,-131000
059197,可成永豐99購02  ,0,0,0,0,0,0,0,0,0,-131000,0,0,0,61000,192000,-131000,-131000
06338P,亞德客統一97售02,0,0,0,0,0,0,0,0,0,-131000,0,0,0,21000,152000,-131000,-131000
063437,聚陽統一01購01  ,0,0,0,0,0,0,0,0,0,-131000,0,0,0,116000,247000,-131000,-131000
063568,高鐵元大9B購01  ,0,0,0,0,0,0,0,0,0,-131000,0,0,0,83000,214000,-131000,-131000
062914,嘉澤元大9B購02  ,0,0,0,0,0,0,0,0,0,-131000,0,0,0,5000,136000,-131000,-131000
062768,南電凱基9B購04  ,0,0,0,0,0,0,0,0,0,-131000,0,0,0,0,131000,-131000,-131000
062212,臻鼎台新9B購01  ,0,0,0,0,0,0,0,0,0,-131000,0,0,0,70000,201000,-131000,-131000
1708,東鹼            ,49000,180000,-131000,0,0,0,0,0,0,-1000,0,1000,-1000,0,0,0,-132000
059238,台積電凱基99購11,0,0,0,0,0,0,0,0,0,-132000,0,0,0,3000,135000,-132000,-132000
063637,聯發科元大9C購02,0,0,0,0,0,0,0,0,0,-132000,0,0,0,215000,347000,-132000,-132000
6285,啟碁            ,125000,241000,-116000,0,0,0,0,5000,-5000,-11000,0,0,0,0,11000,-11000,-132000
2103,台橡            ,264000,399000,-135000,0,0,0,0,0,0,2000,3000,1000,2000,0,0,0,-133000
1451,年興            ,62000,198000,-136000,0,0,0,0,0,0,3000,5000,2000,3000,0,0,0,-133000
08110P,臺股指中信01售05,0,0,0,0,0,0,0,0,0,-133000,0,0,0,0,133000,-133000,-133000
03446B,臺股指元大9B熊26,0,0,0,0,0,0,0,0,0,-133000,0,0,0,127000,260000,-133000,-133000
057690,美律凱基99購03  ,0,0,0,0,0,0,0,0,0,-133000,0,0,0,20000,153000,-133000,-133000
062218,燿華統一01購01  ,0,0,0,0,0,0,0,0,0,-133000,0,0,0,7000,140000,-133000,-133000
056783,國巨群益99購01  ,0,0,0,0,0,0,0,0,0,-134000,0,0,0,10000,144000,-134000,-134000
058589,群創中信01購01  ,0,0,0,0,0,0,0,0,0,-134000,0,0,0,48000,182000,-134000,-134000
058247,聯茂元大99購04  ,0,0,0,0,0,0,0,0,0,-134000,0,0,0,7000,141000,-134000,-134000
060191,亞光元富9A購02  ,0,0,0,0,0,0,0,0,0,-134000,0,0,0,94000,228000,-134000,-134000
060155,友訊永豐9A購01  ,0,0,0,0,0,0,0,0,0,-134000,0,0,0,23000,157000,-134000,-134000
060284,南港元大01購01  ,0,0,0,0,0,0,0,0,0,-134000,0,0,0,840000,974000,-134000,-134000
060252,緯穎元大9A購02  ,0,0,0,0,0,0,0,0,0,-134000,0,0,0,68000,202000,-134000,-134000
062967,上銀元富9B購01  ,0,0,0,0,0,0,0,0,0,-134000,0,0,0,82000,216000,-134000,-134000
063113,聯茂兆豐9B購01  ,0,0,0,0,0,0,0,0,0,-134000,0,0,0,22000,156000,-134000,-134000
5519,隆大            ,59000,194000,-135000,0,0,0,0,0,0,1000,1000,0,1000,0,0,0,-134000
063798,台積電凱基02購03,0,0,0,0,0,0,0,0,0,-135000,0,0,0,223000,358000,-135000,-135000
055775,友達凱基9A購01  ,0,0,0,0,0,0,0,0,0,-135000,0,0,0,0,135000,-135000,-135000
055518,華新科中信99購01,0,0,0,0,0,0,0,0,0,-135000,0,0,0,0,135000,-135000,-135000
060242,潤泰全元大9C購01,0,0,0,0,0,0,0,0,0,-135000,0,0,0,0,135000,-135000,-135000
063641,泰鼎元大9B購04  ,0,0,0,0,0,0,0,0,0,-135000,0,0,0,55000,190000,-135000,-135000
064113,新日興國票01購01,0,0,0,0,0,0,0,0,0,-136000,0,0,0,14000,150000,-136000,-136000
058207,南茂凱基99購01  ,0,0,0,0,0,0,0,0,0,-136000,0,0,0,31000,167000,-136000,-136000
060855,華新科富邦01購01,0,0,0,0,0,0,0,0,0,-136000,0,0,0,0,136000,-136000,-136000
063753,矽創國票9C購01  ,0,0,0,0,0,0,0,0,0,-136000,0,0,0,46000,182000,-136000,-136000
063924,致新元富9C購01  ,0,0,0,0,0,0,0,0,0,-137000,0,0,0,297000,434000,-137000,-137000
054771,茂林國票98購02  ,0,0,0,0,0,0,0,0,0,-137000,0,0,0,0,137000,-137000,-137000
055619,同欣電國票98購02,0,0,0,0,0,0,0,0,0,-137000,0,0,0,308000,445000,-137000,-137000
060619,玉晶光元大9A購03,0,0,0,0,0,0,0,0,0,-137000,0,0,0,2000,139000,-137000,-137000
063142,奇力新統一9C購04,0,0,0,0,0,0,0,0,0,-137000,0,0,0,0,137000,-137000,-137000
062703,可成元大9C購02  ,0,0,0,0,0,0,0,0,0,-137000,0,0,0,4000,141000,-137000,-137000
056084,漢唐統一97購03  ,0,0,0,0,0,0,0,0,0,-138000,0,0,0,15000,153000,-138000,-138000
062831,嘉澤群益9B購01  ,0,0,0,0,0,0,0,0,0,-138000,0,0,0,12000,150000,-138000,-138000
063305,亞光凱基9B購01  ,0,0,0,0,0,0,0,0,0,-138000,0,0,0,123000,261000,-138000,-138000
064036,矽創元大9C購01  ,0,0,0,0,0,0,0,0,0,-139000,0,0,0,208000,347000,-139000,-139000
062721,美律凱基9B購02  ,0,0,0,0,0,0,0,0,0,-139000,0,0,0,33000,172000,-139000,-139000
062537,聯電國泰9C購01  ,0,0,0,0,0,0,0,0,0,-139000,0,0,0,41000,180000,-139000,-139000
062320,南電凱基9B購03  ,0,0,0,0,0,0,0,0,0,-139000,0,0,0,0,139000,-139000,-139000
6257,矽格            ,359000,688174,-329174,0,0,0,0,0,0,190000,267000,32000,235000,0,45000,-45000,-139174
064302,美律兆豐01購01  ,0,0,0,0,0,0,0,0,0,-140000,0,0,0,0,140000,-140000,-140000
06849P,欣興元大98售12  ,0,0,0,0,0,0,0,0,0,-140000,0,0,0,0,140000,-140000,-140000
08349P,南六元大9C售03  ,0,0,0,0,0,0,0,0,0,-140000,0,0,0,0,140000,-140000,-140000
1609,大亞            ,185000,336000,-151000,0,0,0,0,0,0,11000,11000,0,11000,0,0,0,-140000
056529,中環凱基98購01  ,0,0,0,0,0,0,0,0,0,-140000,0,0,0,10000,150000,-140000,-140000
052331,漢唐亞東97購01  ,0,0,0,0,0,0,0,0,0,-140000,0,0,0,0,140000,-140000,-140000
057689,南亞科凱基99購02,0,0,0,0,0,0,0,0,0,-140000,0,0,0,0,140000,-140000,-140000
059065,南電凱基9A購01  ,0,0,0,0,0,0,0,0,0,-140000,0,0,0,38000,178000,-140000,-140000
060394,欣興麥證9A購01  ,0,0,0,10000,150000,-140000,0,0,0,-140000,0,0,0,10000,150000,-140000,-140000
06246P,茂林元富97售03  ,0,0,0,0,0,0,0,0,0,-140000,0,0,0,111000,251000,-140000,-140000
055979,聯鈞統一97購03  ,0,0,0,0,0,0,0,0,0,-141000,0,0,0,100000,241000,-141000,-141000
056178,嘉澤元富97購02  ,0,0,0,0,0,0,0,0,0,-141000,0,0,0,25000,166000,-141000,-141000
061035,亞光永豐9A購01  ,0,0,0,0,0,0,0,0,0,-141000,0,0,0,13000,154000,-141000,-141000
063258,緯穎國泰9C購01  ,0,0,0,0,0,0,0,0,0,-141000,0,0,0,657000,798000,-141000,-141000
058934,台灣50中信03購03,0,0,0,0,0,0,0,0,0,-142000,0,0,0,0,142000,-142000,-142000
063177,友達兆豐9B購01  ,0,0,0,0,0,0,0,0,0,-142000,0,0,0,68000,210000,-142000,-142000
08123P,台表科國票9C售01,0,0,0,0,0,0,0,0,0,-143000,0,0,0,0,143000,-143000,-143000
07597P,臺股指中信01售02,0,0,0,0,0,0,0,0,0,-143000,0,0,0,1171000,1314000,-143000,-143000
064239,群創統一02購01  ,0,0,0,0,0,0,0,0,0,-143000,0,0,0,50000,193000,-143000,-143000
056068,欣興元大97購05  ,0,0,0,0,0,0,0,0,0,-143000,0,0,0,60000,203000,-143000,-143000
060404,台勝科國泰9B購01,0,0,0,0,0,0,0,0,0,-143000,0,0,0,29000,172000,-143000,-143000
057805,華通元大98購06  ,0,0,0,0,0,0,0,0,0,-143000,0,0,0,8000,151000,-143000,-143000
058325,昇陽半永豐99購01,0,0,0,0,0,0,0,0,0,-143000,0,0,0,16000,159000,-143000,-143000
059259,FBVIX中信03購06 ,0,0,0,0,0,0,0,0,0,-143000,0,0,0,26000,169000,-143000,-143000
058639,南電兆豐99購01  ,0,0,0,0,0,0,0,0,0,-143000,0,0,0,52000,195000,-143000,-143000
063539,世紀鋼統一9B購02,0,0,0,0,0,0,0,0,0,-143000,0,0,0,102000,245000,-143000,-143000
064304,信邦兆豐01購01  ,0,0,0,0,0,0,0,0,0,-144000,0,0,0,0,144000,-144000,-144000
056287,亞光永豐97購02  ,0,0,0,0,0,0,0,0,0,-144000,0,0,0,20000,164000,-144000,-144000
055817,京鼎國票99購01  ,0,0,0,0,0,0,0,0,0,-144000,0,0,0,10000,154000,-144000,-144000
058295,欣興凱基99購02  ,0,0,0,0,0,0,0,0,0,-144000,0,0,0,153000,297000,-144000,-144000
061722,健策永豐9B購03  ,0,0,0,0,0,0,0,0,0,-144000,0,0,0,131000,275000,-144000,-144000
064111,國巨國票02購02  ,0,0,0,0,0,0,0,0,0,-145000,0,0,0,10000,155000,-145000,-145000
060492,元黃金元富9A購01,0,0,0,0,0,0,0,0,0,-145000,0,0,0,0,145000,-145000,-145000
060995,泰鼎元大9A購03  ,0,0,0,0,0,0,0,0,0,-145000,0,0,0,13000,158000,-145000,-145000
6415,矽力-KY         ,275858,451003,-175145,0,0,0,29000,3000,26000,4000,4000,1000,3000,2000,1000,1000,-145145
064176,京元電國泰01購01,0,0,0,0,0,0,0,0,0,-146000,0,0,0,9000,155000,-146000,-146000
064268,緯穎永豐9C購01  ,0,0,0,0,0,0,0,0,0,-146000,0,0,0,0,146000,-146000,-146000
064524,GIS群益02購01   ,0,0,0,0,0,0,0,0,0,-146000,0,0,0,0,146000,-146000,-146000
061540,台積電群益9A購07,0,0,0,0,0,0,0,0,0,-146000,0,0,0,5000,151000,-146000,-146000
062564,矽創凱基9B購01  ,0,0,0,0,0,0,0,0,0,-146000,0,0,0,80000,226000,-146000,-146000
064048,大立光統一9C購07,0,0,0,0,0,0,0,0,0,-147000,0,0,0,47000,194000,-147000,-147000
063152,健策元富9C購01  ,0,0,0,0,0,0,0,0,0,-147000,0,0,0,210000,357000,-147000,-147000
064423,義隆兆豐9C購02  ,0,0,0,0,0,0,0,0,0,-148000,0,0,0,0,148000,-148000,-148000
1464,得力            ,74000,201000,-127000,0,0,0,0,0,0,-21000,3000,0,3000,0,24000,-24000,-148000
056971,麗豐永豐98購01  ,0,0,0,0,0,0,0,0,0,-148000,0,0,0,0,148000,-148000,-148000
058610,欣興元大99購05  ,0,0,0,0,0,0,0,0,0,-148000,0,0,0,67000,215000,-148000,-148000
058873,美律國票9A購02  ,0,0,0,0,0,0,0,0,0,-148000,0,0,0,109000,257000,-148000,-148000
058025,聯茂國泰99購01  ,0,0,0,0,0,0,0,0,0,-148000,0,0,0,100000,248000,-148000,-148000
062996,致茂國票9C購01  ,0,0,0,0,0,0,0,0,0,-148000,0,0,0,48000,196000,-148000,-148000
1590,亞德客-KY       ,737306,697314,39992,0,0,0,23000,152000,-129000,-59000,2000,3000,-1000,11000,69000,-58000,-148008
2527,宏璟            ,44000,195000,-151000,0,0,0,0,0,0,2000,3000,1000,2000,0,0,0,-149000
06644P,亞德客元大98售03,0,0,0,0,0,0,0,0,0,-149000,0,0,0,12000,161000,-149000,-149000
064135,復盛元大9C購01  ,0,0,0,0,0,0,0,0,0,-149000,0,0,0,10000,159000,-149000,-149000
062710,盛群元大9B購01  ,0,0,0,0,0,0,0,0,0,-149000,0,0,0,110000,259000,-149000,-149000
064033,茂林元大9C購02  ,0,0,0,0,0,0,0,0,0,-150000,0,0,0,0,150000,-150000,-150000
063825,道瓊銀國票01購01,0,0,0,0,0,0,0,0,0,-150000,0,0,0,0,150000,-150000,-150000
06779P,智邦元大98售12  ,0,0,0,0,0,0,0,0,0,-150000,0,0,0,0,150000,-150000,-150000
07502P,美食元大9A售01  ,0,0,0,0,0,0,0,0,0,-150000,0,0,0,100000,250000,-150000,-150000
07080P,健策群益9A售01  ,0,0,0,0,0,0,0,0,0,-150000,0,0,0,10000,160000,-150000,-150000
054317,昇陽半凱基98購01,0,0,0,0,0,0,0,0,0,-150000,0,0,0,0,150000,-150000,-150000
056215,華新科國票97購03,0,0,0,0,0,0,0,0,0,-150000,0,0,0,10000,160000,-150000,-150000
059396,T50反1元富99購04,0,0,0,0,0,0,0,0,0,-150000,0,0,0,0,150000,-150000,-150000
058193,緯穎永豐99購01  ,0,0,0,0,0,0,0,0,0,-150000,0,0,0,40000,190000,-150000,-150000
062994,祥碩群益9B購05  ,0,0,0,0,0,0,0,0,0,-150000,0,0,0,18000,168000,-150000,-150000
063609,南電凱基9B購05  ,0,0,0,0,0,0,0,0,0,-150000,0,0,0,3000,153000,-150000,-150000
1710,東聯            ,292000,440000,-148000,0,0,0,0,3000,-3000,0,0,0,0,0,0,0,-151000
07836P,大成鋼元大9A售01,0,0,0,0,0,0,0,0,0,-151000,0,0,0,0,151000,-151000,-151000
055933,欣興群益98購02  ,0,0,0,0,0,0,0,0,0,-151000,0,0,0,11000,162000,-151000,-151000
056755,聯茂兆豐98購01  ,0,0,0,0,0,0,0,0,0,-151000,0,0,0,0,151000,-151000,-151000
055536,嘉聯益群益99購02,0,0,0,0,0,0,0,0,0,-151000,0,0,0,98000,249000,-151000,-151000
059928,道瓊銀富邦03購01,0,0,0,0,0,0,0,0,0,-151000,0,0,0,0,151000,-151000,-151000
060760,南亞科元大9A購04,0,0,0,0,0,0,0,0,0,-151000,0,0,0,55000,206000,-151000,-151000
062760,漢唐凱基9B購01  ,0,0,0,0,0,0,0,0,0,-151000,0,0,0,20000,171000,-151000,-151000
061072,南電凱基9B購01  ,0,0,0,0,0,0,0,0,0,-151000,0,0,0,0,151000,-151000,-151000
061900,志超永豐9B購01  ,0,0,0,0,0,0,0,0,0,-151000,0,0,0,0,151000,-151000,-151000
07992P,玉晶光群益01售04,0,0,0,0,0,0,0,0,0,-152000,0,0,0,6000,158000,-152000,-152000
07141P,台灣50國票9A售03,0,0,0,0,0,0,0,0,0,-152000,0,0,0,20000,172000,-152000,-152000
060901,臺股指凱基9A購13,0,0,0,0,0,0,0,0,0,-152000,0,0,0,2000,154000,-152000,-152000
058864,欣興凱基99購04  ,0,0,0,0,0,0,0,0,0,-152000,0,0,0,20000,172000,-152000,-152000
063491,國巨富邦02購02  ,0,0,0,0,0,0,0,0,0,-152000,0,0,0,34000,186000,-152000,-152000
064007,嘉澤凱基02購01  ,0,0,0,0,0,0,0,0,0,-153000,0,0,0,5000,158000,-153000,-153000
056365,欣興元大98購01  ,0,0,0,0,0,0,0,0,0,-153000,0,0,0,45000,198000,-153000,-153000
060954,國泰金群益9A購02,0,0,0,0,0,0,0,0,0,-153000,0,0,0,18000,171000,-153000,-153000
058507,美律元大9A購01  ,0,0,0,0,0,0,0,0,0,-153000,0,0,0,225000,378000,-153000,-153000
063859,國巨國泰01購03  ,0,0,0,0,0,0,0,0,0,-154000,0,0,0,38000,192000,-154000,-154000
07719P,臺股指群益9A售08,0,0,0,0,0,0,0,0,0,-154000,0,0,0,60000,214000,-154000,-154000
2228,劍麟            ,79000,215000,-136000,0,0,0,0,0,0,-18000,0,14000,-14000,0,4000,-4000,-154000
055137,GIS富邦98購01   ,0,0,0,0,0,0,0,0,0,-154000,0,0,0,131000,285000,-154000,-154000
053827,漢唐麥證9A購01  ,0,0,0,21000,175000,-154000,0,0,0,-154000,0,0,0,21000,175000,-154000,-154000
057863,美律凱基9A購01  ,0,0,0,0,0,0,0,0,0,-154000,0,0,0,20000,174000,-154000,-154000
058188,華擎永豐99購01  ,0,0,0,0,0,0,0,0,0,-154000,0,0,0,71000,225000,-154000,-154000
060534,友達麥證9A購01  ,0,0,0,6000,160000,-154000,0,0,0,-154000,0,0,0,6000,160000,-154000,-154000
063504,國巨群益9C購06  ,0,0,0,0,0,0,0,0,0,-154000,0,0,0,104000,258000,-154000,-154000
061054,台積電群益9A購04,0,0,0,0,0,0,0,0,0,-154000,0,0,0,27000,181000,-154000,-154000
8261,富鼎            ,34000,189000,-155000,0,0,0,0,0,0,1000,1000,0,1000,0,0,0,-154000
064068,義隆永豐9C購01  ,0,0,0,0,0,0,0,0,0,-155000,0,0,0,424000,579000,-155000,-155000
064206,鴻海凱基03購02  ,0,0,0,0,0,0,0,0,0,-155000,0,0,0,4000,159000,-155000,-155000
056668,光磊國票99購01  ,0,0,0,0,0,0,0,0,0,-155000,0,0,0,0,155000,-155000,-155000
060298,鎧勝元大9C購01  ,0,0,0,0,0,0,0,0,0,-155000,0,0,0,96000,251000,-155000,-155000
058134,信邦元大99購01  ,0,0,0,0,0,0,0,0,0,-155000,0,0,0,5000,160000,-155000,-155000
061558,旺宏國票9B購02  ,0,0,0,0,0,0,0,0,0,-155000,0,0,0,0,155000,-155000,-155000
064240,群創統一02購02  ,0,0,0,0,0,0,0,0,0,-156000,0,0,0,5000,161000,-156000,-156000
063994,台光電群益9C購01,35000,0,35000,0,0,0,0,0,0,-191000,0,0,0,386000,577000,-191000,-156000
00757,統一FANG+       ,0,0,0,0,0,0,0,0,0,-156000,0,0,0,201000,357000,-156000,-156000
058747,友達凱基9A購03  ,0,0,0,0,0,0,0,0,0,-156000,0,0,0,0,156000,-156000,-156000
063502,南電永豐9B購02  ,0,0,0,0,0,0,0,0,0,-156000,0,0,0,56000,212000,-156000,-156000
3036,文曄            ,266000,331000,-65000,0,0,0,0,0,0,-92000,24000,73000,-49000,2000,45000,-43000,-157000
058122,美律國票9A購01  ,0,0,0,0,0,0,0,0,0,-157000,0,0,0,13000,170000,-157000,-157000
058324,嘉聯益永豐9A購01,0,0,0,0,0,0,0,0,0,-157000,0,0,0,13000,170000,-157000,-157000
064059,新日興麥證01購01,0,0,0,40000,198000,-158000,0,0,0,-158000,0,0,0,40000,198000,-158000,-158000
061553,南電群益9A購03  ,0,0,0,0,0,0,0,0,0,-158000,0,0,0,15000,173000,-158000,-158000
062490,聯茂永豐9B購01  ,0,0,0,0,0,0,0,0,0,-158000,0,0,0,3000,161000,-158000,-158000
4942,嘉彰            ,149000,307000,-158000,0,0,0,0,0,0,0,0,0,0,0,0,0,-158000
063829,晶技國票01購01  ,0,0,0,0,0,0,0,0,0,-159000,0,0,0,38000,197000,-159000,-159000
00673R,元大S&P原油反1  ,1000,1000,0,0,0,0,0,0,0,-159000,0,0,0,47000,206000,-159000,-159000
057166,國巨元大99購06  ,0,0,0,0,0,0,0,0,0,-159000,0,0,0,138000,297000,-159000,-159000
060043,全新群益9B購02  ,0,0,0,0,0,0,0,0,0,-159000,0,0,0,0,159000,-159000,-159000
062498,華通群益9C購04  ,0,0,0,0,0,0,0,0,0,-159000,0,0,0,0,159000,-159000,-159000
061944,聯電群益9B購01  ,0,0,0,0,0,0,0,0,0,-159000,0,0,0,11000,170000,-159000,-159000
6112,聚碩            ,127000,287000,-160000,0,0,0,0,0,0,1000,1000,0,1000,0,0,0,-159000
08325P,臺股指凱基9C售08,0,0,0,0,0,0,0,0,0,-160000,0,0,0,0,160000,-160000,-160000
058739,喬山中信99購01  ,0,0,0,0,0,0,0,0,0,-160000,0,0,0,305000,465000,-160000,-160000
062170,健策永豐9B購04  ,0,0,0,0,0,0,0,0,0,-160000,0,0,0,35000,195000,-160000,-160000
063595,燿華中信9B購02  ,0,0,0,0,0,0,0,0,0,-160000,0,0,0,30000,190000,-160000,-160000
2911,麗嬰房          ,8000,169000,-161000,0,0,0,0,0,0,0,0,0,0,0,0,0,-161000
063772,智邦富邦9B購02  ,0,0,0,0,0,0,0,0,0,-161000,0,0,0,10000,171000,-161000,-161000
064260,矽創富邦9C購01  ,0,0,0,0,0,0,0,0,0,-161000,0,0,0,9000,170000,-161000,-161000
058353,國巨凱基99購09  ,0,0,0,0,0,0,0,0,0,-161000,0,0,0,115000,276000,-161000,-161000
063631,燿華元大9B購06  ,0,0,0,0,0,0,0,0,0,-161000,0,0,0,52000,213000,-161000,-161000
063342,台光電統一9B購02,0,0,0,0,0,0,0,0,0,-161000,0,0,0,178000,339000,-161000,-161000
063143,嘉澤統一9B購02  ,0,0,0,0,0,0,0,0,0,-161000,0,0,0,32000,193000,-161000,-161000
062265,南茂元大9B購01  ,0,0,0,0,0,0,0,0,0,-161000,0,0,0,17000,178000,-161000,-161000
03682C,臺股指凱基9C牛07,0,0,0,0,0,0,0,0,0,-162000,0,0,0,141000,303000,-162000,-162000
055654,景碩元富97購01  ,0,0,0,0,0,0,0,0,0,-162000,0,0,0,0,162000,-162000,-162000
057043,台積電元大99購02,0,0,0,0,0,0,0,0,0,-162000,0,0,0,67000,229000,-162000,-162000
058173,台積電凱基99購04,0,0,0,0,0,0,0,0,0,-162000,0,0,0,54000,216000,-162000,-162000
063034,致茂凱基9B購01  ,0,0,0,0,0,0,0,0,0,-162000,0,0,0,60000,222000,-162000,-162000
060157,致茂永豐9A購02  ,0,0,0,0,0,0,0,0,0,-163000,0,0,0,253000,416000,-163000,-163000
057048,新日興元大98購01,0,0,0,0,0,0,0,0,0,-163000,0,0,0,9000,172000,-163000,-163000
062863,聯茂國票9B購01  ,0,0,0,0,0,0,0,0,0,-163000,0,0,0,55000,218000,-163000,-163000
063767,義隆國泰02購01  ,0,0,0,0,0,0,0,0,0,-163000,0,0,0,79000,242000,-163000,-163000
063732,建準元大9B購02  ,0,0,0,0,0,0,0,0,0,-163000,0,0,0,74000,237000,-163000,-163000
061625,聯茂群益9A購02  ,0,0,0,0,0,0,0,0,0,-163000,0,0,0,332000,495000,-163000,-163000
6226,光鼎            ,26000,183000,-157000,0,0,0,0,0,0,-7000,1000,8000,-7000,0,0,0,-164000
4746,台耀            ,347366,511000,-163634,0,0,0,0,0,0,-1000,1000,2000,-1000,0,0,0,-164634
060742,臺指反國票9B購02,0,0,0,0,0,0,0,0,0,-165000,0,0,0,0,165000,-165000,-165000
061586,智邦富邦9A購02  ,0,0,0,0,0,0,0,0,0,-165000,0,0,0,260000,425000,-165000,-165000
061106,群創元大9B購09  ,0,0,0,0,0,0,0,0,0,-165000,0,0,0,25000,190000,-165000,-165000
2515,中工            ,634000,844000,-210000,0,0,0,0,0,0,44000,0,2000,-2000,46000,0,46000,-166000
059976,道瓊銀元大99購01,0,0,0,0,0,0,0,0,0,-166000,0,0,0,45000,211000,-166000,-166000
057525,光磊元大99購01  ,0,0,0,0,0,0,0,0,0,-166000,0,0,0,0,166000,-166000,-166000
061077,國巨兆豐9B購01  ,0,0,0,0,0,0,0,0,0,-166000,0,0,0,11000,177000,-166000,-166000
064241,貿聯統一02購02  ,0,0,0,0,0,0,0,0,0,-167000,0,0,0,235000,402000,-167000,-167000
060208,卜蜂康和9A購01  ,0,0,0,0,0,0,0,0,0,-167000,0,0,0,4000,171000,-167000,-167000
057312,美律麥證98購01  ,0,0,0,12000,179000,-167000,0,0,0,-167000,0,0,0,12000,179000,-167000,-167000
061240,華新科兆豐9A購01,0,0,0,0,0,0,0,0,0,-167000,0,0,0,59000,226000,-167000,-167000
062386,京鼎國泰9C購01  ,0,0,0,0,0,0,0,0,0,-167000,0,0,0,15000,182000,-167000,-167000
064276,聯發科元大9C購07,0,0,0,0,0,0,0,0,0,-168000,0,0,0,309000,477000,-168000,-168000
064108,創意兆豐9C購01  ,0,0,0,0,0,0,0,0,0,-168000,0,0,0,0,168000,-168000,-168000
063781,健策永豐9B購08  ,0,0,0,0,0,0,0,0,0,-168000,0,0,0,102000,270000,-168000,-168000
057972,群創富邦9C購01  ,0,0,0,0,0,0,0,0,0,-168000,0,0,0,3000,171000,-168000,-168000
063083,聯發科凱基01購02,0,0,0,0,0,0,0,0,0,-168000,0,0,0,0,168000,-168000,-168000
056518,美律國票99購01  ,0,0,0,0,0,0,0,0,0,-169000,0,0,0,1000,170000,-169000,-169000
057475,聯電元大9A購01  ,0,0,0,0,0,0,0,0,0,-169000,0,0,0,605000,774000,-169000,-169000
056805,元石油統一9B購01,0,0,0,0,0,0,0,0,0,-170000,0,0,0,0,170000,-170000,-170000
064209,燿華凱基01購01  ,0,0,0,0,0,0,0,0,0,-171000,0,0,0,0,171000,-171000,-171000
1307,三芳            ,83000,254000,-171000,0,0,0,0,0,0,0,0,0,0,0,0,0,-171000
056646,奇鋐凱基99購02  ,0,0,0,0,0,0,0,0,0,-171000,0,0,0,30000,201000,-171000,-171000
058585,S&P正2中信9B購02,0,0,0,0,0,0,0,0,0,-171000,0,0,0,0,171000,-171000,-171000
06078P,臺股指凱基9A售01,0,0,0,0,0,0,0,0,0,-171000,0,0,0,0,171000,-171000,-171000
063661,聚陽統一9C購02  ,0,0,0,0,0,0,0,0,0,-171000,0,0,0,14000,185000,-171000,-171000
07030P,鈺齊群益99售01  ,0,0,0,0,0,0,0,0,0,-172000,0,0,0,5000,177000,-172000,-172000
056941,台郡元富9B購01  ,0,0,0,0,0,0,0,0,0,-172000,0,0,0,0,172000,-172000,-172000
063062,群創元富9B購01  ,0,0,0,0,0,0,0,0,0,-172000,0,0,0,123000,295000,-172000,-172000
06506P,台郡國票99售02  ,0,0,0,0,0,0,0,0,0,-173000,0,0,0,10000,183000,-173000,-173000
054101,茂林國票97購04  ,0,0,0,0,0,0,0,0,0,-173000,0,0,0,0,173000,-173000,-173000
059293,宏達電元富9B購01,0,0,0,0,0,0,0,0,0,-173000,0,0,0,0,173000,-173000,-173000
060791,聯茂富邦9A購02  ,0,0,0,0,0,0,0,0,0,-173000,0,0,0,128000,301000,-173000,-173000
063207,聯茂統一01購01  ,0,0,0,0,0,0,0,0,0,-173000,0,0,0,248000,421000,-173000,-173000
08331P,義隆元富9C售02  ,0,0,0,0,0,0,0,0,0,-174000,0,0,0,146000,320000,-174000,-174000
07954P,台表科元大9B售02,0,0,0,0,0,0,0,0,0,-174000,0,0,0,0,174000,-174000,-174000
060653,全新群益9A購02  ,0,0,0,0,0,0,0,0,0,-174000,0,0,0,0,174000,-174000,-174000
063267,台表科中信01購02,0,0,0,0,0,0,0,0,0,-174000,0,0,0,131000,305000,-174000,-174000
062164,禾伸堂國泰01購01,0,0,0,0,0,0,0,0,0,-174000,0,0,0,180000,354000,-174000,-174000
061164,燿華兆豐9B購01  ,0,0,0,0,0,0,0,0,0,-174000,0,0,0,191000,365000,-174000,-174000
07805P,義隆永豐9A售02  ,0,0,0,0,0,0,0,0,0,-175000,0,0,0,0,175000,-175000,-175000
07418P,聯發科元大99售45,0,0,0,0,0,0,0,0,0,-175000,0,0,0,0,175000,-175000,-175000
055252,新光金統一98購02,0,0,0,0,0,0,0,0,0,-175000,0,0,0,0,175000,-175000,-175000
061095,台積電台新9B購03,0,0,0,0,0,0,0,0,0,-175000,0,0,0,15000,190000,-175000,-175000
063528,元大金凱基9B購01,0,0,0,0,0,0,0,0,0,-175000,0,0,0,31000,206000,-175000,-175000
056820,欣興永豐98購02  ,0,0,0,0,0,0,0,0,0,-176000,0,0,0,27000,203000,-176000,-176000
057713,美律統一99購01  ,0,0,0,0,0,0,0,0,0,-176000,0,0,0,10000,186000,-176000,-176000
063497,東元永豐9B購01  ,0,0,0,0,0,0,0,0,0,-176000,0,0,0,0,176000,-176000,-176000
063138,聯發科統一01購05,0,0,0,0,0,0,0,0,0,-176000,0,0,0,42000,218000,-176000,-176000
061102,台積電元大9A購22,0,0,0,0,0,0,0,0,0,-176000,0,0,0,40000,216000,-176000,-176000
062036,致新群益9B購01  ,0,0,0,0,0,0,0,0,0,-176000,0,0,0,15000,191000,-176000,-176000
062290,聯發科富邦9C購04,0,0,0,0,0,0,0,0,0,-176000,0,0,0,285000,461000,-176000,-176000
064196,健策群益01購01  ,0,0,0,0,0,0,0,0,0,-177000,0,0,0,5000,182000,-177000,-177000
061206,旺宏元大9A購12  ,0,0,0,0,0,0,0,0,0,-177000,0,0,0,51000,228000,-177000,-177000
061596,健策永豐9A購03  ,0,0,0,0,0,0,0,0,0,-177000,0,0,0,56000,233000,-177000,-177000
063050,葡萄王統一01購01,0,0,0,0,0,0,0,0,0,-177000,0,0,0,232000,409000,-177000,-177000
06741P,台積電富邦98售04,0,0,0,0,0,0,0,0,0,-178000,0,0,0,100000,278000,-178000,-178000
2467,志聖            ,321000,499000,-178000,0,0,0,0,1000,-1000,1000,1000,0,1000,0,0,0,-178000
054272,華通中信98購01  ,0,0,0,0,0,0,0,0,0,-178000,0,0,0,13000,191000,-178000,-178000
058052,南電元大98購02  ,0,0,0,0,0,0,0,0,0,-178000,0,0,0,166000,344000,-178000,-178000
07714P,世紀鋼元大9A售03,0,0,0,0,0,0,0,0,0,-179000,0,0,0,0,179000,-179000,-179000
07503P,禾伸堂元大9A售01,0,0,0,0,0,0,0,0,0,-179000,0,0,0,0,179000,-179000,-179000
062987,祥碩中信01購01  ,0,0,0,0,0,0,0,0,0,-179000,0,0,0,47000,226000,-179000,-179000
063567,漢唐元大9B購03  ,0,0,0,0,0,0,0,0,0,-179000,0,0,0,306000,485000,-179000,-179000
056100,楠梓電永豐97購02,0,0,0,0,0,0,0,0,0,-180000,0,0,0,0,180000,-180000,-180000
058017,漢唐凱基99購01  ,0,0,0,0,0,0,0,0,0,-180000,0,0,0,34000,214000,-180000,-180000
057592,美律兆豐99購01  ,0,0,0,0,0,0,0,0,0,-180000,0,0,0,0,180000,-180000,-180000
059938,凱美永豐99購01  ,0,0,0,0,0,0,0,0,0,-180000,0,0,0,0,180000,-180000,-180000
062253,燿華元大9B購02  ,0,0,0,0,0,0,0,0,0,-180000,0,0,0,75000,255000,-180000,-180000
062480,茂林國票9B購01  ,0,0,0,0,0,0,0,0,0,-180000,0,0,0,13000,193000,-180000,-180000
6282,康舒            ,335000,518000,-183000,0,0,0,0,0,0,3000,3000,0,3000,0,0,0,-180000
07100P,華航元大99售01  ,0,0,0,0,0,0,0,0,0,-181000,0,0,0,10000,191000,-181000,-181000
055919,景碩凱基98購02  ,0,0,0,0,0,0,0,0,0,-181000,0,0,0,53000,234000,-181000,-181000
056726,友達日盛9A購01  ,0,0,0,0,0,0,0,0,0,-181000,0,0,0,7000,188000,-181000,-181000
060203,緯穎元富9A購01  ,0,0,0,0,0,0,0,0,0,-181000,0,0,0,109000,290000,-181000,-181000
057074,立積永豐98購01  ,0,0,0,0,0,0,0,0,0,-181000,0,0,0,66000,247000,-181000,-181000
060684,同欣電元大9A購01,0,0,0,0,0,0,0,0,0,-181000,0,0,0,103000,284000,-181000,-181000
063184,台光電凱基9B購03,0,0,0,0,0,0,0,0,0,-181000,0,0,0,91000,272000,-181000,-181000
064023,智邦元大9C購02  ,0,0,0,0,0,0,0,0,0,-182000,0,0,0,184000,366000,-182000,-182000
054589,聯鈞國泰99購01  ,0,0,0,0,0,0,0,0,0,-182000,0,0,0,0,182000,-182000,-182000
058380,臺股指凱基99購15,0,0,0,0,0,0,0,0,0,-182000,0,0,0,735000,917000,-182000,-182000
061903,宏全永豐9B購01  ,0,0,0,0,0,0,0,0,0,-182000,0,0,0,0,182000,-182000,-182000
064100,義隆群益9C購01  ,0,0,0,0,0,0,0,0,0,-183000,0,0,0,22000,205000,-183000,-183000
057969,緯穎國泰99購01  ,0,0,0,0,0,0,0,0,0,-183000,0,0,0,321000,504000,-183000,-183000
060232,友訊元大9C購01  ,0,0,0,0,0,0,0,0,0,-183000,0,0,0,34000,217000,-183000,-183000
1560,中砂            ,23000,207000,-184000,0,0,0,0,0,0,0,1000,1000,0,0,0,0,-184000
055809,T50反1國票98購02,0,0,0,0,0,0,0,0,0,-184000,0,0,0,6000,190000,-184000,-184000
063121,友達元大9C購09  ,0,0,0,0,0,0,0,0,0,-184000,0,0,0,65000,249000,-184000,-184000
063329,健策國票9C購01  ,0,0,0,0,0,0,0,0,0,-184000,0,0,0,6000,190000,-184000,-184000
063347,祥碩統一01購03  ,0,0,0,0,0,0,0,0,0,-184000,0,0,0,25000,209000,-184000,-184000
07902P,玉晶光國票01售01,0,0,0,0,0,0,0,0,0,-185000,0,0,0,15000,200000,-185000,-185000
08315P,台積電元大9C售08,0,0,0,0,0,0,0,0,0,-185000,0,0,0,14000,199000,-185000,-185000
064253,貿聯元富9C購01  ,0,0,0,0,0,0,0,0,0,-185000,0,0,0,370000,555000,-185000,-185000
07317P,T50正2凱基9B售02,0,0,0,0,0,0,0,0,0,-185000,0,0,0,0,185000,-185000,-185000
056577,玉晶光元大99購06,0,0,0,0,0,0,0,0,0,-185000,0,0,0,70000,255000,-185000,-185000
058110,光寶科元富98購01,0,0,0,0,0,0,0,0,0,-185000,0,0,0,65000,250000,-185000,-185000
058527,世紀鋼元大99購01,0,0,0,0,0,0,0,0,0,-185000,0,0,0,215000,400000,-185000,-185000
062651,世紀鋼富邦9C購01,0,0,0,0,0,0,0,0,0,-185000,0,0,0,0,185000,-185000,-185000
08353P,聯電元大9C售04  ,0,0,0,0,0,0,0,0,0,-187000,0,0,0,0,187000,-187000,-187000
3038,全台            ,92000,258000,-166000,0,0,0,0,0,0,-21000,57000,78000,-21000,0,0,0,-187000
062655,漢唐永豐9B購01  ,0,0,0,0,0,0,0,0,0,-187000,0,0,0,86000,273000,-187000,-187000
062542,南電國泰9C購01  ,0,0,0,0,0,0,0,0,0,-187000,0,0,0,472000,659000,-187000,-187000
062333,嘉晶統一9C購01  ,0,0,0,0,0,0,0,0,0,-187000,0,0,0,0,187000,-187000,-187000
2415,錩新            ,21000,209000,-188000,0,0,0,0,0,0,0,0,0,0,0,0,0,-188000
056101,光磊永豐98購01  ,0,0,0,0,0,0,0,0,0,-189000,0,0,0,42000,231000,-189000,-189000
046628,大立光統一98購01,0,0,0,0,0,0,0,0,0,-189000,0,0,0,116000,305000,-189000,-189000
062061,台勝科統一01購01,0,0,0,0,0,0,0,0,0,-189000,0,0,0,20000,209000,-189000,-189000
3049,和鑫            ,330000,486000,-156000,0,0,0,0,0,0,-34000,14000,0,14000,0,48000,-48000,-190000
047962,T50反1中信96購02,0,0,0,0,0,0,0,0,0,-190000,0,0,0,0,190000,-190000,-190000
060012,電子類群益99購02,0,0,0,0,0,0,0,0,0,-190000,0,0,0,0,190000,-190000,-190000
061165,美律兆豐9A購01  ,0,0,0,0,0,0,0,0,0,-190000,0,0,0,0,190000,-190000,-190000
4977,眾達-KY         ,235000,312000,-77000,0,0,0,0,66000,-66000,-48000,0,46000,-46000,0,2000,-2000,-191000
00668,國泰美國道瓊    ,0,0,0,0,0,0,0,0,0,-192000,0,0,0,322000,514000,-192000,-192000
056906,玉晶光元大9B購01,0,0,0,0,0,0,0,0,0,-192000,0,0,0,459000,651000,-192000,-192000
056397,彩晶永豐99購01  ,0,0,0,0,0,0,0,0,0,-192000,0,0,0,0,192000,-192000,-192000
3588,通嘉            ,146000,332000,-186000,0,0,0,0,0,0,-7000,0,7000,-7000,0,0,0,-193000
064358,台達電統一01購02,0,0,0,0,0,0,0,0,0,-193000,0,0,0,24000,217000,-193000,-193000
064214,群創凱基03購01  ,0,0,0,0,0,0,0,0,0,-193000,0,0,0,14000,207000,-193000,-193000
056905,欣興元大98購03  ,0,0,0,0,0,0,0,0,0,-193000,0,0,0,16000,209000,-193000,-193000
062264,南六元大9B購02  ,0,0,0,0,0,0,0,0,0,-193000,0,0,0,0,193000,-193000,-193000
063586,燿華永豐9B購02  ,0,0,0,0,0,0,0,0,0,-193000,0,0,0,20000,213000,-193000,-193000
063635,漢唐元大9B購04  ,0,0,0,0,0,0,0,0,0,-193000,0,0,0,200000,393000,-193000,-193000
05624P,同欣電中信98售01,0,0,0,0,0,0,0,0,0,-194000,0,0,0,0,194000,-194000,-194000
063314,美律群益9B購01  ,0,0,0,0,0,0,0,0,0,-194000,0,0,0,29000,223000,-194000,-194000
062309,燿華凱基9B購01  ,0,0,0,0,0,0,0,0,0,-194000,0,0,0,0,194000,-194000,-194000
061293,聯茂統一9A購01  ,0,0,0,0,0,0,0,0,0,-194000,0,0,0,64000,258000,-194000,-194000
062060,奇鋐統一9C購01  ,0,0,0,0,0,0,0,0,0,-195000,0,0,0,238000,433000,-195000,-195000
062032,崇越群益9B購01  ,0,0,0,0,0,0,0,0,0,-195000,0,0,0,8000,203000,-195000,-195000
062796,技嘉統一9C購01  ,0,0,0,0,0,0,0,0,0,-195000,0,0,0,65000,260000,-195000,-195000
064409,彩晶凱基04購01  ,0,0,0,0,0,0,0,0,0,-196000,0,0,0,32000,228000,-196000,-196000
08381P,台灣50群益9C售06,0,0,0,0,0,0,0,0,0,-196000,0,0,0,0,196000,-196000,-196000
056061,國泰金元大97購02,0,0,0,0,0,0,0,0,0,-196000,0,0,0,100000,296000,-196000,-196000
059833,緯穎康和99購01  ,0,0,0,0,0,0,0,0,0,-196000,0,0,0,14000,210000,-196000,-196000
060702,玉晶光國泰9C購02,0,0,0,0,0,0,0,0,0,-196000,0,0,0,64000,260000,-196000,-196000
063100,聚陽群益9C購02  ,0,0,0,0,0,0,0,0,0,-196000,0,0,0,130000,326000,-196000,-196000
064254,景碩台新9C購02  ,0,0,0,0,0,0,0,0,0,-197000,0,0,0,20000,217000,-197000,-197000
056465,臺股指凱基99購07,0,0,0,0,0,0,0,0,0,-197000,0,0,0,22000,219000,-197000,-197000
058337,日月光元富99購01,0,0,0,0,0,0,0,0,0,-197000,0,0,0,50000,247000,-197000,-197000
08057P,京鼎群益9B售01  ,0,0,0,0,0,0,0,0,0,-198000,0,0,0,0,198000,-198000,-198000
054466,欣興凱基97購03  ,0,0,0,0,0,0,0,0,0,-198000,0,0,0,0,198000,-198000,-198000
054819,裕民元大9A購01  ,0,0,0,0,0,0,0,0,0,-198000,0,0,0,134000,332000,-198000,-198000
06899P,嘉澤群益98售01  ,0,0,0,0,0,0,0,0,0,-199000,0,0,0,200000,399000,-199000,-199000
062533,嘉澤統一9C購01  ,0,0,0,0,0,0,0,0,0,-199000,0,0,0,66000,265000,-199000,-199000
064148,瑞昱統一02購01  ,0,0,0,0,0,0,0,0,0,-200000,0,0,0,0,200000,-200000,-200000
07674P,金融類元大9A售01,0,0,0,0,0,0,0,0,0,-200000,0,0,0,0,200000,-200000,-200000
07659P,中租凱基9A售02  ,0,0,0,0,0,0,0,0,0,-200000,0,0,0,0,200000,-200000,-200000
055598,欣興元大97購03  ,0,0,0,0,0,0,0,0,0,-200000,0,0,0,0,200000,-200000,-200000
055827,中石化元大98購01,0,0,0,0,0,0,0,0,0,-200000,0,0,0,300000,500000,-200000,-200000
055206,台虹中信97購01  ,0,0,0,0,0,0,0,0,0,-200000,0,0,0,0,200000,-200000,-200000
055218,彩晶凱基99購01  ,0,0,0,0,0,0,0,0,0,-200000,0,0,0,0,200000,-200000,-200000
055089,金寶群益98購01  ,0,0,0,0,0,0,0,0,0,-200000,0,0,0,0,200000,-200000,-200000
055976,台積電統一99購03,0,0,0,0,0,0,0,0,0,-200000,0,0,0,0,200000,-200000,-200000
059883,T50反1國票99購02,0,0,0,0,0,0,0,0,0,-200000,0,0,0,0,200000,-200000,-200000
059480,美律群益9A購01  ,0,0,0,0,0,0,0,0,0,-200000,0,0,0,143000,343000,-200000,-200000
056917,國巨兆豐98購03  ,0,0,0,0,0,0,0,0,0,-200000,0,0,0,0,200000,-200000,-200000
057007,奇力新中信98購04,0,0,0,0,0,0,0,0,0,-200000,0,0,0,0,200000,-200000,-200000
057142,力成兆豐98購01  ,0,0,0,0,0,0,0,0,0,-200000,0,0,0,0,200000,-200000,-200000
057030,滬深反元大9B購01,0,0,0,0,0,0,0,0,0,-200000,0,0,0,0,200000,-200000,-200000
063287,嘉澤元大9B購05  ,0,0,0,0,0,0,0,0,0,-200000,0,0,0,0,200000,-200000,-200000
064274,燿華元大9C購01  ,0,0,0,0,0,0,0,0,0,-201000,0,0,0,38000,239000,-201000,-201000
063786,瑞昱中信06購01  ,0,0,0,0,0,0,0,0,0,-201000,0,0,0,0,201000,-201000,-201000
056286,奇鋐永豐97購01  ,0,0,0,0,0,0,0,0,0,-201000,0,0,0,0,201000,-201000,-201000
057647,欣興元大98購10  ,0,0,0,0,0,0,0,0,0,-201000,0,0,0,32000,233000,-201000,-201000
4566,時碩工業        ,11000,212000,-201000,0,0,0,0,0,0,0,0,0,0,0,0,0,-201000
056265,國泰金統一97購01,0,0,0,0,0,0,0,0,0,-202000,0,0,0,0,202000,-202000,-202000
059018,滬深2X統一9A購01,0,0,0,0,0,0,0,0,0,-202000,0,0,0,0,202000,-202000,-202000
063470,泰鼎元大9B購03  ,0,0,0,0,0,0,0,0,0,-202000,0,0,0,44000,246000,-202000,-202000
062156,美律凱基9B購01  ,0,0,0,0,0,0,0,0,0,-202000,0,0,0,0,202000,-202000,-202000
062415,聯茂中信9C購01  ,0,0,0,0,0,0,0,0,0,-202000,0,0,0,0,202000,-202000,-202000
058495,元大金群益9B購01,0,0,0,0,0,0,0,0,0,-203000,0,0,0,49000,252000,-203000,-203000
058074,欣興凱基99購01  ,0,0,0,0,0,0,0,0,0,-204000,0,0,0,0,204000,-204000,-204000
061704,景碩國票9A購01  ,0,0,0,0,0,0,0,0,0,-204000,0,0,0,137000,341000,-204000,-204000
063600,燿華凱基9B購04  ,0,0,0,0,0,0,0,0,0,-204000,0,0,0,0,204000,-204000,-204000
062596,緯穎統一01購02  ,0,0,0,0,0,0,0,0,0,-204000,0,0,0,50000,254000,-204000,-204000
07677P,祥碩永豐9A售01  ,0,0,0,0,0,0,0,0,0,-205000,0,0,0,30000,235000,-205000,-205000
2329,華泰            ,283000,490000,-207000,0,0,0,0,0,0,2000,5000,2000,3000,0,1000,-1000,-205000
054770,健策國票98購01  ,0,0,0,0,0,0,0,0,0,-205000,0,0,0,158000,363000,-205000,-205000
063769,玉晶光國泰02購01,0,0,0,0,0,0,0,0,0,-205000,0,0,0,18000,223000,-205000,-205000
063280,燿華元大9B購05  ,0,0,0,0,0,0,0,0,0,-205000,0,0,0,65000,270000,-205000,-205000
053381,友達元大9A購02  ,0,0,0,0,0,0,0,0,0,-206000,0,0,0,0,206000,-206000,-206000
052658,友達元富9C購01  ,0,0,0,0,0,0,0,0,0,-206000,0,0,0,2000,208000,-206000,-206000
051382,玉晶光群益98購02,0,0,0,0,0,0,0,0,0,-207000,0,0,0,26000,233000,-207000,-207000
057567,嘉聯益富邦9A購01,0,0,0,0,0,0,0,0,0,-207000,0,0,0,108000,315000,-207000,-207000
064463,聯茂統一01購02  ,0,0,0,0,0,0,0,0,0,-208000,0,0,0,0,208000,-208000,-208000
063035,燿華凱基9B購02  ,0,0,0,0,0,0,0,0,0,-208000,0,0,0,1000,209000,-208000,-208000
5471,松翰            ,1315000,1522000,-207000,0,0,0,0,2000,-2000,1000,1000,0,1000,0,0,0,-208000
064055,台郡統一02購01  ,0,0,0,0,0,0,0,0,0,-209000,0,0,0,2000,211000,-209000,-209000
057508,康控國票99購03  ,0,0,0,0,0,0,0,0,0,-209000,0,0,0,11000,220000,-209000,-209000
056269,新日興統一98購01,0,0,0,0,0,0,0,0,0,-210000,0,0,0,0,210000,-210000,-210000
059855,緯穎永豐99購04  ,0,0,0,0,0,0,0,0,0,-210000,0,0,0,0,210000,-210000,-210000
057045,美律元大99購04  ,0,0,0,0,0,0,0,0,0,-210000,0,0,0,141000,351000,-210000,-210000
057075,嘉聯益永豐98購01,0,0,0,0,0,0,0,0,0,-210000,0,0,0,72000,282000,-210000,-210000
4725,信昌化          ,0,210000,-210000,0,0,0,0,0,0,0,0,0,0,0,0,0,-210000
3596,智易            ,340000,198000,142000,0,0,0,0,337000,-337000,-16000,0,3000,-3000,2000,15000,-13000,-211000
056844,欣興元富98購03  ,0,0,0,0,0,0,0,0,0,-211000,0,0,0,0,211000,-211000,-211000
055963,欣興元大97購04  ,0,0,0,0,0,0,0,0,0,-211000,0,0,0,48000,259000,-211000,-211000
03840P,台積電統一99售02,0,0,0,0,0,0,0,0,0,-211000,0,0,0,0,211000,-211000,-211000
06771P,台灣50中信02售01,0,0,0,0,0,0,0,0,0,-213000,0,0,0,100000,313000,-213000,-213000
07210P,智邦凱基99售03  ,0,0,0,0,0,0,0,0,0,-213000,0,0,0,107000,320000,-213000,-213000
062647,南電國泰9C購02  ,0,0,0,0,0,0,0,0,0,-213000,0,0,0,603000,816000,-213000,-213000
8021,尖點            ,189000,401000,-212000,0,0,0,0,0,0,-1000,1000,2000,-1000,0,0,0,-213000
1513,中興電          ,185000,414000,-229000,0,0,0,0,0,0,15000,9000,0,9000,6000,0,6000,-214000
056911,緯穎元大99購01  ,0,0,0,0,0,0,0,0,0,-214000,0,0,0,155000,369000,-214000,-214000
057569,光磊永豐98購03  ,0,0,0,0,0,0,0,0,0,-214000,0,0,0,99000,313000,-214000,-214000
062673,台新金中信03購01,0,0,0,0,0,0,0,0,0,-214000,0,0,0,105000,319000,-214000,-214000
062805,台勝科統一9C購01,0,0,0,0,0,0,0,0,0,-214000,0,0,0,0,214000,-214000,-214000
061170,南茂兆豐9B購01  ,0,0,0,0,0,0,0,0,0,-214000,0,0,0,0,214000,-214000,-214000
056177,嘉澤元富97購01  ,0,0,0,0,0,0,0,0,0,-215000,0,0,0,12000,227000,-215000,-215000
059101,康控統一9A購01  ,0,0,0,0,0,0,0,0,0,-215000,0,0,0,68000,283000,-215000,-215000
058019,美律凱基99購04  ,0,0,0,0,0,0,0,0,0,-215000,0,0,0,23000,238000,-215000,-215000
062751,華擎中信9C購01  ,0,0,0,0,0,0,0,0,0,-215000,0,0,0,145000,360000,-215000,-215000
063288,泰鼎元大9B購02  ,0,0,0,0,0,0,0,0,0,-215000,0,0,0,31000,246000,-215000,-215000
056245,嘉澤群益97購01  ,0,0,0,0,0,0,0,0,0,-216000,0,0,0,0,216000,-216000,-216000
061582,麗豐元大9A購01  ,0,0,0,0,0,0,0,0,0,-216000,0,0,0,191000,407000,-216000,-216000
057624,新日興國泰99購01,0,0,0,0,0,0,0,0,0,-217000,0,0,0,0,217000,-217000,-217000
063348,祥碩統一01購04  ,0,0,0,0,0,0,0,0,0,-217000,0,0,0,78000,295000,-217000,-217000
07563P,台灣50中信04售01,0,0,0,0,0,0,0,0,0,-218000,0,0,0,0,218000,-218000,-218000
055707,聯鈞永豐98購01  ,0,0,0,0,0,0,0,0,0,-218000,0,0,0,0,218000,-218000,-218000
063055,創意統一9B購02  ,0,0,0,0,0,0,0,0,0,-218000,0,0,0,53000,271000,-218000,-218000
062983,緯穎元富9B購01  ,0,0,0,0,0,0,0,0,0,-218000,0,0,0,25000,243000,-218000,-218000
064137,台泥統一02購01  ,0,0,0,0,0,0,0,0,0,-219000,0,0,0,0,219000,-219000,-219000
063465,友達元大9C購10  ,0,0,0,0,0,0,0,0,0,-219000,0,0,0,1000,220000,-219000,-219000
06864P,健策凱基98售01  ,0,0,0,0,0,0,0,0,0,-220000,0,0,0,100000,320000,-220000,-220000
08247P,台積電群益9C售06,0,0,0,0,0,0,0,0,0,-220000,0,0,0,0,220000,-220000,-220000
053821,群創群益98購08  ,0,0,0,0,0,0,0,0,0,-220000,0,0,0,80000,300000,-220000,-220000
061025,創意富邦9B購01  ,0,0,0,0,0,0,0,0,0,-220000,0,0,0,0,220000,-220000,-220000
061771,玉晶光元大9C購04,0,0,0,0,0,0,0,0,0,-220000,0,0,0,5000,225000,-220000,-220000
058445,旺宏富邦9C購01  ,0,0,0,0,0,0,0,0,0,-221000,0,0,0,110000,331000,-221000,-221000
062991,台光電群益9B購03,0,0,0,0,0,0,0,0,0,-221000,0,0,0,200000,421000,-221000,-221000
063910,漢唐凱基9C購01  ,0,0,0,0,0,0,0,0,0,-222000,0,0,0,8000,230000,-222000,-222000
063323,同欣電群益9B購03,0,0,0,0,0,0,0,0,0,-222000,0,0,0,721000,943000,-222000,-222000
064450,致茂統一01購01  ,0,0,0,0,0,0,0,0,0,-223000,0,0,0,3000,226000,-223000,-223000
057118,欣興日盛9A購01  ,0,0,0,0,0,0,0,0,0,-223000,0,0,0,10000,233000,-223000,-223000
061136,可成統一9A購01  ,0,0,0,0,0,0,0,0,0,-223000,0,0,0,0,223000,-223000,-223000
07048P,台積電中信03售01,0,0,0,0,0,0,0,0,0,-224000,0,0,0,1000,225000,-224000,-224000
064385,台積電富邦03購02,0,0,0,0,0,0,0,0,0,-224000,0,0,0,0,224000,-224000,-224000
059688,燿華永豐99購01  ,0,0,0,0,0,0,0,0,0,-224000,0,0,0,95000,319000,-224000,-224000
061923,友達凱基9B購04  ,0,0,0,0,0,0,0,0,0,-224000,0,0,0,92000,316000,-224000,-224000
05670P,台積電國票98售01,0,0,0,0,0,0,0,0,0,-225000,0,0,0,10000,235000,-225000,-225000
055668,欣興群益97購01  ,0,0,0,0,0,0,0,0,0,-226000,0,0,0,0,226000,-226000,-226000
057141,嘉聯益兆豐99購01,0,0,0,0,0,0,0,0,0,-226000,0,0,0,0,226000,-226000,-226000
061660,禾伸堂永豐9A購01,0,0,0,0,0,0,0,0,0,-226000,0,0,0,0,226000,-226000,-226000
063870,健策永豐01購01  ,0,0,0,0,0,0,0,0,0,-227000,0,0,0,101000,328000,-227000,-227000
057649,嘉聯益元大99購04,0,0,0,0,0,0,0,0,0,-227000,0,0,0,78000,305000,-227000,-227000
062363,燿華元大9B購03  ,0,0,0,0,0,0,0,0,0,-227000,0,0,0,105000,332000,-227000,-227000
07830P,牧德凱基9A售03  ,0,0,0,0,0,0,0,0,0,-228000,0,0,0,57000,285000,-228000,-228000
061606,景碩凱基9A購02  ,0,0,0,0,0,0,0,0,0,-228000,0,0,0,322000,550000,-228000,-228000
062733,巨大凱基9B購01  ,0,0,0,0,0,0,0,0,0,-228000,0,0,0,43000,271000,-228000,-228000
07251P,台灣50元富01售04,0,0,0,0,0,0,0,0,0,-229000,0,0,0,10000,239000,-229000,-229000
064412,緯穎凱基01購01  ,0,0,0,0,0,0,0,0,0,-230000,0,0,0,359000,589000,-230000,-230000
064330,燿華元大9C購02  ,0,0,0,0,0,0,0,0,0,-230000,0,0,0,0,230000,-230000,-230000
060792,信錦永豐9A購01  ,0,0,0,0,0,0,0,0,0,-230000,0,0,0,2000,232000,-230000,-230000
064208,智邦凱基02購01  ,0,0,0,0,0,0,0,0,0,-231000,0,0,0,86000,317000,-231000,-231000
056920,友達兆豐98購02  ,0,0,0,0,0,0,0,0,0,-231000,0,0,0,55000,286000,-231000,-231000
062816,華新科兆豐9B購01,0,0,0,0,0,0,0,0,0,-231000,0,0,0,0,231000,-231000,-231000
061157,聯鈞群益9A購02  ,0,0,0,0,0,0,0,0,0,-231000,0,0,0,18000,249000,-231000,-231000
5203,訊連            ,37000,267975,-230975,0,0,0,0,0,0,-1000,1000,0,1000,0,2000,-2000,-231975
064351,中租元大9C購01  ,0,0,0,0,0,0,0,0,0,-232000,0,0,0,0,232000,-232000,-232000
060915,旭富元大9A購01  ,0,0,0,0,0,0,0,0,0,-232000,0,0,0,199000,431000,-232000,-232000
060259,潤泰全凱基9C購01,0,0,0,0,0,0,0,0,0,-232000,0,0,0,0,232000,-232000,-232000
063484,達方元大9B購01  ,0,0,0,0,0,0,0,0,0,-232000,0,0,0,280000,512000,-232000,-232000
08094P,華新科元富9B售05,0,0,0,0,0,0,0,0,0,-233000,0,0,0,0,233000,-233000,-233000
055610,光磊國票98購01  ,0,0,0,0,0,0,0,0,0,-233000,0,0,0,2000,235000,-233000,-233000
058514,潤泰全元大99購01,0,0,0,0,0,0,0,0,0,-233000,0,0,0,72000,305000,-233000,-233000
2472,立隆電          ,132000,366000,-234000,0,0,0,0,0,0,0,4000,4000,0,0,0,0,-234000
062948,台積電富邦01購02,0,0,0,0,0,0,0,0,0,-234000,0,0,0,30000,264000,-234000,-234000
055022,精元國泰99購01  ,0,0,0,0,0,0,0,0,0,-235000,0,0,0,69000,304000,-235000,-235000
062527,美律統一01購01  ,0,0,0,0,0,0,0,0,0,-235000,0,0,0,88000,323000,-235000,-235000
6196,帆宣            ,219000,314000,-95000,0,0,0,5000,0,5000,-145000,2000,0,2000,11000,158000,-147000,-235000
2327,國巨            ,2562067,2930300,-368233,0,0,0,200000,80000,120000,13000,82000,128000,-46000,219000,160000,59000,-235233
057606,健策統一98購03  ,0,0,0,0,0,0,0,0,0,-237000,0,0,0,195000,432000,-237000,-237000
060363,美律元富9A購01  ,0,0,0,0,0,0,0,0,0,-237000,0,0,0,258000,495000,-237000,-237000
057479,致茂元大98購03  ,0,0,0,0,0,0,0,0,0,-237000,0,0,0,7000,244000,-237000,-237000
057455,景碩國泰99購01  ,0,0,0,0,0,0,0,0,0,-237000,0,0,0,91000,328000,-237000,-237000
058213,欣興群益99購01  ,0,0,0,0,0,0,0,0,0,-237000,0,0,0,43000,280000,-237000,-237000
055421,玉晶光永豐98購04,0,0,0,0,0,0,0,0,0,-238000,0,0,0,70000,308000,-238000,-238000
060677,京元電元大9A購04,0,0,0,0,0,0,0,0,0,-238000,0,0,0,101000,339000,-238000,-238000
055593,華新科元大97購10,0,0,0,0,0,0,0,0,0,-240000,0,0,0,0,240000,-240000,-240000
057578,可成中信99購01  ,0,0,0,0,0,0,0,0,0,-240000,0,0,0,103000,343000,-240000,-240000
063449,全新統一9B購02  ,0,0,0,0,0,0,0,0,0,-240000,0,0,0,87000,327000,-240000,-240000
063572,麗豐元大9B購01  ,0,0,0,0,0,0,0,0,0,-240000,0,0,0,67000,307000,-240000,-240000
4106,雃博            ,300000,542000,-242000,0,0,0,0,0,0,1000,1000,0,1000,0,0,0,-241000
07000P,T50反1元大99售03,0,0,0,0,0,0,0,0,0,-242000,0,0,0,160000,402000,-242000,-242000
056386,TPK國泰99購01   ,0,0,0,0,0,0,0,0,0,-242000,0,0,0,52000,294000,-242000,-242000
063388,台光電兆豐9C購01,0,0,0,0,0,0,0,0,0,-242000,0,0,0,248000,490000,-242000,-242000
056289,合勤控永豐97購01,0,0,0,0,0,0,0,0,0,-243000,0,0,0,105000,348000,-243000,-243000
059560,T50反1凱基99購08,0,0,0,0,0,0,0,0,0,-243000,0,0,0,78000,321000,-243000,-243000
060909,金像電元大9B購01,0,0,0,0,0,0,0,0,0,-243000,0,0,0,107000,350000,-243000,-243000
062986,T50反1中信02購01,0,0,0,0,0,0,0,0,0,-243000,0,0,0,10000,253000,-243000,-243000
061774,T50反1國票9B購06,0,0,0,0,0,0,0,0,0,-243000,0,0,0,188000,431000,-243000,-243000
4935,茂林-KY         ,141000,173000,-32000,0,0,0,149000,322000,-173000,-38000,1000,40000,-39000,6000,5000,1000,-243000
058023,南電凱基98購02  ,0,0,0,0,0,0,0,0,0,-244000,0,0,0,11000,255000,-244000,-244000
055442,矽創國票98購02  ,0,0,0,0,0,0,0,0,0,-245000,0,0,0,0,245000,-245000,-245000
048270,T50反1富邦99購01,0,0,0,0,0,0,0,0,0,-245000,0,0,0,10000,255000,-245000,-245000
060468,聯鈞元大9A購02  ,0,0,0,0,0,0,0,0,0,-245000,0,0,0,163000,408000,-245000,-245000
061373,華通富邦9A購02  ,0,0,0,0,0,0,0,0,0,-245000,0,0,0,283000,528000,-245000,-245000
063471,泰鼎元大9C購01  ,0,0,0,0,0,0,0,0,0,-245000,0,0,0,0,245000,-245000,-245000
058688,矽創凱基9A購01  ,0,0,0,0,0,0,0,0,0,-246000,0,0,0,0,246000,-246000,-246000
063428,矽創凱基9B購02  ,0,0,0,0,0,0,0,0,0,-246000,0,0,0,0,246000,-246000,-246000
064194,燿華群益9C購01  ,0,0,0,0,0,0,0,0,0,-247000,0,0,0,0,247000,-247000,-247000
057422,欣興凱基98購04  ,0,0,0,0,0,0,0,0,0,-247000,0,0,0,0,247000,-247000,-247000
063175,燿華兆豐9C購01  ,0,0,0,0,0,0,0,0,0,-247000,0,0,0,10000,257000,-247000,-247000
060204,矽創元富9A購01  ,0,0,0,0,0,0,0,0,0,-248000,0,0,0,106000,354000,-248000,-248000
2342,茂矽            ,397000,649000,-252000,0,0,0,0,0,0,3000,3000,0,3000,0,0,0,-249000
052853,友達日盛99購01  ,0,0,0,0,0,0,0,0,0,-249000,0,0,0,11000,260000,-249000,-249000
058615,矽創元大99購01  ,0,0,0,0,0,0,0,0,0,-249000,0,0,0,178000,427000,-249000,-249000
2332,友訊            ,3076000,3195000,-119000,0,0,0,0,0,0,-131000,143000,164000,-21000,124000,234000,-110000,-250000
063976,正崴兆豐9C購01  ,0,0,0,0,0,0,0,0,0,-250000,0,0,0,0,250000,-250000,-250000
056508,揚明光永豐98購01,0,0,0,0,0,0,0,0,0,-250000,0,0,0,0,250000,-250000,-250000
060918,康友國泰9C購01  ,0,0,0,0,0,0,0,0,0,-250000,0,0,0,96000,346000,-250000,-250000
057671,群創元大9B購06  ,0,0,0,0,0,0,0,0,0,-250000,0,0,0,10000,260000,-250000,-250000
9910,豐泰            ,662708,733000,-70292,0,0,0,0,122000,-122000,-58000,1000,59000,-58000,0,0,0,-250292
06859P,元金2X中信9C售01,0,0,0,0,0,0,0,0,0,-251000,0,0,0,0,251000,-251000,-251000
059607,台積電富邦9C購04,0,0,0,0,0,0,0,0,0,-251000,0,0,0,16000,267000,-251000,-251000
059914,台積電元大99購47,0,0,0,0,0,0,0,0,0,-251000,0,0,0,3000,254000,-251000,-251000
058515,健鼎元大99購01  ,0,0,0,0,0,0,0,0,0,-251000,0,0,0,50000,301000,-251000,-251000
062427,嘉澤統一01購01  ,0,0,0,0,0,0,0,0,0,-251000,0,0,0,15000,266000,-251000,-251000
063805,技嘉兆豐9C購01  ,0,0,0,0,0,0,0,0,0,-252000,0,0,0,85000,337000,-252000,-252000
3532,台勝科          ,532979,340000,192979,0,0,0,0,413000,-413000,-32000,5000,4000,1000,22000,55000,-33000,-252021
057633,緯穎永豐98購02  ,0,0,0,0,0,0,0,0,0,-253000,0,0,0,79000,332000,-253000,-253000
062589,友達統一9C購03  ,0,0,0,0,0,0,0,0,0,-254000,0,0,0,128000,382000,-254000,-254000
056579,麗豐元大99購01  ,0,0,0,0,0,0,0,0,0,-255000,0,0,0,262000,517000,-255000,-255000
057186,群創元大99購04  ,0,0,0,0,0,0,0,0,0,-255000,0,0,0,0,255000,-255000,-255000
063587,漢唐永豐9B購02  ,0,0,0,0,0,0,0,0,0,-255000,0,0,0,0,255000,-255000,-255000
06050P,玉晶光國票98售01,0,0,0,0,0,0,0,0,0,-256000,0,0,0,35000,291000,-256000,-256000
062143,大成鋼國票9B購01,0,0,0,0,0,0,0,0,0,-256000,0,0,0,44000,300000,-256000,-256000
061437,燿華凱基9A購01  ,0,0,0,0,0,0,0,0,0,-256000,0,0,0,20000,276000,-256000,-256000
5522,遠雄            ,207000,483000,-276000,0,0,0,0,0,0,20000,20000,0,20000,0,0,0,-256000
08077P,亞德客國票9B售02,0,0,0,0,0,0,0,0,0,-257000,0,0,0,50000,307000,-257000,-257000
063999,日月光兆豐9C購01,0,0,0,0,0,0,0,0,0,-257000,0,0,0,5000,262000,-257000,-257000
064235,美律統一9C購02  ,0,0,0,0,0,0,0,0,0,-257000,0,0,0,321000,578000,-257000,-257000
056786,亞光群益98購03  ,0,0,0,0,0,0,0,0,0,-257000,0,0,0,0,257000,-257000,-257000
057085,立積統一9B購02  ,0,0,0,0,0,0,0,0,0,-257000,0,0,0,480000,737000,-257000,-257000
058973,麗豐永豐99購01  ,0,0,0,0,0,0,0,0,0,-257000,0,0,0,45000,302000,-257000,-257000
2637,慧洋-KY         ,195000,417000,-222000,0,0,0,11000,0,11000,-47000,3000,50000,-47000,0,0,0,-258000
057960,聯鈞元大98購02  ,0,0,0,0,0,0,0,0,0,-258000,0,0,0,1000,259000,-258000,-258000
062649,緯穎富邦9B購03  ,0,0,0,0,0,0,0,0,0,-258000,0,0,0,16000,274000,-258000,-258000
056492,全新國泰9A購01  ,0,0,0,0,0,0,0,0,0,-260000,0,0,0,0,260000,-260000,-260000
060121,新光金富邦99購01,0,0,0,0,0,0,0,0,0,-262000,0,0,0,15000,277000,-262000,-262000
07071P,立積元富99售01  ,0,0,0,0,0,0,0,0,0,-263000,0,0,0,75000,338000,-263000,-263000
058082,美律群益98購05  ,0,0,0,0,0,0,0,0,0,-263000,0,0,0,0,263000,-263000,-263000
063137,瑞昱統一01購02  ,0,0,0,0,0,0,0,0,0,-263000,0,0,0,0,263000,-263000,-263000
08136P,祥碩國泰01售01  ,0,0,0,0,0,0,0,0,0,-264000,0,0,0,70000,334000,-264000,-264000
053082,聯電元大98購03  ,0,0,0,0,0,0,0,0,0,-264000,0,0,0,56000,320000,-264000,-264000
060933,南電永豐9A購02  ,0,0,0,0,0,0,0,0,0,-264000,0,0,0,0,264000,-264000,-264000
056459,茂林凱基99購01  ,0,0,0,0,0,0,0,0,0,-265000,0,0,0,45000,310000,-265000,-265000
054778,世紀鋼國票99購01,0,0,0,0,0,0,0,0,0,-265000,0,0,0,0,265000,-265000,-265000
059948,正文永豐99購01  ,0,0,0,0,0,0,0,0,0,-265000,0,0,0,0,265000,-265000,-265000
2929,淘帝-KY         ,215000,482000,-267000,0,0,0,0,0,0,1000,1000,0,1000,0,0,0,-266000
060422,台勝科永豐9A購01,0,0,0,0,0,0,0,0,0,-266000,0,0,0,84000,350000,-266000,-266000
1325,恆大            ,819000,1113000,-294000,0,0,0,62000,0,62000,-35000,14000,14000,0,0,35000,-35000,-267000
062546,新日興永豐9B購01,0,0,0,0,0,0,0,0,0,-267000,0,0,0,0,267000,-267000,-267000
06662P,玉晶光中信9A售01,0,0,0,0,0,0,0,0,0,-269000,0,0,0,235000,504000,-269000,-269000
056603,嘉聯益國泰9A購01,0,0,0,0,0,0,0,0,0,-269000,0,0,0,32000,301000,-269000,-269000
063091,聯電中信9B購01  ,0,0,0,0,0,0,0,0,0,-269000,0,0,0,121000,390000,-269000,-269000
07559P,祥碩元大9A售03  ,0,0,0,0,0,0,0,0,0,-270000,0,0,0,0,270000,-270000,-270000
3376,新日興          ,734000,939000,-205000,0,0,0,0,31000,-31000,-34000,14000,116000,-102000,102000,34000,68000,-270000
056119,欣興群益97購02  ,0,0,0,0,0,0,0,0,0,-270000,0,0,0,0,270000,-270000,-270000
03680C,臺股指凱基9A牛26,0,0,0,0,0,0,0,0,0,-270000,0,0,0,39000,309000,-270000,-270000
064186,燿華永豐9C購01  ,0,0,0,0,0,0,0,0,0,-271000,0,0,0,50000,321000,-271000,-271000
057184,群創元大98購05  ,0,0,0,0,0,0,0,0,0,-273000,0,0,0,0,273000,-273000,-273000
03447B,臺股指凱基9B熊16,0,0,0,0,0,0,0,0,0,-274000,0,0,0,124000,398000,-274000,-274000
063815,玉晶光群益02購01,0,0,0,0,0,0,0,0,0,-275000,0,0,0,14000,289000,-275000,-275000
053083,中環元大99購01  ,0,0,0,0,0,0,0,0,0,-277000,0,0,0,0,277000,-277000,-277000
2474,可成            ,2844056,3251000,-406944,0,0,0,84000,3000,81000,48000,71000,37000,34000,33000,19000,14000,-277944
061521,亞光兆豐9A購02  ,0,0,0,0,0,0,0,0,0,-278000,0,0,0,203000,481000,-278000,-278000
051979,群創凱基97購01  ,0,0,0,0,0,0,0,0,0,-279000,0,0,0,26000,305000,-279000,-279000
061265,富邦金凱基9B購01,0,0,0,0,0,0,0,0,0,-279000,0,0,0,20000,299000,-279000,-279000
063700,台積電群益9B購09,0,0,0,0,0,0,0,0,0,-279000,0,0,0,0,279000,-279000,-279000
063983,麗豐兆豐9C購01  ,0,0,0,0,0,0,0,0,0,-280000,0,0,0,0,280000,-280000,-280000
055648,可成元富97購01  ,0,0,0,0,0,0,0,0,0,-280000,0,0,0,100000,380000,-280000,-280000
058735,南茂永豐99購01  ,0,0,0,0,0,0,0,0,0,-280000,0,0,0,0,280000,-280000,-280000
064064,義隆富邦03購01  ,0,0,0,0,0,0,0,0,0,-281000,0,0,0,1010000,1291000,-281000,-281000
07407P,欣興凱基99售07  ,0,0,0,0,0,0,0,0,0,-281000,0,0,0,186000,467000,-281000,-281000
056571,燿華元大98購02  ,0,0,0,0,0,0,0,0,0,-281000,0,0,0,73000,354000,-281000,-281000
063506,嘉晶群益9B購01  ,0,0,0,0,0,0,0,0,0,-281000,0,0,0,421000,702000,-281000,-281000
07913P,友達元大01售01  ,0,0,0,0,0,0,0,0,0,-282000,0,0,0,12000,294000,-282000,-282000
00674R,元大S&P黃金反1  ,0,1000,-1000,0,0,0,0,0,0,-282000,0,0,0,86000,368000,-282000,-283000
063438,聚陽統一9C購01  ,0,0,0,0,0,0,0,0,0,-284000,0,0,0,15000,299000,-284000,-284000
2723,美食-KY         ,49000,222000,-173000,0,0,0,42000,46000,-4000,-108000,0,4000,-4000,3000,107000,-104000,-285000
2535,達欣工          ,289000,620000,-331000,0,0,0,0,0,0,46000,246000,200000,46000,0,0,0,-285000
064024,漢唐元大9C購01  ,0,0,0,0,0,0,0,0,0,-286000,0,0,0,23000,309000,-286000,-286000
03650C,T50反1元大98牛05,0,0,0,0,0,0,0,0,0,-286000,0,0,0,1000,287000,-286000,-286000
061247,玉晶光群益9A購09,0,0,0,0,0,0,0,0,0,-286000,0,0,0,13000,299000,-286000,-286000
064204,瑞儀兆豐01購01  ,0,0,0,0,0,0,0,0,0,-288000,0,0,0,88000,376000,-288000,-288000
07731P,臺股指凱基9A售28,0,0,0,0,0,0,0,0,0,-288000,0,0,0,59000,347000,-288000,-288000
053865,欣興元大97購02  ,0,0,0,0,0,0,0,0,0,-289000,0,0,0,46000,335000,-289000,-289000
6416,瑞祺電通        ,118000,246000,-128000,0,0,0,0,0,0,-161000,41000,67000,-26000,10000,145000,-135000,-289000
063959,GIS元大9C購02   ,0,0,0,0,0,0,0,0,0,-290000,0,0,0,0,290000,-290000,-290000
07263P,台積電元大99售37,0,0,0,0,0,0,0,0,0,-290000,0,0,0,30000,320000,-290000,-290000
061005,可成兆豐9A購01  ,0,0,0,0,0,0,0,0,0,-291000,0,0,0,74000,365000,-291000,-291000
057912,美律日盛99購01  ,0,0,0,0,0,0,0,0,0,-292000,0,0,0,233000,525000,-292000,-292000
9944,新麗            ,187000,480000,-293000,0,0,0,0,0,0,0,0,0,0,0,0,0,-293000
064370,聯茂統一02購01  ,0,0,0,0,0,0,0,0,0,-294000,0,0,0,0,294000,-294000,-294000
1526,日馳            ,333000,628000,-295000,0,0,0,0,0,0,1000,1000,0,1000,0,0,0,-294000
053396,漢唐中信9A購01  ,0,0,0,0,0,0,0,0,0,-294000,0,0,0,10000,304000,-294000,-294000
060243,潤泰全元大9C購02,0,0,0,0,0,0,0,0,0,-294000,0,0,0,100000,394000,-294000,-294000
060327,美律群益9A購02  ,0,0,0,0,0,0,0,0,0,-294000,0,0,0,189000,483000,-294000,-294000
062385,玉晶光國泰01購01,0,0,0,0,0,0,0,0,0,-294000,0,0,0,136000,430000,-294000,-294000
063147,東元元富9B購01  ,0,0,0,0,0,0,0,0,0,-294000,0,0,0,181000,475000,-294000,-294000
061869,智邦元大9B購01  ,0,0,0,0,0,0,0,0,0,-295000,0,0,0,106000,401000,-295000,-295000
055323,貿聯國票98購01  ,0,0,0,0,0,0,0,0,0,-296000,0,0,0,142000,438000,-296000,-296000
059662,旭富元大9C購01  ,0,0,0,0,0,0,0,0,0,-297000,0,0,0,21000,318000,-297000,-297000
053276,友達元大9C購01  ,0,0,0,0,0,0,0,0,0,-297000,0,0,0,97000,394000,-297000,-297000
06024P,台郡國票97售05  ,0,0,0,0,0,0,0,0,0,-297000,0,0,0,0,297000,-297000,-297000
064369,彩晶統一01購01  ,0,0,0,0,0,0,0,0,0,-298000,0,0,0,0,298000,-298000,-298000
059996,美律元富99購01  ,0,0,0,0,0,0,0,0,0,-298000,0,0,0,186000,484000,-298000,-298000
057616,聯電凱基99購01  ,0,30000,-30000,0,0,0,0,0,0,-269000,0,0,0,140000,409000,-269000,-299000
061974,光寶科元大9B購01,0,0,0,0,0,0,0,0,0,-299000,0,0,0,90000,389000,-299000,-299000
9136,巨騰-DR         ,273000,577000,-304000,0,0,0,0,0,0,5000,5000,0,5000,0,0,0,-299000
06479P,聯發科中信99售02,0,0,0,0,0,0,0,0,0,-300000,0,0,0,0,300000,-300000,-300000
03648C,T50反1元大96牛07,0,0,0,0,0,0,0,0,0,-300000,0,0,0,1000,301000,-300000,-300000
052122,新光金國票96購01,0,0,0,0,0,0,0,0,0,-300000,0,0,0,0,300000,-300000,-300000
056840,友達元富98購02  ,0,0,0,0,0,0,0,0,0,-300000,0,0,0,0,300000,-300000,-300000
058062,上銀中信98購01  ,0,0,0,0,0,0,0,0,0,-300000,0,0,0,0,300000,-300000,-300000
057110,立積群益98購01  ,0,0,0,0,0,0,0,0,0,-300000,0,0,0,0,300000,-300000,-300000
8028,昇陽半導體      ,296000,608000,-312000,0,0,0,0,0,0,12000,0,0,0,19000,7000,12000,-300000
1723,中碳            ,54000,355000,-301000,0,0,0,0,0,0,0,0,0,0,0,0,0,-301000
07876P,台灣50國泰01售01,0,0,0,0,0,0,0,0,0,-301000,0,0,0,0,301000,-301000,-301000
053485,矽創國票97購04  ,0,0,0,0,0,0,0,0,0,-301000,0,0,0,109000,410000,-301000,-301000
059090,台新金元大99購01,0,0,0,0,0,0,0,0,0,-301000,0,0,0,68000,369000,-301000,-301000
057940,和大國票99購01  ,0,0,0,0,0,0,0,0,0,-301000,0,0,0,152000,453000,-301000,-301000
062382,燿華國泰9C購01  ,0,0,0,0,0,0,0,0,0,-301000,0,0,0,5000,306000,-301000,-301000
055268,和大元大97購01  ,0,0,0,0,0,0,0,0,0,-302000,0,0,0,0,302000,-302000,-302000
6558,興能高          ,70000,374000,-304000,0,0,0,0,0,0,2000,2000,0,2000,0,0,0,-302000
060720,嘉聯益永豐9A購02,0,0,0,0,0,0,0,0,0,-303000,0,0,0,0,303000,-303000,-303000
064145,宏碁統一02購01  ,0,0,0,0,0,0,0,0,0,-304000,0,0,0,296000,600000,-304000,-304000
059139,全新兆豐9A購01  ,0,0,0,0,0,0,0,0,0,-304000,0,0,0,55000,359000,-304000,-304000
4961,天鈺            ,82000,388000,-306000,0,0,0,0,0,0,2000,2000,0,2000,0,0,0,-304000
057010,景碩中信98購01  ,0,0,0,0,0,0,0,0,0,-305000,0,0,0,65000,370000,-305000,-305000
056136,京鼎元大98購01  ,0,0,0,0,0,0,0,0,0,-306000,0,0,0,52000,358000,-306000,-306000
059944,欣興永豐99購03  ,0,0,0,0,0,0,0,0,0,-306000,0,0,0,36000,342000,-306000,-306000
063136,智邦統一9B購02  ,0,0,0,0,0,0,0,0,0,-306000,0,0,0,293000,599000,-306000,-306000
056113,新日興兆豐98購01,0,0,0,0,0,0,0,0,0,-308000,0,0,0,0,308000,-308000,-308000
062343,中石化群益9B購01,0,0,0,0,0,0,0,0,0,-308000,0,0,0,124000,432000,-308000,-308000
058901,美律元大99購07  ,0,0,0,0,0,0,0,0,0,-310000,0,0,0,116000,426000,-310000,-310000
062526,友達統一01購01  ,0,0,0,0,0,0,0,0,0,-312000,0,0,0,74000,386000,-312000,-312000
063296,可成麥證9B購01  ,0,0,0,0,316000,-316000,0,0,0,-312000,0,0,0,4000,316000,-312000,-312000
057206,立積元富98購01  ,0,0,0,0,0,0,0,0,0,-313000,0,0,0,76000,389000,-313000,-313000
062690,華擎統一9B購01  ,0,0,0,0,0,0,0,0,0,-313000,0,0,0,154000,467000,-313000,-313000
061723,嘉聯益永豐9A購03,0,0,0,0,0,0,0,0,0,-313000,0,0,0,40000,353000,-313000,-313000
063762,緯穎統一9C購01  ,0,0,0,0,0,0,0,0,0,-315000,0,0,0,0,315000,-315000,-315000
058429,欣興元富99購01  ,0,0,0,0,0,0,0,0,0,-317000,0,0,0,4000,321000,-317000,-317000
064257,台勝科國泰01購01,0,0,0,0,0,0,0,0,0,-318000,0,0,0,125000,443000,-318000,-318000
00686R,群益臺灣加權反1 ,0,0,0,0,0,0,0,0,0,-319000,0,0,0,73000,392000,-319000,-319000
058741,欣興日盛99購01  ,0,0,0,0,0,0,0,0,0,-320000,0,0,0,0,320000,-320000,-320000
061455,京元電凱基9B購01,0,0,0,0,0,0,0,0,0,-320000,0,0,0,0,320000,-320000,-320000
00683L,元大美元指數正2 ,0,0,0,0,0,0,0,0,0,-321000,0,0,0,1000,322000,-321000,-321000
2441,超豐            ,192000,441000,-249000,0,0,0,0,71000,-71000,-2000,0,2000,-2000,0,0,0,-322000
058611,欣興元大99購06  ,0,0,0,0,0,0,0,0,0,-322000,0,0,0,6000,328000,-322000,-322000
057096,緯穎元富98購01  ,0,0,0,0,0,0,0,0,0,-322000,0,0,0,11000,333000,-322000,-322000
6202,盛群            ,242000,564000,-322000,0,0,0,0,0,0,0,0,1000,-1000,1000,0,1000,-322000
062058,瑞昱統一01購01  ,0,0,0,0,0,0,0,0,0,-324000,0,0,0,25000,349000,-324000,-324000
053291,旺宏中信9A購01  ,0,0,0,0,0,0,0,0,0,-325000,0,0,0,0,325000,-325000,-325000
062701,漢唐元大9B購01  ,0,0,0,0,0,0,0,0,0,-326000,0,0,0,221000,547000,-326000,-326000
055433,嘉聯益群益99購01,0,0,0,0,0,0,0,0,0,-329000,0,0,0,0,329000,-329000,-329000
057453,矽創元富98購01  ,0,0,0,0,0,0,0,0,0,-329000,0,0,0,316000,645000,-329000,-329000
064290,GIS元大9C購04   ,0,0,0,0,0,0,0,0,0,-330000,0,0,0,0,330000,-330000,-330000
058546,玉晶光富邦9B購01,0,0,0,0,0,0,0,0,0,-330000,0,0,0,93000,423000,-330000,-330000
057987,大立光元富98購02,0,0,0,0,0,0,0,0,0,-330000,0,0,0,154000,484000,-330000,-330000
058540,嘉聯益國泰9A購02,0,0,0,0,0,0,0,0,0,-331000,0,0,0,0,331000,-331000,-331000
063691,聯鈞永豐9B購01  ,0,0,0,0,0,0,0,0,0,-331000,0,0,0,5000,336000,-331000,-331000
055801,景碩永豐97購02  ,0,0,0,0,0,0,0,0,0,-332000,0,0,0,104000,436000,-332000,-332000
053292,美律中信98購01  ,0,0,0,0,0,0,0,0,0,-332000,0,0,0,0,332000,-332000,-332000
061121,智邦永豐9A購02  ,0,0,0,0,0,0,0,0,0,-333000,0,0,0,37000,370000,-333000,-333000
064159,新日興統一01購02,0,0,0,0,0,0,0,0,0,-334000,0,0,0,0,334000,-334000,-334000
057626,技嘉富邦9A購01  ,0,0,0,0,0,0,0,0,0,-334000,0,0,0,30000,364000,-334000,-334000
060493,美律元富01購01  ,0,0,0,0,0,0,0,0,0,-334000,0,0,0,321000,655000,-334000,-334000
063701,燿華群益9B購02  ,0,0,0,0,0,0,0,0,0,-334000,0,0,0,135000,469000,-334000,-334000
3030,德律            ,395000,738000,-343000,0,0,0,0,0,0,8000,11000,3000,8000,0,0,0,-335000
057730,聯鈞國泰9A購01  ,0,0,0,0,0,0,0,0,0,-335000,0,0,0,320000,655000,-335000,-335000
062549,中租永豐9B購01  ,0,0,0,0,0,0,0,0,0,-335000,0,0,0,97000,432000,-335000,-335000
057082,玉晶光統一9A購04,0,0,0,0,0,0,0,0,0,-338000,0,0,0,137000,475000,-338000,-338000
057517,矽創元富98購02  ,0,0,0,0,0,0,0,0,0,-339000,0,0,0,108000,447000,-339000,-339000
063879,台積電元富9C購01,0,0,0,0,0,0,0,0,0,-340000,0,0,0,404000,744000,-340000,-340000
062279,晶豪科群益9B購01,0,0,0,0,0,0,0,0,0,-340000,0,0,0,140000,480000,-340000,-340000
062018,台勝科永豐9B購01,0,0,0,0,0,0,0,0,0,-341000,0,0,0,58000,399000,-341000,-341000
063773,可成富邦9C購01  ,0,0,0,0,0,0,0,0,0,-343000,0,0,0,271000,614000,-343000,-343000
062970,智邦元富9B購01  ,0,0,0,0,0,0,0,0,0,-344000,0,0,0,311000,655000,-344000,-344000
064181,景碩富邦9C購01  ,0,0,0,0,0,0,0,0,0,-346000,0,0,0,98000,444000,-346000,-346000
057231,美律凱基98購05  ,0,0,0,0,0,0,0,0,0,-346000,0,0,0,40000,386000,-346000,-346000
064157,健鼎統一01購02  ,0,0,0,0,0,0,0,0,0,-347000,0,0,0,0,347000,-347000,-347000
059643,日月光凱基99購02,0,0,0,0,0,0,0,0,0,-347000,0,0,0,14000,361000,-347000,-347000
06496P,台灣50日盛98售01,0,0,0,0,0,0,0,0,0,-350000,0,0,0,0,350000,-350000,-350000
063846,智邦元大9C購01  ,0,0,0,0,0,0,0,0,0,-352000,0,0,0,210000,562000,-352000,-352000
3698,隆達            ,626000,994000,-368000,0,0,0,0,0,0,16000,24000,18000,6000,10000,0,10000,-352000
2338,光罩            ,244000,387000,-143000,0,0,0,0,0,0,-209000,0,0,0,5000,214000,-209000,-352000
053537,玉晶光永豐98購02,0,0,0,0,0,0,0,0,0,-352000,0,0,0,10000,362000,-352000,-352000
063341,燿華統一9C購01  ,0,0,0,0,0,0,0,0,0,-352000,0,0,0,58000,410000,-352000,-352000
054546,玉晶光中信9B購01,0,0,0,0,0,0,0,0,0,-354000,0,0,0,2279000,2633000,-354000,-354000
3035,智原            ,1037000,1358000,-321000,0,0,0,0,1000,-1000,-33000,12000,20000,-8000,12000,37000,-25000,-355000
06824P,台灣50國票99售02,0,0,0,0,0,0,0,0,0,-356000,0,0,0,26000,382000,-356000,-356000
054827,宏全元大9A購01  ,0,0,0,0,0,0,0,0,0,-356000,0,0,0,116000,472000,-356000,-356000
064050,景碩統一01購01  ,0,0,0,0,0,0,0,0,0,-357000,0,0,0,411000,768000,-357000,-357000
2312,金寶            ,895000,1312000,-417000,0,0,0,0,0,0,59000,17000,0,17000,117000,75000,42000,-358000
056309,合勤控元大97購01,0,0,0,0,0,0,0,0,0,-358000,0,0,0,172000,530000,-358000,-358000
061732,智邦中信9B購01  ,0,0,0,0,0,0,0,0,0,-358000,0,0,0,0,358000,-358000,-358000
07852P,臺股指國票9A售13,0,0,0,0,0,0,0,0,0,-360000,0,0,0,0,360000,-360000,-360000
057719,欣興元富02購01  ,0,0,0,0,0,0,0,0,0,-362000,0,0,0,220000,582000,-362000,-362000
064496,聯發科元大9C購10,0,0,0,0,0,0,0,0,0,-363000,0,0,0,0,363000,-363000,-363000
057737,國巨富邦99購02  ,0,0,0,0,0,0,0,0,0,-363000,0,0,0,0,363000,-363000,-363000
06503P,臺股指中信9A售02,0,0,0,0,0,0,0,0,0,-365000,0,0,0,610000,975000,-365000,-365000
062456,台積電群益9B購05,0,0,0,0,0,0,0,0,0,-365000,0,0,0,267000,632000,-365000,-365000
061001,智邦兆豐9B購01  ,0,0,0,0,0,0,0,0,0,-367000,0,0,0,93000,460000,-367000,-367000
063227,祥碩群益9B購06  ,0,0,0,0,0,0,0,0,0,-367000,0,0,0,13000,380000,-367000,-367000
2393,億光            ,270000,610000,-340000,0,0,0,0,0,0,-28000,2000,8000,-6000,5000,27000,-22000,-368000
060763,聯鈞元大9A購03  ,0,0,0,0,0,0,0,0,0,-368000,0,0,0,38000,406000,-368000,-368000
060483,友達富邦9A購01  ,0,0,0,0,0,0,0,0,0,-368000,0,0,0,41000,409000,-368000,-368000
07025P,玉晶光凱基99售01,0,0,0,0,0,0,0,0,0,-369000,0,0,0,160000,529000,-369000,-369000
00717,富邦美國特別股  ,0,10000,-10000,0,0,0,0,0,0,-359813,0,0,0,424000,783813,-359813,-369813
057899,台積電永豐98購04,0,0,0,0,0,0,0,0,0,-371000,0,0,0,259000,630000,-371000,-371000
4956,光鋐            ,132000,507000,-375000,0,0,0,0,0,0,2000,2000,0,2000,0,0,0,-373000
3515,華擎            ,125000,420000,-295000,0,0,0,8000,54000,-46000,-33000,3000,18000,-15000,52000,70000,-18000,-374000
055496,高鐵元大97購02  ,0,0,0,0,0,0,0,0,0,-375000,0,0,0,52000,427000,-375000,-375000
057903,聯鈞永豐99購01  ,0,0,0,0,0,0,0,0,0,-375000,0,0,0,100000,475000,-375000,-375000
057743,華擎永豐98購03  ,0,0,0,0,0,0,0,0,0,-375000,0,0,0,25000,400000,-375000,-375000
055635,緯穎永豐97購01  ,0,0,0,0,0,0,0,0,0,-377000,0,0,0,0,377000,-377000,-377000
058137,玉晶光元大99購11,0,0,0,0,0,0,0,0,0,-377000,0,0,0,45000,422000,-377000,-377000
058908,貿聯元大99購03  ,0,0,0,0,0,0,0,0,0,-378000,0,0,0,195000,573000,-378000,-378000
060790,日月光富邦9A購01,0,0,0,0,0,0,0,0,0,-378000,0,0,0,45000,423000,-378000,-378000
6504,南六            ,128000,414000,-286000,0,0,0,21000,46000,-25000,-67000,0,62000,-62000,6000,11000,-5000,-378000
3023,信邦            ,292979,656425,-363446,0,0,0,0,10000,-10000,-8000,0,0,0,10000,18000,-8000,-381446
057553,景碩凱基98購03  ,0,0,0,0,0,0,0,0,0,-383000,0,0,0,64000,447000,-383000,-383000
063521,國巨凱基03購01  ,0,0,0,0,0,0,0,0,0,-383000,0,0,0,0,383000,-383000,-383000
8112,至上            ,250000,635000,-385000,0,0,0,0,0,0,2000,2000,0,2000,0,0,0,-383000
062882,新日興兆豐9C購01,0,0,0,0,0,0,0,0,0,-384000,0,0,0,128000,512000,-384000,-384000
060156,光磊永豐9A購01  ,0,0,0,0,0,0,0,0,0,-385000,0,0,0,29000,414000,-385000,-385000
057175,美律元大98購03  ,0,0,0,0,0,0,0,0,0,-385000,0,0,0,205000,590000,-385000,-385000
064057,緯穎統一02購01  ,0,0,0,0,0,0,0,0,0,-387000,0,0,0,406000,793000,-387000,-387000
058534,友達統一9B購01  ,0,0,0,0,0,0,0,0,0,-387000,0,0,0,7000,394000,-387000,-387000
054260,貿聯元大96購03  ,0,0,0,0,0,0,0,0,0,-388000,0,0,0,10000,398000,-388000,-388000
064202,景碩兆豐9C購01  ,0,0,0,0,0,0,0,0,0,-389000,0,0,0,352000,741000,-389000,-389000
062591,新日興統一9C購01,0,0,0,0,0,0,0,0,0,-391000,0,0,0,369000,760000,-391000,-391000
064333,義隆元大9C購02  ,0,0,0,0,0,0,0,0,0,-394000,0,0,0,21000,415000,-394000,-394000
053036,聯電凱基98購01  ,0,0,0,0,0,0,0,0,0,-394000,0,0,0,120000,514000,-394000,-394000
058898,台積電元大99購20,0,0,0,0,0,0,0,0,0,-394000,0,0,0,523000,917000,-394000,-394000
062814,台光電兆豐9B購01,0,0,0,0,0,0,0,0,0,-395000,0,0,0,61000,456000,-395000,-395000
052863,友達凱基98購02  ,0,0,0,0,0,0,0,0,0,-397000,0,0,0,1000,398000,-397000,-397000
5264,鎧勝-KY         ,500000,748000,-248000,0,0,0,0,135000,-135000,-14000,6000,0,6000,28000,48000,-20000,-397000
056392,玉晶光富邦9C購01,0,0,0,0,0,0,0,0,0,-398000,0,0,0,0,398000,-398000,-398000
1514,亞力            ,57000,452000,-395000,0,0,0,0,0,0,-4000,0,4000,-4000,0,0,0,-399000
061101,道瓊銀元大9A購02,0,0,0,0,0,0,0,0,0,-399000,0,0,0,47000,446000,-399000,-399000
07649P,金像電永豐9A售02,0,0,0,0,0,0,0,0,0,-400000,0,0,0,149000,549000,-400000,-400000
063931,牧德統一01購02  ,0,0,0,0,0,0,0,0,0,-400000,0,0,0,20000,420000,-400000,-400000
061356,南電元大9A購06  ,0,0,0,0,0,0,0,0,0,-402000,0,0,0,169000,571000,-402000,-402000
1736,喬山            ,242000,625000,-383000,0,0,0,0,0,0,-23000,0,0,0,26000,49000,-23000,-406000
049973,T50反1日盛9A購01,0,0,0,0,0,0,0,0,0,-406000,0,0,0,0,406000,-406000,-406000
06721P,臺股指中信9A售03,0,0,0,0,0,0,0,0,0,-407000,0,0,0,110000,517000,-407000,-407000
062807,和碩統一9B購01  ,0,0,0,0,0,0,0,0,0,-407000,0,0,0,187000,594000,-407000,-407000
047995,台達電元大96購01,0,0,0,0,0,0,0,0,0,-408000,0,0,0,25000,433000,-408000,-408000
1598,岱宇            ,334000,706000,-372000,0,0,0,0,0,0,-37000,1000,38000,-37000,0,0,0,-409000
064169,南電統一9C購01  ,0,0,0,0,0,0,0,0,0,-411000,0,0,0,58000,469000,-411000,-411000
1308,亞聚            ,341000,737000,-396000,0,0,0,0,0,0,-18000,8000,26000,-18000,0,0,0,-414000
061283,智邦統一9A購01  ,0,0,0,0,0,0,0,0,0,-414000,0,0,0,1057000,1471000,-414000,-414000
06702P,智邦元富98售01  ,0,0,0,0,0,0,0,0,0,-415000,0,0,0,0,415000,-415000,-415000
053337,聯電國票97購01  ,0,0,0,0,0,0,0,0,0,-415000,0,0,0,84000,499000,-415000,-415000
056130,新日興麥證97購01,0,0,0,0,415000,-415000,0,0,0,-415000,0,0,0,0,415000,-415000,-415000
064266,聯茂永豐9C購01  ,0,0,0,0,0,0,0,0,0,-416000,0,0,0,0,416000,-416000,-416000
055902,同欣電中信99購01,0,0,0,0,0,0,0,0,0,-420000,0,0,0,491000,911000,-420000,-420000
064356,矽創元大01購01  ,0,0,0,0,0,0,0,0,0,-421000,0,0,0,98000,519000,-421000,-421000
054795,合勤控群益98購01,0,0,0,0,0,0,0,0,0,-421000,0,0,0,0,421000,-421000,-421000
062604,東元凱基9B購01  ,0,0,0,0,0,0,0,0,0,-421000,0,0,0,89000,510000,-421000,-421000
064376,美律元富9C購01  ,0,0,0,0,0,0,0,0,0,-426000,0,0,0,9000,435000,-426000,-426000
053919,可成國票97購02  ,0,0,0,0,0,0,0,0,0,-429000,0,0,0,0,429000,-429000,-429000
058555,矽創永豐9A購01  ,0,0,0,0,0,0,0,0,0,-429000,0,0,0,81000,510000,-429000,-429000
058769,友達兆豐99購01  ,0,0,0,0,0,0,0,0,0,-430000,0,0,0,48000,478000,-430000,-430000
062327,燿華統一9B購02  ,0,0,0,0,0,0,0,0,0,-430000,0,0,0,64000,494000,-430000,-430000
056419,欣興元富98購02  ,0,0,0,0,0,0,0,0,0,-432000,0,0,0,36000,468000,-432000,-432000
053361,友達元富99購01  ,0,0,0,0,0,0,0,0,0,-434000,0,0,0,64000,498000,-434000,-434000
062496,矽創中信9B購01  ,0,0,0,0,0,0,0,0,0,-435000,0,0,0,204000,639000,-435000,-435000
061518,達方永豐9A購02  ,0,0,0,0,0,0,0,0,0,-435000,0,0,0,1000,436000,-435000,-435000
057106,美律群益98購03  ,0,0,0,0,0,0,0,0,0,-436000,0,0,0,0,436000,-436000,-436000
020015,統一MSCI美低波N ,0,0,0,0,0,0,0,0,0,-443000,0,0,0,10000,453000,-443000,-443000
1611,中電            ,291000,740000,-449000,0,0,0,0,0,0,0,0,0,0,0,0,0,-449000
2537,聯上發          ,63000,512000,-449000,0,0,0,0,0,0,0,0,0,0,0,0,0,-449000
052235,聯發科國票96購02,0,0,0,0,0,0,0,0,0,-449000,0,0,0,10000,459000,-449000,-449000
056564,亞光群益98購02  ,0,0,0,0,0,0,0,0,0,-450000,0,0,0,0,450000,-450000,-450000
063238,漢唐元大9B購02  ,0,0,0,0,0,0,0,0,0,-450000,0,0,0,57000,507000,-450000,-450000
060390,聯鈞群益9A購01  ,0,0,0,0,0,0,0,0,0,-451000,0,0,0,71000,522000,-451000,-451000
064168,南電統一01購01  ,0,0,0,0,0,0,0,0,0,-453000,0,0,0,30000,483000,-453000,-453000
064151,義隆統一01購01  ,0,0,0,0,0,0,0,0,0,-456000,0,0,0,65000,521000,-456000,-456000
063724,亞德客元大9B購03,0,0,0,0,0,0,0,0,0,-461000,0,0,0,250000,711000,-461000,-461000
055235,金寶台新98購01  ,0,0,0,0,0,0,0,0,0,-463000,0,0,0,0,463000,-463000,-463000
063788,矽創統一02購01  ,0,0,0,0,0,0,0,0,0,-464000,0,0,0,567000,1031000,-464000,-464000
063401,中租群益9B購03  ,0,0,0,0,0,0,0,0,0,-464000,0,0,0,24000,488000,-464000,-464000
064144,智邦統一01購02  ,0,0,0,0,0,0,0,0,0,-468000,0,0,0,18000,486000,-468000,-468000
063454,瑞儀統一9B購01  ,10000,0,10000,0,0,0,0,0,0,-480000,0,0,0,272000,752000,-480000,-470000
063219,友達群益9B購03  ,0,0,0,0,0,0,0,0,0,-471000,0,0,0,147000,618000,-471000,-471000
063054,健鼎統一01購01  ,0,0,0,0,0,0,0,0,0,-471000,0,0,0,138000,609000,-471000,-471000
07170P,臺股指國票99售07,0,0,0,0,0,0,0,0,0,-475000,0,0,0,175000,650000,-475000,-475000
9934,成霖            ,62000,539000,-477000,0,0,0,0,0,0,0,0,0,0,0,0,0,-477000
055929,聯發科群益97購05,0,0,0,0,0,0,0,0,0,-478000,0,0,0,6000,484000,-478000,-478000
058714,美律統一9B購01  ,0,0,0,0,0,0,0,0,0,-482000,0,0,0,595000,1077000,-482000,-482000
064307,聚陽群益9C購03  ,0,0,0,0,0,0,0,0,0,-483000,0,0,0,5000,488000,-483000,-483000
06696P,台灣50國票99售01,0,0,0,0,0,0,0,0,0,-484000,0,0,0,0,484000,-484000,-484000
00652,富邦印度        ,10000,155000,-145000,0,0,0,0,0,0,-339000,0,0,0,134000,473000,-339000,-484000
061197,矽創永豐9A購02  ,0,0,0,0,0,0,0,0,0,-485000,0,0,0,113000,598000,-485000,-485000
060239,國揚元大9C購01  ,0,0,0,0,0,0,0,0,0,-486000,0,0,0,118000,604000,-486000,-486000
9958,世紀鋼          ,634000,968000,-334000,0,0,0,3000,0,3000,-158000,50000,41000,9000,103000,270000,-167000,-489000
1310,台苯            ,213000,640000,-427000,0,0,0,0,0,0,-68000,1000,56000,-55000,0,13000,-13000,-495000
064386,友達富邦01購01  ,0,0,0,0,0,0,0,0,0,-497000,0,0,0,0,497000,-497000,-497000
058536,群創統一9B購01  ,0,0,0,0,0,0,0,0,0,-497000,0,0,0,34000,531000,-497000,-497000
056184,南亞科統一97購03,0,0,0,0,0,0,0,0,0,-499000,0,0,0,0,499000,-499000,-499000
059865,國巨凱基01購01  ,0,0,0,0,0,0,0,0,0,-500000,0,0,0,29000,529000,-500000,-500000
062230,緯穎統一01購01  ,0,0,0,0,0,0,0,0,0,-503000,0,0,0,623000,1126000,-503000,-503000
00738U,元大道瓊白銀    ,3000,15000,-12000,0,0,0,0,0,0,-492000,0,0,0,40000,532000,-492000,-504000
1217,愛之味          ,1019000,1525000,-506000,0,0,0,0,0,0,0,0,0,0,0,0,0,-506000
057788,嘉聯益國票99購01,0,0,0,0,0,0,0,0,0,-506000,0,0,0,40000,546000,-506000,-506000
064149,美律統一02購01  ,0,0,0,0,0,0,0,0,0,-510000,0,0,0,71000,581000,-510000,-510000
058776,台積電國票9A購03,0,0,0,0,0,0,0,0,0,-510000,0,0,0,488000,998000,-510000,-510000
2401,凌陽            ,346000,867000,-521000,0,0,0,0,0,0,9000,13000,4000,9000,0,0,0,-512000
061533,友達統一9C購02  ,0,0,0,0,0,0,0,0,0,-516000,0,0,0,17000,533000,-516000,-516000
061123,燿華永豐9A購01  ,0,0,0,0,0,0,0,0,0,-517000,0,0,0,0,517000,-517000,-517000
07771P,義隆國票9A售01  ,0,0,0,0,0,0,0,0,0,-520000,0,0,0,130000,650000,-520000,-520000
06619P,聯發科元大98售06,0,0,0,0,0,0,0,0,0,-520000,0,0,0,635000,1155000,-520000,-520000
063663,台光電統一9C購01,0,0,0,0,0,0,0,0,0,-525000,0,0,0,102000,627000,-525000,-525000
052113,漢唐中信98購01  ,0,0,0,0,0,0,0,0,0,-526000,0,0,0,35000,561000,-526000,-526000
064147,瑞昱統一01購04  ,0,0,0,0,0,0,0,0,0,-532000,0,0,0,29000,561000,-532000,-532000
4967,十銓            ,359000,893000,-534000,0,0,0,0,0,0,1000,1000,0,1000,0,0,0,-533000
054590,嘉聯益國泰98購01,0,0,0,0,0,0,0,0,0,-535000,0,0,0,0,535000,-535000,-535000
059695,聯鈞永豐99購02  ,0,0,0,0,0,0,0,0,0,-537000,0,0,0,18000,555000,-537000,-537000
058876,南電國票9A購02  ,0,0,0,0,0,0,0,0,0,-537000,0,0,0,28000,565000,-537000,-537000
063650,矽創元大9B購03  ,0,0,0,0,0,0,0,0,0,-537000,0,0,0,172000,709000,-537000,-537000
1802,台玻            ,1872000,2413000,-541000,0,0,0,0,0,0,3000,3000,0,3000,0,0,0,-538000
061348,聯鈞元大9A購05  ,0,0,0,0,0,0,0,0,0,-539000,0,0,0,46000,585000,-539000,-539000
06195P,台積電元富97售06,0,0,0,0,0,0,0,0,0,-541000,0,0,0,507000,1048000,-541000,-541000
057792,群創統一99購01  ,0,0,0,0,0,0,0,0,0,-543000,0,0,0,117000,660000,-543000,-543000
062593,健策統一9B購03  ,0,0,0,0,0,0,0,0,0,-551000,0,0,0,620000,1171000,-551000,-551000
2451,創見            ,256000,836000,-580000,0,0,0,7000,6000,1000,24000,81000,0,81000,0,57000,-57000,-555000
6288,聯嘉            ,112000,672000,-560000,0,0,0,0,0,0,4000,4000,0,4000,0,0,0,-556000
5388,中磊            ,154000,641000,-487000,0,0,0,0,0,0,-70000,6000,0,6000,4000,80000,-76000,-557000
058106,神達統一98購02  ,0,0,0,0,0,0,0,0,0,-564000,0,0,0,86000,650000,-564000,-564000
063809,矽創兆豐01購01  ,0,0,0,0,0,0,0,0,0,-569000,0,0,0,0,569000,-569000,-569000
064171,燿華元富9C購01  ,0,0,0,0,0,0,0,0,0,-578000,0,0,0,0,578000,-578000,-578000
3413,京鼎            ,277000,870000,-593000,0,0,0,0,0,0,12000,30000,10000,20000,22000,30000,-8000,-581000
4119,旭富            ,194000,639000,-445000,0,0,0,0,77000,-77000,-62000,1000,7000,-6000,0,56000,-56000,-584000
08300P,世芯國票01售01  ,0,0,0,0,0,0,0,0,0,-585000,0,0,0,54000,639000,-585000,-585000
064388,緯穎富邦9C購01  ,0,0,0,0,0,0,0,0,0,-593000,0,0,0,10000,603000,-593000,-593000
062486,瑞昱富邦9B購01  ,0,0,0,0,0,0,0,0,0,-593000,0,0,0,120000,713000,-593000,-593000
056710,漢唐永豐98購01  ,0,0,0,0,0,0,0,0,0,-594000,0,0,0,86000,680000,-594000,-594000
064096,台積電群益9C購07,0,0,0,0,0,0,0,0,0,-600000,0,0,0,380000,980000,-600000,-600000
061024,南電國泰9B購01  ,0,0,0,0,0,0,0,0,0,-600000,0,0,0,773000,1373000,-600000,-600000
062681,全新統一01購01  ,0,0,0,0,0,0,0,0,0,-600000,0,0,0,70000,670000,-600000,-600000
053178,南亞科統一98購01,0,0,0,0,0,0,0,0,0,-607000,0,0,0,0,607000,-607000,-607000
07478P,南電康和9A售02  ,0,0,0,0,0,0,0,0,0,-609000,0,0,0,15000,624000,-609000,-609000
057203,麗豐元富98購02  ,0,0,0,0,0,0,0,0,0,-611000,0,0,0,220000,831000,-611000,-611000
063818,矽創群益9C購01  ,0,0,0,0,0,0,0,0,0,-613000,0,0,0,254000,867000,-613000,-613000
056520,鴻海日盛99購01  ,0,0,0,0,0,0,0,0,0,-615000,0,0,0,36000,651000,-615000,-615000
6239,力成            ,1782935,1802000,-19065,0,0,0,0,513000,-513000,-84000,6000,11000,-5000,8000,87000,-79000,-616065
2548,華固            ,1832504,2288000,-455496,0,0,0,0,144000,-144000,-20000,26000,46000,-20000,0,0,0,-619496
4906,正文            ,276000,930000,-654000,0,0,0,0,0,0,33000,10000,0,10000,26000,3000,23000,-621000
063902,志超群益9C購01  ,0,0,0,0,0,0,0,0,0,-624000,0,0,0,473000,1097000,-624000,-624000
07861P,台灣50中信03售08,0,0,0,0,0,0,0,0,0,-627000,0,0,0,0,627000,-627000,-627000
061360,智邦兆豐9B購02  ,0,0,0,0,0,0,0,0,0,-627000,0,0,0,111000,738000,-627000,-627000
07648P,祥碩國票9B售01  ,0,0,0,0,0,0,0,0,0,-631000,0,0,0,0,631000,-631000,-631000
050392,群創統一96購01  ,0,0,0,0,0,0,0,0,0,-639000,0,0,0,271000,910000,-639000,-639000
059931,緯穎富邦9A購01  ,0,0,0,0,0,0,0,0,0,-643000,0,0,0,70000,713000,-643000,-643000
2504,國產            ,633000,821000,-188000,0,0,0,0,150000,-150000,-306000,1000,0,1000,129000,436000,-307000,-644000
062102,T50反1國票9B購07,0,0,0,0,0,0,0,0,0,-649000,0,0,0,0,649000,-649000,-649000
055894,欣興統一97購03  ,0,0,0,0,0,0,0,0,0,-658000,0,0,0,10000,668000,-658000,-658000
052602,聯電元大97購01  ,0,0,0,0,0,0,0,0,0,-659000,0,0,0,25000,684000,-659000,-659000
051847,香港反中信99購01,0,0,0,0,0,0,0,0,0,-664000,0,0,0,130000,794000,-664000,-664000
062219,燿華統一9B購01  ,0,0,0,0,0,0,0,0,0,-667000,0,0,0,19000,686000,-667000,-667000
2208,台船            ,116000,270000,-154000,0,0,0,0,514000,-514000,0,0,0,0,0,0,0,-668000
063864,健策富邦01購01  ,0,0,0,0,0,0,0,0,0,-668000,0,0,0,154000,822000,-668000,-668000
9919,康那香          ,1458000,1883000,-425000,0,0,0,0,0,0,-248000,0,150000,-150000,0,98000,-98000,-673000
060514,南電元大9A購02  ,0,0,0,0,0,0,0,0,0,-686000,0,0,0,79000,765000,-686000,-686000
1718,中纖            ,661000,1343000,-682000,0,0,0,0,0,0,-10000,1000,11000,-10000,0,0,0,-692000
052542,友達元富98購01  ,0,0,0,0,0,0,0,0,0,-693000,0,0,0,207000,900000,-693000,-693000
2355,敬鵬            ,292000,964000,-672000,0,0,0,0,0,0,-27000,15000,14000,1000,5000,33000,-28000,-699000
062012,燿華富邦9C購01  ,0,0,0,0,0,0,0,0,0,-706000,0,0,0,203000,909000,-706000,-706000
046942,友達元大99購01  ,0,0,0,0,0,0,0,0,0,-708000,0,0,0,255000,963000,-708000,-708000
06803P,臺股指群益98售09,0,0,0,0,0,0,0,0,0,-711000,0,0,0,17000,728000,-711000,-711000
07899P,和大凱基9B售01  ,0,0,0,0,0,0,0,0,0,-717000,0,0,0,57000,774000,-717000,-717000
2912,統一超          ,8744294,9428968,-684674,0,0,0,0,8000,-8000,-25000,0,25000,-25000,0,0,0,-717674
05644P,大立光中信9A售03,0,0,0,0,0,0,0,0,0,-720000,0,0,0,20000,740000,-720000,-720000
2478,大毅            ,312010,776000,-463990,0,0,0,0,0,0,-259000,7000,59000,-52000,5000,212000,-207000,-722990
061491,嘉聯益兆豐9B購01,0,0,0,0,0,0,0,0,0,-727000,0,0,0,110000,837000,-727000,-727000
064233,燿華統一9C購02  ,0,0,0,0,0,0,0,0,0,-730000,0,0,0,74000,804000,-730000,-730000
056994,緯穎兆豐98購02  ,0,0,0,0,0,0,0,0,0,-732000,0,0,0,82000,814000,-732000,-732000
064160,新日興統一01購03,0,0,0,0,0,0,0,0,0,-736000,0,0,0,0,736000,-736000,-736000
064318,彩晶群益9C購01  ,0,0,0,0,0,0,0,0,0,-746000,0,0,0,32000,778000,-746000,-746000
1304,台聚            ,475000,936000,-461000,0,0,0,0,0,0,-285000,15000,300000,-285000,0,0,0,-746000
07021P,台積電富邦9C售02,0,0,0,0,0,0,0,0,0,-762000,0,0,0,598000,1360000,-762000,-762000
059183,T50反1台新03購02,0,0,0,0,0,0,0,0,0,-762000,0,0,0,0,762000,-762000,-762000
064167,緯穎統一01購03  ,0,0,0,0,0,0,0,0,0,-764000,0,0,0,379000,1143000,-764000,-764000
064211,友達凱基02購01  ,0,0,0,0,0,0,0,0,0,-772000,0,0,0,0,772000,-772000,-772000
2402,毅嘉            ,853000,1624000,-771000,0,0,0,0,0,0,-6000,3000,9000,-6000,0,0,0,-777000
061699,燿華國票9A購01  ,0,0,0,0,0,0,0,0,0,-777000,0,0,0,51000,828000,-777000,-777000
3661,世芯-KY         ,455000,1150000,-695000,0,0,0,21000,76000,-55000,-33000,31000,17000,14000,8000,55000,-47000,-783000
064051,新日興統一01購01,0,0,0,0,0,0,0,0,0,-789000,0,0,0,15000,804000,-789000,-789000
050283,T50反1凱基9A購01,0,0,0,0,0,0,0,0,0,-792000,0,0,0,3000,795000,-792000,-792000
1314,中石化          ,2535000,2939000,-404000,0,0,0,0,4000,-4000,-387000,4000,2000,2000,28000,417000,-389000,-795000
056378,欣興元富98購01  ,0,0,0,0,0,0,0,0,0,-808000,0,0,0,51000,859000,-808000,-808000
3557,嘉威            ,291000,1103000,-812000,0,0,0,0,0,0,2000,2000,0,2000,0,0,0,-810000
2458,義隆            ,2443000,4198168,-1755168,0,0,0,970000,100000,870000,72000,243000,224000,19000,313000,260000,53000,-813168
2449,京元電子        ,1361000,2260000,-899000,0,0,0,200000,90000,110000,-28000,148000,87000,61000,36000,125000,-89000,-817000
03414B,臺股指凱基99熊01,21000,0,21000,0,0,0,0,0,0,-845000,0,0,0,437000,1282000,-845000,-824000
06878P,台灣50日盛9B售01,0,0,0,0,0,0,0,0,0,-841000,0,0,0,35000,876000,-841000,-841000
8213,志超            ,728000,1772000,-1044000,0,0,0,0,0,0,198000,28000,0,28000,187000,17000,170000,-846000
061587,美律富邦9A購02  ,0,0,0,0,0,0,0,0,0,-868000,0,0,0,0,868000,-868000,-868000
2049,上銀            ,1462351,2155000,-692649,0,0,0,0,106000,-106000,-75000,38000,147000,-109000,43000,9000,34000,-873649
1762,中化生          ,593000,1473000,-880000,0,0,0,0,0,0,-1000,0,1000,-1000,0,0,0,-881000
2456,奇力新          ,469000,203000,266000,0,0,0,0,1114000,-1114000,-33000,8000,15000,-7000,25000,51000,-26000,-881000
061132,志超永豐9A購01  ,0,0,0,0,0,0,0,0,0,-888000,0,0,0,100000,988000,-888000,-888000
06701P,臺股指統一99售06,0,0,0,0,0,0,0,0,0,-891000,0,0,0,327000,1218000,-891000,-891000
061212,聯鈞元大9A購04  ,0,0,0,0,0,0,0,0,0,-892000,0,0,0,20000,912000,-892000,-892000
6456,GIS-KY          ,1056000,867000,189000,0,0,0,161000,1162000,-1001000,-80000,32000,52000,-20000,26000,86000,-60000,-892000
07505P,台勝科元大9A售01,0,0,0,0,0,0,0,0,0,-893000,0,0,0,483000,1376000,-893000,-893000
058645,康控富邦01購01  ,0,0,0,0,0,0,0,0,0,-893000,0,0,0,14000,907000,-893000,-893000
08006P,長榮航中信03售01,0,0,0,0,0,0,0,0,0,-894000,0,0,0,0,894000,-894000,-894000
1760,寶齡富錦        ,528000,921000,-393000,0,0,0,0,502000,-502000,-8000,0,8000,-8000,0,0,0,-903000
6251,定穎            ,312000,1119000,-807000,0,0,0,0,0,0,-97000,3000,0,3000,0,100000,-100000,-904000
06901P,亞德客凱基98售02,0,0,0,0,0,0,0,0,0,-921000,0,0,0,0,921000,-921000,-921000
06982P,義隆凱基99售02  ,0,0,0,0,0,0,0,0,0,-955000,0,0,0,499000,1454000,-955000,-955000
062798,台光電統一9B購01,0,0,0,0,0,0,0,0,0,-956000,0,0,0,381000,1337000,-956000,-956000
054666,強茂元富97購01  ,0,0,0,0,0,0,0,0,0,-998000,0,0,0,0,998000,-998000,-998000
911622,泰聚亨-DR       ,0,0,0,0,0,0,0,0,0,-1010000,0,1010000,-1010000,0,0,0,-1010000
06852P,臺股指元大98售11,0,0,0,0,0,0,0,0,0,-1015000,0,0,0,347000,1362000,-1015000,-1015000
2347,聯強            ,2418258,3170000,-751742,0,0,0,281000,25000,256000,-523000,22000,428000,-406000,0,117000,-117000,-1018742
07999P,台達電凱基9B售02,0,0,0,0,0,0,0,0,0,-1027000,0,0,0,41000,1068000,-1027000,-1027000
3052,夆典            ,259000,1301000,-1042000,0,0,0,0,0,0,0,0,0,0,0,0,0,-1042000
2002,中鋼            ,10285799,11410000,-1124201,0,0,0,0,56000,-56000,136000,140000,0,140000,0,4000,-4000,-1044201
8163,達方            ,248000,1371000,-1123000,0,0,0,0,1000,-1000,76000,17000,4000,13000,69000,6000,63000,-1048000
056420,台表科元富98購01,0,0,0,0,0,0,0,0,0,-1053000,0,0,0,276000,1329000,-1053000,-1053000
08130P,義隆元大9B售05  ,0,0,0,0,0,0,0,0,0,-1056000,0,0,0,116000,1172000,-1056000,-1056000
1216,統一            ,8035283,9008000,-972717,0,0,0,0,95000,-95000,-33000,3000,2000,1000,29000,63000,-34000,-1100717
00655L,國泰中國A50正2  ,11000,164000,-153000,0,0,0,0,0,0,-954300,0,0,0,1154000,2108300,-954300,-1107300
2498,宏達電          ,1101000,2162000,-1061000,0,0,0,0,13000,-13000,-48000,13000,14000,-1000,27000,74000,-47000,-1122000
061550,聯鈞群益9A購03  ,0,0,0,0,0,0,0,0,0,-1131000,0,0,0,224000,1355000,-1131000,-1131000
057442,玉晶光統一98購03,0,0,0,0,0,0,0,0,0,-1137000,0,0,0,12000,1149000,-1137000,-1137000
058734,康友永豐99購01  ,0,0,0,0,0,0,0,0,0,-1142000,0,0,0,0,1142000,-1142000,-1142000
05722P,玉晶光國票97售03,0,0,0,0,0,0,0,0,0,-1150000,0,0,0,673000,1823000,-1150000,-1150000
2363,矽統            ,1425000,2581000,-1156000,0,0,0,0,0,0,5000,5000,0,5000,0,0,0,-1151000
062854,日電貿永豐9B購01,0,0,0,0,0,0,0,0,0,-1152000,0,0,0,0,1152000,-1152000,-1152000
064406,健策凱基03購01  ,0,0,0,0,0,0,0,0,0,-1175000,0,0,0,170000,1345000,-1175000,-1175000
3005,神基            ,341000,1021000,-680000,0,0,0,0,406000,-406000,-102000,14000,6000,8000,11000,121000,-110000,-1188000
062165,聯茂國泰01購01  ,0,0,0,0,0,0,0,0,0,-1205000,0,0,0,263000,1468000,-1205000,-1205000
060047,道瓊反凱基99購01,0,0,0,0,0,0,0,0,0,-1253000,0,0,0,499000,1752000,-1253000,-1253000
00680L,元大美債20正2   ,4000,232000,-228000,0,0,0,0,0,0,-1088000,0,0,0,102000,1190000,-1088000,-1316000
063051,仁寶統一01購01  ,0,0,0,0,0,0,0,0,0,-1323000,0,0,0,12000,1335000,-1323000,-1323000
061154,可成群益9B購04  ,0,0,0,0,0,0,0,0,0,-1365000,0,0,0,54000,1419000,-1365000,-1365000
1536,和大            ,285531,1670000,-1384469,0,0,0,3000,0,3000,-115000,15000,6000,9000,30000,154000,-124000,-1496469
2492,華新科          ,880693,2009000,-1128307,0,0,0,0,190000,-190000,-204000,7000,5000,2000,62000,268000,-206000,-1522307
06668P,祥碩凱基98售02  ,0,0,0,0,0,0,0,0,0,-1523000,0,0,0,0,1523000,-1523000,-1523000
00671R,富邦NASDAQ反1   ,0,120000,-120000,0,0,0,0,0,0,-1410000,0,0,0,863000,2273000,-1410000,-1530000
2390,云辰            ,166000,1702000,-1536000,0,0,0,0,0,0,0,0,0,0,0,0,0,-1536000
00693U,街口S&P黃豆     ,3000,291000,-288000,0,0,0,0,0,0,-1285000,0,0,0,133000,1418000,-1285000,-1573000
4915,致伸            ,865000,2319997,-1454997,0,0,0,0,0,0,-133000,0,2000,-2000,192000,323000,-131000,-1587997
2382,廣達            ,6813834,8711399,-1897565,0,0,0,0,75000,-75000,364000,529000,80000,449000,3000,88000,-85000,-1608565
2606,裕民            ,809000,2450000,-1641000,0,0,0,0,1000,-1000,-37000,1000,38000,-37000,0,0,0,-1679000
1102,亞泥            ,3309885,4352522,-1042637,0,0,0,0,417000,-417000,-236000,16000,51000,-35000,0,201000,-201000,-1695637
4968,立積            ,608000,1859000,-1251000,0,0,0,15000,160000,-145000,-346000,8000,275000,-267000,25000,104000,-79000,-1742000
3019,亞光            ,747000,2487000,-1740000,0,0,0,0,0,0,-14000,162000,224000,-62000,80000,32000,48000,-1754000
1904,正隆            ,538000,1658000,-1120000,0,0,0,0,400000,-400000,-322000,1000,178000,-177000,0,145000,-145000,-1842000
00664R,國泰臺灣加權反1 ,0,0,0,0,0,0,0,0,0,-1875000,0,0,0,244000,2119000,-1875000,-1875000
2542,興富發          ,1622920,3531000,-1908080,0,0,0,0,0,0,6000,26000,20000,6000,0,0,0,-1902080
1312,國喬            ,270000,2210000,-1940000,0,0,0,0,0,0,16000,1000,8000,-7000,26000,3000,23000,-1924000
2352,佳世達          ,1072000,3201000,-2129000,0,0,0,0,27000,-27000,230000,238000,22000,216000,20000,6000,14000,-1926000
1605,華新            ,2426000,3590000,-1164000,0,0,0,0,2000,-2000,-840000,35000,259000,-224000,30000,646000,-616000,-2006000
060336,南電康和9A購01  ,0,0,0,0,0,0,0,0,0,-2061000,0,0,0,74000,2135000,-2061000,-2061000
2344,華邦電          ,4509848,5860000,-1350152,0,0,0,0,57000,-57000,-675000,73000,204000,-131000,102000,646000,-544000,-2082152
058725,美律富邦9A購01  ,0,0,0,0,0,0,0,0,0,-2128000,0,0,0,1000,2129000,-2128000,-2128000
3044,健鼎            ,1277000,3318000,-2041000,0,0,0,0,280000,-280000,88000,75000,11000,64000,30000,6000,24000,-2233000
00633L,富邦上証正2     ,538000,2208000,-1670000,0,0,0,0,0,0,-622000,0,0,0,2092000,2714000,-622000,-2292000
2104,國際中橡        ,831000,3264000,-2433000,0,0,0,0,0,0,2000,1000,0,1000,1000,0,1000,-2431000
2387,精元            ,804000,3238000,-2434000,0,0,0,0,0,0,-101000,144000,10000,134000,53000,288000,-235000,-2535000
1909,榮成            ,6359000,9609000,-3250000,0,0,0,0,0,0,638000,701000,63000,638000,0,0,0,-2612000
058153,景碩統一9B購01  ,0,0,0,0,0,0,0,0,0,-2655000,0,0,0,214000,2869000,-2655000,-2655000
9938,百和            ,181000,2007000,-1826000,0,0,0,17000,436000,-419000,-478000,12000,114000,-102000,47000,423000,-376000,-2723000
00676R,富邦臺灣加權反1 ,0,0,0,0,0,0,0,0,0,-2738000,0,0,0,416000,3154000,-2738000,-2738000
2376,技嘉            ,1387000,3920000,-2533000,0,0,0,236000,564000,-328000,-19000,31000,29000,2000,144000,165000,-21000,-2880000
3706,神達            ,2637000,5099000,-2462000,0,0,0,0,15000,-15000,-541000,53000,137000,-84000,79000,536000,-457000,-3018000
2027,大成鋼          ,1279000,3558000,-2279000,0,0,0,0,0,0,-798000,16000,26000,-10000,14000,802000,-788000,-3077000
6116,彩晶            ,4394000,8294000,-3900000,0,0,0,0,0,0,97000,135000,44000,91000,802000,796000,6000,-3803000
063698,上銀群益9B購05  ,0,0,0,0,0,0,0,0,0,-3941000,0,0,0,0,3941000,-3941000,-3941000
00712,FH富時不動產    ,124000,124000,0,0,0,0,0,0,0,-4495000,0,0,0,159000,4654000,-4495000,-4495000
00653L,富邦印度正2     ,3128000,4772000,-1644000,0,0,0,0,0,0,-3031345,0,0,0,3859000,6890345,-3031345,-4675345
2368,金像電          ,3134000,3641000,-507000,0,0,0,0,2018000,-2018000,-2310000,403000,2336000,-1933000,45000,422000,-377000,-4835000
4142,國光生          ,1594000,3747000,-2153000,0,0,0,0,0,0,-2824000,0,0,0,10000,2834000,-2824000,-4977000
2337,旺宏            ,1692000,7155000,-5463000,0,0,0,0,366000,-366000,-23000,281000,212000,69000,82000,174000,-92000,-5852000
00852L,國泰美國道瓊正2 ,0,1169000,-1169000,0,0,0,0,0,0,-8696000,200000,0,200000,2719000,11615000,-8896000,-9865000
2890,永豐金          ,12170877,25311989,-13141112,0,0,0,0,45000,-45000,1171000,763000,6000,757000,414000,0,414000,-12015112
2885,元大金          ,12124313,24647000,-12522687,0,0,0,0,47000,-47000,-76000,37000,104000,-67000,0,9000,-9000,-12645687
2303,聯電            ,20942849,33305000,-12362151,0,0,0,0,1817000,-1817000,342000,602000,296000,306000,120000,84000,36000,-13837151
00637L,元大滬深300正2  ,3017000,9080000,-6063000,0,0,0,0,0,0,-9239000,0,0,0,7991000,17230000,-9239000,-15302000
00632R,元大台灣50反1   ,5129000,2115000,3014000,0,0,0,0,0,0,-56058000,101000,2680000,-2579000,11297000,64776000,-53479000,-53044000
