證券代號,證券名稱,外陸資買進股數(不含外資自營商),外陸資賣出股數(不含外資自營商),外陸資買賣超股數(不含外資自營商),外資自營商買進股數,外資自營商賣出股數,外資自營商買賣超股數,投信買進股數,投信賣出股數,投信買賣超股數,自營商買賣超股數,自營商買進股數(自行買賣),自營商賣出股數(自行買賣),自營商買賣超股數(自行買賣),自營商買進股數(避險),自營商賣出股數(避險),自營商買賣超股數(避險),三大法人買賣超股數
00632R,元大台灣50反1   ,78867000,400000,78467000,0,0,0,0,0,0,-60426000,2376000,3009000,-633000,24758000,84551000,-59793000,18041000
2409,友達            ,37593000,21906000,15687000,0,0,0,3098000,250000,2848000,-622000,2822000,386000,2436000,1573000,4631000,-3058000,17913000
2888,新光金          ,24537398,7133250,17404148,0,0,0,0,131000,-131000,-474000,175000,460000,-285000,860000,1049000,-189000,16799148
2330,台積電          ,32851218,21180353,11670865,0,0,0,1823000,251000,1572000,-94000,139000,476000,-337000,464000,221000,243000,13148865
1605,華新            ,16312000,4475000,11837000,0,0,0,0,0,0,595000,543000,140000,403000,412000,220000,192000,12432000
2891,中信金          ,15608000,5312124,10295876,0,0,0,1349000,437000,912000,-3000,12000,8000,4000,0,7000,-7000,11204876
00637L,元大滬深300正2  ,18358000,8384000,9974000,0,0,0,0,0,0,846000,900000,0,900000,26254000,26308000,-54000,10820000
00677U,富邦VIX         ,13056000,6571000,6485000,0,0,0,0,0,0,2676000,0,5000,-5000,16949000,14268000,2681000,9161000
3231,緯創            ,8617100,3683519,4933581,0,0,0,2823000,52918,2770082,498000,322000,4000,318000,239000,59000,180000,8201663
2883,開發金          ,11951000,4969380,6981620,0,0,0,0,157000,-157000,949000,208000,36000,172000,896000,119000,777000,7773620
2317,鴻海            ,15242000,11653252,3588748,0,0,0,2790000,134000,2656000,1013000,289000,76000,213000,1228000,428000,800000,7257748
2637,慧洋-KY         ,3074000,499000,2575000,0,0,0,0,0,0,4589000,4000,666000,-662000,5251000,0,5251000,7164000
00861,元大全球未來通訊,30000,0,30000,0,0,0,0,0,0,6991000,0,0,0,7091000,100000,6991000,7021000
2887,台新金          ,10387000,3725330,6661670,0,0,0,0,114000,-114000,108000,16000,14000,2000,108000,2000,106000,6655670
2002,中鋼            ,11846000,5123295,6722705,0,0,0,0,139000,-139000,68000,67000,1000,66000,2000,0,2000,6651705
2881,富邦金          ,9492600,3134909,6357691,0,0,0,0,84000,-84000,257000,105000,2000,103000,178000,24000,154000,6530691
2882,國泰金          ,10602000,4256558,6345442,0,0,0,0,93000,-93000,110000,0,5000,-5000,202000,87000,115000,6362442
5880,合庫金          ,11700000,5303892,6396108,0,0,0,0,105000,-105000,16000,25000,8000,17000,0,1000,-1000,6307108
2324,仁寶            ,10973000,5719858,5253142,0,0,0,145000,35000,110000,700000,505000,0,505000,470000,275000,195000,6063142
2313,華通            ,5274000,2563000,2711000,0,0,0,1210000,0,1210000,1700000,1710000,362000,1348000,670000,318000,352000,5621000
2801,彰銀            ,5089200,3797492,1291708,0,0,0,0,70000,-70000,3706000,1000,30000,-29000,3753000,18000,3735000,4927708
2201,裕隆            ,7158000,5194000,1964000,0,0,0,933000,0,933000,1969000,894000,53000,841000,1419000,291000,1128000,4866000
1402,遠東新          ,5063000,1322000,3741000,0,0,0,336000,44000,292000,394000,215000,14000,201000,254000,61000,193000,4427000
0050,元大台灣50      ,4757000,519080,4237920,0,0,0,0,60000,-60000,125000,332000,50000,282000,2879000,3036000,-157000,4302920
1303,南亞            ,5776000,1038000,4738000,0,0,0,0,564000,-564000,4000,12000,8000,4000,0,0,0,4178000
9904,寶成            ,7297000,3484262,3812738,0,0,0,0,29000,-29000,-109000,207000,210000,-3000,80000,186000,-106000,3674738
2344,華邦電          ,16917000,13965000,2952000,0,0,0,0,0,0,715000,384000,316000,68000,1040000,393000,647000,3667000
2356,英業達          ,5210000,2401653,2808347,0,0,0,990000,59548,930452,-127000,17000,0,17000,28000,172000,-144000,3611799
2308,台達電          ,5386069,2078983,3307086,0,0,0,197000,24000,173000,87000,352000,282000,70000,32000,15000,17000,3567086
2886,兆豐金          ,11038000,7846472,3191528,0,0,0,444000,122000,322000,-40000,17000,1000,16000,0,56000,-56000,3473528
2809,京城銀          ,4443000,1223000,3220000,0,0,0,0,0,0,249000,252000,3000,249000,0,0,0,3469000
2892,第一金          ,11581495,8077716,3503779,0,0,0,0,111160,-111160,6000,17000,11000,6000,0,0,0,3398619
00852L,國泰美國道瓊正2 ,90000,30000,60000,0,0,0,0,0,0,3001000,1000000,0,1000000,6797000,4796000,2001000,3061000
2633,台灣高鐵        ,3638000,631000,3007000,0,0,0,241000,24000,217000,-524000,797000,970000,-173000,185000,536000,-351000,2700000
1477,聚陽            ,2833000,877000,1956000,0,0,0,320000,0,320000,395000,240000,13000,227000,205000,37000,168000,2671000
2610,華航            ,6314000,3267891,3046109,0,0,0,0,21000,-21000,-458000,28000,3000,25000,0,483000,-483000,2567109
1101,台泥            ,6213000,3694848,2518152,0,0,0,321000,185000,136000,-98000,4000,110000,-106000,68000,60000,8000,2556152
5876,上海商銀        ,3618000,1158000,2460000,0,0,0,0,9000,-9000,93000,9000,2000,7000,118000,32000,86000,2544000
063225,茂林群益9B購04  ,0,0,0,0,0,0,0,0,0,2521000,0,0,0,2611000,90000,2521000,2521000
1314,中石化          ,5552300,4765000,787300,0,0,0,0,0,0,1730000,40000,36000,4000,1844000,118000,1726000,2517300
1301,台塑            ,3962000,2017129,1944871,0,0,0,505000,135000,370000,169000,163000,16000,147000,23000,1000,22000,2483871
2382,廣達            ,6255000,4384679,1870321,0,0,0,1410000,664000,746000,-162000,621000,699000,-78000,22000,106000,-84000,2454321
058005,茂林群益98購04  ,0,0,0,0,0,0,0,0,0,2440000,0,0,0,2455000,15000,2440000,2440000
054533,泰碩國泰98購01  ,0,0,0,0,0,0,0,0,0,2233000,0,0,0,2308000,75000,2233000,2233000
6271,同欣電          ,1793000,494000,1299000,0,0,0,789000,26000,763000,130000,80000,63000,17000,189000,76000,113000,2192000
00850,元大臺灣ESG永續 ,0,0,0,0,0,0,0,0,0,2181000,0,0,0,2436000,255000,2181000,2181000
6505,台塑化          ,2624000,465000,2159000,0,0,0,44000,53000,-9000,2000,202000,203000,-1000,3000,0,3000,2152000
2332,友訊            ,6799000,5156000,1643000,0,0,0,0,0,0,385000,115000,119000,-4000,1967000,1578000,389000,2028000
6239,力成            ,3492000,2119115,1372885,0,0,0,587000,0,587000,64000,14000,97000,-83000,154000,7000,147000,2023885
2327,國巨            ,3858130,1368494,2489636,0,0,0,0,97000,-97000,-370000,135000,619000,-484000,224000,110000,114000,2022636
2105,正新            ,2844000,862000,1982000,0,0,0,0,20000,-20000,8000,10000,2000,8000,0,0,0,1970000
9945,潤泰新          ,2464000,594000,1870000,0,0,0,0,0,0,-21000,2000,0,2000,0,23000,-23000,1849000
1722,台肥            ,2352000,466000,1886000,0,0,0,94000,218000,-124000,76000,1000,4000,-3000,96000,17000,79000,1838000
2505,國揚            ,2049000,627000,1422000,0,0,0,0,6761,-6761,420000,27000,3000,24000,396000,0,396000,1835239
1434,福懋            ,2887000,1840000,1047000,0,0,0,123000,8000,115000,606000,678000,72000,606000,0,0,0,1768000
2880,華南金          ,7135000,5289343,1845657,0,0,0,0,103000,-103000,17000,17000,0,17000,0,0,0,1759657
063451,漢翔統一9C購01  ,0,0,0,0,0,0,0,0,0,1719000,0,0,0,1799000,80000,1719000,1719000
057406,茂林群益98購03  ,0,0,0,0,0,0,0,0,0,1694000,0,0,0,1750000,56000,1694000,1694000
0056,元大高股息      ,12000,2000,10000,0,0,0,40000,0,40000,1609000,50000,0,50000,1793000,234000,1559000,1659000
062383,大立光國泰01購01,0,0,0,0,0,0,0,0,0,1572000,0,0,0,2053000,481000,1572000,1572000
5871,中租-KY         ,2957000,1430163,1526837,0,0,0,0,14000,-14000,-32000,1000,25000,-24000,16000,24000,-8000,1480837
060154,堤維西永豐9A購01,0,0,0,0,0,0,0,0,0,1468000,0,0,0,1615000,147000,1468000,1468000
9933,中鼎            ,2424000,1963000,461000,0,0,0,314000,0,314000,685000,746000,61000,685000,0,0,0,1460000
056696,茂林群益98購02  ,0,0,0,0,0,0,0,0,0,1458000,0,0,0,1539000,81000,1458000,1458000
054546,玉晶光中信9B購01,0,0,0,0,0,0,0,0,0,1415000,0,0,0,4958000,3543000,1415000,1415000
058380,臺股指凱基99購15,0,0,0,0,0,0,0,0,0,1403000,0,0,0,2018000,615000,1403000,1403000
2323,中環            ,1800000,452000,1348000,0,0,0,0,0,0,52000,37000,2000,35000,47000,30000,17000,1400000
061549,泰碩群益9A購01  ,0,0,0,0,0,0,0,0,0,1298000,0,0,0,1354000,56000,1298000,1298000
055259,玉晶光統一9A購01,0,0,0,0,0,0,0,0,0,1280000,0,0,0,1311000,31000,1280000,1280000
3406,玉晶光          ,1601005,676000,925005,0,0,0,256000,0,256000,85000,166000,126000,40000,85000,40000,45000,1266005
00651R,FH香港反1       ,331000,16000,315000,0,0,0,0,0,0,949000,0,0,0,1878000,929000,949000,1264000
00692,富邦公司治理    ,2000,3000,-1000,0,0,0,0,0,0,1260000,0,0,0,2977000,1717000,1260000,1259000
1907,永豐餘          ,1787000,543000,1244000,0,0,0,0,0,0,11000,12000,1000,11000,0,0,0,1255000
1717,長興            ,2491000,674000,1817000,0,0,0,0,99000,-99000,-465000,36000,501000,-465000,0,0,0,1253000
2812,台中銀          ,1949000,726531,1222469,0,0,0,0,0,0,26000,26000,0,26000,0,0,0,1248469
053563,台積電富邦97購01,0,0,0,0,0,0,0,0,0,1247000,0,0,0,1247000,0,1247000,1247000
03662C,FBVIX凱基03牛01 ,0,0,0,0,0,0,0,0,0,1232000,0,0,0,1451000,219000,1232000,1232000
063809,矽創兆豐01購01  ,0,0,0,0,0,0,0,0,0,1213000,0,0,0,1314000,101000,1213000,1213000
1326,台化            ,4195000,2951000,1244000,0,0,0,0,39000,-39000,-2000,12000,2000,10000,8000,20000,-12000,1203000
061520,健策中信9A購01  ,0,0,0,0,0,0,0,0,0,1200000,0,0,0,1245000,45000,1200000,1200000
053939,台表科元富96購03,0,0,0,0,0,0,0,0,0,1198000,0,0,0,1198000,0,1198000,1198000
1909,榮成            ,1914000,776000,1138000,0,0,0,0,0,0,22000,8000,3000,5000,17000,0,17000,1160000
056605,台積電富邦9B購02,0,0,0,0,0,0,0,0,0,1137000,0,0,0,1288000,151000,1137000,1137000
5471,松翰            ,3035000,1760000,1275000,0,0,0,0,70000,-70000,-68000,0,68000,-68000,0,0,0,1137000
3034,聯詠            ,2477000,1337967,1139033,0,0,0,20000,28000,-8000,-19000,9000,16000,-7000,24000,36000,-12000,1112033
063670,美食統一9C購01  ,0,0,0,0,0,0,0,0,0,1103000,0,0,0,1193000,90000,1103000,1103000
07898P,國巨國泰9C售02  ,0,0,0,0,0,0,0,0,0,1092000,0,0,0,1109000,17000,1092000,1092000
061213,群創元大9A購05  ,0,0,0,0,0,0,0,0,0,1072000,0,0,0,1177000,105000,1072000,1072000
2454,聯發科          ,4315700,3969281,346419,0,0,0,533000,25000,508000,212000,27000,57000,-30000,290000,48000,242000,1066419
2614,東森            ,1307000,244000,1063000,0,0,0,0,0,0,2000,2000,0,2000,0,0,0,1065000
055174,精元統一97購01  ,0,0,0,0,0,0,0,0,0,1058000,0,0,0,1108000,50000,1058000,1058000
059101,康控統一9A購01  ,0,0,0,0,0,0,0,0,0,1051000,0,0,0,1056000,5000,1051000,1051000
8150,南茂            ,2146000,1155000,991000,0,0,0,0,0,0,47000,3000,50000,-47000,338000,244000,94000,1038000
062886,中興電群益9B購01,0,0,0,0,0,0,0,0,0,1036000,0,0,0,1167000,131000,1036000,1036000
00633L,富邦上証正2     ,1969000,1800000,169000,0,0,0,0,0,0,866000,0,0,0,3992000,3126000,866000,1035000
6257,矽格            ,975000,690898,284102,0,0,0,366000,0,366000,353000,383000,49000,334000,59000,40000,19000,1003102
2823,中壽            ,5180000,3957388,1222612,0,0,0,0,32000,-32000,-190000,14000,182000,-168000,176000,198000,-22000,1000612
062896,中興電元大9B購01,0,0,0,0,0,0,0,0,0,1000000,0,0,0,1168000,168000,1000000,1000000
08226P,台灣50元大9B售26,0,0,0,0,0,0,0,0,0,999000,0,0,0,999000,0,999000,999000
6116,彩晶            ,3833000,2958000,875000,0,0,0,0,0,0,117000,170000,200000,-30000,983000,836000,147000,992000
059581,日月光元富99購02,0,0,0,0,0,0,0,0,0,991000,0,0,0,1156000,165000,991000,991000
060790,日月光富邦9A購01,0,0,0,0,0,0,0,0,0,988000,0,0,0,1103000,115000,988000,988000
062589,友達統一9C購03  ,0,0,0,0,0,0,0,0,0,974000,0,0,0,1310000,336000,974000,974000
1714,和桐            ,1278000,309000,969000,0,0,0,0,0,0,2000,11000,9000,2000,0,0,0,971000
054347,上緯控國票96購02,0,0,0,0,0,0,0,0,0,965000,0,0,0,1005000,40000,965000,965000
3045,台灣大          ,1885000,914420,970580,0,0,0,0,19000,-19000,12000,12000,0,12000,0,0,0,963580
4960,誠美材          ,1302000,346000,956000,0,0,0,0,0,0,3000,5000,2000,3000,0,0,0,959000
061915,T50反1凱基02購02,0,0,0,0,0,0,0,0,0,957000,0,0,0,1106000,149000,957000,957000
059128,友達中信99購02  ,0,0,0,0,0,0,0,0,0,939000,0,0,0,939000,0,939000,939000
6213,聯茂            ,1677000,508000,1169000,0,0,0,258000,414000,-156000,-75000,104000,159000,-55000,22000,42000,-20000,938000
08080P,祥碩國票9B售03  ,0,0,0,0,0,0,0,0,0,923000,0,0,0,1010000,87000,923000,923000
3189,景碩            ,1781000,1905000,-124000,0,0,0,872000,2000,870000,177000,126000,98000,28000,185000,36000,149000,923000
053510,聯電群益97購01  ,0,0,0,0,0,0,0,0,0,916000,0,0,0,946000,30000,916000,916000
00634R,富邦上証反1     ,646000,0,646000,0,0,0,0,0,0,267000,0,0,0,630000,363000,267000,913000
060302,台積電富邦02購01,0,0,0,0,0,0,0,0,0,909000,0,0,0,1046000,137000,909000,909000
062980,康控元富9B購01  ,0,0,0,0,0,0,0,0,0,909000,0,0,0,917000,8000,909000,909000
056942,昇陽半元富98購01,0,0,0,0,0,0,0,0,0,904000,0,0,0,1927000,1023000,904000,904000
1308,亞聚            ,981000,85200,895800,0,0,0,0,3509,-3509,3000,3000,0,3000,0,0,0,895291
2867,三商壽          ,1263000,361000,902000,0,0,0,0,0,0,-8000,13000,21000,-8000,0,0,0,894000
06839P,玉晶光統一9A售05,0,0,0,0,0,0,0,0,0,889000,0,0,0,937000,48000,889000,889000
2905,三商            ,1096000,209000,887000,0,0,0,0,4535,-4535,0,4000,4000,0,0,0,0,882465
054805,台苯元大9A購01  ,0,0,0,0,0,0,0,0,0,877000,0,0,0,877000,0,877000,877000
2385,群光            ,2165000,1168119,996881,0,0,0,0,155000,-155000,27000,3000,0,3000,43000,19000,24000,868881
2352,佳世達          ,1146000,898000,248000,0,0,0,0,0,0,600000,677000,97000,580000,20000,0,20000,848000
060918,康友國泰9C購01  ,0,0,0,0,0,0,0,0,0,845000,0,0,0,935000,90000,845000,845000
061886,力山國泰01購01  ,0,0,0,0,0,0,0,0,0,844000,0,0,0,854000,10000,844000,844000
060467,神基元大9A購01  ,0,0,0,0,0,0,0,0,0,837000,0,0,0,904000,67000,837000,837000
062884,康控兆豐9C購01  ,0,0,0,0,0,0,0,0,0,834000,0,0,0,837000,3000,834000,834000
055979,聯鈞統一97購03  ,0,0,0,0,0,0,0,0,0,830000,0,0,0,1350000,520000,830000,830000
5469,瀚宇博          ,1308000,460000,848000,0,0,0,0,0,0,-19000,3000,0,3000,24000,46000,-22000,829000
059680,台積電國泰9A購03,0,0,0,0,0,0,0,0,0,823000,0,0,0,823000,0,823000,823000
062680,微星統一01購01  ,0,0,0,0,0,0,0,0,0,816000,0,0,0,962000,146000,816000,816000
054894,GIS統一97購01   ,0,0,0,0,0,0,0,0,0,812000,0,0,0,859000,47000,812000,812000
2504,國產            ,1435000,1165000,270000,0,0,0,0,0,0,540000,456000,0,456000,376000,292000,84000,810000
063673,GIS統一9C購02   ,0,0,0,0,0,0,0,0,0,808000,0,0,0,813000,5000,808000,808000
060212,華航康和9A購01  ,0,0,0,0,0,0,0,0,0,803000,0,0,0,809000,6000,803000,803000
053181,滬深2X元富99購02,0,0,0,0,0,0,0,0,0,800000,0,0,0,800000,0,800000,800000
063346,TPK統一9C購01   ,0,0,0,0,0,0,0,0,0,795000,0,0,0,929000,134000,795000,795000
056939,康控元富98購01  ,0,0,0,0,0,0,0,0,0,788000,0,0,0,858000,70000,788000,788000
060809,康友群益9A購01  ,0,0,0,0,0,0,0,0,0,785000,0,0,0,966000,181000,785000,785000
062808,祥碩統一9C購01  ,0,0,0,0,0,0,0,0,0,782000,0,0,0,1499000,717000,782000,782000
053860,台積電元大98購03,0,0,0,0,0,0,0,0,0,768000,0,0,0,952000,184000,768000,768000
3545,敦泰            ,1375000,599750,775250,0,0,0,0,0,0,-8000,2000,10000,-8000,0,0,0,767250
054819,裕民元大9A購01  ,0,0,0,0,0,0,0,0,0,761000,0,0,0,972000,211000,761000,761000
057626,技嘉富邦9A購01  ,0,0,0,0,0,0,0,0,0,757000,0,0,0,1061000,304000,757000,757000
056829,台積電富邦9A購01,0,0,0,0,0,0,0,0,0,754000,0,0,0,754000,0,754000,754000
062626,台積電國票9C購04,0,0,0,0,0,0,0,0,0,753000,0,0,0,1030000,277000,753000,753000
063568,高鐵元大9B購01  ,0,0,0,0,0,0,0,0,0,752000,0,0,0,947000,195000,752000,752000
2014,中鴻            ,1269000,539000,730000,0,0,0,0,0,0,11000,11000,0,11000,0,0,0,741000
1476,儒鴻            ,1305000,834920,470080,0,0,0,207000,0,207000,51000,73000,39000,34000,70000,53000,17000,728080
053452,臺股指凱基97購01,0,0,0,0,0,0,0,0,0,728000,0,0,0,728000,0,728000,728000
062399,神基永豐9B購01  ,0,0,0,0,0,0,0,0,0,727000,0,0,0,727000,0,727000,727000
055389,國巨統一98購02  ,0,0,0,0,0,0,0,0,0,725000,0,0,0,730000,5000,725000,725000
054072,台積電富邦98購02,0,0,0,0,0,0,0,0,0,724000,0,0,0,724000,0,724000,724000
057267,康控兆豐99購01  ,0,0,0,0,0,0,0,0,0,722000,0,0,0,722000,0,722000,722000
2354,鴻準            ,1264000,553932,710068,0,0,0,0,0,0,2000,4000,2000,2000,0,0,0,712068
062677,儒鴻統一01購01  ,0,0,0,0,0,0,0,0,0,712000,0,0,0,898000,186000,712000,712000
9802,鈺齊-KY         ,737000,1435000,-698000,0,0,0,1317000,307000,1010000,400000,411000,1000,410000,148000,158000,-10000,712000
057940,和大國票99購01  ,0,0,0,0,0,0,0,0,0,711000,0,0,0,721000,10000,711000,711000
058315,TPK富邦9C購01   ,0,0,0,0,0,0,0,0,0,707000,0,0,0,717000,10000,707000,707000
062969,旺宏元富9B購01  ,0,0,0,0,0,0,0,0,0,707000,0,0,0,752000,45000,707000,707000
063054,健鼎統一01購01  ,0,0,0,0,0,0,0,0,0,704000,0,0,0,1184000,480000,704000,704000
060418,中橡永豐9A購01  ,0,0,0,0,0,0,0,0,0,701000,0,0,0,701000,0,701000,701000
3450,聯鈞            ,963000,275000,688000,0,0,0,0,0,0,11000,100000,30000,70000,114000,173000,-59000,699000
2615,萬海            ,841000,141000,700000,0,0,0,0,6000,-6000,-1000,0,1000,-1000,0,0,0,693000
061164,燿華兆豐9B購01  ,0,0,0,0,0,0,0,0,0,691000,0,0,0,761000,70000,691000,691000
063372,漢翔永豐9B購01  ,0,0,0,0,0,0,0,0,0,690000,0,0,0,690000,0,690000,690000
063071,華新科富邦02購01,0,0,0,0,0,0,0,0,0,687000,0,0,0,792000,105000,687000,687000
3014,聯陽            ,1480000,900000,580000,0,0,0,0,0,0,106000,61000,31000,30000,221000,145000,76000,686000
2915,潤泰全          ,1515000,783000,732000,0,0,0,0,0,0,-49000,8000,35000,-27000,5000,27000,-22000,683000
1609,大亞            ,785000,108000,677000,0,0,0,0,0,0,4000,5000,1000,4000,0,0,0,681000
063536,美食統一01購01  ,0,0,0,0,0,0,0,0,0,680000,0,0,0,700000,20000,680000,680000
061701,友達國票9B購02  ,0,0,0,0,0,0,0,0,0,677000,0,0,0,721000,44000,677000,677000
063884,台表科元富03購01,0,0,0,0,0,0,0,0,0,672000,0,0,0,844000,172000,672000,672000
2511,太子            ,806000,134000,672000,0,0,0,0,0,0,0,0,0,0,0,0,0,672000
057202,TPK元富98購02   ,0,0,0,0,0,0,0,0,0,670000,0,0,0,688000,18000,670000,670000
062660,神隆群益9B購02  ,0,0,0,0,0,0,0,0,0,670000,0,0,0,829000,159000,670000,670000
8213,志超            ,1123000,570000,553000,0,0,0,0,0,0,111000,2000,3000,-1000,182000,70000,112000,664000
059166,友達凱基99購05  ,0,0,0,0,0,0,0,0,0,660000,0,0,0,748000,88000,660000,660000
061015,旺宏麥證9A購03  ,0,0,0,657000,0,657000,0,0,0,657000,0,0,0,657000,0,657000,657000
3443,創意            ,815000,317000,498000,0,0,0,45000,0,45000,113000,39000,36000,3000,121000,11000,110000,656000
063431,神隆元富9B購01  ,0,0,0,0,0,0,0,0,0,640000,0,0,0,996000,356000,640000,640000
062063,世紀鋼統一9C購01,0,0,0,0,0,0,0,0,0,637000,0,0,0,700000,63000,637000,637000
056236,台積電群益97購06,0,0,0,0,0,0,0,0,0,634000,0,0,0,645000,11000,634000,634000
060289,京元電元大9A購01,0,0,0,0,0,0,0,0,0,632000,0,0,0,842000,210000,632000,632000
07536P,華新科元富9A售04,0,0,0,0,0,0,0,0,0,629000,0,0,0,644000,15000,629000,629000
057972,群創富邦9C購01  ,0,0,0,0,0,0,0,0,0,626000,0,0,0,641000,15000,626000,626000
1304,台聚            ,824000,203000,621000,0,0,0,0,0,0,4000,255000,251000,4000,0,0,0,625000
063671,GIS統一01購01   ,0,0,0,0,0,0,0,0,0,620000,0,0,0,1018000,398000,620000,620000
2401,凌陽            ,809000,233000,576000,0,0,0,0,0,0,42000,91000,49000,42000,0,0,0,618000
020016,統一MSCI美科技N ,0,0,0,0,0,0,0,0,0,616000,0,0,0,698000,82000,616000,616000
07032P,聯發科統一9C售02,0,0,0,0,0,0,0,0,0,613000,0,0,0,713000,100000,613000,613000
062780,旺宏元大01購01  ,0,0,0,0,0,0,0,0,0,612000,0,0,0,617000,5000,612000,612000
2515,中工            ,879000,287000,592000,0,0,0,0,0,0,18000,10000,2000,8000,28000,18000,10000,610000
9910,豐泰            ,1088000,465561,622439,0,0,0,0,95000,-95000,82000,89000,7000,82000,0,0,0,609439
00752,中信中國50      ,5000,5000,0,0,0,0,0,0,0,601000,0,0,0,1126000,525000,601000,601000
063816,TPK群益9C購01   ,0,0,0,0,0,0,0,0,0,600000,0,0,0,629000,29000,600000,600000
063313,南亞科群益9B購02,0,0,0,0,0,0,0,0,0,600000,0,0,0,626000,26000,600000,600000
052654,友達統一97購01  ,0,0,0,0,0,0,0,0,0,598000,0,0,0,598000,0,598000,598000
063104,大立光群益9C購02,0,0,0,0,0,0,0,0,0,598000,0,0,0,700000,102000,598000,598000
052152,創意富邦98購01  ,0,0,0,0,0,0,0,0,0,593000,0,0,0,684000,91000,593000,593000
060361,南亞科元富9A購03,0,0,0,0,0,0,0,0,0,591000,0,0,0,696000,105000,591000,591000
060564,南亞科富邦9C購01,0,0,0,0,0,0,0,0,0,589000,0,0,0,599000,10000,589000,589000
061533,友達統一9C購02  ,0,0,0,0,0,0,0,0,0,586000,0,0,0,644000,58000,586000,586000
063506,嘉晶群益9B購01  ,0,0,0,0,0,0,0,0,0,585000,0,0,0,739000,154000,585000,585000
2417,圓剛            ,1782000,1334000,448000,0,0,0,136000,0,136000,-1000,0,1000,-1000,0,0,0,583000
053337,聯電國票97購01  ,0,0,0,0,0,0,0,0,0,581000,0,0,0,723000,142000,581000,581000
053799,矽創中信9A購01  ,0,0,0,0,0,0,0,0,0,574000,0,0,0,1146000,572000,574000,574000
063672,GIS統一9C購01   ,0,0,0,0,0,0,0,0,0,573000,0,0,0,722000,149000,573000,573000
056381,台虹元富98購01  ,0,0,0,0,0,0,0,0,0,567000,0,0,0,597000,30000,567000,567000
5521,工信            ,677000,111000,566000,0,0,0,0,0,0,0,3000,3000,0,0,0,0,566000
061055,康控群益9A購01  ,0,0,0,0,0,0,0,0,0,565000,0,0,0,673000,108000,565000,565000
4967,十銓            ,1393000,830000,563000,0,0,0,0,0,0,0,0,0,0,0,0,0,563000
063690,健鼎永豐9B購01  ,0,0,0,0,0,0,0,0,0,562000,0,0,0,762000,200000,562000,562000
1305,華夏            ,915000,225000,690000,0,0,0,0,130000,-130000,2000,2000,0,2000,0,0,0,562000
1904,正隆            ,645000,337000,308000,0,0,0,106000,0,106000,147000,225000,0,225000,54000,132000,-78000,561000
062742,技嘉國泰01購01  ,0,0,0,0,0,0,0,0,0,559000,0,0,0,727000,168000,559000,559000
060360,南亞科元富9A購02,0,0,0,0,0,0,0,0,0,557000,0,0,0,769000,212000,557000,557000
057154,易華電國泰99購01,0,0,0,0,0,0,0,0,0,556000,0,0,0,642000,86000,556000,556000
060583,南亞科元富9A購05,0,0,0,0,0,0,0,0,0,553000,0,0,0,618000,65000,553000,553000
063674,力山國泰01購02  ,0,0,0,0,0,0,0,0,0,550000,0,0,0,550000,0,550000,550000
055495,長榮航元大97購01,0,0,0,0,0,0,0,0,0,550000,0,0,0,550000,0,550000,550000
061159,同欣電群益9A購01,0,0,0,0,0,0,0,0,0,547000,0,0,0,618000,71000,547000,547000
061583,矽創元大9A購01  ,0,0,0,0,0,0,0,0,0,546000,0,0,0,659000,113000,546000,546000
4958,臻鼎-KY         ,1648050,1781671,-133621,0,0,0,691000,28000,663000,16000,193000,225000,-32000,64000,16000,48000,545379
041991,元油2X國票98購01,0,0,0,0,0,0,0,0,0,541000,0,0,0,541000,0,541000,541000
061791,康友群益9B購01  ,0,0,0,0,0,0,0,0,0,541000,0,0,0,541000,0,541000,541000
057546,台積電凱基02購01,0,0,0,0,0,0,0,0,0,538000,0,0,0,538000,0,538000,538000
057704,台虹群益98購03  ,0,0,0,0,0,0,0,0,0,538000,0,0,0,541000,3000,538000,538000
6005,群益證          ,1194000,638010,555990,0,0,0,0,18000,-18000,0,0,0,0,0,0,0,537990
055234,昇陽半國票98購02,0,0,0,0,0,0,0,0,0,537000,0,0,0,538000,1000,537000,537000
062487,中興電永豐9B購01,0,0,0,0,0,0,0,0,0,537000,0,0,0,581000,44000,537000,537000
060706,群創富邦9A購01  ,0,0,0,0,0,0,0,0,0,536000,0,0,0,548000,12000,536000,536000
00672L,元大S&P原油正2  ,0,0,0,0,0,0,0,0,0,535000,0,0,0,610000,75000,535000,535000
062796,技嘉統一9C購01  ,0,0,0,0,0,0,0,0,0,533000,0,0,0,628000,95000,533000,533000
2206,三陽工業        ,546000,15000,531000,0,0,0,0,0,0,0,0,0,0,0,0,0,531000
08035P,國巨群益9C售04  ,0,0,0,0,0,0,0,0,0,529000,0,0,0,529000,0,529000,529000
052542,友達元富98購01  ,0,0,0,0,0,0,0,0,0,529000,0,0,0,1317000,788000,529000,529000
063176,南亞科兆豐9B購01,0,0,0,0,0,0,0,0,0,529000,0,0,0,560000,31000,529000,529000
060921,中橡永豐9A購02  ,0,0,0,0,0,0,0,0,0,529000,0,0,0,529000,0,529000,529000
054803,味全元大9A購01  ,0,0,0,0,0,0,0,0,0,528000,0,0,0,581000,53000,528000,528000
058764,康友群益99購01  ,0,0,0,0,0,0,0,0,0,526000,0,0,0,599000,73000,526000,526000
07115P,T50反1日盛9C售02,0,0,0,0,0,0,0,0,0,524000,0,0,0,527000,3000,524000,524000
6153,嘉聯益          ,1360000,631000,729000,0,0,0,0,0,0,-207000,27000,45000,-18000,9000,198000,-189000,522000
1103,嘉泥            ,494000,105000,389000,0,0,0,0,0,0,130000,131000,1000,130000,0,0,0,519000
063323,同欣電群益9B購03,0,0,0,0,0,0,0,0,0,516000,0,0,0,1315000,799000,516000,516000
053524,聯電中信97購02  ,0,0,0,0,0,0,0,0,0,515000,0,0,0,1490000,975000,515000,515000
07775P,國巨群益9A售10  ,0,0,0,0,0,0,0,0,0,514000,0,0,0,515000,1000,514000,514000
2208,台船            ,782000,274000,508000,0,0,0,0,0,0,3000,3000,0,3000,0,0,0,511000
2498,宏達電          ,1172000,1024000,148000,0,0,0,0,0,0,363000,47000,28000,19000,484000,140000,344000,511000
059006,樺漢元大99購01  ,0,0,0,0,0,0,0,0,0,511000,0,0,0,716000,205000,511000,511000
063377,泰鼎永豐9B購03  ,0,0,0,0,0,0,0,0,0,510000,0,0,0,510000,0,510000,510000
063111,TPK兆豐9B購01   ,0,0,0,0,0,0,0,0,0,510000,0,0,0,589000,79000,510000,510000
2204,中華            ,634000,246000,388000,0,0,0,0,2000,-2000,123000,133000,10000,123000,0,0,0,509000
08484P,台灣50中信96售01,0,0,0,0,0,0,0,0,0,508000,0,0,0,508000,0,508000,508000
05692P,聯發科中信9A售02,0,0,0,0,0,0,0,0,0,508000,0,0,0,633000,125000,508000,508000
058648,聯陽永豐99購01  ,0,0,0,0,0,0,0,0,0,507000,0,0,0,999000,492000,507000,507000
060290,興富發元大9C購01,0,0,0,0,0,0,0,0,0,507000,0,0,0,563000,56000,507000,507000
08136P,祥碩國泰01售01  ,0,0,0,0,0,0,0,0,0,505000,0,0,0,863000,358000,505000,505000
056262,台積電統一98購04,0,0,0,0,0,0,0,0,0,505000,0,0,0,505000,0,505000,505000
061947,旺宏群益9B購02  ,0,0,0,0,0,0,0,0,0,505000,0,0,0,516000,11000,505000,505000
061074,儒鴻兆豐9B購01  ,0,0,0,0,0,0,0,0,0,503000,0,0,0,622000,119000,503000,503000
062958,長榮航麥證9B購01,0,0,0,540000,37000,503000,0,0,0,503000,0,0,0,540000,37000,503000,503000
07574P,國巨元大9A售12  ,0,0,0,0,0,0,0,0,0,501000,0,0,0,549000,48000,501000,501000
08149P,祥碩群益9B售07  ,0,0,0,0,0,0,0,0,0,501000,0,0,0,601000,100000,501000,501000
056991,牧德兆豐98購01  ,0,0,0,0,0,0,0,0,0,501000,0,0,0,511000,10000,501000,501000
05375P,健策國票96售02  ,0,0,0,0,0,0,0,0,0,500000,0,0,0,500000,0,500000,500000
061577,泰碩元大9A購03  ,0,0,0,0,0,0,0,0,0,500000,0,0,0,550000,50000,500000,500000
061489,高鐵兆豐9A購01  ,0,0,0,0,0,0,0,0,0,500000,0,0,0,565000,65000,500000,500000
055276,台積電元大97購20,0,0,0,0,0,0,0,0,0,499000,0,0,0,499000,0,499000,499000
062131,臺指反群益9B購03,0,0,0,0,0,0,0,0,0,499000,0,0,0,499000,0,499000,499000
08094P,華新科元富9B售05,0,0,0,0,0,0,0,0,0,498000,0,0,0,513000,15000,498000,498000
060686,康友元大9A購02  ,0,0,0,0,0,0,0,0,0,498000,0,0,0,641000,143000,498000,498000
1313,聯成            ,713000,221000,492000,0,0,0,0,0,0,5000,9000,4000,5000,0,0,0,497000
054826,復盛元大9A購01  ,0,0,0,0,0,0,0,0,0,497000,0,0,0,565000,68000,497000,497000
07847P,國巨群益9A售13  ,0,0,0,0,0,0,0,0,0,496000,0,0,0,496000,0,496000,496000
047595,元石油元富97購01,0,0,0,0,0,0,0,0,0,495000,0,0,0,495000,0,495000,495000
062012,燿華富邦9C購01  ,0,0,0,0,0,0,0,0,0,493000,0,0,0,685000,192000,493000,493000
062526,友達統一01購01  ,0,0,0,0,0,0,0,0,0,493000,0,0,0,550000,57000,493000,493000
059312,元石油元大99購05,0,0,0,0,0,0,0,0,0,492000,0,0,0,492000,0,492000,492000
5519,隆大            ,583000,96000,487000,0,0,0,0,0,0,4000,5000,1000,4000,0,0,0,491000
051541,GIS國票96購02   ,0,0,0,0,0,0,0,0,0,490000,0,0,0,490000,0,490000,490000
063204,高鐵統一9C購01  ,0,0,0,0,0,0,0,0,0,490000,0,0,0,707000,217000,490000,490000
054957,興富發元大97購01,0,0,0,0,0,0,0,0,0,488000,0,0,0,488000,0,488000,488000
057299,立積永豐98購02  ,0,0,0,0,0,0,0,0,0,488000,0,0,0,722000,234000,488000,488000
062219,燿華統一9B購01  ,0,0,0,0,0,0,0,0,0,488000,0,0,0,570000,82000,488000,488000
6715,嘉基            ,592598,107000,485598,0,0,0,0,0,0,0,20000,20000,0,0,0,0,485598
060428,瑞祺永豐9A購01  ,0,0,0,0,0,0,0,0,0,484000,0,0,0,703000,219000,484000,484000
061006,新光金兆豐9A購01,0,0,0,0,0,0,0,0,0,484000,0,0,0,801000,317000,484000,484000
063113,聯茂兆豐9B購01  ,0,0,0,0,0,0,0,0,0,483000,0,0,0,673000,190000,483000,483000
08137P,台灣50元大9B售24,0,0,0,0,0,0,0,0,0,481000,0,0,0,481000,0,481000,481000
3576,聯合再生        ,1007000,528000,479000,0,0,0,0,0,0,0,0,0,0,0,0,0,479000
061024,南電國泰9B購01  ,0,0,0,0,0,0,0,0,0,477000,0,0,0,637000,160000,477000,477000
058328,世紀鋼統一9B購01,0,0,0,0,0,0,0,0,0,476000,0,0,0,666000,190000,476000,476000
062679,技嘉統一01購01  ,0,0,0,0,0,0,0,0,0,476000,0,0,0,756000,280000,476000,476000
06748P,智邦台新98售02  ,0,0,0,0,0,0,0,0,0,475000,0,0,0,575000,100000,475000,475000
056920,友達兆豐98購02  ,0,0,0,0,0,0,0,0,0,475000,0,0,0,475000,0,475000,475000
056955,台灣50永豐98購01,0,0,0,0,0,0,0,0,0,474000,0,0,0,474000,0,474000,474000
062651,世紀鋼富邦9C購01,0,0,0,0,0,0,0,0,0,474000,0,0,0,620000,146000,474000,474000
06721P,臺股指中信9A售03,0,0,0,0,0,0,0,0,0,472000,0,0,0,530000,58000,472000,472000
3049,和鑫            ,1258000,705000,553000,0,0,0,0,0,0,-81000,3000,0,3000,130000,214000,-84000,472000
3413,京鼎            ,604059,161000,443059,0,0,0,0,0,0,27000,9000,0,9000,52000,34000,18000,470059
057504,技嘉麥證98購01  ,0,0,0,475000,5000,470000,0,0,0,470000,0,0,0,475000,5000,470000,470000
056582,易華電元大98購01,0,0,0,0,0,0,0,0,0,467000,0,0,0,544000,77000,467000,467000
056591,S&P正2元富9A購01,0,0,0,0,0,0,0,0,0,465000,0,0,0,465000,0,465000,465000
2889,國票金          ,824260,387000,437260,0,0,0,0,0,0,27000,27000,0,27000,0,0,0,464260
058622,國巨國票99購07  ,0,0,0,0,0,0,0,0,0,463000,0,0,0,467000,4000,463000,463000
061302,晶技永豐9A購04  ,0,0,0,0,0,0,0,0,0,463000,0,0,0,463000,0,463000,463000
06597P,國巨富邦9A售05  ,0,0,0,0,0,0,0,0,0,462000,0,0,0,477000,15000,462000,462000
053014,旺宏統一97購02  ,0,0,0,0,0,0,0,0,0,460000,0,0,0,460000,0,460000,460000
057527,億光元大98購01  ,0,0,0,0,0,0,0,0,0,459000,0,0,0,662000,203000,459000,459000
053297,鎧勝中信98購01  ,0,0,0,0,0,0,0,0,0,458000,0,0,0,707000,249000,458000,458000
03657C,T50反1元大99牛01,0,0,0,0,0,0,0,0,0,458000,0,0,0,602000,144000,458000,458000
063107,矽創群益9B購01  ,0,0,0,0,0,0,0,0,0,456000,0,0,0,702000,246000,456000,456000
058154,泰碩統一9A購01  ,0,0,0,0,0,0,0,0,0,455000,0,0,0,581000,126000,455000,455000
060432,達方永豐9A購01  ,0,0,0,0,0,0,0,0,0,454000,0,0,0,599000,145000,454000,454000
061306,瑞祺永豐9A購02  ,0,0,0,0,0,0,0,0,0,454000,0,0,0,650000,196000,454000,454000
054201,聯詠富邦97購02  ,0,0,0,0,0,0,0,0,0,453000,0,0,0,463000,10000,453000,453000
07800P,華新科國泰9B售04,0,0,0,0,0,0,0,0,0,449000,0,0,0,479000,30000,449000,449000
061197,矽創永豐9A購02  ,0,0,0,0,0,0,0,0,0,448000,0,0,0,448000,0,448000,448000
00739,元大MSCI A股    ,6000,4000,2000,0,0,0,0,0,0,445000,0,0,0,563000,118000,445000,447000
060315,易華電永豐9A購01,0,0,0,0,0,0,0,0,0,447000,0,0,0,458000,11000,447000,447000
063593,GIS永豐9B購01   ,0,0,0,0,0,0,0,0,0,445000,0,0,0,504000,59000,445000,445000
060425,凌華永豐9A購01  ,0,0,0,0,0,0,0,0,0,445000,0,0,0,560000,115000,445000,445000
07874P,長榮航群益9B售01,0,0,0,0,0,0,0,0,0,444000,0,0,0,499000,55000,444000,444000
062067,滬深2X元大9B購01,0,0,0,0,0,0,0,0,0,442000,0,0,0,452000,10000,442000,442000
057773,技嘉群益9A購02  ,0,0,0,0,0,0,0,0,0,439000,0,0,0,455000,16000,439000,439000
061003,南亞科兆豐9A購01,0,0,0,0,0,0,0,0,0,439000,0,0,0,491000,52000,439000,439000
061518,達方永豐9A購02  ,0,0,0,0,0,0,0,0,0,437000,0,0,0,458000,21000,437000,437000
1229,聯華            ,708000,353000,355000,0,0,0,0,8041,-8041,90000,90000,0,90000,0,0,0,436959
3044,健鼎            ,1120000,1037176,82824,0,0,0,227000,0,227000,126000,202000,55000,147000,22000,43000,-21000,435824
059297,大立光元富9C購01,0,0,0,0,0,0,0,0,0,435000,0,0,0,694000,259000,435000,435000
062755,茂林麥證9B購01  ,0,0,0,455000,21000,434000,0,0,0,434000,0,0,0,455000,21000,434000,434000
062457,京元電群益9B購01,0,0,0,0,0,0,0,0,0,434000,0,0,0,817000,383000,434000,434000
057275,友達元大9A購04  ,0,0,0,0,0,0,0,0,0,433000,0,0,0,481000,48000,433000,433000
061483,TPK元大9A購01   ,0,0,0,0,0,0,0,0,0,433000,0,0,0,490000,57000,433000,433000
062390,元黃金富邦9C購01,0,0,0,0,0,0,0,0,0,430000,0,0,0,430000,0,430000,430000
063665,南亞科統一01購02,0,0,0,0,0,0,0,0,0,428000,0,0,0,559000,131000,428000,428000
054883,億光統一97購01  ,0,0,0,0,0,0,0,0,0,426000,0,0,0,427000,1000,426000,426000
058832,立積永豐99購01  ,0,0,0,0,0,0,0,0,0,425000,0,0,0,441000,16000,425000,425000
058093,神達元大9A購01  ,0,0,0,0,0,0,0,0,0,421000,0,0,0,510000,89000,421000,421000
060120,聯電富邦9B購01  ,0,0,0,0,0,0,0,0,0,421000,0,0,0,421000,0,421000,421000
052863,友達凱基98購02  ,0,0,0,0,0,0,0,0,0,420000,0,0,0,540000,120000,420000,420000
060337,FBVIX統一9A購01 ,0,0,0,0,0,0,0,0,0,420000,0,0,0,450000,30000,420000,420000
059688,燿華永豐99購01  ,0,0,0,0,0,0,0,0,0,420000,0,0,0,445000,25000,420000,420000
062201,臺指反國票9B購05,0,0,0,0,0,0,0,0,0,420000,0,0,0,440000,20000,420000,420000
060862,美律永豐9A購01  ,0,0,0,0,0,0,0,0,0,420000,0,0,0,506000,86000,420000,420000
056586,光罩統一98購02  ,0,0,0,0,0,0,0,0,0,419000,0,0,0,631000,212000,419000,419000
058584,百和群益9A購01  ,0,0,0,0,0,0,0,0,0,419000,0,0,0,433000,14000,419000,419000
064036,矽創元大9C購01  ,0,0,0,0,0,0,0,0,0,418000,0,0,0,613000,195000,418000,418000
060420,神基永豐9A購01  ,0,0,0,0,0,0,0,0,0,418000,0,0,0,475000,57000,418000,418000
052610,貿聯元大97購01  ,0,0,0,0,0,0,0,0,0,417000,0,0,0,417000,0,417000,417000
057087,台郡統一99購01  ,0,0,0,0,0,0,0,0,0,417000,0,0,0,580000,163000,417000,417000
057381,微星國泰9A購01  ,0,0,0,0,0,0,0,0,0,417000,0,0,0,418000,1000,417000,417000
059358,旺宏永豐99購02  ,0,0,0,0,0,0,0,0,0,416000,0,0,0,421000,5000,416000,416000
063013,技嘉元大9B購02  ,0,0,0,0,0,0,0,0,0,416000,0,0,0,497000,81000,416000,416000
056305,群創元大9A購03  ,0,0,0,0,0,0,0,0,0,415000,0,0,0,415000,0,415000,415000
057149,京鼎國票99購02  ,0,0,0,0,0,0,0,0,0,413000,0,0,0,653000,240000,413000,413000
057190,立積元大9A購02  ,0,0,0,0,0,0,0,0,0,413000,0,0,0,520000,107000,413000,413000
058106,神達統一98購02  ,0,0,0,0,0,0,0,0,0,410000,0,0,0,440000,30000,410000,410000
059995,南亞科元富99購01,0,0,0,0,0,0,0,0,0,405000,0,0,0,550000,145000,405000,405000
063642,茂林元大9B購08  ,0,0,0,0,0,0,0,0,0,404000,0,0,0,521000,117000,404000,404000
07963P,智邦統一9B售01  ,10000,0,10000,0,0,0,0,0,0,394000,0,0,0,520000,126000,394000,404000
058200,世芯康和99購01  ,0,0,0,0,0,0,0,0,0,404000,0,0,0,508000,104000,404000,404000
062527,美律統一01購01  ,0,0,0,0,0,0,0,0,0,404000,0,0,0,404000,0,404000,404000
057818,泰碩元大9A購01  ,0,0,0,0,0,0,0,0,0,402000,0,0,0,569000,167000,402000,402000
060437,宏全永豐9A購01  ,0,0,0,0,0,0,0,0,0,401000,0,0,0,401000,0,401000,401000
062540,茂林國泰9C購01  ,0,0,0,0,0,0,0,0,0,401000,0,0,0,612000,211000,401000,401000
062000,臺股指元大9B購24,0,0,0,0,0,0,0,0,0,401000,0,0,0,401000,0,401000,401000
055819,晶相光國票98購01,0,0,0,0,0,0,0,0,0,400000,0,0,0,400000,0,400000,400000
057975,台積電永豐98購05,0,0,0,0,0,0,0,0,0,400000,0,0,0,401000,1000,400000,400000
052702,群創國票97購03  ,0,0,0,0,0,0,0,0,0,399000,0,0,0,399000,0,399000,399000
052277,台達電凱基97購01,0,0,0,0,0,0,0,0,0,399000,0,0,0,399000,0,399000,399000
07610P,大立光國票9A售04,0,0,0,0,0,0,0,0,0,398000,0,0,0,459000,61000,398000,398000
1536,和大            ,593000,193000,400000,0,0,0,0,0,0,-2000,25000,19000,6000,15000,23000,-8000,398000
055302,達方元大97購01  ,0,0,0,0,0,0,0,0,0,398000,0,0,0,398000,0,398000,398000
055887,上銀統一97購03  ,0,0,0,0,0,0,0,0,0,398000,0,0,0,398000,0,398000,398000
056189,樺漢統一97購02  ,0,0,0,0,0,0,0,0,0,398000,0,0,0,532000,134000,398000,398000
06465P,國巨統一98售04  ,0,0,0,0,0,0,0,0,0,397000,0,0,0,452000,55000,397000,397000
054567,拓凱群益98購01  ,0,0,0,0,0,0,0,0,0,397000,0,0,0,477000,80000,397000,397000
056670,樺漢國票99購01  ,0,0,0,0,0,0,0,0,0,397000,0,0,0,652000,255000,397000,397000
057955,技嘉元大98購07  ,0,0,0,0,0,0,0,0,0,397000,0,0,0,696000,299000,397000,397000
061106,群創元大9B購09  ,0,0,0,0,0,0,0,0,0,395000,0,0,0,470000,75000,395000,395000
060457,中橡元大9A購02  ,0,0,0,0,0,0,0,0,0,394000,0,0,0,677000,283000,394000,394000
061353,康控元大9A購01  ,0,0,0,0,0,0,0,0,0,394000,0,0,0,532000,138000,394000,394000
061355,康友元大9A購03  ,0,0,0,0,0,0,0,0,0,394000,0,0,0,430000,36000,394000,394000
03442B,臺股指元大9A熊48,0,0,0,0,0,0,0,0,0,390000,0,0,0,749000,359000,390000,390000
063293,億豐元大9B購01  ,0,0,0,0,0,0,0,0,0,390000,0,0,0,390000,0,390000,390000
062214,金寶統一01購01  ,0,0,0,0,0,0,0,0,0,389000,0,0,0,459000,70000,389000,389000
060967,鈺齊凱基9A購02  ,0,0,0,0,0,0,0,0,0,389000,0,0,0,500000,111000,389000,389000
063356,台表科元富02購01,0,0,0,0,0,0,0,0,0,388000,0,0,0,482000,94000,388000,388000
6269,台郡            ,804000,720000,84000,0,0,0,278000,0,278000,26000,102000,20000,82000,11000,67000,-56000,388000
063881,嘉晶元富9C購01  ,0,0,0,0,0,0,0,0,0,387000,0,0,0,397000,10000,387000,387000
059560,T50反1凱基99購08,0,0,0,0,0,0,0,0,0,387000,0,0,0,457000,70000,387000,387000
062228,南六統一02購01  ,0,0,0,0,0,0,0,0,0,387000,0,0,0,492000,105000,387000,387000
056517,茂林兆豐99購01  ,0,0,0,0,0,0,0,0,0,386000,0,0,0,389000,3000,386000,386000
055744,茂林元富97購02  ,0,0,0,0,0,0,0,0,0,386000,0,0,0,957000,571000,386000,386000
061820,康控群益9B購02  ,0,0,0,0,0,0,0,0,0,386000,0,0,0,525000,139000,386000,386000
063062,群創元富9B購01  ,0,0,0,0,0,0,0,0,0,385000,0,0,0,875000,490000,385000,385000
056074,茂林元大97購04  ,0,0,0,0,0,0,0,0,0,383000,0,0,0,383000,0,383000,383000
062590,亞光統一9B購01  ,0,0,0,0,0,0,0,0,0,383000,0,0,0,391000,8000,383000,383000
6142,友勁            ,26000,46000,-20000,0,0,0,0,0,0,403000,403000,0,403000,0,0,0,383000
2301,光寶科          ,2516000,2096549,419451,0,0,0,20000,23000,-3000,-35000,4000,0,4000,5000,44000,-39000,381451
058197,國巨中信99購02  ,0,0,0,0,0,0,0,0,0,381000,0,0,0,507000,126000,381000,381000
00670L,富邦NASDAQ正2   ,162000,2000,160000,0,0,0,0,0,0,221000,0,0,0,552000,331000,221000,381000
045189,大立光元富98購01,0,0,0,0,0,0,0,0,0,381000,0,0,0,381000,0,381000,381000
063860,旺宏國泰02購01  ,0,0,0,0,0,0,0,0,0,375000,0,0,0,377000,2000,375000,375000
06467P,旺宏統一98售01  ,0,0,0,0,0,0,0,0,0,374000,0,0,0,374000,0,374000,374000
054540,泰鼎國票99購01  ,0,0,0,0,0,0,0,0,0,374000,0,0,0,374000,0,374000,374000
060435,鈺齊永豐9A購01  ,0,10000,-10000,0,0,0,0,0,0,384000,0,0,0,724000,340000,384000,374000
062275,燿華群益9B購01  ,0,0,0,0,0,0,0,0,0,374000,0,0,0,374000,0,374000,374000
061137,晶技統一9B購01  ,0,0,0,0,0,0,0,0,0,374000,0,0,0,382000,8000,374000,374000
048628,T50反1元大96購03,0,0,0,0,0,0,0,0,0,373000,0,0,0,373000,0,373000,373000
063861,南亞科國泰02購01,0,0,0,0,0,0,0,0,0,372000,0,0,0,376000,4000,372000,372000
056459,茂林凱基99購01  ,0,0,0,0,0,0,0,0,0,370000,0,0,0,674000,304000,370000,370000
064030,泰碩元大01購01  ,0,0,0,0,0,0,0,0,0,369000,0,0,0,394000,25000,369000,369000
056422,全新統一98購02  ,0,0,0,0,0,0,0,0,0,369000,0,0,0,373000,4000,369000,369000
061283,智邦統一9A購01  ,0,0,0,0,0,0,0,0,0,369000,0,0,0,822000,453000,369000,369000
061455,京元電凱基9B購01,0,0,0,0,0,0,0,0,0,369000,0,0,0,664000,295000,369000,369000
062328,南亞科統一9C購01,0,0,0,0,0,0,0,0,0,369000,0,0,0,414000,45000,369000,369000
056671,台灣50元富9A購01,0,0,0,0,0,0,0,0,0,368000,0,0,0,368000,0,368000,368000
2897,王道銀行        ,459000,93000,366000,0,0,0,0,0,0,2000,2000,0,2000,0,0,0,368000
00736,國泰新興市場    ,46000,0,46000,0,0,0,0,0,0,320000,0,0,0,473000,153000,320000,366000
060416,神隆永豐9A購01  ,0,0,0,0,0,0,0,0,0,366000,0,0,0,572000,206000,366000,366000
052456,滬深2X元富9B購03,0,0,0,0,0,0,0,0,0,365000,0,0,0,365000,0,365000,365000
056909,嘉聯益元大99購03,0,0,0,0,0,0,0,0,0,365000,0,0,0,375000,10000,365000,365000
056970,TPK永豐98購01   ,0,0,0,0,0,0,0,0,0,365000,0,0,0,435000,70000,365000,365000
2312,金寶            ,2540000,2169000,371000,0,0,0,0,0,0,-7000,8000,0,8000,155000,170000,-15000,364000
061480,泰碩元大9B購01  ,0,0,0,0,0,0,0,0,0,363000,0,0,0,415000,52000,363000,363000
056545,TPK凱基98購02   ,0,0,0,0,0,0,0,0,0,360000,0,0,0,424000,64000,360000,360000
060534,友達麥證9A購01  ,0,0,0,402000,42000,360000,0,0,0,360000,0,0,0,402000,42000,360000,360000
060155,友訊永豐9A購01  ,0,0,0,0,0,0,0,0,0,358000,0,0,0,670000,312000,358000,358000
057597,華通群益9A購02  ,0,0,0,0,0,0,0,0,0,357000,0,0,0,357000,0,357000,357000
00830,國泰費城半導體  ,6000,142000,-136000,0,0,0,0,0,0,490000,0,0,0,608000,118000,490000,354000
056297,台光電元大97購04,0,0,0,0,0,0,0,0,0,353000,0,0,0,364000,11000,353000,353000
058642,旺宏麥證9A購01  ,0,0,0,353000,0,353000,0,0,0,353000,0,0,0,353000,0,353000,353000
061819,茂林群益9B購01  ,0,0,0,0,0,0,0,0,0,353000,0,0,0,407000,54000,353000,353000
063208,鈺齊統一9C購01  ,0,0,0,0,0,0,0,0,0,352000,0,0,0,691000,339000,352000,352000
08215P,旺宏群益9B售04  ,0,0,0,0,0,0,0,0,0,351000,0,0,0,387000,36000,351000,351000
07905P,大立光群益9B售04,0,0,0,0,0,0,0,0,0,350000,0,0,0,350000,0,350000,350000
058337,日月光元富99購01,0,0,0,0,0,0,0,0,0,350000,0,0,0,350000,0,350000,350000
9136,巨騰-DR         ,339000,0,339000,0,0,0,0,0,0,10000,10000,0,10000,0,0,0,349000
1504,東元            ,982000,929000,53000,0,0,0,0,15000,-15000,310000,28000,0,28000,282000,0,282000,348000
060503,技嘉元大9A購01  ,0,0,0,0,0,0,0,0,0,348000,0,0,0,412000,64000,348000,348000
059507,鴻海永豐99購03  ,0,0,0,0,0,0,0,0,0,348000,0,0,0,401000,53000,348000,348000
1218,泰山            ,572000,225000,347000,0,0,0,0,0,0,0,0,0,0,0,0,0,347000
6288,聯嘉            ,527000,178000,349000,0,0,0,0,0,0,-2000,1000,3000,-2000,0,0,0,347000
2436,偉詮電          ,414000,71000,343000,0,0,0,0,0,0,1000,1000,0,1000,0,0,0,344000
055206,台虹中信97購01  ,0,0,0,0,0,0,0,0,0,344000,0,0,0,350000,6000,344000,344000
00639,富邦深100       ,469000,633000,-164000,0,0,0,0,0,0,508000,0,0,0,1839000,1331000,508000,344000
055812,台積電國票99購02,0,0,0,0,0,0,0,0,0,343000,0,0,0,343000,0,343000,343000
058101,台積電富邦9C購01,0,0,0,0,0,0,0,0,0,343000,0,0,0,353000,10000,343000,343000
063766,南茂元富9B購01  ,0,0,0,0,0,0,0,0,0,341000,0,0,0,440000,99000,341000,341000
059170,康控凱基9B購01  ,0,0,0,0,0,0,0,0,0,341000,0,0,0,403000,62000,341000,341000
055205,京鼎中信99購01  ,0,0,0,0,0,0,0,0,0,339000,0,0,0,339000,0,339000,339000
048179,臻鼎富邦97購01  ,0,0,0,0,0,0,0,0,0,338000,0,0,0,338000,0,338000,338000
063492,台積電富邦02購02,0,0,0,0,0,0,0,0,0,337000,0,0,0,608000,271000,337000,337000
057804,為升元大98購01  ,0,0,0,0,0,0,0,0,0,337000,0,0,0,382000,45000,337000,337000
064072,康友永豐9C購01  ,0,0,0,0,0,0,0,0,0,336000,0,0,0,348000,12000,336000,336000
00636,國泰中國A50     ,564000,20000,544000,0,0,0,0,0,0,-209000,10000,100000,-90000,597000,716000,-119000,335000
058246,帆宣元大99購01  ,0,0,0,0,0,0,0,0,0,335000,0,0,0,672000,337000,335000,335000
063105,健策群益9C購01  ,0,0,0,0,0,0,0,0,0,335000,0,0,0,348000,13000,335000,335000
061008,群創兆豐9A購02  ,0,0,0,0,0,0,0,0,0,335000,0,0,0,335000,0,335000,335000
060506,京元電元大9A購02,0,0,0,0,0,0,0,0,0,334000,0,0,0,642000,308000,334000,334000
062686,群創統一9C購03  ,0,0,0,0,0,0,0,0,0,334000,0,0,0,334000,0,334000,334000
063657,茂林元富9B購04  ,0,0,0,0,0,0,0,0,0,333000,0,0,0,526000,193000,333000,333000
062829,泰碩群益9B購01  ,0,0,0,0,0,0,0,0,0,333000,0,0,0,343000,10000,333000,333000
2520,冠德            ,645000,371000,274000,0,0,0,0,0,0,58000,60000,2000,58000,0,0,0,332000
062979,茂林元富9B購01  ,0,0,0,0,0,0,0,0,0,331000,0,0,0,487000,156000,331000,331000
3008,大立光          ,597000,364378,232622,0,0,0,88000,2000,86000,12000,18000,10000,8000,6000,2000,4000,330622
00655L,國泰中國A50正2  ,31000,73000,-42000,0,0,0,0,0,0,371000,0,0,0,2171000,1800000,371000,329000
052011,欣興中信96購01  ,0,0,0,0,0,0,0,0,0,328000,0,0,0,328000,0,328000,328000
057082,玉晶光統一9A購04,0,0,0,0,0,0,0,0,0,327000,0,0,0,814000,487000,327000,327000
2607,榮運            ,424000,97000,327000,0,0,0,0,0,0,0,0,0,0,0,0,0,327000
061891,力山永豐9B購01  ,0,0,0,0,0,0,0,0,0,326000,0,0,0,326000,0,326000,326000
057973,神達富邦9A購01  ,0,0,0,0,0,0,0,0,0,325000,0,0,0,325000,0,325000,325000
063658,瑞祺元富9B購01  ,0,0,0,0,0,0,0,0,0,324000,0,0,0,545000,221000,324000,324000
058124,玉晶光國票9A購01,0,0,0,0,0,0,0,0,0,323000,0,0,0,414000,91000,323000,323000
06038P,國泰金台新96售01,0,0,0,0,0,0,0,0,0,321000,0,0,0,321000,0,321000,321000
057508,康控國票99購03  ,0,0,0,0,0,0,0,0,0,320000,0,0,0,417000,97000,320000,320000
06320P,上銀統一97售04  ,0,0,0,0,0,0,0,0,0,320000,0,0,0,320000,0,320000,320000
2704,國賓            ,358000,38000,320000,0,0,0,0,0,0,0,0,0,0,0,0,0,320000
059396,T50反1元富99購04,0,0,0,0,0,0,0,0,0,319000,0,0,0,482000,163000,319000,319000
063341,燿華統一9C購01  ,0,0,0,0,0,0,0,0,0,317000,0,0,0,363000,46000,317000,317000
2536,宏普            ,341000,26000,315000,0,0,0,0,0,0,0,0,0,0,0,0,0,315000
054291,高鐵元大97購01  ,0,0,0,0,0,0,0,0,0,315000,0,0,0,613000,298000,315000,315000
057930,旺宏群益99購04  ,0,0,0,0,0,0,0,0,0,315000,0,0,0,315000,0,315000,315000
060562,旺宏富邦9C購02  ,0,0,0,0,0,0,0,0,0,311000,0,0,0,314000,3000,311000,311000
06187P,國巨統一97售05  ,0,0,0,0,0,0,0,0,0,311000,0,0,0,312000,1000,311000,311000
061479,泰碩元大9A購02  ,0,0,0,0,0,0,0,0,0,311000,0,0,0,325000,14000,311000,311000
054433,南亞科台新96購02,0,0,0,0,0,0,0,0,0,310000,0,0,0,310000,0,310000,310000
053525,台積電中信96購04,0,0,0,0,0,0,0,0,0,310000,0,0,0,477000,167000,310000,310000
054975,福懋科元大97購01,0,0,0,0,0,0,0,0,0,310000,0,0,0,310000,0,310000,310000
056496,康控國泰99購01  ,0,0,0,0,0,0,0,0,0,310000,0,0,0,310000,0,310000,310000
061227,日月光中信9B購01,0,0,0,0,0,0,0,0,0,310000,0,0,0,345000,35000,310000,310000
063127,TPK元大9B購02   ,0,0,0,0,0,0,0,0,0,310000,0,0,0,410000,100000,310000,310000
062385,玉晶光國泰01購01,0,0,0,0,0,0,0,0,0,310000,0,0,0,534000,224000,310000,310000
062523,世紀鋼元大9C購03,0,0,0,0,0,0,0,0,0,309000,0,0,0,551000,242000,309000,309000
063103,技嘉群益9B購01  ,0,0,0,0,0,0,0,0,0,309000,0,0,0,317000,8000,309000,309000
07928P,國巨統一9B售09  ,0,0,0,0,0,0,0,0,0,308000,0,0,0,308000,0,308000,308000
052794,群創兆豐97購01  ,0,0,0,0,0,0,0,0,0,308000,0,0,0,674000,366000,308000,308000
057317,技嘉凱基98購02  ,0,0,0,0,0,0,0,0,0,308000,0,0,0,347000,39000,308000,308000
07342P,大立光凱基99售14,0,0,0,0,0,0,0,0,0,307000,0,0,0,537000,230000,307000,307000
1711,永光            ,337000,33000,304000,0,0,0,0,0,0,3000,4000,1000,3000,0,0,0,307000
062720,南亞科凱基9B購03,0,0,0,0,0,0,0,0,0,307000,0,0,0,439000,132000,307000,307000
058216,TPK群益99購01   ,0,0,0,0,0,0,0,0,0,306000,0,0,0,313000,7000,306000,306000
063646,帆宣元大9B購02  ,0,0,0,0,0,0,0,0,0,305000,0,0,0,333000,28000,305000,305000
06568P,國巨永豐98售05  ,0,0,0,0,0,0,0,0,0,305000,0,0,0,305000,0,305000,305000
055670,矽創群益98購02  ,0,0,0,0,0,0,0,0,0,305000,0,0,0,450000,145000,305000,305000
063188,TPK凱基9B購01   ,0,0,0,0,0,0,0,0,0,305000,0,0,0,506000,201000,305000,305000
058735,南茂永豐99購01  ,0,0,0,0,0,0,0,0,0,304000,0,0,0,312000,8000,304000,304000
063679,群創國泰01購01  ,0,0,0,0,0,0,0,0,0,303000,0,0,0,303000,0,303000,303000
8011,台通            ,494000,192000,302000,0,0,0,0,0,0,1000,1000,0,1000,0,0,0,303000
07640P,國巨群益9A售07  ,0,0,0,0,0,0,0,0,0,302000,0,0,0,302000,0,302000,302000
06743P,創意永豐98售03  ,0,0,0,0,0,0,0,0,0,301000,0,0,0,513000,212000,301000,301000
056431,鴻海凱基98購07  ,0,0,0,0,0,0,0,0,0,301000,0,0,0,301000,0,301000,301000
056088,台郡統一97購02  ,0,0,0,0,0,0,0,0,0,300000,0,0,0,300000,0,300000,300000
056032,勤誠康和97購03  ,0,0,0,0,0,0,0,0,0,300000,0,0,0,300000,0,300000,300000
056057,華邦電元大97購05,0,0,0,0,0,0,0,0,0,300000,0,0,0,300000,0,300000,300000
055450,台積電元富97購01,0,0,0,0,0,0,0,0,0,300000,0,0,0,300000,0,300000,300000
052468,超眾統一96購02  ,0,0,0,0,0,0,0,0,0,300000,0,0,0,300000,0,300000,300000
056999,元油2X國票98購02,0,0,0,0,0,0,0,0,0,300000,0,0,0,300000,0,300000,300000
05710P,禾伸堂國票97售02,0,0,0,0,0,0,0,0,0,300000,0,0,0,300000,0,300000,300000
063210,百和統一9C購01  ,0,0,0,0,0,0,0,0,0,300000,0,0,0,300000,0,300000,300000
063014,技嘉元大9B購03  ,0,0,0,0,0,0,0,0,0,300000,0,0,0,428000,128000,300000,300000
063572,麗豐元大9B購01  ,0,0,0,0,0,0,0,0,0,298000,0,0,0,941000,643000,298000,298000
064012,泰碩國票01購02  ,0,0,0,0,0,0,0,0,0,298000,0,0,0,340000,42000,298000,298000
054446,美食兆豐97購01  ,0,0,0,0,0,0,0,0,0,297000,0,0,0,349000,52000,297000,297000
057453,矽創元富98購01  ,0,0,0,0,0,0,0,0,0,297000,0,0,0,463000,166000,297000,297000
063295,京元電麥證9B購01,0,0,0,539000,242000,297000,0,0,0,297000,0,0,0,539000,242000,297000,297000
058671,旺宏群益9A購01  ,0,0,0,0,0,0,0,0,0,296000,0,0,0,296000,0,296000,296000
060694,旺宏麥證9A購02  ,0,0,0,301000,5000,296000,0,0,0,296000,0,0,0,301000,5000,296000,296000
052167,亞泥元大96購01  ,0,0,0,0,0,0,0,0,0,294000,0,0,0,670000,376000,294000,294000
060061,旺宏兆豐99購02  ,0,0,0,0,0,0,0,0,0,294000,0,0,0,379000,85000,294000,294000
063473,茂林元大9B購05  ,0,0,0,0,0,0,0,0,0,293000,0,0,0,310000,17000,293000,293000
058445,旺宏富邦9C購01  ,0,0,0,0,0,0,0,0,0,293000,0,0,0,374000,81000,293000,293000
058105,旺宏統一9A購02  ,0,0,0,0,0,0,0,0,0,292000,0,0,0,423000,131000,292000,292000
3563,牧德            ,353000,52000,301000,0,0,0,0,0,0,-9000,0,7000,-7000,20000,22000,-2000,292000
060880,中壽中信9C購01  ,0,0,0,0,0,0,0,0,0,291000,0,0,0,442000,151000,291000,291000
07644P,南電凱基9A售03  ,0,0,0,0,0,0,0,0,0,290000,0,0,0,300000,10000,290000,290000
056731,國巨凱基98購04  ,0,0,0,0,0,0,0,0,0,290000,0,0,0,399000,109000,290000,290000
058021,牧德凱基98購02  ,0,0,0,0,0,0,0,0,0,288000,0,0,0,358000,70000,288000,288000
063477,訊芯元大9B購01  ,0,0,0,0,0,0,0,0,0,287000,0,0,0,292000,5000,287000,287000
059948,正文永豐99購01  ,0,0,0,0,0,0,0,0,0,287000,0,0,0,287000,0,287000,287000
00641R,富邦日本反1     ,5000,5000,0,0,0,0,0,0,0,286900,0,0,0,699000,412100,286900,286900
057517,矽創元富98購02  ,0,0,0,0,0,0,0,0,0,286000,0,0,0,296000,10000,286000,286000
063581,同欣電國泰9C購01,0,0,0,0,0,0,0,0,0,284000,0,0,0,531000,247000,284000,284000
1795,美時            ,431000,147000,284000,0,0,0,0,0,0,0,0,0,0,0,0,0,284000
053364,友達國泰98購01  ,0,0,0,0,0,0,0,0,0,283000,0,0,0,283000,0,283000,283000
060483,友達富邦9A購01  ,0,0,0,0,0,0,0,0,0,283000,0,0,0,309000,26000,283000,283000
2020,美亞            ,480000,200000,280000,0,0,0,0,0,0,2000,2000,0,2000,0,0,0,282000
2314,台揚            ,356000,76000,280000,0,0,0,0,0,0,1000,1000,0,1000,0,0,0,281000
056928,旺宏台新98購01  ,0,0,0,0,0,0,0,0,0,281000,0,0,0,281000,0,281000,281000
058534,友達統一9B購01  ,0,0,0,0,0,0,0,0,0,281000,0,0,0,324000,43000,281000,281000
063701,燿華群益9B購02  ,0,0,0,0,0,0,0,0,0,279000,0,0,0,332000,53000,279000,279000
058795,可成元大99購03  ,0,0,0,0,0,0,0,0,0,278000,0,0,0,313000,35000,278000,278000
061979,友達元大9C購08  ,0,0,0,0,0,0,0,0,0,277000,0,0,0,354000,77000,277000,277000
062532,聯詠統一9C購01  ,0,0,0,0,0,0,0,0,0,276000,0,0,0,434000,158000,276000,276000
057798,貿聯兆豐99購01  ,0,0,0,0,0,0,0,0,0,275000,0,0,0,325000,50000,275000,275000
060825,聯詠元大9A購05  ,0,0,0,0,0,0,0,0,0,275000,0,0,0,340000,65000,275000,275000
061241,晶技兆豐9A購01  ,0,0,0,0,0,0,0,0,0,275000,0,0,0,287000,12000,275000,275000
058706,聯鈞元大9C購01  ,0,0,0,0,0,0,0,0,0,274000,0,0,0,275000,1000,274000,274000
063476,台表科元大9C購03,0,0,0,0,0,0,0,0,0,273000,0,0,0,363000,90000,273000,273000
057114,台虹群益98購01  ,0,0,0,0,0,0,0,0,0,273000,0,0,0,273000,0,273000,273000
063202,南亞科統一9C購02,0,0,0,0,0,0,0,0,0,273000,0,0,0,307000,34000,273000,273000
6196,帆宣            ,587000,273000,314000,0,0,0,0,0,0,-41000,1000,0,1000,52000,94000,-42000,273000
056355,台積電元大98購08,0,0,0,0,0,0,0,0,0,272000,0,0,0,412000,140000,272000,272000
057120,茂林康和98購01  ,0,0,0,0,0,0,0,0,0,271000,0,0,0,281000,10000,271000,271000
062026,華邦電群益9B購01,0,0,0,0,0,0,0,0,0,271000,0,0,0,271000,0,271000,271000
063909,旺宏凱基02購01  ,0,0,0,0,0,0,0,0,0,270000,0,0,0,312000,42000,270000,270000
060376,瑞祺元富9A購01  ,0,0,0,0,0,0,0,0,0,270000,0,0,0,425000,155000,270000,270000
062950,貿聯富邦01購01  ,0,0,0,0,0,0,0,0,0,270000,0,0,0,382000,112000,270000,270000
062537,聯電國泰9C購01  ,0,0,0,0,0,0,0,0,0,269000,0,0,0,333000,64000,269000,269000
054827,宏全元大9A購01  ,0,0,0,0,0,0,0,0,0,268000,0,0,0,268000,0,268000,268000
063484,達方元大9B購01  ,0,0,0,0,0,0,0,0,0,267000,0,0,0,293000,26000,267000,267000
052003,泰碩國泰97購02  ,0,0,0,0,0,0,0,0,0,267000,0,0,0,329000,62000,267000,267000
060570,南亞科永豐9A購01,0,0,0,0,0,0,0,0,0,267000,0,0,0,304000,37000,267000,267000
062709,帆宣元大9B購01  ,0,0,0,0,0,0,0,0,0,267000,0,0,0,377000,110000,267000,267000
063802,南茂凱基9C購01  ,0,0,0,0,0,0,0,0,0,266000,0,0,0,338000,72000,266000,266000
055860,啟碁元大97購04  ,0,0,0,0,0,0,0,0,0,266000,0,0,0,534000,268000,266000,266000
059195,國巨永豐99購04  ,0,0,0,0,0,0,0,0,0,266000,0,0,0,266000,0,266000,266000
063314,美律群益9B購01  ,0,0,0,0,0,0,0,0,0,265000,0,0,0,265000,0,265000,265000
057367,技嘉元大98購02  ,0,0,0,0,0,0,0,0,0,264000,0,0,0,291000,27000,264000,264000
059125,台積電第一03購02,0,0,0,0,0,0,0,0,0,264000,0,0,0,268000,4000,264000,264000
053036,聯電凱基98購01  ,0,0,0,0,0,0,0,0,0,263000,0,0,0,580000,317000,263000,263000
058828,大毅永豐99購01  ,0,0,0,0,0,0,0,0,0,262000,0,0,0,332000,70000,262000,262000
063767,義隆國泰02購01  ,0,0,0,0,0,0,0,0,0,261000,0,0,0,326000,65000,261000,261000
07293P,臺股指凱基99售45,0,0,0,0,0,0,0,0,0,261000,0,0,0,306000,45000,261000,261000
051370,聯詠富邦97購01  ,0,0,0,0,0,0,0,0,0,261000,0,0,0,261000,0,261000,261000
056596,光磊元富98購01  ,0,0,0,0,0,0,0,0,0,260000,0,0,0,350000,90000,260000,260000
055181,日電貿統一97購01,0,0,0,0,0,0,0,0,0,260000,0,0,0,260000,0,260000,260000
063269,儒鴻兆豐9C購01  ,0,0,0,0,0,0,0,0,0,260000,0,0,0,616000,356000,260000,260000
063650,矽創元大9B購03  ,0,0,0,0,0,0,0,0,0,259000,0,0,0,405000,146000,259000,259000
058900,旺宏元大99購11  ,0,0,0,0,0,0,0,0,0,259000,0,0,0,362000,103000,259000,259000
062096,神隆永豐9B購01  ,0,0,0,0,0,0,0,0,0,258000,0,0,0,258000,0,258000,258000
6177,達麗            ,433000,176000,257000,0,0,0,0,0,0,1000,1000,0,1000,0,0,0,258000
058515,健鼎元大99購01  ,0,0,0,0,0,0,0,0,0,257000,0,0,0,311000,54000,257000,257000
060419,漢翔永豐9A購01  ,0,0,0,0,0,0,0,0,0,257000,0,0,0,297000,40000,257000,257000
059664,立積元大9C購01  ,0,0,0,0,0,0,0,0,0,257000,0,0,0,259000,2000,257000,257000
061305,帆宣永豐9A購01  ,0,0,0,0,0,0,0,0,0,257000,0,0,0,294000,37000,257000,257000
060299,友訊國泰9B購01  ,0,0,0,0,0,0,0,0,0,256000,0,0,0,356000,100000,256000,256000
062903,燿華元大9B購04  ,0,0,0,0,0,0,0,0,0,256000,0,0,0,301000,45000,256000,256000
063270,喬山兆豐9C購01  ,0,0,0,0,0,0,0,0,0,255000,0,0,0,312000,57000,255000,255000
062222,華新科統一9B購04,0,0,0,0,0,0,0,0,0,255000,0,0,0,329000,74000,255000,255000
2406,國碩            ,798000,544000,254000,0,0,0,0,0,0,0,0,0,0,0,0,0,254000
057788,嘉聯益國票99購01,0,0,0,0,0,0,0,0,0,254000,0,0,0,294000,40000,254000,254000
062872,華通兆豐9C購01  ,0,0,0,0,0,0,0,0,0,254000,0,0,0,264000,10000,254000,254000
3557,嘉威            ,502000,249000,253000,0,0,0,0,0,0,0,0,0,0,0,0,0,253000
06682P,玉晶光元大99售08,0,0,0,0,0,0,0,0,0,252000,0,0,0,262000,10000,252000,252000
063102,旺宏群益9B購03  ,0,0,0,0,0,0,0,0,0,252000,0,0,0,257000,5000,252000,252000
061816,長榮航群益9B購02,0,0,0,0,0,0,0,0,0,252000,0,0,0,267000,15000,252000,252000
6209,今國光          ,275000,22000,253000,0,0,0,0,0,0,-1000,0,1000,-1000,0,0,0,252000
04788P,台積電永昌96售05,0,0,0,0,0,0,0,0,0,251000,0,0,0,251000,0,251000,251000
060254,世紀鋼元大9A購01,0,0,0,0,0,0,0,0,0,251000,0,0,0,251000,0,251000,251000
061374,力山永豐9A購04  ,0,0,0,0,0,0,0,0,0,251000,0,0,0,281000,30000,251000,251000
06230P,亞德客永豐97售03,0,0,0,0,0,0,0,0,0,251000,0,0,0,251000,0,251000,251000
062609,帆宣凱基9B購01  ,0,0,0,0,0,0,0,0,0,251000,0,0,0,317000,66000,251000,251000
063971,健鼎國票01購01  ,0,0,0,0,0,0,0,0,0,250000,0,0,0,427000,177000,250000,250000
056196,聯茂富邦98購02  ,0,0,0,0,0,0,0,0,0,250000,0,0,0,540000,290000,250000,250000
059819,台積電凱基99購17,0,0,0,0,0,0,0,0,0,250000,0,0,0,260000,10000,250000,250000
057409,台虹群益98購02  ,0,0,0,0,0,0,0,0,0,250000,0,0,0,300000,50000,250000,250000
063354,茂林元富9B購02  ,0,0,0,0,0,0,0,0,0,250000,0,0,0,250000,0,250000,250000
058639,南電兆豐99購01  ,0,0,0,0,0,0,0,0,0,249000,0,0,0,259000,10000,249000,249000
060251,易華電元大9C購01,0,0,0,0,0,0,0,0,0,249000,0,0,0,439000,190000,249000,249000
060456,正隆元大9A購01  ,0,0,0,0,0,0,0,0,0,249000,0,0,0,309000,60000,249000,249000
058149,百和元大99購02  ,0,0,0,0,0,0,0,0,0,248000,0,0,0,331000,83000,248000,248000
058652,SGBR2X中信01購01,0,0,0,0,0,0,0,0,0,248000,0,0,0,248000,0,248000,248000
062409,巨大永豐9B購02  ,0,0,0,0,0,0,0,0,0,248000,0,0,0,506000,258000,248000,248000
061617,微星群益9A購02  ,0,0,0,0,0,0,0,0,0,248000,0,0,0,258000,10000,248000,248000
061582,麗豐元大9A購01  ,0,0,0,0,0,0,0,0,0,247000,0,0,0,915000,668000,247000,247000
063126,TPK元大9B購01   ,0,0,0,0,0,0,0,0,0,247000,0,0,0,305000,58000,247000,247000
2031,新光鋼          ,466000,221000,245000,0,0,0,0,0,0,1000,4000,3000,1000,0,0,0,246000
054318,台虹凱基98購01  ,0,0,0,0,0,0,0,0,0,246000,0,0,0,246000,0,246000,246000
061535,群創統一9C購01  ,0,0,0,0,0,0,0,0,0,246000,0,0,0,945000,699000,246000,246000
062147,大毅國票9B購02  ,0,0,0,0,0,0,0,0,0,246000,0,0,0,295000,49000,246000,246000
9103,美德醫療-DR     ,0,14000,-14000,0,0,0,0,0,0,260000,0,0,0,260000,0,260000,246000
2239,英利-KY         ,203000,221000,-18000,0,0,0,263000,0,263000,0,2000,2000,0,0,0,0,245000
057836,南亞科國泰9A購01,0,0,0,0,0,0,0,0,0,245000,0,0,0,309000,64000,245000,245000
060702,玉晶光國泰9C購02,0,0,0,0,0,0,0,0,0,245000,0,0,0,274000,29000,245000,245000
060807,新光金群益9A購01,0,0,0,0,0,0,0,0,0,244000,0,0,0,1294000,1050000,244000,244000
2472,立隆電          ,905000,640000,265000,0,0,0,0,0,0,-22000,7000,29000,-22000,0,0,0,243000
063522,技嘉凱基9B購03  ,0,0,0,0,0,0,0,0,0,243000,0,0,0,328000,85000,243000,243000
063565,旺宏元大9B購08  ,0,0,0,0,0,0,0,0,0,243000,0,0,0,314000,71000,243000,243000
052959,聯電凱基97購01  ,0,0,0,0,0,0,0,0,0,243000,0,0,0,245000,2000,243000,243000
062948,台積電富邦01購02,0,0,0,0,0,0,0,0,0,243000,0,0,0,243000,0,243000,243000
9958,世紀鋼          ,1130000,811000,319000,0,0,0,0,20000,-20000,-56000,37000,122000,-85000,273000,244000,29000,243000
2605,新興            ,485000,244000,241000,0,0,0,0,0,0,2000,2000,0,2000,0,0,0,243000
053821,群創群益98購08  ,0,0,0,0,0,0,0,0,0,242000,0,0,0,340000,98000,242000,242000
1905,華紙            ,369000,131000,238000,0,0,0,0,0,0,3000,10000,7000,3000,0,0,0,241000
1608,華榮            ,252000,12000,240000,0,0,0,0,0,0,1000,2000,1000,1000,0,0,0,241000
063291,緯穎元大01購01  ,0,0,0,0,0,0,0,0,0,241000,0,0,0,248000,7000,241000,241000
061457,TPK凱基9A購01   ,0,0,0,0,0,0,0,0,0,241000,0,0,0,339000,98000,241000,241000
07649P,金像電永豐9A售02,0,0,0,0,0,0,0,0,0,240000,0,0,0,252000,12000,240000,240000
062496,矽創中信9B購01  ,0,0,0,0,0,0,0,0,0,240000,0,0,0,356000,116000,240000,240000
07630P,臺股指凱基9A售11,0,0,0,0,0,0,0,0,0,239000,0,0,0,782000,543000,239000,239000
063886,南電元富9C購01  ,0,0,0,0,0,0,0,0,0,239000,0,0,0,239000,0,239000,239000
062008,南亞科國泰9C購01,0,0,0,0,0,0,0,0,0,239000,0,0,0,608000,369000,239000,239000
054221,華新科統一96購05,0,0,0,0,0,0,0,0,0,238000,0,0,0,243000,5000,238000,238000
00663L,國泰臺灣加權正2 ,155000,7000,148000,0,0,0,0,0,0,90000,0,0,0,323000,233000,90000,238000
058747,友達凱基9A購03  ,0,0,0,0,0,0,0,0,0,237000,0,0,0,257000,20000,237000,237000
060720,嘉聯益永豐9A購02,0,0,0,0,0,0,0,0,0,237000,0,0,0,257000,20000,237000,237000
063432,金寶元富9B購01  ,0,0,0,0,0,0,0,0,0,236000,0,0,0,721000,485000,236000,236000
07794P,智邦國票9A售03  ,0,0,0,0,0,0,0,0,0,236000,0,0,0,331000,95000,236000,236000
061876,明泰元大9B購01  ,0,0,0,0,0,0,0,0,0,236000,0,0,0,236000,0,236000,236000
061541,旺宏群益9A購03  ,0,0,0,0,0,0,0,0,0,236000,0,0,0,236000,0,236000,236000
061542,旺宏群益9A購04  ,0,0,0,0,0,0,0,0,0,236000,0,0,0,323000,87000,236000,236000
056911,緯穎元大99購01  ,0,0,0,0,0,0,0,0,0,235000,0,0,0,351000,116000,235000,235000
061840,長榮航凱基9C購01,0,0,0,0,0,0,0,0,0,234000,0,0,0,254000,20000,234000,234000
060763,聯鈞元大9A購03  ,0,0,0,0,0,0,0,0,0,234000,0,0,0,264000,30000,234000,234000
054154,智易國泰97購01  ,0,0,0,0,0,0,0,0,0,233000,0,0,0,238000,5000,233000,233000
060259,潤泰全凱基9C購01,0,0,0,0,0,0,0,0,0,233000,0,0,0,265000,32000,233000,233000
3705,永信            ,333000,101000,232000,0,0,0,0,0,0,1000,1000,0,1000,0,0,0,233000
06939P,國巨永豐98售09  ,0,0,0,0,0,0,0,0,0,232000,0,0,0,232000,0,232000,232000
062377,力成元大9B購01  ,0,0,0,0,0,0,0,0,0,232000,0,0,0,335000,103000,232000,232000
2493,揚博            ,658000,427000,231000,0,0,0,0,0,0,-1000,2000,3000,-1000,0,0,0,230000
060426,盛群永豐9A購01  ,0,0,0,0,0,0,0,0,0,230000,0,0,0,240000,10000,230000,230000
059607,台積電富邦9C購04,0,0,0,0,0,0,0,0,0,230000,0,0,0,250000,20000,230000,230000
057812,友達元大9A購05  ,0,0,0,0,0,0,0,0,0,230000,0,0,0,230000,0,230000,230000
062827,神基群益9B購01  ,0,0,0,0,0,0,0,0,0,230000,0,0,0,320000,90000,230000,230000
3588,通嘉            ,322000,93000,229000,0,0,0,0,0,0,1000,1000,0,1000,0,0,0,230000
5264,鎧勝-KY         ,2174000,1951000,223000,0,0,0,0,48000,-48000,55000,48000,87000,-39000,163000,69000,94000,230000
3702,大聯大          ,2943000,2624241,318759,0,0,0,0,0,0,-89000,4000,17000,-13000,0,76000,-76000,229759
053361,友達元富99購01  ,0,0,0,0,0,0,0,0,0,229000,0,0,0,429000,200000,229000,229000
059009,世紀鋼元大99購04,0,0,0,0,0,0,0,0,0,229000,0,0,0,496000,267000,229000,229000
057567,嘉聯益富邦9A購01,0,0,0,0,0,0,0,0,0,229000,0,0,0,259000,30000,229000,229000
2838,聯邦銀          ,512000,283000,229000,0,0,0,0,0,0,0,0,0,0,0,0,0,229000
5534,長虹            ,432000,205000,227000,0,0,0,0,0,0,2000,5000,3000,2000,0,0,0,229000
060243,潤泰全元大9C購02,0,0,0,0,0,0,0,0,0,228000,0,0,0,385000,157000,228000,228000
063349,台郡統一9C購01  ,0,0,0,0,0,0,0,0,0,228000,0,0,0,243000,15000,228000,228000
063774,GIS富邦9B購02   ,0,0,0,0,0,0,0,0,0,227000,0,0,0,227000,0,227000,227000
058464,矽創兆豐9A購01  ,0,0,0,0,0,0,0,0,0,227000,0,0,0,227000,0,227000,227000
061204,國巨元大9A購16  ,0,0,0,0,0,0,0,0,0,227000,0,0,0,227000,0,227000,227000
4552,力達-KY         ,153000,29000,124000,0,0,0,102000,0,102000,1000,1000,0,1000,0,0,0,227000
054673,京鼎國泰98購01  ,0,0,0,0,0,0,0,0,0,226000,0,0,0,226000,0,226000,226000
020012,富邦行動通訊N   ,0,0,0,0,0,0,0,0,0,226000,0,0,0,241000,15000,226000,226000
057730,聯鈞國泰9A購01  ,0,0,0,0,0,0,0,0,0,226000,0,0,0,783000,557000,226000,226000
058049,帆宣元大98購01  ,0,0,0,0,0,0,0,0,0,226000,0,0,0,352000,126000,226000,226000
063380,台表科永豐9B購03,0,0,0,0,0,0,0,0,0,226000,0,0,0,247000,21000,226000,226000
063865,旺宏永豐9C購01  ,0,0,0,0,0,0,0,0,0,225000,0,0,0,225000,0,225000,225000
06517P,國巨凱基98售09  ,0,0,0,0,0,0,0,0,0,225000,0,0,0,230000,5000,225000,225000
059277,群創元大99購05  ,0,0,0,0,0,0,0,0,0,225000,0,0,0,353000,128000,225000,225000
063175,燿華兆豐9C購01  ,0,0,0,0,0,0,0,0,0,225000,0,0,0,235000,10000,225000,225000
061094,彩晶統一9B購02  ,0,0,0,0,0,0,0,0,0,225000,0,0,0,831000,606000,225000,225000
061699,燿華國票9A購01  ,0,0,0,0,0,0,0,0,0,225000,0,0,0,299000,74000,225000,225000
058251,百和元大99購03  ,0,0,0,0,0,0,0,0,0,224000,0,0,0,292000,68000,224000,224000
2855,統一證          ,478000,254000,224000,0,0,0,0,0,0,0,0,0,0,0,0,0,224000
06618P,智邦元大98售04  ,0,0,0,0,0,0,0,0,0,223000,0,0,0,224000,1000,223000,223000
057599,技嘉群益9A購01  ,0,0,0,0,0,0,0,0,0,223000,0,0,0,247000,24000,223000,223000
062920,康友元大9B購01  ,0,0,0,0,0,0,0,0,0,223000,0,0,0,305000,82000,223000,223000
054795,合勤控群益98購01,0,0,0,0,0,0,0,0,0,222000,0,0,0,264000,42000,222000,222000
056191,世紀鋼統一97購01,0,0,0,0,0,0,0,0,0,222000,0,0,0,307000,85000,222000,222000
055183,聯鈞統一97購01  ,0,0,0,0,0,0,0,0,0,222000,0,0,0,310000,88000,222000,222000
055398,超眾統一97購03  ,0,0,0,0,0,0,0,0,0,222000,0,0,0,222000,0,222000,222000
063982,TPK兆豐9C購01   ,0,0,0,0,0,0,0,0,0,221000,0,0,0,304000,83000,221000,221000
056508,揚明光永豐98購01,0,0,0,0,0,0,0,0,0,221000,0,0,0,323000,102000,221000,221000
05631P,國巨富邦9A售01  ,0,0,0,0,0,0,0,0,0,221000,0,0,0,241000,20000,221000,221000
060709,緯穎富邦9B購01  ,0,0,0,0,0,0,0,0,0,221000,0,0,0,384000,163000,221000,221000
063265,瑞祺永豐9B購01  ,0,0,0,0,0,0,0,0,0,221000,0,0,0,298000,77000,221000,221000
062564,矽創凱基9B購01  ,0,0,0,0,0,0,0,0,0,221000,0,0,0,335000,114000,221000,221000
3042,晶技            ,1046000,604000,442000,0,0,0,0,3039,-3039,-218000,31000,160000,-129000,3000,92000,-89000,220961
00631L,元大台灣50正2   ,772000,1054000,-282000,0,0,0,0,0,0,502000,130000,0,130000,1988000,1616000,372000,220000
062718,技嘉凱基9B購01  ,0,0,0,0,0,0,0,0,0,220000,0,0,0,274000,54000,220000,220000
063280,燿華元大9B購05  ,0,0,0,0,0,0,0,0,0,220000,0,0,0,277000,57000,220000,220000
07473P,祥碩元大9A售01  ,0,0,0,0,0,0,0,0,0,219000,0,0,0,219000,0,219000,219000
056850,彩晶元富99購01  ,0,0,0,0,0,0,0,0,0,219000,0,0,0,342000,123000,219000,219000
058847,國巨群益99購05  ,0,0,0,0,0,0,0,0,0,219000,0,0,0,219000,0,219000,219000
063205,貿聯統一9C購01  ,0,0,0,0,0,0,0,0,0,219000,0,0,0,239000,20000,219000,219000
063192,技嘉台新9B購01  ,0,0,0,0,0,0,0,0,0,219000,0,0,0,236000,17000,219000,219000
054377,臺股指中信99購09,0,0,0,0,0,0,0,0,0,218000,0,0,0,218000,0,218000,218000
061872,友達元大9C購06  ,0,0,0,0,0,0,0,0,0,218000,0,0,0,419000,201000,218000,218000
060847,康控國票9A購01  ,0,0,0,0,0,0,0,0,0,218000,0,0,0,256000,38000,218000,218000
061431,鈺齊元大9A購01  ,0,0,0,0,0,0,0,0,0,218000,0,0,0,295000,77000,218000,218000
056129,義隆麥證97購01  ,0,0,0,217000,0,217000,0,0,0,217000,0,0,0,217000,0,217000,217000
058851,大立光群益99購07,0,0,0,0,0,0,0,0,0,217000,0,0,0,237000,20000,217000,217000
03050X,元展47          ,0,0,0,0,0,0,0,0,0,216000,0,0,0,266000,50000,216000,216000
061414,牧德群益9B購02  ,0,0,0,0,0,0,0,0,0,216000,0,0,0,326000,110000,216000,216000
1730,花仙子          ,230000,15000,215000,0,0,0,0,0,0,0,0,0,0,0,0,0,215000
06889P,臺股指元大98售13,0,0,0,0,0,0,0,0,0,215000,0,0,0,215000,0,215000,215000
046629,群創統一98購01  ,0,0,0,0,0,0,0,0,0,215000,0,0,0,367000,152000,215000,215000
058523,聯茂元大99購08  ,0,0,0,0,0,0,0,0,0,215000,0,0,0,246000,31000,215000,215000
6191,精成科          ,497000,283000,214000,0,0,0,0,0,0,1000,3000,2000,1000,0,0,0,215000
063081,技嘉凱基9B購02  ,0,0,0,0,0,0,0,0,0,214000,0,0,0,276000,62000,214000,214000
058836,FBVIX中信03購05 ,0,0,0,0,0,0,0,0,0,213000,0,0,0,363000,150000,213000,213000
057525,光磊元大99購01  ,0,0,0,0,0,0,0,0,0,213000,0,0,0,231000,18000,213000,213000
07122P,欣興凱基99售05  ,0,0,0,0,0,0,0,0,0,212000,0,0,0,298000,86000,212000,212000
8464,億豐            ,455000,246360,208640,0,0,0,0,0,0,3000,1000,0,1000,13000,11000,2000,211640
07638P,長榮航國票9A售01,0,0,0,0,0,0,0,0,0,211000,0,0,0,499000,288000,211000,211000
047769,大立光元大96購01,0,0,0,0,0,0,0,0,0,211000,0,0,0,211000,0,211000,211000
020008,元大特股高息N   ,0,0,0,0,0,0,0,0,0,211000,0,0,0,212000,1000,211000,211000
056560,旺宏群益98購03  ,0,0,0,0,0,0,0,0,0,211000,0,0,0,214000,3000,211000,211000
061080,華邦電兆豐9B購01,0,0,0,0,0,0,0,0,0,211000,0,0,0,877000,666000,211000,211000
07292P,臺股指凱基99售44,0,0,0,0,0,0,0,0,0,210000,0,0,0,295000,85000,210000,210000
057353,玉晶光統一99購01,0,0,0,0,0,0,0,0,0,210000,0,0,0,230000,20000,210000,210000
057377,康控元大99購02  ,0,0,0,0,0,0,0,0,0,210000,0,0,0,275000,65000,210000,210000
1455,集盛            ,240000,36000,204000,0,0,0,0,0,0,5000,7000,2000,5000,0,0,0,209000
1315,達新            ,314000,120000,194000,0,0,0,0,0,0,15000,1000,0,1000,22000,8000,14000,209000
061357,寶成元大9A購01  ,0,0,0,0,0,0,0,0,0,209000,0,0,0,401000,192000,209000,209000
063578,瑞祺元大9B購03  ,0,0,0,0,0,0,0,0,0,208000,0,0,0,208000,0,208000,208000
03680C,臺股指凱基9A牛26,0,0,0,0,0,0,0,0,0,208000,0,0,0,258000,50000,208000,208000
058841,深中小群益01購01,0,0,0,0,0,0,0,0,0,208000,0,0,0,1130000,922000,208000,208000
061646,力成元大9A購02  ,0,0,0,0,0,0,0,0,0,208000,0,0,0,433000,225000,208000,208000
061536,華擎統一9C購02  ,0,0,0,0,0,0,0,0,0,208000,0,0,0,231000,23000,208000,208000
062849,中興電永豐9B購02,0,0,0,0,0,0,0,0,0,208000,0,0,0,208000,0,208000,208000
063502,南電永豐9B購02  ,0,0,0,0,0,0,0,0,0,207000,0,0,0,207000,0,207000,207000
059947,貿聯永豐99購03  ,0,0,0,0,0,0,0,0,0,207000,0,0,0,207000,0,207000,207000
062087,瑞祺元大9B購02  ,0,0,0,0,0,0,0,0,0,207000,0,0,0,308000,101000,207000,207000
060850,康友國票9A購03  ,0,0,0,0,0,0,0,0,0,207000,0,0,0,349000,142000,207000,207000
1707,葡萄王          ,605000,371000,234000,0,0,0,0,92000,-92000,64000,13000,1000,12000,54000,2000,52000,206000
00646,元大S&P500      ,0,31000,-31000,0,0,0,0,0,0,236000,0,0,0,276000,40000,236000,205000
061514,泰碩永豐9A購02  ,0,0,0,0,0,0,0,0,0,205000,0,0,0,205000,0,205000,205000
062253,燿華元大9B購02  ,0,0,0,0,0,0,0,0,0,205000,0,0,0,265000,60000,205000,205000
07855P,旺宏凱基9A售09  ,0,0,0,0,0,0,0,0,0,204000,0,0,0,210000,6000,204000,204000
056001,美食永豐97購01  ,0,0,0,0,0,0,0,0,0,204000,0,0,0,310000,106000,204000,204000
060679,聯詠元大9A購04  ,0,0,0,0,0,0,0,0,0,204000,0,0,0,278000,74000,204000,204000
2387,精元            ,569000,202000,367000,0,0,0,0,0,0,-164000,1000,35000,-34000,0,130000,-130000,203000
054778,世紀鋼國票99購01,0,0,0,0,0,0,0,0,0,203000,0,0,0,233000,30000,203000,203000
060093,友達元大03購01  ,0,0,0,0,0,0,0,0,0,203000,0,0,0,279000,76000,203000,203000
055003,群創元富99購05  ,0,0,0,0,0,0,0,0,0,202000,0,0,0,202000,0,202000,202000
058261,大立光富邦03購01,0,0,0,0,0,0,0,0,0,202000,0,0,0,202000,0,202000,202000
057776,京元電群益98購02,0,0,0,0,0,0,0,0,0,202000,0,0,0,333000,131000,202000,202000
063603,友達凱基9B購05  ,0,0,0,0,0,0,0,0,0,201000,0,0,0,218000,17000,201000,201000
063808,台表科兆豐9C購01,0,0,0,0,0,0,0,0,0,201000,0,0,0,296000,95000,201000,201000
00737,國泰AI+Robo     ,0,104000,-104000,0,0,0,0,0,0,305000,0,0,0,422000,117000,305000,201000
054292,欣興元大96購06  ,0,0,0,0,0,0,0,0,0,201000,0,0,0,201000,0,201000,201000
063606,TPK凱基9C購01   ,0,0,0,0,0,0,0,0,0,200000,0,0,0,256000,56000,200000,200000
06634P,欣興國票98售02  ,0,0,0,0,0,0,0,0,0,200000,0,0,0,200000,0,200000,200000
06514P,國巨凱基98售05  ,0,0,0,0,0,0,0,0,0,200000,0,0,0,200000,0,200000,200000
07793P,同欣電元大9A售02,0,0,0,0,0,0,0,0,0,200000,0,0,0,240000,40000,200000,200000
07246P,旺宏凱基99售08  ,0,0,0,0,0,0,0,0,0,200000,0,0,0,200000,0,200000,200000
054260,貿聯元大96購03  ,0,0,0,0,0,0,0,0,0,200000,0,0,0,300000,100000,200000,200000
054075,GIS富邦97購02   ,0,0,0,0,0,0,0,0,0,200000,0,0,0,200000,0,200000,200000
047421,聯茂富邦97購01  ,0,0,0,0,0,0,0,0,0,200000,0,0,0,200000,0,200000,200000
053374,台達電元大96購03,0,0,0,0,0,0,0,0,0,200000,0,0,0,200000,0,200000,200000
058643,T50正2富邦03購01,0,0,0,0,0,0,0,0,0,200000,0,0,0,200000,0,200000,200000
055725,嘉聯益元大98購03,0,0,0,0,0,0,0,0,0,200000,0,0,0,200000,0,200000,200000
057487,聯發科元大98購10,0,0,0,0,0,0,0,0,0,200000,0,0,0,200000,0,200000,200000
060276,S&P反1元大9A購03,0,0,0,0,0,0,0,0,0,200000,0,0,0,200000,0,200000,200000
060675,南亞科元大9A購02,0,0,0,0,0,0,0,0,0,200000,0,0,0,225000,25000,200000,200000
057937,神達群益98購02  ,0,0,0,0,0,0,0,0,0,200000,0,0,0,200000,0,200000,200000
062991,台光電群益9B購03,0,0,0,0,0,0,0,0,0,200000,0,0,0,233000,33000,200000,200000
063693,智易永豐9B購02  ,0,0,0,0,0,0,0,0,0,199000,0,0,0,219000,20000,199000,199000
05875P,旺宏群益98售01  ,0,0,0,0,0,0,0,0,0,199000,0,0,0,199000,0,199000,199000
061595,智易永豐9A購02  ,0,0,0,0,0,0,0,0,0,199000,0,0,0,207000,8000,199000,199000
2375,凱美            ,359000,231000,128000,0,0,0,0,0,0,70000,2000,1000,1000,79000,10000,69000,198000
056099,上銀永豐97購02  ,0,0,0,0,0,0,0,0,0,198000,0,0,0,198000,0,198000,198000
061081,宏碁兆豐9A購01  ,0,0,0,0,0,0,0,0,0,198000,0,0,0,380000,182000,198000,198000
062834,立積群益9B購02  ,0,0,0,0,0,0,0,0,0,198000,0,0,0,242000,44000,198000,198000
058615,矽創元大99購01  ,0,0,0,0,0,0,0,0,0,197000,0,0,0,586000,389000,197000,197000
6706,惠特            ,145000,70000,75000,0,0,0,0,0,0,122000,140000,18000,122000,0,0,0,197000
2841,台開            ,455000,259000,196000,0,0,0,0,0,0,1000,7000,6000,1000,0,0,0,197000
063952,玉晶光元大01購01,0,0,0,0,0,0,0,0,0,196000,0,0,0,247000,51000,196000,196000
058772,茂林兆豐9A購01  ,0,0,0,0,0,0,0,0,0,196000,0,0,0,221000,25000,196000,196000
058421,國泰金麥證01購01,0,0,0,196000,0,196000,0,0,0,196000,0,0,0,196000,0,196000,196000
06338P,亞德客統一97售02,0,0,0,0,0,0,0,0,0,196000,0,0,0,237000,41000,196000,196000
062108,晶豪科國票9B購01,0,0,0,0,0,0,0,0,0,196000,0,0,0,240000,44000,196000,196000
056569,T50正2元大9B購02,0,0,0,0,0,0,0,0,0,195000,0,0,0,225000,30000,195000,195000
054467,隆達凱基97購01  ,0,0,0,0,0,0,0,0,0,195000,0,0,0,207000,12000,195000,195000
057611,技嘉元富98購02  ,0,0,0,0,0,0,0,0,0,195000,0,0,0,201000,6000,195000,195000
061038,TPK永豐9A購01   ,0,0,0,0,0,0,0,0,0,195000,0,0,0,201000,6000,195000,195000
061043,百和永豐9A購01  ,0,0,0,0,0,0,0,0,0,195000,0,0,0,208000,13000,195000,195000
063933,TPK統一01購01   ,0,0,0,0,0,0,0,0,0,194000,0,0,0,427000,233000,194000,194000
07990P,緯穎凱基9B售02  ,0,0,0,0,0,0,0,0,0,194000,0,0,0,230000,36000,194000,194000
059097,世紀鋼元大99購05,0,0,0,0,0,0,0,0,0,194000,0,0,0,421000,227000,194000,194000
056312,茂林元大98購01  ,0,0,0,0,0,0,0,0,0,193000,0,0,0,193000,0,193000,193000
055896,南電統一97購02  ,0,0,0,0,0,0,0,0,0,193000,0,0,0,570000,377000,193000,193000
057837,康控國泰99購02  ,0,0,0,0,0,0,0,0,0,193000,0,0,0,193000,0,193000,193000
057183,玉晶光元大99購07,0,0,0,0,0,0,0,0,0,193000,0,0,0,315000,122000,193000,193000
06564P,國巨富邦9A售04  ,0,0,0,0,0,0,0,0,0,192000,0,0,0,212000,20000,192000,192000
056296,旺宏元大97購07  ,0,0,0,0,0,0,0,0,0,192000,0,0,0,192000,0,192000,192000
060685,康友元大9A購01  ,0,0,0,0,0,0,0,0,0,192000,0,0,0,205000,13000,192000,192000
058095,昇陽半元大98購03,0,0,0,0,0,0,0,0,0,192000,0,0,0,451000,259000,192000,192000
00701,國泰股利精選30  ,0,20000,-20000,0,0,0,0,0,0,211760,0,0,0,423000,211240,211760,191760
057127,旺宏凱基98購09  ,0,0,0,0,0,0,0,0,0,191000,0,0,0,191000,0,191000,191000
059516,TPK永豐99購01   ,0,0,0,0,0,0,0,0,0,191000,0,0,0,236000,45000,191000,191000
060759,南亞科元大9A購03,0,0,0,0,0,0,0,0,0,191000,0,0,0,201000,10000,191000,191000
064076,台積電中信06購02,0,0,0,0,0,0,0,0,0,190000,0,0,0,200000,10000,190000,190000
054457,強茂群益96購01  ,0,0,0,0,0,0,0,0,0,190000,0,0,0,190000,0,190000,190000
053723,奇鋐凱基98購01  ,0,0,0,0,0,0,0,0,0,190000,0,0,0,200000,10000,190000,190000
053609,華新中信9A購01  ,0,0,0,0,0,0,0,0,0,190000,0,0,0,220000,30000,190000,190000
059940,微星永豐99購01  ,0,0,0,0,0,0,0,0,0,190000,0,0,0,236000,46000,190000,190000
058116,正崴中信99購02  ,0,0,0,0,0,0,0,0,0,190000,0,0,0,238000,48000,190000,190000
061205,旺宏元大9A購11  ,0,0,0,0,0,0,0,0,0,190000,0,0,0,190000,0,190000,190000
060933,南電永豐9A購02  ,0,0,0,0,0,0,0,0,0,189000,0,0,0,189000,0,189000,189000
063100,聚陽群益9C購02  ,0,0,0,0,0,0,0,0,0,189000,0,0,0,491000,302000,189000,189000
2404,漢唐            ,371000,223000,148000,0,0,0,0,0,0,40000,1000,9000,-8000,65000,17000,48000,188000
2106,建大            ,277000,93000,184000,0,0,0,0,0,0,4000,17000,13000,4000,0,0,0,188000
057059,易華電元大99購01,0,0,0,0,0,0,0,0,0,188000,0,0,0,218000,30000,188000,188000
059937,旺宏永豐99購03  ,0,0,0,0,0,0,0,0,0,188000,0,0,0,188000,0,188000,188000
060511,群創元大9B購08  ,0,0,0,0,0,0,0,0,0,188000,0,0,0,293000,105000,188000,188000
063236,旺宏元大9B購07  ,0,0,0,0,0,0,0,0,0,188000,0,0,0,298000,110000,188000,188000
061472,台積電元大9A購32,0,0,0,0,0,0,0,0,0,188000,0,0,0,208000,20000,188000,188000
061731,旺宏統一9B購06  ,0,0,0,0,0,0,0,0,0,187000,0,0,0,187000,0,187000,187000
5434,崇越            ,243000,48000,195000,0,0,0,0,0,0,-8000,2000,10000,-8000,0,0,0,187000
2379,瑞昱            ,1428927,1711310,-282383,0,0,0,418000,0,418000,51000,46000,64000,-18000,97000,28000,69000,186617
07214P,聯發科凱基9A售04,0,0,0,0,0,0,0,0,0,186000,0,0,0,196000,10000,186000,186000
057148,玉晶光國票99購04,0,0,0,0,0,0,0,0,0,186000,0,0,0,215000,29000,186000,186000
063136,智邦統一9B購02  ,0,0,0,0,0,0,0,0,0,186000,0,0,0,343000,157000,186000,186000
063274,鈺齊兆豐9B購01  ,0,0,0,0,0,0,0,0,0,186000,0,0,0,453000,267000,186000,186000
07128P,大毅元大99售04  ,0,0,0,0,0,0,0,0,0,185000,0,0,0,185000,0,185000,185000
07075P,FBVIX凱基9C售04 ,0,0,0,0,0,0,0,0,0,185000,0,0,0,185000,0,185000,185000
064045,南亞科統一9C購04,2000,0,2000,0,0,0,0,0,0,183000,0,0,0,243000,60000,183000,185000
00728,第一金工業30    ,1000,1000,0,0,0,0,0,0,0,185000,0,0,0,205000,20000,185000,185000
058663,瑞儀兆豐9A購01  ,0,0,0,0,0,0,0,0,0,185000,0,0,0,185000,0,185000,185000
060671,亞德客元大9A購03,0,0,0,0,0,0,0,0,0,185000,0,0,0,185000,0,185000,185000
3209,全科            ,228000,51000,177000,0,0,0,0,0,0,8000,8000,0,8000,0,0,0,185000
062521,玉晶光元大9C購05,0,0,0,0,0,0,0,0,0,184000,0,0,0,202000,18000,184000,184000
063474,康控元大9B購04  ,0,0,0,0,0,0,0,0,0,183000,0,0,0,221000,38000,183000,183000
2402,毅嘉            ,354000,173000,181000,0,0,0,0,0,0,2000,2000,0,2000,0,0,0,183000
052317,台積電元大96購11,0,0,0,0,0,0,0,0,0,183000,0,0,0,193000,10000,183000,183000
055894,欣興統一97購03  ,0,0,0,0,0,0,0,0,0,183000,0,0,0,204000,21000,183000,183000
058774,台郡兆豐9A購01  ,0,0,0,0,0,0,0,0,0,183000,0,0,0,253000,70000,183000,183000
059631,京元電凱基99購02,0,0,0,0,0,0,0,0,0,183000,0,0,0,314000,131000,183000,183000
061592,義隆永豐9A購03  ,0,0,0,0,0,0,0,0,0,183000,0,0,0,274000,91000,183000,183000
047676,臺股指元富99購01,0,0,0,0,0,0,0,0,0,182000,0,0,0,182000,0,182000,182000
053453,新光金統一98購01,0,0,0,0,0,0,0,0,0,182000,0,0,0,182000,0,182000,182000
061031,神隆永豐9A購02  ,0,0,0,0,0,0,0,0,0,182000,0,0,0,230000,48000,182000,182000
061360,智邦兆豐9B購02  ,0,0,0,0,0,0,0,0,0,182000,0,0,0,229000,47000,182000,182000
062719,微星凱基9B購01  ,0,0,0,0,0,0,0,0,0,182000,0,0,0,189000,7000,182000,182000
063151,奇鋐元富9B購01  ,0,0,0,0,0,0,0,0,0,182000,0,0,0,322000,140000,182000,182000
063152,健策元富9C購01  ,0,0,0,0,0,0,0,0,0,182000,0,0,0,220000,38000,182000,182000
07617P,聯發科中信9C售04,0,0,0,0,0,0,0,0,0,181000,0,0,0,298000,117000,181000,181000
056622,高鐵永豐98購01  ,0,0,0,0,0,0,0,0,0,181000,0,0,0,185000,4000,181000,181000
055188,亞翔統一97購01  ,0,0,0,0,0,0,0,0,0,181000,0,0,0,181000,0,181000,181000
063340,英業達統一9B購01,0,0,0,0,0,0,0,0,0,181000,0,0,0,181000,0,181000,181000
060889,國泰金統一9C購01,0,0,0,0,0,0,0,0,0,181000,0,0,0,449000,268000,181000,181000
056845,揚明光元富98購01,0,0,0,0,0,0,0,0,0,180000,0,0,0,300000,120000,180000,180000
055367,台積電元大97購23,0,0,0,0,0,0,0,0,0,180000,0,0,0,180000,0,180000,180000
056685,光罩統一98購03  ,0,0,0,0,0,0,0,0,0,180000,0,0,0,180000,0,180000,180000
052004,泰碩國泰97購03  ,0,0,0,0,0,0,0,0,0,180000,0,0,0,180000,0,180000,180000
051047,深中小群益99購01,0,0,0,0,0,0,0,0,0,180000,0,0,0,180000,0,180000,180000
057810,技嘉元大98購06  ,0,0,0,0,0,0,0,0,0,180000,0,0,0,294000,114000,180000,180000
060796,世芯永豐9A購03  ,0,0,0,0,0,0,0,0,0,180000,0,0,0,196000,16000,180000,180000
062136,南亞科群益9B購01,0,0,0,0,0,0,0,0,0,180000,0,0,0,191000,11000,180000,180000
055336,茂林兆豐98購01  ,0,0,0,0,0,0,0,0,0,179000,0,0,0,229000,50000,179000,179000
057595,健鼎兆豐98購01  ,0,0,0,0,0,0,0,0,0,179000,0,0,0,384000,205000,179000,179000
2426,鼎元            ,272000,96000,176000,0,0,0,0,0,0,2000,2000,0,2000,0,0,0,178000
063604,群創凱基01購02  ,0,0,0,0,0,0,0,0,0,178000,0,0,0,209000,31000,178000,178000
058327,大毅統一9B購01  ,0,0,0,0,0,0,0,0,0,178000,0,0,0,843000,665000,178000,178000
054418,茂林元大97購01  ,0,0,0,0,0,0,0,0,0,178000,0,0,0,178000,0,178000,178000
059298,大立光元富9C購02,0,0,0,0,0,0,0,0,0,178000,0,0,0,231000,53000,178000,178000
06901P,亞德客凱基98售02,0,0,0,0,0,0,0,0,0,177000,0,0,0,290000,113000,177000,177000
1464,得力            ,270000,90000,180000,0,0,0,0,0,0,-3000,7000,2000,5000,0,8000,-8000,177000
6277,宏正            ,217000,40000,177000,0,0,0,0,0,0,0,0,0,0,0,0,0,177000
07208P,台積電凱基99售14,0,0,0,0,0,0,0,0,0,176000,0,0,0,186000,10000,176000,176000
063845,旺宏元大9C購03  ,0,0,0,0,0,0,0,0,0,176000,0,0,0,304000,128000,176000,176000
058148,百和元大99購01  ,0,0,0,0,0,0,0,0,0,176000,0,0,0,244000,68000,176000,176000
055966,茂林元大99購01  ,0,0,0,0,0,0,0,0,0,176000,0,0,0,400000,224000,176000,176000
057833,聯發科元富02購06,0,0,0,0,0,0,0,0,0,176000,0,0,0,179000,3000,176000,176000
058813,旺宏統一9B購04  ,0,0,0,0,0,0,0,0,0,176000,0,0,0,241000,65000,176000,176000
056290,正文永豐98購01  ,0,0,0,0,0,0,0,0,0,175000,0,0,0,175000,0,175000,175000
052856,滬深2X凱基98購01,0,0,0,0,0,0,0,0,0,175000,0,0,0,175000,0,175000,175000
058374,玉晶光凱基9A購03,0,0,0,0,0,0,0,0,0,175000,0,0,0,183000,8000,175000,175000
060551,大立光凱基9B購02,0,0,0,0,0,0,0,0,0,175000,0,0,0,192000,17000,175000,175000
061749,群創統一9C購02  ,0,0,0,0,0,0,0,0,0,175000,0,0,0,302000,127000,175000,175000
061690,旺宏群益9A購05  ,0,0,0,0,0,0,0,0,0,175000,0,0,0,175000,0,175000,175000
060774,南亞科凱基9A購01,0,0,0,0,0,0,0,0,0,175000,0,0,0,249000,74000,175000,175000
062622,南電元大9B購03  ,0,0,0,0,0,0,0,0,0,175000,0,0,0,175000,0,175000,175000
063868,嘉晶永豐9C購01  ,0,0,0,0,0,0,0,0,0,174000,0,0,0,174000,0,174000,174000
063514,南電麥證9C購01  ,0,0,0,174000,0,174000,0,0,0,174000,0,0,0,174000,0,174000,174000
058803,世紀鋼元大99購03,0,0,0,0,0,0,0,0,0,174000,0,0,0,340000,166000,174000,174000
062647,南電國泰9C購02  ,0,0,0,0,0,0,0,0,0,174000,0,0,0,456000,282000,174000,174000
059261,華邦電中信01購01,0,0,0,0,0,0,0,0,0,173000,0,0,0,532000,359000,173000,173000
061666,友達中信01購01  ,0,0,0,0,0,0,0,0,0,173000,0,0,0,253000,80000,173000,173000
00647L,元大S&P500正2   ,30000,22000,8000,0,0,0,0,0,0,164000,0,0,0,319000,155000,164000,172000
05463P,創意國票96售04  ,0,0,0,0,0,0,0,0,0,172000,0,0,0,172000,0,172000,172000
062759,旺宏凱基9B購07  ,0,0,0,0,0,0,0,0,0,172000,0,0,0,194000,22000,172000,172000
063361,台表科國泰01購02,0,0,0,0,0,0,0,0,0,172000,0,0,0,219000,47000,172000,172000
064031,玉晶光元大02購01,0,0,0,0,0,0,0,0,0,171000,0,0,0,172000,1000,171000,171000
064015,立積國票01購01  ,0,0,0,0,0,0,0,0,0,171000,0,0,0,241000,70000,171000,171000
063390,嘉晶兆豐9B購01  ,0,0,0,0,0,0,0,0,0,171000,0,0,0,271000,100000,171000,171000
062821,華擎兆豐9C購01  ,0,0,0,0,0,0,0,0,0,171000,0,0,0,233000,62000,171000,171000
055402,正文元富97購02  ,0,0,0,0,0,0,0,0,0,170000,0,0,0,180000,10000,170000,170000
063195,訊連元富9B購01  ,0,0,0,0,0,0,0,0,0,170000,0,0,0,268000,98000,170000,170000
061677,泰碩元大9A購05  ,0,0,0,0,0,0,0,0,0,170000,0,0,0,220000,50000,170000,170000
1720,生達            ,376000,206000,170000,0,0,0,0,1017,-1017,1000,1000,0,1000,0,0,0,169983
055261,帆宣統一98購01  ,0,0,0,0,0,0,0,0,0,169000,0,0,0,465000,296000,169000,169000
055775,友達凱基9A購01  ,0,0,0,0,0,0,0,0,0,169000,0,0,0,169000,0,169000,169000
00762,元大全球AI      ,0,0,0,0,0,0,0,0,0,169000,0,0,0,169000,0,169000,169000
061579,京鼎元大9A購02  ,0,0,0,0,0,0,0,0,0,169000,0,0,0,295000,126000,169000,169000
062117,燿華中信9B購01  ,0,0,0,0,0,0,0,0,0,169000,0,0,0,169000,0,169000,169000
060981,旺宏元大9A購08  ,0,0,0,0,0,0,0,0,0,169000,0,0,0,219000,50000,169000,169000
06421P,嘉澤統一97售02  ,0,0,0,0,0,0,0,0,0,168000,0,0,0,311000,143000,168000,168000
006207,FH滬深          ,637000,1000,636000,0,0,0,0,0,0,-468000,0,0,0,444000,912000,-468000,168000
059283,康友永豐99購02  ,0,0,0,0,0,0,0,0,0,168000,0,0,0,168000,0,168000,168000
058431,國巨統一9B購01  ,0,0,0,0,0,0,0,0,0,168000,0,0,0,268000,100000,168000,168000
058131,義隆元大99購02  ,0,0,0,0,0,0,0,0,0,168000,0,0,0,175000,7000,168000,168000
060637,玉晶光永豐9A購03,0,0,0,0,0,0,0,0,0,168000,0,0,0,178000,10000,168000,168000
063016,微星元大9C購02  ,0,0,0,0,0,0,0,0,0,168000,0,0,0,202000,34000,168000,168000
1708,東鹼            ,217000,52000,165000,0,0,0,0,0,0,2000,2000,0,2000,0,0,0,167000
059939,技嘉永豐99購01  ,0,0,0,0,0,0,0,0,0,167000,0,0,0,167000,0,167000,167000
060715,日電貿永豐9A購01,0,0,0,0,0,0,0,0,0,166000,0,0,0,166000,0,166000,166000
060406,瑞祺國泰9B購01  ,0,0,0,0,0,0,0,0,0,166000,0,0,0,264000,98000,166000,166000
059952,旺宏康和99購01  ,0,0,0,0,0,0,0,0,0,166000,0,0,0,166000,0,166000,166000
057649,嘉聯益元大99購04,0,0,0,0,0,0,0,0,0,166000,0,0,0,166000,0,166000,166000
063344,臺企銀統一9C購01,0,0,0,0,0,0,0,0,0,166000,0,0,0,166000,0,166000,166000
06145P,華新科永豐97售02,0,0,0,0,0,0,0,0,0,166000,0,0,0,166000,0,166000,166000
056288,健鼎永豐97購01  ,0,0,0,0,0,0,0,0,0,165000,0,0,0,206000,41000,165000,165000
060688,世紀鋼元大9C購01,0,0,0,0,0,0,0,0,0,165000,0,0,0,250000,85000,165000,165000
062086,瑞祺元大9B購01  ,0,0,0,0,0,0,0,0,0,165000,0,0,0,181000,16000,165000,165000
07255P,國巨凱基99售15  ,0,0,0,0,0,0,0,0,0,164000,0,0,0,170000,6000,164000,164000
063902,志超群益9C購01  ,0,0,0,0,0,0,0,0,0,164000,0,0,0,242000,78000,164000,164000
060202,康友元富9A購01  ,0,0,0,0,0,0,0,0,0,164000,0,0,0,195000,31000,164000,164000
058896,中環元大99購03  ,0,0,0,0,0,0,0,0,0,164000,0,0,0,164000,0,164000,164000
062310,南亞科凱基9B購02,0,0,0,0,0,0,0,0,0,164000,0,0,0,184000,20000,164000,164000
063862,世紀鋼國泰02購01,0,0,0,0,0,0,0,0,0,163000,0,0,0,308000,145000,163000,163000
058915,SGBR2X元富99購01,0,0,0,0,0,0,0,0,0,163000,0,0,0,163000,0,163000,163000
057912,美律日盛99購01  ,0,0,0,0,0,0,0,0,0,163000,0,0,0,443000,280000,163000,163000
060009,南亞科群益99購03,0,0,0,0,0,0,0,0,0,163000,0,0,0,179000,16000,163000,163000
063222,群創群益9B購03  ,0,0,0,0,0,0,0,0,0,163000,0,0,0,327000,164000,163000,163000
061370,晶技國泰9C購01  ,0,0,0,0,0,0,0,0,0,163000,0,0,0,193000,30000,163000,163000
061284,友達統一9C購01  ,0,0,0,0,0,0,0,0,0,163000,0,0,0,163000,0,163000,163000
2023,燁輝            ,773000,563000,210000,0,0,0,0,0,0,-48000,0,48000,-48000,0,0,0,162000
2383,台光電          ,1010000,876000,134000,0,0,0,17000,97000,-80000,108000,176000,104000,72000,56000,20000,36000,162000
055497,開發金元大97購01,0,0,0,0,0,0,0,0,0,162000,0,0,0,462000,300000,162000,162000
053640,上緯控永豐96購01,0,0,0,0,0,0,0,0,0,162000,0,0,0,162000,0,162000,162000
060707,台郡富邦9A購01  ,0,0,0,0,0,0,0,0,0,162000,0,0,0,183000,21000,162000,162000
057244,鈺齊凱基99購01  ,0,0,0,0,0,0,0,0,0,162000,0,0,0,346000,184000,162000,162000
060747,聯鈞國票9A購02  ,0,0,0,0,0,0,0,0,0,162000,0,0,0,252000,90000,162000,162000
062506,巨大群益9C購01  ,0,0,0,0,0,0,0,0,0,162000,0,0,0,251000,89000,162000,162000
055684,京鼎凱基97購01  ,0,0,0,0,0,0,0,0,0,161000,0,0,0,161000,0,161000,161000
051911,大立光元大98購02,0,0,0,0,0,0,0,0,0,161000,0,0,0,161000,0,161000,161000
04768P,大立光國泰96售03,0,0,0,0,0,0,0,0,0,161000,0,0,0,161000,0,161000,161000
057196,茂林台新98購01  ,0,0,0,0,0,0,0,0,0,161000,0,0,0,161000,0,161000,161000
060452,儒鴻元大9A購01  ,0,0,0,0,0,0,0,0,0,161000,0,0,0,241000,80000,161000,161000
062333,嘉晶統一9C購01  ,0,0,0,0,0,0,0,0,0,161000,0,0,0,196000,35000,161000,161000
063128,智伸科元大9B購01,0,0,0,0,0,0,0,0,0,161000,0,0,0,162000,1000,161000,161000
6412,群電            ,361000,195000,166000,0,0,0,0,0,0,-5000,2000,0,2000,3000,10000,-7000,161000
07919P,創意永豐9B售01  ,0,0,0,0,0,0,0,0,0,160000,0,0,0,376000,216000,160000,160000
063920,大立光元富03購02,0,0,0,0,0,0,0,0,0,160000,0,0,0,359000,199000,160000,160000
056450,可成凱基98購05  ,0,0,0,0,0,0,0,0,0,160000,0,0,0,270000,110000,160000,160000
057547,技嘉凱基99購01  ,0,0,0,0,0,0,0,0,0,160000,0,0,0,164000,4000,160000,160000
062853,大毅永豐9B購03  ,0,0,0,0,0,0,0,0,0,160000,0,0,0,260000,100000,160000,160000
062937,旺宏凱基9B購08  ,0,0,0,0,0,0,0,0,0,160000,0,0,0,180000,20000,160000,160000
062698,台積電元大01購01,0,0,0,0,0,0,0,0,0,160000,0,0,0,793000,633000,160000,160000
062090,南電元大9B購02  ,0,0,0,0,0,0,0,0,0,160000,0,0,0,160000,0,160000,160000
061928,群創凱基9B購06  ,0,0,0,0,0,0,0,0,0,160000,0,0,0,250000,90000,160000,160000
061543,南亞科群益9A購01,0,0,0,0,0,0,0,0,0,160000,0,0,0,195000,35000,160000,160000
061808,聯發科統一01購02,0,0,0,0,0,0,0,0,0,160000,0,0,0,208000,48000,160000,160000
6592,和潤企業        ,252000,169000,83000,0,0,0,0,0,0,77000,57000,0,57000,55000,35000,20000,160000
063888,TPK中信01購01   ,0,0,0,0,0,0,0,0,0,159000,0,0,0,189000,30000,159000,159000
052853,友達日盛99購01  ,0,0,0,0,0,0,0,0,0,159000,0,0,0,324000,165000,159000,159000
057137,鈺齊凱基98購01  ,0,0,0,0,0,0,0,0,0,159000,0,0,0,413000,254000,159000,159000
060721,瑞儀永豐9A購01  ,0,0,0,0,0,0,0,0,0,159000,0,0,0,213000,54000,159000,159000
061071,復盛凱基9A購01  ,0,0,0,0,0,0,0,0,0,159000,0,0,0,249000,90000,159000,159000
061157,聯鈞群益9A購02  ,0,0,0,0,0,0,0,0,0,159000,0,0,0,204000,45000,159000,159000
057928,鈺齊凱基98購02  ,0,0,0,0,0,0,0,0,0,158000,0,0,0,300000,142000,158000,158000
062421,台積電統一9C購09,0,0,0,0,0,0,0,0,0,158000,0,0,0,158000,0,158000,158000
059096,百和元大99購04  ,0,0,0,0,0,0,0,0,0,157000,0,0,0,157000,0,157000,157000
057189,康控元大98購02  ,0,0,0,0,0,0,0,0,0,157000,0,0,0,160000,3000,157000,157000
060821,SP黃豆元大9A購02,0,0,0,0,0,0,0,0,0,157000,0,0,0,272000,115000,157000,157000
061650,南電元大9A購07  ,0,0,0,0,0,0,0,0,0,157000,0,0,0,234000,77000,157000,157000
1444,力麗            ,513000,384000,129000,0,0,0,0,0,0,27000,28000,1000,27000,0,0,0,156000
058068,旺宏凱基98購11  ,0,0,0,0,0,0,0,0,0,156000,0,0,0,182000,26000,156000,156000
060657,旺宏統一9B購05  ,0,0,0,0,0,0,0,0,0,156000,0,0,0,156000,0,156000,156000
060308,劍麟永豐9A購01  ,0,0,0,0,0,0,0,0,0,156000,0,0,0,156000,0,156000,156000
057716,神達統一98購01  ,0,0,0,0,0,0,0,0,0,156000,0,0,0,206000,50000,156000,156000
060758,台積電元大9A購19,0,0,0,0,0,0,0,0,0,156000,0,0,0,176000,20000,156000,156000
062294,盛群永豐9B購01  ,0,0,0,0,0,0,0,0,0,156000,0,0,0,156000,0,156000,156000
063144,超眾統一9C購02  ,0,0,0,0,0,0,0,0,0,156000,0,0,0,211000,55000,156000,156000
058188,華擎永豐99購01  ,0,0,0,0,0,0,0,0,0,155000,0,0,0,295000,140000,155000,155000
059021,台積電統一9B購07,0,0,0,0,0,0,0,0,0,155000,0,0,0,155000,0,155000,155000
057838,台郡國泰99購01  ,0,0,0,0,0,0,0,0,0,155000,0,0,0,180000,25000,155000,155000
059278,群創元大9A購04  ,0,0,0,0,0,0,0,0,0,155000,0,0,0,390000,235000,155000,155000
057997,旺宏第一9C購01  ,0,0,0,0,0,0,0,0,0,155000,0,0,0,155000,0,155000,155000
061376,瑞昱永豐9A購02  ,0,0,0,0,0,0,0,0,0,155000,0,0,0,155000,0,155000,155000
2359,所羅門          ,214000,62000,152000,0,0,0,0,0,0,2000,30000,28000,2000,0,0,0,154000
058766,力山兆豐99購01  ,0,0,0,0,0,0,0,0,0,154000,0,0,0,156000,2000,154000,154000
058355,旺宏凱基99購04  ,0,0,0,0,0,0,0,0,0,154000,0,0,0,154000,0,154000,154000
063956,神達元大9C購01  ,0,0,0,0,0,0,0,0,0,153000,0,0,0,365000,212000,153000,153000
058837,SGBR2X中信9C購01,0,0,0,0,0,0,0,0,0,153000,0,0,0,153000,0,153000,153000
060363,美律元富9A購01  ,0,0,0,0,0,0,0,0,0,153000,0,0,0,277000,124000,153000,153000
061117,美律國泰9C購01  ,0,0,0,0,0,0,0,0,0,153000,0,0,0,183000,30000,153000,153000
061034,晶豪科永豐9A購01,0,0,0,0,0,0,0,0,0,153000,0,0,0,163000,10000,153000,153000
9939,宏全            ,285000,109000,176000,0,0,0,0,0,0,-23000,2000,1000,1000,1000,25000,-24000,153000
064056,GIS統一01購02   ,0,0,0,0,0,0,0,0,0,152000,0,0,0,165000,13000,152000,152000
2108,南帝            ,374000,113000,261000,0,0,0,0,0,0,-109000,1000,110000,-109000,0,0,0,152000
08181P,華新科國泰9C售02,0,0,0,0,0,0,0,0,0,152000,0,0,0,152000,0,152000,152000
056571,燿華元大98購02  ,0,0,0,0,0,0,0,0,0,152000,0,0,0,172000,20000,152000,152000
060505,友達元大9C購05  ,0,0,0,0,0,0,0,0,0,152000,0,0,0,217000,65000,152000,152000
060982,旺宏元大9A購09  ,0,0,0,0,0,0,0,0,0,152000,0,0,0,152000,0,152000,152000
062924,世紀鋼元大9C購04,0,0,0,0,0,0,0,0,0,152000,0,0,0,264000,112000,152000,152000
063511,南電群益9B購02  ,0,0,0,0,0,0,0,0,0,151000,0,0,0,181000,30000,151000,151000
063631,燿華元大9B購06  ,0,0,0,0,0,0,0,0,0,151000,0,0,0,251000,100000,151000,151000
055907,台虹兆豐98購01  ,0,0,0,0,0,0,0,0,0,151000,0,0,0,161000,10000,151000,151000
053401,臺股指中信99購01,0,0,0,0,0,0,0,0,0,151000,0,0,0,151000,0,151000,151000
063121,友達元大9C購09  ,0,0,0,0,0,0,0,0,0,151000,0,0,0,246000,95000,151000,151000
063203,華新科統一9C購04,0,0,0,0,0,0,0,0,0,151000,0,0,0,267000,116000,151000,151000
061113,南電元大9A購03  ,0,0,0,0,0,0,0,0,0,151000,0,0,0,151000,0,151000,151000
2360,致茂            ,194339,93000,101339,0,0,0,0,0,0,49000,62000,8000,54000,3000,8000,-5000,150339
063682,達新永豐9B購01  ,0,0,0,0,0,0,0,0,0,150000,0,0,0,180000,30000,150000,150000
063827,國巨國票02購01  ,0,0,0,0,0,0,0,0,0,150000,0,0,0,150000,0,150000,150000
06940P,旺宏永豐98售05  ,0,0,0,0,0,0,0,0,0,150000,0,0,0,150000,0,150000,150000
051741,可成國票97購01  ,0,0,0,0,0,0,0,0,0,150000,0,0,0,150000,0,150000,150000
055150,台積電元大98購04,0,0,0,0,0,0,0,0,0,150000,0,0,0,247000,97000,150000,150000
054922,文曄凱基98購01  ,0,0,0,0,0,0,0,0,0,150000,0,0,0,200000,50000,150000,150000
054504,聯鈞永豐96購01  ,0,0,0,0,0,0,0,0,0,150000,0,0,0,150000,0,150000,150000
059907,道瓊指元大99購03,0,0,0,0,0,0,0,0,0,150000,0,0,0,155000,5000,150000,150000
057603,樺漢群益98購02  ,0,0,0,0,0,0,0,0,0,150000,0,0,0,303000,153000,150000,150000
057579,長榮航中信9A購01,0,0,0,0,0,0,0,0,0,150000,0,0,0,649000,499000,150000,150000
061170,南茂兆豐9B購01  ,0,0,0,0,0,0,0,0,0,150000,0,0,0,202000,52000,150000,150000
061372,世紀鋼國泰9C購01,0,0,0,0,0,0,0,0,0,150000,0,0,0,1125000,975000,150000,150000
061828,T50反1凱基02購01,0,0,0,0,0,0,0,0,0,150000,0,0,0,150000,0,150000,150000
063206,貿聯統一9C購02  ,0,0,0,0,0,0,0,0,0,150000,0,0,0,190000,40000,150000,150000
9938,百和            ,540000,298000,242000,0,0,0,0,0,0,-92000,15000,12000,3000,7000,102000,-95000,150000
2851,中再保          ,165000,15000,150000,0,0,0,0,0,0,0,0,0,0,0,0,0,150000
058650,台虹永豐9A購01  ,0,0,0,0,0,0,0,0,0,149000,0,0,0,149000,0,149000,149000
060552,群創凱基9B購05  ,0,0,0,0,0,0,0,0,0,149000,0,0,0,199000,50000,149000,149000
060684,同欣電元大9A購01,0,0,0,0,0,0,0,0,0,149000,0,0,0,301000,152000,149000,149000
06458P,玉晶光統一9A售02,0,0,0,0,0,0,0,0,0,148000,0,0,0,153000,5000,148000,148000
060561,台積電富邦04購01,0,0,0,0,0,0,0,0,0,148000,0,0,0,424000,276000,148000,148000
059344,長榮航凱基99購01,0,0,0,0,0,0,0,0,0,148000,0,0,0,150000,2000,148000,148000
057075,嘉聯益永豐98購01,0,0,0,0,0,0,0,0,0,148000,0,0,0,198000,50000,148000,148000
062183,奇鋐元大9B購01  ,0,0,0,0,0,0,0,0,0,148000,0,0,0,200000,52000,148000,148000
062539,可成國泰01購01  ,0,0,0,0,0,0,0,0,0,148000,0,0,0,371000,223000,148000,148000
061753,南亞科台新9B購01,0,0,0,0,0,0,0,0,0,148000,0,0,0,194000,46000,148000,148000
061160,瑞祺群益9A購01  ,0,0,0,0,0,0,0,0,0,148000,0,0,0,148000,0,148000,148000
063641,泰鼎元大9B購04  ,0,0,0,0,0,0,0,0,0,147000,0,0,0,150000,3000,147000,147000
1460,宏遠            ,395000,249000,146000,0,0,0,0,0,0,1000,1000,0,1000,0,0,0,147000
055433,嘉聯益群益99購01,0,0,0,0,0,0,0,0,0,147000,0,0,0,147000,0,147000,147000
058843,元油2X群益9C購02,0,0,0,0,0,0,0,0,0,147000,0,0,0,147000,0,147000,147000
058547,世紀鋼富邦9A購01,0,0,0,0,0,0,0,0,0,146000,0,0,0,147000,1000,146000,146000
057989,旺宏統一99購04  ,0,0,0,0,0,0,0,0,0,146000,0,0,0,206000,60000,146000,146000
061771,玉晶光元大9C購04,0,0,0,0,0,0,0,0,0,146000,0,0,0,154000,8000,146000,146000
063221,京元電群益9B購02,0,0,0,0,0,0,0,0,0,146000,0,0,0,245000,99000,146000,146000
062837,復盛群益9B購01  ,0,0,0,0,0,0,0,0,0,146000,0,0,0,326000,180000,146000,146000
2102,泰豐            ,943000,800000,143000,0,0,0,0,0,0,2000,2000,0,2000,0,0,0,145000
058730,玉晶光永豐9A購01,0,0,0,0,0,0,0,0,0,145000,0,0,0,155000,10000,145000,145000
058873,美律國票9A購02  ,0,0,0,0,0,0,0,0,0,145000,0,0,0,168000,23000,145000,145000
058344,旺宏群益99購05  ,0,0,0,0,0,0,0,0,0,145000,0,0,0,145000,0,145000,145000
061515,泰碩永豐9A購03  ,0,0,0,0,0,0,0,0,0,145000,0,0,0,155000,10000,145000,145000
08203P,同欣電永豐9B售04,0,0,0,0,0,0,0,0,0,144000,0,0,0,144000,0,144000,144000
052679,致伸富邦98購01  ,0,0,0,0,0,0,0,0,0,144000,0,0,0,144000,0,144000,144000
055172,凱美統一97購02  ,0,0,0,0,0,0,0,0,0,144000,0,0,0,144000,0,144000,144000
058521,日月光元大99購01,0,0,0,0,0,0,0,0,0,144000,0,0,0,212000,68000,144000,144000
063263,高鐵永豐9B購01  ,0,0,0,0,0,0,0,0,0,144000,0,0,0,274000,130000,144000,144000
07709P,創意元大9A售01  ,0,0,0,0,0,0,0,0,0,143000,0,0,0,205000,62000,143000,143000
056386,TPK國泰99購01   ,0,0,0,0,0,0,0,0,0,143000,0,0,0,353000,210000,143000,143000
056577,玉晶光元大99購06,0,0,0,0,0,0,0,0,0,143000,0,0,0,192000,49000,143000,143000
056486,樺漢元大98購04  ,0,0,0,0,0,0,0,0,0,143000,0,0,0,298000,155000,143000,143000
057074,立積永豐98購01  ,0,0,0,0,0,0,0,0,0,143000,0,0,0,186000,43000,143000,143000
062344,力山群益9B購02  ,0,0,0,0,0,0,0,0,0,143000,0,0,0,163000,20000,143000,143000
063441,台達電統一9C購01,0,0,0,0,0,0,0,0,0,142000,0,0,0,235000,93000,142000,142000
055153,台光電元大98購02,0,0,0,0,0,0,0,0,0,142000,0,0,0,148000,6000,142000,142000
053691,聯發科元大96購16,0,0,0,0,0,0,0,0,0,142000,0,0,0,142000,0,142000,142000
057242,台郡凱基98購05  ,0,0,0,0,0,0,0,0,0,142000,0,0,0,149000,7000,142000,142000
062263,康控元大9B購03  ,0,0,0,0,0,0,0,0,0,142000,0,0,0,246000,104000,142000,142000
061639,晶豪科元大9A購02,0,0,0,0,0,0,0,0,0,142000,0,0,0,148000,6000,142000,142000
060984,南亞科元大9A購07,0,0,0,0,0,0,0,0,0,142000,0,0,0,145000,3000,142000,142000
063465,友達元大9C購10  ,0,0,0,0,0,0,0,0,0,141000,0,0,0,235000,94000,141000,141000
063573,茂林元大9B購06  ,0,0,0,0,0,0,0,0,0,141000,0,0,0,239000,98000,141000,141000
2013,中鋼構          ,180000,39000,141000,0,0,0,0,0,0,0,1000,1000,0,0,0,0,141000
053381,友達元大9A購02  ,0,0,0,0,0,0,0,0,0,141000,0,0,0,258000,117000,141000,141000
058705,長榮航元大99購01,0,15000,-15000,0,0,0,0,0,0,156000,0,0,0,256000,100000,156000,141000
058685,TPK凱基99購01   ,0,0,0,0,0,0,0,0,0,141000,0,0,0,163000,22000,141000,141000
061866,力山元大9C購01  ,0,0,0,0,0,0,0,0,0,141000,0,0,0,153000,12000,141000,141000
062015,喬山永豐9B購01  ,0,0,0,0,0,0,0,0,0,141000,0,0,0,154000,13000,141000,141000
062386,京鼎國泰9C購01  ,0,0,0,0,0,0,0,0,0,141000,0,0,0,222000,81000,141000,141000
8404,百和興業-KY     ,202000,62000,140000,0,0,0,0,0,0,1000,1000,0,1000,0,0,0,141000
1736,喬山            ,443000,379000,64000,0,0,0,30000,0,30000,46000,2000,1000,1000,124000,79000,45000,140000
1449,佳和            ,257000,137000,120000,0,0,0,0,0,0,20000,20000,0,20000,0,0,0,140000
1592,英瑞-KY         ,166000,28000,138000,0,0,0,0,0,0,2000,2000,0,2000,0,0,0,140000
07636P,鴻海國票9A售05  ,0,0,0,0,0,0,0,0,0,140000,0,0,0,180000,40000,140000,140000
08036P,嘉澤群益9B售03  ,0,0,0,0,0,0,0,0,0,140000,0,0,0,209000,69000,140000,140000
063923,世芯元富9C購01  ,0,0,0,0,0,0,0,0,0,140000,0,0,0,154000,14000,140000,140000
052669,群創群益98購06  ,0,0,0,0,0,0,0,0,0,140000,0,0,0,140000,0,140000,140000
00686R,群益臺灣加權反1 ,0,0,0,0,0,0,0,0,0,140000,0,0,0,291000,151000,140000,140000
049615,香港2X群益98購01,0,0,0,0,0,0,0,0,0,140000,0,0,0,140000,0,140000,140000
059996,美律元富99購01  ,0,0,0,0,0,0,0,0,0,140000,0,0,0,220000,80000,140000,140000
062616,玉晶光元大9C購06,0,0,0,0,0,0,0,0,0,140000,0,0,0,146000,6000,140000,140000
063345,嘉晶統一9C購02  ,0,0,0,0,0,0,0,0,0,140000,0,0,0,145000,5000,140000,140000
055527,旺宏群益99購03  ,0,0,0,0,0,0,0,0,0,139000,0,0,0,139000,0,139000,139000
059979,台積電元大99購49,0,0,0,0,0,0,0,0,0,139000,0,0,0,191000,52000,139000,139000
062469,旺宏凱基9B購05  ,0,0,0,0,0,0,0,0,0,139000,0,0,0,139000,0,139000,139000
060906,旺宏元大9A購07  ,0,0,0,0,0,0,0,0,0,139000,0,0,0,184000,45000,139000,139000
07058P,台積電凱基9A售07,0,0,0,0,0,0,0,0,0,138000,0,0,0,180000,42000,138000,138000
056657,華邦電元大99購01,0,0,0,0,0,0,0,0,0,138000,0,0,0,370000,232000,138000,138000
057961,茂林元大9A購01  ,0,0,0,0,0,0,0,0,0,138000,0,0,0,206000,68000,138000,138000
062633,亞光國票9B購01  ,0,0,0,0,0,0,0,0,0,138000,0,0,0,170000,32000,138000,138000
2207,和泰車          ,576000,438729,137271,0,0,0,0,1000,-1000,1000,8000,6000,2000,0,1000,-1000,137271
064151,義隆統一01購01  ,0,0,0,0,0,0,0,0,0,137000,0,0,0,185000,48000,137000,137000
020015,統一MSCI美低波N ,0,0,0,0,0,0,0,0,0,137000,0,0,0,301000,164000,137000,137000
051292,牧德統一97購01  ,0,0,0,0,0,0,0,0,0,137000,0,0,0,203000,66000,137000,137000
055249,大毅統一99購01  ,0,0,0,0,0,0,0,0,0,137000,0,0,0,145000,8000,137000,137000
055055,精元永豐97購01  ,0,0,0,0,0,0,0,0,0,137000,0,0,0,137000,0,137000,137000
062688,華擎統一01購03  ,0,0,0,0,0,0,0,0,0,137000,0,0,0,157000,20000,137000,137000
056500,大立光富邦9B購02,0,0,0,0,0,0,0,0,0,136000,0,0,0,136000,0,136000,136000
03682C,臺股指凱基9C牛07,0,0,0,0,0,0,0,0,0,136000,0,0,0,365000,229000,136000,136000
060717,康控永豐9A購01  ,0,0,0,0,0,0,0,0,0,136000,0,0,0,146000,10000,136000,136000
063366,台表科富邦9C購02,0,0,0,0,0,0,0,0,0,136000,0,0,0,147000,11000,136000,136000
061075,亞德客兆豐9A購01,0,0,0,0,0,0,0,0,0,136000,0,0,0,200000,64000,136000,136000
061437,燿華凱基9A購01  ,0,0,0,0,0,0,0,0,0,136000,0,0,0,161000,25000,136000,136000
2601,益航            ,428000,295000,133000,0,0,0,0,5591,-5591,8000,8000,0,8000,0,0,0,135409
06863P,欣興凱基98售05  ,0,0,0,0,0,0,0,0,0,135000,0,0,0,165000,30000,135000,135000
1104,環泥            ,151000,19000,132000,0,0,0,0,0,0,3000,3000,0,3000,0,0,0,135000
052653,臺股指永豐97購01,0,0,0,0,0,0,0,0,0,135000,0,0,0,135000,0,135000,135000
058322,玉晶光永豐99購02,0,0,0,0,0,0,0,0,0,135000,0,0,0,135000,0,135000,135000
061491,嘉聯益兆豐9B購01,0,0,0,0,0,0,0,0,0,135000,0,0,0,185000,50000,135000,135000
061620,禾伸堂群益9A購02,0,0,0,0,0,0,0,0,0,135000,0,0,0,136000,1000,135000,135000
056403,茂林群益98購01  ,0,0,0,0,0,0,0,0,0,134000,0,0,0,149000,15000,134000,134000
053040,全新凱基98購01  ,0,0,0,0,0,0,0,0,0,134000,0,0,0,304000,170000,134000,134000
058688,矽創凱基9A購01  ,0,0,0,0,0,0,0,0,0,134000,0,0,0,134000,0,134000,134000
058691,友訊國票9A購01  ,0,0,0,0,0,0,0,0,0,134000,0,0,0,258000,124000,134000,134000
061678,玉晶光元大9B購04,0,0,0,0,0,0,0,0,0,134000,0,0,0,160000,26000,134000,134000
061235,台積電元大9A購23,0,0,0,0,0,0,0,0,0,134000,0,0,0,154000,20000,134000,134000
062690,華擎統一9B購01  ,0,0,0,0,0,0,0,0,0,134000,0,0,0,134000,0,134000,134000
07456P,華新科元大9A售06,0,0,0,0,0,0,0,0,0,133000,0,0,0,265000,132000,133000,133000
063788,矽創統一02購01  ,0,0,0,0,0,0,0,0,0,133000,0,0,0,532000,399000,133000,133000
054058,晶豪科國票98購01,0,0,0,0,0,0,0,0,0,133000,0,0,0,136000,3000,133000,133000
054828,正崴國泰99購01  ,0,0,0,0,0,0,0,0,0,133000,0,0,0,149000,16000,133000,133000
062308,旺宏凱基9B購04  ,0,0,0,0,0,0,0,0,0,133000,0,0,0,133000,0,133000,133000
2913,農林            ,310000,181000,129000,0,0,0,0,0,0,4000,4000,0,4000,0,0,0,133000
4934,太極            ,407000,274000,133000,0,0,0,0,0,0,0,0,0,0,0,0,0,133000
063805,技嘉兆豐9C購01  ,0,0,0,0,0,0,0,0,0,132000,0,0,0,424000,292000,132000,132000
064025,友達元大02購01  ,0,0,0,0,0,0,0,0,0,132000,0,0,0,159000,27000,132000,132000
063600,燿華凱基9B購04  ,0,0,0,0,0,0,0,0,0,132000,0,0,0,132000,0,132000,132000
07408P,台積電兆豐99售06,0,0,0,0,0,0,0,0,0,132000,0,0,0,200000,68000,132000,132000
08222P,南六凱基9B售05  ,0,0,0,0,0,0,0,0,0,132000,0,0,0,151000,19000,132000,132000
055085,大毅國票97購01  ,0,0,0,0,0,0,0,0,0,132000,0,0,0,165000,33000,132000,132000
058694,鈺齊國票9A購02  ,0,0,0,0,0,0,0,0,0,132000,0,0,0,209000,77000,132000,132000
061569,旺宏元大9A購14  ,0,0,0,0,0,0,0,0,0,132000,0,0,0,137000,5000,132000,132000
060650,奇力新中信9A購01,0,0,0,0,0,0,0,0,0,131000,0,0,0,174000,43000,131000,131000
057446,旺宏元富02購01  ,0,0,0,0,0,0,0,0,0,131000,0,0,0,131000,0,131000,131000
4532,瑞智            ,150000,23000,127000,0,0,0,0,0,0,4000,5000,1000,4000,0,0,0,131000
063438,聚陽統一9C購01  ,0,0,0,0,0,0,0,0,0,130000,0,0,0,527000,397000,130000,130000
054848,群創兆豐98購01  ,0,0,0,0,0,0,0,0,0,130000,0,0,0,130000,0,130000,130000
051431,群創元富99購02  ,0,0,0,0,0,0,0,0,0,130000,0,0,0,160000,30000,130000,130000
057536,康控元大99購03  ,0,0,0,0,0,0,0,0,0,130000,0,0,0,146000,16000,130000,130000
058947,SGBR2X群益9B購02,0,0,0,0,0,0,0,0,0,130000,0,0,0,161000,31000,130000,130000
055178,晶豪科統一97購01,0,0,0,0,0,0,0,0,0,129000,0,0,0,129000,0,129000,129000
057568,友訊永豐99購01  ,0,0,0,0,0,0,0,0,0,129000,0,0,0,255000,126000,129000,129000
057396,健鼎中信99購01  ,0,0,0,0,0,0,0,0,0,129000,0,0,0,304000,175000,129000,129000
061768,晶技元大9B購02  ,0,0,0,0,0,0,0,0,0,129000,0,0,0,129000,0,129000,129000
060962,義隆凱基9B購01  ,0,0,0,0,0,0,0,0,0,129000,0,0,0,494000,365000,129000,129000
062246,力山元大9B購02  ,0,0,0,0,0,0,0,0,0,129000,0,0,0,139000,10000,129000,129000
055295,瀚宇博元大97購02,0,0,0,0,0,0,0,0,0,128000,0,0,0,235000,107000,128000,128000
051590,玉晶光元大96購02,0,0,0,0,0,0,0,0,0,128000,0,0,0,128000,0,128000,128000
053648,台積電凱基97購04,0,0,0,0,0,0,0,0,0,128000,0,0,0,128000,0,128000,128000
060677,京元電元大9A購04,0,0,0,0,0,0,0,0,0,128000,0,0,0,580000,452000,128000,128000
057266,TPK兆豐98購02   ,0,0,0,0,0,0,0,0,0,128000,0,0,0,573000,445000,128000,128000
062568,緯穎中信9C購01  ,0,0,0,0,0,0,0,0,0,128000,0,0,0,160000,32000,128000,128000
063403,鈺齊群益9B購01  ,0,0,0,0,0,0,0,0,0,128000,0,0,0,262000,134000,128000,128000
061464,瑞昱群益9A購01  ,0,0,0,0,0,0,0,0,0,128000,0,0,0,145000,17000,128000,128000
061923,友達凱基9B購04  ,0,0,0,0,0,0,0,0,0,128000,0,0,0,251000,123000,128000,128000
06434P,超眾群益98售02  ,0,0,0,0,0,0,0,0,0,127000,0,0,0,127000,0,127000,127000
07677P,祥碩永豐9A售01  ,0,0,0,0,0,0,0,0,0,127000,0,0,0,432000,305000,127000,127000
058450,旺宏永豐99購01  ,0,0,0,0,0,0,0,0,0,127000,0,0,0,127000,0,127000,127000
057793,群創統一99購02  ,0,0,0,0,0,0,0,0,0,127000,0,0,0,260000,133000,127000,127000
061978,旺宏元大9C購01  ,0,0,0,0,0,0,0,0,0,127000,0,0,0,132000,5000,127000,127000
062197,聯發科中信01購03,0,0,0,0,0,0,0,0,0,127000,0,0,0,127000,0,127000,127000
059056,技嘉凱基99購02  ,0,0,0,0,0,0,0,0,0,126000,0,0,0,154000,28000,126000,126000
060316,福懋科永豐9A購01,0,0,0,0,0,0,0,0,0,126000,0,0,0,126000,0,126000,126000
063574,茂林元大9B購07  ,0,0,0,0,0,0,0,0,0,125000,0,0,0,125000,0,125000,125000
060233,宏碁元大9A購01  ,0,0,0,0,0,0,0,0,0,125000,0,0,0,225000,100000,125000,125000
056267,文曄統一97購02  ,0,0,0,0,0,0,0,0,0,125000,0,0,0,247000,122000,125000,125000
056263,友訊統一99購01  ,0,0,0,0,0,0,0,0,0,125000,0,0,0,133000,8000,125000,125000
053559,台積電國泰98購01,0,0,0,0,0,0,0,0,0,125000,0,0,0,125000,0,125000,125000
052871,群創凱基98購07  ,0,0,0,0,0,0,0,0,0,125000,0,0,0,125000,0,125000,125000
055578,群創統一98購03  ,0,0,0,0,0,0,0,0,0,125000,0,0,0,276000,151000,125000,125000
051849,旺宏中信98購01  ,0,0,0,0,0,0,0,0,0,125000,0,0,0,818000,693000,125000,125000
047780,友達中信96購01  ,0,0,0,0,0,0,0,0,0,125000,0,0,0,125000,0,125000,125000
060051,台積電凱基9B購01,0,0,0,0,0,0,0,0,0,125000,0,0,0,238000,113000,125000,125000
057265,聯詠兆豐98購01  ,0,0,0,0,0,0,0,0,0,125000,0,0,0,125000,0,125000,125000
059069,臺指反元大9C購01,0,0,0,0,0,0,0,0,0,125000,0,0,0,129000,4000,125000,125000
057354,聯鈞統一99購03  ,0,0,0,0,0,0,0,0,0,125000,0,0,0,357000,232000,125000,125000
063400,華擎群益9B購03  ,0,0,0,0,0,0,0,0,0,125000,0,0,0,125000,0,125000,125000
062993,華新科群益9B購05,0,0,0,0,0,0,0,0,0,125000,0,0,0,140000,15000,125000,125000
062093,台積電富邦9C購11,0,0,0,0,0,0,0,0,0,125000,0,0,0,268000,143000,125000,125000
063694,貿聯永豐9B購01  ,0,0,0,0,0,0,0,0,0,124000,0,0,0,166000,42000,124000,124000
056578,智易元大99購02  ,0,0,0,0,0,0,0,0,0,124000,0,0,0,167000,43000,124000,124000
056980,建準群益98購02  ,0,0,0,0,0,0,0,0,0,124000,0,0,0,124000,0,124000,124000
057747,致新永豐98購01  ,0,0,0,0,0,0,0,0,0,124000,0,0,0,124000,0,124000,124000
058434,旺宏統一9B購01  ,0,0,0,0,0,0,0,0,0,124000,0,0,0,124000,0,124000,124000
062127,台勝科統一01購02,0,0,0,0,0,0,0,0,0,124000,0,0,0,187000,63000,124000,124000
062234,廣達凱基9B購01  ,0,0,0,0,0,0,0,0,0,124000,0,0,0,136000,12000,124000,124000
063559,力山元大9B購04  ,0,0,0,0,0,0,0,0,0,123000,0,0,0,173000,50000,123000,123000
08077P,亞德客國票9B售02,0,0,0,0,0,0,0,0,0,123000,0,0,0,256000,133000,123000,123000
054873,帆宣群益99購01  ,0,0,0,0,0,0,0,0,0,123000,0,0,0,182000,59000,123000,123000
056028,GIS群益97購02   ,0,0,0,0,0,0,0,0,0,123000,0,0,0,200000,77000,123000,123000
053117,大立光中信9A購02,0,0,0,0,0,0,0,0,0,123000,0,0,0,378000,255000,123000,123000
057609,友訊元富98購01  ,0,0,0,0,0,0,0,0,0,123000,0,0,0,1201000,1078000,123000,123000
060218,台積電凱基9A購15,0,0,0,0,0,0,0,0,0,123000,0,0,0,142000,19000,123000,123000
062215,華通統一9B購01  ,0,0,0,0,0,0,0,0,0,123000,0,0,0,517000,394000,123000,123000
063402,GIS群益9B購02   ,0,0,0,0,0,0,0,0,0,123000,0,0,0,236000,113000,123000,123000
061897,泰碩永豐9B購01  ,0,0,0,0,0,0,0,0,0,123000,0,0,0,125000,2000,123000,123000
058312,大毅國泰9B購01  ,0,0,0,0,0,0,0,0,0,122000,0,0,0,122000,0,122000,122000
055874,中環元富9A購01  ,0,0,0,0,0,0,0,0,0,122000,0,0,0,340000,218000,122000,122000
059671,滬深2X元富99購05,0,0,0,0,0,0,0,0,0,122000,0,0,0,370000,248000,122000,122000
059124,台積電第一03購01,0,0,0,0,0,0,0,0,0,122000,0,0,0,202000,80000,122000,122000
061951,南電群益9B購01  ,0,0,0,0,0,0,0,0,0,122000,0,0,0,122000,0,122000,122000
061737,南亞科凱基9B購01,0,0,0,0,0,0,0,0,0,122000,0,0,0,122000,0,122000,122000
06140P,華新科群益97售06,0,0,0,0,0,0,0,0,0,122000,0,0,0,122000,0,122000,122000
063226,康控群益9B購03  ,0,0,0,0,0,0,0,0,0,122000,0,0,0,224000,102000,122000,122000
062916,智易元大9B購01  ,0,0,0,0,0,0,0,0,0,122000,0,0,0,181000,59000,122000,122000
4164,承業醫          ,170000,39000,131000,0,0,0,0,0,0,-9000,3000,12000,-9000,0,0,0,122000
052927,友達元大98購02  ,0,0,0,0,0,0,0,0,0,121000,0,0,0,121000,0,121000,121000
046384,群創凱基98購02  ,0,0,0,0,0,0,0,0,0,121000,0,0,0,220000,99000,121000,121000
062164,禾伸堂國泰01購01,0,0,0,0,0,0,0,0,0,121000,0,0,0,121000,0,121000,121000
06146P,S&P反1元大97售03,0,0,0,0,0,0,0,0,0,121000,0,0,0,121000,0,121000,121000
062005,旺宏國泰01購01  ,0,0,0,0,0,0,0,0,0,121000,0,0,0,190000,69000,121000,121000
062028,晶技群益9B購01  ,0,0,0,0,0,0,0,0,0,121000,0,0,0,123000,2000,121000,121000
08054P,臺股指國票9B售19,0,0,0,0,0,0,0,0,0,120000,0,0,0,157000,37000,120000,120000
07504P,聯詠元大9A售02  ,0,0,0,0,0,0,0,0,0,120000,0,0,0,193000,73000,120000,120000
054005,旺宏統一97購04  ,0,0,0,0,0,0,0,0,0,120000,0,0,0,120000,0,120000,120000
056744,麗豐凱基9A購01  ,0,0,0,0,0,0,0,0,0,120000,0,0,0,175000,55000,120000,120000
056466,臺股指凱基99購08,0,0,0,0,0,0,0,0,0,120000,0,0,0,120000,0,120000,120000
056420,台表科元富98購01,0,0,0,0,0,0,0,0,0,120000,0,0,0,434000,314000,120000,120000
058596,旺宏台新99購01  ,0,0,0,0,0,0,0,0,0,120000,0,0,0,130000,10000,120000,120000
057133,京鼎凱基98購02  ,0,0,0,0,0,0,0,0,0,120000,0,0,0,130000,10000,120000,120000
057483,微星元大98購04  ,0,0,0,0,0,0,0,0,0,120000,0,0,0,210000,90000,120000,120000
056997,台灣50康和9A購02,0,0,0,0,0,0,0,0,0,120000,0,0,0,120000,0,120000,120000
057011,日月光中信99購01,0,0,0,0,0,0,0,0,0,120000,0,0,0,120000,0,120000,120000
057990,美律統一99購02  ,0,0,0,0,0,0,0,0,0,120000,0,0,0,293000,173000,120000,120000
060646,南電永豐9A購01  ,0,0,0,0,0,0,0,0,0,120000,0,0,0,120000,0,120000,120000
060633,玉晶光富邦02購01,0,0,0,0,0,0,0,0,0,120000,0,0,0,153000,33000,120000,120000
061908,台積電中信05購01,0,0,0,0,0,0,0,0,0,120000,0,0,0,125000,5000,120000,120000
061764,旺宏元大9B購01  ,0,0,0,0,0,0,0,0,0,120000,0,0,0,125000,5000,120000,120000
062327,燿華統一9B購02  ,0,0,0,0,0,0,0,0,0,120000,0,0,0,182000,62000,120000,120000
063261,康控富邦03購01  ,0,0,0,0,0,0,0,0,0,120000,0,0,0,163000,43000,120000,120000
9940,信義            ,232000,90000,142000,0,0,0,0,0,0,-22000,0,22000,-22000,0,0,0,120000
2727,王品            ,272000,154000,118000,0,0,0,0,691,-691,2000,2000,0,2000,0,0,0,119309
057998,玉晶光麥證9A購01,0,0,0,216000,98000,118000,0,0,0,119000,0,0,0,217000,98000,119000,119000
057919,技嘉凱基98購03  ,0,0,0,0,0,0,0,0,0,119000,0,0,0,143000,24000,119000,119000
057511,健策統一98購02  ,0,0,0,0,0,0,0,0,0,119000,0,0,0,262000,143000,119000,119000
061423,廣達元大9A購01  ,0,0,0,0,0,0,0,0,0,119000,0,0,0,247000,128000,119000,119000
6214,精誠            ,224000,106000,118000,0,0,0,0,0,0,1000,11000,10000,1000,0,0,0,119000
060326,群光群益9A購01  ,0,0,0,0,0,0,0,0,0,118000,0,0,0,209000,91000,118000,118000
060989,國泰金元大9A購02,0,0,0,0,0,0,0,0,0,118000,0,0,0,163000,45000,118000,118000
07458P,長榮航元大9A售01,0,0,0,0,0,0,0,0,0,117000,0,0,0,117000,0,117000,117000
08229P,祥碩國票9B售04  ,0,0,0,0,0,0,0,0,0,117000,0,0,0,129000,12000,117000,117000
1337,再生-KY         ,153000,39000,114000,0,0,0,0,0,0,3000,4000,1000,3000,0,0,0,117000
056012,勤誠中信99購01  ,0,0,0,0,0,0,0,0,0,117000,0,0,0,117000,0,117000,117000
060620,玉晶光元大9A購04,0,0,0,0,0,0,0,0,0,117000,0,0,0,150000,33000,117000,117000
060762,長榮航元大9A購02,0,0,0,0,0,0,0,0,0,117000,0,0,0,117000,0,117000,117000
063035,燿華凱基9B購02  ,0,0,0,0,0,0,0,0,0,117000,0,0,0,146000,29000,117000,117000
054357,可成兆豐97購02  ,0,0,0,0,0,0,0,0,0,116000,0,0,0,116000,0,116000,116000
059539,緯穎凱基99購03  ,0,0,0,0,0,0,0,0,0,116000,0,0,0,148000,32000,116000,116000
058516,健鼎元大99購02  ,0,0,0,0,0,0,0,0,0,116000,0,0,0,174000,58000,116000,116000
062184,奇鋐元大9B購02  ,0,0,0,0,0,0,0,0,0,116000,0,0,0,118000,2000,116000,116000
2017,官田鋼          ,125000,10000,115000,0,0,0,0,0,0,0,0,0,0,0,0,0,115000
07552P,技嘉元大9A售03  ,0,0,0,0,0,0,0,0,0,115000,0,0,0,137000,22000,115000,115000
07839P,嘉澤元大9A售04  ,0,0,0,0,0,0,0,0,0,115000,0,0,0,115000,0,115000,115000
050378,上証2X群益98購02,0,0,0,0,0,0,0,0,0,115000,0,0,0,125000,10000,115000,115000
051533,健鼎國票96購02  ,0,0,0,0,0,0,0,0,0,115000,0,0,0,115000,0,115000,115000
058153,景碩統一9B購01  ,0,0,0,0,0,0,0,0,0,115000,0,0,0,225000,110000,115000,115000
056945,鴻海統一98購12  ,0,0,0,0,0,0,0,0,0,115000,0,0,0,163000,48000,115000,115000
059852,康控永豐99購02  ,0,0,0,0,0,0,0,0,0,115000,0,0,0,168000,53000,115000,115000
057623,友訊國泰99購01  ,0,0,0,0,0,0,0,0,0,115000,0,0,0,265000,150000,115000,115000
060052,宏碁凱基99購01  ,0,0,0,0,0,0,0,0,0,115000,0,0,0,160000,45000,115000,115000
062603,台化凱基9B購01  ,0,0,0,0,0,0,0,0,0,115000,0,0,0,309000,194000,115000,115000
063168,台表科永豐9B購01,0,0,0,0,0,0,0,0,0,115000,0,0,0,135000,20000,115000,115000
061304,創意永豐9A購02  ,0,0,0,0,0,0,0,0,0,115000,0,0,0,115000,0,115000,115000
5531,鄉林            ,163000,47000,116000,0,0,0,0,0,0,-1000,0,1000,-1000,0,0,0,115000
2636,台驊投控        ,188000,72000,116000,0,0,0,0,0,0,-1000,0,1000,-1000,0,0,0,115000
063634,台光電元大9B購09,0,0,0,0,0,0,0,0,0,114000,0,0,0,154000,40000,114000,114000
06378P,國巨統一97售08  ,0,0,0,0,0,0,0,0,0,114000,0,0,0,114000,0,114000,114000
064077,台積電中信06購03,0,0,0,0,0,0,0,0,0,114000,0,0,0,200000,86000,114000,114000
054258,牧德元大97購01  ,0,0,0,0,0,0,0,0,0,114000,0,0,0,163000,49000,114000,114000
055645,技嘉元富97購01  ,0,0,0,0,0,0,0,0,0,114000,0,0,0,114000,0,114000,114000
060134,鈺齊群益9A購01  ,0,0,0,0,0,0,0,0,0,114000,0,0,0,202000,88000,114000,114000
060548,友達凱基9B購03  ,0,0,0,0,0,0,0,0,0,114000,0,0,0,137000,23000,114000,114000
061553,南電群益9A購03  ,0,0,0,0,0,0,0,0,0,114000,0,0,0,120000,6000,114000,114000
062973,聯發科元富05購01,0,0,0,0,0,0,0,0,0,114000,0,0,0,114000,0,114000,114000
062654,技嘉永豐9B購01  ,0,0,0,0,0,0,0,0,0,114000,0,0,0,158000,44000,114000,114000
062770,臺股指凱基9B購14,0,0,0,0,0,0,0,0,0,114000,0,0,0,132000,18000,114000,114000
2609,陽明            ,505000,391000,114000,0,0,0,0,0,0,0,0,0,0,0,0,0,114000
054590,嘉聯益國泰98購01,0,0,0,0,0,0,0,0,0,113000,0,0,0,128000,15000,113000,113000
055240,京元電元富97購01,0,0,0,0,0,0,0,0,0,113000,0,0,0,113000,0,113000,113000
060020,康控康和99購01  ,0,0,0,0,0,0,0,0,0,113000,0,0,0,185000,72000,113000,113000
058435,旺宏統一9B購02  ,0,0,0,0,0,0,0,0,0,113000,0,0,0,125000,12000,113000,113000
062826,奇力新群益9C購01,0,0,0,0,0,0,0,0,0,113000,0,0,0,113000,0,113000,113000
2705,六福            ,170000,56000,114000,0,0,0,0,0,0,-1000,0,1000,-1000,0,0,0,113000
063787,玉晶光統一01購07,0,0,0,0,0,0,0,0,0,112000,0,0,0,128000,16000,112000,112000
056791,嘉聯益群益98購01,0,0,0,0,0,0,0,0,0,112000,0,0,0,152000,40000,112000,112000
058476,旺宏凱基9A購01  ,0,0,0,0,0,0,0,0,0,112000,0,0,0,112000,0,112000,112000
060214,茂林康和9A購01  ,0,0,0,0,0,0,0,0,0,112000,0,0,0,128000,16000,112000,112000
059632,聯發科凱基01購01,0,0,0,0,0,0,0,0,0,112000,0,0,0,112000,0,112000,112000
062461,智伸科群益9B購01,0,0,0,0,0,0,0,0,0,112000,0,0,0,186000,74000,112000,112000
061882,矽創元大9B購01  ,0,0,0,0,0,0,0,0,0,112000,0,0,0,323000,211000,112000,112000
060723,致新永豐9A購01  ,0,0,0,0,0,0,0,0,0,112000,0,0,0,163000,51000,112000,112000
059643,日月光凱基99購02,0,0,0,0,0,0,0,0,0,111000,0,0,0,126000,15000,111000,111000
060698,旺宏國泰9C購01  ,0,0,0,0,0,0,0,0,0,111000,0,0,0,132000,21000,111000,111000
061716,瑞儀凱基9B購01  ,0,0,0,0,0,0,0,0,0,111000,0,0,0,131000,20000,111000,111000
063218,台塑群益9B購01  ,0,0,0,0,0,0,0,0,0,111000,0,0,0,299000,188000,111000,111000
6206,飛捷            ,147000,35000,112000,0,0,0,0,0,0,-1000,1000,2000,-1000,0,0,0,111000
9935,慶豐富          ,423000,314000,109000,0,0,0,0,0,0,2000,3000,1000,2000,0,0,0,111000
2527,宏璟            ,112000,3000,109000,0,0,0,0,0,0,1000,3000,2000,1000,0,0,0,110000
058507,美律元大9A購01  ,0,0,0,0,0,0,0,0,0,110000,0,0,0,120000,10000,110000,110000
055291,京鼎元大97購02  ,0,0,0,0,0,0,0,0,0,110000,0,0,0,172000,62000,110000,110000
053875,GIS元大97購01   ,0,0,0,0,0,0,0,0,0,110000,0,0,0,110000,0,110000,110000
054458,復盛群益96購01  ,0,0,0,0,0,0,0,0,0,110000,0,0,0,110000,0,110000,110000
00763U,街口道瓊銅      ,0,0,0,0,0,0,0,0,0,110000,0,0,0,151000,41000,110000,110000
058771,神達兆豐99購01  ,0,0,0,0,0,0,0,0,0,110000,0,0,0,120000,10000,110000,110000
057054,立積元大98購03  ,0,0,0,0,0,0,0,0,0,110000,0,0,0,200000,90000,110000,110000
057605,旺宏統一99購03  ,0,0,0,0,0,0,0,0,0,110000,0,0,0,110000,0,110000,110000
2608,嘉里大榮        ,162000,54000,108000,0,0,0,0,0,0,2000,2000,0,2000,0,0,0,110000
055457,聚陽永豐97購01  ,0,0,0,0,0,0,0,0,0,109000,0,0,0,124000,15000,109000,109000
057340,玉晶光元富98購04,0,0,0,0,0,0,0,0,0,109000,0,0,0,238000,129000,109000,109000
057665,技嘉元大99購01  ,0,0,0,0,0,0,0,0,0,109000,0,0,0,141000,32000,109000,109000
061007,聯詠兆豐9A購01  ,0,0,0,0,0,0,0,0,0,109000,0,0,0,167000,58000,109000,109000
9955,佳龍            ,153000,46000,107000,0,0,0,0,0,0,2000,3000,1000,2000,0,0,0,109000
047004,台積電統一99購01,0,0,0,0,0,0,0,0,0,108000,0,0,0,191000,83000,108000,108000
058096,南電元大98購04  ,0,0,0,0,0,0,0,0,0,108000,0,0,0,113000,5000,108000,108000
057510,泰碩統一98購02  ,0,0,0,0,0,0,0,0,0,108000,0,0,0,108000,0,108000,108000
063012,技嘉元大9B購01  ,0,0,0,0,0,0,0,0,0,108000,0,0,0,282000,174000,108000,108000
4720,德淵            ,139000,33000,106000,0,0,0,0,0,0,2000,2000,0,2000,0,0,0,108000
2030,彰源            ,111000,8000,103000,0,0,0,0,0,0,4000,5000,1000,4000,0,0,0,107000
08089P,嘉澤凱基9B售03  ,0,0,0,0,0,0,0,0,0,107000,0,0,0,148000,41000,107000,107000
050077,臺股指凱基99購02,0,0,0,0,0,0,0,0,0,107000,0,0,0,107000,0,107000,107000
059480,美律群益9A購01  ,0,0,0,0,0,0,0,0,0,107000,0,0,0,424000,317000,107000,107000
060546,旺宏凱基9A購02  ,0,0,0,0,0,0,0,0,0,107000,0,0,0,107000,0,107000,107000
062495,友達中信01購02  ,0,0,0,0,0,0,0,0,0,107000,0,0,0,122000,15000,107000,107000
061770,泰碩元大9B購02  ,0,0,0,0,0,0,0,0,0,107000,0,0,0,175000,68000,107000,107000
4536,拓凱            ,173000,67000,106000,0,0,0,0,0,0,1000,1000,0,1000,0,0,0,107000
07416P,台積電元大99售53,0,0,0,0,0,0,0,0,0,106000,0,0,0,186000,80000,106000,106000
063958,瑞祺元大9C購01  ,0,0,0,0,0,0,0,0,0,106000,0,0,0,106000,0,106000,106000
052313,聯電元大98購01  ,0,0,0,0,0,0,0,0,0,106000,0,0,0,173000,67000,106000,106000
051907,台積電元大97購05,0,0,0,0,0,0,0,0,0,106000,0,0,0,106000,0,106000,106000
060423,智易永豐9A購01  ,0,0,0,0,0,0,0,0,0,106000,0,0,0,162000,56000,106000,106000
059086,國巨元大99購18  ,0,0,0,0,0,0,0,0,0,106000,0,0,0,111000,5000,106000,106000
061873,友達元大9C購07  ,0,0,0,0,0,0,0,0,0,106000,0,0,0,258000,152000,106000,106000
00690,兆豐藍籌30      ,0,0,0,0,0,0,0,0,0,105000,0,0,0,276000,171000,105000,105000
00735,國泰臺韓科技    ,0,1000,-1000,0,0,0,0,0,0,106000,0,0,0,315000,209000,106000,105000
052572,群創凱基99購01  ,0,0,0,0,0,0,0,0,0,105000,0,0,0,217000,112000,105000,105000
053485,矽創國票97購04  ,0,0,0,0,0,0,0,0,0,105000,0,0,0,120000,15000,105000,105000
059109,台積電富邦9C購03,0,0,0,0,0,0,0,0,0,105000,0,0,0,205000,100000,105000,105000
058377,茂林凱基9A購03  ,0,0,0,0,0,0,0,0,0,105000,0,0,0,162000,57000,105000,105000
057926,帆宣凱基98購02  ,0,0,0,0,0,0,0,0,0,105000,0,0,0,125000,20000,105000,105000
060046,S&P反1凱基99購02,0,0,0,0,0,0,0,0,0,105000,0,0,0,105000,0,105000,105000
060084,聯電元大99購02  ,0,0,0,0,0,0,0,0,0,105000,0,0,0,133000,28000,105000,105000
061095,台積電台新9B購03,0,0,0,0,0,0,0,0,0,105000,0,0,0,105000,0,105000,105000
063738,奇鋐元大9B購03  ,0,0,0,0,0,0,0,0,0,104000,0,0,0,150000,46000,104000,104000
07162P,臺股指群益99售13,0,0,0,0,0,0,0,0,0,104000,0,0,0,249000,145000,104000,104000
055271,鴻海元大98購03  ,0,0,0,0,0,0,0,0,0,104000,0,0,0,151000,47000,104000,104000
055341,台達電凱基97購02,0,0,0,0,0,0,0,0,0,104000,0,0,0,104000,0,104000,104000
058225,旺宏元富99購01  ,0,0,0,0,0,0,0,0,0,104000,0,0,0,104000,0,104000,104000
057558,致新凱基98購01  ,0,0,0,0,0,0,0,0,0,104000,0,0,0,110000,6000,104000,104000
057753,臺股指國票98購09,0,0,0,0,0,0,0,0,0,104000,0,0,0,104000,0,104000,104000
06105P,國巨國票98售02  ,0,0,0,0,0,0,0,0,0,104000,0,0,0,111000,7000,104000,104000
060983,南亞科元大9A購06,0,0,0,0,0,0,0,0,0,104000,0,0,0,199000,95000,104000,104000
062491,矽創永豐9B購01  ,0,0,0,0,0,0,0,0,0,104000,0,0,0,110000,6000,104000,104000
062560,奇鋐凱基9B購02  ,0,0,0,0,0,0,0,0,0,104000,0,0,0,104000,0,104000,104000
062167,燿華永豐9B購01  ,0,0,0,0,0,0,0,0,0,104000,0,0,0,104000,0,104000,104000
051737,瑞昱國票96購01  ,0,0,0,0,0,0,0,0,0,103000,0,0,0,103000,0,103000,103000
052463,聯電統一96購01  ,0,0,0,0,0,0,0,0,0,103000,0,0,0,143000,40000,103000,103000
053911,臺股指凱基96購31,0,0,0,0,0,0,0,0,0,103000,0,0,0,103000,0,103000,103000
058854,樺漢群益9B購01  ,0,0,0,0,0,0,0,0,0,103000,0,0,0,951000,848000,103000,103000
059869,友達凱基99購07  ,0,0,0,0,0,0,0,0,0,103000,0,0,0,113000,10000,103000,103000
063201,廣達統一01購01  ,0,0,0,0,0,0,0,0,0,103000,0,0,0,183000,80000,103000,103000
9105,泰金寶-DR       ,103000,0,103000,0,0,0,0,0,0,0,0,0,0,0,0,0,103000
6415,矽力-KY         ,302700,177515,125185,0,0,0,0,19720,-19720,-3000,0,2000,-2000,0,1000,-1000,102465
054354,技嘉富邦97購01  ,0,0,0,0,0,0,0,0,0,102000,0,0,0,158000,56000,102000,102000
058324,嘉聯益永豐9A購01,0,0,0,0,0,0,0,0,0,102000,0,0,0,170000,68000,102000,102000
057259,台積電兆豐98購03,0,0,0,0,0,0,0,0,0,102000,0,0,0,102000,0,102000,102000
063214,康控國票9C購01  ,0,0,0,0,0,0,0,0,0,102000,0,0,0,111000,9000,102000,102000
060767,世紀鋼元大9A購02,0,0,0,0,0,0,0,0,0,102000,0,0,0,162000,60000,102000,102000
061559,南亞科國票9A購02,0,0,0,0,0,0,0,0,0,102000,0,0,0,115000,13000,102000,102000
8104,錸寶            ,133000,32000,101000,0,0,0,0,0,0,1000,1000,0,1000,0,0,0,102000
056784,南亞科群益98購01,0,0,0,0,0,0,0,0,0,101000,0,0,0,171000,70000,101000,101000
045444,群創元富98購02  ,0,0,0,0,0,0,0,0,0,101000,0,0,0,111000,10000,101000,101000
058036,南電永豐98購01  ,0,0,0,0,0,0,0,0,0,101000,0,0,0,101000,0,101000,101000
059765,嘉聯益永豐99購02,0,0,0,0,0,0,0,0,0,101000,0,0,0,143000,42000,101000,101000
060998,華通兆豐9A購01  ,0,0,0,0,0,0,0,0,0,101000,0,0,0,127000,26000,101000,101000
07545P,玉晶光凱基9A售07,0,0,0,0,0,0,0,0,0,100000,0,0,0,140000,40000,100000,100000
07690P,華新科元大9A售15,0,0,0,0,0,0,0,0,0,100000,0,0,0,100000,0,100000,100000
07853P,國巨凱基9A售19  ,0,0,0,0,0,0,0,0,0,100000,0,0,0,100000,0,100000,100000
08221P,台表科凱基9B售05,0,0,0,0,0,0,0,0,0,100000,0,0,0,100000,0,100000,100000
063472,茂林元大9B購04  ,0,0,0,0,0,0,0,0,0,100000,0,0,0,100000,0,100000,100000
06960P,國巨凱基99售08  ,0,0,0,0,0,0,0,0,0,100000,0,0,0,100000,0,100000,100000
06684P,緯穎元大98售06  ,0,0,0,0,0,0,0,0,0,100000,0,0,0,100000,0,100000,100000
048414,滬深2X統一98購01,0,0,0,0,0,0,0,0,0,100000,0,0,0,100000,0,100000,100000
052314,鴻海元大96購11  ,0,0,0,0,0,0,0,0,0,100000,0,0,0,100000,0,100000,100000
054261,智伸科元大96購03,0,0,0,0,0,0,0,0,0,100000,0,0,0,100000,0,100000,100000
054178,中磊台新97購01  ,0,0,0,0,0,0,0,0,0,100000,0,0,0,100000,0,100000,100000
054301,楠梓電凱基98購01,0,0,0,0,0,0,0,0,0,100000,0,0,0,100000,0,100000,100000
053403,彩晶群益98購01  ,0,0,0,0,0,0,0,0,0,100000,0,0,0,100000,0,100000,100000
055443,台虹國票98購01  ,0,0,0,0,0,0,0,0,0,100000,0,0,0,138000,38000,100000,100000
05642P,玉晶光兆豐97售02,0,0,0,0,0,0,0,0,0,100000,0,0,0,100000,0,100000,100000
056248,康友群益97購04  ,0,0,0,0,0,0,0,0,0,100000,0,0,0,100000,0,100000,100000
055967,臻鼎元大97購01  ,0,0,0,0,0,0,0,0,0,100000,0,0,0,100000,0,100000,100000
055006,晶相光元富9A購01,0,0,0,0,0,0,0,0,0,100000,0,0,0,100000,0,100000,100000
055000,玉晶光元富97購04,0,0,0,0,0,0,0,0,0,100000,0,0,0,100000,0,100000,100000
054693,神基永豐97購01  ,0,0,0,0,0,0,0,0,0,100000,0,0,0,100000,0,100000,100000
054733,鴻海凱基98購04  ,0,0,0,0,0,0,0,0,0,100000,0,0,0,100000,0,100000,100000
05878P,創意群益98售01  ,0,0,0,0,0,0,0,0,0,100000,0,0,0,100000,0,100000,100000
057709,電子類群益98購01,0,0,0,0,0,0,0,0,0,100000,0,0,0,100000,0,100000,100000
056870,全新日盛9A購01  ,0,0,0,0,0,0,0,0,0,100000,0,0,0,100000,0,100000,100000
057909,台光電兆豐98購01,0,0,0,0,0,0,0,0,0,100000,0,0,0,100000,0,100000,100000
057051,群創元大9B購03  ,0,0,0,0,0,0,0,0,0,100000,0,0,0,100000,0,100000,100000
05930P,景碩康和96售01  ,0,0,0,0,0,0,0,0,0,100000,0,0,0,100000,0,100000,100000
060878,奇力新中信9C購01,0,0,0,0,0,0,0,0,0,100000,0,0,0,137000,37000,100000,100000
061488,奇力新兆豐9A購01,0,0,0,0,0,0,0,0,0,100000,0,0,0,100000,0,100000,100000
061898,茂林永豐9B購01  ,0,0,0,0,0,0,0,0,0,100000,0,0,0,100000,0,100000,100000
062493,元金反中信9B購01,0,0,0,0,0,0,0,0,0,100000,0,0,0,100000,0,100000,100000
062721,美律凱基9B購02  ,0,0,0,0,0,0,0,0,0,100000,0,0,0,123000,23000,100000,100000
062734,臺指反國票9C購03,0,0,0,0,0,0,0,0,0,100000,0,0,0,195000,95000,100000,100000
07767P,華新科群益9A售07,0,0,0,0,0,0,0,0,0,99000,0,0,0,99000,0,99000,99000
056107,智易永豐97購02  ,0,0,0,0,0,0,0,0,0,99000,0,0,0,119000,20000,99000,99000
058245,訊連元大99購01  ,0,0,0,0,0,0,0,0,0,99000,0,0,0,182000,83000,99000,99000
054370,台積電中信9A購01,0,0,0,0,0,0,0,0,0,99000,0,0,0,129000,30000,99000,99000
059091,中信金元大99購01,0,0,0,0,0,0,0,0,0,99000,0,0,0,99000,0,99000,99000
05729P,臺股指凱基97售02,0,0,0,0,0,0,0,0,0,99000,0,0,0,112000,13000,99000,99000
062669,微星中信03購01  ,0,0,0,0,0,0,0,0,0,99000,0,0,0,184000,85000,99000,99000
062166,致新國泰01購01  ,0,0,0,0,0,0,0,0,0,99000,0,0,0,109000,10000,99000,99000
061069,嘉聯益凱基9A購01,0,0,0,0,0,0,0,0,0,99000,0,0,0,171000,72000,99000,99000
2101,南港            ,561000,697000,-136000,0,0,0,0,0,0,234000,4000,0,4000,247000,17000,230000,98000
064078,台積電中信06購04,0,0,0,0,0,0,0,0,0,98000,0,0,0,196000,98000,98000,98000
06615P,鴻海元大9C售02  ,0,0,0,0,0,0,0,0,0,98000,0,0,0,135000,37000,98000,98000
063613,全新群益9C購01  ,0,0,0,0,0,0,0,0,0,98000,0,0,0,107000,9000,98000,98000
063948,高鐵元大9C購01  ,0,0,0,0,0,0,0,0,0,98000,0,0,0,454000,356000,98000,98000
063946,聯發科元大9C購04,0,0,0,0,0,0,0,0,0,98000,0,0,0,215000,117000,98000,98000
053893,京鼎群益97購02  ,0,0,0,0,0,0,0,0,0,98000,0,0,0,98000,0,98000,98000
056114,台達電群益97購02,0,0,0,0,0,0,0,0,0,98000,0,0,0,98000,0,98000,98000
055936,彩晶群益98購02  ,0,0,0,0,0,0,0,0,0,98000,0,0,0,98000,0,98000,98000
056842,全新元富98購01  ,0,0,0,0,0,0,0,0,0,98000,0,0,0,98000,0,98000,98000
054872,瀚宇博群益98購01,0,0,0,0,0,0,0,0,0,98000,0,0,0,98000,0,98000,98000
054799,超眾群益98購01  ,0,0,0,0,0,0,0,0,0,98000,0,0,0,98000,0,98000,98000
058739,喬山中信99購01  ,0,0,0,0,0,0,0,0,0,98000,0,0,0,287000,189000,98000,98000
058775,台積電國票9A購02,0,0,0,0,0,0,0,0,0,98000,0,0,0,109000,11000,98000,98000
059729,群創元大9C購05  ,0,0,0,0,0,0,0,0,0,98000,0,0,0,98000,0,98000,98000
058112,神達元富98購01  ,0,0,0,0,0,0,0,0,0,98000,0,0,0,98000,0,98000,98000
056983,大立光群益99購02,0,0,0,0,0,0,0,0,0,98000,0,0,0,98000,0,98000,98000
057895,全新元富9B購01  ,0,0,0,0,0,0,0,0,0,98000,0,0,0,98000,0,98000,98000
061245,晶技群益9A購01  ,0,0,0,0,0,0,0,0,0,98000,0,0,0,98000,0,98000,98000
062033,瀚宇博群益9B購01,0,0,0,0,0,0,0,0,0,98000,0,0,0,98000,0,98000,98000
062359,旺宏元大9C購02  ,0,0,0,0,0,0,0,0,0,98000,0,0,0,98000,0,98000,98000
063360,茂林國泰9C購02  ,0,0,0,0,0,0,0,0,0,98000,0,0,0,151000,53000,98000,98000
063064,台表科元富9B購01,0,0,0,0,0,0,0,0,0,98000,0,0,0,129000,31000,98000,98000
059165,南亞科凱基99購04,0,0,0,0,0,0,0,0,0,97000,0,0,0,117000,20000,97000,97000
057659,台表科兆豐98購01,0,0,0,0,0,0,0,0,0,97000,0,0,0,97000,0,97000,97000
060182,旺宏元富9A購01  ,0,0,0,0,0,0,0,0,0,97000,0,0,0,97000,0,97000,97000
061658,聯茂富邦9A購03  ,0,0,0,0,0,0,0,0,0,97000,0,0,0,100000,3000,97000,97000
07996P,亞德客凱基9B售03,0,0,0,0,0,0,0,0,0,96000,0,0,0,116000,20000,96000,96000
056091,百和統一97購01  ,0,0,0,0,0,0,0,0,0,96000,0,0,0,96000,0,96000,96000
056144,GIS元大98購01   ,0,0,0,0,0,0,0,0,0,96000,0,0,0,103000,7000,96000,96000
060236,精元元大9C購01  ,0,0,0,0,0,0,0,0,0,96000,0,0,0,176000,80000,96000,96000
053584,友達元大9B購02  ,0,0,0,0,0,0,0,0,0,96000,0,0,0,206000,110000,96000,96000
055603,超眾元大97購04  ,0,0,0,0,0,0,0,0,0,96000,0,0,0,150000,54000,96000,96000
056767,大毅元大99購01  ,0,0,0,0,0,0,0,0,0,96000,0,0,0,140000,44000,96000,96000
060424,中租永豐9A購01  ,0,0,0,0,0,0,0,0,0,96000,0,0,0,209000,113000,96000,96000
059689,南亞科永豐99購02,0,0,0,0,0,0,0,0,0,96000,0,0,0,121000,25000,96000,96000
059164,旺宏凱基99購06  ,0,0,0,0,0,0,0,0,0,96000,0,0,0,98000,2000,96000,96000
062023,寶成永豐9B購01  ,0,0,0,0,0,0,0,0,0,96000,0,0,0,96000,0,96000,96000
061091,奇力新統一9C購02,0,0,0,0,0,0,0,0,0,96000,0,0,0,196000,100000,96000,96000
061017,國泰金麥證9A購01,0,0,0,194000,98000,96000,0,0,0,96000,0,0,0,194000,98000,96000,96000
07818P,台積電國票9C售01,0,0,0,0,0,0,0,0,0,95000,0,0,0,100000,5000,95000,95000
063583,GIS國泰01購01   ,0,0,0,0,0,0,0,0,0,95000,0,0,0,274000,179000,95000,95000
063595,燿華中信9B購02  ,0,0,0,0,0,0,0,0,0,95000,0,0,0,115000,20000,95000,95000
064092,世紀鋼凱基9C購03,0,0,0,0,0,0,0,0,0,95000,0,0,0,115000,20000,95000,95000
06933P,禾伸堂元大98售03,0,0,0,0,0,0,0,0,0,95000,0,0,0,120000,25000,95000,95000
056668,光磊國票99購01  ,0,0,0,0,0,0,0,0,0,95000,0,0,0,104000,9000,95000,95000
053637,強茂永豐96購01  ,0,0,0,0,0,0,0,0,0,95000,0,0,0,95000,0,95000,95000
053458,聯詠國泰97購01  ,0,0,0,0,0,0,0,0,0,95000,0,0,0,115000,20000,95000,95000
053887,聯茂兆豐97購02  ,0,0,0,0,0,0,0,0,0,95000,0,0,0,95000,0,95000,95000
056139,貿聯元大97購04  ,0,0,0,0,0,0,0,0,0,95000,0,0,0,95000,0,95000,95000
055791,臺股指凱基97購14,0,0,0,0,0,0,0,0,0,95000,0,0,0,95000,0,95000,95000
060618,玉晶光元大9A購02,0,0,0,0,0,0,0,0,0,95000,0,0,0,122000,27000,95000,95000
060204,矽創元富9A購01  ,0,0,0,0,0,0,0,0,0,95000,0,0,0,191000,96000,95000,95000
061448,旺宏中信9A購02  ,0,0,0,0,0,0,0,0,0,95000,0,0,0,95000,0,95000,95000
06868P,電子類元大99售01,0,0,0,0,0,0,0,0,0,94000,0,0,0,94000,0,94000,94000
2328,廣宇            ,308000,289000,19000,0,0,0,0,0,0,75000,55000,0,55000,20000,0,20000,94000
060661,台積電凱基9A購18,0,0,0,0,0,0,0,0,0,94000,0,0,0,167000,73000,94000,94000
057334,技嘉國票98購02  ,0,0,0,0,0,0,0,0,0,94000,0,0,0,95000,1000,94000,94000
062743,微星國泰01購01  ,0,0,0,0,0,0,0,0,0,94000,0,0,0,114000,20000,94000,94000
8462,柏文            ,145000,16000,129000,0,0,0,0,27680,-27680,-8000,0,10000,-10000,6000,4000,2000,93320
1604,聲寶            ,226000,138000,88000,0,0,0,0,0,0,5000,7000,2000,5000,0,0,0,93000
056642,旺宏凱基98購07  ,0,0,0,0,0,0,0,0,0,93000,0,0,0,96000,3000,93000,93000
059351,台虹凱基99購01  ,0,0,0,0,0,0,0,0,0,93000,0,0,0,93000,0,93000,93000
058535,玉晶光統一9A購06,0,0,0,0,0,0,0,0,0,93000,0,0,0,100000,7000,93000,93000
060248,日月光元大9A購01,0,0,0,0,0,0,0,0,0,93000,0,0,0,159000,66000,93000,93000
060143,台積電國票9B購03,0,0,0,0,0,0,0,0,0,93000,0,0,0,98000,5000,93000,93000
059569,旺宏凱基99購09  ,0,0,0,0,0,0,0,0,0,93000,0,0,0,98000,5000,93000,93000
059503,大立光富邦9B購04,0,0,0,0,0,0,0,0,0,93000,0,0,0,172000,79000,93000,93000
058031,旺宏永豐98購04  ,0,0,0,0,0,0,0,0,0,93000,0,0,0,93000,0,93000,93000
063334,復盛國票9B購01  ,0,0,0,0,0,0,0,0,0,93000,0,0,0,261000,168000,93000,93000
4904,遠傳            ,1358000,1257672,100328,0,0,0,0,18000,-18000,10000,11000,0,11000,0,1000,-1000,92328
056662,臺股指元大9A購09,0,0,0,0,0,0,0,0,0,92000,0,0,0,92000,0,92000,92000
052203,T50反1中信99購03,0,0,0,0,0,0,0,0,0,92000,0,0,0,196000,104000,92000,92000
058625,旺宏國票9A購01  ,0,0,0,0,0,0,0,0,0,92000,0,0,0,132000,40000,92000,92000
059700,鴻海凱基9A購16  ,0,0,0,0,0,0,0,0,0,92000,0,0,0,94000,2000,92000,92000
059918,華新科元大99購20,0,0,0,0,0,0,0,0,0,92000,0,0,0,131000,39000,92000,92000
059425,SGBR2X元大9A購02,0,0,0,0,0,0,0,0,0,92000,0,0,0,857000,765000,92000,92000
042315,T50反1台新96購01,0,0,0,0,0,0,0,0,0,91000,0,0,0,91000,0,91000,91000
058808,大成鋼統一9B購01,0,0,0,0,0,0,0,0,0,91000,0,0,0,98000,7000,91000,91000
057179,可成元大98購04  ,0,0,0,0,0,0,0,0,0,91000,0,0,0,94000,3000,91000,91000
058698,華通元大99購05  ,0,0,0,0,0,0,0,0,0,91000,0,0,0,126000,35000,91000,91000
063172,廣達中信9C購01  ,0,0,0,0,0,0,0,0,0,91000,0,0,0,91000,0,91000,91000
062309,燿華凱基9B購01  ,0,0,0,0,0,0,0,0,0,91000,0,0,0,91000,0,91000,91000
062189,康控元大9B購02  ,0,0,0,0,0,0,0,0,0,91000,0,0,0,114000,23000,91000,91000
060826,牧德元大9B購02  ,0,0,0,0,0,0,0,0,0,91000,0,0,0,110000,19000,91000,91000
060812,智邦凱基9A購01  ,0,0,0,0,0,0,0,0,0,91000,0,0,0,102000,11000,91000,91000
07830P,牧德凱基9A售03  ,0,0,0,0,0,0,0,0,0,90000,0,0,0,420000,330000,90000,90000
06899P,嘉澤群益98售01  ,0,0,0,0,0,0,0,0,0,90000,0,0,0,240000,150000,90000,90000
06558P,旺宏元富98售02  ,0,0,0,0,0,0,0,0,0,90000,0,0,0,103000,13000,90000,90000
063500,嘉晶永豐9B購02  ,0,0,0,0,0,0,0,0,0,90000,0,0,0,109000,19000,90000,90000
051486,玉晶光凱基97購03,0,0,0,0,0,0,0,0,0,90000,0,0,0,244000,154000,90000,90000
058479,亞光凱基9A購01  ,0,0,0,0,0,0,0,0,0,90000,0,0,0,90000,0,90000,90000
060249,正文元大9C購01  ,0,0,0,0,0,0,0,0,0,90000,0,0,0,90000,0,90000,90000
058369,亞光凱基99購02  ,0,0,0,0,0,0,0,0,0,90000,0,0,0,90000,0,90000,90000
058571,緯穎凱基9A購02  ,0,0,0,0,0,0,0,0,0,90000,0,0,0,90000,0,90000,90000
060824,旺宏元大9A購06  ,0,0,0,0,0,0,0,0,0,90000,0,0,0,90000,0,90000,90000
061065,神基凱基9A購01  ,0,0,0,0,0,0,0,0,0,90000,0,0,0,190000,100000,90000,90000
061758,T50反1元大9B購02,0,0,0,0,0,0,0,0,0,90000,0,0,0,100000,10000,90000,90000
062774,儒鴻元大9C購01  ,0,0,0,0,0,0,0,0,0,90000,0,0,0,362000,272000,90000,90000
063273,緯穎兆豐9C購01  ,0,0,0,0,0,0,0,0,0,90000,0,0,0,130000,40000,90000,90000
063378,茂林永豐9B購02  ,0,0,0,0,0,0,0,0,0,90000,0,0,0,112000,22000,90000,90000
07490P,大立光國票9A售03,0,0,0,0,0,0,0,0,0,89000,0,0,0,89000,0,89000,89000
052488,旺宏國票96購03  ,0,0,0,0,0,0,0,0,0,89000,0,0,0,89000,0,89000,89000
056677,智伸科元富98購01,0,0,0,0,0,0,0,0,0,89000,0,0,0,244000,155000,89000,89000
059282,嘉聯益永豐99購01,0,0,0,0,0,0,0,0,0,89000,0,0,0,89000,0,89000,89000
057523,大成鋼元大99購01,0,0,0,0,0,0,0,0,0,89000,0,0,0,290000,201000,89000,89000
060342,台積電統一02購01,0,0,0,0,0,0,0,0,0,89000,0,0,0,106000,17000,89000,89000
062316,康控凱基9B購03  ,0,0,0,0,0,0,0,0,0,89000,0,0,0,140000,51000,89000,89000
062132,神隆群益9B購01  ,0,0,0,0,0,0,0,0,0,89000,0,0,0,495000,406000,89000,89000
5225,東科-KY         ,136000,47000,89000,0,0,0,0,0,0,0,0,0,0,0,0,0,89000
08240P,華通中信06售03  ,0,0,0,0,0,0,0,0,0,88000,0,0,0,88000,0,88000,88000
063955,TPK元大9C購01   ,0,0,0,0,0,0,0,0,0,88000,0,0,0,175000,87000,88000,88000
063926,南亞科統一03購01,0,0,0,0,0,0,0,0,0,88000,0,0,0,148000,60000,88000,88000
06542P,台光電國票98售05,0,0,0,0,0,0,0,0,0,88000,0,0,0,88000,0,88000,88000
042752,台灣50元大96購03,0,0,0,0,0,0,0,0,0,88000,0,0,0,98000,10000,88000,88000
056075,瀚宇博元大97購03,0,0,0,0,0,0,0,0,0,88000,0,0,0,88000,0,88000,88000
060711,旺宏永豐9A購01  ,0,0,0,0,0,0,0,0,0,88000,0,0,0,88000,0,88000,88000
058676,聯茂群益99購01  ,0,0,0,0,0,0,0,0,0,88000,0,0,0,98000,10000,88000,88000
057507,貿聯國票98購02  ,0,0,0,0,0,0,0,0,0,88000,0,0,0,214000,126000,88000,88000
059461,鈺齊永豐99購03  ,0,0,0,0,0,0,0,0,0,88000,0,0,0,189000,101000,88000,88000
060928,明泰永豐9A購01  ,0,0,0,0,0,0,0,0,0,88000,0,0,0,88000,0,88000,88000
062337,台表科統一01購01,0,0,0,0,0,0,0,0,0,88000,0,0,0,212000,124000,88000,88000
062206,緯創國票9B購01  ,0,0,0,0,0,0,0,0,0,88000,0,0,0,113000,25000,88000,88000
063371,南亞科永豐9B購01,0,0,0,0,0,0,0,0,0,88000,0,0,0,95000,7000,88000,88000
063177,友達兆豐9B購01  ,0,0,0,0,0,0,0,0,0,88000,0,0,0,221000,133000,88000,88000
2365,昆盈            ,93000,9000,84000,0,0,0,0,0,0,3000,5000,2000,3000,0,0,0,87000
07940P,國巨群益9B售06  ,0,0,0,0,0,0,0,0,0,87000,0,0,0,107000,20000,87000,87000
04854P,鴻海國泰96售04  ,0,0,0,0,0,0,0,0,0,87000,0,0,0,87000,0,87000,87000
055601,茂林元大97購03  ,0,0,0,0,0,0,0,0,0,87000,0,0,0,149000,62000,87000,87000
053186,健策中信9C購01  ,0,0,0,0,0,0,0,0,0,87000,0,0,0,168000,81000,87000,87000
062608,智易凱基9B購01  ,0,0,0,0,0,0,0,0,0,87000,0,0,0,131000,44000,87000,87000
2597,潤弘            ,58000,1000,57000,0,0,0,0,0,0,30000,30000,0,30000,0,0,0,87000
07691P,宏達電元大9A售05,0,0,0,0,0,0,0,0,0,86000,0,0,0,86000,0,86000,86000
050515,聯電元大96購01  ,0,0,0,0,0,0,0,0,0,86000,0,0,0,96000,10000,86000,86000
056835,聯電元富99購01  ,0,0,0,0,0,0,0,0,0,86000,0,0,0,478000,392000,86000,86000
055256,日電貿統一99購01,0,0,0,0,0,0,0,0,0,86000,0,0,0,86000,0,86000,86000
057491,美食元大98購03  ,0,0,0,0,0,0,0,0,0,86000,0,0,0,109000,23000,86000,86000
059074,元油2X元大9C購15,0,0,0,0,0,0,0,0,0,86000,0,0,0,173000,87000,86000,86000
060622,玉晶光元大9B購02,0,0,0,0,0,0,0,0,0,86000,0,0,0,87000,1000,86000,86000
060075,台積電元富99購05,0,0,0,0,0,0,0,0,0,86000,0,0,0,86000,0,86000,86000
062163,大毅國泰01購01  ,0,0,0,0,0,0,0,0,0,86000,0,0,0,346000,260000,86000,86000
062378,台表科元大9C購01,0,0,0,0,0,0,0,0,0,86000,0,0,0,154000,68000,86000,86000
063287,嘉澤元大9B購05  ,0,0,0,0,0,0,0,0,0,86000,0,0,0,92000,6000,86000,86000
063048,聯詠兆豐9B購01  ,0,0,0,0,0,0,0,0,0,86000,0,0,0,160000,74000,86000,86000
061865,力山元大9B購01  ,0,0,0,0,0,0,0,0,0,86000,0,0,0,202000,116000,86000,86000
06151P,華新科元大97售07,0,0,0,0,0,0,0,0,0,86000,0,0,0,171000,85000,86000,86000
056268,新日興統一97購01,0,0,0,0,0,0,0,0,0,85000,0,0,0,86000,1000,85000,85000
056723,國巨中信9A購01  ,0,0,0,0,0,0,0,0,0,85000,0,0,0,85000,0,85000,85000
060199,台郡元富9A購01  ,0,0,0,0,0,0,0,0,0,85000,0,0,0,85000,0,85000,85000
058699,楠梓電元大99購02,0,0,0,0,0,0,0,0,0,85000,0,0,0,153000,68000,85000,85000
057308,同欣電兆豐99購01,0,0,0,0,0,0,0,0,0,85000,0,0,0,85000,0,85000,85000
057614,華新科元富99購04,0,0,0,0,0,0,0,0,0,85000,0,0,0,85000,0,85000,85000
057229,友達凱基9B購02  ,0,0,0,0,0,0,0,0,0,85000,0,0,0,85000,0,85000,85000
059762,禾伸堂永豐99購02,0,0,0,0,0,0,0,0,0,85000,0,0,0,85000,0,85000,85000
059082,華通元大99購06  ,0,0,0,0,0,0,0,0,0,85000,0,0,0,87000,2000,85000,85000
062141,遠東新國票9B購01,0,0,0,0,0,0,0,0,0,85000,0,0,0,85000,0,85000,85000
060964,日月光凱基9A購01,0,0,0,0,0,0,0,0,0,85000,0,0,0,88000,3000,85000,85000
060957,SP黃豆凱基9A購04,0,0,0,0,0,0,0,0,0,85000,0,0,0,85000,0,85000,85000
062970,智邦元富9B購01  ,0,0,0,0,0,0,0,0,0,85000,0,0,0,115000,30000,85000,85000
062854,日電貿永豐9B購01,0,0,0,0,0,0,0,0,0,85000,0,0,0,85000,0,85000,85000
062490,聯茂永豐9B購01  ,0,0,0,0,0,0,0,0,0,85000,0,0,0,85000,0,85000,85000
07989P,玉晶光凱基9B售07,0,0,0,0,0,0,0,0,0,84000,0,0,0,84000,0,84000,84000
08017P,華新科國票9B售01,0,0,0,0,0,0,0,0,0,84000,0,0,0,84000,0,84000,84000
08202P,台表科國泰01售04,0,0,0,0,0,0,0,0,0,84000,0,0,0,84000,0,84000,84000
054148,矽創元大96購03  ,0,0,0,0,0,0,0,0,0,84000,0,0,0,120000,36000,84000,84000
056417,欣興中信98購01  ,0,0,0,0,0,0,0,0,0,84000,0,0,0,424000,340000,84000,84000
056512,易華電永豐98購01,0,0,0,0,0,0,0,0,0,84000,0,0,0,94000,10000,84000,84000
056532,技嘉凱基98購01  ,0,0,0,0,0,0,0,0,0,84000,0,0,0,92000,8000,84000,84000
059040,訊芯群益99購03  ,0,0,0,0,0,0,0,0,0,84000,0,0,0,182000,98000,84000,84000
058901,美律元大99購07  ,0,0,0,0,0,0,0,0,0,84000,0,0,0,219000,135000,84000,84000
060287,燿華元大9A購01  ,0,0,0,0,0,0,0,0,0,84000,0,0,0,108000,24000,84000,84000
060340,國巨統一01購02  ,0,0,0,0,0,0,0,0,0,84000,0,0,0,96000,12000,84000,84000
08142P,國巨凱基9B售13  ,0,0,0,0,0,0,0,0,0,83000,0,0,0,83000,0,83000,83000
055071,群電永豐97購01  ,0,0,0,0,0,0,0,0,0,83000,0,0,0,137000,54000,83000,83000
058617,南電元大99購01  ,0,0,0,0,0,0,0,0,0,83000,0,0,0,109000,26000,83000,83000
056726,友達日盛9A購01  ,0,0,0,0,0,0,0,0,0,83000,0,0,0,123000,40000,83000,83000
052699,友達國票97購01  ,0,0,0,0,0,0,0,0,0,83000,0,0,0,143000,60000,83000,83000
060032,利勤永豐99購01  ,0,0,0,0,0,0,0,0,0,83000,0,0,0,125000,42000,83000,83000
057698,奇力新群益98購02,0,0,0,0,0,0,0,0,0,83000,0,0,0,83000,0,83000,83000
057743,華擎永豐98購03  ,0,0,0,0,0,0,0,0,0,83000,0,0,0,109000,26000,83000,83000
058525,台虹元大99購02  ,0,0,0,0,0,0,0,0,0,83000,0,0,0,83000,0,83000,83000
063281,京元電元大9B購01,0,0,0,0,0,0,0,0,0,83000,0,0,0,297000,214000,83000,83000
2908,特力            ,174000,91000,83000,0,0,0,0,0,0,0,0,0,0,0,0,0,83000
1903,士紙            ,104000,22000,82000,0,0,0,0,0,0,0,0,0,0,0,0,0,82000
055586,旺宏元大98購06  ,0,0,0,0,0,0,0,0,0,82000,0,0,0,182000,100000,82000,82000
056659,泰碩元大99購01  ,0,0,0,0,0,0,0,0,0,82000,0,0,0,160000,78000,82000,82000
0061,元大寶滬深      ,106000,0,106000,0,0,0,0,0,0,-24000,30000,110000,-80000,56000,0,56000,82000
056323,旺宏兆豐98購01  ,0,0,0,0,0,0,0,0,0,82000,0,0,0,92000,10000,82000,82000
059100,元油2X統一9C購02,0,0,0,0,0,0,0,0,0,82000,0,0,0,226000,144000,82000,82000
058141,嘉聯益元大99購05,0,0,0,0,0,0,0,0,0,82000,0,0,0,150000,68000,82000,82000
057053,立積元大98購02  ,0,0,0,0,0,0,0,0,0,82000,0,0,0,200000,118000,82000,82000
060476,瑞祺元大9A購02  ,0,0,0,0,0,0,0,0,0,82000,0,0,0,102000,20000,82000,82000
059944,欣興永豐99購03  ,0,0,0,0,0,0,0,0,0,82000,0,0,0,90000,8000,82000,82000
061655,微星國票9A購01  ,0,0,0,0,0,0,0,0,0,82000,0,0,0,109000,27000,82000,82000
4927,泰鼎-KY         ,465000,96000,369000,0,0,0,0,0,0,-287000,1000,205000,-204000,10000,93000,-83000,82000
058483,道瓊指國票9A購01,0,0,0,0,0,0,0,0,0,81000,0,0,0,313000,232000,81000,81000
053259,卜蜂群益97購01  ,0,0,0,0,0,0,0,0,0,81000,0,0,0,81000,0,81000,81000
060601,技嘉凱基9A購02  ,0,0,0,0,0,0,0,0,0,81000,0,0,0,120000,39000,81000,81000
060109,茂林元大99購05  ,0,0,0,0,0,0,0,0,0,81000,0,0,0,104000,23000,81000,81000
061868,旺宏元大9B購03  ,0,0,0,0,0,0,0,0,0,81000,0,0,0,81000,0,81000,81000
063391,南電兆豐9C購01  ,0,0,0,0,0,0,0,0,0,81000,0,0,0,112000,31000,81000,81000
062831,嘉澤群益9B購01  ,0,0,0,0,0,0,0,0,0,81000,0,0,0,83000,2000,81000,81000
062945,世芯國泰01購01  ,0,0,0,0,0,0,0,0,0,81000,0,0,0,123000,42000,81000,81000
063060,華新科元富9B購03,0,0,0,0,0,0,0,0,0,81000,0,0,0,86000,5000,81000,81000
06240P,奇力新元富97售03,0,0,0,0,0,0,0,0,0,81000,0,0,0,110000,29000,81000,81000
5907,大洋-KY         ,96000,16000,80000,0,0,0,0,0,0,1000,1000,0,1000,0,0,0,81000
2534,宏盛            ,190000,113000,77000,0,0,0,0,0,0,3000,3000,0,3000,0,0,0,80000
07500P,微星元大9A售01  ,0,0,0,0,0,0,0,0,0,80000,0,0,0,96000,16000,80000,80000
07105P,大毅元富99售02  ,0,0,0,0,0,0,0,0,0,80000,0,0,0,80000,0,80000,80000
063843,台積電元大9C購03,0,0,0,0,0,0,0,0,0,80000,0,0,0,90000,10000,80000,80000
063706,台虹群益9B購01  ,0,0,0,0,0,0,0,0,0,80000,0,0,0,100000,20000,80000,80000
055620,樺漢國票98購01  ,0,0,0,0,0,0,0,0,0,80000,0,0,0,80000,0,80000,80000
05192P,玉晶光台新96售02,0,0,0,0,0,0,0,0,0,80000,0,0,0,80000,0,80000,80000
05425P,華邦電亞東96售02,0,0,0,0,0,0,0,0,0,80000,0,0,0,80000,0,80000,80000
056308,TPK元大97購02   ,0,0,0,0,0,0,0,0,0,80000,0,0,0,80000,0,80000,80000
055301,台虹元大97購01  ,0,0,0,0,0,0,0,0,0,80000,0,0,0,163000,83000,80000,80000
060382,儒鴻凱基9A購01  ,0,0,0,0,0,0,0,0,0,80000,0,0,0,84000,4000,80000,80000
058076,神達凱基98購02  ,0,0,0,0,0,0,0,0,0,80000,0,0,0,80000,0,80000,80000
058061,貿聯元富9B購01  ,0,0,0,0,0,0,0,0,0,80000,0,0,0,127000,47000,80000,80000
057917,台積電凱基98購17,0,0,0,0,0,0,0,0,0,80000,0,0,0,80000,0,80000,80000
057470,易華電永豐98購02,0,0,0,0,0,0,0,0,0,80000,0,0,0,80000,0,80000,80000
057552,禾伸堂凱基98購05,0,0,0,0,0,0,0,0,0,80000,0,0,0,100000,20000,80000,80000
059063,康控凱基99購04  ,0,0,0,0,0,0,0,0,0,80000,0,0,0,80000,0,80000,80000
056872,旺宏凱基98購08  ,0,0,0,0,0,0,0,0,0,80000,0,0,0,80000,0,80000,80000
062611,台灣50元大9B購18,0,0,0,0,0,0,0,0,0,80000,0,0,0,100000,20000,80000,80000
063343,美律統一9C購01  ,0,0,0,0,0,0,0,0,0,80000,0,0,0,80000,0,80000,80000
061790,中租群益9B購01  ,0,0,0,0,0,0,0,0,0,80000,0,0,0,165000,85000,80000,80000
061598,南電永豐9A購04  ,0,0,0,0,0,0,0,0,0,80000,0,0,0,80000,0,80000,80000
061041,南電永豐9A購03  ,0,0,0,0,0,0,0,0,0,80000,0,0,0,80000,0,80000,80000
061291,玉晶光統一01購05,0,0,0,0,0,0,0,0,0,80000,0,0,0,80000,0,80000,80000
061196,世芯永豐9A購06  ,0,0,0,0,0,0,0,0,0,80000,0,0,0,142000,62000,80000,80000
058577,南亞科群益99購02,0,0,0,0,0,0,0,0,0,79000,0,0,0,84000,5000,79000,79000
058855,台積電兆豐99購02,0,0,0,0,0,0,0,0,0,79000,0,0,0,79000,0,79000,79000
057465,智易永豐98購02  ,0,0,0,0,0,0,0,0,0,79000,0,0,0,105000,26000,79000,79000
060651,瑞儀中信9B購01  ,0,0,0,0,0,0,0,0,0,79000,0,0,0,127000,48000,79000,79000
063114,南電兆豐9B購01  ,0,0,0,0,0,0,0,0,0,79000,0,0,0,149000,70000,79000,79000
062684,華新科統一01購02,0,0,0,0,0,0,0,0,0,79000,0,0,0,149000,70000,79000,79000
053754,英業達元富96購02,0,0,0,0,0,0,0,0,0,78000,0,0,0,270000,192000,78000,78000
060042,台積電群益99購12,0,0,0,0,0,0,0,0,0,78000,0,0,0,101000,23000,78000,78000
057629,泰碩永豐98購02  ,0,0,0,0,0,0,0,0,0,78000,0,0,0,78000,0,78000,78000
057393,台積電中信02購01,0,0,0,0,0,0,0,0,0,78000,0,0,0,554000,476000,78000,78000
057877,神達元大99購01  ,0,0,0,0,0,0,0,0,0,78000,0,0,0,88000,10000,78000,78000
057658,玉晶光兆豐99購02,0,0,0,0,0,0,0,0,0,78000,0,0,0,131000,53000,78000,78000
057772,台積電群益99購01,0,0,0,0,0,0,0,0,0,78000,0,0,0,91000,13000,78000,78000
062374,茂林元大9B購03  ,0,0,0,0,0,0,0,0,0,78000,0,0,0,121000,43000,78000,78000
061317,旺宏凱基9A購05  ,0,0,0,0,0,0,0,0,0,78000,0,0,0,78000,0,78000,78000
2923,鼎固-KY         ,79000,1000,78000,0,0,0,0,0,0,0,0,0,0,0,0,0,78000
056617,美律永豐98購01  ,0,0,0,0,0,0,0,0,0,77000,0,0,0,77000,0,77000,77000
058175,旺宏凱基99購03  ,0,0,0,0,0,0,0,0,0,77000,0,0,0,77000,0,77000,77000
057872,旺宏元大99購06  ,0,0,0,0,0,0,0,0,0,77000,0,0,0,93000,16000,77000,77000
056962,技嘉永豐98購01  ,0,0,0,0,0,0,0,0,0,77000,0,0,0,333000,256000,77000,77000
059924,世紀鋼元大99購06,0,0,0,0,0,0,0,0,0,77000,0,0,0,209000,132000,77000,77000
060123,光罩永豐99購02  ,0,0,0,0,0,0,0,0,0,77000,0,0,0,254000,177000,77000,77000
061054,台積電群益9A購04,0,0,0,0,0,0,0,0,0,77000,0,0,0,124000,47000,77000,77000
060846,欣興國票9A購02  ,0,0,0,0,0,0,0,0,0,77000,0,0,0,160000,83000,77000,77000
060764,華擎元大9A購03  ,0,0,0,0,0,0,0,0,0,77000,0,0,0,153000,76000,77000,77000
062395,台表科富邦9C購01,0,0,0,0,0,0,0,0,0,77000,0,0,0,87000,10000,77000,77000
062833,世芯群益9B購01  ,0,0,0,0,0,0,0,0,0,77000,0,0,0,90000,13000,77000,77000
2395,研華            ,460000,379432,80568,0,0,0,0,4000,-4000,0,2000,2000,0,0,0,0,76568
063622,健策兆豐9B購01  ,0,0,0,0,0,0,0,0,0,76000,0,0,0,91000,15000,76000,76000
063992,大立光中信9C購03,0,0,0,0,0,0,0,0,0,76000,0,0,0,80000,4000,76000,76000
06461P,玉晶光國泰9A售01,0,0,0,0,0,0,0,0,0,76000,0,0,0,76000,0,76000,76000
056002,嘉晶永豐97購01  ,0,0,0,0,0,0,0,0,0,76000,0,0,0,166000,90000,76000,76000
055873,聚陽元富97購01  ,0,0,0,0,0,0,0,0,0,76000,0,0,0,76000,0,76000,76000
052986,聯發科元大97購05,0,0,0,0,0,0,0,0,0,76000,0,0,0,227000,151000,76000,76000
062858,微星國票9B購01  ,0,0,0,0,0,0,0,0,0,76000,0,0,0,95000,19000,76000,76000
063397,廣達群益9B購02  ,0,0,0,0,0,0,0,0,0,76000,0,0,0,76000,0,76000,76000
061079,台積電兆豐9A購02,0,0,0,0,0,0,0,0,0,76000,0,0,0,76000,0,76000,76000
063791,玉晶光台新9C購01,0,0,0,0,0,0,0,0,0,75000,0,0,0,75000,0,75000,75000
07637P,國巨國票9A售08  ,0,0,0,0,0,0,0,0,0,75000,0,0,0,75000,0,75000,75000
052809,訊芯元大97購01  ,0,0,0,0,0,0,0,0,0,75000,0,0,0,75000,0,75000,75000
055490,台光電元大97購01,0,0,0,0,0,0,0,0,0,75000,0,0,0,100000,25000,75000,75000
053134,南亞科國票97購01,0,0,0,0,0,0,0,0,0,75000,0,0,0,95000,20000,75000,75000
058297,茂林凱基9A購02  ,0,0,0,0,0,0,0,0,0,75000,0,0,0,75000,0,75000,75000
057853,旺宏國票99購05  ,0,0,0,0,0,0,0,0,0,75000,0,0,0,75000,0,75000,75000
059267,群創中信01購02  ,0,0,0,0,0,0,0,0,0,75000,0,0,0,175000,100000,75000,75000
059202,禾聯碩永豐99購01,0,0,0,0,0,0,0,0,0,75000,0,0,0,75000,0,75000,75000
061358,世紀鋼元大9A購04,0,0,0,0,0,0,0,0,0,75000,0,0,0,172000,97000,75000,75000
061123,燿華永豐9A購01  ,0,0,0,0,0,0,0,0,0,75000,0,0,0,75000,0,75000,75000
061517,瑞祺永豐9A購03  ,0,0,0,0,0,0,0,0,0,75000,0,0,0,247000,172000,75000,75000
062846,國泰金富邦9C購01,0,0,0,0,0,0,0,0,0,75000,0,0,0,523000,448000,75000,75000
06268P,聯詠凱基97售02  ,0,0,0,0,0,0,0,0,0,75000,0,0,0,75000,0,75000,75000
9905,大華            ,76000,1000,75000,0,0,0,0,0,0,0,0,0,0,0,0,0,75000
063630,智邦元大9B購09  ,0,0,0,0,0,0,0,0,0,74000,0,0,0,95000,21000,74000,74000
063466,美食元大9B購02  ,0,0,0,0,0,0,0,0,0,74000,0,0,0,145000,71000,74000,74000
07049P,聯發科中信99售03,0,0,0,0,0,0,0,0,0,74000,0,0,0,75000,1000,74000,74000
058190,貿聯永豐99購01  ,0,0,0,0,0,0,0,0,0,74000,0,0,0,107000,33000,74000,74000
056021,興富發群益97購01,0,0,0,0,0,0,0,0,0,74000,0,0,0,75000,1000,74000,74000
055305,旺宏群益99購01  ,0,0,0,0,0,0,0,0,0,74000,0,0,0,74000,0,74000,74000
055106,台積電凱基98購05,0,0,0,0,0,0,0,0,0,74000,0,0,0,74000,0,74000,74000
057841,茂林富邦9A購02  ,0,0,0,0,0,0,0,0,0,74000,0,0,0,114000,40000,74000,74000
058955,台積電國票9A購04,0,0,0,0,0,0,0,0,0,74000,0,0,0,150000,76000,74000,74000
059055,旺宏凱基9B購02  ,0,0,0,0,0,0,0,0,0,74000,0,0,0,74000,0,74000,74000
058123,亞光國票9A購01  ,0,0,0,0,0,0,0,0,0,74000,0,0,0,74000,0,74000,74000
058920,SGBR2X元富99購06,0,0,0,0,0,0,0,0,0,74000,0,0,0,74000,0,74000,74000
058731,貿聯永豐99購02  ,0,0,0,0,0,0,0,0,0,74000,0,0,0,100000,26000,74000,74000
062944,茂林凱基9B購02  ,0,0,0,0,0,0,0,0,0,74000,0,0,0,74000,0,74000,74000
062930,旺宏統一9C購02  ,0,0,0,0,0,0,0,0,0,74000,0,0,0,79000,5000,74000,74000
06168P,台表科國票97售06,0,0,0,0,0,0,0,0,0,74000,0,0,0,238000,164000,74000,74000
3094,聯傑            ,168000,94000,74000,0,0,0,0,0,0,0,5000,5000,0,0,0,0,74000
4119,旭富            ,281000,188000,93000,0,0,0,0,562,-562,-19000,0,0,0,18000,37000,-19000,73438
06652P,長榮航元大98售01,0,0,0,0,0,0,0,0,0,73000,0,0,0,73000,0,73000,73000
063666,京元電統一9C購01,0,0,0,0,0,0,0,0,0,73000,0,0,0,316000,243000,73000,73000
063934,寶成統一02購01  ,0,0,0,0,0,0,0,0,0,73000,0,0,0,244000,171000,73000,73000
07768P,緯穎群益9A售02  ,0,0,0,0,0,0,0,0,0,73000,0,0,0,73000,0,73000,73000
054332,世芯永豐97購01  ,0,0,0,0,0,0,0,0,0,73000,0,0,0,73000,0,73000,73000
00730,富邦臺灣優質高息,1000,0,1000,0,0,0,0,0,0,72000,0,0,0,484000,412000,72000,73000
060396,友達國票9A購01  ,0,0,0,0,0,0,0,0,0,73000,0,0,0,73000,0,73000,73000
058874,聯鈞國票9A購01  ,0,0,0,0,0,0,0,0,0,73000,0,0,0,73000,0,73000,73000
057548,微星凱基99購01  ,0,0,0,0,0,0,0,0,0,73000,0,0,0,163000,90000,73000,73000
059274,國巨元大99購22  ,0,0,0,0,0,0,0,0,0,73000,0,0,0,73000,0,73000,73000
061786,義隆群益9B購01  ,0,0,0,0,0,0,0,0,0,73000,0,0,0,91000,18000,73000,73000
063229,台表科群益9B購04,0,0,0,0,0,0,0,0,0,73000,0,0,0,81000,8000,73000,73000
3437,榮創            ,261000,189000,72000,0,0,0,0,0,0,1000,1000,0,1000,0,0,0,73000
07457P,宏達電元大9A售01,0,0,0,0,0,0,0,0,0,72000,0,0,0,72000,0,72000,72000
1217,愛之味          ,276000,204000,72000,0,0,0,0,0,0,0,0,0,0,0,0,0,72000
063892,旺宏群益01購01  ,0,0,0,0,0,0,0,0,0,72000,0,0,0,87000,15000,72000,72000
056769,國產元大98購01  ,0,0,0,0,0,0,0,0,0,72000,0,0,0,206000,134000,72000,72000
055207,致新中信99購01  ,0,0,0,0,0,0,0,0,0,72000,0,0,0,113000,41000,72000,72000
057072,日月光永豐98購01,0,0,0,0,0,0,0,0,0,72000,0,0,0,99000,27000,72000,72000
057646,玉山金元大98購01,0,0,0,0,0,0,0,0,0,72000,0,0,0,76000,4000,72000,72000
063347,祥碩統一01購03  ,0,0,0,0,0,0,0,0,0,72000,0,0,0,72000,0,72000,72000
062638,茂林國票9C購01  ,0,0,0,0,0,0,0,0,0,72000,0,0,0,76000,4000,72000,72000
063978,美食兆豐9C購01  ,0,0,0,0,0,0,0,0,0,71000,0,0,0,71000,0,71000,71000
2034,允強            ,136000,66000,70000,0,0,0,0,0,0,1000,5000,4000,1000,0,0,0,71000
05677P,玉晶光群益98售03,0,0,0,0,0,0,0,0,0,71000,0,0,0,106000,35000,71000,71000
062761,嘉晶凱基9C購01  ,0,0,0,0,0,0,0,0,0,71000,0,0,0,117000,46000,71000,71000
061237,晶技元大9A購01  ,0,0,0,0,0,0,0,0,0,71000,0,0,0,71000,0,71000,71000
061451,南電中信9A購03  ,0,0,0,0,0,0,0,0,0,71000,0,0,0,132000,61000,71000,71000
2305,全友            ,160000,86000,74000,0,0,0,0,0,0,-4000,0,4000,-4000,0,0,0,70000
07710P,華擎元大9A售05  ,0,0,0,0,0,0,0,0,0,70000,0,0,0,70000,0,70000,70000
08074P,緯穎元富9B售02  ,0,0,0,0,0,0,0,0,0,70000,0,0,0,71000,1000,70000,70000
08082P,台灣50元大9B售21,0,0,0,0,0,0,0,0,0,70000,0,0,0,100000,30000,70000,70000
06399P,台表科凱基97售05,0,0,0,0,0,0,0,0,0,70000,0,0,0,70000,0,70000,70000
063932,世芯統一01購01  ,0,0,0,0,0,0,0,0,0,70000,0,0,0,144000,74000,70000,70000
063960,南電元大9C購03  ,0,0,0,0,0,0,0,0,0,70000,0,0,0,71000,1000,70000,70000
063715,鈺齊凱基9C購01  ,0,0,0,0,0,0,0,0,0,70000,0,0,0,288000,218000,70000,70000
06638P,鴻海統一99售02  ,0,0,0,0,0,0,0,0,0,70000,0,0,0,90000,20000,70000,70000
06751P,旺宏凱基98售10  ,0,0,0,0,0,0,0,0,0,70000,0,0,0,70000,0,70000,70000
054579,聯茂元大97購01  ,0,0,0,0,0,0,0,0,0,70000,0,0,0,70000,0,70000,70000
054493,同欣電台新96購01,0,0,0,0,0,0,0,0,0,70000,0,0,0,70000,0,70000,70000
056765,友達元大9B購05  ,0,0,0,0,0,0,0,0,0,70000,0,0,0,70000,0,70000,70000
055553,聯發科凱基97購05,0,0,0,0,0,0,0,0,0,70000,0,0,0,70000,0,70000,70000
053033,智易兆豐97購01  ,0,0,0,0,0,0,0,0,0,70000,0,0,0,70000,0,70000,70000
052694,開發金中信98購01,0,0,0,0,0,0,0,0,0,70000,0,0,0,70000,0,70000,70000
053797,台積電中信98購01,0,0,0,0,0,0,0,0,0,70000,0,0,0,271000,201000,70000,70000
053593,晶技元大98購01  ,0,0,0,0,0,0,0,0,0,70000,0,0,0,133000,63000,70000,70000
058910,泰鼎元大99購03  ,0,0,0,0,0,0,0,0,0,70000,0,0,0,70000,0,70000,70000
057746,同欣電永豐98購02,0,0,0,0,0,0,0,0,0,70000,0,0,0,80000,10000,70000,70000
058655,鴻海中信03購02  ,0,0,0,0,0,0,0,0,0,70000,0,0,0,85000,15000,70000,70000
059288,旺宏元富99購03  ,0,0,0,0,0,0,0,0,0,70000,0,0,0,100000,30000,70000,70000
057481,技嘉元大98購04  ,0,0,0,0,0,0,0,0,0,70000,0,0,0,73000,3000,70000,70000
057397,茂林中信9A購01  ,0,0,0,0,0,0,0,0,0,70000,0,0,0,70000,0,70000,70000
060514,南電元大9A購02  ,0,0,0,0,0,0,0,0,0,70000,0,0,0,104000,34000,70000,70000
060673,旺宏元大9A購04  ,0,0,0,0,0,0,0,0,0,70000,0,0,0,72000,2000,70000,70000
060127,牧德永豐99購02  ,0,0,0,0,0,0,0,0,0,70000,0,0,0,192000,122000,70000,70000
057231,美律凱基98購05  ,0,0,0,0,0,0,0,0,0,70000,0,0,0,110000,40000,70000,70000
059876,智易凱基99購02  ,0,0,0,0,0,0,0,0,0,70000,0,0,0,70000,0,70000,70000
059559,T50反1凱基99購07,0,0,0,0,0,0,0,0,0,70000,0,0,0,170000,100000,70000,70000
060972,T50反1元大9A購10,0,0,0,0,0,0,0,0,0,70000,0,0,0,70000,0,70000,70000
061519,T50反1中信03購01,0,0,0,0,0,0,0,0,0,70000,0,0,0,70000,0,70000,70000
061879,超眾元大9C購01  ,0,0,0,0,0,0,0,0,0,70000,0,0,0,132000,62000,70000,70000
063166,超眾永豐9B購01  ,0,0,0,0,0,0,0,0,0,70000,0,0,0,70000,0,70000,70000
063611,儒鴻群益9B購03  ,0,0,0,0,0,0,0,0,0,69000,0,0,0,297000,228000,69000,69000
07873P,華新科群益9B售03,0,0,0,0,0,0,0,0,0,69000,0,0,0,82000,13000,69000,69000
055303,鈺齊元大97購01  ,0,0,0,0,0,0,0,0,0,69000,0,0,0,69000,0,69000,69000
056523,光寶科中信98購01,0,0,0,0,0,0,0,0,0,69000,0,0,0,90000,21000,69000,69000
057628,旺宏永豐98購02  ,0,0,0,0,0,0,0,0,0,69000,0,0,0,69000,0,69000,69000
057378,康友元大98購02  ,0,0,0,0,0,0,0,0,0,69000,0,0,0,249000,180000,69000,69000
058358,技嘉凱基9A購01  ,0,0,0,0,0,0,0,0,0,69000,0,0,0,83000,14000,69000,69000
061548,聯詠群益9A購02  ,0,0,0,0,0,0,0,0,0,69000,0,0,0,69000,0,69000,69000
061187,瀚宇博國泰9C購01,0,0,0,0,0,0,0,0,0,69000,0,0,0,99000,30000,69000,69000
3321,同泰            ,91000,22000,69000,0,0,0,0,0,0,0,0,0,0,0,0,0,69000
2850,新產            ,93000,24000,69000,0,0,0,0,0,0,0,0,0,0,0,0,0,69000
2362,藍天            ,87000,21000,66000,0,0,0,0,0,0,2000,2000,0,2000,0,0,0,68000
063461,金像電元大9B購03,0,0,0,0,0,0,0,0,0,68000,0,0,0,68000,0,68000,68000
063899,同欣電群益9C購01,0,0,0,0,0,0,0,0,0,68000,0,0,0,829000,761000,68000,68000
063772,智邦富邦9B購02  ,0,0,0,0,0,0,0,0,0,68000,0,0,0,166000,98000,68000,68000
06468P,華新科統一98售02,0,0,0,0,0,0,0,0,0,68000,0,0,0,78000,10000,68000,68000
064112,宏碁國票01購01  ,0,0,0,0,0,0,0,0,0,68000,0,0,0,88000,20000,68000,68000
056543,京鼎凱基98購01  ,0,0,0,0,0,0,0,0,0,68000,0,0,0,98000,30000,68000,68000
055841,南亞科元大97購04,0,0,0,0,0,0,0,0,0,68000,0,0,0,68000,0,68000,68000
055216,友達凱基98購05  ,0,0,0,0,0,0,0,0,0,68000,0,0,0,110000,42000,68000,68000
054607,台積電永豐97購03,0,0,0,0,0,0,0,0,0,68000,0,0,0,235000,167000,68000,68000
056138,群創元大9B購01  ,0,0,0,0,0,0,0,0,0,68000,0,0,0,250000,182000,68000,68000
054664,台表科元大97購04,0,0,0,0,0,0,0,0,0,68000,0,0,0,68000,0,68000,68000
058248,聯茂元大99購05  ,0,0,0,0,0,0,0,0,0,68000,0,0,0,68000,0,68000,68000
058265,奇力新永豐9A購01,0,0,0,0,0,0,0,0,0,68000,0,0,0,68000,0,68000,68000
054111,緯穎凱基97購01  ,0,0,0,0,0,0,0,0,0,68000,0,0,0,81000,13000,68000,68000
053924,京鼎國票97購01  ,0,0,0,0,0,0,0,0,0,68000,0,0,0,68000,0,68000,68000
057644,奇力新元大98購04,0,0,0,0,0,0,0,0,0,68000,0,0,0,68000,0,68000,68000
058881,全新永豐99購01  ,0,0,0,0,0,0,0,0,0,68000,0,0,0,93000,25000,68000,68000
058951,南電群益99購01  ,0,0,0,0,0,0,0,0,0,68000,0,0,0,90000,22000,68000,68000
057742,喬山永豐98購02  ,0,0,0,0,0,0,0,0,0,68000,0,0,0,68000,0,68000,68000
059242,南亞科凱基99購06,0,0,0,0,0,0,0,0,0,68000,0,0,0,157000,89000,68000,68000
057480,技嘉元大98購03  ,0,0,0,0,0,0,0,0,0,68000,0,0,0,89000,21000,68000,68000
057849,南茂永豐98購02  ,0,0,0,0,0,0,0,0,0,68000,0,0,0,71000,3000,68000,68000
059856,昇陽半永豐99購03,0,0,0,0,0,0,0,0,0,68000,0,0,0,111000,43000,68000,68000
060025,台積電富邦9C購06,0,0,0,0,0,0,0,0,0,68000,0,0,0,78000,10000,68000,68000
059956,玉山金康和99購01,0,0,0,0,0,0,0,0,0,68000,0,0,0,68000,0,68000,68000
060528,友達中信9C購01  ,0,0,0,0,0,0,0,0,0,68000,0,0,0,81000,13000,68000,68000
060529,聯發科中信9A購04,0,0,0,0,0,0,0,0,0,68000,0,0,0,68000,0,68000,68000
060475,瑞祺元大9A購01  ,0,0,0,0,0,0,0,0,0,68000,0,0,0,81000,13000,68000,68000
061337,台積電元大9A購27,0,0,0,0,0,0,0,0,0,68000,0,0,0,78000,10000,68000,68000
061711,台積電凱基9A購27,0,0,0,0,0,0,0,0,0,68000,0,0,0,68000,0,68000,68000
061867,旺宏元大9B購02  ,0,0,0,0,0,0,0,0,0,68000,0,0,0,93000,25000,68000,68000
061903,宏全永豐9B購01  ,0,0,0,0,0,0,0,0,0,68000,0,0,0,68000,0,68000,68000
062488,台光電永豐9B購02,0,0,0,0,0,0,0,0,0,68000,0,0,0,68000,0,68000,68000
062408,致新永豐9B購01  ,0,0,0,0,0,0,0,0,0,68000,0,0,0,78000,10000,68000,68000
4989,榮科            ,78000,10000,68000,0,0,0,0,0,0,0,0,0,0,0,0,0,68000
064107,友達兆豐01購01  ,0,0,0,0,0,0,0,0,0,67000,0,0,0,80000,13000,67000,67000
06900P,FBVIX國票12售01 ,0,0,0,0,0,0,0,0,0,67000,0,0,0,67000,0,67000,67000
2009,第一銅          ,77000,10000,67000,0,0,0,0,0,0,0,0,0,0,0,0,0,67000
07858P,旺宏永豐9A售03  ,0,0,0,0,0,0,0,0,0,67000,0,0,0,77000,10000,67000,67000
07789P,緯穎群益9A售03  ,0,0,0,0,0,0,0,0,0,67000,0,0,0,90000,23000,67000,67000
07131P,緯穎元大99售06  ,0,0,0,0,0,0,0,0,0,67000,0,0,0,67000,0,67000,67000
051577,台積電元大97購03,0,0,0,0,0,0,0,0,0,67000,0,0,0,84000,17000,67000,67000
051277,聯發科中信9A購01,0,0,0,0,0,0,0,0,0,67000,0,0,0,67000,0,67000,67000
054378,楠梓電群益98購01,0,0,0,0,0,0,0,0,0,67000,0,0,0,97000,30000,67000,67000
058208,百和凱基99購01  ,0,0,0,0,0,0,0,0,0,67000,0,0,0,89000,22000,67000,67000
056803,群創台新99購02  ,0,0,0,0,0,0,0,0,0,67000,0,0,0,100000,33000,67000,67000
060470,台勝科元大9A購03,0,0,0,0,0,0,0,0,0,67000,0,0,0,147000,80000,67000,67000
060156,光磊永豐9A購01  ,0,0,0,0,0,0,0,0,0,67000,0,0,0,74000,7000,67000,67000
058018,南亞科凱基99購03,0,0,0,0,0,0,0,0,0,67000,0,0,0,70000,3000,67000,67000
057408,台郡群益98購01  ,0,0,0,0,0,0,0,0,0,67000,0,0,0,70000,3000,67000,67000
058518,玉晶光元大99購13,0,0,0,0,0,0,0,0,0,67000,0,0,0,69000,2000,67000,67000
061817,高鐵群益9B購01  ,0,0,0,0,0,0,0,0,0,67000,0,0,0,169000,102000,67000,67000
061606,景碩凱基9A購02  ,0,0,0,0,0,0,0,0,0,67000,0,0,0,216000,149000,67000,67000
4576,大銀微系統      ,163000,97000,66000,0,0,0,0,0,0,1000,1000,0,1000,0,0,0,67000
1439,中和            ,77000,13000,64000,0,0,0,0,0,0,2000,2000,0,2000,0,0,0,66000
07025P,玉晶光凱基99售01,0,0,0,0,0,0,0,0,0,66000,0,0,0,586000,520000,66000,66000
064176,京元電國泰01購01,0,0,0,0,0,0,0,0,0,66000,0,0,0,282000,216000,66000,66000
055097,福懋科群益97購01,0,0,0,0,0,0,0,0,0,66000,0,0,0,66000,0,66000,66000
056713,華擎永豐98購01  ,0,0,0,0,0,0,0,0,0,66000,0,0,0,66000,0,66000,66000
051694,A50正2中信96購03,0,0,0,0,0,0,0,0,0,66000,0,0,0,66000,0,66000,66000
058909,神達元大99購03  ,0,0,0,0,0,0,0,0,0,66000,0,0,0,162000,96000,66000,66000
058936,國喬中信99購01  ,0,0,0,0,0,0,0,0,0,66000,0,0,0,253000,187000,66000,66000
057467,祥碩永豐98購04  ,0,0,0,0,0,0,0,0,0,66000,0,0,0,66000,0,66000,66000
062437,廣達元大9B購01  ,0,0,0,0,0,0,0,0,0,66000,0,0,0,124000,58000,66000,66000
8454,富邦媒          ,130000,42000,88000,0,0,0,0,25000,-25000,3000,5000,2000,3000,0,0,0,66000
08152P,祥碩統一9B售02  ,0,0,0,0,0,0,0,0,0,65000,0,0,0,85000,20000,65000,65000
054147,GIS元大96購02   ,0,0,0,0,0,0,0,0,0,65000,0,0,0,65000,0,65000,65000
055605,緯穎元大97購02  ,0,0,0,0,0,0,0,0,0,65000,0,0,0,75000,10000,65000,65000
054411,光磊元大97購02  ,0,0,0,0,0,0,0,0,0,65000,0,0,0,112000,47000,65000,65000
053236,群創永豐97購02  ,0,0,0,0,0,0,0,0,0,65000,0,0,0,65000,0,65000,65000
06023P,超眾國票96售03  ,0,0,0,0,0,0,0,0,0,65000,0,0,0,264000,199000,65000,65000
056058,建準元大97購02  ,0,0,0,0,0,0,0,0,0,65000,0,0,0,105000,40000,65000,65000
057112,立積群益99購01  ,0,0,0,0,0,0,0,0,0,65000,0,0,0,295000,230000,65000,65000
057254,友達麥證98購01  ,0,0,0,65000,0,65000,0,0,0,65000,0,0,0,65000,0,65000,65000
058675,康控群益9B購01  ,0,0,0,0,0,0,0,0,0,65000,0,0,0,65000,0,65000,65000
059865,國巨凱基01購01  ,0,0,0,0,0,0,0,0,0,65000,0,0,0,260000,195000,65000,65000
060422,台勝科永豐9A購01,0,0,0,0,0,0,0,0,0,65000,0,0,0,284000,219000,65000,65000
062392,國巨富邦02購01  ,0,0,0,0,0,0,0,0,0,65000,0,0,0,165000,100000,65000,65000
062479,TPK國票9B購01   ,0,0,0,0,0,0,0,0,0,65000,0,0,0,65000,0,65000,65000
063408,茂林國票9C購02  ,0,0,0,0,0,0,0,0,0,65000,0,0,0,65000,0,65000,65000
063011,台積電元大9C購01,0,0,0,0,0,0,0,0,0,65000,0,0,0,65000,0,65000,65000
061607,台表科凱基9B購02,0,0,0,0,0,0,0,0,0,65000,0,0,0,76000,11000,65000,65000
061734,全新中信9B購02  ,0,0,0,0,0,0,0,0,0,65000,0,0,0,85000,20000,65000,65000
061878,茂林元大9B購01  ,0,0,0,0,0,0,0,0,0,65000,0,0,0,65000,0,65000,65000
062118,華新科中信9B購02,0,0,0,0,0,0,0,0,0,65000,0,0,0,85000,20000,65000,65000
061384,T50反1群益9A購04,0,0,0,0,0,0,0,0,0,65000,0,0,0,65000,0,65000,65000
060760,南亞科元大9A購04,0,0,0,0,0,0,0,0,0,65000,0,0,0,123000,58000,65000,65000
060793,微星永豐9A購01  ,0,0,0,0,0,0,0,0,0,65000,0,0,0,75000,10000,65000,65000
060879,華新科中信9A購02,0,0,0,0,0,0,0,0,0,65000,0,0,0,85000,20000,65000,65000
4190,佐登-KY         ,75000,10000,65000,0,0,0,0,0,0,0,1000,2000,-1000,1000,0,1000,65000
2832,台產            ,106000,41000,65000,0,0,0,0,0,0,0,0,0,0,0,0,0,65000
6582,申豐            ,121000,52000,69000,0,0,0,0,445,-445,-4000,19000,23000,-4000,0,0,0,64555
07009P,臺股指中信9B售01,0,0,0,0,0,0,0,0,0,64000,0,0,0,74000,10000,64000,64000
063930,高鐵統一02購02  ,0,0,0,0,0,0,0,0,0,64000,0,0,0,251000,187000,64000,64000
058318,致茂永豐9A購01  ,0,0,0,0,0,0,0,0,0,64000,0,0,0,64000,0,64000,64000
054895,南電統一97購01  ,0,0,0,0,0,0,0,0,0,64000,0,0,0,67000,3000,64000,64000
052418,玉晶光兆豐96購01,0,0,0,0,0,0,0,0,0,64000,0,0,0,64000,0,64000,64000
046191,新光金凱基98購01,0,0,0,0,0,0,0,0,0,64000,0,0,0,440000,376000,64000,64000
059629,友達凱基99購06  ,0,0,0,0,0,0,0,0,0,64000,0,0,0,70000,6000,64000,64000
058142,瑞儀元大99購01  ,0,0,0,0,0,0,0,0,0,64000,0,0,0,74000,10000,64000,64000
061966,旺宏統一01購03  ,0,0,0,0,0,0,0,0,0,64000,0,0,0,170000,106000,64000,64000
063327,燿華國票9C購02  ,0,0,0,0,0,0,0,0,0,64000,0,0,0,90000,26000,64000,64000
2739,寒舍            ,68000,4000,64000,0,0,0,0,0,0,0,0,0,0,0,0,0,64000
063854,南電元大9C購01  ,0,0,0,0,0,0,0,0,0,63000,0,0,0,76000,13000,63000,63000
1615,大山            ,99000,36000,63000,0,0,0,0,0,0,0,0,0,0,0,0,0,63000
07807P,聯茂永豐9A售02  ,0,0,0,0,0,0,0,0,0,63000,0,0,0,105000,42000,63000,63000
03658C,T50反1元大9A牛02,0,0,0,0,0,0,0,0,0,63000,0,0,0,68000,5000,63000,63000
055419,國巨永豐97購03  ,0,0,0,0,0,0,0,0,0,63000,0,0,0,63000,0,63000,63000
058868,元油2X國票99購06,0,0,0,0,0,0,0,0,0,63000,0,0,0,65000,2000,63000,63000
058398,中環元大99購02  ,0,0,0,0,0,0,0,0,0,63000,0,0,0,153000,90000,63000,63000
056941,台郡元富9B購01  ,0,0,0,0,0,0,0,0,0,63000,0,0,0,83000,20000,63000,63000
059290,全新元富99購01  ,0,0,0,0,0,0,0,0,0,63000,0,0,0,68000,5000,63000,63000
058769,友達兆豐99購01  ,0,0,0,0,0,0,0,0,0,63000,0,0,0,208000,145000,63000,63000
059855,緯穎永豐99購04  ,0,0,0,0,0,0,0,0,0,63000,0,0,0,101000,38000,63000,63000
059760,楠梓電永豐99購01,0,0,0,0,0,0,0,0,0,63000,0,0,0,79000,16000,63000,63000
059730,晶相光元大9C購02,0,0,0,0,0,0,0,0,0,63000,0,0,0,112000,49000,63000,63000
060616,宏碁元大9A購02  ,0,0,0,0,0,0,0,0,0,63000,0,0,0,101000,38000,63000,63000
060388,世紀鋼凱基9B購01,0,0,0,0,0,0,0,0,0,63000,0,0,0,67000,4000,63000,63000
062224,玉晶光統一9C購03,0,0,0,0,0,0,0,0,0,63000,0,0,0,80000,17000,63000,63000
061781,台積電群益9C購01,0,0,0,0,0,0,0,0,0,63000,0,0,0,78000,15000,63000,63000
060744,鴻海國票9A購04  ,0,0,0,0,0,0,0,0,0,63000,0,0,0,189000,126000,63000,63000
06123P,玉晶光元大97售04,0,0,0,0,0,0,0,0,0,63000,0,0,0,63000,0,63000,63000
07466P,亞德客元大9A售02,0,0,0,0,0,0,0,0,0,62000,0,0,0,88000,26000,62000,62000
2015,豐興            ,109000,49000,60000,0,0,0,0,0,0,2000,2000,0,2000,0,0,0,62000
063620,奇力新兆豐9B購01,0,0,0,0,0,0,0,0,0,62000,0,0,0,78000,16000,62000,62000
06371P,茂林國票98售04  ,0,0,0,0,0,0,0,0,0,62000,0,0,0,140000,78000,62000,62000
055245,凱美統一99購01  ,0,0,0,0,0,0,0,0,0,62000,0,0,0,75000,13000,62000,62000
055221,矽創凱基97購02  ,0,0,0,0,0,0,0,0,0,62000,0,0,0,62000,0,62000,62000
056504,國巨永豐98購02  ,0,0,0,0,0,0,0,0,0,62000,0,0,0,62000,0,62000,62000
056461,樺漢凱基98購02  ,0,0,0,0,0,0,0,0,0,62000,0,0,0,202000,140000,62000,62000
058160,奇鋐元富99購01  ,0,0,0,0,0,0,0,0,0,62000,0,0,0,112000,50000,62000,62000
058187,泰碩永豐99購01  ,0,0,0,0,0,0,0,0,0,62000,0,0,0,62000,0,62000,62000
058618,南電元大99購02  ,0,0,0,0,0,0,0,0,0,62000,0,0,0,87000,25000,62000,62000
060313,淘帝永豐9A購01  ,0,0,0,0,0,0,0,0,0,62000,0,0,0,62000,0,62000,62000
058722,台郡元富99購01  ,0,0,0,0,0,0,0,0,0,62000,0,0,0,180000,118000,62000,62000
057572,明泰永豐98購01  ,0,0,0,0,0,0,0,0,0,62000,0,0,0,62000,0,62000,62000
061297,台積電富邦9C購09,0,0,0,0,0,0,0,0,0,62000,0,0,0,70000,8000,62000,62000
062813,台積電兆豐9B購01,0,0,0,0,0,0,0,0,0,62000,0,0,0,62000,0,62000,62000
063821,南亞科麥證9C購01,0,0,0,111000,56000,55000,0,0,0,61000,0,0,0,117000,56000,61000,61000
06865P,亞德客元大98售04,0,0,0,0,0,0,0,0,0,61000,0,0,0,61000,0,61000,61000
06765P,欣興元大98售11  ,0,0,0,0,0,0,0,0,0,61000,0,0,0,117000,56000,61000,61000
08285P,國巨凱基9C售07  ,0,0,0,0,0,0,0,0,0,61000,0,0,0,61000,0,61000,61000
07714P,世紀鋼元大9A售03,0,0,0,0,0,0,0,0,0,61000,0,0,0,101000,40000,61000,61000
08114P,國巨凱基9B售11  ,0,0,0,0,0,0,0,0,0,61000,0,0,0,61000,0,61000,61000
056127,致新國票98購02  ,0,0,0,0,0,0,0,0,0,61000,0,0,0,61000,0,61000,61000
056660,臺股指元大9A購07,0,0,0,0,0,0,0,0,0,61000,0,0,0,61000,0,61000,61000
053591,大立光元大99購03,0,0,0,0,0,0,0,0,0,61000,0,0,0,61000,0,61000,61000
059359,精元永豐99購01  ,0,0,0,0,0,0,0,0,0,61000,0,0,0,61000,0,61000,61000
058375,群創凱基9B購04  ,0,0,0,0,0,0,0,0,0,61000,0,0,0,153000,92000,61000,61000
058749,康控凱基99購03  ,0,0,0,0,0,0,0,0,0,61000,0,0,0,77000,16000,61000,61000
063326,正隆國票9B購01  ,0,0,0,0,0,0,0,0,0,61000,0,0,0,61000,0,61000,61000
061958,鴻海統一01購01  ,0,0,0,0,0,0,0,0,0,61000,0,0,0,67000,6000,61000,61000
07593P,臺股指凱基9A售08,0,0,0,0,0,0,0,0,0,60000,0,0,0,65000,5000,60000,60000
07202P,台灣50凱基9C售04,0,0,0,0,0,0,0,0,0,60000,0,0,0,80000,20000,60000,60000
2006,東和鋼鐵        ,172000,66000,106000,0,0,0,0,0,0,-46000,0,46000,-46000,0,0,0,60000
06849P,欣興元大98售12  ,0,0,0,0,0,0,0,0,0,60000,0,0,0,60000,0,60000,60000
06980P,緯穎永豐99售02  ,0,0,0,0,0,0,0,0,0,60000,0,0,0,60000,0,60000,60000
063967,華新科國票01購01,0,0,0,0,0,0,0,0,0,60000,0,0,0,60000,0,60000,60000
063510,台表科群益9C購01,0,40000,-40000,0,0,0,0,0,0,100000,0,0,0,194000,94000,100000,60000
063543,技嘉台新9B購02  ,0,0,0,0,0,0,0,0,0,60000,0,0,0,60000,0,60000,60000
053292,美律中信98購01  ,0,0,0,0,0,0,0,0,0,60000,0,0,0,60000,0,60000,60000
053257,華通富邦97購01  ,0,0,0,0,0,0,0,0,0,60000,0,0,0,60000,0,60000,60000
047969,台達電富邦97購01,0,0,0,0,0,0,0,0,0,60000,0,0,0,60000,0,60000,60000
053997,健策群益97購02  ,0,0,0,0,0,0,0,0,0,60000,0,0,0,62000,2000,60000,60000
050282,T50反1凱基97購01,0,0,0,0,0,0,0,0,0,60000,0,0,0,60000,0,60000,60000
055019,福懋科元富97購01,0,0,0,0,0,0,0,0,0,60000,0,0,0,60000,0,60000,60000
054625,旺宏凱基98購03  ,0,0,0,0,0,0,0,0,0,60000,0,0,0,60000,0,60000,60000
056229,可成凱基97購04  ,0,0,0,0,0,0,0,0,0,60000,0,0,0,60000,0,60000,60000
058630,日月光國票9A購01,0,0,0,0,0,0,0,0,0,60000,0,0,0,80000,20000,60000,60000
058182,日電貿國泰9A購01,0,0,0,0,0,0,0,0,0,60000,0,0,0,60000,0,60000,60000
058250,台虹元大99購01  ,0,0,0,0,0,0,0,0,0,60000,0,0,0,60000,0,60000,60000
056552,台表科凱基99購01,0,0,0,0,0,0,0,0,0,60000,0,0,0,60000,0,60000,60000
056324,南亞科兆豐98購01,0,0,0,0,0,0,0,0,0,60000,0,0,0,90000,30000,60000,60000
056387,智伸科國泰99購01,0,0,0,0,0,0,0,0,0,60000,0,0,0,60000,0,60000,60000
055720,宏達電元大97購05,0,0,0,0,0,0,0,0,0,60000,0,0,0,80000,20000,60000,60000
059683,康控富邦9C購01  ,0,0,0,0,0,0,0,0,0,60000,0,0,0,60000,0,60000,60000
060180,上証2X元富9A購02,0,0,0,0,0,0,0,0,0,60000,0,0,0,120000,60000,60000,60000
058422,百和麥證99購01  ,0,0,0,70000,10000,60000,0,0,0,60000,0,0,0,70000,10000,60000,60000
056969,智易永豐98購01  ,0,0,0,0,0,0,0,0,0,60000,0,0,0,60000,0,60000,60000
057894,華通元富02購02  ,0,0,0,0,0,0,0,0,0,60000,0,0,0,73000,13000,60000,60000
062011,上銀富邦9C購01  ,0,0,0,0,0,0,0,0,0,60000,0,0,0,60000,0,60000,60000
061695,群創群益9A購01  ,0,0,0,0,0,0,0,0,0,60000,0,0,0,370000,310000,60000,60000
061438,牧德凱基9B購02  ,0,0,0,0,0,0,0,0,0,60000,0,0,0,60000,0,60000,60000
061267,玉山金凱基9B購01,0,0,0,0,0,0,0,0,0,60000,0,0,0,60000,0,60000,60000
06999P,玉晶光國票9B售01,0,0,0,0,0,0,0,0,0,59000,0,0,0,105000,46000,59000,59000
064131,群創元大01購02  ,0,0,0,0,0,0,0,0,0,59000,0,0,0,140000,81000,59000,59000
08158P,嘉澤元富9B售03  ,0,0,0,0,0,0,0,0,0,59000,0,0,0,115000,56000,59000,59000
07757P,國巨國票9B售04  ,0,0,0,0,0,0,0,0,0,59000,0,0,0,61000,2000,59000,59000
056585,台積電統一9A購01,0,0,0,0,0,0,0,0,0,59000,0,0,0,59000,0,59000,59000
056444,南亞科凱基99購01,0,0,0,0,0,0,0,0,0,59000,0,0,0,106000,47000,59000,59000
054990,凌陽元富97購01  ,0,0,0,0,0,0,0,0,0,59000,0,0,0,59000,0,59000,59000
03678C,臺股指凱基01牛02,0,0,0,0,0,0,0,0,0,59000,0,0,0,85000,26000,59000,59000
051799,台積電永豐96購01,0,0,0,0,0,0,0,0,0,59000,0,0,0,66000,7000,59000,59000
056742,玉晶光凱基9A購01,0,0,0,0,0,0,0,0,0,59000,0,0,0,81000,22000,59000,59000
060040,康控國票99購04  ,0,0,0,0,0,0,0,0,0,59000,0,0,0,85000,26000,59000,59000
060390,聯鈞群益9A購01  ,0,0,0,0,0,0,0,0,0,59000,0,0,0,69000,10000,59000,59000
059731,康控元大99購04  ,0,0,0,0,0,0,0,0,0,59000,0,0,0,116000,57000,59000,59000
061019,大毅國票9A購01  ,0,0,0,0,0,0,0,0,0,59000,0,0,0,59000,0,59000,59000
062106,華邦電國票9B購02,0,0,0,0,0,0,0,0,0,59000,0,0,0,157000,98000,59000,59000
063321,泰鼎群益9B購03  ,0,0,0,0,0,0,0,0,0,59000,0,0,0,60000,1000,59000,59000
08277P,嘉晶元富9C售02  ,0,0,0,0,0,0,0,0,0,58000,0,0,0,58000,0,58000,58000
06970P,旺宏元大99售08  ,0,0,0,0,0,0,0,0,0,58000,0,0,0,60000,2000,58000,58000
063556,儒鴻元大9B購02  ,0,0,0,0,0,0,0,0,0,58000,0,0,0,477000,419000,58000,58000
063496,儒鴻永豐9B購01  ,0,0,0,0,0,0,0,0,0,58000,0,0,0,236000,178000,58000,58000
053339,友達國票97購02  ,0,0,0,0,0,0,0,0,0,58000,0,0,0,93000,35000,58000,58000
053377,台積電元大98購01,0,0,0,0,0,0,0,0,0,58000,0,0,0,83000,25000,58000,58000
042317,台灣50永豐96購01,0,0,0,0,0,0,0,0,0,58000,0,0,0,135000,77000,58000,58000
00703,台新MSCI中國    ,0,0,0,0,0,0,0,0,0,58000,0,0,0,185000,127000,58000,58000
046793,聯發科元富99購01,0,0,0,0,0,0,0,0,0,58000,0,0,0,58000,0,58000,58000
058231,技嘉元大99購02  ,0,0,0,0,0,0,0,0,0,58000,0,0,0,59000,1000,58000,58000
055849,聯詠元大97購05  ,0,0,0,0,0,0,0,0,0,58000,0,0,0,58000,0,58000,58000
054890,聯鈞統一99購01  ,0,0,0,0,0,0,0,0,0,58000,0,0,0,184000,126000,58000,58000
057980,聯詠永豐98購01  ,0,0,0,0,0,0,0,0,0,58000,0,0,0,58000,0,58000,58000
057280,大立光元大98購15,0,0,0,0,0,0,0,0,0,58000,0,0,0,60000,2000,58000,58000
057903,聯鈞永豐99購01  ,0,0,0,0,0,0,0,0,0,58000,0,0,0,60000,2000,58000,58000
056995,華新科日盛99購01,0,0,0,0,0,0,0,0,0,58000,0,0,0,258000,200000,58000,58000
057458,TPK富邦9A購01   ,0,0,0,0,0,0,0,0,0,58000,0,0,0,58000,0,58000,58000
058406,聯茂元大99購06  ,0,0,0,0,0,0,0,0,0,58000,0,0,0,83000,25000,58000,58000
063319,神達群益9B購01  ,0,0,0,0,0,0,0,0,0,58000,0,0,0,178000,120000,58000,58000
061266,國泰金凱基9B購01,0,0,0,0,0,0,0,0,0,58000,0,0,0,108000,50000,58000,58000
061356,南電元大9A購06  ,0,0,0,0,0,0,0,0,0,58000,0,0,0,92000,34000,58000,58000
4766,南寶            ,67000,12000,55000,0,0,0,0,0,0,3000,1000,0,1000,2000,0,2000,58000
4976,佳凌            ,120000,64000,56000,0,0,0,0,0,0,2000,2000,0,2000,0,0,0,58000
063807,超眾兆豐01購01  ,0,0,0,0,0,0,0,0,0,57000,0,0,0,60000,3000,57000,57000
064083,群創中信06購01  ,0,0,0,0,0,0,0,0,0,57000,0,0,0,65000,8000,57000,57000
08246P,亞德客群益01售01,0,0,0,0,0,0,0,0,0,57000,0,0,0,87000,30000,57000,57000
055323,貿聯國票98購01  ,0,0,0,0,0,0,0,0,0,57000,0,0,0,57000,0,57000,57000
056506,晶豪科永豐98購02,0,0,0,0,0,0,0,0,0,57000,0,0,0,87000,30000,57000,57000
058931,玉晶光統一9C購01,0,0,0,0,0,0,0,0,0,57000,0,0,0,66000,9000,57000,57000
057988,鈺齊元富98購02  ,0,0,0,0,0,0,0,0,0,57000,0,0,0,310000,253000,57000,57000
059723,美律元大9A購02  ,0,0,0,0,0,0,0,0,0,57000,0,0,0,112000,55000,57000,57000
061211,玉晶光元大9A購12,0,0,0,0,0,0,0,0,0,57000,0,0,0,68000,11000,57000,57000
061125,億光永豐9A購01  ,0,0,0,0,0,0,0,0,0,57000,0,0,0,155000,98000,57000,57000
061696,南茂群益9A購01  ,0,0,0,0,0,0,0,0,0,57000,0,0,0,202000,145000,57000,57000
062861,世芯國票9C購01  ,0,0,0,0,0,0,0,0,0,57000,0,0,0,66000,9000,57000,57000
5283,禾聯碩          ,62000,2000,60000,0,0,0,0,0,0,-3000,1000,1000,0,0,3000,-3000,57000
1201,味全            ,250000,146000,104000,0,0,0,0,0,0,-48000,0,0,0,8000,56000,-48000,56000
1626,艾美特-KY       ,67000,13000,54000,0,0,0,0,0,0,2000,2000,0,2000,0,0,0,56000
058270,上緯控永豐99購01,0,0,0,0,0,0,0,0,0,56000,0,0,0,131000,75000,56000,56000
056762,亞德客元大98購01,0,0,0,0,0,0,0,0,0,56000,0,0,0,72000,16000,56000,56000
060089,台積電元大99購54,0,0,0,0,0,0,0,0,0,56000,0,0,0,56000,0,56000,56000
059147,矽創國票99購01  ,0,0,0,0,0,0,0,0,0,56000,0,0,0,106000,50000,56000,56000
057003,立積國票98購01  ,0,0,0,0,0,0,0,0,0,56000,0,0,0,96000,40000,56000,56000
056894,佳世達元大99購01,0,0,0,0,0,0,0,0,0,56000,0,0,0,188000,132000,56000,56000
063367,GIS富邦9B購01   ,0,0,0,0,0,0,0,0,0,56000,0,0,0,66000,10000,56000,56000
062235,億光凱基9B購01  ,0,0,0,0,0,0,0,0,0,56000,0,0,0,56000,0,56000,56000
062441,華新科元大9C購01,0,0,0,0,0,0,0,0,0,56000,0,0,0,57000,1000,56000,56000
060891,世芯統一9A購01  ,0,0,0,0,0,0,0,0,0,56000,0,0,0,56000,0,56000,56000
3090,日電貿          ,277000,149000,128000,0,0,0,0,0,0,-72000,4000,0,4000,5000,81000,-76000,56000
08156P,大立光元富9B售05,0,0,0,0,0,0,0,0,0,55000,0,0,0,354000,299000,55000,55000
07931P,國巨元大9B售03  ,0,0,0,0,0,0,0,0,0,55000,0,0,0,55000,0,55000,55000
07147P,高鐵元大99售01  ,0,0,0,0,0,0,0,0,0,55000,0,0,0,100000,45000,55000,55000
07170P,臺股指國票99售07,0,0,0,0,0,0,0,0,0,55000,0,0,0,235000,180000,55000,55000
06592P,欣興元大98售04  ,0,0,0,0,0,0,0,0,0,55000,0,0,0,55000,0,55000,55000
063523,微星凱基9B購03  ,0,0,0,0,0,0,0,0,0,55000,0,0,0,55000,0,55000,55000
056684,旺宏統一98購02  ,0,0,0,0,0,0,0,0,0,55000,0,0,0,55000,0,55000,55000
053826,光磊麥證97購01  ,0,0,0,55000,0,55000,0,0,0,55000,0,0,0,55000,0,55000,55000
060246,晶相光元大9C購03,0,0,0,0,0,0,0,0,0,55000,0,0,0,117000,62000,55000,55000
056261,台積電統一97購07,0,0,0,0,0,0,0,0,0,55000,0,0,0,415000,360000,55000,55000
056040,亞光凱基98購01  ,0,0,0,0,0,0,0,0,0,55000,0,0,0,55000,0,55000,55000
055203,建準中信97購01  ,0,0,0,0,0,0,0,0,0,55000,0,0,0,55000,0,55000,55000
058129,國巨元大99購10  ,0,0,0,0,0,0,0,0,0,55000,0,0,0,85000,30000,55000,55000
058540,嘉聯益國泰9A購02,0,0,0,0,0,0,0,0,0,55000,0,0,0,55000,0,55000,55000
059959,訊芯康和99購01  ,0,0,0,0,0,0,0,0,0,55000,0,0,0,55000,0,55000,55000
060413,東元永豐9A購01  ,0,0,0,0,0,0,0,0,0,55000,0,0,0,55000,0,55000,55000
060619,玉晶光元大9A購03,0,0,0,0,0,0,0,0,0,55000,0,0,0,120000,65000,55000,55000
059815,SP黃豆凱基9A購03,0,0,0,0,0,0,0,0,0,55000,0,0,0,55000,0,55000,55000
061166,玉晶光兆豐9B購01,0,0,0,0,0,0,0,0,0,55000,0,0,0,55000,0,55000,55000
061167,臻鼎兆豐9B購01  ,0,0,0,0,0,0,0,0,0,55000,0,0,0,55000,0,55000,55000
061295,台積電國泰9B購02,0,0,0,0,0,0,0,0,0,55000,0,0,0,132000,77000,55000,55000
061309,鴻海統一9C購05  ,0,0,0,0,0,0,0,0,0,55000,0,0,0,125000,70000,55000,55000
061440,台灣50永豐9A購04,0,0,0,0,0,0,0,0,0,55000,0,0,0,55000,0,55000,55000
061775,臺指反國票9B購04,0,0,0,0,0,0,0,0,0,55000,0,0,0,75000,20000,55000,55000
062017,京鼎永豐9B購01  ,0,0,0,0,0,0,0,0,0,55000,0,0,0,80000,25000,55000,55000
062268,力山群益9B購01  ,0,0,0,0,0,0,0,0,0,55000,0,0,0,115000,60000,55000,55000
062610,啟碁凱基9B購01  ,0,0,0,0,0,0,0,0,0,55000,0,0,0,115000,60000,55000,55000
6669,緯穎            ,396241,619811,-223570,0,0,0,297000,60000,237000,41000,53000,32000,21000,22000,2000,20000,54430
063710,光寶科凱基9C購01,0,0,0,0,0,0,0,0,0,54000,0,0,0,75000,21000,54000,54000
07206P,鴻海凱基9A售11  ,0,0,0,0,0,0,0,0,0,54000,0,0,0,154000,100000,54000,54000
08178P,南亞科元大9B售01,0,0,0,0,0,0,0,0,0,54000,0,0,0,60000,6000,54000,54000
1789,神隆            ,964000,804000,160000,0,0,0,0,0,0,-106000,3000,1000,2000,14000,122000,-108000,54000
2528,皇普            ,58000,4000,54000,0,0,0,0,0,0,0,0,0,0,0,0,0,54000
056011,矽力中信99購01  ,0,0,0,0,0,0,0,0,0,54000,0,0,0,54000,0,54000,54000
052532,台積電國泰96購07,0,0,0,0,0,0,0,0,0,54000,0,0,0,54000,0,54000,54000
054166,日電貿凱基98購01,0,0,0,0,0,0,0,0,0,54000,0,0,0,54000,0,54000,54000
060612,世紀鋼凱基9A購01,0,0,0,0,0,0,0,0,0,54000,0,0,0,60000,6000,54000,54000
058555,矽創永豐9A購01  ,0,0,0,0,0,0,0,0,0,54000,0,0,0,54000,0,54000,54000
062617,京鼎元大9B購01  ,0,0,0,0,0,0,0,0,0,54000,0,0,0,238000,184000,54000,54000
062967,上銀元富9B購01  ,0,0,0,0,0,0,0,0,0,54000,0,0,0,54000,0,54000,54000
061709,SP黃豆凱基01購02,0,0,0,0,0,0,0,0,0,54000,0,0,0,54000,0,54000,54000
061350,牧德元大9B購03  ,0,0,0,0,0,0,0,0,0,54000,0,0,0,226000,172000,54000,54000
061084,京元電兆豐9A購02,0,0,0,0,0,0,0,0,0,54000,0,0,0,140000,86000,54000,54000
8021,尖點            ,139000,85000,54000,0,0,0,0,0,0,0,0,0,0,0,0,0,54000
3376,新日興          ,210000,266000,-56000,0,0,0,154000,0,154000,-44000,1000,35000,-34000,8000,18000,-10000,54000
08177P,金像電元大9B售02,0,0,0,0,0,0,0,0,0,53000,0,0,0,96000,43000,53000,53000
063560,力山元大9B購05  ,0,0,0,0,0,0,0,0,0,53000,0,0,0,103000,50000,53000,53000
063979,健鼎兆豐9C購01  ,0,0,0,0,0,0,0,0,0,53000,0,0,0,490000,437000,53000,53000
051729,華新國票96購01  ,0,0,0,0,0,0,0,0,0,53000,0,0,0,90000,37000,53000,53000
059062,群創凱基99購05  ,0,0,0,0,0,0,0,0,0,53000,0,0,0,165000,112000,53000,53000
058926,勤誠元富99購01  ,0,0,0,0,0,0,0,0,0,53000,0,0,0,116000,63000,53000,53000
059456,智易永豐99購01  ,0,0,0,0,0,0,0,0,0,53000,0,0,0,53000,0,53000,53000
059348,日月光凱基99購01,0,0,0,0,0,0,0,0,0,53000,0,0,0,67000,14000,53000,53000
060347,大立光統一02購01,0,0,0,0,0,0,0,0,0,53000,0,0,0,53000,0,53000,53000
061346,玉晶光元大9B購03,0,0,0,0,0,0,0,0,0,53000,0,0,0,95000,42000,53000,53000
061399,喬山兆豐9B購01  ,0,0,0,0,0,0,0,0,0,53000,0,0,0,58000,5000,53000,53000
06177P,玉晶光元大98售07,0,0,0,0,0,0,0,0,0,53000,0,0,0,53000,0,53000,53000
063504,國巨群益9C購06  ,0,0,0,0,0,0,0,0,0,52000,0,0,0,82000,30000,52000,52000
064059,新日興麥證01購01,0,0,0,92000,40000,52000,0,0,0,52000,0,0,0,92000,40000,52000,52000
1442,名軒            ,56000,6000,50000,0,0,0,0,0,0,2000,2000,0,2000,0,0,0,52000
051570,和碩富邦97購01  ,0,0,0,0,0,0,0,0,0,52000,0,0,0,52000,0,52000,52000
00662,富邦NASDAQ      ,0,1000,-1000,0,0,0,0,0,0,53000,0,0,0,226000,173000,53000,52000
00666R,富邦恒生國企反1 ,0,0,0,0,0,0,0,0,0,52000,0,0,0,158000,106000,52000,52000
052655,群創統一97購01  ,0,0,0,0,0,0,0,0,0,52000,0,0,0,52000,0,52000,52000
052806,玉晶光元大98購04,0,0,0,0,0,0,0,0,0,52000,0,0,0,52000,0,52000,52000
054742,京鼎凱基99購01  ,0,0,0,0,0,0,0,0,0,52000,0,0,0,81000,29000,52000,52000
060414,中興電永豐9A購01,0,0,0,0,0,0,0,0,0,52000,0,0,0,164000,112000,52000,52000
057466,泰鼎永豐98購01  ,0,0,0,0,0,0,0,0,0,52000,0,0,0,85000,33000,52000,52000
058911,茂林元大99購04  ,0,0,0,0,0,0,0,0,0,52000,0,0,0,156000,104000,52000,52000
061638,國泰金元大9A購03,0,0,0,0,0,0,0,0,0,52000,0,0,0,129000,77000,52000,52000
061847,力山國票9B購01  ,0,0,0,0,0,0,0,0,0,52000,0,0,0,61000,9000,52000,52000
061462,國巨群益9A購11  ,0,0,0,0,0,0,0,0,0,52000,0,0,0,180000,128000,52000,52000
061133,玉晶光第一9A購01,0,0,0,0,0,0,0,0,0,52000,0,0,0,57000,5000,52000,52000
062874,微星兆豐9B購01  ,0,0,0,0,0,0,0,0,0,52000,0,0,0,139000,87000,52000,52000
063106,台表科群益9B購03,0,0,0,0,0,0,0,0,0,52000,0,0,0,52000,0,52000,52000
062212,臻鼎台新9B購01  ,0,0,0,0,0,0,0,0,0,52000,0,0,0,170000,118000,52000,52000
08259P,華新科元大9C售04,0,0,0,0,0,0,0,0,0,51000,0,0,0,51000,0,51000,51000
07944P,華新科元大9B售08,0,0,0,0,0,0,0,0,0,51000,0,0,0,70000,19000,51000,51000
063980,智易兆豐9C購02  ,0,0,0,0,0,0,0,0,0,51000,0,0,0,65000,14000,51000,51000
064035,GIS元大9C購03   ,0,0,0,0,0,0,0,0,0,51000,0,0,0,76000,25000,51000,51000
054633,臺股指凱基9A購02,0,0,0,0,0,0,0,0,0,51000,0,0,0,51000,0,51000,51000
058147,鈺齊元大99購01  ,0,0,0,0,0,0,0,0,0,51000,0,0,0,347000,296000,51000,51000
058603,台積電元大99購12,0,0,0,0,0,0,0,0,0,51000,0,0,0,83000,32000,51000,51000
055864,臺股指元大97購01,0,0,0,0,0,0,0,0,0,51000,0,0,0,51000,0,51000,51000
053522,臺股指群益99購01,0,0,0,0,0,0,0,0,0,51000,0,0,0,51000,0,51000,51000
051410,京元電國票96購01,0,0,0,0,0,0,0,0,0,51000,0,0,0,51000,0,51000,51000
053965,聯電元大98購04  ,0,0,0,0,0,0,0,0,0,51000,0,0,0,110000,59000,51000,51000
057101,新光金中信9A購01,0,0,0,0,0,0,0,0,0,51000,0,0,0,51000,0,51000,51000
060151,旺宏富邦9A購02  ,0,0,0,0,0,0,0,0,0,51000,0,0,0,61000,10000,51000,51000
059685,T50正2永豐99購02,0,0,0,0,0,0,0,0,0,51000,0,0,0,51000,0,51000,51000
059665,嘉聯益元大99購06,0,0,0,0,0,0,0,0,0,51000,0,0,0,56000,5000,51000,51000
058067,台積電第一9C購01,0,0,0,0,0,0,0,0,0,51000,0,0,0,51000,0,51000,51000
061367,瑞祺國票9A購01  ,0,0,0,0,0,0,0,0,0,51000,0,0,0,101000,50000,51000,51000
062060,奇鋐統一9C購01  ,0,0,0,0,0,0,0,0,0,51000,0,0,0,122000,71000,51000,51000
06374P,台表科元大97售06,0,0,0,0,0,0,0,0,0,50000,0,0,0,50000,0,50000,50000
063614,美食群益9B購03  ,0,0,0,0,0,0,0,0,0,50000,0,0,0,50000,0,50000,50000
063594,上銀中信9C購01  ,0,0,0,0,0,0,0,0,0,50000,0,0,0,50000,0,50000,50000
06967P,台郡台新99售02  ,0,0,0,0,0,0,0,0,0,50000,0,0,0,50000,0,50000,50000
07013P,玉晶光群益9A售06,0,0,0,0,0,0,0,0,0,50000,0,0,0,50000,0,50000,50000
07852P,臺股指國票9A售13,0,0,0,0,0,0,0,0,0,50000,0,0,0,50000,0,50000,50000
07197P,臺股指元大99售13,0,0,0,0,0,0,0,0,0,50000,0,0,0,50000,0,50000,50000
07412P,國巨元大99售32  ,0,0,0,0,0,0,0,0,0,50000,0,0,0,50000,0,50000,50000
07253P,台灣50凱基9A售05,0,0,0,0,0,0,0,0,0,50000,0,0,0,50000,0,50000,50000
07325P,台積電元大99售41,0,0,0,0,0,0,0,0,0,50000,0,0,0,50000,0,50000,50000
07700P,臺股指元大9A售53,0,0,0,0,0,0,0,0,0,50000,0,0,0,60000,10000,50000,50000
07556P,玉晶光元大9A售08,0,0,0,0,0,0,0,0,0,50000,0,0,0,50000,0,50000,50000
08298P,大立光國票9C售01,0,0,0,0,0,0,0,0,0,50000,0,0,0,50000,0,50000,50000
08176P,國巨元大9B售20  ,0,0,0,0,0,0,0,0,0,50000,0,0,0,60000,10000,50000,50000
048550,中鴻元大96購01  ,0,0,0,0,0,0,0,0,0,50000,0,0,0,50000,0,50000,50000
048572,美利達元大96購04,0,0,0,0,0,0,0,0,0,50000,0,0,0,50000,0,50000,50000
054149,達方元大96購01  ,0,0,0,0,0,0,0,0,0,50000,0,0,0,50000,0,50000,50000
054139,揚明光元大96購01,0,0,0,0,0,0,0,0,0,50000,0,0,0,50000,0,50000,50000
052422,聯電國票96購03  ,0,0,0,0,0,0,0,0,0,50000,0,0,0,50000,0,50000,50000
051428,玉晶光統一96購01,0,0,0,0,0,0,0,0,0,50000,0,0,0,50000,0,50000,50000
050992,台積電元大97購01,0,0,0,0,0,0,0,0,0,50000,0,0,0,50000,0,50000,50000
05124P,華新科富邦97售02,0,0,0,0,0,0,0,0,0,50000,0,0,0,50000,0,50000,50000
053586,建準元大96購01  ,0,0,0,0,0,0,0,0,0,50000,0,0,0,50000,0,50000,50000
053438,玉晶光麥證97購02,0,0,0,50000,0,50000,0,0,0,50000,0,0,0,50000,0,50000,50000
053439,台積電凱基96購11,0,0,0,0,0,0,0,0,0,50000,0,0,0,500000,450000,50000,50000
053078,昇陽半永豐97購02,0,0,0,0,0,0,0,0,0,50000,0,0,0,50000,0,50000,50000
053092,台表科元大97購02,0,0,0,0,0,0,0,0,0,50000,0,0,0,50000,0,50000,50000
056623,禾伸堂永豐98購01,0,0,0,0,0,0,0,0,0,50000,0,0,0,60000,10000,50000,50000
055561,奇鋐凱基97購01  ,0,0,0,0,0,0,0,0,0,50000,0,0,0,50000,0,50000,50000
055845,大立光元大97購08,0,0,0,0,0,0,0,0,0,50000,0,0,0,50000,0,50000,50000
056365,欣興元大98購01  ,0,0,0,0,0,0,0,0,0,50000,0,0,0,50000,0,50000,50000
056173,廣達元富97購01  ,0,0,0,0,0,0,0,0,0,50000,0,0,0,50000,0,50000,50000
056572,義隆元大99購01  ,0,0,0,0,0,0,0,0,0,50000,0,0,0,50000,0,50000,50000
056549,嘉聯益凱基98購04,0,0,0,0,0,0,0,0,0,50000,0,0,0,50000,0,50000,50000
055182,京鼎統一98購01  ,0,0,0,0,0,0,0,0,0,50000,0,0,0,50000,0,50000,50000
055254,聯詠統一97購03  ,0,0,0,0,0,0,0,0,0,50000,0,0,0,50000,0,50000,50000
05844P,旺宏元大96售07  ,0,0,0,0,0,0,0,0,0,50000,0,0,0,79000,29000,50000,50000
056059,美律元大98購02  ,0,0,0,0,0,0,0,0,0,50000,0,0,0,50000,0,50000,50000
055983,全新元富9A購02  ,0,0,0,0,0,0,0,0,0,50000,0,0,0,50000,0,50000,50000
056231,嘉聯益凱基97購02,0,0,0,0,0,0,0,0,0,50000,0,0,0,50000,0,50000,50000
056232,瑞儀凱基98購01  ,0,0,0,0,0,0,0,0,0,50000,0,0,0,60000,10000,50000,50000
054947,興勤元大97購01  ,0,0,0,0,0,0,0,0,0,50000,0,0,0,100000,50000,50000,50000
058060,貿聯元富98購01  ,0,0,0,0,0,0,0,0,0,50000,0,0,0,50000,0,50000,50000
057228,友達凱基9B購01  ,0,0,0,0,0,0,0,0,0,50000,0,0,0,50000,0,50000,50000
057176,全新元大99購02  ,0,0,0,0,0,0,0,0,0,50000,0,0,0,50000,0,50000,50000
058700,鴻海元大99購15  ,0,0,0,0,0,0,0,0,0,50000,0,0,0,55000,5000,50000,50000
057968,可成國泰9A購01  ,0,0,0,0,0,0,0,0,0,50000,0,0,0,100000,50000,50000,50000
057326,景碩群益99購02  ,0,0,0,0,0,0,0,0,0,50000,0,0,0,50000,0,50000,50000
057931,正崴群益98購02  ,0,0,0,0,0,0,0,0,0,50000,0,0,0,148000,98000,50000,50000
057636,上銀元大98購06  ,0,0,0,0,0,0,0,0,0,50000,0,0,0,50000,0,50000,50000
059641,群創凱基99購06  ,0,0,0,0,0,0,0,0,0,50000,0,0,0,70000,20000,50000,50000
059850,日電貿永豐99購01,0,0,0,0,0,0,0,0,0,50000,0,0,0,50000,0,50000,50000
059980,台積電元大99購50,0,0,0,0,0,0,0,0,0,50000,0,0,0,50000,0,50000,50000
059997,華航元富99購01  ,0,0,0,0,0,0,0,0,0,50000,0,0,0,75000,25000,50000,50000
06016P,京元電凱基96售03,0,0,0,0,0,0,0,0,0,50000,0,0,0,50000,0,50000,50000
060215,柏文康和9A購01  ,0,0,0,0,0,0,0,0,0,50000,0,0,0,50000,0,50000,50000
057524,旺宏元大99購04  ,0,0,0,0,0,0,0,0,0,50000,0,0,0,50000,0,50000,50000
057869,大立光凱基99購01,0,0,0,0,0,0,0,0,0,50000,0,0,0,50000,0,50000,50000
058859,元油2X凱基9A購08,0,0,0,0,0,0,0,0,0,50000,0,0,0,50000,0,50000,50000
058822,樺漢國泰9B購01  ,0,0,0,0,0,0,0,0,0,50000,0,0,0,266000,216000,50000,50000
059054,國巨凱基99購11  ,0,0,0,0,0,0,0,0,0,50000,0,0,0,80000,30000,50000,50000
062073,國巨元大9B購06  ,0,0,0,0,0,0,0,0,0,50000,0,0,0,50000,0,50000,50000
061875,華新科元大9B購03,0,0,0,0,0,0,0,0,0,50000,0,0,0,50000,0,50000,50000
061959,鴻海統一9B購04  ,0,0,0,0,0,0,0,0,0,50000,0,0,0,67000,17000,50000,50000
061983,華新科元大9B購04,0,0,0,0,0,0,0,0,0,50000,0,0,0,50000,0,50000,50000
061662,瑞儀永豐9A購02  ,0,0,0,0,0,0,0,0,0,50000,0,0,0,70000,20000,50000,50000
061558,旺宏國票9B購02  ,0,0,0,0,0,0,0,0,0,50000,0,0,0,50000,0,50000,50000
061471,台積電元大9A購31,0,0,0,0,0,0,0,0,0,50000,0,0,0,50000,0,50000,50000
061339,京元電元大9A購05,0,0,0,0,0,0,0,0,0,50000,0,0,0,298000,248000,50000,50000
061392,泰鼎群益9A購02  ,0,0,0,0,0,0,0,0,0,50000,0,0,0,50000,0,50000,50000
061425,華新科元大9A購19,0,0,0,0,0,0,0,0,0,50000,0,0,0,50000,0,50000,50000
061144,玉晶光中信9B購02,0,0,0,0,0,0,0,0,0,50000,0,0,0,154000,104000,50000,50000
061189,可成富邦9B購02  ,0,0,0,0,0,0,0,0,0,50000,0,0,0,50000,0,50000,50000
062203,燿華國票9C購01  ,0,0,0,0,0,0,0,0,0,50000,0,0,0,90000,40000,50000,50000
062247,國巨元大9B購07  ,0,0,0,0,0,0,0,0,0,50000,0,0,0,50000,0,50000,50000
06228P,亞德客凱基97售04,0,0,0,0,0,0,0,0,0,50000,0,0,0,50000,0,50000,50000
062433,上銀元大9B購05  ,0,0,0,0,0,0,0,0,0,50000,0,0,0,50000,0,50000,50000
062547,玉晶光永豐9B購05,0,0,0,0,0,0,0,0,0,50000,0,0,0,59000,9000,50000,50000
062954,世芯永豐9B購03  ,0,0,0,0,0,0,0,0,0,50000,0,0,0,60000,10000,50000,50000
062935,華通凱基9C購02  ,0,0,0,0,0,0,0,0,0,50000,0,0,0,50000,0,50000,50000
063312,台積電群益9B購07,0,0,0,0,0,0,0,0,0,50000,0,0,0,62000,12000,50000,50000
063268,GIS中信9B購01   ,0,0,0,0,0,0,0,0,0,50000,0,0,0,301000,251000,50000,50000
3617,碩天            ,53000,9000,44000,0,0,0,0,0,0,6000,0,0,0,6000,0,6000,50000
6414,樺漢            ,170000,258000,-88000,0,0,0,159000,0,159000,-21000,4000,6000,-2000,17000,36000,-19000,50000
08174P,國巨統一9B售17  ,0,0,0,0,0,0,0,0,0,49000,0,0,0,54000,5000,49000,49000
08093P,英業達元富9B售02,0,0,0,0,0,0,0,0,0,49000,0,0,0,84000,35000,49000,49000
064101,可成群益01購01  ,0,0,0,0,0,0,0,0,0,49000,0,0,0,54000,5000,49000,49000
06515P,國巨凱基98售06  ,0,0,0,0,0,0,0,0,0,49000,0,0,0,79000,30000,49000,49000
053849,聯發科元富96購04,0,0,0,0,0,0,0,0,0,49000,0,0,0,52000,3000,49000,49000
054316,矽創凱基97購01  ,0,0,0,0,0,0,0,0,0,49000,0,0,0,72000,23000,49000,49000
054317,昇陽半凱基98購01,0,0,0,0,0,0,0,0,0,49000,0,0,0,58000,9000,49000,49000
058440,玉晶光統一99購02,0,0,0,0,0,0,0,0,0,49000,0,0,0,64000,15000,49000,49000
057641,旺宏元大98購10  ,0,0,0,0,0,0,0,0,0,49000,0,0,0,78000,29000,49000,49000
060625,華擎元大9A購01  ,0,0,0,0,0,0,0,0,0,49000,0,0,0,110000,61000,49000,49000
057287,彩晶元大9C購03  ,0,0,0,0,0,0,0,0,0,49000,0,0,0,355000,306000,49000,49000
063290,GIS元大9B購02   ,0,0,0,0,0,0,0,0,0,49000,0,0,0,180000,131000,49000,49000
062988,儒鴻群益9B購01  ,0,0,0,0,0,0,0,0,0,49000,0,0,0,179000,130000,49000,49000
062768,南電凱基9B購04  ,0,0,0,0,0,0,0,0,0,49000,0,0,0,49000,0,49000,49000
062151,世紀鋼國票01購01,0,0,0,0,0,0,0,0,0,49000,0,0,0,87000,38000,49000,49000
061584,勤誠元大9A購01  ,0,0,0,0,0,0,0,0,0,49000,0,0,0,80000,31000,49000,49000
2514,龍邦            ,58000,7000,51000,0,0,0,0,2476,-2476,0,0,0,0,0,0,0,48524
2371,大同            ,3836000,2930000,906000,0,0,0,0,0,0,-858000,7000,865000,-858000,0,0,0,48000
07761P,智邦永豐9A售03  ,0,0,0,0,0,0,0,0,0,48000,0,0,0,80000,32000,48000,48000
063639,華擎元大9C購03  ,0,0,0,0,0,0,0,0,0,48000,0,0,0,48000,0,48000,48000
06377P,華通統一97售04  ,0,0,0,0,0,0,0,0,0,48000,0,0,0,48000,0,48000,48000
063962,台達電國票01購01,0,0,0,0,0,0,0,0,0,48000,0,0,0,75000,27000,48000,48000
056719,台虹永豐98購01  ,0,0,0,0,0,0,0,0,0,48000,0,0,0,68000,20000,48000,48000
056065,奇鋐元大97購01  ,0,0,0,0,0,0,0,0,0,48000,0,0,0,76000,28000,48000,48000
055792,臺股指凱基97購15,0,0,0,0,0,0,0,0,0,48000,0,0,0,48000,0,48000,48000
056410,康控國票99購01  ,0,0,0,0,0,0,0,0,0,48000,0,0,0,86000,38000,48000,48000
059972,S&P正2元大99購03,0,0,0,0,0,0,0,0,0,48000,0,0,0,50000,2000,48000,48000
060019,彰銀康和99購01  ,0,0,0,0,0,0,0,0,0,48000,0,0,0,269000,221000,48000,48000
057712,南亞科統一9A購01,0,0,0,0,0,0,0,0,0,48000,0,0,0,56000,8000,48000,48000
058969,亞德客永豐99購01,0,0,0,0,0,0,0,0,0,48000,0,0,0,68000,20000,48000,48000
058983,旺宏凱基99購05  ,0,0,0,0,0,0,0,0,0,48000,0,0,0,48000,0,48000,48000
059078,FBVIX元大99購06 ,0,0,0,0,0,0,0,0,0,48000,0,0,0,50000,2000,48000,48000
057809,英業達元大98購01,0,0,0,0,0,0,0,0,0,48000,0,0,0,166000,118000,48000,48000
057057,立積元大9A購01  ,0,0,0,0,0,0,0,0,0,48000,0,0,0,98000,50000,48000,48000
061697,世紀鋼群益9A購03,0,0,0,0,0,0,0,0,0,48000,0,0,0,50000,2000,48000,48000
061228,聯茂中信9A購01  ,0,0,0,0,0,0,0,0,0,48000,0,0,0,48000,0,48000,48000
061354,瑞儀元大9A購01  ,0,0,0,0,0,0,0,0,0,48000,0,0,0,58000,10000,48000,48000
060816,世紀鋼凱基9C購02,0,0,0,0,0,0,0,0,0,48000,0,0,0,153000,105000,48000,48000
062274,台積電群益9B購04,0,0,0,0,0,0,0,0,0,48000,0,0,0,58000,10000,48000,48000
062971,英業達元富9B購01,0,0,0,0,0,0,0,0,0,48000,0,0,0,166000,118000,48000,48000
063139,聯發科統一9B購07,0,0,0,0,0,0,0,0,0,48000,0,0,0,48000,0,48000,48000
063250,同欣電元大9B購03,0,0,0,0,0,0,0,0,0,48000,0,0,0,276000,228000,48000,48000
6215,和椿            ,72000,24000,48000,0,0,0,0,0,0,0,0,0,0,0,0,0,48000
063826,中興電國票01購01,0,0,0,0,0,0,0,0,0,47000,0,0,0,47000,0,47000,47000
063849,奇鋐元大9C購01  ,0,0,0,0,0,0,0,0,0,47000,0,0,0,47000,0,47000,47000
063552,晶技國票9B購03  ,0,0,0,0,0,0,0,0,0,47000,0,0,0,95000,48000,47000,47000
063464,廣達元大9B購02  ,0,0,0,0,0,0,0,0,0,47000,0,0,0,173000,126000,47000,47000
06593P,欣興元大98售05  ,0,0,0,0,0,0,0,0,0,47000,0,0,0,95000,48000,47000,47000
07667P,亞德客元大9A售05,0,0,0,0,0,0,0,0,0,47000,0,0,0,77000,30000,47000,47000
07252P,台灣50凱基99售01,0,0,0,0,0,0,0,0,0,47000,0,0,0,50000,3000,47000,47000
1808,潤隆            ,74000,27000,47000,0,0,0,0,0,0,0,0,0,0,0,0,0,47000
056343,高鐵凱基98購02  ,0,0,0,0,0,0,0,0,0,47000,0,0,0,60000,13000,47000,47000
057428,正崴兆豐98購01  ,0,0,0,0,0,0,0,0,0,47000,0,0,0,52000,5000,47000,47000
059000,台積電元大99購25,0,0,0,0,0,0,0,0,0,47000,0,0,0,69000,22000,47000,47000
058100,聯茂國泰99購02  ,0,0,0,0,0,0,0,0,0,47000,0,0,0,47000,0,47000,47000
057697,國巨群益98購09  ,0,0,0,0,0,0,0,0,0,47000,0,0,0,77000,30000,47000,47000
060341,國巨統一9C購02  ,0,0,0,0,0,0,0,0,0,47000,0,0,0,47000,0,47000,47000
060400,南電國票9A購03  ,0,0,0,0,0,0,0,0,0,47000,0,0,0,47000,0,47000,47000
060569,台積電永豐9A購01,0,0,0,0,0,0,0,0,0,47000,0,0,0,67000,20000,47000,47000
058736,鈺齊永豐99購02  ,0,0,0,0,0,0,0,0,0,47000,0,0,0,259000,212000,47000,47000
062410,台積電第一9B購02,0,0,0,0,0,0,0,0,0,47000,0,0,0,100000,53000,47000,47000
061446,鴻海中信04購01  ,0,0,0,0,0,0,0,0,0,47000,0,0,0,86000,39000,47000,47000
061783,友達群益9B購01  ,0,0,0,0,0,0,0,0,0,47000,0,0,0,47000,0,47000,47000
6168,宏齊            ,66000,20000,46000,0,0,0,0,0,0,1000,1000,0,1000,0,0,0,47000
2748,雲品            ,44000,7000,37000,0,0,0,0,0,0,10000,10000,0,10000,0,0,0,47000
2911,麗嬰房          ,41000,1000,40000,0,0,0,0,0,0,7000,7000,0,7000,0,0,0,47000
3028,增你強          ,56000,11000,45000,0,0,0,0,0,0,2000,2000,0,2000,0,0,0,47000
1731,美吾華          ,61000,19000,42000,0,0,0,0,0,0,4000,4000,0,4000,0,0,0,46000
1231,聯華食          ,51000,7000,44000,0,0,0,0,0,0,2000,2000,0,2000,0,0,0,46000
063864,健策富邦01購01  ,0,0,0,0,0,0,0,0,0,46000,0,0,0,391000,345000,46000,46000
063897,神達群益9C購01  ,0,0,0,0,0,0,0,0,0,46000,0,0,0,46000,0,46000,46000
055173,瑞昱統一97購01  ,0,0,0,0,0,0,0,0,0,46000,0,0,0,100000,54000,46000,46000
054882,台光電統一97購02,0,0,0,0,0,0,0,0,0,46000,0,0,0,116000,70000,46000,46000
054564,玉晶光群益99購01,0,0,0,0,0,0,0,0,0,46000,0,0,0,46000,0,46000,46000
055536,嘉聯益群益99購02,0,0,0,0,0,0,0,0,0,46000,0,0,0,46000,0,46000,46000
053316,友達群益9A購01  ,0,0,0,0,0,0,0,0,0,46000,0,0,0,115000,69000,46000,46000
058790,楠梓電元大99購03,0,0,0,0,0,0,0,0,0,46000,0,0,0,100000,54000,46000,46000
060556,緯穎凱基9A購04  ,0,0,0,0,0,0,0,0,0,46000,0,0,0,343000,297000,46000,46000
058977,SGBR2X凱基03購01,0,0,0,0,0,0,0,0,0,46000,0,0,0,134000,88000,46000,46000
057571,泰碩永豐98購01  ,0,0,0,0,0,0,0,0,0,46000,0,0,0,51000,5000,46000,46000
057583,啟碁中信9A購01  ,0,0,0,0,0,0,0,0,0,46000,0,0,0,76000,30000,46000,46000
059318,旺宏元大99購13  ,0,0,0,0,0,0,0,0,0,46000,0,0,0,46000,0,46000,46000
061555,聯電國票9B購01  ,0,0,0,0,0,0,0,0,0,46000,0,0,0,50000,4000,46000,46000
062062,貿聯統一01購01  ,0,0,0,0,0,0,0,0,0,46000,0,0,0,146000,100000,46000,46000
062123,台積電統一9B購13,0,0,0,0,0,0,0,0,0,46000,0,0,0,46000,0,46000,46000
062434,華通元大9B購04  ,0,0,0,0,0,0,0,0,0,46000,0,0,0,113000,67000,46000,46000
062646,聯發科國泰01購02,0,0,0,0,0,0,0,0,0,46000,0,0,0,46000,0,46000,46000
062977,健策元富9B購01  ,0,0,0,0,0,0,0,0,0,46000,0,0,0,54000,8000,46000,46000
062806,世芯統一02購01  ,0,0,0,0,0,0,0,0,0,46000,0,0,0,128000,82000,46000,46000
4306,炎洲            ,101000,59000,42000,0,0,0,0,0,0,4000,4000,0,4000,0,0,0,46000
06718P,聯詠元大98售01  ,0,0,0,0,0,0,0,0,0,45000,0,0,0,96000,51000,45000,45000
07684P,大立光凱基9A售11,0,0,0,0,0,0,0,0,0,45000,0,0,0,45000,0,45000,45000
07703P,玉晶光中信9B售03,0,0,0,0,0,0,0,0,0,45000,0,0,0,55000,10000,45000,45000
07434P,臺股指國票9A售06,0,0,0,0,0,0,0,0,0,45000,0,0,0,76000,31000,45000,45000
07856P,力成凱基9A售02  ,0,0,0,0,0,0,0,0,0,45000,0,0,0,45000,0,45000,45000
07983P,茂林群益9B售03  ,0,0,0,0,0,0,0,0,0,45000,0,0,0,255000,210000,45000,45000
053307,泰碩凱基97購01  ,0,0,0,0,0,0,0,0,0,45000,0,0,0,45000,0,45000,45000
056724,臻鼎中信9A購01  ,0,0,0,0,0,0,0,0,0,45000,0,0,0,108000,63000,45000,45000
0055,元大MSCI金融    ,0,0,0,0,0,0,0,0,0,45000,4000,0,4000,41000,0,41000,45000
056223,華邦電凱基97購04,0,0,0,0,0,0,0,0,0,45000,0,0,0,45000,0,45000,45000
060244,大立光元大9B購02,0,0,0,0,0,0,0,0,0,45000,0,0,0,136000,91000,45000,45000
055159,玉晶光元大98購05,0,0,0,0,0,0,0,0,0,45000,0,0,0,45000,0,45000,45000
057151,易華電國票99購01,0,0,0,0,0,0,0,0,0,45000,0,0,0,73000,28000,45000,45000
058082,美律群益98購05  ,0,0,0,0,0,0,0,0,0,45000,0,0,0,45000,0,45000,45000
060565,大立光富邦01購01,0,0,0,0,0,0,0,0,0,45000,0,0,0,56000,11000,45000,45000
060409,味全永豐9A購01  ,0,0,0,0,0,0,0,0,0,45000,0,0,0,113000,68000,45000,45000
060056,大立光凱基9B購01,0,0,0,0,0,0,0,0,0,45000,0,0,0,85000,40000,45000,45000
060159,健和興永豐9A購01,0,0,0,0,0,0,0,0,0,45000,0,0,0,45000,0,45000,45000
057938,台表科群益98購02,0,0,0,0,0,0,0,0,0,45000,0,0,0,45000,0,45000,45000
058664,百和兆豐99購01  ,0,0,0,0,0,0,0,0,0,45000,0,0,0,128000,83000,45000,45000
062089,矽創元大9B購02  ,0,0,0,0,0,0,0,0,0,45000,0,0,0,133000,88000,45000,45000
061869,智邦元大9B購01  ,0,0,0,0,0,0,0,0,0,45000,0,0,0,180000,135000,45000,45000
061602,旺宏凱基9A購06  ,0,0,0,0,0,0,0,0,0,45000,0,0,0,45000,0,45000,45000
061665,旺宏中信9C購01  ,0,0,0,0,0,0,0,0,0,45000,0,0,0,65000,20000,45000,45000
061087,國巨統一01購04  ,0,0,0,0,0,0,0,0,0,45000,0,0,0,164000,119000,45000,45000
6698,旭暉應材        ,30000,5000,25000,0,0,0,0,0,0,20000,20000,0,20000,0,0,0,45000
07965P,玉晶光群益01售02,0,0,0,0,0,0,0,0,0,44000,0,0,0,44000,0,44000,44000
07867P,晶技元大9B售01  ,0,0,0,0,0,0,0,0,0,44000,0,0,0,57000,13000,44000,44000
07166P,台灣50兆豐03售01,0,0,0,0,0,0,0,0,0,44000,0,0,0,44000,0,44000,44000
08671P,友訊國票01售01  ,0,0,0,0,0,0,0,0,0,44000,0,0,0,44000,0,44000,44000
2227,裕日車          ,26000,18000,8000,0,0,0,27000,1000,26000,10000,10000,0,10000,0,0,0,44000
07127P,精元元大99售01  ,0,0,0,0,0,0,0,0,0,44000,0,0,0,44000,0,44000,44000
063829,晶技國票01購01  ,0,0,0,0,0,0,0,0,0,44000,0,0,0,54000,10000,44000,44000
063814,嘉晶群益9C購01  ,0,0,0,0,0,0,0,0,0,44000,0,0,0,62000,18000,44000,44000
063444,金像電統一03購01,0,0,0,0,0,0,0,0,0,44000,0,0,0,48000,4000,44000,44000
060242,潤泰全元大9C購01,0,0,0,0,0,0,0,0,0,44000,0,0,0,134000,90000,44000,44000
042793,台積電台新9C購01,0,0,0,0,0,0,0,0,0,44000,0,0,0,45000,1000,44000,44000
051739,奇力新國票97購01,0,0,0,0,0,0,0,0,0,44000,0,0,0,44000,0,44000,44000
046937,聯電元大99購01  ,0,0,0,0,0,0,0,0,0,44000,0,0,0,60000,16000,44000,44000
059821,美律凱基99購08  ,0,0,0,0,0,0,0,0,0,44000,0,0,0,44000,0,44000,44000
060427,聯茂永豐9A購01  ,0,0,0,0,0,0,0,0,0,44000,0,0,0,64000,20000,44000,44000
057705,臺股指群益98購05,0,0,0,0,0,0,0,0,0,44000,0,0,0,50000,6000,44000,44000
057692,臺股指凱基98購10,0,0,0,0,0,0,0,0,0,44000,0,0,0,44000,0,44000,44000
058550,南亞科永豐99購01,0,0,0,0,0,0,0,0,0,44000,0,0,0,48000,4000,44000,44000
061004,友達兆豐9A購01  ,0,0,0,0,0,0,0,0,0,44000,0,0,0,219000,175000,44000,44000
061653,上証2X國票9A購02,0,0,0,0,0,0,0,0,0,44000,0,0,0,120000,76000,44000,44000
063357,聯發科國泰01購04,0,0,0,0,0,0,0,0,0,44000,0,0,0,65000,21000,44000,44000
062426,大立光統一02購02,0,0,0,0,0,0,0,0,0,44000,0,0,0,87000,43000,44000,44000
062387,健策國泰01購01  ,0,0,0,0,0,0,0,0,0,44000,0,0,0,78000,34000,44000,44000
062262,茂林元大9B購02  ,0,0,0,0,0,0,0,0,0,44000,0,0,0,133000,89000,44000,44000
9927,泰銘            ,48000,4000,44000,0,0,0,0,0,0,0,0,0,0,0,0,0,44000
3708,上緯投控        ,124000,56000,68000,0,0,0,0,0,0,-24000,3000,0,3000,0,27000,-27000,44000
063624,GIS兆豐9B購01   ,0,0,0,0,0,0,0,0,0,43000,0,0,0,83000,40000,43000,43000
063589,美食永豐9B購02  ,0,0,0,0,0,0,0,0,0,43000,0,0,0,68000,25000,43000,43000
06936P,瑞儀元大98售01  ,0,0,0,0,0,0,0,0,0,43000,0,0,0,45000,2000,43000,43000
08027P,嘉晶元大9B售03  ,0,0,0,0,0,0,0,0,0,43000,0,0,0,289000,246000,43000,43000
054156,聯電亞東98購01  ,0,0,0,0,0,0,0,0,0,43000,0,0,0,122000,79000,43000,43000
03669C,滬深2X元富09牛01,0,0,0,0,0,0,0,0,0,43000,0,0,0,51000,8000,43000,43000
055515,聚陽中信9A購01  ,0,0,0,0,0,0,0,0,0,43000,0,0,0,59000,16000,43000,43000
055380,智易元大98購02  ,0,0,0,0,0,0,0,0,0,43000,0,0,0,94000,51000,43000,43000
055848,大立光元大97購11,0,0,0,0,0,0,0,0,0,43000,0,0,0,43000,0,43000,43000
057779,禾伸堂群益98購02,0,0,0,0,0,0,0,0,0,43000,0,0,0,43000,0,43000,43000
059219,旺宏元大99購12  ,0,0,0,0,0,0,0,0,0,43000,0,0,0,57000,14000,43000,43000
058973,麗豐永豐99購01  ,0,0,0,0,0,0,0,0,0,43000,0,0,0,311000,268000,43000,43000
059030,奇力新兆豐99購03,0,0,0,0,0,0,0,0,0,43000,0,0,0,78000,35000,43000,43000
058883,旭富永豐99購01  ,0,0,0,0,0,0,0,0,0,43000,0,0,0,111000,68000,43000,43000
058895,鴻海元大99購20  ,0,0,0,0,0,0,0,0,0,43000,0,0,0,59000,16000,43000,43000
059126,臺指反中信9B購01,0,0,0,0,0,0,0,0,0,43000,0,0,0,43000,0,43000,43000
057335,技嘉國票99購01  ,0,0,0,0,0,0,0,0,0,43000,0,0,0,112000,69000,43000,43000
059771,台積電群益99購11,0,0,0,0,0,0,0,0,0,43000,0,0,0,43000,0,43000,43000
059796,台積電國票99購10,0,0,0,0,0,0,0,0,0,43000,0,0,0,44000,1000,43000,43000
057307,瀚宇博兆豐99購01,0,0,0,0,0,0,0,0,0,43000,0,0,0,271000,228000,43000,43000
058063,旺宏中信98購04  ,0,0,0,0,0,0,0,0,0,43000,0,0,0,43000,0,43000,43000
058023,南電凱基98購02  ,0,0,0,0,0,0,0,0,0,43000,0,0,0,44000,1000,43000,43000
062416,和大統一01購02  ,0,0,0,0,0,0,0,0,0,43000,0,0,0,80000,37000,43000,43000
062304,臺指反凱基9B購01,0,0,0,0,0,0,0,0,0,43000,0,0,0,43000,0,43000,43000
06262P,國巨凱基97售07  ,0,0,0,0,0,0,0,0,0,43000,0,0,0,43000,0,43000,43000
062974,奇力新元富9B購01,0,0,0,0,0,0,0,0,0,43000,0,0,0,134000,91000,43000,43000
061044,世紀鋼永豐9A購02,0,0,0,0,0,0,0,0,0,43000,0,0,0,43000,0,43000,43000
3530,晶相光          ,172000,126000,46000,0,0,0,0,0,0,-3000,0,0,0,1000,4000,-3000,43000
6189,豐藝            ,72000,28000,44000,0,0,0,0,0,0,-1000,0,1000,-1000,0,0,0,43000
08157P,大立光元富9B售06,0,0,0,0,0,0,0,0,0,42000,0,0,0,44000,2000,42000,42000
06679P,旺宏元大98售09  ,0,0,0,0,0,0,0,0,0,42000,0,0,0,50000,8000,42000,42000
06457P,玉晶光統一98售02,0,0,0,0,0,0,0,0,0,42000,0,0,0,42000,0,42000,42000
054868,國泰金群益9A購01,0,0,0,0,0,0,0,0,0,42000,0,0,0,42000,0,42000,42000
054695,世芯永豐98購01  ,0,0,0,0,0,0,0,0,0,42000,0,0,0,59000,17000,42000,42000
056649,智易凱基98購01  ,0,0,0,0,0,0,0,0,0,42000,0,0,0,42000,0,42000,42000
057181,亞光元大98購02  ,0,0,0,0,0,0,0,0,0,42000,0,0,0,68000,26000,42000,42000
058758,台積電群益99購05,0,0,0,0,0,0,0,0,0,42000,0,0,0,43000,1000,42000,42000
060397,群創國票9A購01  ,0,0,0,0,0,0,0,0,0,42000,0,0,0,42000,0,42000,42000
060124,奇力新永豐99購03,0,0,0,0,0,0,0,0,0,42000,0,0,0,42000,0,42000,42000
057577,廣宇中信9A購01  ,0,0,0,0,0,0,0,0,0,42000,0,0,0,42000,0,42000,42000
057450,國泰金元富98購01,0,0,0,0,0,0,0,0,0,42000,0,0,0,223000,181000,42000,42000
057900,南亞科永豐98購01,0,0,0,0,0,0,0,0,0,42000,0,0,0,42000,0,42000,42000
059068,台虹國票9A購01  ,0,0,0,0,0,0,0,0,0,42000,0,0,0,92000,50000,42000,42000
059116,晶豪科永豐99購01,0,0,0,0,0,0,0,0,0,42000,0,0,0,42000,0,42000,42000
061072,南電凱基9B購01  ,0,0,0,0,0,0,0,0,0,42000,0,0,0,80000,38000,42000,42000
061575,華新科元大9A購20,0,0,0,0,0,0,0,0,0,42000,0,0,0,50000,8000,42000,42000
062910,亞光元大9B購01  ,0,0,0,0,0,0,0,0,0,42000,0,0,0,77000,35000,42000,42000
063213,智伸科國票9C購01,0,0,0,0,0,0,0,0,0,42000,0,0,0,80000,38000,42000,42000
063141,聯發科統一9C購10,0,0,0,0,0,0,0,0,0,42000,0,0,0,69000,27000,42000,42000
062674,百和中信03購01  ,0,0,0,0,0,0,0,0,0,42000,0,0,0,68000,26000,42000,42000
6197,佳必琪          ,101000,60000,41000,0,0,0,0,0,0,1000,4000,3000,1000,0,0,0,42000
4961,天鈺            ,398000,358000,40000,0,0,0,0,0,0,2000,2000,0,2000,0,0,0,42000
2816,旺旺保          ,57000,15000,42000,0,0,0,0,0,0,0,0,0,0,0,0,0,42000
07086P,力成元富9C售01  ,0,0,0,0,0,0,0,0,0,41000,0,0,0,181000,140000,41000,41000
063463,瑞昱元大9B購05  ,0,0,0,0,0,0,0,0,0,41000,0,0,0,140000,99000,41000,41000
2524,京城            ,66000,25000,41000,0,0,0,0,0,0,0,0,0,0,0,0,0,41000
050842,旺宏國票97購01  ,0,0,0,0,0,0,0,0,0,41000,0,0,0,86000,45000,41000,41000
00681R,元大美債20反1   ,13000,0,13000,0,0,0,0,0,0,28000,0,0,0,35000,7000,28000,41000
056366,玉晶光元大99購04,0,0,0,0,0,0,0,0,0,41000,0,0,0,73000,32000,41000,41000
056183,南亞科統一97購02,0,0,0,0,0,0,0,0,0,41000,0,0,0,41000,0,41000,41000
058848,台積電群益99購07,0,0,0,0,0,0,0,0,0,41000,0,0,0,42000,1000,41000,41000
059289,瑞昱元富99購01  ,0,0,0,0,0,0,0,0,0,41000,0,0,0,41000,0,41000,41000
057134,茂林凱基98購02  ,0,0,0,0,0,0,0,0,0,41000,0,0,0,41000,0,41000,41000
058007,南電群益98購02  ,0,0,0,0,0,0,0,0,0,41000,0,0,0,139000,98000,41000,41000
057272,台積電元大98購14,0,0,0,0,0,0,0,0,0,41000,0,0,0,61000,20000,41000,41000
057981,臻鼎永豐98購01  ,0,0,0,0,0,0,0,0,0,41000,0,0,0,75000,34000,41000,41000
062161,南六凱基9C購01  ,0,0,0,0,0,0,0,0,0,41000,0,0,0,43000,2000,41000,41000
063267,台表科中信01購02,0,0,0,0,0,0,0,0,0,41000,0,0,0,41000,0,41000,41000
061486,國巨兆豐9B購02  ,0,0,0,0,0,0,0,0,0,41000,0,0,0,41000,0,41000,41000
060999,國巨兆豐9A購01  ,0,0,0,0,0,0,0,0,0,41000,0,0,0,41000,0,41000,41000
08292P,華新科台新9C售01,0,0,0,0,0,0,0,0,0,40000,0,0,0,40000,0,40000,40000
08261P,玉晶光元大9C售08,0,0,0,0,0,0,0,0,0,40000,0,0,0,50000,10000,40000,40000
1225,福懋油          ,60000,20000,40000,0,0,0,0,0,0,0,0,0,0,0,0,0,40000
07720P,臺股指群益9A售09,0,0,0,0,0,0,0,0,0,40000,0,0,0,40000,0,40000,40000
07558P,玉晶光元大9A售10,0,0,0,0,0,0,0,0,0,40000,0,0,0,55000,15000,40000,40000
063531,台表科凱基9B購04,0,0,0,0,0,0,0,0,0,40000,0,0,0,40000,0,40000,40000
056533,友達凱基9A購02  ,0,0,0,0,0,0,0,0,0,40000,0,0,0,40000,0,40000,40000
055885,大成鋼統一97購02,0,0,0,0,0,0,0,0,0,40000,0,0,0,40000,0,40000,40000
055893,大立光統一97購07,0,0,0,0,0,0,0,0,0,40000,0,0,0,40000,0,40000,40000
056270,群創統一98購04  ,0,0,0,0,0,0,0,0,0,40000,0,0,0,40000,0,40000,40000
056276,同欣電國泰98購01,0,0,0,0,0,0,0,0,0,40000,0,0,0,40000,0,40000,40000
054908,群電康和97購01  ,0,0,0,0,0,0,0,0,0,40000,0,0,0,40000,0,40000,40000
055349,京元電凱基97購02,0,0,0,0,0,0,0,0,0,40000,0,0,0,40000,0,40000,40000
054768,泰碩國票99購02  ,0,0,0,0,0,0,0,0,0,40000,0,0,0,40000,0,40000,40000
056094,大立光元富97購03,0,0,0,0,0,0,0,0,0,40000,0,0,0,40000,0,40000,40000
054973,台郡元大98購02  ,0,0,0,0,0,0,0,0,0,40000,0,0,0,40000,0,40000,40000
055029,帆宣國泰99購01  ,0,0,0,0,0,0,0,0,0,40000,0,0,0,212000,172000,40000,40000
054613,大立光永豐97購02,0,0,0,0,0,0,0,0,0,40000,0,0,0,40000,0,40000,40000
056044,同欣電凱基97購03,0,0,0,0,0,0,0,0,0,40000,0,0,0,141000,101000,40000,40000
051539,瀚宇博國票97購01,0,0,0,0,0,0,0,0,0,40000,0,0,0,40000,0,40000,40000
054061,晶技國票97購03  ,0,0,0,0,0,0,0,0,0,40000,0,0,0,40000,0,40000,40000
052434,茂林國泰97購01  ,0,0,0,0,0,0,0,0,0,40000,0,0,0,50000,10000,40000,40000
048070,聯發科元富99購03,0,0,0,0,0,0,0,0,0,40000,0,0,0,40000,0,40000,40000
048653,巨大元大96購02  ,0,0,0,0,0,0,0,0,0,40000,0,0,0,40000,0,40000,40000
050220,台積電元富96購01,0,0,0,0,0,0,0,0,0,40000,0,0,0,40000,0,40000,40000
055665,亞德客群益97購01,0,0,0,0,0,0,0,0,0,40000,0,0,0,40000,0,40000,40000
055510,GIS元大97購03   ,0,0,0,0,0,0,0,0,0,40000,0,0,0,40000,0,40000,40000
055501,創意元大97購01  ,0,0,0,0,0,0,0,0,0,40000,0,0,0,40000,0,40000,40000
053035,台表科兆豐97購01,0,0,0,0,0,0,0,0,0,40000,0,0,0,40000,0,40000,40000
053174,同欣電群益98購02,0,0,0,0,0,0,0,0,0,40000,0,0,0,40000,0,40000,40000
052788,開發金中信98購02,0,0,0,0,0,0,0,0,0,40000,0,0,0,40000,0,40000,40000
057993,中環中信98購01  ,0,0,0,0,0,0,0,0,0,40000,0,0,0,50000,10000,40000,40000
058750,緯穎凱基9A購03  ,0,0,0,0,0,0,0,0,0,40000,0,0,0,68000,28000,40000,40000
060091,技嘉元大99購03  ,0,0,0,0,0,0,0,0,0,40000,0,0,0,40000,0,40000,40000
060676,京元電元大9A購03,0,0,0,0,0,0,0,0,0,40000,0,0,0,397000,357000,40000,40000
059139,全新兆豐9A購01  ,0,0,0,0,0,0,0,0,0,40000,0,0,0,201000,161000,40000,40000
057461,國巨永豐98購07  ,0,0,0,0,0,0,0,0,0,40000,0,0,0,40000,0,40000,40000
059241,旺宏凱基99購07  ,0,0,0,0,0,0,0,0,0,40000,0,0,0,67000,27000,40000,40000
059345,禾伸堂凱基99購03,0,0,0,0,0,0,0,0,0,40000,0,0,0,40000,0,40000,40000
059381,TPK亞東99購01   ,0,0,0,0,0,0,0,0,0,40000,0,0,0,40000,0,40000,40000
057904,矽力永豐98購01  ,0,0,0,0,0,0,0,0,0,40000,0,0,0,40000,0,40000,40000
057860,金寶凱基98購01  ,0,0,0,0,0,0,0,0,0,40000,0,0,0,200000,160000,40000,40000
057007,奇力新中信98購04,0,0,0,0,0,0,0,0,0,40000,0,0,0,100000,60000,40000,40000
058952,南茂群益99購01  ,0,0,0,0,0,0,0,0,0,40000,0,0,0,108000,68000,40000,40000
057671,群創元大9B購06  ,0,0,0,0,0,0,0,0,0,40000,0,0,0,77000,37000,40000,40000
057739,新日興富邦9B購01,0,0,0,0,0,0,0,0,0,40000,0,0,0,100000,60000,40000,40000
060945,緯穎國票9A購02  ,0,0,0,0,0,0,0,0,0,40000,0,0,0,45000,5000,40000,40000
061021,聯電國泰9B購01  ,0,0,0,0,0,0,0,0,0,40000,0,0,0,80000,40000,40000,40000
060920,超眾富邦9B購01  ,0,0,0,0,0,0,0,0,0,40000,0,0,0,40000,0,40000,40000
061858,南電國票9B購02  ,0,0,0,0,0,0,0,0,0,40000,0,0,0,41000,1000,40000,40000
061911,台積電中信05購04,0,0,0,0,0,0,0,0,0,40000,0,0,0,80000,40000,40000,40000
061927,玉晶光凱基9C購01,0,0,0,0,0,0,0,0,0,40000,0,0,0,41000,1000,40000,40000
062076,美律元大9B購02  ,0,0,0,0,0,0,0,0,0,40000,0,0,0,50000,10000,40000,40000
06323P,台郡統一97售01  ,0,0,0,0,0,0,0,0,0,40000,0,0,0,40000,0,40000,40000
063386,國巨兆豐9B購04  ,0,0,0,0,0,0,0,0,0,40000,0,0,0,90000,50000,40000,40000
062855,嘉澤永豐9B購02  ,0,0,0,0,0,0,0,0,0,40000,0,0,0,68000,28000,40000,40000
062162,世紀鋼凱基9B購03,0,0,0,0,0,0,0,0,0,40000,0,0,0,50000,10000,40000,40000
062172,南六永豐9B購01  ,0,0,0,0,0,0,0,0,0,40000,0,0,0,42000,2000,40000,40000
062346,智邦群益9B購02  ,0,0,0,0,0,0,0,0,0,40000,0,0,0,44000,4000,40000,40000
06234P,亞德客元大97售02,0,0,0,0,0,0,0,0,0,40000,0,0,0,40000,0,40000,40000
062428,超眾統一9B購01  ,0,0,0,0,0,0,0,0,0,40000,0,0,0,60000,20000,40000,40000
062571,臺指反群益9B購04,0,0,0,0,0,0,0,0,0,40000,0,0,0,40000,0,40000,40000
3416,融程電          ,39000,3000,36000,0,0,0,0,0,0,4000,5000,1000,4000,0,0,0,40000
06633P,國巨國票99售01  ,0,0,0,0,0,0,0,0,0,39000,0,0,0,52000,13000,39000,39000
07923P,元金2X凱基02售02,0,0,0,0,0,0,0,0,0,39000,0,0,0,54000,15000,39000,39000
1447,力鵬            ,142000,103000,39000,0,0,0,0,0,0,0,0,0,0,0,0,0,39000
2501,國建            ,218000,206000,12000,0,0,0,0,0,0,27000,28000,1000,27000,0,0,0,39000
2506,太設            ,39000,0,39000,0,0,0,0,0,0,0,0,0,0,0,0,0,39000
049485,台積電元大96購03,0,0,0,0,0,0,0,0,0,39000,0,0,0,42000,3000,39000,39000
046383,群創凱基98購01  ,0,0,0,0,0,0,0,0,0,39000,0,0,0,39000,0,39000,39000
058268,泰碩永豐9A購01  ,0,0,0,0,0,0,0,0,0,39000,0,0,0,39000,0,39000,39000
056535,全新凱基99購02  ,0,0,0,0,0,0,0,0,0,39000,0,0,0,39000,0,39000,39000
058660,樺漢中信9A購01  ,0,0,0,0,0,0,0,0,0,39000,0,0,0,522000,483000,39000,39000
057512,華邦電台新98購01,0,0,0,0,0,0,0,0,0,39000,0,0,0,229000,190000,39000,39000
060445,S&P反1元大9A購04,0,0,0,0,0,0,0,0,0,39000,0,0,0,39000,0,39000,39000
060305,得力永豐9A購01  ,0,0,0,0,0,0,0,0,0,39000,0,0,0,39000,0,39000,39000
057319,奇力新凱基99購02,0,0,0,0,0,0,0,0,0,39000,0,0,0,39000,0,39000,39000
062400,晶豪科永豐9B購02,0,0,0,0,0,0,0,0,0,39000,0,0,0,51000,12000,39000,39000
062943,世芯凱基9B購03  ,0,0,0,0,0,0,0,0,0,39000,0,0,0,62000,23000,39000,39000
061368,南六國票9A購01  ,0,0,0,0,0,0,0,0,0,39000,0,0,0,57000,18000,39000,39000
06125P,楠梓電元富99售01,0,0,0,0,0,0,0,0,0,39000,0,0,0,139000,100000,39000,39000
2414,精技            ,40000,2000,38000,0,0,0,0,0,0,0,0,0,0,0,0,0,38000
1612,宏泰            ,27000,2000,25000,0,0,0,0,0,0,13000,13000,0,13000,0,0,0,38000
08118P,嘉澤元富9B售02  ,0,0,0,0,0,0,0,0,0,38000,0,0,0,104000,66000,38000,38000
07489P,國巨國票9A售07  ,0,0,0,0,0,0,0,0,0,38000,0,0,0,58000,20000,38000,38000
064027,義隆元大9C購01  ,18000,0,18000,0,0,0,0,0,0,20000,0,0,0,60000,40000,20000,38000
056574,亞光元大99購03  ,0,0,0,0,0,0,0,0,0,38000,0,0,0,160000,122000,38000,38000
055332,奇力新兆豐98購01,0,0,0,0,0,0,0,0,0,38000,0,0,0,38000,0,38000,38000
056269,新日興統一98購01,0,0,0,0,0,0,0,0,0,38000,0,0,0,48000,10000,38000,38000
052316,台積電元大96購10,0,0,0,0,0,0,0,0,0,38000,0,0,0,38000,0,38000,38000
053343,宏達電國票97購02,0,0,0,0,0,0,0,0,0,38000,0,0,0,38000,0,38000,38000
053744,台郡國票97購03  ,0,0,0,0,0,0,0,0,0,38000,0,0,0,38000,0,38000,38000
055599,TPK元大97購01   ,0,0,0,0,0,0,0,0,0,38000,0,0,0,38000,0,38000,38000
06021P,世紀鋼元富96售03,0,0,0,0,0,0,0,0,0,38000,0,0,0,38000,0,38000,38000
057856,聯鈞國票99購03  ,0,0,0,0,0,0,0,0,0,38000,0,0,0,38000,0,38000,38000
059454,亞光永豐99購01  ,0,0,0,0,0,0,0,0,0,38000,0,0,0,132000,94000,38000,38000
057721,華擎元富98購02  ,0,0,0,0,0,0,0,0,0,38000,0,0,0,109000,71000,38000,38000
060842,新光金國票9B購01,0,0,0,0,0,0,0,0,0,38000,0,0,0,38000,0,38000,38000
062631,奇力新國票9B購01,0,0,0,0,0,0,0,0,0,38000,0,0,0,38000,0,38000,38000
062601,富邦金台新9B購01,0,0,0,0,0,0,0,0,0,38000,0,0,0,145000,107000,38000,38000
062640,訊連國票9C購01  ,0,0,0,0,0,0,0,0,0,38000,0,0,0,38000,0,38000,38000
064008,日月光凱基9C購01,0,0,0,0,0,0,0,0,0,37000,0,0,0,37000,0,37000,37000
063832,矽創國票01購01  ,0,0,0,0,0,0,0,0,0,37000,0,0,0,57000,20000,37000,37000
063478,GIS元大9B購03   ,0,0,0,0,0,0,0,0,0,37000,0,0,0,160000,123000,37000,37000
063681,深中小永豐9B購01,0,0,0,0,0,0,0,0,0,37000,0,0,0,50000,13000,37000,37000
06644P,亞德客元大98售03,0,0,0,0,0,0,0,0,0,37000,0,0,0,37000,0,37000,37000
064061,GIS麥證01購01   ,0,0,0,50000,13000,37000,0,0,0,37000,0,0,0,50000,13000,37000,37000
08058P,華新科元大9B售10,0,0,0,0,0,0,0,0,0,37000,0,0,0,37000,0,37000,37000
07763P,嘉澤永豐9A售02  ,0,0,0,0,0,0,0,0,0,37000,0,0,0,37000,0,37000,37000
055689,台郡凱基99購01  ,0,0,0,0,0,0,0,0,0,37000,0,0,0,37000,0,37000,37000
055449,超眾統一9A購01  ,0,0,0,0,0,0,0,0,0,37000,0,0,0,37000,0,37000,37000
058459,南電永豐99購01  ,0,0,0,0,0,0,0,0,0,37000,0,0,0,37000,0,37000,37000
058353,國巨凱基99購09  ,0,0,0,0,0,0,0,0,0,37000,0,0,0,72000,35000,37000,37000
05887P,友達元富99售03  ,0,0,0,0,0,0,0,0,0,37000,0,0,0,57000,20000,37000,37000
058839,瑞儀中信99購02  ,0,0,0,0,0,0,0,0,0,37000,0,0,0,57000,20000,37000,37000
059253,康控凱基9B購02  ,0,0,0,0,0,0,0,0,0,37000,0,0,0,70000,33000,37000,37000
057079,台積電統一9A購02,0,0,0,0,0,0,0,0,0,37000,0,0,0,37000,0,37000,37000
060058,牧德凱基9B購01  ,0,0,0,0,0,0,0,0,0,37000,0,0,0,57000,20000,37000,37000
057963,緯穎元大98購08  ,0,0,0,0,0,0,0,0,0,37000,0,0,0,50000,13000,37000,37000
059566,台積電凱基9A購11,0,0,0,0,0,0,0,0,0,37000,0,0,0,40000,3000,37000,37000
062231,台光電麥證9C購01,0,0,0,95000,58000,37000,0,0,0,37000,0,0,0,95000,58000,37000,37000
063382,南茂永豐9B購01  ,0,0,0,0,0,0,0,0,0,37000,0,0,0,112000,75000,37000,37000
06189P,華新科永豐97售03,0,0,0,0,0,0,0,0,0,37000,0,0,0,77000,40000,37000,37000
9930,中聯資源        ,52000,15000,37000,0,0,0,0,0,0,0,0,0,0,0,0,0,37000
08063P,立積國票9B售03  ,0,0,0,0,0,0,0,0,0,36000,0,0,0,36000,0,36000,36000
07392P,台積電國泰02售01,0,0,0,0,0,0,0,0,0,36000,0,0,0,100000,64000,36000,36000
2010,春源            ,77000,41000,36000,0,0,0,0,0,0,0,0,0,0,0,0,0,36000
06739P,聯詠兆豐98售02  ,0,13000,-13000,0,0,0,0,0,0,49000,0,0,0,49000,0,49000,36000
063645,瑞儀元大9B購02  ,0,0,0,0,0,0,0,0,0,36000,0,0,0,36000,0,36000,36000
055333,晶豪科兆豐97購01,0,0,0,0,0,0,0,0,0,36000,0,0,0,36000,0,36000,36000
054852,奇鋐國票98購01  ,0,0,0,0,0,0,0,0,0,36000,0,0,0,38000,2000,36000,36000
053276,友達元大9C購01  ,0,0,0,0,0,0,0,0,0,36000,0,0,0,67000,31000,36000,36000
059860,台積電群益9A購02,0,0,0,0,0,0,0,0,0,36000,0,0,0,82000,46000,36000,36000
059950,百和永豐99購02  ,0,0,0,0,0,0,0,0,0,36000,0,0,0,94000,58000,36000,36000
060115,南電元大99購06  ,0,0,0,0,0,0,0,0,0,36000,0,0,0,56000,20000,36000,36000
060421,華擎永豐9A購01  ,0,0,0,0,0,0,0,0,0,36000,0,0,0,40000,4000,36000,36000
058367,大立光凱基9A購01,0,0,0,0,0,0,0,0,0,36000,0,0,0,36000,0,36000,36000
062022,緯穎永豐9B購01  ,0,0,0,0,0,0,0,0,0,36000,0,0,0,36000,0,36000,36000
061660,禾伸堂永豐9A購01,0,0,0,0,0,0,0,0,0,36000,0,0,0,44000,8000,36000,36000
060907,金像電元大9A購02,0,0,0,0,0,0,0,0,0,36000,0,0,0,80000,44000,36000,36000
061379,鈺齊永豐9A購02  ,0,0,0,0,0,0,0,0,0,36000,0,0,0,368000,332000,36000,36000
8499,鼎炫-KY         ,60000,39000,21000,0,0,0,15000,0,15000,0,1000,1000,0,0,0,0,36000
6581,鋼聯            ,40000,4000,36000,0,0,0,0,0,0,0,0,0,0,0,0,0,36000
6165,捷泰            ,36000,0,36000,0,0,0,0,0,0,0,0,0,0,0,0,0,36000
4133,亞諾法          ,1101000,1066000,35000,0,0,0,0,0,0,1000,1000,0,1000,0,0,0,36000
3024,憶聲            ,51000,15000,36000,0,0,0,0,0,0,0,0,0,0,0,0,0,36000
063964,瑞昱國票01購01  ,0,0,0,0,0,0,0,0,0,35000,0,0,0,83000,48000,35000,35000
2428,興勤            ,102000,65000,37000,0,0,0,0,0,0,-2000,2000,1000,1000,4000,7000,-3000,35000
07772P,華新科國票9A售05,0,0,0,0,0,0,0,0,0,35000,0,0,0,49000,14000,35000,35000
053248,智伸科國票97購01,0,0,0,0,0,0,0,0,0,35000,0,0,0,76000,41000,35000,35000
05271P,國巨富邦97售01  ,0,0,0,0,0,0,0,0,0,35000,0,0,0,35000,0,35000,35000
053464,喬山元大96購01  ,0,0,0,0,0,0,0,0,0,35000,0,0,0,35000,0,35000,35000
055481,聚陽元大97購01  ,0,0,0,0,0,0,0,0,0,35000,0,0,0,35000,0,35000,35000
00731,FH富時高息低波  ,0,0,0,0,0,0,0,0,0,35000,0,0,0,1192000,1157000,35000,35000
056562,奇力新群益98購01,0,0,0,0,0,0,0,0,0,35000,0,0,0,35000,0,35000,35000
055824,臺股指國票97購11,0,0,0,0,0,0,0,0,0,35000,0,0,0,50000,15000,35000,35000
054641,祥碩中信98購01  ,0,0,0,0,0,0,0,0,0,35000,0,0,0,35000,0,35000,35000
054981,國巨元富97購02  ,0,0,0,0,0,0,0,0,0,35000,0,0,0,35000,0,35000,35000
058363,全新凱基9A購02  ,0,0,0,0,0,0,0,0,0,35000,0,0,0,35000,0,35000,35000
058818,南電台新99購03  ,0,0,0,0,0,0,0,0,0,35000,0,0,0,35000,0,35000,35000
059223,大立光元大99購14,0,0,0,0,0,0,0,0,0,35000,0,0,0,37000,2000,35000,35000
057886,聯詠群益98購01  ,0,0,0,0,0,0,0,0,0,35000,0,0,0,163000,128000,35000,35000
057541,台灣50康和9A購04,0,0,0,0,0,0,0,0,0,35000,0,0,0,35000,0,35000,35000
060493,美律元富01購01  ,0,0,0,0,0,0,0,0,0,35000,0,0,0,230000,195000,35000,35000
060374,儒鴻元富9A購01  ,0,0,0,0,0,0,0,0,0,35000,0,0,0,37000,2000,35000,35000
058782,臺股指國票99購01,0,0,0,0,0,0,0,0,0,35000,0,0,0,75000,40000,35000,35000
061253,臺股指群益9A購04,0,0,0,0,0,0,0,0,0,35000,0,0,0,73000,38000,35000,35000
061590,金寶永豐9A購01  ,0,0,0,0,0,0,0,0,0,35000,0,0,0,135000,100000,35000,35000
062218,燿華統一01購01  ,0,0,0,0,0,0,0,0,0,35000,0,0,0,60000,25000,35000,35000
062356,國巨元大9B購10  ,0,0,0,0,0,0,0,0,0,35000,0,0,0,35000,0,35000,35000
062739,嘉晶國票9B購02  ,0,0,0,0,0,0,0,0,0,35000,0,0,0,51000,16000,35000,35000
07817P,同欣電群益9A售02,0,0,0,0,0,0,0,0,0,34000,0,0,0,34000,0,34000,34000
07838P,泰碩元大9A售04  ,0,0,0,0,0,0,0,0,0,34000,0,0,0,54000,20000,34000,34000
08106P,聯發科統一9B售09,0,0,0,0,0,0,0,0,0,34000,0,0,0,77000,43000,34000,34000
056080,世紀鋼元大97購03,0,0,0,0,0,0,0,0,0,34000,0,0,0,34000,0,34000,34000
056455,群創凱基9A購01  ,0,0,0,0,0,0,0,0,0,34000,0,0,0,134000,100000,34000,34000
052937,國巨兆豐97購01  ,0,0,0,0,0,0,0,0,0,34000,0,0,0,54000,20000,34000,34000
053834,卜蜂永豐96購01  ,0,0,0,0,0,0,0,0,0,34000,0,0,0,34000,0,34000,34000
055626,力山永豐97購01  ,0,0,0,0,0,0,0,0,0,34000,0,0,0,55000,21000,34000,34000
053568,智伸科富邦98購01,0,0,0,0,0,0,0,0,0,34000,0,0,0,40000,6000,34000,34000
05978P,麗豐永豐96售02  ,0,0,0,0,0,0,0,0,0,34000,0,0,0,34000,0,34000,34000
057298,旭富永豐98購01  ,0,0,0,0,0,0,0,0,0,34000,0,0,0,117000,83000,34000,34000
060183,南亞科元富9A購01,0,0,0,0,0,0,0,0,0,34000,0,0,0,76000,42000,34000,34000
060600,台積電凱基9C購01,0,0,0,0,0,0,0,0,0,34000,0,0,0,116000,82000,34000,34000
058429,欣興元富99購01  ,0,0,0,0,0,0,0,0,0,34000,0,0,0,34000,0,34000,34000
058390,樺漢國票9A購01  ,0,0,0,0,0,0,0,0,0,34000,0,0,0,96000,62000,34000,34000
062650,南電富邦01購01  ,0,0,0,0,0,0,0,0,0,34000,0,0,0,34000,0,34000,34000
062502,旺宏群益9C購01  ,0,0,0,0,0,0,0,0,0,34000,0,0,0,34000,0,34000,34000
062287,康友群益9B購02  ,0,0,0,0,0,0,0,0,0,34000,0,0,0,138000,104000,34000,34000
063165,泰碩永豐9B購02  ,0,0,0,0,0,0,0,0,0,34000,0,0,0,44000,10000,34000,34000
063091,聯電中信9B購01  ,0,0,0,0,0,0,0,0,0,34000,0,0,0,154000,120000,34000,34000
061468,神達群益9A購01  ,0,0,0,0,0,0,0,0,0,34000,0,0,0,57000,23000,34000,34000
061667,友達中信9A購02  ,0,0,0,0,0,0,0,0,0,34000,0,0,0,47000,13000,34000,34000
062043,牧德凱基9B購04  ,0,0,0,0,0,0,0,0,0,34000,0,0,0,40000,6000,34000,34000
061263,微星凱基9A購01  ,0,1000,-1000,0,0,0,0,0,0,35000,0,0,0,50000,15000,35000,34000
061037,嘉澤永豐9A購01  ,0,0,0,0,0,0,0,0,0,34000,0,0,0,34000,0,34000,34000
08139P,華新科元大9B售12,0,0,0,0,0,0,0,0,0,33000,0,0,0,50000,17000,33000,33000
07192P,聯發科元大99售23,0,0,0,0,0,0,0,0,0,33000,0,0,0,43000,10000,33000,33000
07708P,玉晶光元大9A售13,0,0,0,0,0,0,0,0,0,33000,0,0,0,45000,12000,33000,33000
1733,五鼎            ,75000,41000,34000,0,0,0,0,0,0,-1000,1000,2000,-1000,0,0,0,33000
063762,緯穎統一9C購01  ,0,0,0,0,0,0,0,0,0,33000,0,0,0,33000,0,33000,33000
051535,新日興國票96購01,0,0,0,0,0,0,0,0,0,33000,0,0,0,112000,79000,33000,33000
055232,泰碩國票98購01  ,0,0,0,0,0,0,0,0,0,33000,0,0,0,33000,0,33000,33000
055166,台積電統一97購05,0,0,0,0,0,0,0,0,0,33000,0,0,0,33000,0,33000,33000
056777,矽力元大98購02  ,0,0,0,0,0,0,0,0,0,33000,0,0,0,33000,0,33000,33000
056104,義隆永豐97購01  ,0,0,0,0,0,0,0,0,0,33000,0,0,0,40000,7000,33000,33000
058637,晶技兆豐99購01  ,0,0,0,0,0,0,0,0,0,33000,0,0,0,47000,14000,33000,33000
060401,世紀鋼國票9B購01,0,0,0,0,0,0,0,0,0,33000,0,0,0,46000,13000,33000,33000
058702,國巨元大99購16  ,0,0,0,0,0,0,0,0,0,33000,0,0,0,53000,20000,33000,33000
061023,茂林國泰9B購02  ,0,0,0,0,0,0,0,0,0,33000,0,0,0,33000,0,33000,33000
061150,國巨群益9A購09  ,0,0,0,0,0,0,0,0,0,33000,0,0,0,120000,87000,33000,33000
061469,瑞祺群益9A購02  ,0,0,0,0,0,0,0,0,0,33000,0,0,0,40000,7000,33000,33000
062883,智易兆豐9C購01  ,0,0,0,0,0,0,0,0,0,33000,0,0,0,71000,38000,33000,33000
063350,台表科統一02購02,0,0,0,0,0,0,0,0,0,33000,0,0,0,76000,43000,33000,33000
063339,智邦統一01購01  ,0,0,0,0,0,0,0,0,0,33000,0,0,0,460000,427000,33000,33000
3454,晶睿            ,60000,27000,33000,0,0,0,0,0,0,0,0,0,0,0,0,0,33000
3501,維熹            ,35000,3000,32000,0,0,0,0,0,0,1000,1000,0,1000,0,0,0,33000
5706,鳳凰            ,68000,37000,31000,0,0,0,0,0,0,2000,2000,0,2000,0,0,0,33000
8996,高力            ,213000,180000,33000,0,0,0,0,0,0,0,0,0,0,0,0,0,33000
063801,GIS凱基01購01   ,0,0,0,0,0,0,0,0,0,32000,0,0,0,42000,10000,32000,32000
063990,世芯永豐01購01  ,0,0,0,0,0,0,0,0,0,32000,0,0,0,32000,0,32000,32000
06726P,欣興元富98售04  ,0,0,0,0,0,0,0,0,0,32000,0,0,0,200000,168000,32000,32000
06690P,玉晶光群益9A售05,0,0,0,0,0,0,0,0,0,32000,0,0,0,44000,12000,32000,32000
1451,年興            ,51000,21000,30000,0,0,0,0,0,0,2000,4000,2000,2000,0,0,0,32000
058273,同欣電永豐99購01,0,0,0,0,0,0,0,0,0,32000,0,0,0,32000,0,32000,32000
058236,大立光元大99購09,0,0,0,0,0,0,0,0,0,32000,0,0,0,36000,4000,32000,32000
054684,裕隆永豐97購01  ,0,0,0,0,0,0,0,0,0,32000,0,0,0,113000,81000,32000,32000
055805,矽力永豐97購01  ,0,0,0,0,0,0,0,0,0,32000,0,0,0,32000,0,32000,32000
055297,啟碁元大97購01  ,0,0,0,0,0,0,0,0,0,32000,0,0,0,100000,68000,32000,32000
055320,建準國票98購01  ,0,0,0,0,0,0,0,0,0,32000,0,0,0,32000,0,32000,32000
055377,揚明光元大98購01,0,0,0,0,0,0,0,0,0,32000,0,0,0,222000,190000,32000,32000
053506,南茂兆豐97購01  ,0,0,0,0,0,0,0,0,0,32000,0,0,0,57000,25000,32000,32000
054287,台積電元大97購11,0,0,0,0,0,0,0,0,0,32000,0,0,0,40000,8000,32000,32000
056689,玉晶光統一9A購03,0,0,0,0,0,0,0,0,0,32000,0,0,0,38000,6000,32000,32000
058701,鴻海元大99購16  ,0,0,0,0,0,0,0,0,0,32000,0,0,0,52000,20000,32000,32000
060513,緯穎元大9B購01  ,0,0,0,0,0,0,0,0,0,32000,0,0,0,118000,86000,32000,32000
057683,技嘉日盛98購01  ,0,0,0,0,0,0,0,0,0,32000,0,0,0,41000,9000,32000,32000
057780,台郡群益98購02  ,0,0,0,0,0,0,0,0,0,32000,0,0,0,32000,0,32000,32000
059176,臺股指凱基99購27,0,0,0,0,0,0,0,0,0,32000,0,0,0,41000,9000,32000,32000
057341,技嘉台新98購01  ,0,0,0,0,0,0,0,0,0,32000,0,0,0,32000,0,32000,32000
057924,健策凱基98購02  ,0,0,0,0,0,0,0,0,0,32000,0,0,0,79000,47000,32000,32000
057861,台積電凱基98購16,0,0,0,0,0,0,0,0,0,32000,0,0,0,32000,0,32000,32000
063217,元金2X群益9B購03,0,0,0,0,0,0,0,0,0,32000,0,0,0,100000,68000,32000,32000
062376,中租元大9B購02  ,0,0,0,0,0,0,0,0,0,32000,0,0,0,68000,36000,32000,32000
062729,神達凱基9B購02  ,0,0,0,0,0,0,0,0,0,32000,0,0,0,197000,165000,32000,32000
9943,好樂迪          ,52000,21000,31000,0,0,0,0,0,0,1000,2000,1000,1000,0,0,0,32000
4722,國精化          ,103000,71000,32000,0,0,0,0,0,0,0,0,0,0,0,0,0,32000
5258,虹堡            ,48000,14000,34000,0,0,0,0,586,-586,-2000,1000,3000,-2000,0,0,0,31414
1517,利奇            ,108000,99000,9000,0,0,0,0,0,0,22000,22000,0,22000,0,0,0,31000
07673P,電子類元大9A售01,0,0,0,0,0,0,0,0,0,31000,0,0,0,40000,9000,31000,31000
07979P,大立光凱基9B售05,0,0,0,0,0,0,0,0,0,31000,0,0,0,31000,0,31000,31000
07791P,奇鋐元大9A售02  ,0,0,0,0,0,0,0,0,0,31000,0,0,0,34000,3000,31000,31000
06627P,華新科元富99售01,0,0,0,0,0,0,0,0,0,31000,0,0,0,41000,10000,31000,31000
06953P,景碩統一9A售01  ,0,0,0,0,0,0,0,0,0,31000,0,0,0,31000,0,31000,31000
063678,友達國泰9C購01  ,0,0,0,0,0,0,0,0,0,31000,0,0,0,469000,438000,31000,31000
063582,瑞祺國泰9C購01  ,0,0,0,0,0,0,0,0,0,31000,0,0,0,161000,130000,31000,31000
051665,台積電元大96購07,0,0,0,0,0,0,0,0,0,31000,0,0,0,31000,0,31000,31000
00713,元大台灣高息低波,0,20000,-20000,0,0,0,0,0,0,51000,0,0,0,51000,0,51000,31000
047213,新日興富邦97購01,0,0,0,0,0,0,0,0,0,31000,0,0,0,41000,10000,31000,31000
050402,緯穎中信96購01  ,0,0,0,0,0,0,0,0,0,31000,0,0,0,41000,10000,31000,31000
054517,高鐵元大96購01  ,0,0,0,0,0,0,0,0,0,31000,0,0,0,383000,352000,31000,31000
058294,華新科凱基9A購01,0,0,0,0,0,0,0,0,0,31000,0,0,0,31000,0,31000,31000
058295,欣興凱基99購02  ,0,0,0,0,0,0,0,0,0,31000,0,0,0,196000,165000,31000,31000
057890,滬深反統一98購01,0,0,0,0,0,0,0,0,0,31000,0,0,0,56000,25000,31000,31000
057056,立積元大99購02  ,0,0,0,0,0,0,0,0,0,31000,0,0,0,115000,84000,31000,31000
056860,正崴群益98購01  ,0,0,0,0,0,0,0,0,0,31000,0,0,0,136000,105000,31000,31000
057735,台灣50富邦9C購02,0,0,0,0,0,0,0,0,0,31000,0,0,0,31000,0,31000,31000
057669,嘉晶元大99購03  ,0,0,0,0,0,0,0,0,0,31000,0,0,0,52000,21000,31000,31000
058122,美律國票9A購01  ,0,0,0,0,0,0,0,0,0,31000,0,0,0,44000,13000,31000,31000
058942,南茂中信99購01  ,0,0,0,0,0,0,0,0,0,31000,0,0,0,73000,42000,31000,31000
060178,T50反1元富04購05,0,0,0,0,0,0,0,0,0,31000,0,0,0,31000,0,31000,31000
060186,義隆元富9A購01  ,0,0,0,0,0,0,0,0,0,31000,0,0,0,31000,0,31000,31000
060113,祥碩元大9B購01  ,0,0,0,0,0,0,0,0,0,31000,0,0,0,93000,62000,31000,31000
060164,合勤控永豐9A購01,0,0,0,0,0,0,0,0,0,31000,0,0,0,198000,167000,31000,31000
057941,聯電國票99購01  ,0,0,0,0,0,0,0,0,0,31000,0,0,0,100000,69000,31000,31000
059678,鴻海國泰9A購03  ,0,0,0,0,0,0,0,0,0,31000,0,0,0,33000,2000,31000,31000
062645,國巨國泰9B購08  ,0,0,0,0,0,0,0,0,0,31000,0,0,0,52000,21000,31000,31000
062705,美食元大9B購01  ,0,0,0,0,0,0,0,0,0,31000,0,0,0,51000,20000,31000,31000
062236,信邦凱基9B購01  ,0,0,0,0,0,0,0,0,0,31000,0,0,0,31000,0,31000,31000
062251,旺宏元大9B購06  ,0,0,0,0,0,0,0,0,0,31000,0,0,0,111000,80000,31000,31000
062168,大毅永豐9B購01  ,0,0,0,0,0,0,0,0,0,31000,0,0,0,31000,0,31000,31000
061507,南電國票9A購05  ,0,0,0,0,0,0,0,0,0,31000,0,0,0,31000,0,31000,31000
061773,和潤元大9B購01  ,0,0,0,0,0,0,0,0,0,31000,0,0,0,31000,0,31000,31000
061942,亞德客群益9B購01,0,0,0,0,0,0,0,0,0,31000,0,0,0,41000,10000,31000,31000
060908,金像電元大9A購03,0,0,0,0,0,0,0,0,0,31000,0,0,0,65000,34000,31000,31000
3060,銘異            ,203000,175000,28000,0,0,0,0,0,0,3000,3000,0,3000,0,0,0,31000
06387P,緯穎永豐97售02  ,0,0,0,0,0,0,0,0,0,30000,0,0,0,30000,0,30000,30000
06978P,聯發科富邦9B售02,0,0,0,0,0,0,0,0,0,30000,0,0,0,30000,0,30000,30000
06730P,祥碩元大98售07  ,0,0,0,0,0,0,0,0,0,30000,0,0,0,65000,35000,30000,30000
06454P,緯穎元大98售04  ,0,0,0,0,0,0,0,0,0,30000,0,0,0,30000,0,30000,30000
07987P,大立光統一9B售13,0,0,0,0,0,0,0,0,0,30000,0,0,0,40000,10000,30000,30000
07941P,國巨凱基9B售07  ,0,0,0,0,0,0,0,0,0,30000,0,0,0,30000,0,30000,30000
07297P,台灣50元大9C售11,0,0,0,0,0,0,0,0,0,30000,0,0,0,30000,0,30000,30000
1440,南紡            ,779000,744000,35000,0,0,0,0,0,0,-5000,0,5000,-5000,0,0,0,30000
1410,南染            ,31000,1000,30000,0,0,0,0,0,0,0,0,0,0,0,0,0,30000
1340,勝悅-KY         ,43000,17000,26000,0,0,0,0,0,0,4000,7000,3000,4000,0,0,0,30000
08241P,微星中信06售01  ,0,0,0,0,0,0,0,0,0,30000,0,0,0,30000,0,30000,30000
2423,固緯            ,67000,40000,27000,0,0,0,0,0,0,3000,6000,3000,3000,0,0,0,30000
054720,禾伸堂永豐97購01,0,0,0,0,0,0,0,0,0,30000,0,0,0,70000,40000,30000,30000
055405,華泰國泰98購01  ,0,0,0,0,0,0,0,0,0,30000,0,0,0,30000,0,30000,30000
055219,啟碁凱基98購01  ,0,0,0,0,0,0,0,0,0,30000,0,0,0,30000,0,30000,30000
055739,健鼎元富97購01  ,0,0,0,0,0,0,0,0,0,30000,0,0,0,30000,0,30000,30000
055168,光罩統一98購01  ,0,0,0,0,0,0,0,0,0,30000,0,0,0,50000,20000,30000,30000
055226,聯發科國票97購05,0,0,0,0,0,0,0,0,0,30000,0,0,0,30000,0,30000,30000
056472,美律元大99購03  ,0,0,0,0,0,0,0,0,0,30000,0,0,0,30000,0,30000,30000
056206,泰鼎永豐97購01  ,0,0,0,0,0,0,0,0,0,30000,0,0,0,30000,0,30000,30000
055830,上銀元大97購07  ,0,0,0,0,0,0,0,0,0,30000,0,0,0,30000,0,30000,30000
055858,聯茂元大97購03  ,0,0,0,0,0,0,0,0,0,30000,0,0,0,75000,45000,30000,30000
056364,亞光元大99購02  ,0,0,0,0,0,0,0,0,0,30000,0,0,0,30000,0,30000,30000
053958,京元電永豐96購01,0,0,0,0,0,0,0,0,0,30000,0,0,0,30000,0,30000,30000
054051,貿聯元大97購03  ,0,0,0,0,0,0,0,0,0,30000,0,0,0,30000,0,30000,30000
047547,友達凱基99購02  ,0,0,0,0,0,0,0,0,0,30000,0,0,0,30000,0,30000,30000
047690,美律富邦97購01  ,0,0,0,0,0,0,0,0,0,30000,0,0,0,30000,0,30000,30000
052367,聯茂國票96購02  ,0,0,0,0,0,0,0,0,0,30000,0,0,0,40000,10000,30000,30000
054237,茂林群益97購01  ,0,0,0,0,0,0,0,0,0,30000,0,0,0,40000,10000,30000,30000
051529,東元國票96購01  ,0,0,0,0,0,0,0,0,0,30000,0,0,0,30000,0,30000,30000
056714,晶相光永豐98購02,0,0,0,0,0,0,0,0,0,30000,0,0,0,30000,0,30000,30000
052969,建準群益97購01  ,0,0,0,0,0,0,0,0,0,30000,0,0,0,30000,0,30000,30000
053052,旺宏國票97購02  ,0,0,0,0,0,0,0,0,0,30000,0,0,0,30000,0,30000,30000
055499,大立光元大98購05,0,0,0,0,0,0,0,0,0,30000,0,0,0,30000,0,30000,30000
054311,世芯凱基96購02  ,0,0,0,0,0,0,0,0,0,30000,0,0,0,30000,0,30000,30000
053494,南亞科兆豐96購02,0,0,0,0,0,0,0,0,0,30000,0,0,0,30000,0,30000,30000
053632,新唐兆豐96購01  ,0,0,0,0,0,0,0,0,0,30000,0,0,0,30000,0,30000,30000
053646,臺股指國票96購09,0,0,0,0,0,0,0,0,0,30000,0,0,0,30000,0,30000,30000
059791,超眾元大99購06  ,0,0,0,0,0,0,0,0,0,30000,0,0,0,30000,0,30000,30000
059829,超眾凱基99購05  ,0,0,0,0,0,0,0,0,0,30000,0,0,0,30000,0,30000,30000
059834,友達國泰9B購01  ,0,0,0,0,0,0,0,0,0,30000,0,0,0,30000,0,30000,30000
059564,鴻海凱基9A購15  ,0,0,0,0,0,0,0,0,0,30000,0,0,0,30000,0,30000,30000
059640,聯詠凱基99購04  ,0,0,0,0,0,0,0,0,0,30000,0,0,0,50000,20000,30000,30000
057953,聚陽元大98購01  ,0,0,0,0,0,0,0,0,0,30000,0,0,0,30000,0,30000,30000
057976,旺宏永豐98購03  ,0,0,0,0,0,0,0,0,0,30000,0,0,0,30000,0,30000,30000
057274,友達元大98購03  ,0,0,0,0,0,0,0,0,0,30000,0,0,0,30000,0,30000,30000
058658,瑞儀中信99購01  ,0,0,0,0,0,0,0,0,0,30000,0,0,0,50000,20000,30000,30000
058721,立積元富9C購01  ,0,0,0,0,0,0,0,0,0,30000,0,0,0,590000,560000,30000,30000
060087,鴻海元大99購43  ,0,0,0,0,0,0,0,0,0,30000,0,0,0,85000,55000,30000,30000
060521,鴻海中信01購03  ,0,0,0,0,0,0,0,0,0,30000,0,0,0,30000,0,30000,30000
060575,大立光中信9B購02,0,0,0,0,0,0,0,0,0,30000,0,0,0,30000,0,30000,30000
057660,訊芯兆豐98購02  ,0,0,0,0,0,0,0,0,0,30000,0,0,0,30000,0,30000,30000
058087,鴻海元大98購15  ,0,0,0,0,0,0,0,0,0,30000,0,0,0,30000,0,30000,30000
056856,華通群益9A購01  ,0,0,0,0,0,0,0,0,0,30000,0,0,0,33000,3000,30000,30000
057873,義隆元大98購03  ,0,0,0,0,0,0,0,0,0,30000,0,0,0,30000,0,30000,30000
059324,智易元大99購04  ,0,0,0,0,0,0,0,0,0,30000,0,0,0,30000,0,30000,30000
057339,群創國票99購02  ,0,0,0,0,0,0,0,0,0,30000,0,0,0,30000,0,30000,30000
057530,奇鋐元大99購01  ,0,0,0,0,0,0,0,0,0,30000,0,0,0,30000,0,30000,30000
061456,玉晶光凱基9B購05,0,0,0,0,0,0,0,0,0,30000,0,0,0,30000,0,30000,30000
061815,奇力新群益9B購02,0,0,0,0,0,0,0,0,0,30000,0,0,0,30000,0,30000,30000
062085,同欣電元大9B購01,0,0,0,0,0,0,0,0,0,30000,0,0,0,164000,134000,30000,30000
062092,臺指反富邦9C購02,0,0,0,0,0,0,0,0,0,30000,0,0,0,30000,0,30000,30000
061654,旺宏國票9A購02  ,0,0,0,0,0,0,0,0,0,30000,0,0,0,30000,0,30000,30000
061626,超眾群益9A購02  ,0,0,0,0,0,0,0,0,0,30000,0,0,0,70000,40000,30000,30000
062158,禾伸堂凱基9B購01,0,0,0,0,0,0,0,0,0,30000,0,0,0,30000,0,30000,30000
062257,聯發科元大9B購09,0,0,0,0,0,0,0,0,0,30000,0,0,0,30000,0,30000,30000
062700,台光電元大9B購05,0,0,0,0,0,0,0,0,0,30000,0,0,0,34000,4000,30000,30000
062658,聯茂第一9B購01  ,0,0,0,0,0,0,0,0,0,30000,0,0,0,30000,0,30000,30000
063235,台積電元大9B購06,0,0,0,0,0,0,0,0,0,30000,0,0,0,30000,0,30000,30000
063228,聯茂群益9B購01  ,0,0,0,0,0,0,0,0,0,30000,0,0,0,105000,75000,30000,30000
062953,大立光永豐9B購01,0,0,0,0,0,0,0,0,0,30000,0,0,0,30000,0,30000,30000
062912,新日興元大9B購01,0,0,0,0,0,0,0,0,0,30000,0,0,0,85000,55000,30000,30000
063034,致茂凱基9B購01  ,0,0,0,0,0,0,0,0,0,30000,0,0,0,30000,0,30000,30000
4763,材料-KY         ,34000,5000,29000,0,0,0,0,0,0,1000,1000,0,1000,0,0,0,30000
9908,大台北          ,50000,21000,29000,0,0,0,0,0,0,1000,1000,0,1000,0,0,0,30000
8249,菱光            ,82000,53000,29000,0,0,0,0,0,0,1000,1000,0,1000,0,0,0,30000
2616,山隆            ,34001,5000,29001,0,0,0,0,0,0,0,0,0,0,0,0,0,29001
2482,連宇            ,35000,4000,31000,0,0,0,0,0,0,-2000,0,2000,-2000,0,0,0,29000
1457,宜進            ,72000,46000,26000,0,0,0,0,0,0,3000,13000,10000,3000,0,0,0,29000
07241P,台灣50國票9A售05,0,0,0,0,0,0,0,0,0,29000,0,0,0,30000,1000,29000,29000
063627,上銀元大9B購09  ,0,0,0,0,0,0,0,0,0,29000,0,0,0,68000,39000,29000,29000
053382,友達元大9C購02  ,0,0,0,0,0,0,0,0,0,29000,0,0,0,29000,0,29000,29000
053407,台積電兆豐96購02,0,0,0,0,0,0,0,0,0,29000,0,0,0,123000,94000,29000,29000
054426,國泰金富邦97購02,0,0,0,0,0,0,0,0,0,29000,0,0,0,30000,1000,29000,29000
0051,元大中型100     ,1000,1000,0,0,0,0,0,0,0,29000,0,0,0,35000,6000,29000,29000
053947,義隆富邦97購01  ,0,0,0,0,0,0,0,0,0,29000,0,0,0,50000,21000,29000,29000
056369,彩晶元大01購01  ,0,0,0,0,0,0,0,0,0,29000,0,0,0,398000,369000,29000,29000
056390,台積電富邦9B購01,0,0,0,0,0,0,0,0,0,29000,0,0,0,29000,0,29000,29000
055211,A50反1凱基9A購01,0,0,0,0,0,0,0,0,0,29000,0,0,0,29000,0,29000,29000
055026,健和興國泰98購01,0,0,0,0,0,0,0,0,0,29000,0,0,0,39000,10000,29000,29000
059143,國巨國票9A購04  ,0,0,0,0,0,0,0,0,0,29000,0,0,0,43000,14000,29000,29000
05711P,茂林國票97售03  ,0,0,0,0,0,0,0,0,0,29000,0,0,0,50000,21000,29000,29000
056978,技嘉群益99購01  ,0,0,0,0,0,0,0,0,0,29000,0,0,0,36000,7000,29000,29000
060653,全新群益9A購02  ,0,0,0,0,0,0,0,0,0,29000,0,0,0,34000,5000,29000,29000
060351,滬深2X元富9A購01,0,0,0,0,0,0,0,0,0,29000,0,0,0,35000,6000,29000,29000
058751,南茂凱基9A購01  ,0,0,0,0,0,0,0,0,0,29000,0,0,0,91000,62000,29000,29000
059524,FBVIX凱基9A購02 ,0,0,0,0,0,0,0,0,0,29000,0,0,0,32000,3000,29000,29000
059841,國巨富邦9C購01  ,0,0,0,0,0,0,0,0,0,29000,0,0,0,157000,128000,29000,29000
059820,南亞科凱基99購07,0,0,0,0,0,0,0,0,0,29000,0,0,0,61000,32000,29000,29000
062804,玉晶光統一9C購04,0,0,0,0,0,0,0,0,0,29000,0,0,0,104000,75000,29000,29000
063244,華新科元大9B購11,0,0,0,0,0,0,0,0,0,29000,0,0,0,29000,0,29000,29000
063392,聯電群益9B購02  ,0,0,0,0,0,0,0,0,0,29000,0,0,0,91000,62000,29000,29000
062665,智易群益9B購01  ,0,0,0,0,0,0,0,0,0,29000,0,0,0,69000,40000,29000,29000
061645,超眾元大9A購06  ,0,0,0,0,0,0,0,0,0,29000,0,0,0,113000,84000,29000,29000
062081,華新科元大9B購06,0,0,0,0,0,0,0,0,0,29000,0,0,0,30000,1000,29000,29000
061048,國巨中信9A購05  ,0,0,0,0,0,0,0,0,0,29000,0,0,0,40000,11000,29000,29000
8215,明基材          ,147000,122000,25000,0,0,0,0,0,0,4000,4000,0,4000,0,0,0,29000
063505,奇力新群益9B購03,0,0,0,0,0,0,0,0,0,28000,0,0,0,28000,0,28000,28000
07421P,國泰金元大99售01,0,0,0,0,0,0,0,0,0,28000,0,0,0,30000,2000,28000,28000
1339,昭輝            ,56000,31000,25000,0,0,0,0,0,0,3000,3000,0,3000,0,0,0,28000
1432,大魯閣          ,29000,1000,28000,0,0,0,0,0,0,0,0,0,0,0,0,0,28000
1445,大宇            ,29000,1000,28000,0,0,0,0,0,0,0,0,0,0,0,0,0,28000
2495,普安            ,16000,2000,14000,0,0,0,0,0,0,14000,14000,0,14000,0,0,0,28000
055058,大毅永豐97購01  ,0,0,0,0,0,0,0,0,0,28000,0,0,0,50000,22000,28000,28000
054652,裕隆麥證97購01  ,0,0,0,28000,0,28000,0,0,0,28000,0,0,0,28000,0,28000,28000
053925,群創國票98購01  ,0,0,0,0,0,0,0,0,0,28000,0,0,0,28000,0,28000,28000
052328,台表科中信99購01,0,0,0,0,0,0,0,0,0,28000,0,0,0,28000,0,28000,28000
052095,彩晶元大97購01  ,0,0,0,0,0,0,0,0,0,28000,0,0,0,170000,142000,28000,28000
052135,聯發科凱基9B購01,0,0,0,0,0,0,0,0,0,28000,0,0,0,28000,0,28000,28000
00678,群益NBI生技     ,18000,0,18000,0,0,0,0,0,0,10000,0,0,0,322000,312000,10000,28000
053734,友達中信98購02  ,0,0,0,0,0,0,0,0,0,28000,0,0,0,28000,0,28000,28000
057260,微星兆豐98購01  ,0,0,0,0,0,0,0,0,0,28000,0,0,0,112000,84000,28000,28000
056925,群創兆豐98購03  ,0,0,0,0,0,0,0,0,0,28000,0,0,0,28000,0,28000,28000
057502,訊芯群益98購02  ,0,0,0,0,0,0,0,0,0,28000,0,0,0,28000,0,28000,28000
060783,亞德客富邦9B購01,0,0,0,0,0,0,0,0,0,28000,0,0,0,228000,200000,28000,28000
060734,華通統一9C購01  ,0,0,0,0,0,0,0,0,0,28000,0,0,0,28000,0,28000,28000
062059,聯發科統一9C購06,0,0,0,0,0,0,0,0,0,28000,0,0,0,48000,20000,28000,28000
062624,大成鋼國票9B購02,0,0,0,0,0,0,0,0,0,28000,0,0,0,38000,10000,28000,28000
063411,和潤國票9C購01  ,0,0,0,0,0,0,0,0,0,28000,0,0,0,152000,124000,28000,28000
063272,GIS兆豐9C購01   ,0,0,0,0,0,0,0,0,0,28000,0,0,0,155000,127000,28000,28000
062998,泰碩國票01購01  ,0,0,0,0,0,0,0,0,0,28000,0,0,0,28000,0,28000,28000
6281,全國電          ,54000,26000,28000,0,0,0,0,0,0,0,0,0,0,0,0,0,28000
3704,合勤控          ,413000,357000,56000,0,0,0,0,0,0,-28000,5000,6000,-1000,0,27000,-27000,28000
3645,達邁            ,69000,42000,27000,0,0,0,0,0,0,1000,2000,1000,1000,0,0,0,28000
1810,和成            ,49000,22000,27000,0,0,0,0,0,0,0,0,0,0,0,0,0,27000
07842P,力成元大9A售01  ,0,0,0,0,0,0,0,0,0,27000,0,0,0,27000,0,27000,27000
063872,嘉聯益永豐9C購01,0,0,0,0,0,0,0,0,0,27000,0,0,0,52000,25000,27000,27000
063947,大毅元大9C購02  ,0,0,0,0,0,0,0,0,0,27000,0,0,0,27000,0,27000,27000
06937P,GIS元大98售03   ,0,0,0,0,0,0,0,0,0,27000,0,0,0,156000,129000,27000,27000
053635,技嘉永豐96購01  ,0,0,0,0,0,0,0,0,0,27000,0,0,0,37000,10000,27000,27000
053573,臺股指統一99購01,0,0,0,0,0,0,0,0,0,27000,0,0,0,122000,95000,27000,27000
056683,台積電統一98購05,0,0,0,0,0,0,0,0,0,27000,0,0,0,237000,210000,27000,27000
00643,群益深証中小    ,154000,13000,141000,0,0,0,0,0,0,-114000,0,0,0,79000,193000,-114000,27000
03444B,臺股指元大9C熊02,0,0,0,0,0,0,0,0,0,27000,0,0,0,75000,48000,27000,27000
049670,鈺齊國泰96購01  ,0,0,0,0,0,0,0,0,0,27000,0,0,0,27000,0,27000,27000
056026,智易群益97購01  ,0,0,0,0,0,0,0,0,0,27000,0,0,0,27000,0,27000,27000
056084,漢唐統一97購03  ,0,0,0,0,0,0,0,0,0,27000,0,0,0,130000,103000,27000,27000
060241,國泰金元大9A購01,0,0,0,0,0,0,0,0,0,27000,0,0,0,106000,79000,27000,27000
055161,貿聯元大98購03  ,0,0,0,0,0,0,0,0,0,27000,0,0,0,27000,0,27000,27000
057490,可成元大98購10  ,0,0,0,0,0,0,0,0,0,27000,0,0,0,70000,43000,27000,27000
057876,隆達元大98購01  ,0,0,0,0,0,0,0,0,0,27000,0,0,0,37000,10000,27000,27000
057662,上銀元大9A購01  ,0,0,0,0,0,0,0,0,0,27000,0,0,0,37000,10000,27000,27000
058835,元油2X中信9C購02,0,0,0,0,0,0,0,0,0,27000,0,0,0,27000,0,27000,27000
058707,泰鼎元大99購02  ,0,0,0,0,0,0,0,0,0,27000,0,0,0,33000,6000,27000,27000
059816,聯電凱基99購03  ,0,0,0,0,0,0,0,0,0,27000,0,0,0,53000,26000,27000,27000
063005,道瓊反元大9B購02,0,0,0,0,0,0,0,0,0,27000,0,0,0,37000,10000,27000,27000
063053,聯發科統一01購04,0,0,0,0,0,0,0,0,0,27000,0,0,0,129000,102000,27000,27000
061821,祥碩群益9B購02  ,0,0,0,0,0,0,0,0,0,27000,0,0,0,27000,0,27000,27000
060776,世芯凱基9B購01  ,0,0,0,0,0,0,0,0,0,27000,0,0,0,40000,13000,27000,27000
061412,儒鴻群益9A購01  ,0,0,0,0,0,0,0,0,0,27000,0,0,0,52000,25000,27000,27000
2903,遠百            ,281000,254000,27000,0,0,0,0,0,0,0,0,0,0,0,0,0,27000
6226,光鼎            ,87000,64000,23000,0,0,0,0,0,0,4000,4000,0,4000,0,0,0,27000
06480P,上銀凱基98售04  ,0,0,0,0,0,0,0,0,0,26000,0,0,0,62000,36000,26000,26000
063748,台積電國票9C購05,0,0,0,0,0,0,0,0,0,26000,0,0,0,34000,8000,26000,26000
063499,金像電永豐9B購03,0,0,0,0,0,0,0,0,0,26000,0,0,0,26000,0,26000,26000
07210P,智邦凱基99售03  ,0,0,0,0,0,0,0,0,0,26000,0,0,0,66000,40000,26000,26000
1773,勝一            ,40000,12000,28000,0,0,0,0,0,0,-2000,0,2000,-2000,0,0,0,26000
056539,新光金凱基9A購01,0,0,0,0,0,0,0,0,0,26000,0,0,0,26000,0,26000,26000
060237,友達元大9A購06  ,0,0,0,0,0,0,0,0,0,26000,0,0,0,43000,17000,26000,26000
058633,台灣50兆豐99購01,0,0,0,0,0,0,0,0,0,26000,0,0,0,26000,0,26000,26000
058156,超眾統一9A購02  ,0,0,0,0,0,0,0,0,0,26000,0,0,0,36000,10000,26000,26000
055942,臺股指群益9C購01,0,0,0,0,0,0,0,0,0,26000,0,0,0,26000,0,26000,26000
048651,美利達元大96購05,0,0,0,0,0,0,0,0,0,26000,0,0,0,131000,105000,26000,26000
056663,臺股指元大9A購10,0,0,0,0,0,0,0,0,0,26000,0,0,0,35000,9000,26000,26000
055459,建準永豐97購03  ,0,0,0,0,0,0,0,0,0,26000,0,0,0,38000,12000,26000,26000
060350,元黃金元富9B購01,0,0,0,0,0,0,0,0,0,26000,0,0,0,47000,21000,26000,26000
058812,台積電統一9B購06,0,0,0,0,0,0,0,0,0,26000,0,0,0,28000,2000,26000,26000
058529,S&P正2元富9B購01,0,0,0,0,0,0,0,0,0,26000,0,0,0,26000,0,26000,26000
058809,國巨統一9B購03  ,0,0,0,0,0,0,0,0,0,26000,0,0,0,26000,0,26000,26000
056958,喬山永豐98購01  ,0,0,0,0,0,0,0,0,0,26000,0,0,0,94000,68000,26000,26000
061027,儒鴻永豐9A購02  ,0,0,0,0,0,0,0,0,0,26000,0,0,0,260000,234000,26000,26000
061066,嘉晶凱基9B購01  ,0,0,0,0,0,0,0,0,0,26000,0,0,0,36000,10000,26000,26000
063112,祥碩兆豐9B購01  ,0,0,0,0,0,0,0,0,0,26000,0,0,0,133000,107000,26000,26000
062862,瑞儀國票9B購01  ,0,0,0,0,0,0,0,0,0,26000,0,0,0,26000,0,26000,26000
062668,國巨中信9B購04  ,0,0,0,0,0,0,0,0,0,26000,0,0,0,26000,0,26000,26000
062349,新日興群益9B購02,0,0,0,0,0,0,0,0,0,26000,0,0,0,26000,0,26000,26000
9937,全國            ,27000,1000,26000,0,0,0,0,0,0,0,0,0,0,0,0,0,26000
2546,根基            ,27000,0,27000,0,0,0,0,0,0,-1000,1000,2000,-1000,0,0,0,26000
2331,精英            ,99000,71000,28000,0,0,0,0,0,0,-3000,3000,6000,-3000,0,0,0,25000
2530,華建            ,103000,78000,25000,0,0,0,0,0,0,0,0,0,0,0,0,0,25000
1524,耿鼎            ,34000,14000,20000,0,0,0,0,0,0,5000,6000,1000,5000,0,0,0,25000
07422P,大立光元大99售32,0,0,0,0,0,0,0,0,0,25000,0,0,0,25000,0,25000,25000
07472P,和碩元大9A售03  ,0,0,0,0,0,0,0,0,0,25000,0,0,0,30000,5000,25000,25000
07689P,旺宏元大9A售13  ,0,0,0,0,0,0,0,0,0,25000,0,0,0,25000,0,25000,25000
063797,台積電凱基02購02,0,0,0,0,0,0,0,0,0,25000,0,0,0,25000,0,25000,25000
056715,瀚宇博永豐98購01,0,0,0,0,0,0,0,0,0,25000,0,0,0,77000,52000,25000,25000
053706,S&P反1凱基99購01,0,0,0,0,0,0,0,0,0,25000,0,0,0,25000,0,25000,25000
053387,緯創元大97購01  ,0,0,0,0,0,0,0,0,0,25000,0,0,0,25000,0,25000,25000
051218,聯發科元富9B購02,0,0,0,0,0,0,0,0,0,25000,0,0,0,25000,0,25000,25000
0054,元大台商50      ,0,0,0,0,0,0,0,0,0,25000,0,0,0,29000,4000,25000,25000
054573,漢唐元大98購01  ,0,0,0,0,0,0,0,0,0,25000,0,0,0,25000,0,25000,25000
056592,台積電元富98購01,0,0,0,0,0,0,0,0,0,25000,0,0,0,35000,10000,25000,25000
056436,台積電凱基98購10,0,0,0,0,0,0,0,0,0,25000,0,0,0,25000,0,25000,25000
056379,玉晶光元富98購01,0,0,0,0,0,0,0,0,0,25000,0,0,0,30000,5000,25000,25000
056341,宏達電凱基9A購01,0,0,0,0,0,0,0,0,0,25000,0,0,0,30000,5000,25000,25000
055906,大立光兆豐97購03,0,0,0,0,0,0,0,0,0,25000,0,0,0,25000,0,25000,25000
055808,世紀鋼永豐97購01,0,0,0,0,0,0,0,0,0,25000,0,0,0,80000,55000,25000,25000
055277,旺宏元大97購04  ,0,0,0,0,0,0,0,0,0,25000,0,0,0,25000,0,25000,25000
055358,臻鼎凱基97購01  ,0,0,0,0,0,0,0,0,0,25000,0,0,0,25000,0,25000,25000
057389,玉晶光永豐98購06,0,0,0,0,0,0,0,0,0,25000,0,0,0,75000,50000,25000,25000
059115,美食永豐99購01  ,0,0,0,0,0,0,0,0,0,25000,0,0,0,25000,0,25000,25000
060107,旭富元大99購03  ,0,0,0,0,0,0,0,0,0,25000,0,0,0,50000,25000,25000,25000
060038,台積電國票99購13,0,0,0,0,0,0,0,0,0,25000,0,0,0,25000,0,25000,25000
060665,康控凱基9A購01  ,0,0,0,0,0,0,0,0,0,25000,0,0,0,76000,51000,25000,25000
060459,鴻海元大9A購07  ,0,0,0,0,0,0,0,0,0,25000,0,0,0,33000,8000,25000,25000
058770,貿聯兆豐9A購01  ,0,0,0,0,0,0,0,0,0,25000,0,0,0,35000,10000,25000,25000
059612,奇鋐永豐99購02  ,0,0,0,0,0,0,0,0,0,25000,0,0,0,25000,0,25000,25000
059596,大立光元大99購20,0,0,0,0,0,0,0,0,0,25000,0,0,0,25000,0,25000,25000
062313,聯詠凱基9C購01  ,0,0,0,0,0,0,0,0,0,25000,0,0,0,35000,10000,25000,25000
062319,南六凱基9B購02  ,0,0,0,0,0,0,0,0,0,25000,0,0,0,55000,30000,25000,25000
062401,信邦永豐9B購01  ,0,0,0,0,0,0,0,0,0,25000,0,0,0,25000,0,25000,25000
06214P,國巨國票98售04  ,0,0,0,0,0,0,0,0,0,25000,0,0,0,25000,0,25000,25000
062169,禾伸堂永豐9B購01,0,0,0,0,0,0,0,0,0,25000,0,0,0,30000,5000,25000,25000
062545,嘉晶永豐9B購01  ,0,0,0,0,0,0,0,0,0,25000,0,0,0,30000,5000,25000,25000
062851,建準永豐9B購02  ,0,0,0,0,0,0,0,0,0,25000,0,0,0,35000,10000,25000,25000
062824,國巨群益9C購03  ,0,0,0,0,0,0,0,0,0,25000,0,0,0,35000,10000,25000,25000
063242,聯發科元大9B購19,0,0,0,0,0,0,0,0,0,25000,0,0,0,50000,25000,25000,25000
061426,玉晶光元大9A購15,0,0,0,0,0,0,0,0,0,25000,0,0,0,26000,1000,25000,25000
061465,聯詠群益9A購01  ,0,0,0,0,0,0,0,0,0,25000,0,0,0,105000,80000,25000,25000
061443,大立光統一9C購02,0,0,0,0,0,0,0,0,0,25000,0,0,0,25000,0,25000,25000
061296,台積電國泰9C購01,0,0,0,0,0,0,0,0,0,25000,0,0,0,103000,78000,25000,25000
061280,國巨統一9C購06  ,0,0,0,0,0,0,0,0,0,25000,0,0,0,30000,5000,25000,25000
062025,台達電群益9B購01,35000,0,35000,0,0,0,0,0,0,-10000,0,0,0,25000,35000,-10000,25000
061998,緯穎元大9B購03  ,0,0,0,0,0,0,0,0,0,25000,0,0,0,75000,50000,25000,25000
06169P,華新科元富97售02,0,0,0,0,0,0,0,0,0,25000,0,0,0,35000,10000,25000,25000
06179P,國巨群益97售04  ,0,0,0,0,0,0,0,0,0,25000,0,0,0,25000,0,25000,25000
061470,鈺齊群益9A購02  ,0,0,0,0,0,0,0,0,0,25000,0,0,0,235000,210000,25000,25000
4999,鑫禾            ,37000,12000,25000,0,0,0,0,0,0,0,0,0,0,0,0,0,25000
5388,中磊            ,379000,360000,19000,0,0,0,0,0,0,6000,2000,17000,-15000,32000,11000,21000,25000
063667,全新統一01購02  ,0,0,0,0,0,0,0,0,0,24000,0,0,0,44000,20000,24000,24000
064098,正崴群益9C購01  ,0,0,0,0,0,0,0,0,0,24000,0,0,0,24000,0,24000,24000
06912P,台光電元大99售02,0,0,0,0,0,0,0,0,0,24000,0,0,0,124000,100000,24000,24000
07121P,華新科凱基99售03,0,0,0,0,0,0,0,0,0,24000,0,0,0,42000,18000,24000,24000
07251P,台灣50元富01售04,0,0,0,0,0,0,0,0,0,24000,0,0,0,40000,16000,24000,24000
08211P,台表科元富9B售03,0,0,0,0,0,0,0,0,0,24000,0,0,0,156000,132000,24000,24000
2468,華經            ,27000,4000,23000,0,0,0,0,0,0,1000,1000,0,1000,0,0,0,24000
058610,欣興元大99購05  ,0,0,0,0,0,0,0,0,0,24000,0,0,0,45000,21000,24000,24000
051503,玉晶光統一97購01,0,0,0,0,0,0,0,0,0,24000,0,0,0,27000,3000,24000,24000
046628,大立光統一98購01,0,0,0,0,0,0,0,0,0,24000,0,0,0,287000,263000,24000,24000
060197,臻鼎元富9A購02  ,0,0,0,0,0,0,0,0,0,24000,0,0,0,50000,26000,24000,24000
057724,亞德客國泰99購01,0,0,0,0,0,0,0,0,0,24000,0,0,0,26000,2000,24000,24000
057494,玉晶光元大99購09,0,0,0,0,0,0,0,0,0,24000,0,0,0,83000,59000,24000,24000
061628,緯穎群益9A購04  ,0,0,0,0,0,0,0,0,0,24000,0,0,0,30000,6000,24000,24000
062070,金寶元大9B購01  ,0,0,0,0,0,0,0,0,0,24000,0,0,0,310000,286000,24000,24000
061212,聯鈞元大9A購04  ,0,0,0,0,0,0,0,0,0,24000,0,0,0,348000,324000,24000,24000
060811,亞德客凱基9A購02,0,0,0,0,0,0,0,0,0,24000,0,0,0,25000,1000,24000,24000
060736,旺宏統一01購01  ,0,0,0,0,0,0,0,0,0,24000,0,0,0,46000,22000,24000,24000
060737,瑞儀統一9C購01  ,0,0,0,0,0,0,0,0,0,24000,0,0,0,24000,0,24000,24000
063388,台光電兆豐9C購01,0,0,0,0,0,0,0,0,0,24000,0,0,0,150000,126000,24000,24000
062671,國泰金中信03購01,0,0,0,0,0,0,0,0,0,24000,0,0,0,30000,6000,24000,24000
062695,華通元大9C購01  ,0,0,0,0,0,0,0,0,0,24000,0,0,0,98000,74000,24000,24000
062781,微星元大9C購01  ,0,0,0,0,0,0,0,0,0,24000,0,0,0,79000,55000,24000,24000
062286,台郡群益9B購01  ,0,0,0,0,0,0,0,0,0,24000,0,0,0,91000,67000,24000,24000
4104,佳醫            ,43000,11000,32000,0,0,0,0,0,0,-8000,0,8000,-8000,0,0,0,24000
07769P,國巨國票9A售10  ,0,0,0,0,0,0,0,0,0,23000,0,0,0,23000,0,23000,23000
08099P,聯發科中信9B售04,0,0,0,0,0,0,0,0,0,23000,0,0,0,23000,0,23000,23000
08053P,臺股指國票9B售18,0,0,0,0,0,0,0,0,0,23000,0,0,0,42000,19000,23000,23000
06847P,奇力新元大98售05,0,0,0,0,0,0,0,0,0,23000,0,0,0,25000,2000,23000,23000
063654,上銀元富9B購05  ,0,0,0,0,0,0,0,0,0,23000,0,0,0,23000,0,23000,23000
052362,瑞昱國票96購02  ,0,0,0,0,0,0,0,0,0,23000,0,0,0,23000,0,23000,23000
053072,國巨台新97購01  ,0,0,0,0,0,0,0,0,0,23000,0,0,0,23000,0,23000,23000
053153,大立光元大99購02,0,0,0,0,0,0,0,0,0,23000,0,0,0,23000,0,23000,23000
055763,鎧勝群益97購01  ,0,0,0,0,0,0,0,0,0,23000,0,0,0,102000,79000,23000,23000
055196,致新元富97購01  ,0,0,0,0,0,0,0,0,0,23000,0,0,0,73000,50000,23000,23000
056304,創意元大97購03  ,0,0,0,0,0,0,0,0,0,23000,0,0,0,68000,45000,23000,23000
057420,美食凱基98購01  ,0,0,0,0,0,0,0,0,0,23000,0,0,0,72000,49000,23000,23000
059146,貿聯國票9A購02  ,0,0,0,0,0,0,0,0,0,23000,0,0,0,24000,1000,23000,23000
056904,大立光元大99購05,0,0,0,0,0,0,0,0,0,23000,0,0,0,80000,57000,23000,23000
059065,南電凱基9A購01  ,0,0,0,0,0,0,0,0,0,23000,0,0,0,25000,2000,23000,23000
060191,亞光元富9A購02  ,0,0,0,0,0,0,0,0,0,23000,0,0,0,95000,72000,23000,23000
060260,京鼎凱基9C購01  ,0,0,0,0,0,0,0,0,0,23000,0,0,0,56000,33000,23000,23000
060065,大立光兆豐9B購01,0,0,0,0,0,0,0,0,0,23000,0,0,0,25000,2000,23000,23000
060623,玉晶光元大9C購01,0,0,0,0,0,0,0,0,0,23000,0,0,0,24000,1000,23000,23000
059722,南亞科元大99購02,0,0,0,0,0,0,0,0,0,23000,0,0,0,49000,26000,23000,23000
059880,世紀鋼凱基99購02,0,0,0,0,0,0,0,0,0,23000,0,0,0,23000,0,23000,23000
058020,大立光凱基99購03,0,0,0,0,0,0,0,0,0,23000,0,0,0,23000,0,23000,23000
062573,大毅群益9B購03  ,0,0,0,0,0,0,0,0,0,23000,0,0,0,58000,35000,23000,23000
063068,聯發科國泰01購03,0,0,0,0,0,0,0,0,0,23000,0,0,0,23000,0,23000,23000
06083P,華通統一98售02  ,0,0,0,0,0,0,0,0,0,23000,0,0,0,23000,0,23000,23000
060854,台積電富邦9C購08,0,0,0,0,0,0,0,0,0,23000,0,0,0,23000,0,23000,23000
062091,世紀鋼元大9B購01,0,0,0,0,0,0,0,0,0,23000,0,0,0,154000,131000,23000,23000
061997,台郡元大9B購03  ,0,0,0,0,0,0,0,0,0,23000,0,0,0,77000,54000,23000,23000
6224,聚鼎            ,166000,143000,23000,0,0,0,0,0,0,0,0,0,0,0,0,0,23000
3665,貿聯-KY         ,257172,170000,87172,0,0,0,10000,56000,-46000,-19000,17000,3000,14000,7000,40000,-33000,22172
063618,智邦兆豐9C購01  ,0,0,0,0,0,0,0,0,0,22000,0,0,0,22000,0,22000,22000
07849P,大立光群益9A售06,0,0,0,0,0,0,0,0,0,22000,0,0,0,22000,0,22000,22000
07145P,為升元大99售03  ,0,0,0,0,0,0,0,0,0,22000,0,0,0,22000,0,22000,22000
2114,鑫永銓          ,35000,12000,23000,0,0,0,0,0,0,-1000,0,1000,-1000,0,0,0,22000
1737,臺鹽            ,38000,17000,21000,0,0,0,0,0,0,1000,2000,1000,1000,0,0,0,22000
08291P,智邦台新9C售02  ,0,0,0,0,0,0,0,0,0,22000,0,0,0,50000,28000,22000,22000
1414,東和            ,22000,0,22000,0,0,0,0,0,0,0,0,0,0,0,0,0,22000
08852P,台灣50台新01售01,0,0,0,0,0,0,0,0,0,22000,0,0,0,22000,0,22000,22000
056279,新日興富邦99購01,0,0,0,0,0,0,0,0,0,22000,0,0,0,82000,60000,22000,22000
056811,健策統一9B購01  ,0,0,0,0,0,0,0,0,0,22000,0,0,0,23000,1000,22000,22000
058456,京鼎永豐99購01  ,0,0,0,0,0,0,0,0,0,22000,0,0,0,60000,38000,22000,22000
058290,南電國票9A購01  ,0,0,0,0,0,0,0,0,0,22000,0,0,0,29000,7000,22000,22000
056721,台灣50永昌9A購01,0,0,0,0,0,0,0,0,0,22000,0,0,0,22000,0,22000,22000
059767,矽力永豐99購01  ,0,0,0,0,0,0,0,0,0,22000,0,0,0,22000,0,22000,22000
058802,矽創元大99購02  ,0,0,0,0,0,0,0,0,0,22000,0,0,0,77000,55000,22000,22000
060453,儒鴻元大9A購02  ,0,0,0,0,0,0,0,0,0,22000,0,0,0,55000,33000,22000,22000
060227,和大元大9A購01  ,0,0,0,0,0,0,0,0,0,22000,0,0,0,32000,10000,22000,22000
056849,瀚宇博元富98購01,0,0,0,0,0,0,0,0,0,22000,0,0,0,28000,6000,22000,22000
058876,南電國票9A購02  ,0,0,0,0,0,0,0,0,0,22000,0,0,0,27000,5000,22000,22000
056921,京元電兆豐98購01,0,0,0,0,0,0,0,0,0,22000,0,0,0,91000,69000,22000,22000
059200,京鼎永豐99購02  ,0,0,0,0,0,0,0,0,0,22000,0,0,0,22000,0,22000,22000
057390,台表科永豐98購01,0,0,0,0,0,0,0,0,0,22000,0,0,0,32000,10000,22000,22000
057379,寶成元大98購02  ,0,0,0,0,0,0,0,0,0,22000,0,0,0,23000,1000,22000,22000
057143,台郡兆豐98購01  ,0,0,0,0,0,0,0,0,0,22000,0,0,0,22000,0,22000,22000
061563,群創國票9B購02  ,0,0,0,0,0,0,0,0,0,22000,0,0,0,60000,38000,22000,22000
061544,大毅群益9B購02  ,0,0,0,0,0,0,0,0,0,22000,0,0,0,53000,31000,22000,22000
060890,大立光統一01購01,0,0,0,0,0,0,0,0,0,22000,0,0,0,97000,75000,22000,22000
061059,世芯國票9B購01  ,0,0,0,0,0,0,0,0,0,22000,0,0,0,52000,30000,22000,22000
060987,華新科元大9A購11,0,0,0,0,0,0,0,0,0,22000,0,0,0,33000,11000,22000,22000
061232,和大元大9A購03  ,0,0,0,0,0,0,0,0,0,22000,0,0,0,100000,78000,22000,22000
061264,全新凱基9B購01  ,0,0,0,0,0,0,0,0,0,22000,0,0,0,37000,15000,22000,22000
061318,智邦凱基9B購01  ,0,0,0,0,0,0,0,0,0,22000,0,0,0,171000,149000,22000,22000
061416,聯茂群益9A購01  ,0,0,0,0,0,0,0,0,0,22000,0,0,0,32000,10000,22000,22000
062819,奇鋐兆豐9B購01  ,0,0,0,0,0,0,0,0,0,22000,0,0,0,59000,37000,22000,22000
4526,東台            ,44000,24000,20000,0,0,0,0,0,0,2000,2000,0,2000,0,0,0,22000
2881A,富邦特          ,22000,0,22000,0,0,0,0,0,0,0,0,0,0,0,0,0,22000
1806,冠軍            ,30000,9000,21000,0,0,0,0,0,0,0,0,0,0,0,0,0,21000
07865P,可成元大9B售02  ,0,0,0,0,0,0,0,0,0,21000,0,0,0,53000,32000,21000,21000
063562,國巨元大9C購06  ,0,0,0,0,0,0,0,0,0,21000,0,0,0,21000,0,21000,21000
064033,茂林元大9C購02  ,0,0,0,0,0,0,0,0,0,21000,0,0,0,31000,10000,21000,21000
064183,聯茂富邦01購01  ,0,0,0,0,0,0,0,0,0,21000,0,0,0,21000,0,21000,21000
06438P,玉晶光國票99售02,0,0,0,0,0,0,0,0,0,21000,0,0,0,39000,18000,21000,21000
054371,台積電中信9C購01,0,0,0,0,0,0,0,0,0,21000,0,0,0,31000,10000,21000,21000
052624,微星亞東97購01  ,0,0,0,0,0,0,0,0,0,21000,0,0,0,32000,11000,21000,21000
045054,聯發科元富98購02,0,0,0,0,0,0,0,0,0,21000,0,0,0,21000,0,21000,21000
050790,昇陽半國泰96購02,0,0,0,0,0,0,0,0,0,21000,0,0,0,21000,0,21000,21000
058487,晶技國票9A購01  ,0,0,0,0,0,0,0,0,0,21000,0,0,0,27000,6000,21000,21000
056020,義隆群益97購01  ,0,0,0,0,0,0,0,0,0,21000,0,0,0,25000,4000,21000,21000
054932,台肥元大97購01  ,0,0,0,0,0,0,0,0,0,21000,0,0,0,311000,290000,21000,21000
057606,健策統一98購03  ,0,0,0,0,0,0,0,0,0,21000,0,0,0,101000,80000,21000,21000
056895,技嘉元大98購01  ,0,0,0,0,0,0,0,0,0,21000,0,0,0,69000,48000,21000,21000
056979,微星群益98購01  ,1000,0,1000,0,0,0,0,0,0,20000,0,0,0,21000,1000,20000,21000
058961,台灣50兆豐9C購01,0,0,0,0,0,0,0,0,0,21000,0,0,0,21000,0,21000,21000
059217,台積電元大99購30,0,0,0,0,0,0,0,0,0,21000,0,0,0,26000,5000,21000,21000
059031,元石油中信03購01,0,0,0,0,0,0,0,0,0,21000,0,0,0,61000,40000,21000,21000
058792,鴻海元大99購18  ,0,0,0,0,0,0,0,0,0,21000,0,0,0,37000,16000,21000,21000
059728,聯鈞元大99購01  ,0,0,0,0,0,0,0,0,0,21000,0,0,0,33000,12000,21000,21000
063409,GIS國票9C購02   ,0,0,0,0,0,0,0,0,0,21000,0,0,0,21000,0,21000,21000
062501,台積電群益9C購03,0,0,0,0,0,0,0,0,0,21000,0,0,0,140000,119000,21000,21000
062476,神隆國票9B購01  ,0,0,0,0,0,0,0,0,0,21000,0,0,0,21000,0,21000,21000
062208,旭富國票9C購01  ,0,0,0,0,0,0,0,0,0,21000,0,0,0,21000,0,21000,21000
062363,燿華元大9B購03  ,0,0,0,0,0,0,0,0,0,21000,0,0,0,107000,86000,21000,21000
060961,台光電凱基9A購03,0,0,0,0,0,0,0,0,0,21000,0,0,0,30000,9000,21000,21000
062094,台積電富邦9C購12,0,0,0,0,0,0,0,0,0,21000,0,0,0,21000,0,21000,21000
062066,元黃金元大9B購01,0,0,0,0,0,0,0,0,0,21000,0,0,0,22000,1000,21000,21000
3046,建碁            ,27000,7000,20000,0,0,0,0,0,0,1000,1000,0,1000,0,0,0,21000
6216,居易            ,23000,2000,21000,0,0,0,0,0,0,0,0,0,0,0,0,0,21000
8070,長華*           ,26000,15000,11000,0,0,0,0,0,0,10000,10000,0,10000,0,0,0,21000
9902,台火            ,25000,4000,21000,0,0,0,0,0,0,0,0,0,0,0,0,0,21000
064104,TPK群益9C購02   ,0,0,0,0,0,0,0,0,0,20000,0,0,0,68000,48000,20000,20000
06851P,鈺齊元大98售01  ,0,0,0,0,0,0,0,0,0,20000,0,0,0,38000,18000,20000,20000
06737P,台郡凱基98售07  ,0,0,0,0,0,0,0,0,0,20000,0,0,0,39000,19000,20000,20000
06632P,創意群益98售03  ,0,0,0,0,0,0,0,0,0,20000,0,0,0,100000,80000,20000,20000
07008P,台郡中信99售02  ,0,0,0,0,0,0,0,0,0,20000,0,0,0,20000,0,20000,20000
06880P,鈺齊凱基98售03  ,0,0,0,0,0,0,0,0,0,20000,0,0,0,20000,0,20000,20000
06929P,鴻海元大99售11  ,0,0,0,0,0,0,0,0,0,20000,0,0,0,70000,50000,20000,20000
063944,建準元大9C購01  ,0,0,0,0,0,0,0,0,0,20000,0,0,0,22000,2000,20000,20000
06350P,臺股指台新99售02,0,0,0,0,0,0,0,0,0,20000,0,0,0,20000,0,20000,20000
07868P,健策元大9B售05  ,0,0,0,0,0,0,0,0,0,20000,0,0,0,20000,0,20000,20000
07719P,臺股指群益9A售08,0,0,0,0,0,0,0,0,0,20000,0,0,0,125000,105000,20000,20000
07795P,美律國票9A售03  ,0,0,0,0,0,0,0,0,0,20000,0,0,0,20000,0,20000,20000
07796P,聯發科國票9A售03,0,0,0,0,0,0,0,0,0,20000,0,0,0,20000,0,20000,20000
07804P,美律永豐9A售02  ,0,0,0,0,0,0,0,0,0,20000,0,0,0,20000,0,20000,20000
08067P,大立光凱基9B售08,0,0,0,0,0,0,0,0,0,20000,0,0,0,20000,0,20000,20000
07966P,瑞祺群益9B售02  ,0,0,0,0,0,0,0,0,0,20000,0,0,0,21000,1000,20000,20000
07295P,滬深2X元富9C售09,0,0,0,0,0,0,0,0,0,20000,0,0,0,20000,0,20000,20000
07344P,鴻海富邦9A售03  ,0,0,0,0,0,0,0,0,0,20000,0,0,0,20000,0,20000,20000
07579P,聯茂元大9A售01  ,0,0,0,0,0,0,0,0,0,20000,0,0,0,108000,88000,20000,20000
08314P,國巨元大9C售14  ,0,0,0,0,0,0,0,0,0,20000,0,0,0,50000,30000,20000,20000
08172P,台積電凱基03售02,0,0,0,0,0,0,0,0,0,20000,0,0,0,20000,0,20000,20000
056146,台虹元大98購01  ,0,0,0,0,0,0,0,0,0,20000,0,0,0,20000,0,20000,20000
054976,上証2X元富9A購01,0,0,0,0,0,0,0,0,0,20000,0,0,0,20000,0,20000,20000
054697,凌華永豐97購01  ,0,0,0,0,0,0,0,0,0,20000,0,0,0,20000,0,20000,20000
056049,奇力新國票98購01,0,0,0,0,0,0,0,0,0,20000,0,0,0,20000,0,20000,20000
055960,義隆元大97購01  ,0,0,0,0,0,0,0,0,0,20000,0,0,0,24000,4000,20000,20000
058192,訊芯永豐99購01  ,0,0,0,0,0,0,0,0,0,20000,0,0,0,20000,0,20000,20000
058310,大立光元大99購10,0,0,0,0,0,0,0,0,0,20000,0,0,0,20000,0,20000,20000
056786,亞光群益98購03  ,0,0,0,0,0,0,0,0,0,20000,0,0,0,20000,0,20000,20000
055736,宏達電元富99購01,0,0,0,0,0,0,0,0,0,20000,0,0,0,20000,0,20000,20000
055146,華通元大98購04  ,0,0,0,0,0,0,0,0,0,20000,0,0,0,20000,0,20000,20000
055091,微星群益97購01  ,0,0,0,0,0,0,0,0,0,20000,0,0,0,30000,10000,20000,20000
05511P,T50反1台新06售01,0,0,0,0,0,0,0,0,0,20000,0,0,0,20000,0,20000,20000
055394,健策統一97購01  ,0,0,0,0,0,0,0,0,0,20000,0,0,0,20000,0,20000,20000
054856,得力群益99購01  ,0,0,0,0,0,0,0,0,0,20000,0,0,0,70000,50000,20000,20000
054834,帆宣中信97購01  ,0,0,0,0,0,0,0,0,0,20000,0,0,0,20000,0,20000,20000
054925,神達凱基97購01  ,0,0,0,0,0,0,0,0,0,20000,0,0,0,20000,0,20000,20000
056437,台積電凱基98購11,0,0,0,0,0,0,0,0,0,20000,0,0,0,30000,10000,20000,20000
056424,泰碩統一98購01  ,0,0,0,0,0,0,0,0,0,20000,0,0,0,20000,0,20000,20000
056433,鴻海凱基98購09  ,0,0,0,0,0,0,0,0,0,20000,0,0,0,30000,10000,20000,20000
056568,台表科群益98購01,0,0,0,0,0,0,0,0,0,20000,0,0,0,20000,0,20000,20000
056214,義隆國票99購01  ,0,0,0,0,0,0,0,0,0,20000,0,0,0,20000,0,20000,20000
056521,群創日盛98購01  ,0,0,0,0,0,0,0,0,0,20000,0,0,0,80000,60000,20000,20000
050633,義隆群益96購02  ,0,0,0,0,0,0,0,0,0,20000,0,0,0,20000,0,20000,20000
020000,富邦特選蘋果N   ,0,0,0,0,0,0,0,0,0,20000,0,0,0,88000,68000,20000,20000
00866,新光Shiller CAPE,0,0,0,0,0,0,0,0,0,20000,0,0,0,46000,26000,20000,20000
051530,鴻海國票97購01  ,0,0,0,0,0,0,0,0,0,20000,0,0,0,20000,0,20000,20000
051700,深中小群益99購04,0,0,0,0,0,0,0,0,0,20000,0,0,0,20000,0,20000,20000
051607,緯創群益96購02  ,0,0,0,0,0,0,0,0,0,20000,0,0,0,20000,0,20000,20000
051355,聯發科元大96購01,0,0,0,0,0,0,0,0,0,20000,0,0,0,20000,0,20000,20000
051733,中環國票96購02  ,0,0,0,0,0,0,0,0,0,20000,0,0,0,20000,0,20000,20000
051756,台積電元大97購04,0,0,0,0,0,0,0,0,0,20000,0,0,0,20000,0,20000,20000
03875P,滬深2X國票05售01,0,0,0,0,0,0,0,0,0,20000,0,0,0,23000,3000,20000,20000
045053,聯發科元富98購01,0,0,0,0,0,0,0,0,0,20000,0,0,0,20000,0,20000,20000
047674,群創元富96購02  ,0,0,0,0,0,0,0,0,0,20000,0,0,0,20000,0,20000,20000
049695,新光金元大9A購01,0,0,0,0,0,0,0,0,0,20000,0,0,0,20000,0,20000,20000
050049,華通群益96購01  ,0,0,0,0,0,0,0,0,0,20000,0,0,0,20000,0,20000,20000
052396,台積電凱基97購01,0,0,0,0,0,0,0,0,0,20000,0,0,0,20000,0,20000,20000
052234,GIS凱基97購01   ,0,0,0,0,0,0,0,0,0,20000,0,0,0,20000,0,20000,20000
054263,聯茂元大96購02  ,0,0,0,0,0,0,0,0,0,20000,0,0,0,20000,0,20000,20000
054229,超眾元富96購05  ,0,0,0,0,0,0,0,0,0,20000,0,0,0,23000,3000,20000,20000
054197,台積電永昌96購07,0,0,0,0,0,0,0,0,0,20000,0,0,0,520000,500000,20000,20000
055679,華通凱基99購01  ,0,0,0,0,0,0,0,0,0,20000,0,0,0,20000,0,20000,20000
056639,國產康和98購01  ,0,0,0,0,0,0,0,0,0,20000,0,0,0,28000,8000,20000,20000
055466,台達電凱基97購03,0,0,0,0,0,0,0,0,0,20000,0,0,0,20000,0,20000,20000
055479,GIS凱基97購04   ,0,0,0,0,0,0,0,0,0,20000,0,0,0,20000,0,20000,20000
055502,群創元大9C購03  ,0,0,0,0,0,0,0,0,0,20000,0,0,0,20000,0,20000,20000
056619,強茂永豐98購01  ,0,0,0,0,0,0,0,0,0,20000,0,0,0,20000,0,20000,20000
055417,健策富邦98購02  ,0,0,0,0,0,0,0,0,0,20000,0,0,0,20000,0,20000,20000
052994,群創台新99購01  ,0,0,0,0,0,0,0,0,0,20000,0,0,0,20000,0,20000,20000
059805,台積電元富99購02,0,0,0,0,0,0,0,0,0,20000,0,0,0,20000,0,20000,20000
059807,大立光元富99購09,0,0,0,0,0,0,0,0,0,20000,0,0,0,20000,0,20000,20000
059853,超眾永豐99購03  ,0,0,0,0,0,0,0,0,0,20000,0,0,0,20000,0,20000,20000
059911,國巨元大99購27  ,0,0,0,0,0,0,0,0,0,20000,0,0,0,21000,1000,20000,20000
059913,台積電元大99購44,0,0,0,0,0,0,0,0,0,20000,0,0,0,20000,0,20000,20000
058783,臺股指國票99購02,0,0,0,0,0,0,0,0,0,20000,0,0,0,20000,0,20000,20000
058767,亞德客兆豐99購01,0,0,0,0,0,0,0,0,0,20000,0,0,0,20000,0,20000,20000
058029,台灣50永豐9A購01,0,0,0,0,0,0,0,0,0,20000,0,0,0,20000,0,20000,20000
058069,美律凱基99購05  ,0,0,0,0,0,0,0,0,0,20000,0,0,0,20000,0,20000,20000
057314,全新麥證98購01  ,0,0,0,20000,0,20000,0,0,0,20000,0,0,0,20000,0,20000,20000
057995,華新科中信98購02,0,0,0,0,0,0,0,0,0,20000,0,0,0,80000,60000,20000,20000
060222,貿聯凱基9A購02  ,0,0,0,0,0,0,0,0,0,20000,0,0,0,20000,0,20000,20000
060187,華新科元富9A購02,0,0,0,0,0,0,0,0,0,20000,0,0,0,20000,0,20000,20000
060343,台積電統一9C購02,0,0,0,0,0,0,0,0,0,20000,0,0,0,20000,0,20000,20000
060389,世紀鋼凱基9B購02,0,0,0,0,0,0,0,0,0,20000,0,0,0,45000,25000,20000,20000
060333,金寶康和9A購01  ,0,0,0,0,0,0,0,0,0,20000,0,0,0,50000,30000,20000,20000
060301,國巨富邦9C購02  ,0,0,0,0,0,0,0,0,0,20000,0,0,0,20000,0,20000,20000
060160,聯陽永豐9A購01  ,0,0,0,0,0,0,0,0,0,20000,0,0,0,20000,0,20000,20000
060035,臺股指永豐99購04,0,0,0,0,0,0,0,0,0,20000,0,0,0,20000,0,20000,20000
060527,台積電中信9C購04,0,0,0,0,0,0,0,0,0,20000,0,0,0,20000,0,20000,20000
060541,正隆凱基9A購01  ,0,0,0,0,0,0,0,0,0,20000,0,0,0,20000,0,20000,20000
06058P,玉晶光凱基97售04,0,0,0,0,0,0,0,0,0,20000,0,0,0,20000,0,20000,20000
060615,T50反1元大9A購07,0,0,0,0,0,0,0,0,0,20000,0,0,0,20000,0,20000,20000
060608,玉晶光凱基9A購08,0,0,0,0,0,0,0,0,0,20000,0,0,0,22000,2000,20000,20000
059033,元油2X群益9C購05,0,0,0,0,0,0,0,0,0,20000,0,0,0,20000,0,20000,20000
058981,國巨凱基99購10  ,0,0,0,0,0,0,0,0,0,20000,0,0,0,20000,0,20000,20000
059204,台灣50元大01購02,0,0,0,0,0,0,0,0,0,20000,0,0,0,20000,0,20000,20000
058957,貿聯國票9A購01  ,0,0,0,0,0,0,0,0,0,20000,0,0,0,20000,0,20000,20000
058863,可成凱基99購02  ,0,0,0,0,0,0,0,0,0,20000,0,0,0,20000,0,20000,20000
058396,力山元大99購01  ,0,0,0,0,0,0,0,0,0,20000,0,0,0,20000,0,20000,20000
058383,道瓊指中信9C購02,0,0,0,0,0,0,0,0,0,20000,0,0,0,20000,0,20000,20000
058348,台表科群益99購01,0,0,0,0,0,0,0,0,0,20000,0,0,0,20000,0,20000,20000
059453,奇力新永豐99購01,0,0,0,0,0,0,0,0,0,20000,0,0,0,20000,0,20000,20000
059349,台郡凱基99購04  ,0,0,0,0,0,0,0,0,0,20000,0,0,0,20000,0,20000,20000
059260,國巨中信99購05  ,0,0,0,0,0,0,0,0,0,20000,0,0,0,30000,10000,20000,20000
059265,美律中信01購01  ,0,0,0,0,0,0,0,0,0,20000,0,0,0,20000,0,20000,20000
057556,智易凱基99購01  ,0,0,0,0,0,0,0,0,0,20000,0,0,0,61000,41000,20000,20000
057407,超眾群益99購01  ,0,0,0,0,0,0,0,0,0,20000,0,0,0,20000,0,20000,20000
057476,國巨元大98購19  ,0,0,0,0,0,0,0,0,0,20000,0,0,0,20000,0,20000,20000
057131,奇力新凱基98購05,0,0,0,0,0,0,0,0,0,20000,0,0,0,20000,0,20000,20000
061836,華新科凱基05購01,0,0,0,0,0,0,0,0,0,20000,0,0,0,20000,0,20000,20000
061925,禾伸堂凱基9C購01,0,0,0,0,0,0,0,0,0,20000,0,0,0,20000,0,20000,20000
061528,超眾凱基9A購04  ,0,0,0,0,0,0,0,0,0,20000,0,0,0,20000,0,20000,20000
06150P,奇力新元大97售06,0,0,0,0,0,0,0,0,0,20000,0,0,0,20000,0,20000,20000
061570,瑞昱元大9A購05  ,0,0,0,0,0,0,0,0,0,20000,0,0,0,128000,108000,20000,20000
061622,臻鼎群益9A購01  ,0,0,0,0,0,0,0,0,0,20000,0,0,0,80000,60000,20000,20000
061785,奇力新群益9B購01,0,0,0,0,0,0,0,0,0,20000,0,0,0,20000,0,20000,20000
061694,玉山金群益9A購01,0,0,0,0,0,0,0,0,0,20000,0,0,0,22000,2000,20000,20000
060996,臻鼎元大9A購01  ,0,0,0,0,0,0,0,0,0,20000,0,0,0,20000,0,20000,20000
060815,茂林凱基9B購01  ,0,0,0,0,0,0,0,0,0,20000,0,0,0,61000,41000,20000,20000
060768,鴻海麥證9A購02  ,0,0,0,30000,10000,20000,0,0,0,20000,0,0,0,30000,10000,20000,20000
061447,鴻海中信04購02  ,0,0,0,0,0,0,0,0,0,20000,0,0,0,20000,0,20000,20000
061369,T50反1國泰9B購03,0,0,0,0,0,0,0,0,0,20000,0,0,0,20000,0,20000,20000
061140,華擎統一9C購01  ,0,0,0,0,0,0,0,0,0,20000,0,0,0,23000,3000,20000,20000
061120,台積電永豐9A購03,0,0,0,0,0,0,0,0,0,20000,0,0,0,20000,0,20000,20000
061183,友達國泰9B購02  ,0,0,0,0,0,0,0,0,0,20000,0,0,0,20000,0,20000,20000
062325,鴻海統一9B購05  ,0,0,0,0,0,0,0,0,0,20000,0,0,0,20000,0,20000,20000
062391,台達電富邦9C購01,0,0,0,0,0,0,0,0,0,20000,0,0,0,70000,50000,20000,20000
062298,國巨第一9B購01  ,0,0,0,0,0,0,0,0,0,20000,0,0,0,20000,0,20000,20000
062572,元金反群益9C購01,0,0,0,0,0,0,0,0,0,20000,0,0,0,32000,12000,20000,20000
06255P,臺股指群益97售08,0,0,0,0,0,0,0,0,0,20000,0,0,0,20000,0,20000,20000
062632,嘉晶國票9B購01  ,0,0,0,0,0,0,0,0,0,20000,0,0,0,29000,9000,20000,20000
062583,鴻海統一9C購12  ,0,0,0,0,0,0,0,0,0,20000,0,0,0,31000,11000,20000,20000
062664,群創群益9B購02  ,0,0,0,0,0,0,0,0,0,20000,0,0,0,20000,0,20000,20000
062643,緯穎國票9B購01  ,0,0,0,0,0,0,0,0,0,20000,0,0,0,30000,10000,20000,20000
063157,鴻海台新9B購02  ,0,0,0,0,0,0,0,0,0,20000,0,0,0,20000,0,20000,20000
06312P,樺漢元富97售02  ,0,0,0,0,0,0,0,0,0,20000,0,0,0,20000,0,20000,20000
062830,玉晶光群益01購05,0,0,0,0,0,0,0,0,0,20000,0,0,0,25000,5000,20000,20000
062894,道瓊銀元大9B購02,0,0,0,0,0,0,0,0,0,20000,0,0,0,30000,10000,20000,20000
063070,奇力新富邦01購01,0,0,0,0,0,0,0,0,0,20000,0,0,0,20000,0,20000,20000
063094,玉晶光國票01購03,0,0,0,0,0,0,0,0,0,20000,0,0,0,35000,15000,20000,20000
5533,皇鼎            ,33000,13000,20000,0,0,0,0,0,0,0,0,0,0,0,0,0,20000
1446,宏和            ,18000,1000,17000,0,0,0,0,0,0,2000,2000,0,2000,0,0,0,19000
1533,車王電          ,24000,5000,19000,0,0,0,0,0,0,0,0,0,0,0,0,0,19000
1459,聯發            ,20000,1000,19000,0,0,0,0,0,0,0,0,0,0,0,0,0,19000
07706P,長榮航元大9A售03,0,0,0,0,0,0,0,0,0,19000,0,0,0,49000,30000,19000,19000
08019P,緯穎國票9B售02  ,0,0,0,0,0,0,0,0,0,19000,0,0,0,19000,0,19000,19000
064071,台郡永豐9C購01  ,0,0,0,0,0,0,0,0,0,19000,0,0,0,19000,0,19000,19000
06494P,鴻海永昌98售03  ,0,0,0,0,0,0,0,0,0,19000,0,0,0,19000,0,19000,19000
052837,友達國泰97購01  ,0,0,0,0,0,0,0,0,0,19000,0,0,0,19000,0,19000,19000
056655,旺宏元大99購02  ,0,0,0,0,0,0,0,0,0,19000,0,0,0,87000,68000,19000,19000
055596,新光金元大9B購02,0,0,0,0,0,0,0,0,0,19000,0,0,0,19000,0,19000,19000
052342,茂林凱基96購01  ,0,0,0,0,0,0,0,0,0,19000,0,0,0,175000,156000,19000,19000
050915,健策中信98購01  ,0,0,0,0,0,0,0,0,0,19000,0,0,0,60000,41000,19000,19000
055820,矽力國票98購02  ,0,0,0,0,0,0,0,0,0,19000,0,0,0,19000,0,19000,19000
058159,健策台新9A購01  ,0,0,0,0,0,0,0,0,0,19000,0,0,0,26000,7000,19000,19000
056227,奇力新凱基98購04,0,0,0,0,0,0,0,0,0,19000,0,0,0,49000,30000,19000,19000
059266,緯創中信01購01  ,0,0,0,0,0,0,0,0,0,19000,0,0,0,20000,1000,19000,19000
057748,華通國票98購04  ,0,0,0,0,0,0,0,0,0,19000,0,0,0,36000,17000,19000,19000
059957,中信金康和99購01,0,0,0,0,0,0,0,0,0,19000,0,0,0,19000,0,19000,19000
062939,奇力新凱基9B購02,0,0,0,0,0,0,0,0,0,19000,0,0,0,20000,1000,19000,19000
063224,泰鼎群益9B購02  ,0,0,0,0,0,0,0,0,0,19000,0,0,0,19000,0,19000,19000
062747,立積永豐9B購01  ,0,0,0,0,0,0,0,0,0,19000,0,0,0,158000,139000,19000,19000
062173,世紀鋼永豐9B購01,0,0,0,0,0,0,0,0,0,19000,0,0,0,85000,66000,19000,19000
061182,南六凱基9A購01  ,0,0,0,0,0,0,0,0,0,19000,0,0,0,19000,0,19000,19000
061134,大成鋼統一9C購01,0,0,0,0,0,0,0,0,0,19000,0,0,0,48000,29000,19000,19000
061365,國巨國票9B購05  ,0,0,0,0,0,0,0,0,0,19000,0,0,0,25000,6000,19000,19000
061742,奇鋐凱基9B購01  ,0,0,0,0,0,0,0,0,0,19000,0,0,0,20000,1000,19000,19000
2706,第一店          ,74000,55000,19000,0,0,0,0,0,0,0,0,0,0,0,0,0,19000
3607,谷崧            ,32000,14000,18000,0,0,0,0,0,0,1000,1000,0,1000,0,0,0,19000
3062,建漢            ,231000,213000,18000,0,0,0,0,0,0,1000,2000,1000,1000,0,0,0,19000
06779P,智邦元大98售12  ,0,0,0,0,0,0,0,0,0,18000,0,0,0,68000,50000,18000,18000
08095P,大立光元富9B售03,0,0,0,0,0,0,0,0,0,18000,0,0,0,42000,24000,18000,18000
07526P,臺股指中信9B售08,0,0,0,0,0,0,0,0,0,18000,0,0,0,18000,0,18000,18000
1454,台富            ,14000,0,14000,0,0,0,0,0,0,4000,4000,0,4000,0,0,0,18000
1529,樂士            ,36000,18000,18000,0,0,0,0,0,0,0,0,0,0,0,0,0,18000
2427,三商電          ,34000,16000,18000,0,0,0,0,0,0,0,0,0,0,0,0,0,18000
2431,聯昌            ,42000,24000,18000,0,0,0,0,0,0,0,0,0,0,0,0,0,18000
054755,世紀鋼凱基98購01,0,0,0,0,0,0,0,0,0,18000,0,0,0,74000,56000,18000,18000
058462,台積電兆豐99購01,0,0,0,0,0,0,0,0,0,18000,0,0,0,18000,0,18000,18000
055764,臺股指群益97購02,0,0,0,0,0,0,0,0,0,18000,0,0,0,18000,0,18000,18000
055773,瑞昱凱基97購03  ,0,0,0,0,0,0,0,0,0,18000,0,0,0,48000,30000,18000,18000
056518,美律國票99購01  ,0,0,0,0,0,0,0,0,0,18000,0,0,0,18000,0,18000,18000
05588P,群創兆豐97售02  ,0,0,0,0,0,0,0,0,0,18000,0,0,0,18000,0,18000,18000
051484,玉晶光凱基97購01,0,0,0,0,0,0,0,0,0,18000,0,0,0,91000,73000,18000,18000
049584,台積電元大96購04,0,0,0,0,0,0,0,0,0,18000,0,0,0,19000,1000,18000,18000
053863,聯發科元大96購18,0,0,0,0,0,0,0,0,0,18000,0,0,0,18000,0,18000,18000
055437,禾伸堂中信99購01,0,0,0,0,0,0,0,0,0,18000,0,0,0,107000,89000,18000,18000
060450,南亞元大9A購02  ,0,0,0,0,0,0,0,0,0,18000,0,0,0,128000,110000,18000,18000
060433,億豐永豐9A購01  ,0,0,0,0,0,0,0,0,0,18000,0,0,0,101000,83000,18000,18000
059436,大立光元大99購18,0,0,0,0,0,0,0,0,0,18000,0,0,0,18000,0,18000,18000
057136,立積凱基98購02  ,0,0,0,0,0,0,0,0,0,18000,0,0,0,43000,25000,18000,18000
057366,智邦元大98購08  ,0,0,0,0,0,0,0,0,0,18000,0,0,0,21000,3000,18000,18000
057436,義隆國票99購02  ,0,0,0,0,0,0,0,0,0,18000,0,0,0,24000,6000,18000,18000
061262,智邦凱基9A購02  ,0,0,0,0,0,0,0,0,0,18000,0,0,0,18000,0,18000,18000
060896,晶技凱基9A購02  ,0,0,0,0,0,0,0,0,0,18000,0,0,0,34000,16000,18000,18000
062368,聯詠元大9B購01  ,0,0,0,0,0,0,0,0,0,18000,0,0,0,59000,41000,18000,18000
062641,瀚宇博國票9B購01,0,0,0,0,0,0,0,0,0,18000,0,0,0,20000,2000,18000,18000
063260,信邦富邦9B購01  ,0,0,0,0,0,0,0,0,0,18000,0,0,0,22000,4000,18000,18000
1219,福壽            ,25000,8000,17000,0,0,0,0,0,0,0,0,0,0,0,0,0,17000
07546P,玉晶光凱基9A售09,0,0,0,0,0,0,0,0,0,17000,0,0,0,49000,32000,17000,17000
07276P,臺股指群益99售19,0,0,0,0,0,0,0,0,0,17000,0,0,0,30000,13000,17000,17000
08009P,華擎統一9B售02  ,0,0,0,0,0,0,0,0,0,17000,0,0,0,18000,1000,17000,17000
07875P,祥碩群益9B售01  ,0,0,0,0,0,0,0,0,0,17000,0,0,0,22000,5000,17000,17000
06705P,臻鼎元富98售03  ,0,0,0,0,0,0,0,0,0,17000,0,0,0,45000,28000,17000,17000
06962P,華新科永豐99售01,0,0,0,0,0,0,0,0,0,17000,0,0,0,81000,64000,17000,17000
051432,群創元富99購03  ,0,0,0,0,0,0,0,0,0,17000,0,0,0,19000,2000,17000,17000
055804,祥碩永豐97購02  ,0,0,0,0,0,0,0,0,0,17000,0,0,0,44000,27000,17000,17000
055229,大毅國票97購02  ,0,0,0,0,0,0,0,0,0,17000,0,0,0,48000,31000,17000,17000
058481,玉晶光凱基9A購04,0,0,0,0,0,0,0,0,0,17000,0,0,0,22000,5000,17000,17000
058588,致茂中信9B購01  ,0,0,0,0,0,0,0,0,0,17000,0,0,0,143000,126000,17000,17000
059343,宏達電凱基99購04,0,0,0,0,0,0,0,0,0,17000,0,0,0,131000,114000,17000,17000
057778,大立光群益98購02,0,0,0,0,0,0,0,0,0,17000,0,0,0,17000,0,17000,17000
058865,群創凱基01購01  ,0,0,0,0,0,0,0,0,0,17000,0,0,0,87000,70000,17000,17000
058143,瑞儀元大99購02  ,0,0,0,0,0,0,0,0,0,17000,0,0,0,17000,0,17000,17000
058734,康友永豐99購01  ,0,0,0,0,0,0,0,0,0,17000,0,0,0,20000,3000,17000,17000
058759,義隆群益99購01  ,0,0,0,0,0,0,0,0,0,17000,0,0,0,20000,3000,17000,17000
062704,大毅元大9C購01  ,0,0,0,0,0,0,0,0,0,17000,0,0,0,43000,26000,17000,17000
062711,台表科元大9B購05,0,0,0,0,0,0,0,0,0,17000,0,0,0,59000,42000,17000,17000
060745,京元電國票9A購01,0,0,0,0,0,0,0,0,0,17000,0,0,0,57000,40000,17000,17000
061229,緯穎中信9B購01  ,0,0,0,0,0,0,0,0,0,17000,0,0,0,41000,24000,17000,17000
061730,旺宏統一01購02  ,0,0,0,0,0,0,0,0,0,17000,0,0,0,47000,30000,17000,17000
061625,聯茂群益9A購02  ,0,0,0,0,0,0,0,0,0,17000,0,0,0,17000,0,17000,17000
2539,櫻花建          ,51000,34000,17000,0,0,0,0,0,0,0,0,0,0,0,0,0,17000
3011,今皓            ,20000,3000,17000,0,0,0,0,0,0,0,0,0,0,0,0,0,17000
07074P,FBVIX凱基9A售01 ,0,0,0,0,0,0,0,0,0,16000,0,0,0,16000,0,16000,16000
06616P,國巨元大98售15  ,0,0,0,0,0,0,0,0,0,16000,0,0,0,16000,0,16000,16000
063883,超眾元富9C購02  ,0,0,0,0,0,0,0,0,0,16000,0,0,0,41000,25000,16000,16000
07374P,鴻海元大99售41  ,0,0,0,0,0,0,0,0,0,16000,0,0,0,16000,0,16000,16000
1437,勤益控          ,17000,1000,16000,0,0,0,0,0,0,0,0,0,0,0,0,0,16000
1419,新紡            ,21000,5000,16000,0,0,0,0,0,0,0,0,0,0,0,0,0,16000
2231,為升            ,153000,96000,57000,0,0,0,0,0,0,-41000,3000,40000,-37000,0,4000,-4000,16000
058608,華新科元大99購13,0,0,0,0,0,0,0,0,0,16000,0,0,0,16000,0,16000,16000
058331,鴻海元富99購02  ,0,0,0,0,0,0,0,0,0,16000,0,0,0,16000,0,16000,16000
054704,玉晶光第一97購01,0,0,0,0,0,0,0,0,0,16000,0,0,0,16000,0,16000,16000
056121,勤誠群益97購01  ,0,0,0,0,0,0,0,0,0,16000,0,0,0,60000,44000,16000,16000
056818,正崴永豐98購01  ,0,0,0,0,0,0,0,0,0,16000,0,0,0,49000,33000,16000,16000
051488,健策凱基96購04  ,0,0,0,0,0,0,0,0,0,16000,0,0,0,16000,0,16000,16000
00675L,富邦臺灣加權正2 ,29000,23000,6000,0,0,0,0,0,0,10000,0,0,0,115000,105000,10000,16000
006203,元大MSCI台灣    ,0,0,0,0,0,0,0,0,0,16000,0,0,0,17000,1000,16000,16000
053953,群創台新97購01  ,0,0,0,0,0,0,0,0,0,16000,0,0,0,16000,0,16000,16000
054020,技嘉台新97購01  ,0,0,0,0,0,0,0,0,0,16000,0,0,0,16000,0,16000,16000
053865,欣興元大97購02  ,0,0,0,0,0,0,0,0,0,16000,0,0,0,62000,46000,16000,16000
05306P,泰碩國泰97售01  ,0,0,0,0,0,0,0,0,0,16000,0,0,0,46000,30000,16000,16000
056669,貿聯國票99購01  ,0,0,0,0,0,0,0,0,0,16000,0,0,0,16000,0,16000,16000
059661,大立光元大99購22,0,0,0,0,0,0,0,0,0,16000,0,0,0,16000,0,16000,16000
057211,鴻海群益98購05  ,0,0,0,0,0,0,0,0,0,16000,0,0,0,129000,113000,16000,16000
060478,南電元大9A購01  ,0,0,0,0,0,0,0,0,0,16000,0,0,0,81000,65000,16000,16000
060030,晶相光永豐99購03,0,0,0,0,0,0,0,0,0,16000,0,0,0,58000,42000,16000,16000
057868,大立光凱基98購18,0,0,0,0,0,0,0,0,0,16000,0,0,0,17000,1000,16000,16000
057106,美律群益98購03  ,0,0,0,0,0,0,0,0,0,16000,0,0,0,215000,199000,16000,16000
061787,華新科群益9C購01,0,0,0,0,0,0,0,0,0,16000,0,0,0,60000,44000,16000,16000
061597,南六永豐9A購04  ,0,0,0,0,0,0,0,0,0,16000,0,0,0,36000,20000,16000,16000
061940,世紀鋼國票9C購01,0,0,0,0,0,0,0,0,0,16000,0,0,0,22000,6000,16000,16000
061349,嘉澤元大9A購02  ,0,0,0,0,0,0,0,0,0,16000,0,0,0,71000,55000,16000,16000
060823,旺宏元大9A購05  ,0,0,0,0,0,0,0,0,0,16000,0,0,0,16000,0,16000,16000
060941,台積電國票9B購04,0,0,0,0,0,0,0,0,0,16000,0,0,0,16000,0,16000,16000
060932,南六永豐9A購02  ,0,0,0,0,0,0,0,0,0,16000,0,0,0,16000,0,16000,16000
062362,致茂元大9B購01  ,0,0,0,0,0,0,0,0,0,16000,0,0,0,66000,50000,16000,16000
062451,瀚宇博元大9B購02,0,0,0,0,0,0,0,0,0,16000,0,0,0,106000,90000,16000,16000
063406,麗豐國票9C購01  ,0,0,0,0,0,0,0,0,0,16000,0,0,0,16000,0,16000,16000
06327P,台積電中信01售01,0,0,0,0,0,0,0,0,0,16000,0,0,0,30000,14000,16000,16000
062860,華擎國票9B購02  ,0,0,0,0,0,0,0,0,0,16000,0,0,0,22000,6000,16000,16000
8473,山林水          ,22000,8000,14000,0,0,0,0,0,0,2000,2000,0,2000,0,0,0,16000
8114,振樺電          ,17000,2000,15000,0,0,0,0,0,0,1000,1000,0,1000,0,0,0,16000
2233,宇隆            ,28000,22000,6000,0,0,0,0,0,0,9000,68000,59000,9000,0,0,0,15000
2069,運錩            ,18000,3000,15000,0,0,0,0,0,0,0,0,0,0,0,0,0,15000
1108,幸福            ,20000,5000,15000,0,0,0,0,0,0,0,0,0,0,0,0,0,15000
1232,大統益          ,17000,2000,15000,0,0,0,0,0,0,0,0,0,0,0,0,0,15000
07225P,台積電元大99售33,0,0,0,0,0,0,0,0,0,15000,0,0,0,15000,0,15000,15000
063837,亞德客元大01購01,0,0,0,0,0,0,0,0,0,15000,0,0,0,30000,15000,15000,15000
063423,聯詠凱基9C購02  ,0,0,0,0,0,0,0,0,0,15000,0,0,0,15000,0,15000,15000
063675,亞德客國泰01購01,0,0,0,0,0,0,0,0,0,15000,0,0,0,100000,85000,15000,15000
063688,建準永豐9B購03  ,0,0,0,0,0,0,0,0,0,15000,0,0,0,15000,0,15000,15000
06886P,旺宏元大99售07  ,0,0,0,0,0,0,0,0,0,15000,0,0,0,15000,0,15000,15000
06692P,瑞昱凱基98售03  ,0,0,0,0,0,0,0,0,0,15000,0,0,0,35000,20000,15000,15000
06622P,牧德元大98售01  ,0,0,0,0,0,0,0,0,0,15000,0,0,0,15000,0,15000,15000
06735P,奇力新凱基98售07,0,0,0,0,0,0,0,0,0,15000,0,0,0,15000,0,15000,15000
053063,力山群益98購01  ,0,0,0,0,0,0,0,0,0,15000,0,0,0,15000,0,15000,15000
053013,台積電統一97購01,0,0,0,0,0,0,0,0,0,15000,0,0,0,48000,33000,15000,15000
055509,訊芯元大97購03  ,0,0,0,0,0,0,0,0,0,15000,0,0,0,15000,0,15000,15000
052594,友訊群益98購01  ,0,0,0,0,0,0,0,0,0,15000,0,0,0,15000,0,15000,15000
052729,國巨國泰97購03  ,0,0,0,0,0,0,0,0,0,15000,0,0,0,15000,0,15000,15000
053969,瑞昱元大97購01  ,0,0,0,0,0,0,0,0,0,15000,0,0,0,15000,0,15000,15000
053971,聯發科元大97購09,0,0,0,0,0,0,0,0,0,15000,0,0,0,15000,0,15000,15000
050344,鴻海元富96購01  ,0,0,0,0,0,0,0,0,0,15000,0,0,0,15000,0,15000,15000
047420,全新富邦97購01  ,0,0,0,0,0,0,0,0,0,15000,0,0,0,15000,0,15000,15000
054244,華新元大96購01  ,0,0,0,0,0,0,0,0,0,15000,0,0,0,150000,135000,15000,15000
054214,京鼎國票97購02  ,0,0,0,0,0,0,0,0,0,15000,0,0,0,15000,0,15000,15000
050797,聯發科中信99購01,0,0,0,0,0,0,0,0,0,15000,0,0,0,15000,0,15000,15000
00685L,群益臺灣加權正2 ,0,0,0,0,0,0,0,0,0,15000,0,0,0,19000,4000,15000,15000
051482,玉晶光凱基96購01,0,0,0,0,0,0,0,0,0,15000,0,0,0,17000,2000,15000,15000
055366,國巨元大98購05  ,0,0,0,0,0,0,0,0,0,15000,0,0,0,15000,0,15000,15000
055921,新唐凱基98購01  ,0,0,0,0,0,0,0,0,0,15000,0,0,0,15000,0,15000,15000
054780,中石化群益99購01,0,0,0,0,0,0,0,0,0,15000,0,0,0,15000,0,15000,15000
054775,復盛國票98購01  ,0,0,0,0,0,0,0,0,0,15000,0,0,0,15000,0,15000,15000
054929,群電凱基97購01  ,0,0,0,0,0,0,0,0,0,15000,0,0,0,20000,5000,15000,15000
056158,新日興凱基98購02,0,0,0,0,0,0,0,0,0,15000,0,0,0,15000,0,15000,15000
054589,聯鈞國泰99購01  ,0,0,0,0,0,0,0,0,0,15000,0,0,0,57000,42000,15000,15000
055973,亞德客統一97購01,0,0,0,0,0,0,0,0,0,15000,0,0,0,72000,57000,15000,15000
056055,國巨元大97購15  ,0,0,0,0,0,0,0,0,0,15000,0,0,0,15000,0,15000,15000
058212,華新科群益9A購01,0,0,0,0,0,0,0,0,0,15000,0,0,0,25000,10000,15000,15000
058243,華擎元大99購01  ,0,0,0,0,0,0,0,0,0,15000,0,0,0,15000,0,15000,15000
057365,智邦元大98購07  ,0,0,0,0,0,0,0,0,0,15000,0,0,0,15000,0,15000,15000
057477,智邦元大98購09  ,0,0,0,0,0,0,0,0,0,15000,0,0,0,18000,3000,15000,15000
056949,義隆統一98購01  ,0,0,0,0,0,0,0,0,0,15000,0,0,0,15000,0,15000,15000
059064,緯穎凱基99購02  ,0,0,0,0,0,0,0,0,0,15000,0,0,0,15000,0,15000,15000
058132,義隆元大99購03  ,0,0,0,0,0,0,0,0,0,15000,0,0,0,15000,0,15000,15000
058892,元油2X元大9C購08,0,0,0,0,0,0,0,0,0,15000,0,0,0,18000,3000,15000,15000
057725,台達電國泰9A購01,0,0,0,0,0,0,0,0,0,15000,0,0,0,15000,0,15000,15000
058972,新日興永豐9A購01,0,0,0,0,0,0,0,0,0,15000,0,0,0,15000,0,15000,15000
058995,台達電元大99購01,0,0,0,0,0,0,0,0,0,15000,0,0,0,25000,10000,15000,15000
060139,T50反1國票9A購04,0,0,0,0,0,0,0,0,0,15000,0,0,0,15000,0,15000,15000
060352,滬深2X元富9A購02,0,0,0,0,0,0,0,0,0,15000,0,0,0,20000,5000,15000,15000
060492,元黃金元富9A購01,0,0,0,0,0,0,0,0,0,15000,0,0,0,15000,0,15000,15000
060610,玉晶光凱基9B購02,0,0,0,0,0,0,0,0,0,15000,0,0,0,18000,3000,15000,15000
057946,晶相光國票99購01,0,0,0,0,0,0,0,0,0,15000,0,0,0,53000,38000,15000,15000
057982,帆宣永豐98購01  ,0,0,0,0,0,0,0,0,0,15000,0,0,0,15000,0,15000,15000
057276,全新元大99購03  ,0,0,0,0,0,0,0,0,0,15000,0,0,0,15000,0,15000,15000
057270,遠東新元大98購01,0,0,0,0,0,0,0,0,0,15000,0,0,0,15000,0,15000,15000
059535,玉山金凱基99購01,0,0,0,0,0,0,0,0,0,15000,0,0,0,15000,0,15000,15000
062820,禾伸堂兆豐9B購01,0,0,0,0,0,0,0,0,0,15000,0,0,0,60000,45000,15000,15000
063067,緯穎麥證9B購01  ,0,0,0,15000,0,15000,0,0,0,15000,0,0,0,15000,0,15000,15000
063362,台表科國泰01購03,0,0,0,0,0,0,0,0,0,15000,0,0,0,15000,0,15000,15000
062482,台表科國票9B購01,0,0,0,0,0,0,0,0,0,15000,0,0,0,19000,4000,15000,15000
062520,晶豪科元大9B購02,0,0,0,0,0,0,0,0,0,15000,0,0,0,83000,68000,15000,15000
062546,新日興永豐9B購01,0,0,0,0,0,0,0,0,0,15000,0,0,0,15000,0,15000,15000
060735,鴻海統一9C購03  ,0,0,0,0,0,0,0,0,0,15000,0,0,0,15000,0,15000,15000
060725,台積電第一9A購01,0,0,0,0,0,0,0,0,0,15000,0,0,0,15000,0,15000,15000
061380,巨大永豐9A購02  ,0,0,0,0,0,0,0,0,0,15000,0,0,0,15000,0,15000,15000
061288,大立光統一9C購01,0,0,0,0,0,0,0,0,0,15000,0,0,0,15000,0,15000,15000
061193,玉晶光永豐9B購02,0,0,0,0,0,0,0,0,0,15000,0,0,0,15000,0,15000,15000
061202,和大元大9A購02  ,0,0,0,0,0,0,0,0,0,15000,0,0,0,98000,83000,15000,15000
061931,力山國票9B購02  ,0,0,0,0,0,0,0,0,0,15000,0,0,0,15000,0,15000,15000
061889,祥碩富邦9B購01  ,0,0,0,0,0,0,0,0,0,15000,0,0,0,15000,0,15000,15000
062040,玉晶光凱基01購01,0,0,0,0,0,0,0,0,0,15000,0,0,0,23000,8000,15000,15000
061552,南六群益9A購02  ,0,0,0,0,0,0,0,0,0,15000,0,0,0,15000,0,15000,15000
061668,信邦中信9B購01  ,0,0,0,0,0,0,0,0,0,15000,0,0,0,15000,0,15000,15000
5305,敦南            ,78000,86000,-8000,0,0,0,0,0,0,23000,23000,0,23000,0,0,0,15000
07884P,華新科凱基9B售08,0,0,0,0,0,0,0,0,0,14000,0,0,0,27000,13000,14000,14000
1718,中纖            ,987000,1004000,-17000,0,0,0,0,0,0,31000,45000,16000,29000,2000,0,2000,14000
2420,新巨            ,35000,21000,14000,0,0,0,0,0,0,0,0,0,0,0,0,0,14000
2373,震旦行          ,25000,11000,14000,0,0,0,0,0,0,0,0,0,0,0,0,0,14000
2485,兆赫            ,154000,138000,16000,0,0,0,0,0,0,-2000,6000,8000,-2000,0,0,0,14000
055022,精元國泰99購01  ,0,0,0,0,0,0,0,0,0,14000,0,0,0,14000,0,14000,14000
056177,嘉澤元富97購01  ,0,0,0,0,0,0,0,0,0,14000,0,0,0,20000,6000,14000,14000
055385,昇陽半元大98購01,0,0,0,0,0,0,0,0,0,14000,0,0,0,17000,3000,14000,14000
05145P,道瓊反元大98售01,0,0,0,0,0,0,0,0,0,14000,0,0,0,14000,0,14000,14000
051732,華通國票97購01  ,0,0,0,0,0,0,0,0,0,14000,0,0,0,14000,0,14000,14000
054169,上緯控凱基98購01,0,0,0,0,0,0,0,0,0,14000,0,0,0,49000,35000,14000,14000
052417,聯發科兆豐9B購01,0,0,0,0,0,0,0,0,0,14000,0,0,0,14000,0,14000,14000
054420,緯穎元大96購08  ,0,0,0,0,0,0,0,0,0,14000,0,0,0,24000,10000,14000,14000
055500,京鼎元大97購04  ,0,0,0,0,0,0,0,0,0,14000,0,0,0,97000,83000,14000,14000
055563,智易凱基97購02  ,0,0,0,0,0,0,0,0,0,14000,0,0,0,14000,0,14000,14000
055661,亞德客中信98購01,0,0,0,0,0,0,0,0,0,14000,0,0,0,15000,1000,14000,14000
056699,光罩國泰99購01  ,0,0,0,0,0,0,0,0,0,14000,0,0,0,172000,158000,14000,14000
056703,群創國泰9A購01  ,0,0,0,0,0,0,0,0,0,14000,0,0,0,14000,0,14000,14000
059675,大立光元富99購08,0,0,0,0,0,0,0,0,0,14000,0,0,0,14000,0,14000,14000
059619,台積電日盛9A購04,0,0,0,0,0,0,0,0,0,14000,0,0,0,19000,5000,14000,14000
059847,喬山永豐99購01  ,0,0,0,0,0,0,0,0,0,14000,0,0,0,14000,0,14000,14000
059785,美律元大9A購03  ,0,0,0,0,0,0,0,0,0,14000,0,0,0,134000,120000,14000,14000
057994,技嘉中信98購01  ,0,0,0,0,0,0,0,0,0,14000,0,0,0,25000,11000,14000,14000
058048,群創元大9B購07  ,0,0,0,0,0,0,0,0,0,14000,0,0,0,85000,71000,14000,14000
060111,臻鼎元大99購04  ,0,0,0,0,0,0,0,0,0,14000,0,0,0,14000,0,14000,14000
058354,台積電凱基9A購06,0,0,0,0,0,0,0,0,0,14000,0,0,0,14000,0,14000,14000
057700,新日興群益9A購01,0,0,0,0,0,0,0,0,0,14000,0,0,0,14000,0,14000,14000
057380,技嘉國泰9A購01  ,0,0,0,0,0,0,0,0,0,14000,0,0,0,14000,0,14000,14000
057135,立積凱基98購01  ,0,0,0,0,0,0,0,0,0,14000,0,0,0,19000,5000,14000,14000
057167,台積電元大99購03,0,0,0,0,0,0,0,0,0,14000,0,0,0,14000,0,14000,14000
061450,嘉晶中信9A購01  ,0,0,0,0,0,0,0,0,0,14000,0,0,0,15000,1000,14000,14000
061145,臻鼎中信9A購02  ,0,0,0,0,0,0,0,0,0,14000,0,0,0,46000,32000,14000,14000
060867,智伸科永豐9A購01,0,0,0,0,0,0,0,0,0,14000,0,0,0,30000,16000,14000,14000
061053,國巨群益9A購08  ,0,0,0,0,0,0,0,0,0,14000,0,0,0,24000,10000,14000,14000
062301,聯詠中信05購01  ,0,0,0,0,0,0,0,0,0,14000,0,0,0,14000,0,14000,14000
063022,嘉晶元大9B購04  ,0,0,0,0,0,0,0,0,0,14000,0,0,0,104000,90000,14000,14000
062877,可成兆豐9C購01  ,0,0,0,0,0,0,0,0,0,14000,0,0,0,61000,47000,14000,14000
062919,聯茂元大9B購01  ,0,0,0,0,0,0,0,0,0,14000,0,0,0,64000,50000,14000,14000
5243,乙盛-KY         ,91000,78000,13000,0,0,0,0,0,0,1000,2000,1000,1000,0,0,0,14000
6443,元晶            ,196000,182000,14000,0,0,0,0,0,0,0,0,0,0,0,0,0,14000
3055,蔚華科          ,13000,0,13000,0,0,0,0,0,0,1000,1000,0,1000,0,0,0,14000
3346,麗清            ,39000,25000,14000,0,0,0,0,0,0,0,2000,2000,0,0,0,0,14000
1109,信大            ,129000,115874,13126,0,0,0,0,0,0,0,0,0,0,0,0,0,13126
1537,廣隆            ,24000,12000,12000,0,0,0,0,0,0,1000,1000,0,1000,0,0,0,13000
1540,喬福            ,12000,0,12000,0,0,0,0,0,0,1000,1000,0,1000,0,0,0,13000
1452,宏益            ,15000,7000,8000,0,0,0,0,0,0,5000,5000,0,5000,0,0,0,13000
08210P,健策元富9B售02  ,0,0,0,0,0,0,0,0,0,13000,0,0,0,29000,16000,13000,13000
2460,建通            ,24000,11000,13000,0,0,0,0,0,0,0,0,0,0,0,0,0,13000
2007,燁興            ,17000,4000,13000,0,0,0,0,0,0,0,0,0,0,0,0,0,13000
2358,廷鑫            ,13000,4000,9000,0,0,0,0,0,0,4000,4000,0,4000,0,0,0,13000
06567P,鴻海永豐98售02  ,0,0,0,0,0,0,0,0,0,13000,0,0,0,13000,0,13000,13000
063586,燿華永豐9B購02  ,0,0,0,0,0,0,0,0,0,13000,0,0,0,13000,0,13000,13000
054363,世芯凱基97購01  ,0,0,0,0,0,0,0,0,0,13000,0,0,0,13000,0,13000,13000
054335,緯穎永豐96購02  ,0,0,0,0,0,0,0,0,0,13000,0,0,0,13000,0,13000,13000
054445,技嘉兆豐96購01  ,0,0,0,0,0,0,0,0,0,13000,0,0,0,13000,0,13000,13000
054080,微星中信98購01  ,0,0,0,0,0,0,0,0,0,13000,0,0,0,33000,20000,13000,13000
048273,南電富邦97購01  ,0,0,0,0,0,0,0,0,0,13000,0,0,0,35000,22000,13000,13000
050754,元金2X元富9B購01,0,0,0,0,0,0,0,0,0,13000,0,0,0,13000,0,13000,13000
00742,新光內需收益    ,0,0,0,0,0,0,0,0,0,13000,0,0,0,136000,123000,13000,13000
00770,國泰北美科技    ,0,145000,-145000,0,0,0,0,0,0,158000,0,0,0,255000,97000,158000,13000
055795,茂林國泰98購01  ,0,0,0,0,0,0,0,0,0,13000,0,0,0,43000,30000,13000,13000
056165,矽力凱基98購02  ,0,0,0,0,0,0,0,0,0,13000,0,0,0,13000,0,13000,13000
058170,國巨凱基9A購06  ,0,0,0,0,0,0,0,0,0,13000,0,0,0,113000,100000,13000,13000
057158,義隆永豐99購01  ,0,0,0,0,0,0,0,0,0,13000,0,0,0,21000,8000,13000,13000
059416,T50反1元大99購08,0,0,0,0,0,0,0,0,0,13000,0,0,0,13000,0,13000,13000
058831,茂林永豐99購01  ,0,0,0,0,0,0,0,0,0,13000,0,0,0,28000,15000,13000,13000
059239,台積電凱基99購12,0,0,0,0,0,0,0,0,0,13000,0,0,0,45000,32000,13000,13000
060010,義隆群益99購02  ,0,0,0,0,0,0,0,0,0,13000,0,0,0,29000,16000,13000,13000
060253,昇陽半元大9C購01,0,0,0,0,0,0,0,0,0,13000,0,0,0,334000,321000,13000,13000
060636,大毅永豐9A購02  ,0,0,0,0,0,0,0,0,0,13000,0,0,0,28000,15000,13000,13000
057227,台積電凱基98購15,0,0,0,0,0,0,0,0,0,13000,0,0,0,13000,0,13000,13000
059870,全新凱基99購05  ,0,0,0,0,0,0,0,0,0,13000,0,0,0,33000,20000,13000,13000
06284P,台積電國票98售03,0,0,0,0,0,0,0,0,0,13000,0,0,0,20000,7000,13000,13000
062194,遠東新中信9C購01,0,0,0,0,0,0,0,0,0,13000,0,0,0,55000,42000,13000,13000
061047,大立光第一9A購01,0,0,0,0,0,0,0,0,0,13000,0,0,0,14000,1000,13000,13000
061020,超眾國票9A購02  ,0,0,0,0,0,0,0,0,0,13000,0,0,0,53000,40000,13000,13000
061194,聯鈞永豐9A購02  ,0,0,0,0,0,0,0,0,0,13000,0,0,0,13000,0,13000,13000
061574,大毅元大9B購01  ,0,0,0,0,0,0,0,0,0,13000,0,0,0,23000,10000,13000,13000
061659,信邦永豐9A購01  ,0,0,0,0,0,0,0,0,0,13000,0,0,0,81000,68000,13000,13000
061798,晶豪科永豐9B購01,0,0,0,0,0,0,0,0,0,13000,0,0,0,18000,5000,13000,13000
061780,國巨群益9C購01  ,0,0,0,0,0,0,0,0,0,13000,0,0,0,17000,4000,13000,13000
062128,祥碩統一01購01  ,0,0,0,0,0,0,0,0,0,13000,0,0,0,68000,55000,13000,13000
061857,康友國票9B購01  ,0,0,0,0,0,0,0,0,0,13000,0,0,0,25000,12000,13000,13000
061851,智邦國票9B購01  ,0,0,0,0,0,0,0,0,0,13000,0,0,0,14000,1000,13000,13000
061902,百和永豐9B購01  ,0,0,0,0,0,0,0,0,0,13000,0,0,0,13000,0,13000,13000
6541,泰福-KY         ,25000,14000,11000,0,0,0,0,0,0,2000,2000,0,2000,0,0,0,13000
6128,上福            ,13000,0,13000,0,0,0,0,0,0,0,0,0,0,0,0,0,13000
6133,金橋            ,14000,1000,13000,0,0,0,0,0,0,0,0,0,0,0,0,0,13000
064073,南電永豐9C購01  ,0,0,0,0,0,0,0,0,0,12000,0,0,0,12000,0,12000,12000
06657P,寶成元大98售01  ,0,0,0,0,0,0,0,0,0,12000,0,0,0,80000,68000,12000,12000
06903P,技嘉凱基98售04  ,0,0,0,0,0,0,0,0,0,12000,0,0,0,42000,30000,12000,12000
2433,互盛電          ,22000,12000,10000,0,0,0,0,0,0,2000,2000,0,2000,0,0,0,12000
08293P,國巨元大9C售13  ,0,0,0,0,0,0,0,0,0,12000,0,0,0,12000,0,12000,12000
08263P,台表科元大9C售06,0,0,0,0,0,0,0,0,0,12000,0,0,0,44000,32000,12000,12000
1234,黑松            ,23000,11000,12000,0,0,0,0,0,0,0,0,0,0,0,0,0,12000
07954P,台表科元大9B售02,0,0,0,0,0,0,0,0,0,12000,0,0,0,12000,0,12000,12000
07348P,滬深2X凱基9A售04,0,0,0,0,0,0,0,0,0,12000,0,0,0,12000,0,12000,12000
07542P,台積電凱基9A售16,0,0,0,0,0,0,0,0,0,12000,0,0,0,12000,0,12000,12000
07580P,緯穎元大9A售03  ,0,0,0,0,0,0,0,0,0,12000,0,0,0,46000,34000,12000,12000
07704P,台積電元大9A售25,0,0,0,0,0,0,0,0,0,12000,0,0,0,12000,0,12000,12000
060245,聯陽元大9C購01  ,0,0,0,0,0,0,0,0,0,12000,0,0,0,32000,20000,12000,12000
056095,臻鼎元富9A購01  ,0,0,0,0,0,0,0,0,0,12000,0,0,0,12000,0,12000,12000
056072,群創元大97購01  ,0,0,0,0,0,0,0,0,0,12000,0,0,0,12000,0,12000,12000
055974,上銀統一97購05  ,0,0,0,0,0,0,0,0,0,12000,0,0,0,12000,0,12000,12000
056782,鴻海群益98購04  ,0,0,0,0,0,0,0,0,0,12000,0,0,0,15000,3000,12000,12000
054870,新日興群益98購01,0,0,0,0,0,0,0,0,0,12000,0,0,0,12000,0,12000,12000
055369,友訊元大97購01  ,0,0,0,0,0,0,0,0,0,12000,0,0,0,23000,11000,12000,12000
035277,景碩台新97購01  ,0,0,0,0,0,0,0,0,0,12000,0,0,0,12000,0,12000,12000
052388,旺宏群益96購05  ,0,0,0,0,0,0,0,0,0,12000,0,0,0,12000,0,12000,12000
056755,聯茂兆豐98購01  ,0,0,0,0,0,0,0,0,0,12000,0,0,0,32000,20000,12000,12000
056595,台積電元富98購04,0,0,0,0,0,0,0,0,0,12000,0,0,0,12000,0,12000,12000
059938,凱美永豐99購01  ,0,0,0,0,0,0,0,0,0,12000,0,0,0,30000,18000,12000,12000
059763,華擎永豐99購03  ,0,0,0,0,0,0,0,0,0,12000,0,0,0,12000,0,12000,12000
059540,新光金日盛99購01,0,0,0,0,0,0,0,0,0,12000,0,0,0,15000,3000,12000,12000
059529,華新科凱基9A購04,0,0,0,0,0,0,0,0,0,12000,0,0,0,12000,0,12000,12000
058015,旺宏凱基99購02  ,0,0,0,0,0,0,0,0,0,12000,0,0,0,12000,0,12000,12000
05873P,華通群益97售02  ,0,0,0,0,0,0,0,0,0,12000,0,0,0,12000,0,12000,12000
058717,南電台新99購02  ,0,0,0,0,0,0,0,0,0,12000,0,0,0,12000,0,12000,12000
057935,晶技群益98購02  ,0,0,0,0,0,0,0,0,0,12000,0,0,0,12000,0,12000,12000
057306,玉晶光兆豐99購01,0,0,0,0,0,0,0,0,0,12000,0,0,0,12000,0,12000,12000
060296,和碩元大9A購01  ,0,0,0,0,0,0,0,0,0,12000,0,0,0,60000,48000,12000,12000
060103,聯詠元大99購01  ,0,0,0,0,0,0,0,0,0,12000,0,0,0,21000,9000,12000,12000
057796,鴻海兆豐99購03  ,0,0,0,0,0,0,0,0,0,12000,0,0,0,12000,0,12000,12000
057835,華擎元富9B購01  ,0,0,0,0,0,0,0,0,0,12000,0,0,0,36000,24000,12000,12000
058849,奇力新群益99購02,0,0,0,0,0,0,0,0,0,12000,0,0,0,41000,29000,12000,12000
058937,仁寶中信99購01  ,0,0,0,0,0,0,0,0,0,12000,0,0,0,50000,38000,12000,12000
057690,美律凱基99購03  ,0,0,0,0,0,0,0,0,0,12000,0,0,0,32000,20000,12000,12000
058379,臺股指凱基99購14,0,0,0,0,0,0,0,0,0,12000,0,0,0,136000,124000,12000,12000
058433,台積電統一9B購04,0,0,0,0,0,0,0,0,0,12000,0,0,0,38000,26000,12000,12000
059370,玉晶光元富99購02,0,0,0,0,0,0,0,0,0,12000,0,0,0,12000,0,12000,12000
059174,訊芯凱基99購01  ,0,0,0,0,0,0,0,0,0,12000,0,0,0,63000,51000,12000,12000
057531,禾伸堂元大99購04,0,0,0,0,0,0,0,0,0,12000,0,0,0,62000,50000,12000,12000
057573,京鼎永豐98購02  ,0,0,0,0,0,0,0,0,0,12000,0,0,0,12000,0,12000,12000
061960,國巨統一01購05  ,0,0,0,0,0,0,0,0,0,12000,0,0,0,29000,17000,12000,12000
062080,奇力新元大9B購02,0,0,0,0,0,0,0,0,0,12000,0,0,0,62000,50000,12000,12000
061585,台積電富邦9B購06,0,0,0,0,0,0,0,0,0,12000,0,0,0,17000,5000,12000,12000
061184,大立光國泰9C購01,0,0,0,0,0,0,0,0,0,12000,0,0,0,31000,19000,12000,12000
061403,滬深2X國票9A購06,0,0,0,0,0,0,0,0,0,12000,0,0,0,12000,0,12000,12000
060813,高鐵凱基9A購01  ,0,0,0,0,0,0,0,0,0,12000,0,0,0,46000,34000,12000,12000
062191,台郡元大9B購05  ,0,0,0,0,0,0,0,0,0,12000,0,0,0,32000,20000,12000,12000
062318,台郡凱基9B購01  ,0,0,0,0,0,0,0,0,0,12000,0,0,0,12000,0,12000,12000
062314,玉晶光凱基9B購06,0,0,0,0,0,0,0,0,0,12000,0,0,0,35000,23000,12000,12000
062536,玉晶光麥證9B購01,0,0,0,13000,2000,11000,0,0,0,12000,0,0,0,15000,3000,12000,12000
062480,茂林國票9B購01  ,0,0,0,0,0,0,0,0,0,12000,0,0,0,22000,10000,12000,12000
062675,台積電台新9B購06,0,0,0,0,0,0,0,0,0,12000,0,0,0,14000,2000,12000,12000
063373,晶技永豐9B購02  ,0,0,0,0,0,0,0,0,0,12000,0,0,0,12000,0,12000,12000
063119,華通元大9B購07  ,0,0,0,0,0,0,0,0,0,12000,0,0,0,95000,83000,12000,12000
6525,捷敏-KY         ,58000,46000,12000,0,0,0,0,0,0,0,0,0,0,0,0,0,12000
3032,偉訓            ,29000,17000,12000,0,0,0,0,0,0,0,0,0,0,0,0,0,12000
07902P,玉晶光國票01售01,0,0,0,0,0,0,0,0,0,11000,0,0,0,11000,0,11000,11000
07933P,大立光富邦9C售06,0,0,0,0,0,0,0,0,0,11000,0,0,0,113000,102000,11000,11000
1436,華友聯          ,11000,0,11000,0,0,0,0,0,0,0,0,0,0,0,0,0,11000
06676P,華新科國票98售03,0,0,0,0,0,0,0,0,0,11000,0,0,0,20000,9000,11000,11000
06799P,臺股指凱基98售09,0,0,0,0,0,0,0,0,0,11000,0,0,0,11000,0,11000,11000
06485P,玉晶光群益9A售02,0,0,0,0,0,0,0,0,0,11000,0,0,0,16000,5000,11000,11000
056610,鴻海永豐98購01  ,0,0,0,0,0,0,0,0,0,11000,0,0,0,11000,0,11000,11000
055623,貿聯國泰99購01  ,0,0,0,0,0,0,0,0,0,11000,0,0,0,11000,0,11000,11000
054330,世芯永豐96購02  ,0,0,0,0,0,0,0,0,0,11000,0,0,0,11000,0,11000,11000
053184,世紀鋼元富96購01,0,0,0,0,0,0,0,0,0,11000,0,0,0,11000,0,11000,11000
053455,台光電元富96購02,0,0,0,0,0,0,0,0,0,11000,0,0,0,11000,0,11000,11000
00766L,台新MSCI中國正2 ,0,0,0,0,0,0,0,0,0,11000,0,0,0,254000,243000,11000,11000
00702,國泰標普低波高息,0,0,0,0,0,0,0,0,0,11000,0,0,0,18000,7000,11000,11000
056463,台虹凱基98購02  ,0,0,0,0,0,0,0,0,0,11000,0,0,0,40000,29000,11000,11000
056344,嘉晶凱基98購02  ,0,0,0,0,0,0,0,0,0,11000,0,0,0,11000,0,11000,11000
055030,帆宣國泰99購02  ,0,0,0,0,0,0,0,0,0,11000,0,0,0,330000,319000,11000,11000
058189,嘉澤永豐99購01  ,0,0,0,0,0,0,0,0,0,11000,0,0,0,41000,30000,11000,11000
058959,南茂國票9A購01  ,0,0,0,0,0,0,0,0,0,11000,0,0,0,11000,0,11000,11000
058982,台積電凱基99購08,0,0,0,0,0,0,0,0,0,11000,0,0,0,16000,5000,11000,11000
058004,大立光群益98購03,0,0,0,0,0,0,0,0,0,11000,0,0,0,11000,0,11000,11000
059786,全新元大99購06  ,0,0,0,0,0,0,0,0,0,11000,0,0,0,18000,7000,11000,11000
059926,世紀鋼國泰9B購01,0,0,0,0,0,0,0,0,0,11000,0,0,0,11000,0,11000,11000
059914,台積電元大99購47,0,0,0,0,0,0,0,0,0,11000,0,0,0,11000,0,11000,11000
059868,台光電凱基99購03,0,0,0,0,0,0,0,0,0,11000,0,0,0,12000,1000,11000,11000
063080,裕隆凱基9B購01  ,0,0,0,0,0,0,0,0,0,11000,0,0,0,21000,10000,11000,11000
061076,台達電兆豐9A購01,0,0,0,0,0,0,0,0,0,11000,0,0,0,11000,0,11000,11000
060940,國巨國票9B購03  ,0,0,0,0,0,0,0,0,0,11000,0,0,0,16000,5000,11000,11000
061238,晶技元大9A購02  ,0,0,0,0,0,0,0,0,0,11000,0,0,0,28000,17000,11000,11000
061782,智邦群益9B購01  ,0,0,0,0,0,0,0,0,0,11000,0,0,0,20000,9000,11000,11000
061722,健策永豐9B購03  ,0,0,0,0,0,0,0,0,0,11000,0,0,0,11000,0,11000,11000
062112,祥碩國票9C購01  ,0,0,0,0,0,0,0,0,0,11000,0,0,0,11000,0,11000,11000
062107,台光電國票9B購01,0,0,0,0,0,0,0,0,0,11000,0,0,0,29000,18000,11000,11000
061982,聯發科元大9B購03,0,0,0,0,0,0,0,0,0,11000,0,0,0,11000,0,11000,11000
061909,台積電中信05購02,0,0,0,0,0,0,0,0,0,11000,0,0,0,11000,0,11000,11000
2845,遠東銀          ,848000,820000,28000,0,0,0,0,17000,-17000,0,0,0,0,0,0,0,11000
3149,正達            ,45000,34000,11000,0,0,0,0,0,0,0,0,0,0,0,0,0,11000
3266,昇陽            ,14000,3000,11000,0,0,0,0,0,0,0,0,0,0,0,0,0,11000
6205,詮欣            ,12000,1000,11000,0,0,0,0,0,0,0,0,0,0,0,0,0,11000
8463,潤泰材          ,23000,13000,10000,0,0,0,0,0,0,1000,1000,0,1000,0,0,0,11000
9934,成霖            ,81000,85000,-4000,0,0,0,0,0,0,15000,15000,0,15000,0,0,0,11000
06617P,智邦元大98售03  ,0,0,0,0,0,0,0,0,0,10000,0,0,0,30000,20000,10000,10000
06613P,華新科富邦9A售03,0,0,0,0,0,0,0,0,0,10000,0,0,0,10000,0,10000,10000
06598P,奇力新永豐98售02,0,0,0,0,0,0,0,0,0,10000,0,0,0,10000,0,10000,10000
06499P,臺股指元大9A售04,0,0,0,0,0,0,0,0,0,10000,0,0,0,10000,0,10000,10000
06539P,聯發科凱基98售12,0,0,0,0,0,0,0,0,0,10000,0,0,0,50000,40000,10000,10000
06556P,臺股指元大99售08,0,0,0,0,0,0,0,0,0,10000,0,0,0,10000,0,10000,10000
06418P,T50反1統一9A售02,0,0,0,0,0,0,0,0,0,10000,0,0,0,10000,0,10000,10000
064162,貿聯統一02購01  ,0,0,0,0,0,0,0,0,0,10000,0,0,0,20000,10000,10000,10000
06793P,臺股指凱基98售03,0,0,0,0,0,0,0,0,0,10000,0,0,0,10000,0,10000,10000
06694P,臺股指凱基99售13,0,0,0,0,0,0,0,0,0,10000,0,0,0,20000,10000,10000,10000
06699P,台積電統一98售11,0,0,0,0,0,0,0,0,0,10000,0,0,0,10000,0,10000,10000
07108P,FBVIX台新99售02 ,0,0,0,0,0,0,0,0,0,10000,0,0,0,10000,0,10000,10000
07006P,旺宏統一9B售03  ,0,0,0,0,0,0,0,0,0,10000,0,0,0,50000,40000,10000,10000
063487,國巨國泰01購02  ,0,0,0,0,0,0,0,0,0,10000,0,0,0,30000,20000,10000,10000
06349P,臺股指台新99售01,0,0,0,0,0,0,0,0,0,10000,0,0,0,10000,0,10000,10000
063539,世紀鋼統一9B購02,0,0,0,0,0,0,0,0,0,10000,0,0,0,95000,85000,10000,10000
063869,玉晶光永豐9C購01,0,0,0,0,0,0,0,0,0,10000,0,0,0,10000,0,10000,10000
063903,國巨麥證01購01  ,0,0,0,10000,0,10000,0,0,0,10000,0,0,0,10000,0,10000,10000
1507,永大            ,80000,70000,10000,0,0,0,0,0,0,0,0,0,0,0,0,0,10000
08284P,鴻海凱基01售03  ,0,0,0,0,0,0,0,0,0,10000,0,0,0,20000,10000,10000,10000
1618,合機            ,10000,0,10000,0,0,0,0,0,0,0,0,0,0,0,0,0,10000
07844P,可成國票9A售01  ,0,0,0,0,0,0,0,0,0,10000,0,0,0,81000,71000,10000,10000
07833P,大立光群益9B售02,0,0,0,0,0,0,0,0,0,10000,0,0,0,10000,0,10000,10000
07974P,上証2X元大9B售02,0,0,0,0,0,0,0,0,0,10000,0,0,0,10000,0,10000,10000
08031P,臺股指元大9B售38,0,0,0,0,0,0,0,0,0,10000,0,0,0,10000,0,10000,10000
08056P,華通群益9B售06  ,0,0,0,0,0,0,0,0,0,10000,0,0,0,10000,0,10000,10000
07651P,道瓊指中信01售01,0,0,0,0,0,0,0,0,0,10000,0,0,0,10000,0,10000,10000
07585P,台灣50中信03售06,0,0,0,0,0,0,0,0,0,10000,0,0,0,10000,0,10000,10000
07657P,技嘉凱基9A售03  ,0,0,0,0,0,0,0,0,0,10000,0,0,0,20000,10000,10000,10000
07469P,台達電元大9A售01,0,0,0,0,0,0,0,0,0,10000,0,0,0,10000,0,10000,10000
07459P,緯穎元大9A售01  ,0,0,0,0,0,0,0,0,0,10000,0,0,0,10000,0,10000,10000
07259P,滬深2X國票01售01,0,0,0,0,0,0,0,0,0,10000,0,0,0,30000,20000,10000,10000
07223P,鴻海元大99售29  ,0,0,0,0,0,0,0,0,0,10000,0,0,0,10000,0,10000,10000
07196P,大立光元大99售13,0,0,0,0,0,0,0,0,0,10000,0,0,0,10000,0,10000,10000
07178P,臺股指凱基99售20,0,0,0,0,0,0,0,0,0,10000,0,0,0,14000,4000,10000,10000
058616,台虹元大9A購01  ,0,0,0,0,0,0,0,0,0,10000,0,0,0,85000,75000,10000,10000
058590,南電中信9A購02  ,0,0,0,0,0,0,0,0,0,10000,0,0,0,30000,20000,10000,10000
058467,日月光中信9A購01,0,0,0,0,0,0,0,0,0,10000,0,0,0,10000,0,10000,10000
058469,臺股指中信9A購05,0,0,0,0,0,0,0,0,0,10000,0,0,0,10000,0,10000,10000
058454,嘉晶永豐99購01  ,0,0,0,0,0,0,0,0,0,10000,0,0,0,10000,0,10000,10000
058455,玉晶光永豐99購03,0,0,0,0,0,0,0,0,0,10000,0,0,0,23000,13000,10000,10000
058585,S&P正2中信9B購02,0,0,0,0,0,0,0,0,0,10000,0,0,0,60000,50000,10000,10000
058242,玉晶光元大9A購01,0,0,0,0,0,0,0,0,0,10000,0,0,0,11000,1000,10000,10000
058215,貿聯群益99購02  ,0,0,0,0,0,0,0,0,0,10000,0,0,0,12000,2000,10000,10000
058204,世芯凱基9A購01  ,0,0,0,0,0,0,0,0,0,10000,0,0,0,10000,0,10000,10000
058237,嘉晶元大99購04  ,0,0,0,0,0,0,0,0,0,10000,0,0,0,10000,0,10000,10000
058304,鴻海元大99購12  ,0,0,0,0,0,0,0,0,0,10000,0,0,0,10000,0,10000,10000
058309,大毅元大99購02  ,0,0,0,0,0,0,0,0,0,10000,0,0,0,10000,0,10000,10000
060231,台積電元大9A購08,0,0,0,0,0,0,0,0,0,10000,0,0,0,10000,0,10000,10000
056153,華新科凱基97購02,0,0,0,0,0,0,0,0,0,10000,0,0,0,10000,0,10000,10000
056141,聯茂元大97購05  ,0,0,0,0,0,0,0,0,0,10000,0,0,0,10000,0,10000,10000
056130,新日興麥證97購01,0,0,0,10000,0,10000,0,0,0,10000,0,0,0,10000,0,10000,10000
054702,智邦第一97購01  ,0,0,0,0,0,0,0,0,0,10000,0,0,0,10000,0,10000,10000
054626,建準凱基98購01  ,0,0,0,0,0,0,0,0,0,10000,0,0,0,65000,55000,10000,10000
055959,美律元大97購03  ,0,0,0,0,0,0,0,0,0,10000,0,0,0,10000,0,10000,10000
056252,聯發科兆豐97購03,0,0,0,0,0,0,0,0,0,10000,0,0,0,10000,0,10000,10000
054551,聯發科凱基98購02,0,0,0,0,0,0,0,0,0,10000,0,0,0,10000,0,10000,10000
056299,友達元大9B購04  ,0,0,0,0,0,0,0,0,0,10000,0,0,0,10000,0,10000,10000
056380,麗豐元富98購01  ,0,0,0,0,0,0,0,0,0,10000,0,0,0,20000,10000,10000,10000
056406,建準國票99購01  ,0,0,0,0,0,0,0,0,0,10000,0,0,0,10000,0,10000,10000
055890,鴻海統一99購01  ,0,0,0,0,0,0,0,0,0,10000,0,0,0,10000,0,10000,10000
055886,上銀統一97購02  ,0,0,0,0,0,0,0,0,0,10000,0,0,0,10000,0,10000,10000
055852,聯鈞元大98購01  ,0,0,0,0,0,0,0,0,0,10000,0,0,0,10000,0,10000,10000
056441,燿華凱基98購01  ,0,0,0,0,0,0,0,0,0,10000,0,0,0,10000,0,10000,10000
056442,瑞昱凱基98購02  ,0,0,0,0,0,0,0,0,0,10000,0,0,0,10000,0,10000,10000
056590,樺漢統一9A購01  ,0,0,0,0,0,0,0,0,0,10000,0,0,0,10000,0,10000,10000
056182,台光電統一97購03,0,0,0,0,0,0,0,0,0,10000,0,0,0,20000,10000,10000,10000
056529,中環凱基98購01  ,0,0,0,0,0,0,0,0,0,10000,0,0,0,10000,0,10000,10000
056556,南電凱基98購01  ,0,0,0,0,0,0,0,0,0,10000,0,0,0,10000,0,10000,10000
056557,世紀鋼凱基98購02,0,0,0,0,0,0,0,0,0,10000,0,0,0,10000,0,10000,10000
055361,樺漢凱基97購01  ,0,0,0,0,0,0,0,0,0,10000,0,0,0,10000,0,10000,10000
055353,華新科凱基98購03,0,0,0,0,0,0,0,0,0,10000,0,0,0,10000,0,10000,10000
055275,台積電元大97購19,0,0,0,0,0,0,0,0,0,10000,0,0,0,85000,75000,10000,10000
054912,群光凱基97購01  ,0,0,0,0,0,0,0,0,0,10000,0,0,0,20000,10000,10000,10000
055381,茂林元大97購02  ,0,0,0,0,0,0,0,0,0,10000,0,0,0,77000,67000,10000,10000
055406,大毅國泰99購01  ,0,0,0,0,0,0,0,0,0,10000,0,0,0,10000,0,10000,10000
054797,臻鼎群益97購01  ,0,0,0,0,0,0,0,0,0,10000,0,0,0,10000,0,10000,10000
056821,日電貿永豐98購01,0,0,0,0,0,0,0,0,0,10000,0,0,0,78000,68000,10000,10000
055733,奇力新元富97購01,0,0,0,0,0,0,0,0,0,10000,0,0,0,10000,0,10000,10000
056843,冠德元富98購01  ,0,0,0,0,0,0,0,0,0,10000,0,0,0,12000,2000,10000,10000
055163,訊芯元大98購01  ,0,0,0,0,0,0,0,0,0,10000,0,0,0,10000,0,10000,10000
055222,臺股指凱基97購05,0,0,0,0,0,0,0,0,0,10000,0,0,0,10000,0,10000,10000
050714,深中小群益98購01,0,0,0,0,0,0,0,0,0,10000,0,0,0,10000,0,10000,10000
00684R,元大美元指數反1 ,0,0,0,0,0,0,0,0,0,10000,0,0,0,120000,110000,10000,10000
035275,台積電台新97購01,0,0,0,0,0,0,0,0,0,10000,0,0,0,161000,151000,10000,10000
03686P,大立光統一98售02,0,0,0,0,0,0,0,0,0,10000,0,0,0,10000,0,10000,10000
043642,元金2X國票97購01,0,0,0,0,0,0,0,0,0,10000,0,0,0,10000,0,10000,10000
044864,道瓊反國票96購01,0,0,0,0,0,0,0,0,0,10000,0,0,0,10000,0,10000,10000
051776,上証2X群益99購01,0,0,0,0,0,0,0,0,0,10000,0,0,0,10000,0,10000,10000
051576,台積電元大97購02,0,0,0,0,0,0,0,0,0,10000,0,0,0,10000,0,10000,10000
050955,達方群益97購01  ,0,0,0,0,0,0,0,0,0,10000,0,0,0,10000,0,10000,10000
050984,大立光國泰97購01,0,0,0,0,0,0,0,0,0,10000,0,0,0,10000,0,10000,10000
051289,大立光統一96購01,0,0,0,0,0,0,0,0,0,10000,0,0,0,10000,0,10000,10000
052437,聯發科富邦99購02,0,0,0,0,0,0,0,0,0,10000,0,0,0,10000,0,10000,10000
052470,華新科亞東97購01,0,0,0,0,0,0,0,0,0,10000,0,0,0,10000,0,10000,10000
052378,矽力元大96購01  ,0,0,0,0,0,0,0,0,0,10000,0,0,0,10000,0,10000,10000
052322,力成元大96購01  ,0,0,0,0,0,0,0,0,0,10000,0,0,0,10000,0,10000,10000
052077,可成元富98購02  ,0,0,0,0,0,0,0,0,0,10000,0,0,0,10000,0,10000,10000
054057,晶豪科國票97購01,0,0,0,0,0,0,0,0,0,10000,0,0,0,10000,0,10000,10000
054070,創意國泰96購02  ,0,0,0,0,0,0,0,0,0,10000,0,0,0,10000,0,10000,10000
054196,台光電國泰97購02,0,0,0,0,0,0,0,0,0,10000,0,0,0,10000,0,10000,10000
054249,技嘉元大96購03  ,0,0,0,0,0,0,0,0,0,10000,0,0,0,13000,3000,10000,10000
047773,超眾元大96購01  ,0,0,0,0,0,0,0,0,0,10000,0,0,0,10000,0,10000,10000
045836,群創群益98購01  ,0,0,0,0,0,0,0,0,0,10000,0,0,0,10000,0,10000,10000
045055,聯發科元富98購03,0,0,0,0,0,0,0,0,0,10000,0,0,0,10000,0,10000,10000
049591,開發金元大98購01,0,0,0,0,0,0,0,0,0,10000,0,0,0,10000,0,10000,10000
04933P,中石化中信96售01,0,0,0,0,0,0,0,0,0,10000,0,0,0,10000,0,10000,10000
054016,嘉晶永豐96購04  ,0,0,0,0,0,0,0,0,0,10000,0,0,0,10000,0,10000,10000
054050,創意元大96購06  ,0,0,0,0,0,0,0,0,0,10000,0,0,0,10000,0,10000,10000
053472,漢唐元大96購02  ,0,0,0,0,0,0,0,0,0,10000,0,0,0,10000,0,10000,10000
053513,義隆群益96購05  ,0,0,0,0,0,0,0,0,0,10000,0,0,0,10000,0,10000,10000
053331,玉晶光永豐97購02,0,0,0,0,0,0,0,0,0,10000,0,0,0,10000,0,10000,10000
053708,道瓊反凱基98購01,0,0,0,0,0,0,0,0,0,10000,0,0,0,10000,0,10000,10000
053681,臺股指富邦96購02,0,0,0,0,0,0,0,0,0,10000,0,0,0,10000,0,10000,10000
053786,新日興元大96購02,0,0,0,0,0,0,0,0,0,10000,0,0,0,10000,0,10000,10000
053550,聯發科凱基96購15,0,0,0,0,0,0,0,0,0,10000,0,0,0,10000,0,10000,10000
053185,友達中信99購01  ,0,0,0,0,0,0,0,0,0,10000,0,0,0,10000,0,10000,10000
053269,同欣電群益96購01,0,0,0,0,0,0,0,0,0,10000,0,0,0,10000,0,10000,10000
053114,聯茂兆豐97購01  ,0,0,0,0,0,0,0,0,0,10000,0,0,0,10000,0,10000,10000
052747,京鼎元大97購01  ,0,0,0,0,0,0,0,0,0,10000,0,0,0,10000,0,10000,10000
053086,宏達電元大97購01,0,0,0,0,0,0,0,0,0,10000,0,0,0,10000,0,10000,10000
052785,滬深2X中信99購03,0,0,0,0,0,0,0,0,0,10000,0,0,0,30000,20000,10000,10000
054309,禾伸堂凱基98購01,0,0,0,0,0,0,0,0,0,10000,0,0,0,10000,0,10000,10000
054421,臺股指元大99購03,0,0,0,0,0,0,0,0,0,10000,0,0,0,10000,0,10000,10000
054406,旺宏國票98購01  ,0,0,0,0,0,0,0,0,0,10000,0,0,0,10000,0,10000,10000
054447,國泰金兆豐96購01,0,0,0,0,0,0,0,0,0,10000,0,0,0,10000,0,10000,10000
052546,友達中信98購01  ,0,0,0,0,0,0,0,0,0,10000,0,0,0,10000,0,10000,10000
052606,聯發科元大97購04,0,0,0,0,0,0,0,0,0,10000,0,0,0,10000,0,10000,10000
052618,群創國泰98購01  ,0,0,0,0,0,0,0,0,0,10000,0,0,0,10000,0,10000,10000
052659,上証2X國票99購01,0,0,0,0,0,0,0,0,0,10000,0,0,0,10000,0,10000,10000
055591,全新元大98購01  ,0,0,0,0,0,0,0,0,0,10000,0,0,0,10000,0,10000,10000
056637,台光電日盛9A購01,0,0,0,0,0,0,0,0,0,10000,0,0,0,10000,0,10000,10000
056700,華新科國泰99購03,0,0,0,0,0,0,0,0,0,10000,0,0,0,25000,15000,10000,10000
056614,智邦永豐98購01  ,0,0,0,0,0,0,0,0,0,10000,0,0,0,10000,0,10000,10000
055526,台積電群益97購02,0,0,0,0,0,0,0,0,0,10000,0,0,0,10000,0,10000,10000
056594,台積電元富98購03,0,0,0,0,0,0,0,0,0,10000,0,0,0,10000,0,10000,10000
053042,大立光凱基97購03,0,0,0,0,0,0,0,0,0,10000,0,0,0,10000,0,10000,10000
053817,華新科群益97購02,0,0,0,0,0,0,0,0,0,10000,0,0,0,10000,0,10000,10000
059864,亞德客凱基99購01,0,0,0,0,0,0,0,0,0,10000,0,0,0,10000,0,10000,10000
059789,貿聯元大9A購02  ,0,0,0,0,0,0,0,0,0,10000,0,0,0,10000,0,10000,10000
05974P,國巨富邦97售03  ,0,0,0,0,0,0,0,0,0,10000,0,0,0,10000,0,10000,10000
058760,嘉晶群益9A購01  ,0,0,0,0,0,0,0,0,0,10000,0,0,0,10000,0,10000,10000
059541,T50正2康和99購01,0,0,0,0,0,0,0,0,0,10000,0,0,0,10000,0,10000,10000
057208,上海銀元富98購01,0,0,0,0,0,0,0,0,0,10000,0,0,0,10000,0,10000,10000
057194,南電元大98購01  ,0,0,0,0,0,0,0,0,0,10000,0,0,0,10000,0,10000,10000
058006,台郡群益98購04  ,0,0,0,0,0,0,0,0,0,10000,0,0,0,10000,0,10000,10000
05730P,臺股指凱基97售03,0,0,0,0,0,0,0,0,0,10000,0,0,0,10000,0,10000,10000
057263,可成兆豐99購01  ,0,0,0,0,0,0,0,0,0,10000,0,0,0,10000,0,10000,10000
057957,嘉晶元大98購01  ,0,0,0,0,0,0,0,0,0,10000,0,0,0,11000,1000,10000,10000
060098,華新科元大99購24,0,0,0,0,0,0,0,0,0,10000,0,0,0,10000,0,10000,10000
060163,健策永豐9B購01  ,0,0,0,0,0,0,0,0,0,10000,0,0,0,13000,3000,10000,10000
059985,華新科元大99購22,0,0,0,0,0,0,0,0,0,10000,0,0,0,12000,2000,10000,10000
060282,聚陽元大9A購01  ,0,0,0,0,0,0,0,0,0,10000,0,0,0,10000,0,10000,10000
060195,旭富元富9A購02  ,0,0,0,0,0,0,0,0,0,10000,0,0,0,10000,0,10000,10000
060607,玉晶光凱基9A購06,0,0,0,0,0,0,0,0,0,10000,0,0,0,11000,1000,10000,10000
060654,大毅群益9B購01  ,0,0,0,0,0,0,0,0,0,10000,0,0,0,20000,10000,10000,10000
060655,國巨統一9B購06  ,0,0,0,0,0,0,0,0,0,10000,0,0,0,20000,10000,10000,10000
060645,台表科永豐9A購02,0,0,0,0,0,0,0,0,0,10000,0,0,0,10000,0,10000,10000
060586,玉晶光元富9A購03,0,0,0,0,0,0,0,0,0,10000,0,0,0,10000,0,10000,10000
060683,泰鼎元大9A購02  ,0,0,0,0,0,0,0,0,0,10000,0,0,0,20000,10000,10000,10000
060699,華新科國泰9B購03,0,0,0,0,0,0,0,0,0,10000,0,0,0,17000,7000,10000,10000
060708,康友富邦9B購01  ,0,0,0,0,0,0,0,0,0,10000,0,0,0,60000,50000,10000,10000
060693,台積電麥證9A購02,0,0,0,10000,0,10000,0,0,0,10000,0,0,0,10000,0,10000,10000
060540,南亞凱基9A購01  ,0,0,0,0,0,0,0,0,0,10000,0,0,0,30000,20000,10000,10000
059016,晶相光元富99購03,0,0,0,0,0,0,0,0,0,10000,0,0,0,100000,90000,10000,10000
059048,元油2X凱基9A購11,0,0,0,0,0,0,0,0,0,10000,0,0,0,10000,0,10000,10000
05910P,力山永豐96售02  ,0,0,0,0,0,0,0,0,0,10000,0,0,0,10000,0,10000,10000
059103,旭富元富99購03  ,0,0,0,0,0,0,0,0,0,10000,0,0,0,10000,0,10000,10000
059076,FBVIX元大99購04 ,0,0,0,0,0,0,0,0,0,10000,0,0,0,10000,0,10000,10000
05779P,台積電統一96售06,0,0,0,0,0,0,0,0,0,10000,0,0,0,10000,0,10000,10000
059244,聯發科凱基99購13,0,0,0,0,0,0,0,0,0,10000,0,0,0,10000,0,10000,10000
057782,台積電國票99購07,0,0,0,0,0,0,0,0,0,10000,0,0,0,10000,0,10000,10000
056873,友達凱基98購07  ,0,0,0,0,0,0,0,0,0,10000,0,0,0,10000,0,10000,10000
056874,友達凱基98購08  ,0,0,0,0,0,0,0,0,0,10000,0,0,0,10000,0,10000,10000
058545,義隆富邦9C購01  ,0,0,0,0,0,0,0,0,0,10000,0,0,0,10000,0,10000,10000
058552,欣興永豐99購01  ,0,0,0,0,0,0,0,0,0,10000,0,0,0,10000,0,10000,10000
058925,旭富元富99購02  ,0,0,0,0,0,0,0,0,0,10000,0,0,0,50000,40000,10000,10000
058919,SGBR2X元富99購05,0,0,0,0,0,0,0,0,0,10000,0,0,0,15000,5000,10000,10000
058144,聯茂元大99購02  ,0,0,0,0,0,0,0,0,0,10000,0,0,0,10000,0,10000,10000
058821,泰鼎國泰9B購01  ,0,0,0,0,0,0,0,0,0,10000,0,0,0,10000,0,10000,10000
058111,健鼎元富98購01  ,0,0,0,0,0,0,0,0,0,10000,0,0,0,20000,10000,10000,10000
058402,欣興元大99購04  ,0,0,0,0,0,0,0,0,0,10000,0,0,0,26000,16000,10000,10000
058387,國巨國票9A購03  ,0,0,0,0,0,0,0,0,0,10000,0,0,0,40000,30000,10000,10000
058343,台積電群益99購02,0,0,0,0,0,0,0,0,0,10000,0,0,0,60000,50000,10000,10000
057718,旺宏元富02購02  ,0,0,0,0,0,0,0,0,0,10000,0,0,0,212000,202000,10000,10000
058662,禾伸堂兆豐99購01,0,0,0,0,0,0,0,0,0,10000,0,0,0,10000,0,10000,10000
057497,祥碩元大98購06  ,0,0,0,0,0,0,0,0,0,10000,0,0,0,18000,8000,10000,10000
057403,亞光群益98購04  ,0,0,0,0,0,0,0,0,0,10000,0,0,0,40000,30000,10000,10000
057452,新日興元富98購01,0,0,0,0,0,0,0,0,0,10000,0,0,0,10000,0,10000,10000
057369,奇力新元大99購05,0,0,0,0,0,0,0,0,0,10000,0,0,0,10000,0,10000,10000
057164,國巨元大98購14  ,0,0,0,0,0,0,0,0,0,10000,0,0,0,10000,0,10000,10000
057165,國巨元大99購05  ,0,0,0,0,0,0,0,0,0,10000,0,0,0,10000,0,10000,10000
059121,瑞儀永豐99購01  ,0,0,0,0,0,0,0,0,0,10000,0,0,0,37000,27000,10000,10000
057117,開發金日盛9B購01,0,0,0,0,0,0,0,0,0,10000,0,0,0,10000,0,10000,10000
059273,臺指反元大9C購03,0,0,0,0,0,0,0,0,0,10000,0,0,0,10000,0,10000,10000
059256,臺股指凱基99購34,0,0,0,0,0,0,0,0,0,10000,0,0,0,10000,0,10000,10000
059443,嘉聯益元大9B購01,0,0,0,0,0,0,0,0,0,10000,0,0,0,10000,0,10000,10000
059452,全新永豐99購03  ,0,0,0,0,0,0,0,0,0,10000,0,0,0,10000,0,10000,10000
059492,國巨國票9A購06  ,0,0,0,0,0,0,0,0,0,10000,0,0,0,10000,0,10000,10000
057027,祥碩凱基98購01  ,0,0,0,0,0,0,0,0,0,10000,0,0,0,10000,0,10000,10000
05701P,彩晶凱基96售01  ,0,0,0,0,0,0,0,0,0,10000,0,0,0,10000,0,10000,10000
057843,晶技永豐98購02  ,0,0,0,0,0,0,0,0,0,10000,0,0,0,10000,0,10000,10000
057927,勤誠凱基98購01  ,0,0,0,0,0,0,0,0,0,10000,0,0,0,10000,0,10000,10000
057089,奇力新元富98購01,0,0,0,0,0,0,0,0,0,10000,0,0,0,10000,0,10000,10000
061977,國巨元大9B購02  ,0,0,0,0,0,0,0,0,0,10000,0,0,0,10000,0,10000,10000
061835,華新科凱基02購03,0,0,0,0,0,0,0,0,0,10000,0,0,0,10000,0,10000,10000
06185P,台表科元大97售05,0,0,0,0,0,0,0,0,0,10000,0,0,0,10000,0,10000,10000
062021,康控永豐9B購01  ,0,0,0,0,0,0,0,0,0,10000,0,0,0,10000,0,10000,10000
061747,南亞科統一01購01,0,0,0,0,0,0,0,0,0,10000,0,0,0,484000,474000,10000,10000
061793,上銀永豐9B購01  ,0,0,0,0,0,0,0,0,0,10000,0,0,0,10000,0,10000,10000
061571,奇力新元大9A購03,0,0,0,0,0,0,0,0,0,10000,0,0,0,10000,0,10000,10000
061599,元金反中信9C購01,0,0,0,0,0,0,0,0,0,10000,0,0,0,60000,50000,10000,10000
061527,牧德凱基9A購02  ,0,0,0,0,0,0,0,0,0,10000,0,0,0,65000,55000,10000,10000
061546,大立光群益9A購05,0,0,0,0,0,0,0,0,0,10000,0,0,0,10000,0,10000,10000
061146,台表科中信9A購02,0,0,0,0,0,0,0,0,0,10000,0,0,0,40000,30000,10000,10000
061111,台表科元大9A購02,0,0,0,0,0,0,0,0,0,10000,0,0,0,10000,0,10000,10000
061445,道瓊指中信9A購01,0,0,0,0,0,0,0,0,0,10000,0,0,0,10000,0,10000,10000
061287,大立光統一9B購06,0,0,0,0,0,0,0,0,0,10000,0,0,0,10000,0,10000,10000
060978,國巨元大9A購13  ,0,0,0,0,0,0,0,0,0,10000,0,0,0,40000,30000,10000,10000
060775,世芯凱基9A購02  ,0,0,0,0,0,0,0,0,0,10000,0,0,0,10000,0,10000,10000
060898,世芯凱基9A購03  ,0,0,0,0,0,0,0,0,0,10000,0,0,0,10000,0,10000,10000
060923,全新永豐9A購01  ,0,0,0,0,0,0,0,0,0,10000,0,0,0,10000,0,10000,10000
063044,滬深2X兆豐9C購01,0,0,0,0,0,0,0,0,0,10000,0,0,0,10000,0,10000,10000
062812,國巨兆豐9B購03  ,0,0,0,0,0,0,0,0,0,10000,0,0,0,10000,0,10000,10000
062814,台光電兆豐9B購01,0,0,0,0,0,0,0,0,0,10000,0,0,0,10000,0,10000,10000
06263P,燿華凱基97售04  ,0,0,0,0,0,0,0,0,0,10000,0,0,0,10000,0,10000,10000
062673,台新金中信03購01,0,0,0,0,0,0,0,0,0,10000,0,0,0,30000,20000,10000,10000
062209,台積電台新9B購05,0,0,0,0,0,0,0,0,0,10000,0,0,0,10000,0,10000,10000
062179,旺宏元大9B購05  ,0,0,0,0,0,0,0,0,0,10000,0,0,0,60000,50000,10000,10000
062303,台表科中信01購01,0,0,0,0,0,0,0,0,0,10000,0,0,0,30000,20000,10000,10000
9941,裕融            ,116000,70000,46000,0,0,0,0,39000,-39000,3000,3000,0,3000,0,0,0,10000
8429,金麗-KY         ,15000,6000,9000,0,0,0,0,0,0,1000,1000,0,1000,0,0,0,10000
6115,鎰勝            ,33000,23000,10000,0,0,0,0,0,0,0,0,0,0,0,0,0,10000
2543,皇昌            ,16000,6000,10000,0,0,0,0,0,0,0,0,0,0,0,0,0,10000
2904,匯僑            ,12000,2000,10000,0,0,0,0,0,0,0,0,0,0,0,0,0,10000
07363P,大立光元大99售26,0,0,0,0,0,0,0,0,0,9000,0,0,0,25000,16000,9000,9000
08038P,臺股指群益9B售11,0,0,0,0,0,0,0,0,0,9000,0,0,0,9000,0,9000,9000
2488,漢平            ,34000,28000,6000,0,0,0,0,0,0,3000,5000,2000,3000,0,0,0,9000
08271P,華通元富9C售01  ,0,0,0,0,0,0,0,0,0,9000,0,0,0,12000,3000,9000,9000
1568,倉佑            ,15000,7000,8000,0,0,0,0,0,0,1000,1000,0,1000,0,0,0,9000
1323,永裕            ,24000,15000,9000,0,0,0,0,0,0,0,0,0,0,0,0,0,9000
063852,瀚宇博元大9C購01,0,0,0,0,0,0,0,0,0,9000,0,0,0,10000,1000,9000,9000
063800,玉晶光凱基9C購02,0,0,0,0,0,0,0,0,0,9000,0,0,0,39000,30000,9000,9000
064175,華通國泰02購01  ,0,0,0,0,0,0,0,0,0,9000,0,0,0,18000,9000,9000,9000
06549P,大立光元大98售11,0,0,0,0,0,0,0,0,0,9000,0,0,0,9000,0,9000,9000
06590P,大立光元大98售13,0,0,0,0,0,0,0,0,0,9000,0,0,0,9000,0,9000,9000
06591P,大立光元大98售14,0,0,0,0,0,0,0,0,0,9000,0,0,0,9000,0,9000,9000
053562,玉晶光國泰98購02,0,0,0,0,0,0,0,0,0,9000,0,0,0,9000,0,9000,9000
053644,台表科國票97購03,0,0,0,0,0,0,0,0,0,9000,0,0,0,9000,0,9000,9000
054007,貿聯統一96購01  ,0,0,0,0,0,0,0,0,0,9000,0,0,0,9000,0,9000,9000
052090,聯發科元大97購03,0,0,0,0,0,0,0,0,0,9000,0,0,0,9000,0,9000,9000
054272,華通中信98購01  ,0,0,0,0,0,0,0,0,0,9000,0,0,0,20000,11000,9000,9000
051831,緯穎元大96購04  ,0,0,0,0,0,0,0,0,0,9000,0,0,0,9000,0,9000,9000
055145,T50反1元大97購04,0,0,0,0,0,0,0,0,0,9000,0,0,0,9000,0,9000,9000
055717,聯發科元大97購19,0,0,0,0,0,0,0,0,0,9000,0,0,0,9000,0,9000,9000
055806,致新永豐97購02  ,0,0,0,0,0,0,0,0,0,9000,0,0,0,10000,1000,9000,9000
056448,全新凱基99購01  ,0,0,0,0,0,0,0,0,0,9000,0,0,0,9000,0,9000,9000
054556,世芯凱基99購01  ,0,0,0,0,0,0,0,0,0,9000,0,0,0,10000,1000,9000,9000
054634,FB上証中信99購01,0,0,0,0,0,0,0,0,0,9000,0,0,0,9000,0,9000,9000
055032,億光富邦99購01  ,0,0,0,0,0,0,0,0,0,9000,0,0,0,55000,46000,9000,9000
058581,大立光群益99購05,0,0,0,0,0,0,0,0,0,9000,0,0,0,9000,0,9000,9000
059347,京鼎凱基99購02  ,0,0,0,0,0,0,0,0,0,9000,0,0,0,11000,2000,9000,9000
059341,台積電凱基99購15,0,0,0,0,0,0,0,0,0,9000,0,0,0,9000,0,9000,9000
059302,大立光群益99購08,0,0,0,0,0,0,0,0,0,9000,0,0,0,9000,0,9000,9000
057140,宏達電兆豐98購01,0,0,0,0,0,0,0,0,0,9000,0,0,0,9000,0,9000,9000
059148,百和國票9A購01  ,0,0,0,0,0,0,0,0,0,9000,0,0,0,47000,38000,9000,9000
056890,國巨元大98購11  ,0,0,0,0,0,0,0,0,0,9000,0,0,0,24000,15000,9000,9000
059238,台積電凱基99購11,0,0,0,0,0,0,0,0,0,9000,0,0,0,18000,9000,9000,9000
057729,華新科國泰99購04,0,0,0,0,0,0,0,0,0,9000,0,0,0,12000,3000,9000,9000
060116,世紀鋼元大99購07,0,0,0,0,0,0,0,0,0,9000,0,0,0,10000,1000,9000,9000
060063,可成兆豐9B購01  ,0,0,0,0,0,0,0,0,0,9000,0,0,0,14000,5000,9000,9000
058011,台虹國票99購01  ,0,0,0,0,0,0,0,0,0,9000,0,0,0,9000,0,9000,9000
059509,奇力新永豐99購02,0,0,0,0,0,0,0,0,0,9000,0,0,0,34000,25000,9000,9000
059706,嘉晶凱基99購01  ,0,0,0,0,0,0,0,0,0,9000,0,0,0,9000,0,9000,9000
059825,嘉晶凱基99購02  ,0,0,0,0,0,0,0,0,0,9000,0,0,0,9000,0,9000,9000
059932,世紀鋼富邦9A購02,0,0,0,0,0,0,0,0,0,9000,0,0,0,378000,369000,9000,9000
062146,大毅國票9B購01  ,0,0,0,0,0,0,0,0,0,9000,0,0,0,11000,2000,9000,9000
06239P,奇力新元大97售08,0,0,0,0,0,0,0,0,0,9000,0,0,0,9000,0,9000,9000
062712,晶技麥證9B購02  ,0,0,0,9000,0,9000,0,0,0,9000,0,0,0,9000,0,9000,9000
062753,台積電麥證9B購01,0,0,0,9000,0,9000,0,0,0,9000,0,0,0,9000,0,9000,9000
062625,華通國票9B購02  ,0,0,0,0,0,0,0,0,0,9000,0,0,0,54000,45000,9000,9000
062620,台表科元大9B購04,0,0,0,0,0,0,0,0,0,9000,0,0,0,37000,28000,9000,9000
063007,儒鴻元大9B購01  ,0,0,0,0,0,0,0,0,0,9000,0,0,0,89000,80000,9000,9000
060909,金像電元大9B購01,0,0,0,0,0,0,0,0,0,9000,0,0,0,36000,27000,9000,9000
060799,茂林永豐9A購01  ,0,0,0,0,0,0,0,0,0,9000,0,0,0,130000,121000,9000,9000
060948,可成第一9A購01  ,0,0,0,0,0,0,0,0,0,9000,0,0,0,9000,0,9000,9000
061740,華新科凱基03購01,0,0,0,0,0,0,0,0,0,9000,0,0,0,10000,1000,9000,9000
061693,華新科群益9B購02,0,0,0,0,0,0,0,0,0,9000,0,0,0,10000,1000,9000,9000
3703,欣陸            ,145000,145000,0,0,0,0,0,0,0,9000,9000,0,9000,0,0,0,9000
3622,洋華            ,12000,4000,8000,0,0,0,0,0,0,1000,1000,0,1000,0,0,0,9000
5525,順天            ,9000,0,9000,0,0,0,0,0,0,0,0,0,0,0,0,0,9000
6192,巨路            ,44000,37000,7000,0,0,0,0,0,0,2000,2000,0,2000,0,0,0,9000
06486P,麗豐元大98售02  ,0,0,0,0,0,0,0,0,0,8000,0,0,0,394000,386000,8000,8000
06625P,華新科統一98售03,0,0,0,0,0,0,0,0,0,8000,0,0,0,8000,0,8000,8000
06641P,智邦兆豐99售01  ,0,0,0,0,0,0,0,0,0,8000,0,0,0,8000,0,8000,8000
06813P,友訊元富98售03  ,0,0,0,0,0,0,0,0,0,8000,0,0,0,175000,167000,8000,8000
063544,華新科台新9B購02,0,0,0,0,0,0,0,0,0,8000,0,0,0,31000,23000,8000,8000
063576,台表科元大9B購08,0,0,0,0,0,0,0,0,0,8000,0,0,0,8000,0,8000,8000
1316,上曜            ,21000,19000,2000,0,0,0,0,0,0,6000,6000,0,6000,0,0,0,8000
2440,太空梭          ,9000,1000,8000,0,0,0,0,0,0,0,0,0,0,0,0,0,8000
2028,威致            ,9000,1000,8000,0,0,0,0,0,0,0,0,0,0,0,0,0,8000
1805,寶徠            ,8000,0,8000,0,0,0,0,0,0,0,0,0,0,0,0,0,8000
08010P,大成鋼元大9B售01,0,0,0,0,0,0,0,0,0,8000,0,0,0,100000,92000,8000,8000
07877P,晶技永豐9B售01  ,0,0,0,0,0,0,0,0,0,8000,0,0,0,27000,19000,8000,8000
07553P,嘉晶元大9A售02  ,0,0,0,0,0,0,0,0,0,8000,0,0,0,28000,20000,8000,8000
054550,旺宏凱基98購02  ,0,0,0,0,0,0,0,0,0,8000,0,0,0,120000,112000,8000,8000
054569,GIS群益98購01   ,0,0,0,0,0,0,0,0,0,8000,0,0,0,8000,0,8000,8000
056467,上証2X元大98購02,0,0,0,0,0,0,0,0,0,8000,0,0,0,10000,2000,8000,8000
055129,鈺齊兆豐97購01  ,0,0,0,0,0,0,0,0,0,8000,0,0,0,8000,0,8000,8000
055108,智邦凱基98購01  ,0,0,0,0,0,0,0,0,0,8000,0,0,0,8000,0,8000,8000
054804,南亞元大9A購01  ,0,0,0,0,0,0,0,0,0,8000,0,0,0,10000,2000,8000,8000
054906,神達康和97購01  ,0,0,0,0,0,0,0,0,0,8000,0,0,0,8000,0,8000,8000
03035X,元展32          ,0,0,0,0,0,0,0,0,0,8000,0,0,0,8000,0,8000,8000
054306,聯發科凱基96購23,0,0,0,0,0,0,0,0,0,8000,0,0,0,8000,0,8000,8000
053154,聯詠元大96購01  ,0,0,0,0,0,0,0,0,0,8000,0,0,0,8000,0,8000,8000
056661,臺股指元大9A購08,0,0,0,0,0,0,0,0,0,8000,0,0,0,8000,0,8000,8000
055587,智邦元大97購02  ,0,0,0,0,0,0,0,0,0,8000,0,0,0,8000,0,8000,8000
059903,S&P正2元大99購02,0,0,0,0,0,0,0,0,0,8000,0,0,0,8000,0,8000,8000
059506,滬深2X永豐99購04,0,0,0,0,0,0,0,0,0,8000,0,0,0,10000,2000,8000,8000
059673,玉山金元富99購01,0,0,0,0,0,0,0,0,0,8000,0,0,0,8000,0,8000,8000
060367,緯穎元富9A購02  ,0,0,0,0,0,0,0,0,0,8000,0,0,0,147000,139000,8000,8000
060635,義隆永豐9A購01  ,0,0,0,0,0,0,0,0,0,8000,0,0,0,28000,20000,8000,8000
059218,台積電元大99購31,0,0,0,0,0,0,0,0,0,8000,0,0,0,8000,0,8000,8000
058533,玉晶光元富99購01,0,0,0,0,0,0,0,0,0,8000,0,0,0,10000,2000,8000,8000
058446,新光金富邦9C購01,0,0,0,0,0,0,0,0,0,8000,0,0,0,8000,0,8000,8000
057682,台積電日盛9A購03,0,0,0,0,0,0,0,0,0,8000,0,0,0,8000,0,8000,8000
058443,T50正2富邦01購01,0,0,0,0,0,0,0,0,0,8000,0,0,0,11000,3000,8000,8000
058916,SGBR2X元富99購02,0,0,0,0,0,0,0,0,0,8000,0,0,0,10000,2000,8000,8000
058875,台表科國票9A購02,0,0,0,0,0,0,0,0,0,8000,0,0,0,26000,18000,8000,8000
059129,麗豐中信99購01  ,0,0,0,0,0,0,0,0,0,8000,0,0,0,30000,22000,8000,8000
057331,台積電國票99購04,0,0,0,0,0,0,0,0,0,8000,0,0,0,12000,4000,8000,8000
059264,台光電中信99購02,0,0,0,0,0,0,0,0,0,8000,0,0,0,20000,12000,8000,8000
059268,鎧勝中信01購01  ,0,0,0,0,0,0,0,0,0,8000,0,0,0,8000,0,8000,8000
059431,旺宏元大99購14  ,0,0,0,0,0,0,0,0,0,8000,0,0,0,8000,0,8000,8000
061671,台灣50元大9A購21,0,0,0,0,0,0,0,0,0,8000,0,0,0,8000,0,8000,8000
062110,華擎國票9B購01  ,0,0,0,0,0,0,0,0,0,8000,0,0,0,8000,0,8000,8000
061433,華通麥證9A購03  ,0,0,0,8000,0,8000,0,0,0,8000,0,0,0,8000,0,8000,8000
062942,嘉澤凱基9B購02  ,0,0,0,0,0,0,0,0,0,8000,0,0,0,34000,26000,8000,8000
062607,美食凱基9B購01  ,0,0,0,0,0,0,0,0,0,8000,0,0,0,19000,11000,8000,8000
062432,上銀元大9B購04  ,0,0,0,0,0,0,0,0,0,8000,0,0,0,38000,30000,8000,8000
8072,陞泰            ,26000,14000,12000,0,0,0,0,0,0,-4000,0,4000,-4000,0,0,0,8000
4439,冠星-KY         ,9000,1000,8000,0,0,0,0,0,0,0,0,0,0,0,0,0,8000
4562,穎漢            ,12000,4000,8000,0,0,0,0,0,0,0,0,0,0,0,0,0,8000
07158P,FBVIX國泰9C售01 ,0,0,0,0,0,0,0,0,0,7000,0,0,0,7000,0,7000,7000
1256,鮮活果汁-KY     ,17000,10000,7000,0,0,0,0,0,0,0,0,0,0,0,0,0,7000
1203,味王            ,7000,0,7000,0,0,0,0,0,0,0,0,0,0,0,0,0,7000
08170P,緯穎群益9B售03  ,0,0,0,0,0,0,0,0,0,7000,0,0,0,7000,0,7000,7000
063521,國巨凱基03購01  ,0,0,0,0,0,0,0,0,0,7000,0,0,0,10000,3000,7000,7000
063422,奇鋐凱基9B購04  ,0,0,0,0,0,0,0,0,0,7000,0,0,0,7000,0,7000,7000
063778,亞德客永豐9B購02,0,0,0,0,0,0,0,0,0,7000,0,0,0,7000,0,7000,7000
06386P,欣興永豐97售03  ,0,0,0,0,0,0,0,0,0,7000,0,0,0,27000,20000,7000,7000
063929,高鐵統一02購01  ,0,0,0,0,0,0,0,0,0,7000,0,0,0,180000,173000,7000,7000
07033P,大立光統一9B售03,0,0,0,0,0,0,0,0,0,7000,0,0,0,22000,15000,7000,7000
07114P,旺宏兆豐9A售01  ,0,0,0,0,0,0,0,0,0,7000,0,0,0,7000,0,7000,7000
06932P,大立光元大98售21,0,0,0,0,0,0,0,0,0,7000,0,0,0,7000,0,7000,7000
06621P,欣興元大98售06  ,0,0,0,0,0,0,0,0,0,7000,0,0,0,25000,18000,7000,7000
054361,技嘉凱基96購01  ,0,0,0,0,0,0,0,0,0,7000,0,0,0,8000,1000,7000,7000
01002T,土銀國泰R1      ,7000,0,7000,0,0,0,0,0,0,0,0,0,0,0,0,0,7000
00654R,富邦印度反1     ,22000,62000,-40000,0,0,0,0,0,0,47000,0,0,0,54000,7000,47000,7000
054268,健策第一96購01  ,0,0,0,0,0,0,0,0,0,7000,0,0,0,7000,0,7000,7000
054212,聯詠國票97購03  ,0,0,0,0,0,0,0,0,0,7000,0,0,0,70000,63000,7000,7000
049024,玉晶光群益97購01,0,0,0,0,0,0,0,0,0,7000,0,0,0,21000,14000,7000,7000
054820,新日興元大97購01,0,0,0,0,0,0,0,0,0,7000,0,0,0,7000,0,7000,7000
055854,群創元大98購04  ,0,0,0,0,0,0,0,0,0,7000,0,0,0,7000,0,7000,7000
055880,神達元富97購02  ,0,0,0,0,0,0,0,0,0,7000,0,0,0,7000,0,7000,7000
058293,光寶科凱基9A購01,0,0,0,0,0,0,0,0,0,7000,0,0,0,73000,66000,7000,7000
057881,SP黃豆群益9A購01,0,0,0,0,0,0,0,0,0,7000,0,0,0,7000,0,7000,7000
056988,聚陽兆豐98購01  ,0,0,0,0,0,0,0,0,0,7000,0,0,0,7000,0,7000,7000
056996,矽力日盛99購01  ,0,0,0,0,0,0,0,0,0,7000,0,0,0,7000,0,7000,7000
057327,玉晶光群益9A購04,0,0,0,0,0,0,0,0,0,7000,0,0,0,12000,5000,7000,7000
058932,FBVIX台新99購01 ,0,0,0,0,0,0,0,0,0,7000,0,0,0,7000,0,7000,7000
057789,上銀統一9A購01  ,0,0,0,0,0,0,0,0,0,7000,0,0,0,43000,36000,7000,7000
059248,華新科凱基99購04,0,0,0,0,0,0,0,0,0,7000,0,0,0,7000,0,7000,7000
059005,嘉晶元大99購06  ,0,0,0,0,0,0,0,0,0,7000,0,0,0,10000,3000,7000,7000
060624,玉晶光元大9C購02,0,0,0,0,0,0,0,0,0,7000,0,0,0,62000,55000,7000,7000
059613,泰鼎永豐99購02  ,0,0,0,0,0,0,0,0,0,7000,0,0,0,11000,4000,7000,7000
059513,揚明光永豐99購01,0,0,0,0,0,0,0,0,0,7000,0,0,0,19000,12000,7000,7000
058768,南港兆豐99購01  ,0,0,0,0,0,0,0,0,0,7000,0,0,0,117000,110000,7000,7000
059921,大立光元大99購24,0,0,0,0,0,0,0,0,0,7000,0,0,0,32000,25000,7000,7000
058746,華通凱基9A購02  ,0,0,0,0,0,0,0,0,0,7000,0,0,0,9000,2000,7000,7000
062360,華邦電元大9B購01,0,0,0,0,0,0,0,0,0,7000,0,0,0,309000,302000,7000,7000
062723,聯發科凱基9B購09,0,0,0,0,0,0,0,0,0,7000,0,0,0,17000,10000,7000,7000
062717,華邦電凱基9C購01,0,0,0,0,0,0,0,0,0,7000,0,0,0,95000,88000,7000,7000
06322P,超眾統一97售04  ,0,0,0,0,0,0,0,0,0,7000,0,0,0,10000,3000,7000,7000
060752,上銀元大9A購04  ,0,0,0,0,0,0,0,0,0,7000,0,0,0,10000,3000,7000,7000
061990,台勝科元大9C購01,0,0,0,0,0,0,0,0,0,7000,0,0,0,120000,113000,7000,7000
061848,國巨國票9B購07  ,0,0,0,0,0,0,0,0,0,7000,0,0,0,7000,0,7000,7000
061688,華通群益9A購07  ,0,0,0,0,0,0,0,0,0,7000,0,0,0,7000,0,7000,7000
061605,華新科凱基9A購14,0,0,0,0,0,0,0,0,0,7000,0,0,0,8000,1000,7000,7000
061637,華新科元大9A購22,0,0,0,0,0,0,0,0,0,7000,0,0,0,7000,0,7000,7000
3380,明泰            ,316000,249000,67000,0,0,0,0,0,0,-60000,8000,0,8000,27000,95000,-68000,7000
3027,盛達            ,4000,5000,-1000,0,0,0,0,0,0,8000,9000,1000,8000,0,0,0,7000
2540,愛山林          ,7000,0,7000,0,0,0,0,0,0,0,0,0,0,0,0,0,7000
8411,福貞-KY         ,10000,4000,6000,0,0,0,0,0,0,1000,1000,0,1000,0,0,0,7000
6283,淳安            ,38000,32000,6000,0,0,0,0,0,0,1000,2000,1000,1000,0,0,0,7000
1582,信錦            ,53000,53750,-750,0,0,0,0,0,0,7000,1000,1000,0,7000,0,7000,6250
1465,偉全            ,6000,0,6000,0,0,0,0,0,0,0,0,0,0,0,0,0,6000
1416,廣豐            ,14000,7000,7000,0,0,0,0,0,0,-1000,0,1000,-1000,0,0,0,6000
2032,新鋼            ,7000,1000,6000,0,0,0,0,0,0,0,0,0,0,0,0,0,6000
2008,高興昌          ,6000,0,6000,0,0,0,0,0,0,0,0,0,0,0,0,0,6000
2107,厚生            ,173000,182000,-9000,0,0,0,0,0,0,15000,15000,0,15000,0,0,0,6000
2450,神腦            ,27000,23000,4000,0,0,0,0,0,0,2000,2000,0,2000,0,0,0,6000
07137P,大立光中信9B售01,0,0,0,0,0,0,0,0,0,6000,0,0,0,6000,0,6000,6000
07829P,旺宏凱基9A售07  ,0,0,0,0,0,0,0,0,0,6000,0,0,0,6000,0,6000,6000
07819P,旺宏國票9B售01  ,0,0,0,0,0,0,0,0,0,6000,0,0,0,167000,161000,6000,6000
07943P,瑞昱元大9B售02  ,0,0,0,0,0,0,0,0,0,6000,0,0,0,11000,5000,6000,6000
06547P,大立光元大98售09,0,0,0,0,0,0,0,0,0,6000,0,0,0,6000,0,6000,6000
064086,旺宏凱基9C購01  ,0,0,0,0,0,0,0,0,0,6000,0,0,0,12000,6000,6000,6000
07118P,台積電凱基99售09,0,0,0,0,0,0,0,0,0,6000,0,0,0,241000,235000,6000,6000
07031P,台灣50中信03售02,0,0,0,0,0,0,0,0,0,6000,0,0,0,50000,44000,6000,6000
063974,南電國票01購01  ,0,0,0,0,0,0,0,0,0,6000,0,0,0,6000,0,6000,6000
063468,聯詠元大9B購04  ,0,0,0,0,0,0,0,0,0,6000,0,0,0,58000,52000,6000,6000
063454,瑞儀統一9B購01  ,0,0,0,0,0,0,0,0,0,6000,0,0,0,35000,29000,6000,6000
063527,美食凱基01購01  ,0,0,0,0,0,0,0,0,0,6000,0,0,0,6000,0,6000,6000
058323,泰鼎永豐9A購01  ,0,0,0,0,0,0,0,0,0,6000,0,0,0,45000,39000,6000,6000
058329,S&P正2元富01購01,0,0,0,0,0,0,0,0,0,6000,0,0,0,524000,518000,6000,6000
058470,台灣50日盛9B購02,0,0,0,0,0,0,0,0,0,6000,0,0,0,6000,0,6000,6000
058631,鈺齊國票9A購01  ,0,0,0,0,0,0,0,0,0,6000,0,0,0,69000,63000,6000,6000
056023,晶豪科群益97購01,0,0,0,0,0,0,0,0,0,6000,0,0,0,6000,0,6000,6000
056025,嘉晶群益97購01  ,0,0,0,0,0,0,0,0,0,6000,0,0,0,6000,0,6000,6000
054977,SP黃豆元富9B購01,0,0,0,0,0,0,0,0,0,6000,0,0,0,6000,0,6000,6000
056132,台光電元大97購03,0,0,0,0,0,0,0,0,0,6000,0,0,0,10000,4000,6000,6000
056495,泰鼎國泰99購01  ,0,0,0,0,0,0,0,0,0,6000,0,0,0,6000,0,6000,6000
054835,致新中信97購01  ,0,0,0,0,0,0,0,0,0,6000,0,0,0,20000,14000,6000,6000
055821,勤誠國票98購01  ,0,0,0,0,0,0,0,0,0,6000,0,0,0,6000,0,6000,6000
055390,國巨統一98購03  ,0,0,0,0,0,0,0,0,0,6000,0,0,0,16000,10000,6000,6000
055335,健策兆豐98購01  ,0,0,0,0,0,0,0,0,0,6000,0,0,0,6000,0,6000,6000
049255,旺宏元大97購02  ,0,0,0,0,0,0,0,0,0,6000,0,0,0,110000,104000,6000,6000
047689,瑞昱富邦97購01  ,0,0,0,0,0,0,0,0,0,6000,0,0,0,6000,0,6000,6000
054135,大立光元大97購04,0,0,0,0,0,0,0,0,0,6000,0,0,0,6000,0,6000,6000
054128,台積電元大97購10,0,0,0,0,0,0,0,0,0,6000,0,0,0,10000,4000,6000,6000
051845,世紀鋼富邦96購01,0,0,0,0,0,0,0,0,0,6000,0,0,0,6000,0,6000,6000
03039X,元展36          ,0,0,0,0,0,0,0,0,0,6000,0,0,0,6000,0,6000,6000
03009X,元展09          ,0,0,0,0,0,0,0,0,0,6000,0,0,0,6000,0,6000,6000
039212,台達電台新9A購01,0,0,0,0,0,0,0,0,0,6000,0,0,0,6000,0,6000,6000
051381,玉晶光群益98購01,0,0,0,0,0,0,0,0,0,6000,0,0,0,11000,5000,6000,6000
051591,玉晶光元大97購01,0,0,0,0,0,0,0,0,0,6000,0,0,0,6000,0,6000,6000
053742,創意國票97購01  ,0,0,0,0,0,0,0,0,0,6000,0,0,0,6000,0,6000,6000
053353,玉晶光兆豐97購03,0,0,0,0,0,0,0,0,0,6000,0,0,0,6000,0,6000,6000
053449,超眾凱基98購01  ,0,0,0,0,0,0,0,0,0,6000,0,0,0,46000,40000,6000,6000
056712,京鼎永豐98購01  ,0,0,0,0,0,0,0,0,0,6000,0,0,0,6000,0,6000,6000
052942,聯發科中信97購04,0,0,0,0,0,0,0,0,0,6000,0,0,0,6000,0,6000,6000
058727,嘉晶富邦9A購01  ,0,0,0,0,0,0,0,0,0,6000,0,0,0,20000,14000,6000,6000
058037,台灣50元大9B購02,0,0,0,0,0,0,0,0,0,6000,0,0,0,6000,0,6000,6000
059544,創意亞東99購01  ,0,0,0,0,0,0,0,0,0,6000,0,0,0,14000,8000,6000,6000
059676,台積電台新99購05,0,0,0,0,0,0,0,0,0,6000,0,0,0,6000,0,6000,6000
060394,欣興麥證9A購01  ,0,0,0,6000,0,6000,0,0,0,6000,0,0,0,6000,0,6000,6000
060314,元翎永豐9A購01  ,0,0,0,0,0,0,0,0,0,6000,0,0,0,74000,68000,6000,6000
060074,台積電元富99購04,0,0,0,0,0,0,0,0,0,6000,0,0,0,8000,2000,6000,6000
059035,旺宏群益99購06  ,0,0,0,0,0,0,0,0,0,6000,0,0,0,6000,0,6000,6000
057792,群創統一99購01  ,0,0,0,0,0,0,0,0,0,6000,0,0,0,529000,523000,6000,6000
057703,矽力群益98購01  ,0,0,0,0,0,0,0,0,0,6000,0,0,0,6000,0,6000,6000
05750P,臺股指群益99售04,0,0,0,0,0,0,0,0,0,6000,0,0,0,10000,4000,6000,6000
057019,台積電凱基98購14,0,0,0,0,0,0,0,0,0,6000,0,0,0,41000,35000,6000,6000
059384,上証2X凱基9B購01,0,0,0,0,0,0,0,0,0,6000,0,0,0,10000,4000,6000,6000
061531,奇鋐台新9A購01  ,0,0,0,0,0,0,0,0,0,6000,0,0,0,6000,0,6000,6000
061853,晶技國票9B購02  ,0,0,0,0,0,0,0,0,0,6000,0,0,0,16000,10000,6000,6000
061952,臺股指群益9B購01,0,0,0,0,0,0,0,0,0,6000,0,0,0,6000,0,6000,6000
061247,玉晶光群益9A購09,0,0,0,0,0,0,0,0,0,6000,0,0,0,25000,19000,6000,6000
063190,聯茂凱基9B購01  ,0,0,0,0,0,0,0,0,0,6000,0,0,0,16000,10000,6000,6000
063039,大立光凱基9C購02,0,0,0,0,0,0,0,0,0,6000,0,0,0,56000,50000,6000,6000
062683,可成統一9B購04  ,0,0,0,0,0,0,0,0,0,6000,0,0,0,6000,0,6000,6000
062478,牧德國票9B購03  ,0,0,0,0,0,0,0,0,0,6000,0,0,0,15000,9000,6000,6000
062538,台積電國泰9C購02,0,0,0,0,0,0,0,0,0,6000,0,0,0,27000,21000,6000,6000
062449,臻鼎元大9B購01  ,0,0,0,0,0,0,0,0,0,6000,0,0,0,106000,100000,6000,6000
062178,上銀元大9B購03  ,0,0,0,0,0,0,0,0,0,6000,0,0,0,13000,7000,6000,6000
062211,玉晶光台新9B購01,0,0,0,0,0,0,0,0,0,6000,0,0,0,6000,0,6000,6000
6579,研揚            ,6000,0,6000,0,0,0,0,0,0,0,0,0,0,0,0,0,6000
5285,界霖            ,43000,39000,4000,0,0,0,0,0,0,2000,3000,1000,2000,0,0,0,6000
9926,新海            ,6000,0,6000,0,0,0,0,0,0,0,0,0,0,0,0,0,6000
2545,皇翔            ,56000,52000,4000,0,0,0,0,0,0,2000,2000,0,2000,0,0,0,6000
4438,廣越            ,30000,24000,6000,0,0,0,0,0,0,0,0,0,0,0,0,0,6000
063597,健策中信9B購02  ,0,0,0,0,0,0,0,0,0,5000,0,0,0,5000,0,5000,5000
063753,矽創國票9C購01  ,0,0,0,0,0,0,0,0,0,5000,0,0,0,53000,48000,5000,5000
06944P,健鼎元富98售02  ,0,0,0,0,0,0,0,0,0,5000,0,0,0,5000,0,5000,5000
06636P,可成凱基98售08  ,0,0,0,0,0,0,0,0,0,5000,0,0,0,5000,0,5000,5000
064066,達新永豐9C購01  ,0,0,0,0,0,0,0,0,0,5000,0,0,0,15000,10000,5000,5000
064163,康控統一01購01  ,0,0,0,0,0,0,0,0,0,5000,0,0,0,5000,0,5000,5000
07744P,奇力新凱基9A售05,0,0,0,0,0,0,0,0,0,5000,0,0,0,64000,59000,5000,5000
07668P,旺宏元大9A售10  ,0,0,0,0,0,0,0,0,0,5000,0,0,0,25000,20000,5000,5000
1325,恆大            ,10000,56000,-46000,0,0,0,10000,0,10000,41000,31000,0,31000,10000,0,10000,5000
1603,華電            ,7000,2000,5000,0,0,0,0,0,0,0,0,0,0,0,0,0,5000
08150P,立積國票9C售01  ,0,0,0,0,0,0,0,0,0,5000,0,0,0,5000,0,5000,5000
052905,潤泰全國票97購01,0,0,0,0,0,0,0,0,0,5000,0,0,0,5000,0,5000,5000
052838,新唐國泰98購01  ,0,0,0,0,0,0,0,0,0,5000,0,0,0,35000,30000,5000,5000
052855,群創日盛99購01  ,0,0,0,0,0,0,0,0,0,5000,0,0,0,5000,0,5000,5000
055525,國巨群益98購05  ,0,0,0,0,0,0,0,0,0,5000,0,0,0,5000,0,5000,5000
055506,台郡元大99購02  ,0,0,0,0,0,0,0,0,0,5000,0,0,0,5000,0,5000,5000
056697,緯穎群益98購01  ,0,0,0,0,0,0,0,0,0,5000,0,0,0,10000,5000,5000,5000
056608,力山永豐98購01  ,0,0,0,0,0,0,0,0,0,5000,0,0,0,5000,0,5000,5000
053477,大立光元大97購03,0,0,0,0,0,0,0,0,0,5000,0,0,0,5000,0,5000,5000
053509,華新群益98購01  ,0,0,0,0,0,0,0,0,0,5000,0,0,0,5000,0,5000,5000
053695,智易元大97購02  ,0,0,0,0,0,0,0,0,0,5000,0,0,0,5000,0,5000,5000
054387,台積電統一98購02,0,0,0,0,0,0,0,0,0,5000,0,0,0,5000,0,5000,5000
054427,潤泰全富邦97購01,0,0,0,0,0,0,0,0,0,5000,0,0,0,24000,19000,5000,5000
054297,台郡元大98購01  ,0,0,0,0,0,0,0,0,0,5000,0,0,0,5000,0,5000,5000
054319,世紀鋼凱基96購02,0,0,0,0,0,0,0,0,0,5000,0,0,0,40000,35000,5000,5000
054349,同欣電國票97購02,0,0,0,0,0,0,0,0,0,5000,0,0,0,25000,20000,5000,5000
052557,群創國票97購02  ,0,0,0,0,0,0,0,0,0,5000,0,0,0,5000,0,5000,5000
053130,聯發科麥證96購01,0,0,0,5000,0,5000,0,0,0,5000,0,0,0,5000,0,5000,5000
053172,瑞儀群益97購01  ,0,0,0,0,0,0,0,0,0,5000,0,0,0,5000,0,5000,5000
051575,國巨元大96購03  ,0,0,0,0,0,0,0,0,0,5000,0,0,0,5000,0,5000,5000
03810P,大立光富邦98售01,0,0,0,0,0,0,0,0,0,5000,0,0,0,5000,0,5000,5000
03674C,臺股指元富9C牛02,0,0,0,0,0,0,0,0,0,5000,0,0,0,5000,0,5000,5000
03012X,元展12          ,0,0,0,0,0,0,0,0,0,5000,0,0,0,5000,0,5000,5000
051755,台積電元大96購08,0,0,0,0,0,0,0,0,0,5000,0,0,0,5000,0,5000,5000
03047X,元展44          ,0,0,0,0,0,0,0,0,0,5000,0,0,0,6000,1000,5000,5000
04932P,香港2X中信96售01,0,0,0,0,0,0,0,0,0,5000,0,0,0,5000,0,5000,5000
048189,臺指反元大96購06,0,0,0,0,0,0,0,0,0,5000,0,0,0,5000,0,5000,5000
045443,群創元富98購01  ,0,0,0,0,0,0,0,0,0,5000,0,0,0,15000,10000,5000,5000
046928,奇鋐富邦97購01  ,0,0,0,0,0,0,0,0,0,5000,0,0,0,5000,0,5000,5000
047196,上銀統一97購01  ,0,0,0,0,0,0,0,0,0,5000,0,0,0,5000,0,5000,5000
050561,上証2X元富97購01,0,0,0,0,0,0,0,0,0,5000,0,0,0,5000,0,5000,5000
055356,大立光凱基97購06,0,0,0,0,0,0,0,0,0,5000,0,0,0,5000,0,5000,5000
055157,晶豪科元大97購01,0,0,0,0,0,0,0,0,0,5000,0,0,0,5000,0,5000,5000
055140,晶相光永豐97購01,0,0,0,0,0,0,0,0,0,5000,0,0,0,5000,0,5000,5000
055209,勤誠康和97購01  ,0,0,0,0,0,0,0,0,0,5000,0,0,0,5000,0,5000,5000
056428,台達電凱基99購01,0,0,0,0,0,0,0,0,0,5000,0,0,0,5000,0,5000,5000
056548,瀚宇博凱基98購02,0,0,0,0,0,0,0,0,0,5000,0,0,0,15000,10000,5000,5000
055884,臺股指元富97購01,0,0,0,0,0,0,0,0,0,5000,0,0,0,5000,0,5000,5000
056275,國巨國泰98購04  ,0,0,0,0,0,0,0,0,0,5000,0,0,0,15000,10000,5000,5000
056325,群創兆豐9A購01  ,0,0,0,0,0,0,0,0,0,5000,0,0,0,5000,0,5000,5000
055996,矽力國泰99購01  ,0,0,0,0,0,0,0,0,0,5000,0,0,0,5000,0,5000,5000
054577,世芯元大98購01  ,0,0,0,0,0,0,0,0,0,5000,0,0,0,5000,0,5000,5000
058611,欣興元大99購06  ,0,0,0,0,0,0,0,0,0,5000,0,0,0,15000,10000,5000,5000
058579,聯發科群益99購04,0,0,0,0,0,0,0,0,0,5000,0,0,0,5000,0,5000,5000
058256,臺股指元大9A購20,0,0,0,0,0,0,0,0,0,5000,0,0,0,5000,0,5000,5000
059388,國巨凱基99購13  ,0,0,0,0,0,0,0,0,0,5000,0,0,0,5000,0,5000,5000
059459,訊芯永豐99購04  ,0,0,0,0,0,0,0,0,0,5000,0,0,0,7000,2000,5000,5000
059489,上証2X國票9A購01,0,0,0,0,0,0,0,0,0,5000,0,0,0,10000,5000,5000,5000
057882,華通群益9A購03  ,0,0,0,0,0,0,0,0,0,5000,0,0,0,5000,0,5000,5000
057879,電子類元大99購02,0,0,0,0,0,0,0,0,0,5000,0,0,0,5000,0,5000,5000
057440,台積電統一98購10,0,0,0,0,0,0,0,0,0,5000,0,0,0,5000,0,5000,5000
05739P,臺股指統一97售02,0,0,0,0,0,0,0,0,0,5000,0,0,0,5000,0,5000,5000
057503,世紀鋼群益98購02,0,0,0,0,0,0,0,0,0,5000,0,0,0,5000,0,5000,5000
057388,奇鋐永豐98購02  ,0,0,0,0,0,0,0,0,0,5000,0,0,0,5000,0,5000,5000
057125,國巨凱基98購12  ,0,0,0,0,0,0,0,0,0,5000,0,0,0,5000,0,5000,5000
057685,台灣50凱基9C購01,0,0,0,0,0,0,0,0,0,5000,0,0,0,5000,0,5000,5000
057711,台積電統一9A購03,0,0,0,0,0,0,0,0,0,5000,0,0,0,5000,0,5000,5000
058346,嘉晶群益99購01  ,0,0,0,0,0,0,0,0,0,5000,0,0,0,5000,0,5000,5000
058360,台光電凱基9A購02,0,0,0,0,0,0,0,0,0,5000,0,0,0,5000,0,5000,5000
058884,世紀鋼永豐99購02,0,0,0,0,0,0,0,0,0,5000,0,0,0,50000,45000,5000,5000
058099,鴻海國泰9A購02  ,0,0,0,0,0,0,0,0,0,5000,0,0,0,5000,0,5000,5000
058842,元油2X群益9C購01,0,0,0,0,0,0,0,0,0,5000,0,0,0,25000,20000,5000,5000
057819,新日興元大99購01,0,0,0,0,0,0,0,0,0,5000,0,0,0,5000,0,5000,5000
059234,台灣50凱基9C購03,0,0,0,0,0,0,0,0,0,5000,0,0,0,5000,0,5000,5000
056879,旺宏國票99購02  ,0,0,0,0,0,0,0,0,0,5000,0,0,0,5000,0,5000,5000
059007,南電元大99購05  ,0,0,0,0,0,0,0,0,0,5000,0,0,0,18000,13000,5000,5000
058998,鴻海元大99購22  ,0,0,0,0,0,0,0,0,0,5000,0,0,0,38000,33000,5000,5000
059073,元油2X元大9C購14,0,0,0,0,0,0,0,0,0,5000,0,0,0,7000,2000,5000,5000
059084,鴻海元大99購24  ,0,0,0,0,0,0,0,0,0,5000,0,0,0,58000,53000,5000,5000
05908P,大立光元富96售05,0,0,0,0,0,0,0,0,0,5000,0,0,0,5000,0,5000,5000
060105,牧德元大9B購01  ,0,0,0,0,0,0,0,0,0,5000,0,0,0,40000,35000,5000,5000
059992,S&P正2元富9B購04,0,0,0,0,0,0,0,0,0,5000,0,0,0,6000,1000,5000,5000
059954,華新科康和99購01,0,0,0,0,0,0,0,0,0,5000,0,0,0,20000,15000,5000,5000
060011,臺股指群益9C購06,0,0,0,0,0,0,0,0,0,5000,0,0,0,6000,1000,5000,5000
060383,葡萄王凱基9A購01,0,0,0,0,0,0,0,0,0,5000,0,0,0,135000,130000,5000,5000
060584,玉晶光元富9A購01,0,0,0,0,0,0,0,0,0,5000,0,0,0,5000,0,5000,5000
059650,緯穎凱基99購04  ,0,0,0,0,0,0,0,0,0,5000,0,0,0,5000,0,5000,5000
059590,台積電元大99購39,0,0,0,0,0,0,0,0,0,5000,0,0,0,5000,0,5000,5000
059824,大立光凱基99購13,0,0,0,0,0,0,0,0,0,5000,0,0,0,5000,0,5000,5000
058016,智邦凱基98購06  ,0,0,0,0,0,0,0,0,0,5000,0,0,0,5000,0,5000,5000
057216,聯發科群益99購01,0,0,0,0,0,0,0,0,0,5000,0,0,0,5000,0,5000,5000
057237,群創凱基9B購02  ,0,0,0,0,0,0,0,0,0,5000,0,0,0,5000,0,5000,5000
057198,智伸科統一9B購01,0,0,0,0,0,0,0,0,0,5000,0,0,0,19000,14000,5000,5000
057639,國巨元大99購07  ,0,0,0,0,0,0,0,0,0,5000,0,0,0,5000,0,5000,5000
057632,傳奇永豐98購01  ,0,0,0,0,0,0,0,0,0,5000,0,0,0,30000,25000,5000,5000
057295,可成永豐98購02  ,0,0,0,0,0,0,0,0,0,5000,0,0,0,5000,0,5000,5000
06227P,大立光群益97售04,0,0,0,0,0,0,0,0,0,5000,0,0,0,5000,0,5000,5000
062258,奇力新元大9B購03,0,0,0,0,0,0,0,0,0,5000,0,0,0,5000,0,5000,5000
062427,嘉澤統一01購01  ,0,0,0,0,0,0,0,0,0,5000,0,0,0,102000,97000,5000,5000
062417,鴻海統一9C購08  ,0,0,0,0,0,0,0,0,0,5000,0,0,0,6000,1000,5000,5000
062554,台積電凱基9B購08,0,0,0,0,0,0,0,0,0,5000,0,0,0,32000,27000,5000,5000
062577,泰鼎群益9B購01  ,0,0,0,0,0,0,0,0,0,5000,0,0,0,105000,100000,5000,5000
063065,聯發科麥證9C購01,0,0,0,5000,0,5000,0,0,0,5000,0,0,0,5000,0,5000,5000
06295P,國巨元大97售14  ,0,0,0,0,0,0,0,0,0,5000,0,0,0,5000,0,5000,5000
062905,聯發科元大9B購13,0,0,0,0,0,0,0,0,0,5000,0,0,0,5000,0,5000,5000
063355,超眾元富9B購01  ,0,0,0,0,0,0,0,0,0,5000,0,0,0,5000,0,5000,5000
061108,臻鼎元大9A購02  ,0,0,0,0,0,0,0,0,0,5000,0,0,0,5000,0,5000,5000
061143,道瓊指中信9C購04,0,0,0,0,0,0,0,0,0,5000,0,0,0,10000,5000,5000,5000
061119,國巨永豐9A購03  ,0,0,0,0,0,0,0,0,0,5000,0,0,0,5000,0,5000,5000
061190,力山永豐9A購02  ,0,0,0,0,0,0,0,0,0,5000,0,0,0,5000,0,5000,5000
061326,新日興凱基9B購01,0,0,0,0,0,0,0,0,0,5000,0,0,0,5000,0,5000,5000
060766,世芯元大9A購02  ,0,0,0,0,0,0,0,0,0,5000,0,0,0,5000,0,5000,5000
060835,亞德客國票9A購01,0,0,0,0,0,0,0,0,0,5000,0,0,0,5000,0,5000,5000
060955,大立光群益9A購02,0,0,0,0,0,0,0,0,0,5000,0,0,0,103000,98000,5000,5000
060993,健策元大9B購03  ,0,0,0,0,0,0,0,0,0,5000,0,0,0,55000,50000,5000,5000
061860,臺股指國票9B購04,0,0,0,0,0,0,0,0,0,5000,0,0,0,8000,3000,5000,5000
061521,亞光兆豐9A購02  ,0,0,0,0,0,0,0,0,0,5000,0,0,0,15000,10000,5000,5000
061473,台積電元大9A購33,0,0,0,0,0,0,0,0,0,5000,0,0,0,5000,0,5000,5000
061601,台積電凱基9A購26,0,0,0,0,0,0,0,0,0,5000,0,0,0,6000,1000,5000,5000
061618,友達群益9A購04  ,0,0,0,0,0,0,0,0,0,5000,0,0,0,5000,0,5000,5000
061631,SP黃豆元大9A購05,0,0,0,0,0,0,0,0,0,5000,0,0,0,6000,1000,5000,5000
061705,健策國票9A購06  ,0,0,0,0,0,0,0,0,0,5000,0,0,0,5000,0,5000,5000
061765,義隆元大9B購01  ,0,0,0,0,0,0,0,0,0,5000,0,0,0,55000,50000,5000,5000
061751,華通台新9B購01  ,0,0,0,0,0,0,0,0,0,5000,0,0,0,20000,15000,5000,5000
061721,道瓊反富邦9B購01,0,0,0,0,0,0,0,0,0,5000,0,0,0,5000,0,5000,5000
3419,譁裕            ,39000,36000,3000,0,0,0,0,0,0,2000,3000,1000,2000,0,0,0,5000
2836,高雄銀          ,193000,188000,5000,0,0,0,0,0,0,0,0,0,0,0,0,0,5000
3013,晟銘電          ,12000,9000,3000,0,0,0,0,0,0,2000,2000,0,2000,0,0,0,5000
2887E,台新戊特        ,0,0,0,0,0,0,0,0,0,5000,5000,0,5000,0,0,0,5000
9925,新保            ,71000,66000,5000,0,0,0,0,0,0,0,0,0,0,0,0,0,5000
6674,鋐寶科技        ,7000,2000,5000,0,0,0,0,0,0,0,0,0,0,0,0,0,5000
6172,互億            ,9000,5000,4000,0,0,0,0,146,-146,1000,1000,0,1000,0,0,0,4854
3056,總太            ,210000,206000,4000,0,0,0,0,1722,-1722,2000,2000,0,2000,0,0,0,4278
1456,怡華            ,4000,0,4000,0,0,0,0,0,0,0,0,0,0,0,0,0,4000
1321,大洋            ,46000,42000,4000,0,0,0,0,0,0,0,1000,1000,0,0,0,0,4000
1236,宏亞            ,2000,0,2000,0,0,0,0,0,0,2000,2000,0,2000,0,0,0,4000
2399,映泰            ,53000,52000,1000,0,0,0,0,0,0,3000,3000,0,3000,0,0,0,4000
2509,全坤建          ,4000,0,4000,0,0,0,0,0,0,0,0,0,0,0,0,0,4000
2115,六暉-KY         ,1000,0,1000,0,0,0,0,0,0,3000,3000,0,3000,0,0,0,4000
2348,海悅            ,186000,213000,-27000,0,0,0,0,0,0,31000,38000,7000,31000,0,0,0,4000
2033,佳大            ,0,0,0,0,0,0,0,0,0,4000,4000,0,4000,0,0,0,4000
1802,台玻            ,773000,769000,4000,0,0,0,0,0,0,0,3000,3000,0,0,0,0,4000
1702,南僑            ,107000,103000,4000,0,0,0,0,0,0,0,0,0,0,0,0,0,4000
1721,三晃            ,5000,2000,3000,0,0,0,0,0,0,1000,1000,0,1000,0,0,0,4000
07678P,大立光群益9A售03,0,0,0,0,0,0,0,0,0,4000,0,0,0,19000,15000,4000,4000
07557P,玉晶光元大9A售09,0,0,0,0,0,0,0,0,0,4000,0,0,0,4000,0,4000,4000
07539P,玉山金台新9A售01,0,0,0,0,0,0,0,0,0,4000,0,0,0,4000,0,4000,4000
07945P,上銀國票9B售02  ,0,0,0,0,0,0,0,0,0,4000,0,0,0,40000,36000,4000,4000
07968P,國巨元大9B售09  ,0,0,0,0,0,0,0,0,0,4000,0,0,0,4000,0,4000,4000
07971P,臺股指元大9B售29,0,0,0,0,0,0,0,0,0,4000,0,0,0,4000,0,4000,4000
08060P,嘉澤元大9B售01  ,0,0,0,0,0,0,0,0,0,4000,0,0,0,7000,3000,4000,4000
064084,群創中信06購02  ,0,0,0,0,0,0,0,0,0,4000,0,0,0,48000,44000,4000,4000
06523P,台積電麥證98售02,0,0,0,4000,0,4000,0,0,0,4000,0,0,0,4000,0,4000,4000
06964P,臺股指凱基9B售01,0,0,0,0,0,0,0,0,0,4000,0,0,0,5000,1000,4000,4000
06860P,台灣50兆豐98售01,0,0,0,0,0,0,0,0,0,4000,0,0,0,4000,0,4000,4000
063537,華擎統一9C購03  ,0,0,0,0,0,0,0,0,0,4000,0,0,0,132000,128000,4000,4000
058151,台積電統一9A購04,0,0,0,0,0,0,0,0,0,4000,0,0,0,4000,0,4000,4000
054649,聯茂群益97購01  ,0,0,0,0,0,0,0,0,0,4000,0,0,0,30000,26000,4000,4000
056322,臺股指群益98購01,0,0,0,0,0,0,0,0,0,4000,0,0,0,4000,0,4000,4000
056334,台積電凱基98購06,0,0,0,0,0,0,0,0,0,4000,0,0,0,50000,46000,4000,4000
056555,矽創凱基98購01  ,0,0,0,0,0,0,0,0,0,4000,0,0,0,4000,0,4000,4000
056435,台積電凱基98購09,0,0,0,0,0,0,0,0,0,4000,0,0,0,12000,8000,4000,4000
056477,欣興元大98購02  ,0,0,0,0,0,0,0,0,0,4000,0,0,0,20000,16000,4000,4000
055318,華通國票98購01  ,0,0,0,0,0,0,0,0,0,4000,0,0,0,25000,21000,4000,4000
04980P,臺股指凱基96售08,0,0,0,0,0,0,0,0,0,4000,0,0,0,4000,0,4000,4000
054106,元油反凱基9C購01,0,0,0,0,0,0,0,0,0,4000,0,0,0,4000,0,4000,4000
03029X,元展26          ,0,0,0,0,0,0,0,0,0,4000,0,0,0,4000,0,4000,4000
03675C,臺股指元大04牛02,0,0,0,0,0,0,0,0,0,4000,0,0,0,5000,1000,4000,4000
053136,彩晶國票97購01  ,0,0,0,0,0,0,0,0,0,4000,0,0,0,4000,0,4000,4000
053882,聯發科中信98購02,0,0,0,0,0,0,0,0,0,4000,0,0,0,4000,0,4000,4000
052936,華通兆豐98購01  ,0,0,0,0,0,0,0,0,0,4000,0,0,0,4000,0,4000,4000
057324,億光群益98購01  ,0,0,0,0,0,0,0,0,0,4000,0,0,0,321000,317000,4000,4000
057948,嘉聯益國票99購02,0,0,0,0,0,0,0,0,0,4000,0,0,0,21000,17000,4000,4000
058008,禾伸堂國票99購02,0,0,0,0,0,0,0,0,0,4000,0,0,0,4000,0,4000,4000
059720,台積電元大99購43,0,0,0,0,0,0,0,0,0,4000,0,0,0,6000,2000,4000,4000
059618,台積電日盛99購01,0,0,0,0,0,0,0,0,0,4000,0,0,0,107000,103000,4000,4000
060458,華通元大9A購02  ,0,0,0,0,0,0,0,0,0,4000,0,0,0,4000,0,4000,4000
060500,鴻海元大9A購12  ,0,0,0,0,0,0,0,0,0,4000,0,0,0,4000,0,4000,4000
060508,聯發科元大9A購04,0,0,0,0,0,0,0,0,0,4000,0,0,0,4000,0,4000,4000
060291,高鐵元大9A購01  ,0,0,0,0,0,0,0,0,0,4000,0,0,0,6000,2000,4000,4000
060023,T50反1國泰9A購03,0,0,0,0,0,0,0,0,0,4000,0,0,0,4000,0,4000,4000
059975,元金2X元大99購02,0,0,0,0,0,0,0,0,0,4000,0,0,0,66000,62000,4000,4000
059991,超眾元大9A購02  ,0,0,0,0,0,0,0,0,0,4000,0,0,0,4000,0,4000,4000
060092,瑞昱元大99購03  ,0,0,0,0,0,0,0,0,0,4000,0,0,0,4000,0,4000,4000
058990,GIS凱基99購02   ,0,0,0,0,0,0,0,0,0,4000,0,0,0,4000,0,4000,4000
058984,全新凱基9A購03  ,0,0,0,0,0,0,0,0,0,4000,0,0,0,4000,0,4000,4000
058567,華新科凱基9A購02,0,0,0,0,0,0,0,0,0,4000,0,0,0,12000,8000,4000,4000
058819,華通國泰9B購01  ,0,0,0,0,0,0,0,0,0,4000,0,0,0,14000,10000,4000,4000
058081,技嘉群益9A購03  ,0,0,0,0,0,0,0,0,0,4000,0,0,0,4000,0,4000,4000
059127,國巨中信99購04  ,0,0,0,0,0,0,0,0,0,4000,0,0,0,4000,0,4000,4000
057009,信邦中信99購01  ,0,0,0,0,0,0,0,0,0,4000,0,0,0,12000,8000,4000,4000
059308,T50反1元大99購07,0,0,0,0,0,0,0,0,0,4000,0,0,0,4000,0,4000,4000
059317,台積電元大99購34,0,0,0,0,0,0,0,0,0,4000,0,0,0,6000,2000,4000,4000
061499,嘉晶國票9A購03  ,0,0,0,0,0,0,0,0,0,4000,0,0,0,4000,0,4000,4000
06152P,玉晶光元大98售06,0,0,0,0,0,0,0,0,0,4000,0,0,0,73000,69000,4000,4000
061530,智邦台新9A購02  ,0,0,0,0,0,0,0,0,0,4000,0,0,0,14000,10000,4000,4000
061948,美食群益9B購01  ,0,0,0,0,0,0,0,0,0,4000,0,0,0,4000,0,4000,4000
062014,牧德富邦9C購01  ,0,0,0,0,0,0,0,0,0,4000,0,0,0,4000,0,4000,4000
061089,台積電統一9C購04,0,0,0,0,0,0,0,0,0,4000,0,0,0,4000,0,4000,4000
061002,瑞昱兆豐9B購01  ,0,0,0,0,0,0,0,0,0,4000,0,0,0,4000,0,4000,4000
060833,道瓊反國票9A購01,0,0,0,0,0,0,0,0,0,4000,0,0,0,4000,0,4000,4000
061248,健策群益9A購03  ,0,0,0,0,0,0,0,0,0,4000,0,0,0,4000,0,4000,4000
061239,聯發科兆豐9A購01,0,0,0,0,0,0,0,0,0,4000,0,0,0,8000,4000,4000,4000
063407,泰鼎國票9C購01  ,0,0,0,0,0,0,0,0,0,4000,0,0,0,4000,0,4000,4000
063155,緯穎元富9B購03  ,0,0,0,0,0,0,0,0,0,4000,0,0,0,21000,17000,4000,4000
062847,臺股指富邦9B購01,0,0,0,0,0,0,0,0,0,4000,0,0,0,4000,0,4000,4000
063079,儒鴻凱基9B購01  ,0,0,0,0,0,0,0,0,0,4000,0,0,0,134000,130000,4000,4000
062782,聯發科元大9B購12,0,0,0,0,0,0,0,0,0,4000,0,0,0,69000,65000,4000,4000
062424,聯發科統一9C購08,0,0,0,0,0,0,0,0,0,4000,0,0,0,4000,0,4000,4000
062415,聯茂中信9C購01  ,0,0,0,0,0,0,0,0,0,4000,0,0,0,4000,0,4000,4000
062267,滬深2X群益01購05,0,0,0,0,0,0,0,0,0,4000,0,0,0,4000,0,4000,4000
062281,奇鋐群益9B購01  ,0,0,0,0,0,0,0,0,0,4000,0,0,0,4000,0,4000,4000
3031,佰鴻            ,28000,30000,-2000,0,0,0,0,0,0,6000,6000,0,6000,0,0,0,4000
2906,高林            ,34000,34000,0,0,0,0,0,0,0,4000,4000,0,4000,0,0,0,4000
2838A,聯邦銀甲特      ,0,0,0,0,0,0,0,0,0,4000,4000,0,4000,0,0,0,4000
063885,南六元富9C購01  ,0,0,0,0,0,0,0,0,0,3000,0,0,0,3000,0,3000,3000
063917,南六凱基02購01  ,0,0,0,0,0,0,0,0,0,3000,0,0,0,3000,0,3000,3000
06669P,緯穎凱基98售05  ,0,0,0,0,0,0,0,0,0,3000,0,0,0,3000,0,3000,3000
06755P,大立光永豐98售03,0,0,0,0,0,0,0,0,0,3000,0,0,0,10000,7000,3000,3000
07148P,富邦金元大99售01,0,0,0,0,0,0,0,0,0,3000,0,0,0,3000,0,3000,3000
07165P,臺股指群益99售16,0,0,0,0,0,0,0,0,0,3000,0,0,0,5000,2000,3000,3000
07198P,臺股指元大99售14,0,0,0,0,0,0,0,0,0,3000,0,0,0,3000,0,3000,3000
07238P,台灣50國票99售07,0,0,0,0,0,0,0,0,0,3000,0,0,0,3000,0,3000,3000
07385P,緯穎群益99售04  ,0,0,0,0,0,0,0,0,0,3000,0,0,0,3000,0,3000,3000
1726,永記            ,5000,2000,3000,0,0,0,0,0,0,0,0,0,0,0,0,0,3000
1786,科妍            ,27000,24000,3000,0,0,0,0,0,0,0,1000,1000,0,0,0,0,3000
1435,中福            ,3000,0,3000,0,0,0,0,0,0,0,0,0,0,0,0,0,3000
1441,大東            ,1000,1000,0,0,0,0,0,0,0,3000,3000,0,3000,0,0,0,3000
1616,億泰            ,4000,1000,3000,0,0,0,0,0,0,0,0,0,0,0,0,0,3000
052839,上海銀國泰97購01,0,0,0,0,0,0,0,0,0,3000,0,0,0,3000,0,3000,3000
055635,緯穎永豐97購01  ,0,0,0,0,0,0,0,0,0,3000,0,0,0,3000,0,3000,3000
051463,世芯國泰97購02  ,0,0,0,0,0,0,0,0,0,3000,0,0,0,3000,0,3000,3000
00757,統一FANG+       ,0,0,0,0,0,0,0,0,0,3000,0,0,0,254000,251000,3000,3000
00851,台新全球AI      ,0,0,0,0,0,0,0,0,0,3000,0,0,0,131000,128000,3000,3000
020002,元富新中國N     ,0,0,0,0,0,0,0,0,0,3000,0,0,0,3000,0,3000,3000
054115,台塑康和96購01  ,0,0,0,0,0,0,0,0,0,3000,0,0,0,3000,0,3000,3000
054098,嘉晶國票97購04  ,0,0,0,0,0,0,0,0,0,3000,0,0,0,3000,0,3000,3000
054252,奇力新元大96購04,0,0,0,0,0,0,0,0,0,3000,0,0,0,3000,0,3000,3000
052235,聯發科國票96購02,0,0,0,0,0,0,0,0,0,3000,0,0,0,3000,0,3000,3000
048571,美利達元大96購03,0,0,0,0,0,0,0,0,0,3000,0,0,0,3000,0,3000,3000
047937,元金2X國票97購02,0,0,0,0,0,0,0,0,0,3000,0,0,0,3000,0,3000,3000
055327,致新國票98購01  ,0,0,0,0,0,0,0,0,0,3000,0,0,0,3000,0,3000,3000
055368,台積電元大97購24,0,0,0,0,0,0,0,0,0,3000,0,0,0,5000,2000,3000,3000
055354,宏達電凱基98購01,0,0,0,0,0,0,0,0,0,3000,0,0,0,3000,0,3000,3000
055138,大毅永豐97購02  ,0,0,0,0,0,0,0,0,0,3000,0,0,0,3000,0,3000,3000
056844,欣興元富98購03  ,0,0,0,0,0,0,0,0,0,3000,0,0,0,3000,0,3000,3000
055714,智邦元大97購03  ,0,0,0,0,0,0,0,0,0,3000,0,0,0,3000,0,3000,3000
056551,台郡凱基98購04  ,0,0,0,0,0,0,0,0,0,3000,0,0,0,3000,0,3000,3000
056169,鴻海元富97購08  ,0,0,0,0,0,0,0,0,0,3000,0,0,0,3000,0,3000,3000
056351,鴻海元大98購06  ,0,0,0,0,0,0,0,0,0,3000,0,0,0,3000,0,3000,3000
056356,台積電元大99購01,0,0,0,0,0,0,0,0,0,3000,0,0,0,104000,101000,3000,3000
055876,美食元富9A購01  ,0,0,0,0,0,0,0,0,0,3000,0,0,0,3000,0,3000,3000
055847,大立光元大97購10,0,0,0,0,0,0,0,0,0,3000,0,0,0,3000,0,3000,3000
055955,微星元大97購01  ,0,0,0,0,0,0,0,0,0,3000,0,0,0,15000,12000,3000,3000
058169,國巨凱基9A購05  ,0,0,0,0,0,0,0,0,0,3000,0,0,0,3000,0,3000,3000
058601,台積電元大99購10,0,0,0,0,0,0,0,0,0,3000,0,0,0,7000,4000,3000,3000
058621,華通國票9A購01  ,0,0,0,0,0,0,0,0,0,3000,0,0,0,3000,0,3000,3000
058287,國巨國票9A購02  ,0,0,0,0,0,0,0,0,0,3000,0,0,0,10000,7000,3000,3000
058227,台灣50元大9C購01,0,0,0,0,0,0,0,0,0,3000,0,0,0,3000,0,3000,3000
058332,鴻海元富99購03  ,0,0,0,0,0,0,0,0,0,3000,0,0,0,3000,0,3000,3000
058313,台積電富邦9B購04,0,0,0,0,0,0,0,0,0,3000,0,0,0,3000,0,3000,3000
059368,T50正2元富99購02,0,0,0,0,0,0,0,0,0,3000,0,0,0,3000,0,3000,3000
056918,台積電兆豐98購01,0,0,0,0,0,0,0,0,0,3000,0,0,0,3000,0,3000,3000
058656,燿華中信99購01  ,0,0,0,0,0,0,0,0,0,3000,0,0,0,27000,24000,3000,3000
057902,嘉晶永豐98購02  ,0,0,0,0,0,0,0,0,0,3000,0,0,0,63000,60000,3000,3000
059149,臺股指國票99購12,0,0,0,0,0,0,0,0,0,3000,0,0,0,3000,0,3000,3000
059199,欣興永豐99購02  ,0,0,0,0,0,0,0,0,0,3000,0,0,0,3000,0,3000,3000
057471,昇陽半永豐98購02,0,0,0,0,0,0,0,0,0,3000,0,0,0,65000,62000,3000,3000
057392,福懋科永豐98購01,0,0,0,0,0,0,0,0,0,3000,0,0,0,3000,0,3000,3000
057673,臻鼎元大98購01  ,0,0,0,0,0,0,0,0,0,3000,0,0,0,3000,0,3000,3000
057651,矽力元大98購03  ,0,0,0,0,0,0,0,0,0,3000,0,0,0,9000,6000,3000,3000
059236,鴻海凱基99購09  ,0,0,0,0,0,0,0,0,0,3000,0,0,0,13000,10000,3000,3000
059213,國巨元大99購19  ,0,0,0,0,0,0,0,0,0,3000,0,0,0,48000,45000,3000,3000
059998,華航元富99購02  ,0,0,0,0,0,0,0,0,0,3000,0,0,0,3000,0,3000,3000
060039,大立光國票99購04,0,0,0,0,0,0,0,0,0,3000,0,0,0,3000,0,3000,3000
060185,聯發科元富04購01,0,0,0,0,0,0,0,0,0,3000,0,0,0,3000,0,3000,3000
060331,台積電麥證9A購01,0,0,0,3000,0,3000,0,0,0,3000,0,0,0,3000,0,3000,3000
060395,儒鴻國票9A購01  ,0,0,0,0,0,0,0,0,0,3000,0,0,0,3000,0,3000,3000
060642,華擎永豐9A購02  ,0,0,0,0,0,0,0,0,0,3000,0,0,0,14000,11000,3000,3000
060687,GIS元大9A購01   ,0,0,0,0,0,0,0,0,0,3000,0,0,0,3000,0,3000,3000
060680,玉晶光元大9C購03,0,0,0,0,0,0,0,0,0,3000,0,0,0,14000,11000,3000,3000
058761,欣興群益99購02  ,0,0,0,0,0,0,0,0,0,3000,0,0,0,25000,22000,3000,3000
059510,華新科永豐99購07,0,0,0,0,0,0,0,0,0,3000,0,0,0,3000,0,3000,3000
05975P,國巨日盛99售02  ,0,0,0,0,0,0,0,0,0,3000,0,0,0,3000,0,3000,3000
059925,可成國泰9B購01  ,0,0,0,0,0,0,0,0,0,3000,0,0,0,3000,0,3000,3000
059923,緯穎元大99購09  ,0,0,0,0,0,0,0,0,0,3000,0,0,0,19000,16000,3000,3000
059879,GIS凱基99購03   ,0,0,0,0,0,0,0,0,0,3000,0,0,0,3000,0,3000,3000
058659,力成中信99購01  ,0,0,0,0,0,0,0,0,0,3000,0,0,0,3000,0,3000,3000
062261,嘉晶元大9B購02  ,0,0,0,0,0,0,0,0,0,3000,0,0,0,29000,26000,3000,3000
062165,聯茂國泰01購01  ,0,0,0,0,0,0,0,0,0,3000,0,0,0,167000,164000,3000,3000
063184,台光電凱基9B購03,0,0,0,0,0,0,0,0,0,3000,0,0,0,13000,10000,3000,3000
063299,金寶凱基9B購01  ,0,0,0,0,0,0,0,0,0,3000,0,0,0,73000,70000,3000,3000
063329,健策國票9C購01  ,0,0,0,0,0,0,0,0,0,3000,0,0,0,7000,4000,3000,3000
061231,聚陽元大9A購02  ,0,0,0,0,0,0,0,0,0,3000,0,0,0,47000,44000,3000,3000
061161,南六群益9A購01  ,0,0,0,0,0,0,0,0,0,3000,0,0,0,3000,0,3000,3000
06113P,台積電群益97售01,0,0,0,0,0,0,0,0,0,3000,0,0,0,3000,0,3000,3000
060788,嘉晶富邦9B購01  ,0,0,0,0,0,0,0,0,0,3000,0,0,0,3000,0,3000,3000
060966,台表科凱基9B購01,0,0,0,0,0,0,0,0,0,3000,0,0,0,43000,40000,3000,3000
06094P,台達電中信97售01,0,0,0,0,0,0,0,0,0,3000,0,0,0,3000,0,3000,3000
061986,晶豪科元大9B購01,0,0,0,0,0,0,0,0,0,3000,0,0,0,64000,61000,3000,3000
061994,瑞儀元大9B購01  ,0,0,0,0,0,0,0,0,0,3000,0,0,0,60000,57000,3000,3000
062024,臺股指中信9C購05,0,0,0,0,0,0,0,0,0,3000,0,0,0,3000,0,3000,3000
061950,日月光群益9B購01,0,0,0,0,0,0,0,0,0,3000,0,0,0,73000,70000,3000,3000
061624,中租群益9A購01  ,0,0,0,0,0,0,0,0,0,3000,0,0,0,13000,10000,3000,3000
061698,智邦國票9A購04  ,0,0,0,0,0,0,0,0,0,3000,0,0,0,3000,0,3000,3000
061635,台積電元大9A購34,0,0,0,0,0,0,0,0,0,3000,0,0,0,3000,0,3000,3000
2611,志信            ,4000,1000,3000,0,0,0,0,0,0,0,0,0,0,0,0,0,3000
3167,大量            ,1000,1000,0,0,0,0,0,0,0,3000,3000,0,3000,0,0,0,3000
3701,大眾控          ,3000,0,3000,0,0,0,0,0,0,0,0,0,0,0,0,0,3000
4141,龍燈-KY         ,13000,11000,2000,0,0,0,0,0,0,1000,1000,0,1000,0,0,0,3000
6477,安集            ,11000,9000,2000,0,0,0,0,0,0,1000,1000,0,1000,0,0,0,3000
9931,欣高            ,3000,0,3000,0,0,0,0,0,0,0,0,0,0,0,0,0,3000
8478,東哥遊艇        ,4000,1000,3000,0,0,0,0,0,0,0,0,0,0,0,0,0,3000
9918,欣天然          ,3000,0,3000,0,0,0,0,0,0,0,0,0,0,0,0,0,3000
9188,精熙-DR         ,3000,0,3000,0,0,0,0,0,0,0,0,0,0,0,0,0,3000
1617,榮星            ,2000,0,2000,0,0,0,0,0,0,0,0,0,0,0,0,0,2000
1530,亞崴            ,1000,0,1000,0,0,0,0,0,0,1000,1000,0,1000,0,0,0,2000
1468,昶和            ,2000,0,2000,0,0,0,0,0,0,0,0,0,0,0,0,0,2000
1470,大統新創        ,2000,0,2000,0,0,0,0,0,0,0,0,0,0,0,0,0,2000
1443,立益            ,2000,0,2000,0,0,0,0,0,0,0,0,0,0,0,0,0,2000
08204P,台灣50中信01售04,0,0,0,0,0,0,0,0,0,2000,0,0,0,2000,0,2000,2000
1725,元禎            ,2000,0,2000,0,0,0,0,0,0,0,0,0,0,0,0,0,2000
1713,國化            ,2000,0,2000,0,0,0,0,0,0,0,0,0,0,0,0,0,2000
2483,百容            ,3000,4000,-1000,0,0,0,0,0,0,3000,3000,0,3000,0,0,0,2000
2397,友通            ,7000,5000,2000,0,0,0,0,0,0,0,0,0,0,0,0,0,2000
2465,麗臺            ,3000,1000,2000,0,0,0,0,0,0,0,0,0,0,0,0,0,2000
2443,億麗            ,2000,0,2000,0,0,0,0,0,0,0,0,0,0,0,0,0,2000
07375P,台積電元大99售48,0,0,0,0,0,0,0,0,0,2000,0,0,0,2000,0,2000,2000
07370P,南亞科凱基99售08,0,0,0,0,0,0,0,0,0,2000,0,0,0,2000,0,2000,2000
07143P,FBVIX元大99售02 ,0,0,0,0,0,0,0,0,0,2000,0,0,0,2000,0,2000,2000
08085P,華通凱基9B售04  ,0,0,0,0,0,0,0,0,0,2000,0,0,0,12000,10000,2000,2000
07972P,大立光統一9C售05,0,0,0,0,0,0,0,0,0,2000,0,0,0,12000,10000,2000,2000
07922P,大立光群益9B售05,0,0,0,0,0,0,0,0,0,2000,0,0,0,22000,20000,2000,2000
07912P,玉晶光統一9B售02,0,0,0,0,0,0,0,0,0,2000,0,0,0,2000,0,2000,2000
06715P,台積電元大99售04,0,0,0,0,0,0,0,0,0,2000,0,0,0,2000,0,2000,2000
06861P,台積電國票99售08,0,0,0,0,0,0,0,0,0,2000,0,0,0,2000,0,2000,2000
06934P,聯鈞元大98售03  ,0,0,0,0,0,0,0,0,0,2000,0,0,0,10000,8000,2000,2000
06958P,FBVIX凱基9C售02 ,0,0,0,0,0,0,0,0,0,2000,0,0,0,2000,0,2000,2000
07045P,上銀國票9A售01  ,0,0,0,0,0,0,0,0,0,2000,0,0,0,9000,7000,2000,2000
07103P,南電元大99售04  ,0,0,0,0,0,0,0,0,0,2000,0,0,0,2000,0,2000,2000
06488P,台積電元富98售05,0,0,0,0,0,0,0,0,0,2000,0,0,0,2000,0,2000,2000
064069,華新科永豐9C購01,0,0,0,0,0,0,0,0,0,2000,0,0,0,2000,0,2000,2000
064135,復盛元大9C購01  ,0,0,0,0,0,0,0,0,0,2000,0,0,0,191000,189000,2000,2000
063867,全新永豐9C購01  ,0,0,0,0,0,0,0,0,0,2000,0,0,0,2000,0,2000,2000
063737,大立光元大9C購07,0,0,0,0,0,0,0,0,0,2000,0,0,0,17000,15000,2000,2000
063734,可成元大9B購04  ,0,0,0,0,0,0,0,0,0,2000,0,0,0,10000,8000,2000,2000
063763,上銀元富9B購07  ,0,0,0,0,0,0,0,0,0,2000,0,0,0,2000,0,2000,2000
063655,華通元富9B購01  ,0,0,0,0,0,0,0,0,0,2000,0,0,0,136000,134000,2000,2000
058284,滬深反群益01購01,0,0,0,0,0,0,0,0,0,2000,0,0,0,2000,0,2000,2000
058485,智邦國票9A購01  ,0,0,0,0,0,0,0,0,0,2000,0,0,0,2000,0,2000,2000
056015,華通群益99購01  ,0,0,0,0,0,0,0,0,0,2000,0,0,0,2000,0,2000,2000
056119,欣興群益97購02  ,0,0,0,0,0,0,0,0,0,2000,0,0,0,27000,25000,2000,2000
055002,群創元富99購04  ,0,0,0,0,0,0,0,0,0,2000,0,0,0,2000,0,2000,2000
054950,奇力新元大98購02,0,0,0,0,0,0,0,0,0,2000,0,0,0,2000,0,2000,2000
056412,上証2X中信9A購02,0,0,0,0,0,0,0,0,0,2000,0,0,0,2000,0,2000,2000
056502,A50正2永豐98購01,0,0,0,0,0,0,0,0,0,2000,0,0,0,3000,1000,2000,2000
055104,台達電凱基98購01,0,0,0,0,0,0,0,0,0,2000,0,0,0,22000,20000,2000,2000
055136,聯發科富邦99購06,0,0,0,0,0,0,0,0,0,2000,0,0,0,48000,46000,2000,2000
055375,京鼎元大97購03  ,0,0,0,0,0,0,0,0,0,2000,0,0,0,2000,0,2000,2000
054841,亞德客兆豐97購01,0,0,0,0,0,0,0,0,0,2000,0,0,0,42000,40000,2000,2000
054871,明泰群益98購01  ,0,0,0,0,0,0,0,0,0,2000,0,0,0,2000,0,2000,2000
047673,瑞昱元富96購01  ,0,0,0,0,0,0,0,0,0,2000,0,0,0,2000,0,2000,2000
050014,國巨富邦98購01  ,0,0,0,0,0,0,0,0,0,2000,0,0,0,2000,0,2000,2000
050570,聯發科中信97購02,0,0,0,0,0,0,0,0,0,2000,0,0,0,2000,0,2000,2000
053983,樺漢元大97購02  ,0,0,0,0,0,0,0,0,0,2000,0,0,0,2000,0,2000,2000
054278,晶技群益97購02  ,0,0,0,0,0,0,0,0,0,2000,0,0,0,2000,0,2000,2000
054066,緯穎國票97購03  ,0,0,0,0,0,0,0,0,0,2000,0,0,0,2000,0,2000,2000
020011,統一微波高息20N ,0,0,0,0,0,0,0,0,0,2000,0,0,0,2000,0,2000,2000
00657,國泰日經225     ,0,0,0,0,0,0,0,0,0,2000,0,0,0,146000,144000,2000,2000
051578,智邦元大96購01  ,0,0,0,0,0,0,0,0,0,2000,0,0,0,2000,0,2000,2000
051603,深中小群益99購03,0,0,0,0,0,0,0,0,0,2000,0,0,0,2000,0,2000,2000
055579,健策統一9A購01  ,0,0,0,0,0,0,0,0,0,2000,0,0,0,162000,160000,2000,2000
052858,華通凱基97購02  ,0,0,0,0,0,0,0,0,0,2000,0,0,0,5000,3000,2000,2000
053864,義隆元大96購01  ,0,0,0,0,0,0,0,0,0,2000,0,0,0,10000,8000,2000,2000
052918,智易富邦97購02  ,0,0,0,0,0,0,0,0,0,2000,0,0,0,2000,0,2000,2000
052945,嘉晶國票97購01  ,0,0,0,0,0,0,0,0,0,2000,0,0,0,20000,18000,2000,2000
053022,欣興國泰98購01  ,0,0,0,0,0,0,0,0,0,2000,0,0,0,2000,0,2000,2000
054444,緯穎台新97購01  ,0,0,0,0,0,0,0,0,0,2000,0,0,0,2000,0,2000,2000
053769,香港反元大99購01,0,0,0,0,0,0,0,0,0,2000,0,0,0,2000,0,2000,2000
053771,華新元大97購01  ,0,0,0,0,0,0,0,0,0,2000,0,0,0,2000,0,2000,2000
053474,聯發科元大97購06,0,0,0,0,0,0,0,0,0,2000,0,0,0,2000,0,2000,2000
059878,聯茂凱基99購07  ,0,0,0,0,0,0,0,0,0,2000,0,0,0,2000,0,2000,2000
059862,全新群益99購04  ,0,0,0,0,0,0,0,0,0,2000,0,0,0,11000,9000,2000,2000
059692,聯詠永豐99購01  ,0,0,0,0,0,0,0,0,0,2000,0,0,0,60000,58000,2000,2000
059704,聯發科凱基9A購08,0,0,0,0,0,0,0,0,0,2000,0,0,0,2000,0,2000,2000
059624,鴻海凱基01購01  ,0,0,0,0,0,0,0,0,0,2000,0,0,0,2000,0,2000,2000
059626,台積電凱基01購01,0,0,0,0,0,0,0,0,0,2000,0,0,0,2000,0,2000,2000
060663,聯發科凱基9A購13,0,0,0,0,0,0,0,0,0,2000,0,0,0,2000,0,2000,2000
060463,台積電元大9A購10,0,0,0,0,0,0,0,0,0,2000,0,0,0,2000,0,2000,2000
060547,瑞昱凱基9A購01  ,0,0,0,0,0,0,0,0,0,2000,0,0,0,37000,35000,2000,2000
060324,台積電群益9B購02,0,0,0,0,0,0,0,0,0,2000,0,0,0,2000,0,2000,2000
06018P,康控凱基96售03  ,0,0,0,0,0,0,0,0,0,2000,0,0,0,2000,0,2000,2000
060168,台表科永豐9A購01,0,0,0,0,0,0,0,0,0,2000,0,0,0,2000,0,2000,2000
060193,群創元富9A購01  ,0,0,0,0,0,0,0,0,0,2000,0,0,0,2000,0,2000,2000
060194,旭富元富9A購01  ,0,0,0,0,0,0,0,0,0,2000,0,0,0,7000,5000,2000,2000
060228,亞德客元大9A購01,0,0,0,0,0,0,0,0,0,2000,0,0,0,95000,93000,2000,2000
060021,立積康和99購01  ,0,0,0,0,0,0,0,0,0,2000,0,0,0,2000,0,2000,2000
060016,廣達康和99購01  ,0,0,0,0,0,0,0,0,0,2000,0,0,0,120000,118000,2000,2000
060146,健策國票9A購03  ,0,0,0,0,0,0,0,0,0,2000,0,0,0,3000,1000,2000,2000
058558,鴻海日盛9A購02  ,0,0,0,0,0,0,0,0,0,2000,0,0,0,22000,20000,2000,2000
059011,臺股指元大9A購30,0,0,0,0,0,0,0,0,0,2000,0,0,0,2000,0,2000,2000
057652,欣興永昌9C購01  ,0,0,0,0,0,0,0,0,0,2000,0,0,0,2000,0,2000,2000
058846,鴻海群益99購03  ,0,0,0,0,0,0,0,0,0,2000,0,0,0,6000,4000,2000,2000
058113,百和元富98購01  ,0,0,0,0,0,0,0,0,0,2000,0,0,0,182000,180000,2000,2000
057437,可成國票99購01  ,0,0,0,0,0,0,0,0,0,2000,0,0,0,6000,4000,2000,2000
057575,世紀鋼永豐98購02,0,0,0,0,0,0,0,0,0,2000,0,0,0,122000,120000,2000,2000
057604,鴻海統一9C購01  ,0,0,0,0,0,0,0,0,0,2000,0,0,0,6000,4000,2000,2000
059190,欣興富邦9A購01  ,0,0,0,0,0,0,0,0,0,2000,0,0,0,2000,0,2000,2000
059180,祥碩元富9A購01  ,0,0,0,0,0,0,0,0,0,2000,0,0,0,2000,0,2000,2000
059132,臺股指群益99購07,0,0,0,0,0,0,0,0,0,2000,0,0,0,2000,0,2000,2000
057141,嘉聯益兆豐99購01,0,0,0,0,0,0,0,0,0,2000,0,0,0,2000,0,2000,2000
057086,立積統一9C購01  ,0,0,0,0,0,0,0,0,0,2000,0,0,0,2000,0,2000,2000
056913,臺股指元大99購05,0,0,0,0,0,0,0,0,0,2000,0,0,0,2000,0,2000,2000
056905,欣興元大98購03  ,0,0,0,0,0,0,0,0,0,2000,0,0,0,59000,57000,2000,2000
056903,大立光元大99購04,0,0,0,0,0,0,0,0,0,2000,0,0,0,2000,0,2000,2000
059272,台灣50元大99購01,0,0,0,0,0,0,0,0,0,2000,0,0,0,2000,0,2000,2000
059262,致茂中信01購01  ,0,0,0,0,0,0,0,0,0,2000,0,0,0,15000,13000,2000,2000
061794,國巨永豐9B購01  ,0,0,0,0,0,0,0,0,0,2000,0,0,0,2000,0,2000,2000
061545,華新科群益9A購09,0,0,0,0,0,0,0,0,0,2000,0,0,0,2000,0,2000,2000
062049,亞德客統一01購01,0,0,0,0,0,0,0,0,0,2000,0,0,0,15000,13000,2000,2000
061018,台積電國票9B購05,0,0,0,0,0,0,0,0,0,2000,0,0,0,11000,9000,2000,2000
060746,玉晶光國票9B購02,0,0,0,0,0,0,0,0,0,2000,0,0,0,2000,0,2000,2000
060731,奇力新群益9A購01,0,0,0,0,0,0,0,0,0,2000,0,0,0,2000,0,2000,2000
061289,玉晶光統一01購03,0,0,0,0,0,0,0,0,0,2000,0,0,0,12000,10000,2000,2000
061429,南六元大9A購02  ,0,0,0,0,0,0,0,0,0,2000,0,0,0,3000,1000,2000,2000
063246,嘉晶元大9C購01  ,0,0,0,0,0,0,0,0,0,2000,0,0,0,163000,161000,2000,2000
062996,致茂國票9C購01  ,0,0,0,0,0,0,0,0,0,2000,0,0,0,45000,43000,2000,2000
062154,國巨凱基9C購02  ,0,0,0,0,0,0,0,0,0,2000,0,0,0,9000,7000,2000,2000
062182,華新科元大9B購07,0,0,0,0,0,0,0,0,0,2000,0,0,0,2000,0,2000,2000
062252,華邦電元大9C購01,0,0,0,0,0,0,0,0,0,2000,0,0,0,196000,194000,2000,2000
062284,華擎群益9C購03  ,0,0,0,0,0,0,0,0,0,2000,0,0,0,2000,0,2000,2000
062419,台積電統一9B購15,0,0,0,0,0,0,0,0,0,2000,0,0,0,41000,39000,2000,2000
06256P,臺股指群益97售09,0,0,0,0,0,0,0,0,0,2000,0,0,0,2000,0,2000,2000
8940,新天地          ,8000,6000,2000,0,0,0,0,0,0,0,0,0,0,0,0,0,2000
6464,台數科          ,2000,0,2000,0,0,0,0,0,0,0,0,0,0,0,0,0,2000
6230,超眾            ,105000,77000,28000,0,0,0,0,0,0,-26000,1000,7000,-6000,24000,44000,-20000,2000
6184,大豐電          ,9000,7000,2000,0,0,0,0,0,0,0,0,0,0,0,0,0,2000
6201,亞弘電          ,2000,0,2000,0,0,0,0,0,0,0,0,0,0,0,0,0,2000
6136,富爾特          ,2000,1000,1000,0,0,0,0,0,0,1000,1000,0,1000,0,0,0,2000
5906,台南-KY         ,2000,0,2000,0,0,0,0,0,0,0,0,0,0,0,0,0,2000
5284,jpp-KY          ,3000,2000,1000,0,0,0,0,0,0,1000,1000,0,1000,0,0,0,2000
5484,慧友            ,1000,0,1000,0,0,0,0,0,0,1000,1000,0,1000,0,0,0,2000
4155,訊映            ,62000,60000,2000,0,0,0,0,0,0,0,0,0,0,0,0,0,2000
4755,三福化          ,3000,0,3000,0,0,0,0,0,0,-1000,0,1000,-1000,0,0,0,2000
3686,達能            ,12000,10000,2000,0,0,0,0,0,0,0,0,0,0,0,0,0,2000
3591,艾笛森          ,2000,0,2000,0,0,0,0,0,0,0,1000,1000,0,0,0,0,2000
3593,力銘            ,2000,0,2000,0,0,0,0,0,0,0,0,0,0,0,0,0,2000
3308,聯德            ,2000,0,2000,0,0,0,0,0,0,0,0,0,0,0,0,0,2000
2910,統領            ,2000,0,2000,0,0,0,0,0,0,0,0,0,0,0,0,0,2000
3058,立德            ,4000,2000,2000,0,0,0,0,0,0,0,0,0,0,0,0,0,2000
063561,上銀元大9B購08  ,0,0,0,0,0,0,0,0,0,1000,0,0,0,21000,20000,1000,1000
06351P,臺股指台新99售03,0,0,0,0,0,0,0,0,0,1000,0,0,0,1000,0,1000,1000
063828,台積電國票01購02,0,0,0,0,0,0,0,0,0,1000,0,0,0,15000,14000,1000,1000
063904,大立光麥證01購01,0,0,0,1000,0,1000,0,0,0,1000,0,0,0,1000,0,1000,1000
064005,義隆凱基01購01  ,0,0,0,0,0,0,0,0,0,1000,0,0,0,37000,36000,1000,1000
06466P,台積電統一9B售01,0,0,0,0,0,0,0,0,0,1000,0,0,0,2000,1000,1000,1000
07039P,南電台新99售01  ,0,0,0,0,0,0,0,0,0,1000,0,0,0,1000,0,1000,1000
07788P,華新科群益9A售08,0,0,0,0,0,0,0,0,0,1000,0,0,0,1000,0,1000,1000
07172P,臺股指國票99售09,0,0,0,0,0,0,0,0,0,1000,0,0,0,133000,132000,1000,1000
07184P,台灣50元富01售01,0,0,0,0,0,0,0,0,0,1000,0,0,0,1000,0,1000,1000
07186P,臺股指統一9C售02,0,0,0,0,0,0,0,0,0,1000,0,0,0,1000,0,1000,1000
07424P,大立光元大9B售01,0,0,0,0,0,0,0,0,0,1000,0,0,0,56000,55000,1000,1000
07702P,台積電中信9A售06,0,0,0,0,0,0,0,0,0,1000,0,0,0,2000,1000,1000,1000
2438,翔耀            ,1000,0,1000,0,0,0,0,0,0,0,0,0,0,0,0,0,1000
2491,吉祥全          ,1000,0,1000,0,0,0,0,0,0,0,0,0,0,0,0,0,1000
1724,台硝            ,1000,0,1000,0,0,0,0,0,0,0,0,0,0,0,0,0,1000
1776,展宇            ,0,0,0,0,0,0,0,0,0,1000,1000,0,1000,0,0,0,1000
2002A,中鋼特          ,2000,0,2000,0,0,0,0,0,0,-1000,2000,3000,-1000,0,0,0,1000
2059,川湖            ,94000,96000,-2000,0,0,0,0,0,0,3000,3000,0,3000,0,0,0,1000
08300P,世芯國票01售01  ,0,0,0,0,0,0,0,0,0,1000,0,0,0,11000,10000,1000,1000
1438,裕豐            ,1000,0,1000,0,0,0,0,0,0,0,0,0,0,0,0,0,1000
1413,宏洲            ,2000,1000,1000,0,0,0,0,0,0,0,0,0,0,0,0,0,1000
1324,地球            ,1000,0,1000,0,0,0,0,0,0,0,0,0,0,0,0,0,1000
1453,大將            ,1000,0,1000,0,0,0,0,0,0,0,0,0,0,0,0,0,1000
1535,中宇            ,1000,0,1000,0,0,0,0,0,0,0,0,0,0,0,0,0,1000
1587,吉茂            ,1000,0,1000,0,0,0,0,0,0,0,0,0,0,0,0,0,1000
053413,台積電國票99購01,0,0,0,0,0,0,0,0,0,1000,0,0,0,1000,0,1000,1000
053585,友達元大9C購03  ,0,0,0,0,0,0,0,0,0,1000,0,0,0,1000,0,1000,1000
052662,華新科國票97購01,0,0,0,0,0,0,0,0,0,1000,0,0,0,23000,22000,1000,1000
053057,聯電國泰97購02  ,0,0,0,0,0,0,0,0,0,1000,0,0,0,1000,0,1000,1000
052888,台表科中信9A購01,0,0,0,0,0,0,0,0,0,1000,0,0,0,1000,0,1000,1000
052827,昇陽半永豐97購01,0,0,0,0,0,0,0,0,0,1000,0,0,0,15000,14000,1000,1000
056616,台光電永豐98購01,0,0,0,0,0,0,0,0,0,1000,0,0,0,1000,0,1000,1000
055642,廣宇元富97購01  ,0,0,0,0,0,0,0,0,0,1000,0,0,0,1000,0,1000,1000
056658,美食元大98購01  ,0,0,0,0,0,0,0,0,0,1000,0,0,0,65000,64000,1000,1000
056665,上証2X國票99購02,0,0,0,0,0,0,0,0,0,1000,0,0,0,1000,0,1000,1000
056675,聯發科元富02購01,0,0,0,0,0,0,0,0,0,1000,0,0,0,1000,0,1000,1000
056681,鴻海統一98購09  ,0,0,0,0,0,0,0,0,0,1000,0,0,0,10000,9000,1000,1000
05127P,鴻海亞東96售01  ,0,0,0,0,0,0,0,0,0,1000,0,0,0,1000,0,1000,1000
051231,健策群益97購01  ,0,0,0,0,0,0,0,0,0,1000,0,0,0,1000,0,1000,1000
03676C,臺股指元大04牛03,0,0,0,0,0,0,0,0,0,1000,0,0,0,1000,0,1000,1000
03679C,臺股指元大04牛04,0,0,0,0,0,0,0,0,0,1000,0,0,0,1000,0,1000,1000
051843,聯發科富邦99購01,0,0,0,0,0,0,0,0,0,1000,0,0,0,1000,0,1000,1000
03052X,元展49          ,0,0,0,0,0,0,0,0,0,1000,0,0,0,4000,3000,1000,1000
01003T,兆豐新光R1      ,6072000,2000,6070000,0,0,0,0,0,0,-6069000,0,6069000,-6069000,0,0,0,1000
054256,創意元大96購07  ,0,0,0,0,0,0,0,0,0,1000,0,0,0,1000,0,1000,1000
054202,樺漢富邦97購01  ,0,0,0,0,0,0,0,0,0,1000,0,0,0,1000,0,1000,1000
052325,高股息中信99購01,0,0,0,0,0,0,0,0,0,1000,0,0,0,1000,0,1000,1000
052353,高鐵群益97購01  ,0,0,0,0,0,0,0,0,0,1000,0,0,0,1000,0,1000,1000
053884,緯穎第一96購01  ,0,0,0,0,0,0,0,0,0,1000,0,0,0,1000,0,1000,1000
047483,新光金凱基99購04,0,0,0,0,0,0,0,0,0,1000,0,0,0,1000,0,1000,1000
048349,美利達元大96購02,0,0,0,0,0,0,0,0,0,1000,0,0,0,1000,0,1000,1000
055755,禾伸堂兆豐97購02,0,0,0,0,0,0,0,0,0,1000,0,0,0,2000,1000,1000,1000
056419,欣興元富98購02  ,0,0,0,0,0,0,0,0,0,1000,0,0,0,7000,6000,1000,1000
056573,華新科元大99購06,0,0,0,0,0,0,0,0,0,1000,0,0,0,49000,48000,1000,1000
056367,祥碩元大98購01  ,0,0,0,0,0,0,0,0,0,1000,0,0,0,1000,0,1000,1000
054924,景碩凱基98購01  ,0,0,0,0,0,0,0,0,0,1000,0,0,0,1000,0,1000,1000
055901,超眾中信97購01  ,0,0,0,0,0,0,0,0,0,1000,0,0,0,1000,0,1000,1000
054962,玉晶光元大99購02,0,0,0,0,0,0,0,0,0,1000,0,0,0,5000,4000,1000,1000
054941,凱美元大97購01  ,0,0,0,0,0,0,0,0,0,1000,0,0,0,1000,0,1000,1000
056142,超眾元大97購06  ,0,0,0,0,0,0,0,0,0,1000,0,0,0,42000,41000,1000,1000
056155,嘉晶凱基97購01  ,0,0,0,0,0,0,0,0,0,1000,0,0,0,1000,0,1000,1000
054991,南亞科元富97購01,0,0,0,0,0,0,0,0,0,1000,0,0,0,1000,0,1000,1000
056096,超眾元富9A購01  ,0,0,0,0,0,0,0,0,0,1000,0,0,0,1000,0,1000,1000
055935,創意群益97購02  ,0,0,0,0,0,0,0,0,0,1000,0,0,0,1000,0,1000,1000
055975,鴻海統一98購05  ,0,0,0,0,0,0,0,0,0,1000,0,0,0,1000,0,1000,1000
054580,樺漢元大98購01  ,0,0,0,0,0,0,0,0,0,1000,0,0,0,1000,0,1000,1000
054623,華新科第一97購01,0,0,0,0,0,0,0,0,0,1000,0,0,0,1000,0,1000,1000
054593,滬深2X永昌9A購01,0,0,0,0,0,0,0,0,0,1000,0,0,0,1000,0,1000,1000
058449,台積電永豐99購01,0,0,0,0,0,0,0,0,0,1000,0,0,0,1000,0,1000,1000
058224,世芯統一9B購02  ,0,0,0,0,0,0,0,0,0,1000,0,0,0,1000,0,1000,1000
058235,大立光元大99購08,0,0,0,0,0,0,0,0,0,1000,0,0,0,1000,0,1000,1000
058203,信邦凱基99購01  ,0,0,0,0,0,0,0,0,0,1000,0,0,0,1000,0,1000,1000
058276,道瓊指中信9C購01,0,0,0,0,0,0,0,0,0,1000,0,0,0,1000,0,1000,1000
059361,玉晶光永豐99購04,0,0,0,0,0,0,0,0,0,1000,0,0,0,1000,0,1000,1000
056914,臺股指元大99購09,0,0,0,0,0,0,0,0,0,1000,0,0,0,1000,0,1000,1000
059474,元石油群益99購01,0,0,0,0,0,0,0,0,0,1000,0,0,0,1000,0,1000,1000
059475,元石油群益99購02,0,0,0,0,0,0,0,0,0,1000,0,0,0,1000,0,1000,1000
056971,麗豐永豐98購01  ,0,0,0,0,0,0,0,0,0,1000,0,0,0,69000,68000,1000,1000
05693P,滬深2X凱基98售02,0,0,0,0,0,0,0,0,0,1000,0,0,0,1000,0,1000,1000
057022,智邦凱基98購04  ,0,0,0,0,0,0,0,0,0,1000,0,0,0,1000,0,1000,1000
057058,祥碩元大98購04  ,0,0,0,0,0,0,0,0,0,1000,0,0,0,1000,0,1000,1000
05736P,臺股指統一96售06,0,0,0,0,0,0,0,0,0,1000,0,0,0,1000,0,1000,1000
057374,禾伸堂元大99購03,0,0,0,0,0,0,0,0,0,1000,0,0,0,61000,60000,1000,1000
05812P,臺股指國票96售05,0,0,0,0,0,0,0,0,0,1000,0,0,0,1000,0,1000,1000
058864,欣興凱基99購04  ,0,0,0,0,0,0,0,0,0,1000,0,0,0,1000,0,1000,1000
058448,滬深2X永豐9A購01,0,0,0,0,0,0,0,0,0,1000,0,0,0,1000,0,1000,1000
058088,鴻海元大9A購01  ,0,0,0,0,0,0,0,0,0,1000,0,0,0,1000,0,1000,1000
058425,S&P正2元富01購02,0,0,0,0,0,0,0,0,0,1000,0,0,0,1000,0,1000,1000
058414,大立光兆豐99購02,0,0,0,0,0,0,0,0,0,1000,0,0,0,1000,0,1000,1000
059014,SGBR2X元富03購01,0,0,0,0,0,0,0,0,0,1000,0,0,0,1000,0,1000,1000
059023,可成統一9B購02  ,0,0,0,0,0,0,0,0,0,1000,0,0,0,50000,49000,1000,1000
058971,台積電永豐99購03,0,0,0,0,0,0,0,0,0,1000,0,0,0,1000,0,1000,1000
05905P,晶技統一97售01  ,0,0,0,0,0,0,0,0,0,1000,0,0,0,3000,2000,1000,1000
057756,瑞昱日盛99購01  ,0,0,0,0,0,0,0,0,0,1000,0,0,0,1000,0,1000,1000
059240,台積電凱基9A購09,0,0,0,0,0,0,0,0,0,1000,0,0,0,9000,8000,1000,1000
057814,聯發科元大98購12,0,0,0,0,0,0,0,0,0,1000,0,0,0,1000,0,1000,1000
057815,信邦元大98購01  ,0,0,0,0,0,0,0,0,0,1000,0,0,0,6000,5000,1000,1000
057799,世紀鋼兆豐98購01,0,0,0,0,0,0,0,0,0,1000,0,0,0,1000,0,1000,1000
060077,台積電台新9B購01,0,0,0,0,0,0,0,0,0,1000,0,0,0,1000,0,1000,1000
059978,國巨元大99購29  ,0,0,0,0,0,0,0,0,0,1000,0,0,0,1000,0,1000,1000
060338,鴻海統一9C購02  ,0,0,0,0,0,0,0,0,0,1000,0,0,0,1000,0,1000,1000
060558,億豐凱基9A購01  ,0,0,0,0,0,0,0,0,0,1000,0,0,0,1000,0,1000,1000
060479,億豐元大9A購01  ,0,0,0,0,0,0,0,0,0,1000,0,0,0,55000,54000,1000,1000
060480,億豐元大9A購02  ,0,0,0,0,0,0,0,0,0,1000,0,0,0,2000,1000,1000,1000
060477,和潤元大9A購01  ,0,0,0,0,0,0,0,0,0,1000,0,0,0,1000,0,1000,1000
059627,旺宏凱基99購10  ,0,0,0,0,0,0,0,0,0,1000,0,0,0,1000,0,1000,1000
059617,A50正2群益01購02,0,0,0,0,0,0,0,0,0,1000,0,0,0,1000,0,1000,1000
059605,臺股指元大9A購42,0,0,0,0,0,0,0,0,0,1000,0,0,0,1000,0,1000,1000
059591,台積電元大9A購04,0,0,0,0,0,0,0,0,0,1000,0,0,0,1000,0,1000,1000
059822,聯發科凱基99購19,0,0,0,0,0,0,0,0,0,1000,0,0,0,1000,0,1000,1000
059803,S&P正2元富9B購03,0,0,0,0,0,0,0,0,0,1000,0,0,0,1000,0,1000,1000
059769,滬深2X群益9C購01,0,0,0,0,0,0,0,0,0,1000,0,0,0,1000,0,1000,1000
059893,台積電台新9A購02,0,0,0,0,0,0,0,0,0,1000,0,0,0,1000,0,1000,1000
05797P,臺股指群益96售11,0,0,0,0,0,0,0,0,0,1000,0,0,0,1000,0,1000,1000
057991,健策統一9C購01  ,0,0,0,0,0,0,0,0,0,1000,0,0,0,31000,30000,1000,1000
058670,鴻海群益9A購03  ,0,0,0,0,0,0,0,0,0,1000,0,0,0,21000,20000,1000,1000
058009,智易國票99購01  ,0,0,0,0,0,0,0,0,0,1000,0,0,0,2000,1000,1000,1000
058022,樺漢凱基99購02  ,0,0,0,0,0,0,0,0,0,1000,0,0,0,34000,33000,1000,1000
058045,鴻海元大99購08  ,0,0,0,0,0,0,0,0,0,1000,0,0,0,1000,0,1000,1000
058024,台積電國泰9A購01,0,0,0,0,0,0,0,0,0,1000,0,0,0,1000,0,1000,1000
05721P,全新群益98售02  ,0,0,0,0,0,0,0,0,0,1000,0,0,0,1000,0,1000,1000
058719,智邦元富99購01  ,0,0,0,0,0,0,0,0,0,1000,0,0,0,1000,0,1000,1000
062557,台光電凱基9B購02,0,0,0,0,0,0,0,0,0,1000,0,0,0,1000,0,1000,1000
062512,美食國票9B購01  ,0,0,0,0,0,0,0,0,0,1000,0,0,0,1000,0,1000,1000
062341,台表科麥證9C購01,0,0,0,8000,7000,1000,0,0,0,1000,0,0,0,8000,7000,1000,1000
063046,聯發科兆豐9C購01,0,0,0,0,0,0,0,0,0,1000,0,0,0,6000,5000,1000,1000
062823,台表科兆豐9B購01,0,0,0,0,0,0,0,0,0,1000,0,0,0,82000,81000,1000,1000
063187,全新凱基9B購02  ,0,0,0,0,0,0,0,0,0,1000,0,0,0,24000,23000,1000,1000
061388,台積電群益9A購05,0,0,0,0,0,0,0,0,0,1000,0,0,0,21000,20000,1000,1000
060778,臺股指凱基9A購06,0,0,0,0,0,0,0,0,0,1000,0,0,0,1000,0,1000,1000
060892,超眾統一9C購01  ,0,0,0,0,0,0,0,0,0,1000,0,0,0,1000,0,1000,1000
060882,大立光中信9A購05,0,0,0,0,0,0,0,0,0,1000,0,0,0,1000,0,1000,1000
061009,台灣50麥證02購02,0,0,0,1000,0,1000,0,0,0,1000,0,0,0,1000,0,1000,1000
062001,臺股指元大9B購25,0,0,0,0,0,0,0,0,0,1000,0,0,0,1000,0,1000,1000
061926,晶技凱基9B購02  ,0,0,0,0,0,0,0,0,0,1000,0,0,0,1000,0,1000,1000
061936,旺宏國票9B購03  ,0,0,0,0,0,0,0,0,0,1000,0,0,0,1000,0,1000,1000
061498,大立光國票9A購10,0,0,0,0,0,0,0,0,0,1000,0,0,0,1000,0,1000,1000
061504,祥碩國票9A購02  ,0,0,0,0,0,0,0,0,0,1000,0,0,0,1000,0,1000,1000
061540,台積電群益9A購07,0,0,0,0,0,0,0,0,0,1000,0,0,0,4000,3000,1000,1000
061719,緯穎凱基9A購06  ,0,0,0,0,0,0,0,0,0,1000,0,0,0,6000,5000,1000,1000
061708,同欣電國票9A購02,0,0,0,0,0,0,0,0,0,1000,0,0,0,180000,179000,1000,1000
3021,鴻名            ,1000,0,1000,0,0,0,0,0,0,0,0,0,0,0,0,0,1000
2936,客思達-KY       ,1000,0,1000,0,0,0,0,0,0,0,0,0,0,0,0,0,1000
3002,歐格            ,1000,0,1000,0,0,0,0,0,0,0,0,0,0,0,0,0,1000
3015,全漢            ,67000,66000,1000,0,0,0,0,0,0,0,0,0,0,0,0,0,1000
3543,州巧            ,4000,3000,1000,0,0,0,0,0,0,0,0,0,0,0,0,0,1000
3550,聯穎            ,0,0,0,0,0,0,0,0,0,1000,1000,0,1000,0,0,0,1000
4566,時碩工業        ,57000,57000,0,0,0,0,0,0,0,1000,1000,0,1000,0,0,0,1000
4571,鈞興-KY         ,1000,0,1000,0,0,0,0,0,0,0,0,0,0,0,0,0,1000
5538,東明-KY         ,2000,1000,1000,0,0,0,0,0,0,0,0,0,0,0,0,0,1000
6405,悅城            ,2000,2000,0,0,0,0,0,0,0,1000,1000,0,1000,0,0,0,1000
6666,羅麗芬-KY       ,1000,0,1000,0,0,0,0,0,0,0,0,0,0,0,0,0,1000
8482,商億-KY         ,1000,0,1000,0,0,0,0,0,0,0,0,0,0,0,0,0,1000
8427,基勝-KY         ,1000,0,1000,0,0,0,0,0,0,0,0,0,0,0,0,0,1000
8443,阿瘦            ,1000,0,1000,0,0,0,0,0,0,0,0,0,0,0,0,0,1000
9906,欣巴巴          ,1000,0,1000,0,0,0,0,0,0,0,0,0,0,0,0,0,1000
8201,無敵            ,1000,0,1000,0,0,0,0,0,0,0,0,0,0,0,0,0,1000
8105,凌巨            ,267000,268000,-1000,0,0,0,0,0,0,2000,9000,7000,2000,0,0,0,1000
9929,秋雨            ,1000,0,1000,0,0,0,0,0,0,0,0,0,0,0,0,0,1000
008201,BP上證50        ,0,0,0,0,0,0,0,0,0,300,0,0,0,300,0,300,300
1503,士電            ,16000,17000,-1000,0,0,0,0,0,0,1000,1000,0,1000,0,0,0,0
08258P,旺宏元大9C售04  ,0,0,0,0,0,0,0,0,0,0,0,0,0,7000,7000,0,0
08253P,鴻海元大9C售06  ,0,0,0,0,0,0,0,0,0,0,0,0,0,25000,25000,0,0
08187P,大毅群益9B售04  ,0,0,0,0,0,0,0,0,0,0,0,0,0,15000,15000,0,0
1906,寶隆            ,24000,24000,0,0,0,0,0,0,0,0,1000,1000,0,0,0,0,0
1783,和康生          ,180000,183000,-3000,0,0,0,0,0,0,3000,3000,0,3000,0,0,0,0
07713P,台郡元大9A售03  ,0,0,0,0,0,0,0,0,0,0,0,0,0,103000,103000,0,0
07660P,聯茂凱基9A售03  ,0,0,0,0,0,0,0,0,0,0,0,0,0,53000,53000,0,0
07537P,玉晶光元富9A售04,0,0,0,0,0,0,0,0,0,0,0,0,0,10000,10000,0,0
07532P,台灣50中信01售02,0,0,0,0,0,0,0,0,0,0,0,0,0,10000,10000,0,0
07183P,臺股指凱基99售25,0,0,0,0,0,0,0,0,0,0,0,0,0,20000,20000,0,0
07129P,華新科元大99售14,0,0,0,0,0,0,0,0,0,0,0,0,0,150000,150000,0,0
07227P,聯發科元富99售05,0,0,0,0,0,0,0,0,0,0,0,0,0,390000,390000,0,0
07341P,台積電凱基99售18,0,0,0,0,0,0,0,0,0,0,0,0,0,29000,29000,0,0
07418P,聯發科元大99售45,0,0,0,0,0,0,0,0,0,0,0,0,0,250000,250000,0,0
07270P,台灣50元大01售09,0,0,0,0,0,0,0,0,0,0,0,0,0,10000,10000,0,0
07913P,友達元大01售01  ,0,0,0,0,0,0,0,0,0,0,0,0,0,10000,10000,0,0
07938P,國巨統一9B售10  ,0,0,0,0,0,0,0,0,0,0,0,0,0,10000,10000,0,0
07949P,滬深2X元大9B售04,0,0,0,0,0,0,0,0,0,0,0,0,0,100000,100000,0,0
08004P,大毅永豐9B售02  ,0,0,0,0,0,0,0,0,0,0,0,0,0,20000,20000,0,0
07999P,台達電凱基9B售02,0,0,0,0,0,0,0,0,0,0,0,0,0,20000,20000,0,0
08125P,聯茂群益9B售02  ,0,0,0,0,0,0,0,0,0,0,0,0,0,37000,37000,0,0
07069P,欣興元富99售02  ,0,0,0,0,0,0,0,0,0,0,0,0,0,110000,110000,0,0
07079P,台積電群益99售06,0,0,0,0,0,0,0,0,0,0,0,0,0,4000,4000,0,0
06655P,TPK元大98售02   ,0,0,0,0,0,0,0,0,0,0,0,0,0,50000,50000,0,0
06806P,臺股指群益98售12,0,0,0,0,0,0,0,0,0,0,0,0,0,10000,10000,0,0
06843P,鴻海元大98售11  ,0,0,0,0,0,0,0,0,0,0,0,0,0,1000,1000,0,0
06469P,臺股指凱基99售09,0,0,0,0,0,0,0,0,0,0,0,0,0,15000,15000,0,0
06487P,聯發科統一99售02,0,0,0,0,0,0,0,0,0,0,0,0,0,140000,140000,0,0
06445P,大立光凱基98售09,0,0,0,0,0,0,0,0,0,0,0,0,0,5000,5000,0,0
064291,南六元大9C購04  ,0,0,0,0,0,0,0,0,0,0,0,0,0,50000,50000,0,0
064246,南六統一9C購02  ,0,0,0,0,0,0,0,0,0,0,0,0,0,296000,296000,0,0
064271,鴻海元大9C購08  ,0,0,0,0,0,0,0,0,0,0,0,0,0,29000,29000,0,0
064272,鴻海元大9C購09  ,0,0,0,0,0,0,0,0,0,0,0,0,0,28000,28000,0,0
064275,台光電元大9C購03,0,0,0,0,0,0,0,0,0,0,0,0,0,16000,16000,0,0
06527P,T50正2富邦9C售01,0,0,0,0,0,0,0,0,0,0,0,0,0,5000,5000,0,0
06495P,華新科亞東9A售01,0,0,0,0,0,0,0,0,0,0,0,0,0,100000,100000,0,0
06557P,台積電兆豐98售02,0,0,0,0,0,0,0,0,0,0,0,0,0,448000,448000,0,0
06544P,鴻海元大98售09  ,0,0,0,0,0,0,0,0,0,0,0,0,0,15000,15000,0,0
06532P,友達元富98售04  ,0,0,0,0,0,0,0,0,0,0,0,0,0,40000,40000,0,0
06534P,聯發科群益98售04,0,0,0,0,0,0,0,0,0,0,0,0,0,12000,12000,0,0
06578P,華新科國票98售02,0,0,0,0,0,0,0,0,0,0,0,0,0,11000,11000,0,0
064136,致新元大9C購01  ,0,0,0,0,0,0,0,0,0,0,0,0,0,12000,12000,0,0
064141,國巨統一01購08  ,0,0,0,0,0,0,0,0,0,0,0,0,0,21000,21000,0,0
064142,國巨統一9C購13  ,0,0,0,0,0,0,0,0,0,0,0,0,0,22000,22000,0,0
064169,南電統一9C購01  ,0,0,0,0,0,0,0,0,0,0,0,0,0,18000,18000,0,0
064186,燿華永豐9C購01  ,0,0,0,0,0,0,0,0,0,0,0,0,0,37000,37000,0,0
064189,TPK永豐9C購01   ,0,0,0,0,0,0,0,0,0,0,0,0,0,8000,8000,0,0
064218,南六凱基01購01  ,0,0,0,0,0,0,0,0,0,0,0,0,0,1000,1000,0,0
064231,鴻海統一01購03  ,0,0,0,0,0,0,0,0,0,0,0,0,0,1000,1000,0,0
064232,鴻海統一01購04  ,0,0,0,0,0,0,0,0,0,0,0,0,0,1000,1000,0,0
064070,祥碩永豐9C購01  ,0,0,0,0,0,0,0,0,0,0,0,0,0,179000,179000,0,0
06405P,億光元富97售02  ,0,0,0,0,0,0,0,0,0,0,0,0,0,10000,10000,0,0
064051,新日興統一01購01,0,0,0,0,0,0,0,0,0,0,0,0,0,20000,20000,0,0
064096,台積電群益9C購07,0,0,0,0,0,0,0,0,0,0,0,0,0,20000,20000,0,0
064125,聯發科元大02購01,0,0,0,0,0,0,0,0,0,0,0,0,0,87000,87000,0,0
064127,聯發科元大9C購06,0,0,0,0,0,0,0,0,0,0,0,0,0,27000,27000,0,0
063998,聯發科兆豐9C購02,0,0,0,0,0,0,0,0,0,0,0,0,0,80000,80000,0,0
064026,建準元大9C購02  ,0,0,0,0,0,0,0,0,0,0,0,0,0,2000,2000,0,0
063833,致新國票01購01  ,0,0,0,0,0,0,0,0,0,0,0,0,0,8000,8000,0,0
063757,鴻海統一9C購16  ,0,0,0,0,0,0,0,0,0,0,0,0,0,7000,7000,0,0
063516,香港反凱基03購01,0,0,0,0,0,0,0,0,0,0,0,0,0,20000,20000,0,0
063534,鴻海統一9B購07  ,0,0,0,0,0,0,0,0,0,0,0,0,0,3000,3000,0,0
063443,金像電統一01購02,0,0,0,0,0,0,0,0,0,0,0,0,0,9000,9000,0,0
063607,中租凱基9B購02  ,0,0,0,0,0,0,0,0,0,0,0,0,0,20000,20000,0,0
063571,TPK元大9B購03   ,0,0,0,0,0,0,0,0,0,0,0,0,0,257000,257000,0,0
063609,南電凱基9B購05  ,0,0,0,0,0,0,0,0,0,0,0,0,0,1000,1000,0,0
00775B,新光投等債15+   ,1000,0,1000,0,0,0,0,0,0,-1000,0,0,0,0,1000,-1000,0
00865B,國泰US短期公債  ,0,0,0,0,0,0,0,0,0,0,0,0,0,100000,100000,0,0
00668K,國泰美國道瓊+U  ,0,0,0,0,0,0,0,0,0,0,0,0,0,100,100,0,0
00657K,國泰日經225+U   ,0,0,0,0,0,0,0,0,0,0,0,0,0,100,100,0,0
00661,元大日經225     ,0,0,0,0,0,0,0,0,0,0,0,0,0,1000,1000,0,0
00625K,富邦上証+R      ,0,0,0,0,0,0,0,0,0,0,0,0,0,50000,50000,0,0
00636K,國泰中國A50+U   ,0,0,0,0,0,0,0,0,0,0,0,0,0,100,100,0,0
00707R,元大S&P日圓反1  ,0,0,0,0,0,0,0,0,0,0,0,0,0,1000,1000,0,0
00732,國泰RMB短期報酬 ,0,0,0,0,0,0,0,0,0,0,0,0,0,100000,100000,0,0
03432B,臺股指凱基98熊13,0,0,0,0,0,0,0,0,0,0,0,0,0,160000,160000,0,0
051382,玉晶光群益98購02,0,0,0,0,0,0,0,0,0,0,0,0,0,65000,65000,0,0
05135P,鴻海凱基96售07  ,0,0,0,0,0,0,0,0,0,0,0,0,0,40000,40000,0,0
051582,聯發科元大97購02,0,0,0,0,0,0,0,0,0,0,0,0,0,3000,3000,0,0
049438,嘉晶國泰96購01  ,0,0,0,0,0,0,0,0,0,0,0,0,0,91000,91000,0,0
050493,聯發科永昌96購01,0,0,0,0,0,0,0,0,0,0,0,0,0,10000,10000,0,0
050496,鴻海富邦96購01  ,0,0,0,0,0,0,0,0,0,0,0,0,0,50000,50000,0,0
054282,泰鼎群益98購02  ,0,0,0,0,0,0,0,0,0,0,0,0,0,2000,2000,0,0
052061,樺漢國票96購01  ,0,0,0,0,0,0,0,0,0,0,0,0,0,4000,4000,0,0
054198,台積電永昌96購08,0,0,0,0,0,0,0,0,0,0,0,0,0,509000,509000,0,0
054157,國巨亞東96購01  ,0,0,0,0,0,0,0,0,0,0,0,0,0,200000,200000,0,0
054160,華泰凱基98購01  ,0,0,0,0,0,0,0,0,0,0,0,0,0,40000,40000,0,0
054089,台積電群益96購11,0,0,0,0,0,0,0,0,0,0,0,0,0,140000,140000,0,0
054121,奇鋐永豐96購02  ,0,0,0,0,0,0,0,0,0,0,0,0,0,30000,30000,0,0
051922,鴻海亞東96購02  ,0,0,0,0,0,0,0,0,0,0,0,0,0,10000,10000,0,0
051929,GIS中信96購01   ,0,0,0,0,0,0,0,0,0,0,0,0,0,94000,94000,0,0
056682,鴻海統一98購10  ,0,0,0,0,0,0,0,0,0,0,0,0,0,5000,5000,0,0
056736,國巨凱基99購03  ,0,0,0,0,0,0,0,0,0,0,0,0,0,1000,1000,0,0
056741,大立光凱基98購14,0,0,0,0,0,0,0,0,0,0,0,0,0,45000,45000,0,0
056747,致新凱基99購01  ,0,0,0,0,0,0,0,0,0,0,0,0,0,10000,10000,0,0
056772,欣興元大99購01  ,0,0,0,0,0,0,0,0,0,0,0,0,0,43000,43000,0,0
055564,茂林凱基98購01  ,0,0,0,0,0,0,0,0,0,0,0,0,0,65000,65000,0,0
055570,華通統一98購03  ,0,0,0,0,0,0,0,0,0,0,0,0,0,4000,4000,0,0
055572,鴻海統一98購04  ,0,0,0,0,0,0,0,0,0,0,0,0,0,14000,14000,0,0
056618,京元電永豐98購01,0,0,0,0,0,0,0,0,0,0,0,0,0,10000,10000,0,0
055439,台表科國票98購02,0,0,0,0,0,0,0,0,0,0,0,0,0,4000,4000,0,0
052828,滬深2X群益9A購02,0,0,0,0,0,0,0,0,0,0,0,0,0,50000,50000,0,0
052879,滬深2X凱基97購02,0,0,0,0,0,0,0,0,0,0,0,0,0,868000,868000,0,0
052885,高鐵兆豐98購01  ,0,0,0,0,0,0,0,0,0,0,0,0,0,5000,5000,0,0
053859,台積電元大97購09,0,0,0,0,0,0,0,0,0,0,0,0,0,90000,90000,0,0
053839,華通統一96購01  ,0,0,0,0,0,0,0,0,0,0,0,0,0,200000,200000,0,0
053842,聯發科統一96購08,0,0,0,0,0,0,0,0,0,0,0,0,0,3000,3000,0,0
053027,玉晶光富邦98購01,0,0,0,0,0,0,0,0,0,0,0,0,0,3000,3000,0,0
052978,貿聯麥證97購01  ,0,0,0,20000,20000,0,0,0,0,0,0,0,0,20000,20000,0,0
052625,南電亞東97購01  ,0,0,0,0,0,0,0,0,0,0,0,0,0,263000,263000,0,0
052615,鴻海國泰98購01  ,0,0,0,0,0,0,0,0,0,0,0,0,0,90000,90000,0,0
052617,景碩國泰98購01  ,0,0,0,0,0,0,0,0,0,0,0,0,0,1000,1000,0,0
052559,茂林國票97購01  ,0,0,0,0,0,0,0,0,0,0,0,0,0,240000,240000,0,0
054300,華通凱基96購07  ,0,0,0,0,0,0,0,0,0,0,0,0,0,10000,10000,0,0
053150,聯發科元大96購11,0,0,0,0,0,0,0,0,0,0,0,0,0,160000,160000,0,0
053163,上証2X群益9A購02,0,0,0,0,0,0,0,0,0,0,0,0,0,20000,20000,0,0
053189,聯發科統一96購05,0,0,0,0,0,0,0,0,0,0,0,0,0,31000,31000,0,0
053229,南電台新97購01  ,0,0,0,0,0,0,0,0,0,0,0,0,0,80000,80000,0,0
053278,禾伸堂元大96購01,0,0,0,0,0,0,0,0,0,0,0,0,0,41000,41000,0,0
052711,滬深2X凱基97購01,0,0,0,0,0,0,0,0,0,0,0,0,0,50000,50000,0,0
053588,聯發科元大97購07,0,0,0,0,0,0,0,0,0,0,0,0,0,10000,10000,0,0
053534,微星永豐96購02  ,0,0,0,0,0,0,0,0,0,0,0,0,0,20000,20000,0,0
053638,信邦永豐96購01  ,0,0,0,0,0,0,0,0,0,0,0,0,0,10000,10000,0,0
053627,宏碁兆豐97購01  ,0,0,0,0,0,0,0,0,0,0,0,0,0,55000,55000,0,0
053435,新光金日盛96購01,0,0,0,0,0,0,0,0,0,0,0,0,0,301000,301000,0,0
053528,南電中信9A購01  ,0,0,0,0,0,0,0,0,0,0,0,0,0,80000,80000,0,0
053496,義隆兆豐96購02  ,0,0,0,0,0,0,0,0,0,0,0,0,0,6000,6000,0,0
053320,華新科群益97購01,0,0,0,0,0,0,0,0,0,0,0,0,0,2000,2000,0,0
053344,嘉晶國票97購02  ,0,0,0,0,0,0,0,0,0,0,0,0,0,35000,35000,0,0
053384,聯發科元大96購13,0,0,0,0,0,0,0,0,0,0,0,0,0,13000,13000,0,0
058206,祥碩凱基99購01  ,0,0,0,0,0,0,0,0,0,0,0,0,0,2000,2000,0,0
058474,鴻海凱基9A購06  ,0,0,0,0,0,0,0,0,0,0,0,0,0,3000,3000,0,0
058482,祥碩凱基99購02  ,0,0,0,0,0,0,0,0,0,0,0,0,0,2000,2000,0,0
058502,鴻海元大99購13  ,0,0,0,0,0,0,0,0,0,0,0,0,0,1000,1000,0,0
058503,鴻海元大99購14  ,0,0,0,0,0,0,0,0,0,0,0,0,0,81000,81000,0,0
058162,上銀日盛9B購01  ,0,0,0,0,0,0,0,0,0,0,0,0,0,18000,18000,0,0
058158,台積電台新99購01,0,0,0,0,0,0,0,0,0,0,0,0,0,44000,44000,0,0
058649,健策永豐99購01  ,0,0,0,0,0,0,0,0,0,0,0,0,0,20000,20000,0,0
054624,台積電凱基98購03,0,0,0,0,0,0,0,0,0,0,0,0,0,33000,33000,0,0
056239,宏達電群益98購01,0,0,0,0,0,0,0,0,0,0,0,0,0,7000,7000,0,0
055970,聯茂元大97購04  ,0,0,0,0,0,0,0,0,0,0,0,0,0,50000,50000,0,0
054643,上証2X群益9B購01,0,0,0,0,0,0,0,0,0,0,0,0,0,10000,10000,0,0
054656,深中小元大97購01,0,0,0,0,0,0,0,0,0,0,0,0,0,21000,21000,0,0
054767,日電貿國票98購01,0,0,0,0,0,0,0,0,0,0,0,0,0,38000,38000,0,0
056103,聯發科永豐97購03,0,0,0,0,0,0,0,0,0,0,0,0,0,40000,40000,0,0
054723,鴻海日盛97購01  ,0,0,0,0,0,0,0,0,0,0,0,0,0,499000,499000,0,0
054725,國巨日盛97購01  ,0,0,0,0,0,0,0,0,0,0,0,0,0,30000,30000,0,0
054783,國巨群益98購04  ,0,0,0,0,0,0,0,0,0,0,0,0,0,95000,95000,0,0
054751,GIS凱基98購01   ,0,0,0,0,0,0,0,0,0,0,0,0,0,13000,13000,0,0
055020,上証2X國泰98購01,0,0,0,0,0,0,0,0,0,0,0,0,0,390000,390000,0,0
056156,禾伸堂凱基98購04,0,0,0,0,0,0,0,0,0,0,0,0,0,3000,3000,0,0
054970,帆宣元大97購01  ,0,0,0,0,0,0,0,0,0,0,0,0,0,136000,136000,0,0
055912,宏達電凱基98購03,0,0,0,0,0,0,0,0,0,0,0,0,0,7000,7000,0,0
055892,國巨統一99購01  ,0,0,0,0,0,0,0,0,0,0,0,0,0,10000,10000,0,0
056414,國巨中信98購02  ,0,0,0,0,0,0,0,0,0,0,0,0,0,20000,20000,0,0
056352,鴻海元大99購01  ,0,0,0,0,0,0,0,0,0,0,0,0,0,149000,149000,0,0
056354,國巨元大98購10  ,0,0,0,0,0,0,0,0,0,0,0,0,0,1000,1000,0,0
056307,貿聯元大97購05  ,0,0,0,0,0,0,0,0,0,0,0,0,0,68000,68000,0,0
056565,欣興群益98購03  ,0,0,0,0,0,0,0,0,0,0,0,0,0,15000,15000,0,0
056200,大毅永豐98購01  ,0,0,0,0,0,0,0,0,0,0,0,0,0,5000,5000,0,0
056202,國揚永豐97購01  ,0,0,0,0,0,0,0,0,0,0,0,0,0,54000,54000,0,0
056409,麗豐國票99購01  ,0,50000,-50000,0,0,0,0,0,0,50000,0,0,0,60000,10000,50000,0
056487,康友元大98購01  ,0,0,0,0,0,0,0,0,0,0,0,0,0,30000,30000,0,0
056454,欣興凱基98購02  ,0,0,0,0,0,0,0,0,0,0,0,0,0,10000,10000,0,0
055790,南電凱基97購01  ,0,0,0,0,0,0,0,0,0,0,0,0,0,300000,300000,0,0
055701,亞德客富邦99購01,0,0,0,0,0,0,0,0,0,0,0,0,0,10000,10000,0,0
055710,亞德客元大97購03,0,0,0,0,0,0,0,0,0,0,0,0,0,100000,100000,0,0
055726,台表科元大98購03,0,0,0,0,0,0,0,0,0,0,0,0,0,10000,10000,0,0
055785,祥碩凱基97購02  ,0,0,0,0,0,0,0,0,0,0,0,0,0,7000,7000,0,0
055776,宏達電凱基98購02,0,0,0,0,0,0,0,0,0,0,0,0,0,20000,20000,0,0
056846,晶相光元富98購01,0,0,0,0,0,0,0,0,0,0,0,0,0,8000,8000,0,0
055176,大毅統一98購02  ,0,0,0,0,0,0,0,0,0,0,0,0,0,1000,1000,0,0
054847,創意兆豐97購01  ,0,0,0,0,0,0,0,0,0,0,0,0,0,50000,50000,0,0
054814,台積電元大97購13,0,0,0,0,0,0,0,0,0,0,0,0,0,45000,45000,0,0
058716,華新科台新99購02,0,0,0,0,0,0,0,0,0,0,0,0,0,100000,100000,0,0
057171,台光電元大9B購01,0,0,0,0,0,0,0,0,0,0,0,0,0,3000,3000,0,0
058743,可成康和99購01  ,0,0,0,0,0,0,0,0,0,0,0,0,0,4000,4000,0,0
057178,可成元大98購03  ,0,0,0,0,0,0,0,0,0,0,0,0,0,68000,68000,0,0
057182,禾伸堂元大99購02,0,0,0,0,0,0,0,0,0,0,0,0,0,76000,76000,0,0
05717P,鴻海元大97售07  ,0,0,0,0,0,0,0,0,0,0,0,0,0,21000,21000,0,0
057233,聯發科凱基98購14,0,0,0,0,0,0,0,0,0,0,0,0,0,28000,28000,0,0
058674,宏達電群益99購01,0,0,0,0,0,0,0,0,0,0,0,0,0,7000,7000,0,0
057943,可成國票99購03  ,0,0,0,0,0,0,0,0,0,0,0,0,0,3000,3000,0,0
057962,超眾元大99購03  ,0,0,0,0,0,0,0,0,0,0,0,0,0,19000,19000,0,0
057618,台光電凱基99購01,0,0,0,0,0,0,0,0,0,0,0,0,0,10000,10000,0,0
057282,大立光元大99購06,0,0,0,0,0,0,0,0,0,0,0,0,0,60000,60000,0,0
059877,康控凱基99購05  ,0,0,0,0,0,0,0,0,0,0,0,0,0,15000,15000,0,0
059941,聯發科永豐99購04,0,0,0,0,0,0,0,0,0,0,0,0,0,31000,31000,0,0
059784,台光電元大9A購01,0,0,0,0,0,0,0,0,0,0,0,0,0,18000,18000,0,0
059721,旺宏元大99購16  ,0,0,0,0,0,0,0,0,0,0,0,0,0,13000,13000,0,0
059716,鴻海元大99購35  ,0,0,0,0,0,0,0,0,0,0,0,0,0,5000,5000,0,0
059717,國巨元大99購21  ,0,0,0,0,0,0,0,0,0,0,0,0,0,13000,13000,0,0
059733,緯穎元大99購08  ,0,0,0,0,0,0,0,0,0,0,0,0,0,1000,1000,0,0
059567,台積電凱基9A購12,0,0,0,0,0,0,0,0,0,0,0,0,0,2000,2000,0,0
059572,華新科凱基99購08,0,0,0,0,0,0,0,0,0,0,0,0,0,2000,2000,0,0
059630,美律凱基99購07  ,0,0,0,0,0,0,0,0,0,0,0,0,0,20000,20000,0,0
059635,華新科凱基9A購06,0,0,0,0,0,0,0,0,0,0,0,0,0,1000,1000,0,0
059636,宏達電凱基99購05,0,0,0,0,0,0,0,0,0,0,0,0,0,7000,7000,0,0
059637,大立光凱基01購01,0,0,0,0,0,0,0,0,0,0,0,0,0,3000,3000,0,0
058793,鴻海元大99購19  ,0,0,0,0,0,0,0,0,0,0,0,0,0,5000,5000,0,0
058794,旺宏元大99購09  ,0,0,0,0,0,0,0,0,0,0,0,0,0,69000,69000,0,0
059530,華新科凱基9A購05,0,0,0,0,0,0,0,0,0,0,0,0,0,10000,10000,0,0
059528,華新科凱基99購06,0,0,0,0,0,0,0,0,0,0,0,0,0,2000,2000,0,0
058791,鴻海元大99購17  ,0,0,0,0,0,0,0,0,0,0,0,0,0,2000,2000,0,0
060461,鴻海元大9A購09  ,0,0,0,0,0,0,0,0,0,0,0,0,0,25000,25000,0,0
060446,A50正2元大9A購01,0,0,0,0,0,0,0,0,0,0,0,0,0,10000,10000,0,0
060499,鴻海元大9A購11  ,0,0,0,0,0,0,0,0,0,0,0,0,0,75000,75000,0,0
060630,國巨富邦9C購03  ,0,0,0,0,0,0,0,0,0,0,0,0,0,8000,8000,0,0
06059P,泰碩元大97售02  ,0,0,0,0,0,0,0,0,0,0,0,0,0,10000,10000,0,0
060609,玉晶光凱基9B購01,0,0,0,0,0,0,0,0,0,0,0,0,0,1000,1000,0,0
060606,玉晶光凱基9A購05,0,0,0,0,0,0,0,0,0,0,0,0,0,11000,11000,0,0
060617,華新科元大9A購08,0,0,0,0,0,0,0,0,0,0,0,0,0,2000,2000,0,0
060354,A50正2元富9A購02,0,0,0,0,0,0,0,0,0,0,0,0,0,3000,3000,0,0
060221,大立光凱基9A購07,0,0,0,0,0,0,0,0,0,0,0,0,0,2000,2000,0,0
060264,華新科國票9A購02,0,0,0,0,0,0,0,0,0,0,0,0,0,10000,10000,0,0
060216,鴻海凱基9A購17  ,0,0,0,0,0,0,0,0,0,0,0,0,0,11000,11000,0,0
059968,世紀鋼凱基99購03,0,0,0,0,0,0,0,0,0,0,0,0,0,10000,10000,0,0
060097,華新科元大99購23,0,0,0,0,0,0,0,0,0,0,0,0,0,2000,2000,0,0
060150,華通富邦9B購01  ,0,0,0,0,0,0,0,0,0,0,0,0,0,12000,12000,0,0
060161,牧德永豐9A購02  ,0,0,0,0,0,0,0,0,0,0,0,0,0,10000,10000,0,0
05780P,台積電統一96售07,0,0,0,0,0,0,0,0,0,0,0,0,0,6000,6000,0,0
057824,日月光元大98購01,0,0,0,0,0,0,0,0,0,0,0,0,0,157000,157000,0,0
059235,鴻海凱基99購08  ,0,0,0,0,0,0,0,0,0,0,0,0,0,1000,1000,0,0
059214,國巨元大99購20  ,0,0,0,0,0,0,0,0,0,0,0,0,0,1000,1000,0,0
059216,台積電元大99購29,0,0,0,0,0,0,0,0,0,0,0,0,0,1000,1000,0,0
057840,健策富邦99購01  ,0,0,0,0,0,0,0,0,0,0,0,0,0,5000,5000,0,0
058566,聯發科凱基9A購02,0,0,0,0,0,0,0,0,0,0,0,0,0,20000,20000,0,0
058536,群創統一9B購01  ,0,0,0,0,0,0,0,0,0,0,0,0,0,142000,142000,0,0
058537,彩晶統一9B購01  ,0,0,0,0,0,0,0,0,0,0,0,0,0,977000,977000,0,0
058538,智邦台新99購02  ,0,0,0,0,0,0,0,0,0,0,0,0,0,1000,1000,0,0
059083,華通元大99購07  ,0,0,0,0,0,0,0,0,0,0,0,0,0,4000,4000,0,0
059058,可成凱基9B購01  ,0,0,0,0,0,0,0,0,0,0,0,0,0,1000,1000,0,0
059059,宏達電凱基99購03,0,0,0,0,0,0,0,0,0,0,0,0,0,10000,10000,0,0
058985,可成凱基99購03  ,0,0,0,0,0,0,0,0,0,0,0,0,0,40000,40000,0,0
059025,台灣50台新9B購02,0,0,0,0,0,0,0,0,0,0,0,0,0,5000,5000,0,0
059001,聯發科元大99購17,0,0,0,0,0,0,0,0,0,0,0,0,0,9000,9000,0,0
058416,鴻海麥證99購01  ,0,0,0,1000,0,1000,0,0,0,0,0,0,0,1000,1000,0,0
058378,南電凱基99購01  ,0,0,0,0,0,0,0,0,0,0,0,0,0,1000,1000,0,0
057707,臺股指群益98購07,0,0,0,0,0,0,0,0,0,0,0,0,0,80000,80000,0,0
058447,玉晶光富邦9A購02,0,0,0,0,0,0,0,0,0,0,0,0,0,1000,1000,0,0
058930,華新科統一9B購01,0,0,0,0,0,0,0,0,0,0,0,0,0,40000,40000,0,0
058924,晶相光元富99購02,0,0,0,0,0,0,0,0,0,0,0,0,0,12000,12000,0,0
058134,信邦元大99購01  ,0,1000,-1000,0,0,0,0,0,0,1000,0,0,0,1000,0,1000,0
05919P,京鼎元大96售03  ,0,0,0,0,0,0,0,0,0,0,0,0,0,121000,121000,0,0
057330,台積電國票99購03,0,0,0,0,0,0,0,0,0,0,0,0,0,1000,1000,0,0
057129,聯發科凱基99購03,0,0,0,0,0,0,0,0,0,0,0,0,0,3000,3000,0,0
057161,亞德客元大98購02,0,0,0,0,0,0,0,0,0,0,0,0,0,100000,100000,0,0
057589,超眾國票9A購01  ,0,0,0,0,0,0,0,0,0,0,0,0,0,25000,25000,0,0
057580,玉山金中信9A購01,0,0,0,0,0,0,0,0,0,0,0,0,0,10000,10000,0,0
057533,晶相光元大98購02,0,0,0,0,0,0,0,0,0,0,0,0,0,4000,4000,0,0
057544,鴻海凱基02購01  ,0,0,0,0,0,0,0,0,0,0,0,0,0,9000,9000,0,0
057537,聯茂元大98購04  ,0,0,0,0,0,0,0,0,0,0,0,0,0,50000,50000,0,0
057020,台積電凱基99購02,0,0,0,0,0,0,0,0,0,0,0,0,0,480000,480000,0,0
056940,嘉聯益元富98購01,0,0,0,0,0,0,0,0,0,0,0,0,0,10000,10000,0,0
056998,麗豐康和98購01  ,0,0,0,0,0,0,0,0,0,0,0,0,0,50000,50000,0,0
058654,鴻海中信03購01  ,0,0,0,0,0,0,0,0,0,0,0,0,0,6000,6000,0,0
057920,奇力新凱基98購08,0,0,0,0,0,0,0,0,0,0,0,0,0,10000,10000,0,0
059467,旺宏元大99購15  ,0,0,0,0,0,0,0,0,0,0,0,0,0,3000,3000,0,0
059390,華新科凱基99購05,0,0,0,0,0,0,0,0,0,0,0,0,0,2000,2000,0,0
059430,台積電元大99購36,0,0,0,0,0,0,0,0,0,0,0,0,0,2000,2000,0,0
059469,智邦元大99購03  ,0,0,0,0,0,0,0,0,0,0,0,0,0,5000,5000,0,0
059327,南茂元大99購01  ,0,0,0,0,0,0,0,0,0,0,0,0,0,22000,22000,0,0
059250,大立光凱基99購06,0,0,0,0,0,0,0,0,0,0,0,0,0,2000,2000,0,0
059275,可成元大99購05  ,0,0,0,0,0,0,0,0,0,0,0,0,0,32000,32000,0,0
059284,緯穎永豐99購03  ,0,0,0,0,0,0,0,0,0,0,0,0,0,10000,10000,0,0
061707,超眾國票9B購01  ,0,0,0,0,0,0,0,0,0,0,0,0,0,28000,28000,0,0
061710,國巨凱基9A購18  ,0,0,0,0,0,0,0,0,0,0,0,0,0,1000,1000,0,0
061674,聯發科元大9A購12,0,0,0,0,0,0,0,0,0,0,0,0,0,40000,40000,0,0
061641,玉晶光元大9A購17,0,0,0,0,0,0,0,0,0,0,0,0,0,3000,3000,0,0
061576,華新科元大9A購21,0,0,0,0,0,0,0,0,0,0,0,0,0,2000,2000,0,0
061615,鴻海群益9A購06  ,0,0,0,0,0,0,0,0,0,0,0,0,0,1000,1000,0,0
061496,華新科國票9A購07,0,0,0,0,0,0,0,0,0,0,0,0,0,10000,10000,0,0
061539,國巨群益9B購03  ,0,0,0,0,0,0,0,0,0,0,0,0,0,2000,2000,0,0
06190P,玉晶光永豐97售05,0,0,0,0,0,0,0,0,0,0,0,0,0,20000,20000,0,0
061892,亞德客永豐9B購01,0,0,0,0,0,0,0,0,0,0,0,0,0,5000,5000,0,0
061893,鴻海永豐9B購01  ,0,0,0,0,0,0,0,0,0,0,0,0,0,1000,1000,0,0
061993,祥碩元大9C購01  ,0,0,0,0,0,0,0,0,0,0,0,0,0,24000,24000,0,0
062148,奇鋐國票9B購01  ,0,0,0,0,0,0,0,0,0,0,0,0,0,9000,9000,0,0
062149,牧德國票9B購01  ,0,0,0,0,0,0,0,0,0,0,0,0,0,12000,12000,0,0
061005,可成兆豐9A購01  ,0,0,0,0,0,0,0,0,0,0,0,0,0,17000,17000,0,0
060980,台積電元大9A購21,0,0,0,0,0,0,0,0,0,0,0,0,0,1000,1000,0,0
060956,超眾群益9A購01  ,0,0,0,0,0,0,0,0,0,0,0,0,0,40000,40000,0,0
060949,祥碩中信9A購01  ,0,0,0,0,0,0,0,0,0,0,0,0,0,20000,20000,0,0
060944,國泰金國票9A購01,0,0,0,0,0,0,0,0,0,0,0,0,0,38000,38000,0,0
061022,健策國泰9B購03  ,0,0,0,0,0,0,0,0,0,0,0,0,0,2000,2000,0,0
061101,道瓊銀元大9A購02,0,0,0,0,0,0,0,0,0,0,0,0,0,64000,64000,0,0
061104,華新科元大9A購13,0,0,0,0,0,0,0,0,0,0,0,0,0,1000,1000,0,0
060925,華新科永豐9A購01,0,0,0,0,0,0,0,0,0,0,0,0,0,2000,2000,0,0
060827,健策元大9A購02  ,0,0,0,0,0,0,0,0,0,0,0,0,0,3000,3000,0,0
060814,健策凱基9B購01  ,0,0,0,0,0,0,0,0,0,0,0,0,0,8000,8000,0,0
060817,華邦電台新9A購01,0,0,0,0,0,0,0,0,0,0,0,0,0,247000,247000,0,0
06076P,大立光凱基98售03,0,0,0,0,0,0,0,0,0,0,0,0,0,50000,50000,0,0
061345,玉晶光元大9A購14,0,0,0,0,0,0,0,0,0,0,0,0,0,2000,2000,0,0
06143P,鴻海永豐97售02  ,0,0,0,0,0,0,0,0,0,0,0,0,0,35000,35000,0,0
061408,華新科國票9A購06,0,0,0,0,0,0,0,0,0,0,0,0,0,10000,10000,0,0
061424,華新科元大9A購18,0,0,0,0,0,0,0,0,0,0,0,0,0,2000,2000,0,0
061171,大立光麥證9A購01,0,0,0,1000,1000,0,0,0,0,0,0,0,0,1000,1000,0,0
061246,玉晶光群益9A購08,0,0,0,0,0,0,0,0,0,0,0,0,0,6000,6000,0,0
06124P,超眾元大97售03  ,0,0,0,0,0,0,0,0,0,0,0,0,0,255000,255000,0,0
061259,台積電凱基9A購21,0,0,0,0,0,0,0,0,0,0,0,0,0,10000,10000,0,0
061268,玉晶光凱基9B購04,0,0,0,0,0,0,0,0,0,0,0,0,0,1000,1000,0,0
063410,南六國票9C購01  ,0,0,0,0,0,0,0,0,0,0,0,0,0,5000,5000,0,0
063412,寶成國票9C購01  ,0,0,0,0,0,0,0,0,0,0,0,0,0,11000,11000,0,0
063338,國巨統一9C購11  ,0,0,0,0,0,0,0,0,0,0,0,0,0,20000,20000,0,0
06336P,鴻海元大98售05  ,0,0,0,0,0,0,0,0,0,0,0,0,0,15000,15000,0,0
062835,瑞儀群益9B購01  ,0,0,0,0,0,0,0,0,0,0,0,0,0,21000,21000,0,0
062938,聯發科凱基9B購10,0,0,0,0,0,0,0,0,0,0,0,0,0,38000,38000,0,0
063043,台灣50兆豐9B購02,0,0,0,0,0,0,0,0,0,0,0,0,0,50000,50000,0,0
063086,祥碩凱基9C購01  ,0,0,0,0,0,0,0,0,0,0,0,0,0,40000,40000,0,0
063098,台灣50群益01購02,0,0,0,0,0,0,0,0,0,0,0,0,0,3000,3000,0,0
063033,台積電凱基9B購09,0,0,0,0,0,0,0,0,0,0,0,0,0,10000,10000,0,0
062317,祥碩凱基9B購03  ,0,0,0,0,0,0,0,0,0,0,0,0,0,2000,2000,0,0
062351,瑞祺群益9C購01  ,0,0,0,0,0,0,0,0,0,0,0,0,0,8000,8000,0,0
062454,華通群益9C購03  ,0,0,0,0,0,0,0,0,0,0,0,0,0,8000,8000,0,0
062442,華新科元大9C購02,0,0,0,0,0,0,0,0,0,0,0,0,0,1000,1000,0,0
062250,台積電元大9B購02,0,0,0,0,0,0,0,0,0,0,0,0,0,1000,1000,0,0
062170,健策永豐9B購04  ,0,0,0,0,0,0,0,0,0,0,0,0,0,3000,3000,0,0
062503,玉晶光群益01購03,0,0,0,0,0,0,0,0,0,0,0,0,0,29000,29000,0,0
062525,鴻海統一9C購10  ,0,0,0,0,0,0,0,0,0,0,0,0,0,11000,11000,0,0
062483,致新國票9B購01  ,0,0,0,0,0,0,0,0,0,0,0,0,0,6000,6000,0,0
062470,智邦凱基9C購01  ,0,0,0,0,0,0,0,0,0,0,0,0,0,16000,16000,0,0
062458,全新群益9B購03  ,0,0,0,0,0,0,0,0,0,0,0,0,0,9000,9000,0,0
062553,台積電凱基9B購07,0,0,0,0,0,0,0,0,0,0,0,0,0,13000,13000,0,0
062619,台表科元大9B購03,0,0,0,0,0,0,0,0,0,0,0,0,0,5000,5000,0,0
06277P,臺股指凱基97售09,0,0,0,0,0,0,0,0,0,0,0,0,0,1000,1000,0,0
062752,世芯中信9B購01  ,0,0,0,0,0,0,0,0,0,0,0,0,0,5000,5000,0,0
062725,大立光凱基9B購06,0,0,0,0,0,0,0,0,0,0,0,0,0,6000,6000,0,0
06269P,群創凱基98售10  ,0,0,0,0,0,0,0,0,0,0,0,0,0,10000,10000,0,0
8442,威宏-KY         ,2000,0,2000,0,0,0,0,0,0,-2000,0,2000,-2000,0,0,0,0
8367,建新國際        ,2000,2000,0,0,0,0,0,0,0,0,0,0,0,0,0,0,0
6243,迅杰            ,5000,3000,2000,0,0,0,0,0,0,-2000,0,2000,-2000,0,0,0,0
4545,銘鈺            ,75000,75000,0,0,0,0,0,0,0,0,2000,2000,0,0,0,0,0
3605,宏致            ,183000,184000,-1000,0,0,0,0,0,0,1000,1000,0,1000,0,0,0,0
2701,萬企            ,14000,14000,0,0,0,0,0,0,0,0,0,0,0,0,0,0,0
063617,鴻海兆豐01購01  ,0,0,0,0,0,0,0,0,0,-1000,0,0,0,0,1000,-1000,-1000
06368P,台積電凱基97售15,0,0,0,0,0,0,0,0,0,-1000,0,0,0,0,1000,-1000,-1000
063700,台積電群益9B購09,0,0,0,0,0,0,0,0,0,-1000,0,0,0,0,1000,-1000,-1000
063551,美食國票9B購02  ,0,0,0,0,0,0,0,0,0,-1000,0,0,0,7000,8000,-1000,-1000
063503,香港反中信9C購01,0,0,0,0,0,0,0,0,0,-1000,0,0,0,0,1000,-1000,-1000
063781,健策永豐9B購08  ,0,0,0,0,0,0,0,0,0,-1000,0,0,0,0,1000,-1000,-1000
063784,華通中信06購01  ,0,0,0,0,0,0,0,0,0,-1000,0,0,0,10000,11000,-1000,-1000
064011,嘉晶國票9C購01  ,0,0,0,0,0,0,0,0,0,-1000,0,0,0,1000,2000,-1000,-1000
063889,滬深2X群益02購01,0,0,0,0,0,0,0,0,0,-1000,0,0,0,0,1000,-1000,-1000
06570P,大立光永豐98售01,0,0,0,0,0,0,0,0,0,-1000,0,0,0,20000,21000,-1000,-1000
064287,日月光元大9C購01,0,0,0,0,0,0,0,0,0,-1000,0,0,0,0,1000,-1000,-1000
064293,勤誠元大9C購01  ,0,0,0,0,0,0,0,0,0,-1000,0,0,0,60000,61000,-1000,-1000
06470P,臺股指凱基99售10,0,0,0,0,0,0,0,0,0,-1000,0,0,0,0,1000,-1000,-1000
06856P,台灣50永豐99售03,0,0,0,0,0,0,0,0,0,-1000,0,0,0,1000,2000,-1000,-1000
06784P,臺股指元大98售01,0,0,0,0,0,0,0,0,0,-1000,0,0,0,0,1000,-1000,-1000
06741P,台積電富邦98售04,0,0,0,0,0,0,0,0,0,-1000,0,0,0,57000,58000,-1000,-1000
06720P,智邦亞東99售01  ,0,0,0,0,0,0,0,0,0,-1000,0,0,0,20000,21000,-1000,-1000
06712P,臺股指台新99售09,0,0,0,0,0,0,0,0,0,-1000,0,0,0,0,1000,-1000,-1000
06691P,臺股指群益9C售05,0,0,0,0,0,0,0,0,0,-1000,0,0,0,2000,3000,-1000,-1000
07084P,S&P正2元富9B售02,0,0,0,0,0,0,0,0,0,-1000,0,0,0,0,1000,-1000,-1000
07107P,臺股指統一99售07,0,0,0,0,0,0,0,0,0,-1000,0,0,0,0,1000,-1000,-1000
07010P,T50正2凱基9C售01,0,0,0,0,0,0,0,0,0,-1000,0,0,0,0,1000,-1000,-1000
06917P,聯電亞東99售01  ,0,0,0,0,0,0,0,0,0,-1000,0,0,0,0,1000,-1000,-1000
06919P,臺股指日盛98售02,0,0,0,0,0,0,0,0,0,-1000,0,0,0,49000,50000,-1000,-1000
08003P,國巨國泰9B售07  ,0,0,0,0,0,0,0,0,0,-1000,0,0,0,47000,48000,-1000,-1000
07930P,聯發科統一9B售06,0,0,0,0,0,0,0,0,0,-1000,0,0,0,0,1000,-1000,-1000
07934P,臺股指國票9B售06,0,0,0,0,0,0,0,0,0,-1000,0,0,0,0,1000,-1000,-1000
07787P,國巨凱基9A售17  ,0,0,0,0,0,0,0,0,0,-1000,0,0,0,0,1000,-1000,-1000
07265P,大立光元大99售16,0,0,0,0,0,0,0,0,0,-1000,0,0,0,0,1000,-1000,-1000
07413P,國巨元大99售33  ,0,0,0,0,0,0,0,0,0,-1000,0,0,0,0,1000,-1000,-1000
07389P,臺股指群益9C售08,0,0,0,0,0,0,0,0,0,-1000,0,0,0,2000,3000,-1000,-1000
07618P,大立光中信9A售06,0,0,0,0,0,0,0,0,0,-1000,0,0,0,0,1000,-1000,-1000
07609P,台灣50國票9C售04,0,0,0,0,0,0,0,0,0,-1000,0,0,0,0,1000,-1000,-1000
2302,麗正            ,0,1000,-1000,0,0,0,0,0,0,0,0,0,0,0,0,0,-1000
08245P,台灣50群益9C售05,0,0,0,0,0,0,0,0,0,-1000,0,0,0,0,1000,-1000,-1000
08338P,台灣50凱基9C售11,0,0,0,0,0,0,0,0,0,-1000,0,0,0,0,1000,-1000,-1000
1539,巨庭            ,0,1000,-1000,0,0,0,0,0,0,0,0,0,0,0,0,0,-1000
05524P,瀚宇博國票97售02,0,0,0,0,0,0,0,0,0,-1000,0,0,0,37000,38000,-1000,-1000
05519P,上証2X凱基98售01,0,0,0,0,0,0,0,0,0,-1000,0,0,0,0,1000,-1000,-1000
056394,晶豪科永豐98購01,0,0,0,0,0,0,0,0,0,-1000,0,0,0,32000,33000,-1000,-1000
05627P,致伸國票97售01  ,0,0,0,0,0,0,0,0,0,-1000,0,0,0,0,1000,-1000,-1000
055075,南電永豐97購01  ,0,0,0,0,0,0,0,0,0,-1000,0,0,0,12000,13000,-1000,-1000
056255,華新科元富97購05,0,0,0,0,0,0,0,0,0,-1000,0,0,0,70000,71000,-1000,-1000
054529,T50反1國泰97購02,0,0,0,0,0,0,0,0,0,-1000,0,0,0,1000,2000,-1000,-1000
058234,華新科元大99購12,0,0,0,0,0,0,0,0,0,-1000,0,0,0,0,1000,-1000,-1000
058296,明泰凱基99購01  ,0,0,0,0,0,0,0,0,0,-1000,0,0,0,0,1000,-1000,-1000
053530,聯發科康和96購01,0,0,0,0,0,0,0,0,0,-1000,0,0,0,0,1000,-1000,-1000
053540,健策永豐96購01  ,0,0,0,0,0,0,0,0,0,-1000,0,0,0,0,1000,-1000,-1000
053732,S&P反1中信9C購01,0,0,0,0,0,0,0,0,0,-1000,0,0,0,0,1000,-1000,-1000
052802,華新科元大97購02,0,0,0,0,0,0,0,0,0,-1000,0,0,0,0,1000,-1000,-1000
054368,鴻海中信9A購02  ,0,0,0,0,0,0,0,0,0,-1000,0,0,0,0,1000,-1000,-1000
052585,友達永豐97購01  ,0,0,0,0,0,0,0,0,0,-1000,0,0,0,0,1000,-1000,-1000
052647,晶技永豐97購01  ,0,0,0,0,0,0,0,0,0,-1000,0,0,0,22000,23000,-1000,-1000
05303P,華通國泰97售01  ,0,0,0,0,0,0,0,0,0,-1000,0,0,0,0,1000,-1000,-1000
053805,奇鋐凱基98購02  ,0,0,0,0,0,0,0,0,0,-1000,0,0,0,59000,60000,-1000,-1000
052846,智邦統一97購01  ,0,0,0,0,0,0,0,0,0,-1000,0,0,0,0,1000,-1000,-1000
055486,國巨元大98購06  ,0,0,0,0,0,0,0,0,0,-1000,0,0,0,0,1000,-1000,-1000
055648,可成元富97購01  ,0,0,0,0,0,0,0,0,0,-1000,0,0,0,0,1000,-1000,-1000
055618,麗豐國票98購01  ,0,0,0,0,0,0,0,0,0,-1000,0,0,0,105000,106000,-1000,-1000
056635,亞德客日盛99購01,0,0,0,0,0,0,0,0,0,-1000,0,0,0,0,1000,-1000,-1000
056720,世紀鋼永豐98購01,0,0,0,0,0,0,0,0,0,-1000,0,0,0,0,1000,-1000,-1000
054188,欣興永豐96購03  ,0,0,0,0,0,0,0,0,0,-1000,0,0,0,90000,91000,-1000,-1000
052237,嘉澤國票96購02  ,0,0,0,0,0,0,0,0,0,-1000,0,0,0,0,1000,-1000,-1000
05218P,大立光永昌96售04,0,0,0,0,0,0,0,0,0,-1000,0,0,0,0,1000,-1000,-1000
05241P,鴻海國泰97售04  ,0,0,0,0,0,0,0,0,0,-1000,0,0,0,0,1000,-1000,-1000
050099,台積電永昌96購01,0,0,0,0,0,0,0,0,0,-1000,0,0,0,0,1000,-1000,-1000
050100,台積電永昌96購02,0,0,0,0,0,0,0,0,0,-1000,0,0,0,0,1000,-1000,-1000
049759,元黃金富邦9A購01,0,0,0,0,0,0,0,0,0,-1000,0,0,0,0,1000,-1000,-1000
049973,T50反1日盛9A購01,0,0,0,0,0,0,0,0,0,-1000,0,0,0,1000,2000,-1000,-1000
047211,華新科富邦99購01,0,0,0,0,0,0,0,0,0,-1000,0,0,0,0,1000,-1000,-1000
03430B,臺股指元大9B熊01,0,0,0,0,0,0,0,0,0,-1000,0,0,0,0,1000,-1000,-1000
03022X,富展01          ,0,0,0,0,0,0,0,0,0,-1000,0,0,0,0,1000,-1000,-1000
03684C,臺股指元大06牛01,0,0,0,0,0,0,0,0,0,-1000,0,0,0,0,1000,-1000,-1000
03685C,臺股指元大9B牛43,0,0,0,0,0,0,0,0,0,-1000,0,0,0,0,1000,-1000,-1000
0057,富邦摩台        ,0,0,0,0,0,0,0,0,0,-1000,0,0,0,20000,21000,-1000,-1000
0053,元大電子        ,0,0,0,0,0,0,0,0,0,-1000,0,0,0,5000,6000,-1000,-1000
00774C,新光中政金綠債+R,0,0,0,0,0,0,0,0,0,-1000,0,0,0,0,1000,-1000,-1000
059257,臺股指凱基99購35,0,0,0,0,0,0,0,0,0,-1000,0,0,0,0,1000,-1000,-1000
059355,國巨富邦9B購03  ,0,0,0,0,0,0,0,0,0,-1000,0,0,0,4000,5000,-1000,-1000
059476,道瓊指群益9C購01,0,0,0,0,0,0,0,0,0,-1000,0,0,0,0,1000,-1000,-1000
057088,上銀元富98購01  ,0,0,0,0,0,0,0,0,0,-1000,0,0,0,3000,4000,-1000,-1000
057513,智邦台新98購01  ,0,0,0,0,0,0,0,0,0,-1000,0,0,0,1000,2000,-1000,-1000
057431,京鼎兆豐98購02  ,0,0,0,0,0,0,0,0,0,-1000,0,0,0,16000,17000,-1000,-1000
057482,微星元大98購03  ,0,0,0,0,0,0,0,0,0,-1000,0,0,0,45000,46000,-1000,-1000
057142,力成兆豐98購01  ,0,0,0,0,0,0,0,0,0,-1000,0,0,0,0,1000,-1000,-1000
059178,臺股指凱基99購30,0,0,0,0,0,0,0,0,0,-1000,0,0,0,0,1000,-1000,-1000
058887,元石油元大9C購04,0,0,0,0,0,0,0,0,0,-1000,0,0,0,0,1000,-1000,-1000
058349,滬深2X日盛9A購01,0,0,0,0,0,0,0,0,0,-1000,0,0,0,0,1000,-1000,-1000
059019,元石油統一9B購03,0,0,0,0,0,0,0,0,0,-1000,0,0,0,0,1000,-1000,-1000
057771,鴻海群益99購01  ,0,0,0,0,0,0,0,0,0,-1000,0,0,0,0,1000,-1000,-1000
060170,世紀鋼永豐9A購01,0,0,0,0,0,0,0,0,0,-1000,0,0,0,67000,68000,-1000,-1000
060578,臺股指中信9C購03,0,0,0,0,0,0,0,0,0,-1000,0,0,0,0,1000,-1000,-1000
060628,和大富邦9B購01  ,0,0,0,0,0,0,0,0,0,-1000,0,0,0,0,1000,-1000,-1000
060525,台積電中信01購04,0,0,0,0,0,0,0,0,0,-1000,0,0,0,2000,3000,-1000,-1000
060572,景碩永豐9A購01  ,0,0,0,0,0,0,0,0,0,-1000,0,0,0,56000,57000,-1000,-1000
059812,上証2X凱基9A購04,0,0,0,0,0,0,0,0,0,-1000,0,0,0,0,1000,-1000,-1000
059933,台灣50永豐99購11,0,0,0,0,0,0,0,0,0,-1000,0,0,0,0,1000,-1000,-1000
059899,上証2X元大9C購04,0,0,0,0,0,0,0,0,0,-1000,0,0,0,0,1000,-1000,-1000
059885,台積電國票99購12,0,0,0,0,0,0,0,0,0,-1000,0,0,0,56000,57000,-1000,-1000
058043,鴻海元大98購13  ,0,0,0,0,0,0,0,0,0,-1000,0,0,0,38000,39000,-1000,-1000
058703,台積電元大99購16,0,0,0,0,0,0,0,0,0,-1000,0,0,0,0,1000,-1000,-1000
062715,T50反1凱基03購01,0,0,0,0,0,0,0,0,0,-1000,0,0,0,0,1000,-1000,-1000
062787,超眾元大9C購02  ,0,0,0,0,0,0,0,0,0,-1000,0,0,0,12000,13000,-1000,-1000
062558,義隆凱基9B購02  ,0,0,0,0,0,0,0,0,0,-1000,0,0,0,14000,15000,-1000,-1000
063078,元金2X凱基02購03,0,0,0,0,0,0,0,0,0,-1000,0,0,0,0,1000,-1000,-1000
062870,亞德客兆豐9C購01,0,0,0,0,0,0,0,0,0,-1000,0,0,0,0,1000,-1000,-1000
06329P,大立光兆豐97售04,0,0,0,0,0,0,0,0,0,-1000,0,0,0,0,1000,-1000,-1000
063279,國巨元大9C購05  ,0,0,0,0,0,0,0,0,0,-1000,0,0,0,0,1000,-1000,-1000
063211,道瓊銀國票9B購01,0,0,0,0,0,0,0,0,0,-1000,0,0,0,0,1000,-1000,-1000
06117P,臺股指日盛97售02,0,0,0,0,0,0,0,0,0,-1000,0,0,0,0,1000,-1000,-1000
061449,大立光中信9C購02,0,0,0,0,0,0,0,0,0,-1000,0,0,0,0,1000,-1000,-1000
061313,滬深2X凱基9B購05,0,0,0,0,0,0,0,0,0,-1000,0,0,0,0,1000,-1000,-1000
060779,臺股指凱基9A購07,0,0,0,0,0,0,0,0,0,-1000,0,0,0,16000,17000,-1000,-1000
062105,國巨國票9C購03  ,0,0,0,0,0,0,0,0,0,-1000,0,0,0,13000,14000,-1000,-1000
062125,嘉晶統一9B購01  ,0,0,0,0,0,0,0,0,0,-1000,0,0,0,1000,2000,-1000,-1000
061938,大立光國票9B購03,0,0,0,0,0,0,0,0,0,-1000,0,0,0,1000,2000,-1000,-1000
061611,南六統一01購01  ,0,0,0,0,0,0,0,0,0,-1000,0,0,0,101000,102000,-1000,-1000
061556,台積電國票9A購08,0,0,0,0,0,0,0,0,0,-1000,0,0,0,0,1000,-1000,-1000
061551,GIS群益9A購01   ,0,0,0,0,0,0,0,0,0,-1000,0,0,0,0,1000,-1000,-1000
061682,南電元大9B購01  ,0,0,0,0,0,0,0,0,0,-1000,0,0,0,6000,7000,-1000,-1000
2538,基泰            ,102000,105000,-3000,0,0,0,0,0,0,2000,4000,2000,2000,0,0,0,-1000
3229,晟鈦            ,0,1000,-1000,0,0,0,0,0,0,0,0,0,0,0,0,0,-1000
4764,雙鍵            ,6000,7000,-1000,0,0,0,0,0,0,0,0,0,0,0,0,0,-1000
6024,群益期          ,57000,58000,-1000,0,0,0,0,0,0,0,0,0,0,0,0,0,-1000
6164,華興            ,10000,11000,-1000,0,0,0,0,0,0,0,1000,1000,0,0,0,0,-1000
8103,瀚荃            ,6000,7000,-1000,0,0,0,0,0,0,0,0,0,0,0,0,0,-1000
8033,雷虎            ,35000,36000,-1000,0,0,0,0,0,0,0,0,0,0,0,0,0,-1000
8480,泰昇-KY         ,0,1000,-1000,0,0,0,0,0,0,0,0,0,0,0,0,0,-1000
2548,華固            ,1424000,1443264,-19264,0,0,0,100000,83000,17000,1000,1000,0,1000,0,0,0,-1264
1558,伸興            ,19000,21000,-2000,0,0,0,0,0,0,0,0,0,0,0,0,0,-2000
1463,強盛            ,19000,21000,-2000,0,0,0,0,0,0,0,0,0,0,0,0,0,-2000
08347P,大立光元大9C售16,0,0,0,0,0,0,0,0,0,-2000,0,0,0,0,2000,-2000,-2000
08236P,國巨富邦03售01  ,0,0,0,0,0,0,0,0,0,-2000,0,0,0,0,2000,-2000,-2000
08185P,華新科永豐9B售01,0,0,0,0,0,0,0,0,0,-2000,0,0,0,0,2000,-2000,-2000
2477,美隆電          ,2000,5000,-3000,0,0,0,0,0,0,1000,1000,0,1000,0,0,0,-2000
2424,隴華            ,0,2000,-2000,0,0,0,0,0,0,0,0,0,0,0,0,0,-2000
07492P,臺股指國票9A售10,0,0,0,0,0,0,0,0,0,-2000,0,0,0,0,2000,-2000,-2000
07402P,瑞昱凱基99售02  ,0,0,0,0,0,0,0,0,0,-2000,0,0,0,5000,7000,-2000,-2000
07335P,臺股指國票99售20,0,0,0,0,0,0,0,0,0,-2000,0,0,0,0,2000,-2000,-2000
07245P,台積電凱基99售16,0,0,0,0,0,0,0,0,0,-2000,0,0,0,5000,7000,-2000,-2000
07160P,台灣50中信03售04,0,0,0,0,0,0,0,0,0,-2000,0,0,0,0,2000,-2000,-2000
07739P,緯穎永豐9A售01  ,0,0,0,0,0,0,0,0,0,-2000,0,0,0,8000,10000,-2000,-2000
07742P,台積電凱基9A售25,0,0,0,0,0,0,0,0,0,-2000,0,0,0,10000,12000,-2000,-2000
07900P,臺股指凱基9B售03,0,0,0,0,0,0,0,0,0,-2000,0,0,0,0,2000,-2000,-2000
08043P,電子類群益9B售01,0,0,0,0,0,0,0,0,0,-2000,0,0,0,0,2000,-2000,-2000
08121P,聯發科國票9B售05,0,0,0,0,0,0,0,0,0,-2000,0,0,0,7000,9000,-2000,-2000
07051P,大立光中信99售02,0,0,0,0,0,0,0,0,0,-2000,0,0,0,0,2000,-2000,-2000
07056P,臺股指麥證99售02,0,0,0,0,2000,-2000,0,0,0,-2000,0,0,0,0,2000,-2000,-2000
06722P,臺股指中信9A售04,0,0,0,0,0,0,0,0,0,-2000,0,0,0,0,2000,-2000,-2000
06782P,大立光元大99售07,0,0,0,0,0,0,0,0,0,-2000,0,0,0,0,2000,-2000,-2000
06790P,台積電凱基9A售04,0,0,0,0,0,0,0,0,0,-2000,0,0,0,0,2000,-2000,-2000
063815,玉晶光群益02購01,0,0,0,0,0,0,0,0,0,-2000,0,0,0,45000,47000,-2000,-2000
063686,國巨永豐9B購04  ,0,0,0,0,0,0,0,0,0,-2000,0,0,0,3000,5000,-2000,-2000
063577,台表科元大9C購04,0,0,0,0,0,0,0,0,0,-2000,0,0,0,5000,7000,-2000,-2000
063585,台積電永豐9B購03,0,0,0,0,0,0,0,0,0,-2000,0,0,0,0,2000,-2000,-2000
00715L,街口布蘭特油正2 ,0,2000,-2000,0,0,0,0,0,0,0,0,0,0,0,0,0,-2000
03433B,臺股指元大9C熊01,0,0,0,0,0,0,0,0,0,-2000,0,0,0,11000,13000,-2000,-2000
03094X,大立光元大68展08,0,0,0,0,0,0,0,0,0,-2000,0,0,0,0,2000,-2000,-2000
046903,友達凱基99購01  ,0,0,0,0,0,0,0,0,0,-2000,0,0,0,0,2000,-2000,-2000
054259,健策元大97購03  ,0,0,0,0,0,0,0,0,0,-2000,0,0,0,0,2000,-2000,-2000
054210,台光電國票97購03,0,0,0,0,0,0,0,0,0,-2000,0,0,0,0,2000,-2000,-2000
056638,臺股指日盛98購01,0,0,0,0,0,0,0,0,0,-2000,0,0,0,10000,12000,-2000,-2000
055566,台表科凱基97購03,0,0,0,0,0,0,0,0,0,-2000,0,0,0,20000,22000,-2000,-2000
053813,友達群益9A購03  ,0,0,0,0,0,0,0,0,0,-2000,0,0,0,0,2000,-2000,-2000
055411,國巨富邦9A購02  ,0,0,0,0,0,0,0,0,0,-2000,0,0,0,0,2000,-2000,-2000
052754,上証2X群益9A購01,0,0,0,0,0,0,0,0,0,-2000,0,0,0,0,2000,-2000,-2000
058207,南茂凱基99購01  ,0,0,0,0,0,0,0,0,0,-2000,0,0,0,116000,118000,-2000,-2000
058319,大毅永豐9A購01  ,0,0,0,0,0,0,0,0,0,-2000,0,0,0,0,2000,-2000,-2000
058505,台積電元大99購08,0,0,0,0,0,0,0,0,0,-2000,0,0,0,11000,13000,-2000,-2000
054510,S&P反1元大98購01,0,0,0,0,0,0,0,0,0,-2000,0,0,0,0,2000,-2000,-2000
054933,南港元大97購01  ,0,0,0,0,0,0,0,0,0,-2000,0,0,0,0,2000,-2000,-2000
054771,茂林國票98購02  ,0,0,0,0,0,0,0,0,0,-2000,0,0,0,0,2000,-2000,-2000
056286,奇鋐永豐97購01  ,0,0,0,0,0,0,0,0,0,-2000,0,0,0,0,2000,-2000,-2000
056479,玉晶光元大99購05,0,0,0,0,0,0,0,0,0,-2000,0,0,0,40000,42000,-2000,-2000
055230,大毅國票98購01  ,0,0,0,0,0,0,0,0,0,-2000,0,0,0,27000,29000,-2000,-2000
055373,聯詠元大97購03  ,0,0,0,0,0,0,0,0,0,-2000,0,0,0,8000,10000,-2000,-2000
058718,台灣50元富03購01,0,0,0,0,0,0,0,0,0,-2000,0,0,0,1000,3000,-2000,-2000
057315,台灣50康和9A購03,0,0,0,0,0,0,0,0,0,-2000,0,0,0,0,2000,-2000,-2000
059705,華新科凱基9A購07,0,0,0,0,0,0,0,0,0,-2000,0,0,0,1000,3000,-2000,-2000
059702,台積電凱基9A購14,0,0,0,0,0,0,0,0,0,-2000,0,0,0,2000,4000,-2000,-2000
058777,台光電國票9A購01,0,0,0,0,0,0,0,0,0,-2000,0,0,0,0,2000,-2000,-2000
05953P,台積電國票98售02,0,0,0,0,0,0,0,0,0,-2000,0,0,0,0,2000,-2000,-2000
060568,SP黃豆永豐9A購01,0,0,0,0,0,0,0,0,0,-2000,0,0,0,0,2000,-2000,-2000
060504,技嘉元大9A購02  ,0,0,0,0,0,0,0,0,0,-2000,0,0,0,82000,84000,-2000,-2000
060632,可成富邦9B購01  ,0,0,0,0,0,0,0,0,0,-2000,0,0,0,80000,82000,-2000,-2000
060174,T50反1元富04購01,0,0,0,0,0,0,0,0,0,-2000,0,0,0,8000,10000,-2000,-2000
060128,健策永豐99購06  ,0,0,0,0,0,0,0,0,0,-2000,0,0,0,0,2000,-2000,-2000
060122,亞德客永豐99購02,0,0,0,0,0,0,0,0,0,-2000,0,0,0,0,2000,-2000,-2000
060090,台積電元大99購55,0,0,0,0,0,0,0,0,0,-2000,0,0,0,0,2000,-2000,-2000
057785,智邦國票99購02  ,0,0,0,0,0,0,0,0,0,-2000,0,0,0,3000,5000,-2000,-2000
058989,茂林凱基99購02  ,0,0,0,0,0,0,0,0,0,-2000,0,0,0,55000,57000,-2000,-2000
05911P,南亞科永豐96售03,0,0,0,0,0,0,0,0,0,-2000,0,0,0,0,2000,-2000,-2000
058347,玉晶光群益9B購01,0,0,0,0,0,0,0,0,0,-2000,0,0,0,36000,38000,-2000,-2000
058436,聯發科統一9B購03,0,0,0,0,0,0,0,0,0,-2000,0,0,0,0,2000,-2000,-2000
057702,同欣電群益99購01,0,0,0,0,0,0,0,0,0,-2000,0,0,0,0,2000,-2000,-2000
058938,台積電中信01購03,0,0,0,0,0,0,0,0,0,-2000,0,0,0,23000,25000,-2000,-2000
05810P,臺股指國票96售03,0,0,0,0,0,0,0,0,0,-2000,0,0,0,0,2000,-2000,-2000
05809P,臺股指國票96售02,0,0,0,0,0,0,0,0,0,-2000,0,0,0,2000,4000,-2000,-2000
059466,國巨元大99購26  ,0,0,0,0,0,0,0,0,0,-2000,0,0,0,0,2000,-2000,-2000
059426,鴻海元大99購31  ,0,0,0,0,0,0,0,0,0,-2000,0,0,0,6000,8000,-2000,-2000
059299,欣興元富99購03  ,0,0,0,0,0,0,0,0,0,-2000,0,0,0,0,2000,-2000,-2000
061681,南電元大9A購08  ,0,0,0,0,0,0,0,0,0,-2000,0,0,0,0,2000,-2000,-2000
061842,牧德凱基9C購01  ,0,0,0,0,0,0,0,0,0,-2000,0,0,0,45000,47000,-2000,-2000
062064,台灣50元大9B購13,0,0,0,0,0,0,0,0,0,-2000,0,0,0,0,2000,-2000,-2000
060794,景碩永豐9A購02  ,0,0,0,0,0,0,0,0,0,-2000,0,0,0,38000,40000,-2000,-2000
060765,世芯元大9A購01  ,0,0,0,0,0,0,0,0,0,-2000,0,0,0,0,2000,-2000,-2000
060901,臺股指凱基9A購13,0,0,0,0,0,0,0,0,0,-2000,0,0,0,0,2000,-2000,-2000
061460,FBVIX群益9A購02 ,0,0,0,0,0,0,0,0,0,-2000,0,0,0,0,2000,-2000,-2000
061396,台灣50台新9C購03,0,0,0,0,0,0,0,0,0,-2000,0,0,0,0,2000,-2000,-2000
06118P,上証2X凱基98售03,0,0,0,0,0,0,0,0,0,-2000,0,0,0,0,2000,-2000,-2000
061141,臻鼎統一9A購01  ,0,0,0,0,0,0,0,0,0,-2000,0,0,0,10000,12000,-2000,-2000
063336,大成鋼統一9C購02,0,0,0,0,0,0,0,0,0,-2000,0,0,0,23000,25000,-2000,-2000
063305,亞光凱基9B購01  ,0,0,0,0,0,0,0,0,0,-2000,0,0,0,30000,32000,-2000,-2000
063087,南六凱基9C購02  ,0,0,0,0,0,0,0,0,0,-2000,0,0,0,0,2000,-2000,-2000
063058,A50正2元富02購01,0,0,0,0,0,0,0,0,0,-2000,0,0,0,3000,5000,-2000,-2000
063003,滬深2X元大9B購06,0,0,0,0,0,0,0,0,0,-2000,0,0,0,0,2000,-2000,-2000
062722,京元電凱基9B購02,0,0,0,0,0,0,0,0,0,-2000,0,0,0,427000,429000,-2000,-2000
062678,華通統一9C購04  ,0,0,0,0,0,0,0,0,0,-2000,0,0,0,26000,28000,-2000,-2000
062270,上銀群益9B購03  ,0,0,0,0,0,0,0,0,0,-2000,0,0,0,0,2000,-2000,-2000
06244P,智易元富97售02  ,0,0,0,0,0,0,0,0,0,-2000,0,0,0,0,2000,-2000,-2000
2630,亞航            ,1000,3000,-2000,0,0,0,0,0,0,0,0,0,0,0,0,0,-2000
4581,光隆精密-KY     ,1000,3000,-2000,0,0,0,0,0,0,0,0,0,0,0,0,0,-2000
4426,利勤            ,117000,99000,18000,0,0,0,0,0,0,-20000,1000,12000,-11000,0,9000,-9000,-2000
3164,景岳            ,1000,3000,-2000,0,0,0,0,0,0,0,1000,1000,0,0,0,0,-2000
3682,亞太電          ,381000,383000,-2000,0,0,0,0,0,0,0,0,0,0,0,0,0,-2000
6671,三能-KY         ,1000,3000,-2000,0,0,0,0,0,0,0,0,0,0,0,0,0,-2000
6605,帝寶            ,37000,44000,-7000,0,0,0,0,0,0,5000,5000,0,5000,0,0,0,-2000
00645,富邦日本        ,0,0,0,0,0,0,0,0,0,-2290,0,0,0,79710,82000,-2290,-2290
063716,旺宏兆豐9B購01  ,0,0,0,0,0,0,0,0,0,-3000,0,0,0,23000,26000,-3000,-3000
063501,旭富永豐9B購02  ,0,0,0,0,0,0,0,0,0,-3000,0,0,0,20000,23000,-3000,-3000
063735,華新科元大9B購15,0,0,0,0,0,0,0,0,0,-3000,0,0,0,0,3000,-3000,-3000
063945,京元電元大9C購01,0,0,0,0,0,0,0,0,0,-3000,0,0,0,310000,313000,-3000,-3000
064001,華通凱基02購01  ,0,0,0,0,0,0,0,0,0,-3000,0,0,0,15000,18000,-3000,-3000
06778P,台積電元大99售06,0,0,0,0,0,0,0,0,0,-3000,0,0,0,3000,6000,-3000,-3000
06697P,台積電國票99售05,0,0,0,0,0,0,0,0,0,-3000,0,0,0,0,3000,-3000,-3000
07005P,台積電統一9B售05,0,0,0,0,0,0,0,0,0,-3000,0,0,0,10000,13000,-3000,-3000
06991P,矽創群益99售01  ,0,0,0,0,0,0,0,0,0,-3000,0,0,0,10000,13000,-3000,-3000
064277,可成元大9C購04  ,0,0,0,0,0,0,0,0,0,-3000,0,0,0,2000,5000,-3000,-3000
06422P,勤誠統一98售01  ,0,0,0,0,0,0,0,0,0,-3000,0,0,0,0,3000,-3000,-3000
064111,國巨國票02購02  ,0,0,0,0,0,0,0,0,0,-3000,0,0,0,2000,5000,-3000,-3000
064180,國巨富邦02購03  ,0,0,0,0,0,0,0,0,0,-3000,0,0,0,21000,24000,-3000,-3000
064148,瑞昱統一02購01  ,0,0,0,0,0,0,0,0,0,-3000,0,0,0,0,3000,-3000,-3000
07740P,臺股指永豐9A售01,0,0,0,0,0,0,0,0,0,-3000,0,0,0,200000,203000,-3000,-3000
07352P,台積電國票99售11,0,0,0,0,0,0,0,0,0,-3000,0,0,0,0,3000,-3000,-3000
07405P,大立光凱基99售17,0,0,0,0,0,0,0,0,0,-3000,0,0,0,0,3000,-3000,-3000
07314P,T50正2元大9C售03,0,0,0,0,0,0,0,0,0,-3000,0,0,0,7000,10000,-3000,-3000
07471P,南亞科元大9A售01,0,0,0,0,0,0,0,0,0,-3000,0,0,0,20000,23000,-3000,-3000
00774B,新光中國政金綠債,0,0,0,0,0,0,0,0,0,-3000,0,0,0,2000,5000,-3000,-3000
054161,友訊凱基98購01  ,0,0,0,0,0,0,0,0,0,-3000,0,0,0,281000,284000,-3000,-3000
046385,群創凱基98購03  ,0,0,0,0,0,0,0,0,0,-3000,0,0,0,7000,10000,-3000,-3000
048652,巨大元大96購01  ,0,0,0,0,0,0,0,0,0,-3000,0,0,0,2000,5000,-3000,-3000
052748,群創元大9A購02  ,0,0,0,0,0,0,0,0,0,-3000,0,0,0,0,3000,-3000,-3000
053173,矽格群益97購01  ,0,0,0,0,0,0,0,0,0,-3000,0,0,0,7000,10000,-3000,-3000
052668,聯發科群益97購01,0,0,0,0,0,0,0,0,0,-3000,0,0,0,10000,13000,-3000,-3000
053673,超眾元富96購03  ,0,0,0,0,0,0,0,0,0,-3000,0,0,0,0,3000,-3000,-3000
05347P,滬深2X元富9B售02,0,0,0,0,0,0,0,0,0,-3000,0,0,0,0,3000,-3000,-3000
055120,南港兆豐97購01  ,0,0,0,0,0,0,0,0,0,-3000,0,0,0,0,3000,-3000,-3000
055123,億光兆豐97購01  ,0,0,0,0,0,0,0,0,0,-3000,0,0,0,0,3000,-3000,-3000
056415,聯發科中信98購04,0,0,0,0,0,0,0,0,0,-3000,0,0,0,0,3000,-3000,-3000
058475,台積電凱基99購06,0,0,0,0,0,0,0,0,0,-3000,0,0,0,998000,1001000,-3000,-3000
058620,滬深2X國票9A購02,0,0,0,0,0,0,0,0,0,-3000,0,0,0,0,3000,-3000,-3000
058218,緯穎群益99購01  ,0,0,0,0,0,0,0,0,0,-3000,0,0,0,18000,21000,-3000,-3000
057371,可成元大98購08  ,0,0,0,0,0,0,0,0,0,-3000,0,0,0,0,3000,-3000,-3000
057343,道瓊反統一9A購01,0,0,0,0,0,0,0,0,0,-3000,0,0,0,0,3000,-3000,-3000
057168,旺宏元大99購03  ,0,0,0,0,0,0,0,0,0,-3000,0,0,0,0,3000,-3000,-3000
058908,貿聯元大99購03  ,0,0,0,0,0,0,0,0,0,-3000,0,0,0,50000,53000,-3000,-3000
058401,華航元大9A購01  ,0,0,0,0,0,0,0,0,0,-3000,0,0,0,0,3000,-3000,-3000
059118,晶技永豐9A購01  ,0,0,0,0,0,0,0,0,0,-3000,0,0,0,12000,15000,-3000,-3000
05899P,臺股指凱基96售30,0,0,0,0,0,0,0,0,0,-3000,0,0,0,0,3000,-3000,-3000
056892,旺宏元大9A購02  ,0,0,0,0,0,0,0,0,0,-3000,0,0,0,0,3000,-3000,-3000
056878,元油2X國票99購02,0,0,0,0,0,0,0,0,0,-3000,0,0,0,0,3000,-3000,-3000
058572,百和凱基9A購01  ,0,0,0,0,0,0,0,0,0,-3000,0,0,0,23000,26000,-3000,-3000
060073,台積電元富99購03,0,0,0,0,0,0,0,0,0,-3000,0,0,0,0,3000,-3000,-3000
059967,聯發科凱基99購20,0,0,0,0,0,0,0,0,0,-3000,0,0,0,20000,23000,-3000,-3000
060714,晶技永豐9A購02  ,0,0,0,0,0,0,0,0,0,-3000,0,0,0,27000,30000,-3000,-3000
060559,世紀鋼凱基9C購01,0,0,0,0,0,0,0,0,0,-3000,0,0,0,2000,5000,-3000,-3000
059568,台積電凱基9A購13,0,0,0,0,0,0,0,0,0,-3000,0,0,0,0,3000,-3000,-3000
059531,華新科凱基9B購02,0,0,0,0,0,0,0,0,0,-3000,0,0,0,0,3000,-3000,-3000
057312,美律麥證98購01  ,0,0,0,47000,50000,-3000,0,0,0,-3000,0,0,0,47000,50000,-3000,-3000
062452,A50正2群益01購04,0,0,0,0,0,0,0,0,0,-3000,0,0,0,17000,20000,-3000,-3000
062354,台達電元大9B購01,0,0,0,0,0,0,0,0,0,-3000,0,0,0,0,3000,-3000,-3000
062283,玉晶光群益01購01,0,0,0,0,0,0,0,0,0,-3000,0,0,0,3000,6000,-3000,-3000
06274P,臺股指凱基97售06,0,0,0,0,0,0,0,0,0,-3000,0,0,0,0,3000,-3000,-3000
062767,GIS凱基9B購02   ,0,0,0,0,0,0,0,0,0,-3000,0,0,0,11000,14000,-3000,-3000
063142,奇力新統一9C購04,0,0,0,0,0,0,0,0,0,-3000,0,0,0,10000,13000,-3000,-3000
061142,南電統一9A購01  ,0,0,0,0,0,0,0,0,0,-3000,0,0,0,0,3000,-3000,-3000
062010,台灣50富邦9B購03,0,0,0,0,0,0,0,0,0,-3000,0,0,0,0,3000,-3000,-3000
061953,台積電台新9B購04,0,0,0,0,0,0,0,0,0,-3000,0,0,0,17000,20000,-3000,-3000
6491,晶碩            ,51000,54000,-3000,0,0,0,0,0,0,0,0,0,0,0,0,0,-3000
07455P,聯發科元大9A售01,0,0,0,0,0,0,0,0,0,-4000,0,0,0,0,4000,-4000,-4000
07142P,台灣50元大01售01,0,0,0,0,0,0,0,0,0,-4000,0,0,0,0,4000,-4000,-4000
07758P,台積電國票9A售06,0,0,0,0,0,0,0,0,0,-4000,0,0,0,0,4000,-4000,-4000
2430,燦坤            ,41000,43000,-2000,0,0,0,0,0,0,-2000,0,2000,-2000,0,0,0,-4000
2109,華豐            ,8000,12000,-4000,0,0,0,0,0,0,0,0,0,0,0,0,0,-4000
1516,川飛            ,1000,6000,-5000,0,0,0,0,0,0,1000,1000,0,1000,0,0,0,-4000
1541,錩泰            ,3000,5000,-2000,0,0,0,0,0,0,-2000,0,2000,-2000,0,0,0,-4000
1525,江申            ,3000,7000,-4000,0,0,0,0,0,0,0,0,0,0,0,0,0,-4000
064213,大立光凱基03購01,0,0,0,0,0,0,0,0,0,-4000,0,0,0,0,4000,-4000,-4000
064202,景碩兆豐9C購01  ,0,0,0,0,0,0,0,0,0,-4000,0,0,0,0,4000,-4000,-4000
06435P,臺股指群益98售02,0,0,0,0,0,0,0,0,0,-4000,0,0,0,0,4000,-4000,-4000
06926P,可成群益9A售04  ,0,0,0,0,0,0,0,0,0,-4000,0,0,0,2000,6000,-4000,-4000
07046P,大立光富邦9C售03,0,0,0,0,0,0,0,0,0,-4000,0,0,0,0,4000,-4000,-4000
07090P,台灣50凱基01售01,0,0,0,0,0,0,0,0,0,-4000,0,0,0,0,4000,-4000,-4000
063970,大立光國票01購01,0,0,0,0,0,0,0,0,0,-4000,0,0,0,5000,9000,-4000,-4000
063985,香港反富邦02購01,0,0,0,0,0,0,0,0,0,-4000,0,0,0,0,4000,-4000,-4000
063937,上銀元大9C購02  ,0,0,0,0,0,0,0,0,0,-4000,0,0,0,0,4000,-4000,-4000
063855,臺股指元大9C購08,0,0,0,0,0,0,0,0,0,-4000,0,0,0,0,4000,-4000,-4000
063428,矽創凱基9B購02  ,0,0,0,0,0,0,0,0,0,-4000,0,0,0,72000,76000,-4000,-4000
063445,金像電統一9B購01,0,0,0,0,0,0,0,0,0,-4000,0,0,0,19000,23000,-4000,-4000
054974,台表科元大98購02,0,0,0,0,0,0,0,0,0,-4000,0,0,0,10000,14000,-4000,-4000
056157,聯詠凱基97購03  ,0,0,0,0,0,0,0,0,0,-4000,0,0,0,0,4000,-4000,-4000
056243,創意群益97購03  ,0,0,0,0,0,0,0,0,0,-4000,0,0,0,6000,10000,-4000,-4000
054642,訊芯中信9A購01  ,0,0,0,0,0,0,0,0,0,-4000,0,0,0,0,4000,-4000,-4000
056395,玉晶光永豐9B購01,0,0,0,0,0,0,0,0,0,-4000,0,0,0,2000,6000,-4000,-4000
055842,建準元大98購01  ,0,0,0,0,0,0,0,0,0,-4000,0,0,0,40000,44000,-4000,-4000
056452,亞光凱基98購02  ,0,0,0,0,0,0,0,0,0,-4000,0,0,0,6000,10000,-4000,-4000
05617P,大立光統一97售02,0,0,0,0,0,0,0,0,0,-4000,0,0,0,0,4000,-4000,-4000
055472,大立光凱基97購07,0,0,0,0,0,0,0,0,0,-4000,0,0,0,0,4000,-4000,-4000
055521,S&P反1群益01購01,0,0,0,0,0,0,0,0,0,-4000,0,0,0,0,4000,-4000,-4000
054231,國巨群益98購03  ,0,0,0,0,0,0,0,0,0,-4000,0,0,0,23000,27000,-4000,-4000
006204,永豐臺灣加權    ,0,0,0,0,0,0,0,0,0,-4000,0,0,0,45000,49000,-4000,-4000
057936,健策群益99購01  ,0,0,0,0,0,0,0,0,0,-4000,0,0,0,8000,12000,-4000,-4000
059526,鴻海凱基99購12  ,0,0,0,0,0,0,0,0,0,-4000,0,0,0,6000,10000,-4000,-4000
059788,華新科元大9A購05,0,0,0,0,0,0,0,0,0,-4000,0,0,0,0,4000,-4000,-4000
059889,華新科國票99購04,0,0,0,0,0,0,0,0,0,-4000,0,0,0,0,4000,-4000,-4000
06054P,臺股指中信9A售01,0,0,0,0,0,0,0,0,0,-4000,0,0,0,0,4000,-4000,-4000
060501,鴻海元大9A購13  ,0,0,0,0,0,0,0,0,0,-4000,0,0,0,1000,5000,-4000,-4000
060104,新日興元大99購03,0,0,0,0,0,0,0,0,0,-4000,0,0,0,10000,14000,-4000,-4000
060317,台灣50群益02購01,0,0,0,0,0,0,0,0,0,-4000,0,0,0,0,4000,-4000,-4000
058980,鴻海凱基99購06  ,0,0,0,0,0,0,0,0,0,-4000,0,0,0,10000,14000,-4000,-4000
059075,FBVIX元大99購01 ,0,0,0,0,0,0,0,0,0,-4000,0,0,0,0,4000,-4000,-4000
057763,康控凱基99購02  ,0,0,0,0,0,0,0,0,0,-4000,0,0,0,6000,10000,-4000,-4000
058104,國巨統一9A購04  ,0,0,0,0,0,0,0,0,0,-4000,0,0,0,66000,70000,-4000,-4000
059153,臺股指國票99購16,0,0,0,0,0,0,0,0,0,-4000,0,0,0,6000,10000,-4000,-4000
059177,臺股指凱基99購28,0,0,0,0,0,0,0,0,0,-4000,0,0,0,4000,8000,-4000,-4000
057488,聯發科元大99購02,0,0,0,0,0,0,0,0,0,-4000,0,0,0,1000,5000,-4000,-4000
057455,景碩國泰99購01  ,0,0,0,0,0,0,0,0,0,-4000,0,0,0,0,4000,-4000,-4000
057543,華通凱基99購02  ,0,0,0,0,0,0,0,0,0,-4000,0,0,0,26000,30000,-4000,-4000
06182P,群創兆豐97售03  ,0,0,0,0,0,0,0,0,0,-4000,0,0,0,12000,16000,-4000,-4000
061482,健策元大9C購01  ,0,0,0,0,0,0,0,0,0,-4000,0,0,0,98000,102000,-4000,-4000
061255,道瓊反凱基9C購01,0,0,0,0,0,0,0,0,0,-4000,0,0,0,0,4000,-4000,-4000
061404,臺指反國票04購01,0,0,0,0,0,0,0,0,0,-4000,0,0,0,0,4000,-4000,-4000
061419,國巨元大9A購21  ,0,0,0,0,0,0,0,0,0,-4000,0,0,0,6000,10000,-4000,-4000
061428,南六元大9A購01  ,0,0,0,0,0,0,0,0,0,-4000,0,0,0,2000,6000,-4000,-4000
060903,臺指反元大9A購01,0,0,0,0,0,0,0,0,0,-4000,0,0,0,0,4000,-4000,-4000
060931,GIS永豐9A購01   ,0,0,0,0,0,0,0,0,0,-4000,0,0,0,0,4000,-4000,-4000
062749,元金2X中信9B購01,0,0,0,0,0,0,0,0,0,-4000,0,0,0,0,4000,-4000,-4000
062741,立積國票9B購02  ,0,0,0,0,0,0,0,0,0,-4000,0,0,0,10000,14000,-4000,-4000
062562,瑞儀凱基9B購02  ,0,0,0,0,0,0,0,0,0,-4000,0,0,0,0,4000,-4000,-4000
062446,聯詠元大9B購02  ,0,0,0,0,0,0,0,0,0,-4000,0,0,0,76000,80000,-4000,-4000
6573,虹揚-KY         ,1000,1000,0,0,0,0,0,0,0,-4000,0,4000,-4000,0,0,0,-4000
8466,美吉吉-KY       ,0,4000,-4000,0,0,0,0,0,0,0,0,0,0,0,0,0,-4000
4148,全宇生技-KY     ,1000,6000,-5000,0,0,0,0,0,0,1000,1000,0,1000,0,0,0,-4000
4725,信昌化          ,0,4000,-4000,0,0,0,0,0,0,0,0,0,0,0,0,0,-4000
2882B,國泰金乙特      ,0,2508,-2508,0,0,0,0,0,0,-2000,10000,12000,-2000,0,0,0,-4508
063414,鴻海凱基03購01  ,0,0,0,0,0,0,0,0,0,-5000,0,0,0,10000,15000,-5000,-5000
063621,華新科兆豐9B購02,0,0,0,0,0,0,0,0,0,-5000,0,0,0,10000,15000,-5000,-5000
063942,台積電元大01購03,0,0,0,0,0,0,0,0,0,-5000,0,0,0,0,5000,-5000,-5000
063943,台光電元大9C購02,0,0,0,0,0,0,0,0,0,-5000,0,0,0,4000,9000,-5000,-5000
063935,上証2X元大9C購05,0,0,0,0,0,0,0,0,0,-5000,0,0,0,5000,10000,-5000,-5000
063993,華通群益01購01  ,0,0,0,0,0,0,0,0,0,-5000,0,0,0,0,5000,-5000,-5000
07093P,台積電凱基99售07,0,0,0,0,0,0,0,0,0,-5000,0,0,0,0,5000,-5000,-5000
07030P,鈺齊群益99售01  ,0,0,0,0,0,0,0,0,0,-5000,0,0,0,5000,10000,-5000,-5000
06862P,大立光凱基98售16,0,0,0,0,0,0,0,0,0,-5000,0,0,0,0,5000,-5000,-5000
06688P,鴻海中信02售01  ,0,0,0,0,0,0,0,0,0,-5000,0,0,0,5000,10000,-5000,-5000
06759P,台積電元大98售17,0,0,0,0,0,0,0,0,0,-5000,0,0,0,0,5000,-5000,-5000
064224,玉晶光國票01購04,0,0,0,0,0,0,0,0,0,-5000,0,0,0,1000,6000,-5000,-5000
064240,群創統一02購02  ,0,0,0,0,0,0,0,0,0,-5000,0,0,0,0,5000,-5000,-5000
064266,聯茂永豐9C購01  ,0,0,0,0,0,0,0,0,0,-5000,0,0,0,0,5000,-5000,-5000
064270,華通元大9C購03  ,0,0,0,0,0,0,0,0,0,-5000,0,0,0,1000,6000,-5000,-5000
064209,燿華凱基01購01  ,0,0,0,0,0,0,0,0,0,-5000,0,0,0,0,5000,-5000,-5000
064157,健鼎統一01購02  ,0,0,0,0,0,0,0,0,0,-5000,0,0,0,0,5000,-5000,-5000
1312A,國喬特          ,0,0,0,0,0,0,0,0,0,-5000,0,5000,-5000,0,0,0,-5000
08171P,嘉澤國票9C售01  ,0,0,0,0,0,0,0,0,0,-5000,0,0,0,18000,23000,-5000,-5000
08251P,臺股指群益9C售09,0,0,0,0,0,0,0,0,0,-5000,0,0,0,0,5000,-5000,-5000
08322P,國巨凱基9C售08  ,0,0,0,0,0,0,0,0,0,-5000,0,0,0,0,5000,-5000,-5000
08324P,大立光凱基9C售05,0,0,0,0,0,0,0,0,0,-5000,0,0,0,0,5000,-5000,-5000
08309P,GIS凱基9C售01   ,0,0,0,0,0,0,0,0,0,-5000,0,0,0,78000,83000,-5000,-5000
2413,環科            ,10000,17000,-7000,0,0,0,0,0,0,2000,2000,0,2000,0,0,0,-5000
2497,怡利電          ,2000,7000,-5000,0,0,0,0,0,0,0,0,0,0,0,0,0,-5000
07737P,華通永豐9A售01  ,0,0,0,0,0,0,0,0,0,-5000,0,0,0,0,5000,-5000,-5000
07715P,台灣50群益9A售14,0,0,0,0,0,0,0,0,0,-5000,0,0,0,5000,10000,-5000,-5000
08081P,台灣50元大9B售20,0,0,0,0,0,0,0,0,0,-5000,0,0,0,0,5000,-5000,-5000
07149P,健鼎元大99售03  ,0,0,0,0,0,0,0,0,0,-5000,0,0,0,0,5000,-5000,-5000
07306P,台灣50凱基9A售09,0,0,0,0,0,0,0,0,0,-5000,0,0,0,0,5000,-5000,-5000
07387P,臺股指群益99售25,0,0,0,0,0,0,0,0,0,-5000,0,0,0,0,5000,-5000,-5000
07388P,臺股指群益9C售07,0,0,0,0,0,0,0,0,0,-5000,0,0,0,4000,9000,-5000,-5000
07415P,台積電元大99售52,0,0,0,0,0,0,0,0,0,-5000,0,0,0,0,5000,-5000,-5000
07664P,台灣50元大9C售30,0,0,0,0,0,0,0,0,0,-5000,0,0,0,5000,10000,-5000,-5000
00691R,兆豐藍籌30反1   ,0,0,0,0,0,0,0,0,0,-5000,0,0,0,0,5000,-5000,-5000
051744,嘉聯益國票97購01,0,0,0,0,0,0,0,0,0,-5000,0,0,0,0,5000,-5000,-5000
03681C,台灣50凱基02牛02,0,0,0,0,0,0,0,0,0,-5000,0,0,0,12000,17000,-5000,-5000
04437P,滬深2X群益98售03,0,0,0,0,0,0,0,0,0,-5000,0,0,0,0,5000,-5000,-5000
050890,南電富邦99購01  ,0,0,0,0,0,0,0,0,0,-5000,0,0,0,50000,55000,-5000,-5000
05411P,台積電國票96售08,0,0,0,0,0,0,0,0,0,-5000,0,0,0,0,5000,-5000,-5000
048270,T50反1富邦99購01,0,0,0,0,0,0,0,0,0,-5000,0,0,0,0,5000,-5000,-5000
048186,元黃金元大96購01,0,0,0,0,0,0,0,0,0,-5000,0,0,0,15000,20000,-5000,-5000
049463,華新科富邦97購01,0,0,0,0,0,0,0,0,0,-5000,0,0,0,25000,30000,-5000,-5000
05052P,友達群益97售01  ,0,0,0,0,0,0,0,0,0,-5000,0,0,0,0,5000,-5000,-5000
056734,國巨凱基99購01  ,0,0,0,0,0,0,0,0,0,-5000,0,0,0,0,5000,-5000,-5000
053411,深中小國票9B購01,0,0,0,0,0,0,0,0,0,-5000,0,0,0,0,5000,-5000,-5000
054463,瑞昱凱基97購01  ,0,0,0,0,0,0,0,0,0,-5000,0,0,0,20000,25000,-5000,-5000
054451,上銀亞東98購01  ,0,0,0,0,0,0,0,0,0,-5000,0,0,0,0,5000,-5000,-5000
052700,奇鋐國票97購02  ,0,0,0,0,0,0,0,0,0,-5000,0,0,0,0,5000,-5000,-5000
056197,友訊永豐97購01  ,0,0,0,0,0,0,0,0,0,-5000,0,0,0,486000,491000,-5000,-5000
05576P,群創日盛99售02  ,0,0,0,0,0,0,0,0,0,-5000,0,0,0,0,5000,-5000,-5000
055796,南電國泰98購01  ,0,0,0,0,0,0,0,0,0,-5000,0,0,0,23000,28000,-5000,-5000
056834,華新元富99購01  ,0,0,0,0,0,0,0,0,0,-5000,0,0,0,17000,22000,-5000,-5000
055253,大立光統一97購06,0,0,0,0,0,0,0,0,0,-5000,0,0,0,0,5000,-5000,-5000
055292,聯鈞元大97購02  ,0,0,0,0,0,0,0,0,0,-5000,0,0,0,0,5000,-5000,-5000
056004,南電永豐97購02  ,0,0,0,0,0,0,0,0,0,-5000,0,0,0,0,5000,-5000,-5000
054511,香港反元大98購01,0,0,0,0,0,0,0,0,0,-5000,0,0,0,0,5000,-5000,-5000
054587,玉晶光國泰99購01,0,0,0,0,0,0,0,0,0,-5000,0,0,0,0,5000,-5000,-5000
058593,大立光統一9B購02,0,0,0,0,0,0,0,0,0,-5000,0,0,0,0,5000,-5000,-5000
058452,義隆永豐99購02  ,0,0,0,0,0,0,0,0,0,-5000,0,0,0,0,5000,-5000,-5000
057493,聯詠元大98購02  ,0,0,0,0,0,0,0,0,0,-5000,0,0,0,25000,30000,-5000,-5000
059171,祥碩凱基99購04  ,0,0,0,0,0,0,0,0,0,-5000,0,0,0,9000,14000,-5000,-5000
057095,祥碩元富98購02  ,0,0,0,0,0,0,0,0,0,-5000,0,0,0,0,5000,-5000,-5000
059286,S&P正2元富01購03,0,0,0,0,0,0,0,0,0,-5000,0,0,0,0,5000,-5000,-5000
057914,日月光日盛9A購01,0,0,0,0,0,0,0,0,0,-5000,0,0,0,0,5000,-5000,-5000
058891,元油2X元大9C購07,0,0,0,0,0,0,0,0,0,-5000,0,0,0,0,5000,-5000,-5000
058885,元石油元大9C購02,0,0,0,0,0,0,0,0,0,-5000,0,0,0,0,5000,-5000,-5000
058411,技嘉兆豐99購01  ,0,0,0,0,0,0,0,0,0,-5000,0,0,0,3000,8000,-5000,-5000
057694,臺股指凱基98購12,0,0,0,0,0,0,0,0,0,-5000,0,0,0,0,5000,-5000,-5000
05865P,大立光元大96售09,0,0,0,0,0,0,0,0,0,-5000,0,0,0,0,5000,-5000,-5000
057751,神達國票99購02  ,0,0,0,0,0,0,0,0,0,-5000,0,0,0,0,5000,-5000,-5000
059088,台積電元大99購27,0,0,0,0,0,0,0,0,0,-5000,0,0,0,4000,9000,-5000,-5000
058556,百和永豐99購01  ,0,0,0,0,0,0,0,0,0,-5000,0,0,0,94000,99000,-5000,-5000
060300,佐登國泰9B購01  ,0,0,0,0,0,0,0,0,0,-5000,0,0,0,10000,15000,-5000,-5000
060166,佐登永豐9A購01  ,0,0,0,0,0,0,0,0,0,-5000,0,0,0,0,5000,-5000,-5000
060167,禾聯碩永豐9A購01,0,0,0,0,0,0,0,0,0,-5000,0,0,0,0,5000,-5000,-5000
060013,S&P正2康和99購01,0,0,0,0,0,0,0,0,0,-5000,0,0,0,0,5000,-5000,-5000
060485,華新科富邦9C購04,0,0,0,0,0,0,0,0,0,-5000,0,0,0,0,5000,-5000,-5000
060530,聯發科中信9C購03,0,0,0,0,0,0,0,0,0,-5000,0,0,0,0,5000,-5000,-5000
06046P,健策統一96售03  ,0,0,0,0,0,0,0,0,0,-5000,0,0,0,0,5000,-5000,-5000
060429,南六永豐9A購01  ,0,0,0,0,0,0,0,0,0,-5000,0,0,0,0,5000,-5000,-5000
060681,華擎元大9A購02  ,0,0,0,0,0,0,0,0,0,-5000,0,0,0,5000,10000,-5000,-5000
060697,鴻海國泰9C購01  ,0,0,0,0,0,0,0,0,0,-5000,0,0,0,0,5000,-5000,-5000
059873,華新科凱基99購09,0,0,0,0,0,0,0,0,0,-5000,0,0,0,0,5000,-5000,-5000
059929,華新科富邦9C購03,0,0,0,0,0,0,0,0,0,-5000,0,0,0,0,5000,-5000,-5000
059827,晶技凱基99購03  ,0,0,0,0,0,0,0,0,0,-5000,0,0,0,0,5000,-5000,-5000
059628,智邦凱基99購04  ,0,0,0,0,0,0,0,0,0,-5000,0,0,0,0,5000,-5000,-5000
059600,緯穎元大99購07  ,0,0,0,0,0,0,0,0,0,-5000,0,0,0,0,5000,-5000,-5000
059634,可成凱基99購07  ,0,0,0,0,0,0,0,0,0,-5000,0,0,0,10000,15000,-5000,-5000
057964,緯穎元大99購03  ,0,0,0,0,0,0,0,0,0,-5000,0,0,0,45000,50000,-5000,-5000
057304,為升兆豐99購02  ,0,0,0,0,0,0,0,0,0,-5000,0,0,0,0,5000,-5000,-5000
05762P,昇陽半永豐96售04,0,0,0,0,0,0,0,0,0,-5000,0,0,0,5000,10000,-5000,-5000
057250,大立光統一98購08,0,0,0,0,0,0,0,0,0,-5000,0,0,0,0,5000,-5000,-5000
057175,美律元大98購03  ,0,0,0,0,0,0,0,0,0,-5000,0,0,0,35000,40000,-5000,-5000
057212,台積電群益98購03,0,0,0,0,0,0,0,0,0,-5000,0,0,0,0,5000,-5000,-5000
058070,華新科凱基98購07,0,0,0,0,0,0,0,0,0,-5000,0,0,0,0,5000,-5000,-5000
062155,國巨凱基9C購03  ,0,0,0,0,0,0,0,0,0,-5000,0,0,0,7000,12000,-5000,-5000
062735,和大國票9B購01  ,0,0,0,0,0,0,0,0,0,-5000,0,0,0,0,5000,-5000,-5000
062644,中環國泰9C購01  ,0,0,0,0,0,0,0,0,0,-5000,0,0,0,0,5000,-5000,-5000
063289,台表科元大9B購07,0,0,0,0,0,0,0,0,0,-5000,0,0,0,0,5000,-5000,-5000
06339P,上銀統一97售06  ,0,0,0,0,0,0,0,0,0,-5000,0,0,0,0,5000,-5000,-5000
062999,聯茂國票9C購01  ,0,0,0,0,0,0,0,0,0,-5000,0,0,0,7000,12000,-5000,-5000
062844,T50反1國泰9C購01,0,0,0,0,0,0,0,0,0,-5000,0,0,0,0,5000,-5000,-5000
060965,中租凱基9B購01  ,0,0,0,0,0,0,0,0,0,-5000,0,0,0,21000,26000,-5000,-5000
06100P,台積電日盛97售03,0,0,0,0,0,0,0,0,0,-5000,0,0,0,0,5000,-5000,-5000
06086P,台積電康和97售01,0,0,0,0,0,0,0,0,0,-5000,0,0,0,0,5000,-5000,-5000
061420,國巨元大9A購22  ,0,0,0,0,0,0,0,0,0,-5000,0,0,0,20000,25000,-5000,-5000
061410,緯穎國票9A購03  ,0,0,0,0,0,0,0,0,0,-5000,0,0,0,5000,10000,-5000,-5000
061290,玉晶光統一01購04,0,0,0,0,0,0,0,0,0,-5000,0,0,0,59000,64000,-5000,-5000
061386,道瓊銀群益9A購03,0,0,0,0,0,0,0,0,0,-5000,0,0,0,0,5000,-5000,-5000
061277,智邦台新9A購01  ,0,0,0,0,0,0,0,0,0,-5000,0,0,0,0,5000,-5000,-5000
061234,國巨元大9A購18  ,0,0,0,0,0,0,0,0,0,-5000,0,0,0,0,5000,-5000,-5000
06120P,大立光凱基98售05,0,0,0,0,0,0,0,0,0,-5000,0,0,0,4000,9000,-5000,-5000
061152,微星群益9A購01  ,0,0,0,0,0,0,0,0,0,-5000,0,0,0,0,5000,-5000,-5000
061512,國巨永豐9A購04  ,0,0,0,0,0,0,0,0,0,-5000,0,0,0,0,5000,-5000,-5000
061795,智邦永豐9B購01  ,0,0,0,0,0,0,0,0,0,-5000,0,0,0,8000,13000,-5000,-5000
061778,元金2X群益9B購02,0,0,0,0,0,0,0,0,0,-5000,0,0,0,0,5000,-5000,-5000
062013,奇鋐富邦9B購01  ,0,0,0,0,0,0,0,0,0,-5000,0,0,0,0,5000,-5000,-5000
062121,奇鋐台新9B購01  ,0,0,0,0,0,0,0,0,0,-5000,0,0,0,0,5000,-5000,-5000
2881B,富邦金乙特      ,0,0,0,0,0,0,0,0,0,-5000,0,0,0,0,5000,-5000,-5000
4144,康聯-KY         ,4000,9000,-5000,0,0,0,0,0,0,0,0,0,0,0,0,0,-5000
3679,新至陞          ,45000,50000,-5000,0,0,0,0,0,0,0,0,0,0,0,0,0,-5000
911622,泰聚亨-DR       ,0,0,0,0,0,0,0,0,0,-5000,0,5000,-5000,0,0,0,-5000
07462P,臺股指元大9B售05,0,0,0,0,0,0,0,0,0,-6000,0,0,0,0,6000,-6000,-6000
07368P,國巨凱基99售19  ,0,0,0,0,0,0,0,0,0,-6000,0,0,0,0,6000,-6000,-6000
08115P,聯發科凱基9B售13,0,0,0,0,0,0,0,0,0,-6000,0,0,0,4000,10000,-6000,-6000
07977P,華新科群益01售01,0,0,0,0,0,0,0,0,0,-6000,0,0,0,5000,11000,-6000,-6000
07820P,臺股指國票9A售11,0,0,0,0,0,0,0,0,0,-6000,0,0,0,44000,50000,-6000,-6000
2448,晶電            ,3354000,3394000,-40000,0,0,0,276000,0,276000,-242000,177000,422000,-245000,10000,7000,3000,-6000
1110,東泥            ,1000,3000,-2000,0,0,0,0,0,0,-4000,0,4000,-4000,0,0,0,-6000
064134,瑞祺元大9C購02  ,0,0,0,0,0,0,0,0,0,-6000,0,0,0,26000,32000,-6000,-6000
064204,瑞儀兆豐01購01  ,0,0,0,0,0,0,0,0,0,-6000,0,0,0,0,6000,-6000,-6000
064188,玉晶光永豐9C購02,0,0,0,0,0,0,0,0,0,-6000,0,0,0,7000,13000,-6000,-6000
064191,聯發科中信03購01,0,0,0,0,0,0,0,0,0,-6000,0,0,0,0,6000,-6000,-6000
064276,聯發科元大9C購07,0,0,0,0,0,0,0,0,0,-6000,0,0,0,35000,41000,-6000,-6000
06436P,台光電國票98售04,0,0,0,0,0,0,0,0,0,-6000,0,0,0,209000,215000,-6000,-6000
06723P,台灣50麥證99售01,0,0,0,0,6000,-6000,0,0,0,-6000,0,0,0,0,6000,-6000,-6000
07111P,台積電群益99售08,0,0,0,0,0,0,0,0,0,-6000,0,0,0,0,6000,-6000,-6000
064016,南六國票01購01  ,0,0,0,0,0,0,0,0,0,-6000,0,0,0,4000,10000,-6000,-6000
063507,奇鋐群益9B購02  ,0,0,0,0,0,0,0,0,0,-6000,0,0,0,42000,48000,-6000,-6000
054961,玉晶光元大99購01,0,0,0,0,0,0,0,0,0,-6000,0,0,0,5000,11000,-6000,-6000
055258,玉晶光統一97購03,0,0,0,0,0,0,0,0,0,-6000,0,0,0,0,6000,-6000,-6000
055307,瑞昱群益97購02  ,0,0,0,0,0,0,0,0,0,-6000,0,0,0,0,6000,-6000,-6000
056272,嘉澤統一99購01  ,0,0,0,0,0,0,0,0,0,-6000,0,0,0,0,6000,-6000,-6000
052907,嘉澤國票97購01  ,0,0,0,0,0,0,0,0,0,-6000,0,0,0,0,6000,-6000,-6000
051233,力成群益97購01  ,0,0,0,0,0,0,0,0,0,-6000,0,0,0,0,6000,-6000,-6000
059515,牧德永豐99購01  ,0,0,0,0,0,0,0,0,0,-6000,0,0,0,24000,30000,-6000,-6000
058765,緯穎群益99購03  ,0,0,0,0,0,0,0,0,0,-6000,0,0,0,0,6000,-6000,-6000
058752,鈺齊凱基9A購01  ,0,0,0,0,0,0,0,0,0,-6000,0,0,0,309000,315000,-6000,-6000
059833,緯穎康和99購01  ,0,0,0,0,0,0,0,0,0,-6000,0,0,0,10000,16000,-6000,-6000
059919,宏達電元大99購06,0,0,0,0,0,0,0,0,0,-6000,0,0,0,102000,108000,-6000,-6000
060554,中租凱基9A購01  ,0,0,0,0,0,0,0,0,0,-6000,0,0,0,0,6000,-6000,-6000
060130,瀚宇博永豐99購02,0,0,0,0,0,0,0,0,0,-6000,0,0,0,0,6000,-6000,-6000
060267,上緯控國票9C購01,0,0,0,0,0,0,0,0,0,-6000,0,0,0,0,6000,-6000,-6000
059049,元油2X凱基9A購12,0,0,0,0,0,0,0,0,0,-6000,0,0,0,0,6000,-6000,-6000
059020,元油2X統一9B購02,0,0,0,0,0,0,0,0,0,-6000,0,0,0,39000,45000,-6000,-6000
057092,健策元富98購01  ,0,0,0,0,0,0,0,0,0,-6000,0,0,0,6000,12000,-6000,-6000
057081,大立光統一98購07,0,0,0,0,0,0,0,0,0,-6000,0,0,0,0,6000,-6000,-6000
059458,鎧勝永豐99購01  ,0,0,0,0,0,0,0,0,0,-6000,0,0,0,4000,10000,-6000,-6000
059162,國巨凱基99購12  ,0,0,0,0,0,0,0,0,0,-6000,0,0,0,4000,10000,-6000,-6000
057569,光磊永豐98購03  ,0,0,0,0,0,0,0,0,0,-6000,0,0,0,0,6000,-6000,-6000
062050,亞德客統一9C購01,0,0,0,0,0,0,0,0,0,-6000,0,0,0,1000,7000,-6000,-6000
061813,鴻海群益9B購02  ,0,0,0,0,0,0,0,0,0,-6000,0,0,0,1000,7000,-6000,-6000
061973,上銀元大9B購01  ,0,0,0,0,0,0,0,0,0,-6000,0,0,0,0,6000,-6000,-6000
061149,華通群益9A購05  ,0,0,0,0,0,0,0,0,0,-6000,0,0,0,14000,20000,-6000,-6000
061405,亞德客國票9B購01,0,0,0,0,0,0,0,0,0,-6000,0,0,0,20000,26000,-6000,-6000
061400,可成兆豐9B購02  ,0,0,0,0,0,0,0,0,0,-6000,0,0,0,0,6000,-6000,-6000
063010,國巨元大9C購02  ,0,0,0,0,0,0,0,0,0,-6000,0,0,0,0,6000,-6000,-6000
063066,同欣電麥證9B購01,0,0,0,80000,0,80000,0,0,0,-6000,0,0,0,80000,86000,-6000,-6000
063045,國巨兆豐9C購02  ,0,0,0,0,0,0,0,0,0,-6000,0,0,0,22000,28000,-6000,-6000
063125,華擎元大9C購02  ,0,0,0,0,0,0,0,0,0,-6000,0,0,0,39000,45000,-6000,-6000
062621,緯穎元大9B購05  ,0,0,0,0,0,0,0,0,0,-6000,0,0,0,50000,56000,-6000,-6000
062160,南六凱基9B購01  ,0,0,0,0,0,0,0,0,0,-6000,0,0,0,28000,34000,-6000,-6000
062225,華擎統一01購01  ,0,0,0,0,0,0,0,0,0,-6000,0,0,0,0,6000,-6000,-6000
062280,大立光群益9C購01,0,0,0,0,0,0,0,0,0,-6000,0,0,0,0,6000,-6000,-6000
062244,臺指反元大02購05,0,0,0,0,0,0,0,0,0,-6000,0,0,0,0,6000,-6000,-6000
062248,國巨元大9B購08  ,0,0,0,0,0,0,0,0,0,-6000,0,0,0,0,6000,-6000,-6000
062414,臻鼎中信01購01  ,0,0,0,0,0,0,0,0,0,-6000,0,0,0,6000,12000,-6000,-6000
062369,創意元大9B購01  ,0,0,0,0,0,0,0,0,0,-6000,0,0,0,44000,50000,-6000,-6000
3494,誠研            ,1000,7000,-6000,0,0,0,0,0,0,0,0,0,0,0,0,0,-6000
4540,全球傳動        ,55000,63000,-8000,0,0,0,0,0,0,2000,2000,0,2000,0,0,0,-6000
4942,嘉彰            ,60000,66000,-6000,0,0,0,0,0,0,0,0,0,0,0,0,0,-6000
4912,聯德控股-KY     ,14000,20000,-6000,0,0,0,0,0,0,0,1000,1000,0,0,0,0,-6000
2891B,中信金乙特      ,0,0,0,0,0,0,0,0,0,-6000,3000,9000,-6000,0,0,0,-6000
06988P,鴻海元富99售09  ,0,0,0,0,0,0,0,0,0,-7000,0,0,0,3000,10000,-7000,-7000
064126,聯發科元大9C購05,0,0,0,0,0,0,0,0,0,-7000,0,0,0,227000,234000,-7000,-7000
1527,鑽全            ,72000,84000,-12000,0,0,0,0,0,0,5000,6000,1000,5000,0,0,0,-7000
2380,虹光            ,0,7000,-7000,0,0,0,0,0,0,0,0,0,0,0,0,0,-7000
2484,希華            ,246000,254000,-8000,0,0,0,0,0,0,1000,1000,0,1000,0,0,0,-7000
07805P,義隆永豐9A售02  ,0,0,0,0,0,0,0,0,0,-7000,0,0,0,36000,43000,-7000,-7000
07765P,台積電群益9A售06,0,0,0,0,0,0,0,0,0,-7000,0,0,0,0,7000,-7000,-7000
07953P,健策元大9B售07  ,0,0,0,0,0,0,0,0,0,-7000,0,0,0,0,7000,-7000,-7000
00743,國泰中國A150    ,5000,3000,2000,0,0,0,0,0,0,-9000,0,0,0,0,9000,-9000,-7000
046949,群創元大99購01  ,0,0,0,0,0,0,0,0,0,-7000,0,0,0,0,7000,-7000,-7000
053059,聯發科永昌99購01,0,0,0,0,0,0,0,0,0,-7000,0,0,0,3000,10000,-7000,-7000
056727,滬深反凱基9B購01,0,0,0,0,0,0,0,0,0,-7000,0,0,0,0,7000,-7000,-7000
053280,群創元大9C購01  ,0,0,0,0,0,0,0,0,0,-7000,0,0,0,0,7000,-7000,-7000
056465,臺股指凱基99購07,0,0,0,0,0,0,0,0,0,-7000,0,0,0,0,7000,-7000,-7000
055715,智邦元大97購04  ,0,0,0,0,0,0,0,0,0,-7000,0,0,0,3000,10000,-7000,-7000
056116,義隆群益97購02  ,0,0,0,0,0,0,0,0,0,-7000,0,0,0,68000,75000,-7000,-7000
058484,元金2X國票04購01,0,0,0,0,0,0,0,0,0,-7000,0,0,0,0,7000,-7000,-7000
059259,FBVIX中信03購06 ,0,0,0,0,0,0,0,0,0,-7000,0,0,0,81000,88000,-7000,-7000
057767,緯穎凱基98購06  ,0,0,0,0,0,0,0,0,0,-7000,0,0,0,23000,30000,-7000,-7000
057828,緯穎元大99購02  ,0,0,0,0,0,0,0,0,0,-7000,0,0,0,0,7000,-7000,-7000
057720,日電貿元富98購01,0,0,0,0,0,0,0,0,0,-7000,0,0,0,91000,98000,-7000,-7000
060165,上緯控永豐9A購01,0,0,0,0,0,0,0,0,0,-7000,0,0,0,3000,10000,-7000,-7000
060017,全新康和99購01  ,0,0,0,0,0,0,0,0,0,-7000,0,0,0,0,7000,-7000,-7000
059844,大立光富邦9C購04,0,0,0,0,0,0,0,0,0,-7000,0,0,0,0,7000,-7000,-7000
059836,大立光國泰9B購02,0,0,0,0,0,0,0,0,0,-7000,0,0,0,45000,52000,-7000,-7000
059649,矽力凱基99購02  ,0,0,0,0,0,0,0,0,0,-7000,0,0,0,3000,10000,-7000,-7000
059645,祥碩凱基99購05  ,0,0,0,0,0,0,0,0,0,-7000,0,0,0,2000,9000,-7000,-7000
059687,卜蜂永豐99購01  ,0,0,0,0,0,0,0,0,0,-7000,0,0,0,3000,10000,-7000,-7000
05793P,臺股指中信99售08,0,0,0,0,0,0,0,0,0,-7000,0,0,0,8000,15000,-7000,-7000
062185,禾伸堂元大9B購01,0,0,0,0,0,0,0,0,0,-7000,0,0,0,67000,74000,-7000,-7000
062800,奇力新統一01購02,0,0,0,0,0,0,0,0,0,-7000,0,0,0,31000,38000,-7000,-7000
063320,旭富群益9B購03  ,0,0,0,0,0,0,0,0,0,-7000,0,0,0,106000,113000,-7000,-7000
063041,貿聯凱基9B購01  ,0,0,0,0,0,0,0,0,0,-7000,0,0,0,13000,20000,-7000,-7000
062897,上銀元大9B購06  ,0,0,0,0,0,0,0,0,0,-7000,0,0,0,15000,22000,-7000,-7000
060951,元黃金群益9A購01,0,0,0,0,0,0,0,0,0,-7000,0,0,0,0,7000,-7000,-7000
062009,聯發科國泰01購01,0,0,0,0,0,0,0,0,0,-7000,0,0,0,0,7000,-7000,-7000
061619,大立光群益9B購01,0,0,0,0,0,0,0,0,0,-7000,0,0,0,15000,22000,-7000,-7000
6152,百一            ,2000,9000,-7000,0,0,0,0,0,0,0,0,0,0,0,0,0,-7000
07890P,南電國票9B售01  ,0,0,0,0,0,0,0,0,0,-8000,0,0,0,10000,18000,-8000,-8000
07871P,台積電群益9C售02,0,0,0,0,0,0,0,0,0,-8000,0,0,0,0,8000,-8000,-8000
07257P,臺股指凱基99售37,0,0,0,0,0,0,0,0,0,-8000,0,0,0,0,8000,-8000,-8000
07503P,禾伸堂元大9A售01,0,0,0,0,0,0,0,0,0,-8000,0,0,0,0,8000,-8000,-8000
07508P,華新科國票9A售03,0,0,0,0,0,0,0,0,0,-8000,0,0,0,26000,34000,-8000,-8000
1614,三洋電          ,9000,17000,-8000,0,0,0,0,0,0,0,0,0,0,0,0,0,-8000
08818P,台灣50凱基01售18,0,0,0,0,0,0,0,0,0,-8000,0,0,0,0,8000,-8000,-8000
08167P,台積電兆豐9B售04,0,0,0,0,0,0,0,0,0,-8000,0,0,0,0,8000,-8000,-8000
064087,華新科凱基9C購03,0,0,0,0,0,0,0,0,0,-8000,0,0,0,0,8000,-8000,-8000
06560P,台積電統一98售07,0,0,0,0,0,0,0,0,0,-8000,0,0,0,12000,20000,-8000,-8000
06700P,臺股指統一99售05,0,0,0,0,0,0,0,0,0,-8000,0,0,0,0,8000,-8000,-8000
06767P,台積電永昌99售03,0,0,0,0,0,0,0,0,0,-8000,0,0,0,0,8000,-8000,-8000
063918,復盛凱基9C購01  ,0,0,0,0,0,0,0,0,0,-8000,0,0,0,82000,90000,-8000,-8000
058249,緯穎元大99購04  ,0,0,0,0,0,0,0,0,0,-8000,0,0,0,21000,29000,-8000,-8000
055312,台虹群益99購01  ,0,0,0,0,0,0,0,0,0,-8000,0,0,0,0,8000,-8000,-8000
056513,臻鼎亞東99購01  ,0,0,0,0,0,0,0,0,0,-8000,0,0,0,0,8000,-8000,-8000
056426,上証2X凱基9A購01,0,0,0,0,0,0,0,0,0,-8000,0,0,0,0,8000,-8000,-8000
056418,台光電元富98購01,0,0,0,0,0,0,0,0,0,-8000,0,0,0,60000,68000,-8000,-8000
053677,同欣電國泰97購01,0,0,0,0,0,0,0,0,0,-8000,0,0,0,60000,68000,-8000,-8000
053582,英業達元大97購01,0,0,0,0,0,0,0,0,0,-8000,0,0,0,113000,121000,-8000,-8000
052766,玉晶光群益9A購01,0,0,0,0,0,0,0,0,0,-8000,0,0,0,2000,10000,-8000,-8000
056680,華通統一98購04  ,0,30000,-30000,0,0,0,0,0,0,22000,0,0,0,30000,8000,22000,-8000
055442,矽創國票98購02  ,0,0,0,0,0,0,0,0,0,-8000,0,0,0,0,8000,-8000,-8000
049842,道瓊反中信98購01,0,0,0,0,0,0,0,0,0,-8000,0,0,0,0,8000,-8000,-8000
054215,創意國票97購02  ,0,0,0,0,0,0,0,0,0,-8000,0,0,0,40000,48000,-8000,-8000
051424,緯穎國票97購01  ,0,0,0,0,0,0,0,0,0,-8000,0,0,0,0,8000,-8000,-8000
057207,立積元富98購02  ,0,0,0,0,0,0,0,0,0,-8000,0,0,0,105000,113000,-8000,-8000
057221,華通國票98購03  ,0,0,0,0,0,0,0,0,0,-8000,0,0,0,13000,21000,-8000,-8000
060064,華新科兆豐99購07,0,0,0,0,0,0,0,0,0,-8000,0,0,0,0,8000,-8000,-8000
060345,聯發科統一9B購05,0,0,0,0,0,0,0,0,0,-8000,0,0,0,0,8000,-8000,-8000
060524,國巨中信9A購03  ,0,0,0,0,0,0,0,0,0,-8000,0,0,0,7000,15000,-8000,-8000
060672,鴻海元大9A購14  ,0,0,0,0,0,0,0,0,0,-8000,0,0,0,0,8000,-8000,-8000
057689,南亞科凱基99購02,0,0,0,0,0,0,0,0,0,-8000,0,0,0,3000,11000,-8000,-8000
058907,健策元大99購04  ,0,0,0,0,0,0,0,0,0,-8000,0,0,0,16000,24000,-8000,-8000
058964,群創兆豐99購01  ,0,0,0,0,0,0,0,0,0,-8000,0,0,0,2000,10000,-8000,-8000
057816,欣興元大98購13  ,0,0,0,0,0,0,0,0,0,-8000,0,0,0,12000,20000,-8000,-8000
057105,致茂群益9A購01  ,0,0,0,0,0,0,0,0,0,-8000,0,0,0,97000,105000,-8000,-8000
061586,智邦富邦9A購02  ,0,0,0,0,0,0,0,0,0,-8000,0,0,0,44000,52000,-8000,-8000
061497,大立光國票9A購09,0,0,0,0,0,0,0,0,0,-8000,0,0,0,3000,11000,-8000,-8000
061481,嘉澤元大9A購03  ,0,0,0,0,0,0,0,0,0,-8000,0,0,0,39000,47000,-8000,-8000
061833,華新科凱基02購01,0,0,0,0,0,0,0,0,0,-8000,0,0,0,52000,60000,-8000,-8000
061831,智邦凱基9B購02  ,0,0,0,0,0,0,0,0,0,-8000,0,0,0,30000,38000,-8000,-8000
061039,台表科永豐9A購03,0,0,0,0,0,0,0,0,0,-8000,0,0,0,6000,14000,-8000,-8000
060910,聯發科元大9A購05,0,0,0,0,0,0,0,0,0,-8000,0,0,0,0,8000,-8000,-8000
061406,華通國票9A購06  ,0,0,0,0,0,0,0,0,0,-8000,0,0,0,0,8000,-8000,-8000
061278,和大統一9A購01  ,0,0,0,0,0,0,0,0,0,-8000,0,0,0,169000,177000,-8000,-8000
061274,臺股指凱基9A購24,0,0,0,0,0,0,0,0,0,-8000,0,0,0,2000,10000,-8000,-8000
062816,華新科兆豐9B購01,0,0,0,0,0,0,0,0,0,-8000,0,0,0,11000,19000,-8000,-8000
062990,台積電群益9B購06,0,0,0,0,0,0,0,0,0,-8000,0,0,0,31000,39000,-8000,-8000
062983,緯穎元富9B購01  ,0,0,0,0,0,0,0,0,0,-8000,0,0,0,77000,85000,-8000,-8000
062615,亞德客元大9B購02,0,0,0,0,0,0,0,0,0,-8000,0,0,0,60000,68000,-8000,-8000
062462,GIS群益9B購01   ,0,0,0,0,0,0,0,0,0,-8000,0,0,0,8000,16000,-8000,-8000
062254,台光電元大9B購02,0,0,0,0,0,0,0,0,0,-8000,0,0,0,3000,11000,-8000,-8000
062302,聯詠中信05購02  ,0,0,0,0,0,0,0,0,0,-8000,0,0,0,30000,38000,-8000,-8000
062306,華通凱基9B購01  ,0,0,0,0,0,0,0,0,0,-8000,0,0,0,19000,27000,-8000,-8000
062398,建準永豐9B購01  ,0,0,0,0,0,0,0,0,0,-8000,0,0,0,26000,34000,-8000,-8000
062429,A50正2元大9B購01,0,0,0,0,0,0,0,0,0,-8000,0,0,0,0,8000,-8000,-8000
6155,鈞寶            ,104000,115000,-11000,0,0,0,0,0,0,3000,8000,5000,3000,0,0,0,-8000
8422,可寧衛          ,31000,40000,-9000,0,0,0,0,0,0,1000,2000,1000,1000,0,0,0,-8000
3025,星通            ,0,11000,-11000,0,0,0,0,0,0,3000,5000,2000,3000,0,0,0,-8000
4807,日成-KY         ,3000,11000,-8000,0,0,0,0,0,0,0,0,0,0,0,0,0,-8000
00710B,FH彭博高收益債  ,0,2000,-2000,0,0,0,0,0,0,-6312,0,0,0,128000,134312,-6312,-8312
063467,大立光元大9C購06,0,0,0,0,0,0,0,0,0,-9000,0,0,0,51000,60000,-9000,-9000
06742P,可成富邦99售02  ,0,0,0,0,0,0,0,0,0,-9000,0,0,0,51000,60000,-9000,-9000
06595P,祥碩元大98售03  ,0,0,0,0,0,0,0,0,0,-9000,0,0,0,261000,270000,-9000,-9000
2462,良得電          ,1000,11000,-10000,0,0,0,0,0,0,1000,1000,0,1000,0,0,0,-9000
2228,劍麟            ,39000,73000,-34000,0,0,0,0,0,0,25000,24000,0,24000,3000,2000,1000,-9000
07576P,可成元大9A售01  ,0,0,0,0,0,0,0,0,0,-9000,0,0,0,86000,95000,-9000,-9000
07134P,臺股指元大9A售28,0,0,0,0,0,0,0,0,0,-9000,0,0,0,25000,34000,-9000,-9000
07235P,T50正2元大9C售02,0,0,0,0,0,0,0,0,0,-9000,0,0,0,11000,20000,-9000,-9000
07850P,健策群益9A售06  ,0,0,0,0,0,0,0,0,0,-9000,0,0,0,0,9000,-9000,-9000
055558,大立光凱基97購08,0,0,0,0,0,0,0,0,0,-9000,0,0,0,2000,11000,-9000,-9000
053056,同欣電國票97購01,0,0,0,0,0,0,0,0,0,-9000,0,0,0,51000,60000,-9000,-9000
054466,欣興凱基97購03  ,0,0,0,0,0,0,0,0,0,-9000,0,0,0,1000,10000,-9000,-9000
053686,台積電元大97購08,0,0,0,0,0,0,0,0,0,-9000,0,0,0,248000,257000,-9000,-9000
056588,聯發科統一9A購02,0,0,0,0,0,0,0,0,0,-9000,0,0,0,1000,10000,-9000,-9000
058289,奇鋐國票9A購01  ,0,0,0,0,0,0,0,0,0,-9000,0,0,0,26000,35000,-9000,-9000
058471,台積電日盛9C購01,0,0,0,0,0,0,0,0,0,-9000,0,0,0,58000,67000,-9000,-9000
059151,臺股指國票99購14,0,0,0,0,0,0,0,0,0,-9000,0,0,0,0,9000,-9000,-9000
057870,大立光凱基99購02,0,0,0,0,0,0,0,0,0,-9000,0,0,0,0,9000,-9000,-9000
057028,台郡凱基99購02  ,0,0,0,0,0,0,0,0,0,-9000,0,0,0,3000,12000,-9000,-9000
059249,大立光凱基99購05,0,0,0,0,0,0,0,0,0,-9000,0,0,0,0,9000,-9000,-9000
058576,南亞科群益99購01,0,0,0,0,0,0,0,0,0,-9000,0,0,0,25000,34000,-9000,-9000
059085,鴻海元大99購25  ,0,0,0,0,0,0,0,0,0,-9000,0,0,0,9000,18000,-9000,-9000
060486,中租富邦9A購01  ,0,0,0,0,0,0,0,0,0,-9000,0,0,0,0,9000,-9000,-9000
060398,立積國票9B購01  ,0,0,0,0,0,0,0,0,0,-9000,0,0,0,0,9000,-9000,-9000
062366,義隆元大9B購04  ,0,0,0,0,0,0,0,0,0,-9000,0,0,0,22000,31000,-9000,-9000
062511,台光電國票9B購02,0,0,0,0,0,0,0,0,0,-9000,0,0,0,7000,16000,-9000,-9000
062764,世芯凱基9B購02  ,0,0,0,0,0,0,0,0,0,-9000,0,0,0,15000,24000,-9000,-9000
062799,聯發科統一9C購09,0,0,0,0,0,0,0,0,0,-9000,0,0,0,1000,10000,-9000,-9000
062901,台積電元大9B購05,0,0,0,0,0,0,0,0,0,-9000,0,0,0,0,9000,-9000,-9000
062923,緯穎元大9B購06  ,0,0,0,0,0,0,0,0,0,-9000,0,0,0,13000,22000,-9000,-9000
062911,聯詠元大9B購03  ,0,0,0,0,0,0,0,0,0,-9000,0,0,0,92000,101000,-9000,-9000
063389,大立光兆豐9C購02,0,0,0,0,0,0,0,0,0,-9000,0,0,0,0,9000,-9000,-9000
061422,台積電元大9A購30,0,0,0,0,0,0,0,0,0,-9000,0,0,0,81000,90000,-9000,-9000
061458,臻鼎凱基9A購02  ,0,0,0,0,0,0,0,0,0,-9000,0,0,0,11000,20000,-9000,-9000
061453,台達電凱基9B購01,0,0,0,0,0,0,0,0,0,-9000,0,0,0,0,9000,-9000,-9000
061454,國巨凱基9A購16  ,0,0,0,0,0,0,0,0,0,-9000,0,0,0,1000,10000,-9000,-9000
060845,欣興國票9A購01  ,0,0,0,0,0,0,0,0,0,-9000,0,0,0,13000,22000,-9000,-9000
061826,台郡麥證9B購01  ,0,0,0,52000,61000,-9000,0,0,0,-9000,0,0,0,52000,61000,-9000,-9000
061870,智邦元大9B購02  ,0,0,0,0,0,0,0,0,0,-9000,0,0,0,53000,62000,-9000,-9000
062052,華通統一01購01  ,0,0,0,0,0,0,0,0,0,-9000,0,0,0,105000,114000,-9000,-9000
3305,昇貿            ,2000,11000,-9000,0,0,0,0,0,0,0,0,0,0,0,0,0,-9000
5234,達興材料        ,29000,38000,-9000,0,0,0,0,0,0,0,0,0,0,0,0,0,-9000
07854P,台積電凱基9A售28,0,0,0,0,0,0,0,0,0,-10000,0,0,0,0,10000,-10000,-10000
07897P,臺股指元大9B售17,0,0,0,0,0,0,0,0,0,-10000,0,0,0,0,10000,-10000,-10000
07918P,玉晶光永豐9B售04,0,0,0,0,0,0,0,0,0,-10000,0,0,0,0,10000,-10000,-10000
07722P,玉晶光凱基9A售10,0,0,0,0,0,0,0,0,0,-10000,0,0,0,20000,30000,-10000,-10000
07748P,茂林凱基9A售04  ,0,0,0,0,0,0,0,0,0,-10000,0,0,0,0,10000,-10000,-10000
07815P,美律群益9A售04  ,0,0,0,0,0,0,0,0,0,-10000,0,0,0,0,10000,-10000,-10000
07798P,同欣電國票9A售01,0,0,0,0,0,0,0,0,0,-10000,0,0,0,25000,35000,-10000,-10000
07799P,南電國票9A售04  ,0,0,0,0,0,0,0,0,0,-10000,0,0,0,0,10000,-10000,-10000
08041P,臺股指群益9B售14,0,0,0,0,0,0,0,0,0,-10000,0,0,0,0,10000,-10000,-10000
08029P,臺股指元大9B售36,0,0,0,0,0,0,0,0,0,-10000,0,0,0,0,10000,-10000,-10000
08104P,晶技元大9B售06  ,0,0,0,0,0,0,0,0,0,-10000,0,0,0,6000,16000,-10000,-10000
08124P,臻鼎群益9B售02  ,0,0,0,0,0,0,0,0,0,-10000,0,0,0,0,10000,-10000,-10000
07247P,聯發科凱基9A售06,0,0,0,0,0,0,0,0,0,-10000,0,0,0,630000,640000,-10000,-10000
07211P,南亞科凱基99售05,0,0,0,0,0,0,0,0,0,-10000,0,0,0,0,10000,-10000,-10000
07371P,滬深2X元大99售07,0,0,0,0,0,0,0,0,0,-10000,0,0,0,0,10000,-10000,-10000
07382P,台積電群益9B售01,0,0,0,0,0,0,0,0,0,-10000,0,0,0,0,10000,-10000,-10000
07575P,瑞昱元大9A售02  ,0,0,0,0,0,0,0,0,0,-10000,0,0,0,38000,48000,-10000,-10000
07481P,大立光台新9A售01,0,0,0,0,0,0,0,0,0,-10000,0,0,0,0,10000,-10000,-10000
07465P,台灣50元大9C售24,0,0,0,0,0,0,0,0,0,-10000,0,0,0,0,10000,-10000,-10000
07426P,上証2X國票9B售01,0,0,0,0,0,0,0,0,0,-10000,0,0,0,300000,310000,-10000,-10000
07573P,國巨元大9A售11  ,0,0,0,0,0,0,0,0,0,-10000,0,0,0,0,10000,-10000,-10000
07600P,台灣50凱基04售06,0,0,0,0,0,0,0,0,0,-10000,0,0,0,0,10000,-10000,-10000
07682P,聯發科凱基9A售15,0,0,0,0,0,0,0,0,0,-10000,0,0,0,0,10000,-10000,-10000
2429,銘旺科          ,5000,15000,-10000,0,0,0,0,0,0,0,0,0,0,0,0,0,-10000
08224P,臺股指凱基9B售19,0,0,0,0,0,0,0,0,0,-10000,0,0,0,0,10000,-10000,-10000
08296P,同欣電元大9C售04,0,0,0,0,0,0,0,0,0,-10000,0,0,0,0,10000,-10000,-10000
08328P,國巨國票9C售07  ,0,0,0,0,0,0,0,0,0,-10000,0,0,0,0,10000,-10000,-10000
08331P,義隆元富9C售02  ,0,0,0,0,0,0,0,0,0,-10000,0,0,0,0,10000,-10000,-10000
08257P,台積電元大9C售04,0,0,0,0,0,0,0,0,0,-10000,0,0,0,0,10000,-10000,-10000
08242P,聯發科凱基9C售06,0,0,0,0,0,0,0,0,0,-10000,0,0,0,0,10000,-10000,-10000
08336P,聯發科中信9C售05,0,0,0,0,0,0,0,0,0,-10000,0,0,0,0,10000,-10000,-10000
1220,台榮            ,2000,12000,-10000,0,0,0,0,0,0,0,0,0,0,0,0,0,-10000
1560,中砂            ,23000,37000,-14000,0,0,0,0,0,0,4000,4000,0,4000,0,0,0,-10000
06603P,立積統一99售01  ,0,0,0,0,0,0,0,0,0,-10000,0,0,0,40000,50000,-10000,-10000
06572P,台積電永昌99售01,0,0,0,0,0,0,0,0,0,-10000,0,0,0,0,10000,-10000,-10000
064267,南六永豐9C購03  ,0,0,0,0,0,0,0,0,0,-10000,0,0,0,0,10000,-10000,-10000
064239,群創統一02購01  ,0,0,0,0,0,0,0,0,0,-10000,0,0,0,0,10000,-10000,-10000
064262,玉晶光永豐9C購03,0,0,0,0,0,0,0,0,0,-10000,0,0,0,1000,11000,-10000,-10000
064265,嘉聯益永豐9C購02,0,0,0,0,0,0,0,0,0,-10000,0,0,0,0,10000,-10000,-10000
064088,大立光凱基02購01,0,0,0,0,0,0,0,0,0,-10000,0,0,0,0,10000,-10000,-10000
064079,英業達中信9C購01,0,0,0,0,0,0,0,0,0,-10000,0,0,0,0,10000,-10000,-10000
064193,華新群益9C購01  ,0,0,0,0,0,0,0,0,0,-10000,0,0,0,300000,310000,-10000,-10000
064211,友達凱基02購01  ,0,0,0,0,0,0,0,0,0,-10000,0,0,0,0,10000,-10000,-10000
064208,智邦凱基02購01  ,0,0,0,0,0,0,0,0,0,-10000,0,0,0,0,10000,-10000,-10000
064233,燿華統一9C購02  ,0,0,0,0,0,0,0,0,0,-10000,0,0,0,0,10000,-10000,-10000
06832P,玉晶光凱基98售03,0,0,0,0,0,0,0,0,0,-10000,0,0,0,0,10000,-10000,-10000
06841P,臺股指統一9A售02,0,0,0,0,0,0,0,0,0,-10000,0,0,0,0,10000,-10000,-10000
06660P,大立光富邦9B售03,0,0,0,0,0,0,0,0,0,-10000,0,0,0,0,10000,-10000,-10000
06661P,玉晶光永豐98售05,0,0,0,0,0,0,0,0,0,-10000,0,0,0,14000,24000,-10000,-10000
06635P,聯發科凱基98售15,0,0,0,0,0,0,0,0,0,-10000,0,0,0,0,10000,-10000,-10000
06955P,臻鼎元富99售01  ,0,0,0,0,0,0,0,0,0,-10000,0,0,0,0,10000,-10000,-10000
06887P,華新科元大98售04,0,0,0,0,0,0,0,0,0,-10000,0,0,0,0,10000,-10000,-10000
06907P,華新科國泰99售05,0,0,0,0,0,0,0,0,0,-10000,0,0,0,0,10000,-10000,-10000
07080P,健策群益9A售01  ,0,0,0,0,0,0,0,0,0,-10000,0,0,0,40000,50000,-10000,-10000
07059P,華通國票9A售02  ,0,0,0,0,0,0,0,0,0,-10000,0,0,0,10000,20000,-10000,-10000
07019P,鴻海台新99售01  ,0,0,0,0,0,0,0,0,0,-10000,0,0,0,0,10000,-10000,-10000
063447,聯發科統一9B購12,0,0,0,0,0,0,0,0,0,-10000,0,0,0,40000,50000,-10000,-10000
063598,國巨凱基9B購14  ,0,0,0,0,0,0,0,0,0,-10000,0,0,0,8000,18000,-10000,-10000
063685,鴻海永豐9B購03  ,0,0,0,0,0,0,0,0,0,-10000,0,0,0,0,10000,-10000,-10000
063668,奇力新統一01購03,0,0,0,0,0,0,0,0,0,-10000,0,0,0,25000,35000,-10000,-10000
063901,緯穎群益9C購01  ,0,0,0,0,0,0,0,0,0,-10000,0,0,0,0,10000,-10000,-10000
063950,信邦元大9C購01  ,0,0,0,0,0,0,0,0,0,-10000,0,0,0,0,10000,-10000,-10000
063968,新光金國票01購01,0,0,0,0,0,0,0,0,0,-10000,0,0,0,192000,202000,-10000,-10000
063792,香港反凱基9C購01,0,0,0,0,0,0,0,0,0,-10000,0,0,0,0,10000,-10000,-10000
063794,亞德客凱基9C購01,0,0,0,0,0,0,0,0,0,-10000,0,0,0,0,10000,-10000,-10000
063796,鴻海凱基9C購02  ,0,0,0,0,0,0,0,0,0,-10000,0,0,0,0,10000,-10000,-10000
058501,S&P正2元大99購01,0,0,0,0,0,0,0,0,0,-10000,0,0,0,10000,20000,-10000,-10000
058193,緯穎永豐99購01  ,0,0,0,0,0,0,0,0,0,-10000,0,0,0,0,10000,-10000,-10000
056087,世芯統一97購01  ,0,0,0,0,0,0,0,0,0,-10000,0,0,0,0,10000,-10000,-10000
056093,大毅元富97購01  ,0,0,0,0,0,0,0,0,0,-10000,0,0,0,0,10000,-10000,-10000
054750,聯茂凱基98購02  ,0,0,0,0,0,0,0,0,0,-10000,0,0,0,0,10000,-10000,-10000
056137,聯鈞元大9A購01  ,0,0,0,0,0,0,0,0,0,-10000,0,0,0,0,10000,-10000,-10000
055034,建準富邦99購01  ,0,0,0,0,0,0,0,0,0,-10000,0,0,0,0,10000,-10000,-10000
055036,中工富邦9B購01  ,0,0,0,0,0,0,0,0,0,-10000,0,0,0,60000,70000,-10000,-10000
055024,興勤國泰98購01  ,0,0,0,0,0,0,0,0,0,-10000,0,0,0,0,10000,-10000,-10000
05461P,台積電亞東97售01,0,0,0,0,0,0,0,0,0,-10000,0,0,0,1668000,1678000,-10000,-10000
054480,和碩中信98購01  ,0,0,0,0,0,0,0,0,0,-10000,0,0,0,0,10000,-10000,-10000
054523,GIS元大96購05   ,0,0,0,0,0,0,0,0,0,-10000,0,0,0,40000,50000,-10000,-10000
056470,旺宏元大99購01  ,0,0,0,0,0,0,0,0,0,-10000,0,0,0,0,10000,-10000,-10000
056291,聯茂永豐97購03  ,0,0,0,0,0,0,0,0,0,-10000,0,0,0,0,10000,-10000,-10000
055909,大成鋼凱基98購02,0,0,0,0,0,0,0,0,0,-10000,0,0,0,0,10000,-10000,-10000
056318,鴻海群益98購02  ,0,0,0,0,0,0,0,0,0,-10000,0,0,0,0,10000,-10000,-10000
055334,禾伸堂兆豐97購01,0,0,0,0,0,0,0,0,0,-10000,0,0,0,60000,70000,-10000,-10000
055339,緯穎兆豐98購01  ,0,0,0,0,0,0,0,0,0,-10000,0,0,0,0,10000,-10000,-10000
055294,智易元大98購01  ,0,0,0,0,0,0,0,0,0,-10000,0,0,0,0,10000,-10000,-10000
054806,台化元大9A購01  ,0,0,0,0,0,0,0,0,0,-10000,0,0,0,0,10000,-10000,-10000
055387,世紀鋼元大97購01,0,0,0,0,0,0,0,0,0,-10000,0,0,0,5000,15000,-10000,-10000
055731,美律元富97購01  ,0,0,0,0,0,0,0,0,0,-10000,0,0,0,0,10000,-10000,-10000
056788,日月光群益98購01,0,0,0,0,0,0,0,0,0,-10000,0,0,0,20000,30000,-10000,-10000
055124,建準兆豐97購01  ,0,0,0,0,0,0,0,0,0,-10000,0,0,0,0,10000,-10000,-10000
055127,台虹兆豐97購01  ,0,0,0,0,0,0,0,0,0,-10000,0,0,0,0,10000,-10000,-10000
055118,嘉聯益凱基98購02,0,0,0,0,0,0,0,0,0,-10000,0,0,0,0,10000,-10000,-10000
055142,健策永豐98購01  ,0,0,0,0,0,0,0,0,0,-10000,0,0,0,0,10000,-10000,-10000
055087,瑞昱亞東97購01  ,0,0,0,0,0,0,0,0,0,-10000,0,0,0,0,10000,-10000,-10000
055214,聯電凱基97購02  ,0,0,0,0,0,0,0,0,0,-10000,0,0,0,12000,22000,-10000,-10000
055167,友訊統一97購01  ,0,0,0,0,0,0,0,0,0,-10000,0,0,0,0,10000,-10000,-10000
053661,嘉澤凱基97購01  ,0,0,0,0,0,0,0,0,0,-10000,0,0,0,0,10000,-10000,-10000
053705,滬深2X凱基99購01,0,0,0,0,0,0,0,0,0,-10000,0,0,0,0,10000,-10000,-10000
053761,健策國泰98購01  ,0,0,0,0,0,0,0,0,0,-10000,0,0,0,0,10000,-10000,-10000
053749,揚明光永豐97購01,0,0,0,0,0,0,0,0,0,-10000,0,0,0,0,10000,-10000,-10000
053750,致伸永豐96購02  ,0,0,0,0,0,0,0,0,0,-10000,0,0,0,0,10000,-10000,-10000
053405,台達電兆豐96購01,0,0,0,0,0,0,0,0,0,-10000,0,0,0,0,10000,-10000,-10000
053501,明泰兆豐96購01  ,0,0,0,0,0,0,0,0,0,-10000,0,0,0,20000,30000,-10000,-10000
053503,臻鼎兆豐97購01  ,0,0,0,0,0,0,0,0,0,-10000,0,0,0,0,10000,-10000,-10000
052614,聯電國泰97購01  ,0,0,0,0,0,0,0,0,0,-10000,0,0,0,0,10000,-10000,-10000
05431P,台光電統一97售01,0,10000,-10000,0,0,0,0,0,0,0,0,0,0,0,0,0,-10000
053230,達方台新97購01  ,0,0,0,0,0,0,0,0,0,-10000,0,0,0,0,10000,-10000,-10000
055551,致茂凱基98購01  ,0,0,0,0,0,0,0,0,0,-10000,0,0,0,0,10000,-10000,-10000
056606,華新科富邦9A購02,0,0,0,0,0,0,0,0,0,-10000,0,0,0,0,10000,-10000,-10000
056764,友達元大9A購03  ,0,0,0,0,0,0,0,0,0,-10000,0,0,0,0,10000,-10000,-10000
055631,創意永豐98購01  ,0,0,0,0,0,0,0,0,0,-10000,0,0,0,58000,68000,-10000,-10000
055637,亞德客元富97購01,0,0,0,0,0,0,0,0,0,-10000,0,0,0,0,10000,-10000,-10000
056651,聯茂凱基98購04  ,0,0,0,0,0,0,0,0,0,-10000,0,0,0,0,10000,-10000,-10000
051511,鈺齊中信97購01  ,0,0,0,0,0,0,0,0,0,-10000,0,0,0,0,10000,-10000,-10000
051485,玉晶光凱基97購02,0,0,0,0,0,0,0,0,0,-10000,0,0,0,58000,68000,-10000,-10000
051597,T50反1中信99購02,0,0,0,0,0,0,0,0,0,-10000,0,0,0,0,10000,-10000,-10000
051688,大立光凱基97購02,0,0,0,0,0,0,0,0,0,-10000,0,0,0,0,10000,-10000,-10000
054142,致伸元大97購01  ,0,0,0,0,0,0,0,0,0,-10000,0,0,0,0,10000,-10000,-10000
054266,緯穎元大96購07  ,0,0,0,0,0,0,0,0,0,-10000,0,0,0,0,10000,-10000,-10000
05207P,高股息中信97售03,0,0,0,0,0,0,0,0,0,-10000,0,0,0,0,10000,-10000,-10000
052331,漢唐亞東97購01  ,0,0,0,0,0,0,0,0,0,-10000,0,0,0,0,10000,-10000,-10000
05242P,群創國泰97售01  ,0,0,0,0,0,0,0,0,0,-10000,0,0,0,0,10000,-10000,-10000
049893,日月光富邦98購01,0,0,0,0,0,0,0,0,0,-10000,0,0,0,0,10000,-10000,-10000
049406,T50反1日盛97購01,0,0,0,0,0,0,0,0,0,-10000,0,0,0,0,10000,-10000,-10000
050227,大立光中信96購01,0,0,0,0,0,0,0,0,0,-10000,0,0,0,0,10000,-10000,-10000
046906,新光金凱基99購02,0,0,0,0,0,0,0,0,0,-10000,0,0,0,90000,100000,-10000,-10000
060469,台勝科元大9A購02,0,0,0,0,0,0,0,0,0,-10000,0,0,0,86000,96000,-10000,-10000
060574,高股息中信9C購01,0,0,0,0,0,0,0,0,0,-10000,0,0,0,0,10000,-10000,-10000
060577,玉晶光中信9A購02,0,0,0,0,0,0,0,0,0,-10000,0,0,0,5000,15000,-10000,-10000
060585,玉晶光元富9A購02,0,0,0,0,0,0,0,0,0,-10000,0,0,0,6000,16000,-10000,-10000
060336,南電康和9A購01  ,0,0,0,0,0,0,0,0,0,-10000,0,0,0,11000,21000,-10000,-10000
060198,祥碩元富9A購02  ,0,0,0,0,0,0,0,0,0,-10000,0,0,0,0,10000,-10000,-10000
060071,國巨元富99購03  ,0,0,0,0,0,0,0,0,0,-10000,0,0,0,0,10000,-10000,-10000
060034,立積永豐99購04  ,0,0,0,0,0,0,0,0,0,-10000,0,0,0,85000,95000,-10000,-10000
060055,宏達電凱基99購06,0,0,0,0,0,0,0,0,0,-10000,0,0,0,7000,17000,-10000,-10000
059974,臺指反元大9C購05,0,0,0,0,0,0,0,0,0,-10000,0,0,0,0,10000,-10000,-10000
057201,華擎元富98購01  ,0,0,0,0,0,0,0,0,0,-10000,0,0,0,0,10000,-10000,-10000
058028,國巨富邦99購04  ,0,0,0,0,0,0,0,0,0,-10000,0,0,0,0,10000,-10000,-10000
058686,祥碩凱基99購03  ,0,0,0,0,0,0,0,0,0,-10000,0,0,0,15000,25000,-10000,-10000
058657,大立光中信99購01,0,0,0,0,0,0,0,0,0,-10000,0,0,0,0,10000,-10000,-10000
057619,玉晶光凱基98購02,0,0,0,0,0,0,0,0,0,-10000,0,0,0,0,10000,-10000,-10000
057273,智邦元大98購05  ,0,0,0,0,0,0,0,0,0,-10000,0,0,0,2000,12000,-10000,-10000
059672,滬深2X元富99購06,0,0,0,0,0,0,0,0,0,-10000,0,0,0,0,10000,-10000,-10000
059871,義隆凱基99購03  ,0,0,0,0,0,0,0,0,0,-10000,0,0,0,10000,20000,-10000,-10000
059912,國巨元大99購28  ,0,0,0,0,0,0,0,0,0,-10000,0,0,0,0,10000,-10000,-10000
059067,上銀國票9A購02  ,0,0,0,0,0,0,0,0,0,-10000,0,0,0,0,10000,-10000,-10000
058568,宏達電凱基9A購02,0,0,0,0,0,0,0,0,0,-10000,0,0,0,0,10000,-10000,-10000
059246,奇力新凱基9A購02,0,0,0,0,0,0,0,0,0,-10000,0,0,0,0,10000,-10000,-10000
058119,華新亞東99購01  ,0,0,0,0,0,0,0,0,0,-10000,0,0,0,0,10000,-10000,-10000
058128,FBVIX元大9C購02 ,0,0,0,0,0,0,0,0,0,-10000,0,0,0,0,10000,-10000,-10000
058399,美律元大99購05  ,0,0,0,0,0,0,0,0,0,-10000,0,0,0,158000,168000,-10000,-10000
058370,聯詠凱基99購01  ,0,0,0,0,0,0,0,0,0,-10000,0,0,0,10000,20000,-10000,-10000
057062,立積國泰99購01  ,0,0,0,0,0,0,0,0,0,-10000,0,0,0,50000,60000,-10000,-10000
057064,華新科富邦9B購01,0,0,0,0,0,0,0,0,0,-10000,0,0,0,0,10000,-10000,-10000
057034,道瓊反元大9B購01,0,0,0,0,0,0,0,0,0,-10000,0,0,0,0,10000,-10000,-10000
057006,國巨中信98購03  ,0,0,0,0,0,0,0,0,0,-10000,0,0,0,0,10000,-10000,-10000
056936,禾伸堂元富98購01,0,0,0,0,0,0,0,0,0,-10000,0,0,0,0,10000,-10000,-10000
057083,立積統一98購01  ,0,0,0,0,0,0,0,0,0,-10000,0,0,0,0,10000,-10000,-10000
057068,國巨永豐98購06  ,0,0,0,0,0,0,0,0,0,-10000,0,0,0,0,10000,-10000,-10000
059340,鴻海凱基9A購12  ,0,0,0,0,0,0,0,0,0,-10000,0,0,0,0,10000,-10000,-10000
059429,台積電元大99購35,0,0,0,0,0,0,0,0,0,-10000,0,0,0,0,10000,-10000,-10000
059387,華通凱基9A購03  ,0,0,0,0,0,0,0,0,0,-10000,0,0,0,0,10000,-10000,-10000
059473,T50反1群益99購03,0,0,0,0,0,0,0,0,0,-10000,0,0,0,0,10000,-10000,-10000
059502,台灣50台新9B購04,0,0,0,0,0,0,0,0,0,-10000,0,0,0,0,10000,-10000,-10000
059159,上銀凱基99購05  ,0,0,0,0,0,0,0,0,0,-10000,0,0,0,0,10000,-10000,-10000
057157,群創富邦98購02  ,0,0,0,0,0,0,0,0,0,-10000,0,0,0,0,10000,-10000,-10000
059169,可成凱基99購04  ,0,0,0,0,0,0,0,0,0,-10000,0,0,0,0,10000,-10000,-10000
057346,鴻海統一98購13  ,0,0,0,0,0,0,0,0,0,-10000,0,0,0,0,10000,-10000,-10000
057566,欣興富邦99購01  ,0,0,0,0,0,0,0,0,0,-10000,0,0,0,0,10000,-10000,-10000
057540,緯穎日盛99購01  ,0,0,0,0,0,0,0,0,0,-10000,0,0,0,0,10000,-10000,-10000
057557,聯茂凱基99購04  ,0,0,0,0,0,0,0,0,0,-10000,0,0,0,0,10000,-10000,-10000
057500,神達群益98購01  ,0,0,0,0,0,0,0,0,0,-10000,0,0,0,0,10000,-10000,-10000
057478,智邦元大99購01  ,0,0,0,0,0,0,0,0,0,-10000,0,0,0,0,10000,-10000,-10000
057464,大立光永豐98購02,0,0,0,0,0,0,0,0,0,-10000,0,0,0,0,10000,-10000,-10000
057448,致茂元富98購01  ,0,0,0,0,0,0,0,0,0,-10000,0,0,0,0,10000,-10000,-10000
057422,欣興凱基98購04  ,0,0,0,0,0,0,0,0,0,-10000,0,0,0,0,10000,-10000,-10000
061995,超眾元大01購01  ,0,0,0,0,0,0,0,0,0,-10000,0,0,0,50000,60000,-10000,-10000
06209P,旺宏統一97售07  ,0,0,0,0,0,0,0,0,0,-10000,0,0,0,0,10000,-10000,-10000
061841,晶技凱基9C購01  ,0,0,0,0,0,0,0,0,0,-10000,0,0,0,0,10000,-10000,-10000
06195P,台積電元富97售06,0,0,0,0,0,0,0,0,0,-10000,0,0,0,0,10000,-10000,-10000
061715,牧德凱基9B購03  ,0,0,0,0,0,0,0,0,0,-10000,0,0,0,0,10000,-10000,-10000
060838,華通國票9A購05  ,0,0,0,0,0,0,0,0,0,-10000,0,0,0,0,10000,-10000,-10000
060881,玉山金中信02購01,0,0,0,0,0,0,0,0,0,-10000,0,0,0,0,10000,-10000,-10000
060895,華新科凱基9B購05,0,0,0,0,0,0,0,0,0,-10000,0,0,0,0,10000,-10000,-10000
060743,鴻海國票9A購03  ,0,0,0,0,0,0,0,0,0,-10000,0,0,0,8000,18000,-10000,-10000
060801,滬深2X中信01購01,0,0,0,0,0,0,0,0,0,-10000,0,0,0,0,10000,-10000,-10000
061042,致新永豐9A購02  ,0,0,0,0,0,0,0,0,0,-10000,0,0,0,0,10000,-10000,-10000
061105,宏達電元大9A購04,0,0,0,0,0,0,0,0,0,-10000,0,0,0,170000,180000,-10000,-10000
061439,寶成凱基9A購01  ,0,0,0,0,0,0,0,0,0,-10000,0,0,0,50000,60000,-10000,-10000
061348,聯鈞元大9A購05  ,0,0,0,0,0,0,0,0,0,-10000,0,0,0,158000,168000,-10000,-10000
061207,美律元大9A購04  ,0,0,0,0,0,0,0,0,0,-10000,0,0,0,50000,60000,-10000,-10000
061230,臺指反元大01購04,0,0,0,0,0,0,0,0,0,-10000,0,0,0,0,10000,-10000,-10000
061118,GIS富邦9A購01   ,0,0,0,0,0,0,0,0,0,-10000,0,0,0,0,10000,-10000,-10000
061174,鴻海凱基9A購23  ,0,0,0,0,0,0,0,0,0,-10000,0,0,0,2000,12000,-10000,-10000
063306,聯茂凱基9C購01  ,0,0,0,0,0,0,0,0,0,-10000,0,0,0,30000,40000,-10000,-10000
063300,華通凱基9B購05  ,0,0,0,0,0,0,0,0,0,-10000,0,0,0,16000,26000,-10000,-10000
062900,台積電元大9B購04,0,0,0,0,0,0,0,0,0,-10000,0,0,0,1000,11000,-10000,-10000
062936,鴻海凱基9B購07  ,0,0,0,0,0,0,0,0,0,-10000,0,0,0,0,10000,-10000,-10000
063000,緯穎國票9B購03  ,0,0,0,0,0,0,0,0,0,-10000,0,0,0,0,10000,-10000,-10000
063031,鴻海凱基9C購01  ,0,0,0,0,0,0,0,0,0,-10000,0,0,0,3000,13000,-10000,-10000
062791,臺股指元大9B購34,0,0,0,0,0,0,0,0,0,-10000,0,0,0,0,10000,-10000,-10000
062649,緯穎富邦9B購03  ,0,0,0,0,0,0,0,0,0,-10000,0,0,0,51000,61000,-10000,-10000
06264P,友達凱基98售06  ,0,0,0,0,0,0,0,0,0,-10000,0,0,0,0,10000,-10000,-10000
062535,台積電麥證02購01,0,0,0,0,10000,-10000,0,0,0,-10000,0,0,0,0,10000,-10000,-10000
062484,臺股指國票9B購10,0,0,0,0,0,0,0,0,0,-10000,0,0,0,0,10000,-10000,-10000
062613,臺指反元大02購10,0,0,0,0,0,0,0,0,0,-10000,0,0,0,0,10000,-10000,-10000
062574,美食群益9B購02  ,0,0,0,0,0,0,0,0,0,-10000,0,0,0,29000,39000,-10000,-10000
06236P,台積電元大97售25,0,0,0,0,0,0,0,0,0,-10000,0,0,0,0,10000,-10000,-10000
062357,國巨元大9B購11  ,0,0,0,0,0,0,0,0,0,-10000,0,0,0,0,10000,-10000,-10000
062358,國巨元大9B購12  ,0,0,0,0,0,0,0,0,0,-10000,0,0,0,0,10000,-10000,-10000
062436,國巨元大9B購14  ,0,0,0,0,0,0,0,0,0,-10000,0,0,0,0,10000,-10000,-10000
062425,可成統一01購01  ,0,0,0,0,0,0,0,0,0,-10000,0,0,0,0,10000,-10000,-10000
062256,聯發科元大9B購08,0,0,0,0,0,0,0,0,0,-10000,0,0,0,0,10000,-10000,-10000
062152,國巨麥證9C購01  ,0,0,0,0,10000,-10000,0,0,0,-10000,0,0,0,0,10000,-10000,-10000
062195,聚陽中信9C購01  ,0,0,0,0,0,0,0,0,0,-10000,0,0,0,302000,312000,-10000,-10000
4994,傳奇            ,36000,45000,-9000,0,0,0,0,0,0,-1000,1000,2000,-1000,0,0,0,-10000
2887F,台新戊特二      ,0,0,0,0,0,0,0,0,0,-10000,0,10000,-10000,0,0,0,-10000
06342P,世芯統一98售01  ,0,0,0,0,0,0,0,0,0,-11000,0,0,0,0,11000,-11000,-11000
063458,正隆元大9B購01  ,0,0,0,0,0,0,0,0,0,-11000,0,0,0,64000,75000,-11000,-11000
06671P,台積電群益98售04,0,0,0,0,0,0,0,0,0,-11000,0,0,0,0,11000,-11000,-11000
06716P,台積電元大9A售02,0,0,0,0,0,0,0,0,0,-11000,0,0,0,0,11000,-11000,-11000
06837P,上銀統一9A售02  ,0,0,0,0,0,0,0,0,0,-11000,0,0,0,0,11000,-11000,-11000
06846P,美律元大98售05  ,0,0,0,0,0,0,0,0,0,-11000,0,0,0,0,11000,-11000,-11000
06811P,聯發科統一98售06,0,0,0,0,0,0,0,0,0,-11000,0,0,0,9000,20000,-11000,-11000
064150,全新統一01購03  ,0,0,0,0,0,0,0,0,0,-11000,0,0,0,9000,20000,-11000,-11000
064171,燿華元富9C購01  ,0,0,0,0,0,0,0,0,0,-11000,0,0,0,0,11000,-11000,-11000
064249,聯發科元富06購01,0,0,0,0,0,0,0,0,0,-11000,0,0,0,0,11000,-11000,-11000
08188P,群創群益9B售04  ,0,0,0,0,0,0,0,0,0,-11000,0,0,0,0,11000,-11000,-11000
2388,威盛            ,95000,106000,-11000,0,0,0,0,0,0,0,0,0,0,0,0,0,-11000
07641P,上銀凱基9A售05  ,0,0,0,0,0,0,0,0,0,-11000,0,0,0,0,11000,-11000,-11000
07301P,臺股指元大9A售34,0,0,0,0,0,0,0,0,0,-11000,0,0,0,0,11000,-11000,-11000
07333P,台灣50國票9B售03,0,0,0,0,0,0,0,0,0,-11000,0,0,0,0,11000,-11000,-11000
08042P,臺股指群益9B售15,0,0,0,0,0,0,0,0,0,-11000,0,0,0,0,11000,-11000,-11000
07845P,南亞科元大9A售08,0,0,0,0,0,0,0,0,0,-11000,0,0,0,38000,49000,-11000,-11000
053970,聯發科元大97購08,0,0,0,0,0,0,0,0,0,-11000,0,0,0,11000,22000,-11000,-11000
052420,道瓊反國票9B購01,0,0,0,0,0,0,0,0,0,-11000,0,0,0,0,11000,-11000,-11000
00700,富邦恒生國企    ,0,0,0,0,0,0,0,0,0,-11000,0,0,0,104000,115000,-11000,-11000
052890,FB上証群益9B購01,0,0,0,0,0,0,0,0,0,-11000,0,0,0,24000,35000,-11000,-11000
05348P,美律元富98售01  ,0,0,0,0,0,0,0,0,0,-11000,0,0,0,20000,31000,-11000,-11000
053630,奇鋐兆豐97購01  ,0,0,0,0,0,0,0,0,0,-11000,0,0,0,0,11000,-11000,-11000
055400,緯穎統一97購01  ,0,0,0,0,0,0,0,0,0,-11000,0,0,0,4000,15000,-11000,-11000
056300,聯發科元大97購23,0,0,0,0,0,0,0,0,0,-11000,0,0,0,4000,15000,-11000,-11000
056401,國巨群益98購07  ,0,0,0,0,0,0,0,0,0,-11000,0,0,0,0,11000,-11000,-11000
055910,瑞昱凱基98購01  ,0,0,0,0,0,0,0,0,0,-11000,0,0,0,5000,16000,-11000,-11000
056207,茂林永豐97購03  ,0,0,0,0,0,0,0,0,0,-11000,0,0,0,0,11000,-11000,-11000
054527,國巨統一97購03  ,0,0,0,0,0,0,0,0,0,-11000,0,0,0,154000,165000,-11000,-11000
056264,聯發科統一98購02,0,0,0,0,0,0,0,0,0,-11000,0,0,0,0,11000,-11000,-11000
054554,大立光凱基98購02,0,0,0,0,0,0,0,0,0,-11000,0,0,0,20000,31000,-11000,-11000
058253,臺股指元大9A購17,0,0,0,0,0,0,0,0,0,-11000,0,0,0,0,11000,-11000,-11000
057150,貿聯國票99購02  ,0,0,0,0,0,0,0,0,0,-11000,0,0,0,16000,27000,-11000,-11000
05712P,友達統一97售03  ,0,0,0,0,0,0,0,0,0,-11000,0,0,0,74000,85000,-11000,-11000
059424,SGBR2X元大9A購01,0,0,0,0,0,0,0,0,0,-11000,0,0,0,414000,425000,-11000,-11000
059334,A50正2國票9A購02,0,0,0,0,0,0,0,0,0,-11000,0,0,0,10000,21000,-11000,-11000
059369,滬深2X元富9C購01,0,0,0,0,0,0,0,0,0,-11000,0,0,0,2000,13000,-11000,-11000
058356,華邦電凱基99購01,0,0,0,0,0,0,0,0,0,-11000,0,0,0,109000,120000,-11000,-11000
058403,玉晶光元大99購12,0,0,0,0,0,0,0,0,0,-11000,0,0,0,41000,52000,-11000,-11000
057944,新日興國票99購02,0,0,0,0,0,0,0,0,0,-11000,0,0,0,0,11000,-11000,-11000
060295,貿聯元大9A購03  ,0,0,0,0,0,0,0,0,0,-11000,0,0,0,19000,30000,-11000,-11000
060649,國巨第一9A購01  ,0,0,0,0,0,0,0,0,0,-11000,0,0,0,0,11000,-11000,-11000
060526,台積電中信9A購02,0,0,0,0,0,0,0,0,0,-11000,0,0,0,0,11000,-11000,-11000
062435,國巨元大9B購13  ,0,0,0,0,0,0,0,0,0,-11000,0,0,0,39000,50000,-11000,-11000
062567,祥碩中信9C購01  ,0,0,0,0,0,0,0,0,0,-11000,0,0,0,20000,31000,-11000,-11000
062706,大立光元大9B購06,0,0,0,0,0,0,0,0,0,-11000,0,0,0,4000,15000,-11000,-11000
063090,道瓊反中信9C購02,0,0,0,0,0,0,0,0,0,-11000,0,0,0,0,11000,-11000,-11000
063404,金像電國票9B購01,0,0,0,0,0,0,0,0,0,-11000,0,0,0,11000,22000,-11000,-11000
061088,國巨統一9C購05  ,0,0,0,0,0,0,0,0,0,-11000,0,0,0,0,11000,-11000,-11000
061078,台積電兆豐9A購01,0,0,0,0,0,0,0,0,0,-11000,0,0,0,4000,15000,-11000,-11000
061763,聯電元大9C購02  ,0,0,0,0,0,0,0,0,0,-11000,0,0,0,200000,211000,-11000,-11000
5203,訊連            ,41000,52000,-11000,0,0,0,0,0,0,0,0,0,0,0,0,0,-11000
911868,同方友友-DR     ,0,11000,-11000,0,0,0,0,0,0,0,0,0,0,0,0,0,-11000
8341,日友            ,103037,115000,-11963,0,0,0,0,0,0,0,0,0,0,0,0,0,-11963
08045P,健策國票9B售01  ,0,0,0,0,0,0,0,0,0,-12000,0,0,0,3000,15000,-12000,-12000
07395P,台積電群益99售13,0,0,0,0,0,0,0,0,0,-12000,0,0,0,0,12000,-12000,-12000
1506,正道            ,25000,37000,-12000,0,0,0,0,0,0,0,0,0,0,0,0,0,-12000
06599P,宏達電永豐98售02,0,0,0,0,0,0,0,0,0,-12000,0,0,0,0,12000,-12000,-12000
064161,世芯統一01購02  ,0,0,0,0,0,0,0,0,0,-12000,0,0,0,0,12000,-12000,-12000
06828P,臺股指國票98售04,0,0,0,0,0,0,0,0,0,-12000,0,0,0,0,12000,-12000,-12000
06797P,臺股指凱基98售07,0,0,0,0,0,0,0,0,0,-12000,0,0,0,0,12000,-12000,-12000
07050P,宏達電中信9B售01,0,0,0,0,0,0,0,0,0,-12000,0,0,0,0,12000,-12000,-12000
058247,聯茂元大99購04  ,0,0,0,0,0,0,0,0,0,-12000,0,0,0,138000,150000,-12000,-12000
05478P,智伸科國票96售02,0,0,0,0,0,0,0,0,0,-12000,0,0,0,50000,62000,-12000,-12000
056106,晶相光永豐97購02,0,0,0,0,0,0,0,0,0,-12000,0,0,0,0,12000,-12000,-12000
056126,台郡國票98購02  ,0,0,0,0,0,0,0,0,0,-12000,0,0,0,11000,23000,-12000,-12000
056458,日月光凱基98購02,0,0,0,0,0,0,0,0,0,-12000,0,0,0,48000,60000,-12000,-12000
056281,深中小永豐97購01,0,0,0,0,0,0,0,0,0,-12000,0,0,0,51000,63000,-12000,-12000
056347,GIS凱基9A購01   ,0,0,0,0,0,0,0,0,0,-12000,0,0,0,1000,13000,-12000,-12000
055119,力成凱基98購01  ,0,0,0,0,0,0,0,0,0,-12000,0,0,0,90000,102000,-12000,-12000
055817,京鼎國票99購01  ,0,0,0,0,0,0,0,0,0,-12000,0,0,0,31000,43000,-12000,-12000
054090,瑞昱群益97購01  ,0,0,0,0,0,0,0,0,0,-12000,0,0,0,30000,42000,-12000,-12000
046159,群創群益98購04  ,0,0,0,0,0,0,0,0,0,-12000,0,0,0,0,12000,-12000,-12000
060591,富邦金台新9A購01,0,0,0,0,0,0,0,0,0,-12000,0,0,0,0,12000,-12000,-12000
060280,元金2X元大9A購01,0,0,0,0,0,0,0,0,0,-12000,0,0,0,0,12000,-12000,-12000
060203,緯穎元富9A購01  ,0,0,0,0,0,0,0,0,0,-12000,0,0,0,46000,58000,-12000,-12000
058010,帆宣國票98購01  ,0,0,0,0,0,0,0,0,0,-12000,0,0,0,39000,51000,-12000,-12000
059797,大立光國票99購01,0,0,0,0,0,0,0,0,0,-12000,0,0,0,2000,14000,-12000,-12000
059646,聯茂凱基99購06  ,0,0,0,0,0,0,0,0,0,-12000,0,0,0,10000,22000,-12000,-12000
058090,聯發科元大98購16,0,0,0,0,0,0,0,0,0,-12000,0,0,0,0,12000,-12000,-12000
058923,華新科元富99購06,0,0,0,0,0,0,0,0,0,-12000,0,0,0,0,12000,-12000,-12000
058574,台積電群益99購03,0,0,0,0,0,0,0,0,0,-12000,0,0,0,13000,25000,-12000,-12000
059251,大立光凱基9A購04,0,0,0,0,0,0,0,0,0,-12000,0,0,0,0,12000,-12000,-12000
057925,貿聯凱基99購01  ,0,0,0,0,0,0,0,0,0,-12000,0,0,0,8000,20000,-12000,-12000
057128,台光電凱基98購03,0,0,0,0,0,0,0,0,0,-12000,0,0,0,0,12000,-12000,-12000
057549,台光電凱基98購05,0,0,0,0,0,0,0,0,0,-12000,0,0,0,0,12000,-12000,-12000
061728,華新科麥證9A購02,0,0,0,0,12000,-12000,0,0,0,-12000,0,0,0,0,12000,-12000,-12000
061476,大毅元大9A購02  ,0,0,0,0,0,0,0,0,0,-12000,0,0,0,26000,38000,-12000,-12000
061916,元金2X凱基02購01,0,0,0,0,0,0,0,0,0,-12000,0,0,0,0,12000,-12000,-12000
060929,健策永豐9A購01  ,0,0,0,0,0,0,0,0,0,-12000,0,0,0,13000,25000,-12000,-12000
06116P,臺股指日盛97售01,0,0,0,0,0,0,0,0,0,-12000,0,0,0,0,12000,-12000,-12000
061292,玉晶光統一01購06,0,0,0,0,0,0,0,0,0,-12000,0,0,0,0,12000,-12000,-12000
061362,台塑國票9B購01  ,0,0,0,0,0,0,0,0,0,-12000,0,0,0,50000,62000,-12000,-12000
06242P,大立光元富9A售02,0,0,0,0,0,0,0,0,0,-12000,0,0,0,11000,23000,-12000,-12000
062413,台光電中信9B購02,0,0,0,0,0,0,0,0,0,-12000,0,0,0,51000,63000,-12000,-12000
2882A,國泰特          ,7000,0,7000,0,0,0,0,0,0,-19000,3000,7000,-4000,0,15000,-15000,-12000
06864P,健策凱基98售01  ,0,0,0,0,0,0,0,0,0,-13000,0,0,0,50000,63000,-13000,-13000
06803P,臺股指群益98售09,0,0,0,0,0,0,0,0,0,-13000,0,0,0,7000,20000,-13000,-13000
06698P,玉晶光國票99售05,0,0,0,0,0,0,0,0,0,-13000,0,0,0,19000,32000,-13000,-13000
064074,南茂永豐9C購01  ,0,0,0,0,0,0,0,0,0,-13000,0,0,0,3000,16000,-13000,-13000
064113,新日興國票01購01,0,0,0,0,0,0,0,0,0,-13000,0,0,0,0,13000,-13000,-13000
063462,金像電元大9C購01,0,0,0,0,0,0,0,0,0,-13000,0,0,0,10000,23000,-13000,-13000
063719,T50反1元大9B購11,0,0,0,0,0,0,0,0,0,-13000,0,0,0,60000,73000,-13000,-13000
00688L,國泰20年美債正2 ,0,2000,-2000,0,0,0,0,0,0,-11000,0,0,0,102000,113000,-11000,-13000
006208,富邦台50        ,3000,1000,2000,0,0,0,0,0,0,-15000,0,0,0,1047000,1062000,-15000,-13000
055690,矽力凱基97購02  ,0,0,0,0,0,0,0,0,0,-13000,0,0,0,42000,55000,-13000,-13000
055257,景碩統一97購01  ,0,0,0,0,0,0,0,0,0,-13000,0,0,0,134000,147000,-13000,-13000
056374,聯發科統一9B購01,0,0,0,0,0,0,0,0,0,-13000,0,0,0,0,13000,-13000,-13000
056289,合勤控永豐97購01,0,0,0,0,0,0,0,0,0,-13000,0,0,0,0,13000,-13000,-13000
055859,啟碁元大97購03  ,0,0,0,0,0,0,0,0,0,-13000,0,0,0,55000,68000,-13000,-13000
056076,超眾元大97購05  ,0,0,0,0,0,0,0,0,0,-13000,0,0,0,0,13000,-13000,-13000
058504,台積電元大99購07,0,0,0,0,0,0,0,0,0,-13000,0,0,0,199000,212000,-13000,-13000
058646,聯茂富邦9A購01  ,0,0,0,0,0,0,0,0,0,-13000,0,0,0,0,13000,-13000,-13000
058173,台積電凱基99購04,0,0,0,0,0,0,0,0,0,-13000,0,0,0,11000,24000,-13000,-13000
057492,大立光元大98購18,0,0,0,0,0,0,0,0,0,-13000,0,0,0,37000,50000,-13000,-13000
057162,上銀元大98購03  ,0,0,0,0,0,0,0,0,0,-13000,0,0,0,0,13000,-13000,-13000
058963,華新科兆豐99購05,0,0,0,0,0,0,0,0,0,-13000,0,0,0,0,13000,-13000,-13000
058079,鴻海群益98購08  ,0,0,0,0,0,0,0,0,0,-13000,0,0,0,8000,21000,-13000,-13000
058044,鴻海元大99購07  ,0,0,0,0,0,0,0,0,0,-13000,0,0,0,11000,24000,-13000,-13000
057214,瑞昱群益98購01  ,0,0,0,0,0,0,0,0,0,-13000,0,0,0,2000,15000,-13000,-13000
060322,卜蜂群益9A購01  ,0,0,0,0,0,0,0,0,0,-13000,0,0,0,90000,103000,-13000,-13000
062379,致新元大9B購01  ,0,0,0,0,0,0,0,0,0,-13000,0,0,0,20000,33000,-13000,-13000
062315,健策凱基9C購01  ,0,0,0,0,0,0,0,0,0,-13000,0,0,0,7000,20000,-13000,-13000
063398,信邦群益9B購02  ,0,0,0,0,0,0,0,0,0,-13000,0,0,0,95000,108000,-13000,-13000
063256,鴻海國泰01購02  ,0,0,0,0,0,0,0,0,0,-13000,0,0,0,20000,33000,-13000,-13000
062921,GIS元大9B購01   ,0,0,0,0,0,0,0,0,0,-13000,0,0,0,19000,32000,-13000,-13000
062857,SP黃豆國票9C購01,0,0,0,0,0,0,0,0,0,-13000,0,0,0,0,13000,-13000,-13000
061364,國巨國票9A購09  ,0,0,0,0,0,0,0,0,0,-13000,0,0,0,32000,45000,-13000,-13000
061082,台光電兆豐9A購01,0,0,0,0,0,0,0,0,0,-13000,0,0,0,0,13000,-13000,-13000
061913,宏碁中信9B購01  ,0,0,0,0,0,0,0,0,0,-13000,0,0,0,119000,132000,-13000,-13000
061776,晶技國票9B購01  ,0,0,0,0,0,0,0,0,0,-13000,0,0,0,9000,22000,-13000,-13000
2849,安泰銀          ,23000,36000,-13000,0,0,0,0,0,0,0,0,0,0,0,0,0,-13000
9924,福興            ,53000,66922,-13922,0,0,0,0,0,0,0,0,0,0,0,0,0,-13922
063479,南六元大9B購06  ,0,0,0,0,0,0,0,0,0,-14000,0,0,0,24000,38000,-14000,-14000
063533,緯穎凱基9B購06  ,0,0,0,0,0,0,0,0,0,-14000,0,0,0,6000,20000,-14000,-14000
06394P,台積電元大97售28,0,0,0,0,0,0,0,0,0,-14000,0,0,0,11000,25000,-14000,-14000
06535P,可成群益99售02  ,0,0,0,0,0,0,0,0,0,-14000,0,0,0,88000,102000,-14000,-14000
06471P,臺股指凱基99售11,0,0,0,0,0,0,0,0,0,-14000,0,0,0,11000,25000,-14000,-14000
06983P,台積電國泰9A售02,0,0,0,0,0,0,0,0,0,-14000,0,0,0,42000,56000,-14000,-14000
2415,錩新            ,9000,26000,-17000,0,0,0,0,0,0,3000,3000,0,3000,0,0,0,-14000
07675P,全新永豐9A售02  ,0,0,0,0,0,0,0,0,0,-14000,0,0,0,40000,54000,-14000,-14000
07655P,台灣50凱基01售09,0,0,0,0,0,0,0,0,0,-14000,0,0,0,0,14000,-14000,-14000
07698P,臺股指元大9A售51,0,0,0,0,0,0,0,0,0,-14000,0,0,0,0,14000,-14000,-14000
08128P,聯發科元大9B售22,0,0,0,0,0,0,0,0,0,-14000,0,0,0,8000,22000,-14000,-14000
08078P,聯發科國票9B售04,0,0,0,0,0,0,0,0,0,-14000,0,0,0,0,14000,-14000,-14000
056404,嘉聯益群益9A購01,0,0,0,0,0,0,0,0,0,-14000,0,0,0,124000,138000,-14000,-14000
054923,晶技凱基98購01  ,0,0,0,0,0,0,0,0,0,-14000,0,0,0,0,14000,-14000,-14000
056644,宏達電凱基98購04,0,0,0,0,0,0,0,0,0,-14000,0,0,0,0,14000,-14000,-14000
055522,道瓊反群益01購01,0,0,0,0,0,0,0,0,0,-14000,0,0,0,10000,24000,-14000,-14000
052784,緯穎國票97購02  ,0,0,0,0,0,0,0,0,0,-14000,0,0,0,0,14000,-14000,-14000
00709,富邦歐洲        ,5000,0,5000,0,0,0,0,0,0,-19000,0,0,0,175000,194000,-19000,-14000
03647C,T50反1元富99牛02,0,0,0,0,0,0,0,0,0,-14000,0,0,0,156000,170000,-14000,-14000
060339,國巨統一01購01  ,0,0,0,0,0,0,0,0,0,-14000,0,0,0,10000,24000,-14000,-14000
060247,牧德元大9A購02  ,0,0,0,0,0,0,0,0,0,-14000,0,0,0,15000,29000,-14000,-14000
059848,智邦永豐99購01  ,0,0,0,0,0,0,0,0,0,-14000,0,0,0,35000,49000,-14000,-14000
057719,欣興元富02購01  ,0,0,0,0,0,0,0,0,0,-14000,0,0,0,6000,20000,-14000,-14000
057783,台積電國票9A購01,0,0,0,0,0,0,0,0,0,-14000,0,0,0,2000,16000,-14000,-14000
059032,元石油群益9C購03,0,0,0,0,0,0,0,0,0,-14000,0,0,0,0,14000,-14000,-14000
059311,元石油元大99購04,0,0,0,0,0,0,0,0,0,-14000,0,0,0,6000,20000,-14000,-14000
057842,緯穎富邦99購02  ,0,0,0,0,0,0,0,0,0,-14000,0,0,0,1000,15000,-14000,-14000
059498,滬深2X元富9C購06,0,0,0,0,0,0,0,0,0,-14000,0,0,0,0,14000,-14000,-14000
061684,T50反1群益9A購06,0,0,0,0,0,0,0,0,0,-14000,0,0,0,0,14000,-14000,-14000
062003,國巨國泰01購01  ,0,0,0,0,0,0,0,0,0,-14000,0,0,0,141000,155000,-14000,-14000
062038,鴻海凱基9B購05  ,0,0,0,0,0,0,0,0,0,-14000,0,0,0,3000,17000,-14000,-14000
061333,華通元大9A購08  ,0,0,0,0,0,0,0,0,0,-14000,0,0,0,1000,15000,-14000,-14000
061442,玉晶光永豐9A購07,0,0,0,0,0,0,0,0,0,-14000,0,0,0,102000,116000,-14000,-14000
061402,矽創兆豐9B購01  ,0,0,0,0,0,0,0,0,0,-14000,0,0,0,16000,30000,-14000,-14000
061236,台積電元大9A購24,0,0,0,0,0,0,0,0,0,-14000,0,0,0,6000,20000,-14000,-14000
062888,漢唐群益9B購01  ,0,0,0,0,0,0,0,0,0,-14000,0,0,0,36000,50000,-14000,-14000
063161,祥碩富邦9B購02  ,0,0,0,0,0,0,0,0,0,-14000,0,0,0,100000,114000,-14000,-14000
06333P,臺股指群益9C售02,0,0,0,0,0,0,0,0,0,-14000,0,0,0,0,14000,-14000,-14000
3712,永崴投控        ,111000,126000,-15000,0,0,0,0,0,0,1000,2000,1000,1000,0,0,0,-14000
08028P,臺股指元大9B售30,0,0,0,0,0,0,0,0,0,-15000,0,0,0,0,15000,-15000,-15000
07851P,聯發科國票9A售05,0,0,0,0,0,0,0,0,0,-15000,0,0,0,15000,30000,-15000,-15000
07935P,臺股指國票9B售07,0,0,0,0,0,0,0,0,0,-15000,0,0,0,5000,20000,-15000,-15000
07672P,南電元大9A售05  ,0,0,0,0,0,0,0,0,0,-15000,0,0,0,25000,40000,-15000,-15000
07337P,台灣50凱基99售09,0,0,0,0,0,0,0,0,0,-15000,0,0,0,0,15000,-15000,-15000
07263P,台積電元大99售37,0,0,0,0,0,0,0,0,0,-15000,0,0,0,40000,55000,-15000,-15000
2441,超豐            ,160000,171000,-11000,0,0,0,0,0,0,-4000,3000,7000,-4000,0,0,0,-15000
08329P,台達電統一9C售02,0,0,0,0,0,0,0,0,0,-15000,0,0,0,0,15000,-15000,-15000
06914P,南茂元大98售03  ,0,0,0,0,0,0,0,0,0,-15000,0,0,0,5000,20000,-15000,-15000
07014P,華通元大99售04  ,0,0,0,0,0,0,0,0,0,-15000,0,0,0,10000,25000,-15000,-15000
06845P,億光元大98售02  ,0,0,0,0,0,0,0,0,0,-15000,0,0,0,0,15000,-15000,-15000
06516P,國巨凱基98售08  ,0,0,0,0,0,0,0,0,0,-15000,0,0,0,0,15000,-15000,-15000
06586P,鴻海元大9C售01  ,0,0,0,0,0,0,0,0,0,-15000,0,0,0,0,15000,-15000,-15000
064065,大立光富邦02購02,0,0,0,0,0,0,0,0,0,-15000,0,0,0,10000,25000,-15000,-15000
063940,國巨元大01購02  ,0,0,0,0,0,0,0,0,0,-15000,0,0,0,6000,21000,-15000,-15000
063896,世芯群益9C購01  ,0,0,0,0,0,0,0,0,0,-15000,0,0,0,227000,242000,-15000,-15000
063513,聯發科麥證9B購03,0,0,0,0,15000,-15000,0,0,0,-15000,0,0,0,0,15000,-15000,-15000
063429,南電凱基01購01  ,0,0,0,0,0,0,0,0,0,-15000,0,0,0,1000,16000,-15000,-15000
06369P,台積電凱基97售16,0,0,0,0,0,0,0,0,0,-15000,0,0,0,0,15000,-15000,-15000
063662,上銀統一01購03  ,0,0,0,0,0,0,0,0,0,-15000,0,0,0,0,15000,-15000,-15000
063602,金像電凱基9B購04,0,0,0,0,0,0,0,0,0,-15000,0,0,0,0,15000,-15000,-15000
063629,台積電元大9B購08,0,0,0,0,0,0,0,0,0,-15000,0,0,0,0,15000,-15000,-15000
051258,鈺齊國泰97購01  ,0,0,0,0,0,0,0,0,0,-15000,0,0,0,0,15000,-15000,-15000
054250,漢唐元大96購04  ,0,0,0,0,0,0,0,0,0,-15000,0,0,0,45000,60000,-15000,-15000
053400,緯穎中信9A購01  ,0,0,0,0,0,0,0,0,0,-15000,0,0,0,0,15000,-15000,-15000
053427,鎧勝永豐96購02  ,0,0,0,0,0,0,0,0,0,-15000,0,0,0,35000,50000,-15000,-15000
056645,大立光凱基98購12,0,0,0,0,0,0,0,0,0,-15000,0,0,0,5000,20000,-15000,-15000
056321,創意群益98購02  ,0,0,0,0,0,0,0,0,0,-15000,0,0,0,25000,40000,-15000,-15000
056497,GIS國泰99購01   ,0,0,0,0,0,0,0,0,0,-15000,0,0,0,16000,31000,-15000,-15000
058632,世紀鋼國票9A購01,0,0,0,0,0,0,0,0,0,-15000,0,0,0,5000,20000,-15000,-15000
058280,SGBR2X中信99購01,0,0,0,0,0,0,0,0,0,-15000,0,0,0,0,15000,-15000,-15000
058267,奇鋐永豐99購01  ,0,0,0,0,0,0,0,0,0,-15000,0,0,0,15000,30000,-15000,-15000
059145,創意國票99購02  ,0,0,0,0,0,0,0,0,0,-15000,0,0,0,0,15000,-15000,-15000
057578,可成中信99購01  ,0,0,0,0,0,0,0,0,0,-15000,0,0,0,10000,25000,-15000,-15000
059034,華通群益9B購02  ,0,0,0,0,0,0,0,0,0,-15000,0,0,0,0,15000,-15000,-15000
059089,聯發科元大99購19,0,0,0,0,0,0,0,0,0,-15000,0,0,0,0,15000,-15000,-15000
057738,旺宏富邦9A購01  ,0,0,0,0,0,0,0,0,0,-15000,0,0,0,0,15000,-15000,-15000
059211,鴻海元大99購27  ,0,0,0,0,0,0,0,0,0,-15000,0,0,0,19000,34000,-15000,-15000
058850,華新科群益99購03,0,0,0,0,0,0,0,0,0,-15000,0,0,0,5000,20000,-15000,-15000
059906,臺指反元大9C購04,0,0,0,0,0,0,0,0,0,-15000,0,0,0,0,15000,-15000,-15000
059534,國泰金凱基99購01,0,0,0,0,0,0,0,0,0,-15000,0,0,0,20000,35000,-15000,-15000
058704,台積電元大99購17,0,0,0,0,0,0,0,0,0,-15000,0,0,0,78000,93000,-15000,-15000
060014,中鋼康和99購01  ,0,0,0,0,0,0,0,0,0,-15000,0,0,0,3000,18000,-15000,-15000
060083,和大元大99購02  ,0,0,0,0,0,0,0,0,0,-15000,0,0,0,0,15000,-15000,-15000
060101,大立光元大99購31,0,0,0,0,0,0,0,0,0,-15000,0,0,0,10000,25000,-15000,-15000
060095,聯發科元大99購42,0,0,0,0,0,0,0,0,0,-15000,0,0,0,0,15000,-15000,-15000
060644,泰鼎永豐9A購02  ,0,0,0,0,0,0,0,0,0,-15000,0,0,0,15000,30000,-15000,-15000
060557,南電凱基9A購02  ,0,0,0,0,0,0,0,0,0,-15000,0,0,0,19000,34000,-15000,-15000
063277,大成鋼元大9B購03,0,0,0,0,0,0,0,0,0,-15000,0,0,0,69000,84000,-15000,-15000
063401,中租群益9B購03  ,0,0,0,0,0,0,0,0,0,-15000,0,0,0,0,15000,-15000,-15000
063375,牧德永豐9B購02  ,0,0,0,0,0,0,0,0,0,-15000,0,0,0,109000,124000,-15000,-15000
063162,國喬永豐9B購01  ,0,0,0,0,0,0,0,0,0,-15000,0,0,0,0,15000,-15000,-15000
062335,茂林統一01購01  ,0,0,0,0,0,0,0,0,0,-15000,0,0,0,20000,35000,-15000,-15000
062372,旭富元大9B購01  ,0,0,0,0,0,0,0,0,0,-15000,0,0,0,3000,18000,-15000,-15000
062196,聯發科中信01購02,0,0,0,0,0,0,0,0,0,-15000,0,0,0,5000,20000,-15000,-15000
061226,台積電中信9A購05,0,0,0,0,0,0,0,0,0,-15000,0,0,0,10000,25000,-15000,-15000
061279,鴻海統一9C購04  ,0,0,0,0,0,0,0,0,0,-15000,0,0,0,0,15000,-15000,-15000
061067,貿聯凱基9A購03  ,0,0,0,0,0,0,0,0,0,-15000,0,0,0,50000,65000,-15000,-15000
061103,聯發科元大9A購08,0,0,0,0,0,0,0,0,0,-15000,0,0,0,0,15000,-15000,-15000
061012,國巨麥證9A購03  ,0,0,0,0,15000,-15000,0,0,0,-15000,0,0,0,0,15000,-15000,-15000
060782,道瓊指富邦9C購01,0,0,0,0,0,0,0,0,0,-15000,0,0,0,0,15000,-15000,-15000
062130,T50反1群益9B購01,0,0,0,0,0,0,0,0,0,-15000,0,0,0,0,15000,-15000,-15000
061943,上銀群益9B購02  ,0,0,0,0,0,0,0,0,0,-15000,0,0,0,0,15000,-15000,-15000
061547,禾伸堂群益9A購01,0,0,0,0,0,0,0,0,0,-15000,0,0,0,15000,30000,-15000,-15000
6409,旭隼            ,74760,86050,-11290,0,0,0,0,6000,-6000,2000,2000,0,2000,0,0,0,-15290
063588,華新科永豐9B購02,0,0,0,0,0,0,0,0,0,-16000,0,0,0,85000,101000,-16000,-16000
063449,全新統一9B購02  ,0,0,0,0,0,0,0,0,0,-16000,0,0,0,17000,33000,-16000,-16000
063470,泰鼎元大9B購03  ,0,0,0,0,0,0,0,0,0,-16000,0,0,0,5000,21000,-16000,-16000
064217,GIS凱基02購02   ,0,0,0,0,0,0,0,0,0,-16000,0,0,0,0,16000,-16000,-16000
06481P,台積電凱基98售12,0,0,0,0,0,0,0,0,0,-16000,0,0,0,0,16000,-16000,-16000
06626P,大立光統一9A售01,0,0,0,0,0,0,0,0,0,-16000,0,0,0,44000,60000,-16000,-16000
2103,台橡            ,796000,818000,-22000,0,0,0,0,0,0,6000,7000,1000,6000,0,0,0,-16000
1817,凱撒衛          ,19000,35000,-16000,0,0,0,0,0,0,0,2000,2000,0,0,0,0,-16000
07494P,葡萄王元大9A售03,0,0,0,0,0,0,0,0,0,-16000,0,0,0,0,16000,-16000,-16000
08026P,臺股指凱基9B售12,0,0,0,0,0,0,0,0,0,-16000,0,0,0,32000,48000,-16000,-16000
08120P,南亞科國票9C售01,0,0,0,0,0,0,0,0,0,-16000,0,0,0,0,16000,-16000,-16000
056691,元油2X群益9B購01,0,0,0,0,0,0,0,0,0,-16000,0,0,0,0,16000,-16000,-16000
053972,華新科元大96購06,0,0,0,0,0,0,0,0,0,-16000,0,0,0,4000,20000,-16000,-16000
060106,旭富元大99購02  ,0,0,0,0,0,0,0,0,0,-16000,0,0,0,0,16000,-16000,-16000
059999,緯穎元富99購01  ,0,0,0,0,0,0,0,0,0,-16000,0,0,0,50000,66000,-16000,-16000
060329,鎧勝群益9B購01  ,0,0,0,0,0,0,0,0,0,-16000,0,0,0,13000,29000,-16000,-16000
058078,景碩國票99購01  ,0,0,0,0,0,0,0,0,0,-16000,0,0,0,0,16000,-16000,-16000
058019,美律凱基99購04  ,0,0,0,0,0,0,0,0,0,-16000,0,0,0,4000,20000,-16000,-16000
057969,緯穎國泰99購01  ,0,0,0,0,0,0,0,0,0,-16000,0,0,0,141000,157000,-16000,-16000
059536,新光金凱基99購05,0,0,0,0,0,0,0,0,0,-16000,0,0,0,92000,108000,-16000,-16000
05947P,大成鋼元大96售03,0,0,0,0,0,0,0,0,0,-16000,0,0,0,50000,66000,-16000,-16000
059276,可成元大99購06  ,0,0,0,0,0,0,0,0,0,-16000,0,0,0,37000,53000,-16000,-16000
061980,聯發科元大9B購01,0,0,0,0,0,0,0,0,0,-16000,0,0,0,6000,22000,-16000,-16000
060781,台郡國泰9B購01  ,0,0,0,0,0,0,0,0,0,-16000,0,0,0,9000,25000,-16000,-16000
060757,台積電元大9A購18,0,0,0,0,0,0,0,0,0,-16000,0,0,0,0,16000,-16000,-16000
061100,SP黃豆元大9A購04,0,0,0,0,0,0,0,0,0,-16000,0,0,0,0,16000,-16000,-16000
061026,南電富邦9B購01  ,0,0,0,0,0,0,0,0,0,-16000,0,0,0,0,16000,-16000,-16000
061254,道瓊反凱基9A購02,0,0,0,0,0,0,0,0,0,-16000,0,0,0,0,16000,-16000,-16000
062177,上銀元大9B購02  ,0,0,0,0,0,0,0,0,0,-16000,0,0,0,7000,23000,-16000,-16000
062289,緯穎群益9B購01  ,0,0,0,0,0,0,0,0,0,-16000,0,0,0,14000,30000,-16000,-16000
062682,全新統一9B購01  ,0,0,0,0,0,0,0,0,0,-16000,0,0,0,0,16000,-16000,-16000
062915,嘉澤元大9B購03  ,0,0,0,0,0,0,0,0,0,-16000,0,0,0,148000,164000,-16000,-16000
062818,大立光兆豐9C購01,0,0,0,0,0,0,0,0,0,-16000,0,0,0,0,16000,-16000,-16000
063040,聯詠凱基9B購03  ,0,0,0,0,0,0,0,0,0,-16000,0,0,0,10000,26000,-16000,-16000
6139,亞翔            ,96000,113000,-17000,0,0,0,0,0,0,1000,1000,0,1000,0,0,0,-16000
4737,華廣            ,12000,29000,-17000,0,0,0,0,0,0,1000,1000,0,1000,0,0,0,-16000
08030P,臺股指元大9B售37,0,0,0,0,0,0,0,0,0,-17000,0,0,0,0,17000,-17000,-17000
07895P,美律元大9B售01  ,0,0,0,0,0,0,0,0,0,-17000,0,0,0,0,17000,-17000,-17000
07880P,可成群益9B售05  ,0,0,0,0,0,0,0,0,0,-17000,0,0,0,0,17000,-17000,-17000
07811P,華新科統一9A售02,0,0,0,0,0,0,0,0,0,-17000,0,0,0,0,17000,-17000,-17000
07502P,美食元大9A售01  ,0,0,0,0,0,0,0,0,0,-17000,0,0,0,128000,145000,-17000,-17000
07420P,可成元大99售07  ,0,0,0,0,0,0,0,0,0,-17000,0,0,0,0,17000,-17000,-17000
06658P,台灣50富邦9C售01,0,0,0,0,0,0,0,0,0,-17000,0,0,0,0,17000,-17000,-17000
06689P,鴻海中信9C售02  ,0,0,0,0,0,0,0,0,0,-17000,0,0,0,0,17000,-17000,-17000
06794P,臺股指凱基98售04,0,0,0,0,0,0,0,0,0,-17000,0,0,0,0,17000,-17000,-17000
06453P,群創元大9B售02  ,0,0,0,0,0,0,0,0,0,-17000,0,0,0,2000,19000,-17000,-17000
063744,儒鴻國票9C購01  ,0,0,0,0,0,0,0,0,0,-17000,0,0,0,96000,113000,-17000,-17000
063848,大立光元大9C購09,0,0,0,0,0,0,0,0,0,-17000,0,0,0,0,17000,-17000,-17000
058198,瑞昱亞東99購01  ,0,0,0,0,0,0,0,0,0,-17000,0,0,0,0,17000,-17000,-17000
057096,緯穎元富98購01  ,0,0,0,0,0,0,0,0,0,-17000,0,0,0,80000,97000,-17000,-17000
057803,上銀元大98購08  ,0,0,0,0,0,0,0,0,0,-17000,0,0,0,2000,19000,-17000,-17000
058073,大立光凱基99購04,0,0,0,0,0,0,0,0,0,-17000,0,0,0,1000,18000,-17000,-17000
057191,祥碩元大98購05  ,0,0,0,0,0,0,0,0,0,-17000,0,0,0,0,17000,-17000,-17000
060099,宏達電元大99購09,0,0,0,0,0,0,0,0,0,-17000,0,0,0,118000,135000,-17000,-17000
060381,元黃金凱基9A購01,0,0,0,0,0,0,0,0,0,-17000,0,0,0,8000,25000,-17000,-17000
060582,玉晶光群益9C購01,0,0,0,0,0,0,0,0,0,-17000,0,0,0,5000,22000,-17000,-17000
063025,超眾元大9B購01  ,0,0,0,0,0,0,0,0,0,-17000,0,0,0,55000,72000,-17000,-17000
063191,台表科凱基9B購03,0,0,0,0,0,0,0,0,0,-17000,0,0,0,35000,52000,-17000,-17000
063220,建準群益9B購01  ,0,0,0,0,0,0,0,0,0,-17000,0,0,0,11000,28000,-17000,-17000
062599,鴻海台新9B購01  ,0,0,0,0,0,0,0,0,0,-17000,0,0,0,0,17000,-17000,-17000
061114,南電元大9A購04  ,0,0,0,0,0,0,0,0,0,-17000,0,0,0,0,17000,-17000,-17000
061475,漢唐元大9A購01  ,0,0,0,0,0,0,0,0,0,-17000,0,0,0,3000,20000,-17000,-17000
061643,嘉澤元大9A購05  ,0,0,0,0,0,0,0,0,0,-17000,0,0,0,20000,37000,-17000,-17000
06165P,臺股指凱基9A售03,0,0,0,0,0,0,0,0,0,-17000,0,0,0,0,17000,-17000,-17000
6183,關貿            ,128000,147000,-19000,0,0,0,0,0,0,2000,2000,0,2000,0,0,0,-17000
063482,緯穎元大9B購09  ,0,0,0,0,0,0,0,0,0,-18000,0,0,0,25000,43000,-18000,-18000
063424,新日興凱基01購01,0,0,0,0,0,0,0,0,0,-18000,0,0,0,0,18000,-18000,-18000
063541,華擎元富9B購02  ,0,0,0,0,0,0,0,0,0,-18000,0,0,0,163000,181000,-18000,-18000
064206,鴻海凱基03購02  ,0,0,0,0,0,0,0,0,0,-18000,0,0,0,0,18000,-18000,-18000
07781P,高鐵凱基9A售02  ,0,0,0,0,0,0,0,0,0,-18000,0,0,0,0,18000,-18000,-18000
07837P,華邦電元大9A售01,0,0,0,0,0,0,0,0,0,-18000,0,0,0,90000,108000,-18000,-18000
058213,欣興群益99購01  ,0,0,0,0,0,0,0,0,0,-18000,0,0,0,0,18000,-18000,-18000
058185,國巨永豐99購01  ,0,0,0,0,0,0,0,0,0,-18000,0,0,0,32000,50000,-18000,-18000
056160,智易凱基97購03  ,0,0,0,0,0,0,0,0,0,-18000,0,0,0,22000,40000,-18000,-18000
056162,祥碩凱基97購03  ,0,0,0,0,0,0,0,0,0,-18000,0,0,0,2000,20000,-18000,-18000
054477,聯發科中信9C購02,0,0,0,0,0,0,0,0,0,-18000,0,0,0,0,18000,-18000,-18000
055822,臺股指國票97購09,0,0,0,0,0,0,0,0,0,-18000,0,0,0,2000,20000,-18000,-18000
055713,國巨元大98購09  ,0,0,0,0,0,0,0,0,0,-18000,0,0,0,2000,20000,-18000,-18000
055094,智易群益98購01  ,0,0,0,0,0,0,0,0,0,-18000,0,0,0,65000,83000,-18000,-18000
056598,京元電元富98購01,0,0,0,0,0,0,0,0,0,-18000,0,0,0,31000,49000,-18000,-18000
054461,台積電凱基97購09,0,0,0,0,0,0,0,0,0,-18000,0,0,0,2000,20000,-18000,-18000
060412,儒鴻永豐9A購01  ,0,0,0,0,0,0,0,0,0,-18000,0,0,0,211000,229000,-18000,-18000
060392,華擎群益9C購02  ,0,0,0,0,0,0,0,0,0,-18000,0,0,0,0,18000,-18000,-18000
059958,鎧勝康和99購01  ,0,0,0,0,0,0,0,0,0,-18000,0,0,0,10000,28000,-18000,-18000
057222,鴻海國票99購04  ,0,0,0,0,0,0,0,0,0,-18000,0,0,0,9000,27000,-18000,-18000
058085,景碩群益9A購01  ,0,0,0,0,0,0,0,0,0,-18000,0,0,0,12000,30000,-18000,-18000
057699,可成群益9A購02  ,0,0,0,0,0,0,0,0,0,-18000,0,0,0,12000,30000,-18000,-18000
05709P,大立光國票97售01,0,0,0,0,0,0,0,0,0,-18000,0,0,0,2000,20000,-18000,-18000
059155,台表科日盛99購01,0,0,0,0,0,0,0,0,0,-18000,0,0,0,12000,30000,-18000,-18000
057376,新日興元大98購04,0,0,0,0,0,0,0,0,0,-18000,0,0,0,50000,68000,-18000,-18000
057883,中環群益98購01  ,0,0,0,0,0,0,0,0,0,-18000,0,0,0,256000,274000,-18000,-18000
057878,台郡元大99購04  ,0,0,0,0,0,0,0,0,0,-18000,0,0,0,16000,34000,-18000,-18000
057040,國巨元大98購12  ,0,0,0,0,0,0,0,0,0,-18000,0,0,0,0,18000,-18000,-18000
061703,信邦國票9A購01  ,0,0,0,0,0,0,0,0,0,-18000,0,0,0,5000,23000,-18000,-18000
061501,嘉澤國票9A購01  ,0,0,0,0,0,0,0,0,0,-18000,0,0,0,33000,51000,-18000,-18000
061509,SP黃豆富邦9C購01,0,0,0,0,0,0,0,0,0,-18000,0,0,0,110000,128000,-18000,-18000
061970,大立光統一9C購03,0,0,0,0,0,0,0,0,0,-18000,0,0,0,0,18000,-18000,-18000
061855,台郡國票9B購01  ,0,0,0,0,0,0,0,0,0,-18000,0,0,0,10000,28000,-18000,-18000
062129,世紀鋼統一02購01,0,0,0,0,0,0,0,0,0,-18000,0,0,0,10000,28000,-18000,-18000
06200P,聯發科元大97售18,0,0,0,0,0,0,0,0,0,-18000,0,0,0,0,18000,-18000,-18000
061344,禾伸堂元大9A購02,0,0,0,0,0,0,0,0,0,-18000,0,0,0,150000,168000,-18000,-18000
060977,亞德客元大9A購04,0,0,0,0,0,0,0,0,0,-18000,0,0,0,32000,50000,-18000,-18000
062703,可成元大9C購02  ,0,0,0,0,0,0,0,0,0,-18000,0,0,0,49000,67000,-18000,-18000
062292,旭富永豐9B購01  ,0,0,0,0,0,0,0,0,0,-18000,0,0,0,2000,20000,-18000,-18000
063365,義隆富邦01購01  ,0,0,0,0,0,0,0,0,0,-18000,0,0,0,11000,29000,-18000,-18000
063330,神達國票9C購01  ,0,0,0,0,0,0,0,0,0,-18000,0,0,0,0,18000,-18000,-18000
07777P,創意元大9A售03  ,0,0,0,0,0,0,0,0,0,-19000,0,0,0,64000,83000,-19000,-19000
07190P,臺股指富邦9C售02,0,0,0,0,0,0,0,0,0,-19000,0,0,0,0,19000,-19000,-19000
2012,春雨            ,5000,24000,-19000,0,0,0,0,0,0,0,0,0,0,0,0,0,-19000
2419,仲琦            ,52000,72000,-20000,0,0,0,0,0,0,1000,1000,0,1000,0,0,0,-19000
064273,華邦電元大9C購02,0,0,0,0,0,0,0,0,0,-19000,0,0,0,21000,40000,-19000,-19000
053443,智邦凱基97購01  ,0,0,0,0,0,0,0,0,0,-19000,0,0,0,3000,22000,-19000,-19000
056621,宏達電永豐98購01,0,0,0,0,0,0,0,0,0,-19000,0,0,0,1000,20000,-19000,-19000
049335,聯電統一97購01  ,0,0,0,0,0,0,0,0,0,-19000,0,0,0,33000,52000,-19000,-19000
056576,晶技元大99購02  ,0,0,0,0,0,0,0,0,0,-19000,0,0,0,0,19000,-19000,-19000
055063,玉晶光永豐99購01,0,0,0,0,0,0,0,0,0,-19000,0,0,0,11000,30000,-19000,-19000
054735,漢唐凱基98購01  ,0,0,0,0,0,0,0,0,0,-19000,0,0,0,39000,58000,-19000,-19000
059252,聯詠凱基99購03  ,0,0,0,0,0,0,0,0,0,-19000,0,0,0,0,19000,-19000,-19000
059350,樺漢凱基9A購01  ,0,0,0,0,0,0,0,0,0,-19000,0,0,0,45000,64000,-19000,-19000
058382,S&P500中信99購01,0,0,0,0,0,0,0,0,0,-19000,0,0,0,1000,20000,-19000,-19000
058905,京鼎元大99購01  ,0,0,0,0,0,0,0,0,0,-19000,0,0,0,171000,190000,-19000,-19000
058551,義隆永豐99購03  ,0,0,0,0,0,0,0,0,0,-19000,0,0,0,0,19000,-19000,-19000
057740,茂林富邦9A購01  ,0,0,0,0,0,0,0,0,0,-19000,0,0,0,82000,101000,-19000,-19000
059037,宏達電群益99購02,0,0,0,0,0,0,0,0,0,-19000,0,0,0,120000,139000,-19000,-19000
059072,元油2X元大9C購13,0,0,0,0,0,0,0,0,0,-19000,0,0,0,0,19000,-19000,-19000
058025,聯茂國泰99購01  ,0,0,0,0,0,0,0,0,0,-19000,0,0,0,0,19000,-19000,-19000
057985,華通元富02購03  ,0,0,0,0,0,0,0,0,0,-19000,0,0,0,46000,65000,-19000,-19000
059795,鴻海國票99購07  ,0,0,0,0,0,0,0,0,0,-19000,0,0,0,16000,35000,-19000,-19000
059814,SP黃豆凱基9A購02,0,0,0,0,0,0,0,0,0,-19000,0,0,0,30000,49000,-19000,-19000
059695,聯鈞永豐99購02  ,0,0,0,0,0,0,0,0,0,-19000,0,0,0,91000,110000,-19000,-19000
059977,鴻海元大99購40  ,0,0,0,0,0,0,0,0,0,-19000,0,0,0,58000,77000,-19000,-19000
063030,華通凱基9B購03  ,0,0,0,0,0,0,0,0,0,-19000,0,0,0,17000,36000,-19000,-19000
062227,南六統一01購02  ,0,0,0,0,0,0,0,0,0,-19000,0,0,0,140000,159000,-19000,-19000
062757,華通凱基9B購02  ,0,0,0,0,0,0,0,0,0,-19000,0,0,0,0,19000,-19000,-19000
060818,上銀統一9C購01  ,0,0,0,0,0,0,0,0,0,-19000,0,0,0,0,19000,-19000,-19000
060915,旭富元大9A購01  ,0,0,0,0,0,0,0,0,0,-19000,0,0,0,7000,26000,-19000,-19000
061351,智伸科元大9A購01,0,0,0,0,0,0,0,0,0,-19000,0,0,0,12000,31000,-19000,-19000
061155,華新科群益9A購06,0,0,0,0,0,0,0,0,0,-19000,0,0,0,1000,20000,-19000,-19000
061269,嘉澤凱基9A購01  ,0,0,0,0,0,0,0,0,0,-19000,0,0,0,13000,32000,-19000,-19000
062109,聯詠國票9C購01  ,0,0,0,0,0,0,0,0,0,-19000,0,0,0,5000,24000,-19000,-19000
061550,聯鈞群益9A購03  ,0,0,0,0,0,0,0,0,0,-19000,0,0,0,99000,118000,-19000,-19000
4560,強信-KY         ,130000,149000,-19000,0,0,0,0,0,0,0,0,0,0,0,0,0,-19000
06425P,TPK永豐97售02   ,0,0,0,0,0,0,0,0,0,-20000,0,0,0,0,20000,-20000,-20000
06587P,國巨元大98售13  ,0,0,0,0,0,0,0,0,0,-20000,0,0,0,0,20000,-20000,-20000
06582P,可成凱基98售06  ,0,0,0,0,0,0,0,0,0,-20000,0,0,0,0,20000,-20000,-20000
064212,可成凱基03購01  ,0,0,0,0,0,0,0,0,0,-20000,0,0,0,3000,23000,-20000,-20000
06416P,大立光群益97售06,0,0,0,0,0,0,0,0,0,-20000,0,0,0,0,20000,-20000,-20000
06791P,聯發科凱基98售16,0,0,0,0,0,0,0,0,0,-20000,0,0,0,0,20000,-20000,-20000
06850P,聯茂元大98售06  ,0,0,0,0,0,0,0,0,0,-20000,0,0,0,25000,45000,-20000,-20000
07063P,臺股指元大9A售24,0,0,0,0,0,0,0,0,0,-20000,0,0,0,0,20000,-20000,-20000
06908P,健策國泰99售02  ,0,0,0,0,0,0,0,0,0,-20000,0,0,0,0,20000,-20000,-20000
06961P,台積電凱基99售05,0,0,0,0,0,0,0,0,0,-20000,0,0,0,0,20000,-20000,-20000
063542,泰鼎元富9B購02  ,0,0,0,0,0,0,0,0,0,-20000,0,0,0,0,20000,-20000,-20000
063532,GIS凱基9B購03   ,0,0,0,0,0,0,0,0,0,-20000,0,0,0,45000,65000,-20000,-20000
063427,南六凱基9B購04  ,0,0,0,0,0,0,0,0,0,-20000,0,0,0,0,20000,-20000,-20000
063579,GIS元大9C購01   ,0,0,0,0,0,0,0,0,0,-20000,0,0,0,98000,118000,-20000,-20000
063708,上銀凱基9B購06  ,0,0,0,0,0,0,0,0,0,-20000,0,0,0,0,20000,-20000,-20000
063878,國巨元富9C購01  ,0,0,0,0,0,0,0,0,0,-20000,0,0,0,77000,97000,-20000,-20000
063749,聯發科國票9C購04,0,0,0,0,0,0,0,0,0,-20000,0,0,0,6000,26000,-20000,-20000
063811,亞德客群益9C購01,0,0,0,0,0,0,0,0,0,-20000,0,0,0,0,20000,-20000,-20000
06376P,上銀統一99售01  ,0,0,0,0,0,0,0,0,0,-20000,0,0,0,16000,36000,-20000,-20000
063907,華通凱基9C購03  ,0,0,0,0,0,0,0,0,0,-20000,0,0,0,23000,43000,-20000,-20000
063910,漢唐凱基9C購01  ,0,0,0,0,0,0,0,0,0,-20000,0,0,0,0,20000,-20000,-20000
2466,冠西電          ,16000,36000,-20000,0,0,0,0,0,0,0,0,0,0,0,0,0,-20000
08323P,華新科凱基9C售04,0,0,0,0,0,0,0,0,0,-20000,0,0,0,0,20000,-20000,-20000
08301P,台積電兆豐9C售02,0,0,0,0,0,0,0,0,0,-20000,0,0,0,0,20000,-20000,-20000
08244P,同欣電凱基9C售03,0,0,0,0,0,0,0,0,0,-20000,0,0,0,0,20000,-20000,-20000
08193P,同欣電國票9C售02,0,0,0,0,0,0,0,0,0,-20000,0,0,0,0,20000,-20000,-20000
08194P,同欣電國票9C售03,0,0,0,0,0,0,0,0,0,-20000,0,0,0,0,20000,-20000,-20000
1473,台南            ,47000,68000,-21000,0,0,0,0,0,0,1000,1000,0,1000,0,0,0,-20000
07133P,臺股指元大9A售27,0,0,0,0,0,0,0,0,0,-20000,0,0,0,0,20000,-20000,-20000
07173P,臺股指國票99售10,0,0,0,0,0,0,0,0,0,-20000,0,0,0,0,20000,-20000,-20000
07169P,臺股指國票99售06,0,0,0,0,0,0,0,0,0,-20000,0,0,0,0,20000,-20000,-20000
07359P,台積電元大99售45,0,0,0,0,0,0,0,0,0,-20000,0,0,0,10000,30000,-20000,-20000
07379P,大立光元大99售30,0,0,0,0,0,0,0,0,0,-20000,0,0,0,0,20000,-20000,-20000
07315P,台積電台新99售06,0,0,0,0,0,0,0,0,0,-20000,0,0,0,0,20000,-20000,-20000
07479P,A50正2元富9A售03,0,0,0,0,0,0,0,0,0,-20000,0,0,0,0,20000,-20000,-20000
07555P,玉晶光元大9A售07,0,0,0,0,0,0,0,0,0,-20000,0,0,0,10000,30000,-20000,-20000
07608P,台灣50國票9C售03,0,0,0,0,0,0,0,0,0,-20000,0,0,0,0,20000,-20000,-20000
08015P,可成凱基9B售05  ,0,0,0,0,0,0,0,0,0,-20000,0,0,0,0,20000,-20000,-20000
054717,亞德客永豐97購01,0,0,0,0,0,0,0,0,0,-20000,0,0,0,0,20000,-20000,-20000
054756,世紀鋼凱基99購01,0,0,0,0,0,0,0,0,0,-20000,0,0,0,62000,82000,-20000,-20000
054760,台化國票9A購01  ,0,0,0,0,0,0,0,0,0,-20000,0,0,0,11000,31000,-20000,-20000
055028,佐登國泰98購01  ,0,0,0,0,0,0,0,0,0,-20000,0,0,0,0,20000,-20000,-20000
054927,帆宣凱基97購01  ,0,0,0,0,0,0,0,0,0,-20000,0,0,0,0,20000,-20000,-20000
056128,和大中信99購01  ,0,0,0,0,0,0,0,0,0,-20000,0,0,0,0,20000,-20000,-20000
056150,台光電凱基98購02,0,0,0,0,0,0,0,0,0,-20000,0,0,0,0,20000,-20000,-20000
056151,建準凱基97購01  ,0,0,0,0,0,0,0,0,0,-20000,0,0,0,0,20000,-20000,-20000
054552,聯發科凱基98購03,0,0,0,0,0,0,0,0,0,-20000,0,0,0,0,20000,-20000,-20000
055993,致茂國泰99購01  ,0,0,0,0,0,0,0,0,0,-20000,0,0,0,0,20000,-20000,-20000
055933,欣興群益98購02  ,0,0,0,0,0,0,0,0,0,-20000,0,0,0,0,20000,-20000,-20000
05815P,台積電凱基97售06,0,0,0,0,0,0,0,0,0,-20000,0,0,0,0,20000,-20000,-20000
058597,瑞昱台新99購01  ,0,0,0,0,0,0,0,0,0,-20000,0,0,0,0,20000,-20000,-20000
058580,華新科群益99購02,0,0,0,0,0,0,0,0,0,-20000,0,0,0,0,20000,-20000,-20000
058493,台積電群益9A購01,0,0,0,0,0,0,0,0,0,-20000,0,0,0,0,20000,-20000,-20000
058259,訊連國泰9B購01  ,0,0,0,0,0,0,0,0,0,-20000,0,0,0,10000,30000,-20000,-20000
058298,聯茂凱基99購05  ,0,0,0,0,0,0,0,0,0,-20000,0,0,0,0,20000,-20000,-20000
056550,瑞儀凱基99購01  ,0,0,0,0,0,0,0,0,0,-20000,0,0,0,15000,35000,-20000,-20000
056511,超眾永豐98購01  ,0,0,0,0,0,0,0,0,0,-20000,0,0,0,0,20000,-20000,-20000
056416,華新科中信98購01,0,0,0,0,0,0,0,0,0,-20000,0,0,0,0,20000,-20000,-20000
055917,禾伸堂凱基98購02,0,0,0,0,0,0,0,0,0,-20000,0,0,0,0,20000,-20000,-20000
055080,正崴中信99購01  ,0,0,0,0,0,0,0,0,0,-20000,0,0,0,0,20000,-20000,-20000
056841,友達元富98購03  ,0,0,0,0,0,0,0,0,0,-20000,0,0,0,0,20000,-20000,-20000
055774,台光電凱基97購02,0,0,0,0,0,0,0,0,0,-20000,0,0,0,0,20000,-20000,-20000
054917,聯發科凱基98購05,0,0,0,0,0,0,0,0,0,-20000,0,0,0,4000,24000,-20000,-20000
054919,興富發凱基97購01,0,0,0,0,0,0,0,0,0,-20000,0,0,0,0,20000,-20000,-20000
054798,超眾群益97購01  ,0,0,0,0,0,0,0,0,0,-20000,0,0,0,0,20000,-20000,-20000
055337,超眾兆豐98購01  ,0,0,0,0,0,0,0,0,0,-20000,0,0,0,70000,90000,-20000,-20000
04731P,臺股指中信96售03,0,0,0,0,0,0,0,0,0,-20000,0,0,0,0,20000,-20000,-20000
054055,全新國票99購02  ,0,0,0,0,0,0,0,0,0,-20000,0,0,0,0,20000,-20000,-20000
053900,T50反1日盛99購01,0,0,0,0,0,0,0,0,0,-20000,0,0,0,0,20000,-20000,-20000
053901,T50反1凱基99購03,0,0,0,0,0,0,0,0,0,-20000,0,0,0,10000,30000,-20000,-20000
051850,臻鼎中信96購01  ,0,0,0,0,0,0,0,0,0,-20000,0,0,0,0,20000,-20000,-20000
051510,新光金中信97購01,0,0,0,0,0,0,0,0,0,-20000,0,0,0,0,20000,-20000,-20000
03017X,元展17          ,0,0,0,0,0,0,0,0,0,-20000,0,0,0,0,20000,-20000,-20000
02001L,富邦蘋果正二N   ,0,0,0,0,0,0,0,0,0,-20000,0,0,0,33000,53000,-20000,-20000
055496,高鐵元大97購02  ,0,0,0,0,0,0,0,0,0,-20000,0,0,0,289000,309000,-20000,-20000
053883,大立光中信98購02,0,0,0,0,0,0,0,0,0,-20000,0,0,0,0,20000,-20000,-20000
056743,貿聯凱基98購04  ,0,0,0,0,0,0,0,0,0,-20000,0,0,0,0,20000,-20000,-20000
056646,奇鋐凱基99購02  ,0,0,0,0,0,0,0,0,0,-20000,0,0,0,0,20000,-20000,-20000
056625,致伸永豐98購01  ,0,0,0,0,0,0,0,0,0,-20000,0,0,0,10000,30000,-20000,-20000
053491,鴻海兆豐97購02  ,0,0,0,0,0,0,0,0,0,-20000,0,0,0,0,20000,-20000,-20000
053492,華邦電兆豐97購01,0,0,0,0,0,0,0,0,0,-20000,0,0,0,0,20000,-20000,-20000
053323,群創群益98購07  ,0,0,0,0,0,0,0,0,0,-20000,0,0,0,0,20000,-20000,-20000
053789,彩晶元大9C購02  ,0,0,0,0,0,0,0,0,0,-20000,0,0,0,0,20000,-20000,-20000
059990,健策元大9A購01  ,0,0,0,0,0,0,0,0,0,-20000,0,0,0,0,20000,-20000,-20000
060072,國巨元富99購04  ,0,0,0,0,0,0,0,0,0,-20000,0,0,0,60000,80000,-20000,-20000
060297,和碩元大9A購02  ,0,0,0,0,0,0,0,0,0,-20000,0,0,0,50000,70000,-20000,-20000
060362,建準元富9A購02  ,0,0,0,0,0,0,0,0,0,-20000,0,0,0,0,20000,-20000,-20000
060190,國泰金元富9A購01,0,0,0,0,0,0,0,0,0,-20000,0,0,0,0,20000,-20000,-20000
060597,華通凱基9A購04  ,0,0,0,0,0,0,0,0,0,-20000,0,0,0,0,20000,-20000,-20000
06060P,玉晶光元大97售03,0,0,0,0,0,0,0,0,0,-20000,0,0,0,0,20000,-20000,-20000
059783,旺宏元大99購17  ,0,0,0,0,0,0,0,0,0,-20000,0,0,0,7000,27000,-20000,-20000
05977P,旺宏永豐96售06  ,0,0,0,0,0,0,0,0,0,-20000,0,0,0,0,20000,-20000,-20000
059945,嘉澤永豐99購03  ,0,0,0,0,0,0,0,0,0,-20000,0,0,0,0,20000,-20000,-20000
058687,聯茂凱基9A購01  ,0,0,0,0,0,0,0,0,0,-20000,0,0,0,10000,30000,-20000,-20000
058684,健策凱基99購02  ,0,0,0,0,0,0,0,0,0,-20000,0,0,0,20000,40000,-20000,-20000
057239,貿聯凱基98購05  ,0,0,0,0,0,0,0,0,0,-20000,0,0,0,0,20000,-20000,-20000
057736,鴻海富邦99購04  ,0,0,0,0,0,0,0,0,0,-20000,0,0,0,1000,21000,-20000,-20000
057758,鴻海凱基99購03  ,0,0,0,0,0,0,0,0,0,-20000,0,0,0,11000,31000,-20000,-20000
059087,台積電元大99購26,0,0,0,0,0,0,0,0,0,-20000,0,0,0,21000,41000,-20000,-20000
058570,臻鼎凱基9A購01  ,0,0,0,0,0,0,0,0,0,-20000,0,0,0,0,20000,-20000,-20000
058520,智易元大99購03  ,0,0,0,0,0,0,0,0,0,-20000,0,0,0,66000,86000,-20000,-20000
058528,世紀鋼元大99購02,0,0,0,0,0,0,0,0,0,-20000,0,0,0,30000,50000,-20000,-20000
059206,元石油元大99購02,0,0,0,0,0,0,0,0,0,-20000,0,0,0,0,20000,-20000,-20000
059247,可成凱基99購05  ,0,0,0,0,0,0,0,0,0,-20000,0,0,0,0,20000,-20000,-20000
058968,T50正2永豐99購01,0,0,0,0,0,0,0,0,0,-20000,0,0,0,10000,30000,-20000,-20000
058856,新光金兆豐99購01,0,0,0,0,0,0,0,0,0,-20000,0,0,0,0,20000,-20000,-20000
058361,美律凱基99購06  ,0,0,0,0,0,0,0,0,0,-20000,0,0,0,0,20000,-20000,-20000
059287,華通元富99購03  ,0,0,0,0,0,0,0,0,0,-20000,0,0,0,0,20000,-20000,-20000
059292,華新科元富9B購02,0,0,0,0,0,0,0,0,0,-20000,0,0,0,0,20000,-20000,-20000
057023,美律凱基99購02  ,0,0,0,0,0,0,0,0,0,-20000,0,0,0,0,20000,-20000,-20000
057863,美律凱基9A購01  ,0,0,0,0,0,0,0,0,0,-20000,0,0,0,0,20000,-20000,-20000
057080,華新科統一99購02,0,0,0,0,0,0,0,0,0,-20000,0,0,0,0,20000,-20000,-20000
057085,立積統一9B購02  ,0,0,0,0,0,0,0,0,0,-20000,0,0,0,332000,352000,-20000,-20000
057848,台表科永豐98購02,0,0,0,0,0,0,0,0,0,-20000,0,0,0,10000,30000,-20000,-20000
057363,華通元大99購02  ,0,0,0,0,0,0,0,0,0,-20000,0,0,0,7000,27000,-20000,-20000
059173,矽力凱基99購01  ,0,0,0,0,0,0,0,0,0,-20000,0,0,0,0,20000,-20000,-20000
057582,亞光中信9A購02  ,0,0,0,0,0,0,0,0,0,-20000,0,0,0,0,20000,-20000,-20000
057554,新日興凱基99購02,0,0,0,0,0,0,0,0,0,-20000,0,0,0,40000,60000,-20000,-20000
057472,T50正2元大9B購03,0,0,0,0,0,0,0,0,0,-20000,0,0,0,0,20000,-20000,-20000
061712,旺宏凱基9A購08  ,0,0,0,0,0,0,0,0,0,-20000,0,0,0,0,20000,-20000,-20000
061987,大立光元大9B購03,0,0,0,0,0,0,0,0,0,-20000,0,0,0,7000,27000,-20000,-20000
061856,台郡國票9B購02  ,0,0,0,0,0,0,0,0,0,-20000,0,0,0,32000,52000,-20000,-20000
061887,祥碩國泰9C購01  ,0,0,0,0,0,0,0,0,0,-20000,0,0,0,0,20000,-20000,-20000
061949,大立光群益9B購03,0,0,0,0,0,0,0,0,0,-20000,0,0,0,0,20000,-20000,-20000
061178,晶技凱基9B購01  ,0,0,0,0,0,0,0,0,0,-20000,0,0,0,0,20000,-20000,-20000
06138P,台積電中信99售01,0,0,0,0,0,0,0,0,0,-20000,0,0,0,0,20000,-20000,-20000
06141P,大立光日盛97售01,0,0,0,0,0,0,0,0,0,-20000,0,0,0,0,20000,-20000,-20000
060876,國巨中信9A購04  ,0,0,0,0,0,0,0,0,0,-20000,0,0,0,0,20000,-20000,-20000
060802,道瓊指中信9C購03,0,0,0,0,0,0,0,0,0,-20000,0,0,0,5000,25000,-20000,-20000
061000,旺宏兆豐9A購02  ,0,0,0,0,0,0,0,0,0,-20000,0,0,0,80000,100000,-20000,-20000
062551,緯穎永豐9B購02  ,0,0,0,0,0,0,0,0,0,-20000,0,0,0,0,20000,-20000,-20000
062505,祥碩群益9B購03  ,0,0,0,0,0,0,0,0,0,-20000,0,0,0,14000,34000,-20000,-20000
062202,國巨國票9C購04  ,0,0,0,0,0,0,0,0,0,-20000,0,0,0,0,20000,-20000,-20000
062260,華新科元大9B購09,0,0,0,0,0,0,0,0,0,-20000,0,0,0,10000,30000,-20000,-20000
062233,神隆凱基9B購01  ,0,0,0,0,0,0,0,0,0,-20000,0,0,0,40000,60000,-20000,-20000
062805,台勝科統一9C購01,0,0,0,0,0,0,0,0,0,-20000,0,0,0,356000,376000,-20000,-20000
063395,金像電群益9B購02,0,0,0,0,0,0,0,0,0,-20000,0,0,0,77000,97000,-20000,-20000
063200,瑞昱統一9C購01  ,0,0,0,0,0,0,0,0,0,-20000,0,0,0,1000,21000,-20000,-20000
063189,臻鼎凱基9B購01  ,0,0,0,0,0,0,0,0,0,-20000,0,0,0,0,20000,-20000,-20000
063138,聯發科統一01購05,0,0,0,0,0,0,0,0,0,-20000,0,0,0,0,20000,-20000,-20000
07825P,健策國泰9B售04  ,0,0,0,0,0,0,0,0,0,-21000,0,0,0,0,21000,-21000,-21000
07647P,健策國票9A售04  ,0,0,0,0,0,0,0,0,0,-21000,0,0,0,3000,24000,-21000,-21000
08228P,華擎國票9C售01  ,0,0,0,0,0,0,0,0,0,-21000,0,0,0,0,21000,-21000,-21000
08330P,聯發科統一9C售13,0,0,0,0,0,0,0,0,0,-21000,0,0,0,0,21000,-21000,-21000
063858,鴻海國泰02購01  ,0,0,0,0,0,0,0,0,0,-21000,0,0,0,0,21000,-21000,-21000
06678P,大立光統一99售01,0,0,0,0,0,0,0,0,0,-21000,0,0,0,0,21000,-21000,-21000
064119,上銀元大9C購06  ,0,0,0,0,0,0,0,0,0,-21000,0,0,0,0,21000,-21000,-21000
053291,旺宏中信9A購01  ,0,0,0,0,0,0,0,0,0,-21000,0,0,0,0,21000,-21000,-21000
051055,友達群益98購01  ,0,0,0,0,0,0,0,0,0,-21000,0,0,0,35000,56000,-21000,-21000
056544,貿聯凱基98購03  ,0,0,0,0,0,0,0,0,0,-21000,0,0,0,0,21000,-21000,-21000
058623,國巨國票99購08  ,0,0,0,0,0,0,0,0,0,-21000,0,0,0,16000,37000,-21000,-21000
059181,世紀鋼元富9C購01,0,0,0,0,0,0,0,0,0,-21000,0,0,0,257000,278000,-21000,-21000
057084,立積統一9B購01  ,0,0,0,0,0,0,0,0,0,-21000,0,0,0,30000,51000,-21000,-21000
059494,國巨國票9C購01  ,0,0,0,0,0,0,0,0,0,-21000,0,0,0,0,21000,-21000,-21000
058086,鴻海元大98購14  ,0,0,0,0,0,0,0,0,0,-21000,0,0,0,6000,27000,-21000,-21000
058970,鴻海永豐99購02  ,0,0,0,0,0,0,0,0,0,-21000,0,0,0,9000,30000,-21000,-21000
062322,元金2X統一01購01,0,0,0,0,0,0,0,0,0,-21000,0,0,0,0,21000,-21000,-21000
062670,瑞昱中信03購01  ,0,0,0,0,0,0,0,0,0,-21000,0,0,0,33000,54000,-21000,-21000
060819,國巨統一9C購04  ,0,0,0,0,0,0,0,0,0,-21000,0,0,0,0,21000,-21000,-21000
060888,金像電統一9C購01,0,0,0,0,0,0,0,0,0,-21000,0,0,0,71000,92000,-21000,-21000
061223,T50反1中信01購01,0,0,0,0,0,0,0,0,0,-21000,0,0,0,0,21000,-21000,-21000
061233,國巨元大9A購17  ,0,0,0,0,0,0,0,0,0,-21000,0,0,0,14000,35000,-21000,-21000
061809,聯發科統一9C購05,0,0,0,0,0,0,0,0,0,-21000,0,0,0,0,21000,-21000,-21000
6282,康舒            ,623000,649000,-26000,0,0,0,0,0,0,5000,5000,0,5000,0,0,0,-21000
064103,大立光群益9C購03,0,0,0,0,0,0,0,0,0,-22000,0,0,0,253000,275000,-22000,-22000
06971P,台光電元大99售03,0,0,0,0,0,0,0,0,0,-22000,0,0,0,0,22000,-22000,-22000
063770,台灣50富邦03購01,0,0,0,0,0,0,0,0,0,-22000,0,0,0,10000,32000,-22000,-22000
063913,貿聯凱基02購01  ,0,0,0,0,0,0,0,0,0,-22000,0,0,0,19000,41000,-22000,-22000
063711,高鐵凱基9B購01  ,0,0,0,0,0,0,0,0,0,-22000,0,0,0,18000,40000,-22000,-22000
08325P,臺股指凱基9C售08,0,0,0,0,0,0,0,0,0,-22000,0,0,0,0,22000,-22000,-22000
07711P,世芯元大9A售07  ,0,0,0,0,0,0,0,0,0,-22000,0,0,0,199000,221000,-22000,-22000
07189P,聯發科富邦9B售03,0,0,0,0,0,0,0,0,0,-22000,0,0,0,0,22000,-22000,-22000
07756P,台灣50國票04售01,0,0,0,0,0,0,0,0,0,-22000,0,0,0,0,22000,-22000,-22000
060235,瑞昱元大9A購01  ,0,0,0,0,0,0,0,0,0,-22000,0,0,0,27000,49000,-22000,-22000
055227,聯發科國票98購02,0,0,0,0,0,0,0,0,0,-22000,0,0,0,0,22000,-22000,-22000
052681,T50反1元大98購02,0,0,0,0,0,0,0,0,0,-22000,0,0,0,3000,25000,-22000,-22000
056745,聯茂凱基99購03  ,0,0,0,0,0,0,0,0,0,-22000,0,0,0,0,22000,-22000,-22000
057391,樺漢永豐98購01  ,0,0,0,0,0,0,0,0,0,-22000,0,0,0,0,22000,-22000,-22000
057404,貿聯群益99購01  ,0,0,0,0,0,0,0,0,0,-22000,0,0,0,24000,46000,-22000,-22000
059910,鴻海元大99購37  ,0,0,0,0,0,0,0,0,0,-22000,0,0,0,7000,29000,-22000,-22000
060188,華新科元富9A購03,0,0,0,0,0,0,0,0,0,-22000,0,0,0,40000,62000,-22000,-22000
060386,台勝科凱基9B購01,0,0,0,0,0,0,0,0,0,-22000,0,0,0,30000,52000,-22000,-22000
061661,京鼎永豐9A購02  ,0,0,0,0,0,0,0,0,0,-22000,0,0,0,120000,142000,-22000,-22000
061293,聯茂統一9A購01  ,0,0,0,0,0,0,0,0,0,-22000,0,0,0,68000,90000,-22000,-22000
061427,旭富元大9A購02  ,0,0,0,0,0,0,0,0,0,-22000,0,0,0,79000,101000,-22000,-22000
062760,漢唐凱基9B購01  ,0,0,0,0,0,0,0,0,0,-22000,0,0,0,20000,42000,-22000,-22000
062530,大立光統一01購03,0,0,0,0,0,0,0,0,0,-22000,0,0,0,0,22000,-22000,-22000
062531,大立光統一9C購06,0,0,0,0,0,0,0,0,0,-22000,0,0,0,0,22000,-22000,-22000
062238,臻鼎凱基9C購01  ,0,0,0,0,0,0,0,0,0,-22000,0,0,0,53000,75000,-22000,-22000
062205,奇力新國票9C購01,0,0,0,0,0,0,0,0,0,-22000,0,0,0,0,22000,-22000,-22000
063215,台表科國票9C購02,0,0,0,0,0,0,0,0,0,-22000,0,0,0,7000,29000,-22000,-22000
6235,華孚            ,21000,44000,-23000,0,0,0,0,0,0,1000,1000,0,1000,0,0,0,-22000
4930,燦星網          ,5000,27000,-22000,0,0,0,0,0,0,0,0,0,0,0,0,0,-22000
3050,鈺德            ,3000,25000,-22000,0,0,0,0,0,0,0,0,0,0,0,0,0,-22000
2939,凱羿-KY         ,48000,64000,-16000,0,0,0,0,129,-129,-6000,3000,9000,-6000,0,0,0,-22129
07891P,臺股指國票9B售01,0,0,0,0,0,0,0,0,0,-23000,0,0,0,2000,25000,-23000,-23000
08040P,臺股指群益9B售13,0,0,0,0,0,0,0,0,0,-23000,0,0,0,30000,53000,-23000,-23000
07578P,高鐵元大9A售02  ,0,0,0,0,0,0,0,0,0,-23000,0,0,0,10000,33000,-23000,-23000
2062,橋椿            ,30000,54000,-24000,0,0,0,0,0,0,1000,1000,0,1000,0,0,0,-23000
064034,台表科元大9C購07,0,0,0,0,0,0,0,0,0,-23000,0,0,0,99000,122000,-23000,-23000
063803,世紀鋼凱基01購01,0,0,0,0,0,0,0,0,0,-23000,0,0,0,87000,110000,-23000,-23000
063831,帆宣國票01購01  ,0,0,0,0,0,0,0,0,0,-23000,0,0,0,0,23000,-23000,-23000
06731P,聯茂元大98售05  ,0,0,0,0,0,0,0,0,0,-23000,0,0,0,0,23000,-23000,-23000
064251,緯創元富9C購01  ,0,0,0,0,0,0,0,0,0,-23000,0,0,0,0,23000,-23000,-23000
064284,京鼎元大9C購01  ,0,0,0,0,0,0,0,0,0,-23000,0,0,0,5000,28000,-23000,-23000
053728,茂林凱基97購01  ,0,0,0,0,0,0,0,0,0,-23000,0,0,0,20000,43000,-23000,-23000
03670C,元油2X元富99牛01,0,0,0,0,0,0,0,0,0,-23000,0,0,0,11000,34000,-23000,-23000
00682U,元大美元指數    ,0,0,0,0,0,0,0,0,0,-23000,0,0,0,0,23000,-23000,-23000
055287,日電貿元大97購01,0,0,0,0,0,0,0,0,0,-23000,0,0,0,27000,50000,-23000,-23000
058275,S&P500中信9B購01,0,0,0,0,0,0,0,0,0,-23000,0,0,0,0,23000,-23000,-23000
054679,台積電康和99購01,0,0,0,0,0,0,0,0,0,-23000,0,0,0,0,23000,-23000,-23000
054791,泰碩群益99購02  ,0,0,0,0,0,0,0,0,0,-23000,0,0,0,200000,223000,-23000,-23000
054785,建準群益98購01  ,0,0,0,0,0,0,0,0,0,-23000,0,0,0,70000,93000,-23000,-23000
060327,美律群益9A購02  ,0,0,0,0,0,0,0,0,0,-23000,0,0,0,232000,255000,-23000,-23000
060560,欣興國泰9C購01  ,0,0,0,0,0,0,0,0,0,-23000,0,0,0,9000,32000,-23000,-23000
059511,宏達電永豐99購02,0,0,0,0,0,0,0,0,0,-23000,0,0,0,32000,55000,-23000,-23000
057318,台光電凱基9A購01,0,0,0,0,0,0,0,0,0,-23000,0,0,0,0,23000,-23000,-23000
059326,康友元大99購01  ,0,0,0,0,0,0,0,0,0,-23000,0,0,0,471000,494000,-23000,-23000
058439,玉晶光統一01購02,0,0,0,0,0,0,0,0,0,-23000,0,0,0,5000,28000,-23000,-23000
059210,鴻海元大99購26  ,0,0,0,0,0,0,0,0,0,-23000,0,0,0,46000,69000,-23000,-23000
063258,緯穎國泰9C購01  ,0,0,0,0,0,0,0,0,0,-23000,0,0,0,531000,554000,-23000,-23000
062864,臺股指國票9B購21,0,0,0,0,0,0,0,0,0,-23000,0,0,0,1000,24000,-23000,-23000
062952,台積電永豐9B購02,0,0,0,0,0,0,0,0,0,-23000,0,0,0,2000,25000,-23000,-23000
062623,元金2X國票01購01,0,0,0,0,0,0,0,0,0,-23000,0,0,0,0,23000,-23000,-23000
062628,廣達國票9B購01  ,0,0,0,0,0,0,0,0,0,-23000,0,0,0,14000,37000,-23000,-23000
062801,宏達電統一01購01,0,0,0,0,0,0,0,0,0,-23000,0,0,0,373000,396000,-23000,-23000
061294,奇力新麥證9A購01,0,0,0,0,23000,-23000,0,0,0,-23000,0,0,0,0,23000,-23000,-23000
060985,聯發科元大9A購06,0,0,0,0,0,0,0,0,0,-23000,0,0,0,20000,43000,-23000,-23000
061613,南六統一9C購01  ,0,0,0,0,0,0,0,0,0,-23000,0,0,0,64000,87000,-23000,-23000
06188P,大立光元富97售01,0,0,0,0,0,0,0,0,0,-23000,0,0,0,1000,24000,-23000,-23000
3041,揚智            ,215000,209000,6000,0,0,0,0,0,0,-29000,1000,30000,-29000,0,0,0,-23000
3048,益登            ,191000,216000,-25000,0,0,0,0,0,0,2000,3000,1000,2000,0,0,0,-23000
6449,鈺邦            ,10000,35000,-25000,0,0,0,0,0,0,2000,4000,2000,2000,0,0,0,-23000
064159,新日興統一01購02,0,0,0,0,0,0,0,0,0,-24000,0,0,0,0,24000,-24000,-24000
07099P,台積電元大99售19,0,0,0,0,0,0,0,0,0,-24000,0,0,0,0,24000,-24000,-24000
063908,國巨凱基9C購06  ,0,0,0,0,0,0,0,0,0,-24000,0,0,0,0,24000,-24000,-24000
063569,美食元大9B購03  ,0,0,0,0,0,0,0,0,0,-24000,0,0,0,86000,110000,-24000,-24000
07520P,臺股指元大9B售11,0,0,0,0,0,0,0,0,0,-24000,0,0,0,0,24000,-24000,-24000
08096P,大立光元富9B售04,0,0,0,0,0,0,0,0,0,-24000,0,0,0,13000,37000,-24000,-24000
058320,華新科永豐99購02,0,0,0,0,0,0,0,0,0,-24000,0,0,0,26000,50000,-24000,-24000
058480,新日興凱基9A購01,0,0,0,0,0,0,0,0,0,-24000,0,0,0,10000,34000,-24000,-24000
058612,健策元大99購02  ,0,0,0,0,0,0,0,0,0,-24000,0,0,0,1000,25000,-24000,-24000
056480,京鼎元大98購02  ,0,0,0,0,0,0,0,0,0,-24000,0,0,0,151000,175000,-24000,-24000
00733,富邦臺灣中小    ,0,0,0,0,0,0,0,0,0,-24000,0,0,0,202000,226000,-24000,-24000
058519,嘉澤元大99購01  ,0,0,0,0,0,0,0,0,0,-24000,0,0,0,23000,47000,-24000,-24000
058409,鴻海兆豐99購05  ,0,0,0,0,0,0,0,0,0,-24000,0,0,0,11000,35000,-24000,-24000
058118,瑞昱群益99購01  ,0,0,0,0,0,0,0,0,0,-24000,0,0,0,42000,66000,-24000,-24000
058110,光寶科元富98購01,0,0,0,0,0,0,0,0,0,-24000,0,0,0,80000,104000,-24000,-24000
057888,貿聯群益98購02  ,0,0,0,0,0,0,0,0,0,-24000,0,0,0,110000,134000,-24000,-24000
058800,健策元大99購03  ,0,0,0,0,0,0,0,0,0,-24000,0,0,0,24000,48000,-24000,-24000
060626,貿聯元大9A購04  ,0,0,0,0,0,0,0,0,0,-24000,0,0,0,56000,80000,-24000,-24000
060018,國產康和99購01  ,0,0,0,0,0,0,0,0,0,-24000,0,0,0,0,24000,-24000,-24000
060044,大立光群益99購09,0,0,0,0,0,0,0,0,0,-24000,0,0,0,3000,27000,-24000,-24000
061852,大立光國票9B購02,0,0,0,0,0,0,0,0,0,-24000,0,0,0,46000,70000,-24000,-24000
062048,義隆台新9B購01  ,0,0,0,0,0,0,0,0,0,-24000,0,0,0,7000,31000,-24000,-24000
062074,旺宏元大9B購04  ,0,0,0,0,0,0,0,0,0,-24000,0,0,0,26000,50000,-24000,-24000
061649,緯穎元大9A購06  ,0,0,0,0,0,0,0,0,0,-24000,0,0,0,44000,68000,-24000,-24000
061216,世芯元大9A購06  ,0,0,0,0,0,0,0,0,0,-24000,0,0,0,13000,37000,-24000,-24000
061129,文曄永豐9A購01  ,0,0,0,0,0,0,0,0,0,-24000,0,0,0,356000,380000,-24000,-24000
062188,貿聯元大9B購02  ,0,0,0,0,0,0,0,0,0,-24000,0,0,0,6000,30000,-24000,-24000
063018,聯發科元大9B購14,0,0,0,0,0,0,0,0,0,-24000,0,0,0,36000,60000,-24000,-24000
063123,聯發科元大9B購16,0,0,0,0,0,0,0,0,0,-24000,0,0,0,46000,70000,-24000,-24000
063160,牧德富邦9C購02  ,0,0,0,0,0,0,0,0,0,-24000,0,0,0,0,24000,-24000,-24000
4968,立積            ,645000,985000,-340000,0,0,0,306000,0,306000,10000,44000,28000,16000,50000,56000,-6000,-24000
07181P,臺股指凱基99售23,0,0,0,0,0,0,0,0,0,-25000,0,0,0,0,25000,-25000,-25000
07319P,台積電凱基01售02,0,0,0,0,0,0,0,0,0,-25000,0,0,0,199000,224000,-25000,-25000
07256P,臺股指凱基99售36,0,0,0,0,0,0,0,0,0,-25000,0,0,0,0,25000,-25000,-25000
08197P,聯發科元大9B售24,0,0,0,0,0,0,0,0,0,-25000,0,0,0,0,25000,-25000,-25000
063415,台積電凱基03購01,0,0,0,0,0,0,0,0,0,-25000,0,0,0,0,25000,-25000,-25000
063648,台表科元大9C購05,0,0,0,0,0,0,0,0,0,-25000,0,0,0,30000,55000,-25000,-25000
063584,南六國泰01購01  ,0,0,0,0,0,0,0,0,0,-25000,0,0,0,25000,50000,-25000,-25000
063941,國巨元大9C購12  ,0,0,0,0,0,0,0,0,0,-25000,0,0,0,1000,26000,-25000,-25000
07083P,台積電統一9A售06,0,0,0,0,0,0,0,0,0,-25000,0,0,0,0,25000,-25000,-25000
06869P,金融類元大99售01,0,0,0,0,0,0,0,0,0,-25000,0,0,0,0,25000,-25000,-25000
06729P,聯詠元大98售03  ,0,0,0,0,0,0,0,0,0,-25000,0,0,0,10000,35000,-25000,-25000
064143,旺宏統一01購05  ,0,0,0,0,0,0,0,0,0,-25000,0,0,0,0,25000,-25000,-25000
064121,國巨元大9C購16  ,0,0,0,0,0,0,0,0,0,-25000,0,0,0,0,25000,-25000,-25000
064089,新日興凱基02購01,0,0,0,0,0,0,0,0,0,-25000,0,0,0,0,25000,-25000,-25000
06427P,鴻海元大97售13  ,0,0,0,0,0,0,0,0,0,-25000,0,0,0,96000,121000,-25000,-25000
064281,大立光元大9C購12,0,0,0,0,0,0,0,0,0,-25000,0,0,0,0,25000,-25000,-25000
064282,大立光元大9C購13,0,0,0,0,0,0,0,0,0,-25000,0,0,0,0,25000,-25000,-25000
064260,矽創富邦9C購01  ,0,0,0,0,0,0,0,0,0,-25000,0,0,0,0,25000,-25000,-25000
054163,燿華凱基97購02  ,0,0,0,0,0,0,0,0,0,-25000,0,0,0,0,25000,-25000,-25000
052775,滬深2X國票99購02,0,0,0,0,0,0,0,0,0,-25000,0,0,0,0,25000,-25000,-25000
053232,友達永豐97購02  ,0,0,0,0,0,0,0,0,0,-25000,0,0,0,50000,75000,-25000,-25000
056178,嘉澤元富97購02  ,0,0,0,0,0,0,0,0,0,-25000,0,0,0,8000,33000,-25000,-25000
056331,聯鈞國票99購01  ,0,0,0,0,0,0,0,0,0,-25000,0,0,0,45000,70000,-25000,-25000
055160,玉晶光元大99購03,0,0,0,0,0,0,0,0,0,-25000,0,0,0,0,25000,-25000,-25000
059988,大立光元大9A購02,0,0,0,0,0,0,0,0,0,-25000,0,0,0,0,25000,-25000,-25000
060184,建準元富9A購01  ,0,0,0,0,0,0,0,0,0,-25000,0,0,0,0,25000,-25000,-25000
060658,台灣50凱基01購04,0,0,0,0,0,0,0,0,0,-25000,0,0,0,0,25000,-25000,-25000
060498,華通元大9A購03  ,0,0,0,0,0,0,0,0,0,-25000,0,0,0,1000,26000,-25000,-25000
060464,台積電元大9A購11,0,0,0,0,0,0,0,0,0,-25000,0,0,0,6000,31000,-25000,-25000
059533,富邦金凱基99購01,0,0,0,0,0,0,0,0,0,-25000,0,0,0,20000,45000,-25000,-25000
057638,上銀元大99購01  ,0,0,0,0,0,0,0,0,0,-25000,0,0,0,2000,27000,-25000,-25000
057240,茂林凱基9A購01  ,0,0,0,0,0,0,0,0,0,-25000,0,0,0,76000,101000,-25000,-25000
058042,鴻海元大98購12  ,0,0,0,0,0,0,0,0,0,-25000,0,0,0,55000,80000,-25000,-25000
057923,晶豪科凱基98購02,0,0,0,0,0,0,0,0,0,-25000,0,0,0,20000,45000,-25000,-25000
057449,華新科元富99購02,0,0,0,0,0,0,0,0,0,-25000,0,0,0,5000,30000,-25000,-25000
058929,可成統一9C購01  ,0,0,0,0,0,0,0,0,0,-25000,0,0,0,47000,72000,-25000,-25000
05851P,力山群益97售01  ,0,0,0,0,0,0,0,0,0,-25000,0,0,0,0,25000,-25000,-25000
063124,奇力新元大9B購05,0,0,0,0,0,0,0,0,0,-25000,0,0,0,65000,90000,-25000,-25000
063212,聯發科國票9C購02,0,0,0,0,0,0,0,0,0,-25000,0,0,0,0,25000,-25000,-25000
06326P,鴻海中信01售01  ,0,0,0,0,0,0,0,0,0,-25000,0,0,0,85000,110000,-25000,-25000
06328P,台積電中信01售02,0,0,0,0,0,0,0,0,0,-25000,0,0,0,10000,35000,-25000,-25000
063009,國巨元大9B購18  ,0,0,0,0,0,0,0,0,0,-25000,0,0,0,0,25000,-25000,-25000
063116,大立光麥證9C購01,0,0,0,5000,30000,-25000,0,0,0,-25000,0,0,0,5000,30000,-25000,-25000
062941,大立光凱基9B購07,0,0,0,0,0,0,0,0,0,-25000,0,0,0,3000,28000,-25000,-25000
062445,大立光元大9C購02,0,0,0,0,0,0,0,0,0,-25000,0,0,0,0,25000,-25000,-25000
062795,國巨統一9B購15  ,0,0,0,0,0,0,0,0,0,-25000,0,0,0,0,25000,-25000,-25000
062685,華新科統一9C購03,0,0,0,0,0,0,0,0,0,-25000,0,0,0,50000,75000,-25000,-25000
061343,大立光元大9A購04,0,0,0,0,0,0,0,0,0,-25000,0,0,0,0,25000,-25000,-25000
061589,世紀鋼富邦9B購01,0,0,0,0,0,0,0,0,0,-25000,0,0,0,639000,664000,-25000,-25000
062072,國巨元大9B購05  ,0,0,0,0,0,0,0,0,0,-25000,0,0,0,0,25000,-25000,-25000
062135,國巨群益9B購05  ,0,0,0,0,0,0,0,0,0,-25000,0,0,0,100000,125000,-25000,-25000
061988,大立光元大9B購04,0,0,0,0,0,0,0,0,0,-25000,0,0,0,0,25000,-25000,-25000
061992,祥碩元大9B購02  ,0,0,0,0,0,0,0,0,0,-25000,0,0,0,23000,48000,-25000,-25000
061976,國巨元大9B購01  ,0,0,0,0,0,0,0,0,0,-25000,0,0,0,50000,75000,-25000,-25000
3257,虹冠電          ,209000,241000,-32000,0,0,0,0,0,0,7000,7000,0,7000,0,0,0,-25000
4572,駐龍            ,28000,53000,-25000,0,0,0,0,0,0,0,0,0,0,0,0,0,-25000
064280,大立光元大9C購11,0,0,0,0,0,0,0,0,0,-26000,0,0,0,0,26000,-26000,-26000
06439P,上銀凱基98售02  ,0,0,0,0,0,0,0,0,0,-26000,0,0,0,94000,120000,-26000,-26000
064160,新日興統一01購03,0,0,0,0,0,0,0,0,0,-26000,0,0,0,0,26000,-26000,-26000
06766P,玉晶光元大99售10,0,0,0,0,0,0,0,0,0,-26000,0,0,0,112000,138000,-26000,-26000
06783P,亞光元大98售03  ,0,0,0,0,0,0,0,0,0,-26000,0,0,0,0,26000,-26000,-26000
07035P,大立光元富99售04,0,0,0,0,0,0,0,0,0,-26000,0,0,0,7000,33000,-26000,-26000
064003,台積電凱基01購03,0,0,0,0,0,0,0,0,0,-26000,0,0,0,5000,31000,-26000,-26000
063755,上銀統一9C購03  ,0,0,0,0,0,0,0,0,0,-26000,0,0,0,0,26000,-26000,-26000
08219P,上銀凱基9B售08  ,0,0,0,0,0,0,0,0,0,-26000,0,0,0,67000,93000,-26000,-26000
08332P,智邦台新9C售03  ,0,0,0,0,0,0,0,0,0,-26000,0,0,0,0,26000,-26000,-26000
2029,盛餘            ,41000,67000,-26000,0,0,0,0,0,0,0,0,0,0,0,0,0,-26000
2425,承啟            ,33000,68000,-35000,0,0,0,0,0,0,9000,9000,0,9000,0,0,0,-26000
07146P,瑞昱元大99售02  ,0,0,0,0,0,0,0,0,0,-26000,0,0,0,161000,187000,-26000,-26000
05639P,欣興統一97售01  ,0,0,0,0,0,0,0,0,0,-26000,0,0,0,4000,30000,-26000,-26000
056167,力成台新97購01  ,0,0,0,0,0,0,0,0,0,-26000,0,0,0,0,26000,-26000,-26000
058335,鴻海元富99購06  ,0,0,0,0,0,0,0,0,0,-26000,0,0,0,0,26000,-26000,-26000
056101,光磊永豐98購01  ,0,0,0,0,0,0,0,0,0,-26000,0,0,0,42000,68000,-26000,-26000
055698,茂林國票98購03  ,0,0,0,0,0,0,0,0,0,-26000,0,0,0,25000,51000,-26000,-26000
054101,茂林國票97購04  ,0,0,0,0,0,0,0,0,0,-26000,0,0,0,0,26000,-26000,-26000
057757,鴻海凱基98購13  ,0,0,0,0,0,0,0,0,0,-26000,0,0,0,8000,34000,-26000,-26000
059209,華通元大99購08  ,0,0,0,0,0,0,0,0,0,-26000,0,0,0,6000,32000,-26000,-26000
057822,牧德元大9A購01  ,0,0,0,0,0,0,0,0,0,-26000,0,0,0,0,26000,-26000,-26000
060169,群電永豐9A購01  ,0,0,0,0,0,0,0,0,0,-26000,0,0,0,23000,49000,-26000,-26000
059987,大立光元大99購28,0,0,0,0,0,0,0,0,0,-26000,0,0,0,0,26000,-26000,-26000
061968,聯發科統一01購03,0,0,0,0,0,0,0,0,0,-26000,0,0,0,0,26000,-26000,-26000
061656,華新科國票9A購08,0,0,0,0,0,0,0,0,0,-26000,0,0,0,6000,32000,-26000,-26000
061463,智邦群益9A購02  ,0,0,0,0,0,0,0,0,0,-26000,0,0,0,10000,36000,-26000,-26000
061110,超眾元大9A購03  ,0,0,0,0,0,0,0,0,0,-26000,0,0,0,22000,48000,-26000,-26000
061210,玉山金元大9A購02,0,0,0,0,0,0,0,0,0,-26000,0,0,0,74000,100000,-26000,-26000
061242,玉晶光兆豐9B購02,0,0,0,0,0,0,0,0,0,-26000,0,0,0,34000,60000,-26000,-26000
061244,和碩兆豐9A購01  ,0,0,0,0,0,0,0,0,0,-26000,0,0,0,121000,147000,-26000,-26000
060939,鴻海國票9A購06  ,0,0,0,0,0,0,0,0,0,-26000,0,0,0,12000,38000,-26000,-26000
060887,台積電統一01購01,0,0,0,0,0,0,0,0,0,-26000,0,0,0,0,26000,-26000,-26000
062783,大立光元大9C購03,0,0,0,0,0,0,0,0,0,-26000,0,0,0,0,26000,-26000,-26000
062513,玉晶光國票9C購01,0,0,0,0,0,0,0,0,0,-26000,0,0,0,150000,176000,-26000,-26000
062375,祥碩元大9B購03  ,0,0,0,0,0,0,0,0,0,-26000,0,0,0,4000,30000,-26000,-26000
063132,台表科元大9C購02,0,0,0,0,0,0,0,0,0,-26000,0,0,0,136000,162000,-26000,-26000
3035,智原            ,648000,816000,-168000,0,0,0,0,0,0,142000,3000,10000,-7000,153000,4000,149000,-26000
8222,寶一            ,58000,85000,-27000,0,0,0,0,0,0,1000,1000,0,1000,0,0,0,-26000
08092P,仁寶元富9B售02  ,0,0,0,0,0,0,0,0,0,-27000,0,0,0,36000,63000,-27000,-27000
08068P,宏達電國泰9C售01,0,0,0,0,0,0,0,0,0,-27000,0,0,0,7000,34000,-27000,-27000
07994P,臺股指群益9B售04,0,0,0,0,0,0,0,0,0,-27000,0,0,0,120000,147000,-27000,-27000
063745,喬山國票9C購01  ,0,0,0,0,0,0,0,0,0,-27000,0,0,0,0,27000,-27000,-27000
064292,南茂元大01購01  ,0,0,0,0,0,0,0,0,0,-27000,0,0,0,0,27000,-27000,-27000
053378,台積電元大98購02,0,0,0,0,0,0,0,0,0,-27000,0,0,0,53000,80000,-27000,-27000
060621,玉晶光元大9A購05,0,0,0,0,0,0,0,0,0,-27000,0,0,0,64000,91000,-27000,-27000
057232,京元電凱基98購02,0,0,0,0,0,0,0,0,0,-27000,0,0,0,80000,107000,-27000,-27000
058956,健策國票9A購02  ,0,0,0,0,0,0,0,0,0,-27000,0,0,0,3000,30000,-27000,-27000
059237,鴻海凱基9A購10  ,0,0,0,0,0,0,0,0,0,-27000,0,0,0,7000,34000,-27000,-27000
059053,鴻海凱基99購07  ,0,0,0,0,0,0,0,0,0,-27000,0,0,0,8000,35000,-27000,-27000
063310,和大群益9B購02  ,0,0,0,0,0,0,0,0,0,-27000,0,0,0,33000,60000,-27000,-27000
062863,聯茂國票9B購01  ,0,0,0,0,0,0,0,0,0,-27000,0,0,0,14000,41000,-27000,-27000
062350,台表科群益9B購01,0,0,0,0,0,0,0,0,0,-27000,0,0,0,77000,104000,-27000,-27000
060943,宏達電國票9B購02,0,0,0,0,0,0,0,0,0,-27000,0,0,0,4000,31000,-27000,-27000
061243,麗豐兆豐9A購01  ,0,0,0,0,0,0,0,0,0,-27000,0,0,0,138000,165000,-27000,-27000
061969,大立光統一01購02,0,0,0,0,0,0,0,0,0,-27000,0,0,0,60000,87000,-27000,-27000
061839,華新科凱基05購04,0,0,0,0,0,0,0,0,0,-27000,0,0,0,4000,31000,-27000,-27000
061824,聯電麥證9B購01  ,0,0,0,314000,341000,-27000,0,0,0,-27000,0,0,0,314000,341000,-27000,-27000
6558,興能高          ,52900,81000,-28100,0,0,0,0,0,0,1000,1000,0,1000,0,0,0,-27100
2357,華碩            ,1458534,1579508,-120974,0,0,0,106000,8000,98000,-5000,2000,0,2000,0,7000,-7000,-27974
08280P,臺股指中信02售01,0,0,0,0,0,0,0,0,0,-28000,0,0,0,0,28000,-28000,-28000
08230P,台表科國票9C售03,0,0,0,0,0,0,0,0,0,-28000,0,0,0,46000,74000,-28000,-28000
07903P,台積電群益9B售03,0,0,0,0,0,0,0,0,0,-28000,0,0,0,0,28000,-28000,-28000
07249P,T50正2富邦03售02,0,0,0,0,0,0,0,0,0,-28000,0,0,0,0,28000,-28000,-28000
07639P,緯穎國票9A售01  ,0,0,0,0,0,0,0,0,0,-28000,0,0,0,32000,60000,-28000,-28000
06510P,燿華永豐98售03  ,0,0,0,0,0,0,0,0,0,-28000,0,0,0,12000,40000,-28000,-28000
064010,GIS凱基02購01   ,0,0,0,0,0,0,0,0,0,-28000,0,0,0,5000,33000,-28000,-28000
054627,義隆凱基98購01  ,0,0,0,0,0,0,0,0,0,-28000,0,0,0,12000,40000,-28000,-28000
060230,台積電元大9A購07,0,0,0,0,0,0,0,0,0,-28000,0,0,0,66000,94000,-28000,-28000
056451,可成凱基99購01  ,0,0,0,0,0,0,0,0,0,-28000,0,0,0,0,28000,-28000,-28000
05579P,友達凱基98售03  ,0,0,0,0,0,0,0,0,0,-28000,0,0,0,17000,45000,-28000,-28000
057647,欣興元大98購10  ,0,0,0,0,0,0,0,0,0,-28000,0,0,0,35000,63000,-28000,-28000
057587,微星國票99購01  ,0,0,0,0,0,0,0,0,0,-28000,0,0,0,16000,44000,-28000,-28000
058055,華擎統一9A購01  ,0,0,0,0,0,0,0,0,0,-28000,0,0,0,92000,120000,-28000,-28000
059656,T50反1元大99購11,0,0,0,0,0,0,0,0,0,-28000,0,0,0,0,28000,-28000,-28000
060659,鴻海凱基9B購03  ,0,0,0,0,0,0,0,0,0,-28000,0,0,0,5000,33000,-28000,-28000
060705,台光電富邦9B購01,0,0,0,0,0,0,0,0,0,-28000,0,0,0,0,28000,-28000,-28000
060472,中租元大9A購02  ,0,0,0,0,0,0,0,0,0,-28000,0,0,0,0,28000,-28000,-28000
060015,國巨康和99購03  ,0,0,0,0,0,0,0,0,0,-28000,0,0,0,3000,31000,-28000,-28000
060200,同欣電元富9A購01,0,0,0,0,0,0,0,0,0,-28000,0,0,0,6000,34000,-28000,-28000
060368,緯穎元富9A購03  ,0,0,0,0,0,0,0,0,0,-28000,0,0,0,22000,50000,-28000,-28000
061957,上銀統一01購01  ,0,0,0,0,0,0,0,0,0,-28000,0,0,0,29000,57000,-28000,-28000
061378,南六永豐9A購03  ,0,0,0,0,0,0,0,0,0,-28000,0,0,0,53000,81000,-28000,-28000
060922,金像電永豐9A購01,0,0,0,0,0,0,0,0,0,-28000,0,0,0,7000,35000,-28000,-28000
062312,大立光凱基9B購03,0,0,0,0,0,0,0,0,0,-28000,0,0,0,2000,30000,-28000,-28000
062439,聯發科元大9B購10,0,0,0,0,0,0,0,0,0,-28000,0,0,0,10000,38000,-28000,-28000
062786,立積元大9C購03  ,0,0,0,0,0,0,0,0,0,-28000,0,0,0,218000,246000,-28000,-28000
062909,大立光元大9C購04,0,0,0,0,0,0,0,0,0,-28000,0,0,0,78000,106000,-28000,-28000
063084,可成凱基9C購01  ,0,0,0,0,0,0,0,0,0,-28000,0,0,0,13000,41000,-28000,-28000
063301,鴻海凱基9B購08  ,0,0,0,0,0,0,0,0,0,-28000,0,0,0,3000,31000,-28000,-28000
6531,愛普            ,33000,96000,-63000,0,0,0,0,0,0,35000,18000,12000,6000,29000,0,29000,-28000
06395P,台積電元大97售29,0,0,0,0,0,0,0,0,0,-29000,0,0,0,1000,30000,-29000,-29000
06389P,聯發科兆豐97售01,0,0,0,0,0,0,0,0,0,-29000,0,0,0,0,29000,-29000,-29000
07272P,台灣50元大9C售05,0,0,0,0,0,0,0,0,0,-29000,0,0,0,0,29000,-29000,-29000
08062P,華擎國票9B售03  ,0,0,0,0,0,0,0,0,0,-29000,0,0,0,0,29000,-29000,-29000
056271,嘉澤統一97購01  ,0,0,0,0,0,0,0,0,0,-29000,0,0,0,0,29000,-29000,-29000
052738,聯電元大98購02  ,0,0,0,0,0,0,0,0,0,-29000,0,0,0,111000,140000,-29000,-29000
060364,奇力新元富9A購01,0,0,0,0,0,0,0,0,0,-29000,0,0,0,20000,49000,-29000,-29000
060114,緯穎元大99購10  ,0,0,0,0,0,0,0,0,0,-29000,0,0,0,31000,60000,-29000,-29000
057281,大立光元大98購16,0,0,0,0,0,0,0,0,0,-29000,0,0,0,40000,69000,-29000,-29000
057947,和碩國票99購01  ,0,0,0,0,0,0,0,0,0,-29000,0,0,0,0,29000,-29000,-29000
058438,大立光統一9B購01,0,0,0,0,0,0,0,0,0,-29000,0,0,0,0,29000,-29000,-29000
059029,旺宏兆豐99購01  ,0,0,0,0,0,0,0,0,0,-29000,0,0,0,38000,67000,-29000,-29000
063276,和大元大9B購01  ,0,0,0,0,0,0,0,0,0,-29000,0,0,0,53000,82000,-29000,-29000
063133,喬山統一01購01  ,0,0,0,0,0,0,0,0,0,-29000,0,0,0,340000,369000,-29000,-29000
062584,鴻海統一9C購13  ,0,0,0,0,0,0,0,0,0,-29000,0,0,0,29000,58000,-29000,-29000
062575,景碩群益9B購01  ,0,0,0,0,0,0,0,0,0,-29000,0,0,0,1000,30000,-29000,-29000
062389,台表科國泰01購01,0,0,0,0,0,0,0,0,0,-29000,0,0,0,0,29000,-29000,-29000
061126,京元電永豐9A購02,0,0,0,0,0,0,0,0,0,-29000,0,0,0,5000,34000,-29000,-29000
061859,勤誠國票9B購01  ,0,0,0,0,0,0,0,0,0,-29000,0,0,0,0,29000,-29000,-29000
6591,動力-KY         ,24000,55000,-31000,0,0,0,0,0,0,2000,2000,0,2000,0,0,0,-29000
2852,第一保          ,8000,37000,-29000,0,0,0,0,0,0,0,0,0,0,0,0,0,-29000
07973P,大立光台新9B售01,0,0,0,0,0,0,0,0,0,-30000,0,0,0,0,30000,-30000,-30000
07863P,華新科凱基9B售07,0,0,0,0,0,0,0,0,0,-30000,0,0,0,0,30000,-30000,-30000
07762P,聯發科永豐9A售03,0,0,0,0,0,0,0,0,0,-30000,0,0,0,0,30000,-30000,-30000
07369P,台積電凱基99售20,0,0,0,0,0,0,0,0,0,-30000,0,0,0,0,30000,-30000,-30000
07179P,臺股指凱基99售21,0,0,0,0,0,0,0,0,0,-30000,0,0,0,0,30000,-30000,-30000
07645P,華通元大9A售06  ,0,0,0,0,0,0,0,0,0,-30000,0,0,0,0,30000,-30000,-30000
07666P,台灣50元大9C售32,0,0,0,0,0,0,0,0,0,-30000,0,0,0,0,30000,-30000,-30000
07615P,華通中信02售02  ,0,0,0,0,0,0,0,0,0,-30000,0,0,0,0,30000,-30000,-30000
07544P,大立光凱基9A售09,0,0,0,0,0,0,0,0,0,-30000,0,0,0,0,30000,-30000,-30000
07423P,大立光元大99售33,0,0,0,0,0,0,0,0,0,-30000,0,0,0,0,30000,-30000,-30000
08208P,臺股指群益9B售16,0,0,0,0,0,0,0,0,0,-30000,0,0,0,3000,33000,-30000,-30000
08287P,茂林凱基9C售02  ,0,0,0,0,0,0,0,0,0,-30000,0,0,0,70000,100000,-30000,-30000
08316P,祥碩元大9C售04  ,0,0,0,0,0,0,0,0,0,-30000,0,0,0,0,30000,-30000,-30000
1531,高林股          ,0,30000,-30000,0,0,0,0,0,0,0,0,0,0,0,0,0,-30000
1611,中電            ,159000,195000,-36000,0,0,0,0,0,0,6000,7000,1000,6000,0,0,0,-30000
063928,可成統一01購02  ,0,0,0,0,0,0,0,0,0,-30000,0,0,0,29000,59000,-30000,-30000
064040,鴻海統一9C購18  ,0,0,0,0,0,0,0,0,0,-30000,0,0,0,76000,106000,-30000,-30000
063969,晶豪科國票01購01,0,0,0,0,0,0,0,0,0,-30000,0,0,0,0,30000,-30000,-30000
063756,鴻海統一9B購09  ,0,0,0,0,0,0,0,0,0,-30000,0,0,0,3000,33000,-30000,-30000
063857,臺股指元大9C購10,0,0,0,0,0,0,0,0,0,-30000,0,0,0,0,30000,-30000,-30000
063421,可成凱基9C購02  ,0,0,0,0,0,0,0,0,0,-30000,0,0,0,2000,32000,-30000,-30000
063450,華新科統一02購01,0,0,0,0,0,0,0,0,0,-30000,0,0,0,63000,93000,-30000,-30000
063564,台積電元大9B購07,0,0,0,0,0,0,0,0,0,-30000,0,0,0,1000,31000,-30000,-30000
06441P,台積電凱基98售08,0,0,0,0,0,0,0,0,0,-30000,0,0,0,0,30000,-30000,-30000
06448P,華通元大99售01  ,0,0,0,0,0,0,0,0,0,-30000,0,0,0,9000,39000,-30000,-30000
064237,奇鋐統一01購01  ,0,0,0,0,0,0,0,0,0,-30000,0,0,0,0,30000,-30000,-30000
064129,新日興元大9C購02,0,0,0,0,0,0,0,0,0,-30000,0,0,0,0,30000,-30000,-30000
06885P,國巨國票99售06  ,0,0,0,0,0,0,0,0,0,-30000,0,0,0,30000,60000,-30000,-30000
06972P,聯發科元大99售04,0,0,0,0,0,0,0,0,0,-30000,0,0,0,20000,50000,-30000,-30000
054383,傳奇群益97購01  ,0,0,0,0,0,0,0,0,0,-30000,0,0,0,0,30000,-30000,-30000
053396,漢唐中信9A購01  ,0,0,0,0,0,0,0,0,0,-30000,0,0,0,0,30000,-30000,-30000
05362P,可成富邦97售02  ,0,0,0,0,0,0,0,0,0,-30000,0,0,0,0,30000,-30000,-30000
055654,景碩元富97購01  ,0,0,0,0,0,0,0,0,0,-30000,0,0,0,0,30000,-30000,-30000
055700,緯穎國泰98購02  ,0,0,0,0,0,0,0,0,0,-30000,0,0,0,0,30000,-30000,-30000
055430,宏達電群益97購01,0,0,0,0,0,0,0,0,0,-30000,0,0,0,0,30000,-30000,-30000
055555,全新凱基9A購01  ,0,0,0,0,0,0,0,0,0,-30000,0,0,0,0,30000,-30000,-30000
054138,晶技元大98購02  ,0,0,0,0,0,0,0,0,0,-30000,0,0,0,0,30000,-30000,-30000
054208,台積電國票97購07,0,0,0,0,0,0,0,0,0,-30000,0,0,0,3000,33000,-30000,-30000
052133,華邦電凱基9B購01,0,0,0,0,0,0,0,0,0,-30000,0,0,0,0,30000,-30000,-30000
052066,華邦電兆豐96購01,0,0,0,0,0,0,0,0,0,-30000,0,0,0,0,30000,-30000,-30000
05175P,TPK富邦99售01   ,0,0,0,0,0,0,0,0,0,-30000,0,0,0,0,30000,-30000,-30000
03422B,臺股指凱基96熊28,0,0,0,0,0,0,0,0,0,-30000,0,0,0,0,30000,-30000,-30000
051695,元金2X中信98購01,0,0,0,0,0,0,0,0,0,-30000,0,0,0,0,30000,-30000,-30000
051600,新日興兆豐96購02,0,0,0,0,0,0,0,0,0,-30000,0,0,0,20000,50000,-30000,-30000
056503,楠梓電永豐98購01,0,0,0,0,0,0,0,0,0,-30000,0,0,0,0,30000,-30000,-30000
056540,聯詠凱基98購02  ,0,0,0,0,0,0,0,0,0,-30000,0,0,0,0,30000,-30000,-30000
056809,旺宏統一98購03  ,0,0,0,0,0,0,0,0,0,-30000,0,0,0,0,30000,-30000,-30000
056847,佐登元富98購01  ,0,0,0,0,0,0,0,0,0,-30000,0,0,0,0,30000,-30000,-30000
055338,GIS兆豐97購01   ,0,0,0,0,0,0,0,0,0,-30000,0,0,0,0,30000,-30000,-30000
055342,鴻海凱基97購04  ,0,0,0,0,0,0,0,0,0,-30000,0,0,0,0,30000,-30000,-30000
058150,中502X統一9B購01,0,0,0,0,0,0,0,0,0,-30000,0,0,0,0,30000,-30000,-30000
058177,華新科凱基99購02,0,0,0,0,0,0,0,0,0,-30000,0,0,0,0,30000,-30000,-30000
058201,華通凱基9A購01  ,0,0,0,0,0,0,0,0,0,-30000,0,0,0,0,30000,-30000,-30000
058221,上銀統一99購04  ,0,0,0,0,0,0,0,0,0,-30000,0,0,0,0,30000,-30000,-30000
05593P,鴻海國票97售03  ,0,0,0,0,0,0,0,0,0,-30000,0,0,0,0,30000,-30000,-30000
055987,台表科元富97購01,0,0,0,0,0,0,0,0,0,-30000,0,0,0,241000,271000,-30000,-30000
054528,台光電統一96購02,0,0,0,0,0,0,0,0,0,-30000,0,0,0,75000,105000,-30000,-30000
054747,麗豐凱基98購01  ,0,0,0,0,0,0,0,0,0,-30000,0,0,0,0,30000,-30000,-30000
058978,SGBR2X凱基9A購03,0,0,0,0,0,0,0,0,0,-30000,0,0,0,0,30000,-30000,-30000
057826,祥碩元大98購08  ,0,0,0,0,0,0,0,0,0,-30000,0,0,0,19000,49000,-30000,-30000
058444,國巨富邦9B購01  ,0,0,0,0,0,0,0,0,0,-30000,0,0,0,0,30000,-30000,-30000
058359,瑞昱凱基99購01  ,0,0,0,0,0,0,0,0,0,-30000,0,0,0,0,30000,-30000,-30000
058825,同欣電富邦9A購01,0,0,0,0,0,0,0,0,0,-30000,0,0,0,20000,50000,-30000,-30000
057526,智邦元大98購10  ,0,0,0,0,0,0,0,0,0,-30000,0,0,0,7000,37000,-30000,-30000
057462,光磊永豐98購02  ,0,0,0,0,0,0,0,0,0,-30000,0,0,0,51000,81000,-30000,-30000
057486,美律元大98購04  ,0,0,0,0,0,0,0,0,0,-30000,0,0,0,100000,130000,-30000,-30000
057350,全新統一98購03  ,0,0,0,0,0,0,0,0,0,-30000,0,0,0,0,30000,-30000,-30000
057071,華擎永豐98購02  ,0,0,0,0,0,0,0,0,0,-30000,0,0,0,22000,52000,-30000,-30000
057066,緯穎富邦99購01  ,0,0,0,0,0,0,0,0,0,-30000,0,0,0,0,30000,-30000,-30000
056944,鴻海統一98購11  ,0,0,0,0,0,0,0,0,0,-30000,0,0,0,0,30000,-30000,-30000
059263,瑞昱中信01購01  ,0,0,0,0,0,0,0,0,0,-30000,0,0,0,23000,53000,-30000,-30000
057241,超眾凱基99購02  ,0,0,0,0,0,0,0,0,0,-30000,0,0,0,0,30000,-30000,-30000
058017,漢唐凱基99購01  ,0,0,0,0,0,0,0,0,0,-30000,0,0,0,20000,50000,-30000,-30000
059654,T50反1元大99購09,0,0,0,0,0,0,0,0,0,-30000,0,0,0,0,30000,-30000,-30000
05961P,鴻海群益97售01  ,0,0,0,0,0,0,0,0,0,-30000,0,0,0,0,30000,-30000,-30000
059909,鴻海元大99購36  ,0,0,0,0,0,0,0,0,0,-30000,0,0,0,8000,38000,-30000,-30000
05994P,奇鋐元大96售02  ,0,0,0,0,0,0,0,0,0,-30000,0,0,0,0,30000,-30000,-30000
059961,T50反1凱基99購09,0,0,0,0,0,0,0,0,0,-30000,0,0,0,0,30000,-30000,-30000
060365,京鼎元富9A購01  ,0,0,0,0,0,0,0,0,0,-30000,0,0,0,0,30000,-30000,-30000
060344,聯發科統一01購01,0,0,0,0,0,0,0,0,0,-30000,0,0,0,0,30000,-30000,-30000
060701,玉晶光國泰9C購01,0,0,0,0,0,0,0,0,0,-30000,0,0,0,20000,50000,-30000,-30000
060704,台積電富邦01購01,0,0,0,0,0,0,0,0,0,-30000,0,0,0,30000,60000,-30000,-30000
061981,聯發科元大9B購02,0,0,0,0,0,0,0,0,0,-30000,0,0,0,63000,93000,-30000,-30000
061974,光寶科元大9B購01,0,0,0,0,0,0,0,0,0,-30000,0,0,0,175000,205000,-30000,-30000
061906,統一中信9B購01  ,0,0,0,0,0,0,0,0,0,-30000,0,0,0,0,30000,-30000,-30000
061644,健策元大9C購02  ,0,0,0,0,0,0,0,0,0,-30000,0,0,0,14000,44000,-30000,-30000
061723,嘉聯益永豐9A購03,0,0,0,0,0,0,0,0,0,-30000,0,0,0,0,30000,-30000,-30000
061209,聯發科元大9A購10,0,0,0,0,0,0,0,0,0,-30000,0,0,0,2000,32000,-30000,-30000
061324,華新科凱基9C購01,0,0,0,0,0,0,0,0,0,-30000,0,0,0,0,30000,-30000,-30000
061415,健策群益9A購04  ,0,0,0,0,0,0,0,0,0,-30000,0,0,0,0,30000,-30000,-30000
060900,超眾凱基9B購01  ,0,0,0,0,0,0,0,0,0,-30000,0,0,0,0,30000,-30000,-30000
060897,健策凱基9A購04  ,0,0,0,0,0,0,0,0,0,-30000,0,0,0,12000,42000,-30000,-30000
060877,華邦電中信02購01,0,0,0,0,0,0,0,0,0,-30000,0,0,0,11000,41000,-30000,-30000
060986,聯發科元大9A購07,0,0,0,0,0,0,0,0,0,-30000,0,0,0,0,30000,-30000,-30000
061001,智邦兆豐9B購01  ,0,0,0,0,0,0,0,0,0,-30000,0,0,0,65000,95000,-30000,-30000
061064,可成凱基9B購02  ,0,0,0,0,0,0,0,0,0,-30000,0,0,0,4000,34000,-30000,-30000
062403,健策永豐9B購06  ,0,0,0,0,0,0,0,0,0,-30000,0,0,0,0,30000,-30000,-30000
062192,南六元大9B購01  ,0,0,0,0,0,0,0,0,0,-30000,0,0,0,0,30000,-30000,-30000
062239,台汽電凱基9B購01,0,0,0,0,0,0,0,0,0,-30000,0,0,0,0,30000,-30000,-30000
062716,鴻海凱基9B購06  ,0,0,0,0,0,0,0,0,0,-30000,0,0,0,2000,32000,-30000,-30000
062635,創意國票9B購01  ,0,0,0,0,0,0,0,0,0,-30000,0,0,0,8000,38000,-30000,-30000
063181,聚陽凱基9B購01  ,0,0,0,0,0,0,0,0,0,-30000,0,0,0,60000,90000,-30000,-30000
063298,統一凱基9B購01  ,0,0,0,0,0,0,0,0,0,-30000,0,0,0,0,30000,-30000,-30000
063394,金像電群益9B購01,0,0,0,0,0,0,0,0,0,-30000,0,0,0,69000,99000,-30000,-30000
063101,華通群益9B購07  ,0,0,0,0,0,0,0,0,0,-30000,0,0,0,0,30000,-30000,-30000
063006,道瓊反元大9C購01,0,0,0,0,0,0,0,0,0,-30000,0,0,0,10000,40000,-30000,-30000
062978,世芯元富9B購01  ,0,0,0,0,0,0,0,0,0,-30000,0,0,0,142000,172000,-30000,-30000
2707,晶華            ,223000,258000,-35000,0,0,0,0,0,0,5000,12000,7000,5000,0,0,0,-30000
3383,新世紀          ,0,30000,-30000,0,0,0,0,0,0,0,0,0,0,0,0,0,-30000
06581P,南亞科凱基98售04,0,0,0,0,0,0,0,0,0,-31000,0,0,0,20000,51000,-31000,-31000
063780,高鐵永豐9B購02  ,0,0,0,0,0,0,0,0,0,-31000,0,0,0,0,31000,-31000,-31000
08198P,聯發科元大9B售25,0,0,0,0,0,0,0,0,0,-31000,0,0,0,10000,41000,-31000,-31000
2374,佳能            ,21000,52000,-31000,0,0,0,0,0,0,0,0,0,0,0,0,0,-31000
07228P,台灣50群益9B售06,0,0,0,0,0,0,0,0,0,-31000,0,0,0,0,31000,-31000,-31000
07843P,緯穎元大9A售05  ,0,0,0,0,0,0,0,0,0,-31000,0,0,0,0,31000,-31000,-31000
08134P,臺股指元大9B售40,0,0,0,0,0,0,0,0,0,-31000,0,0,0,61000,92000,-31000,-31000
056120,聯茂群益97購02  ,0,0,0,0,0,0,0,0,0,-31000,0,0,0,0,31000,-31000,-31000
054638,國泰金中信99購01,0,0,0,0,0,0,0,0,0,-31000,0,0,0,50000,81000,-31000,-31000
058605,華邦電元大99購04,0,0,0,0,0,0,0,0,0,-31000,0,0,0,169000,200000,-31000,-31000
056219,T50反1日盛02購01,0,0,0,0,0,0,0,0,0,-31000,0,0,0,0,31000,-31000,-31000
03448B,臺股指元大9C熊11,0,0,0,0,0,0,0,0,0,-31000,0,0,0,0,31000,-31000,-31000
00656R,國泰中國A50反1  ,50000,100000,-50000,0,0,0,0,0,0,19000,0,0,0,554000,535000,19000,-31000
050485,國巨統一96購01  ,0,0,0,0,0,0,0,0,0,-31000,0,0,0,90000,121000,-31000,-31000
060320,元金2X群益02購01,0,0,0,0,0,0,0,0,0,-31000,0,0,0,1000,32000,-31000,-31000
060275,元黃金元大9A購01,0,0,0,0,0,0,0,0,0,-31000,0,0,0,39000,70000,-31000,-31000
060059,鴻海兆豐99購06  ,0,0,0,0,0,0,0,0,0,-31000,0,0,0,0,31000,-31000,-31000
058796,可成元大99購04  ,0,0,0,0,0,0,0,0,0,-31000,0,0,0,10000,41000,-31000,-31000
057243,樺漢凱基99購01  ,0,0,0,0,0,0,0,0,0,-31000,0,0,0,35000,66000,-31000,-31000
057370,可成元大98購07  ,0,0,0,0,0,0,0,0,0,-31000,0,0,0,68000,99000,-31000,-31000
058146,勤誠元大99購01  ,0,0,0,0,0,0,0,0,0,-31000,0,0,0,63000,94000,-31000,-31000
062879,美食兆豐9B購01  ,0,0,0,0,0,0,0,0,0,-31000,0,0,0,0,31000,-31000,-31000
061609,華新科統一9C購01,0,0,0,0,0,0,0,0,0,-31000,0,0,0,25000,56000,-31000,-31000
5288,豐祥-KY         ,13000,44000,-31000,0,0,0,0,0,0,0,0,0,0,0,0,0,-31000
07957P,晶技群益9B售02  ,0,0,0,0,0,0,0,0,0,-32000,0,0,0,10000,42000,-32000,-32000
07729P,臺股指凱基9A售21,0,0,0,0,0,0,0,0,0,-32000,0,0,0,48000,80000,-32000,-32000
07730P,臺股指凱基9A售22,0,0,0,0,0,0,0,0,0,-32000,0,0,0,43000,75000,-32000,-32000
07407P,欣興凱基99售07  ,0,0,0,0,0,0,0,0,0,-32000,0,0,0,70000,102000,-32000,-32000
063911,大立光凱基9C購03,0,0,0,0,0,0,0,0,0,-32000,0,0,0,10000,42000,-32000,-32000
063898,旭富群益9C購01  ,0,0,0,0,0,0,0,0,0,-32000,0,0,0,61000,93000,-32000,-32000
063417,金像電凱基9B購03,0,0,0,0,0,0,0,0,0,-32000,0,0,0,12000,44000,-32000,-32000
064182,臻鼎富邦01購01  ,0,0,0,0,0,0,0,0,0,-32000,0,0,0,0,32000,-32000,-32000
054307,高鐵凱基98購01  ,0,0,0,0,0,0,0,0,0,-32000,0,0,0,100000,132000,-32000,-32000
055919,景碩凱基98購02  ,0,0,0,0,0,0,0,0,0,-32000,0,0,0,6000,38000,-32000,-32000
056302,大立光元大97購17,0,0,0,0,0,0,0,0,0,-32000,0,0,0,33000,65000,-32000,-32000
058133,華新科元大9A購02,0,0,0,0,0,0,0,0,0,-32000,0,0,0,5000,37000,-32000,-32000
058927,勤誠元富99購02  ,0,0,0,0,0,0,0,0,0,-32000,0,0,0,14000,46000,-32000,-32000
058408,華通兆豐99購02  ,0,0,0,0,0,0,0,0,0,-32000,0,0,0,35000,67000,-32000,-32000
058405,訊連元大99購02  ,0,0,0,0,0,0,0,0,0,-32000,0,0,0,68000,100000,-32000,-32000
059027,神達台新99購02  ,0,0,0,0,0,0,0,0,0,-32000,0,0,0,6000,38000,-32000,-32000
059882,臺股指凱基9C購06,0,0,0,0,0,0,0,0,0,-32000,0,0,0,18000,50000,-32000,-32000
060466,玉山金元大9A購01,0,0,0,0,0,0,0,0,0,-32000,0,0,0,18000,50000,-32000,-32000
062099,牧德永豐9B購01  ,0,0,0,0,0,0,0,0,0,-32000,0,0,0,49000,81000,-32000,-32000
063108,世紀鋼群益9C購01,0,0,0,0,0,0,0,0,0,-32000,0,0,0,126000,158000,-32000,-32000
062181,義隆元大9B購03  ,0,0,0,0,0,0,0,0,0,-32000,0,0,0,17000,49000,-32000,-32000
2929,淘帝-KY         ,75000,107000,-32000,0,0,0,0,0,0,0,0,0,0,0,0,0,-32000
064155,大立光統一01購05,0,0,0,0,0,0,0,0,0,-33000,0,0,0,0,33000,-33000,-33000
06583P,可成凱基98售07  ,0,0,0,0,0,0,0,0,0,-33000,0,0,0,0,33000,-33000,-33000
06437P,玉晶光國票99售01,0,0,0,0,0,0,0,0,0,-33000,0,0,0,5000,38000,-33000,-33000
07027P,台積電群益99售04,0,0,0,0,0,0,0,0,0,-33000,0,0,0,10000,43000,-33000,-33000
06717P,可成元大98售09  ,0,0,0,0,0,0,0,0,0,-33000,0,0,0,0,33000,-33000,-33000
063519,聚陽凱基9B購02  ,0,0,0,0,0,0,0,0,0,-33000,0,0,0,70000,103000,-33000,-33000
063703,晶豪科群益9B購02,0,0,0,0,0,0,0,0,0,-33000,0,0,0,55000,88000,-33000,-33000
07764P,世紀鋼永豐9A售04,0,0,0,0,0,0,0,0,0,-33000,0,0,0,0,33000,-33000,-33000
055916,奇鋐凱基99購01  ,0,0,0,0,0,0,0,0,0,-33000,0,0,0,0,33000,-33000,-33000
056469,國巨元大99購01  ,0,0,0,0,0,0,0,0,0,-33000,0,0,0,83000,116000,-33000,-33000
056471,台光電元大99購01,0,0,0,0,0,0,0,0,0,-33000,0,0,0,0,33000,-33000,-33000
055238,茂林台新97購01  ,0,0,0,0,0,0,0,0,0,-33000,0,0,0,0,33000,-33000,-33000
058451,智邦永豐9A購01  ,0,0,0,0,0,0,0,0,0,-33000,0,0,0,0,33000,-33000,-33000
055989,矽力元富9A購01  ,0,0,0,0,0,0,0,0,0,-33000,0,0,0,26000,59000,-33000,-33000
055589,台光電元大98購04,0,0,0,0,0,0,0,0,0,-33000,0,0,0,4000,37000,-33000,-33000
060487,盛群富邦9B購01  ,0,0,0,0,0,0,0,0,0,-33000,0,0,0,0,33000,-33000,-33000
059747,台達電台新99購01,0,0,0,0,0,0,0,0,0,-33000,0,0,0,51000,84000,-33000,-33000
058012,鈺齊國票99購01  ,0,0,0,0,0,0,0,0,0,-33000,0,0,0,124000,157000,-33000,-33000
058986,華新科凱基9A購03,0,0,0,0,0,0,0,0,0,-33000,0,0,0,18000,51000,-33000,-33000
057509,聯發科統一9A購03,0,0,0,0,0,0,0,0,0,-33000,0,0,0,141000,174000,-33000,-33000
062190,瀚宇博元大9B購01,0,0,0,0,0,0,0,0,0,-33000,0,0,0,0,33000,-33000,-33000
063028,巨大元大9B購02  ,0,0,0,0,0,0,0,0,0,-33000,0,0,0,61000,94000,-33000,-33000
063376,神達永豐9B購01  ,0,0,0,0,0,0,0,0,0,-33000,0,0,0,17000,50000,-33000,-33000
063173,矽格中信9B購01  ,0,0,0,0,0,0,0,0,0,-33000,0,0,0,0,33000,-33000,-33000
063135,國巨統一9B購16  ,0,0,0,0,0,0,0,0,0,-33000,0,0,0,61000,94000,-33000,-33000
062016,美食永豐9B購01  ,0,0,0,0,0,0,0,0,0,-33000,0,0,0,47000,80000,-33000,-33000
061961,台積電統一01購02,0,0,0,0,0,0,0,0,0,-33000,0,0,0,0,33000,-33000,-33000
061477,晶豪科元大9A購01,0,0,0,0,0,0,0,0,0,-33000,0,0,0,10000,43000,-33000,-33000
061363,儒鴻國票9B購01  ,0,0,0,0,0,0,0,0,0,-33000,0,0,0,86000,119000,-33000,-33000
07766P,美律群益9A售03  ,0,0,0,0,0,0,0,0,0,-34000,0,0,0,0,34000,-34000,-34000
2496,卓越            ,4000,38000,-34000,0,0,0,0,0,0,0,0,0,0,0,0,0,-34000
1809,中釉            ,51000,85000,-34000,0,0,0,0,0,0,0,0,0,0,0,0,0,-34000
063549,國巨國票9C購05  ,0,0,0,0,0,0,0,0,0,-34000,0,0,0,40000,74000,-34000,-34000
063483,致新元大9B購03  ,0,0,0,0,0,0,0,0,0,-34000,0,0,0,18000,52000,-34000,-34000
06928P,鴻海元大99售10  ,0,0,0,0,0,0,0,0,0,-34000,0,0,0,48000,82000,-34000,-34000
06584P,欣興凱基98售03  ,0,0,0,0,0,0,0,0,0,-34000,0,0,0,0,34000,-34000,-34000
00680L,元大美債20正2   ,0,0,0,0,0,0,0,0,0,-34000,0,0,0,25000,59000,-34000,-34000
058167,鴻海凱基9A購03  ,0,0,0,0,0,0,0,0,0,-34000,0,0,0,5000,39000,-34000,-34000
054831,緯穎國泰98購01  ,0,0,0,0,0,0,0,0,0,-34000,0,0,0,6000,40000,-34000,-34000
055707,聯鈞永豐98購01  ,0,0,0,0,0,0,0,0,0,-34000,0,0,0,0,34000,-34000,-34000
056430,鴻海凱基98購06  ,0,0,0,0,0,0,0,0,0,-34000,0,0,0,0,34000,-34000,-34000
056298,億光元大97購02  ,0,0,0,0,0,0,0,0,0,-34000,0,0,0,34000,68000,-34000,-34000
057169,微星元大98購01  ,0,0,0,0,0,0,0,0,0,-34000,0,0,0,26000,60000,-34000,-34000
057717,友訊元富98購02  ,0,0,0,0,0,0,0,0,0,-34000,0,0,0,1055000,1089000,-34000,-34000
058897,國巨元大99購17  ,0,0,0,0,0,0,0,0,0,-34000,0,0,0,0,34000,-34000,-34000
058108,台郡台新99購01  ,0,0,0,0,0,0,0,0,0,-34000,0,0,0,6000,40000,-34000,-34000
060436,巨大永豐9A購01  ,0,0,0,0,0,0,0,0,0,-34000,0,0,0,15000,49000,-34000,-34000
061342,華新科元大9A購17,0,0,0,0,0,0,0,0,0,-34000,0,0,0,10000,44000,-34000,-34000
061286,大立光統一9A購05,0,0,0,0,0,0,0,0,0,-34000,0,0,0,0,34000,-34000,-34000
061090,奇力新統一9C購01,0,0,0,0,0,0,0,0,0,-34000,0,0,0,0,34000,-34000,-34000
061750,台達電台新9B購01,0,0,0,0,0,0,0,0,0,-34000,0,0,0,14000,48000,-34000,-34000
061788,信邦群益9B購01  ,0,0,0,0,0,0,0,0,0,-34000,0,0,0,10000,44000,-34000,-34000
063257,牧德國泰01購01  ,0,0,0,0,0,0,0,0,0,-34000,0,0,0,0,34000,-34000,-34000
062411,玉晶光第一9B購01,0,0,0,0,0,0,0,0,0,-34000,0,0,0,75000,109000,-34000,-34000
062364,瑞昱元大9B購04  ,0,0,0,0,0,0,0,0,0,-34000,0,0,0,142000,176000,-34000,-34000
064132,神達元大9C購02  ,0,0,0,0,0,0,0,0,0,-35000,0,0,0,121000,156000,-35000,-35000
06789P,鴻海凱基98售12  ,0,0,0,0,0,0,0,0,0,-35000,0,0,0,90000,125000,-35000,-35000
063728,國巨元大9B購21  ,0,0,0,0,0,0,0,0,0,-35000,0,0,0,0,35000,-35000,-35000
08201P,祥碩元大9B售09  ,0,0,0,0,0,0,0,0,0,-35000,0,0,0,50000,85000,-35000,-35000
08318P,台積電台新01售01,0,0,0,0,0,0,0,0,0,-35000,0,0,0,5000,40000,-35000,-35000
07304P,臺股指元大9A售37,0,0,0,0,0,0,0,0,0,-35000,0,0,0,255000,290000,-35000,-35000
055923,矽力凱基98購01  ,0,0,0,0,0,0,0,0,0,-35000,0,0,0,9000,44000,-35000,-35000
055384,緯穎元大98購02  ,0,0,0,0,0,0,0,0,0,-35000,0,0,0,26000,61000,-35000,-35000
058274,世紀鋼永豐99購01,0,0,0,0,0,0,0,0,0,-35000,0,0,0,102000,137000,-35000,-35000
054740,強茂凱基99購01  ,0,0,0,0,0,0,0,0,0,-35000,0,0,0,0,35000,-35000,-35000
054955,宏達電元大98購01,0,0,0,0,0,0,0,0,0,-35000,0,0,0,0,35000,-35000,-35000
054971,帆宣元大97購02  ,0,0,0,0,0,0,0,0,0,-35000,0,0,0,70000,105000,-35000,-35000
060229,楠梓電元大9C購01,0,0,0,0,0,0,0,0,0,-35000,0,0,0,40000,75000,-35000,-35000
055583,國巨元大97購10  ,0,0,0,0,0,0,0,0,0,-35000,0,0,0,0,35000,-35000,-35000
056774,和鑫元大98購01  ,0,0,0,0,0,0,0,0,0,-35000,0,0,0,60000,95000,-35000,-35000
056746,超眾凱基99購01  ,0,0,0,0,0,0,0,0,0,-35000,0,0,0,1000,36000,-35000,-35000
056709,華通永豐98購01  ,0,0,0,0,0,0,0,0,0,-35000,0,0,0,15000,50000,-35000,-35000
057219,群創群益98購10  ,0,0,0,0,0,0,0,0,0,-35000,0,0,0,20000,55000,-35000,-35000
057664,台積電元大9A購03,0,0,0,0,0,0,0,0,0,-35000,0,0,0,147000,182000,-35000,-35000
057163,上銀元大98購04  ,0,0,0,0,0,0,0,0,0,-35000,0,0,0,15000,50000,-35000,-35000
062159,聯詠凱基9B購01  ,0,0,0,0,0,0,0,0,0,-35000,0,0,0,10000,45000,-35000,-35000
062728,健策凱基9B購04  ,0,0,0,0,0,0,0,0,0,-35000,0,0,0,1000,36000,-35000,-35000
062460,京鼎群益9C購01  ,0,0,0,0,0,0,0,0,0,-35000,0,0,0,281000,316000,-35000,-35000
061874,義隆元大9B購02  ,0,0,0,0,0,0,0,0,0,-35000,0,0,0,0,35000,-35000,-35000
062020,智伸科永豐9B購01,0,0,0,0,0,0,0,0,0,-35000,0,0,0,33000,68000,-35000,-35000
6533,晶心科          ,443000,494000,-51000,0,0,0,0,0,0,16000,16000,0,16000,0,0,0,-35000
8081,致新            ,301000,330000,-29000,0,0,0,0,10000,-10000,4000,18000,10000,8000,12000,16000,-4000,-35000
07803P,南亞科永豐9A售02,0,0,0,0,0,0,0,0,0,-36000,0,0,0,0,36000,-36000,-36000
08225P,臺股指凱基9B售20,0,0,0,0,0,0,0,0,0,-36000,0,0,0,5000,41000,-36000,-36000
08182P,金像電永豐9B售01,0,0,0,0,0,0,0,0,0,-36000,0,0,0,0,36000,-36000,-36000
1709,和益            ,168000,206000,-38000,0,0,0,0,0,0,2000,2000,0,2000,0,0,0,-36000
063887,香港2X中信02購01,0,0,0,0,0,0,0,0,0,-36000,0,0,0,5000,41000,-36000,-36000
064049,信邦統一01購01  ,0,0,0,0,0,0,0,0,0,-36000,0,0,0,0,36000,-36000,-36000
063547,大立光兆豐9B購04,0,0,0,0,0,0,0,0,0,-36000,0,0,0,0,36000,-36000,-36000
064068,義隆永豐9C購01  ,0,0,0,0,0,0,0,0,0,-36000,0,0,0,51000,87000,-36000,-36000
064154,大立光統一01購04,0,0,0,0,0,0,0,0,0,-36000,0,0,0,5000,41000,-36000,-36000
054040,中石化元大9C購01,0,0,0,0,0,0,0,0,0,-36000,0,0,0,100000,136000,-36000,-36000
054296,世芯元大97購01  ,0,0,0,0,0,0,0,0,0,-36000,0,0,0,0,36000,-36000,-36000
058321,大立光永豐99購01,0,0,0,0,0,0,0,0,0,-36000,0,0,0,20000,56000,-36000,-36000
055217,緯創凱基97購02  ,0,0,0,0,0,0,0,0,0,-36000,0,0,0,1000,37000,-36000,-36000
057670,欣興元大99購02  ,0,0,0,0,0,0,0,0,0,-36000,0,0,0,30000,66000,-36000,-36000
058391,T50反1元大99購02,0,0,0,0,0,0,0,0,0,-36000,0,0,0,0,36000,-36000,-36000
057949,南電國票99購01  ,0,0,0,0,0,0,0,0,0,-36000,0,0,0,7000,43000,-36000,-36000
059623,聯電凱基99購02  ,0,0,0,0,0,0,0,0,0,-36000,0,0,0,21000,57000,-36000,-36000
060678,聯詠元大9A購03  ,0,0,0,0,0,0,0,0,0,-36000,0,0,0,63000,99000,-36000,-36000
059951,台塑康和99購01  ,0,0,0,0,0,0,0,0,0,-36000,0,0,0,42000,78000,-36000,-36000
061837,華新科凱基05購02,0,0,0,0,0,0,0,0,0,-36000,0,0,0,5000,41000,-36000,-36000
061713,華邦電凱基9A購01,0,0,0,0,0,0,0,0,0,-36000,0,0,0,44000,80000,-36000,-36000
061642,創意元大9A購04  ,0,0,0,0,0,0,0,0,0,-36000,0,0,0,445000,481000,-36000,-36000
060995,泰鼎元大9A購03  ,0,0,0,0,0,0,0,0,0,-36000,0,0,0,23000,59000,-36000,-36000
061186,牧德國泰9C購01  ,0,0,0,0,0,0,0,0,0,-36000,0,0,0,34000,70000,-36000,-36000
061389,華新科群益9B購01,0,0,0,0,0,0,0,0,0,-36000,0,0,0,0,36000,-36000,-36000
062751,華擎中信9C購01  ,0,0,0,0,0,0,0,0,0,-36000,0,0,0,34000,70000,-36000,-36000
062187,台勝科元大9B購02,0,0,0,0,0,0,0,0,0,-36000,0,0,0,50000,86000,-36000,-36000
062223,大立光統一9C購04,0,0,0,0,0,0,0,0,0,-36000,0,0,0,6000,42000,-36000,-36000
06243P,亞光元富97售01  ,0,0,0,0,0,0,0,0,0,-36000,0,0,0,0,36000,-36000,-36000
062856,世芯永豐9B購02  ,0,0,0,0,0,0,0,0,0,-36000,0,0,0,57000,93000,-36000,-36000
062918,祥碩元大9C購02  ,0,0,0,0,0,0,0,0,0,-36000,0,0,0,25000,61000,-36000,-36000
062904,台光電元大9B購06,0,0,0,0,0,0,0,0,0,-36000,0,0,0,100000,136000,-36000,-36000
06946P,T50正2元大9C售01,0,0,0,0,0,0,0,0,0,-37000,0,0,0,1000,38000,-37000,-37000
07089P,臺指2X中信01售01,0,0,0,0,0,0,0,0,0,-37000,0,0,0,105000,142000,-37000,-37000
063469,牧德元大9C購02  ,0,0,0,0,0,0,0,0,0,-37000,0,0,0,0,37000,-37000,-37000
08145P,台灣50群益9B售11,0,0,0,0,0,0,0,0,0,-37000,0,0,0,0,37000,-37000,-37000
07780P,美律凱基9A售02  ,0,0,0,0,0,0,0,0,0,-37000,0,0,0,0,37000,-37000,-37000
055197,致新元富97購02  ,0,0,0,0,0,0,0,0,0,-37000,0,0,0,0,37000,-37000,-37000
055788,緯穎凱基97購04  ,0,0,0,0,0,0,0,0,0,-37000,0,0,0,35000,72000,-37000,-37000
054817,聯發科元大97購13,0,0,0,0,0,0,0,0,0,-37000,0,0,0,8000,45000,-37000,-37000
056314,力成元大97購01  ,0,0,0,0,0,0,0,0,0,-37000,0,0,0,68000,105000,-37000,-37000
053850,嘉澤元富96購03  ,0,0,0,0,0,0,0,0,0,-37000,0,0,0,0,37000,-37000,-37000
053643,漢唐國票97購02  ,0,0,0,0,0,0,0,0,0,-37000,0,0,0,0,37000,-37000,-37000
05959P,聯發科國票98售01,0,0,0,0,0,0,0,0,0,-37000,0,0,0,3000,40000,-37000,-37000
058052,南電元大98購02  ,0,0,0,0,0,0,0,0,0,-37000,0,0,0,19000,56000,-37000,-37000
058693,旭富國票9A購01  ,0,0,0,0,0,0,0,0,0,-37000,0,0,0,16000,53000,-37000,-37000
059197,可成永豐99購02  ,0,0,0,0,0,0,0,0,0,-37000,0,0,0,13000,50000,-37000,-37000
059360,全新永豐99購02  ,0,0,0,0,0,0,0,0,0,-37000,0,0,0,0,37000,-37000,-37000
062926,嘉澤國票9B購01  ,0,0,0,0,0,0,0,0,0,-37000,0,0,0,1000,38000,-37000,-37000
062732,南六凱基9B購03  ,0,0,0,0,0,0,0,0,0,-37000,0,0,0,0,37000,-37000,-37000
062459,聯詠群益9B購01  ,0,0,0,0,0,0,0,0,0,-37000,0,0,0,6000,43000,-37000,-37000
060756,鴻海元大9A購16  ,0,0,0,0,0,0,0,0,0,-37000,0,0,0,68000,105000,-37000,-37000
061502,嘉澤國票9A購02  ,0,0,0,0,0,0,0,0,0,-37000,0,0,0,0,37000,-37000,-37000
07731P,臺股指凱基9A售28,0,0,0,0,0,0,0,0,0,-38000,0,0,0,94000,132000,-38000,-38000
08087P,聯發科凱基9B售12,0,0,0,0,0,0,0,0,0,-38000,0,0,0,2000,40000,-38000,-38000
08186P,泰碩永豐9B售03  ,0,0,0,0,0,0,0,0,0,-38000,0,0,0,0,38000,-38000,-38000
08282P,南六群益9C售01  ,0,0,0,0,0,0,0,0,0,-38000,0,0,0,0,38000,-38000,-38000
08273P,國巨元富9C售02  ,0,0,0,0,0,0,0,0,0,-38000,0,0,0,55000,93000,-38000,-38000
2486,一詮            ,9000,81000,-72000,0,0,0,0,0,0,34000,34000,0,34000,0,0,0,-38000
063440,上銀統一01購02  ,0,0,0,0,0,0,0,0,0,-38000,0,0,0,2000,40000,-38000,-38000
063799,華邦電凱基9C購02,0,0,0,0,0,0,0,0,0,-38000,0,0,0,26000,64000,-38000,-38000
06848P,聯詠元大98售04  ,0,0,0,0,0,0,0,0,0,-38000,0,0,0,67000,105000,-38000,-38000
064099,億光群益9C購01  ,0,0,0,0,0,0,0,0,0,-38000,0,0,0,0,38000,-38000,-38000
055647,義隆元富97購01  ,0,0,0,0,0,0,0,0,0,-38000,0,0,0,52000,90000,-38000,-38000
054045,奇力新元大97購03,0,0,0,0,0,0,0,0,0,-38000,0,0,0,0,38000,-38000,-38000
056449,義隆凱基98購03  ,0,0,0,0,0,0,0,0,0,-38000,0,0,0,10000,48000,-38000,-38000
055815,亞光國票99購01  ,0,0,0,0,0,0,0,0,0,-38000,0,0,0,0,38000,-38000,-38000
058180,華新科國泰9A購01,0,0,0,0,0,0,0,0,0,-38000,0,0,0,72000,110000,-38000,-38000
056083,億光統一97購03  ,0,0,0,0,0,0,0,0,0,-38000,0,0,0,96000,134000,-38000,-38000
056251,聯發科兆豐97購02,0,0,0,0,0,0,0,0,0,-38000,0,0,0,0,38000,-38000,-38000
058026,上銀富邦9A購01  ,0,0,0,0,0,0,0,0,0,-38000,0,0,0,0,38000,-38000,-38000
057934,華新科群益98購07,0,0,0,0,0,0,0,0,0,-38000,0,0,0,0,38000,-38000,-38000
057977,台光電永豐98購02,0,0,0,0,0,0,0,0,0,-38000,0,0,0,10000,48000,-38000,-38000
05958P,聯發科國票97售04,0,0,0,0,0,0,0,0,0,-38000,0,0,0,26000,64000,-38000,-38000
061506,瑞祺國票9A購02  ,0,0,0,0,0,0,0,0,0,-38000,0,0,0,31000,69000,-38000,-38000
061700,瑞昱國票9A購02  ,0,0,0,0,0,0,0,0,0,-38000,0,0,0,146000,184000,-38000,-38000
061963,台積電統一01購04,0,0,0,0,0,0,0,0,0,-38000,0,0,0,12000,50000,-38000,-38000
062045,崇越凱基9B購01  ,0,0,0,0,0,0,0,0,0,-38000,0,0,0,2000,40000,-38000,-38000
061121,智邦永豐9A購02  ,0,0,0,0,0,0,0,0,0,-38000,0,0,0,35000,73000,-38000,-38000
062925,建準國票9B購01  ,0,0,0,0,0,0,0,0,0,-38000,0,0,0,0,38000,-38000,-38000
062898,華通元大9B購05  ,0,0,0,0,0,0,0,0,0,-38000,0,0,0,3000,41000,-38000,-38000
063315,京元電群益9B購03,0,0,0,0,0,0,0,0,0,-38000,0,0,0,338000,376000,-38000,-38000
3653,健策            ,481000,211000,270000,0,0,0,136000,431000,-295000,-13000,12000,34000,-22000,54000,45000,9000,-38000
3038,全台            ,2518000,2811000,-293000,0,0,0,0,1182,-1182,256000,351000,95000,256000,0,0,0,-38182
06447P,上銀元大98售01  ,0,0,0,0,0,0,0,0,0,-39000,0,0,0,107000,146000,-39000,-39000
063768,華新科國泰9C購03,0,0,0,0,0,0,0,0,0,-39000,0,0,0,2000,41000,-39000,-39000
063659,世紀鋼元富9B購01,0,0,0,0,0,0,0,0,0,-39000,0,0,0,173000,212000,-39000,-39000
08175P,金像電統一9B售02,0,0,0,0,0,0,0,0,0,-39000,0,0,0,0,39000,-39000,-39000
07992P,玉晶光群益01售04,0,0,0,0,0,0,0,0,0,-39000,0,0,0,71000,110000,-39000,-39000
053408,友達兆豐98購01  ,0,0,0,0,0,0,0,0,0,-39000,0,0,0,0,39000,-39000,-39000
057364,國巨元大98購18  ,0,0,0,0,0,0,0,0,0,-39000,0,0,0,10000,49000,-39000,-39000
057593,聯發科兆豐98購03,0,0,0,0,0,0,0,0,0,-39000,0,0,0,0,39000,-39000,-39000
058385,創意中信99購01  ,0,0,0,0,0,0,0,0,0,-39000,0,0,0,142000,181000,-39000,-39000
058140,臻鼎元大99購02  ,0,0,0,0,0,0,0,0,0,-39000,0,0,0,27000,66000,-39000,-39000
059094,臻鼎元大99購03  ,0,0,0,0,0,0,0,0,0,-39000,0,0,0,28000,67000,-39000,-39000
058573,鴻海群益9A購02  ,0,0,0,0,0,0,0,0,0,-39000,0,0,0,12000,51000,-39000,-39000
062353,亞德客元大9B購01,0,0,0,0,0,0,0,0,0,-39000,0,0,0,11000,50000,-39000,-39000
061281,台積電統一9C購05,0,0,0,0,0,0,0,0,0,-39000,0,0,0,18000,57000,-39000,-39000
060718,中磊永豐9A購01  ,0,0,0,0,0,0,0,0,0,-39000,0,0,0,82000,121000,-39000,-39000
060874,中鋼中信02購01  ,0,0,0,0,0,0,0,0,0,-39000,0,0,0,31000,70000,-39000,-39000
062030,旭富群益9B購01  ,0,0,0,0,0,0,0,0,0,-39000,0,0,0,50000,89000,-39000,-39000
062077,聯發科元大9B購04,0,0,0,0,0,0,0,0,0,-39000,0,0,0,0,39000,-39000,-39000
8374,羅昇            ,15000,55000,-40000,0,0,0,0,0,0,1000,1000,0,1000,0,0,0,-39000
07587P,台灣50國票9A售11,0,0,0,0,0,0,0,0,0,-40000,0,0,0,10000,50000,-40000,-40000
07634P,金像電元大9A售01,0,0,0,0,0,0,0,0,0,-40000,0,0,0,95000,135000,-40000,-40000
07705P,台積電元大9A售26,0,0,0,0,0,0,0,0,0,-40000,0,0,0,20000,60000,-40000,-40000
08159P,日月光元富9B售01,0,0,0,0,0,0,0,0,0,-40000,0,0,0,21000,61000,-40000,-40000
08279P,南電元富9C售02  ,0,0,0,0,0,0,0,0,0,-40000,0,0,0,0,40000,-40000,-40000
08233P,國泰金元富9B售01,0,0,0,0,0,0,0,0,0,-40000,0,0,0,31000,71000,-40000,-40000
063529,聯茂凱基9B購02  ,0,0,0,0,0,0,0,0,0,-40000,0,0,0,0,40000,-40000,-40000
063512,聯發科麥證9B購02,0,0,0,0,40000,-40000,0,0,0,-40000,0,0,0,0,40000,-40000,-40000
064156,大立光統一01購06,0,0,0,0,0,0,0,0,0,-40000,0,0,0,0,40000,-40000,-40000
07120P,聯發科凱基99售09,0,0,0,0,0,0,0,0,0,-40000,0,0,0,0,40000,-40000,-40000
06921P,台光電凱基98售06,0,0,0,0,0,0,0,0,0,-40000,0,0,0,30000,70000,-40000,-40000
053282,彩晶元大9C購01  ,0,0,0,0,0,0,0,0,0,-40000,0,0,0,0,40000,-40000,-40000
053721,國泰金凱基97購01,0,0,0,0,0,0,0,0,0,-40000,0,0,0,10000,50000,-40000,-40000
053671,可成統一96購03  ,0,0,0,0,0,0,0,0,0,-40000,0,0,0,0,40000,-40000,-40000
052619,茂林國泰99購01  ,0,0,0,0,0,0,0,0,0,-40000,0,0,0,157000,197000,-40000,-40000
055568,緯穎凱基97購02  ,0,0,0,0,0,0,0,0,0,-40000,0,0,0,0,40000,-40000,-40000
050801,元金2X群益98購01,0,0,0,0,0,0,0,0,0,-40000,0,0,0,0,40000,-40000,-40000
03427B,臺股指元大9A熊02,0,0,0,0,0,0,0,0,0,-40000,0,0,0,0,40000,-40000,-40000
051078,力山富邦97購01  ,0,0,0,0,0,0,0,0,0,-40000,0,0,0,0,40000,-40000,-40000
054749,聯茂凱基98購01  ,0,0,0,0,0,0,0,0,0,-40000,0,0,0,0,40000,-40000,-40000
055025,華新科國泰98購02,0,0,0,0,0,0,0,0,0,-40000,0,0,0,41000,81000,-40000,-40000
058587,台積電中信9C購03,0,0,0,0,0,0,0,0,0,-40000,0,0,0,139000,179000,-40000,-40000
058600,國巨元大99購15  ,0,0,0,0,0,0,0,0,0,-40000,0,0,0,0,40000,-40000,-40000
055777,冠德凱基97購01  ,0,0,0,0,0,0,0,0,0,-40000,0,0,0,0,40000,-40000,-40000
054876,群電群益97購02  ,0,0,0,0,0,0,0,0,0,-40000,0,0,0,0,40000,-40000,-40000
054846,瑞昱兆豐97購01  ,0,0,0,0,0,0,0,0,0,-40000,0,0,0,0,40000,-40000,-40000
055359,超眾凱基97購01  ,0,0,0,0,0,0,0,0,0,-40000,0,0,0,0,40000,-40000,-40000
056462,訊芯凱基98購03  ,0,0,0,0,0,0,0,0,0,-40000,0,0,0,10000,50000,-40000,-40000
056170,鴻海元富97購09  ,0,0,0,0,0,0,0,0,0,-40000,0,0,0,0,40000,-40000,-40000
056332,台郡國票99購01  ,0,0,0,0,0,0,0,0,0,-40000,0,0,0,0,40000,-40000,-40000
055846,大立光元大97購09,0,0,0,0,0,0,0,0,0,-40000,0,0,0,10000,50000,-40000,-40000
058103,台積電永豐98購06,0,0,0,0,0,0,0,0,0,-40000,0,0,0,0,40000,-40000,-40000
058418,台積電麥證99購01,0,0,0,0,40000,-40000,0,0,0,-40000,0,0,0,0,40000,-40000,-40000
057505,健策麥證98購01  ,0,0,0,65000,105000,-40000,0,0,0,-40000,0,0,0,65000,105000,-40000,-40000
059160,華通凱基99購03  ,0,0,0,0,0,0,0,0,0,-40000,0,0,0,0,40000,-40000,-40000
059315,鴻海元大99購30  ,0,0,0,0,0,0,0,0,0,-40000,0,0,0,6000,46000,-40000,-40000
059485,台灣50兆豐99購02,0,0,0,0,0,0,0,0,0,-40000,0,0,0,0,40000,-40000,-40000
059449,滬深2X永豐99購03,0,0,0,0,0,0,0,0,0,-40000,0,0,0,0,40000,-40000,-40000
059662,旭富元大9C購01  ,0,0,0,0,0,0,0,0,0,-40000,0,0,0,2000,42000,-40000,-40000
05880P,創意康和96售01  ,0,0,0,0,0,0,0,0,0,-40000,0,0,0,10000,50000,-40000,-40000
058737,鴻海第一01購01  ,0,0,0,0,0,0,0,0,0,-40000,0,0,0,0,40000,-40000,-40000
059984,華新科元大99購21,0,0,0,0,0,0,0,0,0,-40000,0,0,0,12000,52000,-40000,-40000
060462,鴻海元大9A購10  ,0,0,0,0,0,0,0,0,0,-40000,0,0,0,0,40000,-40000,-40000
060474,中租元大9B購01  ,0,0,0,0,0,0,0,0,0,-40000,0,0,0,60000,100000,-40000,-40000
060550,可成凱基9A購02  ,0,0,0,0,0,0,0,0,0,-40000,0,0,0,0,40000,-40000,-40000
062140,元金2X國票9B購03,0,0,0,0,0,0,0,0,0,-40000,0,0,0,0,40000,-40000,-40000
061989,晶技元大9B購04  ,0,0,0,0,0,0,0,0,0,-40000,0,0,0,10000,50000,-40000,-40000
061648,緯穎元大9A購04  ,0,0,0,0,0,0,0,0,0,-40000,0,0,0,10000,50000,-40000,-40000
061743,祥碩凱基9B購02  ,0,0,0,0,0,0,0,0,0,-40000,0,0,0,92000,132000,-40000,-40000
06157P,聯鈞統一97售02  ,0,0,0,0,0,0,0,0,0,-40000,0,0,0,40000,80000,-40000,-40000
060894,奇力新凱基9A購03,0,0,0,0,0,0,0,0,0,-40000,0,0,0,10000,50000,-40000,-40000
060800,華新科第一9A購01,0,0,0,0,0,0,0,0,0,-40000,0,0,0,0,40000,-40000,-40000
060992,健策元大9A購05  ,0,0,0,0,0,0,0,0,0,-40000,0,0,0,14000,54000,-40000,-40000
061198,世紀鋼永豐9A購03,0,0,0,0,0,0,0,0,0,-40000,0,0,0,10000,50000,-40000,-40000
062777,鴻海元大9C購03  ,0,0,0,0,0,0,0,0,0,-40000,0,0,0,10000,50000,-40000,-40000
062779,台積電元大9B購03,0,0,0,0,0,0,0,0,0,-40000,0,0,0,50000,90000,-40000,-40000
06276P,臺股指凱基97售08,0,0,0,0,0,0,0,0,0,-40000,0,0,0,10000,50000,-40000,-40000
062765,祥碩凱基9B購04  ,0,0,0,0,0,0,0,0,0,-40000,0,0,0,3000,43000,-40000,-40000
062934,大成鋼凱基9B購02,0,0,0,0,0,0,0,0,0,-40000,0,0,0,30000,70000,-40000,-40000
062880,大立光兆豐9B購02,0,0,0,0,0,0,0,0,0,-40000,0,0,0,10000,50000,-40000,-40000
062882,新日興兆豐9C購01,0,0,0,0,0,0,0,0,0,-40000,0,0,0,87000,127000,-40000,-40000
4739,康普            ,65000,70000,-5000,0,0,0,0,35000,-35000,0,0,0,0,0,0,0,-40000
063580,立積國泰9C購01  ,0,0,0,0,0,0,0,0,0,-41000,0,0,0,30000,71000,-41000,-41000
08011P,玉晶光元大9B售05,0,0,0,0,0,0,0,0,0,-41000,0,0,0,170000,211000,-41000,-41000
08069P,大立光國泰01售02,0,0,0,0,0,0,0,0,0,-41000,0,0,0,1000,42000,-41000,-41000
08070P,晶技國泰9C售02  ,0,0,0,0,0,0,0,0,0,-41000,0,0,0,15000,56000,-41000,-41000
056810,群創統一9A購01  ,0,0,0,0,0,0,0,0,0,-41000,0,0,0,191000,232000,-41000,-41000
056823,智伸科永豐98購01,0,0,0,0,0,0,0,0,0,-41000,0,0,0,106000,147000,-41000,-41000
054789,高鐵群益98購01  ,0,0,0,0,0,0,0,0,0,-41000,0,0,0,378000,419000,-41000,-41000
00689R,國泰20年美債反1 ,0,110000,-110000,0,0,0,0,0,0,69000,0,0,0,181000,112000,69000,-41000
060599,國巨凱基9C購01  ,0,0,0,0,0,0,0,0,0,-41000,0,0,0,127000,168000,-41000,-41000
06294P,臺股指國票97售08,0,0,0,0,0,0,0,0,0,-41000,0,0,0,0,41000,-41000,-41000
063369,聚陽永豐9B購01  ,0,0,0,0,0,0,0,0,0,-41000,0,0,0,214000,255000,-41000,-41000
062150,南六國票9B購01  ,0,0,0,0,0,0,0,0,0,-41000,0,0,0,27000,68000,-41000,-41000
06155P,智邦統一97售02  ,0,0,0,0,0,0,0,0,0,-41000,0,0,0,3000,44000,-41000,-41000
062044,健策凱基9B購02  ,0,0,0,0,0,0,0,0,0,-41000,0,0,0,0,41000,-41000,-41000
4952,凌通            ,17000,58000,-41000,0,0,0,0,0,0,0,0,0,0,0,0,0,-41000
08065P,瑞昱凱基9B售03  ,0,0,0,0,0,0,0,0,0,-42000,0,0,0,8000,50000,-42000,-42000
08143P,聯發科凱基9C售05,0,0,0,0,0,0,0,0,0,-42000,0,0,0,0,42000,-42000,-42000
1519,華城            ,153000,150000,3000,0,0,0,0,0,0,-45000,2000,47000,-45000,0,0,0,-42000
064037,寶成元大9C購02  ,0,0,0,0,0,0,0,0,0,-42000,0,0,0,66000,108000,-42000,-42000
00711B,FH彭博新興債    ,0,0,0,0,0,0,0,0,0,-42000,0,0,0,77000,119000,-42000,-42000
00783,富邦中証500     ,4000,154000,-150000,0,0,0,0,0,0,108000,0,0,0,1158000,1050000,108000,-42000
055584,國巨元大97購11  ,0,0,0,0,0,0,0,0,0,-42000,0,0,0,0,42000,-42000,-42000
056763,國巨元大99購02  ,0,0,0,0,0,0,0,0,0,-42000,0,0,0,0,42000,-42000,-42000
055533,大立光群益97購03,0,0,0,0,0,0,0,0,0,-42000,0,0,0,98000,140000,-42000,-42000
053094,聯電統一97購02  ,0,0,0,0,0,0,0,0,0,-42000,0,0,0,0,42000,-42000,-42000
05361P,聯發科富邦97售01,0,0,0,0,0,0,0,0,0,-42000,0,0,0,0,42000,-42000,-42000
056136,京鼎元大98購01  ,0,0,0,0,0,0,0,0,0,-42000,0,0,0,171000,213000,-42000,-42000
056247,台郡群益97購01  ,0,0,0,0,0,0,0,0,0,-42000,0,0,0,160000,202000,-42000,-42000
060402,神隆國泰9B購01  ,0,0,0,0,0,0,0,0,0,-42000,0,0,0,18000,60000,-42000,-42000
060266,潤泰全國票9A購01,0,0,0,0,0,0,0,0,0,-42000,0,0,0,0,42000,-42000,-42000
057045,美律元大99購04  ,0,0,0,0,0,0,0,0,0,-42000,0,0,0,68000,110000,-42000,-42000
059107,南茂國泰9A購01  ,0,0,0,0,0,0,0,0,0,-42000,0,0,0,10000,52000,-42000,-42000
061971,力山元大9C購02  ,0,0,0,0,0,0,0,0,0,-42000,0,0,0,83000,125000,-42000,-42000
062180,瑞昱元大9B購03  ,0,0,0,0,0,0,0,0,0,-42000,0,0,0,78000,120000,-42000,-42000
062371,健策元大9B購08  ,0,0,0,0,0,0,0,0,0,-42000,0,0,0,61000,103000,-42000,-42000
062396,華通永豐9B購01  ,0,0,0,0,0,0,0,0,0,-42000,0,0,0,10000,52000,-42000,-42000
062914,嘉澤元大9B購02  ,0,0,0,0,0,0,0,0,0,-42000,0,0,0,46000,88000,-42000,-42000
4564,元翎            ,207000,252000,-45000,0,0,0,0,0,0,3000,4000,1000,3000,0,0,0,-42000
3694,海華            ,4000,47000,-43000,0,0,0,0,0,0,1000,1000,0,1000,0,0,0,-42000
9911,櫻花            ,47000,88000,-41000,0,0,0,0,0,0,-1000,6000,7000,-1000,0,0,0,-42000
063739,台勝科元大9B購03,0,0,0,0,0,0,0,0,0,-43000,0,0,0,90000,133000,-43000,-43000
063636,聯發科元大9B購26,0,0,0,0,0,0,0,0,0,-43000,0,0,0,66000,109000,-43000,-43000
055934,景碩群益98購03  ,0,0,0,0,0,0,0,0,0,-43000,0,0,0,0,43000,-43000,-43000
055834,國巨元大97購13  ,0,0,0,0,0,0,0,0,0,-43000,0,0,0,2000,45000,-43000,-43000
059093,旭富元大99購01  ,0,0,0,0,0,0,0,0,0,-43000,0,0,0,100000,143000,-43000,-43000
058569,健策凱基9A購01  ,0,0,0,0,0,0,0,0,0,-43000,0,0,0,20000,63000,-43000,-43000
058912,祥碩元大99購01  ,0,0,0,0,0,0,0,0,0,-43000,0,0,0,0,43000,-43000,-43000
057901,大立光永豐98購04,0,0,0,0,0,0,0,0,0,-43000,0,0,0,0,43000,-43000,-43000
06025P,臺股指元大99售02,0,0,0,0,0,0,0,0,0,-43000,0,0,0,61000,104000,-43000,-43000
058797,大毅元大99購03  ,0,0,0,0,0,0,0,0,0,-43000,0,0,0,10000,53000,-43000,-43000
059719,台積電元大99購42,0,0,0,0,0,0,0,0,0,-43000,0,0,0,26000,69000,-43000,-43000
063024,祥碩元大9B購05  ,0,0,0,0,0,0,0,0,0,-43000,0,0,0,81000,124000,-43000,-43000
063317,大立光群益9B購06,0,0,0,0,0,0,0,0,0,-43000,0,0,0,26000,69000,-43000,-43000
062230,緯穎統一01購01  ,10000,0,10000,0,0,0,0,0,0,-53000,0,0,0,291000,344000,-53000,-43000
062784,世芯元大9B購01  ,0,0,0,0,0,0,0,0,0,-43000,0,0,0,4000,47000,-43000,-43000
062733,巨大凱基9B購01  ,0,0,0,0,0,0,0,0,0,-43000,0,0,0,10000,53000,-43000,-43000
062745,聯詠永豐9B購01  ,0,0,0,0,0,0,0,0,0,-43000,0,0,0,75000,118000,-43000,-43000
061871,瑞昱元大9B購01  ,0,0,0,0,0,0,0,0,0,-43000,0,0,0,61000,104000,-43000,-43000
063550,可成國票9C購01  ,0,0,0,0,0,0,0,0,0,-44000,0,0,0,56000,100000,-44000,-44000
063426,茂林凱基9B購03  ,0,0,0,0,0,0,0,0,0,-44000,0,0,0,46000,90000,-44000,-44000
063759,義隆統一9C購01  ,0,0,0,0,0,0,0,0,0,-44000,0,0,0,32000,76000,-44000,-44000
063997,泰鼎群益9C購01  ,0,0,0,0,0,0,0,0,0,-44000,0,0,0,6000,50000,-44000,-44000
06752P,訊芯凱基98售05  ,0,0,0,0,0,0,0,0,0,-44000,0,0,0,15000,59000,-44000,-44000
07683P,宏達電凱基9A售03,0,0,0,0,0,0,0,0,0,-44000,0,0,0,0,44000,-44000,-44000
07524P,臺股指中信9B售06,0,0,0,0,0,0,0,0,0,-44000,0,0,0,20000,64000,-44000,-44000
054811,裕隆元大9A購01  ,0,0,0,0,0,0,0,0,0,-44000,0,0,0,44000,88000,-44000,-44000
058264,瑞昱永豐99購01  ,0,0,0,0,0,0,0,0,0,-44000,0,0,0,6000,50000,-44000,-44000
053851,鴻海國泰98購03  ,0,0,0,0,0,0,0,0,0,-44000,0,0,0,0,44000,-44000,-44000
056738,國巨凱基9A購02  ,0,0,0,0,0,0,0,0,0,-44000,0,0,0,0,44000,-44000,-44000
058714,美律統一9B購01  ,0,0,0,0,0,0,0,0,0,-44000,0,0,0,490000,534000,-44000,-44000
060674,瑞昱元大9A購03  ,0,0,0,0,0,0,0,0,0,-44000,0,0,0,117000,161000,-44000,-44000
057012,康控中信98購01  ,0,0,0,0,0,0,0,0,0,-44000,0,0,0,56000,100000,-44000,-44000
057820,華擎元大98購02  ,0,0,0,0,0,0,0,0,0,-44000,0,0,0,6000,50000,-44000,-44000
062736,漢唐國票9B購01  ,0,0,0,0,0,0,0,0,0,-44000,0,0,0,10000,54000,-44000,-44000
062464,T50反1凱基9C購03,0,0,0,0,0,0,0,0,0,-44000,0,0,0,0,44000,-44000,-44000
062288,南六群益9B購01  ,0,0,0,0,0,0,0,0,0,-44000,0,0,0,10000,54000,-44000,-44000
063364,聯發科富邦01購02,0,0,0,0,0,0,0,0,0,-44000,0,0,0,0,44000,-44000,-44000
5546,永固-KY         ,0,19000,-19000,0,0,0,0,0,0,-25000,0,25000,-25000,0,0,0,-44000
1712,興農            ,152000,206000,-54000,0,0,0,0,3859,-3859,13000,13000,0,13000,0,0,0,-44859
2476,鉅祥            ,101000,154000,-53000,0,0,0,0,0,0,8000,8000,0,8000,0,0,0,-45000
07752P,台灣50元大9C售33,0,0,0,0,0,0,0,0,0,-45000,0,0,0,20000,65000,-45000,-45000
07814P,華通群益9A售06  ,0,0,0,0,0,0,0,0,0,-45000,0,0,0,15000,60000,-45000,-45000
07021P,台積電富邦9C售02,0,0,0,0,0,0,0,0,0,-45000,0,0,0,51000,96000,-45000,-45000
06608P,立積群益99售02  ,0,0,0,0,0,0,0,0,0,-45000,0,0,0,145000,190000,-45000,-45000
063727,鴻海元大9C購05  ,0,0,0,0,0,0,0,0,0,-45000,0,0,0,4000,49000,-45000,-45000
063730,台積電元大9B購09,0,0,0,0,0,0,0,0,0,-45000,0,0,0,0,45000,-45000,-45000
063460,智邦元大9B購08  ,0,0,0,0,0,0,0,0,0,-45000,0,0,0,71000,116000,-45000,-45000
063601,金像電凱基01購01,0,0,0,0,0,0,0,0,0,-45000,0,0,0,0,45000,-45000,-45000
063651,金像電台新9B購01,0,0,0,0,0,0,0,0,0,-45000,0,0,0,0,45000,-45000,-45000
056664,上証反中信9B購01,0,0,0,0,0,0,0,0,0,-45000,0,0,0,5000,50000,-45000,-45000
053784,奇力新元大97購02,0,0,0,0,0,0,0,0,0,-45000,0,0,0,5000,50000,-45000,-45000
057640,台積電元大98購16,0,0,0,0,0,0,0,0,0,-45000,0,0,0,4000,49000,-45000,-45000
055382,台郡元大99購01  ,0,0,0,0,0,0,0,0,0,-45000,0,0,0,5000,50000,-45000,-45000
056168,鴻海元富97購07  ,0,0,0,0,0,0,0,0,0,-45000,0,0,0,0,45000,-45000,-45000
059224,大立光元大99購15,0,0,0,0,0,0,0,0,0,-45000,0,0,0,0,45000,-45000,-45000
05889P,群創元大98售02  ,0,0,0,0,0,0,0,0,0,-45000,0,0,0,126000,171000,-45000,-45000
058339,康友元富99購02  ,0,0,0,0,0,0,0,0,0,-45000,0,0,0,0,45000,-45000,-45000
057672,茂林元大98購02  ,0,0,0,0,0,0,0,0,0,-45000,0,0,0,15000,60000,-45000,-45000
058091,欣興元大99購03  ,0,0,0,0,0,0,0,0,0,-45000,0,0,0,15000,60000,-45000,-45000
057109,信邦群益98購01  ,0,0,0,0,0,0,0,0,0,-45000,0,0,0,5000,50000,-45000,-45000
057498,台郡元大98購04  ,0,0,0,0,0,0,0,0,0,-45000,0,0,0,50000,95000,-45000,-45000
058720,旭富元富99購01  ,0,0,0,0,0,0,0,0,0,-45000,0,0,0,24000,69000,-45000,-45000
058668,元油2X群益9B購04,0,0,0,0,0,0,0,0,0,-45000,0,0,0,0,45000,-45000,-45000
057288,聯茂元大98購03  ,0,0,0,0,0,0,0,0,0,-45000,0,0,0,0,45000,-45000,-45000
063017,台光電元大9B購07,0,0,0,0,0,0,0,0,0,-45000,0,0,0,7000,52000,-45000,-45000
062591,新日興統一9C購01,0,0,0,0,0,0,0,0,0,-45000,0,0,0,125000,170000,-45000,-45000
06192P,高股息中信98售01,0,0,0,0,0,0,0,0,0,-45000,0,0,0,0,45000,-45000,-45000
061580,華擎元大9A購06  ,0,0,0,0,0,0,0,0,0,-45000,0,0,0,5000,50000,-45000,-45000
061612,南六統一9A購01  ,0,0,0,0,0,0,0,0,0,-45000,0,0,0,25000,70000,-45000,-45000
061127,美食永豐9A購01  ,0,0,0,0,0,0,0,0,0,-45000,0,0,0,63000,108000,-45000,-45000
061261,台積電凱基9B購03,0,0,0,0,0,0,0,0,0,-45000,0,0,0,0,45000,-45000,-45000
060960,金像電凱基9B購01,0,0,0,0,0,0,0,0,0,-45000,0,0,0,10000,55000,-45000,-45000
064090,祥碩凱基9C購03  ,0,0,0,0,0,0,0,0,0,-46000,0,0,0,38000,84000,-46000,-46000
07754P,日月光元大9A售02,0,0,0,0,0,0,0,0,0,-46000,0,0,0,6000,52000,-46000,-46000
07939P,台積電統一9B售14,0,0,0,0,0,0,0,0,0,-46000,0,0,0,10000,56000,-46000,-46000
07685P,玉晶光凱基9B售03,0,0,0,0,0,0,0,0,0,-46000,0,0,0,0,46000,-46000,-46000
08308P,聯發科凱基01售03,0,0,0,0,0,0,0,0,0,-46000,0,0,0,0,46000,-46000,-46000
055324,TPK國票98購03   ,0,0,0,0,0,0,0,0,0,-46000,0,0,0,0,46000,-46000,-46000
054532,強茂國泰98購01  ,0,0,0,0,0,0,0,0,0,-46000,0,0,0,0,46000,-46000,-46000
053487,台泥兆豐97購01  ,0,0,0,0,0,0,0,0,0,-46000,0,0,0,0,46000,-46000,-46000
03425B,臺股指元大9A熊01,0,0,0,0,0,0,0,0,0,-46000,0,0,0,0,46000,-46000,-46000
059639,大立光凱基9A購06,0,0,0,0,0,0,0,0,0,-46000,0,0,0,12000,58000,-46000,-46000
061083,京元電兆豐9A購01,0,0,0,0,0,0,0,0,0,-46000,0,0,0,0,46000,-46000,-46000
061566,華通元大9A購10  ,0,0,0,0,0,0,0,0,0,-46000,0,0,0,141000,187000,-46000,-46000
061474,瑞昱元大9A購04  ,0,0,0,0,0,0,0,0,0,-46000,0,0,0,66000,112000,-46000,-46000
062061,台勝科統一01購01,0,0,0,0,0,0,0,0,0,-46000,0,0,0,402000,448000,-46000,-46000
063129,祥碩元大9C購03  ,0,0,0,0,0,0,0,0,0,-46000,0,0,0,1000,47000,-46000,-46000
3518,柏騰            ,45000,92000,-47000,0,0,0,0,0,0,1000,1000,0,1000,0,0,0,-46000
4108,懷特            ,21000,67000,-46000,0,0,0,0,0,0,0,0,0,0,0,0,0,-46000
1528,恩德            ,7000,57000,-50000,0,0,0,0,0,0,3000,3000,0,3000,0,0,0,-47000
08140P,祥碩元大9B售07  ,0,0,0,0,0,0,0,0,0,-47000,0,0,0,238000,285000,-47000,-47000
064085,儒鴻凱基9C購02  ,0,0,0,0,0,0,0,0,0,-47000,0,0,0,70000,117000,-47000,-47000
07034P,大立光元富99售03,0,0,0,0,0,0,0,0,0,-47000,0,0,0,14000,61000,-47000,-47000
03446B,臺股指元大9B熊26,0,0,0,0,0,0,0,0,0,-47000,0,0,0,219000,266000,-47000,-47000
0052,富邦科技        ,0,0,0,0,0,0,0,0,0,-47000,0,0,0,106000,153000,-47000,-47000
059366,台積電台新99購04,0,0,0,0,0,0,0,0,0,-47000,0,0,0,0,47000,-47000,-47000
063029,喬山凱基9B購01  ,0,0,0,0,0,0,0,0,0,-47000,0,0,0,96000,143000,-47000,-47000
062740,致伸國票9B購01  ,0,0,0,0,0,0,0,0,0,-47000,0,0,0,3000,50000,-47000,-47000
062653,正隆永豐9B購01  ,0,0,0,0,0,0,0,0,0,-47000,0,0,0,62000,109000,-47000,-47000
3018,同開            ,7000,54000,-47000,0,0,0,0,0,0,0,0,0,0,0,0,0,-47000
07060P,台表科國票9A售01,0,0,0,0,0,0,0,0,0,-48000,0,0,0,70000,118000,-48000,-48000
064258,臻鼎國泰01購02  ,0,0,0,0,0,0,0,0,0,-48000,0,0,0,0,48000,-48000,-48000
063890,正隆群益9C購01  ,0,0,0,0,0,0,0,0,0,-48000,0,0,0,184000,232000,-48000,-48000
063965,漢唐國票01購01  ,0,0,0,0,0,0,0,0,0,-48000,0,0,0,8000,56000,-48000,-48000
1409,新纖            ,626000,695000,-69000,0,0,0,0,0,0,21000,33000,12000,21000,0,0,0,-48000
08674P,嘉晶元富07售02  ,0,0,0,0,0,0,0,0,0,-48000,0,0,0,0,48000,-48000,-48000
050363,臺指反元大98購04,0,0,0,0,0,0,0,0,0,-48000,0,0,0,0,48000,-48000,-48000
055519,茂林中信99購01  ,0,0,0,0,0,0,0,0,0,-48000,0,0,0,52000,100000,-48000,-48000
056611,國巨永豐98購03  ,0,0,0,0,0,0,0,0,0,-48000,0,0,0,0,48000,-48000,-48000
057484,南亞科元大98購06,0,0,0,0,0,0,0,0,0,-48000,0,0,0,20000,68000,-48000,-48000
057514,華新科元富99購03,0,0,0,0,0,0,0,0,0,-48000,0,0,0,93000,141000,-48000,-48000
057684,聯茂日盛99購01  ,0,0,0,0,0,0,0,0,0,-48000,0,0,0,0,48000,-48000,-48000
059867,華邦電凱基99購02,0,0,0,0,0,0,0,0,0,-48000,0,0,0,50000,98000,-48000,-48000
062659,台灣50群益9B購10,0,0,0,0,0,0,0,0,0,-48000,0,0,0,0,48000,-48000,-48000
062279,晶豪科群益9B購01,0,0,0,0,0,0,0,0,0,-48000,0,0,0,52000,100000,-48000,-48000
062255,聯發科元大9B購07,0,0,0,0,0,0,0,0,0,-48000,0,0,0,45000,93000,-48000,-48000
063088,緯穎凱基9B購04  ,0,0,0,0,0,0,0,0,0,-48000,0,0,0,150000,198000,-48000,-48000
061564,華擎國票9A購02  ,0,0,0,0,0,0,0,0,0,-48000,0,0,0,7000,55000,-48000,-48000
060777,茂林凱基9C購01  ,0,0,0,0,0,0,0,0,0,-48000,0,0,0,15000,63000,-48000,-48000
061175,台積電凱基9A購19,0,0,0,0,0,0,0,0,0,-48000,0,0,0,35000,83000,-48000,-48000
08312P,旺宏國票01售01  ,0,0,0,0,0,0,0,0,0,-49000,0,0,0,1000,50000,-49000,-49000
07995P,臺股指麥證9C售01,0,0,0,6000,55000,-49000,0,0,0,-49000,0,0,0,6000,55000,-49000,-49000
07583P,台積電富邦9B售05,0,0,0,0,0,0,0,0,0,-49000,0,0,0,41000,90000,-49000,-49000
063976,正崴兆豐9C購01  ,0,0,0,0,0,0,0,0,0,-49000,0,0,0,480000,529000,-49000,-49000
064105,南茂群益9C購01  ,0,0,0,0,0,0,0,0,0,-49000,0,0,0,8000,57000,-49000,-49000
055692,緯穎凱基97購03  ,0,0,0,0,0,0,0,0,0,-49000,0,0,0,10000,59000,-49000,-49000
053694,創意元大96購03  ,0,0,0,0,0,0,0,0,0,-49000,0,0,0,100000,149000,-49000,-49000
055365,華通元大97購03  ,0,0,0,0,0,0,0,0,0,-49000,0,0,0,31000,80000,-49000,-49000
056813,聯茂統一99購01  ,0,0,0,0,0,0,0,0,0,-49000,0,0,0,0,49000,-49000,-49000
060209,喬山康和9A購01  ,0,0,0,0,0,0,0,0,0,-49000,0,0,0,9000,58000,-49000,-49000
057745,泰鼎永豐99購01  ,0,0,0,0,0,0,0,0,0,-49000,0,0,0,56000,105000,-49000,-49000
057737,國巨富邦99購02  ,0,0,0,0,0,0,0,0,0,-49000,0,0,0,0,49000,-49000,-49000
057368,微星元大98購02  ,0,0,0,0,0,0,0,0,0,-49000,0,0,0,5000,54000,-49000,-49000
061319,聯發科凱基9A購16,0,0,0,0,0,0,0,0,0,-49000,0,0,0,11000,60000,-49000,-49000
061633,統一元大9A購01  ,0,0,0,0,0,0,0,0,0,-49000,0,0,0,34000,83000,-49000,-49000
061762,台塑元大9B購01  ,0,0,0,0,0,0,0,0,0,-49000,0,0,0,65000,114000,-49000,-49000
062119,世紀鋼中信9B購01,0,0,0,0,0,0,0,0,0,-49000,0,0,0,30000,79000,-49000,-49000
06286P,世芯國票97售02  ,0,0,0,0,0,0,0,0,0,-49000,0,0,0,0,49000,-49000,-49000
062832,嘉澤群益9B購02  ,0,0,0,0,0,0,0,0,0,-49000,0,0,0,95000,144000,-49000,-49000
063237,微星元大9B購02  ,0,0,0,0,0,0,0,0,0,-49000,0,0,0,121000,170000,-49000,-49000
063283,華新科元大9C購03,0,0,0,0,0,0,0,0,0,-49000,0,0,0,15000,64000,-49000,-49000
062676,南六台新9B購01  ,0,0,0,0,0,0,0,0,0,-49000,0,0,0,2000,51000,-49000,-49000
062592,牧德統一01購01  ,0,0,0,0,0,0,0,0,0,-49000,0,0,0,70000,119000,-49000,-49000
064120,鴻海元大9C購07  ,0,0,0,0,0,0,0,0,0,-50000,0,0,0,0,50000,-50000,-50000
06538P,國巨凱基98售11  ,0,0,0,0,0,0,0,0,0,-50000,0,0,0,0,50000,-50000,-50000
07064P,臺股指元大9A售25,0,0,0,0,0,0,0,0,0,-50000,0,0,0,0,50000,-50000,-50000
07016P,聯發科元大99售10,0,0,0,0,0,0,0,0,0,-50000,0,0,0,0,50000,-50000,-50000
06747P,大立光群益99售04,0,0,0,0,0,0,0,0,0,-50000,0,0,0,0,50000,-50000,-50000
063981,貿聯兆豐9C購01  ,0,0,0,0,0,0,0,0,0,-50000,0,0,0,0,50000,-50000,-50000
063687,金像電永豐9B購04,0,0,0,0,0,0,0,0,0,-50000,0,0,0,0,50000,-50000,-50000
063647,超眾元大9B購02  ,0,0,0,0,0,0,0,0,0,-50000,0,0,0,0,50000,-50000,-50000
07428P,華新科國票9A售01,0,0,0,0,0,0,0,0,0,-50000,0,0,0,30000,80000,-50000,-50000
07410P,鴻海元大99售44  ,0,0,0,0,0,0,0,0,0,-50000,0,0,0,0,50000,-50000,-50000
07188P,臺股指台新99售11,0,0,0,0,0,0,0,0,0,-50000,0,0,0,0,50000,-50000,-50000
08061P,大毅國票9B售04  ,0,0,0,0,0,0,0,0,0,-50000,0,0,0,0,50000,-50000,-50000
08072P,祥碩永豐9B售03  ,0,0,0,0,0,0,0,0,0,-50000,0,0,0,0,50000,-50000,-50000
08084P,台表科元大9B售06,0,0,0,0,0,0,0,0,0,-50000,0,0,0,0,50000,-50000,-50000
056828,國巨富邦9A購03  ,0,0,0,0,0,0,0,0,0,-50000,0,0,0,0,50000,-50000,-50000
056804,T50反1統一9A購03,0,0,0,0,0,0,0,0,0,-50000,0,0,0,0,50000,-50000,-50000
055114,新日興凱基98購01,0,0,0,0,0,0,0,0,0,-50000,0,0,0,0,50000,-50000,-50000
056498,A50正2富邦9B購01,0,0,0,0,0,0,0,0,0,-50000,0,0,0,20000,70000,-50000,-50000
056068,欣興元大97購05  ,0,0,0,0,0,0,0,0,0,-50000,0,0,0,50000,100000,-50000,-50000
054978,堤維西元富97購01,0,0,0,0,0,0,0,0,0,-50000,0,0,0,0,50000,-50000,-50000
058624,台積電國票99購09,0,0,0,0,0,0,0,0,0,-50000,0,0,0,0,50000,-50000,-50000
052551,台積電國票97購03,0,0,0,0,0,0,0,0,0,-50000,0,0,0,0,50000,-50000,-50000
055597,禾伸堂元大98購02,0,0,0,0,0,0,0,0,0,-50000,0,0,0,0,50000,-50000,-50000
055610,光磊國票98購01  ,0,0,0,0,0,0,0,0,0,-50000,0,0,0,20000,70000,-50000,-50000
048001,中工元大96購01  ,0,0,0,0,0,0,0,0,0,-50000,0,0,0,0,50000,-50000,-50000
047675,群創元富96購03  ,0,0,0,0,0,0,0,0,0,-50000,0,0,0,0,50000,-50000,-50000
051425,昇陽半國票97購01,0,0,0,0,0,0,0,0,0,-50000,0,0,0,0,50000,-50000,-50000
057355,彩晶統一98購03  ,0,0,0,0,0,0,0,0,0,-50000,0,0,0,40000,90000,-50000,-50000
057411,臺股指群益99購05,0,0,0,0,0,0,0,0,0,-50000,0,0,0,0,50000,-50000,-50000
059044,聯電日盛99購02  ,0,0,0,0,0,0,0,0,0,-50000,0,0,0,0,50000,-50000,-50000
059039,致伸群益99購01  ,0,0,0,0,0,0,0,0,0,-50000,0,0,0,0,50000,-50000,-50000
059203,勤誠永豐99購02  ,0,0,0,0,0,0,0,0,0,-50000,0,0,0,0,50000,-50000,-50000
058557,健策第一01購01  ,0,0,0,0,0,0,0,0,0,-50000,0,0,0,0,50000,-50000,-50000
057791,可成統一99購01  ,0,0,0,0,0,0,0,0,0,-50000,0,0,0,0,50000,-50000,-50000
056858,國巨群益99購03  ,0,0,0,0,0,0,0,0,0,-50000,0,0,0,10000,60000,-50000,-50000
058338,康友元富99購01  ,0,0,0,0,0,0,0,0,0,-50000,0,0,0,70000,120000,-50000,-50000
060285,聯電元大9C購01  ,0,0,0,0,0,0,0,0,0,-50000,0,0,0,66000,116000,-50000,-50000
060370,滬深2X元富04購01,0,0,0,0,0,0,0,0,0,-50000,0,0,0,0,50000,-50000,-50000
059964,元金2X凱基99購02,0,0,0,0,0,0,0,0,0,-50000,0,0,0,0,50000,-50000,-50000
060670,臺指反元大01購03,0,0,0,0,0,0,0,0,0,-50000,0,0,0,0,50000,-50000,-50000
058806,道瓊銀統一9B購01,0,0,0,0,0,0,0,0,0,-50000,0,0,0,0,50000,-50000,-50000
059517,茂林永豐99購02  ,0,0,0,0,0,0,0,0,0,-50000,0,0,0,0,50000,-50000,-50000
057297,新日興永豐98購01,0,0,0,0,0,0,0,0,0,-50000,0,0,0,0,50000,-50000,-50000
057172,南亞科元大98購03,0,0,0,0,0,0,0,0,0,-50000,0,0,0,48000,98000,-50000,-50000
058729,國巨永豐99購03  ,0,0,0,0,0,0,0,0,0,-50000,0,0,0,0,50000,-50000,-50000
062696,國巨元大9B購16  ,0,0,0,0,0,0,0,0,0,-50000,0,0,0,0,50000,-50000,-50000
062365,台光電元大9B購03,0,0,0,0,0,0,0,0,0,-50000,0,0,0,18000,68000,-50000,-50000
062361,智邦元大9B購06  ,0,0,0,0,0,0,0,0,0,-50000,0,0,0,61000,111000,-50000,-50000
062352,南六群益9B購02  ,0,0,0,0,0,0,0,0,0,-50000,0,0,0,0,50000,-50000,-50000
063233,國巨元大9B購19  ,0,0,0,0,0,0,0,0,0,-50000,0,0,0,0,50000,-50000,-50000
063247,信邦元大9B購02  ,0,0,0,0,0,0,0,0,0,-50000,0,0,0,0,50000,-50000,-50000
063122,聯發科元大9B購15,0,0,0,0,0,0,0,0,0,-50000,0,0,0,9000,59000,-50000,-50000
063174,臺股指中信01購04,0,0,0,0,0,0,0,0,0,-50000,0,0,0,80000,130000,-50000,-50000
062986,T50反1中信02購01,0,0,0,0,0,0,0,0,0,-50000,0,0,0,15000,65000,-50000,-50000
062031,臻鼎群益9B購01  ,0,0,0,0,0,0,0,0,0,-50000,0,0,0,0,50000,-50000,-50000
061934,台積電國票9B購06,0,0,0,0,0,0,0,0,0,-50000,0,0,0,0,50000,-50000,-50000
061829,T50反1凱基9C購02,0,0,0,0,0,0,0,0,0,-50000,0,0,0,0,50000,-50000,-50000
061767,信邦元大9B購01  ,0,0,0,0,0,0,0,0,0,-50000,0,0,0,0,50000,-50000,-50000
06173P,華通元大97售02  ,0,0,0,0,0,0,0,0,0,-50000,0,0,0,0,50000,-50000,-50000
061568,國巨元大9A購25  ,0,0,0,0,0,0,0,0,0,-50000,0,0,0,0,50000,-50000,-50000
061478,奇鋐元大9A購01  ,0,0,0,0,0,0,0,0,0,-50000,0,0,0,50000,100000,-50000,-50000
061523,SP黃豆凱基9B購01,0,0,0,0,0,0,0,0,0,-50000,0,0,0,0,50000,-50000,-50000
061138,晶技統一9C購01  ,0,0,0,0,0,0,0,0,0,-50000,0,0,0,21000,71000,-50000,-50000
060911,大毅元大9A購01  ,0,0,0,0,0,0,0,0,0,-50000,0,0,0,27000,77000,-50000,-50000
060990,新光金元大9B購03,0,0,0,0,0,0,0,0,0,-50000,0,0,0,245000,295000,-50000,-50000
4916,事欣科          ,55000,107000,-52000,0,0,0,0,0,0,2000,3000,1000,2000,0,0,0,-50000
5269,祥碩            ,137000,201000,-64000,0,0,0,25000,47354,-22354,36000,35000,6000,29000,10000,3000,7000,-50354
3312,弘憶股          ,26000,88000,-62000,0,0,0,0,947,-947,12000,19000,7000,12000,0,0,0,-50947
08088P,義隆凱基9B售03  ,0,0,0,0,0,0,0,0,0,-51000,0,0,0,96000,147000,-51000,-51000
063570,嘉晶元大9C購02  ,0,0,0,0,0,0,0,0,0,-51000,0,0,0,9000,60000,-51000,-51000
063830,智伸科國票01購01,0,0,0,0,0,0,0,0,0,-51000,0,0,0,10000,61000,-51000,-51000
06546P,聯發科元大98售05,0,0,0,0,0,0,0,0,0,-51000,0,0,0,0,51000,-51000,-51000
060238,強茂元大9C購01  ,0,0,0,0,0,0,0,0,0,-51000,0,0,0,7000,58000,-51000,-51000
059884,鴻海國票99購09  ,0,0,0,0,0,0,0,0,0,-51000,0,0,0,4000,55000,-51000,-51000
059766,同欣電永豐99購03,0,0,0,0,0,0,0,0,0,-51000,0,0,0,252000,303000,-51000,-51000
060449,元金2X元大9A購02,0,0,0,0,0,0,0,0,0,-51000,0,0,0,0,51000,-51000,-51000
057119,微星康和98購01  ,0,0,0,0,0,0,0,0,0,-51000,0,0,0,42000,93000,-51000,-51000
059313,元石油元大99購06,0,0,0,0,0,0,0,0,0,-51000,0,0,0,47000,98000,-51000,-51000
060959,金像電凱基9A購01,0,0,0,0,0,0,0,0,0,-51000,0,0,0,75000,126000,-51000,-51000
061435,元金2X凱基9C購03,0,0,0,0,0,0,0,0,0,-51000,0,0,0,4000,55000,-51000,-51000
062984,致新元富9B購01  ,0,0,0,0,0,0,0,0,0,-51000,0,0,0,104000,155000,-51000,-51000
06293P,臺股指國票97售07,0,0,0,0,0,0,0,0,0,-51000,0,0,0,2000,53000,-51000,-51000
062707,致伸元大9B購01  ,0,0,0,0,0,0,0,0,0,-51000,0,0,0,94000,145000,-51000,-51000
062776,鴻海元大9B購03  ,0,0,0,0,0,0,0,0,0,-51000,0,0,0,0,51000,-51000,-51000
062593,健策統一9B購03  ,0,0,0,0,0,0,0,0,0,-51000,0,0,0,63000,114000,-51000,-51000
2731,雄獅            ,88000,139000,-51000,0,0,0,0,0,0,0,0,0,0,0,0,0,-51000
07950P,智邦元大9B售04  ,0,0,0,0,0,0,0,0,0,-52000,0,0,0,66000,118000,-52000,-52000
056215,華新科國票97購03,0,0,0,0,0,0,0,0,0,-52000,0,0,0,53000,105000,-52000,-52000
055779,國泰金凱基97購02,0,0,0,0,0,0,0,0,0,-52000,0,0,0,0,52000,-52000,-52000
056650,彩晶凱基9A購01  ,0,0,0,0,0,0,0,0,0,-52000,0,0,0,0,52000,-52000,-52000
05749P,臺股指群益99售03,0,0,0,0,0,0,0,0,0,-52000,0,0,0,0,52000,-52000,-52000
060384,葡萄王凱基9B購01,0,0,0,0,0,0,0,0,0,-52000,0,0,0,30000,82000,-52000,-52000
062500,國巨群益01購01  ,0,0,0,0,0,0,0,0,0,-52000,0,0,0,3000,55000,-52000,-52000
062443,大立光元大9B購05,0,0,0,0,0,0,0,0,0,-52000,0,0,0,0,52000,-52000,-52000
062273,國巨群益9C購02  ,0,0,0,0,0,0,0,0,0,-52000,0,0,0,8000,60000,-52000,-52000
063047,大立光兆豐9B購03,0,0,0,0,0,0,0,0,0,-52000,0,0,0,10000,62000,-52000,-52000
061334,華通元大9A購09  ,0,0,0,0,0,0,0,0,0,-52000,0,0,0,17000,69000,-52000,-52000
061366,台勝科國票9A購01,0,0,0,0,0,0,0,0,0,-52000,0,0,0,49000,101000,-52000,-52000
060732,玉晶光群益9C購02,0,0,0,0,0,0,0,0,0,-52000,0,0,0,8000,60000,-52000,-52000
062083,健策元大9C購03  ,0,0,0,0,0,0,0,0,0,-52000,0,0,0,40000,92000,-52000,-52000
062075,智邦元大9B購03  ,0,0,0,0,0,0,0,0,0,-52000,0,0,0,9000,61000,-52000,-52000
4555,氣立            ,56000,11000,45000,0,0,0,0,50000,-50000,-47000,0,47000,-47000,0,0,0,-52000
07975P,國巨元大9B售15  ,0,0,0,0,0,0,0,0,0,-53000,0,0,0,3000,56000,-53000,-53000
2537,聯上發          ,105000,158000,-53000,0,0,0,0,0,0,0,1000,1000,0,0,0,0,-53000
064046,聯發科統一9C購12,0,0,0,0,0,0,0,0,0,-53000,0,0,0,0,53000,-53000,-53000
063717,宏達電兆豐9B購02,0,0,0,0,0,0,0,0,0,-53000,0,0,0,0,53000,-53000,-53000
063457,臺指反元大02購17,0,0,0,0,0,0,0,0,0,-53000,0,0,0,0,53000,-53000,-53000
056770,國產元大98購02  ,0,0,0,0,0,0,0,0,0,-53000,0,0,0,271000,324000,-53000,-53000
056434,國巨凱基98購03  ,0,0,0,0,0,0,0,0,0,-53000,0,0,0,53000,106000,-53000,-53000
055839,瑞昱元大97購04  ,0,0,0,0,0,0,0,0,0,-53000,0,0,0,0,53000,-53000,-53000
058613,茂林元大99購03  ,0,0,0,0,0,0,0,0,0,-53000,0,0,0,111000,164000,-53000,-53000
058878,旭富國泰9B購01  ,0,0,0,0,0,0,0,0,0,-53000,0,0,0,8000,61000,-53000,-53000
061802,勤誠永豐9B購01  ,0,0,0,0,0,0,0,0,0,-53000,0,0,0,123000,176000,-53000,-53000
06096P,全新永豐97售02  ,0,0,0,0,0,0,0,0,0,-53000,0,0,0,0,53000,-53000,-53000
063021,大立光元大9C購05,0,0,0,0,0,0,0,0,0,-53000,0,0,0,0,53000,-53000,-53000
062237,緯創凱基9B購01  ,0,0,0,0,0,0,0,0,0,-53000,0,0,0,0,53000,-53000,-53000
062618,祥碩元大9B購04  ,0,0,0,0,0,0,0,0,0,-53000,0,0,0,5000,58000,-53000,-53000
2702,華園            ,109000,161000,-52000,0,0,0,0,0,0,-1000,0,1000,-1000,0,0,0,-53000
063707,儒鴻凱基9C購01  ,0,0,0,0,0,0,0,0,0,-54000,0,0,0,168000,222000,-54000,-54000
063880,可成元富9C購01  ,0,0,0,0,0,0,0,0,0,-54000,0,0,0,12000,66000,-54000,-54000
06867P,訊芯元大98售08  ,0,0,0,0,0,0,0,0,0,-54000,0,0,0,0,54000,-54000,-54000
07233P,台灣50元大99售04,0,0,0,0,0,0,0,0,0,-54000,0,0,0,8000,62000,-54000,-54000
00706L,元大S&P日圓正2  ,0,0,0,0,0,0,0,0,0,-54000,0,0,0,20000,74000,-54000,-54000
060133,牧德群益9B購01  ,0,0,0,0,0,0,0,0,0,-54000,0,0,0,63000,117000,-54000,-54000
057278,可成元大98購06  ,0,0,0,0,0,0,0,0,0,-54000,0,0,0,68000,122000,-54000,-54000
063023,華擎元大9B購02  ,0,0,0,0,0,0,0,0,0,-54000,0,0,0,50000,104000,-54000,-54000
062913,創意元大9B購02  ,0,0,0,0,0,0,0,0,0,-54000,0,0,0,18000,72000,-54000,-54000
061387,鴻海群益9A購05  ,0,0,0,0,0,0,0,0,0,-54000,0,0,0,71000,125000,-54000,-54000
061413,台勝科群益9A購01,0,0,0,0,0,0,0,0,0,-54000,0,0,0,366000,420000,-54000,-54000
062029,牧德群益9B購03  ,0,0,0,0,0,0,0,0,0,-54000,0,0,0,62000,116000,-54000,-54000
061984,華新科元大9B購05,0,0,0,0,0,0,0,0,0,-54000,0,0,0,0,54000,-54000,-54000
07373P,A50正2元大99售01,0,0,0,0,0,0,0,0,0,-55000,0,0,0,5000,60000,-55000,-55000
08129P,聯發科元大9B售23,0,0,0,0,0,0,0,0,0,-55000,0,0,0,0,55000,-55000,-55000
07717P,臺股指群益9A售06,0,0,0,0,0,0,0,0,0,-55000,0,0,0,25000,80000,-55000,-55000
08349P,南六元大9C售03  ,0,0,0,0,0,0,0,0,0,-55000,0,0,0,0,55000,-55000,-55000
08326P,臺股指凱基9C售09,0,0,0,0,0,0,0,0,0,-55000,0,0,0,0,55000,-55000,-55000
08278P,玉晶光元富9C售02,0,0,0,0,0,0,0,0,0,-55000,0,0,0,0,55000,-55000,-55000
1338,廣華-KY         ,55000,110000,-55000,0,0,0,0,0,0,0,0,0,0,0,0,0,-55000
064228,同欣電國票01購01,0,0,0,0,0,0,0,0,0,-55000,0,0,0,2000,57000,-55000,-55000
063818,矽創群益9C購01  ,0,0,0,0,0,0,0,0,0,-55000,0,0,0,134000,189000,-55000,-55000
063989,大立光永豐9C購01,0,0,0,0,0,0,0,0,0,-55000,0,0,0,0,55000,-55000,-55000
054217,台表科國票97購05,0,0,0,0,0,0,0,0,0,-55000,0,0,0,3000,58000,-55000,-55000
055639,上銀元富97購02  ,0,0,0,0,0,0,0,0,0,-55000,0,0,0,3000,58000,-55000,-55000
053255,貿聯國泰97購01  ,0,0,0,0,0,0,0,0,0,-55000,0,0,0,97000,152000,-55000,-55000
058194,勤誠永豐99購01  ,0,0,0,0,0,0,0,0,0,-55000,0,0,0,0,55000,-55000,-55000
055053,瑞昱永豐97購01  ,0,0,0,0,0,0,0,0,0,-55000,0,0,0,0,55000,-55000,-55000
055388,華通統一97購03  ,0,0,0,0,0,0,0,0,0,-55000,0,0,0,100000,155000,-55000,-55000
060417,正隆永豐9A購01  ,0,0,0,0,0,0,0,0,0,-55000,0,0,0,65000,120000,-55000,-55000
057049,新日興元大98購02,0,0,0,0,0,0,0,0,0,-55000,0,0,0,136000,191000,-55000,-55000
061669,崇越中信9A購01  ,0,0,0,0,0,0,0,0,0,-55000,0,0,0,30000,85000,-55000,-55000
063027,台汽電元大9B購01,0,0,0,0,0,0,0,0,0,-55000,0,0,0,0,55000,-55000,-55000
063304,大立光凱基01購02,0,0,0,0,0,0,0,0,0,-55000,0,0,0,2000,57000,-55000,-55000
07067P,旺宏台新99售02  ,0,0,0,0,0,0,0,0,0,-56000,0,0,0,9000,65000,-56000,-56000
058651,FBVIX中信9C購01 ,0,0,0,0,0,0,0,0,0,-56000,0,0,0,16000,72000,-56000,-56000
053631,欣興兆豐97購01  ,0,0,0,0,0,0,0,0,0,-56000,0,0,0,69000,125000,-56000,-56000
00714,群益道瓊美國地產,0,0,0,0,0,0,0,0,0,-56000,0,0,0,20000,76000,-56000,-56000
035276,南亞科台新97購01,0,0,0,0,0,0,0,0,0,-56000,0,0,0,0,56000,-56000,-56000
059080,亞泥元大99購01  ,0,0,0,0,0,0,0,0,0,-56000,0,0,0,105000,161000,-56000,-56000
060286,佳世達元大9C購01,0,0,0,0,0,0,0,0,0,-56000,0,0,0,10000,66000,-56000,-56000
062887,台積電群益9C購05,0,0,0,0,0,0,0,0,0,-56000,0,0,0,1000,57000,-56000,-56000
062785,世芯元大9C購01  ,0,0,0,0,0,0,0,0,0,-56000,0,0,0,110000,166000,-56000,-56000
061724,訊芯永豐9A購01  ,0,0,0,0,0,0,0,0,0,-56000,0,0,0,20000,76000,-56000,-56000
060755,鴻海元大9A購15  ,0,0,0,0,0,0,0,0,0,-56000,0,0,0,10000,66000,-56000,-56000
3003,健和興          ,199000,57000,142000,0,0,0,0,190000,-190000,-8000,0,0,0,1000,9000,-8000,-56000
6141,柏承            ,98000,153000,-55000,0,0,0,0,1001,-1001,0,0,0,0,0,0,0,-56001
06954P,大立光元富99售01,0,0,0,0,0,0,0,0,0,-57000,0,0,0,45000,102000,-57000,-57000
06553P,訊芯元大98售05  ,0,0,0,0,0,0,0,0,0,-57000,0,0,0,0,57000,-57000,-57000
063973,緯穎國票9C購01  ,0,0,0,0,0,0,0,0,0,-57000,0,0,0,0,57000,-57000,-57000
063545,華通兆豐9B購03  ,0,0,0,0,0,0,0,0,0,-57000,0,0,0,26000,83000,-57000,-57000
2459,敦吉            ,24000,80000,-56000,0,0,0,0,0,0,-1000,0,1000,-1000,0,0,0,-57000
07760P,力山永豐9A售03  ,0,0,0,0,0,0,0,0,0,-57000,0,0,0,0,57000,-57000,-57000
058222,玉晶光統一9B購01,0,0,0,0,0,0,0,0,0,-57000,0,0,0,291000,348000,-57000,-57000
054547,鴻海凱基98購02  ,0,0,0,0,0,0,0,0,0,-57000,0,0,0,2000,59000,-57000,-57000
060028,國揚永豐99購01  ,0,0,0,0,0,0,0,0,0,-57000,0,0,0,40000,97000,-57000,-57000
059580,大立光元富99購07,0,0,0,0,0,0,0,0,0,-57000,0,0,0,15000,72000,-57000,-57000
056937,智原元富98購01  ,0,0,0,0,0,0,0,0,0,-57000,0,0,0,0,57000,-57000,-57000
060899,超眾凱基9A購01  ,0,0,0,0,0,0,0,0,0,-57000,0,0,0,3000,60000,-57000,-57000
061270,彩晶凱基9A購02  ,0,0,0,0,0,0,0,0,0,-57000,0,0,0,225000,282000,-57000,-57000
062116,元金2X第一9B購01,0,0,0,0,0,0,0,0,0,-57000,0,0,0,0,57000,-57000,-57000
062766,台郡凱基9B購02  ,0,0,0,0,0,0,0,0,0,-57000,0,0,0,43000,100000,-57000,-57000
062927,同欣電國票9B購02,0,0,0,0,0,0,0,0,0,-57000,0,0,0,88000,145000,-57000,-57000
1598,岱宇            ,287000,290870,-3870,0,0,0,0,0,0,-54000,2000,56000,-54000,0,0,0,-57870
08122P,晶技國票9C售01  ,0,0,0,0,0,0,0,0,0,-58000,0,0,0,0,58000,-58000,-58000
08090P,嘉澤統一9B售01  ,0,0,0,0,0,0,0,0,0,-58000,0,0,0,77000,135000,-58000,-58000
063713,麗豐凱基9B購01  ,0,0,0,0,0,0,0,0,0,-58000,0,0,0,16000,74000,-58000,-58000
063949,大立光元大9C購10,0,0,0,0,0,0,0,0,0,-58000,0,0,0,6000,64000,-58000,-58000
063752,瑞祺國票9C購01  ,0,0,0,0,0,0,0,0,0,-58000,0,0,0,43000,101000,-58000,-58000
064043,台積電統一9C購10,0,0,0,0,0,0,0,0,0,-58000,0,0,0,10000,68000,-58000,-58000
058583,臻鼎群益99購01  ,0,0,0,0,0,0,0,0,0,-58000,0,0,0,6000,64000,-58000,-58000
056787,健鼎群益98購01  ,0,0,0,0,0,0,0,0,0,-58000,0,0,0,42000,100000,-58000,-58000
055899,群創中信99購01  ,0,0,0,0,0,0,0,0,0,-58000,0,0,0,0,58000,-58000,-58000
03033X,元展30          ,0,0,0,0,0,0,0,0,0,-58000,0,0,0,0,58000,-58000,-58000
057033,A50反1元大9B購02,0,0,0,0,0,0,0,0,0,-58000,0,0,0,0,58000,-58000,-58000
056897,南亞科元大98購02,0,0,0,0,0,0,0,0,0,-58000,0,0,0,10000,68000,-58000,-58000
058145,聯茂元大99購03  ,0,0,0,0,0,0,0,0,0,-58000,0,0,0,10000,68000,-58000,-58000
057667,可成元大99購01  ,0,0,0,0,0,0,0,0,0,-58000,0,0,0,10000,68000,-58000,-58000
057174,南亞科元大98購05,0,0,0,0,0,0,0,0,0,-58000,0,0,0,10000,68000,-58000,-58000
060664,聯詠凱基9A購01  ,0,0,0,0,0,0,0,0,0,-58000,0,0,0,40000,98000,-58000,-58000
061195,健策永豐9B購02  ,0,0,0,0,0,0,0,0,0,-58000,0,0,0,1000,59000,-58000,-58000
061361,世紀鋼兆豐9A購01,0,0,0,0,0,0,0,0,0,-58000,0,0,0,23000,81000,-58000,-58000
060916,金像電國泰9C購01,0,0,0,0,0,0,0,0,0,-58000,0,0,0,174000,232000,-58000,-58000
063847,聯發科元大9C購03,0,0,0,0,0,0,0,0,0,-59000,0,0,0,212000,271000,-59000,-59000
07864P,可成元大9B售01  ,0,0,0,0,0,0,0,0,0,-59000,0,0,0,0,59000,-59000,-59000
056397,彩晶永豐99購01  ,0,0,0,0,0,0,0,0,0,-59000,0,0,0,135000,194000,-59000,-59000
055092,開發金群益9B購01,0,0,0,0,0,0,0,0,0,-59000,0,0,0,41000,100000,-59000,-59000
058614,台郡元大9A購01  ,0,0,0,0,0,0,0,0,0,-59000,0,0,0,242000,301000,-59000,-59000
058939,台積電中信9B購01,0,0,0,0,0,0,0,0,0,-59000,0,0,0,45000,104000,-59000,-59000
059043,聯電日盛99購01  ,0,0,0,0,0,0,0,0,0,-59000,0,0,0,0,59000,-59000,-59000
060761,南亞科元大9A購05,0,0,0,0,0,0,0,0,0,-59000,0,0,0,12000,71000,-59000,-59000
062019,嘉澤永豐9B購01  ,0,0,0,0,0,0,0,0,0,-59000,0,0,0,105000,164000,-59000,-59000
061524,華通凱基9A購07  ,0,0,0,0,0,0,0,0,0,-59000,0,0,0,0,59000,-59000,-59000
063240,聯發科元大9B購17,0,0,0,0,0,0,0,0,0,-59000,0,0,0,3000,62000,-59000,-59000
062566,嘉晶中信9C購01  ,0,0,0,0,0,0,0,0,0,-59000,0,0,0,11000,70000,-59000,-59000
2612,中航            ,43000,102000,-59000,0,0,0,0,0,0,0,1000,1000,0,0,0,0,-59000
08239P,南六永豐9B售03  ,0,0,0,0,0,0,0,0,0,-60000,0,0,0,5000,65000,-60000,-60000
2489,瑞軒            ,316000,351000,-35000,0,0,0,0,0,0,-25000,8000,33000,-25000,0,0,0,-60000
063712,高鐵凱基9C購01  ,0,0,0,0,0,0,0,0,0,-60000,0,0,0,0,60000,-60000,-60000
063605,健策凱基9C購02  ,0,0,0,0,0,0,0,0,0,-60000,0,0,0,0,60000,-60000,-60000
063480,南六元大9C購01  ,0,0,0,0,0,0,0,0,0,-60000,0,0,0,10000,70000,-60000,-60000
063481,緯穎元大9B購08  ,0,0,0,0,0,0,0,0,0,-60000,0,0,0,20000,80000,-60000,-60000
07102P,南電元大99售03  ,0,0,0,0,0,0,0,0,0,-60000,0,0,0,15000,75000,-60000,-60000
06834P,訊芯群益99售02  ,0,0,0,0,0,0,0,0,0,-60000,0,0,0,0,60000,-60000,-60000
058244,神達元大99購02  ,0,0,0,0,0,0,0,0,0,-60000,0,0,0,28000,88000,-60000,-60000
055049,智邦永豐97購01  ,0,0,0,0,0,0,0,0,0,-60000,0,0,0,16000,76000,-60000,-60000
055228,聯發科國票98購03,0,0,0,0,0,0,0,0,0,-60000,0,0,0,0,60000,-60000,-60000
056816,華通永豐98購02  ,0,0,0,0,0,0,0,0,0,-60000,0,0,0,0,60000,-60000,-60000
056360,智邦元大98購01  ,0,0,0,0,0,0,0,0,0,-60000,0,0,0,2000,62000,-60000,-60000
050854,世紀鋼國票97購01,0,0,0,0,0,0,0,0,0,-60000,0,0,0,0,60000,-60000,-60000
052363,廣達國票96購01  ,0,0,0,0,0,0,0,0,0,-60000,0,0,0,11000,71000,-60000,-60000
047885,元金2X富邦99購01,0,0,0,0,0,0,0,0,0,-60000,0,0,0,0,60000,-60000,-60000
048272,新光金富邦98購01,0,0,0,0,0,0,0,0,0,-60000,0,0,0,170000,230000,-60000,-60000
055675,亞德客凱基97購02,0,0,0,0,0,0,0,0,0,-60000,0,0,0,0,60000,-60000,-60000
056694,欣興群益98購04  ,0,0,0,0,0,0,0,0,0,-60000,0,0,0,3000,63000,-60000,-60000
056602,嘉澤國泰99購01  ,0,0,0,0,0,0,0,0,0,-60000,0,0,0,0,60000,-60000,-60000
055446,奇力新統一9A購01,0,0,0,0,0,0,0,0,0,-60000,0,0,0,0,60000,-60000,-60000
057768,華新科中信9A購01,0,0,0,0,0,0,0,0,0,-60000,0,0,0,0,60000,-60000,-60000
05923P,旺宏元富96售05  ,0,0,0,0,0,0,0,0,0,-60000,0,0,0,0,60000,-60000,-60000
058941,華新科中信99購03,0,0,0,0,0,0,0,0,0,-60000,0,0,0,30000,90000,-60000,-60000
058352,鴻海凱基9A購05  ,0,0,0,0,0,0,0,0,0,-60000,0,0,0,0,60000,-60000,-60000
059468,智邦元大99購02  ,0,0,0,0,0,0,0,0,0,-60000,0,0,0,0,60000,-60000,-60000
057915,台泥凱基98購01  ,0,0,0,0,0,0,0,0,0,-60000,0,0,0,40000,100000,-60000,-60000
056963,建準永豐98購01  ,0,0,0,0,0,0,0,0,0,-60000,0,0,0,35000,95000,-60000,-60000
057048,新日興元大98購01,0,0,0,0,0,0,0,0,0,-60000,0,0,0,140000,200000,-60000,-60000
057394,台積電中信9C購02,0,0,0,0,0,0,0,0,0,-60000,0,0,0,0,60000,-60000,-60000
057395,旺宏中信98購03  ,0,0,0,0,0,0,0,0,0,-60000,0,0,0,0,60000,-60000,-60000
059172,台郡凱基99購03  ,0,0,0,0,0,0,0,0,0,-60000,0,0,0,0,60000,-60000,-60000
057983,緯穎永豐98購03  ,0,0,0,0,0,0,0,0,0,-60000,0,0,0,0,60000,-60000,-60000
059691,大立光永豐99購02,0,0,0,0,0,0,0,0,0,-60000,0,0,0,0,60000,-60000,-60000
059872,華新科凱基01購01,0,0,0,0,0,0,0,0,0,-60000,0,0,0,70000,130000,-60000,-60000
062498,華通群益9C購04  ,0,0,0,0,0,0,0,0,0,-60000,0,0,0,0,60000,-60000,-60000
062504,旭富群益9B購02  ,0,0,0,0,0,0,0,0,0,-60000,0,0,0,95000,155000,-60000,-60000
062542,南電國泰9C購01  ,0,0,0,0,0,0,0,0,0,-60000,0,0,0,211000,271000,-60000,-60000
062342,上証2X群益01購03,0,0,0,0,0,0,0,0,0,-60000,0,0,0,0,60000,-60000,-60000
062331,大立光統一9B購10,0,0,0,0,0,0,0,0,0,-60000,0,0,0,0,60000,-60000,-60000
063251,同欣電元大9B購04,0,0,0,0,0,0,0,0,0,-60000,0,0,0,310000,370000,-60000,-60000
063219,友達群益9B購03  ,0,0,0,0,0,0,0,0,0,-60000,0,0,0,151000,211000,-60000,-60000
061526,宏達電凱基9A購04,0,0,0,0,0,0,0,0,0,-60000,0,0,0,36000,96000,-60000,-60000
062007,台光電國泰9C購01,0,0,0,0,0,0,0,0,0,-60000,0,0,0,33000,93000,-60000,-60000
062053,華通統一9C購02  ,0,0,0,0,0,0,0,0,0,-60000,0,0,0,51000,111000,-60000,-60000
062113,瑞祺國票9B購01  ,0,0,0,0,0,0,0,0,0,-60000,0,0,0,0,60000,-60000,-60000
061964,台積電統一01購05,0,0,0,0,0,0,0,0,0,-60000,0,0,0,0,60000,-60000,-60000
060754,華通元大9A購04  ,0,0,0,0,0,0,0,0,0,-60000,0,0,0,26000,86000,-60000,-60000
060831,T50反1國票9B購03,0,0,0,0,0,0,0,0,0,-60000,0,0,0,0,60000,-60000,-60000
061056,臺指反國票02購01,0,0,0,0,0,0,0,0,0,-60000,0,0,0,0,60000,-60000,-60000
061352,茂林元大9A購04  ,0,0,0,0,0,0,0,0,0,-60000,0,0,0,10000,70000,-60000,-60000
4137,麗豐-KY         ,128000,212000,-84000,0,0,0,0,0,0,24000,5000,0,5000,63000,44000,19000,-60000
064102,宏達電群益9C購01,0,0,0,0,0,0,0,0,0,-61000,0,0,0,7000,68000,-61000,-61000
064181,景碩富邦9C購01  ,0,0,0,0,0,0,0,0,0,-61000,0,0,0,10000,71000,-61000,-61000
06431P,新日興元大97售05,0,0,0,0,0,0,0,0,0,-61000,0,0,0,127000,188000,-61000,-61000
063418,京元電凱基9B購03,0,0,0,0,0,0,0,0,0,-61000,0,0,0,129000,190000,-61000,-61000
063977,義隆兆豐9C購01  ,0,0,0,0,0,0,0,0,0,-61000,0,0,0,143000,204000,-61000,-61000
2442,新美齊          ,99000,165000,-66000,0,0,0,0,0,0,5000,7000,2000,5000,0,0,0,-61000
08014P,微星凱基9B售02  ,0,0,0,0,0,0,0,0,0,-61000,0,0,0,45000,106000,-61000,-61000
055925,上銀群益97購01  ,0,0,0,0,0,0,0,0,0,-61000,0,0,0,0,61000,-61000,-61000
054481,鎧勝中信96購01  ,0,0,0,0,0,0,0,0,0,-61000,0,0,0,30000,91000,-61000,-61000
059754,訊芯群益9A購01  ,0,0,0,0,0,0,0,0,0,-61000,0,0,0,74000,135000,-61000,-61000
061092,可成統一9C購02  ,0,0,0,0,0,0,0,0,0,-61000,0,0,0,52000,113000,-61000,-61000
062071,華通元大9B購02  ,0,0,0,0,0,0,0,0,0,-61000,0,0,0,68000,129000,-61000,-61000
062027,國泰金群益9B購01,0,0,0,0,0,0,0,0,0,-61000,0,0,0,0,61000,-61000,-61000
063193,聯發科台新9B購02,0,0,0,0,0,0,0,0,0,-61000,0,0,0,0,61000,-61000,-61000
062323,上銀統一9B購03  ,0,0,0,0,0,0,0,0,0,-61000,0,0,0,5000,66000,-61000,-61000
062264,南六元大9B購02  ,0,0,0,0,0,0,0,0,0,-61000,0,0,0,53000,114000,-61000,-61000
062702,可成元大9C購01  ,0,0,0,0,0,0,0,0,0,-61000,0,0,0,23000,84000,-61000,-61000
08006P,長榮航中信03售01,0,0,0,0,0,0,0,0,0,-62000,0,0,0,105000,167000,-62000,-62000
08000P,奇鋐凱基9B售03  ,0,0,0,0,0,0,0,0,0,-62000,0,0,0,4000,66000,-62000,-62000
063733,聯發科元大9B購27,0,0,0,0,0,0,0,0,0,-62000,0,0,0,121000,183000,-62000,-62000
063587,漢唐永豐9B購02  ,0,0,0,0,0,0,0,0,0,-62000,0,0,0,68000,130000,-62000,-62000
052893,聯電群益98購01  ,0,0,0,0,0,0,0,0,0,-62000,0,0,0,70000,132000,-62000,-62000
053294,聯發科中信9C購01,0,0,0,0,0,0,0,0,0,-62000,0,0,0,67000,129000,-62000,-62000
03861P,群創元富99售01  ,0,0,0,0,0,0,0,0,0,-62000,0,0,0,0,62000,-62000,-62000
060611,同欣電凱基9A購02,0,0,0,0,0,0,0,0,0,-62000,0,0,0,55000,117000,-62000,-62000
060050,鴻海凱基9B購01  ,0,0,0,0,0,0,0,0,0,-62000,0,0,0,23000,85000,-62000,-62000
056910,超眾元大99購02  ,0,0,0,0,0,0,0,0,0,-62000,0,0,0,8000,70000,-62000,-62000
056851,瑞儀元富98購01  ,0,0,0,0,0,0,0,0,0,-62000,0,0,0,97000,159000,-62000,-62000
062229,南六統一9B購01  ,0,0,0,0,0,0,0,0,0,-62000,0,0,0,160000,222000,-62000,-62000
062204,京元電國票9C購01,0,0,0,0,0,0,0,0,0,-62000,0,0,0,59000,121000,-62000,-62000
063199,台積電統一01購07,0,0,0,0,0,0,0,0,0,-62000,0,0,0,62000,124000,-62000,-62000
063288,泰鼎元大9B購02  ,0,0,0,0,0,0,0,0,0,-62000,0,0,0,50000,112000,-62000,-62000
063093,國產國票9B購01  ,0,0,0,0,0,0,0,0,0,-62000,0,0,0,38000,100000,-62000,-62000
063721,道瓊銀元大9B購03,0,0,0,0,0,0,0,0,0,-63000,0,0,0,0,63000,-63000,-63000
063442,金像電統一01購01,0,0,0,0,0,0,0,0,0,-63000,0,0,0,9000,72000,-63000,-63000
064013,創意國票01購01  ,0,0,0,0,0,0,0,0,0,-63000,0,0,0,0,63000,-63000,-63000
07082P,美律元大99售06  ,0,0,0,0,0,0,0,0,0,-63000,0,0,0,61000,124000,-63000,-63000
07300P,臺股指元大9A售33,0,0,0,0,0,0,0,0,0,-63000,0,0,0,0,63000,-63000,-63000
07595P,台灣50中信03售07,0,0,0,0,0,0,0,0,0,-63000,0,0,0,0,63000,-63000,-63000
2461,光群雷          ,66000,130000,-64000,0,0,0,0,0,0,1000,1000,0,1000,0,0,0,-63000
1417,嘉裕            ,22000,83000,-61000,0,0,0,0,0,0,-2000,2000,4000,-2000,0,0,0,-63000
043442,大立光台新01購01,0,0,0,0,0,0,0,0,0,-63000,0,0,0,168000,231000,-63000,-63000
058239,景碩元大99購03  ,0,0,0,0,0,0,0,0,0,-63000,0,0,0,62000,125000,-63000,-63000
056534,京元電凱基98購01,0,0,0,0,0,0,0,0,0,-63000,0,0,0,134000,197000,-63000,-63000
058524,超眾元大99購04  ,0,0,0,0,0,0,0,0,0,-63000,0,0,0,123000,186000,-63000,-63000
057173,南亞科元大98購04,0,0,0,0,0,0,0,0,0,-63000,0,0,0,5000,68000,-63000,-63000
062463,世紀鋼麥證9B購01,0,0,0,0,63000,-63000,0,0,0,-63000,0,0,0,0,63000,-63000,-63000
054273,宏達電中信98購01,0,0,0,0,0,0,0,0,0,-64000,0,0,0,0,64000,-64000,-64000
060031,旭富永豐99購02  ,0,0,0,0,0,0,0,0,0,-64000,0,0,0,0,64000,-64000,-64000
060265,宏達電國票9A購02,0,0,0,0,0,0,0,0,0,-64000,0,0,0,22000,86000,-64000,-64000
058829,華新科永豐99購04,0,0,0,0,0,0,0,0,0,-64000,0,0,0,177000,241000,-64000,-64000
062541,臻鼎國泰01購01  ,0,0,0,0,0,0,0,0,0,-64000,0,0,0,22000,86000,-64000,-64000
063352,上銀元富9B購02  ,0,0,0,0,0,0,0,0,0,-64000,0,0,0,4000,68000,-64000,-64000
062111,台勝科國票9B購01,0,0,0,0,0,0,0,0,0,-64000,0,0,0,38000,102000,-64000,-64000
061139,玉晶光統一9C購02,0,0,0,0,0,0,0,0,0,-64000,0,0,0,24000,88000,-64000,-64000
8110,華東            ,369000,428000,-59000,0,0,0,0,0,0,-5000,21000,26000,-5000,0,0,0,-64000
063497,東元永豐9B購01  ,0,0,0,0,0,0,0,0,0,-65000,0,0,0,0,65000,-65000,-65000
063720,香港反元大9C購01,0,0,0,0,0,0,0,0,0,-65000,0,0,0,0,65000,-65000,-65000
056537,冠德凱基98購01  ,0,0,0,0,0,0,0,0,0,-65000,0,0,0,5000,70000,-65000,-65000
056519,創意國票99購01  ,0,0,0,0,0,0,0,0,0,-65000,0,0,0,0,65000,-65000,-65000
058311,緯穎元大99購05  ,0,0,0,0,0,0,0,0,0,-65000,0,0,0,40000,105000,-65000,-65000
058184,鴻海永豐99購01  ,0,0,0,0,0,0,0,0,0,-65000,0,0,0,25000,90000,-65000,-65000
055962,晶豪科元大97購02,0,0,0,0,0,0,0,0,0,-65000,0,0,0,33000,98000,-65000,-65000
058345,台光電群益99購03,0,0,0,0,0,0,0,0,0,-65000,0,0,0,2000,67000,-65000,-65000
05773P,臺股指凱基99售03,0,0,0,0,0,0,0,0,0,-65000,0,0,0,305000,370000,-65000,-65000
057728,瑞昱國泰99購01  ,0,0,0,0,0,0,0,0,0,-65000,0,0,0,0,65000,-65000,-65000
057329,緯穎群益98購02  ,0,0,0,0,0,0,0,0,0,-65000,0,0,0,25000,90000,-65000,-65000
059755,宏達電國泰9A購01,0,0,0,0,0,0,0,0,0,-65000,0,0,0,90000,155000,-65000,-65000
061418,世紀鋼群益9A購02,0,0,0,0,0,0,0,0,0,-65000,0,0,0,199000,264000,-65000,-65000
06139P,台積電中信99售02,0,0,0,0,0,0,0,0,0,-65000,0,0,0,0,65000,-65000,-65000
061407,鴻海國票9A購07  ,0,0,0,0,0,0,0,0,0,-65000,0,0,0,121000,186000,-65000,-65000
060963,禾伸堂凱基9A購01,0,0,0,0,0,0,0,0,0,-65000,0,0,0,12000,77000,-65000,-65000
060861,漢唐永豐9A購01  ,0,0,0,0,0,0,0,0,0,-65000,0,0,0,7000,72000,-65000,-65000
061939,中租國票9B購01  ,0,0,0,0,0,0,0,0,0,-65000,0,0,0,0,65000,-65000,-65000
061933,光寶科國票9B購01,0,0,0,0,0,0,0,0,0,-65000,0,0,0,8000,73000,-65000,-65000
061505,力成國票9A購03  ,0,0,0,0,0,0,0,0,0,-65000,0,0,0,39000,104000,-65000,-65000
063082,瑞昱凱基9B購04  ,0,0,0,0,0,0,0,0,0,-65000,0,0,0,110000,175000,-65000,-65000
062859,玉晶光國票01購02,0,0,0,0,0,0,0,0,0,-65000,0,0,0,156000,221000,-65000,-65000
062594,祥碩統一01購02  ,0,0,0,0,0,0,0,0,0,-65000,0,0,0,317000,382000,-65000,-65000
08055P,臺股指國票9B售20,0,0,0,0,0,0,0,0,0,-66000,0,0,0,43000,109000,-66000,-66000
056520,鴻海日盛99購01  ,0,0,0,0,0,0,0,0,0,-66000,0,0,0,15000,81000,-66000,-66000
053798,台積電中信98購02,0,0,0,0,0,0,0,0,0,-66000,0,0,0,22000,88000,-66000,-66000
058051,同欣電元大98購03,0,0,0,0,0,0,0,0,0,-66000,0,0,0,19000,85000,-66000,-66000
060604,宏達電凱基9B購01,0,0,0,0,0,0,0,0,0,-66000,0,0,0,68000,134000,-66000,-66000
057347,國巨統一9A購03  ,0,0,0,0,0,0,0,0,0,-66000,0,0,0,135000,201000,-66000,-66000
057862,智邦凱基99購01  ,0,0,0,0,0,0,0,0,0,-66000,0,0,0,151000,217000,-66000,-66000
058522,聯茂元大99購07  ,0,0,0,0,0,0,0,0,0,-66000,0,0,0,1000,67000,-66000,-66000
058565,鴻海凱基9A購07  ,0,0,0,0,0,0,0,0,0,-66000,0,0,0,0,66000,-66000,-66000
058080,台積電群益98購06,0,0,0,0,0,0,0,0,0,-66000,0,0,0,33000,99000,-66000,-66000
062269,葡萄王群益9B購01,0,0,0,0,0,0,0,0,0,-66000,0,0,0,116000,182000,-66000,-66000
062145,億光國票9B購01  ,0,0,0,0,0,0,0,0,0,-66000,0,0,0,24000,90000,-66000,-66000
060953,富邦金群益9A購01,0,0,0,0,0,0,0,0,0,-66000,0,0,0,221000,287000,-66000,-66000
061303,玉晶光永豐9B購03,0,0,0,0,0,0,0,0,0,-66000,0,0,0,50000,116000,-66000,-66000
3698,隆達            ,371000,336000,35000,0,0,0,0,0,0,-101000,10000,62000,-52000,0,49000,-49000,-66000
3059,華晶科          ,277000,344000,-67000,0,0,0,0,0,0,1000,1000,0,1000,0,0,0,-66000
6166,凌華            ,41000,93000,-52000,0,0,0,0,1652,-1652,-13000,4000,0,4000,0,17000,-17000,-66652
08123P,台表科國票9C售01,0,0,0,0,0,0,0,0,0,-67000,0,0,0,47000,114000,-67000,-67000
058314,欣興富邦9B購01  ,0,0,0,0,0,0,0,0,0,-67000,0,0,0,0,67000,-67000,-67000
058135,景碩元大99購01  ,0,0,0,0,0,0,0,0,0,-67000,0,0,0,78000,145000,-67000,-67000
058526,鈺齊元大99購02  ,0,0,0,0,0,0,0,0,0,-67000,0,0,0,635000,702000,-67000,-67000
059212,鴻海元大99購28  ,0,0,0,0,0,0,0,0,0,-67000,0,0,0,31000,98000,-67000,-67000
056947,國巨統一9A購01  ,0,0,0,0,0,0,0,0,0,-67000,0,0,0,0,67000,-67000,-67000
056906,玉晶光元大9B購01,0,0,0,0,0,0,0,0,0,-67000,0,0,0,241000,308000,-67000,-67000
056899,可成元大98購01  ,0,0,0,0,0,0,0,0,0,-67000,0,0,0,1000,68000,-67000,-67000
060640,京鼎永豐9A購01  ,0,0,0,0,0,0,0,0,0,-67000,0,0,0,61000,128000,-67000,-67000
06068P,玉晶光康和97售01,0,0,0,0,0,0,0,0,0,-67000,0,0,0,39000,106000,-67000,-67000
060144,全新國票9B購01  ,0,0,0,0,0,0,0,0,0,-67000,0,0,0,9000,76000,-67000,-67000
062642,帆宣國票9B購01  ,0,0,0,0,0,0,0,0,0,-67000,0,0,0,22000,89000,-67000,-67000
063243,聯發科元大9B購20,0,0,0,0,0,0,0,0,0,-67000,0,0,0,21000,88000,-67000,-67000
5515,建國            ,19000,87000,-68000,0,0,0,0,0,0,1000,1000,0,1000,0,0,0,-67000
6112,聚碩            ,322000,388000,-66000,0,0,0,0,1192,-1192,0,0,0,0,0,0,0,-67192
08037P,台表科群益9B售02,0,0,0,0,0,0,0,0,0,-68000,0,0,0,96000,164000,-68000,-68000
07517P,台積電元大9A售17,0,0,0,0,0,0,0,0,0,-68000,0,0,0,0,68000,-68000,-68000
1734,杏輝            ,107000,176000,-69000,0,0,0,0,0,0,1000,2000,1000,1000,0,0,0,-68000
063633,金像電元大9B購05,0,0,0,0,0,0,0,0,0,-68000,0,0,0,0,68000,-68000,-68000
056054,亞德客元大97購05,0,0,0,0,0,0,0,0,0,-68000,0,0,0,0,68000,-68000,-68000
056481,創意元大98購01  ,0,0,0,0,0,0,0,0,0,-68000,0,0,0,0,68000,-68000,-68000
057859,神達康和98購01  ,0,0,0,0,0,0,0,0,0,-68000,0,0,0,27000,95000,-68000,-68000
057874,可成元大99購02  ,0,0,0,0,0,0,0,0,0,-68000,0,0,0,0,68000,-68000,-68000
063171,光寶科中信9B購01,0,0,0,0,0,0,0,0,0,-68000,0,0,0,85000,153000,-68000,-68000
062902,智邦元大9B購07  ,0,0,0,0,0,0,0,0,0,-68000,0,0,0,0,68000,-68000,-68000
063020,奇力新元大9B購04,0,0,0,0,0,0,0,0,0,-68000,0,0,0,0,68000,-68000,-68000
060988,華新科元大9A購12,0,0,0,0,0,0,0,0,0,-68000,0,0,0,0,68000,-68000,-68000
062004,國巨國泰9C購03  ,0,0,0,0,0,0,0,0,0,-68000,0,0,0,7000,75000,-68000,-68000
061823,勤誠群益9B購01  ,0,0,0,0,0,0,0,0,0,-68000,0,0,0,30000,98000,-68000,-68000
061485,鴻海兆豐9A購01  ,0,0,0,0,0,0,0,0,0,-68000,0,0,0,0,68000,-68000,-68000
061600,聯電凱基9B購01  ,0,0,0,0,0,0,0,0,0,-68000,0,0,0,65000,133000,-68000,-68000
061596,健策永豐9A購03  ,0,0,0,0,0,0,0,0,0,-68000,0,0,0,7000,75000,-68000,-68000
063726,鴻海元大9B購04  ,0,0,0,0,0,0,0,0,0,-69000,0,0,0,4000,73000,-69000,-69000
08059P,京鼎元大9B售02  ,0,0,0,0,0,0,0,0,0,-69000,0,0,0,12000,81000,-69000,-69000
058228,為升元大99購01  ,0,0,0,0,0,0,0,0,0,-69000,0,0,0,0,69000,-69000,-69000
058999,台積電元大99購24,0,0,0,0,0,0,0,0,0,-69000,0,0,0,29000,98000,-69000,-69000
057663,國巨元大99購08  ,0,0,0,0,0,0,0,0,0,-69000,0,0,0,0,69000,-69000,-69000
060086,鴻海元大99購42  ,0,0,0,0,0,0,0,0,0,-69000,0,0,0,3000,72000,-69000,-69000
061581,貿聯元大9A購05  ,0,0,0,0,0,0,0,0,0,-69000,0,0,0,100000,169000,-69000,-69000
061122,敬鵬永豐9A購01  ,0,0,0,0,0,0,0,0,0,-69000,0,0,0,78000,147000,-69000,-69000
063131,聯茂元大9B購03  ,0,0,0,0,0,0,0,0,0,-69000,0,0,0,16000,85000,-69000,-69000
062305,遠東新凱基9B購01,0,0,0,0,0,0,0,0,0,-69000,0,0,0,71000,140000,-69000,-69000
3040,遠見            ,32000,103000,-71000,0,0,0,0,0,0,2000,2000,0,2000,0,0,0,-69000
07312P,台灣50元大99售10,0,0,0,0,0,0,0,0,0,-70000,0,0,0,0,70000,-70000,-70000
063623,祥碩兆豐9B購02  ,0,0,0,0,0,0,0,0,0,-70000,0,0,0,85000,155000,-70000,-70000
063517,遠東新凱基01購01,0,0,0,0,0,0,0,0,0,-70000,0,0,0,0,70000,-70000,-70000
063524,瑞昱凱基9B購05  ,0,0,0,0,0,0,0,0,0,-70000,0,0,0,0,70000,-70000,-70000
06963P,鴻海凱基99售04  ,0,0,0,0,0,0,0,0,0,-70000,0,0,0,0,70000,-70000,-70000
06733P,鴻海凱基99售02  ,0,0,0,0,0,0,0,0,0,-70000,0,0,0,0,70000,-70000,-70000
06685P,鴻海國泰9A售01  ,0,0,0,0,0,0,0,0,0,-70000,0,0,0,10000,80000,-70000,-70000
058183,國巨富邦9A購06  ,0,0,0,0,0,0,0,0,0,-70000,0,0,0,0,70000,-70000,-70000
054996,聯陽元富97購01  ,0,0,0,0,0,0,0,0,0,-70000,0,0,0,10000,80000,-70000,-70000
05272P,臻鼎中信97售03  ,0,0,0,0,0,0,0,0,0,-70000,0,0,0,0,70000,-70000,-70000
053088,奇鋐元大98購01  ,0,0,0,0,0,0,0,0,0,-70000,0,0,0,52000,122000,-70000,-70000
055531,華新科群益98購03,0,0,0,0,0,0,0,0,0,-70000,0,0,0,200000,270000,-70000,-70000
060258,T50反1凱基9A購06,0,0,0,0,0,0,0,0,0,-70000,0,0,0,0,70000,-70000,-70000
060629,鴻海富邦9B購01  ,0,0,0,0,0,0,0,0,0,-70000,0,0,0,36000,106000,-70000,-70000
060598,鴻海凱基9A購20  ,0,0,0,0,0,0,0,0,0,-70000,0,0,0,10000,80000,-70000,-70000
060468,聯鈞元大9A購02  ,0,0,0,0,0,0,0,0,0,-70000,0,0,0,194000,264000,-70000,-70000
058962,元油2X兆豐9A購02,0,0,0,0,0,0,0,0,0,-70000,0,0,0,0,70000,-70000,-70000
057823,神達元大98購01  ,0,0,0,0,0,0,0,0,0,-70000,0,0,0,40000,110000,-70000,-70000
059401,牧德元富99購01  ,0,0,0,0,0,0,0,0,0,-70000,0,0,0,0,70000,-70000,-70000
057110,立積群益98購01  ,0,0,0,0,0,0,0,0,0,-70000,0,0,0,30000,100000,-70000,-70000
057103,禾伸堂中信9A購01,0,0,0,0,0,0,0,0,0,-70000,0,0,0,10000,80000,-70000,-70000
062569,南電中信01購01  ,0,0,0,0,0,0,0,0,0,-70000,0,0,0,30000,100000,-70000,-70000
062929,SP黃豆統一9B購01,0,0,0,0,0,0,0,0,0,-70000,0,0,0,0,70000,-70000,-70000
060885,世紀鋼中信9A購01,0,0,0,0,0,0,0,0,0,-70000,0,0,0,0,70000,-70000,-70000
061529,國巨台新9A購02  ,0,0,0,0,0,0,0,0,0,-70000,0,0,0,0,70000,-70000,-70000
061679,健策元大9B購04  ,0,0,0,0,0,0,0,0,0,-70000,0,0,0,0,70000,-70000,-70000
061830,元金2X凱基01購01,0,0,0,0,0,0,0,0,0,-70000,0,0,0,0,70000,-70000,-70000
063475,同欣電元大9C購01,0,0,0,0,0,0,0,0,0,-71000,0,0,0,245000,316000,-71000,-71000
063994,台光電群益9C購01,0,0,0,0,0,0,0,0,0,-71000,0,0,0,33000,104000,-71000,-71000
063995,健鼎群益9C購01  ,0,0,0,0,0,0,0,0,0,-71000,0,0,0,0,71000,-71000,-71000
1307,三芳            ,70000,141000,-71000,0,0,0,0,0,0,0,0,0,0,0,0,0,-71000
052113,漢唐中信98購01  ,0,0,0,0,0,0,0,0,0,-71000,0,0,0,101000,172000,-71000,-71000
00648R,元大S&P500反1   ,10000,0,10000,0,0,0,0,0,0,-81000,0,0,0,741000,822000,-81000,-71000
057383,玉晶光富邦9A購01,0,0,0,0,0,0,0,0,0,-71000,0,0,0,10000,81000,-71000,-71000
061880,台郡元大9B購02  ,0,0,0,0,0,0,0,0,0,-71000,0,0,0,80000,151000,-71000,-71000
061800,泰鼎永豐9B購01  ,0,0,0,0,0,0,0,0,0,-71000,0,0,0,3000,74000,-71000,-71000
061275,臺股指凱基9A購25,0,0,0,0,0,0,0,0,0,-71000,0,0,0,38000,109000,-71000,-71000
062730,致伸凱基9B購01  ,0,0,0,0,0,0,0,0,0,-71000,0,0,0,100000,171000,-71000,-71000
2038,海光            ,8000,80000,-72000,0,0,0,0,0,0,0,0,0,0,0,0,0,-72000
07527P,台灣50凱基9B售02,0,0,0,0,0,0,0,0,0,-72000,0,0,0,13000,85000,-72000,-72000
064041,國巨統一01購07  ,0,0,0,0,0,0,0,0,0,-72000,0,0,0,0,72000,-72000,-72000
06504P,麗豐國票99售02  ,0,0,0,0,0,0,0,0,0,-72000,0,0,0,129000,201000,-72000,-72000
05649P,矽創國票97售03  ,0,0,0,0,0,0,0,0,0,-72000,0,0,0,20000,92000,-72000,-72000
055877,奇鋐元富97購01  ,0,0,0,0,0,0,0,0,0,-72000,0,0,0,50000,122000,-72000,-72000
056775,康控元大99購01  ,0,0,0,0,0,0,0,0,0,-72000,0,0,0,0,72000,-72000,-72000
059215,台積電元大99購28,0,0,0,0,0,0,0,0,0,-72000,0,0,0,25000,97000,-72000,-72000
9917,中保科          ,75000,145000,-70000,0,0,0,0,2000,-2000,0,0,0,0,0,0,0,-72000
9914,美利達          ,843000,1023560,-180560,0,0,0,89000,135000,-46000,154000,163000,0,163000,0,9000,-9000,-72560
064094,達新群益9C購01  ,0,0,0,0,0,0,0,0,0,-73000,0,0,0,0,73000,-73000,-73000
06876P,台灣50兆豐9B售01,0,0,0,0,0,0,0,0,0,-73000,0,0,0,10000,83000,-73000,-73000
063566,台光電元大9B購08,0,0,0,0,0,0,0,0,0,-73000,0,0,0,52000,125000,-73000,-73000
055703,緯穎富邦98購01  ,0,0,0,0,0,0,0,0,0,-73000,0,0,0,0,73000,-73000,-73000
055288,日電貿元大97購02,0,0,0,0,0,0,0,0,0,-73000,0,0,0,22000,95000,-73000,-73000
058513,宏達電元大99購05,0,0,0,0,0,0,0,0,0,-73000,0,0,0,77000,150000,-73000,-73000
058457,創意永豐99購01  ,0,0,0,0,0,0,0,0,0,-73000,0,0,0,94000,167000,-73000,-73000
059138,台積電兆豐99購04,0,0,0,0,0,0,0,0,0,-73000,0,0,0,62000,135000,-73000,-73000
056900,可成元大98購02  ,0,0,0,0,0,0,0,0,0,-73000,0,0,0,0,73000,-73000,-73000
063130,聯茂元大9B購02  ,0,0,0,0,0,0,0,0,0,-73000,0,0,0,12000,85000,-73000,-73000
063158,瑞昱台新9B購02  ,0,0,0,0,0,0,0,0,0,-73000,0,0,0,14000,87000,-73000,-73000
063285,華擎元大9B購03  ,0,0,0,0,0,0,0,0,0,-73000,0,0,0,0,73000,-73000,-73000
06356P,啟碁永豐97售01  ,0,0,0,0,0,0,0,0,0,-74000,0,0,0,37000,111000,-74000,-74000
063841,國巨元大01購01  ,0,0,0,0,0,0,0,0,0,-74000,0,0,0,5000,79000,-74000,-74000
07264P,台積電元大99售38,0,0,0,0,0,0,0,0,0,-74000,0,0,0,66000,140000,-74000,-74000
07982P,全新群益9B售04  ,0,0,0,0,0,0,0,0,0,-74000,0,0,0,30000,104000,-74000,-74000
07840P,康控元大9A售02  ,0,0,0,0,0,0,0,0,0,-74000,0,0,0,1000,75000,-74000,-74000
053800,華通凱基97購03  ,0,0,0,0,0,0,0,0,0,-74000,0,0,0,0,74000,-74000,-74000
057010,景碩中信98購01  ,0,0,0,0,0,0,0,0,0,-74000,0,0,0,90000,164000,-74000,-74000
06050P,玉晶光國票98售01,0,0,0,0,0,0,0,0,0,-74000,0,0,0,120000,194000,-74000,-74000
057958,禾伸堂元大99購05,0,0,0,0,0,0,0,0,0,-74000,0,0,0,57000,131000,-74000,-74000
063308,緯穎凱基9B購05  ,0,0,0,0,0,0,0,0,0,-74000,0,0,0,68000,142000,-74000,-74000
063396,金像電群益9C購01,0,0,0,0,0,0,0,0,0,-74000,0,0,0,0,74000,-74000,-74000
061914,台光電中信9B購01,0,0,0,0,0,0,0,0,0,-74000,0,0,0,11000,85000,-74000,-74000
6668,中揚光          ,35000,111000,-76000,0,0,0,0,0,0,2000,2000,0,2000,0,0,0,-74000
06693P,臺股指凱基98售01,0,0,0,0,0,0,0,0,0,-75000,0,0,0,7000,82000,-75000,-75000
052049,緯創凱基97購01  ,0,0,0,0,0,0,0,0,0,-75000,0,0,0,0,75000,-75000,-75000
058174,台積電凱基9A購05,0,0,0,0,0,0,0,0,0,-75000,0,0,0,105000,180000,-75000,-75000
055949,亞德客元大97購04,0,0,0,0,0,0,0,0,0,-75000,0,0,0,25000,100000,-75000,-75000
059438,群創元大99購06  ,0,0,0,0,0,0,0,0,0,-75000,0,0,0,85000,160000,-75000,-75000
061975,華通元大9B購01  ,0,0,0,0,0,0,0,0,0,-75000,0,0,0,79000,154000,-75000,-75000
061801,祥碩永豐9B購01  ,0,0,0,0,0,0,0,0,0,-75000,0,0,0,0,75000,-75000,-75000
061395,健策統一9C購02  ,0,0,0,0,0,0,0,0,0,-75000,0,0,0,112000,187000,-75000,-75000
063387,台積電兆豐9B購03,0,0,0,0,0,0,0,0,0,-75000,0,0,0,33000,108000,-75000,-75000
063115,台積電麥證9B購02,0,0,0,5000,80000,-75000,0,0,0,-75000,0,0,0,5000,80000,-75000,-75000
057574,中磊永豐98購01  ,0,0,0,0,0,0,0,0,0,-76000,0,0,0,70000,146000,-76000,-76000
060631,微星富邦9B購01  ,0,0,0,0,0,0,0,0,0,-76000,0,0,0,64000,140000,-76000,-76000
062890,祥碩群益9B購04  ,0,0,0,0,0,0,0,0,0,-76000,0,0,0,1000,77000,-76000,-76000
063120,台光電元大9C購01,0,0,0,0,0,0,0,0,0,-76000,0,0,0,88000,164000,-76000,-76000
061347,創意元大9A購02  ,0,0,0,0,0,0,0,0,0,-76000,0,0,0,224000,300000,-76000,-76000
061738,聯發科凱基9B購04,0,0,0,0,0,0,0,0,0,-76000,0,0,0,24000,100000,-76000,-76000
061651,世紀鋼元大9C購02,0,0,0,0,0,0,0,0,0,-76000,0,0,0,24000,100000,-76000,-76000
061647,南六元大9A購03  ,0,0,0,0,0,0,0,0,0,-76000,0,0,0,27000,103000,-76000,-76000
062058,瑞昱統一01購01  ,0,0,0,0,0,0,0,0,0,-76000,0,0,0,58000,134000,-76000,-76000
062134,國巨群益9B購04  ,0,0,0,0,0,0,0,0,0,-76000,0,0,0,40000,116000,-76000,-76000
063724,亞德客元大9B購03,0,0,0,0,0,0,0,0,0,-77000,0,0,0,0,77000,-77000,-77000
07482P,南亞科元富9A售04,0,0,0,0,0,0,0,0,0,-77000,0,0,0,40000,117000,-77000,-77000
08334P,智邦永豐9C售01  ,0,0,0,0,0,0,0,0,0,-77000,0,0,0,0,77000,-77000,-77000
058209,臺股指凱基01購01,0,0,0,0,0,0,0,0,0,-77000,0,0,0,895000,972000,-77000,-77000
053973,晶豪科元大96購01,0,0,0,0,0,0,0,0,0,-77000,0,0,0,0,77000,-77000,-77000
053112,中磊兆豐97購01  ,0,0,0,0,0,0,0,0,0,-77000,0,0,0,0,77000,-77000,-77000
060172,智原台新9A購01  ,0,0,0,0,0,0,0,0,0,-77000,0,0,0,0,77000,-77000,-77000
058544,FBVIX富邦9B購01 ,0,0,0,0,0,0,0,0,0,-77000,0,0,0,10000,87000,-77000,-77000
061922,瑞昱凱基9B購01  ,0,0,0,0,0,0,0,0,0,-77000,0,0,0,0,77000,-77000,-77000
061249,億豐群益9A購01  ,0,0,0,0,0,0,0,0,0,-77000,0,0,0,28000,105000,-77000,-77000
060991,京鼎元大9A購01  ,0,0,0,0,0,0,0,0,0,-77000,0,0,0,96000,173000,-77000,-77000
063615,瑞祺群益9B購03  ,0,0,0,0,0,0,0,0,0,-78000,0,0,0,28000,106000,-78000,-78000
063773,可成富邦9C購01  ,0,0,0,0,0,0,0,0,0,-78000,0,0,0,0,78000,-78000,-78000
056624,景碩永豐98購01  ,0,0,0,0,0,0,0,0,0,-78000,0,0,0,9000,87000,-78000,-78000
058517,景碩元大99購06  ,0,0,0,0,0,0,0,0,0,-78000,0,0,0,0,78000,-78000,-78000
057553,景碩凱基98購03  ,0,0,0,0,0,0,0,0,0,-78000,0,0,0,0,78000,-78000,-78000
057495,牧德元大99購04  ,0,0,0,0,0,0,0,0,0,-78000,0,0,0,0,78000,-78000,-78000
058033,景碩永豐98購02  ,0,0,0,0,0,0,0,0,0,-78000,0,0,0,0,78000,-78000,-78000
057197,立積台新98購01  ,0,0,0,0,0,0,0,0,0,-78000,0,0,0,11000,89000,-78000,-78000
062068,滬深2X元大9B購02,0,0,0,0,0,0,0,0,0,-78000,0,0,0,35000,113000,-78000,-78000
062042,台勝科凱基9C購01,0,0,0,0,0,0,0,0,0,-78000,0,0,0,20000,98000,-78000,-78000
062636,聯鈞國票9B購01  ,0,0,0,0,0,0,0,0,0,-78000,0,0,0,0,78000,-78000,-78000
062499,鴻海群益01購01  ,0,0,0,0,0,0,0,0,0,-78000,0,0,0,10000,88000,-78000,-78000
062444,大立光元大9C購01,0,0,0,0,0,0,0,0,0,-78000,0,0,0,2000,80000,-78000,-78000
062266,世紀鋼元大9B購02,0,0,0,0,0,0,0,0,0,-78000,0,0,0,47000,125000,-78000,-78000
9942,茂順            ,17000,95000,-78000,0,0,0,0,0,0,0,0,0,0,0,0,0,-78000
063840,鴻海元大01購01  ,0,0,0,0,0,0,0,0,0,-79000,0,0,0,7000,86000,-79000,-79000
06505P,康控國票99售02  ,0,0,0,0,0,0,0,0,0,-79000,0,0,0,20000,99000,-79000,-79000
08153P,台表科統一9B售01,0,0,0,0,0,0,0,0,0,-79000,0,0,0,40000,119000,-79000,-79000
1732,毛寶            ,55000,135000,-80000,0,0,0,0,0,0,1000,1000,0,1000,0,0,0,-79000
2464,盟立            ,56000,136000,-80000,0,0,0,0,0,0,1000,2000,1000,1000,0,0,0,-79000
059920,宏達電元大99購07,0,0,0,0,0,0,0,0,0,-79000,0,0,0,202000,281000,-79000,-79000
057506,聯鈞國票99購02  ,0,0,0,0,0,0,0,0,0,-79000,0,0,0,48000,127000,-79000,-79000
057805,華通元大98購06  ,0,0,0,0,0,0,0,0,0,-79000,0,0,0,23000,102000,-79000,-79000
057802,卜蜂元大98購01  ,0,0,0,0,0,0,0,0,0,-79000,0,0,0,13000,92000,-79000,-79000
063008,華通元大9B購06  ,0,0,0,0,0,0,0,0,0,-79000,0,0,0,11000,90000,-79000,-79000
062035,瑞祺群益9B購01  ,0,0,0,0,0,0,0,0,0,-79000,0,0,0,54000,133000,-79000,-79000
061877,貿聯元大9B購01  ,0,0,0,0,0,0,0,0,0,-79000,0,0,0,2000,81000,-79000,-79000
060789,禾伸堂富邦9B購02,0,0,0,0,0,0,0,0,0,-79000,0,0,0,52000,131000,-79000,-79000
061224,道瓊反中信01購01,0,0,0,0,0,0,0,0,0,-79000,0,0,0,0,79000,-79000,-79000
061336,國巨元大9A購20  ,0,0,0,0,0,0,0,0,0,-79000,0,0,0,3000,82000,-79000,-79000
6285,啟碁            ,140000,261000,-121000,0,0,0,0,0,0,42000,58000,0,58000,0,16000,-16000,-79000
08320P,智邦統一9C售02  ,0,0,0,0,0,0,0,0,0,-80000,0,0,0,0,80000,-80000,-80000
08264P,南電元大9C售02  ,0,0,0,0,0,0,0,0,0,-80000,0,0,0,0,80000,-80000,-80000
07559P,祥碩元大9A售03  ,0,0,0,0,0,0,0,0,0,-80000,0,0,0,10000,90000,-80000,-80000
07294P,滬深2X元富9C售08,0,0,0,0,0,0,0,0,0,-80000,0,0,0,0,80000,-80000,-80000
07327P,台灣50群益9A售06,0,0,0,0,0,0,0,0,0,-80000,0,0,0,0,80000,-80000,-80000
06904P,TPK凱基98售03   ,0,0,0,0,0,0,0,0,0,-80000,0,0,0,38000,118000,-80000,-80000
063859,國巨國泰01購03  ,0,0,0,0,0,0,0,0,0,-80000,0,0,0,123000,203000,-80000,-80000
063725,聯電元大9C購03  ,0,0,0,0,0,0,0,0,0,-80000,0,0,0,115000,195000,-80000,-80000
03414B,臺股指凱基99熊01,10000,0,10000,0,0,0,0,0,0,-90000,0,0,0,853000,943000,-90000,-80000
055963,欣興元大97購04  ,0,0,0,0,0,0,0,0,0,-80000,0,0,0,0,80000,-80000,-80000
055827,中石化元大98購01,0,0,0,0,0,0,0,0,0,-80000,0,0,0,20000,100000,-80000,-80000
055850,聯詠元大97購06  ,0,0,0,0,0,0,0,0,0,-80000,0,0,0,13000,93000,-80000,-80000
061062,和大凱基9A購02  ,0,0,0,0,0,0,0,0,0,-80000,0,0,0,3000,83000,-80000,-80000
061846,元金2X國票9C購01,0,0,0,0,0,0,0,0,0,-80000,0,0,0,0,80000,-80000,-80000
061706,旭富國票9A購02  ,0,0,0,0,0,0,0,0,0,-80000,0,0,0,15000,95000,-80000,-80000
063096,勤誠國票9B購02  ,0,0,0,0,0,0,0,0,0,-80000,0,0,0,38000,118000,-80000,-80000
062891,台汽電群益9B購01,0,0,0,0,0,0,0,0,0,-80000,0,0,0,20000,100000,-80000,-80000
062299,台積電第一9B購01,0,0,0,0,0,0,0,0,0,-80000,0,0,0,20000,100000,-80000,-80000
063538,神達統一9C購01  ,0,0,0,0,0,0,0,0,0,-81000,0,0,0,226000,307000,-81000,-81000
064038,景碩台新9C購01  ,0,0,0,0,0,0,0,0,0,-81000,0,0,0,0,81000,-81000,-81000
07988P,台積電台新9C售03,0,0,0,0,0,0,0,0,0,-81000,0,0,0,14000,95000,-81000,-81000
1701,中化            ,77000,162000,-85000,0,0,0,0,0,0,4000,4000,0,4000,0,0,0,-81000
053111,緯創兆豐97購01  ,0,0,0,0,0,0,0,0,0,-81000,0,0,0,0,81000,-81000,-81000
057286,群創元大9B購05  ,0,0,0,0,0,0,0,0,0,-81000,0,0,0,217000,298000,-81000,-81000
062797,瑞昱統一9B購01  ,0,0,0,0,0,0,0,0,0,-81000,0,0,0,740000,821000,-81000,-81000
08234P,華擎元富9B售03  ,0,0,0,0,0,0,0,0,0,-82000,0,0,0,5000,87000,-82000,-82000
07248P,可成凱基99售06  ,0,0,0,0,0,0,0,0,0,-82000,0,0,0,0,82000,-82000,-82000
064002,仁寶凱基9C購01  ,0,0,0,0,0,0,0,0,0,-82000,0,0,0,0,82000,-82000,-82000
063732,建準元大9B購02  ,0,0,0,0,0,0,0,0,0,-82000,0,0,0,114000,196000,-82000,-82000
06667P,鴻海凱基98售11  ,0,0,0,0,0,0,0,0,0,-82000,0,0,0,0,82000,-82000,-82000
056376,玉晶光統一98購01,0,0,0,0,0,0,0,0,0,-82000,0,0,0,0,82000,-82000,-82000
057624,新日興國泰99購01,0,0,0,0,0,0,0,0,0,-82000,0,0,0,15000,97000,-82000,-82000
060100,新光金元大9C購01,0,0,0,0,0,0,0,0,0,-82000,0,0,0,207000,289000,-82000,-82000
056883,美食康和98購01  ,0,0,0,0,0,0,0,0,0,-82000,0,0,0,12000,94000,-82000,-82000
062334,健策統一9B購02  ,0,0,0,0,0,0,0,0,0,-82000,0,0,0,43000,125000,-82000,-82000
063231,台泥元大9B購01  ,0,0,0,0,0,0,0,0,0,-82000,0,0,0,55000,137000,-82000,-82000
063384,巨大永豐9B購04  ,0,0,0,0,0,0,0,0,0,-82000,0,0,0,66000,148000,-82000,-82000
061375,華通永豐9A購02  ,0,0,0,0,0,0,0,0,0,-82000,0,0,0,0,82000,-82000,-82000
6108,競國            ,17000,100000,-83000,0,0,0,0,0,0,1000,2000,1000,1000,0,0,0,-82000
063683,大成鋼永豐9B購01,0,0,0,0,0,0,0,0,0,-83000,0,0,0,22000,105000,-83000,-83000
07317P,T50正2凱基9B售02,0,0,0,0,0,0,0,0,0,-83000,0,0,0,17000,100000,-83000,-83000
08290P,高鐵統一01售01  ,0,0,0,0,0,0,0,0,0,-83000,0,0,0,0,83000,-83000,-83000
056135,緯創元大98購01  ,0,0,0,0,0,0,0,0,0,-83000,0,0,0,10000,93000,-83000,-83000
060385,台勝科凱基9A購01,0,0,0,0,0,0,0,0,0,-83000,0,0,0,93000,176000,-83000,-83000
061285,大立光統一9A購04,0,0,0,0,0,0,0,0,0,-83000,0,0,0,0,83000,-83000,-83000
06082P,華通統一98售01  ,0,0,0,0,0,0,0,0,0,-83000,0,0,0,32000,115000,-83000,-83000
061663,南六永豐9A購05  ,0,0,0,0,0,0,0,0,0,-83000,0,0,0,0,83000,-83000,-83000
08297P,寶成元大9C售01  ,0,0,0,0,0,0,0,0,0,-84000,0,0,0,2000,86000,-84000,-84000
2467,志聖            ,1065000,1149000,-84000,0,0,0,0,0,0,0,0,0,0,0,0,0,-84000
07747P,晶技凱基9A售04  ,0,0,0,0,0,0,0,0,0,-84000,0,0,0,0,84000,-84000,-84000
063839,華通元大9C購02  ,0,0,0,0,0,0,0,0,0,-84000,0,0,0,13000,97000,-84000,-84000
052919,鈺齊富邦98購01  ,0,0,0,0,0,0,0,0,0,-84000,0,0,0,100000,184000,-84000,-84000
00660,元大歐洲50      ,1000,0,1000,0,0,0,0,0,0,-85000,0,0,0,4000,89000,-85000,-84000
052069,聯茂兆豐96購01  ,0,0,0,0,0,0,0,0,0,-84000,0,0,0,10000,94000,-84000,-84000
057258,中環兆豐98購01  ,0,0,0,0,0,0,0,0,0,-84000,0,0,0,80000,164000,-84000,-84000
057787,TPK國票99購01   ,0,0,0,0,0,0,0,0,0,-84000,0,0,0,3000,87000,-84000,-84000
059400,滬深2X元富9C購04,0,0,0,0,0,0,0,0,0,-84000,0,0,0,25000,109000,-84000,-84000
059364,昇陽半永豐99購02,0,0,0,0,0,0,0,0,0,-84000,0,0,0,44000,128000,-84000,-84000
057042,台積電元大98購10,0,0,0,0,0,0,0,0,0,-84000,0,0,0,0,84000,-84000,-84000
061752,瑞昱台新9B購01  ,0,0,0,0,0,0,0,0,0,-84000,0,0,0,60000,144000,-84000,-84000
061774,T50反1國票9B購06,0,0,0,0,0,0,0,0,0,-84000,0,0,0,61000,145000,-84000,-84000
061381,台灣50群益9B購07,0,0,0,0,0,0,0,0,0,-84000,0,0,0,2000,86000,-84000,-84000
062355,華通元大9B購03  ,0,0,0,0,0,0,0,0,0,-84000,0,0,0,8000,92000,-84000,-84000
063786,瑞昱中信06購01  ,0,0,0,0,0,0,0,0,0,-85000,0,0,0,208000,293000,-85000,-85000
063697,香港反群益9C購01,0,0,0,0,0,0,0,0,0,-85000,0,0,0,15000,100000,-85000,-85000
063491,國巨富邦02購02  ,0,0,0,0,0,0,0,0,0,-85000,0,0,0,30000,115000,-85000,-85000
07926P,上銀統一9B售02  ,0,0,0,0,0,0,0,0,0,-85000,0,0,0,30000,115000,-85000,-85000
052076,可成元富98購01  ,0,0,0,0,0,0,0,0,0,-85000,0,0,0,10000,95000,-85000,-85000
057674,台郡元大99購03  ,0,0,0,0,0,0,0,0,0,-85000,0,0,0,58000,143000,-85000,-85000
057320,玉晶光凱基98購01,0,0,0,0,0,0,0,0,0,-85000,0,0,0,59000,144000,-85000,-85000
057960,聯鈞元大98購02  ,0,0,0,0,0,0,0,0,0,-85000,0,0,0,62000,147000,-85000,-85000
059928,道瓊銀富邦03購01,0,0,0,0,0,0,0,0,0,-85000,0,0,0,30000,115000,-85000,-85000
059694,創意永豐99購03  ,0,0,0,0,0,0,0,0,0,-85000,0,0,0,0,85000,-85000,-85000
060545,台積電凱基9B購02,0,0,0,0,0,0,0,0,0,-85000,0,0,0,14000,99000,-85000,-85000
062438,台光電元大9B購04,0,0,0,0,0,0,0,0,0,-85000,0,0,0,4000,89000,-85000,-85000
062388,旭富國泰01購01  ,0,0,0,0,0,0,0,0,0,-85000,0,0,0,50000,135000,-85000,-85000
062282,禾伸堂群益9B購01,0,0,0,0,0,0,0,0,0,-85000,0,0,0,0,85000,-85000,-85000
063385,可成中信9C購01  ,0,0,0,0,0,0,0,0,0,-85000,0,0,0,16000,101000,-85000,-85000
061049,奇力新中信9A購02,0,0,0,0,0,0,0,0,0,-85000,0,0,0,0,85000,-85000,-85000
061689,國巨群益9A購12  ,0,0,0,0,0,0,0,0,0,-85000,0,0,0,26000,111000,-85000,-85000
061956,和大統一01購01  ,0,0,0,0,0,0,0,0,0,-85000,0,0,0,10000,95000,-85000,-85000
08173P,金像電凱基9B售02,0,0,0,0,0,0,0,0,0,-86000,0,0,0,0,86000,-86000,-86000
063628,華通元大9B購09  ,0,0,0,0,0,0,0,0,0,-86000,0,0,0,62000,148000,-86000,-86000
07081P,南電群益9A售01  ,0,0,0,0,0,0,0,0,0,-86000,0,0,0,13000,99000,-86000,-86000
053107,旺宏兆豐97購01  ,0,0,0,0,0,0,0,0,0,-86000,0,0,0,0,86000,-86000,-86000
056579,麗豐元大99購01  ,0,0,0,0,0,0,0,0,0,-86000,0,0,0,570000,656000,-86000,-86000
060566,聯詠富邦9C購01  ,0,0,0,0,0,0,0,0,0,-86000,0,0,0,276000,362000,-86000,-86000
060189,宏達電元富9B購03,0,0,0,0,0,0,0,0,0,-86000,0,0,0,205000,291000,-86000,-86000
058050,台郡元大99購05  ,0,0,0,0,0,0,0,0,0,-86000,0,0,0,80000,166000,-86000,-86000
057234,宏達電凱基98購05,0,0,0,0,0,0,0,0,0,-86000,0,0,0,66000,152000,-86000,-86000
060841,宏達電國票9B購01,0,0,0,0,0,0,0,0,0,-86000,0,0,0,40000,126000,-86000,-86000
063145,台表科統一02購01,0,0,0,0,0,0,0,0,0,-86000,0,0,0,160000,246000,-86000,-86000
063042,同欣電凱基9C購01,0,0,0,0,0,0,0,0,0,-86000,0,0,0,42000,128000,-86000,-86000
9907,統一實          ,239000,336000,-97000,0,0,0,0,0,0,11000,11000,0,11000,0,0,0,-86000
2820,華票            ,141000,233000,-92000,0,0,0,0,0,0,6000,6000,0,6000,0,0,0,-86000
063750,和鑫國票9B購01  ,0,0,0,0,0,0,0,0,0,-87000,0,0,0,102000,189000,-87000,-87000
064024,漢唐元大9C購01  ,0,0,0,0,0,0,0,0,0,-87000,0,0,0,0,87000,-87000,-87000
07771P,義隆國票9A售01  ,0,0,0,0,0,0,0,0,0,-87000,0,0,0,33000,120000,-87000,-87000
056488,致新元大99購01  ,0,0,0,0,0,0,0,0,0,-87000,0,0,0,55000,142000,-87000,-87000
054585,禾伸堂國泰99購01,0,0,0,0,0,0,0,0,0,-87000,0,0,0,30000,117000,-87000,-87000
00771,元大US高息特別股,0,1000,-1000,0,0,0,0,0,0,-86000,104000,7000,97000,0,183000,-183000,-87000
060346,華新科統一01購01,0,0,0,0,0,0,0,0,0,-87000,0,0,0,0,87000,-87000,-87000
060328,可成群益9A購06  ,0,0,0,0,0,0,0,0,0,-87000,0,0,0,50000,137000,-87000,-87000
060512,祥碩元大9A購02  ,0,0,0,0,0,0,0,0,0,-87000,0,0,0,24000,111000,-87000,-87000
057817,景碩元大98購01  ,0,0,0,0,0,0,0,0,0,-87000,0,0,0,69000,156000,-87000,-87000
057875,京鼎元大98購03  ,0,0,0,0,0,0,0,0,0,-87000,0,0,0,95000,182000,-87000,-87000
059295,大立光元富99購05,0,0,0,0,0,0,0,0,0,-87000,0,0,0,25000,112000,-87000,-87000
063069,道瓊銀富邦05購01,0,0,0,0,0,0,0,0,0,-87000,0,0,0,0,87000,-87000,-87000
063089,巨大凱基9C購01  ,0,0,0,0,0,0,0,0,0,-87000,0,0,0,69000,156000,-87000,-87000
062556,瑞昱凱基9B購02  ,0,0,0,0,0,0,0,0,0,-87000,0,0,0,0,87000,-87000,-87000
061567,華通元大9A購11  ,0,0,0,0,0,0,0,0,0,-87000,0,0,0,38000,125000,-87000,-87000
3535,晶彩科          ,114000,200000,-86000,0,0,0,0,0,0,-1000,1000,2000,-1000,0,0,0,-87000
063608,力成凱基9B購03  ,0,0,0,0,0,0,0,0,0,-88000,0,0,0,48000,136000,-88000,-88000
06645P,上銀元大98售05  ,0,0,0,0,0,0,0,0,0,-88000,0,0,0,30000,118000,-88000,-88000
053916,漢唐國票97購04  ,0,0,0,0,0,0,0,0,0,-88000,0,0,0,0,88000,-88000,-88000
059450,和大永豐99購01  ,0,0,0,0,0,0,0,0,0,-88000,0,0,0,7000,95000,-88000,-88000
057954,宏碁元大99購01  ,0,0,0,0,0,0,0,0,0,-88000,0,0,0,10000,98000,-88000,-88000
062373,泰鼎元大9B購01  ,0,0,0,0,0,0,0,0,0,-88000,0,0,0,10000,98000,-88000,-88000
06509P,鴻海群益98售03  ,0,0,0,0,0,0,0,0,0,-89000,0,0,0,8000,97000,-89000,-89000
063983,麗豐兆豐9C購01  ,0,0,0,0,0,0,0,0,0,-89000,0,0,0,146000,235000,-89000,-89000
063891,國巨群益9C購07  ,0,0,0,0,0,0,0,0,0,-89000,0,0,0,22000,111000,-89000,-89000
063824,S&P反1國票9C購01,0,0,0,0,0,0,0,0,0,-89000,0,0,0,0,89000,-89000,-89000
055745,臻鼎元富97購01  ,0,0,0,0,0,0,0,0,0,-89000,0,0,0,239000,328000,-89000,-89000
057633,緯穎永豐98購02  ,0,0,0,0,0,0,0,0,0,-89000,0,0,0,50000,139000,-89000,-89000
060455,葡萄王元大9A購02,0,0,0,0,0,0,0,0,0,-89000,0,0,0,371000,460000,-89000,-89000
060430,和潤永豐9A購01  ,0,0,0,0,0,0,0,0,0,-89000,0,0,0,20000,109000,-89000,-89000
057857,牧德國票99購01  ,0,0,0,0,0,0,0,0,0,-89000,0,0,0,0,89000,-89000,-89000
062186,晶技元大9B購05  ,0,0,0,0,0,0,0,0,0,-89000,0,0,0,1000,90000,-89000,-89000
062606,聯電凱基9C購02  ,0,0,0,0,0,0,0,0,0,-89000,0,0,0,66000,155000,-89000,-89000
061032,金像電永豐9A購03,0,0,0,0,0,0,0,0,0,-89000,0,0,0,11000,100000,-89000,-89000
6416,瑞祺電通        ,251000,169000,82000,0,0,0,28000,114488,-86488,-85000,26000,51000,-25000,5000,65000,-60000,-89488
06736P,新日興凱基98售03,0,0,0,0,0,0,0,0,0,-90000,0,0,0,110000,200000,-90000,-90000
06753P,智邦富邦98售03  ,0,0,0,0,0,0,0,0,0,-90000,0,0,0,0,90000,-90000,-90000
06994P,台光電凱基99售02,0,0,0,0,0,0,0,0,0,-90000,0,0,0,10000,100000,-90000,-90000
07230P,滬深2X群益01售02,0,0,0,0,0,0,0,0,0,-90000,0,0,0,30000,120000,-90000,-90000
07212P,聯發科凱基99售14,0,0,0,0,0,0,0,0,0,-90000,0,0,0,0,90000,-90000,-90000
08132P,南六元大9B售05  ,0,0,0,0,0,0,0,0,0,-90000,0,0,0,278000,368000,-90000,-90000
08209P,上銀元富9B售06  ,0,0,0,0,0,0,0,0,0,-90000,0,0,0,52000,142000,-90000,-90000
1589,永冠-KY         ,144000,205000,-61000,0,0,0,0,0,0,-29000,9000,41000,-32000,3000,0,3000,-90000
054777,昇陽半國票98購01,0,0,0,0,0,0,0,0,0,-90000,0,0,0,20000,110000,-90000,-90000
058333,鴻海元富99購04  ,0,0,0,0,0,0,0,0,0,-90000,0,0,0,0,90000,-90000,-90000
055657,超眾元富97購02  ,0,0,0,0,0,0,0,0,0,-90000,0,0,0,10000,100000,-90000,-90000
059061,晶技凱基9A購01  ,0,0,0,0,0,0,0,0,0,-90000,0,0,0,0,90000,-90000,-90000
060033,臻鼎永豐99購01  ,0,0,0,0,0,0,0,0,0,-90000,0,0,0,0,90000,-90000,-90000
060002,T50反1群益9A購01,0,0,0,0,0,0,0,0,0,-90000,0,0,0,30000,120000,-90000,-90000
059922,大立光元大99購25,0,0,0,0,0,0,0,0,0,-90000,0,0,0,81000,171000,-90000,-90000
058748,景碩凱基9A購01  ,0,0,0,0,0,0,0,0,0,-90000,0,0,0,41000,131000,-90000,-90000
061052,和大群益9A購01  ,0,0,0,0,0,0,0,0,0,-90000,0,0,0,0,90000,-90000,-90000
060936,T50反1國票9A購09,0,0,0,0,0,0,0,0,0,-90000,0,0,0,0,90000,-90000,-90000
060926,宏達電永豐9A購01,0,0,0,0,0,0,0,0,0,-90000,0,0,0,55000,145000,-90000,-90000
061316,台積電凱基9A購24,0,0,0,0,0,0,0,0,0,-90000,0,0,0,2000,92000,-90000,-90000
061421,台積電元大9A購29,0,0,0,0,0,0,0,0,0,-90000,0,0,0,0,90000,-90000,-90000
061206,旺宏元大9A購12  ,0,0,0,0,0,0,0,0,0,-90000,0,0,0,10000,100000,-90000,-90000
063178,聯發科兆豐9B購04,0,0,0,0,0,0,0,0,0,-90000,0,0,0,0,90000,-90000,-90000
063333,同欣電國票9C購01,0,0,0,0,0,0,0,0,0,-90000,0,0,0,0,90000,-90000,-90000
063325,SP黃豆國票9C購02,0,0,0,0,0,0,0,0,0,-90000,0,0,0,0,90000,-90000,-90000
2453,凌群            ,67000,157000,-90000,0,0,0,0,717,-717,0,0,0,0,0,0,0,-90717
063729,國巨元大9C購08  ,0,0,0,0,0,0,0,0,0,-91000,0,0,0,21000,112000,-91000,-91000
063459,華通元大9B購08  ,0,0,0,0,0,0,0,0,0,-91000,0,0,0,56000,147000,-91000,-91000
05088P,大立光富邦99售01,0,0,0,0,0,0,0,0,0,-91000,0,0,0,0,91000,-91000,-91000
055929,聯發科群益97購05,0,0,0,0,0,0,0,0,0,-91000,0,0,0,16000,107000,-91000,-91000
057451,大立光元富9B購01,0,0,0,0,0,0,0,0,0,-91000,0,0,0,27000,118000,-91000,-91000
059189,國泰金富邦9B購01,0,0,0,0,0,0,0,0,0,-91000,0,0,0,121000,212000,-91000,-91000
062221,奇力新統一01購01,0,0,0,0,0,0,0,0,0,-91000,0,0,0,227000,318000,-91000,-91000
061411,T50反1群益9A購05,0,0,0,0,0,0,0,0,0,-91000,0,0,0,175000,266000,-91000,-91000
063851,健策元大01購01  ,0,0,0,0,0,0,0,0,0,-92000,0,0,0,22000,114000,-92000,-92000
056330,玉晶光國票99購03,0,0,0,0,0,0,0,0,0,-92000,0,0,0,59000,151000,-92000,-92000
059188,京元電富邦9B購01,0,0,0,0,0,0,0,0,0,-92000,0,0,0,1884000,1976000,-92000,-92000
060730,台積電群益9A購03,0,0,0,0,0,0,0,0,0,-92000,0,0,0,1000,93000,-92000,-92000
062259,可成元大9B購03  ,0,0,0,0,0,0,0,0,0,-92000,0,0,0,0,92000,-92000,-92000
063147,東元元富9B購01  ,0,0,0,0,0,0,0,0,0,-92000,0,0,0,79000,171000,-92000,-92000
063736,大立光元大9B購08,0,0,0,0,0,0,0,0,0,-93000,0,0,0,16000,109000,-93000,-93000
06670P,鴻海群益98售06  ,0,0,0,0,0,0,0,0,0,-93000,0,0,0,0,93000,-93000,-93000
06525P,上証2X國泰99售01,0,0,0,0,0,0,0,0,0,-93000,0,0,0,45000,138000,-93000,-93000
08127P,聯發科元大9B售21,0,0,0,0,0,0,0,0,0,-93000,0,0,0,0,93000,-93000,-93000
054559,台光電群益99購01,0,0,0,0,0,0,0,0,0,-93000,0,0,0,0,93000,-93000,-93000
062869,帆宣中信9B購01  ,0,0,0,0,0,0,0,0,0,-93000,0,0,0,118000,211000,-93000,-93000
060798,旭富永豐9A購01  ,0,0,0,0,0,0,0,0,0,-93000,0,0,0,10000,103000,-93000,-93000
061490,茂林兆豐9B購01  ,0,0,0,0,0,0,0,0,0,-93000,0,0,0,50000,143000,-93000,-93000
062036,致新群益9B購01  ,0,0,0,0,0,0,0,0,0,-93000,0,0,0,196000,289000,-93000,-93000
064075,台積電中信06購01,0,0,0,0,0,0,0,0,0,-94000,0,0,0,6000,100000,-94000,-94000
063640,貿聯元大9B購03  ,0,0,0,0,0,0,0,0,0,-94000,0,0,0,64000,158000,-94000,-94000
063722,遠東新元大9B購02,0,0,0,0,0,0,0,0,0,-94000,0,0,0,60000,154000,-94000,-94000
054682,東元永豐97購01  ,0,0,0,0,0,0,0,0,0,-94000,0,0,0,0,94000,-94000,-94000
05830P,滬深2X元富99售03,0,0,0,0,0,0,0,0,0,-94000,0,0,0,320000,414000,-94000,-94000
05888P,友達元大97售01  ,0,0,0,0,0,0,0,0,0,-94000,0,0,0,0,94000,-94000,-94000
061881,緯穎元大9B購02  ,0,0,0,0,0,0,0,0,0,-94000,0,0,0,102000,196000,-94000,-94000
060870,旭富群益9A購01  ,0,0,0,0,0,0,0,0,0,-94000,0,0,0,10000,104000,-94000,-94000
060954,國泰金群益9A購02,0,0,0,0,0,0,0,0,0,-94000,0,0,0,0,94000,-94000,-94000
063019,聯發科元大9C購01,0,0,0,0,0,0,0,0,0,-94000,0,0,0,15000,109000,-94000,-94000
063180,台塑凱基9B購01  ,0,0,0,0,0,0,0,0,0,-94000,0,0,0,5000,99000,-94000,-94000
063286,嘉澤元大9B購04  ,0,0,0,0,0,0,0,0,0,-94000,0,0,0,18000,112000,-94000,-94000
06566P,華通永豐98售03  ,0,0,0,0,0,0,0,0,0,-95000,0,0,0,10000,105000,-95000,-95000
07048P,台積電中信03售01,0,0,0,0,0,0,0,0,0,-95000,0,0,0,59000,154000,-95000,-95000
07451P,鴻海元大9B售01  ,0,0,0,0,0,0,0,0,0,-95000,0,0,0,10000,105000,-95000,-95000
1723,中碳            ,283000,379000,-96000,0,0,0,0,0,0,1000,2000,1000,1000,0,0,0,-95000
055958,台光電元大97購02,0,0,0,0,0,0,0,0,0,-95000,0,0,0,0,95000,-95000,-95000
056398,南茂永豐98購01  ,0,0,0,0,0,0,0,0,0,-95000,0,0,0,89000,184000,-95000,-95000
051375,道瓊反群益9A購01,0,0,0,0,0,0,0,0,0,-95000,0,0,0,5000,100000,-95000,-95000
051728,道瓊反國票97購01,0,0,0,0,0,0,0,0,0,-95000,0,0,0,12000,107000,-95000,-95000
056629,昇陽半永豐98購01,0,0,0,0,0,0,0,0,0,-95000,0,0,0,11000,106000,-95000,-95000
062946,祥碩國泰9C購02  ,0,0,0,0,0,0,0,0,0,-95000,0,0,0,145000,240000,-95000,-95000
062295,康友永豐9B購01  ,0,0,0,0,0,0,0,0,0,-95000,0,0,0,100000,195000,-95000,-95000
061308,元金2X中信9A購01,0,0,0,0,0,0,0,0,0,-95000,0,0,0,0,95000,-95000,-95000
061614,亞德客群益9A購01,0,0,0,0,0,0,0,0,0,-95000,0,0,0,3000,98000,-95000,-95000
4956,光鋐            ,502000,599000,-97000,0,0,0,0,0,0,2000,2000,0,2000,0,0,0,-95000
2617,台航            ,192000,289000,-97000,0,0,0,0,0,0,2000,2000,0,2000,0,0,0,-95000
064081,國產中信06購01  ,0,0,0,0,0,0,0,0,0,-96000,0,0,0,0,96000,-96000,-96000
053871,臻鼎元大96購03  ,0,0,0,0,0,0,0,0,0,-96000,0,0,0,3000,99000,-96000,-96000
046476,鴻海統一96購01  ,0,0,0,0,0,0,0,0,0,-96000,0,0,0,5000,101000,-96000,-96000
055801,景碩永豐97購02  ,0,0,0,0,0,0,0,0,0,-96000,0,0,0,0,96000,-96000,-96000
055809,T50反1國票98購02,0,0,0,0,0,0,0,0,0,-96000,0,0,0,0,96000,-96000,-96000
058499,滬深2X元大9C購01,0,0,0,0,0,0,0,0,0,-96000,0,0,0,4000,100000,-96000,-96000
057691,健策凱基99購01  ,0,0,0,0,0,0,0,0,0,-96000,0,0,0,2000,98000,-96000,-96000
061985,富邦金元大9B購01,0,0,0,0,0,0,0,0,0,-96000,0,0,0,87000,183000,-96000,-96000
062456,台積電群益9B購05,0,0,0,0,0,0,0,0,0,-96000,0,0,0,284000,380000,-96000,-96000
063777,儒鴻永豐9B購02  ,0,0,0,0,0,0,0,0,0,-97000,0,0,0,83000,180000,-97000,-97000
07590P,玉晶光國票9A售03,0,0,0,0,0,0,0,0,0,-97000,0,0,0,0,97000,-97000,-97000
056133,可成元大97購05  ,0,0,0,0,0,0,0,0,0,-97000,0,0,0,0,97000,-97000,-97000
050392,群創統一96購01  ,0,0,0,0,0,0,0,0,0,-97000,0,0,0,105000,202000,-97000,-97000
052424,泰碩國票97購01  ,0,0,0,0,0,0,0,0,0,-97000,0,0,0,3000,100000,-97000,-97000
02001R,富邦蘋果反一N   ,0,0,0,0,0,0,0,0,0,-97000,0,0,0,23000,120000,-97000,-97000
060125,強茂永豐99購01  ,0,0,0,0,0,0,0,0,0,-97000,0,0,0,6000,103000,-97000,-97000
062634,玉晶光國票9B購03,0,0,0,0,0,0,0,0,0,-97000,0,0,0,44000,141000,-97000,-97000
062596,緯穎統一01購02  ,0,0,0,0,0,0,0,0,0,-97000,0,0,0,0,97000,-97000,-97000
061718,GIS凱基9B購01   ,0,0,0,0,0,0,0,0,0,-97000,0,0,0,60000,157000,-97000,-97000
8131,福懋科          ,151000,200000,-49000,0,0,0,0,0,0,-48000,3000,3000,0,4000,52000,-48000,-97000
2022,聚亨            ,55000,0,55000,0,0,0,0,0,0,-153000,0,153000,-153000,0,0,0,-98000
063489,新日興國泰01購01,0,0,0,0,0,0,0,0,0,-98000,0,0,0,0,98000,-98000,-98000
055235,金寶台新98購01  ,0,0,0,0,0,0,0,0,0,-98000,0,0,0,219000,317000,-98000,-98000
061967,旺宏統一01購04  ,0,0,0,0,0,0,0,0,0,-98000,0,0,0,4000,102000,-98000,-98000
062047,緯穎凱基9B購01  ,0,0,0,0,0,0,0,0,0,-98000,0,0,0,59000,157000,-98000,-98000
062995,聚陽國票9C購01  ,0,0,0,0,0,0,0,0,0,-98000,0,0,0,66000,164000,-98000,-98000
5007,三星            ,48000,146479,-98479,0,0,0,0,0,0,0,0,0,0,0,0,0,-98479
064000,台郡兆豐9C購01  ,0,0,0,0,0,0,0,0,0,-99000,0,0,0,113000,212000,-99000,-99000
07821P,臺股指國票9A售12,0,0,0,0,0,0,0,0,0,-99000,0,0,0,258000,357000,-99000,-99000
056408,奇鋐國票99購01  ,0,0,0,0,0,0,0,0,0,-99000,0,0,0,9000,108000,-99000,-99000
060232,友訊元大9C購01  ,0,0,0,0,0,0,0,0,0,-99000,0,0,0,250000,349000,-99000,-99000
055652,聯詠元富01購01  ,0,0,0,0,0,0,0,0,0,-99000,0,0,0,67000,166000,-99000,-99000
060208,卜蜂康和9A購01  ,0,0,0,0,0,0,0,0,0,-99000,0,0,0,0,99000,-99000,-99000
059041,南茂群益99購02  ,0,0,0,0,0,0,0,0,0,-99000,0,0,0,282000,381000,-99000,-99000
063063,泰鼎元富9B購01  ,0,0,0,0,0,0,0,0,0,-99000,0,0,0,0,99000,-99000,-99000
063324,道瓊反國票9B購03,0,0,0,0,0,0,0,0,0,-99000,0,0,0,0,99000,-99000,-99000
062330,可成統一9B購03  ,0,0,0,0,0,0,0,0,0,-99000,0,0,0,5000,104000,-99000,-99000
061704,景碩國票9A購01  ,0,0,0,0,0,0,0,0,0,-99000,0,0,0,66000,165000,-99000,-99000
061147,上証2X群益9C購06,0,0,0,0,0,0,0,0,0,-99000,0,0,0,0,99000,-99000,-99000
061050,康友中信9A購01  ,0,0,0,0,0,0,0,0,0,-99000,0,0,0,6000,105000,-99000,-99000
07779P,鴻海凱基9B售04  ,0,0,0,0,0,0,0,0,0,-100000,0,0,0,0,100000,-100000,-100000
07836P,大成鋼元大9A售01,0,0,0,0,0,0,0,0,0,-100000,0,0,0,0,100000,-100000,-100000
07870P,鴻海群益9B售01  ,0,0,0,0,0,0,0,0,0,-100000,0,0,0,0,100000,-100000,-100000
08141P,鴻海凱基9B售09  ,0,0,0,0,0,0,0,0,0,-100000,0,0,0,0,100000,-100000,-100000
08016P,臺股指凱基02售02,0,0,0,0,0,0,0,0,0,-100000,0,0,0,0,100000,-100000,-100000
07687P,上銀元大9A售06  ,0,0,0,0,0,0,0,0,0,-100000,0,0,0,33000,133000,-100000,-100000
07707P,玉山金元大9A售03,0,0,0,0,0,0,0,0,0,-100000,0,0,0,0,100000,-100000,-100000
07442P,華航康和9A售02  ,0,0,0,0,0,0,0,0,0,-100000,0,0,0,0,100000,-100000,-100000
07530P,聯發科凱基9A售11,0,0,0,0,0,0,0,0,0,-100000,0,0,0,300000,400000,-100000,-100000
07205P,鴻海凱基99售11  ,0,0,0,0,0,0,0,0,0,-100000,0,0,0,0,100000,-100000,-100000
07244P,鴻海凱基9A售13  ,0,0,0,0,0,0,0,0,0,-100000,0,0,0,0,100000,-100000,-100000
07150P,和碩元大99售01  ,0,0,0,0,0,0,0,0,0,-100000,0,0,0,0,100000,-100000,-100000
08166P,國巨中信9B售05  ,0,0,0,0,0,0,0,0,0,-100000,0,0,0,0,100000,-100000,-100000
063900,GIS群益9C購03   ,0,0,0,0,0,0,0,0,0,-100000,0,0,0,0,100000,-100000,-100000
063416,台積電凱基9B購10,0,0,0,0,0,0,0,0,0,-100000,0,0,0,11000,111000,-100000,-100000
063425,台勝科凱基9B購02,0,0,0,0,0,0,0,0,0,-100000,0,0,0,20000,120000,-100000,-100000
06411P,晶相光永豐97售03,0,0,0,0,0,0,0,0,0,-100000,0,0,0,0,100000,-100000,-100000
06506P,台郡國票99售02  ,0,0,0,0,0,0,0,0,0,-100000,0,0,0,0,100000,-100000,-100000
06995P,臺股指凱基99售16,0,0,0,0,0,0,0,0,0,-100000,0,0,0,10000,110000,-100000,-100000
06993P,鴻海凱基99售05  ,0,0,0,0,0,0,0,0,0,-100000,0,0,0,0,100000,-100000,-100000
05546P,全新元大97售01  ,0,0,0,0,0,0,0,0,0,-100000,0,0,0,0,100000,-100000,-100000
052622,貿聯兆豐97購01  ,0,0,0,0,0,0,0,0,0,-100000,0,0,0,0,100000,-100000,-100000
053389,彩晶元大98購01  ,0,0,0,0,0,0,0,0,0,-100000,0,0,0,0,100000,-100000,-100000
035274,華新台新97購01  ,0,0,0,0,0,0,0,0,0,-100000,0,0,0,0,100000,-100000,-100000
054081,聯電元富96購01  ,0,0,0,0,0,0,0,0,0,-100000,0,0,0,0,100000,-100000,-100000
049700,瀚宇博元大97購01,0,0,0,0,0,0,0,0,0,-100000,0,0,0,20000,120000,-100000,-100000
054586,健鼎國泰99購01  ,0,0,0,0,0,0,0,0,0,-100000,0,0,0,0,100000,-100000,-100000
056280,上証2X永豐98購01,0,0,0,0,0,0,0,0,0,-100000,0,0,0,0,100000,-100000,-100000
060037,鴻海國票99購10  ,0,0,0,0,0,0,0,0,0,-100000,0,0,0,6000,106000,-100000,-100000
060510,大立光元大9A購03,0,0,0,0,0,0,0,0,0,-100000,0,0,0,10000,110000,-100000,-100000
060509,宏達電元大9A購02,0,0,0,0,0,0,0,0,0,-100000,0,0,0,262000,362000,-100000,-100000
060522,鴻海中信9A購03  ,0,0,0,0,0,0,0,0,0,-100000,0,0,0,0,100000,-100000,-100000
059611,台積電永豐99購05,0,0,0,0,0,0,0,0,0,-100000,0,0,0,0,100000,-100000,-100000
057637,上銀元大98購07  ,0,0,0,0,0,0,0,0,0,-100000,0,0,0,0,100000,-100000,-100000
058074,欣興凱基99購01  ,0,0,0,0,0,0,0,0,0,-100000,0,0,0,0,100000,-100000,-100000
057170,瑞昱元大98購01  ,0,0,0,0,0,0,0,0,0,-100000,0,0,0,47000,147000,-100000,-100000
060934,台汽電永豐9A購02,0,0,0,0,0,0,0,0,0,-100000,0,0,0,0,100000,-100000,-100000
060914,健策元大9A購03  ,0,0,0,0,0,0,0,0,0,-100000,0,0,0,20000,120000,-100000,-100000
061200,道瓊反元大9A購06,0,0,0,0,0,0,0,0,0,-100000,0,0,0,0,100000,-100000,-100000
061799,奇鋐永豐9B購01  ,0,0,0,0,0,0,0,0,0,-100000,0,0,0,0,100000,-100000,-100000
061792,和大永豐9B購01  ,0,0,0,0,0,0,0,0,0,-100000,0,0,0,0,100000,-100000,-100000
061493,T50反1國票9B購04,0,0,0,0,0,0,0,0,0,-100000,0,0,0,0,100000,-100000,-100000
062133,大成鋼群益9B購01,0,0,0,0,0,0,0,0,0,-100000,0,0,0,0,100000,-100000,-100000
061832,聯發科凱基9B購06,0,0,0,0,0,0,0,0,0,-100000,0,0,0,1000,101000,-100000,-100000
062579,華通統一01購02  ,0,0,0,0,0,0,0,0,0,-100000,0,0,0,0,100000,-100000,-100000
063083,聯發科凱基01購02,0,0,0,0,0,0,0,0,0,-100000,0,0,0,0,100000,-100000,-100000
063036,聯發科凱基9B購11,0,0,0,0,0,0,0,0,0,-100000,0,0,0,0,100000,-100000,-100000
063037,聯發科凱基9C購02,0,0,0,0,0,0,0,0,0,-100000,0,0,0,10000,110000,-100000,-100000
062889,可成群益9C購01  ,0,0,0,0,0,0,0,0,0,-100000,0,0,0,23000,123000,-100000,-100000
9944,新麗            ,162000,262000,-100000,0,0,0,0,0,0,0,0,0,0,0,0,0,-100000
06569P,可成永豐98售01  ,0,0,0,0,0,0,0,0,0,-101000,0,0,0,0,101000,-101000,-101000
064023,智邦元大9C購02  ,0,0,0,0,0,0,0,0,0,-101000,0,0,0,3000,104000,-101000,-101000
08205P,智邦凱基9B售03  ,0,0,0,0,0,0,0,0,0,-101000,0,0,0,10000,111000,-101000,-101000
08231P,上銀元富9B售10  ,0,0,0,0,0,0,0,0,0,-101000,0,0,0,38000,139000,-101000,-101000
1215,卜蜂            ,138000,276000,-138000,0,0,0,0,0,0,37000,34000,0,34000,11000,8000,3000,-101000
05620P,大立光富邦9B售01,0,0,0,0,0,0,0,0,0,-101000,0,0,0,0,101000,-101000,-101000
055311,健策群益98購02  ,0,0,0,0,0,0,0,0,0,-101000,0,0,0,131000,232000,-101000,-101000
055931,冠德群益97購02  ,0,40000,-40000,0,0,0,0,0,0,-61000,0,0,0,53000,114000,-61000,-101000
059772,可成群益9A購05  ,0,0,0,0,0,0,0,0,0,-101000,0,0,0,11000,112000,-101000,-101000
063284,大立光元大9B購07,0,0,0,0,0,0,0,0,0,-101000,0,0,0,0,101000,-101000,-101000
063179,群創兆豐9B購01  ,0,0,0,0,0,0,0,0,0,-101000,0,0,0,711000,812000,-101000,-101000
061594,玉晶光永豐9A購08,0,0,0,0,0,0,0,0,0,-101000,0,0,0,40000,141000,-101000,-101000
061573,義隆元大9A購02  ,0,0,0,0,0,0,0,0,0,-101000,0,0,0,22000,123000,-101000,-101000
1227,佳格            ,538000,640114,-102114,0,0,0,0,0,0,1000,2000,1000,1000,0,0,0,-101114
063760,聯詠統一9C購02  ,0,0,0,0,0,0,0,0,0,-102000,0,0,0,195000,297000,-102000,-102000
056385,創意國泰99購01  ,0,0,0,0,0,0,0,0,0,-102000,0,0,0,8000,110000,-102000,-102000
059780,滬深2X元大9C購06,0,0,0,0,0,0,0,0,0,-102000,0,0,0,0,102000,-102000,-102000
058996,台達電元大99購02,0,0,0,0,0,0,0,0,0,-102000,0,0,0,0,102000,-102000,-102000
057681,T50反1日盛9C購01,0,0,0,0,0,0,0,0,0,-102000,0,0,0,0,102000,-102000,-102000
057563,旭富國泰9A購01  ,0,0,0,0,0,0,0,0,0,-102000,0,0,0,0,102000,-102000,-102000
6278,台表科          ,942000,1180000,-238000,0,0,0,109000,32000,77000,59000,256000,102000,154000,17000,112000,-95000,-102000
055252,新光金統一98購02,0,0,0,0,0,0,0,0,0,-103000,0,0,0,0,103000,-103000,-103000
055803,鎧勝永豐97購01  ,0,0,0,0,0,0,0,0,0,-103000,0,0,0,80000,183000,-103000,-103000
058195,鈺齊永豐99購01  ,0,0,0,0,0,0,0,0,0,-103000,0,0,0,158000,261000,-103000,-103000
056725,鴻海國票99購03  ,0,0,0,0,0,0,0,0,0,-103000,0,0,0,0,103000,-103000,-103000
057570,技嘉永豐98購02  ,0,0,0,0,0,0,0,0,0,-103000,0,0,0,207000,310000,-103000,-103000
059901,滬深2X元大9C購07,0,0,0,0,0,0,0,0,0,-103000,0,0,0,0,103000,-103000,-103000
063143,嘉澤統一9B購02  ,0,0,0,0,0,0,0,0,0,-103000,0,0,0,153000,256000,-103000,-103000
063239,建準元大9B購01  ,0,0,0,0,0,0,0,0,0,-103000,0,0,0,178000,281000,-103000,-103000
062708,立積元大9B購01  ,0,0,0,0,0,0,0,0,0,-103000,0,0,0,177000,280000,-103000,-103000
062694,遠東新元大9B購01,0,0,0,0,0,0,0,0,0,-103000,0,0,0,60000,163000,-103000,-103000
063740,矽格元大9B購03  ,0,0,0,0,0,0,0,0,0,-104000,0,0,0,44000,148000,-104000,-104000
063877,鴻海元富9C購01  ,0,0,0,0,0,0,0,0,0,-104000,0,0,0,20000,124000,-104000,-104000
064021,國巨元大9C購15  ,0,0,0,0,0,0,0,0,0,-104000,0,0,0,94000,198000,-104000,-104000
064017,道瓊反元大9C購03,0,0,0,0,0,0,0,0,0,-104000,0,0,0,0,104000,-104000,-104000
063959,GIS元大9C購02   ,0,0,0,0,0,0,0,0,0,-104000,0,0,0,114000,218000,-104000,-104000
063677,台光電國泰9C購02,0,0,0,0,0,0,0,0,0,-104000,0,0,0,0,104000,-104000,-104000
058035,旭富永豐98購02  ,0,0,0,0,0,0,0,0,0,-104000,0,0,0,235000,339000,-104000,-104000
05917P,宏達電元大96售02,0,0,0,0,0,0,0,0,0,-104000,0,0,0,10000,114000,-104000,-104000
061924,聯發科凱基9C購01,0,0,0,0,0,0,0,0,0,-104000,0,0,0,0,104000,-104000,-104000
061315,滬深2X凱基9C購06,0,0,0,0,0,0,0,0,0,-104000,0,0,0,0,104000,-104000,-104000
9946,三發地產        ,0,104000,-104000,0,0,0,0,0,0,0,0,0,0,0,0,0,-104000
910322,康師傅-DR       ,0,104000,-104000,0,0,0,0,0,0,0,0,0,0,0,0,0,-104000
064138,亞德客統一01購02,0,0,0,0,0,0,0,0,0,-105000,0,0,0,0,105000,-105000,-105000
07076P,鴻海凱基9A售08  ,0,0,0,0,0,0,0,0,0,-105000,0,0,0,85000,190000,-105000,-105000
054043,漢唐元大97購01  ,0,0,0,0,0,0,0,0,0,-105000,0,0,0,17000,122000,-105000,-105000
056783,國巨群益99購01  ,0,0,0,0,0,0,0,0,0,-105000,0,0,0,5000,110000,-105000,-105000
058125,元油2X元大9C購01,0,0,0,0,0,0,0,0,0,-105000,0,0,0,0,105000,-105000,-105000
056882,華邦電康和98購01,0,0,0,0,0,0,0,0,0,-105000,0,0,0,0,105000,-105000,-105000
061593,智原永豐9A購01  ,0,0,0,0,0,0,0,0,0,-105000,0,0,0,0,105000,-105000,-105000
062917,旭富元大9C購03  ,0,0,0,0,0,0,0,0,0,-105000,0,0,0,10000,115000,-105000,-105000
063895,新光金群益01購01,0,0,0,0,0,0,0,0,0,-106000,0,0,0,147000,253000,-106000,-106000
062852,聯發科永豐9B購02,0,0,0,0,0,0,0,0,0,-106000,0,0,0,7000,113000,-106000,-106000
2480,敦陽科          ,165000,192000,-27000,0,0,0,0,0,0,-80000,1000,81000,-80000,0,0,0,-107000
07978P,茂林群益9B售02  ,0,0,0,0,0,0,0,0,0,-107000,0,0,0,14000,121000,-107000,-107000
058240,景碩元大99購04  ,0,0,0,0,0,0,0,0,0,-107000,0,0,0,0,107000,-107000,-107000
063358,華擎國泰01購01  ,0,0,0,0,0,0,0,0,0,-107000,0,0,0,100000,207000,-107000,-107000
061772,健策元大9B購06  ,0,0,0,0,0,0,0,0,0,-107000,0,0,0,0,107000,-107000,-107000
2351,順德            ,65000,173000,-108000,0,0,0,0,0,0,0,1000,1000,0,0,0,0,-108000
064029,宏達電元大9C購01,0,0,0,0,0,0,0,0,0,-108000,0,0,0,132000,240000,-108000,-108000
064060,同欣電麥證01購01,0,0,0,86000,193000,-107000,0,0,0,-108000,0,0,0,86000,194000,-108000,-108000
006206,元大上證50      ,766000,11000,755000,0,0,0,0,0,0,-863000,70000,50000,20000,518000,1401000,-883000,-108000
055545,國巨凱基97購06  ,0,0,0,0,0,0,0,0,0,-108000,0,0,0,20000,128000,-108000,-108000
053488,中石化兆豐97購01,0,0,0,0,0,0,0,0,0,-108000,0,0,0,27000,135000,-108000,-108000
060288,群光元大9C購01  ,0,0,0,0,0,0,0,0,0,-108000,0,0,0,121000,229000,-108000,-108000
063252,緯穎元大9B購07  ,0,0,0,0,0,0,0,0,0,-108000,0,0,0,10000,118000,-108000,-108000
064058,儒鴻麥證01購01  ,0,0,0,50000,159000,-109000,0,0,0,-109000,0,0,0,50000,159000,-109000,-109000
2455,全新            ,489000,543000,-54000,0,0,0,0,0,0,-55000,37000,65000,-28000,10000,37000,-27000,-109000
08196P,上銀元大9B售07  ,0,0,0,0,0,0,0,0,0,-109000,0,0,0,26000,135000,-109000,-109000
08098P,大立光凱基9B售09,0,0,0,0,0,0,0,0,0,-109000,0,0,0,0,109000,-109000,-109000
055244,國巨統一98購01  ,0,0,0,0,0,0,0,0,0,-109000,0,0,0,219000,328000,-109000,-109000
056399,上証2X群益9C購01,0,0,0,0,0,0,0,0,0,-109000,0,0,0,1000,110000,-109000,-109000
062639,臻鼎國票9C購01  ,0,0,0,0,0,0,0,0,0,-109000,0,0,0,8000,117000,-109000,-109000
07619P,鴻海統一9A售03  ,0,0,0,0,0,0,0,0,0,-110000,0,0,0,0,110000,-110000,-110000
08223P,臺股指凱基9B售18,0,0,0,0,0,0,0,0,0,-110000,0,0,0,0,110000,-110000,-110000
08247P,台積電群益9C售06,0,0,0,0,0,0,0,0,0,-110000,0,0,0,0,110000,-110000,-110000
1760,寶齡富錦        ,1549000,1200000,349000,0,0,0,0,459000,-459000,0,0,0,0,0,0,0,-110000
063823,T50反1國票01購02,0,0,0,0,0,0,0,0,0,-110000,0,0,0,80000,190000,-110000,-110000
06370P,貿聯凱基97售03  ,0,0,0,0,0,0,0,0,0,-110000,0,0,0,140000,250000,-110000,-110000
058598,T50反1元大99購04,0,0,0,0,0,0,0,0,0,-110000,0,0,0,0,110000,-110000,-110000
053398,和鑫中信99購01  ,0,0,0,0,0,0,0,0,0,-110000,0,0,0,0,110000,-110000,-110000
056641,華通凱基98購03  ,0,0,0,0,0,0,0,0,0,-110000,0,0,0,2000,112000,-110000,-110000
054130,漢唐元大97購02  ,0,0,0,0,0,0,0,0,0,-110000,0,0,0,0,110000,-110000,-110000
058034,神達永豐98購02  ,0,0,0,0,0,0,0,0,0,-110000,0,0,0,0,110000,-110000,-110000
058810,國巨統一9B購04  ,0,0,0,0,0,0,0,0,0,-110000,0,0,0,20000,130000,-110000,-110000
057865,富邦金凱基98購01,0,0,0,0,0,0,0,0,0,-110000,0,0,0,4000,114000,-110000,-110000
056968,揚明光永豐98購02,0,0,0,0,0,0,0,0,0,-110000,0,0,0,0,110000,-110000,-110000
061452,大成鋼凱基9A購01,0,0,0,0,0,0,0,0,0,-110000,0,0,0,0,110000,-110000,-110000
060942,智邦國票9A購02  ,0,0,0,0,0,0,0,0,0,-110000,0,0,0,1000,111000,-110000,-110000
064128,國產元大9C購01  ,0,0,0,0,0,0,0,0,0,-111000,0,0,0,0,111000,-111000,-111000
06496P,台灣50日盛98售01,0,0,0,0,0,0,0,0,0,-111000,0,0,0,0,111000,-111000,-111000
07671P,超眾元大9A售04  ,0,0,0,0,0,0,0,0,0,-111000,0,0,0,0,111000,-111000,-111000
00753L,中信中國50正2   ,376000,0,376000,0,0,0,0,0,0,-487000,0,0,0,74000,561000,-487000,-111000
07967P,力山元大9B售03  ,0,0,0,0,0,0,0,0,0,-112000,0,0,0,0,112000,-112000,-112000
058196,台塑中信99購01  ,0,0,0,0,0,0,0,0,0,-112000,0,0,0,235000,347000,-112000,-112000
055131,茂林康和97購01  ,0,0,0,0,0,0,0,0,0,-112000,0,0,0,0,112000,-112000,-112000
057138,亞德客兆豐98購01,0,0,0,0,0,0,0,0,0,-112000,0,0,0,0,112000,-112000,-112000
059024,大立光統一9B購04,0,0,0,0,0,0,0,0,0,-112000,0,0,0,118000,230000,-112000,-112000
060387,盛群凱基9A購01  ,0,0,0,0,0,0,0,0,0,-112000,0,0,0,15000,127000,-112000,-112000
061153,奇力新群益9A購02,0,0,0,0,0,0,0,0,0,-112000,0,0,0,53000,165000,-112000,-112000
062345,和大群益9B購01  ,0,0,0,0,0,0,0,0,0,-112000,0,0,0,98000,210000,-112000,-112000
062867,東元中信9B購01  ,0,0,0,0,0,0,0,0,0,-112000,0,0,0,10000,122000,-112000,-112000
064133,力成元大9C購01  ,0,0,0,0,0,0,0,0,0,-113000,0,0,0,4000,117000,-113000,-113000
057447,智邦元富02購01  ,0,0,0,0,0,0,0,0,0,-113000,0,0,0,34000,147000,-113000,-113000
062922,南六元大9B購03  ,0,0,0,0,0,0,0,0,0,-113000,0,0,0,98000,211000,-113000,-113000
06078P,臺股指凱基9A售01,0,0,0,0,0,0,0,0,0,-113000,0,0,0,200000,313000,-113000,-113000
061901,柏文永豐9B購01  ,0,0,0,0,0,0,0,0,0,-113000,0,0,0,52000,165000,-113000,-113000
063553,同欣電國票9B購03,0,0,0,0,0,0,0,0,0,-114000,0,0,0,12000,126000,-114000,-114000
054479,緯創中信98購01  ,0,0,0,0,0,0,0,0,0,-114000,0,0,0,5000,119000,-114000,-114000
060643,牧德永豐9A購03  ,0,0,0,0,0,0,0,0,0,-114000,0,0,0,0,114000,-114000,-114000
057996,臻鼎中信98購01  ,0,0,0,0,0,0,0,0,0,-114000,0,0,0,20000,134000,-114000,-114000
061109,臻鼎元大9A購03  ,0,0,0,0,0,0,0,0,0,-114000,0,0,0,45000,159000,-114000,-114000
064110,國巨國票01購01  ,0,0,0,0,0,0,0,0,0,-115000,0,0,0,0,115000,-115000,-115000
06746P,聯發科群益99售02,0,0,0,0,0,0,0,0,0,-115000,0,0,0,0,115000,-115000,-115000
07130P,台郡元大9B售01  ,0,0,0,0,0,0,0,0,0,-115000,0,0,0,4000,119000,-115000,-115000
07310P,大立光凱基99售12,0,0,0,0,0,0,0,0,0,-115000,0,0,0,0,115000,-115000,-115000
058780,牧德國票9A購01  ,0,0,0,0,0,0,0,0,0,-115000,0,0,0,0,115000,-115000,-115000
062697,國巨元大9C購01  ,0,0,0,0,0,0,0,0,0,-115000,0,0,0,60000,175000,-115000,-115000
063873,南六永豐9C購01  ,0,0,0,0,0,0,0,0,0,-116000,0,0,0,0,116000,-116000,-116000
051614,元金2X凱基97購01,0,0,0,0,0,0,0,0,0,-116000,0,0,0,0,116000,-116000,-116000
062332,大立光統一9B購11,0,0,0,0,0,0,0,0,0,-116000,0,0,0,38000,154000,-116000,-116000
063026,南六元大9B購04  ,0,0,0,0,0,0,0,0,0,-116000,0,0,0,32000,148000,-116000,-116000
6670,復盛應用        ,384000,606000,-222000,0,0,0,100000,0,100000,6000,65000,58000,7000,6000,7000,-1000,-116000
3583,辛耘            ,35000,161000,-126000,0,0,0,0,0,0,10000,10000,0,10000,0,0,0,-116000
063535,聯發科統一9B購13,0,0,0,0,0,0,0,0,0,-117000,0,0,0,34000,151000,-117000,-117000
059782,A50正2元大9C購04,0,0,0,0,0,0,0,0,0,-117000,0,0,0,0,117000,-117000,-117000
060695,同欣電麥證9A購01,0,0,0,90000,207000,-117000,0,0,0,-117000,0,0,0,90000,207000,-117000,-117000
060306,台肥永豐9A購01  ,0,0,0,0,0,0,0,0,0,-117000,0,0,0,257000,374000,-117000,-117000
057166,國巨元大99購06  ,0,0,0,0,0,0,0,0,0,-117000,0,0,0,52000,169000,-117000,-117000
059296,大立光元富99購06,0,0,0,0,0,0,0,0,0,-117000,0,0,0,18000,135000,-117000,-117000
062907,可成元大9C購03  ,0,0,0,0,0,0,0,0,0,-117000,0,0,0,34000,151000,-117000,-117000
061151,友訊群益9A購01  ,0,0,0,0,0,0,0,0,0,-117000,0,0,0,80000,197000,-117000,-117000
061409,力成國票9A購02  ,0,0,0,0,0,0,0,0,0,-117000,0,0,0,0,117000,-117000,-117000
060913,宏達電元大9A購03,0,0,0,0,0,0,0,0,0,-117000,0,0,0,82000,199000,-117000,-117000
07531P,大立光國泰9B售03,0,0,0,0,0,0,0,0,0,-118000,0,0,0,0,118000,-118000,-118000
056768,宏達電元大99購03,0,0,0,0,0,0,0,0,0,-118000,0,0,0,212000,330000,-118000,-118000
058762,貿聯群益99購03  ,0,0,0,0,0,0,0,0,0,-118000,0,0,0,171000,289000,-118000,-118000
062701,漢唐元大9B購01  ,0,0,0,0,0,0,0,0,0,-118000,0,0,0,185000,303000,-118000,-118000
06959P,鴻海凱基9A售02  ,0,0,0,0,0,0,0,0,0,-119000,0,0,0,1000,120000,-119000,-119000
054343,世紀鋼元富96購02,0,0,0,0,0,0,0,0,0,-119000,0,0,0,103000,222000,-119000,-119000
057585,鴻海國票99購05  ,0,0,0,0,0,0,0,0,0,-119000,0,0,0,1000,120000,-119000,-119000
058442,玉晶光台新99購01,0,0,0,0,0,0,0,0,0,-119000,0,0,0,0,119000,-119000,-119000
061972,華新元大9B購01  ,0,0,0,0,0,0,0,0,0,-119000,0,0,0,264000,383000,-119000,-119000
061789,群創群益9B購01  ,0,0,0,0,0,0,0,0,0,-119000,0,0,0,59000,178000,-119000,-119000
06927P,台灣50元大9B售03,0,0,0,0,0,0,0,0,0,-120000,0,0,0,0,120000,-120000,-120000
06744P,嘉聯益永豐98售03,0,0,0,0,0,0,0,0,0,-120000,0,0,0,0,120000,-120000,-120000
064178,台郡國泰01購01  ,0,0,0,0,0,0,0,0,0,-120000,0,0,0,0,120000,-120000,-120000
06424P,大成鋼永豐97售01,0,0,0,0,0,0,0,0,0,-120000,0,0,0,102000,222000,-120000,-120000
063530,同欣電凱基9C購02,0,0,0,0,0,0,0,0,0,-120000,0,0,0,23000,143000,-120000,-120000
06359P,上銀群益97售03  ,0,0,0,0,0,0,0,0,0,-120000,0,0,0,0,120000,-120000,-120000
063798,台積電凱基02購03,0,0,0,0,0,0,0,0,0,-120000,0,0,0,5000,125000,-120000,-120000
08275P,南亞科元富9C售01,0,0,0,0,0,0,0,0,0,-120000,0,0,0,40000,160000,-120000,-120000
053660,群創凱基98購08  ,0,0,0,0,0,0,0,0,0,-120000,0,0,0,10000,130000,-120000,-120000
053913,華新國票97購01  ,0,0,0,0,0,0,0,0,0,-120000,0,0,0,0,120000,-120000,-120000
055730,建準元富97購02  ,0,0,0,0,0,0,0,0,0,-120000,0,0,0,80000,200000,-120000,-120000
057650,力成元大98購04  ,0,0,0,0,0,0,0,0,0,-120000,0,0,0,0,120000,-120000,-120000
057416,T50反1凱基9C購01,0,0,0,0,0,0,0,0,0,-120000,0,0,0,0,120000,-120000,-120000
060742,臺指反國票9B購02,0,0,0,0,0,0,0,0,0,-120000,0,0,0,0,120000,-120000,-120000
062200,臺指反國票03購01,0,0,0,0,0,0,0,0,0,-120000,0,0,0,0,120000,-120000,-120000
063953,世芯元大01購01  ,0,0,0,0,0,0,0,0,0,-121000,0,0,0,7000,128000,-121000,-121000
06551P,貿聯元大98售05  ,0,0,0,0,0,0,0,0,0,-121000,0,0,0,0,121000,-121000,-121000
056309,合勤控元大97購01,0,0,0,0,0,0,0,0,0,-121000,0,0,0,217000,338000,-121000,-121000
05624P,同欣電中信98售01,0,0,0,0,0,0,0,0,0,-121000,0,0,0,0,121000,-121000,-121000
054578,世芯元大99購01  ,0,0,0,0,0,0,0,0,0,-121000,0,0,0,27000,148000,-121000,-121000
056946,國巨統一98購05  ,0,0,0,0,0,0,0,0,0,-121000,0,0,0,68000,189000,-121000,-121000
058413,義隆兆豐99購01  ,0,0,0,0,0,0,0,0,0,-121000,0,0,0,130000,251000,-121000,-121000
062277,廣達群益9B購01  ,0,0,0,0,0,0,0,0,0,-121000,0,0,0,54000,175000,-121000,-121000
063001,巨大國票9B購01  ,0,0,0,0,0,0,0,0,0,-121000,0,0,0,5000,126000,-121000,-121000
061466,創意群益9A購01  ,0,0,0,0,0,0,0,0,0,-121000,0,0,0,63000,184000,-121000,-121000
061603,瑞昱凱基9A購02  ,0,0,0,0,0,0,0,0,0,-121000,0,0,0,51000,172000,-121000,-121000
4106,雃博            ,539000,660000,-121000,0,0,0,0,628,-628,0,1000,1000,0,0,0,0,-121628
063758,聯發科統一9B購14,0,0,0,0,0,0,0,0,0,-122000,0,0,0,43000,165000,-122000,-122000
062468,台積電凱基9B購06,0,0,0,0,0,0,0,0,0,-122000,0,0,0,137000,259000,-122000,-122000
08302P,長榮航國泰02售01,0,0,0,0,0,0,0,0,0,-123000,0,0,0,40000,163000,-123000,-123000
058241,景碩元大99購05  ,0,0,0,0,0,0,0,0,0,-123000,0,0,0,6000,129000,-123000,-123000
060157,致茂永豐9A購02  ,0,0,0,0,0,0,0,0,0,-123000,0,0,0,298000,421000,-123000,-123000
062407,同欣電永豐9B購01,0,0,0,0,0,0,0,0,0,-123000,0,0,0,558000,681000,-123000,-123000
062975,京鼎元富9B購01  ,0,0,0,0,0,0,0,0,0,-123000,0,0,0,544000,667000,-123000,-123000
061634,遠東新元大9A購01,0,0,0,0,0,0,0,0,0,-123000,0,0,0,155000,278000,-123000,-123000
8926,台汽電          ,256000,388000,-132000,0,0,0,0,0,0,9000,5000,1000,4000,5000,0,5000,-123000
08235P,南電國泰9C售03  ,0,0,0,0,0,0,0,0,0,-124000,0,0,0,0,124000,-124000,-124000
07741P,滬深2X凱基9B售04,0,0,0,0,0,0,0,0,0,-124000,0,0,0,1000,125000,-124000,-124000
063853,同欣電元大9C購02,0,0,0,0,0,0,0,0,0,-124000,0,0,0,38000,162000,-124000,-124000
00673R,元大S&P原油反1  ,0,0,0,0,0,0,0,0,0,-124000,0,0,0,227000,351000,-124000,-124000
059113,群光永豐99購01  ,0,0,0,0,0,0,0,0,0,-124000,0,0,0,5000,129000,-124000,-124000
058914,元油2X元富01購02,0,0,0,0,0,0,0,0,0,-125000,0,0,0,0,125000,-125000,-125000
057111,立積群益98購02  ,0,0,0,0,0,0,0,0,0,-125000,0,0,0,6000,131000,-125000,-125000
061741,新光金凱基9B購01,0,0,0,0,0,0,0,0,0,-125000,0,0,0,93000,218000,-125000,-125000
061215,健策元大9A購06  ,0,0,0,0,0,0,0,0,0,-125000,0,0,0,60000,185000,-125000,-125000
063986,聯發科富邦02購01,0,0,0,0,0,0,0,0,0,-126000,0,0,0,11000,137000,-126000,-126000
1532,勤美            ,55000,183000,-128000,0,0,0,0,0,0,2000,2000,0,2000,0,0,0,-126000
054874,帆宣群益99購02  ,0,0,0,0,0,0,0,0,0,-126000,0,0,0,70000,196000,-126000,-126000
057328,京鼎群益99購02  ,0,0,0,0,0,0,0,0,0,-126000,0,0,0,83000,209000,-126000,-126000
061340,義隆元大9A購01  ,0,0,0,0,0,0,0,0,0,-126000,0,0,0,69000,195000,-126000,-126000
063148,建準元富9B購01  ,0,0,0,0,0,0,0,0,0,-126000,0,0,0,200000,326000,-126000,-126000
062423,聯發科統一9C購07,0,0,0,0,0,0,0,0,0,-126000,0,0,0,210000,336000,-126000,-126000
9921,巨大            ,1865000,2058075,-193075,0,0,0,22000,3000,19000,48000,34000,9000,25000,43000,20000,23000,-126075
056327,樺漢兆豐98購01  ,0,0,0,0,0,0,0,0,0,-127000,0,0,0,0,127000,-127000,-127000
055972,GIS元大97購04   ,0,0,0,0,0,0,0,0,0,-127000,0,0,0,115000,242000,-127000,-127000
060162,碩天永豐9A購01  ,0,0,0,0,0,0,0,0,0,-127000,0,0,0,0,127000,-127000,-127000
060638,玉晶光永豐9A購04,0,0,0,0,0,0,0,0,0,-127000,0,0,0,10000,137000,-127000,-127000
06232P,智易永豐97售01  ,0,0,0,0,0,0,0,0,0,-127000,0,0,0,0,127000,-127000,-127000
063914,和碩凱基9C購01  ,0,0,0,0,0,0,0,0,0,-128000,0,0,0,0,128000,-128000,-128000
063836,台塑元大9C購01  ,0,0,0,0,0,0,0,0,0,-128000,0,0,0,11000,139000,-128000,-128000
063625,儒鴻元大9B購03  ,0,0,0,0,0,0,0,0,0,-128000,0,0,0,453000,581000,-128000,-128000
063488,金像電國泰01購01,0,0,0,0,0,0,0,0,0,-128000,0,0,0,24000,152000,-128000,-128000
064205,台灣50凱基01購14,0,0,0,0,0,0,0,0,0,-128000,0,0,0,0,128000,-128000,-128000
058589,群創中信01購01  ,0,0,0,0,0,0,0,0,0,-128000,0,0,0,323000,451000,-128000,-128000
051979,群創凱基97購01  ,0,0,0,0,0,0,0,0,0,-128000,0,0,0,58000,186000,-128000,-128000
058531,華通元富99購01  ,0,0,0,0,0,0,0,0,0,-128000,0,0,0,16000,144000,-128000,-128000
062380,巨大元大9B購01  ,0,0,0,0,0,0,0,0,0,-128000,0,0,0,42000,170000,-128000,-128000
060886,國巨統一01購03  ,0,0,0,0,0,0,0,0,0,-128000,0,0,0,13000,141000,-128000,-128000
061803,巨大永豐9B購01  ,0,0,0,0,0,0,0,0,0,-128000,0,0,0,35000,163000,-128000,-128000
064032,群創元大9C購06  ,0,0,0,0,0,0,0,0,0,-129000,0,0,0,41000,170000,-129000,-129000
1710,東聯            ,181000,321000,-140000,0,0,0,0,6000,-6000,17000,24000,7000,17000,0,0,0,-129000
2355,敬鵬            ,172000,328000,-156000,0,0,0,0,0,0,27000,26000,3000,23000,9000,5000,4000,-129000
07883P,可成凱基9B售03  ,0,0,0,0,0,0,0,0,0,-129000,0,0,0,52000,181000,-129000,-129000
054866,宏盛群益98購01  ,0,0,0,0,0,0,0,0,0,-129000,0,0,0,0,129000,-129000,-129000
057445,華通元富02購01  ,0,0,0,0,0,0,0,0,0,-129000,0,0,0,6000,135000,-129000,-129000
060712,建準永豐9A購01  ,0,0,0,0,0,0,0,0,0,-129000,0,0,0,21000,150000,-129000,-129000
061258,華通凱基9A購06  ,0,0,0,0,0,0,0,0,0,-129000,0,0,0,3000,132000,-129000,-129000
062994,祥碩群益9B購05  ,0,0,0,0,0,0,0,0,0,-129000,0,0,0,1000,130000,-129000,-129000
07635P,世芯永豐9A售05  ,0,0,0,0,0,0,0,0,0,-130000,0,0,0,0,130000,-130000,-130000
08214P,南六統一9B售03  ,0,0,0,0,0,0,0,0,0,-130000,0,0,0,379000,509000,-130000,-130000
063999,日月光兆豐9C購01,0,0,0,0,0,0,0,0,0,-130000,0,0,0,137000,267000,-130000,-130000
06550P,健策元大99售01  ,0,0,0,0,0,0,0,0,0,-130000,0,0,0,0,130000,-130000,-130000
064244,GIS統一02購01   ,0,0,0,0,0,0,0,0,0,-130000,0,0,0,0,130000,-130000,-130000
06836P,玉晶光國票99售06,0,0,0,0,0,0,0,0,0,-130000,0,0,0,235000,365000,-130000,-130000
07011P,宏達電凱基99售02,0,0,0,0,0,0,0,0,0,-130000,0,0,0,0,130000,-130000,-130000
056805,元石油統一9B購01,0,0,0,0,0,0,0,0,0,-130000,0,0,0,0,130000,-130000,-130000
060252,緯穎元大9A購02  ,0,0,0,0,0,0,0,0,0,-130000,0,0,0,35000,165000,-130000,-130000
6451,訊芯-KY         ,187000,330000,-143000,0,0,0,0,0,0,13000,3000,0,3000,21000,11000,10000,-130000
08135P,玉晶光國泰01售02,0,0,0,0,0,0,0,0,0,-131000,0,0,0,78000,209000,-131000,-131000
060482,東元富邦9A購01  ,0,0,0,0,0,0,0,0,0,-131000,0,0,0,0,131000,-131000,-131000
059500,鴻海元富99購11  ,0,0,0,0,0,0,0,0,0,-131000,0,0,0,0,131000,-131000,-131000
058898,台積電元大99購20,0,0,0,0,0,0,0,0,0,-131000,0,0,0,0,131000,-131000,-131000
063307,同欣電凱基9B購02,0,0,0,0,0,0,0,0,0,-131000,0,0,0,71000,202000,-131000,-131000
061173,T50反1凱基04購01,0,0,0,0,0,0,0,0,0,-131000,0,0,0,0,131000,-131000,-131000
08310P,南電凱基9C售01  ,0,0,0,0,0,0,0,0,0,-132000,0,0,0,0,132000,-132000,-132000
056464,臺股指凱基99購06,0,0,0,0,0,0,0,0,0,-132000,0,0,0,298000,430000,-132000,-132000
062448,健策元大9C購04  ,0,0,0,0,0,0,0,0,0,-132000,0,0,0,46000,178000,-132000,-132000
062687,華擎統一01購02  ,0,0,0,0,0,0,0,0,0,-132000,0,0,0,233000,365000,-132000,-132000
059830,台郡凱基99購05  ,0,0,0,0,0,0,0,0,0,-133000,0,0,0,7000,140000,-133000,-133000
057971,華新科富邦9B購02,0,0,0,0,0,0,0,0,0,-133000,0,0,0,20000,153000,-133000,-133000
062471,國泰金凱基9B購02,0,0,0,0,0,0,0,0,0,-133000,0,0,0,10000,143000,-133000,-133000
063644,祥碩元大9B購10  ,0,0,0,0,0,0,0,0,0,-134000,0,0,0,7000,141000,-134000,-134000
063656,台光電元富03購01,0,0,0,0,0,0,0,0,0,-134000,0,0,0,230000,364000,-134000,-134000
063751,祥碩國票9C購02  ,0,0,0,0,0,0,0,0,0,-135000,0,0,0,22000,157000,-135000,-135000
1310,台苯            ,445000,617000,-172000,0,0,0,0,0,0,37000,6000,1000,5000,36000,4000,32000,-135000
062450,臻鼎元大9B購02  ,0,0,0,0,0,0,0,0,0,-135000,0,0,0,68000,203000,-135000,-135000
062815,聯發科兆豐9B購03,0,0,0,0,0,0,0,0,0,-135000,0,0,0,39000,174000,-135000,-135000
060667,力成凱基9A購01  ,0,0,0,0,0,0,0,0,0,-136000,0,0,0,19000,155000,-136000,-136000
057807,友訊元大98購02  ,0,0,0,0,0,0,0,0,0,-136000,0,0,0,146000,282000,-136000,-136000
08207P,金像電群益9B售05,0,0,0,0,0,0,0,0,0,-137000,0,0,0,81000,218000,-137000,-137000
07231P,台灣50元大01售06,0,0,0,0,0,0,0,0,0,-137000,0,0,0,0,137000,-137000,-137000
063894,漢唐群益9C購01  ,0,0,0,0,0,0,0,0,0,-137000,0,0,0,0,137000,-137000,-137000
059198,華新科永豐99購06,0,0,0,0,0,0,0,0,0,-137000,0,0,0,34000,171000,-137000,-137000
060571,京元電永豐9A購01,0,0,0,0,0,0,0,0,0,-137000,0,0,0,169000,306000,-137000,-137000
058798,大立光元大99購11,0,0,0,0,0,0,0,0,0,-137000,0,0,0,4000,141000,-137000,-137000
061912,台積電中信05購05,0,0,0,0,0,0,0,0,0,-137000,0,0,0,21000,158000,-137000,-137000
08057P,京鼎群益9B售01  ,0,0,0,0,0,0,0,0,0,-138000,0,0,0,42000,180000,-138000,-138000
054758,南亞國票9A購01  ,0,0,0,0,0,0,0,0,0,-138000,0,0,0,0,138000,-138000,-138000
059047,元油2X凱基9A購10,0,0,0,0,0,0,0,0,0,-138000,0,0,0,70000,208000,-138000,-138000
4551,智伸科          ,73000,256000,-183000,0,0,0,58000,0,58000,-13000,2000,0,2000,0,15000,-15000,-138000
3033,威健            ,145000,280000,-135000,0,0,0,0,0,0,-3000,2000,5000,-3000,0,0,0,-138000
063661,聚陽統一9C購02  ,0,0,0,0,0,0,0,0,0,-139000,0,0,0,596000,735000,-139000,-139000
058781,康友國票9A購01  ,0,0,0,0,0,0,0,0,0,-139000,0,0,0,115000,254000,-139000,-139000
059849,興勤永豐99購01  ,0,0,0,0,0,0,0,0,0,-139000,0,0,0,2000,141000,-139000,-139000
057321,台泥群益98購01  ,0,0,0,0,0,0,0,0,0,-139000,0,0,0,86000,225000,-139000,-139000
061717,力成凱基9B購01  ,0,0,0,0,0,0,0,0,0,-139000,0,0,0,35000,174000,-139000,-139000
06246P,茂林元富97售03  ,0,0,0,0,0,0,0,0,0,-139000,0,0,0,250000,389000,-139000,-139000
07234P,台灣50元大9B售04,0,0,0,0,0,0,0,0,0,-140000,0,0,0,0,140000,-140000,-140000
07612P,國巨國泰9B售06  ,0,0,0,0,0,0,0,0,0,-140000,0,0,0,20000,160000,-140000,-140000
07694P,超眾元大9A售05  ,0,0,0,0,0,0,0,0,0,-140000,0,0,0,60000,200000,-140000,-140000
055741,健策元富97購01  ,0,0,0,0,0,0,0,0,0,-140000,0,0,0,0,140000,-140000,-140000
054167,揚明光凱基98購01,0,0,0,0,0,0,0,0,0,-140000,0,0,0,0,140000,-140000,-140000
05670P,台積電國票98售01,0,0,0,0,0,0,0,0,0,-140000,0,0,0,0,140000,-140000,-140000
055505,新唐元大97購02  ,0,0,0,0,0,0,0,0,0,-140000,0,0,0,90000,230000,-140000,-140000
059743,開發金元富99購01,0,0,0,0,0,0,0,0,0,-140000,0,0,0,70000,210000,-140000,-140000
063303,聯發科凱基9B購14,0,0,0,0,0,0,0,0,0,-140000,0,0,0,0,140000,-140000,-140000
063137,瑞昱統一01購02  ,0,0,0,0,0,0,0,0,0,-140000,0,0,0,3000,143000,-140000,-140000
063238,漢唐元大9B購02  ,0,0,0,0,0,0,0,0,0,-140000,0,0,0,130000,270000,-140000,-140000
061214,華擎元大9A購04  ,0,0,0,0,0,0,0,0,0,-140000,0,0,0,30000,170000,-140000,-140000
07366P,國巨康和99售02  ,0,0,0,0,0,0,0,0,0,-141000,0,0,0,589000,730000,-141000,-141000
055093,京鼎群益98購01  ,0,0,0,0,0,0,0,0,0,-141000,0,0,0,58000,199000,-141000,-141000
056411,緯穎國票99購01  ,0,0,0,0,0,0,0,0,0,-141000,0,0,0,83000,224000,-141000,-141000
056891,國巨元大99購03  ,0,0,0,0,0,0,0,0,0,-141000,0,0,0,42000,183000,-141000,-141000
060785,國巨富邦9B購04  ,0,0,0,0,0,0,0,0,0,-141000,0,0,0,12000,153000,-141000,-141000
062291,力成富邦9B購01  ,0,0,0,0,0,0,0,0,0,-141000,0,0,0,0,141000,-141000,-141000
08110P,臺股指中信01售05,0,0,0,0,0,0,0,0,0,-142000,0,0,0,20000,162000,-142000,-142000
056198,台光電永豐97購02,0,0,0,0,0,0,0,0,0,-142000,0,0,0,0,142000,-142000,-142000
059183,T50反1台新03購02,0,0,0,0,0,0,0,0,0,-142000,0,0,0,0,142000,-142000,-142000
060602,京元電凱基9A購01,0,0,0,0,0,0,0,0,0,-142000,0,0,0,201000,343000,-142000,-142000
055137,GIS富邦98購01   ,0,0,0,0,0,0,0,0,0,-143000,0,0,0,82000,225000,-143000,-143000
058494,可成群益9B購01  ,0,0,0,0,0,0,0,0,0,-143000,0,0,0,15000,158000,-143000,-143000
051471,國巨凱基97購01  ,0,0,0,0,0,0,0,0,0,-143000,0,0,0,0,143000,-143000,-143000
061025,創意富邦9B購01  ,0,0,0,0,0,0,0,0,0,-143000,0,0,0,12000,155000,-143000,-143000
061327,台郡凱基9A購02  ,0,0,0,0,0,0,0,0,0,-143000,0,0,0,2000,145000,-143000,-143000
3057,喬鼎            ,3000,146000,-143000,0,0,0,0,0,0,0,0,0,0,0,0,0,-143000
07997P,上銀凱基9B售04  ,0,0,0,0,0,0,0,0,0,-144000,0,0,0,142000,286000,-144000,-144000
06879P,長榮航凱基98售02,0,0,0,0,0,0,0,0,0,-144000,0,0,0,0,144000,-144000,-144000
062514,玉晶光國票9C購02,45000,30000,15000,0,0,0,0,0,0,-159000,0,0,0,41000,200000,-159000,-144000
06686P,麗豐永豐98售02  ,0,0,0,0,0,0,0,0,0,-145000,0,0,0,0,145000,-145000,-145000
063253,巨大元大9B購03  ,0,0,0,0,0,0,0,0,0,-145000,0,0,0,214000,359000,-145000,-145000
061168,力成兆豐9A購01  ,0,0,0,0,0,0,0,0,0,-145000,0,0,0,165000,310000,-145000,-145000
061946,鴻海群益9B購03  ,0,0,0,0,0,0,0,0,0,-145000,0,0,0,8000,153000,-145000,-145000
08184P,可成永豐9B售03  ,0,0,0,0,0,0,0,0,0,-146000,0,0,0,36000,182000,-146000,-146000
056358,友訊元大99購01  ,0,0,0,0,0,0,0,0,0,-146000,0,0,0,146000,292000,-146000,-146000
059307,T50反1元大99購06,0,0,0,0,0,0,0,0,0,-146000,0,0,0,70000,216000,-146000,-146000
060733,和大統一9C購01  ,0,0,0,0,0,0,0,0,0,-146000,0,0,0,0,146000,-146000,-146000
07164P,臺股指群益99售15,0,0,0,0,0,0,0,0,0,-147000,0,0,0,0,147000,-147000,-147000
060855,華新科富邦01購01,0,0,0,0,0,0,0,0,0,-147000,0,0,0,0,147000,-147000,-147000
060849,力成國票9A購01  ,0,0,0,0,0,0,0,0,0,-147000,0,0,0,0,147000,-147000,-147000
06728P,全新元大98售03  ,0,0,0,0,0,0,0,0,0,-148000,0,0,0,1000,149000,-148000,-148000
063518,儒鴻凱基9B購02  ,0,0,0,0,0,0,0,0,0,-148000,0,0,0,60000,208000,-148000,-148000
064047,義隆統一02購01  ,0,0,0,0,0,0,0,0,0,-148000,0,0,0,542000,690000,-148000,-148000
053904,漢唐凱基97購01  ,0,0,0,0,0,0,0,0,0,-148000,0,0,0,4000,152000,-148000,-148000
053110,大立光兆豐97購01,0,0,0,0,0,0,0,0,0,-148000,0,0,0,52000,200000,-148000,-148000
062336,茂林統一01購02  ,0,0,0,0,0,0,0,0,0,-148000,0,0,0,52000,200000,-148000,-148000
07305P,T50正2群益99售02,0,0,0,0,0,0,0,0,0,-149000,0,0,0,40000,189000,-149000,-149000
08299P,玉晶光國票02售01,0,0,0,0,0,0,0,0,0,-149000,0,0,0,8000,157000,-149000,-149000
060240,富邦金元大9A購01,0,0,0,0,0,0,0,0,0,-149000,0,0,0,107000,256000,-149000,-149000
055060,聯陽永豐97購01  ,0,0,0,0,0,0,0,0,0,-149000,0,0,0,6000,155000,-149000,-149000
057539,南茂元大98購02  ,0,0,0,0,0,0,0,0,0,-149000,0,0,0,470000,619000,-149000,-149000
062672,兆豐金中信03購01,0,0,0,0,0,0,0,0,0,-149000,0,0,0,0,149000,-149000,-149000
07452P,國巨元大9A售05  ,0,0,0,0,0,0,0,0,0,-150000,0,0,0,10000,160000,-150000,-150000
07906P,中租群益9B售02  ,0,0,0,0,0,0,0,0,0,-150000,0,0,0,0,150000,-150000,-150000
063957,臻鼎元大9C購01  ,0,0,0,0,0,0,0,0,0,-150000,0,0,0,70000,220000,-150000,-150000
063961,世紀鋼元大9C購05,0,0,0,0,0,0,0,0,0,-150000,0,0,0,58000,208000,-150000,-150000
064166,和潤統一02購01  ,0,0,0,0,0,0,0,0,0,-150000,0,0,0,260000,410000,-150000,-150000
055976,台積電統一99購03,0,0,0,0,0,0,0,0,0,-150000,0,0,0,0,150000,-150000,-150000
054558,劍麟群益99購01  ,0,0,0,0,0,0,0,0,0,-150000,0,0,0,0,150000,-150000,-150000
055518,華新科中信99購01,0,0,0,0,0,0,0,0,0,-150000,0,0,0,0,150000,-150000,-150000
056907,群創元大9C購04  ,0,0,0,0,0,0,0,0,0,-150000,0,0,0,0,150000,-150000,-150000
059112,上銀永豐99購01  ,0,0,0,0,0,0,0,0,0,-150000,0,0,0,60000,210000,-150000,-150000
058934,台灣50中信03購03,0,0,0,0,0,0,0,0,0,-150000,0,0,0,0,150000,-150000,-150000
060047,道瓊反凱基99購01,0,0,0,0,0,0,0,0,0,-150000,0,0,0,349000,499000,-150000,-150000
063363,鴻海富邦9B購02  ,0,0,0,0,0,0,0,0,0,-150000,0,0,0,98000,248000,-150000,-150000
061265,富邦金凱基9B購01,0,0,0,0,0,0,0,0,0,-150000,0,0,0,8000,158000,-150000,-150000
061955,FANG+統一9B購01 ,0,0,0,0,0,0,0,0,0,-150000,0,0,0,0,150000,-150000,-150000
061503,臻鼎國票9B購01  ,0,0,0,0,0,0,0,0,0,-150000,0,0,0,6000,156000,-150000,-150000
057296,智原永豐98購01  ,0,0,0,0,0,0,0,0,0,-151000,0,0,0,0,151000,-151000,-151000
057656,大成鋼兆豐98購01,0,0,0,0,0,0,0,0,0,-151000,0,0,0,121000,272000,-151000,-151000
062771,臺股指凱基9B購15,0,0,0,0,0,0,0,0,0,-151000,0,0,0,0,151000,-151000,-151000
07085P,超眾元富9C售01  ,0,0,0,0,0,0,0,0,0,-152000,0,0,0,19000,171000,-152000,-152000
058257,聯陽國泰9B購01  ,0,0,0,0,0,0,0,0,0,-152000,0,0,0,0,152000,-152000,-152000
058424,滬深2X元富99購04,0,0,0,0,0,0,0,0,0,-152000,0,0,0,112000,264000,-152000,-152000
060410,台苯永豐9A購01  ,0,0,0,0,0,0,0,0,0,-152000,0,0,0,0,152000,-152000,-152000
062453,聚陽群益9C購01  ,0,0,0,0,0,0,0,0,0,-152000,0,0,0,42000,194000,-152000,-152000
063038,富邦金凱基9B購02,0,0,0,0,0,0,0,0,0,-153000,0,0,0,27000,180000,-153000,-153000
2393,億光            ,572000,697000,-125000,0,0,0,0,0,0,-29000,2000,12000,-10000,76000,95000,-19000,-154000
057987,大立光元富98購02,0,0,0,0,0,0,0,0,0,-154000,0,0,0,446000,600000,-154000,-154000
062220,台光電統一01購01,0,0,0,0,0,0,0,0,0,-154000,0,0,0,80000,234000,-154000,-154000
061130,牧德永豐9A購04  ,0,0,0,0,0,0,0,0,0,-154000,0,0,0,181000,335000,-154000,-154000
07921P,鴻海群益9B售04  ,0,0,0,0,0,0,0,0,0,-155000,0,0,0,0,155000,-155000,-155000
052764,景碩群益98購01  ,0,0,0,0,0,0,0,0,0,-155000,0,0,0,50000,205000,-155000,-155000
063635,漢唐元大9B購04  ,0,0,0,0,0,0,0,0,0,-156000,0,0,0,88000,244000,-156000,-156000
053118,大立光中信9C購01,0,0,0,0,0,0,0,0,0,-156000,0,0,0,274000,430000,-156000,-156000
056626,同欣電永豐98購01,0,0,0,0,0,0,0,0,0,-156000,0,0,0,2000,158000,-156000,-156000
060593,華通麥證9A購01  ,0,0,0,4000,160000,-156000,0,0,0,-156000,0,0,0,4000,160000,-156000,-156000
059036,可成群益9B購03  ,0,0,0,0,0,0,0,0,0,-156000,0,0,0,65000,221000,-156000,-156000
060958,儒鴻凱基9A購02  ,0,0,0,0,0,0,0,0,0,-156000,0,0,0,245000,401000,-156000,-156000
3356,奇偶            ,36000,193000,-157000,0,0,0,0,0,0,1000,1000,0,1000,0,0,0,-156000
063846,智邦元大9C購01  ,0,0,0,0,0,0,0,0,0,-157000,0,0,0,12000,169000,-157000,-157000
06734P,智邦凱基98售05  ,0,0,0,0,0,0,0,0,0,-157000,0,0,0,10000,167000,-157000,-157000
055619,同欣電國票98購02,0,0,0,0,0,0,0,0,0,-157000,0,0,0,496000,653000,-157000,-157000
055688,力成凱基98購02  ,0,0,0,0,0,0,0,0,0,-157000,0,0,0,40000,197000,-157000,-157000
053293,聯發科中信9B購01,0,0,0,0,0,0,0,0,0,-157000,0,0,0,0,157000,-157000,-157000
058342,鴻海群益9A購01  ,0,0,0,0,0,0,0,0,0,-157000,0,0,0,7000,164000,-157000,-157000
058838,國巨中信99購03  ,0,0,0,0,0,0,0,0,0,-157000,0,0,0,86000,243000,-157000,-157000
057206,立積元富98購01  ,0,0,0,0,0,0,0,0,0,-157000,0,0,0,90000,247000,-157000,-157000
2642,宅配通          ,109000,266000,-157000,0,0,0,0,0,0,0,0,0,0,0,0,0,-157000
050758,聯發科元富9B購01,0,0,0,0,0,0,0,0,0,-158000,0,0,0,51000,209000,-158000,-158000
063249,祥碩元大9B購06  ,0,0,0,0,0,0,0,0,0,-158000,0,0,0,237000,395000,-158000,-158000
047564,滬深2X國票99購01,0,0,0,0,0,0,0,0,0,-159000,0,0,0,160000,319000,-159000,-159000
055559,大立光凱基97購09,0,0,0,0,0,0,0,0,0,-159000,0,0,0,0,159000,-159000,-159000
063318,京鼎群益9C購02  ,0,0,0,0,0,0,0,0,0,-159000,0,0,0,101000,260000,-159000,-159000
062481,同欣電國票9B購01,0,0,0,0,0,0,0,0,0,-159000,0,0,0,11000,170000,-159000,-159000
064122,國巨元大9C購17  ,0,0,0,0,0,0,0,0,0,-160000,0,0,0,1000,161000,-160000,-160000
063924,致新元富9C購01  ,0,0,0,0,0,0,0,0,0,-160000,0,0,0,125000,285000,-160000,-160000
064042,國巨統一9C購12  ,0,0,0,0,0,0,0,0,0,-160000,0,0,0,23000,183000,-160000,-160000
07948P,大成鋼凱基9B售01,0,0,0,0,0,0,0,0,0,-160000,0,0,0,0,160000,-160000,-160000
08066P,南亞科凱基9B售04,0,0,0,0,0,0,0,0,0,-160000,0,0,0,0,160000,-160000,-160000
058498,世紀鋼群益99購01,0,0,0,0,0,0,0,0,0,-160000,0,0,0,134000,294000,-160000,-160000
059976,道瓊銀元大99購01,0,0,0,0,0,0,0,0,0,-160000,0,0,0,20000,180000,-160000,-160000
058371,智原凱基9A購01  ,0,0,0,0,0,0,0,0,0,-160000,0,0,0,0,160000,-160000,-160000
057043,台積電元大99購02,0,0,0,0,0,0,0,0,0,-160000,0,0,0,138000,298000,-160000,-160000
07894P,燿華元大9B售01  ,0,0,0,0,0,0,0,0,0,-161000,0,0,0,0,161000,-161000,-161000
064018,儒鴻元大9C購02  ,0,0,0,0,0,0,0,0,0,-161000,0,0,0,150000,311000,-161000,-161000
063351,億豐統一9B購01  ,0,0,0,0,0,0,0,0,0,-161000,0,0,0,224000,385000,-161000,-161000
063557,聚陽元大9B購01  ,0,0,0,0,0,0,0,0,0,-162000,0,0,0,88000,250000,-162000,-162000
06624P,訊芯元大98售06  ,0,0,0,0,0,0,0,0,0,-162000,0,0,0,8000,170000,-162000,-162000
07124P,台積電元大99售21,0,0,0,0,0,0,0,0,0,-162000,0,0,0,3000,165000,-162000,-162000
08117P,聯發科元富9B售04,0,0,0,0,0,0,0,0,0,-162000,0,0,0,165000,327000,-162000,-162000
057063,立積國泰9A購01  ,0,0,0,0,0,0,0,0,0,-162000,0,0,0,10000,172000,-162000,-162000
059114,華新科永豐99購05,0,0,0,0,0,0,0,0,0,-162000,0,0,0,144000,306000,-162000,-162000
062871,大成鋼兆豐9B購01,0,0,0,0,0,0,0,0,0,-162000,0,0,0,38000,200000,-162000,-162000
062565,漢唐中信9C購01  ,0,0,0,0,0,0,0,0,0,-162000,0,0,0,1000,163000,-162000,-162000
3030,德律            ,312000,472000,-160000,0,0,0,0,0,0,-2000,0,2000,-2000,0,0,0,-162000
064146,瑞昱統一01購03  ,0,0,0,0,0,0,0,0,0,-163000,0,0,0,50000,213000,-163000,-163000
061181,牧德凱基9A購01  ,0,0,0,0,0,0,0,0,0,-163000,0,0,0,100000,263000,-163000,-163000
062102,T50反1國票9B購07,0,0,0,0,0,0,0,0,0,-163000,0,0,0,0,163000,-163000,-163000
064145,宏碁統一02購01  ,0,0,0,0,0,0,0,0,0,-164000,0,0,0,0,164000,-164000,-164000
07773P,台灣50群益9A售15,0,0,0,0,0,0,0,0,0,-164000,0,0,0,22000,186000,-164000,-164000
060355,元金2X元富9C購01,0,0,0,0,0,0,0,0,0,-164000,0,0,0,2000,166000,-164000,-164000
060713,聯詠永豐9A購01  ,0,0,0,0,0,0,0,0,0,-164000,0,0,0,32000,196000,-164000,-164000
061124,微星永豐9A購02  ,0,0,0,0,0,0,0,0,0,-164000,0,0,0,50000,214000,-164000,-164000
062802,宏達電統一9B購01,0,0,0,0,0,0,0,0,0,-164000,0,0,0,42000,206000,-164000,-164000
3004,豐達科          ,96000,261000,-165000,0,0,0,0,0,0,1000,2000,1000,1000,0,0,0,-164000
07334P,臺股指國票99售19,0,0,0,0,0,0,0,0,0,-165000,0,0,0,90000,255000,-165000,-165000
063591,麗豐永豐9B購02  ,0,0,0,0,0,0,0,0,0,-165000,0,0,0,27000,192000,-165000,-165000
064048,大立光統一9C購07,0,0,0,0,0,0,0,0,0,-165000,0,0,0,37000,202000,-165000,-165000
056250,瑞昱兆豐97購02  ,0,0,0,0,0,0,0,0,0,-165000,0,0,0,15000,180000,-165000,-165000
058053,上銀統一9B購01  ,0,0,0,0,0,0,0,0,0,-165000,0,0,0,36000,201000,-165000,-165000
058397,大成鋼元大99購02,0,0,0,0,0,0,0,0,0,-165000,0,0,0,204000,369000,-165000,-165000
07878P,智邦群益9C售01  ,0,0,0,0,0,0,0,0,0,-166000,0,0,0,16000,182000,-166000,-166000
058136,景碩元大99購02  ,0,0,0,0,0,0,0,0,0,-166000,0,0,0,20000,186000,-166000,-166000
5522,遠雄            ,215000,363000,-148000,0,0,0,0,3062,-3062,-15000,5000,20000,-15000,0,0,0,-166062
055705,微星永豐97購01  ,0,0,0,0,0,0,0,0,0,-167000,0,0,0,157000,324000,-167000,-167000
058773,和碩兆豐99購01  ,0,0,0,0,0,0,0,0,0,-167000,0,0,0,10000,177000,-167000,-167000
062393,智邦富邦9B購01  ,0,0,0,0,0,0,0,0,0,-167000,0,0,0,53000,220000,-167000,-167000
063241,聯發科元大9B購18,0,0,0,0,0,0,0,0,0,-167000,0,0,0,10000,177000,-167000,-167000
060158,廣達永豐9A購01  ,0,0,0,0,0,0,0,0,0,-168000,0,0,0,280000,448000,-168000,-168000
059042,世紀鋼群益99購02,0,0,0,0,0,0,0,0,0,-168000,0,0,0,110000,278000,-168000,-168000
056854,友達中信9A購01  ,0,168000,-168000,0,0,0,0,0,0,0,0,0,0,0,0,0,-168000
060722,矽格永豐9A購01  ,0,0,0,0,0,0,0,0,0,-168000,0,0,0,42000,210000,-168000,-168000
063813,瑞昱群益9C購02  ,0,0,0,0,0,0,0,0,0,-169000,0,0,0,10000,179000,-169000,-169000
054472,道瓊反中信9A購01,0,0,0,0,0,0,0,0,0,-169000,0,0,0,91000,260000,-169000,-169000
055039,神達富邦99購01  ,0,0,0,0,0,0,0,0,0,-169000,0,0,0,236000,405000,-169000,-169000
060303,宏達電富邦9B購01,0,0,0,0,0,0,0,0,0,-169000,0,0,0,131000,300000,-169000,-169000
060700,華新科國泰9C購01,0,0,0,0,0,0,0,0,0,-169000,0,0,0,14000,183000,-169000,-169000
06051P,嘉聯益國票97售04,0,0,0,0,0,0,0,0,0,-169000,0,0,0,0,169000,-169000,-169000
06490P,鴻海富邦99售02  ,0,0,0,0,0,0,0,0,0,-170000,0,0,0,30000,200000,-170000,-170000
052941,康控兆豐97購01  ,0,0,0,0,0,0,0,0,0,-170000,0,0,0,0,170000,-170000,-170000
00652,富邦印度        ,29000,190000,-161000,0,0,0,0,0,0,-9000,0,0,0,439000,448000,-9000,-170000
058763,和碩群益99購01  ,0,0,0,0,0,0,0,0,0,-170000,0,0,0,63000,233000,-170000,-170000
057916,國巨凱基98購13  ,0,0,0,0,0,0,0,0,0,-170000,0,0,0,50000,220000,-170000,-170000
06296P,燿華元大98售01  ,0,0,0,0,0,0,0,0,0,-170000,0,0,0,0,170000,-170000,-170000
063804,華邦電兆豐01購01,0,0,0,0,0,0,0,0,0,-171000,0,0,0,355000,526000,-171000,-171000
054898,台肥康和97購01  ,0,0,0,0,0,0,0,0,0,-171000,0,0,0,0,171000,-171000,-171000
059943,信邦永豐99購01  ,0,0,0,0,0,0,0,0,0,-171000,0,0,0,0,171000,-171000,-171000
057325,可成群益9A購01  ,0,0,0,0,0,0,0,0,0,-171000,0,0,0,2000,173000,-171000,-171000
063649,南六元大9C購02  ,0,0,0,0,0,0,0,0,0,-172000,0,0,0,4000,176000,-172000,-172000
053537,玉晶光永豐98購02,0,0,0,0,0,0,0,0,0,-172000,0,0,0,124000,296000,-172000,-172000
060484,聯發科富邦9C購02,0,0,0,0,0,0,0,0,0,-172000,0,0,0,0,172000,-172000,-172000
056855,祥碩中信98購02  ,0,0,0,0,0,0,0,0,0,-172000,0,0,0,144000,316000,-172000,-172000
062098,億光永豐9B購01  ,0,0,0,0,0,0,0,0,0,-172000,0,0,0,28000,200000,-172000,-172000
064140,台達電統一01購01,0,0,0,0,0,0,0,0,0,-173000,0,0,0,0,173000,-173000,-173000
07728P,臺股指凱基9A售20,0,0,0,0,0,0,0,0,0,-173000,0,0,0,0,173000,-173000,-173000
07834P,聯詠群益9A售03  ,0,0,0,0,0,0,0,0,0,-173000,0,0,0,106000,279000,-173000,-173000
08086P,燿華凱基9B售03  ,0,0,0,0,0,0,0,0,0,-173000,0,0,0,0,173000,-173000,-173000
1312,國喬            ,937000,1419000,-482000,0,0,0,486000,0,486000,-177000,5000,170000,-165000,0,12000,-12000,-173000
062947,國巨富邦01購01  ,0,0,0,0,0,0,0,0,0,-173000,0,0,0,12000,185000,-173000,-173000
063294,美律麥證9B購01  ,0,0,0,54000,227000,-173000,0,0,0,-173000,0,0,0,54000,227000,-173000,-173000
056852,矽格元富98購01  ,0,0,0,0,0,0,0,0,0,-174000,0,0,0,100000,274000,-174000,-174000
062278,聯發科群益9C購01,0,0,0,0,0,0,0,0,0,-174000,0,0,0,0,174000,-174000,-174000
062667,立積群益9B購01  ,0,0,0,0,0,0,0,0,0,-174000,0,0,0,58000,232000,-174000,-174000
2049,上銀            ,717818,875467,-157649,0,0,0,5000,16000,-11000,-6000,4000,6000,-2000,5000,9000,-4000,-174649
07623P,大立光統一9B售05,0,0,0,0,0,0,0,0,0,-175000,0,0,0,25000,200000,-175000,-175000
06949P,台表科元大99售01,0,0,0,0,0,0,0,0,0,-175000,0,0,0,350000,525000,-175000,-175000
060573,力成永豐9A購01  ,0,0,0,0,0,0,0,0,0,-175000,0,0,0,69000,244000,-175000,-175000
060716,新唐永豐9A購01  ,0,0,0,0,0,0,0,0,0,-175000,0,0,0,69000,244000,-175000,-175000
05995P,T50正2中信9C售01,0,0,0,0,0,0,0,0,0,-175000,0,0,0,50000,225000,-175000,-175000
060048,元金2X凱基99購03,0,0,0,0,0,0,0,0,0,-175000,0,0,0,0,175000,-175000,-175000
059742,富邦金元富99購01,0,0,0,0,0,0,0,0,0,-175000,0,0,0,40000,215000,-175000,-175000
063292,致新元大9B購02  ,0,0,0,0,0,0,0,0,0,-175000,0,0,0,103000,278000,-175000,-175000
063567,漢唐元大9B購03  ,0,0,0,0,0,0,0,0,0,-176000,0,0,0,129000,305000,-176000,-176000
063996,貿聯群益9C購01  ,0,0,0,0,0,0,0,0,0,-176000,0,0,0,9000,185000,-176000,-176000
07266P,大立光元大99售19,0,0,0,0,0,0,0,0,0,-176000,0,0,0,0,176000,-176000,-176000
05538P,玉晶光國票97售02,0,0,0,0,0,0,0,0,0,-176000,0,0,0,15000,191000,-176000,-176000
057269,鈺齊兆豐98購01  ,0,0,0,0,0,0,0,0,0,-176000,0,0,0,197000,373000,-176000,-176000
062522,同欣電元大9B購02,0,0,0,0,0,0,0,0,0,-176000,0,0,0,63000,239000,-176000,-176000
00668,國泰美國道瓊    ,0,60000,-60000,0,0,0,0,0,0,-116140,0,0,0,107000,223140,-116140,-176140
063515,香港2X凱基01購01,0,0,0,0,0,0,0,0,0,-177000,0,0,0,0,177000,-177000,-177000
064172,義隆元富9C購01  ,0,0,0,0,0,0,0,0,0,-177000,0,0,0,34000,211000,-177000,-177000
053162,緯穎元大97購01  ,0,0,0,0,0,0,0,0,0,-177000,0,0,0,72000,249000,-177000,-177000
052724,力成統一97購01  ,0,0,0,0,0,0,0,0,0,-177000,0,0,0,0,177000,-177000,-177000
059488,大立光兆豐99購03,0,0,0,0,0,0,0,0,0,-177000,0,0,0,0,177000,-177000,-177000
062420,台積電統一9C購08,0,0,0,0,0,0,0,0,0,-177000,0,0,0,0,177000,-177000,-177000
061899,復盛永豐9B購01  ,0,0,0,0,0,0,0,0,0,-177000,0,0,0,10000,187000,-177000,-177000
063769,玉晶光國泰02購01,0,0,0,0,0,0,0,0,0,-178000,0,0,0,167000,345000,-178000,-178000
05131P,聯詠統一97售01  ,0,0,0,0,0,0,0,0,0,-178000,0,0,0,234000,412000,-178000,-178000
058950,國巨群益99購06  ,0,0,0,0,0,0,0,0,0,-178000,0,0,0,3000,181000,-178000,-178000
060471,台勝科元大9B購01,0,0,0,0,0,0,0,0,0,-178000,0,0,0,30000,208000,-178000,-178000
006205,富邦上証        ,287000,2000,285000,0,0,0,0,0,0,-463520,0,80000,-80000,1145480,1529000,-383520,-178520
063954,世芯元大01購02  ,0,0,0,0,0,0,0,0,0,-179000,0,0,0,183000,362000,-179000,-179000
064130,創意元大9C購02  ,0,0,0,0,0,0,0,0,0,-179000,0,0,0,122000,301000,-179000,-179000
062084,台郡元大9B購04  ,0,0,0,0,0,0,0,0,0,-179000,0,0,0,13000,192000,-179000,-179000
06492P,上銀永豐98售01  ,0,0,0,0,0,0,0,0,0,-180000,0,0,0,42000,222000,-180000,-180000
063927,奇力新統一02購01,0,0,0,0,0,0,0,0,0,-180000,0,0,0,15000,195000,-180000,-180000
07751P,世紀鋼凱基9A售02,0,0,0,0,0,0,0,0,0,-180000,0,0,0,40000,220000,-180000,-180000
08161P,台表科元富9B售02,0,0,0,0,0,0,0,0,0,-180000,0,0,0,183000,363000,-180000,-180000
054893,帆宣統一99購01  ,0,0,0,0,0,0,0,0,0,-180000,0,0,0,0,180000,-180000,-180000
054860,台積電群益98購01,0,0,0,0,0,0,0,0,0,-180000,0,0,0,0,180000,-180000,-180000
062293,麗豐永豐9B購01  ,0,0,0,0,0,0,0,0,0,-180000,0,0,0,20000,200000,-180000,-180000
06216P,上銀元富97售03  ,0,0,0,0,0,0,0,0,0,-180000,0,0,0,0,180000,-180000,-180000
063118,中鋼元大9C購01  ,0,0,0,0,0,0,0,0,0,-180000,0,0,0,80000,260000,-180000,-180000
063919,大立光元富03購01,0,0,0,0,0,0,0,0,0,-181000,0,0,0,4000,185000,-181000,-181000
059395,T50反1元富99購03,0,0,0,0,0,0,0,0,0,-181000,0,0,0,421000,602000,-181000,-181000
062455,鴻海群益9C購01  ,0,0,0,0,0,0,0,0,0,-181000,0,0,0,0,181000,-181000,-181000
063669,宏達電統一9C購01,0,0,0,0,0,0,0,0,0,-182000,0,0,0,96000,278000,-182000,-182000
06656P,GIS元大98售02   ,0,0,0,0,0,0,0,0,0,-182000,0,0,0,0,182000,-182000,-182000
03840P,台積電統一99售02,0,0,0,0,0,0,0,0,0,-182000,0,0,0,0,182000,-182000,-182000
061307,和潤永豐9A購02  ,0,0,0,0,0,0,0,0,0,-182000,0,0,0,109000,291000,-182000,-182000
063486,聚陽國泰9C購01  ,0,0,0,0,0,0,0,0,0,-183000,0,0,0,60000,243000,-183000,-183000
055541,聚陽凱基98購01  ,0,0,0,0,0,0,0,0,0,-183000,0,0,0,71000,254000,-183000,-183000
054916,聯發科凱基98購04,0,0,0,0,0,0,0,0,0,-183000,0,0,0,7000,190000,-183000,-183000
056292,統一元大97購01  ,0,0,0,0,0,0,0,0,0,-183000,0,0,0,0,183000,-183000,-183000
058262,大立光富邦9C購02,0,0,0,0,0,0,0,0,0,-183000,0,0,0,40000,223000,-183000,-183000
063528,元大金凱基9B購01,0,0,0,0,0,0,0,0,0,-184000,0,0,0,6000,190000,-184000,-184000
063782,致新永豐9B購02  ,0,0,0,0,0,0,0,0,0,-184000,0,0,0,16000,200000,-184000,-184000
060656,國巨統一9C購03  ,0,0,0,0,0,0,0,0,0,-184000,0,0,0,26000,210000,-184000,-184000
061814,聯發科群益9B購04,0,0,0,0,0,0,0,0,0,-184000,0,0,0,93000,277000,-184000,-184000
063446,台光電統一01購02,0,0,0,0,0,0,0,0,0,-185000,0,0,0,25000,210000,-185000,-185000
064256,玉晶光國泰02購02,0,0,0,0,0,0,0,0,0,-185000,0,0,0,4000,189000,-185000,-185000
07743P,智邦凱基9A售03  ,0,0,0,0,0,0,0,0,0,-185000,0,0,0,38000,223000,-185000,-185000
05545P,台表科國泰98售01,0,0,0,0,0,0,0,0,0,-185000,0,0,0,0,185000,-185000,-185000
3533,嘉澤            ,419000,488000,-69000,0,0,0,0,120826,-120826,4000,38000,39000,-1000,12000,7000,5000,-185826
058054,台積電統一9C購01,0,0,0,0,0,0,0,0,0,-186000,0,0,0,1707000,1893000,-186000,-186000
2457,飛宏            ,490000,681000,-191000,0,0,0,0,0,0,4000,4000,0,4000,0,0,0,-187000
064173,國產元富9C購01  ,0,0,0,0,0,0,0,0,0,-187000,0,0,0,0,187000,-187000,-187000
058181,華新科國泰9B購01,0,0,0,0,0,0,0,0,0,-187000,0,0,0,18000,205000,-187000,-187000
057794,T50反1兆豐99購02,0,0,0,0,0,0,0,0,0,-187000,0,0,0,0,187000,-187000,-187000
063153,南六元富9B購01  ,0,0,0,0,0,0,0,0,0,-187000,0,0,0,44000,231000,-187000,-187000
3047,訊舟            ,105000,293000,-188000,0,0,0,0,0,0,1000,6000,5000,1000,0,0,0,-187000
064097,友訊群益9C購01  ,0,0,0,0,0,0,0,0,0,-188000,0,0,0,5000,193000,-188000,-188000
063490,儒鴻富邦9C購01  ,0,0,0,0,0,0,0,0,0,-188000,0,0,0,752000,940000,-188000,-188000
1590,亞德客-KY       ,384117,583386,-199269,0,0,0,22000,39376,-17376,28000,21000,0,21000,9000,2000,7000,-188645
07958P,華擎群益9B售01  ,0,0,0,0,0,0,0,0,0,-189000,0,0,0,10000,199000,-189000,-189000
06456P,聯發科統一98售03,0,0,0,0,0,0,0,0,0,-189000,0,0,0,134000,323000,-189000,-189000
056335,微星凱基98購01  ,0,0,0,0,0,0,0,0,0,-189000,0,0,0,26000,215000,-189000,-189000
056994,緯穎兆豐98購02  ,0,0,0,0,0,0,0,0,0,-189000,0,0,0,53000,242000,-189000,-189000
057555,玉晶光凱基9A購02,0,0,0,0,0,0,0,0,0,-189000,0,0,0,0,189000,-189000,-189000
057945,京鼎國票99購03  ,0,0,0,0,0,0,0,0,0,-189000,0,0,0,473000,662000,-189000,-189000
058788,喬山元大99購01  ,0,0,0,0,0,0,0,0,0,-189000,0,0,0,255000,444000,-189000,-189000
063154,南六元富9B購02  ,0,0,0,0,0,0,0,0,0,-189000,0,0,0,14000,203000,-189000,-189000
062394,大立光富邦02購01,0,0,0,0,0,0,0,0,0,-189000,0,0,0,1000,190000,-189000,-189000
4746,台耀            ,240000,431000,-191000,0,0,0,0,0,0,2000,2000,0,2000,0,0,0,-189000
07260P,台灣50元大9A售01,0,0,0,0,0,0,0,0,0,-190000,0,0,0,0,190000,-190000,-190000
052948,景碩國票97購02  ,0,0,0,0,0,0,0,0,0,-190000,0,0,0,0,190000,-190000,-190000
059194,元金2X永豐99購01,0,0,0,0,0,0,0,0,0,-190000,0,0,0,0,190000,-190000,-190000
063085,嘉澤凱基9C購01  ,0,0,0,0,0,0,0,0,0,-190000,0,0,0,40000,230000,-190000,-190000
063057,祥碩統一03購01  ,0,0,0,0,0,0,0,0,0,-190000,0,0,0,10000,200000,-190000,-190000
07218P,臺股指凱基99售31,0,0,0,0,0,0,0,0,0,-191000,0,0,0,40000,231000,-191000,-191000
055408,力成國泰98購01  ,0,0,0,0,0,0,0,0,0,-191000,0,0,0,46000,237000,-191000,-191000
00674R,元大S&P黃金反1  ,0,0,0,0,0,0,0,0,0,-191000,0,0,0,108000,299000,-191000,-191000
058672,可成群益9B購02  ,0,0,0,0,0,0,0,0,0,-191000,0,0,0,11000,202000,-191000,-191000
063259,廣達富邦9C購01  ,0,0,0,0,0,0,0,0,0,-191000,0,0,0,287000,478000,-191000,-191000
08315P,台積電元大9C售08,0,0,0,0,0,0,0,0,0,-193000,0,0,0,10000,203000,-193000,-193000
063882,玉晶光元富9C購01,0,0,0,0,0,0,0,0,0,-193000,0,0,0,247000,440000,-193000,-193000
03447B,臺股指凱基9B熊16,0,0,0,0,0,0,0,0,0,-193000,0,0,0,197000,390000,-193000,-193000
062473,同欣電凱基9B購01,0,0,0,0,0,0,0,0,0,-193000,0,0,0,119000,312000,-193000,-193000
061028,聚陽永豐9A購01  ,0,0,0,0,0,0,0,0,0,-193000,0,0,0,73000,266000,-193000,-193000
2478,大毅            ,544000,563000,-19000,0,0,0,0,0,0,-175000,1000,54000,-53000,4000,126000,-122000,-194000
061896,景碩永豐9B購01  ,0,0,0,0,0,0,0,0,0,-194000,0,0,0,6000,200000,-194000,-194000
063207,聯茂統一01購01  ,0,0,0,0,0,0,0,0,0,-194000,0,0,0,125000,319000,-194000,-194000
06662P,玉晶光中信9A售01,0,0,0,0,0,0,0,0,0,-195000,0,0,0,338000,533000,-195000,-195000
063245,富邦金元大9B購03,0,0,0,0,0,0,0,0,0,-195000,0,0,0,16000,211000,-195000,-195000
063077,巨大永豐9B購03  ,0,0,0,0,0,0,0,0,0,-195000,0,0,0,248000,443000,-195000,-195000
062509,SP黃豆國票9B購03,0,0,0,0,0,0,0,0,0,-195000,0,0,0,10000,205000,-195000,-195000
064147,瑞昱統一01購04  ,0,0,0,0,0,0,0,0,0,-196000,0,0,0,50000,246000,-196000,-196000
063558,聚陽元大9B購02  ,0,0,0,0,0,0,0,0,0,-196000,0,0,0,156000,352000,-196000,-196000
07365P,超眾元大99售07  ,0,0,0,0,0,0,0,0,0,-196000,0,0,0,8000,204000,-196000,-196000
058997,鴻海元大99購21  ,0,0,0,0,0,0,0,0,0,-196000,0,0,0,26000,222000,-196000,-196000
063921,大立光元富9C購03,0,0,0,0,0,0,0,0,0,-197000,0,0,0,5000,202000,-197000,-197000
06654P,欣興元大98售08  ,0,0,0,0,0,0,0,0,0,-197000,0,0,0,3000,200000,-197000,-197000
051266,國巨富邦99購01  ,6000,0,6000,0,0,0,0,0,0,-203000,0,0,0,516000,719000,-203000,-197000
07917P,可成永豐9B售01  ,0,0,0,0,0,0,0,0,0,-198000,0,0,0,18000,216000,-198000,-198000
063348,祥碩統一01購04  ,0,0,0,0,0,0,0,0,0,-198000,0,0,0,8000,206000,-198000,-198000
07712P,茂林元大9A售03  ,0,0,0,0,0,0,0,0,0,-199000,0,0,0,1000,200000,-199000,-199000
06672P,聯發科群益98售05,0,0,0,0,0,0,0,0,0,-199000,0,0,0,0,199000,-199000,-199000
063812,智邦群益9C購02  ,0,0,0,0,0,0,0,0,0,-199000,0,0,0,0,199000,-199000,-199000
058514,潤泰全元大99購01,0,0,0,0,0,0,0,0,0,-199000,0,0,0,34000,233000,-199000,-199000
054983,國巨元富97購04  ,0,0,0,0,0,0,0,0,0,-199000,0,0,0,0,199000,-199000,-199000
057777,可成群益9A購03  ,0,0,0,0,0,0,0,0,0,-199000,0,0,0,0,199000,-199000,-199000
063368,遠東新永豐9B購01,0,0,0,0,0,0,0,0,0,-199000,0,0,0,157000,356000,-199000,-199000
06154P,超眾元大98售01  ,0,0,0,0,0,0,0,0,0,-199000,0,0,0,147000,346000,-199000,-199000
063870,健策永豐01購01  ,0,0,0,0,0,0,0,0,0,-200000,0,0,0,0,200000,-200000,-200000
07098P,台積電元大99售18,0,0,0,0,0,0,0,0,0,-200000,0,0,0,0,200000,-200000,-200000
064196,健策群益01購01  ,0,0,0,0,0,0,0,0,0,-200000,0,0,0,0,200000,-200000,-200000
064252,嘉澤元富9C購01  ,0,0,0,0,0,0,0,0,0,-200000,0,0,0,0,200000,-200000,-200000
064290,GIS元大9C購04   ,0,0,0,0,0,0,0,0,0,-200000,0,0,0,0,200000,-200000,-200000
07506P,中租元大9A售01  ,0,0,0,0,0,0,0,0,0,-200000,0,0,0,0,200000,-200000,-200000
054739,義隆凱基98購02  ,0,0,0,0,0,0,0,0,0,-200000,0,0,0,51000,251000,-200000,-200000
056100,楠梓電永豐97購02,0,0,0,0,0,0,0,0,0,-200000,0,0,0,0,200000,-200000,-200000
056098,矽創元富97購02  ,0,0,0,0,0,0,0,0,0,-200000,0,0,0,0,200000,-200000,-200000
056353,鴻海元大99購02  ,0,0,0,0,0,0,0,0,0,-200000,0,0,0,0,200000,-200000,-200000
056389,鴻海富邦99購01  ,0,0,0,0,0,0,0,0,0,-200000,0,0,0,0,200000,-200000,-200000
00665L,富邦恒生國企正2 ,73000,194000,-121000,0,0,0,0,0,0,-79000,0,0,0,375000,454000,-79000,-200000
059934,華通永豐99購02  ,0,0,0,0,0,0,0,0,0,-200000,0,0,0,0,200000,-200000,-200000
060277,道瓊反元大9A購02,0,0,0,0,0,0,0,0,0,-200000,0,0,0,40000,240000,-200000,-200000
062987,祥碩中信01購01  ,0,0,0,0,0,0,0,0,0,-200000,0,0,0,4000,204000,-200000,-200000
062928,富邦金台新9B購02,0,0,0,0,0,0,0,0,0,-200000,0,0,0,34000,234000,-200000,-200000
4943,康控-KY         ,153000,241000,-88000,0,0,0,0,0,0,-112000,0,0,0,22000,134000,-112000,-200000
06902P,聯電凱基98售02  ,0,0,0,0,0,0,0,0,0,-201000,0,0,0,50000,251000,-201000,-201000
058512,宏達電元大99購04,0,0,0,0,0,0,0,0,0,-201000,0,0,0,75000,276000,-201000,-201000
062272,鴻海群益9B購05  ,0,0,0,0,0,0,0,0,0,-201000,0,0,0,44000,245000,-201000,-201000
2444,兆勁            ,3000,205000,-202000,0,0,0,0,0,0,0,0,0,0,0,0,0,-202000
06047P,聯發科富邦99售04,0,0,0,0,0,0,0,0,0,-202000,0,0,0,40000,242000,-202000,-202000
062932,滬深2X凱基01購01,0,0,0,0,0,0,0,0,0,-202000,0,0,0,0,202000,-202000,-202000
053095,台光電統一98購01,0,0,0,0,0,0,0,0,0,-203000,0,0,0,54000,257000,-203000,-203000
060536,祥碩麥證9A購01  ,0,0,0,0,203000,-203000,0,0,0,-203000,0,0,0,0,203000,-203000,-203000
062069,喬山元大9B購01  ,0,0,0,0,0,0,0,0,0,-203000,0,0,0,336000,539000,-203000,-203000
060404,台勝科國泰9B購01,0,0,0,0,0,0,0,0,0,-204000,0,0,0,85000,289000,-204000,-204000
057261,瑞昱兆豐98購01  ,0,0,0,0,0,0,0,0,0,-204000,0,0,0,10000,214000,-204000,-204000
062850,友訊永豐9B購01  ,0,0,0,0,0,0,0,0,0,-204000,0,0,0,191000,395000,-204000,-204000
062693,中石化元大02購01,0,0,0,0,0,0,0,0,0,-204000,0,0,0,389000,593000,-204000,-204000
07126P,台積電元大99售23,0,0,0,0,0,0,0,0,0,-205000,0,0,0,0,205000,-205000,-205000
063485,巨大元大9B購04  ,0,0,0,0,0,0,0,0,0,-205000,0,0,0,330000,535000,-205000,-205000
056375,玉晶光統一01購01,0,0,0,0,0,0,0,0,0,-205000,0,0,0,32000,237000,-205000,-205000
060454,葡萄王元大9A購01,0,0,0,0,0,0,0,0,0,-205000,0,0,0,183000,388000,-205000,-205000
062533,嘉澤統一9C購01  ,0,0,0,0,0,0,0,0,0,-205000,0,0,0,76000,281000,-205000,-205000
062992,聯發科群益9B購09,0,0,0,0,0,0,0,0,0,-205000,0,0,0,0,205000,-205000,-205000
2474,可成            ,1394000,1441860,-47860,0,0,0,53000,262000,-209000,51000,47000,20000,27000,42000,18000,24000,-205860
060369,滬深2X元富01購01,0,0,0,0,0,0,0,0,0,-206000,0,0,0,0,206000,-206000,-206000
059399,滬深2X元富9C購03,0,0,0,0,0,0,0,0,0,-206000,0,0,0,0,206000,-206000,-206000
4977,眾達-KY         ,114000,138000,-24000,0,0,0,0,183000,-183000,1000,1000,0,1000,0,0,0,-206000
058604,華邦電元大99購03,0,0,0,0,0,0,0,0,0,-207000,0,0,0,53000,260000,-207000,-207000
05755P,臺股指中信99售04,0,0,0,0,0,0,0,0,0,-207000,0,0,0,67000,274000,-207000,-207000
062213,和大統一9B購02  ,0,0,0,0,0,0,0,0,0,-208000,0,0,0,30000,238000,-208000,-208000
062422,億光統一01購01  ,0,0,0,0,0,0,0,0,0,-208000,0,0,0,0,208000,-208000,-208000
5608,四維航          ,218000,430000,-212000,0,0,0,0,0,0,4000,4000,0,4000,0,0,0,-208000
056468,鴻海元大98購07  ,0,0,0,0,0,0,0,0,0,-209000,0,0,0,63000,272000,-209000,-209000
063383,億豐永豐9B購02  ,0,0,0,0,0,0,0,0,0,-209000,0,0,0,193000,402000,-209000,-209000
061676,新光金元大9A購03,0,0,0,0,0,0,0,0,0,-209000,0,0,0,242000,451000,-209000,-209000
08305P,茂林群益9C售01  ,0,0,0,0,0,0,0,0,0,-210000,0,0,0,11000,221000,-210000,-210000
07920P,大立光中信01售01,0,0,0,0,0,0,0,0,0,-210000,0,0,0,0,210000,-210000,-210000
06529P,貿聯富邦99售03  ,0,0,0,0,0,0,0,0,0,-210000,0,0,0,0,210000,-210000,-210000
058468,聯茂中信99購02  ,0,0,0,0,0,0,0,0,0,-210000,0,0,0,130000,340000,-210000,-210000
03604P,群創凱基98售05  ,0,0,0,0,0,0,0,0,0,-210000,0,0,0,0,210000,-210000,-210000
046942,友達元大99購01  ,0,0,0,0,0,0,0,0,0,-210000,0,0,0,269000,479000,-210000,-210000
057073,康控永豐98購01  ,0,0,0,0,0,0,0,0,0,-210000,0,0,0,22000,232000,-210000,-210000
062138,力成群益9B購01  ,0,0,0,0,0,0,0,0,0,-210000,0,0,0,2000,212000,-210000,-210000
054471,T50反1中信9C購01,0,0,0,0,0,0,0,0,0,-211000,0,0,0,22000,233000,-211000,-211000
061687,大成鋼群益9A購01,0,0,0,0,0,0,0,0,0,-211000,0,0,0,0,211000,-211000,-211000
3022,威強電          ,104000,315000,-211000,0,0,0,0,0,0,0,0,0,0,0,0,0,-211000
061077,國巨兆豐9B購01  ,0,0,0,0,0,0,0,0,0,-212000,0,0,0,20000,232000,-212000,-212000
063637,聯發科元大9C購02,0,0,0,0,0,0,0,0,0,-214000,0,0,0,150000,364000,-214000,-214000
07956P,鴻海群益9B售06  ,0,0,0,0,0,0,0,0,0,-214000,0,0,0,0,214000,-214000,-214000
08075P,聯電群益9C售01  ,0,0,0,0,0,0,0,0,0,-214000,0,0,0,0,214000,-214000,-214000
057283,欣興元大98購07  ,0,0,0,0,0,0,0,0,0,-214000,0,0,0,5000,219000,-214000,-214000
059693,智原永豐99購01  ,0,0,0,0,0,0,0,0,0,-214000,0,0,0,0,214000,-214000,-214000
2723,美食-KY         ,102000,256000,-154000,0,0,0,11000,0,11000,-71000,0,0,0,5000,76000,-71000,-214000
063819,致新群益9C購01  ,0,0,0,0,0,0,0,0,0,-215000,0,0,0,37000,252000,-215000,-215000
05859P,台表科國票97售04,0,0,0,0,0,0,0,0,0,-215000,0,0,0,0,215000,-215000,-215000
059986,宏達電元大99購08,0,0,0,0,0,0,0,0,0,-215000,0,0,0,100000,315000,-215000,-215000
061377,聯發科永豐9A購04,0,0,0,0,0,0,0,0,0,-215000,0,0,0,10000,225000,-215000,-215000
063850,玉晶光元大9C購07,0,0,0,0,0,0,0,0,0,-216000,0,0,0,425000,641000,-216000,-216000
058263,大成鋼永豐99購01,0,0,0,0,0,0,0,0,0,-216000,0,0,0,0,216000,-216000,-216000
060373,元金2X元富9A購01,0,0,0,0,0,0,0,0,0,-216000,0,0,0,0,216000,-216000,-216000
063374,嘉澤永豐9B購04  ,0,0,0,0,0,0,0,0,0,-217000,0,0,0,10000,227000,-217000,-217000
07353P,大立光國票99售02,0,0,0,0,0,0,0,0,0,-218000,0,0,0,0,218000,-218000,-218000
06780P,義隆元大98售02  ,0,0,0,0,0,0,0,0,0,-219000,0,0,0,61000,280000,-219000,-219000
053082,聯電元大98購03  ,0,0,0,0,0,0,0,0,0,-219000,0,0,0,667000,886000,-219000,-219000
062989,鴻海群益9B購07  ,0,0,0,0,0,0,0,0,0,-219000,0,0,0,0,219000,-219000,-219000
06477P,緯穎國票99售02  ,0,0,0,0,0,0,0,0,0,-220000,0,0,0,40000,260000,-220000,-220000
063922,大立光元富9C購04,0,0,0,0,0,0,0,0,0,-220000,0,0,0,17000,237000,-220000,-220000
063915,祥碩凱基01購01  ,0,0,0,0,0,0,0,0,0,-220000,0,0,0,2000,222000,-220000,-220000
056265,國泰金統一97購01,0,0,0,0,0,0,0,0,0,-220000,0,0,0,0,220000,-220000,-220000
056559,華通群益98購02  ,0,0,0,0,0,0,0,0,0,-220000,0,0,0,663000,883000,-220000,-220000
057457,華邦電富邦98購01,0,0,0,0,0,0,0,0,0,-220000,0,0,0,0,220000,-220000,-220000
061907,裕隆中信9B購01  ,0,0,0,0,0,0,0,0,0,-220000,0,0,0,15000,235000,-220000,-220000
063643,臻鼎元大9B購03  ,0,0,0,0,0,0,0,0,0,-221000,0,0,0,129000,350000,-221000,-221000
063328,京元電國票9C購02,0,0,0,0,0,0,0,0,0,-221000,0,0,0,20000,241000,-221000,-221000
5607,遠雄港          ,64000,287000,-223000,0,0,0,0,0,0,1000,1000,0,1000,0,0,0,-222000
063723,儒鴻元大9B購04  ,0,0,0,0,0,0,0,0,0,-223000,0,0,0,426000,649000,-223000,-223000
1466,聚隆            ,0,0,0,0,0,0,0,0,0,-223000,1000,0,1000,0,224000,-224000,-223000
054710,東元元富97購01  ,0,0,0,0,0,0,0,0,0,-223000,0,0,0,120000,343000,-223000,-223000
054935,華通元大98購03  ,0,0,0,0,0,0,0,0,0,-223000,0,0,0,99000,322000,-223000,-223000
6202,盛群            ,333000,540000,-207000,0,0,0,0,0,0,-16000,1000,18000,-17000,13000,12000,1000,-223000
08168P,金像電群益9B售03,0,0,0,0,0,0,0,0,0,-224000,0,0,0,61000,285000,-224000,-224000
064062,創意國泰01購01  ,0,0,0,0,0,0,0,0,0,-224000,0,0,0,410000,634000,-224000,-224000
055569,聚陽統一98購01  ,0,0,0,0,0,0,0,0,0,-224000,0,0,0,57000,281000,-224000,-224000
060539,道瓊反凱基9A購01,0,0,0,0,0,0,0,0,0,-224000,0,0,0,12000,236000,-224000,-224000
062875,瑞昱兆豐9C購01  ,0,0,0,0,0,0,0,0,0,-224000,0,0,0,47000,271000,-224000,-224000
6456,GIS-KY          ,744000,853000,-109000,0,0,0,223000,0,223000,-338000,97000,300000,-203000,43000,178000,-135000,-224000
2456,奇力新          ,1045000,386000,659000,0,0,0,0,828000,-828000,-56000,11000,25000,-14000,10000,52000,-42000,-225000
060310,瑞昱永豐9A購01  ,0,0,0,0,0,0,0,0,0,-225000,0,0,0,0,225000,-225000,-225000
062798,台光電統一9B購01,0,0,0,0,0,0,0,0,0,-225000,0,0,0,23000,248000,-225000,-225000
2471,資通            ,75000,302000,-227000,0,0,0,0,0,0,1000,1000,0,1000,0,0,0,-226000
08213P,台光電統一9B售03,0,0,0,0,0,0,0,0,0,-226000,0,0,0,117000,343000,-226000,-226000
057285,群創元大98購07  ,0,0,0,0,0,0,0,0,0,-226000,0,0,0,0,226000,-226000,-226000
062598,華通台新9B購02  ,0,0,0,0,0,0,0,0,0,-226000,0,0,0,53000,279000,-226000,-226000
07892P,臺股指國票9B售02,0,0,0,0,0,0,0,0,0,-227000,0,0,0,7000,234000,-227000,-227000
064057,緯穎統一02購01  ,0,0,0,0,0,0,0,0,0,-227000,0,0,0,112000,339000,-227000,-227000
050170,臺指反元大97購02,0,0,0,0,0,0,0,0,0,-228000,0,0,0,2000,230000,-228000,-228000
057225,華新凱基98購01  ,0,0,0,0,0,0,0,0,0,-228000,0,0,0,3000,231000,-228000,-228000
058946,SGBR2X群益9B購01,0,0,0,0,0,0,0,0,0,-228000,0,0,0,5000,233000,-228000,-228000
063322,台郡群益9B購02  ,0,0,0,0,0,0,0,0,0,-229000,0,0,0,107000,336000,-229000,-229000
06984P,上銀富邦9B售01  ,0,0,0,0,0,0,0,0,0,-230000,0,0,0,163000,393000,-230000,-230000
08147P,聯發科群益9B售10,0,0,0,0,0,0,0,0,0,-230000,0,0,0,129000,359000,-230000,-230000
1515,力山            ,248000,309000,-61000,0,0,0,0,0,0,-169000,15000,29000,-14000,14000,169000,-155000,-230000
060411,達新永豐9A購01  ,0,0,0,0,0,0,0,0,0,-230000,0,0,0,37000,267000,-230000,-230000
048422,瑞昱元富96購02  ,0,0,0,0,0,0,0,0,0,-231000,0,0,0,7000,238000,-231000,-231000
060008,華邦電群益9A購01,0,0,0,0,0,0,0,0,0,-231000,0,0,0,78000,309000,-231000,-231000
061640,智原元大9A購01  ,0,0,0,0,0,0,0,0,0,-231000,0,0,0,174000,405000,-231000,-231000
063435,儒鴻統一01購02  ,0,0,0,0,0,0,0,0,0,-232000,0,0,0,222000,454000,-232000,-232000
060283,台肥元大9C購01  ,0,0,0,0,0,0,0,0,0,-232000,0,0,0,142000,374000,-232000,-232000
060792,信錦永豐9A購01  ,0,0,0,0,0,0,0,0,0,-232000,0,0,0,0,232000,-232000,-232000
062285,台勝科群益9B購01,0,0,0,0,0,0,0,0,0,-232000,0,0,0,24000,256000,-232000,-232000
064108,創意兆豐9C購01  ,0,0,0,0,0,0,0,0,0,-233000,0,0,0,0,233000,-233000,-233000
2342,茂矽            ,1927000,2160000,-233000,0,0,0,0,0,0,0,1000,1000,0,0,0,0,-233000
054137,聯詠元大97購02  ,0,0,0,0,0,0,0,0,0,-233000,0,0,0,15000,248000,-233000,-233000
056599,臻鼎元富98購01  ,0,0,0,0,0,0,0,0,0,-233000,0,0,0,52000,285000,-233000,-233000
061030,喬山永豐9A購01  ,0,0,0,0,0,0,0,0,0,-233000,0,0,0,101000,334000,-233000,-233000
6504,南六            ,208000,366000,-158000,0,0,0,0,67000,-67000,-8000,6000,37000,-31000,41000,18000,23000,-233000
08262P,茂林元大9C售01  ,0,0,0,0,0,0,0,0,0,-234000,0,0,0,13000,247000,-234000,-234000
07998P,聯電凱基9C售01  ,0,0,0,0,0,0,0,0,0,-234000,0,0,0,5000,239000,-234000,-234000
058586,鴻海中信01購02  ,0,0,0,0,0,0,0,0,0,-234000,0,0,0,75000,309000,-234000,-234000
058725,美律富邦9A購01  ,0,0,0,0,0,0,0,0,0,-234000,0,0,0,66000,300000,-234000,-234000
058137,玉晶光元大99購11,0,0,0,0,0,0,0,0,0,-234000,0,0,0,82000,316000,-234000,-234000
1526,日馳            ,14000,248000,-234000,0,0,0,0,0,0,-1000,1000,2000,-1000,0,0,0,-235000
062037,華新凱基9B購01  ,0,0,0,0,0,0,0,0,0,-235000,0,0,0,80000,315000,-235000,-235000
062908,晶豪科元大9B購03,0,0,0,0,0,0,0,0,0,-236000,0,0,0,124000,360000,-236000,-236000
3504,揚明光          ,209000,430000,-221000,0,0,0,0,0,0,-15000,0,0,0,0,15000,-15000,-236000
063271,中磊兆豐9C購01  ,0,0,0,0,0,0,0,0,0,-237000,0,0,0,29000,266000,-237000,-237000
064082,緯創中信06購01  ,0,0,0,0,0,0,0,0,0,-238000,0,0,0,0,238000,-238000,-238000
062775,大成鋼元大9B購02,0,0,0,0,0,0,0,0,0,-238000,0,0,0,145000,383000,-238000,-238000
056583,昇陽半元大98購02,0,0,0,0,0,0,0,0,0,-239000,0,0,0,33000,272000,-239000,-239000
061132,志超永豐9A購01  ,0,0,0,0,0,0,0,0,0,-239000,0,0,0,230000,469000,-239000,-239000
06893P,致新元富98售02  ,0,0,0,0,0,0,0,0,0,-240000,0,0,0,5000,245000,-240000,-240000
07070P,晶相光元富99售01,0,0,0,0,0,0,0,0,0,-240000,0,0,0,0,240000,-240000,-240000
06844P,智邦元大98售13  ,0,0,0,0,0,0,0,0,0,-240000,0,0,0,40000,280000,-240000,-240000
063448,聯發科統一9C購11,0,0,0,0,0,0,0,0,0,-240000,0,0,0,0,240000,-240000,-240000
063931,牧德統一01購02  ,0,0,0,0,0,0,0,0,0,-240000,0,0,0,0,240000,-240000,-240000
058325,昇陽半永豐99購01,0,0,0,0,0,0,0,0,0,-240000,0,0,0,167000,407000,-240000,-240000
057032,A50反1元大9B購01,0,0,0,0,0,0,0,0,0,-240000,0,0,0,0,240000,-240000,-240000
063197,遠東新統一9C購01,0,0,0,0,0,0,0,0,0,-241000,0,0,0,405000,646000,-241000,-241000
063074,創意永豐9B購02  ,0,0,0,0,0,0,0,0,0,-241000,0,0,0,37000,278000,-241000,-241000
063988,華通永豐9C購01  ,0,0,0,0,0,0,0,0,0,-242000,0,0,0,10000,252000,-242000,-242000
06491P,台積電富邦99售02,0,0,0,0,0,0,0,0,0,-242000,0,0,0,0,242000,-242000,-242000
3515,華擎            ,264000,417000,-153000,0,0,0,59000,55599,3401,-93000,1000,48000,-47000,16000,62000,-46000,-242599
2405,浩鑫            ,12000,256000,-244000,0,0,0,0,0,0,0,0,0,0,0,0,0,-244000
060451,中石化元大9C購02,0,0,0,0,0,0,0,0,0,-244000,0,0,0,368000,612000,-244000,-244000
06996P,臺股指凱基99售17,0,0,0,0,0,0,0,0,0,-245000,0,0,0,0,245000,-245000,-245000
063925,祥碩元富9C購01  ,0,0,0,0,0,0,0,0,0,-245000,0,0,0,80000,325000,-245000,-245000
059092,聯陽元大99購01  ,0,0,0,0,0,0,0,0,0,-245000,0,0,0,0,245000,-245000,-245000
062754,台勝科麥證9B購01,0,0,0,200000,445000,-245000,0,0,0,-245000,0,0,0,200000,445000,-245000,-245000
060865,創意永豐9A購01  ,0,0,0,0,0,0,0,0,0,-245000,0,0,0,10000,255000,-245000,-245000
063893,微星群益9C購01  ,0,0,0,0,0,0,0,0,0,-246000,0,0,0,427000,673000,-246000,-246000
07020P,玉晶光台新99售02,0,0,0,0,0,0,0,0,0,-246000,0,0,0,80000,326000,-246000,-246000
06576P,台光電群益98售03,0,0,0,0,0,0,0,0,0,-247000,0,0,0,60000,307000,-247000,-247000
07991P,鴻海群益9C售02  ,0,0,0,0,0,0,0,0,0,-247000,0,0,0,1000,248000,-247000,-247000
053782,京元電元大98購02,0,0,0,0,0,0,0,0,0,-247000,0,0,0,110000,357000,-247000,-247000
062171,中磊永豐9B購01  ,0,0,0,0,0,0,0,0,0,-247000,0,0,0,47000,294000,-247000,-247000
08130P,義隆元大9B售05  ,0,0,0,0,0,0,0,0,0,-248000,0,0,0,152000,400000,-248000,-248000
063702,聯發科群益9C購04,0,0,0,0,0,0,0,0,0,-248000,0,0,0,0,248000,-248000,-248000
057257,台泥兆豐99購01  ,0,0,0,0,0,0,0,0,0,-248000,0,0,0,2000,250000,-248000,-248000
064170,儒鴻元富9C購01  ,0,0,0,0,0,0,0,0,0,-249000,0,0,0,157000,406000,-249000,-249000
056507,創意永豐98購02  ,0,0,0,0,0,0,0,0,0,-249000,0,0,0,72000,321000,-249000,-249000
060786,聯發科富邦9B購06,0,0,0,0,0,0,0,0,0,-249000,0,0,0,0,249000,-249000,-249000
055653,聯詠元富01購02  ,0,0,0,0,0,0,0,0,0,-250000,0,0,0,153000,403000,-250000,-250000
060121,新光金富邦99購01,0,0,0,0,0,0,0,0,0,-250000,0,0,0,602000,852000,-250000,-250000
063163,京元電永豐9B購01,0,0,0,0,0,0,0,0,0,-250000,0,0,0,204000,454000,-250000,-250000
060293,緯創元大9A購01  ,0,0,0,0,0,0,0,0,0,-251000,0,0,0,15000,266000,-251000,-251000
062297,億豐永豐9B購01  ,0,0,0,0,0,0,0,0,0,-251000,0,0,0,83000,334000,-251000,-251000
2421,建準            ,1394000,1551000,-157000,0,0,0,0,0,0,-95000,1000,83000,-82000,58000,71000,-13000,-252000
2439,美律            ,431000,763000,-332000,0,0,0,0,77000,-77000,157000,241000,60000,181000,32000,56000,-24000,-252000
063663,台光電統一9C購01,0,0,0,0,0,0,0,0,0,-253000,0,0,0,73000,326000,-253000,-253000
051536,玉晶光國票97購01,0,0,0,0,0,0,0,0,0,-253000,0,0,0,87000,340000,-253000,-253000
06701P,臺股指統一99售06,0,0,0,0,0,0,0,0,0,-254000,0,0,0,119000,373000,-254000,-254000
2516,新建            ,10000,264000,-254000,0,0,0,0,0,0,0,0,0,0,0,0,0,-254000
059163,台積電凱基99購10,0,0,0,0,0,0,0,0,0,-254000,0,0,0,11000,265000,-254000,-254000
062968,仁寶元富9B購01  ,0,0,0,0,0,0,0,0,0,-254000,0,0,0,98000,352000,-254000,-254000
07535P,上銀元富9A售03  ,0,0,0,0,0,0,0,0,0,-255000,0,0,0,132000,387000,-255000,-255000
063548,同欣電兆豐9B購01,0,0,0,0,0,0,0,0,0,-255000,0,0,0,2000,257000,-255000,-255000
054563,泰碩群益99購01  ,0,0,0,0,0,0,0,0,0,-255000,0,0,0,25000,280000,-255000,-255000
060535,群創麥證9A購01  ,0,0,0,90000,345000,-255000,0,0,0,-255000,0,0,0,90000,345000,-255000,-255000
063731,台積電元大9B購10,0,0,0,0,0,0,0,0,0,-256000,0,0,0,402000,658000,-256000,-256000
064063,健策國泰01購02  ,0,0,0,0,0,0,0,0,0,-257000,0,0,0,91000,348000,-257000,-257000
058732,矽格永豐99購01  ,0,0,0,0,0,0,0,0,0,-257000,0,0,0,25000,282000,-257000,-257000
062485,華通國泰01購01  ,0,0,0,0,0,0,0,0,0,-258000,0,0,0,126000,384000,-258000,-258000
064050,景碩統一01購01  ,0,0,0,0,0,0,0,0,0,-259000,0,0,0,90000,349000,-259000,-259000
062296,南六永豐9B購02  ,0,0,0,0,0,0,0,0,0,-259000,0,0,0,64000,323000,-259000,-259000
063056,嘉澤統一9C購02  ,0,0,0,0,0,0,0,0,0,-259000,0,0,0,40000,299000,-259000,-259000
061045,儒鴻第一9A購01  ,0,0,0,0,0,0,0,0,0,-259000,0,0,0,60000,319000,-259000,-259000
062810,華通兆豐9B購02  ,0,0,0,0,0,0,0,0,0,-260000,0,0,0,0,260000,-260000,-260000
064153,中壽統一9C購01  ,0,0,0,0,0,0,0,0,0,-261000,0,0,0,0,261000,-261000,-261000
052658,友達元富9C購01  ,0,0,0,0,0,0,0,0,0,-261000,0,0,0,20000,281000,-261000,-261000
2634,漢翔            ,464000,425000,39000,0,0,0,0,0,0,-300000,14000,0,14000,7000,321000,-314000,-261000
063761,嘉澤統一02購01  ,0,0,0,0,0,0,0,0,0,-262000,0,0,0,40000,302000,-262000,-262000
3669,圓展            ,151000,413000,-262000,0,0,0,0,0,0,0,0,0,0,0,0,0,-262000
058967,可成麥證99購01  ,0,0,0,0,264000,-264000,0,0,0,-263000,0,0,0,1000,264000,-263000,-263000
057675,同欣電元大98購02,0,0,0,0,0,0,0,0,0,-263000,0,0,0,77000,340000,-263000,-263000
063705,臻鼎群益9B購03  ,0,0,0,0,0,0,0,0,0,-264000,0,0,0,145000,409000,-264000,-264000
07163P,臺股指群益99售14,0,0,0,0,0,0,0,0,0,-264000,0,0,0,25000,289000,-264000,-264000
055746,同欣電元富97購01,0,0,0,0,0,0,0,0,0,-264000,0,0,0,263000,527000,-264000,-264000
057405,麗豐群益98購01  ,0,0,0,0,0,0,0,0,0,-265000,0,0,0,40000,305000,-265000,-265000
062878,宏達電兆豐9B購01,0,0,0,0,0,0,0,0,0,-265000,0,0,0,20000,285000,-265000,-265000
057601,中磊群益98購01  ,0,0,0,0,0,0,0,0,0,-267000,0,0,0,0,267000,-267000,-267000
061769,晶技元大9B購03  ,0,0,0,0,0,0,0,0,0,-267000,0,0,0,123000,390000,-267000,-267000
061996,矽格元大9B購01  ,0,0,0,0,0,0,0,0,0,-268000,0,0,0,36000,304000,-268000,-268000
063167,同欣電永豐9B購03,0,0,0,0,0,0,0,0,0,-268000,0,0,0,295000,563000,-268000,-268000
063381,和潤永豐9B購01  ,0,0,0,0,0,0,0,0,0,-268000,0,0,0,151000,419000,-268000,-268000
07588P,滬深2X國票9C售01,0,0,0,0,0,0,0,0,0,-269000,0,0,0,400000,669000,-269000,-269000
057516,和鑫元富98購01  ,0,0,0,0,0,0,0,0,0,-269000,0,0,0,446000,715000,-269000,-269000
061673,仁寶元大9B購01  ,0,0,0,0,0,0,0,0,0,-269000,0,0,0,247000,516000,-269000,-269000
8271,宇瞻            ,382000,621000,-239000,0,0,0,0,862,-862,-30000,8000,38000,-30000,0,0,0,-269862
064007,嘉澤凱基02購01  ,0,0,0,0,0,0,0,0,0,-270000,0,0,0,0,270000,-270000,-270000
057612,瑞昱元富02購01  ,0,0,0,0,0,0,0,0,0,-270000,0,0,0,373000,643000,-270000,-270000
059079,SGBR2X元大99購01,0,0,0,0,0,0,0,0,0,-270000,0,0,0,11000,281000,-270000,-270000
2547,日勝生          ,408000,691640,-283640,0,0,0,0,0,0,12000,12000,0,12000,0,0,0,-271640
060239,國揚元大9C購01  ,0,0,0,0,0,0,0,0,0,-272000,0,0,0,201000,473000,-272000,-272000
058527,世紀鋼元大99購01,0,0,0,0,0,0,0,0,0,-272000,0,0,0,190000,462000,-272000,-272000
054943,群光元大97購01  ,0,0,0,0,0,0,0,0,0,-274000,0,0,0,26000,300000,-274000,-274000
054205,華新國票97購02  ,0,0,0,0,0,0,0,0,0,-274000,0,0,0,100000,374000,-274000,-274000
060946,世紀鋼國票9A購02,0,0,0,0,0,0,0,0,0,-274000,0,0,0,138000,412000,-274000,-274000
062976,嘉澤元富9B購01  ,0,0,0,0,0,0,0,0,0,-274000,0,0,0,0,274000,-274000,-274000
06824P,台灣50國票99售02,0,0,0,0,0,0,0,0,0,-275000,0,0,0,0,275000,-275000,-275000
061154,可成群益9B購04  ,0,0,0,0,0,0,0,0,0,-275000,0,0,0,50000,325000,-275000,-275000
056190,昇陽半統一97購01,0,0,0,0,0,0,0,0,0,-276000,0,0,0,0,276000,-276000,-276000
054807,台化元大9A購02  ,0,0,0,0,0,0,0,0,0,-277000,0,0,0,123000,400000,-277000,-277000
063311,喬山群益9B購01  ,0,0,0,0,0,0,0,0,0,-277000,0,0,0,425000,702000,-277000,-277000
062748,祥碩永豐9B購02  ,0,0,0,0,0,0,0,0,0,-278000,0,0,0,90000,368000,-278000,-278000
062710,盛群元大9B購01  ,0,0,0,0,0,0,0,0,0,-279000,0,0,0,227000,506000,-279000,-279000
062404,新唐永豐9B購01  ,0,0,0,0,0,0,0,0,0,-279000,0,0,0,192000,471000,-279000,-279000
07670P,茂林元大9A售02  ,0,0,0,0,0,0,0,0,0,-280000,0,0,0,14000,294000,-280000,-280000
059003,中壽元大99購01  ,0,0,0,0,0,0,0,0,0,-280000,0,0,0,98000,378000,-280000,-280000
057279,國揚元大98購01  ,0,0,0,0,0,0,0,0,0,-280000,0,0,0,20000,300000,-280000,-280000
06683P,訊芯元大98售07  ,0,0,0,0,0,0,0,0,0,-281000,0,0,0,0,281000,-281000,-281000
064054,中租統一02購01  ,0,0,0,0,0,0,0,0,0,-281000,0,0,0,0,281000,-281000,-281000
053569,漢唐統一98購01  ,0,0,0,0,0,0,0,0,0,-281000,0,0,0,48000,329000,-281000,-281000
056674,華邦電元富98購01,0,0,0,0,0,0,0,0,0,-282000,0,0,0,260000,542000,-282000,-282000
062193,瑞昱第一9B購01  ,0,0,0,0,0,0,0,0,0,-283000,0,0,0,116000,399000,-283000,-283000
07955P,大成鋼群益9B售02,0,0,0,0,0,0,0,0,0,-284000,0,0,0,39000,323000,-284000,-284000
08160P,茂林元富9B售03  ,0,0,0,0,0,0,0,0,0,-284000,0,0,0,248000,532000,-284000,-284000
064174,致新元富9C購02  ,0,0,0,0,0,0,0,0,0,-285000,0,0,0,0,285000,-285000,-285000
060126,創意永豐99購04  ,0,0,0,0,0,0,0,0,0,-285000,0,0,0,27000,312000,-285000,-285000
062290,聯發科富邦9C購04,0,0,0,0,0,0,0,0,0,-285000,0,0,0,463000,748000,-285000,-285000
064137,台泥統一02購01  ,0,0,0,0,0,0,0,0,0,-286000,0,0,0,0,286000,-286000,-286000
063610,儒鴻群益9B購02  ,0,0,0,0,0,0,0,0,0,-286000,0,0,0,245000,531000,-286000,-286000
057532,智原元大98購03  ,0,0,0,0,0,0,0,0,0,-286000,0,0,0,58000,344000,-286000,-286000
062142,喬山國票9B購01  ,0,0,0,0,0,0,0,0,0,-287000,0,0,0,53000,340000,-287000,-287000
064064,義隆富邦03購01  ,0,0,0,0,0,0,0,0,0,-288000,0,0,0,101000,389000,-288000,-288000
07071P,立積元富99售01  ,0,0,0,0,0,0,0,0,0,-288000,0,0,0,130000,418000,-288000,-288000
07648P,祥碩國票9B售01  ,0,0,0,0,0,0,0,0,0,-289000,0,0,0,386000,675000,-289000,-289000
052491,泰碩國票99購01  ,0,0,0,0,0,0,0,0,0,-289000,0,0,0,10000,299000,-289000,-289000
057444,台泥元富98購01  ,0,0,0,0,0,0,0,0,0,-289000,0,0,0,80000,369000,-289000,-289000
062868,葡萄王中信9B購01,0,0,0,0,0,0,0,0,0,-289000,0,0,0,50000,339000,-289000,-289000
055317,金寶國票98購01  ,0,0,0,0,0,0,0,0,0,-290000,0,0,0,0,290000,-290000,-290000
062100,矽格永豐9B購01  ,0,0,0,0,0,0,0,0,0,-290000,0,0,0,0,290000,-290000,-290000
056475,宏達電元大99購02,0,0,0,0,0,0,0,0,0,-291000,0,0,0,91000,382000,-291000,-291000
057356,彩晶統一98購04  ,0,0,0,0,0,0,0,0,0,-291000,0,0,0,133000,424000,-291000,-291000
058786,元黃金元大99購01,0,0,0,0,0,0,0,0,0,-291000,0,0,0,27000,318000,-291000,-291000
063076,柏文永豐9B購02  ,0,0,0,0,0,0,0,0,0,-291000,0,0,0,0,291000,-291000,-291000
07406P,大立光凱基99售18,0,0,0,0,0,0,0,0,0,-293000,0,0,0,499000,792000,-293000,-293000
07112P,聯發科群益99售05,0,0,0,0,0,0,0,0,0,-293000,0,0,0,0,293000,-293000,-293000
00693U,街口S&P黃豆     ,189000,212000,-23000,0,0,0,0,0,0,-270000,0,0,0,157000,427000,-270000,-293000
062339,瑞昱麥證9C購01  ,0,0,0,102000,450000,-348000,0,0,0,-293000,0,0,0,157000,450000,-293000,-293000
062046,矽格凱基9B購01  ,0,0,0,0,0,0,0,0,0,-293000,0,0,0,15000,308000,-293000,-293000
9919,康那香          ,50000,388000,-338000,0,0,0,0,20000,-20000,65000,25000,0,25000,40000,0,40000,-293000
1474,弘裕            ,249000,544000,-295000,0,0,0,0,0,0,1000,2000,1000,1000,0,0,0,-294000
062881,緯創兆豐9C購01  ,0,0,0,0,0,0,0,0,0,-294000,0,0,0,16000,310000,-294000,-294000
055265,玉晶光永豐98購03,0,0,0,0,0,0,0,0,0,-295000,0,0,0,375000,670000,-295000,-295000
062006,瑞昱國泰9C購01  ,0,0,0,0,0,0,0,0,0,-295000,0,0,0,90000,385000,-295000,-295000
061844,T50反1國票9C購02,0,0,0,0,0,0,0,0,0,-295000,0,0,0,2000,297000,-295000,-295000
063704,麗豐群益9B購01  ,0,0,0,0,0,0,0,0,0,-298000,0,0,0,53000,351000,-298000,-298000
08169P,台光電群益9B售04,0,0,0,0,0,0,0,0,0,-299000,0,0,0,52000,351000,-299000,-299000
03648C,T50反1元大96牛07,0,0,0,0,0,0,0,0,0,-299000,0,0,0,0,299000,-299000,-299000
063783,儒鴻中信9C購01  ,0,0,0,0,0,0,0,0,0,-300000,0,0,0,182000,482000,-300000,-300000
06891P,緯穎富邦99售03  ,0,0,0,0,0,0,0,0,0,-300000,0,0,0,0,300000,-300000,-300000
06600P,貿聯永豐98售01  ,0,0,0,0,0,0,0,0,0,-300000,0,0,0,20000,320000,-300000,-300000
064278,高鐵元大9C購02  ,0,0,0,0,0,0,0,0,0,-300000,0,0,0,0,300000,-300000,-300000
052458,T50反1統一97購01,0,0,0,0,0,0,0,0,0,-300000,0,0,0,0,300000,-300000,-300000
055376,群創元大01購01  ,0,0,0,0,0,0,0,0,0,-300000,0,0,0,0,300000,-300000,-300000
056301,開發金元大9A購01,0,0,0,0,0,0,0,0,0,-300000,0,0,0,0,300000,-300000,-300000
07993P,寶成群益9B售01  ,0,0,0,0,0,0,0,0,0,-301000,0,0,0,25000,326000,-301000,-301000
060007,鴻海群益99購04  ,0,0,0,0,0,0,0,0,0,-301000,0,0,0,3000,304000,-301000,-301000
056320,京鼎群益99購01  ,0,0,0,0,0,0,0,0,0,-302000,0,0,0,226000,528000,-302000,-302000
061587,美律富邦9A購02  ,0,0,0,0,0,0,0,0,0,-302000,0,0,0,0,302000,-302000,-302000
062477,聯詠國票9B購01  ,0,0,0,0,0,0,0,0,0,-302000,0,0,0,0,302000,-302000,-302000
2316,楠梓電          ,175000,462000,-287000,0,0,0,0,0,0,-16000,1000,0,1000,4000,21000,-17000,-303000
056211,南港國票98購01  ,0,0,0,0,0,0,0,0,0,-303000,0,0,0,4000,307000,-303000,-303000
063434,和潤元富9B購01  ,0,0,0,0,0,0,0,0,0,-304000,0,0,0,117000,421000,-304000,-304000
063073,瑞昱永豐9B購01  ,0,0,0,0,0,0,0,0,0,-304000,0,0,0,0,304000,-304000,-304000
063692,華擎永豐9B購02  ,0,0,0,0,0,0,0,0,0,-305000,0,0,0,0,305000,-305000,-305000
062519,元金2X元大9B購03,0,0,0,0,0,0,0,0,0,-305000,0,0,0,0,305000,-305000,-305000
054134,強茂元大96購01  ,0,0,0,0,0,0,0,0,0,-306000,0,0,0,139000,445000,-306000,-306000
05174P,元金2X富邦9B售01,0,0,0,0,0,0,0,0,0,-306000,0,0,0,14000,320000,-306000,-306000
3010,華立            ,214000,520000,-306000,0,0,0,0,0,0,0,0,0,0,0,0,0,-306000
058428,大立光元富99購02,0,0,0,0,0,0,0,0,0,-309000,0,0,0,17000,326000,-309000,-309000
061616,鴻海群益9A購07  ,0,0,0,0,0,0,0,0,0,-309000,0,0,0,10000,319000,-309000,-309000
057385,光罩永豐99購01  ,0,0,0,0,0,0,0,0,0,-310000,0,0,0,30000,340000,-310000,-310000
060298,鎧勝元大9C購01  ,0,0,0,0,0,0,0,0,0,-310000,0,0,0,5000,315000,-310000,-310000
061373,華通富邦9A購02  ,0,0,0,0,0,0,0,0,0,-311000,0,0,0,169000,480000,-311000,-311000
062981,祥碩元富9B購01  ,0,0,0,0,0,0,0,0,0,-311000,0,0,0,284000,595000,-311000,-311000
063185,聯發科凱基9C購03,0,0,0,0,0,0,0,0,0,-311000,0,0,0,210000,521000,-311000,-311000
06653P,美食元大98售02  ,0,0,0,0,0,0,0,0,0,-312000,0,0,0,25000,337000,-312000,-312000
06935P,神達元大98售02  ,0,0,0,0,0,0,0,0,0,-313000,0,0,0,0,313000,-313000,-313000
063075,祥碩永豐9B購04  ,0,0,0,0,0,0,0,0,0,-313000,0,0,0,142000,455000,-313000,-313000
062406,臻鼎永豐9B購01  ,0,0,0,0,0,0,0,0,0,-313000,0,0,0,83000,396000,-313000,-313000
06982P,義隆凱基99售02  ,0,0,0,0,0,0,0,0,0,-314000,0,0,0,477000,791000,-314000,-314000
062497,遠東新群益9B購01,0,0,0,0,0,0,0,0,0,-314000,0,0,0,128000,442000,-314000,-314000
061944,聯電群益9B購01  ,0,0,0,0,0,0,0,0,0,-314000,0,0,0,46000,360000,-314000,-314000
057992,大立光日盛98購01,0,0,0,0,0,0,0,0,0,-316000,0,0,0,20000,336000,-316000,-316000
064118,喬山元大01購01  ,0,0,0,0,0,0,0,0,0,-317000,0,0,0,85000,402000,-317000,-317000
056710,漢唐永豐98購01  ,0,0,0,0,0,0,0,0,0,-317000,0,0,0,10000,327000,-317000,-317000
062604,東元凱基9B購01  ,0,0,0,0,0,0,0,0,0,-318000,0,0,0,33000,351000,-318000,-318000
3311,閎暉            ,119000,440000,-321000,0,0,0,0,0,0,2000,3000,1000,2000,0,0,0,-319000
058723,元石油國泰9A購01,0,0,0,0,0,0,0,0,0,-320000,0,0,0,30000,350000,-320000,-320000
2329,華泰            ,306400,634000,-327600,0,0,0,0,0,0,7000,10000,0,10000,0,3000,-3000,-320600
057616,聯電凱基99購01  ,30000,0,30000,0,0,0,0,0,0,-351000,0,0,0,33000,384000,-351000,-321000
058229,為升元大99購02  ,0,0,0,0,0,0,0,0,0,-322000,0,0,0,228000,550000,-322000,-322000
058546,玉晶光富邦9B購01,0,0,0,0,0,0,0,0,0,-322000,0,0,0,143000,465000,-322000,-322000
062321,力成台新9B購01  ,0,0,0,0,0,0,0,0,0,-324000,0,0,0,93000,417000,-324000,-324000
063223,牧德群益9B購04  ,0,0,0,0,0,0,0,0,0,-324000,0,0,0,83000,407000,-324000,-324000
062018,台勝科永豐9B購01,0,0,0,0,0,0,0,0,0,-324000,0,0,0,38000,362000,-324000,-324000
062097,台光電永豐9B購01,0,0,0,0,0,0,0,0,0,-324000,0,0,0,0,324000,-324000,-324000
062088,緯穎元大9B購04  ,0,0,0,0,0,0,0,0,0,-324000,0,0,0,43000,367000,-324000,-324000
07904P,聯發科群益9B售05,0,0,0,0,0,0,0,0,0,-325000,0,0,0,20000,345000,-325000,-325000
063399,智原群益9B購01  ,0,0,0,0,0,0,0,0,0,-325000,0,0,0,122000,447000,-325000,-325000
03445B,臺股指元大02熊01,0,0,0,0,0,0,0,0,0,-327000,0,0,0,289000,616000,-327000,-327000
062402,台勝科永豐9B購02,0,0,0,0,0,0,0,0,0,-327000,0,0,0,0,327000,-327000,-327000
3026,禾伸堂          ,266000,518000,-252000,0,0,0,147000,200000,-53000,-23000,1000,11000,-10000,13000,26000,-13000,-328000
063342,台光電統一9B購02,0,0,0,0,0,0,0,0,0,-330000,0,0,0,68000,398000,-330000,-330000
056089,同欣電統一98購01,0,0,0,0,0,0,0,0,0,-331000,0,0,0,0,331000,-331000,-331000
06853P,華擎元富98售03  ,0,0,0,0,0,0,0,0,0,-332000,0,0,0,77000,409000,-332000,-332000
063660,儒鴻統一9C購01  ,0,0,0,0,0,0,0,0,0,-333000,0,0,0,348000,681000,-333000,-333000
07174P,臺股指國票99售11,0,0,0,0,0,0,0,0,0,-334000,0,0,0,330000,664000,-334000,-334000
055902,同欣電中信99購01,0,0,0,0,0,0,0,0,0,-335000,0,0,0,399000,734000,-335000,-335000
2451,創見            ,67000,462000,-395000,0,0,0,80000,0,80000,-21000,2000,0,2000,0,23000,-23000,-336000
063493,金像電富邦01購01,0,0,0,0,0,0,0,0,0,-336000,0,0,0,0,336000,-336000,-336000
063110,牧德兆豐9B購01  ,0,0,0,0,0,0,0,0,0,-336000,0,0,0,158000,494000,-336000,-336000
063866,聯發科永豐9C購01,0,0,0,0,0,0,0,0,0,-337000,0,0,0,0,337000,-337000,-337000
06507P,台表科國票99售01,0,0,0,0,0,0,0,0,0,-337000,0,0,0,23000,360000,-337000,-337000
054928,帆宣凱基98購01  ,0,0,0,0,0,0,0,0,0,-337000,0,0,0,93000,430000,-337000,-337000
058139,臻鼎元大99購01  ,0,0,0,0,0,0,0,0,0,-337000,0,0,0,73000,410000,-337000,-337000
064167,緯穎統一01購03  ,0,0,0,0,0,0,0,0,0,-338000,0,0,0,30000,368000,-338000,-338000
057839,台積電富邦9A購02,0,0,0,0,0,0,0,0,0,-338000,0,0,0,0,338000,-338000,-338000
056943,華通統一99購01  ,0,0,0,0,0,0,0,0,0,-338000,0,0,0,144000,482000,-338000,-338000
063296,可成麥證9B購01  ,0,0,0,11000,351000,-340000,0,0,0,-340000,0,0,0,11000,351000,-340000,-340000
063186,聯發科凱基9C購04,0,0,0,0,0,0,0,0,0,-340000,0,0,0,0,340000,-340000,-340000
3019,亞光            ,433000,752000,-319000,0,0,0,0,0,0,-21000,13000,14000,-1000,0,20000,-20000,-340000
055810,T50反1國票99購01,0,0,0,0,0,0,0,0,0,-341000,0,0,0,41000,382000,-341000,-341000
059008,鈺齊元大99購03  ,0,0,0,0,0,0,0,0,0,-343000,0,0,0,413000,756000,-343000,-343000
07088P,訊芯永豐99售02  ,0,0,0,0,0,0,0,0,0,-344000,0,0,0,20000,364000,-344000,-344000
059090,台新金元大99購01,0,0,0,0,0,0,0,0,0,-344000,0,0,0,68000,412000,-344000,-344000
06503P,臺股指中信9A售02,0,0,0,0,0,0,0,0,0,-346000,0,0,0,234000,580000,-346000,-346000
00638R,元大滬深300反1  ,6000,28000,-22000,0,0,0,0,0,0,-324000,0,0,0,235000,559000,-324000,-346000
058807,和大統一9B購01  ,0,0,0,0,0,0,0,0,0,-347000,0,0,0,10000,357000,-347000,-347000
059644,茂林凱基99購03  ,0,0,0,0,0,0,0,0,0,-347000,0,0,0,1000,348000,-347000,-347000
061900,志超永豐9B購01  ,0,0,0,0,0,0,0,0,0,-347000,0,0,0,256000,603000,-347000,-347000
8210,勤誠            ,87000,400000,-313000,0,0,0,0,0,0,-34000,1000,13000,-12000,9000,31000,-22000,-347000
06750P,聯發科元富02售03,0,0,0,0,0,0,0,0,0,-348000,0,0,0,155000,503000,-348000,-348000
07646P,世芯元大9A售04  ,0,0,0,0,0,0,0,0,0,-349000,0,0,0,247000,596000,-349000,-349000
07889P,旭富國票9B售01  ,0,0,0,0,0,0,0,0,0,-349000,0,0,0,72000,421000,-349000,-349000
08108P,聯發科元富9B售03,0,0,0,0,0,0,0,0,0,-349000,0,0,0,40000,389000,-349000,-349000
06771P,台灣50中信02售01,0,0,0,0,0,0,0,0,0,-350000,0,0,0,0,350000,-350000,-350000
063437,聚陽統一01購01  ,0,0,0,0,0,0,0,0,0,-350000,0,0,0,851000,1201000,-350000,-350000
055458,燿華永豐98購01  ,0,0,0,0,0,0,0,0,0,-350000,0,0,0,0,350000,-350000,-350000
060770,宏達電麥證9A購01,0,0,0,110000,460000,-350000,0,0,0,-350000,0,0,0,110000,460000,-350000,-350000
062602,華通麥證9C購01  ,0,0,0,0,350000,-350000,0,0,0,-350000,0,0,0,0,350000,-350000,-350000
06552P,茂林元大99售02  ,0,0,0,0,0,0,0,0,0,-351000,0,0,0,110000,461000,-351000,-351000
062232,聯詠麥證9C購01  ,0,0,0,0,351000,-351000,0,0,0,-351000,0,0,0,0,351000,-351000,-351000
3006,晶豪科          ,278000,387000,-109000,0,0,0,0,0,0,-243000,2000,72000,-70000,0,173000,-173000,-352000
063820,華邦電麥證01購01,0,0,0,50000,393000,-343000,0,0,0,-353000,0,0,0,70000,423000,-353000,-353000
1467,南緯            ,187000,542000,-355000,0,0,0,0,0,0,1000,2000,1000,1000,0,0,0,-354000
07652P,臺股指中信9A售07,0,0,0,0,0,0,0,0,0,-355000,0,0,0,10000,365000,-355000,-355000
063563,國巨元大9C購07  ,0,0,0,0,0,0,0,0,0,-355000,0,0,0,18000,373000,-355000,-355000
055943,瑞昱麥證97購01  ,0,0,0,0,355000,-355000,0,0,0,-355000,0,0,0,0,355000,-355000,-355000
063575,矽格元大9B購02  ,0,0,0,0,0,0,0,0,0,-356000,0,0,0,72000,428000,-356000,-356000
057613,瑞昱元富02購02  ,0,0,0,0,0,0,0,0,0,-356000,0,0,0,66000,422000,-356000,-356000
059778,上証2X元大9C購03,0,0,0,0,0,0,0,0,0,-358000,0,0,0,0,358000,-358000,-358000
061822,和潤群益9B購01  ,0,0,0,0,0,0,0,0,0,-359000,0,0,0,287000,646000,-359000,-359000
06822P,上銀富邦99售03  ,0,0,0,0,0,0,0,0,0,-360000,0,0,0,385000,745000,-360000,-360000
051847,香港反中信99購01,0,0,0,0,0,0,0,0,0,-361000,0,0,0,141000,502000,-361000,-361000
052847,漢唐統一99購01  ,0,0,0,0,0,0,0,0,0,-362000,0,0,0,58000,420000,-362000,-362000
056357,台積電元大9A購01,0,0,0,0,0,0,0,0,0,-362000,0,0,0,19000,381000,-362000,-362000
061991,牧德元大9C購01  ,0,0,0,0,0,0,0,0,0,-362000,0,0,0,146000,508000,-362000,-362000
063817,GIS群益9C購01   ,0,0,0,0,0,0,0,0,0,-365000,0,0,0,21000,386000,-365000,-365000
063741,GIS元大9B購04   ,0,0,0,0,0,0,0,0,0,-365000,0,0,0,225000,590000,-365000,-365000
063653,儒鴻元富9B購01  ,0,0,0,0,0,0,0,0,0,-366000,0,0,0,501000,867000,-366000,-366000
057199,台達電元富02購01,0,0,0,0,0,0,0,0,0,-366000,0,0,0,140000,506000,-366000,-366000
058645,康控富邦01購01  ,0,0,0,0,0,0,0,0,0,-367000,0,0,0,198000,565000,-367000,-367000
046061,中石化凱基98購01,0,0,0,0,0,0,0,0,0,-367000,0,0,0,110000,477000,-367000,-367000
055681,奇鋐凱基98購03  ,0,0,0,0,0,0,0,0,0,-370000,0,0,0,0,370000,-370000,-370000
061033,台光電永豐9A購01,0,0,0,0,0,0,0,0,0,-370000,0,0,0,30000,400000,-370000,-370000
060682,牧德元大9A購03  ,0,0,0,0,0,0,0,0,0,-372000,0,0,0,139000,511000,-372000,-372000
062265,南茂元大9B購01  ,0,0,0,0,0,0,0,0,0,-373000,0,0,0,290000,663000,-373000,-373000
2412,中華電          ,3525000,3781781,-256781,0,0,0,0,113000,-113000,-4000,24000,28000,-4000,0,0,0,-373781
059293,宏達電元富9B購01,0,0,0,0,0,0,0,0,0,-374000,0,0,0,298000,672000,-374000,-374000
061720,智邦國泰9C購01  ,0,0,0,0,0,0,0,0,0,-375000,0,0,0,45000,420000,-375000,-375000
08216P,聯發科群益9C售05,0,0,0,0,0,0,0,0,0,-376000,0,0,0,50000,426000,-376000,-376000
07100P,華航元大99售01  ,0,0,0,0,0,0,0,0,0,-377000,0,0,0,9000,386000,-377000,-377000
08155P,聯發科元富9B售05,0,0,0,0,0,0,0,0,0,-379000,0,0,0,20000,399000,-379000,-379000
062955,立積永豐9B購02  ,0,0,0,0,0,0,0,0,0,-379000,0,0,0,145000,524000,-379000,-379000
064053,祥碩統一02購01  ,0,0,0,0,0,0,0,0,0,-380000,0,0,0,20000,400000,-380000,-380000
052911,友達統一97購02  ,0,0,0,0,0,0,0,0,0,-380000,0,0,0,118000,498000,-380000,-380000
055331,國巨兆豐99購01  ,0,0,0,0,0,0,0,0,0,-380000,0,0,0,35000,415000,-380000,-380000
3036,文曄            ,240000,564000,-324000,0,0,0,0,0,0,-56000,6000,48000,-42000,40000,54000,-14000,-380000
058801,致伸元大99購01  ,0,0,0,0,0,0,0,0,0,-382000,0,0,0,242000,624000,-382000,-382000
060851,國巨國泰9C購01  ,0,0,0,0,0,0,0,0,0,-382000,0,0,0,427000,809000,-382000,-382000
060784,鴻海富邦9C購01  ,0,0,0,0,0,0,0,0,0,-384000,0,0,0,419000,803000,-384000,-384000
056061,國泰金元大97購02,0,0,0,0,0,0,0,0,0,-385000,0,0,0,0,385000,-385000,-385000
062836,同欣電群益9B購02,0,0,0,0,0,0,0,0,0,-385000,0,0,0,91000,476000,-385000,-385000
063196,力成元富9B購01  ,0,0,0,0,0,0,0,0,0,-385000,0,0,0,68000,453000,-385000,-385000
063779,華邦電永豐9B購01,0,0,0,0,0,0,0,0,0,-389000,0,0,0,20000,409000,-389000,-389000
058410,國巨兆豐99購03  ,0,0,0,0,0,0,0,0,0,-389000,0,0,0,17000,406000,-389000,-389000
062466,FBVIX凱基9B購01 ,0,0,0,0,0,0,0,0,0,-389000,0,0,0,236000,625000,-389000,-389000
063554,GIS國票9C購03   ,0,0,0,0,0,0,0,0,0,-390000,0,0,0,42000,432000,-390000,-390000
08206P,鴻海群益9C售03  ,0,0,0,0,0,0,0,0,0,-392000,0,0,0,0,392000,-392000,-392000
059931,緯穎富邦9A購01  ,0,0,0,0,0,0,0,0,0,-392000,0,0,0,0,392000,-392000,-392000
062494,中石化中信9C購01,0,0,0,0,0,0,0,0,0,-393000,0,0,0,128000,521000,-393000,-393000
07055P,景碩群益9A售02  ,0,0,0,0,0,0,0,0,0,-395000,0,0,0,10000,405000,-395000,-395000
2535,達欣工          ,526000,694000,-168000,0,0,0,0,0,0,-228000,59000,287000,-228000,0,0,0,-396000
062949,聯發科富邦01購01,0,0,0,0,0,0,0,0,0,-396000,0,0,0,11000,407000,-396000,-396000
060868,致伸永豐9A購01  ,0,0,0,0,0,0,0,0,0,-397000,0,0,0,0,397000,-397000,-397000
060309,佳世達永豐9A購01,0,0,0,0,0,0,0,0,0,-399000,0,0,0,0,399000,-399000,-399000
063248,創意元大9C購01  ,0,0,0,0,0,0,0,0,0,-399000,0,0,0,30000,429000,-399000,-399000
4414,如興            ,810000,1227000,-417000,0,0,0,0,0,0,18000,18000,0,18000,0,0,0,-399000
054365,遠東新中信96購01,0,0,0,0,0,0,0,0,0,-400000,0,0,0,0,400000,-400000,-400000
050911,光磊中信98購01  ,0,0,0,0,0,0,0,0,0,-400000,0,0,0,0,400000,-400000,-400000
06067P,華新科康和97售01,0,0,0,0,0,0,0,0,0,-400000,0,0,0,60000,460000,-400000,-400000
058779,大立光國票9A購02,0,0,0,0,0,0,0,0,0,-400000,0,0,0,1000,401000,-400000,-400000
062666,和碩群益9B購01  ,0,0,0,0,0,0,0,0,0,-400000,0,0,0,85000,485000,-400000,-400000
08303P,聯發科富邦9C售05,0,0,0,0,0,0,0,0,0,-401000,0,0,0,0,401000,-401000,-401000
063905,健策麥證02購01  ,0,0,0,0,401000,-401000,0,0,0,-401000,0,0,0,0,401000,-401000,-401000
058733,同欣電永豐99購02,0,0,0,0,0,0,0,0,0,-403000,0,0,0,341000,744000,-403000,-403000
00671R,富邦NASDAQ反1   ,213000,0,213000,0,0,0,0,0,0,-617000,0,0,0,146000,763000,-617000,-404000
054164,強茂凱基98購01  ,0,0,0,0,0,0,0,0,0,-405000,0,0,0,47000,452000,-405000,-405000
056917,國巨兆豐98購03  ,0,0,0,0,0,0,0,0,0,-405000,0,0,0,5000,410000,-405000,-405000
06763P,技嘉元大98售05  ,0,0,0,0,0,0,0,0,0,-406000,0,0,0,97000,503000,-406000,-406000
053827,漢唐麥證9A購01  ,0,0,0,0,421000,-421000,0,0,0,-406000,0,0,0,15000,421000,-406000,-406000
060312,潤泰全永豐9A購01,0,0,0,0,0,0,0,0,0,-406000,0,0,0,44000,450000,-406000,-406000
062597,世紀鋼統一01購01,0,0,0,0,0,0,0,0,0,-406000,0,0,0,251000,657000,-406000,-406000
061516,力成永豐9A購02  ,0,0,0,0,0,0,0,0,0,-406000,0,0,0,0,406000,-406000,-406000
063170,智邦第一9B購01  ,0,0,0,0,0,0,0,0,0,-407000,0,0,0,83000,490000,-407000,-407000
062972,京元電元富9B購01,0,0,0,0,0,0,0,0,0,-410000,0,0,0,438000,848000,-410000,-410000
06674P,祥碩群益98售02  ,0,0,0,0,0,0,0,0,0,-412000,0,0,0,238000,650000,-412000,-412000
057203,麗豐元富98購02  ,0,0,0,0,0,0,0,0,0,-413000,0,0,0,263000,676000,-413000,-413000
062663,聯發科群益9B購07,0,0,0,0,0,0,0,0,0,-413000,0,0,0,88000,501000,-413000,-413000
063232,裕隆元大9B購01  ,0,0,0,0,0,0,0,0,0,-414000,0,0,0,158000,572000,-414000,-414000
3023,信邦            ,229000,407793,-178793,0,0,0,0,211159,-211159,-27000,4000,0,4000,1000,32000,-31000,-416952
00640L,富邦日本正2     ,0,0,0,0,0,0,0,0,0,-417000,0,0,0,745000,1162000,-417000,-417000
062982,同欣電元富9B購01,0,0,0,0,0,0,0,0,0,-417000,0,0,0,250000,667000,-417000,-417000
058677,矽格群益99購01  ,0,0,0,0,0,0,0,0,0,-420000,0,0,0,0,420000,-420000,-420000
063436,儒鴻統一01購03  ,0,0,0,0,0,0,0,0,0,-422000,0,0,0,193000,615000,-422000,-422000
08112P,臺股指中信01售07,0,2000,-2000,0,0,0,0,0,0,-421000,0,0,0,79000,500000,-421000,-423000
3661,世芯-KY         ,292000,859000,-567000,0,0,0,190000,5620,184380,-41000,10000,21000,-11000,2000,32000,-30000,-423620
06696P,台灣50國票99售01,0,0,0,0,0,0,0,0,0,-424000,0,0,0,0,424000,-424000,-424000
08183P,聯發科永豐9B售04,0,0,0,0,0,0,0,0,0,-427000,0,0,0,0,427000,-427000,-427000
057050,群創元大99購03  ,0,0,0,0,0,0,0,0,0,-427000,0,0,0,0,427000,-427000,-427000
057581,元大金中信9A購01,0,0,0,0,0,0,0,0,0,-427000,0,0,0,48000,475000,-427000,-427000
062655,漢唐永豐9B購01  ,0,0,0,0,0,0,0,0,0,-427000,0,0,0,0,427000,-427000,-427000
6552,易華電          ,84000,372000,-288000,0,0,0,13000,56000,-43000,-96000,0,0,0,22000,118000,-96000,-427000
055891,鴻海統一9A購01  ,0,0,0,0,0,0,0,0,0,-428000,0,0,0,702000,1130000,-428000,-428000
08270P,鴻海富邦9C售02  ,0,0,0,0,0,0,0,0,0,-430000,0,0,0,25000,455000,-430000,-430000
053279,景碩元大97購01  ,0,0,0,0,0,0,0,0,0,-430000,0,0,0,88000,518000,-430000,-430000
063975,台積電兆豐9C購01,0,0,0,0,0,0,0,0,0,-432000,0,0,0,10000,442000,-432000,-432000
058266,宏達電永豐99購01,0,0,0,0,0,0,0,0,0,-432000,0,0,0,0,432000,-432000,-432000
063049,上海銀兆豐9B購01,0,0,0,0,0,0,0,0,0,-432000,0,0,0,112000,544000,-432000,-432000
057187,群創元大9B購04  ,0,0,0,0,0,0,0,0,0,-438000,0,0,0,0,438000,-438000,-438000
063863,儒鴻富邦02購01  ,0,0,0,0,0,0,0,0,0,-439000,0,0,0,81000,520000,-439000,-439000
063508,緯創群益9B購01  ,0,0,0,0,0,0,0,0,0,-439000,0,0,0,73000,512000,-439000,-439000
06668P,祥碩凱基98售02  ,0,0,0,0,0,0,0,0,0,-440000,0,0,0,0,440000,-440000,-440000
063419,聯發科凱基03購01,0,0,0,0,0,0,0,0,0,-446000,0,0,0,0,446000,-446000,-446000
061394,FBVIX統一9B購01 ,0,0,0,0,0,0,0,0,0,-446000,0,0,0,5000,451000,-446000,-446000
053083,中環元大99購01  ,0,0,0,0,0,0,0,0,0,-450000,0,0,0,0,450000,-450000,-450000
058062,上銀中信98購01  ,0,0,0,0,0,0,0,0,0,-450000,0,0,0,1000,451000,-450000,-450000
058776,台積電國票9A購03,0,0,0,0,0,0,0,0,0,-450000,0,0,0,37000,487000,-450000,-450000
061702,奇鋐國票9A購02  ,0,0,0,0,0,0,0,0,0,-450000,0,0,0,7000,457000,-450000,-450000
062817,富邦金兆豐9B購01,0,0,0,0,0,0,0,0,0,-450000,0,0,0,45000,495000,-450000,-450000
062731,力成凱基9B購02  ,0,0,0,0,0,0,0,0,0,-451000,0,0,0,20000,471000,-451000,-451000
063433,臻鼎元富9B購01  ,0,0,0,0,0,0,0,0,0,-452000,0,0,0,154000,606000,-452000,-452000
063984,華邦電國泰02購01,0,0,0,0,0,0,0,0,0,-452000,0,0,0,119000,571000,-452000,-452000
062384,聯詠國泰9C購01  ,0,0,0,0,0,0,0,0,0,-452000,0,0,0,15000,467000,-452000,-452000
07899P,和大凱基9B售01  ,0,0,0,0,0,0,0,0,0,-453000,0,0,0,170000,623000,-453000,-453000
07872P,聯發科群益9B售03,0,0,0,0,0,0,0,0,0,-453000,0,0,0,0,453000,-453000,-453000
062340,力成麥證9B購01  ,0,0,0,152000,605000,-453000,0,0,0,-453000,0,0,0,152000,605000,-453000,-453000
06727P,台光電元大98售05,0,0,0,0,0,0,0,0,0,-455000,0,0,0,44000,499000,-455000,-455000
05722P,玉晶光國票97售03,0,0,0,0,0,0,0,0,0,-455000,0,0,0,153000,608000,-455000,-455000
063874,志超永豐9C購01  ,0,0,0,0,0,0,0,0,0,-457000,0,0,0,209000,666000,-457000,-457000
061818,富邦金群益9C購01,0,0,0,0,0,0,0,0,0,-457000,0,0,0,24000,481000,-457000,-457000
057813,京元電元大98購03,0,0,0,0,0,0,0,0,0,-459000,0,0,0,1065000,1524000,-459000,-459000
063626,聚陽元大9B購03  ,0,0,0,0,0,0,0,0,0,-460000,0,0,0,95000,555000,-460000,-460000
07816P,聯發科群益9A售02,0,0,0,0,0,0,0,0,0,-461000,0,0,0,0,461000,-461000,-461000
063050,葡萄王統一01購01,0,0,0,0,0,0,0,0,0,-461000,0,0,0,530000,991000,-461000,-461000
063680,寶成富邦9C購01  ,0,0,0,0,0,0,0,0,0,-464000,0,0,0,344000,808000,-464000,-464000
059281,創意永豐99購02  ,0,0,0,0,0,0,0,0,0,-467000,0,0,0,57000,524000,-467000,-467000
063149,聯發科元富05購02,0,0,0,0,0,0,0,0,0,-470000,0,0,0,44000,514000,-470000,-470000
059140,大立光兆豐9A購02,0,0,0,0,0,0,0,0,0,-472000,0,0,0,0,472000,-472000,-472000
08101P,超眾群益9B售02  ,0,0,0,0,0,0,0,0,0,-474000,0,0,0,0,474000,-474000,-474000
3532,台勝科          ,683000,472000,211000,0,0,0,0,715000,-715000,29000,16000,0,16000,51000,38000,13000,-475000
3016,嘉晶            ,630000,1033000,-403000,0,0,0,0,0,0,-72000,2000,0,2000,14000,88000,-74000,-475000
063227,祥碩群益9B購06  ,0,0,0,0,0,0,0,0,0,-480000,0,0,0,90000,570000,-480000,-480000
2390,云辰            ,117000,598000,-481000,0,0,0,0,0,0,0,0,0,0,0,0,0,-481000
061398,力成中信9A購01  ,0,0,0,0,0,0,0,0,0,-481000,0,0,0,135000,616000,-481000,-481000
063546,國巨兆豐9C購03  ,0,0,0,0,0,0,0,0,0,-483000,0,0,0,5000,488000,-483000,-483000
056589,康控統一98購01  ,0,0,0,0,0,0,0,0,0,-484000,0,0,0,656000,1140000,-484000,-484000
00683L,元大美元指數正2 ,0,0,0,0,0,0,0,0,0,-488000,0,0,0,133000,621000,-488000,-488000
056604,鴻海富邦9A購01  ,0,0,0,0,0,0,0,0,0,-489000,0,0,0,10000,499000,-489000,-489000
061610,力成統一9C購01  ,0,0,0,0,0,0,0,0,0,-489000,0,0,0,528000,1017000,-489000,-489000
057249,華邦電統一9A購01,0,0,0,0,0,0,0,0,0,-490000,0,0,0,180000,670000,-490000,-490000
07861P,台灣50中信03售08,0,0,0,0,0,0,0,0,0,-491000,0,0,0,20000,511000,-491000,-491000
062807,和碩統一9B購01  ,0,0,0,0,0,0,0,0,0,-493000,0,0,0,12000,505000,-493000,-493000
06619P,聯發科元大98售06,0,0,0,0,0,0,0,0,0,-495000,0,0,0,539000,1034000,-495000,-495000
060226,道瓊反元大9A購01,0,0,0,0,0,0,0,0,0,-495000,0,0,0,65000,560000,-495000,-495000
00738U,元大道瓊白銀    ,13000,13000,0,0,0,0,0,0,0,-496000,0,0,0,172000,668000,-496000,-496000
08180P,聯發科國泰01售05,0,0,0,0,0,0,0,0,0,-497000,0,0,0,12000,509000,-497000,-497000
063439,正隆統一01購01  ,0,0,0,0,0,0,0,0,0,-498000,0,0,0,233000,731000,-498000,-498000
062549,中租永豐9B購01  ,0,0,0,0,0,0,0,0,0,-499000,0,0,0,10000,509000,-499000,-499000
062681,全新統一01購01  ,0,0,0,0,0,0,0,0,0,-500000,0,0,0,170000,670000,-500000,-500000
6251,定穎            ,628000,1028000,-400000,0,0,0,0,2817,-2817,-99000,1000,0,1000,0,100000,-100000,-501817
062348,聯發科群益9B購06,0,0,0,0,0,0,0,0,0,-502000,0,0,0,51000,553000,-502000,-502000
063689,可成永豐9B購04  ,0,0,0,0,0,0,0,0,0,-504000,0,0,0,11000,515000,-504000,-504000
00653L,富邦印度正2     ,722000,2141000,-1419000,0,0,0,0,0,0,914750,0,0,0,4476000,3561250,914750,-504250
07774P,台灣50群益9A售16,0,0,0,0,0,0,0,0,0,-511000,0,0,0,30000,541000,-511000,-511000
058496,文曄群益99購01  ,0,0,0,0,0,0,0,0,0,-513000,0,0,0,0,513000,-513000,-513000
057887,智原群益98購04  ,0,0,0,0,0,0,0,0,0,-513000,0,0,0,37000,550000,-513000,-513000
08189P,超眾群益9B售04  ,0,0,0,0,0,0,0,0,0,-514000,0,0,0,51000,565000,-514000,-514000
07981P,上銀群益9B售04  ,0,0,0,0,0,0,0,0,0,-515000,0,0,0,14000,529000,-515000,-515000
4915,致伸            ,607000,1686000,-1079000,0,0,0,471000,0,471000,93000,3000,0,3000,100000,10000,90000,-515000
062699,台積電元大01購02,0,0,0,0,0,0,0,0,0,-516000,0,0,0,662000,1178000,-516000,-516000
062153,智邦麥證9B購01  ,0,0,0,40000,539000,-499000,0,0,0,-519000,0,0,0,40000,559000,-519000,-519000
07026P,超眾凱基99售03  ,0,0,0,0,0,0,0,0,0,-520000,0,0,0,0,520000,-520000,-520000
063664,漢唐統一9C購01  ,0,0,0,0,0,0,0,0,0,-521000,0,0,0,54000,575000,-521000,-521000
07782P,寶成凱基9A售02  ,0,0,0,0,0,0,0,0,0,-522000,0,0,0,0,522000,-522000,-522000
064207,國巨凱基03購02  ,0,0,0,0,0,0,0,0,0,-524000,0,0,0,0,524000,-524000,-524000
056241,緯創群益97購01  ,0,0,0,0,0,0,0,0,0,-525000,0,0,0,6000,531000,-525000,-525000
064055,台郡統一02購01  ,0,0,0,0,0,0,0,0,0,-527000,0,0,0,70000,597000,-527000,-527000
8261,富鼎            ,89000,616000,-527000,0,0,0,0,0,0,0,0,0,0,0,0,0,-527000
058178,國巨國泰9A購02  ,0,0,0,0,0,0,0,0,0,-528000,0,0,0,0,528000,-528000,-528000
060431,復盛永豐9A購01  ,0,0,0,0,0,0,0,0,0,-530000,0,0,0,15000,545000,-530000,-530000
061085,聯茂兆豐9A購01  ,0,0,0,0,0,0,0,0,0,-530000,0,0,0,72000,602000,-530000,-530000
064238,玉晶光統一01購08,0,0,0,0,0,0,0,0,0,-533000,0,0,0,3000,536000,-533000,-533000
054565,玉晶光群益99購02,0,0,0,0,0,0,0,0,0,-534000,0,0,0,21000,555000,-534000,-534000
063452,創意統一01購01  ,0,0,0,0,0,0,0,0,0,-537000,0,0,0,7000,544000,-537000,-537000
058495,元大金群益9B購01,0,0,0,0,0,0,0,0,0,-537000,0,0,0,325000,862000,-537000,-537000
056584,鴻海統一9B購01  ,0,0,0,0,0,0,0,0,0,-541000,0,0,0,1366000,1907000,-541000,-541000
057195,南茂元大98購01  ,0,0,0,0,0,0,0,0,0,-542000,0,0,0,195000,737000,-542000,-542000
063140,聯發科統一9B購08,0,0,0,0,0,0,0,0,0,-542000,0,0,0,57000,599000,-542000,-542000
059908,元金2X元大99購01,0,0,0,0,0,0,0,0,0,-547000,0,0,0,0,547000,-547000,-547000
1762,中化生          ,435000,981000,-546000,0,0,0,0,0,0,-6000,0,6000,-6000,0,0,0,-552000
054640,健策中信9B購01  ,0,0,0,0,0,0,0,0,0,-553000,0,0,0,17000,570000,-553000,-553000
050283,T50反1凱基9A購01,0,0,0,0,0,0,0,0,0,-553000,0,0,0,1000,554000,-553000,-553000
056693,國產群益98購01  ,0,0,0,0,0,0,0,0,0,-558000,0,0,0,150000,708000,-558000,-558000
06801P,技嘉群益99售02  ,0,0,0,0,0,0,0,0,0,-561000,0,0,0,117000,678000,-561000,-561000
062034,同欣電群益9B購01,0,0,0,0,0,0,0,0,0,-561000,0,0,0,229000,790000,-561000,-561000
062828,聯詠群益9B購02  ,0,0,0,0,0,0,0,0,0,-562000,0,0,0,120000,682000,-562000,-562000
062057,華邦電統一01購01,0,0,0,0,0,0,0,0,0,-568000,0,0,0,322000,890000,-568000,-568000
060415,葡萄王永豐9A購01,0,0,0,0,0,0,0,0,0,-569000,0,0,0,55000,624000,-569000,-569000
057016,中石化凱基9B購01,0,0,0,0,0,0,0,0,0,-582000,0,0,0,228000,810000,-582000,-582000
062956,同欣電永豐9B購02,0,0,0,0,0,0,0,0,0,-582000,0,0,0,18000,600000,-582000,-582000
059123,訊芯永豐99購03  ,0,0,0,0,0,0,0,0,0,-583000,0,0,0,296000,879000,-583000,-583000
063393,華通群益9C購05  ,0,0,0,0,0,0,0,0,0,-587000,0,0,0,0,587000,-587000,-587000
061432,世紀鋼元大9A購05,0,0,0,0,0,0,0,0,0,-588000,0,0,0,252000,840000,-588000,-588000
058210,臺股指凱基9C購04,0,0,0,0,0,0,0,0,0,-589000,0,0,0,244000,833000,-589000,-589000
2347,聯強            ,2329000,2795079,-466079,0,0,0,309000,0,309000,-434000,15000,402000,-387000,0,47000,-47000,-591079
056954,聯詠富邦9A購01  ,0,0,0,0,0,0,0,0,0,-598000,0,0,0,249000,847000,-598000,-598000
063405,聯發科國票9C購03,0,0,0,0,0,0,0,0,0,-599000,0,0,0,228000,827000,-599000,-599000
4919,新唐            ,99000,738000,-639000,0,0,0,0,0,0,38000,8000,4000,4000,42000,8000,34000,-601000
060380,T50反1凱基9A購08,0,0,0,0,0,0,0,0,0,-603000,0,0,0,50000,653000,-603000,-603000
061417,力成群益9A購01  ,0,0,0,0,0,0,0,0,0,-603000,0,0,0,61000,664000,-603000,-603000
07976P,聯發科群益9C售02,0,0,0,0,0,0,0,0,0,-607000,0,0,0,22000,629000,-607000,-607000
6452,康友-KY         ,53000,574000,-521000,0,0,0,0,0,0,-89000,0,0,0,1000,90000,-89000,-610000
063146,南六統一9B購02  ,0,0,0,0,0,0,0,0,0,-611000,0,0,0,219000,830000,-611000,-611000
07693P,群創元大9B售10  ,0,0,0,0,0,0,0,0,0,-612000,0,0,0,50000,662000,-612000,-612000
08249P,聯發科群益9C售06,0,0,0,0,0,0,0,0,0,-612000,0,0,0,0,612000,-612000,-612000
055421,玉晶光永豐98購04,0,0,0,0,0,0,0,0,0,-616000,0,0,0,141000,757000,-616000,-616000
060489,世紀鋼群益9A購01,0,0,0,0,0,0,0,0,0,-619000,0,0,0,344000,963000,-619000,-619000
062746,致伸永豐9B購01  ,0,0,0,0,0,0,0,0,0,-621000,0,0,0,10000,631000,-621000,-621000
062822,力成兆豐9B購01  ,0,0,0,0,0,0,0,0,0,-622000,0,0,0,18000,640000,-622000,-622000
3005,神基            ,241000,481000,-240000,0,0,0,0,0,0,-388000,2000,160000,-158000,42000,272000,-230000,-628000
08131P,立積元大9B售02  ,0,0,0,0,0,0,0,0,0,-629000,0,0,0,10000,639000,-629000,-629000
064177,立積國泰01購01  ,0,0,0,0,0,0,0,0,0,-632000,0,0,0,14000,646000,-632000,-632000
056676,國產元富98購01  ,0,0,0,0,0,0,0,0,0,-633000,0,0,0,222000,855000,-633000,-633000
064200,華通兆豐01購01  ,0,0,0,0,0,0,0,0,0,-638000,0,0,0,0,638000,-638000,-638000
2027,大成鋼          ,1829000,2529000,-700000,0,0,0,0,0,0,61000,15000,51000,-36000,211000,114000,97000,-639000
057357,超眾統一98購01  ,0,0,0,0,0,0,0,0,0,-640000,0,0,0,200000,840000,-640000,-640000
00635U,元大S&P黃金     ,0,3000,-3000,0,0,0,0,0,0,-638000,50000,0,50000,395000,1083000,-688000,-641000
058928,國巨統一9C購01  ,0,0,0,0,0,0,0,0,0,-642000,0,0,0,98000,740000,-642000,-642000
07951P,智邦元大9B售05  ,0,0,0,0,0,0,0,0,0,-651000,0,0,0,13000,664000,-651000,-651000
047962,T50反1中信96購02,0,0,0,0,0,0,0,0,0,-654000,0,0,0,0,654000,-654000,-654000
053354,康控兆豐97購02  ,0,0,0,0,0,0,0,0,0,-658000,0,0,0,10000,668000,-658000,-658000
4906,正文            ,197000,797000,-600000,0,0,0,0,0,0,-58000,10000,0,10000,1000,69000,-68000,-658000
063337,國巨統一02購02  ,0,0,0,0,0,0,0,0,0,-659000,0,0,0,0,659000,-659000,-659000
3338,泰碩            ,146000,307000,-161000,0,0,0,130000,300690,-170690,-332000,10000,16000,-6000,0,326000,-326000,-663690
060375,葡萄王元富9A購01,15000,0,15000,0,0,0,0,0,0,-679000,0,0,0,352000,1031000,-679000,-664000
062906,全新元大9B購03  ,0,0,0,0,0,0,0,0,0,-664000,0,0,0,0,664000,-664000,-664000
08272P,鴻海元富9C售02  ,0,0,0,0,0,0,0,0,0,-665000,0,0,0,12000,677000,-665000,-665000
4938,和碩            ,3271000,4312110,-1041110,0,0,0,352000,27000,325000,45000,6000,5000,1000,75000,31000,44000,-671110
063691,聯鈞永豐9B購01  ,0,0,0,0,0,0,0,0,0,-675000,0,0,0,2000,677000,-675000,-675000
07279P,台灣50台新99售02,0,9000,-9000,0,0,0,0,0,0,-674000,0,0,0,0,674000,-674000,-683000
00717,富邦美國特別股  ,0,0,0,0,0,0,0,0,0,-683000,0,0,0,510000,1193000,-683000,-683000
1319,東陽            ,482467,817000,-334533,0,0,0,0,200000,-200000,-152000,4000,156000,-152000,0,0,0,-686533
063879,台積電元富9C購01,0,0,0,0,0,0,0,0,0,-697000,0,0,0,283000,980000,-697000,-697000
06762P,智邦元大98售11  ,0,0,0,0,0,0,0,0,0,-700000,0,0,0,0,700000,-700000,-700000
056392,玉晶光富邦9C購01,0,0,0,0,0,0,0,0,0,-704000,0,0,0,60000,764000,-704000,-704000
06855P,聯發科富邦9A售01,0,0,0,0,0,0,0,0,0,-705000,0,0,0,65000,770000,-705000,-705000
063262,南六富邦9C購01  ,0,0,0,0,0,0,0,0,0,-707000,0,0,0,5000,712000,-707000,-707000
059375,道瓊反群益9C購02,0,0,0,0,0,0,0,0,0,-718000,0,0,0,100000,818000,-718000,-718000
061511,緯穎富邦9B購02  ,10000,0,10000,0,0,0,0,0,0,-737000,0,0,0,769000,1506000,-737000,-727000
06852P,臺股指元大98售11,0,0,0,0,0,0,0,0,0,-731000,0,0,0,437000,1168000,-731000,-731000
08232P,聯發科元富9B售06,0,0,0,0,0,0,0,0,0,-731000,0,0,0,2000,733000,-731000,-731000
6672,騰輝電子-KY     ,51000,757000,-706000,0,0,0,0,0,0,-25000,0,25000,-25000,0,0,0,-731000
060234,凱美元大9C購01  ,0,0,0,0,0,0,0,0,0,-732000,0,0,0,18000,750000,-732000,-732000
062271,華通群益9C購02  ,0,0,0,0,0,0,0,0,0,-734000,0,0,0,23000,757000,-734000,-734000
056166,微星台新97購01  ,0,0,0,0,0,0,0,0,0,-736000,0,0,0,216000,952000,-736000,-736000
063055,創意統一9B購02  ,0,0,0,0,0,0,0,0,0,-736000,0,0,0,488000,1224000,-736000,-736000
1102,亞泥            ,2925000,3363773,-438773,0,0,0,310000,111000,199000,-501000,12000,432000,-420000,87000,168000,-81000,-740773
08111P,臺股指中信01售06,0,0,0,0,0,0,0,0,0,-749000,0,0,0,37000,786000,-749000,-749000
058506,台積電元大99購09,0,0,0,0,0,0,0,0,0,-750000,0,0,0,0,750000,-750000,-750000
060307,南港永豐9A購01  ,0,0,0,0,0,0,0,0,0,-754000,0,0,0,155000,909000,-754000,-754000
064185,裕隆永豐9C購01  ,15000,0,15000,0,0,0,0,0,0,-780000,0,0,0,0,780000,-780000,-765000
057475,聯電元大9A購01  ,0,0,0,0,0,0,0,0,0,-768000,0,0,0,369000,1137000,-768000,-768000
057289,力成元大98購03  ,0,0,0,0,0,0,0,0,0,-770000,0,0,0,125000,895000,-770000,-770000
1522,堤維西          ,155000,714000,-559000,0,0,0,0,0,0,-218000,6000,1000,5000,0,223000,-223000,-777000
064165,同欣電統一01購01,0,0,0,0,0,0,0,0,0,-778000,0,0,0,96000,874000,-778000,-778000
055826,中石化元大97購01,0,0,0,0,0,0,0,0,0,-785000,0,0,0,0,785000,-785000,-785000
3052,夆典            ,262000,1062000,-800000,0,0,0,0,0,0,3000,3000,0,3000,0,0,0,-797000
054808,東元元大9A購01  ,0,0,0,0,0,0,0,0,0,-798000,0,0,0,122000,920000,-798000,-798000
057696,聯電群益9A購01  ,0,0,0,0,0,0,0,0,0,-807000,0,0,0,54000,861000,-807000,-807000
061188,大成鋼富邦9B購01,0,0,0,0,0,0,0,0,0,-807000,0,0,0,17000,824000,-807000,-807000
054088,華新群益98購02  ,0,0,0,0,0,0,0,0,0,-810000,0,0,0,246000,1056000,-810000,-810000
00875,國泰網路資安    ,0,626000,-626000,0,0,0,0,0,0,-186000,0,0,0,329000,515000,-186000,-812000
060284,南港元大01購01  ,0,0,0,0,0,0,0,0,0,-817000,0,0,0,224000,1041000,-817000,-817000
062543,華通富邦9C購01  ,0,0,0,0,0,0,0,0,0,-839000,0,0,0,215000,1054000,-839000,-839000
6120,達運            ,181000,1027000,-846000,0,0,0,0,0,0,4000,4000,0,4000,0,0,0,-842000
062885,臻鼎兆豐9C購01  ,0,0,0,0,0,0,0,0,0,-847000,0,0,0,180000,1027000,-847000,-847000
063150,聯發科元富05購03,0,0,0,0,0,0,0,0,0,-861000,0,0,0,13000,874000,-861000,-861000
054708,華通統一97購02  ,0,0,0,0,0,0,0,0,0,-867000,0,0,0,133000,1000000,-867000,-867000
06604P,聯發科元富02售02,0,0,0,0,0,0,0,0,0,-872000,0,0,0,255000,1127000,-872000,-872000
8028,昇陽半導體      ,1162000,2002000,-840000,0,0,0,0,0,0,-33000,5000,30000,-25000,59000,67000,-8000,-873000
060937,T50反1國票9A購10,0,0,0,0,0,0,0,0,0,-879000,0,0,0,920000,1799000,-879000,-879000
06680P,智邦元大98售06  ,0,0,0,0,0,0,0,0,0,-887000,0,0,0,44000,931000,-887000,-887000
060596,元黃金凱基9A購02,0,0,0,0,0,0,0,0,0,-898000,0,0,0,0,898000,-898000,-898000
07491P,臺股指國票9A售09,0,0,0,0,0,0,0,0,0,-902000,0,0,0,0,902000,-902000,-902000
06500P,臺股指元大9A售05,0,0,0,0,0,0,0,0,0,-920000,0,0,0,0,920000,-920000,-920000
063072,裕隆永豐9B購01  ,0,0,0,0,0,0,0,0,0,-921000,0,0,0,123000,1044000,-921000,-921000
2542,興富發          ,901000,1297000,-396000,0,0,0,0,11077,-11077,-514000,315000,624000,-309000,70000,275000,-205000,-921077
07487P,鴻海國票9A售01  ,0,0,0,0,0,0,0,0,0,-922000,0,0,0,0,922000,-922000,-922000
4142,國光生          ,80000,1173000,-1093000,0,0,0,0,0,0,171000,1000,10000,-9000,200000,20000,180000,-922000
062486,瑞昱富邦9B購01  ,0,0,0,0,0,0,0,0,0,-926000,0,0,0,450000,1376000,-926000,-926000
07505P,台勝科元大9A售01,0,0,0,0,0,0,0,0,0,-932000,0,0,0,363000,1295000,-932000,-932000
2338,光罩            ,64000,932000,-868000,0,0,0,0,1493,-1493,-64000,2000,0,2000,50000,116000,-66000,-933493
062534,力成統一01購01  ,0,0,0,0,0,0,0,0,0,-944000,0,0,0,50000,994000,-944000,-944000
056266,開發金統一9A購01,0,0,0,0,0,0,0,0,0,-950000,0,0,0,242000,1192000,-950000,-950000
3596,智易            ,202000,605409,-403409,0,0,0,0,368000,-368000,-189000,16000,132000,-116000,1000,74000,-73000,-960409
3017,奇鋐            ,526000,1349000,-823000,0,0,0,0,0,0,-142000,1000,64000,-63000,59000,138000,-79000,-965000
2369,菱生            ,264000,1240000,-976000,0,0,0,0,0,0,7000,7000,0,7000,0,0,0,-969000
064152,義隆統一02購02  ,0,0,0,0,0,0,0,0,0,-970000,0,0,0,7000,977000,-970000,-970000
00676R,富邦臺灣加權反1 ,0,0,0,0,0,0,0,0,0,-975000,0,0,0,956000,1931000,-975000,-975000
2606,裕民            ,321000,1282000,-961000,0,0,0,0,4000,-4000,-23000,110000,53000,57000,6000,86000,-80000,-988000
2349,錸德            ,206000,1211000,-1005000,0,0,0,0,0,0,0,0,0,0,0,0,0,-1005000
1513,中興電          ,299000,964000,-665000,0,0,0,0,0,0,-350000,34000,49000,-15000,4000,339000,-335000,-1015000
03650C,T50反1元大98牛05,0,0,0,0,0,0,0,0,0,-1020000,0,0,0,0,1020000,-1020000,-1020000
056673,中石化元富9B購01,0,0,0,0,0,0,0,0,0,-1026000,0,0,0,557000,1583000,-1026000,-1026000
063209,巨大統一01購01  ,0,0,0,0,0,0,0,0,0,-1027000,0,0,0,1059000,2086000,-1027000,-1027000
08276P,可成元富9C售02  ,0,0,0,0,0,0,0,0,0,-1048000,0,0,0,30000,1078000,-1048000,-1048000
063198,仁寶統一01購02  ,0,0,0,0,0,0,0,0,0,-1051000,0,0,0,96000,1147000,-1051000,-1051000
062126,創意統一9B購01  ,0,0,0,0,0,0,0,0,0,-1060000,0,0,0,102000,1162000,-1060000,-1060000
063876,華新元富9C購01  ,0,0,0,0,0,0,0,0,0,-1066000,0,0,0,226000,1292000,-1066000,-1066000
063134,裕隆統一01購01  ,0,0,0,0,0,0,0,0,0,-1068000,0,0,0,2709000,3777000,-1068000,-1068000
06725P,聯電元富98售01  ,0,0,0,0,0,0,0,0,0,-1075000,0,0,0,91000,1166000,-1075000,-1075000
2912,統一超          ,871000,1835920,-964920,0,0,0,0,148000,-148000,5000,5000,0,5000,0,0,0,-1107920
1210,大成            ,262000,1059000,-797000,0,0,0,82000,390000,-308000,-6000,79000,85000,-6000,0,0,0,-1111000
3029,零壹            ,959000,2064000,-1105000,0,0,0,0,0,0,-7000,4000,11000,-7000,0,0,0,-1112000
8016,矽創            ,220000,1282000,-1062000,0,0,0,0,0,0,-54000,17000,15000,2000,8000,64000,-56000,-1116000
8163,達方            ,146000,1134000,-988000,0,0,0,0,0,0,-139000,23000,21000,2000,1000,142000,-141000,-1127000
057727,華邦電國泰9A購01,0,0,0,0,0,0,0,0,0,-1129000,0,0,0,157000,1286000,-1129000,-1129000
048383,元金2X國票99購01,0,0,0,0,0,0,0,0,0,-1131000,0,0,0,42000,1173000,-1131000,-1131000
00650L,FH香港正2       ,0,15000,-15000,0,0,0,0,0,0,-1117000,0,0,0,676000,1793000,-1117000,-1132000
00664R,國泰臺灣加權反1 ,0,0,0,0,0,0,0,0,0,-1132000,0,0,0,1643000,2775000,-1132000,-1132000
057899,台積電永豐98購04,0,0,0,0,0,0,0,0,0,-1133000,0,0,0,0,1133000,-1133000,-1133000
2363,矽統            ,1491000,2627000,-1136000,0,0,0,0,0,0,1000,11000,10000,1000,0,0,0,-1135000
2603,長榮            ,5279000,5026279,252721,0,0,0,295000,1504000,-1209000,-202000,54000,256000,-202000,0,0,0,-1158279
2392,正崴            ,159000,1283000,-1124000,0,0,0,0,0,0,-48000,19000,61000,-42000,56000,62000,-6000,-1172000
059403,T50反1台新03購03,0,0,0,0,0,0,0,0,0,-1201000,0,0,0,459000,1660000,-1201000,-1201000
06501P,臺股指元大9A售06,0,0,0,0,0,0,0,0,0,-1235000,0,0,0,0,1235000,-1235000,-1235000
062226,臻鼎統一9B購01  ,0,0,0,0,0,0,0,0,0,-1256000,0,0,0,20000,1276000,-1256000,-1256000
8039,台虹            ,270000,1237000,-967000,0,0,0,0,0,0,-323000,2000,96000,-94000,0,229000,-229000,-1290000
05644P,大立光中信9A售03,0,0,0,0,0,0,0,0,0,-1294000,0,0,0,50000,1344000,-1294000,-1294000
063453,創意統一9C購01  ,0,0,0,0,0,0,0,0,0,-1301000,0,0,0,55000,1356000,-1301000,-1301000
061937,聯發科國票9B購02,0,0,0,0,0,0,0,0,0,-1314000,0,0,0,220000,1534000,-1314000,-1314000
2340,光磊            ,235000,1436000,-1201000,0,0,0,0,0,0,-130000,14000,100000,-86000,21000,65000,-44000,-1331000
5215,科嘉-KY         ,528000,1331000,-803000,0,0,0,0,603658,-603658,75000,75000,0,75000,0,0,0,-1331658
07171P,臺股指國票99售08,0,0,0,0,0,0,0,0,0,-1359000,0,0,0,268000,1627000,-1359000,-1359000
052602,聯電元大97購01  ,0,0,0,0,0,0,0,0,0,-1367000,0,0,0,150000,1517000,-1367000,-1367000
06479P,聯發科中信99售02,0,0,0,0,0,0,0,0,0,-1374000,0,0,0,45000,1419000,-1374000,-1374000
057442,玉晶光統一98購03,0,0,0,0,0,0,0,0,0,-1380000,0,0,0,262000,1642000,-1380000,-1380000
063051,仁寶統一01購01  ,0,0,0,0,0,0,0,0,0,-1385000,0,0,0,112000,1497000,-1385000,-1385000
07468P,聯電元大9A售02  ,0,0,0,0,0,0,0,0,0,-1396000,0,0,0,10000,1406000,-1396000,-1396000
06878P,台灣50日盛9B售01,0,0,0,0,0,0,0,0,0,-1405000,0,0,0,0,1405000,-1405000,-1405000
2885,元大金          ,14994197,16200664,-1206467,0,0,0,0,127000,-127000,-79000,51000,294000,-243000,169000,5000,164000,-1412467
2353,宏碁            ,4112776,5415052,-1302276,0,0,0,0,25000,-25000,-90000,5000,0,5000,36000,131000,-95000,-1417276
058692,華邦電國票9B購01,0,0,0,0,0,0,0,0,0,-1525000,0,0,0,202000,1727000,-1525000,-1525000
2345,智邦            ,5174051,6571648,-1397597,0,0,0,333000,333109,-109,-135000,507000,588000,-81000,26000,80000,-54000,-1532706
062343,中石化群益9B購01,0,0,0,0,0,0,0,0,0,-1540000,0,0,0,501000,2041000,-1540000,-1540000
8046,南電            ,990000,2140000,-1150000,0,0,0,46000,204250,-158250,-313000,73000,20000,53000,41000,407000,-366000,-1621250
060060,台積電兆豐99購05,0,0,0,0,0,0,0,0,0,-1668000,0,0,0,0,1668000,-1668000,-1668000
059095,訊芯元大99購01  ,0,0,0,0,0,0,0,0,0,-1753000,0,0,0,214000,1967000,-1753000,-1753000
2458,義隆            ,1410000,3809000,-2399000,0,0,0,1096000,654985,441015,185000,304000,144000,160000,108000,83000,25000,-1772985
062207,牧德國票9B購02  ,0,0,0,0,0,0,0,0,0,-1785000,0,0,0,85000,1870000,-1785000,-1785000
3673,TPK-KY          ,290000,1371000,-1081000,0,0,0,0,3000,-3000,-702000,28000,150000,-122000,70000,650000,-580000,-1786000
064052,創意統一01購02  ,0,0,0,0,0,0,0,0,0,-1791000,0,0,0,269000,2060000,-1791000,-1791000
1309,台達化          ,429000,2296000,-1867000,0,0,0,0,0,0,3000,3000,0,3000,0,0,0,-1864000
2377,微星            ,3175494,5337000,-2161506,0,0,0,1046000,501041,544959,-278000,207000,300000,-93000,85000,270000,-185000,-1894547
2492,華新科          ,947000,1696000,-749000,0,0,0,0,1194000,-1194000,-33000,395000,390000,5000,62000,100000,-38000,-1976000
2449,京元電子        ,4115000,6725000,-2610000,0,0,0,664000,0,664000,-50000,150000,446000,-296000,646000,400000,246000,-1996000
061282,台積電統一9C購06,0,0,0,0,0,0,0,0,0,-2003000,0,0,0,0,2003000,-2003000,-2003000
07354P,臺股指國票99售22,0,0,0,0,0,0,0,0,0,-2012000,0,0,0,0,2012000,-2012000,-2012000
8112,至上            ,110000,2138000,-2028000,0,0,0,0,3713,-3713,1000,1000,0,1000,0,0,0,-2030713
00642U,元大S&P石油     ,11000,19000,-8000,0,0,0,0,0,0,-2053000,0,0,0,369000,2422000,-2053000,-2061000
06702P,智邦元富98售01  ,0,0,0,0,0,0,0,0,0,-2076000,0,0,0,0,2076000,-2076000,-2076000
062809,同欣電統一9C購01,0,0,0,0,0,0,0,0,0,-2090000,0,0,0,604000,2694000,-2090000,-2090000
6176,瑞儀            ,337000,2654000,-2317000,0,0,0,204000,0,204000,-106000,37000,108000,-71000,1000,36000,-35000,-2219000
1514,亞力            ,237000,2640030,-2403030,0,0,0,0,0,0,125000,126000,1000,125000,0,0,0,-2278030
1216,統一            ,6342000,8638561,-2296561,0,0,0,0,149000,-149000,16000,4000,0,4000,12000,0,12000,-2429561
2367,燿華            ,499000,2401000,-1902000,0,0,0,0,0,0,-542000,4000,50000,-46000,22000,518000,-496000,-2444000
064139,裕隆統一01購02  ,0,0,0,0,0,0,0,0,0,-2471000,0,0,0,200000,2671000,-2471000,-2471000
07597P,臺股指中信01售02,0,0,0,0,0,0,0,0,0,-2482000,0,0,0,1428000,3910000,-2482000,-2482000
3711,日月光投控      ,5988933,8575508,-2586575,0,0,0,255000,55000,200000,-233000,34000,25000,9000,23000,265000,-242000,-2619575
063316,聯發科群益9C購03,0,0,0,0,0,0,0,0,0,-2702000,0,0,0,95000,2797000,-2702000,-2702000
00712,FH富時不動產    ,95000,581000,-486000,0,0,0,0,0,0,-2535000,0,0,0,76000,2611000,-2535000,-3021000
08289P,智邦統一9C售01  ,0,0,0,0,0,0,0,0,0,-3263000,0,0,0,114000,3377000,-3263000,-3263000
2481,強茂            ,1538000,3976000,-2438000,0,0,0,97000,966000,-869000,-319000,2000,329000,-327000,60000,52000,8000,-3626000
2104,國際中橡        ,1043000,4688000,-3645000,0,0,0,0,0,0,-333000,4000,50000,-46000,18000,305000,-287000,-3978000
4935,茂林-KY         ,256077,2443000,-2186923,0,0,0,130000,994000,-864000,-1016000,1000,580000,-579000,28000,465000,-437000,-4066923
00708L,元大S&P黃金正2  ,18000,0,18000,0,0,0,0,0,0,-4181000,0,0,0,334000,4515000,-4181000,-4163000
2890,永豐金          ,13819000,18264064,-4445064,0,0,0,0,118000,-118000,-15000,568000,600000,-32000,17000,0,17000,-4578064
07841P,臻鼎元大9A售04  ,0,0,0,0,0,0,0,0,0,-4630000,0,0,0,139000,4769000,-4630000,-4630000
2884,玉山金          ,9672116,14927264,-5255148,0,0,0,0,124000,-124000,-82000,9000,0,9000,0,91000,-91000,-5461148
2368,金像電          ,1930000,5166000,-3236000,0,0,0,0,1897575,-1897575,-368000,445000,835000,-390000,54000,32000,22000,-5501575
00669R,國泰美國道瓊反1 ,5000,210000,-205000,0,0,0,0,0,0,-5455000,0,0,0,1401000,6856000,-5455000,-5660000
2408,南亞科          ,6815000,13417000,-6602000,0,0,0,698000,9000,689000,82000,1024000,429000,595000,42000,555000,-513000,-5831000
2303,聯電            ,35722000,40797547,-5075547,0,0,0,0,1546000,-1546000,717000,520000,1150000,-630000,1737000,390000,1347000,-5904547
3706,神達            ,472000,7078000,-6606000,0,0,0,0,0,0,-20000,45000,8000,37000,58000,115000,-57000,-6626000
2337,旺宏            ,3097000,7928000,-4831000,0,0,0,0,675000,-675000,-1718000,522000,1015000,-493000,76000,1301000,-1225000,-7224000
2834,臺企銀          ,5745000,13433892,-7688892,0,0,0,0,40000,-40000,-25000,41000,4000,37000,0,62000,-62000,-7753892
2618,長榮航          ,3192127,10984225,-7792098,0,0,0,0,319000,-319000,-122000,38000,16000,22000,36000,180000,-144000,-8233098
3037,欣興            ,6196000,8336000,-2140000,0,0,0,0,5761000,-5761000,-517000,139000,535000,-396000,44000,165000,-121000,-8418000
2376,技嘉            ,2165000,10694240,-8529240,0,0,0,657000,40000,617000,-1081000,349000,480000,-131000,58000,1008000,-950000,-8993240
3481,群創            ,54337000,74885921,-20548921,0,0,0,7110000,100000,7010000,82000,1060000,711000,349000,4251000,4518000,-267000,-13456921
