證券代號,證券名稱,外陸資買進股數(不含外資自營商),外陸資賣出股數(不含外資自營商),外陸資買賣超股數(不含外資自營商),外資自營商買進股數,外資自營商賣出股數,外資自營商買賣超股數,投信買進股數,投信賣出股數,投信買賣超股數,自營商買賣超股數,自營商買進股數(自行買賣),自營商賣出股數(自行買賣),自營商買賣超股數(自行買賣),自營商買進股數(避險),自營商賣出股數(避險),自營商買賣超股數(避險),三大法人買賣超股數
3481,群創            ,60495103,31702572,28792531,0,0,0,47000,0,47000,4640000,1847000,131000,1716000,3768000,844000,2924000,33479531
2409,友達            ,50323017,33963000,16360017,0,0,0,2400000,5000,2395000,1999000,1534000,1568000,-34000,2460000,427000,2033000,20754017
00637L,元大滬深300正2  ,10329000,1870000,8459000,0,0,0,0,0,0,7551000,60000,2000,58000,27516000,20023000,7493000,16010000
3231,緯創            ,23906868,11118902,12787966,0,0,0,2015000,2000,2013000,161000,233000,38000,195000,501000,535000,-34000,14961966
0056,元大高股息      ,62113,52000,10113,0,0,0,0,0,0,8729000,776000,1168000,-392000,10063000,942000,9121000,8739113
2313,華通            ,7488000,3822000,3666000,0,0,0,1624000,0,1624000,1798000,2123000,657000,1466000,1123000,791000,332000,7088000
2308,台達電          ,9342405,4853500,4488905,0,0,0,930000,2000,928000,120000,141000,1000,140000,51000,71000,-20000,5536905
2327,國巨            ,10964518,5802097,5162421,0,0,0,27000,94000,-67000,131000,255000,99000,156000,88000,113000,-25000,5226421
6278,台表科          ,4917000,1874000,3043000,0,0,0,1168000,0,1168000,903000,719000,161000,558000,382000,37000,345000,5114000
3037,欣興            ,9999000,7359000,2640000,0,0,0,421000,22000,399000,1914000,1947000,501000,1446000,527000,59000,468000,4953000
2367,燿華            ,10823000,9393000,1430000,0,0,0,3000,0,3000,3285000,1625000,115000,1510000,2650000,875000,1775000,4718000
2330,台積電          ,26558600,19981548,6577052,0,0,0,91000,124000,-33000,-2376000,57000,1771000,-1714000,46000,708000,-662000,4168052
07841P,臻鼎元大9A售04  ,0,0,0,0,0,0,0,0,0,4039000,0,0,0,4049000,10000,4039000,4039000
2387,精元            ,3725000,1411789,2313211,0,0,0,899000,0,899000,83000,0,1000,-1000,108000,24000,84000,3295211
1434,福懋            ,5255490,1879000,3376490,0,0,0,108000,6000,102000,-320000,25000,345000,-320000,0,0,0,3158490
6153,嘉聯益          ,4877000,3977000,900000,0,0,0,572000,0,572000,1332000,694000,104000,590000,1037000,295000,742000,2804000
1904,正隆            ,1744000,911000,833000,0,0,0,1849000,0,1849000,-51000,0,70000,-70000,31000,12000,19000,2631000
8150,南茂            ,2798000,763000,2035000,0,0,0,310000,0,310000,239000,0,60000,-60000,440000,141000,299000,2584000
2382,廣達            ,4052750,1704000,2348750,0,0,0,154000,46000,108000,24000,162000,24000,138000,7000,121000,-114000,2480750
2324,仁寶            ,5092344,3120985,1971359,0,0,0,793000,28000,765000,-321000,2000,4000,-2000,109000,428000,-319000,2415359
4915,致伸            ,2284000,459000,1825000,0,0,0,200000,0,200000,91000,0,21000,-21000,112000,0,112000,2116000
2356,英業達          ,2991361,2539605,451756,0,0,0,1289000,323000,966000,661000,986000,0,986000,39000,364000,-325000,2078756
2809,京城銀          ,3983000,2273000,1710000,0,0,0,190000,0,190000,168000,168000,0,168000,0,0,0,2068000
2317,鴻海            ,11061569,9364840,1696729,0,0,0,4000,0,4000,270000,65000,63000,2000,330000,62000,268000,1970729
055537,康友群益97購03  ,0,0,0,0,0,0,0,0,0,1842000,0,0,0,1844000,2000,1842000,1842000
00631L,元大台灣50正2   ,521000,388000,133000,0,0,0,0,0,0,1682000,235000,401000,-166000,3253000,1405000,1848000,1815000
2301,光寶科          ,6010226,5353000,657226,0,0,0,1073000,14000,1059000,71000,70000,9000,61000,162000,152000,10000,1787226
6416,瑞祺電通        ,1809000,496000,1313000,0,0,0,360000,0,360000,96000,116000,154000,-38000,163000,29000,134000,1769000
2347,聯強            ,3278409,1544224,1734185,0,0,0,134000,21000,113000,-165000,49000,2000,47000,0,212000,-212000,1682185
2340,光磊            ,2316000,663000,1653000,0,0,0,5000,0,5000,14000,0,0,0,38000,24000,14000,1672000
6271,同欣電          ,833000,1076000,-243000,0,0,0,1843000,0,1843000,5000,272000,236000,36000,79000,110000,-31000,1605000
3017,奇鋐            ,1658000,307000,1351000,0,0,0,180000,0,180000,65000,7000,0,7000,128000,70000,58000,1596000
063876,華新元富9C購01  ,0,0,0,0,0,0,0,0,0,1548000,0,0,0,1769000,221000,1548000,1548000
2614,東森            ,1923000,393000,1530000,0,0,0,0,0,0,0,0,0,0,0,0,0,1530000
064738,裕隆國票01購01  ,0,0,0,0,0,0,0,0,0,1517000,0,0,0,1637000,120000,1517000,1517000
058807,和大統一9B購01  ,0,0,0,0,0,0,0,0,0,1504000,0,0,0,3348000,1844000,1504000,1504000
00861,元大全球未來通訊,140000,7000,133000,0,0,0,0,0,0,1367000,0,0,0,1789000,422000,1367000,1500000
2020,美亞            ,2263000,822000,1441000,0,0,0,0,0,0,0,0,0,0,0,0,0,1441000
1216,統一            ,4421368,3002000,1419368,0,0,0,0,0,0,8000,0,6000,-6000,14000,0,14000,1427368
2108,南帝            ,2434000,1775000,659000,0,0,0,722000,0,722000,38000,38000,0,38000,0,0,0,1419000
2337,旺宏            ,9129000,8071000,1058000,0,0,0,0,5000,-5000,350000,264000,12000,252000,187000,89000,98000,1403000
00738U,元大道瓊白銀    ,794000,3000,791000,0,0,0,0,0,0,597000,0,0,0,778000,181000,597000,1388000
2489,瑞軒            ,1776000,546000,1230000,0,0,0,0,20000,-20000,156000,156000,0,156000,0,0,0,1366000
054472,道瓊反中信9A購01,0,0,0,0,0,0,0,0,0,1356000,0,0,0,1800000,444000,1356000,1356000
054371,台積電中信9C購01,0,0,0,0,0,0,0,0,0,1336000,0,0,0,2262000,926000,1336000,1336000
8046,南電            ,3090000,2311000,779000,0,0,0,547000,1000,546000,-4000,166000,67000,99000,137000,240000,-103000,1321000
00752,中信中國50      ,9000,9000,0,0,0,0,0,0,0,1316000,0,0,0,1735000,419000,1316000,1316000
062486,瑞昱富邦9B購01  ,0,0,0,0,0,0,0,0,0,1300000,0,0,0,1300000,0,1300000,1300000
2421,建準            ,1822000,366000,1456000,0,0,0,8000,112000,-104000,-53000,20000,40000,-20000,22000,55000,-33000,1299000
2383,台光電          ,2695000,1732000,963000,0,0,0,141000,24000,117000,218000,252000,194000,58000,208000,48000,160000,1298000
2458,義隆            ,3230000,2223000,1007000,0,0,0,50000,128000,-78000,358000,334000,94000,240000,144000,26000,118000,1287000
6251,定穎            ,1841000,572000,1269000,0,0,0,0,0,0,0,0,0,0,0,0,0,1269000
2314,台揚            ,1458000,191000,1267000,0,0,0,0,0,0,0,0,0,0,0,0,0,1267000
064819,華新統一01購02  ,0,0,0,0,0,0,0,0,0,1243000,0,0,0,1259000,16000,1243000,1243000
3041,揚智            ,1511000,298000,1213000,0,0,0,0,0,0,-1000,0,1000,-1000,0,0,0,1212000
050170,臺指反元大97購02,0,0,0,0,0,0,0,0,0,1200000,0,0,0,1200000,0,1200000,1200000
057469,康友永豐98購02  ,0,0,0,0,0,0,0,0,0,1143000,0,0,0,1143000,0,1143000,1143000
2353,宏碁            ,4358568,2733000,1625568,0,0,0,6000,17000,-11000,-493000,0,0,0,66000,559000,-493000,1121568
1722,台肥            ,310000,249000,61000,0,0,0,1064000,4000,1060000,0,0,0,0,0,0,0,1121000
062797,瑞昱統一9B購01  ,0,1000,-1000,0,0,0,0,0,0,1114000,0,0,0,1397000,283000,1114000,1113000
064358,台達電統一01購02,0,0,0,0,0,0,0,0,0,1103000,0,0,0,1379000,276000,1103000,1103000
08319P,台積電統一9C售11,0,0,0,0,0,0,0,0,0,1076000,0,0,0,1076000,0,1076000,1076000
1101,台泥            ,4200411,3135000,1065411,0,0,0,0,49000,-49000,54000,290000,15000,275000,8000,229000,-221000,1070411
4938,和碩            ,3209769,2548000,661769,0,0,0,246000,256000,-10000,411000,485000,1000,484000,41000,114000,-73000,1062769
2605,新興            ,1752000,778000,974000,0,0,0,0,0,0,80000,213000,133000,80000,0,0,0,1054000
2454,聯發科          ,3250134,2455192,794942,0,0,0,320000,2000,318000,-63000,6000,19000,-13000,47000,97000,-50000,1049942
3044,健鼎            ,2386000,2070000,316000,0,0,0,555000,68000,487000,219000,48000,35000,13000,253000,47000,206000,1022000
2820,華票            ,88000,326000,-238000,0,0,0,1249000,0,1249000,0,0,0,0,0,0,0,1011000
064818,華新統一01購01  ,0,0,0,0,0,0,0,0,0,1001000,0,0,0,1284000,283000,1001000,1001000
057582,亞光中信9A購02  ,0,0,0,0,0,0,0,0,0,1000000,0,0,0,1000000,0,1000000,1000000
055902,同欣電中信99購01,0,0,0,0,0,0,0,0,0,999000,0,0,0,1757000,758000,999000,999000
064839,旭富統一9C購01  ,0,0,0,0,0,0,0,0,0,990000,0,0,0,1014000,24000,990000,990000
059865,國巨凱基01購01  ,0,0,0,0,0,0,0,0,0,987000,0,0,0,1082000,95000,987000,987000
4927,泰鼎-KY         ,953000,209000,744000,0,0,0,49000,0,49000,178000,235000,30000,205000,20000,47000,-27000,971000
059093,旭富元大99購01  ,0,0,0,0,0,0,0,0,0,961000,0,0,0,1384000,423000,961000,961000
2401,凌陽            ,768000,136000,632000,0,0,0,6000,0,6000,312000,312000,0,312000,0,0,0,950000
04786P,鴻海永昌96售01  ,0,0,0,0,0,0,0,0,0,945000,0,0,0,945000,0,945000,945000
2360,致茂            ,1402000,538000,864000,0,0,0,0,0,0,74000,78000,18000,60000,53000,39000,14000,938000
1789,神隆            ,3063000,1992000,1071000,0,0,0,0,0,0,-151000,0,2000,-2000,22000,171000,-149000,920000
2498,宏達電          ,3461107,2529114,931993,0,0,0,0,11063,-11063,-19000,26000,18000,8000,92000,119000,-27000,901930
4958,臻鼎-KY         ,2275825,1621119,654706,0,0,0,113000,3000,110000,128000,65000,37000,28000,109000,9000,100000,892706
2338,光罩            ,1027000,145000,882000,0,0,0,2000,0,2000,-4000,0,0,0,36000,40000,-4000,880000
00655L,國泰中國A50正2  ,286000,0,286000,0,0,0,0,0,0,592000,69000,0,69000,1809000,1286000,523000,878000
064139,裕隆統一01購02  ,0,0,0,0,0,0,0,0,0,875000,0,0,0,1302000,427000,875000,875000
059326,康友元大99購01  ,0,0,0,0,0,0,0,0,0,874000,0,0,0,1242000,368000,874000,874000
6176,瑞儀            ,1741000,1156000,585000,0,0,0,147000,12000,135000,147000,110000,6000,104000,153000,110000,43000,867000
2515,中工            ,961000,252000,709000,0,0,0,0,0,0,158000,114000,0,114000,60000,16000,44000,867000
063431,神隆元富9B購01  ,0,0,0,0,0,0,0,0,0,864000,0,0,0,1311000,447000,864000,864000
062292,旭富永豐9B購01  ,0,0,0,0,0,0,0,0,0,856000,0,0,0,861000,5000,856000,856000
3380,明泰            ,2658000,1327000,1331000,0,0,0,0,0,0,-480280,0,21000,-21000,0,459280,-459280,850720
063351,億豐統一9B購01  ,0,0,0,0,0,0,0,0,0,844000,0,0,0,939000,95000,844000,844000
2377,微星            ,2982350,1368000,1614350,0,0,0,1000,687000,-686000,-99000,26000,42000,-16000,30000,113000,-83000,829350
058497,新日興群益9B購01,0,0,0,0,0,0,0,0,0,816000,0,0,0,899000,83000,816000,816000
062742,技嘉國泰01購01  ,0,0,0,0,0,0,0,0,0,816000,0,0,0,888000,72000,816000,816000
3545,敦泰            ,1362000,547000,815000,0,0,0,0,0,0,0,0,0,0,0,0,0,815000
064159,新日興統一01購02,0,0,0,0,0,0,0,0,0,815000,0,0,0,1061000,246000,815000,815000
057199,台達電元富02購01,0,0,0,0,0,0,0,0,0,810000,0,0,0,867000,57000,810000,810000
060060,台積電兆豐99購05,0,0,0,0,0,0,0,0,0,809000,0,0,0,809000,0,809000,809000
5388,中磊            ,925000,207000,718000,0,0,0,0,0,0,85000,0,0,0,90000,5000,85000,803000
060195,旭富元富9A購02  ,0,0,0,0,0,0,0,0,0,799000,0,0,0,901000,102000,799000,799000
2882,國泰金          ,8965322,10906459,-1941137,0,0,0,2395000,0,2395000,340000,500000,0,500000,23000,183000,-160000,793863
062388,旭富國泰01購01  ,0,0,0,0,0,0,0,0,0,773000,0,0,0,803000,30000,773000,773000
2511,太子            ,929000,160000,769000,0,0,0,0,0,0,0,0,0,0,0,0,0,769000
6120,達運            ,1008000,233000,775000,0,0,0,0,8000,-8000,0,0,0,0,0,0,0,767000
056480,京鼎元大98購02  ,0,0,0,0,0,0,0,0,0,767000,0,0,0,798000,31000,767000,767000
2316,楠梓電          ,1075000,459000,616000,0,0,0,2000,0,2000,143000,80000,54000,26000,126000,9000,117000,761000
1736,喬山            ,813000,251000,562000,0,0,0,0,0,0,198000,0,0,0,205000,7000,198000,760000
063140,聯發科統一9B購08,0,0,0,0,0,0,0,0,0,754000,0,0,0,844000,90000,754000,754000
063072,裕隆永豐9B購01  ,0,0,0,0,0,0,0,0,0,752000,0,0,0,776000,24000,752000,752000
1217,愛之味          ,865000,117000,748000,0,0,0,0,0,0,0,0,0,0,0,0,0,748000
063197,遠東新統一9C購01,0,0,0,0,0,0,0,0,0,742000,0,0,0,742000,0,742000,742000
064660,華通元大9C購05  ,0,0,0,0,0,0,0,0,0,741000,0,0,0,874000,133000,741000,741000
064096,台積電群益9C購07,0,0,0,0,0,0,0,0,0,729000,0,0,0,779000,50000,729000,729000
3450,聯鈞            ,1427000,883000,544000,0,0,0,0,0,0,180000,10000,46000,-36000,247000,31000,216000,724000
2329,華泰            ,1621000,910000,711000,0,0,0,1000,0,1000,2000,0,0,0,2000,0,2000,714000
060886,國巨統一01購03  ,0,0,0,0,0,0,0,0,0,708000,0,0,0,711000,3000,708000,708000
062647,南電國泰9C購02  ,0,0,0,0,0,0,0,0,0,708000,0,0,0,1384000,676000,708000,708000
057717,友訊元富98購02  ,0,0,0,0,0,0,0,0,0,703000,0,0,0,909000,206000,703000,703000
045873,元油2X元富98購04,0,50000,-50000,0,0,0,0,0,0,750000,0,0,0,750000,0,750000,700000
056803,群創台新99購02  ,0,0,0,0,0,0,0,0,0,699000,0,0,0,699000,0,699000,699000
060783,亞德客富邦9B購01,0,0,0,0,0,0,0,0,0,689000,0,0,0,720000,31000,689000,689000
055838,致茂元大97購03  ,0,0,0,0,0,0,0,0,0,686000,0,0,0,688000,2000,686000,686000
4934,太極            ,725000,44000,681000,0,0,0,0,0,0,0,0,0,0,0,0,0,681000
065113,南電國票01購02  ,0,0,0,0,0,0,0,0,0,673000,0,0,0,699000,26000,673000,673000
00680L,元大美債20正2   ,134000,0,134000,0,0,0,0,0,0,533000,0,0,0,544000,11000,533000,667000
00671R,富邦NASDAQ反1   ,26000,6000,20000,0,0,0,0,0,0,644000,0,0,0,2189000,1545000,644000,664000
00639,富邦深100       ,810000,8000,802000,0,0,0,0,0,0,-159000,20000,100000,-80000,1421000,1500000,-79000,643000
6257,矽格            ,650000,888000,-238000,0,0,0,497000,1000,496000,381000,353000,36000,317000,73000,9000,64000,639000
6706,惠特            ,572000,223000,349000,0,0,0,185000,0,185000,104000,106000,2000,104000,0,0,0,638000
3026,禾伸堂          ,844000,212000,632000,0,0,0,3000,1000,2000,0,0,0,0,32000,32000,0,634000
056638,臺股指日盛98購01,0,10000,-10000,0,0,0,0,0,0,638000,0,0,0,798000,160000,638000,628000
6239,力成            ,1924512,1043000,881512,0,0,0,5000,228000,-223000,-35000,10000,67000,-57000,23000,1000,22000,623512
060122,亞德客永豐99購02,0,0,0,0,0,0,0,0,0,622000,0,0,0,637000,15000,622000,622000
064478,聚陽富邦01購01  ,0,0,0,0,0,0,0,0,0,622000,0,0,0,622000,0,622000,622000
064318,彩晶群益9C購01  ,0,0,0,0,0,0,0,0,0,621000,0,0,0,714000,93000,621000,621000
062809,同欣電統一9C購01,0,200000,-200000,0,0,0,0,0,0,817000,0,0,0,1143000,326000,817000,617000
07958P,華擎群益9B售01  ,0,0,0,0,0,0,0,0,0,616000,0,0,0,616000,0,616000,616000
050400,臻鼎中信97購01  ,0,0,0,0,0,0,0,0,0,615000,0,0,0,615000,0,615000,615000
08289P,智邦統一9C售01  ,0,0,0,0,0,0,0,0,0,614000,0,0,0,614000,0,614000,614000
056994,緯穎兆豐98購02  ,0,0,0,0,0,0,0,0,0,614000,0,0,0,750000,136000,614000,614000
064256,玉晶光國泰02購02,0,0,0,0,0,0,0,0,0,610000,0,0,0,898000,288000,610000,610000
3576,聯合再生        ,706000,105000,601000,0,0,0,0,0,0,0,0,0,0,0,0,0,601000
08161P,台表科元富9B售02,0,0,0,0,0,0,0,0,0,599000,0,0,0,640000,41000,599000,599000
058720,旭富元富99購01  ,0,0,0,0,0,0,0,0,0,597000,0,0,0,617000,20000,597000,597000
058054,台積電統一9C購01,0,0,0,0,0,0,0,0,0,596000,0,0,0,934000,338000,596000,596000
057819,新日興元大99購01,0,0,0,0,0,0,0,0,0,595000,0,0,0,605000,10000,595000,595000
2393,億光            ,986000,627000,359000,0,0,0,0,0,0,233000,34000,2000,32000,209000,8000,201000,592000
2480,敦陽科          ,1035000,329000,706000,0,0,0,0,1000,-1000,-113000,0,113000,-113000,0,0,0,592000
057700,新日興群益9A購01,0,0,0,0,0,0,0,0,0,592000,0,0,0,648000,56000,592000,592000
061934,台積電國票9B購06,0,0,0,0,0,0,0,0,0,591000,0,0,0,621000,30000,591000,591000
061427,旭富元大9A購02  ,0,0,0,0,0,0,0,0,0,587000,0,0,0,741000,154000,587000,587000
062096,神隆永豐9B購01  ,0,0,0,0,0,0,0,0,0,582000,0,0,0,685000,103000,582000,582000
062498,華通群益9C購04  ,0,0,0,0,0,0,0,0,0,580000,0,0,0,633000,53000,580000,580000
9938,百和            ,1081000,432000,649000,0,0,0,140000,153000,-13000,-56000,9000,8000,1000,10000,67000,-57000,580000
064702,百和群益01購01  ,0,0,0,0,0,0,0,0,0,577000,0,0,0,659000,82000,577000,577000
062824,國巨群益9C購03  ,0,0,0,0,0,0,0,0,0,572000,0,0,0,760000,188000,572000,572000
1718,中纖            ,1020000,472000,548000,0,0,0,0,0,0,22000,22000,0,22000,0,0,0,570000
07100P,華航元大99售01  ,0,0,0,0,0,0,0,0,0,566000,0,0,0,566000,0,566000,566000
063432,金寶元富9B購01  ,0,0,0,0,0,0,0,0,0,565000,0,0,0,742000,177000,565000,565000
052777,燿華國票98購01  ,0,0,0,0,0,0,0,0,0,564000,0,0,0,569000,5000,564000,564000
061937,聯發科國票9B購02,20000,0,20000,0,0,0,0,0,0,541000,0,0,0,615000,74000,541000,561000
00739,元大MSCI A股    ,0,0,0,0,0,0,0,0,0,560000,0,0,0,612000,52000,560000,560000
061941,道瓊指群益9B購01,0,0,0,0,0,0,0,0,0,559000,0,0,0,582000,23000,559000,559000
061355,康友元大9A購03  ,0,0,0,0,0,0,0,0,0,556000,0,0,0,845000,289000,556000,556000
061511,緯穎富邦9B購02  ,0,0,0,0,0,0,0,0,0,555000,0,0,0,580000,25000,555000,555000
062460,京鼎群益9C購01  ,0,0,0,0,0,0,0,0,0,548000,0,0,0,621000,73000,548000,548000
057298,旭富永豐98購01  ,0,0,0,0,0,0,0,0,0,547000,0,0,0,578000,31000,547000,547000
057875,京鼎元大98購03  ,0,0,0,0,0,0,0,0,0,547000,0,0,0,582000,35000,547000,547000
06680P,智邦元大98售06  ,0,0,0,0,0,0,0,0,0,543000,0,0,0,547000,4000,543000,543000
056605,台積電富邦9B購02,0,0,0,0,0,0,0,0,0,539000,0,0,0,539000,0,539000,539000
2436,偉詮電          ,923000,377000,546000,0,0,0,0,7799,-7799,0,0,0,0,0,0,0,538201
063163,京元電永豐9B購01,0,0,0,0,0,0,0,0,0,535000,0,0,0,761000,226000,535000,535000
064812,旭富元大9C購04  ,0,0,0,0,0,0,0,0,0,532000,0,0,0,610000,78000,532000,532000
05644P,大立光中信9A售03,0,0,0,0,0,0,0,0,0,532000,0,0,0,592000,60000,532000,532000
2323,中環            ,1017000,510000,507000,0,0,0,17000,3000,14000,10000,67000,24000,43000,3000,36000,-33000,531000
061094,彩晶統一9B購02  ,0,0,0,0,0,0,0,0,0,531000,0,0,0,707000,176000,531000,531000
060194,旭富元富9A購01  ,0,0,0,0,0,0,0,0,0,530000,0,0,0,535000,5000,530000,530000
063532,GIS凱基9B購03   ,0,0,0,0,0,0,0,0,0,528000,0,0,0,911000,383000,528000,528000
3711,日月光投控      ,2449452,2251000,198452,0,0,0,0,5000,-5000,333000,336000,4000,332000,38000,37000,1000,526452
063100,聚陽群益9C購02  ,0,0,0,0,0,0,0,0,0,526000,0,0,0,561000,35000,526000,526000
057266,TPK兆豐98購02   ,0,0,0,0,0,0,0,0,0,522000,0,0,0,557000,35000,522000,522000
2369,菱生            ,664000,160000,504000,0,0,0,15000,0,15000,0,0,0,0,0,0,0,519000
063493,金像電富邦01購01,0,45000,-45000,0,0,0,0,0,0,561000,0,0,0,607000,46000,561000,516000
3019,亞光            ,1104000,607000,497000,0,0,0,1000,0,1000,12000,26000,10000,16000,32000,36000,-4000,510000
059948,正文永豐99購01  ,0,0,0,0,0,0,0,0,0,510000,0,0,0,751000,241000,510000,510000
063501,旭富永豐9B購02  ,0,0,0,0,0,0,0,0,0,509000,0,0,0,602000,93000,509000,509000
058925,旭富元富99購02  ,0,0,0,0,0,0,0,0,0,507000,0,0,0,517000,10000,507000,507000
063437,聚陽統一01購01  ,0,0,0,0,0,0,0,0,0,507000,0,0,0,579000,72000,507000,507000
9945,潤泰新          ,1628481,920527,707954,0,0,0,0,207000,-207000,5000,5000,0,5000,0,0,0,505954
08148P,長榮航群益9B售03,0,0,0,0,0,0,0,0,0,504000,0,0,0,504000,0,504000,504000
057612,瑞昱元富02購01  ,0,0,0,0,0,0,0,0,0,503000,0,0,0,616000,113000,503000,503000
062491,矽創永豐9B購01  ,0,0,0,0,0,0,0,0,0,500000,0,0,0,572000,72000,500000,500000
06456P,聯發科統一98售03,4000,0,4000,0,0,0,0,0,0,496000,0,0,0,496000,0,496000,500000
08146P,台積電群益9B售08,0,0,0,0,0,0,0,0,0,499000,0,0,0,499000,0,499000,499000
051530,鴻海國票97購01  ,0,0,0,0,0,0,0,0,0,499000,0,0,0,499000,0,499000,499000
062476,神隆國票9B購01  ,0,0,0,0,0,0,0,0,0,499000,0,0,0,638000,139000,499000,499000
2368,金像電          ,7070000,6169000,901000,0,0,0,0,400000,-400000,-4000,540000,540000,0,64000,68000,-4000,497000
057613,瑞昱元富02購02  ,0,0,0,0,0,0,0,0,0,496000,0,0,0,497000,1000,496000,496000
064721,國泰金統一02購01,0,0,0,0,0,0,0,0,0,496000,0,0,0,527000,31000,496000,496000
00692,富邦公司治理    ,16000,17000,-1000,0,0,0,0,0,0,496000,0,0,0,1962000,1466000,496000,495000
063581,同欣電國泰9C購01,0,0,0,0,0,0,0,0,0,494000,0,0,0,980000,486000,494000,494000
047504,滬深2X國票9A購01,0,0,0,0,0,0,0,0,0,491000,0,0,0,496000,5000,491000,491000
062542,南電國泰9C購01  ,0,0,0,0,0,0,0,0,0,490000,0,0,0,789000,299000,490000,490000
063295,京元電麥證9B購01,0,0,0,506000,16000,490000,0,0,0,490000,0,0,0,506000,16000,490000,490000
057105,致茂群益9A購01  ,0,0,0,0,0,0,0,0,0,488000,0,0,0,698000,210000,488000,488000
8039,台虹            ,897000,514000,383000,0,0,0,1000,0,1000,103000,0,0,0,134000,31000,103000,487000
059319,台光電元大99購04,0,0,0,0,0,0,0,0,0,487000,0,0,0,487000,0,487000,487000
053025,燿華富邦98購02  ,0,0,0,0,0,0,0,0,0,485000,0,0,0,605000,120000,485000,485000
056161,康控凱基98購02  ,0,0,0,0,0,0,0,0,0,479000,0,0,0,480000,1000,479000,479000
061843,億豐凱基9C購01  ,0,0,0,0,0,0,0,0,0,476000,0,0,0,521000,45000,476000,476000
062569,南電中信01購01  ,0,0,0,0,0,0,0,0,0,476000,0,0,0,555000,79000,476000,476000
063732,建準元大9B購02  ,0,0,0,0,0,0,0,0,0,471000,0,0,0,604000,133000,471000,471000
062514,玉晶光國票9C購02,0,0,0,0,0,0,0,0,0,470000,0,0,0,722000,252000,470000,470000
061824,聯電麥證9B購01  ,0,0,0,469000,0,469000,0,0,0,469000,0,0,0,469000,0,469000,469000
062972,京元電元富9B購01,0,0,0,0,0,0,0,0,0,466000,0,0,0,697000,231000,466000,466000
063345,嘉晶統一9C購02  ,0,0,0,0,0,0,0,0,0,465000,0,0,0,465000,0,465000,465000
1714,和桐            ,1031000,570000,461000,0,0,0,0,0,0,0,0,0,0,0,0,0,461000
064146,瑞昱統一01購03  ,0,0,0,0,0,0,0,0,0,461000,0,0,0,526000,65000,461000,461000
06901P,亞德客凱基98售02,0,0,0,0,0,0,0,0,0,460000,0,0,0,496000,36000,460000,460000
060862,美律永豐9A購01  ,0,0,0,0,0,0,0,0,0,459000,0,0,0,589000,130000,459000,459000
064397,旭富永豐9C購01  ,0,0,0,0,0,0,0,0,0,457000,0,0,0,460000,3000,457000,457000
052932,正文元大97購01  ,0,0,0,0,0,0,0,0,0,456000,0,0,0,456000,0,456000,456000
053915,光罩國票96購02  ,0,0,0,0,0,0,0,0,0,456000,0,0,0,456000,0,456000,456000
08290P,高鐵統一01售01  ,0,0,0,0,0,0,0,0,0,455000,0,0,0,713000,258000,455000,455000
063405,聯發科國票9C購03,0,0,0,0,0,0,0,0,0,455000,0,0,0,516000,61000,455000,455000
2376,技嘉            ,3047318,1418000,1629318,0,0,0,0,958000,-958000,-218000,6000,42000,-36000,30000,212000,-182000,453318
08068P,宏達電國泰9C售01,0,0,0,0,0,0,0,0,0,452000,0,0,0,452000,0,452000,452000
058758,台積電群益99購05,0,0,0,0,0,0,0,0,0,452000,0,0,0,452000,0,452000,452000
057609,友訊元富98購01  ,0,0,0,0,0,0,0,0,0,451000,0,0,0,542000,91000,451000,451000
059188,京元電富邦9B購01,0,0,0,0,0,0,0,0,0,449000,0,0,0,653000,204000,449000,449000
055943,瑞昱麥證97購01  ,0,0,0,449000,1000,448000,0,0,0,448000,0,0,0,449000,1000,448000,448000
057453,矽創元富98購01  ,0,0,0,0,0,0,0,0,0,448000,0,0,0,460000,12000,448000,448000
1305,華夏            ,602000,154000,448000,0,0,0,0,0,0,-2000,0,2000,-2000,0,0,0,446000
063862,世紀鋼國泰02購01,0,0,0,0,0,0,0,0,0,446000,0,0,0,476000,30000,446000,446000
07408P,台積電兆豐99售06,0,0,0,0,0,0,0,0,0,445000,0,0,0,450000,5000,445000,445000
8021,尖點            ,624000,186000,438000,0,0,0,2000,0,2000,0,0,0,0,0,0,0,440000
062132,神隆群益9B購01  ,0,0,0,0,0,0,0,0,0,438000,0,0,0,498000,60000,438000,438000
00633L,富邦上証正2     ,1181000,1012000,169000,0,0,0,0,0,0,268000,25000,0,25000,3795000,3552000,243000,437000
057954,宏碁元大99購01  ,0,0,0,0,0,0,0,0,0,437000,0,0,0,582000,145000,437000,437000
058113,百和元富98購01  ,0,0,0,0,0,0,0,0,0,435000,0,0,0,535000,100000,435000,435000
2312,金寶            ,2602000,2264000,338000,0,0,0,0,0,0,95000,0,0,0,134000,39000,95000,433000
060792,信錦永豐9A購01  ,0,0,0,0,0,0,0,0,0,432000,0,0,0,432000,0,432000,432000
057002,友達國票98購01  ,0,0,0,0,0,0,0,0,0,430000,0,0,0,430000,0,430000,430000
061791,康友群益9B購01  ,0,0,0,0,0,0,0,0,0,430000,0,0,0,654000,224000,430000,430000
9802,鈺齊-KY         ,485000,275000,210000,0,0,0,96000,0,96000,123000,0,6000,-6000,132000,3000,129000,429000
3257,虹冠電          ,564000,137000,427000,0,0,0,0,0,0,1000,1000,0,1000,0,0,0,428000
057396,健鼎中信99購01  ,0,0,0,0,0,0,0,0,0,428000,0,0,0,524000,96000,428000,428000
9933,中鼎            ,1894000,1431265,462735,0,0,0,59000,4000,55000,-90000,0,90000,-90000,0,0,0,427735
064140,台達電統一01購01,0,0,0,0,0,0,0,0,0,426000,0,0,0,617000,191000,426000,426000
060686,康友元大9A購02  ,0,0,0,0,0,0,0,0,0,424000,0,0,0,1128000,704000,424000,424000
6598,ABC-KY          ,465000,42000,423000,0,0,0,0,0,0,0,0,0,0,0,0,0,423000
063209,巨大統一01購01  ,0,0,0,0,0,0,0,0,0,423000,0,0,0,530000,107000,423000,423000
060285,聯電元大9C購01  ,0,0,0,0,0,0,0,0,0,418000,0,0,0,427000,9000,418000,418000
060857,旭富富邦9B購01  ,0,0,0,0,0,0,0,0,0,417000,0,0,0,757000,340000,417000,417000
062287,康友群益9B購02  ,0,0,0,0,0,0,0,0,0,417000,0,0,0,963000,546000,417000,417000
063267,台表科中信01購02,0,0,0,0,0,0,0,0,0,416000,0,0,0,466000,50000,416000,416000
00648R,元大S&P500反1   ,22000,0,22000,0,0,0,0,0,0,392000,0,0,0,1353000,961000,392000,414000
060310,瑞昱永豐9A購01  ,0,0,0,0,0,0,0,0,0,413000,0,0,0,413000,0,413000,413000
4552,力達-KY         ,270000,36000,234000,0,0,0,178000,0,178000,0,0,0,0,0,0,0,412000
064193,華新群益9C購01  ,0,0,0,0,0,0,0,0,0,412000,0,0,0,692000,280000,412000,412000
059524,FBVIX凱基9A購02 ,0,0,0,0,0,0,0,0,0,410000,0,0,0,501000,91000,410000,410000
058149,百和元大99購02  ,0,0,0,0,0,0,0,0,0,410000,0,0,0,489000,79000,410000,410000
08338P,台灣50凱基9C售11,0,0,0,0,0,0,0,0,0,409000,0,0,0,420000,11000,409000,409000
6116,彩晶            ,4228000,4306000,-78000,0,0,0,0,51423,-51423,537000,10000,8000,2000,1368000,833000,535000,407577
064066,達新永豐9C購01  ,0,0,0,0,0,0,0,0,0,407000,0,0,0,585000,178000,407000,407000
00875,國泰網路資安    ,4000,80000,-76000,0,0,0,0,0,0,481000,0,0,0,771000,290000,481000,405000
059685,T50正2永豐99購02,0,0,0,0,0,0,0,0,0,405000,0,0,0,525000,120000,405000,405000
064445,聚陽統一02購01  ,0,0,0,0,0,0,0,0,0,404000,0,0,0,404000,0,404000,404000
06853P,華擎元富98售03  ,0,0,0,0,0,0,0,0,0,401000,0,0,0,513000,112000,401000,401000
00669R,國泰美國道瓊反1 ,0,20000,-20000,0,0,0,0,0,0,421000,0,0,0,3304000,2883000,421000,401000
06320P,上銀統一97售04  ,0,0,0,0,0,0,0,0,0,401000,0,0,0,401000,0,401000,401000
051849,旺宏中信98購01  ,0,0,0,0,0,0,0,0,0,400000,0,0,0,670000,270000,400000,400000
057861,台積電凱基98購16,0,0,0,0,0,0,0,0,0,400000,0,0,0,400000,0,400000,400000
058555,矽創永豐9A購01  ,0,0,0,0,0,0,0,0,0,397000,0,0,0,397000,0,397000,397000
064614,友訊元大9C購02  ,0,0,0,0,0,0,0,0,0,397000,0,0,0,738000,341000,397000,397000
059103,旭富元富99購03  ,0,0,0,0,0,0,0,0,0,395000,0,0,0,395000,0,395000,395000
063253,巨大元大9B購03  ,0,0,0,0,0,0,0,0,0,395000,0,0,0,402000,7000,395000,395000
060819,國巨統一9C購04  ,0,0,0,0,0,0,0,0,0,394000,0,0,0,409000,15000,394000,394000
2375,凱美            ,370000,67000,303000,0,0,0,3000,0,3000,87000,0,0,0,90000,3000,87000,393000
020012,富邦行動通訊N   ,0,0,0,0,0,0,0,0,0,392000,0,0,0,395000,3000,392000,392000
3014,聯陽            ,542000,266000,276000,0,0,0,0,1000,-1000,114000,71000,0,71000,43000,0,43000,389000
055803,鎧勝永豐97購01  ,0,0,0,0,0,0,0,0,0,388000,0,0,0,388000,0,388000,388000
056158,新日興凱基98購02,0,0,0,0,0,0,0,0,0,387000,0,0,0,477000,90000,387000,387000
064685,裕隆群益9C購01  ,0,0,0,0,0,0,0,0,0,385000,0,0,0,518000,133000,385000,385000
058222,玉晶光統一9B購01,0,0,0,0,0,0,0,0,0,384000,0,0,0,527000,143000,384000,384000
064582,裕隆永豐9C購02  ,0,0,0,0,0,0,0,0,0,383000,0,0,0,453000,70000,383000,383000
063082,瑞昱凱基9B購04  ,0,0,0,0,0,0,0,0,0,383000,0,0,0,437000,54000,383000,383000
058776,台積電國票9A購03,0,0,0,0,0,0,0,0,0,381000,0,0,0,544000,163000,381000,381000
056515,燿華兆豐99購01  ,0,0,0,0,0,0,0,0,0,380000,0,0,0,380000,0,380000,380000
060889,國泰金統一9C購01,0,0,0,0,0,0,0,0,0,380000,0,0,0,382000,2000,380000,380000
063441,台達電統一9C購01,0,0,0,0,0,0,0,0,0,379000,0,0,0,432000,53000,379000,379000
062456,台積電群益9B購05,0,0,0,0,0,0,0,0,0,378000,0,0,0,457000,79000,378000,378000
07446P,台灣50元大9A售06,0,0,0,0,0,0,0,0,0,377000,0,0,0,487000,110000,377000,377000
3596,智易            ,640000,291000,349000,0,0,0,0,0,0,24000,0,0,0,33000,9000,24000,373000
07834P,聯詠群益9A售03  ,0,0,0,0,0,0,0,0,0,372000,0,0,0,375000,3000,372000,372000
064468,健策元富9C購02  ,0,0,0,0,0,0,0,0,0,371000,0,0,0,398000,27000,371000,371000
060418,中橡永豐9A購01  ,0,0,0,0,0,0,0,0,0,369000,0,0,0,467000,98000,369000,369000
058251,百和元大99購03  ,0,0,0,0,0,0,0,0,0,367000,0,0,0,408000,41000,367000,367000
1218,泰山            ,429000,63000,366000,0,0,0,0,0,0,0,0,0,0,0,0,0,366000
3047,訊舟            ,465000,101000,364000,0,0,0,0,0,0,0,0,0,0,0,0,0,364000
060416,神隆永豐9A購01  ,0,0,0,0,0,0,0,0,0,364000,0,0,0,517000,153000,364000,364000
4943,康控-KY         ,525000,347000,178000,0,0,0,0,0,0,185000,0,2000,-2000,212000,25000,187000,363000
6288,聯嘉            ,455000,111000,344000,0,0,0,0,0,0,18000,22000,4000,18000,0,0,0,362000
054600,中壽台新97購01  ,0,0,0,0,0,0,0,0,0,361000,0,0,0,361000,0,361000,361000
062058,瑞昱統一01購01  ,0,0,0,0,0,0,0,0,0,361000,0,0,0,391000,30000,361000,361000
062917,旭富元大9C購03  ,0,0,0,0,0,0,0,0,0,361000,0,0,0,500000,139000,361000,361000
063299,金寶凱基9B購01  ,0,0,0,0,0,0,0,0,0,360000,0,0,0,390000,30000,360000,360000
06374P,台表科元大97售06,0,0,0,0,0,0,0,0,0,360000,0,0,0,410000,50000,360000,360000
1701,中化            ,935000,577000,358000,0,0,0,0,0,0,0,0,0,0,0,0,0,358000
060571,京元電永豐9A購01,0,0,0,0,0,0,0,0,0,358000,0,0,0,373000,15000,358000,358000
063073,瑞昱永豐9B購01  ,0,0,0,0,0,0,0,0,0,353000,0,0,0,355000,2000,353000,353000
064933,矽創統一01購01  ,0,0,0,0,0,0,0,0,0,351000,0,0,0,351000,0,351000,351000
6412,群電            ,460000,116000,344000,0,0,0,6000,0,6000,-1000,0,1000,-1000,0,0,0,349000
055619,同欣電國票98購02,0,0,0,0,0,0,0,0,0,349000,0,0,0,458000,109000,349000,349000
058733,同欣電永豐99購02,0,0,0,0,0,0,0,0,0,349000,0,0,0,487000,138000,349000,349000
063895,新光金群益01購01,0,0,0,0,0,0,0,0,0,348000,0,0,0,348000,0,348000,348000
064357,中橡統一9C購01  ,0,0,0,0,0,0,0,0,0,348000,0,0,0,348000,0,348000,348000
3661,世芯-KY         ,1523000,1447000,76000,0,0,0,130000,10000,120000,151000,109000,4000,105000,57000,11000,46000,347000
07545P,玉晶光凱基9A售07,0,0,0,0,0,0,0,0,0,345000,0,0,0,400000,55000,345000,345000
058035,旭富永豐98購02  ,0,0,0,0,0,0,0,0,0,345000,0,0,0,522000,177000,345000,345000
059096,百和元大99購04  ,0,0,0,0,0,0,0,0,0,344000,0,0,0,449000,105000,344000,344000
063262,南六富邦9C購01  ,0,0,0,0,0,0,0,0,0,344000,0,0,0,344000,0,344000,344000
07468P,聯電元大9A售02  ,0,0,0,0,0,0,0,0,0,343000,0,0,0,353000,10000,343000,343000
061625,聯茂群益9A購02  ,0,0,0,0,0,0,0,0,0,343000,0,0,0,343000,0,343000,343000
058313,台積電富邦9B購04,0,0,0,0,0,0,0,0,0,342000,0,0,0,3231000,2889000,342000,342000
2637,慧洋-KY         ,647000,306000,341000,0,0,0,0,0,0,0,0,0,0,0,0,0,341000
058883,旭富永豐99購01  ,0,0,0,0,0,0,0,0,0,341000,0,0,0,346000,5000,341000,341000
063239,建準元大9B購01  ,0,0,0,0,0,0,0,0,0,341000,0,0,0,701000,360000,341000,341000
064145,宏碁統一02購01  ,0,0,0,0,0,0,0,0,0,340000,0,0,0,447000,107000,340000,340000
053181,滬深2X元富99購02,0,0,0,0,0,0,0,0,0,339000,0,0,0,499000,160000,339000,339000
058832,立積永豐99購01  ,0,0,0,0,0,0,0,0,0,339000,0,0,0,564000,225000,339000,339000
064160,新日興統一01購03,0,0,0,0,0,0,0,0,0,339000,0,0,0,624000,285000,339000,339000
062546,新日興永豐9B購01,0,0,0,0,0,0,0,0,0,339000,0,0,0,363000,24000,339000,339000
06720P,智邦亞東99售01  ,0,0,0,0,0,0,0,0,0,337000,0,0,0,347000,10000,337000,337000
054520,健鼎元大96購02  ,0,0,0,0,0,0,0,0,0,336000,0,0,0,336000,0,336000,336000
058148,百和元大99購01  ,0,0,0,0,0,0,0,0,0,335000,0,0,0,352000,17000,335000,335000
2354,鴻準            ,1780683,1222000,558683,0,0,0,2000,156000,-154000,-70000,8000,78000,-70000,0,0,0,334683
064284,京鼎元大9C購01  ,0,0,0,0,0,0,0,0,0,334000,0,0,0,480000,146000,334000,334000
065013,矽創國泰02購01  ,0,0,0,0,0,0,0,0,0,332000,0,0,0,433000,101000,332000,332000
063384,巨大永豐9B購04  ,0,0,0,0,0,0,0,0,0,332000,0,0,0,400000,68000,332000,332000
064409,彩晶凱基04購01  ,0,0,0,0,0,0,0,0,0,331000,0,0,0,503000,172000,331000,331000
6269,台郡            ,1514000,1334000,180000,0,0,0,46000,47000,-1000,151000,79000,98000,-19000,193000,23000,170000,330000
060433,億豐永豐9A購01  ,0,0,0,0,0,0,0,0,0,329000,0,0,0,668000,339000,329000,329000
063976,正崴兆豐9C購01  ,0,0,0,0,0,0,0,0,0,329000,0,0,0,486000,157000,329000,329000
061241,晶技兆豐9A購01  ,0,0,0,0,0,0,0,0,0,328000,0,0,0,393000,65000,328000,328000
064531,旭富兆豐9C購01  ,0,0,0,0,0,0,0,0,0,328000,0,0,0,1393000,1065000,328000,328000
060918,康友國泰9C購01  ,0,0,0,0,0,0,0,0,0,326000,0,0,0,658000,332000,326000,326000
05755P,臺股指中信99售04,0,0,0,0,0,0,0,0,0,325000,0,0,0,396000,71000,325000,325000
058379,臺股指凱基99購14,0,0,0,0,0,0,0,0,0,325000,0,0,0,641000,316000,325000,325000
064672,同欣電元大01購01,0,0,0,0,0,0,0,0,0,325000,0,0,0,525000,200000,325000,325000
064295,聚陽國票01購01  ,0,0,0,0,0,0,0,0,0,324000,0,0,0,333000,9000,324000,324000
062617,京鼎元大9B購01  ,0,0,0,0,0,0,0,0,0,324000,0,0,0,472000,148000,324000,324000
059688,燿華永豐99購01  ,0,0,0,0,0,0,0,0,0,323000,0,0,0,400000,77000,323000,323000
064003,台積電凱基01購03,0,0,0,0,0,0,0,0,0,323000,0,0,0,329000,6000,323000,323000
1710,東聯            ,462000,140000,322000,0,0,0,0,0,0,0,0,0,0,0,0,0,322000
064172,義隆元富9C購01  ,0,0,0,0,0,0,0,0,0,321000,0,0,0,814000,493000,321000,321000
062036,致新群益9B購01  ,0,0,0,0,0,0,0,0,0,320000,0,0,0,471000,151000,320000,320000
063108,世紀鋼群益9C購01,0,0,0,0,0,0,0,0,0,320000,0,0,0,320000,0,320000,320000
062894,道瓊銀元大9B購02,0,0,0,0,0,0,0,0,0,320000,0,0,0,320000,0,320000,320000
06953P,景碩統一9A售01  ,0,0,0,0,0,0,0,0,0,319000,0,0,0,320000,1000,319000,319000
062037,華新凱基9B購01  ,0,0,0,0,0,0,0,0,0,319000,0,0,0,426000,107000,319000,319000
3413,京鼎            ,518000,223000,295000,0,0,0,65000,0,65000,-42000,1000,0,1000,30000,73000,-43000,318000
1103,嘉泥            ,352000,74000,278000,0,0,0,0,0,0,39000,39000,0,39000,0,0,0,317000
060051,台積電凱基9B購01,0,0,0,0,0,0,0,0,0,317000,0,0,0,317000,0,317000,317000
062386,京鼎國泰9C購01  ,0,0,0,0,0,0,0,0,0,317000,0,0,0,322000,5000,317000,317000
055434,樺漢群益97購01  ,0,0,0,0,0,0,0,0,0,316000,0,0,0,316000,0,316000,316000
061270,彩晶凱基9A購02  ,0,0,0,0,0,0,0,0,0,316000,0,0,0,340000,24000,316000,316000
061917,亞德客凱基9B購02,0,0,0,0,0,0,0,0,0,316000,0,0,0,316000,0,316000,316000
060305,得力永豐9A購01  ,0,0,0,0,0,0,0,0,0,314000,0,0,0,324000,10000,314000,314000
061579,京鼎元大9A購02  ,0,0,0,0,0,0,0,0,0,314000,0,0,0,393000,79000,314000,314000
062297,億豐永豐9B購01  ,0,0,0,0,0,0,0,0,0,311000,0,0,0,760000,449000,311000,311000
054370,台積電中信9A購01,0,0,0,0,0,0,0,0,0,310000,0,0,0,1212000,902000,310000,310000
058690,元油2X國票9A購03,0,0,0,0,0,0,0,0,0,310000,0,0,0,310000,0,310000,310000
063788,矽創統一02購01  ,0,0,0,0,0,0,0,0,0,310000,0,0,0,335000,25000,310000,310000
064448,裕隆統一02購01  ,0,0,0,0,0,0,0,0,0,310000,0,0,0,467000,157000,310000,310000
064249,聯發科元富06購01,0,0,0,0,0,0,0,0,0,309000,0,0,0,510000,201000,309000,309000
063733,聯發科元大9B購27,0,0,0,0,0,0,0,0,0,309000,0,0,0,625000,316000,309000,309000
2006,東和鋼鐵        ,564000,251000,313000,0,0,0,0,0,0,-5000,0,5000,-5000,0,0,0,308000
9914,美利達          ,799000,504000,295000,0,0,0,72000,15000,57000,-45000,17000,62000,-45000,0,0,0,307000
1315,達新            ,502000,224000,278000,0,0,0,0,0,0,28000,0,5000,-5000,190000,157000,33000,306000
06847P,奇力新元大98售05,0,0,0,0,0,0,0,0,0,306000,0,0,0,306000,0,306000,306000
057161,亞德客元大98購02,0,0,0,0,0,0,0,0,0,305000,0,0,0,413000,108000,305000,305000
062497,遠東新群益9B購01,0,0,0,0,0,0,0,0,0,305000,0,0,0,386000,81000,305000,305000
063237,微星元大9B購02  ,0,0,0,0,0,0,0,0,0,305000,0,0,0,305000,0,305000,305000
063320,旭富群益9B購03  ,0,0,0,0,0,0,0,0,0,305000,0,0,0,425000,120000,305000,305000
065105,巨大元大01購01  ,0,0,0,0,0,0,0,0,0,304000,0,0,0,304000,0,304000,304000
08124P,臻鼎群益9B售02  ,0,0,0,0,0,0,0,0,0,304000,0,0,0,388000,84000,304000,304000
056061,國泰金元大97購02,0,0,0,0,0,0,0,0,0,304000,0,0,0,314000,10000,304000,304000
056583,昇陽半元大98購02,0,0,0,0,0,0,0,0,0,302000,0,0,0,330000,28000,302000,302000
062339,瑞昱麥證9C購01  ,0,0,0,310000,3000,307000,0,0,0,302000,0,0,0,310000,8000,302000,302000
2455,全新            ,670000,472000,198000,0,0,0,0,0,0,102000,117000,96000,21000,126000,45000,81000,300000
00643,群益深証中小    ,288000,12000,276000,0,0,0,0,0,0,22000,0,0,0,105000,83000,22000,298000
064822,台達電統一01購03,0,0,0,0,0,0,0,0,0,297000,0,0,0,342000,45000,297000,297000
060233,宏碁元大9A購01  ,0,0,0,0,0,0,0,0,0,297000,0,0,0,323000,26000,297000,297000
062214,金寶統一01購01  ,0,0,0,0,0,0,0,0,0,297000,0,0,0,382000,85000,297000,297000
059841,國巨富邦9C購01  ,0,0,0,0,0,0,0,0,0,295000,0,0,0,326000,31000,295000,295000
061075,亞德客兆豐9A購01,0,0,0,0,0,0,0,0,0,294000,0,0,0,302000,8000,294000,294000
062956,同欣電永豐9B購02,0,0,0,0,0,0,0,0,0,294000,0,0,0,498000,204000,294000,294000
5264,鎧勝-KY         ,3165000,3924000,-759000,0,0,0,1168000,0,1168000,-116000,7000,43000,-36000,37000,117000,-80000,293000
064630,巨大元大9C購01  ,0,0,0,0,0,0,0,0,0,293000,0,0,0,305000,12000,293000,293000
064185,裕隆永豐9C購01  ,0,0,0,0,0,0,0,0,0,292000,0,0,0,296000,4000,292000,292000
07618P,大立光中信9A售06,0,0,0,0,0,0,0,0,0,291000,0,0,0,301000,10000,291000,291000
061066,嘉晶凱基9B購01  ,0,0,0,0,0,0,0,0,0,291000,0,0,0,382000,91000,291000,291000
05131P,聯詠統一97售01  ,0,0,0,0,0,0,0,0,0,290000,0,0,0,317000,27000,290000,290000
064684,巨大兆豐9C購01  ,0,0,0,0,0,0,0,0,0,290000,0,0,0,386000,96000,290000,290000
062875,瑞昱兆豐9C購01  ,0,0,0,0,0,0,0,0,0,290000,0,0,0,434000,144000,290000,290000
07707P,玉山金元大9A售03,0,0,0,0,0,0,0,0,0,289000,0,0,0,289000,0,289000,289000
06705P,臻鼎元富98售03  ,0,0,0,0,0,0,0,0,0,289000,0,0,0,350000,61000,289000,289000
08207P,金像電群益9B售05,0,0,0,0,0,0,0,0,0,289000,0,0,0,486000,197000,289000,289000
056810,群創統一9A購01  ,0,0,0,0,0,0,0,0,0,289000,0,0,0,505000,216000,289000,289000
061265,富邦金凱基9B購01,0,0,0,0,0,0,0,0,0,288000,0,0,0,288000,0,288000,288000
063650,矽創元大9B購03  ,0,0,0,0,0,0,0,0,0,288000,0,0,0,296000,8000,288000,288000
064676,聚陽兆豐9C購01  ,0,0,0,0,0,0,0,0,0,287000,0,0,0,297000,10000,287000,287000
063296,可成麥證9B購01  ,0,0,0,300000,13000,287000,0,0,0,287000,0,0,0,300000,13000,287000,287000
00664R,國泰臺灣加權反1 ,0,0,0,0,0,0,0,0,0,286000,0,0,0,1489000,1203000,286000,286000
061077,國巨兆豐9B購01  ,0,0,0,0,0,0,0,0,0,284000,0,0,0,289000,5000,284000,284000
063200,瑞昱統一9C購01  ,0,0,0,0,0,0,0,0,0,284000,0,0,0,284000,0,284000,284000
064843,巨大統一02購01  ,0,0,0,0,0,0,0,0,0,283000,0,0,0,453000,170000,283000,283000
058877,T50反1國泰9B購01,0,0,0,0,0,0,0,0,0,282000,0,0,0,455000,173000,282000,282000
058287,國巨國票9A購02  ,0,0,0,0,0,0,0,0,0,282000,0,0,0,940000,658000,282000,282000
064728,健策統一9C購04  ,0,0,0,0,0,0,0,0,0,281000,0,0,0,312000,31000,281000,281000
064838,旭富統一01購01  ,0,0,0,0,0,0,0,0,0,275000,0,0,0,661000,386000,275000,275000
060402,神隆國泰9B購01  ,0,0,0,0,0,0,0,0,0,275000,0,0,0,367000,92000,275000,275000
064444,聚陽統一01購02  ,0,0,0,0,0,0,0,0,0,275000,0,0,0,344000,69000,275000,275000
064138,亞德客統一01購02,0,0,0,0,0,0,0,0,0,275000,0,0,0,346000,71000,275000,275000
062392,國巨富邦02購01  ,0,0,0,0,0,0,0,0,0,275000,0,0,0,370000,95000,275000,275000
062846,國泰金富邦9C購01,0,0,0,0,0,0,0,0,0,274000,0,0,0,294000,20000,274000,274000
060616,宏碁元大9A購02  ,0,0,0,0,0,0,0,0,0,273000,0,0,0,378000,105000,273000,273000
059005,嘉晶元大99購06  ,0,0,0,0,0,0,0,0,0,273000,0,0,0,368000,95000,273000,273000
064095,鴻海群益01購02  ,0,0,0,0,0,0,0,0,0,273000,0,0,0,278000,5000,273000,273000
08377P,臻鼎元富9C售02  ,0,0,0,0,0,0,0,0,0,272000,0,0,0,326000,54000,272000,272000
00770,國泰北美科技    ,29000,0,29000,0,0,0,0,0,0,243000,0,0,0,307000,64000,243000,272000
059607,台積電富邦9C購04,0,0,0,0,0,0,0,0,0,272000,0,0,0,277000,5000,272000,272000
07711P,世芯元大9A售07  ,0,0,0,0,0,0,0,0,0,271000,0,0,0,555000,284000,271000,271000
060265,宏達電國票9A購02,0,0,0,0,0,0,0,0,0,271000,0,0,0,333000,62000,271000,271000
062102,T50反1國票9B購07,0,0,0,0,0,0,0,0,0,270000,0,0,0,290000,20000,270000,270000
8105,凌巨            ,368000,92000,276000,0,0,0,4000,0,4000,-11000,0,11000,-11000,0,0,0,269000
060716,新唐永豐9A購01  ,0,0,0,0,0,0,0,0,0,269000,0,0,0,269000,0,269000,269000
8110,華東            ,420000,151000,269000,0,0,0,7000,0,7000,-8000,0,8000,-8000,0,0,0,268000
060682,牧德元大9A購03  ,0,0,0,0,0,0,0,0,0,268000,0,0,0,275000,7000,268000,268000
07149P,健鼎元大99售03  ,0,0,0,0,0,0,0,0,0,266000,0,0,0,271000,5000,266000,266000
064539,玉晶光麥證01購01,0,0,0,280000,14000,266000,0,0,0,266000,0,0,0,280000,14000,266000,266000
062699,台積電元大01購02,0,0,0,0,0,0,0,0,0,264000,0,0,0,301000,37000,264000,264000
061963,台積電統一01購04,0,0,0,0,0,0,0,0,0,263000,0,0,0,447000,184000,263000,263000
08036P,嘉澤群益9B售03  ,0,0,0,0,0,0,0,0,0,262000,0,0,0,535000,273000,262000,262000
062920,康友元大9B購01  ,0,0,0,0,0,0,0,0,0,261000,0,0,0,444000,183000,261000,261000
2013,中鋼構          ,183000,29000,154000,0,0,0,106000,0,106000,0,0,0,0,0,0,0,260000
061300,臺股指富邦9A購02,0,0,0,0,0,0,0,0,0,260000,0,0,0,260000,0,260000,260000
063669,宏達電統一9C購01,0,0,0,0,0,0,0,0,0,260000,0,0,0,260000,0,260000,260000
07807P,聯茂永豐9A售02  ,0,0,0,0,0,0,0,0,0,259000,0,0,0,259000,0,259000,259000
061589,世紀鋼富邦9B購01,0,0,0,0,0,0,0,0,0,259000,0,0,0,264000,5000,259000,259000
061822,和潤群益9B購01  ,0,0,0,0,0,0,0,0,0,259000,0,0,0,285000,26000,259000,259000
062606,聯電凱基9C購02  ,0,0,0,0,0,0,0,0,0,259000,0,0,0,259000,0,259000,259000
00762,元大全球AI      ,0,0,0,0,0,0,0,0,0,258000,0,0,0,334000,76000,258000,258000
062053,華通統一9C購02  ,0,0,0,0,0,0,0,0,0,257000,0,0,0,277000,20000,257000,257000
058556,百和永豐99購01  ,0,0,0,0,0,0,0,0,0,257000,0,0,0,257000,0,257000,257000
061197,矽創永豐9A購02  ,0,0,0,0,0,0,0,0,0,256000,0,0,0,324000,68000,256000,256000
062407,同欣電永豐9B購01,0,0,0,0,0,0,0,0,0,256000,0,0,0,364000,108000,256000,256000
064820,裕隆統一9C購01  ,0,0,0,0,0,0,0,0,0,255000,0,0,0,412000,157000,255000,255000
00670L,富邦NASDAQ正2   ,3000,0,3000,0,0,0,0,0,0,252000,138000,0,138000,620000,506000,114000,255000
062090,南電元大9B購02  ,0,0,0,0,0,0,0,0,0,255000,0,0,0,307000,52000,255000,255000
6452,康友-KY         ,1528000,1217000,311000,0,0,0,0,0,0,-57000,0,0,0,55000,112000,-57000,254000
063485,巨大元大9B購04  ,0,0,0,0,0,0,0,0,0,254000,0,0,0,574000,320000,254000,254000
053805,奇鋐凱基98購02  ,0,0,0,0,0,0,0,0,0,253000,0,0,0,253000,0,253000,253000
061040,康友永豐9A購01  ,0,0,0,0,0,0,0,0,0,253000,0,0,0,500000,247000,253000,253000
057225,華新凱基98購01  ,0,0,0,0,0,0,0,0,0,253000,0,0,0,361000,108000,253000,253000
6451,訊芯-KY         ,377000,152000,225000,0,0,0,0,0,0,27000,0,0,0,30000,3000,27000,252000
07265P,大立光元大99售16,0,0,0,0,0,0,0,0,0,251000,0,0,0,251000,0,251000,251000
06566P,華通永豐98售03  ,0,0,0,0,0,0,0,0,0,250000,0,0,0,250000,0,250000,250000
056380,麗豐元富98購01  ,0,0,0,0,0,0,0,0,0,250000,0,0,0,260000,10000,250000,250000
058878,旭富國泰9B購01  ,0,0,0,0,0,0,0,0,0,250000,0,0,0,251000,1000,250000,250000
6141,柏承            ,275000,26000,249000,0,0,0,0,0,0,0,0,0,0,0,0,0,249000
057328,京鼎群益99購02  ,0,0,0,0,0,0,0,0,0,249000,0,0,0,404000,155000,249000,249000
063661,聚陽統一9C購02  ,0,0,0,0,0,0,0,0,0,247000,0,0,0,343000,96000,247000,247000
060855,華新科富邦01購01,0,0,0,0,0,0,0,0,0,246000,0,0,0,246000,0,246000,246000
058397,大成鋼元大99購02,0,0,0,0,0,0,0,0,0,246000,0,0,0,248000,2000,246000,246000
063210,百和統一9C購01  ,0,0,0,0,0,0,0,0,0,246000,0,0,0,308000,62000,246000,246000
2204,中華            ,351000,84000,267000,0,0,0,0,0,0,-22000,0,22000,-22000,0,0,0,245000
060685,康友元大9A購01  ,0,0,0,0,0,0,0,0,0,245000,0,0,0,449000,204000,245000,245000
056592,台積電元富98購01,0,0,0,0,0,0,0,0,0,244000,0,0,0,244000,0,244000,244000
063988,華通永豐9C購01  ,0,0,0,0,0,0,0,0,0,244000,0,0,0,530000,286000,244000,244000
056241,緯創群益97購01  ,0,0,0,0,0,0,0,0,0,243000,0,0,0,490000,247000,243000,243000
061603,瑞昱凱基9A購02  ,0,0,0,0,0,0,0,0,0,243000,0,0,0,265000,22000,243000,243000
060991,京鼎元大9A購01  ,0,0,0,0,0,0,0,0,0,242000,0,0,0,292000,50000,242000,242000
058905,京鼎元大99購01  ,0,0,0,0,0,0,0,0,0,242000,0,0,0,329000,87000,242000,242000
062422,億光統一01購01  ,0,0,0,0,0,0,0,0,0,241000,0,0,0,243000,2000,241000,241000
4968,立積            ,487000,246000,241000,0,0,0,0,0,0,-1000,0,16000,-16000,24000,9000,15000,240000
08158P,嘉澤元富9B售03  ,0,0,0,0,0,0,0,0,0,240000,0,0,0,391000,151000,240000,240000
063418,京元電凱基9B購03,0,0,0,0,0,0,0,0,0,240000,0,0,0,253000,13000,240000,240000
064319,南電群益9C購01  ,0,0,0,0,0,0,0,0,0,240000,0,0,0,437000,197000,240000,240000
064992,玉晶光兆豐01購01,0,0,0,0,0,0,0,0,0,239000,0,0,0,285000,46000,239000,239000
042116,元油2X國票97購01,0,0,0,0,0,0,0,0,0,239000,0,0,0,239000,0,239000,239000
055421,玉晶光永豐98購04,0,0,0,0,0,0,0,0,0,239000,0,0,0,666000,427000,239000,239000
064054,中租統一02購01  ,0,0,0,0,0,0,0,0,0,239000,0,0,0,250000,11000,239000,239000
061043,百和永豐9A購01  ,0,0,0,0,0,0,0,0,0,238000,0,0,0,251000,13000,238000,238000
060155,友訊永豐9A購01  ,0,0,0,0,0,0,0,0,0,238000,0,0,0,378000,140000,238000,238000
064918,中信金統一02購01,0,0,0,0,0,0,0,0,0,237000,0,0,0,237000,0,237000,237000
061922,瑞昱凱基9B購01  ,0,0,0,0,0,0,0,0,0,237000,0,0,0,237000,0,237000,237000
063448,聯發科統一9C購11,0,0,0,0,0,0,0,0,0,237000,0,0,0,467000,230000,237000,237000
063028,巨大元大9B購02  ,0,0,0,0,0,0,0,0,0,237000,0,0,0,261000,24000,237000,237000
061951,南電群益9B購01  ,0,0,0,0,0,0,0,0,0,236000,0,0,0,236000,0,236000,236000
006205,富邦上証        ,693000,9000,684000,0,0,0,0,0,0,-449000,0,0,0,1043000,1492000,-449000,235000
05473P,聯詠統一97售02  ,0,0,0,0,0,0,0,0,0,234000,0,0,0,234000,0,234000,234000
061303,玉晶光永豐9B購03,0,0,0,0,0,0,0,0,0,234000,0,0,0,241000,7000,234000,234000
062975,京鼎元富9B購01  ,0,0,0,0,0,0,0,0,0,233000,0,0,0,702000,469000,233000,233000
054808,東元元大9A購01  ,0,0,0,0,0,0,0,0,0,232000,0,0,0,270000,38000,232000,232000
058188,華擎永豐99購01  ,0,0,0,0,0,0,0,0,0,232000,0,0,0,303000,71000,232000,232000
2851,中再保          ,347000,116000,231000,0,0,0,0,0,0,0,0,0,0,0,0,0,231000
056276,同欣電國泰98購01,0,0,0,0,0,0,0,0,0,231000,0,0,0,356000,125000,231000,231000
061370,晶技國泰9C購01  ,0,0,0,0,0,0,0,0,0,231000,0,0,0,317000,86000,231000,231000
064015,立積國票01購01  ,0,0,0,0,0,0,0,0,0,231000,0,0,0,401000,170000,231000,231000
064960,世紀鋼凱基03購01,0,0,0,0,0,0,0,0,0,230000,0,0,0,245000,15000,230000,230000
063393,華通群益9C購05  ,0,0,0,0,0,0,0,0,0,230000,0,0,0,377000,147000,230000,230000
060236,精元元大9C購01  ,0,0,0,0,0,0,0,0,0,229000,0,0,0,412000,183000,229000,229000
07966P,瑞祺群益9B售02  ,0,0,0,0,0,0,0,0,0,228000,0,0,0,230000,2000,228000,228000
057727,華邦電國泰9A購01,0,0,0,0,0,0,0,0,0,228000,0,0,0,228000,0,228000,228000
062722,京元電凱基9B購02,0,0,0,0,0,0,0,0,0,228000,0,0,0,338000,110000,228000,228000
07086P,力成元富9C售01  ,0,0,0,0,0,0,0,0,0,227000,0,0,0,374000,147000,227000,227000
061491,嘉聯益兆豐9B購01,0,0,0,0,0,0,0,0,0,227000,0,0,0,697000,470000,227000,227000
051003,中環中信97購01  ,0,0,0,0,0,0,0,0,0,226000,0,0,0,226000,0,226000,226000
08066P,南亞科凱基9B售04,0,0,0,0,0,0,0,0,0,225000,0,0,0,443000,218000,225000,225000
064995,世紀鋼兆豐9C購01,0,0,0,0,0,0,0,0,0,225000,0,0,0,225000,0,225000,225000
9105,泰金寶-DR       ,257000,32000,225000,0,0,0,0,0,0,0,0,0,0,0,0,0,225000
055415,禾伸堂富邦9B購01,0,0,0,0,0,0,0,0,0,225000,0,0,0,288000,63000,225000,225000
064641,神隆凱基9C購01  ,0,0,0,0,0,0,0,0,0,225000,0,0,0,420000,195000,225000,225000
057768,華新科中信9A購01,0,0,0,0,0,0,0,0,0,224000,0,0,0,225000,1000,224000,224000
063863,儒鴻富邦02購01  ,0,0,0,0,0,0,0,0,0,224000,0,0,0,316000,92000,224000,224000
063328,京元電國票9C購02,0,0,0,0,0,0,0,0,0,224000,0,0,0,349000,125000,224000,224000
063137,瑞昱統一01購02  ,0,0,0,0,0,0,0,0,0,223000,0,0,0,244000,21000,223000,223000
08188P,群創群益9B售04  ,0,0,0,0,0,0,0,0,0,222000,0,0,0,237000,15000,222000,222000
05519P,上証2X凱基98售01,0,0,0,0,0,0,0,0,0,222000,0,0,0,322000,100000,222000,222000
061455,京元電凱基9B購01,0,0,0,0,0,0,0,0,0,222000,0,0,0,249000,27000,222000,222000
062457,京元電群益9B購01,0,0,0,0,0,0,0,0,0,222000,0,0,0,239000,17000,222000,222000
064137,台泥統一02購01  ,0,0,0,0,0,0,0,0,0,222000,0,0,0,300000,78000,222000,222000
061415,健策群益9A購04  ,0,0,0,0,0,0,0,0,0,221000,0,0,0,238000,17000,221000,221000
063898,旭富群益9C購01  ,0,0,0,0,0,0,0,0,0,221000,0,0,0,330000,109000,221000,221000
2392,正崴            ,586000,333000,253000,0,0,0,0,0,0,-33000,46000,20000,26000,37000,96000,-59000,220000
06729P,聯詠元大98售03  ,0,0,0,0,0,0,0,0,0,220000,0,0,0,220000,0,220000,220000
053275,燿華元大97購01  ,0,0,0,0,0,0,0,0,0,220000,0,0,0,220000,0,220000,220000
064759,景碩凱基9C購01  ,0,0,0,0,0,0,0,0,0,220000,0,0,0,328000,108000,220000,220000
07874P,長榮航群益9B售01,0,0,0,0,0,0,0,0,0,219000,0,0,0,224000,5000,219000,219000
2417,圓剛            ,0,374000,-374000,0,0,0,0,0,0,592000,403000,1000,402000,190000,0,190000,218000
3515,華擎            ,418000,149000,269000,0,0,0,0,123000,-123000,72000,53000,0,53000,43000,24000,19000,218000
058245,訊連元大99購01  ,0,0,0,0,0,0,0,0,0,218000,0,0,0,275000,57000,218000,218000
3588,通嘉            ,248000,31000,217000,0,0,0,0,0,0,0,0,0,0,0,0,0,217000
064147,瑞昱統一01購04  ,0,0,0,0,0,0,0,0,0,217000,0,0,0,318000,101000,217000,217000
057595,健鼎兆豐98購01  ,0,0,0,0,0,0,0,0,0,216000,0,0,0,372000,156000,216000,216000
061687,大成鋼群益9A購01,0,0,0,0,0,0,0,0,0,216000,0,0,0,216000,0,216000,216000
064695,京鼎群益02購02  ,0,0,0,0,0,0,0,0,0,215000,0,0,0,265000,50000,215000,215000
08190P,宏達電元富9B售04,0,0,0,0,0,0,0,0,0,214000,0,0,0,214000,0,214000,214000
059283,康友永豐99購02  ,0,0,0,0,0,0,0,0,0,214000,0,0,0,491000,277000,214000,214000
062305,遠東新凱基9B購01,0,0,0,0,0,0,0,0,0,214000,0,0,0,224000,10000,214000,214000
8081,致新            ,295000,141000,154000,0,0,0,68000,0,68000,-9000,0,0,0,5000,14000,-9000,213000
063809,矽創兆豐01購01  ,0,0,0,0,0,0,0,0,0,213000,0,0,0,251000,38000,213000,213000
056554,GIS凱基99購01   ,0,0,0,0,0,0,0,0,0,212000,0,0,0,504000,292000,212000,212000
060684,同欣電元大9A購01,0,0,0,0,0,0,0,0,0,212000,0,0,0,212000,0,212000,212000
07059P,華通國票9A售02  ,0,0,0,0,0,0,0,0,0,211000,0,0,0,305000,94000,211000,211000
053860,台積電元大98購03,0,0,0,0,0,0,0,0,0,211000,0,0,0,241000,30000,211000,211000
063954,世芯元大01購02  ,0,0,0,0,0,0,0,0,0,211000,0,0,0,673000,462000,211000,211000
08080P,祥碩國票9B售03  ,0,0,0,0,0,0,0,0,0,210000,0,0,0,290000,80000,210000,210000
054319,世紀鋼凱基96購02,0,0,0,0,0,0,0,0,0,210000,0,0,0,210000,0,210000,210000
059090,台新金元大99購01,0,0,0,0,0,0,0,0,0,210000,0,0,0,278000,68000,210000,210000
058637,晶技兆豐99購01  ,0,0,0,0,0,0,0,0,0,210000,0,0,0,283000,73000,210000,210000
064600,技嘉元富9C購01  ,0,0,0,0,0,0,0,0,0,210000,0,0,0,210000,0,210000,210000
062393,智邦富邦9B購01  ,0,0,0,0,0,0,0,0,0,210000,0,0,0,235000,25000,210000,210000
3437,榮創            ,1005000,792000,213000,0,0,0,0,0,0,-4000,0,4000,-4000,0,0,0,209000
063167,同欣電永豐9B購03,0,0,0,0,0,0,0,0,0,209000,0,0,0,379000,170000,209000,209000
06457P,玉晶光統一98售02,0,0,0,0,0,0,0,0,0,209000,0,0,0,239000,30000,209000,209000
3704,合勤控          ,439000,251000,188000,0,0,0,15000,0,15000,5000,0,0,0,5000,0,5000,208000
6552,易華電          ,260000,72000,188000,0,0,0,0,0,0,20000,0,0,0,20000,0,20000,208000
2239,英利-KY         ,183000,175000,8000,0,0,0,200000,0,200000,0,0,0,0,0,0,0,208000
056034,華通凱基98購01  ,0,0,0,0,0,0,0,0,0,208000,0,0,0,251000,43000,208000,208000
060232,友訊元大9C購01  ,0,0,0,0,0,0,0,0,0,208000,0,0,0,243000,35000,208000,208000
063993,華通群益01購01  ,0,0,0,0,0,0,0,0,0,208000,0,0,0,255000,47000,208000,208000
1304,台聚            ,470000,262000,208000,0,0,0,0,0,0,-1000,0,1000,-1000,0,0,0,207000
063567,漢唐元大9B購03  ,0,0,0,0,0,0,0,0,0,206000,0,0,0,266000,60000,206000,206000
3705,永信            ,732000,489000,243000,0,0,0,0,0,0,-38000,0,38000,-38000,0,0,0,205000
06949P,台表科元大99售01,0,0,0,0,0,0,0,0,0,205000,0,0,0,205000,0,205000,205000
041990,A50正2國票97購01,0,0,0,0,0,0,0,0,0,205000,0,0,0,205000,0,205000,205000
062697,國巨元大9C購01  ,0,0,0,0,0,0,0,0,0,205000,0,0,0,210000,5000,205000,205000
06603P,立積統一99售01  ,0,0,0,0,0,0,0,0,0,204000,0,0,0,229000,25000,204000,204000
3605,宏致            ,303000,295000,8000,0,0,0,0,4000,-4000,200000,200000,0,200000,0,0,0,204000
3062,建漢            ,607000,414000,193000,0,0,0,11000,0,11000,0,0,0,0,0,0,0,204000
060988,華新科元大9A購12,0,0,0,0,0,0,0,0,0,204000,0,0,0,249000,45000,204000,204000
061418,世紀鋼群益9A購02,0,0,0,0,0,0,0,0,0,204000,0,0,0,204000,0,204000,204000
062087,瑞祺元大9B購02  ,0,0,0,0,0,0,0,0,0,204000,0,0,0,640000,436000,204000,204000
063548,同欣電兆豐9B購01,0,0,0,0,0,0,0,0,0,203000,0,0,0,296000,93000,203000,203000
06421P,嘉澤統一97售02  ,0,0,0,0,0,0,0,0,0,203000,0,0,0,210000,7000,203000,203000
064443,同欣電凱基03購01,0,0,0,0,0,0,0,0,0,203000,0,0,0,327000,124000,203000,203000
061031,神隆永豐9A購02  ,0,0,0,0,0,0,0,0,0,202000,0,0,0,427000,225000,202000,202000
062349,新日興群益9B購02,0,0,0,0,0,0,0,0,0,202000,0,0,0,252000,50000,202000,202000
063148,建準元富9B購01  ,0,0,0,0,0,0,0,0,0,201000,0,0,0,431000,230000,201000,201000
064157,健鼎統一01購02  ,0,0,0,0,0,0,0,0,0,201000,0,0,0,923000,722000,201000,201000
4942,嘉彰            ,246000,41000,205000,0,0,0,0,5000,-5000,0,0,0,0,0,0,0,200000
07683P,宏達電凱基9A售03,0,0,0,0,0,0,0,0,0,200000,0,0,0,200000,0,200000,200000
061072,南電凱基9B購01  ,0,0,0,0,0,0,0,0,0,200000,0,0,0,203000,3000,200000,200000
061089,台積電統一9C購04,0,0,0,0,0,0,0,0,0,200000,0,0,0,200000,0,200000,200000
051840,康友國泰97購02  ,0,0,0,0,0,0,0,0,0,200000,0,0,0,215000,15000,200000,200000
061634,遠東新元大9A購01,0,0,0,0,0,0,0,0,0,200000,0,0,0,240000,40000,200000,200000
057865,富邦金凱基98購01,0,0,0,0,0,0,0,0,0,200000,0,0,0,200000,0,200000,200000
063780,高鐵永豐9B購02  ,0,0,0,0,0,0,0,0,0,200000,0,0,0,200000,0,200000,200000
06510P,燿華永豐98售03  ,0,0,0,0,0,0,0,0,0,199000,0,0,0,291000,92000,199000,199000
3031,佰鴻            ,229000,30000,199000,0,0,0,0,0,0,0,0,0,0,0,0,0,199000
1474,弘裕            ,983000,784000,199000,0,0,0,0,0,0,0,0,0,0,0,0,0,199000
05579P,友達凱基98售03  ,0,0,0,0,0,0,0,0,0,199000,0,0,0,238000,39000,199000,199000
056239,宏達電群益98購01,0,0,0,0,0,0,0,0,0,199000,0,0,0,199000,0,199000,199000
061470,鈺齊群益9A購02  ,0,0,0,0,0,0,0,0,0,199000,0,0,0,255000,56000,199000,199000
062273,國巨群益9C購02  ,0,0,0,0,0,0,0,0,0,199000,0,0,0,300000,101000,199000,199000
6414,樺漢            ,449000,357000,92000,0,0,0,92000,0,92000,14000,6000,15000,-9000,23000,0,23000,198000
07055P,景碩群益9A售02  ,0,0,0,0,0,0,0,0,0,198000,0,0,0,229000,31000,198000,198000
057783,台積電國票9A購01,0,0,0,0,0,0,0,0,0,197000,0,0,0,204000,7000,197000,197000
057719,欣興元富02購01  ,0,0,0,0,0,0,0,0,0,197000,0,0,0,624000,427000,197000,197000
064377,宏達電元富9C購01,0,0,0,0,0,0,0,0,0,197000,0,0,0,203000,6000,197000,197000
2402,毅嘉            ,487000,309000,178000,0,0,0,19000,0,19000,-2000,0,2000,-2000,0,0,0,195000
056506,晶豪科永豐98購02,0,0,0,0,0,0,0,0,0,195000,0,0,0,195000,0,195000,195000
063798,台積電凱基02購03,0,0,0,0,0,0,0,0,0,195000,0,0,0,201000,6000,195000,195000
062556,瑞昱凱基9B購02  ,0,0,0,0,0,0,0,0,0,195000,0,0,0,197000,2000,195000,195000
062991,台光電群益9B購03,0,0,0,0,0,0,0,0,0,195000,0,0,0,200000,5000,195000,195000
063251,同欣電元大9B購04,0,0,0,0,0,0,0,0,0,194000,0,0,0,268000,74000,194000,194000
062698,台積電元大01購01,0,0,0,0,0,0,0,0,0,194000,0,0,0,417000,223000,194000,194000
058495,元大金群益9B購01,0,0,0,0,0,0,0,0,0,193000,0,0,0,207000,14000,193000,193000
062030,旭富群益9B購01  ,0,0,0,0,0,0,0,0,0,193000,0,0,0,381000,188000,193000,193000
3034,聯詠            ,2148879,1959500,189379,0,0,0,41000,0,41000,-38000,58000,92000,-34000,37000,41000,-4000,192379
07731P,臺股指凱基9A售28,0,0,0,0,0,0,0,0,0,192000,0,0,0,254000,62000,192000,192000
042752,台灣50元大96購03,0,0,0,0,0,0,0,0,0,192000,0,0,0,192000,0,192000,192000
064307,聚陽群益9C購03  ,0,0,0,0,0,0,0,0,0,192000,0,0,0,227000,35000,192000,192000
058399,美律元大99購05  ,0,0,0,0,0,0,0,0,0,191000,0,0,0,191000,0,191000,191000
064192,巨大中信9C購01  ,0,0,0,0,0,0,0,0,0,191000,0,0,0,239000,48000,191000,191000
062343,中石化群益9B購01,0,0,0,0,0,0,0,0,0,191000,0,0,0,274000,83000,191000,191000
056269,新日興統一98購01,0,0,0,0,0,0,0,0,0,190000,0,0,0,313000,123000,190000,190000
064513,T50反1群益9C購01,0,0,0,0,0,0,0,0,0,190000,0,0,0,215000,25000,190000,190000
064688,國巨群益9C購11  ,0,0,0,0,0,0,0,0,0,190000,0,0,0,200000,10000,190000,190000
063829,晶技國票01購01  ,0,0,0,0,0,0,0,0,0,190000,0,0,0,209000,19000,190000,190000
08202P,台表科國泰01售04,0,0,0,0,0,0,0,0,0,188000,0,0,0,188000,0,188000,188000
08375P,聯電元富9C售02  ,0,0,0,0,0,0,0,0,0,188000,0,0,0,213000,25000,188000,188000
062266,世紀鋼元大9B購02,0,0,0,0,0,0,0,0,0,188000,0,0,0,188000,0,188000,188000
1476,儒鴻            ,801018,485000,316018,0,0,0,30000,85000,-55000,-74000,6000,84000,-78000,18000,14000,4000,187018
3535,晶彩科          ,325000,138000,187000,0,0,0,0,0,0,0,0,0,0,0,0,0,187000
4104,佳醫            ,253000,61000,192000,0,0,0,0,0,0,-5000,0,5000,-5000,0,0,0,187000
058173,台積電凱基99購04,0,0,0,0,0,0,0,0,0,187000,0,0,0,188000,1000,187000,187000
059680,台積電國泰9A購03,0,0,0,0,0,0,0,0,0,187000,0,0,0,194000,7000,187000,187000
064355,南六元大01購01  ,0,0,0,0,0,0,0,0,0,187000,0,0,0,300000,113000,187000,187000
061054,台積電群益9A購04,0,0,0,0,0,0,0,0,0,186000,0,0,0,190000,4000,186000,186000
061464,瑞昱群益9A購01  ,0,0,0,0,0,0,0,0,0,186000,0,0,0,252000,66000,186000,186000
2464,盟立            ,190000,27000,163000,0,0,0,6000,0,6000,16000,0,0,0,16000,0,16000,185000
060031,旭富永豐99購02  ,0,0,0,0,0,0,0,0,0,185000,0,0,0,229000,44000,185000,185000
064297,台郡國票01購01  ,0,0,0,0,0,0,0,0,0,185000,0,0,0,412000,227000,185000,185000
063280,燿華元大9B購05  ,0,0,0,0,0,0,0,0,0,185000,0,0,0,289000,104000,185000,185000
063218,台塑群益9B購01  ,0,0,0,0,0,0,0,0,0,185000,0,0,0,284000,99000,185000,185000
063357,聯發科國泰01購04,0,0,0,0,0,0,0,0,0,185000,0,0,0,217000,32000,185000,185000
051728,道瓊反國票97購01,0,0,0,0,0,0,0,0,0,184000,0,0,0,264000,80000,184000,184000
059378,台光電群益9B購01,0,0,0,0,0,0,0,0,0,184000,0,0,0,184000,0,184000,184000
5469,瀚宇博          ,980000,869000,111000,0,0,0,8000,0,8000,64000,0,0,0,71000,7000,64000,183000
07843P,緯穎元大9A售05  ,0,0,0,0,0,0,0,0,0,183000,0,0,0,325000,142000,183000,183000
053913,華新國票97購01  ,0,0,0,0,0,0,0,0,0,183000,0,0,0,184000,1000,183000,183000
061283,智邦統一9A購01  ,0,10000,-10000,0,0,0,0,0,0,193000,0,0,0,380000,187000,193000,183000
064612,聯電元大01購01  ,0,0,0,0,0,0,0,0,0,183000,0,0,0,185000,2000,183000,183000
06624P,訊芯元大98售06  ,0,0,0,0,0,0,0,0,0,182000,0,0,0,182000,0,182000,182000
2520,冠德            ,1153000,1142000,11000,0,0,0,17000,0,17000,154000,161000,0,161000,0,7000,-7000,182000
061518,達方永豐9A購02  ,0,0,0,0,0,0,0,0,0,182000,0,0,0,350000,168000,182000,182000
062085,同欣電元大9B購01,0,0,0,0,0,0,0,0,0,182000,0,0,0,217000,35000,182000,182000
063552,晶技國票9B購03  ,0,0,0,0,0,0,0,0,0,182000,0,0,0,201000,19000,182000,182000
9955,佳龍            ,201000,19000,182000,0,0,0,0,0,0,0,0,0,0,0,0,0,182000
07131P,緯穎元大99售06  ,0,0,0,0,0,0,0,0,0,181000,0,0,0,210000,29000,181000,181000
064520,京鼎群益02購01  ,0,0,0,0,0,0,0,0,0,181000,0,0,0,271000,90000,181000,181000
063350,台表科統一02購02,0,0,0,0,0,0,0,0,0,181000,0,0,0,336000,155000,181000,181000
07710P,華擎元大9A售05  ,0,0,0,0,0,0,0,0,0,180000,0,0,0,200000,20000,180000,180000
07580P,緯穎元大9A售03  ,0,0,0,0,0,0,0,0,0,180000,0,0,0,209000,29000,180000,180000
055320,建準國票98購01  ,0,0,0,0,0,0,0,0,0,180000,0,0,0,200000,20000,180000,180000
055541,聚陽凱基98購01  ,0,0,0,0,0,0,0,0,0,180000,0,0,0,280000,100000,180000,180000
059986,宏達電元大99購08,0,0,0,0,0,0,0,0,0,180000,0,0,0,212000,32000,180000,180000
06154P,超眾元大98售01  ,0,0,0,0,0,0,0,0,0,180000,0,0,0,202000,22000,180000,180000
07713P,台郡元大9A售03  ,0,0,0,0,0,0,0,0,0,179000,0,0,0,179000,0,179000,179000
060954,國泰金群益9A購02,0,0,0,0,0,0,0,0,0,178000,0,0,0,252000,74000,178000,178000
060661,台積電凱基9A購18,0,0,0,0,0,0,0,0,0,178000,0,0,0,178000,0,178000,178000
063051,仁寶統一01購01  ,0,0,0,0,0,0,0,0,0,178000,0,0,0,305000,127000,178000,178000
060958,儒鴻凱基9A購02  ,0,0,0,0,0,0,0,0,0,177000,0,0,0,198000,21000,177000,177000
058517,景碩元大99購06  ,0,0,0,0,0,0,0,0,0,177000,0,0,0,222000,45000,177000,177000
062372,旭富元大9B購01  ,0,0,0,0,0,0,0,0,0,177000,0,0,0,341000,164000,177000,177000
07026P,超眾凱基99售03  ,0,0,0,0,0,0,0,0,0,176000,0,0,0,252000,76000,176000,176000
063794,亞德客凱基9C購01,0,0,0,0,0,0,0,0,0,176000,0,0,0,186000,10000,176000,176000
064097,友訊群益9C購01  ,0,0,0,0,0,0,0,0,0,176000,0,0,0,210000,34000,176000,176000
063870,健策永豐01購01  ,0,0,0,0,0,0,0,0,0,176000,0,0,0,206000,30000,176000,176000
6669,緯穎            ,419084,254803,164281,0,0,0,2000,0,2000,9000,22000,23000,-1000,19000,9000,10000,175281
06652P,長榮航元大98售01,0,0,0,0,0,0,0,0,0,175000,0,0,0,175000,0,175000,175000
054343,世紀鋼元富96購02,0,0,0,0,0,0,0,0,0,175000,0,0,0,175000,0,175000,175000
056635,亞德客日盛99購01,0,0,0,0,0,0,0,0,0,174000,0,0,0,174000,0,174000,174000
057428,正崴兆豐98購01  ,0,0,0,0,0,0,0,0,0,174000,0,0,0,417000,243000,174000,174000
061127,美食永豐9A購01  ,0,0,0,0,0,0,0,0,0,174000,0,0,0,224000,50000,174000,174000
060414,中興電永豐9A購01,0,0,0,0,0,0,0,0,0,174000,0,0,0,174000,0,174000,174000
056867,華通麥證98購01  ,0,0,0,173000,0,173000,0,0,0,173000,0,0,0,173000,0,173000,173000
058338,康友元富99購01  ,0,0,0,0,0,0,0,0,0,173000,0,0,0,274000,101000,173000,173000
064515,中橡群益9C購01  ,0,0,0,0,0,0,0,0,0,173000,0,0,0,173000,0,173000,173000
07919P,創意永豐9B售01  ,0,0,0,0,0,0,0,0,0,172000,0,0,0,216000,44000,172000,172000
08105P,景碩元大9B售01  ,0,0,0,0,0,0,0,0,0,172000,0,0,0,181000,9000,172000,172000
1449,佳和            ,211000,39000,172000,0,0,0,0,0,0,0,0,0,0,0,0,0,172000
08391P,智邦凱基02售02  ,0,0,0,0,0,0,0,0,0,172000,0,0,0,192000,20000,172000,172000
054789,高鐵群益98購01  ,0,0,0,0,0,0,0,0,0,172000,0,0,0,172000,0,172000,172000
060676,京元電元大9A購03,0,0,0,0,0,0,0,0,0,172000,0,0,0,219000,47000,172000,172000
063595,燿華中信9B購02  ,0,0,0,0,0,0,0,0,0,172000,0,0,0,185000,13000,172000,172000
062694,遠東新元大9B購01,0,0,0,0,0,0,0,0,0,172000,0,0,0,197000,25000,172000,172000
062660,神隆群益9B購02  ,0,0,0,0,0,0,0,0,0,172000,0,0,0,540000,368000,172000,172000
056762,亞德客元大98購01,0,0,0,0,0,0,0,0,0,171000,0,0,0,183000,12000,171000,171000
061144,玉晶光中信9B購02,0,0,0,0,0,0,0,0,0,171000,0,0,0,221000,50000,171000,171000
061168,力成兆豐9A購01  ,0,0,0,0,0,0,0,0,0,171000,0,0,0,265000,94000,171000,171000
08276P,可成元富9C售02  ,0,0,0,0,0,0,0,0,0,170000,0,0,0,227000,57000,170000,170000
2419,仲琦            ,231000,69000,162000,0,0,0,6000,0,6000,2000,2000,0,2000,0,0,0,170000
056089,同欣電統一98購01,0,0,0,0,0,0,0,0,0,170000,0,0,0,200000,30000,170000,170000
055818,晶相光國票97購02,0,0,0,0,0,0,0,0,0,170000,0,0,0,170000,0,170000,170000
053297,鎧勝中信98購01  ,0,0,0,0,0,0,0,0,0,170000,0,0,0,403000,233000,170000,170000
058750,緯穎凱基9A購03  ,0,0,0,0,0,0,0,0,0,170000,0,0,0,170000,0,170000,170000
064774,聚陽群益9C購04  ,0,0,0,0,0,0,0,0,0,170000,0,0,0,200000,30000,170000,170000
020000,富邦特選蘋果N   ,0,0,0,0,0,0,0,0,0,169000,0,0,0,181000,12000,169000,169000
057082,玉晶光統一9A購04,0,0,0,0,0,0,0,0,0,169000,0,0,0,1050000,881000,169000,169000
061084,京元電兆豐9A購02,0,0,0,0,0,0,0,0,0,169000,0,0,0,169000,0,169000,169000
057824,日月光元大98購01,0,0,0,0,0,0,0,0,0,169000,0,0,0,235000,66000,169000,169000
058971,台積電永豐99購03,0,0,0,0,0,0,0,0,0,169000,0,0,0,209000,40000,169000,169000
062928,富邦金台新9B購02,0,0,0,0,0,0,0,0,0,169000,0,0,0,169000,0,169000,169000
057261,瑞昱兆豐98購01  ,0,0,0,0,0,0,0,0,0,168000,0,0,0,200000,32000,168000,168000
08011P,玉晶光元大9B售05,0,0,0,0,0,0,0,0,0,167000,0,0,0,200000,33000,167000,167000
07471P,南亞科元大9A售01,0,0,0,0,0,0,0,0,0,167000,0,0,0,287000,120000,167000,167000
4961,天鈺            ,216000,50000,166000,0,0,0,0,0,0,0,0,0,0,0,0,0,166000
058337,日月光元富99購01,0,0,0,0,0,0,0,0,0,166000,0,0,0,166000,0,166000,166000
062194,遠東新中信9C購01,0,0,0,0,0,0,0,0,0,166000,0,0,0,214000,48000,166000,166000
08355P,智邦元大9C售03  ,0,0,0,0,0,0,0,0,0,165000,0,0,0,183000,18000,165000,165000
07839P,嘉澤元大9A售04  ,0,0,0,0,0,0,0,0,0,165000,0,0,0,165000,0,165000,165000
055891,鴻海統一9A購01  ,0,0,0,0,0,0,0,0,0,165000,0,0,0,232000,67000,165000,165000
059868,台光電凱基99購03,0,0,0,0,0,0,0,0,0,165000,0,0,0,171000,6000,165000,165000
052604,建準元大97購01  ,0,0,0,0,0,0,0,0,0,165000,0,0,0,165000,0,165000,165000
2399,映泰            ,187000,23000,164000,0,0,0,0,0,0,0,0,0,0,0,0,0,164000
3518,柏騰            ,248000,84000,164000,0,0,0,0,0,0,0,0,0,0,0,0,0,164000
057649,嘉聯益元大99購04,0,0,0,0,0,0,0,0,0,164000,0,0,0,382000,218000,164000,164000
058691,友訊國票9A購01  ,0,0,0,0,0,0,0,0,0,164000,0,0,0,184000,20000,164000,164000
062164,禾伸堂國泰01購01,0,0,0,0,0,0,0,0,0,164000,0,0,0,164000,0,164000,164000
063894,漢唐群益9C購01  ,0,0,0,0,0,0,0,0,0,164000,0,0,0,272000,108000,164000,164000
06656P,GIS元大98售02   ,0,0,0,0,0,0,0,0,0,163000,0,0,0,237000,74000,163000,163000
057049,新日興元大98購02,0,0,0,0,0,0,0,0,0,163000,0,0,0,294000,131000,163000,163000
057807,友訊元大98購02  ,0,0,0,0,0,0,0,0,0,163000,0,0,0,171000,8000,163000,163000
057991,健策統一9C購01  ,0,0,0,0,0,0,0,0,0,163000,0,0,0,187000,24000,163000,163000
06465P,國巨統一98售04  ,0,0,0,0,0,0,0,0,0,163000,0,0,0,173000,10000,163000,163000
07781P,高鐵凱基9A售02  ,0,0,0,0,0,0,0,0,0,162000,0,0,0,162000,0,162000,162000
063162,國喬永豐9B購01  ,0,0,0,0,0,0,0,0,0,162000,0,0,0,265000,103000,162000,162000
056543,京鼎凱基98購01  ,0,0,0,0,0,0,0,0,0,161000,0,0,0,305000,144000,161000,161000
058200,世芯康和99購01  ,0,0,0,0,0,0,0,0,0,161000,0,0,0,236000,75000,161000,161000
064235,美律統一9C購02  ,0,0,0,0,0,0,0,0,0,161000,0,0,0,347000,186000,161000,161000
052968,燿華群益98購01  ,0,0,0,0,0,0,0,0,0,160000,0,0,0,270000,110000,160000,160000
062193,瑞昱第一9B購01  ,0,0,0,0,0,0,0,0,0,160000,0,0,0,160000,0,160000,160000
062448,健策元大9C購04  ,0,0,0,0,0,0,0,0,0,160000,0,0,0,230000,70000,160000,160000
07304P,臺股指元大9A售37,0,0,0,0,0,0,0,0,0,159000,0,0,0,230000,71000,159000,159000
059932,世紀鋼富邦9A購02,0,0,0,0,0,0,0,0,0,159000,0,0,0,159000,0,159000,159000
057517,矽創元富98購02  ,0,0,0,0,0,0,0,0,0,158000,0,0,0,256000,98000,158000,158000
064423,義隆兆豐9C購02  ,0,0,0,0,0,0,0,0,0,158000,0,0,0,345000,187000,158000,158000
063625,儒鴻元大9B購03  ,0,0,0,0,0,0,0,0,0,158000,0,0,0,238000,80000,158000,158000
064655,聚陽元大9C購02  ,0,0,0,0,0,0,0,0,0,157000,0,0,0,167000,10000,157000,157000
062836,同欣電群益9B購02,0,0,0,0,0,0,0,0,0,157000,0,0,0,497000,340000,157000,157000
056768,宏達電元大99購03,0,0,0,0,0,0,0,0,0,156000,0,0,0,176000,20000,156000,156000
056191,世紀鋼統一97購01,0,0,0,0,0,0,0,0,0,156000,0,0,0,159000,3000,156000,156000
00683L,元大美元指數正2 ,0,0,0,0,0,0,0,0,0,156000,0,0,0,213000,57000,156000,156000
062057,華邦電統一01購01,0,0,0,0,0,0,0,0,0,156000,0,0,0,156000,0,156000,156000
061700,瑞昱國票9A購02  ,0,0,0,0,0,0,0,0,0,156000,0,0,0,191000,35000,156000,156000
065019,華邦電富邦9C購01,0,0,0,0,0,0,0,0,0,155000,0,0,0,185000,30000,155000,155000
8104,錸寶            ,403000,248000,155000,0,0,0,0,0,0,0,1000,1000,0,0,0,0,155000
057138,亞德客兆豐98購01,0,0,0,0,0,0,0,0,0,155000,0,0,0,155000,0,155000,155000
062016,美食永豐9B購01  ,0,0,0,0,0,0,0,0,0,155000,0,0,0,185000,30000,155000,155000
062806,世芯統一02購01  ,0,0,0,0,0,0,0,0,0,155000,0,0,0,410000,255000,155000,155000
062785,世芯元大9C購01  ,0,0,0,0,0,0,0,0,0,155000,0,0,0,286000,131000,155000,155000
064431,台積電凱基01購05,0,0,0,0,0,0,0,0,0,155000,0,0,0,155000,0,155000,155000
057170,瑞昱元大98購01  ,0,0,0,0,0,0,0,0,0,154000,0,0,0,202000,48000,154000,154000
064792,美律國票9C購01  ,0,0,0,0,0,0,0,0,0,154000,0,0,0,154000,0,154000,154000
062810,華通兆豐9B購02  ,0,0,0,0,0,0,0,0,0,154000,0,0,0,260000,106000,154000,154000
00657,國泰日經225     ,24000,1000,23000,0,0,0,0,0,0,130000,0,0,0,348000,218000,130000,153000
056586,光罩統一98購02  ,0,0,0,0,0,0,0,0,0,153000,0,0,0,183000,30000,153000,153000
064073,南電永豐9C購01  ,0,0,0,0,0,0,0,0,0,153000,0,0,0,157000,4000,153000,153000
07130P,台郡元大9B售01  ,0,0,0,0,0,0,0,0,0,152000,0,0,0,157000,5000,152000,152000
060189,宏達電元富9B購03,0,0,0,0,0,0,0,0,0,152000,0,0,0,152000,0,152000,152000
063951,新日興元大9C購01,0,0,0,0,0,0,0,0,0,152000,0,0,0,384000,232000,152000,152000
063686,國巨永豐9B購04  ,0,0,0,0,0,0,0,0,0,152000,0,0,0,152000,0,152000,152000
064299,宏碁兆豐9C購01  ,0,0,0,0,0,0,0,0,0,152000,0,0,0,335000,183000,152000,152000
062564,矽創凱基9B購01  ,0,0,0,0,0,0,0,0,0,152000,0,0,0,203000,51000,152000,152000
07088P,訊芯永豐99售02  ,0,0,0,0,0,0,0,0,0,151000,0,0,0,174000,23000,151000,151000
056584,鴻海統一9B購01  ,0,0,0,0,0,0,0,0,0,151000,0,0,0,2420000,2269000,151000,151000
062702,可成元大9C購01  ,0,0,0,0,0,0,0,0,0,151000,0,0,0,155000,4000,151000,151000
063438,聚陽統一9C購01  ,0,0,0,0,0,0,0,0,0,151000,0,0,0,156000,5000,151000,151000
064456,禾伸堂統一01購01,0,0,0,0,0,0,0,0,0,151000,0,0,0,597000,446000,151000,151000
07504P,聯詠元大9A售02  ,0,0,0,0,0,0,0,0,0,150000,0,0,0,179000,29000,150000,150000
050220,台積電元富96購01,0,0,0,0,0,0,0,0,0,150000,0,0,0,150000,0,150000,150000
061708,同欣電國票9A購02,0,0,0,0,0,0,0,0,0,150000,0,0,0,219000,69000,150000,150000
057846,神達永豐98購01  ,0,0,0,0,0,0,0,0,0,150000,0,0,0,150000,0,150000,150000
064798,道瓊反元大9C購04,0,0,0,0,0,0,0,0,0,150000,0,0,0,150000,0,150000,150000
064642,裕隆凱基9C購01  ,0,0,0,0,0,0,0,0,0,150000,0,0,0,150000,0,150000,150000
063101,華通群益9B購07  ,0,0,0,0,0,0,0,0,0,150000,0,0,0,183000,33000,150000,150000
062504,旭富群益9B購02  ,0,0,0,0,0,0,0,0,0,150000,0,0,0,216000,66000,150000,150000
062165,聯茂國泰01購01  ,0,0,0,0,0,0,0,0,0,150000,0,0,0,250000,100000,150000,150000
057301,嘉聯益永豐98購02,0,0,0,0,0,0,0,0,0,149000,0,0,0,149000,0,149000,149000
062012,燿華富邦9C購01  ,0,0,0,0,0,0,0,0,0,149000,0,0,0,498000,349000,149000,149000
061583,矽創元大9A購01  ,0,0,0,0,0,0,0,0,0,148000,0,0,0,212000,64000,148000,148000
061613,南六統一9C購01  ,0,0,0,0,0,0,0,0,0,147000,0,0,0,154000,7000,147000,147000
062044,健策凱基9B購02  ,0,0,0,0,0,0,0,0,0,147000,0,0,0,149000,2000,147000,147000
062093,台積電富邦9C購11,0,0,0,0,0,0,0,0,0,147000,0,0,0,148000,1000,147000,147000
5471,松翰            ,501000,363000,138000,0,0,0,3000,0,3000,5000,5000,0,5000,0,0,0,146000
055670,矽創群益98購02  ,0,0,0,0,0,0,0,0,0,146000,0,0,0,202000,56000,146000,146000
062651,世紀鋼富邦9C購01,0,0,0,0,0,0,0,0,0,146000,0,0,0,306000,160000,146000,146000
3049,和鑫            ,604000,460000,144000,0,0,0,1000,0,1000,0,0,0,0,0,0,0,145000
08270P,鴻海富邦9C售02  ,0,0,0,0,0,0,0,0,0,145000,0,0,0,223000,78000,145000,145000
06848P,聯詠元大98售04  ,0,0,0,0,0,0,0,0,0,145000,0,0,0,245000,100000,145000,145000
056699,光罩國泰99購01  ,0,0,0,0,0,0,0,0,0,145000,0,0,0,145000,0,145000,145000
061653,上証2X國票9A購02,0,0,0,0,0,0,0,0,0,145000,0,0,0,145000,0,145000,145000
063158,瑞昱台新9B購02  ,0,0,0,0,0,0,0,0,0,145000,0,0,0,198000,53000,145000,145000
063786,瑞昱中信06購01  ,0,0,0,0,0,0,0,0,0,145000,0,0,0,204000,59000,145000,145000
08347P,大立光元大9C售16,0,0,0,0,0,0,0,0,0,144000,0,0,0,159000,15000,144000,144000
08361P,玉晶光永豐9C售04,0,0,0,0,0,0,0,0,0,144000,0,0,0,144000,0,144000,144000
2231,為升            ,203000,64000,139000,0,0,0,0,0,0,5000,0,1000,-1000,8000,2000,6000,144000
056417,欣興中信98購01  ,0,0,0,0,0,0,0,0,0,144000,0,0,0,169000,25000,144000,144000
054088,華新群益98購02  ,0,0,0,0,0,0,0,0,0,144000,0,0,0,196000,52000,144000,144000
060032,利勤永豐99購01  ,0,0,0,0,0,0,0,0,0,144000,0,0,0,388000,244000,144000,144000
059189,國泰金富邦9B購01,0,0,0,0,0,0,0,0,0,144000,0,0,0,144000,0,144000,144000
064036,矽創元大9C購01  ,0,0,0,0,0,0,0,0,0,144000,0,0,0,225000,81000,144000,144000
064480,聚陽永豐9C購01  ,0,0,0,0,0,0,0,0,0,144000,0,0,0,144000,0,144000,144000
2331,精英            ,154000,85000,69000,0,0,0,0,0,0,74000,94000,20000,74000,0,0,0,143000
07515P,台積電元大9A售15,0,0,0,0,0,0,0,0,0,143000,0,0,0,143000,0,143000,143000
060503,技嘉元大9A購01  ,0,0,0,0,0,0,0,0,0,143000,0,0,0,149000,6000,143000,143000
06452P,大立光元大98售08,0,0,0,0,0,0,0,0,0,143000,0,0,0,143000,0,143000,143000
063539,世紀鋼統一9B購02,0,0,0,0,0,0,0,0,0,143000,0,0,0,143000,0,143000,143000
07861P,台灣50中信03售08,0,0,0,0,0,0,0,0,0,142000,0,0,0,204000,62000,142000,142000
060293,緯創元大9A購01  ,0,0,0,0,0,0,0,0,0,142000,0,0,0,241000,99000,142000,142000
062473,同欣電凱基9B購01,0,0,0,0,0,0,0,0,0,142000,0,0,0,211000,69000,142000,142000
062119,世紀鋼中信9B購01,0,0,0,0,0,0,0,0,0,141000,0,0,0,141000,0,141000,141000
062802,宏達電統一9B購01,0,0,0,0,0,0,0,0,0,141000,0,0,0,216000,75000,141000,141000
063369,聚陽永豐9B購01  ,0,0,0,0,0,0,0,0,0,141000,0,0,0,141000,0,141000,141000
063337,國巨統一02購02  ,0,0,0,0,0,0,0,0,0,141000,0,0,0,165000,24000,141000,141000
3052,夆典            ,388000,248000,140000,0,0,0,0,0,0,0,0,0,0,0,0,0,140000
056498,A50正2富邦9B購01,0,0,0,0,0,0,0,0,0,140000,0,0,0,140000,0,140000,140000
057945,京鼎國票99購03  ,80000,0,80000,0,0,0,0,0,0,60000,0,0,0,120000,60000,60000,140000
058531,華通元富99購01  ,0,0,0,0,0,0,0,0,0,140000,0,0,0,293000,153000,140000,140000
064766,矽創凱基9C購01  ,0,0,0,0,0,0,0,0,0,140000,0,0,0,151000,11000,140000,140000
3708,上緯投控        ,176000,37000,139000,0,0,0,0,0,0,0,0,0,0,0,0,0,139000
08381P,台灣50群益9C售06,0,0,0,0,0,0,0,0,0,139000,0,0,0,211000,72000,139000,139000
058693,旭富國票9A購01  ,0,0,0,0,0,0,0,0,0,139000,0,0,0,150000,11000,139000,139000
061876,明泰元大9B購01  ,0,0,0,0,0,0,0,0,0,139000,0,0,0,185000,46000,139000,139000
059040,訊芯群益99購03  ,0,0,0,0,0,0,0,0,0,139000,0,0,0,237000,98000,139000,139000
063626,聚陽元大9B購03  ,0,0,0,0,0,0,0,0,0,139000,0,0,0,259000,120000,139000,139000
062211,玉晶光台新9B購01,0,0,0,0,0,0,0,0,0,139000,0,0,0,139000,0,139000,139000
8011,台通            ,337000,199000,138000,0,0,0,0,0,0,0,0,0,0,0,0,0,138000
057728,瑞昱國泰99購01  ,0,0,0,0,0,0,0,0,0,138000,0,0,0,138000,0,138000,138000
059242,南亞科凱基99購06,0,0,0,0,0,0,0,0,0,138000,0,0,0,138000,0,138000,138000
00830,國泰費城半導體  ,0,139000,-139000,0,0,0,0,0,0,276000,148000,0,148000,402000,274000,128000,137000
058896,中環元大99購03  ,0,0,0,0,0,0,0,0,0,137000,0,0,0,137000,0,137000,137000
057940,和大國票99購01  ,0,0,0,0,0,0,0,0,0,137000,0,0,0,137000,0,137000,137000
062354,台達電元大9B購01,0,0,0,0,0,0,0,0,0,136000,0,0,0,183000,47000,136000,136000
063323,同欣電群益9B購03,0,0,0,0,0,0,0,0,0,136000,0,0,0,692000,556000,136000,136000
064697,健策群益01購02  ,0,0,0,0,0,0,0,0,0,136000,0,0,0,136000,0,136000,136000
064401,台達電凱基06購01,0,0,0,0,0,0,0,0,0,136000,0,0,0,327000,191000,136000,136000
07080P,健策群益9A售01  ,0,0,0,0,0,0,0,0,0,135000,0,0,0,145000,10000,135000,135000
06955P,臻鼎元富99售01  ,0,0,0,0,0,0,0,0,0,135000,0,0,0,135000,0,135000,135000
064865,美律永豐9C購02  ,0,0,0,0,0,0,0,0,0,135000,0,0,0,193000,58000,135000,135000
054742,京鼎凱基99購01  ,0,0,0,0,0,0,0,0,0,135000,0,0,0,135000,0,135000,135000
059862,全新群益99購04  ,0,0,0,0,0,0,0,0,0,135000,0,0,0,175000,40000,135000,135000
064709,瑞祺永豐9C購01  ,0,0,0,0,0,0,0,0,0,135000,0,0,0,486000,351000,135000,135000
063436,儒鴻統一01購03  ,0,0,0,0,0,0,0,0,0,134000,0,0,0,195000,61000,134000,134000
062850,友訊永豐9B購01  ,0,0,0,0,0,0,0,0,0,134000,0,0,0,506000,372000,134000,134000
056559,華通群益98購02  ,0,0,0,0,0,0,0,0,0,133000,0,0,0,143000,10000,133000,133000
063252,緯穎元大9B購07  ,0,0,0,0,0,0,0,0,0,133000,0,0,0,250000,117000,133000,133000
062670,瑞昱中信03購01  ,0,0,0,0,0,0,0,0,0,133000,0,0,0,159000,26000,133000,133000
6226,光鼎            ,422000,289000,133000,0,0,0,0,0,0,-1000,0,1000,-1000,0,0,0,132000
061024,南電國泰9B購01  ,0,0,0,0,0,0,0,0,0,132000,0,0,0,174000,42000,132000,132000
062870,亞德客兆豐9C購01,0,0,0,0,0,0,0,0,0,132000,0,0,0,132000,0,132000,132000
07950P,智邦元大9B售04  ,0,0,0,0,0,0,0,0,0,131000,0,0,0,131000,0,131000,131000
058803,世紀鋼元大99購03,0,0,0,0,0,0,0,0,0,131000,0,0,0,139000,8000,131000,131000
060230,台積電元大9A購07,0,0,0,0,0,0,0,0,0,131000,0,0,0,145000,14000,131000,131000
060143,台積電國票9B購03,0,0,0,0,0,0,0,0,0,131000,0,0,0,136000,5000,131000,131000
062949,聯發科富邦01購01,0,0,0,0,0,0,0,0,0,131000,0,0,0,161000,30000,131000,131000
063486,聚陽國泰9C購01  ,0,0,0,0,0,0,0,0,0,131000,0,0,0,152000,21000,131000,131000
07360P,台積電元大99售46,0,0,0,0,0,0,0,0,0,130000,0,0,0,130000,0,130000,130000
056250,瑞昱兆豐97購02  ,0,0,0,0,0,0,0,0,0,130000,0,0,0,170000,40000,130000,130000
061920,台積電凱基9C購02,0,0,0,0,0,0,0,0,0,130000,0,0,0,135000,5000,130000,130000
064335,可成元大9C購05  ,0,0,0,0,0,0,0,0,0,130000,0,0,0,180000,50000,130000,130000
064428,裕隆凱基02購01  ,0,0,0,0,0,0,0,0,0,129000,0,0,0,129000,0,129000,129000
064711,國喬統一02購01  ,0,0,0,0,0,0,0,0,0,129000,0,0,0,129000,0,129000,129000
07082P,美律元大99售06  ,0,0,0,0,0,0,0,0,0,128000,0,0,0,218000,90000,128000,128000
3321,同泰            ,150000,22000,128000,0,0,0,0,0,0,0,0,0,0,0,0,0,128000
064500,國泰金元大9C購01,0,0,0,0,0,0,0,0,0,128000,0,0,0,188000,60000,128000,128000
063506,嘉晶群益9B購01  ,0,0,0,0,0,0,0,0,0,128000,0,0,0,135000,7000,128000,128000
063016,微星元大9C購02  ,0,0,0,0,0,0,0,0,0,128000,0,0,0,153000,25000,128000,128000
2474,可成            ,1468929,1408000,60929,0,0,0,81000,35000,46000,21000,4000,4000,0,27000,6000,21000,127929
057016,中石化凱基9B購01,0,0,0,0,0,0,0,0,0,127000,0,0,0,139000,12000,127000,127000
058410,國巨兆豐99購03  ,0,0,0,0,0,0,0,0,0,127000,0,0,0,134000,7000,127000,127000
062522,同欣電元大9B購02,0,0,0,0,0,0,0,0,0,127000,0,0,0,145000,18000,127000,127000
062212,臻鼎台新9B購01  ,0,0,0,0,0,0,0,0,0,127000,0,0,0,171000,44000,127000,127000
06461P,玉晶光國泰9A售01,0,0,0,0,0,0,0,0,0,127000,0,0,0,148000,21000,127000,127000
063724,亞德客元大9B購03,0,0,0,0,0,0,0,0,0,127000,0,0,0,140000,13000,127000,127000
054477,聯發科中信9C購02,0,0,0,0,0,0,0,0,0,126000,0,0,0,126000,0,126000,126000
059293,宏達電元富9B購01,0,0,0,0,0,0,0,0,0,126000,0,0,0,135000,9000,126000,126000
063545,華通兆豐9B購03  ,0,0,0,0,0,0,0,0,0,126000,0,0,0,235000,109000,126000,126000
07300P,臺股指元大9A售33,0,0,0,0,0,0,0,0,0,125000,0,0,0,150000,25000,125000,125000
056236,台積電群益97購06,0,0,0,0,0,0,0,0,0,125000,0,0,0,256000,131000,125000,125000
063891,國巨群益9C購07  ,0,0,0,0,0,0,0,0,0,125000,0,0,0,196000,71000,125000,125000
064780,義隆群益9C購04  ,0,0,0,0,0,0,0,0,0,125000,0,0,0,147000,22000,125000,125000
062387,健策國泰01購01  ,0,0,0,0,0,0,0,0,0,125000,0,0,0,126000,1000,125000,125000
062781,微星元大9C購01  ,0,0,0,0,0,0,0,0,0,125000,0,0,0,148000,23000,125000,125000
062882,新日興兆豐9C購01,0,0,0,0,0,0,0,0,0,125000,0,0,0,318000,193000,125000,125000
3376,新日興          ,407000,318000,89000,0,0,0,90000,0,90000,-55000,26000,2000,24000,95000,174000,-79000,124000
061122,敬鵬永豐9A購01  ,0,0,0,0,0,0,0,0,0,124000,0,0,0,144000,20000,124000,124000
061818,富邦金群益9C購01,0,0,0,0,0,0,0,0,0,124000,0,0,0,252000,128000,124000,124000
062070,金寶元大9B購01  ,0,0,0,0,0,0,0,0,0,124000,0,0,0,148000,24000,124000,124000
060677,京元電元大9A購04,0,0,0,0,0,0,0,0,0,124000,0,0,0,298000,174000,124000,124000
063853,同欣電元大9C購02,0,0,0,0,0,0,0,0,0,124000,0,0,0,133000,9000,124000,124000
07071P,立積元富99售01  ,0,0,0,0,0,0,0,0,0,123000,0,0,0,147000,24000,123000,123000
056444,南亞科凱基99購01,0,0,0,0,0,0,0,0,0,123000,0,0,0,130000,7000,123000,123000
00654R,富邦印度反1     ,5000,14000,-9000,0,0,0,0,0,0,132000,0,0,0,132000,0,132000,123000
00675L,富邦臺灣加權正2 ,193000,15000,178000,0,0,0,0,0,0,-55000,0,0,0,13000,68000,-55000,123000
063873,南六永豐9C購01  ,0,0,0,0,0,0,0,0,0,123000,0,0,0,140000,17000,123000,123000
062644,中環國泰9C購01  ,0,0,0,0,0,0,0,0,0,123000,0,0,0,123000,0,123000,123000
07706P,長榮航元大9A售03,0,0,0,0,0,0,0,0,0,122000,0,0,0,122000,0,122000,122000
9924,福興            ,198000,76000,122000,0,0,0,0,0,0,0,0,0,0,0,0,0,122000
061972,華新元大9B購01  ,0,0,0,0,0,0,0,0,0,122000,0,0,0,436000,314000,122000,122000
061159,同欣電群益9A購01,0,0,0,0,0,0,0,0,0,122000,0,0,0,157000,35000,122000,122000
058360,台光電凱基9A購02,0,0,0,0,0,0,0,0,0,122000,0,0,0,129000,7000,122000,122000
062645,國巨國泰9B購08  ,0,0,0,0,0,0,0,0,0,122000,0,0,0,123000,1000,122000,122000
062971,英業達元富9B購01,0,0,0,0,0,0,0,0,0,122000,0,0,0,202000,80000,122000,122000
063145,台表科統一02購01,0,0,0,0,0,0,0,0,0,122000,0,0,0,484000,362000,122000,122000
2493,揚博            ,165000,44000,121000,0,0,0,0,0,0,0,0,0,0,0,0,0,121000
07560P,台積電國泰9B售01,0,0,0,0,0,0,0,0,0,121000,0,0,0,189000,68000,121000,121000
06594P,立積元大98售01  ,0,0,0,0,0,0,0,0,0,121000,0,0,0,159000,38000,121000,121000
050797,聯發科中信99購01,0,0,0,0,0,0,0,0,0,121000,0,0,0,121000,0,121000,121000
047420,全新富邦97購01  ,0,0,0,0,0,0,0,0,0,121000,0,0,0,121000,0,121000,121000
063490,儒鴻富邦9C購01  ,0,0,0,0,0,0,0,0,0,121000,0,0,0,213000,92000,121000,121000
07472P,和碩元大9A售03  ,0,0,0,0,0,0,0,0,0,120000,0,0,0,140000,20000,120000,120000
07420P,可成元大99售07  ,0,0,0,0,0,0,0,0,0,120000,0,0,0,125000,5000,120000,120000
07634P,金像電元大9A售01,0,0,0,0,0,0,0,0,0,120000,0,0,0,257000,137000,120000,120000
060772,FBVIX凱基9A購03 ,0,0,0,0,0,0,0,0,0,120000,0,0,0,190000,70000,120000,120000
055775,友達凱基9A購01  ,0,0,0,0,0,0,0,0,0,120000,0,0,0,120000,0,120000,120000
062068,滬深2X元大9B購02,0,0,0,0,0,0,0,0,0,120000,0,0,0,120000,0,120000,120000
061711,台積電凱基9A購27,0,50000,-50000,0,0,0,0,0,0,170000,0,0,0,170000,0,170000,120000
057917,台積電凱基98購17,0,0,0,0,0,0,0,0,0,120000,0,0,0,121000,1000,120000,120000
060514,南電元大9A購02  ,0,0,0,0,0,0,0,0,0,120000,0,0,0,120000,0,120000,120000
063232,裕隆元大9B購01  ,0,0,0,0,0,0,0,0,0,120000,0,0,0,120000,0,120000,120000
062912,新日興元大9B購01,0,0,0,0,0,0,0,0,0,120000,0,0,0,292000,172000,120000,120000
064291,南六元大9C購04  ,0,0,0,0,0,0,0,0,0,120000,0,0,0,161000,41000,120000,120000
08144P,臺股指凱基02售03,0,0,0,0,0,0,0,0,0,119000,0,0,0,119000,0,119000,119000
055291,京鼎元大97購02  ,0,0,0,0,0,0,0,0,0,119000,0,0,0,119000,0,119000,119000
059754,訊芯群益9A購01  ,0,0,0,0,0,0,0,0,0,119000,0,0,0,119000,0,119000,119000
060191,亞光元富9A購02  ,0,0,0,0,0,0,0,0,0,119000,0,0,0,410000,291000,119000,119000
063135,國巨統一9B購16  ,0,0,0,0,0,0,0,0,0,119000,0,0,0,134000,15000,119000,119000
07883P,可成凱基9B售03  ,0,0,0,0,0,0,0,0,0,117000,0,0,0,156000,39000,117000,117000
056508,揚明光永豐98購01,0,0,0,0,0,0,0,0,0,117000,0,0,0,117000,0,117000,117000
059307,T50反1元大99購06,0,0,0,0,0,0,0,0,0,117000,0,0,0,195000,78000,117000,117000
056850,彩晶元富99購01  ,0,0,0,0,0,0,0,0,0,116000,0,0,0,116000,0,116000,116000
06125P,楠梓電元富99售01,0,0,0,0,0,0,0,0,0,116000,0,0,0,116000,0,116000,116000
062094,台積電富邦9C購12,0,0,0,0,0,0,0,0,0,116000,0,0,0,128000,12000,116000,116000
062385,玉晶光國泰01購01,0,0,0,0,0,0,0,0,0,116000,0,0,0,192000,76000,116000,116000
064643,瑞昱凱基04購01  ,0,0,0,0,0,0,0,0,0,116000,0,0,0,181000,65000,116000,116000
061091,奇力新統一9C購02,0,0,0,0,0,0,0,0,0,115000,0,0,0,115000,0,115000,115000
053609,華新中信9A購01  ,0,0,0,0,0,0,0,0,0,115000,0,0,0,115000,0,115000,115000
053063,力山群益98購01  ,0,0,0,0,0,0,0,0,0,115000,0,0,0,242000,127000,115000,115000
064486,聚陽元大9C購01  ,0,0,0,0,0,0,0,0,0,115000,0,0,0,126000,11000,115000,115000
062552,南電永豐9B購01  ,0,0,0,0,0,0,0,0,0,115000,0,0,0,115000,0,115000,115000
3022,威強電          ,161000,47000,114000,0,0,0,0,0,0,0,0,0,0,0,0,0,114000
08321P,世芯永豐9C售01  ,0,0,0,0,0,0,0,0,0,114000,0,0,0,233000,119000,114000,114000
057743,華擎永豐98購03  ,0,0,0,0,0,0,0,0,0,114000,0,0,0,124000,10000,114000,114000
5269,祥碩            ,249000,234359,14641,0,0,0,90000,19000,71000,28000,13000,5000,8000,25000,5000,20000,113641
052888,台表科中信9A購01,0,0,0,0,0,0,0,0,0,113000,0,0,0,131000,18000,113000,113000
055217,緯創凱基97購02  ,0,0,0,0,0,0,0,0,0,113000,0,0,0,135000,22000,113000,113000
058714,美律統一9B購01  ,0,0,0,0,0,0,0,0,0,113000,0,0,0,186000,73000,113000,113000
058095,昇陽半元大98購03,0,0,0,0,0,0,0,0,0,113000,0,0,0,291000,178000,113000,113000
058118,瑞昱群益99購01  ,0,0,0,0,0,0,0,0,0,113000,0,0,0,113000,0,113000,113000
07830P,牧德凱基9A售03  ,0,0,0,0,0,0,0,0,0,112000,0,0,0,112000,0,112000,112000
00703,台新MSCI中國    ,0,0,0,0,0,0,0,0,0,112000,0,0,0,137000,25000,112000,112000
056621,宏達電永豐98購01,0,0,0,0,0,0,0,0,0,112000,0,0,0,115000,3000,112000,112000
061451,南電中信9A購03  ,0,0,0,0,0,0,0,0,0,112000,0,0,0,250000,138000,112000,112000
063089,巨大凱基9C購01  ,0,0,0,0,0,0,0,0,0,112000,0,0,0,215000,103000,112000,112000
063287,嘉澤元大9B購05  ,0,0,0,0,0,0,0,0,0,112000,0,0,0,252000,140000,112000,112000
064275,台光電元大9C購03,0,0,0,0,0,0,0,0,0,112000,0,0,0,296000,184000,112000,112000
064250,亞光元富9C購01  ,0,0,0,0,0,0,0,0,0,112000,0,0,0,382000,270000,112000,112000
063818,矽創群益9C購01  ,0,0,0,0,0,0,0,0,0,112000,0,0,0,222000,110000,112000,112000
056894,佳世達元大99購01,0,0,0,0,0,0,0,0,0,111000,0,0,0,131000,20000,111000,111000
060417,正隆永豐9A購01  ,0,0,0,0,0,0,0,0,0,111000,0,0,0,111000,0,111000,111000
064599,台積電元富9C購03,0,0,0,0,0,0,0,0,0,111000,0,0,0,111000,0,111000,111000
064717,台積電統一01購08,0,0,0,0,0,0,0,0,0,111000,0,0,0,131000,20000,111000,111000
06748P,智邦台新98售02  ,0,0,0,0,0,0,0,0,0,110000,0,0,0,110000,0,110000,110000
1439,中和            ,161000,51000,110000,0,0,0,0,0,0,0,0,0,0,0,0,0,110000
057656,大成鋼兆豐98購01,0,0,0,0,0,0,0,0,0,110000,0,0,0,415000,305000,110000,110000
03648C,T50反1元大96牛07,0,0,0,0,0,0,0,0,0,110000,0,0,0,110000,0,110000,110000
060374,儒鴻元富9A購01  ,0,0,0,0,0,0,0,0,0,110000,0,0,0,110000,0,110000,110000
063489,新日興國泰01購01,0,0,0,0,0,0,0,0,0,110000,0,0,0,110000,0,110000,110000
063088,緯穎凱基9B購04  ,0,0,0,0,0,0,0,0,0,110000,0,0,0,120000,10000,110000,110000
006207,FH滬深          ,277000,0,277000,0,0,0,0,0,0,-168000,0,0,0,305000,473000,-168000,109000
062089,矽創元大9B購02  ,0,0,0,0,0,0,0,0,0,109000,0,0,0,266000,157000,109000,109000
064982,新唐元大9C購01  ,0,0,0,0,0,0,0,0,0,108000,0,0,0,108000,0,108000,108000
056197,友訊永豐97購01  ,0,0,0,0,0,0,0,0,0,108000,0,0,0,108000,0,108000,108000
061724,訊芯永豐9A購01  ,0,0,0,0,0,0,0,0,0,108000,0,0,0,158000,50000,108000,108000
060434,台汽電永豐9A購01,0,0,0,0,0,0,0,0,0,108000,0,0,0,129000,21000,108000,108000
060625,華擎元大9A購01  ,0,0,0,0,0,0,0,0,0,108000,0,0,0,108000,0,108000,108000
063517,遠東新凱基01購01,0,0,0,0,0,0,0,0,0,108000,0,0,0,108000,0,108000,108000
062543,華通富邦9C購01  ,0,0,0,0,0,0,0,0,0,108000,0,0,0,423000,315000,108000,108000
064405,美食凱基01購02  ,0,0,0,0,0,0,0,0,0,108000,0,0,0,160000,52000,108000,108000
064063,健策國泰01購02  ,0,0,0,0,0,0,0,0,0,108000,0,0,0,108000,0,108000,108000
07428P,華新科國票9A售01,0,0,0,0,0,0,0,0,0,107000,0,0,0,109000,2000,107000,107000
08184P,可成永豐9B售03  ,0,0,0,0,0,0,0,0,0,107000,0,0,0,107000,0,107000,107000
2107,厚生            ,173000,66000,107000,0,0,0,0,0,0,0,0,0,0,0,0,0,107000
2867,三商壽          ,905000,798000,107000,0,0,0,0,0,0,0,0,0,0,0,0,0,107000
056265,國泰金統一97購01,0,0,0,0,0,0,0,0,0,107000,0,0,0,107000,0,107000,107000
00636,國泰中國A50     ,394000,0,394000,0,0,0,0,0,0,-287000,0,10000,-10000,154000,431000,-277000,107000
00662,富邦NASDAQ      ,0,0,0,0,0,0,50000,0,50000,57000,52000,0,52000,119000,114000,5000,107000
062355,華通元大9B購03  ,0,0,0,0,0,0,0,0,0,107000,0,0,0,167000,60000,107000,107000
2472,立隆電          ,199000,81150,117850,0,0,0,1000,0,1000,-12000,0,12000,-12000,0,0,0,106850
3006,晶豪科          ,671000,552000,119000,0,0,0,1000,0,1000,-14000,26000,0,26000,0,40000,-40000,106000
3029,零壹            ,296000,187000,109000,0,0,0,0,0,0,-3000,3000,6000,-3000,0,0,0,106000
08097P,嘉澤永豐9B售03  ,0,0,0,0,0,0,0,0,0,106000,0,0,0,114000,8000,106000,106000
06725P,聯電元富98售01  ,0,0,0,0,0,0,0,0,0,106000,0,0,0,151000,45000,106000,106000
054807,台化元大9A購02  ,0,0,0,0,0,0,0,0,0,106000,0,0,0,106000,0,106000,106000
059618,台積電日盛99購01,0,0,0,0,0,0,0,0,0,106000,0,0,0,106000,0,106000,106000
061388,台積電群益9A購05,0,0,0,0,0,0,0,0,0,106000,0,0,0,108000,2000,106000,106000
058802,矽創元大99購02  ,0,0,0,0,0,0,0,0,0,106000,0,0,0,118000,12000,106000,106000
058513,宏達電元大99購05,0,0,0,0,0,0,0,0,0,106000,0,0,0,166000,60000,106000,106000
062233,神隆凱基9B購01  ,0,0,0,0,0,0,0,0,0,106000,0,0,0,365000,259000,106000,106000
064100,義隆群益9C購01  ,0,0,0,0,0,0,0,0,0,106000,0,0,0,189000,83000,106000,106000
07210P,智邦凱基99售03  ,0,0,0,0,0,0,0,0,0,105000,0,0,0,105000,0,105000,105000
3090,日電貿          ,254000,234000,20000,0,0,0,1000,0,1000,84000,0,8000,-8000,92000,0,92000,105000
2442,新美齊          ,253000,146000,107000,0,0,0,0,0,0,-2000,0,2000,-2000,0,0,0,105000
054161,友訊凱基98購01  ,0,0,0,0,0,0,0,0,0,105000,0,0,0,105000,0,105000,105000
057510,泰碩統一98購02  ,0,0,0,0,0,0,0,0,0,105000,0,0,0,151000,46000,105000,105000
058752,鈺齊凱基9A購01  ,0,0,0,0,0,0,0,0,0,105000,0,0,0,184000,79000,105000,105000
061406,華通國票9A購06  ,0,0,0,0,0,0,0,0,0,105000,0,0,0,108000,3000,105000,105000
063659,世紀鋼元富9B購01,0,0,0,0,0,0,0,0,0,105000,0,0,0,115000,10000,105000,105000
3419,譁裕            ,169000,65000,104000,0,0,0,0,0,0,0,0,0,0,0,0,0,104000
08125P,聯茂群益9B售02  ,0,0,0,0,0,0,0,0,0,104000,0,0,0,109000,5000,104000,104000
056574,亞光元大99購03  ,0,0,0,0,0,0,0,0,0,104000,0,0,0,107000,3000,104000,104000
061768,晶技元大9B購02  ,0,0,0,0,0,0,0,0,0,104000,0,0,0,104000,0,104000,104000
063753,矽創國票9C購01  ,0,0,0,0,0,0,0,0,0,104000,0,0,0,142000,38000,104000,104000
064360,台積電統一9C購12,0,0,0,0,0,0,0,0,0,104000,0,0,0,106000,2000,104000,104000
064712,聚陽統一02購03  ,0,0,0,0,0,0,0,0,0,104000,0,0,0,193000,89000,104000,104000
07691P,宏達電元大9A售05,0,0,0,0,0,0,0,0,0,103000,0,0,0,103000,0,103000,103000
4536,拓凱            ,157000,308000,-151000,0,0,0,257000,0,257000,-3000,0,0,0,0,3000,-3000,103000
064679,晶技兆豐9C購01  ,0,0,0,0,0,0,0,0,0,103000,0,0,0,139000,36000,103000,103000
08159P,日月光元富9B售01,0,0,0,0,0,0,0,0,0,102000,0,0,0,127000,25000,102000,102000
056555,矽創凱基98購01  ,0,0,0,0,0,0,0,0,0,102000,0,0,0,128000,26000,102000,102000
056268,新日興統一97購01,0,0,0,0,0,0,0,0,0,102000,0,0,0,191000,89000,102000,102000
059042,世紀鋼群益99購02,0,0,0,0,0,0,0,0,0,102000,0,0,0,102000,0,102000,102000
06693P,臺股指凱基98售01,0,0,0,0,0,0,0,0,0,101000,0,0,0,108000,7000,101000,101000
056358,友訊元大99購01  ,0,0,0,0,0,0,0,0,0,101000,0,0,0,101000,0,101000,101000
058897,國巨元大99購17  ,0,0,0,0,0,0,0,0,0,101000,0,0,0,118000,17000,101000,101000
060888,金像電統一9C購01,0,0,0,0,0,0,0,0,0,101000,0,0,0,187000,86000,101000,101000
06683P,訊芯元大98售07  ,0,0,0,0,0,0,0,0,0,100000,0,0,0,100000,0,100000,100000
064971,裕隆元大01購01  ,0,0,0,0,0,0,0,0,0,100000,0,0,0,100000,0,100000,100000
064948,致茂凱基01購01  ,0,0,0,0,0,0,0,0,0,100000,0,0,0,311000,211000,100000,100000
07987P,大立光統一9B售13,0,0,0,0,0,0,0,0,0,100000,0,0,0,100000,0,100000,100000
07783P,聯發科富邦9C售03,0,0,0,0,0,0,0,0,0,100000,0,0,0,100000,0,100000,100000
07792P,牧德元大9A售04  ,0,0,0,0,0,0,0,0,0,100000,0,0,0,100000,0,100000,100000
07766P,美律群益9A售03  ,0,0,0,0,0,0,0,0,0,100000,0,0,0,100000,0,100000,100000
07926P,上銀統一9B售02  ,0,0,0,0,0,0,0,0,0,100000,0,0,0,100000,0,100000,100000
07692P,玉晶光元大9A售11,0,0,0,0,0,0,0,0,0,100000,0,0,0,100000,0,100000,100000
07578P,高鐵元大9A售02  ,0,0,0,0,0,0,0,0,0,100000,0,0,0,124000,24000,100000,100000
07547P,緯穎凱基9A售05  ,0,0,0,0,0,0,0,0,0,100000,0,0,0,100000,0,100000,100000
07525P,臺股指中信9B售07,0,0,0,0,0,0,0,0,0,100000,0,0,0,100000,0,100000,100000
2405,浩鑫            ,116000,16000,100000,0,0,0,0,0,0,0,0,0,0,0,0,0,100000
1527,鑽全            ,165000,65000,100000,0,0,0,0,0,0,0,0,0,0,0,0,0,100000
08356P,聯發科元大9C售08,0,0,0,0,0,0,0,0,0,100000,0,0,0,100000,0,100000,100000
056450,可成凱基98購05  ,0,0,0,0,0,0,0,0,0,100000,0,0,0,301000,201000,100000,100000
056943,華通統一99購01  ,0,0,0,0,0,0,0,0,0,100000,0,0,0,466000,366000,100000,100000
055972,GIS元大97購04   ,0,0,0,0,0,0,0,0,0,100000,0,0,0,110000,10000,100000,100000
057782,台積電國票99購07,0,0,0,0,0,0,0,0,0,100000,0,0,0,140000,40000,100000,100000
057042,台積電元大98購10,0,0,0,0,0,0,0,0,0,100000,0,0,0,100000,0,100000,100000
055887,上銀統一97購03  ,0,0,0,0,0,0,0,0,0,100000,0,0,0,100000,0,100000,100000
05588P,群創兆豐97售02  ,0,0,0,0,0,0,0,0,0,100000,0,0,0,100000,0,100000,100000
057103,禾伸堂中信9A購01,0,0,0,0,0,0,0,0,0,100000,0,0,0,120000,20000,100000,100000
060998,華通兆豐9A購01  ,0,0,0,0,0,0,0,0,0,100000,0,0,0,134000,34000,100000,100000
053585,友達元大9C購03  ,0,0,0,0,0,0,0,0,0,100000,0,0,0,100000,0,100000,100000
052794,群創兆豐97購01  ,0,0,0,0,0,0,0,0,0,100000,0,0,0,100000,0,100000,100000
053033,智易兆豐97購01  ,0,0,0,0,0,0,0,0,0,100000,0,0,0,100000,0,100000,100000
04788P,台積電永昌96售05,0,0,0,0,0,0,0,0,0,100000,0,0,0,100000,0,100000,100000
055038,華航富邦99購01  ,0,0,0,0,0,0,0,0,0,100000,0,0,0,110000,10000,100000,100000
060854,台積電富邦9C購08,0,0,0,0,0,0,0,0,0,100000,0,0,0,100000,0,100000,100000
060934,台汽電永豐9A購02,0,0,0,0,0,0,0,0,0,100000,0,0,0,100000,0,100000,100000
061291,玉晶光統一01購05,0,0,0,0,0,0,0,0,0,100000,0,0,0,100000,0,100000,100000
059438,群創元大99購06  ,0,0,0,0,0,0,0,0,0,100000,0,0,0,112000,12000,100000,100000
059338,滬深2X凱基9C購02,0,0,0,0,0,0,0,0,0,100000,0,0,0,100000,0,100000,100000
061732,智邦中信9B購01  ,0,0,0,0,0,0,0,0,0,100000,0,0,0,100000,0,100000,100000
060451,中石化元大9C購02,0,0,0,0,0,0,0,0,0,100000,0,0,0,141000,41000,100000,100000
064602,玉晶光元富9C購03,0,0,0,0,0,0,0,0,0,100000,0,0,0,100000,0,100000,100000
064398,聚陽凱基01購01  ,0,0,0,0,0,0,0,0,0,100000,0,0,0,165000,65000,100000,100000
063731,台積電元大9B購10,0,0,0,0,0,0,0,0,0,100000,0,0,0,238000,138000,100000,100000
063657,茂林元富9B購04  ,0,0,0,0,0,0,0,0,0,100000,0,0,0,100000,0,100000,100000
062693,中石化元大02購01,0,0,0,0,0,0,0,0,0,100000,0,0,0,140000,40000,100000,100000
1604,聲寶            ,176000,77000,99000,0,0,0,0,0,0,0,0,0,0,0,0,0,99000
07922P,大立光群益9B售05,0,0,0,0,0,0,0,0,0,99000,0,0,0,99000,0,99000,99000
07811P,華新科統一9A售02,0,0,0,0,0,0,0,0,0,99000,0,0,0,100000,1000,99000,99000
064842,南六統一9C購04  ,0,0,0,0,0,0,0,0,0,99000,0,0,0,160000,61000,99000,99000
056501,貿聯富邦99購01  ,0,0,0,0,0,0,0,0,0,99000,0,0,0,99000,0,99000,99000
056674,華邦電元富98購01,0,0,0,0,0,0,0,0,0,99000,0,0,0,100000,1000,99000,99000
054351,華新科國泰97購03,0,0,0,0,0,0,0,0,0,99000,0,0,0,100000,1000,99000,99000
060987,華新科元大9A購11,0,0,0,0,0,0,0,0,0,99000,0,0,0,99000,0,99000,99000
062575,景碩群益9B購01  ,0,0,0,0,0,0,0,0,0,99000,0,0,0,246000,147000,99000,99000
063524,瑞昱凱基9B購05  ,0,0,0,0,0,0,0,0,0,99000,0,0,0,111000,12000,99000,99000
064747,彩晶國票01購01  ,0,0,0,0,0,0,0,0,0,99000,0,0,0,142000,43000,99000,99000
2530,華建            ,106000,9000,97000,0,0,0,0,0,0,1000,1000,0,1000,0,0,0,98000
054567,拓凱群益98購01  ,0,0,0,0,0,0,0,0,0,98000,0,0,0,663000,565000,98000,98000
060415,葡萄王永豐9A購01,0,0,0,0,0,0,0,0,0,98000,0,0,0,166000,68000,98000,98000
060964,日月光凱基9A購01,0,0,0,0,0,0,0,0,0,98000,0,0,0,98000,0,98000,98000
060324,台積電群益9B購02,0,0,0,0,0,0,0,0,0,98000,0,0,0,102000,4000,98000,98000
062106,華邦電國票9B購02,0,0,0,0,0,0,0,0,0,98000,0,0,0,100000,2000,98000,98000
062011,上銀富邦9C購01  ,0,0,0,0,0,0,0,0,0,98000,0,0,0,98000,0,98000,98000
061947,旺宏群益9B購02  ,0,0,0,0,0,0,0,0,0,98000,0,0,0,98000,0,98000,98000
058464,矽創兆豐9A購01  ,0,0,0,0,0,0,0,0,0,98000,0,0,0,98000,0,98000,98000
064649,同欣電凱基01購01,0,0,0,0,0,0,0,0,0,98000,0,0,0,377000,279000,98000,98000
064446,聚陽統一02購02  ,0,0,0,0,0,0,0,0,0,98000,0,0,0,159000,61000,98000,98000
064102,宏達電群益9C購01,0,0,0,0,0,0,0,0,0,98000,0,0,0,98000,0,98000,98000
062829,泰碩群益9B購01  ,0,0,0,0,0,0,0,0,0,98000,0,0,0,98000,0,98000,98000
062454,華通群益9C購03  ,0,0,0,0,0,0,0,0,0,98000,0,0,0,148000,50000,98000,98000
063480,南六元大9C購01  ,0,0,0,0,0,0,0,0,0,98000,0,0,0,128000,30000,98000,98000
063008,華通元大9B購06  ,0,0,0,0,0,0,0,0,0,98000,0,0,0,98000,0,98000,98000
053827,漢唐麥證9A購01  ,0,0,0,102000,5000,97000,0,0,0,97000,0,0,0,102000,5000,97000,97000
057479,致茂元大98購03  ,0,0,0,0,0,0,0,0,0,97000,0,0,0,178000,81000,97000,97000
055716,致茂元大97購01  ,0,0,0,0,0,0,0,0,0,97000,0,0,0,141000,44000,97000,97000
056487,康友元大98購01  ,0,0,0,0,0,0,0,0,0,97000,0,0,0,397000,300000,97000,97000
061256,亞德客凱基9B購01,0,0,0,0,0,0,0,0,0,97000,0,0,0,107000,10000,97000,97000
061361,世紀鋼兆豐9A購01,0,0,0,0,0,0,0,0,0,97000,0,0,0,97000,0,97000,97000
059662,旭富元大9C購01  ,0,0,0,0,0,0,0,0,0,97000,0,0,0,138000,41000,97000,97000
060545,台積電凱基9B購02,0,0,0,0,0,0,0,0,0,97000,0,0,0,97000,0,97000,97000
063026,南六元大9B購04  ,0,0,0,0,0,0,0,0,0,97000,0,0,0,156000,59000,97000,97000
062143,大成鋼國票9B購01,0,0,0,0,0,0,0,0,0,97000,0,0,0,100000,3000,97000,97000
063689,可成永豐9B購04  ,0,0,0,0,0,0,0,0,0,97000,0,0,0,100000,3000,97000,97000
056442,瑞昱凱基98購02  ,0,0,0,0,0,0,0,0,0,96000,0,0,0,111000,15000,96000,96000
057534,旭富元大98購01  ,0,0,0,0,0,0,0,0,0,96000,0,0,0,267000,171000,96000,96000
00783,富邦中証500     ,81000,0,81000,0,0,0,0,0,0,15000,0,0,0,844000,829000,15000,96000
062043,牧德凱基9B購04  ,0,0,0,0,0,0,0,0,0,96000,0,0,0,140000,44000,96000,96000
061638,國泰金元大9A購03,0,0,0,0,0,0,0,0,0,96000,0,0,0,96000,0,96000,96000
059995,南亞科元富99購01,0,0,0,0,0,0,0,0,0,96000,0,0,0,130000,34000,96000,96000
060208,卜蜂康和9A購01  ,0,0,0,0,0,0,0,0,0,96000,0,0,0,170000,74000,96000,96000
064659,台達電元大9C購02,0,0,0,0,0,0,0,0,0,96000,0,0,0,239000,143000,96000,96000
062323,上銀統一9B購03  ,0,0,0,0,0,0,0,0,0,96000,0,0,0,97000,1000,96000,96000
2362,藍天            ,132000,46000,86000,0,0,0,0,0,0,9000,0,0,0,9000,0,9000,95000
08313P,健策國票01售01  ,0,0,0,0,0,0,0,0,0,95000,0,0,0,173000,78000,95000,95000
08272P,鴻海元富9C售02  ,0,0,0,0,0,0,0,0,0,95000,0,0,0,144000,49000,95000,95000
06934P,聯鈞元大98售03  ,0,0,0,0,0,0,0,0,0,95000,0,0,0,95000,0,95000,95000
06929P,鴻海元大99售11  ,0,0,0,0,0,0,0,0,0,95000,0,0,0,110000,15000,95000,95000
07457P,宏達電元大9A售01,0,0,0,0,0,0,0,0,0,95000,0,0,0,95000,0,95000,95000
07638P,長榮航國票9A售01,0,0,0,0,0,0,0,0,0,95000,0,0,0,95000,0,95000,95000
07344P,鴻海富邦9A售03  ,0,0,0,0,0,0,0,0,0,95000,0,0,0,168000,73000,95000,95000
054590,嘉聯益國泰98購01,0,0,0,0,0,0,0,0,0,95000,0,0,0,430000,335000,95000,95000
057820,華擎元大98購02  ,0,0,0,0,0,0,0,0,0,95000,0,0,0,100000,5000,95000,95000
057887,智原群益98購04  ,0,0,0,0,0,0,0,0,0,95000,0,0,0,209000,114000,95000,95000
062195,聚陽中信9C購01  ,0,0,0,0,0,0,0,0,0,95000,0,0,0,155000,60000,95000,95000
063119,華通元大9B購07  ,0,0,0,0,0,0,0,0,0,95000,0,0,0,148000,53000,95000,95000
063364,聯發科富邦01購02,0,0,0,0,0,0,0,0,0,95000,0,0,0,95000,0,95000,95000
064751,亞德客凱基9C購02,0,0,0,0,0,0,0,0,0,95000,0,0,0,95000,0,95000,95000
064180,國巨富邦02購03  ,0,0,0,0,0,0,0,0,0,95000,0,0,0,806000,711000,95000,95000
063824,S&P反1國票9C購01,0,0,0,0,0,0,0,0,0,95000,0,0,0,95000,0,95000,95000
06386P,欣興永豐97售03  ,0,0,0,0,0,0,0,0,0,95000,0,0,0,105000,10000,95000,95000
3356,奇偶            ,112000,18000,94000,0,0,0,0,0,0,0,0,0,0,0,0,0,94000
057798,貿聯兆豐99購01  ,0,0,0,0,0,0,0,0,0,94000,0,0,0,125000,31000,94000,94000
057330,台積電國票99購03,0,0,0,0,0,0,0,0,0,94000,0,0,0,135000,41000,94000,94000
060288,群光元大9C購01  ,0,0,0,0,0,0,0,0,0,94000,0,0,0,120000,26000,94000,94000
060212,華航康和9A購01  ,0,0,0,0,0,0,0,0,0,94000,0,0,0,94000,0,94000,94000
061606,景碩凱基9A購02  ,0,0,0,0,0,0,0,0,0,94000,0,0,0,191000,97000,94000,94000
06467P,旺宏統一98售01  ,0,0,0,0,0,0,0,0,0,94000,0,0,0,94000,0,94000,94000
2345,智邦            ,1123574,811800,311774,0,0,0,1000,135000,-134000,-84000,113000,220000,-107000,40000,17000,23000,93774
3557,嘉威            ,164000,71000,93000,0,0,0,0,0,0,0,0,0,0,0,0,0,93000
2636,台驊投控        ,182000,161000,21000,0,0,0,0,0,0,72000,73000,1000,72000,0,0,0,93000
8072,陞泰            ,142000,44000,98000,0,0,0,0,0,0,-5000,1000,6000,-5000,0,0,0,93000
057792,群創統一99購01  ,0,0,0,0,0,0,0,0,0,93000,0,0,0,103000,10000,93000,93000
06054P,臺股指中信9A售01,0,0,0,0,0,0,0,0,0,93000,0,0,0,100000,7000,93000,93000
064701,巨大群益9C購02  ,0,0,0,0,0,0,0,0,0,93000,0,0,0,93000,0,93000,93000
08345P,大立光元大9C售14,0,0,0,0,0,0,0,0,0,92000,0,0,0,128000,36000,92000,92000
064853,亞德客麥證9C購01,0,0,0,92000,0,92000,0,0,0,92000,0,0,0,92000,0,92000,92000
056464,臺股指凱基99購06,0,0,0,0,0,0,0,0,0,92000,0,0,0,112000,20000,92000,92000
0061,元大寶滬深      ,15000,15000,0,0,0,0,0,0,0,92000,120000,10000,110000,37000,55000,-18000,92000
055417,健策富邦98購02  ,0,0,0,0,0,0,0,0,0,92000,0,0,0,103000,11000,92000,92000
059771,台積電群益99購11,0,0,0,0,0,0,0,0,0,92000,0,0,0,92000,0,92000,92000
059533,富邦金凱基99購01,0,0,0,0,0,0,0,0,0,92000,0,0,0,128000,36000,92000,92000
061372,世紀鋼國泰9C購01,0,0,0,0,0,0,0,0,0,92000,0,0,0,209000,117000,92000,92000
058995,台達電元大99購01,0,0,0,0,0,0,0,0,0,92000,0,0,0,124000,32000,92000,92000
063174,臺股指中信01購04,0,0,0,0,0,0,0,0,0,92000,0,0,0,100000,8000,92000,92000
07708P,玉晶光元大9A售13,0,0,0,0,0,0,0,0,0,91000,0,0,0,118000,27000,91000,91000
08438P,鴻海國票01售02  ,0,0,0,0,0,0,0,0,0,91000,0,0,0,91000,0,91000,91000
054578,世芯元大99購01  ,0,0,0,0,0,0,0,0,0,91000,0,0,0,148000,57000,91000,91000
056044,同欣電凱基97購03,0,0,0,0,0,0,0,0,0,91000,0,0,0,449000,358000,91000,91000
058422,百和麥證99購01  ,0,0,0,98000,7000,91000,0,0,0,91000,0,0,0,98000,7000,91000,91000
061567,華通元大9A購11  ,0,0,0,0,0,0,0,0,0,91000,0,0,0,103000,12000,91000,91000
058751,南茂凱基9A購01  ,0,0,0,0,0,0,0,0,0,91000,0,0,0,228000,137000,91000,91000
058122,美律國票9A購01  ,0,0,0,0,0,0,0,0,0,91000,0,0,0,91000,0,91000,91000
063491,國巨富邦02購02  ,0,0,0,0,0,0,0,0,0,91000,0,0,0,168000,77000,91000,91000
064218,南六凱基01購01  ,0,0,0,0,0,0,0,0,0,91000,0,0,0,143000,52000,91000,91000
055990,矽創元富97購01  ,0,0,0,0,0,0,0,0,0,90000,0,0,0,90000,0,90000,90000
061780,國巨群益9C購01  ,0,0,0,0,0,0,0,0,0,90000,0,0,0,100000,10000,90000,90000
061214,華擎元大9A購04  ,0,0,0,0,0,0,0,0,0,90000,0,0,0,100000,10000,90000,90000
061594,玉晶光永豐9A購08,0,0,0,0,0,0,0,0,0,90000,0,0,0,117000,27000,90000,90000
058472,亞德客凱基9A購01,0,0,0,0,0,0,0,0,0,90000,0,0,0,110000,20000,90000,90000
059203,勤誠永豐99購02  ,0,0,0,0,0,0,0,0,0,90000,0,0,0,90000,0,90000,90000
064406,健策凱基03購01  ,0,0,0,0,0,0,0,0,0,90000,0,0,0,146000,56000,90000,90000
062183,奇鋐元大9B購01  ,0,0,0,0,0,0,0,0,0,90000,0,0,0,100000,10000,90000,90000
062596,緯穎統一01購02  ,0,0,0,0,0,0,0,0,0,90000,0,0,0,100000,10000,90000,90000
08089P,嘉澤凱基9B售03  ,0,0,0,0,0,0,0,0,0,89000,0,0,0,274000,185000,89000,89000
055739,健鼎元富97購01  ,0,0,0,0,0,0,0,0,0,89000,0,0,0,89000,0,89000,89000
057376,新日興元大98購04,0,0,0,0,0,0,0,0,0,89000,0,0,0,92000,3000,89000,89000
051485,玉晶光凱基97購02,0,0,0,0,0,0,0,0,0,89000,0,0,0,104000,15000,89000,89000
03657C,T50反1元大99牛01,0,0,0,0,0,0,0,0,0,89000,0,0,0,149000,60000,89000,89000
061816,長榮航群益9B購02,0,0,0,0,0,0,0,0,0,89000,0,0,0,94000,5000,89000,89000
059118,晶技永豐9A購01  ,0,0,0,0,0,0,0,0,0,89000,0,0,0,90000,1000,89000,89000
06025P,臺股指元大99售02,0,0,0,0,0,0,0,0,0,89000,0,0,0,204000,115000,89000,89000
064959,巨大凱基9C購02  ,0,0,0,0,0,0,0,0,0,88000,0,0,0,88000,0,88000,88000
08411P,技嘉凱基9C售01  ,0,0,0,0,0,0,0,0,0,88000,0,0,0,108000,20000,88000,88000
054265,GIS元大96購03   ,0,0,0,0,0,0,0,0,0,88000,0,0,0,123000,35000,88000,88000
057043,台積電元大99購02,0,0,0,0,0,0,0,0,0,88000,0,0,0,125000,37000,88000,88000
056369,彩晶元大01購01  ,0,0,0,0,0,0,0,0,0,88000,0,0,0,214000,126000,88000,88000
060253,昇陽半元大9C購01,0,0,0,0,0,0,0,0,0,88000,0,0,0,110000,22000,88000,88000
059534,國泰金凱基99購01,0,0,0,0,0,0,0,0,0,88000,0,0,0,88000,0,88000,88000
061769,晶技元大9B購03  ,0,0,0,0,0,0,0,0,0,88000,0,0,0,102000,14000,88000,88000
058263,大成鋼永豐99購01,0,0,0,0,0,0,0,0,0,88000,0,0,0,88000,0,88000,88000
058746,華通凱基9A購02  ,0,0,0,0,0,0,0,0,0,88000,0,0,0,95000,7000,88000,88000
062319,南六凱基9B購02  ,0,0,0,0,0,0,0,0,0,88000,0,0,0,88000,0,88000,88000
06338P,亞德客統一97售02,0,0,0,0,0,0,0,0,0,88000,0,0,0,92000,4000,88000,88000
064639,聚陽凱基02購01  ,0,0,0,0,0,0,0,0,0,88000,0,0,0,118000,30000,88000,88000
8464,億豐            ,613816,396000,217816,0,0,0,16000,126000,-110000,-20000,0,0,0,20000,40000,-20000,87816
6558,興能高          ,157000,69000,88000,0,0,0,0,1000,-1000,0,0,0,0,0,0,0,87000
08371P,京元電凱基9C售01,0,0,0,0,0,0,0,0,0,87000,0,0,0,112000,25000,87000,87000
08302P,長榮航國泰02售01,0,0,0,0,0,0,0,0,0,87000,0,0,0,87000,0,87000,87000
06696P,台灣50國票99售01,0,0,0,0,0,0,0,0,0,87000,0,0,0,230000,143000,87000,87000
07747P,晶技凱基9A售04  ,0,0,0,0,0,0,0,0,0,87000,0,0,0,240000,153000,87000,87000
056058,建準元大97購02  ,0,0,0,0,0,0,0,0,0,87000,0,0,0,136000,49000,87000,87000
060758,台積電元大9A購19,0,0,0,0,0,0,0,0,0,87000,0,0,0,87000,0,87000,87000
054208,台積電國票97購07,0,0,0,0,0,0,0,0,0,87000,0,0,0,147000,60000,87000,87000
00674R,元大S&P黃金反1  ,0,0,0,0,0,0,0,0,0,87000,0,0,0,107000,20000,87000,87000
059980,台積電元大99購50,0,0,0,0,0,0,0,0,0,87000,0,0,0,87000,0,87000,87000
064400,大成鋼凱基01購01,0,0,0,0,0,0,0,0,0,87000,0,0,0,87000,0,87000,87000
064107,友達兆豐01購01  ,0,0,0,0,0,0,0,0,0,87000,0,0,0,117000,30000,87000,87000
063336,大成鋼統一9C購02,0,0,0,0,0,0,0,0,0,87000,0,0,0,87000,0,87000,87000
00673R,元大S&P原油反1  ,0,0,0,0,0,0,0,0,0,86000,0,0,0,303000,217000,86000,86000
054760,台化國票9A購01  ,0,0,0,0,0,0,0,0,0,86000,0,0,0,86000,0,86000,86000
061326,新日興凱基9B購01,0,0,0,0,0,0,0,0,0,86000,0,0,0,200000,114000,86000,86000
058208,百和凱基99購01  ,0,0,0,0,0,0,0,0,0,86000,0,0,0,86000,0,86000,86000
05894P,友達群益98售02  ,0,0,0,0,0,0,0,0,0,86000,0,0,0,148000,62000,86000,86000
063511,南電群益9B購02  ,0,0,0,0,0,0,0,0,0,86000,0,0,0,98000,12000,86000,86000
064785,康友群益9C購01  ,0,0,0,0,0,0,0,0,0,86000,0,0,0,307000,221000,86000,86000
06608P,立積群益99售02  ,0,0,0,0,0,0,0,0,0,85000,0,0,0,160000,75000,85000,85000
07000P,T50反1元大99售03,0,0,0,0,0,0,0,0,0,85000,0,0,0,85000,0,85000,85000
064847,金像電元富9C購01,19000,0,19000,0,0,0,0,0,0,66000,0,0,0,85000,19000,66000,85000
064831,宏達電統一02購01,0,0,0,0,0,0,0,0,0,85000,0,0,0,104000,19000,85000,85000
061083,京元電兆豐9A購01,0,0,0,0,0,0,0,0,0,85000,0,0,0,85000,0,85000,85000
056999,元油2X國票98購02,0,0,0,0,0,0,0,0,0,85000,0,0,0,85000,0,85000,85000
059396,T50反1元富99購04,0,0,0,0,0,0,0,0,0,85000,0,0,0,517000,432000,85000,85000
064778,美律群益9C購01  ,0,0,0,0,0,0,0,0,0,85000,0,0,0,85000,0,85000,85000
064680,創意兆豐01購01  ,0,0,0,0,0,0,0,0,0,85000,0,0,0,85000,0,85000,85000
064421,技嘉兆豐01購01  ,0,0,0,0,0,0,0,0,0,85000,0,0,0,85000,0,85000,85000
063722,遠東新元大9B購02,0,0,0,0,0,0,0,0,0,85000,0,0,0,124000,39000,85000,85000
063389,大立光兆豐9C購02,0,0,0,0,0,0,0,0,0,85000,0,0,0,85000,0,85000,85000
06730P,祥碩元大98售07  ,0,0,0,0,0,0,0,0,0,84000,0,0,0,134000,50000,84000,84000
00733,富邦臺灣中小    ,0,0,0,0,0,0,0,0,0,84000,0,0,0,284000,200000,84000,84000
059200,京鼎永豐99購02  ,0,0,0,0,0,0,0,0,0,84000,0,0,0,109000,25000,84000,84000
060870,旭富群益9A購01  ,0,0,0,0,0,0,0,0,0,84000,0,0,0,182000,98000,84000,84000
060367,緯穎元富9A購02  ,0,0,0,0,0,0,0,0,0,84000,0,0,0,186000,102000,84000,84000
062500,國巨群益01購01  ,0,0,0,0,0,0,0,0,0,84000,0,0,0,100000,16000,84000,84000
062819,奇鋐兆豐9B購01  ,0,0,0,0,0,0,0,0,0,84000,0,0,0,319000,235000,84000,84000
062695,華通元大9C購01  ,0,0,0,0,0,0,0,0,0,84000,0,0,0,111000,27000,84000,84000
064148,瑞昱統一02購01  ,0,0,0,0,0,0,0,0,0,84000,0,0,0,204000,120000,84000,84000
064799,裕隆元大9C購02  ,0,0,0,0,0,0,0,0,0,84000,0,0,0,108000,24000,84000,84000
06458P,玉晶光統一9A售02,0,0,0,0,0,0,0,0,0,84000,0,0,0,139000,55000,84000,84000
07070P,晶相光元富99售01,0,0,0,0,0,0,0,0,0,83000,0,0,0,83000,0,83000,83000
07459P,緯穎元大9A售01  ,0,0,0,0,0,0,0,0,0,83000,0,0,0,100000,17000,83000,83000
07316P,長榮航康和99售01,0,0,0,0,0,0,0,0,0,83000,0,0,0,83000,0,83000,83000
08440P,玉晶光國票01售05,0,0,0,0,0,0,0,0,0,83000,0,0,0,83000,0,83000,83000
061044,世紀鋼永豐9A購02,0,0,0,0,0,0,0,0,0,83000,0,0,0,83000,0,83000,83000
057450,國泰金元富98購01,0,0,0,0,0,0,0,0,0,83000,0,0,0,177000,94000,83000,83000
061886,力山國泰01購01  ,0,0,0,0,0,0,0,0,0,83000,0,0,0,107000,24000,83000,83000
061661,京鼎永豐9A購02  ,0,0,0,0,0,0,0,0,0,83000,0,0,0,173000,90000,83000,83000
061339,京元電元大9A購05,0,0,0,0,0,0,0,0,0,83000,0,0,0,301000,218000,83000,83000
064733,南六統一9C購03  ,0,0,0,0,0,0,0,0,0,83000,0,0,0,247000,164000,83000,83000
063434,和潤元富9B購01  ,0,0,0,0,0,0,0,0,0,83000,0,0,0,294000,211000,83000,83000
8499,鼎炫-KY         ,89000,7000,82000,0,0,0,0,0,0,0,0,0,0,0,0,0,82000
07610P,大立光國票9A售04,0,0,0,0,0,0,0,0,0,82000,0,0,0,176000,94000,82000,82000
08168P,金像電群益9B售03,0,0,0,0,0,0,0,0,0,82000,0,0,0,137000,55000,82000,82000
057321,台泥群益98購01  ,0,0,0,0,0,0,0,0,0,82000,0,0,0,82000,0,82000,82000
056683,台積電統一98購05,0,0,0,0,0,0,0,0,0,82000,0,0,0,82000,0,82000,82000
061368,南六國票9A購01  ,0,0,0,0,0,0,0,0,0,82000,0,0,0,85000,3000,82000,82000
057912,美律日盛99購01  ,0,0,0,0,0,0,0,0,0,82000,0,0,0,82000,0,82000,82000
062784,世芯元大9B購01  ,0,0,0,0,0,0,0,0,0,82000,0,0,0,117000,35000,82000,82000
062620,台表科元大9B購04,0,0,0,0,0,0,0,0,0,82000,0,0,0,156000,74000,82000,82000
064628,南六元大9C購05  ,0,0,0,0,0,0,0,0,0,82000,0,0,0,115000,33000,82000,82000
064402,宏碁凱基01購01  ,0,0,0,0,0,0,0,0,0,82000,0,0,0,115000,33000,82000,82000
064359,華通統一9C購05  ,0,0,0,0,0,0,0,0,0,82000,0,0,0,278000,196000,82000,82000
063551,美食國票9B購02  ,0,0,0,0,0,0,0,0,0,82000,0,0,0,117000,35000,82000,82000
07965P,玉晶光群益01售02,0,0,0,0,0,0,0,0,0,81000,0,0,0,81000,0,81000,81000
00730,富邦臺灣優質高息,1000,1000,0,0,0,0,0,0,0,81000,0,0,0,311000,230000,81000,81000
061742,奇鋐凱基9B購01  ,0,0,0,0,0,0,0,0,0,81000,0,0,0,81000,0,81000,81000
062020,智伸科永豐9B購01,0,0,0,0,0,0,0,0,0,81000,0,0,0,81000,0,81000,81000
064208,智邦凱基02購01  ,0,0,0,0,0,0,0,0,0,81000,0,0,0,119000,38000,81000,81000
07694P,超眾元大9A售05  ,0,0,0,0,0,0,0,0,0,80000,0,0,0,120000,40000,80000,80000
07673P,電子類元大9A售01,0,0,0,0,0,0,0,0,0,80000,0,0,0,98000,18000,80000,80000
07527P,台灣50凱基9B售02,0,0,0,0,0,0,0,0,0,80000,0,0,0,80000,0,80000,80000
07555P,玉晶光元大9A售07,0,0,0,0,0,0,0,0,0,80000,0,0,0,100000,20000,80000,80000
06744P,嘉聯益永豐98售03,0,0,0,0,0,0,0,0,0,80000,0,0,0,342000,262000,80000,80000
065001,中橡國票9C購01  ,0,0,0,0,0,0,0,0,0,80000,0,0,0,80000,0,80000,80000
3563,牧德            ,149000,78000,71000,0,0,0,5000,10000,-5000,14000,0,0,0,20000,6000,14000,80000
08433P,臺股指凱基03售01,0,0,0,0,0,0,0,0,0,80000,0,0,0,80000,0,80000,80000
053088,奇鋐元大98購01  ,0,0,0,0,0,0,0,0,0,80000,0,0,0,180000,100000,80000,80000
052006,康友富邦98購01  ,0,0,0,0,0,0,0,0,0,80000,0,0,0,80000,0,80000,80000
055496,高鐵元大97購02  ,0,0,0,0,0,0,0,0,0,80000,0,0,0,80000,0,80000,80000
057737,國巨富邦99購02  ,0,0,0,0,0,0,0,0,0,80000,0,0,0,80000,0,80000,80000
056529,中環凱基98購01  ,0,0,0,0,0,0,0,0,0,80000,0,0,0,80000,0,80000,80000
057206,立積元富98購01  ,0,0,0,0,0,0,0,0,0,80000,0,0,0,211000,131000,80000,80000
061967,旺宏統一01購04  ,0,0,0,0,0,0,0,0,0,80000,0,0,0,80000,0,80000,80000
061260,台積電凱基9A購23,0,0,0,0,0,0,0,0,0,80000,0,0,0,80000,0,80000,80000
059364,昇陽半永豐99購02,0,0,0,0,0,0,0,0,0,80000,0,0,0,80000,0,80000,80000
058968,T50正2永豐99購01,0,0,0,0,0,0,0,0,0,80000,0,0,0,160000,80000,80000,80000
058264,瑞昱永豐99購01  ,0,0,0,0,0,0,0,0,0,80000,0,0,0,80000,0,80000,80000
064077,台積電中信06購03,0,0,0,0,0,0,0,0,0,80000,0,0,0,90000,10000,80000,80000
062703,可成元大9C購02  ,0,0,0,0,0,0,0,0,0,80000,0,0,0,146000,66000,80000,80000
062364,瑞昱元大9B購04  ,0,0,0,0,0,0,0,0,0,80000,0,0,0,117000,37000,80000,80000
062221,奇力新統一01購01,0,0,0,0,0,0,0,0,0,80000,0,0,0,110000,30000,80000,80000
063391,南電兆豐9C購01  ,0,0,0,0,0,0,0,0,0,80000,0,0,0,80000,0,80000,80000
062879,美食兆豐9B購01  ,0,0,0,0,0,0,0,0,0,80000,0,0,0,85000,5000,80000,80000
056786,亞光群益98購03  ,0,0,0,0,0,0,0,0,0,79000,0,0,0,79000,0,79000,79000
060835,亞德客國票9A購01,0,0,0,0,0,0,0,0,0,79000,0,0,0,84000,5000,79000,79000
061647,南六元大9A購03  ,0,0,0,0,0,0,0,0,0,79000,0,0,0,92000,13000,79000,79000
059037,宏達電群益99購02,0,0,0,0,0,0,0,0,0,79000,0,0,0,146000,67000,79000,79000
064111,國巨國票02購02  ,0,0,0,0,0,0,0,0,0,79000,0,0,0,543000,464000,79000,79000
063723,儒鴻元大9B購04  ,0,0,0,0,0,0,0,0,0,79000,0,0,0,179000,100000,79000,79000
08396P,鴻海元富9C售04  ,0,0,0,0,0,0,0,0,0,78000,0,0,0,111000,33000,78000,78000
1515,力山            ,553000,617000,-64000,0,0,0,0,0,0,142000,40000,0,40000,114000,12000,102000,78000
06721P,臺股指中信9A售03,0,0,0,0,0,0,0,0,0,78000,0,0,0,210000,132000,78000,78000
07365P,超眾元大99售07  ,0,0,0,0,0,0,0,0,0,78000,0,0,0,78000,0,78000,78000
057356,彩晶統一98購04  ,0,0,0,0,0,0,0,0,0,78000,0,0,0,131000,53000,78000,78000
061913,宏碁中信9B購01  ,0,0,0,0,0,0,0,0,0,78000,0,0,0,79000,1000,78000,78000
061689,國巨群益9A購12  ,0,0,0,0,0,0,0,0,0,78000,0,0,0,95000,17000,78000,78000
060364,奇力新元富9A購01,0,0,0,0,0,0,0,0,0,78000,0,0,0,116000,38000,78000,78000
059819,台積電凱基99購17,0,0,0,0,0,0,0,0,0,78000,0,0,0,78000,0,78000,78000
058863,可成凱基99購02  ,0,0,0,0,0,0,0,0,0,78000,0,0,0,78000,0,78000,78000
063558,聚陽元大9B購02  ,0,0,0,0,0,0,0,0,0,78000,0,0,0,227000,149000,78000,78000
064326,裕隆元大9C購01  ,0,0,0,0,0,0,0,0,0,78000,0,0,0,127000,49000,78000,78000
064487,和大元大9C購01  ,0,0,0,0,0,0,0,0,0,78000,0,0,0,78000,0,78000,78000
062136,南亞科群益9B購01,0,0,0,0,0,0,0,0,0,78000,0,0,0,98000,20000,78000,78000
1337,再生-KY         ,89000,12000,77000,0,0,0,0,0,0,0,0,0,0,0,0,0,77000
3665,貿聯-KY         ,192000,126000,66000,0,0,0,8000,0,8000,3000,17000,20000,-3000,15000,9000,6000,77000
059966,台積電凱基99購19,0,0,0,0,0,0,0,0,0,77000,0,0,0,77000,0,77000,77000
058270,上緯控永豐99購01,0,0,0,0,0,0,0,0,0,77000,0,0,0,197000,120000,77000,77000
061585,台積電富邦9B購06,0,0,0,0,0,0,0,0,0,77000,0,0,0,77000,0,77000,77000
060073,台積電元富99購03,0,0,0,0,0,0,0,0,0,77000,0,0,0,77000,0,77000,77000
061942,亞德客群益9B購01,0,0,0,0,0,0,0,0,0,77000,0,0,0,81000,4000,77000,77000
062163,大毅國泰01購01  ,0,0,0,0,0,0,0,0,0,77000,0,0,0,124000,47000,77000,77000
063399,智原群益9B購01  ,0,5000,-5000,0,0,0,0,0,0,82000,0,0,0,82000,0,82000,77000
064207,國巨凱基03購02  ,0,0,0,0,0,0,0,0,0,77000,0,0,0,109000,32000,77000,77000
063968,新光金國票01購01,0,0,0,0,0,0,0,0,0,77000,0,0,0,77000,0,77000,77000
2702,華園            ,102000,26000,76000,0,0,0,0,0,0,0,0,0,0,0,0,0,76000
064945,中橡凱基9C購01  ,0,0,0,0,0,0,0,0,0,76000,0,0,0,76000,0,76000,76000
055962,晶豪科元大97購02,0,0,0,0,0,0,0,0,0,76000,0,0,0,76000,0,76000,76000
057689,南亞科凱基99購02,0,0,0,0,0,0,0,0,0,76000,0,0,0,76000,0,76000,76000
061258,華通凱基9A購06  ,0,0,0,0,0,0,0,0,0,76000,0,0,0,95000,19000,76000,76000
063861,南亞科國泰02購01,0,0,0,0,0,0,0,0,0,76000,0,0,0,76000,0,76000,76000
063828,台積電國票01購02,0,0,0,0,0,0,0,0,0,76000,0,0,0,92000,16000,76000,76000
062979,茂林元富9B購01  ,0,0,0,0,0,0,0,0,0,76000,0,0,0,76000,0,76000,76000
065046,玉晶光凱基01購03,0,0,0,0,0,0,0,0,0,75000,0,0,0,101000,26000,75000,75000
06999P,玉晶光國票9B售01,0,0,0,0,0,0,0,0,0,75000,0,0,0,75000,0,75000,75000
07671P,超眾元大9A售04  ,0,0,0,0,0,0,0,0,0,75000,0,0,0,75000,0,75000,75000
07768P,緯穎群益9A售02  ,0,0,0,0,0,0,0,0,0,75000,0,0,0,112000,37000,75000,75000
08304P,大立光中信02售01,0,0,0,0,0,0,0,0,0,75000,0,0,0,75000,0,75000,75000
056287,亞光永豐97購02  ,0,0,0,0,0,0,0,0,0,75000,0,0,0,75000,0,75000,75000
060106,旭富元大99購02  ,0,0,0,0,0,0,0,0,0,75000,0,0,0,256000,181000,75000,75000
058571,緯穎凱基9A購02  ,0,0,0,0,0,0,0,0,0,75000,0,0,0,92000,17000,75000,75000
057990,美律統一99購02  ,0,0,0,0,0,0,0,0,0,75000,0,0,0,75000,0,75000,75000
063298,統一凱基9B購01  ,0,0,0,0,0,0,0,0,0,75000,0,0,0,96000,21000,75000,75000
063568,高鐵元大9B購01  ,0,0,0,0,0,0,0,0,0,75000,0,0,0,78000,3000,75000,75000
08434P,臺股指凱基03售02,0,0,0,0,0,0,0,0,0,74000,0,0,0,215000,141000,74000,74000
054463,瑞昱凱基97購01  ,0,0,0,0,0,0,0,0,0,74000,0,0,0,74000,0,74000,74000
061929,嘉澤凱基9B購01  ,0,0,0,0,0,0,0,0,0,74000,0,0,0,135000,61000,74000,74000
061614,亞德客群益9A購01,0,0,0,0,0,0,0,0,0,74000,0,0,0,109000,35000,74000,74000
064149,美律統一02購01  ,0,0,0,0,0,0,0,0,0,74000,0,0,0,74000,0,74000,74000
064705,新光金富邦01購01,0,0,0,0,0,0,0,0,0,74000,0,0,0,74000,0,74000,74000
063318,京鼎群益9C購02  ,0,0,0,0,0,0,0,0,0,74000,0,0,0,124000,50000,74000,74000
063307,同欣電凱基9B購02,0,0,0,0,0,0,0,0,0,74000,0,0,0,270000,196000,74000,74000
063500,嘉晶永豐9B購02  ,0,0,0,0,0,0,0,0,0,74000,0,0,0,80000,6000,74000,74000
063013,技嘉元大9B購02  ,0,0,0,0,0,0,0,0,0,74000,0,0,0,172000,98000,74000,74000
062352,南六群益9B購02  ,0,0,0,0,0,0,0,0,0,74000,0,0,0,176000,102000,74000,74000
062320,南電凱基9B購03  ,0,0,0,0,0,0,0,0,0,74000,0,0,0,78000,4000,74000,74000
062731,力成凱基9B購02  ,0,0,0,0,0,0,0,0,0,74000,0,0,0,165000,91000,74000,74000
08334P,智邦永豐9C售01  ,0,0,0,0,0,0,0,0,0,73000,0,0,0,97000,24000,73000,73000
08253P,鴻海元大9C售06  ,0,0,0,0,0,0,0,0,0,73000,0,0,0,73000,0,73000,73000
6533,晶心科          ,136000,65000,71000,0,0,0,0,1000,-1000,3000,3000,0,3000,0,0,0,73000
07845P,南亞科元大9A售08,0,0,0,0,0,0,0,0,0,73000,0,0,0,110000,37000,73000,73000
056518,美律國票99購01  ,0,0,0,0,0,0,0,0,0,73000,0,0,0,73000,0,73000,73000
055348,旺宏凱基97購01  ,0,0,0,0,0,0,0,0,0,73000,0,0,0,73000,0,73000,73000
046793,聯發科元富99購01,0,0,0,0,0,0,0,0,0,73000,0,0,0,103000,30000,73000,73000
057444,台泥元富98購01  ,0,0,0,0,0,0,0,0,0,73000,0,0,0,98000,25000,73000,73000
058506,台積電元大99購09,0,0,0,0,0,0,0,0,0,73000,0,0,0,112000,39000,73000,73000
060121,新光金富邦99購01,0,0,0,0,0,0,0,0,0,73000,0,0,0,74000,1000,73000,73000
060084,聯電元大99購02  ,0,0,0,0,0,0,0,0,0,73000,0,0,0,73000,0,73000,73000
062296,南六永豐9B購02  ,0,0,0,0,0,0,0,0,0,73000,0,0,0,108000,35000,73000,73000
064610,儒鴻元大9C購03  ,0,0,0,0,0,0,0,0,0,73000,0,0,0,201000,128000,73000,73000
063826,中興電國票01購01,0,0,0,0,0,0,0,0,0,73000,0,0,0,73000,0,73000,73000
08139P,華新科元大9B售12,0,0,0,0,0,0,0,0,0,72000,0,0,0,72000,0,72000,72000
2545,皇翔            ,86000,14000,72000,0,0,0,0,0,0,0,0,0,0,0,0,0,72000
2486,一詮            ,86000,14000,72000,0,0,0,0,0,0,0,0,0,0,0,0,0,72000
1444,力麗            ,400000,328000,72000,0,0,0,0,0,0,0,0,0,0,0,0,0,72000
1519,華城            ,227000,155000,72000,0,0,0,0,0,0,0,0,0,0,0,0,0,72000
060411,達新永豐9A購01  ,0,0,0,0,0,0,0,0,0,72000,0,0,0,612000,540000,72000,72000
063832,矽創國票01購01  ,0,0,0,0,0,0,0,0,0,72000,0,0,0,121000,49000,72000,72000
063858,鴻海國泰02購01  ,0,0,0,0,0,0,0,0,0,72000,0,0,0,72000,0,72000,72000
062271,華通群益9C購02  ,30000,0,30000,0,0,0,0,0,0,42000,0,0,0,108000,66000,42000,72000
1608,華榮            ,113000,42000,71000,0,0,0,0,0,0,0,0,0,0,0,0,0,71000
07473P,祥碩元大9A售01  ,0,0,0,0,0,0,0,0,0,71000,0,0,0,190000,119000,71000,71000
057149,京鼎國票99購02  ,0,0,0,0,0,0,0,0,0,71000,0,0,0,288000,217000,71000,71000
059772,可成群益9A購05  ,0,0,0,0,0,0,0,0,0,71000,0,0,0,71000,0,71000,71000
061639,晶豪科元大9A購02,0,0,0,0,0,0,0,0,0,71000,0,0,0,71000,0,71000,71000
058053,上銀統一9B購01  ,0,0,0,0,0,0,0,0,0,71000,0,0,0,442000,371000,71000,71000
061227,日月光中信9B購01,0,0,0,0,0,0,0,0,0,71000,0,0,0,136000,65000,71000,71000
061151,友訊群益9A購01  ,0,0,0,0,0,0,0,0,0,71000,0,0,0,90000,19000,71000,71000
058849,奇力新群益99購02,0,0,0,0,0,0,0,0,0,71000,0,0,0,150000,79000,71000,71000
062934,大成鋼凱基9B購02,0,0,0,0,0,0,0,0,0,71000,0,0,0,90000,19000,71000,71000
064990,世紀鋼元大01購01,0,0,0,0,0,0,0,0,0,70000,0,0,0,100000,30000,70000,70000
08341P,國泰金台新9C售01,0,0,0,0,0,0,0,0,0,70000,0,0,0,80000,10000,70000,70000
4739,康普            ,97000,27000,70000,0,0,0,0,0,0,0,0,0,0,0,0,0,70000
056468,鴻海元大98購07  ,0,0,0,0,0,0,0,0,0,70000,0,0,0,148000,78000,70000,70000
055916,奇鋐凱基99購01  ,0,0,0,0,0,0,0,0,0,70000,0,0,0,100000,30000,70000,70000
056845,揚明光元富98購01,0,0,0,0,0,0,0,0,0,70000,0,0,0,120000,50000,70000,70000
057525,光磊元大99購01  ,0,0,0,0,0,0,0,0,0,70000,0,0,0,200000,130000,70000,70000
059914,台積電元大99購47,0,0,0,0,0,0,0,0,0,70000,0,0,0,77000,7000,70000,70000
053721,國泰金凱基97購01,0,0,0,0,0,0,0,0,0,70000,0,0,0,70000,0,70000,70000
059958,鎧勝康和99購01  ,0,0,0,0,0,0,0,0,0,70000,0,0,0,70000,0,70000,70000
061218,臺股指元大9A購55,0,0,0,0,0,0,0,0,0,70000,0,0,0,70000,0,70000,70000
058197,國巨中信99購02  ,0,0,0,0,0,0,0,0,0,70000,0,0,0,90000,20000,70000,70000
061644,健策元大9C購02  ,0,0,0,0,0,0,0,0,0,70000,0,0,0,146000,76000,70000,70000
062017,京鼎永豐9B購01  ,0,0,0,0,0,0,0,0,0,70000,0,0,0,100000,30000,70000,70000
060302,台積電富邦02購01,0,0,0,0,0,0,0,0,0,70000,0,0,0,91000,21000,70000,70000
063479,南六元大9B購06  ,0,0,0,0,0,0,0,0,0,70000,0,0,0,98000,28000,70000,70000
062229,南六統一9B購01  ,0,0,0,0,0,0,0,0,0,70000,0,0,0,121000,51000,70000,70000
06278P,臺股指凱基97售10,0,0,0,0,0,0,0,0,0,70000,0,0,0,70000,0,70000,70000
063857,臺股指元大9C購10,0,0,0,0,0,0,0,0,0,70000,0,0,0,90000,20000,70000,70000
9943,好樂迪          ,98000,28000,70000,0,0,0,0,0,0,0,0,0,0,0,0,0,70000
1506,正道            ,70000,1000,69000,0,0,0,0,0,0,0,0,0,0,0,0,0,69000
06622P,牧德元大98售01  ,0,0,0,0,0,0,0,0,0,69000,0,0,0,69000,0,69000,69000
07660P,聯茂凱基9A售03  ,0,0,0,0,0,0,0,0,0,69000,0,0,0,69000,0,69000,69000
057599,技嘉群益9A購01  ,0,0,0,0,0,0,0,0,0,69000,0,0,0,72000,3000,69000,69000
057163,上銀元大98購04  ,0,0,0,0,0,0,0,0,0,69000,0,0,0,100000,31000,69000,69000
061853,晶技國票9B購02  ,0,0,0,0,0,0,0,0,0,69000,0,0,0,69000,0,69000,69000
061266,國泰金凱基9B購01,0,0,0,0,0,0,0,0,0,69000,0,0,0,80000,11000,69000,69000
064129,新日興元大9C購02,0,0,0,0,0,0,0,0,0,69000,0,0,0,314000,245000,69000,69000
064617,台光電元大01購01,0,0,0,0,0,0,0,0,0,69000,0,0,0,187000,118000,69000,69000
064376,美律元富9C購01  ,0,0,0,0,0,0,0,0,0,69000,0,0,0,219000,150000,69000,69000
063014,技嘉元大9B購03  ,0,0,0,0,0,0,0,0,0,69000,0,0,0,115000,46000,69000,69000
08074P,緯穎元富9B售02  ,0,0,0,0,0,0,0,0,0,68000,0,0,0,90000,22000,68000,68000
06631P,玉晶光群益9A售03,0,0,0,0,0,0,0,0,0,68000,0,0,0,98000,30000,68000,68000
06584P,欣興凱基98售03  ,0,0,0,0,0,0,0,0,0,68000,0,0,0,68000,0,68000,68000
2471,資通            ,81000,13000,68000,0,0,0,0,0,0,0,0,0,0,0,0,0,68000
6591,動力-KY         ,87000,18000,69000,0,0,0,0,0,0,-1000,2000,3000,-1000,0,0,0,68000
9917,中保科          ,112000,267000,-155000,0,0,0,224000,1000,223000,0,0,0,0,0,0,0,68000
2897,王道銀行        ,124000,56000,68000,0,0,0,0,0,0,0,0,0,0,0,0,0,68000
056481,創意元大98購01  ,0,0,0,0,0,0,0,0,0,68000,0,0,0,68000,0,68000,68000
056135,緯創元大98購01  ,0,0,0,0,0,0,0,0,0,68000,0,0,0,116000,48000,68000,68000
05729P,臺股指凱基97售02,0,0,0,0,0,0,0,0,0,68000,0,0,0,70000,2000,68000,68000
058705,長榮航元大99購01,0,0,0,0,0,0,0,0,0,68000,0,0,0,136000,68000,68000,68000
03679C,臺股指元大04牛04,0,0,0,0,0,0,0,0,0,68000,0,0,0,68000,0,68000,68000
061207,美律元大9A購04  ,0,0,0,0,0,0,0,0,0,68000,0,0,0,68000,0,68000,68000
059950,百和永豐99購02  ,0,0,0,0,0,0,0,0,0,68000,0,0,0,160000,92000,68000,68000
058406,聯茂元大99購06  ,0,0,0,0,0,0,0,0,0,68000,0,0,0,68000,0,68000,68000
060242,潤泰全元大9C購01,0,0,0,0,0,0,0,0,0,68000,0,0,0,68000,0,68000,68000
060328,可成群益9A購06  ,0,0,0,0,0,0,0,0,0,68000,0,0,0,78000,10000,68000,68000
060397,群創國票9A購01  ,0,0,0,0,0,0,0,0,0,68000,0,0,0,68000,0,68000,68000
06296P,燿華元大98售01  ,0,0,0,0,0,0,0,0,0,68000,0,0,0,101000,33000,68000,68000
062274,台積電群益9B購04,0,0,0,0,0,0,0,0,0,68000,0,0,0,68000,0,68000,68000
064393,友訊永豐9C購01  ,0,0,0,0,0,0,0,0,0,68000,0,0,0,68000,0,68000,68000
064669,健策元大01購03  ,0,0,0,0,0,0,0,0,0,68000,0,0,0,141000,73000,68000,68000
063838,上銀元大9C購01  ,0,0,0,0,0,0,0,0,0,68000,0,0,0,68000,0,68000,68000
063712,高鐵凱基9C購01  ,0,0,0,0,0,0,0,0,0,68000,0,0,0,68000,0,68000,68000
063569,美食元大9B購03  ,0,0,0,0,0,0,0,0,0,68000,0,0,0,78000,10000,68000,68000
4155,訊映            ,152000,81000,71000,0,0,0,0,0,0,-4000,0,4000,-4000,0,0,0,67000
08346P,大立光元大9C售15,0,0,0,0,0,0,0,0,0,67000,0,0,0,101000,34000,67000,67000
08447P,緯穎永豐9C售02  ,0,0,0,0,0,0,0,0,0,67000,0,0,0,67000,0,67000,67000
055500,京鼎元大97購04  ,0,0,0,0,0,0,0,0,0,67000,0,0,0,68000,1000,67000,67000
060764,華擎元大9A購03  ,0,0,0,0,0,0,0,0,0,67000,0,0,0,180000,113000,67000,67000
058026,上銀富邦9A購01  ,0,0,0,0,0,0,0,0,0,67000,0,0,0,89000,22000,67000,67000
061857,康友國票9B購01  ,0,0,0,0,0,0,0,0,0,67000,0,0,0,68000,1000,67000,67000
061975,華通元大9B購01  ,0,0,0,0,0,0,0,0,0,67000,0,0,0,240000,173000,67000,67000
060055,宏達電凱基99購06,0,0,0,0,0,0,0,0,0,67000,0,0,0,77000,10000,67000,67000
061316,台積電凱基9A購24,0,0,0,0,0,0,0,0,0,67000,0,0,0,67000,0,67000,67000
064060,同欣電麥證01購01,0,0,0,87000,20000,67000,0,0,0,67000,0,0,0,87000,20000,67000,67000
064050,景碩統一01購01  ,0,0,0,0,0,0,0,0,0,67000,0,0,0,116000,49000,67000,67000
6415,矽力-KY         ,481691,444000,37691,0,0,0,23000,0,23000,6000,8000,3000,5000,2000,1000,1000,66691
08363P,南亞科凱基01售01,0,0,0,0,0,0,0,0,0,66000,0,0,0,85000,19000,66000,66000
08027P,嘉晶元大9B售03  ,0,0,0,0,0,0,0,0,0,66000,0,0,0,81000,15000,66000,66000
055318,華通國票98購01  ,0,0,0,0,0,0,0,0,0,66000,0,0,0,143000,77000,66000,66000
061706,旭富國票9A購02  ,0,0,0,0,0,0,0,0,0,66000,0,0,0,105000,39000,66000,66000
058049,帆宣元大98購01  ,0,0,0,0,0,0,0,0,0,66000,0,0,0,66000,0,66000,66000
060547,瑞昱凱基9A購01  ,0,0,0,0,0,0,0,0,0,66000,0,0,0,66000,0,66000,66000
064112,宏碁國票01購01  ,0,0,0,0,0,0,0,0,0,66000,0,0,0,66000,0,66000,66000
064169,南電統一9C購01  ,0,0,0,0,0,0,0,0,0,66000,0,0,0,159000,93000,66000,66000
063597,健策中信9B購02  ,0,0,0,0,0,0,0,0,0,66000,0,0,0,68000,2000,66000,66000
064560,技嘉群益01購01  ,0,0,0,0,0,0,0,0,0,66000,0,0,0,69000,3000,66000,66000
064368,日月光統一01購01,0,0,0,0,0,0,0,0,0,66000,0,0,0,66000,0,66000,66000
6582,申豐            ,220000,176000,44000,0,0,0,0,0,0,21000,21000,0,21000,0,0,0,65000
051292,牧德統一97購01  ,0,0,0,0,0,0,0,0,0,65000,0,0,0,65000,0,65000,65000
053024,國巨富邦97購02  ,0,0,0,0,0,0,0,0,0,65000,0,0,0,65000,0,65000,65000
006206,元大上證50      ,161000,0,161000,0,0,0,0,0,0,-96000,0,10000,-10000,271000,357000,-86000,65000
059913,台積電元大99購44,0,0,0,0,0,0,0,0,0,65000,0,0,0,83000,18000,65000,65000
057533,晶相光元大98購02,0,0,0,0,0,0,0,0,0,65000,0,0,0,65000,0,65000,65000
056084,漢唐統一97購03  ,0,0,0,0,0,0,0,0,0,65000,0,0,0,65000,0,65000,65000
056906,玉晶光元大9B購01,0,0,0,0,0,0,0,0,0,65000,0,0,0,428000,363000,65000,65000
056465,臺股指凱基99購07,0,0,0,0,0,0,0,0,0,65000,0,0,0,265000,200000,65000,65000
056375,玉晶光統一01購01,0,0,0,0,0,0,0,0,0,65000,0,0,0,110000,45000,65000,65000
058431,國巨統一9B購01  ,0,0,0,0,0,0,0,0,0,65000,0,0,0,91000,26000,65000,65000
063958,瑞祺元大9C購01  ,0,0,0,0,0,0,0,0,0,65000,0,0,0,242000,177000,65000,65000
063999,日月光兆豐9C購01,0,0,0,0,0,0,0,0,0,65000,0,0,0,108000,43000,65000,65000
064006,晶技凱基9C購02  ,0,0,0,0,0,0,0,0,0,65000,0,0,0,168000,103000,65000,65000
062625,華通國票9B購02  ,0,0,0,0,0,0,0,0,0,65000,0,0,0,130000,65000,65000,65000
062887,台積電群益9C購05,0,0,0,0,0,0,0,0,0,65000,0,0,0,65000,0,65000,65000
08663P,台灣50元大96售01,0,0,0,0,0,0,0,0,0,64000,0,0,0,64000,0,64000,64000
2461,光群雷          ,110000,46000,64000,0,0,0,0,0,0,0,0,0,0,0,0,0,64000
07503P,禾伸堂元大9A售01,0,0,0,0,0,0,0,0,0,64000,0,0,0,64000,0,64000,64000
053800,華通凱基97購03  ,0,0,0,0,0,0,0,0,0,64000,0,0,0,164000,100000,64000,64000
059097,世紀鋼元大99購05,0,0,0,0,0,0,0,0,0,64000,0,0,0,139000,75000,64000,64000
062377,力成元大9B購01  ,0,0,0,0,0,0,0,0,0,64000,0,0,0,132000,68000,64000,64000
064598,國巨元富9C購03  ,0,0,0,0,0,0,0,0,0,64000,0,0,0,87000,23000,64000,64000
064664,微星元大9C購04  ,0,0,0,0,0,0,0,0,0,64000,0,0,0,100000,36000,64000,64000
07636P,鴻海國票9A售05  ,0,0,0,0,0,0,0,0,0,63000,0,0,0,63000,0,63000,63000
2423,固緯            ,74000,11000,63000,0,0,0,0,0,0,0,0,0,0,0,0,0,63000
08464P,牧德永豐9C售02  ,0,0,0,0,0,0,0,0,0,63000,0,0,0,63000,0,63000,63000
056458,日月光凱基98購02,0,0,0,0,0,0,0,0,0,63000,0,0,0,112000,49000,63000,63000
059924,世紀鋼元大99購06,0,0,0,0,0,0,0,0,0,63000,0,0,0,113000,50000,63000,63000
061681,南電元大9A購08  ,0,0,0,0,0,0,0,0,0,63000,0,0,0,69000,6000,63000,63000
061875,華新科元大9B購03,0,0,0,0,0,0,0,0,0,63000,0,0,0,63000,0,63000,63000
058012,鈺齊國票99購01  ,0,0,0,0,0,0,0,0,0,63000,0,0,0,101000,38000,63000,63000
061259,台積電凱基9A購21,0,0,0,0,0,0,0,0,0,63000,0,0,0,64000,1000,63000,63000
060008,華邦電群益9A購01,0,0,0,0,0,0,0,0,0,63000,0,0,0,96000,33000,63000,63000
062689,華擎統一02購01  ,0,0,0,0,0,0,0,0,0,63000,0,0,0,64000,1000,63000,63000
2431,聯昌            ,81000,17000,64000,0,0,0,0,0,0,-2000,0,2000,-2000,0,0,0,62000
065002,致茂國票01購01  ,0,0,0,0,0,0,0,0,0,62000,0,0,0,340000,278000,62000,62000
060014,中鋼康和99購01  ,0,0,0,0,0,0,0,0,0,62000,0,0,0,62000,0,62000,62000
061549,泰碩群益9A購01  ,0,0,0,0,0,0,0,0,0,62000,0,0,0,77000,15000,62000,62000
060457,中橡元大9A購02  ,0,0,0,0,0,0,0,0,0,62000,0,0,0,111000,49000,62000,62000
061695,群創群益9A購01  ,0,0,0,0,0,0,0,0,0,62000,0,0,0,64000,2000,62000,62000
062786,立積元大9C購03  ,0,0,0,0,0,0,0,0,0,62000,0,0,0,250000,188000,62000,62000
062598,華通台新9B購02  ,0,0,0,0,0,0,0,0,0,62000,0,0,0,166000,104000,62000,62000
063964,瑞昱國票01購01  ,0,0,0,0,0,0,0,0,0,62000,0,0,0,122000,60000,62000,62000
063837,亞德客元大01購01,0,0,0,0,0,0,0,0,0,62000,0,0,0,89000,27000,62000,62000
4994,傳奇            ,113036,44000,69036,0,0,0,0,0,0,-8000,0,8000,-8000,0,0,0,61036
3346,麗清            ,68000,7000,61000,0,0,0,0,0,0,0,0,0,0,0,0,0,61000
2704,國賓            ,61000,25000,36000,0,0,0,0,0,0,25000,25000,0,25000,0,0,0,61000
08310P,南電凱基9C售01  ,0,0,0,0,0,0,0,0,0,61000,0,0,0,91000,30000,61000,61000
07333P,台灣50國票9B售03,0,0,0,0,0,0,0,0,0,61000,0,0,0,61000,0,61000,61000
07842P,力成元大9A售01  ,0,0,0,0,0,0,0,0,0,61000,0,0,0,77000,16000,61000,61000
060796,世芯永豐9A購03  ,0,0,0,0,0,0,0,0,0,61000,0,0,0,66000,5000,61000,61000
056917,國巨兆豐98購03  ,0,0,0,0,0,0,0,0,0,61000,0,0,0,61000,0,61000,61000
054349,同欣電國票97購02,0,0,0,0,0,0,0,0,0,61000,0,0,0,164000,103000,61000,61000
061682,南電元大9B購01  ,0,0,0,0,0,0,0,0,0,61000,0,0,0,74000,13000,61000,61000
059082,華通元大99購06  ,0,0,0,0,0,0,0,0,0,61000,0,0,0,62000,1000,61000,61000
061989,晶技元大9B購04  ,0,0,0,0,0,0,0,0,0,61000,0,0,0,87000,26000,61000,61000
061441,大毅永豐9A購04  ,0,0,0,0,0,0,0,0,0,61000,0,0,0,81000,20000,61000,61000
063959,GIS元大9C購02   ,0,0,0,0,0,0,0,0,0,61000,0,0,0,191000,130000,61000,61000
064782,健策群益9C購02  ,0,0,0,0,0,0,0,0,0,61000,0,0,0,61000,0,61000,61000
064331,微星元大9C購03  ,0,0,0,0,0,0,0,0,0,61000,0,0,0,74000,13000,61000,61000
063313,南亞科群益9B購02,0,0,0,0,0,0,0,0,0,61000,0,0,0,61000,0,61000,61000
07849P,大立光群益9A售06,0,0,0,0,0,0,0,0,0,60000,0,0,0,60000,0,60000,60000
08075P,聯電群益9C售01  ,0,0,0,0,0,0,0,0,0,60000,0,0,0,70000,10000,60000,60000
07205P,鴻海凱基99售11  ,0,0,0,0,0,0,0,0,0,60000,0,0,0,60000,0,60000,60000
07536P,華新科元富9A售04,0,0,0,0,0,0,0,0,0,60000,0,0,0,80000,20000,60000,60000
06742P,可成富邦99售02  ,0,0,0,0,0,0,0,0,0,60000,0,0,0,94000,34000,60000,60000
06765P,欣興元大98售11  ,0,0,0,0,0,0,0,0,0,60000,0,0,0,87000,27000,60000,60000
2836,高雄銀          ,75000,15000,60000,0,0,0,0,0,0,0,0,0,0,0,0,0,60000
054335,緯穎永豐96購02  ,0,0,0,0,0,0,0,0,0,60000,0,0,0,60000,0,60000,60000
054704,玉晶光第一97購01,0,0,0,0,0,0,0,0,0,60000,0,0,0,60000,0,60000,60000
054580,樺漢元大98購01  ,0,0,0,0,0,0,0,0,0,60000,0,0,0,60000,0,60000,60000
054896,聯茂日盛97購01  ,0,0,0,0,0,0,0,0,0,60000,0,0,0,60000,0,60000,60000
053782,京元電元大98購02,0,0,0,0,0,0,0,0,0,60000,0,0,0,60000,0,60000,60000
00766L,台新MSCI中國正2 ,0,0,0,0,0,0,0,0,0,60000,0,0,0,312000,252000,60000,60000
035274,華新台新97購01  ,0,0,0,0,0,0,0,0,0,60000,0,0,0,60000,0,60000,60000
056202,國揚永豐97購01  ,0,0,0,0,0,0,0,0,0,60000,0,0,0,62000,2000,60000,60000
055912,宏達電凱基98購03,0,0,0,0,0,0,0,0,0,60000,0,0,0,60000,0,60000,60000
059926,世紀鋼國泰9B購01,0,0,0,0,0,0,0,0,0,60000,0,0,0,70000,10000,60000,60000
058433,台積電統一9B購04,0,0,0,0,0,0,0,0,0,60000,0,0,0,60000,0,60000,60000
058445,旺宏富邦9C購01  ,0,0,0,0,0,0,0,0,0,60000,0,0,0,71000,11000,60000,60000
058597,瑞昱台新99購01  ,0,0,0,0,0,0,0,0,0,60000,0,0,0,60000,0,60000,60000
061833,華新科凱基02購01,0,0,0,0,0,0,0,0,0,60000,0,0,0,60000,0,60000,60000
060254,世紀鋼元大9A購01,0,0,0,0,0,0,0,0,0,60000,0,0,0,63000,3000,60000,60000
063241,聯發科元大9B購18,0,0,0,0,0,0,0,0,0,60000,0,0,0,60000,0,60000,60000
063085,嘉澤凱基9C購01  ,0,0,0,0,0,0,0,0,0,60000,0,0,0,80000,20000,60000,60000
062609,帆宣凱基9B購01  ,0,0,0,0,0,0,0,0,0,60000,0,0,0,70000,10000,60000,60000
062362,致茂元大9B購01  ,0,0,0,0,0,0,0,0,0,60000,0,0,0,198000,138000,60000,60000
062135,國巨群益9B購05  ,0,0,0,0,0,0,0,0,0,60000,0,0,0,90000,30000,60000,60000
06444P,大立光凱基98售08,0,0,0,0,0,0,0,0,0,60000,0,0,0,60000,0,60000,60000
064526,臺股指群益9C購11,0,0,0,0,0,0,0,0,0,60000,0,0,0,125000,65000,60000,60000
063783,儒鴻中信9C購01  ,0,0,0,0,0,0,0,0,0,60000,0,0,0,60000,0,60000,60000
06717P,可成元大98售09  ,0,0,0,0,0,0,0,0,0,59000,0,0,0,60000,1000,59000,59000
057531,禾伸堂元大99購04,0,0,0,0,0,0,0,0,0,59000,0,0,0,68000,9000,59000,59000
057573,京鼎永豐98購02  ,0,0,0,0,0,0,0,0,0,59000,0,0,0,59000,0,59000,59000
056136,京鼎元大98購01  ,0,0,0,0,0,0,0,0,0,59000,0,0,0,69000,10000,59000,59000
056641,華通凱基98購03  ,0,0,0,0,0,0,0,0,0,59000,0,0,0,171000,112000,59000,59000
060313,淘帝永豐9A購01  ,0,0,0,0,0,0,0,0,0,59000,0,0,0,85000,26000,59000,59000
061820,康控群益9B購02  ,0,0,0,0,0,0,0,0,0,59000,0,0,0,218000,159000,59000,59000
060104,新日興元大99購03,0,0,0,0,0,0,0,0,0,59000,0,0,0,63000,4000,59000,59000
061483,TPK元大9A購01   ,0,0,0,0,0,0,0,0,0,59000,0,0,0,61000,2000,59000,59000
063646,帆宣元大9B購02  ,0,0,0,0,0,0,0,0,0,59000,0,0,0,59000,0,59000,59000
064365,美食統一01購02  ,0,0,0,0,0,0,0,0,0,59000,0,0,0,79000,20000,59000,59000
062911,聯詠元大9B購03  ,0,0,0,0,0,0,0,0,0,59000,0,0,0,67000,8000,59000,59000
063466,美食元大9B購02  ,0,0,0,0,0,0,0,0,0,59000,0,0,0,82000,23000,59000,59000
07046P,大立光富邦9C售03,0,0,0,0,0,0,0,0,0,58000,0,0,0,58000,0,58000,58000
064833,新光金統一02購01,0,0,0,0,0,0,0,0,0,58000,0,0,0,58000,0,58000,58000
08077P,亞德客國票9B售02,0,0,0,0,0,0,0,0,0,58000,0,0,0,58000,0,58000,58000
08384P,臺股指群益9C售12,0,0,0,0,0,0,0,0,0,58000,0,0,0,104000,46000,58000,58000
054481,鎧勝中信96購01  ,0,0,0,0,0,0,0,0,0,58000,0,0,0,70000,12000,58000,58000
061102,台積電元大9A購22,0,0,0,0,0,0,0,0,0,58000,0,0,0,58000,0,58000,58000
061381,台灣50群益9B購07,0,0,0,0,0,0,0,0,0,58000,0,0,0,100000,42000,58000,58000
060825,聯詠元大9A購05  ,0,0,0,0,0,0,0,0,0,58000,0,0,0,72000,14000,58000,58000
061566,華通元大9A購10  ,0,0,0,0,0,0,0,0,0,58000,0,0,0,92000,34000,58000,58000
058385,創意中信99購01  ,0,0,0,0,0,0,0,0,0,58000,0,0,0,60000,2000,58000,58000
058299,同欣電凱基9A購01,0,0,0,0,0,0,0,0,0,58000,0,0,0,387000,329000,58000,58000
060158,廣達永豐9A購01  ,0,0,0,0,0,0,0,0,0,58000,0,0,0,58000,0,58000,58000
061663,南六永豐9A購05  ,0,0,0,0,0,0,0,0,0,58000,0,0,0,68000,10000,58000,58000
061723,嘉聯益永豐9A購03,0,0,0,0,0,0,0,0,0,58000,0,0,0,336000,278000,58000,58000
060306,台肥永豐9A購01  ,0,0,0,0,0,0,0,0,0,58000,0,0,0,70000,12000,58000,58000
060298,鎧勝元大9C購01  ,0,0,0,0,0,0,0,0,0,58000,0,0,0,58000,0,58000,58000
060654,大毅群益9B購01  ,0,0,0,0,0,0,0,0,0,58000,0,0,0,82000,24000,58000,58000
062186,晶技元大9B購05  ,0,0,0,0,0,0,0,0,0,58000,0,0,0,65000,7000,58000,58000
062481,同欣電國票9B購01,0,0,0,0,0,0,0,0,0,58000,0,0,0,58000,0,58000,58000
062574,美食群益9B購02  ,0,0,0,0,0,0,0,0,0,58000,0,0,0,68000,10000,58000,58000
063627,上銀元大9B購09  ,0,0,0,0,0,0,0,0,0,58000,0,0,0,68000,10000,58000,58000
08234P,華擎元富9B售03  ,0,0,0,0,0,0,0,0,0,57000,0,0,0,104000,47000,57000,57000
1451,年興            ,145000,88000,57000,0,0,0,0,0,0,0,0,0,0,0,0,0,57000
4545,銘鈺            ,67000,9000,58000,0,0,0,0,0,0,-1000,0,1000,-1000,0,0,0,57000
07652P,臺股指中信9A售07,0,0,0,0,0,0,0,0,0,57000,0,0,0,60000,3000,57000,57000
064937,英業達元富9C購01,0,0,0,0,0,0,0,0,0,57000,0,0,0,57000,0,57000,57000
057606,健策統一98購03  ,0,0,0,0,0,0,0,0,0,57000,0,0,0,147000,90000,57000,57000
060640,京鼎永豐9A購01  ,0,0,0,0,0,0,0,0,0,57000,0,0,0,95000,38000,57000,57000
060600,台積電凱基9C購01,0,0,0,0,0,0,0,0,0,57000,0,0,0,67000,10000,57000,57000
061925,禾伸堂凱基9C購01,0,0,0,0,0,0,0,0,0,57000,0,0,0,122000,65000,57000,57000
058544,FBVIX富邦9B購01 ,0,0,0,0,0,0,0,0,0,57000,0,0,0,69000,12000,57000,57000
060924,大毅永豐9A購03  ,0,0,0,0,0,0,0,0,0,57000,0,0,0,57000,0,57000,57000
060025,台積電富邦9C購06,0,0,0,0,0,0,0,0,0,57000,0,0,0,58000,1000,57000,57000
060806,華新科群益9A購03,0,0,0,0,0,0,0,0,0,57000,0,0,0,98000,41000,57000,57000
059957,中信金康和99購01,0,0,0,0,0,0,0,0,0,57000,0,0,0,58000,1000,57000,57000
061471,台積電元大9A購31,0,0,0,0,0,0,0,0,0,57000,0,0,0,57000,0,57000,57000
061257,上銀凱基9A購06  ,0,0,0,0,0,0,0,0,0,57000,0,0,0,58000,1000,57000,57000
061134,大成鋼統一9C購01,0,0,0,0,0,0,0,0,0,57000,0,0,0,57000,0,57000,57000
063953,世芯元大01購01  ,0,0,0,0,0,0,0,0,0,57000,0,0,0,137000,80000,57000,57000
062677,儒鴻統一01購01  ,0,0,0,0,0,0,0,0,0,57000,0,0,0,57000,0,57000,57000
063387,台積電兆豐9B購03,0,0,0,0,0,0,0,0,0,57000,0,0,0,94000,37000,57000,57000
063183,國巨凱基9B購12  ,0,0,0,0,0,0,0,0,0,57000,0,0,0,57000,0,57000,57000
06867P,訊芯元大98售08  ,0,0,0,0,0,0,0,0,0,56000,0,0,0,56000,0,56000,56000
08189P,超眾群益9B售04  ,0,0,0,0,0,0,0,0,0,56000,0,0,0,56000,0,56000,56000
00753L,中信中國50正2   ,225000,650000,-425000,0,0,0,0,0,0,481000,0,0,0,928000,447000,481000,56000
056816,華通永豐98購02  ,0,0,0,0,0,0,0,0,0,56000,0,0,0,68000,12000,56000,56000
061474,瑞昱元大9A購04  ,0,0,0,0,0,0,0,0,0,56000,0,0,0,135000,79000,56000,56000
060202,康友元富9A購01  ,0,0,0,0,0,0,0,0,0,56000,0,0,0,220000,164000,56000,56000
058080,台積電群益98購06,0,0,0,0,0,0,0,0,0,56000,0,0,0,68000,12000,56000,56000
059009,世紀鋼元大99購04,0,0,0,0,0,0,0,0,0,56000,0,0,0,171000,115000,56000,56000
063077,巨大永豐9B購03  ,0,0,0,0,0,0,0,0,0,56000,0,0,0,79000,23000,56000,56000
062307,華通凱基9C購01  ,0,0,0,0,0,0,0,0,0,56000,0,0,0,91000,35000,56000,56000
08372P,大立光凱基01售04,0,0,0,0,0,0,0,0,0,55000,0,0,0,138000,83000,55000,55000
08134P,臺股指元大9B售40,0,0,0,0,0,0,0,0,0,55000,0,0,0,188000,133000,55000,55000
056346,聯茂凱基99購02  ,0,0,0,0,0,0,0,0,0,55000,0,0,0,55000,0,55000,55000
061076,台達電兆豐9A購01,0,0,0,0,0,0,0,0,0,55000,0,0,0,55000,0,55000,55000
03603P,群創凱基98售04  ,0,0,0,0,0,0,0,0,0,55000,0,0,0,55000,0,55000,55000
03669C,滬深2X元富09牛01,0,0,0,0,0,0,0,0,0,55000,0,0,0,55000,0,55000,55000
061808,聯發科統一01購02,0,0,0,0,0,0,0,0,0,55000,0,0,0,75000,20000,55000,55000
061782,智邦群益9B購01  ,0,0,0,0,0,0,0,0,0,55000,0,0,0,55000,0,55000,55000
062045,崇越凱基9B購01  ,0,0,0,0,0,0,0,0,0,55000,0,0,0,55000,0,55000,55000
060150,華通富邦9B購01  ,0,0,0,0,0,0,0,0,0,55000,0,0,0,55000,0,55000,55000
058272,超眾永豐9A購01  ,0,0,0,0,0,0,0,0,0,55000,0,0,0,55000,0,55000,55000
061453,台達電凱基9B購01,0,0,0,0,0,0,0,0,0,55000,0,0,0,60000,5000,55000,55000
061610,力成統一9C購01  ,0,0,0,0,0,0,0,0,0,55000,0,0,0,100000,45000,55000,55000
062891,台汽電群益9B購01,0,0,0,0,0,0,0,0,0,55000,0,0,0,100000,45000,55000,55000
063224,泰鼎群益9B購02  ,0,0,0,0,0,0,0,0,0,55000,0,0,0,82000,27000,55000,55000
064126,聯發科元大9C購05,0,0,0,0,0,0,0,0,0,55000,0,0,0,55000,0,55000,55000
063610,儒鴻群益9B購02  ,0,0,0,0,0,0,0,0,0,55000,0,0,0,153000,98000,55000,55000
064344,緯創元大9C購01  ,0,0,0,0,0,0,0,0,0,55000,0,0,0,585000,530000,55000,55000
064272,鴻海元大9C購09  ,0,0,0,0,0,0,0,0,0,55000,0,0,0,55000,0,55000,55000
06935P,神達元大98售02  ,0,0,0,0,0,0,0,0,0,54000,0,0,0,66000,12000,54000,54000
08379P,台積電國泰02售02,0,0,0,0,0,0,0,0,0,54000,0,0,0,786000,732000,54000,54000
057675,同欣電元大98購02,0,0,0,0,0,0,0,0,0,54000,0,0,0,217000,163000,54000,54000
057626,技嘉富邦9A購01  ,0,0,0,0,0,0,0,0,0,54000,0,0,0,183000,129000,54000,54000
061349,嘉澤元大9A購02  ,0,0,0,0,0,0,0,0,0,54000,0,0,0,185000,131000,54000,54000
060505,友達元大9C購05  ,0,0,0,0,0,0,0,0,0,54000,0,0,0,65000,11000,54000,54000
059678,鴻海國泰9A購03  ,0,0,0,0,0,0,0,0,0,54000,0,0,0,56000,2000,54000,54000
064384,聯電富邦01購01  ,0,0,0,0,0,0,0,0,0,54000,0,0,0,54000,0,54000,54000
063707,儒鴻凱基9C購01  ,0,0,0,0,0,0,0,0,0,54000,0,0,0,87000,33000,54000,54000
063355,超眾元富9B購01  ,0,0,0,0,0,0,0,0,0,54000,0,0,0,100000,46000,54000,54000
063326,正隆國票9B購01  ,0,0,0,0,0,0,0,0,0,54000,0,0,0,54000,0,54000,54000
062206,緯創國票9B購01  ,0,0,0,0,0,0,0,0,0,54000,0,0,0,99000,45000,54000,54000
062770,臺股指凱基9B購14,0,0,0,0,0,0,0,0,0,54000,0,0,0,182000,128000,54000,54000
062774,儒鴻元大9C購01  ,0,0,0,0,0,0,0,0,0,54000,0,0,0,134000,80000,54000,54000
3033,威健            ,77000,24000,53000,0,0,0,0,0,0,0,0,0,0,0,0,0,53000
9935,慶豐富          ,166000,113000,53000,0,0,0,0,0,0,0,0,0,0,0,0,0,53000
049700,瀚宇博元大97購01,0,0,0,0,0,0,0,0,0,53000,0,0,0,113000,60000,53000,53000
058649,健策永豐99購01  ,0,0,0,0,0,0,0,0,0,53000,0,0,0,60000,7000,53000,53000
056744,麗豐凱基9A購01  ,0,0,0,0,0,0,0,0,0,53000,0,0,0,75000,22000,53000,53000
060381,元黃金凱基9A購01,0,0,0,0,0,0,0,0,0,53000,0,0,0,113000,60000,53000,53000
058175,旺宏凱基99購03  ,0,0,0,0,0,0,0,0,0,53000,0,0,0,53000,0,53000,53000
062185,禾伸堂元大9B購01,0,0,0,0,0,0,0,0,0,53000,0,0,0,64000,11000,53000,53000
063314,美律群益9B購01  ,0,0,0,0,0,0,0,0,0,53000,0,0,0,53000,0,53000,53000
062935,華通凱基9C購02  ,0,0,0,0,0,0,0,0,0,53000,0,0,0,122000,69000,53000,53000
062922,南六元大9B購03  ,0,0,0,0,0,0,0,0,0,53000,0,0,0,125000,72000,53000,53000
063120,台光電元大9C購01,0,0,0,0,0,0,0,0,0,53000,0,0,0,137000,84000,53000,53000
063180,台塑凱基9B購01  ,0,0,0,0,0,0,0,0,0,53000,0,0,0,53000,0,53000,53000
063637,聯發科元大9C購02,0,0,0,0,0,0,0,0,0,53000,0,0,0,55000,2000,53000,53000
064170,儒鴻元富9C購01  ,0,0,0,0,0,0,0,0,0,53000,0,0,0,154000,101000,53000,53000
064870,中租永豐9C購01  ,0,0,0,0,0,0,0,0,0,52000,0,0,0,86000,34000,52000,52000
07672P,南電元大9A售05  ,0,0,0,0,0,0,0,0,0,52000,0,0,0,88000,36000,52000,52000
07675P,全新永豐9A售02  ,0,0,0,0,0,0,0,0,0,52000,0,0,0,52000,0,52000,52000
058688,矽創凱基9A購01  ,0,0,0,0,0,0,0,0,0,52000,0,0,0,112000,60000,52000,52000
059047,元油2X凱基9A購10,0,0,0,0,0,0,0,0,0,52000,0,0,0,70000,18000,52000,52000
061651,世紀鋼元大9C購02,0,0,0,0,0,0,0,0,0,52000,0,0,0,54000,2000,52000,52000
060383,葡萄王凱基9A購01,0,0,0,0,0,0,0,0,0,52000,0,0,0,60000,8000,52000,52000
060241,國泰金元大9A購01,0,0,0,0,0,0,0,0,0,52000,0,0,0,53000,1000,52000,52000
060258,T50反1凱基9A購06,0,0,0,0,0,0,0,0,0,52000,0,0,0,52000,0,52000,52000
060432,達方永豐9A購01  ,0,0,0,0,0,0,0,0,0,52000,0,0,0,210000,158000,52000,52000
058373,晶技凱基99購02  ,0,0,0,0,0,0,0,0,0,52000,0,0,0,54000,2000,52000,52000
064246,南六統一9C購02  ,0,0,0,0,0,0,0,0,0,52000,0,0,0,60000,8000,52000,52000
063066,同欣電麥證9B購01,0,0,0,54000,2000,52000,0,0,0,52000,0,0,0,54000,2000,52000,52000
063319,神達群益9B購01  ,0,0,0,0,0,0,0,0,0,52000,0,0,0,218000,166000,52000,52000
063215,台表科國票9C購02,0,0,0,0,0,0,0,0,0,52000,0,0,0,52000,0,52000,52000
062264,南六元大9B購02  ,0,0,0,0,0,0,0,0,0,52000,0,0,0,101000,49000,52000,52000
062718,技嘉凱基9B購01  ,0,0,0,0,0,0,0,0,0,52000,0,0,0,125000,73000,52000,52000
064924,健策統一9C購05  ,0,0,0,0,0,0,0,0,0,51000,0,0,0,187000,136000,51000,51000
08201P,祥碩元大9B售09  ,0,0,0,0,0,0,0,0,0,51000,0,0,0,189000,138000,51000,51000
08404P,技嘉元大9C售02  ,0,0,0,0,0,0,0,0,0,51000,0,0,0,51000,0,51000,51000
08418P,大立光元大01售04,0,0,0,0,0,0,0,0,0,51000,0,0,0,98000,47000,51000,51000
057555,玉晶光凱基9A購02,0,0,0,0,0,0,0,0,0,51000,0,0,0,120000,69000,51000,51000
055093,京鼎群益98購01  ,0,0,0,0,0,0,0,0,0,51000,0,0,0,199000,148000,51000,51000
055525,國巨群益98購05  ,0,0,0,0,0,0,0,0,0,51000,0,0,0,54000,3000,51000,51000
058325,昇陽半永豐99購01,0,0,0,0,0,0,0,0,0,51000,0,0,0,101000,50000,51000,51000
060851,國巨國泰9C購01  ,0,0,0,0,0,0,0,0,0,51000,0,0,0,396000,345000,51000,51000
063154,南六元富9B購02  ,0,0,0,0,0,0,0,0,0,51000,0,0,0,144000,93000,51000,51000
063020,奇力新元大9B購04,0,0,0,0,0,0,0,0,0,51000,0,0,0,52000,1000,51000,51000
063030,華通凱基9B購03  ,0,0,0,0,0,0,0,0,0,51000,0,0,0,142000,91000,51000,51000
08339P,上銀統一9C售04  ,0,0,0,0,0,0,0,0,0,50000,0,0,0,50000,0,50000,50000
06950P,鴻海統一9B售02  ,0,0,0,0,0,0,0,0,0,50000,0,0,0,50000,0,50000,50000
06844P,智邦元大98售13  ,0,0,0,0,0,0,0,0,0,50000,0,0,0,55000,5000,50000,50000
06718P,聯詠元大98售01  ,0,0,0,0,0,0,0,0,0,50000,0,0,0,50000,0,50000,50000
06731P,聯茂元大98售05  ,0,0,0,0,0,0,0,0,0,50000,0,0,0,50000,0,50000,50000
06553P,訊芯元大98售05  ,0,0,0,0,0,0,0,0,0,50000,0,0,0,50000,0,50000,50000
08099P,聯發科中信9B售04,0,0,0,0,0,0,0,0,0,50000,0,0,0,50000,0,50000,50000
07859P,台灣50麥證9A售04,0,0,0,50000,0,50000,0,0,0,50000,0,0,0,50000,0,50000,50000
055532,中工群益98購01  ,0,0,0,0,0,0,0,0,0,50000,0,0,0,50000,0,50000,50000
055470,南亞科凱基97購01,0,0,0,0,0,0,0,0,0,50000,0,0,0,50000,0,50000,50000
055343,國巨凱基97購03  ,0,0,0,0,0,0,0,0,0,50000,0,0,0,50000,0,50000,50000
055373,聯詠元大97購03  ,0,0,0,0,0,0,0,0,0,50000,0,0,0,100000,50000,50000,50000
052118,鴻海國票96購04  ,0,0,0,0,0,0,0,0,0,50000,0,0,0,50000,0,50000,50000
051277,聯發科中信9A購01,0,0,0,0,0,0,0,0,0,50000,0,0,0,50000,0,50000,50000
047418,智邦富邦97購01  ,0,0,0,0,0,0,0,0,0,50000,0,0,0,50000,0,50000,50000
057692,臺股指凱基98購10,0,0,0,0,0,0,0,0,0,50000,0,0,0,50000,0,50000,50000
057758,鴻海凱基99購03  ,0,0,0,0,0,0,0,0,0,50000,0,0,0,50000,0,50000,50000
056558,台達電群益98購01,0,0,0,0,0,0,0,0,0,50000,0,0,0,50000,0,50000,50000
053661,嘉澤凱基97購01  ,0,0,0,0,0,0,0,0,0,50000,0,0,0,50000,0,50000,50000
054177,牧德台新97購01  ,0,0,0,0,0,0,0,0,0,50000,0,0,0,50000,0,50000,50000
054935,華通元大98購03  ,0,0,0,0,0,0,0,0,0,50000,0,0,0,73000,23000,50000,50000
054848,群創兆豐98購01  ,0,0,0,0,0,0,0,0,0,50000,0,0,0,50000,0,50000,50000
054967,神達元大97購01  ,0,0,0,0,0,0,0,0,0,50000,0,0,0,50000,0,50000,50000
055606,矽創元大97購01  ,0,0,0,0,0,0,0,0,0,50000,0,0,0,50000,0,50000,50000
055876,美食元富9A購01  ,0,0,0,0,0,0,0,0,0,50000,0,0,0,135000,85000,50000,50000
057368,微星元大98購02  ,0,0,0,0,0,0,0,0,0,50000,0,0,0,50000,0,50000,50000
057133,京鼎凱基98購02  ,0,0,0,0,0,0,0,0,0,50000,0,0,0,50000,0,50000,50000
059909,鴻海元大99購36  ,0,0,0,0,0,0,0,0,0,50000,0,0,0,50000,0,50000,50000
061070,超眾凱基9C購01  ,0,0,0,0,0,0,0,0,0,50000,0,0,0,50000,0,50000,50000
057809,英業達元大98購01,0,0,0,0,0,0,0,0,0,50000,0,0,0,52000,2000,50000,50000
056792,訊芯群益98購01  ,0,0,0,0,0,0,0,0,0,50000,0,0,0,50000,0,50000,50000
055955,微星元大97購01  ,0,0,0,0,0,0,0,0,0,50000,0,0,0,50000,0,50000,50000
056900,可成元大98購02  ,0,0,0,0,0,0,0,0,0,50000,0,0,0,96000,46000,50000,50000
056045,勤誠凱基97購01  ,0,0,0,0,0,0,0,0,0,50000,0,0,0,50000,0,50000,50000
056263,友訊統一99購01  ,0,0,0,0,0,0,0,0,0,50000,0,0,0,50000,0,50000,50000
056926,日月光兆豐98購01,0,0,0,0,0,0,0,0,0,50000,0,0,0,50000,0,50000,50000
057169,微星元大98購01  ,0,0,0,0,0,0,0,0,0,50000,0,0,0,55000,5000,50000,50000
057219,群創群益98購10  ,0,0,0,0,0,0,0,0,0,50000,0,0,0,90000,40000,50000,50000
060817,華邦電台新9A購01,0,0,0,0,0,0,0,0,0,50000,0,0,0,50000,0,50000,50000
060799,茂林永豐9A購01  ,0,0,0,0,0,0,0,0,0,50000,0,0,0,50000,0,50000,50000
058398,中環元大99購02  ,0,0,0,0,0,0,0,0,0,50000,0,0,0,100000,50000,50000,50000
058215,貿聯群益99購02  ,0,0,0,0,0,0,0,0,0,50000,0,0,0,50000,0,50000,50000
060111,臻鼎元大99購04  ,0,0,0,0,0,0,0,0,0,50000,0,0,0,50000,0,50000,50000
061563,群創國票9B購02  ,0,0,0,0,0,0,0,0,0,50000,0,0,0,50000,0,50000,50000
058964,群創兆豐99購01  ,0,0,0,0,0,0,0,0,0,50000,0,0,0,50000,0,50000,50000
060626,貿聯元大9A購04  ,0,0,0,0,0,0,0,0,0,50000,0,0,0,50000,0,50000,50000
060539,道瓊反凱基9A購01,0,0,0,0,0,0,0,0,0,50000,0,0,0,50000,0,50000,50000
060666,聯茂凱基9A購02  ,0,0,0,0,0,0,0,0,0,50000,0,0,0,50000,0,50000,50000
059832,超眾康和99購01  ,0,0,0,0,0,0,0,0,0,50000,0,0,0,73000,23000,50000,50000
060384,葡萄王凱基9B購01,0,0,0,0,0,0,0,0,0,50000,0,0,0,50000,0,50000,50000
060388,世紀鋼凱基9B購01,0,0,0,0,0,0,0,0,0,50000,0,0,0,50000,0,50000,50000
061640,智原元大9A購01  ,0,0,0,0,0,0,0,0,0,50000,0,0,0,70000,20000,50000,50000
061713,華邦電凱基9A購01,0,0,0,0,0,0,0,0,0,50000,0,0,0,50000,0,50000,50000
059070,道瓊指元大99購02,0,0,0,0,0,0,0,0,0,50000,0,0,0,50000,0,50000,50000
062951,鴻海永豐9B購02  ,0,0,0,0,0,0,0,0,0,50000,0,0,0,50000,0,50000,50000
062868,葡萄王中信9B購01,0,0,0,0,0,0,0,0,0,50000,0,0,0,98000,48000,50000,50000
063415,台積電凱基03購01,0,0,0,0,0,0,0,0,0,50000,0,0,0,50000,0,50000,50000
063460,智邦元大9B購08  ,0,0,0,0,0,0,0,0,0,50000,0,0,0,50000,0,50000,50000
062777,鴻海元大9C購03  ,0,0,0,0,0,0,0,0,0,50000,0,0,0,50000,0,50000,50000
062523,世紀鋼元大9C購03,0,0,0,0,0,0,0,0,0,50000,0,0,0,125000,75000,50000,50000
062659,台灣50群益9B購10,0,0,0,0,0,0,0,0,0,50000,0,0,0,50000,0,50000,50000
062239,台汽電凱基9B購01,0,0,0,0,0,0,0,0,0,50000,0,0,0,50000,0,50000,50000
064413,世紀鋼凱基02購01,0,0,0,0,0,0,0,0,0,50000,0,0,0,60000,10000,50000,50000
064132,神達元大9C購02  ,0,0,0,0,0,0,0,0,0,50000,0,0,0,50000,0,50000,50000
064018,儒鴻元大9C購02  ,0,0,0,0,0,0,0,0,0,50000,0,0,0,93000,43000,50000,50000
064019,上銀元大9C購05  ,0,0,0,0,0,0,0,0,0,50000,0,0,0,50000,0,50000,50000
063909,旺宏凱基02購01  ,0,0,0,0,0,0,0,0,0,50000,0,0,0,50000,0,50000,50000
063562,國巨元大9C購06  ,0,0,0,0,0,0,0,0,0,50000,0,0,0,51000,1000,50000,50000
063803,世紀鋼凱基01購01,0,0,0,0,0,0,0,0,0,50000,0,0,0,60000,10000,50000,50000
07076P,鴻海凱基9A售08  ,0,0,0,0,0,0,0,0,0,49000,0,0,0,64000,15000,49000,49000
06567P,鴻海永豐98售02  ,0,0,0,0,0,0,0,0,0,49000,0,0,0,49000,0,49000,49000
06980P,緯穎永豐99售02  ,0,0,0,0,0,0,0,0,0,49000,0,0,0,49000,0,49000,49000
065103,南六元大9C購06  ,0,0,0,0,0,0,0,0,0,49000,0,0,0,76000,27000,49000,49000
08205P,智邦凱基9B售03  ,0,0,0,0,0,0,0,0,0,49000,0,0,0,52000,3000,49000,49000
6155,鈞寶            ,81000,32000,49000,0,0,0,0,0,0,0,0,0,0,0,0,0,49000
056429,華通凱基98購02  ,0,0,0,0,0,0,0,0,0,49000,0,0,0,284000,235000,49000,49000
053257,華通富邦97購01  ,0,0,0,0,0,0,0,0,0,49000,0,0,0,49000,0,49000,49000
058023,南電凱基98購02  ,0,0,0,0,0,0,0,0,0,49000,0,0,0,120000,71000,49000,49000
061690,旺宏群益9A購05  ,0,0,0,0,0,0,0,0,0,49000,0,0,0,49000,0,49000,49000
059646,聯茂凱基99購06  ,0,0,0,0,0,0,0,0,0,49000,0,0,0,102000,53000,49000,49000
057981,臻鼎永豐98購01  ,0,0,0,0,0,0,0,0,0,49000,0,0,0,113000,64000,49000,49000
061568,國巨元大9A購25  ,0,0,0,0,0,0,0,0,0,49000,0,0,0,51000,2000,49000,49000
063851,健策元大01購01  ,0,0,0,0,0,0,0,0,0,49000,0,0,0,176000,127000,49000,49000
063571,TPK元大9B購03   ,0,0,0,0,0,0,0,0,0,49000,0,0,0,59000,10000,49000,49000
063917,南六凱基02購01  ,0,0,0,0,0,0,0,0,0,49000,0,0,0,56000,7000,49000,49000
063492,台積電富邦02購02,0,0,0,0,0,0,0,0,0,49000,0,0,0,52000,3000,49000,49000
08264P,南電元大9C售02  ,0,0,0,0,0,0,0,0,0,48000,0,0,0,60000,12000,48000,48000
1582,信錦            ,118000,57000,61000,0,0,0,1000,0,1000,-14000,0,0,0,0,14000,-14000,48000
064903,新唐群益9C購01  ,0,0,0,0,0,0,0,0,0,48000,0,0,0,48000,0,48000,48000
06893P,致新元富98售02  ,0,0,0,0,0,0,0,0,0,48000,0,0,0,198000,150000,48000,48000
06902P,聯電凱基98售02  ,0,0,0,0,0,0,0,0,0,48000,0,0,0,233000,185000,48000,48000
06582P,可成凱基98售06  ,0,0,0,0,0,0,0,0,0,48000,0,0,0,48000,0,48000,48000
06538P,國巨凱基98售11  ,0,0,0,0,0,0,0,0,0,48000,0,0,0,186000,138000,48000,48000
07506P,中租元大9A售01  ,0,0,0,0,0,0,0,0,0,48000,0,0,0,48000,0,48000,48000
08150P,立積國票9C售01  ,0,0,0,0,0,0,0,0,0,48000,0,0,0,48000,0,48000,48000
08009P,華擎統一9B售02  ,0,0,0,0,0,0,0,0,0,48000,0,0,0,48000,0,48000,48000
047564,滬深2X國票99購01,0,0,0,0,0,0,0,0,0,48000,0,0,0,353000,305000,48000,48000
057735,台灣50富邦9C購02,0,0,0,0,0,0,0,0,0,48000,0,0,0,48000,0,48000,48000
057804,為升元大98購01  ,0,0,0,0,0,0,0,0,0,48000,0,0,0,185000,137000,48000,48000
058702,國巨元大99購16  ,0,0,0,0,0,0,0,0,0,48000,0,0,0,79000,31000,48000,48000
057403,亞光群益98購04  ,0,0,0,0,0,0,0,0,0,48000,0,0,0,48000,0,48000,48000
058546,玉晶光富邦9B購01,0,0,0,0,0,0,0,0,0,48000,0,0,0,146000,98000,48000,48000
057944,新日興國票99購02,0,0,0,0,0,0,0,0,0,48000,0,0,0,58000,10000,48000,48000
061762,台塑元大9B購01  ,0,0,0,0,0,0,0,0,0,48000,0,0,0,53000,5000,48000,48000
061763,聯電元大9C購02  ,0,0,0,0,0,0,0,0,0,48000,0,0,0,120000,72000,48000,48000
062995,聚陽國票9C購01  ,0,0,0,0,0,0,0,0,0,48000,0,0,0,58000,10000,48000,48000
062757,華通凱基9B購02  ,0,0,0,0,0,0,0,0,0,48000,0,0,0,100000,52000,48000,48000
063813,瑞昱群益9C購02  ,0,0,0,0,0,0,0,0,0,48000,0,0,0,128000,80000,48000,48000
064348,TPK元大9C購03   ,0,0,0,0,0,0,0,0,0,48000,0,0,0,51000,3000,48000,48000
064467,南亞科元富9C購02,0,0,0,0,0,0,0,0,0,48000,0,0,0,50000,2000,48000,48000
064311,新光金群益01購02,0,0,0,0,0,0,0,0,0,48000,0,0,0,48000,0,48000,48000
07894P,燿華元大9B售01  ,0,0,0,0,0,0,0,0,0,47000,0,0,0,151000,104000,47000,47000
6715,嘉基            ,184000,138000,46000,0,0,0,1000,0,1000,0,0,0,0,0,0,0,47000
3583,辛耘            ,81000,34000,47000,0,0,0,0,0,0,0,0,0,0,0,0,0,47000
2838,聯邦銀          ,118000,71000,47000,0,0,0,0,0,0,0,0,0,0,0,0,0,47000
059856,昇陽半永豐99購03,0,0,0,0,0,0,0,0,0,47000,0,0,0,48000,1000,47000,47000
056688,聯詠統一98購01  ,0,0,0,0,0,0,0,0,0,47000,0,0,0,50000,3000,47000,47000
056921,京元電兆豐98購01,0,0,0,0,0,0,0,0,0,47000,0,0,0,50000,3000,47000,47000
056534,京元電凱基98購01,0,0,0,0,0,0,0,0,0,47000,0,0,0,99000,52000,47000,47000
03682C,臺股指凱基9C牛07,0,0,0,0,0,0,0,0,0,47000,0,0,0,178000,131000,47000,47000
052775,滬深2X國票99購02,0,0,0,0,0,0,0,0,0,47000,0,0,0,165000,118000,47000,47000
059766,同欣電永豐99購03,0,0,0,0,0,0,0,0,0,47000,0,0,0,82000,35000,47000,47000
059261,華邦電中信01購01,0,0,0,0,0,0,0,0,0,47000,0,0,0,89000,42000,47000,47000
059281,創意永豐99購02  ,0,0,0,0,0,0,0,0,0,47000,0,0,0,56000,9000,47000,47000
058371,智原凱基9A購01  ,0,0,0,0,0,0,0,0,0,47000,0,0,0,47000,0,47000,47000
064327,金寶元大01購01  ,0,0,0,0,0,0,0,0,0,47000,0,0,0,117000,70000,47000,47000
063641,泰鼎元大9B購04  ,0,0,0,0,0,0,0,0,0,47000,0,0,0,359000,312000,47000,47000
063899,同欣電群益9C購01,0,0,0,0,0,0,0,0,0,47000,0,0,0,97000,50000,47000,47000
064027,義隆元大9C購01  ,0,0,0,0,0,0,0,0,0,47000,0,0,0,160000,113000,47000,47000
062380,巨大元大9B購01  ,0,0,0,0,0,0,0,0,0,47000,0,0,0,47000,0,47000,47000
6541,泰福-KY         ,67000,21000,46000,0,0,0,0,0,0,0,0,0,0,0,0,0,46000
08288P,鴻海統一9C售17  ,0,0,0,0,0,0,0,0,0,46000,0,0,0,46000,0,46000,46000
07011P,宏達電凱基99售02,0,0,0,0,0,0,0,0,0,46000,0,0,0,66000,20000,46000,46000
054585,禾伸堂國泰99購01,0,0,0,0,0,0,0,0,0,46000,0,0,0,46000,0,46000,46000
060754,華通元大9A購04  ,0,0,0,0,0,0,0,0,0,46000,0,0,0,82000,36000,46000,46000
061081,宏碁兆豐9A購01  ,0,0,0,0,0,0,0,0,0,46000,0,0,0,271000,225000,46000,46000
058580,華新科群益99購02,0,0,0,0,0,0,0,0,0,46000,0,0,0,46000,0,46000,46000
058839,瑞儀中信99購02  ,0,0,0,0,0,0,0,0,0,46000,0,0,0,66000,20000,46000,46000
060235,瑞昱元大9A購01  ,0,0,0,0,0,0,0,0,0,46000,0,0,0,79000,33000,46000,46000
060671,亞德客元大9A購03,0,0,0,0,0,0,0,0,0,46000,0,0,0,143000,97000,46000,46000
061814,聯發科群益9B購04,0,0,0,0,0,0,0,0,0,46000,0,0,0,46000,0,46000,46000
061803,巨大永豐9B購01  ,0,0,0,0,0,0,0,0,0,46000,0,0,0,46000,0,46000,46000
062180,瑞昱元大9B購03  ,0,0,0,0,0,0,0,0,0,46000,0,0,0,127000,81000,46000,46000
062661,華通群益9B購05  ,0,0,0,0,0,0,0,0,0,46000,0,0,0,66000,20000,46000,46000
062506,巨大群益9C購01  ,0,0,0,0,0,0,0,0,0,46000,0,0,0,64000,18000,46000,46000
063011,台積電元大9C購01,0,0,0,0,0,0,0,0,0,46000,0,0,0,46000,0,46000,46000
063153,南六元富9B購01  ,0,0,0,0,0,0,0,0,0,46000,0,0,0,130000,84000,46000,46000
064024,漢唐元大9C購01  ,0,0,0,0,0,0,0,0,0,46000,0,0,0,100000,54000,46000,46000
063527,美食凱基01購01  ,0,0,0,0,0,0,0,0,0,46000,0,0,0,46000,0,46000,46000
06378P,國巨統一97售08  ,0,0,0,0,0,0,0,0,0,46000,0,0,0,46000,0,46000,46000
064338,美食元大9C購01  ,0,0,0,0,0,0,0,0,0,46000,0,0,0,52000,6000,46000,46000
064638,儒鴻凱基9C購03  ,0,0,0,0,0,0,0,0,0,46000,0,0,0,48000,2000,46000,46000
07885P,長榮航凱基9B售01,0,0,0,0,0,0,0,0,0,45000,0,0,0,70000,25000,45000,45000
07858P,旺宏永豐9A售03  ,0,0,0,0,0,0,0,0,0,45000,0,0,0,45000,0,45000,45000
07864P,可成元大9B售01  ,0,0,0,0,0,0,0,0,0,45000,0,0,0,51000,6000,45000,45000
07767P,華新科群益9A售07,0,0,0,0,0,0,0,0,0,45000,0,0,0,45000,0,45000,45000
07649P,金像電永豐9A售02,0,0,0,0,0,0,0,0,0,45000,0,0,0,50000,5000,45000,45000
07129P,華新科元大99售14,0,0,0,0,0,0,0,0,0,45000,0,0,0,165000,120000,45000,45000
08284P,鴻海凱基01售03  ,0,0,0,0,0,0,0,0,0,45000,0,0,0,45000,0,45000,45000
6196,帆宣            ,173000,126000,47000,0,0,0,0,0,0,-2000,0,0,0,5000,7000,-2000,45000
2546,根基            ,60000,15000,45000,0,0,0,0,0,0,0,0,0,0,0,0,0,45000
3607,谷崧            ,74000,29000,45000,0,0,0,0,0,0,0,0,0,0,0,0,0,45000
057532,智原元大98購03  ,0,0,0,0,0,0,0,0,0,45000,0,0,0,62000,17000,45000,45000
057023,美律凱基99購02  ,0,0,0,0,0,0,0,0,0,45000,0,0,0,60000,15000,45000,45000
055707,聯鈞永豐98購01  ,0,0,0,0,0,0,0,0,0,45000,0,0,0,45000,0,45000,45000
056076,超眾元大97購05  ,0,0,0,0,0,0,0,0,0,45000,0,0,0,45000,0,45000,45000
054971,帆宣元大97購02  ,0,0,0,0,0,0,0,0,0,45000,0,0,0,45000,0,45000,45000
03684C,臺股指元大06牛01,0,0,0,0,0,0,0,0,0,45000,0,0,0,45000,0,45000,45000
061976,國巨元大9B購01  ,0,0,0,0,0,0,0,0,0,45000,0,0,0,100000,55000,45000,45000
057852,國巨國票99購05  ,0,0,0,0,0,0,0,0,0,45000,0,0,0,151000,106000,45000,45000
058217,新唐群益99購01  ,0,0,0,0,0,0,0,0,0,45000,0,0,0,50000,5000,45000,45000
062758,國巨凱基9B購09  ,0,0,0,0,0,0,0,0,0,45000,0,0,0,47000,2000,45000,45000
3024,憶聲            ,327000,283000,44000,0,0,0,0,0,0,0,0,0,0,0,0,0,44000
9103,美德醫療-DR     ,133000,89000,44000,0,0,0,0,0,0,0,0,0,0,0,0,0,44000
08307P,台積電凱基9C售03,0,0,0,0,0,0,0,0,0,44000,0,0,0,45000,1000,44000,44000
08376P,南亞科元富9C售03,0,0,0,0,0,0,0,0,0,44000,0,0,0,140000,96000,44000,44000
07081P,南電群益9A售01  ,0,0,0,0,0,0,0,0,0,44000,0,0,0,59000,15000,44000,44000
07266P,大立光元大99售19,0,0,0,0,0,0,0,0,0,44000,0,0,0,44000,0,44000,44000
065108,建準國票01購01  ,0,0,0,0,0,0,0,0,0,44000,0,0,0,99000,55000,44000,44000
054316,矽創凱基97購01  ,0,0,0,0,0,0,0,0,0,44000,0,0,0,44000,0,44000,44000
053403,彩晶群益98購01  ,0,0,0,0,0,0,0,0,0,44000,0,0,0,162000,118000,44000,44000
056650,彩晶凱基9A購01  ,0,0,0,0,0,0,0,0,0,44000,0,0,0,250000,206000,44000,44000
057320,玉晶光凱基98購01,0,0,0,0,0,0,0,0,0,44000,0,0,0,244000,200000,44000,44000
058198,瑞昱亞東99購01  ,0,0,0,0,0,0,0,0,0,44000,0,0,0,46000,2000,44000,44000
060163,健策永豐9B購01  ,0,0,0,0,0,0,0,0,0,44000,0,0,0,44000,0,44000,44000
061376,瑞昱永豐9A購02  ,0,0,0,0,0,0,0,0,0,44000,0,0,0,94000,50000,44000,44000
062049,亞德客統一01購01,0,0,0,0,0,0,0,0,0,44000,0,0,0,78000,34000,44000,44000
062767,GIS凱基9B購02   ,0,0,0,0,0,0,0,0,0,44000,0,0,0,77000,33000,44000,44000
062192,南六元大9B購01  ,0,0,0,0,0,0,0,0,0,44000,0,0,0,93000,49000,44000,44000
063519,聚陽凱基9B購02  ,0,0,0,0,0,0,0,0,0,44000,0,0,0,44000,0,44000,44000
063446,台光電統一01購02,0,0,0,0,0,0,0,0,0,44000,0,0,0,299000,255000,44000,44000
063428,矽創凱基9B購02  ,0,0,0,0,0,0,0,0,0,44000,0,0,0,44000,0,44000,44000
063289,台表科元大9B購07,0,0,0,0,0,0,0,0,0,44000,0,0,0,185000,141000,44000,44000
064287,日月光元大9C購01,0,0,0,0,0,0,0,0,0,44000,0,0,0,69000,25000,44000,44000
064047,義隆統一02購01  ,0,0,0,0,0,0,0,0,0,44000,0,0,0,44000,0,44000,44000
06801P,技嘉群益99售02  ,0,0,0,0,0,0,0,0,0,43000,0,0,0,57000,14000,43000,43000
4190,佐登-KY         ,74000,31000,43000,0,0,0,0,0,0,0,0,0,0,1000,1000,0,43000
057373,大立光元大98購17,0,0,0,0,0,0,0,0,0,43000,0,0,0,68000,25000,43000,43000
054739,義隆凱基98購02  ,0,0,0,0,0,0,0,0,0,43000,0,0,0,53000,10000,43000,43000
059181,世紀鋼元富9C購01,0,0,0,0,0,0,0,0,0,43000,0,0,0,75000,32000,43000,43000
060333,金寶康和9A購01  ,0,0,0,0,0,0,0,0,0,43000,0,0,0,58000,15000,43000,43000
061358,世紀鋼元大9A購04,0,0,0,0,0,0,0,0,0,43000,0,0,0,99000,56000,43000,43000
058584,百和群益9A購01  ,0,0,0,0,0,0,0,0,0,43000,0,0,0,57000,14000,43000,43000
063462,金像電元大9C購01,0,0,0,0,0,0,0,0,0,43000,0,0,0,43000,0,43000,43000
063487,國巨國泰01購02  ,0,0,0,0,0,0,0,0,0,43000,0,0,0,86000,43000,43000,43000
6197,佳必琪          ,60000,17000,43000,0,0,0,0,0,0,-1000,0,1000,-1000,0,0,0,42000
08260P,大立光元大9C售08,0,0,0,0,0,0,0,0,0,42000,0,0,0,78000,36000,42000,42000
06970P,旺宏元大99售08  ,0,0,0,0,0,0,0,0,0,42000,0,0,0,45000,3000,42000,42000
064931,南六統一9C購05  ,0,0,0,0,0,0,0,0,0,42000,0,0,0,53000,11000,42000,42000
07875P,祥碩群益9B售01  ,0,0,0,0,0,0,0,0,0,42000,0,0,0,140000,98000,42000,42000
08062P,華擎國票9B售03  ,0,0,0,0,0,0,0,0,0,42000,0,0,0,62000,20000,42000,42000
08053P,臺股指國票9B售18,0,0,0,0,0,0,0,0,0,42000,0,0,0,100000,58000,42000,42000
055058,大毅永豐97購01  ,0,0,0,0,0,0,0,0,0,42000,0,0,0,42000,0,42000,42000
061019,大毅國票9A購01  ,0,0,0,0,0,0,0,0,0,42000,0,0,0,45000,3000,42000,42000
057020,台積電凱基99購02,0,0,0,0,0,0,0,0,0,42000,0,0,0,42000,0,42000,42000
058507,美律元大9A購01  ,0,0,0,0,0,0,0,0,0,42000,0,0,0,42000,0,42000,42000
058514,潤泰全元大99購01,0,0,0,0,0,0,0,0,0,42000,0,0,0,45000,3000,42000,42000
058982,台積電凱基99購08,0,0,0,0,0,0,0,0,0,42000,0,0,0,43000,1000,42000,42000
058876,南電國票9A購02  ,0,0,0,0,0,0,0,0,0,42000,0,0,0,55000,13000,42000,42000
061642,創意元大9A購04  ,0,0,0,0,0,0,0,0,0,42000,0,0,0,90000,48000,42000,42000
063986,聯發科富邦02購01,0,0,0,0,0,0,0,0,0,42000,0,0,0,45000,3000,42000,42000
063821,南亞科麥證9C購01,0,0,0,42000,0,42000,0,0,0,42000,0,0,0,42000,0,42000,42000
063711,高鐵凱基9B購01  ,0,0,0,0,0,0,0,0,0,42000,0,0,0,78000,36000,42000,42000
06376P,上銀統一99售01  ,0,0,0,0,0,0,0,0,0,42000,0,0,0,43000,1000,42000,42000
064611,亞德客元大9C購02,0,0,0,0,0,0,0,0,0,42000,0,0,0,42000,0,42000,42000
2207,和泰車          ,351171,301000,50171,0,0,0,0,1000,-1000,-8000,4000,12000,-8000,0,0,0,41171
2305,全友            ,88000,47000,41000,0,0,0,0,0,0,0,0,0,0,0,0,0,41000
064848,金像電元富9C購02,0,0,0,0,0,0,0,0,0,41000,0,0,0,51000,10000,41000,41000
06846P,美律元大98售05  ,0,0,0,0,0,0,0,0,0,41000,0,0,0,109000,68000,41000,41000
056279,新日興富邦99購01,0,0,0,0,0,0,0,0,0,41000,0,0,0,42000,1000,41000,41000
055966,茂林元大99購01  ,0,0,0,0,0,0,0,0,0,41000,0,0,0,92000,51000,41000,41000
051431,群創元富99購02  ,0,0,0,0,0,0,0,0,0,41000,0,0,0,41000,0,41000,41000
053294,聯發科中信9C購01,0,0,0,0,0,0,0,0,0,41000,0,0,0,83000,42000,41000,41000
059116,晶豪科永豐99購01,0,0,0,0,0,0,0,0,0,41000,0,0,0,41000,0,41000,41000
059459,訊芯永豐99購04  ,0,0,0,0,0,0,0,0,0,41000,0,0,0,72000,31000,41000,41000
057883,中環群益98購01  ,0,0,0,0,0,0,0,0,0,41000,0,0,0,41000,0,41000,41000
060399,康友國票9A購02  ,0,0,0,0,0,0,0,0,0,41000,0,0,0,99000,58000,41000,41000
060865,創意永豐9A購01  ,0,0,0,0,0,0,0,0,0,41000,0,0,0,41000,0,41000,41000
061196,世芯永豐9A購06  ,0,0,0,0,0,0,0,0,0,41000,0,0,0,177000,136000,41000,41000
058622,國巨國票99購07  ,0,0,0,0,0,0,0,0,0,41000,0,0,0,46000,5000,41000,41000
059286,S&P正2元富01購03,0,0,0,0,0,0,0,0,0,41000,0,0,0,41000,0,41000,41000
063598,國巨凱基9B購14  ,0,0,0,0,0,0,0,0,0,41000,0,0,0,43000,2000,41000,41000
064086,旺宏凱基9C購01  ,0,0,0,0,0,0,0,0,0,41000,0,0,0,48000,7000,41000,41000
062168,大毅永豐9B購01  ,0,0,0,0,0,0,0,0,0,41000,0,0,0,41000,0,41000,41000
062732,南六凱基9B購03  ,0,0,0,0,0,0,0,0,0,41000,0,0,0,51000,10000,41000,41000
06890P,金融類元大98售02,0,0,0,0,0,0,0,0,0,40000,0,0,0,40000,0,40000,40000
06911P,鴻海元大99售09  ,0,0,0,0,0,0,0,0,0,40000,0,0,0,40000,0,40000,40000
07895P,美律元大9B售01  ,0,0,0,0,0,0,0,0,0,40000,0,0,0,140000,100000,40000,40000
07780P,美律凱基9A售02  ,0,0,0,0,0,0,0,0,0,40000,0,0,0,40000,0,40000,40000
1810,和成            ,50000,10000,40000,0,0,0,0,0,0,0,0,0,0,0,0,0,40000
08298P,大立光國票9C售01,0,0,0,0,0,0,0,0,0,40000,0,0,0,40000,0,40000,40000
055029,帆宣國泰99購01  ,0,0,0,0,0,0,0,0,0,40000,0,0,0,50000,10000,40000,40000
054312,TPK凱基98購01   ,0,0,0,0,0,0,0,0,0,40000,0,0,0,40000,0,40000,40000
054192,國巨中信98購01  ,0,0,0,0,0,0,0,0,0,40000,0,0,0,40000,0,40000,40000
057725,台達電國泰9A購01,0,0,0,0,0,0,0,0,0,40000,0,0,0,42000,2000,40000,40000
056637,台光電日盛9A購01,0,0,0,0,0,0,0,0,0,40000,0,0,0,40000,0,40000,40000
052863,友達凱基98購02  ,0,0,0,0,0,0,0,0,0,40000,0,0,0,190000,150000,40000,40000
052952,矽創國票97購02  ,0,0,0,0,0,0,0,0,0,40000,0,0,0,40000,0,40000,40000
056006,義隆亞東97購01  ,0,0,0,0,0,0,0,0,0,40000,0,0,0,40000,0,40000,40000
05606P,TPK國票97售02   ,0,0,0,0,0,0,0,0,0,40000,0,0,0,40000,0,40000,40000
056717,康友永豐98購01  ,0,0,0,0,0,0,0,0,0,40000,0,0,0,40000,0,40000,40000
059397,T50反1元富99購05,0,0,0,0,0,0,0,0,0,40000,0,0,0,40000,0,40000,40000
058581,大立光群益99購05,0,0,0,0,0,0,0,0,0,40000,0,0,0,66000,26000,40000,40000
058590,南電中信9A購02  ,0,0,0,0,0,0,0,0,0,40000,0,0,0,146000,106000,40000,40000
058529,S&P正2元富9B購01,0,0,0,0,0,0,0,0,0,40000,0,0,0,50000,10000,40000,40000
058969,亞德客永豐99購01,0,0,0,0,0,0,0,0,0,40000,0,0,0,40000,0,40000,40000
058997,鴻海元大99購21  ,0,0,0,0,0,0,0,0,0,40000,0,0,0,210000,170000,40000,40000
058196,台塑中信99購01  ,0,0,0,0,0,0,0,0,0,40000,0,0,0,40000,0,40000,40000
061555,聯電國票9B購01  ,0,0,0,0,0,0,0,0,0,40000,0,0,0,75000,35000,40000,40000
061223,T50反1中信01購01,0,0,0,0,0,0,0,0,0,40000,0,0,0,40000,0,40000,40000
061112,台表科元大9A購03,0,0,0,0,0,0,0,0,0,40000,0,0,0,50000,10000,40000,40000
061324,華新科凱基9C購01,0,0,0,0,0,0,0,0,0,40000,0,0,0,50000,10000,40000,40000
060604,宏達電凱基9B購01,0,0,0,0,0,0,0,0,0,40000,0,0,0,102000,62000,40000,40000
059530,華新科凱基9A購05,0,0,0,0,0,0,0,0,0,40000,0,0,0,50000,10000,40000,40000
059546,FBVIX群益99購03 ,0,0,0,0,0,0,0,0,0,40000,0,0,0,40000,0,40000,40000
06024P,台郡國票97售05  ,0,0,0,0,0,0,0,0,0,40000,0,0,0,60000,20000,40000,40000
059128,友達中信99購02  ,0,0,0,0,0,0,0,0,0,40000,0,0,0,70000,30000,40000,40000
062031,臻鼎群益9B購01  ,0,0,0,0,0,0,0,0,0,40000,0,0,0,120000,80000,40000,40000
063273,緯穎兆豐9C購01  ,0,0,0,0,0,0,0,0,0,40000,0,0,0,40000,0,40000,40000
063908,國巨凱基9C購06  ,0,0,0,0,0,0,0,0,0,40000,0,0,0,59000,19000,40000,40000
063557,聚陽元大9B購01  ,0,0,0,0,0,0,0,0,0,40000,0,0,0,55000,15000,40000,40000
063682,達新永豐9B購01  ,0,0,0,0,0,0,0,0,0,40000,0,0,0,166000,126000,40000,40000
063793,和大凱基9C購01  ,0,0,0,0,0,0,0,0,0,40000,0,0,0,40000,0,40000,40000
064534,京元電國票01購01,0,0,0,0,0,0,0,0,0,40000,0,0,0,40000,0,40000,40000
064749,巨大國票01購01  ,0,0,0,0,0,0,0,0,0,40000,0,0,0,48000,8000,40000,40000
064328,華通元大9C購04  ,0,0,0,0,0,0,0,0,0,40000,0,0,0,40000,0,40000,40000
08262P,茂林元大9C售01  ,0,0,0,0,0,0,0,0,0,39000,0,0,0,59000,20000,39000,39000
2038,海光            ,50000,11000,39000,0,0,0,0,0,0,0,0,0,0,0,0,0,39000
5203,訊連            ,105000,68000,37000,0,0,0,1000,0,1000,1000,0,0,0,1000,0,1000,39000
5285,界霖            ,72000,34000,38000,0,0,0,3000,0,3000,-2000,0,2000,-2000,0,0,0,39000
2547,日勝生          ,321000,282000,39000,0,0,0,0,0,0,0,0,0,0,0,0,0,39000
2495,普安            ,49000,29000,20000,0,0,0,19000,0,19000,0,0,0,0,0,0,0,39000
07920P,大立光中信01售01,0,0,0,0,0,0,0,0,0,39000,0,0,0,39000,0,39000,39000
07975P,國巨元大9B售15  ,0,0,0,0,0,0,0,0,0,39000,0,0,0,49000,10000,39000,39000
07977P,華新科群益01售01,0,0,0,0,0,0,0,0,0,39000,0,0,0,54000,15000,39000,39000
06834P,訊芯群益99售02  ,0,0,0,0,0,0,0,0,0,39000,0,0,0,50000,11000,39000,39000
05711P,茂林國票97售03  ,0,0,0,0,0,0,0,0,0,39000,0,0,0,39000,0,39000,39000
057317,技嘉凱基98購02  ,0,0,0,0,0,0,0,0,0,39000,0,0,0,49000,10000,39000,39000
055137,GIS富邦98購01   ,0,0,0,0,0,0,0,0,0,39000,0,0,0,39000,0,39000,39000
054377,臺股指中信99購09,0,0,0,0,0,0,0,0,0,39000,0,0,0,39000,0,39000,39000
054623,華新科第一97購01,0,0,0,0,0,0,0,0,0,39000,0,0,0,39000,0,39000,39000
061945,華通群益9B購04  ,0,0,0,0,0,0,0,0,0,39000,0,0,0,62000,23000,39000,39000
058100,聯茂國泰99購02  ,0,0,0,0,0,0,0,0,0,39000,0,0,0,39000,0,39000,39000
059626,台積電凱基01購01,0,0,0,0,0,0,0,0,0,39000,0,0,0,59000,20000,39000,39000
060560,欣興國泰9C購01  ,0,0,0,0,0,0,0,0,0,39000,0,0,0,39000,0,39000,39000
061506,瑞祺國票9A購02  ,0,0,0,0,0,0,0,0,0,39000,0,0,0,39000,0,39000,39000
061235,台積電元大9A購23,0,0,0,0,0,0,0,0,0,39000,0,0,0,39000,0,39000,39000
059262,致茂中信01購01  ,0,0,0,0,0,0,0,0,0,39000,0,0,0,91000,52000,39000,39000
064473,技嘉麥證9C購01  ,0,0,0,45000,6000,39000,0,0,0,39000,0,0,0,45000,6000,39000,39000
063700,台積電群益9B購09,0,0,0,0,0,0,0,0,0,39000,0,0,0,39000,0,39000,39000
063269,儒鴻兆豐9C購01  ,0,0,0,0,0,0,0,0,0,39000,0,0,0,39000,0,39000,39000
063225,茂林群益9B購04  ,0,0,0,0,0,0,0,0,0,39000,0,0,0,163000,124000,39000,39000
062903,燿華元大9B購04  ,0,0,0,0,0,0,0,0,0,39000,0,0,0,159000,120000,39000,39000
062218,燿華統一01購01  ,0,0,0,0,0,0,0,0,0,39000,0,0,0,388000,349000,39000,39000
062348,聯發科群益9B購06,0,0,0,0,0,0,0,0,0,39000,0,0,0,39000,0,39000,39000
06583P,可成凱基98售07  ,0,0,0,0,0,0,0,0,0,38000,0,0,0,41000,3000,38000,38000
06623P,立積元大98售04  ,0,0,0,0,0,0,0,0,0,38000,0,0,0,38000,0,38000,38000
06586P,鴻海元大9C售01  ,0,0,0,0,0,0,0,0,0,38000,0,0,0,38000,0,38000,38000
07844P,可成國票9A售01  ,0,0,0,0,0,0,0,0,0,38000,0,0,0,121000,83000,38000,38000
07276P,臺股指群益99售19,0,0,0,0,0,0,0,0,0,38000,0,0,0,40000,2000,38000,38000
07178P,臺股指凱基99售20,0,0,0,0,0,0,0,0,0,38000,0,0,0,38000,0,38000,38000
056519,創意國票99購01  ,0,0,0,0,0,0,0,0,0,38000,0,0,0,38000,0,38000,38000
052113,漢唐中信98購01  ,0,0,0,0,0,0,0,0,0,38000,0,0,0,144000,106000,38000,38000
057147,新日興國票99購01,0,0,0,0,0,0,0,0,0,38000,0,0,0,50000,12000,38000,38000
060133,牧德群益9B購01  ,0,0,0,0,0,0,0,0,0,38000,0,0,0,88000,50000,38000,38000
058498,世紀鋼群益99購01,0,0,0,0,0,0,0,0,0,38000,0,0,0,38000,0,38000,38000
061273,臺股指凱基9A購23,0,0,0,0,0,0,0,0,0,38000,0,0,0,41000,3000,38000,38000
06120P,大立光凱基98售05,0,0,0,0,0,0,0,0,0,38000,0,0,0,38000,0,38000,38000
061338,台積電元大9A購28,0,0,0,0,0,0,0,0,0,38000,0,0,0,38000,0,38000,38000
060849,力成國票9A購01  ,0,0,0,0,0,0,0,0,0,38000,0,0,0,38000,0,38000,38000
060962,義隆凱基9B購01  ,0,0,0,0,0,0,0,0,0,38000,0,0,0,89000,51000,38000,38000
059945,嘉澤永豐99購03  ,0,0,0,0,0,0,0,0,0,38000,0,0,0,50000,12000,38000,38000
057839,台積電富邦9A購02,0,0,0,0,0,0,0,0,0,38000,0,0,0,38000,0,38000,38000
059163,台積電凱基99購10,0,0,0,0,0,0,0,0,0,38000,0,0,0,42000,4000,38000,38000
062635,創意國票9B購01  ,0,0,0,0,0,0,0,0,0,38000,0,0,0,44000,6000,38000,38000
064342,晶技元大9C購01  ,0,0,0,0,0,0,0,0,0,38000,0,0,0,129000,91000,38000,38000
08106P,聯發科統一9B售09,0,0,0,0,0,0,0,0,0,37000,0,0,0,107000,70000,37000,37000
06678P,大立光統一99售01,0,0,0,0,0,0,0,0,0,37000,0,0,0,71000,34000,37000,37000
06509P,鴻海群益98售03  ,0,0,0,0,0,0,0,0,0,37000,0,0,0,37000,0,37000,37000
2705,六福            ,70000,33000,37000,0,0,0,0,0,0,0,0,0,0,0,0,0,37000
3015,全漢            ,59000,36000,23000,0,0,0,0,0,0,14000,14000,0,14000,0,0,0,37000
3669,圓展            ,460000,423000,37000,0,0,0,0,0,0,0,0,0,0,0,0,0,37000
4916,事欣科          ,41000,4000,37000,0,0,0,0,0,0,0,0,0,0,0,0,0,37000
060770,宏達電麥證9A購01,0,0,0,37000,0,37000,0,0,0,37000,0,0,0,37000,0,37000,37000
055196,致新元富97購01  ,0,0,0,0,0,0,0,0,0,37000,0,0,0,37000,0,37000,37000
00641R,富邦日本反1     ,0,0,0,0,0,0,0,0,0,37000,0,0,0,208000,171000,37000,37000
054710,東元元富97購01  ,0,0,0,0,0,0,0,0,0,37000,0,0,0,39000,2000,37000,37000
061669,崇越中信9A購01  ,0,0,0,0,0,0,0,0,0,37000,0,0,0,85000,48000,37000,37000
061714,華新科凱基9A購15,0,0,0,0,0,0,0,0,0,37000,0,0,0,37000,0,37000,37000
061114,南電元大9A購04  ,0,0,0,0,0,0,0,0,0,37000,0,0,0,44000,7000,37000,37000
064488,台達電元大9C購01,0,0,0,0,0,0,0,0,0,37000,0,0,0,114000,77000,37000,37000
06445P,大立光凱基98售09,0,0,0,0,0,0,0,0,0,37000,0,0,0,77000,40000,37000,37000
064417,創意中信9C購01  ,0,0,0,0,0,0,0,0,0,37000,0,0,0,85000,48000,37000,37000
063802,南茂凱基9C購01  ,0,0,0,0,0,0,0,0,0,37000,0,0,0,301000,264000,37000,37000
063836,台塑元大9C購01  ,0,0,0,0,0,0,0,0,0,37000,0,0,0,53000,16000,37000,37000
063614,美食群益9B購03  ,0,0,0,0,0,0,0,0,0,37000,0,0,0,87000,50000,37000,37000
063605,健策凱基9C購02  ,0,0,0,0,0,0,0,0,0,37000,0,0,0,111000,74000,37000,37000
063905,健策麥證02購01  ,0,0,0,59000,22000,37000,0,0,0,37000,0,0,0,59000,22000,37000,37000
063025,超眾元大9B購01  ,0,0,0,0,0,0,0,0,0,37000,0,0,0,68000,31000,37000,37000
063231,台泥元大9B購01  ,0,0,0,0,0,0,0,0,0,37000,0,0,0,78000,41000,37000,37000
2823,中壽            ,5520313,5487163,33150,0,0,0,0,0,0,3000,0,0,0,108000,105000,3000,36150
2608,嘉里大榮        ,102000,16000,86000,0,0,0,0,50000,-50000,0,0,0,0,0,0,0,36000
4919,新唐            ,178000,115000,63000,0,0,0,1000,0,1000,-28000,0,0,0,0,28000,-28000,36000
6443,元晶            ,124000,88000,36000,0,0,0,0,0,0,0,0,0,0,0,0,0,36000
1307,三芳            ,127000,85000,42000,0,0,0,0,0,0,-6000,0,6000,-6000,0,0,0,36000
08018P,牧德國票9B售04  ,0,0,0,0,0,0,0,0,0,36000,0,0,0,54000,18000,36000,36000
07145P,為升元大99售03  ,0,0,0,0,0,0,0,0,0,36000,0,0,0,36000,0,36000,36000
060789,禾伸堂富邦9B購02,0,0,0,0,0,0,0,0,0,36000,0,0,0,43000,7000,36000,36000
055692,緯穎凱基97購03  ,0,0,0,0,0,0,0,0,0,36000,0,0,0,65000,29000,36000,36000
061617,微星群益9A購02  ,0,0,0,0,0,0,0,0,0,36000,0,0,0,128000,92000,36000,36000
061356,南電元大9A購06  ,0,0,0,0,0,0,0,0,0,36000,0,0,0,105000,69000,36000,36000
059101,康控統一9A購01  ,0,0,0,0,0,0,0,0,0,36000,0,0,0,297000,261000,36000,36000
061962,台積電統一01購03,0,0,0,0,0,0,0,0,0,36000,0,0,0,37000,1000,36000,36000
061752,瑞昱台新9B購01  ,0,0,0,0,0,0,0,0,0,36000,0,0,0,115000,79000,36000,36000
060706,群創富邦9A購01  ,0,0,0,0,0,0,0,0,0,36000,0,0,0,46000,10000,36000,36000
063281,京元電元大9B購01,0,0,0,0,0,0,0,0,0,36000,0,0,0,165000,129000,36000,36000
063315,京元電群益9B購03,0,0,0,0,0,0,0,0,0,36000,0,0,0,118000,82000,36000,36000
063096,勤誠國票9B購02  ,0,0,0,0,0,0,0,0,0,36000,0,0,0,36000,0,36000,36000
063021,大立光元大9C購05,0,0,0,0,0,0,0,0,0,36000,0,0,0,90000,54000,36000,36000
062948,台積電富邦01購02,0,0,0,0,0,0,0,0,0,36000,0,0,0,41000,5000,36000,36000
062227,南六統一01購02  ,0,0,0,0,0,0,0,0,0,36000,0,0,0,48000,12000,36000,36000
064787,和潤群益9C購01  ,0,0,0,0,0,0,0,0,0,36000,0,0,0,72000,36000,36000,36000
07183P,臺股指凱基99售25,0,0,0,0,0,0,0,0,0,35000,0,0,0,110000,75000,35000,35000
07255P,國巨凱基99售15  ,0,0,0,0,0,0,0,0,0,35000,0,0,0,47000,12000,35000,35000
07531P,大立光國泰9B售03,0,0,0,0,0,0,0,0,0,35000,0,0,0,126000,91000,35000,35000
07546P,玉晶光凱基9A售09,0,0,0,0,0,0,0,0,0,35000,0,0,0,35000,0,35000,35000
08171P,嘉澤國票9C售01  ,0,0,0,0,0,0,0,0,0,35000,0,0,0,35000,0,35000,35000
07928P,國巨統一9B售09  ,0,0,0,0,0,0,0,0,0,35000,0,0,0,35000,0,35000,35000
07856P,力成凱基9A售02  ,0,0,0,0,0,0,0,0,0,35000,0,0,0,35000,0,35000,35000
065059,神隆群益9C購01  ,0,0,0,0,0,0,0,0,0,35000,0,0,0,135000,100000,35000,35000
064830,可成統一9C購04  ,0,0,0,0,0,0,0,0,0,35000,0,0,0,46000,11000,35000,35000
06653P,美食元大98售02  ,0,0,0,0,0,0,0,0,0,35000,0,0,0,78000,43000,35000,35000
06525P,上証2X國泰99售01,0,0,0,0,0,0,0,0,0,35000,0,0,0,35000,0,35000,35000
07062P,台積電元大99售15,0,0,0,0,0,0,0,0,0,35000,0,0,0,35000,0,35000,35000
07067P,旺宏台新99售02  ,0,0,0,0,0,0,0,0,0,35000,0,0,0,114000,79000,35000,35000
055611,燿華國票98購02  ,0,0,0,0,0,0,0,0,0,35000,0,0,0,40000,5000,35000,35000
055747,康舒元富97購01  ,0,0,0,0,0,0,0,0,0,35000,0,0,0,35000,0,35000,35000
055758,旺宏群益97購01  ,0,0,0,0,0,0,0,0,0,35000,0,0,0,35000,0,35000,35000
057249,華邦電統一9A購01,0,0,0,0,0,0,0,0,0,35000,0,0,0,100000,65000,35000,35000
056936,禾伸堂元富98購01,0,0,0,0,0,0,0,0,0,35000,0,0,0,60000,25000,35000,35000
056433,鴻海凱基98購09  ,0,0,0,0,0,0,0,0,0,35000,0,0,0,35000,0,35000,35000
058698,華通元大99購05  ,0,0,0,0,0,0,0,0,0,35000,0,0,0,45000,10000,35000,35000
060756,鴻海元大9A購16  ,0,0,0,0,0,0,0,0,0,35000,0,0,0,35000,0,35000,35000
057102,亞光中信9A購01  ,0,0,0,0,0,0,0,0,0,35000,0,0,0,87000,52000,35000,35000
054652,裕隆麥證97購01  ,0,0,0,35000,0,35000,0,0,0,35000,0,0,0,35000,0,35000,35000
054237,茂林群益97購01  ,0,0,0,0,0,0,0,0,0,35000,0,0,0,35000,0,35000,35000
054072,台積電富邦98購02,0,0,0,0,0,0,0,0,0,35000,0,0,0,35000,0,35000,35000
054035,聯詠麥證96購01  ,0,0,0,35000,0,35000,0,0,0,35000,0,0,0,35000,0,35000,35000
056662,臺股指元大9A購09,0,0,0,0,0,0,0,0,0,35000,0,0,0,35000,0,35000,35000
052906,緯創國票97購01  ,0,0,0,0,0,0,0,0,0,35000,0,0,0,35000,0,35000,35000
055401,亞光元富9A購01  ,0,0,0,0,0,0,0,0,0,35000,0,0,0,35000,0,35000,35000
055430,宏達電群益97購01,0,0,0,0,0,0,0,0,0,35000,0,0,0,35000,0,35000,35000
057924,健策凱基98購02  ,0,0,0,0,0,0,0,0,0,35000,0,0,0,65000,30000,35000,35000
059127,國巨中信99購04  ,0,0,0,0,0,0,0,0,0,35000,0,0,0,35000,0,35000,35000
059148,百和國票9A購01  ,0,0,0,0,0,0,0,0,0,35000,0,0,0,72000,37000,35000,35000
061366,台勝科國票9A購01,0,0,0,0,0,0,0,0,0,35000,0,0,0,35000,0,35000,35000
059990,健策元大9A購01  ,0,0,0,0,0,0,0,0,0,35000,0,0,0,39000,4000,35000,35000
061420,國巨元大9A購22  ,0,0,0,0,0,0,0,0,0,35000,0,0,0,36000,1000,35000,35000
058216,TPK群益99購01   ,0,0,0,0,0,0,0,0,0,35000,0,0,0,35000,0,35000,35000
060228,亞德客元大9A購01,0,0,0,0,0,0,0,0,0,35000,0,0,0,46000,11000,35000,35000
064316,貿聯群益9C購02  ,0,0,0,0,0,0,0,0,0,35000,0,0,0,35000,0,35000,35000
064206,鴻海凱基03購02  ,0,0,0,0,0,0,0,0,0,35000,0,0,0,55000,20000,35000,35000
063885,南六元富9C購01  ,0,0,0,0,0,0,0,0,0,35000,0,0,0,35000,0,35000,35000
064049,信邦統一01購01  ,0,0,0,0,0,0,0,0,0,35000,0,0,0,35000,0,35000,35000
062156,美律凱基9B購01  ,0,0,0,0,0,0,0,0,0,35000,0,0,0,42000,7000,35000,35000
062958,長榮航麥證9B購01,0,0,0,35000,0,35000,0,0,0,35000,0,0,0,35000,0,35000,35000
062890,祥碩群益9B購04  ,0,0,0,0,0,0,0,0,0,35000,0,0,0,36000,1000,35000,35000
063330,神達國票9C購01  ,0,0,0,0,0,0,0,0,0,35000,0,0,0,35000,0,35000,35000
063408,茂林國票9C購02  ,0,0,0,0,0,0,0,0,0,35000,0,0,0,35000,0,35000,35000
07121P,華新科凱基99售03,0,0,0,0,0,0,0,0,0,34000,0,0,0,34000,0,34000,34000
6142,友勁            ,15000,81000,-66000,0,0,0,0,0,0,100000,100000,0,100000,0,0,0,34000
6698,旭暉應材        ,47000,13000,34000,0,0,0,0,0,0,0,0,0,0,0,0,0,34000
051577,台積電元大97購03,0,0,0,0,0,0,0,0,0,34000,0,0,0,34000,0,34000,34000
00663L,國泰臺灣加權正2 ,1000,0,1000,0,0,0,0,0,0,33000,0,0,0,92000,59000,33000,34000
057664,台積電元大9A購03,0,0,0,0,0,0,0,0,0,34000,0,0,0,64000,30000,34000,34000
054151,瑞昱國泰97購01  ,0,0,0,0,0,0,0,0,0,34000,0,0,0,34000,0,34000,34000
053293,聯發科中信9B購01,0,0,0,0,0,0,0,0,0,34000,0,0,0,36000,2000,34000,34000
056403,茂林群益98購01  ,0,0,0,0,0,0,0,0,0,34000,0,0,0,125000,91000,34000,34000
057009,信邦中信99購01  ,0,0,0,0,0,0,0,0,0,34000,0,0,0,85000,51000,34000,34000
056904,大立光元大99購05,0,0,0,0,0,0,0,0,0,34000,0,0,0,47000,13000,34000,34000
055615,宏達電國票99購02,0,0,0,0,0,0,0,0,0,34000,0,0,0,44000,10000,34000,34000
060824,旺宏元大9A購06  ,0,0,0,0,0,0,0,0,0,34000,0,0,0,44000,10000,34000,34000
060431,復盛永豐9A購01  ,0,0,0,0,0,0,0,0,0,34000,0,0,0,34000,0,34000,34000
060506,京元電元大9A購02,0,0,0,0,0,0,0,0,0,34000,0,0,0,283000,249000,34000,34000
063294,美律麥證9B購01  ,0,0,0,43000,9000,34000,0,0,0,34000,0,0,0,43000,9000,34000,34000
062170,健策永豐9B購04  ,0,0,0,0,0,0,0,0,0,34000,0,0,0,103000,69000,34000,34000
062253,燿華元大9B購02  ,0,0,0,0,0,0,0,0,0,34000,0,0,0,244000,210000,34000,34000
062270,上銀群益9B購03  ,0,0,0,0,0,0,0,0,0,34000,0,0,0,103000,69000,34000,34000
06259P,臺股指群益97售12,0,0,0,0,0,0,0,0,0,34000,0,0,0,70000,36000,34000,34000
063960,南電元大9C購03  ,0,0,0,0,0,0,0,0,0,34000,0,0,0,147000,113000,34000,34000
064453,微星統一02購01  ,0,0,0,0,0,0,0,0,0,34000,0,0,0,35000,1000,34000,34000
064396,創意永豐9C購01  ,0,0,0,0,0,0,0,0,0,34000,0,0,0,34000,0,34000,34000
07530P,聯發科凱基9A售11,0,0,0,0,0,0,0,0,0,33000,0,0,0,33000,0,33000,33000
07871P,台積電群益9C售02,0,0,0,0,0,0,0,0,0,33000,0,0,0,33000,0,33000,33000
08101P,超眾群益9B售02  ,0,0,0,0,0,0,0,0,0,33000,0,0,0,33000,0,33000,33000
056848,泰鼎元富98購01  ,0,0,0,0,0,0,0,0,0,33000,0,0,0,97000,64000,33000,33000
056124,華通國票98購02  ,0,0,0,0,0,0,0,0,0,33000,0,0,0,104000,71000,33000,33000
055022,精元國泰99購01  ,0,0,0,0,0,0,0,0,0,33000,0,0,0,33000,0,33000,33000
056673,中石化元富9B購01,0,0,0,0,0,0,0,0,0,33000,0,0,0,315000,282000,33000,33000
060493,美律元富01購01  ,0,0,0,0,0,0,0,0,0,33000,0,0,0,161000,128000,33000,33000
06192P,高股息中信98售01,0,0,0,0,0,0,0,0,0,33000,0,0,0,63000,30000,33000,33000
061985,富邦金元大9B購01,0,0,0,0,0,0,0,0,0,33000,0,0,0,60000,27000,33000,33000
061272,超眾凱基9A購03  ,0,0,0,0,0,0,0,0,0,33000,0,0,0,33000,0,33000,33000
060093,友達元大03購01  ,0,0,0,0,0,0,0,0,0,33000,0,0,0,100000,67000,33000,33000
064255,泰碩國泰02購01  ,0,0,0,0,0,0,0,0,0,33000,0,0,0,33000,0,33000,33000
063941,國巨元大9C購12  ,0,0,0,0,0,0,0,0,0,33000,0,0,0,228000,195000,33000,33000
063797,台積電凱基02購02,0,0,0,0,0,0,0,0,0,33000,0,0,0,34000,1000,33000,33000
062787,超眾元大9C購02  ,0,0,0,0,0,0,0,0,0,33000,0,0,0,50000,17000,33000,33000
062988,儒鴻群益9B購01  ,0,0,0,0,0,0,0,0,0,33000,0,0,0,33000,0,33000,33000
08118P,嘉澤元富9B售02  ,0,0,0,0,0,0,0,0,0,32000,0,0,0,199000,167000,32000,32000
07714P,世紀鋼元大9A售03,0,0,0,0,0,0,0,0,0,32000,0,0,0,50000,18000,32000,32000
06850P,聯茂元大98售06  ,0,0,0,0,0,0,0,0,0,32000,0,0,0,32000,0,32000,32000
06585P,鴻海元大99售04  ,0,0,0,0,0,0,0,0,0,32000,0,0,0,73000,41000,32000,32000
6165,捷泰            ,90000,58000,32000,0,0,0,0,0,0,0,0,0,0,0,0,0,32000
1201,味全            ,252000,220000,32000,0,0,0,0,0,0,0,0,0,0,0,0,0,32000
020008,元大特股高息N   ,0,0,0,0,0,0,0,0,0,32000,0,0,0,32000,0,32000,32000
052003,泰碩國泰97購02  ,0,0,0,0,0,0,0,0,0,32000,0,0,0,32000,0,32000,32000
057448,致茂元富98購01  ,0,0,0,0,0,0,0,0,0,32000,0,0,0,62000,30000,32000,32000
060850,康友國票9A購03  ,0,0,0,0,0,0,0,0,0,32000,0,0,0,153000,121000,32000,32000
062026,華邦電群益9B購01,0,0,0,0,0,0,0,0,0,32000,0,0,0,32000,0,32000,32000
062994,祥碩群益9B購05  ,0,0,0,0,0,0,0,0,0,32000,0,0,0,209000,177000,32000,32000
062982,同欣電元富9B購01,0,0,0,0,0,0,0,0,0,32000,0,0,0,373000,341000,32000,32000
063060,華新科元富9B購03,0,0,0,0,0,0,0,0,0,32000,0,0,0,32000,0,32000,32000
063182,國巨凱基9B購10  ,0,0,0,0,0,0,0,0,0,32000,0,0,0,46000,14000,32000,32000
063463,瑞昱元大9B購05  ,0,0,0,0,0,0,0,0,0,32000,0,0,0,59000,27000,32000,32000
063962,台達電國票01購01,0,0,0,0,0,0,0,0,0,32000,0,0,0,67000,35000,32000,32000
06466P,台積電統一9B售01,0,0,0,0,0,0,0,0,0,32000,0,0,0,32000,0,32000,32000
064681,牧德兆豐01購01  ,0,0,0,0,0,0,0,0,0,32000,0,0,0,42000,10000,32000,32000
1589,永冠-KY         ,49000,18000,31000,0,0,0,0,0,0,0,0,0,0,0,0,0,31000
07057P,大立光康和9B售02,0,0,0,0,0,0,0,0,0,31000,0,0,0,150000,119000,31000,31000
06983P,台積電國泰9A售02,0,0,0,0,0,0,0,0,0,31000,0,0,0,46000,15000,31000,31000
06485P,玉晶光群益9A售02,0,0,0,0,0,0,0,0,0,31000,0,0,0,49000,18000,31000,31000
055922,台郡凱基98購03  ,0,0,0,0,0,0,0,0,0,31000,0,0,0,31000,0,31000,31000
056423,奇鋐統一98購01  ,0,0,0,0,0,0,0,0,0,31000,0,0,0,31000,0,31000,31000
062071,華通元大9B購02  ,0,0,0,0,0,0,0,0,0,31000,0,0,0,171000,140000,31000,31000
062003,國巨國泰01購01  ,0,0,0,0,0,0,0,0,0,31000,0,0,0,50000,19000,31000,31000
061948,美食群益9B購01  ,0,0,0,0,0,0,0,0,0,31000,0,0,0,31000,0,31000,31000
058051,同欣電元大98購03,0,0,0,0,0,0,0,0,0,31000,0,0,0,92000,61000,31000,31000
061132,志超永豐9A購01  ,0,0,0,0,0,0,0,0,0,31000,0,0,0,31000,0,31000,31000
064543,華通凱基02購02  ,0,0,0,0,0,0,0,0,0,31000,0,0,0,145000,114000,31000,31000
064035,GIS元大9C購03   ,0,0,0,0,0,0,0,0,0,31000,0,0,0,80000,49000,31000,31000
063814,嘉晶群益9C購01  ,0,0,0,0,0,0,0,0,0,31000,0,0,0,144000,113000,31000,31000
063508,緯創群益9B購01  ,0,0,0,0,0,0,0,0,0,31000,0,0,0,222000,191000,31000,31000
062467,國巨凱基9B購08  ,0,0,0,0,0,0,0,0,0,31000,0,0,0,32000,1000,31000,31000
062421,台積電統一9C購09,0,0,0,0,0,0,0,0,0,31000,0,0,0,91000,60000,31000,31000
065005,台光電國票01購02,0,0,0,0,0,0,0,0,0,30000,0,0,0,95000,65000,30000,30000
065102,同欣電元大9C購07,0,0,0,0,0,0,0,0,0,30000,0,0,0,152000,122000,30000,30000
06564P,國巨富邦9A售04  ,0,0,0,0,0,0,0,0,0,30000,0,0,0,40000,10000,30000,30000
06655P,TPK元大98售02   ,0,0,0,0,0,0,0,0,0,30000,0,0,0,30000,0,30000,30000
06727P,台光電元大98售05,0,0,0,0,0,0,0,0,0,30000,0,0,0,30000,0,30000,30000
07705P,台積電元大9A售26,0,0,0,0,0,0,0,0,0,30000,0,0,0,30000,0,30000,30000
07687P,上銀元大9A售06  ,0,0,0,0,0,0,0,0,0,30000,0,0,0,30000,0,30000,30000
07467P,上銀元大9A售03  ,0,0,0,0,0,0,0,0,0,30000,0,0,0,30000,0,30000,30000
07106P,國巨統一9B售05  ,0,0,0,0,0,0,0,0,0,30000,0,0,0,30000,0,30000,30000
07114P,旺宏兆豐9A售01  ,0,0,0,0,0,0,0,0,0,30000,0,0,0,30000,0,30000,30000
08137P,台灣50元大9B售24,0,0,0,0,0,0,0,0,0,30000,0,0,0,30000,0,30000,30000
08006P,長榮航中信03售01,0,0,0,0,0,0,0,0,0,30000,0,0,0,30000,0,30000,30000
07854P,台積電凱基9A售28,0,0,0,0,0,0,0,0,0,30000,0,0,0,30000,0,30000,30000
1626,艾美特-KY       ,31000,1000,30000,0,0,0,0,0,0,0,0,0,0,0,0,0,30000
2450,神腦            ,41000,13000,28000,0,0,0,2000,0,2000,0,0,0,0,0,0,0,30000
08429P,台達電凱基9C售01,0,0,0,0,0,0,0,0,0,30000,0,0,0,30000,0,30000,30000
08277P,嘉晶元富9C售02  ,0,0,0,0,0,0,0,0,0,30000,0,0,0,63000,33000,30000,30000
08228P,華擎國票9C售01  ,0,0,0,0,0,0,0,0,0,30000,0,0,0,80000,50000,30000,30000
08332P,智邦台新9C售03  ,0,0,0,0,0,0,0,0,0,30000,0,0,0,30000,0,30000,30000
08380P,GIS元大9C售06   ,0,0,0,0,0,0,0,0,0,30000,0,0,0,30000,0,30000,30000
056281,深中小永豐97購01,0,0,0,0,0,0,0,0,0,30000,0,0,0,30000,0,30000,30000
056200,大毅永豐98購01  ,0,0,0,0,0,0,0,0,0,30000,0,0,0,30000,0,30000,30000
056055,國巨元大97購15  ,0,0,0,0,0,0,0,0,0,30000,0,0,0,30000,0,30000,30000
057287,彩晶元大9C購03  ,0,0,0,0,0,0,0,0,0,30000,0,0,0,185000,155000,30000,30000
057272,台積電元大98購14,0,0,0,0,0,0,0,0,0,30000,0,0,0,30000,0,30000,30000
057072,日月光永豐98購01,0,0,0,0,0,0,0,0,0,30000,0,0,0,30000,0,30000,30000
059867,華邦電凱基99購02,0,0,0,0,0,0,0,0,0,30000,0,0,0,35000,5000,30000,30000
058683,可成凱基9A購01  ,0,0,0,0,0,0,0,0,0,30000,0,0,0,30000,0,30000,30000
051603,深中小群益99購03,0,0,0,0,0,0,0,0,0,30000,0,0,0,30000,0,30000,30000
051055,友達群益98購01  ,0,0,0,0,0,0,0,0,0,30000,0,0,0,80000,50000,30000,30000
055341,台達電凱基97購02,0,0,0,0,0,0,0,0,0,30000,0,0,0,30000,0,30000,30000
053013,台積電統一97購01,0,0,0,0,0,0,0,0,0,30000,0,0,0,63000,33000,30000,30000
052858,華通凱基97購02  ,0,0,0,0,0,0,0,0,0,30000,0,0,0,30000,0,30000,30000
052621,台郡富邦97購01  ,0,0,0,0,0,0,0,0,0,30000,0,0,0,30000,0,30000,30000
03675C,臺股指元大04牛02,0,0,0,0,0,0,0,0,0,30000,0,0,0,30000,0,30000,30000
056587,聯發科統一9A購01,0,0,0,0,0,0,0,0,0,30000,0,0,0,30000,0,30000,30000
053957,瑞昱永豐96購01  ,0,0,0,0,0,0,0,0,0,30000,0,0,0,30000,0,30000,30000
053593,晶技元大98購01  ,0,0,0,0,0,0,0,0,0,30000,0,0,0,71000,41000,30000,30000
055025,華新科國泰98購02,0,0,0,0,0,0,0,0,0,30000,0,0,0,30000,0,30000,30000
054981,國巨元富97購02  ,0,0,0,0,0,0,0,0,0,30000,0,0,0,30000,0,30000,30000
054938,國巨元大97購04  ,0,0,0,0,0,0,0,0,0,30000,0,0,0,30000,0,30000,30000
061113,南電元大9A購03  ,0,0,0,0,0,0,0,0,0,30000,0,0,0,99000,69000,30000,30000
061421,台積電元大9A購29,0,0,0,0,0,0,0,0,0,30000,0,0,0,30000,0,30000,30000
061317,旺宏凱基9A購05  ,0,0,0,0,0,0,0,0,0,30000,0,0,0,30000,0,30000,30000
060922,金像電永豐9A購01,0,0,0,0,0,0,0,0,0,30000,0,0,0,40000,10000,30000,30000
058274,世紀鋼永豐99購01,0,0,0,0,0,0,0,0,0,30000,0,0,0,30000,0,30000,30000
058239,景碩元大99購03  ,0,0,0,0,0,0,0,0,0,30000,0,0,0,232000,202000,30000,30000
060170,世紀鋼永豐9A購01,0,0,0,0,0,0,0,0,0,30000,0,0,0,50000,20000,30000,30000
060197,臻鼎元富9A購02  ,0,0,0,0,0,0,0,0,0,30000,0,0,0,30000,0,30000,30000
058984,全新凱基9A購03  ,0,0,0,0,0,0,0,0,0,30000,0,0,0,30000,0,30000,30000
058939,台積電中信9B購01,0,0,0,0,0,0,0,0,0,30000,0,0,0,78000,48000,30000,30000
059083,華通元大99購07  ,0,0,0,0,0,0,0,0,0,30000,0,0,0,51000,21000,30000,30000
061721,道瓊反富邦9B購01,0,0,0,0,0,0,0,0,0,30000,0,0,0,30000,0,30000,30000
062004,國巨國泰9C購03  ,0,0,0,0,0,0,0,0,0,30000,0,0,0,31000,1000,30000,30000
057980,聯詠永豐98購01  ,0,0,0,0,0,0,0,0,0,30000,0,0,0,43000,13000,30000,30000
060688,世紀鋼元大9C購01,0,0,0,0,0,0,0,0,0,30000,0,0,0,50000,20000,30000,30000
059529,華新科凱基9A購04,0,0,0,0,0,0,0,0,0,30000,0,0,0,30000,0,30000,30000
062268,力山群益9B購01  ,0,0,0,0,0,0,0,0,0,30000,0,0,0,39000,9000,30000,30000
062259,可成元大9B購03  ,0,0,0,0,0,0,0,0,0,30000,0,0,0,34000,4000,30000,30000
062674,百和中信03購01  ,0,0,0,0,0,0,0,0,0,30000,0,0,0,30000,0,30000,30000
062615,亞德客元大9B購02,0,0,0,0,0,0,0,0,0,30000,0,0,0,35000,5000,30000,30000
063386,國巨兆豐9B購04  ,0,0,0,0,0,0,0,0,0,30000,0,0,0,30000,0,30000,30000
063127,TPK元大9B購02   ,0,0,0,0,0,0,0,0,0,30000,0,0,0,30000,0,30000,30000
063719,T50反1元大9B購11,0,0,0,0,0,0,0,0,0,30000,0,0,0,90000,60000,30000,30000
064116,T50反1元大9C購03,0,0,0,0,0,0,0,0,0,30000,0,0,0,30000,0,30000,30000
063879,台積電元富9C購01,0,0,0,0,0,0,0,0,0,30000,0,0,0,30000,0,30000,30000
063938,上銀元大9C購03  ,0,0,0,0,0,0,0,0,0,30000,0,0,0,45000,15000,30000,30000
07865P,可成元大9B售02  ,0,0,0,0,0,0,0,0,0,29000,0,0,0,78000,49000,29000,29000
08165P,台表科永豐9B售02,0,0,0,0,0,0,0,0,0,29000,0,0,0,99000,70000,29000,29000
06763P,技嘉元大98售05  ,0,0,0,0,0,0,0,0,0,29000,0,0,0,54000,25000,29000,29000
06615P,鴻海元大9C售02  ,0,0,0,0,0,0,0,0,0,29000,0,0,0,54000,25000,29000,29000
050515,聯電元大96購01  ,0,0,0,0,0,0,0,0,0,29000,0,0,0,29000,0,29000,29000
055705,微星永豐97購01  ,0,0,0,0,0,0,0,0,0,29000,0,0,0,29000,0,29000,29000
056767,大毅元大99購01  ,0,0,0,0,0,0,0,0,0,29000,0,0,0,120000,91000,29000,29000
056963,建準永豐98購01  ,0,0,0,0,0,0,0,0,0,29000,0,0,0,50000,21000,29000,29000
056911,緯穎元大99購01  ,0,0,0,0,0,0,0,0,0,29000,0,0,0,86000,57000,29000,29000
057903,聯鈞永豐99購01  ,0,0,0,0,0,0,0,0,0,29000,0,0,0,30000,1000,29000,29000
061145,臻鼎中信9A購02  ,0,0,0,0,0,0,0,0,0,29000,0,0,0,55000,26000,29000,29000
061215,健策元大9A購06  ,0,0,0,0,0,0,0,0,0,29000,0,0,0,95000,66000,29000,29000
064021,國巨元大9C購15  ,0,0,0,0,0,0,0,0,0,29000,0,0,0,80000,51000,29000,29000
063839,華通元大9C購02  ,0,0,0,0,0,0,0,0,0,29000,0,0,0,57000,28000,29000,29000
064586,緯創永豐9C購01  ,0,0,0,0,0,0,0,0,0,29000,0,0,0,157000,128000,29000,29000
064656,聚陽元大9C購03  ,0,0,0,0,0,0,0,0,0,29000,0,0,0,112000,83000,29000,29000
062921,GIS元大9B購01   ,0,0,0,0,0,0,0,0,0,29000,0,0,0,161000,132000,29000,29000
063471,泰鼎元大9C購01  ,0,0,0,0,0,0,0,0,0,29000,0,0,0,60000,31000,29000,29000
063339,智邦統一01購01  ,0,0,0,0,0,0,0,0,0,29000,0,0,0,29000,0,29000,29000
06682P,玉晶光元大99售08,0,0,0,0,0,0,0,0,0,28000,0,0,0,28000,0,28000,28000
06843P,鴻海元大98售11  ,0,0,0,0,0,0,0,0,0,28000,0,0,0,36000,8000,28000,28000
064936,世紀鋼統一9C購02,0,0,0,0,0,0,0,0,0,28000,0,0,0,48000,20000,28000,28000
2444,兆勁            ,41000,13000,28000,0,0,0,0,0,0,0,0,0,0,0,0,0,28000
2457,飛宏            ,116000,82000,34000,0,0,0,0,0,0,-6000,0,6000,-6000,0,0,0,28000
1717,長興            ,429000,641000,-212000,0,0,0,0,0,0,240000,240000,0,240000,0,0,0,28000
3055,蔚華科          ,28000,0,28000,0,0,0,0,0,0,0,0,0,0,0,0,0,28000
056398,南茂永豐98購01  ,0,0,0,0,0,0,0,0,0,28000,0,0,0,335000,307000,28000,28000
055989,矽力元富9A購01  ,0,0,0,0,0,0,0,0,0,28000,0,0,0,30000,2000,28000,28000
057270,遠東新元大98購01,0,0,0,0,0,0,0,0,0,28000,0,0,0,28000,0,28000,28000
03662C,FBVIX凱基03牛01 ,0,0,0,0,0,0,0,0,0,28000,0,0,0,50000,22000,28000,28000
045054,聯發科元富98購02,0,0,0,0,0,0,0,0,0,28000,0,0,0,28000,0,28000,28000
00763U,街口道瓊銅      ,0,0,0,0,0,0,0,0,0,28000,0,0,0,34000,6000,28000,28000
054080,微星中信98購01  ,0,0,0,0,0,0,0,0,0,28000,0,0,0,48000,20000,28000,28000
058323,泰鼎永豐9A購01  ,0,0,0,0,0,0,0,0,0,28000,0,0,0,74000,46000,28000,28000
061539,國巨群益9B購03  ,0,0,0,0,0,0,0,0,0,28000,0,0,0,28000,0,28000,28000
060674,瑞昱元大9A購03  ,0,0,0,0,0,0,0,0,0,28000,0,0,0,133000,105000,28000,28000
057869,大立光凱基99購01,0,0,0,0,0,0,0,0,0,28000,0,0,0,36000,8000,28000,28000
060363,美律元富9A購01  ,0,0,0,0,0,0,0,0,0,28000,0,0,0,87000,59000,28000,28000
058167,鴻海凱基9A購03  ,0,0,0,0,0,0,0,0,0,28000,0,0,0,28000,0,28000,28000
063484,達方元大9B購01  ,0,0,0,0,0,0,0,0,0,28000,0,0,0,161000,133000,28000,28000
063427,南六凱基9B購04  ,0,0,0,0,0,0,0,0,0,28000,0,0,0,29000,1000,28000,28000
062898,華通元大9B購05  ,0,0,0,0,0,0,0,0,0,28000,0,0,0,44000,16000,28000,28000
064390,台塑永豐9C購01  ,0,0,0,0,0,0,0,0,0,28000,0,0,0,41000,13000,28000,28000
064354,同欣電元大9C購05,0,0,0,0,0,0,0,0,0,28000,0,0,0,360000,332000,28000,28000
063683,大成鋼永豐9B購01,0,0,0,0,0,0,0,0,0,28000,0,0,0,31000,3000,28000,28000
063652,國泰金台新9B購01,0,0,0,0,0,0,0,0,0,28000,0,0,0,28000,0,28000,28000
6224,聚鼎            ,52000,35000,17000,0,0,0,0,0,0,10000,11000,1000,10000,0,0,0,27000
4720,德淵            ,77000,51000,26000,0,0,0,0,0,0,1000,1000,0,1000,0,0,0,27000
6605,帝寶            ,47000,19000,28000,0,0,0,0,0,0,-1000,0,1000,-1000,0,0,0,27000
06726P,欣興元富98售04  ,0,0,0,0,0,0,0,0,0,27000,0,0,0,27000,0,27000,27000
06569P,可成永豐98售01  ,0,0,0,0,0,0,0,0,0,27000,0,0,0,27000,0,27000,27000
08169P,台光電群益9B售04,0,0,0,0,0,0,0,0,0,27000,0,0,0,27000,0,27000,27000
054749,聯茂凱基98購01  ,0,0,0,0,0,0,0,0,0,27000,0,0,0,40000,13000,27000,27000
00706L,元大S&P日圓正2  ,0,0,0,0,0,0,0,0,0,27000,0,0,0,28000,1000,27000,27000
050049,華通群益96購01  ,0,0,0,0,0,0,0,0,0,27000,0,0,0,27000,0,27000,27000
057497,祥碩元大98購06  ,0,0,0,0,0,0,0,0,0,27000,0,0,0,27000,0,27000,27000
057563,旭富國泰9A購01  ,0,0,0,0,0,0,0,0,0,27000,0,0,0,34000,7000,27000,27000
060774,南亞科凱基9A購01,0,0,0,0,0,0,0,0,0,27000,0,0,0,47000,20000,27000,27000
056011,矽力中信99購01  ,0,0,0,0,0,0,0,0,0,27000,0,0,0,27000,0,27000,27000
058070,華新科凱基98購07,0,0,0,0,0,0,0,0,0,27000,0,0,0,37000,10000,27000,27000
058074,欣興凱基99購01  ,0,0,0,0,0,0,0,0,0,27000,0,0,0,47000,20000,27000,27000
059053,鴻海凱基99購07  ,0,0,0,0,0,0,0,0,0,27000,0,0,0,59000,32000,27000,27000
059107,南茂國泰9A購01  ,0,0,0,0,0,0,0,0,0,27000,0,0,0,89000,62000,27000,27000
062072,國巨元大9B購05  ,0,0,0,0,0,0,0,0,0,27000,0,0,0,83000,56000,27000,27000
059605,臺股指元大9A購42,0,0,0,0,0,0,0,0,0,27000,0,0,0,27000,0,27000,27000
059782,A50正2元大9C購04,0,0,0,0,0,0,0,0,0,27000,0,0,0,50000,23000,27000,27000
061164,燿華兆豐9B購01  ,0,0,0,0,0,0,0,0,0,27000,0,0,0,87000,60000,27000,27000
061419,國巨元大9A購21  ,0,0,0,0,0,0,0,0,0,27000,0,0,0,27000,0,27000,27000
063725,聯電元大9C購03  ,0,0,0,0,0,0,0,0,0,27000,0,0,0,67000,40000,27000,27000
064373,和大元富03購01  ,0,0,0,0,0,0,0,0,0,27000,0,0,0,279000,252000,27000,27000
064752,台達電凱基01購01,0,0,0,0,0,0,0,0,0,27000,0,0,0,100000,73000,27000,27000
064625,健策元大01購02  ,0,0,0,0,0,0,0,0,0,27000,0,0,0,113000,86000,27000,27000
062947,國巨富邦01購01  ,0,0,0,0,0,0,0,0,0,27000,0,0,0,77000,50000,27000,27000
063027,台汽電元大9B購01,0,0,0,0,0,0,0,0,0,27000,0,0,0,60000,33000,27000,27000
062760,漢唐凱基9B購01  ,0,0,0,0,0,0,0,0,0,27000,0,0,0,83000,56000,27000,27000
062434,華通元大9B購04  ,0,0,0,0,0,0,0,0,0,27000,0,0,0,70000,43000,27000,27000
08178P,南亞科元大9B售01,0,0,0,0,0,0,0,0,0,26000,0,0,0,70000,44000,26000,26000
07689P,旺宏元大9A售13  ,0,0,0,0,0,0,0,0,0,26000,0,0,0,26000,0,26000,26000
07030P,鈺齊群益99售01  ,0,0,0,0,0,0,0,0,0,26000,0,0,0,26000,0,26000,26000
5243,乙盛-KY         ,87000,60000,27000,0,0,0,0,0,0,-1000,0,1000,-1000,0,0,0,26000
1730,花仙子          ,69000,43000,26000,0,0,0,0,0,0,0,0,0,0,0,0,0,26000
08186P,泰碩永豐9B售03  ,0,0,0,0,0,0,0,0,0,26000,0,0,0,36000,10000,26000,26000
055515,聚陽中信9A購01  ,0,0,0,0,0,0,0,0,0,26000,0,0,0,46000,20000,26000,26000
00713,元大台灣高息低波,0,0,0,0,0,0,0,0,0,26000,0,0,0,26000,0,26000,26000
054959,禾伸堂元大98購01,0,0,0,0,0,0,0,0,0,26000,0,0,0,57000,31000,26000,26000
057716,神達統一98購01  ,0,0,0,0,0,0,0,0,0,26000,0,0,0,90000,64000,26000,26000
058797,大毅元大99購03  ,0,0,0,0,0,0,0,0,0,26000,0,0,0,31000,5000,26000,26000
059951,台塑康和99購01  ,0,0,0,0,0,0,0,0,0,26000,0,0,0,94000,68000,26000,26000
058359,瑞昱凱基99購01  ,0,0,0,0,0,0,0,0,0,26000,0,0,0,26000,0,26000,26000
058633,台灣50兆豐99購01,0,0,0,0,0,0,0,0,0,26000,0,0,0,26000,0,26000,26000
058557,健策第一01購01  ,0,0,0,0,0,0,0,0,0,26000,0,0,0,40000,14000,26000,26000
061751,華通台新9B購01  ,0,0,0,0,0,0,0,0,0,26000,0,0,0,26000,0,26000,26000
061897,泰碩永豐9B購01  ,0,0,0,0,0,0,0,0,0,26000,0,0,0,26000,0,26000,26000
061704,景碩國票9A購01  ,0,0,0,0,0,0,0,0,0,26000,0,0,0,169000,143000,26000,26000
062405,泰鼎永豐9B購02  ,0,0,0,0,0,0,0,0,0,26000,0,0,0,26000,0,26000,26000
062468,台積電凱基9B購06,0,0,0,0,0,0,0,0,0,26000,0,0,0,33000,7000,26000,26000
062288,南六群益9B購01  ,0,0,0,0,0,0,0,0,0,26000,0,0,0,92000,66000,26000,26000
062878,宏達電兆豐9B購01,0,0,0,0,0,0,0,0,0,26000,0,0,0,111000,85000,26000,26000
064606,南電元富9C購03  ,0,0,0,0,0,0,0,0,0,26000,0,0,0,578000,552000,26000,26000
064475,台積電國泰02購03,0,0,0,0,0,0,0,0,0,26000,0,0,0,129000,103000,26000,26000
063744,儒鴻國票9C購01  ,0,0,0,0,0,0,0,0,0,26000,0,0,0,26000,0,26000,26000
064008,日月光凱基9C購01,0,0,0,0,0,0,0,0,0,26000,0,0,0,94000,68000,26000,26000
064043,台積電統一9C購10,0,0,0,0,0,0,0,0,0,26000,0,0,0,26000,0,26000,26000
08470P,世芯凱基9C售02  ,0,0,0,0,0,0,0,0,0,25000,0,0,0,150000,125000,25000,25000
1109,信大            ,32000,7000,25000,0,0,0,0,0,0,0,0,0,0,0,0,0,25000
6672,騰輝電子-KY     ,36000,11000,25000,0,0,0,0,0,0,0,0,0,0,0,0,0,25000
07487P,鴻海國票9A售01  ,0,0,0,0,0,0,0,0,0,25000,0,0,0,30000,5000,25000,25000
07424P,大立光元大9B售01,0,0,0,0,0,0,0,0,0,25000,0,0,0,157000,132000,25000,25000
08170P,緯穎群益9B售03  ,0,0,0,0,0,0,0,0,0,25000,0,0,0,57000,32000,25000,25000
08015P,可成凱基9B售05  ,0,0,0,0,0,0,0,0,0,25000,0,0,0,65000,40000,25000,25000
053398,和鑫中信99購01  ,0,0,0,0,0,0,0,0,0,25000,0,0,0,25000,0,25000,25000
053797,台積電中信98購01,0,0,0,0,0,0,0,0,0,25000,0,0,0,25000,0,25000,25000
056512,易華電永豐98購01,0,0,0,0,0,0,0,0,0,25000,0,0,0,25000,0,25000,25000
053350,台表科國票97購02,0,0,0,0,0,0,0,0,0,25000,0,0,0,25000,0,25000,25000
054433,南亞科台新96購02,0,0,0,0,0,0,0,0,0,25000,0,0,0,25000,0,25000,25000
00743,國泰中國A150    ,16000,0,16000,0,0,0,0,0,0,9000,0,0,0,24000,15000,9000,25000
055243,國巨統一97購04  ,0,0,0,0,0,0,0,0,0,25000,0,0,0,25000,0,25000,25000
04768P,大立光國泰96售03,0,0,0,0,0,0,0,0,0,25000,0,0,0,25000,0,25000,25000
048010,嘉聯益富邦97購01,0,0,0,0,0,0,0,0,0,25000,0,0,0,25000,0,25000,25000
055996,矽力國泰99購01  ,0,0,0,0,0,0,0,0,0,25000,0,0,0,25000,0,25000,25000
055701,亞德客富邦99購01,0,0,0,0,0,0,0,0,0,25000,0,0,0,35000,10000,25000,25000
057385,光罩永豐99購01  ,0,0,0,0,0,0,0,0,0,25000,0,0,0,65000,40000,25000,25000
061928,群創凱基9B購06  ,0,0,0,0,0,0,0,0,0,25000,0,0,0,27000,2000,25000,25000
061658,聯茂富邦9A購03  ,0,0,0,0,0,0,0,0,0,25000,0,0,0,37000,12000,25000,25000
059075,FBVIX元大99購01 ,0,0,0,0,0,0,0,0,0,25000,0,0,0,35000,10000,25000,25000
062121,奇鋐台新9B購01  ,0,0,0,0,0,0,0,0,0,25000,0,0,0,25000,0,25000,25000
061977,國巨元大9B購02  ,0,0,0,0,0,0,0,0,0,25000,0,0,0,132000,107000,25000,25000
061960,國巨統一01購05  ,0,0,0,0,0,0,0,0,0,25000,0,0,0,25000,0,25000,25000
058586,鴻海中信01購02  ,0,0,0,0,0,0,0,0,0,25000,0,0,0,50000,25000,25000,25000
059329,台灣50國票99購09,0,0,0,0,0,0,0,0,0,25000,0,0,0,180000,155000,25000,25000
061590,金寶永豐9A購01  ,0,0,0,0,0,0,0,0,0,25000,0,0,0,25000,0,25000,25000
060050,鴻海凱基9B購01  ,0,0,0,0,0,0,0,0,0,25000,0,0,0,35000,10000,25000,25000
061334,華通元大9A購09  ,0,0,0,0,0,0,0,0,0,25000,0,0,0,29000,4000,25000,25000
061436,上銀凱基9A購07  ,0,0,0,0,0,0,0,0,0,25000,0,0,0,25000,0,25000,25000
06411P,晶相光永豐97售03,0,0,0,0,0,0,0,0,0,25000,0,0,0,50000,25000,25000,25000
063994,台光電群益9C購01,0,0,0,0,0,0,0,0,0,25000,0,0,0,153000,128000,25000,25000
063926,南亞科統一03購01,0,0,0,0,0,0,0,0,0,25000,0,0,0,35000,10000,25000,25000
063761,嘉澤統一02購01  ,0,0,0,0,0,0,0,0,0,25000,0,0,0,25000,0,25000,25000
063747,國巨國票9C購06  ,30000,0,30000,0,0,0,0,0,0,-5000,0,0,0,28000,33000,-5000,25000
062889,可成群益9C購01  ,0,0,0,0,0,0,0,0,0,25000,0,0,0,31000,6000,25000,25000
062151,世紀鋼國票01購01,0,0,0,0,0,0,0,0,0,25000,0,0,0,25000,0,25000,25000
06239P,奇力新元大97售08,0,0,0,0,0,0,0,0,0,25000,0,0,0,100000,75000,25000,25000
062353,亞德客元大9B購01,0,0,0,0,0,0,0,0,0,25000,0,0,0,54000,29000,25000,25000
07508P,華新科國票9A售03,0,0,0,0,0,0,0,0,0,24000,0,0,0,24000,0,24000,24000
07667P,亞德客元大9A售05,0,0,0,0,0,0,0,0,0,24000,0,0,0,40000,16000,24000,24000
064912,國巨統一01購09  ,0,0,0,0,0,0,0,0,0,24000,0,0,0,34000,10000,24000,24000
06105P,國巨國票98售02  ,0,0,0,0,0,0,0,0,0,24000,0,0,0,91000,67000,24000,24000
056905,欣興元大98購03  ,0,0,0,0,0,0,0,0,0,24000,0,0,0,262000,238000,24000,24000
056960,光罩永豐98購01  ,0,0,0,0,0,0,0,0,0,24000,0,0,0,24000,0,24000,24000
057242,台郡凱基98購05  ,0,0,0,0,0,0,0,0,0,24000,0,0,0,130000,106000,24000,24000
04454P,大立光富邦98售02,0,0,0,0,0,0,0,0,0,24000,0,0,0,25000,1000,24000,24000
052476,台光電群益98購01,0,0,0,0,0,0,0,0,0,24000,0,0,0,24000,0,24000,24000
053573,臺股指統一99購01,0,0,0,0,0,0,0,0,0,24000,0,0,0,24000,0,24000,24000
056644,宏達電凱基98購04,0,0,0,0,0,0,0,0,0,24000,0,0,0,77000,53000,24000,24000
061428,南六元大9A購01  ,0,0,0,0,0,0,0,0,0,24000,0,0,0,26000,2000,24000,24000
059263,瑞昱中信01購01  ,0,0,0,0,0,0,0,0,0,24000,0,0,0,24000,0,24000,24000
058639,南電兆豐99購01  ,0,0,0,0,0,0,0,0,0,24000,0,0,0,28000,4000,24000,24000
062436,國巨元大9B購14  ,0,0,0,0,0,0,0,0,0,24000,0,0,0,25000,1000,24000,24000
062795,國巨統一9B購15  ,0,0,0,0,0,0,0,0,0,24000,0,0,0,24000,0,24000,24000
062827,神基群益9B購01  ,0,0,0,0,0,0,0,0,0,24000,0,0,0,24000,0,24000,24000
062733,巨大凱基9B購01  ,0,0,0,0,0,0,0,0,0,24000,0,0,0,24000,0,24000,24000
063327,燿華國票9C購02  ,0,0,0,0,0,0,0,0,0,24000,0,0,0,270000,246000,24000,24000
063815,玉晶光群益02購01,0,0,0,0,0,0,0,0,0,24000,0,0,0,61000,37000,24000,24000
064472,國巨麥證9C購03  ,0,0,0,24000,0,24000,0,0,0,24000,0,0,0,24000,0,24000,24000
064574,達方群益01購01  ,0,0,0,0,0,0,0,0,0,24000,0,0,0,50000,26000,24000,24000
06938P,南電元大98售03  ,0,0,0,0,0,0,0,0,0,23000,0,0,0,36000,13000,23000,23000
06535P,可成群益99售02  ,0,0,0,0,0,0,0,0,0,23000,0,0,0,36000,13000,23000,23000
07494P,葡萄王元大9A售03,0,0,0,0,0,0,0,0,0,23000,0,0,0,23000,0,23000,23000
08060P,嘉澤元大9B售01  ,0,0,0,0,0,0,0,0,0,23000,0,0,0,60000,37000,23000,23000
07804P,美律永豐9A售02  ,0,0,0,0,0,0,0,0,0,23000,0,0,0,23000,0,23000,23000
8261,富鼎            ,114000,91000,23000,0,0,0,0,0,0,0,0,0,0,0,0,0,23000
6205,詮欣            ,69000,46000,23000,0,0,0,0,0,0,0,0,0,0,0,0,0,23000
3645,達邁            ,78000,59000,19000,0,0,0,4000,0,4000,0,0,0,0,0,0,0,23000
1219,福壽            ,40000,17000,23000,0,0,0,0,0,0,0,0,0,0,0,0,0,23000
08424P,群創元富9C售03  ,0,0,0,0,0,0,0,0,0,23000,0,0,0,33000,10000,23000,23000
056538,國泰金凱基98購01,0,0,0,0,0,0,0,0,0,23000,0,0,0,60000,37000,23000,23000
054504,聯鈞永豐96購01  ,0,0,0,0,0,0,0,0,0,23000,0,0,0,23000,0,23000,23000
054479,緯創中信98購01  ,0,0,0,0,0,0,0,0,0,23000,0,0,0,196000,173000,23000,23000
054527,國巨統一97購03  ,0,0,0,0,0,0,0,0,0,23000,0,0,0,52000,29000,23000,23000
054916,聯發科凱基98購04,0,0,0,0,0,0,0,0,0,23000,0,0,0,33000,10000,23000,23000
056915,上銀兆豐99購01  ,0,0,0,0,0,0,0,0,0,23000,0,0,0,23000,0,23000,23000
057120,茂林康和98購01  ,0,0,0,0,0,0,0,0,0,23000,0,0,0,23000,0,23000,23000
057342,玉晶光台新98購01,0,0,0,0,0,0,0,0,0,23000,0,0,0,23000,0,23000,23000
057467,祥碩永豐98購04  ,0,0,0,0,0,0,0,0,0,23000,0,0,0,23000,0,23000,23000
060079,台郡台新99購03  ,0,0,0,0,0,0,0,0,0,23000,0,0,0,58000,35000,23000,23000
058328,世紀鋼統一9B購01,0,0,0,0,0,0,0,0,0,23000,0,0,0,116000,93000,23000,23000
061452,大成鋼凱基9A購01,0,0,0,0,0,0,0,0,0,23000,0,0,0,44000,21000,23000,23000
058761,欣興群益99購02  ,0,0,0,0,0,0,0,0,0,23000,0,0,0,23000,0,23000,23000
061930,臺股指凱基9B購05,0,0,0,0,0,0,0,0,0,23000,0,0,0,23000,0,23000,23000
058032,大立光永豐98購05,0,0,0,0,0,0,0,0,0,23000,0,0,0,23000,0,23000,23000
064353,力成元大9C購02  ,0,0,0,0,0,0,0,0,0,23000,0,0,0,45000,22000,23000,23000
064219,滬深2X國票03購01,0,0,0,0,0,0,0,0,0,23000,0,0,0,30000,7000,23000,23000
063778,亞德客永豐9B購02,0,0,0,0,0,0,0,0,0,23000,0,0,0,23000,0,23000,23000
08368P,台積電兆豐9C售04,0,0,0,0,0,0,0,0,0,22000,0,0,0,22000,0,22000,22000
06940P,旺宏永豐98售05  ,0,0,0,0,0,0,0,0,0,22000,0,0,0,22000,0,22000,22000
06991P,矽創群益99售01  ,0,0,0,0,0,0,0,0,0,22000,0,0,0,30000,8000,22000,22000
06932P,大立光元大98售21,0,0,0,0,0,0,0,0,0,22000,0,0,0,26000,4000,22000,22000
061080,華邦電兆豐9B購01,0,0,0,0,0,0,0,0,0,22000,0,0,0,32000,10000,22000,22000
056251,聯發科兆豐97購02,0,0,0,0,0,0,0,0,0,22000,0,0,0,22000,0,22000,22000
056723,國巨中信9A購01  ,0,0,0,0,0,0,0,0,0,22000,0,0,0,25000,3000,22000,22000
056693,國產群益98購01  ,0,0,0,0,0,0,0,0,0,22000,0,0,0,98000,76000,22000,22000
046881,智原富邦99購01  ,0,0,0,0,0,0,0,0,0,22000,0,0,0,22000,0,22000,22000
055176,大毅統一98購02  ,0,0,0,0,0,0,0,0,0,22000,0,0,0,35000,13000,22000,22000
055466,台達電凱基97購03,0,0,0,0,0,0,0,0,0,22000,0,0,0,22000,0,22000,22000
059034,華通群益9B購02  ,0,0,0,0,0,0,0,0,0,22000,0,0,0,56000,34000,22000,22000
058798,大立光元大99購11,0,0,0,0,0,0,0,0,0,22000,0,0,0,46000,24000,22000,22000
061433,華通麥證9A購03  ,0,0,0,30000,8000,22000,0,0,0,22000,0,0,0,30000,8000,22000,22000
058583,臻鼎群益99購01  ,0,0,0,0,0,0,0,0,0,22000,0,0,0,32000,10000,22000,22000
063649,南六元大9C購02  ,0,0,0,0,0,0,0,0,0,22000,0,0,0,93000,71000,22000,22000
064175,華通國泰02購01  ,0,0,0,0,0,0,0,0,0,22000,0,0,0,103000,81000,22000,22000
064260,矽創富邦9C購01  ,0,0,0,0,0,0,0,0,0,22000,0,0,0,22000,0,22000,22000
063192,技嘉台新9B購01  ,0,0,0,0,0,0,0,0,0,22000,0,0,0,38000,16000,22000,22000
065124,燿華永豐9C購03  ,0,0,0,0,0,0,0,0,0,21000,0,0,0,21000,0,21000,21000
08147P,聯發科群益9B售10,0,0,0,0,0,0,0,0,0,21000,0,0,0,121000,100000,21000,21000
08140P,祥碩元大9B售07  ,0,0,0,0,0,0,0,0,0,21000,0,0,0,394000,373000,21000,21000
07502P,美食元大9A售01  ,0,0,0,0,0,0,0,0,0,21000,0,0,0,57000,36000,21000,21000
07102P,南電元大99售03  ,0,0,0,0,0,0,0,0,0,21000,0,0,0,54000,33000,21000,21000
07187P,臺股指台新99售10,0,0,0,0,0,0,0,0,0,21000,0,0,0,21000,0,21000,21000
08229P,祥碩國票9B售04  ,0,0,0,0,0,0,0,0,0,21000,0,0,0,21000,0,21000,21000
3593,力銘            ,20000,0,20000,0,0,0,0,0,0,1000,1000,0,1000,0,0,0,21000
3530,晶相光          ,67000,44000,23000,0,0,0,1000,0,1000,-3000,0,0,0,0,3000,-3000,21000
4562,穎漢            ,23000,2000,21000,0,0,0,0,0,0,0,0,0,0,0,0,0,21000
3050,鈺德            ,28000,7000,21000,0,0,0,0,0,0,0,0,0,0,0,0,0,21000
2642,宅配通          ,67000,46000,21000,0,0,0,0,0,0,0,0,0,0,0,0,0,21000
3003,健和興          ,38000,180000,-142000,0,0,0,162000,0,162000,1000,0,1000,-1000,4000,2000,2000,21000
5234,達興材料        ,35000,15000,20000,0,0,0,1000,0,1000,0,0,0,0,0,0,0,21000
050142,聯發科元富9A購01,0,0,0,0,0,0,0,0,0,21000,0,0,0,24000,3000,21000,21000
0051,元大中型100     ,2000,2000,0,0,0,0,0,0,0,21000,0,0,0,24000,3000,21000,21000
054961,玉晶光元大99購01,0,0,0,0,0,0,0,0,0,21000,0,0,0,21000,0,21000,21000
057148,玉晶光國票99購04,0,0,0,0,0,0,0,0,0,21000,0,0,0,27000,6000,21000,21000
061174,鴻海凱基9A購23  ,0,0,0,0,0,0,0,0,0,21000,0,0,0,21000,0,21000,21000
060911,大毅元大9A購01  ,0,0,0,0,0,0,0,0,0,21000,0,0,0,24000,3000,21000,21000
058160,奇鋐元富99購01  ,0,0,0,0,0,0,0,0,0,21000,0,0,0,102000,81000,21000,21000
061776,晶技國票9B購01  ,0,0,0,0,0,0,0,0,0,21000,0,0,0,77000,56000,21000,21000
061840,長榮航凱基9C購01,0,0,0,0,0,0,0,0,0,21000,0,0,0,27000,6000,21000,21000
059632,聯發科凱基01購01,0,0,0,0,0,0,0,0,0,21000,0,0,0,25000,4000,21000,21000
061375,華通永豐9A購02  ,0,0,0,0,0,0,0,0,0,21000,0,0,0,68000,47000,21000,21000
063230,緯穎群益9B購02  ,0,0,0,0,0,0,0,0,0,21000,0,0,0,129000,108000,21000,21000
062665,智易群益9B購01  ,0,0,0,0,0,0,0,0,0,21000,0,0,0,27000,6000,21000,21000
062513,玉晶光國票9C購01,0,0,0,0,0,0,0,0,0,21000,0,0,0,73000,52000,21000,21000
064195,晶豪科群益9C購01,0,0,0,0,0,0,0,0,0,21000,0,0,0,27000,6000,21000,21000
064438,大立光凱基01購03,0,0,0,0,0,0,0,0,0,21000,0,0,0,65000,44000,21000,21000
064114,南茂國票01購01  ,0,0,0,0,0,0,0,0,0,21000,0,0,0,158000,137000,21000,21000
063864,健策富邦01購01  ,0,0,0,0,0,0,0,0,0,21000,0,0,0,21000,0,21000,21000
063961,世紀鋼元大9C購05,0,0,0,0,0,0,0,0,0,21000,0,0,0,25000,4000,21000,21000
2722,夏都            ,24000,6000,18000,0,0,0,0,0,0,2000,2000,0,2000,0,0,0,20000
08230P,台表科國票9C售03,0,0,0,0,0,0,0,0,0,20000,0,0,0,42000,22000,20000,20000
08349P,南六元大9C售03  ,0,0,0,0,0,0,0,0,0,20000,0,0,0,190000,170000,20000,20000
08328P,國巨國票9C售07  ,0,0,0,0,0,0,0,0,0,20000,0,0,0,20000,0,20000,20000
1316,上曜            ,157000,137000,20000,0,0,0,0,0,0,0,0,0,0,0,0,0,20000
1459,聯發            ,29000,9000,20000,0,0,0,0,0,0,0,0,0,0,0,0,0,20000
07370P,南亞科凱基99售08,0,0,0,0,0,0,0,0,0,20000,0,0,0,20000,0,20000,20000
07423P,大立光元大99售33,0,0,0,0,0,0,0,0,0,20000,0,0,0,25000,5000,20000,20000
07493P,台灣50元大9A售10,0,0,0,0,0,0,0,0,0,20000,0,0,0,20000,0,20000,20000
07620P,國巨統一9B售07  ,0,0,0,0,0,0,0,0,0,20000,0,0,0,20000,0,20000,20000
08014P,微星凱基9B售02  ,0,0,0,0,0,0,0,0,0,20000,0,0,0,110000,90000,20000,20000
07997P,上銀凱基9B售04  ,0,0,0,0,0,0,0,0,0,20000,0,0,0,20000,0,20000,20000
07800P,華新科國泰9B售04,0,0,0,0,0,0,0,0,0,20000,0,0,0,20000,0,20000,20000
07769P,國巨國票9A售10  ,0,0,0,0,0,0,0,0,0,20000,0,0,0,20000,0,20000,20000
07868P,健策元大9B售05  ,0,0,0,0,0,0,0,0,0,20000,0,0,0,20000,0,20000,20000
06513P,鴻海凱基98售10  ,0,0,0,0,0,0,0,0,0,20000,0,0,0,20000,0,20000,20000
065049,世芯凱基02購01  ,0,0,0,0,0,0,0,0,0,20000,0,0,0,59000,39000,20000,20000
064802,台積電元大01購04,0,0,0,0,0,0,0,0,0,20000,0,0,0,20000,0,20000,20000
06854P,鴻海富邦99售05  ,0,0,0,0,0,0,0,0,0,20000,0,0,0,20000,0,20000,20000
06936P,瑞儀元大98售01  ,0,0,0,0,0,0,0,0,0,20000,0,0,0,38000,18000,20000,20000
06550P,健策元大99售01  ,0,0,0,0,0,0,0,0,0,20000,0,0,0,20000,0,20000,20000
06552P,茂林元大99售02  ,0,0,0,0,0,0,0,0,0,20000,0,0,0,20000,0,20000,20000
06737P,台郡凱基98售07  ,0,0,0,0,0,0,0,0,0,20000,0,0,0,20000,0,20000,20000
057234,宏達電凱基98購05,0,0,0,0,0,0,0,0,0,20000,0,0,0,20000,0,20000,20000
056222,台積電凱基9A購01,0,0,0,0,0,0,0,0,0,20000,0,0,0,20000,0,20000,20000
056428,台達電凱基99購01,0,0,0,0,0,0,0,0,0,20000,0,0,0,21000,1000,20000,20000
056341,宏達電凱基9A購01,0,0,0,0,0,0,0,0,0,20000,0,0,0,20000,0,20000,20000
057806,國巨元大98購20  ,0,0,0,0,0,0,0,0,0,20000,0,0,0,20000,0,20000,20000
055744,茂林元富97購02  ,0,0,0,0,0,0,0,0,0,20000,0,0,0,20000,0,20000,20000
061109,臻鼎元大9A購03  ,0,0,0,0,0,0,0,0,0,20000,0,0,0,106000,86000,20000,20000
059871,義隆凱基99購03  ,0,0,0,0,0,0,0,0,0,20000,0,0,0,20000,0,20000,20000
057568,友訊永豐99購01  ,0,0,0,0,0,0,0,0,0,20000,0,0,0,88000,68000,20000,20000
057541,台灣50康和9A購04,0,0,0,0,0,0,0,0,0,20000,0,0,0,20000,0,20000,20000
055780,禾伸堂凱基99購01,0,0,0,0,0,0,0,0,0,20000,0,0,0,20000,0,20000,20000
054816,聯發科元大97購12,0,0,0,0,0,0,0,0,0,20000,0,0,0,22000,2000,20000,20000
054707,聯茂亞東97購01  ,0,0,0,0,0,0,0,0,0,20000,0,0,0,20000,0,20000,20000
054420,緯穎元大96購08  ,75000,0,75000,0,0,0,0,0,0,-55000,0,0,0,20000,75000,-55000,20000
054353,世紀鋼國泰98購01,0,0,0,0,0,0,0,0,0,20000,0,0,0,20000,0,20000,20000
054101,茂林國票97購04  ,0,0,0,0,0,0,0,0,0,20000,0,0,0,20000,0,20000,20000
054129,技嘉元大96購02  ,0,0,0,0,0,0,0,0,0,20000,0,0,0,20000,0,20000,20000
054134,強茂元大96購01  ,0,0,0,0,0,0,0,0,0,20000,0,0,0,20000,0,20000,20000
054201,聯詠富邦97購02  ,0,0,0,0,0,0,0,0,0,20000,0,0,0,20000,0,20000,20000
054185,喬山永豐96購02  ,0,0,0,0,0,0,0,0,0,20000,0,0,0,20000,0,20000,20000
056557,世紀鋼凱基98購02,0,0,0,0,0,0,0,0,0,20000,0,0,0,20000,0,20000,20000
056553,啟碁凱基98購02  ,0,0,0,0,0,0,0,0,0,20000,0,0,0,20000,0,20000,20000
053458,聯詠國泰97購01  ,0,0,0,0,0,0,0,0,0,20000,0,0,0,20000,0,20000,20000
053481,同欣電元大97購01,0,0,0,0,0,0,0,0,0,20000,0,0,0,20000,0,20000,20000
053817,華新科群益97購02,0,0,0,0,0,0,0,0,0,20000,0,0,0,25000,5000,20000,20000
053723,奇鋐凱基98購01  ,0,0,0,0,0,0,0,0,0,20000,0,0,0,20000,0,20000,20000
056680,華通統一98購04  ,0,0,0,0,0,0,0,0,0,20000,0,0,0,20000,0,20000,20000
056672,元油2X元富98購10,0,0,0,0,0,0,0,0,0,20000,0,0,0,20000,0,20000,20000
057699,可成群益9A購02  ,0,0,0,0,0,0,0,0,0,20000,0,0,0,41000,21000,20000,20000
052936,華通兆豐98購01  ,0,0,0,0,0,0,0,0,0,20000,0,0,0,30000,10000,20000,20000
052937,國巨兆豐97購01  ,0,0,0,0,0,0,0,0,0,20000,0,0,0,20000,0,20000,20000
03604P,群創凱基98售05  ,0,0,0,0,0,0,0,0,0,20000,0,0,0,20000,0,20000,20000
05305P,華新科國泰97售01,0,0,0,0,0,0,0,0,0,20000,0,0,0,40000,20000,20000,20000
050161,鴻海國泰96購03  ,0,0,0,0,0,0,0,0,0,20000,0,0,0,20000,0,20000,20000
050188,貿聯元大96購01  ,0,0,0,0,0,0,0,0,0,20000,0,0,0,20000,0,20000,20000
050392,群創統一96購01  ,0,0,0,0,0,0,0,0,0,20000,0,0,0,20000,0,20000,20000
050758,聯發科元富9B購01,0,0,0,0,0,0,0,0,0,20000,0,0,0,20000,0,20000,20000
048572,美利達元大96購04,0,0,0,0,0,0,0,0,0,20000,0,0,0,20000,0,20000,20000
051756,台積電元大97購04,0,0,0,0,0,0,0,0,0,20000,0,0,0,20000,0,20000,20000
052126,群創國票97購01  ,0,0,0,0,0,0,0,0,0,20000,0,0,0,20000,0,20000,20000
055404,超眾元富97購01  ,0,0,0,0,0,0,0,0,0,20000,0,0,0,20000,0,20000,20000
055172,凱美統一97購02  ,0,0,0,0,0,0,0,0,0,20000,0,0,0,20000,0,20000,20000
060260,京鼎凱基9C購01  ,0,0,0,0,0,0,0,0,0,20000,0,0,0,30000,10000,20000,20000
060275,元黃金元大9A購01,0,0,0,0,0,0,0,0,0,20000,0,0,0,20000,0,20000,20000
060361,南亞科元富9A購03,0,0,0,0,0,0,0,0,0,20000,0,0,0,20000,0,20000,20000
060350,元黃金元富9B購01,0,0,0,0,0,0,0,0,0,20000,0,0,0,30000,10000,20000,20000
057841,茂林富邦9A購02  ,0,0,0,0,0,0,0,0,0,20000,0,0,0,119000,99000,20000,20000
059786,全新元大99購06  ,0,0,0,0,0,0,0,0,0,20000,0,0,0,45000,25000,20000,20000
057949,南電國票99購01  ,0,0,0,0,0,0,0,0,0,20000,0,0,0,26000,6000,20000,20000
060680,玉晶光元大9C購03,0,0,0,0,0,0,0,0,0,20000,0,0,0,21000,1000,20000,20000
060687,GIS元大9A購01   ,0,0,0,0,0,0,0,0,0,20000,0,0,0,20000,0,20000,20000
060515,臺股指元大9B購12,0,0,0,0,0,0,0,0,0,20000,0,0,0,20000,0,20000,20000
061754,晶技麥證9B購01  ,0,0,0,20000,0,20000,0,0,0,20000,0,0,0,20000,0,20000,20000
061955,FANG+統一9B購01 ,0,0,0,0,0,0,0,0,0,20000,0,0,0,20000,0,20000,20000
062050,亞德客統一9C購01,0,0,0,0,0,0,0,0,0,20000,0,0,0,20000,0,20000,20000
058157,華通台新99購01  ,0,0,0,0,0,0,0,0,0,20000,0,0,0,20000,0,20000,20000
059081,和大元大99購01  ,0,0,0,0,0,0,0,0,0,20000,0,0,0,20000,0,20000,20000
058104,國巨統一9A購04  ,0,0,0,0,0,0,0,0,0,20000,0,0,0,20000,0,20000,20000
059020,元油2X統一9B購02,0,0,0,0,0,0,0,0,0,20000,0,0,0,20000,0,20000,20000
059139,全新兆豐9A購01  ,0,0,0,0,0,0,0,0,0,20000,0,0,0,96000,76000,20000,20000
060887,台積電統一01購01,0,0,0,0,0,0,0,0,0,20000,0,0,0,50000,30000,20000,20000
058829,華新科永豐99購04,0,0,0,0,0,0,0,0,0,20000,0,0,0,20000,0,20000,20000
058800,健策元大99購03  ,0,0,0,0,0,0,0,0,0,20000,0,0,0,20000,0,20000,20000
060807,新光金群益9A購01,0,0,0,0,0,0,0,0,0,20000,0,0,0,121000,101000,20000,20000
058748,景碩凱基9A購01  ,0,0,0,0,0,0,0,0,0,20000,0,0,0,45000,25000,20000,20000
061519,T50反1中信03購01,0,0,0,0,0,0,0,0,0,20000,0,0,0,20000,0,20000,20000
06124P,超眾元大97售03  ,0,0,0,0,0,0,0,0,0,20000,0,0,0,20000,0,20000,20000
061429,南六元大9A購02  ,0,0,0,0,0,0,0,0,0,20000,0,0,0,21000,1000,20000,20000
061347,創意元大9A購02  ,0,0,0,0,0,0,0,0,0,20000,0,0,0,50000,30000,20000,20000
059238,台積電凱基99購11,0,0,0,0,0,0,0,0,0,20000,0,0,0,21000,1000,20000,20000
059333,滬深2X國票9A購03,0,0,0,0,0,0,0,0,0,20000,0,0,0,20000,0,20000,20000
059346,新日興凱基99購03,0,0,0,0,0,0,0,0,0,20000,0,0,0,20000,0,20000,20000
059355,國巨富邦9B購03  ,0,0,0,0,0,0,0,0,0,20000,0,0,0,20000,0,20000,20000
059276,可成元大99購06  ,0,0,0,0,0,0,0,0,0,20000,0,0,0,24000,4000,20000,20000
058502,鴻海元大99購13  ,0,0,0,0,0,0,0,0,0,20000,0,0,0,30000,10000,20000,20000
058456,京鼎永豐99購01  ,0,0,0,0,0,0,0,0,0,20000,0,0,0,20000,0,20000,20000
060066,欣興兆豐9B購01  ,0,0,0,0,0,0,0,0,0,20000,0,0,0,20000,0,20000,20000
061552,南六群益9A購02  ,0,0,0,0,0,0,0,0,0,20000,0,0,0,20000,0,20000,20000
06395P,台積電元大97售29,0,0,0,0,0,0,0,0,0,20000,0,0,0,40000,20000,20000,20000
064141,國巨統一01購08  ,0,0,0,0,0,0,0,0,0,20000,0,0,0,84000,64000,20000,20000
064032,群創元大9C購06  ,0,0,0,0,0,0,0,0,0,20000,0,0,0,65000,45000,20000,20000
064080,宏達電中信06購01,0,0,0,0,0,0,0,0,0,20000,0,0,0,20000,0,20000,20000
064062,創意國泰01購01  ,0,0,0,0,0,0,0,0,0,20000,0,0,0,20000,0,20000,20000
064182,臻鼎富邦01購01  ,0,0,0,0,0,0,0,0,0,20000,0,0,0,20000,0,20000,20000
064556,華通群益02購02  ,0,0,0,0,0,0,0,0,0,20000,0,0,0,54000,34000,20000,20000
062663,聯發科群益9B購07,0,0,0,0,0,0,0,0,0,20000,0,0,0,20000,0,20000,20000
062652,上証2X永豐9B購01,0,0,0,0,0,0,0,0,0,20000,0,0,0,25000,5000,20000,20000
062626,台積電國票9C購04,0,0,0,0,0,0,0,0,0,20000,0,0,0,112000,92000,20000,20000
062717,華邦電凱基9C購01,0,0,0,0,0,0,0,0,0,20000,0,0,0,58000,38000,20000,20000
06243P,亞光元富97售01  ,0,0,0,0,0,0,0,0,0,20000,0,0,0,20000,0,20000,20000
06234P,亞德客元大97售02,0,0,0,0,0,0,0,0,0,20000,0,0,0,20000,0,20000,20000
062161,南六凱基9C購01  ,0,0,0,0,0,0,0,0,0,20000,0,0,0,30000,10000,20000,20000
063310,和大群益9B購02  ,0,0,0,0,0,0,0,0,0,20000,0,0,0,45000,25000,20000,20000
063152,健策元富9C購01  ,0,0,0,0,0,0,0,0,0,20000,0,0,0,30000,10000,20000,20000
062874,微星兆豐9B購01  ,0,0,0,0,0,0,0,0,0,20000,0,0,0,24000,4000,20000,20000
06558P,旺宏元富98售02  ,0,0,0,0,0,0,0,0,0,19000,0,0,0,19000,0,19000,19000
07069P,欣興元富99售02  ,0,0,0,0,0,0,0,0,0,19000,0,0,0,27000,8000,19000,19000
07944P,華新科元大9B售08,0,0,0,0,0,0,0,0,0,19000,0,0,0,19000,0,19000,19000
08067P,大立光凱基9B售08,0,0,0,0,0,0,0,0,0,19000,0,0,0,118000,99000,19000,19000
08180P,聯發科國泰01售05,0,0,0,0,0,0,0,0,0,19000,0,0,0,19000,0,19000,19000
07193P,聯發科元大99售24,0,0,0,0,0,0,0,0,0,19000,0,0,0,20000,1000,19000,19000
08225P,臺股指凱基9B售20,0,0,0,0,0,0,0,0,0,19000,0,0,0,125000,106000,19000,19000
2538,基泰            ,70000,51000,19000,0,0,0,0,0,0,0,0,0,0,0,0,0,19000
8033,雷虎            ,89000,70000,19000,0,0,0,0,0,0,0,0,0,0,0,0,0,19000
053056,同欣電國票97購01,0,0,0,0,0,0,0,0,0,19000,0,0,0,19000,0,19000,19000
054215,創意國票97購02  ,0,0,0,0,0,0,0,0,0,19000,0,0,0,19000,0,19000,19000
060757,台積電元大9A購18,0,0,0,0,0,0,0,0,0,19000,0,0,0,19000,0,19000,19000
057816,欣興元大98購13  ,0,0,0,0,0,0,0,0,0,19000,0,0,0,233000,214000,19000,19000
056397,彩晶永豐99購01  ,0,0,0,0,0,0,0,0,0,19000,0,0,0,19000,0,19000,19000
056233,超眾凱基97購02  ,0,0,0,0,0,0,0,0,0,19000,0,0,0,62000,43000,19000,19000
056980,建準群益98購02  ,0,0,0,0,0,0,0,0,0,19000,0,0,0,27000,8000,19000,19000
060089,台積電元大99購54,0,0,0,0,0,0,0,0,0,19000,0,0,0,20000,1000,19000,19000
061473,台積電元大9A購33,0,0,0,0,0,0,0,0,0,19000,0,0,0,19000,0,19000,19000
058736,鈺齊永豐99購02  ,0,0,0,0,0,0,0,0,0,19000,0,0,0,155000,136000,19000,19000
059979,台積電元大99購49,0,0,0,0,0,0,0,0,0,19000,0,0,0,19000,0,19000,19000
061907,裕隆中信9B購01  ,0,0,0,0,0,0,0,0,0,19000,0,0,0,20000,1000,19000,19000
061892,亞德客永豐9B購01,0,0,0,0,0,0,0,0,0,19000,0,0,0,34000,15000,19000,19000
057882,華通群益9A購03  ,0,0,0,0,0,0,0,0,0,19000,0,0,0,37000,18000,19000,19000
059842,台積電富邦9C購05,0,0,0,0,0,0,0,0,0,19000,0,0,0,19000,0,19000,19000
063146,南六統一9B購02  ,0,0,0,0,0,0,0,0,0,19000,0,0,0,195000,176000,19000,19000
063435,儒鴻統一01購02  ,0,0,0,0,0,0,0,0,0,19000,0,0,0,258000,239000,19000,19000
063478,GIS元大9B購03   ,0,0,0,0,0,0,0,0,0,19000,0,0,0,50000,31000,19000,19000
062141,遠東新國票9B購01,0,0,0,0,0,0,0,0,0,19000,0,0,0,19000,0,19000,19000
064459,創意統一02購01  ,0,0,0,0,0,0,0,0,0,19000,0,0,0,20000,1000,19000,19000
2701,萬企            ,20000,2000,18000,0,0,0,0,0,0,0,0,0,0,0,0,0,18000
07653P,華新科群益9A售05,0,0,0,0,0,0,0,0,0,18000,0,0,0,18000,0,18000,18000
06667P,鴻海凱基98售11  ,0,0,0,0,0,0,0,0,0,18000,0,0,0,42000,24000,18000,18000
06688P,鴻海中信02售01  ,0,0,0,0,0,0,0,0,0,18000,0,0,0,48000,30000,18000,18000
056079,世紀鋼元大97購02,0,0,0,0,0,0,0,0,0,18000,0,0,0,18000,0,18000,18000
057547,技嘉凱基99購01  ,0,0,0,0,0,0,0,0,0,18000,0,0,0,21000,3000,18000,18000
057084,立積統一9B購01  ,0,0,0,0,0,0,0,0,0,18000,0,0,0,18000,0,18000,18000
055816,新日興國票98購01,0,0,0,0,0,0,0,0,0,18000,0,0,0,37000,19000,18000,18000
057377,康控元大99購02  ,0,0,0,0,0,0,0,0,0,18000,0,0,0,240000,222000,18000,18000
054188,欣興永豐96購03  ,0,0,0,0,0,0,0,0,0,18000,0,0,0,18000,0,18000,18000
054748,正文凱基98購01  ,0,0,0,0,0,0,0,0,0,18000,0,0,0,18000,0,18000,18000
052447,聯發科元大96購04,0,0,0,0,0,0,0,0,0,18000,0,0,0,18000,0,18000,18000
03433B,臺股指元大9C熊01,0,0,0,0,0,0,0,0,0,18000,0,0,0,30000,12000,18000,18000
060294,嘉澤元大9A購01  ,0,0,0,0,0,0,0,0,0,18000,0,0,0,28000,10000,18000,18000
060557,南電凱基9A購02  ,0,0,0,0,0,0,0,0,0,18000,0,0,0,18000,0,18000,18000
058791,鴻海元大99購17  ,0,0,0,0,0,0,0,0,0,18000,0,0,0,18000,0,18000,18000
058898,台積電元大99購20,0,0,0,0,0,0,0,0,0,18000,0,0,0,38000,20000,18000,18000
061442,玉晶光永豐9A購07,0,0,0,0,0,0,0,0,0,18000,0,0,0,127000,109000,18000,18000
061586,智邦富邦9A購02  ,0,0,0,0,0,0,0,0,0,18000,0,0,0,20000,2000,18000,18000
058632,世紀鋼國票9A購01,0,0,0,0,0,0,0,0,0,18000,0,0,0,18000,0,18000,18000
064315,創意群益9C購01  ,0,0,0,0,0,0,0,0,0,18000,0,0,0,87000,69000,18000,18000
063333,同欣電國票9C購01,0,0,0,0,0,0,0,0,0,18000,0,0,0,112000,94000,18000,18000
063170,智邦第一9B購01  ,0,0,0,0,0,0,0,0,0,18000,0,0,0,18000,0,18000,18000
062872,華通兆豐9C購01  ,0,0,0,0,0,0,0,0,0,18000,0,0,0,40000,22000,18000,18000
062992,聯發科群益9B購09,0,0,0,0,0,0,0,0,0,18000,0,0,0,18000,0,18000,18000
2456,奇力新          ,622000,309007,312993,0,0,0,1000,296000,-295000,0,0,0,0,6000,6000,0,17993
08250P,GIS群益9C售02   ,0,0,0,0,0,0,0,0,0,17000,0,0,0,85000,68000,17000,17000
2617,台航            ,282000,265000,17000,0,0,0,0,0,0,0,0,0,0,0,0,0,17000
3311,閎暉            ,40000,23000,17000,0,0,0,0,0,0,0,0,0,0,0,0,0,17000
06799P,臺股指凱基98售09,0,0,0,0,0,0,0,0,0,17000,0,0,0,17000,0,17000,17000
07385P,緯穎群益99售04  ,0,0,0,0,0,0,0,0,0,17000,0,0,0,17000,0,17000,17000
08019P,緯穎國票9B售02  ,0,0,0,0,0,0,0,0,0,17000,0,0,0,17000,0,17000,17000
03424B,臺股指元大96熊26,0,0,0,0,0,0,0,0,0,17000,0,0,0,17000,0,17000,17000
054231,國巨群益98購03  ,0,0,0,0,0,0,0,0,0,17000,0,0,0,27000,10000,17000,17000
057494,玉晶光元大99購09,0,0,0,0,0,0,0,0,0,17000,0,0,0,23000,6000,17000,17000
055850,聯詠元大97購06  ,0,0,0,0,0,0,0,0,0,17000,0,0,0,106000,89000,17000,17000
061023,茂林國泰9B購02  ,0,0,0,0,0,0,0,0,0,17000,0,0,0,31000,14000,17000,17000
060984,南亞科元大9A購07,0,0,0,0,0,0,0,0,0,17000,0,0,0,17000,0,17000,17000
057221,華通國票98購03  ,0,0,0,0,0,0,0,0,0,17000,0,0,0,38000,21000,17000,17000
056325,群創兆豐9A購01  ,0,0,0,0,0,0,0,0,0,17000,0,0,0,17000,0,17000,17000
056379,玉晶光元富98購01,0,0,0,0,0,0,0,0,0,17000,0,0,0,35000,18000,17000,17000
060159,健和興永豐9A購01,0,0,0,0,0,0,0,0,0,17000,0,0,0,20000,3000,17000,17000
058322,玉晶光永豐99購02,0,0,0,0,0,0,0,0,0,17000,0,0,0,25000,8000,17000,17000
061476,大毅元大9A購02  ,0,0,0,0,0,0,0,0,0,17000,0,0,0,20000,3000,17000,17000
060591,富邦金台新9A購01,0,0,0,0,0,0,0,0,0,17000,0,0,0,17000,0,17000,17000
059663,旭富元大9C購02  ,0,0,0,0,0,0,0,0,0,17000,0,0,0,80000,63000,17000,17000
062913,創意元大9B購02  ,0,0,0,0,0,0,0,0,0,17000,0,0,0,47000,30000,17000,17000
063084,可成凱基9C購01  ,0,0,0,0,0,0,0,0,0,17000,0,0,0,41000,24000,17000,17000
063257,牧德國泰01購01  ,0,0,0,0,0,0,0,0,0,17000,0,0,0,43000,26000,17000,17000
063440,上銀統一01購02  ,0,0,0,0,0,0,0,0,0,17000,0,0,0,52000,35000,17000,17000
063502,南電永豐9B購02  ,0,0,0,0,0,0,0,0,0,17000,0,0,0,31000,14000,17000,17000
062204,京元電國票9C購01,0,0,0,0,0,0,0,0,0,17000,0,0,0,55000,38000,17000,17000
06242P,大立光元富9A售02,0,0,0,0,0,0,0,0,0,17000,0,0,0,63000,46000,17000,17000
062716,鴻海凱基9B購06  ,0,0,0,0,0,0,0,0,0,17000,0,0,0,50000,33000,17000,17000
062775,大成鋼元大9B購02,0,0,0,0,0,0,0,0,0,17000,0,0,0,137000,120000,17000,17000
064042,國巨統一9C購12  ,0,0,0,0,0,0,0,0,0,17000,0,0,0,115000,98000,17000,17000
064109,上銀國票01購01  ,0,0,0,0,0,0,0,0,0,17000,0,0,0,32000,15000,17000,17000
06581P,南亞科凱基98售04,0,0,0,0,0,0,0,0,0,16000,0,0,0,32000,16000,16000,16000
6277,宏正            ,66000,51000,15000,0,0,0,1000,0,1000,0,0,0,0,0,0,0,16000
1514,亞力            ,286000,270000,16000,0,0,0,0,0,0,0,0,0,0,0,0,0,16000
057181,亞光元大98購02  ,0,0,0,0,0,0,0,0,0,16000,0,0,0,100000,84000,16000,16000
056755,聯茂兆豐98購01  ,0,0,0,0,0,0,0,0,0,16000,0,0,0,26000,10000,16000,16000
059919,宏達電元大99購06,0,0,0,0,0,0,0,0,0,16000,0,0,0,48000,32000,16000,16000
054846,瑞昱兆豐97購01  ,0,0,0,0,0,0,0,0,0,16000,0,0,0,16000,0,16000,16000
053061,GIS富邦97購01   ,0,0,0,0,0,0,0,0,0,16000,0,0,0,16000,0,16000,16000
052695,台表科中信98購01,0,0,0,0,0,0,0,0,0,16000,0,0,0,36000,20000,16000,16000
059692,聯詠永豐99購01  ,0,0,0,0,0,0,0,0,0,16000,0,0,0,19000,3000,16000,16000
060238,強茂元大9C購01  ,0,0,0,0,0,0,0,0,0,16000,0,0,0,46000,30000,16000,16000
060248,日月光元大9A購01,0,0,0,0,0,0,0,0,0,16000,0,0,0,49000,33000,16000,16000
061781,台積電群益9C購01,0,0,0,0,0,0,0,0,0,16000,0,0,0,53000,37000,16000,16000
062029,牧德群益9B購03  ,0,0,0,0,0,0,0,0,0,16000,0,0,0,98000,82000,16000,16000
061987,大立光元大9B購03,0,0,0,0,0,0,0,0,0,16000,0,0,0,21000,5000,16000,16000
061924,聯發科凱基9C購01,0,0,0,0,0,0,0,0,0,16000,0,0,0,20000,4000,16000,16000
061412,儒鴻群益9A購01  ,0,0,0,0,0,0,0,0,0,16000,0,0,0,16000,0,16000,16000
058892,元油2X元大9C購08,0,0,0,0,0,0,0,0,0,16000,0,0,0,20000,4000,16000,16000
058895,鴻海元大99購20  ,0,0,0,0,0,0,0,0,0,16000,0,0,0,16000,0,16000,16000
059311,元石油元大99購04,0,0,0,0,0,0,0,0,0,16000,0,0,0,16000,0,16000,16000
059395,T50反1元富99購03,0,0,0,0,0,0,0,0,0,16000,0,0,0,121000,105000,16000,16000
059350,樺漢凱基9A購01  ,0,0,0,0,0,0,0,0,0,16000,0,0,0,16000,0,16000,16000
058587,台積電中信9C購03,0,0,0,0,0,0,0,0,0,16000,0,0,0,60000,44000,16000,16000
058617,南電元大99購01  ,0,0,0,0,0,0,0,0,0,16000,0,0,0,20000,4000,16000,16000
064572,同欣電群益9C購02,0,0,0,0,0,0,0,0,0,16000,0,0,0,208000,192000,16000,16000
062148,奇鋐國票9B購01  ,0,0,0,0,0,0,0,0,0,16000,0,0,0,16000,0,16000,16000
06339P,上銀統一97售06  ,0,0,0,0,0,0,0,0,0,16000,0,0,0,16000,0,16000,16000
063181,聚陽凱基9B購01  ,0,0,0,0,0,0,0,0,0,16000,0,0,0,16000,0,16000,16000
062865,臺股指國票9B購22,0,0,0,0,0,0,0,0,0,16000,0,0,0,74000,58000,16000,16000
1463,強盛            ,28000,13000,15000,0,0,0,0,0,0,0,0,0,0,0,0,0,15000
1727,中華化          ,22000,7000,15000,0,0,0,0,0,0,0,0,0,0,0,0,0,15000
08261P,玉晶光元大9C售08,0,0,0,0,0,0,0,0,0,15000,0,0,0,115000,100000,15000,15000
08353P,聯電元大9C售04  ,0,0,0,0,0,0,0,0,0,15000,0,0,0,17000,2000,15000,15000
1104,環泥            ,35000,20000,15000,0,0,0,0,0,0,0,0,0,0,0,0,0,15000
08442P,臺股指麥證01售01,0,0,0,15000,0,15000,0,0,0,15000,0,0,0,15000,0,15000,15000
5907,大洋-KY         ,35000,20000,15000,0,0,0,0,0,0,0,0,0,0,0,0,0,15000
8101,華冠            ,16000,1000,15000,0,0,0,0,0,0,0,0,0,0,0,0,0,15000
910861,神州-DR         ,15000,0,15000,0,0,0,0,0,0,0,0,0,0,0,0,0,15000
3504,揚明光          ,163000,143000,20000,0,0,0,1000,0,1000,-6000,1000,0,1000,0,7000,-7000,15000
2516,新建            ,21000,6000,15000,0,0,0,0,0,0,0,0,0,0,0,0,0,15000
06926P,可成群益9A售04  ,0,0,0,0,0,0,0,0,0,15000,0,0,0,19000,4000,15000,15000
06887P,華新科元大98售04,0,0,0,0,0,0,0,0,0,15000,0,0,0,15000,0,15000,15000
06507P,台表科國票99售01,0,0,0,0,0,0,0,0,0,15000,0,0,0,15000,0,15000,15000
08094P,華新科元富9B售05,0,0,0,0,0,0,0,0,0,15000,0,0,0,37000,22000,15000,15000
07795P,美律國票9A售03  ,0,0,0,0,0,0,0,0,0,15000,0,0,0,93000,78000,15000,15000
07148P,富邦金元大99售01,0,0,0,0,0,0,0,0,0,15000,0,0,0,85000,70000,15000,15000
055173,瑞昱統一97購01  ,0,0,0,0,0,0,0,0,0,15000,0,0,0,15000,0,15000,15000
055136,聯發科富邦99購06,0,0,0,0,0,0,0,0,0,15000,0,0,0,15000,0,15000,15000
054510,S&P反1元大98購01,0,0,0,0,0,0,0,0,0,15000,0,0,0,15000,0,15000,15000
053438,玉晶光麥證97購02,0,0,0,15000,0,15000,0,0,0,15000,0,0,0,15000,0,15000,15000
053387,緯創元大97購01  ,0,0,0,0,0,0,0,0,0,15000,0,0,0,15000,0,15000,15000
056548,瀚宇博凱基98購02,0,0,0,0,0,0,0,0,0,15000,0,0,0,46000,31000,15000,15000
059920,宏達電元大99購07,0,0,0,0,0,0,0,0,0,15000,0,0,0,167000,152000,15000,15000
058684,健策凱基99購02  ,0,0,0,0,0,0,0,0,0,15000,0,0,0,15000,0,15000,15000
058718,台灣50元富03購01,0,0,0,0,0,0,0,0,0,15000,0,0,0,15000,0,15000,15000
061010,上銀麥證9A購02  ,0,0,0,15000,0,15000,0,0,0,15000,0,0,0,15000,0,15000,15000
061036,晶技永豐9A購03  ,0,0,0,0,0,0,0,0,0,15000,0,0,0,15000,0,15000,15000
060978,國巨元大9A購13  ,0,0,0,0,0,0,0,0,0,15000,0,0,0,16000,1000,15000,15000
05582P,群創凱基98售06  ,0,0,0,0,0,0,0,0,0,15000,0,0,0,20000,5000,15000,15000
056365,欣興元大98購01  ,0,0,0,0,0,0,0,0,0,15000,0,0,0,106000,91000,15000,15000
056353,鴻海元大99購02  ,0,0,0,0,0,0,0,0,0,15000,0,0,0,15000,0,15000,15000
058999,台積電元大99購24,0,0,0,0,0,0,0,0,0,15000,0,0,0,15000,0,15000,15000
060157,致茂永豐9A購02  ,0,0,0,0,0,0,0,0,0,15000,0,0,0,931000,916000,15000,15000
059250,大立光凱基99購06,0,0,0,0,0,0,0,0,0,15000,0,0,0,20000,5000,15000,15000
058343,台積電群益99購02,0,0,0,0,0,0,0,0,0,15000,0,0,0,15000,0,15000,15000
058479,亞光凱基9A購01  ,0,0,0,0,0,0,0,0,0,15000,0,0,0,50000,35000,15000,15000
060946,世紀鋼國票9A購02,0,0,0,0,0,0,0,0,0,15000,0,0,0,20000,5000,15000,15000
061409,力成國票9A購02  ,0,0,0,0,0,0,0,0,0,15000,0,0,0,24000,9000,15000,15000
061233,國巨元大9A購17  ,0,0,0,0,0,0,0,0,0,15000,0,0,0,15000,0,15000,15000
061275,臺股指凱基9A購25,0,0,0,0,0,0,0,0,0,15000,0,0,0,139000,124000,15000,15000
061178,晶技凱基9B購01  ,0,0,0,0,0,0,0,0,0,15000,0,0,0,20000,5000,15000,15000
061916,元金2X凱基02購01,0,0,0,0,0,0,0,0,0,15000,0,0,0,25000,10000,15000,15000
061908,台積電中信05購01,0,0,0,0,0,0,0,0,0,15000,0,0,0,25000,10000,15000,15000
059062,群創凱基99購05  ,0,0,0,0,0,0,0,0,0,15000,0,0,0,17000,2000,15000,15000
058055,華擎統一9A購01  ,0,0,0,0,0,0,0,0,0,15000,0,0,0,20000,5000,15000,15000
061940,世紀鋼國票9C購01,0,0,0,0,0,0,0,0,0,15000,0,0,0,25000,10000,15000,15000
061764,旺宏元大9B購01  ,0,0,0,0,0,0,0,0,0,15000,0,0,0,65000,50000,15000,15000
061770,泰碩元大9B購02  ,0,0,0,0,0,0,0,0,0,15000,0,0,0,35000,20000,15000,15000
059719,台積電元大99購42,0,0,0,0,0,0,0,0,0,15000,0,0,0,17000,2000,15000,15000
062939,奇力新凱基9B購02,0,0,0,0,0,0,0,0,0,15000,0,0,0,15000,0,15000,15000
063190,聯茂凱基9B購01  ,0,0,0,0,0,0,0,0,0,15000,0,0,0,15000,0,15000,15000
063131,聯茂元大9B購03  ,0,0,0,0,0,0,0,0,0,15000,0,0,0,68000,53000,15000,15000
06328P,台積電中信01售02,0,0,0,0,0,0,0,0,0,15000,0,0,0,186000,171000,15000,15000
062230,緯穎統一01購01  ,0,0,0,0,0,0,0,0,0,15000,0,0,0,60000,45000,15000,15000
062231,台光電麥證9C購01,0,0,0,54000,39000,15000,0,0,0,15000,0,0,0,54000,39000,15000,15000
062404,新唐永豐9B購01  ,0,0,0,0,0,0,0,0,0,15000,0,0,0,15000,0,15000,15000
062315,健策凱基9C購01  ,0,0,0,0,0,0,0,0,0,15000,0,0,0,15000,0,15000,15000
062657,華新科第一9B購01,0,0,0,0,0,0,0,0,0,15000,0,0,0,15000,0,15000,15000
062512,美食國票9B購01  ,0,0,0,0,0,0,0,0,0,15000,0,0,0,57000,42000,15000,15000
064577,大立光國泰02購01,0,0,0,0,0,0,0,0,0,15000,0,0,0,15000,0,15000,15000
064499,可成元大9C購07  ,0,0,0,0,0,0,0,0,0,15000,0,0,0,20000,5000,15000,15000
064490,金像電元大9C購02,0,0,0,0,0,0,0,0,0,15000,0,0,0,15000,0,15000,15000
063975,台積電兆豐9C購01,0,0,0,0,0,0,0,0,0,15000,0,0,0,103000,88000,15000,15000
063639,華擎元大9C購03  ,0,0,0,0,0,0,0,0,0,15000,0,0,0,81000,66000,15000,15000
063603,友達凱基9B購05  ,0,0,0,0,0,0,0,0,0,15000,0,0,0,50000,35000,15000,15000
07137P,大立光中信9B售01,0,0,0,0,0,0,0,0,0,14000,0,0,0,14000,0,14000,14000
07695P,台郡元大9A售02  ,0,0,0,0,0,0,0,0,0,14000,0,0,0,14000,0,14000,14000
07956P,鴻海群益9B售06  ,0,0,0,0,0,0,0,0,0,14000,0,0,0,54000,40000,14000,14000
064890,聯電群益9C購02  ,0,0,0,0,0,0,0,0,0,14000,0,0,0,90000,76000,14000,14000
3013,晟銘電          ,22000,7000,15000,0,0,0,0,0,0,-1000,0,1000,-1000,0,0,0,14000
3694,海華            ,37000,23000,14000,0,0,0,0,0,0,0,1000,1000,0,0,0,0,14000
056333,台積電日盛9B購01,0,0,0,0,0,0,0,0,0,14000,0,0,0,225000,211000,14000,14000
061032,金像電永豐9A購03,0,0,0,0,0,0,0,0,0,14000,0,0,0,51000,37000,14000,14000
054259,健策元大97購03  ,0,0,0,0,0,0,0,0,0,14000,0,0,0,14000,0,14000,14000
050493,聯發科永昌96購01,0,0,0,0,0,0,0,0,0,14000,0,0,0,15000,1000,14000,14000
052747,京鼎元大97購01  ,0,0,0,0,0,0,0,0,0,14000,0,0,0,34000,20000,14000,14000
059791,超眾元大99購06  ,0,0,0,0,0,0,0,0,0,14000,0,0,0,26000,12000,14000,14000
059783,旺宏元大99購17  ,0,0,0,0,0,0,0,0,0,14000,0,0,0,25000,11000,14000,14000
057919,技嘉凱基98購03  ,0,0,0,0,0,0,0,0,0,14000,0,0,0,18000,4000,14000,14000
061772,健策元大9B購06  ,0,0,0,0,0,0,0,0,0,14000,0,0,0,186000,172000,14000,14000
061939,中租國票9B購01  ,0,0,0,0,0,0,0,0,0,14000,0,0,0,44000,30000,14000,14000
062083,健策元大9C購03  ,0,0,0,0,0,0,0,0,0,14000,0,0,0,29000,15000,14000,14000
058166,鴻海凱基9A購01  ,0,0,0,0,0,0,0,0,0,14000,0,0,0,50000,36000,14000,14000
061139,玉晶光統一9C購02,0,0,0,0,0,0,0,0,0,14000,0,0,0,20000,6000,14000,14000
060105,牧德元大9B購01  ,0,0,0,0,0,0,0,0,0,14000,0,0,0,16000,2000,14000,14000
060120,聯電富邦9B購01  ,0,0,0,0,0,0,0,0,0,14000,0,0,0,14000,0,14000,14000
060052,宏碁凱基99購01  ,0,0,0,0,0,0,0,0,0,14000,0,0,0,16000,2000,14000,14000
063914,和碩凱基9C購01  ,0,0,0,0,0,0,0,0,0,14000,0,0,0,217000,203000,14000,14000
06405P,億光元富97售02  ,0,0,0,0,0,0,0,0,0,14000,0,0,0,20000,6000,14000,14000
064726,創意統一01購03  ,0,0,0,0,0,0,0,0,0,14000,0,0,0,14000,0,14000,14000
062690,華擎統一9B購01  ,0,0,0,0,0,0,0,0,0,14000,0,0,0,57000,43000,14000,14000
062232,聯詠麥證9C購01  ,0,0,0,14000,0,14000,0,0,0,14000,0,0,0,14000,0,14000,14000
062150,南六國票9B購01  ,0,0,0,0,0,0,0,0,0,14000,0,0,0,14000,0,14000,14000
063300,華通凱基9B購05  ,0,0,0,0,0,0,0,0,0,14000,0,0,0,59000,45000,14000,14000
063395,金像電群益9B購02,0,0,0,0,0,0,0,0,0,14000,0,0,0,30000,16000,14000,14000
063494,金像電富邦9B購01,0,0,0,0,0,0,0,0,0,14000,0,0,0,25000,11000,14000,14000
063445,金像電統一9B購01,0,0,0,0,0,0,0,0,0,14000,0,0,0,15000,1000,14000,14000
063079,儒鴻凱基9B購01  ,0,0,0,0,0,0,0,0,0,14000,0,0,0,14000,0,14000,14000
3028,增你強          ,17000,4000,13000,0,0,0,0,0,0,0,0,0,0,0,0,0,13000
2539,櫻花建          ,21000,8000,13000,0,0,0,0,0,0,0,0,0,0,0,0,0,13000
2706,第一店          ,91000,78000,13000,0,0,0,0,0,0,0,0,0,0,0,0,0,13000
6504,南六            ,286000,488000,-202000,0,0,0,209000,0,209000,6000,47000,13000,34000,13000,41000,-28000,13000
06627P,華新科元富99售01,0,0,0,0,0,0,0,0,0,13000,0,0,0,19000,6000,13000,13000
07946P,華通統一9B售02  ,0,0,0,0,0,0,0,0,0,13000,0,0,0,50000,37000,13000,13000
07579P,聯茂元大9A售01  ,0,0,0,0,0,0,0,0,0,13000,0,0,0,93000,80000,13000,13000
055229,大毅國票97購02  ,0,0,0,0,0,0,0,0,0,13000,0,0,0,22000,9000,13000,13000
054347,上緯控國票96購02,0,0,0,0,0,0,0,0,0,13000,0,0,0,13000,0,13000,13000
054788,華新科群益98購02,0,0,0,0,0,0,0,0,0,13000,0,0,0,13000,0,13000,13000
054594,國巨麥證97購01  ,0,0,0,301000,0,301000,0,0,0,13000,0,0,0,301000,288000,13000,13000
057650,力成元大98購04  ,0,0,0,0,0,0,0,0,0,13000,0,0,0,13000,0,13000,13000
059873,華新科凱基99購09,0,0,0,0,0,0,0,0,0,13000,0,0,0,13000,0,13000,13000
056738,國巨凱基9A購02  ,0,0,0,0,0,0,0,0,0,13000,0,0,0,43000,30000,13000,13000
060203,緯穎元富9A購01  ,0,0,0,0,0,0,0,0,0,13000,0,0,0,50000,37000,13000,13000
060933,南電永豐9A購02  ,0,0,0,0,0,0,0,0,0,13000,0,0,0,23000,10000,13000,13000
061926,晶技凱基9B購02  ,0,0,0,0,0,0,0,0,0,13000,0,0,0,13000,0,13000,13000
059115,美食永豐99購01  ,0,0,0,0,0,0,0,0,0,13000,0,0,0,23000,10000,13000,13000
062006,瑞昱國泰9C購01  ,0,0,0,0,0,0,0,0,0,13000,0,0,0,13000,0,13000,13000
061871,瑞昱元大9B購01  ,0,0,0,0,0,0,0,0,0,13000,0,0,0,42000,29000,13000,13000
057936,健策群益99購01  ,0,0,0,0,0,0,0,0,0,13000,0,0,0,125000,112000,13000,13000
05954P,旺宏國票97售03  ,0,0,0,0,0,0,0,0,0,13000,0,0,0,13000,0,13000,13000
063068,聯發科國泰01購03,0,0,0,0,0,0,0,0,0,13000,0,0,0,40000,27000,13000,13000
062685,華新科統一9C購03,0,0,0,0,0,0,0,0,0,13000,0,0,0,13000,0,13000,13000
06260P,臺股指群益97售13,0,0,0,0,0,0,0,0,0,13000,0,0,0,39000,26000,13000,13000
063919,大立光元富03購01,0,0,0,0,0,0,0,0,0,13000,0,0,0,16000,3000,13000,13000
07898P,國巨國泰9C售02  ,0,0,0,0,0,0,0,0,0,12000,0,0,0,22000,10000,12000,12000
07855P,旺宏凱基9A售09  ,0,0,0,0,0,0,0,0,0,12000,0,0,0,45000,33000,12000,12000
08132P,南六元大9B售05  ,0,0,0,0,0,0,0,0,0,12000,0,0,0,129000,117000,12000,12000
06743P,創意永豐98售03  ,0,0,0,0,0,0,0,0,0,12000,0,0,0,32000,20000,12000,12000
06886P,旺宏元大99售07  ,0,0,0,0,0,0,0,0,0,12000,0,0,0,17000,5000,12000,12000
06880P,鈺齊凱基98售03  ,0,0,0,0,0,0,0,0,0,12000,0,0,0,12000,0,12000,12000
6183,關貿            ,38000,31000,7000,0,0,0,5000,0,5000,0,0,0,0,0,0,0,12000
6164,華興            ,29000,17000,12000,0,0,0,0,0,0,0,0,0,0,0,0,0,12000
4989,榮科            ,23000,11000,12000,0,0,0,0,0,0,0,0,0,0,0,0,0,12000
08449P,華新科群益9C售03,0,0,0,0,0,0,0,0,0,12000,0,0,0,12000,0,12000,12000
2009,第一銅          ,17000,5000,12000,0,0,0,0,0,0,0,0,0,0,0,0,0,12000
1532,勤美            ,71000,59000,12000,0,0,0,0,0,0,0,0,0,0,0,0,0,12000
2358,廷鑫            ,13000,1000,12000,0,0,0,0,0,0,0,0,0,0,0,0,0,12000
2359,所羅門          ,255000,226000,29000,0,0,0,0,5000,-5000,-12000,0,12000,-12000,0,0,0,12000
057796,鴻海兆豐99購03  ,0,0,0,0,0,0,0,0,0,12000,0,0,0,12000,0,12000,12000
061074,儒鴻兆豐9B購01  ,0,0,0,0,0,0,0,0,0,12000,0,0,0,12000,0,12000,12000
057085,立積統一9B購02  ,10000,0,10000,0,0,0,0,0,0,2000,0,0,0,75000,73000,2000,12000
057335,技嘉國票99購01  ,0,0,0,0,0,0,0,0,0,12000,0,0,0,91000,79000,12000,12000
057375,欣興元大98購09  ,0,0,0,0,0,0,0,0,0,12000,0,0,0,92000,80000,12000,12000
057363,華通元大99購02  ,0,0,0,0,0,0,0,0,0,12000,0,0,0,15000,3000,12000,12000
05348P,美律元富98售01  ,0,0,0,0,0,0,0,0,0,12000,0,0,0,170000,158000,12000,12000
055384,緯穎元大98購02  ,0,0,0,0,0,0,0,0,0,12000,0,0,0,12000,0,12000,12000
059521,南電永豐99購03  ,0,0,0,0,0,0,0,0,0,12000,0,0,0,12000,0,12000,12000
060644,泰鼎永豐9A購02  ,0,0,0,0,0,0,0,0,0,12000,0,0,0,30000,18000,12000,12000
060646,南電永豐9A購01  ,0,0,0,0,0,0,0,0,0,12000,0,0,0,57000,45000,12000,12000
060634,矽創富邦9B購01  ,0,0,0,0,0,0,0,0,0,12000,0,0,0,12000,0,12000,12000
059123,訊芯永豐99購03  ,0,0,0,0,0,0,0,0,0,12000,0,0,0,20000,8000,12000,12000
061645,超眾元大9A購06  ,0,0,0,0,0,0,0,0,0,12000,0,0,0,12000,0,12000,12000
061526,宏達電凱基9A購04,0,0,0,0,0,0,0,0,0,12000,0,0,0,38000,26000,12000,12000
059984,華新科元大99購21,0,0,0,0,0,0,0,0,0,12000,0,0,0,68000,56000,12000,12000
061248,健策群益9A購03  ,0,0,0,0,0,0,0,0,0,12000,0,0,0,12000,0,12000,12000
058515,健鼎元大99購01  ,0,0,0,0,0,0,0,0,0,12000,0,0,0,299000,287000,12000,12000
058243,華擎元大99購01  ,0,0,0,0,0,0,0,0,0,12000,0,0,0,57000,45000,12000,12000
058290,南電國票9A購01  ,0,0,0,0,0,0,0,0,0,12000,0,0,0,18000,6000,12000,12000
058267,奇鋐永豐99購01  ,0,0,0,0,0,0,0,0,0,12000,0,0,0,22000,10000,12000,12000
063651,金像電台新9B購01,0,0,0,0,0,0,0,0,0,12000,0,0,0,12000,0,12000,12000
064570,TPK群益9C購03   ,0,0,0,0,0,0,0,0,0,12000,0,0,0,20000,8000,12000,12000
064470,世紀鋼元富03購01,0,0,0,0,0,0,0,0,0,12000,0,0,0,12000,0,12000,12000
062669,微星中信03購01  ,0,0,0,0,0,0,0,0,0,12000,0,0,0,133000,121000,12000,12000
062672,兆豐金中信03購01,0,0,0,0,0,0,0,0,0,12000,0,0,0,12000,0,12000,12000
06214P,國巨國票98售04  ,0,0,0,0,0,0,0,0,0,12000,0,0,0,12000,0,12000,12000
062290,聯發科富邦9C購04,0,0,0,0,0,0,0,0,0,12000,0,0,0,12000,0,12000,12000
063219,友達群益9B購03  ,0,0,0,0,0,0,0,0,0,12000,0,0,0,93000,81000,12000,12000
08511P,電子類富邦9C售02,0,0,0,0,0,0,0,0,0,11000,0,0,0,11000,0,11000,11000
08219P,上銀凱基9B售08  ,0,0,0,0,0,0,0,0,0,11000,0,0,0,50000,39000,11000,11000
08182P,金像電永豐9B售01,0,0,0,0,0,0,0,0,0,11000,0,0,0,13000,2000,11000,11000
4952,凌通            ,21000,9000,12000,0,0,0,0,0,0,-1000,0,1000,-1000,0,0,0,11000
6166,凌華            ,58000,47000,11000,0,0,0,0,0,0,0,0,0,0,0,0,0,11000
2923,鼎固-KY         ,12000,1000,11000,0,0,0,0,0,0,0,0,0,0,0,0,0,11000
06549P,大立光元大98售11,0,0,0,0,0,0,0,0,0,11000,0,0,0,16000,5000,11000,11000
064845,華通元富9C購02  ,0,0,0,0,0,0,0,0,0,11000,0,0,0,143000,132000,11000,11000
07982P,全新群益9B售04  ,0,0,0,0,0,0,0,0,0,11000,0,0,0,11000,0,11000,11000
07744P,奇力新凱基9A售05,0,0,0,0,0,0,0,0,0,11000,0,0,0,11000,0,11000,11000
07284P,大立光凱基99售10,0,0,0,0,0,0,0,0,0,11000,0,0,0,11000,0,11000,11000
055489,瑞昱元大97購02  ,0,0,0,0,0,0,0,0,0,11000,0,0,0,11000,0,11000,11000
052417,聯發科兆豐9B購01,0,0,0,0,0,0,0,0,0,11000,0,0,0,11000,0,11000,11000
052388,旺宏群益96購05  ,0,0,0,0,0,0,0,0,0,11000,0,0,0,11000,0,11000,11000
0052,富邦科技        ,0,0,0,0,0,0,29000,0,29000,-18000,0,0,0,100000,118000,-18000,11000
00865B,國泰US短期公債  ,0,0,0,0,0,0,0,0,0,11000,0,0,0,193000,182000,11000,11000
056567,瀚宇博群益98購02,0,0,0,0,0,0,0,0,0,11000,0,0,0,11000,0,11000,11000
056588,聯發科統一9A購02,0,0,0,0,0,0,0,0,0,11000,0,0,0,11000,0,11000,11000
056658,美食元大98購01  ,0,0,0,0,0,0,0,0,0,11000,0,0,0,18000,7000,11000,11000
057772,台積電群益99購01,0,0,0,0,0,0,0,0,0,11000,0,0,0,24000,13000,11000,11000
054571,楠梓電元大99購01,0,0,0,0,0,0,0,0,0,11000,0,0,0,11000,0,11000,11000
054061,晶技國票97購03  ,0,0,0,0,0,0,0,0,0,11000,0,0,0,11000,0,11000,11000
059917,華新科元大99購19,0,0,0,0,0,0,0,0,0,11000,0,0,0,12000,1000,11000,11000
059918,華新科元大99購20,0,0,0,0,0,0,0,0,0,11000,0,0,0,89000,78000,11000,11000
056856,華通群益9A購01  ,0,0,0,0,0,0,0,0,0,11000,0,0,0,39000,28000,11000,11000
060220,華新科凱基9A購08,0,0,0,0,0,0,0,0,0,11000,0,0,0,11000,0,11000,11000
060190,國泰金元富9A購01,0,0,0,0,0,0,0,0,0,11000,0,0,0,11000,0,11000,11000
05922P,京元電兆豐96售01,0,0,0,0,0,0,0,0,0,11000,0,0,0,11000,0,11000,11000
059347,京鼎凱基99購02  ,0,0,0,0,0,0,0,0,0,11000,0,0,0,11000,0,11000,11000
061472,台積電元大9A購32,0,0,0,0,0,0,0,0,0,11000,0,0,0,19000,8000,11000,11000
061672,臺指反元大01購05,0,0,0,0,0,0,0,0,0,11000,0,0,0,11000,0,11000,11000
061648,緯穎元大9A購04  ,0,0,0,0,0,0,0,0,0,11000,0,0,0,11000,0,11000,11000
059095,訊芯元大99購01  ,0,0,0,0,0,0,0,0,0,11000,0,0,0,74000,63000,11000,11000
058142,瑞儀元大99購01  ,0,0,0,0,0,0,0,0,0,11000,0,0,0,24000,13000,11000,11000
061952,臺股指群益9B購01,0,0,0,0,0,0,0,0,0,11000,0,0,0,11000,0,11000,11000
060607,玉晶光凱基9A購06,0,0,0,0,0,0,0,0,0,11000,0,0,0,25000,14000,11000,11000
060480,億豐元大9A購02  ,0,0,0,0,0,0,0,0,0,11000,0,0,0,11000,0,11000,11000
058019,美律凱基99購04  ,0,0,0,0,0,0,0,0,0,11000,0,0,0,11000,0,11000,11000
063277,大成鋼元大9B購03,0,0,0,0,0,0,0,0,0,11000,0,0,0,72000,61000,11000,11000
06326P,鴻海中信01售01  ,0,0,0,0,0,0,0,0,0,11000,0,0,0,37000,26000,11000,11000
062384,聯詠國泰9C購01  ,0,0,0,0,0,0,0,0,0,11000,0,0,0,18000,7000,11000,11000
064211,友達凱基02購01  ,0,0,0,0,0,0,0,0,0,11000,0,0,0,31000,20000,11000,11000
063677,台光電國泰9C購02,0,0,0,0,0,0,0,0,0,11000,0,0,0,80000,69000,11000,11000
063604,群創凱基01購02  ,0,0,0,0,0,0,0,0,0,11000,0,0,0,22000,11000,11000,11000
063955,TPK元大9C購01   ,0,0,0,0,0,0,0,0,0,11000,0,0,0,17000,6000,11000,11000
2395,研華            ,226566,216000,10566,0,0,0,0,0,0,0,0,0,0,0,0,0,10566
1465,偉全            ,25000,12000,13000,0,0,0,0,0,0,-3000,0,3000,-3000,0,0,0,10000
08193P,同欣電國票9C售02,0,0,0,0,0,0,0,0,0,10000,0,0,0,30000,20000,10000,10000
08410P,臺股指元大9C售16,0,0,0,0,0,0,0,0,0,10000,0,0,0,10000,0,10000,10000
6243,迅杰            ,16000,6000,10000,0,0,0,0,0,0,0,0,0,0,0,0,0,10000
07317P,T50正2凱基9B售02,0,0,0,0,0,0,0,0,0,10000,0,0,0,10000,0,10000,10000
07311P,台灣50元大99售09,0,0,0,0,0,0,0,0,0,10000,0,0,0,10000,0,10000,10000
07557P,玉晶光元大9A售09,0,0,0,0,0,0,0,0,0,10000,0,0,0,20000,10000,10000,10000
07479P,A50正2元富9A售03,0,0,0,0,0,0,0,0,0,10000,0,0,0,10000,0,10000,10000
07455P,聯發科元大9A售01,0,0,0,0,0,0,0,0,0,10000,0,0,0,10000,0,10000,10000
07435P,台積電富邦9C售07,0,0,0,0,0,0,0,0,0,10000,0,0,0,10000,0,10000,10000
07590P,玉晶光國票9A售03,0,0,0,0,0,0,0,0,0,10000,0,0,0,30000,20000,10000,10000
07748P,茂林凱基9A售04  ,0,0,0,0,0,0,0,0,0,10000,0,0,0,10000,0,10000,10000
07870P,鴻海群益9B售01  ,0,0,0,0,0,0,0,0,0,10000,0,0,0,10000,0,10000,10000
07921P,鴻海群益9B售04  ,0,0,0,0,0,0,0,0,0,10000,0,0,0,10000,0,10000,10000
07929P,旺宏統一9B售07  ,0,0,0,0,0,0,0,0,0,10000,0,0,0,10000,0,10000,10000
07978P,茂林群益9B售02  ,0,0,0,0,0,0,0,0,0,10000,0,0,0,10000,0,10000,10000
07974P,上証2X元大9B售02,0,0,0,0,0,0,0,0,0,10000,0,0,0,10000,0,10000,10000
08155P,聯發科元富9B售05,0,0,0,0,0,0,0,0,0,10000,0,0,0,10000,0,10000,10000
064859,南亞科富邦01購01,0,0,0,0,0,0,0,0,0,10000,0,0,0,10000,0,10000,10000
064871,緯穎永豐9C購03  ,0,0,0,0,0,0,0,0,0,10000,0,0,0,80000,70000,10000,10000
06554P,臺股指元大99售06,0,0,0,0,0,0,0,0,0,10000,0,0,0,10000,0,10000,10000
06752P,訊芯凱基98售05  ,0,0,0,0,0,0,0,0,0,10000,0,0,0,10000,0,10000,10000
06685P,鴻海國泰9A售01  ,0,0,0,0,0,0,0,0,0,10000,0,0,0,10000,0,10000,10000
055950,華新元大97購02  ,0,0,0,0,0,0,0,0,0,10000,0,0,0,10000,0,10000,10000
056831,元油2X元富98購11,0,0,0,0,0,0,0,0,0,10000,0,0,0,10000,0,10000,10000
056128,和大中信99購01  ,0,0,0,0,0,0,0,0,0,10000,0,0,0,10000,0,10000,10000
057818,泰碩元大9A購01  ,0,0,0,0,0,0,0,0,0,10000,0,0,0,10000,0,10000,10000
057836,南亞科國泰9A購01,0,0,0,0,0,0,0,0,0,10000,0,0,0,10000,0,10000,10000
055609,旺宏國票99購01  ,0,0,0,0,0,0,0,0,0,10000,0,0,0,10000,0,10000,10000
055661,亞德客中信98購01,0,0,0,0,0,0,0,0,0,10000,0,0,0,10000,0,10000,10000
055741,健策元富97購01  ,0,0,0,0,0,0,0,0,0,10000,0,0,0,30000,20000,10000,10000
055736,宏達電元富99購01,0,0,0,0,0,0,0,0,0,10000,0,0,0,20000,10000,10000,10000
055730,建準元富97購02  ,0,0,0,0,0,0,0,0,0,10000,0,0,0,10000,0,10000,10000
057786,聯發科國票98購05,0,0,0,0,0,0,0,0,0,10000,0,0,0,10000,0,10000,10000
057790,台積電統一99購04,0,0,0,0,0,0,0,0,0,10000,0,0,0,10000,0,10000,10000
056359,旺宏元大9A購01  ,0,0,0,0,0,0,0,0,0,10000,0,0,0,10000,0,10000,10000
056315,同欣電元大97購05,0,0,0,0,0,0,0,0,0,10000,0,0,0,10000,0,10000,10000
057176,全新元大99購02  ,0,0,0,0,0,0,0,0,0,10000,0,0,0,10000,0,10000,10000
057018,亞德客凱基98購01,0,0,0,0,0,0,0,0,0,10000,0,0,0,10000,0,10000,10000
056993,GIS兆豐99購01   ,0,0,0,0,0,0,0,0,0,10000,0,0,0,10000,0,10000,10000
056964,聯發科永豐98購03,0,0,0,0,0,0,0,0,0,10000,0,0,0,10000,0,10000,10000
059864,亞德客凱基99購01,0,0,0,0,0,0,0,0,0,10000,0,0,0,10000,0,10000,10000
058703,台積電元大99購16,0,0,0,0,0,0,0,0,0,10000,0,0,0,10000,0,10000,10000
058710,臺股指元大9A購23,0,0,0,0,0,0,0,0,0,10000,0,0,0,10000,0,10000,10000
057260,微星兆豐98購01  ,0,0,0,0,0,0,0,0,0,10000,0,0,0,30000,20000,10000,10000
057401,晶豪科群益99購01,0,0,0,0,0,0,0,0,0,10000,0,0,0,10000,0,10000,10000
057425,臺股指凱基9C購02,0,0,0,0,0,0,0,0,0,10000,0,0,0,10000,0,10000,10000
055883,樺漢元富97購01  ,0,0,0,0,0,0,0,0,0,10000,0,0,0,10000,0,10000,10000
054075,GIS富邦97購02   ,0,0,0,0,0,0,0,0,0,10000,0,0,0,10000,0,10000,10000
054330,世芯永豐96購02  ,0,0,0,0,0,0,0,0,0,10000,0,0,0,10000,0,10000,10000
054285,國巨元大98購02  ,0,0,0,0,0,0,0,0,0,10000,0,0,0,10000,0,10000,10000
054774,同欣電國票98購01,0,0,0,0,0,0,0,0,0,10000,0,0,0,10000,0,10000,10000
054917,聯發科凱基98購05,0,0,0,0,0,0,0,0,0,10000,0,0,0,10000,0,10000,10000
054893,帆宣統一99購01  ,0,0,0,0,0,0,0,0,0,10000,0,0,0,50000,40000,10000,10000
054976,上証2X元富9A購01,0,0,0,0,0,0,0,0,0,10000,0,0,0,10000,0,10000,10000
055023,億光國泰98購01  ,0,0,0,0,0,0,0,0,0,10000,0,0,0,10000,0,10000,10000
055601,茂林元大97購03  ,0,0,0,0,0,0,0,0,0,10000,0,0,0,10000,0,10000,10000
053274,旺宏元大98購03  ,0,0,0,0,0,0,0,0,0,10000,0,0,0,10000,0,10000,10000
057745,泰鼎永豐99購01  ,0,0,0,0,0,0,0,0,0,10000,0,0,0,26000,16000,10000,10000
057657,國巨兆豐98購04  ,0,0,0,0,0,0,0,0,0,10000,0,0,0,10000,0,10000,10000
053978,創意元大96購05  ,0,0,0,0,0,0,0,0,0,10000,0,0,0,10000,0,10000,10000
053500,新日興兆豐97購01,0,0,0,0,0,0,0,0,0,10000,0,0,0,10000,0,10000,10000
053749,揚明光永豐97購01,0,0,0,0,0,0,0,0,0,10000,0,0,0,10000,0,10000,10000
053758,華新科國泰97購02,0,0,0,0,0,0,0,0,0,10000,0,0,0,10000,0,10000,10000
05362P,可成富邦97售02  ,0,0,0,0,0,0,0,0,0,10000,0,0,0,10000,0,10000,10000
053799,矽創中信9A購01  ,0,0,0,0,0,0,0,0,0,10000,0,0,0,30000,20000,10000,10000
053771,華新元大97購01  ,0,0,0,0,0,0,0,0,0,10000,0,0,0,10000,0,10000,10000
03026X,元展23          ,0,0,0,0,0,0,0,0,0,10000,0,0,0,10000,0,10000,10000
052137,台表科凱基96購02,0,0,0,0,0,0,0,0,0,10000,0,0,0,10000,0,10000,10000
052986,聯發科元大97購05,0,0,0,0,0,0,0,0,0,10000,0,0,0,133000,123000,10000,10000
052919,鈺齊富邦98購01  ,0,0,0,0,0,0,0,0,0,10000,0,0,0,10000,0,10000,10000
03432B,臺股指凱基98熊13,0,0,0,0,0,0,0,0,0,10000,0,0,0,10000,0,10000,10000
035276,南亞科台新97購01,0,0,0,0,0,0,0,0,0,10000,0,0,0,40000,30000,10000,10000
03686C,臺股指元大04牛05,0,0,0,0,0,0,0,0,0,10000,0,0,0,10000,0,10000,10000
055507,樺漢元大98購02  ,0,0,0,0,0,0,0,0,0,10000,0,0,0,10000,0,10000,10000
055527,旺宏群益99購03  ,0,0,0,0,0,0,0,0,0,10000,0,0,0,10000,0,10000,10000
055481,聚陽元大97購01  ,0,0,0,0,0,0,0,0,0,10000,0,0,0,10000,0,10000,10000
055362,GIS凱基97購03   ,0,0,0,0,0,0,0,0,0,10000,0,0,0,10000,0,10000,10000
051286,國巨統一97購01  ,0,0,0,0,0,0,0,0,0,10000,0,0,0,10000,0,10000,10000
051269,康友富邦97購01  ,0,0,0,0,0,0,0,0,0,10000,0,0,0,10000,0,10000,10000
058013,SP黃豆凱基9A購01,0,0,0,0,0,0,0,0,0,10000,0,0,0,10000,0,10000,10000
059003,中壽元大99購01  ,0,0,0,0,0,0,0,0,0,10000,0,0,0,10000,0,10000,10000
057953,聚陽元大98購01  ,0,0,0,0,0,0,0,0,0,10000,0,0,0,10000,0,10000,10000
060660,國巨凱基9B購04  ,0,0,0,0,0,0,0,0,0,10000,0,0,0,14000,4000,10000,10000
060448,道瓊反元大9A購04,0,0,0,0,0,0,0,0,0,10000,0,0,0,10000,0,10000,10000
060420,神基永豐9A購01  ,0,0,0,0,0,0,0,0,0,10000,0,0,0,10000,0,10000,10000
060618,玉晶光元大9A購02,0,0,0,0,0,0,0,0,0,10000,0,0,0,23000,13000,10000,10000
059507,鴻海永豐99購03  ,0,0,0,0,0,0,0,0,0,10000,0,0,0,10000,0,10000,10000
059784,台光電元大9A購01,0,0,0,0,0,0,0,0,0,10000,0,0,0,21000,11000,10000,10000
059709,上証2X元大9C購01,0,0,0,0,0,0,0,0,0,10000,0,0,0,10000,0,10000,10000
059664,立積元大9C購01  ,0,0,0,0,0,0,0,0,0,10000,0,0,0,10000,0,10000,10000
060266,潤泰全國票9A購01,0,0,0,0,0,0,0,0,0,10000,0,0,0,10000,0,10000,10000
060338,鴻海統一9C購02  ,0,0,0,0,0,0,0,0,0,10000,0,0,0,10000,0,10000,10000
06037P,超眾國票98售02  ,0,0,0,0,0,0,0,0,0,10000,0,0,0,10000,0,10000,10000
061953,台積電台新9B購04,0,0,0,0,0,0,0,0,0,10000,0,0,0,10000,0,10000,10000
062023,寶成永豐9B購01  ,0,0,0,0,0,0,0,0,0,10000,0,0,0,10000,0,10000,10000
061983,華新科元大9B購04,0,0,0,0,0,0,0,0,0,10000,0,0,0,10000,0,10000,10000
062059,聯發科統一9C購06,0,0,0,0,0,0,0,0,0,10000,0,0,0,50000,40000,10000,10000
058119,華新亞東99購01  ,0,0,0,0,0,0,0,0,0,10000,0,0,0,10000,0,10000,10000
059084,鴻海元大99購24  ,0,0,0,0,0,0,0,0,0,10000,0,0,0,10000,0,10000,10000
059043,聯電日盛99購01  ,0,0,0,0,0,0,0,0,0,10000,0,0,0,10000,0,10000,10000
061628,緯穎群益9A購04  ,0,0,0,0,0,0,0,0,0,10000,0,0,0,10000,0,10000,10000
059125,台積電第一03購02,0,0,0,0,0,0,0,0,0,10000,0,0,0,10000,0,10000,10000
059137,電子類群益99購01,0,0,0,0,0,0,0,0,0,10000,0,0,0,10000,0,10000,10000
059173,矽力凱基99購01  ,0,0,0,0,0,0,0,0,0,10000,0,0,0,10000,0,10000,10000
061901,柏文永豐9B購01  ,0,0,0,0,0,0,0,0,0,10000,0,0,0,10000,0,10000,10000
06173P,華通元大97售02  ,0,0,0,0,0,0,0,0,0,10000,0,0,0,10000,0,10000,10000
061152,微星群益9A購01  ,0,0,0,0,0,0,0,0,0,10000,0,0,0,81000,71000,10000,10000
061149,華通群益9A購05  ,0,0,0,0,0,0,0,0,0,10000,0,0,0,19000,9000,10000,10000
058810,國巨統一9B購04  ,0,0,0,0,0,0,0,0,0,10000,0,0,0,10000,0,10000,10000
058847,國巨群益99購05  ,0,0,0,0,0,0,0,0,0,10000,0,0,0,30000,20000,10000,10000
060917,台表科國泰9B購01,0,0,0,0,0,0,0,0,0,10000,0,0,0,10000,0,10000,10000
060022,勤誠康和99購01  ,0,0,0,0,0,0,0,0,0,10000,0,0,0,36000,26000,10000,10000
059369,滬深2X元富9C購01,0,0,0,0,0,0,0,0,0,10000,0,0,0,10000,0,10000,10000
059303,國巨兆豐99購04  ,0,0,0,0,0,0,0,0,0,10000,0,0,0,10000,0,10000,10000
059304,華新科兆豐99購06,0,0,0,0,0,0,0,0,0,10000,0,0,0,10000,0,10000,10000
059266,緯創中信01購01  ,0,0,0,0,0,0,0,0,0,10000,0,0,0,10000,0,10000,10000
060214,茂林康和9A購01  ,0,0,0,0,0,0,0,0,0,10000,0,0,0,10000,0,10000,10000
060198,祥碩元富9A購02  ,0,0,0,0,0,0,0,0,0,10000,0,0,0,10000,0,10000,10000
058519,嘉澤元大99購01  ,0,0,0,0,0,0,0,0,0,10000,0,0,0,43000,33000,10000,10000
058978,SGBR2X凱基9A購03,0,0,0,0,0,0,0,0,0,10000,0,0,0,10000,0,10000,10000
058230,國巨元大99購11  ,0,0,0,0,0,0,0,0,0,10000,0,0,0,11000,1000,10000,10000
058233,聯發科元大99購06,0,0,0,0,0,0,0,0,0,10000,0,0,0,10000,0,10000,10000
058296,明泰凱基99購01  ,0,0,0,0,0,0,0,0,0,10000,0,0,0,10000,0,10000,10000
058904,晶技元大99購05  ,0,0,0,0,0,0,0,0,0,10000,0,0,0,20000,10000,10000,10000
061588,聯發科富邦9B購07,0,0,0,0,0,0,0,0,0,10000,0,0,0,10000,0,10000,10000
06158P,玉晶光元富97售08,0,0,0,0,0,0,0,0,0,10000,0,0,0,10000,0,10000,10000
058193,緯穎永豐99購01  ,0,0,0,0,0,0,0,0,0,10000,0,0,0,10000,0,10000,10000
061596,健策永豐9A購03  ,0,0,0,0,0,0,0,0,0,10000,0,0,0,77000,67000,10000,10000
064007,嘉澤凱基02購01  ,0,0,0,0,0,0,0,0,0,10000,0,0,0,10000,0,10000,10000
063907,華通凱基9C購03  ,0,0,0,0,0,0,0,0,0,10000,0,0,0,151000,141000,10000,10000
064176,京元電國泰01購01,0,0,0,0,0,0,0,0,0,10000,0,0,0,60000,50000,10000,10000
063528,元大金凱基9B購01,0,0,0,0,0,0,0,0,0,10000,0,0,0,30000,20000,10000,10000
063602,金像電凱基9B購04,0,0,0,0,0,0,0,0,0,10000,0,0,0,40000,30000,10000,10000
063749,聯發科國票9C購04,0,0,0,0,0,0,0,0,0,10000,0,0,0,10000,0,10000,10000
063791,玉晶光台新9C購01,0,0,0,0,0,0,0,0,0,10000,0,0,0,20000,10000,10000,10000
063716,旺宏兆豐9B購01  ,0,0,0,0,0,0,0,0,0,10000,0,0,0,10000,0,10000,10000
063681,深中小永豐9B購01,0,0,0,0,0,0,0,0,0,10000,0,0,0,10000,0,10000,10000
064205,台灣50凱基01購14,0,0,0,0,0,0,0,0,0,10000,0,0,0,10000,0,10000,10000
064304,信邦兆豐01購01  ,0,0,0,0,0,0,0,0,0,10000,0,0,0,10000,0,10000,10000
064476,金像電國泰02購01,0,0,0,0,0,0,0,0,0,10000,0,0,0,10000,0,10000,10000
06436P,台光電國票98售04,0,0,0,0,0,0,0,0,0,10000,0,0,0,10000,0,10000,10000
064561,友達群益9C購02  ,0,0,0,0,0,0,0,0,0,10000,0,0,0,10000,0,10000,10000
06459P,亞德客元富98售01,0,0,0,0,0,0,0,0,0,10000,0,0,0,10000,0,10000,10000
064608,滬深2X元大9C購11,0,0,0,0,0,0,0,0,0,10000,0,0,0,10000,0,10000,10000
06469P,臺股指凱基99售09,0,0,0,0,0,0,0,0,0,10000,0,0,0,14000,4000,10000,10000
062463,世紀鋼麥證9B購01,0,0,0,10000,0,10000,0,0,0,10000,0,0,0,10000,0,10000,10000
062284,華擎群益9C購03  ,0,0,0,0,0,0,0,0,0,10000,0,0,0,10000,0,10000,10000
062279,晶豪科群益9B購01,0,0,0,0,0,0,0,0,0,10000,0,0,0,10000,0,10000,10000
062778,國巨元大9B購17  ,0,0,0,0,0,0,0,0,0,10000,0,0,0,63000,53000,10000,10000
062782,聯發科元大9B購12,0,0,0,0,0,0,0,0,0,10000,0,0,0,10000,0,10000,10000
062837,復盛群益9B購01  ,0,0,0,0,0,0,0,0,0,10000,0,0,0,10000,0,10000,10000
062601,富邦金台新9B購01,0,0,0,0,0,0,0,0,0,10000,0,0,0,69000,59000,10000,10000
062483,致新國票9B購01  ,0,0,0,0,0,0,0,0,0,10000,0,0,0,20000,10000,10000,10000
062551,緯穎永豐9B購02  ,0,0,0,0,0,0,0,0,0,10000,0,0,0,10000,0,10000,10000
063276,和大元大9B購01  ,0,0,0,0,0,0,0,0,0,10000,0,0,0,29000,19000,10000,10000
063302,國巨凱基9C購05  ,0,0,0,0,0,0,0,0,0,10000,0,0,0,13000,3000,10000,10000
063390,嘉晶兆豐9B購01  ,0,0,0,0,0,0,0,0,0,10000,0,0,0,10000,0,10000,10000
063419,聯發科凱基03購01,0,0,0,0,0,0,0,0,0,10000,0,0,0,10000,0,10000,10000
063063,泰鼎元富9B購01  ,0,0,0,0,0,0,0,0,0,10000,0,0,0,101000,91000,10000,10000
063083,聯發科凱基01購02,0,0,0,0,0,0,0,0,0,10000,0,0,0,10000,0,10000,10000
063095,健策國票9B購02  ,0,0,0,0,0,0,0,0,0,10000,0,0,0,10000,0,10000,10000
06295P,國巨元大97售14  ,0,0,0,0,0,0,0,0,0,10000,0,0,0,10000,0,10000,10000
06599P,宏達電永豐98售02,0,0,0,0,0,0,0,0,0,9000,0,0,0,12000,3000,9000,9000
08160P,茂林元富9B售03  ,0,0,0,0,0,0,0,0,0,9000,0,0,0,16000,7000,9000,9000
07990P,緯穎凱基9B售02  ,0,0,0,0,0,0,0,0,0,9000,0,0,0,10000,1000,9000,9000
07951P,智邦元大9B售05  ,0,0,0,0,0,0,0,0,0,9000,0,0,0,72000,63000,9000,9000
07644P,南電凱基9A售03  ,0,0,0,0,0,0,0,0,0,9000,0,0,0,10000,1000,9000,9000
07140P,台灣50日盛99售01,0,0,0,0,0,0,0,0,0,9000,0,0,0,589000,580000,9000,9000
5225,東科-KY         ,46000,37000,9000,0,0,0,0,0,0,0,0,0,0,0,0,0,9000
5521,工信            ,128000,119000,9000,0,0,0,0,0,0,0,0,0,0,0,0,0,9000
8463,潤泰材          ,12000,3000,9000,0,0,0,0,0,0,0,0,0,0,0,0,0,9000
8114,振樺電          ,14000,5000,9000,0,0,0,0,0,0,0,0,0,0,0,0,0,9000
8443,阿瘦            ,8000,0,8000,0,0,0,0,0,0,1000,1000,0,1000,0,0,0,9000
2731,雄獅            ,45000,36000,9000,0,0,0,0,0,0,0,0,0,0,0,0,0,9000
3617,碩天            ,33000,25000,8000,0,0,0,1000,0,1000,0,0,0,0,0,0,0,9000
08344P,旺宏元大01售02  ,0,0,0,0,0,0,0,0,0,9000,0,0,0,9000,0,9000,9000
2007,燁興            ,12000,3000,9000,0,0,0,0,0,0,0,0,0,0,0,0,0,9000
2428,興勤            ,47000,44000,3000,0,0,0,1000,0,1000,5000,0,0,0,6000,1000,5000,9000
050992,台積電元大97購01,0,0,0,0,0,0,0,0,0,9000,0,0,0,9000,0,9000,9000
050633,義隆群益96購02  ,0,0,0,0,0,0,0,0,0,9000,0,0,0,10000,1000,9000,9000
055230,大毅國票98購01  ,0,0,0,0,0,0,0,0,0,9000,0,0,0,9000,0,9000,9000
045053,聯發科元富98購01,0,0,0,0,0,0,0,0,0,9000,0,0,0,9000,0,9000,9000
03033X,元展30          ,0,0,0,0,0,0,0,0,0,9000,0,0,0,11000,2000,9000,9000
053509,華新群益98購01  ,0,0,0,0,0,0,0,0,0,9000,0,0,0,9000,0,9000,9000
056537,冠德凱基98購01  ,0,0,0,0,0,0,0,0,0,9000,0,0,0,9000,0,9000,9000
057659,台表科兆豐98購01,0,0,0,0,0,0,0,0,0,9000,0,0,0,9000,0,9000,9000
057744,健策永豐98購02  ,0,0,0,0,0,0,0,0,0,9000,0,0,0,20000,11000,9000,9000
054990,凌陽元富97購01  ,0,0,0,0,0,0,0,0,0,9000,0,0,0,9000,0,9000,9000
053282,彩晶元大9C購01  ,0,0,0,0,0,0,0,0,0,9000,0,0,0,29000,20000,9000,9000
054884,友達統一99購01  ,0,0,0,0,0,0,0,0,0,9000,0,0,0,10000,1000,9000,9000
055791,臺股指凱基97購14,0,0,0,0,0,0,0,0,0,9000,0,0,0,9000,0,9000,9000
057413,臺股指群益9C購04,0,0,0,0,0,0,0,0,0,9000,0,0,0,10000,1000,9000,9000
057135,立積凱基98購01  ,0,0,0,0,0,0,0,0,0,9000,0,0,0,59000,50000,9000,9000
057171,台光電元大9B購01,0,0,0,0,0,0,0,0,0,9000,0,0,0,12000,3000,9000,9000
055727,矽力元大97購02  ,0,0,0,0,0,0,0,0,0,9000,0,0,0,9000,0,9000,9000
057810,技嘉元大98購06  ,0,0,0,0,0,0,0,0,0,9000,0,0,0,14000,5000,9000,9000
058209,臺股指凱基01購01,5000,0,5000,0,0,0,0,0,0,4000,0,0,0,981000,977000,4000,9000
059000,台積電元大99購25,0,0,0,0,0,0,0,0,0,9000,0,0,0,9000,0,9000,9000
058615,矽創元大99購01  ,0,0,0,0,0,0,0,0,0,9000,0,0,0,293000,284000,9000,9000
061234,國巨元大9A購18  ,0,0,0,0,0,0,0,0,0,9000,0,0,0,14000,5000,9000,9000
061348,聯鈞元大9A購05  ,0,0,0,0,0,0,0,0,0,9000,0,0,0,111000,102000,9000,9000
059164,旺宏凱基99購06  ,0,0,0,0,0,0,0,0,0,9000,0,0,0,38000,29000,9000,9000
061944,聯電群益9B購01  ,0,0,0,0,0,0,0,0,0,9000,0,0,0,10000,1000,9000,9000
061741,新光金凱基9B購01,0,0,0,0,0,0,0,0,0,9000,0,0,0,9000,0,9000,9000
060281,卜蜂元大9C購01  ,0,0,0,0,0,0,0,0,0,9000,0,0,0,9000,0,9000,9000
059660,華新科元大9A購04,0,0,0,0,0,0,0,0,0,9000,0,0,0,9000,0,9000,9000
059755,宏達電國泰9A購01,0,0,0,0,0,0,0,0,0,9000,0,0,0,142000,133000,9000,9000
060653,全新群益9A購02  ,0,0,0,0,0,0,0,0,0,9000,0,0,0,98000,89000,9000,9000
063053,聯發科統一01購04,0,0,0,0,0,0,0,0,0,9000,0,0,0,19000,10000,9000,9000
063186,聯發科凱基9C購04,0,0,0,0,0,0,0,0,0,9000,0,0,0,9000,0,9000,9000
063282,奇力新元大9B購06,0,0,0,0,0,0,0,0,0,9000,0,0,0,9000,0,9000,9000
062814,台光電兆豐9B購01,0,0,0,0,0,0,0,0,0,9000,0,0,0,98000,89000,9000,9000
062346,智邦群益9B購02  ,0,0,0,0,0,0,0,0,0,9000,0,0,0,42000,33000,9000,9000
064631,臺股指元大9C購17,0,0,0,0,0,0,0,0,0,9000,0,0,0,10000,1000,9000,9000
064508,力成元大9C購03  ,0,0,0,0,0,0,0,0,0,9000,0,0,0,34000,25000,9000,9000
064385,台積電富邦03購02,0,0,0,0,0,0,0,0,0,9000,0,0,0,14000,5000,9000,9000
064435,聯發科凱基02購03,0,0,0,0,0,0,0,0,0,9000,0,0,0,12000,3000,9000,9000
063758,聯發科統一9B購14,0,0,0,0,0,0,0,0,0,9000,0,0,0,65000,56000,9000,9000
063670,美食統一9C購01  ,0,0,0,0,0,0,0,0,0,9000,0,0,0,9000,0,9000,9000
063544,華新科台新9B購02,0,0,0,0,0,0,0,0,0,9000,0,0,0,10000,1000,9000,9000
1721,三晃            ,14000,6000,8000,0,0,0,0,0,0,0,0,0,0,0,0,0,8000
1537,廣隆            ,19000,11000,8000,0,0,0,0,0,0,0,0,0,0,0,0,0,8000
2904,匯僑            ,11000,3000,8000,0,0,0,0,0,0,0,0,0,0,0,0,0,8000
8070,長華*           ,21000,12000,9000,0,0,0,0,1000,-1000,0,0,0,0,0,0,0,8000
6215,和椿            ,15000,7000,8000,0,0,0,0,0,0,0,0,0,0,0,0,0,8000
6283,淳安            ,17000,9000,8000,0,0,0,0,0,0,0,0,0,0,0,0,0,8000
07353P,大立光國票99售02,0,0,0,0,0,0,0,0,0,8000,0,0,0,8000,0,8000,8000
07553P,嘉晶元大9A售02  ,0,0,0,0,0,0,0,0,0,8000,0,0,0,28000,20000,8000,8000
08154P,上銀元富9B售04  ,0,0,0,0,0,0,0,0,0,8000,0,0,0,40000,32000,8000,8000
08119P,南亞科統一9C售03,0,0,0,0,0,0,0,0,0,8000,0,0,0,38000,30000,8000,8000
06780P,義隆元大98售02  ,0,0,0,0,0,0,0,0,0,8000,0,0,0,138000,130000,8000,8000
06789P,鴻海凱基98售12  ,0,0,0,0,0,0,0,0,0,8000,0,0,0,10000,2000,8000,8000
07006P,旺宏統一9B售03  ,0,0,0,0,0,0,0,0,0,8000,0,0,0,8000,0,8000,8000
065004,瑞昱國票01購02  ,0,0,0,0,0,0,0,0,0,8000,0,0,0,31000,23000,8000,8000
057805,華通元大98購06  ,0,0,0,0,0,0,0,0,0,8000,0,0,0,119000,111000,8000,8000
056151,建準凱基97購01  ,0,0,0,0,0,0,0,0,0,8000,0,0,0,108000,100000,8000,8000
057011,日月光中信99購01,0,0,0,0,0,0,0,0,0,8000,0,0,0,8000,0,8000,8000
056354,國巨元大98購10  ,0,0,0,0,0,0,0,0,0,8000,0,0,0,39000,31000,8000,8000
057343,道瓊反統一9A購01,0,0,0,0,0,0,0,0,0,8000,0,0,0,8000,0,8000,8000
059851,晶相光永豐99購02,0,0,0,0,0,0,0,0,0,8000,0,0,0,8000,0,8000,8000
059878,聯茂凱基99購07  ,0,0,0,0,0,0,0,0,0,8000,0,0,0,12000,4000,8000,8000
060734,華通統一9C購01  ,0,0,0,0,0,0,0,0,0,8000,0,0,0,24000,16000,8000,8000
061006,新光金兆豐9A購01,0,0,0,0,0,0,0,0,0,8000,0,0,0,8000,0,8000,8000
060790,日月光富邦9A購01,0,0,0,0,0,0,0,0,0,8000,0,0,0,16000,8000,8000,8000
057669,嘉晶元大99購03  ,0,0,0,0,0,0,0,0,0,8000,0,0,0,8000,0,8000,8000
056619,強茂永豐98購01  ,0,0,0,0,0,0,0,0,0,8000,0,0,0,16000,8000,8000,8000
056503,楠梓電永豐98購01,0,0,0,0,0,0,0,0,0,8000,0,0,0,50000,42000,8000,8000
053654,聯發科凱基98購01,0,0,0,0,0,0,0,0,0,8000,0,0,0,8000,0,8000,8000
0054,元大台商50      ,0,0,0,0,0,0,0,0,0,8000,0,0,0,9000,1000,8000,8000
052903,致茂國票97購01  ,0,0,0,0,0,0,0,0,0,8000,0,0,0,8000,0,8000,8000
053236,群創永豐97購02  ,0,0,0,0,0,0,0,0,0,8000,0,0,0,10000,2000,8000,8000
047689,瑞昱富邦97購01  ,0,0,0,0,0,0,0,0,0,8000,0,0,0,10000,2000,8000,8000
055131,茂林康和97購01  ,0,0,0,0,0,0,0,0,0,8000,0,0,0,108000,100000,8000,8000
057941,聯電國票99購01  ,0,0,0,0,0,0,0,0,0,8000,0,0,0,30000,22000,8000,8000
060478,南電元大9A購01  ,0,0,0,0,0,0,0,0,0,8000,0,0,0,17000,9000,8000,8000
05958P,聯發科國票97售04,0,0,0,0,0,0,0,0,0,8000,0,0,0,40000,32000,8000,8000
060244,大立光元大9B購02,0,0,0,0,0,0,0,0,0,8000,0,0,0,36000,28000,8000,8000
061771,玉晶光元大9C購04,0,0,0,0,0,0,0,0,0,8000,0,0,0,16000,8000,8000,8000
061841,晶技凱基9C購01  ,0,0,0,0,0,0,0,0,0,8000,0,0,0,13000,5000,8000,8000
059064,緯穎凱基99購02  ,0,0,0,0,0,0,0,0,0,8000,0,0,0,8000,0,8000,8000
058101,台積電富邦9C購01,0,0,0,0,0,0,0,0,0,8000,0,0,0,2064000,2056000,8000,8000
059092,聯陽元大99購01  ,0,0,0,0,0,0,0,0,0,8000,0,0,0,20000,12000,8000,8000
061499,嘉晶國票9A購03  ,0,0,0,0,0,0,0,0,0,8000,0,0,0,8000,0,8000,8000
059975,元金2X元大99購02,0,0,0,0,0,0,0,0,0,8000,0,0,0,8000,0,8000,8000
058783,臺股指國票99購02,0,0,0,0,0,0,0,0,0,8000,0,0,0,8000,0,8000,8000
059425,SGBR2X元大9A購02,0,0,0,0,0,0,0,0,0,8000,0,0,0,103000,95000,8000,8000
061540,台積電群益9A購07,0,0,0,0,0,0,0,0,0,8000,0,0,0,9000,1000,8000,8000
058368,奇鋐凱基9A購01  ,0,0,0,0,0,0,0,0,0,8000,0,0,0,30000,22000,8000,8000
064313,嘉晶群益9C購02  ,0,0,0,0,0,0,0,0,0,8000,0,0,0,156000,148000,8000,8000
062429,A50正2元大9B購01,0,0,0,0,0,0,0,0,0,8000,0,0,0,8000,0,8000,8000
062249,台積電元大9B購01,0,0,0,0,0,0,0,0,0,8000,0,0,0,9000,1000,8000,8000
062817,富邦金兆豐9B購01,0,0,0,0,0,0,0,0,0,8000,0,0,0,61000,53000,8000,8000
062727,華擎凱基9B購03  ,0,0,0,0,0,0,0,0,0,8000,0,0,0,40000,32000,8000,8000
063329,健策國票9C購01  ,0,0,0,0,0,0,0,0,0,8000,0,0,0,14000,6000,8000,8000
063377,泰鼎永豐9B購03  ,0,0,0,0,0,0,0,0,0,8000,0,0,0,142000,134000,8000,8000
062858,微星國票9B購01  ,0,0,0,0,0,0,0,0,0,8000,0,0,0,47000,39000,8000,8000
065093,新日興元大9C購03,0,0,0,0,0,0,0,0,0,7000,0,0,0,7000,0,7000,7000
07008P,台郡中信99售02  ,0,0,0,0,0,0,0,0,0,7000,0,0,0,27000,20000,7000,7000
06849P,欣興元大98售12  ,0,0,0,0,0,0,0,0,0,7000,0,0,0,57000,50000,7000,7000
06644P,亞德客元大98售03,0,0,0,0,0,0,0,0,0,7000,0,0,0,19000,12000,7000,7000
07415P,台積電元大99售52,0,0,0,0,0,0,0,0,0,7000,0,0,0,10000,3000,7000,7000
07246P,旺宏凱基99售08  ,0,0,0,0,0,0,0,0,0,7000,0,0,0,7000,0,7000,7000
6152,百一            ,11000,4000,7000,0,0,0,0,0,0,0,0,0,0,0,0,0,7000
4912,聯德控股-KY     ,10000,3000,7000,0,0,0,0,0,0,0,0,0,0,0,0,0,7000
6579,研揚            ,4000,1000,3000,0,0,0,4000,0,4000,0,0,0,0,0,0,0,7000
1558,伸興            ,42000,65000,-23000,0,0,0,0,0,0,30000,30000,0,30000,0,0,0,7000
1817,凱撒衛          ,9000,2000,7000,0,0,0,0,0,0,0,0,0,0,0,0,0,7000
08318P,台積電台新01售01,0,0,0,0,0,0,0,0,0,7000,0,0,0,20000,13000,7000,7000
08425P,世紀鋼元富9C售03,0,0,0,0,0,0,0,0,0,7000,0,0,0,16000,9000,7000,7000
1338,廣華-KY         ,49000,42000,7000,0,0,0,0,0,0,0,0,0,0,0,0,0,7000
052546,友達中信98購01  ,0,0,0,0,0,0,0,0,0,7000,0,0,0,7000,0,7000,7000
00665L,富邦恒生國企正2 ,0,35000,-35000,0,0,0,0,0,0,42000,0,0,0,147000,105000,42000,7000
020011,統一微波高息20N ,0,0,0,0,0,0,0,0,0,7000,0,0,0,25000,18000,7000,7000
053677,同欣電國泰97購01,0,0,0,0,0,0,0,0,0,7000,0,0,0,88000,81000,7000,7000
05349P,可成元富98售03  ,0,0,0,0,0,0,0,0,0,7000,0,0,0,7000,0,7000,7000
054740,強茂凱基99購01  ,0,0,0,0,0,0,0,0,0,7000,0,0,0,7000,0,7000,7000
054528,台光電統一96購02,0,0,0,0,0,0,0,0,0,7000,0,0,0,38000,31000,7000,7000
054202,樺漢富邦97購01  ,0,0,0,0,0,0,0,0,0,7000,0,0,0,7000,0,7000,7000
057331,台積電國票99購04,0,0,0,0,0,0,0,0,0,7000,0,0,0,27000,20000,7000,7000
057299,立積永豐98購02  ,0,0,0,0,0,0,0,0,0,7000,0,0,0,14000,7000,7000,7000
055779,國泰金凱基97購02,0,0,0,0,0,0,0,0,0,7000,0,0,0,7000,0,7000,7000
057542,上銀凱基99購01  ,0,0,0,0,0,0,0,0,0,7000,0,0,0,7000,0,7000,7000
058457,創意永豐99購01  ,0,0,0,0,0,0,0,0,0,7000,0,0,0,20000,13000,7000,7000
058250,台虹元大99購01  ,0,0,0,0,0,0,0,0,0,7000,0,0,0,10000,3000,7000,7000
060187,華新科元富9A購02,0,0,0,0,0,0,0,0,0,7000,0,0,0,18000,11000,7000,7000
058931,玉晶光統一9C購01,0,0,0,0,0,0,0,0,0,7000,0,0,0,12000,5000,7000,7000
061524,華通凱基9A購07  ,0,0,0,0,0,0,0,0,0,7000,0,0,0,156000,149000,7000,7000
060880,中壽中信9C購01  ,0,0,0,0,0,0,0,0,0,7000,0,0,0,7000,0,7000,7000
058137,玉晶光元大99購11,0,0,0,0,0,0,0,0,0,7000,0,0,0,71000,64000,7000,7000
059061,晶技凱基9A購01  ,0,0,0,0,0,0,0,0,0,7000,0,0,0,45000,38000,7000,7000
061718,GIS凱基9B購01   ,0,0,0,0,0,0,0,0,0,7000,0,0,0,423000,416000,7000,7000
059613,泰鼎永豐99購02  ,0,0,0,0,0,0,0,0,0,7000,0,0,0,10000,3000,7000,7000
05950P,台積電國票97售04,0,0,0,0,0,0,0,0,0,7000,0,0,0,7000,0,7000,7000
059492,國巨國票9A購06  ,0,0,0,0,0,0,0,0,0,7000,0,0,0,7000,0,7000,7000
059474,元石油群益99購01,0,0,0,0,0,0,0,0,0,7000,0,0,0,7000,0,7000,7000
063185,聯發科凱基9C購03,0,0,0,0,0,0,0,0,0,7000,0,0,0,13000,6000,7000,7000
063512,聯發科麥證9B購02,0,0,0,7000,0,7000,0,0,0,7000,0,0,0,7000,0,7000,7000
062501,台積電群益9C購03,0,0,0,0,0,0,0,0,0,7000,0,0,0,21000,14000,7000,7000
062593,健策統一9B購03  ,0,0,0,0,0,0,0,0,0,7000,0,0,0,53000,46000,7000,7000
062580,華通統一9C購03  ,0,0,0,0,0,0,0,0,0,7000,0,0,0,78000,71000,7000,7000
062662,友達群益9B購02  ,0,0,0,0,0,0,0,0,0,7000,0,0,0,7000,0,7000,7000
062371,健策元大9B購08  ,0,0,0,0,0,0,0,0,0,7000,0,0,0,31000,24000,7000,7000
064420,台積電兆豐9C購03,0,0,0,0,0,0,0,0,0,7000,0,0,0,82000,75000,7000,7000
064407,貿聯凱基02購02  ,0,0,0,0,0,0,0,0,0,7000,0,0,0,72000,65000,7000,7000
064029,宏達電元大9C購01,0,0,0,0,0,0,0,0,0,7000,0,0,0,46000,39000,7000,7000
063945,京元電元大9C購01,0,0,0,0,0,0,0,0,0,7000,0,0,0,158000,151000,7000,7000
08409P,臺股指元大9C售15,0,0,0,0,0,0,0,0,0,6000,0,0,0,6000,0,6000,6000
08348P,貿聯元大9C售01  ,0,0,0,0,0,0,0,0,0,6000,0,0,0,6000,0,6000,6000
08258P,旺宏元大9C售04  ,0,0,0,0,0,0,0,0,0,6000,0,0,0,16000,10000,6000,6000
1536,和大            ,548000,610000,-62000,0,0,0,10000,0,10000,58000,19000,14000,5000,86000,33000,53000,6000
1540,喬福            ,6000,0,6000,0,0,0,0,0,0,0,0,0,0,0,0,0,6000
6666,羅麗芬-KY       ,12000,6000,6000,0,0,0,0,0,0,0,0,0,0,0,0,0,6000
6668,中揚光          ,53000,50000,3000,0,0,0,3000,0,3000,0,0,0,0,0,0,0,6000
6670,復盛應用        ,19000,61000,-42000,0,0,0,56000,0,56000,-8000,5000,13000,-8000,0,0,0,6000
8462,柏文            ,17000,11000,6000,0,0,0,0,0,0,0,0,0,0,0,0,0,6000
5525,順天            ,6000,0,6000,0,0,0,0,0,0,0,0,0,0,0,0,0,6000
5258,虹堡            ,18000,8000,10000,0,0,0,0,0,0,-4000,0,4000,-4000,0,0,0,6000
3018,同開            ,20000,14000,6000,0,0,0,0,0,0,0,0,0,0,0,0,0,6000
07128P,大毅元大99售04  ,0,0,0,0,0,0,0,0,0,6000,0,0,0,6000,0,6000,6000
07535P,上銀元富9A售03  ,0,0,0,0,0,0,0,0,0,6000,0,0,0,30000,24000,6000,6000
07931P,國巨元大9B售03  ,0,0,0,0,0,0,0,0,0,6000,0,0,0,6000,0,6000,6000
06547P,大立光元大98售09,0,0,0,0,0,0,0,0,0,6000,0,0,0,6000,0,6000,6000
06735P,奇力新凱基98售07,0,0,0,0,0,0,0,0,0,6000,0,0,0,6000,0,6000,6000
06884P,台郡群益98售03  ,0,0,0,0,0,0,0,0,0,6000,0,0,0,6000,0,6000,6000
064860,聯發科富邦03購01,0,0,0,0,0,0,0,0,0,6000,0,0,0,9000,3000,6000,6000
057329,緯穎群益98購02  ,0,0,0,0,0,0,0,0,0,6000,0,0,0,6000,0,6000,6000
061045,儒鴻第一9A購01  ,0,0,0,0,0,0,0,0,0,6000,0,0,0,6000,0,6000,6000
061071,復盛凱基9A購01  ,0,0,0,0,0,0,0,0,0,6000,0,0,0,6000,0,6000,6000
056291,聯茂永豐97購03  ,0,0,0,0,0,0,0,0,0,6000,0,0,0,6000,0,6000,6000
056910,超眾元大99購02  ,0,0,0,0,0,0,0,0,0,6000,0,0,0,20000,14000,6000,6000
056165,矽力凱基98購02  ,0,0,0,0,0,0,0,0,0,6000,0,0,0,6000,0,6000,6000
055993,致茂國泰99購01  ,0,0,0,0,0,0,0,0,0,6000,0,0,0,6000,0,6000,6000
056700,華新科國泰99購03,0,0,0,0,0,0,0,0,0,6000,0,0,0,6000,0,6000,6000
055703,緯穎富邦98購01  ,0,0,0,0,0,0,0,0,0,6000,0,0,0,6000,0,6000,6000
054264,超眾元大97購02  ,0,0,0,0,0,0,0,0,0,6000,0,0,0,6000,0,6000,6000
053414,臻鼎國票97購01  ,0,0,0,0,0,0,0,0,0,6000,0,0,0,6000,0,6000,6000
053466,華通元大98購01  ,0,0,0,0,0,0,0,0,0,6000,0,0,0,6000,0,6000,6000
03674C,臺股指元富9C牛02,0,0,0,0,0,0,0,0,0,6000,0,0,0,6000,0,6000,6000
051423,GIS國票97購01   ,0,0,0,0,0,0,0,0,0,6000,0,0,0,6000,0,6000,6000
055552,瑞昱凱基97購02  ,0,0,0,0,0,0,0,0,0,6000,0,0,0,37000,31000,6000,6000
055583,國巨元大97購10  ,0,0,0,0,0,0,0,0,0,6000,0,0,0,10000,4000,6000,6000
059513,揚明光永豐99購01,0,0,0,0,0,0,0,0,0,6000,0,0,0,6000,0,6000,6000
059595,華新科元大9A購03,0,0,0,0,0,0,0,0,0,6000,0,0,0,6000,0,6000,6000
059536,新光金凱基99購05,0,0,0,0,0,0,0,0,0,6000,0,0,0,6000,0,6000,6000
060292,聯詠元大9A購01  ,0,0,0,0,0,0,0,0,0,6000,0,0,0,6000,0,6000,6000
060509,宏達電元大9A購02,0,0,0,0,0,0,0,0,0,6000,0,0,0,124000,118000,6000,6000
060400,南電國票9A購03  ,0,0,0,0,0,0,0,0,0,6000,0,0,0,11000,5000,6000,6000
059129,麗豐中信99購01  ,0,0,0,0,0,0,0,0,0,6000,0,0,0,32000,26000,6000,6000
061445,道瓊指中信9A購01,0,0,0,0,0,0,0,0,0,6000,0,0,0,6000,0,6000,6000
061169,GIS兆豐9A購01   ,0,0,0,0,0,0,0,0,0,6000,0,0,0,6000,0,6000,6000
058527,世紀鋼元大99購01,0,0,0,0,0,0,0,0,0,6000,0,0,0,106000,100000,6000,6000
058238,奇鋐元大99購02  ,0,0,0,0,0,0,0,0,0,6000,0,0,0,6000,0,6000,6000
061532,和大統一9C購02  ,0,0,0,0,0,0,0,0,0,6000,0,0,0,6000,0,6000,6000
063991,南六永豐9C購02  ,0,0,0,0,0,0,0,0,0,6000,0,0,0,9000,3000,6000,6000
064046,聯發科統一9C購12,0,0,0,0,0,0,0,0,0,6000,0,0,0,8000,2000,6000,6000
064601,嘉晶元富9C購03  ,0,0,0,0,0,0,0,0,0,6000,0,0,0,6000,0,6000,6000
06468P,華新科統一98售02,0,0,0,0,0,0,0,0,0,6000,0,0,0,6000,0,6000,6000
062281,奇鋐群益9B購01  ,0,0,0,0,0,0,0,0,0,6000,0,0,0,51000,45000,6000,6000
062146,大毅國票9B購01  ,0,0,0,0,0,0,0,0,0,6000,0,0,0,36000,30000,6000,6000
062123,台積電統一9B購13,0,0,0,0,0,0,0,0,0,6000,0,0,0,6000,0,6000,6000
062553,台積電凱基9B購07,0,0,0,0,0,0,0,0,0,6000,0,0,0,10000,4000,6000,6000
062676,南六台新9B購01  ,0,0,0,0,0,0,0,0,0,6000,0,0,0,6000,0,6000,6000
062752,世芯中信9B購01  ,0,0,0,0,0,0,0,0,0,6000,0,0,0,41000,35000,6000,6000
06284P,台積電國票98售03,0,0,0,0,0,0,0,0,0,6000,0,0,0,7000,1000,6000,6000
3454,晶睿            ,19000,11000,8000,0,0,0,0,2153,-2153,0,0,0,0,0,0,0,5847
3703,欣陸            ,86000,126000,-40000,0,0,0,0,0,0,45000,45000,0,45000,0,0,0,5000
2611,志信            ,16000,11000,5000,0,0,0,0,0,0,0,0,0,0,0,0,0,5000
2543,皇昌            ,5000,0,5000,0,0,0,0,0,0,0,0,0,0,0,0,0,5000
8411,福貞-KY         ,5000,0,5000,0,0,0,0,0,0,0,0,0,0,0,0,0,5000
1503,士電            ,15000,10000,5000,0,0,0,0,0,0,0,0,0,0,0,0,0,5000
1525,江申            ,7000,2000,5000,0,0,0,0,0,0,0,0,0,0,0,0,0,5000
2415,錩新            ,13000,8000,5000,0,0,0,0,0,0,0,0,0,0,0,0,0,5000
2236,百達-KY         ,6000,1000,5000,0,0,0,0,0,0,0,0,0,0,0,0,0,5000
08335P,香港2X中信03售01,0,0,0,0,0,0,0,0,0,5000,0,0,0,5000,0,5000,5000
08493P,嘉澤元大9C售01  ,0,0,0,0,0,0,0,0,0,5000,0,0,0,5000,0,5000,5000
1203,味王            ,6000,1000,5000,0,0,0,0,0,0,0,0,0,0,0,0,0,5000
1234,黑松            ,10000,5000,5000,0,0,0,0,0,0,0,0,0,0,0,0,0,5000
06482P,台積電凱基98售13,0,0,0,0,0,0,0,0,0,5000,0,0,0,5000,0,5000,5000
06517P,國巨凱基98售09  ,0,0,0,0,0,0,0,0,0,5000,0,0,0,5000,0,5000,5000
06857P,超眾永豐98售02  ,0,0,0,0,0,0,0,0,0,5000,0,0,0,5000,0,5000,5000
06931P,大立光元大98售20,0,0,0,0,0,0,0,0,0,5000,0,0,0,5000,0,5000,5000
06702P,智邦元富98售01  ,0,0,0,0,0,0,0,0,0,5000,0,0,0,5000,0,5000,5000
08120P,南亞科國票9C售01,0,0,0,0,0,0,0,0,0,5000,0,0,0,48000,43000,5000,5000
08127P,聯發科元大9B售21,5000,0,5000,0,0,0,0,0,0,0,0,0,0,15000,15000,0,5000
08090P,嘉澤統一9B售01  ,0,0,0,0,0,0,0,0,0,5000,0,0,0,5000,0,5000,5000
07532P,台灣50中信01售02,0,0,0,0,0,0,0,0,0,5000,0,0,0,15000,10000,5000,5000
07542P,台積電凱基9A售16,0,0,0,0,0,0,0,0,0,5000,0,0,0,5000,0,5000,5000
07596P,上証2X中信01售01,0,0,0,0,0,0,0,0,0,5000,0,0,0,5000,0,5000,5000
07684P,大立光凱基9A售11,0,0,0,0,0,0,0,0,0,5000,0,0,0,5000,0,5000,5000
07101P,台郡元大99售06  ,0,0,0,0,0,0,0,0,0,5000,0,0,0,74000,69000,5000,5000
07134P,臺股指元大9A售28,0,0,0,0,0,0,0,0,0,5000,0,0,0,19000,14000,5000,5000
07203P,T50正2凱基9C售02,0,0,0,0,0,0,0,0,0,5000,0,0,0,5000,0,5000,5000
07251P,台灣50元富01售04,0,0,0,0,0,0,0,0,0,5000,0,0,0,25000,20000,5000,5000
055490,台光電元大97購01,0,0,0,0,0,0,0,0,0,5000,0,0,0,5000,0,5000,5000
05546P,全新元大97售01  ,0,0,0,0,0,0,0,0,0,5000,0,0,0,5000,0,5000,5000
055387,世紀鋼元大97購01,0,0,0,0,0,0,0,0,0,5000,0,0,0,5000,0,5000,5000
055359,超眾凱基97購01  ,0,0,0,0,0,0,0,0,0,5000,0,0,0,10000,5000,5000,5000
055255,欣興統一97購02  ,0,0,0,0,0,0,0,0,0,5000,0,0,0,5000,0,5000,5000
05315P,鴻海永昌96售08  ,0,0,0,0,0,0,0,0,0,5000,0,0,0,5000,0,5000,5000
055258,玉晶光統一97購03,0,0,0,0,0,0,0,0,0,5000,0,0,0,5000,0,5000,5000
051939,同欣電群益97購01,0,0,0,0,0,0,0,0,0,5000,0,0,0,5000,0,5000,5000
055049,智邦永豐97購01  ,0,0,0,0,0,0,0,0,0,5000,0,0,0,5000,0,5000,5000
055078,亞泥中信98購01  ,0,0,0,0,0,0,0,0,0,5000,0,0,0,5000,0,5000,5000
048652,巨大元大96購01  ,0,90000,-90000,0,0,0,0,0,0,95000,0,0,0,155000,60000,95000,5000
050485,國巨統一96購01  ,0,0,0,0,0,0,0,0,0,5000,0,0,0,268000,263000,5000,5000
050100,台積電永昌96購02,0,0,0,0,0,0,0,0,0,5000,0,0,0,5000,0,5000,5000
053082,聯電元大98購03  ,0,0,0,0,0,0,0,0,0,5000,0,0,0,5000,0,5000,5000
052578,大立光統一97購01,0,0,0,0,0,0,0,0,0,5000,0,0,0,5000,0,5000,5000
052331,漢唐亞東97購01  ,0,0,0,0,0,0,0,0,0,5000,0,0,0,5000,0,5000,5000
052522,聯發科元大96購05,0,0,0,0,0,0,0,0,0,5000,0,0,0,5000,0,5000,5000
052216,康友元大96購01  ,0,0,0,0,0,0,0,0,0,5000,0,0,0,5000,0,5000,5000
0053,元大電子        ,0,0,0,0,0,0,0,0,0,5000,0,0,0,6000,1000,5000,5000
053474,聯發科元大97購06,0,0,0,0,0,0,0,0,0,5000,0,0,0,5000,0,5000,5000
053584,友達元大9B購02  ,0,0,0,0,0,0,0,0,0,5000,0,0,0,5000,0,5000,5000
053587,京元電元大98購01,0,0,0,0,0,0,0,0,0,5000,0,0,0,5000,0,5000,5000
053945,國巨富邦98購02  ,0,0,0,0,0,0,0,0,0,5000,0,0,0,5000,0,5000,5000
053918,美律國票97購01  ,0,0,0,0,0,0,0,0,0,5000,0,0,0,5000,0,5000,5000
057648,和碩元大98購01  ,0,0,0,0,0,0,0,0,0,5000,0,0,0,5000,0,5000,5000
056663,臺股指元大9A購10,0,0,0,0,0,0,0,0,0,5000,0,0,0,5000,0,5000,5000
057713,美律統一99購01  ,0,0,0,0,0,0,0,0,0,5000,0,0,0,5000,0,5000,5000
054261,智伸科元大96購03,0,0,0,0,0,0,0,0,0,5000,0,0,0,5000,0,5000,5000
054069,亞光國泰98購01  ,0,0,0,0,0,0,0,0,0,5000,0,0,0,5000,0,5000,5000
054291,高鐵元大97購01  ,0,0,0,0,0,0,0,0,0,5000,0,0,0,105000,100000,5000,5000
054311,世芯凱基96購02  ,0,0,0,0,0,0,0,0,0,5000,0,0,0,5000,0,5000,5000
053345,欣興國票97購02  ,0,0,0,0,0,0,0,0,0,5000,0,0,0,5000,0,5000,5000
055690,矽力凱基97購02  ,0,0,0,0,0,0,0,0,0,5000,0,0,0,5000,0,5000,5000
056836,國巨元富98購01  ,0,0,0,0,0,0,0,0,0,5000,0,0,0,5000,0,5000,5000
055931,冠德群益97購02  ,0,0,0,0,0,0,0,0,0,5000,0,0,0,30000,25000,5000,5000
057212,台積電群益98購03,0,0,0,0,0,0,0,0,0,5000,0,0,0,5000,0,5000,5000
056357,台積電元大9A購01,0,0,0,0,0,0,0,0,0,5000,0,0,0,5000,0,5000,5000
056430,鴻海凱基98購06  ,0,0,0,0,0,0,0,0,0,5000,0,0,0,5000,0,5000,5000
056412,上証2X中信9A購02,0,0,0,0,0,0,0,0,0,5000,0,0,0,9000,4000,5000,5000
059923,緯穎元大99購09  ,0,0,0,0,0,0,0,0,0,5000,0,0,0,37000,32000,5000,5000
058725,美律富邦9A購01  ,0,0,0,0,0,0,0,0,0,5000,0,0,0,5000,0,5000,5000
057324,億光群益98購01  ,0,0,0,0,0,0,0,0,0,5000,0,0,0,79000,74000,5000,5000
057283,欣興元大98購07  ,0,0,0,0,0,0,0,0,0,5000,0,0,0,5000,0,5000,5000
055797,華通富邦98購01  ,0,0,0,0,0,0,0,0,0,5000,0,0,0,79000,74000,5000,5000
055804,祥碩永豐97購02  ,0,0,0,0,0,0,0,0,0,5000,0,0,0,5000,0,5000,5000
055910,瑞昱凱基98購01  ,0,0,0,0,0,0,0,0,0,5000,0,0,0,5000,0,5000,5000
057057,立積元大9A購01  ,0,0,0,0,0,0,0,0,0,5000,0,0,0,30000,25000,5000,5000
060071,國巨元富99購03  ,0,0,0,0,0,0,0,0,0,5000,0,0,0,5000,0,5000,5000
058275,S&P500中信9B購01,0,0,0,0,0,0,0,0,0,5000,0,0,0,7000,2000,5000,5000
058532,禾伸堂元富99購01,0,0,0,0,0,0,0,0,0,5000,0,0,0,5000,0,5000,5000
05851P,力山群益97售01  ,0,0,0,0,0,0,0,0,0,5000,0,0,0,5000,0,5000,5000
058572,百和凱基9A購01  ,0,0,0,0,0,0,0,0,0,5000,0,0,0,5000,0,5000,5000
058981,國巨凱基99購10  ,0,0,0,0,0,0,0,0,0,5000,0,0,0,9000,4000,5000,5000
059405,台灣50國票01購01,0,0,0,0,0,0,0,0,0,5000,0,0,0,5000,0,5000,5000
061204,國巨元大9A購16  ,0,0,0,0,0,0,0,0,0,5000,0,0,0,33000,28000,5000,5000
061194,聯鈞永豐9A購02  ,0,0,0,0,0,0,0,0,0,5000,0,0,0,5000,0,5000,5000
061319,聯發科凱基9A購16,0,0,0,0,0,0,0,0,0,5000,0,0,0,5000,0,5000,5000
060812,智邦凱基9A購01  ,0,0,0,0,0,0,0,0,0,5000,0,0,0,21000,16000,5000,5000
060932,南六永豐9A購02  ,0,0,0,0,0,0,0,0,0,5000,0,0,0,8000,3000,5000,5000
061656,華新科國票9A購08,0,0,0,0,0,0,0,0,0,5000,0,0,0,5000,0,5000,5000
059067,上銀國票9A購02  ,0,0,0,0,0,0,0,0,0,5000,0,0,0,5000,0,5000,5000
062120,國巨台新9B購01  ,0,0,0,0,0,0,0,0,0,5000,0,0,0,5000,0,5000,5000
061961,台積電統一01購02,0,0,0,0,0,0,0,0,0,5000,0,0,0,10000,5000,5000,5000
062014,牧德富邦9C購01  ,0,0,0,0,0,0,0,0,0,5000,0,0,0,5000,0,5000,5000
060401,世紀鋼國票9B購01,0,0,0,0,0,0,0,0,0,5000,0,0,0,5000,0,5000,5000
060449,元金2X元大9A購02,0,0,0,0,0,0,0,0,0,5000,0,0,0,5000,0,5000,5000
060445,S&P反1元大9A購04,0,0,0,0,0,0,0,0,0,5000,0,0,0,5000,0,5000,5000
060530,聯發科中信9C購03,0,0,0,0,0,0,0,0,0,5000,0,0,0,5000,0,5000,5000
060702,玉晶光國泰9C購02,0,0,0,0,0,0,0,0,0,5000,0,0,0,5000,0,5000,5000
060290,興富發元大9C購01,0,0,0,0,0,0,0,0,0,5000,0,0,0,10000,5000,5000,5000
060278,道瓊反元大9A購03,0,0,0,0,0,0,0,0,0,5000,0,0,0,5000,0,5000,5000
06038P,國泰金台新96售01,0,0,0,0,0,0,0,0,0,5000,0,0,0,5000,0,5000,5000
059619,台積電日盛9A購04,0,0,0,0,0,0,0,0,0,5000,0,0,0,7000,2000,5000,5000
062833,世芯群益9B購01  ,0,0,0,0,0,0,0,0,0,5000,0,0,0,5000,0,5000,5000
062851,建準永豐9B購02  ,0,0,0,0,0,0,0,0,0,5000,0,0,0,5000,0,5000,5000
062896,中興電元大9B購01,0,0,0,0,0,0,0,0,0,5000,0,0,0,5000,0,5000,5000
063007,儒鴻元大9B購01  ,0,0,0,0,0,0,0,0,0,5000,0,0,0,51000,46000,5000,5000
063001,巨大國票9B購01  ,0,0,0,0,0,0,0,0,0,5000,0,0,0,21000,16000,5000,5000
063199,台積電統一01購07,0,0,0,0,0,0,0,0,0,5000,0,0,0,5000,0,5000,5000
063056,嘉澤統一9C購02  ,0,0,0,0,0,0,0,0,0,5000,0,0,0,10000,5000,5000,5000
063090,道瓊反中信9C購02,0,0,0,0,0,0,0,0,0,5000,0,0,0,5000,0,5000,5000
063303,聯發科凱基9B購14,0,0,0,0,0,0,0,0,0,5000,0,0,0,5000,0,5000,5000
06274P,臺股指凱基97售06,0,0,0,0,0,0,0,0,0,5000,0,0,0,5000,0,5000,5000
062735,和大國票9B購01  ,0,0,0,0,0,0,0,0,0,5000,0,0,0,5000,0,5000,5000
062668,國巨中信9B購04  ,0,0,0,0,0,0,0,0,0,5000,0,0,0,5000,0,5000,5000
062283,玉晶光群益01購01,0,0,0,0,0,0,0,0,0,5000,0,0,0,6000,1000,5000,5000
062228,南六統一02購01  ,0,0,0,0,0,0,0,0,0,5000,0,0,0,15000,10000,5000,5000
062439,聯發科元大9B購10,0,0,0,0,0,0,0,0,0,5000,0,0,0,5000,0,5000,5000
064337,大毅元大01購02  ,0,0,0,0,0,0,0,0,0,5000,0,0,0,15000,10000,5000,5000
064017,道瓊反元大9C購03,0,0,0,0,0,0,0,0,0,5000,0,0,0,5000,0,5000,5000
063984,華邦電國泰02購01,0,0,0,0,0,0,0,0,0,5000,0,0,0,10000,5000,5000,5000
063974,南電國票01購01  ,0,0,0,0,0,0,0,0,0,5000,0,0,0,5000,0,5000,5000
063688,建準永豐9B購03  ,0,0,0,0,0,0,0,0,0,5000,0,0,0,5000,0,5000,5000
5871,中租-KY         ,1462481,1831722,-369241,0,0,0,96000,15000,81000,293000,232000,0,232000,68000,7000,61000,4759
2492,華新科          ,1404539,1387262,17277,0,0,0,0,71000,-71000,58000,112000,10000,102000,47000,91000,-44000,4277
2371,大同            ,1298055,1314000,-15945,0,0,0,0,0,0,20000,22000,2000,20000,0,0,0,4055
2028,威致            ,6000,2000,4000,0,0,0,0,0,0,0,0,0,0,0,0,0,4000
1110,東泥            ,4000,0,4000,0,0,0,0,0,0,0,0,0,0,0,0,0,4000
1323,永裕            ,6000,1000,5000,0,0,0,0,0,0,-1000,0,1000,-1000,0,0,0,4000
08340P,聯發科元富9C售01,0,0,0,0,0,0,0,0,0,4000,0,0,0,14000,10000,4000,4000
08239P,南六永豐9B售03  ,0,0,0,0,0,0,0,0,0,4000,0,0,0,4000,0,4000,4000
3025,星通            ,7000,0,7000,0,0,0,0,0,0,-3000,0,3000,-3000,0,0,0,4000
3312,弘憶股          ,128000,121000,7000,0,0,0,0,0,0,-3000,0,3000,-3000,0,0,0,4000
3305,昇貿            ,4000,0,4000,0,0,0,0,0,0,0,0,0,0,0,0,0,4000
3030,德律            ,50000,46000,4000,0,0,0,0,0,0,0,0,0,0,0,0,0,4000
6108,競國            ,65000,52000,13000,0,0,0,0,9000,-9000,0,0,0,0,0,0,0,4000
6477,安集            ,7000,3000,4000,0,0,0,0,0,0,0,0,0,0,0,0,0,4000
6405,悅城            ,5000,1000,4000,0,0,0,0,0,0,0,0,0,0,0,0,0,4000
8103,瀚荃            ,30000,22000,8000,0,0,0,0,0,0,-4000,0,4000,-4000,0,0,0,4000
07274P,上証2X群益01售01,0,0,0,0,0,0,0,0,0,4000,0,0,0,4000,0,4000,4000
07392P,台積電國泰02售01,0,0,0,0,0,0,0,0,0,4000,0,0,0,16000,12000,4000,4000
07342P,大立光凱基99售14,0,0,0,0,0,0,0,0,0,4000,0,0,0,50000,46000,4000,4000
07177P,臺股指凱基99售19,0,0,0,0,0,0,0,0,0,4000,0,0,0,4000,0,4000,4000
07623P,大立光統一9B售05,0,0,0,0,0,0,0,0,0,4000,0,0,0,5000,1000,4000,4000
07433P,臺股指國票9A售05,0,0,0,0,0,0,0,0,0,4000,0,0,0,404000,400000,4000,4000
08035P,國巨群益9C售04  ,0,0,0,0,0,0,0,0,0,4000,0,0,0,4000,0,4000,4000
07932P,國巨元大9B售04  ,0,0,0,0,0,0,0,0,0,4000,0,0,0,10000,6000,4000,4000
07730P,臺股指凱基9A售22,0,0,0,0,0,0,0,0,0,4000,0,0,0,7000,3000,4000,4000
07794P,智邦國票9A售03  ,0,0,0,0,0,0,0,0,0,4000,0,0,0,10000,6000,4000,4000
07779P,鴻海凱基9B售04  ,0,0,0,0,0,0,0,0,0,4000,0,0,0,4000,0,4000,4000
06712P,臺股指台新99售09,0,0,0,0,0,0,0,0,0,4000,0,0,0,15000,11000,4000,4000
06548P,大立光元大98售10,0,0,0,0,0,0,0,0,0,4000,0,0,0,4000,0,4000,4000
06570P,大立光永豐98售01,0,0,0,0,0,0,0,0,0,4000,0,0,0,4000,0,4000,4000
06590P,大立光元大98售13,0,0,0,0,0,0,0,0,0,4000,0,0,0,8000,4000,4000,4000
06591P,大立光元大98售14,0,0,0,0,0,0,0,0,0,4000,0,0,0,9000,5000,4000,4000
06851P,鈺齊元大98售01  ,0,0,0,0,0,0,0,0,0,4000,0,0,0,100000,96000,4000,4000
06888P,日月光元大98售02,0,0,0,0,0,0,0,0,0,4000,0,0,0,7000,3000,4000,4000
065031,世芯兆豐9C購01  ,0,0,0,0,0,0,0,0,0,4000,0,0,0,4000,0,4000,4000
064915,美律統一02購02  ,0,0,0,0,0,0,0,0,0,4000,0,0,0,79000,75000,4000,4000
064900,景碩群益01購01  ,0,0,0,0,0,0,0,0,0,4000,0,0,0,14000,10000,4000,4000
057074,立積永豐98購01  ,0,0,0,0,0,0,0,0,0,4000,0,0,0,11000,7000,4000,4000
055801,景碩永豐97購02  ,0,0,0,0,0,0,0,0,0,4000,0,0,0,14000,10000,4000,4000
057550,聯發科凱基02購01,0,0,0,0,0,0,0,0,0,4000,0,0,0,4000,0,4000,4000
061052,和大群益9A購01  ,0,0,0,0,0,0,0,0,0,4000,0,0,0,4000,0,4000,4000
056185,全新統一98購01  ,0,0,0,0,0,0,0,0,0,4000,0,0,0,4000,0,4000,4000
057250,大立光統一98購08,0,0,0,0,0,0,0,0,0,4000,0,0,0,4000,0,4000,4000
057162,上銀元大98購03  ,0,0,0,0,0,0,0,0,0,4000,0,0,0,4000,0,4000,4000
055713,國巨元大98購09  ,0,0,0,0,0,0,0,0,0,4000,0,0,0,15000,11000,4000,4000
055645,技嘉元富97購01  ,0,0,0,0,0,0,0,0,0,4000,0,0,0,5000,1000,4000,4000
056763,國巨元大99購02  ,0,0,0,0,0,0,0,0,0,4000,0,0,0,8000,4000,4000,4000
054276,國巨群益96購07  ,0,0,0,0,0,0,0,0,0,4000,0,0,0,4000,0,4000,4000
057708,臺股指群益98購08,0,0,0,0,0,0,0,0,0,4000,0,0,0,4000,0,4000,4000
057757,鴻海凱基98購13  ,0,0,0,0,0,0,0,0,0,4000,0,0,0,5000,1000,4000,4000
053761,健策國泰98購01  ,0,0,0,0,0,0,0,0,0,4000,0,0,0,14000,10000,4000,4000
052203,T50反1中信99購03,0,0,0,0,0,0,0,0,0,4000,0,0,0,4000,0,4000,4000
051902,T50反1元大97購01,0,0,0,0,0,0,0,0,0,4000,0,0,0,4000,0,4000,4000
051657,台郡元富98購01  ,0,0,0,0,0,0,0,0,0,4000,0,0,0,4000,0,4000,4000
053174,同欣電群益98購02,0,0,0,0,0,0,0,0,0,4000,0,0,0,4000,0,4000,4000
055360,台表科凱基97購02,0,0,0,0,0,0,0,0,0,4000,0,0,0,4000,0,4000,4000
059520,台表科永豐99購02,0,0,0,0,0,0,0,0,0,4000,0,0,0,4000,0,4000,4000
059730,晶相光元大9C購02,0,0,0,0,0,0,0,0,0,4000,0,0,0,13000,9000,4000,4000
057930,旺宏群益99購04  ,0,0,0,0,0,0,0,0,0,4000,0,0,0,94000,90000,4000,4000
060477,和潤元大9A購01  ,0,0,0,0,0,0,0,0,0,4000,0,0,0,33000,29000,4000,4000
061959,鴻海統一9B購04  ,0,0,0,0,0,0,0,0,0,4000,0,0,0,100000,96000,4000,4000
059036,可成群益9B購03  ,0,0,0,0,0,0,0,0,0,4000,0,0,0,136000,132000,4000,4000
058079,鴻海群益98購08  ,0,0,0,0,0,0,0,0,0,4000,0,0,0,10000,6000,4000,4000
061486,國巨兆豐9B購02  ,0,0,0,0,0,0,0,0,0,4000,0,0,0,117000,113000,4000,4000
061254,道瓊反凱基9A購02,0,0,0,0,0,0,0,0,0,4000,0,0,0,4000,0,4000,4000
059317,台積電元大99購34,0,0,0,0,0,0,0,0,0,4000,0,0,0,4000,0,4000,4000
060221,大立光凱基9A購07,0,0,0,0,0,0,0,0,0,4000,0,0,0,4000,0,4000,4000
058446,新光金富邦9C購01,0,0,0,0,0,0,0,0,0,4000,0,0,0,5000,1000,4000,4000
060097,華新科元大99購23,0,0,0,0,0,0,0,0,0,4000,0,0,0,4000,0,4000,4000
06156P,大立光統一97售05,0,0,0,0,0,0,0,0,0,4000,0,0,0,4000,0,4000,4000
063606,TPK凱基9C購01   ,0,0,0,0,0,0,0,0,0,4000,0,0,0,4000,0,4000,4000
063584,南六國泰01購01  ,0,0,0,0,0,0,0,0,0,4000,0,0,0,4000,0,4000,4000
063927,奇力新統一02購01,0,0,0,0,0,0,0,0,0,4000,0,0,0,5000,1000,4000,4000
06422P,勤誠統一98售01  ,0,0,0,0,0,0,0,0,0,4000,0,0,0,4000,0,4000,4000
06437P,玉晶光國票99售01,0,0,0,0,0,0,0,0,0,4000,0,0,0,9000,5000,4000,4000
064374,旺宏元富9C購01  ,0,0,0,0,0,0,0,0,0,4000,0,0,0,9000,5000,4000,4000
064375,智邦元富03購01  ,0,0,0,0,0,0,0,0,0,4000,0,0,0,107000,103000,4000,4000
064665,南亞科元大9C購06,0,0,0,0,0,0,0,0,0,4000,0,0,0,4000,0,4000,4000
062391,台達電富邦9C購01,0,0,0,0,0,0,0,0,0,4000,0,0,0,70000,66000,4000,4000
062278,聯發科群益9C購01,0,0,0,0,0,0,0,0,0,4000,0,0,0,4000,0,4000,4000
062303,台表科中信01購01,0,0,0,0,0,0,0,0,0,4000,0,0,0,60000,56000,4000,4000
063221,京元電群益9B購02,0,0,0,0,0,0,0,0,0,4000,0,0,0,37000,33000,4000,4000
063111,TPK兆豐9B購01   ,0,0,0,0,0,0,0,0,0,4000,0,0,0,5000,1000,4000,4000
063018,聯發科元大9B購14,0,0,0,0,0,0,0,0,0,4000,0,0,0,4000,0,4000,4000
062926,嘉澤國票9B購01  ,0,0,0,0,0,0,0,0,0,4000,0,0,0,76000,72000,4000,4000
06912P,台光電元大99售02,0,0,0,0,0,0,0,0,0,3000,0,0,0,25000,22000,3000,3000
06783P,亞光元大98售03  ,0,0,0,0,0,0,0,0,0,3000,0,0,0,6000,3000,3000,3000
06751P,旺宏凱基98售10  ,0,0,0,0,0,0,0,0,0,3000,0,0,0,3000,0,3000,3000
07789P,緯穎群益9A售03  ,0,0,0,0,0,0,0,0,0,3000,0,0,0,23000,20000,3000,3000
07760P,力山永豐9A售03  ,0,0,0,0,0,0,0,0,0,3000,0,0,0,3000,0,3000,3000
07967P,力山元大9B售03  ,0,0,0,0,0,0,0,0,0,3000,0,0,0,13000,10000,3000,3000
07482P,南亞科元富9A售04,0,0,0,0,0,0,0,0,0,3000,0,0,0,280000,277000,3000,3000
07141P,台灣50國票9A售03,0,0,0,0,0,0,0,0,0,3000,0,0,0,20000,17000,3000,3000
07165P,臺股指群益99售16,0,0,0,0,0,0,0,0,0,3000,0,0,0,3000,0,3000,3000
6671,三能-KY         ,4000,1000,3000,0,0,0,0,0,0,0,0,0,0,0,0,0,3000
6281,全國電          ,6000,3000,3000,0,0,0,0,0,0,0,0,0,0,0,0,0,3000
6206,飛捷            ,17000,15000,2000,0,0,0,1000,0,1000,0,0,0,0,0,0,0,3000
5533,皇鼎            ,4000,1000,3000,0,0,0,0,0,0,0,0,0,0,0,0,0,3000
3046,建碁            ,16000,13000,3000,0,0,0,0,0,0,0,0,0,0,0,0,0,3000
4571,鈞興-KY         ,5000,2000,3000,0,0,0,0,0,0,0,0,0,0,0,0,0,3000
2936,客思達-KY       ,3000,0,3000,0,0,0,0,0,0,0,0,0,0,0,0,0,3000
2850,新產            ,22000,19000,3000,0,0,0,0,0,0,0,0,0,0,0,0,0,3000
2613,中櫃            ,5000,2000,3000,0,0,0,0,0,0,0,0,0,0,0,0,0,3000
08215P,旺宏群益9B售04  ,0,0,0,0,0,0,0,0,0,3000,0,0,0,3000,0,3000,3000
1440,南紡            ,8000,5000,3000,0,0,0,0,0,0,0,0,0,0,0,0,0,3000
1236,宏亞            ,1000,0,1000,0,0,0,0,0,0,2000,2000,0,2000,0,0,0,3000
08382P,國巨群益01售02  ,0,0,0,0,0,0,0,0,0,3000,0,0,0,3000,0,3000,3000
2024,志聯            ,4000,1000,3000,0,0,0,0,0,0,0,0,0,0,0,0,0,3000
2059,川湖            ,32000,31000,1000,0,0,0,0,0,0,2000,2000,0,2000,0,0,0,3000
1539,巨庭            ,6000,3000,3000,0,0,0,0,0,0,0,0,0,0,0,0,0,3000
1603,華電            ,8000,5000,3000,0,0,0,0,0,0,0,0,0,0,0,0,0,3000
05537P,群創中信98售01  ,0,0,0,0,0,0,0,0,0,3000,0,0,0,33000,30000,3000,3000
055416,欣興富邦98購01  ,0,0,0,0,0,0,0,0,0,3000,0,0,0,3000,0,3000,3000
00689R,國泰20年美債反1 ,6000,0,6000,0,0,0,0,0,0,-3000,0,0,0,100000,103000,-3000,3000
052945,嘉晶國票97購01  ,0,0,0,0,0,0,0,0,0,3000,0,0,0,3000,0,3000,3000
03658C,T50反1元大9A牛02,0,0,0,0,0,0,0,0,0,3000,0,0,0,8000,5000,3000,3000
053443,智邦凱基97購01  ,0,0,0,0,0,0,0,0,0,3000,0,0,0,3000,0,3000,3000
053366,樺漢國泰98購01  ,0,0,0,0,0,0,0,0,0,3000,0,0,0,3000,0,3000,3000
057724,亞德客國泰99購01,0,0,0,0,0,0,0,0,0,3000,0,0,0,3000,0,3000,3000
054376,聯茂中信97購01  ,0,0,0,0,0,0,0,0,0,3000,0,0,0,3000,0,3000,3000
054400,健策永豐96購02  ,0,0,0,0,0,0,0,0,0,3000,0,0,0,3000,0,3000,3000
054665,華通元富97購02  ,0,0,0,0,0,0,0,0,0,3000,0,0,0,3000,0,3000,3000
056772,欣興元大99購01  ,0,0,0,0,0,0,0,0,0,3000,0,0,0,112000,109000,3000,3000
056697,緯穎群益98購01  ,0,0,0,0,0,0,0,0,0,3000,0,0,0,3000,0,3000,3000
056159,牧德凱基99購01  ,0,0,0,0,0,0,0,0,0,3000,0,0,0,3000,0,3000,3000
057143,台郡兆豐98購01  ,0,0,0,0,0,0,0,0,0,3000,0,0,0,3000,0,3000,3000
056947,國巨統一9A購01  ,0,0,0,0,0,0,0,0,0,3000,0,0,0,3000,0,3000,3000
056214,義隆國票99購01  ,0,0,0,0,0,0,0,0,0,3000,0,0,0,20000,17000,3000,3000
056408,奇鋐國票99購01  ,0,0,0,0,0,0,0,0,0,3000,0,0,0,3000,0,3000,3000
056383,上銀國泰99購01  ,0,0,0,0,0,0,0,0,0,3000,0,0,0,3000,0,3000,3000
055853,群創元大98購03  ,0,0,0,0,0,0,0,0,0,3000,0,0,0,3000,0,3000,3000
058187,泰碩永豐99購01  ,0,0,0,0,0,0,0,0,0,3000,0,0,0,13000,10000,3000,3000
058191,祥碩永豐99購01  ,0,0,0,0,0,0,0,0,0,3000,0,0,0,3000,0,3000,3000
058901,美律元大99購07  ,0,0,0,0,0,0,0,0,0,3000,0,0,0,3000,0,3000,3000
058309,大毅元大99購02  ,0,0,0,0,0,0,0,0,0,3000,0,0,0,3000,0,3000,3000
059210,鴻海元大99購26  ,0,0,0,0,0,0,0,0,0,3000,0,0,0,7000,4000,3000,3000
059213,國巨元大99購19  ,0,0,0,0,0,0,0,0,0,3000,0,0,0,25000,22000,3000,3000
059259,FBVIX中信03購06 ,0,0,0,0,0,0,0,0,0,3000,0,0,0,170000,167000,3000,3000
059348,日月光凱基99購01,0,0,0,0,0,0,0,0,0,3000,0,0,0,3000,0,3000,3000
058567,華新科凱基9A購02,0,0,0,0,0,0,0,0,0,3000,0,0,0,3000,0,3000,3000
061274,臺股指凱基9A購24,0,0,0,0,0,0,0,0,0,3000,0,0,0,8000,5000,3000,3000
061199,道瓊反元大9A購05,0,0,0,0,0,0,0,0,0,3000,0,0,0,3000,0,3000,3000
061335,國巨元大9A購19  ,0,0,0,0,0,0,0,0,0,3000,0,0,0,15000,12000,3000,3000
058170,國巨凱基9A購06  ,0,0,0,0,0,0,0,0,0,3000,0,0,0,3000,0,3000,3000
058163,道瓊反凱基9B購01,0,0,0,0,0,0,0,0,0,3000,0,0,0,3000,0,3000,3000
059160,華通凱基99購03  ,0,0,0,0,0,0,0,0,0,3000,0,0,0,39000,36000,3000,3000
062010,台灣50富邦9B購03,0,0,0,0,0,0,0,0,0,3000,0,0,0,3000,0,3000,3000
061832,聯發科凱基9B購06,0,0,0,0,0,0,0,0,0,3000,0,0,0,3000,0,3000,3000
060425,凌華永豐9A購01  ,0,0,0,0,0,0,0,0,0,3000,0,0,0,3000,0,3000,3000
057874,可成元大99購02  ,0,0,0,0,0,0,0,0,0,3000,0,0,0,88000,85000,3000,3000
059591,台積電元大9A購04,0,0,0,0,0,0,0,0,0,3000,0,0,0,4000,1000,3000,3000
060327,美律群益9A購02  ,0,0,0,0,0,0,0,0,0,3000,0,0,0,26000,23000,3000,3000
062945,世芯國泰01購01  ,0,0,0,0,0,0,0,0,0,3000,0,0,0,55000,52000,3000,3000
063138,聯發科統一01購05,0,0,0,0,0,0,0,0,0,3000,0,0,0,203000,200000,3000,3000
06322P,超眾統一97售04  ,0,0,0,0,0,0,0,0,0,3000,0,0,0,103000,100000,3000,3000
06330P,南亞科群益97售03,0,0,0,0,0,0,0,0,0,3000,0,0,0,3000,0,3000,3000
062347,台光電群益9B購02,0,0,0,0,0,0,0,0,0,3000,0,0,0,3000,0,3000,3000
062643,緯穎國票9B購01  ,0,0,0,0,0,0,0,0,0,3000,0,0,0,3000,0,3000,3000
062673,台新金中信03購01,0,0,0,0,0,0,0,0,0,3000,0,0,0,30000,27000,3000,3000
06269P,群創凱基98售10  ,0,0,0,0,0,0,0,0,0,3000,0,0,0,13000,10000,3000,3000
064657,和大元大9C購02  ,0,0,0,0,0,0,0,0,0,3000,0,0,0,18000,15000,3000,3000
064745,聯鈞國票01購01  ,0,0,0,0,0,0,0,0,0,3000,0,0,0,62000,59000,3000,3000
064618,南亞科元大9C購04,0,0,0,0,0,0,0,0,0,3000,0,0,0,3000,0,3000,3000
063561,上銀元大9B購08  ,0,0,0,0,0,0,0,0,0,3000,0,0,0,3000,0,3000,3000
063767,義隆國泰02購01  ,0,0,0,0,0,0,0,0,0,3000,0,0,0,25000,22000,3000,3000
2002A,中鋼特          ,0,0,0,0,0,0,0,0,0,2000,3000,1000,2000,0,0,0,2000
1726,永記            ,2000,0,2000,0,0,0,0,0,0,0,0,0,0,0,0,0,2000
1724,台硝            ,2000,0,2000,0,0,0,0,0,0,0,0,0,0,0,0,0,2000
1806,冠軍            ,15000,13000,2000,0,0,0,0,0,0,0,0,0,0,0,0,0,2000
2302,麗正            ,2000,0,2000,0,0,0,0,0,0,0,0,0,0,0,0,0,2000
2465,麗臺            ,7000,5000,2000,0,0,0,0,0,0,0,0,0,0,0,0,0,2000
1233,天仁            ,2000,0,2000,0,0,0,0,0,0,0,0,0,0,0,0,0,2000
1419,新紡            ,2000,0,2000,0,0,0,0,0,0,0,0,0,0,0,0,0,2000
08308P,聯發科凱基01售03,0,0,0,0,0,0,0,0,0,2000,0,0,0,2000,0,2000,2000
2712,遠雄來          ,2000,0,2000,0,0,0,0,0,0,0,0,0,0,0,0,0,2000
2881B,富邦金乙特      ,0,0,0,0,0,0,0,0,0,2000,2000,0,2000,0,0,0,2000
5538,東明-KY         ,3000,1000,2000,0,0,0,0,0,0,0,0,0,0,0,0,0,2000
4999,鑫禾            ,19000,13000,6000,0,0,0,0,5000,-5000,1000,1000,0,1000,0,0,0,2000
5007,三星            ,12000,10000,2000,0,0,0,0,0,0,0,0,0,0,0,0,0,2000
6449,鈺邦            ,20000,19000,1000,0,0,0,0,0,0,1000,1000,0,1000,0,0,0,2000
8478,東哥遊艇        ,2000,0,2000,0,0,0,0,0,0,0,0,0,0,0,0,0,2000
8482,商億-KY         ,6000,4000,2000,0,0,0,0,0,0,0,0,0,0,0,0,0,2000
9937,全國            ,3000,1000,2000,0,0,0,0,0,0,0,0,0,0,0,0,0,2000
07172P,臺股指國票99售09,0,0,0,0,0,0,0,0,0,2000,0,0,0,27000,25000,2000,2000
07256P,臺股指凱基99售36,0,0,0,0,0,0,0,0,0,2000,0,0,0,2000,0,2000,2000
07551P,國巨元大9A售10  ,0,0,0,0,0,0,0,0,0,2000,0,0,0,12000,10000,2000,2000
07552P,技嘉元大9A售03  ,0,0,0,0,0,0,0,0,0,2000,0,0,0,2000,0,2000,2000
07880P,可成群益9B售05  ,0,0,0,0,0,0,0,0,0,2000,0,0,0,38000,36000,2000,2000
07888P,大立光國票9B售01,0,0,0,0,0,0,0,0,0,2000,0,0,0,2000,0,2000,2000
06781P,大立光元大98售19,0,0,0,0,0,0,0,0,0,2000,0,0,0,2000,0,2000,2000
06782P,大立光元大99售07,0,0,0,0,0,0,0,0,0,2000,0,0,0,2000,0,2000,2000
06602P,國巨統一99售02  ,0,0,0,0,0,0,0,0,0,2000,0,0,0,4000,2000,2000,2000
057326,景碩群益99購02  ,0,0,0,0,0,0,0,0,0,2000,0,0,0,2000,0,2000,2000
058670,鴻海群益9A購03  ,0,0,0,0,0,0,0,0,0,2000,0,0,0,61000,59000,2000,2000
060746,玉晶光國票9B購02,0,0,0,0,0,0,0,0,0,2000,0,0,0,2000,0,2000,2000
056209,超眾永豐97購02  ,0,0,0,0,0,0,0,0,0,2000,0,0,0,2000,0,2000,2000
056225,聯發科凱基97購09,0,0,0,0,0,0,0,0,0,2000,0,0,0,2000,0,2000,2000
056264,聯發科統一98購02,0,0,0,0,0,0,0,0,0,2000,0,0,0,4000,2000,2000,2000
056247,台郡群益97購01  ,0,0,0,0,0,0,0,0,0,2000,0,0,0,115000,113000,2000,2000
056962,技嘉永豐98購01  ,0,0,0,0,0,0,0,0,0,2000,0,0,0,43000,41000,2000,2000
056978,技嘉群益99購01  ,0,0,0,0,0,0,0,0,0,2000,0,0,0,25000,23000,2000,2000
055986,祥碩元富97購01  ,0,0,0,0,0,0,0,0,0,2000,0,0,0,2000,0,2000,2000
055923,矽力凱基98購01  ,0,0,0,0,0,0,0,0,0,2000,0,0,0,65000,63000,2000,2000
056833,和大元富9B購01  ,0,0,0,0,0,0,0,0,0,2000,0,0,0,2000,0,2000,2000
054296,世芯元大97購01  ,0,0,0,0,0,0,0,0,0,2000,0,0,0,17000,15000,2000,2000
054046,義隆元大96購02  ,0,0,0,0,0,0,0,0,0,2000,0,0,0,2000,0,2000,2000
054056,華新科國票96購02,0,0,0,0,0,0,0,0,0,2000,0,0,0,2000,0,2000,2000
057707,臺股指群益98購07,0,0,0,0,0,0,0,0,0,2000,0,0,0,12000,10000,2000,2000
053662,矽力凱基97購01  ,0,0,0,0,0,0,0,0,0,2000,0,0,0,2000,0,2000,2000
053930,S&P反1統一98購01,0,0,0,0,0,0,0,0,0,2000,0,0,0,2000,0,2000,2000
053027,玉晶光富邦98購01,0,0,0,0,0,0,0,0,0,2000,0,0,0,2000,0,2000,2000
052342,茂林凱基96購01  ,0,0,0,0,0,0,0,0,0,2000,0,0,0,2000,0,2000,2000
00666R,富邦恒生國企反1 ,0,0,0,0,0,0,0,0,0,2000,0,0,0,96000,94000,2000,2000
0057,富邦摩台        ,0,0,0,0,0,0,0,0,0,2000,0,0,0,22000,20000,2000,2000
00645,富邦日本        ,0,0,0,0,0,0,0,0,0,2000,0,0,0,68000,66000,2000,2000
03006X,元展06          ,0,0,0,0,0,0,0,0,0,2000,0,0,0,2000,0,2000,2000
00728,第一金工業30    ,0,0,0,0,0,0,0,0,0,2000,0,0,0,266000,264000,2000,2000
00735,國泰臺韓科技    ,0,26000,-26000,0,0,0,0,0,0,28000,0,0,0,125000,97000,28000,2000
055338,GIS兆豐97購01   ,0,0,0,0,0,0,0,0,0,2000,0,0,0,2000,0,2000,2000
055221,矽創凱基97購02  ,0,0,0,0,0,0,0,0,0,2000,0,0,0,2000,0,2000,2000
050570,聯發科中信97購02,0,0,0,0,0,0,0,0,0,2000,0,0,0,2000,0,2000,2000
051266,國巨富邦99購01  ,0,0,0,0,0,0,0,0,0,2000,0,0,0,2000,0,2000,2000
051087,國巨元大97購01  ,0,0,0,0,0,0,0,0,0,2000,0,0,0,2000,0,2000,2000
048179,臻鼎富邦97購01  ,0,0,0,0,0,0,0,0,0,2000,0,0,0,2000,0,2000,2000
047211,華新科富邦99購01,0,0,0,0,0,0,0,0,0,2000,0,0,0,2000,0,2000,2000
060365,京鼎元富9A購01  ,0,0,0,0,0,0,0,0,0,2000,0,0,0,2000,0,2000,2000
059531,華新科凱基9B購02,0,0,0,0,0,0,0,0,0,2000,0,0,0,4000,2000,2000,2000
059787,奇力新元大9A購02,0,0,0,0,0,0,0,0,0,2000,0,0,0,2000,0,2000,2000
059637,大立光凱基01購01,0,0,0,0,0,0,0,0,0,2000,0,0,0,2000,0,2000,2000
059631,京元電凱基99購02,0,0,0,0,0,0,0,0,0,2000,0,0,0,15000,13000,2000,2000
060479,億豐元大9A購01  ,0,0,0,0,0,0,0,0,0,2000,0,0,0,15000,13000,2000,2000
060454,葡萄王元大9A購01,0,0,0,0,0,0,0,0,0,2000,0,0,0,167000,165000,2000,2000
060529,聯發科中信9A購04,0,0,0,0,0,0,0,0,0,2000,0,0,0,2000,0,2000,2000
060576,欣興中信9B購01  ,0,0,0,0,0,0,0,0,0,2000,0,0,0,3000,1000,2000,2000
060617,華新科元大9A購08,0,0,0,0,0,0,0,0,0,2000,0,0,0,2000,0,2000,2000
060597,華通凱基9A購04  ,0,0,0,0,0,0,0,0,0,2000,0,0,0,20000,18000,2000,2000
060601,技嘉凱基9A購02  ,0,0,0,0,0,0,0,0,0,2000,0,0,0,2000,0,2000,2000
061884,臺股指元大9B購18,0,0,0,0,0,0,0,0,0,2000,0,0,0,2000,0,2000,2000
062061,台勝科統一01購01,0,0,0,0,0,0,0,0,0,2000,0,0,0,38000,36000,2000,2000
062027,國泰金群益9B購01,0,0,0,0,0,0,0,0,0,2000,0,0,0,7000,5000,2000,2000
062039,聯發科凱基9B購07,0,0,0,0,0,0,0,0,0,2000,0,0,0,2000,0,2000,2000
061697,世紀鋼群益9A購03,0,0,0,0,0,0,0,0,0,2000,0,0,0,2000,0,2000,2000
05908P,大立光元富96售05,0,0,0,0,0,0,0,0,0,2000,0,0,0,2000,0,2000,2000
059007,南電元大99購05  ,0,0,0,0,0,0,0,0,0,2000,0,0,0,12000,10000,2000,2000
058041,FBVIX元大98購02 ,0,0,0,0,0,0,0,0,0,2000,0,0,0,2000,0,2000,2000
061394,FBVIX統一9B購01 ,0,0,0,0,0,0,0,0,0,2000,0,0,0,5000,3000,2000,2000
061425,華新科元大9A購19,0,0,0,0,0,0,0,0,0,2000,0,0,0,2000,0,2000,2000
061200,道瓊反元大9A購06,0,0,0,0,0,0,0,0,0,2000,0,0,0,2000,0,2000,2000
061209,聯發科元大9A購10,0,0,0,0,0,0,0,0,0,2000,0,0,0,2000,0,2000,2000
061161,南六群益9A購01  ,0,0,0,0,0,0,0,0,0,2000,0,0,0,2000,0,2000,2000
061261,台積電凱基9B購03,0,0,0,0,0,0,0,0,0,2000,0,0,0,2000,0,2000,2000
061307,和潤永豐9A購02  ,0,0,0,0,0,0,0,0,0,2000,0,0,0,85000,83000,2000,2000
060961,台光電凱基9A購03,0,0,0,0,0,0,0,0,0,2000,0,0,0,10000,8000,2000,2000
059954,華新科康和99購01,0,0,0,0,0,0,0,0,0,2000,0,0,0,15000,13000,2000,2000
058775,台積電國票9A購02,0,0,0,0,0,0,0,0,0,2000,0,0,0,4000,2000,2000,2000
059940,微星永豐99購01  ,0,0,0,0,0,0,0,0,0,2000,0,0,0,32000,30000,2000,2000
060006,華通群益9A購04  ,0,0,0,0,0,0,0,0,0,2000,0,0,0,2000,0,2000,2000
058601,台積電元大99購10,0,0,0,0,0,0,0,0,0,2000,0,0,0,2000,0,2000,2000
058528,世紀鋼元大99購02,0,0,0,0,0,0,0,0,0,2000,0,0,0,115000,113000,2000,2000
059209,華通元大99購08  ,0,0,0,0,0,0,0,0,0,2000,0,0,0,13000,11000,2000,2000
058348,台表科群益99購01,0,0,0,0,0,0,0,0,0,2000,0,0,0,2000,0,2000,2000
058271,訊連永豐99購01  ,0,0,0,0,0,0,0,0,0,2000,0,0,0,2000,0,2000,2000
058442,玉晶光台新99購01,0,0,0,0,0,0,0,0,0,2000,0,0,0,2000,0,2000,2000
058378,南電凱基99購01  ,0,0,0,0,0,0,0,0,0,2000,0,0,0,4000,2000,2000,2000
060042,台積電群益99購12,0,0,0,0,0,0,0,0,0,2000,0,0,0,2000,0,2000,2000
060099,宏達電元大99購09,0,0,0,0,0,0,0,0,0,2000,0,0,0,48000,46000,2000,2000
060103,聯詠元大99購01  ,0,0,0,0,0,0,0,0,0,2000,0,0,0,2000,0,2000,2000
063785,華通中信06購02  ,0,0,0,0,0,0,0,0,0,2000,0,0,0,47000,45000,2000,2000
063827,國巨國票02購01  ,0,0,0,0,0,0,0,0,0,2000,0,0,0,13000,11000,2000,2000
063654,上銀元富9B購05  ,0,0,0,0,0,0,0,0,0,2000,0,0,0,2000,0,2000,2000
064016,南六國票01購01  ,0,0,0,0,0,0,0,0,0,2000,0,0,0,13000,11000,2000,2000
064525,臺股指群益9C購10,0,0,0,0,0,0,0,0,0,2000,0,0,0,2000,0,2000,2000
064477,南六國泰02購01  ,0,0,0,0,0,0,0,0,0,2000,0,0,0,3000,1000,2000,2000
062671,國泰金中信03購01,0,0,0,0,0,0,0,0,0,2000,0,0,0,17000,15000,2000,2000
062721,美律凱基9B購02  ,0,0,0,0,0,0,0,0,0,2000,0,0,0,12000,10000,2000,2000
062558,義隆凱基9B購02  ,0,0,0,0,0,0,0,0,0,2000,0,0,0,64000,62000,2000,2000
06232P,智易永豐97售01  ,0,0,0,0,0,0,0,0,0,2000,0,0,0,2000,0,2000,2000
063317,大立光群益9B購06,0,0,0,0,0,0,0,0,0,2000,0,0,0,219000,217000,2000,2000
063429,南電凱基01購01  ,0,0,0,0,0,0,0,0,0,2000,0,0,0,6000,4000,2000,2000
063036,聯發科凱基9B購11,0,0,0,0,0,0,0,0,0,2000,0,0,0,4000,2000,2000,2000
06633P,國巨國票99售01  ,0,0,0,0,0,0,0,0,0,1000,0,0,0,2000,1000,1000,1000
06939P,國巨永豐98售09  ,0,0,0,0,0,0,0,0,0,1000,0,0,0,1000,0,1000,1000
064942,道瓊反凱基02購01,0,0,0,0,0,0,0,0,0,1000,0,0,0,6000,5000,1000,1000
064973,智邦元大9C購06  ,0,0,0,0,0,0,0,0,0,1000,0,0,0,1000,0,1000,1000
064977,玉晶光元大01購03,0,0,0,0,0,0,0,0,0,1000,0,0,0,2000,1000,1000,1000
065011,智邦國泰02購01  ,0,0,0,0,0,0,0,0,0,1000,0,0,0,21000,20000,1000,1000
07819P,旺宏國票9B售01  ,0,0,0,0,0,0,0,0,0,1000,0,0,0,75000,74000,1000,1000
08040P,臺股指群益9B售13,0,0,0,0,0,0,0,0,0,1000,0,0,0,1000,0,1000,1000
08128P,聯發科元大9B售22,0,0,0,0,0,0,0,0,0,1000,0,0,0,6000,5000,1000,1000
07529P,國巨凱基9A售11  ,0,0,0,0,0,0,0,0,0,1000,0,0,0,1000,0,1000,1000
07413P,國巨元大99售33  ,0,0,0,0,0,0,0,0,0,1000,0,0,0,1000,0,1000,1000
07206P,鴻海凱基9A售11  ,0,0,0,0,0,0,0,0,0,1000,0,0,0,16000,15000,1000,1000
07125P,台積電元大99售22,0,0,0,0,0,0,0,0,0,1000,0,0,0,1000,0,1000,1000
9926,新海            ,0,0,0,0,0,0,0,0,0,1000,1000,0,1000,0,0,0,1000
8467,波力-KY         ,1000,0,1000,0,0,0,0,0,0,0,0,0,0,0,0,0,1000
6625,必應            ,2000,1000,1000,0,0,0,0,0,0,0,0,0,0,0,0,0,1000
6655,科定            ,1000,0,1000,0,0,0,0,0,0,0,0,0,0,0,0,0,1000
6201,亞弘電          ,1000,0,1000,0,0,0,0,0,0,0,0,0,0,0,0,0,1000
6133,金橋            ,1000,0,1000,0,0,0,0,0,0,0,0,0,0,0,0,0,1000
4763,材料-KY         ,10000,9000,1000,0,0,0,0,0,0,0,0,0,0,0,0,0,1000
5484,慧友            ,1000,0,1000,0,0,0,0,0,0,0,0,0,0,0,0,0,1000
2881A,富邦特          ,0,0,0,0,0,0,0,0,0,1000,1000,0,1000,0,0,0,1000
2832,台產            ,12000,11000,1000,0,0,0,0,0,0,0,0,0,0,0,0,0,1000
2891C,中信金丙特      ,0,0,0,0,0,0,0,0,0,1000,1000,0,1000,0,0,0,1000
3021,鴻名            ,1000,0,1000,0,0,0,0,0,0,0,0,0,0,0,0,0,1000
2739,寒舍            ,6000,5000,1000,0,0,0,0,0,0,0,0,0,0,0,0,0,1000
2630,亞航            ,1000,0,1000,0,0,0,0,0,0,0,0,0,0,0,0,0,1000
2514,龍邦            ,13000,12000,1000,0,0,0,0,0,0,0,0,0,0,0,0,0,1000
2528,皇普            ,16000,15000,1000,0,0,0,0,0,0,0,1000,1000,0,0,0,0,1000
2509,全坤建          ,1000,0,1000,0,0,0,0,0,0,0,0,0,0,0,0,0,1000
4557,永新-KY         ,2000,1000,1000,0,0,0,0,0,0,0,0,0,0,0,0,0,1000
3701,大眾控          ,2000,1000,1000,0,0,0,0,0,0,0,0,0,0,0,0,0,1000
3308,聯德            ,1000,0,1000,0,0,0,0,0,0,0,0,0,0,0,0,0,1000
08216P,聯發科群益9C售05,0,0,0,0,0,0,0,0,0,1000,0,0,0,51000,50000,1000,1000
1410,南染            ,4000,3000,1000,0,0,0,0,0,0,0,0,0,0,0,0,0,1000
1101B,台泥乙特        ,0,0,0,0,0,0,0,0,0,1000,1000,0,1000,0,0,0,1000
2462,良得電          ,1000,0,1000,0,0,0,0,0,0,0,0,0,0,0,0,0,1000
2420,新巨            ,19000,19000,0,0,0,0,1000,0,1000,0,0,0,0,0,0,0,1000
2440,太空梭          ,1000,0,1000,0,0,0,0,0,0,0,0,0,0,0,0,0,1000
2380,虹光            ,2000,1000,1000,0,0,0,0,0,0,0,0,0,0,0,0,0,1000
2373,震旦行          ,1000,0,1000,0,0,0,0,0,0,0,0,0,0,0,0,0,1000
1713,國化            ,2000,1000,1000,0,0,0,0,0,0,0,0,0,0,0,0,0,1000
2008,高興昌          ,1000,0,1000,0,0,0,0,0,0,0,0,0,0,0,0,0,1000
1535,中宇            ,3000,2000,1000,0,0,0,0,0,0,0,0,0,0,0,0,0,1000
051907,台積電元大97購05,0,0,0,0,0,0,0,0,0,1000,0,0,0,1000,0,1000,1000
051486,玉晶光凱基97購03,0,0,0,0,0,0,0,0,0,1000,0,0,0,32000,31000,1000,1000
051432,群創元富99購03  ,0,0,0,0,0,0,0,0,0,1000,0,0,0,1000,0,1000,1000
055108,智邦凱基98購01  ,0,0,0,0,0,0,0,0,0,1000,0,0,0,2000,1000,1000,1000
055117,臻鼎凱基98購02  ,0,0,0,0,0,0,0,0,0,1000,0,0,0,1000,0,1000,1000
055126,嘉澤兆豐97購01  ,0,0,0,0,0,0,0,0,0,1000,0,0,0,1000,0,1000,1000
052130,國巨凱基9B購01  ,0,0,0,0,0,0,0,0,0,1000,0,0,0,10000,9000,1000,1000
055289,泰碩元大98購01  ,0,0,0,0,0,0,0,0,0,1000,0,0,0,1000,0,1000,1000
055271,鴻海元大98購03  ,0,0,0,0,0,0,0,0,0,1000,0,0,0,23000,22000,1000,1000
055192,世芯元富97購01  ,0,0,0,0,0,0,0,0,0,1000,0,0,0,1000,0,1000,1000
055497,開發金元大97購01,0,0,0,0,0,0,0,0,0,1000,0,0,0,1000,0,1000,1000
055584,國巨元大97購11  ,0,0,0,0,0,0,0,0,0,1000,0,0,0,1000,0,1000,1000
055519,茂林中信99購01  ,0,0,0,0,0,0,0,0,0,1000,0,0,0,1000,0,1000,1000
00731,FH富時高息低波  ,0,0,0,0,0,0,0,0,0,1000,0,0,0,1005000,1004000,1000,1000
03012X,元展12          ,0,0,0,0,0,0,0,0,0,1000,0,0,0,2000,1000,1000,1000
03019X,元展19          ,0,0,0,0,0,0,0,0,0,1000,0,0,0,1000,0,1000,1000
052316,台積電元大96購10,0,0,0,0,0,0,0,0,0,1000,0,0,0,78000,77000,1000,1000
052317,台積電元大96購11,0,0,0,0,0,0,0,0,0,1000,0,0,0,12000,11000,1000,1000
052505,友達日盛9B購02  ,0,0,0,0,0,0,0,0,0,1000,0,0,0,1000,0,1000,1000
052420,道瓊反國票9B購01,0,0,0,0,0,0,0,0,0,1000,0,0,0,1000,0,1000,1000
053023,泰鼎國泰97購01  ,0,0,0,0,0,0,0,0,0,1000,0,0,0,1000,0,1000,1000
035275,台積電台新97購01,0,0,0,0,0,0,0,0,0,1000,0,0,0,1000,0,1000,1000
03647C,T50反1元富99牛02,0,0,0,0,0,0,0,0,0,1000,0,0,0,1000,0,1000,1000
03425B,臺股指元大9A熊01,0,0,0,0,0,0,0,0,0,1000,0,0,0,1000,0,1000,1000
056507,創意永豐98購02  ,0,0,0,0,0,0,0,0,0,1000,0,0,0,1000,0,1000,1000
053484,國巨國票97購03  ,0,0,0,0,0,0,0,0,0,1000,0,0,0,1000,0,1000,1000
056651,聯茂凱基98購04  ,0,0,0,0,0,0,0,0,0,1000,0,0,0,1000,0,1000,1000
057638,上銀元大99購01  ,0,0,0,0,0,0,0,0,0,1000,0,0,0,1000,0,1000,1000
057625,泰鼎國泰9A購01  ,0,0,0,0,0,0,0,0,0,1000,0,0,0,1000,0,1000,1000
057652,欣興永昌9C購01  ,0,0,0,0,0,0,0,0,0,1000,0,0,0,1000,0,1000,1000
056590,樺漢統一9A購01  ,0,0,0,0,0,0,0,0,0,1000,0,0,0,1000,0,1000,1000
054128,台積電元大97購10,0,0,0,0,0,0,0,0,0,1000,0,0,0,1000,0,1000,1000
054169,上緯控凱基98購01,0,0,0,0,0,0,0,0,0,1000,0,0,0,1000,0,1000,1000
054170,泰鼎凱基98購01  ,0,0,0,0,0,0,0,0,0,1000,0,0,0,1000,0,1000,1000
054268,健策第一96購01  ,0,0,0,0,0,0,0,0,0,1000,0,0,0,1000,0,1000,1000
054516,國巨元大97購02  ,0,0,0,0,0,0,0,0,0,1000,0,0,0,1000,0,1000,1000
055002,群創元富99購04  ,0,0,0,0,0,0,0,0,0,1000,0,0,0,1000,0,1000,1000
054867,華航群益99購01  ,0,0,0,0,0,0,0,0,0,1000,0,0,0,1000,0,1000,1000
05480P,滬深2X凱基96售05,0,0,0,0,0,0,0,0,0,1000,0,0,0,1000,0,1000,1000
054946,億光元大97購01  ,0,0,0,0,0,0,0,0,0,1000,0,0,0,1000,0,1000,1000
056902,大立光元大98購12,0,0,0,0,0,0,0,0,0,1000,0,0,0,1000,0,1000,1000
055988,矽力元富97購01  ,0,0,0,0,0,0,0,0,0,1000,0,0,0,1000,0,1000,1000
056707,鴻海富邦99購03  ,0,0,0,0,0,0,0,0,0,1000,0,0,0,1000,0,1000,1000
056765,友達元大9B購05  ,0,0,0,0,0,0,0,0,0,1000,0,0,0,1000,0,1000,1000
056757,T50反1元大98購07,0,0,0,0,0,0,0,0,0,1000,0,0,0,1000,0,1000,1000
057019,台積電凱基98購14,0,0,0,0,0,0,0,0,0,1000,0,0,0,11000,10000,1000,1000
057165,國巨元大99購05  ,0,0,0,0,0,0,0,0,0,1000,0,0,0,4000,3000,1000,1000
057233,聯發科凱基98購14,0,0,0,0,0,0,0,0,0,1000,0,0,0,1000,0,1000,1000
056255,華新科元富97購05,0,0,0,0,0,0,0,0,0,1000,0,0,0,1000,0,1000,1000
059921,大立光元大99購24,0,0,0,0,0,0,0,0,0,1000,0,0,0,20000,19000,1000,1000
059866,國巨凱基99購18  ,0,0,0,0,0,0,0,0,0,1000,0,0,0,1000,0,1000,1000
058713,國巨統一9B購02  ,0,0,0,0,0,0,0,0,0,1000,0,0,0,1000,0,1000,1000
058707,泰鼎元大99購02  ,0,0,0,0,0,0,0,0,0,1000,0,0,0,5000,4000,1000,1000
060765,世芯元大9A購01  ,0,0,0,0,0,0,0,0,0,1000,0,0,0,1000,0,1000,1000
060768,鴻海麥證9A購02  ,0,0,0,1000,0,1000,0,0,0,1000,0,0,0,1000,0,1000,1000
060780,祥碩國泰9B購01  ,0,0,0,0,0,0,0,0,0,1000,0,0,0,1000,0,1000,1000
057367,技嘉元大98購02  ,0,0,0,0,0,0,0,0,0,1000,0,0,0,8000,7000,1000,1000
057295,可成永豐98購02  ,0,0,0,0,0,0,0,0,0,1000,0,0,0,1000,0,1000,1000
057399,滬深反群益9C購01,0,0,0,0,0,0,0,0,0,1000,0,0,0,1000,0,1000,1000
057446,旺宏元富02購01  ,0,0,0,0,0,0,0,0,0,1000,0,0,0,1000,0,1000,1000
055852,聯鈞元大98購01  ,0,0,0,0,0,0,0,0,0,1000,0,0,0,1000,0,1000,1000
057099,元油2X中信9B購03,0,0,0,0,0,0,0,0,0,1000,0,0,0,1000,0,1000,1000
055794,聯發科國泰99購01,0,0,0,0,0,0,0,0,0,1000,0,0,0,1000,0,1000,1000
057027,祥碩凱基98購01  ,0,0,0,0,0,0,0,0,0,1000,0,0,0,1000,0,1000,1000
061541,旺宏群益9A購03  ,0,0,0,0,0,0,0,0,0,1000,0,0,0,1000,0,1000,1000
058409,鴻海兆豐99購05  ,0,0,0,0,0,0,0,0,0,1000,0,0,0,1000,0,1000,1000
058434,旺宏統一9B購01  ,0,0,0,0,0,0,0,0,0,1000,0,0,0,2000,1000,1000,1000
058449,台積電永豐99購01,0,0,0,0,0,0,0,0,0,1000,0,0,0,1000,0,1000,1000
058349,滬深2X日盛9A購01,0,0,0,0,0,0,0,0,0,1000,0,0,0,1000,0,1000,1000
058321,大立光永豐99購01,0,0,0,0,0,0,0,0,0,1000,0,0,0,1000,0,1000,1000
060204,矽創元富9A購01  ,0,0,0,0,0,0,0,0,0,1000,0,0,0,1000,0,1000,1000
059322,晶技元大99購06  ,0,0,0,0,0,0,0,0,0,1000,0,0,0,1000,0,1000,1000
058595,T50正2元富99購01,0,0,0,0,0,0,0,0,0,1000,0,0,0,1000,0,1000,1000
058986,華新科凱基9A購03,0,0,0,0,0,0,0,0,0,1000,0,0,0,3000,2000,1000,1000
058932,FBVIX台新99購01 ,0,0,0,0,0,0,0,0,0,1000,0,0,0,2000,1000,1000,1000
058738,FBVIX中信03購04 ,0,0,0,0,0,0,0,0,0,1000,0,0,0,6000,5000,1000,1000
060938,臺指反國票9B購03,0,0,0,0,0,0,0,0,0,1000,0,0,0,1000,0,1000,1000
060867,智伸科永豐9A購01,0,0,0,0,0,0,0,0,0,1000,0,0,0,40000,39000,1000,1000
061255,道瓊反凱基9C購01,0,0,0,0,0,0,0,0,0,1000,0,0,0,1000,0,1000,1000
061240,華新科兆豐9A購01,0,0,0,0,0,0,0,0,0,1000,0,0,0,1000,0,1000,1000
061150,國巨群益9A購09  ,0,0,0,0,0,0,0,0,0,1000,0,0,0,3000,2000,1000,1000
061210,玉山金元大9A購02,0,0,0,0,0,0,0,0,0,1000,0,0,0,1000,0,1000,1000
061160,瑞祺群益9A購01  ,0,0,0,0,0,0,0,0,0,1000,0,0,0,109000,108000,1000,1000
061130,牧德永豐9A購04  ,0,0,0,0,0,0,0,0,0,1000,0,0,0,1000,0,1000,1000
061118,GIS富邦9A購01   ,0,0,0,0,0,0,0,0,0,1000,0,0,0,1000,0,1000,1000
061321,華新科凱基9A購09,0,0,0,0,0,0,0,0,0,1000,0,0,0,1000,0,1000,1000
061611,南六統一01購01  ,0,0,0,0,0,0,0,0,0,1000,0,0,0,11000,10000,1000,1000
061602,旺宏凱基9A購06  ,0,0,0,0,0,0,0,0,0,1000,0,0,0,1000,0,1000,1000
058077,超眾凱基98購02  ,0,0,0,0,0,0,0,0,0,1000,0,0,0,14000,13000,1000,1000
059021,台積電統一9B購07,0,0,0,0,0,0,0,0,0,1000,0,0,0,3000,2000,1000,1000
061685,道瓊反群益9A購03,0,0,0,0,0,0,0,0,0,1000,0,0,0,1000,0,1000,1000
061738,聯發科凱基9B購04,0,0,0,0,0,0,0,0,0,1000,0,0,0,1000,0,1000,1000
062041,華擎凱基9C購01  ,0,0,0,0,0,0,0,0,0,1000,0,0,0,1000,0,1000,1000
062066,元黃金元大9B購01,0,0,0,0,0,0,0,0,0,1000,0,0,0,1000,0,1000,1000
062007,台光電國泰9C購01,0,0,0,0,0,0,0,0,0,1000,0,0,0,7000,6000,1000,1000
061964,台積電統一01購05,0,0,0,0,0,0,0,0,0,1000,0,0,0,1000,0,1000,1000
061968,聯發科統一01購03,0,0,0,0,0,0,0,0,0,1000,0,0,0,1000,0,1000,1000
061823,勤誠群益9B購01  ,0,0,0,0,0,0,0,0,0,1000,0,0,0,31000,30000,1000,1000
061810,S&P反1群益9B購02,0,0,0,0,0,0,0,0,0,1000,0,0,0,1000,0,1000,1000
061753,南亞科台新9B購01,0,0,0,0,0,0,0,0,0,1000,0,0,0,11000,10000,1000,1000
060628,和大富邦9B購01  ,0,0,0,0,0,0,0,0,0,1000,0,0,0,1000,0,1000,1000
060574,高股息中信9C購01,0,0,0,0,0,0,0,0,0,1000,0,0,0,1000,0,1000,1000
060540,南亞凱基9A購01  ,0,0,0,0,0,0,0,0,0,1000,0,0,0,1000,0,1000,1000
060422,台勝科永豐9A購01,0,0,0,0,0,0,0,0,0,1000,0,0,0,172000,171000,1000,1000
060694,旺宏麥證9A購02  ,0,0,0,1000,0,1000,0,0,0,1000,0,0,0,1000,0,1000,1000
059733,緯穎元大99購08  ,0,0,0,0,0,0,0,0,0,1000,0,0,0,1000,0,1000,1000
05974P,國巨富邦97售03  ,0,0,0,0,0,0,0,0,0,1000,0,0,0,1000,0,1000,1000
059752,國巨群益9B購01  ,0,0,0,0,0,0,0,0,0,1000,0,0,0,1000,0,1000,1000
059767,矽力永豐99購01  ,0,0,0,0,0,0,0,0,0,1000,0,0,0,1000,0,1000,1000
059493,國巨國票9B購01  ,0,0,0,0,0,0,0,0,0,1000,0,0,0,1000,0,1000,1000
060368,緯穎元富9A購03  ,0,0,0,0,0,0,0,0,0,1000,0,0,0,1000,0,1000,1000
060267,上緯控國票9C購01,0,0,0,0,0,0,0,0,0,1000,0,0,0,1000,0,1000,1000
060259,潤泰全凱基9C購01,0,0,0,0,0,0,0,0,0,1000,0,0,0,55000,54000,1000,1000
059812,上証2X凱基9A購04,0,0,0,0,0,0,0,0,0,1000,0,0,0,2000,1000,1000,1000
062952,台積電永豐9B購02,0,0,0,0,0,0,0,0,0,1000,0,0,0,1000,0,1000,1000
06299P,可成元大97售04  ,0,0,0,0,0,0,0,0,0,1000,0,0,0,1000,0,1000,1000
063365,義隆富邦01購01  ,0,0,0,0,0,0,0,0,0,1000,0,0,0,1000,0,1000,1000
063513,聯發科麥證9B購03,0,0,0,1000,0,1000,0,0,0,1000,0,0,0,1000,0,1000,1000
063332,矽格國票9B購01  ,0,0,0,0,0,0,0,0,0,1000,0,0,0,19000,18000,1000,1000
062326,國巨統一9C購09  ,0,0,0,0,0,0,0,0,0,1000,0,0,0,1000,0,1000,1000
062247,國巨元大9B購07  ,0,0,0,0,0,0,0,0,0,1000,0,0,0,3000,2000,1000,1000
062538,台積電國泰9C購02,0,0,0,0,0,0,0,0,0,1000,0,0,0,5000,4000,1000,1000
062648,聯茂富邦9B購01  ,0,0,0,0,0,0,0,0,0,1000,0,0,0,1000,0,1000,1000
062578,超眾群益9B購01  ,0,0,0,0,0,0,0,0,0,1000,0,0,0,1000,0,1000,1000
06257P,臺股指群益97售10,0,0,0,0,0,0,0,0,0,1000,0,0,0,1000,0,1000,1000
062739,嘉晶國票9B購02  ,0,0,0,0,0,0,0,0,0,1000,0,0,0,10000,9000,1000,1000
062840,臺股指群益9B購07,0,0,0,0,0,0,0,0,0,1000,0,0,0,1000,0,1000,1000
062830,玉晶光群益01購05,0,0,0,0,0,0,0,0,0,1000,0,0,0,1000,0,1000,1000
064363,聯發科統一9C購14,0,0,0,0,0,0,0,0,0,1000,0,0,0,1000,0,1000,1000
064340,大立光元大9C購17,0,0,0,0,0,0,0,0,0,1000,0,0,0,13000,12000,1000,1000
064198,超眾群益9C購01  ,0,0,0,0,0,0,0,0,0,1000,0,0,0,14000,13000,1000,1000
064271,鴻海元大9C購08  ,0,0,0,0,0,0,0,0,0,1000,0,0,0,1000,0,1000,1000
064084,群創中信06購02  ,0,0,0,0,0,0,0,0,0,1000,0,0,0,1000,0,1000,1000
064127,聯發科元大9C購06,0,0,0,0,0,0,0,0,0,1000,0,0,0,1000,0,1000,1000
063612,金像電群益9B購04,0,0,0,0,0,0,0,0,0,1000,0,0,0,1000,0,1000,1000
063542,泰鼎元富9B購02  ,0,0,0,0,0,0,0,0,0,1000,0,0,0,1000,0,1000,1000
9941A,裕融甲特        ,0,0,0,0,0,0,0,0,0,1000,1000,0,1000,0,0,0,1000
2022,聚亨            ,41454,19000,22454,0,0,0,0,0,0,-22000,0,22000,-22000,0,0,0,454
00636K,國泰中國A50+U   ,0,0,0,0,0,0,0,0,0,300,0,0,0,300,0,300,300
1530,亞崴            ,1000,1000,0,0,0,0,0,0,0,0,0,0,0,0,0,0,0
1477,聚陽            ,866000,725000,141000,0,0,0,20000,0,20000,-161000,1000,94000,-93000,4000,72000,-68000,0
2243,宏旭-KY         ,1000,1000,0,0,0,0,0,0,0,0,0,0,0,0,0,0,0
2453,凌群            ,117000,117000,0,0,0,0,0,0,0,0,0,0,0,0,0,0,0
1256,鮮活果汁-KY     ,2000,2000,0,0,0,0,0,0,0,0,0,0,0,0,0,0,0
08421P,台積電群益9C售10,0,0,0,0,0,0,0,0,0,0,0,0,0,10000,10000,0,0
08456P,聯發科元大9C售13,0,0,0,0,0,0,0,0,0,0,0,0,0,100000,100000,0,0
08256P,台積電元大9C售02,0,0,0,0,0,0,0,0,0,0,0,0,0,200000,200000,0,0
08257P,台積電元大9C售04,0,0,0,0,0,0,0,0,0,0,0,0,0,50000,50000,0,0
08292P,華新科台新9C售01,0,0,0,0,0,0,0,0,0,0,0,0,0,20000,20000,0,0
3058,立德            ,4000,4000,0,0,0,0,0,0,0,0,0,0,0,0,0,0,0
2816,旺旺保          ,1000,1000,0,0,0,0,0,0,0,0,0,0,0,0,0,0,0
4722,國精化          ,19000,19000,0,0,0,0,0,0,0,0,0,0,0,0,0,0,0
6117,迎廣            ,3000,4000,-1000,0,0,0,0,0,0,1000,1000,0,1000,0,0,0,0
6172,互億            ,2000,2000,0,0,0,0,0,0,0,0,0,0,0,0,0,0,0
6192,巨路            ,10000,16000,-6000,0,0,0,4000,0,4000,2000,2000,0,2000,0,0,0,0
07085P,超眾元富9C售01  ,0,0,0,0,0,0,0,0,0,0,0,0,0,43000,43000,0,0
07113P,台積電兆豐99售03,0,0,0,0,0,0,0,0,0,0,0,0,0,10000,10000,0,0
07194P,聯發科元大99售25,0,0,0,0,0,0,0,0,0,0,0,0,0,37000,37000,0,0
07191P,台積電元大99售32,0,0,0,0,0,0,0,0,0,0,0,0,0,50000,50000,0,0
07228P,台灣50群益9B售06,0,0,0,0,0,0,0,0,0,0,0,0,0,41000,41000,0,0
07259P,滬深2X國票01售01,0,0,0,0,0,0,0,0,0,0,0,0,0,10000,10000,0,0
07305P,T50正2群益99售02,0,0,0,0,0,0,0,0,0,0,0,0,0,40000,40000,0,0
07363P,大立光元大99售26,0,0,0,0,0,0,0,0,0,0,0,0,0,10000,10000,0,0
07381P,鴻海群益99售05  ,0,0,0,0,0,0,0,0,0,0,0,0,0,20000,20000,0,0
07350P,台灣50國票99售11,0,0,0,0,0,0,0,0,0,0,0,0,0,100000,100000,0,0
07431P,臺股指國票9A售03,0,0,0,0,0,0,0,0,0,0,0,0,0,5000,5000,0,0
07489P,國巨國票9A售07  ,0,0,0,0,0,0,0,0,0,0,0,0,0,20000,20000,0,0
07704P,台積電元大9A售25,0,0,0,0,0,0,0,0,0,0,0,0,0,250000,250000,0,0
07715P,台灣50群益9A售14,0,0,0,0,0,0,0,0,0,0,0,0,0,10000,10000,0,0
07729P,臺股指凱基9A售21,0,0,0,0,0,0,0,0,0,0,0,0,0,100000,100000,0,0
07998P,聯電凱基9C售01  ,0,0,0,0,0,0,0,0,0,0,0,0,0,32000,32000,0,0
07818P,台積電國票9C售01,0,0,0,0,0,0,0,0,0,0,0,0,0,31000,31000,0,0
07805P,義隆永豐9A售02  ,0,0,0,0,0,0,0,0,0,0,0,0,0,10000,10000,0,0
07851P,聯發科國票9A售05,0,0,0,0,0,0,0,0,0,0,0,0,0,30000,30000,0,0
07872P,聯發科群益9B售03,0,0,0,0,0,0,0,0,0,0,0,0,0,20000,20000,0,0
07962P,聯詠中信05售03  ,0,0,0,0,0,0,0,0,0,0,0,0,0,20000,20000,0,0
07917P,可成永豐9B售01  ,0,0,0,0,0,0,0,0,0,0,0,0,0,18000,18000,0,0
064994,南電兆豐01購01  ,0,0,0,0,0,0,0,0,0,0,0,0,0,4000,4000,0,0
065086,可成元大01購04  ,0,0,0,0,0,0,0,0,0,0,0,0,0,64000,64000,0,0
065053,南電凱基02購01  ,0,0,0,0,0,0,0,0,0,0,0,0,0,4000,4000,0,0
065047,群創凱基9C購01  ,0,0,0,0,0,0,0,0,0,0,0,0,0,2000,2000,0,0
065182,南電元大9C購05  ,0,0,0,0,0,0,0,0,0,0,0,0,0,5000,5000,0,0
065158,和碩群益9C購01  ,0,0,0,0,0,0,0,0,0,0,0,0,0,16000,16000,0,0
065166,台達電元大9C購04,0,0,0,0,0,0,0,0,0,0,0,0,0,92000,92000,0,0
065170,智邦元大9C購07  ,0,0,0,0,0,0,0,0,0,0,0,0,0,1000,1000,0,0
065176,玉晶光元大01購04,0,0,0,0,0,0,0,0,0,0,0,0,0,1000,1000,0,0
065178,和碩元大9C購01  ,0,0,0,0,0,0,0,0,0,0,0,0,0,17000,17000,0,0
065089,大立光元大9C購23,0,0,0,0,0,0,0,0,0,0,0,0,0,16000,16000,0,0
065090,大立光元大9C購24,0,0,0,0,0,0,0,0,0,0,0,0,0,7000,7000,0,0
064950,美律凱基02購01  ,0,0,0,0,0,0,0,0,0,0,0,0,0,9000,9000,0,0
064803,智邦元大9C購05  ,0,0,0,0,0,0,0,0,0,0,0,0,0,2000,2000,0,0
064872,南電永豐9C購02  ,0,0,0,0,0,0,0,0,0,0,0,0,0,3000,3000,0,0
064874,和大兆豐9C購01  ,0,0,0,0,0,0,0,0,0,0,0,0,0,85000,85000,0,0
06486P,麗豐元大98售02  ,0,0,0,0,0,0,0,0,0,0,0,0,0,79000,79000,0,0
06956P,國巨日盛99售04  ,0,0,0,0,0,0,0,0,0,0,0,0,0,40000,40000,0,0
07061P,台積電元大99售14,0,0,0,0,0,0,0,0,0,0,0,0,0,30000,30000,0,0
07044P,台積電元大99售13,0,0,0,0,0,0,0,0,0,0,0,0,0,290000,290000,0,0
07056P,臺股指麥證99售02,0,0,0,2000,2000,0,0,0,0,0,0,0,0,2000,2000,0,0
07022P,嘉晶永豐99售02  ,0,0,0,0,0,0,0,0,0,0,0,0,0,200000,200000,0,0
07037P,台積電台新99售03,0,0,0,0,0,0,0,0,0,0,0,0,0,10000,10000,0,0
06806P,臺股指群益98售12,0,0,0,0,0,0,0,0,0,0,0,0,0,25000,25000,0,0
06825P,臺股指國票98售01,0,0,0,0,0,0,0,0,0,0,0,0,0,2000,2000,0,0
06919P,臺股指日盛98售02,0,0,0,0,0,0,0,0,0,0,0,0,0,20000,20000,0,0
06900P,FBVIX國票12售01 ,0,0,0,0,0,0,0,0,0,0,0,0,0,20000,20000,0,0
06930P,台積電元大98售19,0,0,0,0,0,0,0,0,0,0,0,0,0,50000,50000,0,0
06877P,台積電兆豐98售04,0,0,0,0,0,0,0,0,0,0,0,0,0,86000,86000,0,0
06617P,智邦元大98售03  ,0,0,0,0,0,0,0,0,0,0,0,0,0,100000,100000,0,0
06613P,華新科富邦9A售03,0,0,0,0,0,0,0,0,0,0,0,0,0,6000,6000,0,0
06610P,台積電凱基9A售03,0,0,0,0,0,0,0,0,0,0,0,0,0,10000,10000,0,0
06589P,台積電元大98售12,0,0,0,0,0,0,0,0,0,0,0,0,0,450000,450000,0,0
06557P,台積電兆豐98售02,0,0,0,0,0,0,0,0,0,0,0,0,0,20000,20000,0,0
06543P,鴻海元大98售08  ,0,0,0,0,0,0,0,0,0,0,0,0,0,10000,10000,0,0
06534P,聯發科群益98售04,0,0,0,0,0,0,0,0,0,0,0,0,0,100000,100000,0,0
065221,神隆永豐9C購01  ,0,0,0,0,0,0,0,0,0,0,0,0,0,48000,48000,0,0
06778P,台積電元大99售06,0,0,0,0,0,0,0,0,0,0,0,0,0,400000,400000,0,0
06779P,智邦元大98售12  ,0,0,0,0,0,0,0,0,0,0,0,0,0,10000,10000,0,0
06728P,全新元大98售03  ,0,0,0,0,0,0,0,0,0,0,0,0,0,80000,80000,0,0
06723P,台灣50麥證99售01,0,0,0,470000,0,470000,0,0,0,0,0,0,0,470000,470000,0,0
06714P,台積電元大98售15,0,0,0,0,0,0,0,0,0,0,0,0,0,30000,30000,0,0
06716P,台積電元大9A售02,0,0,0,0,0,0,0,0,0,0,0,0,0,30000,30000,0,0
06699P,台積電統一98售11,0,0,0,0,0,0,0,0,0,0,0,0,0,45000,45000,0,0
00625K,富邦上証+R      ,0,0,0,0,0,0,0,0,0,0,0,0,0,51000,51000,0,0
0055,元大MSCI金融    ,0,0,0,0,0,0,0,0,0,0,63000,0,63000,2000,65000,-63000,0
006204,永豐臺灣加權    ,0,0,0,0,0,0,0,0,0,0,0,0,0,1000,1000,0,0
00657K,國泰日經225+U   ,0,0,0,0,0,0,0,0,0,0,0,0,0,100,100,0,0
00668K,國泰美國道瓊+U  ,0,0,0,0,0,0,0,0,0,0,0,0,0,100,100,0,0
00672L,元大S&P原油正2  ,0,0,0,0,0,0,0,0,0,0,0,0,0,75000,75000,0,0
00866,新光Shiller CAPE,0,0,0,0,0,0,0,0,0,0,0,0,0,26000,26000,0,0
00774B,新光中國政金綠債,0,0,0,0,0,0,0,0,0,0,0,0,0,2000,2000,0,0
00732,國泰RMB短期報酬 ,0,0,0,0,0,0,0,0,0,0,0,0,0,100000,100000,0,0
00742,新光內需收益    ,0,0,0,0,0,0,0,0,0,0,50000,50000,0,150000,150000,0,0
00707R,元大S&P日圓反1  ,0,0,0,0,0,0,0,0,0,0,0,0,0,1000,1000,0,0
053092,台表科元大97購02,0,0,0,0,0,0,0,0,0,0,0,0,0,7000,7000,0,0
053114,聯茂兆豐97購01  ,0,0,0,0,0,0,0,0,0,0,0,0,0,10000,10000,0,0
053055,聯詠國票97購01  ,0,0,0,0,0,0,0,0,0,0,0,0,0,3000,3000,0,0
052961,國巨凱基97購02  ,0,0,0,0,0,0,0,0,0,0,0,0,0,57000,57000,0,0
052806,玉晶光元大98購04,0,0,0,0,0,0,0,0,0,0,0,0,0,1000,1000,0,0
052367,聯茂國票96購02  ,0,0,0,0,0,0,0,0,0,0,0,0,0,30000,30000,0,0
052532,台積電國泰96購07,0,0,0,0,0,0,0,0,0,0,0,0,0,240000,240000,0,0
052396,台積電凱基97購01,0,0,0,0,0,0,0,0,0,0,0,0,0,230000,230000,0,0
055570,華通統一98購03  ,0,0,0,0,0,0,0,0,0,0,0,0,0,100000,100000,0,0
055561,奇鋐凱基97購01  ,0,0,0,0,0,0,0,0,0,0,0,0,0,30000,30000,0,0
055516,上銀中信97購01  ,0,0,0,0,0,0,0,0,0,0,0,0,0,1500000,1500000,0,0
055526,台積電群益97購02,0,0,0,0,0,0,0,0,0,0,0,0,0,85000,85000,0,0
055418,華通永豐97購01  ,0,0,0,0,0,0,0,0,0,0,0,0,0,10000,10000,0,0
055459,建準永豐97購03  ,0,0,0,0,0,0,0,0,0,0,0,0,0,10000,10000,0,0
055276,台積電元大97購20,0,0,0,0,0,0,0,0,0,0,0,0,0,54000,54000,0,0
053132,國巨國票97購02  ,0,0,0,0,0,0,0,0,0,0,0,0,0,50000,50000,0,0
055334,禾伸堂兆豐97購01,0,0,0,0,0,0,0,0,0,0,0,0,0,20000,20000,0,0
052076,可成元富98購01  ,0,0,0,0,0,0,0,0,0,0,0,0,0,1000,1000,0,0
051381,玉晶光群益98購01,0,0,0,0,0,0,0,0,0,0,0,0,0,3000,3000,0,0
051503,玉晶光統一97購01,0,0,0,0,0,0,0,0,0,0,0,0,0,1000,1000,0,0
051576,台積電元大97購02,0,0,0,0,0,0,0,0,0,0,0,0,0,3000,3000,0,0
04787P,台積電永昌96售04,0,0,0,0,0,0,0,0,0,0,0,0,0,599000,599000,0,0
050915,健策中信98購01  ,0,0,0,0,0,0,0,0,0,0,0,0,0,40000,40000,0,0
054923,晶技凱基98購01  ,0,0,0,0,0,0,0,0,0,0,0,0,0,9000,9000,0,0
054819,裕民元大9A購01  ,0,0,0,0,0,0,0,0,0,0,0,0,0,123000,123000,0,0
054870,新日興群益98購01,0,0,0,0,0,0,0,0,0,0,0,0,0,600000,600000,0,0
054974,台表科元大98購02,0,0,0,0,0,0,0,0,0,0,0,0,0,18000,18000,0,0
053327,彩晶台新97購01  ,0,0,0,0,0,0,0,0,0,0,0,0,0,1000,1000,0,0
054577,世芯元大98購01  ,0,0,0,0,0,0,0,0,0,0,0,0,0,10000,10000,0,0
054610,聯發科永豐97購01,0,0,0,0,0,0,0,0,0,0,0,0,0,50000,50000,0,0
054750,聯茂凱基98購02  ,0,0,0,0,0,0,0,0,0,0,0,0,0,2000,2000,0,0
054757,南亞國票98購01  ,0,0,0,0,0,0,0,0,0,0,0,0,0,100000,100000,0,0
054783,國巨群益98購04  ,0,0,0,0,0,0,0,0,0,0,0,0,0,36000,36000,0,0
054785,建準群益98購01  ,0,0,0,0,0,0,0,0,0,0,0,0,0,70000,70000,0,0
05478P,智伸科國票96售02,0,0,0,0,0,0,0,0,0,0,0,0,0,10000,10000,0,0
054366,和大中信98購01  ,0,0,0,0,0,0,0,0,0,0,0,0,0,241000,241000,0,0
054357,可成兆豐97購02  ,0,0,0,0,0,0,0,0,0,0,0,0,0,20000,20000,0,0
054461,台積電凱基97購09,0,0,0,0,0,0,0,0,0,0,0,0,0,2000,2000,0,0
055599,TPK元大97購01   ,0,0,0,0,0,0,0,0,0,0,0,0,0,80000,80000,0,0
053989,奇力新兆豐97購01,0,0,0,0,0,0,0,0,0,0,0,0,0,10000,10000,0,0
053995,奇力新群益97購02,0,0,0,0,0,0,0,0,0,0,0,0,0,10000,10000,0,0
054152,漢唐國泰98購02  ,0,0,0,0,0,0,0,0,0,0,0,0,0,20000,20000,0,0
056594,台積電元富98購03,0,0,0,0,0,0,0,0,0,0,0,0,0,30000,30000,0,0
057667,可成元大99購01  ,0,0,0,0,0,0,0,0,0,0,0,0,0,68000,68000,0,0
056655,旺宏元大99購02  ,0,0,0,0,0,0,0,0,0,0,0,0,0,68000,68000,0,0
056681,鴻海統一98購09  ,0,0,0,0,0,0,0,0,0,0,0,0,0,1000,1000,0,0
057749,華新科國票99購01,0,0,0,0,0,0,0,0,0,0,0,0,0,55000,55000,0,0
056532,技嘉凱基98購01  ,0,0,0,0,0,0,0,0,0,0,0,0,0,10000,10000,0,0
056504,國巨永豐98購02  ,0,0,0,0,0,0,0,0,0,0,0,0,0,2000,2000,0,0
055776,宏達電凱基98購02,0,0,0,0,0,0,0,0,0,0,0,0,0,40000,40000,0,0
057526,智邦元大98購10  ,0,0,0,0,0,0,0,0,0,0,0,0,0,2000,2000,0,0
057516,和鑫元富98購01  ,0,0,0,0,0,0,0,0,0,0,0,0,0,50000,50000,0,0
057040,國巨元大98購12  ,0,0,0,0,0,0,0,0,0,0,0,0,0,4000,4000,0,0
057495,牧德元大99購04  ,0,0,0,0,0,0,0,0,0,0,0,0,0,21000,21000,0,0
057477,智邦元大98購09  ,0,0,0,0,0,0,0,0,0,0,0,0,0,8000,8000,0,0
057490,可成元大98購10  ,0,0,0,0,0,0,0,0,0,0,0,0,0,20000,20000,0,0
057273,智邦元大98購05  ,0,0,0,0,0,0,0,0,0,0,0,0,0,4000,4000,0,0
057259,台積電兆豐98購03,0,0,0,0,0,0,0,0,0,0,0,0,0,599000,599000,0,0
057365,智邦元大98購07  ,0,0,0,0,0,0,0,0,0,0,0,0,0,1000,1000,0,0
057334,技嘉國票98購02  ,0,0,0,0,0,0,0,0,0,0,0,0,0,4000,4000,0,0
057336,聯發科國票99購01,0,0,0,0,0,0,0,0,0,0,0,0,0,10000,10000,0,0
060769,國巨麥證9A購02  ,0,0,0,1000,0,1000,0,0,0,0,0,0,0,1000,1000,0,0
060980,台積電元大9A購21,0,0,0,0,0,0,0,0,0,0,0,0,0,1000,1000,0,0
060981,旺宏元大9A購08  ,0,0,0,0,0,0,0,0,0,0,0,0,0,50000,50000,0,0
061018,台積電國票9B購05,0,0,0,0,0,0,0,0,0,0,0,0,0,2000,2000,0,0
061063,國巨凱基9A購14  ,0,0,0,0,0,0,0,0,0,0,0,0,0,8000,8000,0,0
061064,可成凱基9B購02  ,0,0,0,0,0,0,0,0,0,0,0,0,0,3000,3000,0,0
058666,上証反群益01購01,0,0,0,0,0,0,0,0,0,0,0,0,0,10000,10000,0,0
057114,台虹群益98購01  ,0,0,0,0,0,0,0,0,0,0,0,0,0,100000,100000,0,0
05984P,台積電統一98售01,0,0,0,0,0,0,0,0,0,0,0,0,0,100000,100000,0,0
059912,國巨元大99購28  ,0,0,0,0,0,0,0,0,0,0,0,0,0,1000,1000,0,0
060729,國巨群益9A購05  ,0,0,0,0,0,0,0,0,0,0,0,0,0,3000,3000,0,0
060736,旺宏統一01購01  ,0,0,0,0,0,0,0,0,0,0,0,0,0,40000,40000,0,0
060755,鴻海元大9A購15  ,0,0,0,0,0,0,0,0,0,0,0,0,0,10000,10000,0,0
056206,泰鼎永豐97購01  ,0,0,0,0,0,0,0,0,0,0,0,0,0,10000,10000,0,0
056262,台積電統一98購04,0,0,0,0,0,0,0,0,0,0,0,0,0,482000,482000,0,0
056360,智邦元大98購01  ,0,0,0,0,0,0,0,0,0,0,0,0,0,2000,2000,0,0
056334,台積電凱基98購06,0,0,0,0,0,0,0,0,0,0,0,0,0,1000,1000,0,0
05639P,欣興統一97售01  ,0,0,0,0,0,0,0,0,0,0,0,0,0,150000,150000,0,0
056418,台光電元富98購01,0,0,0,0,0,0,0,0,0,0,0,0,0,20000,20000,0,0
056426,上証2X凱基9A購01,0,0,0,0,0,0,0,0,0,0,0,0,0,10000,10000,0,0
057194,南電元大98購01  ,0,0,0,0,0,0,0,0,0,0,0,0,0,4000,4000,0,0
056987,南茂群益98購01  ,0,0,0,0,0,0,0,0,0,0,0,0,0,1000,1000,0,0
056996,矽力日盛99購01  ,0,0,0,0,0,0,0,0,0,0,0,0,0,49000,49000,0,0
056946,國巨統一98購05  ,0,0,0,0,0,0,0,0,0,0,0,0,0,156000,156000,0,0
056959,鴻海永豐98購03  ,0,0,0,0,0,0,0,0,0,0,0,0,0,1000,1000,0,0
056966,嘉晶永豐98購01  ,0,0,0,0,0,0,0,0,0,0,0,0,0,5000,5000,0,0
056752,國巨兆豐98購02  ,0,0,0,0,0,0,0,0,0,0,0,0,0,139000,139000,0,0
056783,國巨群益99購01  ,0,0,0,0,0,0,0,0,0,0,0,0,0,100000,100000,0,0
056736,國巨凱基99購03  ,0,0,0,0,0,0,0,0,0,0,0,0,0,12000,12000,0,0
056737,國巨凱基9A購01  ,0,0,0,0,0,0,0,0,0,0,0,0,0,1000,1000,0,0
055711,上銀元大97購04  ,0,0,0,0,0,0,0,0,0,0,0,0,0,60000,60000,0,0
055665,亞德客群益97購01,0,0,0,0,0,0,0,0,0,0,0,0,0,20000,20000,0,0
055667,致茂群益98購01  ,0,0,0,0,0,0,0,0,0,0,0,0,0,90000,90000,0,0
055994,聯發科國泰99購02,0,0,0,0,0,0,0,0,0,0,0,0,0,10000,10000,0,0
056030,華通日盛97購01  ,0,0,0,0,0,0,0,0,0,0,0,0,0,80000,80000,0,0
056130,新日興麥證97購01,0,0,0,20000,20000,0,0,0,0,0,0,0,0,20000,20000,0,0
056890,國巨元大98購11  ,0,0,0,0,0,0,0,0,0,0,0,0,0,2000,2000,0,0
056864,新日興群益99購01,0,0,0,0,0,0,0,0,0,0,0,0,0,783000,783000,0,0
056871,新日興日盛99購01,0,0,0,0,0,0,0,0,0,0,0,0,0,230000,230000,0,0
056877,群創凱基99購04  ,0,0,0,0,0,0,0,0,0,0,0,0,0,2000,2000,0,0
055957,瑞昱元大97購06  ,0,0,0,0,0,0,0,0,0,0,0,0,0,13000,13000,0,0
055760,新日興群益98購02,0,0,0,0,0,0,0,0,0,0,0,0,0,640000,640000,0,0
05980P,台積電永昌96售09,0,0,0,0,0,0,0,0,0,0,0,0,0,501000,501000,0,0
060330,台灣50麥證9A購03,0,0,0,5000,5000,0,0,0,0,0,0,0,0,5000,5000,0,0
060308,劍麟永豐9A購01  ,0,0,0,0,0,0,0,0,0,0,0,0,0,10000,10000,0,0
057851,鴻海國票99購06  ,0,0,0,0,0,0,0,0,0,0,0,0,0,377000,377000,0,0
059480,美律群益9A購01  ,0,0,0,0,0,0,0,0,0,0,0,0,0,9000,9000,0,0
059506,滬深2X永豐99購04,0,0,0,0,0,0,0,0,0,0,0,0,0,10000,10000,0,0
059469,智邦元大99購03  ,0,0,0,0,0,0,0,0,0,0,0,0,0,5000,5000,0,0
059511,宏達電永豐99購02,0,0,0,0,0,0,0,0,0,0,0,0,0,6000,6000,0,0
059761,國巨永豐99購06  ,0,0,0,0,0,0,0,0,0,0,0,0,0,1000,1000,0,0
059796,台積電國票99購10,0,0,0,0,0,0,0,0,0,0,0,0,0,1000,1000,0,0
059785,美律元大9A購03  ,0,0,0,0,0,0,0,0,0,0,0,0,0,14000,14000,0,0
059645,祥碩凱基99購05  ,0,0,0,0,0,0,0,0,0,0,0,0,0,1000,1000,0,0
059716,鴻海元大99購35  ,0,0,0,0,0,0,0,0,0,0,0,0,0,2000,2000,0,0
059717,國巨元大99購21  ,0,0,0,0,0,0,0,0,0,0,0,0,0,12000,12000,0,0
060656,國巨統一9C購03  ,0,0,0,0,0,0,0,0,0,0,0,0,0,1000,1000,0,0
057922,華新科凱基99購01,0,0,0,0,0,0,0,0,0,0,0,0,0,50000,50000,0,0
057913,健策日盛98購01  ,0,0,0,0,0,0,0,0,0,0,0,0,0,19000,19000,0,0
05793P,臺股指中信99售08,0,0,0,0,0,0,0,0,0,0,0,0,0,3000,3000,0,0
060452,儒鴻元大9A購01  ,0,0,0,0,0,0,0,0,0,0,0,0,0,20000,20000,0,0
060453,儒鴻元大9A購02  ,0,0,0,0,0,0,0,0,0,0,0,0,0,10000,10000,0,0
060464,台積電元大9A購11,0,0,0,0,0,0,0,0,0,0,0,0,0,1000,1000,0,0
060472,中租元大9A購02  ,0,0,0,0,0,0,0,0,0,0,0,0,0,4000,4000,0,0
060544,國巨凱基9B購03  ,0,0,0,0,0,0,0,0,0,0,0,0,0,1000,1000,0,0
060546,旺宏凱基9A購02  ,0,0,0,0,0,0,0,0,0,0,0,0,0,10000,10000,0,0
060630,國巨富邦9C購03  ,0,0,0,0,0,0,0,0,0,0,0,0,0,20000,20000,0,0
060606,玉晶光凱基9A購05,0,0,0,0,0,0,0,0,0,0,0,0,0,3000,3000,0,0
060594,國巨麥證9A購01  ,0,0,0,1000,1000,0,0,0,0,0,0,0,0,1000,1000,0,0
060610,玉晶光凱基9B購02,0,0,0,0,0,0,0,0,0,0,0,0,0,5000,5000,0,0
062105,國巨國票9C購03  ,0,0,0,0,0,0,0,0,0,0,0,0,0,1000,1000,0,0
061848,國巨國票9B購07  ,0,0,0,0,0,0,0,0,0,0,0,0,0,2000,2000,0,0
061849,國巨國票9B購08  ,0,0,0,0,0,0,0,0,0,0,0,0,0,2000,2000,0,0
061850,國巨國票9C購02  ,0,0,0,0,0,0,0,0,0,0,0,0,0,1000,1000,0,0
061957,上銀統一01購01  ,0,0,0,0,0,0,0,0,0,0,0,0,0,10000,10000,0,0
061958,鴻海統一01購01  ,0,0,0,0,0,0,0,0,0,0,0,0,0,2000,2000,0,0
061949,大立光群益9B購03,0,0,0,0,0,0,0,0,0,0,0,0,0,72000,72000,0,0
06193P,台積電元富97售04,0,0,0,0,0,0,0,0,0,0,0,0,0,117000,117000,0,0
062009,聯發科國泰01購01,0,0,0,0,0,0,0,0,0,0,0,0,0,10000,10000,0,0
06205P,台積電群益97售03,0,0,0,0,0,0,0,0,0,0,0,0,0,1497000,1497000,0,0
059177,臺股指凱基99購28,0,0,0,0,0,0,0,0,0,0,0,0,0,1000,1000,0,0
059058,可成凱基9B購01  ,0,0,0,0,0,0,0,0,0,0,0,0,0,1000,1000,0,0
059068,台虹國票9A購01  ,0,0,0,0,0,0,0,0,0,0,0,0,0,32000,32000,0,0
058158,台積電台新99購01,0,0,0,0,0,0,0,0,0,0,0,0,0,54000,54000,0,0
059087,台積電元大99購26,0,0,0,0,0,0,0,0,0,0,0,0,0,2000,2000,0,0
059088,台積電元大99購27,0,0,0,0,0,0,0,0,0,0,0,0,0,1000,1000,0,0
061507,南電國票9A購05  ,0,0,0,0,0,0,0,0,0,0,0,0,0,7000,7000,0,0
061463,智邦群益9A購02  ,0,0,0,0,0,0,0,0,0,0,0,0,0,1000,1000,0,0
061313,滬深2X凱基9B購05,0,0,0,0,0,0,0,0,0,0,0,0,0,3000,3000,0,0
061333,華通元大9A購08  ,0,0,0,0,0,0,0,0,0,0,0,0,0,15000,15000,0,0
061351,智伸科元大9A購01,0,0,0,0,0,0,0,0,0,0,0,0,0,3000,3000,0,0
061426,玉晶光元大9A購15,0,0,0,0,0,0,0,0,0,0,0,0,0,3000,3000,0,0
061119,國巨永豐9A購03  ,0,0,0,0,0,0,0,0,0,0,0,0,0,9000,9000,0,0
061133,玉晶光第一9A購01,0,0,0,0,0,0,0,0,0,0,0,0,0,3000,3000,0,0
061193,玉晶光永豐9B購02,0,0,0,0,0,0,0,0,0,0,0,0,0,5000,5000,0,0
06116P,臺股指日盛97售01,0,0,0,0,0,0,0,0,0,0,0,0,0,46000,46000,0,0
061292,玉晶光統一01購06,0,0,0,0,0,0,0,0,0,0,0,0,0,10000,10000,0,0
058855,台積電兆豐99購02,0,0,0,0,0,0,0,0,0,0,0,0,0,10000,10000,0,0
061525,華新科凱基9A購13,0,0,0,0,0,0,0,0,0,0,0,0,0,36000,36000,0,0
061512,國巨永豐9A購04  ,0,0,0,0,0,0,0,0,0,0,0,0,0,1000,1000,0,0
059935,國巨永豐99購07  ,0,0,0,0,0,0,0,0,0,0,0,0,0,7000,7000,0,0
058729,國巨永豐99購03  ,0,0,0,0,0,0,0,0,0,0,0,0,0,1000,1000,0,0
058731,貿聯永豐99購02  ,0,0,0,0,0,0,0,0,0,0,0,0,0,15000,15000,0,0
060015,國巨康和99購03  ,0,0,0,0,0,0,0,0,0,0,0,0,0,1000,1000,0,0
059973,A50正2元大99購02,0,0,0,0,0,0,0,0,0,0,0,0,0,2000,2000,0,0
058936,國喬中信99購01  ,0,0,0,0,0,0,0,0,0,0,0,0,0,53000,53000,0,0
058967,可成麥證99購01  ,0,0,0,14000,15000,-1000,0,0,0,0,0,0,0,15000,15000,0,0
058980,鴻海凱基99購06  ,0,0,0,0,0,0,0,0,0,0,0,0,0,3000,3000,0,0
060126,創意永豐99購04  ,0,0,0,0,0,0,0,0,0,0,0,0,0,27000,27000,0,0
058573,鴻海群益9A購02  ,0,0,0,0,0,0,0,0,0,0,0,0,0,4000,4000,0,0
059373,滬深2X群益01購03,0,0,0,0,0,0,0,0,0,0,0,0,0,1000,1000,0,0
059195,國巨永豐99購04  ,0,0,0,0,0,0,0,0,0,0,0,0,0,2000,2000,0,0
059240,台積電凱基9A購09,0,0,0,0,0,0,0,0,0,0,0,0,0,8000,8000,0,0
059216,台積電元大99購29,0,0,0,0,0,0,0,0,0,0,0,0,0,1000,1000,0,0
059217,台積電元大99購30,0,0,0,0,0,0,0,0,0,0,0,0,0,1000,1000,0,0
058320,華新科永豐99購02,0,0,0,0,0,0,0,0,0,0,0,0,0,20000,20000,0,0
058351,上銀凱基9A購02  ,0,0,0,0,0,0,0,0,0,0,0,0,0,15000,15000,0,0
058354,台積電凱基9A購06,0,0,0,0,0,0,0,0,0,0,0,0,0,90000,90000,0,0
058266,宏達電永豐99購01,0,0,0,0,0,0,0,0,0,0,0,0,0,1000,1000,0,0
058242,玉晶光元大9A購01,0,0,0,0,0,0,0,0,0,0,0,0,0,25000,25000,0,0
058471,台積電日盛9C購01,0,0,0,0,0,0,0,0,0,0,0,0,0,51000,51000,0,0
061543,南亞科群益9A購01,0,0,0,0,0,0,0,0,0,0,0,0,0,10000,10000,0,0
061570,瑞昱元大9A購05  ,0,0,0,0,0,0,0,0,0,0,0,0,0,46000,46000,0,0
060091,技嘉元大99購03  ,0,0,0,0,0,0,0,0,0,0,0,0,0,1000,1000,0,0
061556,台積電國票9A購08,0,0,0,0,0,0,0,0,0,0,0,0,0,20000,20000,0,0
061564,華擎國票9A購02  ,0,0,0,0,0,0,0,0,0,0,0,0,0,35000,35000,0,0
060085,華通元大99購10  ,0,0,0,0,0,0,0,0,0,0,0,0,0,1000,1000,0,0
063564,台積電元大9B購07,0,0,0,0,0,0,0,0,0,0,0,0,0,1000,1000,0,0
06359P,上銀群益97售03  ,0,0,0,0,0,0,0,0,0,0,0,0,0,40000,40000,0,0
063609,南電凱基9B購05  ,0,0,0,0,0,0,0,0,0,0,0,0,0,4000,4000,0,0
063633,金像電元大9B購05,0,0,0,0,0,0,0,0,0,0,0,0,0,25000,25000,0,0
06367P,台積電凱基97售14,0,0,0,0,0,0,0,0,0,0,0,0,0,200000,200000,0,0
063842,國巨元大9C購10  ,0,0,0,0,0,0,0,0,0,0,0,0,0,53000,53000,0,0
063799,華邦電凱基9C購02,0,0,0,0,0,0,0,0,0,0,0,0,0,2000,2000,0,0
06368P,台積電凱基97售15,0,0,0,0,0,0,0,0,0,0,0,0,0,4000,4000,0,0
06369P,台積電凱基97售16,0,0,0,0,0,0,0,0,0,0,0,0,0,110000,110000,0,0
063714,超眾凱基9B購03  ,0,0,0,0,0,0,0,0,0,0,0,0,0,6000,6000,0,0
063742,道瓊指國票9C購01,0,0,0,0,0,0,0,0,0,0,0,0,0,6000,6000,0,0
064110,國巨國票01購01  ,0,0,0,0,0,0,0,0,0,0,0,0,0,12000,12000,0,0
064125,聯發科元大02購01,0,0,0,0,0,0,0,0,0,0,0,0,0,95000,95000,0,0
06415P,台積電群益97售07,0,0,0,0,0,0,0,0,0,0,0,0,0,10000,10000,0,0
064092,世紀鋼凱基9C購03,0,0,0,0,0,0,0,0,0,0,0,0,0,10000,10000,0,0
063928,可成統一01購02  ,0,0,0,0,0,0,0,0,0,0,0,0,0,18000,18000,0,0
064281,大立光元大9C購12,0,0,0,0,0,0,0,0,0,0,0,0,0,16000,16000,0,0
064282,大立光元大9C購13,0,0,0,0,0,0,0,0,0,0,0,0,0,20000,20000,0,0
064293,勤誠元大9C購01  ,0,0,0,0,0,0,0,0,0,0,0,0,0,5000,5000,0,0
064310,華新科群益9C購02,0,0,0,0,0,0,0,0,0,0,0,0,0,98000,98000,0,0
064194,燿華群益9C購01  ,0,0,0,0,0,0,0,0,0,0,0,0,0,119000,119000,0,0
064183,聯茂富邦01購01  ,0,0,0,0,0,0,0,0,0,0,0,0,0,43000,43000,0,0
064231,鴻海統一01購03  ,0,0,0,0,0,0,0,0,0,0,0,0,0,20000,20000,0,0
064232,鴻海統一01購04  ,0,0,0,0,0,0,0,0,0,0,0,0,0,21000,21000,0,0
064482,微星永豐9C購01  ,0,0,0,0,0,0,0,0,0,0,0,0,0,1000,1000,0,0
064437,可成凱基02購01  ,0,0,0,0,0,0,0,0,0,0,0,0,0,3000,3000,0,0
06441P,台積電凱基98售08,0,0,0,0,0,0,0,0,0,0,0,0,0,2000,2000,0,0
064536,富邦金國票01購01,0,0,0,0,0,0,0,0,0,0,0,0,0,17000,17000,0,0
064533,技嘉國票01購01  ,0,0,0,0,0,0,0,0,0,0,0,0,0,3000,3000,0,0
064544,國巨凱基9C購09  ,0,0,0,0,0,0,0,0,0,0,0,0,0,16000,16000,0,0
064495,南亞科元大9C購03,0,0,0,0,0,0,0,0,0,0,0,0,0,68000,68000,0,0
064497,可成元大01購02  ,0,0,0,0,0,0,0,0,0,0,0,0,0,5000,5000,0,0
06449P,台積電元大98售09,0,0,0,0,0,0,0,0,0,0,0,0,0,200000,200000,0,0
064620,大立光元大01購03,0,0,0,0,0,0,0,0,0,0,0,0,0,28000,28000,0,0
064694,玉晶光群益02購02,0,0,0,0,0,0,0,0,0,0,0,0,0,1000,1000,0,0
064715,和大統一02購03  ,0,0,0,0,0,0,0,0,0,0,0,0,0,35000,35000,0,0
062762,聯詠凱基9B購02  ,0,0,0,0,0,0,0,0,0,0,0,0,0,30000,30000,0,0
06277P,臺股指凱基97售09,0,0,0,0,0,0,0,0,0,0,0,0,0,3000,3000,0,0
062696,國巨元大9B購16  ,0,0,0,0,0,0,0,0,0,0,0,0,0,1000,1000,0,0
062634,玉晶光國票9B購03,0,0,0,0,0,0,0,0,0,0,0,0,0,1000,1000,0,0
06254P,臺股指群益97售07,0,0,0,0,0,0,0,0,0,0,0,0,0,10000,10000,0,0
062568,緯穎中信9C購01  ,0,0,0,0,0,0,0,0,0,0,0,0,0,20000,20000,0,0
062503,玉晶光群益01購03,0,0,0,0,0,0,0,0,0,0,0,0,0,5000,5000,0,0
06248P,國巨統一97售07  ,0,0,0,0,0,0,0,0,0,0,0,0,0,50000,50000,0,0
062250,台積電元大9B購02,0,0,0,0,0,0,0,0,0,0,0,0,0,1000,1000,0,0
062134,國巨群益9B購04  ,0,0,0,0,0,0,0,0,0,0,0,0,0,1000,1000,0,0
062202,國巨國票9C購04  ,0,0,0,0,0,0,0,0,0,0,0,0,0,1000,1000,0,0
062435,國巨元大9B購13  ,0,0,0,0,0,0,0,0,0,0,0,0,0,2000,2000,0,0
062403,健策永豐9B購06  ,0,0,0,0,0,0,0,0,0,0,0,0,0,20000,20000,0,0
063301,鴻海凱基9B購08  ,0,0,0,0,0,0,0,0,0,0,0,0,0,1000,1000,0,0
063312,台積電群益9B購07,0,0,0,0,0,0,0,0,0,0,0,0,0,2000,2000,0,0
063234,國巨元大9C購03  ,0,0,0,0,0,0,0,0,0,0,0,0,0,1000,1000,0,0
063279,國巨元大9C購05  ,0,0,0,0,0,0,0,0,0,0,0,0,0,1000,1000,0,0
06336P,鴻海元大98售05  ,0,0,0,0,0,0,0,0,0,0,0,0,0,25000,25000,0,0
063385,可成中信9C購01  ,0,0,0,0,0,0,0,0,0,0,0,0,0,1000,1000,0,0
063416,台積電凱基9B購10,0,0,0,0,0,0,0,0,0,0,0,0,0,4000,4000,0,0
063033,台積電凱基9B購09,0,0,0,0,0,0,0,0,0,0,0,0,0,2000,2000,0,0
062944,茂林凱基9B購02  ,0,0,0,0,0,0,0,0,0,0,0,0,0,30000,30000,0,0
06294P,臺股指國票97售08,0,0,0,0,0,0,0,0,0,0,0,0,0,35000,35000,0,0
062986,T50反1中信02購01,0,0,0,0,0,0,0,0,0,0,0,0,0,698000,698000,0,0
062900,台積電元大9B購04,0,0,0,0,0,0,0,0,0,0,0,0,0,1000,1000,0,0
062908,晶豪科元大9B購03,0,0,0,0,0,0,0,0,0,0,0,0,0,75000,75000,0,0
062853,大毅永豐9B購03  ,0,0,0,0,0,0,0,0,0,0,0,0,0,3000,3000,0,0
063046,聯發科兆豐9C購01,0,0,0,0,0,0,0,0,0,0,0,0,0,6000,6000,0,0
063055,創意統一9B購02  ,0,0,0,0,0,0,0,0,0,0,0,0,0,50000,50000,0,0
063104,大立光群益9C購02,0,0,0,0,0,0,0,0,0,0,0,0,0,51000,51000,0,0
06308P,國巨元富97售06  ,0,0,0,0,0,0,0,0,0,0,0,0,0,499000,499000,0,0
063142,奇力新統一9C購04,0,0,0,0,0,0,0,0,0,0,0,0,0,11000,11000,0,0
06736P,新日興凱基98售03,0,0,0,0,0,0,0,0,0,-1000,0,0,0,0,1000,-1000,-1000
065218,世芯國泰02購02  ,0,0,0,0,0,0,0,0,0,-1000,0,0,0,28000,29000,-1000,-1000
06637P,大立光凱基98售15,0,0,0,0,0,0,0,0,0,-1000,0,0,0,10000,11000,-1000,-1000
06797P,臺股指凱基98售07,0,0,0,0,0,0,0,0,0,-1000,0,0,0,10000,11000,-1000,-1000
06804P,臺股指群益98售10,0,0,0,0,0,0,0,0,0,-1000,0,0,0,3000,4000,-1000,-1000
06827P,臺股指國票98售03,0,0,0,0,0,0,0,0,0,-1000,0,0,0,0,1000,-1000,-1000
07050P,宏達電中信9B售01,0,0,0,0,0,0,0,0,0,-1000,0,0,0,10000,11000,-1000,-1000
06977P,臺股指元大9A售15,0,0,0,0,0,0,0,0,0,-1000,0,0,0,0,1000,-1000,-1000
065145,貿聯凱基9C購02  ,0,0,0,0,0,0,0,0,0,-1000,0,0,0,0,1000,-1000,-1000
065197,景碩元富06購01  ,0,0,0,0,0,0,0,0,0,-1000,0,0,0,0,1000,-1000,-1000
07968P,國巨元大9B售09  ,0,0,0,0,0,0,0,0,0,-1000,0,0,0,11000,12000,-1000,-1000
07949P,滬深2X元大9B售04,0,0,0,0,0,0,0,0,0,-1000,0,0,0,300000,301000,-1000,-1000
07757P,國巨國票9B售04  ,0,0,0,0,0,0,0,0,0,-1000,0,0,0,0,1000,-1000,-1000
08003P,國巨國泰9B售07  ,0,0,0,0,0,0,0,0,0,-1000,0,0,0,30000,31000,-1000,-1000
07728P,臺股指凱基9A售20,0,0,0,0,0,0,0,0,0,-1000,0,0,0,60000,61000,-1000,-1000
07641P,上銀凱基9A售05  ,0,0,0,0,0,0,0,0,0,-1000,0,0,0,0,1000,-1000,-1000
07517P,台積電元大9A售17,0,0,0,0,0,0,0,0,0,-1000,0,0,0,3000,4000,-1000,-1000
07358P,鴻海元大99售39  ,0,0,0,0,0,0,0,0,0,-1000,0,0,0,10000,11000,-1000,-1000
07215P,大立光凱基99售07,0,0,0,0,0,0,0,0,0,-1000,0,0,0,10000,11000,-1000,-1000
07077P,緯穎凱基99售01  ,0,0,0,0,0,0,0,0,0,-1000,0,0,0,0,1000,-1000,-1000
07073P,臺股指中信9B售02,0,0,0,0,0,0,0,0,0,-1000,0,0,0,0,1000,-1000,-1000
6209,今國光          ,2000,3000,-1000,0,0,0,0,0,0,0,0,0,0,0,0,0,-1000
4581,光隆精密-KY     ,1000,2000,-1000,0,0,0,0,0,0,0,0,0,0,0,0,0,-1000
4807,日成-KY         ,1000,2000,-1000,0,0,0,0,0,0,0,0,0,0,0,0,0,-1000
5515,建國            ,6000,7000,-1000,0,0,0,0,0,0,0,0,0,0,0,0,0,-1000
8480,泰昇-KY         ,0,1000,-1000,0,0,0,0,0,0,0,0,0,0,0,0,0,-1000
9188,精熙-DR         ,0,1000,-1000,0,0,0,0,0,0,0,0,0,0,0,0,0,-1000
2901,欣欣            ,2000,3000,-1000,0,0,0,0,0,0,0,0,0,0,0,0,0,-1000
2540,愛山林          ,1000,2000,-1000,0,0,0,0,0,0,0,0,0,0,0,0,0,-1000
2488,漢平            ,15000,16000,-1000,0,0,0,0,0,0,0,0,0,0,0,0,0,-1000
3043,科風            ,0,1000,-1000,0,0,0,0,0,0,0,0,0,0,0,0,0,-1000
3296,勝德            ,0,1000,-1000,0,0,0,0,0,0,0,0,0,0,0,0,0,-1000
3494,誠研            ,2000,3000,-1000,0,0,0,0,0,0,0,0,0,0,0,0,0,-1000
3679,新至陞          ,3000,4000,-1000,0,0,0,0,0,0,0,0,0,0,0,0,0,-1000
08386P,臺股指群益9C售14,0,0,0,0,0,0,0,0,0,-1000,0,0,0,49000,50000,-1000,-1000
08514P,華新科凱基9C售05,0,0,0,0,0,0,0,0,0,-1000,0,0,0,0,1000,-1000,-1000
08510P,大立光富邦03售04,0,0,0,0,0,0,0,0,0,-1000,0,0,0,0,1000,-1000,-1000
2443,億麗            ,1000,2000,-1000,0,0,0,0,0,0,0,0,0,0,0,0,0,-1000
2460,建通            ,4000,5000,-1000,0,0,0,0,0,0,0,0,0,0,0,0,0,-1000
2115,六暉-KY         ,0,1000,-1000,0,0,0,0,0,0,0,0,0,0,0,0,0,-1000
2032,新鋼            ,2000,3000,-1000,0,0,0,0,0,0,0,0,0,0,0,0,0,-1000
2033,佳大            ,1000,3000,-2000,0,0,0,0,0,0,1000,1000,0,1000,0,0,0,-1000
1725,元禎            ,0,1000,-1000,0,0,0,0,0,0,0,0,0,0,0,0,0,-1000
1735,日勝化          ,0,1000,-1000,0,0,0,0,0,0,0,0,0,0,0,0,0,-1000
056795,鴻海麥證98購01  ,0,0,0,0,1000,-1000,0,0,0,-1000,0,0,0,0,1000,-1000,-1000
055947,元油反元大98購03,0,0,0,0,0,0,0,0,0,-1000,0,0,0,0,1000,-1000,-1000
056858,國巨群益99購03  ,0,0,0,0,0,0,0,0,0,-1000,0,0,0,0,1000,-1000,-1000
056142,超眾元大97購06  ,0,0,0,0,0,0,0,0,0,-1000,0,0,0,0,1000,-1000,-1000
056153,華新科凱基97購02,0,0,0,0,0,0,0,0,0,-1000,0,0,0,0,1000,-1000,-1000
056155,嘉晶凱基97購01  ,0,0,0,0,0,0,0,0,0,-1000,0,0,0,39000,40000,-1000,-1000
057770,亞德客群益98購01,0,0,0,0,0,0,0,0,0,-1000,0,0,0,0,1000,-1000,-1000
056743,貿聯凱基98購04  ,0,0,0,0,0,0,0,0,0,-1000,0,0,0,0,1000,-1000,-1000
056745,聯茂凱基99購03  ,0,0,0,0,0,0,0,0,0,-1000,0,0,0,1000,2000,-1000,-1000
057010,景碩中信98購01  ,0,0,0,0,0,0,0,0,0,-1000,0,0,0,0,1000,-1000,-1000
056169,鴻海元富97購08  ,0,0,0,0,0,0,0,0,0,-1000,0,0,0,1000,2000,-1000,-1000
059928,道瓊銀富邦03購01,0,0,0,0,0,0,0,0,0,-1000,0,0,0,0,1000,-1000,-1000
059885,台積電國票99購12,0,0,0,0,0,0,0,0,0,-1000,0,0,0,2000,3000,-1000,-1000
058681,大立光康和9B購01,0,0,0,0,0,0,0,0,0,-1000,0,0,0,0,1000,-1000,-1000
061053,國巨群益9A購08  ,0,0,0,0,0,0,0,0,0,-1000,0,0,0,1000,2000,-1000,-1000
061104,華新科元大9A購13,0,0,0,0,0,0,0,0,0,-1000,0,0,0,0,1000,-1000,-1000
057327,玉晶光群益9A購04,0,0,0,0,0,0,0,0,0,-1000,0,0,0,8000,9000,-1000,-1000
057370,可成元大98購07  ,0,0,0,0,0,0,0,0,0,-1000,0,0,0,0,1000,-1000,-1000
057364,國巨元大98購18  ,0,0,0,0,0,0,0,0,0,-1000,0,0,0,3000,4000,-1000,-1000
057597,華通群益9A購02  ,0,0,0,0,0,0,0,0,0,-1000,0,0,0,0,1000,-1000,-1000
057581,元大金中信9A購01,0,0,0,0,0,0,0,0,0,-1000,0,0,0,270000,271000,-1000,-1000
055798,聯茂富邦98購01  ,0,0,0,0,0,0,0,0,0,-1000,0,0,0,0,1000,-1000,-1000
053377,台積電元大98購01,0,0,0,0,0,0,0,0,0,-1000,0,0,0,44000,45000,-1000,-1000
053391,嘉聯益元大99購01,0,0,0,0,0,0,0,0,0,-1000,0,0,0,0,1000,-1000,-1000
053768,S&P反1元大99購01,0,0,0,0,0,0,0,0,0,-1000,0,0,0,0,1000,-1000,-1000
057731,華擎國泰9A購02  ,0,0,0,0,0,0,0,0,0,-1000,0,0,0,0,1000,-1000,-1000
056685,光罩統一98購03  ,0,0,0,0,0,0,0,0,0,-1000,0,0,0,0,1000,-1000,-1000
057624,新日興國泰99購01,0,0,0,0,0,0,0,0,0,-1000,0,0,0,56000,57000,-1000,-1000
056591,S&P正2元富9A購01,0,0,0,0,0,0,0,0,0,-1000,0,0,0,0,1000,-1000,-1000
054421,臺股指元大99購03,0,0,0,0,0,0,0,0,0,-1000,0,0,0,0,1000,-1000,-1000
054526,道瓊反統一98購01,0,0,0,0,0,0,0,0,0,-1000,0,0,0,0,1000,-1000,-1000
054275,華通群益97購03  ,0,0,0,0,0,0,0,0,0,-1000,0,0,0,0,1000,-1000,-1000
054770,健策國票98購01  ,0,0,0,0,0,0,0,0,0,-1000,0,0,0,175000,176000,-1000,-1000
054883,億光統一97購01  ,0,0,0,0,0,0,0,0,0,-1000,0,0,0,0,1000,-1000,-1000
052049,緯創凱基97購01  ,0,0,0,0,0,0,0,0,0,-1000,0,0,0,145000,146000,-1000,-1000
053248,智伸科國票97購01,0,0,0,0,0,0,0,0,0,-1000,0,0,0,0,1000,-1000,-1000
055304,瑞昱第一98購01  ,0,0,0,0,0,0,0,0,0,-1000,0,0,0,0,1000,-1000,-1000
055216,友達凱基98購05  ,0,0,0,0,0,0,0,0,0,-1000,0,0,0,0,1000,-1000,-1000
055446,奇力新統一9A購01,0,0,0,0,0,0,0,0,0,-1000,0,0,0,119000,120000,-1000,-1000
055586,旺宏元大98購06  ,0,0,0,0,0,0,0,0,0,-1000,0,0,0,0,1000,-1000,-1000
052766,玉晶光群益9A購01,0,0,0,0,0,0,0,0,0,-1000,0,0,0,0,1000,-1000,-1000
053022,欣興國泰98購01  ,0,0,0,0,0,0,0,0,0,-1000,0,0,0,0,1000,-1000,-1000
03421B,臺股指元大99熊01,0,0,0,0,0,0,0,0,0,-1000,0,0,0,1000,2000,-1000,-1000
03681C,台灣50凱基02牛02,0,0,0,0,0,0,0,0,0,-1000,0,0,0,0,1000,-1000,-1000
00688L,國泰20年美債正2 ,1000,0,1000,0,0,0,0,0,0,-2000,0,0,0,101000,103000,-2000,-1000
00682U,元大美元指數    ,0,0,0,0,0,0,0,0,0,-1000,0,0,0,0,1000,-1000,-1000
00684R,元大美元指數反1 ,0,0,0,0,0,0,0,0,0,-1000,0,0,0,0,1000,-1000,-1000
060101,大立光元大99購31,0,0,0,0,0,0,0,0,0,-1000,0,0,0,0,1000,-1000,-1000
058225,旺宏元富99購01  ,0,0,0,0,0,0,0,0,0,-1000,0,0,0,0,1000,-1000,-1000
058481,玉晶光凱基9A購04,0,0,0,0,0,0,0,0,0,-1000,0,0,0,7000,8000,-1000,-1000
058450,旺宏永豐99購01  ,0,0,0,0,0,0,0,0,0,-1000,0,0,0,0,1000,-1000,-1000
058453,可成永豐99購01  ,0,0,0,0,0,0,0,0,0,-1000,0,0,0,0,1000,-1000,-1000
058414,大立光兆豐99購02,0,0,0,0,0,0,0,0,0,-1000,0,0,0,0,1000,-1000,-1000
058366,元大金凱基99購01,0,0,0,0,0,0,0,0,0,-1000,0,0,0,0,1000,-1000,-1000
058262,大立光富邦9C購02,0,0,0,0,0,0,0,0,0,-1000,0,0,0,0,1000,-1000,-1000
058347,玉晶光群益9B購01,0,0,0,0,0,0,0,0,0,-1000,0,0,0,41000,42000,-1000,-1000
060225,S&P反1元大9A購02,0,0,0,0,0,0,0,0,0,-1000,0,0,0,0,1000,-1000,-1000
059427,國巨元大99購24  ,0,0,0,0,0,0,0,0,0,-1000,0,0,0,3000,4000,-1000,-1000
059377,台積電群益99購09,0,0,0,0,0,0,0,0,0,-1000,0,0,0,0,1000,-1000,-1000
059257,臺股指凱基99購35,0,0,0,0,0,0,0,0,0,-1000,0,0,0,0,1000,-1000,-1000
05899P,臺股指凱基96售30,0,0,0,0,0,0,0,0,0,-1000,0,0,0,0,1000,-1000,-1000
058970,鴻海永豐99購02  ,0,0,0,0,0,0,0,0,0,-1000,0,0,0,0,1000,-1000,-1000
058920,SGBR2X元富99購06,0,0,0,0,0,0,0,0,0,-1000,0,0,0,0,1000,-1000,-1000
059993,上銀元富99購01  ,0,0,0,0,0,0,0,0,0,-1000,0,0,0,0,1000,-1000,-1000
058740,T50反1日盛9B購02,0,0,0,0,0,0,0,0,0,-1000,0,0,0,0,1000,-1000,-1000
058779,大立光國票9A購02,0,0,0,0,0,0,0,0,0,-1000,0,0,0,15000,16000,-1000,-1000
058819,華通國泰9B購01  ,0,0,0,0,0,0,0,0,0,-1000,0,0,0,2000,3000,-1000,-1000
061301,華新科永豐9A購03,0,0,0,0,0,0,0,0,0,-1000,0,0,0,0,1000,-1000,-1000
061252,臺股指群益9A購03,0,0,0,0,0,0,0,0,0,-1000,0,0,0,0,1000,-1000,-1000
061232,和大元大9A購03  ,0,0,0,0,0,0,0,0,0,-1000,0,0,0,10000,11000,-1000,-1000
061410,緯穎國票9A購03  ,0,0,0,0,0,0,0,0,0,-1000,0,0,0,5000,6000,-1000,-1000
061454,國巨凱基9A購16  ,0,0,0,0,0,0,0,0,0,-1000,0,0,0,42000,43000,-1000,-1000
061601,台積電凱基9A購26,0,0,0,0,0,0,0,0,0,-1000,0,0,0,5000,6000,-1000,-1000
059078,FBVIX元大99購06 ,0,0,0,0,0,0,0,0,0,-1000,0,0,0,0,1000,-1000,-1000
058124,玉晶光國票9A購01,0,0,0,0,0,0,0,0,0,-1000,0,0,0,5000,6000,-1000,-1000
059066,道瓊指國票04購01,0,0,0,0,0,0,0,0,0,-1000,0,0,0,0,1000,-1000,-1000
058047,可成元大98購11  ,0,0,0,0,0,0,0,0,0,-1000,0,0,0,3000,4000,-1000,-1000
059131,國巨群益99購07  ,0,0,0,0,0,0,0,0,0,-1000,0,0,0,1000,2000,-1000,-1000
062024,臺股指中信9C購05,0,0,0,0,0,0,0,0,0,-1000,0,0,0,1000,2000,-1000,-1000
061851,智邦國票9B購01  ,0,0,0,0,0,0,0,0,0,-1000,0,0,0,0,1000,-1000,-1000
060624,玉晶光元大9C購02,0,0,0,0,0,0,0,0,0,-1000,0,0,0,5000,6000,-1000,-1000
057943,可成國票99購03  ,0,0,0,0,0,0,0,0,0,-1000,0,0,0,0,1000,-1000,-1000
059689,南亞科永豐99購02,0,0,0,0,0,0,0,0,0,-1000,0,0,0,0,1000,-1000,-1000
059522,上証2X凱基9B購02,0,0,0,0,0,0,0,0,0,-1000,0,0,0,0,1000,-1000,-1000
059580,大立光元富99購07,0,0,0,0,0,0,0,0,0,-1000,0,0,0,0,1000,-1000,-1000
060262,臺股指凱基9B購02,0,0,0,0,0,0,0,0,0,-1000,0,0,0,0,1000,-1000,-1000
060276,S&P反1元大9A購03,0,0,0,0,0,0,0,0,0,-1000,0,0,0,0,1000,-1000,-1000
063042,同欣電凱基9C購01,0,0,0,0,0,0,0,0,0,-1000,0,0,0,152000,153000,-1000,-1000
062855,嘉澤永豐9B購02  ,0,0,0,0,0,0,0,0,0,-1000,0,0,0,3000,4000,-1000,-1000
063360,茂林國泰9C購02  ,0,0,0,0,0,0,0,0,0,-1000,0,0,0,0,1000,-1000,-1000
063263,高鐵永豐9B購01  ,0,0,0,0,0,0,0,0,0,-1000,0,0,0,0,1000,-1000,-1000
063245,富邦金元大9B購03,0,0,0,0,0,0,0,0,0,-1000,0,0,0,56000,57000,-1000,-1000
062324,上銀統一9B購04  ,0,0,0,0,0,0,0,0,0,-1000,0,0,0,0,1000,-1000,-1000
062197,聯發科中信01購03,0,0,0,0,0,0,0,0,0,-1000,0,0,0,0,1000,-1000,-1000
062507,臺股指群益9B購02,0,0,0,0,0,0,0,0,0,-1000,0,0,0,1000,2000,-1000,-1000
062524,鴻海統一9C購09  ,0,0,0,0,0,0,0,0,0,-1000,0,0,0,0,1000,-1000,-1000
062610,啟碁凱基9B購01  ,0,0,0,0,0,0,0,0,0,-1000,0,0,0,50000,51000,-1000,-1000
062618,祥碩元大9B購04  ,0,0,0,0,0,0,0,0,0,-1000,0,0,0,12000,13000,-1000,-1000
064716,國巨統一9C購14  ,0,0,0,0,0,0,0,0,0,-1000,0,0,0,10000,11000,-1000,-1000
064528,國巨中信02購01  ,0,0,0,0,0,0,0,0,0,-1000,0,0,0,10000,11000,-1000,-1000
064458,玉晶光統一01購09,0,0,0,0,0,0,0,0,0,-1000,0,0,0,0,1000,-1000,-1000
064222,玉山金國票01購01,0,0,0,0,0,0,0,0,0,-1000,0,0,0,0,1000,-1000,-1000
064308,國巨群益9C購09  ,0,0,0,0,0,0,0,0,0,-1000,0,0,0,6000,7000,-1000,-1000
063966,大毅國票01購01  ,0,0,0,0,0,0,0,0,0,-1000,0,0,0,21000,22000,-1000,-1000
064156,大立光統一01購06,0,0,0,0,0,0,0,0,0,-1000,0,0,0,0,1000,-1000,-1000
063779,華邦電永豐9B購01,0,0,0,0,0,0,0,0,0,-1000,0,0,0,7000,8000,-1000,-1000
06364P,鴻海凱基97售08  ,0,0,0,0,0,0,0,0,0,-1000,0,0,0,0,1000,-1000,-1000
063574,茂林元大9B購07  ,0,0,0,0,0,0,0,0,0,-1000,0,0,0,40000,41000,-1000,-1000
063559,力山元大9B購04  ,0,0,0,0,0,0,0,0,0,-1000,0,0,0,66000,67000,-1000,-1000
063521,國巨凱基03購01  ,0,0,0,0,0,0,0,0,0,-1000,0,0,0,0,1000,-1000,-1000
1516,川飛            ,0,2000,-2000,0,0,0,0,0,0,0,0,0,0,0,0,0,-2000
1568,倉佑            ,0,2000,-2000,0,0,0,0,0,0,0,0,0,0,0,0,0,-2000
1617,榮星            ,1000,3000,-2000,0,0,0,0,0,0,0,0,0,0,0,0,0,-2000
2483,百容            ,0,2000,-2000,0,0,0,0,0,0,0,0,0,0,0,0,0,-2000
2397,友通            ,6000,11000,-5000,0,0,0,0,0,0,3000,3000,0,3000,0,0,0,-2000
1438,裕豐            ,0,2000,-2000,0,0,0,0,0,0,0,0,0,0,0,0,0,-2000
08383P,智邦群益9C售03  ,0,0,0,0,0,0,0,0,0,-2000,0,0,0,72000,74000,-2000,-2000
08407P,臺股指元大9C售13,0,0,0,0,0,0,0,0,0,-2000,0,0,0,0,2000,-2000,-2000
08320P,智邦統一9C售02  ,0,0,0,0,0,0,0,0,0,-2000,0,0,0,30000,32000,-2000,-2000
4560,強信-KY         ,117000,119000,-2000,0,0,0,0,0,0,0,0,0,0,0,0,0,-2000
3528,安馳            ,0,2000,-2000,0,0,0,0,0,0,0,0,0,0,0,0,0,-2000
3432,台端            ,2000,4000,-2000,0,0,0,0,0,0,0,0,0,0,0,0,0,-2000
2506,太設            ,3000,5000,-2000,0,0,0,0,0,0,0,0,0,0,0,0,0,-2000
2612,中航            ,52000,54000,-2000,0,0,0,0,0,0,0,0,0,0,0,0,0,-2000
2852,第一保          ,0,2000,-2000,0,0,0,0,0,0,0,0,0,0,0,0,0,-2000
9912,偉聯            ,0,2000,-2000,0,0,0,0,0,0,0,0,0,0,0,0,0,-2000
8497,格威傳媒        ,0,2000,-2000,0,0,0,0,0,0,0,0,0,0,0,0,0,-2000
912000,晨訊科-DR       ,0,2000,-2000,0,0,0,0,0,0,0,0,0,0,0,0,0,-2000
8367,建新國際        ,0,2000,-2000,0,0,0,0,0,0,0,0,0,0,0,0,0,-2000
8222,寶一            ,1000,3000,-2000,0,0,0,0,0,0,0,0,0,0,0,0,0,-2000
8201,無敵            ,0,2000,-2000,0,0,0,0,0,0,0,0,0,0,0,0,0,-2000
6573,虹揚-KY         ,3000,5000,-2000,0,0,0,0,0,0,0,0,0,0,0,0,0,-2000
4764,雙鍵            ,0,2000,-2000,0,0,0,0,0,0,0,0,0,0,0,0,0,-2000
07142P,台灣50元大01售01,0,0,0,0,0,0,0,0,0,-2000,0,0,0,0,2000,-2000,-2000
07267P,臺股指元大99售23,0,0,0,0,0,0,0,0,0,-2000,0,0,0,1000,3000,-2000,-2000
07326P,大立光元大99售23,0,0,0,0,0,0,0,0,0,-2000,0,0,0,0,2000,-2000,-2000
07478P,南電康和9A售02  ,0,0,0,0,0,0,0,0,0,-2000,0,0,0,161000,163000,-2000,-2000
07587P,台灣50國票9A售11,0,0,0,0,0,0,0,0,0,-2000,0,0,0,0,2000,-2000,-2000
07989P,玉晶光凱基9B售07,0,0,0,0,0,0,0,0,0,-2000,0,0,0,0,2000,-2000,-2000
08081P,台灣50元大9B售20,0,0,0,0,0,0,0,0,0,-2000,0,0,0,0,2000,-2000,-2000
07758P,台積電國票9A售06,0,0,0,0,0,0,0,0,0,-2000,0,0,0,0,2000,-2000,-2000
07933P,大立光富邦9C售06,0,0,0,0,0,0,0,0,0,-2000,0,0,0,0,2000,-2000,-2000
065085,聯發科元大01購02,0,0,0,0,0,0,0,0,0,-2000,0,0,0,12000,14000,-2000,-2000
065063,玉晶光群益02購04,0,0,0,0,0,0,0,0,0,-2000,0,0,0,4000,6000,-2000,-2000
065066,南電群益9C購02  ,0,0,0,0,0,0,0,0,0,-2000,0,0,0,9000,11000,-2000,-2000
06962P,華新科永豐99售01,0,0,0,0,0,0,0,0,0,-2000,0,0,0,16000,18000,-2000,-2000
06904P,TPK凱基98售03   ,0,0,0,0,0,0,0,0,0,-2000,0,0,0,0,2000,-2000,-2000
00661,元大日經225     ,0,0,0,0,0,0,0,0,0,-2000,0,0,0,0,2000,-2000,-2000
03022X,富展01          ,0,0,0,0,0,0,0,0,0,-2000,0,0,0,0,2000,-2000,-2000
052189,玉晶光群益96購06,0,0,0,0,0,0,0,0,0,-2000,0,0,0,0,2000,-2000,-2000
053069,同欣電群益98購01,0,0,0,0,0,0,0,0,0,-2000,0,0,0,0,2000,-2000,-2000
052890,FB上証群益9B購01,0,0,0,0,0,0,0,0,0,-2000,0,0,0,2000,4000,-2000,-2000
055572,鴻海統一98購04  ,0,0,0,0,0,0,0,0,0,-2000,0,0,0,0,2000,-2000,-2000
055336,茂林兆豐98購01  ,0,0,0,0,0,0,0,0,0,-2000,0,0,0,0,2000,-2000,-2000
055104,台達電凱基98購01,0,0,0,0,0,0,0,0,0,-2000,0,0,0,168000,170000,-2000,-2000
05088P,大立光富邦99售01,0,0,0,0,0,0,0,0,0,-2000,0,0,0,0,2000,-2000,-2000
046905,新光金凱基99購01,0,0,0,0,0,0,0,0,0,-2000,0,0,0,0,2000,-2000,-2000
054572,國巨元大98購03  ,0,0,0,0,0,0,0,0,0,-2000,0,0,0,0,2000,-2000,-2000
054569,GIS群益98購01   ,0,0,0,0,0,0,0,0,0,-2000,0,0,0,65000,67000,-2000,-2000
055576,嘉晶統一98購01  ,0,0,0,0,0,0,0,0,0,-2000,0,0,0,0,2000,-2000,-2000
054138,晶技元大98購02  ,0,0,0,0,0,0,0,0,0,-2000,0,0,0,0,2000,-2000,-2000
056622,高鐵永豐98購01  ,0,0,0,0,0,0,0,0,0,-2000,0,0,0,0,2000,-2000,-2000
057730,聯鈞國泰9A購01  ,0,0,0,0,0,0,0,0,0,-2000,0,0,0,263000,265000,-2000,-2000
057751,神達國票99購02  ,0,0,0,0,0,0,0,0,0,-2000,0,0,0,5000,7000,-2000,-2000
057297,新日興永豐98購01,0,0,0,0,0,0,0,0,0,-2000,0,0,0,0,2000,-2000,-2000
061059,世芯國票9B購01  ,0,0,0,0,0,0,0,0,0,-2000,0,0,0,0,2000,-2000,-2000
061015,旺宏麥證9A購03  ,0,0,0,0,2000,-2000,0,0,0,-2000,0,0,0,0,2000,-2000,-2000
060782,道瓊指富邦9C購01,0,0,0,0,0,0,0,0,0,-2000,0,0,0,0,2000,-2000,-2000
060797,世芯永豐9A購04  ,0,0,0,0,0,0,0,0,0,-2000,0,0,0,0,2000,-2000,-2000
059844,大立光富邦9C購04,0,0,0,0,0,0,0,0,0,-2000,0,0,0,0,2000,-2000,-2000
059925,可成國泰9B購01  ,0,0,0,0,0,0,0,0,0,-2000,0,0,0,4000,6000,-2000,-2000
056381,台虹元富98購01  ,0,0,0,0,0,0,0,0,0,-2000,0,0,0,8000,10000,-2000,-2000
056790,彩晶群益98購03  ,0,0,0,0,0,0,0,0,0,-2000,0,0,0,0,2000,-2000,-2000
055657,超眾元富97購02  ,0,0,0,0,0,0,0,0,0,-2000,0,0,0,0,2000,-2000,-2000
055980,祥碩統一98購01  ,0,0,0,0,0,0,0,0,0,-2000,0,0,0,10000,12000,-2000,-2000
056895,技嘉元大98購01  ,0,0,0,0,0,0,0,0,0,-2000,0,0,0,10000,12000,-2000,-2000
055746,同欣電元富97購01,0,0,0,0,0,0,0,0,0,-2000,0,0,0,0,2000,-2000,-2000
056843,冠德元富98購01  ,0,0,0,0,0,0,0,0,0,-2000,0,0,0,16000,18000,-2000,-2000
060301,國巨富邦9C購02  ,0,0,0,0,0,0,0,0,0,-2000,0,0,0,0,2000,-2000,-2000
059843,華新科富邦9B購03,0,0,0,0,0,0,0,0,0,-2000,0,0,0,0,2000,-2000,-2000
060342,台積電統一02購01,0,0,0,0,0,0,0,0,0,-2000,0,0,0,2000,4000,-2000,-2000
059466,國巨元大99購26  ,0,0,0,0,0,0,0,0,0,-2000,0,0,0,4000,6000,-2000,-2000
059500,鴻海元富99購11  ,0,0,0,0,0,0,0,0,0,-2000,0,0,0,3000,5000,-2000,-2000
059721,旺宏元大99購16  ,0,0,0,0,0,0,0,0,0,-2000,0,0,0,3000,5000,-2000,-2000
059797,大立光國票99購01,0,0,0,0,0,0,0,0,0,-2000,0,0,0,0,2000,-2000,-2000
059702,台積電凱基9A購14,0,0,0,0,0,0,0,0,0,-2000,0,0,0,0,2000,-2000,-2000
060602,京元電凱基9A購01,0,0,0,0,0,0,0,0,0,-2000,0,0,0,120000,122000,-2000,-2000
061777,臺指反群益9B購01,0,0,0,0,0,0,0,0,0,-2000,0,0,0,0,2000,-2000,-2000
061938,大立光國票9B購03,0,0,0,0,0,0,0,0,0,-2000,0,0,0,4000,6000,-2000,-2000
062075,智邦元大9B購03  ,0,0,0,0,0,0,0,0,0,-2000,0,0,0,0,2000,-2000,-2000
062091,世紀鋼元大9B購01,0,0,0,0,0,0,0,0,0,-2000,0,0,0,58000,60000,-2000,-2000
05911P,南亞科永豐96售03,0,0,0,0,0,0,0,0,0,-2000,0,0,0,5000,7000,-2000,-2000
059035,旺宏群益99購06  ,0,0,0,0,0,0,0,0,0,-2000,0,0,0,0,2000,-2000,-2000
061190,力山永豐9A購02  ,0,0,0,0,0,0,0,0,0,-2000,0,0,0,32000,34000,-2000,-2000
061140,華擎統一9C購01  ,0,0,0,0,0,0,0,0,0,-2000,0,0,0,10000,12000,-2000,-2000
058812,台積電統一9B購06,0,0,0,0,0,0,0,0,0,-2000,0,0,0,0,2000,-2000,-2000
060939,鴻海國票9A購06  ,0,0,0,0,0,0,0,0,0,-2000,0,0,0,0,2000,-2000,-2000
060935,T50反1國票9A購08,0,0,0,0,0,0,0,0,0,-2000,0,0,0,0,2000,-2000,-2000
060945,緯穎國票9A購02  ,0,0,0,0,0,0,0,0,0,-2000,0,0,0,0,2000,-2000,-2000
060871,台灣50中信01購03,0,0,0,0,0,0,0,0,0,-2000,0,0,0,20000,22000,-2000,-2000
060892,超眾統一9C購01  ,0,0,0,0,0,0,0,0,0,-2000,0,0,0,0,2000,-2000,-2000
059989,嘉晶元大9A購01  ,0,0,0,0,0,0,0,0,0,-2000,0,0,0,0,2000,-2000,-2000
059939,技嘉永豐99購01  ,0,0,0,0,0,0,0,0,0,-2000,0,0,0,1000,3000,-2000,-2000
060135,台灣50國票9C購02,0,0,0,0,0,0,0,0,0,-2000,0,0,0,0,2000,-2000,-2000
059275,可成元大99購05  ,0,0,0,0,0,0,0,0,0,-2000,0,0,0,2000,4000,-2000,-2000
059252,聯詠凱基99購03  ,0,0,0,0,0,0,0,0,0,-2000,0,0,0,0,2000,-2000,-2000
058358,技嘉凱基9A購01  ,0,0,0,0,0,0,0,0,0,-2000,0,0,0,27000,29000,-2000,-2000
058310,大立光元大99購10,0,0,0,0,0,0,0,0,0,-2000,0,0,0,0,2000,-2000,-2000
058436,聯發科統一9B購03,0,0,0,0,0,0,0,0,0,-2000,0,0,0,0,2000,-2000,-2000
058437,可成統一9B購01  ,0,0,0,0,0,0,0,0,0,-2000,0,0,0,0,2000,-2000,-2000
058202,鴻海凱基9A購04  ,0,0,0,0,0,0,0,0,0,-2000,0,0,0,0,2000,-2000,-2000
061558,旺宏國票9B購02  ,0,0,0,0,0,0,0,0,0,-2000,0,0,0,0,2000,-2000,-2000
063556,儒鴻元大9B購02  ,0,0,0,0,0,0,0,0,0,-2000,0,0,0,190000,192000,-2000,-2000
063702,聯發科群益9C購04,0,0,0,0,0,0,0,0,0,-2000,0,0,0,6000,8000,-2000,-2000
064154,大立光統一01購04,0,0,0,0,0,0,0,0,0,-2000,0,0,0,0,2000,-2000,-2000
064117,中興電元大9C購01,0,0,0,0,0,0,0,0,0,-2000,0,0,0,0,2000,-2000,-2000
064040,鴻海統一9C購18  ,0,0,0,0,0,0,0,0,0,-2000,0,0,0,0,2000,-2000,-2000
064277,可成元大9C購04  ,0,0,0,0,0,0,0,0,0,-2000,0,0,0,54000,56000,-2000,-2000
064408,TPK凱基02購01   ,0,0,0,0,0,0,0,0,0,-2000,0,0,0,2000,4000,-2000,-2000
064567,晶技群益01購01  ,0,0,0,0,0,0,0,0,0,-2000,0,0,0,158000,160000,-2000,-2000
06470P,臺股指凱基99售10,0,0,0,0,0,0,0,0,0,-2000,0,0,0,0,2000,-2000,-2000
062520,晶豪科元大9B購02,0,0,0,0,0,0,0,0,0,-2000,0,0,0,0,2000,-2000,-2000
062720,南亞科凱基9B購03,0,0,0,0,0,0,0,0,0,-2000,0,0,0,0,2000,-2000,-2000
062173,世紀鋼永豐9B購01,0,0,0,0,0,0,0,0,0,-2000,0,0,0,0,2000,-2000,-2000
062178,上銀元大9B購03  ,0,0,0,0,0,0,0,0,0,-2000,0,0,0,0,2000,-2000,-2000
062138,力成群益9B購01  ,0,0,0,0,0,0,0,0,0,-2000,0,0,0,96000,98000,-2000,-2000
062124,大立光統一9B購09,0,0,0,0,0,0,0,0,0,-2000,0,0,0,0,2000,-2000,-2000
062149,牧德國票9B購01  ,0,0,0,0,0,0,0,0,0,-2000,0,0,0,0,2000,-2000,-2000
062382,燿華國泰9C購01  ,0,0,0,0,0,0,0,0,0,-2000,0,0,0,135000,137000,-2000,-2000
062433,上銀元大9B購05  ,0,0,0,0,0,0,0,0,0,-2000,0,0,0,0,2000,-2000,-2000
063304,大立光凱基01購02,0,0,0,0,0,0,0,0,0,-2000,0,0,0,0,2000,-2000,-2000
063290,GIS元大9B購02   ,0,0,0,0,0,0,0,0,0,-2000,0,0,0,166000,168000,-2000,-2000
063284,大立光元大9B購07,0,0,0,0,0,0,0,0,0,-2000,0,0,0,0,2000,-2000,-2000
063394,金像電群益9B購01,0,0,0,0,0,0,0,0,0,-2000,0,0,0,36000,38000,-2000,-2000
063520,上銀凱基9B購05  ,0,0,0,0,0,0,0,0,0,-2000,0,0,0,0,2000,-2000,-2000
063498,金像電永豐9B購02,0,0,0,0,0,0,0,0,0,-2000,0,0,0,0,2000,-2000,-2000
062864,臺股指國票9B購21,0,0,0,0,0,0,0,0,0,-2000,0,0,0,19000,21000,-2000,-2000
062937,旺宏凱基9B購08  ,0,0,0,0,0,0,0,0,0,-2000,0,0,0,2000,4000,-2000,-2000
065222,玉晶光永豐9C購07,0,0,0,0,0,0,0,0,0,-3000,0,0,0,1000,4000,-3000,-3000
065153,金像電群益9C購03,0,0,0,0,0,0,0,0,0,-3000,0,0,0,0,3000,-3000,-3000
07912P,玉晶光統一9B售02,0,0,0,0,0,0,0,0,0,-3000,0,0,0,0,3000,-3000,-3000
07799P,南電國票9A售04  ,0,0,0,0,0,0,0,0,0,-3000,0,0,0,0,3000,-3000,-3000
08123P,台表科國票9C售01,0,0,0,0,0,0,0,0,0,-3000,0,0,0,35000,38000,-3000,-3000
07642P,華通凱基9A售05  ,0,0,0,0,0,0,0,0,0,-3000,0,0,0,0,3000,-3000,-3000
07328P,FBVIX國泰9B售01 ,0,0,0,0,0,0,0,0,0,-3000,0,0,0,0,3000,-3000,-3000
07352P,台積電國票99售11,0,0,0,0,0,0,0,0,0,-3000,0,0,0,0,3000,-3000,-3000
07184P,台灣50元富01售01,0,0,0,0,0,0,0,0,0,-3000,0,0,0,0,3000,-3000,-3000
07117P,SGBR2X凱基9C售01,0,0,0,0,0,0,0,0,0,-3000,0,0,0,0,3000,-3000,-3000
5284,jpp-KY          ,0,3000,-3000,0,0,0,0,0,0,0,0,0,0,0,0,0,-3000
6184,大豐電          ,5000,8000,-3000,0,0,0,0,0,0,0,0,0,0,0,0,0,-3000
6128,上福            ,4000,7000,-3000,0,0,0,0,0,0,0,0,0,0,0,0,0,-3000
6431,光麗-KY         ,0,3000,-3000,0,0,0,0,0,0,0,0,0,0,0,0,0,-3000
6464,台數科          ,0,3000,-3000,0,0,0,0,0,0,0,0,0,0,0,0,0,-3000
6581,鋼聯            ,2000,5000,-3000,0,0,0,0,0,0,0,0,0,0,0,0,0,-3000
8374,羅昇            ,2000,4000,-2000,0,0,0,0,0,0,-1000,0,1000,-1000,0,0,0,-3000
910322,康師傅-DR       ,0,3000,-3000,0,0,0,0,0,0,0,0,0,0,0,0,0,-3000
9930,中聯資源        ,9000,12000,-3000,0,0,0,0,0,0,0,0,0,0,0,0,0,-3000
4572,駐龍            ,7000,10000,-3000,0,0,0,0,0,0,0,0,0,0,0,0,0,-3000
4439,冠星-KY         ,0,3000,-3000,0,0,0,0,0,0,0,0,0,0,0,0,0,-3000
08314P,國巨元大9C售14  ,0,0,0,0,0,0,0,0,0,-3000,0,0,0,3000,6000,-3000,-3000
08214P,南六統一9B售03  ,0,0,0,0,0,0,0,0,0,-3000,0,0,0,584000,587000,-3000,-3000
08406P,緯穎元大9C售01  ,0,0,0,0,0,0,0,0,0,-3000,0,0,0,46000,49000,-3000,-3000
08385P,臺股指群益9C售13,0,0,0,0,0,0,0,0,0,-3000,0,0,0,0,3000,-3000,-3000
08455P,台積電凱基9C售05,0,0,0,0,0,0,0,0,0,-3000,0,0,0,0,3000,-3000,-3000
1436,華友聯          ,0,3000,-3000,0,0,0,0,0,0,0,0,0,0,0,0,0,-3000
2429,銘旺科          ,0,3000,-3000,0,0,0,0,0,0,0,0,0,0,0,0,0,-3000
1587,吉茂            ,0,3000,-3000,0,0,0,0,0,0,0,0,0,0,0,0,0,-3000
1524,耿鼎            ,7000,6000,1000,0,0,0,0,0,0,-4000,0,4000,-4000,0,0,0,-3000
2029,盛餘            ,7000,10000,-3000,0,0,0,0,0,0,0,0,0,0,0,0,0,-3000
056228,可成凱基97購03  ,0,0,0,0,0,0,0,0,0,-3000,0,0,0,0,3000,-3000,-3000
057188,佐登元大98購01  ,0,0,0,0,0,0,0,0,0,-3000,0,0,0,6000,9000,-3000,-3000
059899,上証2X元大9C購04,0,0,0,0,0,0,0,0,0,-3000,0,0,0,0,3000,-3000,-3000
057488,聯發科元大99購02,0,0,0,0,0,0,0,0,0,-3000,0,0,0,0,3000,-3000,-3000
057665,技嘉元大99購01  ,0,0,0,0,0,0,0,0,0,-3000,0,0,0,19000,22000,-3000,-3000
053630,奇鋐兆豐97購01  ,0,0,0,0,0,0,0,0,0,-3000,0,0,0,3000,6000,-3000,-3000
054297,台郡元大98購01  ,0,0,0,0,0,0,0,0,0,-3000,0,0,0,10000,13000,-3000,-3000
055448,健策統一97購02  ,0,0,0,0,0,0,0,0,0,-3000,0,0,0,10000,13000,-3000,-3000
055485,國巨元大97購09  ,0,0,0,0,0,0,0,0,0,-3000,0,0,0,0,3000,-3000,-3000
036628,統一台新99購01  ,0,0,0,0,0,0,0,0,0,-3000,0,0,0,0,3000,-3000,-3000
00771,元大US高息特別股,0,0,0,0,0,0,0,0,0,-3000,0,0,0,0,3000,-3000,-3000
00851,台新全球AI      ,0,0,0,0,0,0,0,0,0,-3000,0,0,0,13000,16000,-3000,-3000
00736,國泰新興市場    ,0,0,0,0,0,0,0,0,0,-3000,0,0,0,165000,168000,-3000,-3000
00685L,群益臺灣加權正2 ,0,0,0,0,0,0,0,0,0,-3000,0,0,0,7000,10000,-3000,-3000
059199,欣興永豐99購02  ,0,0,0,0,0,0,0,0,0,-3000,0,0,0,0,3000,-3000,-3000
059214,國巨元大99購20  ,0,0,0,0,0,0,0,0,0,-3000,0,0,0,29000,32000,-3000,-3000
059265,美律中信01購01  ,0,0,0,0,0,0,0,0,0,-3000,0,0,0,0,3000,-3000,-3000
058955,台積電國票9A購04,0,0,0,0,0,0,0,0,0,-3000,0,0,0,25000,28000,-3000,-3000
060010,義隆群益99購02  ,0,0,0,0,0,0,0,0,0,-3000,0,0,0,0,3000,-3000,-3000
060011,臺股指群益9C購06,0,0,0,0,0,0,0,0,0,-3000,0,0,0,0,3000,-3000,-3000
060915,旭富元大9A購01  ,0,0,0,0,0,0,0,0,0,-3000,0,0,0,112000,115000,-3000,-3000
060856,健策富邦9B購02  ,0,0,0,0,0,0,0,0,0,-3000,0,0,0,10000,13000,-3000,-3000
060843,大立光國票9A購06,0,0,0,0,0,0,0,0,0,-3000,0,0,0,0,3000,-3000,-3000
058824,晶技富邦9A購01  ,0,0,0,0,0,0,0,0,0,-3000,0,0,0,0,3000,-3000,-3000
058831,茂林永豐99購01  ,0,0,0,0,0,0,0,0,0,-3000,0,0,0,0,3000,-3000,-3000
061447,鴻海中信04購02  ,0,0,0,0,0,0,0,0,0,-3000,0,0,0,0,3000,-3000,-3000
061479,泰碩元大9A購02  ,0,0,0,0,0,0,0,0,0,-3000,0,0,0,0,3000,-3000,-3000
06138P,台積電中信99售01,0,0,0,0,0,0,0,0,0,-3000,0,0,0,0,3000,-3000,-3000
061354,瑞儀元大9A購01  ,0,0,0,0,0,0,0,0,0,-3000,0,0,0,0,3000,-3000,-3000
061380,巨大永豐9A購02  ,0,0,0,0,0,0,0,0,0,-3000,0,0,0,0,3000,-3000,-3000
058063,旺宏中信98購04  ,0,0,0,0,0,0,0,0,0,-3000,0,0,0,0,3000,-3000,-3000
059017,台灣50統一9B購03,0,0,0,0,0,0,0,0,0,-3000,0,0,0,0,3000,-3000,-3000
058091,欣興元大99購03  ,0,0,0,0,0,0,0,0,0,-3000,0,0,0,180000,183000,-3000,-3000
058151,台積電統一9A購04,0,0,0,0,0,0,0,0,0,-3000,0,0,0,0,3000,-3000,-3000
061678,玉晶光元大9B購04,0,0,0,0,0,0,0,0,0,-3000,0,0,0,15000,18000,-3000,-3000
062081,華新科元大9B購06,0,0,0,0,0,0,0,0,0,-3000,0,0,0,20000,23000,-3000,-3000
062088,緯穎元大9B購04  ,0,0,0,0,0,0,0,0,0,-3000,0,0,0,59000,62000,-3000,-3000
061950,日月光群益9B購01,0,0,0,0,0,0,0,0,0,-3000,0,0,0,2000,5000,-3000,-3000
061795,智邦永豐9B購01  ,0,0,0,0,0,0,0,0,0,-3000,0,0,0,0,3000,-3000,-3000
060524,國巨中信9A購03  ,0,0,0,0,0,0,0,0,0,-3000,0,0,0,0,3000,-3000,-3000
060419,漢翔永豐9A購01  ,0,0,0,0,0,0,0,0,0,-3000,0,0,0,0,3000,-3000,-3000
060642,華擎永豐9A購02  ,0,0,0,0,0,0,0,0,0,-3000,0,0,0,1000,4000,-3000,-3000
059803,S&P正2元富9B購03,0,0,0,0,0,0,0,0,0,-3000,0,0,0,0,3000,-3000,-3000
059526,鴻海凱基99購12  ,0,0,0,0,0,0,0,0,0,-3000,0,0,0,0,3000,-3000,-3000
059617,A50正2群益01購02,0,0,0,0,0,0,0,0,0,-3000,0,0,0,0,3000,-3000,-3000
060334,群光康和9A購01  ,0,0,0,0,0,0,0,0,0,-3000,0,0,0,0,3000,-3000,-3000
059827,晶技凱基99購03  ,0,0,0,0,0,0,0,0,0,-3000,0,0,0,0,3000,-3000,-3000
063087,南六凱基9C購02  ,0,0,0,0,0,0,0,0,0,-3000,0,0,0,31000,34000,-3000,-3000
063334,復盛國票9B購01  ,0,0,0,0,0,0,0,0,0,-3000,0,0,0,35000,38000,-3000,-3000
062478,牧德國票9B購03  ,0,0,0,0,0,0,0,0,0,-3000,0,0,0,69000,72000,-3000,-3000
062226,臻鼎統一9B購01  ,0,0,0,0,0,0,0,0,0,-3000,0,0,0,199000,202000,-3000,-3000
062769,臺股指凱基9B購13,0,0,0,0,0,0,0,0,0,-3000,0,0,0,2000,5000,-3000,-3000
064797,道瓊反元大01購01,0,0,0,0,0,0,0,0,0,-3000,0,0,0,0,3000,-3000,-3000
064550,南茂凱基01購01  ,0,0,0,0,0,0,0,0,0,-3000,0,0,0,111000,114000,-3000,-3000
064230,上銀統一01購04  ,0,0,0,0,0,0,0,0,0,-3000,0,0,0,0,3000,-3000,-3000
064238,玉晶光統一01購08,0,0,0,0,0,0,0,0,0,-3000,0,0,0,9000,12000,-3000,-3000
1612,宏泰            ,17000,21000,-4000,0,0,0,0,0,0,0,0,0,0,0,0,0,-4000
1466,聚隆            ,0,4000,-4000,0,0,0,0,0,0,0,0,0,0,0,0,0,-4000
2433,互盛電          ,0,4000,-4000,0,0,0,0,0,0,0,0,0,0,0,0,0,-4000
1220,台榮            ,4000,8000,-4000,0,0,0,0,0,0,0,0,0,0,0,0,0,-4000
08445P,臺股指麥證9C售03,0,0,0,2000,6000,-4000,0,0,0,-4000,0,0,0,2000,6000,-4000,-4000
08392P,上銀群益9C售01  ,0,0,0,0,0,0,0,0,0,-4000,0,0,0,0,4000,-4000,-4000
3686,達能            ,6000,10000,-4000,0,0,0,0,0,0,0,0,0,0,0,0,0,-4000
5283,禾聯碩          ,1000,5000,-4000,0,0,0,0,0,0,0,0,0,0,0,0,0,-4000
4977,眾達-KY         ,213000,195000,18000,0,0,0,92000,113000,-21000,-1000,0,0,0,0,1000,-1000,-4000
07198P,臺股指元大99售14,0,0,0,0,0,0,0,0,0,-4000,0,0,0,33000,37000,-4000,-4000
07245P,台積電凱基99售16,0,0,0,0,0,0,0,0,0,-4000,0,0,0,0,4000,-4000,-4000
07452P,國巨元大9A售05  ,0,0,0,0,0,0,0,0,0,-4000,0,0,0,0,4000,-4000,-4000
07999P,台達電凱基9B售02,0,0,0,0,0,0,0,0,0,-4000,0,0,0,0,4000,-4000,-4000
065137,中鋼凱基01購01  ,0,0,0,0,0,0,0,0,0,-4000,0,0,0,0,4000,-4000,-4000
065168,台積電元大02購02,0,0,0,0,0,0,0,0,0,-4000,0,0,0,0,4000,-4000,-4000
06532P,友達元富98售04  ,0,0,0,0,0,0,0,0,0,-4000,0,0,0,70000,74000,-4000,-4000
06618P,智邦元大98售04  ,0,0,0,0,0,0,0,0,0,-4000,0,0,0,0,4000,-4000,-4000
06933P,禾伸堂元大98售03,0,0,0,0,0,0,0,0,0,-4000,0,0,0,21000,25000,-4000,-4000
03677C,臺股指元大05牛02,0,0,0,0,0,0,0,0,0,-4000,0,0,0,0,4000,-4000,-4000
052681,T50反1元大98購02,0,0,0,0,0,0,0,0,0,-4000,0,0,0,47000,51000,-4000,-4000
05508P,華通統一97售01  ,0,0,0,0,0,0,0,0,0,-4000,0,0,0,0,4000,-4000,-4000
051911,大立光元大98購02,0,0,0,0,0,0,0,0,0,-4000,0,0,0,0,4000,-4000,-4000
051614,元金2X凱基97購01,0,0,0,0,0,0,0,0,0,-4000,0,0,0,0,4000,-4000,-4000
055603,超眾元大97購04  ,0,0,0,0,0,0,0,0,0,-4000,0,0,0,0,4000,-4000,-4000
053854,聯茂國泰97購02  ,0,0,0,0,0,0,0,0,0,-4000,0,0,0,8000,12000,-4000,-4000
057438,禾伸堂國票99購01,0,0,0,0,0,0,0,0,0,-4000,0,0,0,38000,42000,-4000,-4000
057371,可成元大98購08  ,0,0,0,0,0,0,0,0,0,-4000,0,0,0,18000,22000,-4000,-4000
060730,台積電群益9A購03,0,0,0,0,0,0,0,0,0,-4000,0,0,0,1000,5000,-4000,-4000
058717,南電台新99購02  ,0,0,0,0,0,0,0,0,0,-4000,0,0,0,0,4000,-4000,-4000
060786,聯發科富邦9B購06,0,0,0,0,0,0,0,0,0,-4000,0,0,0,0,4000,-4000,-4000
060977,亞德客元大9A購04,0,0,0,0,0,0,0,0,0,-4000,0,0,0,46000,50000,-4000,-4000
061035,亞光永豐9A購01  ,0,0,0,0,0,0,0,0,0,-4000,0,0,0,10000,14000,-4000,-4000
055647,義隆元富97購01  ,0,0,0,0,0,0,0,0,0,-4000,0,0,0,0,4000,-4000,-4000
057832,聯發科元富02購05,0,0,0,0,0,0,0,0,0,-4000,0,0,0,0,4000,-4000,-4000
056776,聯茂元大99購01  ,0,0,0,0,0,0,0,0,0,-4000,0,0,0,0,4000,-4000,-4000
059833,緯穎康和99購01  ,0,0,0,0,0,0,0,0,0,-4000,0,0,0,0,4000,-4000,-4000
059476,道瓊指群益9C購01,0,0,0,0,0,0,0,0,0,-4000,0,0,0,0,4000,-4000,-4000
057931,正崴群益98購02  ,0,0,0,0,0,0,0,0,0,-4000,0,0,0,0,4000,-4000,-4000
057961,茂林元大9A購01  ,0,0,0,0,0,0,0,0,0,-4000,0,0,0,139000,143000,-4000,-4000
060637,玉晶光永豐9A購03,0,0,0,0,0,0,0,0,0,-4000,0,0,0,8000,12000,-4000,-4000
061684,T50反1群益9A購06,0,0,0,0,0,0,0,0,0,-4000,0,0,0,0,4000,-4000,-4000
061688,華通群益9A購07  ,0,0,0,0,0,0,0,0,0,-4000,0,0,0,10000,14000,-4000,-4000
059114,華新科永豐99購05,0,0,0,0,0,0,0,0,0,-4000,0,0,0,6000,10000,-4000,-4000
059161,鴻海凱基9A購09  ,0,0,0,0,0,0,0,0,0,-4000,0,0,0,4000,8000,-4000,-4000
059151,臺股指國票99購14,0,0,0,0,0,0,0,0,0,-4000,0,0,0,4000,8000,-4000,-4000
058146,勤誠元大99購01  ,0,0,0,0,0,0,0,0,0,-4000,0,0,0,1000,5000,-4000,-4000
059029,旺宏兆豐99購01  ,0,0,0,0,0,0,0,0,0,-4000,0,0,0,46000,50000,-4000,-4000
061298,華新科富邦01購02,0,0,0,0,0,0,0,0,0,-4000,0,0,0,1000,5000,-4000,-4000
060844,大立光國票9A購07,0,0,0,0,0,0,0,0,0,-4000,0,0,0,0,4000,-4000,-4000
060021,立積康和99購01  ,0,0,0,0,0,0,0,0,0,-4000,0,0,0,0,4000,-4000,-4000
058730,玉晶光永豐9A購01,0,0,0,0,0,0,0,0,0,-4000,0,0,0,8000,12000,-4000,-4000
058959,南茂國票9A購01  ,0,0,0,0,0,0,0,0,0,-4000,0,0,0,0,4000,-4000,-4000
058610,欣興元大99購05  ,0,0,0,0,0,0,0,0,0,-4000,0,0,0,84000,88000,-4000,-4000
059344,長榮航凱基99購01,0,0,0,0,0,0,0,0,0,-4000,0,0,0,0,4000,-4000,-4000
058204,世芯凱基9A購01  ,0,0,0,0,0,0,0,0,0,-4000,0,0,0,6000,10000,-4000,-4000
058483,道瓊指國票9A購01,0,0,0,0,0,0,0,0,0,-4000,0,0,0,0,4000,-4000,-4000
064012,泰碩國票01購02  ,0,0,0,0,0,0,0,0,0,-4000,0,0,0,0,4000,-4000,-4000
063877,鴻海元富9C購01  ,0,0,0,0,0,0,0,0,0,-4000,0,0,0,2000,6000,-4000,-4000
063795,上銀凱基9C購01  ,0,0,0,0,0,0,0,0,0,-4000,0,0,0,0,4000,-4000,-4000
062306,華通凱基9B購01  ,0,0,0,0,0,0,0,0,0,-4000,0,0,0,128000,132000,-4000,-4000
062381,上銀國泰9C購01  ,0,0,0,0,0,0,0,0,0,-4000,0,0,0,6000,10000,-4000,-4000
062376,中租元大9B購02  ,0,0,0,0,0,0,0,0,0,-4000,0,0,0,41000,45000,-4000,-4000
062365,台光電元大9B購03,0,0,0,0,0,0,0,0,0,-4000,0,0,0,94000,98000,-4000,-4000
063213,智伸科國票9C購01,0,0,0,0,0,0,0,0,0,-4000,0,0,0,0,4000,-4000,-4000
063398,信邦群益9B購02  ,0,0,0,0,0,0,0,0,0,-4000,0,0,0,0,4000,-4000,-4000
063094,玉晶光國票01購03,0,0,0,0,0,0,0,0,0,-4000,0,0,0,3000,7000,-4000,-4000
063045,國巨兆豐9C購02  ,0,0,0,0,0,0,0,0,0,-4000,0,0,0,21000,25000,-4000,-4000
062905,聯發科元大9B購13,0,0,0,0,0,0,0,0,0,-4000,0,0,0,0,4000,-4000,-4000
062967,上銀元富9B購01  ,0,0,0,0,0,0,0,0,0,-4000,0,0,0,75000,79000,-4000,-4000
062999,聯茂國票9C購01  ,0,0,0,0,0,0,0,0,0,-4000,0,0,0,0,4000,-4000,-4000
6409,旭隼            ,49000,51369,-2369,0,0,0,0,0,0,-2000,0,2000,-2000,0,0,0,-4369
6216,居易            ,0,5000,-5000,0,0,0,0,0,0,0,0,0,0,0,0,0,-5000
4566,時碩工業        ,3000,8000,-5000,0,0,0,0,0,0,0,0,0,0,0,0,0,-5000
8488,吉源-KY         ,0,5000,-5000,0,0,0,0,0,0,0,0,0,0,0,0,0,-5000
8473,山林水          ,1000,7000,-6000,0,0,0,0,0,0,1000,1000,0,1000,0,0,0,-5000
3032,偉訓            ,2000,6000,-4000,0,0,0,0,0,0,-1000,0,1000,-1000,0,0,0,-5000
08412P,群創凱基01售03  ,0,0,0,0,0,0,0,0,0,-5000,0,0,0,15000,20000,-5000,-5000
08487P,同欣電群益01售01,0,0,0,0,0,0,0,0,0,-5000,0,0,0,0,5000,-5000,-5000
08478P,臺股指凱基9C售16,0,0,0,0,0,0,0,0,0,-5000,0,0,0,0,5000,-5000,-5000
1232,大統益          ,0,5000,-5000,0,0,0,0,0,0,0,0,0,0,0,0,0,-5000
1423,利華            ,0,5000,-5000,0,0,0,0,0,0,0,0,0,0,0,0,0,-5000
08305P,茂林群益9C售01  ,0,0,0,0,0,0,0,0,0,-5000,0,0,0,5000,10000,-5000,-5000
08336P,聯發科中信9C售05,0,0,0,0,0,0,0,0,0,-5000,0,0,0,60000,65000,-5000,-5000
08337P,台灣50凱基01售15,0,0,0,0,0,0,0,0,0,-5000,0,0,0,0,5000,-5000,-5000
2438,翔耀            ,0,5000,-5000,0,0,0,0,0,0,0,0,0,0,0,0,0,-5000
2477,美隆電          ,0,1000,-1000,0,0,0,0,4000,-4000,0,0,0,0,0,0,0,-5000
1616,億泰            ,1000,6000,-5000,0,0,0,0,0,0,0,0,0,0,0,0,0,-5000
1618,合機            ,10000,15000,-5000,0,0,0,0,0,0,0,0,0,0,0,0,0,-5000
06928P,鴻海元大99售10  ,0,0,0,0,0,0,0,0,0,-5000,0,0,0,46000,51000,-5000,-5000
06898P,FBVIX群益9C售03 ,0,0,0,0,0,0,0,0,0,-5000,0,0,0,0,5000,-5000,-5000
06822P,上銀富邦99售03  ,0,0,0,0,0,0,0,0,0,-5000,0,0,0,115000,120000,-5000,-5000
07001P,國巨元大99售12  ,0,0,0,0,0,0,0,0,0,-5000,0,0,0,0,5000,-5000,-5000
06697P,台積電國票99售05,0,0,0,0,0,0,0,0,0,-5000,0,0,0,0,5000,-5000,-5000
06686P,麗豐永豐98售02  ,0,0,0,0,0,0,0,0,0,-5000,0,0,0,0,5000,-5000,-5000
065191,南電統一01購03  ,0,0,0,0,0,0,0,0,0,-5000,0,0,0,3000,8000,-5000,-5000
065181,南電元大01購01  ,0,0,0,0,0,0,0,0,0,-5000,0,0,0,6000,11000,-5000,-5000
065107,道瓊反國票9C購03,0,0,0,0,0,0,0,0,0,-5000,0,0,0,0,5000,-5000,-5000
065123,台灣50永豐9C購02,0,0,0,0,0,0,0,0,0,-5000,0,0,0,0,5000,-5000,-5000
065065,世芯群益01購01  ,0,0,0,0,0,0,0,0,0,-5000,0,0,0,7000,12000,-5000,-5000
06481P,台積電凱基98售12,0,0,0,0,0,0,0,0,0,-5000,0,0,0,0,5000,-5000,-5000
06497P,大立光凱基98售11,0,0,0,0,0,0,0,0,0,-5000,0,0,0,0,5000,-5000,-5000
064975,南亞科元大9C購07,0,0,0,0,0,0,0,0,0,-5000,0,0,0,0,5000,-5000,-5000
064966,FBVIX元大9C購03 ,0,0,0,0,0,0,0,0,0,-5000,0,0,0,0,5000,-5000,-5000
08023P,臺股指凱基9B售09,0,0,0,0,0,0,0,0,0,-5000,0,0,0,0,5000,-5000,-5000
07995P,臺股指麥證9C售01,0,0,0,0,5000,-5000,0,0,0,-5000,0,0,0,0,5000,-5000,-5000
07983P,茂林群益9B售03  ,0,0,0,0,0,0,0,0,0,-5000,0,0,0,0,5000,-5000,-5000
08048P,臺股指國票9B售13,0,0,0,0,0,0,0,0,0,-5000,0,0,0,0,5000,-5000,-5000
08117P,聯發科元富9B售04,0,0,0,0,0,0,0,0,0,-5000,0,0,0,27000,32000,-5000,-5000
08088P,義隆凱基9B售03  ,0,0,0,0,0,0,0,0,0,-5000,0,0,0,20000,25000,-5000,-5000
07910P,台積電統一9C售07,0,0,0,0,0,0,0,0,0,-5000,0,0,0,0,5000,-5000,-5000
07263P,台積電元大99售37,0,0,0,0,0,0,0,0,0,-5000,0,0,0,20000,25000,-5000,-5000
07195P,大立光元大99售12,0,0,0,0,0,0,0,0,0,-5000,0,0,0,0,5000,-5000,-5000
07196P,大立光元大99售13,0,0,0,0,0,0,0,0,0,-5000,0,0,0,0,5000,-5000,-5000
07147P,高鐵元大99售01  ,0,0,0,0,0,0,0,0,0,-5000,0,0,0,0,5000,-5000,-5000
056366,玉晶光元大99購04,0,0,0,0,0,0,0,0,0,-5000,0,0,0,14000,19000,-5000,-5000
056331,聯鈞國票99購01  ,0,0,0,0,0,0,0,0,0,-5000,0,0,0,75000,80000,-5000,-5000
060785,國巨富邦9B購04  ,0,0,0,0,0,0,0,0,0,-5000,0,0,0,0,5000,-5000,-5000
061068,祥碩凱基9B購01  ,0,0,0,0,0,0,0,0,0,-5000,0,0,0,1000,6000,-5000,-5000
061087,國巨統一01購04  ,0,0,0,0,0,0,0,0,0,-5000,0,0,0,56000,61000,-5000,-5000
058716,華新科台新99購02,0,0,0,0,0,0,0,0,0,-5000,0,0,0,0,5000,-5000,-5000
057411,臺股指群益99購05,0,0,0,0,0,0,0,0,0,-5000,0,0,0,5000,10000,-5000,-5000
057480,技嘉元大98購03  ,0,0,0,0,0,0,0,0,0,-5000,0,0,0,4000,9000,-5000,-5000
057511,健策統一98購02  ,0,0,0,0,0,0,0,0,0,-5000,0,0,0,0,5000,-5000,-5000
057064,華新科富邦9B購01,0,0,0,0,0,0,0,0,0,-5000,0,0,0,0,5000,-5000,-5000
056614,智邦永豐98購01  ,0,0,0,0,0,0,0,0,0,-5000,0,0,0,0,5000,-5000,-5000
054909,福懋科康和97購01,0,0,0,0,0,0,0,0,0,-5000,0,0,0,0,5000,-5000,-5000
054842,台達電兆豐98購01,0,0,0,0,0,0,0,0,0,-5000,0,0,0,0,5000,-5000,-5000
054532,強茂國泰98購01  ,0,0,0,0,0,0,0,0,0,-5000,0,0,0,0,5000,-5000,-5000
054480,和碩中信98購01  ,0,0,0,0,0,0,0,0,0,-5000,0,0,0,25000,30000,-5000,-5000
054451,上銀亞東98購01  ,0,0,0,0,0,0,0,0,0,-5000,0,0,0,0,5000,-5000,-5000
054160,華泰凱基98購01  ,0,0,0,0,0,0,0,0,0,-5000,0,0,0,0,5000,-5000,-5000
053136,彩晶國票97購01  ,0,0,0,0,0,0,0,0,0,-5000,0,0,0,0,5000,-5000,-5000
00660,元大歐洲50      ,0,0,0,0,0,0,0,0,0,-5000,0,0,0,5000,10000,-5000,-5000
00700,富邦恒生國企    ,0,0,0,0,0,0,0,0,0,-5000,0,0,0,102000,107000,-5000,-5000
01002T,土銀國泰R1      ,0,5000,-5000,0,0,0,0,0,0,0,0,0,0,0,0,0,-5000
058273,同欣電永豐99購01,0,0,0,0,0,0,0,0,0,-5000,0,0,0,41000,46000,-5000,-5000
060058,牧德凱基9B購01  ,0,0,0,0,0,0,0,0,0,-5000,0,0,0,0,5000,-5000,-5000
059334,A50正2國票9A購02,0,0,0,0,0,0,0,0,0,-5000,0,0,0,5000,10000,-5000,-5000
058547,世紀鋼富邦9A購01,0,0,0,0,0,0,0,0,0,-5000,0,0,0,0,5000,-5000,-5000
058950,國巨群益99購06  ,0,0,0,0,0,0,0,0,0,-5000,0,0,0,34000,39000,-5000,-5000
061520,健策中信9A購01  ,0,0,0,0,0,0,0,0,0,-5000,0,0,0,7000,12000,-5000,-5000
060864,可成永豐9A購01  ,0,0,0,0,0,0,0,0,0,-5000,0,0,0,0,5000,-5000,-5000
060905,台積電元大9A購20,0,0,0,0,0,0,0,0,0,-5000,0,0,0,1000,6000,-5000,-5000
060957,SP黃豆凱基9A購04,0,0,0,0,0,0,0,0,0,-5000,0,0,0,5000,10000,-5000,-5000
060960,金像電凱基9B購01,0,0,0,0,0,0,0,0,0,-5000,0,0,0,0,5000,-5000,-5000
058888,元油2X元大99購16,0,0,0,0,0,0,0,0,0,-5000,0,0,0,0,5000,-5000,-5000
058884,世紀鋼永豐99購02,0,0,0,0,0,0,0,0,0,-5000,0,0,0,0,5000,-5000,-5000
058885,元石油元大9C購02,0,0,0,0,0,0,0,0,0,-5000,0,0,0,0,5000,-5000,-5000
06114P,台積電統一97售03,0,0,0,0,0,0,0,0,0,-5000,0,0,0,0,5000,-5000,-5000
061337,台積電元大9A購27,0,0,0,0,0,0,0,0,0,-5000,0,0,0,0,5000,-5000,-5000
061443,大立光統一9C購02,0,0,0,0,0,0,0,0,0,-5000,0,0,0,0,5000,-5000,-5000
061431,鈺齊元大9A購01  ,0,0,0,0,0,0,0,0,0,-5000,0,0,0,46000,51000,-5000,-5000
059019,元石油統一9B購03,0,0,0,0,0,0,0,0,0,-5000,0,0,0,0,5000,-5000,-5000
061654,旺宏國票9A購02  ,0,0,0,0,0,0,0,0,0,-5000,0,0,0,0,5000,-5000,-5000
061709,SP黃豆凱基01購02,0,0,0,0,0,0,0,0,0,-5000,0,0,0,0,5000,-5000,-5000
062095,旺宏富邦9C購03  ,0,0,0,0,0,0,0,0,0,-5000,0,0,0,0,5000,-5000,-5000
062035,瑞祺群益9B購01  ,0,0,0,0,0,0,0,0,0,-5000,0,0,0,642000,647000,-5000,-5000
060633,玉晶光富邦02購01,0,0,0,0,0,0,0,0,0,-5000,0,0,0,5000,10000,-5000,-5000
060595,台灣50凱基04購04,0,0,0,0,0,0,0,0,0,-5000,0,0,0,0,5000,-5000,-5000
060609,玉晶光凱基9B購01,0,0,0,0,0,0,0,0,0,-5000,0,0,0,4000,9000,-5000,-5000
060528,友達中信9C購01  ,0,0,0,0,0,0,0,0,0,-5000,0,0,0,15000,20000,-5000,-5000
060437,宏全永豐9A購01  ,0,0,0,0,0,0,0,0,0,-5000,0,0,0,0,5000,-5000,-5000
058008,禾伸堂國票99購02,0,0,0,0,0,0,0,0,0,-5000,0,0,0,0,5000,-5000,-5000
059517,茂林永豐99購02  ,0,0,0,0,0,0,0,0,0,-5000,0,0,0,0,5000,-5000,-5000
059596,大立光元大99購20,0,0,0,0,0,0,0,0,0,-5000,0,0,0,0,5000,-5000,-5000
05953P,台積電國票98售02,0,0,0,0,0,0,0,0,0,-5000,0,0,0,0,5000,-5000,-5000
059644,茂林凱基99購03  ,0,0,0,0,0,0,0,0,0,-5000,0,0,0,0,5000,-5000,-5000
060300,佐登國泰9B購01  ,0,0,0,0,0,0,0,0,0,-5000,0,0,0,20000,25000,-5000,-5000
060379,T50反1凱基9A購07,0,0,0,0,0,0,0,0,0,-5000,0,0,0,0,5000,-5000,-5000
063005,道瓊反元大9B購02,0,0,0,0,0,0,0,0,0,-5000,0,0,0,0,5000,-5000,-5000
063006,道瓊反元大9C購01,0,0,0,0,0,0,0,0,0,-5000,0,0,0,0,5000,-5000,-5000
062940,華新科凱基9C購02,0,0,0,0,0,0,0,0,0,-5000,0,0,0,3000,8000,-5000,-5000
062881,緯創兆豐9C購01  ,0,0,0,0,0,0,0,0,0,-5000,0,0,0,11000,16000,-5000,-5000
063240,聯發科元大9B購17,0,0,0,0,0,0,0,0,0,-5000,0,0,0,0,5000,-5000,-5000
062314,玉晶光凱基9B購06,0,0,0,0,0,0,0,0,0,-5000,0,0,0,14000,19000,-5000,-5000
062140,元金2X國票9B購03,0,0,0,0,0,0,0,0,0,-5000,0,0,0,0,5000,-5000,-5000
062201,臺指反國票9B購05,0,0,0,0,0,0,0,0,0,-5000,0,0,0,30000,35000,-5000,-5000
062734,臺指反國票9C購03,0,0,0,0,0,0,0,0,0,-5000,0,0,0,20000,25000,-5000,-5000
062700,台光電元大9B購05,0,0,0,0,0,0,0,0,0,-5000,0,0,0,34000,39000,-5000,-5000
062562,瑞儀凱基9B購02  ,0,0,0,0,0,0,0,0,0,-5000,0,0,0,41000,46000,-5000,-5000
062554,台積電凱基9B購08,0,0,0,0,0,0,0,0,0,-5000,0,0,0,2000,7000,-5000,-5000
062654,技嘉永豐9B購01  ,0,0,0,0,0,0,0,0,0,-5000,0,0,0,8000,13000,-5000,-5000
063804,華邦電兆豐01購01,0,0,0,0,0,0,0,0,0,-5000,0,0,0,0,5000,-5000,-5000
063823,T50反1國票01購02,0,0,0,0,0,0,0,0,0,-5000,0,0,0,25000,30000,-5000,-5000
063833,致新國票01購01  ,0,0,0,0,0,0,0,0,0,-5000,0,0,0,35000,40000,-5000,-5000
063543,技嘉台新9B購02  ,0,0,0,0,0,0,0,0,0,-5000,0,0,0,0,5000,-5000,-5000
063632,金像電元大9B購04,0,0,0,0,0,0,0,0,0,-5000,0,0,0,5000,10000,-5000,-5000
063874,志超永豐9C購01  ,0,0,0,0,0,0,0,0,0,-5000,0,0,0,0,5000,-5000,-5000
063904,大立光麥證01購01,0,0,0,0,5000,-5000,0,0,0,-5000,0,0,0,0,5000,-5000,-5000
064023,智邦元大9C購02  ,0,0,0,0,0,0,0,0,0,-5000,0,0,0,30000,35000,-5000,-5000
064079,英業達中信9C購01,0,0,0,0,0,0,0,0,0,-5000,0,0,0,185000,190000,-5000,-5000
064320,台灣50元大9C購39,0,0,0,0,0,0,0,0,0,-5000,0,0,0,0,5000,-5000,-5000
064416,南亞科中信01購01,0,0,0,0,0,0,0,0,0,-5000,0,0,0,0,5000,-5000,-5000
064566,大立光群益9C購04,0,0,0,0,0,0,0,0,0,-5000,0,0,0,0,5000,-5000,-5000
07943P,瑞昱元大9B售02  ,0,0,0,0,0,0,0,0,0,-6000,0,0,0,10000,16000,-6000,-6000
08096P,大立光元富9B售04,0,0,0,0,0,0,0,0,0,-6000,0,0,0,75000,81000,-6000,-6000
08043P,電子類群益9B售01,0,0,0,0,0,0,0,0,0,-6000,0,0,0,0,6000,-6000,-6000
064944,亞德客凱基9C購03,0,0,0,0,0,0,0,0,0,-6000,0,0,0,0,6000,-6000,-6000
065202,南電元富06購01  ,0,0,0,0,0,0,0,0,0,-6000,0,0,0,0,6000,-6000,-6000
065212,瑞儀國票01購01  ,0,0,0,0,0,0,0,0,0,-6000,0,0,0,0,6000,-6000,-6000
06750P,聯發科元富02售03,0,0,0,0,0,0,0,0,0,-6000,0,0,0,24000,30000,-6000,-6000
06988P,鴻海元富99售09  ,0,0,0,0,0,0,0,0,0,-6000,0,0,0,4000,10000,-6000,-6000
06826P,臺股指國票98售02,0,0,0,0,0,0,0,0,0,-6000,0,0,0,10000,16000,-6000,-6000
2062,橋椿            ,162000,168000,-6000,0,0,0,0,0,0,0,1000,1000,0,0,0,0,-6000
08293P,國巨元大9C售13  ,0,0,0,0,0,0,0,0,0,-6000,0,0,0,0,6000,-6000,-6000
1435,中福            ,1000,7000,-6000,0,0,0,0,0,0,0,0,0,0,0,0,0,-6000
1321,大洋            ,13000,19000,-6000,0,0,0,0,0,0,0,0,0,0,0,0,0,-6000
08428P,GIS國票01售01   ,0,0,0,0,0,0,0,0,0,-6000,0,0,0,19000,25000,-6000,-6000
3501,維熹            ,9000,11000,-2000,0,0,0,0,4000,-4000,0,0,0,0,0,0,0,-6000
3622,洋華            ,3000,21000,-18000,0,0,0,12000,0,12000,0,0,0,0,0,0,0,-6000
052132,旺宏凱基9B購01  ,0,0,0,0,0,0,0,0,0,-6000,0,0,0,2000,8000,-6000,-6000
00711B,FH彭博新興債    ,0,0,0,0,0,0,0,0,0,-6000,0,0,0,116000,122000,-6000,-6000
00757,統一FANG+       ,0,0,0,0,0,0,0,0,0,-6000,0,0,0,205000,211000,-6000,-6000
053058,台光電永昌99購01,0,0,0,0,0,0,0,0,0,-6000,0,0,0,0,6000,-6000,-6000
055589,台光電元大98購04,0,0,0,0,0,0,0,0,0,-6000,0,0,0,4000,10000,-6000,-6000
051536,玉晶光國票97購01,0,0,0,0,0,0,0,0,0,-6000,0,0,0,23000,29000,-6000,-6000
054066,緯穎國票97購03  ,0,0,0,0,0,0,0,0,0,-6000,0,0,0,0,6000,-6000,-6000
054269,台光電亞東98購01,0,0,0,0,0,0,0,0,0,-6000,0,0,0,0,6000,-6000,-6000
054631,台郡凱基98購02  ,0,0,0,0,0,0,0,0,0,-6000,0,0,0,14000,20000,-6000,-6000
054784,順德群益9A購01  ,0,0,0,0,0,0,0,0,0,-6000,0,0,0,0,6000,-6000,-6000
056642,旺宏凱基98購07  ,0,0,0,0,0,0,0,0,0,-6000,0,0,0,2000,8000,-6000,-6000
053412,台達電國票97購02,0,0,0,0,0,0,0,0,0,-6000,0,0,0,0,6000,-6000,-6000
055834,國巨元大97購13  ,0,0,0,0,0,0,0,0,0,-6000,0,0,0,34000,40000,-6000,-6000
057514,華新科元富99購03,0,0,0,0,0,0,0,0,0,-6000,0,0,0,32000,38000,-6000,-6000
057523,大成鋼元大99購01,0,0,0,0,0,0,0,0,0,-6000,0,0,0,20000,26000,-6000,-6000
057583,啟碁中信9A購01  ,0,0,0,0,0,0,0,0,0,-6000,0,0,0,0,6000,-6000,-6000
060781,台郡國泰9B購01  ,0,0,0,0,0,0,0,0,0,-6000,0,0,0,0,6000,-6000,-6000
056212,台光電國票98購03,0,0,0,0,0,0,0,0,0,-6000,0,0,0,0,6000,-6000,-6000
056295,國巨元大97購16  ,0,0,0,0,0,0,0,0,0,-6000,0,0,0,4000,10000,-6000,-6000
057179,可成元大98購04  ,0,0,0,0,0,0,0,0,0,-6000,0,0,0,0,6000,-6000,-6000
055933,欣興群益98購02  ,0,0,0,0,0,0,0,0,0,-6000,0,0,0,0,6000,-6000,-6000
056020,義隆群益97購01  ,0,0,0,0,0,0,0,0,0,-6000,0,0,0,22000,28000,-6000,-6000
060370,滬深2X元富04購01,0,0,0,0,0,0,0,0,0,-6000,0,0,0,52000,58000,-6000,-6000
059532,華新科凱基9B購03,0,0,0,0,0,0,0,0,0,-6000,0,0,0,0,6000,-6000,-6000
060678,聯詠元大9A購03  ,0,0,0,0,0,0,0,0,0,-6000,0,0,0,53000,59000,-6000,-6000
062038,鴻海凱基9B購05  ,0,0,0,0,0,0,0,0,0,-6000,0,0,0,1000,7000,-6000,-6000
061758,T50反1元大9B購02,0,0,0,0,0,0,0,0,0,-6000,0,0,0,0,6000,-6000,-6000
059100,元油2X統一9C購02,0,0,0,0,0,0,0,0,0,-6000,0,0,0,0,6000,-6000,-6000
061450,嘉晶中信9A購01  ,0,0,0,0,0,0,0,0,0,-6000,0,0,0,10000,16000,-6000,-6000
061405,亞德客國票9B購01,0,0,0,0,0,0,0,0,0,-6000,0,0,0,2000,8000,-6000,-6000
061162,南電群益9A購02  ,0,0,0,0,0,0,0,0,0,-6000,0,0,0,16000,22000,-6000,-6000
060840,可成國票9B購01  ,0,0,0,0,0,0,0,0,0,-6000,0,0,0,0,6000,-6000,-6000
061365,國巨國票9B購05  ,0,0,0,0,0,0,0,0,0,-6000,0,0,0,25000,31000,-6000,-6000
058996,台達電元大99購02,0,0,0,0,0,0,0,0,0,-6000,0,0,0,4000,10000,-6000,-6000
05830P,滬深2X元富99售03,0,0,0,0,0,0,0,0,0,-6000,0,0,0,304000,310000,-6000,-6000
064750,緯穎麥證9C購01  ,0,0,0,0,6000,-6000,0,0,0,-6000,0,0,0,0,6000,-6000,-6000
064756,友達凱基02購02  ,0,0,0,0,0,0,0,0,0,-6000,0,0,0,0,6000,-6000,-6000
064670,智伸科元大9C購01,0,0,0,0,0,0,0,0,0,-6000,0,0,0,0,6000,-6000,-6000
064455,美食統一01購03  ,0,0,0,0,0,0,0,0,0,-6000,0,0,0,0,6000,-6000,-6000
064030,泰碩元大01購01  ,0,0,0,0,0,0,0,0,0,-6000,0,0,0,0,6000,-6000,-6000
064009,超眾凱基01購01  ,0,0,0,0,0,0,0,0,0,-6000,0,0,0,0,6000,-6000,-6000
063936,道瓊反元大9C購02,0,0,0,0,0,0,0,0,0,-6000,0,0,0,2000,8000,-6000,-6000
06366P,鴻海凱基97售10  ,0,0,0,0,0,0,0,0,0,-6000,0,0,0,0,6000,-6000,-6000
063800,玉晶光凱基9C購02,0,0,0,0,0,0,0,0,0,-6000,0,0,0,9000,15000,-6000,-6000
063790,南亞科台新9C購01,0,0,0,0,0,0,0,0,0,-6000,0,0,0,0,6000,-6000,-6000
062632,嘉晶國票9B購01  ,0,0,0,0,0,0,0,0,0,-6000,0,0,0,0,6000,-6000,-6000
062728,健策凱基9B購04  ,0,0,0,0,0,0,0,0,0,-6000,0,0,0,55000,61000,-6000,-6000
062712,晶技麥證9B購02  ,0,0,0,62000,68000,-6000,0,0,0,-6000,0,0,0,62000,68000,-6000,-6000
062763,華擎凱基9C購02  ,0,0,0,0,0,0,0,0,0,-6000,0,0,0,0,6000,-6000,-6000
062332,大立光統一9B購11,0,0,0,0,0,0,0,0,0,-6000,0,0,0,5000,11000,-6000,-6000
062335,茂林統一01購01  ,0,0,0,0,0,0,0,0,0,-6000,0,0,0,0,6000,-6000,-6000
063233,國巨元大9B購19  ,0,0,0,0,0,0,0,0,0,-6000,0,0,0,53000,59000,-6000,-6000
063477,訊芯元大9B購01  ,0,0,0,0,0,0,0,0,0,-6000,0,0,0,133000,139000,-6000,-6000
3167,大量            ,3000,10000,-7000,0,0,0,0,0,0,0,0,0,0,0,0,0,-7000
2908,特力            ,47000,54000,-7000,0,0,0,0,0,0,0,0,0,0,0,0,0,-7000
8429,金麗-KY         ,53000,60000,-7000,0,0,0,0,0,0,0,0,0,0,0,0,0,-7000
9927,泰銘            ,9000,16000,-7000,0,0,0,0,0,0,0,0,0,0,0,0,0,-7000
08390P,旺宏凱基9C售02  ,0,0,0,0,0,0,0,0,0,-7000,0,0,0,24000,31000,-7000,-7000
2114,鑫永銓          ,3000,10000,-7000,0,0,0,0,0,0,0,0,0,0,0,0,0,-7000
06908P,健策國泰99售02  ,0,0,0,0,0,0,0,0,0,-7000,0,0,0,50000,57000,-7000,-7000
06995P,臺股指凱基99售16,0,0,0,0,0,0,0,0,0,-7000,0,0,0,0,7000,-7000,-7000
06687P,A50正2中信9A售01,0,0,0,0,0,0,0,0,0,-7000,0,0,0,0,7000,-7000,-7000
064997,T50反1國票01購04,0,0,0,0,0,0,0,0,0,-7000,0,0,0,0,7000,-7000,-7000
064938,華新科元富9C購01,0,0,0,0,0,0,0,0,0,-7000,0,0,0,0,7000,-7000,-7000
08176P,國巨元大9B售20  ,0,0,0,0,0,0,0,0,0,-7000,0,0,0,0,7000,-7000,-7000
07574P,國巨元大9A售12  ,0,0,0,0,0,0,0,0,0,-7000,0,0,0,15000,22000,-7000,-7000
07739P,緯穎永豐9A售01  ,0,0,0,0,0,0,0,0,0,-7000,0,0,0,23000,30000,-7000,-7000
056844,欣興元富98購03  ,0,0,0,0,0,0,0,0,0,-7000,0,0,0,40000,47000,-7000,-7000
055717,聯發科元大97購19,0,0,0,0,0,0,0,0,0,-7000,0,0,0,0,7000,-7000,-7000
057201,華擎元富98購01  ,0,0,0,0,0,0,0,0,0,-7000,0,0,0,0,7000,-7000,-7000
056479,玉晶光元大99購05,0,0,0,0,0,0,0,0,0,-7000,0,0,0,6000,13000,-7000,-7000
060767,世紀鋼元大9A購02,0,0,0,0,0,0,0,0,0,-7000,0,0,0,0,7000,-7000,-7000
057112,立積群益99購01  ,0,0,0,0,0,0,0,0,0,-7000,0,0,0,0,7000,-7000,-7000
055824,臺股指國票97購11,0,0,0,0,0,0,0,0,0,-7000,0,0,0,0,7000,-7000,-7000
057284,新日興元大98購03,0,0,0,0,0,0,0,0,0,-7000,0,0,0,10000,17000,-7000,-7000
054292,欣興元大96購06  ,0,0,0,0,0,0,0,0,0,-7000,0,0,0,3000,10000,-7000,-7000
055124,建準兆豐97購01  ,0,0,0,0,0,0,0,0,0,-7000,0,0,0,0,7000,-7000,-7000
058387,國巨國票9A購03  ,0,0,0,0,0,0,0,0,0,-7000,0,0,0,26000,33000,-7000,-7000
058207,南茂凱基99購01  ,0,0,0,0,0,0,0,0,0,-7000,0,0,0,181000,188000,-7000,-7000
058956,健策國票9A購02  ,0,0,0,0,0,0,0,0,0,-7000,0,0,0,0,7000,-7000,-7000
058558,鴻海日盛9A購02  ,0,0,0,0,0,0,0,0,0,-7000,0,0,0,12000,19000,-7000,-7000
058777,台光電國票9A購01,0,0,0,0,0,0,0,0,0,-7000,0,0,0,0,7000,-7000,-7000
059996,美律元富99購01  ,0,0,0,0,0,0,0,0,0,-7000,0,0,0,0,7000,-7000,-7000
059985,華新科元大99購22,0,0,0,0,0,0,0,0,0,-7000,0,0,0,0,7000,-7000,-7000
058799,晶技元大99購04  ,0,0,0,0,0,0,0,0,0,-7000,0,0,0,10000,17000,-7000,-7000
060818,上銀統一9C購01  ,0,0,0,0,0,0,0,0,0,-7000,0,0,0,0,7000,-7000,-7000
058887,元石油元大9C購04,0,0,0,0,0,0,0,0,0,-7000,0,0,0,0,7000,-7000,-7000
061408,華新科國票9A購06,0,0,0,0,0,0,0,0,0,-7000,0,0,0,12000,19000,-7000,-7000
061350,牧德元大9B購03  ,0,0,0,0,0,0,0,0,0,-7000,0,0,0,3000,10000,-7000,-7000
061786,義隆群益9B購01  ,0,0,0,0,0,0,0,0,0,-7000,0,0,0,0,7000,-7000,-7000
059742,富邦金元富99購01,0,0,0,0,0,0,0,0,0,-7000,0,0,0,38000,45000,-7000,-7000
063470,泰鼎元大9B購03  ,0,0,0,0,0,0,0,0,0,-7000,0,0,0,61000,68000,-7000,-7000
063459,華通元大9B購08  ,0,0,0,0,0,0,0,0,0,-7000,0,0,0,103000,110000,-7000,-7000
063381,和潤永豐9B購01  ,0,0,0,0,0,0,0,0,0,-7000,0,0,0,51000,58000,-7000,-7000
063081,技嘉凱基9B購02  ,0,0,0,0,0,0,0,0,0,-7000,0,0,0,23000,30000,-7000,-7000
063125,華擎元大9C購02  ,0,0,0,0,0,0,0,0,0,-7000,0,0,0,50000,57000,-7000,-7000
062188,貿聯元大9B購02  ,0,0,0,0,0,0,0,0,0,-7000,0,0,0,6000,13000,-7000,-7000
062159,聯詠凱基9B購01  ,0,0,0,0,0,0,0,0,0,-7000,0,0,0,49000,56000,-7000,-7000
062736,漢唐國票9B購01  ,0,0,0,0,0,0,0,0,0,-7000,0,0,0,0,7000,-7000,-7000
062602,華通麥證9C購01  ,0,0,0,0,7000,-7000,0,0,0,-7000,0,0,0,0,7000,-7000,-7000
062547,玉晶光永豐9B購05,0,0,0,0,0,0,0,0,0,-7000,0,0,0,1000,8000,-7000,-7000
062567,祥碩中信9C購01  ,0,0,0,0,0,0,0,0,0,-7000,0,0,0,31000,38000,-7000,-7000
062499,鴻海群益01購01  ,0,0,0,0,0,0,0,0,0,-7000,0,0,0,3000,10000,-7000,-7000
063533,緯穎凱基9B購06  ,0,0,0,0,0,0,0,0,0,-7000,0,0,0,0,7000,-7000,-7000
063579,GIS元大9C購01   ,0,0,0,0,0,0,0,0,0,-7000,0,0,0,10000,17000,-7000,-7000
064048,大立光統一9C購07,0,0,0,0,0,0,0,0,0,-7000,0,0,0,13000,20000,-7000,-7000
064466,聯電元富9C購01  ,0,0,0,0,0,0,0,0,0,-7000,0,0,0,307000,314000,-7000,-7000
064451,技嘉統一01購02  ,0,0,0,0,0,0,0,0,0,-7000,0,0,0,75000,82000,-7000,-7000
064296,奇鋐國票01購01  ,0,0,0,0,0,0,0,0,0,-7000,0,0,0,0,7000,-7000,-7000
064719,聯發科統一02購01,0,0,0,0,0,0,0,0,0,-7000,0,0,0,0,7000,-7000,-7000
064755,南亞科凱基01購02,0,0,0,0,0,0,0,0,0,-7000,0,0,0,0,7000,-7000,-7000
064541,元黃金凱基01購02,0,0,0,0,0,0,0,0,0,-7000,0,0,0,0,7000,-7000,-7000
064542,聯電凱基02購01  ,0,0,0,0,0,0,0,0,0,-7000,0,0,0,0,7000,-7000,-7000
07509P,牧德國票9A售03  ,0,0,0,0,0,0,0,0,0,-8000,0,0,0,0,8000,-8000,-8000
07104P,聯發科元富99售04,0,0,0,0,0,0,0,0,0,-8000,0,0,0,0,8000,-8000,-8000
07211P,南亞科凱基99售05,0,0,0,0,0,0,0,0,0,-8000,0,0,0,70000,78000,-8000,-8000
08104P,晶技元大9B售06  ,0,0,0,0,0,0,0,0,0,-8000,0,0,0,0,8000,-8000,-8000
065073,亞德客元大01購02,0,0,0,0,0,0,0,0,0,-8000,0,0,0,0,8000,-8000,-8000
065173,可成元大9C購10  ,0,0,0,0,0,0,0,0,0,-8000,0,0,0,2000,10000,-8000,-8000
065140,國巨凱基01購02  ,0,0,0,0,0,0,0,0,0,-8000,0,0,0,8000,16000,-8000,-8000
06616P,國巨元大98售15  ,0,0,0,0,0,0,0,0,0,-8000,0,0,0,0,8000,-8000,-8000
065219,緯穎國泰01購01  ,0,0,0,0,0,0,0,0,0,-8000,0,0,0,0,8000,-8000,-8000
07045P,上銀國票9A售01  ,0,0,0,0,0,0,0,0,0,-8000,0,0,0,0,8000,-8000,-8000
07034P,大立光元富99售03,0,0,0,0,0,0,0,0,0,-8000,0,0,0,59000,67000,-8000,-8000
2413,環科            ,21000,25000,-4000,0,0,0,0,0,0,-4000,0,4000,-4000,0,0,0,-8000
1442,名軒            ,7000,15000,-8000,0,0,0,0,0,0,0,0,0,0,0,0,0,-8000
08395P,燿華永豐9C售02  ,0,0,0,0,0,0,0,0,0,-8000,0,0,0,50000,58000,-8000,-8000
08387P,臺股指群益9C售15,0,0,0,0,0,0,0,0,0,-8000,0,0,0,94000,102000,-8000,-8000
08403P,上銀元大9C售07  ,0,0,0,0,0,0,0,0,0,-8000,0,0,0,0,8000,-8000,-8000
08329P,台達電統一9C售02,0,0,0,0,0,0,0,0,0,-8000,0,0,0,32000,40000,-8000,-8000
08233P,國泰金元富9B售01,0,0,0,0,0,0,0,0,0,-8000,0,0,0,13000,21000,-8000,-8000
5906,台南-KY         ,0,8000,-8000,0,0,0,0,0,0,0,0,0,0,0,0,0,-8000
048192,華通元大96購01  ,0,0,0,0,0,0,0,0,0,-8000,0,0,0,2000,10000,-8000,-8000
03050X,元展47          ,0,0,0,0,0,0,0,0,0,-8000,0,0,0,40000,48000,-8000,-8000
054154,智易國泰97購01  ,0,0,0,0,0,0,0,0,0,-8000,0,0,0,0,8000,-8000,-8000
057288,聯茂元大98購03  ,0,0,0,0,0,0,0,0,0,-8000,0,0,0,0,8000,-8000,-8000
057303,喬山兆豐99購01  ,0,0,0,0,0,0,0,0,0,-8000,0,0,0,43000,51000,-8000,-8000
060999,國巨兆豐9A購01  ,0,0,0,0,0,0,0,0,0,-8000,0,0,0,17000,25000,-8000,-8000
056909,嘉聯益元大99購03,0,0,0,0,0,0,0,0,0,-8000,0,0,0,366000,374000,-8000,-8000
056719,台虹永豐98購01  ,0,0,0,0,0,0,0,0,0,-8000,0,0,0,2000,10000,-8000,-8000
056811,健策統一9B購01  ,0,0,0,0,0,0,0,0,0,-8000,0,0,0,0,8000,-8000,-8000
059795,鴻海國票99購07  ,0,0,0,0,0,0,0,0,0,-8000,0,0,0,0,8000,-8000,-8000
060339,國巨統一01購01  ,0,0,0,0,0,0,0,0,0,-8000,0,0,0,2000,10000,-8000,-8000
057847,聯茂永豐98購01  ,0,0,0,0,0,0,0,0,0,-8000,0,0,0,2000,10000,-8000,-8000
060659,鴻海凱基9B購03  ,0,0,0,0,0,0,0,0,0,-8000,0,0,0,0,8000,-8000,-8000
062051,上銀統一9C購02  ,0,0,0,0,0,0,0,0,0,-8000,0,0,0,1000,9000,-8000,-8000
062005,旺宏國泰01購01  ,0,0,0,0,0,0,0,0,0,-8000,0,0,0,3000,11000,-8000,-8000
061668,信邦中信9B購01  ,0,0,0,0,0,0,0,0,0,-8000,0,0,0,125000,133000,-8000,-8000
059080,亞泥元大99購01  ,0,0,0,0,0,0,0,0,0,-8000,0,0,0,60000,68000,-8000,-8000
061344,禾伸堂元大9A購02,0,0,0,0,0,0,0,0,0,-8000,0,0,0,132000,140000,-8000,-8000
061318,智邦凱基9B購01  ,0,0,0,0,0,0,0,0,0,-8000,0,0,0,3000,11000,-8000,-8000
061439,寶成凱基9A購01  ,0,0,0,0,0,0,0,0,0,-8000,0,0,0,17000,25000,-8000,-8000
06148P,台積電元大97售17,0,0,0,0,0,0,0,0,0,-8000,0,0,0,0,8000,-8000,-8000
060909,金像電元大9B購01,0,0,0,0,0,0,0,0,0,-8000,0,0,0,18000,26000,-8000,-8000
061360,智邦兆豐9B購02  ,0,0,0,0,0,0,0,0,0,-8000,0,0,0,26000,34000,-8000,-8000
058623,國巨國票99購08  ,0,0,0,0,0,0,0,0,0,-8000,0,0,0,29000,37000,-8000,-8000
059264,台光電中信99購02,0,0,0,0,0,0,0,0,0,-8000,0,0,0,13000,21000,-8000,-8000
061569,旺宏元大9A購14  ,0,0,0,0,0,0,0,0,0,-8000,0,0,0,1000,9000,-8000,-8000
060090,台積電元大99購55,0,0,0,0,0,0,0,0,0,-8000,0,0,0,10000,18000,-8000,-8000
058421,國泰金麥證01購01,0,0,0,27000,35000,-8000,0,0,0,-8000,0,0,0,27000,35000,-8000,-8000
058361,美律凱基99購06  ,0,0,0,0,0,0,0,0,0,-8000,0,0,0,30000,38000,-8000,-8000
064224,玉晶光國票01購04,0,0,0,0,0,0,0,0,0,-8000,0,0,0,34000,42000,-8000,-8000
064403,正崴凱基01購01  ,0,0,0,0,0,0,0,0,0,-8000,0,0,0,62000,70000,-8000,-8000
063965,漢唐國票01購01  ,0,0,0,0,0,0,0,0,0,-8000,0,0,0,0,8000,-8000,-8000
063607,中租凱基9B購02  ,0,0,0,0,0,0,0,0,0,-8000,0,0,0,35000,43000,-8000,-8000
063685,鴻海永豐9B購03  ,0,0,0,0,0,0,0,0,0,-8000,0,0,0,0,8000,-8000,-8000
062608,智易凱基9B購01  ,0,0,0,0,0,0,0,0,0,-8000,0,0,0,20000,28000,-8000,-8000
062741,立積國票9B購02  ,0,0,0,0,0,0,0,0,0,-8000,0,0,0,0,8000,-8000,-8000
062751,華擎中信9C購01  ,0,0,0,0,0,0,0,0,0,-8000,0,0,0,2000,10000,-8000,-8000
062225,華擎統一01購01  ,0,0,0,0,0,0,0,0,0,-8000,0,0,0,291000,299000,-8000,-8000
063017,台光電元大9B購07,0,0,0,0,0,0,0,0,0,-8000,0,0,0,79000,87000,-8000,-8000
063473,茂林元大9B購05  ,0,0,0,0,0,0,0,0,0,-8000,0,0,0,0,8000,-8000,-8000
6115,鎰勝            ,6000,10000,-4000,0,0,0,0,5000,-5000,0,0,0,0,0,0,0,-9000
2597,潤弘            ,2000,11000,-9000,0,0,0,0,0,0,0,0,0,0,0,0,0,-9000
3229,晟鈦            ,11000,20000,-9000,0,0,0,0,0,0,0,0,0,0,0,0,0,-9000
4438,廣越            ,14000,23000,-9000,0,0,0,0,0,0,0,0,0,0,0,0,0,-9000
08196P,上銀元大9B售07  ,0,0,0,0,0,0,0,0,0,-9000,0,0,0,0,9000,-9000,-9000
07039P,南電台新99售01  ,0,0,0,0,0,0,0,0,0,-9000,0,0,0,3000,12000,-9000,-9000
06658P,台灣50富邦9C售01,0,0,0,0,0,0,0,0,0,-9000,0,0,0,9000,18000,-9000,-9000
065050,世芯凱基9C購01  ,0,0,0,0,0,0,0,0,0,-9000,0,0,0,19000,28000,-9000,-9000
065052,南六凱基02購02  ,0,0,0,0,0,0,0,0,0,-9000,0,0,0,0,9000,-9000,-9000
08054P,臺股指國票9B售19,0,0,0,0,0,0,0,0,0,-9000,0,0,0,39000,48000,-9000,-9000
07996P,亞德客凱基9B售03,0,0,0,0,0,0,0,0,0,-9000,0,0,0,14000,23000,-9000,-9000
07163P,臺股指群益99售14,0,0,0,0,0,0,0,0,0,-9000,0,0,0,0,9000,-9000,-9000
07466P,亞德客元大9A售02,0,0,0,0,0,0,0,0,0,-9000,0,0,0,75000,84000,-9000,-9000
056860,正崴群益98購01  ,0,0,0,0,0,0,0,0,0,-9000,0,0,0,60000,69000,-9000,-9000
055725,嘉聯益元大98購03,0,0,0,0,0,0,0,0,0,-9000,0,0,0,246000,255000,-9000,-9000
057826,祥碩元大98購08  ,0,0,0,0,0,0,0,0,0,-9000,0,0,0,13000,22000,-9000,-9000
057164,國巨元大98購14  ,0,0,0,0,0,0,0,0,0,-9000,0,0,0,4000,13000,-9000,-9000
056356,台積電元大99購01,0,0,0,0,0,0,0,0,0,-9000,0,0,0,317000,326000,-9000,-9000
055598,欣興元大97購03  ,0,0,0,0,0,0,0,0,0,-9000,0,0,0,0,9000,-9000,-9000
053947,義隆富邦97購01  ,0,0,0,0,0,0,0,0,0,-9000,0,0,0,0,9000,-9000,-9000
057684,聯茂日盛99購01  ,0,0,0,0,0,0,0,0,0,-9000,0,0,0,0,9000,-9000,-9000
05306P,泰碩國泰97售01  ,0,0,0,0,0,0,0,0,0,-9000,0,0,0,1000,10000,-9000,-9000
052699,友達國票97購01  ,0,0,0,0,0,0,0,0,0,-9000,0,0,0,1000,10000,-9000,-9000
00709,富邦歐洲        ,0,0,0,0,0,0,0,0,0,-9000,0,0,0,105000,114000,-9000,-9000
00690,兆豐藍籌30      ,0,0,0,0,0,0,0,0,0,-9000,0,0,0,12000,21000,-9000,-9000
047969,台達電富邦97購01,0,0,0,0,0,0,0,0,0,-9000,0,0,0,0,9000,-9000,-9000
051897,台光電國泰97購01,0,0,0,0,0,0,0,0,0,-9000,0,0,0,2000,11000,-9000,-9000
058439,玉晶光統一01購02,0,0,0,0,0,0,0,0,0,-9000,0,0,0,50000,59000,-9000,-9000
061587,美律富邦9A購02  ,0,0,0,0,0,0,0,0,0,-9000,0,0,0,1000,10000,-9000,-9000
060188,華新科元富9A購03,0,0,0,0,0,0,0,0,0,-9000,0,0,0,0,9000,-9000,-9000
059291,華新科元富9B購01,0,0,0,0,0,0,0,0,0,-9000,0,0,0,4000,13000,-9000,-9000
058574,台積電群益99購03,0,0,0,0,0,0,0,0,0,-9000,0,0,0,1000,10000,-9000,-9000
058958,台表科國票9A購03,0,0,0,0,0,0,0,0,0,-9000,0,0,0,1000,10000,-9000,-9000
06083P,華通統一98售02  ,0,0,0,0,0,0,0,0,0,-9000,0,0,0,0,9000,-9000,-9000
061136,可成統一9A購01  ,0,0,0,0,0,0,0,0,0,-9000,0,0,0,1000,10000,-9000,-9000
061137,晶技統一9B購01  ,0,0,0,0,0,0,0,0,0,-9000,0,0,0,1000,10000,-9000,-9000
061702,奇鋐國票9A購02  ,0,0,0,0,0,0,0,0,0,-9000,0,0,0,0,9000,-9000,-9000
061914,台光電中信9B購01,0,0,0,0,0,0,0,0,0,-9000,0,0,0,13000,22000,-9000,-9000
061978,旺宏元大9C購01  ,0,0,0,0,0,0,0,0,0,-9000,0,0,0,1000,10000,-9000,-9000
061877,貿聯元大9B購01  ,0,0,0,0,0,0,0,0,0,-9000,0,0,0,6000,15000,-9000,-9000
057888,貿聯群益98購02  ,0,0,0,0,0,0,0,0,0,-9000,0,0,0,0,9000,-9000,-9000
060635,義隆永豐9A購01  ,0,0,0,0,0,0,0,0,0,-9000,0,0,0,0,9000,-9000,-9000
060392,華擎群益9C購02  ,0,0,0,0,0,0,0,0,0,-9000,0,0,0,30000,39000,-9000,-9000
059836,大立光國泰9B購02,0,0,0,0,0,0,0,0,0,-9000,0,0,0,13000,22000,-9000,-9000
063242,聯發科元大9B購19,0,0,0,0,0,0,0,0,0,-9000,0,0,0,51000,60000,-9000,-9000
062254,台光電元大9B購02,0,0,0,0,0,0,0,0,0,-9000,0,0,0,12000,21000,-9000,-9000
062260,華新科元大9B購09,0,0,0,0,0,0,0,0,0,-9000,0,0,0,0,9000,-9000,-9000
062265,南茂元大9B購01  ,0,0,0,0,0,0,0,0,0,-9000,0,0,0,161000,170000,-9000,-9000
062338,鴻海麥證9B購01  ,0,0,0,0,9000,-9000,0,0,0,-9000,0,0,0,0,9000,-9000,-9000
062437,廣達元大9B購01  ,0,0,0,0,0,0,0,0,0,-9000,0,0,0,34000,43000,-9000,-9000
062411,玉晶光第一9B購01,0,0,0,0,0,0,0,0,0,-9000,0,0,0,54000,63000,-9000,-9000
062813,台積電兆豐9B購01,0,0,0,0,0,0,0,0,0,-9000,0,0,0,0,9000,-9000,-9000
062636,聯鈞國票9B購01  ,0,0,0,0,0,0,0,0,0,-9000,0,0,0,0,9000,-9000,-9000
062527,美律統一01購01  ,0,0,0,0,0,0,0,0,0,-9000,0,0,0,1000,10000,-9000,-9000
063565,旺宏元大9B購08  ,0,0,0,0,0,0,0,0,0,-9000,0,0,0,10000,19000,-9000,-9000
063721,道瓊銀元大9B購03,0,0,0,0,0,0,0,0,0,-9000,0,0,0,0,9000,-9000,-9000
064028,大毅元大01購01  ,0,0,0,0,0,0,0,0,0,-9000,0,0,0,0,9000,-9000,-9000
064083,群創中信06購01  ,0,0,0,0,0,0,0,0,0,-9000,0,0,0,17000,26000,-9000,-9000
064228,同欣電國票01購01,0,0,0,0,0,0,0,0,0,-9000,0,0,0,35000,44000,-9000,-9000
064510,GIS元大01購01   ,0,0,0,0,0,0,0,0,0,-9000,0,0,0,7000,16000,-9000,-9000
07426P,上証2X國票9B售01,0,0,0,0,0,0,0,0,0,-10000,0,0,0,350000,360000,-10000,-10000
07558P,玉晶光元大9A售10,0,0,0,0,0,0,0,0,0,-10000,0,0,0,0,10000,-10000,-10000
07084P,S&P正2元富9B售02,0,0,0,0,0,0,0,0,0,-10000,0,0,0,0,10000,-10000,-10000
07341P,台積電凱基99售18,0,0,0,0,0,0,0,0,0,-10000,0,0,0,0,10000,-10000,-10000
07314P,T50正2元大9C售03,0,0,0,0,0,0,0,0,0,-10000,0,0,0,0,10000,-10000,-10000
07388P,臺股指群益9C售07,0,0,0,0,0,0,0,0,0,-10000,0,0,0,4000,14000,-10000,-10000
07988P,台積電台新9C售03,0,0,0,0,0,0,0,0,0,-10000,0,0,0,0,10000,-10000,-10000
08025P,臺股指凱基9B售11,0,0,0,0,0,0,0,0,0,-10000,0,0,0,0,10000,-10000,-10000
08016P,臺股指凱基02售02,0,0,0,0,0,0,0,0,0,-10000,0,0,0,0,10000,-10000,-10000
08012P,台灣50凱基01售13,0,0,0,0,0,0,0,0,0,-10000,0,0,0,0,10000,-10000,-10000
08033P,台灣50兆豐9C售03,0,0,0,0,0,0,0,0,0,-10000,0,0,0,0,10000,-10000,-10000
08174P,國巨統一9B售17  ,0,0,0,0,0,0,0,0,0,-10000,0,0,0,0,10000,-10000,-10000
08152P,祥碩統一9B售02  ,0,0,0,0,0,0,0,0,0,-10000,0,0,0,115000,125000,-10000,-10000
07939P,台積電統一9B售14,0,0,0,0,0,0,0,0,0,-10000,0,0,0,0,10000,-10000,-10000
07940P,國巨群益9B售06  ,0,0,0,0,0,0,0,0,0,-10000,0,0,0,0,10000,-10000,-10000
07953P,健策元大9B售07  ,0,0,0,0,0,0,0,0,0,-10000,0,0,0,0,10000,-10000,-10000
07903P,台積電群益9B售03,0,0,0,0,0,0,0,0,0,-10000,0,0,0,0,10000,-10000,-10000
07904P,聯發科群益9B售05,0,0,0,0,0,0,0,0,0,-10000,0,0,0,0,10000,-10000,-10000
07886P,國巨國票9B售06  ,0,0,0,0,0,0,0,0,0,-10000,0,0,0,0,10000,-10000,-10000
06505P,康控國票99售02  ,0,0,0,0,0,0,0,0,0,-10000,0,0,0,10000,20000,-10000,-10000
065042,國產凱基02購01  ,0,0,0,0,0,0,0,0,0,-10000,0,0,0,60000,70000,-10000,-10000
06500P,臺股指元大9A售05,0,0,0,0,0,0,0,0,0,-10000,0,0,0,0,10000,-10000,-10000
065120,臺股指富邦9C購03,0,0,0,0,0,0,0,0,0,-10000,0,0,0,0,10000,-10000,-10000
065171,燿華元大9C購04  ,0,0,0,0,0,0,0,0,0,-10000,0,0,0,51000,61000,-10000,-10000
065203,FBVIX國票9C購01 ,0,0,0,0,0,0,0,0,0,-10000,0,0,0,0,10000,-10000,-10000
064930,南六統一02購02  ,0,0,0,0,0,0,0,0,0,-10000,0,0,0,0,10000,-10000,-10000
064965,臺指反元大03購02,0,0,0,0,0,0,0,0,0,-10000,0,0,0,0,10000,-10000,-10000
064980,牧德元大01購01  ,0,0,0,0,0,0,0,0,0,-10000,0,0,0,0,10000,-10000,-10000
064805,金像電元大9C購04,0,0,0,0,0,0,0,0,0,-10000,0,0,0,0,10000,-10000,-10000
06761P,台積電元大99售05,0,0,0,0,0,0,0,0,0,-10000,0,0,0,0,10000,-10000,-10000
06764P,聯發科元大98售11,0,0,0,0,0,0,0,0,0,-10000,0,0,0,0,10000,-10000,-10000
06732P,台灣50日盛9A售01,0,0,0,0,0,0,0,0,0,-10000,0,0,0,0,10000,-10000,-10000
06528P,台積電富邦99售03,0,0,0,0,0,0,0,0,0,-10000,0,0,0,2717000,2727000,-10000,-10000
065217,世芯國泰02購01  ,0,0,0,0,0,0,0,0,0,-10000,0,0,0,26000,36000,-10000,-10000
06579P,臺股指麥證98售03,0,0,0,0,10000,-10000,0,0,0,-10000,0,0,0,0,10000,-10000,-10000
06645P,上銀元大98售05  ,0,0,0,0,0,0,0,0,0,-10000,0,0,0,0,10000,-10000,-10000
07068P,欣興台新99售01  ,0,0,0,0,0,0,0,0,0,-10000,0,0,0,0,10000,-10000,-10000
07009P,臺股指中信9B售01,0,0,0,0,0,0,0,0,0,-10000,0,0,0,30000,40000,-10000,-10000
06921P,台光電凱基98售06,0,0,0,0,0,0,0,0,0,-10000,0,0,0,0,10000,-10000,-10000
06863P,欣興凱基98售05  ,0,0,0,0,0,0,0,0,0,-10000,0,0,0,0,10000,-10000,-10000
06794P,臺股指凱基98售04,0,0,0,0,0,0,0,0,0,-10000,0,0,0,0,10000,-10000,-10000
06828P,臺股指國票98售04,0,0,0,0,0,0,0,0,0,-10000,0,0,0,10000,20000,-10000,-10000
06861P,台積電國票99售08,0,0,0,0,0,0,0,0,0,-10000,0,0,0,10000,20000,-10000,-10000
08224P,臺股指凱基9B售19,0,0,0,0,0,0,0,0,0,-10000,0,0,0,0,10000,-10000,-10000
08273P,國巨元富9C售02  ,0,0,0,0,0,0,0,0,0,-10000,0,0,0,0,10000,-10000,-10000
08295P,長榮航元大9C售01,0,0,0,0,0,0,0,0,0,-10000,0,0,0,0,10000,-10000,-10000
08463P,台灣50國泰02售02,0,0,0,0,0,0,0,0,0,-10000,0,0,0,0,10000,-10000,-10000
08460P,台灣50國票9C售05,0,0,0,0,0,0,0,0,0,-10000,0,0,0,0,10000,-10000,-10000
1340,勝悅-KY         ,26000,36000,-10000,0,0,0,0,0,0,0,0,0,0,0,0,0,-10000
08541P,景碩國票01售02  ,0,0,0,0,0,0,0,0,0,-10000,0,0,0,0,10000,-10000,-10000
1452,宏益            ,4000,14000,-10000,0,0,0,0,0,0,0,0,0,0,0,0,0,-10000
2748,雲品            ,2000,12000,-10000,0,0,0,0,0,0,0,0,0,0,0,0,0,-10000
8466,美吉吉-KY       ,0,10000,-10000,0,0,0,0,0,0,0,0,0,0,0,0,0,-10000
055119,力成凱基98購01  ,0,0,0,0,0,0,0,0,0,-10000,0,0,0,20000,30000,-10000,-10000
04881P,高股息凱基96售01,0,0,0,0,0,0,0,0,0,-10000,0,0,0,0,10000,-10000,-10000
048892,台郡元富97購01  ,0,0,0,0,0,0,0,0,0,-10000,0,0,0,0,10000,-10000,-10000
051047,深中小群益99購01,0,0,0,0,0,0,0,0,0,-10000,0,0,0,0,10000,-10000,-10000
055568,緯穎凱基97購02  ,0,0,0,0,0,0,0,0,0,-10000,0,0,0,0,10000,-10000,-10000
055533,大立光群益97購03,0,0,0,0,0,0,0,0,0,-10000,0,0,0,0,10000,-10000,-10000
055499,大立光元大98購05,0,0,0,0,0,0,0,0,0,-10000,0,0,0,0,10000,-10000,-10000
055502,群創元大9C購03  ,0,0,0,0,0,0,0,0,0,-10000,0,0,0,0,10000,-10000,-10000
055476,台郡凱基97購02  ,0,0,0,0,0,0,0,0,0,-10000,0,0,0,0,10000,-10000,-10000
055460,華擎永豐97購01  ,0,0,0,0,0,0,0,0,0,-10000,0,0,0,0,10000,-10000,-10000
055473,禾伸堂凱基97購01,0,0,0,0,0,0,0,0,0,-10000,0,0,0,0,10000,-10000,-10000
055346,國巨凱基98購02  ,0,0,0,0,0,0,0,0,0,-10000,0,0,0,0,10000,-10000,-10000
055381,茂林元大97購02  ,0,0,0,0,0,0,0,0,0,-10000,0,0,0,0,10000,-10000,-10000
055311,健策群益98購02  ,0,0,0,0,0,0,0,0,0,-10000,0,0,0,0,10000,-10000,-10000
053221,彩晶凱基98購01  ,0,0,0,0,0,0,0,0,0,-10000,0,0,0,0,10000,-10000,-10000
006203,元大MSCI台灣    ,0,1000,-1000,0,0,0,0,0,0,-9000,0,0,0,1000,10000,-9000,-10000
02001R,富邦蘋果反一N   ,0,0,0,0,0,0,0,0,0,-10000,0,0,0,0,10000,-10000,-10000
03029X,元展26          ,0,0,0,0,0,0,0,0,0,-10000,0,0,0,0,10000,-10000,-10000
052668,聯發科群益97購01,0,0,0,0,0,0,0,0,0,-10000,0,0,0,0,10000,-10000,-10000
052987,華新科元大99購01,0,0,0,0,0,0,0,0,0,-10000,0,0,0,0,10000,-10000,-10000
052785,滬深2X中信99購03,0,0,0,0,0,0,0,0,0,-10000,0,0,0,0,10000,-10000,-10000
056609,楠梓電永豐98購02,0,0,0,0,0,0,0,0,0,-10000,0,0,0,0,10000,-10000,-10000
056665,上証2X國票99購02,0,0,0,0,0,0,0,0,0,-10000,0,0,0,0,10000,-10000,-10000
057709,電子類群益98購01,0,0,0,0,0,0,0,0,0,-10000,0,0,0,0,10000,-10000,-10000
057763,康控凱基99購02  ,0,0,0,0,0,0,0,0,0,-10000,0,0,0,0,10000,-10000,-10000
056549,嘉聯益凱基98購04,0,0,0,0,0,0,0,0,0,-10000,0,0,0,0,10000,-10000,-10000
056568,台表科群益98購01,0,0,0,0,0,0,0,0,0,-10000,0,0,0,0,10000,-10000,-10000
053396,漢唐中信9A購01  ,0,0,0,0,0,0,0,0,0,-10000,0,0,0,0,10000,-10000,-10000
053503,臻鼎兆豐97購01  ,0,0,0,0,0,0,0,0,0,-10000,0,0,0,0,10000,-10000,-10000
053833,彩晶台新97購02  ,0,0,0,0,0,0,0,0,0,-10000,0,0,0,0,10000,-10000,-10000
054289,聯發科元大97購11,0,0,0,0,0,0,0,0,0,-10000,0,0,0,0,10000,-10000,-10000
054272,華通中信98購01  ,0,0,0,0,0,0,0,0,0,-10000,0,0,0,40000,50000,-10000,-10000
054756,世紀鋼凱基99購01,0,0,0,0,0,0,0,0,0,-10000,0,0,0,30000,40000,-10000,-10000
054628,可成凱基98購01  ,0,0,0,0,0,0,0,0,0,-10000,0,0,0,0,10000,-10000,-10000
054563,泰碩群益99購01  ,0,0,0,0,0,0,0,0,0,-10000,0,0,0,0,10000,-10000,-10000
054844,華邦電兆豐98購01,0,0,0,0,0,0,0,0,0,-10000,0,0,0,0,10000,-10000,-10000
054826,復盛元大9A購01  ,0,0,0,0,0,0,0,0,0,-10000,0,0,0,0,10000,-10000,-10000
054866,宏盛群益98購01  ,0,0,0,0,0,0,0,0,0,-10000,0,0,0,0,10000,-10000,-10000
054895,南電統一97購01  ,0,0,0,0,0,0,0,0,0,-10000,0,0,0,1000,11000,-10000,-10000
054955,宏達電元大98購01,0,0,0,0,0,0,0,0,0,-10000,0,0,0,0,10000,-10000,-10000
054996,聯陽元富97購01  ,0,0,0,0,0,0,0,0,0,-10000,0,0,0,0,10000,-10000,-10000
056345,嘉聯益凱基99購01,0,0,0,0,0,0,0,0,0,-10000,0,0,0,30000,40000,-10000,-10000
056361,美律元大99購02  ,0,0,0,0,0,0,0,0,0,-10000,0,0,0,0,10000,-10000,-10000
056434,國巨凱基98購03  ,0,0,0,0,0,0,0,0,0,-10000,0,0,0,185000,195000,-10000,-10000
056326,TPK兆豐98購01   ,0,0,0,0,0,0,0,0,0,-10000,0,0,0,10000,20000,-10000,-10000
057230,建準凱基98購02  ,0,0,0,0,0,0,0,0,0,-10000,0,0,0,0,10000,-10000,-10000
057243,樺漢凱基99購01  ,0,0,0,0,0,0,0,0,0,-10000,0,0,0,0,10000,-10000,-10000
056477,欣興元大98購02  ,0,0,0,0,0,0,0,0,0,-10000,0,0,0,0,10000,-10000,-10000
055635,緯穎永豐97購01  ,0,0,0,0,0,0,0,0,0,-10000,0,0,0,0,10000,-10000,-10000
055607,華通康和97購01  ,0,0,0,0,0,0,0,0,0,-10000,0,0,0,10000,20000,-10000,-10000
055729,金寶元富99購01  ,0,0,0,0,0,0,0,0,0,-10000,0,0,0,0,10000,-10000,-10000
055735,宏達電元富98購01,0,0,0,0,0,0,0,0,0,-10000,0,0,0,0,10000,-10000,-10000
055668,欣興群益97購01  ,0,0,0,0,0,0,0,0,0,-10000,0,0,0,10000,20000,-10000,-10000
056705,超眾國泰99購01  ,0,0,0,0,0,0,0,0,0,-10000,0,0,0,0,10000,-10000,-10000
056715,瀚宇博永豐98購01,0,0,0,0,0,0,0,0,0,-10000,0,0,0,0,10000,-10000,-10000
056718,GIS永豐98購01   ,0,0,0,0,0,0,0,0,0,-10000,0,0,0,0,10000,-10000,-10000
056777,矽力元大98購02  ,0,0,0,0,0,0,0,0,0,-10000,0,0,0,0,10000,-10000,-10000
056875,亞光凱基98購03  ,0,0,0,0,0,0,0,0,0,-10000,0,0,0,0,10000,-10000,-10000
055960,義隆元大97購01  ,0,0,0,0,0,0,0,0,0,-10000,0,0,0,0,10000,-10000,-10000
056829,台積電富邦9A購01,0,0,0,0,0,0,0,0,0,-10000,0,0,0,0,10000,-10000,-10000
056847,佐登元富98購01  ,0,0,0,0,0,0,0,0,0,-10000,0,0,0,0,10000,-10000,-10000
056080,世紀鋼元大97購03,0,0,0,0,0,0,0,0,0,-10000,0,0,0,10000,20000,-10000,-10000
061007,聯詠兆豐9A購01  ,0,0,0,0,0,0,0,0,0,-10000,0,0,0,0,10000,-10000,-10000
061028,聚陽永豐9A購01  ,0,0,0,0,0,0,0,0,0,-10000,0,0,0,51000,61000,-10000,-10000
060979,國巨元大9A購14  ,0,0,0,0,0,0,0,0,0,-10000,0,0,0,3000,13000,-10000,-10000
061110,超眾元大9A購03  ,0,0,0,0,0,0,0,0,0,-10000,0,0,0,1000,11000,-10000,-10000
057111,立積群益98購02  ,0,0,0,0,0,0,0,0,0,-10000,0,0,0,0,10000,-10000,-10000
058658,瑞儀中信99購01  ,0,0,0,0,0,0,0,0,0,-10000,0,0,0,23000,33000,-10000,-10000
059848,智邦永豐99購01  ,0,0,0,0,0,0,0,0,0,-10000,0,0,0,0,10000,-10000,-10000
059900,上証反元大99購03,0,0,0,0,0,0,0,0,0,-10000,0,0,0,0,10000,-10000,-10000
059907,道瓊指元大99購03,0,0,0,0,0,0,0,0,0,-10000,0,0,0,0,10000,-10000,-10000
059860,台積電群益9A購02,0,0,0,0,0,0,0,0,0,-10000,0,0,0,88000,98000,-10000,-10000
057277,可成元大98購05  ,0,0,0,0,0,0,0,0,0,-10000,0,0,0,0,10000,-10000,-10000
057481,技嘉元大98購04  ,0,0,0,0,0,0,0,0,0,-10000,0,0,0,23000,33000,-10000,-10000
057451,大立光元富9B購01,0,0,0,0,0,0,0,0,0,-10000,0,0,0,11000,21000,-10000,-10000
057504,技嘉麥證98購01  ,0,0,0,25000,35000,-10000,0,0,0,-10000,0,0,0,25000,35000,-10000,-10000
057427,華通兆豐99購01  ,0,0,0,0,0,0,0,0,0,-10000,0,0,0,160000,170000,-10000,-10000
057418,台光電凱基98購04,0,0,0,0,0,0,0,0,0,-10000,0,0,0,0,10000,-10000,-10000
057402,嘉晶群益98購02  ,0,0,0,0,0,0,0,0,0,-10000,0,0,0,0,10000,-10000,-10000
055909,大成鋼凱基98購02,0,0,0,0,0,0,0,0,0,-10000,0,0,0,0,10000,-10000,-10000
055896,南電統一97購02  ,0,0,0,0,0,0,0,0,0,-10000,0,0,0,13000,23000,-10000,-10000
057073,康控永豐98購01  ,0,0,0,0,0,0,0,0,0,-10000,0,0,0,0,10000,-10000,-10000
057580,玉山金中信9A購01,0,0,0,0,0,0,0,0,0,-10000,0,0,0,0,10000,-10000,-10000
057571,泰碩永豐98購01  ,0,0,0,0,0,0,0,0,0,-10000,0,0,0,0,10000,-10000,-10000
057598,鴻海群益98購07  ,0,0,0,0,0,0,0,0,0,-10000,0,0,0,10000,20000,-10000,-10000
055788,緯穎凱基97購04  ,0,0,0,0,0,0,0,0,0,-10000,0,0,0,0,10000,-10000,-10000
060245,聯陽元大9C購01  ,0,0,0,0,0,0,0,0,0,-10000,0,0,0,0,10000,-10000,-10000
060352,滬深2X元富9A購02,0,0,0,0,0,0,0,0,0,-10000,0,0,0,0,10000,-10000,-10000
057843,晶技永豐98購02  ,0,0,0,0,0,0,0,0,0,-10000,0,0,0,40000,50000,-10000,-10000
057855,晶技國票99購01  ,0,0,0,0,0,0,0,0,0,-10000,0,0,0,0,10000,-10000,-10000
059788,華新科元大9A購05,0,0,0,0,0,0,0,0,0,-10000,0,0,0,0,10000,-10000,-10000
059694,創意永豐99購03  ,0,0,0,0,0,0,0,0,0,-10000,0,0,0,0,10000,-10000,-10000
059450,和大永豐99購01  ,0,0,0,0,0,0,0,0,0,-10000,0,0,0,10000,20000,-10000,-10000
059611,台積電永豐99購05,0,0,0,0,0,0,0,0,0,-10000,0,0,0,10000,20000,-10000,-10000
059630,美律凱基99購07  ,0,0,0,0,0,0,0,0,0,-10000,0,0,0,0,10000,-10000,-10000
060598,鴻海凱基9A購20  ,0,0,0,0,0,0,0,0,0,-10000,0,0,0,0,10000,-10000,-10000
060572,景碩永豐9A購01  ,0,0,0,0,0,0,0,0,0,-10000,0,0,0,12000,22000,-10000,-10000
060406,瑞祺國泰9B購01  ,0,0,0,0,0,0,0,0,0,-10000,0,0,0,128000,138000,-10000,-10000
060487,盛群富邦9B購01  ,0,0,0,0,0,0,0,0,0,-10000,0,0,0,0,10000,-10000,-10000
057927,勤誠凱基98購01  ,0,0,0,0,0,0,0,0,0,-10000,0,0,0,0,10000,-10000,-10000
057998,玉晶光麥證9A購01,0,0,0,16000,10000,6000,0,0,0,-10000,0,0,0,16000,26000,-10000,-10000
057972,群創富邦9C購01  ,0,0,0,0,0,0,0,0,0,-10000,0,0,0,22000,32000,-10000,-10000
06067P,華新科康和97售01,0,0,0,0,0,0,0,0,0,-10000,0,0,0,260000,270000,-10000,-10000
057873,義隆元大98購03  ,0,0,0,0,0,0,0,0,0,-10000,0,0,0,0,10000,-10000,-10000
06177P,玉晶光元大98售07,0,0,0,0,0,0,0,0,0,-10000,0,0,0,0,10000,-10000,-10000
061767,信邦元大9B購01  ,0,0,0,0,0,0,0,0,0,-10000,0,0,0,0,10000,-10000,-10000
061986,晶豪科元大9B購01,0,0,0,0,0,0,0,0,0,-10000,0,0,0,0,10000,-10000,-10000
061995,超眾元大01購01  ,0,0,0,0,0,0,0,0,0,-10000,0,0,0,0,10000,-10000,-10000
061933,光寶科國票9B購01,0,0,0,0,0,0,0,0,0,-10000,0,0,0,18000,28000,-10000,-10000
062046,矽格凱基9B購01  ,0,0,0,0,0,0,0,0,0,-10000,0,0,0,0,10000,-10000,-10000
058172,國巨凱基9B購02  ,0,0,0,0,0,0,0,0,0,-10000,0,0,0,0,10000,-10000,-10000
058037,台灣50元大9B購02,0,0,0,0,0,0,0,0,0,-10000,0,0,0,0,10000,-10000,-10000
061191,可成永豐9A購02  ,0,0,0,0,0,0,0,0,0,-10000,0,0,0,0,10000,-10000,-10000
061189,可成富邦9B購02  ,0,0,0,0,0,0,0,0,0,-10000,0,0,0,0,10000,-10000,-10000
061198,世紀鋼永豐9A購03,0,0,0,0,0,0,0,0,0,-10000,0,0,0,10000,20000,-10000,-10000
061302,晶技永豐9A購04  ,0,0,0,0,0,0,0,0,0,-10000,0,0,0,0,10000,-10000,-10000
061287,大立光統一9B購06,0,0,0,0,0,0,0,0,0,-10000,0,0,0,0,10000,-10000,-10000
061288,大立光統一9C購01,0,0,0,0,0,0,0,0,0,-10000,0,0,0,0,10000,-10000,-10000
061278,和大統一9A購01  ,0,0,0,0,0,0,0,0,0,-10000,0,0,0,0,10000,-10000,-10000
061482,健策元大9C購01  ,0,0,0,0,0,0,0,0,0,-10000,0,0,0,0,10000,-10000,-10000
061336,國巨元大9A購20  ,0,0,0,0,0,0,0,0,0,-10000,0,0,0,9000,19000,-10000,-10000
058828,大毅永豐99購01  ,0,0,0,0,0,0,0,0,0,-10000,0,0,0,0,10000,-10000,-10000
058784,臺股指國票99購03,0,0,0,0,0,0,0,0,0,-10000,0,0,0,0,10000,-10000,-10000
058785,臺股指國票99購04,0,0,0,0,0,0,0,0,0,-10000,0,0,0,0,10000,-10000,-10000
058989,茂林凱基99購02  ,0,0,0,0,0,0,0,0,0,-10000,0,0,0,15000,25000,-10000,-10000
058941,華新科中信99購03,0,0,0,0,0,0,0,0,0,-10000,0,0,0,0,10000,-10000,-10000
058642,旺宏麥證9A購01  ,0,0,0,0,10000,-10000,0,0,0,-10000,0,0,0,0,10000,-10000,-10000
058577,南亞科群益99購02,0,0,0,0,0,0,0,0,0,-10000,0,0,0,0,10000,-10000,-10000
058568,宏達電凱基9A購02,0,0,0,0,0,0,0,0,0,-10000,0,0,0,5000,15000,-10000,-10000
058618,南電元大99購02  ,0,0,0,0,0,0,0,0,0,-10000,0,0,0,5000,15000,-10000,-10000
058605,華邦電元大99購04,0,0,0,0,0,0,0,0,0,-10000,0,0,0,10000,20000,-10000,-10000
058608,華新科元大99購13,0,0,0,0,0,0,0,0,0,-10000,0,0,0,0,10000,-10000,-10000
058525,台虹元大99購02  ,0,0,0,0,0,0,0,0,0,-10000,0,0,0,0,10000,-10000,-10000
059267,群創中信01購02  ,0,0,0,0,0,0,0,0,0,-10000,0,0,0,0,10000,-10000,-10000
059318,旺宏元大99購13  ,0,0,0,0,0,0,0,0,0,-10000,0,0,0,0,10000,-10000,-10000
059312,元石油元大99購05,0,0,0,0,0,0,0,0,0,-10000,0,0,0,0,10000,-10000,-10000
059247,可成凱基99購05  ,0,0,0,0,0,0,0,0,0,-10000,0,0,0,5000,15000,-10000,-10000
061576,華新科元大9A購21,0,0,0,0,0,0,0,0,0,-10000,0,0,0,0,10000,-10000,-10000
060115,南電元大99購06  ,0,0,0,0,0,0,0,0,0,-10000,0,0,0,0,10000,-10000,-10000
058910,泰鼎元大99購03  ,0,0,0,0,0,0,0,0,0,-10000,0,0,0,0,10000,-10000,-10000
058486,大立光國票9A購01,0,0,0,0,0,0,0,0,0,-10000,0,0,0,0,10000,-10000,-10000
058403,玉晶光元大99購12,0,0,0,0,0,0,0,0,0,-10000,0,0,0,9000,19000,-10000,-10000
058389,聯茂國票9A購01  ,0,0,0,0,0,0,0,0,0,-10000,0,0,0,1000,11000,-10000,-10000
058372,欣興凱基99購03  ,0,0,0,0,0,0,0,0,0,-10000,0,0,0,0,10000,-10000,-10000
058278,FBVIX中信03購02 ,0,0,0,0,0,0,0,0,0,-10000,0,0,0,0,10000,-10000,-10000
058261,大立光富邦03購01,0,0,0,0,0,0,0,0,0,-10000,0,0,0,0,10000,-10000,-10000
064545,智邦凱基9C購02  ,0,0,0,0,0,0,0,0,0,-10000,0,0,0,1000,11000,-10000,-10000
064548,漢翔凱基9C購01  ,0,0,0,0,0,0,0,0,0,-10000,0,0,0,0,10000,-10000,-10000
064529,友達中信01購03  ,0,0,0,0,0,0,0,0,0,-10000,0,0,0,0,10000,-10000,-10000
064597,鴻海元富9C購03  ,0,0,0,0,0,0,0,0,0,-10000,0,0,0,0,10000,-10000,-10000
064588,玉晶光永豐9C購05,0,0,0,0,0,0,0,0,0,-10000,0,0,0,0,10000,-10000,-10000
064753,英業達凱基9C購01,0,0,0,0,0,0,0,0,0,-10000,0,0,0,0,10000,-10000,-10000
06478P,臺股指日盛9A售01,0,0,0,0,0,0,0,0,0,-10000,0,0,0,1000,11000,-10000,-10000
064668,大立光元大9C購21,0,0,0,0,0,0,0,0,0,-10000,0,0,0,7000,17000,-10000,-10000
064677,金像電兆豐9C購01,0,0,0,0,0,0,0,0,0,-10000,0,0,0,2000,12000,-10000,-10000
064678,嘉晶兆豐01購01  ,0,0,0,0,0,0,0,0,0,-10000,0,0,0,0,10000,-10000,-10000
064213,大立光凱基03購01,0,0,0,0,0,0,0,0,0,-10000,0,0,0,50000,60000,-10000,-10000
064309,聯發科群益9C購07,0,45000,-45000,0,0,0,0,0,0,35000,0,0,0,45000,10000,35000,-10000
064322,T50反1元大9C購06,0,0,0,0,0,0,0,0,0,-10000,0,0,0,180000,190000,-10000,-10000
06432P,上銀群益98售01  ,0,0,0,0,0,0,0,0,0,-10000,0,0,0,40000,50000,-10000,-10000
064379,TPK元富9C購01   ,0,0,0,0,0,0,0,0,0,-10000,0,0,0,0,10000,-10000,-10000
064429,鴻海凱基03購03  ,0,0,0,0,0,0,0,0,0,-10000,0,0,0,0,10000,-10000,-10000
063981,貿聯兆豐9C購01  ,0,0,0,0,0,0,0,0,0,-10000,0,0,0,0,10000,-10000,-10000
063704,麗豐群益9B購01  ,0,0,0,0,0,0,0,0,0,-10000,0,0,0,143000,153000,-10000,-10000
063696,T50反1群益9B購03,0,0,0,0,0,0,0,0,0,-10000,0,0,0,0,10000,-10000,-10000
063743,道瓊反國票9C購02,0,0,0,0,0,0,0,0,0,-10000,0,0,0,0,10000,-10000,-10000
063687,金像電永豐9B購04,0,0,0,0,0,0,0,0,0,-10000,0,0,0,0,10000,-10000,-10000
063678,友達國泰9C購01  ,0,0,0,0,0,0,0,0,0,-10000,0,0,0,10000,20000,-10000,-10000
063630,智邦元大9B購09  ,0,0,0,0,0,0,0,0,0,-10000,0,0,0,2000,12000,-10000,-10000
063617,鴻海兆豐01購01  ,0,0,0,0,0,0,0,0,0,-10000,0,0,0,0,10000,-10000,-10000
063619,聯發科兆豐01購01,0,0,0,0,0,0,0,0,0,-10000,0,0,0,0,10000,-10000,-10000
062509,SP黃豆國票9B購03,0,0,0,0,0,0,0,0,0,-10000,0,0,0,0,10000,-10000,-10000
062560,奇鋐凱基9B購02  ,0,0,0,0,0,0,0,0,0,-10000,0,0,0,34000,44000,-10000,-10000
062545,嘉晶永豐9B購01  ,0,0,0,0,0,0,0,0,0,-10000,0,0,0,0,10000,-10000,-10000
062640,訊連國票9C購01  ,0,0,0,0,0,0,0,0,0,-10000,0,0,0,0,10000,-10000,-10000
062628,廣達國票9B購01  ,0,0,0,0,0,0,0,0,0,-10000,0,0,0,0,10000,-10000,-10000
062605,上銀凱基9B購03  ,0,0,0,0,0,0,0,0,0,-10000,0,0,0,0,10000,-10000,-10000
062812,國巨兆豐9B購03  ,0,0,0,0,0,0,0,0,0,-10000,0,0,0,0,10000,-10000,-10000
062755,茂林麥證9B購01  ,0,0,0,8000,18000,-10000,0,0,0,-10000,0,0,0,8000,18000,-10000,-10000
062729,神達凱基9B購02  ,0,0,0,0,0,0,0,0,0,-10000,0,0,0,10000,20000,-10000,-10000
06267P,大立光凱基97售12,0,0,0,0,0,0,0,0,0,-10000,0,0,0,0,10000,-10000,-10000
062412,道瓊指中信9C購05,0,0,0,0,0,0,0,0,0,-10000,0,0,0,0,10000,-10000,-10000
062336,茂林統一01購02  ,0,0,0,0,0,0,0,0,0,-10000,0,0,0,0,10000,-10000,-10000
062317,祥碩凱基9B購03  ,0,0,0,0,0,0,0,0,0,-10000,0,0,0,0,10000,-10000,-10000
062359,旺宏元大9C購02  ,0,0,0,0,0,0,0,0,0,-10000,0,0,0,0,10000,-10000,-10000
062160,南六凱基9B購01  ,0,0,0,0,0,0,0,0,0,-10000,0,0,0,0,10000,-10000,-10000
062191,台郡元大9B購05  ,0,0,0,0,0,0,0,0,0,-10000,0,0,0,54000,64000,-10000,-10000
062182,華新科元大9B購07,0,0,0,0,0,0,0,0,0,-10000,0,0,0,0,10000,-10000,-10000
063256,鴻海國泰01購02  ,0,0,0,0,0,0,0,0,0,-10000,0,0,0,4000,14000,-10000,-10000
063260,信邦富邦9B購01  ,0,0,0,0,0,0,0,0,0,-10000,0,0,0,0,10000,-10000,-10000
063518,儒鴻凱基9B購02  ,0,0,0,0,0,0,0,0,0,-10000,0,0,0,18000,28000,-10000,-10000
063421,可成凱基9C購02  ,0,0,0,0,0,0,0,0,0,-10000,0,0,0,12000,22000,-10000,-10000
06285P,台積電國票98售04,0,0,0,0,0,0,0,0,0,-10000,0,0,0,0,10000,-10000,-10000
063202,南亞科統一9C購02,0,0,0,0,0,0,0,0,0,-10000,0,0,0,0,10000,-10000,-10000
063071,華新科富邦02購01,0,0,0,0,0,0,0,0,0,-10000,0,0,0,0,10000,-10000,-10000
9908,大台北          ,13000,9000,4000,0,0,0,0,0,0,-15000,0,15000,-15000,0,0,0,-11000
2496,卓越            ,5000,16000,-11000,0,0,0,0,0,0,0,0,0,0,0,0,0,-11000
3040,遠見            ,189000,200000,-11000,0,0,0,0,0,0,0,0,0,0,0,0,0,-11000
1453,大將            ,4000,17000,-13000,0,0,0,0,0,0,2000,2000,0,2000,0,0,0,-11000
1456,怡華            ,0,11000,-11000,0,0,0,0,0,0,0,0,0,0,0,0,0,-11000
08461P,長榮航國票9C售01,0,0,0,0,0,0,0,0,0,-11000,0,0,0,35000,46000,-11000,-11000
08498P,大立光國票01售02,0,0,0,0,0,0,0,0,0,-11000,0,0,0,0,11000,-11000,-11000
07013P,玉晶光群益9A售06,0,0,0,0,0,0,0,0,0,-11000,0,0,0,0,11000,-11000,-11000
064869,景碩永豐9C購01  ,0,0,0,0,0,0,0,0,0,-11000,0,0,0,0,11000,-11000,-11000
065187,聯發科統一02購02,0,0,0,0,0,0,0,0,0,-11000,0,0,0,0,11000,-11000,-11000
065179,同欣電元大02購01,0,0,0,0,0,0,0,0,0,-11000,0,0,0,0,11000,-11000,-11000
064989,鈺齊元大01購01  ,0,0,0,0,0,0,0,0,0,-11000,0,0,0,24000,35000,-11000,-11000
07878P,智邦群益9C售01  ,0,0,0,0,0,0,0,0,0,-11000,0,0,0,15000,26000,-11000,-11000
08108P,聯發科元富9B售03,0,0,0,0,0,0,0,0,0,-11000,0,0,0,12000,23000,-11000,-11000
07373P,A50正2元大99售01,0,0,0,0,0,0,0,0,0,-11000,0,0,0,0,11000,-11000,-11000
057538,緯穎元大98購07  ,0,0,0,0,0,0,0,0,0,-11000,0,0,0,0,11000,-11000,-11000
057501,超眾群益98購04  ,0,0,0,0,0,0,0,0,0,-11000,0,0,0,0,11000,-11000,-11000
057353,玉晶光統一99購01,0,0,0,0,0,0,0,0,0,-11000,0,0,0,8000,19000,-11000,-11000
058697,亞德客元大99購01,0,0,0,0,0,0,0,0,0,-11000,0,0,0,0,11000,-11000,-11000
058650,台虹永豐9A購01  ,0,0,0,0,0,0,0,0,0,-11000,0,0,0,4000,15000,-11000,-11000
060791,聯茂富邦9A購02  ,0,0,0,0,0,0,0,0,0,-11000,0,0,0,0,11000,-11000,-11000
056160,智易凱基97購03  ,0,0,0,0,0,0,0,0,0,-11000,0,0,0,0,11000,-11000,-11000
056242,緯創群益9A購01  ,0,0,0,0,0,0,0,0,0,-11000,0,0,0,1000,12000,-11000,-11000
054977,SP黃豆元富9B購01,0,0,0,0,0,0,0,0,0,-11000,0,0,0,10000,21000,-11000,-11000
054924,景碩凱基98購01  ,0,0,0,0,0,0,0,0,0,-11000,0,0,0,0,11000,-11000,-11000
054363,世芯凱基97購01  ,0,0,0,0,0,0,0,0,0,-11000,0,0,0,7000,18000,-11000,-11000
057773,技嘉群益9A購02  ,0,0,0,0,0,0,0,0,0,-11000,0,0,0,90000,101000,-11000,-11000
057674,台郡元大99購03  ,0,0,0,0,0,0,0,0,0,-11000,0,0,0,187000,198000,-11000,-11000
057641,旺宏元大98購10  ,0,0,0,0,0,0,0,0,0,-11000,0,0,0,2000,13000,-11000,-11000
055259,玉晶光統一9A購01,0,0,0,0,0,0,0,0,0,-11000,0,0,0,0,11000,-11000,-11000
055207,致新中信99購01  ,0,0,0,0,0,0,0,0,0,-11000,0,0,0,1000,12000,-11000,-11000
055183,聯鈞統一97購01  ,0,0,0,0,0,0,0,0,0,-11000,0,0,0,0,11000,-11000,-11000
055433,嘉聯益群益99購01,0,0,0,0,0,0,0,0,0,-11000,0,0,0,101000,112000,-11000,-11000
058314,欣興富邦9B購01  ,0,0,0,0,0,0,0,0,0,-11000,0,0,0,0,11000,-11000,-11000
060088,國巨元大99購30  ,0,0,0,0,0,0,0,0,0,-11000,0,0,0,0,11000,-11000,-11000
059375,道瓊反群益9C購02,0,0,0,0,0,0,0,0,0,-11000,0,0,0,0,11000,-11000,-11000
058521,日月光元大99購01,0,0,0,0,0,0,0,0,0,-11000,0,0,0,4000,15000,-11000,-11000
061898,茂林永豐9B購01  ,0,0,0,0,0,0,0,0,0,-11000,0,0,0,0,11000,-11000,-11000
061852,大立光國票9B購02,0,0,0,0,0,0,0,0,0,-11000,0,0,0,0,11000,-11000,-11000
060709,緯穎富邦9B購01  ,0,0,0,0,0,0,0,0,0,-11000,0,0,0,27000,38000,-11000,-11000
060398,立積國票9B購01  ,0,0,0,0,0,0,0,0,0,-11000,0,0,0,0,11000,-11000,-11000
063155,緯穎元富9B購03  ,0,0,0,0,0,0,0,0,0,-11000,0,0,0,50000,61000,-11000,-11000
062873,國巨兆豐9C購01  ,0,0,0,0,0,0,0,0,0,-11000,0,0,0,0,11000,-11000,-11000
06293P,臺股指國票97售07,0,0,0,0,0,0,0,0,0,-11000,0,0,0,0,11000,-11000,-11000
062187,台勝科元大9B購02,0,0,0,0,0,0,0,0,0,-11000,0,0,0,57000,68000,-11000,-11000
062169,禾伸堂永豐9B購01,0,0,0,0,0,0,0,0,0,-11000,0,0,0,0,11000,-11000,-11000
062276,瑞昱群益9B購01  ,0,0,0,0,0,0,0,0,0,-11000,0,0,0,59000,70000,-11000,-11000
063887,香港2X中信02購01,0,0,0,0,0,0,0,0,0,-11000,0,0,0,0,11000,-11000,-11000
064615,智邦元大01購01  ,0,0,0,0,0,0,0,0,0,-11000,0,0,0,10000,21000,-11000,-11000
07884P,華新科凱基9B售08,0,0,0,0,0,0,0,0,0,-12000,0,0,0,0,12000,-12000,-12000
06845P,億光元大98售02  ,0,0,0,0,0,0,0,0,0,-12000,0,0,0,50000,62000,-12000,-12000
4526,東台            ,31000,43000,-12000,0,0,0,0,0,0,0,0,0,0,0,0,0,-12000
2849,安泰銀          ,10000,22000,-12000,0,0,0,0,0,0,0,0,0,0,0,0,0,-12000
6139,亞翔            ,34000,46000,-12000,0,0,0,0,0,0,0,0,0,0,0,0,0,-12000
057774,台光電群益99購02,0,0,0,0,0,0,0,0,0,-12000,0,0,0,11000,23000,-12000,-12000
056657,華邦電元大99購01,0,0,0,0,0,0,0,0,0,-12000,0,0,0,10000,22000,-12000,-12000
053461,台郡永昌99購01  ,0,0,0,0,0,0,0,0,0,-12000,0,0,0,0,12000,-12000,-12000
056581,超眾元大99購01  ,0,0,0,0,0,0,0,0,0,-12000,0,0,0,0,12000,-12000,-12000
053969,瑞昱元大97購01  ,0,0,0,0,0,0,0,0,0,-12000,0,0,0,0,12000,-12000,-12000
056533,友達凱基9A購02  ,0,0,0,0,0,0,0,0,0,-12000,0,0,0,0,12000,-12000,-12000
054213,欣興國票97購04  ,0,0,0,0,0,0,0,0,0,-12000,0,0,0,0,12000,-12000,-12000
056945,鴻海統一98購12  ,0,0,0,0,0,0,0,0,0,-12000,0,0,0,0,12000,-12000,-12000
056984,嘉晶群益98購01  ,0,0,0,0,0,0,0,0,0,-12000,0,0,0,0,12000,-12000,-12000
057198,智伸科統一9B購01,0,0,0,0,0,0,0,0,0,-12000,0,0,0,10000,22000,-12000,-12000
055917,禾伸堂凱基98購02,0,0,0,0,0,0,0,0,0,-12000,0,0,0,1000,13000,-12000,-12000
057128,台光電凱基98購03,0,0,0,0,0,0,0,0,0,-12000,0,0,0,0,12000,-12000,-12000
055854,群創元大98購04  ,0,0,0,0,0,0,0,0,0,-12000,0,0,0,10000,22000,-12000,-12000
060698,旺宏國泰9C購01  ,0,0,0,0,0,0,0,0,0,-12000,0,0,0,0,12000,-12000,-12000
059641,群創凱基99購06  ,0,0,0,0,0,0,0,0,0,-12000,0,0,0,13000,25000,-12000,-12000
060320,元金2X群益02購01,0,0,0,0,0,0,0,0,0,-12000,0,0,0,0,12000,-12000,-12000
058524,超眾元大99購04  ,0,0,0,0,0,0,0,0,0,-12000,0,0,0,0,12000,-12000,-12000
058998,鴻海元大99購22  ,0,0,0,0,0,0,0,0,0,-12000,0,0,0,0,12000,-12000,-12000
059315,鴻海元大99購30  ,0,0,0,0,0,0,0,0,0,-12000,0,0,0,0,12000,-12000,-12000
060049,華通凱基99購06  ,0,0,0,0,0,0,0,0,0,-12000,0,0,0,6000,18000,-12000,-12000
060109,茂林元大99購05  ,0,0,0,0,0,0,0,0,0,-12000,0,0,0,0,12000,-12000,-12000
058468,聯茂中信99購02  ,0,0,0,0,0,0,0,0,0,-12000,0,0,0,0,12000,-12000,-12000
058873,美律國票9A購02  ,0,0,0,0,0,0,0,0,0,-12000,0,0,0,0,12000,-12000,-12000
064527,裕隆中信01購01  ,0,0,0,0,0,0,0,0,0,-12000,0,0,0,36000,48000,-12000,-12000
064789,和大國票01購01  ,0,0,0,0,0,0,0,0,0,-12000,0,0,0,10000,22000,-12000,-12000
06447P,上銀元大98售01  ,0,0,0,0,0,0,0,0,0,-12000,0,0,0,0,12000,-12000,-12000
064474,華新科麥證01購01,0,0,0,0,12000,-12000,0,0,0,-12000,0,0,0,0,12000,-12000,-12000
06424P,大成鋼永豐97售01,0,0,0,0,0,0,0,0,0,-12000,0,0,0,0,12000,-12000,-12000
063655,華通元富9B購01  ,0,0,0,0,0,0,0,0,0,-12000,0,0,0,247000,259000,-12000,-12000
063530,同欣電凱基9C購02,0,0,0,0,0,0,0,0,0,-12000,0,0,0,110000,122000,-12000,-12000
06236P,台積電元大97售25,0,0,0,0,0,0,0,0,0,-12000,0,0,0,0,12000,-12000,-12000
062471,國泰金凱基9B購02,0,0,0,0,0,0,0,0,0,-12000,0,0,0,20000,32000,-12000,-12000
062550,啟碁永豐9B購01  ,0,0,0,0,0,0,0,0,0,-12000,0,0,0,0,12000,-12000,-12000
063388,台光電兆豐9C購01,0,0,0,0,0,0,0,0,0,-12000,0,0,0,137000,149000,-12000,-12000
06350P,臺股指台新99售02,0,0,0,0,0,0,0,0,0,-12000,0,0,0,0,12000,-12000,-12000
06327P,台積電中信01售01,0,0,0,0,0,0,0,0,0,-12000,0,0,0,0,12000,-12000,-12000
4930,燦星網          ,2000,12000,-10000,0,0,0,0,0,0,-3000,0,3000,-3000,0,0,0,-13000
5706,鳳凰            ,19000,32000,-13000,0,0,0,0,0,0,0,0,0,0,0,0,0,-13000
9136,巨騰-DR         ,0,18000,-18000,0,0,0,0,0,0,5000,5000,0,5000,0,0,0,-13000
4564,元翎            ,87000,100000,-13000,0,0,0,0,0,0,0,0,0,0,0,0,0,-13000
08483P,金像電群益9C售02,0,0,0,0,0,0,0,0,0,-13000,0,0,0,0,13000,-13000,-13000
08287P,茂林凱基9C售02  ,0,0,0,0,0,0,0,0,0,-13000,0,0,0,0,13000,-13000,-13000
1533,車王電          ,1000,14000,-13000,0,0,0,0,0,0,0,0,0,0,0,0,0,-13000
08000P,奇鋐凱基9B售03  ,0,0,0,0,0,0,0,0,0,-13000,0,0,0,50000,63000,-13000,-13000
057029,緯穎凱基98購04  ,0,0,0,0,0,0,0,0,0,-13000,0,0,0,12000,25000,-13000,-13000
057311,玉晶光日盛9A購01,0,0,0,0,0,0,0,0,0,-13000,0,0,0,1000,14000,-13000,-13000
057374,禾伸堂元大99購03,0,0,0,0,0,0,0,0,0,-13000,0,0,0,5000,18000,-13000,-13000
060723,致新永豐9A購01  ,0,0,0,0,0,0,0,0,0,-13000,0,0,0,0,13000,-13000,-13000
057767,緯穎凱基98購06  ,30000,0,30000,0,0,0,0,0,0,-43000,0,0,0,40000,83000,-43000,-13000
056394,晶豪科永豐98購01,0,0,0,0,0,0,0,0,0,-13000,0,0,0,0,13000,-13000,-13000
054167,揚明光凱基98購01,0,0,0,0,0,0,0,0,0,-13000,0,0,0,0,13000,-13000,-13000
057739,新日興富邦9B購01,0,0,0,0,0,0,0,0,0,-13000,0,0,0,105000,118000,-13000,-13000
057691,健策凱基99購01  ,0,0,0,0,0,0,0,0,0,-13000,0,0,0,46000,59000,-13000,-13000
047004,台積電統一99購01,0,0,0,0,0,0,0,0,0,-13000,0,0,0,184000,197000,-13000,-13000
058808,大成鋼統一9B購01,0,0,0,0,0,0,0,0,0,-13000,0,0,0,1000,14000,-13000,-13000
061612,南六統一9A購01  ,0,0,0,0,0,0,0,0,0,-13000,0,0,0,7000,20000,-13000,-13000
061263,微星凱基9A購01  ,0,0,0,0,0,0,0,0,0,-13000,0,0,0,46000,59000,-13000,-13000
059431,旺宏元大99購14  ,0,0,0,0,0,0,0,0,0,-13000,0,0,0,32000,45000,-13000,-13000
060322,卜蜂群益9A購01  ,0,0,0,0,0,0,0,0,0,-13000,0,0,0,1000,14000,-13000,-13000
060299,友訊國泰9B購01  ,0,0,0,0,0,0,0,0,0,-13000,0,0,0,0,13000,-13000,-13000
059539,緯穎凱基99購03  ,0,0,0,0,0,0,0,0,0,-13000,0,0,0,2000,15000,-13000,-13000
060504,技嘉元大9A購02  ,0,0,0,0,0,0,0,0,0,-13000,0,0,0,62000,75000,-13000,-13000
062108,晶豪科國票9B購01,0,0,0,0,0,0,0,0,0,-13000,0,0,0,0,13000,-13000,-13000
062033,瀚宇博群益9B購01,0,0,0,0,0,0,0,0,0,-13000,0,0,0,7000,20000,-13000,-13000
063141,聯發科統一9C購10,0,0,0,0,0,0,0,0,0,-13000,0,0,0,0,13000,-13000,-13000
063184,台光電凱基9B購03,0,0,0,0,0,0,0,0,0,-13000,0,0,0,79000,92000,-13000,-13000
062705,美食元大9B購01  ,0,0,0,0,0,0,0,0,0,-13000,0,0,0,7000,20000,-13000,-13000
062409,巨大永豐9B購02  ,0,0,0,0,0,0,0,0,0,-13000,0,0,0,43000,56000,-13000,-13000
062368,聯詠元大9B購01  ,0,0,0,0,0,0,0,0,0,-13000,0,0,0,15000,28000,-13000,-13000
063738,奇鋐元大9B購03  ,0,0,0,0,0,0,0,0,0,-13000,0,0,0,165000,178000,-13000,-13000
063930,高鐵統一02購02  ,0,0,0,0,0,0,0,0,0,-13000,0,0,0,0,13000,-13000,-13000
064038,景碩台新9C購01  ,0,0,0,0,0,0,0,0,0,-13000,0,0,0,0,13000,-13000,-13000
07139P,元油2X群益9C售06,0,0,0,0,0,0,0,0,0,-14000,0,0,0,0,14000,-14000,-14000
07171P,臺股指國票99售08,0,0,0,0,0,0,0,0,0,-14000,0,0,0,40000,54000,-14000,-14000
07544P,大立光凱基9A售09,0,0,0,0,0,0,0,0,0,-14000,0,0,0,26000,40000,-14000,-14000
06807P,臺股指群益98售13,0,0,0,0,0,0,0,0,0,-14000,0,0,0,0,14000,-14000,-14000
07002P,鴻海兆豐99售04  ,0,0,0,0,0,0,0,0,0,-14000,0,0,0,0,14000,-14000,-14000
06527P,T50正2富邦9C售01,0,0,0,0,0,0,0,0,0,-14000,0,0,0,0,14000,-14000,-14000
065211,世芯國票01購03  ,0,0,0,0,0,0,0,0,0,-14000,0,0,0,0,14000,-14000,-14000
064877,可成兆豐9C購02  ,0,0,0,0,0,0,0,0,0,-14000,0,0,0,1000,15000,-14000,-14000
1809,中釉            ,31000,45000,-14000,0,0,0,0,0,0,0,0,0,0,0,0,0,-14000
1786,科妍            ,43000,57000,-14000,0,0,0,0,0,0,0,0,0,0,0,0,0,-14000
2427,三商電          ,0,14000,-14000,0,0,0,0,0,0,0,0,0,0,0,0,0,-14000
08296P,同欣電元大9C售04,0,0,0,0,0,0,0,0,0,-14000,0,0,0,0,14000,-14000,-14000
2534,宏盛            ,58000,72000,-14000,0,0,0,0,0,0,0,0,0,0,0,0,0,-14000
2616,山隆            ,4000,18000,-14000,0,0,0,0,0,0,0,0,0,0,0,0,0,-14000
8940,新天地          ,1000,15000,-14000,0,0,0,0,0,0,0,0,0,0,0,0,0,-14000
9905,大華            ,18000,32000,-14000,0,0,0,0,0,0,0,0,0,0,0,0,0,-14000
8249,菱光            ,17000,31000,-14000,0,0,0,0,0,0,0,0,0,0,0,0,0,-14000
057651,矽力元大98購03  ,0,0,0,0,0,0,0,0,0,-14000,0,0,0,6000,20000,-14000,-14000
054164,強茂凱基98購01  ,0,0,0,0,0,0,0,0,0,-14000,0,0,0,129000,143000,-14000,-14000
054827,宏全元大9A購01  ,0,0,0,0,0,0,0,0,0,-14000,0,0,0,127000,141000,-14000,-14000
054931,緯穎凱基98購01  ,0,0,0,0,0,0,0,0,0,-14000,0,0,0,0,14000,-14000,-14000
059886,可成國票99購04  ,0,0,0,0,0,0,0,0,0,-14000,0,0,0,3000,17000,-14000,-14000
058677,矽格群益99購01  ,0,0,0,0,0,0,0,0,0,-14000,0,0,0,10000,24000,-14000,-14000
060761,南亞科元大9A購05,0,0,0,0,0,0,0,0,0,-14000,0,0,0,0,14000,-14000,-14000
057558,致新凱基98購01  ,0,0,0,0,0,0,0,0,0,-14000,0,0,0,0,14000,-14000,-14000
062073,國巨元大9B購06  ,0,0,0,0,0,0,0,0,0,-14000,0,0,0,54000,68000,-14000,-14000
061788,信邦群益9B購01  ,0,0,0,0,0,0,0,0,0,-14000,0,0,0,86000,100000,-14000,-14000
057959,欣興元大98購14  ,0,0,0,0,0,0,0,0,0,-14000,0,0,0,136000,150000,-14000,-14000
059515,牧德永豐99購01  ,0,0,0,0,0,0,0,0,0,-14000,0,0,0,20000,34000,-14000,-14000
057856,聯鈞國票99購03  ,0,0,0,0,0,0,0,0,0,-14000,0,0,0,0,14000,-14000,-14000
057862,智邦凱基99購01  ,0,0,0,0,0,0,0,0,0,-14000,0,0,0,17000,31000,-14000,-14000
059324,智易元大99購04  ,0,0,0,0,0,0,0,0,0,-14000,0,0,0,6000,20000,-14000,-14000
058985,可成凱基99購03  ,0,0,0,0,0,0,0,0,0,-14000,0,0,0,183000,197000,-14000,-14000
058488,華擎國票9A購01  ,0,0,0,0,0,0,0,0,0,-14000,0,0,0,0,14000,-14000,-14000
058247,聯茂元大99購04  ,0,0,0,0,0,0,0,0,0,-14000,0,0,0,98000,112000,-14000,-14000
061597,南六永豐9A購04  ,0,0,0,0,0,0,0,0,0,-14000,0,0,0,12000,26000,-14000,-14000
061231,聚陽元大9A購02  ,0,0,0,0,0,0,0,0,0,-14000,0,0,0,46000,60000,-14000,-14000
061352,茂林元大9A購04  ,0,0,0,0,0,0,0,0,0,-14000,0,0,0,0,14000,-14000,-14000
064011,嘉晶國票9C購01  ,0,0,0,0,0,0,0,0,0,-14000,0,0,0,38000,52000,-14000,-14000
064302,美律兆豐01購01  ,0,0,0,0,0,0,0,0,0,-14000,0,0,0,0,14000,-14000,-14000
064619,南亞科元大9C購05,0,0,0,0,0,0,0,0,0,-14000,0,0,0,48000,62000,-14000,-14000
062563,緯穎凱基9B購03  ,0,0,0,0,0,0,0,0,0,-14000,0,0,0,11000,25000,-14000,-14000
8422,可寧衛          ,25000,40000,-15000,0,0,0,0,0,0,0,0,0,0,0,0,0,-15000
4725,信昌化          ,2000,17000,-15000,0,0,0,0,0,0,0,0,0,0,0,0,0,-15000
08378P,世紀鋼元富9C售02,0,0,0,0,0,0,0,0,0,-15000,0,0,0,22000,37000,-15000,-15000
08482P,亞德客群益9C售02,0,0,0,0,0,0,0,0,0,-15000,0,0,0,0,15000,-15000,-15000
1441,大東            ,13000,28000,-15000,0,0,0,0,0,0,0,0,0,0,0,0,0,-15000
2069,運錩            ,0,15000,-15000,0,0,0,0,0,0,0,0,0,0,0,0,0,-15000
06487P,聯發科統一99售02,0,0,0,0,0,0,0,0,0,-15000,0,0,0,0,15000,-15000,-15000
064826,南亞科統一01購03,0,0,0,0,0,0,0,0,0,-15000,0,0,0,0,15000,-15000,-15000
065167,華通元大02購01  ,0,0,0,0,0,0,0,0,0,-15000,0,0,0,1000,16000,-15000,-15000
065083,南亞科元大01購01,0,0,0,0,0,0,0,0,0,-15000,0,0,0,0,15000,-15000,-15000
06741P,台積電富邦98售04,0,0,0,0,0,0,0,0,0,-15000,0,0,0,215000,230000,-15000,-15000
06691P,臺股指群益9C售05,0,0,0,0,0,0,0,0,0,-15000,0,0,0,0,15000,-15000,-15000
07637P,國巨國票9A售08  ,0,0,0,0,0,0,0,0,0,-15000,0,0,0,25000,40000,-15000,-15000
07359P,台積電元大99售45,0,0,0,0,0,0,0,0,0,-15000,0,0,0,0,15000,-15000,-15000
07354P,臺股指國票99售22,0,0,0,0,0,0,0,0,0,-15000,0,0,0,30000,45000,-15000,-15000
07216P,大立光凱基99售08,0,0,0,0,0,0,0,0,0,-15000,0,0,0,0,15000,-15000,-15000
08061P,大毅國票9B售04  ,0,0,0,0,0,0,0,0,0,-15000,0,0,0,0,15000,-15000,-15000
07797P,大立光國票9A售08,0,0,0,0,0,0,0,0,0,-15000,0,0,0,0,15000,-15000,-15000
07791P,奇鋐元大9A售02  ,0,0,0,0,0,0,0,0,0,-15000,0,0,0,0,15000,-15000,-15000
07786P,南電中信9C售01  ,0,0,0,0,0,0,0,0,0,-15000,0,0,0,30000,45000,-15000,-15000
055899,群創中信99購01  ,0,0,0,0,0,0,0,0,0,-15000,0,0,0,0,15000,-15000,-15000
061005,可成兆豐9A購01  ,0,0,0,0,0,0,0,0,0,-15000,0,0,0,1000,16000,-15000,-15000
060993,健策元大9B購03  ,0,0,0,0,0,0,0,0,0,-15000,0,0,0,35000,50000,-15000,-15000
058663,瑞儀兆豐9A購01  ,0,0,0,0,0,0,0,0,0,-15000,0,0,0,0,15000,-15000,-15000
059872,華新科凱基01購01,0,0,0,0,0,0,0,0,0,-15000,0,0,0,0,15000,-15000,-15000
056392,玉晶光富邦9C購01,0,0,0,0,0,0,0,0,0,-15000,0,0,0,138000,153000,-15000,-15000
056339,聯發科凱基99購02,0,0,0,0,0,0,0,0,0,-15000,0,0,0,0,15000,-15000,-15000
056821,日電貿永豐98購01,0,0,0,0,0,0,0,0,0,-15000,0,0,0,0,15000,-15000,-15000
054059,欣興國票97購03  ,0,0,0,0,0,0,0,0,0,-15000,0,0,0,22000,37000,-15000,-15000
053904,漢唐凱基97購01  ,0,0,0,0,0,0,0,0,0,-15000,0,0,0,0,15000,-15000,-15000
049024,玉晶光群益97購01,0,0,0,0,0,0,0,0,0,-15000,0,0,0,0,15000,-15000,-15000
055145,T50反1元大97購04,0,0,0,0,0,0,0,0,0,-15000,0,0,0,0,15000,-15000,-15000
055039,神達富邦99購01  ,0,0,0,0,0,0,0,0,0,-15000,0,0,0,0,15000,-15000,-15000
061502,嘉澤國票9A購02  ,0,0,0,0,0,0,0,0,0,-15000,0,0,0,0,15000,-15000,-15000
060943,宏達電國票9B購02,0,0,0,0,0,0,0,0,0,-15000,0,0,0,0,15000,-15000,-15000
06157P,聯鈞統一97售02  ,0,0,0,0,0,0,0,0,0,-15000,0,0,0,0,15000,-15000,-15000
058391,T50反1元大99購02,0,0,0,0,0,0,0,0,0,-15000,0,0,0,0,15000,-15000,-15000
058912,祥碩元大99購01  ,0,0,0,0,0,0,0,0,0,-15000,0,0,0,1000,16000,-15000,-15000
059816,聯電凱基99購03  ,0,0,0,0,0,0,0,0,0,-15000,0,0,0,0,15000,-15000,-15000
059728,聯鈞元大99購01  ,0,0,0,0,0,0,0,0,0,-15000,0,0,0,14000,29000,-15000,-15000
057983,緯穎永豐98購03  ,0,0,0,0,0,0,0,0,0,-15000,0,0,0,0,15000,-15000,-15000
060561,台積電富邦04購01,0,0,0,0,0,0,0,0,0,-15000,0,0,0,28000,43000,-15000,-15000
060554,中租凱基9A購01  ,0,0,0,0,0,0,0,0,0,-15000,0,0,0,10000,25000,-15000,-15000
060556,緯穎凱基9A購04  ,0,0,0,0,0,0,0,0,0,-15000,0,0,0,80000,95000,-15000,-15000
060599,國巨凱基9C購01  ,0,0,0,0,0,0,0,0,0,-15000,0,0,0,35000,50000,-15000,-15000
058072,大立光凱基98購20,0,0,0,0,0,0,0,0,0,-15000,0,0,0,1000,16000,-15000,-15000
061703,信邦國票9A購01  ,0,0,0,0,0,0,0,0,0,-15000,0,0,0,35000,50000,-15000,-15000
059120,致伸永豐99購01  ,0,0,0,0,0,0,0,0,0,-15000,0,0,0,0,15000,-15000,-15000
061655,微星國票9A購01  ,0,0,0,0,0,0,0,0,0,-15000,0,0,0,0,15000,-15000,-15000
062566,嘉晶中信9C購01  ,0,0,0,0,0,0,0,0,0,-15000,0,0,0,0,15000,-15000,-15000
062415,聯茂中信9C購01  ,0,0,0,0,0,0,0,0,0,-15000,0,0,0,0,15000,-15000,-15000
062477,聯詠國票9B購01  ,0,0,0,0,0,0,0,0,0,-15000,0,0,0,11000,26000,-15000,-15000
062272,鴻海群益9B購05  ,0,0,0,0,0,0,0,0,0,-15000,0,0,0,1000,16000,-15000,-15000
063404,金像電國票9B購01,0,0,0,0,0,0,0,0,0,-15000,0,0,0,8000,23000,-15000,-15000
063410,南六國票9C購01  ,0,0,0,0,0,0,0,0,0,-15000,0,0,0,6000,21000,-15000,-15000
064020,華通元大01購01  ,0,0,0,0,0,0,0,0,0,-15000,0,0,0,60000,75000,-15000,-15000
06394P,台積電元大97售28,0,0,0,0,0,0,0,0,0,-15000,0,0,0,0,15000,-15000,-15000
063911,大立光凱基9C購03,0,0,0,0,0,0,0,0,0,-15000,0,0,0,1000,16000,-15000,-15000
08086P,燿華凱基9B售03  ,0,0,0,0,0,0,0,0,0,-16000,0,0,0,4000,20000,-16000,-16000
07197P,臺股指元大99售13,0,0,0,0,0,0,0,0,0,-16000,0,0,0,18000,34000,-16000,-16000
07023P,南電永豐99售02  ,0,0,0,0,0,0,0,0,0,-16000,0,0,0,4000,20000,-16000,-16000
065026,世紀鋼永豐9C購02,0,0,0,0,0,0,0,0,0,-16000,0,0,0,8000,24000,-16000,-16000
065206,旺宏國票01購02  ,0,0,0,0,0,0,0,0,0,-16000,0,0,0,0,16000,-16000,-16000
2017,官田鋼          ,98000,114000,-16000,0,0,0,0,0,0,0,0,0,0,0,0,0,-16000
1517,利奇            ,73000,89000,-16000,0,0,0,0,0,0,0,0,0,0,0,0,0,-16000
1413,宏洲            ,12000,28000,-16000,0,0,0,0,0,0,0,0,0,0,0,0,0,-16000
1225,福懋油          ,12000,28000,-16000,0,0,0,0,0,0,0,0,0,0,0,0,0,-16000
6189,豐藝            ,2000,18000,-16000,0,0,0,0,0,0,0,0,0,0,0,0,0,-16000
3591,艾笛森          ,29000,43000,-14000,0,0,0,0,0,0,-2000,0,2000,-2000,0,0,0,-16000
056521,群創日盛98購01  ,0,0,0,0,0,0,0,0,0,-16000,0,0,0,0,16000,-16000,-16000
057640,台積電元大98購16,0,0,0,0,0,0,0,0,0,-16000,0,0,0,4000,20000,-16000,-16000
056615,燿華永豐98購02  ,0,0,0,0,0,0,0,0,0,-16000,0,0,0,0,16000,-16000,-16000
054768,泰碩國票99購02  ,0,0,0,0,0,0,0,0,0,-16000,0,0,0,4000,20000,-16000,-16000
059879,GIS凱基99購03   ,0,0,0,0,0,0,0,0,0,-16000,0,0,0,3000,19000,-16000,-16000
060779,臺股指凱基9A購07,0,0,0,0,0,0,0,0,0,-16000,0,0,0,5000,21000,-16000,-16000
057241,超眾凱基99購02  ,0,0,0,0,0,0,0,0,0,-16000,0,0,0,0,16000,-16000,-16000
057462,光磊永豐98購02  ,0,0,0,0,0,0,0,0,0,-16000,0,0,0,0,16000,-16000,-16000
061902,百和永豐9B購01  ,0,0,0,0,0,0,0,0,0,-16000,0,0,0,0,16000,-16000,-16000
059060,大立光凱基9A購03,0,0,0,0,0,0,0,0,0,-16000,0,0,0,0,16000,-16000,-16000
059056,技嘉凱基99購02  ,0,0,0,0,0,0,0,0,0,-16000,0,0,0,64000,80000,-16000,-16000
060638,玉晶光永豐9A購04,0,0,0,0,0,0,0,0,0,-16000,0,0,0,8000,24000,-16000,-16000
059732,超眾元大9A購01  ,0,0,0,0,0,0,0,0,0,-16000,0,0,0,3000,19000,-16000,-16000
059817,華通凱基99購05  ,0,0,0,0,0,0,0,0,0,-16000,0,0,0,6000,22000,-16000,-16000
060391,華擎群益9C購01  ,0,0,0,0,0,0,0,0,0,-16000,0,0,0,0,16000,-16000,-16000
059424,SGBR2X元大9A購01,0,0,0,0,0,0,0,0,0,-16000,0,0,0,70000,86000,-16000,-16000
058440,玉晶光統一99購02,0,0,0,0,0,0,0,0,0,-16000,0,0,0,21000,37000,-16000,-16000
058344,旺宏群益99購05  ,0,0,0,0,0,0,0,0,0,-16000,0,0,0,0,16000,-16000,-16000
061571,奇力新元大9A購03,0,0,0,0,0,0,0,0,0,-16000,0,0,0,0,16000,-16000,-16000
058229,為升元大99購02  ,0,0,0,0,0,0,0,0,0,-16000,0,0,0,79000,95000,-16000,-16000
060072,國巨元富99購04  ,0,0,0,0,0,0,0,0,0,-16000,0,0,0,64000,80000,-16000,-16000
059987,大立光元大99購28,0,0,0,0,0,0,0,0,0,-16000,0,0,0,0,16000,-16000,-16000
06139P,台積電中信99售02,0,0,0,0,0,0,0,0,0,-16000,0,0,0,0,16000,-16000,-16000
064031,玉晶光元大02購01,0,0,0,0,0,0,0,0,0,-16000,0,0,0,93000,109000,-16000,-16000
063820,華邦電麥證01購01,0,0,0,17000,33000,-16000,0,0,0,-16000,0,0,0,17000,33000,-16000,-16000
064502,大立光元大9C購19,0,0,0,0,0,0,0,0,0,-16000,0,0,0,0,16000,-16000,-16000
064485,儒鴻元大01購01  ,0,0,0,0,0,0,0,0,0,-16000,0,0,0,99000,115000,-16000,-16000
064289,台郡元大9C購01  ,0,0,0,0,0,0,0,0,0,-16000,0,0,0,151000,167000,-16000,-16000
062910,亞光元大9B購01  ,0,0,0,0,0,0,0,0,0,-16000,0,0,0,29000,45000,-16000,-16000
06256P,臺股指群益97售09,0,0,0,0,0,0,0,0,0,-16000,0,0,0,0,16000,-16000,-16000
3027,盛達            ,2000,19000,-17000,0,0,0,0,0,0,0,0,0,0,0,0,0,-17000
1437,勤益控          ,9000,26000,-17000,0,0,0,0,0,0,0,0,0,0,0,0,0,-17000
08453P,玉晶光台新9C售02,0,0,0,0,0,0,0,0,0,-17000,0,0,0,24000,41000,-17000,-17000
08191P,鴻海台新9B售03  ,0,0,0,0,0,0,0,0,0,-17000,0,0,0,33000,50000,-17000,-17000
1615,大山            ,3000,19000,-16000,0,0,0,0,0,0,-1000,0,1000,-1000,0,0,0,-17000
1808,潤隆            ,16000,33000,-17000,0,0,0,0,0,0,0,0,0,0,0,0,0,-17000
065078,台積電元大02購01,0,0,0,0,0,0,0,0,0,-17000,0,0,0,0,17000,-17000,-17000
06959P,鴻海凱基9A售02  ,0,0,0,0,0,0,0,0,0,-17000,0,0,0,39000,56000,-17000,-17000
06793P,臺股指凱基98售03,0,0,0,0,0,0,0,0,0,-17000,0,0,0,0,17000,-17000,-17000
07103P,南電元大99售04  ,0,0,0,0,0,0,0,0,0,-17000,0,0,0,19000,36000,-17000,-17000
07952P,富邦金元大9B售02,0,0,0,0,0,0,0,0,0,-17000,0,0,0,71000,88000,-17000,-17000
057483,微星元大98購04  ,0,0,0,0,0,0,0,0,0,-17000,0,0,0,72000,89000,-17000,-17000
057323,智邦群益98購01  ,0,0,0,0,0,0,0,0,0,-17000,0,0,0,0,17000,-17000,-17000
057166,國巨元大99購06  ,0,0,0,0,0,0,0,0,0,-17000,0,0,0,45000,62000,-17000,-17000
054111,緯穎凱基97購01  ,0,0,0,0,0,0,0,0,0,-17000,0,0,0,13000,30000,-17000,-17000
061238,晶技元大9A購02  ,0,0,0,0,0,0,0,0,0,-17000,0,0,0,0,17000,-17000,-17000
061246,玉晶光群益9A購08,0,0,0,0,0,0,0,0,0,-17000,0,0,0,4000,21000,-17000,-17000
059991,超眾元大9A購02  ,0,0,0,0,0,0,0,0,0,-17000,0,0,0,1000,18000,-17000,-17000
060169,群電永豐9A購01  ,0,0,0,0,0,0,0,0,0,-17000,0,0,0,0,17000,-17000,-17000
058937,仁寶中信99購01  ,0,0,0,0,0,0,0,0,0,-17000,0,0,0,10000,27000,-17000,-17000
058938,台積電中信01購03,0,0,0,0,0,0,0,0,0,-17000,0,0,0,21000,38000,-17000,-17000
060314,元翎永豐9A購01  ,0,0,0,0,0,0,0,0,0,-17000,0,0,0,0,17000,-17000,-17000
06057P,大立光凱基98售01,0,0,0,0,0,0,0,0,0,-17000,0,0,0,0,17000,-17000,-17000
059169,可成凱基99購04  ,0,0,0,0,0,0,0,0,0,-17000,0,0,0,34000,51000,-17000,-17000
062511,台光電國票9B購02,0,0,0,0,0,0,0,0,0,-17000,0,0,0,11000,28000,-17000,-17000
062147,大毅國票9B購02  ,0,0,0,0,0,0,0,0,0,-17000,0,0,0,0,17000,-17000,-17000
063041,貿聯凱基9B購01  ,0,0,0,0,0,0,0,0,0,-17000,0,0,0,17000,34000,-17000,-17000
063461,金像電元大9B購03,0,0,0,0,0,0,0,0,0,-17000,0,0,0,3000,20000,-17000,-17000
063220,建準群益9B購01  ,0,0,0,0,0,0,0,0,0,-17000,0,0,0,5000,22000,-17000,-17000
064285,貿聯元大9C購02  ,0,0,0,0,0,0,0,0,0,-17000,0,0,0,0,17000,-17000,-17000
06448P,華通元大99售01  ,0,0,0,0,0,0,0,0,0,-17000,0,0,0,13000,30000,-17000,-17000
06353P,電子類富邦99售02,0,0,0,0,0,0,0,0,0,-17000,0,0,0,0,17000,-17000,-17000
063608,力成凱基9B購03  ,0,0,0,0,0,0,0,0,0,-17000,0,0,0,87000,104000,-17000,-17000
063582,瑞祺國泰9C購01  ,0,0,0,0,0,0,0,0,0,-17000,0,0,0,129000,146000,-17000,-17000
064041,國巨統一01購07  ,0,0,0,0,0,0,0,0,0,-17000,0,0,0,24000,41000,-17000,-17000
08093P,英業達元富9B售02,0,0,0,0,0,0,0,0,0,-18000,0,0,0,54000,72000,-18000,-18000
065116,臺股指國票9C購13,0,0,0,0,0,0,0,0,0,-18000,0,0,0,2000,20000,-18000,-18000
064880,神達兆豐9C購01  ,0,0,0,0,0,0,0,0,0,-18000,0,0,0,0,18000,-18000,-18000
064909,華擎麥證9C購01  ,0,0,0,0,18000,-18000,0,0,0,-18000,0,0,0,0,18000,-18000,-18000
08194P,同欣電國票9C售03,0,0,0,0,0,0,0,0,0,-18000,0,0,0,0,18000,-18000,-18000
08206P,鴻海群益9C售03  ,0,0,0,0,0,0,0,0,0,-18000,0,0,0,0,18000,-18000,-18000
054210,台光電國票97購03,0,0,0,0,0,0,0,0,0,-18000,0,0,0,0,18000,-18000,-18000
054930,群電凱基98購01  ,0,0,0,0,0,0,0,0,0,-18000,0,0,0,0,18000,-18000,-18000
055474,欣興凱基97購05  ,0,0,0,0,0,0,0,0,0,-18000,0,0,0,31000,49000,-18000,-18000
055535,緯創群益98購01  ,0,0,0,0,0,0,0,0,0,-18000,0,0,0,0,18000,-18000,-18000
055215,智邦凱基98購02  ,0,0,0,0,0,0,0,0,0,-18000,0,0,0,0,18000,-18000,-18000
056494,緯創國泰99購01  ,0,0,0,0,0,0,0,0,0,-18000,0,0,0,69000,87000,-18000,-18000
059882,臺股指凱基9C購06,0,0,0,0,0,0,0,0,0,-18000,0,0,0,47000,65000,-18000,-18000
060733,和大統一9C購01  ,0,0,0,0,0,0,0,0,0,-18000,0,0,0,22000,40000,-18000,-18000
05712P,友達統一97售03  ,0,0,0,0,0,0,0,0,0,-18000,0,0,0,0,18000,-18000,-18000
058159,健策台新9A購01  ,0,0,0,0,0,0,0,0,0,-18000,0,0,0,2000,20000,-18000,-18000
061743,祥碩凱基9B購02  ,0,0,0,0,0,0,0,0,0,-18000,0,0,0,66000,84000,-18000,-18000
060577,玉晶光中信9A購02,0,0,0,0,0,0,0,0,0,-18000,0,0,0,1000,19000,-18000,-18000
060463,台積電元大9A購10,0,0,0,0,0,0,0,0,0,-18000,0,0,0,0,18000,-18000,-18000
059597,大立光元大99購21,0,0,0,0,0,0,0,0,0,-18000,0,0,0,0,18000,-18000,-18000
061573,義隆元大9A購02  ,0,0,0,0,0,0,0,0,0,-18000,0,0,0,89000,107000,-18000,-18000
060908,金像電元大9A購03,0,0,0,0,0,0,0,0,0,-18000,0,0,0,38000,56000,-18000,-18000
060896,晶技凱基9A購02  ,0,0,0,0,0,0,0,0,0,-18000,0,0,0,81000,99000,-18000,-18000
064065,大立光富邦02購02,0,0,0,0,0,0,0,0,0,-18000,0,0,0,130000,148000,-18000,-18000
064491,金像電元大9C購03,0,0,0,0,0,0,0,0,0,-18000,0,0,0,50000,68000,-18000,-18000
064504,玉晶光元大01購02,0,0,0,0,0,0,0,0,0,-18000,0,0,0,39000,57000,-18000,-18000
064771,貿聯中信01購01  ,0,0,0,0,0,0,0,0,0,-18000,0,0,0,0,18000,-18000,-18000
064347,貿聯元大9C購03  ,0,0,0,0,0,0,0,0,0,-18000,0,0,0,0,18000,-18000,-18000
063037,聯發科凱基9C購02,0,0,0,0,0,0,0,0,0,-18000,0,0,0,0,18000,-18000,-18000
063000,緯穎國票9B購03  ,0,0,0,0,0,0,0,0,0,-18000,0,0,0,20000,38000,-18000,-18000
062261,嘉晶元大9B購02  ,0,0,0,0,0,0,0,0,0,-18000,0,0,0,12000,30000,-18000,-18000
062565,漢唐中信9C購01  ,0,0,0,0,0,0,0,0,0,-18000,0,0,0,6000,24000,-18000,-18000
062678,華通統一9C購04  ,0,0,0,0,0,0,0,0,0,-18000,0,0,0,54000,72000,-18000,-18000
062780,旺宏元大01購01  ,0,0,0,0,0,0,0,0,0,-18000,0,0,0,50000,68000,-18000,-18000
08286P,大立光凱基9C售04,0,0,0,0,0,0,0,0,0,-19000,0,0,0,8000,27000,-19000,-19000
1339,昭輝            ,20000,39000,-19000,0,0,0,0,0,0,0,0,0,0,0,0,0,-19000
1528,恩德            ,7000,26000,-19000,0,0,0,0,0,0,0,0,0,0,0,0,0,-19000
2478,大毅            ,405000,422000,-17000,0,0,0,0,0,0,-2000,0,0,0,17000,19000,-2000,-19000
3011,今皓            ,5000,24000,-19000,0,0,0,0,0,0,0,0,0,0,0,0,0,-19000
5519,隆大            ,41000,60000,-19000,0,0,0,0,0,0,0,0,0,0,0,0,0,-19000
6531,愛普            ,10000,43000,-33000,0,0,0,0,0,0,14000,1000,1000,0,14000,0,14000,-19000
06484P,聯發科凱基98售11,0,0,0,0,0,0,0,0,0,-19000,0,0,0,0,19000,-19000,-19000
065104,南茂元大9C購02  ,0,0,0,0,0,0,0,0,0,-19000,0,0,0,29000,48000,-19000,-19000
06746P,聯發科群益99售02,0,0,0,0,0,0,0,0,0,-19000,0,0,0,0,19000,-19000,-19000
07901P,臺股指凱基9B售04,0,0,0,0,0,0,0,0,0,-19000,0,0,0,1000,20000,-19000,-19000
07241P,台灣50國票9A售05,0,0,0,0,0,0,0,0,0,-19000,0,0,0,1000,20000,-19000,-19000
057062,立積國泰99購01  ,0,0,0,0,0,0,0,0,0,-19000,0,0,0,142000,161000,-19000,-19000
055244,國巨統一98購01  ,0,0,0,0,0,0,0,0,0,-19000,0,0,0,84000,103000,-19000,-19000
054627,義隆凱基98購01  ,0,0,0,0,0,0,0,0,0,-19000,0,0,0,16000,35000,-19000,-19000
056573,華新科元大99購06,0,0,0,0,0,0,0,0,0,-19000,0,0,0,40000,59000,-19000,-19000
060901,臺股指凱基9A購13,0,0,0,0,0,0,0,0,0,-19000,0,0,0,11000,30000,-19000,-19000
058835,元油2X中信9C購02,0,0,0,0,0,0,0,0,0,-19000,0,0,0,0,19000,-19000,-19000
061446,鴻海中信04購01  ,0,0,0,0,0,0,0,0,0,-19000,0,0,0,1000,20000,-19000,-19000
060083,和大元大99購02  ,0,0,0,0,0,0,0,0,0,-19000,0,0,0,0,19000,-19000,-19000
060240,富邦金元大9A購01,0,0,0,0,0,0,0,0,0,-19000,0,0,0,88000,107000,-19000,-19000
058105,旺宏統一9A購02  ,0,0,0,0,0,0,0,0,0,-19000,0,0,0,5000,24000,-19000,-19000
062704,大毅元大9C購01  ,0,0,0,0,0,0,0,0,0,-19000,0,0,0,0,19000,-19000,-19000
063103,技嘉群益9B購01  ,0,0,0,0,0,0,0,0,0,-19000,0,0,0,82000,101000,-19000,-19000
063128,智伸科元大9B購01,0,0,0,0,0,0,0,0,0,-19000,0,0,0,50000,69000,-19000,-19000
063255,臺股指元大9B購42,0,0,0,0,0,0,0,0,0,-19000,0,0,0,0,19000,-19000,-19000
063331,瑞儀國票9C購01  ,0,0,0,0,0,0,0,0,0,-19000,0,0,0,33000,52000,-19000,-19000
063414,鴻海凱基03購01  ,0,0,0,0,0,0,0,0,0,-19000,0,0,0,49000,68000,-19000,-19000
06342P,世芯統一98售01  ,0,0,0,0,0,0,0,0,0,-19000,0,0,0,6000,25000,-19000,-19000
064404,奇力新凱基02購01,0,0,0,0,0,0,0,0,0,-19000,0,0,0,31000,50000,-19000,-19000
064436,聯發科凱基03購02,0,0,0,0,0,0,0,0,0,-19000,0,0,0,0,19000,-19000,-19000
064306,和潤兆豐01購01  ,0,0,0,0,0,0,0,0,0,-19000,0,0,0,185000,204000,-19000,-19000
064629,和潤元大9C購01  ,0,0,0,0,0,0,0,0,0,-19000,0,0,0,42000,61000,-19000,-19000
063956,神達元大9C購01  ,0,0,0,0,0,0,0,0,0,-19000,0,0,0,0,19000,-19000,-19000
06377P,華通統一97售04  ,0,0,0,0,0,0,0,0,0,-19000,0,0,0,20000,39000,-19000,-19000
07362P,聯發科元大99售35,0,0,0,0,0,0,0,0,0,-20000,0,0,0,0,20000,-20000,-20000
07718P,臺股指群益9A售07,0,0,0,0,0,0,0,0,0,-20000,0,0,0,0,20000,-20000,-20000
07674P,金融類元大9A售01,0,0,0,0,0,0,0,0,0,-20000,0,0,0,0,20000,-20000,-20000
07505P,台勝科元大9A售01,0,0,0,0,0,0,0,0,0,-20000,0,0,0,0,20000,-20000,-20000
07524P,臺股指中信9B售06,0,0,0,0,0,0,0,0,0,-20000,0,0,0,0,20000,-20000,-20000
07448P,台灣50元大9A售08,0,0,0,0,0,0,0,0,0,-20000,0,0,0,0,20000,-20000,-20000
07368P,國巨凱基99售19  ,0,0,0,0,0,0,0,0,0,-20000,0,0,0,0,20000,-20000,-20000
07900P,臺股指凱基9B售03,0,0,0,0,0,0,0,0,0,-20000,0,0,0,0,20000,-20000,-20000
07798P,同欣電國票9A售01,0,0,0,0,0,0,0,0,0,-20000,0,0,0,15000,35000,-20000,-20000
08065P,瑞昱凱基9B售03  ,0,0,0,0,0,0,0,0,0,-20000,0,0,0,70000,90000,-20000,-20000
08181P,華新科國泰9C售02,0,0,0,0,0,0,0,0,0,-20000,0,0,0,0,20000,-20000,-20000
08083P,健策元大9C售05  ,0,0,0,0,0,0,0,0,0,-20000,0,0,0,0,20000,-20000,-20000
06529P,貿聯富邦99售03  ,0,0,0,0,0,0,0,0,0,-20000,0,0,0,50000,70000,-20000,-20000
065220,義隆富邦01購02  ,0,0,0,0,0,0,0,0,0,-20000,0,0,0,0,20000,-20000,-20000
06836P,玉晶光國票99售06,0,0,0,0,0,0,0,0,0,-20000,0,0,0,460000,480000,-20000,-20000
06885P,國巨國票99售06  ,0,0,0,0,0,0,0,0,0,-20000,0,0,0,20000,40000,-20000,-20000
06967P,台郡台新99售02  ,0,0,0,0,0,0,0,0,0,-20000,0,0,0,0,20000,-20000,-20000
06997P,台灣50中信03售01,0,0,0,0,0,0,0,0,0,-20000,0,0,0,0,20000,-20000,-20000
065134,中石化凱基01購01,0,0,0,0,0,0,0,0,0,-20000,0,0,0,0,20000,-20000,-20000
065174,華新科元大02購02,0,0,0,0,0,0,0,0,0,-20000,0,0,0,0,20000,-20000,-20000
06479P,聯發科中信99售02,0,0,0,0,0,0,0,0,0,-20000,0,0,0,110000,130000,-20000,-20000
064916,玉山金統一02購01,0,0,0,0,0,0,0,0,0,-20000,0,0,0,0,20000,-20000,-20000
06492P,上銀永豐98售01  ,0,0,0,0,0,0,0,0,0,-20000,0,0,0,0,20000,-20000,-20000
8028,昇陽半導體      ,143000,161000,-18000,0,0,0,1000,0,1000,-3000,15000,0,15000,0,18000,-18000,-20000
4144,康聯-KY         ,8000,28000,-20000,0,0,0,0,0,0,0,0,0,0,0,0,0,-20000
1432,大魯閣          ,3000,23000,-20000,0,0,0,0,0,0,0,0,0,0,0,0,0,-20000
08473P,康控凱基9C售01  ,0,0,0,0,0,0,0,0,0,-20000,0,0,0,0,20000,-20000,-20000
08495P,同欣電元大9C售08,0,0,0,0,0,0,0,0,0,-20000,0,0,0,0,20000,-20000,-20000
053977,新日興元大96購03,0,0,0,0,0,0,0,0,0,-20000,0,0,0,196000,216000,-20000,-20000
053781,友達元大9B購03  ,0,0,0,0,0,0,0,0,0,-20000,0,0,0,0,20000,-20000,-20000
053728,茂林凱基97購01  ,0,0,0,0,0,0,0,0,0,-20000,0,0,0,0,20000,-20000,-20000
057738,旺宏富邦9A購01  ,0,0,0,0,0,0,0,0,0,-20000,0,0,0,0,20000,-20000,-20000
054638,國泰金中信99購01,0,0,0,0,0,0,0,0,0,-20000,0,0,0,0,20000,-20000,-20000
054557,臻鼎凱基98購01  ,0,0,0,0,0,0,0,0,0,-20000,0,0,0,0,20000,-20000,-20000
054690,新興永豐97購01  ,0,0,0,0,0,0,0,0,0,-20000,0,0,0,0,20000,-20000,-20000
054156,聯電亞東98購01  ,0,0,0,0,0,0,0,0,0,-20000,0,0,0,0,20000,-20000,-20000
054060,晶技國票97購02  ,0,0,0,0,0,0,0,0,0,-20000,0,0,0,1000,21000,-20000,-20000
054418,茂林元大97購01  ,0,0,0,0,0,0,0,0,0,-20000,0,0,0,0,20000,-20000,-20000
055545,國巨凱基97購06  ,0,0,0,0,0,0,0,0,0,-20000,0,0,0,0,20000,-20000,-20000
055469,台光電凱基97購01,0,0,0,0,0,0,0,0,0,-20000,0,0,0,0,20000,-20000,-20000
055432,臻鼎群益97購02  ,0,0,0,0,0,0,0,0,0,-20000,0,0,0,0,20000,-20000,-20000
05207P,高股息中信97售03,0,0,0,0,0,0,0,0,0,-20000,0,0,0,0,20000,-20000,-20000
051510,新光金中信97購01,0,0,0,0,0,0,0,0,0,-20000,0,0,0,0,20000,-20000,-20000
045836,群創群益98購01  ,0,0,0,0,0,0,0,0,0,-20000,0,0,0,0,20000,-20000,-20000
052617,景碩國泰98購01  ,0,0,0,0,0,0,0,0,0,-20000,0,0,0,0,20000,-20000,-20000
052694,開發金中信98購01,0,0,0,0,0,0,0,0,0,-20000,0,0,0,0,20000,-20000,-20000
053111,緯創兆豐97購01  ,0,0,0,0,0,0,0,0,0,-20000,0,0,0,224000,244000,-20000,-20000
03450B,臺股指元大9C熊23,0,0,0,0,0,0,0,0,0,-20000,0,0,0,0,20000,-20000,-20000
02001L,富邦蘋果正二N   ,0,0,0,0,0,0,0,0,0,-20000,0,0,0,0,20000,-20000,-20000
057263,可成兆豐99購01  ,0,0,0,0,0,0,0,0,0,-20000,0,0,0,0,20000,-20000,-20000
057395,旺宏中信98購03  ,0,0,0,0,0,0,0,0,0,-20000,0,0,0,0,20000,-20000,-20000
057420,美食凱基98購01  ,0,0,0,0,0,0,0,0,0,-20000,0,0,0,0,20000,-20000,-20000
057104,康友中信99購01  ,0,0,0,0,0,0,0,0,0,-20000,0,0,0,10000,30000,-20000,-20000
058678,南亞科日盛99購01,0,0,0,0,0,0,0,0,0,-20000,0,0,0,0,20000,-20000,-20000
060742,臺指反國票9B購02,0,0,0,0,0,0,0,0,0,-20000,0,0,0,0,20000,-20000,-20000
059908,元金2X元大99購01,0,0,0,0,0,0,0,0,0,-20000,0,0,0,20000,40000,-20000,-20000
059863,和大凱基99購01  ,0,0,0,0,0,0,0,0,0,-20000,0,0,0,0,20000,-20000,-20000
060775,世芯凱基9A購02  ,0,0,0,0,0,0,0,0,0,-20000,0,0,0,10000,30000,-20000,-20000
057006,國巨中信98購03  ,0,0,0,0,0,0,0,0,0,-20000,0,0,0,0,20000,-20000,-20000
056969,智易永豐98購01  ,0,0,0,0,0,0,0,0,0,-20000,0,0,0,10000,30000,-20000,-20000
056324,南亞科兆豐98購01,0,0,0,0,0,0,0,0,0,-20000,0,0,0,0,20000,-20000,-20000
056414,國巨中信98購02  ,0,0,0,0,0,0,0,0,0,-20000,0,0,0,0,20000,-20000,-20000
056416,華新科中信98購01,0,0,0,0,0,0,0,0,0,-20000,0,0,0,0,20000,-20000,-20000
056435,台積電凱基98購09,0,0,0,0,0,0,0,0,0,-20000,0,0,0,1000,21000,-20000,-20000
056012,勤誠中信99購01  ,0,0,0,0,0,0,0,0,0,-20000,0,0,0,0,20000,-20000,-20000
056054,亞德客元大97購05,0,0,0,0,0,0,0,0,0,-20000,0,0,0,14000,34000,-20000,-20000
057777,可成群益9A購03  ,0,0,0,0,0,0,0,0,0,-20000,0,0,0,0,20000,-20000,-20000
058096,南電元大98購04  ,0,0,0,0,0,0,0,0,0,-20000,0,0,0,21000,41000,-20000,-20000
059166,友達凱基99購05  ,0,0,0,0,0,0,0,0,0,-20000,0,0,0,0,20000,-20000,-20000
061730,旺宏統一01購02  ,0,0,0,0,0,0,0,0,0,-20000,0,0,0,0,20000,-20000,-20000
061819,茂林群益9B購01  ,0,0,0,0,0,0,0,0,0,-20000,0,0,0,188000,208000,-20000,-20000
060283,台肥元大9C購01  ,0,0,0,0,0,0,0,0,0,-20000,0,0,0,63000,83000,-20000,-20000
059773,康控群益99購01  ,0,0,0,0,0,0,0,0,0,-20000,0,0,0,0,20000,-20000,-20000
060582,玉晶光群益9C購01,0,0,0,0,0,0,0,0,0,-20000,0,0,0,29000,49000,-20000,-20000
060552,群創凱基9B購05  ,0,0,0,0,0,0,0,0,0,-20000,0,0,0,5000,25000,-20000,-20000
060621,玉晶光元大9A購05,0,0,0,0,0,0,0,0,0,-20000,0,0,0,1000,21000,-20000,-20000
060710,上銀永豐9A購01  ,0,0,0,0,0,0,0,0,0,-20000,0,0,0,0,20000,-20000,-20000
060667,力成凱基9A購01  ,0,0,0,0,0,0,0,0,0,-20000,0,0,0,80000,100000,-20000,-20000
060087,鴻海元大99購43  ,0,0,0,0,0,0,0,0,0,-20000,0,0,0,0,20000,-20000,-20000
061577,泰碩元大9A購03  ,0,0,0,0,0,0,0,0,0,-20000,0,0,0,0,20000,-20000,-20000
058317,國巨永豐99購02  ,0,0,0,0,0,0,0,0,0,-20000,0,0,0,0,20000,-20000,-20000
058282,聯茂中信99購01  ,0,0,0,0,0,0,0,0,0,-20000,0,0,0,0,20000,-20000,-20000
058448,滬深2X永豐9A購01,0,0,0,0,0,0,0,0,0,-20000,0,0,0,0,20000,-20000,-20000
058523,聯茂元大99購08  ,0,0,0,0,0,0,0,0,0,-20000,0,0,0,0,20000,-20000,-20000
061448,旺宏中信9A購02  ,0,0,0,0,0,0,0,0,0,-20000,0,0,0,0,20000,-20000,-20000
061605,華新科凱基9A購14,0,0,0,0,0,0,0,0,0,-20000,0,0,0,0,20000,-20000,-20000
061253,臺股指群益9A購04,0,0,0,0,0,0,0,0,0,-20000,0,0,0,0,20000,-20000,-20000
061128,大立光永豐9A購02,0,0,0,0,0,0,0,0,0,-20000,0,0,0,0,20000,-20000,-20000
058814,南亞科台新99購01,0,0,0,0,0,0,0,0,0,-20000,0,0,0,0,20000,-20000,-20000
060838,華通國票9A購05  ,0,0,0,0,0,0,0,0,0,-20000,0,0,0,0,20000,-20000,-20000
059992,S&P正2元富9B購04,0,0,0,0,0,0,0,0,0,-20000,0,0,0,1000,21000,-20000,-20000
060009,南亞科群益99購03,0,0,0,0,0,0,0,0,0,-20000,0,0,0,0,20000,-20000,-20000
063811,亞德客群益9C購01,0,0,0,0,0,0,0,0,0,-20000,0,0,0,0,20000,-20000,-20000
063740,矽格元大9B購03  ,0,0,0,0,0,0,0,0,0,-20000,0,0,0,0,20000,-20000,-20000
063770,台灣50富邦03購01,0,0,0,0,0,0,0,0,0,-20000,0,0,0,0,20000,-20000,-20000
063756,鴻海統一9B購09  ,0,0,0,0,0,0,0,0,0,-20000,0,0,0,0,20000,-20000,-20000
06392P,T50反1元大9A售01,0,0,0,0,0,0,0,0,0,-20000,0,0,0,0,20000,-20000,-20000
063867,全新永豐9C購01  ,0,0,0,0,0,0,0,0,0,-20000,0,0,0,13000,33000,-20000,-20000
064155,大立光統一01購05,0,0,0,0,0,0,0,0,0,-20000,0,0,0,0,20000,-20000,-20000
064501,大立光元大01購02,0,0,0,0,0,0,0,0,0,-20000,0,0,0,133000,153000,-20000,-20000
064516,華通群益02購01  ,0,0,0,0,0,0,0,0,0,-20000,0,0,0,85000,105000,-20000,-20000
06471P,臺股指凱基99售11,0,0,0,0,0,0,0,0,0,-20000,0,0,0,0,20000,-20000,-20000
064720,長榮航統一02購01,0,0,0,0,0,0,0,0,0,-20000,0,0,0,0,20000,-20000,-20000
064457,禾伸堂統一01購02,0,0,0,0,0,0,0,0,0,-20000,0,0,0,0,20000,-20000,-20000
063105,健策群益9C購01  ,0,0,0,0,0,0,0,0,0,-20000,0,0,0,1000,21000,-20000,-20000
063118,中鋼元大9C購01  ,0,0,0,0,0,0,0,0,0,-20000,0,0,0,5000,25000,-20000,-20000
063048,聯詠兆豐9B購01  ,0,0,0,0,0,0,0,0,0,-20000,0,0,0,0,20000,-20000,-20000
063049,上海銀兆豐9B購01,0,0,0,0,0,0,0,0,0,-20000,0,0,0,85000,105000,-20000,-20000
062764,世芯凱基9B購02  ,0,0,0,0,0,0,0,0,0,-20000,0,0,0,10000,30000,-20000,-20000
062548,智易永豐9B購01  ,0,0,0,0,0,0,0,0,0,-20000,0,0,0,10000,30000,-20000,-20000
062639,臻鼎國票9C購01  ,0,0,0,0,0,0,0,0,0,-20000,0,0,0,34000,54000,-20000,-20000
062243,臺指反元大02購04,0,0,0,0,0,0,0,0,0,-20000,0,0,0,0,20000,-20000,-20000
062153,智邦麥證9B購01  ,0,0,0,0,20000,-20000,0,0,0,-20000,0,0,0,0,20000,-20000,-20000
062177,上銀元大9B購02  ,0,0,0,0,0,0,0,0,0,-20000,0,0,0,0,20000,-20000,-20000
062426,大立光統一02購02,0,0,0,0,0,0,0,0,0,-20000,0,0,0,0,20000,-20000,-20000
08486P,富邦金群益9C售02,0,0,0,0,0,0,0,0,0,-21000,0,0,0,0,21000,-21000,-21000
08235P,南電國泰9C售03  ,0,0,0,0,0,0,0,0,0,-21000,0,0,0,0,21000,-21000,-21000
08324P,大立光凱基9C售05,0,0,0,0,0,0,0,0,0,-21000,0,0,0,0,21000,-21000,-21000
1507,永大            ,11000,32000,-21000,0,0,0,0,0,0,0,0,0,0,0,0,0,-21000
4306,炎洲            ,6000,27000,-21000,0,0,0,0,0,0,0,0,0,0,0,0,0,-21000
064907,緯穎群益9C購02  ,0,0,0,0,0,0,0,0,0,-21000,0,0,0,0,21000,-21000,-21000
065204,神隆國票01購01  ,0,0,0,0,0,0,0,0,0,-21000,0,0,0,0,21000,-21000,-21000
07127P,精元元大99售01  ,0,0,0,0,0,0,0,0,0,-21000,0,0,0,4000,25000,-21000,-21000
056739,美律凱基98購04  ,0,0,0,0,0,0,0,0,0,-21000,0,0,0,0,21000,-21000,-21000
057789,上銀統一9A購01  ,0,0,0,0,0,0,0,0,0,-21000,0,0,0,0,21000,-21000,-21000
056471,台光電元大99購01,0,0,0,0,0,0,0,0,0,-21000,0,0,0,3000,24000,-21000,-21000
061003,南亞科兆豐9A購01,0,0,0,0,0,0,0,0,0,-21000,0,0,0,20000,41000,-21000,-21000
057437,可成國票99購01  ,0,0,0,0,0,0,0,0,0,-21000,0,0,0,37000,58000,-21000,-21000
057306,玉晶光兆豐99購01,0,0,0,0,0,0,0,0,0,-21000,0,0,0,11000,32000,-21000,-21000
057347,國巨統一9A購03  ,0,0,0,0,0,0,0,0,0,-21000,0,0,0,153000,174000,-21000,-21000
042953,鴻海台新01購01  ,0,0,0,0,0,0,0,0,0,-21000,0,0,0,0,21000,-21000,-21000
046937,聯電元大99購01  ,0,0,0,0,0,0,0,0,0,-21000,0,0,0,26000,47000,-21000,-21000
060874,中鋼中信02購01  ,0,0,0,0,0,0,0,0,0,-21000,0,0,0,29000,50000,-21000,-21000
061155,華新科群益9A購06,0,0,0,0,0,0,0,0,0,-21000,0,0,0,0,21000,-21000,-21000
058611,欣興元大99購06  ,0,0,0,0,0,0,0,0,0,-21000,0,0,0,115000,136000,-21000,-21000
058244,神達元大99購02  ,0,0,0,0,0,0,0,0,0,-21000,0,0,0,0,21000,-21000,-21000
058235,大立光元大99購08,0,0,0,0,0,0,0,0,0,-21000,0,0,0,0,21000,-21000,-21000
061580,華擎元大9A購06  ,0,0,0,0,0,0,0,0,0,-21000,0,0,0,35000,56000,-21000,-21000
062048,義隆台新9B購01  ,0,0,0,0,0,0,0,0,0,-21000,0,0,0,9000,30000,-21000,-21000
061899,復盛永豐9B購01  ,0,0,0,0,0,0,0,0,0,-21000,0,0,0,5000,26000,-21000,-21000
058085,景碩群益9A購01  ,0,0,0,0,0,0,0,0,0,-21000,0,0,0,56000,77000,-21000,-21000
062425,可成統一01購01  ,0,0,0,0,0,0,0,0,0,-21000,0,0,0,0,21000,-21000,-21000
063122,聯發科元大9B購15,0,0,0,0,0,0,0,0,0,-21000,0,0,0,11000,32000,-21000,-21000
063514,南電麥證9C購01  ,0,0,0,27000,50000,-23000,0,0,0,-21000,0,0,0,31000,52000,-21000,-21000
063640,貿聯元大9B購03  ,0,0,0,0,0,0,0,0,0,-21000,0,0,0,0,21000,-21000,-21000
063647,超眾元大9B購02  ,0,0,0,0,0,0,0,0,0,-21000,0,0,0,0,21000,-21000,-21000
07146P,瑞昱元大99售02  ,0,0,0,0,0,0,0,0,0,-22000,0,0,0,10000,32000,-22000,-22000
08078P,聯發科國票9B售04,0,0,0,0,0,0,0,0,0,-22000,0,0,0,0,22000,-22000,-22000
07879P,瑞昱群益9C售01  ,0,0,0,0,0,0,0,0,0,-22000,0,0,0,10000,32000,-22000,-22000
06673P,大立光群益98售01,0,0,0,0,0,0,0,0,0,-22000,0,0,0,1000,23000,-22000,-22000
4576,大銀微系統      ,26000,48000,-22000,0,0,0,0,0,0,0,0,0,0,0,0,0,-22000
3164,景岳            ,56000,76000,-20000,0,0,0,0,0,0,-2000,0,2000,-2000,0,0,0,-22000
2414,精技            ,10000,25000,-15000,0,0,0,0,0,0,-7000,0,7000,-7000,0,0,0,-22000
08203P,同欣電永豐9B售04,0,0,0,0,0,0,0,0,0,-22000,0,0,0,0,22000,-22000,-22000
055597,禾伸堂元大98購02,0,0,0,0,0,0,0,0,0,-22000,0,0,0,0,22000,-22000,-22000
00686R,群益臺灣加權反1 ,0,0,0,0,0,0,0,0,0,-22000,0,0,0,42000,64000,-22000,-22000
057683,技嘉日盛98購01  ,0,0,0,0,0,0,0,0,0,-22000,0,0,0,2000,24000,-22000,-22000
057672,茂林元大98購02  ,0,0,0,0,0,0,0,0,0,-22000,0,0,0,0,22000,-22000,-22000
053487,台泥兆豐97購01  ,0,0,0,0,0,0,0,0,0,-22000,0,0,0,0,22000,-22000,-22000
057286,群創元大9B購05  ,0,0,0,0,0,0,0,0,0,-22000,0,0,0,0,22000,-22000,-22000
055700,緯穎國泰98購02  ,0,0,0,0,0,0,0,0,0,-22000,0,0,0,0,22000,-22000,-22000
056104,義隆永豐97購01  ,0,0,0,0,0,0,0,0,0,-22000,0,0,0,0,22000,-22000,-22000
056796,國巨麥證98購02  ,0,0,0,0,23000,-23000,0,0,0,-22000,0,0,0,1000,23000,-22000,-22000
061973,上銀元大9B購01  ,0,0,0,0,0,0,0,0,0,-22000,0,0,0,30000,52000,-22000,-22000
057962,超眾元大99購03  ,0,0,0,0,0,0,0,0,0,-22000,0,0,0,2000,24000,-22000,-22000
060631,微星富邦9B購01  ,0,0,0,0,0,0,0,0,0,-22000,0,0,0,15000,37000,-22000,-22000
059665,嘉聯益元大99購06,0,0,0,0,0,0,0,0,0,-22000,0,0,0,23000,45000,-22000,-22000
059537,大立光凱基99購09,0,0,0,0,0,0,0,0,0,-22000,0,0,0,13000,35000,-22000,-22000
058946,SGBR2X群益9B購01,0,0,0,0,0,0,0,0,0,-22000,0,0,0,0,22000,-22000,-22000
060130,瀚宇博永豐99購02,0,0,0,0,0,0,0,0,0,-22000,0,0,0,10000,32000,-22000,-22000
061175,台積電凱基9A購19,0,0,0,0,0,0,0,0,0,-22000,0,0,0,1000,23000,-22000,-22000
063536,美食統一01購01  ,0,0,0,0,0,0,0,0,0,-22000,0,0,0,3000,25000,-22000,-22000
063178,聯發科兆豐9B購04,0,0,0,0,0,0,0,0,0,-22000,0,0,0,9000,31000,-22000,-22000
062452,A50正2群益01購04,0,0,0,0,0,0,0,0,0,-22000,0,0,0,0,22000,-22000,-22000
062650,南電富邦01購01  ,0,0,0,0,0,0,0,0,0,-22000,0,0,0,89000,111000,-22000,-22000
062607,美食凱基9B購01  ,0,0,0,0,0,0,0,0,0,-22000,0,0,0,40000,62000,-22000,-22000
062820,禾伸堂兆豐9B購01,0,0,0,0,0,0,0,0,0,-22000,0,0,0,15000,37000,-22000,-22000
062746,致伸永豐9B購01  ,0,0,0,0,0,0,0,0,0,-22000,0,0,0,0,22000,-22000,-22000
08263P,台表科元大9C售06,0,0,0,0,0,0,0,0,0,-23000,0,0,0,118000,141000,-23000,-23000
2228,劍麟            ,32000,55000,-23000,0,0,0,0,0,0,0,0,0,0,0,0,0,-23000
2014,中鴻            ,217000,240000,-23000,0,0,0,0,0,0,0,0,0,0,0,0,0,-23000
4148,全宇生技-KY     ,188000,214000,-26000,0,0,0,0,0,0,3000,3000,0,3000,0,0,0,-23000
3550,聯穎            ,0,23000,-23000,0,0,0,0,0,0,0,0,0,0,0,0,0,-23000
2527,宏璟            ,17000,40000,-23000,0,0,0,0,0,0,0,0,0,0,0,0,0,-23000
5546,永固-KY         ,19000,42000,-23000,0,0,0,0,0,0,0,0,0,0,0,0,0,-23000
065101,力成元大9C購05  ,0,0,0,0,0,0,0,0,0,-23000,0,0,0,38000,61000,-23000,-23000
08173P,金像電凱基9B售02,0,0,0,0,0,0,0,0,0,-23000,0,0,0,239000,262000,-23000,-23000
07389P,臺股指群益9C售08,0,0,0,0,0,0,0,0,0,-23000,0,0,0,0,23000,-23000,-23000
056835,聯電元富99購01  ,0,0,0,0,0,0,0,0,0,-23000,0,0,0,139000,162000,-23000,-23000
055679,華通凱基99購01  ,0,0,0,0,0,0,0,0,0,-23000,0,0,0,60000,83000,-23000,-23000
056478,晶技元大99購01  ,0,0,0,0,0,0,0,0,0,-23000,0,0,0,9000,32000,-23000,-23000
057214,瑞昱群益98購01  ,0,0,0,0,0,0,0,0,0,-23000,0,0,0,10000,33000,-23000,-23000
055874,中環元富9A購01  ,0,0,0,0,0,0,0,0,0,-23000,0,0,0,147000,170000,-23000,-23000
053610,矽力中信98購01  ,0,0,0,0,0,0,0,0,0,-23000,0,0,0,0,23000,-23000,-23000
057705,臺股指群益98購05,0,0,0,0,0,0,0,0,0,-23000,0,0,0,12000,35000,-23000,-23000
061143,道瓊指中信9C購04,0,0,0,0,0,0,0,0,0,-23000,0,0,0,2000,25000,-23000,-23000
061480,泰碩元大9B購01  ,0,0,0,0,0,0,0,0,0,-23000,0,0,0,13000,36000,-23000,-23000
058979,上銀凱基99購04  ,0,0,0,0,0,0,0,0,0,-23000,0,0,0,0,23000,-23000,-23000
058908,貿聯元大99購03  ,0,0,0,0,0,0,0,0,0,-23000,0,0,0,10000,33000,-23000,-23000
058455,玉晶光永豐99購03,0,0,0,0,0,0,0,0,0,-23000,0,0,0,11000,34000,-23000,-23000
058504,台積電元大99購07,0,0,0,0,0,0,0,0,0,-23000,0,0,0,6000,29000,-23000,-23000
059649,矽力凱基99購02  ,0,0,0,0,0,0,0,0,0,-23000,0,0,0,0,23000,-23000,-23000
059699,華通凱基99購04  ,0,0,0,0,0,0,0,0,0,-23000,0,0,0,6000,29000,-23000,-23000
060329,鎧勝群益9B購01  ,0,1000,-1000,0,0,0,0,0,0,-22000,0,0,0,52000,74000,-22000,-23000
060412,儒鴻永豐9A購01  ,0,0,0,0,0,0,0,0,0,-23000,0,0,0,53000,76000,-23000,-23000
058033,景碩永豐98購02  ,0,0,0,0,0,0,0,0,0,-23000,0,0,0,0,23000,-23000,-23000
057904,矽力永豐98購01  ,0,0,0,0,0,0,0,0,0,-23000,0,0,0,1000,24000,-23000,-23000
059065,南電凱基9A購01  ,0,0,0,0,0,0,0,0,0,-23000,0,0,0,75000,98000,-23000,-23000
063396,金像電群益9C購01,0,0,0,0,0,0,0,0,0,-23000,0,0,0,12000,35000,-23000,-23000
063728,國巨元大9B購21  ,0,0,0,0,0,0,0,0,0,-23000,0,0,0,132000,155000,-23000,-23000
064106,國巨兆豐9C購04  ,0,0,0,0,0,0,0,0,0,-23000,0,0,0,11000,34000,-23000,-23000
064330,燿華元大9C購02  ,0,0,0,0,0,0,0,0,0,-23000,0,0,0,431000,454000,-23000,-23000
064225,健策國票01購02  ,0,0,0,0,0,0,0,0,0,-23000,0,0,0,12000,35000,-23000,-23000
064734,大立光元富9C購05,0,0,0,0,0,0,0,0,0,-23000,0,0,0,7000,30000,-23000,-23000
07402P,瑞昱凱基99售02  ,0,0,0,0,0,0,0,0,0,-24000,0,0,0,0,24000,-24000,-24000
07630P,臺股指凱基9A售11,0,0,0,0,0,0,0,0,0,-24000,0,0,0,1000,25000,-24000,-24000
065095,玉晶光元大02購02,0,0,0,0,0,0,0,0,0,-24000,0,0,0,2000,26000,-24000,-24000
065084,南亞科元大9C購08,0,0,0,0,0,0,0,0,0,-24000,0,0,0,0,24000,-24000,-24000
06600P,貿聯永豐98售01  ,0,0,0,0,0,0,0,0,0,-24000,0,0,0,13000,37000,-24000,-24000
2887F,台新戊特二      ,0,0,0,0,0,0,0,0,0,-24000,0,24000,-24000,0,0,0,-24000
08458P,南電元大9C售04  ,0,0,0,0,0,0,0,0,0,-24000,0,0,0,20000,44000,-24000,-24000
08543P,世芯國票01售02  ,0,0,0,0,0,0,0,0,0,-24000,0,0,0,0,24000,-24000,-24000
054354,技嘉富邦97購01  ,0,0,0,0,0,0,0,0,0,-24000,0,0,0,10000,34000,-24000,-24000
00678,群益NBI生技     ,0,54000,-54000,0,0,0,0,0,0,30000,0,0,0,631000,601000,30000,-24000
006208,富邦台50        ,0,0,0,0,0,0,0,0,0,-24000,0,0,0,330000,354000,-24000,-24000
00708L,元大S&P黃金正2  ,0,0,0,0,0,0,0,0,0,-24000,0,0,0,406000,430000,-24000,-24000
058686,祥碩凱基99購03  ,0,0,0,0,0,0,0,0,0,-24000,0,0,0,1000,25000,-24000,-24000
056028,GIS群益97購02   ,0,0,0,0,0,0,0,0,0,-24000,0,0,0,30000,54000,-24000,-24000
059146,貿聯國票9A購02  ,0,0,0,0,0,0,0,0,0,-24000,0,0,0,0,24000,-24000,-24000
061998,緯穎元大9B購03  ,0,0,0,0,0,0,0,0,0,-24000,0,0,0,109000,133000,-24000,-24000
061826,台郡麥證9B購01  ,0,0,0,0,24000,-24000,0,0,0,-24000,0,0,0,0,24000,-24000,-24000
060511,群創元大9B購08  ,0,0,0,0,0,0,0,0,0,-24000,0,0,0,2000,26000,-24000,-24000
060351,滬深2X元富9A購01,0,0,0,0,0,0,0,0,0,-24000,0,0,0,6000,30000,-24000,-24000
059807,大立光元富99購09,17000,0,17000,0,0,0,0,0,0,-41000,0,0,0,6000,47000,-41000,-24000
058438,大立光統一9B購01,0,0,0,0,0,0,0,0,0,-24000,0,0,0,0,24000,-24000,-24000
059197,可成永豐99購02  ,0,0,0,0,0,0,0,0,0,-24000,0,0,0,0,24000,-24000,-24000
059387,華通凱基9A購03  ,0,0,0,0,0,0,0,0,0,-24000,0,0,0,4000,28000,-24000,-24000
064221,華通國票01購01  ,10000,0,10000,0,0,0,0,0,0,-34000,0,0,0,706000,740000,-34000,-24000
064412,緯穎凱基01購01  ,0,0,0,0,0,0,0,0,0,-24000,0,0,0,0,24000,-24000,-24000
06413P,聯發科凱基97售11,0,0,0,0,0,0,0,0,0,-24000,0,0,0,0,24000,-24000,-24000
063352,上銀元富9B購02  ,0,0,0,0,0,0,0,0,0,-24000,0,0,0,37000,61000,-24000,-24000
063123,聯發科元大9B購16,0,0,0,0,0,0,0,0,0,-24000,0,0,0,0,24000,-24000,-24000
063150,聯發科元富05購03,0,0,0,0,0,0,0,0,0,-24000,0,0,0,7000,31000,-24000,-24000
063114,南電兆豐9B購01  ,0,0,0,0,0,0,0,0,0,-24000,0,0,0,9000,33000,-24000,-24000
062688,華擎統一01購03  ,0,0,0,0,0,0,0,0,0,-24000,0,0,0,86000,110000,-24000,-24000
062450,臻鼎元大9B購02  ,0,0,0,0,0,0,0,0,0,-24000,0,0,0,0,24000,-24000,-24000
1210,大成            ,482000,266000,216000,0,0,0,64000,160000,-96000,-145000,10000,155000,-145000,0,0,0,-25000
08441P,同欣電元富9C售01,0,0,0,0,0,0,0,0,0,-25000,0,0,0,40000,65000,-25000,-25000
08271P,華通元富9C售01  ,0,0,0,0,0,0,0,0,0,-25000,0,0,0,5000,30000,-25000,-25000
08209P,上銀元富9B售06  ,0,0,0,0,0,0,0,0,0,-25000,0,0,0,40000,65000,-25000,-25000
3209,全科            ,31000,56000,-25000,0,0,0,0,0,0,0,0,0,0,0,0,0,-25000
3416,融程電          ,3000,23000,-20000,0,0,0,0,0,0,-5000,0,0,0,0,5000,-5000,-25000
06592P,欣興元大98售04  ,0,0,0,0,0,0,0,0,0,-25000,0,0,0,10000,35000,-25000,-25000
065044,大立光凱基9C購06,0,0,0,0,0,0,0,0,0,-25000,0,0,0,0,25000,-25000,-25000
064806,微星元大01購01  ,0,0,0,0,0,0,0,0,0,-25000,0,0,0,85000,110000,-25000,-25000
07491P,臺股指國票9A售09,0,0,0,0,0,0,0,0,0,-25000,0,0,0,0,25000,-25000,-25000
07247P,聯發科凱基9A售06,0,0,0,0,0,0,0,0,0,-25000,0,0,0,0,25000,-25000,-25000
07773P,台灣50群益9A售15,0,0,0,0,0,0,0,0,0,-25000,0,0,0,0,25000,-25000,-25000
056457,嘉澤凱基98購01  ,0,0,0,0,0,0,0,0,0,-25000,0,0,0,33000,58000,-25000,-25000
059875,信邦凱基99購02  ,0,0,0,0,0,0,0,0,0,-25000,0,0,0,0,25000,-25000,-25000
061001,智邦兆豐9B購01  ,0,0,0,0,0,0,0,0,0,-25000,0,0,0,5000,30000,-25000,-25000
061082,台光電兆豐9A購01,0,0,0,0,0,0,0,0,0,-25000,0,0,0,0,25000,-25000,-25000
057280,大立光元大98購15,0,0,0,0,0,0,0,0,0,-25000,0,0,0,1000,26000,-25000,-25000
05750P,臺股指群益99售04,0,0,0,0,0,0,0,0,0,-25000,0,0,0,9000,34000,-25000,-25000
053997,健策群益97購02  ,0,0,0,0,0,0,0,0,0,-25000,0,0,0,0,25000,-25000,-25000
054158,國巨日盛99購01  ,0,0,0,0,0,0,0,0,0,-25000,0,0,0,0,25000,-25000,-25000
056646,奇鋐凱基99購02  ,0,0,0,0,0,0,0,0,0,-25000,0,0,0,20000,45000,-25000,-25000
057627,和大永豐98購01  ,0,0,0,0,0,0,0,0,0,-25000,0,0,0,0,25000,-25000,-25000
056520,鴻海日盛99購01  ,0,0,0,0,0,0,0,0,0,-25000,0,0,0,10000,35000,-25000,-25000
058441,T50反1台新03購01,0,0,0,0,0,0,0,0,0,-25000,0,0,0,0,25000,-25000,-25000
060061,旺宏兆豐99購02  ,0,0,0,0,0,0,0,0,0,-25000,0,0,0,85000,110000,-25000,-25000
060107,旭富元大99購03  ,0,0,0,0,0,0,0,0,0,-25000,0,0,0,270000,295000,-25000,-25000
061392,泰鼎群益9A購02  ,0,0,0,0,0,0,0,0,0,-25000,0,0,0,0,25000,-25000,-25000
061268,玉晶光凱基9B購04,0,0,0,0,0,0,0,0,0,-25000,0,0,0,30000,55000,-25000,-25000
061290,玉晶光統一01購04,0,0,0,0,0,0,0,0,0,-25000,0,0,0,67000,92000,-25000,-25000
061304,創意永豐9A購02  ,0,0,0,0,0,0,0,0,0,-25000,0,0,0,0,25000,-25000,-25000
061309,鴻海統一9C購05  ,0,0,0,0,0,0,0,0,0,-25000,0,0,0,0,25000,-25000,-25000
060813,高鐵凱基9A購01  ,0,0,0,0,0,0,0,0,0,-25000,0,0,0,34000,59000,-25000,-25000
058861,國巨凱基9A購08  ,0,0,0,0,0,0,0,0,0,-25000,0,0,0,5000,30000,-25000,-25000
058782,臺股指國票99購01,0,0,0,0,0,0,0,0,0,-25000,0,0,0,50000,75000,-25000,-25000
059634,可成凱基99購07  ,0,0,0,0,0,0,0,0,0,-25000,0,0,0,0,25000,-25000,-25000
060426,盛群永豐9A購01  ,0,0,0,0,0,0,0,0,0,-25000,0,0,0,41000,66000,-25000,-25000
058020,大立光凱基99購03,0,0,0,0,0,0,0,0,0,-25000,0,0,0,0,25000,-25000,-25000
059187,國巨富邦9B購02  ,0,0,0,0,0,0,0,0,0,-25000,0,0,0,50000,75000,-25000,-25000
061705,健策國票9A購06  ,0,0,0,0,0,0,0,0,0,-25000,0,0,0,0,25000,-25000,-25000
059015,華通元富99購02  ,0,0,0,0,0,0,0,0,0,-25000,0,0,0,5000,30000,-25000,-25000
062237,緯創凱基9B購01  ,0,0,0,0,0,0,0,0,0,-25000,0,0,0,366000,391000,-25000,-25000
062604,東元凱基9B購01  ,0,0,0,0,0,0,0,0,0,-25000,0,0,0,13000,38000,-25000,-25000
063126,TPK元大9B購01   ,0,0,0,0,0,0,0,0,0,-25000,0,0,0,15000,40000,-25000,-25000
062918,祥碩元大9C購02  ,0,0,0,0,0,0,0,0,0,-25000,0,0,0,22000,47000,-25000,-25000
063952,玉晶光元大01購01,0,0,0,0,0,0,0,0,0,-25000,0,0,0,0,25000,-25000,-25000
063522,技嘉凱基9B購03  ,0,0,0,0,0,0,0,0,0,-25000,0,0,0,53000,78000,-25000,-25000
064329,國巨元大01購03  ,0,0,0,0,0,0,0,0,0,-25000,0,0,0,0,25000,-25000,-25000
064706,嘉晶富邦01購01  ,0,0,0,0,0,0,0,0,0,-25000,0,0,0,0,25000,-25000,-25000
065025,健策永豐9C購02  ,0,0,0,0,0,0,0,0,0,-26000,0,0,0,30000,56000,-26000,-26000
4108,懷特            ,38000,64000,-26000,0,0,0,0,0,0,0,0,0,0,0,0,0,-26000
4967,十銓            ,121000,148000,-27000,0,0,0,0,0,0,1000,1000,0,1000,0,0,0,-26000
1325,恆大            ,275000,292000,-17000,0,0,0,7000,0,7000,-16000,14000,7000,7000,0,23000,-23000,-26000
1560,中砂            ,22000,48000,-26000,0,0,0,0,0,0,0,0,0,0,0,0,0,-26000
057701,嘉聯益群益98購02,0,0,0,0,0,0,0,0,0,-26000,0,0,0,98000,124000,-26000,-26000
056623,禾伸堂永豐98購01,0,0,0,0,0,0,0,0,0,-26000,0,0,0,4000,30000,-26000,-26000
057747,致新永豐98購01  ,0,0,0,0,0,0,0,0,0,-26000,0,0,0,0,26000,-26000,-26000
054586,健鼎國泰99購01  ,0,0,0,0,0,0,0,0,0,-26000,0,0,0,49000,75000,-26000,-26000
00717,富邦美國特別股  ,0,0,0,0,0,0,0,0,0,-26000,0,0,0,491000,517000,-26000,-26000
055437,禾伸堂中信99購01,0,0,0,0,0,0,0,0,0,-26000,0,0,0,77000,103000,-26000,-26000
059934,華通永豐99購02  ,0,0,0,0,0,0,0,0,0,-26000,0,0,0,0,26000,-26000,-26000
061719,緯穎凱基9A購06  ,0,0,0,0,0,0,0,0,0,-26000,0,0,0,100000,126000,-26000,-26000
061991,牧德元大9C購01  ,0,0,0,0,0,0,0,0,0,-26000,0,0,0,25000,51000,-26000,-26000
061931,力山國票9B購02  ,0,0,0,0,0,0,0,0,0,-26000,0,0,0,0,26000,-26000,-26000
060619,玉晶光元大9A購03,0,0,0,0,0,0,0,0,0,-26000,0,0,0,11000,37000,-26000,-26000
059648,台表科凱基99購03,0,0,0,0,0,0,0,0,0,-26000,0,0,0,0,26000,-26000,-26000
060898,世芯凱基9A購03  ,0,0,0,0,0,0,0,0,0,-26000,0,0,0,0,26000,-26000,-26000
060912,華新科元大9A購10,0,0,0,0,0,0,0,0,0,-26000,0,0,0,4000,30000,-26000,-26000
061296,台積電國泰9C購01,0,0,0,0,0,0,0,0,0,-26000,0,0,0,0,26000,-26000,-26000
058402,欣興元大99購04  ,0,0,0,0,0,0,0,0,0,-26000,0,0,0,69000,95000,-26000,-26000
058612,健策元大99購02  ,0,0,0,0,0,0,0,0,0,-26000,0,0,0,0,26000,-26000,-26000
064743,聯詠國票01購01  ,0,0,0,0,0,0,0,0,0,-26000,0,0,0,0,26000,-26000,-26000
063734,可成元大9B購04  ,0,0,0,0,0,0,0,0,0,-26000,0,0,0,4000,30000,-26000,-26000
063735,華新科元大9B購15,10000,0,10000,0,0,0,0,0,0,-36000,0,0,0,0,36000,-36000,-26000
064128,國產元大9C購01  ,0,0,0,0,0,0,0,0,0,-26000,0,0,0,0,26000,-26000,-26000
064082,緯創中信06購01  ,0,0,0,0,0,0,0,0,0,-26000,0,0,0,75000,101000,-26000,-26000
063424,新日興凱基01購01,0,0,0,0,0,0,0,0,0,-26000,0,0,0,30000,56000,-26000,-26000
063447,聯發科統一9B購12,0,0,0,0,0,0,0,0,0,-26000,0,0,0,40000,66000,-26000,-26000
062302,聯詠中信05購02  ,0,0,0,0,0,0,0,0,0,-26000,0,0,0,29000,55000,-26000,-26000
1454,台富            ,15000,42000,-27000,0,0,0,0,0,0,0,0,0,0,0,0,0,-27000
1903,士紙            ,77000,104000,-27000,0,0,0,0,0,0,0,0,0,0,0,0,0,-27000
2476,鉅祥            ,18000,45000,-27000,0,0,0,0,0,0,0,0,0,0,0,0,0,-27000
5288,豐祥-KY         ,46000,73000,-27000,0,0,0,0,0,0,0,0,0,0,0,0,0,-27000
9925,新保            ,68000,95000,-27000,0,0,0,0,0,0,0,0,0,0,0,0,0,-27000
065189,台郡統一9C購03  ,0,0,0,0,0,0,0,0,0,-27000,0,0,0,0,27000,-27000,-27000
06993P,鴻海凱基99售05  ,0,0,0,0,0,0,0,0,0,-27000,0,0,0,40000,67000,-27000,-27000
07202P,台灣50凱基9C售04,0,0,0,0,0,0,0,0,0,-27000,0,0,0,26000,53000,-27000,-27000
07122P,欣興凱基99售05  ,0,0,0,0,0,0,0,0,0,-27000,0,0,0,20000,47000,-27000,-27000
061020,超眾國票9A購02  ,0,0,0,0,0,0,0,0,0,-27000,0,0,0,0,27000,-27000,-27000
057499,奇鋐群益98購01  ,0,0,0,0,0,0,0,0,0,-27000,0,0,0,0,27000,-27000,-27000
057404,貿聯群益99購01  ,0,0,0,0,0,0,0,0,0,-27000,0,0,0,0,27000,-27000,-27000
057530,奇鋐元大99購01  ,0,0,0,0,0,0,0,0,0,-27000,0,0,0,23000,50000,-27000,-27000
057136,立積凱基98購02  ,0,0,0,0,0,0,0,0,0,-27000,0,0,0,0,27000,-27000,-27000
057736,鴻海富邦99購04  ,0,0,0,0,0,0,0,0,0,-27000,0,0,0,0,27000,-27000,-27000
056563,華新科群益98購04,0,0,0,0,0,0,0,0,0,-27000,0,0,0,0,27000,-27000,-27000
060183,南亞科元富9A購01,0,0,0,0,0,0,0,0,0,-27000,0,0,0,1000,28000,-27000,-27000
061202,和大元大9A購02  ,0,0,0,0,0,0,0,0,0,-27000,0,0,0,12000,39000,-27000,-27000
060028,國揚永豐99購01  ,0,0,0,0,0,0,0,0,0,-27000,0,0,0,0,27000,-27000,-27000
060016,廣達康和99購01  ,0,0,0,0,0,0,0,0,0,-27000,0,0,0,124000,151000,-27000,-27000
059443,嘉聯益元大9B購01,0,0,0,0,0,0,0,0,0,-27000,0,0,0,14000,41000,-27000,-27000
062356,國巨元大9B購10  ,0,0,0,0,0,0,0,0,0,-27000,0,0,0,1000,28000,-27000,-27000
062378,台表科元大9C購01,0,0,0,0,0,0,0,0,0,-27000,0,0,0,48000,75000,-27000,-27000
062915,嘉澤元大9B購03  ,0,0,0,0,0,0,0,0,0,-27000,0,0,0,248000,275000,-27000,-27000
063074,創意永豐9B購02  ,0,0,0,0,0,0,0,0,0,-27000,0,0,0,0,27000,-27000,-27000
063703,晶豪科群益9B購02,0,0,0,0,0,0,0,0,0,-27000,0,0,0,0,27000,-27000,-27000
06453P,群創元大9B售02  ,0,0,0,0,0,0,0,0,0,-27000,0,0,0,42000,69000,-27000,-27000
07764P,世紀鋼永豐9A售04,0,0,0,0,0,0,0,0,0,-28000,0,0,0,0,28000,-28000,-28000
06597P,國巨富邦9A售05  ,0,0,0,0,0,0,0,0,0,-28000,0,0,0,52000,80000,-28000,-28000
065040,燿華凱基9C購01  ,0,0,0,0,0,0,0,0,0,-28000,0,0,0,104000,132000,-28000,-28000
3266,昇陽            ,4000,32000,-28000,0,0,0,0,0,0,0,0,0,0,0,0,0,-28000
054309,禾伸堂凱基98購01,0,0,0,0,0,0,0,0,0,-28000,0,0,0,20000,48000,-28000,-28000
056127,致新國票98購02  ,0,0,0,0,0,0,0,0,0,-28000,0,0,0,33000,61000,-28000,-28000
05709P,大立光國票97售01,0,0,0,0,0,0,0,0,0,-28000,0,0,0,0,28000,-28000,-28000
06076P,大立光凱基98售03,0,0,0,0,0,0,0,0,0,-28000,0,0,0,0,28000,-28000,-28000
060410,台苯永豐9A購01  ,0,0,0,0,0,0,0,0,0,-28000,0,0,0,0,28000,-28000,-28000
062063,世紀鋼統一9C購01,0,0,0,0,0,0,0,0,0,-28000,0,0,0,100000,128000,-28000,-28000
061869,智邦元大9B購01  ,0,0,0,0,0,0,0,0,0,-28000,0,0,0,24000,52000,-28000,-28000
061699,燿華國票9A購01  ,0,0,0,0,0,0,0,0,0,-28000,0,0,0,126000,154000,-28000,-28000
059165,南亞科凱基99購04,0,0,0,0,0,0,0,0,0,-28000,0,0,0,50000,78000,-28000,-28000
061458,臻鼎凱基9A購02  ,0,0,0,0,0,0,0,0,0,-28000,0,0,0,0,28000,-28000,-28000
064415,群創麥證9C購01  ,0,0,0,20000,48000,-28000,0,0,0,-28000,0,0,0,20000,48000,-28000,-28000
064489,宏碁元大9C購01  ,0,0,0,0,0,0,0,0,0,-28000,0,0,0,5000,33000,-28000,-28000
064356,矽創元大01購01  ,0,0,0,0,0,0,0,0,0,-28000,0,0,0,109000,137000,-28000,-28000
063846,智邦元大9C購01  ,0,0,0,0,0,0,0,0,0,-28000,0,0,0,40000,68000,-28000,-28000
064058,儒鴻麥證01購01  ,0,0,0,0,30000,-30000,0,0,0,-28000,0,0,0,2000,30000,-28000,-28000
063038,富邦金凱基9B購02,0,0,0,0,0,0,0,0,0,-28000,0,0,0,10000,38000,-28000,-28000
062310,南亞科凱基9B購02,0,0,0,0,0,0,0,0,0,-28000,0,0,0,14000,42000,-28000,-28000
2459,敦吉            ,1000,31000,-30000,0,0,0,1000,0,1000,0,0,0,0,0,0,0,-29000
1446,宏和            ,15000,44000,-29000,0,0,0,0,0,0,0,0,0,0,0,0,0,-29000
08299P,玉晶光國票02售01,0,0,0,0,0,0,0,0,0,-29000,0,0,0,0,29000,-29000,-29000
064866,義隆永豐9C購02  ,0,0,0,0,0,0,0,0,0,-29000,0,0,0,57000,86000,-29000,-29000
08156P,大立光元富9B售05,0,0,0,0,0,0,0,0,0,-29000,0,0,0,32000,61000,-29000,-29000
060732,玉晶光群益9C購02,0,0,0,0,0,0,0,0,0,-29000,0,0,0,5000,34000,-29000,-29000
055858,聯茂元大97購03  ,0,0,0,0,0,0,0,0,0,-29000,0,0,0,20000,49000,-29000,-29000
055817,京鼎國票99購01  ,0,0,0,0,0,0,0,0,0,-29000,0,0,0,106000,135000,-29000,-29000
060182,旺宏元富9A購01  ,0,0,0,0,0,0,0,0,0,-29000,0,0,0,4000,33000,-29000,-29000
059241,旺宏凱基99購07  ,0,0,0,0,0,0,0,0,0,-29000,0,0,0,8000,37000,-29000,-29000
061643,嘉澤元大9A購05  ,0,0,0,0,0,0,0,0,0,-29000,0,0,0,125000,154000,-29000,-29000
059074,元油2X元大9C購15,0,0,0,0,0,0,0,0,0,-29000,0,0,0,10000,39000,-29000,-29000
060551,大立光凱基9B購02,0,0,0,0,0,0,0,0,0,-29000,0,0,0,0,29000,-29000,-29000
060510,大立光元大9A購03,0,0,0,0,0,0,0,0,0,-29000,0,0,0,0,29000,-29000,-29000
060264,華新科國票9A購02,0,0,0,0,0,0,0,0,0,-29000,0,0,0,1000,30000,-29000,-29000
062740,致伸國票9B購01  ,0,0,0,0,0,0,0,0,0,-29000,0,0,0,1000,30000,-29000,-29000
08063P,立積國票9B售03  ,0,0,0,0,0,0,0,0,0,-30000,0,0,0,0,30000,-30000,-30000
07840P,康控元大9A售02  ,0,0,0,0,0,0,0,0,0,-30000,0,0,0,339000,369000,-30000,-30000
07090P,台灣50凱基01售01,0,0,0,0,0,0,0,0,0,-30000,0,0,0,0,30000,-30000,-30000
07208P,台積電凱基99售14,0,0,0,0,0,0,0,0,0,-30000,0,0,0,0,30000,-30000,-30000
07315P,台積電台新99售06,0,0,0,0,0,0,0,0,0,-30000,0,0,0,0,30000,-30000,-30000
07564P,臺股指中信01售01,0,0,0,0,0,0,0,0,0,-30000,0,0,0,0,30000,-30000,-30000
07685P,玉晶光凱基9B售03,0,0,0,0,0,0,0,0,0,-30000,0,0,0,0,30000,-30000,-30000
064921,景碩統一02購01  ,0,1000,-1000,0,0,0,0,0,0,-29000,0,0,0,1000,30000,-29000,-30000
064941,台積電台新9C購04,0,0,0,0,0,0,0,0,0,-30000,0,0,0,0,30000,-30000,-30000
065118,國巨富邦01購02  ,0,0,0,0,0,0,0,0,0,-30000,0,0,0,1000,31000,-30000,-30000
06539P,聯發科凱基98售12,0,0,0,0,0,0,0,0,0,-30000,0,0,0,0,30000,-30000,-30000
08222P,南六凱基9B售05  ,0,0,0,0,0,0,0,0,0,-30000,0,0,0,0,30000,-30000,-30000
1709,和益            ,16000,46000,-30000,0,0,0,0,0,0,0,0,0,0,0,0,0,-30000
1702,南僑            ,60000,90000,-30000,0,0,0,0,0,0,0,0,0,0,0,0,0,-30000
057080,華新科統一99購02,0,0,0,0,0,0,0,0,0,-30000,0,0,0,0,30000,-30000,-30000
057529,嘉晶元大99購02  ,0,0,0,0,0,0,0,0,0,-30000,0,0,0,0,30000,-30000,-30000
055795,茂林國泰98購01  ,0,0,0,0,0,0,0,0,0,-30000,0,0,0,0,30000,-30000,-30000
055777,冠德凱基97購01  ,0,0,0,0,0,0,0,0,0,-30000,0,0,0,0,30000,-30000,-30000
057431,京鼎兆豐98購02  ,0,0,0,0,0,0,0,0,0,-30000,0,0,0,20000,50000,-30000,-30000
05749P,臺股指群益99售03,0,0,0,0,0,0,0,0,0,-30000,0,0,0,1000,31000,-30000,-30000
057447,智邦元富02購01  ,0,0,0,0,0,0,0,0,0,-30000,0,0,0,3000,33000,-30000,-30000
060744,鴻海國票9A購04  ,0,0,0,0,0,0,0,0,0,-30000,0,0,0,10000,40000,-30000,-30000
056002,嘉晶永豐97購01  ,0,0,0,0,0,0,0,0,0,-30000,0,0,0,10000,40000,-30000,-30000
057835,華擎元富9B購01  ,0,0,0,0,0,0,0,0,0,-30000,0,0,0,195000,225000,-30000,-30000
056727,滬深反凱基9B購01,0,0,0,0,0,0,0,0,0,-30000,0,0,0,0,30000,-30000,-30000
057780,台郡群益98購02  ,0,0,0,0,0,0,0,0,0,-30000,0,0,0,50000,80000,-30000,-30000
057154,易華電國泰99購01,0,0,0,0,0,0,0,0,0,-30000,0,0,0,0,30000,-30000,-30000
056461,樺漢凱基98購02  ,0,0,0,0,0,0,0,0,0,-30000,0,0,0,2000,32000,-30000,-30000
056427,上銀凱基98購03  ,0,0,0,0,0,0,0,0,0,-30000,0,0,0,0,30000,-30000,-30000
056376,玉晶光統一98購01,0,0,0,0,0,0,0,0,0,-30000,0,0,0,0,30000,-30000,-30000
054218,S&P反1統一98購02,0,0,0,0,0,0,0,0,0,-30000,0,0,0,0,30000,-30000,-30000
054266,緯穎元大96購07  ,0,0,0,0,0,0,0,0,0,-30000,0,0,0,20000,50000,-30000,-30000
054642,訊芯中信9A購01  ,0,0,0,0,0,0,0,0,0,-30000,0,0,0,0,30000,-30000,-30000
053358,晶技統一98購01  ,0,0,0,0,0,0,0,0,0,-30000,0,0,0,0,30000,-30000,-30000
056659,泰碩元大99購01  ,0,0,0,0,0,0,0,0,0,-30000,0,0,0,0,30000,-30000,-30000
057617,國巨凱基99購06  ,0,0,0,0,0,0,0,0,0,-30000,0,0,0,0,30000,-30000,-30000
055426,旺宏群益99購02  ,0,0,0,0,0,0,0,0,0,-30000,0,0,0,0,30000,-30000,-30000
046159,群創群益98購04  ,0,0,0,0,0,0,0,0,0,-30000,0,0,0,0,30000,-30000,-30000
039212,台達電台新9A購01,0,0,0,0,0,0,0,0,0,-30000,0,0,0,1000,31000,-30000,-30000
045444,群創元富98購02  ,0,0,0,0,0,0,0,0,0,-30000,0,0,0,0,30000,-30000,-30000
059815,SP黃豆凱基9A購03,0,0,0,0,0,0,0,0,0,-30000,0,0,0,0,30000,-30000,-30000
059570,全新凱基99購04  ,0,0,0,0,0,0,0,0,0,-30000,0,0,0,0,30000,-30000,-30000
059661,大立光元大99購22,0,0,0,0,0,0,0,0,0,-30000,0,0,0,0,30000,-30000,-30000
060489,世紀鋼群益9A購01,0,0,0,0,0,0,0,0,0,-30000,0,0,0,0,30000,-30000,-30000
057957,嘉晶元大98購01  ,0,0,0,0,0,0,0,0,0,-30000,0,0,0,0,30000,-30000,-30000
059041,南茂群益99購02  ,40000,0,40000,0,0,0,0,0,0,-70000,0,0,0,88000,158000,-70000,-30000
061666,友達中信01購01  ,0,0,0,0,0,0,0,0,0,-30000,0,0,0,0,30000,-30000,-30000
06165P,臺股指凱基9A售03,0,0,0,0,0,0,0,0,0,-30000,0,0,0,0,30000,-30000,-30000
061923,友達凱基9B購04  ,0,0,0,0,0,0,0,0,0,-30000,0,0,0,0,30000,-30000,-30000
061868,旺宏元大9B購03  ,0,0,0,0,0,0,0,0,0,-30000,0,0,0,2000,32000,-30000,-30000
061858,南電國票9B購02  ,0,0,0,0,0,0,0,0,0,-30000,0,0,0,31000,61000,-30000,-30000
061817,高鐵群益9B購01  ,0,0,0,0,0,0,0,0,0,-30000,0,0,0,0,30000,-30000,-30000
061802,勤誠永豐9B購01  ,0,0,0,0,0,0,0,0,0,-30000,0,0,0,20000,50000,-30000,-30000
062114,GIS國票9C購01   ,0,0,0,0,0,0,0,0,0,-30000,0,0,0,170000,200000,-30000,-30000
061830,元金2X凱基01購01,0,0,0,0,0,0,0,0,0,-30000,0,0,0,0,30000,-30000,-30000
061835,華新科凱基02購03,0,0,0,0,0,0,0,0,0,-30000,0,0,0,45000,75000,-30000,-30000
061836,華新科凱基05購01,0,0,0,0,0,0,0,0,0,-30000,0,0,0,0,30000,-30000,-30000
062022,緯穎永豐9B購01  ,0,0,0,0,0,0,0,0,0,-30000,0,0,0,0,30000,-30000,-30000
059212,鴻海元大99購28  ,0,0,0,0,0,0,0,0,0,-30000,0,0,0,0,30000,-30000,-30000
058596,旺宏台新99購01  ,0,0,0,0,0,0,0,0,0,-30000,0,0,0,0,30000,-30000,-30000
058537,彩晶統一9B購01  ,0,0,0,0,0,0,0,0,0,-30000,0,0,0,456000,486000,-30000,-30000
060145,牧德國票9A購02  ,0,0,0,0,0,0,0,0,0,-30000,0,0,0,20000,50000,-30000,-30000
058947,SGBR2X群益9B購02,0,0,0,0,0,0,0,0,0,-30000,0,0,0,0,30000,-30000,-30000
061620,禾伸堂群益9A購02,0,0,0,0,0,0,0,0,0,-30000,0,0,0,211000,241000,-30000,-30000
061598,南電永豐9A購04  ,0,0,0,0,0,0,0,0,0,-30000,0,0,0,0,30000,-30000,-30000
059999,緯穎元富99購01  ,0,0,0,0,0,0,0,0,0,-30000,0,0,0,5000,35000,-30000,-30000
059942,全新永豐99購04  ,0,0,0,0,0,0,0,0,0,-30000,0,0,0,0,30000,-30000,-30000
060877,華邦電中信02購01,0,0,0,0,0,0,0,0,0,-30000,0,0,0,0,30000,-30000,-30000
062738,可成國票9B購02  ,0,0,0,0,0,0,0,0,0,-30000,0,0,0,0,30000,-30000,-30000
062719,微星凱基9B購01  ,0,0,0,0,0,0,0,0,0,-30000,0,0,0,12000,42000,-30000,-30000
062808,祥碩統一9C購01  ,0,0,0,0,0,0,0,0,0,-30000,0,0,0,70000,100000,-30000,-30000
062789,臺股指元大9B購32,0,0,0,0,0,0,0,0,0,-30000,0,0,0,0,30000,-30000,-30000
062646,聯發科國泰01購02,0,0,0,0,0,0,0,0,0,-30000,0,0,0,0,30000,-30000,-30000
062248,國巨元大9B購08  ,0,0,0,0,0,0,0,0,0,-30000,0,0,0,3000,33000,-30000,-30000
062990,台積電群益9B購06,0,0,0,0,0,0,0,0,0,-30000,0,0,0,34000,64000,-30000,-30000
062925,建準國票9B購01  ,0,0,0,0,0,0,0,0,0,-30000,0,0,0,0,30000,-30000,-30000
063325,SP黃豆國票9C購02,0,0,0,0,0,0,0,0,0,-30000,0,0,0,0,30000,-30000,-30000
064103,大立光群益9C購03,0,0,0,0,0,0,0,0,0,-30000,0,0,0,50000,80000,-30000,-30000
063886,南電元富9C購01  ,0,0,0,0,0,0,0,0,0,-30000,0,0,0,6000,36000,-30000,-30000
063636,聯發科元大9B購26,0,0,0,0,0,0,0,0,0,-30000,0,0,0,0,30000,-30000,-30000
064369,彩晶統一01購01  ,0,0,0,0,0,0,0,0,0,-30000,0,0,0,176000,206000,-30000,-30000
064422,聯發科兆豐01購02,0,0,0,0,0,0,0,0,0,-30000,0,0,0,0,30000,-30000,-30000
064261,力山永豐9C購01  ,0,0,0,0,0,0,0,0,0,-30000,0,0,0,0,30000,-30000,-30000
064723,大立光統一02購04,0,0,0,0,0,0,0,0,0,-30000,0,0,0,0,30000,-30000,-30000
1531,高林股          ,7000,38000,-31000,0,0,0,0,0,0,0,0,0,0,0,0,0,-31000
2468,華經            ,50000,77000,-27000,0,0,0,0,0,0,-4000,0,4000,-4000,0,0,0,-31000
08247P,台積電群益9C售06,0,0,0,0,0,0,0,0,0,-31000,0,0,0,290000,321000,-31000,-31000
2536,宏普            ,50000,31000,19000,0,0,0,0,50000,-50000,0,0,0,0,0,0,0,-31000
8341,日友            ,6000,37000,-31000,0,0,0,0,0,0,0,0,0,0,0,0,0,-31000
065010,國巨國泰01購04  ,0,0,0,0,0,0,0,0,0,-31000,0,0,0,238000,269000,-31000,-31000
07899P,和大凱基9B售01  ,0,0,0,0,0,0,0,0,0,-31000,0,0,0,0,31000,-31000,-31000
055449,超眾統一9A購01  ,0,0,0,0,0,0,0,0,0,-31000,0,0,0,1000,32000,-31000,-31000
056552,台表科凱基99購01,0,0,0,0,0,0,0,0,0,-31000,0,0,0,13000,44000,-31000,-31000
053316,友達群益9A購01  ,0,0,0,0,0,0,0,0,0,-31000,0,0,0,64000,95000,-31000,-31000
054554,大立光凱基98購02,0,0,0,0,0,0,0,0,0,-31000,0,0,0,0,31000,-31000,-31000
056378,欣興元富98購01  ,0,0,0,0,0,0,0,0,0,-31000,0,0,0,73000,104000,-31000,-31000
057802,卜蜂元大98購01  ,0,0,0,0,0,0,0,0,0,-31000,0,0,0,44000,75000,-31000,-31000
056820,欣興永豐98購02  ,0,0,0,0,0,0,0,0,0,-31000,0,0,0,0,31000,-31000,-31000
057048,新日興元大98購01,0,0,0,0,0,0,0,0,0,-31000,0,0,0,27000,58000,-31000,-31000
058768,南港兆豐99購01  ,0,0,0,0,0,0,0,0,0,-31000,0,0,0,20000,51000,-31000,-31000
061545,華新科群益9A購09,0,0,0,0,0,0,0,0,0,-31000,0,0,0,55000,86000,-31000,-31000
061882,矽創元大9B購01  ,0,0,0,0,0,0,0,0,0,-31000,0,0,0,122000,153000,-31000,-31000
059113,群光永豐99購01  ,0,0,0,0,0,0,0,0,0,-31000,0,0,0,0,31000,-31000,-31000
058112,神達元富98購01  ,0,0,0,0,0,0,0,0,0,-31000,0,0,0,0,31000,-31000,-31000
058178,國巨國泰9A購02  ,0,0,0,0,0,0,0,0,0,-31000,0,0,0,0,31000,-31000,-31000
064239,群創統一02購01  ,0,0,0,0,0,0,0,0,0,-31000,0,0,0,0,31000,-31000,-31000
064414,臺股指凱基9C購10,0,0,0,0,0,0,0,0,0,-31000,0,0,0,17000,48000,-31000,-31000
063748,台積電國票9C購05,0,0,0,0,0,0,0,0,0,-31000,0,0,0,1000,32000,-31000,-31000
062224,玉晶光統一9C購03,0,0,0,0,0,0,0,0,0,-31000,0,0,0,0,31000,-31000,-31000
062366,義隆元大9B購04  ,0,0,0,0,0,0,0,0,0,-31000,0,0,0,64000,95000,-31000,-31000
062438,台光電元大9B購04,0,0,0,0,0,0,0,0,0,-31000,0,0,0,55000,86000,-31000,-31000
062536,玉晶光麥證9B購01,0,0,0,0,33000,-33000,0,0,0,-31000,0,0,0,2000,33000,-31000,-31000
07992P,玉晶光群益01售04,0,0,0,0,0,0,0,0,0,-32000,0,0,0,30000,62000,-32000,-32000
08085P,華通凱基9B售04  ,0,0,0,0,0,0,0,0,0,-32000,0,0,0,0,32000,-32000,-32000
065091,亞光元大9C購01  ,0,0,0,0,0,0,0,0,0,-32000,0,0,0,26000,58000,-32000,-32000
064817,鈺齊元大9C購02  ,0,0,0,0,0,0,0,0,0,-32000,0,0,0,36000,68000,-32000,-32000
08330P,聯發科統一9C售13,0,0,0,0,0,0,0,0,0,-32000,0,0,0,0,32000,-32000,-32000
060737,瑞儀統一9C購01  ,0,0,0,0,0,0,0,0,0,-32000,0,0,0,0,32000,-32000,-32000
055919,景碩凱基98購02  ,0,0,0,0,0,0,0,0,0,-32000,0,0,0,7000,39000,-32000,-32000
056454,欣興凱基98購02  ,0,0,0,0,0,0,0,0,0,-32000,0,0,0,54000,86000,-32000,-32000
057239,貿聯凱基98購05  ,0,0,0,0,0,0,0,0,0,-32000,0,0,0,0,32000,-32000,-32000
053901,T50反1凱基99購03,0,0,0,0,0,0,0,0,0,-32000,0,0,0,40000,72000,-32000,-32000
056639,國產康和98購01  ,0,0,0,0,0,0,0,0,0,-32000,0,0,0,51000,83000,-32000,-32000
03427B,臺股指元大9A熊02,0,0,0,0,0,0,0,0,0,-32000,0,0,0,200000,232000,-32000,-32000
058061,貿聯元富9B購01  ,0,0,0,0,0,0,0,0,0,-32000,0,0,0,10000,42000,-32000,-32000
060611,同欣電凱基9A購02,0,0,0,0,0,0,0,0,0,-32000,0,0,0,42000,74000,-32000,-32000
059656,T50反1元大99購11,0,0,0,0,0,0,0,0,0,-32000,0,0,0,0,32000,-32000,-32000
059840,鴻海富邦9A購02  ,0,0,0,0,0,0,0,0,0,-32000,0,0,0,0,32000,-32000,-32000
058401,華航元大9A購01  ,0,0,0,0,0,0,0,0,0,-32000,0,0,0,69000,101000,-32000,-32000
058957,貿聯國票9A購01  ,0,0,0,0,0,0,0,0,0,-32000,0,0,0,0,32000,-32000,-32000
060227,和大元大9A購01  ,0,0,0,0,0,0,0,0,0,-32000,0,0,0,0,32000,-32000,-32000
059359,精元永豐99購01  ,20000,0,20000,0,0,0,0,0,0,-52000,0,0,0,76000,128000,-52000,-32000
062666,和碩群益9B購01  ,0,0,0,0,0,0,0,0,0,-32000,0,0,0,78000,110000,-32000,-32000
062413,台光電中信9B購02,0,0,0,0,0,0,0,0,0,-32000,0,0,0,95000,127000,-32000,-32000
063515,香港2X凱基01購01,0,0,0,0,0,0,0,0,0,-32000,0,0,0,30000,62000,-32000,-32000
063516,香港反凱基03購01,0,0,0,0,0,0,0,0,0,-32000,0,0,0,3000,35000,-32000,-32000
063188,TPK凱基9B購01   ,0,0,0,0,0,0,0,0,0,-32000,0,0,0,359000,391000,-32000,-32000
063942,台積電元大01購03,0,0,0,0,0,0,0,0,0,-32000,0,0,0,1000,33000,-32000,-32000
064382,台積電國泰01購01,0,0,0,0,0,0,0,0,0,-32000,0,0,0,6000,38000,-32000,-32000
064447,喬山統一02購01  ,0,0,0,0,0,0,0,0,0,-32000,0,0,0,0,32000,-32000,-32000
064247,廣達元富9C購01  ,0,0,0,0,0,0,0,0,0,-32000,0,0,0,98000,130000,-32000,-32000
064199,南六群益01購01  ,0,0,0,0,0,0,0,0,0,-32000,0,0,0,98000,130000,-32000,-32000
064667,大立光元大02購01,0,0,0,0,0,0,0,0,0,-32000,0,0,0,114000,146000,-32000,-32000
08374P,緯穎凱基9C售01  ,0,0,0,0,0,0,0,0,0,-33000,0,0,0,61000,94000,-33000,-33000
2109,華豐            ,93000,126000,-33000,0,0,0,0,0,0,0,0,0,0,0,0,0,-33000
064808,國產元大9C購02  ,0,0,0,0,0,0,0,0,0,-33000,0,0,0,0,33000,-33000,-33000
064970,東元元大9C購01  ,0,0,0,0,0,0,0,0,0,-33000,0,0,0,0,33000,-33000,-33000
065062,亞光群益9C購01  ,0,0,0,0,0,0,0,0,0,-33000,0,0,0,0,33000,-33000,-33000
08135P,玉晶光國泰01售02,0,0,0,0,0,0,0,0,0,-33000,0,0,0,35000,68000,-33000,-33000
07093P,台積電凱基99售07,0,0,0,0,0,0,0,0,0,-33000,0,0,0,0,33000,-33000,-33000
055245,凱美統一99購01  ,0,0,0,0,0,0,0,0,0,-33000,0,0,0,12000,45000,-33000,-33000
057232,京元電凱基98購02,0,0,0,0,0,0,0,0,0,-33000,0,0,0,82000,115000,-33000,-33000
056182,台光電統一97購03,0,0,0,0,0,0,0,0,0,-33000,0,0,0,91000,124000,-33000,-33000
059876,智易凱基99購02  ,0,0,0,0,0,0,0,0,0,-33000,0,0,0,17000,50000,-33000,-33000
059288,旺宏元富99購03  ,0,0,0,0,0,0,0,0,0,-33000,0,0,0,4000,37000,-33000,-33000
060075,台積電元富99購05,0,0,0,0,0,0,0,0,0,-33000,0,0,0,77000,110000,-33000,-33000
058773,和碩兆豐99購01  ,0,0,0,0,0,0,0,0,0,-33000,0,0,0,10000,43000,-33000,-33000
058792,鴻海元大99購18  ,0,0,0,0,0,0,0,0,0,-33000,0,0,0,0,33000,-33000,-33000
061531,奇鋐台新9A購01  ,0,0,0,0,0,0,0,0,0,-33000,0,0,0,5000,38000,-33000,-33000
061510,嘉澤富邦9C購01  ,0,0,0,0,0,0,0,0,0,-33000,0,0,0,3000,36000,-33000,-33000
061195,健策永豐9B購02  ,0,0,0,0,0,0,0,0,0,-33000,0,0,0,28000,61000,-33000,-33000
060966,台表科凱基9B購01,0,0,0,0,0,0,0,0,0,-33000,0,0,0,79000,112000,-33000,-33000
064179,上銀富邦01購01  ,0,0,0,0,0,0,0,0,0,-33000,0,0,0,155000,188000,-33000,-33000
063884,台表科元富03購01,0,0,0,0,0,0,0,0,0,-33000,0,0,0,345000,378000,-33000,-33000
063781,健策永豐9B購08  ,0,0,0,0,0,0,0,0,0,-33000,0,0,0,12000,45000,-33000,-33000
063065,聯發科麥證9C購01,0,0,0,2000,35000,-33000,0,0,0,-33000,0,0,0,2000,35000,-33000,-33000
063444,金像電統一03購01,0,0,0,0,0,0,0,0,0,-33000,0,0,0,23000,56000,-33000,-33000
06333P,臺股指群益9C售02,0,0,0,0,0,0,0,0,0,-33000,0,0,0,19000,52000,-33000,-33000
062455,鴻海群益9C購01  ,0,0,0,0,0,0,0,0,0,-33000,0,0,0,0,33000,-33000,-33000
062616,玉晶光元大9C購06,0,0,0,0,0,0,0,0,0,-33000,0,0,0,28000,61000,-33000,-33000
062485,華通國泰01購01  ,0,0,0,0,0,0,0,0,0,-33000,0,0,0,256000,289000,-33000,-33000
07500P,微星元大9A售01  ,0,0,0,0,0,0,0,0,0,-34000,0,0,0,36000,70000,-34000,-34000
07490P,大立光國票9A售03,0,0,0,0,0,0,0,0,0,-34000,0,0,0,0,34000,-34000,-34000
07963P,智邦統一9B售01  ,0,0,0,0,0,0,0,0,0,-34000,0,0,0,16000,50000,-34000,-34000
07867P,晶技元大9B售01  ,0,0,0,0,0,0,0,0,0,-34000,0,0,0,0,34000,-34000,-34000
08246P,亞德客群益01售01,0,0,0,0,0,0,0,0,0,-34000,0,0,0,0,34000,-34000,-34000
08231P,上銀元富9B售10  ,0,0,0,0,0,0,0,0,0,-34000,0,0,0,45000,79000,-34000,-34000
6230,超眾            ,57000,103000,-46000,0,0,0,0,0,0,12000,0,0,0,18000,6000,12000,-34000
2524,京城            ,22000,56000,-34000,0,0,0,0,0,0,0,0,0,0,0,0,0,-34000
3543,州巧            ,4000,38000,-34000,0,0,0,0,0,0,0,0,0,0,0,0,0,-34000
057096,緯穎元富98購01  ,0,0,0,0,0,0,0,0,0,-34000,0,0,0,96000,130000,-34000,-34000
056484,聯茂元大98購02  ,0,0,0,0,0,0,0,0,0,-34000,0,0,0,0,34000,-34000,-34000
055142,健策永豐98購01  ,0,0,0,0,0,0,0,0,0,-34000,0,0,0,10000,44000,-34000,-34000
053347,茂林國票98購01  ,0,0,0,0,0,0,0,0,0,-34000,0,0,0,0,34000,-34000,-34000
058795,可成元大99購03  ,0,0,0,0,0,0,0,0,0,-34000,0,0,0,60000,94000,-34000,-34000
058327,大毅統一9B購01  ,0,0,0,0,0,0,0,0,0,-34000,0,0,0,86000,120000,-34000,-34000
059292,華新科元富9B購02,0,0,0,0,0,0,0,0,0,-34000,0,0,0,0,34000,-34000,-34000
062863,聯茂國票9B購01  ,0,0,0,0,0,0,0,0,0,-34000,0,0,0,39000,73000,-34000,-34000
064646,群創凱基02購01  ,0,0,0,0,0,0,0,0,0,-34000,0,0,0,2000,36000,-34000,-34000
064518,華新科群益02購01,0,0,0,0,0,0,0,0,0,-34000,0,0,0,12000,46000,-34000,-34000
3533,嘉澤            ,718062,532893,185169,0,0,0,52000,314000,-262000,42000,27000,15000,12000,38000,8000,30000,-34831
4555,氣立            ,16000,51000,-35000,0,0,0,0,0,0,0,0,0,0,0,0,0,-35000
3149,正達            ,40000,75000,-35000,0,0,0,0,0,0,0,0,0,0,0,0,0,-35000
6024,群益期          ,6000,41000,-35000,0,0,0,0,0,0,0,0,0,0,0,0,0,-35000
07173P,臺股指國票99售10,0,0,0,0,0,0,0,0,0,-35000,0,0,0,0,35000,-35000,-35000
07391P,台灣50國泰02售01,0,0,0,0,0,0,0,0,0,-35000,0,0,0,65000,100000,-35000,-35000
065112,台表科國票02購01,0,0,0,0,0,0,0,0,0,-35000,0,0,0,0,35000,-35000,-35000
064955,健策凱基9C購03  ,0,0,0,0,0,0,0,0,0,-35000,0,0,0,0,35000,-35000,-35000
064917,元大金統一02購01,0,0,0,0,0,0,0,0,0,-35000,0,0,0,251000,286000,-35000,-35000
06954P,大立光元富99售01,0,0,0,0,0,0,0,0,0,-35000,0,0,0,14000,49000,-35000,-35000
054533,泰碩國泰98購01  ,0,0,0,0,0,0,0,0,0,-35000,0,0,0,0,35000,-35000,-35000
03680C,臺股指凱基9A牛26,0,0,0,0,0,0,0,0,0,-35000,0,0,0,33000,68000,-35000,-35000
056259,T50反1統一9A購01,0,0,0,0,0,0,0,0,0,-35000,0,0,0,0,35000,-35000,-35000
056455,群創凱基9A購01  ,0,0,0,0,0,0,0,0,0,-35000,0,0,0,2000,37000,-35000,-35000
056332,台郡國票99購01  ,0,0,0,0,0,0,0,0,0,-35000,0,0,0,0,35000,-35000,-35000
056742,玉晶光凱基9A購01,0,0,0,0,0,0,0,0,0,-35000,0,0,0,67000,102000,-35000,-35000
055810,T50反1國票99購01,0,0,0,0,0,0,0,0,0,-35000,0,0,0,100000,135000,-35000,-35000
060747,聯鈞國票9A購02  ,0,0,0,0,0,0,0,0,0,-35000,0,0,0,75000,110000,-35000,-35000
061017,國泰金麥證9A購01,0,0,0,0,35000,-35000,0,0,0,-35000,0,0,0,0,35000,-35000,-35000
059440,康控元大9B購01  ,0,0,0,0,0,0,0,0,0,-35000,0,0,0,30000,65000,-35000,-35000
061533,友達統一9C購02  ,0,0,0,0,0,0,0,0,0,-35000,0,0,0,0,35000,-35000,-35000
060923,全新永豐9A購01  ,0,0,0,0,0,0,0,0,0,-35000,0,0,0,12000,47000,-35000,-35000
061340,義隆元大9A購01  ,0,0,0,0,0,0,0,0,0,-35000,0,0,0,24000,59000,-35000,-35000
060697,鴻海國泰9C購01  ,0,0,0,0,0,0,0,0,0,-35000,0,0,0,0,35000,-35000,-35000
059569,旺宏凱基99購09  ,0,0,0,0,0,0,0,0,0,-35000,0,0,0,0,35000,-35000,-35000
058129,國巨元大99購10  ,0,0,0,0,0,0,0,0,0,-35000,0,0,0,1000,36000,-35000,-35000
061657,智原國票9A購01  ,0,0,0,0,0,0,0,0,0,-35000,0,0,0,0,35000,-35000,-35000
062040,玉晶光凱基01購01,0,0,0,0,0,0,0,0,0,-35000,0,0,0,5000,40000,-35000,-35000
064740,台光電國票01購01,0,0,0,0,0,0,0,0,0,-35000,0,0,0,35000,70000,-35000,-35000
063830,智伸科國票01購01,0,0,0,0,0,0,0,0,0,-35000,0,0,0,0,35000,-35000,-35000
063893,微星群益9C購01  ,0,0,0,0,0,0,0,0,0,-35000,0,0,0,26000,61000,-35000,-35000
063970,大立光國票01購01,0,0,0,0,0,0,0,0,0,-35000,0,0,0,0,35000,-35000,-35000
064144,智邦統一01購02  ,0,0,0,0,0,0,0,0,0,-35000,0,0,0,27000,62000,-35000,-35000
063238,漢唐元大9B購02  ,0,0,0,0,0,0,0,0,0,-35000,0,0,0,10000,45000,-35000,-35000
063411,和潤國票9C購01  ,0,0,0,0,0,0,0,0,0,-35000,0,0,0,0,35000,-35000,-35000
062466,FBVIX凱基9B購01 ,0,0,0,0,0,0,0,0,0,-35000,0,0,0,205000,240000,-35000,-35000
062624,大成鋼國票9B購02,0,0,0,0,0,0,0,0,0,-35000,0,0,0,0,35000,-35000,-35000
062367,禾伸堂元大9B購02,0,0,0,0,0,0,0,0,0,-35000,0,0,0,6000,41000,-35000,-35000
062331,大立光統一9B購10,0,0,0,0,0,0,0,0,0,-35000,0,0,0,0,35000,-35000,-35000
9919,康那香          ,1040000,1135000,-95000,0,0,0,0,30000,-30000,89000,90000,1000,89000,0,0,0,-36000
057257,台泥兆豐99購01  ,0,0,0,0,0,0,0,0,0,-36000,0,0,0,0,36000,-36000,-36000
054791,泰碩群益99購02  ,0,0,0,0,0,0,0,0,0,-36000,0,0,0,10000,46000,-36000,-36000
062082,嘉晶元大9B購01  ,0,0,0,0,0,0,0,0,0,-36000,0,0,0,0,36000,-36000,-36000
057863,美律凱基9A購01  ,0,0,0,0,0,0,0,0,0,-36000,0,0,0,0,36000,-36000,-36000
061498,大立光國票9A購10,0,0,0,0,0,0,0,0,0,-36000,0,0,0,0,36000,-36000,-36000
060816,世紀鋼凱基9C購02,0,0,0,0,0,0,0,0,0,-36000,0,0,0,5000,41000,-36000,-36000
058786,元黃金元大99購01,0,0,0,0,0,0,0,0,0,-36000,0,0,0,0,36000,-36000,-36000
062521,玉晶光元大9C購05,0,0,0,0,0,0,0,0,0,-36000,0,0,0,7000,43000,-36000,-36000
063130,聯茂元大9B購02  ,0,0,0,0,0,0,0,0,0,-36000,0,0,0,11000,47000,-36000,-36000
064101,可成群益01購01  ,0,0,0,0,0,0,0,0,0,-36000,0,0,0,0,36000,-36000,-36000
064165,同欣電統一01購01,0,0,0,0,0,0,0,0,0,-36000,0,0,0,626000,662000,-36000,-36000
063871,瀚宇博永豐9C購01,0,0,0,0,0,0,0,0,0,-36000,0,0,0,0,36000,-36000,-36000
064312,大立光群益01購01,0,0,0,0,0,0,0,0,0,-36000,0,0,0,14000,50000,-36000,-36000
3094,聯傑            ,11000,48000,-37000,0,0,0,0,0,0,0,0,0,0,0,0,0,-37000
1215,卜蜂            ,317000,219000,98000,0,0,0,0,169000,-169000,34000,52000,0,52000,3000,21000,-18000,-37000
08397P,國巨元富9C售04  ,0,0,0,0,0,0,0,0,0,-37000,0,0,0,0,37000,-37000,-37000
08131P,立積元大9B售02  ,0,0,0,0,0,0,0,0,0,-37000,0,0,0,15000,52000,-37000,-37000
055254,聯詠統一97購03  ,0,0,0,0,0,0,0,0,0,-37000,0,0,0,0,37000,-37000,-37000
057572,明泰永豐98購01  ,0,0,0,0,0,0,0,0,0,-37000,0,0,0,0,37000,-37000,-37000
057381,微星國泰9A購01  ,0,0,0,0,0,0,0,0,0,-37000,0,0,0,0,37000,-37000,-37000
061389,華新科群益9B購01,0,0,0,0,0,0,0,0,0,-37000,0,0,0,13000,50000,-37000,-37000
059349,台郡凱基99購04  ,0,0,0,0,0,0,0,0,0,-37000,0,0,0,1000,38000,-37000,-37000
060307,南港永豐9A購01  ,0,0,0,0,0,0,0,0,0,-37000,0,0,0,22000,59000,-37000,-37000
060513,緯穎元大9B購01  ,0,0,0,0,0,0,0,0,0,-37000,0,0,0,80000,117000,-37000,-37000
064704,嘉晶國泰01購01  ,0,0,0,0,0,0,0,0,0,-37000,0,0,0,55000,92000,-37000,-37000
064517,國巨群益02購01  ,0,0,0,0,0,0,0,0,0,-37000,0,0,0,157000,194000,-37000,-37000
064604,聯茂元富9C購01  ,0,0,0,0,0,0,0,0,0,-37000,0,0,0,0,37000,-37000,-37000
063750,和鑫國票9B購01  ,0,0,0,0,0,0,0,0,0,-37000,0,0,0,39000,76000,-37000,-37000
062941,大立光凱基9B購07,0,0,0,0,0,0,0,0,0,-37000,0,0,0,0,37000,-37000,-37000
08056P,華通群益9B售06  ,0,0,0,0,0,0,0,0,0,-38000,0,0,0,0,38000,-38000,-38000
07955P,大成鋼群益9B售02,0,0,0,0,0,0,0,0,0,-38000,0,0,0,200000,238000,-38000,-38000
06604P,聯發科元富02售02,0,0,0,0,0,0,0,0,0,-38000,0,0,0,0,38000,-38000,-38000
06666P,台積電日盛9A售02,0,0,0,0,0,0,0,0,0,-38000,0,0,0,61000,99000,-38000,-38000
064891,台達電群益9C購01,0,0,0,0,0,0,0,0,0,-38000,0,0,0,2000,40000,-38000,-38000
065096,世芯元大9C購03  ,0,0,0,0,0,0,0,0,0,-38000,0,0,0,152000,190000,-38000,-38000
08244P,同欣電凱基9C售03,0,0,0,0,0,0,0,0,0,-38000,0,0,0,5000,43000,-38000,-38000
2034,允強            ,6000,44000,-38000,0,0,0,0,0,0,0,0,0,0,0,0,0,-38000
2882A,國泰特          ,0,0,0,0,0,0,0,0,0,-38000,2000,40000,-38000,0,0,0,-38000
9902,台火            ,4000,42000,-38000,0,0,0,0,0,0,0,0,0,0,0,0,0,-38000
057289,力成元大98購03  ,0,0,0,0,0,0,0,0,0,-38000,0,0,0,30000,68000,-38000,-38000
058673,華新科群益9A購02,0,0,0,0,0,0,0,0,0,-38000,0,0,0,0,38000,-38000,-38000
052313,聯電元大98購01  ,0,0,0,0,0,0,0,0,0,-38000,0,0,0,52000,90000,-38000,-38000
054278,晶技群益97購02  ,0,0,0,0,0,0,0,0,0,-38000,0,0,0,0,38000,-38000,-38000
053855,康友國泰98購01  ,0,0,0,0,0,0,0,0,0,-38000,0,0,0,0,38000,-38000,-38000
05959P,聯發科國票98售01,0,0,0,0,0,0,0,0,0,-38000,0,0,0,10000,48000,-38000,-38000
061880,台郡元大9B購02  ,0,0,0,0,0,0,0,0,0,-38000,0,0,0,45000,83000,-38000,-38000
061873,友達元大9C購07  ,0,0,0,0,0,0,0,0,0,-38000,0,0,0,30000,68000,-38000,-38000
06186P,鴻海統一97售02  ,0,0,0,0,0,0,0,0,0,-38000,0,0,0,55000,93000,-38000,-38000
061800,泰鼎永豐9B購01  ,0,0,0,0,0,0,0,0,0,-38000,0,0,0,0,38000,-38000,-38000
061792,和大永豐9B購01  ,0,0,0,0,0,0,0,0,0,-38000,0,0,0,56000,94000,-38000,-38000
060168,台表科永豐9A購01,0,0,0,0,0,0,0,0,0,-38000,0,0,0,0,38000,-38000,-38000
058923,華新科元富99購06,0,0,0,0,0,0,0,0,0,-38000,0,0,0,0,38000,-38000,-38000
060926,宏達電永豐9A購01,0,0,0,0,0,0,0,0,0,-38000,0,0,0,35000,73000,-38000,-38000
063151,奇鋐元富9B購01  ,0,0,0,0,0,0,0,0,0,-38000,0,0,0,91000,129000,-38000,-38000
063507,奇鋐群益9B購02  ,0,0,0,0,0,0,0,0,0,-38000,0,0,0,5000,43000,-38000,-38000
06266P,大立光凱基97售11,0,0,0,0,0,0,0,0,0,-38000,0,0,0,1000,39000,-38000,-38000
063854,南電元大9C購01  ,0,0,0,0,0,0,0,0,0,-38000,0,0,0,54000,92000,-38000,-38000
063897,神達群益9C購01  ,0,0,0,0,0,0,0,0,0,-38000,0,0,0,0,38000,-38000,-38000
064454,華新科統一01購03,0,0,0,0,0,0,0,0,0,-38000,0,0,0,0,38000,-38000,-38000
6191,精成科          ,181000,237000,-56000,0,0,0,17000,0,17000,0,0,0,0,0,0,0,-39000
064939,健策元富9C購03  ,0,0,0,0,0,0,0,0,0,-39000,0,0,0,93000,132000,-39000,-39000
053186,健策中信9C購01  ,0,0,0,0,0,0,0,0,0,-39000,0,0,0,3000,42000,-39000,-39000
057445,華通元富02購01  ,0,0,0,0,0,0,0,0,0,-39000,0,0,0,294000,333000,-39000,-39000
061353,康控元大9A購01  ,0,0,0,0,0,0,0,0,0,-39000,0,0,0,195000,234000,-39000,-39000
061142,南電統一9A購01  ,0,0,0,0,0,0,0,0,0,-39000,0,0,0,95000,134000,-39000,-39000
060144,全新國票9B購01  ,0,0,0,0,0,0,0,0,0,-39000,0,0,0,0,39000,-39000,-39000
058369,亞光凱基99購02  ,0,0,0,0,0,0,0,0,0,-39000,0,0,0,0,39000,-39000,-39000
061847,力山國票9B購01  ,0,0,0,0,0,0,0,0,0,-39000,0,0,0,0,39000,-39000,-39000
057935,晶技群益98購02  ,0,0,0,0,0,0,0,0,0,-39000,0,0,0,0,39000,-39000,-39000
063782,致新永豐9B購02  ,0,0,0,0,0,0,0,0,0,-39000,0,0,0,0,39000,-39000,-39000
063660,儒鴻統一9C購01  ,0,0,0,0,0,0,0,0,0,-39000,0,0,0,27000,66000,-39000,-39000
062252,華邦電元大9C購01,0,0,0,0,0,0,0,0,0,-39000,0,0,0,13000,52000,-39000,-39000
062289,緯穎群益9B購01  ,0,0,0,0,0,0,0,0,0,-39000,0,0,0,9000,48000,-39000,-39000
063346,TPK統一9C購01   ,0,0,0,0,0,0,0,0,0,-39000,0,0,0,0,39000,-39000,-39000
06490P,鴻海富邦99售02  ,0,0,0,0,0,0,0,0,0,-40000,0,0,0,0,40000,-40000,-40000
064855,聯發科國泰02購01,0,0,0,0,0,0,0,0,0,-40000,0,0,0,0,40000,-40000,-40000
065048,世芯凱基01購01  ,0,0,0,0,0,0,0,0,0,-40000,0,0,0,10000,50000,-40000,-40000
06994P,台光電凱基99售02,0,0,0,0,0,0,0,0,0,-40000,0,0,0,0,40000,-40000,-40000
06878P,台灣50日盛9B售01,0,0,0,0,0,0,0,0,0,-40000,0,0,0,285000,325000,-40000,-40000
07227P,聯發科元富99售05,0,0,0,0,0,0,0,0,0,-40000,0,0,0,199000,239000,-40000,-40000
08393P,鴻海群益9C售05  ,0,0,0,0,0,0,0,0,0,-40000,0,0,0,104000,144000,-40000,-40000
060748,臻鼎國票9A購01  ,0,0,0,0,0,0,0,0,0,-40000,0,0,0,0,40000,-40000,-40000
061095,台積電台新9B購03,0,0,0,0,0,0,0,0,0,-40000,0,0,0,0,40000,-40000,-40000
056231,嘉聯益凱基97購02,0,0,0,0,0,0,0,0,0,-40000,0,0,0,0,40000,-40000,-40000
056746,超眾凱基99購01  ,0,0,0,0,0,0,0,0,0,-40000,0,0,0,0,40000,-40000,-40000
056725,鴻海國票99購03  ,0,0,0,0,0,0,0,0,0,-40000,0,0,0,0,40000,-40000,-40000
057834,聯發科元富02購07,0,0,0,0,0,0,0,0,0,-40000,0,0,0,0,40000,-40000,-40000
056004,南電永豐97購02  ,0,0,0,0,0,0,0,0,0,-40000,0,0,0,14000,54000,-40000,-40000
056156,禾伸堂凱基98購04,0,0,0,0,0,0,0,0,0,-40000,0,0,0,0,40000,-40000,-40000
055564,茂林凱基98購01  ,0,0,0,0,0,0,0,0,0,-40000,0,0,0,0,40000,-40000,-40000
050842,旺宏國票97購01  ,0,0,0,0,0,0,0,0,0,-40000,0,0,0,0,40000,-40000,-40000
053889,致茂群益97購01  ,0,0,0,0,0,0,0,0,0,-40000,0,0,0,0,40000,-40000,-40000
056551,台郡凱基98購04  ,0,0,0,0,0,0,0,0,0,-40000,0,0,0,0,40000,-40000,-40000
057748,華通國票98購04  ,0,0,0,0,0,0,0,0,0,-40000,0,0,0,2000,42000,-40000,-40000
053292,美律中信98購01  ,0,0,0,0,0,0,0,0,0,-40000,0,0,0,0,40000,-40000,-40000
054928,帆宣凱基98購01  ,0,0,0,0,0,0,0,0,0,-40000,0,0,0,0,40000,-40000,-40000
060719,瀚宇博永豐9A購01,0,0,0,0,0,0,0,0,0,-40000,0,0,0,8000,48000,-40000,-40000
059519,台郡永豐99購01  ,0,0,0,0,0,0,0,0,0,-40000,0,0,0,0,40000,-40000,-40000
060341,國巨統一9C購02  ,0,0,0,0,0,0,0,0,0,-40000,0,0,0,3000,43000,-40000,-40000
061789,群創群益9B購01  ,0,0,0,0,0,0,0,0,0,-40000,0,0,0,2000,42000,-40000,-40000
061744,超眾凱基9B購02  ,0,0,0,0,0,0,0,0,0,-40000,0,0,0,0,40000,-40000,-40000
059079,SGBR2X元大99購01,0,0,0,0,0,0,0,0,0,-40000,0,0,0,40000,80000,-40000,-40000
061280,國巨統一9C購06  ,0,0,0,0,0,0,0,0,0,-40000,0,0,0,0,40000,-40000,-40000
061357,寶成元大9A購01  ,0,0,0,0,0,0,0,0,0,-40000,0,0,0,10000,50000,-40000,-40000
060002,T50反1群益9A購01,0,0,0,0,0,0,0,0,0,-40000,0,0,0,0,40000,-40000,-40000
063223,牧德群益9B購04  ,0,0,0,0,0,0,0,0,0,-40000,0,0,0,0,40000,-40000,-40000
063452,創意統一01購01  ,0,0,0,0,0,0,0,0,0,-40000,0,0,0,0,40000,-40000,-40000
062768,南電凱基9B購04  ,0,0,0,0,0,0,0,0,0,-40000,0,0,0,4000,44000,-40000,-40000
062701,漢唐元大9B購01  ,0,0,0,0,0,0,0,0,0,-40000,0,0,0,50000,90000,-40000,-40000
064166,和潤統一02購01  ,0,0,0,0,0,0,0,0,0,-40000,0,0,0,39000,79000,-40000,-40000
064424,華新科兆豐01購01,0,0,0,0,0,0,0,0,0,-40000,0,0,0,0,40000,-40000,-40000
064426,群創兆豐9C購01  ,0,0,0,0,0,0,0,0,0,-40000,0,0,0,0,40000,-40000,-40000
064317,日月光群益9C購01,0,0,0,0,0,0,0,0,0,-40000,0,0,0,8000,48000,-40000,-40000
064772,FBVIX群益9C購04 ,0,0,0,0,0,0,0,0,0,-40000,0,0,0,0,40000,-40000,-40000
1231,聯華食          ,10000,42000,-32000,0,0,0,0,0,0,-9000,0,9000,-9000,0,0,0,-41000
2482,連宇            ,0,42000,-42000,0,0,0,0,0,0,1000,1000,0,1000,0,0,0,-41000
6525,捷敏-KY         ,40000,30000,10000,0,0,0,0,50000,-50000,-1000,0,1000,-1000,0,0,0,-41000
3010,華立            ,193000,219000,-26000,0,0,0,0,0,0,-15000,0,15000,-15000,0,0,0,-41000
08026P,臺股指凱基9B售12,0,0,0,0,0,0,0,0,0,-41000,0,0,0,0,41000,-41000,-41000
08087P,聯發科凱基9B售12,0,0,0,0,0,0,0,0,0,-41000,0,0,0,0,41000,-41000,-41000
07014P,華通元大99售04  ,0,0,0,0,0,0,0,0,0,-41000,0,0,0,39000,80000,-41000,-41000
056891,國巨元大99購03  ,0,0,0,0,0,0,0,0,0,-41000,0,0,0,2000,43000,-41000,-41000
057211,鴻海群益98購05  ,0,0,0,0,0,0,0,0,0,-41000,0,0,0,57000,98000,-41000,-41000
058743,可成康和99購01  ,0,0,0,0,0,0,0,0,0,-41000,0,0,0,1000,42000,-41000,-41000
060955,大立光群益9A購02,0,0,0,0,0,0,0,0,0,-41000,0,0,0,0,41000,-41000,-41000
061481,嘉澤元大9A購03  ,0,0,0,0,0,0,0,0,0,-41000,0,0,0,132000,173000,-41000,-41000
060963,禾伸堂凱基9A購01,0,0,0,0,0,0,0,0,0,-41000,0,0,0,25000,66000,-41000,-41000
058934,台灣50中信03購03,0,0,0,0,0,0,0,0,0,-41000,0,0,0,61000,102000,-41000,-41000
058554,瀚宇博永豐99購01,0,0,0,0,0,0,0,0,0,-41000,0,0,0,0,41000,-41000,-41000
064725,緯創統一02購01  ,0,0,0,0,0,0,0,0,0,-41000,0,0,0,677000,718000,-41000,-41000
064262,玉晶光永豐9C購03,0,0,0,0,0,0,0,0,0,-41000,0,0,0,0,41000,-41000,-41000
064294,和大中信9C購01  ,0,0,0,0,0,0,0,0,0,-41000,0,0,0,184000,225000,-41000,-41000
064119,上銀元大9C購06  ,0,0,0,0,0,0,0,0,0,-41000,0,0,0,2000,43000,-41000,-41000
063840,鴻海元大01購01  ,0,0,0,0,0,0,0,0,0,-41000,0,0,0,0,41000,-41000,-41000
062638,茂林國票9C購01  ,0,0,0,0,0,0,0,0,0,-41000,0,0,0,0,41000,-41000,-41000
062622,南電元大9B購03  ,0,0,0,0,0,0,0,0,0,-41000,0,0,0,17000,58000,-41000,-41000
063495,台光電富邦9C購01,0,0,0,0,0,0,0,0,0,-41000,0,0,0,179000,220000,-41000,-41000
062906,全新元大9B購03  ,0,0,0,0,0,0,0,0,0,-41000,0,0,0,20000,61000,-41000,-41000
9940,信義            ,54000,106000,-52000,0,0,0,0,0,0,11000,11000,0,11000,0,0,0,-41000
064897,宏達電群益9C購02,0,0,0,0,0,0,0,0,0,-42000,0,0,0,3000,45000,-42000,-42000
07233P,台灣50元大99售04,0,0,0,0,0,0,0,0,0,-42000,0,0,0,5000,47000,-42000,-42000
057189,康控元大98購02  ,0,0,0,0,0,0,0,0,0,-42000,0,0,0,0,42000,-42000,-42000
056272,嘉澤統一99購01  ,0,0,0,0,0,0,0,0,0,-42000,0,0,0,2000,44000,-42000,-42000
056330,玉晶光國票99購03,0,0,0,0,0,0,0,0,0,-42000,0,0,0,9000,51000,-42000,-42000
056385,創意國泰99購01  ,0,0,0,0,0,0,0,0,0,-42000,0,0,0,0,42000,-42000,-42000
057793,群創統一99購02  ,0,0,0,0,0,0,0,0,0,-42000,0,0,0,0,42000,-42000,-42000
061047,大立光第一9A購01,0,0,0,0,0,0,0,0,0,-42000,0,0,0,0,42000,-42000,-42000
057422,欣興凱基98購04  ,0,0,0,0,0,0,0,0,0,-42000,0,0,0,20000,62000,-42000,-42000
057397,茂林中信9A購01  ,0,0,0,0,0,0,0,0,0,-42000,0,0,0,0,42000,-42000,-42000
059254,台表科凱基9A購02,0,0,0,0,0,0,0,0,0,-42000,0,0,0,0,42000,-42000,-42000
058339,康友元富99購02  ,0,0,0,0,0,0,0,0,0,-42000,0,0,0,0,42000,-42000,-42000
060815,茂林凱基9B購01  ,0,0,0,0,0,0,0,0,0,-42000,0,0,0,18000,60000,-42000,-42000
058040,FBVIX元大98購01 ,0,0,0,0,0,0,0,0,0,-42000,0,0,0,8000,50000,-42000,-42000
062032,崇越群益9B購01  ,0,0,0,0,0,0,0,0,0,-42000,0,0,0,10000,52000,-42000,-42000
060681,華擎元大9A購02  ,0,0,0,0,0,0,0,0,0,-42000,0,0,0,0,42000,-42000,-42000
060535,群創麥證9A購01  ,0,0,0,0,42000,-42000,0,0,0,-42000,0,0,0,0,42000,-42000,-42000
062876,全新兆豐9B購01  ,0,0,0,0,0,0,0,0,0,-42000,0,0,0,105000,147000,-42000,-42000
062993,華新科群益9B購05,0,0,0,0,0,0,0,0,0,-42000,0,0,0,10000,52000,-42000,-42000
063496,儒鴻永豐9B購01  ,0,0,0,0,0,0,0,0,0,-42000,0,0,0,25000,67000,-42000,-42000
062761,嘉晶凱基9C購01  ,0,0,0,0,0,0,0,0,0,-42000,0,0,0,99000,141000,-42000,-42000
063901,緯穎群益9C購01  ,0,0,0,0,0,0,0,0,0,-42000,0,0,0,6000,48000,-42000,-42000
064343,健鼎元大9C購01  ,0,0,0,0,0,0,0,0,0,-42000,0,0,0,289000,331000,-42000,-42000
064718,友達統一02購01  ,0,0,0,0,0,0,0,0,0,-42000,0,0,0,0,42000,-42000,-42000
064498,可成元大01購03  ,0,0,0,0,0,0,0,0,0,-42000,0,0,0,1000,43000,-42000,-42000
08145P,台灣50群益9B售11,0,0,0,0,0,0,0,0,0,-43000,0,0,0,12000,55000,-43000,-43000
3712,永崴投控        ,638000,681000,-43000,0,0,0,0,0,0,0,0,0,0,0,0,0,-43000
08208P,臺股指群益9B售16,0,0,0,0,0,0,0,0,0,-43000,0,0,0,3000,46000,-43000,-43000
08322P,國巨凱基9C售08  ,0,0,0,0,0,0,0,0,0,-43000,0,0,0,0,43000,-43000,-43000
061062,和大凱基9A購02  ,0,0,0,0,0,0,0,0,0,-43000,0,0,0,0,43000,-43000,-43000
057827,康友元大98購03  ,0,0,0,0,0,0,0,0,0,-43000,0,0,0,0,43000,-43000,-43000
055926,國巨群益98購06  ,0,0,0,0,0,0,0,0,0,-43000,0,0,0,1000,44000,-43000,-43000
056459,茂林凱基99購01  ,0,0,0,0,0,0,0,0,0,-43000,0,0,0,10000,53000,-43000,-43000
048186,元黃金元大96購01,0,0,0,0,0,0,0,0,0,-43000,0,0,0,0,43000,-43000,-43000
055458,燿華永豐98購01  ,0,0,0,0,0,0,0,0,0,-43000,0,0,0,17000,60000,-43000,-43000
057937,神達群益98購02  ,0,0,0,0,0,0,0,0,0,-43000,0,0,0,0,43000,-43000,-43000
058014,上銀凱基99購02  ,0,0,0,0,0,0,0,0,0,-43000,0,0,0,0,43000,-43000,-43000
060326,群光群益9A購01  ,0,0,0,0,0,0,0,0,0,-43000,0,0,0,0,43000,-43000,-43000
060234,凱美元大9C購01  ,0,0,0,0,0,0,0,0,0,-43000,0,0,0,378000,421000,-43000,-43000
059762,禾伸堂永豐99購02,0,0,0,0,0,0,0,0,0,-43000,0,0,0,17000,60000,-43000,-43000
061831,智邦凱基9B購02  ,0,0,0,0,0,0,0,0,0,-43000,0,0,0,0,43000,-43000,-43000
061996,矽格元大9B購01  ,0,0,0,0,0,0,0,0,0,-43000,0,0,0,88000,131000,-43000,-43000
061710,國巨凱基9A購18  ,0,0,0,0,0,0,0,0,0,-43000,0,0,0,14000,57000,-43000,-43000
061584,勤誠元大9A購01  ,0,0,0,0,0,0,0,0,0,-43000,0,0,0,22000,65000,-43000,-43000
060199,台郡元富9A購01  ,0,0,0,0,0,0,0,0,0,-43000,0,0,0,0,43000,-43000,-43000
064270,華通元大9C購03  ,0,0,0,0,0,0,0,0,0,-43000,0,0,0,89000,132000,-43000,-43000
063615,瑞祺群益9B購03  ,0,0,0,0,0,0,0,0,0,-43000,0,0,0,17000,60000,-43000,-43000
063587,漢唐永豐9B購02  ,0,0,0,0,0,0,0,0,0,-43000,0,0,0,1000,44000,-43000,-43000
062726,華擎凱基9B購02  ,0,0,0,0,0,0,0,0,0,-43000,0,0,0,19000,62000,-43000,-43000
062561,瀚宇博凱基9B購01,0,0,0,0,0,0,0,0,0,-43000,0,0,0,0,43000,-43000,-43000
08471P,日月光凱基9C售02,0,0,0,0,0,0,0,0,0,-44000,0,0,0,0,44000,-44000,-44000
3048,益登            ,28000,70000,-42000,0,0,0,0,0,0,-2000,0,2000,-2000,0,0,0,-44000
3004,豐達科          ,62000,31000,31000,0,0,0,0,0,0,-75000,0,75000,-75000,0,0,0,-44000
07835P,台表科群益9A售02,0,0,0,0,0,0,0,0,0,-44000,0,0,0,46000,90000,-44000,-44000
07703P,玉晶光中信9B售03,0,0,0,0,0,0,0,0,0,-44000,0,0,0,0,44000,-44000,-44000
07709P,創意元大9A售01  ,0,0,0,0,0,0,0,0,0,-44000,0,0,0,9000,53000,-44000,-44000
064905,嘉聯益群益9C購01,0,0,0,0,0,0,0,0,0,-44000,0,0,0,135000,179000,-44000,-44000
056213,建準國票98購02  ,0,0,0,0,0,0,0,0,0,-44000,0,0,0,0,44000,-44000,-44000
056694,欣興群益98購04  ,0,0,0,0,0,0,0,0,0,-44000,0,0,0,18000,62000,-44000,-44000
057366,智邦元大98購08  ,0,0,0,0,0,0,0,0,0,-44000,0,0,0,28000,72000,-44000,-44000
055814,晶豪科國票97購02,0,0,0,0,0,0,0,0,0,-44000,0,0,0,1000,45000,-44000,-44000
058241,景碩元大99購05  ,0,3000,-3000,0,0,0,0,0,0,-41000,0,0,0,23000,64000,-41000,-44000
058249,緯穎元大99購04  ,0,0,0,0,0,0,0,0,0,-44000,0,0,0,40000,84000,-44000,-44000
061244,和碩兆豐9A購01  ,0,0,0,0,0,0,0,0,0,-44000,0,0,0,9000,53000,-44000,-44000
061146,台表科中信9A購02,0,0,0,0,0,0,0,0,0,-44000,0,0,0,55000,99000,-44000,-44000
059731,康控元大99購04  ,0,0,0,0,0,0,0,0,0,-44000,0,0,0,93000,137000,-44000,-44000
059460,GIS永豐99購02   ,0,0,0,0,0,0,0,0,0,-44000,0,0,0,0,44000,-44000,-44000
057909,台光電兆豐98購01,0,0,0,0,0,0,0,0,0,-44000,0,0,0,11000,55000,-44000,-44000
057894,華通元富02購02  ,0,0,0,0,0,0,0,0,0,-44000,0,0,0,130000,174000,-44000,-44000
064267,南六永豐9C購03  ,0,0,0,0,0,0,0,0,0,-44000,0,0,0,0,44000,-44000,-44000
064621,大立光元大9C購20,0,0,0,0,0,0,0,0,0,-44000,0,0,0,0,44000,-44000,-44000
064741,南亞科國票01購01,0,0,0,0,0,0,0,0,0,-44000,0,0,0,0,44000,-44000,-44000
065127,世芯永豐9C購03  ,0,0,0,0,0,0,0,0,0,-45000,0,0,0,9000,54000,-45000,-45000
07615P,華通中信02售02  ,0,0,0,0,0,0,0,0,0,-45000,0,0,0,0,45000,-45000,-45000
07890P,南電國票9B售01  ,0,0,0,0,0,0,0,0,0,-45000,0,0,0,40000,85000,-45000,-45000
08049P,臺股指國票9B售14,0,0,0,0,0,0,0,0,0,-45000,0,0,0,80000,125000,-45000,-45000
08069P,大立光國泰01售02,0,0,0,0,0,0,0,0,0,-45000,0,0,0,104000,149000,-45000,-45000
3057,喬鼎            ,4000,49000,-45000,0,0,0,0,0,0,0,0,0,0,0,0,0,-45000
8271,宇瞻            ,185000,280000,-95000,0,0,0,0,0,0,50000,50000,0,50000,0,0,0,-45000
057524,旺宏元大99購04  ,0,0,0,0,0,0,0,0,0,-45000,0,0,0,0,45000,-45000,-45000
055958,台光電元大97購02,0,0,0,0,0,0,0,0,0,-45000,0,0,0,0,45000,-45000,-45000
054178,中磊台新97購01  ,0,0,0,0,0,0,0,0,0,-45000,0,0,0,0,45000,-45000,-45000
057681,T50反1日盛9C購01,0,0,0,0,0,0,0,0,0,-45000,0,0,0,0,45000,-45000,-45000
060683,泰鼎元大9A購02  ,0,0,0,0,0,0,0,0,0,-45000,0,0,0,2000,47000,-45000,-45000
060423,智易永豐9A購01  ,0,0,0,0,0,0,0,0,0,-45000,0,0,0,61000,106000,-45000,-45000
059671,滬深2X元富99購05,0,0,0,0,0,0,0,0,0,-45000,0,0,0,35000,80000,-45000,-45000
059691,大立光永豐99購02,0,0,0,0,0,0,0,0,0,-45000,0,0,0,0,45000,-45000,-45000
060303,宏達電富邦9B購01,0,0,0,0,0,0,0,0,0,-45000,0,0,0,150000,195000,-45000,-45000
061728,華新科麥證9A購02,0,0,0,0,45000,-45000,0,0,0,-45000,0,0,0,0,45000,-45000,-45000
058106,神達統一98購02  ,0,0,0,0,0,0,0,0,0,-45000,0,0,0,5000,50000,-45000,-45000
061546,大立光群益9A購05,0,0,0,0,0,0,0,0,0,-45000,0,0,0,0,45000,-45000,-45000
058763,和碩群益99購01  ,0,0,0,0,0,0,0,0,0,-45000,0,0,0,22000,67000,-45000,-45000
058790,楠梓電元大99購03,0,0,0,0,0,0,0,0,0,-45000,0,0,0,36000,81000,-45000,-45000
060043,全新群益9B購02  ,0,0,0,0,0,0,0,0,0,-45000,0,0,0,4000,49000,-45000,-45000
060156,光磊永豐9A購01  ,0,0,0,0,0,0,0,0,0,-45000,0,0,0,230000,275000,-45000,-45000
058588,致茂中信9B購01  ,0,0,0,0,0,0,0,0,0,-45000,0,0,0,236000,281000,-45000,-45000
064507,臻鼎元大9C購02  ,0,0,0,0,0,0,0,0,0,-45000,0,0,0,0,45000,-45000,-45000
063622,健策兆豐9B購01  ,0,0,0,0,0,0,0,0,0,-45000,0,0,0,11000,56000,-45000,-45000
063933,TPK統一01購01   ,0,0,0,0,0,0,0,0,0,-45000,0,0,0,11000,56000,-45000,-45000
064133,力成元大9C購01  ,0,0,0,0,0,0,0,0,0,-45000,0,0,0,8000,53000,-45000,-45000
062630,全新國票9B購02  ,0,0,0,0,0,0,0,0,0,-45000,0,0,0,7000,52000,-45000,-45000
062744,超眾國泰9C購01  ,0,0,0,0,0,0,0,0,0,-45000,0,0,0,0,45000,-45000,-45000
063481,緯穎元大9B購08  ,0,0,0,0,0,0,0,0,0,-45000,0,0,0,73000,118000,-45000,-45000
062943,世芯凱基9B購03  ,0,1000,-1000,0,0,0,0,0,0,-44000,0,0,0,183000,227000,-44000,-45000
055026,健和興國泰98購01,0,0,0,0,0,0,0,0,0,-46000,0,0,0,49000,95000,-46000,-46000
052893,聯電群益98購01  ,0,0,0,0,0,0,0,0,0,-46000,0,0,0,22000,68000,-46000,-46000
056068,欣興元大97購05  ,0,0,0,0,0,0,0,0,0,-46000,0,0,0,80000,126000,-46000,-46000
055774,台光電凱基97購02,0,0,0,0,0,0,0,0,0,-46000,0,0,0,3000,49000,-46000,-46000
061574,大毅元大9B購01  ,0,0,0,0,0,0,0,0,0,-46000,0,0,0,4000,50000,-46000,-46000
061527,牧德凱基9A購02  ,0,0,0,0,0,0,0,0,0,-46000,0,0,0,0,46000,-46000,-46000
061438,牧德凱基9B購02  ,0,0,0,0,0,0,0,0,0,-46000,0,0,0,0,46000,-46000,-46000
061659,信邦永豐9A購01  ,0,0,0,0,0,0,0,0,0,-46000,0,0,0,0,46000,-46000,-46000
062107,台光電國票9B購01,0,0,0,0,0,0,0,0,0,-46000,0,0,0,0,46000,-46000,-46000
062983,緯穎元富9B購01  ,0,0,0,0,0,0,0,0,0,-46000,0,0,0,70000,116000,-46000,-46000
063187,全新凱基9B購02  ,0,0,0,0,0,0,0,0,0,-46000,0,0,0,94000,140000,-46000,-46000
063450,華新科統一02購01,0,0,0,0,0,0,0,0,0,-46000,0,0,0,11000,57000,-46000,-46000
062708,立積元大9B購01  ,0,0,0,0,0,0,0,0,0,-46000,0,0,0,10000,56000,-46000,-46000
064005,義隆凱基01購01  ,0,0,0,0,0,0,0,0,0,-46000,0,0,0,46000,92000,-46000,-46000
063566,台光電元大9B購08,0,0,0,0,0,0,0,0,0,-46000,0,0,0,90000,136000,-46000,-46000
064690,台光電群益9C購02,0,0,0,0,0,0,0,0,0,-46000,0,0,0,208000,254000,-46000,-46000
1906,寶隆            ,29000,76000,-47000,0,0,0,0,0,0,0,0,0,0,0,0,0,-47000
07889P,旭富國票9B售01  ,0,0,0,0,0,0,0,0,0,-47000,0,0,0,10000,57000,-47000,-47000
065022,同欣電富邦01購01,0,0,0,0,0,0,0,0,0,-47000,0,0,0,200000,247000,-47000,-47000
064876,旺宏兆豐9C購01  ,0,0,0,0,0,0,0,0,0,-47000,0,0,0,0,47000,-47000,-47000
06629P,台灣50第一98售01,0,0,0,0,0,0,0,0,0,-47000,0,0,0,43000,90000,-47000,-47000
060759,南亞科元大9A購03,0,0,0,0,0,0,0,0,0,-47000,0,0,0,21000,68000,-47000,-47000
055399,超眾統一99購01  ,0,0,0,0,0,0,0,0,0,-47000,0,0,0,3000,50000,-47000,-47000
054773,台郡國票98購01  ,0,0,0,0,0,0,0,0,0,-47000,0,0,0,0,47000,-47000,-47000
056523,光寶科中信98購01,0,0,0,0,0,0,0,0,0,-47000,0,0,0,48000,95000,-47000,-47000
062002,鴻海國泰01購01  ,0,0,0,0,0,0,0,0,0,-47000,0,0,0,0,47000,-47000,-47000
061633,統一元大9A購01  ,0,0,0,0,0,0,0,0,0,-47000,0,0,0,10000,57000,-47000,-47000
060289,京元電元大9A購01,0,0,0,0,0,0,0,0,0,-47000,0,0,0,122000,169000,-47000,-47000
060476,瑞祺元大9A購02  ,0,0,0,0,0,0,0,0,0,-47000,0,0,0,58000,105000,-47000,-47000
057985,華通元富02購03  ,0,0,0,0,0,0,0,0,0,-47000,0,0,0,99000,146000,-47000,-47000
061423,廣達元大9A購01  ,0,0,0,0,0,0,0,0,0,-47000,0,0,0,153000,200000,-47000,-47000
061224,道瓊反中信01購01,0,0,0,0,0,0,0,0,0,-47000,0,0,0,7000,54000,-47000,-47000
058376,貿聯凱基9A購01  ,0,0,0,0,0,0,0,0,0,-47000,0,0,0,0,47000,-47000,-47000
064700,致新群益9C購02  ,0,0,0,0,0,0,0,0,0,-47000,0,0,0,0,47000,-47000,-47000
064551,鈺齊凱基9C購02  ,0,0,0,0,0,0,0,0,0,-47000,0,0,0,285000,332000,-47000,-47000
064590,牧德永豐9C購01  ,0,0,0,0,0,0,0,0,0,-47000,0,0,0,0,47000,-47000,-47000
064568,聯鈞群益9C購01  ,0,0,0,0,0,0,0,0,0,-47000,0,0,0,84000,131000,-47000,-47000
064286,TPK元大9C購02   ,0,0,0,0,0,0,0,0,0,-47000,0,0,0,1000,48000,-47000,-47000
063892,旺宏群益01購01  ,0,0,0,0,0,0,0,0,0,-47000,0,0,0,0,47000,-47000,-47000
062641,瀚宇博國票9B購01,0,0,0,0,0,0,0,0,0,-47000,0,0,0,42000,89000,-47000,-47000
062432,上銀元大9B購04  ,0,0,0,0,0,0,0,0,0,-47000,0,0,0,3000,50000,-47000,-47000
065033,和碩兆豐9C購01  ,0,0,0,0,0,0,0,0,0,-48000,0,0,0,0,48000,-48000,-48000
2466,冠西電          ,8000,56000,-48000,0,0,0,0,0,0,0,0,0,0,0,0,0,-48000
08365P,貿聯凱基9C售01  ,0,0,0,0,0,0,0,0,0,-48000,0,0,0,16000,64000,-48000,-48000
054408,義隆國票98購01  ,0,0,0,0,0,0,0,0,0,-48000,0,0,0,0,48000,-48000,-48000
052277,台達電凱基97購01,0,0,0,0,0,0,0,0,0,-48000,0,0,0,0,48000,-48000,-48000
056740,大立光凱基98購13,0,0,0,0,0,0,0,0,0,-48000,0,0,0,0,48000,-48000,-48000
056230,可成凱基98購03  ,0,0,0,0,0,0,0,0,0,-48000,0,0,0,0,48000,-48000,-48000
056340,可成凱基98購04  ,0,0,0,0,0,0,0,0,0,-48000,0,0,0,1000,49000,-48000,-48000
057240,茂林凱基9A購01  ,0,0,0,0,0,0,0,0,0,-48000,0,0,0,3000,51000,-48000,-48000
058370,聯詠凱基99購01  ,0,0,0,0,0,0,0,0,0,-48000,0,0,0,1000,49000,-48000,-48000
060033,臻鼎永豐99購01  ,0,0,0,0,0,0,0,0,0,-48000,0,0,0,10000,58000,-48000,-48000
060128,健策永豐99購06  ,0,0,0,0,0,0,0,0,0,-48000,0,0,0,26000,74000,-48000,-48000
060295,貿聯元大9A購03  ,0,0,0,0,0,0,0,0,0,-48000,0,0,0,1000,49000,-48000,-48000
059612,奇鋐永豐99購02  ,0,0,0,0,0,0,0,0,0,-48000,0,0,0,10000,58000,-48000,-48000
061855,台郡國票9B購01  ,0,0,0,0,0,0,0,0,0,-48000,0,0,0,0,48000,-48000,-48000
062458,全新群益9B購03  ,0,0,0,0,0,0,0,0,0,-48000,0,0,0,0,48000,-48000,-48000
062541,臻鼎國泰01購01  ,0,0,0,0,0,0,0,0,0,-48000,0,0,0,0,48000,-48000,-48000
063132,台表科元大9C購02,0,0,0,0,0,0,0,0,0,-48000,0,0,0,92000,140000,-48000,-48000
063943,台光電元大9C購02,0,0,0,0,0,0,0,0,0,-48000,0,0,0,49000,97000,-48000,-48000
4551,智伸科          ,153069,117000,36069,0,0,0,3000,79000,-76000,-9000,4000,23000,-19000,11000,1000,10000,-48931
08369P,鴻海凱基01售04  ,0,0,0,0,0,0,0,0,0,-49000,0,0,0,19000,68000,-49000,-49000
08221P,台表科凱基9B售05,0,0,0,0,0,0,0,0,0,-49000,0,0,0,0,49000,-49000,-49000
2404,漢唐            ,261000,293000,-32000,0,0,0,0,0,0,-17000,20000,0,20000,17000,54000,-37000,-49000
057236,聯詠凱基98購03  ,0,0,0,0,0,0,0,0,0,-49000,0,0,0,0,49000,-49000,-49000
056317,華通群益99購02  ,0,0,0,0,0,0,0,0,0,-49000,0,0,0,33000,82000,-49000,-49000
056277,上銀富邦99購02  ,0,0,0,0,0,0,0,0,0,-49000,0,0,0,1000,50000,-49000,-49000
057569,光磊永豐98購03  ,0,0,0,0,0,0,0,0,0,-49000,0,0,0,0,49000,-49000,-49000
055335,健策兆豐98購01  ,0,0,0,0,0,0,0,0,0,-49000,0,0,0,2000,51000,-49000,-49000
054406,旺宏國票98購01  ,0,0,0,0,0,0,0,0,0,-49000,0,0,0,1000,50000,-49000,-49000
057633,緯穎永豐98購02  ,0,0,0,0,0,0,0,0,0,-49000,0,0,0,2000,51000,-49000,-49000
058140,臻鼎元大99購02  ,0,0,0,0,0,0,0,0,0,-49000,0,0,0,51000,100000,-49000,-49000
060712,建準永豐9A購01  ,0,0,0,0,0,0,0,0,0,-49000,0,0,0,0,49000,-49000,-49000
060409,味全永豐9A購01  ,0,0,0,0,0,0,0,0,0,-49000,0,0,0,0,49000,-49000,-49000
058221,上銀統一99購04  ,0,0,0,0,0,0,0,0,0,-49000,0,0,0,1000,50000,-49000,-49000
058900,旺宏元大99購11  ,0,0,0,0,0,0,0,0,0,-49000,0,0,0,47000,96000,-49000,-49000
064074,南茂永豐9C購01  ,0,0,0,0,0,0,0,0,0,-49000,0,0,0,26000,75000,-49000,-49000
064274,燿華元大9C購01  ,0,0,0,0,0,0,0,0,0,-49000,0,0,0,63000,112000,-49000,-49000
064197,智伸科群益9C購01,0,0,0,0,0,0,0,0,0,-49000,0,0,0,10000,59000,-49000,-49000
064339,大立光元大01購01,0,0,0,0,0,0,0,0,0,-49000,0,0,0,5000,54000,-49000,-49000
064540,神達麥證01購01  ,0,0,0,0,49000,-49000,0,0,0,-49000,0,0,0,0,49000,-49000,-49000
062897,上銀元大9B購06  ,0,0,0,0,0,0,0,0,0,-49000,0,0,0,33000,82000,-49000,-49000
063422,奇鋐凱基9B購04  ,0,0,0,0,0,0,0,0,0,-49000,0,0,0,1000,50000,-49000,-49000
062540,茂林國泰9C購01  ,0,0,0,0,0,0,0,0,0,-49000,0,0,0,74000,123000,-49000,-49000
062745,聯詠永豐9B購01  ,0,0,0,0,0,0,0,0,0,-49000,0,0,0,10000,59000,-49000,-49000
062803,嘉晶統一9B購02  ,0,0,0,0,0,0,0,0,0,-49000,0,0,0,150000,199000,-49000,-49000
2012,春雨            ,15000,65000,-50000,0,0,0,0,0,0,0,0,0,0,0,0,0,-50000
1737,臺鹽            ,18000,68000,-50000,0,0,0,0,0,0,0,0,0,0,0,0,0,-50000
08333P,大立光富邦02售03,0,0,0,0,0,0,0,0,0,-50000,0,0,0,11000,61000,-50000,-50000
08443P,臺股指麥證01售02,0,0,0,0,50000,-50000,0,0,0,-50000,0,0,0,0,50000,-50000,-50000
065130,奇鋐兆豐9C購01  ,0,0,0,0,0,0,0,0,0,-50000,0,0,0,0,50000,-50000,-50000
06654P,欣興元大98售08  ,0,0,0,0,0,0,0,0,0,-50000,0,0,0,50000,100000,-50000,-50000
06771P,台灣50中信02售01,0,0,0,0,0,0,0,0,0,-50000,0,0,0,50000,100000,-50000,-50000
07913P,友達元大01售01  ,0,0,0,0,0,0,0,0,0,-50000,0,0,0,0,50000,-50000,-50000
07743P,智邦凱基9A售03  ,0,0,0,0,0,0,0,0,0,-50000,0,0,0,0,50000,-50000,-50000
07217P,大立光凱基9A售05,0,0,0,0,0,0,0,0,0,-50000,0,0,0,10000,60000,-50000,-50000
07098P,台積電元大99售18,0,0,0,0,0,0,0,0,0,-50000,0,0,0,0,50000,-50000,-50000
056611,國巨永豐98購03  ,0,0,0,0,0,0,0,0,0,-50000,0,0,0,1000,51000,-50000,-50000
056612,台積電永豐98購01,0,0,0,0,0,0,0,0,0,-50000,0,0,0,0,50000,-50000,-50000
056510,正文永豐98購02  ,0,0,0,0,0,0,0,0,0,-50000,0,0,0,0,50000,-50000,-50000
056544,貿聯凱基98購03  ,0,0,0,0,0,0,0,0,0,-50000,0,0,0,0,50000,-50000,-50000
053449,超眾凱基98購01  ,0,0,0,0,0,0,0,0,0,-50000,0,0,0,8000,58000,-50000,-50000
054307,高鐵凱基98購01  ,0,0,0,0,0,0,0,0,0,-50000,0,0,0,0,50000,-50000,-50000
054250,漢唐元大96購04  ,0,0,0,0,0,0,0,0,0,-50000,0,0,0,0,50000,-50000,-50000
054795,合勤控群益98購01,0,0,0,0,0,0,0,0,0,-50000,0,0,0,0,50000,-50000,-50000
054655,貿聯麥證98購01  ,0,0,0,0,50000,-50000,0,0,0,-50000,0,0,0,0,50000,-50000,-50000
055353,華新科凱基98購03,0,0,0,0,0,0,0,0,0,-50000,0,0,0,0,50000,-50000,-50000
051264,道瓊反富邦97購01,0,0,0,0,0,0,0,0,0,-50000,0,0,0,0,50000,-50000,-50000
052077,可成元富98購02  ,0,0,0,0,0,0,0,0,0,-50000,0,0,0,10000,60000,-50000,-50000
052619,茂林國泰99購01  ,0,0,0,0,0,0,0,0,0,-50000,0,0,0,0,50000,-50000,-50000
03875P,滬深2X國票05售01,0,0,0,0,0,0,0,0,0,-50000,0,0,0,0,50000,-50000,-50000
04293P,滬深2X元大96售02,0,0,0,0,0,0,0,0,0,-50000,0,0,0,0,50000,-50000,-50000
03444B,臺股指元大9C熊02,0,0,0,0,0,0,0,0,0,-50000,0,0,0,0,50000,-50000,-50000
00693U,街口S&P黃豆     ,16000,16000,0,0,0,0,0,0,0,-50000,0,0,0,14000,64000,-50000,-50000
055781,聯詠凱基98購01  ,0,0,0,0,0,0,0,0,0,-50000,0,0,0,0,50000,-50000,-50000
057071,華擎永豐98購02  ,0,0,0,0,0,0,0,0,0,-50000,0,0,0,0,50000,-50000,-50000
057053,立積元大98購02  ,0,0,0,0,0,0,0,0,0,-50000,0,0,0,0,50000,-50000,-50000
057505,健策麥證98購01  ,0,0,0,58000,108000,-50000,0,0,0,-50000,0,0,0,58000,108000,-50000,-50000
057134,茂林凱基98購02  ,0,0,0,0,0,0,0,0,0,-50000,0,0,0,0,50000,-50000,-50000
060776,世芯凱基9B購01  ,0,0,0,0,0,0,0,0,0,-50000,0,0,0,0,50000,-50000,-50000
060982,旺宏元大9A購09  ,0,0,0,0,0,0,0,0,0,-50000,0,0,0,4000,54000,-50000,-50000
056286,奇鋐永豐97購01  ,0,0,0,0,0,0,0,0,0,-50000,0,0,0,0,50000,-50000,-50000
056232,瑞儀凱基98購01  ,0,0,0,0,0,0,0,0,0,-50000,0,0,0,0,50000,-50000,-50000
056178,嘉澤元富97購02  ,0,0,0,0,0,0,0,0,0,-50000,0,0,0,55000,105000,-50000,-50000
056205,貿聯永豐97購01  ,0,0,0,0,0,0,0,0,0,-50000,0,0,0,0,50000,-50000,-50000
056983,大立光群益99購02,0,0,0,0,0,0,0,0,0,-50000,0,0,0,0,50000,-50000,-50000
056734,國巨凱基99購01  ,0,0,0,0,0,0,0,0,0,-50000,0,0,0,10000,60000,-50000,-50000
056009,奇力新中信98購03,0,0,0,0,0,0,0,0,0,-50000,0,0,0,0,50000,-50000,-50000
055911,可成凱基98購02  ,0,0,0,0,0,0,0,0,0,-50000,0,0,0,2000,52000,-50000,-50000
060936,T50反1國票9A購09,0,0,0,0,0,0,0,0,0,-50000,0,0,0,0,50000,-50000,-50000
061262,智邦凱基9A購02  ,0,0,0,0,0,0,0,0,0,-50000,0,0,0,0,50000,-50000,-50000
061414,牧德群益9B購02  ,0,0,0,0,0,0,0,0,0,-50000,0,0,0,5000,55000,-50000,-50000
058205,神達凱基9B購01  ,0,0,0,0,0,0,0,0,0,-50000,0,0,0,0,50000,-50000,-50000
058289,奇鋐國票9A購01  ,0,0,0,0,0,0,0,0,0,-50000,0,0,0,0,50000,-50000,-50000
058944,元石油群益9C購02,0,0,0,0,0,0,0,0,0,-50000,0,0,0,0,50000,-50000,-50000
058598,T50反1元大99購04,0,0,0,0,0,0,0,0,0,-50000,0,0,0,70000,120000,-50000,-50000
058599,T50反1元大99購05,0,0,0,0,0,0,0,0,0,-50000,0,0,0,0,50000,-50000,-50000
058534,友達統一9B購01  ,0,0,0,0,0,0,0,0,0,-50000,0,0,0,0,50000,-50000,-50000
059273,臺指反元大9C購03,0,0,0,0,0,0,0,0,0,-50000,0,0,0,0,50000,-50000,-50000
060664,聯詠凱基9A購01  ,0,0,0,0,0,0,0,0,0,-50000,0,0,0,0,50000,-50000,-50000
060649,國巨第一9A購01  ,0,0,0,0,0,0,0,0,0,-50000,0,0,0,51000,101000,-50000,-50000
058018,南亞科凱基99購03,0,0,0,0,0,0,0,0,0,-50000,0,0,0,0,50000,-50000,-50000
059564,鴻海凱基9A購15  ,0,0,0,0,0,0,0,0,0,-50000,0,0,0,0,50000,-50000,-50000
060304,大立光富邦9C購05,0,0,0,0,0,0,0,0,0,-50000,0,0,0,0,50000,-50000,-50000
058071,大立光凱基98購19,0,0,0,0,0,0,0,0,0,-50000,0,0,0,0,50000,-50000,-50000
058052,南電元大98購02  ,0,0,0,0,0,0,0,0,0,-50000,0,0,0,13000,63000,-50000,-50000
061918,上銀凱基9B購02  ,0,0,0,0,0,0,0,0,0,-50000,0,0,0,0,50000,-50000,-50000
061839,華新科凱基05購04,0,0,0,0,0,0,0,0,0,-50000,0,0,0,0,50000,-50000,-50000
061842,牧德凱基9C購01  ,0,0,0,0,0,0,0,0,0,-50000,0,0,0,0,50000,-50000,-50000
061745,南電凱基9B購02  ,0,0,0,0,0,0,0,0,0,-50000,0,0,0,0,50000,-50000,-50000
061829,T50反1凱基9C購02,0,0,0,0,0,0,0,0,0,-50000,0,0,0,0,50000,-50000,-50000
062441,華新科元大9C購01,0,0,0,0,0,0,0,0,0,-50000,0,0,0,50000,100000,-50000,-50000
062313,聯詠凱基9C購01  ,0,0,0,0,0,0,0,0,0,-50000,0,0,0,0,50000,-50000,-50000
063458,正隆元大9B購01  ,0,0,0,0,0,0,0,0,0,-50000,0,0,0,47000,97000,-50000,-50000
063488,金像電國泰01購01,0,0,0,0,0,0,0,0,0,-50000,0,0,0,55000,105000,-50000,-50000
062919,聯茂元大9B購01  ,0,0,0,0,0,0,0,0,0,-50000,0,0,0,0,50000,-50000,-50000
063019,聯發科元大9C購01,0,0,0,0,0,0,0,0,0,-50000,0,0,0,0,50000,-50000,-50000
064493,南亞科元大9C購01,0,0,0,0,0,0,0,0,0,-50000,0,0,0,75000,125000,-50000,-50000
064580,統一永豐9C購01  ,0,0,0,0,0,0,0,0,0,-50000,0,0,0,0,50000,-50000,-50000
064736,超眾元富9C購04  ,0,0,0,0,0,0,0,0,0,-50000,0,0,0,0,50000,-50000,-50000
064762,致伸凱基9C購02  ,0,0,0,0,0,0,0,0,0,-50000,0,0,0,0,50000,-50000,-50000
064757,義隆凱基01購02  ,0,0,0,0,0,0,0,0,0,-50000,0,0,0,0,50000,-50000,-50000
06477P,緯穎國票99售02  ,0,0,0,0,0,0,0,0,0,-50000,0,0,0,10000,60000,-50000,-50000
064433,金像電凱基02購01,0,0,0,0,0,0,0,0,0,-50000,0,0,0,0,50000,-50000,-50000
064434,微星凱基02購01  ,0,0,0,0,0,0,0,0,0,-50000,0,0,0,0,50000,-50000,-50000
06399P,台表科凱基97售05,0,0,0,0,0,0,0,0,0,-50000,0,0,0,0,50000,-50000,-50000
063896,世芯群益9C購01  ,0,0,0,0,0,0,0,0,0,-50000,0,0,0,123000,173000,-50000,-50000
063918,復盛凱基9C購01  ,0,0,0,0,0,0,0,0,0,-50000,0,0,0,0,50000,-50000,-50000
063847,聯發科元大9C購03,0,0,0,0,0,0,0,0,0,-50000,0,0,0,0,50000,-50000,-50000
063822,聯發科麥證01購01,0,0,0,0,50000,-50000,0,0,0,-50000,0,0,0,0,50000,-50000,-50000
063709,上銀凱基9B購07  ,0,0,0,0,0,0,0,0,0,-50000,0,0,0,0,50000,-50000,-50000
07765P,台積電群益9A售06,0,0,0,0,0,0,0,0,0,-51000,0,0,0,0,51000,-51000,-51000
06813P,友訊元富98售03  ,0,0,0,0,0,0,0,0,0,-51000,0,0,0,109000,160000,-51000,-51000
4956,光鋐            ,2209000,2260000,-51000,0,0,0,0,0,0,0,0,0,0,0,0,0,-51000
056852,矽格元富98購01  ,0,0,0,0,0,0,0,0,0,-51000,0,0,0,95000,146000,-51000,-51000
057466,泰鼎永豐98購01  ,0,0,0,0,0,0,0,0,0,-51000,0,0,0,40000,91000,-51000,-51000
057267,康控兆豐99購01  ,0,0,0,0,0,0,0,0,0,-51000,0,0,0,129000,180000,-51000,-51000
053349,台郡國票97購02  ,0,0,0,0,0,0,0,0,0,-51000,0,0,0,0,51000,-51000,-51000
061680,崇越元大9A購01  ,0,0,0,0,0,0,0,0,0,-51000,0,0,0,0,51000,-51000,-51000
060722,矽格永豐9A購01  ,0,0,0,0,0,0,0,0,0,-51000,0,0,0,0,51000,-51000,-51000
060161,牧德永豐9A購02  ,0,0,0,0,0,0,0,0,0,-51000,0,0,0,10000,61000,-51000,-51000
058570,臻鼎凱基9A購01  ,0,0,0,0,0,0,0,0,0,-51000,0,0,0,0,51000,-51000,-51000
060891,世芯統一9A購01  ,0,0,0,0,0,0,0,0,0,-51000,0,0,0,3000,54000,-51000,-51000
059956,玉山金康和99購01,0,0,0,0,0,0,0,0,0,-51000,0,0,0,17000,68000,-51000,-51000
063852,瀚宇博元大9C購01,0,0,0,0,0,0,0,0,0,-51000,0,0,0,6000,57000,-51000,-51000
064135,復盛元大9C購01  ,0,0,0,0,0,0,0,0,0,-51000,0,0,0,0,51000,-51000,-51000
064142,國巨統一9C購13  ,0,0,0,0,0,0,0,0,0,-51000,0,0,0,73000,124000,-51000,-51000
063469,牧德元大9C購02  ,0,0,0,0,0,0,0,0,0,-51000,0,0,0,0,51000,-51000,-51000
1707,葡萄王          ,225000,290000,-65000,0,0,0,0,26000,-26000,39000,30000,0,30000,15000,6000,9000,-52000
2208,台船            ,61000,113000,-52000,0,0,0,0,0,0,0,0,0,0,0,0,0,-52000
07678P,大立光群益9A售03,0,0,0,0,0,0,0,0,0,-52000,0,0,0,10000,62000,-52000,-52000
054551,聯發科凱基98購02,0,0,0,0,0,0,0,0,0,-52000,0,0,0,10000,62000,-52000,-52000
03064X,元展59          ,0,0,0,0,0,0,0,0,0,-52000,0,0,0,0,52000,-52000,-52000
057092,健策元富98購01  ,0,0,0,0,0,0,0,0,0,-52000,0,0,0,16000,68000,-52000,-52000
058694,鈺齊國票9A購02  ,0,0,0,0,0,0,0,0,0,-52000,0,0,0,108000,160000,-52000,-52000
059901,滬深2X元大9C購07,0,0,0,0,0,0,0,0,0,-52000,0,0,0,0,52000,-52000,-52000
056126,台郡國票98購02  ,0,0,0,0,0,0,0,0,0,-52000,0,0,0,0,52000,-52000,-52000
056419,欣興元富98購02  ,0,0,0,0,0,0,0,0,0,-52000,0,0,0,41000,93000,-52000,-52000
061297,台積電富邦9C購09,0,0,0,0,0,0,0,0,0,-52000,0,0,0,0,52000,-52000,-52000
059360,全新永豐99購02  ,0,0,0,0,0,0,0,0,0,-52000,0,0,0,13000,65000,-52000,-52000
057878,台郡元大99購04  ,0,0,0,0,0,0,0,0,0,-52000,0,0,0,0,52000,-52000,-52000
060355,元金2X元富9C購01,0,0,0,0,0,0,0,0,0,-52000,0,0,0,50000,102000,-52000,-52000
059452,全新永豐99購03  ,0,0,0,0,0,0,0,0,0,-52000,0,0,0,13000,65000,-52000,-52000
062262,茂林元大9B購02  ,0,0,0,0,0,0,0,0,0,-52000,0,0,0,10000,62000,-52000,-52000
063998,聯發科兆豐9C購02,0,0,0,0,0,0,0,0,0,-52000,0,0,0,6000,58000,-52000,-52000
064279,新光金元大01購01,0,0,0,0,0,0,0,0,0,-52000,0,0,0,148000,200000,-52000,-52000
064584,英業達永豐9C購01,0,0,0,0,0,0,0,0,0,-52000,0,0,0,16000,68000,-52000,-52000
07181P,臺股指凱基99售23,0,0,0,0,0,0,0,0,0,-53000,0,0,0,2000,55000,-53000,-53000
08149P,祥碩群益9B售07  ,0,0,0,0,0,0,0,0,0,-53000,0,0,0,0,53000,-53000,-53000
07048P,台積電中信03售01,0,0,0,0,0,0,0,0,0,-53000,0,0,0,37000,90000,-53000,-53000
08366P,祥碩凱基9C售04  ,0,0,0,0,0,0,0,0,0,-53000,0,0,0,22000,75000,-53000,-53000
056942,昇陽半元富98購01,0,0,0,0,0,0,0,0,0,-53000,0,0,0,0,53000,-53000,-53000
060735,鴻海統一9C購03  ,0,0,0,0,0,0,0,0,0,-53000,0,0,0,0,53000,-53000,-53000
058709,臺股指元大9A購22,0,0,0,0,0,0,0,0,0,-53000,0,0,0,0,53000,-53000,-53000
057614,華新科元富99購04,0,0,0,0,0,0,0,0,0,-53000,0,0,0,0,53000,-53000,-53000
058240,景碩元大99購04  ,0,0,0,0,0,0,0,0,0,-53000,0,0,0,43000,96000,-53000,-53000
058190,貿聯永豐99購01  ,0,0,0,0,0,0,0,0,0,-53000,0,0,0,0,53000,-53000,-53000
061395,健策統一9C購02  ,0,0,0,0,0,0,0,0,0,-53000,0,0,0,25000,78000,-53000,-53000
061478,奇鋐元大9A購01  ,0,0,0,0,0,0,0,0,0,-53000,0,0,0,63000,116000,-53000,-53000
061362,台塑國票9B購01  ,0,0,0,0,0,0,0,0,0,-53000,0,0,0,0,53000,-53000,-53000
06082P,華通統一98售01  ,0,0,0,0,0,0,0,0,0,-53000,0,0,0,54000,107000,-53000,-53000
05889P,群創元大98售02  ,0,0,0,0,0,0,0,0,0,-53000,0,0,0,20000,73000,-53000,-53000
058864,欣興凱基99購04  ,0,0,0,0,0,0,0,0,0,-53000,0,0,0,0,53000,-53000,-53000
08309P,GIS凱基9C售01   ,0,0,0,0,0,0,0,0,0,-54000,0,0,0,28000,82000,-54000,-54000
2425,承啟            ,97000,150000,-53000,0,0,0,0,0,0,-1000,0,1000,-1000,0,0,0,-54000
1526,日馳            ,99000,153000,-54000,0,0,0,0,0,0,0,0,0,0,0,0,0,-54000
07568P,鴻海凱基9A售22  ,0,0,0,0,0,0,0,0,0,-54000,0,0,0,0,54000,-54000,-54000
053865,欣興元大97購02  ,0,0,0,0,0,0,0,0,0,-54000,0,0,0,126000,180000,-54000,-54000
057265,聯詠兆豐98購01  ,0,0,0,0,0,0,0,0,0,-54000,0,0,0,0,54000,-54000,-54000
057017,和大凱基98購01  ,0,0,0,0,0,0,0,0,0,-54000,0,0,0,55000,109000,-54000,-54000
056107,智易永豐97購02  ,0,0,0,0,0,0,0,0,0,-54000,0,0,0,0,54000,-54000,-54000
061503,臻鼎國票9B購01  ,0,0,0,0,0,0,0,0,0,-54000,0,0,0,22000,76000,-54000,-54000
058929,可成統一9C購01  ,0,0,0,0,0,0,0,0,0,-54000,0,0,0,16000,70000,-54000,-54000
060387,盛群凱基9A購01  ,0,0,0,0,0,0,0,0,0,-54000,0,0,0,40000,94000,-54000,-54000
061715,牧德凱基9B購03  ,0,0,0,0,0,0,0,0,0,-54000,0,0,0,0,54000,-54000,-54000
064243,TPK統一02購02   ,0,0,0,0,0,0,0,0,0,-54000,0,0,0,0,54000,-54000,-54000
063676,上銀國泰9C購02  ,0,0,0,0,0,0,0,0,0,-54000,0,0,0,8000,62000,-54000,-54000
062446,聯詠元大9B購02  ,0,0,0,0,0,0,0,0,0,-54000,0,0,0,17000,71000,-54000,-54000
06282P,聯鈞永豐97售02  ,0,0,0,0,0,0,0,0,0,-54000,0,0,0,0,54000,-54000,-54000
062765,祥碩凱基9B購04  ,0,0,0,0,0,0,0,0,0,-54000,0,0,0,36000,90000,-54000,-54000
062621,緯穎元大9B購05  ,0,0,0,0,0,0,0,0,0,-54000,0,0,0,0,54000,-54000,-54000
063406,麗豐國票9C購01  ,0,0,0,0,0,0,0,0,0,-54000,0,0,0,90000,144000,-54000,-54000
07407P,欣興凱基99售07  ,0,0,0,0,0,0,0,0,0,-55000,0,0,0,15000,70000,-55000,-55000
07416P,台積電元大99售53,0,0,0,0,0,0,0,0,0,-55000,0,0,0,35000,90000,-55000,-55000
07133P,臺股指元大9A售27,0,0,0,0,0,0,0,0,0,-55000,0,0,0,55000,110000,-55000,-55000
07814P,華通群益9A售06  ,0,0,0,0,0,0,0,0,0,-55000,0,0,0,20000,75000,-55000,-55000
064879,健策兆豐01購01  ,0,0,0,0,0,0,0,0,0,-55000,0,0,0,0,55000,-55000,-55000
08367P,臺股指凱基9C售11,0,0,0,0,0,0,0,0,0,-55000,0,0,0,70000,125000,-55000,-55000
4935,茂林-KY         ,391000,363000,28000,0,0,0,0,88000,-88000,5000,0,0,0,38000,33000,5000,-55000
057282,大立光元大99購06,0,0,0,0,0,0,0,0,0,-55000,0,0,0,20000,75000,-55000,-55000
054318,台虹凱基98購01  ,0,0,0,0,0,0,0,0,0,-55000,0,0,0,72000,127000,-55000,-55000
03840P,台積電統一99售02,0,0,0,0,0,0,0,0,0,-55000,0,0,0,0,55000,-55000,-55000
061650,南電元大9A購07  ,0,0,0,0,0,0,0,0,0,-55000,0,0,0,19000,74000,-55000,-55000
061997,台郡元大9B購03  ,0,0,0,0,0,0,0,0,0,-55000,0,0,0,161000,216000,-55000,-55000
059509,奇力新永豐99購02,0,0,0,0,0,0,0,0,0,-55000,0,0,0,0,55000,-55000,-55000
060700,華新科國泰9C購01,0,0,0,0,0,0,0,0,0,-55000,0,0,0,0,55000,-55000,-55000
060565,大立光富邦01購01,0,0,0,0,0,0,0,0,0,-55000,0,0,0,0,55000,-55000,-55000
061553,南電群益9A購03  ,0,0,0,0,0,0,0,0,0,-55000,0,0,0,217000,272000,-55000,-55000
060841,宏達電國票9B購01,0,0,0,0,0,0,0,0,0,-55000,0,0,0,35000,90000,-55000,-55000
062771,臺股指凱基9B購15,0,0,0,0,0,0,0,0,0,-55000,0,0,0,0,55000,-55000,-55000
062683,可成統一9B購04  ,0,0,0,0,0,0,0,0,0,-55000,0,0,0,0,55000,-55000,-55000
062184,奇鋐元大9B購02  ,0,0,0,0,0,0,0,0,0,-55000,0,0,0,4000,59000,-55000,-55000
063777,儒鴻永豐9B購02  ,0,0,0,0,0,0,0,0,0,-55000,0,0,0,13000,68000,-55000,-55000
063737,大立光元大9C購07,0,0,0,0,0,0,0,0,0,-55000,0,0,0,0,55000,-55000,-55000
063950,信邦元大9C購01  ,0,0,0,0,0,0,0,0,0,-55000,0,0,0,0,55000,-55000,-55000
064223,日電貿國票01購01,0,0,0,0,0,0,0,0,0,-55000,0,0,0,0,55000,-55000,-55000
064300,英業達兆豐9C購01,0,0,0,0,0,0,0,0,0,-55000,0,0,0,12000,67000,-55000,-55000
5531,鄉林            ,48000,104000,-56000,0,0,0,0,0,0,0,0,0,0,0,0,0,-56000
4137,麗豐-KY         ,267000,296000,-29000,0,0,0,0,40000,-40000,13000,27000,59000,-32000,57000,12000,45000,-56000
064922,玉晶光統一01購10,0,0,0,0,0,0,0,0,0,-56000,0,0,0,0,56000,-56000,-56000
07033P,大立光統一9B售03,0,0,0,0,0,0,0,0,0,-56000,0,0,0,26000,82000,-56000,-56000
057696,聯電群益9A購01  ,0,0,0,0,0,0,0,0,0,-56000,0,0,0,0,56000,-56000,-56000
057548,微星凱基99購01  ,0,0,0,0,0,0,0,0,0,-56000,0,0,0,179000,235000,-56000,-56000
061033,台光電永豐9A購01,0,0,0,0,0,0,0,0,0,-56000,0,0,0,182000,238000,-56000,-56000
056101,光磊永豐98購01  ,0,0,0,0,0,0,0,0,0,-56000,0,0,0,10000,66000,-56000,-56000
061138,晶技統一9C購01  ,0,0,0,0,0,0,0,0,0,-56000,0,0,0,0,56000,-56000,-56000
058363,全新凱基9A購02  ,0,0,0,0,0,0,0,0,0,-56000,0,0,0,0,56000,-56000,-56000
060243,潤泰全元大9C購02,0,0,0,0,0,0,0,0,0,-56000,0,0,0,12000,68000,-56000,-56000
062019,嘉澤永豐9B購01  ,0,0,0,0,0,0,0,0,0,-56000,0,0,0,12000,68000,-56000,-56000
062084,台郡元大9B購04  ,0,0,0,0,0,0,0,0,0,-56000,0,0,0,197000,253000,-56000,-56000
059162,國巨凱基99購12  ,0,0,0,0,0,0,0,0,0,-56000,0,0,0,102000,158000,-56000,-56000
058116,正崴中信99購02  ,0,0,0,0,0,0,0,0,0,-56000,0,0,0,0,56000,-56000,-56000
064334,可成元大01購01  ,0,0,0,0,0,0,0,0,0,-56000,0,0,0,22000,78000,-56000,-56000
06434P,超眾群益98售02  ,0,0,0,0,0,0,0,0,0,-56000,0,0,0,0,56000,-56000,-56000
064773,FBVIX群益9C購05 ,0,0,0,0,0,0,0,0,0,-56000,0,0,0,0,56000,-56000,-56000
064143,旺宏統一01購05  ,0,0,0,0,0,0,0,0,0,-56000,0,0,0,0,56000,-56000,-56000
06733P,鴻海凱基99售02  ,0,0,0,0,0,0,0,0,0,-57000,0,0,0,22000,79000,-57000,-57000
064827,友達統一02購02  ,0,0,0,0,0,0,0,0,0,-57000,0,0,0,0,57000,-57000,-57000
1473,台南            ,70000,127000,-57000,0,0,0,0,0,0,0,0,0,0,0,0,0,-57000
058699,楠梓電元大99購02,0,0,0,0,0,0,0,0,0,-57000,0,0,0,21000,78000,-57000,-57000
057465,智易永豐98購02  ,0,0,0,0,0,0,0,0,0,-57000,0,0,0,11000,68000,-57000,-57000
057493,聯詠元大98購02  ,0,0,0,0,0,0,0,0,0,-57000,0,0,0,39000,96000,-57000,-57000
057436,義隆國票99購02  ,0,0,0,0,0,0,0,0,0,-57000,0,0,0,0,57000,-57000,-57000
054258,牧德元大97購01  ,0,0,0,0,0,0,0,0,0,-57000,0,0,0,0,57000,-57000,-57000
03687C,臺股指凱基9C牛22,0,0,0,0,0,0,0,0,0,-57000,0,0,0,20000,77000,-57000,-57000
061735,上銀凱基9B購01  ,0,0,0,0,0,0,0,0,0,-57000,0,0,0,0,57000,-57000,-57000
061879,超眾元大9C購01  ,0,0,0,0,0,0,0,0,0,-57000,0,0,0,1000,58000,-57000,-57000
061787,華新科群益9C購01,0,0,0,0,0,0,0,0,0,-57000,0,0,0,29000,86000,-57000,-57000
058007,南電群益98購02  ,0,0,0,0,0,0,0,0,0,-57000,0,0,0,53000,110000,-57000,-57000
058405,訊連元大99購02  ,0,0,0,0,0,0,0,0,0,-57000,0,0,0,0,57000,-57000,-57000
059327,南茂元大99購01  ,0,0,0,0,0,0,0,0,0,-57000,0,0,0,2000,59000,-57000,-57000
063692,華擎永豐9B購02  ,0,0,0,0,0,0,0,0,0,-57000,0,0,0,21000,78000,-57000,-57000
064571,帆宣群益9C購01  ,0,0,0,0,0,0,0,0,0,-57000,0,0,0,0,57000,-57000,-57000
063248,創意元大9C購01  ,0,0,0,0,0,0,0,0,0,-57000,0,0,0,10000,67000,-57000,-57000
2365,昆盈            ,16000,74000,-58000,0,0,0,0,0,0,0,0,0,0,0,0,0,-58000
08400P,美律元富9C售02  ,0,0,0,0,0,0,0,0,0,-58000,0,0,0,93000,151000,-58000,-58000
07964P,大立光統一9B售12,0,0,0,0,0,0,0,0,0,-58000,0,0,0,0,58000,-58000,-58000
07976P,聯發科群益9C售02,0,0,0,0,0,0,0,0,0,-58000,0,0,0,0,58000,-58000,-58000
07640P,國巨群益9A售07  ,0,0,0,0,0,0,0,0,0,-58000,0,0,0,11000,69000,-58000,-58000
03448B,臺股指元大9C熊11,0,0,0,0,0,0,0,0,0,-58000,0,0,0,1000,59000,-58000,-58000
056599,臻鼎元富98購01  ,0,0,0,0,0,0,0,0,0,-58000,0,0,0,0,58000,-58000,-58000
056670,樺漢國票99購01  ,0,0,0,0,0,0,0,0,0,-58000,0,0,0,7000,65000,-58000,-58000
058701,鴻海元大99購16  ,0,0,0,0,0,0,0,0,0,-58000,0,0,0,10000,68000,-58000,-58000
061092,可成統一9C購02  ,0,0,0,0,0,0,0,0,0,-58000,0,0,0,10000,68000,-58000,-58000
056023,晶豪科群益97購01,0,0,0,0,0,0,0,0,0,-58000,0,0,0,0,58000,-58000,-58000
057803,上銀元大98購08  ,0,0,0,0,0,0,0,0,0,-58000,0,0,0,20000,78000,-58000,-58000
060065,大立光兆豐9B購01,0,0,0,0,0,0,0,0,0,-58000,0,0,0,0,58000,-58000,-58000
061496,華新科國票9A購07,0,0,0,0,0,0,0,0,0,-58000,0,0,0,28000,86000,-58000,-58000
057973,神達富邦9A購01  ,0,0,0,0,0,0,0,0,0,-58000,0,0,0,3000,61000,-58000,-58000
057895,全新元富9B購01  ,0,0,0,0,0,0,0,0,0,-58000,0,0,0,0,58000,-58000,-58000
059176,臺股指凱基99購27,0,0,0,0,0,0,0,0,0,-58000,0,0,0,5000,63000,-58000,-58000
059051,和大凱基9A購01  ,0,0,0,0,0,0,0,0,0,-58000,0,0,0,141000,199000,-58000,-58000
062796,技嘉統一9C購01  ,0,0,0,0,0,0,0,0,0,-58000,0,0,0,7000,65000,-58000,-58000
064492,技嘉元大9C購01  ,0,0,0,0,0,0,0,0,0,-58000,0,0,0,73000,131000,-58000,-58000
063529,聯茂凱基9B購02  ,0,0,0,0,0,0,0,0,0,-58000,0,0,0,0,58000,-58000,-58000
064167,緯穎統一01購03  ,0,0,0,0,0,0,0,0,0,-58000,0,0,0,0,58000,-58000,-58000
064098,正崴群益9C購01  ,0,0,0,0,0,0,0,0,0,-58000,0,0,0,20000,78000,-58000,-58000
1445,大宇            ,9000,68000,-59000,0,0,0,0,0,0,0,0,0,0,0,0,0,-59000
1802,台玻            ,368000,427000,-59000,0,0,0,0,0,0,0,0,0,0,0,0,0,-59000
056065,奇鋐元大97購01  ,0,0,0,0,0,0,0,0,0,-59000,0,0,0,0,59000,-59000,-59000
056166,微星台新97購01  ,0,0,0,0,0,0,0,0,0,-59000,0,0,0,35000,94000,-59000,-59000
057536,康控元大99購03  ,0,0,0,0,0,0,0,0,0,-59000,0,0,0,0,59000,-59000,-59000
053887,聯茂兆豐97購02  ,0,0,0,0,0,0,0,0,0,-59000,0,0,0,0,59000,-59000,-59000
060287,燿華元大9A購01  ,0,0,0,0,0,0,0,0,0,-59000,0,0,0,94000,153000,-59000,-59000
061622,臻鼎群益9A購01  ,0,0,0,0,0,0,0,0,0,-59000,0,0,0,0,59000,-59000,-59000
061247,玉晶光群益9A購09,0,0,0,0,0,0,0,0,0,-59000,0,0,0,65000,124000,-59000,-59000
060845,欣興國票9A購01  ,0,0,0,0,0,0,0,0,0,-59000,0,0,0,29000,88000,-59000,-59000
061572,奇力新元大9A購04,40000,0,40000,0,0,0,0,0,0,-99000,0,0,0,4000,103000,-99000,-59000
063910,漢唐凱基9C購01  ,0,0,0,0,0,0,0,0,0,-59000,0,0,0,0,59000,-59000,-59000
062277,廣達群益9B購01  ,0,0,0,0,0,0,0,0,0,-59000,0,0,0,23000,82000,-59000,-59000
063324,道瓊反國票9B購03,0,0,0,0,0,0,0,0,0,-59000,0,0,0,7000,66000,-59000,-59000
07293P,臺股指凱基99售45,0,0,0,0,0,0,0,0,0,-60000,0,0,0,0,60000,-60000,-60000
07319P,台積電凱基01售02,0,0,0,0,0,0,0,0,0,-60000,0,0,0,0,60000,-60000,-60000
08092P,仁寶元富9B售02  ,0,0,0,0,0,0,0,0,0,-60000,0,0,0,35000,95000,-60000,-60000
07945P,上銀國票9B售02  ,0,0,0,0,0,0,0,0,0,-60000,0,0,0,0,60000,-60000,-60000
07793P,同欣電元大9A售02,0,0,0,0,0,0,0,0,0,-60000,0,0,0,40000,100000,-60000,-60000
064836,群創統一9C購04  ,0,0,0,0,0,0,0,0,0,-60000,0,0,0,0,60000,-60000,-60000
06611P,祥碩國票98售01  ,0,0,0,0,0,0,0,0,0,-60000,0,0,0,0,60000,-60000,-60000
06824P,台灣50國票99售02,0,0,0,0,0,0,0,0,0,-60000,0,0,0,60000,120000,-60000,-60000
056547,臻鼎凱基99購01  ,0,0,0,0,0,0,0,0,0,-60000,0,0,0,30000,90000,-60000,-60000
054413,台光電元大96購03,0,0,0,0,0,0,0,0,0,-60000,0,0,0,0,60000,-60000,-60000
054763,宏達電國票99購01,0,0,0,0,0,0,0,0,0,-60000,0,0,0,0,60000,-60000,-60000
053361,友達元富99購01  ,0,0,0,0,0,0,0,0,0,-60000,0,0,0,10000,70000,-60000,-60000
047482,新光金凱基99購03,0,0,0,0,0,0,0,0,0,-60000,0,0,0,100000,160000,-60000,-60000
055389,國巨統一98購02  ,0,0,0,0,0,0,0,0,0,-60000,0,0,0,0,60000,-60000,-60000
055531,華新科群益98購03,0,0,0,0,0,0,0,0,0,-60000,0,0,0,0,60000,-60000,-60000
057391,樺漢永豐98購01  ,0,0,0,0,0,0,0,0,0,-60000,0,0,0,0,60000,-60000,-60000
057408,台郡群益98購01  ,0,0,0,0,0,0,0,0,0,-60000,0,0,0,0,60000,-60000,-60000
055732,全新元富9A購01  ,0,0,0,0,0,0,0,0,0,-60000,0,0,0,0,60000,-60000,-60000
060114,緯穎元大99購10  ,0,0,0,0,0,0,0,0,0,-60000,0,0,0,10000,70000,-60000,-60000
058444,國巨富邦9B購01  ,0,0,0,0,0,0,0,0,0,-60000,0,0,0,0,60000,-60000,-60000
058589,群創中信01購01  ,0,0,0,0,0,0,0,0,0,-60000,0,0,0,0,60000,-60000,-60000
05859P,台表科國票97售04,0,0,0,0,0,0,0,0,0,-60000,0,0,0,0,60000,-60000,-60000
059636,宏達電凱基99購05,0,0,0,0,0,0,0,0,0,-60000,0,0,0,2000,62000,-60000,-60000
057925,貿聯凱基99購01  ,0,0,0,0,0,0,0,0,0,-60000,0,0,0,0,60000,-60000,-60000
057963,緯穎元大98購08  ,0,0,0,0,0,0,0,0,0,-60000,0,0,0,0,60000,-60000,-60000
060655,國巨統一9B購06  ,0,0,0,0,0,0,0,0,0,-60000,0,0,0,10000,70000,-60000,-60000
062923,緯穎元大9B購06  ,0,0,0,0,0,0,0,0,0,-60000,0,0,0,40000,100000,-60000,-60000
063149,聯發科元富05購02,0,0,0,0,0,0,0,0,0,-60000,0,0,0,4000,64000,-60000,-60000
063106,台表科群益9B購03,0,0,0,0,0,0,0,0,0,-60000,0,0,0,112000,172000,-60000,-60000
062282,禾伸堂群益9B購01,0,0,0,0,0,0,0,0,0,-60000,0,0,0,25000,85000,-60000,-60000
062589,友達統一9C購03  ,0,0,0,0,0,0,0,0,0,-60000,0,0,0,0,60000,-60000,-60000
063916,瀚宇博凱基01購01,0,0,0,0,0,0,0,0,0,-60000,0,0,0,12000,72000,-60000,-60000
063947,大毅元大9C購02  ,0,0,0,0,0,0,0,0,0,-60000,0,0,0,54000,114000,-60000,-60000
064547,宏達電凱基9C購01,0,0,0,0,0,0,0,0,0,-60000,0,0,0,2000,62000,-60000,-60000
064524,GIS群益02購01   ,0,0,0,0,0,0,0,0,0,-60000,0,0,0,16000,76000,-60000,-60000
064535,國產國票01購01  ,0,0,0,0,0,0,0,0,0,-60000,0,0,0,35000,95000,-60000,-60000
064440,大立光凱基03購03,0,0,0,0,0,0,0,0,0,-60000,0,0,0,0,60000,-60000,-60000
065035,世芯統一01購03  ,0,0,0,0,0,0,0,0,0,-61000,0,0,0,0,61000,-61000,-61000
07954P,台表科元大9B售02,0,0,0,0,0,0,0,0,0,-61000,0,0,0,10000,71000,-61000,-61000
08354P,旺宏元大9C售05  ,0,0,0,0,0,0,0,0,0,-61000,0,0,0,0,61000,-61000,-61000
056689,玉晶光統一9A購03,0,0,0,0,0,0,0,0,0,-61000,0,0,0,3000,64000,-61000,-61000
055877,奇鋐元富97購01  ,0,0,0,0,0,0,0,0,0,-61000,0,0,0,78000,139000,-61000,-61000
058706,聯鈞元大9C購01  ,0,0,0,0,0,0,0,0,0,-61000,0,0,0,30000,91000,-61000,-61000
058648,聯陽永豐99購01  ,0,0,0,0,0,0,0,0,0,-61000,0,0,0,15000,76000,-61000,-61000
055377,揚明光元大98購01,0,0,0,0,0,0,0,0,0,-61000,0,0,0,4000,65000,-61000,-61000
046384,群創凱基98購02  ,0,0,0,0,0,0,0,0,0,-61000,0,0,0,2000,63000,-61000,-61000
054166,日電貿凱基98購01,0,0,0,0,0,0,0,0,0,-61000,0,0,0,0,61000,-61000,-61000
060034,立積永豐99購04  ,0,0,0,0,0,0,0,0,0,-61000,0,0,0,0,61000,-61000,-61000
061245,晶技群益9A購01  ,0,0,0,0,0,0,0,0,0,-61000,0,0,0,0,61000,-61000,-61000
061501,嘉澤國票9A購01  ,0,0,0,0,0,0,0,0,0,-61000,0,0,0,0,61000,-61000,-61000
064234,正崴統一01購01  ,0,0,0,0,0,0,0,0,0,-61000,0,0,0,208000,269000,-61000,-61000
063860,旺宏國泰02購01  ,0,0,0,0,0,0,0,0,0,-61000,0,0,0,1000,62000,-61000,-61000
062832,嘉澤群益9B購02  ,0,0,0,0,0,0,0,0,0,-61000,0,0,0,103000,164000,-61000,-61000
062295,康友永豐9B購01  ,0,0,0,0,0,0,0,0,0,-61000,0,0,0,191000,252000,-61000,-61000
062461,智伸科群益9B購01,0,0,0,0,0,0,0,0,0,-61000,0,0,0,8000,69000,-61000,-61000
062383,大立光國泰01購01,0,0,0,0,0,0,0,0,0,-61000,0,0,0,307000,368000,-61000,-61000
08423P,台積電統一9C售13,0,0,0,0,0,0,0,0,0,-62000,0,0,0,0,62000,-62000,-62000
06903P,技嘉凱基98售04  ,0,0,0,0,0,0,0,0,0,-62000,0,0,0,38000,100000,-62000,-62000
06952P,大立光統一9A售03,0,0,0,0,0,0,0,0,0,-62000,0,0,0,16000,78000,-62000,-62000
056577,玉晶光元大99購06,0,0,0,0,0,0,0,0,0,-62000,0,0,0,85000,147000,-62000,-62000
057778,大立光群益98購02,0,0,0,0,0,0,0,0,0,-62000,0,0,0,36000,98000,-62000,-62000
056144,GIS元大98購01   ,0,0,0,0,0,0,0,0,0,-62000,0,0,0,76000,138000,-62000,-62000
056998,麗豐康和98購01  ,0,0,0,0,0,0,0,0,0,-62000,0,0,0,356000,418000,-62000,-62000
056460,同欣電凱基99購01,0,0,0,0,0,0,0,0,0,-62000,0,0,0,129000,191000,-62000,-62000
056472,美律元大99購03  ,0,0,0,0,0,0,0,0,0,-62000,0,0,0,88000,150000,-62000,-62000
056475,宏達電元大99購02,0,0,0,0,0,0,0,0,0,-62000,0,0,0,51000,113000,-62000,-62000
061123,燿華永豐9A購01  ,0,0,0,0,0,0,0,0,0,-62000,0,0,0,158000,220000,-62000,-62000
058838,國巨中信99購03  ,0,0,0,0,0,0,0,0,0,-62000,0,0,0,266000,328000,-62000,-62000
059944,欣興永豐99購03  ,0,0,0,0,0,0,0,0,0,-62000,0,0,0,112000,174000,-62000,-62000
060019,彰銀康和99購01  ,0,0,0,0,0,0,0,0,0,-62000,0,0,0,6000,68000,-62000,-62000
058559,華新科日盛99購02,0,0,0,0,0,0,0,0,0,-62000,0,0,0,15000,77000,-62000,-62000
064001,華通凱基02購01  ,0,0,0,0,0,0,0,0,0,-62000,0,0,0,136000,198000,-62000,-62000
064104,TPK群益9C購02   ,0,0,0,0,0,0,0,0,0,-62000,0,0,0,7000,69000,-62000,-62000
064581,葡萄王永豐9C購01,0,0,0,0,0,0,0,0,0,-62000,0,0,0,100000,162000,-62000,-62000
064696,群創群益9C購02  ,0,0,0,0,0,0,0,0,0,-62000,0,0,0,31000,93000,-62000,-62000
3443,創意            ,219035,238000,-18965,0,0,0,0,36000,-36000,-8000,0,0,0,1000,9000,-8000,-62965
3023,信邦            ,251000,103991,147009,0,0,0,0,213000,-213000,3000,15000,10000,5000,0,2000,-2000,-62991
1522,堤維西          ,40000,103000,-63000,0,0,0,0,0,0,0,0,0,0,0,0,0,-63000
06626P,大立光統一9A售01,0,0,0,0,0,0,0,0,0,-63000,0,0,0,0,63000,-63000,-63000
055983,全新元富9A購02  ,0,0,0,0,0,0,0,0,0,-63000,0,0,0,0,63000,-63000,-63000
064616,智邦元大9C購04  ,0,0,0,0,0,0,0,0,0,-63000,0,0,0,2000,65000,-63000,-63000
064251,緯創元富9C購01  ,0,0,0,0,0,0,0,0,0,-63000,0,0,0,663000,726000,-63000,-63000
064200,華通兆豐01購01  ,0,0,0,0,0,0,0,0,0,-63000,0,0,0,160000,223000,-63000,-63000
064168,南電統一01購01  ,0,0,0,0,0,0,0,0,0,-63000,0,0,0,5000,68000,-63000,-63000
063957,臻鼎元大9C購01  ,0,0,0,0,0,0,0,0,0,-63000,0,0,0,0,63000,-63000,-63000
062373,泰鼎元大9B購01  ,0,1000,-1000,0,0,0,0,0,0,-62000,0,0,0,7000,69000,-62000,-63000
063129,祥碩元大9C購03  ,0,0,0,0,0,0,0,0,0,-63000,0,0,0,12000,75000,-63000,-63000
063288,泰鼎元大9B購02  ,0,0,0,0,0,0,0,0,0,-63000,0,0,0,2000,65000,-63000,-63000
064932,緯穎統一01購04  ,0,0,0,0,0,0,0,0,0,-64000,0,0,0,0,64000,-64000,-64000
056981,全新群益99購03  ,0,0,0,0,0,0,0,0,0,-64000,0,0,0,16000,80000,-64000,-64000
057119,微星康和98購01  ,0,0,0,0,0,0,0,0,0,-64000,0,0,0,1000,65000,-64000,-64000
059889,華新科國票99購04,0,0,0,0,0,0,0,0,0,-64000,0,0,0,0,64000,-64000,-64000
057028,台郡凱基99購02  ,0,0,0,0,0,0,0,0,0,-64000,0,0,0,0,64000,-64000,-64000
054196,台光電國泰97購02,0,0,0,0,0,0,0,0,0,-64000,0,0,0,4000,68000,-64000,-64000
058604,華邦電元大99購03,0,0,0,0,0,0,0,0,0,-64000,0,0,0,0,64000,-64000,-64000
058875,台表科國票9A購02,0,0,0,0,0,0,0,0,0,-64000,0,0,0,11000,75000,-64000,-64000
060249,正文元大9C購01  ,0,0,0,0,0,0,0,0,0,-64000,0,0,0,110000,174000,-64000,-64000
062374,茂林元大9B購03  ,0,0,0,0,0,0,0,0,0,-64000,0,0,0,0,64000,-64000,-64000
062213,和大統一9B購02  ,0,0,0,0,0,0,0,0,0,-64000,0,0,0,0,64000,-64000,-64000
062190,瀚宇博元大9B購01,0,0,0,0,0,0,0,0,0,-64000,0,0,0,63000,127000,-64000,-64000
062126,創意統一9B購01  ,0,0,0,0,0,0,0,0,0,-64000,0,0,0,129000,193000,-64000,-64000
063710,光寶科凱基9C購01,0,0,0,0,0,0,0,0,0,-64000,0,0,0,37000,101000,-64000,-64000
064196,健策群益01購01  ,0,0,0,0,0,0,0,0,0,-64000,0,0,0,20000,84000,-64000,-64000
064692,嘉晶群益9C購03  ,0,0,0,0,0,0,0,0,0,-64000,0,0,0,0,64000,-64000,-64000
065160,聯茂群益9C購02  ,0,0,0,0,0,0,0,0,0,-65000,0,0,0,0,65000,-65000,-65000
07782P,寶成凱基9A售02  ,0,0,0,0,0,0,0,0,0,-65000,0,0,0,10000,75000,-65000,-65000
08111P,臺股指中信01售06,0,0,0,0,0,0,0,0,0,-65000,0,0,0,95000,160000,-65000,-65000
053537,玉晶光永豐98購02,0,0,0,0,0,0,0,0,0,-65000,0,0,0,173000,238000,-65000,-65000
057776,京元電群益98購02,0,0,0,0,0,0,0,0,0,-65000,0,0,0,349000,414000,-65000,-65000
057637,上銀元大98購07  ,0,0,0,0,0,0,0,0,0,-65000,0,0,0,0,65000,-65000,-65000
00702,國泰標普低波高息,8000,32000,-24000,0,0,0,0,0,0,-41000,0,0,0,0,41000,-41000,-65000
060760,南亞科元大9A購04,0,0,0,0,0,0,0,0,0,-65000,0,0,0,3000,68000,-65000,-65000
057828,緯穎元大99購02  ,0,0,0,0,0,0,0,0,0,-65000,0,0,0,15000,80000,-65000,-65000
058820,致茂國泰9B購01  ,0,0,0,0,0,0,0,0,0,-65000,0,0,0,90000,155000,-65000,-65000
060906,旺宏元大9A購07  ,0,0,0,0,0,0,0,0,0,-65000,0,0,0,1000,66000,-65000,-65000
058963,華新科兆豐99購05,0,0,0,0,0,0,0,0,0,-65000,0,0,0,4000,69000,-65000,-65000
064002,仁寶凱基9C購01  ,0,0,0,0,0,0,0,0,0,-65000,0,0,0,0,65000,-65000,-65000
062172,南六永豐9B購01  ,0,0,0,0,0,0,0,0,0,-65000,0,0,0,43000,108000,-65000,-65000
062301,聯詠中信05購01  ,0,0,0,0,0,0,0,0,0,-65000,0,0,0,10000,75000,-65000,-65000
063206,貿聯統一9C購02  ,0,0,0,0,0,0,0,0,0,-65000,0,0,0,20000,85000,-65000,-65000
063374,嘉澤永豐9B購04  ,0,0,0,0,0,0,0,0,0,-65000,0,0,0,82000,147000,-65000,-65000
063143,嘉澤統一9B購02  ,0,0,0,0,0,0,0,0,0,-65000,0,0,0,68000,133000,-65000,-65000
063039,大立光凱基9C購02,0,0,0,0,0,0,0,0,0,-65000,0,0,0,50000,115000,-65000,-65000
065157,世芯群益9C購02  ,0,0,0,0,0,0,0,0,0,-66000,0,0,0,13000,79000,-66000,-66000
08241P,微星中信06售01  ,0,0,0,0,0,0,0,0,0,-66000,0,0,0,0,66000,-66000,-66000
3056,總太            ,176000,240000,-64000,0,0,0,0,0,0,-2000,0,2000,-2000,0,0,0,-66000
056267,文曄統一97購02  ,0,0,0,0,0,0,0,0,0,-66000,0,0,0,96000,162000,-66000,-66000
057619,玉晶光凱基98購02,0,0,0,0,0,0,0,0,0,-66000,0,0,0,28000,94000,-66000,-66000
061544,大毅群益9B購02  ,0,0,0,0,0,0,0,0,0,-66000,0,0,0,32000,98000,-66000,-66000
058390,樺漢國票9A購01  ,0,0,0,0,0,0,0,0,0,-66000,0,0,0,13000,79000,-66000,-66000
061615,鴻海群益9A購06  ,0,0,0,0,0,0,0,0,0,-66000,0,0,0,4000,70000,-66000,-66000
060346,華新科統一01購01,0,0,0,0,0,0,0,0,0,-66000,0,0,0,7000,73000,-66000,-66000
062021,康控永豐9B購01  ,0,0,0,0,0,0,0,0,0,-66000,0,0,0,0,66000,-66000,-66000
061994,瑞儀元大9B購01  ,0,0,0,0,0,0,0,0,0,-66000,0,0,0,47000,113000,-66000,-66000
063425,台勝科凱基9B購02,0,0,0,0,0,0,0,0,0,-66000,0,0,0,0,66000,-66000,-66000
062748,祥碩永豐9B購02  ,0,0,0,0,0,0,0,0,0,-66000,0,0,0,0,66000,-66000,-66000
063634,台光電元大9B購09,0,0,0,0,0,0,0,0,0,-66000,0,0,0,97000,163000,-66000,-66000
064578,TPK國泰02購01   ,0,0,0,0,0,0,0,0,0,-66000,0,0,0,0,66000,-66000,-66000
064496,聯發科元大9C購10,0,0,0,0,0,0,0,0,0,-66000,0,0,0,5000,71000,-66000,-66000
064276,聯發科元大9C購07,0,0,0,0,0,0,0,0,0,-66000,0,0,0,0,66000,-66000,-66000
064392,喬山永豐9C購01  ,0,0,0,0,0,0,0,0,0,-66000,0,0,0,0,66000,-66000,-66000
1609,大亞            ,257000,324000,-67000,0,0,0,0,0,0,0,0,0,0,0,0,0,-67000
064837,TPK統一9C購02   ,0,0,0,0,0,0,0,0,0,-67000,0,0,0,0,67000,-67000,-67000
064881,聯茂兆豐01購02  ,0,0,0,0,0,0,0,0,0,-67000,0,0,0,135000,202000,-67000,-67000
07099P,台積電元大99售19,0,0,0,0,0,0,0,0,0,-67000,0,0,0,1000,68000,-67000,-67000
07639P,緯穎國票9A售01  ,0,0,0,0,0,0,0,0,0,-67000,0,0,0,36000,103000,-67000,-67000
056535,全新凱基99購02  ,0,0,0,0,0,0,0,0,0,-67000,0,0,0,45000,112000,-67000,-67000
054065,樺漢國票97購01  ,0,0,0,0,0,0,0,0,0,-67000,0,0,0,5000,72000,-67000,-67000
056352,鴻海元大99購01  ,0,0,0,0,0,0,0,0,0,-67000,0,0,0,1000,68000,-67000,-67000
058676,聯茂群益99購01  ,0,0,0,0,0,0,0,0,0,-67000,0,0,0,0,67000,-67000,-67000
058145,聯茂元大99購03  ,0,0,0,0,0,0,0,0,0,-67000,0,0,0,33000,100000,-67000,-67000
060956,超眾群益9A購01  ,0,0,0,0,0,0,0,0,0,-67000,0,0,0,0,67000,-67000,-67000
064336,可成元大9C購06  ,0,0,0,0,0,0,0,0,0,-67000,0,0,0,0,67000,-67000,-67000
063124,奇力新元大9B購05,0,0,0,0,0,0,0,0,0,-67000,0,0,0,0,67000,-67000,-67000
063205,貿聯統一9C購01  ,0,0,0,0,0,0,0,0,0,-67000,0,0,0,20000,87000,-67000,-67000
062862,瑞儀國票9B購01  ,0,0,0,0,0,0,0,0,0,-67000,0,0,0,24000,91000,-67000,-67000
08157P,大立光元富9B售06,0,0,0,0,0,0,0,0,0,-68000,0,0,0,36000,104000,-68000,-68000
055848,大立光元大97購11,0,0,0,0,0,0,0,0,0,-68000,0,0,0,0,68000,-68000,-68000
057278,可成元大98購06  ,0,0,0,0,0,0,0,0,0,-68000,0,0,0,27000,95000,-68000,-68000
056395,玉晶光永豐9B購01,0,0,0,0,0,0,0,0,0,-68000,0,0,0,20000,88000,-68000,-68000
056314,力成元大97購01  ,0,0,0,0,0,0,0,0,0,-68000,0,0,0,0,68000,-68000,-68000
056302,大立光元大97購17,0,0,0,0,0,0,0,0,0,-68000,0,0,0,0,68000,-68000,-68000
056307,貿聯元大97購05  ,0,0,0,0,0,0,0,0,0,-68000,0,0,0,0,68000,-68000,-68000
057141,嘉聯益兆豐99購01,0,0,0,0,0,0,0,0,0,-68000,0,0,0,169000,237000,-68000,-68000
057178,可成元大98購03  ,0,0,0,0,0,0,0,0,0,-68000,0,0,0,0,68000,-68000,-68000
053875,GIS元大97購01   ,0,0,0,0,0,0,0,0,0,-68000,0,0,0,23000,91000,-68000,-68000
060907,金像電元大9A購02,0,0,0,0,0,0,0,0,0,-68000,0,0,0,16000,84000,-68000,-68000
060848,聯茂國票9A購02  ,0,0,0,0,0,0,0,0,0,-68000,0,0,0,33000,101000,-68000,-68000
058796,可成元大99購04  ,0,0,0,0,0,0,0,0,0,-68000,0,0,0,0,68000,-68000,-68000
061649,緯穎元大9A購06  ,0,0,0,0,0,0,0,0,0,-68000,0,0,0,0,68000,-68000,-68000
061878,茂林元大9B購01  ,0,0,0,0,0,0,0,0,0,-68000,0,0,0,0,68000,-68000,-68000
059456,智易永豐99購01  ,0,0,0,0,0,0,0,0,0,-68000,0,0,0,22000,90000,-68000,-68000
060573,力成永豐9A購01  ,0,0,0,0,0,0,0,0,0,-68000,0,0,0,23000,91000,-68000,-68000
062401,信邦永豐9B購01  ,0,0,0,0,0,0,0,0,0,-68000,0,0,0,0,68000,-68000,-68000
064264,智伸科永豐9C購01,0,0,0,0,0,0,0,0,0,-68000,0,0,0,0,68000,-68000,-68000
064345,創意元大9C購03  ,0,0,0,0,0,0,0,0,0,-68000,0,0,0,0,68000,-68000,-68000
064613,聯電元大9C購05  ,0,0,0,0,0,0,0,0,0,-68000,0,0,0,0,68000,-68000,-68000
063541,華擎元富9B購02  ,0,0,0,0,0,0,0,0,0,-68000,0,0,0,85000,153000,-68000,-68000
063590,華擎永豐9B購01  ,0,0,0,0,0,0,0,0,0,-68000,0,0,0,0,68000,-68000,-68000
064090,祥碩凱基9C購03  ,0,0,0,0,0,0,0,0,0,-68000,0,0,0,8000,76000,-68000,-68000
064037,寶成元大9C購02  ,0,0,0,0,0,0,0,0,0,-68000,0,0,0,0,68000,-68000,-68000
064033,茂林元大9C購02  ,0,0,0,0,0,0,0,0,0,-68000,0,0,0,0,68000,-68000,-68000
1773,勝一            ,19000,88000,-69000,0,0,0,0,0,0,0,0,0,0,0,0,0,-69000
054735,漢唐凱基98購01  ,0,0,0,0,0,0,0,0,0,-69000,0,0,0,10000,79000,-69000,-69000
055365,華通元大97購03  ,0,0,0,0,0,0,0,0,0,-69000,0,0,0,14000,83000,-69000,-69000
056488,致新元大99購01  ,0,0,0,0,0,0,0,0,0,-69000,0,0,0,0,69000,-69000,-69000
060707,台郡富邦9A購01  ,0,0,0,0,0,0,0,0,0,-69000,0,0,0,71000,140000,-69000,-69000
062111,台勝科國票9B購01,0,0,0,0,0,0,0,0,0,-69000,0,0,0,35000,104000,-69000,-69000
062100,矽格永豐9B購01  ,0,0,0,0,0,0,0,0,0,-69000,0,0,0,0,69000,-69000,-69000
062062,貿聯統一01購01  ,40000,0,40000,0,0,0,0,0,0,-109000,0,0,0,20000,129000,-109000,-69000
058836,FBVIX中信03購05 ,0,0,0,0,0,0,0,0,0,-69000,0,0,0,84000,153000,-69000,-69000
058353,國巨凱基99購09  ,0,0,0,0,0,0,0,0,0,-69000,0,0,0,214000,283000,-69000,-69000
064064,義隆富邦03購01  ,0,0,0,0,0,0,0,0,0,-69000,0,0,0,151000,220000,-69000,-69000
063739,台勝科元大9B購03,0,0,0,0,0,0,0,0,0,-69000,0,0,0,4000,73000,-69000,-69000
064346,貿聯元大01購01  ,0,0,0,0,0,0,0,0,0,-69000,0,0,0,10000,79000,-69000,-69000
062474,台表科凱基9C購01,0,0,0,0,0,0,0,0,0,-69000,0,0,0,23000,92000,-69000,-69000
062128,祥碩統一01購01  ,0,0,0,0,0,0,0,0,0,-69000,0,0,0,31000,100000,-69000,-69000
062579,華通統一01購02  ,0,0,0,0,0,0,0,0,0,-69000,0,0,0,10000,79000,-69000,-69000
063022,嘉晶元大9B購04  ,0,0,0,0,0,0,0,0,0,-69000,0,0,0,65000,134000,-69000,-69000
9941,裕融            ,21000,102000,-81000,0,0,0,13000,1000,12000,0,0,0,0,0,0,0,-69000
5434,崇越            ,139000,170000,-31000,0,0,0,0,39000,-39000,0,0,0,0,0,0,0,-70000
08130P,義隆元大9B售05  ,0,0,0,0,0,0,0,0,0,-70000,0,0,0,107000,177000,-70000,-70000
07905P,大立光群益9B售04,0,0,0,0,0,0,0,0,0,-70000,0,0,0,40000,110000,-70000,-70000
065215,義隆國泰02購02  ,0,0,0,0,0,0,0,0,0,-70000,0,0,0,242000,312000,-70000,-70000
065054,百和凱基02購01  ,0,0,0,0,0,0,0,0,0,-70000,0,0,0,0,70000,-70000,-70000
056995,華新科日盛99購01,0,0,0,0,0,0,0,0,0,-70000,0,0,0,0,70000,-70000,-70000
057238,群創凱基9B購03  ,0,0,0,0,0,0,0,0,0,-70000,0,0,0,0,70000,-70000,-70000
056309,合勤控元大97購01,0,0,0,0,0,0,0,0,0,-70000,0,0,0,1000,71000,-70000,-70000
057794,T50反1兆豐99購02,0,0,0,0,0,0,0,0,0,-70000,0,0,0,0,70000,-70000,-70000
05678P,群創群益97售01  ,0,0,0,0,0,0,0,0,0,-70000,0,0,0,0,70000,-70000,-70000
057544,鴻海凱基02購01  ,0,0,0,0,0,0,0,0,0,-70000,0,0,0,20000,90000,-70000,-70000
061100,SP黃豆元大9A購04,0,0,0,0,0,0,0,0,0,-70000,0,0,0,0,70000,-70000,-70000
00656R,國泰中國A50反1  ,0,0,0,0,0,0,0,0,0,-70000,0,0,0,14000,84000,-70000,-70000
05242P,群創國泰97售01  ,0,0,0,0,0,0,0,0,0,-70000,0,0,0,0,70000,-70000,-70000
054530,台光電國泰97購03,0,0,0,0,0,0,0,0,0,-70000,0,0,0,0,70000,-70000,-70000
053528,南電中信9A購01  ,0,0,0,0,0,0,0,0,0,-70000,0,0,0,10000,80000,-70000,-70000
056677,智伸科元富98購01,0,0,0,0,0,0,0,0,0,-70000,0,0,0,104000,174000,-70000,-70000
060048,元金2X凱基99購03,0,0,0,0,0,0,0,0,0,-70000,0,0,0,30000,100000,-70000,-70000
058518,玉晶光元大99購13,0,0,0,0,0,0,0,0,0,-70000,0,0,0,20000,90000,-70000,-70000
060953,富邦金群益9A購01,0,0,0,0,0,0,0,0,0,-70000,0,0,0,50000,120000,-70000,-70000
061600,聯電凱基9B購01  ,0,0,0,0,0,0,0,0,0,-70000,0,0,0,9000,79000,-70000,-70000
06047P,聯發科富邦99售04,0,0,0,0,0,0,0,0,0,-70000,0,0,0,0,70000,-70000,-70000
05957P,友達國票97售04  ,0,0,0,0,0,0,0,0,0,-70000,0,0,0,0,70000,-70000,-70000
060239,國揚元大9C購01  ,0,0,0,0,0,0,0,0,0,-70000,0,0,0,0,70000,-70000,-70000
063426,茂林凱基9B購03  ,0,0,0,0,0,0,0,0,0,-70000,0,0,0,0,70000,-70000,-70000
062711,台表科元大9B購05,0,0,0,0,0,0,0,0,0,-70000,0,0,0,115000,185000,-70000,-70000
062139,臺指反國票9C購02,0,0,0,0,0,0,0,0,0,-70000,0,0,0,0,70000,-70000,-70000
064388,緯穎富邦9C購01  ,0,0,0,0,0,0,0,0,0,-70000,0,0,0,201000,271000,-70000,-70000
064579,大立光富邦03購02,0,0,0,0,0,0,0,0,0,-70000,0,0,0,0,70000,-70000,-70000
064589,聯鈞永豐9C購01  ,0,0,0,0,0,0,0,0,0,-70000,0,0,0,0,70000,-70000,-70000
064503,日電貿元大9C購01,0,0,0,0,0,0,0,0,0,-70000,0,0,0,48000,118000,-70000,-70000
063631,燿華元大9B購06  ,0,0,0,0,0,0,0,0,0,-70000,0,0,0,84000,154000,-70000,-70000
063880,可成元富9C購01  ,0,0,0,0,0,0,0,0,0,-70000,0,0,0,0,70000,-70000,-70000
064953,嘉晶凱基9C購02  ,0,0,0,0,0,0,0,0,0,-71000,0,0,0,0,71000,-71000,-71000
07583P,台積電富邦9B售05,0,0,0,0,0,0,0,0,0,-71000,0,0,0,0,71000,-71000,-71000
2206,三陽工業        ,99000,180000,-81000,0,0,0,0,0,0,10000,10000,0,10000,0,0,0,-71000
08358P,大立光元大9C售18,0,0,0,0,0,0,0,0,0,-71000,0,0,0,13000,84000,-71000,-71000
060784,鴻海富邦9C購01  ,0,0,0,0,0,0,0,0,0,-71000,0,0,0,0,71000,-71000,-71000
059853,超眾永豐99購03  ,0,0,0,0,0,0,0,0,0,-71000,0,0,0,0,71000,-71000,-71000
059639,大立光凱基9A購06,0,0,0,0,0,0,0,0,0,-71000,0,0,0,0,71000,-71000,-71000
059219,旺宏元大99購12  ,0,0,0,0,0,0,0,0,0,-71000,0,0,0,0,71000,-71000,-71000
063868,嘉晶永豐9C購01  ,0,0,0,0,0,0,0,0,0,-71000,0,0,0,0,71000,-71000,-71000
062181,義隆元大9B購03  ,0,0,0,0,0,0,0,0,0,-71000,0,0,0,12000,83000,-71000,-71000
062379,致新元大9B購01  ,0,0,0,0,0,0,0,0,0,-71000,0,0,0,29000,100000,-71000,-71000
08454P,台灣50凱基9C售12,0,0,0,0,0,0,0,0,0,-72000,0,0,0,0,72000,-72000,-72000
08542P,台勝科國票02售01,0,0,0,0,0,0,0,0,0,-72000,0,0,0,0,72000,-72000,-72000
2030,彰源            ,3000,75000,-72000,0,0,0,0,0,0,0,0,0,0,0,0,0,-72000
08098P,大立光凱基9B售09,0,0,0,0,0,0,0,0,0,-72000,0,0,0,7000,79000,-72000,-72000
06984P,上銀富邦9B售01  ,0,0,0,0,0,0,0,0,0,-72000,0,0,0,60000,132000,-72000,-72000
060793,微星永豐9A購01  ,0,0,0,0,0,0,0,0,0,-72000,0,0,0,0,72000,-72000,-72000
055763,鎧勝群益97購01  ,0,0,0,0,0,0,0,0,0,-72000,0,0,0,52000,124000,-72000,-72000
057779,禾伸堂群益98購02,0,0,0,0,0,0,0,0,0,-72000,0,0,0,0,72000,-72000,-72000
056290,正文永豐98購01  ,0,0,0,0,0,0,0,0,0,-72000,0,0,0,0,72000,-72000,-72000
056441,燿華凱基98購01  ,0,0,0,0,0,0,0,0,0,-72000,0,0,0,142000,214000,-72000,-72000
056517,茂林兆豐99購01  ,0,0,0,0,0,0,0,0,0,-72000,0,0,0,0,72000,-72000,-72000
051838,國巨國泰97購01  ,0,0,0,0,0,0,0,0,0,-72000,0,0,0,18000,90000,-72000,-72000
059693,智原永豐99購01  ,0,0,0,0,0,0,0,0,0,-72000,0,0,0,13000,85000,-72000,-72000
060484,聯發科富邦9C購02,0,0,0,0,0,0,0,0,0,-72000,0,0,0,5000,77000,-72000,-72000
061990,台勝科元大9C購01,0,0,0,0,0,0,0,0,0,-72000,0,0,0,0,72000,-72000,-72000
062294,盛群永豐9B購01  ,0,0,0,0,0,0,0,0,0,-72000,0,0,0,0,72000,-72000,-72000
063034,致茂凱基9B購01  ,0,0,0,0,0,0,0,0,0,-72000,0,0,0,316000,388000,-72000,-72000
08223P,臺股指凱基9B售18,0,0,0,0,0,0,0,0,0,-73000,0,0,0,2000,75000,-73000,-73000
055820,矽力國票98購02  ,0,0,0,0,0,0,0,0,0,-73000,0,0,0,82000,155000,-73000,-73000
062109,聯詠國票9C購01  ,0,0,0,0,0,0,0,0,0,-73000,0,0,0,0,73000,-73000,-73000
060714,晶技永豐9A購02  ,0,0,0,0,0,0,0,0,0,-73000,0,0,0,106000,179000,-73000,-73000
059461,鈺齊永豐99購03  ,0,0,0,0,0,0,0,0,0,-73000,0,0,0,0,73000,-73000,-73000
061184,大立光國泰9C購01,0,0,0,0,0,0,0,0,0,-73000,0,0,0,225000,298000,-73000,-73000
062996,致茂國票9C購01  ,0,0,0,0,0,0,0,0,0,-73000,0,0,0,68000,141000,-73000,-73000
062970,智邦元富9B購01  ,0,0,0,0,0,0,0,0,0,-73000,0,0,0,10000,83000,-73000,-73000
063397,廣達群益9B購02  ,0,0,0,0,0,0,0,0,0,-73000,0,0,0,0,73000,-73000,-73000
063467,大立光元大9C購06,0,0,0,0,0,0,0,0,0,-73000,0,0,0,0,73000,-73000,-73000
062318,台郡凱基9B購01  ,0,0,0,0,0,0,0,0,0,-73000,0,0,0,20000,93000,-73000,-73000
063937,上銀元大9C購02  ,0,0,0,0,0,0,0,0,0,-73000,0,0,0,0,73000,-73000,-73000
064085,儒鴻凱基9C購02  ,0,0,0,0,0,0,0,0,0,-73000,0,0,0,120000,193000,-73000,-73000
4766,南寶            ,37000,19000,18000,0,0,0,0,92000,-92000,0,0,0,0,0,0,0,-74000
2913,農林            ,82000,194000,-112000,0,0,0,0,0,0,38000,38000,0,38000,0,0,0,-74000
07762P,聯發科永豐9A售03,0,0,0,0,0,0,0,0,0,-74000,0,0,0,0,74000,-74000,-74000
057109,信邦群益98購01  ,0,0,0,0,0,0,0,0,0,-74000,0,0,0,0,74000,-74000,-74000
057024,義隆凱基99購01  ,0,0,0,0,0,0,0,0,0,-74000,0,0,0,52000,126000,-74000,-74000
056141,聯茂元大97購05  ,0,0,0,0,0,0,0,0,0,-74000,0,0,0,0,74000,-74000,-74000
00737,國泰AI+Robo     ,0,7000,-7000,0,0,0,0,0,0,-67000,0,0,0,94000,161000,-67000,-74000
054511,香港反元大98購01,0,0,0,0,0,0,0,0,0,-74000,0,0,0,59000,133000,-74000,-74000
054308,嘉晶凱基98購01  ,0,0,0,0,0,0,0,0,0,-74000,0,0,0,111000,185000,-74000,-74000
061430,致新元大9A購01  ,0,0,0,0,0,0,0,0,0,-74000,0,0,0,30000,104000,-74000,-74000
060251,易華電元大9C購01,0,0,0,0,0,0,0,0,0,-74000,0,0,0,74000,148000,-74000,-74000
064004,全新凱基01購01  ,0,0,0,0,0,0,0,0,0,-74000,0,0,0,7000,81000,-74000,-74000
063535,聯發科統一9B購13,0,0,0,0,0,0,0,0,0,-74000,0,0,0,68000,142000,-74000,-74000
063359,泰鼎國泰01購01  ,0,0,0,0,0,0,0,0,0,-74000,0,0,0,0,74000,-74000,-74000
06788P,臺股指元大98售05,0,0,0,0,0,0,0,0,0,-75000,0,0,0,45000,120000,-75000,-75000
065067,億豐群益01購01  ,0,0,0,0,0,0,0,0,0,-75000,0,0,0,2000,77000,-75000,-75000
2707,晶華            ,9000,84000,-75000,0,0,0,0,0,0,0,0,0,0,0,0,0,-75000
5534,長虹            ,96000,366000,-270000,0,0,0,230000,0,230000,-35000,15000,50000,-35000,0,0,0,-75000
08316P,祥碩元大9C售04  ,0,0,0,0,0,0,0,0,0,-75000,0,0,0,0,75000,-75000,-75000
1614,三洋電          ,16000,91000,-75000,0,0,0,0,0,0,0,0,0,0,0,0,0,-75000
042792,T50反1台新9C購01,0,0,0,0,0,0,0,0,0,-75000,0,0,0,0,75000,-75000,-75000
056849,瀚宇博元富98購01,0,0,0,0,0,0,0,0,0,-75000,0,0,0,0,75000,-75000,-75000
056880,緯穎國票98購02  ,0,0,0,0,0,0,0,0,0,-75000,0,0,0,0,75000,-75000,-75000
057812,友達元大9A購05  ,0,0,0,0,0,0,0,0,0,-75000,0,0,0,10000,85000,-75000,-75000
057849,南茂永豐98購02  ,0,0,0,0,0,0,0,0,0,-75000,0,0,0,63000,138000,-75000,-75000
059094,臻鼎元大99購03  ,0,0,0,0,0,0,0,0,0,-75000,0,0,0,0,75000,-75000,-75000
061346,玉晶光元大9B購03,0,0,0,0,0,0,0,0,0,-75000,0,0,0,5000,80000,-75000,-75000
060229,楠梓電元大9C購01,0,0,0,0,0,0,0,0,0,-75000,0,0,0,7000,82000,-75000,-75000
059403,T50反1台新03購03,0,0,0,0,0,0,0,0,0,-75000,0,0,0,0,75000,-75000,-75000
058512,宏達電元大99購04,0,0,0,0,0,0,0,0,0,-75000,0,0,0,20000,95000,-75000,-75000
062534,力成統一01購01  ,0,0,0,0,0,0,0,0,0,-75000,0,0,0,0,75000,-75000,-75000
063680,寶成富邦9C購01  ,0,0,0,0,0,0,0,0,0,-75000,0,0,0,60000,135000,-75000,-75000
063806,瀚宇博兆豐01購01,0,0,0,0,0,0,0,0,0,-75000,0,0,0,25000,100000,-75000,-75000
063812,智邦群益9C購02  ,0,0,0,0,0,0,0,0,0,-75000,0,0,0,0,75000,-75000,-75000
064174,致新元富9C購02  ,0,0,0,0,0,0,0,0,0,-75000,0,0,0,50000,125000,-75000,-75000
064136,致新元大9C購01  ,0,0,0,0,0,0,0,0,0,-75000,0,0,0,29000,104000,-75000,-75000
2049,上銀            ,399365,457000,-57635,0,0,0,0,12000,-12000,-6000,16000,22000,-6000,14000,14000,0,-75635
058516,健鼎元大99購02  ,0,0,0,0,0,0,0,0,0,-76000,0,0,0,68000,144000,-76000,-76000
058536,群創統一9B購01  ,0,0,0,0,0,0,0,0,0,-76000,0,0,0,82000,158000,-76000,-76000
060131,GIS永豐99購03   ,0,0,0,0,0,0,0,0,0,-76000,0,0,0,0,76000,-76000,-76000
059947,貿聯永豐99購03  ,0,0,0,0,0,0,0,0,0,-76000,0,0,0,0,76000,-76000,-76000
057964,緯穎元大99購03  ,0,0,0,0,0,0,0,0,0,-76000,0,0,0,1000,77000,-76000,-76000
058017,漢唐凱基99購01  ,0,0,0,0,0,0,0,0,0,-76000,0,0,0,34000,110000,-76000,-76000
063694,貿聯永豐9B購01  ,0,0,0,0,0,0,0,0,0,-76000,0,0,0,0,76000,-76000,-76000
064764,聯茂凱基01購01  ,0,0,0,0,0,0,0,0,0,-76000,0,0,0,0,76000,-76000,-76000
064367,貿聯統一01購02  ,0,0,0,0,0,0,0,0,0,-76000,0,0,0,0,76000,-76000,-76000
062555,旺宏凱基9B購06  ,0,0,0,0,0,0,0,0,0,-76000,0,0,0,0,76000,-76000,-76000
063291,緯穎元大01購01  ,0,0,0,0,0,0,0,0,0,-76000,0,0,0,35000,111000,-76000,-76000
063343,美律統一9C購01  ,0,0,0,0,0,0,0,0,0,-76000,0,0,0,70000,146000,-76000,-76000
062869,帆宣中信9B購01  ,0,0,0,0,0,0,0,0,0,-76000,0,0,0,24000,100000,-76000,-76000
1708,東鹼            ,10000,87000,-77000,0,0,0,0,0,0,0,0,0,0,0,0,0,-77000
2906,高林            ,25000,102000,-77000,0,0,0,0,0,0,0,0,0,0,0,0,0,-77000
065087,可成元大9C購08  ,0,0,0,0,0,0,0,0,0,-77000,0,0,0,0,77000,-77000,-77000
08037P,台表科群益9B售02,0,0,0,0,0,0,0,0,0,-77000,0,0,0,10000,87000,-77000,-77000
07089P,臺指2X中信01售01,0,0,0,0,0,0,0,0,0,-77000,0,0,0,20000,97000,-77000,-77000
060996,臻鼎元大9A購01  ,0,0,0,0,0,0,0,0,0,-77000,0,0,0,0,77000,-77000,-77000
054455,楠梓電群益98購02,0,0,0,0,0,0,0,0,0,-77000,0,0,0,168000,245000,-77000,-77000
059296,大立光元富99購06,0,0,0,0,0,0,0,0,0,-77000,0,0,0,0,77000,-77000,-77000
058212,華新科群益9A購01,0,0,0,0,0,0,0,0,0,-77000,0,0,0,0,77000,-77000,-77000
064273,華邦電元大9C購02,0,0,0,0,0,0,0,0,0,-77000,0,0,0,13000,90000,-77000,-77000
063706,台虹群益9B購01  ,0,0,0,0,0,0,0,0,0,-77000,0,0,0,66000,143000,-77000,-77000
063913,貿聯凱基02購01  ,0,0,0,0,0,0,0,0,0,-77000,0,0,0,27000,104000,-77000,-77000
07651P,道瓊指中信01售01,0,0,0,0,0,0,0,0,0,-78000,0,0,0,7000,85000,-78000,-78000
07991P,鴻海群益9C售02  ,0,0,0,0,0,0,0,0,0,-78000,0,0,0,18000,96000,-78000,-78000
057636,上銀元大98購06  ,0,0,0,0,0,0,0,0,0,-78000,0,0,0,20000,98000,-78000,-78000
051484,玉晶光凱基97購01,0,0,0,0,0,0,0,0,0,-78000,0,0,0,71000,149000,-78000,-78000
055060,聯陽永豐97購01  ,0,0,0,0,0,0,0,0,0,-78000,0,0,0,10000,88000,-78000,-78000
058664,百和兆豐99購01  ,0,0,0,0,0,0,0,0,0,-78000,0,0,0,176000,254000,-78000,-78000
056899,可成元大98購01  ,0,0,0,0,0,0,0,0,0,-78000,0,0,0,0,78000,-78000,-78000
061581,貿聯元大9A購05  ,0,0,0,0,0,0,0,0,0,-78000,0,0,0,2000,80000,-78000,-78000
058732,矽格永豐99購01  ,0,0,0,0,0,0,0,0,0,-78000,0,0,0,4000,82000,-78000,-78000
060929,健策永豐9A購01  ,0,0,0,0,0,0,0,0,0,-78000,0,0,0,13000,91000,-78000,-78000
061121,智邦永豐9A購02  ,0,0,0,0,0,0,0,0,0,-78000,0,0,0,115000,193000,-78000,-78000
058136,景碩元大99購02  ,0,0,0,0,0,0,0,0,0,-78000,0,0,0,47000,125000,-78000,-78000
063883,超眾元富9C購02  ,0,0,0,0,0,0,0,0,0,-78000,0,0,0,24000,102000,-78000,-78000
063023,華擎元大9B購02  ,0,0,0,0,0,0,0,0,0,-78000,0,0,0,179000,257000,-78000,-78000
063102,旺宏群益9B購03  ,0,0,0,0,0,0,0,0,0,-78000,0,0,0,0,78000,-78000,-78000
064940,智伸科元富9C購01,0,0,0,0,0,0,0,0,0,-79000,0,0,0,38000,117000,-79000,-79000
2233,宇隆            ,69000,34000,35000,0,0,0,0,110000,-110000,-4000,0,4000,-4000,0,0,0,-79000
057388,奇鋐永豐98購02  ,0,0,0,0,0,0,0,0,0,-79000,0,0,0,11000,90000,-79000,-79000
056542,緯創凱基98購01  ,0,0,0,0,0,0,0,0,0,-79000,0,0,0,21000,100000,-79000,-79000
061773,和潤元大9B購01  ,0,0,0,0,0,0,0,0,0,-79000,0,0,0,18000,97000,-79000,-79000
062025,台達電群益9B購01,0,0,0,0,0,0,0,0,0,-79000,0,0,0,242000,321000,-79000,-79000
057958,禾伸堂元大99購05,0,0,0,0,0,0,0,0,0,-79000,0,0,0,87000,166000,-79000,-79000
059454,亞光永豐99購01  ,0,0,0,0,0,0,0,0,0,-79000,0,0,0,33000,112000,-79000,-79000
061124,微星永豐9A購02  ,0,0,0,0,0,0,0,0,0,-79000,0,0,0,6000,85000,-79000,-79000
058833,台表科永豐99購01,0,0,0,0,0,0,0,0,0,-79000,0,0,0,10000,89000,-79000,-79000
060047,道瓊反凱基99購01,0,0,0,0,0,0,0,0,0,-79000,0,0,0,47000,126000,-79000,-79000
058295,欣興凱基99購02  ,0,0,0,0,0,0,0,0,0,-79000,0,0,0,168000,247000,-79000,-79000
063117,聯茂麥證9B購01  ,0,0,0,0,79000,-79000,0,0,0,-79000,0,0,0,0,79000,-79000,-79000
063872,嘉聯益永豐9C購01,0,0,0,0,0,0,0,0,0,-79000,0,0,0,137000,216000,-79000,-79000
063819,致新群益9C購01  ,0,0,0,0,0,0,0,0,0,-79000,0,0,0,29000,108000,-79000,-79000
064514,喬山群益9C購01  ,0,0,0,0,0,0,0,0,0,-79000,0,0,0,43000,122000,-79000,-79000
08451P,南六統一9C售06  ,0,0,0,0,0,0,0,0,0,-80000,0,0,0,0,80000,-80000,-80000
2905,三商            ,159000,239000,-80000,0,0,0,0,0,0,0,0,0,0,0,0,0,-80000
065196,技嘉元富06購01  ,0,0,0,0,0,0,0,0,0,-80000,0,0,0,0,80000,-80000,-80000
06657P,寶成元大98售01  ,0,0,0,0,0,0,0,0,0,-80000,0,0,0,2000,82000,-80000,-80000
06679P,旺宏元大98售09  ,0,0,0,0,0,0,0,0,0,-80000,0,0,0,141000,221000,-80000,-80000
057750,神達國票99購01  ,0,0,0,0,0,0,0,0,0,-80000,0,0,0,0,80000,-80000,-80000
054805,台苯元大9A購01  ,0,0,0,0,0,0,0,0,0,-80000,0,0,0,0,80000,-80000,-80000
054555,欣興凱基98購01  ,0,0,0,0,0,0,0,0,0,-80000,0,0,0,8000,88000,-80000,-80000
057045,美律元大99購04  ,0,0,0,0,0,0,0,0,0,-80000,0,0,0,0,80000,-80000,-80000
057543,華通凱基99購02  ,0,0,0,0,0,0,0,0,0,-80000,0,0,0,92000,172000,-80000,-80000
055618,麗豐國票98購01  ,0,0,0,0,0,0,0,0,0,-80000,0,0,0,0,80000,-80000,-80000
055626,力山永豐97購01  ,0,0,0,0,0,0,0,0,0,-80000,0,0,0,0,80000,-80000,-80000
055675,亞德客凱基97購02,0,0,0,0,0,0,0,0,0,-80000,0,0,0,0,80000,-80000,-80000
058315,TPK富邦9C購01   ,0,0,0,0,0,0,0,0,0,-80000,0,0,0,0,80000,-80000,-80000
058911,茂林元大99購04  ,0,0,0,0,0,0,0,0,0,-80000,0,0,0,5000,85000,-80000,-80000
059976,道瓊銀元大99購01,0,0,0,0,0,0,0,0,0,-80000,0,0,0,20000,100000,-80000,-80000
061609,華新科統一9C購01,0,0,0,0,0,0,0,0,0,-80000,0,0,0,10000,90000,-80000,-80000
061881,緯穎元大9B購02  ,0,0,0,0,0,0,0,0,0,-80000,0,0,0,0,80000,-80000,-80000
058036,南電永豐98購01  ,0,0,0,0,0,0,0,0,0,-80000,0,0,0,10000,90000,-80000,-80000
064562,友達群益9C購03  ,0,0,0,0,0,0,0,0,0,-80000,0,0,0,0,80000,-80000,-80000
064783,貿聯群益9C購03  ,0,0,0,0,0,0,0,0,0,-80000,0,0,0,0,80000,-80000,-80000
064713,和大統一02購01  ,0,0,0,0,0,0,0,0,0,-80000,0,0,0,112000,192000,-80000,-80000
064214,群創凱基03購01  ,0,0,0,0,0,0,0,0,0,-80000,0,0,0,3000,83000,-80000,-80000
063476,台表科元大9C購03,0,0,0,0,0,0,0,0,0,-80000,0,0,0,211000,291000,-80000,-80000
062801,宏達電統一01購01,0,0,0,0,0,0,0,0,0,-80000,0,0,0,60000,140000,-80000,-80000
06766P,玉晶光元大99售10,0,0,0,0,0,0,0,0,0,-81000,0,0,0,170000,251000,-81000,-81000
06937P,GIS元大98售03   ,0,0,0,0,0,0,0,0,0,-81000,0,0,0,185000,266000,-81000,-81000
065055,臺股指凱基02購04,0,0,0,0,0,0,0,0,0,-81000,0,0,0,10000,91000,-81000,-81000
07877P,晶技永豐9B售01  ,0,0,0,0,0,0,0,0,0,-81000,0,0,0,0,81000,-81000,-81000
08422P,玉晶光群益02售03,0,0,0,0,0,0,0,0,0,-81000,0,0,0,36000,117000,-81000,-81000
055963,欣興元大97購04  ,0,0,0,0,0,0,0,0,0,-81000,0,0,0,50000,131000,-81000,-81000
057137,鈺齊凱基98購01  ,0,0,0,0,0,0,0,0,0,-81000,0,0,0,0,81000,-81000,-81000
057059,易華電元大99購01,0,0,0,0,0,0,0,0,0,-81000,0,0,0,50000,131000,-81000,-81000
053818,富邦金群益98購01,0,0,0,0,0,0,0,0,0,-81000,0,0,0,36000,117000,-81000,-81000
061694,玉山金群益9A購01,0,0,0,0,0,0,0,0,0,-81000,0,0,0,0,81000,-81000,-81000
057872,旺宏元大99購06  ,0,0,0,0,0,0,0,0,0,-81000,0,0,0,0,81000,-81000,-81000
059343,宏達電凱基99購04,0,0,0,0,0,0,0,0,0,-81000,0,0,0,2000,83000,-81000,-81000
058424,滬深2X元富99購04,0,0,0,0,0,0,0,0,0,-81000,0,0,0,10000,91000,-81000,-81000
062444,大立光元大9C購01,0,0,0,0,0,0,0,0,0,-81000,0,0,0,10000,91000,-81000,-81000
063413,台積電麥證01購01,0,0,0,0,81000,-81000,0,0,0,-81000,0,0,0,0,81000,-81000,-81000
063236,旺宏元大9B購07  ,0,0,0,0,0,0,0,0,0,-81000,0,0,0,29000,110000,-81000,-81000
064341,聯詠元大9C購01  ,0,0,0,0,0,0,0,0,0,-81000,0,0,0,13000,94000,-81000,-81000
064522,華擎群益01購01  ,0,0,0,0,0,0,0,0,0,-81000,0,0,0,0,81000,-81000,-81000
063550,可成國票9C購01  ,0,0,0,0,0,0,0,0,0,-81000,0,0,0,7000,88000,-81000,-81000
1319,東陽            ,208204,344000,-135796,0,0,0,0,0,0,54000,54000,2000,52000,2000,0,2000,-81796
064984,同欣電元大9C購06,0,0,0,0,0,0,0,0,0,-82000,0,0,0,67000,149000,-82000,-82000
046375,友達凱基98購01  ,0,0,0,0,0,0,0,0,0,-82000,0,0,0,0,82000,-82000,-82000
05268P,玉晶光元大98售01,0,0,0,0,0,0,0,0,0,-82000,0,0,0,30000,112000,-82000,-82000
058375,群創凱基9B購04  ,0,0,0,0,0,0,0,0,0,-82000,0,0,0,5000,87000,-82000,-82000
061237,晶技元大9A購01  ,0,0,0,0,0,0,0,0,0,-82000,0,0,0,18000,100000,-82000,-82000
061956,和大統一01購01  ,0,0,0,0,0,0,0,0,0,-82000,0,0,0,210000,292000,-82000,-82000
063769,玉晶光國泰02購01,0,0,0,0,0,0,0,0,0,-82000,0,0,0,205000,287000,-82000,-82000
063920,大立光元富03購02,0,0,0,0,0,0,0,0,0,-82000,0,0,0,15000,97000,-82000,-82000
064113,新日興國票01購01,0,0,0,0,0,0,0,0,0,-82000,0,0,0,119000,201000,-82000,-82000
064059,新日興麥證01購01,0,0,0,64000,146000,-82000,0,0,0,-82000,0,0,0,64000,146000,-82000,-82000
064622,晶技元大01購01  ,0,0,0,0,0,0,0,0,0,-82000,0,0,0,24000,106000,-82000,-82000
064332,聯發科元大01購01,0,0,0,0,0,0,0,0,0,-82000,0,0,0,108000,190000,-82000,-82000
063340,英業達統一9B購01,0,0,0,0,0,0,0,0,0,-82000,0,0,0,60000,142000,-82000,-82000
063091,聯電中信9B購01  ,0,0,0,0,0,0,0,0,0,-82000,0,0,0,185000,267000,-82000,-82000
062984,致新元富9B購01  ,0,0,0,0,0,0,0,0,0,-82000,0,0,0,85000,167000,-82000,-82000
08045P,健策國票9B售01  ,0,0,0,0,0,0,0,0,0,-83000,0,0,0,0,83000,-83000,-83000
056579,麗豐元大99購01  ,0,0,0,0,0,0,0,0,0,-83000,0,0,0,703000,786000,-83000,-83000
060995,泰鼎元大9A購03  ,0,0,0,0,0,0,0,0,0,-83000,0,0,0,15000,98000,-83000,-83000
061801,祥碩永豐9B購01  ,0,0,0,0,0,0,0,0,0,-83000,0,0,0,1000,84000,-83000,-83000
061726,台積電麥證9A購05,0,0,0,0,83000,-83000,0,0,0,-83000,0,0,0,0,83000,-83000,-83000
059170,康控凱基9B購01  ,0,0,0,0,0,0,0,0,0,-83000,0,0,0,72000,155000,-83000,-83000
060336,南電康和9A購01  ,0,0,0,0,0,0,0,0,0,-83000,0,0,0,156000,239000,-83000,-83000
058213,欣興群益99購01  ,0,0,0,0,0,0,0,0,0,-83000,0,0,0,123000,206000,-83000,-83000
058973,麗豐永豐99購01  ,0,0,0,0,0,0,0,0,0,-83000,0,0,0,138000,221000,-83000,-83000
060777,茂林凱基9C購01  ,0,0,0,0,0,0,0,0,0,-84000,0,0,0,0,84000,-84000,-84000
00714,群益道瓊美國地產,0,0,0,0,0,0,0,0,0,-84000,0,0,0,220000,304000,-84000,-84000
059830,台郡凱基99購05  ,0,0,0,0,0,0,0,0,0,-84000,0,0,0,0,84000,-84000,-84000
061646,力成元大9A購02  ,0,0,0,0,0,0,0,0,0,-84000,0,0,0,19000,103000,-84000,-84000
058147,鈺齊元大99購01  ,0,0,0,0,0,0,0,0,0,-84000,0,0,0,32000,116000,-84000,-84000
061838,華新科凱基05購03,0,0,0,0,0,0,0,0,0,-84000,0,0,0,11000,95000,-84000,-84000
063363,鴻海富邦9B購02  ,0,0,0,0,0,0,0,0,0,-84000,0,0,0,50000,134000,-84000,-84000
062235,億光凱基9B購01  ,0,0,0,0,0,0,0,0,0,-84000,0,0,0,8000,92000,-84000,-84000
062619,台表科元大9B購03,0,0,0,0,0,0,0,0,0,-84000,0,0,0,26000,110000,-84000,-84000
064765,緯穎凱基9C購02  ,0,0,0,0,0,0,0,0,0,-84000,0,0,0,7000,91000,-84000,-84000
063635,漢唐元大9B購04  ,0,0,0,0,0,0,0,0,0,-84000,0,0,0,85000,169000,-84000,-84000
08042P,臺股指群益9B售15,0,0,0,0,0,0,0,0,0,-85000,0,0,0,0,85000,-85000,-85000
064850,智原元富9C購01  ,0,0,0,0,0,0,0,0,0,-85000,0,0,0,0,85000,-85000,-85000
08427P,義隆國票9C售01  ,0,0,0,0,0,0,0,0,0,-85000,0,0,0,20000,105000,-85000,-85000
057618,台光電凱基99購01,0,0,0,0,0,0,0,0,0,-85000,0,0,0,136000,221000,-85000,-85000
057296,智原永豐98購01  ,0,0,0,0,0,0,0,0,0,-85000,0,0,0,0,85000,-85000,-85000
056075,瀚宇博元大97購03,0,0,0,0,0,0,0,0,0,-85000,0,0,0,16000,101000,-85000,-85000
061720,智邦國泰9C購01  ,0,0,0,0,0,0,0,0,0,-85000,0,0,0,56000,141000,-85000,-85000
060471,台勝科元大9B購01,0,0,0,0,0,0,0,0,0,-85000,0,0,0,0,85000,-85000,-85000
061595,智易永豐9A購02  ,0,0,0,0,0,0,0,0,0,-85000,0,0,0,0,85000,-85000,-85000
061170,南茂兆豐9B購01  ,0,0,0,0,0,0,0,0,0,-85000,0,0,0,217000,302000,-85000,-85000
061509,SP黃豆富邦9C購01,0,0,0,0,0,0,0,0,0,-85000,0,0,0,0,85000,-85000,-85000
063526,台光電凱基9B購04,0,0,0,0,0,0,0,0,0,-85000,0,0,0,6000,91000,-85000,-85000
064122,國巨元大9C購17  ,0,0,0,0,0,0,0,0,0,-85000,0,0,0,130000,215000,-85000,-85000
064714,和大統一02購02  ,0,0,0,0,0,0,0,0,0,-85000,0,0,0,95000,180000,-85000,-85000
064288,瀚宇博元大9C購02,0,0,0,0,0,0,0,0,0,-85000,0,0,0,18000,103000,-85000,-85000
064241,貿聯統一02購02  ,0,0,0,0,0,0,0,0,0,-85000,0,0,0,0,85000,-85000,-85000
062263,康控元大9B購03  ,0,0,0,0,0,0,0,0,0,-85000,0,0,0,143000,228000,-85000,-85000
062442,華新科元大9C購02,0,0,0,0,0,0,0,0,0,-85000,0,0,0,48000,133000,-85000,-85000
9911,櫻花            ,131000,210000,-79000,0,0,0,0,0,0,-7000,0,7000,-7000,0,0,0,-86000
08122P,晶技國票9C售01  ,0,0,0,0,0,0,0,0,0,-86000,0,0,0,0,86000,-86000,-86000
056818,正崴永豐98購01  ,0,0,0,0,0,0,0,0,0,-86000,0,0,0,49000,135000,-86000,-86000
054882,台光電統一97購02,0,0,0,0,0,0,0,0,0,-86000,0,0,0,1000,87000,-86000,-86000
060534,友達麥證9A購01  ,0,0,0,0,86000,-86000,0,0,0,-86000,0,0,0,0,86000,-86000,-86000
062137,華新科群益9B購04,0,0,0,0,0,0,0,0,0,-86000,0,0,0,1000,87000,-86000,-86000
062127,台勝科統一01購02,0,0,0,0,0,0,0,0,0,-86000,0,0,0,20000,106000,-86000,-86000
062834,立積群益9B購02  ,0,0,0,0,0,0,0,0,0,-86000,0,0,0,72000,158000,-86000,-86000
06862P,大立光凱基98售16,0,0,0,0,0,0,0,0,0,-87000,0,0,0,54000,141000,-87000,-87000
054064,台郡國票97購04  ,0,0,0,0,0,0,0,0,0,-87000,0,0,0,0,87000,-87000,-87000
052572,群創凱基99購01  ,0,0,0,0,0,0,0,0,0,-87000,0,0,0,29000,116000,-87000,-87000
057197,立積台新98購01  ,0,0,0,0,0,0,0,0,0,-87000,0,0,0,15000,102000,-87000,-87000
057498,台郡元大98購04  ,0,0,0,0,0,0,0,0,0,-87000,0,0,0,10000,97000,-87000,-87000
060583,南亞科元富9A購05,0,0,0,0,0,0,0,0,0,-87000,0,0,0,11000,98000,-87000,-87000
059004,嘉晶元大99購05  ,0,0,0,0,0,0,0,0,0,-87000,0,0,0,8000,95000,-87000,-87000
058834,GIS永豐99購01   ,0,0,0,0,0,0,0,0,0,-87000,0,0,0,0,87000,-87000,-87000
063349,台郡統一9C購01  ,0,0,0,0,0,0,0,0,0,-87000,0,0,0,431000,518000,-87000,-87000
064591,臻鼎永豐9C購01  ,0,0,0,0,0,0,0,0,0,-87000,0,0,0,0,87000,-87000,-87000
064178,台郡國泰01購01  ,0,0,0,0,0,0,0,0,0,-87000,0,0,0,10000,97000,-87000,-87000
1464,得力            ,62000,88000,-26000,0,0,0,0,0,0,-62000,0,0,0,0,62000,-62000,-88000
057394,台積電中信9C購02,0,0,0,0,0,0,0,0,0,-88000,0,0,0,155000,243000,-88000,-88000
057077,國巨統一98購06  ,0,0,0,0,0,0,0,0,0,-88000,0,0,0,0,88000,-88000,-88000
056348,S&P反1元大9A購01,0,0,0,0,0,0,0,0,0,-88000,0,0,0,0,88000,-88000,-88000
055652,聯詠元富01購01  ,0,0,0,0,0,0,0,0,0,-88000,0,0,0,50000,138000,-88000,-88000
054426,國泰金富邦97購02,0,0,0,0,0,0,0,0,0,-88000,0,0,0,16000,104000,-88000,-88000
056626,同欣電永豐98購01,0,0,0,0,0,0,0,0,0,-88000,0,0,0,0,88000,-88000,-88000
061416,聯茂群益9A購01  ,0,0,0,0,0,0,0,0,0,-88000,0,0,0,0,88000,-88000,-88000
058257,聯陽國泰9B購01  ,0,0,0,0,0,0,0,0,0,-88000,0,0,0,0,88000,-88000,-88000
059006,樺漢元大99購01  ,0,0,0,0,0,0,0,0,0,-88000,0,0,0,15000,103000,-88000,-88000
060360,南亞科元富9A購02,0,0,0,0,0,0,0,0,0,-88000,0,0,0,73000,161000,-88000,-88000
064523,聯茂群益9C購01  ,0,0,0,0,0,0,0,0,0,-88000,0,0,0,0,88000,-88000,-88000
063382,南茂永豐9B購01  ,0,0,0,0,0,0,0,0,0,-88000,0,0,0,58000,146000,-88000,-88000
062398,建準永豐9B購01  ,0,0,0,0,0,0,0,0,0,-88000,0,0,0,0,88000,-88000,-88000
065126,世芯永豐9C購02  ,0,0,0,0,0,0,0,0,0,-89000,0,0,0,3000,92000,-89000,-89000
055698,茂林國票98購03  ,0,0,0,0,0,0,0,0,0,-89000,0,0,0,0,89000,-89000,-89000
056709,華通永豐98購01  ,0,0,0,0,0,0,0,0,0,-89000,0,0,0,28000,117000,-89000,-89000
058721,立積元富9C購01  ,5000,0,5000,0,0,0,0,0,0,-94000,0,0,0,168000,262000,-94000,-89000
059400,滬深2X元富9C購04,0,0,0,0,0,0,0,0,0,-89000,0,0,0,218000,307000,-89000,-89000
060931,GIS永豐9A購01   ,0,0,0,0,0,0,0,0,0,-89000,0,0,0,5000,94000,-89000,-89000
060823,旺宏元大9A購05  ,0,0,0,0,0,0,0,0,0,-89000,0,0,0,49000,138000,-89000,-89000
062653,正隆永豐9B購01  ,0,0,0,0,0,0,0,0,0,-89000,0,0,0,164000,253000,-89000,-89000
062544,信錦永豐9B購01  ,0,0,0,0,0,0,0,0,0,-89000,0,0,0,0,89000,-89000,-89000
063504,國巨群益9C購06  ,0,0,0,0,0,0,0,0,0,-89000,0,0,0,20000,109000,-89000,-89000
064509,台表科元大9C購08,0,0,0,0,0,0,0,0,0,-89000,0,0,0,10000,99000,-89000,-89000
064573,復盛群益9C購01  ,0,0,0,0,0,0,0,0,0,-89000,0,0,0,0,89000,-89000,-89000
064650,台表科凱基03購01,0,0,0,0,0,0,0,0,0,-89000,0,0,0,66000,155000,-89000,-89000
063628,華通元大9B購09  ,0,0,0,0,0,0,0,0,0,-89000,0,0,0,102000,191000,-89000,-89000
064919,嘉晶統一02購02  ,0,0,0,0,0,0,0,0,0,-90000,0,0,0,10000,100000,-90000,-90000
07825P,健策國泰9B售04  ,0,0,0,0,0,0,0,0,0,-90000,0,0,0,0,90000,-90000,-90000
07838P,泰碩元大9A售04  ,0,0,0,0,0,0,0,0,0,-90000,0,0,0,27000,117000,-90000,-90000
08240P,華通中信06售03  ,0,0,0,0,0,0,0,0,0,-90000,0,0,0,10000,100000,-90000,-90000
056769,國產元大98購01  ,0,0,0,0,0,0,0,0,0,-90000,0,0,0,0,90000,-90000,-90000
057823,神達元大98購01  ,0,0,0,0,0,0,0,0,0,-90000,0,0,0,0,90000,-90000,-90000
054872,瀚宇博群益98購01,0,0,0,0,0,0,0,0,0,-90000,0,0,0,16000,106000,-90000,-90000
053107,旺宏兆豐97購01  ,0,0,0,0,0,0,0,0,0,-90000,0,0,0,10000,100000,-90000,-90000
046385,群創凱基98購03  ,0,0,0,0,0,0,0,0,0,-90000,0,0,0,12000,102000,-90000,-90000
048272,新光金富邦98購01,0,0,0,0,0,0,0,0,0,-90000,0,0,0,0,90000,-90000,-90000
050283,T50反1凱基9A購01,0,0,0,0,0,0,0,0,0,-90000,0,0,0,0,90000,-90000,-90000
05887P,友達元富99售03  ,0,0,0,0,0,0,0,0,0,-90000,0,0,0,92000,182000,-90000,-90000
060027,元金2X永豐99購02,0,0,0,0,0,0,0,0,0,-90000,0,0,0,0,90000,-90000,-90000
061493,T50反1國票9B購04,0,0,0,0,0,0,0,0,0,-90000,0,0,0,0,90000,-90000,-90000
060040,康控國票99購04  ,0,0,0,0,0,0,0,0,0,-90000,0,0,0,2000,92000,-90000,-90000
060277,道瓊反元大9A購02,0,0,0,0,0,0,0,0,0,-90000,0,0,0,10000,100000,-90000,-90000
062871,大成鋼兆豐9B購01,0,0,0,0,0,0,0,0,0,-90000,0,0,0,10000,100000,-90000,-90000
062888,漢唐群益9B購01  ,0,0,0,0,0,0,0,0,0,-90000,0,0,0,0,90000,-90000,-90000
2374,佳能            ,116000,207000,-91000,0,0,0,0,0,0,0,0,0,0,0,0,0,-91000
07051P,大立光中信99售02,0,0,0,0,0,0,0,0,0,-91000,0,0,0,0,91000,-91000,-91000
057733,嘉聯益國泰99購01,0,0,0,0,0,0,0,0,0,-91000,0,0,0,168000,259000,-91000,-91000
057196,茂林台新98購01  ,0,0,0,0,0,0,0,0,0,-91000,0,0,0,9000,100000,-91000,-91000
060284,南港元大01購01  ,0,0,0,0,0,0,0,0,0,-91000,0,0,0,325000,416000,-91000,-91000
061378,南六永豐9A購03  ,0,0,0,0,0,0,0,0,0,-91000,0,0,0,82000,173000,-91000,-91000
060872,高股息中信02購01,0,0,0,0,0,0,0,0,0,-91000,0,0,0,9000,100000,-91000,-91000
063189,臻鼎凱基9B購01  ,0,0,0,0,0,0,0,0,0,-91000,0,0,0,1000,92000,-91000,-91000
062811,鴻海兆豐9B購01  ,0,0,0,0,0,0,0,0,0,-91000,0,0,0,0,91000,-91000,-91000
062309,燿華凱基9B購01  ,0,0,0,0,0,0,0,0,0,-91000,0,0,0,124000,215000,-91000,-91000
064072,康友永豐9C購01  ,0,0,0,0,0,0,0,0,0,-91000,0,0,0,551000,642000,-91000,-91000
064361,旺宏統一01購06  ,0,0,0,0,0,0,0,0,0,-91000,0,0,0,0,91000,-91000,-91000
1310,台苯            ,126000,220099,-94099,0,0,0,0,0,0,3000,0,0,0,3000,0,3000,-91099
08490P,上銀元大9C售08  ,0,0,0,0,0,0,0,0,0,-92000,0,0,0,0,92000,-92000,-92000
064804,英業達元大9C購01,0,0,0,0,0,0,0,0,0,-92000,0,0,0,0,92000,-92000,-92000
065036,世芯統一02購02  ,0,0,0,0,0,0,0,0,0,-92000,0,0,0,0,92000,-92000,-92000
07334P,臺股指國票99售19,0,0,0,0,0,0,0,0,0,-92000,0,0,0,0,92000,-92000,-92000
055689,台郡凱基99購01  ,0,0,0,0,0,0,0,0,0,-92000,0,0,0,0,92000,-92000,-92000
055114,新日興凱基98購01,0,0,0,0,0,0,0,0,0,-92000,0,0,0,60000,152000,-92000,-92000
055281,台光電元大98購03,0,0,0,0,0,0,0,0,0,-92000,0,0,0,0,92000,-92000,-92000
058851,大立光群益99購07,0,0,0,0,0,0,0,0,0,-92000,0,0,0,44000,136000,-92000,-92000
058520,智易元大99購03  ,0,0,0,0,0,0,0,0,0,-92000,0,0,0,111000,203000,-92000,-92000
059675,大立光元富99購08,0,0,0,0,0,0,0,0,0,-92000,0,0,0,0,92000,-92000,-92000
059121,瑞儀永豐99購01  ,0,0,0,0,0,0,0,0,0,-92000,0,0,0,52000,144000,-92000,-92000
063176,南亞科兆豐9B購01,0,0,0,0,0,0,0,0,0,-92000,0,0,0,3000,95000,-92000,-92000
9942,茂順            ,26000,118000,-92000,0,0,0,0,0,0,0,0,0,0,0,0,0,-92000
08047P,臺股指國票9B售12,0,0,0,0,0,0,0,0,0,-93000,0,0,0,0,93000,-93000,-93000
055551,致茂凱基98購01  ,0,0,0,0,0,0,0,0,0,-93000,0,0,0,43000,136000,-93000,-93000
00710B,FH彭博高收益債  ,0,0,0,0,0,0,0,0,0,-93000,0,0,0,29000,122000,-93000,-93000
055726,台表科元大98購03,0,0,0,0,0,0,0,0,0,-93000,0,0,0,28000,121000,-93000,-93000
056710,漢唐永豐98購01  ,0,0,0,0,0,0,0,0,0,-93000,0,0,0,40000,133000,-93000,-93000
056271,嘉澤統一97購01  ,0,0,0,0,0,0,0,0,0,-93000,0,0,0,28000,121000,-93000,-93000
059850,日電貿永豐99購01,0,0,0,0,0,0,0,0,0,-93000,0,0,0,0,93000,-93000,-93000
060990,新光金元大9B購03,0,0,0,0,0,0,0,0,0,-93000,0,0,0,7000,100000,-93000,-93000
060252,緯穎元大9A購02  ,0,0,0,0,0,0,0,0,0,-93000,0,0,0,57000,150000,-93000,-93000
061616,鴻海群益9A購07  ,0,0,0,0,0,0,0,0,0,-93000,0,0,0,48000,141000,-93000,-93000
063012,技嘉元大9B購01  ,0,0,0,0,0,0,0,0,0,-93000,0,0,0,20000,113000,-93000,-93000
063353,上銀元富9B購03  ,6000,0,6000,0,0,0,0,0,0,-99000,0,0,0,48000,147000,-99000,-93000
062831,嘉澤群益9B購01  ,0,0,0,0,0,0,0,0,0,-93000,0,0,0,132000,225000,-93000,-93000
062679,技嘉統一01購01  ,0,0,0,0,0,0,0,0,0,-93000,0,0,0,70000,163000,-93000,-93000
07902P,玉晶光國票01售01,0,0,0,0,0,0,0,0,0,-94000,0,0,0,106000,200000,-94000,-94000
07292P,臺股指凱基99售44,0,0,0,0,0,0,0,0,0,-94000,0,0,0,21000,115000,-94000,-94000
07617P,聯發科中信9C售04,0,0,0,0,0,0,0,0,0,-94000,0,0,0,0,94000,-94000,-94000
2406,國碩            ,202000,296000,-94000,0,0,0,0,0,0,0,0,0,0,0,0,0,-94000
058672,可成群益9B購02  ,0,0,0,0,0,0,0,0,0,-94000,0,0,0,0,94000,-94000,-94000
056851,瑞儀元富98購01  ,0,0,0,0,0,0,0,0,0,-94000,0,0,0,53000,147000,-94000,-94000
049842,道瓊反中信98購01,0,0,0,0,0,0,0,0,0,-94000,0,0,0,15000,109000,-94000,-94000
061489,高鐵兆豐9A購01  ,0,0,0,0,0,0,0,0,0,-94000,0,0,0,0,94000,-94000,-94000
060129,祥碩永豐99購03  ,0,0,0,0,0,0,0,0,0,-94000,0,0,0,1000,95000,-94000,-94000
061582,麗豐元大9A購01  ,0,0,0,0,0,0,0,0,0,-94000,0,0,0,135000,229000,-94000,-94000
058189,嘉澤永豐99購01  ,0,0,0,0,0,0,0,0,0,-94000,0,0,0,56000,150000,-94000,-94000
059008,鈺齊元大99購03  ,0,0,0,0,0,0,0,0,0,-94000,0,0,0,93000,187000,-94000,-94000
063464,廣達元大9B購02  ,0,0,0,0,0,0,0,0,0,-94000,0,0,0,0,94000,-94000,-94000
063110,牧德兆豐9B購01  ,0,0,0,0,0,0,0,0,0,-94000,0,0,0,78000,172000,-94000,-94000
064521,群創群益02購01  ,0,0,0,0,0,0,0,0,0,-94000,0,0,0,81000,175000,-94000,-94000
063549,國巨國票9C購05  ,0,0,0,0,0,0,0,0,0,-94000,0,0,0,343000,437000,-94000,-94000
1472,三洋紡          ,88000,183000,-95000,0,0,0,0,0,0,0,0,0,0,0,0,0,-95000
2535,達欣工          ,66000,196000,-130000,0,0,0,0,0,0,35000,35000,0,35000,0,0,0,-95000
065000,和大國票02購01  ,0,0,0,0,0,0,0,0,0,-95000,0,0,0,35000,130000,-95000,-95000
06925P,致茂群益9A售02  ,0,0,0,0,0,0,0,0,0,-95000,0,0,0,6000,101000,-95000,-95000
055575,華新科統一98購01,0,0,0,0,0,0,0,0,0,-95000,0,0,0,0,95000,-95000,-95000
03447B,臺股指凱基9B熊16,0,0,0,0,0,0,0,0,0,-95000,0,0,0,521000,616000,-95000,-95000
054632,緯穎凱基9A購01  ,0,0,0,0,0,0,0,0,0,-95000,0,0,0,20000,115000,-95000,-95000
056026,智易群益97購01  ,0,0,0,0,0,0,0,0,0,-95000,0,0,0,10000,105000,-95000,-95000
059023,可成統一9B購02  ,0,0,0,0,0,0,0,0,0,-95000,0,0,0,36000,131000,-95000,-95000
062034,同欣電群益9B購01,0,0,0,0,0,0,0,0,0,-95000,0,0,0,99000,194000,-95000,-95000
058813,旺宏統一9B購04  ,0,0,0,0,0,0,0,0,0,-95000,0,0,0,0,95000,-95000,-95000
060879,華新科中信9A購02,0,0,0,0,0,0,0,0,0,-95000,0,0,0,0,95000,-95000,-95000
063701,燿華群益9B購02  ,0,0,0,0,0,0,0,0,0,-95000,0,0,0,158000,253000,-95000,-95000
064254,景碩台新9C購02  ,0,0,0,0,0,0,0,0,0,-95000,0,0,0,3000,98000,-95000,-95000
063214,康控國票9C購01  ,0,0,0,0,0,0,0,0,0,-95000,0,0,0,83000,178000,-95000,-95000
063249,祥碩元大9B購06  ,0,0,0,0,0,0,0,0,0,-95000,0,0,0,313000,408000,-95000,-95000
6235,華孚            ,13000,109000,-96000,0,0,0,0,0,0,0,0,0,0,0,0,0,-96000
056133,可成元大97購05  ,0,0,0,0,0,0,0,0,0,-96000,0,0,0,1000,97000,-96000,-96000
055579,健策統一9A購01  ,0,0,0,0,0,0,0,0,0,-96000,0,0,0,202000,298000,-96000,-96000
058942,南茂中信99購01  ,0,0,0,0,0,0,0,0,0,-96000,0,0,0,33000,129000,-96000,-96000
058631,鈺齊國票9A購01  ,0,0,0,0,0,0,0,0,0,-96000,0,0,0,0,96000,-96000,-96000
060296,和碩元大9A購01  ,0,0,0,0,0,0,0,0,0,-96000,0,0,0,18000,114000,-96000,-96000
060375,葡萄王元富9A購01,0,0,0,0,0,0,0,0,0,-96000,0,0,0,370000,466000,-96000,-96000
060699,華新科國泰9B購03,0,0,0,0,0,0,0,0,0,-96000,0,0,0,50000,146000,-96000,-96000
057988,鈺齊元富98購02  ,0,0,0,0,0,0,0,0,0,-96000,0,0,0,40000,136000,-96000,-96000
062861,世芯國票9C購01  ,0,0,0,0,0,0,0,0,0,-96000,0,0,0,26000,122000,-96000,-96000
064187,亞光永豐9C購01  ,0,0,0,0,0,0,0,0,0,-96000,0,0,0,27000,123000,-96000,-96000
1905,華紙            ,616000,563000,53000,0,0,0,0,0,0,-150000,0,150000,-150000,0,0,0,-97000
08300P,世芯國票01售01  ,0,0,0,0,0,0,0,0,0,-97000,0,0,0,141000,238000,-97000,-97000
03678C,臺股指凱基01牛02,5000,0,5000,0,0,0,0,0,0,-102000,0,0,0,17000,119000,-102000,-97000
055287,日電貿元大97購01,0,0,0,0,0,0,0,0,0,-97000,0,0,0,0,97000,-97000,-97000
060385,台勝科凱基9A購01,0,0,0,0,0,0,0,0,0,-97000,0,0,0,10000,107000,-97000,-97000
058613,茂林元大99購03  ,0,0,0,0,0,0,0,0,0,-97000,0,0,0,20000,117000,-97000,-97000
058408,華通兆豐99購02  ,0,0,0,0,0,0,0,0,0,-97000,0,0,0,81000,178000,-97000,-97000
058480,新日興凱基9A購01,0,0,0,0,0,0,0,0,0,-97000,0,0,0,173000,270000,-97000,-97000
060861,漢唐永豐9A購01  ,0,0,0,0,0,0,0,0,0,-97000,0,0,0,10000,107000,-97000,-97000
064519,聯詠群益9C購01  ,0,0,0,0,0,0,0,0,0,-97000,0,0,0,0,97000,-97000,-97000
063642,茂林元大9B購08  ,0,0,0,0,0,0,0,0,0,-97000,0,0,0,94000,191000,-97000,-97000
064134,瑞祺元大9C購02  ,0,0,0,0,0,0,0,0,0,-97000,0,0,0,118000,215000,-97000,-97000
063057,祥碩統一03購01  ,0,0,0,0,0,0,0,0,0,-97000,0,0,0,238000,335000,-97000,-97000
062573,大毅群益9B購03  ,0,0,0,0,0,0,0,0,0,-97000,0,0,0,0,97000,-97000,-97000
062396,華通永豐9B購01  ,0,0,0,0,0,0,0,0,0,-97000,0,0,0,0,97000,-97000,-97000
065014,南電國泰01購01  ,0,0,0,0,0,0,0,0,0,-98000,0,0,0,148000,246000,-98000,-98000
054556,世芯凱基99購01  ,0,0,0,0,0,0,0,0,0,-98000,0,0,0,277000,375000,-98000,-98000
054755,世紀鋼凱基98購01,0,0,0,0,0,0,0,0,0,-98000,0,0,0,12000,110000,-98000,-98000
056120,聯茂群益97購02  ,0,0,0,0,0,0,0,0,0,-98000,0,0,0,0,98000,-98000,-98000
056321,創意群益98購02  ,0,0,0,0,0,0,0,0,0,-98000,0,0,0,0,98000,-98000,-98000
056404,嘉聯益群益9A購01,0,0,0,0,0,0,0,0,0,-98000,0,0,0,540000,638000,-98000,-98000
060967,鈺齊凱基9A購02  ,0,0,0,0,0,0,0,0,0,-98000,0,0,0,25000,123000,-98000,-98000
061466,創意群益9A購01  ,0,0,0,0,0,0,0,0,0,-98000,0,0,0,0,98000,-98000,-98000
061387,鴻海群益9A購05  ,0,0,0,0,0,0,0,0,0,-98000,0,0,0,6000,104000,-98000,-98000
058181,華新科國泰9B購01,0,0,0,0,0,0,0,0,0,-98000,0,0,0,1000,99000,-98000,-98000
058201,華通凱基9A購01  ,0,0,0,0,0,0,0,0,0,-98000,0,0,0,107000,205000,-98000,-98000
058006,台郡群益98購04  ,0,0,0,0,0,0,0,0,0,-98000,0,0,0,0,98000,-98000,-98000
057934,華新科群益98購07,0,0,0,0,0,0,0,0,0,-98000,0,0,0,0,98000,-98000,-98000
062028,晶技群益9B購01  ,0,0,0,0,0,0,0,0,0,-98000,0,0,0,0,98000,-98000,-98000
063107,矽創群益9B購01  ,0,0,0,0,0,0,0,0,0,-98000,0,0,0,10000,108000,-98000,-98000
062877,可成兆豐9C購01  ,0,0,0,0,0,0,0,0,0,-98000,0,0,0,17000,115000,-98000,-98000
064795,致伸國票01購01  ,0,0,0,0,0,0,0,0,0,-98000,0,0,0,0,98000,-98000,-98000
064735,群創元富9C購02  ,0,0,0,0,0,0,0,0,0,-98000,0,0,0,0,98000,-98000,-98000
065006,景碩國票01購01  ,0,5000,-5000,0,0,0,0,0,0,-94000,0,0,0,5000,99000,-94000,-99000
08070P,晶技國泰9C售02  ,0,0,0,0,0,0,0,0,0,-99000,0,0,0,0,99000,-99000,-99000
6282,康舒            ,482000,579000,-97000,0,0,0,0,2000,-2000,0,0,0,0,0,0,0,-99000
8404,百和興業-KY     ,84000,183000,-99000,0,0,0,0,0,0,0,0,0,0,0,0,0,-99000
2911,麗嬰房          ,6000,105000,-99000,0,0,0,0,0,0,0,0,0,0,0,0,0,-99000
057539,南茂元大98購02  ,0,0,0,0,0,0,0,0,0,-99000,0,0,0,167000,266000,-99000,-99000
05692P,聯發科中信9A售02,0,0,0,0,0,0,0,0,0,-99000,0,0,0,441000,540000,-99000,-99000
03857P,聯發科元富99售02,0,0,0,0,0,0,0,0,0,-99000,0,0,0,0,99000,-99000,-99000
052847,漢唐統一99購01  ,0,0,0,0,0,0,0,0,0,-99000,0,0,0,0,99000,-99000,-99000
058078,景碩國票99購01  ,0,0,0,0,0,0,0,0,0,-99000,0,0,0,3000,102000,-99000,-99000
061707,超眾國票9B購01  ,0,0,0,0,0,0,0,0,0,-99000,0,0,0,0,99000,-99000,-99000
061269,嘉澤凱基9A購01  ,0,0,0,0,0,0,0,0,0,-99000,0,0,0,60000,159000,-99000,-99000
064698,致伸群益9C購01  ,0,0,0,0,0,0,0,0,0,-99000,0,0,0,0,99000,-99000,-99000
063204,高鐵統一9C購01  ,0,0,0,0,0,0,0,0,0,-99000,0,0,0,11000,110000,-99000,-99000
08513P,聯發科凱基9C售08,0,0,0,0,0,0,0,0,0,-100000,0,0,0,0,100000,-100000,-100000
07850P,健策群益9A售06  ,0,0,0,0,0,0,0,0,0,-100000,0,0,0,0,100000,-100000,-100000
07833P,大立光群益9B售02,0,0,0,0,0,0,0,0,0,-100000,0,0,0,31000,131000,-100000,-100000
07771P,義隆國票9A售01  ,0,0,0,0,0,0,0,0,0,-100000,0,0,0,20000,120000,-100000,-100000
07150P,和碩元大99售01  ,0,0,0,0,0,0,0,0,0,-100000,0,0,0,0,100000,-100000,-100000
06896P,信邦中信98售01  ,0,0,0,0,0,0,0,0,0,-100000,0,0,0,0,100000,-100000,-100000
06661P,玉晶光永豐98售05,0,0,0,0,0,0,0,0,0,-100000,0,0,0,0,100000,-100000,-100000
053035,台表科兆豐97購01,0,0,0,0,0,0,0,0,0,-100000,0,0,0,10000,110000,-100000,-100000
046061,中石化凱基98購01,0,0,0,0,0,0,0,0,0,-100000,0,0,0,0,100000,-100000,-100000
054058,晶豪科國票98購01,0,0,0,0,0,0,0,0,0,-100000,0,0,0,0,100000,-100000,-100000
054099,TPK國票98購01   ,0,0,0,0,0,0,0,0,0,-100000,0,0,0,0,100000,-100000,-100000
057765,康舒凱基98購01  ,0,0,0,0,0,0,0,0,0,-100000,0,0,0,0,100000,-100000,-100000
056452,亞光凱基98購02  ,0,0,0,0,0,0,0,0,0,-100000,0,0,0,0,100000,-100000,-100000
056732,國巨凱基98購07  ,0,0,0,0,0,0,0,0,0,-100000,0,0,0,0,100000,-100000,-100000
056764,友達元大9A購03  ,0,0,0,0,0,0,0,0,0,-100000,0,0,0,0,100000,-100000,-100000
057275,友達元大9A購04  ,0,0,0,0,0,0,0,0,0,-100000,0,0,0,0,100000,-100000,-100000
057271,國巨元大98購17  ,0,0,0,0,0,0,0,0,0,-100000,0,0,0,0,100000,-100000,-100000
061315,滬深2X凱基9C購06,0,0,0,0,0,0,0,0,0,-100000,0,0,0,0,100000,-100000,-100000
061407,鴻海國票9A購07  ,0,0,0,0,0,0,0,0,0,-100000,0,0,0,20000,120000,-100000,-100000
059972,S&P正2元大99購03,0,0,0,0,0,0,0,0,0,-100000,0,0,0,0,100000,-100000,-100000
061734,全新中信9B購02  ,0,0,0,0,0,0,0,0,0,-100000,0,0,0,0,100000,-100000,-100000
061799,奇鋐永豐9B購01  ,0,0,0,0,0,0,0,0,0,-100000,0,0,0,0,100000,-100000,-100000
057955,技嘉元大98購07  ,0,0,0,0,0,0,0,0,0,-100000,0,0,0,74000,174000,-100000,-100000
060670,臺指反元大01購03,0,0,0,0,0,0,0,0,0,-100000,0,0,0,0,100000,-100000,-100000
060550,可成凱基9A購02  ,0,0,0,0,0,0,0,0,0,-100000,0,0,0,0,100000,-100000,-100000
059763,華擎永豐99購03  ,0,0,0,0,0,0,0,0,0,-100000,0,0,0,0,100000,-100000,-100000
059765,嘉聯益永豐99購02,0,0,0,0,0,0,0,0,0,-100000,0,0,0,81000,181000,-100000,-100000
062932,滬深2X凱基01購01,0,0,0,0,0,0,0,0,0,-100000,0,0,0,0,100000,-100000,-100000
063468,聯詠元大9B購04  ,0,0,0,0,0,0,0,0,0,-100000,0,0,0,22000,122000,-100000,-100000
063451,漢翔統一9C購01  ,0,0,0,0,0,0,0,0,0,-100000,0,0,0,0,100000,-100000,-100000
063483,致新元大9B購03  ,0,0,0,0,0,0,0,0,0,-100000,0,0,0,0,100000,-100000,-100000
06474P,鴻海富邦98售03  ,0,0,0,0,0,0,0,0,0,-100000,0,0,0,0,100000,-100000,-100000
063729,國巨元大9C購08  ,0,0,0,0,0,0,0,0,0,-100000,0,0,0,179000,279000,-100000,-100000
1414,東和            ,22000,123000,-101000,0,0,0,0,0,0,0,0,0,0,0,0,0,-101000
2010,春源            ,20000,121000,-101000,0,0,0,0,0,0,0,0,0,0,0,0,0,-101000
1712,興農            ,0,101000,-101000,0,0,0,0,0,0,0,0,0,0,0,0,0,-101000
058675,康控群益9B購01  ,0,0,0,0,0,0,0,0,0,-101000,0,0,0,0,101000,-101000,-101000
053364,友達國泰98購01  ,0,0,0,0,0,0,0,0,0,-101000,0,0,0,0,101000,-101000,-101000
059172,台郡凱基99購03  ,0,0,0,0,0,0,0,0,0,-101000,0,0,0,0,101000,-101000,-101000
058107,全新台新99購01  ,0,0,0,0,0,0,0,0,0,-101000,0,0,0,0,101000,-101000,-101000
058377,茂林凱基9A購03  ,0,0,0,0,0,0,0,0,0,-101000,0,0,0,0,101000,-101000,-101000
058292,上銀凱基9A購01  ,0,0,0,0,0,0,0,0,0,-101000,0,0,0,0,101000,-101000,-101000
064034,台表科元大9C購07,0,0,0,0,0,0,0,0,0,-101000,0,0,0,39000,140000,-101000,-101000
064746,貿聯國票01購02  ,0,0,0,0,0,0,0,0,0,-101000,0,0,0,0,101000,-101000,-101000
062451,瀚宇博元大9B購02,0,0,0,0,0,0,0,0,0,-101000,0,0,0,11000,112000,-101000,-101000
062285,台勝科群益9B購01,0,0,0,0,0,0,0,0,0,-101000,0,0,0,10000,111000,-101000,-101000
057602,聯茂群益98購02  ,0,0,0,0,0,0,0,0,0,-102000,0,0,0,0,102000,-102000,-102000
057281,大立光元大98購16,0,0,0,0,0,0,0,0,0,-102000,0,0,0,3000,105000,-102000,-102000
057195,南茂元大98購01  ,0,0,0,0,0,0,0,0,0,-102000,0,0,0,224000,326000,-102000,-102000
058312,大毅國泰9B購01  ,0,0,0,0,0,0,0,0,0,-102000,0,0,0,28000,130000,-102000,-102000
058990,GIS凱基99購02   ,0,0,0,0,0,0,0,0,0,-102000,0,0,0,0,102000,-102000,-102000
060913,宏達電元大9A購03,0,0,0,0,0,0,0,0,0,-102000,0,0,0,36000,138000,-102000,-102000
064673,南茂元大9C購01  ,0,0,0,0,0,0,0,0,0,-102000,0,0,0,282000,384000,-102000,-102000
063665,南亞科統一01購02,0,0,0,0,0,0,0,0,0,-102000,0,0,0,0,102000,-102000,-102000
064809,冠德元大9C購01  ,0,0,0,0,0,0,0,0,0,-103000,0,0,0,102000,205000,-103000,-103000
057554,新日興凱基99購02,0,0,0,0,0,0,0,0,0,-103000,0,0,0,80000,183000,-103000,-103000
059290,全新元富99購01  ,0,0,0,0,0,0,0,0,0,-103000,0,0,0,60000,163000,-103000,-103000
061971,力山元大9C購02  ,0,0,0,0,0,0,0,0,0,-103000,0,0,0,55000,158000,-103000,-103000
060629,鴻海富邦9B購01  ,0,0,0,0,0,0,0,0,0,-103000,0,0,0,12000,115000,-103000,-103000
062576,華擎群益9B購02  ,0,0,0,0,0,0,0,0,0,-103000,0,0,0,138000,241000,-103000,-103000
063203,華新科統一9C購04,0,0,0,0,0,0,0,0,0,-103000,0,0,0,118000,221000,-103000,-103000
07754P,日月光元大9A售02,0,0,0,0,0,0,0,0,0,-104000,0,0,0,12000,116000,-104000,-104000
057318,台光電凱基9A購01,0,0,0,0,0,0,0,0,0,-104000,0,0,0,60000,164000,-104000,-104000
057354,聯鈞統一99購03  ,0,0,0,0,0,0,0,0,0,-104000,0,0,0,61000,165000,-104000,-104000
061105,宏達電元大9A購04,0,0,0,0,0,0,0,0,0,-104000,0,0,0,14000,118000,-104000,-104000
060645,台表科永豐9A購02,0,0,0,0,0,0,0,0,0,-104000,0,0,0,6000,110000,-104000,-104000
062597,世紀鋼統一01購01,0,0,0,0,0,0,0,0,0,-104000,0,0,0,8000,112000,-104000,-104000
062687,華擎統一01購02  ,0,0,0,0,0,0,0,0,0,-104000,0,0,0,120000,224000,-104000,-104000
06412P,南亞科日盛97售01,0,0,0,0,0,0,0,0,0,-104000,0,0,0,0,104000,-104000,-104000
064511,GIS元大9C購05   ,0,0,0,0,0,0,0,0,0,-104000,0,0,0,128000,232000,-104000,-104000
07031P,台灣50中信03售02,0,0,0,0,0,0,0,0,0,-105000,0,0,0,100000,205000,-105000,-105000
2441,超豐            ,152000,240000,-88000,0,0,0,0,17000,-17000,0,0,0,0,0,0,0,-105000
2227,裕日車          ,20000,16000,4000,0,0,0,0,105000,-105000,-4000,1000,5000,-4000,0,0,0,-105000
08373P,大立光凱基01售05,0,0,0,0,0,0,0,0,0,-105000,0,0,0,55000,160000,-105000,-105000
057078,國巨統一9A購02  ,0,0,0,0,0,0,0,0,0,-105000,0,0,0,5000,110000,-105000,-105000
053651,台光電凱基98購01,0,0,0,0,0,0,0,0,0,-105000,0,0,0,24000,129000,-105000,-105000
059623,聯電凱基99購02  ,0,0,0,0,0,0,0,0,0,-105000,0,0,0,0,105000,-105000,-105000
058634,可成兆豐99購03  ,0,0,0,0,0,0,0,0,0,-105000,0,0,0,0,105000,-105000,-105000
063553,同欣電國票9B購03,0,0,0,0,0,0,0,0,0,-105000,0,0,0,58000,163000,-105000,-105000
062414,臻鼎中信01購01  ,0,0,0,0,0,0,0,0,0,-105000,0,0,0,0,105000,-105000,-105000
064885,T50反1中信04購01,0,0,0,0,0,0,0,0,0,-106000,0,0,0,0,106000,-106000,-106000
056602,嘉澤國泰99購01  ,0,0,0,0,0,0,0,0,0,-106000,0,0,0,50000,156000,-106000,-106000
061604,台光電凱基9B購01,0,0,0,0,0,0,0,0,0,-106000,0,0,0,85000,191000,-106000,-106000
062047,緯穎凱基9B購01  ,0,0,0,0,0,0,0,0,0,-106000,0,0,0,23000,129000,-106000,-106000
062449,臻鼎元大9B購01  ,0,0,0,0,0,0,0,0,0,-106000,0,0,0,86000,192000,-106000,-106000
062968,仁寶元富9B購01  ,0,0,0,0,0,0,0,0,0,-106000,0,0,0,94000,200000,-106000,-106000
063693,智易永豐9B購02  ,0,0,0,0,0,0,0,0,0,-106000,0,0,0,10000,116000,-106000,-106000
064177,立積國泰01購01  ,0,0,0,0,0,0,0,0,0,-106000,0,0,0,65000,171000,-106000,-106000
08325P,臺股指凱基9C售08,0,0,0,0,0,0,0,0,0,-107000,0,0,0,28000,135000,-107000,-107000
2023,燁輝            ,131000,238000,-107000,0,0,0,0,0,0,0,0,0,0,0,0,0,-107000
3060,銘異            ,60000,167000,-107000,0,0,0,0,0,0,0,0,0,0,0,0,0,-107000
061067,貿聯凱基9A購03  ,0,0,0,0,0,0,0,0,0,-107000,0,0,0,49000,156000,-107000,-107000
059877,康控凱基99購05  ,0,0,0,0,0,0,0,0,0,-107000,0,0,0,62000,169000,-107000,-107000
057207,立積元富98購02  ,0,0,0,0,0,0,0,0,0,-107000,0,0,0,30000,137000,-107000,-107000
056492,全新國泰9A購01  ,0,0,0,0,0,0,0,0,0,-107000,0,0,0,195000,302000,-107000,-107000
060456,正隆元大9A購01  ,0,0,0,0,0,0,0,0,0,-107000,0,0,0,31000,138000,-107000,-107000
064025,友達元大02購01  ,0,0,0,0,0,0,0,0,0,-107000,0,0,0,80000,187000,-107000,-107000
063080,裕隆凱基9B購01  ,0,0,0,0,0,0,0,0,0,-107000,0,0,0,214000,321000,-107000,-107000
063380,台表科永豐9B購03,0,0,0,0,0,0,0,0,0,-107000,0,0,0,25000,132000,-107000,-107000
062533,嘉澤統一9C購01  ,0,0,0,0,0,0,0,0,0,-107000,0,0,0,232000,339000,-107000,-107000
064902,健策群益01購03  ,0,0,0,0,0,0,0,0,0,-108000,0,0,0,0,108000,-108000,-108000
06879P,長榮航凱基98售02,0,0,0,0,0,0,0,0,0,-108000,0,0,0,30000,138000,-108000,-108000
056823,智伸科永豐98購01,0,0,0,0,0,0,0,0,0,-108000,0,0,0,71000,179000,-108000,-108000
054767,日電貿國票98購01,0,0,0,0,0,0,0,0,0,-108000,0,0,0,38000,146000,-108000,-108000
054171,台郡凱基97購01  ,0,0,0,0,0,0,0,0,0,-108000,0,0,0,0,108000,-108000,-108000
060675,南亞科元大9A購02,0,0,0,0,0,0,0,0,0,-108000,0,0,0,0,108000,-108000,-108000
062684,華新科統一01購02,0,0,0,0,0,0,0,0,0,-108000,0,0,0,16000,124000,-108000,-108000
063592,瑞祺永豐9B購02  ,0,0,0,0,0,0,0,0,0,-108000,0,0,0,92000,200000,-108000,-108000
07820P,臺股指國票9A售11,0,0,0,0,0,0,0,0,0,-109000,0,0,0,30000,139000,-109000,-109000
4532,瑞智            ,25000,134000,-109000,0,0,0,0,0,0,0,0,0,0,0,0,0,-109000
1313,聯成            ,288000,397000,-109000,0,0,0,0,0,0,0,0,0,0,0,0,0,-109000
053247,麗豐國票97購01  ,0,0,0,0,0,0,0,0,0,-109000,0,0,0,0,109000,-109000,-109000
05722P,玉晶光國票97售03,0,0,0,0,0,0,0,0,0,-109000,0,0,0,21000,130000,-109000,-109000
060798,旭富永豐9A購01  ,0,0,0,0,0,0,0,0,0,-109000,0,0,0,0,109000,-109000,-109000
058781,康友國票9A購01  ,0,0,0,0,0,0,0,0,0,-109000,0,0,0,431000,540000,-109000,-109000
060209,喬山康和9A購01  ,0,0,0,0,0,0,0,0,0,-109000,0,0,0,5000,114000,-109000,-109000
063890,正隆群益9C購01  ,0,0,0,0,0,0,0,0,0,-109000,0,0,0,132000,241000,-109000,-109000
064538,鈺齊國票01購01  ,0,0,0,0,0,0,0,0,0,-109000,0,0,0,163000,272000,-109000,-109000
062482,台表科國票9B購01,0,0,0,0,0,0,0,0,0,-109000,0,0,0,5000,114000,-109000,-109000
062428,超眾統一9B購01  ,0,0,0,0,0,0,0,0,0,-109000,0,0,0,0,109000,-109000,-109000
062363,燿華元大9B購03  ,0,0,0,0,0,0,0,0,0,-109000,0,0,0,103000,212000,-109000,-109000
3653,健策            ,276000,312000,-36000,0,0,0,79000,171000,-92000,18000,42000,39000,3000,64000,49000,15000,-110000
08112P,臺股指中信01售07,0,0,0,0,0,0,0,0,0,-110000,0,0,0,1000,111000,-110000,-110000
07257P,臺股指凱基99售37,0,0,0,0,0,0,0,0,0,-110000,0,0,0,110000,220000,-110000,-110000
057464,大立光永豐98購02,0,0,0,0,0,0,0,0,0,-110000,0,0,0,0,110000,-110000,-110000
055501,創意元大97購01  ,0,0,0,0,0,0,0,0,0,-110000,0,0,0,100000,210000,-110000,-110000
055036,中工富邦9B購01  ,0,0,0,0,0,0,0,0,0,-110000,0,0,0,40000,150000,-110000,-110000
055030,帆宣國泰99購02  ,0,0,0,0,0,0,0,0,0,-110000,0,0,0,0,110000,-110000,-110000
057662,上銀元大9A購01  ,0,0,0,0,0,0,0,0,0,-110000,0,0,0,0,110000,-110000,-110000
056687,元大金統一98購01,0,0,0,0,0,0,0,0,0,-110000,0,0,0,0,110000,-110000,-110000
061722,健策永豐9B購03  ,0,0,0,0,0,0,0,0,0,-110000,0,0,0,58000,168000,-110000,-110000
062459,聯詠群益9B購01  ,0,0,0,0,0,0,0,0,0,-110000,0,0,0,10000,120000,-110000,-110000
063376,神達永豐9B購01  ,0,0,0,0,0,0,0,0,0,-110000,0,0,0,0,110000,-110000,-110000
063222,群創群益9B購03  ,0,0,0,0,0,0,0,0,0,-110000,0,0,0,2000,112000,-110000,-110000
063228,聯茂群益9B購01  ,0,0,0,0,0,0,0,0,0,-110000,0,0,0,0,110000,-110000,-110000
06431P,新日興元大97售05,0,0,0,0,0,0,0,0,0,-110000,0,0,0,0,110000,-110000,-110000
064151,義隆統一01購01  ,0,0,0,0,0,0,0,0,0,-110000,0,0,0,108000,218000,-110000,-110000
08121P,聯發科國票9B售05,0,0,0,0,0,0,0,0,0,-111000,0,0,0,20000,131000,-111000,-111000
065051,和碩凱基02購01  ,0,0,0,0,0,0,0,0,0,-111000,0,0,0,16000,127000,-111000,-111000
057658,玉晶光兆豐99購02,0,0,0,0,0,0,0,0,0,-111000,0,0,0,5000,116000,-111000,-111000
054803,味全元大9A購01  ,0,0,0,0,0,0,0,0,0,-111000,0,0,0,36000,147000,-111000,-111000
055787,聯茂凱基99購01  ,0,0,0,0,0,0,0,0,0,-111000,0,0,0,0,111000,-111000,-111000
061205,旺宏元大9A購11  ,0,0,0,0,0,0,0,0,0,-111000,0,0,0,4000,115000,-111000,-111000
064640,和大凱基03購01  ,0,0,0,0,0,0,0,0,0,-111000,0,0,0,51000,162000,-111000,-111000
062321,力成台新9B購01  ,0,0,0,0,0,0,0,0,0,-111000,0,0,0,61000,172000,-111000,-111000
064981,致伸元大9C購01  ,0,0,0,0,0,0,0,0,0,-112000,0,0,0,0,112000,-112000,-112000
2841,台開            ,725000,840000,-115000,0,0,0,0,0,0,3000,3000,0,3000,0,0,0,-112000
08326P,臺股指凱基9C售09,0,0,0,0,0,0,0,0,0,-112000,0,0,0,1000,113000,-112000,-112000
1592,英瑞-KY         ,396000,510000,-114000,0,0,0,0,0,0,2000,2000,0,2000,0,0,0,-112000
055782,新日興凱基99購01,0,0,0,0,0,0,0,0,0,-112000,0,0,0,50000,162000,-112000,-112000
061211,玉晶光元大9A購12,0,0,0,0,0,0,0,0,0,-112000,0,0,0,35000,147000,-112000,-112000
061813,鴻海群益9B購02  ,0,0,0,0,0,0,0,0,0,-112000,0,0,0,6000,118000,-112000,-112000
060394,欣興麥證9A購01  ,0,0,0,7000,119000,-112000,0,0,0,-112000,0,0,0,7000,119000,-112000,-112000
064784,祥碩群益9C購01  ,0,0,0,0,0,0,0,0,0,-112000,0,0,0,87000,199000,-112000,-112000
064237,奇鋐統一01購01  ,0,0,0,0,0,0,0,0,0,-112000,0,0,0,0,112000,-112000,-112000
064349,泰鼎元大9C購02  ,0,0,0,0,0,0,0,0,0,-112000,0,0,0,2000,114000,-112000,-112000
064418,鴻海兆豐01購02  ,0,0,0,0,0,0,0,0,0,-112000,0,0,0,0,112000,-112000,-112000
063921,大立光元富9C購03,0,0,0,0,0,0,0,0,0,-112000,0,0,0,5000,117000,-112000,-112000
063578,瑞祺元大9B購03  ,0,0,0,0,0,0,0,0,0,-112000,0,0,0,141000,253000,-112000,-112000
064894,漢唐群益9C購02  ,0,0,0,0,0,0,0,0,0,-113000,0,0,0,0,113000,-113000,-113000
06689P,鴻海中信9C售02  ,0,0,0,0,0,0,0,0,0,-113000,0,0,0,103000,216000,-113000,-113000
061026,南電富邦9B購01  ,0,0,0,0,0,0,0,0,0,-113000,0,0,0,0,113000,-113000,-113000
062086,瑞祺元大9B購01  ,0,0,0,0,0,0,0,0,0,-113000,0,0,0,143000,256000,-113000,-113000
058135,景碩元大99購01  ,0,0,0,0,0,0,0,0,0,-113000,0,0,0,15000,128000,-113000,-113000
060134,鈺齊群益9A購01  ,0,0,0,0,0,0,0,0,0,-113000,0,0,0,57000,170000,-113000,-113000
064105,南茂群益9C購01  ,0,0,0,0,0,0,0,0,0,-113000,0,0,0,156000,269000,-113000,-113000
1590,亞德客-KY       ,653792,669000,-15208,0,0,0,0,79000,-79000,-19000,0,0,0,9000,28000,-19000,-113208
08331P,義隆元富9C售02  ,0,0,0,0,0,0,0,0,0,-114000,0,0,0,128000,242000,-114000,-114000
06690P,玉晶光群益9A售05,0,0,0,0,0,0,0,0,0,-114000,0,0,0,0,114000,-114000,-114000
057055,立積元大99購01  ,0,0,0,0,0,0,0,0,0,-114000,0,0,0,0,114000,-114000,-114000
060127,牧德永豐99購02  ,0,0,0,0,0,0,0,0,0,-114000,0,0,0,0,114000,-114000,-114000
059143,國巨國票9A購04  ,0,0,0,0,0,0,0,0,0,-114000,0,0,0,41000,155000,-114000,-114000
063996,貿聯群益9C購01  ,0,0,0,0,0,0,0,0,0,-114000,0,0,0,0,114000,-114000,-114000
063358,華擎國泰01購01  ,0,0,0,0,0,0,0,0,0,-114000,0,0,0,380000,494000,-114000,-114000
062883,智易兆豐9C購01  ,0,0,0,0,0,0,0,0,0,-114000,0,0,0,34000,148000,-114000,-114000
065039,國巨凱基02購02  ,0,0,0,0,0,0,0,0,0,-115000,0,0,0,0,115000,-115000,-115000
065030,亞光兆豐9C購01  ,0,0,0,0,0,0,0,0,0,-115000,0,0,0,0,115000,-115000,-115000
065180,台表科元大9C購10,0,0,0,0,0,0,0,0,0,-115000,0,0,0,100000,215000,-115000,-115000
08110P,臺股指中信01售05,0,0,0,0,0,0,0,0,0,-115000,0,0,0,100000,215000,-115000,-115000
08177P,金像電元大9B售02,0,0,0,0,0,0,0,0,0,-115000,0,0,0,90000,205000,-115000,-115000
08352P,大立光群益01售02,0,0,0,0,0,0,0,0,0,-115000,0,0,0,25000,140000,-115000,-115000
5215,科嘉-KY         ,225000,390000,-165000,0,0,0,59000,0,59000,-9000,0,9000,-9000,0,0,0,-115000
060752,上銀元大9A購04  ,0,0,0,0,0,0,0,0,0,-115000,0,0,0,29000,144000,-115000,-115000
056113,新日興兆豐98購01,0,0,0,0,0,0,0,0,0,-115000,0,0,0,307000,422000,-115000,-115000
051382,玉晶光群益98購02,0,0,0,0,0,0,0,0,0,-115000,0,0,0,76000,191000,-115000,-115000
061693,華新科群益9B購02,0,0,0,0,0,0,0,0,0,-115000,0,0,0,49000,164000,-115000,-115000
063311,喬山群益9B購01  ,0,0,0,0,0,0,0,0,0,-115000,0,0,0,11000,126000,-115000,-115000
062464,T50反1凱基9C購03,0,0,0,0,0,0,0,0,0,-115000,0,0,0,5000,120000,-115000,-115000
063924,致新元富9C購01  ,0,0,0,0,0,0,0,0,0,-115000,0,0,0,85000,200000,-115000,-115000
064071,台郡永豐9C購01  ,0,0,0,0,0,0,0,0,0,-115000,0,0,0,0,115000,-115000,-115000
064121,國巨元大9C購16  ,0,0,0,0,0,0,0,0,0,-115000,0,0,0,35000,150000,-115000,-115000
063698,上銀群益9B購05  ,0,0,0,0,0,0,0,0,0,-115000,0,0,0,0,115000,-115000,-115000
064729,聯茂統一02購02  ,0,0,0,0,0,0,0,0,0,-115000,0,0,0,49000,164000,-115000,-115000
1229,聯華            ,282000,120000,162000,0,0,0,0,284200,-284200,7000,7000,0,7000,0,0,0,-115200
9907,統一實          ,329000,445000,-116000,0,0,0,0,0,0,0,0,0,0,0,0,0,-116000
053660,群創凱基98購08  ,0,0,0,0,0,0,0,0,0,-116000,0,0,0,2000,118000,-116000,-116000
06188P,大立光元富97售01,0,0,0,0,0,0,0,0,0,-116000,0,0,0,10000,126000,-116000,-116000
058298,聯茂凱基99購05  ,0,0,0,0,0,0,0,0,0,-116000,0,0,0,35000,151000,-116000,-116000
064564,義隆群益9C購02  ,0,0,0,0,0,0,0,0,0,-116000,0,0,0,283000,399000,-116000,-116000
062389,台表科國泰01購01,0,0,0,0,0,0,0,0,0,-116000,0,0,0,34000,150000,-116000,-116000
062539,可成國泰01購01  ,0,0,0,0,0,0,0,0,0,-116000,0,0,0,129000,245000,-116000,-116000
2727,王品            ,29000,146000,-117000,0,0,0,0,0,0,0,0,0,0,0,0,0,-117000
08469P,富邦金凱基9C售01,0,0,0,0,0,0,0,0,0,-117000,0,0,0,0,117000,-117000,-117000
07648P,祥碩國票9B售01  ,0,0,0,0,0,0,0,0,0,-117000,0,0,0,243000,360000,-117000,-117000
055153,台光電元大98購02,0,0,0,0,0,0,0,0,0,-117000,0,0,0,44000,161000,-117000,-117000
00668,國泰美國道瓊    ,43000,1000,42000,0,0,0,0,0,0,-159000,0,0,0,263000,422000,-159000,-117000
056410,康控國票99購01  ,0,0,0,0,0,0,0,0,0,-117000,0,0,0,3000,120000,-117000,-117000
059852,康控永豐99購02  ,0,0,0,0,0,0,0,0,0,-117000,0,0,0,90000,207000,-117000,-117000
057355,彩晶統一98購03  ,0,0,0,0,0,0,0,0,0,-117000,0,0,0,3000,120000,-117000,-117000
059155,台表科日盛99購01,0,0,0,0,0,0,0,0,0,-117000,0,0,0,94000,211000,-117000,-117000
059760,楠梓電永豐99購01,0,0,0,0,0,0,0,0,0,-117000,0,0,0,51000,168000,-117000,-117000
057938,台表科群益98購02,0,0,0,0,0,0,0,0,0,-117000,0,0,0,0,117000,-117000,-117000
063136,智邦統一9B購02  ,0,0,0,0,0,0,0,0,0,-117000,0,0,0,27000,144000,-117000,-117000
064452,微星統一01購02  ,0,0,0,0,0,0,0,0,0,-117000,0,0,0,35000,152000,-117000,-117000
063537,華擎統一9C購03  ,0,0,0,0,0,0,0,0,0,-117000,0,0,0,0,117000,-117000,-117000
9934,成霖            ,22000,139051,-117051,0,0,0,0,0,0,0,0,0,0,0,0,0,-117051
08297P,寶成元大9C售01  ,0,0,0,0,0,0,0,0,0,-118000,0,0,0,6000,124000,-118000,-118000
06698P,玉晶光國票99售05,0,0,0,0,0,0,0,0,0,-118000,0,0,0,52000,170000,-118000,-118000
054217,台表科國票97購05,0,0,0,0,0,0,0,0,0,-118000,0,0,0,2000,120000,-118000,-118000
060430,和潤永豐9A購01  ,0,0,0,0,0,0,0,0,0,-118000,0,0,0,8000,126000,-118000,-118000
062015,喬山永豐9B購01  ,0,0,0,0,0,0,0,0,0,-118000,0,0,0,0,118000,-118000,-118000
058735,南茂永豐99購01  ,0,0,0,0,0,0,0,0,0,-118000,0,0,0,146000,264000,-118000,-118000
064781,嘉晶群益9C購04  ,0,0,0,0,0,0,0,0,0,-118000,0,0,0,0,118000,-118000,-118000
062955,立積永豐9B購02  ,0,0,0,0,0,0,0,0,0,-118000,0,0,0,2000,120000,-118000,-118000
063035,燿華凱基9B購02  ,0,0,0,0,0,0,0,0,0,-118000,0,0,0,31000,149000,-118000,-118000
063283,華新科元大9C購03,0,0,0,0,0,0,0,0,0,-118000,0,0,0,0,118000,-118000,-118000
062591,新日興統一9C購01,0,0,0,0,0,0,0,0,0,-118000,0,0,0,1097000,1215000,-118000,-118000
053569,漢唐統一98購01  ,0,0,0,0,0,0,0,0,0,-119000,0,0,0,10000,129000,-119000,-119000
056813,聯茂統一99購01  ,0,0,0,0,0,0,0,0,0,-119000,0,0,0,0,119000,-119000,-119000
063648,台表科元大9C購05,0,0,0,0,0,0,0,0,0,-119000,0,0,0,194000,313000,-119000,-119000
07021P,台積電富邦9C售02,0,0,0,0,0,0,0,0,0,-120000,0,0,0,200000,320000,-120000,-120000
07906P,中租群益9B售02  ,0,0,0,0,0,0,0,0,0,-120000,0,0,0,0,120000,-120000,-120000
056094,大立光元富97購03,0,0,0,0,0,0,0,0,0,-120000,0,0,0,0,120000,-120000,-120000
060738,矽格統一9C購01  ,0,0,0,0,0,0,0,0,0,-120000,0,0,0,112000,232000,-120000,-120000
053866,景碩元大97購02  ,0,0,0,0,0,0,0,0,0,-120000,0,0,0,0,120000,-120000,-120000
020016,統一MSCI美科技N ,0,0,0,0,0,0,0,0,0,-120000,0,0,0,61000,181000,-120000,-120000
058817,嘉聯益台新99購01,0,0,0,0,0,0,0,0,0,-120000,0,0,0,0,120000,-120000,-120000
061979,友達元大9C購08  ,0,0,0,0,0,0,0,0,0,-120000,0,0,0,44000,164000,-120000,-120000
059028,嘉聯益台新99購02,0,0,0,0,0,0,0,0,0,-120000,0,0,0,0,120000,-120000,-120000
059054,國巨凱基99購11  ,0,0,0,0,0,0,0,0,0,-120000,0,0,0,11000,131000,-120000,-120000
060679,聯詠元大9A購04  ,0,0,0,0,0,0,0,0,0,-120000,0,0,0,19000,139000,-120000,-120000
063554,GIS國票9C購03   ,0,0,0,0,0,0,0,0,0,-120000,0,0,0,35000,155000,-120000,-120000
063577,台表科元大9C購04,0,0,0,0,0,0,0,0,0,-120000,0,0,0,0,120000,-120000,-120000
063808,台表科兆豐9C購01,0,0,0,0,0,0,0,0,0,-120000,0,0,0,175000,295000,-120000,-120000
064081,國產中信06購01  ,0,0,0,0,0,0,0,0,0,-120000,0,0,0,0,120000,-120000,-120000
064748,力成國票01購01  ,0,0,0,0,0,0,0,0,0,-120000,0,0,0,35000,155000,-120000,-120000
064727,群創統一02購03  ,0,0,0,0,0,0,0,0,0,-120000,0,0,0,0,120000,-120000,-120000
064203,康控兆豐9C購02  ,0,0,0,0,0,0,0,0,0,-120000,0,0,0,0,120000,-120000,-120000
063195,訊連元富9B購01  ,0,0,0,0,0,0,0,0,0,-120000,0,0,0,148000,268000,-120000,-120000
08095P,大立光元富9B售03,0,0,0,0,0,0,0,0,0,-121000,0,0,0,104000,225000,-121000,-121000
064854,祥碩麥證9C購01  ,0,0,0,0,121000,-121000,0,0,0,-121000,0,0,0,0,121000,-121000,-121000
08405P,聯發科元大9C售11,0,0,0,0,0,0,0,0,0,-121000,0,0,0,1000,122000,-121000,-121000
057060,緯穎元大98購05  ,0,0,0,0,0,0,0,0,0,-121000,0,0,0,0,121000,-121000,-121000
058741,欣興日盛99購01  ,0,0,0,0,0,0,0,0,0,-121000,0,0,0,7000,128000,-121000,-121000
061213,群創元大9A購05  ,0,0,0,0,0,0,0,0,0,-121000,0,0,0,14000,135000,-121000,-121000
062981,祥碩元富9B購01  ,0,0,0,0,0,0,0,0,0,-121000,0,0,0,20000,141000,-121000,-121000
064350,茂林元大01購01  ,0,0,0,0,0,0,0,0,0,-121000,0,0,0,100000,221000,-121000,-121000
064386,友達富邦01購01  ,0,0,0,0,0,0,0,0,0,-121000,0,0,0,30000,151000,-121000,-121000
063644,祥碩元大9B購10  ,0,0,0,0,0,0,0,0,0,-121000,0,0,0,1000,122000,-121000,-121000
063671,GIS統一01購01   ,0,0,0,0,0,0,0,0,0,-121000,0,0,0,491000,612000,-121000,-121000
2505,國揚            ,226000,314000,-88000,0,0,0,0,0,0,-34000,10000,40000,-30000,0,4000,-4000,-122000
064813,祥碩元大9C購05  ,0,0,0,0,0,0,0,0,0,-122000,0,0,0,87000,209000,-122000,-122000
058854,樺漢群益9B購01  ,0,0,0,0,0,0,0,0,0,-122000,0,0,0,131000,253000,-122000,-122000
063663,台光電統一9C購01,0,0,0,0,0,0,0,0,0,-122000,0,0,0,113000,235000,-122000,-122000
063344,臺企銀統一9C購01,0,0,0,0,0,0,0,0,0,-122000,0,0,0,3000,125000,-122000,-122000
5305,敦南            ,26000,56000,-30000,0,0,0,0,93000,-93000,0,0,0,0,0,0,0,-123000
061069,嘉聯益凱基9A購01,0,0,0,0,0,0,0,0,0,-123000,0,0,0,126000,249000,-123000,-123000
061042,致新永豐9A購02  ,0,0,0,0,0,0,0,0,0,-123000,0,0,0,8000,131000,-123000,-123000
056550,瑞儀凱基99購01  ,0,0,0,0,0,0,0,0,0,-123000,0,0,0,43000,166000,-123000,-123000
062821,華擎兆豐9C購01  ,0,0,0,0,0,0,0,0,0,-123000,0,0,0,129000,252000,-123000,-123000
064583,光寶科永豐9C購01,0,0,0,0,0,0,0,0,0,-123000,0,0,0,65000,188000,-123000,-123000
08243P,祥碩凱基9C售02  ,0,0,0,0,0,0,0,0,0,-124000,0,0,0,0,124000,-124000,-124000
2439,美律            ,594000,680000,-86000,0,0,0,0,0,0,-38000,84000,58000,26000,13000,77000,-64000,-124000
06864P,健策凱基98售01  ,0,0,0,0,0,0,0,0,0,-124000,0,0,0,10000,134000,-124000,-124000
07576P,可成元大9A售01  ,0,0,0,0,0,0,0,0,0,-124000,0,0,0,72000,196000,-124000,-124000
064378,群創元富9C購01  ,0,0,0,0,0,0,0,0,0,-124000,0,0,0,2000,126000,-124000,-124000
064087,華新科凱基9C購03,0,0,0,0,0,0,0,0,0,-124000,0,0,0,32000,156000,-124000,-124000
063980,智易兆豐9C購02  ,0,0,0,0,0,0,0,0,0,-124000,0,0,0,23000,147000,-124000,-124000
063465,友達元大9C購10  ,0,0,0,0,0,0,0,0,0,-124000,0,0,0,10000,134000,-124000,-124000
065017,和大富邦03購01  ,0,0,0,0,0,0,0,0,0,-125000,0,0,0,141000,266000,-125000,-125000
057647,欣興元大98購10  ,0,0,0,0,0,0,0,0,0,-125000,0,0,0,219000,344000,-125000,-125000
050890,南電富邦99購01  ,0,0,0,0,0,0,0,0,0,-125000,0,0,0,96000,221000,-125000,-125000
059959,訊芯康和99購01  ,0,0,0,0,0,0,0,0,0,-125000,0,0,0,31000,156000,-125000,-125000
063113,聯茂兆豐9B購01  ,0,0,0,0,0,0,0,0,0,-125000,0,0,0,30000,155000,-125000,-125000
062408,致新永豐9B購01  ,0,0,0,0,0,0,0,0,0,-125000,0,0,0,0,125000,-125000,-125000
063922,大立光元富9C購04,0,0,0,0,0,0,0,0,0,-125000,0,0,0,55000,180000,-125000,-125000
063624,GIS兆豐9B購01   ,0,0,0,0,0,0,0,0,0,-125000,0,0,0,40000,165000,-125000,-125000
064693,玉晶光群益01購06,0,0,0,0,0,0,0,0,0,-125000,0,0,0,1000,126000,-125000,-125000
054943,群光元大97購01  ,0,0,0,0,0,0,0,0,0,-126000,0,0,0,0,126000,-126000,-126000
058005,茂林群益98購04  ,0,0,0,0,0,0,0,0,0,-126000,0,0,0,81000,207000,-126000,-126000
064596,台表科統一01購03,0,0,0,0,0,0,0,0,0,-126000,0,0,0,0,126000,-126000,-126000
063573,茂林元大9B購06  ,0,0,0,0,0,0,0,0,0,-126000,0,0,0,100000,226000,-126000,-126000
063915,祥碩凱基01購01  ,0,0,0,0,0,0,0,0,0,-126000,0,0,0,1000,127000,-126000,-126000
064075,台積電中信06購01,0,16000,-16000,0,0,0,0,0,0,-110000,0,0,0,82000,192000,-110000,-126000
062423,聯發科統一9C購07,0,0,0,0,0,0,0,0,0,-126000,0,0,0,152000,278000,-126000,-126000
062246,力山元大9B購02  ,0,0,0,0,0,0,0,0,0,-126000,0,0,0,0,126000,-126000,-126000
062219,燿華統一9B購01  ,0,0,0,0,0,0,0,0,0,-126000,0,0,0,973000,1099000,-126000,-126000
063196,力成元富9B購01  ,0,0,0,0,0,0,0,0,0,-126000,0,0,0,13000,139000,-126000,-126000
063482,緯穎元大9B購09  ,0,0,0,0,0,0,0,0,0,-126000,0,0,0,25000,151000,-126000,-126000
063286,嘉澤元大9B購04  ,0,0,0,0,0,0,0,0,0,-126000,0,0,0,90000,216000,-126000,-126000
07693P,群創元大9B售10  ,0,0,0,0,0,0,0,0,0,-127000,0,0,0,0,127000,-127000,-127000
6213,聯茂            ,844000,1075000,-231000,0,0,0,50000,0,50000,54000,142000,158000,-16000,83000,13000,70000,-127000
060983,南亞科元大9A購06,0,0,0,0,0,0,0,0,0,-127000,0,0,0,2000,129000,-127000,-127000
057838,台郡國泰99購01  ,0,0,0,0,0,0,0,0,0,-127000,0,0,0,0,127000,-127000,-127000
063144,超眾統一9C購02  ,0,0,0,0,0,0,0,0,0,-127000,0,0,0,66000,193000,-127000,-127000
062914,嘉澤元大9B購02  ,0,0,0,0,0,0,0,0,0,-127000,0,0,0,153000,280000,-127000,-127000
062496,矽創中信9B購01  ,0,0,0,0,0,0,0,0,0,-127000,0,0,0,32000,159000,-127000,-127000
6592,和潤企業        ,95000,225000,-130000,0,0,0,0,0,0,2000,0,0,0,24000,22000,2000,-128000
4540,全球傳動        ,24000,152000,-128000,0,0,0,0,0,0,0,0,0,0,0,0,0,-128000
06755P,大立光永豐98售03,0,0,0,0,0,0,0,0,0,-128000,0,0,0,16000,144000,-128000,-128000
057182,禾伸堂元大99購02,0,0,0,0,0,0,0,0,0,-128000,0,0,0,0,128000,-128000,-128000
062490,聯茂永豐9B購01  ,0,0,0,0,0,0,0,0,0,-128000,0,0,0,0,128000,-128000,-128000
062340,力成麥證9B購01  ,0,0,0,47000,175000,-128000,0,0,0,-128000,0,0,0,47000,175000,-128000,-128000
063321,泰鼎群益9B購03  ,0,0,0,0,0,0,0,0,0,-128000,0,0,0,13000,141000,-128000,-128000
063259,廣達富邦9C購01  ,0,0,0,0,0,0,0,0,0,-128000,0,0,0,28000,156000,-128000,-128000
064253,貿聯元富9C購01  ,0,0,0,0,0,0,0,0,0,-128000,0,0,0,34000,162000,-128000,-128000
056649,智易凱基98購01  ,0,0,0,0,0,0,0,0,0,-129000,0,0,0,30000,159000,-129000,-129000
061516,力成永豐9A購02  ,0,0,0,0,0,0,0,0,0,-129000,0,0,0,133000,262000,-129000,-129000
061187,瀚宇博國泰9C購01,0,0,0,0,0,0,0,0,0,-129000,0,0,0,14000,143000,-129000,-129000
063766,南茂元富9B購01  ,0,0,0,0,0,0,0,0,0,-129000,0,0,0,173000,302000,-129000,-129000
07647P,健策國票9A售04  ,0,0,0,0,0,0,0,0,0,-130000,0,0,0,44000,174000,-130000,-130000
07406P,大立光凱基99售18,0,0,0,0,0,0,0,0,0,-130000,0,0,0,0,130000,-130000,-130000
054751,GIS凱基98購01   ,0,0,0,0,0,0,0,0,0,-130000,0,0,0,0,130000,-130000,-130000
055578,群創統一98購03  ,0,0,0,0,0,0,0,0,0,-130000,0,0,0,0,130000,-130000,-130000
056409,麗豐國票99購01  ,0,0,0,0,0,0,0,0,0,-130000,0,0,0,0,130000,-130000,-130000
057416,T50反1凱基9C購01,0,0,0,0,0,0,0,0,0,-130000,0,0,0,65000,195000,-130000,-130000
061391,晶技群益9A購02  ,0,0,0,0,0,0,0,0,0,-130000,0,0,0,0,130000,-130000,-130000
058345,台光電群益99購03,0,0,0,0,0,0,0,0,0,-130000,0,0,0,0,130000,-130000,-130000
057897,華通富邦99購01  ,0,0,0,0,0,0,0,0,0,-130000,0,0,0,150000,280000,-130000,-130000
063538,神達統一9C購01  ,0,0,0,0,0,0,0,0,0,-130000,0,0,0,0,130000,-130000,-130000
064592,同欣電永豐9C購01,0,0,0,0,0,0,0,0,0,-130000,0,0,0,41000,171000,-130000,-130000
064627,矽格元大9C購01  ,0,0,0,0,0,0,0,0,0,-130000,0,0,0,0,130000,-130000,-130000
062145,億光國票9B購01  ,0,0,0,0,0,0,0,0,0,-130000,0,0,0,0,130000,-130000,-130000
062828,聯詠群益9B購02  ,0,0,0,0,0,0,0,0,0,-130000,0,0,0,0,130000,-130000,-130000
064898,國產群益9C購01  ,0,0,0,0,0,0,0,0,0,-131000,0,0,0,0,131000,-131000,-131000
057357,超眾統一98購01  ,0,0,0,0,0,0,0,0,0,-131000,0,0,0,13000,144000,-131000,-131000
057075,嘉聯益永豐98購01,0,0,0,0,0,0,0,0,0,-131000,0,0,0,87000,218000,-131000,-131000
056971,麗豐永豐98購01  ,0,0,0,0,0,0,0,0,0,-131000,0,0,0,48000,179000,-131000,-131000
056540,聯詠凱基98購02  ,0,0,0,0,0,0,0,0,0,-131000,0,0,0,1000,132000,-131000,-131000
052095,彩晶元大97購01  ,0,0,0,0,0,0,0,0,0,-131000,0,0,0,5000,136000,-131000,-131000
060424,中租永豐9A購01  ,0,0,0,0,0,0,0,0,0,-131000,0,0,0,64000,195000,-131000,-131000
058110,光寶科元富98購01,0,0,0,0,0,0,0,0,0,-131000,0,0,0,54000,185000,-131000,-131000
061229,緯穎中信9B購01  ,0,0,0,0,0,0,0,0,0,-131000,0,0,0,0,131000,-131000,-131000
08153P,台表科統一9B售01,0,0,0,0,0,0,0,0,0,-132000,0,0,0,0,132000,-132000,-132000
2106,建大            ,93000,255000,-162000,0,0,0,0,0,0,30000,30000,0,30000,0,0,0,-132000
056676,國產元富98購01  ,0,0,0,0,0,0,0,0,0,-132000,0,0,0,85000,217000,-132000,-132000
057867,大立光凱基98購17,0,0,0,0,0,0,0,0,0,-132000,0,0,0,0,132000,-132000,-132000
062526,友達統一01購01  ,0,0,0,0,0,0,0,0,0,-132000,0,0,0,4000,136000,-132000,-132000
062133,大成鋼群益9B購01,0,0,0,0,0,0,0,0,0,-132000,0,0,0,0,132000,-132000,-132000
064648,臻鼎凱基9C購02  ,0,0,0,0,0,0,0,0,0,-132000,0,0,0,10000,142000,-132000,-132000
064216,矽格凱基01購01  ,0,0,0,0,0,0,0,0,0,-132000,0,0,0,0,132000,-132000,-132000
055908,GIS日盛97購01   ,0,0,0,0,0,0,0,0,0,-133000,0,0,0,0,133000,-133000,-133000
07957P,晶技群益9B售02  ,0,0,0,0,0,0,0,0,0,-134000,0,0,0,0,134000,-134000,-134000
07719P,臺股指群益9A售08,0,0,0,0,0,0,0,0,0,-134000,0,0,0,180000,314000,-134000,-134000
057491,美食元大98購03  ,0,0,0,0,0,0,0,0,0,-134000,0,0,0,0,134000,-134000,-134000
061390,大立光群益9A購04,0,0,0,0,0,0,0,0,0,-134000,0,0,0,24000,158000,-134000,-134000
063244,華新科元大9B購11,0,0,0,0,0,0,0,0,0,-134000,0,0,0,0,134000,-134000,-134000
057423,台郡凱基98購06  ,0,0,0,0,0,0,0,0,0,-135000,0,0,0,2000,137000,-135000,-135000
063086,祥碩凱基9C購01  ,0,0,0,0,0,0,0,0,0,-135000,0,0,0,33000,168000,-135000,-135000
063591,麗豐永豐9B購02  ,0,0,0,0,0,0,0,0,0,-135000,0,0,0,27000,162000,-135000,-135000
063621,華新科兆豐9B購02,0,0,0,0,0,0,0,0,0,-135000,0,0,0,0,135000,-135000,-135000
063784,華通中信06購01  ,0,0,0,0,0,0,0,0,0,-135000,0,0,0,35000,170000,-135000,-135000
056724,臻鼎中信9A購01  ,0,0,0,0,0,0,0,0,0,-136000,0,0,0,285000,421000,-136000,-136000
054589,聯鈞國泰99購01  ,0,0,0,0,0,0,0,0,0,-136000,0,0,0,20000,156000,-136000,-136000
061535,群創統一9C購01  ,0,0,0,0,0,0,0,0,0,-136000,0,0,0,0,136000,-136000,-136000
063600,燿華凱基9B購04  ,0,0,0,0,0,0,0,0,0,-136000,0,0,0,175000,311000,-136000,-136000
063580,立積國泰9C購01  ,0,0,0,0,0,0,0,0,0,-136000,0,0,0,20000,156000,-136000,-136000
064091,台郡凱基01購01  ,0,0,0,0,0,0,0,0,0,-136000,0,0,0,0,136000,-136000,-136000
062488,台光電永豐9B購02,0,0,0,0,0,0,0,0,0,-136000,0,0,0,10000,146000,-136000,-136000
062743,微星國泰01購01  ,0,0,0,0,0,0,0,0,0,-136000,0,0,0,332000,468000,-136000,-136000
1447,力鵬            ,398000,535000,-137000,0,0,0,0,0,0,0,0,0,0,0,0,0,-137000
061974,光寶科元大9B購01,0,0,0,0,0,0,0,0,0,-137000,0,0,0,150000,287000,-137000,-137000
062710,盛群元大9B購01  ,0,0,0,0,0,0,0,0,0,-137000,0,0,0,50000,187000,-137000,-137000
062557,台光電凱基9B購02,0,0,0,0,0,0,0,0,0,-137000,0,0,0,180000,317000,-137000,-137000
064399,和大凱基02購01  ,0,0,0,0,0,0,0,0,0,-137000,0,0,0,6000,143000,-137000,-137000
064505,康控元大9C購01  ,0,0,0,0,0,0,0,0,0,-137000,0,0,0,17000,154000,-137000,-137000
054559,台光電群益99購01,0,0,0,0,0,0,0,0,0,-138000,0,0,0,10000,148000,-138000,-138000
056842,全新元富98購01  ,0,0,0,0,0,0,0,0,0,-138000,0,0,0,0,138000,-138000,-138000
061783,友達群益9B購01  ,0,0,0,0,0,0,0,0,0,-138000,0,0,0,22000,160000,-138000,-138000
058144,聯茂元大99購02  ,0,0,0,0,0,0,0,0,0,-138000,0,0,0,0,138000,-138000,-138000
060064,華新科兆豐99購07,0,0,0,0,0,0,0,0,0,-138000,0,0,0,10000,148000,-138000,-138000
2348,海悅            ,26000,143043,-117043,0,0,0,0,0,0,-21000,0,21000,-21000,0,0,0,-138043
08431P,景碩凱基9C售02  ,0,0,0,0,0,0,0,0,0,-139000,0,0,0,1000,140000,-139000,-139000
08210P,健策元富9B售02  ,0,0,0,0,0,0,0,0,0,-139000,0,0,0,0,139000,-139000,-139000
061037,嘉澤永豐9A購01  ,0,0,0,0,0,0,0,0,0,-139000,0,0,0,41000,180000,-139000,-139000
060959,金像電凱基9A購01,0,0,0,0,0,0,0,0,0,-139000,0,0,0,51000,190000,-139000,-139000
060566,聯詠富邦9C購01  ,0,0,0,0,0,0,0,0,0,-139000,0,0,0,120000,259000,-139000,-139000
062577,泰鼎群益9B購01  ,0,0,0,0,0,0,0,0,0,-139000,0,0,0,55000,194000,-139000,-139000
062360,華邦電元大9B購01,0,0,0,0,0,0,0,0,0,-139000,0,0,0,82000,221000,-139000,-139000
062978,世芯元富9B購01  ,0,0,0,0,0,0,0,0,0,-139000,0,0,0,35000,174000,-139000,-139000
055024,興勤國泰98購01  ,0,0,0,0,0,0,0,0,0,-140000,0,0,0,0,140000,-140000,-140000
055487,國巨元大98購07  ,0,0,0,0,0,0,0,0,0,-140000,0,0,0,9000,149000,-140000,-140000
060562,旺宏富邦9C購02  ,0,0,0,0,0,0,0,0,0,-140000,0,0,0,10000,150000,-140000,-140000
062592,牧德統一01購01  ,0,0,0,0,0,0,0,0,0,-140000,0,0,0,0,140000,-140000,-140000
064419,鴻海兆豐9C購01  ,0,0,0,0,0,0,0,0,0,-140000,0,0,0,0,140000,-140000,-140000
064292,南茂元大01購01  ,0,0,0,0,0,0,0,0,0,-140000,0,0,0,136000,276000,-140000,-140000
063888,TPK中信01購01   ,0,0,0,0,0,0,0,0,0,-140000,0,0,0,0,140000,-140000,-140000
2634,漢翔            ,71000,217000,-146000,0,0,0,0,0,0,5000,0,0,0,10000,5000,5000,-141000
6168,宏齊            ,180000,327000,-147000,0,0,0,6000,0,6000,0,0,0,0,0,0,0,-141000
055439,台表科國票98購02,0,0,0,0,0,0,0,0,0,-141000,0,0,0,14000,155000,-141000,-141000
058865,群創凱基01購01  ,0,0,0,0,0,0,0,0,0,-141000,0,0,0,2000,143000,-141000,-141000
05995P,T50正2中信9C售01,0,0,0,0,0,0,0,0,0,-141000,0,0,0,0,141000,-141000,-141000
061129,文曄永豐9A購01  ,0,0,0,0,0,0,0,0,0,-141000,0,0,0,0,141000,-141000,-141000
064209,燿華凱基01購01  ,0,0,0,0,0,0,0,0,0,-141000,0,0,0,63000,204000,-141000,-141000
064220,力山國票01購01  ,0,0,0,0,0,0,0,0,0,-141000,0,0,0,17000,158000,-141000,-141000
06438P,玉晶光國票99售02,0,0,0,0,0,0,0,0,0,-141000,0,0,0,51000,192000,-141000,-141000
063201,廣達統一01購01  ,0,0,0,0,0,0,0,0,0,-141000,0,0,0,0,141000,-141000,-141000
065003,燿華國票01購01  ,0,0,0,0,0,0,0,0,0,-142000,0,0,0,0,142000,-142000,-142000
057720,日電貿元富98購01,0,0,0,0,0,0,0,0,0,-142000,0,0,0,88000,230000,-142000,-142000
058180,華新科國泰9A購01,0,0,0,0,0,0,0,0,0,-142000,0,0,0,104000,246000,-142000,-142000
061844,T50反1國票9C購02,0,0,0,0,0,0,0,0,0,-142000,0,0,0,373000,515000,-142000,-142000
064763,祥碩凱基02購01  ,0,0,0,0,0,0,0,0,0,-142000,0,0,0,0,142000,-142000,-142000
06747P,大立光群益99售04,0,0,0,0,0,0,0,0,0,-143000,0,0,0,6000,149000,-143000,-143000
057549,台光電凱基98購05,0,0,0,0,0,0,0,0,0,-143000,0,0,0,0,143000,-143000,-143000
057886,聯詠群益98購01  ,0,0,0,0,0,0,0,0,0,-143000,0,0,0,32000,175000,-143000,-143000
063305,亞光凱基9B購01  ,0,0,0,0,0,0,0,0,0,-143000,0,0,0,117000,260000,-143000,-143000
08010P,大成鋼元大9B售01,0,0,0,0,0,0,0,0,0,-144000,0,0,0,0,144000,-144000,-144000
1611,中電            ,186000,330000,-144000,0,0,0,0,0,0,0,0,0,0,0,0,0,-144000
063403,鈺齊群益9B購01  ,0,0,0,0,0,0,0,0,0,-144000,0,0,0,25000,169000,-144000,-144000
062946,祥碩國泰9C購02  ,0,0,0,0,0,0,0,0,0,-144000,0,0,0,48000,192000,-144000,-144000
5608,四維航          ,93000,238000,-145000,0,0,0,0,0,0,0,0,0,0,0,0,0,-145000
2607,榮運            ,87000,232000,-145000,0,0,0,0,0,0,0,0,0,0,0,0,0,-145000
07777P,創意元大9A售03  ,0,0,0,0,0,0,0,0,0,-145000,0,0,0,11000,156000,-145000,-145000
064985,台表科元大9C購09,0,0,0,0,0,0,0,0,0,-145000,0,0,0,5000,150000,-145000,-145000
065079,致茂元大9C購01  ,0,0,0,0,0,0,0,0,0,-145000,0,0,0,21000,166000,-145000,-145000
057718,旺宏元富02購02  ,0,0,0,0,0,0,0,0,0,-145000,0,0,0,10000,155000,-145000,-145000
057948,嘉聯益國票99購02,0,0,0,0,0,0,0,0,0,-145000,0,0,0,16000,161000,-145000,-145000
061192,奇鋐永豐9A購01  ,0,0,0,0,0,0,0,0,0,-145000,0,0,0,10000,155000,-145000,-145000
058749,康控凱基99購03  ,0,0,0,0,0,0,0,0,0,-145000,0,0,0,0,145000,-145000,-145000
058540,嘉聯益國泰9A購02,0,0,0,0,0,0,0,0,0,-145000,0,0,0,7000,152000,-145000,-145000
064411,台表科凱基02購01,0,0,0,0,0,0,0,0,0,-145000,0,0,0,11000,156000,-145000,-145000
064301,漢唐兆豐01購01  ,0,0,0,0,0,0,0,0,0,-145000,0,0,0,19000,164000,-145000,-145000
057960,聯鈞元大98購02  ,0,0,0,0,0,0,0,0,0,-146000,0,0,0,10000,156000,-146000,-146000
061915,T50反1凱基02購02,0,0,0,0,0,0,0,0,0,-146000,0,0,0,100000,246000,-146000,-146000
064061,GIS麥證01購01   ,0,0,0,38000,184000,-146000,0,0,0,-146000,0,0,0,38000,184000,-146000,-146000
065012,燿華國泰02購01  ,0,0,0,0,0,0,0,0,0,-147000,0,0,0,1000,148000,-147000,-147000
064892,台達電群益9C購02,0,0,0,0,0,0,0,0,0,-147000,0,0,0,0,147000,-147000,-147000
057742,喬山永豐98購02  ,0,0,0,0,0,0,0,0,0,-147000,0,0,0,3000,150000,-147000,-147000
061717,力成凱基9B購01  ,0,0,0,0,0,0,0,0,0,-147000,0,0,0,70000,217000,-147000,-147000
062052,華通統一01購01  ,0,0,0,0,0,0,0,0,0,-147000,0,0,0,127000,274000,-147000,-147000
060711,旺宏永豐9A購01  ,0,0,0,0,0,0,0,0,0,-147000,0,0,0,0,147000,-147000,-147000
059294,宏達電元富9B購02,0,0,0,0,0,0,0,0,0,-147000,0,0,0,0,147000,-147000,-147000
062222,華新科統一9B購04,0,0,0,0,0,0,0,0,0,-147000,0,0,0,16000,163000,-147000,-147000
8454,富邦媒          ,60000,234960,-174960,0,0,0,30000,0,30000,-3000,8000,11000,-3000,0,0,0,-147960
065034,玉晶光統一01購11,0,0,0,0,0,0,0,0,0,-148000,0,0,0,3000,151000,-148000,-148000
057054,立積元大98購03  ,0,0,0,0,0,0,0,0,0,-148000,0,0,0,5000,153000,-148000,-148000
059922,大立光元大99購25,0,0,0,0,0,0,0,0,0,-148000,0,0,0,20000,168000,-148000,-148000
060311,盟立永豐9A購01  ,0,0,0,0,0,0,0,0,0,-148000,0,0,0,0,148000,-148000,-148000
061374,力山永豐9A購04  ,0,0,0,0,0,0,0,0,0,-148000,0,0,0,30000,178000,-148000,-148000
059510,華新科永豐99購07,0,0,0,0,0,0,0,0,0,-148000,0,0,0,0,148000,-148000,-148000
063849,奇鋐元大9C購01  ,0,0,0,0,0,0,0,0,0,-148000,0,0,0,7000,155000,-148000,-148000
063845,旺宏元大9C購03  ,0,0,0,0,0,0,0,0,0,-148000,0,0,0,12000,160000,-148000,-148000
6177,達麗            ,38000,187000,-149000,0,0,0,0,0,0,0,0,0,0,0,0,0,-149000
058661,臺股指中信9C購01,0,0,0,0,0,0,0,0,0,-149000,0,0,0,53000,202000,-149000,-149000
057670,欣興元大99購02  ,0,0,0,0,0,0,0,0,0,-149000,0,0,0,60000,209000,-149000,-149000
053821,群創群益98購08  ,0,0,0,0,0,0,0,0,0,-149000,0,0,0,0,149000,-149000,-149000
060651,瑞儀中信9B購01  ,0,0,0,0,0,0,0,0,0,-149000,0,0,0,64000,213000,-149000,-149000
059224,大立光元大99購15,0,0,0,0,0,0,0,0,0,-149000,0,0,0,0,149000,-149000,-149000
063400,華擎群益9B購03  ,0,0,0,0,0,0,0,0,0,-149000,0,0,0,116000,265000,-149000,-149000
065195,國巨元富06購01  ,0,0,0,0,0,0,0,0,0,-150000,0,0,0,0,150000,-150000,-150000
06619P,聯發科元大98售06,0,0,0,0,0,0,0,0,0,-150000,0,0,0,145000,295000,-150000,-150000
07575P,瑞昱元大9A售02  ,0,0,0,0,0,0,0,0,0,-150000,0,0,0,0,150000,-150000,-150000
056578,智易元大99購02  ,0,0,0,0,0,0,0,0,0,-150000,0,0,0,4000,154000,-150000,-150000
054890,聯鈞統一99購01  ,0,0,0,0,0,0,0,0,0,-150000,0,0,0,0,150000,-150000,-150000
054471,T50反1中信9C購01,0,0,0,0,0,0,0,0,0,-150000,0,0,0,125000,275000,-150000,-150000
04427P,滬深2X元大97售02,0,0,0,0,0,0,0,0,0,-150000,0,0,0,0,150000,-150000,-150000
055681,奇鋐凱基98購03  ,0,0,0,0,0,0,0,0,0,-150000,0,0,0,10000,160000,-150000,-150000
061593,智原永豐9A購01  ,0,1000,-1000,0,0,0,0,0,0,-149000,0,0,0,1000,150000,-149000,-150000
060804,T50反1群益9A購02,0,0,0,0,0,0,0,0,0,-150000,0,0,0,0,150000,-150000,-150000
060017,全新康和99購01  ,0,0,0,0,0,0,0,0,0,-150000,0,0,0,0,150000,-150000,-150000
059503,大立光富邦9B購04,0,0,0,0,0,0,0,0,0,-150000,0,0,0,175000,325000,-150000,-150000
062916,智易元大9B購01  ,0,0,0,0,0,0,0,0,0,-150000,0,0,0,11000,161000,-150000,-150000
062709,帆宣元大9B購01  ,0,0,0,0,0,0,0,0,0,-150000,0,0,0,0,150000,-150000,-150000
063760,聯詠統一9C購02  ,0,0,0,0,0,0,0,0,0,-150000,0,0,0,57000,207000,-150000,-150000
064624,群創元大02購01  ,0,0,0,0,0,0,0,0,0,-150000,0,0,0,16000,166000,-150000,-150000
08237P,台積電富邦03售01,0,0,0,0,0,0,0,0,0,-151000,0,0,0,0,151000,-151000,-151000
061592,義隆永豐9A購03  ,0,0,0,0,0,0,0,0,0,-151000,0,0,0,66000,217000,-151000,-151000
064258,臻鼎國泰01購02  ,0,0,0,0,0,0,0,0,0,-151000,0,0,0,101000,252000,-151000,-151000
064333,義隆元大9C購02  ,0,0,0,0,0,0,0,0,0,-151000,0,0,0,96000,247000,-151000,-151000
064057,緯穎統一02購01  ,0,0,0,0,0,0,0,0,0,-151000,0,0,0,15000,166000,-151000,-151000
064089,新日興凱基02購01,0,0,0,0,0,0,0,0,0,-151000,0,0,0,125000,276000,-151000,-151000
08282P,南六群益9C售01  ,0,0,0,0,0,0,0,0,0,-152000,0,0,0,0,152000,-152000,-152000
059911,國巨元大99購27  ,0,0,0,0,0,0,0,0,0,-152000,0,0,0,80000,232000,-152000,-152000
05545P,台表科國泰98售01,0,0,0,0,0,0,0,0,0,-152000,0,0,0,52000,204000,-152000,-152000
058195,鈺齊永豐99購01  ,0,0,0,0,0,0,0,0,0,-152000,0,0,0,0,152000,-152000,-152000
064552,巨大凱基01購01  ,0,0,0,0,0,0,0,0,0,-152000,0,0,0,92000,244000,-152000,-152000
056486,樺漢元大98購04  ,0,0,0,0,0,0,0,0,0,-153000,0,0,0,0,153000,-153000,-153000
058141,嘉聯益元大99購05,0,0,0,0,0,0,0,0,0,-153000,0,0,0,73000,226000,-153000,-153000
062856,世芯永豐9B購02  ,0,0,0,0,0,0,0,0,0,-153000,0,0,0,106000,259000,-153000,-153000
2609,陽明            ,215000,369000,-154000,0,0,0,0,0,0,0,0,0,0,0,0,0,-154000
056603,嘉聯益國泰9A購01,0,0,0,0,0,0,0,0,0,-154000,0,0,0,144000,298000,-154000,-154000
059174,訊芯凱基99購01  ,0,0,0,0,0,0,0,0,0,-154000,0,0,0,89000,243000,-154000,-154000
060164,合勤控永豐9A購01,0,0,0,0,0,0,0,0,0,-154000,0,0,0,0,154000,-154000,-154000
060916,金像電國泰9C購01,0,0,0,0,0,0,0,0,0,-154000,0,0,0,132000,286000,-154000,-154000
061413,台勝科群益9A購01,0,0,0,0,0,0,0,0,0,-154000,0,0,0,50000,204000,-154000,-154000
062351,瑞祺群益9C購01  ,0,0,0,0,0,0,0,0,0,-154000,0,0,0,93000,247000,-154000,-154000
064173,國產元富9C購01  ,0,0,0,0,0,0,0,0,0,-154000,0,0,0,124000,278000,-154000,-154000
055265,玉晶光永豐98購03,0,0,0,0,0,0,0,0,0,-155000,0,0,0,10000,165000,-155000,-155000
061056,臺指反國票02購01,0,0,0,0,0,0,0,0,0,-155000,0,0,0,5000,160000,-155000,-155000
060541,正隆凱基9A購01  ,0,0,0,0,0,0,0,0,0,-155000,0,0,0,81000,236000,-155000,-155000
065098,致伸元大9C購02  ,0,0,0,0,0,0,0,0,0,-156000,0,0,0,0,156000,-156000,-156000
064969,達新元大9C購01  ,0,0,0,0,0,0,0,0,0,-156000,0,0,0,2046000,2202000,-156000,-156000
056855,祥碩中信98購02  ,0,0,0,0,0,0,0,0,0,-156000,0,0,0,65000,221000,-156000,-156000
061865,力山元大9B購01  ,0,0,0,0,0,0,0,0,0,-156000,0,0,0,29000,185000,-156000,-156000
061417,力成群益9A購01  ,0,0,0,0,0,0,0,0,0,-156000,0,0,0,63000,219000,-156000,-156000
058764,康友群益99購01  ,0,0,0,0,0,0,0,0,0,-156000,0,0,0,350000,506000,-156000,-156000
063751,祥碩國票9C購02  ,0,0,0,0,0,0,0,0,0,-156000,0,0,0,0,156000,-156000,-156000
063207,聯茂統一01購01  ,0,0,0,0,0,0,0,0,0,-156000,0,0,0,32000,188000,-156000,-156000
055987,台表科元富97購01,0,0,0,0,0,0,0,0,0,-157000,0,0,0,415000,572000,-157000,-157000
061521,亞光兆豐9A購02  ,0,0,0,0,0,0,0,0,0,-157000,0,0,0,60000,217000,-157000,-157000
063024,祥碩元大9B購05  ,0,0,0,0,0,0,0,0,0,-157000,0,0,0,13000,170000,-157000,-157000
063159,嘉澤國泰01購01  ,0,0,0,0,0,0,0,0,0,-157000,0,0,0,109000,266000,-157000,-157000
062766,台郡凱基9B購02  ,0,0,0,0,0,0,0,0,0,-157000,0,0,0,57000,214000,-157000,-157000
063570,嘉晶元大9C購02  ,0,0,0,0,0,0,0,0,0,-157000,0,0,0,2000,159000,-157000,-157000
061398,力成中信9A購01  ,0,0,0,0,0,0,0,0,0,-158000,0,0,0,279000,437000,-158000,-158000
06050P,玉晶光國票98售01,0,0,0,0,0,0,0,0,0,-158000,0,0,0,269000,427000,-158000,-158000
064699,臻鼎群益9C購01  ,0,0,0,0,0,0,0,0,0,-158000,0,0,0,7000,165000,-158000,-158000
064867,華新科永豐9C購03,0,0,0,0,0,0,0,0,0,-159000,0,0,0,0,159000,-159000,-159000
4141,龍燈-KY         ,77000,236000,-159000,0,0,0,0,0,0,0,0,0,0,0,0,0,-159000
061030,喬山永豐9A購01  ,0,0,0,0,0,0,0,0,0,-159000,0,0,0,71000,230000,-159000,-159000
060455,葡萄王元大9A購02,0,0,0,0,0,0,0,0,0,-159000,0,0,0,99000,258000,-159000,-159000
064427,喬山凱基01購01  ,0,0,0,0,0,0,0,0,0,-159000,0,0,0,0,159000,-159000,-159000
062927,同欣電國票9B購02,0,0,0,0,0,0,0,0,0,-159000,0,0,0,68000,227000,-159000,-159000
07189P,聯發科富邦9B售03,0,0,0,0,0,0,0,0,0,-160000,0,0,0,0,160000,-160000,-160000
05624P,同欣電中信98售01,0,0,0,0,0,0,0,0,0,-160000,0,0,0,0,160000,-160000,-160000
062907,可成元大9C購03  ,0,0,0,0,0,0,0,0,0,-160000,0,0,0,24000,184000,-160000,-160000
062857,SP黃豆國票9C購01,0,0,0,0,0,0,0,0,0,-160000,0,0,0,0,160000,-160000,-160000
063306,聯茂凱基9C購01  ,0,0,0,0,0,0,0,0,0,-160000,0,0,0,3000,163000,-160000,-160000
063474,康控元大9B購04  ,0,0,0,0,0,0,0,0,0,-160000,0,0,0,88000,248000,-160000,-160000
064546,燿華凱基02購01  ,0,0,0,0,0,0,0,0,0,-160000,0,0,0,175000,335000,-160000,-160000
07366P,國巨康和99售02  ,0,0,0,0,0,0,0,0,0,-161000,0,0,0,633000,794000,-161000,-161000
063715,鈺齊凱基9C購01  ,0,0,0,0,0,0,0,0,0,-161000,0,0,0,41000,202000,-161000,-161000
2349,錸德            ,341000,441000,-100000,0,0,0,0,62000,-62000,0,0,0,0,0,0,0,-162000
2355,敬鵬            ,131000,240000,-109000,0,0,0,2000,0,2000,-55000,7000,50000,-43000,0,12000,-12000,-162000
057556,智易凱基99購01  ,0,0,0,0,0,0,0,0,0,-162000,0,0,0,188000,350000,-162000,-162000
058841,深中小群益01購01,0,0,0,0,0,0,0,0,0,-162000,0,0,0,188000,350000,-162000,-162000
063401,中租群益9B購03  ,0,0,0,0,0,0,0,0,0,-162000,0,0,0,100000,262000,-162000,-162000
062293,麗豐永豐9B購01  ,0,0,0,0,0,0,0,0,0,-162000,0,0,0,0,162000,-162000,-162000
058651,FBVIX中信9C購01 ,0,0,0,0,0,0,0,0,0,-163000,0,0,0,16000,179000,-163000,-163000
056219,T50反1日盛02購01,0,0,0,0,0,0,0,0,0,-163000,0,0,0,0,163000,-163000,-163000
057971,華新科富邦9B購02,0,0,0,0,0,0,0,0,0,-163000,0,0,0,0,163000,-163000,-163000
060390,聯鈞群益9A購01  ,0,0,0,0,0,0,0,0,0,-163000,0,0,0,21000,184000,-163000,-163000
062805,台勝科統一9C購01,0,0,0,0,0,0,0,0,0,-163000,0,0,0,0,163000,-163000,-163000
063362,台表科國泰01購03,0,0,0,0,0,0,0,0,0,-163000,0,0,0,3000,166000,-163000,-163000
063705,臻鼎群益9B購03  ,0,0,0,0,0,0,0,0,0,-163000,0,0,0,141000,304000,-163000,-163000
057393,台積電中信02購01,0,0,0,0,0,0,0,0,0,-164000,0,0,0,361000,525000,-164000,-164000
057475,聯電元大9A購01  ,0,0,0,0,0,0,0,0,0,-164000,0,0,0,751000,915000,-164000,-164000
062707,致伸元大9B購01  ,0,0,0,0,0,0,0,0,0,-164000,0,0,0,87000,251000,-164000,-164000
062203,燿華國票9C購01  ,0,0,0,0,0,0,0,0,0,-164000,0,0,0,73000,237000,-164000,-164000
06701P,臺股指統一99售06,0,0,0,0,0,0,0,0,0,-165000,0,0,0,0,165000,-165000,-165000
055032,億光富邦99購01  ,0,0,0,0,0,0,0,0,0,-165000,0,0,0,0,165000,-165000,-165000
058549,藍天永豐99購01  ,0,0,0,0,0,0,0,0,0,-165000,0,0,0,5000,170000,-165000,-165000
063653,儒鴻元富9B購01  ,0,0,0,0,0,0,0,0,0,-165000,0,0,0,269000,434000,-165000,-165000
064410,超眾凱基02購01  ,0,0,0,0,0,0,0,0,0,-165000,0,0,0,13000,178000,-165000,-165000
064212,可成凱基03購01  ,0,0,0,0,0,0,0,0,0,-165000,0,0,0,4000,169000,-165000,-165000
064202,景碩兆豐9C購01  ,0,0,0,0,0,0,0,0,0,-165000,0,0,0,97000,262000,-165000,-165000
06852P,臺股指元大98售11,0,0,0,0,0,0,0,0,0,-166000,0,0,0,580000,746000,-166000,-166000
055907,台虹兆豐98購01  ,0,0,0,0,0,0,0,0,0,-166000,0,0,0,0,166000,-166000,-166000
058429,欣興元富99購01  ,0,0,0,0,0,0,0,0,0,-166000,0,0,0,63000,229000,-166000,-166000
060868,致伸永豐9A購01  ,0,0,0,0,0,0,0,0,0,-166000,0,0,0,0,166000,-166000,-166000
061790,中租群益9B購01  ,0,0,0,0,0,0,0,0,0,-166000,0,0,0,110000,276000,-166000,-166000
058139,臻鼎元大99購01  ,0,0,0,0,0,0,0,0,0,-166000,0,0,0,60000,226000,-166000,-166000
059063,康控凱基99購04  ,0,0,0,0,0,0,0,0,0,-166000,0,0,0,4000,170000,-166000,-166000
063773,可成富邦9C購01  ,0,0,0,0,0,0,0,0,0,-166000,0,0,0,0,166000,-166000,-166000
057591,鴻海兆豐99購01  ,0,0,0,0,0,0,0,0,0,-167000,0,0,0,0,167000,-167000,-167000
055380,智易元大98購02  ,0,0,0,0,0,0,0,0,0,-167000,0,0,0,11000,178000,-167000,-167000
00638R,元大滬深300反1  ,209000,0,209000,0,0,0,0,0,0,-376000,0,910000,-910000,772000,238000,534000,-167000
059086,國巨元大99購18  ,0,0,0,0,0,0,0,0,0,-167000,0,0,0,150000,317000,-167000,-167000
064462,致伸統一02購01  ,0,0,0,0,0,0,0,0,0,-167000,0,0,0,0,167000,-167000,-167000
064775,和大群益01購01  ,0,0,0,0,0,0,0,0,0,-167000,0,0,0,0,167000,-167000,-167000
063293,億豐元大9B購01  ,0,0,0,0,0,0,0,0,0,-167000,0,0,0,149000,316000,-167000,-167000
057044,旺宏元大98購08  ,0,0,0,0,0,0,0,0,0,-168000,0,0,0,0,168000,-168000,-168000
061896,景碩永豐9B購01  ,0,0,0,0,0,0,0,0,0,-168000,0,0,0,102000,270000,-168000,-168000
057442,玉晶光統一98購03,0,0,0,0,0,0,0,0,0,-169000,0,0,0,12000,181000,-169000,-169000
058156,超眾統一9A購02  ,0,0,0,0,0,0,0,0,0,-169000,0,0,0,0,169000,-169000,-169000
060847,康控國票9A購01  ,0,0,0,0,0,0,0,0,0,-169000,0,0,0,35000,204000,-169000,-169000
063675,亞德客國泰01購01,0,0,0,0,0,0,0,0,0,-169000,0,0,0,204000,373000,-169000,-169000
065082,台光電元大9C購04,0,0,0,0,0,0,0,0,0,-170000,0,0,0,29000,199000,-170000,-170000
07750P,台表科凱基9A售04,0,0,0,0,0,0,0,0,0,-170000,0,0,0,0,170000,-170000,-170000
057063,立積國泰9A購01  ,0,0,0,0,0,0,0,0,0,-170000,0,0,0,0,170000,-170000,-170000
056349,道瓊銀元大9B購01,0,0,0,0,0,0,0,0,0,-170000,0,0,0,0,170000,-170000,-170000
052738,聯電元大98購02  ,0,0,0,0,0,0,0,0,0,-170000,0,0,0,159000,329000,-170000,-170000
051700,深中小群益99購04,0,0,0,0,0,0,0,0,0,-170000,0,0,0,0,170000,-170000,-170000
061369,T50反1國泰9B購03,0,0,0,0,0,0,0,0,0,-170000,0,0,0,0,170000,-170000,-170000
060809,康友群益9A購01  ,0,0,0,0,0,0,0,0,0,-170000,0,0,0,459000,629000,-170000,-170000
059560,T50反1凱基99購08,0,0,0,0,0,0,0,0,0,-170000,0,0,0,0,170000,-170000,-170000
062238,臻鼎凱基9C購01  ,0,0,0,0,0,0,0,0,0,-170000,0,0,0,2000,172000,-170000,-170000
08220P,華邦電凱基9B售02,0,0,0,0,0,0,0,0,0,-171000,0,0,0,0,171000,-171000,-171000
8210,勤誠            ,169000,185000,-16000,0,0,0,0,150000,-150000,-5000,0,0,0,0,5000,-5000,-171000
060705,台光電富邦9B購01,0,0,0,0,0,0,0,0,0,-171000,0,0,0,17000,188000,-171000,-171000
062333,嘉晶統一9C購01  ,0,0,0,0,0,0,0,0,0,-171000,0,0,0,110000,281000,-171000,-171000
08211P,台表科元富9B售03,0,0,0,0,0,0,0,0,0,-172000,0,0,0,212000,384000,-172000,-172000
052234,GIS凱基97購01   ,0,0,0,0,0,0,0,0,0,-172000,0,0,0,0,172000,-172000,-172000
055894,欣興統一97購03  ,0,0,0,0,0,0,0,0,0,-172000,0,0,0,9000,181000,-172000,-172000
057389,玉晶光永豐98購06,0,0,0,0,0,0,0,0,0,-173000,0,0,0,1000,174000,-173000,-173000
056483,TPK元大98購01   ,0,0,0,0,0,0,0,0,0,-173000,0,0,0,86000,259000,-173000,-173000
057721,華擎元富98購02  ,0,0,0,0,0,0,0,0,0,-173000,0,0,0,6000,179000,-173000,-173000
054137,聯詠元大97購02  ,0,0,0,0,0,0,0,0,0,-173000,0,0,0,11000,184000,-173000,-173000
060965,中租凱基9B購01  ,0,0,0,0,0,0,0,0,0,-173000,0,0,0,268000,441000,-173000,-173000
2015,豐興            ,44000,169000,-125000,0,0,0,0,49000,-49000,0,0,0,0,0,0,0,-174000
059814,SP黃豆凱基9A購02,0,0,0,0,0,0,0,0,0,-174000,0,0,0,1000,175000,-174000,-174000
062113,瑞祺國票9B購01  ,0,0,0,0,0,0,0,0,0,-174000,0,0,0,30000,204000,-174000,-174000
062681,全新統一01購01  ,0,0,0,0,0,0,0,0,0,-174000,0,0,0,0,174000,-174000,-174000
063656,台光電元富03購01,0,0,0,0,0,0,0,0,0,-174000,0,0,0,406000,580000,-174000,-174000
064651,GIS凱基9C購02   ,0,0,0,0,0,0,0,0,0,-174000,0,0,0,1000,175000,-174000,-174000
064245,GIS統一02購02   ,0,0,0,0,0,0,0,0,0,-174000,0,0,0,0,174000,-174000,-174000
1732,毛寶            ,115000,289000,-174000,0,0,0,0,0,0,-1000,0,1000,-1000,0,0,0,-175000
08360P,國巨國泰02售01  ,0,0,0,0,0,0,0,0,0,-175000,0,0,0,0,175000,-175000,-175000
07677P,祥碩永豐9A售01  ,0,0,0,0,0,0,0,0,0,-175000,0,0,0,10000,185000,-175000,-175000
064956,麗豐凱基9C購01  ,0,0,0,0,0,0,0,0,0,-175000,0,0,0,107000,282000,-175000,-175000
046949,群創元大99購01  ,0,0,0,0,0,0,0,0,0,-175000,0,0,0,99000,274000,-175000,-175000
064810,嘉晶元大01購01  ,0,12000,-12000,0,0,0,0,0,0,-164000,0,0,0,12000,176000,-164000,-176000
2451,創見            ,147000,681000,-534000,0,0,0,411000,1000,410000,-52000,50000,0,50000,0,102000,-102000,-176000
056800,臺股指麥證98購01,0,0,0,32000,208000,-176000,0,0,0,-176000,0,0,0,32000,208000,-176000,-176000
060020,康控康和99購01  ,0,0,0,0,0,0,0,0,0,-176000,0,0,0,170000,346000,-176000,-176000
062069,喬山元大9B購01  ,0,0,0,0,0,0,0,0,0,-177000,0,0,0,20000,197000,-177000,-177000
055745,臻鼎元富97購01  ,0,0,0,0,0,0,0,0,0,-178000,0,0,0,62000,240000,-178000,-178000
057632,傳奇永豐98購01  ,0,0,0,0,0,0,0,0,0,-178000,0,0,0,0,178000,-178000,-178000
061872,友達元大9C購06  ,0,0,0,0,0,0,0,0,0,-178000,0,0,0,35000,213000,-178000,-178000
063531,台表科凱基9B購04,0,0,0,0,0,0,0,0,0,-178000,0,0,0,10000,188000,-178000,-178000
064131,群創元大01購02  ,0,0,0,0,0,0,0,0,0,-178000,0,0,0,17000,195000,-178000,-178000
062804,玉晶光統一9C購04,0,0,0,0,0,0,0,0,0,-178000,0,0,0,70000,248000,-178000,-178000
063272,GIS兆豐9C購01   ,0,0,0,0,0,0,0,0,0,-178000,0,0,0,85000,263000,-178000,-178000
058881,全新永豐99購01  ,0,0,0,0,0,0,0,0,0,-179000,0,0,0,0,179000,-179000,-179000
061379,鈺齊永豐9A購02  ,0,0,0,0,0,0,0,0,0,-179000,0,0,0,32000,211000,-179000,-179000
07492P,臺股指國票9A售10,0,0,0,0,0,0,0,0,0,-180000,0,0,0,0,180000,-180000,-180000
07384P,大立光群益9A售01,0,0,0,0,0,0,0,0,0,-180000,0,0,0,32000,212000,-180000,-180000
060337,FBVIX統一9A購01 ,0,0,0,0,0,0,0,0,0,-180000,0,0,0,24000,204000,-180000,-180000
060657,旺宏統一9B購05  ,0,0,0,0,0,0,0,0,0,-180000,0,0,0,0,180000,-180000,-180000
063367,GIS富邦9B購01   ,0,0,0,0,0,0,0,0,0,-180000,0,0,0,16000,196000,-180000,-180000
064530,康控中信9C購01  ,0,0,0,0,0,0,0,0,0,-180000,0,0,0,0,180000,-180000,-180000
08175P,金像電統一9B售02,0,0,0,0,0,0,0,0,0,-181000,0,0,0,146000,327000,-181000,-181000
08359P,緯創元大9C售02  ,0,0,0,0,0,0,0,0,0,-181000,0,0,0,1000,182000,-181000,-181000
061157,聯鈞群益9A購02  ,0,0,0,0,0,0,0,0,0,-181000,0,0,0,52000,233000,-181000,-181000
060046,S&P反1凱基99購02,0,0,0,0,0,0,0,0,0,-181000,0,0,0,0,181000,-181000,-181000
058522,聯茂元大99購07  ,0,0,0,0,0,0,0,0,0,-181000,0,0,0,81000,262000,-181000,-181000
064532,聯茂兆豐01購01  ,0,0,0,0,0,0,0,0,0,-181000,0,0,0,0,181000,-181000,-181000
1529,樂士            ,53000,235000,-182000,0,0,0,0,0,0,0,0,0,0,0,0,0,-182000
6491,晶碩            ,51000,104000,-53000,0,0,0,0,128000,-128000,-1000,0,1000,-1000,0,0,0,-182000
057183,玉晶光元大99購07,0,0,0,0,0,0,0,0,0,-182000,0,0,0,88000,270000,-182000,-182000
057553,景碩凱基98購03  ,0,0,0,0,0,0,0,0,0,-182000,0,0,0,48000,230000,-182000,-182000
061891,力山永豐9B購01  ,0,0,0,0,0,0,0,0,0,-182000,0,0,0,6000,188000,-182000,-182000
064162,貿聯統一02購01  ,0,0,0,0,0,0,0,0,0,-182000,0,0,0,0,182000,-182000,-182000
062480,茂林國票9B購01  ,0,0,0,0,0,0,0,0,0,-182000,0,0,0,0,182000,-182000,-182000
056496,康控國泰99購01  ,0,0,0,0,0,0,0,0,0,-183000,0,0,0,0,183000,-183000,-183000
056150,台光電凱基98購02,0,0,0,0,0,0,0,0,0,-183000,0,0,0,32000,215000,-183000,-183000
056469,國巨元大99購01  ,0,0,0,0,0,0,0,0,0,-184000,0,0,0,96000,280000,-184000,-184000
057405,麗豐群益98購01  ,0,0,0,0,0,0,0,0,0,-184000,0,0,0,77000,261000,-184000,-184000
061716,瑞儀凱基9B購01  ,0,0,0,0,0,0,0,0,0,-184000,0,0,0,197000,381000,-184000,-184000
060665,康控凱基9A購01  ,0,0,0,0,0,0,0,0,0,-184000,0,0,0,60000,244000,-184000,-184000
061607,台表科凱基9B購02,0,0,0,0,0,0,0,0,0,-184000,0,0,0,48000,232000,-184000,-184000
065092,健鼎元大9C購02  ,0,0,0,0,0,0,0,0,0,-185000,0,0,0,24000,209000,-185000,-185000
061106,群創元大9B購09  ,0,0,0,0,0,0,0,0,0,-185000,0,0,0,2000,187000,-185000,-185000
061271,聯茂凱基9A購04  ,0,0,0,0,0,0,0,0,0,-185000,0,0,0,0,185000,-185000,-185000
059949,啟碁永豐99購01  ,0,0,0,0,0,0,0,0,0,-185000,0,0,0,99000,284000,-185000,-185000
062269,葡萄王群益9B購01,0,0,0,0,0,0,0,0,0,-185000,0,0,0,102000,287000,-185000,-185000
064674,鈺齊元大9C購01  ,0,0,0,0,0,0,0,0,0,-185000,0,0,0,14000,199000,-185000,-185000
2939,凱羿-KY         ,35000,221000,-186000,0,0,0,0,0,0,0,0,0,0,0,0,0,-186000
058048,群創元大9B購07  ,0,0,0,0,0,0,0,0,0,-186000,0,0,0,2000,188000,-186000,-186000
063645,瑞儀元大9B購02  ,0,0,0,0,0,0,0,0,0,-186000,0,0,0,50000,236000,-186000,-186000
08236P,國巨富邦03售01  ,0,0,0,0,0,0,0,0,0,-187000,0,0,0,3000,190000,-187000,-187000
054301,楠梓電凱基98購01,0,0,0,0,0,0,0,0,0,-187000,0,0,0,0,187000,-187000,-187000
063586,燿華永豐9B購02  ,0,0,0,0,0,0,0,0,0,-187000,0,0,0,68000,255000,-187000,-187000
064644,台光電凱基9C購01,0,0,0,0,0,0,0,0,0,-187000,0,0,0,47000,234000,-187000,-187000
064186,燿華永豐9C購01  ,0,0,0,0,0,0,0,0,0,-187000,0,0,0,138000,325000,-187000,-187000
3016,嘉晶            ,563000,759000,-196000,0,0,0,0,1000,-1000,9000,1000,1000,0,64000,55000,9000,-188000
3038,全台            ,513000,498000,15000,0,0,0,0,0,0,-203000,72000,275000,-203000,0,0,0,-188000
064993,嘉澤兆豐9C購01  ,0,0,0,0,0,0,0,0,0,-188000,0,0,0,85000,273000,-188000,-188000
046942,友達元大99購01  ,0,0,0,0,0,0,0,0,0,-188000,0,0,0,134000,322000,-188000,-188000
055429,華新科群益99購01,0,0,0,0,0,0,0,0,0,-188000,0,0,0,0,188000,-188000,-188000
058075,貿聯凱基99購02  ,0,0,0,0,0,0,0,0,0,-188000,0,0,0,22000,210000,-188000,-188000
056411,緯穎國票99購01  ,0,0,0,0,0,0,0,0,0,-189000,0,0,0,25000,214000,-189000,-189000
064153,中壽統一9C購01  ,0,0,0,0,0,0,0,0,0,-189000,0,0,0,14000,203000,-189000,-189000
062854,日電貿永豐9B購01,0,0,0,0,0,0,0,0,0,-189000,0,0,0,0,189000,-189000,-189000
063064,台表科元富9B購01,0,0,0,0,0,0,0,0,0,-189000,0,0,0,129000,318000,-189000,-189000
056809,旺宏統一98購03  ,0,0,0,0,0,0,0,0,0,-190000,0,0,0,0,190000,-190000,-190000
063246,嘉晶元大9C購01  ,0,0,0,0,0,0,0,0,0,-190000,0,0,0,20000,210000,-190000,-190000
062395,台表科富邦9C購01,0,0,0,0,0,0,0,0,0,-190000,0,0,0,122000,312000,-190000,-190000
1723,中碳            ,60000,255000,-195000,0,0,0,0,0,0,4000,4000,0,4000,0,0,0,-191000
061085,聯茂兆豐9A購01  ,0,0,0,0,0,0,0,0,0,-191000,0,0,0,12000,203000,-191000,-191000
057579,長榮航中信9A購01,0,0,0,0,0,0,0,0,0,-191000,0,0,0,0,191000,-191000,-191000
03446B,臺股指元大9B熊26,0,0,0,0,0,0,0,0,0,-191000,0,0,0,109000,300000,-191000,-191000
064555,力山群益01購01  ,0,0,0,0,0,0,0,0,0,-191000,0,0,0,8000,199000,-191000,-191000
064927,瀚宇博統一02購01,0,0,0,0,0,0,0,0,0,-192000,0,0,0,11000,203000,-192000,-192000
055256,日電貿統一99購01,0,0,0,0,0,0,0,0,0,-192000,0,0,0,173000,365000,-192000,-192000
056571,燿華元大98購02  ,0,0,0,0,0,0,0,0,0,-192000,0,0,0,626000,818000,-192000,-192000
060435,鈺齊永豐9A購01  ,0,0,0,0,0,0,0,0,0,-192000,0,0,0,74000,266000,-192000,-192000
058766,力山兆豐99購01  ,0,0,0,0,0,0,0,0,0,-192000,0,0,0,0,192000,-192000,-192000
062655,漢唐永豐9B購01  ,0,0,0,0,0,0,0,0,0,-192000,0,0,0,1000,193000,-192000,-192000
064882,同欣電兆豐9C購01,0,0,0,0,0,0,0,0,0,-193000,0,0,0,130000,323000,-193000,-193000
054468,台郡凱基98購01  ,0,0,0,0,0,0,0,0,0,-193000,0,0,0,5000,198000,-193000,-193000
059253,康控凱基9B購02  ,0,0,0,0,0,0,0,0,0,-193000,0,0,0,40000,233000,-193000,-193000
062098,億光永豐9B購01  ,0,0,0,0,0,0,0,0,0,-193000,0,0,0,187000,380000,-193000,-193000
063292,致新元大9B購02  ,0,0,0,0,0,0,0,0,0,-193000,0,0,0,0,193000,-193000,-193000
064835,嘉晶統一02購01  ,0,0,0,0,0,0,0,0,0,-194000,0,0,0,24000,218000,-194000,-194000
6456,GIS-KY          ,1940000,2389000,-449000,0,0,0,132000,336000,-204000,459000,105000,40000,65000,420000,26000,394000,-194000
062904,台光電元大9B購06,0,0,0,0,0,0,0,0,0,-194000,0,0,0,23000,217000,-194000,-194000
4106,雃博            ,541000,729000,-188000,0,0,0,0,0,0,-7000,0,7000,-7000,0,0,0,-195000
2537,聯上發          ,64000,259000,-195000,0,0,0,0,0,0,0,0,0,0,0,0,0,-195000
055842,建準元大98購01  ,0,0,0,0,0,0,0,0,0,-195000,0,0,0,21000,216000,-195000,-195000
057840,健策富邦99購01  ,0,0,0,0,0,0,0,0,0,-195000,0,0,0,29000,224000,-195000,-195000
060297,和碩元大9A購02  ,0,0,0,0,0,0,0,0,0,-195000,0,0,0,24000,219000,-195000,-195000
063859,國巨國泰01購03  ,0,0,0,0,0,0,0,0,0,-195000,0,0,0,112000,307000,-195000,-195000
07174P,臺股指國票99售11,0,0,0,0,0,0,0,0,0,-196000,0,0,0,413000,609000,-196000,-196000
064786,GIS群益9C購04   ,0,0,0,0,0,0,0,0,0,-196000,0,0,0,89000,285000,-196000,-196000
064217,GIS凱基02購02   ,0,0,0,0,0,0,0,0,0,-196000,0,0,0,20000,216000,-196000,-196000
063354,茂林元富9B購02  ,0,0,0,0,0,0,0,0,0,-196000,0,0,0,8000,204000,-196000,-196000
057307,瀚宇博兆豐99購01,0,0,0,0,0,0,0,0,0,-197000,0,0,0,20000,217000,-197000,-197000
060715,日電貿永豐9A購01,0,0,0,0,0,0,0,0,0,-197000,0,0,0,0,197000,-197000,-197000
064325,亞德客元大9C購01,0,0,0,0,0,0,0,0,0,-197000,0,0,0,210000,407000,-197000,-197000
063563,國巨元大9C購07  ,0,0,0,0,0,0,0,0,0,-198000,0,0,0,4000,202000,-198000,-198000
063643,臻鼎元大9B購03  ,0,0,0,0,0,0,0,0,0,-198000,0,0,0,103000,301000,-198000,-198000
063285,華擎元大9B購03  ,0,0,0,0,0,0,0,0,0,-198000,0,0,0,0,198000,-198000,-198000
063173,矽格中信9B購01  ,0,0,0,0,0,0,0,0,0,-198000,0,0,0,0,198000,-198000,-198000
062316,康控凱基9B購03  ,0,0,0,0,0,0,0,0,0,-198000,0,0,0,4000,202000,-198000,-198000
07258P,台灣50台新9A售01,0,0,0,0,0,0,0,0,0,-199000,0,0,0,0,199000,-199000,-199000
062658,聯茂第一9B購01  ,0,0,0,0,0,0,0,0,0,-199000,0,0,0,0,199000,-199000,-199000
063673,GIS統一9C購02   ,0,0,0,0,0,0,0,0,0,-199000,0,0,0,31000,230000,-199000,-199000
064593,鈺齊永豐9C購01  ,0,0,0,0,0,0,0,0,0,-199000,0,0,0,45000,244000,-199000,-199000
07668P,旺宏元大9A售10  ,0,0,0,0,0,0,0,0,0,-200000,0,0,0,0,200000,-200000,-200000
07817P,同欣電群益9A售02,0,0,0,0,0,0,0,0,0,-200000,0,0,0,0,200000,-200000,-200000
064923,牧德統一02購01  ,0,0,0,0,0,0,0,0,0,-200000,0,0,0,0,200000,-200000,-200000
064978,群創元大9C購07  ,0,0,0,0,0,0,0,0,0,-200000,0,0,0,2000,202000,-200000,-200000
058687,聯茂凱基9A購01  ,0,0,0,0,0,0,0,0,0,-200000,0,0,0,5000,205000,-200000,-200000
056805,元石油統一9B購01,0,0,0,0,0,0,0,0,0,-200000,0,0,0,0,200000,-200000,-200000
055218,彩晶凱基99購01  ,0,0,0,0,0,0,0,0,0,-200000,0,0,0,0,200000,-200000,-200000
051979,群創凱基97購01  ,0,0,0,0,0,0,0,0,0,-200000,0,0,0,0,200000,-200000,-200000
060468,聯鈞元大9A購02  ,0,0,0,0,0,0,0,0,0,-200000,0,0,0,124000,324000,-200000,-200000
058182,日電貿國泰9A購01,0,0,0,0,0,0,0,0,0,-200000,0,0,0,0,200000,-200000,-200000
058774,台郡兆豐9A購01  ,0,0,0,0,0,0,0,0,0,-200000,0,0,0,0,200000,-200000,-200000
061228,聯茂中信9A購01  ,0,0,0,0,0,0,0,0,0,-200000,0,0,0,0,200000,-200000,-200000
8926,台汽電          ,254000,120000,134000,0,0,0,0,332000,-332000,-3000,30000,20000,10000,0,13000,-13000,-201000
061969,大立光統一01購02,0,0,0,0,0,0,0,0,0,-201000,0,0,0,5000,206000,-201000,-201000
07612P,國巨國泰9B售06  ,0,0,0,0,0,0,0,0,0,-202000,0,0,0,0,202000,-202000,-202000
056189,樺漢統一97購02  ,0,0,0,0,0,0,0,0,0,-202000,0,0,0,90000,292000,-202000,-202000
063801,GIS凱基01購01   ,0,0,0,0,0,0,0,0,0,-202000,0,0,0,87000,289000,-202000,-202000
064957,台表科凱基02購02,0,0,0,0,0,0,0,0,0,-203000,0,0,0,0,203000,-203000,-203000
056991,牧德兆豐98購01  ,0,0,0,0,0,0,0,0,0,-203000,0,0,0,200000,403000,-203000,-203000
061856,台郡國票9B購02  ,0,0,0,0,0,0,0,0,0,-203000,0,0,0,0,203000,-203000,-203000
060721,瑞儀永豐9A購01  ,0,0,0,0,0,0,0,0,0,-203000,0,0,0,85000,288000,-203000,-203000
059683,康控富邦9C購01  ,0,0,0,0,0,0,0,0,0,-203000,0,0,0,0,203000,-203000,-203000
063690,健鼎永豐9B購01  ,0,0,0,0,0,0,0,0,0,-203000,0,0,0,787000,990000,-203000,-203000
2328,廣宇            ,290000,497000,-207000,0,0,0,3000,0,3000,0,0,0,0,0,0,0,-204000
063940,國巨元大01購02  ,0,0,0,0,0,0,0,0,0,-204000,0,0,0,150000,354000,-204000,-204000
064305,健鼎兆豐9C購02  ,0,0,0,0,0,0,0,0,0,-204000,0,0,0,33000,237000,-204000,-204000
057118,欣興日盛9A購01  ,0,0,0,0,0,0,0,0,0,-205000,0,0,0,53000,258000,-205000,-205000
063752,瑞祺國票9C購01  ,0,0,0,0,0,0,0,0,0,-205000,0,0,0,11000,216000,-205000,-205000
057087,台郡統一99購01  ,0,0,0,0,0,0,0,0,0,-206000,0,0,0,0,206000,-206000,-206000
057244,鈺齊凱基99購01  ,0,0,0,0,0,0,0,0,0,-206000,0,0,0,0,206000,-206000,-206000
00651R,FH香港反1       ,0,8000,-8000,0,0,0,0,0,0,-198000,0,150000,-150000,279000,327000,-48000,-206000
060470,台勝科元大9A購03,0,0,0,0,0,0,0,0,0,-206000,0,0,0,20000,226000,-206000,-206000
052734,台表科國泰98購02,0,0,0,0,0,0,0,0,0,-207000,0,0,0,20000,227000,-207000,-207000
9944,新麗            ,209000,416000,-207000,0,0,0,0,0,0,0,0,0,0,0,0,0,-207000
064958,GIS凱基02購03   ,0,0,0,0,0,0,0,0,0,-208000,0,0,0,0,208000,-208000,-208000
07170P,臺股指國票99售07,0,0,0,0,0,0,0,0,0,-208000,0,0,0,582000,790000,-208000,-208000
055653,聯詠元富01購02  ,0,0,0,0,0,0,0,0,0,-208000,0,0,0,165000,373000,-208000,-208000
061055,康控群益9A購01  ,0,0,0,0,0,0,0,0,0,-208000,0,0,0,98000,306000,-208000,-208000
064215,康控凱基02購01  ,0,0,0,0,0,0,0,0,0,-208000,0,0,0,10000,218000,-208000,-208000
2929,淘帝-KY         ,171000,379419,-208419,0,0,0,0,0,0,0,0,0,0,0,0,0,-208419
046629,群創統一98購01  ,0,0,0,0,0,0,0,0,0,-209000,0,0,0,20000,229000,-209000,-209000
064204,瑞儀兆豐01購01  ,0,0,0,0,0,0,0,0,0,-210000,0,0,0,463000,673000,-210000,-210000
064815,台表科元大01購01,0,0,0,0,0,0,0,0,0,-211000,0,0,0,51000,262000,-211000,-211000
060695,同欣電麥證9A購01,0,0,0,232000,443000,-211000,0,0,0,-211000,0,0,0,232000,443000,-211000,-211000
058098,T50反1國泰9A購02,0,0,0,0,0,0,0,0,0,-211000,0,0,0,0,211000,-211000,-211000
058822,樺漢國泰9B購01  ,0,0,0,0,0,0,0,0,0,-211000,0,0,0,1000,212000,-211000,-211000
064605,GIS元富9C購01   ,0,0,0,0,0,0,0,0,0,-211000,0,0,0,20000,231000,-211000,-211000
063817,GIS群益9C購01   ,0,0,0,0,0,0,0,0,0,-211000,0,0,0,405000,616000,-211000,-211000
052764,景碩群益98購01  ,0,0,0,0,0,0,0,0,0,-212000,0,0,0,35000,247000,-212000,-212000
053644,台表科國票97購03,0,0,0,0,0,0,0,0,0,-212000,0,0,0,80000,292000,-212000,-212000
056422,全新統一98購02  ,0,0,0,0,0,0,0,0,0,-212000,0,0,0,0,212000,-212000,-212000
064118,喬山元大01購01  ,0,0,0,0,0,0,0,0,0,-212000,0,0,0,4000,216000,-212000,-212000
062730,致伸凱基9B購01  ,0,0,0,0,0,0,0,0,0,-212000,0,0,0,45000,257000,-212000,-212000
065099,聯茂元大9C購03  ,0,0,0,0,0,0,0,0,0,-214000,0,0,0,0,214000,-214000,-214000
1108,幸福            ,49000,264000,-215000,0,0,0,0,0,0,1000,1000,0,1000,0,0,0,-214000
058674,宏達電群益99購01,0,0,0,0,0,0,0,0,0,-215000,0,0,0,2000,217000,-215000,-215000
058108,台郡台新99購01  ,0,0,0,0,0,0,0,0,0,-215000,0,0,0,0,215000,-215000,-215000
065100,聯茂元大9C購04  ,0,0,0,0,0,0,0,0,0,-216000,0,0,0,0,216000,-216000,-216000
057848,台表科永豐98購02,0,0,0,0,0,0,0,0,0,-216000,0,0,0,0,216000,-216000,-216000
064920,景碩統一01購02  ,0,0,0,0,0,0,0,0,0,-217000,0,0,0,0,217000,-217000,-217000
062594,祥碩統一01購02  ,0,0,0,0,0,0,0,0,0,-217000,0,0,0,45000,262000,-217000,-217000
063805,技嘉兆豐9C購01  ,0,0,0,0,0,0,0,0,0,-217000,0,0,0,12000,229000,-217000,-217000
064754,漢唐凱基02購01  ,0,0,0,0,0,0,0,0,0,-217000,0,0,0,0,217000,-217000,-217000
064370,聯茂統一02購01  ,0,0,0,0,0,0,0,0,0,-217000,0,0,0,10000,227000,-217000,-217000
056664,上証反中信9B購01,0,0,0,0,0,0,0,0,0,-218000,0,0,0,0,218000,-218000,-218000
062954,世芯永豐9B購03  ,0,0,0,0,0,0,0,0,0,-218000,0,0,0,128000,346000,-218000,-218000
057671,群創元大9B購06  ,0,0,0,0,0,0,0,0,0,-219000,0,0,0,2000,221000,-219000,-219000
063972,緯創國票9C購01  ,20000,25000,-5000,0,0,0,0,0,0,-214000,0,0,0,49000,263000,-214000,-219000
065075,葡萄王元大01購01,0,0,0,0,0,0,0,0,0,-220000,0,0,0,160000,380000,-220000,-220000
07123P,鴻海元大99售23  ,0,0,0,0,0,0,0,0,0,-220000,0,0,0,0,220000,-220000,-220000
2031,新光鋼          ,23000,250000,-227000,0,0,0,0,0,0,7000,7000,0,7000,0,0,0,-220000
056645,大立光凱基98購12,0,0,0,0,0,0,0,0,0,-220000,0,0,0,10000,230000,-220000,-220000
053652,友達凱基98購04  ,0,0,0,0,0,0,0,0,0,-220000,0,0,0,0,220000,-220000,-220000
055809,T50反1國票98購02,0,0,0,0,0,0,0,0,0,-220000,0,0,0,70000,290000,-220000,-220000
05631P,國巨富邦9A售01  ,0,0,0,0,0,0,0,0,0,-220000,0,0,0,0,220000,-220000,-220000
062341,台表科麥證9C購01,0,0,0,19000,239000,-220000,0,0,0,-220000,0,0,0,19000,239000,-220000,-220000
060467,神基元大9A購01  ,0,0,0,0,0,0,0,0,0,-221000,0,0,0,100000,321000,-221000,-221000
063575,矽格元大9B購02  ,0,0,0,0,0,0,0,0,0,-221000,0,0,0,30000,251000,-221000,-221000
057977,台光電永豐98購02,0,0,0,0,0,0,0,0,0,-222000,0,0,0,6000,228000,-222000,-222000
062189,康控元大9B購02  ,0,0,0,0,0,0,0,0,0,-222000,0,0,0,34000,256000,-222000,-222000
061679,健策元大9B購04  ,0,0,0,0,0,0,0,0,0,-223000,0,0,0,103000,326000,-223000,-223000
058614,台郡元大9A購01  ,0,0,0,0,0,0,0,0,0,-223000,0,0,0,105000,328000,-223000,-223000
064266,聯茂永豐9C購01  ,0,0,0,0,0,0,0,0,0,-223000,0,0,0,10000,233000,-223000,-223000
07218P,臺股指凱基99售31,0,0,0,0,0,0,0,0,0,-224000,0,0,0,30000,254000,-224000,-224000
061696,南茂群益9A購01  ,0,0,0,0,0,0,0,0,0,-224000,0,0,0,159000,383000,-224000,-224000
07164P,臺股指群益99售15,0,0,0,0,0,0,0,0,0,-225000,0,0,0,45000,270000,-225000,-225000
052344,台表科凱基98購01,0,0,0,0,0,0,0,0,0,-225000,0,0,0,35000,260000,-225000,-225000
00634R,富邦上証反1     ,0,158000,-158000,0,0,0,0,0,0,-67000,0,0,0,10000,77000,-67000,-225000
059295,大立光元富99購05,0,0,0,0,0,0,0,0,0,-225000,0,0,0,51000,276000,-225000,-225000
062350,台表科群益9B購01,0,0,0,0,0,0,0,0,0,-225000,0,0,0,205000,430000,-225000,-225000
063121,友達元大9C購09  ,0,0,0,0,0,0,0,0,0,-226000,0,0,0,0,226000,-226000,-226000
063850,玉晶光元大9C購07,0,0,0,0,0,0,0,0,0,-227000,0,0,0,55000,282000,-227000,-227000
063944,建準元大9C購01  ,0,0,0,0,0,0,0,0,0,-228000,0,0,0,154000,382000,-228000,-228000
2615,萬海            ,153000,381000,-228000,0,0,0,0,0,0,-1000,0,1000,-1000,0,0,0,-229000
056320,京鼎群益99購01  ,0,0,0,0,0,0,0,0,0,-229000,0,0,0,189000,418000,-229000,-229000
059039,致伸群益99購01  ,0,0,0,0,0,0,0,0,0,-229000,0,0,0,29000,258000,-229000,-229000
057860,金寶凱基98購01  ,0,0,0,0,0,0,0,0,0,-230000,0,0,0,0,230000,-230000,-230000
063179,群創兆豐9B購01  ,0,0,0,0,0,0,0,0,0,-230000,0,0,0,0,230000,-230000,-230000
062682,全新統一9B購01  ,0,0,0,0,0,0,0,0,0,-230000,0,0,0,118000,348000,-230000,-230000
062798,台光電統一9B購01,0,0,0,0,0,0,0,0,0,-230000,0,0,0,139000,369000,-230000,-230000
062097,台光電永豐9B購01,0,0,0,0,0,0,0,0,0,-231000,0,0,0,62000,293000,-231000,-231000
059282,嘉聯益永豐99購01,0,0,0,0,0,0,0,0,0,-231000,0,0,0,50000,281000,-231000,-231000
064658,喬山元大9C購01  ,0,0,0,0,0,0,0,0,0,-231000,0,0,0,0,231000,-231000,-231000
2379,瑞昱            ,750648,1081000,-330352,0,0,0,142000,0,142000,-43000,86000,18000,68000,17000,128000,-111000,-231352
065119,大立光富邦03購03,0,0,0,0,0,0,0,0,0,-232000,0,0,0,221000,453000,-232000,-232000
056787,健鼎群益98購01  ,0,0,0,0,0,0,0,0,0,-232000,0,0,0,0,232000,-232000,-232000
057508,康控國票99購03  ,0,0,0,0,0,0,0,0,0,-232000,0,0,0,1000,233000,-232000,-232000
061536,華擎統一9C購02  ,0,0,0,0,0,0,0,0,0,-232000,0,0,0,1000,233000,-232000,-232000
059052,為升凱基99購01  ,0,0,0,0,0,0,0,0,0,-232000,0,0,0,0,232000,-232000,-232000
063593,GIS永豐9B購01   ,0,0,0,0,0,0,0,0,0,-232000,0,0,0,2000,234000,-232000,-232000
2886,兆豐金          ,6649122,5935200,713922,0,0,0,634000,1537000,-903000,-43000,200000,0,200000,0,243000,-243000,-232078
6285,啟碁            ,570000,441000,129000,0,0,0,0,379000,-379000,17000,14000,0,14000,6000,3000,3000,-233000
056828,國巨富邦9A購03  ,0,0,0,0,0,0,0,0,0,-233000,0,0,0,50000,283000,-233000,-233000
056463,台虹凱基98購02  ,0,0,0,0,0,0,0,0,0,-233000,0,0,0,33000,266000,-233000,-233000
055536,嘉聯益群益99購02,0,0,0,0,0,0,0,0,0,-233000,0,0,0,85000,318000,-233000,-233000
064442,嘉聯益凱基9C購01,0,0,0,0,0,0,0,0,0,-233000,0,0,0,137000,370000,-233000,-233000
063191,台表科凱基9B購03,0,0,0,0,0,0,0,0,0,-233000,0,0,0,1000,234000,-233000,-233000
1467,南緯            ,1000,236000,-235000,0,0,0,0,0,0,1000,1000,0,1000,0,0,0,-234000
057969,緯穎國泰99購01  ,0,0,0,0,0,0,0,0,0,-234000,0,0,0,1000,235000,-234000,-234000
058952,南茂群益99購01  ,0,0,0,0,0,0,0,0,0,-234000,0,0,0,115000,349000,-234000,-234000
063198,仁寶統一01購02  ,0,0,0,0,0,0,0,0,0,-234000,0,0,0,492000,726000,-234000,-234000
063227,祥碩群益9B購06  ,0,0,0,0,0,0,0,0,0,-235000,0,0,0,133000,368000,-235000,-235000
064671,聯茂元大9C購02  ,0,0,0,0,0,0,0,0,0,-235000,0,0,0,10000,245000,-235000,-235000
2426,鼎元            ,340000,580000,-240000,0,0,0,4000,0,4000,0,0,0,0,0,0,0,-236000
057190,立積元大9A購02  ,0,0,0,0,0,0,0,0,0,-236000,0,0,0,12000,248000,-236000,-236000
061660,禾伸堂永豐9A購01,0,0,0,0,0,0,0,0,0,-236000,0,0,0,0,236000,-236000,-236000
061866,力山元大9C購01  ,0,0,0,0,0,0,0,0,0,-236000,0,0,0,6000,242000,-236000,-236000
062117,燿華中信9B購01  ,0,0,0,0,0,0,0,0,0,-236000,0,0,0,79000,315000,-236000,-236000
063667,全新統一01購02  ,0,0,0,0,0,0,0,0,0,-236000,0,0,0,124000,360000,-236000,-236000
064099,億光群益9C購01  ,0,0,0,0,0,0,0,0,0,-236000,0,0,0,76000,312000,-236000,-236000
062167,燿華永豐9B購01  ,0,0,0,0,0,0,0,0,0,-236000,0,0,0,0,236000,-236000,-236000
2723,美食-KY         ,41000,267000,-226000,0,0,0,0,0,0,-11000,0,0,0,2000,13000,-11000,-237000
064506,康控元大9C購02  ,0,0,0,0,0,0,0,0,0,-237000,0,0,0,10000,247000,-237000,-237000
064158,健鼎統一02購01  ,0,0,0,0,0,0,0,0,0,-238000,0,0,0,108000,346000,-238000,-238000
063409,GIS國票9C購02   ,0,0,0,0,0,0,0,0,0,-238000,0,0,0,14000,252000,-238000,-238000
063175,燿華兆豐9C購01  ,0,0,0,0,0,0,0,0,0,-238000,0,0,0,56000,294000,-238000,-238000
062976,嘉澤元富9B購01  ,0,0,0,0,0,0,0,0,0,-238000,0,0,0,5000,243000,-238000,-238000
08394P,大立光群益9C售05,0,0,0,0,0,0,0,0,0,-239000,0,0,0,25000,264000,-239000,-239000
056791,嘉聯益群益98購01,0,0,0,0,0,0,0,0,0,-239000,0,0,0,330000,569000,-239000,-239000
064265,嘉聯益永豐9C購02,0,0,0,0,0,0,0,0,0,-239000,0,0,0,61000,300000,-239000,-239000
058111,健鼎元富98購01  ,0,0,0,0,0,0,0,0,0,-240000,0,0,0,0,240000,-240000,-240000
00635U,元大S&P黃金     ,0,0,0,0,0,0,0,0,0,-241000,0,0,0,147000,388000,-241000,-241000
063433,臻鼎元富9B購01  ,0,0,0,0,0,0,0,0,0,-241000,0,0,0,115000,356000,-241000,-241000
053743,康控國票97購02  ,0,0,0,0,0,0,0,0,0,-242000,0,0,0,0,242000,-242000,-242000
064647,致伸凱基9C購01  ,0,0,0,0,0,0,0,0,0,-242000,0,0,0,0,242000,-242000,-242000
057601,中磊群益98購01  ,0,0,0,0,0,0,0,0,0,-243000,0,0,0,83000,326000,-243000,-243000
057603,樺漢群益98購02  ,0,0,0,0,0,0,0,0,0,-245000,0,0,0,0,245000,-245000,-245000
056582,易華電元大98購01,0,0,0,0,0,0,0,0,0,-245000,0,0,0,0,245000,-245000,-245000
056138,群創元大9B購01  ,0,0,0,0,0,0,0,0,0,-245000,0,0,0,139000,384000,-245000,-245000
059140,大立光兆豐9A購02,0,0,0,0,0,0,0,0,0,-245000,0,0,0,0,245000,-245000,-245000
061308,元金2X中信9A購01,0,0,0,0,0,0,0,0,0,-245000,0,0,0,0,245000,-245000,-245000
064645,義隆凱基03購01  ,0,0,0,0,0,0,0,0,0,-245000,0,0,0,223000,468000,-245000,-245000
064569,群創群益9C購01  ,0,0,0,0,0,0,0,0,0,-245000,0,0,0,121000,366000,-245000,-245000
065080,燿華元大01購01  ,0,0,0,0,0,0,0,0,0,-246000,0,0,0,1000,247000,-246000,-246000
056702,欣興國泰9A購01  ,0,0,0,0,0,0,0,0,0,-246000,0,0,0,8000,254000,-246000,-246000
063713,麗豐凱基9B購01  ,0,0,0,0,0,0,0,0,0,-246000,0,0,0,121000,367000,-246000,-246000
2812,台中銀          ,357000,604000,-247000,0,0,0,0,0,0,0,0,0,0,0,0,0,-247000
058600,國巨元大99購15  ,0,0,0,0,0,0,0,0,0,-247000,0,0,0,116000,363000,-247000,-247000
061327,台郡凱基9A購02  ,0,0,0,0,0,0,0,0,0,-248000,0,0,0,0,248000,-248000,-248000
064352,嘉聯益元大9C購01,0,0,0,0,0,0,0,0,0,-248000,0,0,0,396000,644000,-248000,-248000
063341,燿華統一9C購01  ,0,0,0,0,0,0,0,0,0,-248000,0,0,0,92000,340000,-248000,-248000
064816,訊芯元大9C購01  ,0,0,0,0,0,0,0,0,0,-249000,0,0,0,45000,294000,-249000,-249000
064886,燿華中信01購01  ,0,0,0,0,0,0,0,0,0,-249000,0,0,0,0,249000,-249000,-249000
061673,仁寶元大9B購01  ,0,0,0,0,0,0,0,0,0,-249000,0,0,0,178000,427000,-249000,-249000
063841,國巨元大01購01  ,0,0,0,0,0,0,0,0,0,-249000,0,0,0,203000,452000,-249000,-249000
060717,康控永豐9A購01  ,0,0,0,0,0,0,0,0,0,-250000,0,0,0,10000,260000,-250000,-250000
060421,華擎永豐9A購01  ,0,0,0,0,0,0,0,0,0,-250000,0,0,0,0,250000,-250000,-250000
061547,禾伸堂群益9A購01,0,0,0,0,0,0,0,0,0,-250000,0,0,0,138000,388000,-250000,-250000
058293,光寶科凱基9A購01,0,0,0,0,0,0,0,0,0,-250000,0,0,0,179000,429000,-250000,-250000
063278,國巨元大9C購04  ,0,0,0,0,0,0,0,0,0,-250000,0,0,0,11000,261000,-250000,-250000
5607,遠雄港          ,18000,269000,-251000,0,0,0,0,0,0,0,0,0,0,0,0,0,-251000
046383,群創凱基98購01  ,0,0,0,0,0,0,0,0,0,-251000,0,0,0,30000,281000,-251000,-251000
064210,台光電凱基03購01,0,0,0,0,0,0,0,0,0,-251000,0,0,0,84000,335000,-251000,-251000
064906,台表科群益9C購02,0,0,0,0,0,0,0,0,0,-252000,0,0,0,4000,256000,-252000,-252000
060713,聯詠永豐9A購01  ,0,0,0,0,0,0,0,0,0,-252000,0,0,0,15000,267000,-252000,-252000
2484,希華            ,63000,316000,-253000,0,0,0,0,0,0,0,0,0,0,0,0,0,-253000
059938,凱美永豐99購01  ,0,0,0,0,0,0,0,0,0,-254000,0,0,0,0,254000,-254000,-254000
00650L,FH香港正2       ,37000,47000,-10000,0,0,0,0,0,0,-245000,0,0,0,291000,536000,-245000,-255000
059277,群創元大99購05  ,0,0,0,0,0,0,0,0,0,-255000,0,0,0,89000,344000,-255000,-255000
063392,聯電群益9B購02  ,0,0,0,0,0,0,0,0,0,-255000,0,0,0,75000,330000,-255000,-255000
064821,聯電統一02購01  ,0,0,0,0,0,0,0,0,0,-256000,0,0,0,0,256000,-256000,-256000
060475,瑞祺元大9A購01  ,0,0,0,0,0,0,0,0,0,-256000,0,0,0,75000,331000,-256000,-256000
060123,光罩永豐99購02  ,0,0,0,0,0,0,0,0,0,-257000,0,0,0,0,257000,-257000,-257000
062823,台表科兆豐9B購01,0,0,0,0,0,0,0,0,0,-257000,0,0,0,25000,282000,-257000,-257000
062406,臻鼎永豐9B購01  ,0,0,0,0,0,0,0,0,0,-258000,0,0,0,0,258000,-258000,-258000
07821P,臺股指國票9A售12,0,0,0,0,0,0,0,0,0,-259000,0,0,0,244000,503000,-259000,-259000
055331,國巨兆豐99購01  ,0,0,0,0,0,0,0,0,0,-259000,0,0,0,112000,371000,-259000,-259000
057390,台表科永豐98購01,0,0,0,0,0,0,0,0,0,-259000,0,0,0,1000,260000,-259000,-259000
064760,玉晶光凱基01購02,0,0,0,0,0,0,0,0,0,-259000,0,0,0,1000,260000,-259000,-259000
057269,鈺齊兆豐98購01  ,0,0,0,0,0,0,0,0,0,-260000,0,0,0,20000,280000,-260000,-260000
058809,國巨統一9B購03  ,0,0,0,0,0,0,0,0,0,-260000,0,0,0,257000,517000,-260000,-260000
07686P,祥碩凱基9A售02  ,0,0,0,0,0,0,0,0,0,-261000,0,0,0,0,261000,-261000,-261000
064986,GIS元大9C購07   ,0,0,0,0,0,0,0,0,0,-261000,0,0,0,178000,439000,-261000,-261000
056095,臻鼎元富9A購01  ,0,0,0,0,0,0,0,0,0,-261000,0,0,0,86000,347000,-261000,-261000
062122,國巨統一02購01  ,0,0,0,0,0,0,0,0,0,-261000,0,0,0,1000,262000,-261000,-261000
061367,瑞祺國票9A購01  ,0,0,0,0,0,0,0,0,0,-262000,0,0,0,22000,284000,-262000,-262000
063572,麗豐元大9B購01  ,0,0,0,0,0,0,0,0,0,-262000,0,0,0,188000,450000,-262000,-262000
057409,台虹群益98購02  ,0,0,0,0,0,0,0,0,0,-263000,0,0,0,73000,336000,-263000,-263000
054664,台表科元大97購04,0,0,0,0,0,0,0,0,0,-264000,0,0,0,0,264000,-264000,-264000
07837P,華邦電元大9A售01,0,0,0,0,0,0,0,0,0,-265000,0,0,0,29000,294000,-265000,-265000
061435,元金2X凱基9C購03,0,0,0,0,0,0,0,0,0,-265000,0,0,0,5000,270000,-265000,-265000
063268,GIS中信9B購01   ,0,0,0,0,0,0,0,0,0,-265000,0,0,0,276000,541000,-265000,-265000
064904,茂林群益9C購02  ,0,0,0,0,0,0,0,0,0,-267000,0,0,0,15000,282000,-267000,-267000
062275,燿華群益9B購01  ,0,0,0,0,0,0,0,0,0,-267000,0,0,0,222000,489000,-267000,-267000
056088,台郡統一97購02  ,0,0,0,0,0,0,0,0,0,-268000,0,0,0,30000,298000,-268000,-268000
062327,燿華統一9B購02  ,0,0,0,0,0,0,0,0,0,-268000,0,0,0,10000,278000,-268000,-268000
064026,建準元大9C購02  ,0,0,0,0,0,0,0,0,0,-268000,0,0,0,1000,269000,-268000,-268000
07740P,臺股指永豐9A售01,0,0,0,0,0,0,0,0,0,-270000,0,0,0,0,270000,-270000,-270000
064537,健鼎國票01購02  ,0,0,0,0,0,0,0,0,0,-270000,0,0,0,259000,529000,-270000,-270000
064441,嘉澤凱基9C購02  ,0,0,0,0,0,0,0,0,0,-270000,0,0,0,110000,380000,-270000,-270000
064461,致伸統一01購01  ,0,0,0,0,0,0,0,0,0,-271000,0,0,0,2000,273000,-271000,-271000
063560,力山元大9B購05  ,0,0,0,0,0,0,0,0,0,-271000,0,0,0,22000,293000,-271000,-271000
061125,億光永豐9A購01  ,0,0,0,0,0,0,0,0,0,-272000,0,0,0,66000,338000,-272000,-272000
058972,新日興永豐9A購01,0,0,0,0,0,0,0,0,0,-272000,0,0,0,417000,689000,-272000,-272000
063226,康控群益9B購03  ,0,0,0,0,0,0,0,0,0,-273000,0,0,0,268000,541000,-273000,-273000
056907,群創元大9C購04  ,0,0,0,0,0,0,0,0,0,-274000,0,0,0,2000,276000,-274000,-274000
057813,京元電元大98購03,0,0,0,0,0,0,0,0,0,-274000,0,0,0,268000,542000,-274000,-274000
063112,祥碩兆豐9B購01  ,0,0,0,0,0,0,0,0,0,-274000,0,0,0,0,274000,-274000,-274000
060763,聯鈞元大9A購03  ,0,0,0,0,0,0,0,0,0,-275000,0,0,0,75000,350000,-275000,-275000
063741,GIS元大9B購04   ,0,0,0,0,0,0,0,0,0,-275000,0,0,0,219000,494000,-275000,-275000
062345,和大群益9B購01  ,0,0,0,0,0,0,0,0,0,-276000,0,0,0,70000,346000,-276000,-276000
062747,立積永豐9B購01  ,0,0,0,0,0,0,0,0,0,-276000,0,0,0,15000,291000,-276000,-276000
058324,嘉聯益永豐9A購01,0,0,0,0,0,0,0,0,0,-277000,0,0,0,71000,348000,-277000,-277000
058210,臺股指凱基9C購04,0,0,0,0,0,0,0,0,0,-278000,0,0,0,488000,766000,-278000,-278000
058739,喬山中信99購01  ,0,0,0,0,0,0,0,0,0,-278000,0,0,0,73000,351000,-278000,-278000
064934,南電統一01購02  ,0,0,0,0,0,0,0,0,0,-279000,0,0,0,63000,342000,-279000,-279000
058692,華邦電國票9B購01,0,0,0,0,0,0,0,0,0,-279000,0,0,0,160000,439000,-279000,-279000
062537,聯電國泰9C購01  ,0,0,0,0,0,0,0,0,0,-279000,0,0,0,33000,312000,-279000,-279000
064164,祥碩統一01購05  ,0,0,0,0,0,0,0,0,0,-279000,0,0,0,618000,897000,-279000,-279000
057203,麗豐元富98購02  ,0,0,0,0,0,0,0,0,0,-280000,0,0,0,507000,787000,-280000,-280000
056327,樺漢兆豐98購01  ,0,0,0,0,0,0,0,0,0,-280000,0,0,0,0,280000,-280000,-280000
060056,大立光凱基9B購01,0,0,0,0,0,0,0,0,0,-280000,0,0,0,0,280000,-280000,-280000
059695,聯鈞永豐99購02  ,0,0,0,0,0,0,0,0,0,-280000,0,0,0,114000,394000,-280000,-280000
064283,奇鋐元大9C購02  ,0,0,0,0,0,0,0,0,0,-280000,0,0,0,10000,290000,-280000,-280000
064929,台表科統一02購03,0,0,0,0,0,0,0,0,0,-281000,0,0,0,0,281000,-281000,-281000
2430,燦坤            ,89000,370000,-281000,0,0,0,0,0,0,0,0,0,0,0,0,0,-281000
062987,祥碩中信01購01  ,0,0,0,0,0,0,0,0,0,-281000,0,0,0,11000,292000,-281000,-281000
1457,宜進            ,92000,374000,-282000,0,0,0,0,0,0,0,0,0,0,0,0,0,-282000
057764,台表科凱基9A購01,0,0,0,0,0,0,0,0,0,-282000,0,0,0,0,282000,-282000,-282000
064371,矽格統一9C購02  ,0,0,0,0,0,0,0,0,0,-282000,0,0,0,53000,335000,-282000,-282000
064563,全新群益02購01  ,0,0,0,0,0,0,0,0,0,-282000,0,0,0,0,282000,-282000,-282000
00640L,富邦日本正2     ,0,127000,-127000,0,0,0,0,0,0,-158000,0,0,0,892000,1050000,-158000,-285000
064244,GIS統一02購01   ,0,0,0,0,0,0,0,0,0,-285000,0,0,0,70000,355000,-285000,-285000
4737,華廣            ,31000,317000,-286000,0,0,0,0,0,0,0,0,0,0,0,0,0,-286000
9921,巨大            ,1047470,1249000,-201530,0,0,0,0,0,0,-85000,3000,52000,-49000,1000,37000,-36000,-286530
060474,中租元大9B購01  ,0,0,0,0,0,0,0,0,0,-287000,0,0,0,120000,407000,-287000,-287000
057704,台虹群益98購03  ,0,0,0,0,0,0,0,0,0,-288000,0,0,0,17000,305000,-288000,-288000
057570,技嘉永豐98購02  ,0,0,0,0,0,0,0,0,0,-288000,0,0,0,13000,301000,-288000,-288000
063168,台表科永豐9B購01,0,0,0,0,0,0,0,0,0,-288000,0,0,0,18000,306000,-288000,-288000
08315P,台積電元大9C售08,0,0,0,0,0,0,0,0,0,-289000,0,0,0,11000,300000,-289000,-289000
9946,三發地產        ,0,289000,-289000,0,0,0,0,0,0,0,0,0,0,0,0,0,-289000
058660,樺漢中信9A購01  ,0,0,0,0,0,0,0,0,0,-290000,0,0,0,30000,320000,-290000,-290000
054205,華新國票97購02  ,0,0,0,0,0,0,0,0,0,-290000,0,0,0,162000,452000,-290000,-290000
062835,瑞儀群益9B購01  ,0,0,0,0,0,0,0,0,0,-290000,0,0,0,174000,464000,-290000,-290000
063258,緯穎國泰9C購01  ,0,0,0,0,0,0,0,0,0,-290000,0,0,0,75000,365000,-290000,-290000
062667,立積群益9B購01  ,0,0,0,0,0,0,0,0,0,-290000,0,0,0,0,290000,-290000,-290000
064229,台表科國票01購01,0,0,0,0,0,0,0,0,0,-290000,0,0,0,80000,370000,-290000,-290000
064683,台表科兆豐9C購02,0,0,0,0,0,0,0,0,0,-290000,0,0,0,32000,322000,-290000,-290000
6112,聚碩            ,247000,517000,-270000,0,0,0,0,0,0,-21000,0,21000,-21000,0,0,0,-291000
057817,景碩元大98購01  ,0,0,0,0,0,0,0,0,0,-292000,0,0,0,114000,406000,-292000,-292000
056940,嘉聯益元富98購01,0,0,0,0,0,0,0,0,0,-293000,0,0,0,32000,325000,-293000,-293000
064814,祥碩元大9C購06  ,0,0,0,0,0,0,0,0,0,-294000,0,0,0,133000,427000,-294000,-294000
00652,富邦印度        ,3000,2000,1000,0,0,0,0,0,0,-295000,0,0,0,0,295000,-295000,-294000
057899,台積電永豐98購04,0,0,0,0,0,0,0,0,0,-294000,0,0,0,1000,295000,-294000,-294000
063361,台表科國泰01購02,0,0,0,0,0,0,0,0,0,-295000,0,0,0,19000,314000,-295000,-295000
064979,華擎元大9C購04  ,0,0,0,0,0,0,0,0,0,-296000,0,0,0,83000,379000,-296000,-296000
061469,瑞祺群益9A購02  ,0,0,0,0,0,0,0,0,0,-297000,0,0,0,125000,422000,-297000,-297000
062942,嘉澤凱基9B購02  ,0,0,0,0,0,0,0,0,0,-297000,0,0,0,20000,317000,-297000,-297000
064240,群創統一02購02  ,0,0,0,0,0,0,0,0,0,-297000,0,0,0,10000,307000,-297000,-297000
064954,奇鋐凱基9C購01  ,0,0,0,0,0,0,0,0,0,-299000,0,0,0,70000,369000,-299000,-299000
063322,台郡群益9B購02  ,0,0,0,0,0,0,0,0,0,-299000,0,0,0,181000,480000,-299000,-299000
07676P,華新科永豐9A售02,0,0,0,0,0,0,0,0,0,-300000,0,0,0,0,300000,-300000,-300000
07658P,國泰金凱基9A售01,0,0,0,0,0,0,0,0,0,-300000,0,0,0,0,300000,-300000,-300000
1711,永光            ,148000,448000,-300000,0,0,0,0,0,0,0,0,0,0,0,0,0,-300000
056292,統一元大97購01  ,0,0,0,0,0,0,0,0,0,-300000,0,0,0,10000,310000,-300000,-300000
064928,同欣電統一01購02,0,0,0,0,0,0,0,0,0,-301000,0,0,0,72000,373000,-301000,-301000
058788,喬山元大99購01  ,0,0,0,0,0,0,0,0,0,-301000,0,0,0,0,301000,-301000,-301000
063449,全新統一9B購02  ,0,0,0,0,0,0,0,0,0,-301000,0,0,0,129000,430000,-301000,-301000
061039,台表科永豐9A購03,0,0,0,0,0,0,0,0,0,-302000,0,0,0,0,302000,-302000,-302000
053095,台光電統一98購01,0,0,0,0,0,0,0,0,0,-302000,0,0,0,12000,314000,-302000,-302000
8131,福懋科          ,107000,94582,12418,0,0,0,0,315000,-315000,0,0,0,0,0,0,0,-302582
8016,矽創            ,252000,557000,-305000,0,0,0,0,0,0,2000,50000,0,50000,0,48000,-48000,-303000
060347,大立光統一02購01,0,0,0,0,0,0,0,0,0,-303000,0,0,0,10000,313000,-303000,-303000
064152,義隆統一02購02  ,0,0,0,0,0,0,0,0,0,-303000,0,0,0,1855000,2158000,-303000,-303000
056922,全新兆豐99購01  ,0,0,0,0,0,0,0,0,0,-305000,0,0,0,38000,343000,-305000,-305000
064682,嘉聯益兆豐01購01,0,0,0,0,0,0,0,0,0,-305000,0,0,0,368000,673000,-305000,-305000
064603,和碩元富9C購01  ,0,0,0,0,0,0,0,0,0,-307000,0,0,0,0,307000,-307000,-307000
063576,台表科元大9B購08,0,0,0,0,0,0,0,0,0,-307000,0,0,0,5000,312000,-307000,-307000
064925,和碩統一02購01  ,0,0,0,0,0,0,0,0,0,-308000,0,0,0,0,308000,-308000,-308000
057574,中磊永豐98購01  ,0,0,0,0,0,0,0,0,0,-309000,0,0,0,0,309000,-309000,-309000
059581,日月光元富99購02,0,0,0,0,0,0,0,0,0,-309000,0,0,0,44000,353000,-309000,-309000
06899P,嘉澤群益98售01  ,0,0,0,0,0,0,0,0,0,-310000,0,0,0,100000,410000,-310000,-310000
058772,茂林兆豐9A購01  ,0,0,0,0,0,0,0,0,0,-310000,0,0,0,0,310000,-310000,-310000
064233,燿華統一9C購02  ,0,0,0,0,0,0,0,0,0,-310000,0,0,0,332000,642000,-310000,-310000
062528,全新統一9C購01  ,0,0,0,0,0,0,0,0,0,-310000,0,0,0,0,310000,-310000,-310000
062427,嘉澤統一01購01  ,0,0,0,0,0,0,0,0,0,-311000,0,0,0,41000,352000,-311000,-311000
8996,高力            ,141000,307000,-166000,0,0,0,0,140000,-140000,-6000,0,6000,-6000,0,0,0,-312000
3036,文曄            ,216000,77000,139000,0,0,0,0,347000,-347000,-104000,0,113000,-113000,19000,10000,9000,-312000
064191,聯發科中信03購01,0,0,0,0,0,0,0,0,0,-312000,0,0,0,104000,416000,-312000,-312000
064858,鴻海富邦01購01  ,0,0,0,0,0,0,0,0,0,-313000,0,0,0,0,313000,-313000,-313000
054708,華通統一97購02  ,0,0,0,0,0,0,0,0,0,-313000,0,0,0,127000,440000,-313000,-313000
053381,友達元大9A購02  ,0,0,0,0,0,0,0,0,0,-313000,0,0,0,31000,344000,-313000,-313000
061437,燿華凱基9A購01  ,0,0,0,0,0,0,0,0,0,-313000,0,0,0,139000,452000,-313000,-313000
061749,群創統一9C購02  ,0,0,0,0,0,0,0,0,0,-313000,0,0,0,0,313000,-313000,-313000
060920,超眾富邦9B購01  ,0,0,0,0,0,0,0,0,0,-314000,0,0,0,30000,344000,-314000,-314000
2351,順德            ,148000,170000,-22000,0,0,0,0,293000,-293000,0,0,0,0,0,0,0,-315000
057578,可成中信99購01  ,0,0,0,0,0,0,0,0,0,-315000,0,0,0,50000,365000,-315000,-315000
064841,彩晶統一02購02  ,0,0,0,0,0,0,0,0,0,-316000,0,0,0,248000,564000,-316000,-316000
06803P,臺股指群益98售09,0,0,0,0,0,0,0,0,0,-317000,0,0,0,10000,327000,-317000,-317000
064290,GIS元大9C購04   ,0,0,0,0,0,0,0,0,0,-317000,0,0,0,18000,335000,-317000,-317000
063990,世芯永豐01購01  ,0,0,0,0,0,0,0,0,0,-317000,0,0,0,96000,413000,-317000,-317000
063171,光寶科中信9B購01,0,0,0,0,0,0,0,0,0,-317000,0,0,0,226000,543000,-317000,-317000
4960,誠美材          ,989000,1307000,-318000,0,0,0,0,0,0,0,0,0,0,0,0,0,-318000
056177,嘉澤元富97購01  ,0,0,0,0,0,0,0,0,0,-318000,0,0,0,0,318000,-318000,-318000
060720,嘉聯益永豐9A購02,0,0,0,0,0,0,0,0,0,-318000,0,0,0,16000,334000,-318000,-318000
062649,緯穎富邦9B購03  ,0,0,0,0,0,0,0,0,0,-319000,0,0,0,0,319000,-319000,-319000
064732,GIS統一01購03   ,0,0,0,0,0,0,0,0,0,-319000,0,0,0,0,319000,-319000,-319000
2342,茂矽            ,636500,956000,-319500,0,0,0,0,0,0,0,0,0,0,0,0,0,-319500
3059,華晶科          ,344000,562000,-218000,0,0,0,0,14000,-14000,-89000,45000,134000,-89000,0,0,0,-321000
056420,台表科元富98購01,0,0,0,0,0,0,0,0,0,-321000,0,0,0,170000,491000,-321000,-321000
063613,全新群益9C購01  ,0,0,0,0,0,0,0,0,0,-321000,0,0,0,118000,439000,-321000,-321000
054695,世芯永豐98購01  ,0,0,0,0,0,0,0,0,0,-322000,0,0,0,66000,388000,-322000,-322000
063878,國巨元富9C購01  ,0,0,0,0,0,0,0,0,0,-322000,0,0,0,259000,581000,-322000,-322000
057987,大立光元富98購02,0,0,0,0,0,0,0,0,0,-323000,0,0,0,77000,400000,-323000,-323000
061373,華通富邦9A購02  ,0,0,0,0,0,0,0,0,0,-323000,0,0,0,331000,654000,-323000,-323000
057151,易華電國票99購01,0,0,0,0,0,0,0,0,0,-324000,0,0,0,0,324000,-324000,-324000
6214,精誠            ,62000,422000,-360000,0,0,0,0,1000,-1000,36000,40000,4000,36000,0,0,0,-325000
063923,世芯元富9C購01  ,0,0,0,0,0,0,0,0,0,-325000,0,0,0,56000,381000,-325000,-325000
1303,南亞            ,3444867,3392000,52867,0,0,0,0,391000,-391000,13000,13000,0,13000,0,0,0,-325133
058646,聯茂富邦9A購01  ,0,0,0,0,0,0,0,0,0,-326000,0,0,0,0,326000,-326000,-326000
061363,儒鴻國票9B購01  ,0,0,0,0,0,0,0,0,0,-326000,0,0,0,2000,328000,-326000,-326000
064055,台郡統一02購01  ,0,0,0,0,0,0,0,0,0,-326000,0,0,0,84000,410000,-326000,-326000
07646P,世芯元大9A售04  ,0,0,0,0,0,0,0,0,0,-328000,0,0,0,217000,545000,-328000,-328000
060632,可成富邦9B購01  ,0,0,0,0,0,0,0,0,0,-328000,0,0,0,6000,334000,-328000,-328000
064463,聯茂統一01購02  ,0,0,0,0,0,0,0,0,0,-328000,0,0,0,0,328000,-328000,-328000
08055P,臺股指國票9B售20,0,0,0,0,0,0,0,0,0,-329000,0,0,0,97000,426000,-329000,-329000
057928,鈺齊凱基98購02  ,0,0,0,0,0,0,0,0,0,-329000,0,0,0,74000,403000,-329000,-329000
064626,聯茂元大9C購01  ,0,0,0,0,0,0,0,0,0,-329000,0,0,0,142000,471000,-329000,-329000
063623,祥碩兆豐9B購02  ,0,0,0,0,0,0,0,0,0,-329000,0,0,0,15000,344000,-329000,-329000
058183,國巨富邦9A購06  ,0,0,0,0,0,0,0,0,0,-330000,0,0,0,0,330000,-330000,-330000
064888,景碩中信9C購01  ,0,0,0,0,0,0,0,0,0,-331000,0,0,0,85000,416000,-331000,-331000
062532,聯詠統一9C購01  ,0,0,0,0,0,0,0,0,0,-331000,0,0,0,0,331000,-331000,-331000
058722,台郡元富99購01  ,0,0,0,0,0,0,0,0,0,-332000,0,0,0,183000,515000,-332000,-332000
061662,瑞儀永豐9A購02  ,0,0,0,0,0,0,0,0,0,-332000,0,0,0,50000,382000,-332000,-332000
062337,台表科統一01購01,0,0,0,0,0,0,0,0,0,-333000,0,0,0,218000,551000,-333000,-333000
058380,臺股指凱基99購15,0,0,0,0,0,0,0,0,0,-335000,0,0,0,227000,562000,-335000,-335000
2385,群光            ,1611509,1633701,-22192,0,0,0,0,278975,-278975,-34000,49000,0,49000,3000,86000,-83000,-335167
054771,茂林國票98購02  ,0,0,0,0,0,0,0,0,0,-336000,0,0,0,0,336000,-336000,-336000
059298,大立光元富9C購02,0,0,0,0,0,0,0,0,0,-336000,0,0,0,51000,387000,-336000,-336000
062462,GIS群益9B購01   ,0,0,0,0,0,0,0,0,0,-337000,0,0,0,117000,454000,-337000,-337000
057506,聯鈞國票99購02  ,0,0,0,0,0,0,0,0,0,-338000,0,0,0,34000,372000,-338000,-338000
060315,易華電永豐9A購01,0,0,0,0,0,0,0,0,0,-338000,0,0,0,5000,343000,-338000,-338000
2548,華固            ,205000,592000,-387000,0,0,0,0,0,0,47000,47000,0,47000,0,0,0,-340000
062060,奇鋐統一9C購01  ,0,0,0,0,0,0,0,0,0,-340000,0,0,0,25000,365000,-340000,-340000
057051,群創元大9B購03  ,0,0,0,0,0,0,0,0,0,-341000,0,0,0,2000,343000,-341000,-341000
00701,國泰股利精選30  ,0,58000,-58000,0,0,0,0,0,0,-283000,0,0,0,60000,343000,-283000,-341000
060937,T50反1國票9A購10,0,0,0,0,0,0,0,0,0,-341000,0,0,0,280000,621000,-341000,-341000
064010,GIS凱基02購01   ,0,0,0,0,0,0,0,0,0,-342000,0,0,0,42000,384000,-342000,-342000
2501,國建            ,55000,398000,-343000,0,0,0,0,0,0,0,0,0,0,0,0,0,-343000
061465,聯詠群益9A購01  ,0,0,0,0,0,0,0,0,0,-343000,0,0,0,13000,356000,-343000,-343000
058526,鈺齊元大99購02  ,0,0,0,0,0,0,0,0,0,-343000,0,0,0,229000,572000,-343000,-343000
3406,玉晶光          ,587000,1127000,-540000,0,0,0,39000,0,39000,156000,139000,8000,131000,53000,28000,25000,-345000
064976,景碩元大9C購01  ,0,0,0,0,0,0,0,0,0,-345000,0,0,0,480000,825000,-345000,-345000
00715L,街口布蘭特油正2 ,0,0,0,0,0,0,0,0,0,-345000,227000,0,227000,0,572000,-572000,-345000
057552,禾伸堂凱基98購05,0,0,0,0,0,0,0,0,0,-345000,0,0,0,0,345000,-345000,-345000
062844,T50反1國泰9C購01,0,0,0,0,0,0,0,0,0,-346000,0,0,0,219000,565000,-346000,-346000
9958,世紀鋼          ,80000,380000,-300000,0,0,0,0,0,0,-48000,10000,5000,5000,49000,102000,-53000,-348000
057041,國巨元大99購04  ,0,0,0,0,0,0,0,0,0,-350000,0,0,0,0,350000,-350000,-350000
054688,兆赫永豐97購01  ,0,0,0,0,0,0,0,0,0,-350000,0,0,0,0,350000,-350000,-350000
061212,聯鈞元大9A購04  ,0,0,0,0,0,0,0,0,0,-350000,0,0,0,147000,497000,-350000,-350000
059778,上証2X元大9C購03,0,0,0,0,0,0,0,0,0,-350000,0,0,0,0,350000,-350000,-350000
063062,群創元富9B購01  ,0,0,0,0,0,0,0,0,0,-351000,0,0,0,54000,405000,-351000,-351000
063356,台表科元富02購01,0,0,0,0,0,0,0,0,0,-351000,0,0,0,198000,549000,-351000,-351000
063054,健鼎統一01購01  ,0,0,0,0,0,0,0,0,0,-352000,0,0,0,1121000,1473000,-352000,-352000
060376,瑞祺元富9A購01  ,0,0,0,0,0,0,0,0,0,-353000,0,0,0,270000,623000,-353000,-353000
061186,牧德國泰9C購01  ,0,0,0,0,0,0,0,0,0,-353000,0,0,0,103000,456000,-353000,-353000
064469,臻鼎元富9C購01  ,0,0,0,0,0,0,0,0,0,-353000,0,0,0,86000,439000,-353000,-353000
061701,友達國票9B購02  ,0,0,0,0,0,0,0,0,0,-354000,0,0,0,6000,360000,-354000,-354000
060641,聯鈞永豐9A購01  ,0,0,0,0,0,0,0,0,0,-357000,0,0,0,0,357000,-357000,-357000
063691,聯鈞永豐9B購01  ,0,0,0,0,0,0,0,0,0,-357000,0,0,0,15000,372000,-357000,-357000
4164,承業醫          ,208000,546000,-338000,0,0,0,0,0,0,-21000,55000,76000,-21000,0,0,0,-359000
045189,大立光元富98購01,0,0,0,0,0,0,0,0,0,-359000,0,0,0,0,359000,-359000,-359000
064070,祥碩永豐9C購01  ,0,0,0,0,0,0,0,0,0,-359000,0,0,0,30000,389000,-359000,-359000
063229,台表科群益9B購04,0,0,0,0,0,0,0,0,0,-359000,0,0,0,17000,376000,-359000,-359000
059351,台虹凱基99購01  ,0,0,0,0,0,0,0,0,0,-360000,0,0,0,11000,371000,-360000,-360000
058477,億光凱基9A購01  ,0,0,0,0,0,0,0,0,0,-362000,0,0,0,77000,439000,-362000,-362000
03445B,臺股指元大02熊01,5000,0,5000,0,0,0,0,0,0,-368000,0,0,0,443000,811000,-368000,-363000
063029,喬山凱基9B購01  ,0,0,0,0,0,0,0,0,0,-363000,0,0,0,0,363000,-363000,-363000
1734,杏輝            ,603000,964000,-361000,0,0,0,0,0,0,-4000,1000,5000,-4000,0,0,0,-365000
057837,康控國泰99購02  ,0,0,0,0,0,0,0,0,0,-365000,0,0,0,30000,395000,-365000,-365000
2101,南港            ,326000,685000,-359000,0,0,0,12000,0,12000,-20000,42000,30000,12000,28000,60000,-32000,-367000
056198,台光電永豐97購02,0,0,0,0,0,0,0,0,0,-367000,0,0,0,39000,406000,-367000,-367000
061747,南亞科統一01購01,0,0,0,0,0,0,0,0,0,-367000,0,0,0,0,367000,-367000,-367000
059931,緯穎富邦9A購01  ,0,0,0,0,0,0,0,0,0,-368000,0,0,0,50000,418000,-368000,-368000
063347,祥碩統一01購03  ,0,0,0,0,0,0,0,0,0,-369000,0,0,0,0,369000,-369000,-369000
2912,統一超          ,496087,872000,-375913,0,0,0,0,10000,-10000,16000,16000,0,16000,0,0,0,-369913
054640,健策中信9B購01  ,0,0,0,0,0,0,0,0,0,-370000,0,0,0,157000,527000,-370000,-370000
063745,喬山國票9C購01  ,0,0,0,0,0,0,0,0,0,-372000,0,0,0,0,372000,-372000,-372000
055486,國巨元大98購06  ,0,0,0,0,0,0,0,0,0,-375000,0,0,0,9000,384000,-375000,-375000
062171,中磊永豐9B購01  ,0,0,0,0,0,0,0,0,0,-376000,0,0,0,0,376000,-376000,-376000
1733,五鼎            ,257000,635000,-378000,0,0,0,0,0,0,0,0,0,0,0,0,0,-378000
052654,友達統一97購01  ,300000,0,300000,0,0,0,0,0,0,-678000,0,0,0,0,678000,-678000,-378000
064465,台表科統一01購02,0,0,0,0,0,0,0,0,0,-379000,0,0,0,106000,485000,-379000,-379000
08275P,南亞科元富9C售01,0,0,0,0,0,0,0,0,0,-381000,0,0,0,334000,715000,-381000,-381000
064161,世芯統一01購02  ,0,0,0,0,0,0,0,0,0,-381000,0,0,0,127000,508000,-381000,-381000
062680,微星統一01購01  ,0,0,0,0,0,0,0,0,0,-382000,0,0,0,66000,448000,-382000,-382000
9910,豐泰            ,382550,594000,-211450,0,0,0,14000,61000,-47000,-125000,0,125000,-125000,0,0,0,-383450
2903,遠百            ,176000,570000,-394000,0,0,0,0,0,0,10000,10000,0,10000,0,0,0,-384000
064807,義隆元大9C購03  ,0,80000,-80000,0,0,0,0,0,0,-305000,0,0,0,266000,571000,-305000,-385000
065027,玉晶光中信03購01,0,0,0,0,0,0,0,0,0,-385000,0,0,0,132000,517000,-385000,-385000
059297,大立光元富9C購01,10000,0,10000,0,0,0,0,0,0,-395000,0,0,0,24000,419000,-395000,-385000
058552,欣興永豐99購01  ,0,0,0,0,0,0,0,0,0,-385000,0,0,0,0,385000,-385000,-385000
064449,金寶統一01購02  ,0,0,0,0,0,0,0,0,0,-387000,0,0,0,52000,439000,-387000,-387000
2467,志聖            ,15000,395000,-380000,0,0,0,0,8000,-8000,0,0,0,0,0,0,0,-388000
060708,康友富邦9B購01  ,0,0,0,0,0,0,0,0,0,-388000,0,0,0,556000,944000,-388000,-388000
057378,康友元大98購02  ,0,0,0,0,0,0,0,0,0,-389000,0,0,0,0,389000,-389000,-389000
053896,麗豐群益97購01  ,0,0,0,0,0,0,0,0,0,-390000,0,0,0,0,390000,-390000,-390000
060404,台勝科國泰9B購01,0,0,0,0,0,0,0,0,0,-390000,0,0,0,2000,392000,-390000,-390000
060054,華新科凱基9B購04,0,0,0,0,0,0,0,0,0,-390000,0,0,0,0,390000,-390000,-390000
3189,景碩            ,2486000,2300000,186000,0,0,0,405000,1286000,-881000,304000,251000,332000,-81000,444000,59000,385000,-391000
056668,光磊國票99購01  ,0,0,0,0,0,0,0,0,0,-394000,0,0,0,0,394000,-394000,-394000
060811,亞德客凱基9A購02,0,0,0,0,0,0,0,0,0,-394000,0,0,0,195000,589000,-394000,-394000
057788,嘉聯益國票99購01,0,0,0,0,0,0,0,0,0,-395000,0,0,0,42000,437000,-395000,-395000
064252,嘉澤元富9C購01  ,0,0,0,0,0,0,0,0,0,-395000,0,0,0,18000,413000,-395000,-395000
9939,宏全            ,191000,77000,114000,0,0,0,0,518000,-518000,8000,10000,2000,8000,0,0,0,-396000
2606,裕民            ,91000,446000,-355000,0,0,0,0,280000,-280000,238000,228000,0,228000,10000,0,10000,-397000
063439,正隆統一01購01  ,0,0,0,0,0,0,0,0,0,-397000,0,0,0,145000,542000,-397000,-397000
07020P,玉晶光台新99售02,0,0,0,0,0,0,0,0,0,-398000,0,0,0,62000,460000,-398000,-398000
056840,友達元富98購02  ,0,0,0,0,0,0,0,0,0,-398000,0,0,0,0,398000,-398000,-398000
063075,祥碩永豐9B購04  ,0,0,0,0,0,0,0,0,0,-398000,0,0,0,46000,444000,-398000,-398000
056770,國產元大98購02  ,0,0,0,0,0,0,0,0,0,-399000,0,0,0,0,399000,-399000,-399000
060718,中磊永豐9A購01  ,0,0,0,0,0,0,0,0,0,-399000,0,0,0,0,399000,-399000,-399000
063274,鈺齊兆豐9B購01  ,0,0,0,0,0,0,0,0,0,-399000,0,0,0,84000,483000,-399000,-399000
2504,國產            ,622000,1049000,-427000,0,0,0,0,0,0,24000,0,0,0,140000,116000,24000,-403000
056941,台郡元富9B購01  ,0,0,0,0,0,0,0,0,0,-403000,0,0,0,95000,498000,-403000,-403000
059024,大立光統一9B購04,0,0,0,0,0,0,0,0,0,-403000,0,0,0,85000,488000,-403000,-403000
061364,國巨國票9A購09  ,0,0,0,0,0,0,0,0,0,-403000,0,0,0,71000,474000,-403000,-403000
063261,康控富邦03購01  ,0,0,0,0,0,0,0,0,0,-403000,0,0,0,205000,608000,-403000,-403000
062549,中租永豐9B購01  ,0,0,0,0,0,0,0,0,0,-404000,0,0,0,0,404000,-404000,-404000
063338,國巨統一9C購11  ,0,0,0,0,0,0,0,0,0,-405000,0,0,0,24000,429000,-405000,-405000
064840,彩晶統一02購01  ,0,0,0,0,0,0,0,0,0,-407000,0,0,0,357000,764000,-407000,-407000
061243,麗豐兆豐9A購01  ,0,0,0,0,0,0,0,0,0,-408000,0,0,0,348000,756000,-408000,-408000
063475,同欣電元大9C購01,0,0,0,0,0,0,0,0,0,-408000,0,0,0,408000,816000,-408000,-408000
063900,GIS群益9C購03   ,0,0,0,0,0,0,0,0,0,-409000,0,0,0,25000,434000,-409000,-409000
1762,中化生          ,1270000,1880000,-610000,0,0,0,203000,0,203000,-4000,1000,5000,-4000,0,0,0,-411000
1314,中石化          ,1448000,1874246,-426246,0,0,0,0,0,0,15000,62000,62000,0,29000,14000,15000,-411246
058143,瑞儀元大99購02  ,0,0,0,0,0,0,0,0,0,-416000,0,0,0,80000,496000,-416000,-416000
056497,GIS國泰99購01   ,0,0,0,0,0,0,0,0,0,-418000,0,0,0,10000,428000,-418000,-418000
064000,台郡兆豐9C購01  ,0,0,0,0,0,0,0,0,0,-418000,0,0,0,86000,504000,-418000,-418000
2388,威盛            ,95000,513000,-418000,0,0,0,0,1000,-1000,0,0,0,0,0,0,0,-419000
063050,葡萄王統一01購01,0,0,0,0,0,0,0,0,0,-421000,0,0,0,21000,442000,-421000,-421000
2601,益航            ,163000,585000,-422000,0,0,0,0,0,0,0,0,0,0,0,0,0,-422000
0050,元大台灣50      ,1154110,2786000,-1631890,0,0,0,0,0,0,1209000,77000,0,77000,1465000,333000,1132000,-422890
2390,云辰            ,1931000,2359000,-428000,0,0,0,0,0,0,1000,1000,0,1000,0,0,0,-427000
062822,力成兆豐9B購01  ,0,0,0,0,0,0,0,0,0,-429000,0,0,0,0,429000,-429000,-429000
064460,健策統一9C購03  ,0,0,0,0,0,0,0,0,0,-431000,0,0,0,314000,745000,-431000,-431000
1783,和康生          ,969000,1401000,-432000,0,0,0,0,0,0,-1000,0,1000,-1000,0,0,0,-433000
1416,廣豐            ,60000,493000,-433000,0,0,0,0,0,0,0,0,0,0,0,0,0,-433000
058004,大立光群益98購03,0,0,0,0,0,0,0,0,0,-433000,0,0,0,1000,434000,-433000,-433000
063995,健鼎群益9C購01  ,0,0,0,0,0,0,0,0,0,-433000,0,0,0,126000,559000,-433000,-433000
03650C,T50反1元大98牛05,0,0,0,0,0,0,0,0,0,-434000,0,0,0,0,434000,-434000,-434000
063510,台表科群益9C購01,0,0,0,0,0,0,0,0,0,-434000,0,0,0,16000,450000,-434000,-434000
064974,燿華元大9C購03  ,0,0,0,0,0,0,0,0,0,-436000,0,0,0,86000,522000,-436000,-436000
053276,友達元大9C購01  ,0,0,0,0,0,0,0,0,0,-436000,0,0,0,60000,496000,-436000,-436000
063134,裕隆統一01購01  ,0,0,0,0,0,0,0,0,0,-436000,0,0,0,1328000,1764000,-436000,-436000
07032P,聯發科統一9C售02,0,0,0,0,0,0,0,0,0,-440000,0,0,0,0,440000,-440000,-440000
056920,友達兆豐98購02  ,0,0,0,0,0,0,0,0,0,-440000,0,0,0,100000,540000,-440000,-440000
064163,康控統一01購01  ,0,0,0,0,0,0,0,0,0,-440000,0,0,0,20000,460000,-440000,-440000
064450,致茂統一01購01  ,0,0,0,0,0,0,0,0,0,-440000,0,0,0,958000,1398000,-440000,-440000
064575,鈺齊群益9C購01  ,0,0,0,0,0,0,0,0,0,-443000,0,0,0,119000,562000,-443000,-443000
064039,亞德客統一02購01,0,0,0,0,0,0,0,0,0,-443000,0,0,0,56000,499000,-443000,-443000
062142,喬山國票9B購01  ,0,0,0,0,0,0,0,0,0,-443000,0,0,0,10000,453000,-443000,-443000
8213,志超            ,187000,629000,-442000,0,0,0,0,0,0,-2000,0,0,0,0,2000,-2000,-444000
060940,國巨國票9B購03  ,0,0,0,0,0,0,0,0,0,-444000,0,0,0,4000,448000,-444000,-444000
064731,台郡統一01購02  ,0,0,0,0,0,0,0,0,0,-444000,0,0,0,0,444000,-444000,-444000
07948P,大成鋼凱基9B售01,0,0,0,0,0,0,0,0,0,-445000,0,0,0,0,445000,-445000,-445000
065198,玉晶光元富06購01,0,0,0,0,0,0,0,0,0,-447000,0,0,0,0,447000,-447000,-447000
059278,群創元大9A購04  ,0,0,0,0,0,0,0,0,0,-451000,0,0,0,6000,457000,-451000,-451000
062884,康控兆豐9C購01  ,0,0,0,0,0,0,0,0,0,-452000,0,0,0,13000,465000,-452000,-452000
053083,中環元大99購01  ,0,0,0,0,0,0,0,0,0,-453000,0,0,0,0,453000,-453000,-453000
055174,精元統一97購01  ,0,0,0,0,0,0,0,0,0,-455000,0,0,0,0,455000,-455000,-455000
053568,智伸科富邦98購01,0,0,0,0,0,0,0,0,0,-456000,0,0,0,4000,460000,-456000,-456000
3673,TPK-KY          ,853000,1360000,-507000,0,0,0,0,0,0,49000,38000,32000,6000,117000,74000,43000,-458000
064796,緯穎國票01購01  ,0,0,0,0,0,0,0,0,0,-459000,0,0,0,13000,472000,-459000,-459000
043442,大立光台新01購01,0,0,0,0,0,0,0,0,0,-460000,0,0,0,115000,575000,-460000,-460000
064724,健鼎統一02購02  ,0,0,0,0,0,0,0,0,0,-461000,0,0,0,178000,639000,-461000,-461000
3008,大立光          ,301614,751581,-449967,0,0,0,5000,15000,-10000,-2000,4000,9000,-5000,14000,11000,3000,-461967
063979,健鼎兆豐9C購01  ,0,0,0,0,0,0,0,0,0,-467000,0,0,0,325000,792000,-467000,-467000
063925,祥碩元富9C購01  ,0,0,0,0,0,0,0,0,0,-472000,0,0,0,18000,490000,-472000,-472000
064911,光寶科統一02購01,0,0,0,0,0,0,0,0,0,-473000,0,0,0,68000,541000,-473000,-473000
07836P,大成鋼元大9A售01,0,0,0,0,0,0,0,0,0,-474000,0,0,0,100000,574000,-474000,-474000
061775,臺指反國票9B購04,0,0,0,0,0,0,0,0,0,-474000,0,0,0,25000,499000,-474000,-474000
052080,康友元富98購02  ,0,0,0,0,0,0,0,0,0,-475000,0,0,0,40000,515000,-475000,-475000
020015,統一MSCI美低波N ,0,0,0,0,0,0,0,0,0,-476000,0,0,0,112000,588000,-476000,-476000
063971,健鼎國票01購01  ,0,0,0,0,0,0,0,0,0,-476000,0,0,0,218000,694000,-476000,-476000
00647L,元大S&P500正2   ,22000,22000,0,0,0,0,0,0,0,-478000,0,0,0,453000,931000,-478000,-478000
056939,康控元富98購01  ,0,0,0,0,0,0,0,0,0,-480000,0,0,0,100000,580000,-480000,-480000
063270,喬山兆豐9C購01  ,0,0,0,0,0,0,0,0,0,-480000,0,0,0,0,480000,-480000,-480000
1227,佳格            ,652859,513000,139859,0,0,0,0,668000,-668000,45000,47000,2000,45000,0,0,0,-483141
4976,佳凌            ,297000,776000,-479000,0,0,0,0,3000,-3000,-2000,0,2000,-2000,0,0,0,-484000
064483,瑞儀永豐9C購01  ,0,0,0,0,0,0,0,0,0,-484000,0,0,0,16000,500000,-484000,-484000
054542,台表科國票98購01,0,0,0,0,0,0,0,0,0,-485000,0,0,0,0,485000,-485000,-485000
062807,和碩統一9B購01  ,0,0,0,0,0,0,0,0,0,-485000,0,0,0,45000,530000,-485000,-485000
056184,南亞科統一97購03,0,0,0,0,0,0,0,0,0,-488000,0,0,0,0,488000,-488000,-488000
1760,寶齡富錦        ,1326000,1809000,-483000,0,0,0,0,0,0,-6000,0,6000,-6000,0,0,0,-489000
056954,聯詠富邦9A購01  ,0,0,0,0,0,0,0,0,0,-489000,0,0,0,4000,493000,-489000,-489000
063983,麗豐兆豐9C購01  ,0,0,0,0,0,0,0,0,0,-494000,0,0,0,109000,603000,-494000,-494000
058656,燿華中信99購01  ,0,0,0,0,0,0,0,0,0,-496000,0,0,0,1696000,2192000,-496000,-496000
08031P,臺股指元大9B售38,0,0,0,0,0,0,0,0,0,-500000,0,0,0,0,500000,-500000,-500000
061050,康友中信9A購01  ,0,0,0,0,0,0,0,0,0,-500000,0,0,0,141000,641000,-500000,-500000
057567,嘉聯益富邦9A購01,0,0,0,0,0,0,0,0,0,-500000,0,0,0,138000,638000,-500000,-500000
061550,聯鈞群益9A購03  ,0,0,0,0,0,0,0,0,0,-501000,0,0,0,666000,1167000,-501000,-501000
058801,致伸元大99購01  ,0,0,0,0,0,0,0,0,0,-501000,0,0,0,75000,576000,-501000,-501000
058645,康控富邦01購01  ,0,0,0,0,0,0,0,0,0,-506000,0,0,0,470000,976000,-506000,-506000
061021,聯電國泰9B購01  ,0,0,0,0,0,0,0,0,0,-512000,0,0,0,10000,522000,-512000,-512000
063383,億豐永豐9B購02  ,0,0,0,0,0,0,0,0,0,-517000,0,0,0,80000,597000,-517000,-517000
07986P,大成鋼統一9B售02,0,0,0,0,0,0,0,0,0,-519000,0,0,0,0,519000,-519000,-519000
08213P,台光電統一9B售03,0,0,0,0,0,0,0,0,0,-521000,0,0,0,29000,550000,-521000,-521000
064884,台表科第一9C購01,0,0,0,0,0,0,0,0,0,-522000,0,0,0,0,522000,-522000,-522000
056109,彩晶永豐98購01  ,0,0,0,0,0,0,0,0,0,-524000,0,0,0,0,524000,-524000,-524000
1598,岱宇            ,764000,1224000,-460000,0,0,0,0,0,0,-65000,47000,112000,-65000,0,0,0,-525000
1731,美吾華          ,251000,777000,-526000,0,0,0,0,0,0,0,0,0,0,0,0,0,-526000
064554,儒鴻群益9C購01  ,0,0,0,0,0,0,0,0,0,-526000,0,0,0,76000,602000,-526000,-526000
00642U,元大S&P石油     ,16000,501000,-485000,0,0,0,0,0,0,-47000,0,0,0,0,47000,-47000,-532000
052328,台表科中信99購01,0,0,0,0,0,0,0,0,0,-533000,0,0,0,550000,1083000,-533000,-533000
053291,旺宏中信9A購01  ,0,1000,-1000,0,0,0,0,0,0,-533000,0,0,0,0,533000,-533000,-534000
064257,台勝科國泰01購01,0,0,0,0,0,0,0,0,0,-535000,0,0,0,0,535000,-535000,-535000
3005,神基            ,70000,237000,-167000,0,0,0,0,202000,-202000,-169000,5000,0,5000,14000,188000,-174000,-538000
06491P,台積電富邦99售02,0,0,0,0,0,0,0,0,0,-540000,0,0,0,0,540000,-540000,-540000
063402,GIS群益9B購02   ,0,0,0,0,0,0,0,0,0,-540000,0,0,0,219000,759000,-540000,-540000
064464,台郡統一01購01  ,0,0,0,0,0,0,0,0,0,-543000,0,0,0,45000,588000,-543000,-543000
056119,欣興群益97購02  ,0,0,0,0,0,0,0,0,0,-548000,0,0,0,0,548000,-548000,-548000
07025P,玉晶光凱基99售01,0,0,0,0,0,0,0,0,0,-549000,0,0,0,630000,1179000,-549000,-549000
058318,致茂永豐9A購01  ,0,0,0,0,0,0,0,0,0,-550000,0,0,0,117000,667000,-550000,-550000
064779,義隆群益9C購03  ,0,0,0,0,0,0,0,0,0,-550000,0,0,0,127000,677000,-550000,-550000
1455,集盛            ,125000,678000,-553000,0,0,0,0,0,0,0,0,0,0,0,0,0,-553000
063973,緯穎國票9C購01  ,0,0,0,0,0,0,0,0,0,-555000,0,0,0,50000,605000,-555000,-555000
057740,茂林富邦9A購01  ,0,0,0,0,0,0,0,0,0,-560000,0,0,0,0,560000,-560000,-560000
058050,台郡元大99購05  ,0,0,0,0,0,0,0,0,0,-560000,0,0,0,7000,567000,-560000,-560000
059183,T50反1台新03購02,0,0,0,0,0,0,0,0,0,-560000,0,0,0,0,560000,-560000,-560000
064094,達新群益9C購01  ,0,0,0,0,0,0,0,0,0,-560000,0,0,0,1568000,2128000,-560000,-560000
055312,台虹群益99購01  ,0,0,0,0,0,0,0,0,0,-561000,0,0,0,40000,601000,-561000,-561000
062220,台光電統一01購01,0,0,0,0,0,0,0,0,0,-565000,0,0,0,155000,720000,-565000,-565000
060226,道瓊反元大9A購01,0,0,0,0,0,0,0,0,0,-569000,0,0,0,1000,570000,-569000,-569000
4426,利勤            ,146000,744000,-598000,0,0,0,0,0,0,27000,49000,2000,47000,12000,32000,-20000,-571000
063366,台表科富邦9C購02,0,0,0,0,0,0,0,0,0,-577000,0,0,0,98000,675000,-577000,-577000
2542,興富發          ,413199,983000,-569801,0,0,0,0,5000,-5000,-4000,0,4000,-4000,0,0,0,-578801
065018,台達電富邦03購01,0,0,0,0,0,0,0,0,0,-579000,0,0,0,91000,670000,-579000,-579000
052542,友達元富98購01  ,0,0,0,0,0,0,0,0,0,-579000,0,0,0,112000,691000,-579000,-579000
062215,華通統一9B購01  ,0,0,0,0,0,0,0,0,0,-579000,0,0,0,334000,913000,-579000,-579000
5522,遠雄            ,270000,570000,-300000,0,0,0,0,258000,-258000,-22000,0,22000,-22000,0,0,0,-580000
064150,全新統一01購03  ,0,0,0,0,0,0,0,0,0,-584000,0,0,0,20000,604000,-584000,-584000
1513,中興電          ,93000,699000,-606000,0,0,0,0,0,0,17000,62000,8000,54000,0,37000,-37000,-589000
063611,儒鴻群益9B購03  ,0,0,0,0,0,0,0,0,0,-590000,0,0,0,67000,657000,-590000,-590000
064913,燿華統一02購01  ,0,0,0,0,0,0,0,0,0,-602000,0,0,0,1000,603000,-602000,-602000
07035P,大立光元富99售04,0,0,0,0,0,0,0,0,0,-607000,0,0,0,6000,613000,-607000,-607000
062950,貿聯富邦01購01  ,0,0,0,0,0,0,0,0,0,-607000,0,0,0,10000,617000,-607000,-607000
062207,牧德國票9B購02  ,0,0,0,0,0,0,0,0,0,-608000,0,0,0,0,608000,-608000,-608000
064171,燿華元富9C購01  ,0,0,0,0,0,0,0,0,0,-608000,0,0,0,283000,891000,-608000,-608000
2357,華碩            ,1007523,2084000,-1076477,0,0,0,517000,11000,506000,-42000,12000,22000,-10000,0,32000,-32000,-612477
08136P,祥碩國泰01售01  ,0,0,0,0,0,0,0,0,0,-613000,0,0,0,495000,1108000,-613000,-613000
063265,瑞祺永豐9B購01  ,0,0,0,0,0,0,0,0,0,-615000,0,0,0,200000,815000,-615000,-615000
063208,鈺齊統一9C購01  ,0,0,0,0,0,0,0,0,0,-617000,0,0,0,26000,643000,-617000,-617000
062344,力山群益9B購02  ,0,0,0,0,0,0,0,0,0,-618000,0,0,0,15000,633000,-618000,-618000
063658,瑞祺元富9B購01  ,0,0,0,0,0,0,0,0,0,-623000,0,0,0,364000,987000,-623000,-623000
064926,臻鼎統一02購01  ,0,0,0,0,0,0,0,0,0,-635000,0,0,0,0,635000,-635000,-635000
057527,億光元大98購01  ,0,0,0,0,0,0,0,0,0,-639000,0,0,0,43000,682000,-639000,-639000
063133,喬山統一01購01  ,0,0,0,0,0,0,0,0,0,-641000,0,0,0,0,641000,-641000,-641000
1409,新纖            ,1263000,1027000,236000,0,0,0,0,878000,-878000,0,0,0,0,0,0,0,-642000
1308,亞聚            ,179000,825000,-646000,0,0,0,0,0,0,0,0,0,0,0,0,0,-646000
063250,同欣電元大9B購03,0,0,0,0,0,0,0,0,0,-649000,0,0,0,185000,834000,-649000,-649000
06684P,緯穎元大98售06  ,0,0,0,0,0,0,0,0,0,-654000,0,0,0,0,654000,-654000,-654000
062885,臻鼎兆豐9C購01  ,0,0,0,0,0,0,0,0,0,-662000,0,0,0,153000,815000,-662000,-662000
048270,T50反1富邦99購01,0,0,0,0,0,0,0,0,0,-666000,0,0,0,30000,696000,-666000,-666000
064861,緯創富邦9C購01  ,0,0,0,0,0,0,0,0,0,-670000,0,0,0,1060000,1730000,-670000,-670000
1795,美時            ,473000,1145000,-672000,0,0,0,0,0,0,0,0,0,0,0,0,0,-672000
060890,大立光統一01購01,0,0,0,0,0,0,0,0,0,-675000,0,0,0,10000,685000,-675000,-675000
063271,中磊兆豐9C購01  ,0,0,0,0,0,0,0,0,0,-682000,0,0,0,0,682000,-682000,-682000
064068,義隆永豐9C購01  ,0,0,0,0,0,0,0,0,0,-687000,0,0,0,107000,794000,-687000,-687000
06982P,義隆凱基99售02  ,0,0,0,0,0,0,0,0,0,-689000,0,0,0,0,689000,-689000,-689000
1309,台達化          ,524000,1085000,-561000,0,0,0,0,0,0,-137000,0,137000,-137000,0,0,0,-698000
06839P,玉晶光統一9A售05,0,0,0,0,0,0,0,0,0,-700000,0,0,0,103000,803000,-700000,-700000
8163,達方            ,191000,864000,-673000,0,0,0,2000,0,2000,-32000,7000,4000,3000,0,35000,-35000,-703000
4142,國光生          ,4356000,5087000,-731000,0,0,0,0,0,0,20000,0,0,0,20000,0,20000,-711000
062633,亞光國票9B購01  ,0,0,0,0,0,0,0,0,0,-715000,0,0,0,32000,747000,-715000,-715000
2102,泰豐            ,795000,1544000,-749000,0,0,0,0,0,0,27000,27000,0,27000,0,0,0,-722000
2915,潤泰全          ,270000,873205,-603205,0,0,0,0,2000,-2000,-123000,0,0,0,0,123000,-123000,-728205
065152,燿華群益9C購02  ,0,0,0,0,0,0,0,0,0,-734000,0,0,0,0,734000,-734000,-734000
064387,GIS富邦9C購01   ,0,0,0,0,0,0,0,0,0,-735000,0,0,0,0,735000,-735000,-735000
1417,嘉裕            ,288000,1024000,-736000,0,0,0,0,0,0,0,0,0,0,0,0,0,-736000
06595P,祥碩元大98售03  ,0,0,0,0,0,0,0,0,0,-740000,0,0,0,400000,1140000,-740000,-740000
3035,智原            ,1354000,2124000,-770000,0,0,0,2000,0,2000,25000,2000,0,2000,28000,5000,23000,-743000
00646,元大S&P500      ,13000,75000,-62000,0,0,0,0,0,0,-687000,42000,0,42000,314000,1043000,-729000,-749000
064351,中租元大9C購01  ,0,0,0,0,0,0,0,0,0,-749000,0,0,0,163000,912000,-749000,-749000
1504,東元            ,256000,958779,-702779,0,0,0,12000,0,12000,-59000,0,0,0,0,59000,-59000,-749779
048383,元金2X國票99購01,0,0,0,0,0,0,0,0,0,-753000,0,0,0,200000,953000,-753000,-753000
064051,新日興統一01購01,0,0,0,0,0,0,0,0,0,-758000,0,0,0,354000,1112000,-758000,-758000
2104,國際中橡        ,125000,815000,-690000,0,0,0,0,0,0,-72000,0,0,0,0,72000,-72000,-762000
08432P,台勝科凱基9C售02,10000,0,10000,0,0,0,0,0,0,-776000,0,0,0,0,776000,-776000,-766000
054378,楠梓電群益98購01,0,0,0,0,0,0,0,0,0,-767000,0,0,0,32000,799000,-767000,-767000
061293,聯茂統一9A購01  ,0,0,0,0,0,0,0,0,0,-772000,0,0,0,12000,784000,-772000,-772000
064883,GIS兆豐01購01   ,0,0,0,0,0,0,0,0,0,-774000,0,0,0,85000,859000,-774000,-774000
063672,GIS統一9C購01   ,0,0,0,0,0,0,0,0,0,-775000,0,0,0,49000,824000,-775000,-775000
3338,泰碩            ,225000,189000,36000,0,0,0,12000,691000,-679000,-140000,10000,143000,-133000,12000,19000,-7000,-783000
052722,群創統一97購02  ,0,0,0,0,0,0,0,0,0,-799000,0,0,0,0,799000,-799000,-799000
8215,明基材          ,548000,1353000,-805000,0,0,0,10000,0,10000,-6000,0,6000,-6000,0,0,0,-801000
1102,亞泥            ,3551986,3785000,-233014,0,0,0,0,384000,-384000,-190000,20000,0,20000,0,210000,-210000,-807014
055063,玉晶光永豐99購01,0,0,0,0,0,0,0,0,0,-810000,0,0,0,88000,898000,-810000,-810000
061306,瑞祺永豐9A購02  ,0,0,0,0,0,0,0,0,0,-810000,0,0,0,0,810000,-810000,-810000
060428,瑞祺永豐9A購01  ,0,0,0,0,0,0,0,0,0,-810000,0,0,0,196000,1006000,-810000,-810000
03414B,臺股指凱基99熊01,0,23000,-23000,0,0,0,0,0,0,-791000,0,0,0,496000,1287000,-791000,-814000
062416,和大統一01購02  ,0,0,0,0,0,0,0,0,0,-815000,0,0,0,183000,998000,-815000,-815000
062286,台郡群益9B購01  ,0,0,0,0,0,0,0,0,0,-821000,0,0,0,98000,919000,-821000,-821000
2352,佳世達          ,610000,744000,-134000,0,0,0,0,728000,-728000,39000,50000,0,50000,0,11000,-11000,-823000
6202,盛群            ,250000,1089000,-839000,0,0,0,0,0,0,1000,0,0,0,1000,0,1000,-838000
07635P,世芯永豐9A售05  ,0,0,0,0,0,0,0,0,0,-838000,0,0,0,133000,971000,-838000,-838000
2485,兆赫            ,1030000,1853000,-823000,0,0,0,0,10312,-10312,-16000,88000,124000,-36000,20000,0,20000,-849312
061411,T50反1群益9A購05,0,0,0,0,0,0,0,0,0,-850000,0,0,0,30000,880000,-850000,-850000
063348,祥碩統一01購04  ,0,0,0,0,0,0,0,0,0,-850000,0,0,0,101000,951000,-850000,-850000
08084P,台表科元大9B售06,0,0,0,0,0,0,0,0,0,-857000,0,0,0,60000,917000,-857000,-857000
4746,台耀            ,1047000,1913000,-866000,0,0,0,0,0,0,3000,7000,4000,3000,0,0,0,-863000
064053,祥碩統一02購01  ,0,0,0,0,0,0,0,0,0,-866000,0,0,0,415000,1281000,-866000,-866000
2103,台橡            ,96000,972000,-876000,0,0,0,0,0,0,0,0,0,0,0,0,0,-876000
00850,元大臺灣ESG永續 ,1000,120000,-119000,0,0,0,0,0,0,-759000,0,0,0,337000,1096000,-759000,-878000
061517,瑞祺永豐9A購03  ,0,0,0,0,0,0,0,0,0,-881000,0,0,0,0,881000,-881000,-881000
063342,台光電統一9B購02,0,0,0,0,0,0,0,0,0,-881000,0,0,0,150000,1031000,-881000,-881000
063932,世芯統一01購01  ,20000,13000,7000,0,0,0,0,0,0,-892000,0,0,0,587000,1479000,-892000,-885000
064248,億光元富9C購01  ,0,0,0,0,0,0,0,0,0,-885000,0,0,0,135000,1020000,-885000,-885000
063816,TPK群益9C購01   ,0,0,0,0,0,0,0,0,0,-888000,0,0,0,0,888000,-888000,-888000
063774,GIS富邦9B購02   ,0,0,0,0,0,0,0,0,0,-901000,0,0,0,23000,924000,-901000,-901000
4414,如興            ,2941000,3853000,-912000,0,0,0,0,0,0,5000,15000,10000,5000,0,0,0,-907000
07060P,台表科國票9A售01,0,0,0,0,0,0,0,0,0,-939000,0,0,0,15000,954000,-939000,-939000
056775,康控元大99購01  ,0,0,0,0,0,0,0,0,0,-955000,0,0,0,0,955000,-955000,-955000
064829,義隆統一01購02  ,0,0,0,0,0,0,0,0,0,-962000,0,0,0,99000,1061000,-962000,-962000
1720,生達            ,1245000,2205000,-960000,0,0,0,0,0,0,-3000,0,3000,-3000,0,0,0,-963000
056288,健鼎永豐97購01  ,0,0,0,0,0,0,0,0,0,-963000,0,0,0,0,963000,-963000,-963000
064856,GIS國泰02購01   ,0,0,0,0,0,0,0,0,0,-980000,0,0,0,30000,1010000,-980000,-980000
063674,力山國泰01購02  ,0,0,0,0,0,0,0,0,0,-992000,0,0,0,3000,995000,-992000,-992000
055979,聯鈞統一97購03  ,0,0,0,0,0,0,0,0,0,-998000,0,0,0,0,998000,-998000,-998000
2845,遠東銀          ,97000,1123000,-1026000,0,0,0,0,0,0,0,0,0,0,0,0,0,-1026000
07162P,臺股指群益99售13,0,0,0,0,0,0,0,0,0,-1052000,0,0,0,127000,1179000,-1052000,-1052000
06503P,臺股指中信9A售02,0,0,0,0,0,0,0,0,0,-1054000,0,0,0,415000,1469000,-1054000,-1054000
2201,裕隆            ,2055000,2174000,-119000,0,0,0,0,0,0,-940000,0,495000,-495000,295000,740000,-445000,-1059000
062980,康控元富9B購01  ,0,0,0,0,0,0,0,0,0,-1084000,0,0,0,213000,1297000,-1084000,-1084000
2481,強茂            ,884000,1132000,-248000,0,0,0,9000,700000,-691000,-157000,4000,158000,-154000,3000,6000,-3000,-1096000
063454,瑞儀統一9B購01  ,0,0,0,0,0,0,0,0,0,-1097000,0,0,0,461000,1558000,-1097000,-1097000
2363,矽統            ,1053000,2161000,-1108000,0,0,0,0,0,0,-1000,0,1000,-1000,0,0,0,-1109000
058153,景碩統一9B購01  ,0,0,0,0,0,0,0,0,0,-1114000,0,0,0,568000,1682000,-1114000,-1114000
2889,國票金          ,224000,1218000,-994000,0,0,0,0,143000,-143000,9000,9000,0,9000,0,0,0,-1128000
063666,京元電統一9C購01,0,0,0,0,0,0,0,0,0,-1147000,0,0,0,10000,1157000,-1147000,-1147000
00676R,富邦臺灣加權反1 ,0,0,0,0,0,0,0,0,0,-1148000,0,0,0,316000,1464000,-1148000,-1148000
051847,香港反中信99購01,0,0,0,0,0,0,0,0,0,-1153000,0,0,0,10000,1163000,-1153000,-1153000
3042,晶技            ,673000,1800000,-1127000,0,0,0,0,1000,-1000,-39000,48000,6000,42000,26000,107000,-81000,-1167000
2855,統一證          ,76000,498000,-422000,0,0,0,0,747000,-747000,0,0,0,0,0,0,0,-1169000
058928,國巨統一9C購01  ,0,0,0,0,0,0,0,0,0,-1203000,0,0,0,604000,1807000,-1203000,-1203000
064056,GIS統一01購02   ,0,0,0,0,0,0,0,0,0,-1225000,0,0,0,67000,1292000,-1225000,-1225000
4119,旭富            ,308000,1269000,-961000,0,0,0,0,0,0,-271000,10000,0,10000,16000,297000,-281000,-1232000
1312,國喬            ,147000,1411000,-1264000,0,0,0,0,0,0,24000,48000,2000,46000,13000,35000,-22000,-1240000
051369,新光金富邦9A購01,0,0,0,0,0,0,0,0,0,-1278000,0,0,0,0,1278000,-1278000,-1278000
06662P,玉晶光中信9A售01,0,0,0,0,0,0,0,0,0,-1284000,0,0,0,110000,1394000,-1284000,-1284000
3706,神達            ,625000,1634000,-1009000,0,0,0,0,327000,-327000,29000,28000,0,28000,23000,22000,1000,-1307000
07597P,臺股指中信01售02,0,0,0,0,0,0,0,0,0,-1321000,0,0,0,695000,2016000,-1321000,-1321000
3532,台勝科          ,417000,143000,274000,0,0,0,1000,1553000,-1552000,-91000,0,15000,-15000,22000,98000,-76000,-1369000
061188,大成鋼富邦9B購01,0,0,0,0,0,0,0,0,0,-1373000,0,0,0,88000,1461000,-1373000,-1373000
5876,上海商銀        ,1135908,2545000,-1409092,0,0,0,0,0,0,12000,25000,17000,8000,16000,12000,4000,-1397092
046628,大立光統一98購01,0,0,0,0,0,0,0,0,0,-1456000,0,0,0,155000,1611000,-1456000,-1456000
00712,FH富時不動產    ,646000,36000,610000,0,0,0,0,0,0,-2095000,0,0,0,70000,2165000,-2095000,-1485000
054325,奇力新台新97購03,0,0,0,0,0,0,0,0,0,-1500000,0,0,0,650000,2150000,-1500000,-1500000
3682,亞太電          ,516000,2051237,-1535237,0,0,0,0,0,0,0,0,0,0,0,0,0,-1535237
6505,台塑化          ,750264,2330000,-1579736,0,0,0,0,0,0,-21000,14000,35000,-21000,0,0,0,-1600736
063583,GIS國泰01購01   ,0,0,0,0,0,0,0,0,0,-1631000,0,0,0,117000,1748000,-1631000,-1631000
3045,台灣大          ,413324,2213000,-1799676,0,0,0,10000,9000,1000,60000,62000,2000,60000,0,0,0,-1738676
054173,奇力新台新97購02,0,0,0,0,0,0,0,0,0,-1766000,0,0,0,0,1766000,-1766000,-1766000
1909,榮成            ,1293000,3157000,-1864000,0,0,0,0,0,0,44000,31000,2000,29000,15000,0,15000,-1820000
2610,華航            ,3345847,5164000,-1818153,0,0,0,0,0,0,-13000,17000,0,17000,0,30000,-30000,-1831153
2412,中華電          ,1108531,4003300,-2894769,0,0,0,1000,0,1000,999000,1020000,20000,1000000,0,1000,-1000,-1894769
053117,大立光中信9A購02,0,0,0,0,0,0,0,0,0,-1953000,0,0,0,0,1953000,-1953000,-1953000
1402,遠東新          ,1038053,2851000,-1812947,0,0,0,25000,0,25000,-174000,13000,24000,-11000,0,163000,-163000,-1961947
054546,玉晶光中信9B購01,0,0,0,0,0,0,0,0,0,-2006000,0,0,0,2024000,4030000,-2006000,-2006000
4904,遠傳            ,776105,2878000,-2101895,0,0,0,1000,59000,-58000,68000,78000,7000,71000,0,3000,-3000,-2091895
3702,大聯大          ,937083,2484271,-1547188,0,0,0,4000,506000,-502000,-119000,123000,0,123000,0,242000,-242000,-2168188
2105,正新            ,637894,2908000,-2270106,0,0,0,0,0,0,-4000,46000,50000,-4000,0,0,0,-2274106
053118,大立光中信9C購01,0,0,0,0,0,0,0,0,0,-2349000,0,0,0,376000,2725000,-2349000,-2349000
8112,至上            ,314000,2742000,-2428000,0,0,0,0,0,0,0,0,0,0,0,0,0,-2428000
2834,臺企銀          ,1272050,3796700,-2524650,0,0,0,0,0,0,90000,50000,0,50000,40000,0,40000,-2434650
1907,永豐餘          ,816000,3119000,-2303000,0,0,0,0,124000,-124000,-56000,0,56000,-56000,0,0,0,-2483000
2027,大成鋼          ,387000,2239000,-1852000,0,0,0,0,15000,-15000,-666000,0,246000,-246000,47000,467000,-420000,-2533000
5880,合庫金          ,3141334,5784000,-2642666,0,0,0,0,1000,-1000,82000,82000,0,82000,0,0,0,-2561666
9904,寶成            ,2794796,4942500,-2147704,0,0,0,0,454000,-454000,39000,78000,0,78000,0,39000,-39000,-2562704
1326,台化            ,1376619,3939000,-2562381,0,0,0,0,125000,-125000,-64000,10000,0,10000,0,74000,-74000,-2751381
2801,彰銀            ,919358,3722000,-2802642,0,0,0,0,0,0,19000,12000,18000,-6000,38000,13000,25000,-2783642
2449,京元電子        ,1919000,4699000,-2780000,0,0,0,318000,300000,18000,-203000,153000,50000,103000,202000,508000,-306000,-2965000
2883,開發金          ,5310179,9592000,-4281821,0,0,0,1055000,0,1055000,240000,240000,0,240000,0,0,0,-2986821
2633,台灣高鐵        ,2243915,5947000,-3703085,0,0,0,634000,0,634000,39000,2000,0,2000,77000,40000,37000,-3030085
4906,正文            ,1209000,4371000,-3162000,0,0,0,11000,0,11000,48000,122000,4000,118000,21000,91000,-70000,-3103000
1301,台塑            ,2206840,6484160,-4277320,0,0,0,1140000,122000,1018000,-13000,24000,36000,-12000,0,1000,-1000,-3272320
00653L,富邦印度正2     ,1456000,616000,840000,0,0,0,0,0,0,-4551578,0,0,0,3459000,8010578,-4551578,-3711578
6005,群益證          ,834000,1234000,-400000,0,0,0,0,3327000,-3327000,0,0,0,0,0,0,0,-3727000
2618,長榮航          ,2133838,5002692,-2868854,0,0,0,0,999000,-999000,-23000,94000,74000,20000,0,43000,-43000,-3890854
2332,友訊            ,1035000,4329000,-3294000,0,0,0,0,0,0,-695000,4000,6000,-2000,76000,769000,-693000,-3989000
2884,玉山金          ,4529324,9254000,-4724676,0,0,0,0,0,0,-12000,0,3000,-3000,0,9000,-9000,-4736676
2881,富邦金          ,3834753,9111000,-5276247,0,0,0,200000,43000,157000,-22000,0,0,0,15000,37000,-22000,-5141247
2408,南亞科          ,2924052,7581761,-4657709,0,0,0,1000,1024000,-1023000,-237000,75000,179000,-104000,18000,151000,-133000,-5917709
2880,華南金          ,2229031,8406000,-6176969,0,0,0,0,0,0,120000,120000,0,120000,0,0,0,-6056969
2888,新光金          ,6161823,12783903,-6622080,0,0,0,0,0,0,22000,140000,266000,-126000,233000,85000,148000,-6600080
1605,華新            ,548000,6070000,-5522000,0,0,0,0,318000,-318000,-1881000,53000,301000,-248000,17000,1650000,-1633000,-7721000
2603,長榮            ,2529123,3827000,-1297877,0,0,0,0,7187702,-7187702,259000,276000,17000,259000,0,0,0,-8226579
00677U,富邦VIX         ,49208000,57770000,-8562000,0,0,0,0,0,0,-97000,86000,3623000,-3537000,24025000,20585000,3440000,-8659000
2891,中信金          ,8533077,17921600,-9388523,0,0,0,760000,327000,433000,61000,72000,1000,71000,0,10000,-10000,-8894523
00852L,國泰美國道瓊正2 ,230000,1948000,-1718000,0,0,0,0,0,0,-7927000,200000,100000,100000,7229000,15256000,-8027000,-9645000
2892,第一金          ,4301533,10453052,-6151519,0,0,0,0,4430000,-4430000,284000,300000,16000,284000,0,0,0,-10297519
2887,台新金          ,6289552,16737000,-10447448,0,0,0,0,0,0,73000,152000,0,152000,0,79000,-79000,-10374448
2344,華邦電          ,2752823,11985000,-9232177,0,0,0,2000,0,2000,-1165000,40000,1090000,-1050000,21000,136000,-115000,-10395177
2002,中鋼            ,4446411,16385000,-11938589,0,0,0,0,0,0,55000,78000,0,78000,0,23000,-23000,-11883589
2890,永豐金          ,3125394,17411000,-14285606,0,0,0,5000,61000,-56000,0,0,0,0,0,0,0,-14341606
2885,元大金          ,3113433,26382929,-23269496,0,0,0,75000,65000,10000,1665000,1672000,0,1672000,13000,20000,-7000,-21594496
2303,聯電            ,12584849,34952000,-22367151,0,0,0,6000,15000,-9000,555000,454000,112000,342000,388000,175000,213000,-21821151
00632R,元大台灣50反1   ,25939000,1317000,24622000,0,0,0,0,0,0,-60124000,451000,1806000,-1355000,5609000,64378000,-58769000,-35502000
