證券代號,證券名稱,外陸資買進股數(不含外資自營商),外陸資賣出股數(不含外資自營商),外陸資買賣超股數(不含外資自營商),外資自營商買進股數,外資自營商賣出股數,外資自營商買賣超股數,投信買進股數,投信賣出股數,投信買賣超股數,自營商買賣超股數,自營商買進股數(自行買賣),自營商賣出股數(自行買賣),自營商買賣超股數(自行買賣),自營商買進股數(避險),自營商賣出股數(避險),自營商買賣超股數(避險),三大法人買賣超股數
00672L,元大S&P原油正2  ,11967000,0,11967000,0,0,0,0,0,0,13234000,12000,0,12000,14239000,1017000,13222000,25201000
3481,群創            ,45581559,27674300,17907259,0,0,0,1917000,0,1917000,-3782000,1544000,1212000,332000,386000,4500000,-4114000,16042259
2891,中信金          ,17404542,3594669,13809873,0,0,0,75000,528000,-453000,516000,200000,0,200000,431000,115000,316000,13872873
00677U,富邦VIX         ,5124000,7401000,-2277000,0,0,0,0,0,0,15955000,0,0,0,15955000,0,15955000,13678000
2448,晶電            ,12298000,2701000,9597000,0,0,0,228000,0,228000,520000,1228000,517000,711000,50000,241000,-191000,10345000
2409,友達            ,16190148,6135420,10054728,0,0,0,2000,0,2000,227000,1589000,372000,1217000,56000,1046000,-990000,10283728
00637L,元大滬深300正2  ,2446000,11011000,-8565000,0,0,0,0,0,0,18069000,0,0,0,25941000,7872000,18069000,9504000
3037,欣興            ,12396000,4396197,7999803,0,0,0,1540000,853000,687000,201000,243000,290000,-47000,434000,186000,248000,8887803
2317,鴻海            ,17116666,8251932,8864734,0,0,0,255000,0,255000,-369000,187000,61000,126000,1406000,1901000,-495000,8750734
2885,元大金          ,9579097,1995836,7583261,0,0,0,37000,307000,-270000,381000,270000,0,270000,252000,141000,111000,7694261
6116,彩晶            ,17606000,12962000,4644000,0,0,0,2000,0,2000,1291000,260000,0,260000,1376000,345000,1031000,5937000
2303,聯電            ,17667837,11969807,5698030,0,0,0,254000,224000,30000,98000,186000,65000,121000,257000,280000,-23000,5826030
2890,永豐金          ,7353659,2506460,4847199,0,0,0,0,293000,-293000,234000,0,0,0,234000,0,234000,4788199
2474,可成            ,5397793,605819,4791974,0,0,0,5000,24000,-19000,-8000,22000,22000,0,64000,72000,-8000,4764974
2324,仁寶            ,5682459,869119,4813340,0,0,0,1000,113300,-112300,-17000,0,36000,-36000,23000,4000,19000,4684040
5880,合庫金          ,5722328,1402051,4320277,0,0,0,0,257000,-257000,406000,199000,0,199000,207000,0,207000,4469277
2337,旺宏            ,6349000,2158367,4190633,0,0,0,446000,45000,401000,-310000,541000,344000,197000,58000,565000,-507000,4281633
00673R,元大S&P原油反1  ,0,0,0,0,0,0,0,0,0,4200000,0,0,0,4496000,296000,4200000,4200000
2886,兆豐金          ,6330659,3846747,2483912,0,0,0,5000,298000,-293000,1744000,1608000,60000,1548000,266000,70000,196000,3934912
00861,元大全球未來通訊,11000,1000,10000,0,0,0,0,0,0,3915700,0,0,0,3976000,60300,3915700,3925700
054054,光磊國票97購02  ,0,0,0,0,0,0,0,0,0,3688000,0,0,0,3688000,0,3688000,3688000
2881,富邦金          ,5368997,1741285,3627712,0,0,0,6000,207000,-201000,87000,0,0,0,164000,77000,87000,3513712
2892,第一金          ,5991794,3225126,2766668,0,0,0,4000,280000,-276000,1011000,801000,0,801000,218000,8000,210000,3501668
2376,技嘉            ,3074000,344000,2730000,0,0,0,520000,0,520000,-67000,42000,18000,24000,27000,118000,-91000,3183000
2002,中鋼            ,4144335,987788,3156547,0,0,0,0,344000,-344000,272000,0,2000,-2000,274000,0,274000,3084547
04391P,玉晶光凱基95售03,0,0,0,0,0,0,0,0,0,2975000,0,0,0,2994000,19000,2975000,2975000
2344,華邦電          ,5981924,2798404,3183520,0,0,0,2000,29589,-27589,-264000,0,0,0,21000,285000,-264000,2891931
020012,富邦行動通訊N   ,0,0,0,0,0,0,0,0,0,2869000,0,0,0,3409000,540000,2869000,2869000
5876,上海商銀        ,3657395,802216,2855179,0,0,0,0,6000,-6000,-94000,238000,200000,38000,131000,263000,-132000,2755179
2387,精元            ,2327000,487965,1839035,0,0,0,560000,9000,551000,32000,0,0,0,47000,15000,32000,2422035
2504,國產            ,5869000,4702000,1167000,0,0,0,820000,0,820000,433000,436000,3000,433000,0,0,0,2420000
3036,文曄            ,3859000,1381000,2478000,0,0,0,3000,0,3000,-80000,0,0,0,0,80000,-80000,2401000
2867,三商壽          ,2546000,246000,2300000,0,0,0,0,0,0,-9000,0,9000,-9000,0,0,0,2291000
053447,京鼎凱基96購03  ,0,0,0,0,0,0,0,0,0,2283000,0,0,0,2299000,16000,2283000,2283000
2880,華南金          ,3475102,1224689,2250413,0,0,0,8000,252000,-244000,199000,0,0,0,201000,2000,199000,2205413
3049,和鑫            ,1096000,499000,597000,0,0,0,1626000,44000,1582000,14000,0,0,0,73000,59000,14000,2193000
2360,致茂            ,2572100,505000,2067100,0,0,0,13000,458,12542,-28000,13000,48000,-35000,12000,5000,7000,2051642
049220,聯發科國票95購02,0,0,0,0,0,0,0,0,0,2041000,0,0,0,2049000,8000,2041000,2041000
054125,元油反元大96購09,0,0,0,0,0,0,0,0,0,2033000,0,0,0,2063000,30000,2033000,2033000
2308,台達電          ,6960890,5041119,1919771,0,0,0,22000,18000,4000,13000,36000,4000,32000,53000,72000,-19000,1936771
2834,臺企銀          ,5615726,3514788,2100938,0,0,0,0,149000,-149000,-94000,0,0,0,0,94000,-94000,1857938
2408,南亞科          ,3624917,2078556,1546361,0,0,0,90000,185000,-95000,350000,337000,35000,302000,114000,66000,48000,1801361
00633L,富邦上証正2     ,74000,1160000,-1086000,0,0,0,0,0,0,2830000,76000,17000,59000,3855000,1084000,2771000,1744000
04588P,茂林永豐94售04  ,0,0,0,0,0,0,0,0,0,1741000,0,0,0,1741000,0,1741000,1741000
2887,台新金          ,6659890,4964840,1695050,0,0,0,0,283000,-283000,325000,30000,0,30000,295000,0,295000,1737050
2049,上銀            ,2976131,1630522,1345609,0,0,0,444000,2130,441870,-54000,98000,169000,-71000,82000,65000,17000,1733479
00639,富邦深100       ,1074000,0,1074000,0,0,0,0,0,0,647000,0,0,0,1454000,807000,647000,1721000
048381,T50反1國票94購03,0,0,0,0,0,0,0,0,0,1690000,0,0,0,2399000,709000,1690000,1690000
03033P,微星國票03售01  ,0,0,0,0,0,0,0,0,0,1681000,0,0,0,2012000,331000,1681000,1681000
03237P,大立光元大02售04,0,0,0,0,0,0,0,0,0,1673000,0,0,0,1673000,0,1673000,1673000
04422P,玉晶光永豐94售03,0,0,0,0,0,0,0,0,0,1592000,0,0,0,1793000,201000,1592000,1592000
2603,長榮            ,1883768,1285500,598268,0,0,0,386000,0,386000,598000,920000,450000,470000,128000,0,128000,1582268
00643,群益深証中小    ,1145000,12000,1133000,0,0,0,0,0,0,426000,0,0,0,826000,400000,426000,1559000
051133,台積電永豐95購02,0,0,0,0,0,0,0,0,0,1552000,0,0,0,2478000,926000,1552000,1552000
045024,宏達電兆豐93購01,0,1000000,-1000000,0,0,0,0,0,0,2501000,0,0,0,2502000,1000,2501000,1501000
047418,智邦富邦97購01  ,0,0,0,0,0,0,0,0,0,1466000,0,0,0,1615000,149000,1466000,1466000
2377,微星            ,1707679,260288,1447391,0,0,0,11000,50000,-39000,57000,116000,10000,106000,21000,70000,-49000,1465391
9105,泰金寶-DR       ,1473000,26000,1447000,0,0,0,0,0,0,0,0,0,0,0,0,0,1447000
042255,群創國票92購01  ,0,0,0,0,0,0,0,0,0,1436000,0,0,0,1555000,119000,1436000,1436000
00636,國泰中國A50     ,144000,0,144000,0,0,0,0,0,0,1290000,10000,10000,0,1436000,146000,1290000,1434000
2313,華通            ,2415000,1072000,1343000,0,0,0,291000,273000,18000,64000,74000,149000,-75000,265000,126000,139000,1425000
047950,滬深2X永豐94購02,0,0,0,0,0,0,0,0,0,1425000,0,0,0,1765000,340000,1425000,1425000
2801,彰銀            ,2257315,831596,1425719,0,0,0,17000,169000,-152000,141000,2000,0,2000,139000,0,139000,1414719
2882,國泰金          ,4326766,2894569,1432197,0,0,0,0,241000,-241000,176000,0,0,0,183000,7000,176000,1367197
05170P,世芯元大95售01  ,0,0,0,0,0,0,0,0,0,1363000,0,0,0,1423000,60000,1363000,1363000
044974,鴻海國票94購01  ,0,0,0,0,0,0,0,0,0,1346000,0,0,0,2770000,1424000,1346000,1346000
3682,亞太電          ,1772865,436000,1336865,0,0,0,0,0,0,-6000,1000,7000,-6000,0,0,0,1330865
047090,緯創元富93購01  ,0,0,0,0,0,0,0,0,0,1325000,0,0,0,1330000,5000,1325000,1325000
052732,新唐國泰97購01  ,0,0,0,0,0,0,0,0,0,1324000,0,0,0,1324000,0,1324000,1324000
051156,鴻海富邦97購01  ,0,0,0,0,0,0,0,0,0,1320000,0,0,0,1496000,176000,1320000,1320000
051751,聯茂富邦95購01  ,0,0,0,0,0,0,0,0,0,1293000,0,0,0,1299000,6000,1293000,1293000
047078,上海銀兆豐93購01,0,0,0,0,0,0,0,0,0,1290000,0,0,0,1292000,2000,1290000,1290000
6251,定穎            ,1217000,942000,275000,0,0,0,134000,0,134000,860000,900000,40000,860000,0,0,0,1269000
2367,燿華            ,1644000,246000,1398000,0,0,0,6000,30000,-24000,-110000,0,0,0,3000,113000,-110000,1264000
4927,泰鼎-KY         ,1069000,319000,750000,0,0,0,1173000,223,1172777,-697000,74000,264000,-190000,76000,583000,-507000,1225777
03109P,台積電元大01售41,0,0,0,0,0,0,0,0,0,1208000,0,0,0,1208000,0,1208000,1208000
044201,群創國票95購01  ,0,0,0,0,0,0,0,0,0,1205000,0,0,0,1788000,583000,1205000,1205000
048346,智易元大95購01  ,0,0,0,0,0,0,0,0,0,1189000,0,0,0,1189000,0,1189000,1189000
053167,欣興群益96購03  ,0,0,0,0,0,0,0,0,0,1174000,0,0,0,1384000,210000,1174000,1174000
051113,聯電元富95購01  ,0,0,0,0,0,0,0,0,0,1155000,0,0,0,1184000,29000,1155000,1155000
040197,晶電群益92購01  ,0,0,0,0,0,0,0,0,0,1154000,0,0,0,1169000,15000,1154000,1154000
053444,奇力新凱基96購03,0,0,0,0,0,0,0,0,0,1153000,0,0,0,1320000,167000,1153000,1153000
045897,泰鼎元大93購04  ,0,0,0,0,0,0,0,0,0,1148000,0,0,0,1148000,0,1148000,1148000
050882,華泰國泰96購01  ,0,0,0,0,0,0,0,0,0,1100000,0,0,0,1200000,100000,1100000,1100000
00655L,國泰中國A50正2  ,0,564000,-564000,0,0,0,0,0,0,1646000,0,0,0,2157000,511000,1646000,1082000
048063,聯發科統一93購03,0,0,0,0,0,0,0,0,0,1061000,0,0,0,1062000,1000,1061000,1061000
053887,聯茂兆豐97購02  ,0,0,0,0,0,0,0,0,0,1052000,0,0,0,1117000,65000,1052000,1052000
047421,聯茂富邦97購01  ,0,0,0,0,0,0,0,0,0,1038000,0,0,0,1069000,31000,1038000,1038000
048402,聯茂兆豐95購01  ,0,0,0,0,0,0,0,0,0,1033000,0,0,0,1033000,0,1033000,1033000
049212,T50反1國票94購04,0,0,0,0,0,0,0,0,0,1032000,0,0,0,1615000,583000,1032000,1032000
051429,智邦元富95購01  ,0,0,0,0,0,0,0,0,0,1026000,0,0,0,1053000,27000,1026000,1026000
006205,富邦上証        ,901000,0,901000,0,0,0,0,0,0,103964,0,200000,-200000,1798462,1494498,303964,1004964
052314,鴻海元大96購11  ,0,0,0,0,0,0,0,0,0,1002000,0,0,0,1278000,276000,1002000,1002000
048448,京元電凱基93購05,0,0,0,0,0,0,0,0,0,998000,0,0,0,998000,0,998000,998000
05450P,臺股指元大95售27,0,0,0,0,0,0,0,0,0,994000,0,0,0,1002000,8000,994000,994000
051367,可成富邦97購01  ,0,0,0,0,0,0,0,0,0,991000,0,0,0,1011000,20000,991000,991000
03199P,台積電統一01售16,0,0,0,0,0,0,0,0,0,987000,0,0,0,1207000,220000,987000,987000
047628,新光金國票95購02,0,0,0,0,0,0,0,0,0,969000,0,0,0,990000,21000,969000,969000
051136,可成永豐95購02  ,0,0,0,0,0,0,0,0,0,958000,0,0,0,978000,20000,958000,958000
052680,T50反1元大96購04,0,0,0,0,0,0,0,0,0,938000,0,0,0,1204000,266000,938000,938000
050481,泰鼎國票96購01  ,0,0,0,0,0,0,0,0,0,926000,0,0,0,926000,0,926000,926000
050388,鴻海統一94購09  ,0,0,0,0,0,0,0,0,0,923000,0,0,0,1066000,143000,923000,923000
8039,台虹            ,544000,50000,494000,0,0,0,1000,0,1000,424000,407000,0,407000,22000,5000,17000,919000
1303,南亞            ,2138432,1172843,965589,0,0,0,2000,152000,-150000,100000,0,4000,-4000,124000,20000,104000,915589
1605,華新            ,1134000,176000,958000,0,0,0,0,3319,-3319,-40000,102000,0,102000,42000,184000,-142000,914681
04434P,玉晶光國票96售02,0,0,0,0,0,0,0,0,0,907000,0,0,0,1063000,156000,907000,907000
052301,華通康和95購01  ,0,0,0,0,0,0,0,0,0,900000,0,0,0,900000,0,900000,900000
044408,聯茂凱基93購02  ,0,0,0,0,0,0,0,0,0,897000,0,0,0,984000,87000,897000,897000
051359,中信金元大95購01,0,0,0,0,0,0,0,0,0,889000,0,0,0,1125000,236000,889000,889000
051188,鴻海兆豐95購01  ,0,0,0,0,0,0,0,0,0,887000,0,0,0,912000,25000,887000,887000
1904,正隆            ,944000,15000,929000,0,0,0,69000,0,69000,-115000,0,115000,-115000,0,0,0,883000
051888,國巨元富95購05  ,0,0,0,0,0,0,0,0,0,878000,0,0,0,898000,20000,878000,878000
04589P,祥碩永豐94售01  ,0,0,0,0,0,0,0,0,0,877000,0,0,0,907000,30000,877000,877000
047062,鴻海凱基93購24  ,0,0,0,0,0,0,0,0,0,867000,0,0,0,1505000,638000,867000,867000
020000,富邦特選蘋果N   ,0,0,0,0,0,0,0,0,0,866000,0,0,0,955000,89000,866000,866000
04939P,國巨國票95售03  ,0,0,0,0,0,0,0,0,0,851000,0,0,0,901000,50000,851000,851000
052030,GIS群益95購04   ,0,0,0,0,0,0,0,0,0,832000,0,0,0,832000,0,832000,832000
044429,元金2X元大94購04,0,0,0,0,0,0,0,0,0,825000,0,0,0,875000,50000,825000,825000
5522,遠雄            ,802000,31000,771000,0,0,0,0,0,0,50000,50000,0,50000,0,0,0,821000
051144,鴻海凱基95購12  ,0,0,0,0,0,0,0,0,0,819000,0,0,0,894000,75000,819000,819000
6239,力成            ,1896827,956404,940423,0,0,0,124000,334000,-210000,88000,121000,0,121000,2000,35000,-33000,818423
048931,晶華永豐94購01  ,0,0,0,0,0,0,0,0,0,815000,0,0,0,815000,0,815000,815000
054512,元油反元大99購03,0,0,0,0,0,0,0,0,0,808000,0,0,0,808000,0,808000,808000
08469P,富邦金凱基9C售01,0,0,0,0,0,0,0,0,0,803000,0,0,0,803000,0,803000,803000
043026,康友元大92購01  ,0,0,0,0,0,0,0,0,0,800000,0,0,0,800000,0,800000,800000
05449P,臺股指元大95售26,0,0,0,0,0,0,0,0,0,800000,0,0,0,950000,150000,800000,800000
053657,元大金凱基96購01,0,0,0,0,0,0,0,0,0,799000,0,0,0,814000,15000,799000,799000
2338,光罩            ,1886000,1164000,722000,0,0,0,61000,0,61000,12000,10000,11000,-1000,175000,162000,13000,795000
048269,瀚宇博國泰95購01,0,0,0,0,0,0,0,0,0,788000,0,0,0,838000,50000,788000,788000
047724,智邦群益93購03  ,0,0,0,0,0,0,0,0,0,784000,0,0,0,804000,20000,784000,784000
051153,鴻海國泰97購02  ,0,0,0,0,0,0,0,0,0,781000,0,0,0,1051000,270000,781000,781000
044291,群創凱基93購06  ,0,0,0,0,0,0,0,0,0,780000,0,0,0,4234000,3454000,780000,780000
044981,南亞科國票92購01,0,0,0,0,0,0,0,0,0,779000,0,0,0,779000,0,779000,779000
03777P,華通中信95售01  ,0,0,0,0,0,0,0,0,0,779000,0,0,0,779000,0,779000,779000
052225,台積電凱基96購03,0,0,0,0,0,0,0,0,0,777000,0,0,0,1831000,1054000,777000,777000
048237,致茂國票94購01  ,0,0,0,0,0,0,0,0,0,776000,0,0,0,786000,10000,776000,776000
051056,華新科群益95購03,0,0,0,0,0,0,0,0,0,774000,0,0,0,971000,197000,774000,774000
3042,晶技            ,956000,260000,696000,0,0,0,5000,67000,-62000,135000,143000,8000,135000,7000,7000,0,769000
2889,國票金          ,780000,20000,760000,0,0,0,1000,0,1000,0,0,0,0,0,0,0,761000
049371,可成元大94購04  ,0,0,0,0,0,0,0,0,0,760000,0,0,0,763000,3000,760000,760000
03841P,聯發科統一93售02,0,0,0,0,0,0,0,0,0,757000,0,0,0,769000,12000,757000,757000
8112,至上            ,767000,57000,710000,0,0,0,55000,11000,44000,0,0,0,0,0,0,0,754000
051626,可成麥證95購02  ,0,0,0,750000,0,750000,0,0,0,750000,0,0,0,750000,0,750000,750000
046134,致新國泰93購02  ,0,0,0,0,0,0,0,0,0,740000,0,0,0,740000,0,740000,740000
047759,復盛元富93購01  ,0,0,0,0,0,0,0,0,0,736000,0,0,0,744000,8000,736000,736000
2382,廣達            ,2039452,1376722,662730,0,0,0,1000,78000,-77000,148000,93000,0,93000,65000,10000,55000,733730
043870,光磊元大92購01  ,0,0,0,0,0,0,0,0,0,732000,0,0,0,742000,10000,732000,732000
051260,鴻海永昌96購04  ,0,0,0,0,0,0,0,0,0,732000,0,0,0,2930000,2198000,732000,732000
052020,聯茂永豐95購02  ,0,0,0,0,0,0,0,0,0,732000,0,0,0,918000,186000,732000,732000
055039,神達富邦99購01  ,0,0,0,0,0,0,0,0,0,721000,0,0,0,830000,109000,721000,721000
055239,帆宣台新97購01  ,0,0,0,0,0,0,0,0,0,719000,0,0,0,900000,181000,719000,719000
04930P,國巨統一94售08  ,0,0,0,0,0,0,0,0,0,718000,0,0,0,718000,0,718000,718000
053669,台積電統一96購08,0,0,0,0,0,0,0,0,0,717000,0,0,0,717000,0,717000,717000
054088,華新群益98購02  ,0,0,0,0,0,0,0,0,0,704000,0,0,0,704000,0,704000,704000
052871,群創凱基98購07  ,0,0,0,0,0,0,0,0,0,704000,0,0,0,1039000,335000,704000,704000
052115,T50反1國票95購03,0,0,0,0,0,0,0,0,0,692000,0,0,0,770000,78000,692000,692000
051573,鴻海元大95購15  ,0,0,0,0,0,0,0,0,0,691000,0,0,0,704000,13000,691000,691000
06081P,深中小元大97售02,0,0,0,0,0,0,0,0,0,690000,0,0,0,700000,10000,690000,690000
6282,康舒            ,850000,47000,803000,0,0,0,55000,1000,54000,-167000,22000,12000,10000,0,177000,-177000,690000
04799P,健策元大94售03  ,0,0,0,0,0,0,0,0,0,688000,0,0,0,688000,0,688000,688000
03960P,新日興元富96售02,0,0,0,0,0,0,0,0,0,674000,0,0,0,674000,0,674000,674000
050792,可成富邦96購01  ,0,0,0,0,0,0,0,0,0,672000,0,0,0,824000,152000,672000,672000
050603,致新國泰96購01  ,0,0,0,0,0,0,0,0,0,670000,0,0,0,680000,10000,670000,670000
3406,玉晶光          ,673000,411079,261921,0,0,0,51000,83,50917,355000,377000,47000,330000,33000,8000,25000,667838
047824,臺股指凱基93購18,0,0,0,0,0,0,0,0,0,667000,0,0,0,707000,40000,667000,667000
2352,佳世達          ,696000,178000,518000,0,0,0,173000,22662,150338,-3000,0,3000,-3000,0,0,0,665338
3711,日月光投控      ,4071425,3439229,632196,0,0,0,34000,92000,-58000,90312,31000,20000,11000,107312,28000,79312,664508
05163P,聯發科統一96售02,0,0,0,0,0,0,0,0,0,657000,0,0,0,687000,30000,657000,657000
049763,美食國泰96購01  ,0,0,0,0,0,0,0,0,0,652000,0,0,0,752000,100000,652000,652000
047967,南亞科國泰95購01,0,0,0,0,0,0,0,0,0,648000,0,0,0,693000,45000,648000,648000
00632R,元大台灣50反1   ,1000000,42000,958000,0,0,0,0,0,0,-311000,300000,2803000,-2503000,8213000,6021000,2192000,647000
2105,正新            ,832449,215692,616757,0,0,0,0,12000,-12000,36000,0,4000,-4000,40000,0,40000,640757
04946P,華通元大94售04  ,0,0,0,0,0,0,0,0,0,640000,0,0,0,661000,21000,640000,640000
2618,長榮航          ,2756773,1881018,875755,0,0,0,0,241000,-241000,3000,0,0,0,3000,0,3000,637755
1504,東元            ,1096000,170000,926000,0,0,0,4000,252000,-248000,-41000,0,2000,-2000,0,39000,-39000,637000
2542,興富發          ,875268,188536,686732,0,0,0,0,0,0,-53000,0,53000,-53000,0,0,0,633732
2838,聯邦銀          ,706000,75000,631000,0,0,0,0,0,0,0,0,0,0,0,0,0,631000
03955P,華通統一93售04  ,0,0,0,0,0,0,0,0,0,631000,0,0,0,631000,0,631000,631000
051889,智邦元富95購02  ,0,0,0,0,0,0,0,0,0,629000,0,0,0,630000,1000,629000,629000
3034,聯詠            ,1733283,768283,965000,0,0,0,0,270000,-270000,-67000,26000,72000,-46000,5000,26000,-21000,628000
047503,T50反1國票93購03,0,0,0,0,0,0,0,0,0,627000,0,0,0,900000,273000,627000,627000
051178,大立光凱基95購10,0,0,0,0,0,0,0,0,0,617000,0,0,0,732000,115000,617000,617000
052051,京鼎凱基95購01  ,0,0,0,0,0,0,0,0,0,617000,0,0,0,617000,0,617000,617000
00739,元大MSCI A股    ,0,0,0,0,0,0,0,0,0,615000,0,0,0,827000,212000,615000,615000
044964,旺宏中信94購01  ,0,0,0,0,0,0,0,0,0,611000,0,0,0,855000,244000,611000,611000
043671,GIS元大93購03   ,0,0,0,0,0,0,0,0,0,605000,0,0,0,625000,20000,605000,605000
05287P,鴻海元富95售09  ,0,0,0,0,0,0,0,0,0,605000,0,0,0,890000,285000,605000,605000
051107,鴻海統一95購05  ,0,0,0,0,0,0,0,0,0,603000,0,0,0,2462000,1859000,603000,603000
052499,合勤控永豐95購01,0,0,0,0,0,0,0,0,0,603000,0,0,0,613000,10000,603000,603000
051277,聯發科中信9A購01,0,0,0,0,0,0,0,0,0,601000,0,0,0,832000,231000,601000,601000
05776P,鴻海統一98售02  ,0,0,0,0,0,0,0,0,0,599000,0,0,0,631000,32000,599000,599000
047406,香港反統一94購01,0,0,0,0,0,0,0,0,0,596000,0,0,0,656000,60000,596000,596000
046897,康舒群益93購01  ,0,0,0,0,0,0,0,0,0,593000,0,0,0,595000,2000,593000,593000
050541,智邦凱基94購04  ,0,0,0,0,0,0,0,0,0,593000,0,0,0,794000,201000,593000,593000
047372,創意國票94購01  ,0,0,0,0,0,0,0,0,0,591000,0,0,0,591000,0,591000,591000
051558,元金2X國泰97購01,0,0,0,0,0,0,0,0,0,588000,0,0,0,610000,22000,588000,588000
054354,技嘉富邦97購01  ,0,0,0,0,0,0,0,0,0,586000,0,0,0,722000,136000,586000,586000
044269,群創中信95購01  ,0,0,0,0,0,0,0,0,0,581000,0,0,0,648000,67000,581000,581000
042724,群創群益93購01  ,0,0,0,0,0,0,0,0,0,580000,0,0,0,641000,61000,580000,580000
052793,健鼎兆豐96購01  ,0,0,0,0,0,0,0,0,0,576000,0,0,0,582000,6000,576000,576000
047586,聯發科永豐94購01,0,0,0,0,0,0,0,0,0,574000,0,0,0,1893000,1319000,574000,574000
00783,富邦中証500     ,0,0,0,0,0,0,0,0,0,573000,0,0,0,1361000,788000,573000,573000
047325,材料元大93購01  ,0,0,0,0,0,0,0,0,0,565000,0,0,0,635000,70000,565000,565000
2845,遠東銀          ,616000,12000,604000,0,0,0,0,40000,-40000,0,0,0,0,0,0,0,564000
036805,國巨元富93購02  ,0,0,0,0,0,0,0,0,0,564000,0,0,0,619000,55000,564000,564000
052233,台郡凱基96購01  ,0,0,0,0,0,0,0,0,0,563000,0,0,0,723000,160000,563000,563000
052768,泰鼎群益96購01  ,0,0,0,0,0,0,0,0,0,560000,0,0,0,605000,45000,560000,560000
05688P,臺股指元大96售13,0,0,0,0,0,0,0,0,0,559000,0,0,0,571000,12000,559000,559000
04455P,台積電統一94售07,0,0,0,0,0,0,0,0,0,557000,0,0,0,557000,0,557000,557000
047146,智邦群益93購01  ,0,0,0,0,0,0,0,0,0,557000,0,0,0,588000,31000,557000,557000
3023,信邦            ,587680,359675,228005,0,0,0,226000,1246,224754,104000,148000,0,148000,4000,48000,-44000,556759
00642U,元大S&P石油     ,473000,73000,400000,0,0,0,0,0,0,155000,0,0,0,314000,159000,155000,555000
055148,鴻海元大98購02  ,0,0,0,0,0,0,0,0,0,552000,0,0,0,593000,41000,552000,552000
050094,T50反1國泰95購01,0,0,0,0,0,0,0,0,0,551000,0,0,0,616000,65000,551000,551000
044187,泰鼎國泰93購01  ,0,0,0,0,0,0,0,0,0,546000,0,0,0,547000,1000,546000,546000
05523P,聯發科國票96售04,0,0,0,0,0,0,0,0,0,545000,0,0,0,545000,0,545000,545000
044289,群創凱基93購04  ,0,0,0,0,0,0,0,0,0,542000,0,0,0,545000,3000,542000,542000
047802,滬深2X凱基95購03,0,0,0,0,0,0,0,0,0,539000,0,0,0,896000,357000,539000,539000
047394,合勤控元大93購02,0,0,0,0,0,0,0,0,0,533000,0,0,0,533000,0,533000,533000
044798,鴻海凱基93購09  ,0,0,0,0,0,0,0,0,0,530000,0,0,0,819000,289000,530000,530000
055065,神達永豐97購01  ,0,0,0,0,0,0,0,0,0,526000,0,0,0,546000,20000,526000,526000
043010,友達元大92購01  ,0,0,0,0,0,0,0,0,0,526000,0,0,0,526000,0,526000,526000
04551P,台表科元大94售02,0,0,0,0,0,0,0,0,0,525000,0,0,0,525000,0,525000,525000
047965,景碩中信93購01  ,0,0,0,0,0,0,0,0,0,525000,0,0,0,525000,0,525000,525000
054283,元油反元大99購02,0,0,0,0,0,0,0,0,0,525000,0,0,0,525000,0,525000,525000
049473,光罩永豐94購03  ,0,0,0,0,0,0,0,0,0,524000,0,0,0,575000,51000,524000,524000
051792,泰鼎國票96購02  ,0,0,0,0,0,0,0,0,0,521000,0,0,0,523000,2000,521000,521000
052926,旺宏元大98購02  ,0,0,0,0,0,0,0,0,0,520000,0,0,0,598000,78000,520000,520000
050490,上証2X國泰95購01,0,0,0,0,0,0,0,0,0,519000,0,0,0,527000,8000,519000,519000
045031,上銀群益93購02  ,0,0,0,0,0,0,0,0,0,517000,0,0,0,615000,98000,517000,517000
0061,元大寶滬深      ,119000,0,119000,0,0,0,0,0,0,394000,30000,0,30000,364000,0,364000,513000
3019,亞光            ,895000,434000,461000,0,0,0,0,8294,-8294,57000,52000,0,52000,62000,57000,5000,509706
049824,鴻海凱基94購18  ,0,0,0,0,0,0,0,0,0,509000,0,0,0,617000,108000,509000,509000
046173,聯發科永豐92購01,0,0,0,0,0,0,0,0,0,507000,0,0,0,847000,340000,507000,507000
03266P,寶成國票04售01  ,0,0,0,0,0,0,0,0,0,505000,0,0,0,505000,0,505000,505000
050214,嘉晶台新94購01  ,0,0,0,0,0,0,0,0,0,505000,0,0,0,505000,0,505000,505000
047972,康控富邦95購01  ,0,0,0,0,0,0,0,0,0,503000,0,0,0,517000,14000,503000,503000
054847,創意兆豐97購01  ,0,0,0,0,0,0,0,0,0,502000,0,0,0,552000,50000,502000,502000
04773P,金融類元大94售01,0,0,0,0,0,0,0,0,0,500000,0,0,0,500000,0,500000,500000
05684P,臺股指元大96售09,0,0,0,0,0,0,0,0,0,499000,0,0,0,499000,0,499000,499000
03967P,聯發科國票93售04,0,0,0,0,0,0,0,0,0,499000,0,0,0,499000,0,499000,499000
052198,鴻海統一95購10  ,0,0,0,0,0,0,0,0,0,499000,0,0,0,499000,0,499000,499000
048224,聯發科凱基93購31,0,0,0,0,0,0,0,0,0,495000,0,0,0,645000,150000,495000,495000
052559,茂林國票97購01  ,0,0,0,0,0,0,0,0,0,495000,0,0,0,495000,0,495000,495000
05479P,華新科台新96售01,0,0,0,0,0,0,0,0,0,493000,0,0,0,503000,10000,493000,493000
047375,GIS國票93購02   ,0,0,0,0,0,0,0,0,0,493000,0,0,0,493000,0,493000,493000
3005,神基            ,928000,401000,527000,0,0,0,0,0,0,-35000,16000,0,16000,11000,62000,-51000,492000
052823,創意永豐96購02  ,0,0,0,0,0,0,0,0,0,492000,0,0,0,525000,33000,492000,492000
050714,深中小群益98購01,0,0,0,0,0,0,0,0,0,490000,0,0,0,530000,40000,490000,490000
051396,健鼎兆豐95購01  ,0,0,0,0,0,0,0,0,0,490000,0,0,0,490000,0,490000,490000
050849,智伸科國票95購01,0,0,0,0,0,0,0,0,0,485000,0,0,0,485000,0,485000,485000
051762,國泰金元大95購01,0,0,0,0,0,0,0,0,0,484000,0,0,0,490000,6000,484000,484000
051268,創意富邦97購01  ,0,0,0,0,0,0,0,0,0,483000,0,0,0,555000,72000,483000,483000
051549,健鼎永豐95購01  ,0,0,0,0,0,0,0,0,0,483000,0,0,0,483000,0,483000,483000
06129P,玉晶光元富97售06,0,0,0,0,0,0,0,0,0,477000,0,0,0,503000,26000,477000,477000
055379,牧德元大97購03  ,0,0,0,0,0,0,0,0,0,476000,0,0,0,631000,155000,476000,476000
054390,智邦元富96購03  ,0,0,0,0,0,0,0,0,0,476000,0,0,0,482000,6000,476000,476000
054535,旺宏富邦97購02  ,0,0,0,0,0,0,0,0,0,471000,0,0,0,558000,87000,471000,471000
054450,聯茂第一96購01  ,0,0,0,0,0,0,0,0,0,470000,0,0,0,470000,0,470000,470000
044615,聯茂兆豐93購01  ,0,0,0,0,0,0,0,0,0,466000,0,0,0,526000,60000,466000,466000
2633,台灣高鐵        ,1029332,491604,537728,0,0,0,1000,0,1000,-73000,0,80000,-80000,46000,39000,7000,465728
055317,金寶國票98購01  ,0,0,0,0,0,0,0,0,0,460000,0,0,0,530000,70000,460000,460000
05491P,茂林元大95售04  ,0,0,0,0,0,0,0,0,0,460000,0,0,0,583000,123000,460000,460000
6271,同欣電          ,613000,73000,540000,0,0,0,0,60000,-60000,-21000,124000,99000,25000,15000,61000,-46000,459000
048753,智伸科元富94購01,0,0,0,0,0,0,0,0,0,459000,0,0,0,486000,27000,459000,459000
052070,GIS兆豐95購03   ,0,0,0,0,0,0,0,0,0,459000,0,0,0,459000,0,459000,459000
2905,三商            ,525000,62000,463000,0,0,0,0,0,0,-6000,0,6000,-6000,0,0,0,457000
3030,德律            ,427000,14000,413000,0,0,0,4000,0,4000,40000,40000,0,40000,0,0,0,457000
044312,A50正2永豐92購01,0,0,0,0,0,0,0,0,0,457000,0,0,0,457000,0,457000,457000
051547,健鼎康和95購01  ,0,0,0,0,0,0,0,0,0,457000,0,0,0,457000,0,457000,457000
045893,貿聯元大92購04  ,0,0,0,0,0,0,0,0,0,455000,0,0,0,455000,0,455000,455000
050884,聯茂國泰96購01  ,0,0,0,0,0,0,0,0,0,455000,0,0,0,515000,60000,455000,455000
054076,義隆第一96購01  ,0,0,0,0,0,0,0,0,0,453000,0,0,0,453000,0,453000,453000
2107,厚生            ,249000,10000,239000,0,0,0,213000,0,213000,0,0,0,0,0,0,0,452000
1909,榮成            ,562000,166000,396000,0,0,0,50000,0,50000,6000,6000,0,6000,0,0,0,452000
044496,群創元大93購02  ,0,0,0,0,0,0,0,0,0,452000,0,0,0,467000,15000,452000,452000
00653L,富邦印度正2     ,0,0,0,0,0,0,0,0,0,452000,0,0,0,536000,84000,452000,452000
045619,強茂永豐92購01  ,0,0,0,0,0,0,0,0,0,450000,0,0,0,450000,0,450000,450000
049241,智邦元富94購01  ,0,0,0,0,0,0,0,0,0,450000,0,0,0,450000,0,450000,450000
06161P,聯發科群益97售03,0,0,0,0,0,0,0,0,0,447000,0,0,0,447000,0,447000,447000
046473,晶技永豐92購01  ,0,0,0,0,0,0,0,0,0,446000,0,0,0,446000,0,446000,446000
053559,台積電國泰98購01,0,0,0,0,0,0,0,0,0,446000,0,0,0,760000,314000,446000,446000
055647,義隆元富97購01  ,0,0,0,0,0,0,0,0,0,441000,0,0,0,449000,8000,441000,441000
044052,鴻海元大92購04  ,0,0,0,0,0,0,0,0,0,440000,0,0,0,481000,41000,440000,440000
044997,信邦國泰93購01  ,0,0,0,0,0,0,0,0,0,440000,0,0,0,455000,15000,440000,440000
048178,上銀富邦95購02  ,0,0,0,0,0,0,0,0,0,440000,0,0,0,1026000,586000,440000,440000
2345,智邦            ,2543502,1854966,688536,0,0,0,67000,3650,63350,-313000,63000,158000,-95000,4000,222000,-218000,438886
051803,矽創永豐95購03  ,0,0,0,0,0,0,0,0,0,438000,0,0,0,438000,0,438000,438000
2421,建準            ,639000,136000,503000,0,0,0,0,241,-241,-66000,0,0,0,2000,68000,-66000,436759
05205P,緯穎元大95售03  ,0,0,0,0,0,0,0,0,0,436000,0,0,0,461000,25000,436000,436000
04608P,晶相光永豐94售02,0,0,0,0,0,0,0,0,0,431000,0,0,0,434000,3000,431000,431000
054833,京鼎中信97購01  ,0,0,0,0,0,0,0,0,0,429000,0,0,0,431000,2000,429000,429000
051500,聯茂群益95購01  ,0,0,0,0,0,0,0,0,0,429000,0,0,0,461000,32000,429000,429000
051891,智邦元富95購04  ,0,0,0,0,0,0,0,0,0,428000,0,0,0,428000,0,428000,428000
08795P,聯發科凱基01售11,0,0,0,0,0,0,0,0,0,427000,0,0,0,520000,93000,427000,427000
4142,國光生          ,505000,124000,381000,0,0,0,0,0,0,45000,45000,0,45000,0,0,0,426000
051259,鴻海永昌96購03  ,0,0,0,0,0,0,0,0,0,426000,0,0,0,2640000,2214000,426000,426000
050914,健鼎中信95購01  ,0,0,0,0,0,0,0,0,0,425000,0,0,0,433000,8000,425000,425000
2301,光寶科          ,1507921,1106455,401466,0,0,0,1000,0,1000,22000,1000,0,1000,56000,35000,21000,424466
1519,華城            ,594000,70000,524000,0,0,0,0,100000,-100000,0,0,0,0,0,0,0,424000
045287,元油2X元大95購01,0,0,0,0,0,0,0,0,0,422000,0,0,0,427000,5000,422000,422000
04310P,京元電統一93售03,0,0,0,0,0,0,0,0,0,422000,0,0,0,422000,0,422000,422000
046574,泰鼎國泰94購01  ,0,0,0,0,0,0,0,0,0,421000,0,0,0,486000,65000,421000,421000
06097P,茂林永豐97售01  ,0,0,0,0,0,0,0,0,0,420000,0,0,0,420000,0,420000,420000
046745,國喬凱基93購01  ,0,0,0,0,0,0,0,0,0,420000,0,0,0,420000,0,420000,420000
6451,訊芯-KY         ,434000,96000,338000,0,0,0,143000,45,142955,-61000,3000,42000,-39000,9000,31000,-22000,419955
3017,奇鋐            ,310000,161000,149000,0,0,0,320000,7000,313000,-45000,0,0,0,4000,49000,-45000,417000
044255,群創元大93購01  ,0,0,0,0,0,0,0,0,0,417000,0,0,0,450000,33000,417000,417000
051410,京元電國票96購01,0,0,0,0,0,0,0,0,0,416000,0,0,0,772000,356000,416000,416000
05351P,臺股指元富95售05,0,0,0,0,0,0,0,0,0,415000,0,0,0,475000,60000,415000,415000
053944,亞泥富邦97購01  ,0,0,0,0,0,0,0,0,0,415000,0,0,0,415000,0,415000,415000
06286P,世芯國票97售02  ,0,0,0,0,0,0,0,0,0,413000,0,0,0,415000,2000,413000,413000
054982,國巨元富97購03  ,0,0,0,0,0,0,0,0,0,412000,0,0,0,412000,0,412000,412000
053114,聯茂兆豐97購01  ,0,0,0,0,0,0,0,0,0,410000,0,0,0,430000,20000,410000,410000
2883,開發金          ,7134786,6620305,514481,0,0,0,2000,385000,-383000,278000,9000,0,9000,309000,40000,269000,409481
5469,瀚宇博          ,772000,154000,618000,0,0,0,39000,0,39000,-248000,0,50000,-50000,1000,199000,-198000,409000
051405,世芯永豐95購01  ,0,0,0,0,0,0,0,0,0,409000,0,0,0,495000,86000,409000,409000
053070,訊芯群益96購01  ,0,0,0,0,0,0,0,0,0,407000,0,0,0,410000,3000,407000,407000
049021,慧洋群益94購01  ,0,0,0,0,0,0,0,0,0,406000,0,0,0,407000,1000,406000,406000
055081,健鼎中信97購01  ,0,0,0,0,0,0,0,0,0,405000,0,0,0,405000,0,405000,405000
04331P,健策國票93售02  ,0,0,0,0,0,0,0,0,0,400000,0,0,0,400000,0,400000,400000
047501,合勤控永豐93購01,0,0,0,0,0,0,0,0,0,400000,0,0,0,400000,0,400000,400000
045854,貿聯富邦93購01  ,0,0,0,0,0,0,0,0,0,398000,0,0,0,408000,10000,398000,398000
6669,緯穎            ,632329,189140,443189,0,0,0,10000,70000,-60000,14000,45000,8000,37000,7000,30000,-23000,397189
05638P,國巨統一96售04  ,0,0,0,0,0,0,0,0,0,397000,0,0,0,397000,0,397000,397000
053452,臺股指凱基97購01,0,0,0,0,0,0,0,0,0,397000,0,0,0,592000,195000,397000,397000
045128,旺宏統一92購01  ,0,0,0,0,0,0,0,0,0,396000,0,0,0,402000,6000,396000,396000
053564,台積電富邦99購01,0,0,0,0,0,0,0,0,0,396000,0,0,0,2257000,1861000,396000,396000
05186P,鈺齊中信95售02  ,0,0,0,0,0,0,0,0,0,396000,0,0,0,396000,0,396000,396000
053851,鴻海國泰98購03  ,0,0,0,0,0,0,0,0,0,395000,0,0,0,416000,21000,395000,395000
050309,亞泥兆豐94購01  ,0,0,0,0,0,0,0,0,0,394000,0,0,0,420000,26000,394000,394000
053852,南亞科國泰98購01,0,0,0,0,0,0,0,0,0,394000,0,0,0,437000,43000,394000,394000
046888,鴻海群益93購05  ,0,0,0,0,0,0,0,0,0,393000,0,0,0,785000,392000,393000,393000
044290,群創凱基93購05  ,0,0,0,0,0,0,0,0,0,393000,0,0,0,526000,133000,393000,393000
08653P,台灣50凱基96售07,0,0,0,0,0,0,0,0,0,392000,0,0,0,392000,0,392000,392000
050978,鴻海元富95購03  ,0,0,0,0,0,0,0,0,0,392000,0,0,0,413000,21000,392000,392000
051063,台郡群益95購01  ,0,0,0,0,0,0,0,0,0,392000,0,0,0,417000,25000,392000,392000
051827,智邦元大95購04  ,0,0,0,0,0,0,0,0,0,389000,0,0,0,580000,191000,389000,389000
045311,GIS元大94購01   ,0,0,0,0,0,0,0,0,0,388000,0,0,0,389000,1000,388000,388000
052152,創意富邦98購01  ,0,0,0,0,0,0,0,0,0,388000,0,0,0,398000,10000,388000,388000
048775,智伸科凱基94購01,0,0,0,0,0,0,0,0,0,385000,0,0,0,385000,0,385000,385000
053083,中環元大99購01  ,0,0,0,0,0,0,0,0,0,385000,0,0,0,385000,0,385000,385000
04796P,聯發科元大94售10,0,0,0,0,0,0,0,0,0,384000,0,0,0,385000,1000,384000,384000
6670,復盛應用        ,447000,56000,391000,0,0,0,0,0,0,-8000,10000,1000,9000,0,17000,-17000,383000
049154,玉晶光元大95購02,0,0,0,0,0,0,0,0,0,383000,0,0,0,388000,5000,383000,383000
00766L,台新MSCI中國正2 ,0,0,0,0,0,0,0,0,0,382000,0,0,0,466000,84000,382000,382000
049043,新唐兆豐94購01  ,0,0,0,0,0,0,0,0,0,382000,0,0,0,382000,0,382000,382000
044985,聯茂國票92購01  ,0,0,0,0,0,0,0,0,0,381000,0,0,0,381000,0,381000,381000
3437,榮創            ,481000,101000,380000,0,0,0,0,0,0,0,0,0,0,0,0,0,380000
2458,義隆            ,520000,200000,320000,0,0,0,239000,0,239000,-179000,63000,35000,28000,8000,215000,-207000,380000
3698,隆達            ,707000,203000,504000,0,0,0,0,0,0,-126000,0,125000,-125000,0,1000,-1000,378000
049459,全新元富95購02  ,0,0,0,0,0,0,0,0,0,377000,0,0,0,377000,0,377000,377000
052148,康友群益95購03  ,0,0,0,0,0,0,0,0,0,377000,0,0,0,380000,3000,377000,377000
051644,聯茂康和95購01  ,0,0,0,0,0,0,0,0,0,376000,0,0,0,376000,0,376000,376000
04905P,國巨國票94售04  ,0,0,0,0,0,0,0,0,0,375000,0,0,0,415000,40000,375000,375000
052648,茂林永豐96購01  ,0,0,0,0,0,0,0,0,0,375000,0,0,0,380000,5000,375000,375000
2316,楠梓電          ,490000,82000,408000,0,0,0,3000,0,3000,-37000,0,0,0,5000,42000,-37000,374000
054980,國巨元富97購01  ,100000,0,100000,0,0,0,0,0,0,274000,0,0,0,472000,198000,274000,374000
053219,祥碩凱基96購01  ,0,0,0,0,0,0,0,0,0,374000,0,0,0,451000,77000,374000,374000
2823,中壽            ,2016600,1725467,291133,0,0,0,2000,0,2000,80000,0,0,0,80000,0,80000,373133
051311,瑞昱麥證95購01  ,0,0,0,683000,310000,373000,0,0,0,373000,0,0,0,683000,310000,373000,373000
047483,新光金凱基99購04,0,0,0,0,0,0,0,0,0,372000,0,0,0,412000,40000,372000,372000
2323,中環            ,795000,453525,341475,0,0,0,16000,0,16000,13000,0,0,0,86000,73000,13000,370475
1513,中興電          ,691000,260000,431000,0,0,0,50000,80000,-30000,-31000,0,31000,-31000,0,0,0,370000
046552,晶技麥證92購01  ,0,0,0,370000,0,370000,0,0,0,370000,0,0,0,370000,0,370000,370000
055403,泰鼎元富97購01  ,0,0,0,0,0,0,0,0,0,369000,0,0,0,369000,0,369000,369000
049217,智邦國票95購01  ,0,0,0,0,0,0,0,0,0,369000,0,0,0,369000,0,369000,369000
051033,台積電兆豐95購03,0,0,0,0,0,0,0,0,0,368000,0,0,0,460000,92000,368000,368000
045872,元油2X元富98購03,50000,0,50000,0,0,0,0,0,0,317000,0,0,0,359000,42000,317000,367000
052526,智伸科元大96購02,0,0,0,0,0,0,0,0,0,365000,0,0,0,446000,81000,365000,365000
044346,力山富邦95購01  ,0,0,0,0,0,0,0,0,0,364000,0,0,0,464000,100000,364000,364000
054896,聯茂日盛97購01  ,0,0,0,0,0,0,0,0,0,363000,0,0,0,370000,7000,363000,363000
08637P,台灣50中信96售03,0,0,0,0,0,0,0,0,0,363000,0,0,0,593000,230000,363000,363000
044645,元金2X群益93購01,0,0,0,0,0,0,0,0,0,362000,0,0,0,363000,1000,362000,362000
2855,統一證          ,392000,54000,338000,0,0,0,23000,0,23000,0,0,0,0,0,0,0,361000
054726,台積電日盛97購01,0,0,0,0,0,0,0,0,0,360000,0,0,0,420000,60000,360000,360000
044970,大毅永豐92購01  ,0,0,0,0,0,0,0,0,0,359000,0,0,0,359000,0,359000,359000
3533,嘉澤            ,424000,67000,357000,0,0,0,49000,38090,10910,-9000,13000,12000,1000,0,10000,-10000,358910
9945,潤泰新          ,599533,216048,383485,0,0,0,35000,0,35000,-60000,0,60000,-60000,0,0,0,358485
050402,緯穎中信96購01  ,0,0,0,0,0,0,0,0,0,358000,0,0,0,365000,7000,358000,358000
051657,台郡元富98購01  ,0,0,0,0,0,0,0,0,0,358000,0,0,0,360000,2000,358000,358000
054071,泰鼎國泰97購02  ,0,0,0,0,0,0,0,0,0,357000,0,0,0,380000,23000,357000,357000
05175P,TPK富邦99售01   ,0,0,0,0,0,0,0,0,0,356000,0,0,0,386000,30000,356000,356000
052349,鴻海統一95購15  ,0,0,0,0,0,0,0,0,0,354000,0,0,0,354000,0,354000,354000
053029,國巨第一96購01  ,0,0,0,0,0,0,0,0,0,354000,0,0,0,631000,277000,354000,354000
6139,亞翔            ,316000,85000,231000,0,0,0,124000,195,123805,-2000,0,2000,-2000,0,0,0,352805
054893,帆宣統一99購01  ,0,0,0,0,0,0,0,0,0,352000,0,0,0,367000,15000,352000,352000
052684,旺宏元大98購01  ,0,0,0,0,0,0,0,0,0,352000,0,0,0,361000,9000,352000,352000
054282,泰鼎群益98購02  ,0,0,0,0,0,0,0,0,0,351000,0,0,0,374000,23000,351000,351000
054891,聯鈞統一99購02  ,0,0,0,0,0,0,0,0,0,350000,0,0,0,541000,191000,350000,350000
04408P,台積電統一94售06,0,0,0,0,0,0,0,0,0,350000,0,0,0,350000,0,350000,350000
053812,台積電群益96購09,0,0,0,0,0,0,0,0,0,349000,0,0,0,349000,0,349000,349000
054845,智邦兆豐98購01  ,0,0,0,0,0,0,0,0,0,347000,0,0,0,347000,0,347000,347000
06233P,訊芯永豐97售03  ,0,0,0,0,0,0,0,0,0,346000,0,0,0,350000,4000,346000,346000
04554P,可成中信94售01  ,0,0,0,0,0,0,0,0,0,343000,0,0,0,343000,0,343000,343000
8926,台汽電          ,339000,67000,272000,0,0,0,10000,0,10000,60000,69000,9000,60000,0,0,0,342000
054961,玉晶光元大99購01,0,0,0,0,0,0,0,0,0,342000,0,0,0,511000,169000,342000,342000
054967,神達元大97購01  ,0,0,0,0,0,0,0,0,0,340000,0,0,0,347000,7000,340000,340000
6257,矽格            ,391000,90000,301000,0,0,0,41000,0,41000,-2000,80000,9000,71000,1000,74000,-73000,340000
046568,臻鼎元富95購01  ,0,0,0,0,0,0,0,0,0,340000,0,0,0,340000,0,340000,340000
041409,創意中信93購01  ,0,0,0,0,0,0,0,0,0,340000,0,0,0,340000,0,340000,340000
051177,可成凱基95購05  ,0,0,0,0,0,0,0,0,0,340000,0,0,0,340000,0,340000,340000
047438,台光電元大93購06,0,0,0,0,0,0,0,0,0,339000,0,0,0,339000,0,339000,339000
051343,鴻海元大95購07  ,0,0,0,0,0,0,0,0,0,339000,0,0,0,442000,103000,339000,339000
05501P,健策國票97售01  ,0,0,0,0,0,0,0,0,0,337000,0,0,0,810000,473000,337000,337000
04268P,南電元富93售03  ,0,0,0,0,0,0,0,0,0,335000,0,0,0,335000,0,335000,335000
054112,台積電麥證96購02,0,0,0,371000,30000,341000,0,0,0,335000,0,0,0,371000,36000,335000,335000
052207,台郡中信95購02  ,0,0,0,0,0,0,0,0,0,335000,0,0,0,335000,0,335000,335000
044081,鴻海國票92購01  ,0,0,0,0,0,0,0,0,0,334000,0,0,0,334000,0,334000,334000
054520,健鼎元大96購02  ,0,0,0,0,0,0,0,0,0,334000,0,0,0,334000,0,334000,334000
054586,健鼎國泰99購01  ,0,0,0,0,0,0,0,0,0,333000,0,0,0,333000,0,333000,333000
052653,臺股指永豐97購01,0,0,0,0,0,0,0,0,0,333000,0,0,0,336000,3000,333000,333000
6269,台郡            ,1262000,1566000,-304000,0,0,0,578000,168000,410000,226000,395000,144000,251000,17000,42000,-25000,332000
047678,景碩台新93購01  ,0,0,0,0,0,0,0,0,0,331000,0,0,0,331000,0,331000,331000
048594,泰鼎群益93購02  ,0,0,0,0,0,0,0,0,0,330000,0,0,0,378000,48000,330000,330000
048627,T50反1元大96購02,0,0,0,0,0,0,0,0,0,330000,0,0,0,340000,10000,330000,330000
048211,大立光日盛93購01,0,0,0,0,0,0,0,0,0,330000,0,0,0,330000,0,330000,330000
055798,聯茂富邦98購01  ,0,0,0,0,0,0,0,0,0,329000,0,0,0,552000,223000,329000,329000
043282,美律元大92購02  ,0,0,0,0,0,0,0,0,0,329000,0,0,0,349000,20000,329000,329000
043765,GIS元大93購04   ,0,0,0,0,0,0,0,0,0,329000,0,0,0,329000,0,329000,329000
051300,台光電凱基96購02,0,0,0,0,0,0,0,0,0,329000,0,0,0,364000,35000,329000,329000
054331,世芯永豐96購03  ,0,0,0,0,0,0,0,0,0,329000,0,0,0,363000,34000,329000,329000
054702,智邦第一97購01  ,0,0,0,0,0,0,0,0,0,328000,0,0,0,328000,0,328000,328000
045483,智邦第一92購01  ,0,0,0,0,0,0,0,0,0,328000,0,0,0,328000,0,328000,328000
053858,台達電元大96購05,0,0,0,0,0,0,0,0,0,328000,0,0,0,359000,31000,328000,328000
05245P,台積電元大95售18,0,0,0,0,0,0,0,0,0,328000,0,0,0,328000,0,328000,328000
047624,台達電國票93購01,0,0,0,0,0,0,0,0,0,327000,0,0,0,623000,296000,327000,327000
054682,東元永豐97購01  ,0,0,0,0,0,0,0,0,0,327000,0,0,0,327000,0,327000,327000
045228,泰鼎元大93購01  ,0,0,0,0,0,0,0,0,0,326000,0,0,0,326000,0,326000,326000
053532,台積電永豐96購03,0,0,0,0,0,0,0,0,0,326000,0,0,0,374000,48000,326000,326000
06320P,上銀統一97售04  ,0,0,0,0,0,0,0,0,0,325000,0,0,0,325000,0,325000,325000
052405,聯茂凱基95購01  ,0,0,0,0,0,0,0,0,0,325000,0,0,0,338000,13000,325000,325000
047183,台光電元大93購05,0,0,0,0,0,0,0,0,0,324000,0,0,0,334000,10000,324000,324000
048661,瑞昱統一93購05  ,0,0,0,0,0,0,0,0,0,324000,0,0,0,339000,15000,324000,324000
050730,復盛國票94購01  ,0,0,0,0,0,0,0,0,0,324000,0,0,0,352000,28000,324000,324000
051216,為升元富95購01  ,0,0,0,0,0,0,0,0,0,324000,0,0,0,344000,20000,324000,324000
049284,瑞昱中信94購02  ,0,0,0,0,0,0,0,0,0,323000,0,0,0,323000,0,323000,323000
04288P,台積電中信95售06,0,0,0,0,0,0,0,0,0,322000,0,0,0,322000,0,322000,322000
045000,鴻海富邦93購01  ,0,0,0,0,0,0,0,0,0,321000,0,0,0,321000,0,321000,321000
051522,玉晶光凱基95購05,0,0,0,0,0,0,0,0,0,321000,0,0,0,331000,10000,321000,321000
03413B,臺股指凱基94熊19,0,0,0,0,0,0,0,0,0,320000,0,0,0,581000,261000,320000,320000
03984P,上銀群益93售05  ,0,0,0,0,0,0,0,0,0,320000,0,0,0,370000,50000,320000,320000
051377,鴻海群益95購07  ,0,0,0,0,0,0,0,0,0,320000,0,0,0,321000,1000,320000,320000
054021,義隆台新96購01  ,0,0,0,0,0,0,0,0,0,320000,0,0,0,320000,0,320000,320000
044764,聯茂凱基93購03  ,0,0,0,0,0,0,0,0,0,319000,0,0,0,335000,16000,319000,319000
054046,義隆元大96購02  ,0,0,0,0,0,0,0,0,0,319000,0,0,0,529000,210000,319000,319000
047614,台郡群益93購02  ,0,0,0,0,0,0,0,0,0,318000,0,0,0,330000,12000,318000,318000
07383P,聯發科群益99售06,0,0,0,0,0,0,0,0,0,317000,0,0,0,317000,0,317000,317000
050149,東元群益94購01  ,0,0,0,0,0,0,0,0,0,317000,0,0,0,322000,5000,317000,317000
042326,元油2X國票94購01,0,0,0,0,0,0,0,0,0,315000,0,0,0,350000,35000,315000,315000
050973,S&P反1統一95購01,0,0,0,0,0,0,0,0,0,315000,0,0,0,315000,0,315000,315000
051025,晶華統一95購01  ,0,0,0,0,0,0,0,0,0,314000,0,0,0,314000,0,314000,314000
04337P,台積電元大93售25,0,0,0,0,0,0,0,0,0,313000,0,0,0,313000,0,313000,313000
043650,喬山國泰93購02  ,0,0,0,0,0,0,0,0,0,312000,0,0,0,312000,0,312000,312000
04550P,超眾元大94售01  ,0,0,0,0,0,0,0,0,0,311000,0,0,0,311000,0,311000,311000
048395,南亞科國票93購02,0,0,0,0,0,0,0,0,0,311000,0,0,0,321000,10000,311000,311000
051895,聯茂元富95購02  ,0,0,0,0,0,0,0,0,0,311000,0,0,0,311000,0,311000,311000
05901P,臺股指凱基9C售01,0,0,0,0,0,0,0,0,0,310000,0,0,0,310000,0,310000,310000
046424,正文元大92購04  ,0,0,0,0,0,0,0,0,0,310000,0,0,0,310000,0,310000,310000
044890,卜蜂凱基93購01  ,0,0,0,0,0,0,0,0,0,310000,0,0,0,310000,0,310000,310000
050764,鴻海元大94購27  ,0,0,0,0,0,0,0,0,0,310000,0,0,0,612000,302000,310000,310000
051790,貿聯國票95購03  ,0,0,0,0,0,0,0,0,0,310000,0,0,0,310000,0,310000,310000
052087,鴻海元大96購09  ,0,0,0,0,0,0,0,0,0,310000,0,0,0,311000,1000,310000,310000
045056,欣興元富92購01  ,0,0,0,0,0,0,0,0,0,309000,0,0,0,309000,0,309000,309000
044620,上銀元大92購04  ,0,0,0,0,0,0,0,0,0,308000,0,0,0,453000,145000,308000,308000
055392,凱美統一97購03  ,0,0,0,0,0,0,0,0,0,306000,0,0,0,307000,1000,306000,306000
06066P,群創台新98售01  ,0,0,0,0,0,0,0,0,0,306000,0,0,0,306000,0,306000,306000
045280,儒鴻富邦94購01  ,0,0,0,0,0,0,0,0,0,306000,0,0,0,388000,82000,306000,306000
045206,創意國泰93購02  ,0,0,0,0,0,0,0,0,0,306000,0,0,0,356000,50000,306000,306000
052131,台積電凱基96購01,0,0,0,0,0,0,0,0,0,306000,0,0,0,467000,161000,306000,306000
052134,智邦凱基95購09  ,0,0,0,0,0,0,0,0,0,305000,0,0,0,398000,93000,305000,305000
6005,群益證          ,201000,140000,61000,0,0,0,246000,2706,243294,0,0,0,0,0,0,0,304294
047327,中磊元大93購04  ,0,0,0,0,0,0,0,0,0,304000,0,0,0,306000,2000,304000,304000
052399,台光電凱基95購03,0,0,0,0,0,0,0,0,0,303000,0,0,0,338000,35000,303000,303000
049924,欣興元大95購04  ,0,0,0,0,0,0,0,0,0,302000,0,0,0,302000,0,302000,302000
051592,健策元大96購05  ,0,0,0,0,0,0,0,0,0,302000,0,0,0,307000,5000,302000,302000
053568,智伸科富邦98購01,0,0,0,0,0,0,0,0,0,302000,0,0,0,344000,42000,302000,302000
2332,友訊            ,286000,236000,50000,0,0,0,0,0,0,251000,486000,0,486000,6000,241000,-235000,301000
047357,欣興麥證93購01  ,0,0,0,301000,0,301000,0,0,0,301000,0,0,0,301000,0,301000,301000
05530P,臺股指群益96售03,0,0,0,0,0,0,0,0,0,300000,0,0,0,300000,0,300000,300000
055100,得力凱基97購01  ,0,0,0,0,0,0,0,0,0,300000,0,0,0,300000,0,300000,300000
05493P,華新科富邦99售02,0,0,0,0,0,0,0,0,0,300000,0,0,0,300000,0,300000,300000
04363P,儒鴻元富94售01  ,0,0,0,0,0,0,0,0,0,300000,0,0,0,300000,0,300000,300000
044971,元油2X國票92購02,0,0,0,0,0,0,0,0,0,300000,0,0,0,300000,0,300000,300000
044427,群創國泰93購01  ,0,0,0,0,0,0,0,0,0,300000,0,0,0,300000,0,300000,300000
044254,深中小元大94購01,0,0,0,0,0,0,0,0,0,300000,0,0,0,400000,100000,300000,300000
04471P,華通元大95售03  ,0,0,0,0,0,0,0,0,0,300000,0,0,0,300000,0,300000,300000
04122P,瑞昱凱基93售09  ,0,0,0,0,0,0,0,0,0,300000,0,0,0,300000,0,300000,300000
03293P,和碩元大02售01  ,0,0,0,0,0,0,0,0,0,300000,0,0,0,300000,0,300000,300000
050037,金融類元大94購03,0,0,0,0,0,0,0,0,0,300000,0,0,0,300000,0,300000,300000
046431,中環第一92購01  ,0,0,0,0,0,0,0,0,0,300000,0,0,0,300000,0,300000,300000
051021,啟碁凱基95購02  ,0,0,0,0,0,0,0,0,0,300000,0,0,0,300000,0,300000,300000
047734,欣興兆豐94購02  ,0,0,0,0,0,0,0,0,0,300000,0,0,0,300000,0,300000,300000
051217,聯發科元富95購01,0,0,0,0,0,0,0,0,0,300000,0,0,0,310000,10000,300000,300000
048715,A50正2永豐94購01,0,0,0,0,0,0,0,0,0,300000,0,0,0,425000,125000,300000,300000
049361,華通元大94購02  ,0,0,0,0,0,0,0,0,0,300000,0,0,0,300000,0,300000,300000
051599,健鼎兆豐95購02  ,0,0,0,0,0,0,0,0,0,300000,0,0,0,304000,4000,300000,300000
052016,神基永豐95購01  ,0,0,0,0,0,0,0,0,0,300000,0,0,0,310000,10000,300000,300000
052803,冠德元大96購01  ,0,0,0,0,0,0,0,0,0,300000,0,0,0,300000,0,300000,300000
1590,亞德客-KY       ,397698,409487,-11789,0,0,0,310000,3000,307000,4000,0,0,0,28000,24000,4000,299211
049116,瑞儀統一94購01  ,0,0,0,0,0,0,0,0,0,299000,0,0,0,299000,0,299000,299000
047698,瑞儀日盛93購01  ,0,0,0,0,0,0,0,0,0,299000,0,0,0,299000,0,299000,299000
047798,臺股指群益93購09,0,0,0,0,0,0,0,0,0,299000,0,0,0,364000,65000,299000,299000
053518,聯茂群益96購03  ,0,0,0,0,0,0,0,0,0,298000,0,0,0,300000,2000,298000,298000
053998,泰鼎群益98購01  ,0,0,0,0,0,0,0,0,0,298000,0,0,0,354000,56000,298000,298000
051357,可成元大95購05  ,0,0,0,0,0,0,0,0,0,297000,0,0,0,307000,10000,297000,297000
047412,鴻海永昌93購05  ,0,0,0,0,0,0,0,0,0,296000,0,0,0,296000,0,296000,296000
04933P,中石化中信96售01,0,0,0,0,0,0,0,0,0,295000,0,0,0,295000,0,295000,295000
2103,台橡            ,77000,3000,74000,0,0,0,0,0,0,220000,220000,0,220000,0,0,0,294000
03267P,台灣50元大02售06,0,0,0,0,0,0,0,0,0,294000,0,0,0,370000,76000,294000,294000
04612P,上銀群益94售01  ,0,0,0,0,0,0,0,0,0,294000,0,0,0,326000,32000,294000,294000
055795,茂林國泰98購01  ,0,0,0,0,0,0,0,0,0,293000,0,0,0,313000,20000,293000,293000
050385,貿聯國票95購02  ,0,0,0,0,0,0,0,0,0,293000,0,0,0,293000,0,293000,293000
052069,聯茂兆豐96購01  ,0,0,0,0,0,0,0,0,0,291000,0,0,0,341000,50000,291000,291000
052182,鴻海群益96購01  ,0,0,0,0,0,0,0,0,0,291000,0,0,0,291000,0,291000,291000
051222,世紀鋼元富95購01,0,0,0,0,0,0,0,0,0,290000,0,0,0,290000,0,290000,290000
052552,智邦國票97購01  ,0,0,0,0,0,0,0,0,0,290000,0,0,0,301000,11000,290000,290000
03414B,臺股指凱基99熊01,0,0,0,0,0,0,0,0,0,289000,0,0,0,365000,76000,289000,289000
05079P,可成永豐95售01  ,0,0,0,0,0,0,0,0,0,289000,0,0,0,289000,0,289000,289000
6706,惠特            ,319000,19000,300000,0,0,0,0,0,0,-12000,18000,30000,-12000,0,0,0,288000
050168,緯創富邦95購01  ,0,0,0,0,0,0,0,0,0,288000,0,0,0,288000,0,288000,288000
05049P,矽創永豐95售01  ,0,0,0,0,0,0,0,0,0,288000,0,0,0,288000,0,288000,288000
04767P,台積電國泰95售04,0,0,0,0,0,0,0,0,0,287000,0,0,0,310000,23000,287000,287000
052807,貿聯元大98購01  ,0,0,0,0,0,0,0,0,0,287000,0,0,0,432000,145000,287000,287000
049803,華新科元大95購07,0,0,0,0,0,0,0,0,0,286000,0,0,0,295000,9000,286000,286000
045305,嘉晶元大92購01  ,0,0,0,0,0,0,0,0,0,285000,0,0,0,285000,0,285000,285000
049866,景碩兆豐94購01  ,0,0,0,0,0,0,0,0,0,285000,0,0,0,285000,0,285000,285000
053433,友達日盛99購06  ,0,0,0,0,0,0,0,0,0,285000,0,0,0,285000,0,285000,285000
006206,元大上證50      ,112000,2000,110000,0,0,0,0,0,0,174000,0,0,0,344000,170000,174000,284000
055245,凱美統一99購01  ,0,0,0,0,0,0,0,0,0,282000,0,0,0,282000,0,282000,282000
00730,富邦臺灣優質高息,0,0,0,0,0,0,0,0,0,282000,0,0,0,458000,176000,282000,282000
055008,隆達元富97購01  ,0,0,0,0,0,0,0,0,0,281000,0,0,0,310000,29000,281000,281000
051099,台郡元大95購03  ,0,0,0,0,0,0,0,0,0,281000,0,0,0,324000,43000,281000,281000
8021,尖點            ,293000,12000,281000,0,0,0,0,1000,-1000,0,0,0,0,0,0,0,280000
047152,旺宏國票93購02  ,0,0,0,0,0,0,0,0,0,280000,0,0,0,280000,0,280000,280000
1227,佳格            ,330914,82732,248182,0,0,0,2000,0,2000,29000,29000,0,29000,0,0,0,279182
05035P,聯發科元大95售06,0,0,0,0,0,0,0,0,0,279000,0,0,0,1190000,911000,279000,279000
048436,聯茂日盛93購01  ,0,0,0,0,0,0,0,0,0,279000,0,0,0,279000,0,279000,279000
053638,信邦永豐96購01  ,0,0,0,0,0,0,0,0,0,279000,0,0,0,448000,169000,279000,279000
049437,可成國泰96購01  ,0,0,0,0,0,0,0,0,0,277000,0,0,0,284000,7000,277000,277000
054261,智伸科元大96購03,0,0,0,0,0,0,0,0,0,277000,0,0,0,395000,118000,277000,277000
055503,健策元大98購05  ,0,0,0,0,0,0,0,0,0,276000,0,0,0,337000,61000,276000,276000
06007P,世芯永豐96售01  ,0,0,0,0,0,0,0,0,0,275000,0,0,0,275000,0,275000,275000
050035,聯茂元大94購07  ,0,0,0,0,0,0,0,0,0,275000,0,0,0,277000,2000,275000,275000
1103,嘉泥            ,291000,63000,228000,0,0,0,62000,605,61395,-15000,0,0,0,5000,20000,-15000,274395
3702,大聯大          ,649977,385856,264121,0,0,0,3000,0,3000,6000,0,11000,-11000,17000,0,17000,273121
05746P,台積電群益96售07,0,0,0,0,0,0,0,0,0,273000,0,0,0,341000,68000,273000,273000
05895P,奇力新群益96售03,0,0,0,0,0,0,0,0,0,272000,0,0,0,272000,0,272000,272000
050142,聯發科元富9A購01,0,0,0,0,0,0,0,0,0,271000,0,0,0,341000,70000,271000,271000
052533,聯發科國泰96購03,0,0,0,0,0,0,0,0,0,271000,0,0,0,293000,22000,271000,271000
051567,台積電富邦95購06,0,0,0,0,0,0,0,0,0,271000,0,0,0,409000,138000,271000,271000
8996,高力            ,852000,595000,257000,0,0,0,0,99,-99,14000,14000,0,14000,0,0,0,270901
08405P,聯發科元大9C售11,0,0,0,0,0,0,0,0,0,270000,0,0,0,270000,0,270000,270000
049925,創意元大95購02  ,0,0,0,0,0,0,0,0,0,270000,0,0,0,401000,131000,270000,270000
045213,A50正2元大95購01,0,0,0,0,0,0,0,0,0,270000,0,0,0,282000,12000,270000,270000
03189P,玉晶光元大03售05,0,0,0,0,0,0,0,0,0,270000,0,0,0,270000,0,270000,270000
049153,大立光元大96購02,0,0,0,0,0,0,0,0,0,270000,0,0,0,300000,30000,270000,270000
050180,華新科元大95購08,0,0,0,0,0,0,0,0,0,269000,0,0,0,271000,2000,269000,269000
6213,聯茂            ,492000,930197,-438197,0,0,0,1209000,289000,920000,-213000,148000,24000,124000,57000,394000,-337000,268803
05858P,矽力中信96售01  ,0,0,0,0,0,0,0,0,0,268000,0,0,0,268000,0,268000,268000
04015P,可成元大93售10  ,0,0,0,0,0,0,0,0,0,268000,0,0,0,268000,0,268000,268000
04685P,訊芯元大94售02  ,0,0,0,0,0,0,0,0,0,268000,0,0,0,268000,0,268000,268000
05162P,玉晶光國票96售03,0,0,0,0,0,0,0,0,0,267000,0,0,0,282000,15000,267000,267000
051890,智邦元富95購03  ,0,0,0,0,0,0,0,0,0,267000,0,0,0,267000,0,267000,267000
049055,聯詠永豐94購01  ,0,0,0,0,0,0,0,0,0,266000,0,0,0,281000,15000,266000,266000
05915P,聯發科元大96售19,0,0,0,0,0,0,0,0,0,265000,0,0,0,438000,173000,265000,265000
6196,帆宣            ,455000,131000,324000,0,0,0,0,5000,-5000,-54000,0,0,0,2000,56000,-54000,265000
050304,台光電中信94購01,0,0,0,0,0,0,0,0,0,265000,0,0,0,465000,200000,265000,265000
04963P,鴻海元大94售25  ,0,0,0,0,0,0,0,0,0,265000,0,0,0,325000,60000,265000,265000
052615,鴻海國泰98購01  ,0,0,0,0,0,0,0,0,0,265000,0,0,0,306000,41000,265000,265000
05525P,奇力新群益96售02,0,0,0,0,0,0,0,0,0,264000,0,0,0,264000,0,264000,264000
052707,景碩台新96購01  ,0,0,0,0,0,0,0,0,0,264000,0,0,0,321000,57000,264000,264000
051716,康控康和95購01  ,0,0,0,0,0,0,0,0,0,264000,0,0,0,265000,1000,264000,264000
05536P,奇力新元大96售03,0,0,0,0,0,0,0,0,0,263000,0,0,0,263000,0,263000,263000
051924,聯茂日盛95購01  ,0,0,0,0,0,0,0,0,0,263000,0,0,0,263000,0,263000,263000
054963,牧德元大97購02  ,0,0,0,0,0,0,0,0,0,262000,0,0,0,599000,337000,262000,262000
048480,FB上証中信94購01,0,0,0,0,0,0,0,0,0,262000,0,0,0,322000,60000,262000,262000
05841P,華通元大96售04  ,0,0,0,0,0,0,0,0,0,261000,0,0,0,261000,0,261000,261000
047864,信邦康和93購01  ,0,0,0,0,0,0,0,0,0,261000,0,0,0,284000,23000,261000,261000
047726,友達群益94購02  ,0,0,0,0,0,0,0,0,0,261000,0,0,0,261000,0,261000,261000
052328,台表科中信99購01,0,0,0,0,0,0,0,0,0,261000,0,0,0,276000,15000,261000,261000
046846,智伸科永豐93購01,0,0,0,0,0,0,0,0,0,260000,0,0,0,260000,0,260000,260000
045749,智邦富邦93購01  ,0,0,0,0,0,0,0,0,0,260000,0,0,0,260000,0,260000,260000
048313,南亞科凱基93購06,0,0,0,0,0,0,0,0,0,260000,0,0,0,260000,0,260000,260000
047511,義隆國票93購02  ,0,0,0,0,0,0,0,0,0,260000,0,0,0,410000,150000,260000,260000
046117,強茂元大92購03  ,0,0,0,0,0,0,0,0,0,259000,0,0,0,259000,0,259000,259000
5534,長虹            ,417000,141000,276000,0,0,0,0,16000,-16000,-2000,20000,30000,-10000,8000,0,8000,258000
049364,燿華元大94購02  ,0,0,0,0,0,0,0,0,0,258000,0,0,0,258000,0,258000,258000
053068,智伸科群益96購01,0,0,0,0,0,0,0,0,0,258000,0,0,0,262000,4000,258000,258000
053969,瑞昱元大97購01  ,0,0,0,0,0,0,0,0,0,258000,0,0,0,408000,150000,258000,258000
048841,聯茂凱基94購06  ,0,0,0,0,0,0,0,0,0,256000,0,0,0,272000,16000,256000,256000
047887,智原富邦97購01  ,0,0,0,0,0,0,0,0,0,256000,0,0,0,261000,5000,256000,256000
053983,樺漢元大97購02  ,0,0,0,0,0,0,0,0,0,255000,0,0,0,261000,6000,255000,255000
051900,臻鼎富邦95購01  ,0,0,0,0,0,0,0,0,0,255000,0,0,0,255000,0,255000,255000
051689,智易凱基95購02  ,0,0,0,0,0,0,0,0,0,253000,0,0,0,253000,0,253000,253000
042927,道瓊反中信94購01,0,0,0,0,0,0,0,0,0,252000,0,0,0,253000,1000,252000,252000
050562,瑞昱元富94購02  ,0,0,0,0,0,0,0,0,0,252000,0,0,0,308000,56000,252000,252000
045218,華邦電元大92購03,0,0,0,0,0,0,0,0,0,251000,0,0,0,251000,0,251000,251000
051061,中磊群益95購01  ,0,0,0,0,0,0,0,0,0,251000,0,0,0,251000,0,251000,251000
04430P,晶相光元大94售04,0,0,0,0,0,0,0,0,0,250000,0,0,0,252000,2000,250000,250000
051261,鴻海永昌96購05  ,0,0,0,0,0,0,0,0,0,250000,0,0,0,420000,170000,250000,250000
047897,可成群益94購01  ,0,0,0,0,0,0,0,0,0,250000,0,0,0,301000,51000,250000,250000
051375,道瓊反群益9A購01,0,0,0,0,0,0,0,0,0,249000,0,0,0,359000,110000,249000,249000
05418P,瑞昱永豐95售02  ,0,0,0,0,0,0,0,0,0,249000,0,0,0,249000,0,249000,249000
048772,智易凱基94購01  ,0,0,0,0,0,0,0,0,0,248000,0,0,0,248000,0,248000,248000
047867,旺宏永豐93購02  ,0,0,0,0,0,0,0,0,0,248000,0,0,0,287000,39000,248000,248000
050158,上海銀群益96購01,0,0,0,0,0,0,0,0,0,247000,0,0,0,256000,9000,247000,247000
048735,美利達麥證95購01,0,0,0,261000,10000,251000,0,0,0,247000,0,0,0,261000,14000,247000,247000
06180P,禾伸堂群益97售01,0,0,0,0,0,0,0,0,0,246000,0,0,0,246000,0,246000,246000
048483,可成國泰95購01  ,0,0,0,0,0,0,0,0,0,246000,0,0,0,277000,31000,246000,246000
050220,台積電元富96購01,0,0,0,0,0,0,0,0,0,246000,0,0,0,366000,120000,246000,246000
046098,南茂國票92購01  ,0,0,0,0,0,0,0,0,0,245000,0,0,0,245000,0,245000,245000
04682P,臺股指統一96售01,0,0,0,0,0,0,0,0,0,245000,0,0,0,250000,5000,245000,245000
044817,可成兆豐93購01  ,0,0,0,0,0,0,0,0,0,245000,0,0,0,248000,3000,245000,245000
05224P,華通統一95售03  ,0,0,0,0,0,0,0,0,0,245000,0,0,0,292000,47000,245000,245000
046663,亞光元大93購02  ,0,0,0,0,0,0,0,0,0,244000,0,0,0,327000,83000,244000,244000
049268,聯茂元大94購03  ,0,0,0,0,0,0,0,0,0,244000,0,0,0,246000,2000,244000,244000
03840P,台積電統一99售02,0,0,0,0,0,0,0,0,0,243000,0,0,0,274000,31000,243000,243000
052407,樺漢凱基95購01  ,0,0,0,0,0,0,0,0,0,243000,0,0,0,245000,2000,243000,243000
2492,華新科          ,1067408,658592,408816,0,0,0,0,257000,-257000,91000,175000,73000,102000,22000,33000,-11000,242816
05653P,華邦電統一96售02,0,0,0,0,0,0,0,0,0,242000,0,0,0,357000,115000,242000,242000
055059,健和興永豐97購01,0,0,0,0,0,0,0,0,0,242000,0,0,0,242000,0,242000,242000
049909,國巨元大95購01  ,0,0,0,0,0,0,0,0,0,242000,0,0,0,255000,13000,242000,242000
052677,景碩富邦97購01  ,0,0,0,0,0,0,0,0,0,242000,0,0,0,248000,6000,242000,242000
042943,金寶國票92購01  ,0,0,0,0,0,0,0,0,0,241000,0,0,0,241000,0,241000,241000
052849,可成統一97購01  ,0,0,0,0,0,0,0,0,0,241000,0,0,0,241000,0,241000,241000
03912P,臺股指元大93售36,0,0,0,0,0,0,0,0,0,240000,0,0,0,240000,0,240000,240000
04259P,滬深2X群益93售03,0,0,0,0,0,0,0,0,0,240000,0,0,0,420000,180000,240000,240000
052655,群創統一97購01  ,0,0,0,0,0,0,0,0,0,240000,0,0,0,240000,0,240000,240000
052168,鴻海元大96購10  ,0,0,0,0,0,0,0,0,0,240000,0,0,0,240000,0,240000,240000
051912,健鼎元大96購01  ,0,0,0,0,0,0,0,0,0,240000,0,0,0,251000,11000,240000,240000
051524,貿聯凱基95購02  ,0,0,0,0,0,0,0,0,0,240000,0,0,0,249000,9000,240000,240000
04168P,元金2X凱基99售01,0,0,0,0,0,0,0,0,0,239000,0,0,0,240000,1000,239000,239000
042916,佐登元大94購01  ,0,0,0,0,0,0,0,0,0,239000,0,0,0,283000,44000,239000,239000
049900,台積電元富94購06,0,0,0,0,0,0,0,0,0,239000,0,0,0,240000,1000,239000,239000
04334P,中石化康和93售01,0,0,0,0,0,0,0,0,0,238000,0,0,0,238000,0,238000,238000
052734,台表科國泰98購02,0,0,0,0,0,0,0,0,0,238000,0,0,0,240000,2000,238000,238000
05643P,大立光中信98售01,0,0,0,0,0,0,0,0,0,237000,0,0,0,237000,0,237000,237000
047429,聯茂亞東93購01  ,0,0,0,0,0,0,0,0,0,237000,0,0,0,237000,0,237000,237000
046474,創意永豐92購03  ,0,0,0,0,0,0,0,0,0,236000,0,0,0,236000,0,236000,236000
045861,智邦統一93購02  ,0,0,0,0,0,0,0,0,0,236000,0,0,0,236000,0,236000,236000
048442,友訊凱基94購01  ,0,0,0,0,0,0,0,0,0,236000,0,0,0,293000,57000,236000,236000
2383,台光電          ,539000,271000,268000,0,0,0,36000,225000,-189000,156000,225000,16000,209000,9000,62000,-53000,235000
045308,泰鼎元大93購02  ,0,0,0,0,0,0,0,0,0,234000,0,0,0,234000,0,234000,234000
051049,亞德客群益95購01,0,0,0,0,0,0,0,0,0,234000,0,0,0,283000,49000,234000,234000
046241,聯發科中信94購02,0,0,0,0,0,0,0,0,0,233000,0,0,0,350000,117000,233000,233000
050950,健鼎群益96購01  ,0,0,0,0,0,0,0,0,0,233000,0,0,0,233000,0,233000,233000
04243P,大立光永昌93售08,0,0,0,0,0,0,0,0,0,232000,0,0,0,232000,0,232000,232000
054047,富邦金元大97購01,0,0,0,0,0,0,0,0,0,232000,0,0,0,272000,40000,232000,232000
055277,旺宏元大97購04  ,0,0,0,0,0,0,0,0,0,231000,0,0,0,242000,11000,231000,231000
049325,智邦元富94購02  ,0,0,0,0,0,0,0,0,0,231000,0,0,0,357000,126000,231000,231000
05780P,台積電統一96售07,0,0,0,0,0,0,0,0,0,230000,0,0,0,240000,10000,230000,230000
042993,葡萄王元大94購01,0,0,0,0,0,0,0,0,0,230000,0,0,0,250000,20000,230000,230000
043965,宏盛國泰92購01  ,0,0,0,0,0,0,0,0,0,230000,0,0,0,230000,0,230000,230000
046605,瀚宇博群益93購01,0,0,0,0,0,0,0,0,0,230000,0,0,0,230000,0,230000,230000
05446P,緯穎元大95售04  ,0,0,0,0,0,0,0,0,0,230000,0,0,0,325000,95000,230000,230000
053880,智邦中信96購01  ,0,0,0,0,0,0,0,0,0,230000,0,0,0,230000,0,230000,230000
055171,凱美統一97購01  ,0,0,0,0,0,0,0,0,0,229000,0,0,0,229000,0,229000,229000
048512,全新凱基93購04  ,0,0,0,0,0,0,0,0,0,229000,0,0,0,229000,0,229000,229000
051251,信邦元大95購01  ,0,0,0,0,0,0,0,0,0,229000,0,0,0,235000,6000,229000,229000
053860,台積電元大98購03,0,0,0,0,0,0,0,0,0,229000,0,0,0,478000,249000,229000,229000
045387,信邦元大92購01  ,0,0,0,0,0,0,0,0,0,228000,0,0,0,244000,16000,228000,228000
043607,GIS元大93購02   ,0,0,0,0,0,0,0,0,0,228000,0,0,0,228000,0,228000,228000
050456,聯茂元大94購09  ,0,0,0,0,0,0,0,0,0,228000,0,0,0,237000,9000,228000,228000
048016,啟碁國票94購01  ,0,0,0,0,0,0,0,0,0,228000,0,0,0,228000,0,228000,228000
053436,聯茂日盛96購01  ,0,0,0,0,0,0,0,0,0,228000,0,0,0,228000,0,228000,228000
055001,京鼎元富97購01  ,0,0,0,0,0,0,0,0,0,227000,0,0,0,264000,37000,227000,227000
6278,台表科          ,524000,357000,167000,0,0,0,106000,41000,65000,-5000,27000,12000,15000,9000,29000,-20000,227000
053377,台積電元大98購01,0,0,0,0,0,0,0,0,0,227000,0,0,0,277000,50000,227000,227000
054919,興富發凱基97購01,0,0,0,0,0,0,0,0,0,226000,0,0,0,231000,5000,226000,226000
04573P,聯電統一94售02  ,0,0,0,0,0,0,0,0,0,226000,0,0,0,250000,24000,226000,226000
05526P,茂林群益96售03  ,0,0,0,0,0,0,0,0,0,225000,0,0,0,225000,0,225000,225000
049623,創意群益94購01  ,0,0,0,0,0,0,0,0,0,225000,0,0,0,225000,0,225000,225000
052748,群創元大9A購02  ,0,0,0,0,0,0,0,0,0,224000,0,0,0,271000,47000,224000,224000
3515,華擎            ,190000,26000,164000,0,0,0,72000,0,72000,-13000,0,0,0,2000,15000,-13000,223000
053248,智伸科國票97購01,0,0,0,0,0,0,0,0,0,223000,0,0,0,228000,5000,223000,223000
6452,康友-KY         ,277000,52000,225000,0,0,0,0,0,0,-3000,20000,0,20000,10000,33000,-23000,222000
2499,東貝            ,266000,44000,222000,0,0,0,0,0,0,0,0,0,0,0,0,0,222000
055198,奇力新第一97購01,0,0,0,0,0,0,0,0,0,222000,0,0,0,271000,49000,222000,222000
049086,晶相光凱基94購01,0,0,0,0,0,0,0,0,0,222000,0,0,0,232000,10000,222000,222000
053061,GIS富邦97購01   ,0,0,0,0,0,0,0,0,0,222000,0,0,0,222000,0,222000,222000
052179,康友元大95購03  ,0,0,0,0,0,0,0,0,0,222000,0,0,0,333000,111000,222000,222000
045117,玉晶光日盛92購01,0,0,0,0,0,0,0,0,0,220000,0,0,0,220000,0,220000,220000
046741,GIS群益94購01   ,0,0,0,0,0,0,0,0,0,220000,0,0,0,220000,0,220000,220000
055744,茂林元富97購02  ,0,0,0,0,0,0,0,0,0,219000,0,0,0,221000,2000,219000,219000
2836,高雄銀          ,219000,0,219000,0,0,0,0,0,0,0,0,0,0,0,0,0,219000
041900,元油2X富邦96購01,0,0,0,0,0,0,0,0,0,219000,0,0,0,317000,98000,219000,219000
054870,新日興群益98購01,0,0,0,0,0,0,0,0,0,218000,0,0,0,218000,0,218000,218000
048260,鴻海元富93購06  ,0,0,0,0,0,0,0,0,0,218000,0,0,0,218000,0,218000,218000
048218,上銀凱基93購07  ,0,0,0,0,0,0,0,0,0,218000,0,0,0,230000,12000,218000,218000
04747P,臺股指元大94售22,0,0,0,0,0,0,0,0,0,218000,0,0,0,258000,40000,218000,218000
052872,智易凱基96購01  ,0,0,0,0,0,0,0,0,0,218000,0,0,0,218000,0,218000,218000
053689,台光電元大96購01,0,0,0,0,0,0,0,0,0,218000,0,0,0,228000,10000,218000,218000
054889,京鼎統一99購01  ,0,0,0,0,0,0,0,0,0,217000,0,0,0,217000,0,217000,217000
055152,旺宏元大98購04  ,0,0,0,0,0,0,0,0,0,217000,0,0,0,316000,99000,217000,217000
055774,台光電凱基97購02,0,0,0,0,0,0,0,0,0,217000,0,0,0,253000,36000,217000,217000
05629P,聯發科永昌99售02,0,0,0,0,0,0,0,0,0,216000,0,0,0,316000,100000,216000,216000
053881,南亞科中信97購01,0,0,0,0,0,0,0,0,0,216000,0,0,0,220000,4000,216000,216000
055121,鴻海兆豐97購03  ,0,0,0,0,0,0,0,0,0,215000,0,0,0,215000,0,215000,215000
045855,緯穎富邦93購01  ,0,0,0,0,0,0,0,0,0,215000,0,0,0,215000,0,215000,215000
046516,TPK元大92購03   ,0,0,0,0,0,0,0,0,0,215000,0,0,0,215000,0,215000,215000
049197,信邦永豐94購01  ,0,0,0,0,0,0,0,0,0,214000,0,0,0,384000,170000,214000,214000
04457P,同欣電統一94售01,0,0,0,0,0,0,0,0,0,213000,0,0,0,213000,0,213000,213000
053610,矽力中信98購01  ,0,0,0,0,0,0,0,0,0,213000,0,0,0,298000,85000,213000,213000
052913,鴻海元富96購05  ,0,0,0,0,0,0,0,0,0,213000,0,0,0,544000,331000,213000,213000
054983,國巨元富97購04  ,0,0,0,0,0,0,0,0,0,212000,0,0,0,213000,1000,212000,212000
05760P,京鼎永豐96售02  ,0,0,0,0,0,0,0,0,0,212000,0,0,0,212000,0,212000,212000
054053,聯茂元大96購01  ,0,0,0,0,0,0,0,0,0,212000,0,0,0,430000,218000,212000,212000
055166,台積電統一97購05,0,0,0,0,0,0,0,0,0,211000,0,0,0,211000,0,211000,211000
042801,達邁元大93購01  ,0,0,0,0,0,0,0,0,0,211000,0,0,0,261000,50000,211000,211000
053563,台積電富邦97購01,0,0,0,0,0,0,0,0,0,211000,0,0,0,670000,459000,211000,211000
047740,樺漢永豐93購01  ,0,0,0,0,0,0,0,0,0,210000,0,0,0,210000,0,210000,210000
049480,同欣電永豐94購01,0,0,0,0,0,0,0,0,0,210000,0,0,0,220000,10000,210000,210000
048474,嘉聯益永豐93購03,0,0,0,0,0,0,0,0,0,210000,0,0,0,210000,0,210000,210000
048491,A50元大93購01   ,0,0,0,0,0,0,0,0,0,210000,0,0,0,210000,0,210000,210000
054258,牧德元大97購01  ,0,0,0,0,0,0,0,0,0,210000,0,0,0,217000,7000,210000,210000
05437P,聯詠永豐95售02  ,0,0,0,0,0,0,0,0,0,210000,0,0,0,210000,0,210000,210000
052556,聯發科國票97購01,0,0,0,0,0,0,0,0,0,210000,0,0,0,210000,0,210000,210000
05499P,聯詠元富95售02  ,0,0,0,0,0,0,0,0,0,209000,0,0,0,209000,0,209000,209000
048439,上銀凱基93購09  ,0,0,0,0,0,0,0,0,0,209000,0,0,0,226000,17000,209000,209000
047783,聯茂國泰94購02  ,0,0,0,0,0,0,0,0,0,209000,0,0,0,225000,16000,209000,209000
052861,台光電凱基96購03,0,0,0,0,0,0,0,0,0,209000,0,0,0,217000,8000,209000,209000
06131P,京鼎元富97售02  ,0,0,0,0,0,0,0,0,0,208000,0,0,0,208000,0,208000,208000
045871,元油2X元富96購03,0,0,0,0,0,0,0,0,0,208000,0,0,0,208000,0,208000,208000
049442,滬深2X統一99購01,0,0,0,0,0,0,0,0,0,207000,0,0,0,210000,3000,207000,207000
047901,復盛群益93購01  ,0,0,0,0,0,0,0,0,0,207000,0,0,0,223000,16000,207000,207000
05844P,旺宏元大96售07  ,0,0,0,0,0,0,0,0,0,206000,0,0,0,206000,0,206000,206000
044516,景碩凱基93購02  ,0,0,0,0,0,0,0,0,0,206000,0,0,0,229000,23000,206000,206000
053332,創意永豐96購03  ,0,0,0,0,0,0,0,0,0,206000,0,0,0,270000,64000,206000,206000
05763P,致新永豐96售01  ,0,0,0,0,0,0,0,0,0,205000,0,0,0,205000,0,205000,205000
044212,鴻海凱基93購04  ,0,0,0,0,0,0,0,0,0,205000,0,0,0,217000,12000,205000,205000
054427,潤泰全富邦97購01,0,0,0,0,0,0,0,0,0,205000,0,0,0,205000,0,205000,205000
052059,臺股指凱基95購17,0,0,0,0,0,0,0,0,0,205000,0,0,0,205000,0,205000,205000
052006,康友富邦98購01  ,0,0,0,0,0,0,0,0,0,205000,0,0,0,207000,2000,205000,205000
047395,聯茂元大94購01  ,0,0,0,0,0,0,0,0,0,204000,0,0,0,232000,28000,204000,204000
00686R,群益臺灣加權反1 ,0,0,0,0,0,0,0,0,0,204000,0,0,0,208000,4000,204000,204000
046546,義隆永豐92購03  ,0,0,0,0,0,0,0,0,0,204000,0,0,0,204000,0,204000,204000
05041P,大立光凱基95售09,0,0,0,0,0,0,0,0,0,204000,0,0,0,204000,0,204000,204000
049837,臺股指凱基96購02,0,0,0,0,0,0,0,0,0,204000,0,0,0,204000,0,204000,204000
052846,智邦統一97購01  ,0,0,0,0,0,0,0,0,0,204000,0,0,0,204000,0,204000,204000
052441,亞泥元大95購01  ,0,0,0,0,0,0,0,0,0,204000,0,0,0,218000,14000,204000,204000
047571,滬深2X群益99購01,0,0,0,0,0,0,0,0,0,203000,0,0,0,203000,0,203000,203000
053951,T50反1台新06購02,0,0,0,0,0,0,0,0,0,203000,0,0,0,282000,79000,203000,203000
3024,憶聲            ,235000,33000,202000,0,0,0,0,0,0,0,0,0,0,0,0,0,202000
044666,創意國泰93購01  ,0,0,0,0,0,0,0,0,0,202000,0,0,0,202000,0,202000,202000
043920,瑞儀凱基93購01  ,0,0,0,0,0,0,0,0,0,202000,0,0,0,202000,0,202000,202000
053411,深中小國票9B購01,0,0,0,0,0,0,0,0,0,202000,0,0,0,202000,0,202000,202000
050272,訊芯元大94購03  ,0,0,0,0,0,0,0,0,0,201000,0,0,0,201000,0,201000,201000
048950,達方永豐94購01  ,0,0,0,0,0,0,0,0,0,201000,0,0,0,201000,0,201000,201000
050549,慧洋凱基95購01  ,0,0,0,0,0,0,0,0,0,201000,0,0,0,202000,1000,201000,201000
049500,聯茂元大94購04  ,0,0,0,0,0,0,0,0,0,201000,0,0,0,213000,12000,201000,201000
053289,臺股指元大96購17,0,0,0,0,0,0,0,0,0,201000,0,0,0,202000,1000,201000,201000
06076P,大立光凱基98售03,0,0,0,0,0,0,0,0,0,200000,0,0,0,200000,0,200000,200000
05894P,友達群益98售02  ,0,0,0,0,0,0,0,0,0,200000,0,0,0,200000,0,200000,200000
05920P,力成元大96售04  ,0,0,0,0,0,0,0,0,0,200000,0,0,0,200000,0,200000,200000
055927,南亞科群益97購01,0,0,0,0,0,0,0,0,0,200000,0,0,0,200000,0,200000,200000
049959,創意統一95購02  ,0,0,0,0,0,0,0,0,0,200000,0,0,0,200000,0,200000,200000
046500,技嘉元大92購03  ,0,0,0,0,0,0,0,0,0,200000,0,0,0,200000,0,200000,200000
046999,康控富邦99購01  ,0,0,0,0,0,0,0,0,0,200000,0,0,0,202000,2000,200000,200000
046651,TPK富邦94購02   ,0,0,0,0,0,0,0,0,0,200000,0,0,0,200000,0,200000,200000
04396P,玉晶光群益94售02,0,0,0,0,0,0,0,0,0,200000,0,0,0,200000,0,200000,200000
04233P,儒鴻兆豐93售01  ,0,0,0,0,0,0,0,0,0,200000,0,0,0,200000,0,200000,200000
03676P,大立光國泰93售03,0,0,0,0,0,0,0,0,0,200000,0,0,0,200000,0,200000,200000
051034,正崴兆豐95購01  ,0,0,0,0,0,0,0,0,0,200000,0,0,0,200000,0,200000,200000
050775,TPK元大96購01   ,0,0,0,0,0,0,0,0,0,200000,0,0,0,200000,0,200000,200000
050843,富邦金國票96購01,0,0,0,0,0,0,0,0,0,200000,0,0,0,200000,0,200000,200000
049688,台光電元大94購04,0,0,0,0,0,0,0,0,0,200000,0,0,0,202000,2000,200000,200000
048357,漢唐永豐93購04  ,0,0,0,0,0,0,0,0,0,200000,0,0,0,200000,0,200000,200000
048312,致茂凱基93購02  ,0,0,0,0,0,0,0,0,0,200000,0,0,0,200000,0,200000,200000
053391,嘉聯益元大99購01,0,0,0,0,0,0,0,0,0,200000,0,0,0,210000,10000,200000,200000
053892,景碩群益96購02  ,0,0,0,0,0,0,0,0,0,200000,0,0,0,204000,4000,200000,200000
054377,臺股指中信99購09,0,0,0,0,0,0,0,0,0,200000,0,0,0,222000,22000,200000,200000
054546,玉晶光中信9B購01,0,0,0,0,0,0,0,0,0,200000,0,0,0,235000,35000,200000,200000
052420,道瓊反國票9B購01,0,0,0,0,0,0,0,0,0,200000,0,0,0,200000,0,200000,200000
052832,益航群益96購01  ,0,0,0,0,0,0,0,0,0,200000,0,0,0,200000,0,200000,200000
055838,致茂元大97購03  ,0,0,0,0,0,0,0,0,0,199000,0,0,0,199000,0,199000,199000
043665,和鑫元大93購01  ,0,0,0,0,0,0,0,0,0,199000,0,0,0,205000,6000,199000,199000
049823,為升凱基94購04  ,0,0,0,0,0,0,0,0,0,199000,0,0,0,203000,4000,199000,199000
052702,群創國票97購03  ,0,0,0,0,0,0,0,0,0,199000,0,0,0,199000,0,199000,199000
06004P,奇力新永豐96售02,0,0,0,0,0,0,0,0,0,198000,0,0,0,198000,0,198000,198000
045478,世紀鋼元大93購02,0,0,0,0,0,0,0,0,0,198000,0,0,0,198000,0,198000,198000
049191,元油2X永豐95購01,0,0,0,0,0,0,0,0,0,198000,0,0,0,200000,2000,198000,198000
049741,創意群益94購02  ,0,0,0,0,0,0,0,0,0,198000,0,0,0,198000,0,198000,198000
053023,泰鼎國泰97購01  ,0,0,0,0,0,0,0,0,0,198000,0,0,0,200000,2000,198000,198000
054623,華新科第一97購01,0,0,0,0,0,0,0,0,0,198000,0,0,0,262000,64000,198000,198000
053162,緯穎元大97購01  ,0,0,0,0,0,0,0,0,0,198000,0,0,0,198000,0,198000,198000
06113P,台積電群益97售01,0,0,0,0,0,0,0,0,0,197000,0,0,0,197000,0,197000,197000
2489,瑞軒            ,183000,6000,177000,0,0,0,20000,0,20000,0,0,0,0,0,0,0,197000
050205,牧德群益94購02  ,0,0,0,0,0,0,0,0,0,197000,0,0,0,213000,16000,197000,197000
054534,台積電富邦98購03,0,0,0,0,0,0,0,0,0,197000,0,0,0,217000,20000,197000,197000
2104,國際中橡        ,388000,151000,237000,0,0,0,0,33000,-33000,-8000,0,0,0,0,8000,-8000,196000
045127,鴻海統一92購01  ,0,0,0,0,0,0,0,0,0,196000,0,0,0,239000,43000,196000,196000
050327,泰鼎永豐94購03  ,0,0,0,0,0,0,0,0,0,196000,0,0,0,239000,43000,196000,196000
04868P,可成統一94售03  ,0,0,0,0,0,0,0,0,0,196000,0,0,0,196000,0,196000,196000
051031,康友元富95購02  ,0,0,0,0,0,0,0,0,0,196000,0,0,0,310000,114000,196000,196000
054560,全新群益98購03  ,0,0,0,0,0,0,0,0,0,196000,0,0,0,201000,5000,196000,196000
05114P,臺股指元富95售02,0,0,0,0,0,0,0,0,0,195000,0,0,0,365000,170000,195000,195000
05119P,聯發科國泰96售02,0,0,0,0,0,0,0,0,0,195000,0,0,0,244000,49000,195000,195000
053947,義隆富邦97購01  ,0,0,0,0,0,0,0,0,0,195000,0,0,0,217000,22000,195000,195000
05333P,臺股指國票95售02,0,0,0,0,0,0,0,0,0,195000,0,0,0,315000,120000,195000,195000
053666,臺股指凱基96購29,0,0,0,0,0,0,0,0,0,195000,0,0,0,195000,0,195000,195000
055641,鴻海元富97購04  ,0,0,0,0,0,0,0,0,0,194000,0,0,0,194000,0,194000,194000
042997,新光鋼元大94購01,0,0,0,0,0,0,0,0,0,194000,0,0,0,225000,31000,194000,194000
00635U,元大S&P黃金     ,0,0,0,0,0,0,0,0,0,194000,0,0,0,204000,10000,194000,194000
049609,全新兆豐95購01  ,0,0,0,0,0,0,0,0,0,194000,0,0,0,194000,0,194000,194000
054637,智邦中信98購01  ,0,0,0,0,0,0,0,0,0,194000,0,0,0,194000,0,194000,194000
045817,滬深2X凱基95購02,0,0,0,0,0,0,0,0,0,193000,0,0,0,300000,107000,193000,193000
051299,致茂凱基95購01  ,0,0,0,0,0,0,0,0,0,193000,0,0,0,261000,68000,193000,193000
052747,京鼎元大97購01  ,0,0,0,0,0,0,0,0,0,193000,0,0,0,294000,101000,193000,193000
051618,智邦凱基95購06  ,0,0,0,0,0,0,0,0,0,193000,0,0,0,251000,58000,193000,193000
055338,GIS兆豐97購01   ,0,0,0,0,0,0,0,0,0,192000,0,0,0,192000,0,192000,192000
051179,臺股指凱基95購04,0,0,0,0,0,0,0,0,0,192000,0,0,0,202000,10000,192000,192000
047559,彩晶凱基94購03  ,0,0,0,0,0,0,0,0,0,192000,0,0,0,207000,15000,192000,192000
050639,GIS國票96購01   ,0,0,0,0,0,0,0,0,0,192000,0,0,0,192000,0,192000,192000
051513,台積電凱基95購13,0,0,0,0,0,0,0,0,0,192000,0,0,0,300000,108000,192000,192000
051696,新日興中信96購01,0,0,0,0,0,0,0,0,0,192000,0,0,0,199000,7000,192000,192000
054965,健策元大98購04  ,0,0,0,0,0,0,0,0,0,191000,0,0,0,333000,142000,191000,191000
055739,健鼎元富97購01  ,0,0,0,0,0,0,0,0,0,191000,0,0,0,191000,0,191000,191000
05199P,訊芯永豐95售02  ,0,0,0,0,0,0,0,0,0,191000,0,0,0,191000,0,191000,191000
05282P,可成元大95售09  ,0,0,0,0,0,0,0,0,0,191000,0,0,0,364000,173000,191000,191000
05286P,矽力統一95售02  ,0,0,0,0,0,0,0,0,0,191000,0,0,0,237000,46000,191000,191000
05588P,群創兆豐97售02  ,0,0,0,0,0,0,0,0,0,190000,0,0,0,190000,0,190000,190000
055079,台光電中信97購01,0,0,0,0,0,0,0,0,0,190000,0,0,0,210000,20000,190000,190000
050363,臺指反元大98購04,0,0,0,0,0,0,0,0,0,190000,0,0,0,195000,5000,190000,190000
04994P,大成鋼凱基95售01,0,30000,-30000,0,0,0,0,0,0,220000,0,0,0,220000,0,220000,190000
052814,上証2X永豐96購02,0,0,0,0,0,0,0,0,0,190000,0,0,0,215000,25000,190000,190000
05204P,TPK元大95售03   ,0,0,0,0,0,0,0,0,0,190000,0,0,0,190000,0,190000,190000
055724,祥碩元大97購03  ,0,0,0,0,0,0,0,0,0,189000,0,0,0,251000,62000,189000,189000
1310,台苯            ,222000,61000,161000,0,0,0,42000,14000,28000,0,0,0,0,0,0,0,189000
050614,聯發科元大95購04,0,0,0,0,0,0,0,0,0,189000,0,0,0,193000,4000,189000,189000
050293,強茂凱基94購01  ,0,0,0,0,0,0,0,0,0,189000,0,0,0,189000,0,189000,189000
049324,臺股指凱基94購06,0,0,0,0,0,0,0,0,0,189000,0,0,0,189000,0,189000,189000
053357,可成統一96購02  ,0,0,0,0,0,0,0,0,0,189000,0,0,0,189000,0,189000,189000
5521,工信            ,373000,185000,188000,0,0,0,0,0,0,0,0,0,0,0,0,0,188000
1442,名軒            ,150000,171000,-21000,0,0,0,206000,0,206000,2000,2000,0,2000,0,0,0,187000
046139,京元電統一92購04,0,0,0,0,0,0,0,0,0,187000,0,0,0,192000,5000,187000,187000
049728,正崴中信94購01  ,0,0,0,0,0,0,0,0,0,187000,0,0,0,200000,13000,187000,187000
051712,嘉聯益群益95購01,0,0,0,0,0,0,0,0,0,187000,0,0,0,187000,0,187000,187000
06036P,台表科凱基96售04,0,0,0,0,0,0,0,0,0,186000,0,0,0,186000,0,186000,186000
05903P,聯發科統一96售09,0,0,0,0,0,0,0,0,0,186000,0,0,0,186000,0,186000,186000
05053P,新日興群益95售01,0,0,0,0,0,0,0,0,0,186000,0,0,0,187000,1000,186000,186000
052674,智邦國泰98購01  ,0,0,0,0,0,0,0,0,0,186000,0,0,0,236000,50000,186000,186000
054015,晶豪科永豐96購03,0,0,0,0,0,0,0,0,0,186000,0,0,0,186000,0,186000,186000
054080,微星中信98購01  ,0,0,0,0,0,0,0,0,0,186000,0,0,0,191000,5000,186000,186000
055137,GIS富邦98購01   ,0,0,0,0,0,0,0,0,0,185000,0,0,0,260000,75000,185000,185000
049936,柏文元大94購02  ,0,0,0,0,0,0,0,0,0,185000,0,0,0,195000,10000,185000,185000
049287,可成兆豐95購01  ,0,0,0,0,0,0,0,0,0,185000,0,0,0,185000,0,185000,185000
049112,可成統一94購01  ,0,0,0,0,0,0,0,0,0,185000,0,0,0,331000,146000,185000,185000
053208,鴻海凱基96購13  ,0,0,0,0,0,0,0,0,0,185000,0,0,0,185000,0,185000,185000
050306,聯發科中信97購01,0,0,0,0,0,0,0,0,0,184000,0,0,0,195000,11000,184000,184000
050117,麗豐元大96購02  ,0,0,0,0,0,0,0,0,0,184000,0,0,0,202000,18000,184000,184000
053691,聯發科元大96購16,0,0,0,0,0,0,0,0,0,184000,0,0,0,204000,20000,184000,184000
054641,祥碩中信98購01  ,0,0,0,0,0,0,0,0,0,184000,0,0,0,291000,107000,184000,184000
052387,台積電群益95購08,0,0,0,0,0,0,0,0,0,184000,0,0,0,198000,14000,184000,184000
055205,京鼎中信99購01  ,0,0,0,0,0,0,0,0,0,183000,0,0,0,199000,16000,183000,183000
043346,TPK富邦93購01   ,0,0,0,0,0,0,0,0,0,183000,0,0,0,227000,44000,183000,183000
03180P,台灣50元大01售39,0,0,0,0,0,0,0,0,0,183000,0,0,0,183000,0,183000,183000
051317,亞德客國票96購01,0,0,0,0,0,0,0,0,0,183000,0,0,0,184000,1000,183000,183000
054616,智伸科永豐97購01,0,0,0,0,0,0,0,0,0,183000,0,0,0,243000,60000,183000,183000
055733,奇力新元富97購01,0,0,0,0,0,0,0,0,0,182000,0,0,0,185000,3000,182000,182000
06091P,華新科統一97售01,0,0,0,0,0,0,0,0,0,181000,0,0,0,181000,0,181000,181000
046577,東元元大92購02  ,0,0,0,0,0,0,0,0,0,181000,0,0,0,184000,3000,181000,181000
052068,瑞儀兆豐96購01  ,0,0,0,0,0,0,0,0,0,181000,0,0,0,181000,0,181000,181000
2207,和泰車          ,220619,70629,149990,0,0,0,0,0,0,31000,30000,5000,25000,6000,0,6000,180990
3029,零壹            ,123000,103000,20000,0,0,0,0,0,0,160000,160000,0,160000,0,0,0,180000
05778P,台積電統一96售05,0,0,0,0,0,0,0,0,0,180000,0,0,0,180000,0,180000,180000
044693,滬深2X元大94購01,0,0,0,0,0,0,0,0,0,180000,0,0,0,219000,39000,180000,180000
051163,鴻海元大95購04  ,0,0,0,0,0,0,0,0,0,180000,0,0,0,512000,332000,180000,180000
051397,聯茂兆豐95購03  ,0,0,0,0,0,0,0,0,0,180000,0,0,0,180000,0,180000,180000
048900,精成科國泰95購01,0,0,0,0,0,0,0,0,0,180000,0,0,0,180000,0,180000,180000
050460,GIS元大95購03   ,0,0,0,0,0,0,0,0,0,180000,0,0,0,216000,36000,180000,180000
051566,鴻海富邦95購05  ,0,0,0,0,0,0,0,0,0,180000,0,0,0,180000,0,180000,180000
052339,光寶科凱基95購01,0,0,0,0,0,0,0,0,0,180000,0,0,0,180000,0,180000,180000
052733,台郡國泰97購01  ,0,0,0,0,0,0,0,0,0,180000,0,0,0,503000,323000,180000,180000
06190P,玉晶光永豐97售05,0,0,0,0,0,0,0,0,0,179000,0,0,0,179000,0,179000,179000
03498P,矽創凱基02售02  ,0,0,0,0,0,0,0,0,0,179000,0,0,0,179000,0,179000,179000
043750,美律元大93購01  ,0,0,0,0,0,0,0,0,0,179000,0,0,0,181000,2000,179000,179000
049712,為升凱基94購03  ,0,0,0,0,0,0,0,0,0,179000,0,0,0,208000,29000,179000,179000
052818,智邦永豐96購01  ,0,0,0,0,0,0,0,0,0,179000,0,0,0,216000,37000,179000,179000
052770,聯茂群益96購02  ,0,0,0,0,0,0,0,0,0,179000,0,0,0,191000,12000,179000,179000
05409P,京元電元富95售05,0,0,0,0,0,0,0,0,0,179000,0,0,0,179000,0,179000,179000
05779P,台積電統一96售06,0,0,0,0,0,0,0,0,0,178000,0,0,0,178000,0,178000,178000
055395,泰鼎統一97購01  ,1000,0,1000,0,0,0,0,0,0,177000,0,0,0,363000,186000,177000,178000
051266,國巨富邦99購01  ,0,0,0,0,0,0,0,0,0,178000,0,0,0,189000,11000,178000,178000
00641R,富邦日本反1     ,0,0,0,0,0,0,0,0,0,177000,0,0,0,313000,136000,177000,177000
054207,國巨國票98購01  ,0,0,0,0,0,0,0,0,0,177000,0,0,0,187000,10000,177000,177000
051732,華通國票97購01  ,0,0,0,0,0,0,0,0,0,177000,0,0,0,227000,50000,177000,177000
049795,華通元大96購02  ,0,0,0,0,0,0,0,0,0,176000,0,0,0,179000,3000,176000,176000
05551P,電子類元大96售01,0,0,0,0,0,0,0,0,0,175000,0,0,0,200000,25000,175000,175000
03298P,台積電統一03售15,0,0,0,0,0,0,0,0,0,175000,0,0,0,175000,0,175000,175000
046412,潤泰全元大92購02,0,0,0,0,0,0,0,0,0,175000,0,0,0,177000,2000,175000,175000
047602,GIS中信93購02   ,0,0,0,0,0,0,0,0,0,175000,0,0,0,175000,0,175000,175000
047912,台郡麥證94購01  ,0,0,0,226000,46000,180000,0,0,0,175000,0,0,0,226000,51000,175000,175000
053095,台光電統一98購01,0,0,0,0,0,0,0,0,0,175000,0,0,0,175000,0,175000,175000
050310,卜蜂兆豐94購01  ,0,0,0,0,0,0,0,0,0,174000,0,0,0,174000,0,174000,174000
053611,聯茂麥證96購01  ,0,0,0,291000,2000,289000,0,0,0,174000,0,0,0,291000,117000,174000,174000
046751,鴻海凱基93購18  ,0,0,0,0,0,0,0,0,0,173000,0,0,0,189000,16000,173000,173000
049046,同欣電兆豐94購01,0,0,0,0,0,0,0,0,0,173000,0,0,0,198000,25000,173000,173000
055504,貿聯元大98購04  ,0,0,0,0,0,0,0,0,0,172000,0,0,0,172000,0,172000,172000
054699,復盛永豐97購01  ,0,0,0,0,0,0,0,0,0,172000,0,0,0,536000,364000,172000,172000
06047P,聯發科富邦99售04,0,0,0,0,0,0,0,0,0,172000,0,0,0,173000,1000,172000,172000
048630,南亞元大93購01  ,0,0,0,0,0,0,0,0,0,172000,0,0,0,172000,0,172000,172000
050496,鴻海富邦96購01  ,0,0,0,0,0,0,0,0,0,172000,0,0,0,7807000,7635000,172000,172000
049727,台積電中信94購02,0,0,0,0,0,0,0,0,0,172000,0,0,0,218000,46000,172000,172000
053765,智邦富邦96購01  ,0,0,0,0,0,0,0,0,0,172000,0,0,0,346000,174000,172000,172000
052351,中環元富95購01  ,0,0,0,0,0,0,0,0,0,172000,0,0,0,172000,0,172000,172000
052137,台表科凱基96購02,0,0,0,0,0,0,0,0,0,172000,0,0,0,180000,8000,172000,172000
06150P,奇力新元大97售06,0,0,0,0,0,0,0,0,0,171000,0,0,0,191000,20000,171000,171000
046864,和大統一97購01  ,0,0,0,0,0,0,0,0,0,171000,0,0,0,219000,48000,171000,171000
047469,華通中信93購01  ,0,0,0,0,0,0,0,0,0,171000,0,0,0,171000,0,171000,171000
049523,微星兆豐94購02  ,0,0,0,0,0,0,0,0,0,171000,0,0,0,172000,1000,171000,171000
049144,瑞昱元大94購03  ,0,0,0,0,0,0,0,0,0,171000,0,0,0,173000,2000,171000,171000
051069,智邦國票96購01  ,0,0,0,0,0,0,0,0,0,171000,0,0,0,205000,34000,171000,171000
055300,緯穎元大98購01  ,0,0,0,0,0,0,0,0,0,170000,0,0,0,177000,7000,170000,170000
04269P,華通國票93售03  ,0,0,0,0,0,0,0,0,0,170000,0,0,0,170000,0,170000,170000
046919,大毅永豐93購01  ,0,0,0,0,0,0,0,0,0,170000,0,0,0,171000,1000,170000,170000
047542,華通凱基94購02  ,0,0,0,0,0,0,0,0,0,170000,0,0,0,180000,10000,170000,170000
05362P,可成富邦97售02  ,0,0,0,0,0,0,0,0,0,170000,0,0,0,170000,0,170000,170000
054957,興富發元大97購01,0,0,0,0,0,0,0,0,0,169000,0,0,0,171000,2000,169000,169000
3041,揚智            ,239000,70000,169000,0,0,0,0,0,0,0,0,0,0,0,0,0,169000
4968,立積            ,230000,65000,165000,0,0,0,1000,9000,-8000,12000,12000,0,12000,0,0,0,169000
045887,台光電元大92購07,0,0,0,0,0,0,0,0,0,168000,0,0,0,168000,0,168000,168000
044779,GIS元大93購05   ,0,0,0,0,0,0,0,0,0,168000,0,0,0,168000,0,168000,168000
049745,國巨永豐94購04  ,0,0,0,0,0,0,0,0,0,168000,0,0,0,168000,0,168000,168000
049369,義隆元大95購01  ,0,0,0,0,0,0,0,0,0,168000,0,0,0,168000,0,168000,168000
054440,TPK台新98購01   ,0,0,0,0,0,0,0,0,0,168000,0,0,0,168000,0,168000,168000
2059,川湖            ,193000,24000,169000,0,0,0,0,0,0,-2000,1000,1000,0,0,2000,-2000,167000
054750,聯茂凱基98購02  ,0,0,0,0,0,0,0,0,0,167000,0,0,0,218000,51000,167000,167000
6288,聯嘉            ,234000,145000,89000,0,0,0,0,0,0,77000,77000,0,77000,0,0,0,166000
050386,智伸科國票94購01,0,0,0,0,0,0,0,0,0,166000,0,0,0,213000,47000,166000,166000
048017,美利達國票93購01,0,0,0,0,0,0,0,0,0,166000,0,0,0,166000,0,166000,166000
053574,奇力新元富99購01,0,0,0,0,0,0,0,0,0,166000,0,0,0,166000,0,166000,166000
2537,聯上發          ,168000,3000,165000,0,0,0,0,0,0,0,0,0,0,0,0,0,165000
05931P,鴻海凱基96售15  ,0,0,0,0,0,0,0,0,0,165000,0,0,0,165000,0,165000,165000
050814,微星凱基95購01  ,0,0,0,0,0,0,0,0,0,165000,0,0,0,165000,0,165000,165000
053594,京鼎元大96購02  ,0,0,0,0,0,0,0,0,0,165000,0,0,0,170000,5000,165000,165000
054094,創意群益96購02  ,0,0,0,0,0,0,0,0,0,165000,0,0,0,172000,7000,165000,165000
6456,GIS-KY          ,408319,29000,379319,0,0,0,0,0,0,-215000,2000,0,2000,3000,220000,-217000,164319
055450,台積電元富97購01,0,0,0,0,0,0,0,0,0,164000,0,0,0,208000,44000,164000,164000
043855,創意富邦93購01  ,0,0,0,0,0,0,0,0,0,164000,0,0,0,164000,0,164000,164000
05083P,麗豐永豐95售02  ,0,0,0,0,0,0,0,0,0,164000,0,0,0,168000,4000,164000,164000
049807,新光金元大96購02,0,0,0,0,0,0,0,0,0,164000,0,0,0,165000,1000,164000,164000
04446P,元油2X凱基94售03,0,0,0,0,0,0,0,0,0,163000,0,0,0,163000,0,163000,163000
040498,滬深2X國票92購01,0,0,0,0,0,0,0,0,0,163000,0,0,0,163000,0,163000,163000
052805,晶技元大97購01  ,0,0,0,0,0,0,0,0,0,163000,0,0,0,278000,115000,163000,163000
4763,材料-KY         ,104000,38000,66000,0,0,0,0,18,-18,96800,96000,1000,95000,6000,4200,1800,162782
2426,鼎元            ,167000,11000,156000,0,0,0,6000,0,6000,0,0,0,0,0,0,0,162000
05478P,智伸科國票96售02,0,0,0,0,0,0,0,0,0,162000,0,0,0,162000,0,162000,162000
04152P,喬山永豐93售02  ,0,0,0,0,0,0,0,0,0,162000,0,0,0,162000,0,162000,162000
052431,茂林永豐95購03  ,0,0,0,0,0,0,0,0,0,162000,0,0,0,162000,0,162000,162000
055155,奇力新元大99購01,0,0,0,0,0,0,0,0,0,161000,0,0,0,189000,28000,161000,161000
06193P,台積電元富97售04,0,0,0,0,0,0,0,0,0,161000,0,0,0,161000,0,161000,161000
04454P,大立光富邦98售02,0,0,0,0,0,0,0,0,0,161000,0,0,0,161000,0,161000,161000
06194P,台積電元富97售05,0,0,0,0,0,0,0,0,0,160000,0,0,0,160000,0,160000,160000
055455,健策國泰98購02  ,0,0,0,0,0,0,0,0,0,160000,0,0,0,170000,10000,160000,160000
03257P,聯電永豐02售01  ,0,0,0,0,0,0,0,0,0,160000,0,0,0,160000,0,160000,160000
03119P,滬深2X元大01售13,0,0,0,0,0,0,0,0,0,160000,0,0,0,160000,0,160000,160000
03128P,玉晶光國泰03售04,0,0,0,0,0,0,0,0,0,160000,0,0,0,160000,0,160000,160000
00664R,國泰臺灣加權反1 ,0,0,0,0,0,0,0,0,0,160000,0,0,0,554000,394000,160000,160000
044815,宏碁兆豐93購01  ,0,0,0,0,0,0,0,0,0,160000,0,0,0,160000,0,160000,160000
05005P,台表科統一95售01,0,0,0,0,0,0,0,0,0,160000,0,0,0,160000,0,160000,160000
049765,上証2X元富94購01,0,0,0,0,0,0,0,0,0,160000,0,0,0,200000,40000,160000,160000
048943,智伸科永豐94購01,0,0,0,0,0,0,0,0,0,160000,0,0,0,160000,0,160000,160000
052355,為升永豐95購02  ,0,0,0,0,0,0,0,0,0,160000,0,0,0,205000,45000,160000,160000
052369,矽力國票96購02  ,0,0,0,0,0,0,0,0,0,160000,0,0,0,185000,25000,160000,160000
053112,中磊兆豐97購01  ,0,0,0,0,0,0,0,0,0,160000,0,0,0,160000,0,160000,160000
051996,康友元大95購01  ,0,0,0,0,0,0,0,0,0,160000,0,0,0,168000,8000,160000,160000
051551,新日興永豐95購01,0,0,0,0,0,0,0,0,0,160000,0,0,0,282000,122000,160000,160000
051516,全新凱基96購02  ,0,0,0,0,0,0,0,0,0,160000,0,0,0,160000,0,160000,160000
054579,聯茂元大97購01  ,0,0,0,0,0,0,0,0,0,160000,0,0,0,162000,2000,160000,160000
053862,南亞科元大97購02,0,0,0,0,0,0,0,0,0,160000,0,0,0,160000,0,160000,160000
046351,智邦群益92購01  ,0,0,0,0,0,0,0,0,0,159000,0,0,0,159000,0,159000,159000
049015,鴻海群益94購03  ,0,0,0,0,0,0,0,0,0,159000,0,0,0,589000,430000,159000,159000
050390,聯發科統一94購09,0,0,0,0,0,0,0,0,0,159000,0,0,0,160000,1000,159000,159000
051301,聯發科凱基95購08,0,0,0,0,0,0,0,0,0,159000,0,0,0,344000,185000,159000,159000
051406,泰鼎永豐96購01  ,0,0,0,0,0,0,0,0,0,159000,0,0,0,159000,0,159000,159000
3038,全台            ,162000,0,162000,0,0,0,0,0,0,-4000,0,4000,-4000,0,0,0,158000
04402P,TPK兆豐95售01   ,0,0,0,0,0,0,0,0,0,158000,0,0,0,158000,0,158000,158000
00652,富邦印度        ,77000,0,77000,0,0,0,0,0,0,81000,0,0,0,92000,11000,81000,158000
049023,玉晶光群益96購04,0,0,0,0,0,0,0,0,0,158000,0,0,0,356000,198000,158000,158000
6177,達麗            ,167000,10000,157000,0,0,0,0,0,0,0,0,0,0,0,0,0,157000
054708,華通統一97購02  ,0,0,0,0,0,0,0,0,0,157000,0,0,0,157000,0,157000,157000
050120,GIS元大95購02   ,0,0,0,0,0,0,0,0,0,157000,0,0,0,157000,0,157000,157000
04768P,大立光國泰96售03,0,0,0,0,0,0,0,0,0,157000,0,0,0,157000,0,157000,157000
00752,中信中國50      ,0,0,0,0,0,0,0,0,0,156000,0,0,0,685000,529000,156000,156000
043344,可成富邦93購01  ,0,0,0,0,0,0,0,0,0,156000,0,0,0,156000,0,156000,156000
043049,奇鋐國泰93購01  ,0,0,0,0,0,0,0,0,0,156000,0,0,0,156000,0,156000,156000
044853,亞光國泰93購01  ,0,0,0,0,0,0,0,0,0,156000,0,0,0,168000,12000,156000,156000
048744,儒鴻元富97購01  ,0,0,0,0,0,0,0,0,0,156000,0,0,0,156000,0,156000,156000
053221,彩晶凱基98購01  ,0,0,0,0,0,0,0,0,0,156000,0,0,0,167000,11000,156000,156000
051918,聯茂元大95購01  ,0,0,0,0,0,0,0,0,0,156000,0,0,0,185000,29000,156000,156000
052216,康友元大96購01  ,0,0,0,0,0,0,0,0,0,156000,0,0,0,158000,2000,156000,156000
2362,藍天            ,227000,71000,156000,0,0,0,0,1000,-1000,0,0,0,0,0,0,0,155000
050003,景碩永豐94購01  ,0,0,0,0,0,0,0,0,0,155000,0,0,0,155000,0,155000,155000
050274,GIS元大94購05   ,0,0,0,0,0,0,0,0,0,155000,0,0,0,155000,0,155000,155000
048673,智伸科永豐93購02,0,0,0,0,0,0,0,0,0,155000,0,0,0,155000,0,155000,155000
05118P,超眾元大96售04  ,0,0,0,0,0,0,0,0,0,155000,0,0,0,155000,0,155000,155000
053962,聯茂永豐96購01  ,0,0,0,0,0,0,0,0,0,155000,0,0,0,267000,112000,155000,155000
03826P,瀚宇博元大95售01,0,0,0,0,0,0,0,0,0,154000,0,0,0,154000,0,154000,154000
049701,聯茂元大94購05  ,0,0,0,0,0,0,0,0,0,154000,0,0,0,156000,2000,154000,154000
053652,友達凱基98購04  ,0,0,0,0,0,0,0,0,0,154000,0,0,0,177000,23000,154000,154000
052897,緯創群益96購03  ,0,0,0,0,0,0,0,0,0,154000,0,0,0,185000,31000,154000,154000
2354,鴻準            ,854004,701672,152332,0,0,0,3000,0,3000,-2000,0,2000,-2000,0,0,0,153332
04744P,臻鼎元富94售04  ,0,0,0,0,0,0,0,0,0,153000,0,0,0,154000,1000,153000,153000
048036,隆達凱基93購01  ,0,0,0,0,0,0,0,0,0,153000,0,0,0,157000,4000,153000,153000
049427,瑞昱兆豐94購01  ,0,0,0,0,0,0,0,0,0,153000,0,0,0,188000,35000,153000,153000
052532,台積電國泰96購07,0,0,0,0,0,0,0,0,0,153000,0,0,0,154000,1000,153000,153000
06123P,玉晶光元大97售04,0,0,0,0,0,0,0,0,0,152000,0,0,0,152000,0,152000,152000
04568P,瑞昱兆豐94售02  ,0,0,0,0,0,0,0,0,0,152000,0,0,0,152000,0,152000,152000
050841,國巨國票96購02  ,0,0,0,0,0,0,0,0,0,152000,0,0,0,154000,2000,152000,152000
052449,創意元大95購04  ,0,0,0,0,0,0,0,0,0,152000,0,0,0,175000,23000,152000,152000
051761,富邦金元大96購01,0,0,0,0,0,0,0,0,0,152000,0,0,0,174000,22000,152000,152000
053850,嘉澤元富96購03  ,0,0,0,0,0,0,0,0,0,152000,0,0,0,172000,20000,152000,152000
053325,GIS群益96購02   ,0,0,0,0,0,0,0,0,0,152000,0,0,0,162000,10000,152000,152000
06061P,訊芯統一97售01  ,0,0,0,0,0,0,0,0,0,151000,0,0,0,151000,0,151000,151000
05605P,嘉聯益元大97售02,0,0,0,0,0,0,0,0,0,151000,0,0,0,151000,0,151000,151000
044119,台郡兆豐92購01  ,0,0,0,0,0,0,0,0,0,151000,0,0,0,151000,0,151000,151000
044190,聯詠富邦93購01  ,0,0,0,0,0,0,0,0,0,151000,0,0,0,170000,19000,151000,151000
053781,友達元大9B購03  ,0,0,0,0,0,0,0,0,0,151000,0,0,0,151000,0,151000,151000
055928,南亞科群益97購02,0,0,0,0,0,0,0,0,0,150000,0,0,0,202000,52000,150000,150000
055215,智邦凱基98購02  ,0,0,0,0,0,0,0,0,0,150000,0,0,0,157000,7000,150000,150000
03919P,可成凱基93售07  ,0,0,0,0,0,0,0,0,0,150000,0,0,0,150000,0,150000,150000
042767,世紀鋼元大92購01,0,0,0,0,0,0,0,0,0,150000,0,0,0,150000,0,150000,150000
04289P,臺股指中信95售07,0,0,0,0,0,0,0,0,0,150000,0,0,0,150000,0,150000,150000
03126P,旭富凱基01售04  ,0,0,0,0,0,0,0,0,0,150000,0,0,0,150000,0,150000,150000
03993P,滬深2X中信94售03,0,0,0,0,0,0,0,0,0,150000,0,0,0,150000,0,150000,150000
041427,滬深2X國票93購01,0,0,0,0,0,0,0,0,0,150000,0,0,0,200000,50000,150000,150000
045058,華邦電國泰94購01,0,0,0,0,0,0,0,0,0,150000,0,0,0,180000,30000,150000,150000
049973,T50反1日盛9A購01,0,0,0,0,0,0,0,0,0,150000,0,0,0,150000,0,150000,150000
05080P,亞光永豐95售02  ,0,0,0,0,0,0,0,0,0,150000,0,0,0,158000,8000,150000,150000
049614,聯茂中信94購01  ,0,0,0,0,0,0,0,0,0,150000,0,0,0,150000,0,150000,150000
049299,矽創群益94購01  ,0,0,0,0,0,0,0,0,0,150000,0,0,0,150000,0,150000,150000
051195,台郡中信95購01  ,0,0,0,0,0,0,0,0,0,150000,0,0,0,155000,5000,150000,150000
051427,聯發科統一95購04,0,0,0,0,0,0,0,0,0,150000,0,0,0,150000,0,150000,150000
053959,晶豪科永豐96購02,0,0,0,0,0,0,0,0,0,150000,0,0,0,150000,0,150000,150000
054089,台積電群益96購11,0,0,0,0,0,0,0,0,0,150000,0,0,0,190000,40000,150000,150000
054042,華泰元大96購01  ,0,0,0,0,0,0,0,0,0,150000,0,0,0,164000,14000,150000,150000
054612,慧洋永豐97購01  ,0,0,0,0,0,0,0,0,0,150000,0,0,0,150000,0,150000,150000
05444P,大立光元大95售10,0,0,0,0,0,0,0,0,0,150000,0,0,0,150000,0,150000,150000
054373,富邦金中信97購01,0,0,0,0,0,0,0,0,0,150000,0,0,0,150000,0,150000,150000
05266P,華新科元大95售11,0,0,0,0,0,0,0,0,0,150000,0,0,0,150000,0,150000,150000
055177,宏達電統一99購01,0,0,0,0,0,0,0,0,0,149000,0,0,0,149000,0,149000,149000
06014P,聯發科富邦97售02,0,0,0,0,0,0,0,0,0,149000,0,0,0,149000,0,149000,149000
047246,華新科群益93購01,0,0,0,0,0,0,0,0,0,149000,0,0,0,160000,11000,149000,149000
052725,為升元富96購01  ,0,0,0,0,0,0,0,0,0,149000,0,0,0,149000,0,149000,149000
05238P,禾伸堂永豐95售01,0,0,0,0,0,0,0,0,0,149000,0,0,0,150000,1000,149000,149000
055670,矽創群益98購02  ,0,0,0,0,0,0,0,0,0,148000,0,0,0,150000,2000,148000,148000
049018,光罩群益94購01  ,0,0,0,0,0,0,0,0,0,148000,0,0,0,222000,74000,148000,148000
047526,可成元大93購08  ,0,0,0,0,0,0,0,0,0,148000,0,0,0,155000,7000,148000,148000
052373,鴻海元大95購22  ,0,0,0,0,0,0,0,0,0,148000,0,0,0,153000,5000,148000,148000
052177,京鼎元大95購02  ,0,0,0,0,0,0,0,0,0,148000,0,0,0,359000,211000,148000,148000
051944,智邦統一95購02  ,0,0,0,0,0,0,0,0,0,148000,0,0,0,148000,0,148000,148000
05995P,T50正2中信9C售01,0,0,0,0,0,0,0,0,0,147000,0,0,0,149000,2000,147000,147000
2850,新產            ,151000,4000,147000,0,0,0,0,0,0,0,0,0,0,0,0,0,147000
050900,台郡元大95購02  ,0,0,0,0,0,0,0,0,0,147000,0,0,0,155000,8000,147000,147000
049426,為升兆豐95購01  ,0,0,0,0,0,0,0,0,0,147000,0,0,0,152000,5000,147000,147000
052067,中磊兆豐96購01  ,0,0,0,0,0,0,0,0,0,147000,0,0,0,147000,0,147000,147000
052998,拓凱康和96購01  ,0,0,0,0,0,0,0,0,0,147000,0,0,0,190000,43000,147000,147000
3708,上緯投控        ,166000,8000,158000,0,0,0,0,0,0,-12000,0,0,0,0,12000,-12000,146000
048040,百和凱基93購07  ,0,0,0,0,0,0,0,0,0,146000,0,0,0,150000,4000,146000,146000
053988,友達亞東96購01  ,0,0,0,0,0,0,0,0,0,146000,0,0,0,146000,0,146000,146000
054160,華泰凱基98購01  ,0,0,0,0,0,0,0,0,0,146000,0,0,0,146000,0,146000,146000
055230,大毅國票98購01  ,0,0,0,0,0,0,0,0,0,145000,0,0,0,150000,5000,145000,145000
054717,亞德客永豐97購01,0,0,0,0,0,0,0,0,0,145000,0,0,0,162000,17000,145000,145000
044532,康控富邦93購01  ,0,0,0,0,0,0,0,0,0,145000,0,0,0,155000,10000,145000,145000
048657,大成鋼統一93購04,0,0,0,0,0,0,0,0,0,145000,0,0,0,225000,80000,145000,145000
049874,全新康和94購01  ,0,0,0,0,0,0,0,0,0,145000,0,0,0,145000,0,145000,145000
049545,台積電群益94購09,0,0,0,0,0,0,0,0,0,145000,0,0,0,272000,127000,145000,145000
051440,鴻海元大95購12  ,0,0,0,0,0,0,0,0,0,145000,0,0,0,165000,20000,145000,145000
047780,友達中信96購01  ,0,0,0,0,0,0,0,0,0,145000,0,0,0,151000,6000,145000,145000
054006,智易統一97購01  ,0,0,0,0,0,0,0,0,0,145000,0,0,0,145000,0,145000,145000
04358P,TPK永豐94售01   ,0,0,0,0,0,0,0,0,0,144000,0,0,0,144000,0,144000,144000
046380,神基凱基93購01  ,0,0,0,0,0,0,0,0,0,144000,0,0,0,144000,0,144000,144000
047676,臺股指元富99購01,0,0,0,0,0,0,0,0,0,144000,0,0,0,144000,0,144000,144000
054263,聯茂元大96購02  ,0,0,0,0,0,0,0,0,0,144000,0,0,0,146000,2000,144000,144000
053868,群創元大99購02  ,0,0,0,0,0,0,0,0,0,144000,0,0,0,257000,113000,144000,144000
053517,崇越群益97購01  ,0,0,0,0,0,0,0,0,0,144000,0,0,0,154000,10000,144000,144000
052536,聯茂國泰97購01  ,0,0,0,0,0,0,0,0,0,144000,0,0,0,144000,0,144000,144000
055712,金寶元大97購02  ,0,0,0,0,0,0,0,0,0,143000,0,0,0,177000,34000,143000,143000
9802,鈺齊-KY         ,314000,132000,182000,0,0,0,0,0,0,-39000,0,2000,-2000,2000,39000,-37000,143000
047196,上銀統一97購01  ,0,0,0,0,0,0,0,0,0,143000,0,0,0,260000,117000,143000,143000
042919,GIS元大93購01   ,0,0,0,0,0,0,0,0,0,143000,0,0,0,143000,0,143000,143000
044510,台光電凱基93購04,0,0,0,0,0,0,0,0,0,143000,0,0,0,188000,45000,143000,143000
00640L,富邦日本正2     ,37000,0,37000,0,0,0,0,0,0,106000,0,0,0,406000,300000,106000,143000
048155,瑞昱兆豐93購01  ,0,0,0,0,0,0,0,0,0,143000,0,0,0,143000,0,143000,143000
05120P,聯發科國泰97售01,0,0,0,0,0,0,0,0,0,143000,0,0,0,175000,32000,143000,143000
04978P,台表科凱基94售02,0,0,0,0,0,0,0,0,0,143000,0,0,0,143000,0,143000,143000
053178,南亞科統一98購01,0,0,0,0,0,0,0,0,0,143000,0,0,0,164000,21000,143000,143000
054464,奇力新凱基98購02,0,0,0,0,0,0,0,0,0,143000,0,0,0,184000,41000,143000,143000
5388,中磊            ,275000,94000,181000,0,0,0,36000,3217,32783,-71000,0,0,0,5000,76000,-71000,142783
2634,漢翔            ,503000,360000,143000,0,0,0,0,0,0,-1000,0,1000,-1000,0,0,0,142000
06170P,禾伸堂元富97售02,0,0,0,0,0,0,0,0,0,142000,0,0,0,142000,0,142000,142000
04625P,燿華元大94售03  ,0,0,0,0,0,0,0,0,0,142000,0,0,0,142000,0,142000,142000
046737,鴻海群益93購04  ,0,0,0,0,0,0,0,0,0,142000,0,0,0,182000,40000,142000,142000
049911,智邦元大94購05  ,0,0,0,0,0,0,0,0,0,142000,0,0,0,247000,105000,142000,142000
054608,致茂永豐97購01  ,0,0,0,0,0,0,0,0,0,142000,0,0,0,168000,26000,142000,142000
051579,宏碁元大95購01  ,0,0,0,0,0,0,0,0,0,142000,0,0,0,165000,23000,142000,142000
055190,華新科元富97購01,0,0,0,0,0,0,0,0,0,141000,0,0,0,161000,20000,141000,141000
052018,京鼎永豐95購02  ,0,0,0,0,0,0,0,0,0,141000,0,0,0,148000,7000,141000,141000
052929,可成元大96購02  ,0,0,0,0,0,0,0,0,0,141000,0,0,0,151000,10000,141000,141000
053390,彩晶元大9A購01  ,0,0,0,0,0,0,0,0,0,141000,0,0,0,171000,30000,141000,141000
055009,合勤控元富97購01,0,0,0,0,0,0,0,0,0,140000,0,0,0,162000,22000,140000,140000
044405,材料凱基93購01  ,0,0,0,0,0,0,0,0,0,140000,0,0,0,140000,0,140000,140000
049037,可成兆豐94購01  ,0,0,0,0,0,0,0,0,0,140000,0,0,0,140000,0,140000,140000
048778,聯茂凱基94購04  ,0,0,0,0,0,0,0,0,0,140000,0,0,0,140000,0,140000,140000
051211,道瓊反統一95購01,0,0,0,0,0,0,0,0,0,140000,0,0,0,150000,10000,140000,140000
053387,緯創元大97購01  ,0,0,0,0,0,0,0,0,0,140000,0,0,0,231000,91000,140000,140000
054438,群創台新96購01  ,0,0,0,0,0,0,0,0,0,140000,0,0,0,140000,0,140000,140000
052791,友達兆豐97購01  ,0,0,0,0,0,0,0,0,0,140000,0,0,0,140000,0,140000,140000
050350,全新群益94購04  ,0,0,0,0,0,0,0,0,0,139000,0,0,0,139000,0,139000,139000
051203,微星麥證95購01  ,0,0,0,141000,2000,139000,0,0,0,139000,0,0,0,141000,2000,139000,139000
049372,華新科元大95購04,0,0,0,0,0,0,0,0,0,139000,0,0,0,159000,20000,139000,139000
049486,旺宏元大94購08  ,0,0,0,0,0,0,0,0,0,139000,0,0,0,148000,9000,139000,139000
048965,佳世達元大94購01,0,0,0,0,0,0,0,0,0,139000,0,0,0,150000,11000,139000,139000
052501,茂林永豐95購04  ,0,0,0,0,0,0,0,0,0,139000,0,0,0,139000,0,139000,139000
06122P,亞光元大98售01  ,0,0,0,0,0,0,0,0,0,138000,0,0,0,138000,0,138000,138000
9911,櫻花            ,197000,77000,120000,0,0,0,1000,3000,-2000,20000,20000,0,20000,0,0,0,138000
03928P,鎧勝康和93售01  ,0,0,0,0,0,0,0,0,0,138000,0,0,0,138000,0,138000,138000
05227P,大立光統一95售04,0,0,0,0,0,0,0,0,0,138000,0,0,0,138000,0,138000,138000
054166,日電貿凱基98購01,0,0,0,0,0,0,0,0,0,138000,0,0,0,138000,0,138000,138000
043990,智易元大93購01  ,0,0,0,0,0,0,0,0,0,137000,0,0,0,137000,0,137000,137000
04995P,台達電凱基96售03,0,0,0,0,0,0,0,0,0,137000,0,0,0,159000,22000,137000,137000
047866,得力永豐93購01  ,0,0,0,0,0,0,0,0,0,137000,0,0,0,187000,50000,137000,137000
048688,瑞昱群益94購01  ,0,0,0,0,0,0,0,0,0,137000,0,0,0,137000,0,137000,137000
051430,瑞昱元富95購02  ,0,0,0,0,0,0,0,0,0,137000,0,0,0,141000,4000,137000,137000
051101,台表科元大96購02,0,0,0,0,0,0,0,0,0,137000,0,0,0,200000,63000,137000,137000
054376,聯茂中信97購01  ,0,0,0,0,0,0,0,0,0,137000,0,0,0,172000,35000,137000,137000
052444,友訊元大95購01  ,0,0,0,0,0,0,0,0,0,137000,0,0,0,165000,28000,137000,137000
05922P,京元電兆豐96售01,0,0,0,0,0,0,0,0,0,136000,0,0,0,136000,0,136000,136000
045936,富邦金群益94購01,0,0,0,0,0,0,0,0,0,136000,0,0,0,136000,0,136000,136000
046033,義隆元大92購03  ,0,0,0,0,0,0,0,0,0,136000,0,0,0,146000,10000,136000,136000
045690,啟碁元大92購01  ,0,0,0,0,0,0,0,0,0,136000,0,0,0,136000,0,136000,136000
046829,義隆群益93購01  ,0,0,0,0,0,0,0,0,0,136000,0,0,0,136000,0,136000,136000
00638R,元大滬深300反1  ,121000,0,121000,0,0,0,0,0,0,15000,0,0,0,50000,35000,15000,136000
051006,中磊中信95購01  ,0,0,0,0,0,0,0,0,0,136000,0,0,0,136000,0,136000,136000
051995,矽力元大95購03  ,0,0,0,0,0,0,0,0,0,136000,0,0,0,136000,0,136000,136000
6505,台塑化          ,615623,537578,78045,0,0,0,26000,0,26000,31000,3000,2000,1000,30000,0,30000,135045
044735,光磊國泰93購01  ,0,0,0,0,0,0,0,0,0,135000,0,0,0,135000,0,135000,135000
044364,超眾中信94購01  ,0,0,0,0,0,0,0,0,0,135000,0,0,0,145000,10000,135000,135000
046531,臻鼎兆豐92購02  ,0,0,0,0,0,0,0,0,0,135000,0,0,0,180000,45000,135000,135000
049353,茂林永豐94購03  ,0,0,0,0,0,0,0,0,0,135000,0,0,0,138000,3000,135000,135000
054389,為升元富96購02  ,0,0,0,0,0,0,0,0,0,135000,0,0,0,135000,0,135000,135000
053429,彩晶永豐96購01  ,0,0,0,0,0,0,0,0,0,135000,0,0,0,136000,1000,135000,135000
054934,金寶元大97購01  ,0,0,0,0,0,0,0,0,0,134000,0,0,0,190000,56000,134000,134000
050418,為升凱基94購06  ,0,0,0,0,0,0,0,0,0,134000,0,0,0,158000,24000,134000,134000
048422,瑞昱元富96購02  ,0,0,0,0,0,0,0,0,0,134000,0,0,0,134000,0,134000,134000
053595,創意元大96購02  ,0,20000,-20000,0,0,0,0,0,0,154000,0,0,0,228000,74000,154000,134000
054528,台光電統一96購02,0,0,0,0,0,0,0,0,0,134000,0,0,0,134000,0,134000,134000
054697,凌華永豐97購01  ,0,0,0,0,0,0,0,0,0,134000,0,0,0,149000,15000,134000,134000
05516P,台積電元大96售12,0,0,0,0,0,0,0,0,0,133000,0,0,0,133000,0,133000,133000
055772,致茂凱基97購01  ,0,0,0,0,0,0,0,0,0,133000,0,0,0,133000,0,133000,133000
051494,中環兆豐95購01  ,0,0,0,0,0,0,0,0,0,133000,0,0,0,143000,10000,133000,133000
052456,滬深2X元富9B購03,0,0,0,0,0,0,0,0,0,133000,0,0,0,290000,157000,133000,133000
052975,嘉聯益群益96購01,0,0,0,0,0,0,0,0,0,133000,0,0,0,133000,0,133000,133000
05777P,台積電統一96售04,0,0,0,0,0,0,0,0,0,132000,0,0,0,162000,30000,132000,132000
055257,景碩統一97購01  ,0,0,0,0,0,0,0,0,0,132000,0,0,0,209000,77000,132000,132000
046621,智伸科凱基93購02,0,0,0,0,0,0,0,0,0,132000,0,0,0,132000,0,132000,132000
044773,創意元大93購02  ,0,0,0,0,0,0,0,0,0,132000,0,0,0,132000,0,132000,132000
048576,義隆國泰95購01  ,0,0,0,0,0,0,0,0,0,132000,0,0,0,162000,30000,132000,132000
050286,為升凱基94購05  ,0,0,0,0,0,0,0,0,0,132000,0,0,0,142000,10000,132000,132000
05302P,華通國泰96售01  ,0,0,0,0,0,0,0,0,0,132000,0,0,0,132000,0,132000,132000
054374,信邦中信96購01  ,0,0,0,0,0,0,0,0,0,132000,0,0,0,162000,30000,132000,132000
053779,台光電元大96購02,0,0,0,0,0,0,0,0,0,132000,0,0,0,144000,12000,132000,132000
9939,宏全            ,267000,116000,151000,0,0,0,0,1323,-1323,-18000,2000,0,2000,22000,42000,-20000,131677
06089P,矽創永豐97售01  ,0,0,0,0,0,0,0,0,0,131000,0,0,0,131000,0,131000,131000
050453,創意元大95購03  ,0,0,0,0,0,0,0,0,0,131000,0,0,0,167000,36000,131000,131000
054649,聯茂群益97購01  ,0,0,0,0,0,0,0,0,0,131000,0,0,0,131000,0,131000,131000
052589,群創永豐97購01  ,0,0,0,0,0,0,0,0,0,131000,0,0,0,152000,21000,131000,131000
051704,智邦群益95購02  ,0,0,0,0,0,0,0,0,0,131000,0,0,0,131000,0,131000,131000
06157P,聯鈞統一97售02  ,0,0,0,0,0,0,0,0,0,130000,0,0,0,133000,3000,130000,130000
03921P,亞光凱基94售01  ,0,0,0,0,0,0,0,0,0,130000,0,0,0,130000,0,130000,130000
03250P,日月光元富07售02,0,0,0,0,0,0,0,0,0,130000,0,0,0,130000,0,130000,130000
044039,康控群益93購01  ,0,0,0,0,0,0,0,0,0,130000,0,0,0,130000,0,130000,130000
048044,儒鴻永豐93購01  ,0,0,0,0,0,0,0,0,0,130000,0,0,0,130000,0,130000,130000
051124,創意群益95購01  ,0,0,0,0,0,0,0,0,0,130000,0,0,0,130000,0,130000,130000
051407,南茂永豐95購02  ,0,0,0,0,0,0,0,0,0,130000,0,0,0,130000,0,130000,130000
048787,義隆元大94購02  ,0,0,0,0,0,0,0,0,0,130000,0,0,0,169000,39000,130000,130000
052919,鈺齊富邦98購01  ,0,0,0,0,0,0,0,0,0,130000,0,0,0,131000,1000,130000,130000
054552,聯發科凱基98購03,0,0,0,0,0,0,0,0,0,130000,0,0,0,130000,0,130000,130000
055184,群創統一98購02  ,0,0,0,0,0,0,0,0,0,129000,0,0,0,129000,0,129000,129000
055089,金寶群益98購01  ,0,0,0,0,0,0,0,0,0,129000,0,0,0,172000,43000,129000,129000
047466,新光金國泰95購01,0,0,0,0,0,0,0,0,0,129000,0,0,0,200000,71000,129000,129000
04061P,臺股指群益93售15,0,0,0,0,0,0,0,0,0,129000,0,0,0,129000,0,129000,129000
046356,智伸科群益93購01,0,0,0,0,0,0,0,0,0,129000,0,0,0,139000,10000,129000,129000
048862,中磊群益94購01  ,0,0,0,0,0,0,0,0,0,129000,0,0,0,131000,2000,129000,129000
051455,樺漢元大96購01  ,0,0,0,0,0,0,0,0,0,129000,0,0,0,141000,12000,129000,129000
055260,晶相光統一98購01,0,0,0,0,0,0,0,0,0,128000,0,0,0,233000,105000,128000,128000
2897,王道銀行        ,138000,10000,128000,0,0,0,0,0,0,0,0,0,0,0,0,0,128000
049926,智易元大95購02  ,0,0,0,0,0,0,0,0,0,128000,0,0,0,132000,4000,128000,128000
046020,滬深2X元大95購02,0,0,0,0,0,0,0,0,0,128000,0,0,0,160000,32000,128000,128000
049301,致新群益95購01  ,0,0,0,0,0,0,0,0,0,128000,0,0,0,128000,0,128000,128000
049045,上海銀兆豐94購01,0,0,0,0,0,0,0,0,0,128000,0,0,0,135000,7000,128000,128000
05400P,台積電永豐95售05,0,0,0,0,0,0,0,0,0,128000,0,0,0,150000,22000,128000,128000
053318,全新群益99購01  ,0,0,0,0,0,0,0,0,0,128000,0,0,0,176000,48000,128000,128000
05217P,鴻海統一95售08  ,0,0,0,0,0,0,0,0,0,128000,0,0,0,132000,4000,128000,128000
4190,佐登-KY         ,45000,30000,15000,0,0,0,129000,36,128964,-16000,14000,7000,7000,0,23000,-23000,127964
6552,易華電          ,184000,68000,116000,0,0,0,0,0,0,11000,24000,5000,19000,0,8000,-8000,127000
055543,為升凱基97購01  ,0,0,0,0,0,0,0,0,0,127000,0,0,0,136000,9000,127000,127000
050133,鈺齊凱基94購01  ,0,0,0,0,0,0,0,0,0,127000,0,0,0,133000,6000,127000,127000
046228,神基元大92購01  ,0,0,0,0,0,0,0,0,0,127000,0,0,0,130000,3000,127000,127000
04047P,華邦電元大94售03,0,0,0,0,0,0,0,0,0,127000,0,0,0,127000,0,127000,127000
043758,創意元大92購03  ,0,0,0,0,0,0,0,0,0,127000,0,0,0,147000,20000,127000,127000
047954,漢唐永豐93購02  ,0,0,0,0,0,0,0,0,0,127000,0,0,0,127000,0,127000,127000
047631,味全元大93購01  ,0,0,0,0,0,0,0,0,0,127000,0,0,0,127000,0,127000,127000
050664,全新台新94購02  ,0,0,0,0,0,0,0,0,0,127000,0,0,0,127000,0,127000,127000
048940,晶相光永豐94購01,0,0,0,0,0,0,0,0,0,127000,0,0,0,141000,14000,127000,127000
051366,康友國泰97購01  ,0,0,0,0,0,0,0,0,0,127000,0,0,0,166000,39000,127000,127000
047689,瑞昱富邦97購01  ,0,0,0,0,0,0,0,0,0,127000,0,0,0,211000,84000,127000,127000
053513,義隆群益96購05  ,0,0,0,0,0,0,0,0,0,127000,0,0,0,151000,24000,127000,127000
053999,台表科群益96購06,0,0,0,0,0,0,0,0,0,127000,0,0,0,135000,8000,127000,127000
054808,東元元大9A購01  ,0,0,0,0,0,0,0,0,0,126000,0,0,0,129000,3000,126000,126000
047236,智伸科凱基93購05,0,0,0,0,0,0,0,0,0,126000,0,0,0,144000,18000,126000,126000
050523,義隆元大94購05  ,0,0,0,0,0,0,0,0,0,126000,0,0,0,147000,21000,126000,126000
05091P,台積電元大95售11,0,0,0,0,0,0,0,0,0,126000,0,0,0,126000,0,126000,126000
051534,景碩國票97購01  ,0,0,0,0,0,0,0,0,0,126000,0,0,0,126000,0,126000,126000
053040,全新凱基98購01  ,0,0,0,0,0,0,0,0,0,126000,0,0,0,127000,1000,126000,126000
047184,漢唐元大94購02  ,0,0,0,0,0,0,0,0,0,125000,0,0,0,125000,0,125000,125000
047040,台勝科群益93購01,0,0,0,0,0,0,0,0,0,125000,0,0,0,129000,4000,125000,125000
05062P,大立光富邦98售03,0,0,0,0,0,0,0,0,0,125000,0,0,0,125000,0,125000,125000
048968,可成元大94購02  ,0,0,0,0,0,0,0,0,0,125000,0,0,0,132000,7000,125000,125000
047492,儒鴻元富93購01  ,0,0,0,0,0,0,0,0,0,125000,0,0,0,125000,0,125000,125000
05139P,臺股指凱基95售06,0,0,0,0,0,0,0,0,0,125000,0,0,0,125000,0,125000,125000
048691,智伸科群益94購01,0,0,0,0,0,0,0,0,0,125000,0,0,0,135000,10000,125000,125000
052854,聯詠日盛96購01  ,0,0,0,0,0,0,0,0,0,125000,0,0,0,125000,0,125000,125000
052099,臺股指富邦95購02,0,0,0,0,0,0,0,0,0,125000,0,0,0,125000,0,125000,125000
054456,華泰群益99購01  ,0,0,0,0,0,0,0,0,0,125000,0,0,0,151000,26000,125000,125000
5871,中租-KY         ,757623,670479,87144,0,0,0,6000,0,6000,31000,11000,4000,7000,27000,3000,24000,124144
06042P,華新科永豐96售04,0,0,0,0,0,0,0,0,0,124000,0,0,0,124000,0,124000,124000
06044P,同欣電永豐96售03,0,0,0,0,0,0,0,0,0,124000,0,0,0,124000,0,124000,124000
05592P,可成群益96售03  ,0,0,0,0,0,0,0,0,0,124000,0,0,0,128000,4000,124000,124000
051103,緯穎元大96購03  ,0,0,0,0,0,0,0,0,0,124000,0,0,0,135000,11000,124000,124000
053261,國巨群益96購05  ,0,0,0,0,0,0,0,0,0,124000,0,0,0,124000,0,124000,124000
052103,台積電兆豐95購06,0,0,0,0,0,0,0,0,0,124000,0,0,0,730000,606000,124000,124000
052178,台郡元大96購03  ,0,0,0,0,0,0,0,0,0,124000,0,0,0,134000,10000,124000,124000
052013,台積電永豐95購04,0,0,0,0,0,0,0,0,0,124000,0,0,0,247000,123000,124000,124000
053034,上海銀兆豐96購01,0,0,0,0,0,0,0,0,0,124000,0,0,0,226000,102000,124000,124000
05600P,玉晶光台新96售04,0,0,0,0,0,0,0,0,0,123000,0,0,0,123000,0,123000,123000
055138,大毅永豐97購02  ,0,0,0,0,0,0,0,0,0,123000,0,0,0,140000,17000,123000,123000
06046P,健策統一96售03  ,0,0,0,0,0,0,0,0,0,123000,0,0,0,189000,66000,123000,123000
1701,中化            ,125000,2000,123000,0,0,0,0,0,0,0,0,0,0,0,0,0,123000
045694,智邦兆豐93購05  ,0,0,0,0,0,0,0,0,0,123000,0,0,0,283000,160000,123000,123000
048742,瀚宇博統一94購01,0,0,0,0,0,0,0,0,0,123000,0,0,0,123000,0,123000,123000
049593,群創元大9A購01  ,0,0,0,0,0,0,0,0,0,123000,0,0,0,143000,20000,123000,123000
048053,美利達中信93購01,0,0,0,0,0,0,0,0,0,123000,0,0,0,123000,0,123000,123000
1339,昭輝            ,175000,52000,123000,0,0,0,0,45,-45,0,0,0,0,0,0,0,122955
05636P,國巨永豐96售03  ,0,0,0,0,0,0,0,0,0,122000,0,0,0,122000,0,122000,122000
046091,健鼎兆豐92購01  ,0,0,0,0,0,0,0,0,0,122000,0,0,0,122000,0,122000,122000
04599P,南亞科凱基94售03,0,0,0,0,0,0,0,0,0,122000,0,0,0,123000,1000,122000,122000
047021,台光電元大93購03,0,0,0,0,0,0,0,0,0,122000,0,0,0,126000,4000,122000,122000
04453P,聯發科富邦94售04,0,0,0,0,0,0,0,0,0,122000,0,0,0,326000,204000,122000,122000
042903,金寶元大94購01  ,0,0,0,0,0,0,0,0,0,122000,0,0,0,122000,0,122000,122000
048080,元石油凱基96購01,0,0,0,0,0,0,0,0,0,122000,0,0,0,122000,0,122000,122000
050765,鴻海元大96購02  ,0,0,0,0,0,0,0,0,0,122000,0,0,0,743000,621000,122000,122000
051293,鴻海元富95購05  ,0,0,0,0,0,0,0,0,0,122000,0,0,0,122000,0,122000,122000
052790,智邦兆豐97購01  ,0,0,0,0,0,0,0,0,0,122000,0,0,0,125000,3000,122000,122000
052289,為升元富95購02  ,0,0,0,0,0,0,0,0,0,122000,0,0,0,124000,2000,122000,122000
052294,創意國票96購03  ,0,0,0,0,0,0,0,0,0,122000,0,0,0,122000,0,122000,122000
4906,正文            ,135000,114000,21000,0,0,0,0,148526,-148526,249000,0,0,0,284000,35000,249000,121474
05497P,聯詠統一96售01  ,0,0,0,0,0,0,0,0,0,121000,0,0,0,121000,0,121000,121000
03769P,聯發科元大93售04,0,0,0,0,0,0,0,0,0,121000,0,0,0,440000,319000,121000,121000
045271,元油2X統一93購01,0,0,0,0,0,0,0,0,0,121000,0,0,0,121000,0,121000,121000
047836,國泰金元大93購01,0,0,0,0,0,0,0,0,0,121000,0,0,0,122000,1000,121000,121000
049052,台積電永豐94購02,0,0,0,0,0,0,0,0,0,121000,0,0,0,126000,5000,121000,121000
053236,群創永豐97購02  ,0,0,0,0,0,0,0,0,0,121000,0,0,0,121000,0,121000,121000
053894,創意群益96購01  ,0,0,0,0,0,0,0,0,0,121000,0,0,0,124000,3000,121000,121000
053541,泰鼎永豐96購02  ,0,0,0,0,0,0,0,0,0,121000,0,0,0,121000,0,121000,121000
055265,玉晶光永豐98購03,0,0,0,0,0,0,0,0,0,120000,0,0,0,130000,10000,120000,120000
055898,訊芯第一97購01  ,0,0,0,0,0,0,0,0,0,120000,0,0,0,120000,0,120000,120000
045166,深100富邦92購01 ,0,0,0,0,0,0,0,0,0,120000,0,0,0,120000,0,120000,120000
050255,GIS富邦95購01   ,0,0,0,0,0,0,0,0,0,120000,0,0,0,120000,0,120000,120000
046987,智邦凱基93購04  ,0,0,0,0,0,0,0,0,0,120000,0,0,0,120000,0,120000,120000
046672,聯茂元大93購01  ,0,0,0,0,0,0,0,0,0,120000,0,0,0,126000,6000,120000,120000
046596,TPK第一93購01   ,0,0,0,0,0,0,0,0,0,120000,0,0,0,120000,0,120000,120000
047279,日月光永豐93購01,0,0,0,0,0,0,0,0,0,120000,0,0,0,120000,0,120000,120000
04401P,玉晶光兆豐94售01,0,0,0,0,0,0,0,0,0,120000,0,0,0,120000,0,120000,120000
044814,華邦電兆豐93購02,0,0,0,0,0,0,0,0,0,120000,0,0,0,120000,0,120000,120000
048325,美利達凱基93購05,0,0,0,0,0,0,0,0,0,120000,0,0,0,120000,0,120000,120000
048326,滬深2X國泰94購03,0,0,0,0,0,0,0,0,0,120000,0,0,0,120000,0,120000,120000
054075,GIS富邦97購02   ,0,0,0,0,0,0,0,0,0,120000,0,0,0,120000,0,120000,120000
051806,華通凱基96購02  ,0,0,0,0,0,0,0,0,0,120000,0,0,0,249000,129000,120000,120000
052735,燿華富邦98購01  ,0,0,0,0,0,0,0,0,0,120000,0,0,0,120000,0,120000,120000
053105,鴻海兆豐97購01  ,0,0,0,0,0,0,0,0,0,120000,0,0,0,120000,0,120000,120000
04713P,創意元大95售01  ,0,0,0,0,0,0,0,0,0,119000,0,0,0,119000,0,119000,119000
00634R,富邦上証反1     ,38000,366000,-328000,0,0,0,0,0,0,447000,0,0,0,633000,186000,447000,119000
05009P,大立光元富95售06,0,0,0,0,0,0,0,0,0,119000,0,0,0,119000,0,119000,119000
049988,貿聯凱基94購02  ,0,0,0,0,0,0,0,0,0,119000,0,0,0,119000,0,119000,119000
050498,為升凱基94購07  ,0,0,0,0,0,0,0,0,0,119000,0,0,0,142000,23000,119000,119000
051253,緯創元大95購02  ,0,0,0,0,0,0,0,0,0,119000,0,0,0,179000,60000,119000,119000
051164,鴻海元大95購05  ,0,0,0,0,0,0,0,0,0,119000,0,0,0,446000,327000,119000,119000
048745,儒鴻元富97購02  ,0,0,0,0,0,0,0,0,0,119000,0,0,0,119000,0,119000,119000
048939,華擎永豐94購01  ,0,0,0,0,0,0,0,0,0,119000,0,0,0,120000,1000,119000,119000
054128,台積電元大97購10,0,0,0,0,0,0,0,0,0,119000,0,0,0,215000,96000,119000,119000
6592,和潤企業        ,123000,5000,118000,0,0,0,0,0,0,0,0,0,0,0,0,0,118000
1905,華紙            ,143000,25000,118000,0,0,0,0,0,0,0,0,0,0,0,0,0,118000
046345,世紀鋼國票93購01,0,0,0,0,0,0,0,0,0,118000,0,0,0,118000,0,118000,118000
045172,欣興兆豐94購01  ,0,0,0,0,0,0,0,0,0,118000,0,0,0,118000,0,118000,118000
045525,智邦永豐92購01  ,0,0,0,0,0,0,0,0,0,118000,0,0,0,118000,0,118000,118000
051028,台光電元富95購02,0,0,0,0,0,0,0,0,0,118000,0,0,0,120000,2000,118000,118000
048493,微星元大93購04  ,0,0,0,0,0,0,0,0,0,118000,0,0,0,118000,0,118000,118000
04814P,健策元大96售01  ,0,0,0,0,0,0,0,0,0,118000,0,0,0,118000,0,118000,118000
053217,群創凱基99購02  ,0,0,0,0,0,0,0,0,0,118000,0,0,0,438000,320000,118000,118000
051668,智邦元大95購02  ,0,0,0,0,0,0,0,0,0,118000,0,0,0,166000,48000,118000,118000
8131,福懋科          ,134000,30000,104000,0,0,0,17000,175,16825,-3000,0,5000,-5000,2000,0,2000,117825
5264,鎧勝-KY         ,194000,63000,131000,0,0,0,0,26211,-26211,13000,0,0,0,13000,0,13000,117789
047046,台積電國票94購01,0,0,0,0,0,0,0,0,0,117000,0,0,0,117000,0,117000,117000
045891,健鼎元大92購01  ,0,0,0,0,0,0,0,0,0,117000,0,0,0,117000,0,117000,117000
044707,合勤控元大93購01,0,0,0,0,0,0,0,0,0,117000,0,0,0,117000,0,117000,117000
047160,台郡國票94購01  ,0,0,0,0,0,0,0,0,0,117000,0,0,0,500000,383000,117000,117000
04889P,華通元大94售03  ,0,0,0,0,0,0,0,0,0,117000,0,0,0,130000,13000,117000,117000
06153P,健策元大97售04  ,0,0,0,0,0,0,0,0,0,116000,0,0,0,223000,107000,116000,116000
055775,友達凱基9A購01  ,0,0,0,0,0,0,0,0,0,116000,0,0,0,116000,0,116000,116000
046703,瑞昱元富95購01  ,0,0,0,0,0,0,0,0,0,116000,0,0,0,144000,28000,116000,116000
04420P,奇鋐永豐94售01  ,0,0,0,0,0,0,0,0,0,116000,0,0,0,116000,0,116000,116000
046265,高鐵凱基92購03  ,0,0,0,0,0,0,0,0,0,116000,0,0,0,116000,0,116000,116000
048714,巨大康和94購01  ,0,0,0,0,0,0,0,0,0,116000,0,0,0,121000,5000,116000,116000
048794,易華電元大97購01,0,0,0,0,0,0,0,0,0,116000,0,0,0,120000,4000,116000,116000
050450,富邦金元大94購03,0,0,0,0,0,0,0,0,0,116000,0,0,0,141000,25000,116000,116000
052981,鴻海元大97購05  ,0,0,0,0,0,0,0,0,0,116000,0,0,0,117000,1000,116000,116000
053454,創意統一96購02  ,0,0,0,0,0,0,0,0,0,116000,0,0,0,126000,10000,116000,116000
3673,TPK-KY          ,196000,46000,150000,0,0,0,0,47650,-47650,13000,48000,0,48000,2000,37000,-35000,115350
050321,GIS國票95購02   ,0,0,0,0,0,0,0,0,0,115000,0,0,0,115000,0,115000,115000
04338P,亞光元大93售04  ,0,0,0,0,0,0,0,0,0,115000,0,0,0,120000,5000,115000,115000
047573,儒鴻群益93購04  ,0,0,0,0,0,0,0,0,0,115000,0,0,0,115000,0,115000,115000
049876,智邦永豐94購01  ,0,0,0,0,0,0,0,0,0,115000,0,0,0,115000,0,115000,115000
053864,義隆元大96購01  ,0,0,0,0,0,0,0,0,0,115000,0,0,0,357000,242000,115000,115000
05455P,聯詠日盛95售01  ,0,0,0,0,0,0,0,0,0,115000,0,0,0,115000,0,115000,115000
052439,寶成富邦97購01  ,0,0,0,0,0,0,0,0,0,115000,0,0,0,117000,2000,115000,115000
051833,昇陽半元大96購01,0,0,0,0,0,0,0,0,0,115000,0,0,0,115000,0,115000,115000
055551,致茂凱基98購01  ,0,0,0,0,0,0,0,0,0,114000,0,0,0,178000,64000,114000,114000
043270,康控國泰92購01  ,0,0,0,0,0,0,0,0,0,114000,0,0,0,114000,0,114000,114000
047280,泰鼎永豐93購01  ,0,0,0,0,0,0,0,0,0,114000,0,0,0,114000,0,114000,114000
049910,智邦元大94購04  ,0,0,0,0,0,0,0,0,0,114000,0,0,0,224000,110000,114000,114000
047975,緯創兆豐93購01  ,0,0,0,0,0,0,0,0,0,114000,0,0,0,124000,10000,114000,114000
049203,智邦群益94購01  ,0,0,0,0,0,0,0,0,0,114000,0,0,0,114000,0,114000,114000
052162,智伸科永豐95購01,0,0,0,0,0,0,0,0,0,114000,0,0,0,115000,1000,114000,114000
052154,緯創台新95購01  ,0,0,0,0,0,0,0,0,0,114000,0,0,0,128000,14000,114000,114000
051953,矽力元富95購03  ,0,0,0,0,0,0,0,0,0,114000,0,0,0,116000,2000,114000,114000
052617,景碩國泰98購01  ,0,0,0,0,0,0,0,0,0,114000,0,0,0,114000,0,114000,114000
053687,智邦元大96購02  ,0,0,0,0,0,0,0,0,0,114000,0,0,0,183000,69000,114000,114000
054771,茂林國票98購02  ,0,0,0,0,0,0,0,0,0,113000,0,0,0,113000,0,113000,113000
046671,彩晶元大93購03  ,0,0,0,0,0,0,0,0,0,113000,0,0,0,137000,24000,113000,113000
049302,聯茂日盛94購01  ,0,0,0,0,0,0,0,0,0,113000,0,0,0,123000,10000,113000,113000
049888,智邦國泰96購01  ,0,0,0,0,0,0,0,0,0,113000,0,0,0,183000,70000,113000,113000
049697,群創元大98購01  ,0,0,0,0,0,0,0,0,0,113000,0,0,0,120000,7000,113000,113000
054344,景碩國票97購04  ,0,0,0,0,0,0,0,0,0,113000,0,0,0,113000,0,113000,113000
053976,亞光元大96購02  ,0,0,0,0,0,0,0,0,0,113000,0,0,0,220000,107000,113000,113000
053980,泰鼎元大97購02  ,0,0,0,0,0,0,0,0,0,113000,0,0,0,288000,175000,113000,113000
052604,建準元大97購01  ,0,0,0,0,0,0,0,0,0,113000,0,0,0,113000,0,113000,113000
052320,緯創元大95購05  ,0,0,0,0,0,0,0,0,0,113000,0,0,0,207000,94000,113000,113000
052806,玉晶光元大98購04,0,0,0,0,0,0,0,0,0,113000,0,0,0,115000,2000,113000,113000
054739,義隆凱基98購02  ,0,0,0,0,0,0,0,0,0,112000,0,0,0,143000,31000,112000,112000
055649,華新科元富97購03,0,0,0,0,0,0,0,0,0,112000,0,0,0,112000,0,112000,112000
1808,潤隆            ,129000,17000,112000,0,0,0,0,0,0,0,0,0,0,0,0,0,112000
044117,創意兆豐92購01  ,0,0,0,0,0,0,0,0,0,112000,0,0,0,112000,0,112000,112000
044717,旺宏統一94購01  ,0,0,0,0,0,0,0,0,0,112000,0,0,0,113000,1000,112000,112000
049695,新光金元大9A購01,0,0,0,0,0,0,0,0,0,112000,0,0,0,213000,101000,112000,112000
048445,瑞昱凱基93購11  ,0,0,0,0,0,0,0,0,0,112000,0,0,0,116000,4000,112000,112000
052709,光寶科日盛96購01,0,0,0,0,0,0,0,0,0,112000,0,0,0,112000,0,112000,112000
051714,健鼎台新95購01  ,0,0,0,0,0,0,0,0,0,112000,0,0,0,112000,0,112000,112000
3045,台灣大          ,922977,859458,63519,0,0,0,1000,0,1000,47000,11000,0,11000,36000,0,36000,111519
2109,華豐            ,113000,1000,112000,0,0,0,0,0,0,-1000,0,1000,-1000,0,0,0,111000
05596P,可成統一96售01  ,0,0,0,0,0,0,0,0,0,111000,0,0,0,121000,10000,111000,111000
05827P,台積電統一96售10,0,0,0,0,0,0,0,0,0,111000,0,0,0,111000,0,111000,111000
044270,群創中信95購02  ,0,0,0,0,0,0,0,0,0,111000,0,0,0,111000,0,111000,111000
045183,台光電統一92購02,0,0,0,0,0,0,0,0,0,111000,0,0,0,111000,0,111000,111000
046895,智伸科群益93購02,0,0,0,0,0,0,0,0,0,111000,0,0,0,111000,0,111000,111000
047969,台達電富邦97購01,0,0,0,0,0,0,0,0,0,111000,0,0,0,168000,57000,111000,111000
050742,新日興永豐94購01,0,0,0,0,0,0,0,0,0,111000,0,0,0,113000,2000,111000,111000
051010,美律日盛95購01  ,0,0,0,0,0,0,0,0,0,111000,0,0,0,116000,5000,111000,111000
052188,欣興群益95購03  ,0,0,0,0,0,0,0,0,0,111000,0,0,0,111000,0,111000,111000
053483,嘉澤第一96購01  ,0,0,0,0,0,0,0,0,0,111000,0,0,0,124000,13000,111000,111000
06136P,華新科國泰99售02,0,0,0,0,0,0,0,0,0,110000,0,0,0,110000,0,110000,110000
04591P,上銀元大94售01  ,0,0,0,0,0,0,0,0,0,110000,0,0,0,110000,0,110000,110000
046190,宏盛凱基92購01  ,0,0,0,0,0,0,0,0,0,110000,0,0,0,110000,0,110000,110000
050325,台積電永豐94購05,0,0,0,0,0,0,0,0,0,110000,0,0,0,120000,10000,110000,110000
043983,華邦電元大92購01,0,0,0,0,0,0,0,0,0,110000,0,0,0,110000,0,110000,110000
043730,旭富國泰93購01  ,0,0,0,0,0,0,0,0,0,110000,0,0,0,110000,0,110000,110000
044980,台光電國票92購01,0,0,0,0,0,0,0,0,0,110000,0,0,0,110000,0,110000,110000
03148P,聯電群益03售04  ,0,0,0,0,0,0,0,0,0,110000,0,0,0,110000,0,110000,110000
051279,喬山兆豐96購01  ,0,0,0,0,0,0,0,0,0,110000,0,0,0,110000,0,110000,110000
049740,禾伸堂群益94購01,0,0,0,0,0,0,0,0,0,110000,0,0,0,160000,50000,110000,110000
049589,奇力新元大95購02,0,0,0,0,0,0,0,0,0,110000,0,0,0,110000,0,110000,110000
049152,大立光元大95購06,0,0,0,0,0,0,0,0,0,110000,0,0,0,200000,90000,110000,110000
050674,瑞昱富邦94購02  ,0,0,0,0,0,0,0,0,0,110000,0,0,0,150000,40000,110000,110000
05056P,訊芯群益95售01  ,0,0,0,0,0,0,0,0,0,110000,0,0,0,110000,0,110000,110000
048972,晶豪科元大94購01,0,0,0,0,0,0,0,0,0,110000,0,0,0,120000,10000,110000,110000
047947,欣興統一93購04  ,0,0,0,0,0,0,0,0,0,110000,0,0,0,110000,0,110000,110000
048499,達運元大96購01  ,0,0,0,0,0,0,0,0,0,110000,0,0,0,110000,0,110000,110000
050389,鴻海統一95購04  ,0,0,0,0,0,0,0,0,0,110000,0,0,0,130000,20000,110000,110000
052008,創意第一95購01  ,0,0,0,0,0,0,0,0,0,110000,0,0,0,135000,25000,110000,110000
052575,茂林凱基96購04  ,0,0,0,0,0,0,0,0,0,110000,0,0,0,110000,0,110000,110000
053069,同欣電群益98購01,0,0,0,0,0,0,0,0,0,110000,0,0,0,126000,16000,110000,110000
2395,研華            ,555210,455845,99365,0,0,0,0,4000,-4000,14000,5000,0,5000,9000,0,9000,109365
05921P,同欣電元大96售06,0,0,0,0,0,0,0,0,0,109000,0,0,0,114000,5000,109000,109000
054979,南港元富97購01  ,0,0,0,0,0,0,0,0,0,109000,0,0,0,243000,134000,109000,109000
039212,台達電台新9A購01,0,0,0,0,0,0,0,0,0,109000,0,0,0,110000,1000,109000,109000
047205,GIS元富93購03   ,0,0,0,0,0,0,0,0,0,109000,0,0,0,114000,5000,109000,109000
049960,嘉聯益統一94購01,0,0,0,0,0,0,0,0,0,109000,0,0,0,109000,0,109000,109000
04676P,彩晶統一94售03  ,0,0,0,0,0,0,0,0,0,109000,0,0,0,110000,1000,109000,109000
045141,創意兆豐92購02  ,0,0,0,0,0,0,0,0,0,109000,0,0,0,109000,0,109000,109000
048120,台泥元大93購02  ,0,0,0,0,0,0,0,0,0,109000,0,0,0,109000,0,109000,109000
048966,佳世達元大95購01,0,0,0,0,0,0,0,0,0,109000,0,0,0,120000,11000,109000,109000
047574,和大群益93購03  ,0,0,0,0,0,0,0,0,0,109000,0,0,0,122000,13000,109000,109000
051142,臺股指永豐95購02,0,0,0,0,0,0,0,0,0,109000,0,0,0,115000,6000,109000,109000
047688,亞德客富邦95購01,0,0,0,0,0,0,0,0,0,109000,0,0,0,282000,173000,109000,109000
049285,宏碁兆豐94購01  ,0,0,0,0,0,0,0,0,0,109000,0,0,0,109000,0,109000,109000
054237,茂林群益97購01  ,0,0,0,0,0,0,0,0,0,109000,0,0,0,133000,24000,109000,109000
055070,聯茂永豐97購01  ,0,0,0,0,0,0,0,0,0,108000,0,0,0,123000,15000,108000,108000
05654P,台光電統一96售01,0,0,0,0,0,0,0,0,0,108000,0,0,0,108000,0,108000,108000
05656P,台表科統一96售01,0,0,0,0,0,0,0,0,0,108000,0,0,0,108000,0,108000,108000
055580,南茂統一97購01  ,0,0,0,0,0,0,0,0,0,108000,0,0,0,108000,0,108000,108000
05978P,麗豐永豐96售02  ,0,0,0,0,0,0,0,0,0,108000,0,0,0,112000,4000,108000,108000
049957,智邦統一94購01  ,0,0,0,0,0,0,0,0,0,108000,0,0,0,108000,0,108000,108000
046626,台光電統一94購01,0,0,0,0,0,0,0,0,0,108000,0,0,0,108000,0,108000,108000
047455,儒鴻群益93購03  ,0,0,0,0,0,0,0,0,0,108000,0,0,0,108000,0,108000,108000
04458P,世紀鋼統一96售01,0,0,0,0,0,0,0,0,0,108000,0,0,0,108000,0,108000,108000
00703,台新MSCI中國    ,0,0,0,0,0,0,0,0,0,108000,0,0,0,270000,162000,108000,108000
049194,卜蜂永豐94購01  ,0,0,0,0,0,0,0,0,0,108000,0,0,0,108000,0,108000,108000
049108,玉晶光富邦96購02,0,0,0,0,0,0,0,0,0,108000,0,0,0,112000,4000,108000,108000
048392,宏碁國票94購01  ,0,0,0,0,0,0,0,0,0,108000,0,0,0,108000,0,108000,108000
049033,大成鋼兆豐94購01,0,0,0,0,0,0,0,0,0,108000,0,0,0,118000,10000,108000,108000
047673,瑞昱元富96購01  ,0,0,0,0,0,0,0,0,0,108000,0,0,0,116000,8000,108000,108000
054338,全新統一96購01  ,0,0,0,0,0,0,0,0,0,108000,0,0,0,118000,10000,108000,108000
053276,友達元大9C購01  ,0,0,0,0,0,0,0,0,0,108000,0,0,0,116000,8000,108000,108000
053861,台光電元大98購01,0,0,0,0,0,0,0,0,0,108000,0,0,0,114000,6000,108000,108000
053788,泰鼎元大97購01  ,0,0,0,0,0,0,0,0,0,108000,0,0,0,346000,238000,108000,108000
05310P,智原永豐95售04  ,0,0,0,0,0,0,0,0,0,108000,0,0,0,108000,0,108000,108000
053080,力山元大96購02  ,0,0,0,0,0,0,0,0,0,108000,0,0,0,108000,0,108000,108000
052937,國巨兆豐97購01  ,0,0,0,0,0,0,0,0,0,108000,0,0,0,218000,110000,108000,108000
052683,鴻海元大97購03  ,0,0,0,0,0,0,0,0,0,108000,0,0,0,109000,1000,108000,108000
051843,聯發科富邦99購01,0,0,0,0,0,0,0,0,0,108000,0,0,0,160000,52000,108000,108000
2392,正崴            ,316000,227000,89000,0,0,0,31000,5298,25702,-7000,64000,55000,9000,5000,21000,-16000,107702
055169,光罩統一99購01  ,0,0,0,0,0,0,0,0,0,107000,0,0,0,133000,26000,107000,107000
054941,凱美元大97購01  ,0,0,0,0,0,0,0,0,0,107000,0,0,0,217000,110000,107000,107000
044605,超眾國泰93購02  ,0,0,0,0,0,0,0,0,0,107000,0,0,0,112000,5000,107000,107000
05060P,台達電富邦97售02,0,0,0,0,0,0,0,0,0,107000,0,0,0,108000,1000,107000,107000
050633,義隆群益96購02  ,0,0,0,0,0,0,0,0,0,107000,0,0,0,159000,52000,107000,107000
049114,玉晶光統一94購02,0,0,0,0,0,0,0,0,0,107000,0,0,0,483000,376000,107000,107000
04783P,貿聯元富94售01  ,0,0,0,0,0,0,0,0,0,107000,0,0,0,108000,1000,107000,107000
051186,創意永豐95購01  ,0,0,0,0,0,0,0,0,0,107000,0,0,0,107000,0,107000,107000
051340,健策永豐95購03  ,0,0,0,0,0,0,0,0,0,107000,0,0,0,107000,0,107000,107000
052933,祥碩元大96購01  ,0,0,0,0,0,0,0,0,0,107000,0,0,0,108000,1000,107000,107000
053635,技嘉永豐96購01  ,0,0,0,0,0,0,0,0,0,107000,0,0,0,164000,57000,107000,107000
1101,台泥            ,2122930,2276410,-153480,0,0,0,6000,132000,-126000,386000,450000,18000,432000,139000,185000,-46000,106520
3031,佰鴻            ,131000,25000,106000,0,0,0,0,0,0,0,0,0,0,0,0,0,106000
056005,臺股指永豐97購04,0,0,0,0,0,0,0,0,0,106000,0,0,0,201000,95000,106000,106000
044751,鴻海凱基93購08  ,0,0,0,0,0,0,0,0,0,106000,0,0,0,600000,494000,106000,106000
047292,台光電元富96購01,0,0,0,0,0,0,0,0,0,106000,0,0,0,106000,0,106000,106000
053395,致茂中信96購01  ,0,0,0,0,0,0,0,0,0,106000,0,0,0,111000,5000,106000,106000
052765,新日興群益97購01,0,0,0,0,0,0,0,0,0,106000,0,0,0,106000,0,106000,106000
047289,啟碁統一97購01  ,0,0,0,0,0,0,0,0,0,105000,0,0,0,107000,2000,105000,105000
044200,群創國票93購01  ,0,0,0,0,0,0,0,0,0,105000,0,0,0,105000,0,105000,105000
051433,中磊元富95購01  ,0,0,0,0,0,0,0,0,0,105000,0,0,0,117000,12000,105000,105000
051057,信邦群益95購01  ,0,0,0,0,0,0,0,0,0,105000,0,0,0,155000,50000,105000,105000
04837P,華新科元大94售05,0,0,0,0,0,0,0,0,0,105000,0,0,0,105000,0,105000,105000
048310,台達電凱基93購05,0,0,0,0,0,0,0,0,0,105000,0,0,0,105000,0,105000,105000
047923,聯發科凱基94購02,0,0,0,0,0,0,0,0,0,105000,0,0,0,125000,20000,105000,105000
05214P,台積電國票97售02,0,0,0,0,0,0,0,0,0,105000,0,0,0,210000,105000,105000,105000
05999P,世芯元大96售01  ,0,0,0,0,0,0,0,0,0,104000,0,0,0,104000,0,104000,104000
047343,台達電中信95購01,0,0,0,0,0,0,0,0,0,104000,0,0,0,128000,24000,104000,104000
04265P,滬深2X元富93售04,0,0,0,0,0,0,0,0,0,104000,0,0,0,105000,1000,104000,104000
03822P,創意元富93售02  ,0,0,0,0,0,0,0,0,0,104000,0,0,0,104000,0,104000,104000
03639P,祥碩凱基93售05  ,0,0,0,0,0,0,0,0,0,104000,0,0,0,127000,23000,104000,104000
00651R,FH香港反1       ,0,4000,-4000,0,0,0,0,0,0,108000,0,0,0,538000,430000,108000,104000
040745,滬深2X群益92購01,0,0,0,0,0,0,0,0,0,104000,0,0,0,104000,0,104000,104000
050337,南電國泰95購01  ,0,0,0,0,0,0,0,0,0,104000,0,0,0,104000,0,104000,104000
05077P,智易群益95售02  ,0,0,0,0,0,0,0,0,0,104000,0,0,0,104000,0,104000,104000
051988,台光電元大95購01,0,0,0,0,0,0,0,0,0,104000,0,0,0,104000,0,104000,104000
051758,瑞昱元大95購01  ,0,0,0,0,0,0,0,0,0,104000,0,0,0,142000,38000,104000,104000
2524,京城            ,36000,6000,30000,0,0,0,73000,0,73000,0,0,0,0,0,0,0,103000
046670,彩晶元大93購02  ,0,0,0,0,0,0,0,0,0,103000,0,0,0,117000,14000,103000,103000
042819,聯茂中信92購01  ,0,0,0,0,0,0,0,0,0,103000,0,0,0,103000,0,103000,103000
04276P,聯發科凱基93售33,0,0,0,0,0,0,0,0,0,103000,0,0,0,103000,0,103000,103000
047386,南亞科元大93購01,0,0,0,0,0,0,0,0,0,103000,0,0,0,103000,0,103000,103000
049352,泰鼎永豐95購01  ,0,0,0,0,0,0,0,0,0,103000,0,0,0,103000,0,103000,103000
06137P,玉晶光永豐97售04,0,0,0,0,0,0,0,0,0,102000,0,0,0,102000,0,102000,102000
046841,智伸科台新93購01,0,0,0,0,0,0,0,0,0,102000,0,0,0,112000,10000,102000,102000
048494,瑞昱元大93購13  ,0,0,0,0,0,0,0,0,0,102000,0,0,0,138000,36000,102000,102000
052291,鴻海元富97購02  ,0,0,0,0,0,0,0,0,0,102000,0,0,0,102000,0,102000,102000
052215,樺漢元大96購02  ,0,0,0,0,0,0,0,0,0,102000,0,0,0,119000,17000,102000,102000
052794,群創兆豐97購01  ,0,0,0,0,0,0,0,0,0,102000,0,0,0,102000,0,102000,102000
05369P,可成元富95售04  ,0,0,0,0,0,0,0,0,0,102000,0,0,0,102000,0,102000,102000
054545,奇力新中信98購01,0,0,0,0,0,0,0,0,0,102000,0,0,0,106000,4000,102000,102000
054575,聯鈞元大97購01  ,0,0,0,0,0,0,0,0,0,102000,0,0,0,123000,21000,102000,102000
06313P,訊芯元富97售01  ,0,0,0,0,0,0,0,0,0,101000,0,0,0,101000,0,101000,101000
5215,科嘉-KY         ,150000,49000,101000,0,0,0,0,0,0,0,0,0,0,0,0,0,101000
054724,鴻海日盛97購02  ,0,0,0,0,0,0,0,0,0,101000,0,0,0,101000,0,101000,101000
055235,金寶台新98購01  ,0,0,0,0,0,0,0,0,0,101000,0,0,0,114000,13000,101000,101000
046845,燿華永豐93購01  ,0,0,0,0,0,0,0,0,0,101000,0,0,0,101000,0,101000,101000
047052,大毅國票93購01  ,0,0,0,0,0,0,0,0,0,101000,0,0,0,101000,0,101000,101000
046026,友訊元大92購01  ,0,0,0,0,0,0,0,0,0,101000,0,0,0,121000,20000,101000,101000
050273,GIS元大94購04   ,0,0,0,0,0,0,0,0,0,101000,0,0,0,101000,0,101000,101000
047330,康舒元大93購01  ,0,0,0,0,0,0,0,0,0,101000,0,0,0,101000,0,101000,101000
04228P,貿聯永豐93售03  ,0,0,0,0,0,0,0,0,0,101000,0,0,0,102000,1000,101000,101000
048501,GIS元大94購02   ,0,0,0,0,0,0,0,0,0,101000,0,0,0,101000,0,101000,101000
049082,晶豪科凱基94購01,0,0,0,0,0,0,0,0,0,101000,0,0,0,128000,27000,101000,101000
050998,訊連元大95購01  ,0,0,0,0,0,0,0,0,0,101000,0,0,0,151000,50000,101000,101000
049256,瑞昱元大94購04  ,0,0,0,0,0,0,0,0,0,101000,0,0,0,108000,7000,101000,101000
047771,緯創元大93購01  ,0,0,0,0,0,0,0,0,0,101000,0,0,0,101000,0,101000,101000
051238,中環元大96購01  ,0,0,0,0,0,0,0,0,0,101000,0,0,0,101000,0,101000,101000
053895,智易群益96購02  ,0,0,0,0,0,0,0,0,0,101000,0,0,0,101000,0,101000,101000
055201,興勤群益98購01  ,0,0,0,0,0,0,0,0,0,100000,0,0,0,100000,0,100000,100000
055448,健策統一97購02  ,0,0,0,0,0,0,0,0,0,100000,0,0,0,100000,0,100000,100000
05661P,聯發科統一96售06,0,0,0,0,0,0,0,0,0,100000,0,0,0,140000,40000,100000,100000
05679P,台表科群益96售05,0,0,0,0,0,0,0,0,0,100000,0,0,0,100000,0,100000,100000
05767P,國巨凱基96售11  ,0,0,0,0,0,0,0,0,0,100000,0,0,0,100000,0,100000,100000
055542,亞德客凱基97購01,0,0,0,0,0,0,0,0,0,100000,0,0,0,100000,0,100000,100000
055463,國喬凱基97購01  ,0,0,0,0,0,0,0,0,0,100000,0,0,0,100000,0,100000,100000
055837,致茂元大97購02  ,0,0,0,0,0,0,0,0,0,100000,0,0,0,100000,0,100000,100000
08465P,玉晶光兆豐01售02,0,0,0,0,0,0,0,0,0,100000,0,0,0,100000,0,100000,100000
08612P,嘉晶凱基9C售03  ,0,0,0,0,0,0,0,0,0,100000,0,0,0,100000,0,100000,100000
05967P,臺股指麥證96售02,0,0,0,170000,70000,100000,0,0,0,100000,0,0,0,170000,70000,100000,100000
042191,元油2X富邦93購01,0,0,0,0,0,0,0,0,0,100000,0,0,0,130000,30000,100000,100000
042803,天鈺元大93購01  ,0,0,0,0,0,0,0,0,0,100000,0,0,0,100000,0,100000,100000
044756,強茂凱基93購01  ,0,0,0,0,0,0,0,0,0,100000,0,0,0,100000,0,100000,100000
044610,A50正2兆豐93購01,0,0,0,0,0,0,0,0,0,100000,0,0,0,100000,0,100000,100000
044635,世紀鋼元大92購02,0,0,0,0,0,0,0,0,0,100000,0,0,0,100000,0,100000,100000
03892P,元油2X中信95售01,0,0,0,0,0,0,0,0,0,100000,0,0,0,160000,60000,100000,100000
044531,欣興富邦93購01  ,0,0,0,0,0,0,0,0,0,100000,0,0,0,100000,0,100000,100000
04062P,可成兆豐93售04  ,0,0,0,0,0,0,0,0,0,100000,0,0,0,100000,0,100000,100000
047457,旺宏群益95購01  ,0,0,0,0,0,0,0,0,0,100000,0,0,0,100000,0,100000,100000
045795,瀚宇博兆豐94購01,0,0,0,0,0,0,0,0,0,100000,0,0,0,100000,0,100000,100000
044198,友達國票92購01  ,0,0,0,0,0,0,0,0,0,100000,0,0,0,100000,0,100000,100000
044898,旺宏凱基93購01  ,0,0,0,0,0,0,0,0,0,100000,0,0,0,128000,28000,100000,100000
050326,正崴永豐94購03  ,0,0,0,0,0,0,0,0,0,100000,0,0,0,100000,0,100000,100000
046602,新日興群益94購01,0,0,0,0,0,0,0,0,0,100000,0,0,0,102000,2000,100000,100000
046462,康控凱基92購01  ,0,0,0,0,0,0,0,0,0,100000,0,0,0,100000,0,100000,100000
046881,智原富邦99購01  ,0,0,0,0,0,0,0,0,0,100000,0,0,0,100000,0,100000,100000
046126,致伸元大92購05  ,0,0,0,0,0,0,0,0,0,100000,0,0,0,100000,0,100000,100000
045390,新唐元大92購01  ,0,0,0,0,0,0,0,0,0,100000,0,0,0,100000,0,100000,100000
045727,宏碁亞東93購01  ,0,0,0,0,0,0,0,0,0,100000,0,0,0,100000,0,100000,100000
045084,欣興元大93購02  ,0,0,0,0,0,0,0,0,0,100000,0,0,0,100000,0,100000,100000
051292,牧德統一97購01  ,0,0,0,0,0,0,0,0,0,100000,0,0,0,100000,0,100000,100000
047739,致伸永豐93購01  ,0,0,0,0,0,0,0,0,0,100000,0,0,0,100000,0,100000,100000
049246,大成鋼元大94購02,0,0,0,0,0,0,0,0,0,100000,0,0,0,100000,0,100000,100000
051109,美律統一95購02  ,0,0,0,0,0,0,0,0,0,100000,0,0,0,100000,0,100000,100000
047834,義隆元大93購02  ,0,0,0,0,0,0,0,0,0,100000,0,0,0,114000,14000,100000,100000
049326,聯發科元富94購01,0,0,0,0,0,0,0,0,0,100000,0,0,0,100000,0,100000,100000
049516,光罩國票94購02  ,0,0,0,0,0,0,0,0,0,100000,0,0,0,100000,0,100000,100000
049115,創意統一94購03  ,0,0,0,0,0,0,0,0,0,100000,0,0,0,140000,40000,100000,100000
049102,智伸科國泰96購01,0,0,0,0,0,0,0,0,0,100000,0,0,0,186000,86000,100000,100000
048726,儒鴻麥證95購01  ,0,0,0,100000,0,100000,0,0,0,100000,0,0,0,100000,0,100000,100000
050499,台達電凱基94購11,0,0,0,0,0,0,0,0,0,100000,0,0,0,100000,0,100000,100000
047649,啟碁元大93購07  ,0,0,0,0,0,0,0,0,0,100000,0,0,0,100000,0,100000,100000
04797P,華新科元大94售04,0,0,0,0,0,0,0,0,0,100000,0,0,0,100000,0,100000,100000
047996,華邦電元大93購04,0,0,0,0,0,0,0,0,0,100000,0,0,0,100000,0,100000,100000
048234,美利達凱基93購03,0,0,0,0,0,0,0,0,0,100000,0,0,0,100000,0,100000,100000
050766,燿華元大96購02  ,0,0,0,0,0,0,0,0,0,100000,0,0,0,100000,0,100000,100000
050941,T50反1群益95購01,0,0,0,0,0,0,0,0,0,100000,0,0,0,100000,0,100000,100000
050951,緯創群益96購01  ,0,0,0,0,0,0,0,0,0,100000,0,0,0,136000,36000,100000,100000
04839P,大立光元大94售17,0,0,0,0,0,0,0,0,0,100000,0,0,0,100000,0,100000,100000
048412,台勝科亞東93購01,0,0,0,0,0,0,0,0,0,100000,0,0,0,100000,0,100000,100000
047518,儒鴻元大93購07  ,0,0,0,0,0,0,0,0,0,100000,0,0,0,100000,0,100000,100000
047498,力成康和93購01  ,0,0,0,0,0,0,0,0,0,100000,0,0,0,100000,0,100000,100000
050438,欣興凱基94購09  ,0,0,0,0,0,0,0,0,0,100000,0,0,0,115000,15000,100000,100000
053841,美律統一96購01  ,0,0,0,0,0,0,0,0,0,100000,0,0,0,100000,0,100000,100000
053366,樺漢國泰98購01  ,0,0,0,0,0,0,0,0,0,100000,0,0,0,131000,31000,100000,100000
053512,台積電群益96購06,0,0,0,0,0,0,0,0,0,100000,0,0,0,190000,90000,100000,100000
053308,智易凱基96購02  ,0,0,0,0,0,0,0,0,0,100000,0,0,0,100000,0,100000,100000
054339,聯詠統一96購02  ,0,0,0,0,0,0,0,0,0,100000,0,0,0,100000,0,100000,100000
054278,晶技群益97購02  ,0,0,0,0,0,0,0,0,0,100000,0,0,0,100000,0,100000,100000
052893,聯電群益98購01  ,0,0,0,0,0,0,0,0,0,100000,0,0,0,100000,0,100000,100000
052885,高鐵兆豐98購01  ,0,0,0,0,0,0,0,0,0,100000,0,0,0,114000,14000,100000,100000
052537,力成富邦95購01  ,0,0,0,0,0,0,0,0,0,100000,0,0,0,103000,3000,100000,100000
052360,FB上証國票96購01,0,0,0,0,0,0,0,0,0,100000,0,0,0,100000,0,100000,100000
052209,深中小元大95購02,0,0,0,0,0,0,0,0,0,100000,0,0,0,600000,500000,100000,100000
051921,南茂元大95購04  ,0,0,0,0,0,0,0,0,0,100000,0,0,0,100000,0,100000,100000
051770,南茂元大95購02  ,0,0,0,0,0,0,0,0,0,100000,0,0,0,100000,0,100000,100000
4967,十銓            ,349000,224000,125000,0,0,0,0,0,0,-26000,0,26000,-26000,0,0,0,99000
3376,新日興          ,330000,482000,-152000,0,0,0,341000,101000,240000,11000,42000,14000,28000,4000,21000,-17000,99000
045741,嘉晶群益92購01  ,0,0,0,0,0,0,0,0,0,99000,0,0,0,99000,0,99000,99000
045089,中磊元大94購01  ,0,0,0,0,0,0,0,0,0,99000,0,0,0,100000,1000,99000,99000
043916,群創凱基93購01  ,0,0,0,0,0,0,0,0,0,99000,0,0,0,102000,3000,99000,99000
047247,淘帝群益93購01  ,0,0,0,0,0,0,0,0,0,99000,0,0,0,100000,1000,99000,99000
047507,台塑國票93購01  ,0,0,0,0,0,0,0,0,0,99000,0,0,0,99000,0,99000,99000
047540,技嘉麥證93購01  ,0,0,0,109000,10000,99000,0,0,0,99000,0,0,0,109000,10000,99000,99000
049003,智邦中信95購01  ,0,0,0,0,0,0,0,0,0,99000,0,0,0,99000,0,99000,99000
050677,光寶科統一94購01,0,0,0,0,0,0,0,0,0,99000,0,0,0,101000,2000,99000,99000
048261,鴻海元富95購01  ,0,0,0,0,0,0,0,0,0,99000,0,0,0,99000,0,99000,99000
048275,A50正2永豐93購01,0,0,0,0,0,0,0,0,0,99000,0,0,0,99000,0,99000,99000
047830,智邦元大93購08  ,0,0,0,0,0,0,0,0,0,99000,0,0,0,99000,0,99000,99000
054267,上銀第一96購01  ,0,0,0,0,0,0,0,0,0,99000,0,0,0,136000,37000,99000,99000
04575P,新日興統一94售02,0,0,0,0,0,0,0,0,0,98000,0,0,0,99000,1000,98000,98000
04410P,大立光統一94售05,0,0,0,0,0,0,0,0,0,98000,0,0,0,98000,0,98000,98000
045858,元油2X統一94購02,0,0,0,0,0,0,0,0,0,98000,0,0,0,100000,2000,98000,98000
046415,嘉晶元大92購03  ,0,0,0,0,0,0,0,0,0,98000,0,0,0,100000,2000,98000,98000
04620P,聯電統一94售04  ,0,0,0,0,0,0,0,0,0,98000,0,0,0,98000,0,98000,98000
049932,GIS元大94購03   ,0,0,0,0,0,0,0,0,0,98000,0,0,0,98000,0,98000,98000
051189,鴻海兆豐96購01  ,0,0,0,0,0,0,0,0,0,98000,0,0,0,98000,0,98000,98000
049799,旺宏元大96購01  ,0,0,0,0,0,0,0,0,0,98000,0,0,0,111000,13000,98000,98000
050379,易華電群益96購01,0,0,0,0,0,0,0,0,0,98000,0,0,0,100000,2000,98000,98000
047522,微星元大93購02  ,0,0,0,0,0,0,0,0,0,98000,0,0,0,98000,0,98000,98000
050173,旺宏元大96購02  ,0,0,0,0,0,0,0,0,0,98000,0,0,0,126000,28000,98000,98000
053171,中磊群益96購01  ,0,0,0,0,0,0,0,0,0,98000,0,0,0,137000,39000,98000,98000
053810,台達電群益96購01,0,0,0,0,0,0,0,0,0,98000,0,0,0,98000,0,98000,98000
053627,宏碁兆豐97購01  ,0,0,0,0,0,0,0,0,0,98000,0,0,0,98000,0,98000,98000
052075,旺宏元富95購03  ,0,0,0,0,0,0,0,0,0,98000,0,0,0,98000,0,98000,98000
055854,群創元大98購04  ,0,0,0,0,0,0,0,0,0,97000,0,0,0,102000,5000,97000,97000
055333,晶豪科兆豐97購01,0,0,0,0,0,0,0,0,0,97000,0,0,0,97000,0,97000,97000
050355,瑞儀群益94購01  ,0,0,0,0,0,0,0,0,0,97000,0,0,0,97000,0,97000,97000
050240,聯發科凱基94購13,0,0,0,0,0,0,0,0,0,97000,0,0,0,115000,18000,97000,97000
05013P,台積電元大96售05,0,0,0,0,0,0,0,0,0,97000,0,0,0,97000,0,97000,97000
046561,可成凱基92購11  ,0,0,0,0,0,0,0,0,0,97000,0,0,0,100000,3000,97000,97000
045138,技嘉兆豐92購01  ,0,0,0,0,0,0,0,0,0,97000,0,0,0,97000,0,97000,97000
04745P,祥碩元大94售04  ,0,0,0,0,0,0,0,0,0,97000,0,0,0,257000,160000,97000,97000
042387,台積電永昌93購02,0,0,0,0,0,0,0,0,0,97000,0,0,0,217000,120000,97000,97000
05067P,欣興兆豐96售02  ,0,0,0,0,0,0,0,0,0,97000,0,0,0,97000,0,97000,97000
051243,微星元大95購01  ,0,0,0,0,0,0,0,0,0,97000,0,0,0,201000,104000,97000,97000
051791,智伸科國票96購01,0,0,0,0,0,0,0,0,0,97000,0,0,0,149000,52000,97000,97000
051708,創意群益95購02  ,0,0,0,0,0,0,0,0,0,97000,0,0,0,99000,2000,97000,97000
052685,技嘉元大96購01  ,0,0,0,0,0,0,0,0,0,97000,0,0,0,113000,16000,97000,97000
052640,台表科凱基97購01,0,0,0,0,0,0,0,0,0,97000,0,0,0,105000,8000,97000,97000
055567,訊芯凱基98購02  ,0,0,0,0,0,0,0,0,0,96000,0,0,0,102000,6000,96000,96000
05904P,大立光統一96售07,0,0,0,0,0,0,0,0,0,96000,0,0,0,96000,0,96000,96000
3209,全科            ,101000,5000,96000,0,0,0,0,0,0,0,0,0,0,0,0,0,96000
06071P,大立光永豐97售01,0,0,0,0,0,0,0,0,0,96000,0,0,0,98000,2000,96000,96000
1762,中化生          ,187000,91000,96000,0,0,0,0,0,0,0,0,0,0,0,0,0,96000
03608P,鴻海元大92售14  ,0,0,0,0,0,0,0,0,0,96000,0,0,0,96000,0,96000,96000
047125,為升中信93購01  ,0,0,0,0,0,0,0,0,0,96000,0,0,0,96000,0,96000,96000
04949P,致新元大94售04  ,0,0,0,0,0,0,0,0,0,96000,0,0,0,96000,0,96000,96000
049738,神基群益94購01  ,0,0,0,0,0,0,0,0,0,96000,0,0,0,97000,1000,96000,96000
050381,鴻海兆豐94購01  ,0,0,0,0,0,0,0,0,0,96000,0,0,0,114000,18000,96000,96000
048136,聯茂國票93購04  ,0,0,0,0,0,0,0,0,0,96000,0,0,0,96000,0,96000,96000
052442,中環元大95購02  ,0,0,0,0,0,0,0,0,0,96000,0,0,0,96000,0,96000,96000
051832,復盛元大95購01  ,0,0,0,0,0,0,0,0,0,96000,0,0,0,157000,61000,96000,96000
052193,國巨元富95購06  ,0,0,0,0,0,0,0,0,0,96000,0,0,0,105000,9000,96000,96000
05359P,嘉澤元大95售02  ,0,0,0,0,0,0,0,0,0,96000,0,0,0,96000,0,96000,96000
054158,國巨日盛99購01  ,0,0,0,0,0,0,0,0,0,96000,0,0,0,271000,175000,96000,96000
05998P,台積電元大97售12,0,0,0,0,0,0,0,0,0,95000,0,0,0,117000,22000,95000,95000
044466,和大群益93購01  ,0,0,0,0,0,0,0,0,0,95000,0,0,0,100000,5000,95000,95000
044768,深中小元大94購02,0,0,0,0,0,0,0,0,0,95000,0,0,0,600000,505000,95000,95000
047042,佐登群益93購01  ,0,0,0,0,0,0,0,0,0,95000,0,0,0,115000,20000,95000,95000
048132,冠德國票94購01  ,0,0,0,0,0,0,0,0,0,95000,0,0,0,100000,5000,95000,95000
047475,為升凱基93購04  ,0,0,0,0,0,0,0,0,0,95000,0,0,0,103000,8000,95000,95000
050467,力成中信94購01  ,0,0,0,0,0,0,0,0,0,95000,0,0,0,135000,40000,95000,95000
050433,華新科凱基94購11,0,0,0,0,0,0,0,0,0,95000,0,0,0,95000,0,95000,95000
049596,智伸科元大95購01,0,0,0,0,0,0,0,0,0,95000,0,0,0,98000,3000,95000,95000
053945,國巨富邦98購02  ,0,0,0,0,0,0,0,0,0,95000,0,0,0,124000,29000,95000,95000
054460,和大凱基97購01  ,0,0,0,0,0,0,0,0,0,95000,0,0,0,100000,5000,95000,95000
054589,聯鈞國泰99購01  ,0,0,0,0,0,0,0,0,0,95000,0,0,0,230000,135000,95000,95000
053709,台達電凱基96購04,0,0,0,0,0,0,0,0,0,95000,0,0,0,95000,0,95000,95000
053761,健策國泰98購01  ,0,0,0,0,0,0,0,0,0,95000,0,0,0,310000,215000,95000,95000
052950,超眾國票98購01  ,0,0,0,0,0,0,0,0,0,95000,0,0,0,110000,15000,95000,95000
05986P,大立光統一97售03,0,0,0,0,0,0,0,0,0,94000,0,0,0,94000,0,94000,94000
06115P,台積電統一97售04,0,0,0,0,0,0,0,0,0,94000,0,0,0,94000,0,94000,94000
045113,玉晶光永豐92購01,0,0,0,0,0,0,0,0,0,94000,0,0,0,135000,41000,94000,94000
047212,宏達電富邦97購01,0,0,0,0,0,0,0,0,0,94000,0,0,0,94000,0,94000,94000
043601,亞光元大93購01  ,0,0,0,0,0,0,0,0,0,94000,0,0,0,124000,30000,94000,94000
051252,健鼎元大95購01  ,0,0,0,0,0,0,0,0,0,94000,0,0,0,94000,0,94000,94000
051001,緯穎元大96購02  ,0,0,0,0,0,0,0,0,0,94000,0,0,0,125000,31000,94000,94000
051077,台郡國泰96購02  ,0,0,0,0,0,0,0,0,0,94000,0,0,0,142000,48000,94000,94000
050926,禾伸堂凱基95購01,0,0,0,0,0,0,0,0,0,94000,0,0,0,119000,25000,94000,94000
054333,茂林永豐96購03  ,0,0,0,0,0,0,0,0,0,94000,0,0,0,94000,0,94000,94000
054394,奇力新永豐96購03,0,0,0,0,0,0,0,0,0,94000,0,0,0,94000,0,94000,94000
055715,智邦元大97購04  ,0,0,0,0,0,0,0,0,0,93000,0,0,0,180000,87000,93000,93000
054745,智易凱基97購01  ,0,0,0,0,0,0,0,0,0,93000,0,0,0,93000,0,93000,93000
03958P,嘉聯益統一93售01,0,0,0,0,0,0,0,0,0,93000,0,0,0,93000,0,93000,93000
044438,GIS元大92購03   ,0,0,0,0,0,0,0,0,0,93000,0,0,0,93000,0,93000,93000
046669,新唐元大93購01  ,0,0,0,0,0,0,0,0,0,93000,0,0,0,93000,0,93000,93000
049922,禾伸堂元大95購01,0,0,0,0,0,0,0,0,0,93000,0,0,0,98000,5000,93000,93000
04755P,大立光元富94售07,0,0,0,0,0,0,0,0,0,93000,0,0,0,93000,0,93000,93000
050744,健策永豐94購04  ,0,0,0,0,0,0,0,0,0,93000,0,0,0,93000,0,93000,93000
051414,新光金國票95購04,0,0,0,0,0,0,0,0,0,93000,0,0,0,300000,207000,93000,93000
053729,聯茂凱基96購05  ,0,0,0,0,0,0,0,0,0,93000,0,0,0,93000,0,93000,93000
054798,超眾群益97購01  ,0,0,0,0,0,0,0,0,0,92000,0,0,0,119000,27000,92000,92000
055762,智伸科群益97購01,0,0,0,0,0,0,0,0,0,92000,0,0,0,96000,4000,92000,92000
04693P,超眾群益95售01  ,0,0,0,0,0,0,0,0,0,92000,0,0,0,92000,0,92000,92000
04506P,旺宏元大94售06  ,0,0,0,0,0,0,0,0,0,92000,0,0,0,103000,11000,92000,92000
03612C,臺股指元大95牛01,0,0,0,0,0,0,0,0,0,92000,0,0,0,93000,1000,92000,92000
044303,群創兆豐92購01  ,0,0,0,0,0,0,0,0,0,92000,0,0,0,106000,14000,92000,92000
047837,嘉晶元大93購01  ,0,0,0,0,0,0,0,0,0,92000,0,0,0,102000,10000,92000,92000
05443P,宏達電元大95售05,0,0,0,0,0,0,0,0,0,92000,0,0,0,93000,1000,92000,92000
054178,中磊台新97購01  ,0,0,0,0,0,0,0,0,0,92000,0,0,0,92000,0,92000,92000
05783P,嘉澤元富96售01  ,0,0,0,0,0,0,0,0,0,91000,0,0,0,91000,0,91000,91000
054706,TPK亞東97購01   ,0,0,0,0,0,0,0,0,0,91000,0,0,0,91000,0,91000,91000
05515P,台積電群益96售03,0,0,0,0,0,0,0,0,0,91000,0,0,0,101000,10000,91000,91000
06160P,台達電群益97售01,0,0,0,0,0,0,0,0,0,91000,0,0,0,92000,1000,91000,91000
04369P,台光電凱基94售04,0,0,0,0,0,0,0,0,0,91000,0,0,0,91000,0,91000,91000
03833P,台光電群益93售01,0,0,0,0,0,0,0,0,0,91000,0,0,0,91000,0,91000,91000
04463P,可成元富94售03  ,0,0,0,0,0,0,0,0,0,91000,0,0,0,101000,10000,91000,91000
045362,A50正2兆豐93購02,0,0,0,0,0,0,0,0,0,91000,0,0,0,91000,0,91000,91000
046731,嘉聯益元大93購03,0,0,0,0,0,0,0,0,0,91000,0,0,0,91000,0,91000,91000
049933,GIS元大95購01   ,0,0,0,0,0,0,0,0,0,91000,0,0,0,111000,20000,91000,91000
050755,和大元富94購01  ,0,0,0,0,0,0,0,0,0,91000,0,0,0,103000,12000,91000,91000
049088,上緯控凱基94購02,0,0,0,0,0,0,0,0,0,91000,0,0,0,91000,0,91000,91000
051619,智邦凱基95購07  ,0,0,0,0,0,0,0,0,0,91000,0,0,0,135000,44000,91000,91000
06029P,聯發科台新96售02,0,0,0,0,0,0,0,0,0,90000,0,0,0,90000,0,90000,90000
08602P,台灣50凱基96售04,0,0,0,0,0,0,0,0,0,90000,0,0,0,90000,0,90000,90000
4746,台耀            ,96000,4000,92000,0,0,0,0,0,0,-2000,0,2000,-2000,0,0,0,90000
3033,威健            ,94000,4000,90000,0,0,0,0,0,0,0,0,0,0,0,0,0,90000
6558,興能高          ,181000,92000,89000,0,0,0,1000,0,1000,0,0,0,0,0,0,0,90000
055761,創意群益97購01  ,0,0,0,0,0,0,0,0,0,90000,0,0,0,90000,0,90000,90000
050228,中磊中信96購01  ,0,0,0,0,0,0,0,0,0,90000,0,0,0,90000,0,90000,90000
04628P,欣興元大95售01  ,0,0,0,0,0,0,0,0,0,90000,0,0,0,90000,0,90000,90000
046441,儒鴻兆豐92購01  ,0,0,0,0,0,0,0,0,0,90000,0,0,0,90000,0,90000,90000
047075,群創兆豐93購01  ,0,0,0,0,0,0,0,0,0,90000,0,0,0,100000,10000,90000,90000
03450P,元油2X元富98售05,0,0,0,0,0,0,0,0,0,90000,0,0,0,115000,25000,90000,90000
03708P,鴻海亞東93售01  ,0,0,0,0,0,0,0,0,0,90000,0,0,0,90000,0,90000,90000
00713,元大台灣高息低波,75000,0,75000,0,0,0,0,0,0,15000,0,0,0,16000,1000,15000,90000
044975,台積電國票92購02,0,0,0,0,0,0,0,0,0,90000,0,0,0,340000,250000,90000,90000
043018,新光金元大93購01,0,0,0,0,0,0,0,0,0,90000,0,0,0,90000,0,90000,90000
049038,高鐵兆豐94購01  ,0,0,0,0,0,0,0,0,0,90000,0,0,0,102000,12000,90000,90000
049065,T50反1凱基96購04,0,0,0,0,0,0,0,0,0,90000,0,0,0,90000,0,90000,90000
048431,瑞昱國票94購01  ,0,0,0,0,0,0,0,0,0,90000,0,0,0,90000,0,90000,90000
048204,訊芯元大93購06  ,0,0,0,0,0,0,0,0,0,90000,0,0,0,100000,10000,90000,90000
050874,康控永豐95購01  ,0,0,0,0,0,0,0,0,0,90000,0,0,0,110000,20000,90000,90000
048411,嘉聯益群益93購02,0,0,0,0,0,0,0,0,0,90000,0,0,0,90000,0,90000,90000
048407,貿聯群益93購04  ,0,0,0,0,0,0,0,0,0,90000,0,0,0,90000,0,90000,90000
049690,義隆元大95購02  ,0,0,0,0,0,0,0,0,0,90000,0,0,0,103000,13000,90000,90000
051302,可成凱基95購06  ,0,0,0,0,0,0,0,0,0,90000,0,0,0,130000,40000,90000,90000
051187,晶相光永豐95購01,0,0,0,0,0,0,0,0,0,90000,0,0,0,115000,25000,90000,90000
04940P,台積電國票95售02,0,0,0,0,0,0,0,0,0,90000,0,0,0,90000,0,90000,90000
053073,技嘉康和96購01  ,0,0,0,0,0,0,0,0,0,90000,0,0,0,200000,110000,90000,90000
052757,華邦電群益96購01,0,0,0,0,0,0,0,0,0,90000,0,0,0,90000,0,90000,90000
052391,瑞儀群益95購01  ,0,0,0,0,0,0,0,0,0,90000,0,0,0,92000,2000,90000,90000
052695,台表科中信98購01,0,0,0,0,0,0,0,0,0,90000,0,0,0,110000,20000,90000,90000
054319,世紀鋼凱基96購02,0,0,0,0,0,0,0,0,0,90000,0,0,0,90000,0,90000,90000
054124,達方永豐96購02  ,0,0,0,0,0,0,0,0,0,90000,0,0,0,90000,0,90000,90000
053215,禾伸堂凱基96購01,0,0,0,0,0,0,0,0,0,90000,0,0,0,100000,10000,90000,90000
055107,旺宏凱基98購04  ,0,0,0,0,0,0,0,0,0,89000,0,0,0,160000,71000,89000,89000
1589,永冠-KY         ,139000,35000,104000,0,0,0,0,0,0,-15000,0,0,0,0,15000,-15000,89000
047427,貿聯亞東93購01  ,0,0,0,0,0,0,0,0,0,89000,0,0,0,94000,5000,89000,89000
046712,勤誠永豐93購01  ,0,0,0,0,0,0,0,0,0,89000,0,0,0,90000,1000,89000,89000
046981,智伸科兆豐94購01,0,0,0,0,0,0,0,0,0,89000,0,0,0,99000,10000,89000,89000
050887,台積電富邦95購05,0,0,0,0,0,0,0,0,0,89000,0,0,0,95000,6000,89000,89000
047651,復盛元大93購01  ,0,0,0,0,0,0,0,0,0,89000,0,0,0,95000,6000,89000,89000
054614,玉晶光永豐97購03,0,0,0,0,0,0,0,0,0,89000,0,0,0,377000,288000,89000,89000
2401,凌陽            ,323000,204000,119000,0,0,0,0,1000,-1000,-30000,37000,0,37000,0,67000,-67000,88000
4737,華廣            ,97000,9000,88000,0,0,0,0,0,0,0,0,0,0,0,0,0,88000
05682P,大立光元大98售03,0,0,0,0,0,0,0,0,0,88000,0,0,0,88000,0,88000,88000
046335,矽創元大92購04  ,0,0,0,0,0,0,0,0,0,88000,0,0,0,88000,0,88000,88000
046732,啟碁元大93購01  ,0,0,0,0,0,0,0,0,0,88000,0,0,0,88000,0,88000,88000
047448,啟碁元大93購06  ,0,0,0,0,0,0,0,0,0,88000,0,0,0,88000,0,88000,88000
03629C,元油2X元富98牛06,0,0,0,0,0,0,0,0,0,88000,0,0,0,106000,18000,88000,88000
050525,嘉晶元大95購02  ,0,0,0,0,0,0,0,0,0,88000,0,0,0,88000,0,88000,88000
049436,義隆國泰96購02  ,0,0,0,0,0,0,0,0,0,88000,0,0,0,138000,50000,88000,88000
051441,鴻海元大95購13  ,0,0,0,0,0,0,0,0,0,88000,0,0,0,177000,89000,88000,88000
051149,可成凱基95購04  ,0,0,0,0,0,0,0,0,0,88000,0,0,0,168000,80000,88000,88000
054635,台達電中信98購01,0,0,0,0,0,0,0,0,0,88000,0,0,0,88000,0,88000,88000
053478,京鼎元大96購01  ,0,0,0,0,0,0,0,0,0,88000,0,0,0,107000,19000,88000,88000
053867,創意元大96購04  ,0,0,0,0,0,0,0,0,0,88000,0,0,0,196000,108000,88000,88000
052985,美律元大96購02  ,0,0,0,0,0,0,0,0,0,88000,0,0,0,88000,0,88000,88000
055094,智易群益98購01  ,0,0,0,0,0,0,0,0,0,87000,0,0,0,87000,0,87000,87000
06111P,上銀兆豐98售01  ,0,0,0,0,0,0,0,0,0,87000,0,0,0,719000,632000,87000,87000
042735,TPK兆豐92購01   ,0,0,0,0,0,0,0,0,0,87000,0,0,0,97000,10000,87000,87000
04377P,大立光元大94售04,0,0,0,0,0,0,0,0,0,87000,0,0,0,87000,0,87000,87000
043735,元金2X元大94購01,0,0,0,0,0,0,0,0,0,87000,0,0,0,108000,21000,87000,87000
046591,康舒元大92購01  ,0,0,0,0,0,0,0,0,0,87000,0,0,0,100000,13000,87000,87000
046511,欣興元大92購08  ,0,0,0,0,0,0,0,0,0,87000,0,0,0,87000,0,87000,87000
047865,健鼎康和93購01  ,0,0,0,0,0,0,0,0,0,87000,0,0,0,87000,0,87000,87000
051235,鴻海元大95購06  ,0,0,0,0,0,0,0,0,0,87000,0,0,0,95000,8000,87000,87000
049143,智邦元大94購02  ,0,0,0,0,0,0,0,0,0,87000,0,0,0,93000,6000,87000,87000
050611,鴻海元大95購02  ,0,0,0,0,0,0,0,0,0,87000,0,0,0,292000,205000,87000,87000
05068P,鴻海統一95售06  ,0,0,0,0,0,0,0,0,0,87000,0,0,0,97000,10000,87000,87000
054461,台積電凱基97購09,0,0,0,0,0,0,0,0,0,87000,0,0,0,130000,43000,87000,87000
054395,華新科永豐96購03,0,0,0,0,0,0,0,0,0,87000,0,0,0,97000,10000,87000,87000
06261P,上銀凱基97售03  ,0,0,0,0,0,0,0,0,0,86000,0,0,0,86000,0,86000,86000
054715,中橡康和97購01  ,0,0,0,0,0,0,0,0,0,86000,0,0,0,91000,5000,86000,86000
055801,景碩永豐97購02  ,0,0,0,0,0,0,0,0,0,86000,0,0,0,86000,0,86000,86000
046980,智邦兆豐94購01  ,0,0,0,0,0,0,0,0,0,86000,0,0,0,86000,0,86000,86000
046293,聯發科統一94購01,0,0,0,0,0,0,0,0,0,86000,0,0,0,93000,7000,86000,86000
045101,玉晶光中信94購01,0,0,0,0,0,0,0,0,0,86000,0,0,0,301000,215000,86000,86000
047365,隆達群益93購01  ,0,0,0,0,0,0,0,0,0,86000,0,0,0,102000,16000,86000,86000
04298P,祥碩元大93售02  ,0,0,0,0,0,0,0,0,0,86000,0,0,0,106000,20000,86000,86000
043474,創意元大92購01  ,0,0,0,0,0,0,0,0,0,86000,0,0,0,86000,0,86000,86000
050534,臻鼎兆豐94購01  ,0,0,0,0,0,0,0,0,0,86000,0,0,0,96000,10000,86000,86000
048645,創意元大94購02  ,0,0,0,0,0,0,0,0,0,86000,0,0,0,114000,28000,86000,86000
051291,聯詠統一95購01  ,0,0,0,0,0,0,0,0,0,86000,0,0,0,86000,0,86000,86000
051088,台積電元大95購09,0,0,0,0,0,0,0,0,0,86000,0,0,0,100000,14000,86000,86000
053419,光罩永豐96購01  ,0,0,0,0,0,0,0,0,0,86000,0,0,0,97000,11000,86000,86000
051533,健鼎國票96購02  ,0,0,0,0,0,0,0,0,0,86000,0,0,0,86000,0,86000,86000
051836,華通國泰95購02  ,0,0,0,0,0,0,0,0,0,86000,0,0,0,91000,5000,86000,86000
05676P,欣興群益96售04  ,0,0,0,0,0,0,0,0,0,85000,0,0,0,85000,0,85000,85000
05715P,創意元富96售05  ,0,0,0,0,0,0,0,0,0,85000,0,0,0,85000,0,85000,85000
054972,聯茂元大97購02  ,0,0,0,0,0,0,0,0,0,85000,0,0,0,164000,79000,85000,85000
055330,上銀兆豐98購02  ,0,0,0,0,0,0,0,0,0,85000,0,0,0,112000,27000,85000,85000
055281,台光電元大98購03,0,0,0,0,0,0,0,0,0,85000,0,0,0,107000,22000,85000,85000
06108P,奇力新群益97售05,0,0,0,0,0,0,0,0,0,85000,0,0,0,85000,0,85000,85000
2881A,富邦特          ,15000,0,15000,0,0,0,0,0,0,70000,70000,0,70000,0,0,0,85000
047224,台光電凱基94購01,0,0,0,0,0,0,0,0,0,85000,0,0,0,85000,0,85000,85000
00659R,國泰日本反1     ,0,0,0,0,0,0,0,0,0,85000,0,0,0,85000,0,85000,85000
045227,致伸元大93購01  ,0,0,0,0,0,0,0,0,0,85000,0,0,0,85000,0,85000,85000
046934,智邦元富96購01  ,0,0,0,0,0,0,0,0,0,85000,0,0,0,85000,0,85000,85000
051004,台新金中信95購02,0,0,0,0,0,0,0,0,0,85000,0,0,0,85000,0,85000,85000
050287,台達電凱基94購10,0,0,0,0,0,0,0,0,0,85000,0,0,0,85000,0,85000,85000
051228,聯發科群益95購03,0,0,0,0,0,0,0,0,0,85000,0,0,0,100000,15000,85000,85000
051411,聯發科國票95購05,0,0,0,0,0,0,0,0,0,85000,0,0,0,85000,0,85000,85000
051345,鴻海元大95購09  ,0,0,0,0,0,0,0,0,0,85000,0,0,0,454000,369000,85000,85000
049111,元油2X統一94購03,0,0,0,0,0,0,0,0,0,85000,0,0,0,85000,0,85000,85000
050414,泰鼎永豐94購04  ,0,0,0,0,0,0,0,0,0,85000,0,0,0,89000,4000,85000,85000
048882,智原統一96購01  ,0,0,0,0,0,0,0,0,0,85000,0,0,0,85000,0,85000,85000
049487,智邦元大94購03  ,0,0,0,0,0,0,0,0,0,85000,0,0,0,90000,5000,85000,85000
048185,台郡群益93購04  ,0,0,0,0,0,0,0,0,0,85000,0,0,0,95000,10000,85000,85000
048176,美利達國泰94購01,0,0,0,0,0,0,0,0,0,85000,0,0,0,85000,0,85000,85000
047584,元金2X永豐95購01,0,0,0,0,0,0,0,0,0,85000,0,0,0,300000,215000,85000,85000
050581,美食國票94購02  ,0,0,0,0,0,0,0,0,0,85000,0,0,0,105000,20000,85000,85000
052160,美律永豐95購03  ,0,0,0,0,0,0,0,0,0,85000,0,0,0,85000,0,85000,85000
051991,泰碩元大95購02  ,0,0,0,0,0,0,0,0,0,85000,0,0,0,86000,1000,85000,85000
051985,智邦元大95購05  ,0,0,0,0,0,0,0,0,0,85000,0,0,0,259000,174000,85000,85000
053136,彩晶國票97購01  ,0,0,0,0,0,0,0,0,0,85000,0,0,0,85000,0,85000,85000
054012,廣達永豐96購01  ,0,0,0,0,0,0,0,0,0,85000,0,0,0,85000,0,85000,85000
054249,技嘉元大96購03  ,0,0,0,0,0,0,0,0,0,85000,0,0,0,94000,9000,85000,85000
06090P,旺宏統一97售06  ,0,0,0,0,0,0,0,0,0,84000,0,0,0,84000,0,84000,84000
05977P,旺宏永豐96售06  ,0,0,0,0,0,0,0,0,0,84000,0,0,0,84000,0,84000,84000
05570P,聯發科統一96售04,0,0,0,0,0,0,0,0,0,84000,0,0,0,84000,0,84000,84000
046557,亞泥凱基93購02  ,0,0,0,0,0,0,0,0,0,84000,0,0,0,84000,0,84000,84000
050364,卜蜂元大94購02  ,0,0,0,0,0,0,0,0,0,84000,0,0,0,84000,0,84000,84000
042895,鴻海永昌93購03  ,0,0,0,0,0,0,0,0,0,84000,0,0,0,92000,8000,84000,84000
048149,泰鼎元富95購01  ,0,0,0,0,0,0,0,0,0,84000,0,0,0,84000,0,84000,84000
049025,華擎群益94購01  ,0,0,0,0,0,0,0,0,0,84000,0,0,0,85000,1000,84000,84000
04846P,旺宏凱基94售07  ,0,0,0,0,0,0,0,0,0,84000,0,0,0,90000,6000,84000,84000
048547,訊芯永豐93購03  ,0,0,0,0,0,0,0,0,0,84000,0,0,0,95000,11000,84000,84000
054103,T50反1凱基99購04,0,0,0,0,0,0,0,0,0,84000,0,0,0,84000,0,84000,84000
054518,亞光元大97購01  ,0,0,0,0,0,0,0,0,0,84000,0,0,0,237000,153000,84000,84000
053821,群創群益98購08  ,0,0,0,0,0,0,0,0,0,84000,0,0,0,99000,15000,84000,84000
052151,義隆富邦96購01  ,0,0,0,0,0,0,0,0,0,84000,0,0,0,84000,0,84000,84000
052277,台達電凱基97購01,0,0,0,0,0,0,0,0,0,84000,0,0,0,86000,2000,84000,84000
052972,義隆群益96購04  ,0,0,0,0,0,0,0,0,0,84000,0,0,0,143000,59000,84000,84000
054984,華泰元富97購01  ,0,0,0,0,0,0,0,0,0,83000,0,0,0,85000,2000,83000,83000
06106P,國巨群益97售02  ,0,0,0,0,0,0,0,0,0,83000,0,0,0,83000,0,83000,83000
4540,全球傳動        ,129000,46000,83000,0,0,0,0,0,0,0,0,0,0,0,0,0,83000
042679,群創元大92購02  ,0,0,0,0,0,0,0,0,0,83000,0,0,0,94000,11000,83000,83000
03678P,欣興元大92售09  ,0,0,0,0,0,0,0,0,0,83000,0,0,0,83000,0,83000,83000
045458,智邦元大92購05  ,0,0,0,0,0,0,0,0,0,83000,0,0,0,83000,0,83000,83000
051119,光寶科群益95購01,0,0,0,0,0,0,0,0,0,83000,0,0,0,83000,0,83000,83000
047612,瑞昱群益93購03  ,0,0,0,0,0,0,0,0,0,83000,0,0,0,115000,32000,83000,83000
050175,台光電元大94購08,0,0,0,0,0,0,0,0,0,83000,0,0,0,92000,9000,83000,83000
053015,緯創統一96購01  ,0,0,0,0,0,0,0,0,0,83000,0,0,0,83000,0,83000,83000
053736,友達麥證96購01  ,0,0,0,85000,2000,83000,0,0,0,83000,0,0,0,85000,2000,83000,83000
046858,群創元大94購02  ,0,0,0,0,0,0,0,0,0,82000,0,0,0,103000,21000,82000,82000
03647P,京元電元富95售02,0,0,0,0,0,0,0,0,0,82000,0,0,0,94000,12000,82000,82000
04083P,欣興統一94售01  ,0,0,0,0,0,0,0,0,0,82000,0,0,0,82000,0,82000,82000
03050X,元展47          ,0,0,0,0,0,0,0,0,0,82000,0,0,0,99000,17000,82000,82000
048997,智原國票95購01  ,0,0,0,0,0,0,0,0,0,82000,0,0,0,82000,0,82000,82000
050617,神基元大94購01  ,0,0,0,0,0,0,0,0,0,82000,0,0,0,117000,35000,82000,82000
050898,智原元大96購01  ,0,0,0,0,0,0,0,0,0,82000,0,0,0,82000,0,82000,82000
049431,光罩國票96購01  ,0,0,0,0,0,0,0,0,0,82000,0,0,0,82000,0,82000,82000
053141,景碩永豐96購02  ,0,0,0,0,0,0,0,0,0,82000,0,0,0,82000,0,82000,82000
053455,台光電元富96購02,0,0,0,0,0,0,0,0,0,82000,0,0,0,82000,0,82000,82000
053027,玉晶光富邦98購01,0,0,0,0,0,0,0,0,0,82000,0,0,0,82000,0,82000,82000
052967,智邦群益96購01  ,0,0,0,0,0,0,0,0,0,82000,0,0,0,112000,30000,82000,82000
06134P,緯穎元富97售03  ,0,0,0,0,0,0,0,0,0,81000,0,0,0,127000,46000,81000,81000
06156P,大立光統一97售05,0,0,0,0,0,0,0,0,0,81000,0,0,0,81000,0,81000,81000
2484,希華            ,91000,9000,82000,0,0,0,0,0,0,-1000,0,1000,-1000,0,0,0,81000
054818,奇力新元大97購05,0,0,0,0,0,0,0,0,0,81000,0,0,0,119000,38000,81000,81000
03712P,京元電統一93售02,0,0,0,0,0,0,0,0,0,81000,0,0,0,81000,0,81000,81000
047329,聯茂元大93購04  ,0,0,0,0,0,0,0,0,0,81000,0,0,0,129000,48000,81000,81000
04571P,華新科國泰95售03,0,0,0,0,0,0,0,0,0,81000,0,0,0,81000,0,81000,81000
049258,美律元大94購03  ,0,0,0,0,0,0,0,0,0,81000,0,0,0,81000,0,81000,81000
047745,廣宇元富93購01  ,0,0,0,0,0,0,0,0,0,81000,0,0,0,81000,0,81000,81000
050945,致茂群益95購01  ,0,0,0,0,0,0,0,0,0,81000,0,0,0,92000,11000,81000,81000
052080,康友元富98購02  ,0,0,0,0,0,0,0,0,0,81000,0,0,0,81000,0,81000,81000
053493,智邦兆豐97購02  ,0,0,0,0,0,0,0,0,0,81000,0,0,0,81000,0,81000,81000
054854,台積電麥證97購01,0,0,0,90000,10000,80000,0,0,0,80000,0,0,0,90000,10000,80000,80000
055605,緯穎元大97購02  ,0,0,0,0,0,0,0,0,0,80000,0,0,0,80000,0,80000,80000
055645,技嘉元富97購01  ,0,0,0,0,0,0,0,0,0,80000,0,0,0,110000,30000,80000,80000
05851P,力山群益97售01  ,0,0,0,0,0,0,0,0,0,80000,0,0,0,80000,0,80000,80000
046094,南茂兆豐92購01  ,0,0,0,0,0,0,0,0,0,80000,0,0,0,80000,0,80000,80000
046339,訊芯中信92購01  ,0,0,0,0,0,0,0,0,0,80000,0,0,0,80000,0,80000,80000
046676,羅麗芬元大93購01,0,0,0,0,0,0,0,0,0,80000,0,0,0,80000,0,80000,80000
047401,南茂永豐93購01  ,0,0,0,0,0,0,0,0,0,80000,0,0,0,280000,200000,80000,80000
047170,廣宇永豐93購01  ,0,0,0,0,0,0,0,0,0,80000,0,0,0,80000,0,80000,80000
044513,義隆凱基93購02  ,0,0,0,0,0,0,0,0,0,80000,0,0,0,80000,0,80000,80000
04004P,智伸科凱基93售06,0,0,0,0,0,0,0,0,0,80000,0,0,0,80000,0,80000,80000
050763,楠梓電元大94購03,0,0,0,0,0,0,0,0,0,80000,0,0,0,80000,0,80000,80000
05090P,國巨元大95售05  ,0,0,0,0,0,0,0,0,0,80000,0,0,0,90000,10000,80000,80000
048025,鴻海凱基93購30  ,0,0,0,0,0,0,0,0,0,80000,0,0,0,250000,170000,80000,80000
048167,旺宏永豐93購04  ,0,0,0,0,0,0,0,0,0,80000,0,0,0,80000,0,80000,80000
048295,泰鼎群益93購01  ,0,0,0,0,0,0,0,0,0,80000,0,0,0,128000,48000,80000,80000
047779,台化中信93購01  ,0,0,0,0,0,0,0,0,0,80000,0,0,0,80000,0,80000,80000
051434,中磊元富95購02  ,0,0,0,0,0,0,0,0,0,80000,0,0,0,83000,3000,80000,80000
05121P,創意國泰96售01  ,0,0,0,0,0,0,0,0,0,80000,0,0,0,80000,0,80000,80000
051193,新日興兆豐96購01,0,0,0,0,0,0,0,0,0,80000,0,0,0,80000,0,80000,80000
049461,嘉聯益元富94購01,0,0,0,0,0,0,0,0,0,80000,0,0,0,80000,0,80000,80000
053263,華邦電群益96購03,0,0,0,0,0,0,0,0,0,80000,0,0,0,80000,0,80000,80000
054337,智邦統一96購01  ,0,0,0,0,0,0,0,0,0,80000,0,0,0,82000,2000,80000,80000
053942,超眾國泰96購02  ,0,0,0,0,0,0,0,0,0,80000,0,0,0,80000,0,80000,80000
052082,臺股指元富95購04,0,0,0,0,0,0,0,0,0,80000,0,0,0,80000,0,80000,80000
052214,智伸科元大96購01,0,0,0,0,0,0,0,0,0,80000,0,0,0,80000,0,80000,80000
051886,道瓊反統一95購03,0,0,0,0,0,0,0,0,0,80000,0,0,0,80000,0,80000,80000
051702,鴻海群益95購08  ,0,0,0,0,0,0,0,0,0,80000,0,0,0,80000,0,80000,80000
051569,緯創富邦95購02  ,0,0,0,0,0,0,0,0,0,80000,0,0,0,80000,0,80000,80000
052669,群創群益98購06  ,0,0,0,0,0,0,0,0,0,80000,0,0,0,80000,0,80000,80000
05757P,旺宏永豐96售03  ,0,0,0,0,0,0,0,0,0,79000,0,0,0,79000,0,79000,79000
055807,勤誠永豐97購01  ,0,0,0,0,0,0,0,0,0,79000,0,0,0,79000,0,79000,79000
054709,宏達電統一97購01,0,0,0,0,0,0,0,0,0,79000,0,0,0,79000,0,79000,79000
054710,東元元富97購01  ,0,0,0,0,0,0,0,0,0,79000,0,0,0,132000,53000,79000,79000
045053,聯發科元富98購01,0,0,0,0,0,0,0,0,0,79000,0,0,0,113000,34000,79000,79000
048768,景碩凱基94購02  ,0,0,0,0,0,0,0,0,0,79000,0,0,0,79000,0,79000,79000
050461,GIS元大95購04   ,0,0,0,0,0,0,0,0,0,79000,0,0,0,89000,10000,79000,79000
047527,高鐵元大93購02  ,0,0,0,0,0,0,0,0,0,79000,0,0,0,79000,0,79000,79000
051582,聯發科元大97購02,0,0,0,0,0,0,0,0,0,79000,0,0,0,112000,33000,79000,79000
054050,創意元大96購06  ,0,0,0,0,0,0,0,0,0,79000,0,0,0,153000,74000,79000,79000
054256,創意元大96購07  ,0,0,0,0,0,0,0,0,0,79000,0,0,0,214000,135000,79000,79000
053651,台光電凱基98購01,0,0,0,0,0,0,0,0,0,79000,0,0,0,157000,78000,79000,79000
054861,智邦群益97購01  ,0,0,0,0,0,0,0,0,0,78000,0,0,0,78000,0,78000,78000
054795,合勤控群益98購01,0,0,0,0,0,0,0,0,0,78000,0,0,0,78000,0,78000,78000
03771P,中磊元大93售03  ,0,0,0,0,0,0,0,0,0,78000,0,0,0,78000,0,78000,78000
047120,啟碁元大93購02  ,0,0,0,0,0,0,0,0,0,78000,0,0,0,78000,0,78000,78000
047615,為升凱基93購05  ,0,0,0,0,0,0,0,0,0,78000,0,0,0,109000,31000,78000,78000
048828,禾伸堂凱基94購02,0,0,0,0,0,0,0,0,0,78000,0,0,0,101000,23000,78000,78000
04941P,台達電台新94售02,0,0,0,0,0,0,0,0,0,78000,0,0,0,78000,0,78000,78000
05323P,瑞昱凱基96售02  ,0,0,0,0,0,0,0,0,0,78000,0,0,0,80000,2000,78000,78000
054285,國巨元大98購02  ,0,0,0,0,0,0,0,0,0,78000,0,0,0,78000,0,78000,78000
052243,致茂康和95購01  ,0,0,0,0,0,0,0,0,0,78000,0,0,0,78000,0,78000,78000
054899,南港康和97購01  ,0,0,0,0,0,0,0,0,0,77000,0,0,0,77000,0,77000,77000
055176,大毅統一98購02  ,0,0,0,0,0,0,0,0,0,77000,0,0,0,95000,18000,77000,77000
6715,嘉基            ,74000,12000,62000,0,0,0,0,0,0,15000,15000,0,15000,0,0,0,77000
03756P,創意永豐93售01  ,0,0,0,0,0,0,0,0,0,77000,0,0,0,77000,0,77000,77000
051172,鴻海第一96購01  ,0,0,0,0,0,0,0,0,0,77000,0,0,0,77000,0,77000,77000
051364,鴻海國泰97購03  ,0,0,0,0,0,0,0,0,0,77000,0,0,0,109000,32000,77000,77000
048160,GIS兆豐95購01   ,0,0,0,0,0,0,0,0,0,77000,0,0,0,77000,0,77000,77000
052819,義隆永豐96購01  ,0,0,0,0,0,0,0,0,0,77000,0,0,0,166000,89000,77000,77000
052830,台光電群益96購01,0,0,0,0,0,0,0,0,0,77000,0,0,0,77000,0,77000,77000
06187P,國巨統一97售05  ,0,0,0,0,0,0,0,0,0,76000,0,0,0,76000,0,76000,76000
055093,京鼎群益98購01  ,0,0,0,0,0,0,0,0,0,76000,0,0,0,76000,0,76000,76000
05704P,矽力群益96售04  ,0,0,0,0,0,0,0,0,0,76000,0,0,0,76000,0,76000,76000
04491P,光磊康和94售01  ,0,0,0,0,0,0,0,0,0,76000,0,0,0,76000,0,76000,76000
04528P,智原凱基94售01  ,0,0,0,0,0,0,0,0,0,76000,0,0,0,76000,0,76000,76000
050196,嘉聯益元大97購01,0,0,0,0,0,0,0,0,0,76000,0,0,0,78000,2000,76000,76000
051167,京鼎元大95購01  ,0,0,0,0,0,0,0,0,0,76000,0,0,0,90000,14000,76000,76000
049192,元油2X永豐96購02,0,0,0,0,0,0,0,0,0,76000,0,0,0,76000,0,76000,76000
051000,台郡元大96購01  ,0,0,0,0,0,0,0,0,0,76000,0,0,0,113000,37000,76000,76000
049771,GIS元富94購02   ,0,0,0,0,0,0,0,0,0,76000,0,0,0,76000,0,76000,76000
049147,美律元大94購02  ,0,0,0,0,0,0,0,0,0,76000,0,0,0,84000,8000,76000,76000
052751,臺股指元大96購05,0,0,0,0,0,0,0,0,0,76000,0,0,0,76000,0,76000,76000
052367,聯茂國票96購02  ,0,0,0,0,0,0,0,0,0,76000,0,0,0,76000,0,76000,76000
05246P,南電元大95售04  ,0,0,0,0,0,0,0,0,0,76000,0,0,0,76000,0,76000,76000
053302,國巨凱基96購10  ,0,0,0,0,0,0,0,0,0,76000,0,0,0,82000,6000,76000,76000
053534,微星永豐96購02  ,0,0,0,0,0,0,0,0,0,76000,0,0,0,78000,2000,76000,76000
3443,創意            ,204463,52000,152463,0,0,0,20000,0,20000,-97000,4000,48000,-44000,18000,71000,-53000,75463
1609,大亞            ,304000,228000,76000,0,0,0,0,637,-637,0,0,0,0,0,0,0,75363
05639P,欣興統一97售01  ,0,0,0,0,0,0,0,0,0,75000,0,0,0,75000,0,75000,75000
05906P,國巨元富96售05  ,0,0,0,0,0,0,0,0,0,75000,0,0,0,75000,0,75000,75000
05939P,聯發科凱基96售20,0,0,0,0,0,0,0,0,0,75000,0,0,0,110000,35000,75000,75000
055705,微星永豐97購01  ,0,0,0,0,0,0,0,0,0,75000,0,0,0,75000,0,75000,75000
047061,鴻海凱基93購23  ,0,0,0,0,0,0,0,0,0,75000,0,0,0,76000,1000,75000,75000
050034,智伸科元大94購01,0,0,0,0,0,0,0,0,0,75000,0,0,0,75000,0,75000,75000
043068,TPK兆豐93購01   ,0,0,0,0,0,0,0,0,0,75000,0,0,0,75000,0,75000,75000
043936,和大兆豐92購01  ,0,0,0,0,0,0,0,0,0,75000,0,0,0,75000,0,75000,75000
04244P,可成元大93售12  ,0,0,0,0,0,0,0,0,0,75000,0,0,0,146000,71000,75000,75000
044562,元油2X凱基92購05,0,0,0,0,0,0,0,0,0,75000,0,0,0,100000,25000,75000,75000
044722,滬深2X永豐93購01,0,0,0,0,0,0,0,0,0,75000,0,0,0,75000,0,75000,75000
00656R,國泰中國A50反1  ,0,4000,-4000,0,0,0,0,0,0,79000,0,0,0,94000,15000,79000,75000
04893P,創意元大94售03  ,0,0,0,0,0,0,0,0,0,75000,0,0,0,75000,0,75000,75000
047827,東陽元大93購01  ,0,0,0,0,0,0,0,0,0,75000,0,0,0,110000,35000,75000,75000
051118,台塑群益95購01  ,0,0,0,0,0,0,0,0,0,75000,0,0,0,75000,0,75000,75000
051045,南茂永豐95購01  ,0,0,0,0,0,0,0,0,0,75000,0,0,0,75000,0,75000,75000
051202,智邦麥證95購01  ,0,0,0,80000,5000,75000,0,0,0,75000,0,0,0,80000,5000,75000,75000
050971,緯穎永豐95購01  ,0,0,0,0,0,0,0,0,0,75000,0,0,0,75000,0,75000,75000
048126,TPK元大94購02   ,0,0,0,0,0,0,0,0,0,75000,0,0,0,100000,25000,75000,75000
048496,南亞科元大93購05,0,0,0,0,0,0,0,0,0,75000,0,0,0,75000,0,75000,75000
050876,復盛永豐95購01  ,0,0,0,0,0,0,0,0,0,75000,0,0,0,77000,2000,75000,75000
053844,GIS統一96購01   ,0,0,0,0,0,0,0,0,0,75000,0,0,0,75000,0,75000,75000
053280,群創元大9C購01  ,0,0,0,0,0,0,0,0,0,75000,0,0,0,239000,164000,75000,75000
054265,GIS元大96購03   ,0,0,0,0,0,0,0,0,0,75000,0,0,0,85000,10000,75000,75000
054161,友訊凱基98購01  ,0,0,0,0,0,0,0,0,0,75000,0,0,0,75000,0,75000,75000
054096,佳世達國票97購01,0,0,0,0,0,0,0,0,0,75000,0,0,0,75000,0,75000,75000
054362,亞光凱基96購03  ,0,0,0,0,0,0,0,0,0,75000,0,0,0,77000,2000,75000,75000
054645,奇力新群益97購04,0,0,0,0,0,0,0,0,0,75000,0,0,0,111000,36000,75000,75000
052527,泰鼎元大96購02  ,0,0,0,0,0,0,0,0,0,75000,0,0,0,279000,204000,75000,75000
052576,聯茂凱基96購01  ,0,0,0,0,0,0,0,0,0,75000,0,0,0,91000,16000,75000,75000
052796,和碩兆豐96購01  ,0,0,0,0,0,0,0,0,0,75000,0,0,0,75000,0,75000,75000
053005,微星永豐96購01  ,0,0,0,0,0,0,0,0,0,75000,0,0,0,178000,103000,75000,75000
05306P,泰碩國泰97售01  ,0,0,0,0,0,0,0,0,0,75000,0,0,0,76000,1000,75000,75000
051583,可成元大95購07  ,0,0,0,0,0,0,0,0,0,75000,0,0,0,281000,206000,75000,75000
051852,啟碁群益95購01  ,0,0,0,0,0,0,0,0,0,75000,0,0,0,75000,0,75000,75000
05581P,華新科凱基96售07,0,0,0,0,0,0,0,0,0,74000,0,0,0,74000,0,74000,74000
054954,華新科元大97購06,0,0,0,0,0,0,0,0,0,74000,0,0,0,97000,23000,74000,74000
06323P,台郡統一97售01  ,0,0,0,0,0,0,0,0,0,74000,0,0,0,84000,10000,74000,74000
0054,元大台商50      ,0,0,0,0,0,0,0,0,0,74000,0,0,0,74000,0,74000,74000
043655,微星富邦93購01  ,0,0,0,0,0,0,0,0,0,74000,0,0,0,161000,87000,74000,74000
04624P,台積電元大94售14,0,0,0,0,0,0,0,0,0,74000,0,0,0,74000,0,74000,74000
047626,全新國票94購01  ,0,0,0,0,0,0,0,0,0,74000,0,0,0,74000,0,74000,74000
049073,光罩凱基94購01  ,0,0,0,0,0,0,0,0,0,74000,0,0,0,105000,31000,74000,74000
050680,上銀元富94購01  ,0,0,0,0,0,0,0,0,0,74000,0,0,0,120000,46000,74000,74000
050759,貿聯元富94購02  ,0,0,0,0,0,0,0,0,0,74000,0,0,0,82000,8000,74000,74000
051453,智伸科元大95購02,0,0,0,0,0,0,0,0,0,74000,0,0,0,74000,0,74000,74000
05996P,華新科群益96售03,0,0,0,0,0,0,0,0,0,73000,0,0,0,75000,2000,73000,73000
06075P,智邦凱基97售02  ,0,0,0,0,0,0,0,0,0,73000,0,0,0,77000,4000,73000,73000
055291,京鼎元大97購02  ,0,0,0,0,0,0,0,0,0,73000,0,0,0,80000,7000,73000,73000
046286,高鐵兆豐93購01  ,0,0,0,0,0,0,0,0,0,73000,0,0,0,73000,0,73000,73000
046880,瑞昱永昌93購01  ,0,0,0,0,0,0,0,0,0,73000,0,0,0,80000,7000,73000,73000
043580,大立光元富94購01,0,0,0,0,0,0,0,0,0,73000,0,0,0,74000,1000,73000,73000
04176P,台達電元大94售01,0,0,0,0,0,0,0,0,0,73000,0,0,0,86000,13000,73000,73000
047684,景碩國泰94購01  ,0,0,0,0,0,0,0,0,0,73000,0,0,0,73000,0,73000,73000
051783,鴻海兆豐95購03  ,0,0,0,0,0,0,0,0,0,73000,0,0,0,73000,0,73000,73000
053813,友達群益9A購03  ,0,0,0,0,0,0,0,0,0,73000,0,0,0,73000,0,73000,73000
053585,友達元大9C購03  ,0,0,0,0,0,0,0,0,0,73000,0,0,0,75000,2000,73000,73000
055435,佳世達中信99購01,0,0,0,0,0,0,0,0,0,72000,0,0,0,72000,0,72000,72000
054988,凱美元富97購02  ,0,0,0,0,0,0,0,0,0,72000,0,0,0,72000,0,72000,72000
06013P,世芯國泰97售03  ,0,0,0,0,0,0,0,0,0,72000,0,0,0,79000,7000,72000,72000
6443,元晶            ,210000,138000,72000,0,0,0,0,0,0,0,0,0,0,0,0,0,72000
9955,佳龍            ,96000,24000,72000,0,0,0,0,0,0,0,0,0,0,0,0,0,72000
044411,A50正2統一93購01,0,0,0,0,0,0,0,0,0,72000,0,0,0,72000,0,72000,72000
050353,華擎群益95購01  ,0,0,0,0,0,0,0,0,0,72000,0,0,0,77000,5000,72000,72000
049967,華新科國票94購07,0,0,0,0,0,0,0,0,0,72000,0,0,0,153000,81000,72000,72000
049416,美律凱基94購04  ,0,0,0,0,0,0,0,0,0,72000,0,0,0,72000,0,72000,72000
049893,日月光富邦98購01,0,0,0,0,0,0,0,0,0,72000,0,0,0,72000,0,72000,72000
04787P,台積電永昌96售04,0,0,0,0,0,0,0,0,0,72000,0,0,0,72000,0,72000,72000
053939,台表科元富96購03,0,0,0,0,0,0,0,0,0,72000,0,0,0,80000,8000,72000,72000
051909,潤泰全元大95購02,0,0,0,0,0,0,0,0,0,72000,0,0,0,76000,4000,72000,72000
052951,GIS國票97購02   ,0,0,0,0,0,0,0,0,0,72000,0,0,0,72000,0,72000,72000
054813,鴻海元大97購09  ,0,0,0,0,0,0,0,0,0,71000,0,0,0,201000,130000,71000,71000
055564,茂林凱基98購01  ,0,0,0,0,0,0,0,0,0,71000,0,0,0,76000,5000,71000,71000
05905P,晶技統一97售01  ,0,0,0,0,0,0,0,0,0,71000,0,0,0,71000,0,71000,71000
05706P,TPK永豐96售02   ,0,0,0,0,0,0,0,0,0,71000,0,0,0,71000,0,71000,71000
04843P,致新元大94售02  ,0,0,0,0,0,0,0,0,0,71000,0,0,0,71000,0,71000,71000
050991,元油2X元大96購04,0,0,0,0,0,0,0,0,0,71000,0,0,0,81000,10000,71000,71000
049859,味全兆豐95購01  ,0,0,0,0,0,0,0,0,0,71000,0,0,0,81000,10000,71000,71000
048898,晶相光國泰96購01,0,0,0,0,0,0,0,0,0,71000,0,0,0,171000,100000,71000,71000
051466,玉晶光富邦97購01,0,0,0,0,0,0,0,0,0,71000,0,0,0,71000,0,71000,71000
05213P,台積電國票96售05,0,0,0,0,0,0,0,0,0,71000,0,0,0,74000,3000,71000,71000
051530,鴻海國票97購01  ,0,0,0,0,0,0,0,0,0,71000,0,0,0,1048000,977000,71000,71000
054410,國巨元大96購14  ,0,0,0,0,0,0,0,0,0,71000,0,0,0,74000,3000,71000,71000
053270,台塑元大96購01  ,0,0,0,0,0,0,0,0,0,71000,0,0,0,72000,1000,71000,71000
054790,禾伸堂群益98購01,0,0,0,0,0,0,0,0,0,70000,0,0,0,70000,0,70000,70000
054987,凱美元富97購01  ,0,0,0,0,0,0,0,0,0,70000,0,0,0,80000,10000,70000,70000
055017,緯穎元富97購01  ,0,0,0,0,0,0,0,0,0,70000,0,0,0,70000,0,70000,70000
054902,億光康和97購01  ,0,0,0,0,0,0,0,0,0,70000,0,0,0,70000,0,70000,70000
055332,奇力新兆豐98購01,0,0,0,0,0,0,0,0,0,70000,0,0,0,70000,0,70000,70000
6416,瑞祺電通        ,72000,28000,44000,0,0,0,11000,0,11000,15000,15000,0,15000,0,0,0,70000
2609,陽明            ,96000,26000,70000,0,0,0,0,0,0,0,0,0,0,0,0,0,70000
08749P,鴻海台新01售02  ,0,0,0,0,0,0,0,0,0,70000,0,0,0,70000,0,70000,70000
08890P,為升元大01售04  ,0,0,0,0,0,0,0,0,0,70000,0,0,0,70000,0,70000,70000
1537,廣隆            ,81000,11000,70000,0,0,0,0,0,0,0,0,0,0,0,0,0,70000
050085,國泰金元富94購01,0,0,0,0,0,0,0,0,0,70000,0,0,0,70000,0,70000,70000
046939,燿華元大96購01  ,0,0,0,0,0,0,0,0,0,70000,0,0,0,70000,0,70000,70000
046486,樺漢國泰94購01  ,0,0,0,0,0,0,0,0,0,70000,0,0,0,71000,1000,70000,70000
045139,台光電兆豐92購01,0,0,0,0,0,0,0,0,0,70000,0,0,0,70000,0,70000,70000
046056,材料群益92購01  ,0,0,0,0,0,0,0,0,0,70000,0,0,0,125000,55000,70000,70000
047081,晶技康和93購01  ,0,0,0,0,0,0,0,0,0,70000,0,0,0,70000,0,70000,70000
047086,群創統一93購03  ,0,0,0,0,0,0,0,0,0,70000,0,0,0,233000,163000,70000,70000
045896,正文元大92購03  ,0,0,0,0,0,0,0,0,0,70000,0,0,0,70000,0,70000,70000
044821,瑞儀兆豐93購03  ,0,0,0,0,0,0,0,0,0,70000,0,0,0,70000,0,70000,70000
047199,鴻海元富93購03  ,0,0,0,0,0,0,0,0,0,70000,0,0,0,79000,9000,70000,70000
044697,美律元大93購02  ,0,0,0,0,0,0,0,0,0,70000,0,0,0,70000,0,70000,70000
04475P,欣興元大94售03  ,0,0,0,0,0,0,0,0,0,70000,0,0,0,70000,0,70000,70000
04235P,鴻海群益93售08  ,0,0,0,0,0,0,0,0,0,70000,0,0,0,70000,0,70000,70000
03686P,大立光統一98售02,0,0,0,0,0,0,0,0,0,70000,0,0,0,70000,0,70000,70000
049363,旺宏元大94購07  ,0,0,0,0,0,0,0,0,0,70000,0,0,0,107000,37000,70000,70000
049579,鴻海元大94購06  ,0,0,0,0,0,0,0,0,0,70000,0,0,0,70000,0,70000,70000
050192,康控元大97購01  ,0,0,0,0,0,0,0,0,0,70000,0,0,0,95000,25000,70000,70000
04835P,鴻海元大94售18  ,0,0,0,0,0,0,0,0,0,70000,0,0,0,80000,10000,70000,70000
050701,上緯控凱基94購04,0,0,0,0,0,0,0,0,0,70000,0,0,0,70000,0,70000,70000
050944,智邦群益95購01  ,0,0,0,0,0,0,0,0,0,70000,0,0,0,70000,0,70000,70000
050606,劍麟元大94購02  ,0,0,0,0,0,0,0,0,0,70000,0,0,0,70000,0,70000,70000
048664,華新科統一94購01,0,0,0,0,0,0,0,0,0,70000,0,0,0,70000,0,70000,70000
053166,聯詠群益96購02  ,0,0,0,0,0,0,0,0,0,70000,0,0,0,70000,0,70000,70000
05416P,喬山永豐95售04  ,0,0,0,0,0,0,0,0,0,70000,0,0,0,70000,0,70000,70000
052711,滬深2X凱基97購01,0,0,0,0,0,0,0,0,0,70000,0,0,0,70000,0,70000,70000
055336,茂林兆豐98購01  ,0,0,0,0,0,0,0,0,0,69000,0,0,0,69000,0,69000,69000
054769,創意國票98購01  ,0,0,0,0,0,0,0,0,0,69000,0,0,0,477000,408000,69000,69000
05764P,世紀鋼永豐96售03,0,0,0,0,0,0,0,0,0,69000,0,0,0,69000,0,69000,69000
04177P,富邦金元大94售01,0,0,0,0,0,0,0,0,0,69000,0,0,0,69000,0,69000,69000
04060P,臺股指群益93售14,0,0,0,0,0,0,0,0,0,69000,0,0,0,69000,0,69000,69000
04716P,中石化凱基94售01,0,0,0,0,0,0,0,0,0,69000,0,0,0,69000,0,69000,69000
04335P,大成鋼元大93售01,0,0,0,0,0,0,0,0,0,69000,0,0,0,69000,0,69000,69000
046404,友達元大93購02  ,0,0,0,0,0,0,0,0,0,69000,0,0,0,69000,0,69000,69000
046978,復盛永豐93購01  ,0,0,0,0,0,0,0,0,0,69000,0,0,0,72000,3000,69000,69000
048316,可成凱基93購15  ,0,0,0,0,0,0,0,0,0,69000,0,0,0,89000,20000,69000,69000
050993,聯發科元大95購05,0,0,0,0,0,0,0,0,0,69000,0,0,0,82000,13000,69000,69000
050602,訊芯國泰96購01  ,0,0,0,0,0,0,0,0,0,69000,0,0,0,69000,0,69000,69000
050526,貿聯元大95購01  ,0,0,0,0,0,0,0,0,0,69000,0,0,0,74000,5000,69000,69000
047803,卜蜂凱基93購03  ,0,0,0,0,0,0,0,0,0,69000,0,0,0,69000,0,69000,69000
052390,聯詠群益95購03  ,0,0,0,0,0,0,0,0,0,69000,0,0,0,69000,0,69000,69000
052322,力成元大96購01  ,0,0,0,0,0,0,0,0,0,69000,0,0,0,141000,72000,69000,69000
054238,聯茂群益96購04  ,0,0,0,0,0,0,0,0,0,69000,0,0,0,69000,0,69000,69000
054684,裕隆永豐97購01  ,0,0,0,0,0,0,0,0,0,69000,0,0,0,69000,0,69000,69000
3532,台勝科          ,150462,66000,84462,0,0,0,0,7000,-7000,-9000,0,0,0,5000,14000,-9000,68462
6285,啟碁            ,155000,15000,140000,0,0,0,2000,0,2000,-74000,0,0,0,0,74000,-74000,68000
06282P,聯鈞永豐97售02  ,0,0,0,0,0,0,0,0,0,68000,0,0,0,68000,0,68000,68000
06208P,台郡凱基97售03  ,0,0,0,0,0,0,0,0,0,68000,0,0,0,68000,0,68000,68000
055324,TPK國票98購03   ,0,0,0,0,0,0,0,0,0,68000,0,0,0,68000,0,68000,68000
05527P,聯茂群益96售01  ,0,0,0,0,0,0,0,0,0,68000,0,0,0,68000,0,68000,68000
046620,智伸科凱基93購01,0,0,0,0,0,0,0,0,0,68000,0,0,0,108000,40000,68000,68000
046860,致伸元大93購02  ,0,0,0,0,0,0,0,0,0,68000,0,0,0,68000,0,68000,68000
045683,泰鼎元大93購03  ,0,0,0,0,0,0,0,0,0,68000,0,0,0,68000,0,68000,68000
047397,啟碁元大93購05  ,0,0,0,0,0,0,0,0,0,68000,0,0,0,68000,0,68000,68000
047381,台化元大93購01  ,0,0,0,0,0,0,0,0,0,68000,0,0,0,68000,0,68000,68000
047326,致伸元大93購03  ,0,0,0,0,0,0,0,0,0,68000,0,0,0,68000,0,68000,68000
045751,智邦國泰93購01  ,0,0,0,0,0,0,0,0,0,68000,0,0,0,68000,0,68000,68000
041917,上証2X群益92購01,0,0,0,0,0,0,0,0,0,68000,0,0,0,68000,0,68000,68000
04450P,京元電凱基94售01,0,0,0,0,0,0,0,0,0,68000,0,0,0,68000,0,68000,68000
047841,致伸元大94購01  ,0,0,0,0,0,0,0,0,0,68000,0,0,0,68000,0,68000,68000
051383,京鼎群益96購02  ,0,0,0,0,0,0,0,0,0,68000,0,0,0,68000,0,68000,68000
048553,光磊元大93購03  ,0,0,0,0,0,0,0,0,0,68000,0,0,0,68000,0,68000,68000
050673,旺宏富邦96購02  ,0,0,0,0,0,0,0,0,0,68000,0,0,0,70000,2000,68000,68000
047872,貿聯永豐93購02  ,0,0,0,0,0,0,0,0,0,68000,0,0,0,78000,10000,68000,68000
053279,景碩元大97購01  ,0,0,0,0,0,0,0,0,0,68000,0,0,0,287000,219000,68000,68000
052746,泰碩元大97購01  ,0,0,0,0,0,0,0,0,0,68000,0,0,0,68000,0,68000,68000
051535,新日興國票96購01,0,0,0,0,0,0,0,0,0,68000,0,0,0,85000,17000,68000,68000
051667,光磊元大96購02  ,0,0,0,0,0,0,0,0,0,68000,0,0,0,68000,0,68000,68000
051774,聯茂中信96購01  ,0,0,0,0,0,0,0,0,0,68000,0,0,0,73000,5000,68000,68000
051834,南電元大96購02  ,0,0,0,0,0,0,0,0,0,68000,0,0,0,68000,0,68000,68000
055095,啟碁群益98購01  ,0,0,0,0,0,0,0,0,0,67000,0,0,0,67000,0,67000,67000
054826,復盛元大9A購01  ,0,0,0,0,0,0,0,0,0,67000,0,0,0,163000,96000,67000,67000
055760,新日興群益98購02,0,0,0,0,0,0,0,0,0,67000,0,0,0,94000,27000,67000,67000
06100P,台積電日盛97售03,0,0,0,0,0,0,0,0,0,67000,0,0,0,72000,5000,67000,67000
3563,牧德            ,88000,18000,70000,0,0,0,1000,0,1000,-4000,20000,0,20000,4000,28000,-24000,67000
046072,台勝科凱基92購03,0,0,0,0,0,0,0,0,0,67000,0,0,0,67000,0,67000,67000
047110,智邦元大93購05  ,0,0,0,0,0,0,0,0,0,67000,0,0,0,67000,0,67000,67000
050618,緯創元大95購01  ,0,0,0,0,0,0,0,0,0,67000,0,0,0,112000,45000,67000,67000
049209,GIS群益94購03   ,0,0,0,0,0,0,0,0,0,67000,0,0,0,77000,10000,67000,67000
049451,富邦金統一94購03,0,0,0,0,0,0,0,0,0,67000,0,0,0,67000,0,67000,67000
051139,康友永豐95購01  ,0,0,0,0,0,0,0,0,0,67000,0,0,0,83000,16000,67000,67000
04919P,聯詠凱基94售05  ,0,0,0,0,0,0,0,0,0,67000,0,0,0,67000,0,67000,67000
047746,宏碁元富93購01  ,0,0,0,0,0,0,0,0,0,67000,0,0,0,67000,0,67000,67000
053584,友達元大9B購02  ,0,0,0,0,0,0,0,0,0,67000,0,0,0,79000,12000,67000,67000
054681,味全永豐97購01  ,0,0,0,0,0,0,0,0,0,67000,0,0,0,67000,0,67000,67000
054132,聯發科元大97購10,0,0,0,0,0,0,0,0,0,67000,0,0,0,287000,220000,67000,67000
2347,聯強            ,992094,902504,89590,0,0,0,1000,65000,-64000,41000,30000,0,30000,11000,0,11000,66590
5258,虹堡            ,136000,70000,66000,0,0,0,0,0,0,0,0,0,0,0,0,0,66000
05553P,智原群益96售01  ,0,0,0,0,0,0,0,0,0,66000,0,0,0,66000,0,66000,66000
05618P,聯發科元富96售02,0,0,0,0,0,0,0,0,0,66000,0,0,0,75000,9000,66000,66000
045142,聯茂兆豐93購02  ,0,0,0,0,0,0,0,0,0,66000,0,0,0,67000,1000,66000,66000
046843,上銀永豐93購01  ,0,0,0,0,0,0,0,0,0,66000,0,0,0,100000,34000,66000,66000
046240,中鋼中信94購01  ,0,0,0,0,0,0,0,0,0,66000,0,0,0,66000,0,66000,66000
047020,智邦元大93購04  ,0,0,0,0,0,0,0,0,0,66000,0,0,0,66000,0,66000,66000
03827P,矽創國票94售01  ,0,0,0,0,0,0,0,0,0,66000,0,0,0,66000,0,66000,66000
04213P,台光電凱基93售11,0,0,0,0,0,0,0,0,0,66000,0,0,0,66000,0,66000,66000
047445,創意元大93購04  ,0,0,0,0,0,0,0,0,0,66000,0,0,0,66000,0,66000,66000
049477,泰鼎永豐94購01  ,0,0,0,0,0,0,0,0,0,66000,0,0,0,74000,8000,66000,66000
049914,瑞昱元大94購06  ,0,0,0,0,0,0,0,0,0,66000,0,0,0,70000,4000,66000,66000
048337,致茂元大93購04  ,0,0,0,0,0,0,0,0,0,66000,0,0,0,66000,0,66000,66000
05395P,旺宏元大96售06  ,0,0,0,0,0,0,0,0,0,66000,0,0,0,66000,0,66000,66000
053742,創意國票97購01  ,0,0,0,0,0,0,0,0,0,66000,0,0,0,66000,0,66000,66000
053893,京鼎群益97購02  ,0,0,0,0,0,0,0,0,0,66000,0,0,0,66000,0,66000,66000
053502,智伸科兆豐97購01,0,0,0,0,0,0,0,0,0,66000,0,0,0,66000,0,66000,66000
053415,聯茂國票97購01  ,0,0,0,0,0,0,0,0,0,66000,0,0,0,66000,0,66000,66000
053376,鴻海元大96購19  ,0,0,0,0,0,0,0,0,0,66000,0,0,0,91000,25000,66000,66000
051797,卜蜂永豐95購01  ,0,0,0,0,0,0,0,0,0,66000,0,0,0,66000,0,66000,66000
05718P,國巨元大96售09  ,0,0,0,0,0,0,0,0,0,65000,0,0,0,65000,0,65000,65000
055748,GIS元富97購01   ,0,0,0,0,0,0,0,0,0,65000,0,0,0,68000,3000,65000,65000
054952,大毅元大97購02  ,0,0,0,0,0,0,0,0,0,65000,0,0,0,216000,151000,65000,65000
055141,牧德永豐98購02  ,0,0,0,0,0,0,0,0,0,65000,0,0,0,75000,10000,65000,65000
2882A,國泰特          ,0,0,0,0,0,0,0,0,0,65000,65000,0,65000,0,0,0,65000
06101P,聯發科日盛97售03,0,0,0,0,0,0,0,0,0,65000,0,0,0,79000,14000,65000,65000
06006P,欣興永豐96售04  ,0,0,0,0,0,0,0,0,0,65000,0,0,0,65000,0,65000,65000
047182,智邦元大93購07  ,0,0,0,0,0,0,0,0,0,65000,0,0,0,65000,0,65000,65000
044125,美律凱基93購01  ,0,0,0,0,0,0,0,0,0,65000,0,0,0,65000,0,65000,65000
044182,鴻海元富92購01  ,0,0,0,0,0,0,0,0,0,65000,0,0,0,65000,0,65000,65000
050343,鴻海元富94購01  ,0,0,0,0,0,0,0,0,0,65000,0,0,0,75000,10000,65000,65000
046205,明基材凱基93購01,0,0,0,0,0,0,0,0,0,65000,0,0,0,80000,15000,65000,65000
048358,嘉晶永豐93購03  ,0,0,0,0,0,0,0,0,0,65000,0,0,0,65000,0,65000,65000
049853,上海銀群益94購02,0,0,0,0,0,0,0,0,0,65000,0,0,0,119000,54000,65000,65000
048403,聯發科群益93購10,0,0,0,0,0,0,0,0,0,65000,0,0,0,75000,10000,65000,65000
048485,泰鼎國泰94購02  ,0,0,0,0,0,0,0,0,0,65000,0,0,0,65000,0,65000,65000
048114,景碩群益93購02  ,0,0,0,0,0,0,0,0,0,65000,0,0,0,102000,37000,65000,65000
049327,台郡元富94購01  ,0,0,0,0,0,0,0,0,0,65000,0,0,0,65000,0,65000,65000
047721,GIS凱基93購04   ,0,0,0,0,0,0,0,0,0,65000,0,0,0,150000,85000,65000,65000
051355,聯發科元大96購01,0,0,0,0,0,0,0,0,0,65000,0,0,0,120000,55000,65000,65000
051959,台郡台新95購03  ,0,0,0,0,0,0,0,0,0,65000,0,0,0,65000,0,65000,65000
3653,健策            ,523000,179000,344000,0,0,0,200000,477000,-277000,-3000,10000,51000,-41000,98000,60000,38000,64000
05909P,康友元富96售02  ,0,0,0,0,0,0,0,0,0,64000,0,0,0,64000,0,64000,64000
046184,台光電凱基93購08,0,0,0,0,0,0,0,0,0,64000,0,0,0,124000,60000,64000,64000
047003,鴻海統一93購05  ,0,0,0,0,0,0,0,0,0,64000,0,0,0,64000,0,64000,64000
046497,鴻海元大92購17  ,0,0,0,0,0,0,0,0,0,64000,0,0,0,92000,28000,64000,64000
046722,智邦元大93購02  ,0,0,0,0,0,0,0,0,0,64000,0,0,0,72000,8000,64000,64000
04429P,和鑫元大94售01  ,0,0,0,0,0,0,0,0,0,64000,0,0,0,64000,0,64000,64000
00692,富邦公司治理    ,0,0,0,0,0,0,0,0,0,64000,0,0,0,1530000,1466000,64000,64000
049752,上緯控永豐94購02,0,0,0,0,0,0,0,0,0,64000,0,0,0,64000,0,64000,64000
049167,元油2X凱基97購03,0,0,0,0,0,0,0,0,0,64000,0,0,0,84000,20000,64000,64000
048894,光罩國泰94購01  ,0,0,0,0,0,0,0,0,0,64000,0,0,0,232000,168000,64000,64000
04805P,創意元富94售01  ,0,0,0,0,0,0,0,0,0,64000,0,0,0,64000,0,64000,64000
047638,瑞昱元大93購11  ,0,0,0,0,0,0,0,0,0,64000,0,0,0,64000,0,64000,64000
04793P,台光電元大94售07,0,0,0,0,0,0,0,0,0,64000,0,0,0,64000,0,64000,64000
051624,智邦麥證95購02  ,0,0,0,75000,10000,65000,0,0,0,64000,0,0,0,75000,11000,64000,64000
053267,華新科群益96購02,0,0,0,0,0,0,0,0,0,64000,0,0,0,106000,42000,64000,64000
05925P,晶技永豐96售03  ,0,0,0,0,0,0,0,0,0,63000,0,0,0,63000,0,63000,63000
055804,祥碩永豐97購02  ,0,0,0,0,0,0,0,0,0,63000,0,0,0,306000,243000,63000,63000
055032,億光富邦99購01  ,0,0,0,0,0,0,0,0,0,63000,0,0,0,110000,47000,63000,63000
054793,牧德群益9A購01  ,0,0,0,0,0,0,0,0,0,63000,0,0,0,76000,13000,63000,63000
3504,揚明光          ,80000,19000,61000,0,0,0,2000,0,2000,0,0,0,0,0,0,0,63000
06284P,台積電國票98售03,0,0,0,0,0,0,0,0,0,63000,0,0,0,63000,0,63000,63000
03581P,台積電群益03售04,0,0,0,0,0,0,0,0,0,63000,0,0,0,63000,0,63000,63000
047305,卜蜂元大93購02  ,0,0,0,0,0,0,0,0,0,63000,0,0,0,63000,0,63000,63000
048653,巨大元大96購02  ,0,0,0,0,0,0,0,0,0,63000,0,0,0,69000,6000,63000,63000
048243,儒鴻兆豐94購01  ,0,0,0,0,0,0,0,0,0,63000,0,0,0,63000,0,63000,63000
050165,泰鼎國泰95購02  ,0,0,0,0,0,0,0,0,0,63000,0,0,0,63000,0,63000,63000
050215,TPK台新96購01   ,0,0,0,0,0,0,0,0,0,63000,0,0,0,63000,0,63000,63000
048782,亞泥元大94購01  ,0,0,0,0,0,0,0,0,0,63000,0,0,0,63000,0,63000,63000
049744,亞德客永豐94購01,0,0,0,0,0,0,0,0,0,63000,0,0,0,80000,17000,63000,63000
051467,GIS富邦96購01   ,0,0,0,0,0,0,0,0,0,63000,0,0,0,191000,128000,63000,63000
051256,中磊元大95購01  ,0,0,0,0,0,0,0,0,0,63000,0,0,0,106000,43000,63000,63000
05390P,康友群益95售04  ,0,0,0,0,0,0,0,0,0,63000,0,0,0,63000,0,63000,63000
054881,光罩統一97購01  ,0,0,0,0,0,0,0,0,0,62000,0,0,0,175000,113000,62000,62000
055045,台肥永豐97購01  ,0,0,0,0,0,0,0,0,0,62000,0,0,0,62000,0,62000,62000
05641P,貿聯元富96售02  ,0,0,0,0,0,0,0,0,0,62000,0,0,0,63000,1000,62000,62000
047138,智伸科凱基93購04,0,0,0,0,0,0,0,0,0,62000,0,0,0,109000,47000,62000,62000
044205,聯茂亞東92購01  ,0,0,0,0,0,0,0,0,0,62000,0,0,0,62000,0,62000,62000
044013,友達凱基93購01  ,0,0,0,0,0,0,0,0,0,62000,0,0,0,64000,2000,62000,62000
046123,嘉澤元大92購02  ,0,0,0,0,0,0,0,0,0,62000,0,0,0,62000,0,62000,62000
046403,技嘉元大92購01  ,0,0,0,0,0,0,0,0,0,62000,0,0,0,67000,5000,62000,62000
046446,技嘉麥證92購01  ,0,0,0,62000,0,62000,0,0,0,62000,0,0,0,62000,0,62000,62000
051360,緯創元大95購03  ,0,0,0,0,0,0,0,0,0,62000,0,0,0,122000,60000,62000,62000
051058,景碩群益96購01  ,0,0,0,0,0,0,0,0,0,62000,0,0,0,64000,2000,62000,62000
049466,創意台新94購01  ,0,0,0,0,0,0,0,0,0,62000,0,0,0,62000,0,62000,62000
049542,鴻海群益94購05  ,0,0,0,0,0,0,0,0,0,62000,0,0,0,62000,0,62000,62000
050902,南電元大96購01  ,0,0,0,0,0,0,0,0,0,62000,0,0,0,62000,0,62000,62000
053863,聯發科元大96購18,0,0,0,0,0,0,0,0,0,62000,0,0,0,280000,218000,62000,62000
053382,友達元大9C購02  ,0,0,0,0,0,0,0,0,0,62000,0,0,0,71000,9000,62000,62000
054196,台光電國泰97購02,0,0,0,0,0,0,0,0,0,62000,0,0,0,62000,0,62000,62000
054445,技嘉兆豐96購01  ,0,0,0,0,0,0,0,0,0,62000,0,0,0,67000,5000,62000,62000
051907,台積電元大97購05,0,0,0,0,0,0,0,0,0,62000,0,0,0,138000,76000,62000,62000
05621P,聯電中信96售01  ,0,0,0,0,0,0,0,0,0,61000,0,0,0,61000,0,61000,61000
054887,大毅統一98購01  ,0,0,0,0,0,0,0,0,0,61000,0,0,0,61000,0,61000,61000
054812,鴻海元大97購08  ,0,0,0,0,0,0,0,0,0,61000,0,0,0,211000,150000,61000,61000
6477,安集            ,68000,7000,61000,0,0,0,0,0,0,0,0,0,0,0,0,0,61000
046352,智邦群益92購02  ,0,0,0,0,0,0,0,0,0,61000,0,0,0,61000,0,61000,61000
046748,喬山凱基93購01  ,0,0,0,0,0,0,0,0,0,61000,0,0,0,61000,0,61000,61000
042909,順德元大94購01  ,0,0,0,0,0,0,0,0,0,61000,0,0,0,61000,0,61000,61000
04311P,奇力新統一95售01,0,0,0,0,0,0,0,0,0,61000,0,0,0,61000,0,61000,61000
045001,旺宏富邦94購01  ,0,0,0,0,0,0,0,0,0,61000,0,0,0,71000,10000,61000,61000
047443,智原元大94購01  ,0,0,0,0,0,0,0,0,0,61000,0,0,0,61000,0,61000,61000
051199,鴻海麥證95購03  ,0,0,0,61000,0,61000,0,0,0,61000,0,0,0,61000,0,61000,61000
051610,GIS群益95購02   ,0,0,0,0,0,0,0,0,0,61000,0,0,0,61000,0,61000,61000
051528,亞泥國票96購01  ,0,0,0,0,0,0,0,0,0,61000,0,0,0,66000,5000,61000,61000
051854,鴻海麥證95購04  ,0,0,0,61000,0,61000,0,0,0,61000,0,0,0,61000,0,61000,61000
052611,力成元大96購02  ,0,0,0,0,0,0,0,0,0,61000,0,0,0,65000,4000,61000,61000
054063,聯茂國票97購02  ,0,0,0,0,0,0,0,0,0,61000,0,0,0,63000,2000,61000,61000
2923,鼎固-KY         ,65000,5000,60000,0,0,0,0,0,0,0,0,0,0,0,0,0,60000
08679P,台灣50元大01售15,0,0,0,0,0,0,0,0,0,60000,0,0,0,60000,0,60000,60000
2351,順德            ,87000,20000,67000,0,0,0,0,0,0,-7000,5000,0,5000,0,12000,-12000,60000
054880,華泰統一97購01  ,0,0,0,0,0,0,0,0,0,60000,0,0,0,60000,0,60000,60000
055002,群創元富99購04  ,0,0,0,0,0,0,0,0,0,60000,0,0,0,70000,10000,60000,60000
05520P,聯詠凱基96售01  ,0,0,0,0,0,0,0,0,0,60000,0,0,0,60000,0,60000,60000
05913P,國巨元大96售11  ,0,0,0,0,0,0,0,0,0,60000,0,0,0,60000,0,60000,60000
055787,聯茂凱基99購01  ,0,0,0,0,0,0,0,0,0,60000,0,0,0,130000,70000,60000,60000
047409,寶成統一93購01  ,0,0,0,0,0,0,0,0,0,60000,0,0,0,60000,0,60000,60000
04576P,上海銀統一94售04,0,0,0,0,0,0,0,0,0,60000,0,0,0,60000,0,60000,60000
044373,台積電兆豐92購01,0,0,0,0,0,0,0,0,0,60000,0,0,0,60000,0,60000,60000
042196,元油2X元大93購02,0,0,0,0,0,0,0,0,0,60000,0,0,0,60000,0,60000,60000
04260P,亞德客群益93售01,0,0,0,0,0,0,0,0,0,60000,0,0,0,65000,5000,60000,60000
042796,永冠元大93購01  ,0,0,0,0,0,0,0,0,0,60000,0,0,0,60000,0,60000,60000
041978,貿聯中信93購01  ,0,0,0,0,0,0,0,0,0,60000,0,0,0,60000,0,60000,60000
046729,智伸科元大93購01,0,0,0,0,0,0,0,0,0,60000,0,0,0,60000,0,60000,60000
047038,亞光群益93購01  ,0,0,0,0,0,0,0,0,0,60000,0,0,0,60000,0,60000,60000
04594P,緯穎元大94售04  ,0,0,0,0,0,0,0,0,0,60000,0,0,0,60000,0,60000,60000
045277,瑞儀統一92購01  ,0,0,0,0,0,0,0,0,0,60000,0,0,0,60000,0,60000,60000
045366,富邦金兆豐92購01,0,0,0,0,0,0,0,0,0,60000,0,0,0,60000,0,60000,60000
045378,智邦元大92購04  ,0,0,0,0,0,0,0,0,0,60000,0,0,0,60000,0,60000,60000
045134,嘉晶國票92購01  ,0,0,0,0,0,0,0,0,0,60000,0,0,0,140000,80000,60000,60000
045664,元油2X元富96購01,0,0,0,0,0,0,0,0,0,60000,0,0,0,60000,0,60000,60000
045501,國泰金凱基92購01,0,0,0,0,0,0,0,0,0,60000,0,0,0,62000,2000,60000,60000
046938,致茂元大93購02  ,0,0,0,0,0,0,0,0,0,60000,0,0,0,60000,0,60000,60000
046290,儒鴻統一93購01  ,0,0,0,0,0,0,0,0,0,60000,0,0,0,60000,0,60000,60000
046206,為升國泰93購01  ,0,0,0,0,0,0,0,0,0,60000,0,0,0,110000,50000,60000,60000
04666P,臺股指國票94售05,0,0,0,0,0,0,0,0,0,60000,0,0,0,60000,0,60000,60000
050342,華通元富94購02  ,0,0,0,0,0,0,0,0,0,60000,0,0,0,90000,30000,60000,60000
050007,貿聯永豐94購01  ,0,0,0,0,0,0,0,0,0,60000,0,0,0,125000,65000,60000,60000
051219,大立光元富95購07,0,0,0,0,0,0,0,0,0,60000,0,0,0,60000,0,60000,60000
051050,鴻海群益95購03  ,0,0,0,0,0,0,0,0,0,60000,0,0,0,60000,0,60000,60000
051051,鴻海群益95購04  ,0,0,0,0,0,0,0,0,0,60000,0,0,0,274000,214000,60000,60000
049488,智邦元大95購01  ,0,0,0,0,0,0,0,0,0,60000,0,0,0,61000,1000,60000,60000
049506,可成日盛94購02  ,0,0,0,0,0,0,0,0,0,60000,0,0,0,60000,0,60000,60000
049296,義隆群益96購01  ,0,0,0,0,0,0,0,0,0,60000,0,0,0,146000,86000,60000,60000
049370,可成元大94購03  ,0,0,0,0,0,0,0,0,0,60000,0,0,0,66000,6000,60000,60000
048670,華新科永豐93購03,0,0,0,0,0,0,0,0,0,60000,0,0,0,62000,2000,60000,60000
048797,美律國泰95購02  ,0,0,0,0,0,0,0,0,0,60000,0,0,0,60000,0,60000,60000
048937,玉晶光永豐95購01,0,0,0,0,0,0,0,0,0,60000,0,0,0,101000,41000,60000,60000
050376,百和元大95購01  ,0,0,0,0,0,0,0,0,0,60000,0,0,0,80000,20000,60000,60000
050470,智邦台新94購01  ,0,0,0,0,0,0,0,0,0,60000,0,0,0,60000,0,60000,60000
048038,樺漢凱基93購03  ,0,0,0,0,0,0,0,0,0,60000,0,0,0,151000,91000,60000,60000
048001,中工元大96購01  ,0,0,0,0,0,0,0,0,0,60000,0,0,0,63000,3000,60000,60000
048268,長榮航中信95購01,0,0,0,0,0,0,0,0,0,60000,0,0,0,60000,0,60000,60000
05021P,瑞昱凱基95售01  ,0,0,0,0,0,0,0,0,0,60000,0,0,0,60000,0,60000,60000
048948,巨路永豐94購01  ,0,0,0,0,0,0,0,0,0,60000,0,0,0,60000,0,60000,60000
049625,智易群益95購01  ,0,0,0,0,0,0,0,0,0,60000,0,0,0,60000,0,60000,60000
050566,高股息中信97購02,0,0,0,0,0,0,0,0,0,60000,0,0,0,60000,0,60000,60000
054020,技嘉台新97購01  ,0,0,0,0,0,0,0,0,0,60000,0,0,0,60000,0,60000,60000
054155,美律第一96購01  ,0,0,0,0,0,0,0,0,0,60000,0,0,0,60000,0,60000,60000
054496,為升永豐96購01  ,0,0,0,0,0,0,0,0,0,60000,0,0,0,89000,29000,60000,60000
05439P,聯發科國票95售06,0,0,0,0,0,0,0,0,0,60000,0,0,0,60000,0,60000,60000
053408,友達兆豐98購01  ,0,0,0,0,0,0,0,0,0,60000,0,0,0,61000,1000,60000,60000
053256,上銀富邦98購01  ,0,0,0,0,0,0,0,0,0,60000,0,0,0,218000,158000,60000,60000
053854,聯茂國泰97購02  ,0,0,0,0,0,0,0,0,0,60000,0,0,0,60000,0,60000,60000
053526,正崴中信96購01  ,0,0,0,0,0,0,0,0,0,60000,0,0,0,60000,0,60000,60000
05303P,華通國泰97售01  ,0,0,0,0,0,0,0,0,0,60000,0,0,0,77000,17000,60000,60000
051881,上証2X永豐95購02,0,0,0,0,0,0,0,0,0,60000,0,0,0,60000,0,60000,60000
051665,台積電元大96購07,0,0,0,0,0,0,0,0,0,60000,0,0,0,60000,0,60000,60000
051977,泰碩凱基95購01  ,0,0,0,0,0,0,0,0,0,60000,0,0,0,60000,0,60000,60000
051989,華固元大95購02  ,0,0,0,0,0,0,0,0,0,60000,0,0,0,60000,0,60000,60000
052004,泰碩國泰97購03  ,0,0,0,0,0,0,0,0,0,60000,0,0,0,60000,0,60000,60000
05571P,大立光統一96售03,0,0,0,0,0,0,0,0,0,59000,0,0,0,59000,0,59000,59000
05631P,國巨富邦9A售01  ,0,0,0,0,0,0,0,0,0,59000,0,0,0,65000,6000,59000,59000
055415,禾伸堂富邦9B購01,0,0,0,0,0,0,0,0,0,59000,0,0,0,109000,50000,59000,59000
054749,聯茂凱基98購01  ,0,0,0,0,0,0,0,0,0,59000,0,0,0,59000,0,59000,59000
1714,和桐            ,280000,221000,59000,0,0,0,0,0,0,0,0,0,0,0,0,0,59000
06127P,泰碩元富97售01  ,0,0,0,0,0,0,0,0,0,59000,0,0,0,61000,2000,59000,59000
050307,欣興中信95購01  ,0,0,0,0,0,0,0,0,0,59000,0,0,0,89000,30000,59000,59000
046694,智邦凱基93購01  ,0,0,0,0,0,0,0,0,0,59000,0,0,0,63000,4000,59000,59000
045685,康控元大95購01  ,0,0,0,0,0,0,0,0,0,59000,0,0,0,59000,0,59000,59000
045971,智伸科凱基92購01,0,0,0,0,0,0,0,0,0,59000,0,0,0,59000,0,59000,59000
04162P,南亞科統一94售02,0,0,0,0,0,0,0,0,0,59000,0,0,0,59000,0,59000,59000
044876,同欣電統一91購01,0,0,0,0,0,0,0,0,0,59000,0,0,0,59000,0,59000,59000
04392P,牧德凱基94售05  ,0,0,0,0,0,0,0,0,0,59000,0,0,0,59000,0,59000,59000
050445,鴻海元大94購21  ,0,0,0,0,0,0,0,0,0,59000,0,0,0,207000,148000,59000,59000
050899,旭富元大95購01  ,0,0,0,0,0,0,0,0,0,59000,0,0,0,65000,6000,59000,59000
048689,台光電群益94購01,0,0,0,0,0,0,0,0,0,59000,0,0,0,64000,5000,59000,59000
048743,美利達統一94購01,0,0,0,0,0,0,0,0,0,59000,0,0,0,65000,6000,59000,59000
051089,旺宏元大96購04  ,0,0,0,0,0,0,0,0,0,59000,0,0,0,81000,22000,59000,59000
051782,昇陽半群益95購01,0,0,0,0,0,0,0,0,0,59000,0,0,0,59000,0,59000,59000
053597,牧德元大99購01  ,0,0,0,0,0,0,0,0,0,59000,0,0,0,59000,0,59000,59000
054411,光磊元大97購02  ,0,0,0,0,0,0,0,0,0,59000,0,0,0,59000,0,59000,59000
054254,晶豪科元大96購02,0,0,0,0,0,0,0,0,0,59000,0,0,0,136000,77000,59000,59000
05758P,光罩永豐96售02  ,0,0,0,0,0,0,0,0,0,58000,0,0,0,58000,0,58000,58000
055578,群創統一98購03  ,0,0,0,0,0,0,0,0,0,58000,0,0,0,58000,0,58000,58000
044402,景碩凱基93購01  ,0,0,0,0,0,0,0,0,0,58000,0,0,0,67000,9000,58000,58000
04714P,上海銀元大94售01,0,0,0,0,0,0,0,0,0,58000,0,0,0,58000,0,58000,58000
04117P,聯發科元大93售21,0,0,0,0,0,0,0,0,0,58000,0,0,0,58000,0,58000,58000
045376,友訊元大93購01  ,0,0,0,0,0,0,0,0,0,58000,0,0,0,58000,0,58000,58000
045136,台肥兆豐92購01  ,0,0,0,0,0,0,0,0,0,58000,0,0,0,58000,0,58000,58000
046172,美律永豐92購01  ,0,0,0,0,0,0,0,0,0,58000,0,0,0,63000,5000,58000,58000
050092,鴻海永豐94購04  ,0,0,0,0,0,0,0,0,0,58000,0,0,0,116000,58000,58000,58000
047772,泰鼎元大93購05  ,0,0,0,0,0,0,0,0,0,58000,0,0,0,70000,12000,58000,58000
049198,聯鈞永豐94購01  ,0,0,0,0,0,0,0,0,0,58000,0,0,0,71000,13000,58000,58000
049491,聯發科元大95購01,0,0,0,0,0,0,0,0,0,58000,0,0,0,60000,2000,58000,58000
049242,佳世達元富96購01,0,0,0,0,0,0,0,0,0,58000,0,0,0,59000,1000,58000,58000
049800,瑞昱元大94購05  ,0,0,0,0,0,0,0,0,0,58000,0,0,0,73000,15000,58000,58000
05089P,亞德客元大95售01,0,0,0,0,0,0,0,0,0,58000,0,0,0,100000,42000,58000,58000
049030,凌華群益94購01  ,0,0,0,0,0,0,0,0,0,58000,0,0,0,138000,80000,58000,58000
047488,臺股指凱基93購04,0,0,0,0,0,0,0,0,0,58000,0,0,0,58000,0,58000,58000
050643,為升凱基94購08  ,0,0,0,0,0,0,0,0,0,58000,0,0,0,58000,0,58000,58000
054007,貿聯統一96購01  ,0,0,0,0,0,0,0,0,0,58000,0,0,0,59000,1000,58000,58000
054079,鴻海中信98購02  ,0,0,0,0,0,0,0,0,0,58000,0,0,0,68000,10000,58000,58000
054588,玉晶光國泰99購02,0,0,0,0,0,0,0,0,0,58000,0,0,0,68000,10000,58000,58000
053694,創意元大96購03  ,0,0,0,0,0,0,0,0,0,58000,0,0,0,85000,27000,58000,58000
051703,台積電群益95購04,0,0,0,0,0,0,0,0,0,58000,0,0,0,145000,87000,58000,58000
051600,新日興兆豐96購02,0,0,0,0,0,0,0,0,0,58000,0,0,0,60000,2000,58000,58000
051616,鴻海凱基96購08  ,0,0,0,0,0,0,0,0,0,58000,0,0,0,60000,2000,58000,58000
052521,友達元大9B購01  ,0,0,0,0,0,0,0,0,0,58000,0,0,0,60000,2000,58000,58000
06273P,台表科凱基97售04,0,0,0,0,0,0,0,0,0,57000,0,0,0,57000,0,57000,57000
050135,禾伸堂兆豐95購01,0,0,0,0,0,0,0,0,0,57000,0,0,0,60000,3000,57000,57000
046306,瑞昱元大92購02  ,0,0,0,0,0,0,0,0,0,57000,0,0,0,57000,0,57000,57000
046794,智伸科元富93購01,0,0,0,0,0,0,0,0,0,57000,0,0,0,67000,10000,57000,57000
048987,崇越元大94購01  ,0,0,0,0,0,0,0,0,0,57000,0,0,0,57000,0,57000,57000
049243,佳世達元富96購02,0,0,0,0,0,0,0,0,0,57000,0,0,0,58000,1000,57000,57000
04977P,力成凱基96售01  ,0,0,0,0,0,0,0,0,0,57000,0,0,0,57000,0,57000,57000
048769,聯鈞凱基94購01  ,0,0,0,0,0,0,0,0,0,57000,0,0,0,88000,31000,57000,57000
05110P,上銀統一95售01  ,0,0,0,0,0,0,0,0,0,57000,0,0,0,434000,377000,57000,57000
051160,亞德客元大95購02,0,0,0,0,0,0,0,0,0,57000,0,0,0,94000,37000,57000,57000
051330,宏碁永豐95購01  ,0,0,0,0,0,0,0,0,0,57000,0,0,0,57000,0,57000,57000
052005,矽力國泰97購02  ,0,0,0,0,0,0,0,0,0,57000,0,0,0,69000,12000,57000,57000
054324,美律台新97購01  ,0,0,0,0,0,0,0,0,0,57000,0,0,0,57000,0,57000,57000
055631,創意永豐98購01  ,0,0,0,0,0,0,0,0,0,56000,0,0,0,95000,39000,56000,56000
045068,台光電元大92購05,0,0,0,0,0,0,0,0,0,56000,0,0,0,56000,0,56000,56000
046307,瑞昱元大92購03  ,0,0,0,0,0,0,0,0,0,56000,0,0,0,56000,0,56000,56000
045671,鴻海元大92購10  ,0,0,0,0,0,0,0,0,0,56000,0,0,0,57000,1000,56000,56000
046183,瑞昱凱基92購02  ,0,0,0,0,0,0,0,0,0,56000,0,0,0,58000,2000,56000,56000
046696,可成凱基93購02  ,0,0,0,0,0,0,0,0,0,56000,0,0,0,59000,3000,56000,56000
04428P,台光電元大94售02,0,0,0,0,0,0,0,0,0,56000,0,0,0,56000,0,56000,56000
049288,聯茂兆豐95購02  ,0,0,0,0,0,0,0,0,0,56000,0,0,0,56000,0,56000,56000
049539,元油2X群益9A購01,0,0,0,0,0,0,0,0,0,56000,0,0,0,63000,7000,56000,56000
050188,貿聯元大96購01  ,0,0,0,0,0,0,0,0,0,56000,0,0,0,56000,0,56000,56000
047637,旺宏元大94購03  ,0,0,0,0,0,0,0,0,0,56000,0,0,0,77000,21000,56000,56000
053425,京鼎永豐96購01  ,0,0,0,0,0,0,0,0,0,56000,0,0,0,56000,0,56000,56000
053482,矽力元大96購03  ,0,0,0,0,0,0,0,0,0,56000,0,0,0,56000,0,56000,56000
055734,奇力新元富97購02,0,0,0,0,0,0,0,0,0,55000,0,0,0,55000,0,55000,55000
044016,義隆凱基93購01  ,0,0,0,0,0,0,0,0,0,55000,0,0,0,55000,0,55000,55000
042912,凌陽元大94購01  ,0,0,0,0,0,0,0,0,0,55000,0,0,0,55000,0,55000,55000
043442,大立光台新01購01,0,0,0,0,0,0,0,0,0,55000,0,0,0,55000,0,55000,55000
044904,聯詠凱基91購04  ,0,0,0,0,0,0,0,0,0,55000,0,0,0,55000,0,55000,55000
04003P,麗豐凱基94售03  ,0,0,0,0,0,0,0,0,0,55000,0,0,0,58000,3000,55000,55000
04253P,聯發科元富93售01,0,0,0,0,0,0,0,0,0,55000,0,0,0,55000,0,55000,55000
044457,滬深2X國票97購01,0,0,0,0,0,0,0,0,0,55000,0,0,0,205000,150000,55000,55000
046659,瑞昱元大93購02  ,0,0,0,0,0,0,0,0,0,55000,0,0,0,56000,1000,55000,55000
046322,群創元大92購08  ,0,0,0,0,0,0,0,0,0,55000,0,0,0,55000,0,55000,55000
050232,奇鋐麥證95購01  ,0,0,0,55000,0,55000,0,0,0,55000,0,0,0,55000,0,55000,55000
04765P,宏達電永豐94售02,0,0,0,0,0,0,0,0,0,55000,0,0,0,55000,0,55000,55000
047941,義隆國票94購02  ,0,0,0,0,0,0,0,0,0,55000,0,0,0,110000,55000,55000,55000
048471,旭富永豐93購01  ,0,0,0,0,0,0,0,0,0,55000,0,0,0,55000,0,55000,55000
050174,技嘉元大94購01  ,0,0,0,0,0,0,0,0,0,55000,0,0,0,73000,18000,55000,55000
050975,楠梓電統一95購01,0,0,0,0,0,0,0,0,0,55000,0,0,0,55000,0,55000,55000
048555,技嘉元大93購02  ,0,0,0,0,0,0,0,0,0,55000,0,0,0,71000,16000,55000,55000
053630,奇鋐兆豐97購01  ,0,0,0,0,0,0,0,0,0,55000,0,0,0,55000,0,55000,55000
053884,緯穎第一96購01  ,0,0,0,0,0,0,0,0,0,55000,0,0,0,80000,25000,55000,55000
053992,中環群益96購01  ,0,0,0,0,0,0,0,0,0,55000,0,0,0,55000,0,55000,55000
051976,淘帝凱基95購01  ,0,0,0,0,0,0,0,0,0,55000,0,0,0,55000,0,55000,55000
051666,旺宏元大96購05  ,0,0,0,0,0,0,0,0,0,55000,0,0,0,55000,0,55000,55000
051866,聯發科凱基96購05,0,0,0,0,0,0,0,0,0,55000,0,0,0,80000,25000,55000,55000
055632,群創永豐98購01  ,0,0,0,0,0,0,0,0,0,54000,0,0,0,54000,0,54000,54000
05805P,義隆永豐96售02  ,0,0,0,0,0,0,0,0,0,54000,0,0,0,54000,0,54000,54000
05607P,華通日盛96售01  ,0,0,0,0,0,0,0,0,0,54000,0,0,0,54000,0,54000,54000
06172P,台虹永豐97售02  ,0,0,0,0,0,0,0,0,0,54000,0,0,0,64000,10000,54000,54000
05973P,聯詠元大96售06  ,0,0,0,0,0,0,0,0,0,54000,0,0,0,54000,0,54000,54000
4956,光鋐            ,56000,2000,54000,0,0,0,0,0,0,0,0,0,0,0,0,0,54000
050344,鴻海元富96購01  ,0,0,0,0,0,0,0,0,0,54000,0,0,0,64000,10000,54000,54000
046487,鴻海永昌92購01  ,0,0,0,0,0,0,0,0,0,54000,0,0,0,99000,45000,54000,54000
035274,華新台新97購01  ,0,0,0,0,0,0,0,0,0,54000,0,0,0,55000,1000,54000,54000
042445,上証2X凱基92購04,0,0,0,0,0,0,0,0,0,54000,0,0,0,54000,0,54000,54000
044611,正崴兆豐92購01  ,0,0,0,0,0,0,0,0,0,54000,0,0,0,54000,0,54000,54000
04163P,可成統一93售03  ,0,0,0,0,0,0,0,0,0,54000,0,0,0,68000,14000,54000,54000
047368,南電群益93購01  ,0,0,0,0,0,0,0,0,0,54000,0,0,0,54000,0,54000,54000
051108,鴻海統一96購02  ,0,0,0,0,0,0,0,0,0,54000,0,0,0,57000,3000,54000,54000
051098,矽格元大95購01  ,0,0,0,0,0,0,0,0,0,54000,0,0,0,54000,0,54000,54000
050446,鴻海元大94購22  ,0,0,0,0,0,0,0,0,0,54000,0,0,0,81000,27000,54000,54000
051578,智邦元大96購01  ,0,0,0,0,0,0,0,0,0,54000,0,0,0,83000,29000,54000,54000
052079,康友元富98購01  ,0,0,0,0,0,0,0,0,0,54000,0,0,0,65000,11000,54000,54000
053045,國巨中信97購01  ,0,0,0,0,0,0,0,0,0,54000,0,0,0,54000,0,54000,54000
054397,創意永豐96購05  ,0,0,0,0,0,0,0,0,0,54000,0,0,0,54000,0,54000,54000
054364,智伸科凱基96購01,0,0,0,0,0,0,0,0,0,54000,0,0,0,72000,18000,54000,54000
054673,京鼎國泰98購01  ,0,0,0,0,0,0,0,0,0,54000,0,0,0,54000,0,54000,54000
053135,信邦國票96購01  ,0,0,0,0,0,0,0,0,0,54000,0,0,0,60000,6000,54000,54000
6224,聚鼎            ,77000,29000,48000,0,0,0,11000,0,11000,-6000,0,6000,-6000,0,0,0,53000
05974P,國巨富邦97售03  ,0,0,0,0,0,0,0,0,0,53000,0,0,0,53000,0,53000,53000
055029,帆宣國泰99購01  ,0,0,0,0,0,0,0,0,0,53000,0,0,0,395000,342000,53000,53000
04421P,玉晶光永豐94售02,0,0,0,0,0,0,0,0,0,53000,0,0,0,70000,17000,53000,53000
045687,達興元大92購02  ,0,0,0,0,0,0,0,0,0,53000,0,0,0,53000,0,53000,53000
047582,滬深2X永豐95購02,5000,0,5000,0,0,0,0,0,0,48000,0,0,0,65000,17000,48000,53000
047999,聯發科元大93購22,0,0,0,0,0,0,0,0,0,53000,0,0,0,66000,13000,53000,53000
050947,聯發科群益95購01,0,0,0,0,0,0,0,0,0,53000,0,0,0,53000,0,53000,53000
050852,矽創國票95購02  ,0,0,0,0,0,0,0,0,0,53000,0,0,0,53000,0,53000,53000
051064,鴻海國票95購01  ,0,0,0,0,0,0,0,0,0,53000,0,0,0,63000,10000,53000,53000
047765,瑞昱元大93購12  ,0,0,0,0,0,0,0,0,0,53000,0,0,0,53000,0,53000,53000
048696,台達電國票96購01,0,0,0,0,0,0,0,0,0,53000,0,0,0,53000,0,53000,53000
053439,台積電凱基96購11,0,0,0,0,0,0,0,0,0,53000,0,0,0,157000,104000,53000,53000
053659,智原凱基97購01  ,0,0,0,0,0,0,0,0,0,53000,0,0,0,53000,0,53000,53000
054351,華新科國泰97購03,0,0,0,0,0,0,0,0,0,53000,0,0,0,53000,0,53000,53000
054434,友達台新96購03  ,0,0,0,0,0,0,0,0,0,53000,0,0,0,53000,0,53000,53000
054129,技嘉元大96購02  ,0,0,0,0,0,0,0,0,0,53000,0,0,0,80000,27000,53000,53000
052764,景碩群益98購01  ,0,0,0,0,0,0,0,0,0,53000,0,0,0,73000,20000,53000,53000
051882,潤泰全永豐95購01,0,0,0,0,0,0,0,0,0,53000,0,0,0,53000,0,53000,53000
05174P,元金2X富邦9B售01,0,0,0,0,0,0,0,0,0,53000,0,0,0,53000,0,53000,53000
05610P,國巨群益98售01  ,0,0,0,0,0,0,0,0,0,52000,0,0,0,52000,0,52000,52000
05893P,國巨兆豐96售04  ,0,0,0,0,0,0,0,0,0,52000,0,0,0,52000,0,52000,52000
055650,華新科元富98購01,0,0,0,0,0,0,0,0,0,52000,0,0,0,60000,8000,52000,52000
055718,可成元大97購02  ,0,0,0,0,0,0,0,0,0,52000,0,0,0,108000,56000,52000,52000
06241P,大立光元富9A售01,0,0,0,0,0,0,0,0,0,52000,0,0,0,52000,0,52000,52000
05036P,義隆元大95售03  ,0,0,0,0,0,0,0,0,0,52000,0,0,0,52000,0,52000,52000
047128,新日興日盛93購01,0,0,0,0,0,0,0,0,0,52000,0,0,0,52000,0,52000,52000
047214,啟碁富邦97購01  ,0,0,0,0,0,0,0,0,0,52000,0,0,0,52000,0,52000,52000
00660,元大歐洲50      ,0,0,0,0,0,0,0,0,0,52000,0,0,0,52000,0,52000,52000
044612,創意兆豐93購01  ,0,0,0,0,0,0,0,0,0,52000,0,0,0,52000,0,52000,52000
03821P,上海銀統一95售01,0,0,0,0,0,0,0,0,0,52000,0,0,0,52000,0,52000,52000
049570,華新科統一94購04,0,0,0,0,0,0,0,0,0,52000,0,0,0,52000,0,52000,52000
049357,微星富邦94購01  ,0,0,0,0,0,0,0,0,0,52000,0,0,0,60000,8000,52000,52000
047732,美利達群益93購01,0,0,0,0,0,0,0,0,0,52000,0,0,0,52000,0,52000,52000
049257,南亞科元大94購03,0,0,0,0,0,0,0,0,0,52000,0,0,0,53000,1000,52000,52000
05140P,台表科國票96售01,0,0,0,0,0,0,0,0,0,52000,0,0,0,52000,0,52000,52000
048665,欣興統一93購07  ,0,0,0,0,0,0,0,0,0,52000,0,0,0,133000,81000,52000,52000
050409,華通永豐94購01  ,0,0,0,0,0,0,0,0,0,52000,0,0,0,52000,0,52000,52000
054326,宏達電台新97購02,0,0,0,0,0,0,0,0,0,52000,0,0,0,52000,0,52000,52000
053524,聯電中信97購02  ,0,0,0,0,0,0,0,0,0,52000,0,0,0,52000,0,52000,52000
05975P,國巨日盛99售02  ,0,0,0,0,0,0,0,0,0,51000,0,0,0,51000,0,51000,51000
1734,杏輝            ,9000,4000,5000,0,0,0,0,0,0,46000,46000,0,46000,0,0,0,51000
8463,潤泰材          ,51000,0,51000,0,0,0,0,0,0,0,0,0,0,0,0,0,51000
4526,東台            ,51000,0,51000,0,0,0,0,0,0,0,0,0,0,0,0,0,51000
2838A,聯邦銀甲特      ,0,0,0,0,0,0,0,0,0,51000,51000,0,51000,0,0,0,51000
054942,凱美元大97購02  ,0,0,0,0,0,0,0,0,0,51000,0,0,0,336000,285000,51000,51000
05521P,創意永豐96售01  ,0,0,0,0,0,0,0,0,0,51000,0,0,0,51000,0,51000,51000
042643,智易兆豐92購01  ,0,0,0,0,0,0,0,0,0,51000,0,0,0,51000,0,51000,51000
04038P,聯茂群益93售03  ,0,0,0,0,0,0,0,0,0,51000,0,0,0,51000,0,51000,51000
04312P,聯茂統一93售02  ,0,0,0,0,0,0,0,0,0,51000,0,0,0,51000,0,51000,51000
050010,鈺齊永豐94購01  ,0,0,0,0,0,0,0,0,0,51000,0,0,0,51000,0,51000,51000
046665,智原元大93購01  ,0,0,0,0,0,0,0,0,0,51000,0,0,0,63000,12000,51000,51000
045265,和鑫凱基94購01  ,0,0,0,0,0,0,0,0,0,51000,0,0,0,51000,0,51000,51000
047908,南亞科元大93購02,0,0,0,0,0,0,0,0,0,51000,0,0,0,62000,11000,51000,51000
050939,健鼎國票96購01  ,0,0,0,0,0,0,0,0,0,51000,0,0,0,135000,84000,51000,51000
048953,佳世達康和94購01,0,0,0,0,0,0,0,0,0,51000,0,0,0,51000,0,51000,51000
051152,鴻海國泰97購01  ,0,0,0,0,0,0,0,0,0,51000,0,0,0,297000,246000,51000,51000
048923,國巨永豐94購02  ,0,0,0,0,0,0,0,0,0,51000,0,0,0,114000,63000,51000,51000
053756,亞光元富96購02  ,0,0,0,0,0,0,0,0,0,51000,0,0,0,54000,3000,51000,51000
054195,亞泥國泰98購01  ,0,0,0,0,0,0,0,0,0,51000,0,0,0,121000,70000,51000,51000
052019,創意永豐95購02  ,0,0,0,0,0,0,0,0,0,51000,0,0,0,51000,0,51000,51000
052130,國巨凱基9B購01  ,0,0,0,0,0,0,0,0,0,51000,0,0,0,56000,5000,51000,51000
053004,燿華永豐96購01  ,0,0,0,0,0,0,0,0,0,51000,0,0,0,53000,2000,51000,51000
052719,致新凱基96購01  ,0,0,0,0,0,0,0,0,0,51000,0,0,0,101000,50000,51000,51000
05241P,鴻海國泰97售04  ,0,0,0,0,0,0,0,0,0,51000,0,0,0,53000,2000,51000,51000
055375,京鼎元大97購03  ,0,0,0,0,0,0,0,0,0,50000,0,0,0,124000,74000,50000,50000
055026,健和興國泰98購01,0,0,0,0,0,0,0,0,0,50000,0,0,0,50000,0,50000,50000
054992,南亞科元富97購02,0,0,0,0,0,0,0,0,0,50000,0,0,0,50000,0,50000,50000
055716,致茂元大97購01  ,0,0,0,0,0,0,0,0,0,50000,0,0,0,84000,34000,50000,50000
055667,致茂群益98購01  ,0,0,0,0,0,0,0,0,0,50000,0,0,0,50000,0,50000,50000
055676,亞德客凱基97購03,0,0,0,0,0,0,0,0,0,50000,0,0,0,50000,0,50000,50000
055563,智易凱基97購02  ,0,0,0,0,0,0,0,0,0,50000,0,0,0,50000,0,50000,50000
055589,台光電元大98購04,0,0,0,0,0,0,0,0,0,50000,0,0,0,50000,0,50000,50000
05884P,旺宏統一96售01  ,0,0,0,0,0,0,0,0,0,50000,0,0,0,50000,0,50000,50000
05885P,牧德統一96售01  ,0,0,0,0,0,0,0,0,0,50000,0,0,0,50000,0,50000,50000
05923P,旺宏元富96售05  ,0,0,0,0,0,0,0,0,0,50000,0,0,0,50000,0,50000,50000
05948P,茂林元大96售03  ,0,0,0,0,0,0,0,0,0,50000,0,0,0,50000,0,50000,50000
05665P,台積電凱基96售08,0,0,0,0,0,0,0,0,0,50000,0,0,0,50000,0,50000,50000
2608,嘉里大榮        ,51000,1000,50000,0,0,0,0,0,0,0,0,0,0,0,0,0,50000
06213P,大立光元大98售07,0,0,0,0,0,0,0,0,0,50000,0,0,0,50000,0,50000,50000
06140P,華新科群益97售06,0,0,0,0,0,0,0,0,0,50000,0,0,0,50000,0,50000,50000
06092P,嘉聯益統一97售01,0,0,0,0,0,0,0,0,0,50000,0,0,0,50000,0,50000,50000
08582P,臺股指元大9C售30,0,0,0,0,0,0,0,0,0,50000,0,0,0,50000,0,50000,50000
08966P,臺指反元大04售07,0,0,0,0,0,0,0,0,0,50000,0,0,0,50000,0,50000,50000
045895,智伸科元大92購02,0,0,0,0,0,0,0,0,0,50000,0,0,0,50000,0,50000,50000
046040,晶睿元大92購03  ,0,0,0,0,0,0,0,0,0,50000,0,0,0,50000,0,50000,50000
046767,南茂凱基93購03  ,0,0,0,0,0,0,0,0,0,50000,0,0,0,50000,0,50000,50000
045095,緯穎元大94購02  ,0,0,0,0,0,0,0,0,0,50000,0,0,0,50000,0,50000,50000
046867,瑞昱統一93購01  ,0,0,0,0,0,0,0,0,0,50000,0,0,0,50000,0,50000,50000
046890,瑞昱群益93購02  ,0,0,0,0,0,0,0,0,0,50000,0,0,0,50000,0,50000,50000
045140,玉晶光兆豐93購02,0,0,0,0,0,0,0,0,0,50000,0,0,0,50000,0,50000,50000
045167,玉晶光富邦92購01,0,0,0,0,0,0,0,0,0,50000,0,0,0,50000,0,50000,50000
04610P,世紀鋼永豐94售03,0,0,0,0,0,0,0,0,0,50000,0,0,0,50000,0,50000,50000
046656,華邦電元大93購02,0,0,0,0,0,0,0,0,0,50000,0,0,0,50000,0,50000,50000
046940,瑞昱元大93購07  ,0,0,0,0,0,0,0,0,0,50000,0,0,0,50000,0,50000,50000
046975,元金2X永豐93購01,0,0,0,0,0,0,0,0,0,50000,0,0,0,50000,0,50000,50000
046618,南亞科凱基93購01,0,0,0,0,0,0,0,0,0,50000,0,0,0,50000,0,50000,50000
049987,智易凱基94購03  ,0,0,0,0,0,0,0,0,0,50000,0,0,0,50000,0,50000,50000
050331,鈺齊永豐94購02  ,0,0,0,0,0,0,0,0,0,50000,0,0,0,50000,0,50000,50000
044424,儒鴻國泰92購01  ,0,0,0,0,0,0,0,0,0,50000,0,0,0,50000,0,50000,50000
04325P,創意元大93售06  ,0,0,0,0,0,0,0,0,0,50000,0,0,0,50000,0,50000,50000
044055,智邦元大92購03  ,0,0,0,0,0,0,0,0,0,50000,0,0,0,50000,0,50000,50000
047216,欣興第一93購01  ,0,0,0,0,0,0,0,0,0,50000,0,0,0,50000,0,50000,50000
047191,同欣電元大93購02,0,0,0,0,0,0,0,0,0,50000,0,0,0,50000,0,50000,50000
047261,聯詠國票93購02  ,0,0,0,0,0,0,0,0,0,50000,0,0,0,50000,0,50000,50000
047374,麗豐國票93購01  ,0,0,0,0,0,0,0,0,0,50000,0,0,0,50000,0,50000,50000
04731P,臺股指中信96售03,0,0,0,0,0,0,0,0,0,50000,0,0,0,50000,0,50000,50000
047276,中工永豐93購01  ,0,0,0,0,0,0,0,0,0,50000,0,0,0,80000,30000,50000,50000
047465,滬深2X國泰94購01,0,0,0,0,0,0,0,0,0,50000,0,0,0,50000,0,50000,50000
047413,台積電永昌93購05,0,0,0,0,0,0,0,0,0,50000,0,0,0,50000,0,50000,50000
047414,智邦永昌93購01  ,0,0,0,0,0,0,0,0,0,50000,0,0,0,50000,0,50000,50000
047431,儒鴻元大93購06  ,0,0,0,0,0,0,0,0,0,50000,0,0,0,210000,160000,50000,50000
03038P,玉晶光國票02售03,0,0,0,0,0,0,0,0,0,50000,0,0,0,50000,0,50000,50000
04193P,智原永豐93售01  ,0,0,0,0,0,0,0,0,0,50000,0,0,0,50000,0,50000,50000
03066P,台積電群益01售19,0,0,0,0,0,0,0,0,0,50000,0,0,0,50000,0,50000,50000
03334P,宏達電元大02售04,0,0,0,0,0,0,0,0,0,50000,0,0,0,50000,0,50000,50000
00645,富邦日本        ,0,0,0,0,0,0,0,0,0,50000,0,0,0,110000,60000,50000,50000
020002,元富新中國N     ,0,0,0,0,0,0,0,0,0,50000,0,0,0,50000,0,50000,50000
042298,群創元大92購01  ,0,0,0,0,0,0,0,0,0,50000,0,0,0,50000,0,50000,50000
04206P,臺股指元大93售46,0,0,0,0,0,0,0,0,0,50000,0,0,0,50000,0,50000,50000
04476P,玉晶光元大94售05,0,0,0,0,0,0,0,0,0,50000,0,0,0,50000,0,50000,50000
03945P,欣興群益94售01  ,0,0,0,0,0,0,0,0,0,50000,0,0,0,50000,0,50000,50000
03350P,台積電麥證02售06,0,0,0,0,0,0,0,0,0,50000,0,0,0,50000,0,50000,50000
03680P,矽創元大92售05  ,0,0,0,0,0,0,0,0,0,50000,0,0,0,50000,0,50000,50000
03642P,上銀永豐92售02  ,0,0,0,0,0,0,0,0,0,50000,0,0,0,50000,0,50000,50000
049142,智邦元大94購01  ,0,0,0,0,0,0,0,0,0,50000,0,0,0,55000,5000,50000,50000
048597,台達電國票93購02,0,0,0,0,0,0,0,0,0,50000,0,0,0,51000,1000,50000,50000
04874P,高股息中信97售01,0,0,0,0,0,0,0,0,0,50000,0,0,0,50000,0,50000,50000
048836,牧德凱基94購03  ,0,0,0,0,0,0,0,0,0,50000,0,0,0,50000,0,50000,50000
04886P,臺股指凱基94售20,0,0,0,0,0,0,0,0,0,50000,0,0,0,50000,0,50000,50000
049423,臺股指凱基95購02,0,0,0,0,0,0,0,0,0,50000,0,0,0,60000,10000,50000,50000
051165,可成元大95購01  ,0,0,0,0,0,0,0,0,0,50000,0,0,0,100000,50000,50000,50000
051176,聯發科凱基95購07,0,0,0,0,0,0,0,0,0,50000,0,0,0,50000,0,50000,50000
051321,建準國票96購01  ,0,0,0,0,0,0,0,0,0,50000,0,0,0,50000,0,50000,50000
051324,康友國票96購01  ,0,0,0,0,0,0,0,0,0,50000,0,0,0,50000,0,50000,50000
05138P,嘉聯益凱基96售02,0,0,0,0,0,0,0,0,0,50000,0,0,0,50000,0,50000,50000
049829,裕民凱基94購01  ,0,0,0,0,0,0,0,0,0,50000,0,0,0,50000,0,50000,50000
047728,嘉聯益群益93購01,0,0,0,0,0,0,0,0,0,50000,0,0,0,50000,0,50000,50000
04772P,欣興元大94售08  ,0,0,0,0,0,0,0,0,0,50000,0,0,0,50000,0,50000,50000
047809,瑞昱凱基93購08  ,0,0,0,0,0,0,0,0,0,50000,0,0,0,53000,3000,50000,50000
047817,聯茂凱基93購08  ,0,0,0,0,0,0,0,0,0,50000,0,0,0,50000,0,50000,50000
048409,致伸群益93購05  ,0,0,0,0,0,0,0,0,0,50000,0,0,0,50000,0,50000,50000
049624,嘉澤群益94購01  ,0,0,0,0,0,0,0,0,0,50000,0,0,0,50000,0,50000,50000
050662,智易元大96購01  ,0,0,0,0,0,0,0,0,0,50000,0,0,0,50000,0,50000,50000
050768,聯發科元大94購16,0,0,0,0,0,0,0,0,0,50000,0,0,0,50000,0,50000,50000
048314,京元電凱基93購04,0,0,0,0,0,0,0,0,0,50000,0,0,0,50000,0,50000,50000
04820P,聯茂永豐94售02  ,0,0,0,0,0,0,0,0,0,50000,0,0,0,50000,0,50000,50000
048437,義隆麥證93購01  ,0,0,0,50000,0,50000,0,0,0,50000,0,0,0,50000,0,50000,50000
048022,儒鴻凱基93購04  ,0,0,0,0,0,0,0,0,0,50000,0,0,0,56000,6000,50000,50000
052469,宏碁亞東95購01  ,0,0,0,0,0,0,0,0,0,50000,0,0,0,50000,0,50000,50000
052343,同欣電凱基95購03,0,0,0,0,0,0,0,0,0,50000,0,0,0,67000,17000,50000,50000
052362,瑞昱國票96購02  ,0,0,0,0,0,0,0,0,0,50000,0,0,0,50000,0,50000,50000
052366,聯詠國票96購01  ,0,0,0,0,0,0,0,0,0,50000,0,0,0,50000,0,50000,50000
052723,新唐統一97購01  ,0,0,0,0,0,0,0,0,0,50000,0,0,0,50000,0,50000,50000
052675,新光金國泰98購01,0,0,0,0,0,0,0,0,0,50000,0,0,0,50000,0,50000,50000
053010,鴻海統一96購11  ,0,0,0,0,0,0,0,0,0,50000,0,0,0,52000,2000,50000,50000
05294P,亞光凱基95售02  ,0,0,0,0,0,0,0,0,0,50000,0,0,0,50000,0,50000,50000
052939,富邦金兆豐96購01,0,0,0,0,0,0,0,0,0,50000,0,0,0,50000,0,50000,50000
053047,寶成中信97購01  ,0,0,0,0,0,0,0,0,0,50000,0,0,0,50000,0,50000,50000
05273P,國巨群益95售02  ,0,0,0,0,0,0,0,0,0,50000,0,0,0,50000,0,50000,50000
052868,緯創凱基96購03  ,0,0,0,0,0,0,0,0,0,50000,0,0,0,70000,20000,50000,50000
052042,台積電日盛95購02,0,0,0,0,0,0,0,0,0,50000,0,0,0,69000,19000,50000,50000
051893,瀚宇博元富95購01,0,0,0,0,0,0,0,0,0,50000,0,0,0,50000,0,50000,50000
051849,旺宏中信98購01  ,0,0,0,0,0,0,0,0,0,50000,0,0,0,50000,0,50000,50000
051825,中環元大95購01  ,0,0,0,0,0,0,0,0,0,50000,0,0,0,117000,67000,50000,50000
051517,可成凱基95購08  ,0,0,0,0,0,0,0,0,0,50000,0,0,0,50000,0,50000,50000
051622,和碩凱基96購01  ,0,0,0,0,0,0,0,0,0,50000,0,0,0,50000,0,50000,50000
054594,國巨麥證97購01  ,0,0,0,50000,0,50000,0,0,0,50000,0,0,0,50000,0,50000,50000
053735,矽力中信97購01  ,0,0,0,0,0,0,0,0,0,50000,0,0,0,52000,2000,50000,50000
05363P,臺股指富邦95售03,0,0,0,0,0,0,0,0,0,50000,0,0,0,50000,0,50000,50000
053210,華邦電凱基97購02,0,0,0,0,0,0,0,0,0,50000,0,0,0,50000,0,50000,50000
08218P,滬深2X凱基96售01,0,0,0,0,0,0,0,0,0,49000,0,0,0,50000,1000,49000,49000
06242P,大立光元富9A售02,0,0,0,0,0,0,0,0,0,49000,0,0,0,49000,0,49000,49000
06239P,奇力新元大97售08,0,0,0,0,0,0,0,0,0,49000,0,0,0,49000,0,49000,49000
06033P,可成凱基96售09  ,0,0,0,0,0,0,0,0,0,49000,0,0,0,49000,0,49000,49000
05741P,聯發科元大96售14,0,0,0,0,0,0,0,0,0,49000,0,0,0,379000,330000,49000,49000
055440,矽力國票98購01  ,0,0,0,0,0,0,0,0,0,49000,0,0,0,50000,1000,49000,49000
03576P,台灣50元富06售01,0,0,0,0,0,0,0,0,0,49000,0,0,0,50000,1000,49000,49000
04050P,創意元大93售05  ,0,0,0,0,0,0,0,0,0,49000,0,0,0,49000,0,49000,49000
045774,義隆元大92購02  ,0,0,0,0,0,0,0,0,0,49000,0,0,0,49000,0,49000,49000
05032P,台積電國泰96售05,0,0,0,0,0,0,0,0,0,49000,0,0,0,59000,10000,49000,49000
045365,智邦兆豐93購04  ,0,0,0,0,0,0,0,0,0,49000,0,0,0,64000,15000,49000,49000
048007,明基材元大96購01,0,0,0,0,0,0,0,0,0,49000,0,0,0,49000,0,49000,49000
047808,智邦凱基93購07  ,0,0,0,0,0,0,0,0,0,49000,0,0,0,49000,0,49000,49000
049410,統一凱基94購02  ,0,0,0,0,0,0,0,0,0,49000,0,0,0,50000,1000,49000,49000
053511,鴻海群益96購04  ,0,0,0,0,0,0,0,0,0,49000,0,0,0,54000,5000,49000,49000
054398,牧德永豐96購03  ,0,0,0,0,0,0,0,0,0,49000,0,0,0,104000,55000,49000,49000
054187,亞光永豐96購03  ,0,0,0,0,0,0,0,0,0,49000,0,0,0,49000,0,49000,49000
052375,奇力新元大96購02,0,0,0,0,0,0,0,0,0,49000,0,0,0,82000,33000,49000,49000
055101,台肥凱基97購01  ,0,0,0,0,0,0,0,0,0,48000,0,0,0,48000,0,48000,48000
054892,彩晶統一99購01  ,0,0,0,0,0,0,0,0,0,48000,0,0,0,128000,80000,48000,48000
05928P,華邦電康和96售01,0,0,0,0,0,0,0,0,0,48000,0,0,0,48000,0,48000,48000
06203P,奇力新中信98售02,0,0,0,0,0,0,0,0,0,48000,0,0,0,53000,5000,48000,48000
06177P,玉晶光元大98售07,0,0,0,0,0,0,0,0,0,48000,0,0,0,48000,0,48000,48000
1313,聯成            ,30000,54000,-24000,0,0,0,72000,0,72000,0,0,0,0,0,0,0,48000
045076,富邦金元大92購01,0,0,0,0,0,0,0,0,0,48000,0,0,0,48000,0,48000,48000
045716,智邦凱基92購02  ,0,0,0,0,0,0,0,0,0,48000,0,0,0,48000,0,48000,48000
046992,智伸科凱基93購03,0,0,0,0,0,0,0,0,0,48000,0,0,0,48000,0,48000,48000
047302,為升富邦97購01  ,0,0,0,0,0,0,0,0,0,48000,0,0,0,48000,0,48000,48000
047390,富邦金元大93購01,0,0,0,0,0,0,0,0,0,48000,0,0,0,48000,0,48000,48000
04076P,臺股指凱基93售12,0,0,0,0,0,0,0,0,0,48000,0,0,0,48000,0,48000,48000
03162P,泰碩元大01售02  ,0,0,0,0,0,0,0,0,0,48000,0,0,0,48000,0,48000,48000
04186P,創意元富93售04  ,0,0,0,0,0,0,0,0,0,48000,0,0,0,48000,0,48000,48000
00743,國泰中國A150    ,6000,0,6000,0,0,0,0,0,0,42000,0,0,0,63000,21000,42000,48000
00665L,富邦恒生國企正2 ,18000,2000,16000,0,0,0,0,0,0,32000,0,0,0,166000,134000,32000,48000
049495,欣興元大94購06  ,0,0,0,0,0,0,0,0,0,48000,0,0,0,140000,92000,48000,48000
048677,智伸科國泰94購01,0,0,0,0,0,0,0,0,0,48000,0,0,0,70000,22000,48000,48000
047842,聯茂元大93購06  ,0,0,0,0,0,0,0,0,0,48000,0,0,0,50000,2000,48000,48000
049830,智易凱基94購02  ,0,0,0,0,0,0,0,0,0,48000,0,0,0,50000,2000,48000,48000
051310,台達電麥證95購01,0,0,0,50000,2000,48000,0,0,0,48000,0,0,0,50000,2000,48000,48000
051175,國巨凱基95購04  ,0,0,0,0,0,0,0,0,0,48000,0,0,0,70000,22000,48000,48000
048418,瑞昱統一93購04  ,0,0,0,0,0,0,0,0,0,48000,0,0,0,73000,25000,48000,48000
048212,美利達日盛93購01,0,0,0,0,0,0,0,0,0,48000,0,0,0,48000,0,48000,48000
052514,嘉澤凱基96購01  ,0,0,0,0,0,0,0,0,0,48000,0,0,0,120000,72000,48000,48000
053490,為升兆豐97購01  ,0,0,0,0,0,0,0,0,0,48000,0,0,0,48000,0,48000,48000
053190,聯發科統一99購01,0,0,0,0,0,0,0,0,0,48000,0,0,0,150000,102000,48000,48000
053322,京鼎群益97購01  ,0,0,0,0,0,0,0,0,0,48000,0,0,0,48000,0,48000,48000
053823,茂林群益96購06  ,0,0,0,0,0,0,0,0,0,48000,0,0,0,50000,2000,48000,48000
06321P,台積電統一98售03,0,0,0,0,0,0,0,0,0,47000,0,0,0,47000,0,47000,47000
05961P,鴻海群益97售01  ,0,0,0,0,0,0,0,0,0,47000,0,0,0,47000,0,47000,47000
05924P,超眾元富96售04  ,0,0,0,0,0,0,0,0,0,47000,0,0,0,47000,0,47000,47000
05919P,京鼎元大96售03  ,0,0,0,0,0,0,0,0,0,47000,0,0,0,516000,469000,47000,47000
055501,創意元大97購01  ,0,0,0,0,0,0,0,0,0,47000,0,0,0,180000,133000,47000,47000
055050,敬鵬永豐97購01  ,0,0,0,0,0,0,0,0,0,47000,0,0,0,141000,94000,47000,47000
05539P,鎧勝永豐96售01  ,0,0,0,0,0,0,0,0,0,47000,0,0,0,47000,0,47000,47000
044501,滬深2X凱基92購02,0,0,0,0,0,0,0,0,0,47000,0,0,0,95000,48000,47000,47000
044509,台光電凱基93購03,0,0,0,0,0,0,0,0,0,47000,0,0,0,47000,0,47000,47000
03932P,欣興統一93售01  ,0,0,0,0,0,0,0,0,0,47000,0,0,0,47000,0,47000,47000
043040,永冠元富94購01  ,0,0,0,0,0,0,0,0,0,47000,0,0,0,164000,117000,47000,47000
050992,台積電元大97購01,0,0,0,0,0,0,0,0,0,47000,0,0,0,156000,109000,47000,47000
050184,信邦元大94購01  ,0,0,0,0,0,0,0,0,0,47000,0,0,0,60000,13000,47000,47000
051353,聯發科元大95購08,0,0,0,0,0,0,0,0,0,47000,0,0,0,47000,0,47000,47000
053845,和大元富96購01  ,0,0,0,0,0,0,0,0,0,47000,0,0,0,68000,21000,47000,47000
052634,華邦電凱基96購01,0,0,0,0,0,0,0,0,0,47000,0,0,0,80000,33000,47000,47000
052714,義隆凱基96購02  ,0,0,0,0,0,0,0,0,0,47000,0,0,0,223000,176000,47000,47000
052876,GIS凱基96購03   ,0,0,0,0,0,0,0,0,0,47000,0,0,0,227000,180000,47000,47000
053120,復盛中信9A購01  ,0,0,0,0,0,0,0,0,0,47000,0,0,0,67000,20000,47000,47000
055049,智邦永豐97購01  ,0,0,0,0,0,0,0,0,0,46000,0,0,0,52000,6000,46000,46000
05862P,大立光國泰98售01,0,0,0,0,0,0,0,0,0,46000,0,0,0,46000,0,46000,46000
05782P,聯詠元富96售02  ,0,0,0,0,0,0,0,0,0,46000,0,0,0,46000,0,46000,46000
2406,國碩            ,141000,95000,46000,0,0,0,0,0,0,0,0,0,0,0,0,0,46000
044934,玉晶光元大93購01,0,0,0,0,0,0,0,0,0,46000,0,0,0,47000,1000,46000,46000
045500,聯發科凱基93購04,0,0,0,0,0,0,0,0,0,46000,0,0,0,60000,14000,46000,46000
051086,鴻海元大96購04  ,0,0,0,0,0,0,0,0,0,46000,0,0,0,169000,123000,46000,46000
051084,華通元大95購06  ,0,0,0,0,0,0,0,0,0,46000,0,0,0,80000,34000,46000,46000
049121,元油2X元富94購06,0,0,0,0,0,0,0,0,0,46000,0,0,0,48000,2000,46000,46000
049812,致伸元大94購03  ,0,0,0,0,0,0,0,0,0,46000,0,0,0,46000,0,46000,46000
050704,復盛凱基94購03  ,0,2000,-2000,0,0,0,0,0,0,48000,0,0,0,141000,93000,48000,46000
048279,聯鈞永豐93購01  ,0,0,0,0,0,0,0,0,0,46000,0,0,0,57000,11000,46000,46000
053018,旺宏元富96購02  ,0,0,0,0,0,0,0,0,0,46000,0,0,0,46000,0,46000,46000
05247P,上銀群益95售01  ,0,0,0,0,0,0,0,0,0,46000,0,0,0,46000,0,46000,46000
051638,聯茂國票96購01  ,0,0,0,0,0,0,0,0,0,46000,0,0,0,46000,0,46000,46000
051490,世芯凱基96購01  ,0,0,0,0,0,0,0,0,0,46000,0,0,0,47000,1000,46000,46000
052159,瑞昱永豐95購01  ,0,0,0,0,0,0,0,0,0,46000,0,0,0,72000,26000,46000,46000
054193,鴻海麥證96購02  ,0,0,0,61000,15000,46000,0,0,0,46000,0,0,0,61000,15000,46000,46000
054058,晶豪科國票98購01,0,0,0,0,0,0,0,0,0,46000,0,0,0,46000,0,46000,46000
2816,旺旺保          ,48000,4000,44000,0,0,0,0,0,0,1000,1000,0,1000,0,0,0,45000
05833P,臺股指元富96售05,0,0,0,0,0,0,0,0,0,45000,0,0,0,55000,10000,45000,45000
05761P,嘉澤永豐96售01  ,0,0,0,0,0,0,0,0,0,45000,0,0,0,45000,0,45000,45000
05940P,聯發科凱基96售21,0,0,0,0,0,0,0,0,0,45000,0,0,0,49000,4000,45000,45000
05953P,台積電國票98售02,0,0,0,0,0,0,0,0,0,45000,0,0,0,100000,55000,45000,45000
055500,京鼎元大97購04  ,0,0,0,0,0,0,0,0,0,45000,0,0,0,53000,8000,45000,45000
054985,光罩元富97購01  ,0,0,0,0,0,0,0,0,0,45000,0,0,0,84000,39000,45000,45000
054928,帆宣凱基98購01  ,0,0,0,0,0,0,0,0,0,45000,0,0,0,50000,5000,45000,45000
046859,智伸科元大93購03,0,0,0,0,0,0,0,0,0,45000,0,0,0,45000,0,45000,45000
045278,A50正2國泰92購01,0,0,0,0,0,0,0,0,0,45000,0,0,0,45000,0,45000,45000
05026P,貿聯群益95售01  ,0,0,0,0,0,0,0,0,0,45000,0,0,0,46000,1000,45000,45000
044296,嘉聯益凱基93購01,0,0,0,0,0,0,0,0,0,45000,0,0,0,45000,0,45000,45000
047460,富邦金群益95購01,0,0,0,0,0,0,0,0,0,45000,0,0,0,45000,0,45000,45000
047181,智邦元大93購06  ,0,0,0,0,0,0,0,0,0,45000,0,0,0,45000,0,45000,45000
044959,彩晶凱基92購01  ,0,0,0,0,0,0,0,0,0,45000,0,0,0,60000,15000,45000,45000
03890P,聯詠國泰94售02  ,0,0,0,0,0,0,0,0,0,45000,0,0,0,45000,0,45000,45000
03637C,臺股指凱基94牛18,0,0,0,0,0,0,0,0,0,45000,0,0,0,100000,55000,45000,45000
03977P,上海銀元大93售01,0,0,0,0,0,0,0,0,0,45000,0,0,0,45000,0,45000,45000
049074,光罩凱基94購02  ,0,0,0,0,0,0,0,0,0,45000,0,0,0,100000,55000,45000,45000
047979,中石化群益95購01,0,0,0,0,0,0,0,0,0,45000,0,0,0,123000,78000,45000,45000
050834,啟碁凱基95購01  ,0,0,0,0,0,0,0,0,0,45000,0,0,0,45000,0,45000,45000
047524,瑞昱元大93購10  ,0,0,0,0,0,0,0,0,0,45000,0,0,0,45000,0,45000,45000
04943P,臻鼎康和94售01  ,0,0,0,0,0,0,0,0,0,45000,0,0,0,45000,0,45000,45000
049401,可成群益94購04  ,0,0,0,0,0,0,0,0,0,45000,0,0,0,50000,5000,45000,45000
049779,創意統一95購01  ,0,0,0,0,0,0,0,0,0,45000,0,0,0,45000,0,45000,45000
049156,緯穎元大96購01  ,0,0,0,0,0,0,0,0,0,45000,0,0,0,45000,0,45000,45000
047806,旺宏凱基93購05  ,0,0,0,0,0,0,0,0,0,45000,0,0,0,51000,6000,45000,45000
049240,華通元富94購01  ,0,0,0,0,0,0,0,0,0,45000,0,0,0,81000,36000,45000,45000
048524,GIS元富94購01   ,0,0,0,0,0,0,0,0,0,45000,0,0,0,45000,0,45000,45000
05411P,台積電國票96售08,0,0,0,0,0,0,0,0,0,45000,0,0,0,45000,0,45000,45000
053818,富邦金群益98購01,0,0,0,0,0,0,0,0,0,45000,0,0,0,45000,0,45000,45000
053785,聯詠元大96購05  ,0,0,0,0,0,0,0,0,0,45000,0,0,0,77000,32000,45000,45000
053628,微星兆豐96購01  ,0,0,0,0,0,0,0,0,0,45000,0,0,0,45000,0,45000,45000
053186,健策中信9C購01  ,0,0,0,0,0,0,0,0,0,45000,0,0,0,100000,55000,45000,45000
051942,寶成群益95購01  ,0,0,0,0,0,0,0,0,0,45000,0,0,0,45000,0,45000,45000
052048,景碩凱基95購01  ,0,0,0,0,0,0,0,0,0,45000,0,0,0,45000,0,45000,45000
052028,健策群益95購02  ,0,0,0,0,0,0,0,0,0,45000,0,0,0,80000,35000,45000,45000
052058,臺股指凱基95購16,0,0,0,0,0,0,0,0,0,45000,0,0,0,45000,0,45000,45000
051504,TPK統一95購01   ,0,0,0,0,0,0,0,0,0,45000,0,0,0,60000,15000,45000,45000
051540,力成國票95購01  ,0,0,0,0,0,0,0,0,0,45000,0,0,0,50000,5000,45000,45000
052936,華通兆豐98購01  ,0,0,0,0,0,0,0,0,0,45000,0,0,0,107000,62000,45000,45000
055030,帆宣國泰99購02  ,0,0,0,0,0,0,0,0,0,44000,0,0,0,304000,260000,44000,44000
055591,全新元大98購01  ,0,0,0,0,0,0,0,0,0,44000,0,0,0,44000,0,44000,44000
055711,上銀元大97購04  ,0,0,0,0,0,0,0,0,0,44000,0,0,0,59000,15000,44000,44000
9934,成霖            ,38000,59000,-21000,0,0,0,36000,0,36000,29000,30000,1000,29000,0,0,0,44000
8213,志超            ,73000,65000,8000,0,0,0,36000,0,36000,0,0,0,0,0,0,0,44000
1457,宜進            ,44000,0,44000,0,0,0,0,0,0,0,0,0,0,0,0,0,44000
06179P,國巨群益97售04  ,0,0,0,0,0,0,0,0,0,44000,0,0,0,44000,0,44000,44000
06209P,旺宏統一97售07  ,0,0,0,0,0,0,0,0,0,44000,0,0,0,44000,0,44000,44000
04043P,復盛元富93售02  ,0,0,0,0,0,0,0,0,0,44000,0,0,0,45000,1000,44000,44000
03799P,京元電元大94售01,0,0,0,0,0,0,0,0,0,44000,0,0,0,44000,0,44000,44000
043693,為升兆豐93購01  ,0,0,0,0,0,0,0,0,0,44000,0,0,0,44000,0,44000,44000
043234,緯穎中信93購01  ,0,0,0,0,0,0,0,0,0,44000,0,0,0,44000,0,44000,44000
04412P,欣興元富94售01  ,0,0,0,0,0,0,0,0,0,44000,0,0,0,94000,50000,44000,44000
05024P,華通國票96售01  ,0,0,0,0,0,0,0,0,0,44000,0,0,0,44000,0,44000,44000
045043,台達電凱基93購01,0,0,0,0,0,0,0,0,0,44000,0,0,0,45000,1000,44000,44000
045455,鴻海元大92購08  ,0,0,0,0,0,0,0,0,0,44000,0,0,0,49000,5000,44000,44000
04851P,創意永豐94售02  ,0,0,0,0,0,0,0,0,0,44000,0,0,0,44000,0,44000,44000
047831,台光電元大93購07,0,0,0,0,0,0,0,0,0,44000,0,0,0,44000,0,44000,44000
051304,緯創凱基96購01  ,0,0,0,0,0,0,0,0,0,44000,0,0,0,44000,0,44000,44000
048773,貿聯凱基94購01  ,0,0,0,0,0,0,0,0,0,44000,0,0,0,60000,16000,44000,44000
048855,華新科群益94購02,0,0,0,0,0,0,0,0,0,44000,0,0,0,51000,7000,44000,44000
049308,台達電凱基94購04,0,0,0,0,0,0,0,0,0,44000,0,0,0,54000,10000,44000,44000
050404,元大金麥證94購01,0,0,0,58000,14000,44000,0,0,0,44000,0,0,0,58000,14000,44000,44000
052671,祥碩群益96購01  ,0,0,0,0,0,0,0,0,0,44000,0,0,0,44000,0,44000,44000
053438,玉晶光麥證97購02,0,0,0,58000,14000,44000,0,0,0,44000,0,0,0,58000,14000,44000,44000
053443,智邦凱基97購01  ,0,0,0,0,0,0,0,0,0,44000,0,0,0,51000,7000,44000,44000
054542,台表科國票98購01,0,0,0,0,0,0,0,0,0,44000,0,0,0,44000,0,44000,44000
1315,達新            ,83000,69000,14000,0,0,0,27000,0,27000,2000,2000,0,2000,0,0,0,43000
2501,國建            ,80000,37000,43000,0,0,0,0,0,0,0,0,0,0,0,0,0,43000
6415,矽力-KY         ,272000,203000,69000,0,0,0,10000,36000,-26000,0,8000,0,8000,1000,9000,-8000,43000
055803,鎧勝永豐97購01  ,0,0,0,0,0,0,0,0,0,43000,0,0,0,43000,0,43000,43000
055571,鴻海統一97購03  ,0,0,0,0,0,0,0,0,0,43000,0,0,0,43000,0,43000,43000
05908P,大立光元富96售05,0,0,0,0,0,0,0,0,0,43000,0,0,0,43000,0,43000,43000
05897P,國巨凱基96售12  ,0,0,0,0,0,0,0,0,0,43000,0,0,0,53000,10000,43000,43000
05633P,台表科群益96售04,0,0,0,0,0,0,0,0,0,43000,0,0,0,43000,0,43000,43000
054787,華新科群益97購04,0,0,0,0,0,0,0,0,0,43000,0,0,0,83000,40000,43000,43000
055292,聯鈞元大97購02  ,0,0,0,0,0,0,0,0,0,43000,0,0,0,74000,31000,43000,43000
046941,瑞昱元大93購08  ,0,0,0,0,0,0,0,0,0,43000,0,0,0,43000,0,43000,43000
047359,台達電群益93購01,0,0,0,0,0,0,0,0,0,43000,0,0,0,43000,0,43000,43000
048250,矽創兆豐93購02  ,0,0,0,0,0,0,0,0,0,43000,0,0,0,43000,0,43000,43000
048072,GIS元富93購05   ,0,0,0,0,0,0,0,0,0,43000,0,0,0,43000,0,43000,43000
048960,矽格康和94購01  ,0,0,0,0,0,0,0,0,0,43000,0,0,0,44000,1000,43000,43000
049901,瑞昱元富94購01  ,0,0,0,0,0,0,0,0,0,43000,0,0,0,52000,9000,43000,43000
050969,台郡永豐95購01  ,0,0,0,0,0,0,0,0,0,43000,0,0,0,43000,0,43000,43000
048791,智原元大94購02  ,0,0,0,0,0,0,0,0,0,43000,0,0,0,43000,0,43000,43000
049166,元油2X凱基97購02,0,0,0,0,0,0,0,0,0,43000,0,0,0,48000,5000,43000,43000
051439,川湖元大95購01  ,0,0,0,0,0,0,0,0,0,43000,0,0,0,45000,2000,43000,43000
051005,緯創中信95購02  ,0,0,0,0,0,0,0,0,0,43000,0,0,0,43000,0,43000,43000
051127,同欣電群益95購01,0,0,0,0,0,0,0,0,0,43000,0,0,0,112000,69000,43000,43000
054214,京鼎國票97購02  ,0,0,0,0,0,0,0,0,0,43000,0,0,0,43000,0,43000,43000
05320P,華通凱基96售03  ,0,0,0,0,0,0,0,0,0,43000,0,0,0,43000,0,43000,43000
053700,臺股指元大96購23,0,0,0,0,0,0,0,0,0,43000,0,0,0,43000,0,43000,43000
053697,臻鼎元大96購02  ,0,0,0,0,0,0,0,0,0,43000,0,0,0,48000,5000,43000,43000
053766,友達富邦97購01  ,0,0,0,0,0,0,0,0,0,43000,0,0,0,43000,0,43000,43000
052386,鴻海群益96購02  ,0,0,0,0,0,0,0,0,0,43000,0,0,0,43000,0,43000,43000
05630P,大立光永昌96售06,0,0,0,0,0,0,0,0,0,42000,0,0,0,42000,0,42000,42000
05602P,國巨元大96售06  ,0,0,0,0,0,0,0,0,0,42000,0,0,0,42000,0,42000,42000
06048P,大立光富邦96售05,0,0,0,0,0,0,0,0,0,42000,0,0,0,45000,3000,42000,42000
047334,南茂元大93購03  ,0,0,0,0,0,0,0,0,0,42000,0,0,0,42000,0,42000,42000
045762,微星統一92購01  ,0,0,0,0,0,0,0,0,0,42000,0,0,0,50000,8000,42000,42000
047173,群創永豐93購01  ,0,0,0,0,0,0,0,0,0,42000,0,0,0,237000,195000,42000,42000
042908,智邦元大92購01  ,0,0,0,0,0,0,0,0,0,42000,0,0,0,42000,0,42000,42000
04345P,景碩國泰94售02  ,0,0,0,0,0,0,0,0,0,42000,0,0,0,52000,10000,42000,42000
044877,旺宏元富91購01  ,0,0,0,0,0,0,0,0,0,42000,0,0,0,42000,0,42000,42000
050137,臺指反國票96購01,0,0,0,0,0,0,0,0,0,42000,0,0,0,50000,8000,42000,42000
045692,南茂元大92購04  ,0,0,0,0,0,0,0,0,0,42000,0,0,0,42000,0,42000,42000
046793,聯發科元富99購01,0,0,0,0,0,0,0,0,0,42000,0,0,0,69000,27000,42000,42000
051462,世芯國泰97購01  ,0,0,0,0,0,0,0,0,0,42000,0,0,0,45000,3000,42000,42000
051350,台積電元大95購14,0,0,0,0,0,0,0,0,0,42000,0,0,0,44000,2000,42000,42000
051309,卜蜂麥證95購01  ,0,0,0,42000,0,42000,0,0,0,42000,0,0,0,42000,0,42000,42000
049134,為升元大95購01  ,0,0,0,0,0,0,0,0,0,42000,0,0,0,87000,45000,42000,42000
049913,微星元大94購01  ,0,0,0,0,0,0,0,0,0,42000,0,0,0,44000,2000,42000,42000
048052,力成中信93購01  ,0,0,0,0,0,0,0,0,0,42000,0,0,0,42000,0,42000,42000
050387,鴻海統一94購08  ,0,0,0,0,0,0,0,0,0,42000,0,0,0,95000,53000,42000,42000
052901,台達電國票97購01,0,0,0,0,0,0,0,0,0,42000,0,0,0,43000,1000,42000,42000
051563,泰鼎國泰96購01  ,0,0,0,0,0,0,0,0,0,42000,0,0,0,54000,12000,42000,42000
051595,康控元大95購04  ,0,0,0,0,0,0,0,0,0,42000,0,0,0,42000,0,42000,42000
052213,富邦金元大95購01,0,0,0,0,0,0,0,0,0,42000,0,0,0,42000,0,42000,42000
053410,啟碁兆豐96購01  ,0,0,0,0,0,0,0,0,0,42000,0,0,0,42000,0,42000,42000
053987,宏碁亞東96購01  ,0,0,0,0,0,0,0,0,0,42000,0,0,0,42000,0,42000,42000
2357,華碩            ,402827,373491,29336,0,0,0,1000,0,1000,11000,0,2000,-2000,20000,7000,13000,41336
2402,毅嘉            ,96000,55000,41000,0,0,0,0,0,0,0,0,0,0,0,0,0,41000
6431,光麗-KY         ,46000,5000,41000,0,0,0,0,0,0,0,0,0,0,0,0,0,41000
054971,帆宣元大97購02  ,0,0,0,0,0,0,0,0,0,41000,0,0,0,231000,190000,41000,41000
046028,微星元大92購01  ,0,0,0,0,0,0,0,0,0,41000,0,0,0,43000,2000,41000,41000
047264,貿聯國票93購02  ,0,0,0,0,0,0,0,0,0,41000,0,0,0,50000,9000,41000,41000
03956P,欣興統一93售02  ,0,0,0,0,0,0,0,0,0,41000,0,0,0,44000,3000,41000,41000
044689,超眾凱基93購03  ,0,0,0,0,0,0,0,0,0,41000,0,0,0,41000,0,41000,41000
047997,南亞科元大93購03,0,0,0,0,0,0,0,0,0,41000,0,0,0,41000,0,41000,41000
048219,為升凱基93購06  ,0,0,0,0,0,0,0,0,0,41000,0,0,0,77000,36000,41000,41000
04991P,台表科元大94售05,0,0,0,0,0,0,0,0,0,41000,0,0,0,41000,0,41000,41000
048410,和碩群益93購01  ,0,0,0,0,0,0,0,0,0,41000,0,0,0,51000,10000,41000,41000
051173,元油2X凱基98購01,0,0,0,0,0,0,0,0,0,41000,0,0,0,61000,20000,41000,41000
054318,台虹凱基98購01  ,0,0,0,0,0,0,0,0,0,41000,0,0,0,52000,11000,41000,41000
054428,禾伸堂富邦98購01,0,0,0,0,0,0,0,0,0,41000,0,0,0,51000,10000,41000,41000
053426,創意永豐96購04  ,0,0,0,0,0,0,0,0,0,41000,0,0,0,65000,24000,41000,41000
052200,台光電統一95購02,0,0,0,0,0,0,0,0,0,41000,0,0,0,42000,1000,41000,41000
051968,勤誠永豐95購01  ,0,0,0,0,0,0,0,0,0,41000,0,0,0,51000,10000,41000,41000
053026,奇力新富邦98購01,0,0,0,0,0,0,0,0,0,41000,0,0,0,50000,9000,41000,41000
053006,玉晶光永豐96購03,0,0,0,0,0,0,0,0,0,41000,0,0,0,42000,1000,41000,41000
052516,臺股指凱基95購20,0,0,0,0,0,0,0,0,0,41000,0,0,0,41000,0,41000,41000
052523,奇力新元大97購01,0,0,0,0,0,0,0,0,0,41000,0,0,0,43000,2000,41000,41000
052574,茂林凱基96購02  ,0,0,0,0,0,0,0,0,0,41000,0,0,0,121000,80000,41000,41000
05488P,臺股指凱基95售21,0,0,0,0,0,0,0,0,0,40000,0,0,0,40000,0,40000,40000
055362,GIS凱基97購03   ,0,0,0,0,0,0,0,0,0,40000,0,0,0,69000,29000,40000,40000
055209,勤誠康和97購01  ,0,0,0,0,0,0,0,0,0,40000,0,0,0,40000,0,40000,40000
05812P,臺股指國票96售05,0,0,0,0,0,0,0,0,0,40000,0,0,0,40000,0,40000,40000
055602,康控元大97購03  ,0,0,0,0,0,0,0,0,0,40000,0,0,0,40000,0,40000,40000
055663,崇越中信97購01  ,0,0,0,0,0,0,0,0,0,40000,0,0,0,105000,65000,40000,40000
4961,天鈺            ,123000,82000,41000,0,0,0,0,0,0,-1000,0,1000,-1000,4000,4000,0,40000
3617,碩天            ,33000,2000,31000,0,0,0,9000,0,9000,0,1000,0,1000,0,1000,-1000,40000
06059P,泰碩元大97售02  ,0,0,0,0,0,0,0,0,0,40000,0,0,0,40000,0,40000,40000
044613,智易兆豐94購01  ,0,0,0,0,0,0,0,0,0,40000,0,0,0,40000,0,40000,40000
04274P,滬深2X凱基94售01,0,0,0,0,0,0,0,0,0,40000,0,0,0,40000,0,40000,40000
03643C,臺股指元富99牛04,0,0,0,0,0,0,0,0,0,40000,0,0,0,50000,10000,40000,40000
040160,SP黃豆元富95購01,0,0,0,0,0,0,0,0,0,40000,0,0,0,40000,0,40000,40000
040762,滬深2X凱基92購01,0,0,0,0,0,0,0,0,0,40000,0,0,0,40000,0,40000,40000
01007T,兆豐國泰R2      ,0,0,0,0,0,0,0,0,0,40000,40000,0,40000,0,0,0,40000
045785,揚明光元大93購04,0,0,0,0,0,0,0,0,0,40000,0,0,0,40000,0,40000,40000
047316,大立光元大94購01,0,0,0,0,0,0,0,0,0,40000,0,0,0,60000,20000,40000,40000
047355,世紀鋼凱基94購01,0,0,0,0,0,0,0,0,0,40000,0,0,0,40000,0,40000,40000
043969,美利達國泰92購01,0,0,0,0,0,0,0,0,0,40000,0,0,0,40000,0,40000,40000
04504P,台積電元富94售04,0,0,0,0,0,0,0,0,0,40000,0,0,0,40000,0,40000,40000
045216,鴻海元大93購02  ,0,0,0,0,0,0,0,0,0,40000,0,0,0,48000,8000,40000,40000
045233,神基日盛92購01  ,0,0,0,0,0,0,0,0,0,40000,0,0,0,40000,0,40000,40000
045258,漢唐凱基93購01  ,0,0,0,0,0,0,0,0,0,40000,0,0,0,40000,0,40000,40000
045374,鴻海元大92購07  ,0,0,0,0,0,0,0,0,0,40000,0,0,0,53000,13000,40000,40000
045509,聯茂凱基92購04  ,0,0,0,0,0,0,0,0,0,40000,0,0,0,40000,0,40000,40000
046066,長榮航凱基94購01,0,0,0,0,0,0,0,0,0,40000,0,0,0,40000,0,40000,40000
049971,台郡國票95購01  ,0,30000,-30000,0,0,0,0,0,0,70000,0,0,0,70000,0,70000,40000
050275,緯穎元大94購10  ,0,0,0,0,0,0,0,0,0,40000,0,0,0,40000,0,40000,40000
050319,康控國票95購04  ,0,0,0,0,0,0,0,0,0,40000,0,0,0,40000,0,40000,40000
050335,正崴國泰96購01  ,0,0,0,0,0,0,0,0,0,40000,0,0,0,50000,10000,40000,40000
046337,智原第一92購01  ,0,0,0,0,0,0,0,0,0,40000,0,0,0,40000,0,40000,40000
046409,富邦金元大92購02,0,0,0,0,0,0,0,0,0,40000,0,0,0,40000,0,40000,40000
051378,奇力新群益95購01,0,0,0,0,0,0,0,0,0,40000,0,0,0,78000,38000,40000,40000
051448,聯詠元大95購02  ,0,0,0,0,0,0,0,0,0,40000,0,0,0,40000,0,40000,40000
051481,聯詠凱基95購02  ,0,0,0,0,0,0,0,0,0,40000,0,0,0,40000,0,40000,40000
047737,義隆麥證94購01  ,0,0,0,40000,0,40000,0,0,0,40000,0,0,0,40000,0,40000,40000
049157,矽創元大95購01  ,0,0,0,0,0,0,0,0,0,40000,0,0,0,50000,10000,40000,40000
04879P,康控永豐94售02  ,0,0,0,0,0,0,0,0,0,40000,0,0,0,40000,0,40000,40000
048830,和鑫凱基94購03  ,0,0,0,0,0,0,0,0,0,40000,0,0,0,40000,0,40000,40000
048852,旺宏群益96購02  ,0,0,0,0,0,0,0,0,0,40000,0,0,0,40000,0,40000,40000
048752,廣越元富95購01  ,0,0,0,0,0,0,0,0,0,40000,0,0,0,40000,0,40000,40000
048725,京元電日盛94購01,0,0,0,0,0,0,0,0,0,40000,0,0,0,40000,0,40000,40000
048728,台達電麥證94購01,0,0,0,52000,10000,42000,0,0,0,40000,0,0,0,52000,12000,40000,40000
048704,台表科國票95購01,0,0,0,0,0,0,0,0,0,40000,0,0,0,40000,0,40000,40000
049580,國巨元大94購07  ,0,0,0,0,0,0,0,0,0,40000,0,0,0,40000,0,40000,40000
047546,瑞昱凱基93購06  ,0,0,0,0,0,0,0,0,0,40000,0,0,0,52000,12000,40000,40000
050203,美律群益94購04  ,0,0,0,0,0,0,0,0,0,40000,0,0,0,49000,9000,40000,40000
050219,台積電元富95購03,0,0,0,0,0,0,0,0,0,40000,0,0,0,47000,7000,40000,40000
050399,潤泰全中信95購01,0,0,0,0,0,0,0,0,0,40000,0,0,0,40000,0,40000,40000
049078,瑞昱凱基94購02  ,0,0,0,0,0,0,0,0,0,40000,0,0,0,57000,17000,40000,40000
04794P,友達元大96售03  ,0,0,0,0,0,0,0,0,0,40000,0,0,0,40000,0,40000,40000
04848P,康控凱基94售02  ,0,0,0,0,0,0,0,0,0,40000,0,0,0,40000,0,40000,40000
047992,東陽元大96購01  ,0,0,0,0,0,0,0,0,0,40000,0,0,0,40000,0,40000,40000
048075,美利達元富93購02,0,0,0,0,0,0,0,0,0,40000,0,0,0,43000,3000,40000,40000
050928,日月光凱基95購01,0,0,0,0,0,0,0,0,0,40000,0,0,0,40000,0,40000,40000
050921,旺宏凱基95購02  ,0,0,0,0,0,0,0,0,0,40000,0,0,0,54000,14000,40000,40000
050923,南亞科凱基95購03,0,0,0,0,0,0,0,0,0,40000,0,0,0,40000,0,40000,40000
05044P,亞德客永豐95售01,0,0,0,0,0,0,0,0,0,40000,0,0,0,40000,0,40000,40000
052623,台郡兆豐96購01  ,0,0,0,0,0,0,0,0,0,40000,0,0,0,80000,40000,40000,40000
05260P,和碩元富95售02  ,0,0,0,0,0,0,0,0,0,40000,0,0,0,40000,0,40000,40000
052560,康舒國票97購01  ,0,0,0,0,0,0,0,0,0,40000,0,0,0,50000,10000,40000,40000
052663,奇鋐國票97購01  ,0,0,0,0,0,0,0,0,0,40000,0,0,0,40000,0,40000,40000
05269P,臻鼎元大95售05  ,0,0,0,0,0,0,0,0,0,40000,0,0,0,40000,0,40000,40000
052512,全新凱基96購03  ,0,0,0,0,0,0,0,0,0,40000,0,0,0,40000,0,40000,40000
052490,禾伸堂國票95購01,0,0,0,0,0,0,0,0,0,40000,0,0,0,40000,0,40000,40000
053053,京元電國票97購02,0,0,0,0,0,0,0,0,0,40000,0,0,0,200000,160000,40000,40000
052899,和大國票97購01  ,0,0,0,0,0,0,0,0,0,40000,0,0,0,40000,0,40000,40000
051983,道瓊反元大95購01,0,0,0,0,0,0,0,0,0,40000,0,0,0,40000,0,40000,40000
051925,瀚宇博第一95購01,0,0,0,0,0,0,0,0,0,40000,0,0,0,40000,0,40000,40000
051649,中磊永豐95購02  ,0,0,0,0,0,0,0,0,0,40000,0,0,0,40000,0,40000,40000
051883,智原永豐95購03  ,0,0,0,0,0,0,0,0,0,40000,0,0,0,40000,0,40000,40000
053342,全新國票99購01  ,0,0,0,0,0,0,0,0,0,40000,0,0,0,80000,40000,40000,40000
053435,新光金日盛96購01,0,0,0,0,0,0,0,0,0,40000,0,0,0,50000,10000,40000,40000
053145,元黃金元大96購02,0,0,0,0,0,0,0,0,0,40000,0,0,0,50000,10000,40000,40000
053806,鎧勝凱基96購02  ,0,0,0,0,0,0,0,0,0,40000,0,0,0,40000,0,40000,40000
053885,全新兆豐96購01  ,0,0,0,0,0,0,0,0,0,40000,0,0,0,40000,0,40000,40000
053705,滬深2X凱基99購01,0,0,0,0,0,0,0,0,0,40000,0,0,0,40000,0,40000,40000
05352P,臺股指元富95售06,0,0,0,0,0,0,0,0,0,40000,0,0,0,50000,10000,40000,40000
053555,日月光凱基97購01,0,0,0,0,0,0,0,0,0,40000,0,0,0,40000,0,40000,40000
05440P,緯穎國票96售02  ,0,0,0,0,0,0,0,0,0,40000,0,0,0,40000,0,40000,40000
054183,亞光康和96購01  ,0,0,0,0,0,0,0,0,0,40000,0,0,0,40000,0,40000,40000
4532,瑞智            ,48000,9000,39000,0,0,0,0,0,0,0,0,0,0,0,0,0,39000
055688,力成凱基98購02  ,0,0,0,0,0,0,0,0,0,39000,0,0,0,58000,19000,39000,39000
055613,全新國票98購01  ,0,0,0,0,0,0,0,0,0,39000,0,0,0,39000,0,39000,39000
055615,宏達電國票99購02,0,0,0,0,0,0,0,0,0,39000,0,0,0,39000,0,39000,39000
05619P,創意元富96售02  ,0,0,0,0,0,0,0,0,0,39000,0,0,0,39000,0,39000,39000
055202,神達群益97購01  ,0,0,0,0,0,0,0,0,0,39000,0,0,0,79000,40000,39000,39000
054711,禾伸堂元富97購01,0,0,0,0,0,0,0,0,0,39000,0,0,0,49000,10000,39000,39000
054914,億光凱基98購01  ,0,0,0,0,0,0,0,0,0,39000,0,0,0,40000,1000,39000,39000
046391,上海銀統一94購01,0,0,0,0,0,0,0,0,0,39000,0,0,0,49000,10000,39000,39000
05002P,台積電統一95售03,0,0,0,0,0,0,0,0,0,39000,0,0,0,40000,1000,39000,39000
03033X,元展30          ,0,0,0,0,0,0,0,0,0,39000,0,0,0,42000,3000,39000,39000
04245P,上海銀元大93售03,0,0,0,0,0,0,0,0,0,39000,0,0,0,39000,0,39000,39000
05078P,義隆永豐95售01  ,0,0,0,0,0,0,0,0,0,39000,0,0,0,39000,0,39000,39000
050578,聯發科國票95購03,0,0,0,0,0,0,0,0,0,39000,0,0,0,42000,3000,39000,39000
04916P,大立光永昌96售02,0,0,0,0,0,0,0,0,0,39000,0,0,0,39000,0,39000,39000
048779,美利達凱基94購01,0,0,0,0,0,0,0,0,0,39000,0,0,0,40000,1000,39000,39000
047763,旺宏元大94購04  ,0,0,0,0,0,0,0,0,0,39000,0,0,0,50000,11000,39000,39000
051296,鴻海凱基97購01  ,0,0,0,0,0,0,0,0,0,39000,0,0,0,149000,110000,39000,39000
051241,台積電元大95購13,0,0,0,0,0,0,0,0,0,39000,0,0,0,63000,24000,39000,39000
053994,微星群益96購01  ,0,0,0,0,0,0,0,0,0,39000,0,0,0,47000,8000,39000,39000
054360,智邦凱基96購03  ,0,0,0,0,0,0,0,0,0,39000,0,0,0,41000,2000,39000,39000
054370,台積電中信9A購01,0,0,0,0,0,0,0,0,0,39000,0,0,0,48000,9000,39000,39000
053185,友達中信99購01  ,0,0,0,0,0,0,0,0,0,39000,0,0,0,39000,0,39000,39000
053348,彩晶國票97購02  ,0,0,0,0,0,0,0,0,0,39000,0,0,0,39000,0,39000,39000
051749,矽力國泰97購01  ,0,0,0,0,0,0,0,0,0,39000,0,0,0,41000,2000,39000,39000
05230P,京元電群益95售01,0,0,0,0,0,0,0,0,0,39000,0,0,0,39000,0,39000,39000
052635,奇力新凱基98購01,0,0,0,0,0,0,0,0,0,39000,0,0,0,74000,35000,39000,39000
05494P,華邦電統一95售02,0,0,0,0,0,0,0,0,0,38000,0,0,0,38000,0,38000,38000
055051,藍天永豐97購01  ,0,0,0,0,0,0,0,0,0,38000,0,0,0,38000,0,38000,38000
054850,上海銀兆豐97購01,0,0,0,0,0,0,0,0,0,38000,0,0,0,42000,4000,38000,38000
055132,台虹康和97購01  ,0,0,0,0,0,0,0,0,0,38000,0,0,0,78000,40000,38000,38000
055428,友達群益9C購01  ,0,0,0,0,0,0,0,0,0,38000,0,0,0,58000,20000,38000,38000
05775P,台積電國泰98售02,0,0,0,0,0,0,0,0,0,38000,0,0,0,42000,4000,38000,38000
055588,瑞昱元大97購03  ,0,0,0,0,0,0,0,0,0,38000,0,0,0,185000,147000,38000,38000
055515,聚陽中信9A購01  ,0,0,0,0,0,0,0,0,0,38000,0,0,0,38000,0,38000,38000
3607,谷崧            ,38000,0,38000,0,0,0,0,0,0,0,0,0,0,0,0,0,38000
06012P,世芯國票96售01  ,0,0,0,0,0,0,0,0,0,38000,0,0,0,38000,0,38000,38000
044741,玉山金富邦93購01,0,0,0,0,0,0,0,0,0,38000,0,0,0,47000,9000,38000,38000
039900,上証2X國泰92購01,0,0,0,0,0,0,0,0,0,38000,0,0,0,51000,13000,38000,38000
00728,第一金工業30    ,0,0,0,0,0,0,0,0,0,38000,0,0,0,603000,565000,38000,38000
043964,台肥國泰92購01  ,0,0,0,0,0,0,0,0,0,38000,0,0,0,38000,0,38000,38000
04308P,京元電凱基93售06,0,0,0,0,0,0,0,0,0,38000,0,0,0,48000,10000,38000,38000
047226,義隆凱基94購01  ,0,0,0,0,0,0,0,0,0,38000,0,0,0,68000,30000,38000,38000
050372,全新元大96購03  ,0,0,0,0,0,0,0,0,0,38000,0,0,0,87000,49000,38000,38000
045447,鴻海國泰94購02  ,0,0,0,0,0,0,0,0,0,38000,0,0,0,90000,52000,38000,38000
045235,致茂中信93購01  ,0,0,0,0,0,0,0,0,0,38000,0,0,0,38000,0,38000,38000
048598,瑞昱國票93購03  ,0,0,0,0,0,0,0,0,0,38000,0,0,0,45000,7000,38000,38000
048604,美利達國票94購02,0,0,0,0,0,0,0,0,0,38000,0,0,0,38000,0,38000,38000
048912,牧德富邦94購01  ,0,0,0,0,0,0,0,0,0,38000,0,0,0,38000,0,38000,38000
050640,致新國票94購01  ,0,0,0,0,0,0,0,0,0,38000,0,0,0,38000,0,38000,38000
050636,上証2X國票94購01,0,0,0,0,0,0,0,0,0,38000,0,0,0,58000,20000,38000,38000
048066,樺漢統一93購01  ,0,0,0,0,0,0,0,0,0,38000,0,0,0,38000,0,38000,38000
052572,群創凱基99購01  ,0,0,0,0,0,0,0,0,0,38000,0,0,0,38000,0,38000,38000
053420,華邦電永豐96購01,0,0,0,0,0,0,0,0,0,38000,0,0,0,38000,0,38000,38000
053284,樺漢元大97購01  ,0,0,0,0,0,0,0,0,0,38000,0,0,0,41000,3000,38000,38000
054412,智邦元大96購03  ,0,0,0,0,0,0,0,0,0,38000,0,0,0,101000,63000,38000,38000
054478,可成中信97購01  ,0,0,0,0,0,0,0,0,0,38000,0,0,0,38000,0,38000,38000
054628,可成凱基98購01  ,0,0,0,0,0,0,0,0,0,38000,0,0,0,47000,9000,38000,38000
053996,晶相光群益97購01,0,0,0,0,0,0,0,0,0,38000,0,0,0,153000,115000,38000,38000
054312,TPK凱基98購01   ,0,0,0,0,0,0,0,0,0,38000,0,0,0,38000,0,38000,38000
06065P,大立光台新97售01,0,0,0,0,0,0,0,0,0,37000,0,0,0,37000,0,37000,37000
06268P,聯詠凱基97售02  ,0,0,0,0,0,0,0,0,0,37000,0,0,0,37000,0,37000,37000
2471,資通            ,37000,0,37000,0,0,0,0,0,0,0,0,0,0,0,0,0,37000
3703,欣陸            ,113000,75000,38000,0,0,0,0,0,0,-1000,0,1000,-1000,0,0,0,37000
9938,百和            ,281000,87000,194000,0,0,0,0,95000,-95000,-62000,0,20000,-20000,0,42000,-42000,37000
055524,鴻海群益98購01  ,0,0,0,0,0,0,0,0,0,37000,0,0,0,42000,5000,37000,37000
05646P,聯發科國票96售05,0,0,0,0,0,0,0,0,0,37000,0,0,0,37000,0,37000,37000
047058,聯茂國票94購01  ,0,0,0,0,0,0,0,0,0,37000,0,0,0,55000,18000,37000,37000
046104,智伸科永豐92購02,0,0,0,0,0,0,0,0,0,37000,0,0,0,42000,5000,37000,37000
045163,瀚宇博國泰93購01,0,0,0,0,0,0,0,0,0,37000,0,0,0,37000,0,37000,37000
050983,新光金國泰97購01,0,0,0,0,0,0,0,0,0,37000,0,0,0,38000,1000,37000,37000
049042,玉晶光兆豐95購01,0,0,0,0,0,0,0,0,0,37000,0,0,0,40000,3000,37000,37000
050444,卜蜂元大94購03  ,0,0,0,0,0,0,0,0,0,37000,0,0,0,56000,19000,37000,37000
047576,技嘉群益94購01  ,0,0,0,0,0,0,0,0,0,37000,0,0,0,41000,4000,37000,37000
049569,光磊統一94購02  ,0,0,0,0,0,0,0,0,0,37000,0,0,0,37000,0,37000,37000
049224,致新國票95購01  ,0,0,0,0,0,0,0,0,0,37000,0,0,0,38000,1000,37000,37000
051468,智邦日盛95購01  ,0,0,0,0,0,0,0,0,0,37000,0,0,0,40000,3000,37000,37000
051401,華新科永豐95購01,0,0,0,0,0,0,0,0,0,37000,0,0,0,37000,0,37000,37000
054017,茂林永豐96購02  ,0,0,0,0,0,0,0,0,0,37000,0,0,0,37000,0,37000,37000
053953,群創台新97購01  ,0,0,0,0,0,0,0,0,0,37000,0,0,0,37000,0,37000,37000
05459P,聯詠凱基95售03  ,0,0,0,0,0,0,0,0,0,37000,0,0,0,37000,0,37000,37000
053222,聯茂凱基96購03  ,0,0,0,0,0,0,0,0,0,37000,0,0,0,37000,0,37000,37000
053911,臺股指凱基96購31,0,0,0,0,0,0,0,0,0,37000,0,0,0,40000,3000,37000,37000
052579,亞泥元富96購01  ,0,0,0,0,0,0,0,0,0,37000,0,0,0,37000,0,37000,37000
052722,群創統一97購02  ,0,0,0,0,0,0,0,0,0,37000,0,0,0,37000,0,37000,37000
052319,可成元大95購12  ,0,0,0,0,0,0,0,0,0,37000,0,0,0,161000,124000,37000,37000
051676,康舒元大95購01  ,0,0,0,0,0,0,0,0,0,37000,0,0,0,50000,13000,37000,37000
051529,東元國票96購01  ,0,0,0,0,0,0,0,0,0,37000,0,0,0,37000,0,37000,37000
05197P,智原永豐95售02  ,0,0,0,0,0,0,0,0,0,37000,0,0,0,37000,0,37000,37000
055802,新日興永豐97購01,0,0,0,0,0,0,0,0,0,36000,0,0,0,37000,1000,36000,36000
5519,隆大            ,67000,31000,36000,0,0,0,0,0,0,0,0,0,0,0,0,0,36000
2614,東森            ,50000,14000,36000,0,0,0,0,0,0,0,0,0,0,0,0,0,36000
2547,日勝生          ,66000,30000,36000,0,0,0,0,0,0,0,0,0,0,0,0,0,36000
1316,上曜            ,43000,7000,36000,0,0,0,0,0,0,0,0,0,0,0,0,0,36000
045499,技嘉凱基92購02  ,0,0,0,0,0,0,0,0,0,36000,0,0,0,40000,4000,36000,36000
045704,微星日盛92購01  ,0,0,0,0,0,0,0,0,0,36000,0,0,0,36000,0,36000,36000
045255,華邦電凱基93購03,0,0,0,0,0,0,0,0,0,36000,0,0,0,36000,0,36000,36000
050334,鴻海國泰96購07  ,0,0,0,0,0,0,0,0,0,36000,0,0,0,123000,87000,36000,36000
04647P,上海銀凱基94售04,0,0,0,0,0,0,0,0,0,36000,0,0,0,36000,0,36000,36000
046264,美律凱基93購05  ,0,0,0,0,0,0,0,0,0,36000,0,0,0,36000,0,36000,36000
047213,新日興富邦97購01,0,0,0,0,0,0,0,0,0,36000,0,0,0,36000,0,36000,36000
044241,華新科統一92購01,0,0,0,0,0,0,0,0,0,36000,0,0,0,36000,0,36000,36000
0055,元大MSCI金融    ,0,0,0,0,0,0,0,0,0,36000,0,0,0,36000,0,36000,36000
0053,元大電子        ,0,0,0,0,0,0,0,0,0,36000,0,0,0,39000,3000,36000,36000
044508,微星凱基92購02  ,0,0,0,0,0,0,0,0,0,36000,0,0,0,36000,0,36000,36000
051384,康友群益95購01  ,0,0,0,0,0,0,0,0,0,36000,0,0,0,36000,0,36000,36000
051368,國泰金富邦97購01,0,0,0,0,0,0,0,0,0,36000,0,0,0,36000,0,36000,36000
047838,亞光元大93購03  ,0,0,0,0,0,0,0,0,0,36000,0,0,0,53000,17000,36000,36000
049584,台積電元大96購04,0,0,0,0,0,0,0,0,0,36000,0,0,0,36000,0,36000,36000
049124,可成元富94購02  ,0,0,0,0,0,0,0,0,0,36000,0,0,0,36000,0,36000,36000
047534,聯茂元大93購05  ,0,0,0,0,0,0,0,0,0,36000,0,0,0,39000,3000,36000,36000
050948,華固群益95購01  ,0,0,0,0,0,0,0,0,0,36000,0,0,0,36000,0,36000,36000
050717,京鼎群益96購01  ,0,0,0,0,0,0,0,0,0,36000,0,0,0,36000,0,36000,36000
05047P,強茂永豐95售02  ,0,0,0,0,0,0,0,0,0,36000,0,0,0,36000,0,36000,36000
052713,智邦凱基96購01  ,0,0,0,0,0,0,0,0,0,36000,0,0,0,37000,1000,36000,36000
052538,和大統一95購02  ,0,0,0,0,0,0,0,0,0,36000,0,0,0,46000,10000,36000,36000
054566,貿聯群益97購02  ,0,0,0,0,0,0,0,0,0,36000,0,0,0,36000,0,36000,36000
054537,南亞科亞東97購01,0,0,0,0,0,0,0,0,0,36000,0,0,0,36000,0,36000,36000
054670,康友元富97購01  ,0,0,0,0,0,0,0,0,0,36000,0,0,0,36000,0,36000,36000
053891,欣興群益98購01  ,0,0,0,0,0,0,0,0,0,36000,0,0,0,46000,10000,36000,36000
054286,台積電元大96購22,0,0,0,0,0,0,0,0,0,36000,0,0,0,36000,0,36000,36000
06053P,緯穎國票97售05  ,0,0,0,0,0,0,0,0,0,35000,0,0,0,60000,25000,35000,35000
3535,晶彩科          ,43000,8000,35000,0,0,0,0,0,0,0,0,0,0,0,0,0,35000
05584P,臺股指凱基96售13,0,0,0,0,0,0,0,0,0,35000,0,0,0,65000,30000,35000,35000
05889P,群創元大98售02  ,0,0,0,0,0,0,0,0,0,35000,0,0,0,112000,77000,35000,35000
055264,國巨永豐98購01  ,0,0,0,0,0,0,0,0,0,35000,0,0,0,35000,0,35000,35000
055110,美律凱基98購02  ,0,0,0,0,0,0,0,0,0,35000,0,0,0,48000,13000,35000,35000
055172,凱美統一97購02  ,0,0,0,0,0,0,0,0,0,35000,0,0,0,35000,0,35000,35000
054873,帆宣群益99購01  ,0,0,0,0,0,0,0,0,0,35000,0,0,0,35000,0,35000,35000
054886,大毅統一97購01  ,0,0,0,0,0,0,0,0,0,35000,0,0,0,45000,10000,35000,35000
054888,泰碩統一97購01  ,0,0,0,0,0,0,0,0,0,35000,0,0,0,35000,0,35000,35000
054707,聯茂亞東97購01  ,0,0,0,0,0,0,0,0,0,35000,0,0,0,35000,0,35000,35000
055015,帆宣元富97購01  ,0,0,0,0,0,0,0,0,0,35000,0,0,0,35000,0,35000,35000
054925,神達凱基97購01  ,0,0,0,0,0,0,0,0,0,35000,0,0,0,70000,35000,35000,35000
00866,新光Shiller CAPE,0,0,0,0,0,0,0,0,0,35000,0,0,0,61000,26000,35000,35000
03242P,聯電統一02售04  ,0,0,0,0,0,0,0,0,0,35000,0,0,0,135000,100000,35000,35000
04413P,玉晶光元富94售01,0,0,0,0,0,0,0,0,0,35000,0,0,0,50000,15000,35000,35000
043894,百和元大92購01  ,0,0,0,0,0,0,0,0,0,35000,0,0,0,35000,0,35000,35000
043557,元金2X永豐92購01,0,0,0,0,0,0,0,0,0,35000,0,0,0,35000,0,35000,35000
044819,新日興兆豐93購02,0,0,0,0,0,0,0,0,0,35000,0,0,0,35000,0,35000,35000
046979,台泥兆豐93購01  ,0,0,0,0,0,0,0,0,0,35000,0,0,0,35000,0,35000,35000
046217,康友富邦94購01  ,0,0,0,0,0,0,0,0,0,35000,0,0,0,35000,0,35000,35000
050236,旺宏凱基94購06  ,0,0,0,0,0,0,0,0,0,35000,0,0,0,36000,1000,35000,35000
050225,亞泥中信94購01  ,0,0,0,0,0,0,0,0,0,35000,0,0,0,35000,0,35000,35000
049994,聯茂台新94購02  ,0,0,0,0,0,0,0,0,0,35000,0,0,0,35000,0,35000,35000
045293,鴻海元大94購01  ,0,0,0,0,0,0,0,0,0,35000,0,0,0,35000,0,35000,35000
045850,嘉澤永豐92購01  ,0,0,0,0,0,0,0,0,0,35000,0,0,0,35000,0,35000,35000
045579,全新元大93購03  ,0,0,0,0,0,0,0,0,0,35000,0,0,0,45000,10000,35000,35000
050474,鴻海永豐94購05  ,0,0,0,0,0,0,0,0,0,35000,0,0,0,370000,335000,35000,35000
048414,滬深2X統一98購01,0,0,0,0,0,0,0,0,0,35000,0,0,0,35000,0,35000,35000
047938,台化國票93購01  ,0,0,0,0,0,0,0,0,0,35000,0,0,0,60000,25000,35000,35000
048419,智易統一93購01  ,0,0,0,0,0,0,0,0,0,35000,0,0,0,35000,0,35000,35000
048146,大立光統一93購11,0,0,0,0,0,0,0,0,0,35000,0,0,0,35000,0,35000,35000
050728,新日興國票94購01,0,0,0,0,0,0,0,0,0,35000,0,0,0,35000,0,35000,35000
049884,訊芯永豐94購01  ,0,0,0,0,0,0,0,0,0,35000,0,0,0,35000,0,35000,35000
05054P,臻鼎群益95售02  ,0,0,0,0,0,0,0,0,0,35000,0,0,0,35000,0,35000,35000
050190,麗豐元大95購02  ,0,0,0,0,0,0,0,0,0,35000,0,0,0,38000,3000,35000,35000
048993,昇陽半元大94購03,0,0,0,0,0,0,0,0,0,35000,0,0,0,35000,0,35000,35000
048556,技嘉元大93購03  ,0,0,0,0,0,0,0,0,0,35000,0,0,0,40000,5000,35000,35000
048860,玉晶光群益96購03,0,0,0,0,0,0,0,0,0,35000,0,0,0,55000,20000,35000,35000
049793,為升元大94購04  ,0,0,0,0,0,0,0,0,0,35000,0,0,0,77000,42000,35000,35000
04931P,臻鼎元富94售09  ,0,0,0,0,0,0,0,0,0,35000,0,0,0,35000,0,35000,35000
051155,聯發科國泰96購01,0,0,0,0,0,0,0,0,0,35000,0,0,0,48000,13000,35000,35000
053717,聯發科凱基96購17,0,0,0,0,0,0,0,0,0,35000,0,0,0,386000,351000,35000,35000
053593,晶技元大98購01  ,0,0,0,0,0,0,0,0,0,35000,0,0,0,35000,0,35000,35000
053146,滬深2X元大96購08,0,0,0,0,0,0,0,0,0,35000,0,0,0,35000,0,35000,35000
053442,光罩凱基96購01  ,0,0,0,0,0,0,0,0,0,35000,0,0,0,50000,15000,35000,35000
052688,新日興元大96購01,0,0,0,0,0,0,0,0,0,35000,0,0,0,49000,14000,35000,35000
052670,茂林群益96購02  ,0,0,0,0,0,0,0,0,0,35000,0,0,0,85000,50000,35000,35000
052771,GIS群益96購01   ,0,0,0,0,0,0,0,0,0,35000,0,0,0,35000,0,35000,35000
052804,淘帝元大96購01  ,0,0,0,0,0,0,0,0,0,35000,0,0,0,36000,1000,35000,35000
053124,聯發科凱基96購12,0,0,0,0,0,0,0,0,0,35000,0,0,0,120000,85000,35000,35000
053098,國巨元富96購04  ,0,0,0,0,0,0,0,0,0,35000,0,0,0,65000,30000,35000,35000
053008,達方永豐96購01  ,0,0,0,0,0,0,0,0,0,35000,0,0,0,35000,0,35000,35000
051997,康友元大95購02  ,0,0,0,0,0,0,0,0,0,35000,0,0,0,47000,12000,35000,35000
052163,康舒永豐95購02  ,0,0,0,0,0,0,0,0,0,35000,0,0,0,65000,30000,35000,35000
05173P,臺股指元大95售17,0,0,0,0,0,0,0,0,0,35000,0,0,0,65000,30000,35000,35000
3588,通嘉            ,37000,3000,34000,0,0,0,0,0,0,0,0,0,0,0,0,0,34000
3003,健和興          ,110000,53000,57000,0,0,0,1000,1000,0,-23000,0,0,0,0,23000,-23000,34000
5434,崇越            ,168000,86000,82000,0,0,0,1000,5000,-4000,-44000,2000,4000,-2000,1000,43000,-42000,34000
06249P,億光統一97售02  ,0,0,0,0,0,0,0,0,0,34000,0,0,0,34000,0,34000,34000
046806,瀚宇博元大93購03,0,0,0,0,0,0,0,0,0,34000,0,0,0,34000,0,34000,34000
045318,鴻海統一92購03  ,0,0,0,0,0,0,0,0,0,34000,0,0,0,34000,0,34000,34000
049961,GIS統一94購01   ,0,0,0,0,0,0,0,0,0,34000,0,0,0,40000,6000,34000,34000
04336P,台達電元大93售04,0,0,0,0,0,0,0,0,0,34000,0,0,0,35000,1000,34000,34000
044094,南亞科統一92購01,0,0,0,0,0,0,0,0,0,34000,0,0,0,55000,21000,34000,34000
043591,智邦元大92購02  ,0,0,0,0,0,0,0,0,0,34000,0,0,0,39000,5000,34000,34000
048516,麗豐凱基93購02  ,0,0,0,0,0,0,0,0,0,34000,0,0,0,34000,0,34000,34000
049785,華新科兆豐95購01,0,0,0,0,0,0,0,0,0,34000,0,0,0,34000,0,34000,34000
049915,瑞昱元大94購07  ,0,0,0,0,0,0,0,0,0,34000,0,0,0,41000,7000,34000,34000
051780,矽力群益95購01  ,0,0,0,0,0,0,0,0,0,34000,0,0,0,59000,25000,34000,34000
052595,奇力新群益96購01,0,0,0,0,0,0,0,0,0,34000,0,0,0,282000,248000,34000,34000
05239P,欣興永豐95售03  ,0,0,0,0,0,0,0,0,0,34000,0,0,0,34000,0,34000,34000
052402,健策凱基97購01  ,0,0,0,0,0,0,0,0,0,34000,0,0,0,152000,118000,34000,34000
052448,新光金元大96購03,0,0,0,0,0,0,0,0,0,34000,0,0,0,35000,1000,34000,34000
053888,和大群益97購01  ,0,0,0,0,0,0,0,0,0,34000,0,0,0,41000,7000,34000,34000
054069,亞光國泰98購01  ,0,0,0,0,0,0,0,0,0,34000,0,0,0,39000,5000,34000,34000
054400,健策永豐96購02  ,0,0,0,0,0,0,0,0,0,34000,0,0,0,199000,165000,34000,34000
06163P,聯詠群益97售01  ,0,0,0,0,0,0,0,0,0,33000,0,0,0,33000,0,33000,33000
2527,宏璟            ,33000,0,33000,0,0,0,0,0,0,0,0,0,0,0,0,0,33000
1789,神隆            ,85000,52000,33000,0,0,0,0,0,0,0,0,0,0,0,0,0,33000
6449,鈺邦            ,62000,29000,33000,0,0,0,0,0,0,0,0,0,0,0,0,0,33000
2852,第一保          ,34000,1000,33000,0,0,0,0,0,0,0,0,0,0,0,0,0,33000
4438,廣越            ,44000,10000,34000,0,0,0,0,0,0,-1000,0,0,0,0,1000,-1000,33000
4934,太極            ,48000,15000,33000,0,0,0,0,0,0,0,0,0,0,0,0,0,33000
055006,晶相光元富9A購01,0,0,0,0,0,0,0,0,0,33000,0,0,0,70000,37000,33000,33000
05722P,玉晶光國票97售03,0,0,0,0,0,0,0,0,0,33000,0,0,0,244000,211000,33000,33000
05552P,聯詠群益96售01  ,0,0,0,0,0,0,0,0,0,33000,0,0,0,33000,0,33000,33000
047408,嘉晶統一95購01  ,0,0,0,0,0,0,0,0,0,33000,0,0,0,33000,0,33000,33000
03087P,聯發科元大01售24,0,0,0,0,0,0,0,0,0,33000,0,0,0,33000,0,33000,33000
00850,元大臺灣ESG永續 ,0,0,0,0,0,0,0,0,0,33000,0,0,0,393000,360000,33000,33000
044614,聯茂兆豐92購02  ,0,0,0,0,0,0,0,0,0,33000,0,0,0,53000,20000,33000,33000
050257,為升元大94購07  ,0,0,0,0,0,0,0,0,0,33000,0,0,0,84000,51000,33000,33000
050296,亞光凱基94購03  ,0,0,0,0,0,0,0,0,0,33000,0,0,0,38000,5000,33000,33000
050147,為升永豐94購01  ,0,0,0,0,0,0,0,0,0,33000,0,0,0,51000,18000,33000,33000
047005,南亞科統一93購03,0,0,0,0,0,0,0,0,0,33000,0,0,0,33000,0,33000,33000
045957,技嘉凱基93購03  ,0,0,0,0,0,0,0,0,0,33000,0,0,0,34000,1000,33000,33000
046798,元油2X元大96購01,0,0,0,0,0,0,0,0,0,33000,0,0,0,33000,0,33000,33000
046151,矽創國票92購02  ,0,0,0,0,0,0,0,0,0,33000,0,0,0,33000,0,33000,33000
047519,台達電元大93購02,0,0,0,0,0,0,0,0,0,33000,0,0,0,38000,5000,33000,33000
050867,聯鈞永豐95購01  ,0,0,0,0,0,0,0,0,0,33000,0,0,0,99000,66000,33000,33000
047636,台達電元大93購03,0,0,0,0,0,0,0,0,0,33000,0,0,0,35000,2000,33000,33000
049391,廣宇中信94購01  ,0,0,0,0,0,0,0,0,0,33000,0,0,0,33000,0,33000,33000
049446,為升統一94購01  ,0,0,0,0,0,0,0,0,0,33000,0,0,0,33000,0,33000,33000
047704,智邦凱基93購06  ,0,0,0,0,0,0,0,0,0,33000,0,0,0,38000,5000,33000,33000
047822,臺股指凱基93購16,0,0,0,0,0,0,0,0,0,33000,0,0,0,41000,8000,33000,33000
05141P,華通台新96售01  ,0,0,0,0,0,0,0,0,0,33000,0,0,0,33000,0,33000,33000
05466P,旺宏富邦97售01  ,0,0,0,0,0,0,0,0,0,33000,0,0,0,33000,0,33000,33000
053816,聯發科群益96購02,0,0,0,0,0,0,0,0,0,33000,0,0,0,35000,2000,33000,33000
053590,新光金元大9A購02,0,0,0,0,0,0,0,0,0,33000,0,0,0,34000,1000,33000,33000
053548,旺宏凱基96購04  ,0,0,0,0,0,0,0,0,0,33000,0,0,0,45000,12000,33000,33000
052502,瀚宇博永豐95購02,0,0,0,0,0,0,0,0,0,33000,0,0,0,33000,0,33000,33000
052374,瑞昱元大95購02  ,0,0,0,0,0,0,0,0,0,33000,0,0,0,83000,50000,33000,33000
052528,茂林元大95購05  ,0,0,0,0,0,0,0,0,0,33000,0,0,0,76000,43000,33000,33000
053102,祥碩元富96購01  ,0,0,0,0,0,0,0,0,0,33000,0,0,0,33000,0,33000,33000
052786,S&P500中信96購01,0,0,0,0,0,0,0,0,0,33000,0,0,0,38000,5000,33000,33000
051769,矽力元大95購01  ,0,0,0,0,0,0,0,0,0,33000,0,0,0,35000,2000,33000,33000
051623,和碩凱基96購02  ,0,0,0,0,0,0,0,0,0,33000,0,0,0,50000,17000,33000,33000
052124,京鼎國票95購01  ,0,0,0,0,0,0,0,0,0,33000,0,0,0,33000,0,33000,33000
052297,旭富國票96購01  ,0,0,0,0,0,0,0,0,0,33000,0,0,0,33000,0,33000,33000
051919,台郡元大96購02  ,0,0,0,0,0,0,0,0,0,33000,0,0,0,40000,7000,33000,33000
00646,元大S&P500      ,0,0,0,0,0,0,0,0,0,32200,0,0,0,33000,800,32200,32200
055703,緯穎富邦98購01  ,0,0,0,0,0,0,0,0,0,32000,0,0,0,34000,2000,32000,32000
05786P,臺股指永昌96售03,0,0,0,0,0,0,0,0,0,32000,268000,0,268000,578000,814000,-236000,32000
05842P,台積電元大96售15,0,0,0,0,0,0,0,0,0,32000,0,0,0,32000,0,32000,32000
05954P,旺宏國票97售03  ,0,0,0,0,0,0,0,0,0,32000,0,0,0,32000,0,32000,32000
05490P,鴻海元大95售23  ,0,0,0,0,0,0,0,0,0,32000,0,0,0,52000,20000,32000,32000
054860,台積電群益98購01,0,0,0,0,0,0,0,0,0,32000,0,0,0,96000,64000,32000,32000
3090,日電貿          ,67000,32000,35000,0,0,0,1000,0,1000,-4000,3000,0,3000,0,7000,-7000,32000
06094P,台達電中信97售01,0,0,0,0,0,0,0,0,0,32000,0,0,0,33000,1000,32000,32000
041816,元油2X凱基92購01,0,0,0,0,0,0,0,0,0,32000,0,0,0,32000,0,32000,32000
04048P,大立光元大93售26,0,0,0,0,0,0,0,0,0,32000,0,0,0,32000,0,32000,32000
047389,義隆元大94購01  ,0,0,0,0,0,0,0,0,0,32000,0,0,0,132000,100000,32000,32000
047190,聯茂元大93購03  ,0,0,0,0,0,0,0,0,0,32000,0,0,0,32000,0,32000,32000
044277,彩晶群益92購01  ,0,0,0,0,0,0,0,0,0,32000,0,0,0,32000,0,32000,32000
043513,台灣50元大96購05,0,0,0,0,0,0,0,0,0,32000,0,0,0,32000,0,32000,32000
043144,台肥統一93購01  ,0,0,0,0,0,0,0,0,0,32000,0,0,0,32000,0,32000,32000
04699P,臺股指元富94售05,0,0,0,0,0,0,0,0,0,32000,0,0,0,32000,0,32000,32000
049980,奇力新凱基94購04,0,0,0,0,0,0,0,0,0,32000,0,0,0,32000,0,32000,32000
05027P,南電群益95售01  ,0,0,0,0,0,0,0,0,0,32000,0,0,0,32000,0,32000,32000
049946,智邦兆豐95購01  ,0,0,0,0,0,0,0,0,0,32000,0,0,0,132000,100000,32000,32000
049449,宏碁統一94購01  ,0,0,0,0,0,0,0,0,0,32000,0,0,0,32000,0,32000,32000
049547,新光金群益94購01,0,0,0,0,0,0,0,0,0,32000,0,0,0,152000,120000,32000,32000
049386,嘉聯益元大95購01,0,0,0,0,0,0,0,0,0,32000,0,0,0,32000,0,32000,32000
049751,牧德永豐95購01  ,0,0,0,0,0,0,0,0,0,32000,0,0,0,32000,0,32000,32000
048195,聯發科元大93購23,0,0,0,0,0,0,0,0,0,32000,0,0,0,40000,8000,32000,32000
050848,日月光國票95購01,0,0,0,0,0,0,0,0,0,32000,0,0,0,327000,295000,32000,32000
051999,勤誠元大95購01  ,0,0,0,0,0,0,0,0,0,32000,0,0,0,32000,0,32000,32000
051871,同欣電凱基95購02,0,0,0,0,0,0,0,0,0,32000,0,0,0,41000,9000,32000,32000
051835,百和元大95購03  ,0,0,0,0,0,0,0,0,0,32000,0,0,0,37000,5000,32000,32000
051805,元黃金凱基97購02,0,0,0,0,0,0,0,0,0,32000,0,0,0,32000,0,32000,32000
052550,鴻海國票97購02  ,0,0,0,0,0,0,0,0,0,32000,0,0,0,33000,1000,32000,32000
052610,貿聯元大97購01  ,0,0,0,0,0,0,0,0,0,32000,0,0,0,34000,2000,32000,32000
053175,矽力群益96購01  ,0,0,0,0,0,0,0,0,0,32000,0,0,0,37000,5000,32000,32000
054375,貿聯中信99購01  ,0,0,0,0,0,0,0,0,0,32000,0,0,0,32000,0,32000,32000
6591,動力-KY         ,174000,134227,39773,0,0,0,0,0,0,-8000,0,8000,-8000,0,0,0,31773
05983P,聯詠國票96售02  ,0,0,0,0,0,0,0,0,0,31000,0,0,0,31000,0,31000,31000
1720,生達            ,32000,1000,31000,0,0,0,0,0,0,0,0,0,0,0,0,0,31000
055158,亞光元大99購01  ,0,0,0,0,0,0,0,0,0,31000,0,0,0,50000,19000,31000,31000
055722,聯鈞元大97購03  ,0,0,0,0,0,0,0,0,0,31000,0,0,0,105000,74000,31000,31000
05563P,台積電元大97售07,0,0,0,0,0,0,0,0,0,31000,0,0,0,31000,0,31000,31000
050253,百和國泰96購01  ,0,0,0,0,0,0,0,0,0,31000,0,0,0,51000,20000,31000,31000
046958,鴻海中信93購01  ,0,0,0,0,0,0,0,0,0,31000,0,0,0,31000,0,31000,31000
046200,上海銀凱基93購01,0,0,0,0,0,0,0,0,0,31000,0,0,0,41000,10000,31000,31000
044908,玉晶光凱基93購01,0,0,0,0,0,0,0,0,0,31000,0,0,0,31000,0,31000,31000
04185P,欣興統一93售05  ,0,0,0,0,0,0,0,0,0,31000,0,0,0,31000,0,31000,31000
048857,晶豪科群益94購01,0,0,0,0,0,0,0,0,0,31000,0,0,0,31000,0,31000,31000
048731,創意麥證94購01  ,0,0,0,41000,10000,31000,0,0,0,31000,0,0,0,41000,10000,31000,31000
049264,奇鋐元大95購01  ,0,0,0,0,0,0,0,0,0,31000,0,0,0,31000,0,31000,31000
054578,世芯元大99購01  ,0,0,0,0,0,0,0,0,0,31000,0,0,0,51000,20000,31000,31000
054252,奇力新元大96購04,0,0,0,0,0,0,0,0,0,31000,0,0,0,64000,33000,31000,31000
053156,緯創元大96購02  ,0,0,0,0,0,0,0,0,0,31000,0,0,0,91000,60000,31000,31000
053319,可成群益96購04  ,0,0,0,0,0,0,0,0,0,31000,0,0,0,43000,12000,31000,31000
053321,智原群益96購02  ,0,0,0,0,0,0,0,0,0,31000,0,0,0,36000,5000,31000,31000
053349,台郡國票97購02  ,0,0,0,0,0,0,0,0,0,31000,0,0,0,51000,20000,31000,31000
052014,光罩永豐95購01  ,0,0,0,0,0,0,0,0,0,31000,0,0,0,227000,196000,31000,31000
055659,百和元富97購01  ,0,0,0,0,0,0,0,0,0,30000,0,0,0,30000,0,30000,30000
055575,華新科統一98購01,0,0,0,0,0,0,0,0,0,30000,0,0,0,30000,0,30000,30000
055880,神達元富97購02  ,0,0,0,0,0,0,0,0,0,30000,0,0,0,30000,0,30000,30000
05871P,全新凱基96售04  ,0,0,0,0,0,0,0,0,0,30000,0,0,0,30000,0,30000,30000
05902P,華通國票96售02  ,0,0,0,0,0,0,0,0,0,30000,0,0,0,30000,0,30000,30000
05795P,華邦電群益96售05,0,0,0,0,0,0,0,0,0,30000,0,0,0,30000,0,30000,30000
05806P,宏達電永豐96售03,0,0,0,0,0,0,0,0,0,30000,0,0,0,30000,0,30000,30000
05798P,臺股指群益96售12,0,0,0,0,0,0,0,0,0,30000,0,0,0,60000,30000,30000,30000
05663P,創意元富96售04  ,0,0,0,0,0,0,0,0,0,30000,0,0,0,30000,0,30000,30000
05622P,台積電中信96售02,0,0,0,0,0,0,0,0,0,30000,0,0,0,30000,0,30000,30000
055200,和大群益98購01  ,0,0,0,0,0,0,0,0,0,30000,0,0,0,30000,0,30000,30000
055192,世芯元富97購01  ,0,0,0,0,0,0,0,0,0,30000,0,0,0,38000,8000,30000,30000
055216,友達凱基98購05  ,0,0,0,0,0,0,0,0,0,30000,0,0,0,30000,0,30000,30000
054933,南港元大97購01  ,0,0,0,0,0,0,0,0,0,30000,0,0,0,129000,99000,30000,30000
1707,葡萄王          ,31000,5000,26000,0,0,0,0,0,0,4000,4000,0,4000,0,0,0,30000
05971P,世紀鋼永豐96售04,0,0,0,0,0,0,0,0,0,30000,0,0,0,30000,0,30000,30000
06068P,玉晶光康和97售01,0,0,0,0,0,0,0,0,0,30000,0,0,0,34000,4000,30000,30000
06283P,祥碩永豐97售01  ,0,0,0,0,0,0,0,0,0,30000,0,0,0,80000,50000,30000,30000
08539P,元油2X國票99售01,0,0,0,0,0,0,0,0,0,30000,0,0,0,30000,0,30000,30000
08801P,聯發科元大01售13,0,0,0,0,0,0,0,0,0,30000,0,0,0,30000,0,30000,30000
6024,群益期          ,30000,0,30000,0,0,0,0,0,0,0,0,0,0,0,0,0,30000
8454,富邦媒          ,34000,4000,30000,0,0,0,0,0,0,0,0,0,0,0,0,0,30000
04160P,儒鴻中信93售01  ,0,0,0,0,0,0,0,0,0,30000,0,0,0,30000,0,30000,30000
040692,可成統一92購01  ,0,0,0,0,0,0,0,0,0,30000,0,0,0,30000,0,30000,30000
04127P,聯茂國票93售02  ,0,0,0,0,0,0,0,0,0,30000,0,0,0,30000,0,30000,30000
041042,美律群益92購01  ,0,0,0,0,0,0,0,0,0,30000,0,0,0,70000,40000,30000,30000
044746,智易群益93購01  ,0,0,0,0,0,0,0,0,0,30000,0,0,0,30000,0,30000,30000
042280,元石油富邦96購01,0,0,0,0,0,0,0,0,0,30000,0,0,0,31000,1000,30000,30000
044462,漢唐兆豐93購01  ,0,0,0,0,0,0,0,0,0,30000,0,0,0,30000,0,30000,30000
03751P,旺宏富邦95售01  ,0,0,0,0,0,0,0,0,0,30000,0,0,0,130000,100000,30000,30000
044870,上銀統一91購02  ,0,0,0,0,0,0,0,0,0,30000,0,0,0,30000,0,30000,30000
044351,台光電元大92購02,0,0,0,0,0,0,0,0,0,30000,0,0,0,30000,0,30000,30000
044275,欣興群益92購01  ,0,0,0,0,0,0,0,0,0,30000,0,0,0,30000,0,30000,30000
043019,華晶科元大94購01,0,0,0,0,0,0,0,0,0,30000,0,0,0,30000,0,30000,30000
04370P,聯茂凱基94售05  ,0,0,0,0,0,0,0,0,0,30000,0,0,0,30000,0,30000,30000
043753,聯發科元大92購02,0,0,0,0,0,0,0,0,0,30000,0,0,0,63000,33000,30000,30000
04737P,正崴永豐94售02  ,0,0,0,0,0,0,0,0,0,30000,0,0,0,30000,0,30000,30000
047346,國巨凱基93購06  ,0,0,0,0,0,0,0,0,0,30000,0,0,0,30000,0,30000,30000
047298,聯茂元富96購01  ,0,0,0,0,0,0,0,0,0,30000,0,0,0,30000,0,30000,30000
045777,強茂元大92購02  ,0,0,0,0,0,0,0,0,0,30000,0,0,0,30000,0,30000,30000
046275,台表科凱基94購01,0,0,0,0,0,0,0,0,0,30000,0,0,0,30000,0,30000,30000
04626P,聯發科元大94售07,0,0,0,0,0,0,0,0,0,30000,0,0,0,30000,0,30000,30000
046513,景碩元大92購02  ,0,0,0,0,0,0,0,0,0,30000,0,0,0,30000,0,30000,30000
046535,宏碁群益92購01  ,0,0,0,0,0,0,0,0,0,30000,0,0,0,30000,0,30000,30000
048941,牧德永豐94購02  ,0,0,0,0,0,0,0,0,0,30000,0,0,0,30000,0,30000,30000
049928,祥碩元大94購02  ,0,0,0,0,0,0,0,0,0,30000,0,0,0,30000,0,30000,30000
050014,國巨富邦98購01  ,0,0,0,0,0,0,0,0,0,30000,0,0,0,30000,0,30000,30000
050018,高股息元大94購02,0,0,0,0,0,0,0,0,0,30000,0,0,0,30000,0,30000,30000
050148,啟碁永豐94購01  ,0,0,0,0,0,0,0,0,0,30000,0,0,0,30000,0,30000,30000
04630P,嘉聯益元大95售02,0,0,0,0,0,0,0,0,0,30000,0,0,0,30000,0,30000,30000
046913,世紀鋼凱基93購07,0,0,0,0,0,0,0,0,0,30000,0,0,0,30000,0,30000,30000
04605P,台積電兆豐94售03,0,0,0,0,0,0,0,0,0,30000,0,0,0,30000,0,30000,30000
045207,智易國泰93購02  ,0,0,0,0,0,0,0,0,0,30000,0,0,0,30000,0,30000,30000
046108,A50正2元大95購02,0,0,0,0,0,0,0,0,0,30000,0,0,0,72000,42000,30000,30000
045594,緯穎元大93購04  ,0,0,0,0,0,0,0,0,0,30000,0,0,0,30000,0,30000,30000
045448,宏達電國泰93購02,0,0,0,0,0,0,0,0,0,30000,0,0,0,30000,0,30000,30000
045682,致伸元大92購01  ,0,0,0,0,0,0,0,0,0,30000,0,0,0,30000,0,30000,30000
045646,瑞儀凱基93購05  ,0,0,0,0,0,0,0,0,0,30000,0,0,0,42000,12000,30000,30000
047098,大毅國泰94購01  ,0,0,0,0,0,0,0,0,0,30000,0,0,0,30000,0,30000,30000
049825,台積電凱基94購26,0,0,0,0,0,0,0,0,0,30000,0,0,0,112000,82000,30000,30000
049188,可成台新94購01  ,0,0,0,0,0,0,0,0,0,30000,0,0,0,30000,0,30000,30000
051009,緯創麥證95購01  ,0,0,0,30000,0,30000,0,0,0,30000,0,0,0,30000,0,30000,30000
051052,台積電群益95購01,0,0,0,0,0,0,0,0,0,30000,0,0,0,39000,9000,30000,30000
051132,喬山永豐95購02  ,0,0,0,0,0,0,0,0,0,30000,0,0,0,30000,0,30000,30000
051191,可成兆豐96購01  ,0,0,0,0,0,0,0,0,0,30000,0,0,0,30000,0,30000,30000
051207,聯茂麥證95購01  ,0,0,0,30000,0,30000,0,0,0,30000,0,0,0,30000,0,30000,30000
048758,美利達元富96購02,0,0,0,0,0,0,0,0,0,30000,0,0,0,30000,0,30000,30000
048702,正文國票95購01  ,0,0,0,0,0,0,0,0,0,30000,0,0,0,30000,0,30000,30000
048690,美律群益94購01  ,0,0,0,0,0,0,0,0,0,30000,0,0,0,40000,10000,30000,30000
049151,大立光元大94購07,0,0,0,0,0,0,0,0,0,30000,0,0,0,131000,101000,30000,30000
048609,京元電凱基93購07,0,0,0,0,0,0,0,0,0,30000,0,0,0,30000,0,30000,30000
048616,智伸科凱基93購07,0,0,0,0,0,0,0,0,0,30000,0,0,0,40000,10000,30000,30000
04859P,台達電群益94售04,0,0,0,0,0,0,0,0,0,30000,0,0,0,31000,1000,30000,30000
049117,矽格統一96購01  ,0,0,0,0,0,0,0,0,0,30000,0,0,0,30000,0,30000,30000
049399,台光電群益94購02,0,0,0,0,0,0,0,0,0,30000,0,0,0,30000,0,30000,30000
049802,可成元大94購10  ,0,0,0,0,0,0,0,0,0,30000,0,0,0,40000,10000,30000,30000
04947P,聯詠元大94售05  ,0,0,0,0,0,0,0,0,0,30000,0,0,0,30000,0,30000,30000
049425,喬山兆豐95購01  ,0,0,0,0,0,0,0,0,0,30000,0,0,0,30000,0,30000,30000
049493,可成元大94購05  ,0,0,0,0,0,0,0,0,0,30000,0,0,0,35000,5000,30000,30000
050853,南電國票96購01  ,0,0,0,0,0,0,0,0,0,30000,0,0,0,50000,20000,30000,30000
050686,欣興兆豐96購01  ,0,0,0,0,0,0,0,0,0,30000,0,0,0,30000,0,30000,30000
050687,上銀日盛94購01  ,0,0,0,0,0,0,0,0,0,30000,0,0,0,40000,10000,30000,30000
050750,上銀統一94購02  ,0,0,0,0,0,0,0,0,0,30000,0,0,0,35000,5000,30000,30000
050972,台虹永豐95購01  ,0,0,0,0,0,0,0,0,0,30000,0,0,0,30000,0,30000,30000
050653,聯鈞凱基96購01  ,0,0,0,0,0,0,0,0,0,30000,0,0,0,58000,28000,30000,30000
049615,香港2X群益98購01,0,0,0,0,0,0,0,0,0,30000,0,0,0,30000,0,30000,30000
049869,訊芯兆豐94購01  ,0,0,0,0,0,0,0,0,0,30000,0,0,0,30000,0,30000,30000
048194,華邦電元大94購04,0,0,0,0,0,0,0,0,0,30000,0,0,0,30000,0,30000,30000
048148,欣興元富93購02  ,0,0,0,0,0,0,0,0,0,30000,0,0,0,30000,0,30000,30000
047920,南亞科凱基93購04,0,0,0,0,0,0,0,0,0,30000,0,0,0,30000,0,30000,30000
047877,滬深2X中信95購07,0,0,0,0,0,0,0,0,0,30000,0,0,0,30000,0,30000,30000
048452,緯創凱基93購04  ,0,0,0,0,0,0,0,0,0,30000,0,0,0,30000,0,30000,30000
049026,晶相光群益94購01,0,0,0,0,0,0,0,0,0,30000,0,0,0,50000,20000,30000,30000
049056,玉晶光永豐95購03,0,0,0,0,0,0,0,0,0,30000,0,0,0,54000,24000,30000,30000
049096,南茂凱基94購01  ,0,0,0,0,0,0,0,0,0,30000,0,0,0,30000,0,30000,30000
047618,義隆凱基94購02  ,0,0,0,0,0,0,0,0,0,30000,0,0,0,30000,0,30000,30000
047611,滬深2X群益93購02,0,0,0,0,0,0,0,0,0,30000,0,0,0,30000,0,30000,30000
048079,燿華日盛93購01  ,0,0,0,0,0,0,0,0,0,30000,0,0,0,30000,0,30000,30000
050472,和大永豐94購01  ,0,0,0,0,0,0,0,0,0,30000,0,0,0,30000,0,30000,30000
050979,鴻海元富96購02  ,0,0,0,0,0,0,0,0,0,30000,0,0,0,31000,1000,30000,30000
050987,台泥富邦95購01  ,0,0,0,0,0,0,0,0,0,30000,0,0,0,30000,0,30000,30000
050988,廣達富邦95購01  ,0,0,0,0,0,0,0,0,0,30000,0,0,0,30000,0,30000,30000
051860,為升凱基95購01  ,0,0,0,0,0,0,0,0,0,30000,0,0,0,80000,50000,30000,30000
051756,台積電元大97購04,0,0,0,0,0,0,0,0,0,30000,0,0,0,32000,2000,30000,30000
051691,台表科凱基95購01,0,0,0,0,0,0,0,0,0,30000,0,0,0,30000,0,30000,30000
051650,矽力永豐95購01  ,0,0,0,0,0,0,0,0,0,30000,0,0,0,40000,10000,30000,30000
051506,台積電元富95購06,0,0,0,0,0,0,0,0,0,30000,0,0,0,159000,129000,30000,30000
052325,高股息中信99購01,0,0,0,0,0,0,0,0,0,30000,0,0,0,30000,0,30000,30000
052769,達興群益96購01  ,0,0,0,0,0,0,0,0,0,30000,0,0,0,30000,0,30000,30000
052874,超眾凱基96購01  ,0,0,0,0,0,0,0,0,0,30000,0,0,0,30000,0,30000,30000
053404,致新群益96購01  ,0,0,0,0,0,0,0,0,0,30000,0,0,0,30000,0,30000,30000
053252,華邦電國泰98購01,0,0,0,0,0,0,0,0,0,30000,0,0,0,30000,0,30000,30000
053131,華通國票97購03  ,0,0,0,0,0,0,0,0,0,30000,0,0,0,30000,0,30000,30000
053589,宏達電元大97購02,0,0,0,0,0,0,0,0,0,30000,0,0,0,30000,0,30000,30000
053679,緯創富邦96購01  ,0,0,0,0,0,0,0,0,0,30000,0,0,0,40000,10000,30000,30000
053784,奇力新元大97購02,0,0,0,0,0,0,0,0,0,30000,0,0,0,41000,11000,30000,30000
053889,致茂群益97購01  ,0,0,0,0,0,0,0,0,0,30000,0,0,0,40000,10000,30000,30000
053872,臻鼎元大96購04  ,0,0,0,0,0,0,0,0,0,30000,0,0,0,30000,0,30000,30000
054234,可成群益96購05  ,0,0,0,0,0,0,0,0,0,30000,0,0,0,30000,0,30000,30000
054146,康友元大96購06  ,0,0,0,0,0,0,0,0,0,30000,0,0,0,39000,9000,30000,30000
054055,全新國票99購02  ,0,0,0,0,0,0,0,0,0,30000,0,0,0,50000,20000,30000,30000
054052,日月光元大96購06,0,0,0,0,0,0,0,0,0,30000,0,0,0,30000,0,30000,30000
053940,康友元富96購01  ,0,0,0,0,0,0,0,0,0,30000,0,0,0,30000,0,30000,30000
054606,台積電永豐97購02,0,0,0,0,0,0,0,0,0,30000,0,0,0,190000,160000,30000,30000
054679,台積電康和99購01,0,0,0,0,0,0,0,0,0,30000,0,0,0,30000,0,30000,30000
054622,漢唐第一97購01  ,0,0,0,0,0,0,0,0,0,30000,0,0,0,30000,0,30000,30000
05436P,台積電群益95售07,0,0,0,0,0,0,0,0,0,30000,0,0,0,40000,10000,30000,30000
054335,緯穎永豐96購02  ,0,0,0,0,0,0,0,0,0,30000,0,0,0,30000,0,30000,30000
054442,啟碁台新96購01  ,0,0,0,0,0,0,0,0,0,30000,0,0,0,30000,0,30000,30000
1434,福懋            ,443121,294504,148617,0,0,0,0,118638,-118638,0,0,0,0,0,0,0,29979
05987P,健策統一96售02  ,0,0,0,0,0,0,0,0,0,29000,0,0,0,44000,15000,29000,29000
06005P,晶豪科永豐96售04,0,0,0,0,0,0,0,0,0,29000,0,0,0,29000,0,29000,29000
055096,緯穎群益97購01  ,0,0,0,0,0,0,0,0,0,29000,0,0,0,67000,38000,29000,29000
05723P,華通永豐96售03  ,0,0,0,0,0,0,0,0,0,29000,0,0,0,29000,0,29000,29000
05873P,華通群益97售02  ,0,0,0,0,0,0,0,0,0,29000,0,0,0,29000,0,29000,29000
047072,義隆兆豐94購01  ,0,0,0,0,0,0,0,0,0,29000,0,0,0,29000,0,29000,29000
05014P,臺股指元大95售05,0,0,0,0,0,0,0,0,0,29000,0,0,0,39000,10000,29000,29000
046342,聯發科國票92購02,0,0,0,0,0,0,0,0,0,29000,0,0,0,29000,0,29000,29000
042093,台灣50群益94購02,0,0,0,0,0,0,0,0,0,29000,0,0,0,62000,33000,29000,29000
04464P,可成元富94售04  ,0,0,0,0,0,0,0,0,0,29000,0,0,0,29000,0,29000,29000
041473,滬深2X群益93購01,0,0,0,0,0,0,0,0,0,29000,0,0,0,69000,40000,29000,29000
03039P,玉晶光國票02售04,0,0,0,0,0,0,0,0,0,29000,0,0,0,30000,1000,29000,29000
050632,國巨群益94購07  ,0,0,0,0,0,0,0,0,0,29000,0,0,0,29000,0,29000,29000
050583,瑞儀國票94購01  ,0,0,0,0,0,0,0,0,0,29000,0,0,0,29000,0,29000,29000
049885,緯穎永豐94購01  ,0,0,0,0,0,0,0,0,0,29000,0,0,0,31000,2000,29000,29000
049376,奇鋐元大94購02  ,0,0,0,0,0,0,0,0,0,29000,0,0,0,29000,0,29000,29000
049776,全新統一95購02  ,0,0,0,0,0,0,0,0,0,29000,0,0,0,65000,36000,29000,29000
049168,卜蜂凱基94購01  ,0,0,0,0,0,0,0,0,0,29000,0,0,0,29000,0,29000,29000
051227,技嘉群益97購01  ,0,0,0,0,0,0,0,0,0,29000,0,0,0,34000,5000,29000,29000
051112,台郡統一95購01  ,0,0,0,0,0,0,0,0,0,29000,0,0,0,168000,139000,29000,29000
047828,華新元大93購03  ,0,0,0,0,0,0,0,0,0,29000,0,0,0,31000,2000,29000,29000
054407,美律國票97購02  ,0,0,0,0,0,0,0,0,0,29000,0,0,0,35000,6000,29000,29000
054345,世芯國票96購02  ,0,0,0,0,0,0,0,0,0,29000,0,0,0,134000,105000,29000,29000
054538,台光電國票98購01,0,0,0,0,0,0,0,0,0,29000,0,0,0,29000,0,29000,29000
053757,聯發科國泰96購04,0,0,0,0,0,0,0,0,0,29000,0,0,0,41000,12000,29000,29000
052983,國巨元大96購07  ,0,0,0,0,0,0,0,0,0,29000,0,0,0,55000,26000,29000,29000
052342,茂林凱基96購01  ,0,0,0,0,0,0,0,0,0,29000,0,0,0,29000,0,29000,29000
052453,崇越元大95購01  ,0,0,0,0,0,0,0,0,0,29000,0,0,0,31000,2000,29000,29000
051648,TPK永豐95購01   ,0,0,0,0,0,0,0,0,0,29000,0,0,0,29000,0,29000,29000
051590,玉晶光元大96購02,0,0,0,0,0,0,0,0,0,29000,0,0,0,33000,4000,29000,29000
05169P,玉晶光元大95售03,0,0,0,0,0,0,0,0,0,29000,0,0,0,29000,0,29000,29000
8464,億豐            ,123737,123296,441,0,0,0,29000,1000,28000,0,0,0,0,0,0,0,28441
8070,長華*           ,11000,4000,7000,0,0,0,21000,0,21000,0,0,0,0,0,0,0,28000
2832,台產            ,31000,3000,28000,0,0,0,0,0,0,0,0,0,0,0,0,0,28000
06109P,華新科群益97售05,0,0,0,0,0,0,0,0,0,28000,0,0,0,28000,0,28000,28000
055582,亞德客元大97購01,0,0,0,0,0,0,0,0,0,28000,0,0,0,28000,0,28000,28000
054932,台肥元大97購01  ,0,0,0,0,0,0,0,0,0,28000,0,0,0,28000,0,28000,28000
054836,勤誠中信97購01  ,0,0,0,0,0,0,0,0,0,28000,0,0,0,39000,11000,28000,28000
054830,世芯國泰99購01  ,0,0,0,0,0,0,0,0,0,28000,0,0,0,36000,8000,28000,28000
04203P,超眾元大93售04  ,0,0,0,0,0,0,0,0,0,28000,0,0,0,28000,0,28000,28000
041206,樺漢統一92購01  ,0,0,0,0,0,0,0,0,0,28000,0,0,0,28000,0,28000,28000
00682U,元大美元指數    ,0,0,0,0,0,0,0,0,0,28000,0,0,0,69000,41000,28000,28000
03970P,奇鋐國票93售01  ,0,0,0,0,0,0,0,0,0,28000,0,0,0,28000,0,28000,28000
00731,FH富時高息低波  ,0,0,0,0,0,0,0,0,0,28000,0,0,0,50000,22000,28000,28000
044518,京鼎凱基92購01  ,0,0,0,0,0,0,0,0,0,28000,0,0,0,28000,0,28000,28000
047361,致茂群益93購01  ,0,0,0,0,0,0,0,0,0,28000,0,0,0,39000,11000,28000,28000
043037,新光金統一92購01,0,0,0,0,0,0,0,0,0,28000,0,0,0,28000,0,28000,28000
04385P,可成日盛94售01  ,0,0,0,0,0,0,0,0,0,28000,0,0,0,28000,0,28000,28000
044340,TPK統一93購01   ,0,0,0,0,0,0,0,0,0,28000,0,0,0,28000,0,28000,28000
046945,大毅元大93購01  ,0,0,0,0,0,0,0,0,0,28000,0,0,0,28000,0,28000,28000
046697,麗豐凱基94購01  ,0,0,0,0,0,0,0,0,0,28000,0,0,0,28000,0,28000,28000
050244,富邦金凱基94購01,0,0,0,0,0,0,0,0,0,28000,0,0,0,28000,0,28000,28000
045851,健策永豐92購01  ,0,0,0,0,0,0,0,0,0,28000,0,0,0,28000,0,28000,28000
045291,鴻海元大92購06  ,0,0,0,0,0,0,0,0,0,28000,0,0,0,28000,0,28000,28000
045292,鴻海元大93購03  ,0,0,0,0,0,0,0,0,0,28000,0,0,0,28000,0,28000,28000
045529,大立光永豐92購03,0,0,0,0,0,0,0,0,0,28000,0,0,0,28000,0,28000,28000
051123,和鑫群益95購01  ,0,0,0,0,0,0,0,0,0,28000,0,0,0,30000,2000,28000,28000
047749,富邦金元富93購01,0,0,0,0,0,0,0,0,0,28000,0,0,0,28000,0,28000,28000
051249,潤泰全元大95購01,0,0,0,0,0,0,0,0,0,28000,0,0,0,33000,5000,28000,28000
04958P,和大凱基94售04  ,0,0,0,0,0,0,0,0,0,28000,0,0,0,28000,0,28000,28000
049616,卜蜂群益94購01  ,0,0,0,0,0,0,0,0,0,28000,0,0,0,28000,0,28000,28000
047545,智邦凱基93購05  ,0,0,0,0,0,0,0,0,0,28000,0,0,0,28000,0,28000,28000
050471,國泰金台新94購01,0,0,0,0,0,0,0,0,0,28000,0,0,0,28000,0,28000,28000
048505,滬深2X群益99購03,0,0,0,0,0,0,0,0,0,28000,0,0,0,28000,0,28000,28000
051645,光寶科永豐95購01,0,0,0,0,0,0,0,0,0,28000,0,0,0,30000,2000,28000,28000
052140,鈺齊凱基95購02  ,0,0,0,0,0,0,0,0,0,28000,0,0,0,28000,0,28000,28000
052104,英業達兆豐96購01,0,0,0,0,0,0,0,0,0,28000,0,0,0,28000,0,28000,28000
053044,南茂凱基96購02  ,0,0,0,0,0,0,0,0,0,28000,0,0,0,28000,0,28000,28000
053480,祥碩元大96購02  ,0,0,0,0,0,0,0,0,0,28000,0,0,0,31000,3000,28000,28000
053520,康友群益96購01  ,0,0,0,0,0,0,0,0,0,28000,0,0,0,34000,6000,28000,28000
054558,劍麟群益99購01  ,0,0,0,0,0,0,0,0,0,28000,0,0,0,30000,2000,28000,28000
054627,義隆凱基98購01  ,0,0,0,0,0,0,0,0,0,28000,0,0,0,33000,5000,28000,28000
053978,創意元大96購05  ,0,0,0,0,0,0,0,0,0,28000,0,0,0,83000,55000,28000,28000
054200,美律富邦97購02  ,0,0,0,0,0,0,0,0,0,28000,0,0,0,80000,52000,28000,28000
054700,致新永豐97購01  ,0,0,0,0,0,0,0,0,0,27000,0,0,0,27000,0,27000,27000
054907,帆宣康和97購01  ,0,0,0,0,0,0,0,0,0,27000,0,0,0,27000,0,27000,27000
054970,帆宣元大97購01  ,0,0,0,0,0,0,0,0,0,27000,0,0,0,177000,150000,27000,27000
055173,瑞昱統一97購01  ,0,0,0,0,0,0,0,0,0,27000,0,0,0,67000,40000,27000,27000
06011P,貿聯元富96售04  ,0,0,0,0,0,0,0,0,0,27000,0,0,0,29000,2000,27000,27000
1527,鑽全            ,61000,60000,1000,0,0,0,27000,0,27000,-1000,0,0,0,0,1000,-1000,27000
8261,富鼎            ,42000,15000,27000,0,0,0,0,0,0,0,0,0,0,0,0,0,27000
9935,慶豐富          ,97000,67000,30000,0,0,0,0,0,0,-3000,0,0,0,1000,4000,-3000,27000
045718,瑞昱凱基92購01  ,0,0,0,0,0,0,0,0,0,27000,0,0,0,31000,4000,27000,27000
045371,元石油元大95購01,0,0,0,0,0,0,0,0,0,27000,0,0,0,30000,3000,27000,27000
046690,元油2X凱基93購03,0,0,0,0,0,0,0,0,0,27000,0,0,0,27000,0,27000,27000
046496,鴻海元大92購16  ,0,0,0,0,0,0,0,0,0,27000,0,0,0,27000,0,27000,27000
03651P,統一元大92售01  ,0,0,0,0,0,0,0,0,0,27000,0,0,0,27000,0,27000,27000
044698,奇力新元大93購01,0,0,0,0,0,0,0,0,0,27000,0,0,0,58000,31000,27000,27000
048443,旺宏凱基93購08  ,0,0,0,0,0,0,0,0,0,27000,0,0,0,28000,1000,27000,27000
047523,瑞昱元大93購09  ,0,0,0,0,0,0,0,0,0,27000,0,0,0,29000,2000,27000,27000
05072P,聯電元富95售02  ,0,0,0,0,0,0,0,0,0,27000,0,0,0,27000,0,27000,27000
050577,美律國票94購03  ,0,0,0,0,0,0,0,0,0,27000,0,0,0,27000,0,27000,27000
049496,和鑫元大95購01  ,0,0,0,0,0,0,0,0,0,27000,0,0,0,68000,41000,27000,27000
050424,鴻海凱基96購03  ,0,0,0,0,0,0,0,0,0,27000,0,0,0,27000,0,27000,27000
04871P,力成元富94售02  ,0,0,0,0,0,0,0,0,0,27000,0,0,0,27000,0,27000,27000
051450,世芯元大95購02  ,0,0,0,0,0,0,0,0,0,27000,0,0,0,31000,4000,27000,27000
051121,裕民群益97購01  ,0,0,0,0,0,0,0,0,0,27000,0,0,0,27000,0,27000,27000
053993,旺宏群益98購02  ,0,0,0,0,0,0,0,0,0,27000,0,0,0,35000,8000,27000,27000
053915,光罩國票96購02  ,0,0,0,0,0,0,0,0,0,27000,0,0,0,27000,0,27000,27000
054690,新興永豐97購01  ,0,0,0,0,0,0,0,0,0,27000,0,0,0,27000,0,27000,27000
053413,台積電國票99購01,0,0,0,0,0,0,0,0,0,27000,0,0,0,39000,12000,27000,27000
053871,臻鼎元大96購03  ,0,0,0,0,0,0,0,0,0,27000,0,0,0,27000,0,27000,27000
053020,貿聯元富96購01  ,0,0,0,0,0,0,0,0,0,27000,0,0,0,40000,13000,27000,27000
052410,智邦亞東96購01  ,0,0,0,0,0,0,0,0,0,27000,0,0,0,27000,0,27000,27000
052529,力成元大95購03  ,0,0,0,0,0,0,0,0,0,27000,0,0,0,33000,6000,27000,27000
05267P,欣興元大95售08  ,0,0,0,0,0,0,0,0,0,27000,0,0,0,37000,10000,27000,27000
3094,聯傑            ,41000,15000,26000,0,0,0,0,0,0,0,0,0,0,0,0,0,26000
2420,新巨            ,26000,6000,20000,0,0,0,6000,0,6000,0,0,0,0,0,0,0,26000
05947P,大成鋼元大96售03,0,0,0,0,0,0,0,0,0,26000,0,0,0,26000,0,26000,26000
055040,台虹富邦99購01  ,0,0,0,0,0,0,0,0,0,26000,0,0,0,27000,1000,26000,26000
054723,鴻海日盛97購01  ,0,0,0,0,0,0,0,0,0,26000,0,0,0,26000,0,26000,26000
041976,可成中信92購01  ,0,0,0,0,0,0,0,0,0,26000,0,0,0,26000,0,26000,26000
044857,玉晶光第一91購01,0,0,0,0,0,0,0,0,0,26000,0,0,0,26000,0,26000,26000
04496P,國巨國泰96售02  ,0,0,0,0,0,0,0,0,0,26000,0,0,0,26000,0,26000,26000
046965,復盛中信93購01  ,0,0,0,0,0,0,0,0,0,26000,0,0,0,30000,4000,26000,26000
04696P,亞德客國泰95售02,0,0,0,0,0,0,0,0,0,26000,0,0,0,86000,60000,26000,26000
05025P,聯發科群益95售02,0,0,0,0,0,0,0,0,0,26000,0,0,0,26000,0,26000,26000
050128,旺宏凱基94購04  ,0,0,0,0,0,0,0,0,0,26000,0,0,0,27000,1000,26000,26000
045593,GIS元大92購04   ,0,0,0,0,0,0,0,0,0,26000,0,0,0,26000,0,26000,26000
046871,美律元富93購01  ,0,0,0,0,0,0,0,0,0,26000,0,0,0,31000,5000,26000,26000
051128,台表科群益95購02,0,0,0,0,0,0,0,0,0,26000,0,0,0,196000,170000,26000,26000
051445,可成元大95購06  ,0,0,0,0,0,0,0,0,0,26000,0,0,0,26000,0,26000,26000
051465,鴻海富邦97購02  ,0,0,0,0,0,0,0,0,0,26000,0,0,0,30000,4000,26000,26000
048870,義隆國票96購01  ,0,0,0,0,0,0,0,0,0,26000,0,0,0,36000,10000,26000,26000
04971P,矽力元富94售02  ,0,0,0,0,0,0,0,0,0,26000,0,0,0,380000,354000,26000,26000
050573,光寶科國票94購01,0,0,0,0,0,0,0,0,0,26000,0,0,0,26000,0,26000,26000
049642,鴻海凱基94購16  ,0,0,0,0,0,0,0,0,0,26000,0,0,0,53000,27000,26000,26000
049691,可成元大94購06  ,0,0,0,0,0,0,0,0,0,26000,0,0,0,122000,96000,26000,26000
048127,麗豐元大94購01  ,0,0,0,0,0,0,0,0,0,26000,0,0,0,81000,55000,26000,26000
052668,聯發科群益97購01,0,0,0,0,0,0,0,0,0,26000,0,0,0,26000,0,26000,26000
052452,茂林元大95購03  ,0,0,0,0,0,0,0,0,0,26000,0,0,0,32000,6000,26000,26000
052505,友達日盛9B購02  ,0,0,0,0,0,0,0,0,0,26000,0,0,0,26000,0,26000,26000
052976,台表科群益96購03,0,0,0,0,0,0,0,0,0,26000,0,0,0,30000,4000,26000,26000
052779,欣興國票97購01  ,0,0,0,0,0,0,0,0,0,26000,0,0,0,26000,0,26000,26000
052024,臺股指永豐95購04,0,0,0,0,0,0,0,0,0,26000,0,0,0,26000,0,26000,26000
051928,大立光中信96購03,0,0,0,0,0,0,0,0,0,26000,0,0,0,74000,48000,26000,26000
051608,新日興群益96購01,0,0,0,0,0,0,0,0,0,26000,0,0,0,26000,0,26000,26000
053674,臺股指元富96購01,0,0,0,0,0,0,0,0,0,26000,0,0,0,26000,0,26000,26000
053361,友達元富99購01  ,0,0,0,0,0,0,0,0,0,26000,0,0,0,28000,2000,26000,26000
053496,義隆兆豐96購02  ,0,0,0,0,0,0,0,0,0,26000,0,0,0,26000,0,26000,26000
054647,禾伸堂群益99購01,0,0,0,0,0,0,0,0,0,26000,0,0,0,26000,0,26000,26000
05454P,奇鋐群益95售04  ,0,0,0,0,0,0,0,0,0,26000,0,0,0,26000,0,26000,26000
054189,貿聯永豐96購03  ,0,0,0,0,0,0,0,0,0,26000,0,0,0,26000,0,26000,26000
055297,啟碁元大97購01  ,0,0,0,0,0,0,0,0,0,25000,0,0,0,25000,0,25000,25000
055394,健策統一97購01  ,0,0,0,0,0,0,0,0,0,25000,0,0,0,30000,5000,25000,25000
05743P,創意元大96售01  ,0,0,0,0,0,0,0,0,0,25000,0,0,0,25000,0,25000,25000
05708P,奇力新國票97售04,0,0,0,0,0,0,0,0,0,25000,0,0,0,75000,50000,25000,25000
06236P,台積電元大97售25,0,0,0,0,0,0,0,0,0,25000,0,0,0,25000,0,25000,25000
5234,達興材料        ,47000,8000,39000,0,0,0,1000,0,1000,-15000,0,0,0,0,15000,-15000,25000
045580,冠德元大92購02  ,0,0,0,0,0,0,0,0,0,25000,0,0,0,25000,0,25000,25000
045874,東元元富92購01  ,0,0,0,0,0,0,0,0,0,25000,0,0,0,28000,3000,25000,25000
045880,超眾元富92購01  ,0,0,0,0,0,0,0,0,0,25000,0,0,0,25000,0,25000,25000
046969,聯發科群益93購05,0,0,0,0,0,0,0,0,0,25000,0,0,0,30000,5000,25000,25000
046248,技嘉群益93購02  ,0,0,0,0,0,0,0,0,0,25000,0,0,0,25000,0,25000,25000
046652,上銀元大93購02  ,0,0,0,0,0,0,0,0,0,25000,0,0,0,42000,17000,25000,25000
043728,美律國泰93購01  ,0,0,0,0,0,0,0,0,0,25000,0,0,0,25000,0,25000,25000
044875,玉晶光統一93購01,0,0,0,0,0,0,0,0,0,25000,0,0,0,25000,0,25000,25000
044919,晶技永豐91購02  ,0,0,0,0,0,0,0,0,0,25000,0,0,0,25000,0,25000,25000
042902,光寶科元大94購01,0,0,0,0,0,0,0,0,0,25000,0,0,0,27000,2000,25000,25000
03252P,台積電台新02售01,0,0,0,0,0,0,0,0,0,25000,0,0,0,25000,0,25000,25000
00709,富邦歐洲        ,0,0,0,0,0,0,0,0,0,25000,0,0,0,125000,100000,25000,25000
006207,FH滬深          ,167000,50000,117000,0,0,0,0,0,0,-92000,0,0,0,699000,791000,-92000,25000
03834P,漢唐群益93售03  ,0,0,0,0,0,0,0,0,0,25000,0,0,0,25000,0,25000,25000
049076,佳世達凱基94購01,0,0,0,0,0,0,0,0,0,25000,0,0,0,26000,1000,25000,25000
049680,臺股指國票94購13,0,0,0,0,0,0,0,0,0,25000,0,0,0,30000,5000,25000,25000
04898P,瑞儀中信95售01  ,0,0,0,0,0,0,0,0,0,25000,0,0,0,25000,0,25000,25000
048947,凌華永豐94購01  ,0,0,0,0,0,0,0,0,0,25000,0,0,0,25000,0,25000,25000
050181,富邦金元大94購02,0,0,0,0,0,0,0,0,0,25000,0,0,0,25000,0,25000,25000
050847,創意國票96購01  ,0,0,0,0,0,0,0,0,0,25000,0,0,0,25000,0,25000,25000
04935P,鴻海中信96售01  ,0,0,0,0,0,0,0,0,0,25000,0,0,0,25000,0,25000,25000
049557,南電元富94購02  ,0,0,0,0,0,0,0,0,0,25000,0,0,0,25000,0,25000,25000
048879,瀚宇博國票95購01,0,0,0,0,0,0,0,0,0,25000,0,0,0,25000,0,25000,25000
048896,凌陽國泰95購01  ,0,0,0,0,0,0,0,0,0,25000,0,0,0,25000,0,25000,25000
048834,牧德凱基94購01  ,0,0,0,0,0,0,0,0,0,25000,0,0,0,47000,22000,25000,25000
048672,日電貿永豐93購02,0,0,0,0,0,0,0,0,0,25000,0,0,0,25000,0,25000,25000
048539,巨大國票94購01  ,0,0,0,0,0,0,0,0,0,25000,0,0,0,26000,1000,25000,25000
05147P,鴻海元大95售11  ,0,0,0,0,0,0,0,0,0,25000,0,0,0,120000,95000,25000,25000
051282,GIS兆豐95購02   ,0,0,0,0,0,0,0,0,0,25000,0,0,0,25000,0,25000,25000
047752,健鼎元富93購01  ,0,0,0,0,0,0,0,0,0,25000,0,0,0,25000,0,25000,25000
048527,鴻海國票94購02  ,0,0,0,0,0,0,0,0,0,25000,0,0,0,57000,32000,25000,25000
054224,亞光統一98購01  ,0,0,0,0,0,0,0,0,0,25000,0,0,0,40000,15000,25000,25000
054138,晶技元大98購02  ,0,0,0,0,0,0,0,0,0,25000,0,0,0,35000,10000,25000,25000
054329,華新科永豐96購02,0,0,0,0,0,0,0,0,0,25000,0,0,0,25000,0,25000,25000
053246,聯詠國票97購02  ,0,0,0,0,0,0,0,0,0,25000,0,0,0,25000,0,25000,25000
053672,嘉澤元富96購02  ,0,0,0,0,0,0,0,0,0,25000,0,0,0,25000,0,25000,25000
053562,玉晶光國泰98購02,0,0,0,0,0,0,0,0,0,25000,0,0,0,28000,3000,25000,25000
053906,宏達電凱基96購02,0,0,0,0,0,0,0,0,0,25000,0,0,0,25000,0,25000,25000
051681,日月光兆豐95購01,0,0,0,0,0,0,0,0,0,25000,0,0,0,25000,0,25000,25000
052029,矽力群益95購02  ,0,0,0,0,0,0,0,0,0,25000,0,0,0,45000,20000,25000,25000
052049,緯創凱基97購01  ,0,0,0,0,0,0,0,0,0,25000,0,0,0,30000,5000,25000,25000
052173,廣達元大95購02  ,0,0,0,0,0,0,0,0,0,25000,0,0,0,25000,0,25000,25000
05219P,鴻海元大95售17  ,0,0,0,0,0,0,0,0,0,25000,0,0,0,301000,276000,25000,25000
053021,國巨國泰97購04  ,0,0,0,0,0,0,0,0,0,25000,0,0,0,25000,0,25000,25000
053055,聯詠國票97購01  ,0,0,0,0,0,0,0,0,0,25000,0,0,0,28000,3000,25000,25000
05249P,臻鼎國票95售01  ,0,0,0,0,0,0,0,0,0,25000,0,0,0,25000,0,25000,25000
052498,台積電永豐95購06,0,0,0,0,0,0,0,0,0,25000,0,0,0,30000,5000,25000,25000
052305,GIS永豐95購03   ,0,0,0,0,0,0,0,0,0,25000,0,0,0,121000,96000,25000,25000
052385,滬深2X群益99購05,0,0,0,0,0,0,0,0,0,25000,0,0,0,35000,10000,25000,25000
052712,旺宏凱基96購02  ,0,0,0,0,0,0,0,0,0,25000,0,0,0,35000,10000,25000,25000
052715,可成凱基96購01  ,0,0,0,0,0,0,0,0,0,25000,0,0,0,25000,0,25000,25000
2451,創見            ,105202,85000,20202,0,0,0,0,409,-409,5000,0,0,0,5000,0,5000,24793
3008,大立光          ,275846,221711,54135,0,0,0,0,37000,-37000,7000,1000,0,1000,6000,0,6000,24135
1234,黑松            ,25000,0,25000,0,0,0,0,0,0,-1000,0,1000,-1000,0,0,0,24000
1256,鮮活果汁-KY     ,38000,14000,24000,0,0,0,0,0,0,0,0,0,0,0,0,0,24000
05807P,泰鼎永豐96售03  ,0,0,0,0,0,0,0,0,0,24000,0,0,0,25000,1000,24000,24000
055157,晶豪科元大97購01,0,0,0,0,0,0,0,0,0,24000,0,0,0,51000,27000,24000,24000
055262,台虹國泰98購01  ,0,0,0,0,0,0,0,0,0,24000,0,0,0,25000,1000,24000,24000
055114,新日興凱基98購01,0,0,0,0,0,0,0,0,0,24000,0,0,0,32000,8000,24000,24000
04456P,日月光統一94售01,0,0,0,0,0,0,0,0,0,24000,0,0,0,34000,10000,24000,24000
04275P,南亞科凱基93售08,0,0,0,0,0,0,0,0,0,24000,0,0,0,24000,0,24000,24000
00830,國泰費城半導體  ,0,0,0,0,0,0,0,0,0,24000,0,440000,-440000,566000,102000,464000,24000
043945,智易兆豐92購02  ,0,0,0,0,0,0,0,0,0,24000,0,0,0,24000,0,24000,24000
043175,傳奇國泰93購01  ,0,0,0,0,0,0,0,0,0,24000,0,0,0,24000,0,24000,24000
046634,GIS元富93購01   ,0,0,0,0,0,0,0,0,0,24000,0,0,0,74000,50000,24000,24000
046372,東元凱基92購01  ,0,0,0,0,0,0,0,0,0,24000,0,0,0,27000,3000,24000,24000
045853,緯穎永豐92購02  ,0,0,0,0,0,0,0,0,0,24000,0,0,0,24000,0,24000,24000
047080,仁寶康和93購01  ,0,0,0,0,0,0,0,0,0,24000,0,0,0,31000,7000,24000,24000
051435,聯茂元富95購01  ,0,0,0,0,0,0,0,0,0,24000,0,0,0,67000,43000,24000,24000
049504,臺股指元大94購15,0,0,0,0,0,0,0,0,0,24000,0,0,0,24000,0,24000,24000
049906,光寶科元大94購03,0,0,0,0,0,0,0,0,0,24000,0,0,0,26000,2000,24000,24000
050946,瑞昱群益95購01  ,0,0,0,0,0,0,0,0,0,24000,0,0,0,27000,3000,24000,24000
050407,聯詠台新94購02  ,0,0,0,0,0,0,0,0,0,24000,0,0,0,24000,0,24000,24000
052718,新唐凱基96購01  ,0,0,0,0,0,0,0,0,0,24000,0,0,0,34000,10000,24000,24000
05270P,台表科元大95售05,0,0,0,0,0,0,0,0,0,24000,0,0,0,174000,150000,24000,24000
05251P,喬山台新95售02  ,0,0,0,0,0,0,0,0,0,24000,0,0,0,24000,0,24000,24000
053025,燿華富邦98購02  ,0,0,0,0,0,0,0,0,0,24000,0,0,0,93000,69000,24000,24000
052810,易華電元大96購02,0,0,0,0,0,0,0,0,0,24000,0,0,0,30000,6000,24000,24000
052934,中磊元大96購01  ,0,0,0,0,0,0,0,0,0,24000,0,0,0,98000,74000,24000,24000
052036,臺股指群益95購09,0,0,0,0,0,0,0,0,0,24000,0,0,0,24000,0,24000,24000
053428,中磊永豐96購02  ,0,0,0,0,0,0,0,0,0,24000,0,0,0,28000,4000,24000,24000
054323,旺宏台新96購02  ,0,0,0,0,0,0,0,0,0,24000,0,0,0,24000,0,24000,24000
054490,臻鼎台新96購02  ,0,0,0,0,0,0,0,0,0,24000,0,0,0,24000,0,24000,24000
054632,緯穎凱基9A購01  ,0,0,0,0,0,0,0,0,0,24000,0,0,0,46000,22000,24000,24000
055229,大毅國票97購02  ,0,0,0,0,0,0,0,0,0,23000,0,0,0,26000,3000,23000,23000
055021,亞德客國泰98購01,0,0,0,0,0,0,0,0,0,23000,0,0,0,87000,64000,23000,23000
05649P,矽創國票97售03  ,0,0,0,0,0,0,0,0,0,23000,0,0,0,23000,0,23000,23000
2425,承啟            ,114000,91000,23000,0,0,0,0,0,0,0,0,0,0,0,0,0,23000
2390,云辰            ,29000,6000,23000,0,0,0,0,0,0,0,0,0,0,0,0,0,23000
1526,日馳            ,33000,10000,23000,0,0,0,0,0,0,0,0,0,0,0,0,0,23000
2515,中工            ,140000,129000,11000,0,0,0,0,0,0,12000,0,0,0,12000,0,12000,23000
4164,承業醫          ,21000,9000,12000,0,0,0,0,0,0,11000,11000,0,11000,0,0,0,23000
4536,拓凱            ,23000,16000,7000,0,0,0,20000,0,20000,-4000,0,2000,-2000,1000,3000,-2000,23000
046499,技嘉元大92購02  ,0,0,0,0,0,0,0,0,0,23000,0,0,0,58000,35000,23000,23000
050114,群創元大95購01  ,0,0,0,0,0,0,0,0,0,23000,0,0,0,28000,5000,23000,23000
04318P,大成鋼永豐93售02,0,0,0,0,0,0,0,0,0,23000,0,0,0,25000,2000,23000,23000
045807,上緯控國票93購01,0,0,0,0,0,0,0,0,0,23000,0,0,0,23000,0,23000,23000
00865B,國泰US短期公債  ,0,0,0,0,0,0,0,0,0,23000,0,0,0,23000,0,23000,23000
03987P,亞光群益93售02  ,0,0,0,0,0,0,0,0,0,23000,0,0,0,23000,0,23000,23000
048475,台郡永豐93購02  ,0,0,0,0,0,0,0,0,0,23000,0,0,0,36000,13000,23000,23000
05084P,嘉聯益永豐95售02,0,0,0,0,0,0,0,0,0,23000,0,0,0,23000,0,23000,23000
049856,緯穎群益94購02  ,0,0,0,0,0,0,0,0,0,23000,0,0,0,23000,0,23000,23000
048591,台郡兆豐94購01  ,0,0,0,0,0,0,0,0,0,23000,0,0,0,38000,15000,23000,23000
048807,崇越中信94購01  ,0,0,0,0,0,0,0,0,0,23000,0,0,0,23000,0,23000,23000
048786,瑞昱元大94購02  ,0,0,0,0,0,0,0,0,0,23000,0,0,0,23000,0,23000,23000
051416,創意國票96購02  ,0,0,0,0,0,0,0,0,0,23000,0,0,0,25000,2000,23000,23000
054369,鴻海中信9C購01  ,0,0,0,0,0,0,0,0,0,23000,0,0,0,29000,6000,23000,23000
054131,南亞科元大96購04,0,0,0,0,0,0,0,0,0,23000,0,0,0,25000,2000,23000,23000
054123,易華電永豐96購03,0,0,0,0,0,0,0,0,0,23000,0,0,0,26000,3000,23000,23000
053381,友達元大9A購02  ,0,0,0,0,0,0,0,0,0,23000,0,0,0,32000,9000,23000,23000
053154,聯詠元大96購01  ,0,0,0,0,0,0,0,0,0,23000,0,0,0,37000,14000,23000,23000
053170,茂林群益96購04  ,0,0,0,0,0,0,0,0,0,23000,0,0,0,43000,20000,23000,23000
053523,T50反1中信9A購01,0,0,0,0,0,0,0,0,0,23000,0,0,0,115000,92000,23000,23000
053680,臺股指富邦96購01,0,0,0,0,0,0,0,0,0,23000,0,0,0,50000,27000,23000,23000
051913,緯創元大96購01  ,0,0,0,0,0,0,0,0,0,23000,0,0,0,23000,0,23000,23000
052093,麗豐元大96購04  ,0,0,0,0,0,0,0,0,0,23000,0,0,0,23000,0,23000,23000
3312,弘憶股          ,29000,7000,22000,0,0,0,0,0,0,0,0,0,0,0,0,0,22000
2007,燁興            ,22000,0,22000,0,0,0,0,0,0,0,0,0,0,0,0,0,22000
2342,茂矽            ,35000,13000,22000,0,0,0,0,0,0,0,0,0,0,0,0,0,22000
06322P,超眾統一97售04  ,0,0,0,0,0,0,0,0,0,22000,0,0,0,22000,0,22000,22000
055535,緯創群益98購01  ,0,0,0,0,0,0,0,0,0,22000,0,0,0,53000,31000,22000,22000
055665,亞德客群益97購01,0,0,0,0,0,0,0,0,0,22000,0,0,0,22000,0,22000,22000
054950,奇力新元大98購02,0,0,0,0,0,0,0,0,0,22000,0,0,0,24000,2000,22000,22000
054951,大毅元大97購01  ,0,0,0,0,0,0,0,0,0,22000,0,0,0,22000,0,22000,22000
055115,日月光凱基98購01,0,0,0,0,0,0,0,0,0,22000,0,0,0,22000,0,22000,22000
055091,微星群益97購01  ,0,0,0,0,0,0,0,0,0,22000,0,0,0,22000,0,22000,22000
055383,GIS元大97購02   ,0,0,0,0,0,0,0,0,0,22000,0,0,0,22000,0,22000,22000
047255,訊芯群益93購01  ,0,0,0,0,0,0,0,0,0,22000,0,0,0,22000,0,22000,22000
042994,葡萄王元大94購02,0,0,0,0,0,0,0,0,0,22000,0,0,0,52000,30000,22000,22000
04296P,技嘉元大93售01  ,0,0,0,0,0,0,0,0,0,22000,0,0,0,22000,0,22000,22000
049949,燿華群益96購01  ,0,0,0,0,0,0,0,0,0,22000,0,0,0,22000,0,22000,22000
047057,瀚宇博國票93購01,0,0,0,0,0,0,0,0,0,22000,0,0,0,22000,0,22000,22000
045363,台達電兆豐92購01,0,0,0,0,0,0,0,0,0,22000,0,0,0,22000,0,22000,22000
045263,高鐵凱基92購01  ,0,0,0,0,0,0,0,0,0,22000,0,0,0,22000,0,22000,22000
045937,臻鼎群益93購02  ,0,0,0,0,0,0,0,0,0,22000,0,0,0,53000,31000,22000,22000
046022,國喬元大92購01  ,0,0,0,0,0,0,0,0,0,22000,0,0,0,22000,0,22000,22000
045569,元油2X元大92購01,0,0,0,0,0,0,0,0,0,22000,0,0,0,22000,0,22000,22000
045592,台郡元大92購04  ,0,0,0,0,0,0,0,0,0,22000,0,0,0,65000,43000,22000,22000
045653,南茂凱基93購02  ,0,0,0,0,0,0,0,0,0,22000,0,0,0,22000,0,22000,22000
051287,台積電統一95購05,0,0,0,0,0,0,0,0,0,22000,0,0,0,58000,36000,22000,22000
049835,緯穎凱基94購05  ,0,0,0,0,0,0,0,0,0,22000,0,0,0,38000,16000,22000,22000
049247,光寶科元大94購02,0,0,0,0,0,0,0,0,0,22000,0,0,0,24000,2000,22000,22000
049415,智邦凱基94購02  ,0,0,0,0,0,0,0,0,0,22000,0,0,0,22000,0,22000,22000
049756,瀚宇博永豐94購01,0,0,0,0,0,0,0,0,0,22000,0,0,0,22000,0,22000,22000
050193,臻鼎元大94購02  ,0,0,0,0,0,0,0,0,0,22000,0,0,0,22000,0,22000,22000
050584,瑞儀國票95購01  ,0,0,0,0,0,0,0,0,0,22000,0,0,0,22000,0,22000,22000
050540,台積電凱基94購38,0,0,0,0,0,0,0,0,0,22000,0,0,0,22000,0,22000,22000
047940,台光電國票93購01,0,0,0,0,0,0,0,0,0,22000,0,0,0,22000,0,22000,22000
04863P,技嘉元大94售02  ,0,0,0,0,0,0,0,0,0,22000,0,0,0,22000,0,22000,22000
047895,台積電群益94購04,0,0,0,0,0,0,0,0,0,22000,0,0,0,81000,59000,22000,22000
048203,矽力元大93購02  ,0,0,0,0,0,0,0,0,0,22000,0,0,0,22000,0,22000,22000
047995,台達電元大96購01,0,0,0,0,0,0,0,0,0,22000,0,0,0,27000,5000,22000,22000
052194,旺宏元富95購04  ,0,0,0,0,0,0,0,0,0,22000,0,0,0,22000,0,22000,22000
051929,GIS中信96購01   ,0,0,0,0,0,0,0,0,0,22000,0,0,0,22000,0,22000,22000
051559,宏達電國泰96購01,0,0,0,0,0,0,0,0,0,22000,0,0,0,97000,75000,22000,22000
051723,嘉澤永豐95購01  ,0,0,0,0,0,0,0,0,0,22000,0,0,0,23000,1000,22000,22000
052812,致伸康和96購01  ,0,0,0,0,0,0,0,0,0,22000,0,0,0,22000,0,22000,22000
052994,群創台新99購01  ,0,0,0,0,0,0,0,0,0,22000,0,0,0,22000,0,22000,22000
053698,中磊元大96購02  ,0,0,0,0,0,0,0,0,0,22000,0,0,0,50000,28000,22000,22000
053535,宏達電永豐96購02,0,0,0,0,0,0,0,0,0,22000,0,0,0,22000,0,22000,22000
05381P,聯詠群益95售02  ,0,0,0,0,0,0,0,0,0,22000,0,0,0,22000,0,22000,22000
053165,大立光群益96購03,0,0,0,0,0,0,0,0,0,22000,0,0,0,27000,5000,22000,22000
054147,GIS元大96購02   ,0,0,0,0,0,0,0,0,0,22000,0,0,0,50000,28000,22000,22000
054320,國喬台新96購01  ,0,0,0,0,0,0,0,0,0,22000,0,0,0,23000,1000,22000,22000
054499,台光電永豐96購02,0,0,0,0,0,0,0,0,0,22000,0,0,0,22000,0,22000,22000
1709,和益            ,68000,46200,21800,0,0,0,0,0,0,0,0,0,0,0,0,0,21800
3557,嘉威            ,22000,783,21217,0,0,0,0,0,0,0,0,0,0,0,0,0,21217
3055,蔚華科          ,40000,19000,21000,0,0,0,0,0,0,0,0,0,0,0,0,0,21000
8011,台通            ,24000,2000,22000,0,0,0,0,0,0,-1000,0,1000,-1000,0,0,0,21000
8367,建新國際        ,21000,1000,20000,0,0,0,0,0,0,1000,1000,0,1000,0,0,0,21000
8429,金麗-KY         ,15000,5000,10000,0,0,0,0,0,0,11000,11000,0,11000,0,0,0,21000
1455,集盛            ,21000,0,21000,0,0,0,0,0,0,0,0,0,0,0,0,0,21000
2022,聚亨            ,29000,7000,22000,0,0,0,0,0,0,-1000,0,1000,-1000,0,0,0,21000
2428,興勤            ,65000,49000,16000,0,0,0,7000,0,7000,-2000,0,0,0,0,2000,-2000,21000
06142P,台虹康和97售02  ,0,0,0,0,0,0,0,0,0,21000,0,0,0,21000,0,21000,21000
06144P,台光電永豐97售01,0,0,0,0,0,0,0,0,0,21000,0,0,0,31000,10000,21000,21000
055252,新光金統一98購02,0,0,0,0,0,0,0,0,0,21000,0,0,0,21000,0,21000,21000
054969,亞翔元大97購01  ,0,0,0,0,0,0,0,0,0,21000,0,0,0,22000,1000,21000,21000
054794,貿聯群益98購01  ,0,0,0,0,0,0,0,0,0,21000,0,0,0,21000,0,21000,21000
05487P,台表科凱基95售02,0,0,0,0,0,0,0,0,0,21000,0,0,0,33000,12000,21000,21000
055599,TPK元大97購01   ,0,0,0,0,0,0,0,0,0,21000,0,0,0,21000,0,21000,21000
046024,鴻海元大92購11  ,0,0,0,0,0,0,0,0,0,21000,0,0,0,21000,0,21000,21000
050261,國巨元大95購04  ,0,0,0,0,0,0,0,0,0,21000,0,0,0,31000,10000,21000,21000
050150,國巨群益95購01  ,0,0,0,0,0,0,0,0,0,21000,0,0,0,26000,5000,21000,21000
046573,上緯控國泰94購01,0,0,0,0,0,0,0,0,0,21000,0,0,0,21000,0,21000,21000
046982,瀚宇博兆豐94購02,0,0,0,0,0,0,0,0,0,21000,0,0,0,21000,0,21000,21000
043002,鴻海元大92購02  ,0,0,0,0,0,0,0,0,0,21000,0,0,0,21000,0,21000,21000
044865,亞泥國票91購01  ,0,0,0,0,0,0,0,0,0,21000,0,0,0,21000,0,21000,21000
047468,為升中信95購01  ,0,0,0,0,0,0,0,0,0,21000,0,0,0,21000,0,21000,21000
047433,鴻海元大93購16  ,0,0,0,0,0,0,0,0,0,21000,0,0,0,35000,14000,21000,21000
04908P,南電國票95售03  ,0,0,0,0,0,0,0,0,0,21000,0,0,0,21000,0,21000,21000
050531,訊芯元大95購02  ,0,0,0,0,0,0,0,0,0,21000,0,0,0,21000,0,21000,21000
050949,亞光群益96購01  ,0,0,0,0,0,0,0,0,0,21000,0,0,0,21000,0,21000,21000
050699,京鼎凱基96購01  ,0,0,0,0,0,0,0,0,0,21000,0,0,0,86000,65000,21000,21000
049788,智伸科兆豐95購01,0,0,0,0,0,0,0,0,0,21000,0,0,0,21000,0,21000,21000
049396,元油2X群益97購03,0,0,0,0,0,0,0,0,0,21000,0,0,0,21000,0,21000,21000
049434,茂林國票95購01  ,0,0,0,0,0,0,0,0,0,21000,0,0,0,21000,0,21000,21000
048795,復盛元大94購01  ,0,0,0,0,0,0,0,0,0,21000,0,0,0,27000,6000,21000,21000
048668,奇力新永豐93購04,0,0,0,0,0,0,0,0,0,21000,0,0,0,21000,0,21000,21000
048757,美利達元富96購01,0,0,0,0,0,0,0,0,0,21000,0,0,0,24000,3000,21000,21000
054436,高鐵台新97購02  ,0,0,0,0,0,0,0,0,0,21000,0,0,0,21000,0,21000,21000
054564,玉晶光群益99購01,0,0,0,0,0,0,0,0,0,21000,0,0,0,56000,35000,21000,21000
054569,GIS群益98購01   ,0,0,0,0,0,0,0,0,0,21000,0,0,0,21000,0,21000,21000
054186,高鐵永豐96購01  ,0,0,0,0,0,0,0,0,0,21000,0,0,0,21000,0,21000,21000
053973,晶豪科元大96購01,0,0,0,0,0,0,0,0,0,21000,0,0,0,21000,0,21000,21000
053228,康友台新97購01  ,0,0,0,0,0,0,0,0,0,21000,0,0,0,21000,0,21000,21000
053317,友達群益9A購02  ,0,0,0,0,0,0,0,0,0,21000,0,0,0,24000,3000,21000,21000
053430,樺漢永豐96購01  ,0,0,0,0,0,0,0,0,0,21000,0,0,0,31000,10000,21000,21000
053494,南亞科兆豐96購02,0,0,0,0,0,0,0,0,0,21000,0,0,0,21000,0,21000,21000
053857,宏達電富邦97購02,0,0,0,0,0,0,0,0,0,21000,0,0,0,25000,4000,21000,21000
053569,漢唐統一98購01  ,0,0,0,0,0,0,0,0,0,21000,0,0,0,21000,0,21000,21000
052831,華固群益96購01  ,0,0,0,0,0,0,0,0,0,21000,0,0,0,21000,0,21000,21000
05248P,矽創群益96售01  ,0,0,0,0,0,0,0,0,0,21000,0,0,0,22000,1000,21000,21000
052450,嘉澤元大95購03  ,0,0,0,0,0,0,0,0,0,21000,0,0,0,96000,75000,21000,21000
052726,鴻海元富96購03  ,0,0,0,0,0,0,0,0,0,21000,0,0,0,124000,103000,21000,21000
052666,瑞昱群益96購01  ,0,0,0,0,0,0,0,0,0,21000,0,0,0,24000,3000,21000,21000
051715,和碩台新95購01  ,0,0,0,0,0,0,0,0,0,21000,0,0,0,21000,0,21000,21000
051869,康控凱基96購01  ,0,0,0,0,0,0,0,0,0,21000,0,0,0,21000,0,21000,21000
051828,微星元大95購03  ,0,0,0,0,0,0,0,0,0,21000,0,0,0,21000,0,21000,21000
051954,矽力元富95購04  ,0,0,0,0,0,0,0,0,0,21000,0,0,0,21000,0,21000,21000
052043,瑞昱日盛95購01  ,0,0,0,0,0,0,0,0,0,21000,0,0,0,118000,97000,21000,21000
052132,旺宏凱基9B購01  ,0,0,0,0,0,0,0,0,0,21000,0,0,0,21000,0,21000,21000
055534,晶技群益97購03  ,0,0,0,0,0,0,0,0,0,20000,0,0,0,20000,0,20000,20000
055520,矽力中信97購02  ,0,0,0,0,0,0,0,0,0,20000,0,0,0,50000,30000,20000,20000
05547P,群創元大96售03  ,0,0,0,0,0,0,0,0,0,20000,0,0,0,20000,0,20000,20000
055664,和大群益98購02  ,0,0,0,0,0,0,0,0,0,20000,0,0,0,20000,0,20000,20000
055691,訊芯凱基97購02  ,0,0,0,0,0,0,0,0,0,20000,0,0,0,20000,0,20000,20000
05569P,漢唐統一97售01  ,0,0,0,0,0,0,0,0,0,20000,0,0,0,20000,0,20000,20000
05574P,英業達元富96售01,0,0,0,0,0,0,0,0,0,20000,0,0,0,20000,0,20000,20000
05794P,華邦電群益96售04,0,0,0,0,0,0,0,0,0,20000,0,0,0,20000,0,20000,20000
05861P,瀚宇博永豐96售02,0,0,0,0,0,0,0,0,0,20000,0,0,0,20000,0,20000,20000
054834,帆宣中信97購01  ,0,0,0,0,0,0,0,0,0,20000,0,0,0,20000,0,20000,20000
054842,台達電兆豐98購01,0,0,0,0,0,0,0,0,0,20000,0,0,0,20000,0,20000,20000
05473P,聯詠統一97售02  ,0,0,0,0,0,0,0,0,0,20000,0,0,0,20000,0,20000,20000
05496P,聯詠統一95售04  ,0,0,0,0,0,0,0,0,0,20000,0,0,0,20000,0,20000,20000
054895,南電統一97購01  ,0,0,0,0,0,0,0,0,0,20000,0,0,0,20000,0,20000,20000
055237,晶豪科台新97購01,0,0,0,0,0,0,0,0,0,20000,0,0,0,20000,0,20000,20000
055250,華新科統一97購02,0,0,0,0,0,0,0,0,0,20000,0,0,0,20000,0,20000,20000
055062,文曄永豐97購01  ,0,0,0,0,0,0,0,0,0,20000,0,0,0,20000,0,20000,20000
055405,華泰國泰98購01  ,0,0,0,0,0,0,0,0,0,20000,0,0,0,20000,0,20000,20000
055266,京鼎永豐97購01  ,0,0,0,0,0,0,0,0,0,20000,0,0,0,20000,0,20000,20000
055341,台達電凱基97購02,0,0,0,0,0,0,0,0,0,20000,0,0,0,22000,2000,20000,20000
05991P,聯茂群益96售05  ,0,0,0,0,0,0,0,0,0,20000,0,0,0,20000,0,20000,20000
06069P,台積電永豐97售01,0,0,0,0,0,0,0,0,0,20000,0,0,0,20000,0,20000,20000
06083P,華通統一98售02  ,0,0,0,0,0,0,0,0,0,20000,0,0,0,66000,46000,20000,20000
06302P,臺股指元大97售06,0,0,0,0,0,0,0,0,0,20000,0,0,0,20000,0,20000,20000
06247P,同欣電元富97售02,0,0,0,0,0,0,0,0,0,20000,0,0,0,20000,0,20000,20000
08974P,可成群益02售02  ,0,0,0,0,0,0,0,0,0,20000,0,0,0,20000,0,20000,20000
1417,嘉裕            ,33000,12000,21000,0,0,0,0,0,0,-1000,0,1000,-1000,0,0,0,20000
1711,永光            ,20000,0,20000,0,0,0,0,0,0,0,0,0,0,0,0,0,20000
6142,友勁            ,1000,0,1000,0,0,0,0,0,0,19000,20000,1000,19000,0,0,0,20000
3167,大量            ,28000,8000,20000,0,0,0,0,0,0,0,0,0,0,0,0,0,20000
4551,智伸科          ,249000,139000,110000,0,0,0,15000,2000,13000,-103000,9000,18000,-9000,7000,101000,-94000,20000
047301,啟碁國泰94購01  ,0,0,0,0,0,0,0,0,0,20000,0,0,0,20000,0,20000,20000
044846,旺宏統一93購01  ,0,0,0,0,0,0,0,0,0,20000,0,0,0,24000,4000,20000,20000
044356,創意元大92購04  ,0,0,0,0,0,0,0,0,0,20000,0,0,0,20000,0,20000,20000
044930,元黃金富邦93購01,0,0,0,0,0,0,0,0,0,20000,0,0,0,20000,0,20000,20000
044945,南亞科群益92購01,0,0,0,0,0,0,0,0,0,20000,0,0,0,20000,0,20000,20000
044401,亞光凱基93購01  ,0,0,0,0,0,0,0,0,0,20000,0,0,0,20000,0,20000,20000
043525,創意元大92購02  ,0,0,0,0,0,0,0,0,0,20000,0,0,0,20000,0,20000,20000
043529,泰鼎元大92購01  ,0,0,0,0,0,0,0,0,0,20000,0,0,0,20000,0,20000,20000
04353P,全新永豐94售01  ,0,0,0,0,0,0,0,0,0,20000,0,0,0,20000,0,20000,20000
042953,鴻海台新01購01  ,0,0,0,0,0,0,0,0,0,20000,0,0,0,23000,3000,20000,20000
043896,台積電群益92購06,0,0,0,0,0,0,0,0,0,20000,0,0,0,20000,0,20000,20000
043972,大立光富邦93購02,0,0,0,0,0,0,0,0,0,20000,0,0,0,20000,0,20000,20000
044273,微星群益92購01  ,0,0,0,0,0,0,0,0,0,20000,0,0,0,20000,0,20000,20000
044801,微星凱基93購01  ,0,0,0,0,0,0,0,0,0,20000,0,0,0,20000,0,20000,20000
04415P,牧德元富94售05  ,0,0,0,0,0,0,0,0,0,20000,0,0,0,20000,0,20000,20000
044163,台光電元大92購01,0,0,0,0,0,0,0,0,0,20000,0,0,0,22000,2000,20000,20000
04023P,臺股指元富99售02,0,0,0,0,0,0,0,0,0,20000,0,0,0,20000,0,20000,20000
041210,群創元富93購01  ,0,0,0,0,0,0,0,0,0,20000,0,0,0,70000,50000,20000,20000
04165P,南亞科元富95售03,0,0,0,0,0,0,0,0,0,20000,0,0,0,20000,0,20000,20000
03290P,亞德客元大02售01,0,0,0,0,0,0,0,0,0,20000,0,0,0,20000,0,20000,20000
03027P,玉晶光元大01售09,0,0,0,0,0,0,0,0,0,20000,0,0,0,20000,0,20000,20000
04272P,元上證凱基94售01,0,0,0,0,0,0,0,0,0,20000,0,0,0,20000,0,20000,20000
04267P,康控元富93售04  ,0,0,0,0,0,0,0,0,0,20000,0,0,0,20000,0,20000,20000
04227P,滬深2X永豐94售04,0,0,0,0,0,0,0,0,0,20000,0,0,0,20000,0,20000,20000
042527,台灣50永豐94購01,0,0,0,0,0,0,0,0,0,20000,0,0,0,20000,0,20000,20000
044569,華邦電凱基92購01,0,0,0,0,0,0,0,0,0,20000,0,0,0,21000,1000,20000,20000
044631,聯茂元大92購02  ,0,0,0,0,0,0,0,0,0,20000,0,0,0,20000,0,20000,20000
044775,TPK元大93購01   ,0,0,0,0,0,0,0,0,0,20000,0,0,0,20000,0,20000,20000
03830P,緯創中信95售01  ,0,0,0,0,0,0,0,0,0,20000,0,0,0,20000,0,20000,20000
03824P,燿華元大94售01  ,0,0,0,0,0,0,0,0,0,20000,0,0,0,20000,0,20000,20000
03807P,康友元富93售02  ,0,0,0,0,0,0,0,0,0,20000,0,0,0,20000,0,20000,20000
03908P,致茂元大93售03  ,0,0,0,0,0,0,0,0,0,20000,0,0,0,20000,0,20000,20000
03909P,奇鋐元大93售04  ,0,0,0,0,0,0,0,0,0,20000,0,0,0,20000,0,20000,20000
03481P,欣興群益02售08  ,0,0,0,0,0,0,0,0,0,20000,0,0,0,20000,0,20000,20000
047000,和大統一93購01  ,0,0,0,0,0,0,0,0,0,20000,0,0,0,20000,0,20000,20000
046953,嘉聯益國票94購01,0,0,0,0,0,0,0,0,0,20000,0,0,0,20000,0,20000,20000
046646,冠德國泰94購01  ,0,0,0,0,0,0,0,0,0,20000,0,0,0,20000,0,20000,20000
04692P,大立光群益94售06,0,0,0,0,0,0,0,0,0,20000,0,0,0,30000,10000,20000,20000
046476,鴻海統一96購01  ,0,0,0,0,0,0,0,0,0,20000,0,0,0,157000,137000,20000,20000
046537,聯發科群益93購02,0,0,0,0,0,0,0,0,0,20000,0,0,0,20000,0,20000,20000
046532,元石油群益93購01,0,0,0,0,0,0,0,0,0,20000,0,0,0,20000,0,20000,20000
046410,國泰金元大92購03,0,0,0,0,0,0,0,0,0,20000,0,0,0,21000,1000,20000,20000
050111,全新元大95購02  ,0,0,0,0,0,0,0,0,0,20000,0,0,0,107000,87000,20000,20000
050154,可成群益94購05  ,0,0,0,0,0,0,0,0,0,20000,0,0,0,20000,0,20000,20000
050002,智原永豐94購02  ,0,0,0,0,0,0,0,0,0,20000,0,0,0,20000,0,20000,20000
047485,景碩凱基94購01  ,0,0,0,0,0,0,0,0,0,20000,0,0,0,20000,0,20000,20000
05022P,智易凱基95售01  ,0,0,0,0,0,0,0,0,0,20000,0,0,0,20000,0,20000,20000
050356,緯穎群益94購05  ,0,0,0,0,0,0,0,0,0,20000,0,0,0,55000,35000,20000,20000
045929,信邦永豐92購01  ,0,0,0,0,0,0,0,0,0,20000,0,0,0,20000,0,20000,20000
045966,聯詠凱基92購07  ,0,0,0,0,0,0,0,0,0,20000,0,0,0,20000,0,20000,20000
045955,宏碁凱基93購01  ,0,0,0,0,0,0,0,0,0,20000,0,0,0,20000,0,20000,20000
045894,智伸科元大92購01,0,0,0,0,0,0,0,0,0,20000,0,0,0,20000,0,20000,20000
045283,上銀永豐92購01  ,0,0,0,0,0,0,0,0,0,20000,0,0,0,20000,0,20000,20000
04710P,台積電元大94售16,0,0,0,0,0,0,0,0,0,20000,0,0,0,20000,0,20000,20000
045873,元油2X元富98購04,0,0,0,0,0,0,0,0,0,20000,0,0,0,22000,2000,20000,20000
046788,貿聯永豐93購01  ,0,0,0,0,0,0,0,0,0,20000,0,0,0,20000,0,20000,20000
046790,康友永豐93購01  ,0,0,0,0,0,0,0,0,0,20000,0,0,0,40000,20000,20000,20000
046726,台新金元大93購01,0,0,0,0,0,0,0,0,0,20000,0,0,0,20000,0,20000,20000
046746,儒鴻凱基93購03  ,0,0,0,0,0,0,0,0,0,20000,0,0,0,20000,0,20000,20000
045624,緯穎永豐92購01  ,0,0,0,0,0,0,0,0,0,20000,0,0,0,20000,0,20000,20000
045721,中信金凱基92購01,0,0,0,0,0,0,0,0,0,20000,0,0,0,20000,0,20000,20000
045098,世紀鋼元大92購03,0,0,0,0,0,0,0,0,0,20000,0,0,0,20000,0,20000,20000
04557P,茂林群益94售03  ,0,0,0,0,0,0,0,0,0,20000,0,0,0,20000,0,20000,20000
045440,旺宏元富92購01  ,0,0,0,0,0,0,0,0,0,20000,0,0,0,20000,0,20000,20000
046896,臻鼎群益94購01  ,0,0,0,0,0,0,0,0,0,20000,0,0,0,41000,21000,20000,20000
046833,晶技群益93購01  ,0,0,0,0,0,0,0,0,0,20000,0,0,0,20000,0,20000,20000
046103,麗豐永豐92購01  ,0,0,0,0,0,0,0,0,0,20000,0,0,0,20000,0,20000,20000
045130,瑞昱統一92購01  ,0,0,0,0,0,0,0,0,0,20000,0,0,0,20000,0,20000,20000
045161,玉晶光國泰94購03,0,0,0,0,0,0,0,0,0,20000,0,0,0,20000,0,20000,20000
04877P,聯發科麥證94售04,0,0,0,20000,0,20000,0,0,0,20000,0,0,0,20000,0,20000,20000
048693,GIS群益94購02   ,0,0,0,0,0,0,0,0,0,20000,0,0,0,20000,0,20000,20000
048809,創意亞東94購01  ,0,0,0,0,0,0,0,0,0,20000,0,0,0,20000,0,20000,20000
049125,禾伸堂元富94購01,0,0,0,0,0,0,0,0,0,20000,0,0,0,129000,109000,20000,20000
049126,玉晶光元富94購02,0,0,0,0,0,0,0,0,0,20000,0,0,0,20000,0,20000,20000
048545,嘉澤永豐93購03  ,0,0,0,0,0,0,0,0,0,20000,0,0,0,27000,7000,20000,20000
050420,鴻海凱基95購03  ,0,0,0,0,0,0,0,0,0,20000,0,0,0,26000,6000,20000,20000
048580,台達電富邦93購01,0,0,0,0,0,0,0,0,0,20000,0,0,0,20000,0,20000,20000
048572,美利達元大96購04,0,0,0,0,0,0,0,0,0,20000,0,0,0,20000,0,20000,20000
050412,全新永豐94購04  ,0,0,0,0,0,0,0,0,0,20000,0,0,0,20000,0,20000,20000
048564,智易元大94購01  ,0,0,0,0,0,0,0,0,0,20000,0,0,0,20000,0,20000,20000
048906,強茂富邦95購01  ,0,0,0,0,0,0,0,0,0,20000,0,0,0,20000,0,20000,20000
048932,美食永豐94購01  ,0,0,0,0,0,0,0,0,0,20000,0,0,0,20000,0,20000,20000
05040P,聯發科凱基95售05,0,0,0,0,0,0,0,0,0,20000,0,0,0,20000,0,20000,20000
049517,台光電國票94購02,0,0,0,0,0,0,0,0,0,20000,0,0,0,20000,0,20000,20000
049518,宏達電國票95購02,0,0,0,0,0,0,0,0,0,20000,0,0,0,20000,0,20000,20000
049565,楠梓電統一94購01,0,0,0,0,0,0,0,0,0,20000,0,0,0,20000,0,20000,20000
049573,長榮航統一95購01,0,0,0,0,0,0,0,0,0,20000,0,0,0,20000,0,20000,20000
049598,超眾元大95購03  ,0,0,0,0,0,0,0,0,0,20000,0,0,0,20000,0,20000,20000
049810,欣興元大95購03  ,0,0,0,0,0,0,0,0,0,20000,0,0,0,20000,0,20000,20000
04934P,鴻海中信94售05  ,0,0,0,0,0,0,0,0,0,20000,0,0,0,60000,40000,20000,20000
049777,華新科統一94購06,0,0,0,0,0,0,0,0,0,20000,0,0,0,20000,0,20000,20000
049797,台積電元大94購17,0,0,0,0,0,0,0,0,0,20000,0,0,0,20000,0,20000,20000
049762,華邦電國泰95購01,0,0,0,0,0,0,0,0,0,20000,0,0,0,20000,0,20000,20000
049725,台郡國票94購03  ,0,0,0,0,0,0,0,0,0,20000,0,0,0,20000,0,20000,20000
047810,聯發科凱基93購22,0,0,0,0,0,0,0,0,0,20000,0,0,0,20000,0,20000,20000
051042,中磊永豐95購01  ,0,0,0,0,0,0,0,0,0,20000,0,0,0,20000,0,20000,20000
051016,京元電凱基95購03,0,0,0,0,0,0,0,0,0,20000,0,0,0,20000,0,20000,20000
051313,緯創麥證95購02  ,0,0,0,20000,0,20000,0,0,0,20000,0,0,0,20000,0,20000,20000
051272,嘉晶群益95購01  ,0,0,0,0,0,0,0,0,0,20000,0,0,0,20000,0,20000,20000
051223,台化群益95購01  ,0,0,0,0,0,0,0,0,0,20000,0,0,0,20000,0,20000,20000
051182,旺宏永豐95購01  ,0,0,0,0,0,0,0,0,0,20000,0,0,0,29000,9000,20000,20000
051170,南電元大95購03  ,0,0,0,0,0,0,0,0,0,20000,0,0,0,20000,0,20000,20000
051386,富邦金麥證96購01,0,0,0,20000,0,20000,0,0,0,20000,0,0,0,20000,0,20000,20000
051387,新光金麥證96購01,0,0,0,20000,0,20000,0,0,0,20000,0,0,0,20000,0,20000,20000
051365,瀚宇博國泰97購01,0,0,0,0,0,0,0,0,0,20000,0,0,0,28000,8000,20000,20000
051332,奇力新永豐95購01,0,0,0,0,0,0,0,0,0,20000,0,0,0,20000,0,20000,20000
049851,致伸群益94購03  ,0,0,0,0,0,0,0,0,0,20000,0,0,0,20000,0,20000,20000
050796,燿華中信95購01  ,0,0,0,0,0,0,0,0,0,20000,0,0,0,20000,0,20000,20000
050646,美律凱基96購01  ,0,0,0,0,0,0,0,0,0,20000,0,0,0,20000,0,20000,20000
050663,麗豐元大96購03  ,0,0,0,0,0,0,0,0,0,20000,0,0,0,28000,8000,20000,20000
050607,為升元大94購10  ,0,0,0,0,0,0,0,0,0,20000,0,0,0,21000,1000,20000,20000
050179,全新元大96購02  ,0,0,0,0,0,0,0,0,0,20000,0,0,0,55000,35000,20000,20000
050441,和碩凱基94購01  ,0,0,0,0,0,0,0,0,0,20000,0,0,0,20000,0,20000,20000
047572,深中小群益95購01,0,0,0,0,0,0,0,0,0,20000,0,0,0,20000,0,20000,20000
048372,美利達統一93購01,0,0,0,0,0,0,0,0,0,20000,0,0,0,20000,0,20000,20000
049698,TPK元大95購01   ,0,0,0,0,0,0,0,0,0,20000,0,0,0,20000,0,20000,20000
048955,慧洋康和94購01  ,0,0,0,0,0,0,0,0,0,20000,0,0,0,20000,0,20000,20000
048632,大成鋼元大93購02,0,0,0,0,0,0,0,0,0,20000,0,0,0,20000,0,20000,20000
048648,祥碩元大93購03  ,0,0,0,0,0,0,0,0,0,20000,0,0,0,20000,0,20000,20000
049050,崇越康和94購01  ,0,0,0,0,0,0,0,0,0,20000,0,0,0,90000,70000,20000,20000
049054,禾伸堂永豐94購01,0,0,0,0,0,0,0,0,0,20000,0,0,0,25000,5000,20000,20000
049027,智易群益94購02  ,0,0,0,0,0,0,0,0,0,20000,0,0,0,20000,0,20000,20000
048434,樺漢國票93購02  ,0,0,0,0,0,0,0,0,0,20000,0,0,0,20000,0,20000,20000
048502,百和元大93購01  ,0,0,0,0,0,0,0,0,0,20000,0,0,0,30000,10000,20000,20000
048215,A50正2凱基95購01,0,0,0,0,0,0,0,0,0,20000,0,0,0,20000,0,20000,20000
048184,達運群益93購01  ,0,0,0,0,0,0,0,0,0,20000,0,0,0,20000,0,20000,20000
048247,聯發科兆豐93購03,0,0,0,0,0,0,0,0,0,20000,0,0,0,20000,0,20000,20000
048128,超眾元大95購01  ,0,0,0,0,0,0,0,0,0,20000,0,0,0,65000,45000,20000,20000
047913,美利達麥證93購01,0,0,0,21000,0,21000,0,0,0,20000,0,0,0,21000,1000,20000,20000
048019,GIS麥證94購01   ,0,0,0,520000,0,520000,0,0,0,20000,0,0,0,520000,500000,20000,20000
048085,鴻海凱基93購32  ,0,0,0,0,0,0,0,0,0,20000,0,0,0,33000,13000,20000,20000
047634,亞德客元大93購01,0,0,0,0,0,0,0,0,0,20000,0,0,0,22000,2000,20000,20000
047670,矽力永豐93購01  ,0,0,0,0,0,0,0,0,0,20000,0,0,0,20000,0,20000,20000
050857,義隆台新95購01  ,0,0,0,0,0,0,0,0,0,20000,0,0,0,20000,0,20000,20000
050452,智原元大95購04  ,0,0,0,0,0,0,0,0,0,20000,0,0,0,20000,0,20000,20000
050870,旭富永豐95購01  ,0,0,0,0,0,0,0,0,0,20000,0,0,0,20000,0,20000,20000
047482,新光金凱基99購03,0,0,0,0,0,0,0,0,0,20000,0,0,0,120000,100000,20000,20000
05037P,華新科元大95售09,0,0,0,0,0,0,0,0,0,20000,0,0,0,20000,0,20000,20000
050933,南亞國票95購01  ,0,0,0,0,0,0,0,0,0,20000,0,0,0,40000,20000,20000,20000
052250,光磊永豐95購01  ,0,0,0,0,0,0,0,0,0,20000,0,0,0,20000,0,20000,20000
052031,臺股指群益95購04,0,0,0,0,0,0,0,0,0,20000,0,0,0,20000,0,20000,20000
052009,群創第一95購01  ,0,0,0,0,0,0,0,0,0,20000,0,0,0,20000,0,20000,20000
052060,旺宏國票96購02  ,0,0,0,0,0,0,0,0,0,20000,0,0,0,20000,0,20000,20000
052076,可成元富98購01  ,0,0,0,0,0,0,0,0,0,20000,0,0,0,20000,0,20000,20000
051994,瀚宇博元大96購01,0,0,0,0,0,0,0,0,0,20000,0,0,0,20000,0,20000,20000
051813,GIS凱基96購02   ,0,0,0,0,0,0,0,0,0,20000,0,0,0,30000,10000,20000,20000
05181P,健策凱基95售01  ,0,0,0,0,0,0,0,0,0,20000,0,0,0,20000,0,20000,20000
051862,旺宏凱基95購05  ,0,0,0,0,0,0,0,0,0,20000,0,0,0,26000,6000,20000,20000
051709,TPK群益95購02   ,0,0,0,0,0,0,0,0,0,20000,0,0,0,20000,0,20000,20000
051705,富邦金群益97購01,0,0,0,0,0,0,0,0,0,20000,0,0,0,22000,2000,20000,20000
051754,廣宇元大95購01  ,0,0,0,0,0,0,0,0,0,20000,0,0,0,20000,0,20000,20000
051491,貿聯凱基95購01  ,0,0,0,0,0,0,0,0,0,20000,0,0,0,20000,0,20000,20000
052650,台郡永豐96購01  ,0,0,0,0,0,0,0,0,0,20000,0,0,0,20000,0,20000,20000
052731,宏達電國泰98購01,0,0,0,0,0,0,0,0,0,20000,0,0,0,120000,100000,20000,20000
052687,國泰金元大96購03,0,0,0,0,0,0,0,0,0,20000,0,0,0,58000,38000,20000,20000
052690,台表科元大97購01,0,0,0,0,0,0,0,0,0,20000,0,0,0,23000,3000,20000,20000
052546,友達中信98購01  ,0,0,0,0,0,0,0,0,0,20000,0,0,0,20000,0,20000,20000
05250P,臻鼎國票96售01  ,0,0,0,0,0,0,0,0,0,20000,0,0,0,20000,0,20000,20000
052307,潤泰全國泰96購01,0,0,0,0,0,0,0,0,0,20000,0,0,0,20000,0,20000,20000
052318,友達元大98購01  ,0,0,0,0,0,0,0,0,0,20000,0,0,0,20000,0,20000,20000
05280P,華通元大95售08  ,0,0,0,0,0,0,0,0,0,20000,0,0,0,20000,0,20000,20000
052767,智伸科群益98購01,0,0,0,0,0,0,0,0,0,20000,0,0,0,20000,0,20000,20000
052891,台泥群益96購01  ,0,0,0,0,0,0,0,0,0,20000,0,0,0,22000,2000,20000,20000
052894,國巨群益96購03  ,0,0,0,0,0,0,0,0,0,20000,0,0,0,20000,0,20000,20000
052847,漢唐統一99購01  ,0,0,0,0,0,0,0,0,0,20000,0,0,0,20000,0,20000,20000
052993,欣興台新97購01  ,0,0,0,0,0,0,0,0,0,20000,0,0,0,20000,0,20000,20000
053039,聯發科凱基96購11,0,0,0,0,0,0,0,0,0,20000,0,0,0,60000,40000,20000,20000
053530,聯發科康和96購01,0,0,0,0,0,0,0,0,0,20000,0,0,0,25000,5000,20000,20000
053557,聯茂凱基96購04  ,0,0,0,0,0,0,0,0,0,20000,0,0,0,20000,0,20000,20000
053661,嘉澤凱基97購01  ,0,0,0,0,0,0,0,0,0,20000,0,0,0,27000,7000,20000,20000
053833,彩晶台新97購02  ,0,0,0,0,0,0,0,0,0,20000,0,0,0,120000,100000,20000,20000
05380P,鴻海群益95售11  ,0,0,0,0,0,0,0,0,0,20000,0,0,0,20000,0,20000,20000
05387P,鴻海元大95售21  ,0,0,0,0,0,0,0,0,0,20000,0,0,0,241000,221000,20000,20000
053738,群創麥證96購01  ,0,0,0,70000,50000,20000,0,0,0,20000,0,0,0,70000,50000,20000,20000
05349P,可成元富98售03  ,0,0,0,0,0,0,0,0,0,20000,0,0,0,20000,0,20000,20000
053479,達興元大96購01  ,0,0,0,0,0,0,0,0,0,20000,0,0,0,20000,0,20000,20000
053437,啟碁日盛96購01  ,0,0,0,0,0,0,0,0,0,20000,0,0,0,20000,0,20000,20000
053286,臺股指元大96購14,0,0,0,0,0,0,0,0,0,20000,0,0,0,20000,0,20000,20000
053173,矽格群益97購01  ,0,0,0,0,0,0,0,0,0,20000,0,0,0,50000,30000,20000,20000
053212,友達凱基99購04  ,0,0,0,0,0,0,0,0,0,20000,0,0,0,27000,7000,20000,20000
054233,聯發科群益96購04,0,0,0,0,0,0,0,0,0,20000,0,0,0,22000,2000,20000,20000
054584,貿聯元富97購01  ,0,0,0,0,0,0,0,0,0,20000,0,0,0,20000,0,20000,20000
054536,宏達電富邦97購03,0,0,0,0,0,0,0,0,0,20000,0,0,0,20000,0,20000,20000
054652,裕隆麥證97購01  ,0,0,0,20000,0,20000,0,0,0,20000,0,0,0,20000,0,20000,20000
054342,亞光元富99購01  ,0,0,0,0,0,0,0,0,0,20000,0,0,0,20000,0,20000,20000
6414,樺漢            ,113000,75081,37919,0,0,0,0,1016,-1016,-17000,3000,2000,1000,2000,20000,-18000,19903
2915,潤泰全          ,271208,197668,73540,0,0,0,0,14000,-14000,-40000,0,0,0,6000,46000,-40000,19540
8114,振樺電          ,9000,0,9000,0,0,0,12000,1979,10021,0,0,0,0,0,0,0,19021
9925,新保            ,24000,5000,19000,0,0,0,0,0,0,0,0,0,0,0,0,0,19000
4414,如興            ,365000,346000,19000,0,0,0,0,0,0,0,0,0,0,0,0,0,19000
05994P,奇鋐元大96售02  ,0,0,0,0,0,0,0,0,0,19000,0,0,0,19000,0,19000,19000
06199P,聯發科元大97售17,0,0,0,0,0,0,0,0,0,19000,0,0,0,19000,0,19000,19000
05531P,臺股指群益96售04,0,0,0,0,0,0,0,0,0,19000,0,0,0,19000,0,19000,19000
055178,晶豪科統一97購01,0,0,0,0,0,0,0,0,0,19000,0,0,0,19000,0,19000,19000
054784,順德群益9A購01  ,0,0,0,0,0,0,0,0,0,19000,0,0,0,19000,0,19000,19000
055629,華新科永豐97購04,0,0,0,0,0,0,0,0,0,19000,0,0,0,19000,0,19000,19000
045087,玉晶光元大95購01,0,0,0,0,0,0,0,0,0,19000,0,0,0,21000,2000,19000,19000
045236,元油2X國票92購05,0,0,0,0,0,0,0,0,0,19000,0,0,0,19000,0,19000,19000
044578,緯創凱基93購02  ,0,0,0,0,0,0,0,0,0,19000,0,0,0,19000,0,19000,19000
04252P,台達電元富93售02,0,0,0,0,0,0,0,0,0,19000,0,0,0,20000,1000,19000,19000
042904,金寶元大94購02  ,0,0,0,0,0,0,0,0,0,19000,0,0,0,21000,2000,19000,19000
044787,上銀群益93購01  ,0,0,0,0,0,0,0,0,0,19000,0,0,0,22000,3000,19000,19000
049689,正崴元大94購02  ,0,0,0,0,0,0,0,0,0,19000,0,0,0,20000,1000,19000,19000
051265,鴻海富邦96購04  ,0,0,0,0,0,0,0,0,0,19000,0,0,0,39000,20000,19000,19000
047852,矽創元富93購01  ,0,0,0,0,0,0,0,0,0,19000,0,0,0,24000,5000,19000,19000
047844,台虹元大93購02  ,0,0,0,0,0,0,0,0,0,19000,0,0,0,26000,7000,19000,19000
049255,旺宏元大97購02  ,0,0,0,0,0,0,0,0,0,19000,0,0,0,34000,15000,19000,19000
049448,光磊統一94購01  ,0,0,0,0,0,0,0,0,0,19000,0,0,0,19000,0,19000,19000
048582,國泰金富邦93購01,0,0,0,0,0,0,0,0,0,19000,0,0,0,19000,0,19000,19000
048557,瑞昱元大94購01  ,0,0,0,0,0,0,0,0,0,19000,0,0,0,36000,17000,19000,19000
048590,貿聯兆豐94購02  ,0,0,0,0,0,0,0,0,0,19000,0,0,0,49000,30000,19000,19000
048721,正文永豐94購01  ,0,0,0,0,0,0,0,0,0,19000,0,0,0,20000,1000,19000,19000
05445P,聯詠元大95售05  ,0,0,0,0,0,0,0,0,0,19000,0,0,0,19000,0,19000,19000
054133,奇力新元大97購04,0,0,0,0,0,0,0,0,0,19000,0,0,0,41000,22000,19000,19000
054090,瑞昱群益97購01  ,0,0,0,0,0,0,0,0,0,19000,0,0,0,21000,2000,19000,19000
054074,健策富邦98購01  ,0,0,0,0,0,0,0,0,0,19000,0,0,0,40000,21000,19000,19000
053164,台光電群益96購02,0,0,0,0,0,0,0,0,0,19000,0,0,0,100000,81000,19000,19000
053378,台積電元大98購02,0,0,0,0,0,0,0,0,0,19000,0,0,0,33000,14000,19000,19000
05360P,健策元大95售03  ,0,0,0,0,0,0,0,0,0,19000,0,0,0,19000,0,19000,19000
052903,致茂國票97購01  ,0,0,0,0,0,0,0,0,0,19000,0,0,0,19000,0,19000,19000
052915,創意元富96購01  ,0,0,0,0,0,0,0,0,0,19000,0,0,0,19000,0,19000,19000
052758,友達群益99購01  ,0,0,0,0,0,0,0,0,0,19000,0,0,0,20000,1000,19000,19000
055620,樺漢國票98購01  ,0,0,0,0,0,0,0,0,0,18000,0,0,0,18000,0,18000,18000
055461,TPK永豐97購01   ,0,0,0,0,0,0,0,0,0,18000,0,0,0,19000,1000,18000,18000
05859P,台表科國票97售04,0,0,0,0,0,0,0,0,0,18000,0,0,0,18000,0,18000,18000
05620P,大立光富邦9B售01,0,0,0,0,0,0,0,0,0,18000,0,0,0,18000,0,18000,18000
054786,全新群益99購02  ,0,0,0,0,0,0,0,0,0,18000,0,0,0,18000,0,18000,18000
054770,健策國票98購01  ,0,0,0,0,0,0,0,0,0,18000,0,0,0,20000,2000,18000,18000
054882,台光電統一97購02,0,0,0,0,0,0,0,0,0,18000,0,0,0,19000,1000,18000,18000
054863,億光群益97購01  ,0,0,0,0,0,0,0,0,0,18000,0,0,0,20000,2000,18000,18000
054997,文曄元富97購01  ,0,0,0,0,0,0,0,0,0,18000,0,0,0,18000,0,18000,18000
055311,健策群益98購02  ,0,0,0,0,0,0,0,0,0,18000,0,0,0,18000,0,18000,18000
055298,啟碁元大97購02  ,0,0,0,0,0,0,0,0,0,18000,0,0,0,18000,0,18000,18000
055286,晶技元大98購03  ,0,0,0,0,0,0,0,0,0,18000,0,0,0,21000,3000,18000,18000
05535P,台積電元大97售06,0,0,0,0,0,0,0,0,0,18000,0,0,0,18000,0,18000,18000
06152P,玉晶光元大98售06,0,0,0,0,0,0,0,0,0,18000,0,0,0,20000,2000,18000,18000
2472,立隆電          ,12000,7000,5000,0,0,0,13000,0,13000,0,0,0,0,0,0,0,18000
2705,六福            ,18000,0,18000,0,0,0,0,0,0,0,0,0,0,0,0,0,18000
5706,鳳凰            ,18000,0,18000,0,0,0,0,0,0,0,0,0,0,0,0,0,18000
5533,皇鼎            ,20000,2000,18000,0,0,0,0,0,0,0,0,0,0,0,0,0,18000
043913,富邦金凱基92購01,0,0,0,0,0,0,0,0,0,18000,0,0,0,18000,0,18000,18000
044710,中磊元大93購01  ,0,0,0,0,0,0,0,0,0,18000,0,0,0,20000,2000,18000,18000
03720P,元油2X富邦95售01,0,0,0,0,0,0,0,0,0,18000,0,0,0,18000,0,18000,18000
047109,華邦電元大94購01,0,0,0,0,0,0,0,0,0,18000,0,0,0,18000,0,18000,18000
04562P,南亞科凱基94售02,0,0,0,0,0,0,0,0,0,18000,0,0,0,18000,0,18000,18000
045137,鴻海兆豐92購02  ,0,0,0,0,0,0,0,0,0,18000,0,0,0,18000,0,18000,18000
050298,智伸科凱基94購02,0,0,0,0,0,0,0,0,0,18000,0,0,0,18000,0,18000,18000
050311,上銀兆豐95購01  ,0,0,0,0,0,0,0,0,0,18000,0,0,0,18000,0,18000,18000
049998,奇力新永豐94購03,0,0,0,0,0,0,0,0,0,18000,0,0,0,58000,40000,18000,18000
048619,台表科凱基93購07,0,0,0,0,0,0,0,0,0,18000,0,0,0,19000,1000,18000,18000
051424,緯穎國票97購01  ,0,0,0,0,0,0,0,0,0,18000,0,0,0,18000,0,18000,18000
047548,友達凱基99購03  ,0,0,0,0,0,0,0,0,0,18000,0,0,0,20000,2000,18000,18000
047504,滬深2X國票9A購01,0,0,0,0,0,0,0,0,0,18000,0,0,0,18000,0,18000,18000
050683,智原元富94購02  ,0,0,0,0,0,0,0,0,0,18000,0,0,0,18000,0,18000,18000
048271,可成富邦95購02  ,0,0,0,0,0,0,0,0,0,18000,0,0,0,34000,16000,18000,18000
048637,鴻海元大96購01  ,0,0,0,0,0,0,0,0,0,18000,0,0,0,22000,4000,18000,18000
049087,晶相光凱基94購02,0,0,0,0,0,0,0,0,0,18000,0,0,0,50000,32000,18000,18000
053092,台表科元大97購02,0,0,0,0,0,0,0,0,0,18000,0,0,0,20000,2000,18000,18000
05300P,健策元大95售02  ,0,0,0,0,0,0,0,0,0,18000,0,0,0,18000,0,18000,18000
052585,友達永豐97購01  ,0,0,0,0,0,0,0,0,0,18000,0,0,0,26000,8000,18000,18000
051505,台積電元富95購05,0,0,0,0,0,0,0,0,0,18000,0,0,0,240000,222000,18000,18000
051795,T50反1台新05購02,0,0,0,0,0,0,0,0,0,18000,0,0,0,18000,0,18000,18000
053538,京鼎永豐96購03  ,0,0,0,0,0,0,0,0,0,18000,0,0,0,21000,3000,18000,18000
053804,富邦金凱基96購01,0,0,0,0,0,0,0,0,0,18000,0,0,0,18000,0,18000,18000
053848,聯發科元富96購03,0,0,0,0,0,0,0,0,0,18000,0,0,0,18000,0,18000,18000
053340,建準國票97購01  ,0,0,0,0,0,0,0,0,0,18000,0,0,0,18000,0,18000,18000
053194,緯穎統一99購01  ,0,0,0,0,0,0,0,0,0,18000,0,0,0,20000,2000,18000,18000
054023,和大康和96購01  ,0,0,0,0,0,0,0,0,0,18000,0,0,0,18000,0,18000,18000
054521,TPK元大96購03   ,0,0,0,0,0,0,0,0,0,18000,0,0,0,108000,90000,18000,18000
2062,橋椿            ,18000,1000,17000,0,0,0,0,0,0,0,0,0,0,0,0,0,17000
06214P,國巨國票98售04  ,0,0,0,0,0,0,0,0,0,17000,0,0,0,17000,0,17000,17000
06189P,華新科永豐97售03,0,0,0,0,0,0,0,0,0,17000,0,0,0,17000,0,17000,17000
06219P,國巨元富97售05  ,0,0,0,0,0,0,0,0,0,17000,0,0,0,17000,0,17000,17000
055432,臻鼎群益97購02  ,0,0,0,0,0,0,0,0,0,17000,0,0,0,17000,0,17000,17000
055307,瑞昱群益97購02  ,0,0,0,0,0,0,0,0,0,17000,0,0,0,22000,5000,17000,17000
054862,群光群益97購01  ,0,0,0,0,0,0,0,0,0,17000,0,0,0,17000,0,17000,17000
054714,和鑫台新98購01  ,0,0,0,0,0,0,0,0,0,17000,0,0,0,19000,2000,17000,17000
05891P,聯發科中信98售03,0,0,0,0,0,0,0,0,0,17000,0,0,0,18000,1000,17000,17000
050132,日電貿凱基94購02,0,0,0,0,0,0,0,0,0,17000,0,0,0,17000,0,17000,17000
04709P,台積電元大94售15,0,0,0,0,0,0,0,0,0,17000,0,0,0,17000,0,17000,17000
04592P,台積電元大94售10,0,0,0,0,0,0,0,0,0,17000,0,0,0,17000,0,17000,17000
03622P,台光電中信92售01,0,0,0,0,0,0,0,0,0,17000,0,0,0,17000,0,17000,17000
044439,南電元大93購01  ,0,0,0,0,0,0,0,0,0,17000,0,0,0,17000,0,17000,17000
04029P,聯發科凱基93售16,0,0,0,0,0,0,0,0,0,17000,0,0,0,17000,0,17000,17000
047218,南茂日盛93購01  ,0,0,0,0,0,0,0,0,0,17000,0,0,0,17000,0,17000,17000
047903,滬深2X元大96購01,0,0,0,0,0,0,0,0,0,17000,0,0,0,17000,0,17000,17000
05046P,台光電永豐95售02,0,0,0,0,0,0,0,0,0,17000,0,0,0,37000,20000,17000,17000
047994,亞德客元大93購03,0,0,0,0,0,0,0,0,0,17000,0,0,0,20000,3000,17000,17000
050681,南亞科元富94購01,0,0,0,0,0,0,0,0,0,17000,0,0,0,46000,29000,17000,17000
048387,台達電國票94購01,0,0,0,0,0,0,0,0,0,17000,0,0,0,26000,9000,17000,17000
04781P,欣興凱基94售06  ,0,0,0,0,0,0,0,0,0,17000,0,0,0,17000,0,17000,17000
048867,台積電兆豐95購01,0,0,0,0,0,0,0,0,0,17000,0,0,0,17000,0,17000,17000
048849,光寶科群益94購01,0,0,0,0,0,0,0,0,0,17000,0,0,0,17000,0,17000,17000
054650,南亞麥證97購01  ,0,0,0,18000,1000,17000,0,0,0,17000,0,0,0,18000,1000,17000,17000
054358,矽創兆豐96購01  ,0,0,0,0,0,0,0,0,0,17000,0,0,0,17000,0,17000,17000
054212,聯詠國票97購03  ,0,0,0,0,0,0,0,0,0,17000,0,0,0,17000,0,17000,17000
054170,泰鼎凱基98購01  ,0,0,0,0,0,0,0,0,0,17000,0,0,0,27000,10000,17000,17000
053728,茂林凱基97購01  ,0,0,0,0,0,0,0,0,0,17000,0,0,0,19000,2000,17000,17000
053547,台積電凱基96購14,0,0,0,0,0,0,0,0,0,17000,0,0,0,17000,0,17000,17000
053703,緯穎兆豐96購01  ,0,0,0,0,0,0,0,0,0,17000,0,0,0,20000,3000,17000,17000
051570,和碩富邦97購01  ,0,0,0,0,0,0,0,0,0,17000,0,0,0,117000,100000,17000,17000
052292,緯穎元富95購02  ,0,0,0,0,0,0,0,0,0,17000,0,0,0,43000,26000,17000,17000
052434,茂林國泰97購01  ,0,0,0,0,0,0,0,0,0,17000,0,0,0,17000,0,17000,17000
05800P,台積電兆豐96售04,0,0,0,0,0,0,0,0,0,16000,0,0,0,16000,0,16000,16000
05626P,景碩國票97售03  ,0,0,0,0,0,0,0,0,0,16000,0,0,0,16000,0,16000,16000
055660,台光電兆豐97購01,0,0,0,0,0,0,0,0,0,16000,0,0,0,16000,0,16000,16000
055800,欣興永豐97購02  ,0,0,0,0,0,0,0,0,0,16000,0,0,0,31000,15000,16000,16000
054742,京鼎凱基99購01  ,0,0,0,0,0,0,0,0,0,16000,0,0,0,18000,2000,16000,16000
055018,緯穎元富97購02  ,0,0,0,0,0,0,0,0,0,16000,0,0,0,17000,1000,16000,16000
054913,億光凱基97購01  ,0,0,0,0,0,0,0,0,0,16000,0,0,0,16000,0,16000,16000
055301,台虹元大97購01  ,0,0,0,0,0,0,0,0,0,16000,0,0,0,17000,1000,16000,16000
055271,鴻海元大98購03  ,0,0,0,0,0,0,0,0,0,16000,0,0,0,173000,157000,16000,16000
06024P,台郡國票97售05  ,0,0,0,0,0,0,0,0,0,16000,0,0,0,26000,10000,16000,16000
2030,彰源            ,20000,4000,16000,0,0,0,0,0,0,0,0,0,0,0,0,0,16000
1737,臺鹽            ,22000,6000,16000,0,0,0,0,0,0,0,0,0,0,0,0,0,16000
043771,鴻海兆豐92購01  ,0,0,0,0,0,0,0,0,0,16000,0,0,0,26000,10000,16000,16000
03101P,GIS凱基01售04   ,0,0,0,0,0,0,0,0,0,16000,0,0,0,16000,0,16000,16000
045346,潤泰全凱基92購02,0,0,0,0,0,0,0,0,0,16000,0,0,0,20000,4000,16000,16000
045354,緯創凱基92購01  ,0,0,0,0,0,0,0,0,0,16000,0,0,0,16000,0,16000,16000
046107,勤誠永豐92購01  ,0,0,0,0,0,0,0,0,0,16000,0,0,0,16000,0,16000,16000
046904,大毅凱基93購01  ,0,0,0,0,0,0,0,0,0,16000,0,0,0,16000,0,16000,16000
046263,智邦凱基92購05  ,0,0,0,0,0,0,0,0,0,16000,0,0,0,16000,0,16000,16000
048697,華新科國票94購06,0,0,0,0,0,0,0,0,0,16000,0,0,0,16000,0,16000,16000
050291,聯發科凱基94購16,0,0,0,0,0,0,0,0,0,16000,0,0,0,26000,10000,16000,16000
048533,景碩國票94購01  ,0,0,0,0,0,0,0,0,0,16000,0,0,0,182000,166000,16000,16000
051333,義隆永豐95購02  ,0,0,0,0,0,0,0,0,0,16000,0,0,0,21000,5000,16000,16000
051474,智邦凱基95購04  ,0,0,0,0,0,0,0,0,0,16000,0,0,0,16000,0,16000,16000
050616,潤泰全元大94購01,0,0,0,0,0,0,0,0,0,16000,0,0,0,17000,1000,16000,16000
050613,台光電元大94購09,0,0,0,0,0,0,0,0,0,16000,0,0,0,176000,160000,16000,16000
050729,聯鈞國票94購01  ,0,0,0,0,0,0,0,0,0,16000,0,0,0,20000,4000,16000,16000
048002,景碩元大93購04  ,0,0,0,0,0,0,0,0,0,16000,0,0,0,33000,17000,16000,16000
050462,寶成元大94購01  ,0,0,0,0,0,0,0,0,0,16000,0,0,0,16000,0,16000,16000
052586,晶豪科永豐96購01,0,0,0,0,0,0,0,0,0,16000,0,0,0,26000,10000,16000,16000
053111,緯創兆豐97購01  ,0,0,0,0,0,0,0,0,0,16000,0,0,0,16000,0,16000,16000
052293,泰碩國票95購03  ,0,0,0,0,0,0,0,0,0,16000,0,0,0,16000,0,16000,16000
052245,緯創康和95購01  ,0,0,0,0,0,0,0,0,0,16000,0,0,0,16000,0,16000,16000
05226P,智邦統一95售01  ,0,0,0,0,0,0,0,0,0,16000,0,0,0,59000,43000,16000,16000
051927,國巨中信96購01  ,0,0,0,0,0,0,0,0,0,16000,0,0,0,16000,0,16000,16000
053690,南亞科元大96購02,0,0,0,0,0,0,0,0,0,16000,0,0,0,17000,1000,16000,16000
053580,國巨元大96購10  ,0,0,0,0,0,0,0,0,0,16000,0,0,0,16000,0,16000,16000
053176,矽力群益96購02  ,0,0,0,0,0,0,0,0,0,16000,0,0,0,20000,4000,16000,16000
053296,貿聯中信98購01  ,0,0,0,0,0,0,0,0,0,16000,0,0,0,18000,2000,16000,16000
053309,泰鼎凱基96購03  ,0,0,0,0,0,0,0,0,0,16000,0,0,0,79000,63000,16000,16000
053262,華邦電群益96購02,0,0,0,0,0,0,0,0,0,16000,0,0,0,57000,41000,16000,16000
053434,國泰金日盛96購01,0,0,0,0,0,0,0,0,0,16000,0,0,0,16000,0,16000,16000
054174,宏達電台新97購01,0,0,0,0,0,0,0,0,0,16000,0,0,0,16000,0,16000,16000
054176,亞光台新96購01  ,0,0,0,0,0,0,0,0,0,16000,0,0,0,16000,0,16000,16000
054299,南電元大96購03  ,0,0,0,0,0,0,0,0,0,16000,0,0,0,16000,0,16000,16000
054045,奇力新元大97購03,0,0,0,0,0,0,0,0,0,16000,0,0,0,50000,34000,16000,16000
1731,美吾華          ,17000,0,17000,0,0,0,0,0,0,-2000,0,2000,-2000,0,0,0,15000
1608,華榮            ,22000,7000,15000,0,0,0,0,0,0,0,0,0,0,0,0,0,15000
05972P,瑞昱元大96售01  ,0,0,0,0,0,0,0,0,0,15000,0,0,0,15000,0,15000,15000
06159P,牧德元富97售02  ,0,0,0,0,0,0,0,0,0,15000,0,0,0,15000,0,15000,15000
055259,玉晶光統一9A購01,0,0,0,0,0,0,0,0,0,15000,0,0,0,15000,0,15000,15000
055120,南港兆豐97購01  ,0,0,0,0,0,0,0,0,0,15000,0,0,0,88000,73000,15000,15000
055156,華新科元大99購02,0,0,0,0,0,0,0,0,0,15000,0,0,0,15000,0,15000,15000
054931,緯穎凱基98購01  ,0,0,0,0,0,0,0,0,0,15000,0,0,0,15000,0,15000,15000
055785,祥碩凱基97購02  ,0,0,0,0,0,0,0,0,0,15000,0,0,0,25000,10000,15000,15000
055743,TPK元富98購01   ,0,0,0,0,0,0,0,0,0,15000,0,0,0,15000,0,15000,15000
05559P,臺股指麥證96售01,0,0,0,70000,55000,15000,0,0,0,15000,0,0,0,70000,55000,15000,15000
055573,國巨統一97購06  ,0,0,0,0,0,0,0,0,0,15000,0,0,0,50000,35000,15000,15000
055489,瑞昱元大97購02  ,0,0,0,0,0,0,0,0,0,15000,0,0,0,19000,4000,15000,15000
05657P,樺漢統一97售01  ,0,0,0,0,0,0,0,0,0,15000,0,0,0,15000,0,15000,15000
05686P,臺股指元大96售11,0,0,0,0,0,0,0,0,0,15000,0,0,0,15000,0,15000,15000
05731P,創意統一96售03  ,0,0,0,0,0,0,0,0,0,15000,0,0,0,15000,0,15000,15000
05703P,矽力群益96售03  ,0,0,0,0,0,0,0,0,0,15000,0,0,0,15000,0,15000,15000
05877P,大立光群益96售06,0,0,0,0,0,0,0,0,0,15000,0,0,0,22000,7000,15000,15000
05916P,聯發科元大96售20,0,0,0,0,0,0,0,0,0,15000,0,0,0,115000,100000,15000,15000
046627,高鐵統一95購01  ,0,0,0,0,0,0,0,0,0,15000,0,0,0,15000,0,15000,15000
046668,嘉澤元大93購01  ,0,0,0,0,0,0,0,0,0,15000,0,0,0,15000,0,15000,15000
046540,創意群益92購04  ,0,0,0,0,0,0,0,0,0,15000,0,0,0,15000,0,15000,15000
050153,義隆群益94購01  ,0,0,0,0,0,0,0,0,0,15000,0,0,0,15000,0,15000,15000
049982,嘉晶凱基94購01  ,0,0,0,0,0,0,0,0,0,15000,0,0,0,15000,0,15000,15000
049997,聯發科永豐94購04,0,0,0,0,0,0,0,0,0,15000,0,0,0,40000,25000,15000,15000
050009,昇陽半永豐94購02,0,0,0,0,0,0,0,0,0,15000,0,0,0,75000,60000,15000,15000
050097,可成國泰96購02  ,0,0,0,0,0,0,0,0,0,15000,0,0,0,15000,0,15000,15000
050270,景碩元大94購01  ,0,0,0,0,0,0,0,0,0,15000,0,0,0,22000,7000,15000,15000
049955,崇越群益95購01  ,0,0,0,0,0,0,0,0,0,15000,0,0,0,35000,20000,15000,15000
04691P,智邦群益94售02  ,0,0,0,0,0,0,0,0,0,15000,0,0,0,15000,0,15000,15000
046813,聯電凱基96購01  ,0,0,0,0,0,0,0,0,0,15000,0,0,0,30000,15000,15000,15000
046096,建準國票92購01  ,0,0,0,0,0,0,0,0,0,15000,0,0,0,15000,0,15000,15000
046078,致伸凱基92購04  ,0,0,0,0,0,0,0,0,0,15000,0,0,0,15000,0,15000,15000
045106,玉晶光群益95購01,0,0,0,0,0,0,0,0,0,15000,0,0,0,15000,0,15000,15000
045471,鎧勝元大93購01  ,0,0,0,0,0,0,0,0,0,15000,0,0,0,15000,0,15000,15000
045576,智邦元大92購07  ,0,0,0,0,0,0,0,0,0,15000,0,0,0,15000,0,15000,15000
045336,GIS日盛92購01   ,0,0,0,0,0,0,0,0,0,15000,0,0,0,15000,0,15000,15000
045356,智易凱基92購01  ,0,0,0,0,0,0,0,0,0,15000,0,0,0,15000,0,15000,15000
045215,鴻海元大92購05  ,0,0,0,0,0,0,0,0,0,15000,0,0,0,15000,0,15000,15000
046031,建準元大92購03  ,0,0,0,0,0,0,0,0,0,15000,0,0,0,15000,0,15000,15000
047102,潤泰全富邦95購01,0,0,0,0,0,0,0,0,0,15000,0,0,0,15000,0,15000,15000
047079,GIS兆豐94購01   ,0,0,0,0,0,0,0,0,0,15000,0,0,0,15000,0,15000,15000
046734,華通國票93購02  ,0,0,0,0,0,0,0,0,0,15000,0,0,0,25000,10000,15000,15000
045870,元油2X元富96購02,0,0,0,0,0,0,0,0,0,15000,0,0,0,15000,0,15000,15000
045849,可成永豐92購01  ,0,0,0,0,0,0,0,0,0,15000,0,0,0,15000,0,15000,15000
04006P,滬深2X國票9B售01,0,0,0,0,0,0,0,0,0,15000,0,0,0,15000,0,15000,15000
040475,台表科群益92購01,0,0,0,0,0,0,0,0,0,15000,0,0,0,15000,0,15000,15000
00650L,FH香港正2       ,0,0,0,0,0,0,0,0,0,15000,0,0,0,839000,824000,15000,15000
044487,元油2X元大94購01,0,0,0,0,0,0,0,0,0,15000,0,0,0,15000,0,15000,15000
04467P,元油2X元大94售03,0,0,0,0,0,0,0,0,0,15000,0,0,0,15000,0,15000,15000
043660,華新科元大93購01,0,0,0,0,0,0,0,0,0,15000,0,0,0,15000,0,15000,15000
047299,樺漢元富93購01  ,0,0,0,0,0,0,0,0,0,15000,0,0,0,15000,0,15000,15000
047387,美律元大93購05  ,0,0,0,0,0,0,0,0,0,15000,0,0,0,15000,0,15000,15000
04327P,台積電國泰95售01,0,0,0,0,0,0,0,0,0,15000,0,0,0,15000,0,15000,15000
044944,技嘉群益93購01  ,0,0,0,0,0,0,0,0,0,15000,0,0,0,21000,6000,15000,15000
044397,微星凱基92購01  ,0,0,0,0,0,0,0,0,0,15000,0,0,0,15000,0,15000,15000
050997,麗豐元大95購03  ,0,0,0,0,0,0,0,0,0,15000,0,0,0,19000,4000,15000,15000
050869,健策永豐95購01  ,0,0,0,0,0,0,0,0,0,15000,0,0,0,25000,10000,15000,15000
047655,聯發科兆豐93購02,0,0,0,0,0,0,0,0,0,15000,0,0,0,15000,0,15000,15000
047898,嘉澤群益93購02  ,0,0,0,0,0,0,0,0,0,15000,0,0,0,15000,0,15000,15000
048281,矽力永豐93購02  ,0,0,0,0,0,0,0,0,0,15000,0,0,0,15000,0,15000,15000
048186,元黃金元大96購01,0,0,0,0,0,0,0,0,0,15000,0,0,0,25000,10000,15000,15000
049080,可成凱基94購03  ,0,0,0,0,0,0,0,0,0,15000,0,0,0,15000,0,15000,15000
048638,台光電元大94購01,0,0,0,0,0,0,0,0,0,15000,0,0,0,15000,0,15000,15000
04903P,全新永豐94售05  ,0,0,0,0,0,0,0,0,0,15000,0,0,0,15000,0,15000,15000
050805,光寶科日盛95購01,0,0,0,0,0,0,0,0,0,15000,0,0,0,15000,0,15000,15000
050595,緯穎永豐94購03  ,0,0,0,0,0,0,0,0,0,15000,0,0,0,15000,0,15000,15000
050682,南亞科元富94購02,0,0,0,0,0,0,0,0,0,15000,0,0,0,16000,1000,15000,15000
048390,國巨國票94購02  ,0,0,0,0,0,0,0,0,0,15000,0,0,0,15000,0,15000,15000
048970,裕民元大94購01  ,0,0,0,0,0,0,0,0,0,15000,0,0,0,15000,0,15000,15000
049640,大成鋼凱基94購02,0,0,0,0,0,0,0,0,0,15000,0,0,0,20000,5000,15000,15000
050191,和碩元大94購02  ,0,0,0,0,0,0,0,0,0,15000,0,0,0,15000,0,15000,15000
050189,旭富元大94購01  ,0,0,0,0,0,0,0,0,0,15000,0,0,0,15000,0,15000,15000
047565,美律國票93購02  ,0,0,0,0,0,0,0,0,0,15000,0,0,0,15000,0,15000,15000
051432,群創元富99購03  ,0,0,0,0,0,0,0,0,0,15000,0,0,0,15000,0,15000,15000
051372,樺漢富邦96購01  ,0,0,0,0,0,0,0,0,0,15000,0,0,0,15000,0,15000,15000
051308,GIS凱基95購04   ,0,0,0,0,0,0,0,0,0,15000,0,0,0,15000,0,15000,15000
047709,聯發科凱基93購18,0,0,0,0,0,0,0,0,0,15000,0,0,0,15000,0,15000,15000
049190,元油2X永豐94購04,0,0,0,0,0,0,0,0,0,15000,0,0,0,15000,0,15000,15000
047821,臺股指凱基93購15,0,0,0,0,0,0,0,0,0,15000,0,0,0,15000,0,15000,15000
048902,昇陽半國泰96購01,0,0,0,0,0,0,0,0,0,15000,0,0,0,15000,0,15000,15000
048905,旺宏富邦96購01  ,0,0,0,0,0,0,0,0,0,15000,0,0,0,20000,5000,15000,15000
049338,台達電統一94購04,0,0,0,0,0,0,0,0,0,15000,0,0,0,15000,0,15000,15000
05405P,大立光群益95售04,0,0,0,0,0,0,0,0,0,15000,0,0,0,15000,0,15000,15000
054093,智原群益97購01  ,0,0,0,0,0,0,0,0,0,15000,0,0,0,15000,0,15000,15000
054115,台塑康和96購01  ,0,0,0,0,0,0,0,0,0,15000,0,0,0,15000,0,15000,15000
05430P,台積電統一95售07,0,0,0,0,0,0,0,0,0,15000,0,0,0,15000,0,15000,15000
054346,世芯國票97購01  ,0,0,0,0,0,0,0,0,0,15000,0,0,0,15000,0,15000,15000
054334,超眾永豐96購04  ,0,0,0,0,0,0,0,0,0,15000,0,0,0,18000,3000,15000,15000
05447P,臺股指元大95售24,0,0,0,0,0,0,0,0,0,15000,0,0,0,30000,15000,15000,15000
054667,神基元富97購01  ,0,0,0,0,0,0,0,0,0,15000,0,0,0,53000,38000,15000,15000
054539,欣興國票98購01  ,0,0,0,0,0,0,0,0,0,15000,0,0,0,30000,15000,15000,15000
053600,同欣電元大96購04,0,0,0,0,0,0,0,0,0,15000,0,0,0,18000,3000,15000,15000
053554,欣興凱基97購02  ,0,0,0,0,0,0,0,0,0,15000,0,0,0,15000,0,15000,15000
053673,超眾元富96購03  ,0,0,0,0,0,0,0,0,0,15000,0,0,0,15000,0,15000,15000
051938,旭富群益95購01  ,0,0,0,0,0,0,0,0,0,15000,0,0,0,35000,20000,15000,15000
052001,寶成元大95購02  ,0,0,0,0,0,0,0,0,0,15000,0,0,0,15000,0,15000,15000
05206P,南茂元大95售01  ,0,0,0,0,0,0,0,0,0,15000,0,0,0,15000,0,15000,15000
052298,易華電國票96購01,0,0,0,0,0,0,0,0,0,15000,0,0,0,15000,0,15000,15000
052285,康控凱基95購02  ,0,0,0,0,0,0,0,0,0,15000,0,0,0,15000,0,15000,15000
052186,宏達電群益95購04,0,0,0,0,0,0,0,0,0,15000,0,0,0,15000,0,15000,15000
051510,新光金中信97購01,0,0,0,0,0,0,0,0,0,15000,0,0,0,15000,0,15000,15000
051518,富邦金凱基95購01,0,0,0,0,0,0,0,0,0,15000,0,0,0,15000,0,15000,15000
051697,康友中信95購02  ,0,0,0,0,0,0,0,0,0,15000,0,0,0,15000,0,15000,15000
051717,祥碩康和95購01  ,0,0,0,0,0,0,0,0,0,15000,0,0,0,15000,0,15000,15000
051810,欣興凱基95購03  ,0,0,0,0,0,0,0,0,0,15000,0,0,0,15000,0,15000,15000
053115,滬深2X中信97購01,0,0,0,0,0,0,0,0,0,15000,0,0,0,15000,0,15000,15000
053011,鴻海統一98購01  ,0,0,0,0,0,0,0,0,0,15000,0,0,0,75000,60000,15000,15000
052989,麗豐元大98購01  ,0,0,0,0,0,0,0,0,0,15000,0,0,0,19000,4000,15000,15000
052974,瀚宇博群益96購01,0,0,0,0,0,0,0,0,0,15000,0,0,0,15000,0,15000,15000
052979,上銀元大96購02  ,0,0,0,0,0,0,0,0,0,15000,0,0,0,40000,25000,15000,15000
052797,樺漢兆豐96購01  ,0,0,0,0,0,0,0,0,0,15000,0,0,0,20000,5000,15000,15000
052877,矽創凱基96購01  ,0,0,0,0,0,0,0,0,0,15000,0,0,0,70000,55000,15000,15000
052547,光磊兆豐96購01  ,0,0,0,0,0,0,0,0,0,15000,0,0,0,15000,0,15000,15000
052544,牧德元富95購01  ,0,0,0,0,0,0,0,0,0,15000,0,0,0,15000,0,15000,15000
2498,宏達電          ,295000,58564,236436,0,0,0,1000,0,1000,-223000,12000,2000,10000,8000,241000,-233000,14436
1614,三洋電          ,14000,0,14000,0,0,0,0,0,0,0,0,0,0,0,0,0,14000
1582,信錦            ,105000,98000,7000,0,0,0,5000,0,5000,2000,2000,0,2000,0,0,0,14000
1529,樂士            ,14000,0,14000,0,0,0,0,0,0,0,0,0,0,0,0,0,14000
2020,美亞            ,19000,5000,14000,0,0,0,0,0,0,0,0,0,0,0,0,0,14000
2227,裕日車          ,20000,7000,13000,0,0,0,1000,0,1000,0,0,0,0,0,0,0,14000
6192,巨路            ,34000,4000,30000,0,0,0,0,15000,-15000,-1000,0,0,0,0,1000,-1000,14000
2611,志信            ,14000,0,14000,0,0,0,0,0,0,0,0,0,0,0,0,0,14000
3015,全漢            ,17000,2000,15000,0,0,0,0,0,0,-1000,0,1000,-1000,0,0,0,14000
05784P,臺股指元大96售18,0,0,0,0,0,0,0,0,0,14000,0,0,0,27000,13000,14000,14000
05612P,台積電元大96售13,0,0,0,0,0,0,0,0,0,14000,0,0,0,14000,0,14000,14000
055487,國巨元大98購07  ,0,0,0,0,0,0,0,0,0,14000,0,0,0,20000,6000,14000,14000
055654,景碩元富97購01  ,0,0,0,0,0,0,0,0,0,14000,0,0,0,59000,45000,14000,14000
055028,佐登國泰98購01  ,0,0,0,0,0,0,0,0,0,14000,0,0,0,14000,0,14000,14000
054757,南亞國票98購01  ,0,0,0,0,0,0,0,0,0,14000,0,0,0,14000,0,14000,14000
055254,聯詠統一97購03  ,0,0,0,0,0,0,0,0,0,14000,0,0,0,14000,0,14000,14000
055340,華新科日盛97購01,0,0,0,0,0,0,0,0,0,14000,0,0,0,14000,0,14000,14000
055350,聯發科凱基97購02,0,0,0,0,0,0,0,0,0,14000,0,0,0,34000,20000,14000,14000
043611,台積電群益92購03,0,0,0,0,0,0,0,0,0,14000,0,0,0,39000,25000,14000,14000
042143,奇鋐元大92購01  ,0,0,0,0,0,0,0,0,0,14000,0,0,0,14000,0,14000,14000
00654R,富邦印度反1     ,12000,0,12000,0,0,0,0,0,0,2000,0,0,0,2000,0,2000,14000
040381,元金2X元富95購01,0,0,0,0,0,0,0,0,0,14000,0,0,0,14000,0,14000,14000
045052,聯發科元富92購01,0,0,0,0,0,0,0,0,0,14000,0,0,0,14000,0,14000,14000
045429,復盛凱基92購01  ,0,0,0,0,0,0,0,0,0,14000,0,0,0,22000,8000,14000,14000
045115,玉晶光永豐94購01,0,0,0,0,0,0,0,0,0,14000,0,0,0,14000,0,14000,14000
045684,和碩元大92購02  ,0,0,0,0,0,0,0,0,0,14000,0,0,0,14000,0,14000,14000
050258,為升元大94購08  ,0,0,0,0,0,0,0,0,0,14000,0,0,0,93000,79000,14000,14000
050238,瑞昱凱基94購05  ,0,0,0,0,0,0,0,0,0,14000,0,0,0,22000,8000,14000,14000
050129,聯發科凱基94購11,0,0,0,0,0,0,0,0,0,14000,0,0,0,30000,16000,14000,14000
046321,群創元大92購07  ,0,0,0,0,0,0,0,0,0,14000,0,0,0,14000,0,14000,14000
046653,鴻海元大93購05  ,0,0,0,0,0,0,0,0,0,14000,0,0,0,19000,5000,14000,14000
049398,微星群益94購02  ,0,0,0,0,0,0,0,0,0,14000,0,0,0,58000,44000,14000,14000
049380,欣興元大94購04  ,0,0,0,0,0,0,0,0,0,14000,0,0,0,31000,17000,14000,14000
050415,力成永豐94購01  ,0,0,0,0,0,0,0,0,0,14000,0,0,0,19000,5000,14000,14000
048629,滬深2X元大96購04,0,0,0,0,0,0,0,0,0,14000,0,0,0,14000,0,14000,14000
04912P,可成元富94售06  ,0,0,0,0,0,0,0,0,0,14000,0,0,0,14000,0,14000,14000
048817,光寶科凱基94購02,0,0,0,0,0,0,0,0,0,14000,0,0,0,14000,0,14000,14000
047839,景碩元大93購03  ,0,0,0,0,0,0,0,0,0,14000,0,0,0,22000,8000,14000,14000
051039,台表科康和95購01,0,0,0,0,0,0,0,0,0,14000,0,0,0,14000,0,14000,14000
049200,元黃金群益98購01,0,0,0,0,0,0,0,0,0,14000,0,0,0,15000,1000,14000,14000
050222,瑞儀元富94購01  ,0,0,0,0,0,0,0,0,0,14000,0,0,0,26000,12000,14000,14000
049916,台光電元大94購06,0,0,0,0,0,0,0,0,0,14000,0,0,0,14000,0,14000,14000
050844,大立光國票96購01,0,0,0,0,0,0,0,0,0,14000,0,0,0,14000,0,14000,14000
050835,GIS凱基96購01   ,0,0,0,0,0,0,0,0,0,14000,0,0,0,64000,50000,14000,14000
050773,京鼎元大94購02  ,0,0,0,0,0,0,0,0,0,14000,0,0,0,16000,2000,14000,14000
048435,致新國票93購01  ,0,0,0,0,0,0,0,0,0,14000,0,0,0,60000,46000,14000,14000
047617,瑞昱凱基93購07  ,0,0,0,0,0,0,0,0,0,14000,0,0,0,23000,9000,14000,14000
052641,聯詠台新96購01  ,0,0,0,0,0,0,0,0,0,14000,0,0,0,14000,0,14000,14000
05262P,台積電元大95售19,0,0,0,0,0,0,0,0,0,14000,0,0,0,14000,0,14000,14000
052931,麗豐元大97購01  ,0,0,0,0,0,0,0,0,0,14000,0,0,0,28000,14000,14000,14000
052749,日月光元大96購02,0,0,0,0,0,0,0,0,0,14000,0,0,0,19000,5000,14000,14000
052928,美律元大98購01  ,0,0,0,0,0,0,0,0,0,14000,0,0,0,14000,0,14000,14000
051807,瑞昱凱基95購03  ,0,0,0,0,0,0,0,0,0,14000,0,0,0,21000,7000,14000,14000
051784,國巨兆豐95購01  ,0,0,0,0,0,0,0,0,0,14000,0,0,0,20000,6000,14000,14000
051768,臻鼎元大95購04  ,0,0,0,0,0,0,0,0,0,14000,0,0,0,14000,0,14000,14000
051519,國泰金凱基95購02,0,0,0,0,0,0,0,0,0,14000,0,0,0,21000,7000,14000,14000
051485,玉晶光凱基97購02,0,0,0,0,0,0,0,0,0,14000,0,0,0,19000,5000,14000,14000
051688,大立光凱基97購02,0,0,0,0,0,0,0,0,0,14000,0,0,0,24000,10000,14000,14000
052231,景碩凱基96購01  ,0,0,0,0,0,0,0,0,0,14000,0,0,0,14000,0,14000,14000
052205,台積電中信95購09,0,0,0,0,0,0,0,0,0,14000,0,0,0,19000,5000,14000,14000
051949,鴻海元富95購08  ,0,0,0,0,0,0,0,0,0,14000,0,0,0,14000,0,14000,14000
05361P,聯發科富邦97售01,0,0,0,0,0,0,0,0,0,14000,0,0,0,14000,0,14000,14000
053582,英業達元大97購01,0,0,0,0,0,0,0,0,0,14000,0,0,0,14000,0,14000,14000
05388P,南亞科元大95售04,0,0,0,0,0,0,0,0,0,14000,0,0,0,86000,72000,14000,14000
053458,聯詠國泰97購01  ,0,0,0,0,0,0,0,0,0,14000,0,0,0,14000,0,14000,14000
054638,國泰金中信99購01,0,0,0,0,0,0,0,0,0,14000,0,0,0,14000,0,14000,14000
055327,致新國票98購01  ,0,0,0,0,0,0,0,0,0,13000,0,0,0,13000,0,13000,13000
055128,致新兆豐97購01  ,0,0,0,0,0,0,0,0,0,13000,0,0,0,43000,30000,13000,13000
055112,晶豪科凱基98購01,0,0,0,0,0,0,0,0,0,13000,0,0,0,13000,0,13000,13000
054759,台化國票98購01  ,0,0,0,0,0,0,0,0,0,13000,0,0,0,13000,0,13000,13000
054801,康友群益97購02  ,0,0,0,0,0,0,0,0,0,13000,0,0,0,24000,11000,13000,13000
054874,帆宣群益99購02  ,0,0,0,0,0,0,0,0,0,13000,0,0,0,13000,0,13000,13000
054897,信錦康和97購01  ,0,0,0,0,0,0,0,0,0,13000,0,0,0,13000,0,13000,13000
054827,宏全元大9A購01  ,0,0,0,0,0,0,0,0,0,13000,0,0,0,25000,12000,13000,13000
055061,聯詠永豐97購01  ,0,0,0,0,0,0,0,0,0,13000,0,0,0,15000,2000,13000,13000
055012,茂林元富97購01  ,0,0,0,0,0,0,0,0,0,13000,0,0,0,13000,0,13000,13000
055510,GIS元大97購03   ,0,0,0,0,0,0,0,0,0,13000,0,0,0,13000,0,13000,13000
05801P,正崴兆豐96售01  ,0,0,0,0,0,0,0,0,0,13000,0,0,0,13000,0,13000,13000
4106,雃博            ,13000,0,13000,0,0,0,0,0,0,0,0,0,0,0,0,0,13000
6283,淳安            ,23000,10000,13000,0,0,0,0,0,0,0,0,0,0,0,0,0,13000
6206,飛捷            ,5000,2000,3000,0,0,0,10000,0,10000,0,0,0,0,0,0,0,13000
2462,良得電          ,14000,1000,13000,0,0,0,0,0,0,0,0,0,0,0,0,0,13000
06215P,康控永豐97售02  ,0,0,0,0,0,0,0,0,0,13000,0,0,0,13000,0,13000,13000
046480,群創元富96購01  ,0,0,0,0,0,0,0,0,0,13000,0,0,0,13000,0,13000,13000
050005,京鼎永豐94購01  ,0,0,0,0,0,0,0,0,0,13000,0,0,0,18000,5000,13000,13000
050006,華擎永豐94購03  ,0,0,0,0,0,0,0,0,0,13000,0,0,0,23000,10000,13000,13000
049966,旺宏國票95購02  ,0,0,0,0,0,0,0,0,0,13000,0,0,0,45000,32000,13000,13000
049969,泰鼎國票95購01  ,0,0,0,0,0,0,0,0,0,13000,0,0,0,13000,0,13000,13000
045568,上証2X元大95購01,0,0,0,0,0,0,0,0,0,13000,0,0,0,14000,1000,13000,13000
046856,健鼎元大93購01  ,0,0,0,0,0,0,0,0,0,13000,0,0,0,13000,0,13000,13000
046038,欣興元大92購07  ,0,0,0,0,0,0,0,0,0,13000,0,0,0,31000,18000,13000,13000
006208,富邦台50        ,0,0,0,0,0,0,0,0,0,13000,0,0,0,574000,561000,13000,13000
04237P,超眾群益93售02  ,0,0,0,0,0,0,0,0,0,13000,0,0,0,13000,0,13000,13000
03557P,欣興元大02售17  ,0,0,0,0,0,0,0,0,0,13000,0,0,0,13000,0,13000,13000
043776,奇力新兆豐92購01,0,0,0,0,0,0,0,0,0,13000,0,0,0,13000,0,13000,13000
04339P,欣興元大93售08  ,0,0,0,0,0,0,0,0,0,13000,0,0,0,16000,3000,13000,13000
050912,正崴中信95購02  ,0,0,0,0,0,0,0,0,0,13000,0,0,0,13000,0,13000,13000
048192,華通元大96購01  ,0,0,0,0,0,0,0,0,0,13000,0,0,0,33000,20000,13000,13000
048113,欣興群益93購08  ,0,0,0,0,0,0,0,0,0,13000,0,0,0,13000,0,13000,13000
047918,智邦凱基93購08  ,0,0,0,0,0,0,0,0,0,13000,0,0,0,13000,0,13000,13000
050762,楠梓電元大94購02,0,0,0,0,0,0,0,0,0,13000,0,0,0,13000,0,13000,13000
050439,新日興凱基94購01,0,0,0,0,0,0,0,0,0,13000,0,0,0,42000,29000,13000,13000
049681,旺宏統一94購04  ,0,0,0,0,0,0,0,0,0,13000,0,0,0,13000,0,13000,13000
051431,群創元富99購02  ,0,0,0,0,0,0,0,0,0,13000,0,0,0,13000,0,13000,13000
049524,可成兆豐95購02  ,0,0,0,0,0,0,0,0,0,13000,0,0,0,13000,0,13000,13000
049501,台郡元大95購01  ,0,0,0,0,0,0,0,0,0,13000,0,0,0,50000,37000,13000,13000
054413,台光電元大96購03,0,0,0,0,0,0,0,0,0,13000,0,0,0,13000,0,13000,13000
054277,亞光群益97購01  ,0,0,0,0,0,0,0,0,0,13000,0,0,0,27000,14000,13000,13000
054217,台表科國票97購05,0,0,0,0,0,0,0,0,0,13000,0,0,0,35000,22000,13000,13000
053931,楠梓電統一96購01,0,0,0,0,0,0,0,0,0,13000,0,0,0,13000,0,13000,13000
054002,GIS群益96購03   ,0,0,0,0,0,0,0,0,0,13000,0,0,0,13000,0,13000,13000
053392,致新元大96購01  ,0,0,0,0,0,0,0,0,0,13000,0,0,0,23000,10000,13000,13000
053269,同欣電群益96購01,0,0,0,0,0,0,0,0,0,13000,0,0,0,59000,46000,13000,13000
053316,友達群益9A購01  ,0,0,0,0,0,0,0,0,0,13000,0,0,0,30000,17000,13000,13000
05317P,臺股指永昌95售02,0,0,0,0,0,0,0,0,0,13000,0,0,0,13000,0,13000,13000
053734,友達中信98購02  ,0,0,0,0,0,0,0,0,0,13000,0,0,0,13000,0,13000,13000
053811,國巨群益98購02  ,0,0,0,0,0,0,0,0,0,13000,0,0,0,53000,40000,13000,13000
052114,華固中信95購01  ,0,0,0,0,0,0,0,0,0,13000,0,0,0,13000,0,13000,13000
052161,義隆永豐95購03  ,0,0,0,0,0,0,0,0,0,13000,0,0,0,15000,2000,13000,13000
051589,健鼎元大95購02  ,0,0,0,0,0,0,0,0,0,13000,0,0,0,13000,0,13000,13000
051765,健鼎元大95購03  ,0,0,0,0,0,0,0,0,0,13000,0,0,0,13000,0,13000,13000
051802,同欣電永豐95購02,0,0,0,0,0,0,0,0,0,13000,0,0,0,65000,52000,13000,13000
05263P,台積電元大96售09,0,0,0,0,0,0,0,0,0,13000,0,0,0,113000,100000,13000,13000
052428,嘉晶永豐95購01  ,0,0,0,0,0,0,0,0,0,13000,0,0,0,13000,0,13000,13000
06151P,華新科元大97售07,0,0,0,0,0,0,0,0,0,12000,0,0,0,227000,215000,12000,12000
06145P,華新科永豐97售02,0,0,0,0,0,0,0,0,0,12000,0,0,0,12000,0,12000,12000
2442,新美齊          ,50000,38000,12000,0,0,0,0,0,0,0,0,0,0,0,0,0,12000
6152,百一            ,17000,5000,12000,0,0,0,0,0,0,0,0,0,0,0,0,0,12000
6115,鎰勝            ,12000,0,12000,0,0,0,0,0,0,0,0,0,0,0,0,0,12000
9937,全國            ,12000,0,12000,0,0,0,0,0,0,0,0,0,0,0,0,0,12000
9905,大華            ,12000,0,12000,0,0,0,0,0,0,0,0,0,0,0,0,0,12000
3004,豐達科          ,21000,9000,12000,0,0,0,0,0,0,0,0,0,0,0,0,0,12000
2545,皇翔            ,21000,7000,14000,0,0,0,0,0,0,-2000,0,2000,-2000,0,0,0,12000
05911P,南亞科永豐96售03,0,0,0,0,0,0,0,0,0,12000,0,0,0,22000,10000,12000,12000
05946P,和碩中信96售01  ,0,0,0,0,0,0,0,0,0,12000,0,0,0,12000,0,12000,12000
05680P,聯發科元大96售12,0,0,0,0,0,0,0,0,0,12000,0,0,0,12000,0,12000,12000
055708,茂林永豐97購02  ,0,0,0,0,0,0,0,0,0,12000,0,0,0,12000,0,12000,12000
05469P,台積電元大95售24,0,0,0,0,0,0,0,0,0,12000,0,0,0,24000,12000,12000,12000
055139,欣興永豐97購01  ,0,0,0,0,0,0,0,0,0,12000,0,0,0,28000,16000,12000,12000
055185,晶相光統一97購01,0,0,0,0,0,0,0,0,0,12000,0,0,0,12000,0,12000,12000
055418,華通永豐97購01  ,0,0,0,0,0,0,0,0,0,12000,0,0,0,21000,9000,12000,12000
044101,聯茂國泰92購01  ,0,0,0,0,0,0,0,0,0,12000,0,0,0,12000,0,12000,12000
00668,國泰美國道瓊    ,0,0,0,0,0,0,0,0,0,12000,0,0,0,12000,0,12000,12000
03010X,元展10          ,0,0,0,0,0,0,0,0,0,12000,0,0,0,12000,0,12000,12000
04104P,臺股指國票93售11,0,0,0,0,0,0,0,0,0,12000,0,0,0,207000,195000,12000,12000
046755,瑞昱凱基93購05  ,0,0,0,0,0,0,0,0,0,12000,0,0,0,12000,0,12000,12000
047047,旺宏國票95購01  ,0,0,0,0,0,0,0,0,0,12000,0,0,0,37000,25000,12000,12000
050243,華新科凱基94購10,0,0,0,0,0,0,0,0,0,12000,0,0,0,76000,64000,12000,12000
050268,智原元大95購03  ,0,0,0,0,0,0,0,0,0,12000,0,0,0,62000,50000,12000,12000
046495,鴻海元大92購15  ,0,0,0,0,0,0,0,0,0,12000,0,0,0,12000,0,12000,12000
046467,台虹凱基92購02  ,0,0,0,0,0,0,0,0,0,12000,0,0,0,12000,0,12000,12000
04618P,電子類群益94售02,0,0,0,0,0,0,0,0,0,12000,0,0,0,12000,0,12000,12000
04862P,台積電元大94售26,0,0,0,0,0,0,0,0,0,12000,0,0,0,12000,0,12000,12000
048584,欣興富邦95購01  ,0,0,0,0,0,0,0,0,0,12000,0,0,0,27000,15000,12000,12000
051361,泰鼎元大95購01  ,0,0,0,0,0,0,0,0,0,12000,0,0,0,113000,101000,12000,12000
047699,亞德客凱基93購04,0,0,0,0,0,0,0,0,0,12000,0,0,0,22000,10000,12000,12000
04775P,台積電凱基94售29,0,0,0,0,0,0,0,0,0,12000,0,0,0,12000,0,12000,12000
047805,台積電凱基93購21,0,0,0,0,0,0,0,0,0,12000,0,0,0,12000,0,12000,12000
049622,聯詠群益94購02  ,0,0,0,0,0,0,0,0,0,12000,0,0,0,12000,0,12000,12000
050443,復盛凱基94購02  ,0,0,0,0,0,0,0,0,0,12000,0,0,0,19000,7000,12000,12000
05070P,鴻海統一96售04  ,0,0,0,0,0,0,0,0,0,12000,0,0,0,12000,0,12000,12000
047930,嘉澤凱基93購03  ,0,0,0,0,0,0,0,0,0,12000,0,0,0,13000,1000,12000,12000
050895,聯發科元大97購01,0,0,0,0,0,0,0,0,0,12000,0,0,0,55000,43000,12000,12000
050886,台積電富邦95購04,0,0,0,0,0,0,0,0,0,12000,0,0,0,557000,545000,12000,12000
050513,亞泥元大94購02  ,0,0,0,0,0,0,0,0,0,12000,0,0,0,26000,14000,12000,12000
04808P,訊芯永豐94售02  ,0,0,0,0,0,0,0,0,0,12000,0,0,0,12000,0,12000,12000
052396,台積電凱基97購01,0,0,0,0,0,0,0,0,0,12000,0,0,0,22000,10000,12000,12000
053103,瀚宇博元富96購01,0,0,0,0,0,0,0,0,0,12000,0,0,0,12000,0,12000,12000
052820,宏達電永豐96購01,0,0,0,0,0,0,0,0,0,12000,0,0,0,12000,0,12000,12000
05220P,台積電元大95售16,0,0,0,0,0,0,0,0,0,12000,0,0,0,12000,0,12000,12000
051915,日月光元大96購01,0,0,0,0,0,0,0,0,0,12000,0,0,0,12000,0,12000,12000
053754,英業達元富96購02,0,0,0,0,0,0,0,0,0,12000,0,0,0,12000,0,12000,12000
05368P,可成元富95售03  ,0,0,0,0,0,0,0,0,0,12000,0,0,0,12000,0,12000,12000
053405,台達電兆豐96購01,0,0,0,0,0,0,0,0,0,12000,0,0,0,12000,0,12000,12000
053409,和碩兆豐96購02  ,0,0,0,0,0,0,0,0,0,12000,0,0,0,12000,0,12000,12000
054083,智伸科元富96購01,0,0,0,0,0,0,0,0,0,12000,0,0,0,21000,9000,12000,12000
054173,奇力新台新97購02,0,0,0,0,0,0,0,0,0,12000,0,0,0,12000,0,12000,12000
054503,京鼎永豐96購04  ,0,0,0,0,0,0,0,0,0,12000,0,0,0,14000,2000,12000,12000
054426,國泰金富邦97購02,0,0,0,0,0,0,0,0,0,12000,0,0,0,12000,0,12000,12000
054629,華新科凱基98購01,0,0,0,0,0,0,0,0,0,12000,0,0,0,61000,49000,12000,12000
054618,訊芯永豐97購01  ,0,0,0,0,0,0,0,0,0,12000,0,0,0,22000,10000,12000,12000
054669,凌華元富97購01  ,0,0,0,0,0,0,0,0,0,12000,0,0,0,12000,0,12000,12000
4994,傳奇            ,34000,23000,11000,0,0,0,2000,36,1964,-1000,0,0,0,0,1000,-1000,11964
6235,華孚            ,14000,3000,11000,0,0,0,0,0,0,0,0,0,0,0,0,0,11000
8105,凌巨            ,428000,269000,159000,0,0,0,3000,143000,-140000,-8000,0,8000,-8000,0,0,0,11000
4155,訊映            ,15000,6000,9000,0,0,0,0,0,0,2000,2000,0,2000,0,0,0,11000
2436,偉詮電          ,20000,12000,8000,0,0,0,3000,0,3000,0,0,0,0,0,0,0,11000
1773,勝一            ,9000,3000,6000,0,0,0,5000,0,5000,0,0,0,0,0,0,0,11000
2017,官田鋼          ,11000,0,11000,0,0,0,0,0,0,0,0,0,0,0,0,0,11000
1810,和成            ,11000,0,11000,0,0,0,0,0,0,0,0,0,0,0,0,0,11000
1726,永記            ,11000,0,11000,0,0,0,0,0,0,0,0,0,0,0,0,0,11000
06032P,健策群益97售03  ,0,0,0,0,0,0,0,0,0,11000,0,0,0,11000,0,11000,11000
06060P,玉晶光元大97售03,0,0,0,0,0,0,0,0,0,11000,0,0,0,19000,8000,11000,11000
06227P,大立光群益97售04,0,0,0,0,0,0,0,0,0,11000,0,0,0,11000,0,11000,11000
06269P,群創凱基98售10  ,0,0,0,0,0,0,0,0,0,11000,0,0,0,11000,0,11000,11000
1203,味王            ,11000,0,11000,0,0,0,0,0,0,0,0,0,0,0,0,0,11000
1232,大統益          ,3000,2000,1000,0,0,0,6000,0,6000,4000,4000,0,4000,0,0,0,11000
055412,旺宏富邦99購01  ,0,0,0,0,0,0,0,0,0,11000,0,0,0,11000,0,11000,11000
055427,技嘉群益98購01  ,0,0,0,0,0,0,0,0,0,11000,0,0,0,12000,1000,11000,11000
055312,台虹群益99購01  ,0,0,0,0,0,0,0,0,0,11000,0,0,0,11000,0,11000,11000
055220,緯穎凱基98購02  ,0,0,0,0,0,0,0,0,0,11000,0,0,0,23000,12000,11000,11000
055108,智邦凱基98購01  ,0,0,0,0,0,0,0,0,0,11000,0,0,0,12000,1000,11000,11000
054832,興勤中信97購01  ,0,0,0,0,0,0,0,0,0,11000,0,0,0,11000,0,11000,11000
054858,台肥群益97購01  ,0,0,0,0,0,0,0,0,0,11000,0,0,0,11000,0,11000,11000
054855,得力群益98購01  ,0,0,0,0,0,0,0,0,0,11000,0,0,0,11000,0,11000,11000
055013,訊連元富97購01  ,0,0,0,0,0,0,0,0,0,11000,0,0,0,102000,91000,11000,11000
055053,瑞昱永豐97購01  ,0,0,0,0,0,0,0,0,0,11000,0,0,0,31000,20000,11000,11000
05632P,大立光群益96售02,0,0,0,0,0,0,0,0,0,11000,0,0,0,11000,0,11000,11000
05876P,聯發科群益96售03,0,0,0,0,0,0,0,0,0,11000,0,0,0,11000,0,11000,11000
046231,創意元大92購07  ,0,0,0,0,0,0,0,0,0,11000,0,0,0,22000,11000,11000,11000
046273,和碩凱基92購02  ,0,0,0,0,0,0,0,0,0,11000,0,0,0,11000,0,11000,11000
047010,聯詠統一93購05  ,0,0,0,0,0,0,0,0,0,11000,0,0,0,11000,0,11000,11000
050072,京鼎凱基94購02  ,0,0,0,0,0,0,0,0,0,11000,0,0,0,11000,0,11000,11000
050027,義隆元大94購03  ,0,0,0,0,0,0,0,0,0,11000,0,0,0,25000,14000,11000,11000
050036,矽格元大94購03  ,0,0,0,0,0,0,0,0,0,11000,0,0,0,11000,0,11000,11000
050050,國泰金群益94購02,0,0,0,0,0,0,0,0,0,11000,0,0,0,15000,4000,11000,11000
04584P,楠梓電永豐94售01,0,0,0,0,0,0,0,0,0,11000,0,0,0,11000,0,11000,11000
04034P,技嘉群益93售03  ,0,0,0,0,0,0,0,0,0,11000,0,0,0,11000,0,11000,11000
04054P,滬深2X富邦96售02,0,0,0,0,0,0,0,0,0,11000,0,0,0,15000,4000,11000,11000
03090X,元展84          ,0,0,0,0,0,0,0,0,0,11000,0,0,0,11000,0,11000,11000
04201P,智原群益93售01  ,0,0,0,0,0,0,0,0,0,11000,0,0,0,11000,0,11000,11000
041971,GIS元大92購01   ,0,0,0,0,0,0,0,0,0,11000,0,0,0,11000,0,11000,11000
03959P,義隆元富96售01  ,0,0,0,0,0,0,0,0,0,11000,0,0,0,11000,0,11000,11000
04451P,可成凱基94售04  ,0,0,0,0,0,0,0,0,0,11000,0,0,0,11000,0,11000,11000
04263P,南電群益93售03  ,0,0,0,0,0,0,0,0,0,11000,0,0,0,11000,0,11000,11000
044563,亞德客凱基92購01,0,0,0,0,0,0,0,0,0,11000,0,0,0,30000,19000,11000,11000
043484,TPK群益93購01   ,0,0,0,0,0,0,0,0,0,11000,0,0,0,43000,32000,11000,11000
047646,貿聯元大94購01  ,0,0,0,0,0,0,0,0,0,11000,0,0,0,11000,0,11000,11000
047648,智伸科元大93購05,0,0,0,0,0,0,0,0,0,11000,0,0,0,11000,0,11000,11000
048479,寶成永豐93購01  ,0,0,0,0,0,0,0,0,0,11000,0,0,0,11000,0,11000,11000
049044,和碩兆豐94購01  ,0,0,0,0,0,0,0,0,0,11000,0,0,0,11000,0,11000,11000
048652,巨大元大96購01  ,0,0,0,0,0,0,0,0,0,11000,0,0,0,11000,0,11000,11000
048658,鴻海統一93購09  ,0,0,0,0,0,0,0,0,0,11000,0,0,0,11000,0,11000,11000
050767,京元電元大96購01,0,0,0,0,0,0,0,0,0,11000,0,0,0,15000,4000,11000,11000
050823,信邦凱基95購01  ,0,0,0,0,0,0,0,0,0,11000,0,0,0,82000,71000,11000,11000
050671,超眾永豐94購04  ,0,0,0,0,0,0,0,0,0,11000,0,0,0,11000,0,11000,11000
050442,復盛凱基94購01  ,0,0,0,0,0,0,0,0,0,11000,0,0,0,33000,22000,11000,11000
049644,台積電凱基94購21,0,0,0,0,0,0,0,0,0,11000,0,0,0,11000,0,11000,11000
048958,傳奇康和95購01  ,0,0,0,0,0,0,0,0,0,11000,0,0,0,11000,0,11000,11000
047792,美利達群益93購02,0,0,0,0,0,0,0,0,0,11000,0,0,0,11000,0,11000,11000
051226,英業達群益95購01,0,0,0,0,0,0,0,0,0,11000,0,0,0,11000,0,11000,11000
048933,晶豪科永豐94購01,0,0,0,0,0,0,0,0,0,11000,0,0,0,11000,0,11000,11000
048845,GIS凱基94購02   ,0,0,0,0,0,0,0,0,0,11000,0,0,0,14000,3000,11000,11000
048759,巨大元富96購01  ,0,0,0,0,0,0,0,0,0,11000,0,0,0,11000,0,11000,11000
049366,聯發科元大94購05,0,0,0,0,0,0,0,0,0,11000,0,0,0,11000,0,11000,11000
054602,聯詠台新97購01  ,0,0,0,0,0,0,0,0,0,11000,0,0,0,11000,0,11000,11000
054322,國巨台新96購02  ,0,0,0,0,0,0,0,0,0,11000,0,0,0,12000,1000,11000,11000
054182,台積電康和96購01,0,0,0,0,0,0,0,0,0,11000,0,0,0,17000,6000,11000,11000
054201,聯詠富邦97購02  ,0,0,0,0,0,0,0,0,0,11000,0,0,0,19000,8000,11000,11000
053281,茂林元大96購02  ,0,0,0,0,0,0,0,0,0,11000,0,0,0,50000,39000,11000,11000
053561,玉晶光國泰98購01,0,0,0,0,0,0,0,0,0,11000,0,0,0,41000,30000,11000,11000
052210,華夏元大95購01  ,0,0,0,0,0,0,0,0,0,11000,0,0,0,11000,0,11000,11000
051851,TPK群益95購03   ,0,0,0,0,0,0,0,0,0,11000,0,0,0,11000,0,11000,11000
051856,亞德客凱基95購01,0,0,0,0,0,0,0,0,0,11000,0,0,0,31000,20000,11000,11000
051777,聯發科群益95購04,0,0,0,0,0,0,0,0,0,11000,0,0,0,11000,0,11000,11000
05152P,玉晶光群益96售05,0,0,0,0,0,0,0,0,0,11000,0,0,0,11000,0,11000,11000
052361,大成鋼國票96購01,0,0,0,0,0,0,0,0,0,11000,0,0,0,20000,9000,11000,11000
05878P,創意群益98售01  ,0,0,0,0,0,0,0,0,0,10000,0,0,0,10000,0,10000,10000
05934P,國巨凱基96售13  ,0,0,0,0,0,0,0,0,0,10000,0,0,0,60000,50000,10000,10000
05740P,宏達電元富96售01,0,0,0,0,0,0,0,0,0,10000,0,0,0,10000,0,10000,10000
05613P,臻鼎台新96售01  ,0,0,0,0,0,0,0,0,0,10000,0,0,0,10000,0,10000,10000
05611P,康控群益96售02  ,0,0,0,0,0,0,0,0,0,10000,0,0,0,10000,0,10000,10000
05658P,日月光元富96售02,0,0,0,0,0,0,0,0,0,10000,0,0,0,11000,1000,10000,10000
05589P,大立光中信9A售01,0,0,0,0,0,0,0,0,0,10000,0,0,0,10000,0,10000,10000
055668,欣興群益97購01  ,0,0,0,0,0,0,0,0,0,10000,0,0,0,10000,0,10000,10000
055672,國巨日盛97購02  ,0,0,0,0,0,0,0,0,0,10000,0,0,0,10000,0,10000,10000
055698,茂林國票98購03  ,0,0,0,0,0,0,0,0,0,10000,0,0,0,10000,0,10000,10000
055732,全新元富9A購01  ,0,0,0,0,0,0,0,0,0,10000,0,0,0,10000,0,10000,10000
055879,神達元富97購01  ,0,0,0,0,0,0,0,0,0,10000,0,0,0,10000,0,10000,10000
055855,牧德元大99購02  ,0,0,0,0,0,0,0,0,0,10000,0,0,0,65000,55000,10000,10000
05583P,訊芯凱基96售01  ,0,0,0,0,0,0,0,0,0,10000,0,0,0,10000,0,10000,10000
055512,聯詠兆豐97購01  ,0,0,0,0,0,0,0,0,0,10000,0,0,0,10000,0,10000,10000
055479,GIS凱基97購04   ,0,0,0,0,0,0,0,0,0,10000,0,0,0,10000,0,10000,10000
055643,宏碁元富97購01  ,0,0,0,0,0,0,0,0,0,10000,0,0,0,10000,0,10000,10000
055024,興勤國泰98購01  ,0,0,0,0,0,0,0,0,0,10000,0,0,0,10000,0,10000,10000
055007,晶相光元富9A購02,0,0,0,0,0,0,0,0,0,10000,0,0,0,10000,0,10000,10000
054990,凌陽元富97購01  ,0,0,0,0,0,0,0,0,0,10000,0,0,0,30000,20000,10000,10000
054926,神達凱基98購01  ,0,0,0,0,0,0,0,0,0,10000,0,0,0,10000,0,10000,10000
054927,帆宣凱基97購01  ,0,0,0,0,0,0,0,0,0,10000,0,0,0,17000,7000,10000,10000
054864,聯發科群益97購02,0,0,0,0,0,0,0,0,0,10000,0,0,0,10000,0,10000,10000
054894,GIS統一97購01   ,0,0,0,0,0,0,0,0,0,10000,0,0,0,10000,0,10000,10000
054866,宏盛群益98購01  ,0,0,0,0,0,0,0,0,0,10000,0,0,0,10000,0,10000,10000
054746,貿聯凱基98購02  ,0,0,0,0,0,0,0,0,0,10000,0,0,0,10000,0,10000,10000
054751,GIS凱基98購01   ,0,0,0,0,0,0,0,0,0,10000,0,0,0,10000,0,10000,10000
055069,帆宣永豐97購01  ,0,0,0,0,0,0,0,0,0,10000,0,0,0,17000,7000,10000,10000
055221,矽創凱基97購02  ,0,0,0,0,0,0,0,0,0,10000,0,0,0,61000,51000,10000,10000
055234,昇陽半國票98購02,0,0,0,0,0,0,0,0,0,10000,0,0,0,10000,0,10000,10000
055175,建準統一97購01  ,0,0,0,0,0,0,0,0,0,10000,0,0,0,10000,0,10000,10000
055313,南電群益97購01  ,0,0,0,0,0,0,0,0,0,10000,0,0,0,10000,0,10000,10000
055296,康舒元大97購02  ,0,0,0,0,0,0,0,0,0,10000,0,0,0,36000,26000,10000,10000
055278,旺宏元大98購05  ,0,0,0,0,0,0,0,0,0,10000,0,0,0,110000,100000,10000,10000
055283,聯發科元大97購16,0,0,0,0,0,0,0,0,0,10000,0,0,0,87000,77000,10000,10000
055430,宏達電群益97購01,0,0,0,0,0,0,0,0,0,10000,0,0,0,10000,0,10000,10000
055436,晶豪科中信99購01,0,0,0,0,0,0,0,0,0,10000,0,0,0,10000,0,10000,10000
055452,台積電元富97購03,0,0,0,0,0,0,0,0,0,10000,0,0,0,10000,0,10000,10000
055353,華新科凱基98購03,0,0,0,0,0,0,0,0,0,10000,0,0,0,10000,0,10000,10000
055372,宏達電元大97購04,0,0,0,0,0,0,0,0,0,10000,0,0,0,10000,0,10000,10000
055381,茂林元大97購02  ,0,0,0,0,0,0,0,0,0,10000,0,0,0,16000,6000,10000,10000
1323,永裕            ,12000,2000,10000,0,0,0,0,0,0,0,0,0,0,0,0,0,10000
06226P,聯發科麥證97售03,0,0,0,10000,0,10000,0,0,0,10000,0,0,0,10000,0,10000,10000
07893P,臺股指國票9B售03,10000,0,10000,0,0,0,0,0,0,0,0,0,0,0,0,0,10000
06026P,華通台新97售01  ,0,0,0,0,0,0,0,0,0,10000,0,0,0,10000,0,10000,10000
06124P,超眾元大97售03  ,0,0,0,0,0,0,0,0,0,10000,0,0,0,10000,0,10000,10000
06154P,超眾元大98售01  ,0,0,0,0,0,0,0,0,0,10000,0,0,0,20000,10000,10000,10000
2444,兆勁            ,23000,13000,10000,0,0,0,0,0,0,0,0,0,0,0,0,0,10000
2459,敦吉            ,8000,3000,5000,0,0,0,5000,0,5000,0,0,0,0,0,0,0,10000
2453,凌群            ,61000,52000,9000,0,0,0,0,0,0,1000,1000,0,1000,0,0,0,10000
2636,台驊投控        ,13000,3000,10000,0,0,0,0,0,0,0,0,0,0,0,0,0,10000
2906,高林            ,11000,1000,10000,0,0,0,0,0,0,0,0,0,0,0,0,0,10000
3028,增你強          ,10000,0,10000,0,0,0,0,0,0,0,0,0,0,0,0,0,10000
6168,宏齊            ,10000,1000,9000,0,0,0,1000,0,1000,0,0,0,0,0,0,0,10000
043357,聯詠國票92購02  ,0,0,0,0,0,0,0,0,0,10000,0,0,0,10000,0,10000,10000
043190,宏達電元大93購01,0,0,0,0,0,0,0,0,0,10000,0,0,0,10000,0,10000,10000
04314P,聯茂元富93售01  ,0,0,0,0,0,0,0,0,0,10000,0,0,0,10000,0,10000,10000
043156,大立光統一94購01,0,0,0,0,0,0,0,0,0,10000,0,0,0,11000,1000,10000,10000
04439P,聯發科群益94售04,0,0,0,0,0,0,0,0,0,10000,0,0,0,10000,0,10000,10000
044347,上証2X元大94購01,0,0,0,0,0,0,0,0,0,10000,0,0,0,20000,10000,10000,10000
044358,TPK元大92購02   ,0,0,0,0,0,0,0,0,0,10000,0,0,0,10000,0,10000,10000
044834,旺宏元大93購02  ,0,0,0,0,0,0,0,0,0,10000,0,0,0,11000,1000,10000,10000
044852,華邦電國泰93購02,0,0,0,0,0,0,0,0,0,10000,0,0,0,10000,0,10000,10000
044864,道瓊反國票96購01,0,0,0,0,0,0,0,0,0,10000,0,0,0,10000,0,10000,10000
044917,奇力新永豐91購02,0,0,0,0,0,0,0,0,0,10000,0,0,0,10000,0,10000,10000
044884,嘉澤群益93購01  ,0,0,0,0,0,0,0,0,0,10000,0,0,0,15000,5000,10000,10000
044173,矽創元大92購02  ,0,0,0,0,0,0,0,0,0,10000,0,0,0,10000,0,10000,10000
044129,群創凱基93購02  ,0,0,0,0,0,0,0,0,0,10000,0,0,0,10000,0,10000,10000
044253,美律麥證92購01  ,0,0,0,10000,0,10000,0,0,0,10000,0,0,0,10000,0,10000,10000
044203,國泰金亞東92購01,0,0,0,0,0,0,0,0,0,10000,0,0,0,10000,0,10000,10000
043966,潤泰全國泰92購01,0,0,0,0,0,0,0,0,0,10000,0,0,0,10000,0,10000,10000
043851,國泰金永昌93購01,0,0,0,0,0,0,0,0,0,10000,0,0,0,10000,0,10000,10000
04362P,聯詠統一94售01  ,0,0,0,0,0,0,0,0,0,10000,0,0,0,10000,0,10000,10000
043642,元金2X國票97購01,0,0,0,0,0,0,0,0,0,10000,0,0,0,10000,0,10000,10000
043605,創意元大93購01  ,0,0,0,0,0,0,0,0,0,10000,0,0,0,10000,0,10000,10000
043731,泰鼎國泰92購01  ,0,0,0,0,0,0,0,0,0,10000,0,0,0,10000,0,10000,10000
047221,日月光麥證93購01,0,0,0,10000,0,10000,0,0,0,10000,0,0,0,10000,0,10000,10000
047380,統一元大93購01  ,0,0,0,0,0,0,0,0,0,10000,0,0,0,35000,25000,10000,10000
047376,南電國票94購01  ,0,0,0,0,0,0,0,0,0,10000,0,0,0,10000,0,10000,10000
047297,康控元富93購01  ,0,0,0,0,0,0,0,0,0,10000,0,0,0,10000,0,10000,10000
047271,華通永豐93購01  ,0,0,0,0,0,0,0,0,0,10000,0,0,0,10000,0,10000,10000
04732P,聯茂群益94售01  ,0,0,0,0,0,0,0,0,0,10000,0,0,0,10000,0,10000,10000
047446,TPK元大94購01   ,0,0,0,0,0,0,0,0,0,10000,0,0,0,10000,0,10000,10000
04581P,楠梓電康和94售03,0,0,0,0,0,0,0,0,0,10000,0,0,0,10000,0,10000,10000
044623,奇力新元大92購01,0,0,0,0,0,0,0,0,0,10000,0,0,0,10000,0,10000,10000
044763,瀚宇博凱基93購01,0,0,0,0,0,0,0,0,0,10000,0,0,0,10000,0,10000,10000
042754,元黃金元大93購01,0,0,0,0,0,0,0,0,0,10000,0,0,0,10000,0,10000,10000
042900,卜蜂元大92購01  ,0,0,0,0,0,0,0,0,0,10000,0,0,0,10000,0,10000,10000
042845,TPK凱基92購01   ,0,0,0,0,0,0,0,0,0,10000,0,0,0,10000,0,10000,10000
042470,元油2X元大93購04,0,0,0,0,0,0,0,0,0,10000,0,0,0,15000,5000,10000,10000
044511,全新凱基92購01  ,0,0,0,0,0,0,0,0,0,10000,0,0,0,10000,0,10000,10000
044512,奇力新凱基93購02,0,0,0,0,0,0,0,0,0,10000,0,0,0,10000,0,10000,10000
03849P,大成鋼凱基93售03,0,0,0,0,0,0,0,0,0,10000,0,0,0,10000,0,10000,10000
03793P,超眾永豐93售01  ,0,0,0,0,0,0,0,0,0,10000,0,0,0,10000,0,10000,10000
03546P,欣興群益02售12  ,0,0,0,0,0,0,0,0,0,10000,0,0,0,10000,0,10000,10000
03619C,臺股指元大95牛02,0,0,0,0,0,0,0,0,0,10000,0,0,0,10000,0,10000,10000
03538P,景碩元富08售02  ,0,0,0,0,0,0,0,0,0,10000,0,0,0,10000,0,10000,10000
03595C,滬深2X元富92牛01,0,0,0,0,0,0,0,0,0,10000,0,0,0,10000,0,10000,10000
03716P,大成鋼永豐93售01,0,0,0,0,0,0,0,0,0,10000,0,0,0,10000,0,10000,10000
01001T,土銀富邦R1      ,0,0,0,0,0,0,0,0,0,10000,10000,0,10000,0,0,0,10000
006204,永豐臺灣加權    ,0,0,0,0,0,0,0,0,0,10000,0,0,0,50000,40000,10000,10000
0051,元大中型100     ,2000,2000,0,0,0,0,0,0,0,10000,0,0,0,17000,7000,10000,10000
04155P,全新永豐93售01  ,0,0,0,0,0,0,0,0,0,10000,0,0,0,10000,0,10000,10000
03111P,元油2X富邦97售01,0,0,0,0,0,0,0,0,0,10000,0,0,0,10000,0,10000,10000
03147P,台灣50群益03售02,0,0,0,0,0,0,0,0,0,10000,0,0,0,10000,0,10000,10000
03202P,聯電凱基01售03  ,0,0,0,0,0,0,0,0,0,10000,0,0,0,10000,0,10000,10000
04059P,臺股指群益93售13,0,0,0,0,0,0,0,0,0,10000,0,0,0,10000,0,10000,10000
04067P,聯發科凱基93售24,0,0,0,0,0,0,0,0,0,10000,0,0,0,10000,0,10000,10000
040269,上証2X中信92購01,0,0,0,0,0,0,0,0,0,10000,0,0,0,10000,0,10000,10000
040744,滬深2X國票94購01,0,0,0,0,0,0,0,0,0,10000,0,0,0,10000,0,10000,10000
04132P,瑞昱群益93售04  ,0,0,0,0,0,0,0,0,0,10000,0,0,0,10000,0,10000,10000
04123P,可成凱基93售11  ,0,0,0,0,0,0,0,0,0,10000,0,0,0,10000,0,10000,10000
045856,南亞科國泰94購01,0,0,0,0,0,0,0,0,0,10000,0,0,0,10000,0,10000,10000
046770,聯發科國泰94購01,0,0,0,0,0,0,0,0,0,10000,0,0,0,18000,8000,10000,10000
046791,台郡統一96購01  ,0,0,0,0,0,0,0,0,0,10000,0,0,0,10000,0,10000,10000
046774,瑞昱台新93購01  ,0,0,0,0,0,0,0,0,0,10000,0,0,0,10000,0,10000,10000
046786,欣興永豐93購02  ,0,0,0,0,0,0,0,0,0,10000,0,0,0,10000,0,10000,10000
047050,可成國票93購02  ,0,0,0,0,0,0,0,0,0,10000,0,0,0,10000,0,10000,10000
046796,南電元富93購01  ,0,0,0,0,0,0,0,0,0,10000,0,0,0,10000,0,10000,10000
046802,聯電元大93購01  ,0,0,0,0,0,0,0,0,0,10000,0,0,0,10000,0,10000,10000
047036,台光電群益93購02,0,0,0,0,0,0,0,0,0,10000,0,0,0,10000,0,10000,10000
047032,台虹元大93購01  ,0,0,0,0,0,0,0,0,0,10000,0,0,0,10000,0,10000,10000
047095,聯詠麥證93購01  ,0,0,0,10000,0,10000,0,0,0,10000,0,0,0,10000,0,10000,10000
047118,欣興元大93購06  ,0,0,0,0,0,0,0,0,0,10000,0,0,0,32000,22000,10000,10000
046029,微星元大92購02  ,0,0,0,0,0,0,0,0,0,10000,0,0,0,10000,0,10000,10000
04603P,訊芯凱基94售03  ,0,0,0,0,0,0,0,0,0,10000,0,0,0,10000,0,10000,10000
045991,為升富邦95購01  ,0,0,0,0,0,0,0,0,0,10000,0,0,0,10000,0,10000,10000
046002,美律統一93購01  ,0,0,0,0,0,0,0,0,0,10000,0,0,0,13000,3000,10000,10000
046014,緯穎元富92購02  ,0,0,0,0,0,0,0,0,0,10000,0,0,0,10000,0,10000,10000
045063,聯茂康和92購01  ,0,0,0,0,0,0,0,0,0,10000,0,0,0,10000,0,10000,10000
045070,全新元大93購02  ,0,0,0,0,0,0,0,0,0,10000,0,0,0,10000,0,10000,10000
045947,欣興兆豐93購04  ,0,0,0,0,0,0,0,0,0,10000,0,0,0,20000,10000,10000,10000
045226,TPK元大93購02   ,0,0,0,0,0,0,0,0,0,10000,0,0,0,10000,0,10000,10000
045298,旺宏元大94購01  ,0,0,0,0,0,0,0,0,0,10000,0,0,0,10000,0,10000,10000
045231,南電元大94購01  ,0,0,0,0,0,0,0,0,0,10000,0,0,0,10000,0,10000,10000
045262,華固凱基92購01  ,0,0,0,0,0,0,0,0,0,10000,0,0,0,10000,0,10000,10000
045270,南電凱基92購03  ,0,0,0,0,0,0,0,0,0,10000,0,0,0,10000,0,10000,10000
04536P,長榮航統一94售01,0,0,0,0,0,0,0,0,0,10000,0,0,0,10000,0,10000,10000
045379,智邦元大93購01  ,0,0,0,0,0,0,0,0,0,10000,0,0,0,14000,4000,10000,10000
04532P,臺股指凱基94售04,0,0,0,0,0,0,0,0,0,10000,0,0,0,10000,0,10000,10000
045339,鴻海凱基92購06  ,0,0,0,0,0,0,0,0,0,10000,0,0,0,10000,0,10000,10000
046836,聯茂群益93購01  ,0,0,0,0,0,0,0,0,0,10000,0,0,0,10000,0,10000,10000
04684P,欣興元大94售07  ,0,0,0,0,0,0,0,0,0,10000,0,0,0,10000,0,10000,10000
046159,群創群益98購04  ,0,0,0,0,0,0,0,0,0,10000,0,0,0,10000,0,10000,10000
046923,友達國泰94購01  ,0,0,0,0,0,0,0,0,0,10000,0,0,0,10000,0,10000,10000
046929,大立光統一93購03,0,0,0,0,0,0,0,0,0,10000,0,0,0,10000,0,10000,10000
046303,台積電元大92購25,0,0,0,0,0,0,0,0,0,10000,0,0,0,10000,0,10000,10000
046898,南茂麥證93購01  ,0,0,0,10000,0,10000,0,0,0,10000,0,0,0,10000,0,10000,10000
046901,英業達凱基93購02,0,0,0,0,0,0,0,0,0,10000,0,0,0,10000,0,10000,10000
04607P,A50中信94售01   ,0,0,0,0,0,0,0,0,0,10000,0,0,0,10000,0,10000,10000
046080,同欣電凱基92購03,0,0,0,0,0,0,0,0,0,10000,0,0,0,10000,0,10000,10000
046090,冠德兆豐92購01  ,0,0,0,0,0,0,0,0,0,10000,0,0,0,10000,0,10000,10000
046085,儒鴻麥證92購01  ,0,0,0,10000,0,10000,0,0,0,10000,0,0,0,10000,0,10000,10000
045156,群創凱基92購01  ,0,0,0,0,0,0,0,0,0,10000,0,0,0,10000,0,10000,10000
045158,和碩凱基92購01  ,0,0,0,0,0,0,0,0,0,10000,0,0,0,10000,0,10000,10000
045160,致新凱基92購01  ,0,0,0,0,0,0,0,0,0,10000,0,0,0,10000,0,10000,10000
045170,鴻海日盛92購01  ,0,0,0,0,0,0,0,0,0,10000,0,0,0,10000,0,10000,10000
045516,聯茂統一94購01  ,0,0,0,0,0,0,0,0,0,10000,0,0,0,49000,39000,10000,10000
045591,彩晶元大93購01  ,0,0,0,0,0,0,0,0,0,10000,0,0,0,10000,0,10000,10000
045618,元油2X永豐98購01,0,0,0,0,0,0,0,0,0,10000,0,0,0,10000,0,10000,10000
04556P,大成鋼群益94售02,0,0,0,0,0,0,0,0,0,10000,0,0,0,10000,0,10000,10000
045575,智邦元大92購06  ,0,0,0,0,0,0,0,0,0,10000,0,0,0,10000,0,10000,10000
04541P,智易永豐94售03  ,0,0,0,0,0,0,0,0,0,10000,0,0,0,10000,0,10000,10000
045410,華邦電群益94購01,0,0,0,0,0,0,0,0,0,10000,0,0,0,10000,0,10000,10000
045674,友達元大92購03  ,0,0,0,0,0,0,0,0,0,10000,0,0,0,10000,0,10000,10000
045669,華通元大93購02  ,0,0,0,0,0,0,0,0,0,10000,0,0,0,13000,3000,10000,10000
045693,台達電兆豐92購02,0,0,0,0,0,0,0,0,0,10000,0,0,0,10000,0,10000,10000
045698,致伸兆豐93購01  ,0,0,0,0,0,0,0,0,0,10000,0,0,0,10000,0,10000,10000
045622,康舒永豐92購01  ,0,0,0,0,0,0,0,0,0,10000,0,0,0,10000,0,10000,10000
045629,智邦凱基92購01  ,0,0,0,0,0,0,0,0,0,10000,0,0,0,10000,0,10000,10000
045108,康友群益93購02  ,0,0,0,0,0,0,0,0,0,10000,0,0,0,10000,0,10000,10000
045717,微星凱基92購03  ,0,0,0,0,0,0,0,0,0,10000,0,0,0,10000,0,10000,10000
046054,冠德群益93購01  ,0,0,0,0,0,0,0,0,0,10000,0,0,0,10000,0,10000,10000
050032,TPK元大94購03   ,0,0,0,0,0,0,0,0,0,10000,0,0,0,10000,0,10000,10000
050039,鴻海中信94購03  ,0,0,0,0,0,0,0,0,0,10000,0,0,0,10000,0,10000,10000
050040,鴻海中信94購04  ,0,0,0,0,0,0,0,0,0,10000,0,0,0,10000,0,10000,10000
049979,美律凱基94購07  ,0,0,0,0,0,0,0,0,0,10000,0,0,0,20000,10000,10000,10000
049986,嘉澤凱基94購02  ,0,0,0,0,0,0,0,0,0,10000,0,0,0,10000,0,10000,10000
04999P,南電永豐95售01  ,0,0,0,0,0,0,0,0,0,10000,0,0,0,10000,0,10000,10000
050020,為升元大94購06  ,0,0,0,0,0,0,0,0,0,10000,0,0,0,20000,10000,10000,10000
050146,訊芯康和94購02  ,0,0,0,0,0,0,0,0,0,10000,0,0,0,10000,0,10000,10000
050123,群臺反凱基96購01,0,0,0,0,0,0,0,0,0,10000,0,0,0,10000,0,10000,10000
050157,臻鼎群益94購02  ,0,0,0,0,0,0,0,0,0,10000,0,0,0,10000,0,10000,10000
047019,台積電元大93購14,0,0,0,0,0,0,0,0,0,10000,0,0,0,10000,0,10000,10000
047022,聯發科元大93購07,0,0,0,0,0,0,0,0,0,10000,0,0,0,10000,0,10000,10000
04831P,聯詠富邦96售01  ,0,0,0,0,0,0,0,0,0,10000,0,0,0,10000,0,10000,10000
050260,鴻海元大94購15  ,0,0,0,0,0,0,0,0,0,10000,0,0,0,119000,109000,10000,10000
050312,大立光兆豐94購04,0,0,0,0,0,0,0,0,0,10000,0,0,0,10000,0,10000,10000
050315,和碩兆豐95購01  ,0,0,0,0,0,0,0,0,0,10000,0,0,0,10000,0,10000,10000
050305,正崴中信95購01  ,0,0,0,0,0,0,0,0,0,10000,0,0,0,10000,0,10000,10000
049951,全新群益94購03  ,0,0,0,0,0,0,0,0,0,10000,0,0,0,30000,20000,10000,10000
049923,智原元大95購02  ,0,0,0,0,0,0,0,0,0,10000,0,0,0,10000,0,10000,10000
050348,鴻海群益94購06  ,0,0,0,0,0,0,0,0,0,10000,0,0,0,10000,0,10000,10000
046935,義隆元富93購01  ,0,0,0,0,0,0,0,0,0,10000,0,0,0,10000,0,10000,10000
046946,益航元大94購01  ,0,0,0,0,0,0,0,0,0,10000,0,0,0,10000,0,10000,10000
046962,群創中信95購03  ,0,0,0,0,0,0,0,0,0,10000,0,0,0,10000,0,10000,10000
046966,南茂中信93購01  ,0,0,0,0,0,0,0,0,0,10000,0,0,0,10000,0,10000,10000
046960,台新金中信95購01,0,0,0,0,0,0,0,0,0,10000,0,0,0,10000,0,10000,10000
046188,京元電凱基92購06,0,0,0,0,0,0,0,0,0,10000,0,0,0,10000,0,10000,10000
046211,南電元富92購01  ,0,0,0,0,0,0,0,0,0,10000,0,0,0,10000,0,10000,10000
046179,超眾日盛92購01  ,0,0,0,0,0,0,0,0,0,10000,0,0,0,24000,14000,10000,10000
046658,微星元大93購01  ,0,0,0,0,0,0,0,0,0,10000,0,0,0,10000,0,10000,10000
046647,高鐵國泰93購01  ,0,0,0,0,0,0,0,0,0,10000,0,0,0,10000,0,10000,10000
046660,宏達電元大93購07,0,0,0,0,0,0,0,0,0,10000,0,0,0,32000,22000,10000,10000
046528,聯詠中信94購01  ,0,0,0,0,0,0,0,0,0,10000,0,0,0,10000,0,10000,10000
046501,友達元大92購05  ,0,0,0,0,0,0,0,0,0,10000,0,0,0,10000,0,10000,10000
046506,全新元大92購05  ,0,0,0,0,0,0,0,0,0,10000,0,0,0,10000,0,10000,10000
046592,南電元大92購03  ,0,0,0,0,0,0,0,0,0,10000,0,0,0,10000,0,10000,10000
046611,樺漢日盛93購01  ,0,0,0,0,0,0,0,0,0,10000,0,0,0,10000,0,10000,10000
046558,儒鴻凱基92購05  ,0,0,0,0,0,0,0,0,0,10000,0,0,0,10000,0,10000,10000
046332,同欣電元大92購01,0,0,0,0,0,0,0,0,0,10000,0,0,0,10000,0,10000,10000
046333,康友元大92購05  ,0,0,0,0,0,0,0,0,0,10000,0,0,0,16000,6000,10000,10000
046326,智伸科元大92購03,0,0,0,0,0,0,0,0,0,10000,0,0,0,10000,0,10000,10000
046366,上緯控永豐92購02,0,0,0,0,0,0,0,0,0,10000,0,0,0,20000,10000,10000,10000
046432,宏達電中信94購01,0,0,0,0,0,0,0,0,0,10000,0,0,0,10000,0,10000,10000
049350,麗豐康和94購01  ,0,0,0,0,0,0,0,0,0,10000,0,0,0,10000,0,10000,10000
049317,啟碁凱基94購02  ,0,0,0,0,0,0,0,0,0,10000,0,0,0,10000,0,10000,10000
049315,上緯控凱基94購03,0,0,0,0,0,0,0,0,0,10000,0,0,0,10000,0,10000,10000
049385,茂林元大94購03  ,0,0,0,0,0,0,0,0,0,10000,0,0,0,16000,6000,10000,10000
049417,奇力新凱基94購02,0,0,0,0,0,0,0,0,0,10000,0,0,0,10000,0,10000,10000
049721,晶技凱基94購02  ,0,0,0,0,0,0,0,0,0,10000,0,0,0,18000,8000,10000,10000
049717,微星凱基94購01  ,0,0,0,0,0,0,0,0,0,10000,0,0,0,20000,10000,10000,10000
049747,嘉晶永豐94購02  ,0,0,0,0,0,0,0,0,0,10000,0,0,0,10000,0,10000,10000
049737,美食群益94購03  ,0,0,0,0,0,0,0,0,0,10000,0,0,0,10000,0,10000,10000
049783,元油2X兆豐95購01,0,0,0,0,0,0,0,0,0,10000,0,0,0,10000,0,10000,10000
049537,元石油群益97購01,0,0,0,0,0,0,0,0,0,10000,0,0,0,10000,0,10000,10000
049481,為升元大94購03  ,0,0,0,0,0,0,0,0,0,10000,0,0,0,15000,5000,10000,10000
049204,京元電群益94購02,0,0,0,0,0,0,0,0,0,10000,0,0,0,10000,0,10000,10000
049244,亞光元富94購01  ,0,0,0,0,0,0,0,0,0,10000,0,0,0,10000,0,10000,10000
049228,台塑富邦94購01  ,0,0,0,0,0,0,0,0,0,10000,0,0,0,10000,0,10000,10000
049600,緯穎元大95購02  ,0,0,0,0,0,0,0,0,0,10000,0,0,0,12000,2000,10000,10000
049546,正崴群益94購01  ,0,0,0,0,0,0,0,0,0,10000,0,0,0,10000,0,10000,10000
048734,美利達麥證94購01,0,0,0,10000,0,10000,0,0,0,10000,0,0,0,10000,0,10000,10000
048687,旺宏群益96購01  ,0,0,0,0,0,0,0,0,0,10000,0,0,0,10000,0,10000,10000
048720,智易永豐94購02  ,0,0,0,0,0,0,0,0,0,10000,0,0,0,10000,0,10000,10000
04867P,美律統一94售03  ,0,0,0,0,0,0,0,0,0,10000,0,0,0,10000,0,10000,10000
048847,A50群益98購01   ,0,0,0,0,0,0,0,0,0,10000,0,0,0,10000,0,10000,10000
048853,凌陽群益94購01  ,0,0,0,0,0,0,0,0,0,10000,0,0,0,10000,0,10000,10000
048811,鴻海日盛94購01  ,0,0,0,0,0,0,0,0,0,10000,0,0,0,10000,0,10000,10000
048583,智原富邦98購01  ,0,0,0,0,0,0,0,0,0,10000,0,0,0,10000,0,10000,10000
049106,大立光富邦94購01,0,0,0,0,0,0,0,0,0,10000,0,0,0,10000,0,10000,10000
04913P,聯詠元富94售02  ,0,0,0,0,0,0,0,0,0,10000,0,0,0,10000,0,10000,10000
049148,全新元大95購01  ,0,0,0,0,0,0,0,0,0,10000,0,0,0,10000,0,10000,10000
051231,健策群益97購01  ,0,0,0,0,0,0,0,0,0,10000,0,0,0,30000,20000,10000,10000
051208,GIS麥證95購01   ,0,0,0,10000,0,10000,0,0,0,10000,0,0,0,10000,0,10000,10000
051213,華新科統一95購01,0,0,0,0,0,0,0,0,0,10000,0,0,0,10000,0,10000,10000
051197,光寶科麥證95購01,0,0,0,12000,0,12000,0,0,0,10000,0,0,0,12000,2000,10000,10000
05131P,聯詠統一97售01  ,0,0,0,0,0,0,0,0,0,10000,0,0,0,10000,0,10000,10000
051315,同欣電麥證95購01,0,0,0,10000,0,10000,0,0,0,10000,0,0,0,10000,0,10000,10000
051328,力山永豐95購01  ,0,0,0,0,0,0,0,0,0,10000,0,0,0,10000,0,10000,10000
051356,全新元大96購04  ,0,0,0,0,0,0,0,0,0,10000,0,0,0,10000,0,10000,10000
051422,超眾國票96購01  ,0,0,0,0,0,0,0,0,0,10000,0,0,0,10000,0,10000,10000
051457,寶成元大95購01  ,0,0,0,0,0,0,0,0,0,10000,0,0,0,10000,0,10000,10000
051452,貿聯元大95購04  ,0,0,0,0,0,0,0,0,0,10000,0,0,0,10000,0,10000,10000
051470,玉晶光日盛95購01,0,0,0,0,0,0,0,0,0,10000,0,0,0,10000,0,10000,10000
047778,美利達元大93購01,0,0,0,0,0,0,0,0,0,10000,0,0,0,10000,0,10000,10000
048523,TPK元富94購01   ,0,0,0,0,0,0,0,0,0,10000,0,0,0,10000,0,10000,10000
047777,寶成元大93購01  ,0,0,0,0,0,0,0,0,0,10000,0,0,0,10000,0,10000,10000
048513,欣興凱基93購04  ,0,0,0,0,0,0,0,0,0,10000,0,0,0,10000,0,10000,10000
047708,聯發科凱基93購17,0,0,0,0,0,0,0,0,0,10000,0,0,0,22000,12000,10000,10000
047696,聯發科國票94購02,0,0,0,0,0,0,0,0,0,10000,0,0,0,50000,40000,10000,10000
047685,嘉聯益國泰95購01,0,0,0,0,0,0,0,0,0,10000,0,0,0,10000,0,10000,10000
049178,宏達電凱基94購02,0,0,0,0,0,0,0,0,0,10000,0,0,0,60000,50000,10000,10000
049272,世紀鋼元大96購02,0,0,0,0,0,0,0,0,0,10000,0,0,0,10000,0,10000,10000
047807,華邦電凱基93購06,0,0,0,0,0,0,0,0,0,10000,0,0,0,10000,0,10000,10000
047833,全新元大94購02  ,0,0,0,0,0,0,0,0,0,10000,0,0,0,10000,0,10000,10000
047847,鴻海統一93購07  ,0,0,0,0,0,0,0,0,0,10000,0,0,0,10000,0,10000,10000
051029,緯創元富95購01  ,0,0,0,0,0,0,0,0,0,10000,0,0,0,10000,0,10000,10000
051082,上証2X元大98購01,0,0,0,0,0,0,0,0,0,10000,0,0,0,10000,0,10000,10000
051072,強茂國票95購02  ,0,0,0,0,0,0,0,0,0,10000,0,0,0,10000,0,10000,10000
048386,華新國票94購01  ,0,0,0,0,0,0,0,0,0,10000,0,0,0,10000,0,10000,10000
049650,啟碁凱基94購03  ,0,0,0,0,0,0,0,0,0,10000,0,0,0,10000,0,10000,10000
04965P,日月光元大94售02,0,0,0,0,0,0,0,0,0,10000,0,0,0,10000,0,10000,10000
049607,台積電兆豐94購04,0,0,0,0,0,0,0,0,0,10000,0,0,0,10000,0,10000,10000
049714,國巨凱基94購02  ,0,0,0,0,0,0,0,0,0,10000,0,0,0,12000,2000,10000,10000
049861,正崴兆豐94購01  ,0,0,0,0,0,0,0,0,0,10000,0,0,0,10000,0,10000,10000
050208,燿華兆豐95購02  ,0,0,0,0,0,0,0,0,0,10000,0,0,0,10000,0,10000,10000
047560,超眾凱基94購01  ,0,0,0,0,0,0,0,0,0,10000,0,0,0,10000,0,10000,10000
047557,麗豐凱基94購02  ,0,0,0,0,0,0,0,0,0,10000,0,0,0,10000,0,10000,10000
04756P,大立光元富94售08,0,0,0,0,0,0,0,0,0,10000,0,0,0,10000,0,10000,10000
048364,臺股指永豐93購04,0,0,0,0,0,0,0,0,0,10000,0,0,0,10000,0,10000,10000
050621,易華電元大95購01,0,0,0,0,0,0,0,0,0,10000,0,0,0,10000,0,10000,10000
050936,國巨國票95購04  ,0,0,0,0,0,0,0,0,0,10000,0,0,0,10000,0,10000,10000
050678,美律統一94購04  ,0,0,0,0,0,0,0,0,0,10000,0,0,0,10000,0,10000,10000
050966,日月光永豐95購01,0,0,0,0,0,0,0,0,0,10000,0,0,0,10000,0,10000,10000
050539,鴻海凱基95購07  ,0,0,0,0,0,0,0,0,0,10000,0,0,0,75000,65000,10000,10000
050568,為升中信97購01  ,0,0,0,0,0,0,0,0,0,10000,0,0,0,50000,40000,10000,10000
050619,TPK元大95購02   ,0,0,0,0,0,0,0,0,0,10000,0,0,0,10000,0,10000,10000
050610,鴻海元大94購24  ,0,0,0,0,0,0,0,0,0,10000,0,0,0,169000,159000,10000,10000
050524,宏達電元大95購04,0,0,0,0,0,0,0,0,0,10000,0,0,0,10000,0,10000,10000
050696,台光電凱基96購01,0,0,0,0,0,0,0,0,0,10000,0,0,0,10000,0,10000,10000
050543,聯發科凱基95購01,0,0,0,0,0,0,0,0,0,10000,0,0,0,22000,12000,10000,10000
050548,華固凱基95購01  ,0,0,0,0,0,0,0,0,0,10000,0,0,0,10000,0,10000,10000
050787,致伸國泰96購01  ,0,0,0,0,0,0,0,0,0,10000,0,0,0,10000,0,10000,10000
050706,柏文凱基94購01  ,0,0,0,0,0,0,0,0,0,10000,0,0,0,10000,0,10000,10000
050804,和大日盛95購01  ,0,0,0,0,0,0,0,0,0,10000,0,0,0,10000,0,10000,10000
050793,大立光富邦96購03,0,0,0,0,0,0,0,0,0,10000,0,0,0,10000,0,10000,10000
049059,超眾永豐94購01  ,0,0,0,0,0,0,0,0,0,10000,0,0,0,11000,1000,10000,10000
049083,大立光凱基94購02,0,0,0,0,0,0,0,0,0,10000,0,0,0,10000,0,10000,10000
049032,百和群益94購04  ,0,0,0,0,0,0,0,0,0,10000,0,0,0,10000,0,10000,10000
049022,聯詠群益94購01  ,0,0,0,0,0,0,0,0,0,10000,0,0,0,15000,5000,10000,10000
048416,台達電統一93購02,0,0,0,0,0,0,0,0,0,10000,0,0,0,10000,0,10000,10000
047871,健策永豐93購02  ,0,0,0,0,0,0,0,0,0,10000,0,0,0,15000,5000,10000,10000
048137,力成國票93購01  ,0,0,0,0,0,0,0,0,0,10000,0,0,0,10000,0,10000,10000
048135,瀚宇博國票94購01,0,0,0,0,0,0,0,0,0,10000,0,0,0,10000,0,10000,10000
048169,瑞昱永豐93購02  ,0,0,0,0,0,0,0,0,0,10000,0,0,0,10000,0,10000,10000
048216,元油反凱基93購01,0,0,0,0,0,0,0,0,0,10000,0,0,0,10000,0,10000,10000
047660,南茂麥證93購02  ,0,0,0,10000,0,10000,0,0,0,10000,0,0,0,10000,0,10000,10000
047675,群創元富96購03  ,0,0,0,0,0,0,0,0,0,10000,0,0,0,10000,0,10000,10000
047978,元油反群益97購01,0,0,0,0,0,0,0,0,0,10000,0,0,0,10000,0,10000,10000
047968,南電國泰94購01  ,0,0,0,0,0,0,0,0,0,10000,0,0,0,10000,0,10000,10000
047610,致伸第一93購01  ,0,0,0,0,0,0,0,0,0,10000,0,0,0,10000,0,10000,10000
047591,訊芯永豐93購02  ,0,0,0,0,0,0,0,0,0,10000,0,0,0,10000,0,10000,10000
048091,漢唐凱基93購03  ,0,0,0,0,0,0,0,0,0,10000,0,0,0,10000,0,10000,10000
048092,聯發科凱基93購29,0,0,0,0,0,0,0,0,0,10000,0,0,0,34000,24000,10000,10000
048093,聯發科凱基93購30,0,0,0,0,0,0,0,0,0,10000,0,0,0,10000,0,10000,10000
048100,貿聯凱基93購02  ,0,0,0,0,0,0,0,0,0,10000,0,0,0,10000,0,10000,10000
04806P,臻鼎元富94售06  ,0,0,0,0,0,0,0,0,0,10000,0,0,0,12000,2000,10000,10000
048060,台達電統一93購01,0,0,0,0,0,0,0,0,0,10000,0,0,0,10000,0,10000,10000
048054,鴻海國泰95購01  ,0,0,0,0,0,0,0,0,0,10000,0,0,0,35000,25000,10000,10000
05050P,華通群益96售02  ,0,0,0,0,0,0,0,0,0,10000,0,0,0,10000,0,10000,10000
050485,國巨統一96購01  ,0,0,0,0,0,0,0,0,0,10000,0,0,0,18000,8000,10000,10000
050466,瑞儀中信94購01  ,0,0,0,0,0,0,0,0,0,10000,0,0,0,10000,0,10000,10000
050448,義隆元大94購04  ,0,0,0,0,0,0,0,0,0,10000,0,0,0,26000,16000,10000,10000
047480,全新凱基93購01  ,0,0,0,0,0,0,0,0,0,10000,0,0,0,10000,0,10000,10000
047481,可成凱基93購08  ,0,0,0,0,0,0,0,0,0,10000,0,0,0,10000,0,10000,10000
052432,康友永豐95購04  ,0,0,0,0,0,0,0,0,0,10000,0,0,0,17000,7000,10000,10000
052515,矽力凱基95購02  ,0,0,0,0,0,0,0,0,0,10000,0,0,0,10000,0,10000,10000
052484,矽創群益95購02  ,0,0,0,0,0,0,0,0,0,10000,0,0,0,10000,0,10000,10000
052565,上銀凱基96購01  ,0,0,0,0,0,0,0,0,0,10000,0,0,0,17000,7000,10000,10000
052616,鴻海國泰98購02  ,0,0,0,0,0,0,0,0,0,10000,0,0,0,42000,32000,10000,10000
052825,TPK永豐96購01   ,0,0,0,0,0,0,0,0,0,10000,0,0,0,10000,0,10000,10000
052816,上銀永豐96購01  ,0,0,0,0,0,0,0,0,0,10000,0,0,0,10000,0,10000,10000
052742,可成元大96購01  ,0,0,0,0,0,0,0,0,0,10000,0,0,0,10000,0,10000,10000
052755,滬深2X群益9A購01,0,0,0,0,0,0,0,0,0,10000,0,0,0,10000,0,10000,10000
052927,友達元大98購02  ,0,0,0,0,0,0,0,0,0,10000,0,0,0,10000,0,10000,10000
052867,晶技凱基96購01  ,0,0,0,0,0,0,0,0,0,10000,0,0,0,18000,8000,10000,10000
052848,聯發科統一96購03,0,0,0,0,0,0,0,0,0,10000,0,0,0,10000,0,10000,10000
053101,創意元富96購03  ,0,0,0,0,0,0,0,0,0,10000,0,0,0,10000,0,10000,10000
053076,貿聯永豐96購01  ,0,0,0,0,0,0,0,0,0,10000,0,0,0,10000,0,10000,10000
053108,南亞科兆豐96購01,0,0,0,0,0,0,0,0,0,10000,0,0,0,20000,10000,10000,10000
053038,華邦電凱基97購01,0,0,0,0,0,0,0,0,0,10000,0,0,0,10000,0,10000,10000
053048,同欣電麥證96購01,0,0,0,10000,0,10000,0,0,0,10000,0,0,0,10000,0,10000,10000
053058,台光電永昌99購01,0,0,0,0,0,0,0,0,0,10000,0,0,0,10000,0,10000,10000
052938,華新科兆豐96購01,0,0,0,0,0,0,0,0,0,10000,0,0,0,10000,0,10000,10000
052977,奇力新麥證97購01,0,0,0,15000,5000,10000,0,0,0,10000,0,0,0,15000,5000,10000,10000
05154P,台積電兆豐95售05,0,0,0,0,0,0,0,0,0,10000,0,0,0,10000,0,10000,10000
051564,和碩國泰96購01  ,0,0,0,0,0,0,0,0,0,10000,0,0,0,10000,0,10000,10000
051611,鈺齊群益95購02  ,0,0,0,0,0,0,0,0,0,10000,0,0,0,10000,0,10000,10000
051614,元金2X凱基97購01,0,0,0,0,0,0,0,0,0,10000,0,0,0,65000,55000,10000,10000
051625,聯發科麥證95購01,0,0,0,10000,0,10000,0,0,0,10000,0,0,0,10000,0,10000,10000
051796,和碩康和95購01  ,0,0,0,0,0,0,0,0,0,10000,0,0,0,10000,0,10000,10000
051759,全新元大95購04  ,0,0,0,0,0,0,0,0,0,10000,0,0,0,10000,0,10000,10000
051753,華通元大96購03  ,0,0,0,0,0,0,0,0,0,10000,0,0,0,10000,0,10000,10000
051711,臻鼎群益95購03  ,0,0,0,0,0,0,0,0,0,10000,0,0,0,10000,0,10000,10000
051713,大立光台新95購03,0,0,0,0,0,0,0,0,0,10000,0,0,0,10000,0,10000,10000
051786,A50正2國票95購02,0,0,0,0,0,0,0,0,0,10000,0,0,0,10000,0,10000,10000
051841,南茂國泰96購01  ,0,0,0,0,0,0,0,0,0,10000,0,0,0,10000,0,10000,10000
052202,矽力統一96購01  ,0,0,0,0,0,0,0,0,0,10000,0,0,0,10000,0,10000,10000
052195,健策元富95購01  ,0,0,0,0,0,0,0,0,0,10000,0,0,0,10000,0,10000,10000
052229,奇力新凱基96購01,0,0,0,0,0,0,0,0,0,10000,0,0,0,17000,7000,10000,10000
052239,泰鼎國票97購01  ,0,0,0,0,0,0,0,0,0,10000,0,0,0,108000,98000,10000,10000
052153,GIS富邦96購02   ,0,0,0,0,0,0,0,0,0,10000,0,0,0,15000,5000,10000,10000
052167,亞泥元大96購01  ,0,0,0,0,0,0,0,0,0,10000,0,0,0,10000,0,10000,10000
05211P,國巨國票96售05  ,0,0,0,0,0,0,0,0,0,10000,0,0,0,10000,0,10000,10000
052105,南亞科兆豐95購01,0,0,0,0,0,0,0,0,0,10000,0,0,0,10000,0,10000,10000
052129,鴻海凱基97購02  ,0,0,0,0,0,0,0,0,0,10000,0,0,0,10000,0,10000,10000
051939,同欣電群益97購01,0,0,0,0,0,0,0,0,0,10000,0,0,0,15000,5000,10000,10000
051943,台積電麥證95購03,0,0,0,60000,0,60000,0,0,0,10000,0,0,0,60000,50000,10000,10000
05192P,玉晶光台新96售02,0,0,0,0,0,0,0,0,0,10000,0,0,0,10000,0,10000,10000
051935,味全群益95購01  ,0,0,0,0,0,0,0,0,0,10000,0,0,0,10000,0,10000,10000
051926,聯電中信97購01  ,0,0,0,0,0,0,0,0,0,10000,0,0,0,15000,5000,10000,10000
051951,聯發科元富95購02,0,0,0,0,0,0,0,0,0,10000,0,0,0,10000,0,10000,10000
051958,貿聯台新95購01  ,0,0,0,0,0,0,0,0,0,10000,0,0,0,10000,0,10000,10000
051987,廣達元大95購01  ,0,0,0,0,0,0,0,0,0,10000,0,0,0,10000,0,10000,10000
052011,欣興中信96購01  ,0,0,0,0,0,0,0,0,0,10000,0,0,0,10000,0,10000,10000
052052,嘉澤凱基95購02  ,0,0,0,0,0,0,0,0,0,10000,0,0,0,17000,7000,10000,10000
053528,南電中信9A購01  ,0,0,0,0,0,0,0,0,0,10000,0,0,0,10000,0,10000,10000
053583,漢唐元大96購03  ,0,0,0,0,0,0,0,0,0,10000,0,0,0,10000,0,10000,10000
053592,亞光元大96購01  ,0,0,0,0,0,0,0,0,0,10000,0,0,0,21000,11000,10000,10000
053603,臺股指元大96購20,0,0,0,0,0,0,0,0,0,10000,0,0,0,10000,0,10000,10000
053681,臺股指富邦96購02,0,0,0,0,0,0,0,0,0,10000,0,0,0,11000,1000,10000,10000
053708,道瓊反凱基98購01,0,0,0,0,0,0,0,0,0,10000,0,0,0,13000,3000,10000,10000
053755,亞光元富96購01  ,0,0,0,0,0,0,0,0,0,10000,0,0,0,30000,20000,10000,10000
053896,麗豐群益97購01  ,0,0,0,0,0,0,0,0,0,10000,0,0,0,10000,0,10000,10000
053826,光磊麥證97購01  ,0,0,0,10000,0,10000,0,0,0,10000,0,0,0,10000,0,10000,10000
053834,卜蜂永豐96購01  ,0,0,0,0,0,0,0,0,0,10000,0,0,0,10000,0,10000,10000
053315,漢唐群益96購02  ,0,0,0,0,0,0,0,0,0,10000,0,0,0,10000,0,10000,10000
053230,達方台新97購01  ,0,0,0,0,0,0,0,0,0,10000,0,0,0,10000,0,10000,10000
053257,華通富邦97購01  ,0,0,0,0,0,0,0,0,0,10000,0,0,0,20000,10000,10000,10000
053187,國巨統一96購05  ,0,0,0,0,0,0,0,0,0,10000,0,0,0,10000,0,10000,10000
053214,冠德凱基96購02  ,0,0,0,0,0,0,0,0,0,10000,0,0,0,10000,0,10000,10000
053386,聯詠元大96購03  ,0,0,0,0,0,0,0,0,0,10000,0,0,0,10000,0,10000,10000
053383,京元電元大97購01,0,0,0,0,0,0,0,0,0,10000,0,0,0,20000,10000,10000,10000
053464,喬山元大96購01  ,0,0,0,0,0,0,0,0,0,10000,0,0,0,10000,0,10000,10000
054188,欣興永豐96購03  ,0,0,0,0,0,0,0,0,0,10000,0,0,0,58000,48000,10000,10000
054137,聯詠元大97購02  ,0,0,0,0,0,0,0,0,0,10000,0,0,0,61000,51000,10000,10000
054141,TPK元大96購02   ,0,0,0,0,0,0,0,0,0,10000,0,0,0,17000,7000,10000,10000
054273,宏達電中信98購01,0,0,0,0,0,0,0,0,0,10000,0,0,0,10000,0,10000,10000
054108,台積電凱基96購22,0,0,0,0,0,0,0,0,0,10000,0,0,0,10000,0,10000,10000
054134,強茂元大96購01  ,0,0,0,0,0,0,0,0,0,10000,0,0,0,10000,0,10000,10000
054025,鴻海凱基96購17  ,0,0,0,0,0,0,0,0,0,10000,0,0,0,11000,1000,10000,10000
054026,台積電凱基97購08,0,0,0,0,0,0,0,0,0,10000,0,0,0,10000,0,10000,10000
054005,旺宏統一97購04  ,0,0,0,0,0,0,0,0,0,10000,0,0,0,10000,0,10000,10000
054361,技嘉凱基96購01  ,0,0,0,0,0,0,0,0,0,10000,0,0,0,10000,0,10000,10000
054414,全新元大97購02  ,0,0,0,0,0,0,0,0,0,10000,0,0,0,10000,0,10000,10000
054403,同欣電永豐96購02,0,0,0,0,0,0,0,0,0,10000,0,0,0,10000,0,10000,10000
054406,旺宏國票98購01  ,0,0,0,0,0,0,0,0,0,10000,0,0,0,10000,0,10000,10000
054607,台積電永豐97購03,0,0,0,0,0,0,0,0,0,10000,0,0,0,50000,40000,10000,10000
054590,嘉聯益國泰98購01,0,0,0,0,0,0,0,0,0,10000,0,0,0,10000,0,10000,10000
054668,傳奇元富97購03  ,0,0,0,0,0,0,0,0,0,10000,0,0,0,10000,0,10000,10000
054676,牧德台新98購01  ,0,0,0,0,0,0,0,0,0,10000,0,0,0,10000,0,10000,10000
2597,潤弘            ,12000,2000,10000,0,0,0,0,79,-79,0,0,0,0,0,0,0,9921
9940,信義            ,10000,0,10000,0,0,0,0,418,-418,0,0,0,0,0,0,0,9582
5531,鄉林            ,37000,25000,12000,0,0,0,0,0,0,-3000,0,3000,-3000,0,0,0,9000
6209,今國光          ,61000,48000,13000,0,0,0,0,4000,-4000,0,0,0,0,0,0,0,9000
6582,申豐            ,9000,0,9000,0,0,0,0,0,0,0,0,0,0,0,0,0,9000
6525,捷敏-KY         ,17000,8000,9000,0,0,0,0,0,0,0,0,0,0,0,0,0,9000
2849,安泰銀          ,9000,0,9000,0,0,0,0,0,0,0,0,0,0,0,0,0,9000
2349,錸德            ,290000,81000,209000,0,0,0,0,200000,-200000,0,0,0,0,0,0,0,9000
1517,利奇            ,9000,0,9000,0,0,0,0,0,0,0,0,0,0,0,0,0,9000
06080P,景碩群益98售02  ,0,0,0,0,0,0,0,0,0,9000,0,0,0,10000,1000,9000,9000
06240P,奇力新元富97售03,0,0,0,0,0,0,0,0,0,9000,0,0,0,9000,0,9000,9000
055183,聯鈞統一97購01  ,0,0,0,0,0,0,0,0,0,9000,0,0,0,69000,60000,9000,9000
05476P,聯發科群益95售06,0,0,0,0,0,0,0,0,0,9000,0,0,0,9000,0,9000,9000
054804,南亞元大9A購01  ,0,0,0,0,0,0,0,0,0,9000,0,0,0,19000,10000,9000,9000
05480P,滬深2X凱基96售05,0,0,0,0,0,0,0,0,0,9000,0,0,0,9000,0,9000,9000
055595,宏達電元大98購02,0,0,0,0,0,0,0,0,0,9000,0,0,0,19000,10000,9000,9000
055468,智邦凱基97購04  ,0,0,0,0,0,0,0,0,0,9000,0,0,0,9000,0,9000,9000
055474,欣興凱基97購05  ,0,0,0,0,0,0,0,0,0,9000,0,0,0,29000,20000,9000,9000
055779,國泰金凱基97購02,0,0,0,0,0,0,0,0,0,9000,0,0,0,9000,0,9000,9000
055717,聯發科元大97購19,0,0,0,0,0,0,0,0,0,9000,0,0,0,16000,7000,9000,9000
05717P,鴻海元大97售07  ,0,0,0,0,0,0,0,0,0,9000,0,0,0,212000,203000,9000,9000
05959P,聯發科國票98售01,0,0,0,0,0,0,0,0,0,9000,0,0,0,9000,0,9000,9000
05848P,臺股指元大96售24,0,0,0,0,0,0,0,0,0,9000,0,0,0,11000,2000,9000,9000
047014,元油反元大99購01,0,0,0,0,0,0,0,0,0,9000,0,0,0,20000,11000,9000,9000
050234,國巨凱基94購10  ,0,0,0,0,0,0,0,0,0,9000,0,0,0,32000,23000,9000,9000
050031,嘉澤元大95購01  ,0,0,0,0,0,0,0,0,0,9000,0,0,0,9000,0,9000,9000
050062,聯發科凱基94購08,0,0,0,0,0,0,0,0,0,9000,0,0,0,27000,18000,9000,9000
045086,玉晶光元大94購02,0,0,0,0,0,0,0,0,0,9000,0,0,0,10000,1000,9000,9000
045094,樺漢元大92購01  ,0,0,0,0,0,0,0,0,0,9000,0,0,0,10000,1000,9000,9000
045699,GIS兆豐92購02   ,0,0,0,0,0,0,0,0,0,9000,0,0,0,9000,0,9000,9000
045444,群創元富98購02  ,0,0,0,0,0,0,0,0,0,9000,0,0,0,9000,0,9000,9000
046067,富邦金凱基92購02,0,0,0,0,0,0,0,0,0,9000,0,0,0,14000,5000,9000,9000
046866,台積電統一94購03,0,0,0,0,0,0,0,0,0,9000,0,0,0,11000,2000,9000,9000
045256,致茂凱基92購01  ,0,0,0,0,0,0,0,0,0,9000,0,0,0,49000,40000,9000,9000
045932,亞泥群益92購01  ,0,0,0,0,0,0,0,0,0,9000,0,0,0,9000,0,9000,9000
04503P,元油2X元富98售09,0,0,0,0,0,0,0,0,0,9000,0,0,0,21000,12000,9000,9000
045042,亞泥凱基92購01  ,0,0,0,0,0,0,0,0,0,9000,0,0,0,9000,0,9000,9000
047087,亞泥元富93購01  ,0,0,0,0,0,0,0,0,0,9000,0,0,0,9000,0,9000,9000
03429B,臺股指元富97熊07,0,0,0,0,0,0,0,0,0,9000,0,0,0,10000,1000,9000,9000
035277,景碩台新97購01  ,0,0,0,0,0,0,0,0,0,9000,0,0,0,9000,0,9000,9000
042906,鴻海元大92購01  ,0,0,0,0,0,0,0,0,0,9000,0,0,0,19000,10000,9000,9000
04264P,宏碁統一93售01  ,0,0,0,0,0,0,0,0,0,9000,0,0,0,10000,1000,9000,9000
04574P,台達電統一94售05,0,0,0,0,0,0,0,0,0,9000,0,0,0,10000,1000,9000,9000
047133,旺宏凱基93購03  ,0,0,0,0,0,0,0,0,0,9000,0,0,0,9000,0,9000,9000
044061,聯發科元大92購03,0,0,0,0,0,0,0,0,0,9000,0,0,0,11000,2000,9000,9000
044062,可成元大92購02  ,0,0,0,0,0,0,0,0,0,9000,0,0,0,12000,3000,9000,9000
044943,旺宏群益93購03  ,0,0,0,0,0,0,0,0,0,9000,0,0,0,10000,1000,9000,9000
04344P,台達電國泰94售01,0,0,0,0,0,0,0,0,0,9000,0,0,0,9000,0,9000,9000
050924,京元電凱基95購02,0,0,0,0,0,0,0,0,0,9000,0,0,0,9000,0,9000,9000
050917,瀚宇博兆豐96購01,0,0,0,0,0,0,0,0,0,9000,0,0,0,9000,0,9000,9000
050866,景碩永豐95購01  ,0,0,0,0,0,0,0,0,0,9000,0,0,0,9000,0,9000,9000
050981,GIS元富95購01   ,0,0,0,0,0,0,0,0,0,9000,0,0,0,9000,0,9000,9000
050454,嘉澤元大94購04  ,0,0,0,0,0,0,0,0,0,9000,0,0,0,22000,13000,9000,9000
050505,可成凱基94購12  ,0,0,0,0,0,0,0,0,0,9000,0,0,0,40000,31000,9000,9000
050507,聯詠凱基94購06  ,0,0,0,0,0,0,0,0,0,9000,0,0,0,9000,0,9000,9000
048231,台表科凱基93購06,0,0,0,0,0,0,0,0,0,9000,0,0,0,10000,1000,9000,9000
048297,GIS群益93購02   ,0,0,0,0,0,0,0,0,0,9000,0,0,0,9000,0,9000,9000
050391,大立光統一94購07,0,0,0,0,0,0,0,0,0,9000,0,0,0,9000,0,9000,9000
047932,麗豐凱基93購01  ,0,0,0,0,0,0,0,0,0,9000,0,0,0,10000,1000,9000,9000
049040,亞光兆豐95購01  ,0,0,0,0,0,0,0,0,0,9000,0,0,0,10000,1000,9000,9000
047494,華邦電元富96購01,0,0,0,0,0,0,0,0,0,9000,0,0,0,9000,0,9000,9000
049641,台達電凱基94購08,0,0,0,0,0,0,0,0,0,9000,0,0,0,10000,1000,9000,9000
048983,牧德元大95購01  ,0,0,0,0,0,0,0,0,0,9000,0,0,0,9000,0,9000,9000
051081,聯茂富邦96購01  ,0,0,0,0,0,0,0,0,0,9000,0,0,0,10000,1000,9000,9000
047677,亞德客台新93購01,0,0,0,0,0,0,0,0,0,9000,0,0,0,9000,0,9000,9000
049828,華新科凱基94購06,0,0,0,0,0,0,0,0,0,9000,0,0,0,9000,0,9000,9000
049179,高鐵凱基94購01  ,0,0,0,0,0,0,0,0,0,9000,0,0,0,9000,0,9000,9000
051480,大立光凱基97購01,0,0,0,0,0,0,0,0,0,9000,0,0,0,9000,0,9000,9000
051400,國巨永豐95購01  ,0,0,0,0,0,0,0,0,0,9000,0,0,0,14000,5000,9000,9000
051159,力山元大96購01  ,0,0,0,0,0,0,0,0,0,9000,0,0,0,28000,19000,9000,9000
048587,康控中信93購01  ,0,0,0,0,0,0,0,0,0,9000,0,0,0,10000,1000,9000,9000
048562,宏達電元大95購01,0,0,0,0,0,0,0,0,0,9000,0,0,0,10000,1000,9000,9000
048856,高鐵群益94購01  ,0,0,0,0,0,0,0,0,0,9000,0,0,0,19000,10000,9000,9000
04875P,台積電中信94售04,0,0,0,0,0,0,0,0,0,9000,0,0,0,9000,0,9000,9000
049568,台積電統一94購08,0,0,0,0,0,0,0,0,0,9000,0,0,0,9000,0,9000,9000
049601,矽創元大95購02  ,0,0,0,0,0,0,0,0,0,9000,0,0,0,90000,81000,9000,9000
049456,上海銀統一94購03,0,0,0,0,0,0,0,0,0,9000,0,0,0,19000,10000,9000,9000
049522,華通兆豐94購02  ,0,0,0,0,0,0,0,0,0,9000,0,0,0,9000,0,9000,9000
049764,TPK國泰95購01   ,0,0,0,0,0,0,0,0,0,9000,0,0,0,54000,45000,9000,9000
049412,為升凱基94購01  ,0,0,0,0,0,0,0,0,0,9000,0,0,0,20000,11000,9000,9000
049381,欣興元大94購05  ,0,0,0,0,0,0,0,0,0,9000,0,0,0,132000,123000,9000,9000
054548,鴻海凱基98購03  ,0,0,0,0,0,0,0,0,0,9000,0,0,0,9000,0,9000,9000
054420,緯穎元大96購08  ,0,0,0,0,0,0,0,0,0,9000,0,0,0,31000,22000,9000,9000
054473,鴻海中信96購02  ,0,0,0,0,0,0,0,0,0,9000,0,0,0,19000,10000,9000,9000
054284,和大元大96購03  ,0,0,0,0,0,0,0,0,0,9000,0,0,0,9000,0,9000,9000
054175,高鐵台新97購01  ,0,0,0,0,0,0,0,0,0,9000,0,0,0,9000,0,9000,9000
054165,亞光凱基96購02  ,0,0,0,0,0,0,0,0,0,9000,0,0,0,62000,53000,9000,9000
053507,百和兆豐96購01  ,0,0,0,0,0,0,0,0,0,9000,0,0,0,10000,1000,9000,9000
053510,聯電群益97購01  ,0,0,0,0,0,0,0,0,0,9000,0,0,0,9000,0,9000,9000
053399,創意中信96購01  ,0,0,0,0,0,0,0,0,0,9000,0,0,0,9000,0,9000,9000
053180,同欣電統一96購01,0,0,0,0,0,0,0,0,0,9000,0,0,0,9000,0,9000,9000
053157,日月光元大96購03,0,0,0,0,0,0,0,0,0,9000,0,0,0,9000,0,9000,9000
052290,鴻海元富97購01  ,0,0,0,0,0,0,0,0,0,9000,0,0,0,109000,100000,9000,9000
051760,奇力新元大95購04,0,0,0,0,0,0,0,0,0,9000,0,0,0,14000,5000,9000,9000
051593,和碩元大95購01  ,0,0,0,0,0,0,0,0,0,9000,0,0,0,9000,0,9000,9000
051502,南茂群益95購01  ,0,0,0,0,0,0,0,0,0,9000,0,0,0,9000,0,9000,9000
052964,台表科凱基96購03,0,0,0,0,0,0,0,0,0,9000,0,0,0,20000,11000,9000,9000
053030,南亞科第一96購01,0,0,0,0,0,0,0,0,0,9000,0,0,0,10000,1000,9000,9000
052879,滬深2X凱基97購02,0,0,0,0,0,0,0,0,0,9000,0,0,0,9000,0,9000,9000
052592,華通群益98購01  ,0,0,0,0,0,0,0,0,0,9000,0,0,0,9000,0,9000,9000
052417,聯發科兆豐9B購01,0,0,0,0,0,0,0,0,0,9000,0,0,0,24000,15000,9000,9000
05244P,台積電元大95售17,0,0,0,0,0,0,0,0,0,9000,0,0,0,9000,0,9000,9000
052354,健策群益96購02  ,0,0,0,0,0,0,0,0,0,9000,0,0,0,69000,60000,9000,9000
052392,台表科群益96購02,0,0,0,0,0,0,0,0,0,9000,0,0,0,9000,0,9000,9000
05857P,旺宏中信98售02  ,0,0,0,0,0,0,0,0,0,8000,0,0,0,10000,2000,8000,8000
055642,廣宇元富97購01  ,0,0,0,0,0,0,0,0,0,8000,0,0,0,8000,0,8000,8000
054810,中橡元大9A購01  ,0,0,0,0,0,0,0,0,0,8000,0,0,0,8000,0,8000,8000
054822,祥碩元大97購01  ,0,0,0,0,0,0,0,0,0,8000,0,0,0,16000,8000,8000,8000
055255,欣興統一97購02  ,0,0,0,0,0,0,0,0,0,8000,0,0,0,81000,73000,8000,8000
055261,帆宣統一98購01  ,0,0,0,0,0,0,0,0,0,8000,0,0,0,10000,2000,8000,8000
05532P,臺股指群益96售05,0,0,0,0,0,0,0,0,0,8000,0,0,0,13000,5000,8000,8000
1307,三芳            ,9000,1000,8000,0,0,0,0,0,0,0,0,0,0,0,0,0,8000
1108,幸福            ,10000,2000,8000,0,0,0,0,0,0,0,0,0,0,0,0,0,8000
06087P,國巨永豐97售01  ,0,0,0,0,0,0,0,0,0,8000,0,0,0,8000,0,8000,8000
06028P,智邦台新97售01  ,0,0,0,0,0,0,0,0,0,8000,0,0,0,8000,0,8000,8000
1528,恩德            ,10000,2000,8000,0,0,0,0,0,0,0,0,0,0,0,0,0,8000
1615,大山            ,10000,2000,8000,0,0,0,0,0,0,0,0,0,0,0,0,0,8000
2028,威致            ,9000,1000,8000,0,0,0,0,0,0,0,0,0,0,0,0,0,8000
2509,全坤建          ,8000,0,8000,0,0,0,0,0,0,0,0,0,0,0,0,0,8000
2493,揚博            ,11000,3000,8000,0,0,0,0,0,0,0,0,0,0,0,0,0,8000
3018,同開            ,8000,0,8000,0,0,0,0,0,0,0,0,0,0,0,0,0,8000
3702A,大聯大甲特      ,0,0,0,0,0,0,0,0,0,8000,0,0,0,8000,0,8000,8000
3501,維熹            ,6000,2000,4000,0,0,0,4000,0,4000,0,0,0,0,0,0,0,8000
3661,世芯-KY         ,460000,462000,-2000,0,0,0,46000,0,46000,-36000,53000,60000,-7000,6000,35000,-29000,8000
043523,奇鋐元大93購01  ,0,0,0,0,0,0,0,0,0,8000,0,0,0,8000,0,8000,8000
04332P,A50正2日盛93售01,0,0,0,0,0,0,0,0,0,8000,0,0,0,10000,2000,8000,8000
043236,台灣50兆豐93購02,0,0,0,0,0,0,0,0,0,8000,0,0,0,20000,12000,8000,8000
043012,義隆元大92購01  ,0,0,0,0,0,0,0,0,0,8000,0,0,0,8000,0,8000,8000
047155,智原國票93購01  ,0,0,0,0,0,0,0,0,0,8000,0,0,0,8000,0,8000,8000
047201,鴻海元富93購05  ,0,0,0,0,0,0,0,0,0,8000,0,0,0,8000,0,8000,8000
045003,亞泥元大92購01  ,0,0,0,0,0,0,0,0,0,8000,0,0,0,8000,0,8000,8000
04254P,亞德客國票93售03,0,0,0,0,0,0,0,0,0,8000,0,0,0,10000,2000,8000,8000
044600,上銀國泰93購01  ,0,0,0,0,0,0,0,0,0,8000,0,0,0,8000,0,8000,8000
00700,富邦恒生國企    ,0,0,0,0,0,0,0,0,0,8000,0,0,0,109000,101000,8000,8000
045028,智易國票92購01  ,0,0,0,0,0,0,0,0,0,8000,0,0,0,8000,0,8000,8000
045041,康舒日盛92購01  ,0,0,0,0,0,0,0,0,0,8000,0,0,0,8000,0,8000,8000
045956,英業達凱基93購01,0,0,0,0,0,0,0,0,0,8000,0,0,0,8000,0,8000,8000
046000,台光電統一92購06,0,0,0,0,0,0,0,0,0,8000,0,0,0,8000,0,8000,8000
045299,友達元大92購02  ,0,0,0,0,0,0,0,0,0,8000,0,0,0,10000,2000,8000,8000
046903,友達凱基99購01  ,0,0,0,0,0,0,0,0,0,8000,0,0,0,143000,135000,8000,8000
046305,台積電元大92購27,0,0,0,0,0,0,0,0,0,8000,0,0,0,8000,0,8000,8000
046831,大立光群益94購01,0,0,0,0,0,0,0,0,0,8000,0,0,0,12000,4000,8000,8000
045456,鴻海元大93購04  ,0,0,0,0,0,0,0,0,0,8000,0,0,0,28000,20000,8000,8000
045522,滬深2X永豐94購01,0,0,0,0,0,0,0,0,0,8000,0,0,0,23000,15000,8000,8000
050077,臺股指凱基99購02,0,0,0,0,0,0,0,0,0,8000,0,0,0,8000,0,8000,8000
050016,緯穎富邦95購01  ,0,0,0,0,0,0,0,0,0,8000,0,0,0,30000,22000,8000,8000
046350,上銀群益92購02  ,0,0,0,0,0,0,0,0,0,8000,0,0,0,8000,0,8000,8000
046375,友達凱基98購01  ,0,0,0,0,0,0,0,0,0,8000,0,0,0,10000,2000,8000,8000
046202,台表科凱基93購04,0,0,0,0,0,0,0,0,0,8000,0,0,0,10000,2000,8000,8000
046257,A50正2國票94購01,0,0,0,0,0,0,0,0,0,8000,0,0,0,170000,162000,8000,8000
051233,力成群益97購01  ,0,0,0,0,0,0,0,0,0,8000,0,0,0,8000,0,8000,8000
051437,百和元富95購02  ,0,0,0,0,0,0,0,0,0,8000,0,0,0,8000,0,8000,8000
049271,百和元大94購01  ,0,0,0,0,0,0,0,0,0,8000,0,0,0,8000,0,8000,8000
04778P,可成凱基94售10  ,0,0,0,0,0,0,0,0,0,8000,0,0,0,8000,0,8000,8000
051085,鴻海元大95購03  ,0,0,0,0,0,0,0,0,0,8000,0,0,0,312000,304000,8000,8000
049646,旺宏凱基94購01  ,0,0,0,0,0,0,0,0,0,8000,0,0,0,10000,2000,8000,8000
050197,矽格元大94購04  ,0,0,0,0,0,0,0,0,0,8000,0,0,0,8000,0,8000,8000
050536,亞泥凱基95購01  ,0,0,0,0,0,0,0,0,0,8000,0,0,0,8000,0,8000,8000
050685,緯穎元富94購02  ,0,0,0,0,0,0,0,0,0,8000,0,0,0,69000,61000,8000,8000
050612,台積電元大95購06,0,0,0,0,0,0,0,0,0,8000,0,0,0,10000,2000,8000,8000
050393,樺漢統一94購01  ,0,0,0,0,0,0,0,0,0,8000,0,0,0,10000,2000,8000,8000
047869,景碩永豐93購01  ,0,0,0,0,0,0,0,0,0,8000,0,0,0,8000,0,8000,8000
048143,聯發科統一94購03,0,0,0,0,0,0,0,0,0,8000,0,0,0,8000,0,8000,8000
050502,聯發科凱基94購21,0,0,0,0,0,0,0,0,0,8000,0,0,0,27000,19000,8000,8000
050458,台郡元大94購03  ,0,0,0,0,0,0,0,0,0,8000,0,0,0,15000,7000,8000,8000
050861,鴻海永豐95購01  ,0,0,0,0,0,0,0,0,0,8000,0,0,0,40000,32000,8000,8000
048103,GIS凱基93購06   ,0,0,0,0,0,0,0,0,0,8000,0,0,0,8000,0,8000,8000
048088,台積電凱基93購23,0,0,0,0,0,0,0,0,0,8000,0,0,0,8000,0,8000,8000
047587,義隆永豐93購02  ,0,0,0,0,0,0,0,0,0,8000,0,0,0,8000,0,8000,8000
052520,南亞科元大95購06,0,0,0,0,0,0,0,0,0,8000,0,0,0,8000,0,8000,8000
052621,台郡富邦97購01  ,0,0,0,0,0,0,0,0,0,8000,0,0,0,24000,16000,8000,8000
052863,友達凱基98購02  ,0,0,0,0,0,0,0,0,0,8000,0,0,0,10000,2000,8000,8000
052766,玉晶光群益9A購01,0,0,0,0,0,0,0,0,0,8000,0,0,0,11000,3000,8000,8000
053086,宏達電元大97購01,0,0,0,0,0,0,0,0,0,8000,0,0,0,8000,0,8000,8000
052963,智邦凱基96購02  ,0,0,0,0,0,0,0,0,0,8000,0,0,0,22000,14000,8000,8000
053012,國巨統一96購03  ,0,0,0,0,0,0,0,0,0,8000,0,0,0,40000,32000,8000,8000
051679,百和元大95購02  ,0,0,0,0,0,0,0,0,0,8000,0,0,0,8000,0,8000,8000
051674,臻鼎元大95購02  ,0,0,0,0,0,0,0,0,0,8000,0,0,0,8000,0,8000,8000
051863,技嘉凱基95購01  ,0,0,0,0,0,0,0,0,0,8000,0,0,0,10000,2000,8000,8000
052108,鴻海元富95購11  ,0,0,0,0,0,0,0,0,0,8000,0,0,0,8000,0,8000,8000
053259,卜蜂群益97購01  ,0,0,0,0,0,0,0,0,0,8000,0,0,0,22000,14000,8000,8000
053264,南亞科群益96購01,0,0,0,0,0,0,0,0,0,8000,0,0,0,16000,8000,8000,8000
053312,緯穎凱基96購02  ,0,0,0,0,0,0,0,0,0,8000,0,0,0,8000,0,8000,8000
053406,國巨兆豐96購02  ,0,0,0,0,0,0,0,0,0,8000,0,0,0,20000,12000,8000,8000
054309,禾伸堂凱基98購01,0,0,0,0,0,0,0,0,0,8000,0,0,0,8000,0,8000,8000
054296,世芯元大97購01  ,0,0,0,0,0,0,0,0,0,8000,0,0,0,8000,0,8000,8000
053995,奇力新群益97購02,0,0,0,0,0,0,0,0,0,8000,0,0,0,10000,2000,8000,8000
054439,健策台新96購03  ,0,0,0,0,0,0,0,0,0,8000,0,0,0,8000,0,8000,8000
054352,世芯國泰98購01  ,0,0,0,0,0,0,0,0,0,8000,0,0,0,11000,3000,8000,8000
05467P,聯電元大95售02  ,0,0,0,0,0,0,0,0,0,8000,0,0,0,8000,0,8000,8000
3013,晟銘電          ,7000,0,7000,0,0,0,0,0,0,0,0,0,0,0,0,0,7000
6281,全國電          ,4000,0,4000,0,0,0,3000,0,3000,0,0,0,0,0,0,0,7000
9914,美利達          ,136000,127000,9000,0,0,0,20000,20000,0,-2000,0,1000,-1000,3000,4000,-1000,7000
2415,錩新            ,7000,0,7000,0,0,0,0,0,0,0,0,0,0,0,0,0,7000
1733,五鼎            ,17000,10000,7000,0,0,0,0,0,0,0,0,0,0,0,0,0,7000
1340,勝悅-KY         ,8000,1000,7000,0,0,0,0,0,0,0,0,0,0,0,0,0,7000
06243P,亞光元富97售01  ,0,0,0,0,0,0,0,0,0,7000,0,0,0,7000,0,7000,7000
055346,國巨凱基98購02  ,0,0,0,0,0,0,0,0,0,7000,0,0,0,210000,203000,7000,7000
055310,聯詠群益97購02  ,0,0,0,0,0,0,0,0,0,7000,0,0,0,44000,37000,7000,7000
055363,緯穎凱基98購03  ,0,0,0,0,0,0,0,0,0,7000,0,0,0,8000,1000,7000,7000
055420,欣興永豐98購01  ,0,0,0,0,0,0,0,0,0,7000,0,0,0,41000,34000,7000,7000
055142,健策永豐98購01  ,0,0,0,0,0,0,0,0,0,7000,0,0,0,17000,10000,7000,7000
054753,復盛凱基98購01  ,0,0,0,0,0,0,0,0,0,7000,0,0,0,32000,25000,7000,7000
054973,台郡元大98購02  ,0,0,0,0,0,0,0,0,0,7000,0,0,0,35000,28000,7000,7000
055628,旺宏永豐97購01  ,0,0,0,0,0,0,0,0,0,7000,0,0,0,17000,10000,7000,7000
055633,牧德永豐97購02  ,0,0,0,0,0,0,0,0,0,7000,0,0,0,7000,0,7000,7000
046683,宏達電群益93購02,0,0,0,0,0,0,0,0,0,7000,0,0,0,7000,0,7000,7000
050083,旺宏元富94購01  ,0,0,0,0,0,0,0,0,0,7000,0,0,0,7000,0,7000,7000
050226,華新科中信94購01,0,0,0,0,0,0,0,0,0,7000,0,0,0,7000,0,7000,7000
045436,友達統一93購02  ,0,0,0,0,0,0,0,0,0,7000,0,0,0,7000,0,7000,7000
045643,臻鼎凱基93購01  ,0,0,0,0,0,0,0,0,0,7000,0,0,0,7000,0,7000,7000
046155,道瓊反群益94購01,0,0,0,0,0,0,0,0,0,7000,0,0,0,10000,3000,7000,7000
04537P,新光金統一94售01,0,0,0,0,0,0,0,0,0,7000,0,0,0,7000,0,7000,7000
045368,群創兆豐92購02  ,0,0,0,0,0,0,0,0,0,7000,0,0,0,7000,0,7000,7000
047044,傳奇群益93購02  ,0,0,0,0,0,0,0,0,0,7000,0,0,0,7000,0,7000,7000
046792,京元電元富96購01,0,0,0,0,0,0,0,0,0,7000,0,0,0,67000,60000,7000,7000
046742,智原日盛93購01  ,0,0,0,0,0,0,0,0,0,7000,0,0,0,7000,0,7000,7000
043667,智易元大92購01  ,0,0,0,0,0,0,0,0,0,7000,0,0,0,7000,0,7000,7000
047434,台積電元大93購21,0,0,0,0,0,0,0,0,0,7000,0,0,0,14000,7000,7000,7000
047274,華新科永豐93購02,0,0,0,0,0,0,0,0,0,7000,0,0,0,7000,0,7000,7000
047971,南亞科富邦95購01,0,0,0,0,0,0,0,0,0,7000,0,0,0,7000,0,7000,7000
047484,聯詠凱基93購03  ,0,0,0,0,0,0,0,0,0,7000,0,0,0,10000,3000,7000,7000
048210,鴻海日盛93購01  ,0,0,0,0,0,0,0,0,0,7000,0,0,0,7000,0,7000,7000
050401,鎧勝中信94購01  ,0,0,0,0,0,0,0,0,0,7000,0,0,0,7000,0,7000,7000
047939,亞德客國票93購02,0,0,0,0,0,0,0,0,0,7000,0,0,0,8000,1000,7000,7000
048489,明泰富邦93購01  ,0,0,0,0,0,0,0,0,0,7000,0,0,0,7000,0,7000,7000
050615,奇力新元大95購03,0,0,0,0,0,0,0,0,0,7000,0,0,0,10000,3000,7000,7000
050791,聯發科富邦96購01,0,0,0,0,0,0,0,0,0,7000,0,0,0,10000,3000,7000,7000
050753,百和統一94購01  ,0,0,0,0,0,0,0,0,0,7000,0,0,0,7000,0,7000,7000
049882,康控永豐94購01  ,0,0,0,0,0,0,0,0,0,7000,0,0,0,7000,0,7000,7000
050218,世紀鋼統一94購02,0,0,0,0,0,0,0,0,0,7000,0,0,0,7000,0,7000,7000
048988,聯茂元大94購02  ,0,0,0,0,0,0,0,0,0,7000,0,0,0,109000,102000,7000,7000
048956,美食康和94購01  ,0,0,0,0,0,0,0,0,0,7000,0,0,0,10000,3000,7000,7000
047787,正崴群益93購01  ,0,0,0,0,0,0,0,0,0,7000,0,0,0,7000,0,7000,7000
049842,道瓊反中信98購01,0,0,0,0,0,0,0,0,0,7000,0,0,0,7000,0,7000,7000
051370,聯詠富邦97購01  ,0,0,0,0,0,0,0,0,0,7000,0,0,0,22000,15000,7000,7000
051248,華固元大95購01  ,0,0,0,0,0,0,0,0,0,7000,0,0,0,8000,1000,7000,7000
051237,鴻海元大97購01  ,0,0,0,0,0,0,0,0,0,7000,0,0,0,156000,149000,7000,7000
049318,樺漢凱基94購01  ,0,0,0,0,0,0,0,0,0,7000,0,0,0,8000,1000,7000,7000
049319,GIS凱基94購03   ,0,0,0,0,0,0,0,0,0,7000,0,0,0,10000,3000,7000,7000
048822,燿華凱基94購03  ,0,0,0,0,0,0,0,0,0,7000,0,0,0,7000,0,7000,7000
048934,日電貿永豐94購01,0,0,0,0,0,0,0,0,0,7000,0,0,0,7000,0,7000,7000
048935,玉晶光永豐94購04,0,0,0,0,0,0,0,0,0,7000,0,0,0,11000,4000,7000,7000
049136,華通元大95購01  ,0,0,0,0,0,0,0,0,0,7000,0,0,0,24000,17000,7000,7000
054477,聯發科中信9C購02,0,0,0,0,0,0,0,0,0,7000,0,0,0,20000,13000,7000,7000
053918,美律國票97購01  ,0,0,0,0,0,0,0,0,0,7000,0,0,0,7000,0,7000,7000
054303,國巨凱基96購15  ,0,0,0,0,0,0,0,0,0,7000,0,0,0,14000,7000,7000,7000
054290,奇力新元大96購05,0,0,0,0,0,0,0,0,0,7000,0,0,0,12000,5000,7000,7000
053521,緯穎群益96購02  ,0,0,0,0,0,0,0,0,0,7000,0,0,0,40000,33000,7000,7000
053760,牧德國泰98購01  ,0,0,0,0,0,0,0,0,0,7000,0,0,0,7000,0,7000,7000
053737,華新科麥證96購01,0,0,0,17000,10000,7000,0,0,0,7000,0,0,0,17000,10000,7000,7000
053675,臺股指元富96購02,0,0,0,0,0,0,0,0,0,7000,0,0,0,7000,0,7000,7000
053671,可成統一96購03  ,0,0,0,0,0,0,0,0,0,7000,0,0,0,10000,3000,7000,7000
053588,聯發科元大97購07,0,0,0,0,0,0,0,0,0,7000,0,0,0,16000,9000,7000,7000
052221,東元凱基95購01  ,0,0,0,0,0,0,0,0,0,7000,0,0,0,10000,3000,7000,7000
052074,鴻海元富95購10  ,0,0,0,0,0,0,0,0,0,7000,0,0,0,7000,0,7000,7000
051962,晶相光永豐95購02,0,0,0,0,0,0,0,0,0,7000,0,0,0,20000,13000,7000,7000
051877,嘉聯益國票97購02,0,0,0,0,0,0,0,0,0,7000,0,0,0,7000,0,7000,7000
051700,深中小群益99購04,0,0,0,0,0,0,0,0,0,7000,0,0,0,7000,0,7000,7000
051683,A50正2凱基97購01,0,0,0,0,0,0,0,0,0,7000,0,0,0,7000,0,7000,7000
052965,廣宇群益97購01  ,0,0,0,0,0,0,0,0,0,7000,0,0,0,7000,0,7000,7000
052783,台郡國票97購01  ,0,0,0,0,0,0,0,0,0,7000,0,0,0,10000,3000,7000,7000
052809,訊芯元大97購01  ,0,0,0,0,0,0,0,0,0,7000,0,0,0,10000,3000,7000,7000
052397,燿華凱基96購02  ,0,0,0,0,0,0,0,0,0,7000,0,0,0,7000,0,7000,7000
055565,祥碩凱基97購01  ,0,0,0,0,0,0,0,0,0,6000,0,0,0,21000,15000,6000,6000
05719P,可成元大96售03  ,0,0,0,0,0,0,0,0,0,6000,0,0,0,154000,148000,6000,6000
055954,南港元大97購02  ,0,0,0,0,0,0,0,0,0,6000,0,0,0,35000,29000,6000,6000
05495P,大立光統一95售07,0,0,0,0,0,0,0,0,0,6000,0,0,0,10000,4000,6000,6000
055401,亞光元富9A購01  ,0,0,0,0,0,0,0,0,0,6000,0,0,0,11000,5000,6000,6000
055319,國巨國票98購03  ,0,0,0,0,0,0,0,0,0,6000,0,0,0,6000,0,6000,6000
1416,廣豐            ,6000,0,6000,0,0,0,0,0,0,0,0,0,0,0,0,0,6000
06216P,上銀元富97售03  ,0,0,0,0,0,0,0,0,0,6000,0,0,0,21000,15000,6000,6000
06112P,台積電兆豐97售01,0,0,0,0,0,0,0,0,0,6000,0,0,0,6000,0,6000,6000
06093P,華通元富97售03  ,0,0,0,0,0,0,0,0,0,6000,0,0,0,6000,0,6000,6000
1463,強盛            ,6000,0,6000,0,0,0,0,0,0,0,0,0,0,0,0,0,6000
2397,友通            ,5000,2000,3000,0,0,0,3000,0,3000,0,0,0,0,0,0,0,6000
2331,精英            ,52000,61000,-9000,0,0,0,0,0,0,15000,15000,0,15000,0,0,0,6000
2427,三商電          ,6000,0,6000,0,0,0,0,0,0,0,0,0,0,0,0,0,6000
9946,三發地產        ,83000,77000,6000,0,0,0,0,0,0,0,0,0,0,0,0,0,6000
6201,亞弘電          ,6000,0,6000,0,0,0,0,0,0,0,0,0,0,0,0,0,6000
2539,櫻花建          ,6000,0,6000,0,0,0,0,0,0,0,0,0,0,0,0,0,6000
3229,晟鈦            ,6000,0,6000,0,0,0,0,0,0,0,0,0,0,0,0,0,6000
4571,鈞興-KY         ,6000,0,6000,0,0,0,0,0,0,0,0,0,0,0,0,0,6000
04746P,臺股指元大94售17,0,0,0,0,0,0,0,0,0,6000,0,0,0,80000,74000,6000,6000
042979,奇力新凱基92購01,0,0,0,0,0,0,0,0,0,6000,0,0,0,6000,0,6000,6000
044792,康友群益93購01  ,0,0,0,0,0,0,0,0,0,6000,0,0,0,6000,0,6000,6000
044941,鴻海群益93購01  ,0,0,0,0,0,0,0,0,0,6000,0,0,0,6000,0,6000,6000
04025P,宏達電國泰94售01,0,0,0,0,0,0,0,0,0,6000,0,0,0,6000,0,6000,6000
042538,新光金國泰92購01,0,0,0,0,0,0,0,0,0,6000,0,0,0,6000,0,6000,6000
044533,S&P反1中信94購02,0,0,0,0,0,0,0,0,0,6000,0,0,0,6000,0,6000,6000
045831,國巨群益92購05  ,0,0,0,0,0,0,0,0,0,6000,0,0,0,6000,0,6000,6000
046706,智邦台新93購01  ,0,0,0,0,0,0,0,0,0,6000,0,0,0,6000,0,6000,6000
046715,美律國泰94購01  ,0,0,0,0,0,0,0,0,0,6000,0,0,0,6000,0,6000,6000
047055,旭富國票93購01  ,0,0,0,0,0,0,0,0,0,6000,0,0,0,6000,0,6000,6000
046914,友達台新96購01  ,0,0,0,0,0,0,0,0,0,6000,0,0,0,6000,0,6000,6000
045179,義隆永豐92購02  ,0,0,0,0,0,0,0,0,0,6000,0,0,0,6000,0,6000,6000
045645,祥碩凱基93購03  ,0,0,0,0,0,0,0,0,0,6000,0,0,0,26000,20000,6000,6000
045635,建準凱基93購02  ,0,0,0,0,0,0,0,0,0,6000,0,0,0,6000,0,6000,6000
049934,緯穎元大94購08  ,0,0,0,0,0,0,0,0,0,6000,0,0,0,35000,29000,6000,6000
049977,瑞昱凱基94購03  ,0,0,0,0,0,0,0,0,0,6000,0,0,0,14000,8000,6000,6000
046644,台達電國泰93購01,0,0,0,0,0,0,0,0,0,6000,0,0,0,6000,0,6000,6000
046961,大立光中信95購02,0,0,0,0,0,0,0,0,0,6000,0,0,0,12000,6000,6000,6000
046451,中環凱基93購02  ,0,0,0,0,0,0,0,0,0,6000,0,0,0,6000,0,6000,6000
049132,大成鋼元大94購01,0,0,0,0,0,0,0,0,0,6000,0,0,0,8000,2000,6000,6000
049294,南亞科群益94購01,0,0,0,0,0,0,0,0,0,6000,0,0,0,25000,19000,6000,6000
049742,日月光群益94購02,0,0,0,0,0,0,0,0,0,6000,0,0,0,8000,2000,6000,6000
049597,泰鼎元大96購01  ,0,0,0,0,0,0,0,0,0,6000,0,0,0,7000,1000,6000,6000
051258,鈺齊國泰97購01  ,0,0,0,0,0,0,0,0,0,6000,0,0,0,26000,20000,6000,6000
051408,台積電國票95購03,0,0,0,0,0,0,0,0,0,6000,0,0,0,6000,0,6000,6000
051423,GIS國票97購01   ,0,0,0,0,0,0,0,0,0,6000,0,0,0,11000,5000,6000,6000
051471,國巨凱基97購01  ,0,0,0,0,0,0,0,0,0,6000,0,0,0,6000,0,6000,6000
048994,南電元大94購03  ,0,0,0,0,0,0,0,0,0,6000,0,0,0,6000,0,6000,6000
050209,華通國票95購01  ,0,0,0,0,0,0,0,0,0,6000,0,0,0,6000,0,6000,6000
047495,新日興元富96購01,0,0,0,0,0,0,0,0,0,6000,0,0,0,6000,0,6000,6000
050182,淘帝元大94購01  ,0,0,0,0,0,0,0,0,0,6000,0,0,0,6000,0,6000,6000
048370,可成統一93購04  ,0,0,0,0,0,0,0,0,0,6000,0,0,0,20000,14000,6000,6000
05074P,鴻海麥證95售01  ,0,0,0,6000,0,6000,0,0,0,6000,0,0,0,6000,0,6000,6000
050702,崇越凱基94購01  ,0,0,0,0,0,0,0,0,0,6000,0,0,0,6000,0,6000,6000
050669,嘉晶永豐96購01  ,0,0,0,0,0,0,0,0,0,6000,0,0,0,6000,0,6000,6000
05093P,可成元大95售03  ,0,0,0,0,0,0,0,0,0,6000,0,0,0,65000,59000,6000,6000
05094P,大立光元大95售07,0,0,0,0,0,0,0,0,0,6000,0,0,0,6000,0,6000,6000
050535,台表科群益94購02,0,0,0,0,0,0,0,0,0,6000,0,0,0,21000,15000,6000,6000
048484,大立光國泰95購02,0,0,0,0,0,0,0,0,0,6000,0,0,0,16000,10000,6000,6000
047945,滬深2X統一94購01,0,0,0,0,0,0,0,0,0,6000,0,0,0,6000,0,6000,6000
048640,南亞科元大93購06,0,0,0,0,0,0,0,0,0,6000,0,0,0,6000,0,6000,6000
047922,聯發科凱基94購01,0,0,0,0,0,0,0,0,0,6000,0,0,0,30000,24000,6000,6000
050395,大立光元富94購10,0,0,0,0,0,0,0,0,0,6000,0,0,0,7000,1000,6000,6000
048284,臺股指中信95購04,0,0,0,0,0,0,0,0,0,6000,0,0,0,6000,0,6000,6000
050911,光磊中信98購01  ,0,0,0,0,0,0,0,0,0,6000,0,0,0,7000,1000,6000,6000
047958,矽創永豐93購02  ,0,0,0,0,0,0,0,0,0,6000,0,0,0,6000,0,6000,6000
047641,可成元大93購09  ,0,0,0,0,0,0,0,0,0,6000,0,0,0,15000,9000,6000,6000
048056,全新國泰94購02  ,0,0,0,0,0,0,0,0,0,6000,0,0,0,6000,0,6000,6000
048024,鴻海凱基93購29  ,0,0,0,0,0,0,0,0,0,6000,0,0,0,20000,14000,6000,6000
048018,南亞科麥證93購01,0,0,0,10000,5000,5000,0,0,0,6000,0,0,0,11000,5000,6000,6000
052337,臺股指日盛95購02,0,0,0,0,0,0,0,0,0,6000,0,0,0,6000,0,6000,6000
052457,日月光元富95購01,0,0,0,0,0,0,0,0,0,6000,0,0,0,6000,0,6000,6000
052682,上銀元大97購01  ,0,0,0,0,0,0,0,0,0,6000,0,0,0,28000,22000,6000,6000
052924,旺宏永豐96購01  ,0,0,0,0,0,0,0,0,0,6000,0,0,0,6000,0,6000,6000
052942,聯發科中信97購04,0,0,0,0,0,0,0,0,0,6000,0,0,0,340000,334000,6000,6000
053089,貿聯元大97購02  ,0,0,0,0,0,0,0,0,0,6000,0,0,0,10000,4000,6000,6000
053094,聯電統一97購02  ,0,0,0,0,0,0,0,0,0,6000,0,0,0,6000,0,6000,6000
051684,瑞昱凱基95購02  ,0,0,0,0,0,0,0,0,0,6000,0,0,0,16000,10000,6000,6000
051591,玉晶光元大97購01,0,0,0,0,0,0,0,0,0,6000,0,0,0,8000,2000,6000,6000
051737,瑞昱國票96購01  ,0,0,0,0,0,0,0,0,0,6000,0,0,0,6000,0,6000,6000
051878,鴻海台新96購01  ,0,0,0,0,0,0,0,0,0,6000,0,0,0,11000,5000,6000,6000
051892,台光電元富95購03,0,0,0,0,0,0,0,0,0,6000,0,0,0,6000,0,6000,6000
052227,瑞昱凱基95購05  ,0,0,0,0,0,0,0,0,0,6000,0,0,0,23000,17000,6000,6000
05221P,玉晶光元大95售04,0,0,0,0,0,0,0,0,0,6000,0,0,0,26000,20000,6000,6000
053573,臺股指統一99購01,0,0,0,0,0,0,0,0,0,6000,0,0,0,6000,0,6000,6000
053558,訊芯凱基96購02  ,0,0,0,0,0,0,0,0,0,6000,0,0,0,9000,3000,6000,6000
053693,欣興元大96購05  ,0,0,0,0,0,0,0,0,0,6000,0,0,0,197000,191000,6000,6000
053619,和碩群益96購01  ,0,0,0,0,0,0,0,0,0,6000,0,0,0,11000,5000,6000,6000
053898,康友群益97購01  ,0,0,0,0,0,0,0,0,0,6000,0,0,0,6000,0,6000,6000
053904,漢唐凱基97購01  ,0,0,0,0,0,0,0,0,0,6000,0,0,0,6000,0,6000,6000
053456,大立光元富96購04,0,0,0,0,0,0,0,0,0,6000,0,0,0,16000,10000,6000,6000
053379,南亞科元大96購01,0,0,0,0,0,0,0,0,0,6000,0,0,0,16000,10000,6000,6000
053338,台光電國票97購01,0,0,0,0,0,0,0,0,0,6000,0,0,0,6000,0,6000,6000
053283,同欣電元大96購03,0,0,0,0,0,0,0,0,0,6000,0,0,0,23000,17000,6000,6000
053235,智原永豐96購01  ,0,0,0,0,0,0,0,0,0,6000,0,0,0,6000,0,6000,6000
053158,茂林元大96購01  ,0,0,0,0,0,0,0,0,0,6000,0,0,0,6000,0,6000,6000
054260,貿聯元大96購03  ,0,0,0,0,0,0,0,0,0,6000,0,0,0,6000,0,6000,6000
054149,達方元大96購01  ,0,0,0,0,0,0,0,0,0,6000,0,0,0,6000,0,6000,6000
053989,奇力新兆豐97購01,0,0,0,0,0,0,0,0,0,6000,0,0,0,6000,0,6000,6000
054459,鈺齊群益96購01  ,0,0,0,0,0,0,0,0,0,6000,0,0,0,16000,10000,6000,6000
4766,南寶            ,9000,3000,6000,0,0,0,0,0,0,-1000,0,0,0,0,1000,-1000,5000
4108,懷特            ,6000,1000,5000,0,0,0,0,0,0,0,0,0,0,0,0,0,5000
3712,永崴投控        ,8000,5000,3000,0,0,0,0,0,0,2000,2000,0,2000,0,0,0,5000
4148,全宇生技-KY     ,7000,2000,5000,0,0,0,0,0,0,0,0,0,0,0,0,0,5000
2630,亞航            ,5000,0,5000,0,0,0,0,0,0,0,0,0,0,0,0,0,5000
2613,中櫃            ,6000,1000,5000,0,0,0,0,0,0,0,0,0,0,0,0,0,5000
2851,中再保          ,5000,0,5000,0,0,0,0,0,0,0,0,0,0,0,0,0,5000
2706,第一店          ,5000,0,5000,0,0,0,0,0,0,0,0,0,0,0,0,0,5000
3022,威強電          ,6000,5000,1000,0,0,0,4000,0,4000,0,0,0,0,0,0,0,5000
4999,鑫禾            ,5000,0,5000,0,0,0,0,0,0,0,0,0,0,0,0,0,5000
5907,大洋-KY         ,6000,1000,5000,0,0,0,0,0,0,0,0,0,0,0,0,0,5000
9930,中聯資源        ,5000,0,5000,0,0,0,0,0,0,0,0,0,0,0,0,0,5000
910861,神州-DR         ,5000,0,5000,0,0,0,0,0,0,0,0,0,0,0,0,0,5000
2464,盟立            ,26000,15000,11000,0,0,0,0,3000,-3000,-3000,0,0,0,0,3000,-3000,5000
2506,太設            ,5000,0,5000,0,0,0,0,0,0,0,0,0,0,0,0,0,5000
2528,皇普            ,5000,6000,-1000,0,0,0,0,0,0,6000,6000,0,6000,0,0,0,5000
1817,凱撒衛          ,5000,0,5000,0,0,0,0,0,0,0,0,0,0,0,0,0,5000
2013,中鋼構          ,13000,8000,5000,0,0,0,0,0,0,0,0,0,0,0,0,0,5000
2009,第一銅          ,11000,6000,5000,0,0,0,0,0,0,0,0,0,0,0,0,0,5000
06125P,楠梓電元富99售01,0,0,0,0,0,0,0,0,0,5000,0,0,0,5000,0,5000,5000
06348P,鈺齊元富97售02  ,0,0,0,0,0,0,0,0,0,5000,0,0,0,6000,1000,5000,5000
055272,國巨元大98購04  ,0,0,0,0,0,0,0,0,0,5000,0,0,0,5000,0,5000,5000
055423,亞光亞東99購01  ,0,0,0,0,0,0,0,0,0,5000,0,0,0,5000,0,5000,5000
055126,嘉澤兆豐97購01  ,0,0,0,0,0,0,0,0,0,5000,0,0,0,10000,5000,5000,5000
055231,大毅國票98購02  ,0,0,0,0,0,0,0,0,0,5000,0,0,0,70000,65000,5000,5000
054949,奇力新元大98購01,0,0,0,0,0,0,0,0,0,5000,0,0,0,79000,74000,5000,5000
055025,華新科國泰98購02,0,0,0,0,0,0,0,0,0,5000,0,0,0,5000,0,5000,5000
05502P,台表科國票97售01,0,0,0,0,0,0,0,0,0,5000,0,0,0,5000,0,5000,5000
055044,信錦永豐97購01  ,0,0,0,0,0,0,0,0,0,5000,0,0,0,5000,0,5000,5000
055048,台積電永豐97購04,0,0,0,0,0,0,0,0,0,5000,0,0,0,5000,0,5000,5000
05470P,康控元大95售05  ,0,0,0,0,0,0,0,0,0,5000,0,0,0,5000,0,5000,5000
05659P,A50正2中信97售01,0,0,0,0,0,0,0,0,0,5000,0,0,0,5000,0,5000,5000
05748P,臺股指群益99售02,0,0,0,0,0,0,0,0,0,5000,0,0,0,5000,0,5000,5000
05804P,美律永豐96售01  ,0,0,0,0,0,0,0,0,0,5000,0,0,0,5000,0,5000,5000
05817P,可成凱基96售07  ,0,0,0,0,0,0,0,0,0,5000,0,0,0,5000,0,5000,5000
05850P,台積電兆豐96售06,0,0,0,0,0,0,0,0,0,5000,0,0,0,20000,15000,5000,5000
05870P,聯發科凱基96售19,0,0,0,0,0,0,0,0,0,5000,0,0,0,10000,5000,5000,5000
05960P,欣興統一96售01  ,0,0,0,0,0,0,0,0,0,5000,0,0,0,5000,0,5000,5000
05930P,景碩康和96售01  ,0,0,0,0,0,0,0,0,0,5000,0,0,0,5000,0,5000,5000
055636,元油反元富97購02,0,0,0,0,0,0,0,0,0,5000,0,0,0,5000,0,5000,5000
055644,致茂元富97購01  ,0,0,0,0,0,0,0,0,0,5000,0,0,0,5000,0,5000,5000
055638,上銀元富97購01  ,0,0,0,0,0,0,0,0,0,5000,0,0,0,5000,0,5000,5000
055513,旺宏亞東98購01  ,0,0,0,0,0,0,0,0,0,5000,0,0,0,5000,0,5000,5000
055527,旺宏群益99購03  ,0,0,0,0,0,0,0,0,0,5000,0,0,0,5000,0,5000,5000
055553,聯發科凱基97購05,0,0,0,0,0,0,0,0,0,5000,0,0,0,25000,20000,5000,5000
055728,緯穎元大97購03  ,0,0,0,0,0,0,0,0,0,5000,0,0,0,5000,0,5000,5000
046374,台積電凱基92購20,0,0,0,0,0,0,0,0,0,5000,0,0,0,5000,0,5000,5000
046319,新日興元大92購03,0,0,0,0,0,0,0,0,0,5000,0,0,0,5000,0,5000,5000
046236,緯穎元大93購05  ,0,0,0,0,0,0,0,0,0,5000,0,0,0,5000,0,5000,5000
046640,揚明光永豐93購01,0,0,0,0,0,0,0,0,0,5000,0,0,0,5000,0,5000,5000
050118,臻鼎元大94購01  ,0,0,0,0,0,0,0,0,0,5000,0,0,0,5000,0,5000,5000
049956,國巨統一94購05  ,0,0,0,0,0,0,0,0,0,5000,0,0,0,14000,9000,5000,5000
050242,義隆凱基94購04  ,0,0,0,0,0,0,0,0,0,5000,0,0,0,5000,0,5000,5000
04565P,聯詠凱基94售01  ,0,0,0,0,0,0,0,0,0,5000,0,0,0,5000,0,5000,5000
045679,欣興元大94購01  ,0,0,0,0,0,0,0,0,0,5000,0,0,0,30000,25000,5000,5000
04543P,鴻海富邦95售03  ,0,0,0,0,0,0,0,0,0,5000,0,0,0,5000,0,5000,5000
045534,深中小群益94購01,0,0,0,0,0,0,0,0,0,5000,0,0,0,5000,0,5000,5000
046068,國泰金凱基92購02,0,0,0,0,0,0,0,0,0,5000,0,0,0,6000,1000,5000,5000
046118,高鐵元大92購01  ,0,0,0,0,0,0,0,0,0,5000,0,0,0,5000,0,5000,5000
046124,健策元大92購04  ,0,0,0,0,0,0,0,0,0,5000,0,0,0,5000,0,5000,5000
046298,聯發科富邦94購01,0,0,0,0,0,0,0,0,0,5000,0,0,0,25000,20000,5000,5000
046852,燿華元大93購02  ,0,0,0,0,0,0,0,0,0,5000,0,0,0,6000,1000,5000,5000
046838,勤誠群益93購01  ,0,0,0,0,0,0,0,0,0,5000,0,0,0,5000,0,5000,5000
047049,聯發科國票94購01,0,0,0,0,0,0,0,0,0,5000,0,0,0,5000,0,5000,5000
045372,台塑元大92購01  ,0,0,0,0,0,0,0,0,0,5000,0,0,0,5000,0,5000,5000
045288,元油2X元大95購02,0,0,0,0,0,0,0,0,0,5000,0,0,0,5000,0,5000,5000
045210,鴻海富邦93購02  ,0,0,0,0,0,0,0,0,0,5000,0,0,0,13000,8000,5000,5000
045077,國泰金元大92購01,0,0,0,0,0,0,0,0,0,5000,0,0,0,5000,0,5000,5000
03823P,嘉澤元富93售01  ,0,0,0,0,0,0,0,0,0,5000,0,0,0,5000,0,5000,5000
035275,台積電台新97購01,0,0,0,0,0,0,0,0,0,5000,0,0,0,10000,5000,5000,5000
03419P,玉晶光群益03售04,0,0,0,0,0,0,0,0,0,5000,0,0,0,5000,0,5000,5000
042346,創意富邦92購01  ,0,0,0,0,0,0,0,0,0,5000,0,0,0,7000,2000,5000,5000
042734,大立光兆豐92購02,0,0,0,0,0,0,0,0,0,5000,0,0,0,5000,0,5000,5000
044738,緯穎國泰93購02  ,0,0,0,0,0,0,0,0,0,5000,0,0,0,5000,0,5000,5000
03075X,元展70          ,0,0,0,0,0,0,0,0,0,5000,0,0,0,5000,0,5000,5000
00733,富邦臺灣中小    ,0,0,0,0,0,0,0,0,0,5000,0,0,0,210000,205000,5000,5000
020011,統一微波高息20N ,0,0,0,0,0,0,0,0,0,5000,0,0,0,5000,0,5000,5000
00661,元大日經225     ,0,0,0,0,0,0,0,0,0,5000,0,0,0,5000,0,5000,5000
00678,群益NBI生技     ,0,0,0,0,0,0,0,0,0,5000,0,0,0,14000,9000,5000,5000
044931,華新元大91購01  ,0,0,0,0,0,0,0,0,0,5000,0,0,0,5000,0,5000,5000
044362,元油2X中信94購01,0,0,0,0,0,0,0,0,0,5000,0,0,0,5000,0,5000,5000
044906,晶技凱基91購01  ,0,0,0,0,0,0,0,0,0,5000,0,0,0,5000,0,5000,5000
04490P,聯發科台新94售02,0,0,0,0,0,0,0,0,0,5000,0,0,0,5000,0,5000,5000
043054,智邦富邦92購01  ,0,0,0,0,0,0,0,0,0,5000,0,0,0,5000,0,5000,5000
044407,聯茂凱基93購01  ,0,0,0,0,0,0,0,0,0,5000,0,0,0,6000,1000,5000,5000
044805,旭富凱基93購01  ,0,0,0,0,0,0,0,0,0,5000,0,0,0,5000,0,5000,5000
043854,華新科富邦93購01,0,0,0,0,0,0,0,0,0,5000,0,0,0,10000,5000,5000,5000
047450,南茂元大93購05  ,0,0,0,0,0,0,0,0,0,5000,0,0,0,5000,0,5000,5000
047393,景碩元大93購02  ,0,0,0,0,0,0,0,0,0,5000,0,0,0,6000,1000,5000,5000
047404,香港2X統一94購01,0,0,0,0,0,0,0,0,0,5000,0,0,0,5000,0,5000,5000
045748,臺股指永豐92購01,0,0,0,0,0,0,0,0,0,5000,0,0,0,23000,18000,5000,5000
044968,旺宏麥證92購02  ,0,0,0,5000,0,5000,0,0,0,5000,0,0,0,5000,0,5000,5000
047130,台達電凱基93購03,0,0,0,0,0,0,0,0,0,5000,0,0,0,15000,10000,5000,5000
047122,康友元大93購02  ,0,0,0,0,0,0,0,0,0,5000,0,0,0,5000,0,5000,5000
047991,元油反元大96購05,0,0,0,0,0,0,0,0,0,5000,0,0,0,5000,0,5000,5000
048026,瑞昱凱基94購01  ,0,0,0,0,0,0,0,0,0,5000,0,0,0,14000,9000,5000,5000
048089,智邦凱基93購10  ,0,0,0,0,0,0,0,0,0,5000,0,0,0,5000,0,5000,5000
048115,樺漢群益93購01  ,0,0,0,0,0,0,0,0,0,5000,0,0,0,5000,0,5000,5000
047598,深中小統一94購01,0,0,0,0,0,0,0,0,0,5000,0,0,0,5000,0,5000,5000
05087P,GIS國泰96售01   ,0,0,0,0,0,0,0,0,0,5000,0,0,0,5000,0,5000,5000
047585,微星永豐93購01  ,0,0,0,0,0,0,0,0,0,5000,0,0,0,5000,0,5000,5000
050504,全新凱基94購03  ,0,0,0,0,0,0,0,0,0,5000,0,0,0,5000,0,5000,5000
048292,微星群益93購01  ,0,0,0,0,0,0,0,0,0,5000,0,0,0,5000,0,5000,5000
048280,康普永豐93購01  ,0,0,0,0,0,0,0,0,0,5000,0,0,0,5000,0,5000,5000
047880,聯發科國泰94購03,0,0,0,0,0,0,0,0,0,5000,0,0,0,6000,1000,5000,5000
048170,智原永豐93購02  ,0,0,0,0,0,0,0,0,0,5000,0,0,0,5000,0,5000,5000
048150,矽力元富93購01  ,0,0,0,0,0,0,0,0,0,5000,0,0,0,5000,0,5000,5000
049084,欣興凱基94購03  ,0,0,0,0,0,0,0,0,0,5000,0,0,0,20000,15000,5000,5000
049092,聯茂凱基94購07  ,0,0,0,0,0,0,0,0,0,5000,0,0,0,5000,0,5000,5000
049024,玉晶光群益97購01,0,0,0,0,0,0,0,0,0,5000,0,0,0,5000,0,5000,5000
048504,A50正2中信95購01,0,0,0,0,0,0,0,0,0,5000,0,0,0,5000,0,5000,5000
050522,聯發科元大95購03,0,0,0,0,0,0,0,0,0,5000,0,0,0,14000,9000,5000,5000
050527,嘉聯益元大96購01,0,0,0,0,0,0,0,0,0,5000,0,0,0,5000,0,5000,5000
050620,和碩元大94購04  ,0,0,0,0,0,0,0,0,0,5000,0,0,0,25000,20000,5000,5000
050937,可成國票96購02  ,0,0,0,0,0,0,0,0,0,5000,0,0,0,15000,10000,5000,5000
050976,台光電統一95購01,0,0,0,0,0,0,0,0,0,5000,0,0,0,5000,0,5000,5000
05066P,康控元大95售03  ,0,0,0,0,0,0,0,0,0,5000,0,0,0,5000,0,5000,5000
050656,瑞儀凱基96購01  ,0,0,0,0,0,0,0,0,0,5000,0,0,0,5000,0,5000,5000
050638,創意國票94購02  ,0,0,0,0,0,0,0,0,0,5000,0,0,0,5000,0,5000,5000
050735,亞光台新94購01  ,0,0,0,0,0,0,0,0,0,5000,0,0,0,5000,0,5000,5000
049889,欣興國泰96購01  ,0,0,0,0,0,0,0,0,0,5000,0,0,0,25000,20000,5000,5000
049899,台積電元富94購05,0,0,0,0,0,0,0,0,0,5000,0,0,0,14000,9000,5000,5000
049903,大立光元富94購06,0,0,0,0,0,0,0,0,0,5000,0,0,0,5000,0,5000,5000
048342,強茂元大93購01  ,0,0,0,0,0,0,0,0,0,5000,0,0,0,5000,0,5000,5000
050199,南電元大94購09  ,0,0,0,0,0,0,0,0,0,5000,0,0,0,15000,10000,5000,5000
05020P,廣達中信95售01  ,0,0,0,0,0,0,0,0,0,5000,0,0,0,5000,0,5000,5000
048946,崇越永豐94購01  ,0,0,0,0,0,0,0,0,0,5000,0,0,0,5000,0,5000,5000
048391,友訊國票94購01  ,0,0,0,0,0,0,0,0,0,5000,0,0,0,10000,5000,5000,5000
049693,可成元大94購08  ,0,0,0,0,0,0,0,0,0,5000,0,0,0,5000,0,5000,5000
051484,玉晶光凱基97購01,0,0,0,0,0,0,0,0,0,5000,0,0,0,9000,4000,5000,5000
051269,康友富邦97購01  ,0,0,0,0,0,0,0,0,0,5000,0,0,0,5000,0,5000,5000
051306,嘉聯益凱基96購01,0,0,0,0,0,0,0,0,0,5000,0,0,0,5000,0,5000,5000
051298,智邦凱基95購03  ,0,0,0,0,0,0,0,0,0,5000,0,0,0,5000,0,5000,5000
049833,正文凱基94購05  ,0,0,0,0,0,0,0,0,0,5000,0,0,0,31000,26000,5000,5000
049280,創意國票95購01  ,0,0,0,0,0,0,0,0,0,5000,0,0,0,5000,0,5000,5000
049269,超眾元大96購02  ,0,0,0,0,0,0,0,0,0,5000,0,0,0,5000,0,5000,5000
049236,元油2X元富96購06,0,0,0,0,0,0,0,0,0,5000,0,0,0,5000,0,5000,5000
047758,康舒元富93購01  ,0,0,0,0,0,0,0,0,0,5000,0,0,0,5000,0,5000,5000
051083,A50正2元大98購01,0,0,0,0,0,0,0,0,0,5000,0,0,0,5000,0,5000,5000
051030,康友元富95購01  ,0,0,0,0,0,0,0,0,0,5000,0,0,0,7000,2000,5000,5000
049230,台達電富邦96購01,0,0,0,0,0,0,0,0,0,5000,0,0,0,15000,10000,5000,5000
049532,同欣電台新94購01,0,0,0,0,0,0,0,0,0,5000,0,0,0,5000,0,5000,5000
049462,康友元富94購01  ,0,0,0,0,0,0,0,0,0,5000,0,0,0,7000,2000,5000,5000
049337,台達電統一94購03,0,0,0,0,0,0,0,0,0,5000,0,0,0,5000,0,5000,5000
049384,致伸元大94購02  ,0,0,0,0,0,0,0,0,0,5000,0,0,0,5000,0,5000,5000
049413,台達電凱基94購06,0,0,0,0,0,0,0,0,0,5000,0,0,0,5000,0,5000,5000
048922,光寶科永豐94購01,0,0,0,0,0,0,0,0,0,5000,0,0,0,5000,0,5000,5000
048675,台達電國泰94購02,0,0,0,0,0,0,0,0,0,5000,0,0,0,6000,1000,5000,5000
048698,宏達電國票95購01,0,0,0,0,0,0,0,0,0,5000,0,0,0,5000,0,5000,5000
054458,復盛群益96購01  ,0,0,0,0,0,0,0,0,0,5000,0,0,0,47000,42000,5000,5000
054399,智易永豐96購03  ,0,0,0,0,0,0,0,0,0,5000,0,0,0,15000,10000,5000,5000
054573,漢唐元大98購01  ,0,0,0,0,0,0,0,0,0,5000,0,0,0,5000,0,5000,5000
053991,鴻海群益96購05  ,0,0,0,0,0,0,0,0,0,5000,0,0,0,5000,0,5000,5000
053957,瑞昱永豐96購01  ,0,0,0,0,0,0,0,0,0,5000,0,0,0,42000,37000,5000,5000
054041,鴻海元大96購22  ,0,0,0,0,0,0,0,0,0,5000,0,0,0,64000,59000,5000,5000
054126,和大元大96購02  ,0,0,0,0,0,0,0,0,0,5000,0,0,0,5000,0,5000,5000
054116,順德康和96購01  ,0,0,0,0,0,0,0,0,0,5000,0,0,0,5000,0,5000,5000
05412P,泰碩國票95售02  ,0,0,0,0,0,0,0,0,0,5000,0,0,0,5000,0,5000,5000
054159,T50正2凱基99購01,0,0,0,0,0,0,0,0,0,5000,0,0,0,5000,0,5000,5000
05427P,聯發科凱基96售07,0,0,0,0,0,0,0,0,0,5000,0,0,0,5000,0,5000,5000
054304,台積電凱基96購23,0,0,0,0,0,0,0,0,0,5000,0,0,0,6000,1000,5000,5000
05321P,鴻海凱基95售17  ,0,0,0,0,0,0,0,0,0,5000,0,0,0,5000,0,5000,5000
053238,麗豐永豐96購01  ,0,0,0,0,0,0,0,0,0,5000,0,0,0,13000,8000,5000,5000
053291,旺宏中信9A購01  ,0,0,0,0,0,0,0,0,0,5000,0,0,0,10000,5000,5000,5000
053331,玉晶光永豐97購02,0,0,0,0,0,0,0,0,0,5000,0,0,0,5000,0,5000,5000
053343,宏達電國票97購02,0,0,0,0,0,0,0,0,0,5000,0,0,0,5000,0,5000,5000
053495,聯發科兆豐96購02,0,0,0,0,0,0,0,0,0,5000,0,0,0,5000,0,5000,5000
053724,聯詠凱基96購04  ,0,0,0,0,0,0,0,0,0,5000,0,0,0,19000,14000,5000,5000
053767,臻鼎富邦97購02  ,0,0,0,0,0,0,0,0,0,5000,0,0,0,5000,0,5000,5000
053809,上銀群益96購02  ,0,0,0,0,0,0,0,0,0,5000,0,0,0,41000,36000,5000,5000
053783,聯發科元大96購17,0,0,0,0,0,0,0,0,0,5000,0,0,0,34000,29000,5000,5000
053640,上緯控永豐96購01,0,0,0,0,0,0,0,0,0,5000,0,0,0,5000,0,5000,5000
053645,臺股指國票96購08,0,0,0,0,0,0,0,0,0,5000,0,0,0,5000,0,5000,5000
053704,國巨群益96購06  ,0,0,0,0,0,0,0,0,0,5000,0,0,0,5000,0,5000,5000
053614,台積電群益96購08,0,0,0,0,0,0,0,0,0,5000,0,0,0,15000,10000,5000,5000
052196,TPK元富95購01   ,0,0,0,0,0,0,0,0,0,5000,0,0,0,5000,0,5000,5000
052190,創意群益95購03  ,0,0,0,0,0,0,0,0,0,5000,0,0,0,5000,0,5000,5000
05223P,臻鼎凱基95售02  ,0,0,0,0,0,0,0,0,0,5000,0,0,0,53000,48000,5000,5000
052145,京元電群益95購02,0,0,0,0,0,0,0,0,0,5000,0,0,0,5000,0,5000,5000
052180,緯穎元大96購05  ,0,0,0,0,0,0,0,0,0,5000,0,0,0,9000,4000,5000,5000
052054,台表科凱基96購01,0,0,0,0,0,0,0,0,0,5000,0,0,0,5000,0,5000,5000
052065,臺股指國票95購12,0,0,0,0,0,0,0,0,0,5000,0,0,0,5000,0,5000,5000
051831,緯穎元大96購04  ,0,0,0,0,0,0,0,0,0,5000,0,0,0,10000,5000,5000,5000
051734,台積電國票95購04,0,0,0,0,0,0,0,0,0,5000,0,0,0,10000,5000,5000,5000
051501,康友群益95購02  ,0,0,0,0,0,0,0,0,0,5000,0,0,0,5000,0,5000,5000
051525,日月光凱基95購02,0,0,0,0,0,0,0,0,0,5000,0,0,0,5000,0,5000,5000
051523,牧德凱基95購02  ,0,0,0,0,0,0,0,0,0,5000,0,0,0,5000,0,5000,5000
052973,冠德群益96購01  ,0,0,0,0,0,0,0,0,0,5000,0,0,0,82000,77000,5000,5000
052898,樺漢群益96購01  ,0,0,0,0,0,0,0,0,0,5000,0,0,0,5000,0,5000,5000
05281P,南亞科元大95售03,0,0,0,0,0,0,0,0,0,5000,0,0,0,85000,80000,5000,5000
052839,上海銀國泰97購01,0,0,0,0,0,0,0,0,0,5000,0,0,0,5000,0,5000,5000
052785,滬深2X中信99購03,0,0,0,0,0,0,0,0,0,5000,0,0,0,5000,0,5000,5000
052761,可成群益96購02  ,0,0,0,0,0,0,0,0,0,5000,0,0,0,5000,0,5000,5000
052569,聯發科凱基96購08,0,0,0,0,0,0,0,0,0,5000,0,0,0,144000,139000,5000,5000
05255P,義隆凱基95售01  ,0,0,0,0,0,0,0,0,0,5000,0,0,0,5000,0,5000,5000
052383,臺股指元大95購29,0,0,0,0,0,0,0,0,0,5000,0,0,0,6000,1000,5000,5000
055719,可成元大97購03  ,0,0,0,0,0,0,0,0,0,4000,0,0,0,6000,2000,4000,4000
055852,聯鈞元大98購01  ,0,0,0,0,0,0,0,0,0,4000,0,0,0,61000,57000,4000,4000
055570,華通統一98購03  ,0,0,0,0,0,0,0,0,0,4000,0,0,0,4000,0,4000,4000
055614,華新科國票97購02,0,0,0,0,0,0,0,0,0,4000,0,0,0,14000,10000,4000,4000
05914P,友達元大96售04  ,0,0,0,0,0,0,0,0,0,4000,0,0,0,97000,93000,4000,4000
05732P,臺股指統一96售02,0,0,0,0,0,0,0,0,0,4000,0,0,0,4000,0,4000,4000
055998,臺股指富邦99購01,0,0,0,0,0,0,0,0,0,4000,0,0,0,4000,0,4000,4000
054831,緯穎國泰98購01  ,0,0,0,0,0,0,0,0,0,4000,0,0,0,4000,0,4000,4000
055118,嘉聯益凱基98購02,0,0,0,0,0,0,0,0,0,4000,0,0,0,20000,16000,4000,4000
05528P,臺股指群益96售01,0,0,0,0,0,0,0,0,0,4000,0,0,0,184000,180000,4000,4000
06291P,臺股指國票97售05,0,0,0,0,0,0,0,0,0,4000,0,0,0,4000,0,4000,4000
1410,南染            ,5000,1000,4000,0,0,0,0,0,0,0,0,0,0,0,0,0,4000
1452,宏益            ,4000,0,4000,0,0,0,0,0,0,0,0,0,0,0,0,0,4000
06105P,國巨國票98售02  ,0,0,0,0,0,0,0,0,0,4000,0,0,0,4000,0,4000,4000
06045P,臺股指永豐96售03,0,0,0,0,0,0,0,0,0,4000,0,0,0,4000,0,4000,4000
05990P,台積電群益96售13,0,0,0,0,0,0,0,0,0,4000,0,0,0,4000,0,4000,4000
05992P,華通元大96售05  ,0,0,0,0,0,0,0,0,0,4000,0,0,0,4000,0,4000,4000
8473,山林水          ,5000,1000,4000,0,0,0,0,0,0,0,0,0,0,0,0,0,4000
9926,新海            ,4000,0,4000,0,0,0,0,0,0,0,0,0,0,0,0,0,4000
8411,福貞-KY         ,5000,1000,4000,0,0,0,0,0,0,0,0,0,0,0,0,0,4000
6112,聚碩            ,18000,19000,-1000,0,0,0,0,0,0,5000,5000,0,5000,0,0,0,4000
6172,互億            ,7000,3000,4000,0,0,0,0,0,0,0,0,0,0,0,0,0,4000
6184,大豐電          ,4000,0,4000,0,0,0,0,0,0,0,0,0,0,0,0,0,4000
6641,基士德-KY       ,5000,1000,4000,0,0,0,0,0,0,0,0,0,0,0,0,0,4000
3011,今皓            ,4000,0,4000,0,0,0,0,0,0,0,0,0,0,0,0,0,4000
047149,聯鈞群益93購01  ,0,0,0,0,0,0,0,0,0,4000,0,0,0,30000,26000,4000,4000
044977,華邦電國票92購01,0,0,0,0,0,0,0,0,0,4000,0,0,0,4000,0,4000,4000
045823,康普凱基92購02  ,0,0,0,0,0,0,0,0,0,4000,0,0,0,4000,0,4000,4000
043047,永冠國泰93購01  ,0,0,0,0,0,0,0,0,0,4000,0,0,0,10000,6000,4000,4000
043944,欣興兆豐93購02  ,0,0,0,0,0,0,0,0,0,4000,0,0,0,21000,17000,4000,4000
044818,可成兆豐93購02  ,0,0,0,0,0,0,0,0,0,4000,0,0,0,4000,0,4000,4000
044950,玉晶光群益94購01,0,0,0,0,0,0,0,0,0,4000,0,0,0,15000,11000,4000,4000
03118P,台積電國票01售07,0,0,0,0,0,0,0,0,0,4000,0,0,0,4000,0,4000,4000
044636,創意統一94購01  ,0,0,0,0,0,0,0,0,0,4000,0,0,0,4000,0,4000,4000
038944,上海銀國泰92購01,0,0,0,0,0,0,0,0,0,4000,0,0,0,4000,0,4000,4000
03898P,新日興凱基93售02,0,0,0,0,0,0,0,0,0,4000,0,0,0,4000,0,4000,4000
03950P,聯發科中信93售03,0,0,0,0,0,0,0,0,0,4000,0,0,0,4000,0,4000,4000
047026,大毅元大93購02  ,0,0,0,0,0,0,0,0,0,4000,0,0,0,14000,10000,4000,4000
046761,淘帝凱基93購01  ,0,0,0,0,0,0,0,0,0,4000,0,0,0,4000,0,4000,4000
046818,奇力新凱基93購04,0,0,0,0,0,0,0,0,0,4000,0,0,0,4000,0,4000,4000
045515,滬深2X統一92購01,0,0,0,0,0,0,0,0,0,4000,0,0,0,4000,0,4000,4000
045670,鴻海元大92購09  ,0,0,0,0,0,0,0,0,0,4000,0,0,0,4000,0,4000,4000
045663,元油2X元富94購01,0,0,0,0,0,0,0,0,0,4000,0,0,0,4000,0,4000,4000
045733,瑞昱國票93購01  ,0,0,0,0,0,0,0,0,0,4000,0,0,0,4000,0,4000,4000
050112,高鐵元大94購02  ,0,0,0,0,0,0,0,0,0,4000,0,0,0,4000,0,4000,4000
050099,台積電永昌96購01,0,0,0,0,0,0,0,0,0,4000,0,0,0,4000,0,4000,4000
05011P,南電國泰96售01  ,0,0,0,0,0,0,0,0,0,4000,0,0,0,4000,0,4000,4000
049978,瑞昱凱基94購04  ,0,0,0,0,0,0,0,0,0,4000,0,0,0,5000,1000,4000,4000
046691,儒鴻凱基93購02  ,0,0,0,0,0,0,0,0,0,4000,0,0,0,4000,0,4000,4000
046189,聯發科凱基92購02,0,0,0,0,0,0,0,0,0,4000,0,0,0,4000,0,4000,4000
046379,奇力新凱基93購03,0,0,0,0,0,0,0,0,0,4000,0,0,0,4000,0,4000,4000
046418,智原元大92購02  ,0,0,0,0,0,0,0,0,0,4000,0,0,0,4000,0,4000,4000
046529,臻鼎中信92購01  ,0,0,0,0,0,0,0,0,0,4000,0,0,0,4000,0,4000,4000
048765,奇力新凱基94購01,0,0,0,0,0,0,0,0,0,4000,0,0,0,4000,0,4000,4000
048625,GIS台新93購01   ,0,0,0,0,0,0,0,0,0,4000,0,0,0,4000,0,4000,4000
049358,可成富邦94購01  ,0,0,0,0,0,0,0,0,0,4000,0,0,0,4000,0,4000,4000
049453,新日興統一94購01,0,0,0,0,0,0,0,0,0,4000,0,0,0,4000,0,4000,4000
049511,奇力新凱基94購03,0,0,0,0,0,0,0,0,0,4000,0,0,0,4000,0,4000,4000
049519,新光金國票95購03,0,0,0,0,0,0,0,0,0,4000,0,0,0,4000,0,4000,4000
049577,台達電元大94購08,0,0,0,0,0,0,0,0,0,4000,0,0,0,12000,8000,4000,4000
051022,GIS凱基95購02   ,0,0,0,0,0,0,0,0,0,4000,0,0,0,4000,0,4000,4000
047789,景碩群益93購01  ,0,0,0,0,0,0,0,0,0,4000,0,0,0,6000,2000,4000,4000
047720,聯茂凱基94購03  ,0,0,0,0,0,0,0,0,0,4000,0,0,0,4000,0,4000,4000
049250,華通元大95購04  ,0,0,0,0,0,0,0,0,0,4000,0,0,0,42000,38000,4000,4000
049261,大立光元大94購08,0,0,0,0,0,0,0,0,0,4000,0,0,0,4000,0,4000,4000
049281,嘉聯益國票95購01,0,0,0,0,0,0,0,0,0,4000,0,0,0,4000,0,4000,4000
049855,台表科群益94購01,0,0,0,0,0,0,0,0,0,4000,0,0,0,4000,0,4000,4000
049014,台達電群益94購02,0,0,0,0,0,0,0,0,0,4000,0,0,0,29000,25000,4000,4000
047491,旺宏統一94購03  ,0,0,0,0,0,0,0,0,0,4000,0,0,0,9000,5000,4000,4000
050842,旺宏國票97購01  ,0,0,0,0,0,0,0,0,0,4000,0,0,0,4000,0,4000,4000
050938,智原國票96購01  ,0,0,0,0,0,0,0,0,0,4000,0,0,0,4000,0,4000,4000
047917,台積電凱基94購01,0,0,0,0,0,0,0,0,0,4000,0,0,0,4000,0,4000,4000
050477,矽力永豐94購01  ,0,0,0,0,0,0,0,0,0,4000,0,0,0,12000,8000,4000,4000
050872,致伸永豐95購01  ,0,0,0,0,0,0,0,0,0,4000,0,0,0,4000,0,4000,4000
047595,元石油元富97購01,0,0,0,0,0,0,0,0,0,4000,0,0,0,4000,0,4000,4000
047639,聯發科元大93購16,0,0,0,0,0,0,0,0,0,4000,0,0,0,37000,33000,4000,4000
052384,臺股指元大95購30,0,0,0,0,0,0,0,0,0,4000,0,0,0,4000,0,4000,4000
052752,臺股指元大96購06,0,0,0,0,0,0,0,0,0,4000,0,0,0,5000,1000,4000,4000
052890,FB上証群益9B購01,0,0,0,0,0,0,0,0,0,4000,0,0,0,14000,10000,4000,4000
052870,玉晶光凱基96購03,0,0,0,0,0,0,0,0,0,4000,0,0,0,5000,1000,4000,4000
051487,健策凱基96購03  ,0,0,0,0,0,0,0,0,0,4000,0,0,0,10000,6000,4000,4000
051575,國巨元大96購03  ,0,0,0,0,0,0,0,0,0,4000,0,0,0,4000,0,4000,4000
051543,鈺齊國票96購01  ,0,0,0,0,0,0,0,0,0,4000,0,0,0,4000,0,4000,4000
051785,臻鼎兆豐96購01  ,0,0,0,0,0,0,0,0,0,4000,0,0,0,4000,0,4000,4000
052061,樺漢國票96購01  ,0,0,0,0,0,0,0,0,0,4000,0,0,0,34000,30000,4000,4000
052078,大立光元富95購10,0,0,0,0,0,0,0,0,0,4000,0,0,0,4000,0,4000,4000
052045,瑞昱凱基96購01  ,0,0,0,0,0,0,0,0,0,4000,0,0,0,12000,8000,4000,4000
051946,健策統一98購01  ,0,0,0,0,0,0,0,0,0,4000,0,0,0,29000,25000,4000,4000
053677,同欣電國泰97購01,0,0,0,0,0,0,0,0,0,4000,0,0,0,5000,1000,4000,4000
053824,樺漢群益96購02  ,0,0,0,0,0,0,0,0,0,4000,0,0,0,4000,0,4000,4000
053371,滬深2X元大99購01,0,0,0,0,0,0,0,0,0,4000,0,0,0,5000,1000,4000,4000
053295,奇力新中信96購01,0,0,0,0,0,0,0,0,0,4000,0,0,0,24000,20000,4000,4000
054294,世芯元大96購02  ,0,0,0,0,0,0,0,0,0,4000,0,0,0,4000,0,4000,4000
054266,緯穎元大96購07  ,0,0,0,0,0,0,0,0,0,4000,0,0,0,23000,19000,4000,4000
054154,智易國泰97購01  ,0,0,0,0,0,0,0,0,0,4000,0,0,0,4000,0,4000,4000
054073,群創富邦96購03  ,0,0,0,0,0,0,0,0,0,4000,0,0,0,14000,10000,4000,4000
054008,大立光元富96購06,0,0,0,0,0,0,0,0,0,4000,0,0,0,36000,32000,4000,4000
054393,漢唐永豐96購01  ,0,0,0,0,0,0,0,0,0,4000,0,0,0,4000,0,4000,4000
054463,瑞昱凱基97購01  ,0,0,0,0,0,0,0,0,0,4000,0,0,0,13000,9000,4000,4000
3025,星通            ,6000,3000,3000,0,0,0,0,0,0,0,0,0,0,0,0,0,3000
3040,遠見            ,4000,0,4000,0,0,0,0,0,0,-1000,0,1000,-1000,0,0,0,3000
2908,特力            ,5000,2000,3000,0,0,0,0,0,0,0,0,0,0,0,0,0,3000
3002,歐格            ,3000,0,3000,0,0,0,0,0,0,0,0,0,0,0,0,0,3000
4722,國精化          ,3000,0,3000,0,0,0,0,0,0,0,0,0,0,0,0,0,3000
3266,昇陽            ,4000,1000,3000,0,0,0,0,0,0,0,0,0,0,0,0,0,3000
3419,譁裕            ,11000,8000,3000,0,0,0,0,0,0,0,0,0,0,0,0,0,3000
6541,泰福-KY         ,131000,127000,4000,0,0,0,0,0,0,-1000,0,1000,-1000,0,0,0,3000
6189,豐藝            ,15000,12000,3000,0,0,0,0,0,0,0,0,0,0,0,0,0,3000
4976,佳凌            ,12000,6000,6000,0,0,0,0,0,0,-3000,0,3000,-3000,0,0,0,3000
5484,慧友            ,3000,0,3000,0,0,0,0,0,0,0,0,0,0,0,0,0,3000
8215,明基材          ,65000,62000,3000,0,0,0,15000,0,15000,-15000,0,0,0,0,15000,-15000,3000
06107P,美律群益98售02  ,0,0,0,0,0,0,0,0,0,3000,0,0,0,145000,142000,3000,3000
1447,力鵬            ,31000,28000,3000,0,0,0,0,0,0,0,0,0,0,0,0,0,3000
1101B,台泥乙特        ,0,0,0,0,0,0,0,0,0,3000,3000,0,3000,0,0,0,3000
1225,福懋油          ,5000,2000,3000,0,0,0,0,0,0,0,0,0,0,0,0,0,3000
2033,佳大            ,5000,2000,3000,0,0,0,0,0,0,0,0,0,0,0,0,0,3000
2208,台船            ,56000,53000,3000,0,0,0,0,0,0,0,0,0,0,0,0,0,3000
1516,川飛            ,3000,0,3000,0,0,0,0,0,0,0,0,0,0,0,0,0,3000
2488,漢平            ,12000,9000,3000,0,0,0,0,0,0,0,0,0,0,0,0,0,3000
2483,百容            ,13000,4000,9000,0,0,0,0,6000,-6000,0,0,0,0,0,0,0,3000
2430,燦坤            ,4000,0,4000,0,0,0,0,0,0,-1000,0,1000,-1000,0,0,0,3000
2373,震旦行          ,3000,0,3000,0,0,0,0,0,0,0,0,0,0,0,0,0,3000
05544P,台表科元富96售01,0,0,0,0,0,0,0,0,0,3000,0,0,0,3000,0,3000,3000
055102,上銀凱基98購01  ,0,0,0,0,0,0,0,0,0,3000,0,0,0,13000,10000,3000,3000
055090,國巨群益97購03  ,0,0,0,0,0,0,0,0,0,3000,0,0,0,3000,0,3000,3000
054865,可成群益97購01  ,0,0,0,0,0,0,0,0,0,3000,0,0,0,3000,0,3000,3000
054859,鴻海群益97購02  ,0,0,0,0,0,0,0,0,0,3000,0,0,0,3000,0,3000,3000
054698,同欣電永豐97購01,0,0,0,0,0,0,0,0,0,3000,0,0,0,3000,0,3000,3000
054747,麗豐凱基98購01  ,0,0,0,0,0,0,0,0,0,3000,0,0,0,3000,0,3000,3000
055011,元翎元富97購01  ,0,0,0,0,0,0,0,0,0,3000,0,0,0,13000,10000,3000,3000
054905,國揚康和97購01  ,0,0,0,0,0,0,0,0,0,3000,0,0,0,22000,19000,3000,3000
054910,信錦凱基97購01  ,0,0,0,0,0,0,0,0,0,3000,0,0,0,5000,2000,3000,3000
055955,微星元大97購01  ,0,0,0,0,0,0,0,0,0,3000,0,0,0,3000,0,3000,3000
055960,義隆元大97購01  ,0,0,0,0,0,0,0,0,0,3000,0,0,0,22000,19000,3000,3000
05808P,臺股指國票96售01,0,0,0,0,0,0,0,0,0,3000,0,0,0,8000,5000,3000,3000
055548,旺宏凱基97購02  ,0,0,0,0,0,0,0,0,0,3000,0,0,0,32000,29000,3000,3000
055586,旺宏元大98購06  ,0,0,0,0,0,0,0,0,0,3000,0,0,0,16000,13000,3000,3000
055621,國巨國泰98購03  ,0,0,0,0,0,0,0,0,0,3000,0,0,0,3000,0,3000,3000
055858,聯茂元大97購03  ,0,0,0,0,0,0,0,0,0,3000,0,0,0,43000,40000,3000,3000
055828,上銀元大97購05  ,0,0,0,0,0,0,0,0,0,3000,0,0,0,4000,1000,3000,3000
046509,中壽元大92購01  ,0,0,0,0,0,0,0,0,0,3000,0,0,0,11000,8000,3000,3000
046510,大立光元大92購25,0,0,0,0,0,0,0,0,0,3000,0,0,0,3000,0,3000,3000
046406,奇力新元大92購03,0,0,0,0,0,0,0,0,0,3000,0,0,0,3000,0,3000,3000
046357,聯發科台新92購01,0,0,0,0,0,0,0,0,0,3000,0,0,0,3000,0,3000,3000
046933,台泥元富93購01  ,0,0,0,0,0,0,0,0,0,3000,0,0,0,11000,8000,3000,3000
050101,台積電永昌96購03,0,0,0,0,0,0,0,0,0,3000,0,0,0,5000,2000,3000,3000
050152,聯發科群益94購07,0,0,0,0,0,0,0,0,0,3000,0,0,0,3000,0,3000,3000
045535,A50正2群益94購01,0,0,0,0,0,0,0,0,0,3000,0,0,0,3000,0,3000,3000
045392,滬深2X國泰93購01,0,0,0,0,0,0,0,0,0,3000,0,0,0,5000,2000,3000,3000
04547P,高鐵元大94售01  ,0,0,0,0,0,0,0,0,0,3000,0,0,0,5000,2000,3000,3000
046165,中磊兆豐93購01  ,0,0,0,0,0,0,0,0,0,3000,0,0,0,5000,2000,3000,3000
046135,南亞科富邦92購01,0,0,0,0,0,0,0,0,0,3000,0,0,0,3000,0,3000,3000
046088,台光電兆豐92購02,0,0,0,0,0,0,0,0,0,3000,0,0,0,3000,0,3000,3000
045834,兆豐金群益92購01,0,0,0,0,0,0,0,0,0,3000,0,0,0,3000,0,3000,3000
045830,亞德客群益92購02,0,0,0,0,0,0,0,0,0,3000,0,0,0,3000,0,3000,3000
047082,元上證永豐93購01,0,0,0,0,0,0,0,0,0,3000,0,0,0,3000,0,3000,3000
047083,大立光永豐93購01,0,0,0,0,0,0,0,0,0,3000,0,0,0,4000,1000,3000,3000
045073,可成元大93購01  ,0,0,0,0,0,0,0,0,0,3000,0,0,0,10000,7000,3000,3000
04522P,卜蜂凱基94售02  ,0,0,0,0,0,0,0,0,0,3000,0,0,0,3000,0,3000,3000
045383,大毅元大92購01  ,0,0,0,0,0,0,0,0,0,3000,0,0,0,3000,0,3000,3000
03640C,元油2X元大9B牛02,0,0,0,0,0,0,0,0,0,3000,0,0,0,10000,7000,3000,3000
03646C,臺股指元大95牛32,0,0,0,0,0,0,0,0,0,3000,0,0,0,5000,2000,3000,3000
044602,大立光國泰93購01,0,0,0,0,0,0,0,0,0,3000,0,0,0,3000,0,3000,3000
044770,漢唐元大93購02  ,0,0,0,0,0,0,0,0,0,3000,0,0,0,3000,0,3000,3000
042787,新日興兆豐93購01,0,0,0,0,0,0,0,0,0,3000,0,0,0,3000,0,3000,3000
04216P,燿華國票93售02  ,0,0,0,0,0,0,0,0,0,3000,0,0,0,3000,0,3000,3000
042501,台灣50凱基96購06,0,0,0,0,0,0,0,0,0,3000,0,0,0,3000,0,3000,3000
042502,上銀凱基93購01  ,0,0,0,0,0,0,0,0,0,3000,0,0,0,8000,5000,3000,3000
04174P,上銀群益93售06  ,0,0,0,0,0,0,0,0,0,3000,0,0,0,3000,0,3000,3000
04082P,智邦統一93售03  ,0,0,0,0,0,0,0,0,0,3000,0,0,0,3000,0,3000,3000
00658L,國泰日本正2     ,0,0,0,0,0,0,0,0,0,3000,0,0,0,3000,0,3000,3000
03012X,元展12          ,0,0,0,0,0,0,0,0,0,3000,0,0,0,3000,0,3000,3000
00715L,街口布蘭特油正2 ,0,0,0,0,0,0,0,0,0,3000,0,0,0,3000,0,3000,3000
044306,瑞儀兆豐93購02  ,0,0,0,0,0,0,0,0,0,3000,0,0,0,3000,0,3000,3000
04320P,亞德客元大93售07,0,0,0,0,0,0,0,0,0,3000,0,0,0,3000,0,3000,3000
04411P,智易統一96售01  ,0,0,0,0,0,0,0,0,0,3000,0,0,0,3000,0,3000,3000
047287,貿聯統一95購01  ,0,0,0,0,0,0,0,0,0,3000,0,0,0,10000,7000,3000,3000
043778,智原兆豐92購01  ,0,0,0,0,0,0,0,0,0,3000,0,0,0,3000,0,3000,3000
04500P,燿華統一94售01  ,0,0,0,0,0,0,0,0,0,3000,0,0,0,3000,0,3000,3000
047145,鴻海群益95購01  ,0,0,0,0,0,0,0,0,0,3000,0,0,0,3000,0,3000,3000
047135,可成凱基93購05  ,0,0,0,0,0,0,0,0,0,3000,0,0,0,143000,140000,3000,3000
047235,嘉澤凱基93購01  ,0,0,0,0,0,0,0,0,0,3000,0,0,0,6000,3000,3000,3000
050495,大立光永昌96購01,0,0,0,0,0,0,0,0,0,3000,0,0,0,3000,0,3000,3000
050980,欣興元富95購02  ,0,0,0,0,0,0,0,0,0,3000,0,0,0,3000,0,3000,3000
048276,旺宏永豐94購01  ,0,0,0,0,0,0,0,0,0,3000,0,0,0,3000,0,3000,3000
048294,智原群益93購02  ,0,0,0,0,0,0,0,0,0,3000,0,0,0,3000,0,3000,3000
048430,瑞昱國票93購02  ,0,0,0,0,0,0,0,0,0,3000,0,0,0,4000,1000,3000,3000
050560,聯詠統一94購02  ,0,0,0,0,0,0,0,0,0,3000,0,0,0,8000,5000,3000,3000
049886,華通永昌95購01  ,0,0,0,0,0,0,0,0,0,3000,0,0,0,6000,3000,3000,3000
050771,華新科元大94購06,0,0,0,0,0,0,0,0,0,3000,0,0,0,3000,0,3000,3000
050200,致新元大94購01  ,0,0,0,0,0,0,0,0,0,3000,0,0,0,3000,0,3000,3000
048942,上緯控永豐94購01,0,0,0,0,0,0,0,0,0,3000,0,0,0,3000,0,3000,3000
049843,康友中信95購01  ,0,0,0,0,0,0,0,0,0,3000,0,0,0,18000,15000,3000,3000
049180,TPK凱基94購02   ,0,0,0,0,0,0,0,0,0,3000,0,0,0,3000,0,3000,3000
051230,聯詠群益95購01  ,0,0,0,0,0,0,0,0,0,3000,0,0,0,3000,0,3000,3000
051380,禾伸堂群益95購01,0,0,0,0,0,0,0,0,0,3000,0,0,0,8000,5000,3000,3000
051381,玉晶光群益98購01,0,0,0,0,0,0,0,0,0,3000,0,0,0,3000,0,3000,3000
049222,和碩國票94購01  ,0,0,0,0,0,0,0,0,0,3000,0,0,0,3000,0,3000,3000
049297,日電貿群益95購01,0,0,0,0,0,0,0,0,0,3000,0,0,0,6000,3000,3000,3000
048901,矽格國泰95購01  ,0,0,0,0,0,0,0,0,0,3000,0,0,0,3000,0,3000,3000
048780,臺股指凱基94購03,0,0,0,0,0,0,0,0,0,3000,0,0,0,3000,0,3000,3000
048781,臺股指凱基96購01,0,0,0,0,0,0,0,0,0,3000,0,0,0,5000,2000,3000,3000
048671,大立光永豐93購04,0,0,0,0,0,0,0,0,0,3000,0,0,0,3000,0,3000,3000
048884,川湖元富94購01  ,0,0,0,0,0,0,0,0,0,3000,0,0,0,5000,2000,3000,3000
054507,鈺齊永豐96購01  ,0,0,0,0,0,0,0,0,0,3000,0,0,0,3000,0,3000,3000
054357,可成兆豐97購02  ,0,0,0,0,0,0,0,0,0,3000,0,0,0,3000,0,3000,3000
05393P,鴻海統一95售14  ,0,0,0,0,0,0,0,0,0,3000,0,0,0,3000,0,3000,3000
054092,大立光群益97購01,0,0,0,0,0,0,0,0,0,3000,0,0,0,5000,2000,3000,3000
054148,矽創元大96購03  ,0,0,0,0,0,0,0,0,0,3000,0,0,0,23000,20000,3000,3000
054177,牧德台新97購01  ,0,0,0,0,0,0,0,0,0,3000,0,0,0,3000,0,3000,3000
054206,鴻海國票99購01  ,0,0,0,0,0,0,0,0,0,3000,0,0,0,62000,59000,3000,3000
054275,華通群益97購03  ,0,0,0,0,0,0,0,0,0,3000,0,0,0,3000,0,3000,3000
054245,鴻海元大96購23  ,0,0,0,0,0,0,0,0,0,3000,0,0,0,303000,300000,3000,3000
054291,高鐵元大97購01  ,0,0,0,0,0,0,0,0,0,3000,0,0,0,4000,1000,3000,3000
054310,牧德凱基98購01  ,0,0,0,0,0,0,0,0,0,3000,0,0,0,3000,0,3000,3000
053303,建準凱基96購03  ,0,0,0,0,0,0,0,0,0,3000,0,0,0,3000,0,3000,3000
053352,義隆兆豐96購01  ,0,0,0,0,0,0,0,0,0,3000,0,0,0,6000,3000,3000,3000
053476,冠德元大96購03  ,0,0,0,0,0,0,0,0,0,3000,0,0,0,3000,0,3000,3000
053519,力成群益96購02  ,0,0,0,0,0,0,0,0,0,3000,0,0,0,10000,7000,3000,3000
053503,臻鼎兆豐97購01  ,0,0,0,0,0,0,0,0,0,3000,0,0,0,6000,3000,3000,3000
053461,台郡永昌99購01  ,0,0,0,0,0,0,0,0,0,3000,0,0,0,3000,0,3000,3000
053612,T50反1群益96購01,0,0,0,0,0,0,0,0,0,3000,0,0,0,3000,0,3000,3000
053525,台積電中信96購04,0,0,0,0,0,0,0,0,0,3000,0,0,0,31000,28000,3000,3000
052000,鈺齊元大95購03  ,0,0,0,0,0,0,0,0,0,3000,0,0,0,13000,10000,3000,3000
05208P,TPK中信95售01   ,0,0,0,0,0,0,0,0,0,3000,0,0,0,47000,44000,3000,3000
052157,東元永豐95購01  ,0,0,0,0,0,0,0,0,0,3000,0,0,0,10000,7000,3000,3000
052122,新光金國票96購01,0,0,0,0,0,0,0,0,0,3000,0,0,0,3000,0,3000,3000
052260,為升富邦97購02  ,0,0,0,0,0,0,0,0,0,3000,0,0,0,3000,0,3000,3000
051710,和碩群益95購01  ,0,0,0,0,0,0,0,0,0,3000,0,0,0,3000,0,3000,3000
051884,樺漢永豐95購01  ,0,0,0,0,0,0,0,0,0,3000,0,0,0,3000,0,3000,3000
051552,牧德永豐95購03  ,0,0,0,0,0,0,0,0,0,3000,0,0,0,3000,0,3000,3000
051536,玉晶光國票97購01,0,0,0,0,0,0,0,0,0,3000,0,0,0,6000,3000,3000,3000
052858,華通凱基97購02  ,0,0,0,0,0,0,0,0,0,3000,0,0,0,3000,0,3000,3000
052907,嘉澤國票97購01  ,0,0,0,0,0,0,0,0,0,3000,0,0,0,3000,0,3000,3000
05264P,微星元大95售02  ,0,0,0,0,0,0,0,0,0,3000,0,0,0,3000,0,3000,3000
055771,台積電日盛97購04,0,0,0,0,0,0,0,0,0,2000,0,0,0,25000,23000,2000,2000
055765,臺股指群益97購03,0,0,0,0,0,0,0,0,0,2000,0,0,0,2000,0,2000,2000
055538,鴻海日盛97購04  ,0,0,0,0,0,0,0,0,0,2000,0,0,0,2000,0,2000,2000
055495,長榮航元大97購01,0,0,0,0,0,0,0,0,0,2000,0,0,0,2000,0,2000,2000
05721P,全新群益98售02  ,0,0,0,0,0,0,0,0,0,2000,0,0,0,2000,0,2000,2000
055929,聯發科群益97購05,0,0,0,0,0,0,0,0,0,2000,0,0,0,6000,4000,2000,2000
05597P,鴻海元富96售06  ,0,0,0,0,0,0,0,0,0,2000,0,0,0,2000,0,2000,2000
054904,興勤康和97購01  ,0,0,0,0,0,0,0,0,0,2000,0,0,0,2000,0,2000,2000
055000,玉晶光元富97購04,0,0,0,0,0,0,0,0,0,2000,0,0,0,2000,0,2000,2000
055023,億光國泰98購01  ,0,0,0,0,0,0,0,0,0,2000,0,0,0,3000,1000,2000,2000
054848,群創兆豐98購01  ,0,0,0,0,0,0,0,0,0,2000,0,0,0,2000,0,2000,2000
05484P,台積電凱基95售18,0,0,0,0,0,0,0,0,0,2000,0,0,0,2000,0,2000,2000
055129,鈺齊兆豐97購01  ,0,0,0,0,0,0,0,0,0,2000,0,0,0,2000,0,2000,2000
055348,旺宏凱基97購01  ,0,0,0,0,0,0,0,0,0,2000,0,0,0,3000,1000,2000,2000
2239,英利-KY         ,6000,4000,2000,0,0,0,0,0,0,0,0,0,0,0,0,0,2000
2466,冠西電          ,3000,1000,2000,0,0,0,0,0,0,0,0,0,0,0,0,0,2000
2497,怡利電          ,6000,4000,2000,0,0,0,0,0,0,0,0,0,0,0,0,0,2000
1507,永大            ,9000,7000,2000,0,0,0,0,0,0,0,0,0,0,0,0,0,2000
1451,年興            ,5000,3000,2000,0,0,0,0,0,0,0,0,0,0,0,0,0,2000
1725,元禎            ,2000,0,2000,0,0,0,0,0,0,0,0,0,0,0,0,0,2000
1702,南僑            ,41000,2000,39000,0,0,0,13000,50000,-37000,0,0,0,0,0,0,0,2000
2038,海光            ,4000,2000,2000,0,0,0,0,0,0,0,0,0,0,0,0,0,2000
2029,盛餘            ,4000,2000,2000,0,0,0,0,0,0,0,0,0,0,0,0,0,2000
2002A,中鋼特          ,0,0,0,0,0,0,0,0,0,2000,2000,0,2000,0,0,0,2000
1906,寶隆            ,2000,0,2000,0,0,0,0,0,0,0,0,0,0,0,0,0,2000
1760,寶齡富錦        ,0,3000,-3000,0,0,0,0,0,0,5000,0,0,0,7000,2000,5000,2000
1436,華友聯          ,3000,1000,2000,0,0,0,0,0,0,0,0,0,0,0,0,0,2000
1312A,國喬特          ,0,0,0,0,0,0,0,0,0,2000,2000,0,2000,0,0,0,2000
06245P,健策元富97售03  ,0,0,0,0,0,0,0,0,0,2000,0,0,0,2000,0,2000,2000
06246P,茂林元富97售03  ,0,0,0,0,0,0,0,0,0,2000,0,0,0,406000,404000,2000,2000
06147P,國巨元大97售05  ,0,0,0,0,0,0,0,0,0,2000,0,0,0,2000,0,2000,2000
05952P,台積電國票97售06,0,0,0,0,0,0,0,0,0,2000,0,0,0,19000,17000,2000,2000
06054P,臺股指中信9A售01,0,0,0,0,0,0,0,0,0,2000,0,0,0,2000,0,2000,2000
8427,基勝-KY         ,2000,0,2000,0,0,0,0,0,0,0,0,0,0,0,0,0,2000
910322,康師傅-DR       ,2000,0,2000,0,0,0,0,0,0,0,0,0,0,0,0,0,2000
8467,波力-KY         ,2000,0,2000,0,0,0,0,0,0,0,0,0,0,0,0,0,2000
9941A,裕融甲特        ,0,0,0,0,0,0,0,0,0,2000,2000,0,2000,0,0,0,2000
5007,三星            ,8000,6000,2000,0,0,0,0,0,0,0,0,0,0,0,0,0,2000
8033,雷虎            ,5000,3000,2000,0,0,0,0,0,0,0,0,0,0,0,0,0,2000
6491,晶碩            ,3000,1000,2000,0,0,0,0,0,0,0,0,0,0,0,0,0,2000
3305,昇貿            ,2000,0,2000,0,0,0,0,0,0,0,0,0,0,0,0,0,2000
3164,景岳            ,2000,0,2000,0,0,0,0,0,0,0,0,0,0,0,0,0,2000
3694,海華            ,4000,1000,3000,0,0,0,0,0,0,-1000,0,1000,-1000,0,0,0,2000
2891C,中信金丙特      ,0,0,0,0,0,0,0,0,0,2000,2000,0,2000,0,0,0,2000
2881B,富邦金乙特      ,0,0,0,0,0,0,0,0,0,2000,2000,0,2000,0,0,0,2000
047180,台積電元大93購18,0,0,0,0,0,0,0,0,0,2000,0,0,0,2000,0,2000,2000
044998,玉晶光國泰94購01,0,0,0,0,0,0,0,0,0,2000,0,0,0,2000,0,2000,2000
047296,日月光元富96購01,0,0,0,0,0,0,0,0,0,2000,0,0,0,12000,10000,2000,2000
047411,康控元富93購02  ,0,0,0,0,0,0,0,0,0,2000,0,0,0,2000,0,2000,2000
04417P,光罩國泰95售02  ,0,0,0,0,0,0,0,0,0,2000,0,0,0,12000,10000,2000,2000
043847,台光電國泰92購01,0,0,0,0,0,0,0,0,0,2000,0,0,0,2000,0,2000,2000
044302,智邦兆豐93購02  ,0,0,0,0,0,0,0,0,0,2000,0,0,0,12000,10000,2000,2000
00712,FH富時不動產    ,0,0,0,0,0,0,0,0,0,2000,0,0,0,9000,7000,2000,2000
00684R,元大美元指數反1 ,0,0,0,0,0,0,0,0,0,2000,0,0,0,42000,40000,2000,2000
0057,富邦摩台        ,0,0,0,0,0,0,0,0,0,2000,0,0,0,22000,20000,2000,2000
041453,國巨元富93購03  ,0,0,0,0,0,0,0,0,0,2000,0,0,0,2000,0,2000,2000
041597,A50正2中信93購01,0,0,0,0,0,0,0,0,0,2000,0,0,0,2000,0,2000,2000
041817,鴻海凱基92購01  ,0,0,0,0,0,0,0,0,0,2000,0,0,0,2000,0,2000,2000
042556,台灣50中信96購04,0,0,0,0,0,0,0,0,0,2000,0,0,0,2000,0,2000,2000
042126,欣興統一92購01  ,0,0,0,0,0,0,0,0,0,2000,0,0,0,10000,8000,2000,2000
042283,南電富邦92購01  ,0,0,0,0,0,0,0,0,0,2000,0,0,0,2000,0,2000,2000
044705,群創元大93購03  ,0,0,0,0,0,0,0,0,0,2000,0,0,0,2000,0,2000,2000
044592,元油2X國票93購02,0,0,0,0,0,0,0,0,0,2000,0,0,0,2000,0,2000,2000
044651,旺宏台新93購01  ,0,0,0,0,0,0,0,0,0,2000,0,0,0,2000,0,2000,2000
042068,台灣50富邦93購02,0,0,0,0,0,0,0,0,0,2000,0,0,0,2000,0,2000,2000
03644C,臺股指元大94牛28,0,0,0,0,0,0,0,0,0,2000,0,0,0,12000,10000,2000,2000
03628C,臺股指元大93牛02,0,0,0,0,0,0,0,0,0,2000,0,0,0,2000,0,2000,2000
03736P,南電元大93售02  ,0,0,0,0,0,0,0,0,0,2000,0,0,0,2000,0,2000,2000
03409P,台積電元大02售26,0,0,0,0,0,0,0,0,0,2000,0,0,0,2000,0,2000,2000
03364P,金像電元大02售05,0,0,0,0,0,0,0,0,0,2000,0,0,0,2000,0,2000,2000
03938P,聯鈞元大93售01  ,0,0,0,0,0,0,0,0,0,2000,0,0,0,2000,0,2000,2000
045230,嘉聯益元大93購01,0,0,0,0,0,0,0,0,0,2000,0,0,0,2000,0,2000,2000
045251,鴻海凱基92購04  ,0,0,0,0,0,0,0,0,0,2000,0,0,0,2000,0,2000,2000
045264,嘉晶凱基92購01  ,0,0,0,0,0,0,0,0,0,2000,0,0,0,2000,0,2000,2000
047114,全新元大94購01  ,0,0,0,0,0,0,0,0,0,2000,0,0,0,10000,8000,2000,2000
046804,群創元大94購01  ,0,0,0,0,0,0,0,0,0,2000,0,0,0,2000,0,2000,2000
046753,台積電凱基93購04,0,0,0,0,0,0,0,0,0,2000,0,0,0,2000,0,2000,2000
046744,元油2X凱基94購01,0,0,0,0,0,0,0,0,0,2000,0,0,0,2000,0,2000,2000
046074,佐登凱基92購01  ,0,0,0,0,0,0,0,0,0,2000,0,0,0,2000,0,2000,2000
046105,同欣電永豐92購02,0,0,0,0,0,0,0,0,0,2000,0,0,0,2000,0,2000,2000
046060,台塑凱基92購01  ,0,0,0,0,0,0,0,0,0,2000,0,0,0,2000,0,2000,2000
046891,南亞科群益93購01,0,0,0,0,0,0,0,0,0,2000,0,0,0,2000,0,2000,2000
045496,鴻海凱基92購07  ,0,0,0,0,0,0,0,0,0,2000,0,0,0,2000,0,2000,2000
050155,華新科群益95購01,0,0,0,0,0,0,0,0,0,2000,0,0,0,19000,17000,2000,2000
050121,南電元大95購02  ,0,0,0,0,0,0,0,0,0,2000,0,0,0,2000,0,2000,2000
050104,元石油元大97購02,0,0,0,0,0,0,0,0,0,2000,0,0,0,2000,0,2000,2000
050079,元油2X統一94購06,0,0,0,0,0,0,0,0,0,2000,0,0,0,2000,0,2000,2000
050074,訊芯凱基94購05  ,0,0,0,0,0,0,0,0,0,2000,0,0,0,2000,0,2000,2000
049930,上海銀元大94購02,0,0,0,0,0,0,0,0,0,2000,0,0,0,6000,4000,2000,2000
050333,鴻海國泰96購06  ,0,0,0,0,0,0,0,0,0,2000,0,0,0,38000,36000,2000,2000
046936,祥碩元富93購01  ,0,0,0,0,0,0,0,0,0,2000,0,0,0,2000,0,2000,2000
046196,欣興凱基92購04  ,0,0,0,0,0,0,0,0,0,2000,0,0,0,20000,18000,2000,2000
046204,致新凱基93購01  ,0,0,0,0,0,0,0,0,0,2000,0,0,0,2000,0,2000,2000
046695,瑞昱凱基93購03  ,0,0,0,0,0,0,0,0,0,2000,0,0,0,2000,0,2000,2000
046302,亞德客元大92購02,0,0,0,0,0,0,0,0,0,2000,0,0,0,2000,0,2000,2000
046455,瑞昱凱基92購03  ,0,0,0,0,0,0,0,0,0,2000,0,0,0,2000,0,2000,2000
046438,群創群益95購01  ,0,0,0,0,0,0,0,0,0,2000,0,0,0,2000,0,2000,2000
048814,上銀凱基94購01  ,0,0,0,0,0,0,0,0,0,2000,0,0,0,2000,0,2000,2000
048684,上海銀富邦93購02,0,0,0,0,0,0,0,0,0,2000,0,0,0,10000,8000,2000,2000
048694,緯穎群益94購01  ,0,0,0,0,0,0,0,0,0,2000,0,0,0,2000,0,2000,2000
048915,國巨台新94購01  ,0,0,0,0,0,0,0,0,0,2000,0,0,0,2000,0,2000,2000
048566,上海銀元大93購04,0,0,0,0,0,0,0,0,0,2000,0,0,0,8000,6000,2000,2000
048558,漢唐元大93購06  ,0,0,0,0,0,0,0,0,0,2000,0,0,0,2000,0,2000,2000
049127,上海銀元富94購01,0,0,0,0,0,0,0,0,0,2000,0,0,0,6000,4000,2000,2000
049293,友訊群益95購01  ,0,0,0,0,0,0,0,0,0,2000,0,0,0,244000,242000,2000,2000
049334,上銀統一94購01  ,0,0,0,0,0,0,0,0,0,2000,0,0,0,2000,0,2000,2000
049229,台化富邦94購01  ,0,0,0,0,0,0,0,0,0,2000,0,0,0,2000,0,2000,2000
049553,鴻海國泰96購02  ,0,0,0,0,0,0,0,0,0,2000,0,0,0,2000,0,2000,2000
051483,玉晶光凱基96購02,0,0,0,0,0,0,0,0,0,2000,0,0,0,9000,7000,2000,2000
051472,台積電凱基95購09,0,0,0,0,0,0,0,0,0,2000,0,0,0,9000,7000,2000,2000
051224,華通群益96購03  ,0,0,0,0,0,0,0,0,0,2000,0,0,0,13000,11000,2000,2000
049189,訊芯康和94購01  ,0,0,0,0,0,0,0,0,0,2000,0,0,0,2000,0,2000,2000
049847,旺宏群益94購04  ,0,0,0,0,0,0,0,0,0,2000,0,0,0,3000,1000,2000,2000
049259,聯發科元大94購04,0,0,0,0,0,0,0,0,0,2000,0,0,0,55000,53000,2000,2000
047703,台積電凱基93購19,0,0,0,0,0,0,0,0,0,2000,0,0,0,32000,30000,2000,2000
047757,達運元富93購01  ,0,0,0,0,0,0,0,0,0,2000,0,0,0,2000,0,2000,2000
047751,玉山金元富93購01,0,0,0,0,0,0,0,0,0,2000,0,0,0,4000,2000,2000,2000
047769,大立光元大96購01,0,0,0,0,0,0,0,0,0,2000,0,0,0,2000,0,2000,2000
048514,嘉澤凱基93購06  ,0,0,0,0,0,0,0,0,0,2000,0,0,0,4000,2000,2000,2000
05111P,台積電統一95售04,0,0,0,0,0,0,0,0,0,2000,0,0,0,2000,0,2000,2000
048944,茂林永豐94購01  ,0,0,0,0,0,0,0,0,0,2000,0,0,0,2000,0,2000,2000
048404,大立光群益93購11,0,0,0,0,0,0,0,0,0,2000,0,0,0,2000,0,2000,2000
048992,昇陽半元大94購02,0,0,0,0,0,0,0,0,0,2000,0,0,0,2000,0,2000,2000
04986P,茂林永豐94售05  ,0,0,0,0,0,0,0,0,0,2000,0,0,0,2000,0,2000,2000
049700,瀚宇博元大97購01,0,0,0,0,0,0,0,0,0,2000,0,0,0,13000,11000,2000,2000
050210,華新科國票94購08,0,0,0,0,0,0,0,0,0,2000,0,0,0,2000,0,2000,2000
050211,貿聯國票95購01  ,0,0,0,0,0,0,0,0,0,2000,0,0,0,2000,0,2000,2000
047532,上海銀元大93購02,0,0,0,0,0,0,0,0,0,2000,0,0,0,2000,0,2000,2000
050761,華通元大94購05  ,0,0,0,0,0,0,0,0,0,2000,0,0,0,12000,10000,2000,2000
050716,可成群益96購01  ,0,0,0,0,0,0,0,0,0,2000,0,0,0,2000,0,2000,2000
050693,鴻海凱基96購05  ,0,0,0,0,0,0,0,0,0,2000,0,0,0,9000,7000,2000,2000
050956,鈺齊群益95購01  ,0,0,0,0,0,0,0,0,0,2000,0,0,0,8000,6000,2000,2000
050634,華新科群益96購01,0,0,0,0,0,0,0,0,0,2000,0,0,0,2000,0,2000,2000
048447,美律凱基93購06  ,0,0,0,0,0,0,0,0,0,2000,0,0,0,2000,0,2000,2000
048467,南電康和93購01  ,0,0,0,0,0,0,0,0,0,2000,0,0,0,2000,0,2000,2000
048426,超眾元富93購01  ,0,0,0,0,0,0,0,0,0,2000,0,0,0,40000,38000,2000,2000
049058,茂林永豐94購02  ,0,0,0,0,0,0,0,0,0,2000,0,0,0,2000,0,2000,2000
049049,玉晶光康和94購02,0,0,0,0,0,0,0,0,0,2000,0,0,0,2000,0,2000,2000
047916,台積電凱基93購22,0,0,0,0,0,0,0,0,0,2000,0,0,0,2000,0,2000,2000
048162,矽力麥證93購01  ,0,0,0,2000,0,2000,0,0,0,2000,0,0,0,2000,0,2000,2000
048134,祥碩國票93購02  ,0,0,0,0,0,0,0,0,0,2000,0,0,0,2000,0,2000,2000
050516,華通元大95購05  ,0,0,0,0,0,0,0,0,0,2000,0,0,0,99000,97000,2000,2000
050517,台積電元大94購27,0,0,0,0,0,0,0,0,0,2000,0,0,0,18000,16000,2000,2000
050877,美律統一95購01  ,0,0,0,0,0,0,0,0,0,2000,0,0,0,2000,0,2000,2000
048086,鴻海凱基93購33  ,0,0,0,0,0,0,0,0,0,2000,0,0,0,7000,5000,2000,2000
048070,聯發科元富99購03,0,0,0,0,0,0,0,0,0,2000,0,0,0,2000,0,2000,2000
048059,欣興國泰95購01  ,0,0,0,0,0,0,0,0,0,2000,0,0,0,25000,23000,2000,2000
048008,聯發科富邦95購02,0,0,0,0,0,0,0,0,0,2000,0,0,0,2000,0,2000,2000
052633,國巨凱基96購05  ,0,0,0,0,0,0,0,0,0,2000,0,0,0,4000,2000,2000,2000
052519,旺宏元大95購05  ,0,0,0,0,0,0,0,0,0,2000,0,0,0,2000,0,2000,2000
052580,高鐵元富96購01  ,0,0,0,0,0,0,0,0,0,2000,0,0,0,2000,0,2000,2000
052327,聯詠中信95購03  ,0,0,0,0,0,0,0,0,0,2000,0,0,0,12000,10000,2000,2000
052345,矽力凱基95購01  ,0,0,0,0,0,0,0,0,0,2000,0,0,0,2000,0,2000,2000
052406,力成凱基95購03  ,0,0,0,0,0,0,0,0,0,2000,0,0,0,3000,1000,2000,2000
05284P,鴻海兆豐95售04  ,0,0,0,0,0,0,0,0,0,2000,0,0,0,5000,3000,2000,2000
053122,美律凱基98購01  ,0,0,0,0,0,0,0,0,0,2000,0,0,0,25000,23000,2000,2000
051560,玉晶光國泰97購03,0,0,0,0,0,0,0,0,0,2000,0,0,0,2000,0,2000,2000
051538,和碩國票96購01  ,0,0,0,0,0,0,0,0,0,2000,0,0,0,2000,0,2000,2000
05158P,華通永豐95售01  ,0,0,0,0,0,0,0,0,0,2000,0,0,0,2000,0,2000,2000
051586,國泰金元大96購01,0,0,0,0,0,0,0,0,0,2000,0,0,0,2000,0,2000,2000
051899,欣興國泰97購01  ,0,0,0,0,0,0,0,0,0,2000,0,0,0,19000,17000,2000,2000
051848,元金2X中信98購02,0,0,0,0,0,0,0,0,0,2000,0,0,0,2000,0,2000,2000
051815,百和凱基96購01  ,0,0,0,0,0,0,0,0,0,2000,0,0,0,2000,0,2000,2000
052281,全新凱基97購01  ,0,0,0,0,0,0,0,0,0,2000,0,0,0,7000,5000,2000,2000
052192,SP黃豆元富95購04,0,0,0,0,0,0,0,0,0,2000,0,0,0,2000,0,2000,2000
052164,啟碁永豐95購01  ,0,0,0,0,0,0,0,0,0,2000,0,0,0,2000,0,2000,2000
052185,奇力新群益95購03,0,0,0,0,0,0,0,0,0,2000,0,0,0,2000,0,2000,2000
052085,聯電元大95購01  ,0,0,0,0,0,0,0,0,0,2000,0,0,0,2000,0,2000,2000
052062,臺股指國票95購09,0,0,0,0,0,0,0,0,0,2000,0,0,0,2000,0,2000,2000
05195P,南茂康和95售01  ,0,0,0,0,0,0,0,0,0,2000,0,0,0,2000,0,2000,2000
053650,華邦電凱基98購01,0,0,0,0,0,0,0,0,0,2000,0,0,0,2000,0,2000,2000
053662,矽力凱基97購01  ,0,0,0,0,0,0,0,0,0,2000,0,0,0,2000,0,2000,2000
053656,可成凱基96購06  ,0,0,0,0,0,0,0,0,0,2000,0,0,0,8000,6000,2000,2000
053634,劍麟永豐96購01  ,0,0,0,0,0,0,0,0,0,2000,0,0,0,2000,0,2000,2000
053780,南亞科元大96購03,0,0,0,0,0,0,0,0,0,2000,0,0,0,4000,2000,2000,2000
053745,康友國票97購01  ,0,0,0,0,0,0,0,0,0,2000,0,0,0,2000,0,2000,2000
053313,世紀鋼凱基96購01,0,0,0,0,0,0,0,0,0,2000,0,0,0,2000,0,2000,2000
053314,A50正2群益9A購01,0,0,0,0,0,0,0,0,0,2000,0,0,0,4000,2000,2000,2000
053275,燿華元大97購01  ,0,0,0,0,0,0,0,0,0,2000,0,0,0,31000,29000,2000,2000
053138,華邦電富邦96購01,0,0,0,0,0,0,0,0,0,2000,0,0,0,2000,0,2000,2000
054311,世芯凱基96購02  ,0,0,0,0,0,0,0,0,0,2000,0,0,0,7000,5000,2000,2000
054292,欣興元大96購06  ,0,0,0,0,0,0,0,0,0,2000,0,0,0,43000,41000,2000,2000
054236,貿聯群益96購01  ,0,0,0,0,0,0,0,0,0,2000,0,0,0,22000,20000,2000,2000
053936,旺宏元富96購04  ,0,0,0,0,0,0,0,0,0,2000,0,0,0,2000,0,2000,2000
053914,國巨國票96購08  ,0,0,0,0,0,0,0,0,0,2000,0,0,0,2000,0,2000,2000
053967,華邦電元大96購03,0,0,0,0,0,0,0,0,0,2000,0,0,0,3000,1000,2000,2000
054353,世紀鋼國泰98購01,0,0,0,0,0,0,0,0,0,2000,0,0,0,2000,0,2000,2000
054495,滬深2X永豐97購02,0,0,0,0,0,0,0,0,0,2000,0,0,0,2000,0,2000,2000
054533,泰碩國泰98購01  ,0,0,0,0,0,0,0,0,0,2000,0,0,0,2000,0,2000,2000
05468P,鴻海元大96售14  ,0,0,0,0,0,0,0,0,0,2000,0,0,0,3000,1000,2000,2000
054695,世芯永豐98購01  ,0,0,0,0,0,0,0,0,0,2000,0,0,0,13000,11000,2000,2000
2701,萬企            ,1000,0,1000,0,0,0,0,0,0,0,0,0,0,0,0,0,1000
2739,寒舍            ,1000,0,1000,0,0,0,0,0,0,0,0,0,0,0,0,0,1000
2516,新建            ,1000,0,1000,0,0,0,0,0,0,0,0,0,0,0,0,0,1000
2891B,中信金乙特      ,0,0,0,0,0,0,0,0,0,1000,1000,0,1000,0,0,0,1000
2936,客思達-KY       ,1000,0,1000,0,0,0,0,0,0,0,0,0,0,0,0,0,1000
2882B,國泰金乙特      ,0,0,0,0,0,0,0,0,0,1000,1000,0,1000,0,0,0,1000
3046,建碁            ,1000,0,1000,0,0,0,0,0,0,0,0,0,0,0,0,0,1000
3021,鴻名            ,1000,0,1000,0,0,0,0,0,0,0,0,0,0,0,0,0,1000
3591,艾笛森          ,2000,0,2000,0,0,0,0,0,0,-1000,0,1000,-1000,0,0,0,1000
3528,安馳            ,1000,0,1000,0,0,0,0,0,0,0,0,0,0,0,0,0,1000
3432,台端            ,1000,0,1000,0,0,0,0,0,0,0,0,0,0,0,0,0,1000
4764,雙鍵            ,3000,2000,1000,0,0,0,0,0,0,0,0,0,0,0,0,0,1000
4576,大銀微系統      ,4000,3000,1000,0,0,0,0,0,0,0,0,0,0,0,0,0,1000
4562,穎漢            ,2000,1000,1000,0,0,0,0,0,0,0,0,0,0,0,0,0,1000
4930,燦星網          ,1000,0,1000,0,0,0,0,0,0,0,0,0,0,0,0,0,1000
4912,聯德控股-KY     ,3000,2000,1000,0,0,0,0,0,0,0,0,0,0,0,0,0,1000
4942,嘉彰            ,77000,83000,-6000,0,0,0,7000,0,7000,0,0,0,0,0,0,0,1000
4439,冠星-KY         ,1000,0,1000,0,0,0,0,0,0,0,0,0,0,0,0,0,1000
4555,氣立            ,1000,0,1000,0,0,0,0,0,0,0,0,0,0,0,0,0,1000
4144,康聯-KY         ,7000,6000,1000,0,0,0,0,0,0,0,0,0,0,0,0,0,1000
4133,亞諾法          ,2000,1000,1000,0,0,0,0,0,0,0,0,0,0,0,0,0,1000
6215,和椿            ,3000,2000,1000,0,0,0,0,0,0,0,0,0,0,0,0,0,1000
5525,順天            ,6000,5000,1000,0,0,0,0,0,0,0,0,0,0,0,0,0,1000
5284,jpp-KY          ,2000,1000,1000,0,0,0,0,0,0,0,0,0,0,0,0,0,1000
6166,凌華            ,51000,41000,10000,0,0,0,0,1000,-1000,-8000,0,0,0,0,8000,-8000,1000
9929,秋雨            ,1000,0,1000,0,0,0,0,0,0,0,0,0,0,0,0,0,1000
9906,欣巴巴          ,3000,2000,1000,0,0,0,0,0,0,0,0,0,0,0,0,0,1000
8442,威宏-KY         ,1000,0,1000,0,0,0,0,0,0,0,0,0,0,0,0,0,1000
8222,寶一            ,1000,0,1000,0,0,0,0,0,0,0,0,0,0,0,0,0,1000
8201,無敵            ,1000,0,1000,0,0,0,0,0,0,0,0,0,0,0,0,0,1000
06084P,宏達電元富97售02,0,0,0,0,0,0,0,0,0,1000,0,0,0,1000,0,1000,1000
06072P,牧德永豐97售01  ,0,0,0,0,0,0,0,0,0,1000,0,0,0,1000,0,1000,1000
06237P,台積電元大97售26,0,0,0,0,0,0,0,0,0,1000,0,0,0,1000,0,1000,1000
1423,利華            ,1000,0,1000,0,0,0,0,0,0,0,0,0,0,0,0,0,1000
1432,大魯閣          ,1000,0,1000,0,0,0,0,0,0,0,0,0,0,0,0,0,1000
1235,興泰            ,1000,0,1000,0,0,0,0,0,0,0,0,0,0,0,0,0,1000
1903,士紙            ,1000,0,1000,0,0,0,0,0,0,0,0,0,0,0,0,0,1000
2115,六暉-KY         ,1000,0,1000,0,0,0,0,0,0,0,0,0,0,0,0,0,1000
1533,車王電          ,2000,1000,1000,0,0,0,0,0,0,0,0,0,0,0,0,0,1000
2468,華經            ,8000,7000,1000,0,0,0,0,0,0,0,0,0,0,0,0,0,1000
2413,環科            ,7000,6000,1000,0,0,0,0,0,0,0,0,0,0,0,0,0,1000
055309,冠德群益97購01  ,0,0,0,0,0,0,0,0,0,1000,0,0,0,13000,12000,1000,1000
055302,達方元大97購01  ,0,0,0,0,0,0,0,0,0,1000,0,0,0,1000,0,1000,1000
05540P,亞德客凱基96售01,0,0,0,0,0,0,0,0,0,1000,0,0,0,30000,29000,1000,1000
054820,新日興元大97購01,0,0,0,0,0,0,0,0,0,1000,0,0,0,38000,37000,1000,1000
055005,晶相光元富97購01,0,0,0,0,0,0,0,0,0,1000,0,0,0,1000,0,1000,1000
054991,南亞科元富97購01,0,0,0,0,0,0,0,0,0,1000,0,0,0,2000,1000,1000,1000
05599P,欣興台新96售01  ,0,0,0,0,0,0,0,0,0,1000,0,0,0,16000,15000,1000,1000
055965,泰鼎元大97購03  ,0,0,0,0,0,0,0,0,0,1000,0,0,0,17000,16000,1000,1000
05616P,台光電永豐96售01,0,0,0,0,0,0,0,0,0,1000,0,0,0,1000,0,1000,1000
05698P,群創凱基96售01  ,0,0,0,0,0,0,0,0,0,1000,0,0,0,1000,0,1000,1000
05745P,富邦金兆豐96售02,0,0,0,0,0,0,0,0,0,1000,0,0,0,1000,0,1000,1000
05756P,臺股指中信99售05,0,0,0,0,0,0,0,0,0,1000,0,0,0,1000,0,1000,1000
05816P,台積電凱基97售07,0,0,0,0,0,0,0,0,0,1000,0,0,0,20000,19000,1000,1000
05917P,宏達電元大96售02,0,0,0,0,0,0,0,0,0,1000,0,0,0,1000,0,1000,1000
05944P,富邦金中信96售01,0,0,0,0,0,0,0,0,0,1000,0,0,0,1000,0,1000,1000
05929P,宏達電康和96售01,0,0,0,0,0,0,0,0,0,1000,0,0,0,1000,0,1000,1000
05926P,智易永豐96售02  ,0,0,0,0,0,0,0,0,0,1000,0,0,0,1000,0,1000,1000
055471,聯發科凱基97購04,0,0,0,0,0,0,0,0,0,1000,0,0,0,25000,24000,1000,1000
05573P,仁寶元富96售02  ,0,0,0,0,0,0,0,0,0,1000,0,0,0,1000,0,1000,1000
055701,亞德客富邦99購01,0,0,0,0,0,0,0,0,0,1000,0,0,0,128000,127000,1000,1000
055692,緯穎凱基97購03  ,0,0,0,0,0,0,0,0,0,1000,0,0,0,1000,0,1000,1000
046550,燿華日盛92購01  ,0,0,0,0,0,0,0,0,0,1000,0,0,0,2000,1000,1000,1000
046570,旺宏國泰94購01  ,0,0,0,0,0,0,0,0,0,1000,0,0,0,1000,0,1000,1000
046603,貿聯群益93購01  ,0,0,0,0,0,0,0,0,0,1000,0,0,0,1000,0,1000,1000
046459,大立光凱基92購12,0,0,0,0,0,0,0,0,0,1000,0,0,0,1000,0,1000,1000
046383,群創凱基98購01  ,0,0,0,0,0,0,0,0,0,1000,0,0,0,1000,0,1000,1000
046315,淘帝元大92購01  ,0,0,0,0,0,0,0,0,0,1000,0,0,0,1000,0,1000,1000
046360,儒鴻永豐92購01  ,0,0,0,0,0,0,0,0,0,1000,0,0,0,1000,0,1000,1000
046343,和鑫國票93購02  ,0,0,0,0,0,0,0,0,0,1000,0,0,0,1000,0,1000,1000
046346,旺宏兆豐92購02  ,0,0,0,0,0,0,0,0,0,1000,0,0,0,1000,0,1000,1000
046950,隆達元大93購01  ,0,0,0,0,0,0,0,0,0,1000,0,0,0,5000,4000,1000,1000
05031P,台光電元富95售01,0,0,0,0,0,0,0,0,0,1000,0,0,0,1000,0,1000,1000
050351,華新科群益95購02,0,0,0,0,0,0,0,0,0,1000,0,0,0,1000,0,1000,1000
050358,致新群益94購01  ,0,0,0,0,0,0,0,0,0,1000,0,0,0,1000,0,1000,1000
050367,鴻海元大94購20  ,0,0,0,0,0,0,0,0,0,1000,0,0,0,176000,175000,1000,1000
049945,樺漢第一94購01  ,0,0,0,0,0,0,0,0,0,1000,0,0,0,1000,0,1000,1000
049927,健策元大94購02  ,0,0,0,0,0,0,0,0,0,1000,0,0,0,1000,0,1000,1000
050059,旺宏凱基94購03  ,0,0,0,0,0,0,0,0,0,1000,0,0,0,6000,5000,1000,1000
050045,祥碩兆豐94購01  ,0,0,0,0,0,0,0,0,0,1000,0,0,0,1000,0,1000,1000
04544P,欣興富邦96售02  ,0,0,0,0,0,0,0,0,0,1000,0,0,0,1000,0,1000,1000
045085,新日興元大92購01,0,0,0,0,0,0,0,0,0,1000,0,0,0,1000,0,1000,1000
046816,智邦凱基93購02  ,0,0,0,0,0,0,0,0,0,1000,0,0,0,1000,0,1000,1000
047028,新日興元大93購02,0,0,0,0,0,0,0,0,0,1000,0,0,0,2000,1000,1000,1000
047051,可成國票94購01  ,0,0,0,0,0,0,0,0,0,1000,0,0,0,6000,5000,1000,1000
04711P,台光電元大94售05,0,0,0,0,0,0,0,0,0,1000,0,0,0,1000,0,1000,1000
047112,聯發科元大93購11,0,0,0,0,0,0,0,0,0,1000,0,0,0,1000,0,1000,1000
04534P,臻鼎元富94售03  ,0,0,0,0,0,0,0,0,0,1000,0,0,0,1000,0,1000,1000
045960,聯發科凱基92購01,0,0,0,0,0,0,0,0,0,1000,0,0,0,1000,0,1000,1000
046049,臺股指元大93購19,0,0,0,0,0,0,0,0,0,1000,0,0,0,1000,0,1000,1000
046039,新日興元大92購02,0,0,0,0,0,0,0,0,0,1000,0,0,0,1000,0,1000,1000
045993,美律富邦93購01  ,0,0,0,0,0,0,0,0,0,1000,0,0,0,1000,0,1000,1000
03798P,台光電元大93售02,0,0,0,0,0,0,0,0,0,1000,0,0,0,1000,0,1000,1000
03368P,臺股指元大02售11,0,0,0,0,0,0,0,0,0,1000,0,0,0,1000,0,1000,1000
03415B,臺股指元大93熊49,0,0,0,0,0,0,0,0,0,1000,0,0,0,60000,59000,1000,1000
03523P,南電元大02售09  ,0,0,0,0,0,0,0,0,0,1000,0,0,0,1000,0,1000,1000
03645C,臺股指凱基96牛27,0,0,0,0,0,0,0,0,0,1000,0,0,0,3000,2000,1000,1000
044574,潤泰全凱基93購01,0,0,0,0,0,0,0,0,0,1000,0,0,0,1000,0,1000,1000
042287,台灣50元大93購10,0,0,0,0,0,0,0,0,0,1000,0,0,0,1000,0,1000,1000
042784,上銀兆豐93購01  ,0,0,0,0,0,0,0,0,0,1000,0,0,0,1000,0,1000,1000
03038X,元展35          ,0,0,0,0,0,0,0,0,0,1000,0,0,0,1000,0,1000,1000
03177P,國巨群益01售12  ,0,0,0,0,0,0,0,0,0,1000,0,0,0,1000,0,1000,1000
03152P,聯發科群益01售15,0,0,0,0,0,0,0,0,0,1000,0,0,0,1000,0,1000,1000
04116P,京元電元大94售02,0,0,0,0,0,0,0,0,0,1000,0,0,0,1000,0,1000,1000
04102P,臺股指國票93售09,0,0,0,0,0,0,0,0,0,1000,0,0,0,33000,32000,1000,1000
00663L,國泰臺灣加權正2 ,0,0,0,0,0,0,0,0,0,1000,0,0,0,11000,10000,1000,1000
03969P,華新科國票94售01,0,0,0,0,0,0,0,0,0,1000,0,0,0,1000,0,1000,1000
01004T,土銀富邦R2      ,0,1000,-1000,0,0,0,0,0,0,2000,2000,0,2000,0,0,0,1000
00774B,新光中國政金綠債,0,0,0,0,0,0,0,0,0,1000,0,0,0,3000,2000,1000,1000
044382,嘉聯益群益94購01,0,0,0,0,0,0,0,0,0,1000,0,0,0,12000,11000,1000,1000
043174,元翎國泰93購01  ,0,0,0,0,0,0,0,0,0,1000,0,0,0,1000,0,1000,1000
044403,新日興凱基92購01,0,0,0,0,0,0,0,0,0,1000,0,0,0,1000,0,1000,1000
044247,道瓊反元富97購01,0,0,0,0,0,0,0,0,0,1000,0,0,0,2000,1000,1000,1000
047458,聯發科群益93購08,0,0,0,0,0,0,0,0,0,1000,0,0,0,1000,0,1000,1000
047436,台積電元大94購02,0,0,0,0,0,0,0,0,0,1000,0,0,0,1000,0,1000,1000
047420,全新富邦97購01  ,0,0,0,0,0,0,0,0,0,1000,0,0,0,1000,0,1000,1000
045763,南亞科統一93購01,0,0,0,0,0,0,0,0,0,1000,0,0,0,30000,29000,1000,1000
047313,華新科元大93購08,0,0,0,0,0,0,0,0,0,1000,0,0,0,1000,0,1000,1000
047309,鴻海元大93購13  ,0,0,0,0,0,0,0,0,0,1000,0,0,0,1000,0,1000,1000
047349,可成凱基93購06  ,0,0,0,0,0,0,0,0,0,1000,0,0,0,2000,1000,1000,1000
044966,台表科中信94購01,0,0,0,0,0,0,0,0,0,1000,0,0,0,1000,0,1000,1000
043772,國巨兆豐92購01  ,0,0,0,0,0,0,0,0,0,1000,0,0,0,1000,0,1000,1000
047131,鴻海凱基94購03  ,0,0,0,0,0,0,0,0,0,1000,0,0,0,1000,0,1000,1000
047231,大立光凱基95購03,0,0,0,0,0,0,0,0,0,1000,0,0,0,12000,11000,1000,1000
04811P,上銀元大94售02  ,0,0,0,0,0,0,0,0,0,1000,0,0,0,1000,0,1000,1000
04809P,台光電群益94售04,0,0,0,0,0,0,0,0,0,1000,0,0,0,1000,0,1000,1000
047588,大立光永豐94購01,0,0,0,0,0,0,0,0,0,1000,0,0,0,1000,0,1000,1000
05086P,鴻海凱基95售13  ,0,0,0,0,0,0,0,0,0,1000,0,0,0,1000,0,1000,1000
050918,南亞科日盛95購01,0,0,0,0,0,0,0,0,0,1000,0,0,0,5000,4000,1000,1000
050934,喬山國票96購01  ,0,0,0,0,0,0,0,0,0,1000,0,0,0,1000,0,1000,1000
050510,元油2X元大94購10,0,0,0,0,0,0,0,0,0,1000,0,0,0,1000,0,1000,1000
048139,南電國票94購02  ,0,0,0,0,0,0,0,0,0,1000,0,0,0,1000,0,1000,1000
047879,台積電中信93購04,0,0,0,0,0,0,0,0,0,1000,0,0,0,1000,0,1000,1000
047870,嘉澤永豐93購02  ,0,0,0,0,0,0,0,0,0,1000,0,0,0,4000,3000,1000,1000
048303,A50凱基96購01   ,0,0,0,0,0,0,0,0,0,1000,0,0,0,2000,1000,1000,1000
048649,瀚宇博元大93購05,0,0,0,0,0,0,0,0,0,1000,0,0,0,16000,15000,1000,1000
047942,華新科國票94購04,0,0,0,0,0,0,0,0,0,1000,0,0,0,1000,0,1000,1000
050601,台表科國泰96購01,0,0,0,0,0,0,0,0,0,1000,0,0,0,1000,0,1000,1000
049883,台表科永豐94購02,0,0,0,0,0,0,0,0,0,1000,0,0,0,1000,0,1000,1000
048336,光磊元大93購02  ,0,0,0,0,0,0,0,0,0,1000,0,0,0,49000,48000,1000,1000
050176,正崴元大94購03  ,0,0,0,0,0,0,0,0,0,1000,0,0,0,1000,0,1000,1000
049672,臺股指富邦94購01,0,0,0,0,0,0,0,0,0,1000,0,0,0,1000,0,1000,1000
048951,宏全永豐94購01  ,0,0,0,0,0,0,0,0,0,1000,0,0,0,3000,2000,1000,1000
049267,瀚宇博元大95購02,0,0,0,0,0,0,0,0,0,1000,0,0,0,2000,1000,1000,1000
05028P,康控永豐95售02  ,0,0,0,0,0,0,0,0,0,1000,0,0,0,1000,0,1000,1000
049199,茂林永豐95購01  ,0,0,0,0,0,0,0,0,0,1000,0,0,0,1000,0,1000,1000
051239,國巨元大96購02  ,0,0,0,0,0,0,0,0,0,1000,0,0,0,1000,0,1000,1000
051162,楠梓電元大95購01,0,0,0,0,0,0,0,0,0,1000,0,0,0,1000,0,1000,1000
05130P,聯發科統一95售03,0,0,0,0,0,0,0,0,0,1000,0,0,0,5000,4000,1000,1000
051284,上銀統一95購02  ,0,0,0,0,0,0,0,0,0,1000,0,0,0,1000,0,1000,1000
051451,世芯元大95購03  ,0,0,0,0,0,0,0,0,0,1000,0,0,0,1000,0,1000,1000
05146P,鴻海元大95售10  ,0,0,0,0,0,0,0,0,0,1000,0,0,0,152000,151000,1000,1000
049574,新日興統一94購03,0,0,0,0,0,0,0,0,0,1000,0,0,0,1000,0,1000,1000
049583,台積電元大95購04,0,0,0,0,0,0,0,0,0,1000,0,0,0,5000,4000,1000,1000
049497,茂林元大94購04  ,0,0,0,0,0,0,0,0,0,1000,0,0,0,1000,0,1000,1000
049382,牧德元大94購04  ,0,0,0,0,0,0,0,0,0,1000,0,0,0,1000,0,1000,1000
049306,元油2X凱基96購01,0,0,0,0,0,0,0,0,0,1000,0,0,0,1000,0,1000,1000
049307,上銀凱基94購03  ,0,0,0,0,0,0,0,0,0,1000,0,0,0,1000,0,1000,1000
049730,滬深2X群益94購02,0,0,0,0,0,0,0,0,0,1000,0,0,0,1000,0,1000,1000
04915P,鴻海永昌96售02  ,0,0,0,0,0,0,0,0,0,1000,0,0,0,2000,1000,1000,1000
049123,可成元富94購01  ,0,0,0,0,0,0,0,0,0,1000,0,0,0,1000,0,1000,1000
050423,鴻海凱基96購02  ,0,0,0,0,0,0,0,0,0,1000,0,0,0,1000,0,1000,1000
048560,聯發科元大94購01,0,0,0,0,0,0,0,0,0,1000,0,0,0,1000,0,1000,1000
048911,玉晶光富邦96購01,0,0,0,0,0,0,0,0,0,1000,0,0,0,1000,0,1000,1000
049101,聯詠國泰95購01  ,0,0,0,0,0,0,0,0,0,1000,0,0,0,1000,0,1000,1000
048792,瑞儀元大94購01  ,0,0,0,0,0,0,0,0,0,1000,0,0,0,1000,0,1000,1000
048886,慧洋元富94購01  ,0,0,0,0,0,0,0,0,0,1000,0,0,0,2000,1000,1000,1000
048892,台郡元富97購01  ,0,0,0,0,0,0,0,0,0,1000,0,0,0,5000,4000,1000,1000
048874,玉晶光國票96購01,0,0,0,0,0,0,0,0,0,1000,0,0,0,2000,1000,1000,1000
054547,鴻海凱基98購02  ,0,0,0,0,0,0,0,0,0,1000,0,0,0,7000,6000,1000,1000
054472,道瓊反中信9A購01,0,0,0,0,0,0,0,0,0,1000,0,0,0,4000,3000,1000,1000
054415,奇力新元大96購06,0,0,0,0,0,0,0,0,0,1000,0,0,0,21000,20000,1000,1000
053934,A50正2元富96購02,0,0,0,0,0,0,0,0,0,1000,0,0,0,2000,1000,1000,1000
054091,晶豪科群益96購01,0,0,0,0,0,0,0,0,0,1000,0,0,0,1000,0,1000,1000
054113,奇力新台新97購01,0,0,0,0,0,0,0,0,0,1000,0,0,0,4000,3000,1000,1000
05406P,台光電凱基95售02,0,0,0,0,0,0,0,0,0,1000,0,0,0,1000,0,1000,1000
054220,國巨統一97購02  ,0,0,0,0,0,0,0,0,0,1000,0,0,0,1000,0,1000,1000
054231,國巨群益98購03  ,0,0,0,0,0,0,0,0,0,1000,0,0,0,1000,0,1000,1000
05431P,台光電統一97售01,0,0,0,0,0,0,0,0,0,1000,0,0,0,1000,0,1000,1000
054209,台積電國票97購08,0,0,0,0,0,0,0,0,0,1000,0,0,0,11000,10000,1000,1000
054143,茂林元大96購04  ,0,0,0,0,0,0,0,0,0,1000,0,0,0,7000,6000,1000,1000
053129,緯穎凱基96購01  ,0,0,0,0,0,0,0,0,0,1000,0,0,0,1000,0,1000,1000
053272,鴻海元大96購17  ,0,0,0,0,0,0,0,0,0,1000,0,0,0,1000,0,1000,1000
053320,華新科群益97購01,0,0,0,0,0,0,0,0,0,1000,0,0,0,1000,0,1000,1000
053285,臺股指元大96購08,0,0,0,0,0,0,0,0,0,1000,0,0,0,1000,0,1000,1000
053477,大立光元大97購03,0,0,0,0,0,0,0,0,0,1000,0,0,0,18000,17000,1000,1000
053786,新日興元大96購02,0,0,0,0,0,0,0,0,0,1000,0,0,0,1000,0,1000,1000
053836,亞光永豐96購02  ,0,0,0,0,0,0,0,0,0,1000,0,0,0,5000,4000,1000,1000
053878,台表科亞東96購01,0,0,0,0,0,0,0,0,0,1000,0,0,0,1000,0,1000,1000
053873,力成元大96購03  ,0,0,0,0,0,0,0,0,0,1000,0,0,0,5000,4000,1000,1000
053620,臺股指群益96購06,0,0,0,0,0,0,0,0,0,1000,0,0,0,1000,0,1000,1000
053560,漢唐國泰98購01  ,0,0,0,0,0,0,0,0,0,1000,0,0,0,1000,0,1000,1000
052034,臺股指群益95購07,0,0,0,0,0,0,0,0,0,1000,0,0,0,4000,3000,1000,1000
052025,國巨群益96購01  ,0,0,0,0,0,0,0,0,0,1000,0,0,0,1000,0,1000,1000
05218P,大立光永昌96售04,0,0,0,0,0,0,0,0,0,1000,0,0,0,1320000,1319000,1000,1000
052143,鴻海群益95購09  ,0,0,0,0,0,0,0,0,0,1000,0,0,0,1000,0,1000,1000
051817,元金2X統一95購01,0,0,0,0,0,0,0,0,0,1000,0,0,0,6000,5000,1000,1000
051823,矽力元富95購02  ,0,0,0,0,0,0,0,0,0,1000,0,0,0,1000,0,1000,1000
051808,美律凱基96購02  ,0,0,0,0,0,0,0,0,0,1000,0,0,0,1000,0,1000,1000
051747,貿聯國泰96購01  ,0,0,0,0,0,0,0,0,0,1000,0,0,0,7000,6000,1000,1000
051561,玉晶光國泰97購04,0,0,0,0,0,0,0,0,0,1000,0,0,0,1000,0,1000,1000
05151P,台光電群益95售02,0,0,0,0,0,0,0,0,0,1000,0,0,0,1000,0,1000,1000
05307P,光寶科中信95售01,0,0,0,0,0,0,0,0,0,1000,0,0,0,1000,0,1000,1000
052991,台積電台新96購01,0,0,0,0,0,0,0,0,0,1000,0,0,0,1000,0,1000,1000
053000,臺股指康和96購02,0,0,0,0,0,0,0,0,0,1000,0,0,0,1000,0,1000,1000
052880,台積電凱基96購06,0,0,0,0,0,0,0,0,0,1000,0,0,0,31000,30000,1000,1000
05235P,健鼎康和95售02  ,0,0,0,0,0,0,0,0,0,1000,0,0,0,1000,0,1000,1000
052302,鴻海永豐95購06  ,0,0,0,0,0,0,0,0,0,1000,0,0,0,1000,0,1000,1000
052379,鈺齊元大95購04  ,0,0,0,0,0,0,0,0,0,1000,0,0,0,1000,0,1000,1000
2348,海悅            ,4000,1000,3000,0,0,0,0,23,-23,-2000,0,2000,-2000,0,0,0,977
2477,美隆電          ,6000,6000,0,0,0,0,0,0,0,0,0,0,0,0,0,0,0
2433,互盛電          ,2000,5000,-3000,0,0,0,0,1000,-1000,4000,4000,0,4000,0,0,0,0
1466,聚隆            ,2000,2000,0,0,0,0,0,0,0,0,0,0,0,0,0,0,0
1708,東鹼            ,1000,1000,0,0,0,0,0,0,0,0,0,0,0,0,0,0,0
1568,倉佑            ,3000,3000,0,0,0,0,0,0,0,0,0,0,0,0,0,0,0
2032,新鋼            ,1000,1000,0,0,0,0,0,0,0,0,0,0,0,0,0,0,0
08991P,玉晶光元大01售06,0,0,0,0,0,0,0,0,0,0,0,0,0,260000,260000,0,0
1441,大東            ,3000,3000,0,0,0,0,0,0,0,0,0,0,0,0,0,0,0
06198P,台積電元大98售06,0,0,0,0,0,0,0,0,0,0,0,0,0,12000,12000,0,0
06224P,可成元富97售02  ,0,0,0,0,0,0,0,0,0,0,0,0,0,5000,5000,0,0
06212P,華新科元大97售11,0,0,0,0,0,0,0,0,0,0,0,0,0,18000,18000,0,0
06330P,南亞科群益97售03,0,0,0,0,0,0,0,0,0,0,0,0,0,80000,80000,0,0
06331P,南亞科群益97售04,0,0,0,0,0,0,0,0,0,0,0,0,0,80000,80000,0,0
06339P,上銀統一97售06  ,0,0,0,0,0,0,0,0,0,0,0,0,0,1000,1000,0,0
06041P,全新永豐96售03  ,0,0,0,0,0,0,0,0,0,0,0,0,0,46000,46000,0,0
05989P,健策元富96售01  ,0,0,0,0,0,0,0,0,0,0,0,0,0,110000,110000,0,0
06110P,國巨國泰98售02  ,0,0,0,0,0,0,0,0,0,0,0,0,0,100000,100000,0,0
06206P,台積電凱基97售11,0,0,0,0,0,0,0,0,0,0,0,0,0,4000,4000,0,0
06158P,玉晶光元富97售08,0,0,0,0,0,0,0,0,0,0,0,0,0,30000,30000,0,0
06174P,國巨元大97售07  ,0,0,0,0,0,0,0,0,0,0,0,0,0,10000,10000,0,0
8478,東哥遊艇        ,3000,3000,0,0,0,0,0,0,0,0,0,0,0,0,0,0,0
8480,泰昇-KY         ,14000,14000,0,0,0,0,0,0,0,0,0,0,0,0,0,0,0
9943,好樂迪          ,1000,1000,0,0,0,0,0,0,0,0,0,0,0,0,0,0,0
6655,科定            ,1000,1000,0,0,0,0,0,0,0,0,0,0,0,0,0,0,0
6573,虹揚-KY         ,1000,1000,0,0,0,0,0,0,0,0,0,0,0,0,0,0,0
4545,銘鈺            ,1000,1000,0,0,0,0,0,0,0,0,0,0,0,0,0,0,0
4952,凌通            ,2000,2000,0,0,0,0,0,0,0,0,0,0,0,0,0,0,0
3027,盛達            ,2000,2000,0,0,0,0,0,0,0,0,0,0,0,0,0,0,0
2901,欣欣            ,1000,1000,0,0,0,0,0,0,0,0,0,0,0,0,0,0,0
2911,麗嬰房          ,3000,3000,0,0,0,0,0,0,0,0,0,0,0,0,0,0,0
2546,根基            ,1000,1000,0,0,0,0,0,0,0,0,0,0,0,0,0,0,0
2538,基泰            ,36000,36000,0,0,0,0,0,0,0,0,0,0,0,0,0,0,0
2704,國賓            ,105000,105000,0,0,0,0,0,0,0,0,0,0,0,0,0,0,0
055669,緯穎群益97購02  ,0,0,0,0,0,0,0,0,0,0,0,0,0,4000,4000,0,0
055707,聯鈞永豐98購01  ,0,0,0,0,0,0,0,0,0,0,0,0,0,6000,6000,0,0
055738,玉山金元富97購01,0,0,0,0,0,0,0,0,0,0,0,0,0,1000,1000,0,0
055721,聯詠元大97購04  ,0,0,0,0,0,0,0,0,0,0,0,0,0,10000,10000,0,0
055782,新日興凱基99購01,0,0,0,0,0,0,0,0,0,0,0,0,0,12000,12000,0,0
055829,上銀元大97購06  ,0,0,0,0,0,0,0,0,0,0,0,0,0,4000,4000,0,0
055820,矽力國票98購02  ,0,0,0,0,0,0,0,0,0,0,0,0,0,3000,3000,0,0
055850,聯詠元大97購06  ,0,0,0,0,0,0,0,0,0,0,0,0,0,3000,3000,0,0
055849,聯詠元大97購05  ,0,0,0,0,0,0,0,0,0,0,0,0,0,3000,3000,0,0
055843,美律元大97購02  ,0,0,0,0,0,0,0,0,0,0,0,0,0,8000,8000,0,0
055860,啟碁元大97購04  ,0,0,0,0,0,0,0,0,0,0,0,0,0,19000,19000,0,0
055484,華通元大97購04  ,0,0,0,0,0,0,0,0,0,0,0,0,0,9000,9000,0,0
055470,南亞科凱基97購01,0,0,0,0,0,0,0,0,0,0,0,0,0,92000,92000,0,0
055493,華新科元大97購09,0,0,0,0,0,0,0,0,0,0,0,0,0,17000,17000,0,0
055536,嘉聯益群益99購02,0,0,0,0,0,0,0,0,0,0,0,0,0,30000,30000,0,0
055554,聯發科凱基97購06,0,0,0,0,0,0,0,0,0,0,0,0,0,21000,21000,0,0
055528,華邦電群益97購01,0,0,0,0,0,0,0,0,0,0,0,0,0,10000,10000,0,0
055516,上銀中信97購01  ,0,0,0,0,0,0,0,0,0,0,0,0,0,10000,10000,0,0
055619,同欣電國票98購02,0,0,0,0,0,0,0,0,0,0,0,0,0,22000,22000,0,0
055562,欣興凱基97購06  ,0,0,0,0,0,0,0,0,0,0,0,0,0,15000,15000,0,0
055601,茂林元大97購03  ,0,0,0,0,0,0,0,0,0,0,0,0,0,5000,5000,0,0
055592,奇力新元大97購07,0,0,0,0,0,0,0,0,0,0,0,0,0,22000,22000,0,0
055590,聯發科元大98購02,0,0,0,0,0,0,0,0,0,0,0,0,0,19000,19000,0,0
05865P,大立光元大96售09,0,0,0,0,0,0,0,0,0,0,0,0,0,200000,200000,0,0
05845P,大立光元大96售06,0,0,0,0,0,0,0,0,0,0,0,0,0,200000,200000,0,0
05846P,大立光元大96售07,0,0,0,0,0,0,0,0,0,0,0,0,0,225000,225000,0,0
05824P,臺股指凱基96售21,0,0,0,0,0,0,0,0,0,0,0,0,0,50000,50000,0,0
05710P,禾伸堂國票97售02,0,0,0,0,0,0,0,0,0,0,0,0,0,10000,10000,0,0
05696P,南亞科凱基96售01,0,0,0,0,0,0,0,0,0,0,0,0,0,80000,80000,0,0
055963,欣興元大97購04  ,0,0,0,0,0,0,0,0,0,0,0,0,0,74000,74000,0,0
055957,瑞昱元大97購06  ,0,0,0,0,0,0,0,0,0,0,0,0,0,26000,26000,0,0
055925,上銀群益97購01  ,0,0,0,0,0,0,0,0,0,0,0,0,0,4000,4000,0,0
055953,上銀元大97購09  ,0,0,0,0,0,0,0,0,0,0,0,0,0,2000,2000,0,0
055934,景碩群益98購03  ,0,0,0,0,0,0,0,0,0,0,0,0,0,2000,2000,0,0
056017,台積電群益97購04,0,0,0,0,0,0,0,0,0,0,0,0,0,14000,14000,0,0
05601P,鴻海元大97售04  ,0,0,0,0,0,0,0,0,0,0,0,0,0,50000,50000,0,0
056034,華通凱基98購01  ,0,0,0,0,0,0,0,0,0,0,0,0,0,6000,6000,0,0
054998,玉晶光元富97購02,0,0,0,0,0,0,0,0,0,0,0,0,0,72000,72000,0,0
055020,上証2X國泰98購01,0,0,0,0,0,0,0,0,0,0,0,0,0,100000,100000,0,0
055004,群創元富99購06  ,0,0,0,0,0,0,0,0,0,0,0,0,0,50000,50000,0,0
05503P,智邦日盛96售01  ,0,0,0,0,0,0,0,0,0,0,0,0,0,14000,14000,0,0
054915,興勤凱基97購01  ,0,0,0,0,0,0,0,0,0,0,0,0,0,2000,2000,0,0
054948,聯發科元大97購14,0,0,0,0,0,0,0,0,0,0,0,0,0,8000,8000,0,0
054936,鴻海元大97購10  ,0,0,0,0,0,0,0,0,0,0,0,0,0,186000,186000,0,0
054824,同欣電元大97購04,0,0,0,0,0,0,0,0,0,0,0,0,0,20000,20000,0,0
054825,康友元大97購01  ,0,0,0,0,0,0,0,0,0,0,0,0,0,10000,10000,0,0
054809,大成鋼元大97購01,0,0,0,0,0,0,0,0,0,0,0,0,0,6000,6000,0,0
054816,聯發科元大97購12,0,0,0,0,0,0,0,0,0,0,0,0,0,9000,9000,0,0
054817,聯發科元大97購13,0,0,0,0,0,0,0,0,0,0,0,0,0,11000,11000,0,0
054844,華邦電兆豐98購01,0,0,0,0,0,0,0,0,0,0,0,0,0,21000,21000,0,0
054725,國巨日盛97購01  ,0,0,0,0,0,0,0,0,0,0,0,0,0,350000,350000,0,0
055407,祥碩國泰98購01  ,0,0,0,0,0,0,0,0,0,0,0,0,0,15000,15000,0,0
055365,華通元大97購03  ,0,0,0,0,0,0,0,0,0,0,0,0,0,12000,12000,0,0
055355,大立光凱基97購05,0,0,0,0,0,0,0,0,0,0,0,0,0,10000,10000,0,0
055357,欣興凱基97購04  ,0,0,0,0,0,0,0,0,0,0,0,0,0,15000,15000,0,0
055361,樺漢凱基97購01  ,0,0,0,0,0,0,0,0,0,0,0,0,0,1000,1000,0,0
055373,聯詠元大97購03  ,0,0,0,0,0,0,0,0,0,0,0,0,0,3000,3000,0,0
055376,群創元大01購01  ,0,0,0,0,0,0,0,0,0,0,0,0,0,41000,41000,0,0
055370,旺宏元大97購05  ,0,0,0,0,0,0,0,0,0,0,0,0,0,9000,9000,0,0
055273,華泰元大97購01  ,0,0,0,0,0,0,0,0,0,0,0,0,0,14000,14000,0,0
055351,聯發科凱基97購03,0,0,0,0,0,0,0,0,0,0,0,0,0,15000,15000,0,0
055119,力成凱基98購01  ,0,0,0,0,0,0,0,0,0,0,0,0,0,1000,1000,0,0
055146,華通元大98購04  ,0,0,0,0,0,0,0,0,0,0,0,0,0,30000,30000,0,0
055147,鴻海元大97購11  ,0,0,0,0,0,0,0,0,0,0,0,0,0,134000,134000,0,0
055219,啟碁凱基98購01  ,0,0,0,0,0,0,0,0,0,0,0,0,0,10000,10000,0,0
055206,台虹中信97購01  ,0,0,0,0,0,0,0,0,0,0,0,0,0,5000,5000,0,0
055217,緯創凱基97購02  ,0,0,0,0,0,0,0,0,0,0,0,0,0,30000,30000,0,0
047232,禾伸堂凱基93購02,0,0,0,0,0,0,0,0,0,0,0,0,0,1000,1000,0,0
047240,樺漢凱基93購01  ,0,0,0,0,0,0,0,0,0,0,0,0,0,1000,1000,0,0
047250,日月光群益94購01,0,0,0,0,0,0,0,0,0,0,0,0,0,4000,4000,0,0
047222,鴻海凱基94購04  ,0,0,0,0,0,0,0,0,0,0,0,0,0,10000,10000,0,0
047206,元金2X國泰94購01,0,0,0,0,0,0,0,0,0,0,0,0,0,80000,80000,0,0
047134,聯發科凱基93購10,0,0,0,0,0,0,0,0,0,0,0,0,0,14000,14000,0,0
047179,台積電元大93購17,0,0,0,0,0,0,0,0,0,0,0,0,0,1000,1000,0,0
043773,智邦兆豐93購01  ,0,0,0,0,0,0,0,0,0,0,0,0,0,9000,9000,0,0
043757,欣興元大93購01  ,0,0,0,0,0,0,0,0,0,0,0,0,0,15000,15000,0,0
04379P,大立光元大94售06,0,0,0,0,0,0,0,0,0,0,0,0,0,20000,20000,0,0
044995,大立光國泰94購01,0,0,0,0,0,0,0,0,0,0,0,0,0,11000,11000,0,0
045007,台光電元大92購04,0,0,0,0,0,0,0,0,0,0,0,0,0,1000,1000,0,0
045015,玉晶光元大94購01,0,0,0,0,0,0,0,0,0,0,0,0,0,1000,1000,0,0
045020,臺股指元大92購14,0,0,0,0,0,0,0,0,0,0,0,0,0,3000,3000,0,0
047351,聯詠凱基93購02  ,0,0,0,0,0,0,0,0,0,0,0,0,0,2000,2000,0,0
047311,台積電元大93購19,0,0,0,0,0,0,0,0,0,0,0,0,0,1000,1000,0,0
047344,亞德客凱基93購02,0,0,0,0,0,0,0,0,0,0,0,0,0,51000,51000,0,0
047345,鴻海凱基94購06  ,0,0,0,0,0,0,0,0,0,0,0,0,0,13000,13000,0,0
047288,台郡統一93購01  ,0,0,0,0,0,0,0,0,0,0,0,0,0,2000,2000,0,0
045773,奇力新元大92購02,0,0,0,0,0,0,0,0,0,0,0,0,0,41000,41000,0,0
045822,TPK凱基93購03   ,0,0,0,0,0,0,0,0,0,0,0,0,0,100000,100000,0,0
045803,旺宏國票93購01  ,0,0,0,0,0,0,0,0,0,0,0,0,0,35000,35000,0,0
047444,晶技元大93購03  ,0,0,0,0,0,0,0,0,0,0,0,0,0,8000,8000,0,0
047419,聯發科富邦95購01,0,0,0,0,0,0,0,0,0,0,0,0,0,15000,15000,0,0
044264,大立光富邦93購03,0,0,0,0,0,0,0,0,0,0,0,0,0,50000,50000,0,0
044167,大立光元大93購03,0,0,0,0,0,0,0,0,0,0,0,0,0,1000,1000,0,0
042930,大立光中信94購01,0,0,0,0,0,0,0,0,0,0,0,0,0,5000,5000,0,0
044011,鴻海凱基93購03  ,0,0,0,0,0,0,0,0,0,0,0,0,0,4000,4000,0,0
043907,鴻海凱基93購01  ,0,0,0,0,0,0,0,0,0,0,0,0,0,3000,3000,0,0
044425,友達國泰92購01  ,0,0,0,0,0,0,0,0,0,0,0,0,0,13000,13000,0,0
04487P,南亞科凱基94售01,0,0,0,0,0,0,0,0,0,0,0,0,0,50000,50000,0,0
00775B,新光投等債15+   ,0,0,0,0,0,0,0,0,0,0,0,0,0,2000,2000,0,0
03001P,玉晶光群益02售17,0,0,0,0,0,0,0,0,0,0,0,0,0,70000,70000,0,0
00707R,元大S&P日圓反1  ,0,0,0,0,0,0,0,0,0,0,0,0,0,41000,41000,0,0
00657K,國泰日經225+U   ,0,0,0,0,0,0,0,0,0,0,0,0,0,100,100,0,0
00668K,國泰美國道瓊+U  ,0,0,0,0,0,0,0,0,0,0,0,0,0,100,100,0,0
00689R,國泰20年美債反1 ,0,0,0,0,0,0,0,0,0,0,0,0,0,100000,100000,0,0
00625K,富邦上証+R      ,0,0,0,0,0,0,0,0,0,0,0,0,0,50000,50000,0,0
00636K,國泰中國A50+U   ,0,0,0,0,0,0,0,0,0,0,0,0,0,100,100,0,0
04106P,滬深2X永豐93售02,0,0,0,0,0,0,0,0,0,0,0,0,0,10000,10000,0,0
041527,T50反1中信96購01,0,0,0,0,0,0,0,0,0,0,0,0,0,40000,40000,0,0
041528,國泰金中信93購01,0,0,0,0,0,0,0,0,0,0,0,0,0,2000,2000,0,0
04051P,友達中信94售02  ,0,0,0,0,0,0,0,0,0,0,0,0,0,300000,300000,0,0
041836,宏達電統一92購01,0,0,0,0,0,0,0,0,0,0,0,0,0,2000,2000,0,0
04207P,臺股指元大93售47,0,0,0,0,0,0,0,0,0,0,0,0,0,30000,30000,0,0
042388,大立光永昌93購02,0,0,0,0,0,0,0,0,0,0,0,0,0,1000,1000,0,0
042040,大立光群益93購01,0,0,0,0,0,0,0,0,0,0,0,0,0,5000,5000,0,0
044716,上銀麥證93購01  ,0,0,0,10000,0,10000,0,0,0,0,0,0,0,10000,10000,0,0
044759,新日興凱基93購01,0,0,0,0,0,0,0,0,0,0,0,0,0,3000,3000,0,0
03857P,聯發科元富99售02,0,0,0,0,0,0,0,0,0,0,0,0,0,300000,300000,0,0
046009,大立光元富92購02,0,0,0,0,0,0,0,0,0,0,0,0,0,200000,200000,0,0
045986,南亞科永昌93購01,0,0,0,0,0,0,0,0,0,0,0,0,0,5000,5000,0,0
045352,亞光凱基92購03  ,0,0,0,0,0,0,0,0,0,0,0,0,0,3000,3000,0,0
045349,大立光凱基93購07,0,0,0,0,0,0,0,0,0,0,0,0,0,1000,1000,0,0
045384,強茂元大92購01  ,0,0,0,0,0,0,0,0,0,0,0,0,0,17000,17000,0,0
045338,鴻海凱基92購05  ,0,0,0,0,0,0,0,0,0,0,0,0,0,4000,4000,0,0
045038,臻鼎群益93購01  ,0,0,0,0,0,0,0,0,0,0,0,0,0,30000,30000,0,0
046750,鴻海凱基93購17  ,0,0,0,0,0,0,0,0,0,0,0,0,0,9000,9000,0,0
046758,聯發科凱基93購05,0,0,0,0,0,0,0,0,0,0,0,0,0,13000,13000,0,0
046771,聯發科國泰94購02,0,0,0,0,0,0,0,0,0,0,0,0,0,8000,8000,0,0
046704,智原元富93購01  ,0,0,0,0,0,0,0,0,0,0,0,0,0,7000,7000,0,0
046827,漢唐群益93購02  ,0,0,0,0,0,0,0,0,0,0,0,0,0,13000,13000,0,0
046148,友達中信94購01  ,0,0,0,0,0,0,0,0,0,0,0,0,0,20000,20000,0,0
046844,旺宏永豐93購01  ,0,0,0,0,0,0,0,0,0,0,0,0,0,10000,10000,0,0
046863,康友元大93購01  ,0,0,0,0,0,0,0,0,0,0,0,0,0,6000,6000,0,0
046877,燿華國泰94購01  ,0,0,0,0,0,0,0,0,0,0,0,0,0,14000,14000,0,0
046309,聯發科元大92購14,0,0,0,0,0,0,0,0,0,0,0,0,0,13000,13000,0,0
046127,臻鼎元大92購07  ,0,0,0,0,0,0,0,0,0,0,0,0,0,100000,100000,0,0
045121,康控元大93購03  ,0,0,0,0,0,0,0,0,0,0,0,0,0,47000,47000,0,0
045638,強茂凱基93購02  ,0,0,0,0,0,0,0,0,0,0,0,0,0,10000,10000,0,0
045668,奇力新元富92購01,0,0,0,0,0,0,0,0,0,0,0,0,0,41000,41000,0,0
045459,致茂元大92購01  ,0,0,0,0,0,0,0,0,0,0,0,0,0,2000,2000,0,0
045480,滬深2X中信94購01,0,0,0,0,0,0,0,0,0,0,0,0,0,520000,520000,0,0
045433,康友永豐92購01  ,0,0,0,0,0,0,0,0,0,0,0,0,0,2000,2000,0,0
045528,宏達電永豐92購01,0,0,0,0,0,0,0,0,0,0,0,0,0,12000,12000,0,0
045585,欣興元大93購03  ,0,0,0,0,0,0,0,0,0,0,0,0,0,15000,15000,0,0
050063,聯發科凱基94購09,0,0,0,0,0,0,0,0,0,0,0,0,0,21000,21000,0,0
049983,智原凱基94購02  ,0,0,0,0,0,0,0,0,0,0,0,0,0,9000,9000,0,0
050023,國巨元大94購12  ,0,0,0,0,0,0,0,0,0,0,0,0,0,2000,2000,0,0
050151,台積電群益94購12,0,0,0,0,0,0,0,0,0,0,0,0,0,45000,45000,0,0
049929,祥碩元大94購03  ,0,0,0,0,0,0,0,0,0,0,0,0,0,3000,3000,0,0
049950,南亞科群益94購02,0,0,0,0,0,0,0,0,0,0,0,0,0,5000,5000,0,0
049965,矽創元富94購01  ,0,0,0,0,0,0,0,0,0,0,0,0,0,1000,1000,0,0
050341,光寶科元富94購01,0,0,0,0,0,0,0,0,0,0,0,0,0,2000,2000,0,0
050254,大立光富邦96購02,0,0,0,0,0,0,0,0,0,0,0,0,0,10000,10000,0,0
050250,台郡凱基94購03  ,0,0,0,0,0,0,0,0,0,0,0,0,0,5000,5000,0,0
050251,樺漢凱基94購02  ,0,0,0,0,0,0,0,0,0,0,0,0,0,1000,1000,0,0
050295,大立光凱基94購16,0,0,0,0,0,0,0,0,0,0,0,0,0,10000,10000,0,0
050318,景碩國票94購02  ,0,0,0,0,0,0,0,0,0,0,0,0,0,109000,109000,0,0
050264,聯發科元大94購13,0,0,0,0,0,0,0,0,0,0,0,0,0,3000,3000,0,0
050269,欣興元大94購09  ,0,0,0,0,0,0,0,0,0,0,0,0,0,23000,23000,0,0
046949,群創元大99購01  ,0,0,0,0,0,0,0,0,0,0,0,0,0,30000,30000,0,0
046944,奇力新元大96購01,0,0,0,0,0,0,0,0,0,0,0,0,0,3000,3000,0,0
046227,聯發科元大92購12,0,0,0,0,0,0,0,0,0,0,0,0,0,58000,58000,0,0
046235,台表科元大92購03,0,0,0,0,0,0,0,0,0,0,0,0,0,3000,3000,0,0
046208,滬深2X元富95購03,0,0,0,0,0,0,0,0,0,0,0,0,0,20000,20000,0,0
046642,南電永豐93購01  ,0,0,0,0,0,0,0,0,0,0,0,0,0,45000,45000,0,0
046628,大立光統一98購01,0,0,0,0,0,0,0,0,0,0,0,0,0,1000,1000,0,0
046362,華通永豐92購02  ,0,0,0,0,0,0,0,0,0,0,0,0,0,12000,12000,0,0
046324,健策元大92購05  ,0,0,0,0,0,0,0,0,0,0,0,0,0,1000,1000,0,0
046381,緯創凱基93購03  ,0,0,0,0,0,0,0,0,0,0,0,0,0,30000,30000,0,0
046396,矽創國泰93購01  ,0,0,0,0,0,0,0,0,0,0,0,0,0,1000,1000,0,0
046564,聯詠凱基92購09  ,0,0,0,0,0,0,0,0,0,0,0,0,0,3000,3000,0,0
046502,建準元大92購04  ,0,0,0,0,0,0,0,0,0,0,0,0,0,5000,5000,0,0
048798,華新科國泰95購01,0,0,0,0,0,0,0,0,0,0,0,0,0,1000,1000,0,0
048824,聯發科凱基94購03,0,0,0,0,0,0,0,0,0,0,0,0,0,12000,12000,0,0
048825,華新科凱基94購05,0,0,0,0,0,0,0,0,0,0,0,0,0,1000,1000,0,0
048835,牧德凱基94購02  ,0,0,0,0,0,0,0,0,0,0,0,0,0,3000,3000,0,0
048838,牧德凱基94購07  ,0,0,0,0,0,0,0,0,0,0,0,0,0,5000,5000,0,0
048678,統一富邦93購01  ,0,0,0,0,0,0,0,0,0,0,0,0,0,60000,60000,0,0
048767,欣興凱基94購01  ,0,0,0,0,0,0,0,0,0,0,0,0,0,15000,15000,0,0
048771,嘉澤凱基94購01  ,0,0,0,0,0,0,0,0,0,0,0,0,0,2000,2000,0,0
050411,聯發科永豐94購05,0,0,0,0,0,0,0,0,0,0,0,0,0,10000,10000,0,0
048565,康控元大94購04  ,0,0,0,0,0,0,0,0,0,0,0,0,0,10000,10000,0,0
048568,緯穎元大93購06  ,0,0,0,0,0,0,0,0,0,0,0,0,0,14000,14000,0,0
048575,旺宏國泰94購04  ,0,0,0,0,0,0,0,0,0,0,0,0,0,26000,26000,0,0
050425,國巨凱基94購12  ,0,0,0,0,0,0,0,0,0,0,0,0,0,2000,2000,0,0
050419,鴻海凱基95購02  ,0,0,0,0,0,0,0,0,0,0,0,0,0,9000,9000,0,0
048614,欣興凱基93購05  ,0,0,0,0,0,0,0,0,0,0,0,0,0,15000,15000,0,0
048611,宏達電凱基93購04,0,0,0,0,0,0,0,0,0,0,0,0,0,1000,1000,0,0
048603,中磊國票94購02  ,0,0,0,0,0,0,0,0,0,0,0,0,0,12000,12000,0,0
049160,鴻海第一95購01  ,0,0,0,0,0,0,0,0,0,0,0,0,0,30000,30000,0,0
049149,華新科元大95購03,0,0,0,0,0,0,0,0,0,0,0,0,0,11000,11000,0,0
049155,同欣電元大94購01,0,0,0,0,0,0,0,0,0,0,0,0,0,3000,3000,0,0
049139,台積電元大94購06,0,0,0,0,0,0,0,0,0,0,0,0,0,38000,38000,0,0
049170,亞德客凱基94購01,0,0,0,0,0,0,0,0,0,0,0,0,0,14000,14000,0,0
049172,鴻海凱基94購14  ,0,0,0,0,0,0,0,0,0,0,0,0,0,4000,4000,0,0
049173,鴻海凱基94購15  ,0,0,0,0,0,0,0,0,0,0,0,0,0,14000,14000,0,0
049309,台達電凱基94購05,0,0,0,0,0,0,0,0,0,0,0,0,0,1000,1000,0,0
049766,滬深2X元富94購02,0,0,0,0,0,0,0,0,0,0,0,0,0,1000,1000,0,0
049383,健策元大95購01  ,0,0,0,0,0,0,0,0,0,0,0,0,0,19000,19000,0,0
049374,大立光元大94購12,0,0,0,0,0,0,0,0,0,0,0,0,0,18000,18000,0,0
049387,緯穎元大94購03  ,0,0,0,0,0,0,0,0,0,0,0,0,0,10000,10000,0,0
049418,大立光凱基94購05,0,0,0,0,0,0,0,0,0,0,0,0,0,32000,32000,0,0
049419,欣興凱基94購04  ,0,0,0,0,0,0,0,0,0,0,0,0,0,15000,15000,0,0
049499,康控元大96購01  ,0,0,0,0,0,0,0,0,0,0,0,0,0,100000,100000,0,0
049507,和大凱基94購01  ,0,0,0,0,0,0,0,0,0,0,0,0,0,1000,1000,0,0
049520,TPK國票95購01   ,0,0,0,0,0,0,0,0,0,0,0,0,0,60000,60000,0,0
04956P,臺股指日盛94售02,0,0,0,0,0,0,0,0,0,0,0,0,0,80000,80000,0,0
049226,元石油富邦95購01,0,0,0,0,0,0,0,0,0,0,0,0,0,12000,12000,0,0
049588,聯發科元大94購06,0,0,0,0,0,0,0,0,0,0,0,0,0,6000,6000,0,0
049815,緯穎元大94購06  ,0,0,0,0,0,0,0,0,0,0,0,0,0,8000,8000,0,0
049816,緯穎元大94購07  ,0,0,0,0,0,0,0,0,0,0,0,0,0,2000,2000,0,0
051352,南亞科元大95購02,0,0,0,0,0,0,0,0,0,0,0,0,0,5000,5000,0,0
051285,鴻海統一95購07  ,0,0,0,0,0,0,0,0,0,0,0,0,0,275000,275000,0,0
051278,臻鼎中信97購02  ,0,0,0,0,0,0,0,0,0,0,0,0,0,1000,1000,0,0
051257,光寶科國泰96購01,0,0,0,0,0,0,0,0,0,0,0,0,0,2000,2000,0,0
051250,大立光元大98購01,0,0,0,0,0,0,0,0,0,0,0,0,0,25000,25000,0,0
051236,鴻海元大96購05  ,0,0,0,0,0,0,0,0,0,0,0,0,0,155000,155000,0,0
051307,康舒凱基95購01  ,0,0,0,0,0,0,0,0,0,0,0,0,0,54000,54000,0,0
051322,國泰金國票96購01,0,0,0,0,0,0,0,0,0,0,0,0,0,10000,10000,0,0
051290,大立光統一96購02,0,0,0,0,0,0,0,0,0,0,0,0,0,2000,2000,0,0
051157,華新科富邦98購01,0,0,0,0,0,0,0,0,0,0,0,0,0,20000,20000,0,0
051181,鴻海永豐95購03  ,0,0,0,0,0,0,0,0,0,0,0,0,0,2000,2000,0,0
05123P,鴻海永昌96售07  ,0,0,0,0,0,0,0,0,0,0,0,0,0,188000,188000,0,0
05122P,鴻海永昌96售06  ,0,0,0,0,0,0,0,0,0,0,0,0,0,415000,415000,0,0
051206,大立光麥證95購02,0,0,0,1000,0,1000,0,0,0,0,0,0,0,1000,1000,0,0
048506,華通群益94購03  ,0,0,0,0,0,0,0,0,0,0,0,0,0,17000,17000,0,0
050284,台泥凱基94購01  ,0,0,0,0,0,0,0,0,0,0,0,0,0,2000,2000,0,0
048511,美律凱基93購07  ,0,0,0,0,0,0,0,0,0,0,0,0,0,1000,1000,0,0
047795,臺股指群益93購06,0,0,0,0,0,0,0,0,0,0,0,0,0,10000,10000,0,0
047748,漢唐元富93購02  ,0,0,0,0,0,0,0,0,0,0,0,0,0,9000,9000,0,0
047716,晶技凱基93購03  ,0,0,0,0,0,0,0,0,0,0,0,0,0,8000,8000,0,0
051126,訊連群益95購01  ,0,0,0,0,0,0,0,0,0,0,0,0,0,20000,20000,0,0
051115,華通麥證96購01  ,0,0,0,12000,12000,0,0,0,0,0,0,0,0,12000,12000,0,0
051151,中磊凱基95購02  ,0,0,0,0,0,0,0,0,0,0,0,0,0,1000,1000,0,0
051079,鴻海富邦96購02  ,0,0,0,0,0,0,0,0,0,0,0,0,0,598000,598000,0,0
051073,同欣電國票96購01,0,0,0,0,0,0,0,0,0,0,0,0,0,12000,12000,0,0
051047,深中小群益99購01,0,0,0,0,0,0,0,0,0,0,0,0,0,230000,230000,0,0
051019,大立光凱基95購08,0,0,0,0,0,0,0,0,0,0,0,0,0,50000,50000,0,0
051014,智邦凱基95購01  ,0,0,0,0,0,0,0,0,0,0,0,0,0,100000,100000,0,0
047804,鴻海凱基93購26  ,0,0,0,0,0,0,0,0,0,0,0,0,0,21000,21000,0,0
047816,大立光凱基93購26,0,0,0,0,0,0,0,0,0,0,0,0,0,50000,50000,0,0
047818,台郡凱基93購04  ,0,0,0,0,0,0,0,0,0,0,0,0,0,4000,4000,0,0
048980,嘉澤元大94購02  ,0,0,0,0,0,0,0,0,0,0,0,0,0,3000,3000,0,0
048962,宏全康和94購01  ,0,0,0,0,0,0,0,0,0,0,0,0,0,2000,2000,0,0
049019,美律群益94購02  ,0,0,0,0,0,0,0,0,0,0,0,0,0,14000,14000,0,0
049016,國巨群益94購02  ,0,0,0,0,0,0,0,0,0,0,0,0,0,50000,50000,0,0
049618,美律群益94購03  ,0,0,0,0,0,0,0,0,0,0,0,0,0,13000,13000,0,0
049849,欣興群益94購04  ,0,0,0,0,0,0,0,0,0,0,0,0,0,20000,20000,0,0
050186,京鼎元大94購01  ,0,0,0,0,0,0,0,0,0,0,0,0,0,30000,30000,0,0
050195,上海銀元大94購03,0,0,0,0,0,0,0,0,0,0,0,0,0,4000,4000,0,0
050436,大立光凱基94購18,0,0,0,0,0,0,0,0,0,0,0,0,0,10000,10000,0,0
050437,聯詠凱基94購04  ,0,0,0,0,0,0,0,0,0,0,0,0,0,3000,3000,0,0
050432,聯發科凱基94購19,0,0,0,0,0,0,0,0,0,0,0,0,0,16000,16000,0,0
048324,訊芯凱基93購03  ,0,0,0,0,0,0,0,0,0,0,0,0,0,36000,36000,0,0
048338,正崴元大93購01  ,0,0,0,0,0,0,0,0,0,0,0,0,0,8000,8000,0,0
048320,聯詠凱基93購08  ,0,0,0,0,0,0,0,0,0,0,0,0,0,7000,7000,0,0
048343,大立光元大93購29,0,0,0,0,0,0,0,0,0,0,0,0,0,1000,1000,0,0
048344,大立光元大93購30,0,0,0,0,0,0,0,0,0,0,0,0,0,20000,20000,0,0
048340,聯發科元大93購25,0,0,0,0,0,0,0,0,0,0,0,0,0,20000,20000,0,0
048378,貿聯元富93購01  ,0,0,0,0,0,0,0,0,0,0,0,0,0,50000,50000,0,0
047549,聯發科凱基93購12,0,0,0,0,0,0,0,0,0,0,0,0,0,12000,12000,0,0
047555,欣興凱基93購01  ,0,0,0,0,0,0,0,0,0,0,0,0,0,15000,15000,0,0
049890,嘉澤國泰95購01  ,0,0,0,0,0,0,0,0,0,0,0,0,0,2000,2000,0,0
049897,華新科統一94購07,0,0,0,0,0,0,0,0,0,0,0,0,0,35000,35000,0,0
049905,為升元大94購05  ,0,0,0,0,0,0,0,0,0,0,0,0,0,15000,15000,0,0
049920,大立光元大94購15,0,0,0,0,0,0,0,0,0,0,0,0,0,12000,12000,0,0
049921,大立光元大94購16,0,0,0,0,0,0,0,0,0,0,0,0,0,22000,22000,0,0
050783,旺宏國泰96購02  ,0,0,0,0,0,0,0,0,0,0,0,0,0,13000,13000,0,0
050784,美律國泰96購01  ,0,80000,-80000,0,0,0,0,0,0,80000,0,0,0,80000,0,80000,0
050778,瑞儀元大96購01  ,0,0,0,0,0,0,0,0,0,0,0,0,0,17000,17000,0,0
050774,健策元大96購02  ,0,0,0,0,0,0,0,0,0,0,0,0,0,50000,50000,0,0
050809,鴻海凱基95購08  ,0,0,0,0,0,0,0,0,0,0,0,0,0,11000,11000,0,0
050700,健策凱基96購01  ,0,0,0,0,0,0,0,0,0,0,0,0,0,148000,148000,0,0
050811,國巨凱基95購02  ,0,0,0,0,0,0,0,0,0,0,0,0,0,1000,1000,0,0
050812,台積電凱基95購01,0,0,0,0,0,0,0,0,0,0,0,0,0,10000,10000,0,0
050813,旺宏凱基96購01  ,0,0,0,0,0,0,0,0,0,0,0,0,0,7000,7000,0,0
050684,台郡元富94購02  ,0,0,0,0,0,0,0,0,0,0,0,0,0,31000,31000,0,0
050770,全新元大94購04  ,0,0,0,0,0,0,0,0,0,0,0,0,0,10000,10000,0,0
050736,台積電康和94購01,0,0,0,0,0,0,0,0,0,0,0,0,0,150000,150000,0,0
050740,旺宏永豐94購03  ,0,0,0,0,0,0,0,0,0,0,0,0,0,8000,8000,0,0
050760,矽力元富94購03  ,0,0,0,0,0,0,0,0,0,0,0,0,0,10000,10000,0,0
050561,上証2X元富97購01,0,0,0,0,0,0,0,0,0,0,0,0,0,3000,3000,0,0
050521,聯發科元大94購15,0,0,0,0,0,0,0,0,0,0,0,0,0,4000,4000,0,0
050692,鴻海凱基96購04  ,0,0,0,0,0,0,0,0,0,0,0,0,0,20000,20000,0,0
050528,瑞儀元大94購02  ,0,0,0,0,0,0,0,0,0,0,0,0,0,109000,109000,0,0
050537,鴻海凱基95購05  ,0,0,0,0,0,0,0,0,0,0,0,0,0,11000,11000,0,0
050544,聯發科凱基95購02,0,0,0,0,0,0,0,0,0,0,0,0,0,11000,11000,0,0
050547,華新科凱基95購01,0,0,0,0,0,0,0,0,0,0,0,0,0,27000,27000,0,0
050550,大立光凱基95購04,0,0,0,0,0,0,0,0,0,0,0,0,0,57000,57000,0,0
050642,和大凱基94購03  ,0,0,0,0,0,0,0,0,0,0,0,0,0,1000,1000,0,0
050650,大立光凱基96購01,0,0,0,0,0,0,0,0,0,0,0,0,0,56000,56000,0,0
048453,嘉澤凱基93購05  ,0,0,0,0,0,0,0,0,0,0,0,0,0,15000,15000,0,0
048450,聯詠凱基93購09  ,0,0,0,0,0,0,0,0,0,0,0,0,0,2000,2000,0,0
048498,嘉澤元大94購01  ,0,0,0,0,0,0,0,0,0,0,0,0,0,2000,2000,0,0
048667,旺宏永豐94購02  ,0,0,0,0,0,0,0,0,0,0,0,0,0,8000,8000,0,0
048642,聯發科元大94購02,0,0,0,0,0,0,0,0,0,0,0,0,0,11000,11000,0,0
049079,聯發科凱基94購04,0,0,0,0,0,0,0,0,0,0,0,0,0,26000,26000,0,0
049028,麗豐群益94購01  ,0,0,0,0,0,0,0,0,0,0,0,0,0,3000,3000,0,0
048291,台積電群益93購09,0,0,0,0,0,0,0,0,0,0,0,0,0,32000,32000,0,0
048163,南亞科台新93購01,0,0,0,0,0,0,0,0,0,0,0,0,0,50000,50000,0,0
048227,亞光凱基93購05  ,0,0,0,0,0,0,0,0,0,0,0,0,0,1000,1000,0,0
048248,聯發科兆豐95購01,0,0,0,0,0,0,0,0,0,0,0,0,0,100000,100000,0,0
048202,瑞儀元大93購04  ,0,0,0,0,0,0,0,0,0,0,0,0,0,8000,8000,0,0
050514,聯電元大94購01  ,0,0,0,0,0,0,0,0,0,0,0,0,0,4000,4000,0,0
050503,聯發科凱基94購22,0,0,0,0,0,0,0,0,0,0,0,0,0,1000,1000,0,0
050500,台積電凱基94購36,0,0,0,0,0,0,0,0,0,0,0,0,0,150000,150000,0,0
050464,華通國泰95購01  ,0,0,0,0,0,0,0,0,0,0,0,0,0,41000,41000,0,0
050864,亞光永豐95購01  ,0,0,0,0,0,0,0,0,0,0,0,0,0,2000,2000,0,0
050512,台泥元大94購01  ,0,0,0,0,0,0,0,0,0,0,0,0,0,3000,3000,0,0
050901,樺漢元大95購02  ,0,0,0,0,0,0,0,0,0,0,0,0,0,1000,1000,0,0
050897,嘉晶元大95購03  ,0,0,0,0,0,0,0,0,0,0,0,0,0,15000,15000,0,0
047616,鴻海凱基94購10  ,0,0,0,0,0,0,0,0,0,0,0,0,0,7000,7000,0,0
047640,聯發科元大93購17,0,0,0,0,0,0,0,0,0,0,0,0,0,5000,5000,0,0
047635,華新元大93購01  ,0,0,0,0,0,0,0,0,0,0,0,0,0,2000,2000,0,0
047672,欣興統一93購03  ,0,0,0,0,0,0,0,0,0,0,0,0,0,50000,50000,0,0
048084,華通凱基93購05  ,0,0,0,0,0,0,0,0,0,0,0,0,0,44000,44000,0,0
048105,滬深2X群益99購02,0,0,0,0,0,0,0,0,0,0,0,0,0,1000,1000,0,0
048112,宏達電群益93購05,0,0,0,0,0,0,0,0,0,0,0,0,0,150000,150000,0,0
048094,大立光凱基93購31,0,0,0,0,0,0,0,0,0,0,0,0,0,1000,1000,0,0
048095,大立光凱基93購32,0,0,0,0,0,0,0,0,0,0,0,0,0,10000,10000,0,0
048098,嘉澤凱基93購04  ,0,0,0,0,0,0,0,0,0,0,0,0,0,4000,4000,0,0
048068,南亞科元富95購01,0,0,0,0,0,0,0,0,0,0,0,0,0,1000,1000,0,0
048035,聯詠凱基93購06  ,0,0,0,0,0,0,0,0,0,0,0,0,0,4000,4000,0,0
048028,聯發科凱基93購25,0,0,0,0,0,0,0,0,0,0,0,0,0,14000,14000,0,0
052372,台泥元大95購02  ,0,0,0,0,0,0,0,0,0,0,0,0,0,4000,4000,0,0
052393,康友群益95購05  ,0,0,0,0,0,0,0,0,0,0,0,0,0,11000,11000,0,0
052317,台積電元大96購11,0,0,0,0,0,0,0,0,0,0,0,0,0,21000,21000,0,0
052346,訊芯凱基95購01  ,0,0,0,0,0,0,0,0,0,0,0,0,0,3000,3000,0,0
052429,禾伸堂永豐95購02,0,0,0,0,0,0,0,0,0,0,0,0,0,10000,10000,0,0
052430,泰碩永豐95購02  ,0,0,0,0,0,0,0,0,0,0,0,0,0,30000,30000,0,0
05243P,鴻海元大95售19  ,0,0,0,0,0,0,0,0,0,0,0,0,0,32000,32000,0,0
052451,旭富元大95購02  ,0,0,0,0,0,0,0,0,0,0,0,0,0,20000,20000,0,0
052438,瑞儀富邦95購01  ,0,0,0,0,0,0,0,0,0,0,0,0,0,12000,12000,0,0
052447,聯發科元大96購04,0,0,0,0,0,0,0,0,0,0,0,0,0,14000,14000,0,0
052511,聯發科凱基95購14,0,0,0,0,0,0,0,0,0,0,0,0,0,10000,10000,0,0
052455,樺漢元大96購03  ,0,0,0,0,0,0,0,0,0,0,0,0,0,1000,1000,0,0
05257P,欣興凱基95售04  ,0,0,0,0,0,0,0,0,0,0,0,0,0,50000,50000,0,0
052593,台積電群益96購02,0,0,0,0,0,0,0,0,0,0,0,0,0,40000,40000,0,0
052612,康舒元大97購01  ,0,0,0,0,0,0,0,0,0,0,0,0,0,1000,1000,0,0
052607,大立光元大96購03,0,0,0,0,0,0,0,0,0,0,0,0,0,71000,71000,0,0
052531,台積電國泰96購06,0,0,0,0,0,0,0,0,0,0,0,0,0,64000,64000,0,0
052570,華新科凱基96購06,0,0,0,0,0,0,0,0,0,0,0,0,0,13000,13000,0,0
052571,新光金凱基98購02,0,0,0,0,0,0,0,0,0,0,0,0,0,7000,7000,0,0
052566,國巨凱基96購04  ,0,0,0,0,0,0,0,0,0,0,0,0,0,52000,52000,0,0
052542,友達元富98購01  ,0,0,0,0,0,0,0,0,0,0,0,0,0,1000,1000,0,0
052603,鴻海元大96購15  ,0,0,0,0,0,0,0,0,0,0,0,0,0,26000,26000,0,0
052638,緯創凱基96購02  ,0,0,0,0,0,0,0,0,0,0,0,0,0,20000,20000,0,0
052642,滬深2X永豐96購03,0,0,0,0,0,0,0,0,0,0,0,0,0,5000,5000,0,0
052676,聯發科永昌98購01,0,0,0,0,0,0,0,0,0,0,0,0,0,13000,13000,0,0
052691,GIS元大96購01   ,0,0,0,0,0,0,0,0,0,0,0,0,0,3000,3000,0,0
052717,正文凱基96購01  ,0,0,0,0,0,0,0,0,0,0,0,0,0,50000,50000,0,0
052860,旺宏凱基96購03  ,0,0,0,0,0,0,0,0,0,0,0,0,0,13000,13000,0,0
052869,新日興凱基96購01,0,0,0,0,0,0,0,0,0,0,0,0,0,1000,1000,0,0
052875,樺漢凱基96購02  ,0,0,0,0,0,0,0,0,0,0,0,0,0,1000,1000,0,0
05289P,鴻海永豐95售05  ,0,0,0,0,0,0,0,0,0,0,0,0,0,6000,6000,0,0
052932,正文元大97購01  ,0,0,0,0,0,0,0,0,0,0,0,0,0,193000,193000,0,0
052910,鴻海統一96購10  ,0,0,0,0,0,0,0,0,0,0,0,0,0,25000,25000,0,0
052763,晶技群益97購01  ,0,0,0,0,0,0,0,0,0,0,0,0,0,8000,8000,0,0
052741,聯發科元大96購08,0,0,0,0,0,0,0,0,0,0,0,0,0,21000,21000,0,0
052837,友達國泰97購01  ,0,0,0,0,0,0,0,0,0,0,0,0,0,7000,7000,0,0
053002,鴻海永豐96購01  ,0,0,0,0,0,0,0,0,0,0,0,0,0,1000,1000,0,0
053009,大成鋼統一96購02,0,0,0,0,0,0,0,0,0,0,0,0,0,10000,10000,0,0
053088,奇鋐元大98購01  ,0,0,0,0,0,0,0,0,0,0,0,0,0,15000,15000,0,0
053036,聯電凱基98購01  ,0,0,0,0,0,0,0,0,0,0,0,0,0,19000,19000,0,0
053059,聯發科永昌99購01,0,0,0,0,0,0,0,0,0,0,0,0,0,1000,1000,0,0
053057,聯電國泰97購02  ,0,0,0,0,0,0,0,0,0,0,0,0,0,18000,18000,0,0
053064,國巨群益96購04  ,0,0,0,0,0,0,0,0,0,0,0,0,0,3000,3000,0,0
053075,欣興永豐96購01  ,0,0,0,0,0,0,0,0,0,0,0,0,0,15000,15000,0,0
051526,超眾凱基95購02  ,0,0,0,0,0,0,0,0,0,0,0,0,0,16000,16000,0,0
051486,玉晶光凱基97購03,0,0,0,0,0,0,0,0,0,0,0,0,0,10000,10000,0,0
051489,世芯凱基95購01  ,0,0,0,0,0,0,0,0,0,0,0,0,0,10000,10000,0,0
051576,台積電元大97購02,0,0,0,0,0,0,0,0,0,0,0,0,0,10000,10000,0,0
051588,聯詠元大95購03  ,0,0,0,0,0,0,0,0,0,0,0,0,0,8000,8000,0,0
051615,華通凱基96購01  ,0,0,0,0,0,0,0,0,0,0,0,0,0,1000,1000,0,0
051621,欣興凱基95購02  ,0,0,0,0,0,0,0,0,0,0,0,0,0,15000,15000,0,0
051581,聯發科元大95購12,0,0,0,0,0,0,0,0,0,0,0,0,0,4000,4000,0,0
05165P,欣興元富95售03  ,0,0,0,0,0,0,0,0,0,0,0,0,0,2000,2000,0,0
051740,可成國票96購04  ,0,0,0,0,0,0,0,0,0,0,0,0,0,2000,2000,0,0
05171P,臺股指元大95售15,0,0,0,0,0,0,0,0,0,0,0,0,0,2000,2000,0,0
051730,為升國票96購02  ,0,0,0,0,0,0,0,0,0,0,0,0,0,20000,20000,0,0
051779,大立光群益95購02,0,0,0,0,0,0,0,0,0,0,0,0,0,10000,10000,0,0
05180P,玉晶光凱基95售04,0,0,0,0,0,0,0,0,0,0,0,0,0,40000,40000,0,0
051824,華通元大95購07  ,0,0,0,0,0,0,0,0,0,0,0,0,0,9000,9000,0,0
051861,鴻海凱基98購01  ,0,0,0,0,0,0,0,0,0,0,0,0,0,190000,190000,0,0
052107,台積電統一95購06,0,0,0,0,0,0,0,0,0,0,0,0,0,300000,300000,0,0
052176,景碩元大96購01  ,0,0,0,0,0,0,0,0,0,0,0,0,0,18000,18000,0,0
052171,台積電元大95購21,0,0,0,0,0,0,0,0,0,0,0,0,0,2000,2000,0,0
052172,致茂元大95購01  ,0,0,0,0,0,0,0,0,0,0,0,0,0,1000,1000,0,0
052228,聯發科凱基96購06,0,0,0,0,0,0,0,0,0,0,0,0,0,11000,11000,0,0
052226,旺宏凱基95購06  ,0,0,0,0,0,0,0,0,0,0,0,0,0,1000,1000,0,0
052279,旺宏凱基95購07  ,0,0,0,0,0,0,0,0,0,0,0,0,0,1000,1000,0,0
052296,TPK國票96購01   ,0,0,0,0,0,0,0,0,0,0,0,0,0,1250000,1250000,0,0
052056,緯穎凱基95購04  ,0,0,0,0,0,0,0,0,0,0,0,0,0,6000,6000,0,0
052086,鴻海元大96購08  ,0,0,0,0,0,0,0,0,0,0,0,0,0,2000,2000,0,0
052084,台泥元大95購01  ,0,0,0,0,0,0,0,0,0,0,0,0,0,2000,2000,0,0
052072,健策統一95購02  ,0,0,0,0,0,0,0,0,0,0,0,0,0,10000,10000,0,0
051978,泰碩凱基96購01  ,0,0,0,0,0,0,0,0,0,0,0,0,0,20000,20000,0,0
051975,美食凱基95購02  ,0,0,0,0,0,0,0,0,0,0,0,0,0,2000,2000,0,0
051906,國巨元大95購09  ,0,0,0,0,0,0,0,0,0,0,0,0,0,2000,2000,0,0
051914,健策元大96購06  ,0,0,0,0,0,0,0,0,0,0,0,0,0,12000,12000,0,0
051910,大立光元大97購01,0,0,0,0,0,0,0,0,0,0,0,0,0,10000,10000,0,0
051908,國泰金元大96購02,0,0,0,0,0,0,0,0,0,0,0,0,0,4000,4000,0,0
053553,聯詠凱基96購03  ,0,0,0,0,0,0,0,0,0,0,0,0,0,3000,3000,0,0
053546,台積電凱基96購13,0,0,0,0,0,0,0,0,0,0,0,0,0,10000,10000,0,0
053596,嘉澤元大96購01  ,0,0,0,0,0,0,0,0,0,0,0,0,0,4000,4000,0,0
053578,華新元大98購01  ,0,0,0,0,0,0,0,0,0,0,0,0,0,2000,2000,0,0
053581,台積電元大96購14,0,0,0,0,0,0,0,0,0,0,0,0,0,60000,60000,0,0
053616,奇力新群益97購01,0,0,0,0,0,0,0,0,0,0,0,0,0,36000,36000,0,0
053660,群創凱基98購08  ,0,0,0,0,0,0,0,0,0,0,0,0,0,300000,300000,0,0
053688,燿華元大96購05  ,0,0,0,0,0,0,0,0,0,0,0,0,0,14000,14000,0,0
053713,漢唐凱基96購04  ,0,0,0,0,0,0,0,0,0,0,0,0,0,2000,2000,0,0
053869,嘉澤元大96購02  ,0,0,0,0,0,0,0,0,0,0,0,0,0,4000,4000,0,0
053847,美律元富96購02  ,0,0,0,0,0,0,0,0,0,0,0,0,0,110000,110000,0,0
053829,力成麥證96購01  ,0,0,0,3000,3000,0,0,0,0,0,0,0,0,3000,3000,0,0
05383P,鴻海富邦95售06  ,0,0,0,0,0,0,0,0,0,0,0,0,0,1200000,1200000,0,0
053778,旺宏元大97購03  ,0,0,0,0,0,0,0,0,0,0,0,0,0,21000,21000,0,0
053771,華新元大97購01  ,0,0,0,0,0,0,0,0,0,0,0,0,0,6000,6000,0,0
053798,台積電中信98購02,0,0,0,0,0,0,0,0,0,0,0,0,0,6000,6000,0,0
053814,美律群益97購02  ,0,0,0,0,0,0,0,0,0,0,0,0,0,14000,14000,0,0
05371P,臺股指中信95售10,0,0,0,0,0,0,0,0,0,0,0,0,0,15000,15000,0,0
053722,新光金凱基9C購01,0,0,0,0,0,0,0,0,0,0,0,0,0,49000,49000,0,0
053727,麗豐凱基97購01  ,0,0,0,0,0,0,0,0,0,0,0,0,0,4000,4000,0,0
053506,南茂兆豐97購01  ,0,0,0,0,0,0,0,0,0,0,0,0,0,10000,10000,0,0
053467,鴻海元大96購20  ,0,0,0,0,0,0,0,0,0,0,0,0,0,52000,52000,0,0
053470,華邦電元大96購02,0,0,0,0,0,0,0,0,0,0,0,0,0,4000,4000,0,0
053475,華新科元大96購05,0,0,0,0,0,0,0,0,0,0,0,0,0,58000,58000,0,0
053446,欣興凱基96購02  ,0,0,0,0,0,0,0,0,0,0,0,0,0,10000,10000,0,0
053351,A50正2兆豐97購01,0,0,0,0,0,0,0,0,0,0,0,0,0,40000,40000,0,0
053334,訊芯永豐96購01  ,0,0,0,0,0,0,0,0,0,0,0,0,0,35000,35000,0,0
053373,台泥元大96購01  ,0,0,0,0,0,0,0,0,0,0,0,0,0,28000,28000,0,0
053384,聯發科元大96購13,0,0,0,0,0,0,0,0,0,0,0,0,0,9000,9000,0,0
053385,聯詠元大96購02  ,0,0,0,0,0,0,0,0,0,0,0,0,0,19000,19000,0,0
053375,鴻海元大96購18  ,0,0,0,0,0,0,0,0,0,0,0,0,0,88000,88000,0,0
053397,國泰金中信96購01,0,0,0,0,0,0,0,0,0,0,0,0,0,6000,6000,0,0
053299,台泥凱基96購01  ,0,0,0,0,0,0,0,0,0,0,0,0,0,2000,2000,0,0
05329P,臺股指凱基95售13,0,0,0,0,0,0,0,0,0,0,0,0,0,20000,20000,0,0
053323,群創群益98購07  ,0,0,0,0,0,0,0,0,0,0,0,0,0,8000,8000,0,0
053274,旺宏元大98購03  ,0,0,0,0,0,0,0,0,0,0,0,0,0,13000,13000,0,0
053265,南亞科群益96購02,0,0,0,0,0,0,0,0,0,0,0,0,0,3000,3000,0,0
053254,群創國泰98購02  ,0,0,0,0,0,0,0,0,0,0,0,0,0,118000,118000,0,0
053159,同欣電元大96購02,0,0,0,0,0,0,0,0,0,0,0,0,0,24000,24000,0,0
053216,京鼎凱基96購02  ,0,0,0,0,0,0,0,0,0,0,0,0,0,4000,4000,0,0
053213,建準凱基96購02  ,0,0,0,0,0,0,0,0,0,0,0,0,0,2000,2000,0,0
053209,台積電凱基96購07,0,0,0,0,0,0,0,0,0,0,0,0,0,100000,100000,0,0
054140,智易元大97購03  ,0,0,0,0,0,0,0,0,0,0,0,0,0,12000,12000,0,0
054153,宏達電國泰97購01,0,0,0,0,0,0,0,0,0,0,0,0,0,26000,26000,0,0
054203,滬深2X國票96購03,0,0,0,0,0,0,0,0,0,0,0,0,0,20000,20000,0,0
05421P,鴻海元大96售12  ,0,0,0,0,0,0,0,0,0,0,0,0,0,265000,265000,0,0
054184,A50正2永豐96購01,0,0,0,0,0,0,0,0,0,0,0,0,0,2000,2000,0,0
054316,矽創凱基97購01  ,0,0,0,0,0,0,0,0,0,0,0,0,0,24000,24000,0,0
054300,華通凱基96購07  ,0,0,0,0,0,0,0,0,0,0,0,0,0,14000,14000,0,0
054293,健策元大98購02  ,0,0,0,0,0,0,0,0,0,0,0,0,0,11000,11000,0,0
054244,華新元大96購01  ,0,0,0,0,0,0,0,0,0,0,0,0,0,3000,3000,0,0
054251,聯發科元大96購21,0,0,0,0,0,0,0,0,0,0,0,0,0,8000,8000,0,0
054262,瀚宇博元大96購03,0,0,0,0,0,0,0,0,0,0,0,0,0,1000,1000,0,0
054259,健策元大97購03  ,0,0,0,0,0,0,0,0,0,0,0,0,0,94000,94000,0,0
054049,亞光元大96購03  ,0,0,0,0,0,0,0,0,0,0,0,0,0,3000,3000,0,0
054027,欣興凱基96購04  ,0,0,0,0,0,0,0,0,0,0,0,0,0,15000,15000,0,0
054043,漢唐元大97購01  ,0,0,0,0,0,0,0,0,0,0,0,0,0,8000,8000,0,0
054122,康友永豐96購01  ,0,0,0,0,0,0,0,0,0,0,0,0,0,17000,17000,0,0
054135,大立光元大97購04,0,0,0,0,0,0,0,0,0,0,0,0,0,25000,25000,0,0
054095,同欣電群益98購03,0,0,0,0,0,0,0,0,0,0,0,0,0,22000,22000,0,0
053971,聯發科元大97購09,0,0,0,0,0,0,0,0,0,0,0,0,0,50000,50000,0,0
053956,旺宏永豐96購04  ,0,0,0,0,0,0,0,0,0,0,0,0,0,8000,8000,0,0
053984,康友元大96購05  ,0,0,0,0,0,0,0,0,0,0,0,0,0,19000,19000,0,0
054011,旺宏永豐96購05  ,0,0,0,0,0,0,0,0,0,0,0,0,0,7000,7000,0,0
054476,聯發科中信96購03,0,0,0,0,0,0,0,0,0,0,0,0,0,50000,50000,0,0
054462,旺宏凱基96購08  ,0,0,0,0,0,0,0,0,0,0,0,0,0,13000,13000,0,0
05442P,鴻海元大96售13  ,0,0,0,0,0,0,0,0,0,0,0,0,0,75000,75000,0,0
054550,旺宏凱基98購02  ,0,0,0,0,0,0,0,0,0,0,0,0,0,1000,1000,0,0
054551,聯發科凱基98購02,0,0,0,0,0,0,0,0,0,0,0,0,0,20000,20000,0,0
054540,泰鼎國票99購01  ,0,0,0,0,0,0,0,0,0,0,0,0,0,10000,10000,0,0
054621,華新科兆豐98購01,0,0,0,0,0,0,0,0,0,0,0,0,0,10000,10000,0,0
054642,訊芯中信9A購01  ,0,0,0,0,0,0,0,0,0,0,0,0,0,10000,10000,0,0
054663,同欣電元大97購03,0,0,0,0,0,0,0,0,0,0,0,0,0,6000,6000,0,0
6442,光聖            ,1000,1050,-50,0,0,0,0,0,0,0,0,0,0,0,0,0,-50
6277,宏正            ,1000,2000,-1000,0,0,0,0,0,0,0,0,0,0,0,0,0,-1000
6666,羅麗芬-KY       ,1000,1000,0,0,0,0,0,0,0,-1000,0,0,0,0,1000,-1000,-1000
6625,必應            ,0,1000,-1000,0,0,0,0,0,0,0,0,0,0,0,0,0,-1000
6128,上福            ,3000,0,3000,0,0,0,0,4000,-4000,0,0,0,0,0,0,0,-1000
5607,遠雄港          ,26000,27000,-1000,0,0,0,0,0,0,0,0,0,0,0,0,0,-1000
5608,四維航          ,3000,3000,0,0,0,0,0,0,0,-1000,0,1000,-1000,0,0,0,-1000
5283,禾聯碩          ,1000,2000,-1000,0,0,0,0,0,0,0,0,0,0,0,0,0,-1000
9944,新麗            ,6000,7000,-1000,0,0,0,0,0,0,0,0,0,0,0,0,0,-1000
8497,格威傳媒        ,0,1000,-1000,0,0,0,0,0,0,0,0,0,0,0,0,0,-1000
9919,康那香          ,4000,5000,-1000,0,0,0,0,0,0,0,0,0,0,0,0,0,-1000
9927,泰銘            ,5000,6000,-1000,0,0,0,0,0,0,0,0,0,0,0,0,0,-1000
8104,錸寶            ,8000,9000,-1000,0,0,0,0,0,0,0,0,0,0,0,0,0,-1000
2712,遠雄來          ,0,1000,-1000,0,0,0,0,0,0,0,0,0,0,0,0,0,-1000
3026,禾伸堂          ,64000,29000,35000,0,0,0,1000,0,1000,-37000,0,0,0,3000,40000,-37000,-1000
4720,德淵            ,0,0,0,0,0,0,0,0,0,-1000,0,1000,-1000,0,0,0,-1000
3669,圓展            ,1000,2000,-1000,0,0,0,0,0,0,0,0,0,0,0,0,0,-1000
3346,麗清            ,1000,2000,-1000,0,0,0,0,0,0,0,0,0,0,0,0,0,-1000
3257,虹冠電          ,3000,4000,-1000,0,0,0,0,0,0,0,0,0,0,0,0,0,-1000
3416,融程電          ,6000,1000,5000,0,0,0,0,0,0,-6000,0,6000,-6000,0,0,0,-1000
06181P,國巨中信97售02  ,0,0,0,0,0,0,0,0,0,-1000,0,0,0,1000,2000,-1000,-1000
1454,台富            ,0,1000,-1000,0,0,0,0,0,0,0,0,0,0,0,0,0,-1000
1219,福壽            ,0,1000,-1000,0,0,0,0,0,0,0,0,0,0,0,0,0,-1000
1786,科妍            ,9000,10000,-1000,0,0,0,0,0,0,0,0,0,0,0,0,0,-1000
1587,吉茂            ,0,1000,-1000,0,0,0,0,0,0,0,0,0,0,0,0,0,-1000
1592,英瑞-KY         ,4000,5000,-1000,0,0,0,0,0,0,0,0,0,0,0,0,0,-1000
1472,三洋紡          ,1000,2000,-1000,0,0,0,0,0,0,0,0,0,0,0,0,0,-1000
2465,麗臺            ,0,1000,-1000,0,0,0,0,0,0,0,0,0,0,0,0,0,-1000
2460,建通            ,0,2000,-2000,0,0,0,0,0,0,1000,1000,0,1000,0,0,0,-1000
2496,卓越            ,0,1000,-1000,0,0,0,0,0,0,0,0,0,0,0,0,0,-1000
055233,康友國票98購01  ,0,0,0,0,0,0,0,0,0,-1000,0,0,0,0,1000,-1000,-1000
055170,光磊統一97購01  ,0,0,0,0,0,0,0,0,0,-1000,0,0,0,0,1000,-1000,-1000
055193,世芯元富97購02  ,0,0,0,0,0,0,0,0,0,-1000,0,0,0,9000,10000,-1000,-1000
055097,福懋科群益97購01,0,0,0,0,0,0,0,0,0,-1000,0,0,0,0,1000,-1000,-1000
055109,正崴凱基98購01  ,0,0,0,0,0,0,0,0,0,-1000,0,0,0,0,1000,-1000,-1000
055087,瑞昱亞東97購01  ,0,0,0,0,0,0,0,0,0,-1000,0,0,0,0,1000,-1000,-1000
055084,國巨第一97購01  ,0,0,0,0,0,0,0,0,0,-1000,0,0,0,0,1000,-1000,-1000
055074,台虹永豐97購01  ,0,0,0,0,0,0,0,0,0,-1000,0,0,0,0,1000,-1000,-1000
055349,京元電凱基97購02,0,0,0,0,0,0,0,0,0,-1000,0,0,0,0,1000,-1000,-1000
055316,上銀國票98購01  ,0,0,0,0,0,0,0,0,0,-1000,0,0,0,16000,17000,-1000,-1000
055318,華通國票98購01  ,0,0,0,0,0,0,0,0,0,-1000,0,0,0,0,1000,-1000,-1000
055299,康友元大97購02  ,0,0,0,0,0,0,0,0,0,-1000,0,0,0,10000,11000,-1000,-1000
055374,明泰元大97購01  ,0,0,0,0,0,0,0,0,0,-1000,0,0,0,0,1000,-1000,-1000
055344,國巨凱基97購04  ,0,0,0,0,0,0,0,0,0,-1000,0,0,0,3000,4000,-1000,-1000
055384,緯穎元大98購02  ,0,0,0,0,0,0,0,0,0,-1000,0,0,0,4000,5000,-1000,-1000
055425,聚陽群益99購01  ,0,0,0,0,0,0,0,0,0,-1000,0,0,0,0,1000,-1000,-1000
054716,緯穎康和97購01  ,0,0,0,0,0,0,0,0,0,-1000,0,0,0,0,1000,-1000,-1000
054837,欣興第一97購01  ,0,0,0,0,0,0,0,0,0,-1000,0,0,0,0,1000,-1000,-1000
056037,美律凱基98購03  ,0,0,0,0,0,0,0,0,0,-1000,0,0,0,0,1000,-1000,-1000
05666P,聯發科凱基96售14,0,0,0,0,0,0,0,0,0,-1000,0,0,0,12000,13000,-1000,-1000
056080,世紀鋼元大97購03,19000,0,19000,0,0,0,0,0,0,-20000,0,0,0,0,20000,-20000,-1000
056077,矽力元大97購07  ,0,0,0,0,0,0,0,0,0,-1000,0,0,0,0,1000,-1000,-1000
055640,鴻海元富97購03  ,0,0,0,0,0,0,0,0,0,-1000,0,0,0,44000,45000,-1000,-1000
055517,國巨中信97購03  ,0,0,0,0,0,0,0,0,0,-1000,0,0,0,0,1000,-1000,-1000
055508,矽力元大97購01  ,0,0,0,0,0,0,0,0,0,-1000,0,0,0,0,1000,-1000,-1000
055486,國巨元大98購06  ,0,0,0,0,0,0,0,0,0,-1000,0,0,0,6000,7000,-1000,-1000
055488,華邦電元大98購01,0,0,0,0,0,0,0,0,0,-1000,0,0,0,0,1000,-1000,-1000
055874,中環元富9A購01  ,0,0,0,0,0,0,0,0,0,-1000,0,0,0,12000,13000,-1000,-1000
055883,樺漢元富97購01  ,0,0,0,0,0,0,0,0,0,-1000,0,0,0,0,1000,-1000,-1000
046522,樺漢元大92購03  ,0,0,0,0,0,0,0,0,0,-1000,0,0,0,1000,2000,-1000,-1000
04654P,臺股指凱基94售13,0,0,0,0,0,0,0,0,0,-1000,0,0,0,60000,61000,-1000,-1000
046411,新光金元大92購01,0,0,0,0,0,0,0,0,0,-1000,0,0,0,12000,13000,-1000,-1000
046444,矽力日盛92購01  ,0,0,0,0,0,0,0,0,0,-1000,0,0,0,0,1000,-1000,-1000
046317,亞光元大92購04  ,0,0,0,0,0,0,0,0,0,-1000,0,0,0,0,1000,-1000,-1000
046638,台積電永豐93購01,0,0,0,0,0,0,0,0,0,-1000,0,0,0,0,1000,-1000,-1000
046639,嘉晶永豐93購01  ,0,0,0,0,0,0,0,0,0,-1000,0,0,0,0,1000,-1000,-1000
046222,上銀元大92購08  ,0,0,0,0,0,0,0,0,0,-1000,0,0,0,0,1000,-1000,-1000
046191,新光金凱基98購01,0,0,0,0,0,0,0,0,0,-1000,0,0,0,0,1000,-1000,-1000
046269,禾伸堂凱基92購03,0,0,0,0,0,0,0,0,0,-1000,0,0,0,0,1000,-1000,-1000
046977,潤泰全永豐93購01,0,0,0,0,0,0,0,0,0,-1000,0,0,0,0,1000,-1000,-1000
050263,旺宏元大94購10  ,0,0,0,0,0,0,0,0,0,-1000,0,0,0,14000,15000,-1000,-1000
050024,旺宏元大94購09  ,0,0,0,0,0,0,0,0,0,-1000,0,0,0,0,1000,-1000,-1000
050049,華通群益96購01  ,0,0,0,0,0,0,0,0,0,-1000,0,0,0,1000,2000,-1000,-1000
045615,樺漢群益92購01  ,0,0,0,0,0,0,0,0,0,-1000,0,0,0,0,1000,-1000,-1000
045517,元油2X元富98購01,0,0,0,0,0,0,0,0,0,-1000,0,0,0,0,1000,-1000,-1000
045450,元油2X富邦93購04,0,0,0,0,0,0,0,0,0,-1000,0,0,0,0,1000,-1000,-1000
045093,台表科元大93購02,0,0,0,0,0,0,0,0,0,-1000,0,0,0,0,1000,-1000,-1000
046073,日月光凱基92購03,0,0,0,0,0,0,0,0,0,-1000,0,0,0,0,1000,-1000,-1000
045105,大立光群益92購03,0,0,0,0,0,0,0,0,0,-1000,0,0,0,0,1000,-1000,-1000
046905,新光金凱基99購01,0,0,0,0,0,0,0,0,0,-1000,0,0,0,0,1000,-1000,-1000
045886,華邦電元大92購04,0,0,0,0,0,0,0,0,0,-1000,0,0,0,0,1000,-1000,-1000
046716,欣興國泰93購03  ,0,0,0,0,0,0,0,0,0,-1000,0,0,0,0,1000,-1000,-1000
04671P,華通統一94售01  ,0,0,0,0,0,0,0,0,0,-1000,0,0,0,0,1000,-1000,-1000
046727,新光金元大93購03,0,0,0,0,0,0,0,0,0,-1000,0,0,0,32000,33000,-1000,-1000
046728,明泰元大93購01  ,0,0,0,0,0,0,0,0,0,-1000,0,0,0,0,1000,-1000,-1000
047066,力成凱基93購04  ,0,0,0,0,0,0,0,0,0,-1000,0,0,0,0,1000,-1000,-1000
046800,儒鴻元大93購02  ,0,0,0,0,0,0,0,0,0,-1000,0,0,0,0,1000,-1000,-1000
045385,華新科元大93購04,0,0,0,0,0,0,0,0,0,-1000,0,0,0,0,1000,-1000,-1000
045344,可成凱基92購06  ,0,0,0,0,0,0,0,0,0,-1000,0,0,0,0,1000,-1000,-1000
045345,新光金凱基92購01,0,0,0,0,0,0,0,0,0,-1000,0,0,0,0,1000,-1000,-1000
045260,可成凱基92購04  ,0,0,0,0,0,0,0,0,0,-1000,0,0,0,0,1000,-1000,-1000
046007,緯穎統一92購02  ,0,0,0,0,0,0,0,0,0,-1000,0,0,0,0,1000,-1000,-1000
045963,新光金凱基93購01,0,0,0,0,0,0,0,0,0,-1000,0,0,0,0,1000,-1000,-1000
03860P,群創元富97售01  ,0,0,0,0,0,0,0,0,0,-1000,0,0,0,0,1000,-1000,-1000
03796P,宏碁元大93售01  ,0,0,0,0,0,0,0,0,0,-1000,0,0,0,0,1000,-1000,-1000
036628,統一台新99購01  ,0,0,0,0,0,0,0,0,0,-1000,0,0,0,0,1000,-1000,-1000
044622,旺宏元大92購06  ,0,0,0,0,0,0,0,0,0,-1000,0,0,0,0,1000,-1000,-1000
03026X,元展23          ,0,0,0,0,0,0,0,0,0,-1000,0,0,0,0,1000,-1000,-1000
03103P,聯發科元富01售02,0,0,0,0,0,0,0,0,0,-1000,0,0,0,0,1000,-1000,-1000
04121P,宏碁凱基93售02  ,0,0,0,0,0,0,0,0,0,-1000,0,0,0,0,1000,-1000,-1000
00685L,群益臺灣加權正2 ,0,0,0,0,0,0,0,0,0,-1000,0,0,0,4000,5000,-1000,-1000
00714,群益道瓊美國地產,0,0,0,0,0,0,0,0,0,-1000,0,0,0,100000,101000,-1000,-1000
00732,國泰RMB短期報酬 ,0,0,0,0,0,0,0,0,0,-1000,0,0,0,100000,101000,-1000,-1000
044909,玉晶光凱基93購02,0,0,0,0,0,0,0,0,0,-1000,0,0,0,20000,21000,-1000,-1000
044929,康控國泰93購01  ,0,0,0,0,0,0,0,0,0,-1000,0,0,0,0,1000,-1000,-1000
044861,玉晶光兆豐93購01,0,0,0,0,0,0,0,0,0,-1000,0,0,0,20000,21000,-1000,-1000
044379,A50正2群益92購01,0,0,0,0,0,0,0,0,0,-1000,0,0,0,0,1000,-1000,-1000
04322P,可成元大94售01  ,0,0,0,0,0,0,0,0,0,-1000,0,0,0,0,1000,-1000,-1000
043231,鴻海中信95購01  ,0,0,0,0,0,0,0,0,0,-1000,0,0,0,10000,11000,-1000,-1000
04394P,臻鼎凱基94售01  ,0,0,0,0,0,0,0,0,0,-1000,0,0,0,0,1000,-1000,-1000
043980,旺宏元大92購05  ,0,0,0,0,0,0,0,0,0,-1000,0,0,0,0,1000,-1000,-1000
044065,亞光元大92購02  ,0,0,0,0,0,0,0,0,0,-1000,0,0,0,0,1000,-1000,-1000
047432,台達電元大93購01,0,0,0,0,0,0,0,0,0,-1000,0,0,0,0,1000,-1000,-1000
047396,力成元大93購01  ,0,0,0,0,0,0,0,0,0,-1000,0,0,0,0,1000,-1000,-1000
043764,康友元大92購03  ,0,0,0,0,0,0,0,0,0,-1000,0,0,0,0,1000,-1000,-1000
048037,台表科凱基93購05,0,0,0,0,0,0,0,0,0,-1000,0,0,0,0,1000,-1000,-1000
048061,鴻海統一95購03  ,0,0,0,0,0,0,0,0,0,-1000,0,0,0,95000,96000,-1000,-1000
047643,新光金元大95購02,0,0,0,0,0,0,0,0,0,-1000,0,0,0,0,1000,-1000,-1000
050894,旺宏元大96購03  ,0,0,0,0,0,0,0,0,0,-1000,0,0,0,0,1000,-1000,-1000
050459,台表科元大94購03,0,0,0,0,0,0,0,0,0,-1000,0,0,0,0,1000,-1000,-1000
050457,力成元大94購01  ,0,0,0,0,0,0,0,0,0,-1000,0,0,0,0,1000,-1000,-1000
050859,訊芯康和95購01  ,0,0,0,0,0,0,0,0,0,-1000,0,0,0,0,1000,-1000,-1000
048193,旺宏元大94購05  ,0,0,0,0,0,0,0,0,0,-1000,0,0,0,5000,6000,-1000,-1000
048129,力成元大93購02  ,0,0,0,0,0,0,0,0,0,-1000,0,0,0,0,1000,-1000,-1000
048121,亞德客元大93購05,0,0,0,0,0,0,0,0,0,-1000,0,0,0,0,1000,-1000,-1000
047894,大成鋼群益93購01,0,0,0,0,0,0,0,0,0,-1000,0,0,0,0,1000,-1000,-1000
049036,燿華兆豐95購01  ,0,0,0,0,0,0,0,0,0,-1000,0,0,0,0,1000,-1000,-1000
048417,國巨統一94購01  ,0,0,0,0,0,0,0,0,0,-1000,0,0,0,0,1000,-1000,-1000
048429,旺宏國票94購02  ,0,0,0,0,0,0,0,0,0,-1000,0,0,0,0,1000,-1000,-1000
050690,台達電凱基96購01,0,0,0,0,0,0,0,0,0,-1000,0,0,0,0,1000,-1000,-1000
050799,嘉聯益中信98購01,0,0,0,0,0,0,0,0,0,-1000,0,0,0,0,1000,-1000,-1000
050825,嘉澤凱基95購01  ,0,0,0,0,0,0,0,0,0,-1000,0,0,0,2000,3000,-1000,-1000
049918,宏達電元大94購01,0,0,0,0,0,0,0,0,0,-1000,0,0,0,1000,2000,-1000,-1000
047552,潤泰全凱基94購02,0,0,0,0,0,0,0,0,0,-1000,0,0,0,0,1000,-1000,-1000
047506,卜蜂國票93購01  ,0,0,0,0,0,0,0,0,0,-1000,0,0,0,0,1000,-1000,-1000
048332,台積電富邦94購02,0,0,0,0,0,0,0,0,0,-1000,0,0,0,0,1000,-1000,-1000
049708,滬深2X凱基94購02,0,0,0,0,0,0,0,0,0,-1000,0,0,0,37000,38000,-1000,-1000
049857,緯穎群益94購03  ,0,0,0,0,0,0,0,0,0,-1000,0,0,0,35000,36000,-1000,-1000
049678,臺股指國票94購11,0,0,0,0,0,0,0,0,0,-1000,0,0,0,0,1000,-1000,-1000
049653,緯穎凱基94購03  ,0,0,0,0,0,0,0,0,0,-1000,0,0,0,0,1000,-1000,-1000
048408,正文群益93購01  ,0,0,0,0,0,0,0,0,0,-1000,0,0,0,0,1000,-1000,-1000
047829,旺宏元大93購06  ,0,0,0,0,0,0,0,0,0,-1000,0,0,0,0,1000,-1000,-1000
051071,聯發科國票96購01,0,0,0,0,0,0,0,0,0,-1000,0,0,0,0,1000,-1000,-1000
051120,南亞科群益95購01,0,0,0,0,0,0,0,0,0,-1000,0,0,0,7000,8000,-1000,-1000
047766,聯發科元大93購19,0,0,0,0,0,0,0,0,0,-1000,0,0,0,7000,8000,-1000,-1000
050292,可成凱基94購11  ,0,0,0,0,0,0,0,0,0,-1000,0,0,0,0,1000,-1000,-1000
049274,臺股指元大94購09,0,0,0,0,0,0,0,0,0,-1000,0,0,0,0,1000,-1000,-1000
049263,大立光元大94購10,0,0,0,0,0,0,0,0,0,-1000,0,0,0,0,1000,-1000,-1000
051166,可成元大95購02  ,0,0,0,0,0,0,0,0,0,-1000,0,0,0,0,1000,-1000,-1000
05116P,台積電群益95售03,0,0,0,0,0,0,0,0,0,-1000,0,0,0,0,1000,-1000,-1000
051245,南亞科元大95購01,0,0,0,0,0,0,0,0,0,-1000,0,0,0,1000,2000,-1000,-1000
051276,SGBR2X中信97購01,0,0,0,0,0,0,0,0,0,-1000,0,0,0,0,1000,-1000,-1000
051482,玉晶光凱基96購01,0,0,0,0,0,0,0,0,0,-1000,0,0,0,8000,9000,-1000,-1000
051447,新光金元大97購01,0,0,0,0,0,0,0,0,0,-1000,0,0,0,0,1000,-1000,-1000
051469,友達日盛9B購01  ,0,0,0,0,0,0,0,0,0,-1000,0,0,0,0,1000,-1000,-1000
049559,香港反統一94購02,0,0,0,0,0,0,0,0,0,-1000,0,0,0,0,1000,-1000,-1000
049585,旺宏元大95購02  ,0,0,0,0,0,0,0,0,0,-1000,0,0,0,9000,10000,-1000,-1000
049586,正崴元大94購01  ,0,0,0,0,0,0,0,0,0,-1000,0,0,0,0,1000,-1000,-1000
049534,華擎永豐94購02  ,0,0,0,0,0,0,0,0,0,-1000,0,0,0,0,1000,-1000,-1000
049498,茂林元大95購01  ,0,0,0,0,0,0,0,0,0,-1000,0,0,0,0,1000,-1000,-1000
049463,華新科富邦97購01,0,0,0,0,0,0,0,0,0,-1000,0,0,0,0,1000,-1000,-1000
049735,台光電群益94購03,0,0,0,0,0,0,0,0,0,-1000,0,0,0,23000,24000,-1000,-1000
049128,滬深2X元大97購03,0,0,0,0,0,0,0,0,0,-1000,0,0,0,0,1000,-1000,-1000
049135,台達電元大94購03,0,0,0,0,0,0,0,0,0,-1000,0,0,0,3000,4000,-1000,-1000
049150,新光金元大96購01,0,0,0,0,0,0,0,0,0,-1000,0,0,0,35000,36000,-1000,-1000
048613,智原凱基93購03  ,0,0,0,0,0,0,0,0,0,-1000,0,0,0,0,1000,-1000,-1000
048574,台積電國泰95購02,0,0,0,0,0,0,0,0,0,-1000,0,0,0,0,1000,-1000,-1000
048577,GIS國泰94購01   ,0,0,0,0,0,0,0,0,0,-1000,0,0,0,2000,3000,-1000,-1000
048936,玉晶光永豐94購05,0,0,0,0,0,0,0,0,0,-1000,0,0,0,1000,2000,-1000,-1000
048908,慧洋富邦95購01  ,0,0,0,0,0,0,0,0,0,-1000,0,0,0,0,1000,-1000,-1000
048706,緯穎國票94購01  ,0,0,0,0,0,0,0,0,0,-1000,0,0,0,0,1000,-1000,-1000
048871,晶豪科國票94購01,0,0,0,0,0,0,0,0,0,-1000,0,0,0,10000,11000,-1000,-1000
054646,華新科群益97購03,0,0,0,0,0,0,0,0,0,-1000,0,0,0,0,1000,-1000,-1000
054620,南茂永豐97購01  ,0,0,0,0,0,0,0,0,0,-1000,0,0,0,0,1000,-1000,-1000
054567,拓凱群益98購01  ,0,0,0,0,0,0,0,0,0,-1000,0,0,0,0,1000,-1000,-1000
054580,樺漢元大98購01  ,0,0,0,0,0,0,0,0,0,-1000,0,0,0,1000,2000,-1000,-1000
054453,上海銀亞東96購01,0,0,0,0,0,0,0,0,0,-1000,0,0,0,3000,4000,-1000,-1000
054446,美食兆豐97購01  ,0,0,0,0,0,0,0,0,0,-1000,0,0,0,0,1000,-1000,-1000
054479,緯創中信98購01  ,0,0,0,0,0,0,0,0,0,-1000,0,0,0,9000,10000,-1000,-1000
053985,矽創元大96購02  ,0,0,0,0,0,0,0,0,0,-1000,0,0,0,20000,21000,-1000,-1000
053982,臻鼎元大96購05  ,0,0,0,0,0,0,0,0,0,-1000,0,0,0,0,1000,-1000,-1000
054109,南亞科凱基96購05,0,0,0,0,0,0,0,0,0,-1000,0,0,0,0,1000,-1000,-1000
054111,緯穎凱基97購01  ,0,0,0,0,0,0,0,0,0,-1000,0,0,0,0,1000,-1000,-1000
054065,樺漢國票97購01  ,0,0,0,0,0,0,0,0,0,-1000,0,0,0,0,1000,-1000,-1000
054247,華邦電元大96購04,0,0,0,0,0,0,0,0,0,-1000,0,0,0,0,1000,-1000,-1000
053151,華新科元大96購04,0,0,0,0,0,0,0,0,0,-1000,0,0,0,0,1000,-1000,-1000
053266,全新群益98購01  ,0,0,0,0,0,0,0,0,0,-1000,0,0,0,4000,5000,-1000,-1000
053465,聯電元大96購05  ,0,0,0,0,0,0,0,0,0,-1000,0,0,0,0,1000,-1000,-1000
053505,瑞儀兆豐97購01  ,0,0,0,0,0,0,0,0,0,-1000,0,0,0,0,1000,-1000,-1000
053501,明泰兆豐96購01  ,0,0,0,0,0,0,0,0,0,-1000,0,0,0,0,1000,-1000,-1000
053730,樺漢凱基98購01  ,0,0,0,0,0,0,0,0,0,-1000,0,0,0,1000,2000,-1000,-1000
053776,台積電元大96購19,0,0,0,0,0,0,0,0,0,-1000,0,0,0,6000,7000,-1000,-1000
053838,正文永豐96購02  ,0,0,0,0,0,0,0,0,0,-1000,0,0,0,0,1000,-1000,-1000
053629,玉山金兆豐96購01,0,0,0,0,0,0,0,0,0,-1000,0,0,0,30000,31000,-1000,-1000
053639,禾伸堂永豐96購01,0,0,0,0,0,0,0,0,0,-1000,0,0,0,0,1000,-1000,-1000
053536,明泰永豐96購01  ,0,0,0,0,0,0,0,0,0,-1000,0,0,0,0,1000,-1000,-1000
051902,T50反1元大97購01,0,0,0,0,0,0,0,0,0,-1000,0,0,0,0,1000,-1000,-1000
051970,元黃金凱基98購01,0,0,0,0,0,0,0,0,0,-1000,0,0,0,0,1000,-1000,-1000
051984,台塑元大95購01  ,0,0,0,0,0,0,0,0,0,-1000,0,0,0,0,1000,-1000,-1000
05229P,台積電群益95售05,0,0,0,0,0,0,0,0,0,-1000,0,0,0,0,1000,-1000,-1000
052102,台泥兆豐96購01  ,0,0,0,0,0,0,0,0,0,-1000,0,0,0,0,1000,-1000,-1000
052106,明泰兆豐95購01  ,0,0,0,0,0,0,0,0,0,-1000,0,0,0,0,1000,-1000,-1000
051873,緯穎凱基95購02  ,0,0,0,0,0,0,0,0,0,-1000,0,0,0,33000,34000,-1000,-1000
051763,新光金元大98購01,0,0,0,0,0,0,0,0,0,-1000,0,0,0,0,1000,-1000,-1000
051757,佳世達元大95購02,0,0,0,0,0,0,0,0,0,-1000,0,0,0,0,1000,-1000,-1000
051735,台積電國票96購06,0,0,0,0,0,0,0,0,0,-1000,0,0,0,0,1000,-1000,-1000
053093,緯穎元大96購06  ,0,0,0,0,0,0,0,0,0,-1000,0,0,0,19000,20000,-1000,-1000
053003,國巨永豐96購02  ,0,0,0,0,0,0,0,0,0,-1000,0,0,0,5000,6000,-1000,-1000
052999,臺股指康和96購01,0,0,0,0,0,0,0,0,0,-1000,0,0,0,0,1000,-1000,-1000
052800,國巨元大96購05  ,0,0,0,0,0,0,0,0,0,-1000,0,0,0,0,1000,-1000,-1000
052801,友達元大9A購01  ,0,0,0,0,0,0,0,0,0,-1000,0,0,0,46000,47000,-1000,-1000
052904,冠德國票97購01  ,0,0,0,0,0,0,0,0,0,-1000,0,0,0,0,1000,-1000,-1000
052878,台虹凱基96購01  ,0,0,0,0,0,0,0,0,0,-1000,0,0,0,93000,94000,-1000,-1000
052836,旺宏國泰98購01  ,0,0,0,0,0,0,0,0,0,-1000,0,0,0,9000,10000,-1000,-1000
052524,新光金元大9B購01,0,0,0,0,0,0,0,0,0,-1000,0,0,0,0,1000,-1000,-1000
052596,群創群益98購05  ,0,0,0,0,0,0,0,0,0,-1000,0,0,0,9000,10000,-1000,-1000
05587P,鴻海凱基96售12  ,0,0,0,0,0,0,0,0,0,-2000,0,0,0,3000,5000,-2000,-2000
055764,臺股指群益97購02,0,0,0,0,0,0,0,0,0,-2000,0,0,0,0,2000,-2000,-2000
056111,力成永豐97購01  ,0,0,0,0,0,0,0,0,0,-2000,0,0,0,0,2000,-2000,-2000
05655P,南亞科統一96售01,0,0,0,0,0,0,0,0,0,-2000,0,0,0,0,2000,-2000,-2000
05652P,臻鼎群益96售01  ,0,0,0,0,0,0,0,0,0,-2000,0,0,0,0,2000,-2000,-2000
055968,祥碩元大97購04  ,0,0,0,0,0,0,0,0,0,-2000,0,0,0,6000,8000,-2000,-2000
055931,冠德群益97購02  ,0,0,0,0,0,0,0,0,0,-2000,0,0,0,0,2000,-2000,-2000
055918,和鑫凱基97購01  ,0,0,0,0,0,0,0,0,0,-2000,0,0,0,0,2000,-2000,-2000
05774P,臺股指凱基99售04,0,0,0,0,0,0,0,0,0,-2000,0,0,0,0,2000,-2000,-2000
05742P,可成元大96售04  ,0,0,0,0,0,0,0,0,0,-2000,0,0,0,158000,160000,-2000,-2000
054829,亞光國泰99購01  ,0,0,0,0,0,0,0,0,0,-2000,0,0,0,28000,30000,-2000,-2000
054701,宏全永豐97購01  ,0,0,0,0,0,0,0,0,0,-2000,0,0,0,0,2000,-2000,-2000
054761,台光電國票98購02,0,0,0,0,0,0,0,0,0,-2000,0,0,0,37000,39000,-2000,-2000
054937,國巨元大97購03  ,0,0,0,0,0,0,0,0,0,-2000,0,0,0,21000,23000,-2000,-2000
054974,台表科元大98購02,0,0,0,0,0,0,0,0,0,-2000,0,0,0,0,2000,-2000,-2000
055058,大毅永豐97購01  ,0,0,0,0,0,0,0,0,0,-2000,0,0,0,10000,12000,-2000,-2000
055438,鴻海國票98購01  ,30000,45000,-15000,0,0,0,0,0,0,13000,0,0,0,93000,80000,13000,-2000
055306,燿華群益97購01  ,0,0,0,0,0,0,0,0,0,-2000,0,0,0,0,2000,-2000,-2000
055076,福懋科永豐97購01,0,0,0,0,0,0,0,0,0,-2000,0,0,0,0,2000,-2000,-2000
2243,宏旭-KY         ,2000,4000,-2000,0,0,0,0,0,0,0,0,0,0,0,0,0,-2000
1506,正道            ,0,2000,-2000,0,0,0,0,0,0,0,0,0,0,0,0,0,-2000
1530,亞崴            ,0,2000,-2000,0,0,0,0,0,0,0,0,0,0,0,0,0,-2000
2024,志聯            ,0,2000,-2000,0,0,0,0,0,0,0,0,0,0,0,0,0,-2000
1218,泰山            ,17000,19000,-2000,0,0,0,0,0,0,0,0,0,0,0,0,0,-2000
1231,聯華食          ,7000,9000,-2000,0,0,0,0,0,0,0,0,0,0,0,0,0,-2000
06338P,亞德客統一97售02,0,0,0,0,0,0,0,0,0,-2000,0,0,0,0,2000,-2000,-2000
06279P,臺股指凱基97售11,0,0,0,0,0,0,0,0,0,-2000,0,0,0,0,2000,-2000,-2000
4306,炎洲            ,11000,13000,-2000,0,0,0,0,0,0,0,0,0,0,0,0,0,-2000
4572,駐龍            ,0,2000,-2000,0,0,0,0,0,0,0,0,0,0,0,0,0,-2000
3032,偉訓            ,9000,11000,-2000,0,0,0,0,0,0,0,0,0,0,0,0,0,-2000
9908,大台北          ,0,2000,-2000,0,0,0,0,0,0,0,0,0,0,0,0,0,-2000
8481,政伸            ,0,2000,-2000,0,0,0,0,0,0,0,0,0,0,0,0,0,-2000
5471,松翰            ,47000,49000,-2000,0,0,0,0,0,0,0,0,0,0,0,0,0,-2000
6674,鋐寶科技        ,0,0,0,0,0,0,0,0,0,-2000,0,2000,-2000,0,0,0,-2000
6671,三能-KY         ,1000,3000,-2000,0,0,0,0,0,0,0,0,0,0,0,0,0,-2000
6579,研揚            ,1000,1000,0,0,0,0,0,2000,-2000,0,0,0,0,0,0,0,-2000
6581,鋼聯            ,1000,3000,-2000,0,0,0,0,0,0,0,0,0,0,0,0,0,-2000
044965,大立光中信95購01,0,0,0,0,0,0,0,0,0,-2000,0,0,0,1000,3000,-2000,-2000
047385,華邦電元大94購02,0,0,0,0,0,0,0,0,0,-2000,0,0,0,0,2000,-2000,-2000
047347,台積電凱基93購14,0,0,0,0,0,0,0,0,0,-2000,0,0,0,0,2000,-2000,-2000
045826,樺漢凱基92購02  ,0,0,0,0,0,0,0,0,0,-2000,0,0,0,0,2000,-2000,-2000
044025,台表科凱基93購02,0,0,0,0,0,0,0,0,0,-2000,0,0,0,0,2000,-2000,-2000
044935,玉晶光元大93購03,0,0,0,0,0,0,0,0,0,-2000,0,0,0,0,2000,-2000,-2000
00693U,街口S&P黃豆     ,24000,0,24000,0,0,0,0,0,0,-26000,0,0,0,3000,29000,-26000,-2000
03025X,元展22          ,0,0,0,0,0,0,0,0,0,-2000,0,0,0,0,2000,-2000,-2000
020004,兆豐電菁英30N   ,0,0,0,0,0,0,0,0,0,-2000,0,0,0,1000,3000,-2000,-2000
00688L,國泰20年美債正2 ,0,0,0,0,0,0,0,0,0,-2000,0,0,0,100000,102000,-2000,-2000
00666R,富邦恒生國企反1 ,0,0,0,0,0,0,0,0,0,-2000,0,0,0,82000,84000,-2000,-2000
04001P,聯發科凱基93售15,0,0,0,0,0,0,0,0,0,-2000,0,0,0,0,2000,-2000,-2000
03094X,大立光元大68展08,0,0,0,0,0,0,0,0,0,-2000,0,0,0,0,2000,-2000,-2000
03335P,台積電兆豐03售07,0,0,0,0,0,0,0,0,0,-2000,0,0,0,10000,12000,-2000,-2000
04187P,麗豐元富93售02  ,0,0,0,0,0,0,0,0,0,-2000,0,0,0,0,2000,-2000,-2000
044758,玉山金凱基93購01,0,0,0,0,0,0,0,0,0,-2000,0,0,0,0,2000,-2000,-2000
04470P,為升元大94售01  ,0,0,0,0,0,0,0,0,0,-2000,0,0,0,50000,52000,-2000,-2000
03583P,微星元大02售03  ,0,0,0,0,0,0,0,0,0,-2000,0,0,0,0,2000,-2000,-2000
03873P,智伸科群益93售03,0,0,0,0,0,0,0,0,0,-2000,0,0,0,0,2000,-2000,-2000
04597P,為升凱基94售02  ,0,0,0,0,0,0,0,0,0,-2000,0,0,0,0,2000,-2000,-2000
045223,潤泰全元大93購01,0,0,0,0,0,0,0,0,0,-2000,0,0,0,0,2000,-2000,-2000
045360,樺漢凱基92購01  ,0,0,0,0,0,0,0,0,0,-2000,0,0,0,0,2000,-2000,-2000
046719,元石油元大95購02,0,0,0,0,0,0,0,0,0,-2000,0,0,0,0,2000,-2000,-2000
045078,玉山金元大92購01,0,0,0,0,0,0,0,0,0,-2000,0,0,0,0,2000,-2000,-2000
04559P,華通凱基94售03  ,0,0,0,0,0,0,0,0,0,-2000,0,0,0,7000,9000,-2000,-2000
05004P,健策統一95售01  ,0,0,0,0,0,0,0,0,0,-2000,0,0,0,721000,723000,-2000,-2000
050058,國巨凱基94購06  ,0,0,0,0,0,0,0,0,0,-2000,0,0,0,41000,43000,-2000,-2000
05001P,華通統一95售01  ,0,0,0,0,0,0,0,0,0,-2000,0,0,0,0,2000,-2000,-2000
050119,瀚宇博元大95購03,0,0,0,0,0,0,0,0,0,-2000,0,0,0,0,2000,-2000,-2000
049606,可成第一94購01  ,0,0,0,0,0,0,0,0,0,-2000,0,0,0,0,2000,-2000,-2000
046281,正崴永豐92購01  ,0,0,0,0,0,0,0,0,0,-2000,0,0,0,8000,10000,-2000,-2000
046673,樺漢元大93購01  ,0,0,0,0,0,0,0,0,0,-2000,0,0,0,0,2000,-2000,-2000
046457,可成凱基92購09  ,0,0,0,0,0,0,0,0,0,-2000,0,0,0,0,2000,-2000,-2000
046572,貿聯國泰94購01  ,0,0,0,0,0,0,0,0,0,-2000,0,0,0,10000,12000,-2000,-2000
046619,可成凱基93購01  ,0,0,0,0,0,0,0,0,0,-2000,0,0,0,0,2000,-2000,-2000
048851,台達電群益94購01,0,0,0,0,0,0,0,0,0,-2000,0,0,0,10000,12000,-2000,-2000
048820,台積電凱基94購06,0,0,0,0,0,0,0,0,0,-2000,0,0,0,2000,4000,-2000,-2000
048815,川湖凱基94購01  ,0,0,0,0,0,0,0,0,0,-2000,0,0,0,0,2000,-2000,-2000
048705,GIS國票95購01   ,0,0,0,0,0,0,0,0,0,-2000,0,0,0,0,2000,-2000,-2000
048784,台積電元大94購04,0,0,0,0,0,0,0,0,0,-2000,0,0,0,27000,29000,-2000,-2000
048559,京元電元大93購03,0,0,0,0,0,0,0,0,0,-2000,0,0,0,0,2000,-2000,-2000
049316,茂林凱基94購02  ,0,0,0,0,0,0,0,0,0,-2000,0,0,0,1000,3000,-2000,-2000
04953P,台積電群益94售13,0,0,0,0,0,0,0,0,0,-2000,0,0,0,13000,15000,-2000,-2000
051473,台積電凱基95購10,0,0,0,0,0,0,0,0,0,-2000,0,0,0,761000,763000,-2000,-2000
051463,世芯國泰97購02  ,0,0,0,0,0,0,0,0,0,-2000,0,0,0,14000,16000,-2000,-2000
047768,大立光元大95購01,0,0,0,0,0,0,0,0,0,-2000,0,0,0,0,2000,-2000,-2000
051054,正崴群益95購01  ,0,0,0,0,0,0,0,0,0,-2000,0,0,0,0,2000,-2000,-2000
051076,緯創國泰96購01  ,0,0,0,0,0,0,0,0,0,-2000,0,0,0,58000,60000,-2000,-2000
047799,技嘉兆豐93購01  ,0,0,0,0,0,0,0,0,0,-2000,0,0,0,0,2000,-2000,-2000
049013,川湖群益94購01  ,0,0,0,0,0,0,0,0,0,-2000,0,0,0,0,2000,-2000,-2000
048995,宏全元大94購01  ,0,0,0,0,0,0,0,0,0,-2000,0,0,0,0,2000,-2000,-2000
048975,玉晶光元大94購03,0,0,0,0,0,0,0,0,0,-2000,0,0,0,0,2000,-2000,-2000
049705,緯穎元大94購05  ,0,0,0,0,0,0,0,0,0,-2000,0,0,0,0,2000,-2000,-2000
048339,友達元大95購01  ,0,0,0,0,0,0,0,0,0,-2000,0,0,0,24000,26000,-2000,-2000
04832P,為升元大94售09  ,0,0,0,0,0,0,0,0,0,-2000,0,0,0,0,2000,-2000,-2000
049917,華新科元大94購02,0,0,0,0,0,0,0,0,0,-2000,0,0,0,17000,19000,-2000,-2000
050708,臺股指凱基96購06,0,0,0,0,0,0,0,0,0,-2000,0,0,0,0,2000,-2000,-2000
050769,聯發科元大94購17,0,0,0,0,0,0,0,0,0,-2000,0,0,0,0,2000,-2000,-2000
049060,易華電永豐94購02,0,0,0,0,0,0,0,0,0,-2000,0,0,0,0,2000,-2000,-2000
04786P,鴻海永昌96售01  ,0,0,0,0,0,0,0,0,0,-2000,0,0,0,0,2000,-2000,-2000
050455,貿聯元大94購02  ,0,0,0,0,0,0,0,0,0,-2000,0,0,0,0,2000,-2000,-2000
050891,喬山元大95購01  ,0,0,0,0,0,0,0,0,0,-2000,0,0,0,0,2000,-2000,-2000
050384,嘉澤國票94購02  ,0,0,0,0,0,0,0,0,0,-2000,0,0,0,0,2000,-2000,-2000
047653,上銀兆豐94購01  ,0,0,0,0,0,0,0,0,0,-2000,0,0,0,4000,6000,-2000,-2000
052627,中壽中信98購01  ,0,0,0,0,0,0,0,0,0,-2000,0,0,0,3000,5000,-2000,-2000
05237P,為升永豐95售01  ,0,0,0,0,0,0,0,0,0,-2000,0,0,0,0,2000,-2000,-2000
052376,聯詠元大95購04  ,0,0,0,0,0,0,0,0,0,-2000,0,0,0,0,2000,-2000,-2000
052960,中環凱基96購01  ,0,0,0,0,0,0,0,0,0,-2000,0,0,0,0,2000,-2000,-2000
053126,健策凱基97購02  ,0,0,0,0,0,0,0,0,0,-2000,0,0,0,0,2000,-2000,-2000
053127,貿聯凱基97購01  ,0,0,0,0,0,0,0,0,0,-2000,0,0,0,0,2000,-2000,-2000
053066,欣興群益96購02  ,0,0,0,0,0,0,0,0,0,-2000,0,0,0,1000,3000,-2000,-2000
053054,禾伸堂國票97購01,0,0,0,0,0,0,0,0,0,-2000,0,0,0,0,2000,-2000,-2000
051766,泰鼎元大95購02  ,0,0,0,0,0,0,0,0,0,-2000,0,0,0,0,2000,-2000,-2000
052142,滬深2X群益99購04,0,0,0,0,0,0,0,0,0,-2000,0,0,0,0,2000,-2000,-2000
052230,大立光凱基96購09,0,0,0,0,0,0,0,0,0,-2000,0,0,0,0,2000,-2000,-2000
051974,華新科凱基96購05,0,0,0,0,0,0,0,0,0,-2000,0,0,0,19000,21000,-2000,-2000
051923,聯發科日盛95購02,0,0,0,0,0,0,0,0,0,-2000,0,0,0,0,2000,-2000,-2000
052035,臺股指群益95購08,0,0,0,0,0,0,0,0,0,-2000,0,0,0,0,2000,-2000,-2000
053550,聯發科凱基96購15,0,0,0,0,0,0,0,0,0,-2000,0,0,0,3000,5000,-2000,-2000
053831,台積電台新97購02,0,0,0,0,0,0,0,0,0,-2000,0,0,0,7000,9000,-2000,-2000
053899,矽創群益96購02  ,0,0,0,0,0,0,0,0,0,-2000,0,0,0,0,2000,-2000,-2000
053474,聯發科元大97購06,0,0,0,0,0,0,0,0,0,-2000,0,0,0,86000,88000,-2000,-2000
053240,巨路永豐96購01  ,0,0,0,0,0,0,0,0,0,-2000,0,0,0,0,2000,-2000,-2000
053150,聯發科元大96購11,0,0,0,0,0,0,0,0,0,-2000,0,0,0,18000,20000,-2000,-2000
053181,滬深2X元富99購02,0,0,0,0,0,0,0,0,0,-2000,0,0,0,5000,7000,-2000,-2000
054276,國巨群益96購07  ,0,0,0,0,0,0,0,0,0,-2000,0,0,0,0,2000,-2000,-2000
054271,中石化中信99購01,0,0,0,0,0,0,0,0,0,-2000,0,0,0,0,2000,-2000,-2000
054179,上海銀台新97購01,0,0,0,0,0,0,0,0,0,-2000,0,0,0,0,2000,-2000,-2000
053974,大立光元大96購10,0,0,0,0,0,0,0,0,0,-2000,0,0,0,0,2000,-2000,-2000
053916,漢唐國票97購04  ,0,0,0,0,0,0,0,0,0,-2000,0,0,0,0,2000,-2000,-2000
053941,國巨國泰96購05  ,0,0,0,0,0,0,0,0,0,-2000,0,0,0,0,2000,-2000,-2000
054466,欣興凱基97購03  ,0,0,0,0,0,0,0,0,0,-2000,0,0,0,15000,17000,-2000,-2000
054514,道瓊銀元大98購01,0,0,0,0,0,0,0,0,0,-2000,0,0,0,0,2000,-2000,-2000
054515,華通元大98購02  ,0,0,0,0,0,0,0,0,0,-2000,0,0,0,10000,12000,-2000,-2000
054366,和大中信98購01  ,0,0,0,0,0,0,0,0,0,-2000,0,0,0,0,2000,-2000,-2000
054664,台表科元大97購04,0,0,0,0,0,0,0,0,0,-2000,0,0,0,0,2000,-2000,-2000
9188,精熙-DR         ,0,3000,-3000,0,0,0,0,0,0,0,0,0,0,0,0,0,-3000
9902,台火            ,7000,10000,-3000,0,0,0,0,0,0,0,0,0,0,0,0,0,-3000
2727,王品            ,1000,5000,-4000,0,0,0,1000,0,1000,0,0,0,0,0,0,0,-3000
4566,時碩工業        ,20000,23000,-3000,0,0,0,0,0,0,0,0,0,0,0,0,0,-3000
3058,立德            ,0,3000,-3000,0,0,0,0,0,0,0,0,0,0,0,0,0,-3000
06288P,臺股指國票97售02,0,0,0,0,0,0,0,0,0,-3000,0,0,0,0,3000,-3000,-3000
1337,再生-KY         ,0,3000,-3000,0,0,0,0,0,0,0,0,0,0,0,0,0,-3000
1783,和康生          ,2000,5000,-3000,0,0,0,0,0,0,0,0,0,0,0,0,0,-3000
1460,宏遠            ,9000,12000,-3000,0,0,0,0,0,0,0,0,0,0,0,0,0,-3000
2414,精技            ,0,3000,-3000,0,0,0,0,0,0,0,0,0,0,0,0,0,-3000
055073,易華電永豐97購01,0,0,0,0,0,0,0,0,0,-3000,0,0,0,0,3000,-3000,-3000
05509P,智邦元富96售02  ,0,0,0,0,0,0,0,0,0,-3000,0,0,0,0,3000,-3000,-3000
055339,緯穎兆豐98購01  ,0,0,0,0,0,0,0,0,0,-3000,0,0,0,0,3000,-3000,-3000
055047,南港永豐97購01  ,0,0,0,0,0,0,0,0,0,-3000,0,0,0,0,3000,-3000,-3000
054765,亞光國票98購02  ,0,0,0,0,0,0,0,0,0,-3000,0,0,0,10000,13000,-3000,-3000
05474P,智邦亞東95售01  ,0,0,0,0,0,0,0,0,0,-3000,0,0,0,0,3000,-3000,-3000
05887P,友達元富99售03  ,0,0,0,0,0,0,0,0,0,-3000,0,0,0,0,3000,-3000,-3000
056011,矽力中信99購01  ,0,0,0,0,0,0,0,0,0,-3000,0,0,0,0,3000,-3000,-3000
056092,亞德客元富97購02,0,0,0,0,0,0,0,0,0,-3000,0,0,0,0,3000,-3000,-3000
055875,光罩元富97購02  ,0,0,0,0,0,0,0,0,0,-3000,0,0,0,5000,8000,-3000,-3000
055545,國巨凱基97購06  ,0,0,0,0,0,0,0,0,0,-3000,0,0,0,0,3000,-3000,-3000
046330,祥碩元大92購02  ,0,0,0,0,0,0,0,0,0,-3000,0,0,0,0,3000,-3000,-3000
046201,台郡凱基92購01  ,0,0,0,0,0,0,0,0,0,-3000,0,0,0,22000,25000,-3000,-3000
046186,南亞科凱基92購03,0,0,0,0,0,0,0,0,0,-3000,0,0,0,0,3000,-3000,-3000
047007,大立光統一93購05,0,0,0,0,0,0,0,0,0,-3000,0,0,0,0,3000,-3000,-3000
045720,台光電凱基93購07,0,0,0,0,0,0,0,0,0,-3000,0,0,0,3000,6000,-3000,-3000
045688,祥碩元大92購01  ,0,0,0,0,0,0,0,0,0,-3000,0,0,0,0,3000,-3000,-3000
046301,亞泥元大92購02  ,0,0,0,0,0,0,0,0,0,-3000,0,0,0,7000,10000,-3000,-3000
046142,康舒統一93購01  ,0,0,0,0,0,0,0,0,0,-3000,0,0,0,0,3000,-3000,-3000
046081,康舒凱基92購01  ,0,0,0,0,0,0,0,0,0,-3000,0,0,0,0,3000,-3000,-3000
03703P,台郡元大93售02  ,0,0,0,0,0,0,0,0,0,-3000,0,0,0,0,3000,-3000,-3000
044633,台郡元大92購03  ,0,0,0,0,0,0,0,0,0,-3000,0,0,0,0,3000,-3000,-3000
04251P,欣興統一93售06  ,0,0,0,0,0,0,0,0,0,-3000,0,0,0,0,3000,-3000,-3000
042137,元油2X元大93購01,0,0,0,0,0,0,0,0,0,-3000,0,0,0,2000,5000,-3000,-3000
041990,A50正2國票97購01,0,0,0,0,0,0,0,0,0,-3000,0,0,0,22000,25000,-3000,-3000
03052X,元展49          ,0,0,0,0,0,0,0,0,0,-3000,0,0,0,0,3000,-3000,-3000
00711B,FH彭博新興債    ,0,0,0,0,0,0,0,0,0,-3000,0,0,0,102000,105000,-3000,-3000
043063,台郡中信92購01  ,0,0,0,0,0,0,0,0,0,-3000,0,0,0,22000,25000,-3000,-3000
044282,上銀凱基93購03  ,0,0,0,0,0,0,0,0,0,-3000,0,0,0,0,3000,-3000,-3000
045819,台積電凱基92購14,0,0,0,0,0,0,0,0,0,-3000,0,0,0,0,3000,-3000,-3000
04792P,智邦元大94售06  ,0,0,0,0,0,0,0,0,0,-3000,0,0,0,0,3000,-3000,-3000
047937,元金2X國票97購02,0,0,0,0,0,0,0,0,0,-3000,0,0,0,0,3000,-3000,-3000
050715,台積電群益96購01,0,0,0,0,0,0,0,0,0,-3000,0,0,0,55000,58000,-3000,-3000
050777,臻鼎元大94購05  ,0,0,0,0,0,0,0,0,0,-3000,0,0,0,0,3000,-3000,-3000
050970,康舒永豐95購01  ,0,0,0,0,0,0,0,0,0,-3000,0,0,0,0,3000,-3000,-3000
048321,欣興凱基93購03  ,0,0,0,0,0,0,0,0,0,-3000,0,0,0,15000,18000,-3000,-3000
04751P,智邦兆豐95售02  ,0,0,0,0,0,0,0,0,0,-3000,0,0,0,2000,5000,-3000,-3000
047566,華新科國票94購02,0,0,0,0,0,0,0,0,0,-3000,0,0,0,0,3000,-3000,-3000
050429,漢唐凱基94購04  ,0,0,0,0,0,0,0,0,0,-3000,0,0,0,0,3000,-3000,-3000
049001,川湖中信94購01  ,0,0,0,0,0,0,0,0,0,-3000,0,0,0,0,3000,-3000,-3000
049011,元油2X群益94購01,0,0,0,0,0,0,0,0,0,-3000,0,0,0,0,3000,-3000,-3000
048352,嘉澤台新93購01  ,0,0,0,0,0,0,0,0,0,-3000,0,0,0,0,3000,-3000,-3000
047774,台表科元大95購01,0,0,0,0,0,0,0,0,0,-3000,0,0,0,0,3000,-3000,-3000
048525,華通國票94購02  ,0,0,0,0,0,0,0,0,0,-3000,0,0,0,0,3000,-3000,-3000
051392,玉山金兆豐95購01,0,0,0,0,0,0,0,0,0,-3000,0,0,0,10000,13000,-3000,-3000
051286,國巨統一97購01  ,0,0,0,0,0,0,0,0,0,-3000,0,0,0,22000,25000,-3000,-3000
051229,亞光群益95購01  ,0,0,0,0,0,0,0,0,0,-3000,0,0,0,8000,11000,-3000,-3000
049529,華新科中信95購01,0,0,0,0,0,0,0,0,0,-3000,0,0,0,27000,30000,-3000,-3000
049578,台達電元大94購09,0,0,0,0,0,0,0,0,0,-3000,0,0,0,0,3000,-3000,-3000
049379,智原元大95購01  ,0,0,0,0,0,0,0,0,0,-3000,0,0,0,0,3000,-3000,-3000
048606,聯發科日盛93購02,0,0,0,0,0,0,0,0,0,-3000,0,0,0,0,3000,-3000,-3000
048703,康控國票95購01  ,0,0,0,0,0,0,0,0,0,-3000,0,0,0,0,3000,-3000,-3000
048818,台達電凱基94購01,0,0,0,0,0,0,0,0,0,-3000,0,0,0,22000,25000,-3000,-3000
05457P,鴻海凱基95售20  ,0,0,0,0,0,0,0,0,0,-3000,0,0,0,0,3000,-3000,-3000
054570,易華電群益98購01,0,0,0,0,0,0,0,0,0,-3000,0,0,0,0,3000,-3000,-3000
054418,茂林元大97購01  ,0,0,0,0,0,0,0,0,0,-3000,0,0,0,8000,11000,-3000,-3000
054424,大成鋼富邦97購02,0,0,0,0,0,0,0,0,0,-3000,0,0,0,0,3000,-3000,-3000
054409,亞光國票97購02  ,0,0,0,0,0,0,0,0,0,-3000,0,0,0,0,3000,-3000,-3000
053963,百和永豐96購01  ,0,0,0,0,0,0,0,0,0,-3000,0,0,0,0,3000,-3000,-3000
054171,台郡凱基97購01  ,0,0,0,0,0,0,0,0,0,-3000,0,0,0,21000,24000,-3000,-3000
054162,光罩凱基98購01  ,0,0,0,0,0,0,0,0,0,-3000,0,0,0,15000,18000,-3000,-3000
054157,國巨亞東96購01  ,0,0,0,0,0,0,0,0,0,-3000,0,0,0,40000,43000,-3000,-3000
053160,台表科元大96購03,0,0,0,0,0,0,0,0,0,-3000,0,0,0,11000,14000,-3000,-3000
053401,臺股指中信99購01,0,0,0,0,0,0,0,0,0,-3000,0,0,0,2000,5000,-3000,-3000
053424,欣興永豐96購02  ,0,0,0,0,0,0,0,0,0,-3000,0,0,0,25000,28000,-3000,-3000
053335,易華電永豐96購01,0,0,0,0,0,0,0,0,0,-3000,0,0,0,0,3000,-3000,-3000
053777,台積電元大96購20,0,0,0,0,0,0,0,0,0,-3000,0,0,0,4000,7000,-3000,-3000
053787,健策元大97購02  ,0,0,0,0,0,0,0,0,0,-3000,0,0,0,93000,96000,-3000,-3000
053819,大立光群益96購04,0,0,0,0,0,0,0,0,0,-3000,0,0,0,0,3000,-3000,-3000
052047,建準凱基96購01  ,0,0,0,0,0,0,0,0,0,-3000,0,0,0,0,3000,-3000,-3000
052208,力成麥證95購01  ,0,0,0,0,3000,-3000,0,0,0,-3000,0,0,0,0,3000,-3000,-3000
052271,力成日盛95購02  ,0,0,0,0,0,0,0,0,0,-3000,0,0,0,0,3000,-3000,-3000
051885,易華電永豐95購02,0,0,0,0,0,0,0,0,0,-3000,0,0,0,0,3000,-3000,-3000
051799,台積電永豐96購01,0,0,0,0,0,0,0,0,0,-3000,0,0,0,1000,4000,-3000,-3000
051664,鴻海元大96購07  ,0,0,0,0,0,0,0,0,0,-3000,0,0,0,2000,5000,-3000,-3000
051493,台郡凱基95購02  ,0,0,0,0,0,0,0,0,0,-3000,0,0,0,51000,54000,-3000,-3000
053065,大立光群益96購01,0,0,0,0,0,0,0,0,0,-3000,0,0,0,0,3000,-3000,-3000
053031,華新科第一96購01,0,0,0,0,0,0,0,0,0,-3000,0,0,0,0,3000,-3000,-3000
052841,群創富邦96購02  ,0,0,0,0,0,0,0,0,0,-3000,0,0,0,11000,14000,-3000,-3000
052403,麗豐凱基96購01  ,0,0,0,0,0,0,0,0,0,-3000,0,0,0,0,3000,-3000,-3000
052316,台積電元大96購10,0,0,0,0,0,0,0,0,0,-3000,0,0,0,104000,107000,-3000,-3000
052500,元翎永豐95購01  ,0,0,0,0,0,0,0,0,0,-3000,0,0,0,0,3000,-3000,-3000
4943,康控-KY         ,52000,52000,0,0,0,0,0,1032,-1032,-2000,5000,0,5000,2000,9000,-7000,-3032
8374,羅昇            ,2000,6000,-4000,0,0,0,0,0,0,0,0,0,0,0,0,0,-4000
2010,春源            ,0,4000,-4000,0,0,0,0,0,0,0,0,0,0,0,0,0,-4000
2069,運錩            ,0,4000,-4000,0,0,0,0,0,0,0,0,0,0,0,0,0,-4000
06229P,欣興凱基97售07  ,0,0,0,0,0,0,0,0,0,-4000,0,0,0,0,4000,-4000,-4000
06082P,華通統一98售01  ,0,0,0,0,0,0,0,0,0,-4000,0,0,0,0,4000,-4000,-4000
055467,國巨凱基97購05  ,0,0,0,0,0,0,0,0,0,-4000,0,0,0,0,4000,-4000,-4000
055477,同欣電凱基98購01,0,0,0,0,0,0,0,0,0,-4000,0,0,0,0,4000,-4000,-4000
055824,臺股指國票97購11,0,0,0,0,0,0,0,0,0,-4000,0,0,0,1000,5000,-4000,-4000
05687P,臺股指元大96售12,0,0,0,0,0,0,0,0,0,-4000,0,0,0,84000,88000,-4000,-4000
05918P,大立光元大96售11,0,0,0,0,0,0,0,0,0,-4000,0,0,0,0,4000,-4000,-4000
054748,正文凱基98購01  ,0,0,0,0,0,0,0,0,0,-4000,0,0,0,0,4000,-4000,-4000
055019,福懋科元富97購01,0,0,0,0,0,0,0,0,0,-4000,0,0,0,1000,5000,-4000,-4000
055284,全新元大99購01  ,0,0,0,0,0,0,0,0,0,-4000,0,0,0,0,4000,-4000,-4000
055287,日電貿元大97購01,0,0,0,0,0,0,0,0,0,-4000,0,0,0,0,4000,-4000,-4000
055431,和鑫群益98購01  ,0,0,0,0,0,0,0,0,0,-4000,0,0,0,10000,14000,-4000,-4000
055382,台郡元大99購01  ,0,0,0,0,0,0,0,0,0,-4000,0,0,0,0,4000,-4000,-4000
055131,茂林康和97購01  ,0,0,0,0,0,0,0,0,0,-4000,0,0,0,0,4000,-4000,-4000
055167,友訊統一97購01  ,0,0,0,0,0,0,0,0,0,-4000,0,0,0,0,4000,-4000,-4000
03029X,元展26          ,0,0,0,0,0,0,0,0,0,-4000,0,0,0,0,4000,-4000,-4000
041908,可成元大92購01  ,0,0,0,0,0,0,0,0,0,-4000,0,0,0,0,4000,-4000,-4000
03560P,台積電兆豐03售10,0,0,0,0,0,0,0,0,0,-4000,0,0,0,0,4000,-4000,-4000
03416B,臺股指凱基95熊05,0,0,0,0,0,0,0,0,0,-4000,0,0,0,30000,34000,-4000,-4000
046141,康控統一92購02  ,0,0,0,0,0,0,0,0,0,-4000,0,0,0,0,4000,-4000,-4000
046058,訊芯群益92購01  ,0,0,0,0,0,0,0,0,0,-4000,0,0,0,0,4000,-4000,-4000
045202,力成凱基92購01  ,0,0,0,0,0,0,0,0,0,-4000,0,0,0,0,4000,-4000,-4000
046862,台郡元大94購01  ,0,0,0,0,0,0,0,0,0,-4000,0,0,0,0,4000,-4000,-4000
046312,可成元大92購10  ,0,0,0,0,0,0,0,0,0,-4000,0,0,0,0,4000,-4000,-4000
045743,台郡群益93購01  ,0,0,0,0,0,0,0,0,0,-4000,0,0,0,0,4000,-4000,-4000
045875,仁寶元富92購01  ,0,0,0,0,0,0,0,0,0,-4000,0,0,0,0,4000,-4000,-4000
045839,台郡群益92購01  ,0,0,0,0,0,0,0,0,0,-4000,0,0,0,0,4000,-4000,-4000
047115,可成元大93購06  ,0,0,0,0,0,0,0,0,0,-4000,0,0,0,0,4000,-4000,-4000
045337,滬深2X凱基95購01,0,0,0,0,0,0,0,0,0,-4000,0,0,0,0,4000,-4000,-4000
045325,元油2X永豐94購01,0,0,0,0,0,0,0,0,0,-4000,0,0,0,0,4000,-4000,-4000
050093,國巨永豐94購05  ,0,0,0,0,0,0,0,0,0,-4000,0,0,0,6000,10000,-4000,-4000
048861,牧德群益94購01  ,0,0,0,0,0,0,0,0,0,-4000,0,0,0,1000,5000,-4000,-4000
048843,台郡凱基94購01  ,0,0,0,0,0,0,0,0,0,-4000,0,0,0,1000,5000,-4000,-4000
048676,和鑫國泰94購02  ,0,0,0,0,0,0,0,0,0,-4000,0,0,0,0,4000,-4000,-4000
048755,志超元富96購01  ,0,0,0,0,0,0,0,0,0,-4000,0,0,0,0,4000,-4000,-4000
049720,欣興凱基94購05  ,0,0,0,0,0,0,0,0,0,-4000,0,0,0,31000,35000,-4000,-4000
049794,台達電元大94購10,0,0,0,0,0,0,0,0,0,-4000,0,0,0,0,4000,-4000,-4000
049221,健策國票95購02  ,0,0,0,0,0,0,0,0,0,-4000,0,0,0,0,4000,-4000,-4000
049248,台達電元大94購04,0,0,0,0,0,0,0,0,0,-4000,0,0,0,0,4000,-4000,-4000
049020,可成群益94購02  ,0,0,0,0,0,0,0,0,0,-4000,0,0,0,100000,104000,-4000,-4000
049865,和鑫兆豐95購01  ,0,0,0,0,0,0,0,0,0,-4000,0,0,0,0,4000,-4000,-4000
04961P,貿聯凱基94售03  ,0,0,0,0,0,0,0,0,0,-4000,0,0,0,0,4000,-4000,-4000
049611,緯穎兆豐95購02  ,0,0,0,0,0,0,0,0,0,-4000,0,0,0,0,4000,-4000,-4000
050608,台達電元大94購12,0,0,0,0,0,0,0,0,0,-4000,0,0,0,0,4000,-4000,-4000
050782,台積電國泰96購03,0,0,0,0,0,0,0,0,0,-4000,0,0,0,26000,30000,-4000,-4000
050832,力成凱基95購01  ,0,0,0,0,0,0,0,0,0,-4000,0,0,0,0,4000,-4000,-4000
049066,元石油凱基97購01,0,0,0,0,0,0,0,0,0,-4000,0,0,0,0,4000,-4000,-4000
048083,台達電凱基93購04,0,0,0,0,0,0,0,0,0,-4000,0,0,0,0,4000,-4000,-4000
050860,喬山永豐95購01  ,0,0,0,0,0,0,0,0,0,-4000,0,0,0,0,4000,-4000,-4000
050493,聯發科永昌96購01,0,0,0,0,0,0,0,0,0,-4000,0,0,0,1000,5000,-4000,-4000
052454,力成元大95購02  ,0,0,0,0,0,0,0,0,0,-4000,0,0,0,0,4000,-4000,-4000
052311,台積電富邦95購09,0,0,0,0,0,0,0,0,0,-4000,0,0,0,0,4000,-4000,-4000
052347,GIS凱基95購05   ,0,0,0,0,0,0,0,0,0,-4000,0,0,0,93000,97000,-4000,-4000
052845,旺宏統一97購01  ,0,0,0,0,0,0,0,0,0,-4000,0,0,0,1000,5000,-4000,-4000
052833,康控群益96購01  ,0,0,0,0,0,0,0,0,0,-4000,0,0,0,6000,10000,-4000,-4000
052813,T50正2永豐96購01,0,0,0,0,0,0,0,0,0,-4000,0,0,0,106000,110000,-4000,-4000
052889,致伸麥證97購01  ,0,0,0,0,4000,-4000,0,0,0,-4000,0,0,0,0,4000,-4000,-4000
052914,奇力新元富96購01,0,0,0,0,0,0,0,0,0,-4000,0,0,0,86000,90000,-4000,-4000
052968,燿華群益98購01  ,0,0,0,0,0,0,0,0,0,-4000,0,0,0,0,4000,-4000,-4000
051839,和鑫國泰96購01  ,0,0,0,0,0,0,0,0,0,-4000,0,0,0,0,4000,-4000,-4000
051846,S&P反1中信96購02,0,0,0,0,0,0,0,0,0,-4000,0,0,0,0,4000,-4000,-4000
052276,力成群益96購01  ,0,0,0,0,0,0,0,0,0,-4000,0,0,0,0,4000,-4000,-4000
052206,燿華中信95購02  ,0,0,0,0,0,0,0,0,0,-4000,0,0,0,0,4000,-4000,-4000
053774,台達電元大96購04,0,0,0,0,0,0,0,0,0,-4000,0,0,0,0,4000,-4000,-4000
053908,貿聯凱基98購01  ,0,0,0,0,0,0,0,0,0,-4000,0,0,0,0,4000,-4000,-4000
053897,台郡群益96購01  ,0,0,0,0,0,0,0,0,0,-4000,0,0,0,31000,35000,-4000,-4000
053363,旺宏國泰98購02  ,0,0,0,0,0,0,0,0,0,-4000,0,0,0,19000,23000,-4000,-4000
053977,新日興元大96購03,0,0,0,0,0,0,0,0,0,-4000,0,0,0,1000,5000,-4000,-4000
054408,義隆國票98購01  ,0,0,0,0,0,0,0,0,0,-4000,0,0,0,0,4000,-4000,-4000
054555,欣興凱基98購01  ,0,0,0,0,0,0,0,0,0,-4000,0,0,0,27000,31000,-4000,-4000
055164,矽創元大98購01  ,0,0,0,0,0,0,0,0,0,-5000,0,0,0,10000,15000,-5000,-5000
055113,大立光凱基98購06,0,0,0,0,0,0,0,0,0,-5000,0,0,0,0,5000,-5000,-5000
055014,達興元富97購01  ,0,0,0,0,0,0,0,0,0,-5000,0,0,0,0,5000,-5000,-5000
054911,敬鵬凱基97購01  ,0,0,0,0,0,0,0,0,0,-5000,0,0,0,0,5000,-5000,-5000
054733,鴻海凱基98購04  ,0,0,0,0,0,0,0,0,0,-5000,0,0,0,5000,10000,-5000,-5000
054774,同欣電國票98購01,0,0,0,0,0,0,0,0,0,-5000,0,0,0,0,5000,-5000,-5000
054877,百和群益98購01  ,0,0,0,0,0,0,0,0,0,-5000,0,0,0,5000,10000,-5000,-5000
05799P,臺股指群益96售13,0,0,0,0,0,0,0,0,0,-5000,0,0,0,0,5000,-5000,-5000
05787P,臺股指永昌96售04,0,0,0,0,0,0,0,0,0,-5000,11000,0,11000,185000,201000,-16000,-5000
05642P,玉晶光兆豐97售02,0,0,0,0,0,0,0,0,0,-5000,0,0,0,0,5000,-5000,-5000
055892,國巨統一99購01  ,0,0,0,0,0,0,0,0,0,-5000,0,0,0,0,5000,-5000,-5000
055811,國巨國票98購05  ,0,0,0,0,0,0,0,0,0,-5000,0,0,0,0,5000,-5000,-5000
055812,台積電國票99購02,0,0,0,0,0,0,0,0,0,-5000,0,0,0,0,5000,-5000,-5000
055799,致茂永豐97購02  ,0,0,0,0,0,0,0,0,0,-5000,0,0,0,0,5000,-5000,-5000
055833,華通元大98購05  ,0,0,0,0,0,0,0,0,0,-5000,0,0,0,13000,18000,-5000,-5000
055763,鎧勝群益97購01  ,0,0,0,0,0,0,0,0,0,-5000,0,0,0,0,5000,-5000,-5000
055697,牧德國票98購01  ,0,0,0,0,0,0,0,0,0,-5000,0,0,0,0,5000,-5000,-5000
05545P,台表科國泰98售01,0,0,0,0,0,0,0,0,0,-5000,0,0,0,0,5000,-5000,-5000
055469,台光電凱基97購01,0,0,0,0,0,0,0,0,0,-5000,0,0,0,0,5000,-5000,-5000
055492,華新科元大97購08,0,0,0,0,0,0,0,0,0,-5000,0,0,0,0,5000,-5000,-5000
055556,奇力新凱基98購03,0,0,0,0,0,0,0,0,0,-5000,0,0,0,0,5000,-5000,-5000
055637,亞德客元富97購01,0,0,0,0,0,0,0,0,0,-5000,0,0,0,0,5000,-5000,-5000
05979P,華新科中信96售02,0,0,0,0,0,0,0,0,0,-5000,0,0,0,0,5000,-5000,-5000
06201P,可成元大97售01  ,0,0,0,0,0,0,0,0,0,-5000,0,0,0,0,5000,-5000,-5000
1229,聯華            ,85000,116000,-31000,0,0,0,1000,0,1000,25000,25000,0,25000,0,0,0,-5000
2102,泰豐            ,39000,44000,-5000,0,0,0,0,0,0,0,0,0,0,0,0,0,-5000
1618,合機            ,0,4000,-4000,0,0,0,0,0,0,-1000,0,1000,-1000,0,0,0,-5000
2365,昆盈            ,0,5000,-5000,0,0,0,0,0,0,0,0,0,0,0,0,0,-5000
2457,飛宏            ,39000,45000,-6000,0,0,0,0,0,0,1000,1000,0,1000,0,0,0,-5000
9941,裕融            ,16000,12000,4000,0,0,0,0,24000,-24000,15000,15000,0,15000,0,0,0,-5000
6216,居易            ,4000,1000,3000,0,0,0,0,8000,-8000,0,0,0,0,0,0,0,-5000
5906,台南-KY         ,0,5000,-5000,0,0,0,0,0,0,0,0,0,0,0,0,0,-5000
049974,聯發科日盛94購02,0,0,0,0,0,0,0,0,0,-5000,0,0,0,0,5000,-5000,-5000
05012P,台積電元大95售07,0,0,0,0,0,0,0,0,0,-5000,0,0,0,0,5000,-5000,-5000
050141,國巨統一94購07  ,0,0,0,0,0,0,0,0,0,-5000,0,0,0,1000,6000,-5000,-5000
049962,台光電元富94購01,0,0,0,0,0,0,0,0,0,-5000,0,0,0,10000,15000,-5000,-5000
049948,聯發科麥證94購01,0,0,0,5000,10000,-5000,0,0,0,-5000,0,0,0,5000,10000,-5000,-5000
049941,臺股指元大94購24,0,0,0,0,0,0,0,0,0,-5000,0,0,0,0,5000,-5000,-5000
046675,GIS元大93購06   ,0,0,0,0,0,0,0,0,0,-5000,0,0,0,0,5000,-5000,-5000
046681,漢唐群益93購01  ,0,0,0,0,0,0,0,0,0,-5000,0,0,0,0,5000,-5000,-5000
046433,康友中信92購01  ,0,0,0,0,0,0,0,0,0,-5000,0,0,0,0,5000,-5000,-5000
046390,旺宏統一94購02  ,0,0,0,0,0,0,0,0,0,-5000,0,0,0,0,5000,-5000,-5000
046597,可成亞東93購01  ,0,0,0,0,0,0,0,0,0,-5000,0,0,0,0,5000,-5000,-5000
046466,台虹凱基92購01  ,0,0,0,0,0,0,0,0,0,-5000,0,0,0,28000,33000,-5000,-5000
045332,康友群益92購01  ,0,0,0,0,0,0,0,0,0,-5000,0,0,0,0,5000,-5000,-5000
045949,貿聯日盛92購01  ,0,0,0,0,0,0,0,0,0,-5000,0,0,0,0,5000,-5000,-5000
047035,華邦電群益94購02,0,0,0,0,0,0,0,0,0,-5000,0,0,0,0,5000,-5000,-5000
04548P,大立光元大94售14,0,0,0,0,0,0,0,0,0,-5000,0,0,0,10000,15000,-5000,-5000
045418,上銀凱基92購01  ,0,0,0,0,0,0,0,0,0,-5000,0,0,0,0,5000,-5000,-5000
046149,宏達電國票93購01,0,0,0,0,0,0,0,0,0,-5000,0,0,0,0,5000,-5000,-5000
036804,國巨元富93購01  ,0,0,0,0,0,0,0,0,0,-5000,0,0,0,31000,36000,-5000,-5000
03893P,為升凱基93售03  ,0,0,0,0,0,0,0,0,0,-5000,0,0,0,2000,7000,-5000,-5000
00767,FH美國金融股    ,0,0,0,0,0,0,0,0,0,-5000,0,0,0,101000,106000,-5000,-5000
03965P,上銀國票94售01  ,0,0,0,0,0,0,0,0,0,-5000,0,0,0,0,5000,-5000,-5000
045775,可成元大92購06  ,0,0,0,0,0,0,0,0,0,-5000,0,0,0,2000,7000,-5000,-5000
047405,香港2X統一96購01,0,0,0,0,0,0,0,0,0,-5000,0,0,0,5000,10000,-5000,-5000
047263,揚明光國票94購01,0,0,0,0,0,0,0,0,0,-5000,0,0,0,0,5000,-5000,-5000
045013,大立光元大93購04,0,0,0,0,0,0,0,0,0,-5000,0,0,0,0,5000,-5000,-5000
047127,臻鼎中信95購01  ,0,0,0,0,0,0,0,0,0,-5000,0,0,0,0,5000,-5000,-5000
047202,欣興元富96購01  ,0,0,0,0,0,0,0,0,0,-5000,0,0,0,0,5000,-5000,-5000
044024,祥碩凱基93購01  ,0,0,0,0,0,0,0,0,0,-5000,0,0,0,0,5000,-5000,-5000
044053,國巨元大92購11  ,0,0,0,0,0,0,0,0,0,-5000,0,0,0,0,5000,-5000,-5000
044049,元金2X元大94購03,0,0,0,0,0,0,0,0,0,-5000,0,0,0,0,5000,-5000,-5000
044879,上証2X群益93購01,0,0,0,0,0,0,0,0,0,-5000,0,0,0,20000,25000,-5000,-5000
050989,台表科富邦95購01,0,0,0,0,0,0,0,0,0,-5000,0,0,0,1000,6000,-5000,-5000
048029,聯發科凱基93購26,0,0,0,0,0,0,0,0,0,-5000,0,0,0,10000,15000,-5000,-5000
048010,嘉聯益富邦97購01,0,0,0,0,0,0,0,0,0,-5000,0,0,0,0,5000,-5000,-5000
047620,貿聯凱基93購01  ,0,0,0,0,0,0,0,0,0,-5000,0,0,0,0,5000,-5000,-5000
047906,中石化元大94購01,0,0,0,0,0,0,0,0,0,-5000,0,0,0,0,5000,-5000,-5000
048315,聯發科凱基93購32,0,0,0,0,0,0,0,0,0,-5000,0,0,0,8000,13000,-5000,-5000
048166,滬深2X永豐96購02,0,0,0,0,0,0,0,0,0,-5000,0,0,0,0,5000,-5000,-5000
048198,大立光元大93購28,0,0,0,0,0,0,0,0,0,-5000,0,0,0,0,5000,-5000,-5000
048217,亞德客凱基93購06,0,0,0,0,0,0,0,0,0,-5000,0,0,0,37000,42000,-5000,-5000
050779,超眾元大96購03  ,0,0,0,0,0,0,0,0,0,-5000,0,0,0,0,5000,-5000,-5000
049894,嘉聯益富邦98購01,0,0,0,0,0,0,0,0,0,-5000,0,0,0,0,5000,-5000,-5000
050719,世紀鋼群益96購01,0,0,0,0,0,0,0,0,0,-5000,0,0,0,0,5000,-5000,-5000
050806,華新科日盛95購01,0,0,0,0,0,0,0,0,0,-5000,0,0,0,0,5000,-5000,-5000
050810,鴻海凱基95購09  ,0,0,0,0,0,0,0,0,0,-5000,0,0,0,43000,48000,-5000,-5000
050957,T50反1台新05購01,0,0,0,0,0,0,0,0,0,-5000,0,0,0,0,5000,-5000,-5000
049619,宏達電群益95購02,0,0,0,0,0,0,0,0,0,-5000,0,0,0,0,5000,-5000,-5000
049654,臺股指凱基94購15,0,0,0,0,0,0,0,0,0,-5000,0,0,0,0,5000,-5000,-5000
049675,台光電國票95購01,0,0,0,0,0,0,0,0,0,-5000,0,0,0,0,5000,-5000,-5000
049692,可成元大94購07  ,0,0,0,0,0,0,0,0,0,-5000,0,0,0,0,5000,-5000,-5000
049017,旺宏群益96購03  ,0,0,0,0,0,0,0,0,0,-5000,0,0,0,2000,7000,-5000,-5000
050207,百和群益95購01  ,0,0,0,0,0,0,0,0,0,-5000,0,0,0,0,5000,-5000,-5000
048373,A50正2元富95購01,0,0,0,0,0,0,0,0,0,-5000,0,0,0,8000,13000,-5000,-5000
049262,大立光元大94購09,0,0,0,0,0,0,0,0,0,-5000,0,0,0,0,5000,-5000,-5000
05099P,台積電凱基95售06,0,0,0,0,0,0,0,0,0,-5000,0,0,0,0,5000,-5000,-5000
051095,貿聯元大95購03  ,0,0,0,0,0,0,0,0,0,-5000,0,0,0,0,5000,-5000,-5000
051070,正崴國票96購01  ,0,0,0,0,0,0,0,0,0,-5000,0,0,0,0,5000,-5000,-5000
051212,國巨統一95購01  ,0,0,0,0,0,0,0,0,0,-5000,0,0,0,0,5000,-5000,-5000
051246,美律元大96購01  ,0,0,0,0,0,0,0,0,0,-5000,0,0,0,0,5000,-5000,-5000
051420,康控國票95購05  ,0,0,0,0,0,0,0,0,0,-5000,0,0,0,0,5000,-5000,-5000
051339,智易永豐95購02  ,0,0,0,0,0,0,0,0,0,-5000,0,0,0,0,5000,-5000,-5000
051456,鈺齊元大95購01  ,0,0,0,0,0,0,0,0,0,-5000,0,0,0,0,5000,-5000,-5000
04979P,臺股指凱基96售07,0,0,0,0,0,0,0,0,0,-5000,0,0,0,0,5000,-5000,-5000
049515,同欣電凱基94購01,0,0,0,0,0,0,0,0,0,-5000,0,0,0,0,5000,-5000,-5000
049472,楠梓電永豐95購01,0,0,0,0,0,0,0,0,0,-5000,0,0,0,0,5000,-5000,-5000
049433,健策國票95購03  ,0,0,0,0,0,0,0,0,0,-5000,0,0,0,0,5000,-5000,-5000
049175,台積電凱基94購12,0,0,0,0,0,0,0,0,0,-5000,0,0,0,5000,10000,-5000,-5000
049389,元石油中信97購02,0,0,0,0,0,0,0,0,0,-5000,0,0,0,0,5000,-5000,-5000
049414,台積電凱基94購18,0,0,0,0,0,0,0,0,0,-5000,0,0,0,0,5000,-5000,-5000
048844,訊芯凱基94購02  ,0,0,0,0,0,0,0,0,0,-5000,0,0,0,0,5000,-5000,-5000
048872,玉晶光國票94購02,0,0,0,0,0,0,0,0,0,-5000,0,0,0,0,5000,-5000,-5000
048624,美律台新93購01  ,0,0,0,0,0,0,0,0,0,-5000,0,0,0,0,5000,-5000,-5000
054511,香港反元大98購01,0,0,0,0,0,0,0,0,0,-5000,0,0,0,0,5000,-5000,-5000
054504,聯鈞永豐96購01  ,0,0,0,0,0,0,0,0,0,-5000,0,0,0,31000,36000,-5000,-5000
054468,台郡凱基98購01  ,0,0,0,0,0,0,0,0,0,-5000,0,0,0,39000,44000,-5000,-5000
054419,嘉聯益元大98購02,0,0,0,0,0,0,0,0,0,-5000,0,0,0,0,5000,-5000,-5000
053919,可成國票97購02  ,0,0,0,0,0,0,0,0,0,-5000,0,0,0,0,5000,-5000,-5000
054156,聯電亞東98購01  ,0,0,0,0,0,0,0,0,0,-5000,0,0,0,0,5000,-5000,-5000
054240,訊芯群益96購03  ,0,0,0,0,0,0,0,0,0,-5000,0,0,0,5000,10000,-5000,-5000
053356,聯發科統一96購07,0,0,0,0,0,0,0,0,0,-5000,0,0,0,10000,15000,-5000,-5000
053423,亞光永豐96購01  ,0,0,0,0,0,0,0,0,0,-5000,0,0,0,3000,8000,-5000,-5000
053427,鎧勝永豐96購02  ,0,0,0,0,0,0,0,0,0,-5000,0,0,0,15000,20000,-5000,-5000
053412,台達電國票97購02,0,0,0,0,0,0,0,0,0,-5000,0,0,0,3000,8000,-5000,-5000
053472,漢唐元大96購02  ,0,0,0,0,0,0,0,0,0,-5000,0,0,0,0,5000,-5000,-5000
053168,晶技群益98購01  ,0,0,0,0,0,0,0,0,0,-5000,0,0,0,10000,15000,-5000,-5000
053258,上証2X群益9A購03,0,0,0,0,0,0,0,0,0,-5000,0,0,0,0,5000,-5000,-5000
053759,晶相光國泰98購01,0,0,0,0,0,0,0,0,0,-5000,0,0,0,0,5000,-5000,-5000
053586,建準元大96購01  ,0,0,0,0,0,0,0,0,0,-5000,0,0,0,52000,57000,-5000,-5000
052256,台泥國泰96購01  ,0,0,0,0,0,0,0,0,0,-5000,0,0,0,3000,8000,-5000,-5000
052254,康友永豐95購03  ,0,0,0,0,0,0,0,0,0,-5000,0,0,0,17000,22000,-5000,-5000
052003,泰碩國泰97購02  ,0,0,0,0,0,0,0,0,0,-5000,0,0,0,9000,14000,-5000,-5000
051948,滬深2X元富9B購01,0,0,0,0,0,0,0,0,0,-5000,0,0,0,50000,55000,-5000,-5000
051829,玉晶光元大98購02,0,0,0,0,0,0,0,0,0,-5000,0,0,0,6000,11000,-5000,-5000
051671,和鑫元大96購02  ,0,0,0,0,0,0,0,0,0,-5000,0,0,0,0,5000,-5000,-5000
053082,聯電元大98購03  ,0,0,0,0,0,0,0,0,0,-5000,0,0,0,0,5000,-5000,-5000
052905,潤泰全國票97購01,0,0,0,0,0,0,0,0,0,-5000,0,0,0,0,5000,-5000,-5000
052835,滬深2X國泰98購01,0,0,0,0,0,0,0,0,0,-5000,0,0,0,5000,10000,-5000,-5000
052827,昇陽半永豐97購01,0,0,0,0,0,0,0,0,0,-5000,0,0,0,0,5000,-5000,-5000
052508,矽力日盛95購02  ,0,0,0,0,0,0,0,0,0,-5000,0,0,0,0,5000,-5000,-5000
052693,微星中信96購01  ,0,0,0,0,0,0,0,0,0,-5000,0,0,0,5000,10000,-5000,-5000
3048,益登            ,34000,40000,-6000,0,0,0,0,0,0,0,0,0,0,0,0,0,-6000
2438,翔耀            ,0,0,0,0,0,0,0,0,0,-6000,0,6000,-6000,0,0,0,-6000
1531,高林股          ,0,6000,-6000,0,0,0,0,0,0,0,0,0,0,0,0,0,-6000
1535,中宇            ,5000,11000,-6000,0,0,0,0,0,0,0,0,0,0,0,0,0,-6000
1437,勤益控          ,4000,10000,-6000,0,0,0,0,0,0,0,0,0,0,0,0,0,-6000
06353P,電子類富邦99售02,0,0,0,0,0,0,0,0,0,-6000,0,0,0,0,6000,-6000,-6000
055741,健策元富97購01  ,0,0,0,0,0,0,0,0,0,-6000,0,0,0,0,6000,-6000,-6000
056036,鴻海凱基97購07  ,0,0,0,0,0,0,0,0,0,-6000,0,0,0,0,6000,-6000,-6000
056093,大毅元富97購01  ,0,0,0,0,0,0,0,0,0,-6000,0,0,0,0,6000,-6000,-6000
05819P,臺股指凱基96售16,0,0,0,0,0,0,0,0,0,-6000,0,0,0,0,6000,-6000,-6000
05720P,可成中信98售01  ,0,0,0,0,0,0,0,0,0,-6000,0,0,0,14000,20000,-6000,-6000
05879P,台積電台新96售03,0,0,0,0,0,0,0,0,0,-6000,0,0,0,14000,20000,-6000,-6000
055046,上銀永豐97購01  ,0,0,0,0,0,0,0,0,0,-6000,0,0,0,4000,10000,-6000,-6000
055041,致新富邦97購01  ,0,0,0,0,0,0,0,0,0,-6000,0,0,0,0,6000,-6000,-6000
055116,康控凱基98購01  ,0,0,0,0,0,0,0,0,0,-6000,0,0,0,0,6000,-6000,-6000
055127,台虹兆豐97購01  ,0,0,0,0,0,0,0,0,0,-6000,0,0,0,0,6000,-6000,-6000
055400,緯穎統一97購01  ,0,0,0,0,0,0,0,0,0,-6000,0,0,0,0,6000,-6000,-6000
055343,國巨凱基97購03  ,0,0,0,0,0,0,0,0,0,-6000,0,0,0,0,6000,-6000,-6000
04380P,欣興元大94售02  ,0,0,0,0,0,0,0,0,0,-6000,0,0,0,0,6000,-6000,-6000
047187,亞光元大94購01  ,0,0,0,0,0,0,0,0,0,-6000,0,0,0,13000,19000,-6000,-6000
045010,可成元大92購04  ,0,0,0,0,0,0,0,0,0,-6000,0,0,0,0,6000,-6000,-6000
043784,鴻海凱基94購01  ,0,0,0,0,0,0,0,0,0,-6000,0,0,0,13000,19000,-6000,-6000
00670L,富邦NASDAQ正2   ,0,0,0,0,0,0,0,0,0,-6000,0,0,0,17000,23000,-6000,-6000
04115P,欣興群益93售06  ,0,0,0,0,0,0,0,0,0,-6000,0,0,0,9000,15000,-6000,-6000
046854,可成元大93購04  ,0,0,0,0,0,0,0,0,0,-6000,0,0,0,0,6000,-6000,-6000
046725,可成元大93購02  ,0,0,0,0,0,0,0,0,0,-6000,0,0,0,5000,11000,-6000,-6000
045975,祥碩凱基93購04  ,0,0,0,0,0,0,0,0,0,-6000,0,0,0,7000,13000,-6000,-6000
046045,聯茂元大92購07  ,0,0,0,0,0,0,0,0,0,-6000,0,0,0,54000,60000,-6000,-6000
046178,聯發科日盛92購01,0,0,0,0,0,0,0,0,0,-6000,0,0,0,3000,9000,-6000,-6000
050106,台達電元大94購11,0,0,0,0,0,0,0,0,0,-6000,0,0,0,0,6000,-6000,-6000
050064,華新科凱基94購08,0,0,0,0,0,0,0,0,0,-6000,0,0,0,4000,10000,-6000,-6000
049138,台積電元大94購05,0,0,0,0,0,0,0,0,0,-6000,0,0,0,38000,44000,-6000,-6000
048700,和鑫國票95購01  ,0,0,0,0,0,0,0,0,0,-6000,0,0,0,0,6000,-6000,-6000
049312,亞光凱基94購02  ,0,0,0,0,0,0,0,0,0,-6000,0,0,0,7000,13000,-6000,-6000
049360,台達電元大94購07,0,0,0,0,0,0,0,0,0,-6000,0,0,0,0,6000,-6000,-6000
049295,全新群益94購02  ,0,0,0,0,0,0,0,0,0,-6000,0,0,0,0,6000,-6000,-6000
049233,聯發科統一94購04,0,0,0,0,0,0,0,0,0,-6000,0,0,0,0,6000,-6000,-6000
051402,玉晶光永豐95購04,0,0,0,0,0,0,0,0,0,-6000,0,0,0,8000,14000,-6000,-6000
051087,國巨元大97購01  ,0,0,0,0,0,0,0,0,0,-6000,0,0,0,0,6000,-6000,-6000
047509,技嘉國票93購01  ,0,0,0,0,0,0,0,0,0,-6000,0,0,0,0,6000,-6000,-6000
049696,欣興元大95購02  ,0,0,0,0,0,0,0,0,0,-6000,0,0,0,22000,28000,-6000,-6000
050519,旺宏元大95購03  ,0,0,0,0,0,0,0,0,0,-6000,0,0,0,3000,9000,-6000,-6000
049892,國巨富邦96購01  ,0,0,0,0,0,0,0,0,0,-6000,0,0,0,4000,10000,-6000,-6000
048122,台達電元大96購02,0,0,0,0,0,0,0,0,0,-6000,0,0,0,2000,8000,-6000,-6000
050871,麗豐永豐95購01  ,0,0,0,0,0,0,0,0,0,-6000,0,0,0,0,6000,-6000,-6000
051771,上銀中信95購01  ,0,0,0,0,0,0,0,0,0,-6000,0,0,0,5000,11000,-6000,-6000
053499,禾伸堂兆豐96購01,0,0,0,0,0,0,0,0,0,-6000,0,0,0,0,6000,-6000,-6000
054219,楠梓電統一97購01,0,0,0,0,0,0,0,0,0,-6000,0,0,0,17000,23000,-6000,-6000
054000,訊芯群益96購02  ,0,0,0,0,0,0,0,0,0,-6000,0,0,0,0,6000,-6000,-6000
054693,神基永豐97購01  ,0,0,0,0,0,0,0,0,0,-6000,0,0,0,36000,42000,-6000,-6000
054981,國巨元富97購02  ,0,0,0,0,0,0,0,0,0,-7000,0,0,0,13000,20000,-7000,-7000
054800,訊芯群益99購01  ,0,0,0,0,0,0,0,0,0,-7000,0,0,0,0,7000,-7000,-7000
055887,上銀統一97購03  ,0,0,0,0,0,0,0,0,0,-7000,0,0,0,0,7000,-7000,-7000
055949,亞德客元大97購04,0,0,0,0,0,0,0,0,0,-7000,0,0,0,0,7000,-7000,-7000
055844,大毅元大98購01  ,0,0,0,0,0,0,0,0,0,-7000,0,0,0,206000,213000,-7000,-7000
055566,台表科凱基97購03,0,0,0,0,0,0,0,0,0,-7000,0,0,0,0,7000,-7000,-7000
055522,道瓊反群益01購01,0,0,0,0,0,0,0,0,0,-7000,0,0,0,0,7000,-7000,-7000
055507,樺漢元大98購02  ,0,0,0,0,0,0,0,0,0,-7000,0,0,0,1000,8000,-7000,-7000
06182P,群創兆豐97售03  ,0,0,0,0,0,0,0,0,0,-7000,0,0,0,0,7000,-7000,-7000
2380,虹光            ,0,7000,-7000,0,0,0,0,0,0,0,0,0,0,0,0,0,-7000
4552,力達-KY         ,6000,13000,-7000,0,0,0,0,0,0,0,0,0,0,0,0,0,-7000
046234,彩晶元大92購01  ,0,0,0,0,0,0,0,0,0,-7000,0,0,0,25000,32000,-7000,-7000
046465,GIS凱基95購01   ,0,0,0,0,0,0,0,0,0,-7000,0,0,0,1000,8000,-7000,-7000
047025,可成元大93購05  ,0,0,0,0,0,0,0,0,0,-7000,0,0,0,0,7000,-7000,-7000
00690,兆豐藍籌30      ,0,0,0,0,0,0,0,0,0,-7000,0,0,0,169000,176000,-7000,-7000
00742,新光內需收益    ,0,0,0,0,0,0,0,0,0,-7000,0,0,0,0,7000,-7000,-7000
050927,聯詠凱基95購01  ,0,0,0,0,0,0,0,0,0,-7000,0,0,0,20000,27000,-7000,-7000
048067,台光電元富93購01,0,0,0,0,0,0,0,0,0,-7000,0,0,0,0,7000,-7000,-7000
051145,台積電凱基95購05,0,0,0,0,0,0,0,0,0,-7000,0,0,0,0,7000,-7000,-7000
049827,正崴凱基94購01  ,0,0,0,0,0,0,0,0,0,-7000,0,0,0,19000,26000,-7000,-7000
049245,和鑫元富95購01  ,0,0,0,0,0,0,0,0,0,-7000,0,0,0,2000,9000,-7000,-7000
049528,台積電中信94購01,0,0,0,0,0,0,0,0,0,-7000,0,0,0,3000,10000,-7000,-7000
049298,矽格群益95購01  ,0,0,0,0,0,0,0,0,0,-7000,0,0,0,3000,10000,-7000,-7000
049761,亞德客國泰95購03,0,0,0,0,0,0,0,0,0,-7000,0,0,0,1000,8000,-7000,-7000
054280,牧德群益98購01  ,0,0,0,0,0,0,0,0,0,-7000,0,0,0,3000,10000,-7000,-7000
053441,旺宏凱基98購01  ,0,0,0,0,0,0,0,0,0,-7000,0,0,0,41000,48000,-7000,-7000
053374,台達電元大96購03,0,0,0,0,0,0,0,0,0,-7000,0,0,0,1000,8000,-7000,-7000
053161,康友元大96購04  ,0,0,0,0,0,0,0,0,0,-7000,0,0,0,19000,26000,-7000,-7000
053625,國巨兆豐96購03  ,0,0,0,0,0,0,0,0,0,-7000,0,0,0,1000,8000,-7000,-7000
052553,技嘉國票96購01  ,0,0,0,0,0,0,0,0,0,-7000,0,0,0,22000,29000,-7000,-7000
052400,聯詠凱基97購01  ,0,0,0,0,0,0,0,0,0,-7000,0,0,0,10000,17000,-7000,-7000
052799,上銀元大96購01  ,0,0,0,0,0,0,0,0,0,-7000,0,0,0,4000,11000,-7000,-7000
053032,國巨兆豐97購02  ,0,0,0,0,0,0,0,0,0,-7000,0,0,0,59000,66000,-7000,-7000
5288,豐祥-KY         ,8000,16000,-8000,0,0,0,0,0,0,0,0,0,0,0,0,0,-8000
8103,瀚荃            ,1000,3000,-2000,0,0,0,0,6000,-6000,0,0,0,0,0,0,0,-8000
2417,圓剛            ,0,8000,-8000,0,0,0,0,0,0,0,0,0,0,0,0,0,-8000
2495,普安            ,9000,0,9000,0,0,0,0,17000,-17000,0,0,0,0,0,0,0,-8000
055600,致伸元大97購02  ,0,0,0,0,0,0,0,0,0,-8000,0,0,0,0,8000,-8000,-8000
05874P,台積電群益96售10,0,0,0,0,0,0,0,0,0,-8000,0,0,0,47000,55000,-8000,-8000
054975,福懋科元大97購01,0,0,0,0,0,0,0,0,0,-8000,0,0,0,0,8000,-8000,-8000
055404,超眾元富97購01  ,0,0,0,0,0,0,0,0,0,-8000,0,0,0,0,8000,-8000,-8000
055123,億光兆豐97購01  ,0,0,0,0,0,0,0,0,0,-8000,0,0,0,10000,18000,-8000,-8000
055117,臻鼎凱基98購02  ,0,0,0,0,0,0,0,0,0,-8000,0,0,0,0,8000,-8000,-8000
040508,上証2X國泰93購01,0,0,0,0,0,0,0,0,0,-8000,0,0,0,2000,10000,-8000,-8000
03639C,元油2X元大9B牛01,0,0,0,0,0,0,0,0,0,-8000,0,0,0,0,8000,-8000,-8000
044777,超眾元大93購01  ,0,0,0,0,0,0,0,0,0,-8000,0,0,0,0,8000,-8000,-8000
04742P,瑞昱統一94售01  ,0,0,0,0,0,0,0,0,0,-8000,0,0,0,12000,20000,-8000,-8000
043958,臻鼎元富94購01  ,0,0,0,0,0,0,0,0,0,-8000,0,0,0,5000,13000,-8000,-8000
044184,南亞科國泰93購01,0,0,0,0,0,0,0,0,0,-8000,0,0,0,6000,14000,-8000,-8000
047119,臻鼎元大93購01  ,0,0,0,0,0,0,0,0,0,-8000,0,0,0,0,8000,-8000,-8000
045171,可成兆豐92購02  ,0,0,0,0,0,0,0,0,0,-8000,0,0,0,0,8000,-8000,-8000
045103,上海銀亞東94購01,0,0,0,0,0,0,0,0,0,-8000,0,0,0,0,8000,-8000,-8000
046584,可成元大92購11  ,0,0,0,0,0,0,0,0,0,-8000,0,0,0,0,8000,-8000,-8000
050013,淘帝國泰95購01  ,0,0,0,0,0,0,0,0,0,-8000,0,0,0,0,8000,-8000,-8000
05034P,台積電元大95售08,0,0,0,0,0,0,0,0,0,-8000,0,0,0,2000,10000,-8000,-8000
049749,創意永豐94購01  ,0,0,0,0,0,0,0,0,0,-8000,0,0,0,0,8000,-8000,-8000
049359,台達電元大94購06,0,0,0,0,0,0,0,0,0,-8000,0,0,0,0,8000,-8000,-8000
049587,美律元大95購01  ,0,0,0,0,0,0,0,0,0,-8000,0,0,0,20000,28000,-8000,-8000
048567,台郡元大93購03  ,0,0,0,0,0,0,0,0,0,-8000,0,0,0,0,8000,-8000,-8000
048561,可成元大93購13  ,0,0,0,0,0,0,0,0,0,-8000,0,0,0,0,8000,-8000,-8000
04766P,緯穎永豐94售02  ,0,0,0,0,0,0,0,0,0,-8000,0,0,0,0,8000,-8000,-8000
050982,台積電國泰96購04,0,0,0,0,0,0,0,0,0,-8000,0,0,0,2000,10000,-8000,-8000
048405,嘉晶群益93購03  ,0,0,0,0,0,0,0,0,0,-8000,0,0,0,0,8000,-8000,-8000
048349,美利達元大96購02,0,0,0,0,0,0,0,0,0,-8000,0,0,0,10000,18000,-8000,-8000
050166,彩晶國泰95購01  ,0,0,0,0,0,0,0,0,0,-8000,0,0,0,0,8000,-8000,-8000
052739,國巨元大96購04  ,0,0,0,0,0,0,0,0,0,-8000,0,0,0,0,8000,-8000,-8000
052482,茂林群益95購01  ,0,0,0,0,0,0,0,0,0,-8000,0,0,0,4000,12000,-8000,-8000
051670,欣興元大95購06  ,0,0,0,0,0,0,0,0,0,-8000,0,0,0,71000,79000,-8000,-8000
052241,台郡國票96購01  ,0,0,0,0,0,0,0,0,0,-8000,0,0,0,0,8000,-8000,-8000
053271,喬山元大97購01  ,0,0,0,0,0,0,0,0,0,-8000,0,0,0,6000,14000,-8000,-8000
053407,台積電兆豐96購02,0,0,0,0,0,0,0,0,0,-8000,0,0,0,0,8000,-8000,-8000
053388,群創元大9C購02  ,0,0,0,0,0,0,0,0,0,-8000,0,0,0,101000,109000,-8000,-8000
053432,世紀鋼永豐96購02,0,0,0,0,0,0,0,0,0,-8000,0,0,0,27000,35000,-8000,-8000
05429P,鴻海統一95售16  ,0,0,0,0,0,0,0,0,0,-8000,0,0,0,0,8000,-8000,-8000
054044,京元電元大96購03,0,0,0,0,0,0,0,0,0,-8000,0,0,0,42000,50000,-8000,-8000
054583,玉晶光統一97購02,0,0,0,0,0,0,0,0,0,-8000,0,0,0,0,8000,-8000,-8000
055334,禾伸堂兆豐97購01,0,0,0,0,0,0,0,0,0,-9000,0,0,0,0,9000,-9000,-9000
055285,華新科元大99購03,0,0,0,0,0,0,0,0,0,-9000,0,0,0,1000,10000,-9000,-9000
054743,聯鈞凱基99購01  ,0,0,0,0,0,0,0,0,0,-9000,0,0,0,6000,15000,-9000,-9000
055519,茂林中信99購01  ,0,0,0,0,0,0,0,0,0,-9000,0,0,0,26000,35000,-9000,-9000
055842,建準元大98購01  ,0,0,0,0,0,0,0,0,0,-9000,0,0,0,0,9000,-9000,-9000
055723,康控元大97購04  ,0,0,0,0,0,0,0,0,0,-9000,0,0,0,6000,15000,-9000,-9000
1473,台南            ,1000,10000,-9000,0,0,0,0,0,0,0,0,0,0,0,0,0,-9000
6183,關貿            ,2000,11000,-9000,0,0,0,0,0,0,0,0,0,0,0,0,0,-9000
3705,永信            ,6000,15000,-9000,0,0,0,0,0,0,0,0,0,0,0,0,0,-9000
3130,一零四          ,0,9000,-9000,0,0,0,0,0,0,0,0,0,0,0,0,0,-9000
2731,雄獅            ,6000,15000,-9000,0,0,0,0,0,0,0,0,0,0,0,0,0,-9000
044430,上銀元大92購03  ,0,0,0,0,0,0,0,0,0,-9000,0,0,0,14000,23000,-9000,-9000
044437,台郡元大92購02  ,0,0,0,0,0,0,0,0,0,-9000,0,0,0,0,9000,-9000,-9000
00851,台新全球AI      ,0,0,0,0,0,0,0,0,0,-9000,0,0,0,12000,21000,-9000,-9000
049848,聯發科群益94購06,0,0,0,0,0,0,0,0,0,-9000,0,0,0,61000,70000,-9000,-9000
047973,華通兆豐94購01  ,0,0,0,0,0,0,0,0,0,-9000,0,0,0,0,9000,-9000,-9000
049146,南亞科元大94購02,0,0,0,0,0,0,0,0,0,-9000,0,0,0,1000,10000,-9000,-9000
054644,A50正2群益9B購01,0,0,0,0,0,0,0,0,0,-9000,0,0,0,11000,20000,-9000,-9000
054136,亞光元大96購04  ,0,0,0,0,0,0,0,0,0,-9000,0,0,0,4000,13000,-9000,-9000
053155,晶技元大97購02  ,0,0,0,0,0,0,0,0,0,-9000,0,0,0,1000,10000,-9000,-9000
052197,台郡元富95購03  ,0,0,0,0,0,0,0,0,0,-9000,0,0,0,19000,28000,-9000,-9000
052706,台虹國票97購01  ,0,0,0,0,0,0,0,0,0,-9000,0,0,0,20000,29000,-9000,-9000
052744,聯詠元大97購01  ,0,0,0,0,0,0,0,0,0,-9000,0,0,0,73000,82000,-9000,-9000
052962,台積電凱基97購03,0,0,0,0,0,0,0,0,0,-9000,0,0,0,1000,10000,-9000,-9000
1321,大洋            ,1000,10000,-9000,0,0,0,0,248,-248,0,0,0,0,0,0,0,-9248
1476,儒鴻            ,57884,73392,-15508,0,0,0,5000,9000,-4000,10000,10000,0,10000,2000,2000,0,-9508
1732,毛寶            ,0,10000,-10000,0,0,0,0,0,0,0,0,0,0,0,0,0,-10000
1109,信大            ,15000,89000,-74000,0,0,0,64000,0,64000,0,0,0,0,0,0,0,-10000
08213P,台光電統一9B售03,0,0,0,0,0,0,0,0,0,-10000,0,0,0,0,10000,-10000,-10000
06337P,祥碩元大97售05  ,0,0,0,0,0,0,0,0,0,-10000,0,0,0,0,10000,-10000,-10000
06192P,高股息中信98售01,0,0,0,0,0,0,0,0,0,-10000,0,0,0,0,10000,-10000,-10000
06148P,台積電元大97售17,0,0,0,0,0,0,0,0,0,-10000,0,0,0,100000,110000,-10000,-10000
06058P,玉晶光凱基97售04,0,0,0,0,0,0,0,0,0,-10000,0,0,0,0,10000,-10000,-10000
2707,晶華            ,55000,42000,13000,0,0,0,0,0,0,-23000,0,0,0,0,23000,-23000,-10000
2606,裕民            ,168000,132000,36000,0,0,0,7000,0,7000,-53000,0,51000,-51000,0,2000,-2000,-10000
3149,正達            ,6000,16000,-10000,0,0,0,0,0,0,0,0,0,0,0,0,0,-10000
9136,巨騰-DR         ,1000,11000,-10000,0,0,0,0,0,0,0,0,0,0,0,0,0,-10000
055862,矽力元大97購04  ,0,0,0,0,0,0,0,0,0,-10000,0,0,0,0,10000,-10000,-10000
055817,京鼎國票99購01  ,0,0,0,0,0,0,0,0,0,-10000,0,0,0,0,10000,-10000,-10000
055821,勤誠國票98購01  ,0,0,0,0,0,0,0,0,0,-10000,0,0,0,26000,36000,-10000,-10000
055830,上銀元大97購07  ,0,0,0,0,0,0,0,0,0,-10000,0,0,0,0,10000,-10000,-10000
05555P,健策群益98售01  ,0,0,0,0,0,0,0,0,0,-10000,0,0,0,0,10000,-10000,-10000
055618,麗豐國票98購01  ,0,0,0,0,0,0,0,0,0,-10000,0,0,0,0,10000,-10000,-10000
05899P,臺股指凱基96售30,0,0,0,0,0,0,0,0,0,-10000,0,0,0,0,10000,-10000,-10000
05907P,聯發科元富96售05,0,0,0,0,0,0,0,0,0,-10000,0,0,0,0,10000,-10000,-10000
05949P,台積電國票96售09,0,0,0,0,0,0,0,0,0,-10000,0,0,0,10000,20000,-10000,-10000
05765P,臺股指永豐96售01,0,0,0,0,0,0,0,0,0,-10000,0,0,0,40000,50000,-10000,-10000
05839P,臺股指富邦96售06,0,0,0,0,0,0,0,0,0,-10000,0,0,0,0,10000,-10000,-10000
055905,可成兆豐97購03  ,0,0,0,0,0,0,0,0,0,-10000,0,0,0,0,10000,-10000,-10000
055914,大立光凱基97購13,0,0,0,0,0,0,0,0,0,-10000,0,0,0,0,10000,-10000,-10000
056060,宏達電元大99購01,0,0,0,0,0,0,0,0,0,-10000,0,0,0,0,10000,-10000,-10000
056068,欣興元大97購05  ,0,0,0,0,0,0,0,0,0,-10000,0,0,0,15000,25000,-10000,-10000
056022,新光金群益97購02,0,0,0,0,0,0,0,0,0,-10000,0,0,0,0,10000,-10000,-10000
056002,嘉晶永豐97購01  ,0,0,0,0,0,0,0,0,0,-10000,0,0,0,0,10000,-10000,-10000
056109,彩晶永豐98購01  ,0,0,0,0,0,0,0,0,0,-10000,0,0,0,9000,19000,-10000,-10000
054736,南亞科凱基98購01,0,0,0,0,0,0,0,0,0,-10000,0,0,0,0,10000,-10000,-10000
054856,得力群益99購01  ,0,0,0,0,0,0,0,0,0,-10000,0,0,0,0,10000,-10000,-10000
054828,正崴國泰99購01  ,0,0,0,0,0,0,0,0,0,-10000,0,0,0,0,10000,-10000,-10000
055275,台積電元大97購19,0,0,0,0,0,0,0,0,0,-10000,0,0,0,0,10000,-10000,-10000
055276,台積電元大97購20,0,0,0,0,0,0,0,0,0,-10000,0,0,0,145000,155000,-10000,-10000
055368,台積電元大97購24,0,0,0,0,0,0,0,0,0,-10000,0,0,0,0,10000,-10000,-10000
05513P,玉山金台新96售01,0,0,0,0,0,0,0,0,0,-10000,0,0,0,0,10000,-10000,-10000
055068,亞翔永豐97購01  ,0,0,0,0,0,0,0,0,0,-10000,0,0,0,0,10000,-10000,-10000
040721,大立光富邦92購01,0,0,0,0,0,0,0,0,0,-10000,0,0,0,10000,20000,-10000,-10000
041308,群創群益92購01  ,0,0,0,0,0,0,0,0,0,-10000,0,0,0,0,10000,-10000,-10000
03889P,國巨國泰94售04  ,0,0,0,0,0,0,0,0,0,-10000,0,0,0,0,10000,-10000,-10000
03641C,臺股指凱基95牛18,0,0,0,0,0,0,0,0,0,-10000,0,0,0,20000,30000,-10000,-10000
03636C,元油2X元富04牛01,0,0,0,0,0,0,0,0,0,-10000,0,0,0,0,10000,-10000,-10000
03566P,臺股指日盛03售01,0,0,0,0,0,0,0,0,0,-10000,0,0,0,0,10000,-10000,-10000
044711,台郡元大93購01  ,0,0,0,0,0,0,0,0,0,-10000,0,0,0,0,10000,-10000,-10000
044673,上銀凱基93購04  ,0,0,0,0,0,0,0,0,0,-10000,0,0,0,0,10000,-10000,-10000
042281,元油2X富邦96購02,0,0,0,0,0,0,0,0,0,-10000,0,0,0,0,10000,-10000,-10000
042558,瑞昱中信94購01  ,0,0,0,0,0,0,0,0,0,-10000,0,0,0,0,10000,-10000,-10000
044112,超眾國票92購01  ,0,0,0,0,0,0,0,0,0,-10000,0,0,0,0,10000,-10000,-10000
044925,漢唐國泰93購01  ,0,0,0,0,0,0,0,0,0,-10000,0,0,0,0,10000,-10000,-10000
044905,欣興凱基91購07  ,0,0,0,0,0,0,0,0,0,-10000,0,0,0,0,10000,-10000,-10000
04431P,牧德元大94售03  ,0,0,0,0,0,0,0,0,0,-10000,0,0,0,0,10000,-10000,-10000
043060,欣興中信93購01  ,0,0,0,0,0,0,0,0,0,-10000,0,0,0,0,10000,-10000,-10000
043289,欣興元大92購01  ,0,0,0,0,0,0,0,0,0,-10000,0,0,0,0,10000,-10000,-10000
043281,漢唐元大92購02  ,0,0,0,0,0,0,0,0,0,-10000,0,0,0,0,10000,-10000,-10000
043391,康控元大94購01  ,0,0,0,0,0,0,0,0,0,-10000,0,0,0,40000,50000,-10000,-10000
04351P,鴻海永豐94售01  ,0,0,0,0,0,0,0,0,0,-10000,0,0,0,0,10000,-10000,-10000
043695,臻鼎兆豐92購01  ,0,0,0,0,0,0,0,0,0,-10000,0,0,0,0,10000,-10000,-10000
047126,拓凱中信93購01  ,0,0,0,0,0,0,0,0,0,-10000,0,0,0,0,10000,-10000,-10000
050357,南電群益94購02  ,0,0,0,0,0,0,0,0,0,-10000,0,0,0,0,10000,-10000,-10000
050241,聯發科凱基94購14,0,0,0,0,0,0,0,0,0,-10000,0,0,0,10000,20000,-10000,-10000
050124,元金2X凱基95購01,0,0,0,0,0,0,0,0,0,-10000,0,0,0,0,10000,-10000,-10000
046538,大立光群益93購06,0,0,0,0,0,0,0,0,0,-10000,0,0,0,0,10000,-10000,-10000
046458,大立光凱基92購11,0,0,0,0,0,0,0,0,0,-10000,0,0,0,50000,60000,-10000,-10000
046460,聯鈞凱基93購02  ,0,0,0,0,0,0,0,0,0,-10000,0,0,0,33000,43000,-10000,-10000
046336,致新元大92購02  ,0,0,0,0,0,0,0,0,0,-10000,0,0,0,10000,20000,-10000,-10000
04633P,旺宏群益96售04  ,0,0,0,0,0,0,0,0,0,-10000,0,0,0,0,10000,-10000,-10000
046666,欣興元大93購05  ,0,0,0,0,0,0,0,0,0,-10000,0,0,0,0,10000,-10000,-10000
046878,康友國泰94購01  ,0,0,0,0,0,0,0,0,0,-10000,0,0,0,0,10000,-10000,-10000
045027,漢唐國票92購02  ,0,0,0,0,0,0,0,0,0,-10000,0,0,0,0,10000,-10000,-10000
047029,日月光元大93購01,0,0,0,0,0,0,0,0,0,-10000,0,0,0,0,10000,-10000,-10000
046738,台積電群益93購05,0,0,0,0,0,0,0,0,0,-10000,0,0,0,0,10000,-10000,-10000
046757,漢唐凱基93購02  ,0,0,0,0,0,0,0,0,0,-10000,0,0,0,0,10000,-10000,-10000
045214,上銀元大92購06  ,0,0,0,0,0,0,0,0,0,-10000,0,0,0,0,10000,-10000,-10000
045910,華通國票92購01  ,0,0,0,0,0,0,0,0,0,-10000,0,0,0,0,10000,-10000,-10000
045060,世紀鋼富邦93購01,0,0,0,0,0,0,0,0,0,-10000,0,0,0,0,10000,-10000,-10000
049165,元油2X凱基97購01,0,0,0,0,0,0,0,0,0,-10000,0,0,0,0,10000,-10000,-10000
04854P,鴻海國泰96售04  ,0,0,0,0,0,0,0,0,0,-10000,0,0,0,7000,17000,-10000,-10000
048829,欣興凱基94購02  ,0,0,0,0,0,0,0,0,0,-10000,0,0,0,16000,26000,-10000,-10000
048802,聯發科富邦94購03,0,0,0,0,0,0,0,0,0,-10000,0,0,0,0,10000,-10000,-10000
04954P,健策國票96售01  ,0,0,0,0,0,0,0,0,0,-10000,0,0,0,10000,20000,-10000,-10000
049208,台郡群益94購01  ,0,0,0,0,0,0,0,0,0,-10000,0,0,0,0,10000,-10000,-10000
049409,滬深2X凱基96購04,0,0,0,0,0,0,0,0,0,-10000,0,0,0,0,10000,-10000,-10000
049354,致新永豐94購01  ,0,0,0,0,0,0,0,0,0,-10000,0,0,0,0,10000,-10000,-10000
049403,欣興群益94購03  ,0,0,0,0,0,0,0,0,0,-10000,0,0,0,12000,22000,-10000,-10000
049733,旺宏群益94購03  ,0,0,0,0,0,0,0,0,0,-10000,0,0,0,0,10000,-10000,-10000
049791,元油2X元大94購07,0,0,0,0,0,0,0,0,0,-10000,0,0,0,0,10000,-10000,-10000
047690,美律富邦97購01  ,0,0,0,0,0,0,0,0,0,-10000,0,0,0,5000,15000,-10000,-10000
051116,可成麥證95購01  ,0,0,0,0,10000,-10000,0,0,0,-10000,0,0,0,0,10000,-10000,-10000
051078,力山富邦97購01  ,0,0,0,0,0,0,0,0,0,-10000,0,0,0,0,10000,-10000,-10000
051020,健策凱基96購02  ,0,0,0,0,0,0,0,0,0,-10000,0,0,0,0,10000,-10000,-10000
051012,台積電凱基95購04,0,0,0,0,0,0,0,0,0,-10000,0,0,0,0,10000,-10000,-10000
051404,牧德永豐96購01  ,0,0,0,0,0,0,0,0,0,-10000,0,0,0,5000,15000,-10000,-10000
051389,台達電兆豐95購01,0,0,0,0,0,0,0,0,0,-10000,0,0,0,0,10000,-10000,-10000
051362,台郡元大95購04  ,0,0,0,0,0,0,0,0,0,-10000,0,0,0,1000,11000,-10000,-10000
051363,矽創元大95購03  ,0,0,0,0,0,0,0,0,0,-10000,0,0,0,5000,15000,-10000,-10000
051289,大立光統一96購01,0,0,0,0,0,0,0,0,0,-10000,0,0,0,0,10000,-10000,-10000
051303,奇鋐凱基95購01  ,0,0,0,0,0,0,0,0,0,-10000,0,0,0,0,10000,-10000,-10000
047980,東陽群益93購02  ,0,0,0,0,0,0,0,0,0,-10000,0,0,0,15000,25000,-10000,-10000
04760P,旺宏凱基94售02  ,0,0,0,0,0,0,0,0,0,-10000,0,0,0,18000,28000,-10000,-10000
047599,大立光統一93購08,0,0,0,0,0,0,0,0,0,-10000,0,0,0,10000,20000,-10000,-10000
048030,聯發科凱基93購27,0,0,0,0,0,0,0,0,0,-10000,0,0,0,0,10000,-10000,-10000
048130,美利達元大96購01,0,0,0,0,0,0,0,0,0,-10000,0,0,0,0,10000,-10000,-10000
048133,臻鼎國票94購01  ,0,0,0,0,0,0,0,0,0,-10000,0,0,0,0,10000,-10000,-10000
048154,旺宏兆豐94購01  ,0,0,0,0,0,0,0,0,0,-10000,0,0,0,0,10000,-10000,-10000
048241,樺漢國票93購01  ,0,0,0,0,0,0,0,0,0,-10000,0,0,0,0,10000,-10000,-10000
047886,京元電富邦95購01,0,0,0,0,0,0,0,0,0,-10000,0,0,0,0,10000,-10000,-10000
047896,京元電群益93購01,0,0,0,0,0,0,0,0,0,-10000,0,0,0,0,10000,-10000,-10000
048643,強茂元大94購01  ,0,0,0,0,0,0,0,0,0,-10000,0,0,0,0,10000,-10000,-10000
048454,合勤控凱基94購01,0,0,0,0,0,0,0,0,0,-10000,0,0,0,0,10000,-10000,-10000
049652,GIS凱基94購05   ,0,0,0,0,0,0,0,0,0,-10000,0,0,0,81000,91000,-10000,-10000
049629,臺股指群益94購02,0,0,0,0,0,0,0,0,0,-10000,0,0,0,0,10000,-10000,-10000
048999,康普國票95購01  ,0,0,0,0,0,0,0,0,0,-10000,0,0,0,0,10000,-10000,-10000
048977,晶相光元大94購01,0,0,0,0,0,0,0,0,0,-10000,0,0,0,0,10000,-10000,-10000
05017P,臺股指元大95售08,0,0,0,0,0,0,0,0,0,-10000,0,0,0,0,10000,-10000,-10000
05042P,GIS凱基95售03   ,0,0,0,0,0,0,0,0,0,-10000,0,0,0,0,10000,-10000,-10000
048333,大立光富邦95購01,0,0,0,0,0,0,0,0,0,-10000,0,0,0,6000,16000,-10000,-10000
049880,健策永豐94購02  ,0,0,0,0,0,0,0,0,0,-10000,0,0,0,15000,25000,-10000,-10000
050855,華通台新95購01  ,0,0,0,0,0,0,0,0,0,-10000,0,0,0,0,10000,-10000,-10000
050833,台郡凱基95購01  ,0,0,0,0,0,0,0,0,0,-10000,0,0,0,27000,37000,-10000,-10000
050838,為升國票96購01  ,0,0,0,0,0,0,0,0,0,-10000,0,0,0,0,10000,-10000,-10000
050697,冠德凱基96購01  ,0,0,0,0,0,0,0,0,0,-10000,0,0,0,30000,40000,-10000,-10000
050552,禾伸堂凱基94購05,0,0,0,0,0,0,0,0,0,-10000,0,0,0,0,10000,-10000,-10000
050558,台積電統一94購14,0,0,0,0,0,0,0,0,0,-10000,0,0,0,0,10000,-10000,-10000
050960,台光電永豐95購01,0,0,0,0,0,0,0,0,0,-10000,0,0,0,0,10000,-10000,-10000
050661,景碩元大94購02  ,0,0,0,0,0,0,0,0,0,-10000,0,0,0,8000,18000,-10000,-10000
052956,聯發科日盛96購01,0,0,0,0,0,0,0,0,0,-10000,0,0,0,20000,30000,-10000,-10000
052988,智易元大96購02  ,0,0,0,0,0,0,0,0,0,-10000,0,0,0,50000,60000,-10000,-10000
053052,旺宏國票97購02  ,0,0,0,0,0,0,0,0,0,-10000,0,0,0,13000,23000,-10000,-10000
053074,嘉晶永豐96購02  ,0,0,0,0,0,0,0,0,0,-10000,0,0,0,10000,20000,-10000,-10000
052740,聯發科元大96購07,0,0,0,0,0,0,0,0,0,-10000,0,0,0,6000,16000,-10000,-10000
052838,新唐國泰98購01  ,0,0,0,0,0,0,0,0,0,-10000,0,0,0,0,10000,-10000,-10000
052911,友達統一97購02  ,0,0,0,0,0,0,0,0,0,-10000,0,0,0,20000,30000,-10000,-10000
052912,日月光統一96購01,0,0,0,0,0,0,0,0,0,-10000,0,0,0,0,10000,-10000,-10000
052862,正崴凱基96購01  ,0,0,0,0,0,0,0,0,0,-10000,0,0,0,0,10000,-10000,-10000
052647,晶技永豐97購01  ,0,0,0,0,0,0,0,0,0,-10000,0,0,0,0,10000,-10000,-10000
052539,華邦電統一95購01,0,0,0,0,0,0,0,0,0,-10000,0,0,0,0,10000,-10000,-10000
052483,超眾群益95購03  ,0,0,0,0,0,0,0,0,0,-10000,0,0,0,0,10000,-10000,-10000
052472,和碩亞東95購01  ,0,0,0,0,0,0,0,0,0,-10000,0,0,0,0,10000,-10000,-10000
052398,瑞昱凱基95購06  ,0,0,0,0,0,0,0,0,0,-10000,0,0,0,6000,16000,-10000,-10000
052136,瑞儀凱基95購01  ,0,0,0,0,0,0,0,0,0,-10000,0,0,0,10000,20000,-10000,-10000
052113,漢唐中信98購01  ,0,0,0,0,0,0,0,0,0,-10000,0,0,0,0,10000,-10000,-10000
052165,訊芯永豐95購03  ,0,0,0,0,0,0,0,0,0,-10000,0,0,0,0,10000,-10000,-10000
051973,華新科凱基96購04,0,0,0,0,0,0,0,0,0,-10000,0,0,0,25000,35000,-10000,-10000
051993,和碩元大95購03  ,0,0,0,0,0,0,0,0,0,-10000,0,0,0,31000,41000,-10000,-10000
052027,智原群益95購01  ,0,0,0,0,0,0,0,0,0,-10000,0,0,0,0,10000,-10000,-10000
05203P,華新科元大95售10,0,0,0,0,0,0,0,0,0,-10000,0,0,0,0,10000,-10000,-10000
052090,聯發科元大97購03,0,0,0,0,0,0,0,0,0,-10000,0,0,0,0,10000,-10000,-10000
052057,臺股指凱基95購15,0,0,0,0,0,0,0,0,0,-10000,0,0,0,30000,40000,-10000,-10000
051617,台積電凱基95購14,0,0,0,0,0,0,0,0,0,-10000,0,0,0,105000,115000,-10000,-10000
051640,GIS國票96購03   ,0,0,0,0,0,0,0,0,0,-10000,0,0,0,0,10000,-10000,-10000
051495,玉晶光第一95購02,0,0,0,0,0,0,0,0,0,-10000,0,0,0,0,10000,-10000,-10000
051542,南茂國票96購01  ,0,0,0,0,0,0,0,0,0,-10000,0,0,0,0,10000,-10000,-10000
051868,貿聯凱基96購01  ,0,0,0,0,0,0,0,0,0,-10000,0,0,0,0,10000,-10000,-10000
053152,大立光元大99購01,0,0,0,0,0,0,0,0,0,-10000,0,0,0,33000,43000,-10000,-10000
053198,亞德客日盛96購01,0,0,0,0,0,0,0,0,0,-10000,0,0,0,58000,68000,-10000,-10000
053220,瀚宇博凱基98購01,0,0,0,0,0,0,0,0,0,-10000,0,0,0,0,10000,-10000,-10000
053277,大立光元大96購04,0,0,0,0,0,0,0,0,0,-10000,0,0,0,10000,20000,-10000,-10000
053306,晶技凱基97購01  ,0,0,0,0,0,0,0,0,0,-10000,0,0,0,0,10000,-10000,-10000
05330P,臺股指凱基95售14,0,0,0,0,0,0,0,0,0,-10000,0,0,0,0,10000,-10000,-10000
053466,華通元大98購01  ,0,0,0,0,0,0,0,0,0,-10000,0,0,0,9000,19000,-10000,-10000
053347,茂林國票98購01  ,0,0,0,0,0,0,0,0,0,-10000,0,0,0,0,10000,-10000,-10000
053653,京元電凱基96購02,0,0,0,0,0,0,0,0,0,-10000,0,0,0,0,10000,-10000,-10000
053551,可成凱基96購05  ,0,0,0,0,0,0,0,0,0,-10000,0,0,0,4000,14000,-10000,-10000
053772,大成鋼元大96購02,0,0,0,0,0,0,0,0,0,-10000,0,0,0,0,10000,-10000,-10000
053782,京元電元大98購02,0,0,0,0,0,0,0,0,0,-10000,0,0,0,0,10000,-10000,-10000
053817,華新科群益97購02,0,0,0,0,0,0,0,0,0,-10000,0,0,0,32000,42000,-10000,-10000
053791,同欣電元大96購05,0,0,0,0,0,0,0,0,0,-10000,0,0,0,16000,26000,-10000,-10000
053905,華新科凱基96購10,0,0,0,0,0,0,0,0,0,-10000,0,0,0,167000,177000,-10000,-10000
053866,景碩元大97購02  ,0,0,0,0,0,0,0,0,0,-10000,0,0,0,5000,15000,-10000,-10000
054024,中鋼康和96購01  ,0,0,0,0,0,0,0,0,0,-10000,0,0,0,0,10000,-10000,-10000
054051,貿聯元大97購03  ,0,0,0,0,0,0,0,0,0,-10000,0,0,0,0,10000,-10000,-10000
05401P,聯茂永豐95售03  ,0,0,0,0,0,0,0,0,0,-10000,0,0,0,0,10000,-10000,-10000
053923,亞光國票97購01  ,0,0,0,0,0,0,0,0,0,-10000,0,0,0,1000,11000,-10000,-10000
053966,旺宏元大96購08  ,0,0,0,0,0,0,0,0,0,-10000,0,0,0,84000,94000,-10000,-10000
054230,上銀群益96購03  ,0,0,0,0,0,0,0,0,0,-10000,0,0,0,7000,17000,-10000,-10000
054202,樺漢富邦97購01  ,0,0,0,0,0,0,0,0,0,-10000,0,0,0,0,10000,-10000,-10000
054651,台化麥證97購01  ,0,0,0,0,10000,-10000,0,0,0,-10000,0,0,0,0,10000,-10000,-10000
054527,國巨統一97購03  ,0,0,0,0,0,0,0,0,0,-10000,0,0,0,0,10000,-10000,-10000
054401,康普永豐96購01  ,0,0,0,0,0,0,0,0,0,-10000,0,0,0,0,10000,-10000,-10000
054355,上海銀富邦98購01,0,0,0,0,0,0,0,0,0,-10000,0,0,0,11000,21000,-10000,-10000
054425,聯發科富邦99購03,0,0,0,0,0,0,0,0,0,-10000,0,0,0,5000,15000,-10000,-10000
054441,力成台新96購01  ,0,0,0,0,0,0,0,0,0,-10000,0,0,0,10000,20000,-10000,-10000
2327,國巨            ,761178,824891,-63713,0,0,0,19000,71000,-52000,105000,167000,99000,68000,52000,15000,37000,-10713
1611,中電            ,6000,17000,-11000,0,0,0,0,0,0,0,0,0,0,0,0,0,-11000
1721,三晃            ,2000,13000,-11000,0,0,0,0,0,0,0,0,0,0,0,0,0,-11000
1110,東泥            ,2000,13000,-11000,0,0,0,0,0,0,0,0,0,0,0,0,0,-11000
8462,柏文            ,8000,18000,-10000,0,0,0,0,0,0,-1000,0,0,0,0,1000,-1000,-11000
6141,柏承            ,100000,113000,-13000,0,0,0,0,0,0,2000,2000,0,2000,0,0,0,-11000
6136,富爾特          ,0,2000,-2000,0,0,0,0,9000,-9000,0,0,0,0,0,0,0,-11000
5515,建國            ,0,11000,-11000,0,0,0,0,0,0,0,0,0,0,0,0,0,-11000
6409,旭隼            ,91000,100000,-9000,0,0,0,0,2000,-2000,0,0,0,0,0,0,0,-11000
2607,榮運            ,3000,14000,-11000,0,0,0,0,0,0,0,0,0,0,0,0,0,-11000
055270,上銀元大97購03  ,0,0,0,0,0,0,0,0,0,-11000,0,0,0,1000,12000,-11000,-11000
054720,禾伸堂永豐97購01,0,0,0,0,0,0,0,0,0,-11000,0,0,0,0,11000,-11000,-11000
055055,精元永豐97購01  ,0,0,0,0,0,0,0,0,0,-11000,0,0,0,162000,173000,-11000,-11000
05828P,台積電統一97售02,0,0,0,0,0,0,0,0,0,-11000,0,0,0,4000,15000,-11000,-11000
05826P,臺股指凱基96售23,0,0,0,0,0,0,0,0,0,-11000,0,0,0,76000,87000,-11000,-11000
055773,瑞昱凱基97購03  ,0,0,0,0,0,0,0,0,0,-11000,0,0,0,0,11000,-11000,-11000
046034,可成元大92購09  ,0,0,0,0,0,0,0,0,0,-11000,0,0,0,0,11000,-11000,-11000
045111,亞德客永豐92購01,0,0,0,0,0,0,0,0,0,-11000,0,0,0,2000,13000,-11000,-11000
045470,康控元大94購03  ,0,0,0,0,0,0,0,0,0,-11000,0,0,0,15000,26000,-11000,-11000
050281,台積電日盛94購03,0,0,0,0,0,0,0,0,0,-11000,0,0,0,228000,239000,-11000,-11000
05029P,鴻海元富95售04  ,0,0,0,0,0,0,0,0,0,-11000,0,0,0,25000,36000,-11000,-11000
045776,可成元大92購07  ,0,0,0,0,0,0,0,0,0,-11000,0,0,0,0,11000,-11000,-11000
047529,嘉晶元大94購02  ,0,0,0,0,0,0,0,0,0,-11000,0,0,0,105000,116000,-11000,-11000
048959,凌華康和94購01  ,0,0,0,0,0,0,0,0,0,-11000,0,0,0,0,11000,-11000,-11000
048161,旺宏麥證94購01  ,0,0,0,0,11000,-11000,0,0,0,-11000,0,0,0,0,11000,-11000,-11000
047981,南亞科群益93購02,0,0,0,0,0,0,0,0,0,-11000,0,0,0,0,11000,-11000,-11000
049716,台積電凱基94購24,0,0,0,0,0,0,0,0,0,-11000,0,0,0,0,11000,-11000,-11000
049590,華新科元大94購01,0,0,0,0,0,0,0,0,0,-11000,0,0,0,3000,14000,-11000,-11000
04890P,台積電元大95售05,0,0,0,0,0,0,0,0,0,-11000,0,0,0,64000,75000,-11000,-11000
054380,世芯群益97購02  ,0,0,0,0,0,0,0,0,0,-11000,0,0,0,0,11000,-11000,-11000
054032,上銀中信96購01  ,0,0,0,0,0,0,0,0,0,-11000,0,0,0,0,11000,-11000,-11000
053822,正文群益97購01  ,0,0,0,0,0,0,0,0,0,-11000,0,0,0,168000,179000,-11000,-11000
053890,華新科群益98購01,0,0,0,0,0,0,0,0,0,-11000,0,0,0,42000,53000,-11000,-11000
053431,志超永豐96購01  ,0,0,0,0,0,0,0,0,0,-11000,0,0,0,0,11000,-11000,-11000
053457,旺宏國泰98購03  ,0,0,0,0,0,0,0,0,0,-11000,0,0,0,12000,23000,-11000,-11000
053223,台郡凱基96購02  ,0,0,0,0,0,0,0,0,0,-11000,0,0,0,2000,13000,-11000,-11000
053169,貿聯群益97購01  ,0,0,0,0,0,0,0,0,0,-11000,0,0,0,44000,55000,-11000,-11000
053148,華邦電元大96購01,0,0,0,0,0,0,0,0,0,-11000,0,0,0,34000,45000,-11000,-11000
052044,華通凱基97購01  ,0,0,0,0,0,0,0,0,0,-11000,0,0,0,100000,111000,-11000,-11000
052096,力成元大95購01  ,0,0,0,0,0,0,0,0,0,-11000,0,0,0,0,11000,-11000,-11000
052278,國巨凱基95購06  ,0,0,0,0,0,0,0,0,0,-11000,0,0,0,0,11000,-11000,-11000
052622,貿聯兆豐97購01  ,0,0,0,0,0,0,0,0,0,-11000,0,0,0,0,11000,-11000,-11000
053121,上証2X凱基9C購01,0,0,0,0,0,0,0,0,0,-11000,0,0,0,0,11000,-11000,-11000
052941,康控兆豐97購01  ,0,0,0,0,0,0,0,0,0,-11000,0,0,0,4000,15000,-11000,-11000
055634,訊芯永豐97購02  ,0,0,0,0,0,0,0,0,0,-12000,0,0,0,0,12000,-12000,-12000
055585,國巨元大98購08  ,0,0,0,0,0,0,0,0,0,-12000,0,0,0,3000,15000,-12000,-12000
055908,GIS日盛97購01   ,0,0,0,0,0,0,0,0,0,-12000,0,0,0,0,12000,-12000,-12000
055010,佐登元富97購01  ,0,0,0,0,0,0,0,0,0,-12000,0,0,0,0,12000,-12000,-12000
8249,菱光            ,8000,20000,-12000,0,0,0,0,0,0,0,0,0,0,0,0,0,-12000
2358,廷鑫            ,0,12000,-12000,0,0,0,0,0,0,0,0,0,0,0,0,0,-12000
047242,上銀群益93購04  ,0,0,0,0,0,0,0,0,0,-12000,0,0,0,0,12000,-12000,-12000
043511,上銀富邦93購01  ,0,0,0,0,0,0,0,0,0,-12000,0,0,0,0,12000,-12000,-12000
044850,南亞科統一94購01,0,0,0,0,0,0,0,0,0,-12000,0,0,0,0,12000,-12000,-12000
042644,貿聯兆豐92購01  ,0,0,0,0,0,0,0,0,0,-12000,0,0,0,35000,47000,-12000,-12000
04131P,裕隆群益93售01  ,0,0,0,0,0,0,0,0,0,-12000,0,0,0,0,12000,-12000,-12000
046003,欣興統一92購02  ,0,0,0,0,0,0,0,0,0,-12000,0,0,0,0,12000,-12000,-12000
048919,堤維西永豐94購01,0,0,0,0,0,0,0,0,0,-12000,0,0,0,38000,50000,-12000,-12000
049205,聯發科群益94購05,0,0,0,0,0,0,0,0,0,-12000,0,0,0,58000,70000,-12000,-12000
051015,南亞科凱基95購04,0,0,0,0,0,0,0,0,0,-12000,0,0,0,0,12000,-12000,-12000
047801,臺股指兆豐93購01,0,0,0,0,0,0,0,0,0,-12000,0,0,0,0,12000,-12000,-12000
049846,台泥群益94購01  ,0,0,0,0,0,0,0,0,0,-12000,0,0,0,3000,15000,-12000,-12000
050984,大立光國泰97購01,0,0,0,0,0,0,0,0,0,-12000,0,0,0,10000,22000,-12000,-12000
049617,光罩群益94購03  ,0,0,0,0,0,0,0,0,0,-12000,0,0,0,122000,134000,-12000,-12000
050652,大立光凱基96購03,0,0,0,0,0,0,0,0,0,-12000,0,0,0,10000,22000,-12000,-12000
052896,宏達電群益96購01,0,0,0,0,0,0,0,0,0,-12000,0,0,0,2000,14000,-12000,-12000
052754,上証2X群益9A購01,0,0,0,0,0,0,0,0,0,-12000,0,0,0,0,12000,-12000,-12000
052324,康友元大96購02  ,0,0,0,0,0,0,0,0,0,-12000,0,0,0,66000,78000,-12000,-12000
051844,宏達電富邦96購01,0,0,0,0,0,0,0,0,0,-12000,0,0,0,88000,100000,-12000,-12000
051537,牧德國票96購01  ,0,0,0,0,0,0,0,0,0,-12000,0,0,0,0,12000,-12000,-12000
053504,祥碩兆豐96購01  ,0,0,0,0,0,0,0,0,0,-12000,0,0,0,0,12000,-12000,-12000
054120,奇力新永豐96購01,0,0,0,0,0,0,0,0,0,-12000,0,0,0,68000,80000,-12000,-12000
054255,亞光元大96購05  ,0,0,0,0,0,0,0,0,0,-12000,0,0,0,3000,15000,-12000,-12000
054516,國巨元大97購02  ,0,0,0,0,0,0,0,0,0,-12000,0,0,0,3000,15000,-12000,-12000
2476,鉅祥            ,2000,7000,-5000,0,0,0,0,8000,-8000,0,0,0,0,0,0,0,-13000
2450,神腦            ,1000,15000,-14000,0,0,0,2000,0,2000,-1000,0,1000,-1000,0,0,0,-13000
1449,佳和            ,15000,28000,-13000,0,0,0,0,0,0,0,0,0,0,0,0,0,-13000
3050,鈺德            ,15000,27000,-12000,0,0,0,0,0,0,-1000,0,1000,-1000,0,0,0,-13000
3311,閎暉            ,0,13000,-13000,0,0,0,0,0,0,0,0,0,0,0,0,0,-13000
4557,永新-KY         ,1000,14000,-13000,0,0,0,0,0,0,0,0,0,0,0,0,0,-13000
055104,台達電凱基98購01,0,0,0,0,0,0,0,0,0,-13000,0,0,0,42000,55000,-13000,-13000
055584,國巨元大97購11  ,0,0,0,0,0,0,0,0,0,-13000,0,0,0,0,13000,-13000,-13000
055809,T50反1國票98購02,0,0,0,0,0,0,0,0,0,-13000,0,0,0,0,13000,-13000,-13000
045428,彩晶凱基94購01  ,0,0,0,0,0,0,0,0,0,-13000,0,0,0,0,13000,-13000,-13000
046419,聯鈞元大92購01  ,0,0,0,0,0,0,0,0,0,-13000,0,0,0,1000,14000,-13000,-13000
046521,台郡元大92購06  ,0,0,0,0,0,0,0,0,0,-13000,0,0,0,61000,74000,-13000,-13000
046624,彩晶凱基94購02  ,0,0,0,0,0,0,0,0,0,-13000,0,0,0,0,13000,-13000,-13000
041973,台灣50中信94購01,0,0,0,0,0,0,0,0,0,-13000,0,0,0,149000,162000,-13000,-13000
00770,國泰北美科技    ,0,0,0,0,0,0,0,0,0,-13000,0,0,0,1000,14000,-13000,-13000
00675L,富邦臺灣加權正2 ,0,0,0,0,0,0,0,0,0,-13000,0,0,0,41000,54000,-13000,-13000
0052,富邦科技        ,1000,1000,0,0,0,0,0,0,0,-13000,0,0,0,88000,101000,-13000,-13000
04340P,易華電元大94售02,0,0,0,0,0,0,0,0,0,-13000,0,0,0,0,13000,-13000,-13000
044284,聯電凱基92購01  ,0,0,0,0,0,0,0,0,0,-13000,0,0,0,23000,36000,-13000,-13000
050890,南電富邦99購01  ,0,0,0,0,0,0,0,0,0,-13000,0,0,0,0,13000,-13000,-13000
048656,大立光元富93購05,0,0,0,0,0,0,0,0,0,-13000,0,0,0,0,13000,-13000,-13000
049769,和鑫元富96購01  ,0,0,0,0,0,0,0,0,0,-13000,0,0,0,0,13000,-13000,-13000
054215,創意國票97購02  ,0,0,0,0,0,0,0,0,0,-13000,0,0,0,27000,40000,-13000,-13000
054172,易華電凱基98購01,0,0,0,0,0,0,0,0,0,-13000,0,0,0,0,13000,-13000,-13000
054107,上銀凱基97購01  ,0,0,0,0,0,0,0,0,0,-13000,0,0,0,0,13000,-13000,-13000
053355,超眾兆豐97購01  ,0,0,0,0,0,0,0,0,0,-13000,0,0,0,9000,22000,-13000,-13000
051577,台積電元大97購03,0,0,0,0,0,0,0,0,0,-13000,0,0,0,40000,53000,-13000,-13000
051687,大立光凱基95購12,0,0,0,0,0,0,0,0,0,-13000,0,0,0,0,13000,-13000,-13000
051911,大立光元大98購02,0,0,0,0,0,0,0,0,0,-13000,0,0,0,50000,63000,-13000,-13000
052517,滬深2X元大95購05,0,0,0,0,0,0,0,0,0,-13000,0,0,0,7000,20000,-13000,-13000
052787,國巨中信96購02  ,0,0,0,0,0,0,0,0,0,-13000,0,0,0,7000,20000,-13000,-13000
052920,景碩台新96購02  ,0,0,0,0,0,0,0,0,0,-13000,0,0,0,127000,140000,-13000,-13000
055758,旺宏群益97購01  ,0,0,0,0,0,0,0,0,0,-14000,0,0,0,0,14000,-14000,-14000
055661,亞德客中信98購01,0,0,0,0,0,0,0,0,0,-14000,0,0,0,0,14000,-14000,-14000
05796P,臺股指群益96售10,0,0,0,0,0,0,0,0,0,-14000,0,0,0,4000,18000,-14000,-14000
3494,誠研            ,4000,18000,-14000,0,0,0,0,0,0,0,0,0,0,0,0,0,-14000
2929,淘帝-KY         ,85000,90000,-5000,0,0,0,0,0,0,-9000,0,0,0,0,9000,-9000,-14000
5203,訊連            ,13000,41000,-28000,0,0,0,1000,0,1000,13000,6000,0,6000,11000,4000,7000,-14000
047437,旺宏元大94購02  ,0,0,0,0,0,0,0,0,0,-14000,0,0,0,40000,54000,-14000,-14000
045613,祥碩群益92購01  ,0,0,0,0,0,0,0,0,0,-14000,0,0,0,0,14000,-14000,-14000
049773,臺股指元富94購02,0,0,0,0,0,0,0,0,0,-14000,0,0,0,16000,30000,-14000,-14000
048788,華新科元大95購02,0,0,0,0,0,0,0,0,0,-14000,0,0,0,0,14000,-14000,-14000
051382,玉晶光群益98購02,0,0,0,0,0,0,0,0,0,-14000,0,0,0,0,14000,-14000,-14000
048064,可成統一93購02  ,0,0,0,0,0,0,0,0,0,-14000,0,0,0,173000,187000,-14000,-14000
048379,台郡元富96購01  ,0,0,0,0,0,0,0,0,0,-14000,0,0,0,10000,24000,-14000,-14000
051572,上銀元大95購01  ,0,0,0,0,0,0,0,0,0,-14000,0,0,0,5000,19000,-14000,-14000
053134,南亞科國票97購01,0,0,0,0,0,0,0,0,0,-14000,0,0,0,0,14000,-14000,-14000
053282,彩晶元大9C購01  ,0,0,0,0,0,0,0,0,0,-14000,0,0,0,23000,37000,-14000,-14000
053540,健策永豐96購01  ,0,0,0,0,0,0,0,0,0,-14000,0,0,0,13000,27000,-14000,-14000
053579,華通元大97購01  ,0,0,0,0,0,0,0,0,0,-14000,0,0,0,35000,49000,-14000,-14000
054085,華新科統一96購04,0,0,0,0,0,0,0,0,0,-14000,0,0,0,48000,62000,-14000,-14000
054481,鎧勝中信96購01  ,0,0,0,0,0,0,0,0,0,-14000,0,0,0,36000,50000,-14000,-14000
06383P,聯茂元富97售01  ,0,0,0,0,0,0,0,0,0,-15000,0,0,0,0,15000,-15000,-15000
06217P,鴻海元富97售05  ,0,0,0,0,0,0,0,0,0,-15000,0,0,0,0,15000,-15000,-15000
1603,華電            ,0,15000,-15000,0,0,0,0,0,0,0,0,0,0,0,0,0,-15000
055902,同欣電中信99購01,0,0,0,0,0,0,0,0,0,-15000,0,0,0,0,15000,-15000,-15000
055991,鈺齊元富97購01  ,0,0,0,0,0,0,0,0,0,-15000,0,0,0,0,15000,-15000,-15000
056071,創意元大97購02  ,0,0,0,0,0,0,0,0,0,-15000,0,0,0,0,15000,-15000,-15000
05628P,茂林國票97售02  ,0,0,0,0,0,0,0,0,0,-15000,0,0,0,10000,25000,-15000,-15000
055499,大立光元大98購05,0,0,0,0,0,0,0,0,0,-15000,0,0,0,10000,25000,-15000,-15000
055700,緯穎國泰98購02  ,0,0,0,0,0,0,0,0,0,-15000,0,0,0,0,15000,-15000,-15000
055424,聚陽群益98購01  ,0,0,0,0,0,0,0,0,0,-15000,0,0,0,0,15000,-15000,-15000
055451,台積電元富97購02,0,0,0,0,0,0,0,0,0,-15000,0,0,0,1000000,1015000,-15000,-15000
054909,福懋科康和97購01,0,0,0,0,0,0,0,0,0,-15000,0,0,0,0,15000,-15000,-15000
05492P,聯茂元大95售02  ,0,0,0,0,0,0,0,0,0,-15000,0,0,0,8000,23000,-15000,-15000
054857,信錦群益97購01  ,0,0,0,0,0,0,0,0,0,-15000,0,0,0,0,15000,-15000,-15000
054883,億光統一97購01  ,0,0,0,0,0,0,0,0,0,-15000,0,0,0,1000,16000,-15000,-15000
045454,上銀元大93購01  ,0,0,0,0,0,0,0,0,0,-15000,0,0,0,0,15000,-15000,-15000
046016,緯穎元富92購04  ,0,0,0,0,0,0,0,0,0,-15000,0,0,0,55000,70000,-15000,-15000
046249,聯發科群益92購03,0,0,0,0,0,0,0,0,0,-15000,0,0,0,5000,20000,-15000,-15000
050282,T50反1凱基97購01,0,0,0,0,0,0,0,0,0,-15000,0,0,0,0,15000,-15000,-15000
050233,香港2X凱基96購01,0,0,0,0,0,0,0,0,0,-15000,0,0,0,5000,20000,-15000,-15000
047417,台塑富邦97購01  ,0,0,0,0,0,0,0,0,0,-15000,0,0,0,0,15000,-15000,-15000
04577P,康友元富94售02  ,0,0,0,0,0,0,0,0,0,-15000,0,0,0,10000,25000,-15000,-15000
04414P,牧德元富94售04  ,0,0,0,0,0,0,0,0,0,-15000,0,0,0,261000,276000,-15000,-15000
049651,訊芯凱基94購04  ,0,0,0,0,0,0,0,0,0,-15000,0,0,0,0,15000,-15000,-15000
050994,欣興元大96購03  ,0,0,0,0,0,0,0,0,0,-15000,0,0,0,0,15000,-15000,-15000
048273,南電富邦97購01  ,0,0,0,0,0,0,0,0,0,-15000,0,0,0,5000,20000,-15000,-15000
04782P,智伸科統一96售01,0,0,0,0,0,0,0,0,0,-15000,0,0,0,0,15000,-15000,-15000
051150,宏達電凱基95購02,0,0,0,0,0,0,0,0,0,-15000,0,0,0,5000,20000,-15000,-15000
048813,元黃金凱基94購01,0,0,0,0,0,0,0,0,0,-15000,0,0,0,0,15000,-15000,-15000
054350,美律國泰98購01  ,0,0,0,0,0,0,0,0,0,-15000,0,0,0,0,15000,-15000,-15000
053964,上銀元大96購05  ,0,0,0,0,0,0,0,0,0,-15000,0,0,0,4000,19000,-15000,-15000
053979,健策元大98購01  ,0,0,0,0,0,0,0,0,0,-15000,0,0,0,30000,45000,-15000,-15000
053144,上証2X元大96購01,0,0,0,0,0,0,0,0,0,-15000,0,0,0,0,15000,-15000,-15000
053459,康控國泰97購01  ,0,0,0,0,0,0,0,0,0,-15000,0,0,0,10000,25000,-15000,-15000
051633,可成國票96購03  ,0,0,0,0,0,0,0,0,0,-15000,0,0,0,25000,40000,-15000,-15000
051905,道瓊銀元大95購01,0,0,0,0,0,0,0,0,0,-15000,0,0,0,10000,25000,-15000,-15000
052002,滬深2X國泰96購01,0,0,0,0,0,0,0,0,0,-15000,0,0,0,0,15000,-15000,-15000
051961,泰碩永豐95購01  ,0,0,0,0,0,0,0,0,0,-15000,0,0,0,0,15000,-15000,-15000
052970,美律群益96購01  ,0,0,0,0,0,0,0,0,0,-15000,0,0,0,34000,49000,-15000,-15000
052978,貿聯麥證97購01  ,0,0,0,0,15000,-15000,0,0,0,-15000,0,0,0,0,15000,-15000,-15000
053024,國巨富邦97購02  ,0,0,0,0,0,0,0,0,0,-15000,0,0,0,14000,29000,-15000,-15000
2486,一詮            ,44000,60000,-16000,0,0,0,0,0,0,0,0,0,0,0,0,0,-16000
4560,強信-KY         ,94000,110000,-16000,0,0,0,0,0,0,0,0,0,0,0,0,0,-16000
043973,元金2X元大94購02,0,0,0,0,0,0,0,0,0,-16000,0,0,0,0,16000,-16000,-16000
00657,國泰日經225     ,0,32000,-32000,0,0,0,0,0,0,16000,0,0,0,137000,121000,16000,-16000
00852L,國泰美國道瓊正2 ,0,0,0,0,0,0,0,0,0,-16000,0,0,0,69000,85000,-16000,-16000
048910,和鑫富邦98購01  ,0,0,0,0,0,0,0,0,0,-16000,0,0,0,6000,22000,-16000,-16000
049249,台達電元大94購05,0,0,0,0,0,0,0,0,0,-16000,0,0,0,0,16000,-16000,-16000
047770,聯詠元大93購10  ,0,0,0,0,0,0,0,0,0,-16000,0,0,0,4000,20000,-16000,-16000
052522,聯發科元大96購05,0,0,0,0,0,0,0,0,0,-16000,0,0,0,14000,30000,-16000,-16000
051947,矽力統一95購01  ,0,0,0,0,0,0,0,0,0,-16000,0,0,0,20000,36000,-16000,-16000
052053,泰鼎凱基96購01  ,0,0,0,0,0,0,0,0,0,-16000,0,0,0,1000,17000,-16000,-16000
053310,彩晶凱基98購02  ,0,0,0,0,0,0,0,0,0,-16000,0,0,0,242000,258000,-16000,-16000
054192,國巨中信98購01  ,0,0,0,0,0,0,0,0,0,-16000,0,0,0,21000,37000,-16000,-16000
054308,嘉晶凱基98購01  ,0,0,0,0,0,0,0,0,0,-16000,0,0,0,0,16000,-16000,-16000
2612,中航            ,19000,36000,-17000,0,0,0,0,0,0,0,0,0,0,0,0,0,-17000
2514,龍邦            ,11000,28000,-17000,0,0,0,0,0,0,0,0,0,0,0,0,0,-17000
054752,易華電凱基97購02,0,0,0,0,0,0,0,0,0,-17000,0,0,0,0,17000,-17000,-17000
055476,台郡凱基97購02  ,0,0,0,0,0,0,0,0,0,-17000,0,0,0,1000,18000,-17000,-17000
05831P,臺股指元富96售03,0,0,0,0,0,0,0,0,0,-17000,0,0,0,0,17000,-17000,-17000
04049P,大立光元大95售02,0,0,0,0,0,0,0,0,0,-17000,0,0,0,3000,20000,-17000,-17000
044464,滬深2X群益95購01,0,0,0,0,0,0,0,0,0,-17000,0,0,0,163000,180000,-17000,-17000
044003,聯發科兆豐93購01,0,0,0,0,0,0,0,0,0,-17000,0,0,0,0,17000,-17000,-17000
047360,鴻海群益95購02  ,0,0,0,0,0,0,0,0,0,-17000,0,0,0,163000,180000,-17000,-17000
050252,聯發科國泰95購01,0,0,0,0,0,0,0,0,0,-17000,0,0,0,23000,40000,-17000,-17000
045630,技嘉凱基93購02  ,0,0,0,0,0,0,0,0,0,-17000,0,0,0,33000,50000,-17000,-17000
051446,中壽元大96購01  ,0,0,0,0,0,0,0,0,0,-17000,0,0,0,3000,20000,-17000,-17000
051442,正崴元大95購02  ,0,0,0,0,0,0,0,0,0,-17000,0,0,0,40000,57000,-17000,-17000
049492,聯發科元大95購02,0,0,0,0,0,0,0,0,0,-17000,0,0,0,3000,20000,-17000,-17000
047925,可成凱基94購01  ,0,0,0,0,0,0,0,0,0,-17000,0,0,0,3000,20000,-17000,-17000
048979,晶相光元大94購03,0,0,0,0,0,0,0,0,0,-17000,0,0,0,5000,22000,-17000,-17000
049009,南亞科麥證94購01,0,0,0,73000,91000,-18000,0,0,0,-17000,0,0,0,74000,91000,-17000,-17000
050974,大成鋼統一95購01,0,0,0,0,0,0,0,0,0,-17000,0,0,0,46000,63000,-17000,-17000
054672,華新科國泰99購01,0,0,0,0,0,0,0,0,0,-17000,0,0,0,3000,20000,-17000,-17000
052095,彩晶元大97購01  ,0,0,0,0,0,0,0,0,0,-17000,0,0,0,7000,24000,-17000,-17000
052601,大成鋼元大96購01,0,0,0,0,0,0,0,0,0,-17000,0,0,0,3000,20000,-17000,-17000
052489,義隆國票96購02  ,0,0,0,0,0,0,0,0,0,-17000,0,0,0,15000,32000,-17000,-17000
055826,中石化元大97購01,0,0,0,0,0,0,0,0,0,-18000,0,0,0,56000,74000,-18000,-18000
054958,亞光元大97購03  ,0,0,0,0,0,0,0,0,0,-18000,0,0,0,5000,23000,-18000,-18000
3356,奇偶            ,1000,19000,-18000,0,0,0,0,0,0,0,0,0,0,0,0,0,-18000
049940,臺股指元大94購21,0,0,0,0,0,0,0,0,0,-18000,0,0,0,0,18000,-18000,-18000
049996,元油2X永豐94購05,0,0,0,0,0,0,0,0,0,-18000,0,0,0,22000,40000,-18000,-18000
05006P,華通元富95售01  ,0,0,0,0,0,0,0,0,0,-18000,0,0,0,12000,30000,-18000,-18000
044683,聯鈞凱基93購01  ,0,0,0,0,0,0,0,0,0,-18000,0,0,0,56000,74000,-18000,-18000
006203,元大MSCI台灣    ,1000,1000,0,0,0,0,0,0,0,-18000,0,0,0,0,18000,-18000,-18000
049012,大成鋼群益94購01,0,0,0,0,0,0,0,0,0,-18000,0,0,0,0,18000,-18000,-18000
04842P,群創元大96售02  ,0,0,0,0,0,0,0,0,0,-18000,0,0,0,0,18000,-18000,-18000
048607,上銀凱基93購11  ,0,0,0,0,0,0,0,0,0,-18000,0,0,0,0,18000,-18000,-18000
051225,台積電群益95購02,0,0,0,0,0,0,0,0,0,-18000,0,0,0,25000,43000,-18000,-18000
051053,台光電群益95購01,0,0,0,0,0,0,0,0,0,-18000,0,0,0,130000,148000,-18000,-18000
053077,同欣電永豐96購01,0,0,0,0,0,0,0,0,0,-18000,0,0,0,2000,20000,-18000,-18000
052829,上銀群益96購01  ,0,0,0,0,0,0,0,0,0,-18000,0,0,0,3000,21000,-18000,-18000
052280,聯發科凱基95購11,0,0,0,0,0,0,0,0,0,-18000,0,0,0,11000,29000,-18000,-18000
054197,台積電永昌96購07,0,0,0,0,0,0,0,0,0,-18000,0,0,0,1272000,1290000,-18000,-18000
053327,彩晶台新97購01  ,0,0,0,0,0,0,0,0,0,-18000,0,0,0,0,18000,-18000,-18000
1464,得力            ,28049,109353,-81304,0,0,0,95000,0,95000,-32000,0,0,0,0,32000,-32000,-18304
1612,宏泰            ,19000,38000,-19000,0,0,0,0,0,0,0,0,0,0,0,0,0,-19000
2034,允強            ,24000,43000,-19000,0,0,0,0,0,0,0,0,0,0,0,0,0,-19000
07480P,FBVIX凱基94售01 ,0,0,0,0,0,0,0,0,0,-19000,0,0,0,2000,21000,-19000,-19000
6605,帝寶            ,2000,23000,-21000,0,0,0,2000,0,2000,0,0,0,0,0,0,0,-19000
055759,技嘉群益98購02  ,0,0,0,0,0,0,0,0,0,-19000,0,0,0,33000,52000,-19000,-19000
055754,和大兆豐97購01  ,0,0,0,0,0,0,0,0,0,-19000,0,0,0,1000,20000,-19000,-19000
00683L,元大美元指數正2 ,0,0,0,0,0,0,0,0,0,-19000,0,0,0,41000,60000,-19000,-19000
044963,台積電中信96購01,0,0,0,0,0,0,0,0,0,-19000,0,0,0,15000,34000,-19000,-19000
050559,聯發科統一94購10,0,0,0,0,0,0,0,0,0,-19000,0,0,0,363000,382000,-19000,-19000
049919,美食元大94購03  ,0,0,0,0,0,0,0,0,0,-19000,0,0,0,10000,29000,-19000,-19000
053654,聯發科凱基98購01,0,0,0,0,0,0,0,0,0,-19000,0,0,0,7000,26000,-19000,-19000
054363,世芯凱基97購01  ,0,0,0,0,0,0,0,0,0,-19000,0,0,0,0,19000,-19000,-19000
051940,康舒群益95購01  ,0,0,0,0,0,0,0,0,0,-19000,0,0,0,0,19000,-19000,-19000
053049,T50反1國票98購01,0,0,0,0,0,0,0,0,0,-19000,0,0,0,2000,21000,-19000,-19000
055706,大立光永豐97購03,0,0,0,0,0,0,0,0,0,-20000,0,0,0,0,20000,-20000,-20000
05582P,群創凱基98售06  ,0,0,0,0,0,0,0,0,0,-20000,0,0,0,0,20000,-20000,-20000
055805,矽力永豐97購01  ,0,0,0,0,0,0,0,0,0,-20000,0,0,0,30000,50000,-20000,-20000
05546P,全新元大97售01  ,0,0,0,0,0,0,0,0,0,-20000,0,0,0,0,20000,-20000,-20000
055509,訊芯元大97購03  ,0,0,0,0,0,0,0,0,0,-20000,0,0,0,0,20000,-20000,-20000
056103,聯發科永豐97購03,0,0,0,0,0,0,0,0,0,-20000,0,0,0,0,20000,-20000,-20000
056098,矽創元富97購02  ,0,0,0,0,0,0,0,0,0,-20000,0,0,0,0,20000,-20000,-20000
056078,勤誠元大97購01  ,0,0,0,0,0,0,0,0,0,-20000,0,0,0,0,20000,-20000,-20000
05650P,台積電富邦96售01,0,0,0,0,0,0,0,0,0,-20000,0,0,0,0,20000,-20000,-20000
055935,創意群益97購02  ,0,0,0,0,0,0,0,0,0,-20000,0,0,0,0,20000,-20000,-20000
055959,美律元大97購03  ,0,0,0,0,0,0,0,0,0,-20000,0,0,0,0,20000,-20000,-20000
054900,金寶康和97購01  ,0,0,0,0,0,0,0,0,0,-20000,0,0,0,154000,174000,-20000,-20000
054780,中石化群益99購01,0,0,0,0,0,0,0,0,0,-20000,0,0,0,1000,21000,-20000,-20000
054878,和大統一97購02  ,0,0,0,0,0,0,0,0,0,-20000,0,0,0,0,20000,-20000,-20000
055391,光罩統一97購02  ,0,0,0,0,0,0,0,0,0,-20000,0,0,0,292000,312000,-20000,-20000
055282,聯發科元大97購15,0,0,0,0,0,0,0,0,0,-20000,0,0,0,10000,30000,-20000,-20000
055218,彩晶凱基99購01  ,0,0,0,0,0,0,0,0,0,-20000,0,0,0,7000,27000,-20000,-20000
8499,鼎炫-KY         ,4000,9000,-5000,0,0,0,0,0,0,-15000,0,15000,-15000,0,0,0,-20000
9942,茂順            ,2000,22000,-20000,0,0,0,0,0,0,0,0,0,0,0,0,0,-20000
06228P,亞德客凱基97售04,0,0,0,0,0,0,0,0,0,-20000,0,0,0,0,20000,-20000,-20000
1217,愛之味          ,8000,28000,-20000,0,0,0,0,0,0,0,0,0,0,0,0,0,-20000
06118P,上証2X凱基98售03,0,0,0,0,0,0,0,0,0,-20000,0,0,0,0,20000,-20000,-20000
05980P,台積電永昌96售09,0,0,0,0,0,0,0,0,0,-20000,0,0,0,370000,390000,-20000,-20000
1809,中釉            ,12000,35000,-23000,0,0,0,0,0,0,3000,3000,0,3000,0,0,0,-20000
1730,花仙子          ,128000,96000,32000,0,0,0,0,0,0,-52000,0,52000,-52000,0,0,0,-20000
2423,固緯            ,4000,23000,-19000,0,0,0,0,0,0,-1000,0,1000,-1000,0,0,0,-20000
043599,宏達電元大93購03,0,0,0,0,0,0,0,0,0,-20000,0,0,0,0,20000,-20000,-20000
047166,台達電康和93購01,0,0,0,0,0,0,0,0,0,-20000,0,0,0,0,20000,-20000,-20000
047441,聯發科元大93購15,0,0,0,0,0,0,0,0,0,-20000,0,0,0,0,20000,-20000,-20000
043909,台光電凱基93購01,0,0,0,0,0,0,0,0,0,-20000,0,0,0,0,20000,-20000,-20000
04404P,玉晶光國票94售01,0,0,0,0,0,0,0,0,0,-20000,0,0,0,0,20000,-20000,-20000
04326P,泰鼎元大93售06  ,0,0,0,0,0,0,0,0,0,-20000,0,0,0,0,20000,-20000,-20000
044643,滬深2X群益96購01,0,0,0,0,0,0,0,0,0,-20000,0,0,0,0,20000,-20000,-20000
042901,中纖元大94購01  ,0,0,0,0,0,0,0,0,0,-20000,0,0,0,0,20000,-20000,-20000
050143,臻鼎元富94購05  ,0,0,0,0,0,0,0,0,0,-20000,0,0,0,0,20000,-20000,-20000
050130,華新科凱基94購09,0,0,0,0,0,0,0,0,0,-20000,0,0,0,0,20000,-20000,-20000
050100,台積電永昌96購02,0,0,0,0,0,0,0,0,0,-20000,0,0,0,52000,72000,-20000,-20000
049968,麗豐國票95購01  ,0,0,0,0,0,0,0,0,0,-20000,0,0,0,0,20000,-20000,-20000
050365,中石化元大94購02,0,0,0,0,0,0,0,0,0,-20000,0,0,0,0,20000,-20000,-20000
047015,上銀元大93購03  ,0,0,0,0,0,0,0,0,0,-20000,0,0,0,0,20000,-20000,-20000
047023,聯發科元大93購08,0,0,0,0,0,0,0,0,0,-20000,0,0,0,0,20000,-20000,-20000
04617P,臺股指群益95售03,0,0,0,0,0,0,0,0,0,-20000,0,0,0,0,20000,-20000,-20000
04669P,臺股指國票94售08,0,0,0,0,0,0,0,0,0,-20000,0,0,0,0,20000,-20000,-20000
046393,瀚宇博元富92購01,0,0,0,0,0,0,0,0,0,-20000,0,0,0,0,20000,-20000,-20000
046349,康控兆豐93購02  ,0,0,0,0,0,0,0,0,0,-20000,0,0,0,0,20000,-20000,-20000
04509P,臺股指元大94售04,0,0,0,0,0,0,0,0,0,-20000,0,0,0,0,20000,-20000,-20000
045369,康控兆豐93購01  ,0,0,0,0,0,0,0,0,0,-20000,0,0,0,0,20000,-20000,-20000
046736,儒鴻群益93購01  ,0,0,0,0,0,0,0,0,0,-20000,0,0,0,0,20000,-20000,-20000
045869,滬深2X元富95購01,0,0,0,0,0,0,0,0,0,-20000,0,0,0,0,20000,-20000,-20000
047093,寶成元富93購01  ,0,0,0,0,0,0,0,0,0,-20000,0,0,0,0,20000,-20000,-20000
049902,大立光元富94購05,0,0,0,0,0,0,0,0,0,-20000,0,0,0,0,20000,-20000,-20000
049891,T50反1富邦94購02,0,0,0,0,0,0,0,0,0,-20000,0,0,0,0,20000,-20000,-20000
050801,元金2X群益98購01,0,0,0,0,0,0,0,0,0,-20000,0,0,0,25000,45000,-20000,-20000
050647,聯發科凱基96購01,0,0,0,0,0,0,0,0,0,-20000,0,0,0,12000,32000,-20000,-20000
048384,遠東新國票94購01,0,0,0,0,0,0,0,0,0,-20000,0,0,0,0,20000,-20000,-20000
049870,南電兆豐94購01  ,0,0,0,0,0,0,0,0,0,-20000,0,0,0,0,20000,-20000,-20000
048331,臺指反富邦97購01,0,0,0,0,0,0,0,0,0,-20000,0,0,0,0,20000,-20000,-20000
047493,旺宏元富96購01  ,0,0,0,0,0,0,0,0,0,-20000,0,0,0,10000,30000,-20000,-20000
050164,揚明光國泰95購01,0,0,0,0,0,0,0,0,0,-20000,0,0,0,0,20000,-20000,-20000
047934,GIS凱基94購01   ,0,0,0,0,0,0,0,0,0,-20000,0,0,0,0,20000,-20000,-20000
048655,A50正2元富96購01,0,0,0,0,0,0,0,0,0,-20000,0,0,0,0,20000,-20000,-20000
047926,可成凱基94購02  ,0,0,0,0,0,0,0,0,0,-20000,0,0,0,0,20000,-20000,-20000
050400,臻鼎中信97購01  ,0,0,0,0,0,0,0,0,0,-20000,0,0,0,30000,50000,-20000,-20000
048196,聯發科元大93購24,0,0,0,0,0,0,0,0,0,-20000,0,0,0,8000,28000,-20000,-20000
04801P,矽力元大94售02  ,0,0,0,0,0,0,0,0,0,-20000,0,0,0,0,20000,-20000,-20000
051147,南亞科凱基95購05,0,0,0,0,0,0,0,0,0,-20000,0,0,0,0,20000,-20000,-20000
04770P,鴻海元大94售09  ,0,0,0,0,0,0,0,0,0,-20000,0,0,0,0,20000,-20000,-20000
051479,兆豐金凱基95購01,0,0,0,0,0,0,0,0,0,-20000,0,0,0,0,20000,-20000,-20000
051348,國巨元大95購07  ,0,0,0,0,0,0,0,0,0,-20000,0,0,0,0,20000,-20000,-20000
051351,台積電元大95購15,0,0,0,0,0,0,0,0,0,-20000,0,0,0,51000,71000,-20000,-20000
049113,大立光統一94購06,0,0,0,0,0,0,0,0,0,-20000,0,0,0,0,20000,-20000,-20000
048628,T50反1元大96購03,0,0,0,0,0,0,0,0,0,-20000,0,0,0,0,20000,-20000,-20000
048918,上証2X永豐94購01,0,0,0,0,0,0,0,0,0,-20000,0,0,0,0,20000,-20000,-20000
048930,慧洋永豐94購01  ,0,0,0,0,0,0,0,0,0,-20000,0,0,0,0,20000,-20000,-20000
048832,玉晶光凱基95購02,0,0,0,0,0,0,0,0,0,-20000,0,0,0,10000,30000,-20000,-20000
04869P,鴻海元富95售02  ,0,0,0,0,0,0,0,0,0,-20000,0,0,0,20000,40000,-20000,-20000
048724,台達電日盛94購01,0,0,0,0,0,0,0,0,0,-20000,0,0,0,0,20000,-20000,-20000
049591,開發金元大98購01,0,0,0,0,0,0,0,0,0,-20000,0,0,0,0,20000,-20000,-20000
049329,元上證統一94購02,0,0,0,0,0,0,0,0,0,-20000,0,0,0,0,20000,-20000,-20000
052461,和大統一95購01  ,0,0,0,0,0,0,0,0,0,-20000,0,0,0,30000,50000,-20000,-20000
052368,力成國票96購01  ,0,0,0,0,0,0,0,0,0,-20000,0,0,0,0,20000,-20000,-20000
052605,聯發科元大96購06,0,0,0,0,0,0,0,0,0,-20000,0,0,0,0,20000,-20000,-20000
052548,旺宏亞東96購01  ,0,0,0,0,0,0,0,0,0,-20000,0,0,0,0,20000,-20000,-20000
052567,台積電凱基96購05,0,0,0,0,0,0,0,0,0,-20000,0,0,0,10000,30000,-20000,-20000
051981,南茂凱基96購01  ,0,0,0,0,0,0,0,0,0,-20000,0,0,0,0,20000,-20000,-20000
051845,世紀鋼富邦96購01,0,0,0,0,0,0,0,0,0,-20000,0,0,0,0,20000,-20000,-20000
05172P,臺股指元大95售16,0,0,0,0,0,0,0,0,0,-20000,0,0,0,0,20000,-20000,-20000
054659,亞光元大97購02  ,0,0,0,0,0,0,0,0,0,-20000,0,0,0,23000,43000,-20000,-20000
054617,超眾永豐97購01  ,0,0,0,0,0,0,0,0,0,-20000,0,0,0,0,20000,-20000,-20000
054568,訊芯群益97購01  ,0,0,0,0,0,0,0,0,0,-20000,0,0,0,10000,30000,-20000,-20000
054068,華通國泰96購02  ,0,0,0,0,0,0,0,0,0,-20000,0,0,0,9000,29000,-20000,-20000
053602,台虹元大96購01  ,0,0,0,0,0,0,0,0,0,-20000,0,0,0,41000,61000,-20000,-20000
053552,華新科凱基96購08,0,0,0,0,0,0,0,0,0,-20000,0,0,0,200000,220000,-20000,-20000
053556,康控凱基97購02  ,0,0,0,0,0,0,0,0,0,-20000,0,0,0,0,20000,-20000,-20000
053883,大立光中信98購02,0,0,0,0,0,0,0,0,0,-20000,0,0,0,0,20000,-20000,-20000
053870,正文元大96購01  ,0,0,0,0,0,0,0,0,0,-20000,0,0,0,232000,252000,-20000,-20000
053149,京元電元大96購02,0,0,0,0,0,0,0,0,0,-20000,0,0,0,0,20000,-20000,-20000
053522,臺股指群益99購01,0,0,0,0,0,0,0,0,0,-20000,0,0,0,10000,30000,-20000,-20000
2431,聯昌            ,0,21000,-21000,0,0,0,0,0,0,0,0,0,0,0,0,0,-21000
1806,冠軍            ,2000,23000,-21000,0,0,0,0,0,0,0,0,0,0,0,0,0,-21000
06102P,智邦凱基97售03  ,0,0,0,0,0,0,0,0,0,-21000,0,0,0,4000,25000,-21000,-21000
4916,事欣科          ,0,21000,-21000,0,0,0,0,0,0,0,0,0,0,0,0,0,-21000
055180,文曄統一97購01  ,0,0,0,0,0,0,0,0,0,-21000,0,0,0,0,21000,-21000,-21000
055154,聯發科元大98購01,0,0,0,0,0,0,0,0,0,-21000,0,0,0,25000,46000,-21000,-21000
054966,貿聯元大98購02  ,0,0,0,0,0,0,0,0,0,-21000,0,0,0,0,21000,-21000,-21000
054964,智易元大99購01  ,0,0,0,0,0,0,0,0,0,-21000,0,0,0,0,21000,-21000,-21000
046989,可成凱基93購03  ,0,0,0,0,0,0,0,0,0,-21000,0,0,0,0,21000,-21000,-21000
00736,國泰新興市場    ,0,43000,-43000,0,0,0,0,0,0,22000,0,0,0,149000,127000,22000,-21000
049133,為升元大94購02  ,0,0,0,0,0,0,0,0,0,-21000,0,0,0,10000,31000,-21000,-21000
047988,志超群益93購02  ,0,0,0,0,0,0,0,0,0,-21000,0,0,0,0,21000,-21000,-21000
050913,全新中信97購01  ,0,0,0,0,0,0,0,0,0,-21000,0,0,0,0,21000,-21000,-21000
050655,中磊凱基96購01  ,0,0,0,0,0,0,0,0,0,-21000,0,0,0,0,21000,-21000,-21000
053400,緯穎中信9A購01  ,0,0,0,0,0,0,0,0,0,-21000,0,0,0,9000,30000,-21000,-21000
053163,上証2X群益9A購02,0,0,0,0,0,0,0,0,0,-21000,0,0,0,0,21000,-21000,-21000
053153,大立光元大99購02,0,0,0,0,0,0,0,0,0,-21000,0,0,0,36000,57000,-21000,-21000
054631,台郡凱基98購02  ,0,0,0,0,0,0,0,0,0,-21000,0,0,0,3000,24000,-21000,-21000
054658,道瓊銀元大9A購01,0,0,0,0,0,0,0,0,0,-21000,0,0,0,0,21000,-21000,-21000
052662,華新科國票97購01,0,0,0,0,0,0,0,0,0,-21000,0,0,0,1000,22000,-21000,-21000
052884,台積電兆豐96購01,0,0,0,0,0,0,0,0,0,-21000,0,0,0,112000,133000,-21000,-21000
2031,新光鋼          ,201000,199000,2000,0,0,0,16000,291,15709,-39000,0,0,0,0,39000,-39000,-21291
1626,艾美特-KY       ,32000,54000,-22000,0,0,0,0,0,0,0,0,0,0,0,0,0,-22000
2374,佳能            ,4000,14000,-10000,0,0,0,0,11000,-11000,-1000,0,1000,-1000,0,0,0,-22000
3047,訊舟            ,28000,50000,-22000,0,0,0,0,0,0,0,0,0,0,0,0,0,-22000
054712,上証2X中信98購02,0,0,0,0,0,0,0,0,0,-22000,0,0,0,0,22000,-22000,-22000
055624,聯發科富邦99購07,0,0,0,0,0,0,0,0,0,-22000,0,0,0,40000,62000,-22000,-22000
055789,台虹凱基97購01  ,0,0,0,0,0,0,0,0,0,-22000,0,0,0,0,22000,-22000,-22000
044639,京元電元富94購01,0,0,0,0,0,0,0,0,0,-22000,0,0,0,35000,57000,-22000,-22000
043908,鴻海凱基93購02  ,0,0,0,0,0,0,0,0,0,-22000,0,0,0,18000,40000,-22000,-22000
045626,上銀凱基93購05  ,0,0,0,0,0,0,0,0,0,-22000,0,0,0,0,22000,-22000,-22000
045644,祥碩凱基92購01  ,0,0,0,0,0,0,0,0,0,-22000,0,0,0,0,22000,-22000,-22000
047512,宏達電國票94購01,0,0,0,0,0,0,0,0,0,-22000,0,0,0,150000,172000,-22000,-22000
050865,欣興永豐95購01  ,0,0,0,0,0,0,0,0,0,-22000,0,0,0,10000,32000,-22000,-22000
049811,聯鈞元大94購01  ,0,0,0,0,0,0,0,0,0,-22000,0,0,0,0,22000,-22000,-22000
049508,上銀凱基94購04  ,0,0,0,0,0,0,0,0,0,-22000,0,0,0,0,22000,-22000,-22000
052851,滬深2X元富96購02,0,0,0,0,0,0,0,0,0,-22000,0,0,0,5000,27000,-22000,-22000
054694,聯鈞永豐97購01  ,0,0,0,0,0,0,0,0,0,-22000,0,0,0,120000,142000,-22000,-22000
054519,禾伸堂元大97購02,0,0,0,0,0,0,0,0,0,-22000,0,0,0,0,22000,-22000,-22000
053130,聯發科麥證96購01,0,0,0,8000,30000,-22000,0,0,0,-22000,0,0,0,8000,30000,-22000,-22000
053350,台表科國票97購02,0,0,0,0,0,0,0,0,0,-22000,0,0,0,0,22000,-22000,-22000
053655,全新凱基98購02  ,0,0,0,0,0,0,0,0,0,-22000,0,0,0,0,22000,-22000,-22000
3060,銘異            ,3000,16000,-13000,0,0,0,0,10000,-10000,0,0,0,0,0,0,0,-23000
8482,商億-KY         ,195000,218000,-23000,0,0,0,0,0,0,0,0,0,0,0,0,0,-23000
046579,台積電元大92購32,0,0,0,0,0,0,0,0,0,-23000,0,0,0,7000,30000,-23000,-23000
051283,亞德客統一95購01,0,0,0,0,0,0,0,0,0,-23000,0,0,0,116000,139000,-23000,-23000
047710,聯發科凱基93購21,0,0,0,0,0,0,0,0,0,-23000,0,0,0,0,23000,-23000,-23000
047855,美律國票94購01  ,0,0,0,0,0,0,0,0,0,-23000,0,0,0,9000,32000,-23000,-23000
049041,和鑫兆豐94購01  ,0,0,0,0,0,0,0,0,0,-23000,0,0,0,100000,123000,-23000,-23000
053874,台表科元大96購05,0,0,0,0,0,0,0,0,0,-23000,0,0,0,0,23000,-23000,-23000
053247,麗豐國票97購01  ,0,0,0,0,0,0,0,0,0,-23000,0,0,0,10000,33000,-23000,-23000
054630,聯鈞凱基98購01  ,0,0,0,0,0,0,0,0,0,-23000,0,0,0,16000,39000,-23000,-23000
054168,貿聯凱基97購02  ,0,0,0,0,0,0,0,0,0,-23000,0,0,0,27000,50000,-23000,-23000
052308,大立光國泰97購02,0,0,0,0,0,0,0,0,0,-23000,0,0,0,51000,74000,-23000,-23000
4989,榮科            ,4000,28000,-24000,0,0,0,0,0,0,0,0,0,0,0,0,0,-24000
2535,達欣工          ,33000,42000,-9000,0,0,0,0,15000,-15000,0,0,0,0,0,0,0,-24000
055827,中石化元大98購01,0,0,0,0,0,0,0,0,0,-24000,0,0,0,0,24000,-24000,-24000
045005,上銀元大92購05  ,0,0,0,0,0,0,0,0,0,-24000,0,0,0,0,24000,-24000,-24000
00757,統一FANG+       ,0,0,0,0,0,0,0,0,0,-24000,0,0,0,204000,228000,-24000,-24000
050533,致新元大94購03  ,0,0,0,0,0,0,0,0,0,-24000,0,0,0,1000,25000,-24000,-24000
049478,祥碩永豐94購02  ,0,0,0,0,0,0,0,0,0,-24000,0,0,0,12000,36000,-24000,-24000
052987,華新科元大99購01,0,0,0,0,0,0,0,0,0,-24000,0,0,0,0,24000,-24000,-24000
052270,力成日盛95購01  ,0,0,0,0,0,0,0,0,0,-24000,0,0,0,0,24000,-24000,-24000
053192,創意統一96購01  ,0,0,0,0,0,0,0,0,0,-24000,0,0,0,5000,29000,-24000,-24000
054821,貿聯元大9A購01  ,0,0,0,0,0,0,0,0,0,-25000,0,0,0,7000,32000,-25000,-25000
055188,亞翔統一97購01  ,0,0,0,0,0,0,0,0,0,-25000,0,0,0,0,25000,-25000,-25000
055163,訊芯元大98購01  ,0,0,0,0,0,0,0,0,0,-25000,0,0,0,2000,27000,-25000,-25000
055378,晶相光元大97購02,0,0,0,0,0,0,0,0,0,-25000,0,0,0,25000,50000,-25000,-25000
4137,麗豐-KY         ,39000,34000,5000,0,0,0,0,0,0,-30000,1000,0,1000,2000,33000,-31000,-25000
8163,達方            ,155000,179000,-24000,0,0,0,17000,0,17000,-18000,0,0,0,0,18000,-18000,-25000
2006,東和鋼鐵        ,16000,39000,-23000,0,0,0,0,2000,-2000,0,0,0,0,0,0,0,-25000
06382P,大毅元富97售02  ,0,0,0,0,0,0,0,0,0,-25000,0,0,0,0,25000,-25000,-25000
06328P,台積電中信01售02,0,0,0,0,0,0,0,0,0,-25000,0,0,0,0,25000,-25000,-25000
00737,國泰AI+Robo     ,0,0,0,0,0,0,0,0,0,-25000,0,0,0,120000,145000,-25000,-25000
044307,GIS兆豐93購01   ,0,0,0,0,0,0,0,0,0,-25000,0,0,0,5000,30000,-25000,-25000
047013,超眾元富96購01  ,0,0,0,0,0,0,0,0,0,-25000,0,0,0,5000,30000,-25000,-25000
04616P,臺股指群益95售02,0,0,0,0,0,0,0,0,0,-25000,0,0,0,0,25000,-25000,-25000
045173,A50正2國票95購01,0,0,0,0,0,0,0,0,0,-25000,0,0,0,0,25000,-25000,-25000
049406,T50反1日盛97購01,0,0,0,0,0,0,0,0,0,-25000,0,0,0,0,25000,-25000,-25000
048926,燿華永豐95購01  ,0,0,0,0,0,0,0,0,0,-25000,0,0,0,0,25000,-25000,-25000
048889,牧德元富94購03  ,0,0,0,0,0,0,0,0,0,-25000,0,0,0,10000,35000,-25000,-25000
05113P,臺股指元富95售01,0,0,0,0,0,0,0,0,0,-25000,0,0,0,0,25000,-25000,-25000
047517,元油反元大96購01,0,0,0,0,0,0,0,0,0,-25000,0,0,0,0,25000,-25000,-25000
05015P,臺股指元大95售06,0,0,0,0,0,0,0,0,0,-25000,0,0,0,0,25000,-25000,-25000
049004,聯發科中信96購01,0,0,0,0,0,0,0,0,0,-25000,0,0,0,20000,45000,-25000,-25000
049007,玉晶光中信96購01,0,0,0,0,0,0,0,0,0,-25000,0,0,0,25000,50000,-25000,-25000
048179,臻鼎富邦97購01  ,0,0,0,0,0,0,0,0,0,-25000,0,0,0,0,25000,-25000,-25000
05340P,臺股指國票95售08,0,0,0,0,0,0,0,0,0,-25000,0,0,0,0,25000,-25000,-25000
053463,可成富邦98購01  ,0,0,0,0,0,0,0,0,0,-25000,0,0,0,10000,35000,-25000,-25000
053773,上銀元大96購04  ,0,0,0,0,0,0,0,0,0,-25000,0,0,0,4000,29000,-25000,-25000
05374P,台積電國票96售07,0,0,0,0,0,0,0,0,0,-25000,0,0,0,82000,107000,-25000,-25000
054297,台郡元大98購01  ,0,0,0,0,0,0,0,0,0,-25000,0,0,0,0,25000,-25000,-25000
05452P,亞德客群益95售02,0,0,0,0,0,0,0,0,0,-25000,0,0,0,5000,30000,-25000,-25000
054591,GIS國泰98購01   ,0,0,0,0,0,0,0,0,0,-25000,0,0,0,0,25000,-25000,-25000
054587,玉晶光國泰99購01,0,0,0,0,0,0,0,0,0,-25000,0,0,0,0,25000,-25000,-25000
052286,力成凱基95購02  ,0,0,0,0,0,0,0,0,0,-25000,0,0,0,0,25000,-25000,-25000
051870,台郡凱基95購04  ,0,0,0,0,0,0,0,0,0,-25000,0,0,0,40000,65000,-25000,-25000
051607,緯創群益96購02  ,0,0,0,0,0,0,0,0,0,-25000,0,0,0,31000,56000,-25000,-25000
051685,台光電凱基95購01,0,0,0,0,0,0,0,0,0,-25000,0,0,0,58000,83000,-25000,-25000
05164P,南亞科元富95售04,0,0,0,0,0,0,0,0,0,-25000,0,0,0,25000,50000,-25000,-25000
2231,為升            ,22000,42000,-20000,0,0,0,1000,0,1000,-7000,14000,2000,12000,0,19000,-19000,-26000
2461,光群雷          ,14000,40000,-26000,0,0,0,0,0,0,0,0,0,0,0,0,0,-26000
4104,佳醫            ,40000,34000,6000,0,0,0,9000,0,9000,-41000,0,41000,-41000,0,0,0,-26000
055371,正崴元大97購02  ,0,0,0,0,0,0,0,0,0,-26000,0,0,0,0,26000,-26000,-26000
055149,國巨元大97購06  ,0,0,0,0,0,0,0,0,0,-26000,0,0,0,0,26000,-26000,-26000
054935,華通元大98購03  ,0,0,0,0,0,0,0,0,0,-26000,0,0,0,9000,35000,-26000,-26000
05843P,台積電元大96售16,0,0,0,0,0,0,0,0,0,-26000,0,0,0,24000,50000,-26000,-26000
044824,元油2X永豐93購02,0,0,0,0,0,0,0,0,0,-26000,0,0,0,0,26000,-26000,-26000
047454,滬深2X群益96購03,0,0,0,0,0,0,0,0,0,-26000,0,0,0,14000,40000,-26000,-26000
052652,台虹永豐96購01  ,0,0,0,0,0,0,0,0,0,-26000,0,0,0,0,26000,-26000,-26000
054386,鴻海統一98購03  ,0,0,0,0,0,0,0,0,0,-26000,0,0,0,56000,82000,-26000,-26000
053224,矽力凱基96購02  ,0,0,0,0,0,0,0,0,0,-26000,0,0,0,14000,40000,-26000,-26000
053172,瑞儀群益97購01  ,0,0,0,0,0,0,0,0,0,-26000,0,0,0,0,26000,-26000,-26000
05660P,玉晶光第一96售01,0,0,0,0,0,0,0,0,0,-27000,0,0,0,15000,42000,-27000,-27000
054890,聯鈞統一99購01  ,0,0,0,0,0,0,0,0,0,-27000,0,0,0,61000,88000,-27000,-27000
2530,華建            ,1000,28000,-27000,0,0,0,0,0,0,0,0,0,0,0,0,0,-27000
047312,聯發科元大93購13,0,0,0,0,0,0,0,0,0,-27000,0,0,0,0,27000,-27000,-27000
050586,康友國票94購01  ,0,0,0,0,0,0,0,0,0,-27000,0,0,0,0,27000,-27000,-27000
053601,台表科元大98購01,0,0,0,0,0,0,0,0,0,-27000,0,0,0,0,27000,-27000,-27000
2456,奇力新          ,602000,547000,55000,0,0,0,9000,9000,0,-83000,136000,124000,12000,16000,111000,-95000,-28000
2536,宏普            ,9000,37000,-28000,0,0,0,0,0,0,0,0,0,0,0,0,0,-28000
055694,光罩國票98購01  ,0,0,0,0,0,0,0,0,0,-28000,0,0,0,2000,30000,-28000,-28000
055587,智邦元大97購02  ,0,0,0,0,0,0,0,0,0,-28000,0,0,0,67000,95000,-28000,-28000
00647L,元大S&P500正2   ,0,0,0,0,0,0,0,0,0,-28000,0,0,0,1000,29000,-28000,-28000
050316,上証2X國票98購01,0,0,0,0,0,0,0,0,0,-28000,0,0,0,0,28000,-28000,-28000
046491,滬深2X富邦95購02,0,0,0,0,0,0,0,0,0,-28000,0,0,0,0,28000,-28000,-28000
05076P,深中小群益99售02,0,0,0,0,0,0,0,0,0,-28000,0,0,0,0,28000,-28000,-28000
048197,義隆元大93購04  ,0,0,0,0,0,0,0,0,0,-28000,0,0,0,132000,160000,-28000,-28000
047663,亞德客永豐93購03,0,0,0,0,0,0,0,0,0,-28000,0,0,0,29000,57000,-28000,-28000
049254,台積電元大96購02,0,0,0,0,0,0,0,0,0,-28000,0,0,0,2000,30000,-28000,-28000
054624,台積電凱基98購03,0,0,0,0,0,0,0,0,0,-28000,0,0,0,8000,36000,-28000,-28000
053081,上銀元大97購02  ,0,0,0,0,0,0,0,0,0,-28000,0,0,0,8000,36000,-28000,-28000
3006,晶豪科          ,378000,77000,301000,0,0,0,0,39000,-39000,-291000,0,100000,-100000,4000,195000,-191000,-29000
5225,東科-KY         ,7000,37000,-30000,0,0,0,0,0,0,1000,1000,0,1000,0,0,0,-29000
6108,競國            ,15000,44000,-29000,0,0,0,0,0,0,0,0,0,0,0,0,0,-29000
2023,燁輝            ,126000,155000,-29000,0,0,0,0,0,0,0,0,0,0,0,0,0,-29000
2228,劍麟            ,16000,43000,-27000,0,0,0,0,0,0,-2000,0,0,0,0,2000,-2000,-29000
043938,華邦電兆豐93購01,0,0,0,0,0,0,0,0,0,-29000,0,0,0,21000,50000,-29000,-29000
053686,台積電元大97購08,0,0,0,0,0,0,0,0,0,-29000,0,0,0,214000,243000,-29000,-29000
053855,康友國泰98購01  ,0,0,0,0,0,0,0,0,0,-29000,0,0,0,116000,145000,-29000,-29000
1907,永豐餘          ,197000,371000,-174000,0,0,0,144000,0,144000,0,0,0,0,0,0,0,-30000
08506P,台灣50中信96售02,0,0,0,0,0,0,0,0,0,-30000,0,0,0,0,30000,-30000,-30000
05576P,群創日盛99售02  ,0,0,0,0,0,0,0,0,0,-30000,0,0,0,0,30000,-30000,-30000
055810,T50反1國票99購01,0,0,0,0,0,0,0,0,0,-30000,0,0,0,0,30000,-30000,-30000
055861,矽力元大97購03  ,0,0,0,0,0,0,0,0,0,-30000,0,0,0,0,30000,-30000,-30000
05585P,臺股指凱基96售14,0,0,0,0,0,0,0,0,0,-30000,0,0,0,0,30000,-30000,-30000
05673P,台積電群益96售05,0,0,0,0,0,0,0,0,0,-30000,0,0,0,0,30000,-30000,-30000
056053,和大元大97購05  ,0,0,0,0,0,0,0,0,0,-30000,0,0,0,0,30000,-30000,-30000
05832P,臺股指元富96售04,0,0,0,0,0,0,0,0,0,-30000,0,0,0,0,30000,-30000,-30000
054799,超眾群益98購01  ,0,0,0,0,0,0,0,0,0,-30000,0,0,0,0,30000,-30000,-30000
055063,玉晶光永豐99購01,0,0,0,0,0,0,0,0,0,-30000,0,0,0,0,30000,-30000,-30000
055072,康友永豐97購02  ,0,0,0,0,0,0,0,0,0,-30000,0,0,0,0,30000,-30000,-30000
044866,旺宏國票91購05  ,0,0,0,0,0,0,0,0,0,-30000,0,0,0,20000,50000,-30000,-30000
047403,香港2X統一93購01,0,0,0,0,0,0,0,0,0,-30000,0,0,0,0,30000,-30000,-30000
047440,聯發科元大93購14,0,0,0,0,0,0,0,0,0,-30000,0,0,0,30000,60000,-30000,-30000
045765,康控統一92購01  ,0,0,0,0,0,0,0,0,0,-30000,0,0,0,0,30000,-30000,-30000
047186,大立光元大93購20,0,0,0,0,0,0,0,0,0,-30000,0,0,0,1000,31000,-30000,-30000
03021P,玉晶光群益02售25,0,0,0,0,0,0,0,0,0,-30000,0,0,0,0,30000,-30000,-30000
04474P,聯發科元大94售03,0,0,0,0,0,0,0,0,0,-30000,0,0,0,30000,60000,-30000,-30000
044536,深中小群益92購01,0,0,0,0,0,0,0,0,0,-30000,0,0,0,0,30000,-30000,-30000
046551,聯發科麥證92購02,0,0,0,0,30000,-30000,0,0,0,-30000,0,0,0,0,30000,-30000,-30000
046385,群創凱基98購03  ,0,0,0,0,0,0,0,0,0,-30000,0,0,0,0,30000,-30000,-30000
050231,聯發科麥證94購03,0,0,0,0,30000,-30000,0,0,0,-30000,0,0,0,0,30000,-30000,-30000
050115,群創元大96購01  ,0,0,0,0,0,0,0,0,0,-30000,0,0,0,0,30000,-30000,-30000
05010P,台郡元富95售01  ,0,0,0,0,0,0,0,0,0,-30000,0,0,0,0,30000,-30000,-30000
047094,聯發科麥證93購02,0,0,0,0,30000,-30000,0,0,0,-30000,0,0,0,0,30000,-30000,-30000
051138,訊連永豐95購01  ,0,0,0,0,0,0,0,0,0,-30000,0,0,0,0,30000,-30000,-30000
051204,正崴麥證95購01  ,0,0,0,0,30000,-30000,0,0,0,-30000,0,0,0,0,30000,-30000,-30000
049719,義隆凱基94購03  ,0,0,0,0,0,0,0,0,0,-30000,0,0,0,0,30000,-30000,-30000
050925,可成凱基95購02  ,0,0,0,0,0,0,0,0,0,-30000,0,0,0,0,30000,-30000,-30000
050574,微星國票94購01  ,0,0,0,0,0,0,0,0,0,-30000,0,0,0,10000,40000,-30000,-30000
050645,台積電凱基94購39,0,0,0,0,0,0,0,0,0,-30000,0,0,0,0,30000,-30000,-30000
050431,聯發科凱基94購18,0,0,0,0,0,0,0,0,0,-30000,0,0,0,63000,93000,-30000,-30000
053752,超眾永豐96購02  ,0,0,0,0,0,0,0,0,0,-30000,0,0,0,10000,40000,-30000,-30000
054595,正崴麥證97購01  ,0,0,0,0,30000,-30000,0,0,0,-30000,0,0,0,0,30000,-30000,-30000
05433P,智原元富95售02  ,0,0,0,0,0,0,0,0,0,-30000,0,0,0,10000,40000,-30000,-30000
052935,康友元大96購03  ,0,0,0,0,0,0,0,0,0,-30000,0,0,0,129000,159000,-30000,-30000
052697,滬深2X國票98購01,0,0,0,0,0,0,0,0,0,-30000,0,0,0,0,30000,-30000,-30000
052306,鴻海國泰97購05  ,0,0,0,0,0,0,0,0,0,-30000,0,0,0,20000,50000,-30000,-30000
052476,台光電群益98購01,0,0,0,0,0,0,0,0,0,-30000,0,0,0,17000,47000,-30000,-30000
052415,台表科麥證95購02,0,0,0,0,30000,-30000,0,0,0,-30000,0,0,0,0,30000,-30000,-30000
051620,可成凱基95購10  ,0,0,0,0,0,0,0,0,0,-30000,0,0,0,45000,75000,-30000,-30000
052010,兆豐金中信95購01,0,0,0,0,0,0,0,0,0,-30000,0,0,0,0,30000,-30000,-30000
055161,貿聯元大98購03  ,0,0,0,0,0,0,0,0,0,-31000,0,0,0,0,31000,-31000,-31000
05692P,聯發科中信9A售02,0,0,0,0,0,0,0,0,0,-31000,0,0,0,0,31000,-31000,-31000
055729,金寶元富99購01  ,0,0,0,0,0,0,0,0,0,-31000,0,0,0,0,31000,-31000,-31000
055546,台積電凱基97購12,0,0,0,0,0,0,0,0,0,-31000,0,0,0,0,31000,-31000,-31000
1308,亞聚            ,18000,15000,3000,0,0,0,0,34000,-34000,0,0,0,0,0,0,0,-31000
1902,台紙            ,62000,106000,-44000,0,0,0,0,2000,-2000,15000,15000,0,15000,0,0,0,-31000
1532,勤美            ,15000,30000,-15000,0,0,0,0,16000,-16000,0,0,0,0,0,0,0,-31000
6504,南六            ,28000,59000,-31000,0,0,0,0,0,0,0,0,0,0,0,0,0,-31000
047108,華邦電元大93購03,0,0,0,0,0,0,0,0,0,-31000,0,0,0,0,31000,-31000,-31000
050797,聯發科中信99購01,0,0,0,0,0,0,0,0,0,-31000,0,0,0,29000,60000,-31000,-31000
051244,正崴元大95購01  ,0,0,0,0,0,0,0,0,0,-31000,0,0,0,0,31000,-31000,-31000
052727,仁寶元富96購01  ,0,0,0,0,0,0,0,0,0,-31000,0,0,0,0,31000,-31000,-31000
05272P,臻鼎中信97售03  ,0,0,0,0,0,0,0,0,0,-31000,0,0,0,0,31000,-31000,-31000
6412,群電            ,82000,110000,-28000,0,0,0,0,3684,-3684,0,0,0,0,0,0,0,-31684
1446,宏和            ,17000,49000,-32000,0,0,0,0,0,0,0,0,0,0,0,0,0,-32000
055699,康控國票97購04  ,0,0,0,0,0,0,0,0,0,-32000,0,0,0,0,32000,-32000,-32000
055839,瑞昱元大97購04  ,0,0,0,0,0,0,0,0,0,-32000,0,0,0,83000,115000,-32000,-32000
052170,台積電元大95購20,0,0,0,0,0,0,0,0,0,-32000,0,0,0,5000,37000,-32000,-32000
2015,豐興            ,14000,16000,-2000,0,0,0,0,31000,-31000,0,0,0,0,0,0,0,-33000
6698,旭暉應材        ,115000,31000,84000,0,0,0,94000,211000,-117000,0,0,0,0,0,0,0,-33000
9907,統一實          ,0,33000,-33000,0,0,0,0,0,0,0,0,0,0,0,0,0,-33000
4725,信昌化          ,18000,51000,-33000,0,0,0,0,0,0,0,0,0,0,0,0,0,-33000
045355,聯鈞凱基92購01  ,0,0,0,0,0,0,0,0,0,-33000,0,0,0,21000,54000,-33000,-33000
04367P,滬深2X凱基95售04,0,0,0,0,0,0,0,0,0,-33000,0,0,0,0,33000,-33000,-33000
050743,京鼎永豐94購02  ,0,0,0,0,0,0,0,0,0,-33000,0,0,0,76000,109000,-33000,-33000
050511,元油2X元大94購11,0,0,0,0,0,0,0,0,0,-33000,0,0,0,0,33000,-33000,-33000
054298,台表科元大97購03,0,0,0,0,0,0,0,0,0,-33000,0,0,0,0,33000,-33000,-33000
055082,台郡中信97購01  ,0,0,0,0,0,0,0,0,0,-34000,0,0,0,0,34000,-34000,-34000
045814,可成麥證93購01  ,0,0,0,0,34000,-34000,0,0,0,-34000,0,0,0,0,34000,-34000,-34000
050451,嘉晶元大95購01  ,0,0,0,0,0,0,0,0,0,-34000,0,0,0,10000,44000,-34000,-34000
049219,聯發科國票95購01,0,0,0,0,0,0,0,0,0,-34000,0,0,0,85000,119000,-34000,-34000
054315,訊芯凱基98購01  ,0,0,0,0,0,0,0,0,0,-34000,0,0,0,1000,35000,-34000,-34000
054332,世芯永豐97購01  ,0,0,0,0,0,0,0,0,0,-34000,0,0,0,20000,54000,-34000,-34000
053572,彩晶統一96購01  ,0,0,0,0,0,0,0,0,0,-34000,0,0,0,179000,213000,-34000,-34000
052608,欣興元大97購01  ,0,0,0,0,0,0,0,0,0,-34000,0,0,0,15000,49000,-34000,-34000
052961,國巨凱基97購02  ,0,0,0,0,0,0,0,0,0,-34000,0,0,0,0,34000,-34000,-34000
6531,愛普            ,352000,391000,-39000,0,0,0,445,0,445,4000,17000,13000,4000,0,0,0,-34555
055385,昇陽半元大98購01,0,0,0,0,0,0,0,0,0,-35000,0,0,0,0,35000,-35000,-35000
055736,宏達電元富99購01,0,0,0,0,0,0,0,0,0,-35000,0,0,0,0,35000,-35000,-35000
055485,國巨元大97購09  ,0,0,0,0,0,0,0,0,0,-35000,0,0,0,10000,45000,-35000,-35000
047165,東陽康和93購01  ,0,0,0,0,0,0,0,0,0,-35000,0,0,0,0,35000,-35000,-35000
047034,東陽群益93購01  ,0,0,0,0,0,0,0,0,0,-35000,0,0,0,0,35000,-35000,-35000
048928,華新科永豐94購02,0,0,0,0,0,0,0,0,0,-35000,0,0,0,5000,40000,-35000,-35000
051267,美律富邦96購01  ,0,0,0,0,0,0,0,0,0,-35000,0,0,0,0,35000,-35000,-35000
050374,上緯控元大95購01,0,0,0,0,0,0,0,0,0,-35000,0,0,0,0,35000,-35000,-35000
04749P,臺股指元大94售25,0,0,0,0,0,0,0,0,0,-35000,0,0,0,0,35000,-35000,-35000
049000,元油2X中信95購02,0,0,0,0,0,0,0,0,0,-35000,0,0,0,0,35000,-35000,-35000
05298P,上銀元大95售03  ,0,0,0,0,0,0,0,0,0,-35000,0,0,0,10000,45000,-35000,-35000
053110,大立光兆豐97購01,0,0,0,0,0,0,0,0,0,-35000,0,0,0,2000,37000,-35000,-35000
052591,康友永豐97購01  ,0,0,0,0,0,0,0,0,0,-35000,0,0,0,15000,50000,-35000,-35000
051741,可成國票97購01  ,0,0,0,0,0,0,0,0,0,-35000,0,0,0,0,35000,-35000,-35000
05314P,臺股指群益95售13,0,0,0,0,0,0,0,0,0,-35000,0,0,0,5000,40000,-35000,-35000
054689,華新科永豐97購01,0,0,0,0,0,0,0,0,0,-35000,0,0,0,208000,243000,-35000,-35000
054295,世芯元大96購03  ,0,0,0,0,0,0,0,0,0,-35000,0,0,0,19000,54000,-35000,-35000
055460,華擎永豐97購01  ,0,0,0,0,0,0,0,0,0,-36000,0,0,0,10000,46000,-36000,-36000
055502,群創元大9C購03  ,0,0,0,0,0,0,0,0,0,-36000,0,0,0,54000,90000,-36000,-36000
055244,國巨統一98購01  ,0,0,0,0,0,0,0,0,0,-36000,0,0,0,39000,75000,-36000,-36000
6120,達運            ,66000,110000,-44000,0,0,0,8000,0,8000,0,0,0,0,0,0,0,-36000
1558,伸興            ,9000,8000,1000,0,0,0,0,0,0,-37000,0,37000,-37000,0,0,0,-36000
1409,新纖            ,13000,49000,-36000,0,0,0,0,0,0,0,0,0,0,0,0,0,-36000
043453,上銀元大92購01  ,0,0,0,0,0,0,0,0,0,-36000,0,0,0,0,36000,-36000,-36000
00631L,元大台灣50正2   ,148000,0,148000,0,0,0,0,217000,-217000,33000,0,0,0,224000,191000,33000,-36000
050875,訊芯永豐95購01  ,0,0,0,0,0,0,0,0,0,-36000,0,0,0,0,36000,-36000,-36000
054327,亞光台新96購02  ,0,0,0,0,0,0,0,0,0,-36000,0,0,0,10000,46000,-36000,-36000
053753,啟碁永豐96購01  ,0,0,0,0,0,0,0,0,0,-36000,0,0,0,4000,40000,-36000,-36000
051514,智邦凱基95購05  ,0,0,0,0,0,0,0,0,0,-36000,0,0,0,4000,40000,-36000,-36000
1439,中和            ,8000,44000,-36000,0,0,0,0,48,-48,0,0,0,0,0,0,0,-36048
1536,和大            ,144000,128000,16000,0,0,0,0,23000,-23000,-30000,21000,15000,6000,3000,39000,-36000,-37000
045165,台虹國泰93購01  ,0,0,0,0,0,0,0,0,0,-37000,0,0,0,21000,58000,-37000,-37000
046106,致新永豐92購01  ,0,0,0,0,0,0,0,0,0,-37000,0,0,0,103000,140000,-37000,-37000
047470,聯發科中信94購03,0,0,0,0,0,0,0,0,0,-37000,0,0,0,315000,352000,-37000,-37000
047715,欣興凱基93購02  ,0,0,0,0,0,0,0,0,0,-37000,0,0,0,0,37000,-37000,-37000
048736,台達電統一94購01,0,0,0,0,0,0,0,0,0,-37000,0,0,0,125000,162000,-37000,-37000
053529,國巨麥證96購01  ,0,0,0,25000,60000,-35000,0,0,0,-37000,0,0,0,25000,62000,-37000,-37000
054152,漢唐國泰98購02  ,0,0,0,0,0,0,0,0,0,-37000,0,0,0,18000,55000,-37000,-37000
2388,威盛            ,70382,108000,-37618,0,0,0,0,0,0,0,0,0,0,0,0,0,-37618
6202,盛群            ,13000,29000,-16000,0,0,0,1000,0,1000,-23000,0,23000,-23000,0,0,0,-38000
055443,台虹國票98購01  ,0,0,0,0,0,0,0,0,0,-38000,0,0,0,0,38000,-38000,-38000
045453,上銀元大92購07  ,0,0,0,0,0,0,0,0,0,-38000,0,0,0,0,38000,-38000,-38000
046608,超眾兆豐93購02  ,0,0,0,0,0,0,0,0,0,-38000,0,0,0,2000,40000,-38000,-38000
03417B,臺股指凱基95熊19,0,0,0,0,0,0,0,0,0,-38000,0,0,0,2000,40000,-38000,-38000
050489,聯詠元富94購01  ,0,0,0,0,0,0,0,0,0,-38000,0,0,0,7000,45000,-38000,-38000
050491,旺宏國泰96購01  ,0,0,0,0,0,0,0,0,0,-38000,0,0,0,4000,42000,-38000,-38000
054330,世芯永豐96購02  ,0,0,0,0,0,0,0,0,0,-38000,0,0,0,7000,45000,-38000,-38000
053137,旺宏富邦98購01  ,0,0,0,0,0,0,0,0,0,-38000,0,0,0,25000,63000,-38000,-38000
052606,聯發科元大97購04,0,0,0,0,0,0,0,0,0,-38000,0,0,0,75000,113000,-38000,-38000
052530,台郡元大96購04  ,0,0,0,0,0,0,0,0,0,-38000,0,0,0,46000,84000,-38000,-38000
4739,康普            ,16000,34000,-18000,0,0,0,0,74,-74,-20000,0,0,0,0,20000,-20000,-38074
043454,上銀元大92購02  ,0,0,0,0,0,0,0,0,0,-39000,0,0,0,0,39000,-39000,-39000
047447,台郡元大94購02  ,0,0,0,0,0,0,0,0,0,-39000,0,0,0,0,39000,-39000,-39000
050339,鴻海統一94購06  ,0,0,0,0,0,0,0,0,0,-39000,0,0,0,11000,50000,-39000,-39000
048278,聯發科永豐93購03,0,0,0,0,0,0,0,0,0,-39000,0,0,0,100000,139000,-39000,-39000
049739,大立光群益94購05,0,0,0,0,0,0,0,0,0,-39000,0,0,0,21000,60000,-39000,-39000
047840,新日興元大93購03,0,0,0,0,0,0,0,0,0,-39000,0,0,0,1000,40000,-39000,-39000
053948,大立光富邦99購04,0,0,0,0,0,0,0,0,0,-39000,0,0,0,105000,144000,-39000,-39000
6197,佳必琪          ,13000,68000,-55000,0,0,0,0,0,0,15000,15000,0,15000,0,0,0,-40000
8101,華冠            ,49000,89000,-40000,0,0,0,0,0,0,0,0,0,0,0,0,0,-40000
8341,日友            ,27000,66000,-39000,0,0,0,0,1000,-1000,0,0,0,0,0,0,0,-40000
1717,長興            ,153000,193000,-40000,0,0,0,0,0,0,0,0,0,0,0,0,0,-40000
1710,東聯            ,126000,166000,-40000,0,0,0,0,0,0,0,0,0,0,0,0,0,-40000
06063P,玉晶光元富97售01,0,0,0,0,0,0,0,0,0,-40000,0,0,0,20000,60000,-40000,-40000
054762,奇力新國票99購01,0,0,0,0,0,0,0,0,0,-40000,0,0,0,0,40000,-40000,-40000
054704,玉晶光第一97購01,0,0,0,0,0,0,0,0,0,-40000,0,0,0,30000,70000,-40000,-40000
054823,祥碩元大97購02  ,0,0,0,0,0,0,0,0,0,-40000,0,0,0,0,40000,-40000,-40000
055616,智原國票97購03  ,0,0,0,0,0,0,0,0,0,-40000,0,0,0,0,40000,-40000,-40000
055679,華通凱基99購01  ,0,0,0,0,0,0,0,0,0,-40000,0,0,0,0,40000,-40000,-40000
055704,亞德客永豐97購04,0,0,0,0,0,0,0,0,0,-40000,0,0,0,0,40000,-40000,-40000
056088,台郡統一97購02  ,0,0,0,0,0,0,0,0,0,-40000,0,0,0,0,40000,-40000,-40000
055993,致茂國泰99購01  ,0,0,0,0,0,0,0,0,0,-40000,0,0,0,0,40000,-40000,-40000
055997,矽創國泰99購01  ,0,0,0,0,0,0,0,0,0,-40000,0,0,0,0,40000,-40000,-40000
055999,電子類富邦99購01,0,0,0,0,0,0,0,0,0,-40000,0,0,0,0,40000,-40000,-40000
047001,大成鋼統一93購01,0,0,0,0,0,0,0,0,0,-40000,0,0,0,0,40000,-40000,-40000
046061,中石化凱基98購01,0,0,0,0,0,0,0,0,0,-40000,0,0,0,0,40000,-40000,-40000
047353,台郡凱基93購03  ,0,0,0,0,0,0,0,0,0,-40000,0,0,0,1000,41000,-40000,-40000
047341,貿聯第一93購01  ,0,0,0,0,0,0,0,0,0,-40000,0,0,0,0,40000,-40000,-40000
043524,亞光元大92購01  ,0,0,0,0,0,0,0,0,0,-40000,0,0,0,0,40000,-40000,-40000
044947,新光金群益92購01,0,0,0,0,0,0,0,0,0,-40000,0,0,0,0,40000,-40000,-40000
04388P,滬深2X凱基95售05,0,0,0,0,0,0,0,0,0,-40000,0,0,0,0,40000,-40000,-40000
03874P,臺股指群益95售01,0,0,0,0,0,0,0,0,0,-40000,0,0,0,80000,120000,-40000,-40000
044671,台積電兆豐93購01,0,0,0,0,0,0,0,0,0,-40000,0,0,0,0,40000,-40000,-40000
04258P,健策國票94售01  ,0,0,0,0,0,0,0,0,0,-40000,0,0,0,0,40000,-40000,-40000
051007,台光電麥證95購01,0,0,0,0,40000,-40000,0,0,0,-40000,0,0,0,0,40000,-40000,-40000
048515,貿聯凱基93購03  ,0,0,0,0,0,0,0,0,0,-40000,0,0,0,60000,100000,-40000,-40000
05128P,聯發科中信97售03,0,0,0,0,0,0,0,0,0,-40000,0,0,0,0,40000,-40000,-40000
051444,聯發科元大95購11,0,0,0,0,0,0,0,0,0,-40000,0,0,0,0,40000,-40000,-40000
049760,滬深2X國泰95購02,0,0,0,0,0,0,0,0,0,-40000,0,0,0,0,40000,-40000,-40000
049780,智易統一94購02  ,0,0,0,0,0,0,0,0,0,-40000,0,0,0,31000,71000,-40000,-40000
049330,元上證統一94購03,0,0,0,0,0,0,0,0,0,-40000,0,0,0,0,40000,-40000,-40000
049367,全新元大96購01  ,0,0,0,0,0,0,0,0,0,-40000,0,0,0,10000,50000,-40000,-40000
04980P,臺股指凱基96售08,0,0,0,0,0,0,0,0,0,-40000,0,0,0,10000,50000,-40000,-40000
049806,臺企銀元大94購01,0,0,0,0,0,0,0,0,0,-40000,0,0,0,0,40000,-40000,-40000
048319,嘉晶凱基93購04  ,0,0,0,0,0,0,0,0,0,-40000,0,0,0,0,40000,-40000,-40000
047885,元金2X富邦99購01,0,0,0,0,0,0,0,0,0,-40000,0,0,0,0,40000,-40000,-40000
050879,樺漢統一95購02  ,0,0,0,0,0,0,0,0,0,-40000,0,0,0,0,40000,-40000,-40000
049671,上証2X富邦95購01,0,0,0,0,0,0,0,0,0,-40000,0,0,0,0,40000,-40000,-40000
054009,欣興元富96購03  ,0,0,0,0,0,0,0,0,0,-40000,0,0,0,0,40000,-40000,-40000
054216,聯茂國票97購03  ,0,0,0,0,0,0,0,0,0,-40000,0,0,0,0,40000,-40000,-40000
054604,麗豐台新98購01  ,0,0,0,0,0,0,0,0,0,-40000,0,0,0,0,40000,-40000,-40000
054522,康友元大96購07  ,0,0,0,0,0,0,0,0,0,-40000,0,0,0,9000,49000,-40000,-40000
053770,元金2X元大98購01,0,0,0,0,0,0,0,0,0,-40000,0,0,0,0,40000,-40000,-40000
053912,T50反1國票97購02,0,0,0,0,0,0,0,0,0,-40000,0,0,0,0,40000,-40000,-40000
052590,祥碩永豐96購01  ,0,0,0,0,0,0,0,0,0,-40000,0,0,0,24000,64000,-40000,-40000
052678,群創富邦96購01  ,0,0,0,0,0,0,0,0,0,-40000,0,0,0,0,40000,-40000,-40000
052477,美律群益98購01  ,0,0,0,0,0,0,0,0,0,-40000,0,0,0,24000,64000,-40000,-40000
052486,元油反國票96購01,0,0,0,0,0,0,0,0,0,-40000,0,0,0,0,40000,-40000,-40000
052864,奇力新凱基96購02,0,0,0,0,0,0,0,0,0,-40000,0,0,0,7000,47000,-40000,-40000
051568,智邦富邦95購01  ,0,0,0,0,0,0,0,0,0,-40000,0,0,0,20000,60000,-40000,-40000
051602,南茂兆豐96購01  ,0,0,0,0,0,0,0,0,0,-40000,0,0,0,90000,130000,-40000,-40000
3583,辛耘            ,14000,45000,-31000,0,0,0,0,10000,-10000,0,0,0,0,0,0,0,-41000
03398P,瑞昱中信06售03  ,0,0,0,0,0,0,0,0,0,-41000,0,0,0,0,41000,-41000,-41000
046968,台積電群益94購03,0,0,0,0,0,0,0,0,0,-41000,0,0,0,43000,84000,-41000,-41000
048476,同欣電永豐93購01,0,0,0,0,0,0,0,0,0,-41000,0,0,0,1000,42000,-41000,-41000
048810,玉晶光第一94購01,0,0,0,0,0,0,0,0,0,-41000,0,0,0,0,41000,-41000,-41000
051215,大立光統一95購03,0,0,0,0,0,0,0,0,0,-41000,0,0,0,123000,164000,-41000,-41000
052745,欣興元大96購04  ,0,0,0,0,0,0,0,0,0,-41000,0,0,0,69000,110000,-41000,-41000
052377,景碩元大96購02  ,0,0,0,0,0,0,0,0,0,-41000,0,0,0,151000,192000,-41000,-41000
05370P,矽創元富95售01  ,0,0,0,0,0,0,0,0,0,-41000,0,0,0,0,41000,-41000,-41000
053389,彩晶元大98購01  ,0,0,0,0,0,0,0,0,0,-41000,0,0,0,21000,62000,-41000,-41000
9910,豐泰            ,181215,236594,-55379,0,0,0,6000,0,6000,8000,0,0,0,8000,0,8000,-41379
3518,柏騰            ,103000,144448,-41448,0,0,0,0,0,0,0,0,0,0,0,0,0,-41448
2204,中華            ,45000,53000,-8000,0,0,0,0,33800,-33800,0,0,0,0,0,0,0,-41800
3645,達邁            ,29000,83000,-54000,0,0,0,0,0,0,12000,20000,0,20000,0,8000,-8000,-42000
055482,聚陽元大97購02  ,0,0,0,0,0,0,0,0,0,-42000,0,0,0,0,42000,-42000,-42000
046648,和鑫國泰94購01  ,0,0,0,0,0,0,0,0,0,-42000,0,0,0,12000,54000,-42000,-42000
050354,瀚宇博群益94購02,0,0,0,0,0,0,0,0,0,-42000,0,0,0,0,42000,-42000,-42000
045055,聯發科元富98購03,0,0,0,0,0,0,0,0,0,-42000,0,0,0,0,42000,-42000,-42000
051240,台積電元大95購12,0,0,0,0,0,0,0,0,0,-42000,0,0,0,28000,70000,-42000,-42000
054543,元金2X中信01購01,0,0,0,0,0,0,0,0,0,-42000,0,0,0,20000,62000,-42000,-42000
052943,奇力新國票96購02,0,0,0,0,0,0,0,0,0,-42000,0,0,0,0,42000,-42000,-42000
1723,中碳            ,13000,35000,-22000,0,0,0,0,20491,-20491,0,0,0,0,0,0,0,-42491
2480,敦陽科          ,46000,90000,-44000,0,0,0,2000,1000,1000,0,0,0,0,0,0,0,-43000
6226,光鼎            ,29000,12000,17000,0,0,0,0,0,0,-60000,0,60000,-60000,0,0,0,-43000
055924,深中小群益9B購01,0,0,0,0,0,0,0,0,0,-43000,0,0,0,7000,50000,-43000,-43000
054968,佐登元大97購01  ,0,0,0,0,0,0,0,0,0,-43000,0,0,0,10000,53000,-43000,-43000
047107,上銀元大93購04  ,0,0,0,0,0,0,0,0,0,-43000,0,0,0,0,43000,-43000,-43000
049091,訊連凱基94購01  ,0,0,0,0,0,0,0,0,0,-43000,0,0,0,0,43000,-43000,-43000
048334,A50正2元大96購01,0,0,0,0,0,0,0,0,0,-43000,0,0,0,0,43000,-43000,-43000
052886,世紀鋼兆豐96購01,0,0,0,0,0,0,0,0,0,-43000,0,0,0,0,43000,-43000,-43000
054435,華新科台新97購02,0,0,0,0,0,0,0,0,0,-43000,0,0,0,10000,53000,-43000,-43000
053644,台表科國票97購03,0,0,0,0,0,0,0,0,0,-43000,0,0,0,0,43000,-43000,-43000
048895,光罩國泰95購01  ,0,0,0,0,0,0,0,0,0,-44000,0,0,0,7000,51000,-44000,-44000
052859,國巨凱基96購07  ,0,0,0,0,0,0,0,0,0,-44000,0,0,0,0,44000,-44000,-44000
052353,高鐵群益97購01  ,0,0,0,0,0,0,0,0,0,-44000,0,0,0,226000,270000,-44000,-44000
052341,泰鼎凱基96購02  ,0,0,0,0,0,0,0,0,0,-44000,0,0,0,40000,84000,-44000,-44000
05168P,鴻海元大95售14  ,0,0,0,0,0,0,0,0,0,-44000,0,0,0,203000,247000,-44000,-44000
2912,統一超          ,545091,584204,-39113,0,0,0,0,10000,-10000,5000,0,0,0,12000,7000,5000,-44113
05981P,可成永昌98售02  ,0,0,0,0,0,0,0,0,0,-45000,0,0,0,121000,166000,-45000,-45000
1444,力麗            ,14000,58000,-44000,0,0,0,0,0,0,-1000,0,1000,-1000,0,0,0,-45000
054764,亞光國票98購01  ,0,0,0,0,0,0,0,0,0,-45000,0,0,0,5000,50000,-45000,-45000
055174,精元統一97購01  ,0,0,0,0,0,0,0,0,0,-45000,0,0,0,27000,72000,-45000,-45000
056048,同欣電兆豐97購01,0,0,0,0,0,0,0,0,0,-45000,0,0,0,0,45000,-45000,-45000
046629,群創統一98購01  ,0,0,0,0,0,0,0,0,0,-45000,0,0,0,18000,63000,-45000,-45000
00702,國泰標普低波高息,0,0,0,0,0,0,0,0,0,-45000,0,0,0,12000,57000,-45000,-45000
048848,滬深2X群益98購02,0,0,0,0,0,0,0,0,0,-45000,0,0,0,75000,120000,-45000,-45000
051065,台積電國票96購01,0,0,0,0,0,0,0,0,0,-45000,0,0,0,43000,88000,-45000,-45000
053830,台積電台新96購02,0,0,0,0,0,0,0,0,0,-45000,0,0,0,156000,201000,-45000,-45000
05966P,矽力凱基96售03  ,0,0,0,0,0,0,0,0,0,-46000,0,0,0,0,46000,-46000,-46000
049538,元油2X群益98購01,0,0,0,0,0,0,0,0,0,-46000,0,0,0,23000,69000,-46000,-46000
050530,台表科元大95購04,0,0,0,0,0,0,0,0,0,-46000,0,0,0,0,46000,-46000,-46000
054467,隆達凱基97購01  ,0,0,0,0,0,0,0,0,0,-46000,0,0,0,6000,52000,-46000,-46000
054268,健策第一96購01  ,0,0,0,0,0,0,0,0,0,-46000,0,0,0,85000,131000,-46000,-46000
053981,康控元大96購05  ,0,0,0,0,0,0,0,0,0,-46000,0,0,0,10000,56000,-46000,-46000
052882,南電凱基96購02  ,0,0,0,0,0,0,0,0,0,-46000,0,0,0,0,46000,-46000,-46000
3014,聯陽            ,52000,99000,-47000,0,0,0,2000,1169,831,0,0,0,0,0,0,0,-46169
05849P,臺股指元大96售25,0,0,0,0,0,0,0,0,0,-47000,0,0,0,14000,61000,-47000,-47000
054945,正崴元大97購01  ,0,0,0,0,0,0,0,0,0,-47000,0,0,0,0,47000,-47000,-47000
047379,元油2X元大96購03,0,0,0,0,0,0,0,0,0,-47000,0,0,0,5000,52000,-47000,-47000
049053,可成永豐94購01  ,0,0,0,0,0,0,0,0,0,-47000,0,0,0,8000,55000,-47000,-47000
05103P,臺股指凱基96售10,0,0,0,0,0,0,0,0,0,-47000,0,0,0,50000,97000,-47000,-47000
052716,欣興凱基96購01  ,0,0,0,0,0,0,0,0,0,-47000,0,0,0,0,47000,-47000,-47000
051718,上証2X永豐95購01,0,0,0,0,0,0,0,0,0,-47000,0,0,0,3000,50000,-47000,-47000
055258,玉晶光統一97購03,0,0,0,0,0,0,0,0,0,-48000,0,0,0,0,48000,-48000,-48000
055919,景碩凱基98購02  ,0,0,0,0,0,0,0,0,0,-48000,0,0,0,2000,50000,-48000,-48000
04313P,國巨元富95售03  ,0,0,0,0,0,0,0,0,0,-48000,0,0,0,52000,100000,-48000,-48000
046230,亞光元大92購03  ,0,0,0,0,0,0,0,0,0,-48000,0,0,0,2000,50000,-48000,-48000
050171,臺指反元大97購03,0,0,0,0,0,0,0,0,0,-48000,0,0,0,2000,50000,-48000,-48000
054510,S&P反1元大98購01,0,0,0,0,0,0,0,0,0,-48000,0,0,0,0,48000,-48000,-48000
053797,台積電中信98購01,0,0,0,0,0,0,0,0,0,-48000,0,0,0,61000,109000,-48000,-48000
1326,台化            ,1364261,1178419,185842,0,0,0,0,273000,-273000,39000,0,0,0,81000,42000,39000,-48158
055189,台虹統一97購01  ,0,0,0,0,0,0,0,0,0,-49000,0,0,0,0,49000,-49000,-49000
054960,新日興元大97購02,0,0,0,0,0,0,0,0,0,-49000,0,0,0,29000,78000,-49000,-49000
00680L,元大美債20正2   ,0,0,0,0,0,0,0,0,0,-49000,0,0,0,0,49000,-49000,-49000
03420B,臺股指元大95熊31,0,0,0,0,0,0,0,0,0,-49000,0,0,0,0,49000,-49000,-49000
048177,臺指反富邦99購01,0,0,0,0,0,0,0,0,0,-49000,0,0,0,1000,50000,-49000,-49000
048812,上証2X凱基96購01,0,0,0,0,0,0,0,0,0,-49000,0,0,0,196000,245000,-49000,-49000
054730,上証2X凱基98購02,0,0,0,0,0,0,0,0,0,-50000,0,0,0,0,50000,-50000,-50000
055274,華泰元大97購02  ,0,0,0,0,0,0,0,0,0,-50000,0,0,0,17000,67000,-50000,-50000
055961,國泰金元大97購01,0,0,0,0,0,0,0,0,0,-50000,0,0,0,0,50000,-50000,-50000
055939,GIS群益97購01   ,0,0,0,0,0,0,0,0,0,-50000,0,0,0,0,50000,-50000,-50000
056010,力成中信97購01  ,0,0,0,0,0,0,0,0,0,-50000,0,0,0,0,50000,-50000,-50000
05927P,正文永豐96售03  ,0,0,0,0,0,0,0,0,0,-50000,0,0,0,0,50000,-50000,-50000
05830P,滬深2X元富99售03,0,0,0,0,0,0,0,0,0,-50000,0,0,0,0,50000,-50000,-50000
055491,奇力新元大98購03,0,0,0,0,0,0,0,0,0,-50000,0,0,0,33000,83000,-50000,-50000
05564P,玉晶光元大97售02,0,0,0,0,0,0,0,0,0,-50000,0,0,0,45000,95000,-50000,-50000
05572P,群創統一96售02  ,0,0,0,0,0,0,0,0,0,-50000,0,0,0,50000,100000,-50000,-50000
06340P,鴻海統一98售06  ,0,0,0,0,0,0,0,0,0,-50000,0,0,0,10000,60000,-50000,-50000
2748,雲品            ,0,5000,-5000,0,0,0,0,45000,-45000,0,0,0,0,0,0,0,-50000
3622,洋華            ,13000,63000,-50000,0,0,0,0,0,0,0,0,0,0,0,0,0,-50000
6672,騰輝電子-KY     ,20000,70000,-50000,0,0,0,0,0,0,0,0,0,0,0,0,0,-50000
03846P,旺宏元大93售05  ,0,0,0,0,0,0,0,0,0,-50000,0,0,0,0,50000,-50000,-50000
043051,天鈺國泰93購01  ,0,0,0,0,0,0,0,0,0,-50000,0,0,0,10000,60000,-50000,-50000
044109,宏達電國票92購02,0,0,0,0,0,0,0,0,0,-50000,0,0,0,0,50000,-50000,-50000
047354,訊芯凱基94購01  ,0,0,0,0,0,0,0,0,0,-50000,0,0,0,0,50000,-50000,-50000
046569,同欣電元富92購02,0,0,0,0,0,0,0,0,0,-50000,0,0,0,0,50000,-50000,-50000
050113,欣興元大95購05  ,0,0,0,0,0,0,0,0,0,-50000,0,0,0,0,50000,-50000,-50000
04545P,國巨元大94售05  ,0,0,0,0,0,0,0,0,0,-50000,0,0,0,100000,150000,-50000,-50000
048917,和鑫台新94購01  ,0,0,0,0,0,0,0,0,0,-50000,0,0,0,0,50000,-50000,-50000
049822,大成鋼凱基94購04,0,0,0,0,0,0,0,0,0,-50000,0,0,0,0,50000,-50000,-50000
049736,宏達電群益95購03,0,0,0,0,0,0,0,0,0,-50000,0,0,0,0,50000,-50000,-50000
051131,玉山金台新95購01,0,0,0,0,0,0,0,0,0,-50000,0,0,0,0,50000,-50000,-50000
049832,麗豐凱基94購05  ,0,0,0,0,0,0,0,0,0,-50000,0,0,0,0,50000,-50000,-50000
051201,台積電麥證95購02,0,0,0,41000,50000,-9000,0,0,0,-50000,0,0,0,41000,91000,-50000,-50000
051390,京元電兆豐95購01,0,0,0,0,0,0,0,0,0,-50000,0,0,0,0,50000,-50000,-50000
048062,南亞科統一93購05,0,0,0,0,0,0,0,0,0,-50000,0,0,0,0,50000,-50000,-50000
050160,中石化國泰95購01,0,0,0,0,0,0,0,0,0,-50000,0,0,0,0,50000,-50000,-50000
050582,傳奇國票94購01  ,0,0,0,0,0,0,0,0,0,-50000,0,0,0,0,50000,-50000,-50000
053749,揚明光永豐97購01,0,0,0,0,0,0,0,0,0,-50000,0,0,0,0,50000,-50000,-50000
054422,T50反1富邦9A購01,0,0,0,0,0,0,0,0,0,-50000,0,0,0,0,50000,-50000,-50000
054581,訊芯元大97購02  ,0,0,0,0,0,0,0,0,0,-50000,0,0,0,0,50000,-50000,-50000
054084,旺宏統一97購05  ,0,0,0,0,0,0,0,0,0,-50000,0,0,0,0,50000,-50000,-50000
054288,華邦電元大96購05,0,0,0,0,0,0,0,0,0,-50000,0,0,0,0,50000,-50000,-50000
051515,聯發科凱基95購10,0,0,0,0,0,0,0,0,0,-50000,0,0,0,0,50000,-50000,-50000
051903,T50反1元大97購02,0,0,0,0,0,0,0,0,0,-50000,0,0,0,0,50000,-50000,-50000
052628,樺漢中信96購01  ,0,0,0,0,0,0,0,0,0,-50000,0,0,0,0,50000,-50000,-50000
052401,智原凱基95購01  ,0,0,0,0,0,0,0,0,0,-50000,0,0,0,0,50000,-50000,-50000
1338,廣華-KY         ,17000,68000,-51000,0,0,0,0,0,0,0,0,0,0,0,0,0,-51000
2443,億麗            ,7000,58000,-51000,0,0,0,0,0,0,0,0,0,0,0,0,0,-51000
05838P,臺股指富邦96售05,0,0,0,0,0,0,0,0,0,-51000,0,0,0,0,51000,-51000,-51000
05604P,聯發科元大96售10,0,0,0,0,0,0,0,0,0,-51000,0,0,0,350000,401000,-51000,-51000
055416,欣興富邦98購01  ,0,0,0,0,0,0,0,0,0,-51000,0,0,0,0,51000,-51000,-51000
054943,群光元大97購01  ,0,0,0,0,0,0,0,0,0,-51000,0,0,0,0,51000,-51000,-51000
045571,元油2X元大95購04,0,0,0,0,0,0,0,0,0,-51000,0,0,0,0,51000,-51000,-51000
049976,台積電凱基94購28,0,0,0,0,0,0,0,0,0,-51000,0,0,0,118000,169000,-51000,-51000
04383P,泰鼎國泰95售01  ,0,0,0,0,0,0,0,0,0,-51000,0,0,0,0,51000,-51000,-51000
048963,川湖元大94購01  ,0,0,0,0,0,0,0,0,0,-51000,0,0,0,1000,52000,-51000,-51000
04938P,亞德客國票95售01,0,0,0,0,0,0,0,0,0,-51000,0,0,0,8000,59000,-51000,-51000
052909,上銀統一96購01  ,0,0,0,0,0,0,0,0,0,-51000,0,0,0,0,51000,-51000,-51000
053118,大立光中信9C購01,0,0,0,0,0,0,0,0,0,-51000,0,0,0,0,51000,-51000,-51000
053665,臺股指凱基96購26,0,0,0,0,0,0,0,0,0,-51000,0,0,0,10000,61000,-51000,-51000
04909P,鴻海統一94售10  ,0,0,0,0,0,0,0,0,0,-52000,0,0,0,0,52000,-52000,-52000
054289,聯發科元大97購11,0,0,0,0,0,0,0,0,0,-52000,0,0,0,120000,172000,-52000,-52000
051580,宏碁元大95購02  ,0,0,0,0,0,0,0,0,0,-52000,0,0,0,98000,150000,-52000,-52000
055406,大毅國泰99購01  ,0,0,0,0,0,0,0,0,0,-53000,0,0,0,23000,76000,-53000,-53000
9924,福興            ,3000,13000,-10000,0,0,0,0,43000,-43000,0,0,0,0,0,0,0,-53000
4141,龍燈-KY         ,3000,56000,-53000,0,0,0,0,0,0,0,0,0,0,0,0,0,-53000
049667,大立光國泰96購01,0,0,0,0,0,0,0,0,0,-53000,0,0,0,10000,63000,-53000,-53000
054064,台郡國票97購04  ,0,0,0,0,0,0,0,0,0,-53000,0,0,0,0,53000,-53000,-53000
054924,景碩凱基98購01  ,0,0,0,0,0,0,0,0,0,-54000,0,0,0,46000,100000,-54000,-54000
049234,可成統一94購02  ,0,0,0,0,0,0,0,0,0,-54000,0,0,0,10000,64000,-54000,-54000
054359,南亞科日盛96購02,0,0,0,0,0,0,0,0,0,-54000,0,0,0,450000,504000,-54000,-54000
053876,可成永昌98購01  ,0,0,0,0,0,0,0,0,0,-54000,0,0,0,2000,56000,-54000,-54000
053418,旺宏永豐96購02  ,0,0,0,0,0,0,0,0,0,-54000,0,0,0,125000,179000,-54000,-54000
05332P,臺股指國票95售01,0,0,0,0,0,0,0,0,0,-54000,0,0,0,89000,143000,-54000,-54000
051752,緯穎富邦96購01  ,0,0,0,0,0,0,0,0,0,-54000,0,0,0,51000,105000,-54000,-54000
3454,晶睿            ,8000,54000,-46000,0,0,0,0,9000,-9000,0,0,0,0,0,0,0,-55000
049279,元油2X國票94購02,0,0,0,0,0,0,0,0,0,-55000,0,0,0,0,55000,-55000,-55000
049668,大立光國泰96購02,0,0,0,0,0,0,0,0,0,-55000,0,0,0,10000,65000,-55000,-55000
050604,上証2X永昌94購01,0,0,0,0,0,0,0,0,0,-55000,0,0,0,0,55000,-55000,-55000
050959,元金2X永豐95購02,0,0,0,0,0,0,0,0,0,-55000,0,0,0,28000,83000,-55000,-55000
051764,欣興元大95購07  ,0,0,0,0,0,0,0,0,0,-55000,0,0,0,15000,70000,-55000,-55000
052982,鴻海元大97購06  ,0,0,0,0,0,0,0,0,0,-55000,0,0,0,0,55000,-55000,-55000
052679,致伸富邦98購01  ,0,0,0,0,0,0,0,0,0,-55000,0,0,0,0,55000,-55000,-55000
053341,聯發科國票97購03,0,0,0,0,0,0,0,0,0,-55000,0,0,0,20000,75000,-55000,-55000
054846,瑞昱兆豐97購01  ,0,0,0,0,0,0,0,0,0,-56000,0,0,0,4000,60000,-56000,-56000
05575P,玉晶光元富96售01,0,0,0,0,0,0,0,0,0,-56000,0,0,0,2000,58000,-56000,-56000
045984,亞光麥證93購02  ,0,0,0,4000,60000,-56000,0,0,0,-56000,0,0,0,4000,60000,-56000,-56000
051584,可成元大95購08  ,0,0,0,0,0,0,0,0,0,-56000,0,0,0,164000,220000,-56000,-56000
1522,堤維西          ,11000,76000,-65000,0,0,0,8000,0,8000,0,0,0,0,0,0,0,-57000
053403,彩晶群益98購01  ,0,0,0,0,0,0,0,0,0,-57000,0,0,0,7000,64000,-57000,-57000
1598,岱宇            ,21000,74000,-53000,0,0,0,0,0,0,-5000,0,5000,-5000,0,0,0,-58000
1802,台玻            ,30000,88000,-58000,0,0,0,0,0,0,0,0,0,0,0,0,0,-58000
8466,美吉吉-KY       ,0,58000,-58000,0,0,0,0,0,0,0,0,0,0,0,0,0,-58000
055783,群創凱基99購03  ,0,0,0,0,0,0,0,0,0,-58000,0,0,0,2000,60000,-58000,-58000
054841,亞德客兆豐97購01,0,0,0,0,0,0,0,0,0,-58000,0,0,0,1000,59000,-58000,-58000
055022,精元國泰99購01  ,0,0,0,0,0,0,0,0,0,-58000,0,0,0,50000,108000,-58000,-58000
044530,台積電富邦94購01,0,0,0,0,0,0,0,0,0,-58000,0,0,0,0,58000,-58000,-58000
053726,TPK凱基96購02   ,0,0,0,0,0,0,0,0,0,-58000,0,0,0,41000,99000,-58000,-58000
052091,緯創元大95購04  ,0,0,0,0,0,0,0,0,0,-58000,0,0,0,222000,280000,-58000,-58000
054946,億光元大97購01  ,0,0,0,0,0,0,0,0,0,-59000,0,0,0,35000,94000,-59000,-59000
6155,鈞寶            ,15000,74000,-59000,0,0,0,0,0,0,0,0,0,0,0,0,0,-59000
050780,台表科元大96購01,0,0,0,0,0,0,0,0,0,-59000,0,0,0,0,59000,-59000,-59000
048277,建準永豐93購02  ,0,0,0,0,0,0,0,0,0,-59000,0,0,0,11000,70000,-59000,-59000
052445,南亞科元大95購05,0,0,0,0,0,0,0,0,0,-59000,0,0,0,116000,175000,-59000,-59000
053950,緯穎富邦97購02  ,0,0,0,0,0,0,0,0,0,-59000,0,0,0,0,59000,-59000,-59000
1215,卜蜂            ,40000,67000,-27000,0,0,0,0,3000,-3000,-30000,5000,0,5000,0,35000,-35000,-60000
054938,國巨元大97購04  ,0,0,0,0,0,0,0,0,0,-60000,0,0,0,59000,119000,-60000,-60000
054989,精元元富97購01  ,0,0,0,0,0,0,0,0,0,-60000,0,0,0,11000,71000,-60000,-60000
055289,泰碩元大98購01  ,0,0,0,0,0,0,0,0,0,-60000,0,0,0,0,60000,-60000,-60000
055552,瑞昱凱基97購02  ,0,0,0,0,0,0,0,0,0,-60000,0,0,0,38000,98000,-60000,-60000
055514,亞光麥證97購01  ,0,0,0,0,60000,-60000,0,0,0,-60000,0,0,0,0,60000,-60000,-60000
05670P,台積電國票98售01,0,0,0,0,0,0,0,0,0,-60000,0,0,0,0,60000,-60000,-60000
042793,台積電台新9C購01,0,0,0,0,0,0,0,0,0,-60000,0,0,0,0,60000,-60000,-60000
047249,欣興群益93購03  ,0,0,0,0,0,0,0,0,0,-60000,0,0,0,50000,110000,-60000,-60000
047262,欣興國票93購04  ,0,0,0,0,0,0,0,0,0,-60000,0,0,0,0,60000,-60000,-60000
04672P,台積電統一94售09,0,0,0,0,0,0,0,0,0,-60000,0,0,0,0,60000,-60000,-60000
046295,超眾統一92購01  ,0,0,0,0,0,0,0,0,0,-60000,0,0,0,0,60000,-60000,-60000
04639P,臺股指群益94售14,0,0,0,0,0,0,0,0,0,-60000,0,0,0,50000,110000,-60000,-60000
047881,和鑫國泰95購01  ,0,0,0,0,0,0,0,0,0,-60000,0,0,0,0,60000,-60000,-60000
048045,上銀永豐93購02  ,0,0,0,0,0,0,0,0,0,-60000,0,0,0,118000,178000,-60000,-60000
048949,昇陽半永豐94購01,0,0,0,0,0,0,0,0,0,-60000,0,0,0,0,60000,-60000,-60000
048890,傳奇元富97購01  ,0,0,0,0,0,0,0,0,0,-60000,0,0,0,0,60000,-60000,-60000
053917,友達國票97購03  ,0,0,0,0,0,0,0,0,0,-60000,0,0,0,269000,329000,-60000,-60000
053587,京元電元大98購01,0,0,0,0,0,0,0,0,0,-60000,0,0,0,3000,63000,-60000,-60000
053369,T50反1元大96購06,0,0,0,0,0,0,0,0,0,-60000,0,0,0,0,60000,-60000,-60000
052563,京元電日盛96購01,0,0,0,0,0,0,0,0,0,-60000,0,0,0,0,60000,-60000,-60000
051728,道瓊反國票97購01,0,0,0,0,0,0,0,0,0,-60000,0,0,0,0,60000,-60000,-60000
051814,鈺齊凱基95購01  ,0,0,0,0,0,0,0,0,0,-60000,0,0,0,0,60000,-60000,-60000
056099,上銀永豐97購02  ,0,0,0,0,0,0,0,0,0,-61000,0,0,0,0,61000,-61000,-61000
2314,台揚            ,21000,55000,-34000,0,0,0,0,0,0,-27000,0,0,0,0,27000,-27000,-61000
3413,京鼎            ,57000,16000,41000,0,0,0,33000,0,33000,-135000,22000,11000,11000,0,146000,-146000,-61000
2888A,新光金甲特      ,0,17,-17,0,0,0,0,0,0,-61000,0,61000,-61000,0,0,0,-61017
2642,宅配通          ,0,12000,-12000,0,0,0,0,50000,-50000,0,0,0,0,0,0,0,-62000
054741,亞光凱基99購01  ,0,0,0,0,0,0,0,0,0,-62000,0,0,0,8000,70000,-62000,-62000
046700,台郡凱基93購02  ,0,0,0,0,0,0,0,0,0,-62000,0,0,0,0,62000,-62000,-62000
03635C,滬深2X元富99牛01,0,0,0,0,0,0,0,0,0,-62000,0,0,0,110000,172000,-62000,-62000
048232,GIS凱基93購07   ,0,0,0,0,0,0,0,0,0,-62000,0,0,0,8000,70000,-62000,-62000
055280,智邦元大97購01  ,0,0,0,0,0,0,0,0,0,-63000,0,0,0,13000,76000,-63000,-63000
055980,祥碩統一98購01  ,0,0,0,0,0,0,0,0,0,-63000,0,0,0,0,63000,-63000,-63000
055853,群創元大98購03  ,0,0,0,0,0,0,0,0,0,-63000,0,0,0,0,63000,-63000,-63000
6533,晶心科          ,35000,83000,-48000,0,0,0,1000,0,1000,-16000,4000,20000,-16000,0,0,0,-63000
046146,南亞科第一92購01,0,0,0,0,0,0,0,0,0,-63000,0,0,0,0,63000,-63000,-63000
049286,美律兆豐94購01  ,0,0,0,0,0,0,0,0,0,-63000,0,0,0,20000,83000,-63000,-63000
046645,技嘉國泰94購01  ,0,0,0,0,0,0,0,0,0,-64000,0,0,0,45000,109000,-64000,-64000
043050,欣興國泰93購01  ,0,0,0,0,0,0,0,0,0,-64000,0,0,0,34000,98000,-64000,-64000
047848,可成統一93購01  ,0,0,0,0,0,0,0,0,0,-64000,0,0,0,0,64000,-64000,-64000
2481,強茂            ,156000,128000,28000,0,0,0,0,0,0,-93000,0,0,0,2000,95000,-93000,-65000
055985,聯鈞元富97購01  ,0,0,0,0,0,0,0,0,0,-65000,0,0,0,150000,215000,-65000,-65000
046296,上銀元富92購01  ,0,0,0,0,0,0,0,0,0,-65000,0,0,0,10000,75000,-65000,-65000
048924,光罩永豐94購01  ,0,0,0,0,0,0,0,0,0,-65000,0,0,0,125000,190000,-65000,-65000
048550,中鴻元大96購01  ,0,0,0,0,0,0,0,0,0,-65000,0,0,0,0,65000,-65000,-65000
049875,台積電永豐94購04,0,0,0,0,0,0,0,0,0,-65000,0,0,0,313000,378000,-65000,-65000
050963,強茂永豐95購01  ,0,0,0,0,0,0,0,0,0,-65000,0,0,0,0,65000,-65000,-65000
2441,超豐            ,21000,89000,-68000,0,0,0,0,376,-376,3000,3000,0,3000,0,0,0,-65376
2108,南帝            ,13000,30950,-17950,0,0,0,0,48000,-48000,0,0,0,0,0,0,0,-65950
047788,欣興群益93購05  ,0,0,0,0,0,0,0,0,0,-66000,0,0,0,993000,1059000,-66000,-66000
05149P,緯穎國泰96售01  ,0,0,0,0,0,0,0,0,0,-66000,0,0,0,10000,76000,-66000,-66000
053641,正文永豐96購01  ,0,0,0,0,0,0,0,0,0,-66000,0,0,0,0,66000,-66000,-66000
054465,亞光凱基97購01  ,0,0,0,0,0,0,0,0,0,-66000,0,0,0,49000,115000,-66000,-66000
055886,上銀統一97購02  ,0,0,0,0,0,0,0,0,0,-67000,0,0,0,0,67000,-67000,-67000
055506,台郡元大99購02  ,0,0,0,0,0,0,0,0,0,-67000,0,0,0,67000,134000,-67000,-67000
055106,台積電凱基98購05,0,0,0,0,0,0,0,0,0,-67000,0,0,0,5000,72000,-67000,-67000
053062,緯穎富邦97購01  ,0,0,0,0,0,0,0,0,0,-67000,0,0,0,18000,85000,-67000,-67000
054962,玉晶光元大99購02,0,0,0,0,0,0,0,0,0,-68000,0,0,0,93000,161000,-68000,-68000
2233,宇隆            ,37000,21000,16000,0,0,0,0,81000,-81000,-3000,0,0,0,0,3000,-3000,-68000
051426,道瓊反統一95購02,0,0,0,0,0,0,0,0,0,-68000,0,0,0,5000,73000,-68000,-68000
051344,鴻海元大95購08  ,0,0,0,0,0,0,0,0,0,-68000,0,0,0,171000,239000,-68000,-68000
052772,台虹群益96購01  ,0,0,0,0,0,0,0,0,0,-68000,0,0,0,9000,77000,-68000,-68000
054944,精元元大97購01  ,0,0,0,0,0,0,0,0,0,-69000,0,0,0,54000,123000,-69000,-69000
048125,和鑫元大96購01  ,0,0,0,0,0,0,0,0,0,-69000,0,0,0,130000,199000,-69000,-69000
054993,南亞科元富97購03,0,0,0,0,0,0,0,0,0,-70000,0,0,0,0,70000,-70000,-70000
055288,日電貿元大97購02,0,0,0,0,0,0,0,0,0,-70000,0,0,0,0,70000,-70000,-70000
045414,康控群益94購02  ,0,0,0,0,0,0,0,0,0,-70000,0,0,0,30000,100000,-70000,-70000
045044,台積電凱基92購01,0,0,0,0,0,0,0,0,0,-70000,0,0,0,0,70000,-70000,-70000
043775,友達兆豐92購01  ,0,0,0,0,0,0,0,0,0,-70000,0,0,0,0,70000,-70000,-70000
04010P,上銀元大93售07  ,0,0,0,0,0,0,0,0,0,-70000,0,0,0,0,70000,-70000,-70000
048009,中壽富邦94購01  ,0,0,0,0,0,0,0,0,0,-70000,0,0,0,0,70000,-70000,-70000
047632,儒鴻元大93購08  ,0,0,0,0,0,0,0,0,0,-70000,0,0,0,0,70000,-70000,-70000
054484,仁寶台新96購01  ,0,0,0,0,0,0,0,0,0,-70000,0,0,0,10000,80000,-70000,-70000
05343P,臺股指統一95售03,0,0,0,0,0,0,0,0,0,-70000,0,0,0,0,70000,-70000,-70000
053268,日月光群益96購01,0,0,0,0,0,0,0,0,0,-70000,0,0,0,5000,75000,-70000,-70000
042942,永冠國票94購01  ,0,0,0,0,0,0,0,0,0,-71000,0,0,0,0,71000,-71000,-71000
048428,滬深2X國票93購05,0,0,0,0,0,0,0,0,0,-71000,0,0,0,0,71000,-71000,-71000
051358,台新金元大95購01,0,0,0,0,0,0,0,0,0,-71000,0,0,0,0,71000,-71000,-71000
051297,台積電凱基95購07,0,0,0,0,0,0,0,0,0,-71000,0,0,0,118000,189000,-71000,-71000
05318P,臺股指永昌95售03,0,0,0,0,0,0,0,0,0,-71000,0,0,0,0,71000,-71000,-71000
054610,聯發科永豐97購01,0,0,0,0,0,0,0,0,0,-71000,0,0,0,0,71000,-71000,-71000
3338,泰碩            ,22000,73000,-51000,0,0,0,0,0,0,-21000,0,0,0,2000,23000,-21000,-72000
049346,新光金統一95購01,0,0,0,0,0,0,0,0,0,-72000,0,0,0,28000,100000,-72000,-72000
054371,台積電中信9C購01,0,0,0,0,0,0,0,0,0,-72000,0,0,0,19000,91000,-72000,-72000
052321,華擎元大95購01  ,0,0,0,0,0,0,0,0,0,-72000,0,0,0,20000,92000,-72000,-72000
3056,總太            ,23000,154000,-131000,0,0,0,59000,196,58804,0,0,0,0,0,0,0,-72196
054493,同欣電台新96購01,0,0,0,0,0,0,0,0,0,-73000,0,0,0,0,73000,-73000,-73000
2328,廣宇            ,29000,127000,-98000,0,0,0,29000,0,29000,-5000,0,0,0,0,5000,-5000,-74000
05538P,玉晶光國票97售02,0,0,0,0,0,0,0,0,0,-74000,0,0,0,1000,75000,-74000,-74000
054572,國巨元大98購03  ,0,0,0,0,0,0,0,0,0,-74000,0,0,0,15000,89000,-74000,-74000
055784,TPK凱基97購02   ,0,0,0,0,0,0,0,0,0,-75000,0,0,0,24000,99000,-75000,-75000
05823P,臺股指凱基96售20,0,0,0,0,0,0,0,0,0,-75000,0,0,0,0,75000,-75000,-75000
051663,鴻海元大95購18  ,0,0,0,0,0,0,0,0,0,-75000,0,0,0,16000,91000,-75000,-75000
052077,可成元富98購02  ,0,0,0,0,0,0,0,0,0,-75000,0,0,0,25000,100000,-75000,-75000
055797,華通富邦98購01  ,0,0,0,0,0,0,0,0,0,-76000,0,0,0,0,76000,-76000,-76000
044104,鴻海中信95購03  ,0,0,0,0,0,0,0,0,0,-76000,0,0,0,24000,100000,-76000,-76000
055369,友訊元大97購01  ,0,0,0,0,0,0,0,0,0,-78000,0,0,0,39000,117000,-78000,-78000
055056,億光永豐97購01  ,0,0,0,0,0,0,0,0,0,-78000,0,0,0,29000,107000,-78000,-78000
2485,兆赫            ,14000,53000,-39000,0,0,0,2000,0,2000,-41000,0,0,0,2000,43000,-41000,-78000
2206,三陽工業        ,111000,3000,108000,0,0,0,0,187000,-187000,0,0,0,0,0,0,0,-79000
1459,聯發            ,21000,101000,-80000,0,0,0,0,0,0,0,0,0,0,0,0,0,-80000
5243,乙盛-KY         ,96000,213000,-117000,0,0,0,0,0,0,37000,37000,0,37000,0,0,0,-80000
054835,致新中信97購01  ,0,0,0,0,0,0,0,0,0,-80000,0,0,0,9000,89000,-80000,-80000
055399,超眾統一99購01  ,0,0,0,0,0,0,0,0,0,-80000,0,0,0,0,80000,-80000,-80000
055651,富邦金元富97購01,0,0,0,0,0,0,0,0,0,-80000,0,0,0,40000,120000,-80000,-80000
055976,台積電統一99購03,0,0,0,0,0,0,0,0,0,-80000,0,0,0,10000,90000,-80000,-80000
044534,南亞科麥證92購01,0,0,0,0,80000,-80000,0,0,0,-80000,0,0,0,0,80000,-80000,-80000
04855P,上証2X元富94售02,0,0,0,0,0,0,0,0,0,-80000,0,0,0,0,80000,-80000,-80000
048762,寶齡凱基94購01  ,0,0,0,0,0,0,0,0,0,-80000,0,0,0,0,80000,-80000,-80000
051379,新光金群益95購01,0,0,0,0,0,0,0,0,0,-80000,0,0,0,0,80000,-80000,-80000
051062,超眾群益95購02  ,0,0,0,0,0,0,0,0,0,-80000,0,0,0,0,80000,-80000,-80000
049068,元油2X凱基95購03,0,0,0,0,0,0,0,0,0,-80000,0,0,0,20000,100000,-80000,-80000
048246,京元電兆豐93購02,0,0,0,0,0,0,0,0,0,-80000,0,0,0,0,80000,-80000,-80000
051675,瑞儀元大96購02  ,0,0,0,0,0,0,0,0,0,-80000,0,0,0,0,80000,-80000,-80000
051597,T50反1中信99購02,0,0,0,0,0,0,0,0,0,-80000,0,0,0,0,80000,-80000,-80000
051830,健策元大97購01  ,0,0,0,0,0,0,0,0,0,-80000,0,0,0,52000,132000,-80000,-80000
053022,欣興國泰98購01  ,0,0,0,0,0,0,0,0,0,-80000,0,0,0,35000,115000,-80000,-80000
054685,國巨永豐97購02  ,0,0,0,0,0,0,0,0,0,-80000,0,0,0,66000,146000,-80000,-80000
055979,聯鈞統一97購03  ,0,0,0,0,0,0,0,0,0,-81000,0,0,0,0,81000,-81000,-81000
055168,光罩統一98購01  ,0,0,0,0,0,0,0,0,0,-81000,0,0,0,18000,99000,-81000,-81000
1712,興農            ,11000,114000,-103000,0,0,0,27000,0,27000,-5000,0,5000,-5000,0,0,0,-81000
06022P,緯穎永豐96售03  ,0,0,0,0,0,0,0,0,0,-81000,0,0,0,19000,100000,-81000,-81000
04447P,上銀凱基94售02  ,0,0,0,0,0,0,0,0,0,-81000,0,0,0,0,81000,-81000,-81000
047946,南亞科統一93購04,0,0,0,0,0,0,0,0,0,-81000,0,0,0,0,81000,-81000,-81000
053744,台郡國票97購03  ,0,0,0,0,0,0,0,0,0,-81000,0,0,0,130000,211000,-81000,-81000
047141,宏達電兆豐94購01,0,0,0,0,0,0,0,0,0,-82000,0,0,0,38000,120000,-82000,-82000
055411,國巨富邦9A購02  ,0,0,0,0,0,0,0,0,0,-83000,0,0,0,55000,138000,-83000,-83000
2548,華固            ,49000,98000,-49000,0,0,0,0,7000,-7000,-28000,0,0,0,0,28000,-28000,-84000
4960,誠美材          ,0,85000,-85000,0,0,0,0,0,0,0,0,0,0,0,0,0,-85000
043652,微星國泰93購01  ,0,0,0,0,0,0,0,0,0,-85000,0,0,0,50000,135000,-85000,-85000
04512P,臺股指元大94售07,0,0,0,0,0,0,0,0,0,-85000,0,0,0,265000,350000,-85000,-85000
046436,新光金群益92購02,0,0,0,0,0,0,0,0,0,-85000,0,0,0,0,85000,-85000,-85000
054432,台積電台新96購05,0,0,0,0,0,0,0,0,0,-85000,0,0,0,15000,100000,-85000,-85000
054387,台積電統一98購02,0,0,0,0,0,0,0,0,0,-85000,0,0,0,140000,225000,-85000,-85000
3321,同泰            ,5000,19000,-14000,0,0,0,0,0,0,-72000,0,72000,-72000,0,0,0,-86000
055304,瑞昱第一98購01  ,0,0,0,0,0,0,0,0,0,-86000,0,0,0,25000,111000,-86000,-86000
050223,聯茂元富94購02  ,0,0,0,0,0,0,0,0,0,-86000,0,0,0,26000,112000,-86000,-86000
048850,聯電群益96購01  ,0,0,0,0,0,0,0,0,0,-86000,0,0,0,14000,100000,-86000,-86000
054070,創意國泰96購02  ,0,0,0,0,0,0,0,0,0,-86000,0,0,0,37000,123000,-86000,-86000
053647,臺股指國票96購10,0,0,0,0,0,0,0,0,0,-86000,0,0,0,0,86000,-86000,-86000
052211,台積電元大95購22,0,0,0,0,0,0,0,0,0,-86000,0,0,0,5000,91000,-86000,-86000
3605,宏致            ,66000,125000,-59000,0,0,0,0,27121,-27121,0,0,0,0,0,0,0,-86121
9917,中保科          ,80000,166000,-86000,0,0,0,0,1000,-1000,0,0,0,0,0,0,0,-87000
046899,鴻海凱基93購21  ,0,0,0,0,0,0,0,0,0,-87000,0,0,0,13000,100000,-87000,-87000
051826,智邦元大95購03  ,0,0,0,0,0,0,0,0,0,-87000,0,0,0,65000,152000,-87000,-87000
054577,世芯元大98購01  ,0,0,0,0,0,0,0,0,0,-87000,0,0,0,85000,172000,-87000,-87000
1514,亞力            ,492000,580000,-88000,0,0,0,0,0,0,0,0,0,0,0,0,0,-88000
048495,南亞科元大93購04,0,0,0,0,0,0,0,0,0,-88000,0,0,0,213000,301000,-88000,-88000
053615,光罩群益96購01  ,0,0,0,0,0,0,0,0,0,-88000,0,0,0,60000,148000,-88000,-88000
6165,捷泰            ,67000,157000,-90000,0,0,0,0,0,0,0,0,0,0,0,0,0,-90000
055956,瑞昱元大97購05  ,0,0,0,0,0,0,0,0,0,-90000,0,0,0,35000,125000,-90000,-90000
055922,台郡凱基98購03  ,0,0,0,0,0,0,0,0,0,-90000,0,0,0,10000,100000,-90000,-90000
046150,欣興國票92購02  ,0,0,0,0,0,0,0,0,0,-90000,0,0,0,10000,100000,-90000,-90000
046344,超眾國票94購01  ,0,0,0,0,0,0,0,0,0,-90000,0,0,0,10000,100000,-90000,-90000
045782,欣興元大93購04  ,0,0,0,0,0,0,0,0,0,-90000,0,0,0,15000,105000,-90000,-90000
04329P,TPK群益93售04   ,0,0,0,0,0,0,0,0,0,-90000,0,0,0,40000,130000,-90000,-90000
049759,元黃金富邦9A購01,0,0,0,0,0,0,0,0,0,-90000,0,0,0,44000,134000,-90000,-90000
050053,訊芯群益94購03  ,0,0,0,0,0,0,0,0,0,-91000,0,0,0,10000,101000,-91000,-91000
048875,晶相光國票94購01,0,0,0,0,0,0,0,0,0,-92000,0,0,0,8000,100000,-92000,-92000
049649,信邦凱基94購01  ,0,0,0,0,0,0,0,0,0,-92000,0,0,0,19000,111000,-92000,-92000
053537,玉晶光永豐98購02,0,0,0,0,0,0,0,0,0,-93000,0,0,0,18000,111000,-93000,-93000
052212,可成元大95購11  ,0,0,0,0,0,0,0,0,0,-93000,0,0,0,35000,128000,-93000,-93000
050317,和鑫國票95購02  ,0,0,0,0,0,0,0,0,0,-94000,0,0,0,76000,170000,-94000,-94000
046158,聯發科群益92購02,0,0,0,0,0,0,0,0,0,-94000,0,0,0,23000,117000,-94000,-94000
052092,貿聯元大96購02  ,0,0,0,0,0,0,0,0,0,-94000,0,0,0,122000,216000,-94000,-94000
054576,健策元大98購03  ,0,0,0,0,0,0,0,0,0,-94000,0,0,0,55000,149000,-94000,-94000
3044,健鼎            ,426000,410090,15910,0,0,0,2000,5000,-3000,-107000,0,28000,-28000,0,79000,-79000,-94090
06260P,臺股指群益97售13,0,0,0,0,0,0,0,0,0,-95000,0,0,0,0,95000,-95000,-95000
020008,元大特股高息N   ,0,0,0,0,0,0,0,0,0,-95000,0,0,0,18000,113000,-95000,-95000
054232,台積電群益96購12,0,0,0,0,0,0,0,0,0,-95000,0,0,0,5000,100000,-95000,-95000
053179,大立光統一96購04,0,0,0,0,0,0,0,0,0,-95000,0,0,0,5000,100000,-95000,-95000
053398,和鑫中信99購01  ,0,0,0,0,0,0,0,0,0,-95000,0,0,0,0,95000,-95000,-95000
2884,玉山金          ,8190275,8595184,-404909,0,0,0,11000,312000,-301000,610000,370000,0,370000,293000,53000,240000,-95909
2702,華園            ,31000,127000,-96000,0,0,0,0,0,0,0,0,0,0,0,0,0,-96000
050396,欣興元富94購02  ,0,0,0,0,0,0,0,0,0,-96000,0,0,0,4000,100000,-96000,-96000
050397,力成元富94購01  ,0,0,0,0,0,0,0,0,0,-97000,0,0,0,44000,141000,-97000,-97000
047505,元金2X國票9B購01,0,0,0,0,0,0,0,0,0,-97000,0,0,0,1000,98000,-97000,-97000
6668,中揚光          ,41000,125000,-84000,0,0,0,0,45,-45,-13000,0,13000,-13000,0,0,0,-97045
8404,百和興業-KY     ,34000,131000,-97000,0,0,0,0,0,0,-1000,0,1000,-1000,0,0,0,-98000
05699P,茂林凱基96售05  ,0,0,0,0,0,0,0,0,0,-98000,0,0,0,102000,200000,-98000,-98000
055544,鴻海凱基97購05  ,0,0,0,0,0,0,0,0,0,-98000,0,0,0,2000,100000,-98000,-98000
055456,上銀富邦99購01  ,0,0,0,0,0,0,0,0,0,-98000,0,0,0,21000,119000,-98000,-98000
053696,日月光元大96購05,0,0,0,0,0,0,0,0,0,-98000,0,0,0,2000,100000,-98000,-98000
053882,聯發科中信98購02,0,0,0,0,0,0,0,0,0,-98000,0,0,0,50000,148000,-98000,-98000
052144,鴻海群益95購10  ,0,0,0,0,0,0,0,0,0,-98000,0,0,0,2000,100000,-98000,-98000
4426,利勤            ,53000,141000,-88000,0,0,0,0,10848,-10848,0,0,0,0,0,0,0,-98848
055077,臺股指永豐97購02,0,0,0,0,0,0,0,0,0,-99000,0,0,0,21000,120000,-99000,-99000
050996,隆達元大95購01  ,0,0,0,0,0,0,0,0,0,-99000,0,0,0,13000,112000,-99000,-99000
054912,群光凱基97購01  ,0,0,0,0,0,0,0,0,0,-100000,0,0,0,0,100000,-100000,-100000
055840,南亞科元大97購03,0,0,0,0,0,0,0,0,0,-100000,0,0,0,0,100000,-100000,-100000
056033,T50正2凱基99購02,0,0,0,0,0,0,0,0,0,-100000,0,0,0,0,100000,-100000,-100000
2617,台航            ,27000,23000,4000,0,0,0,0,104000,-104000,0,0,0,0,0,0,0,-100000
00662,富邦NASDAQ      ,0,0,0,0,0,0,0,0,0,-100000,0,0,0,30000,130000,-100000,-100000
03388P,元油2X元富98售02,0,0,0,0,0,0,0,0,0,-100000,0,0,0,0,100000,-100000,-100000
03539P,牧德元富08售01  ,0,0,0,0,0,0,0,0,0,-100000,0,0,0,0,100000,-100000,-100000
043961,道瓊反國泰94購01,0,0,0,0,0,0,0,0,0,-100000,0,0,0,0,100000,-100000,-100000
043992,康控元大93購02  ,0,0,0,0,0,0,0,0,0,-100000,0,0,0,0,100000,-100000,-100000
04726P,TPK凱基94售04   ,0,0,0,0,0,0,0,0,0,-100000,0,0,0,0,100000,-100000,-100000
04549P,茂林元大94售02  ,0,0,0,0,0,0,0,0,0,-100000,0,0,0,0,100000,-100000,-100000
045088,康控元大94購02  ,0,0,0,0,0,0,0,0,0,-100000,0,0,0,0,100000,-100000,-100000
046811,和大凱基93購01  ,0,0,0,0,0,0,0,0,0,-100000,0,0,0,0,100000,-100000,-100000
050301,矽創凱基94購03  ,0,0,0,0,0,0,0,0,0,-100000,0,0,0,61000,161000,-100000,-100000
050990,T50反1元大95購01,0,0,0,0,0,0,0,0,0,-100000,0,0,0,0,100000,-100000,-100000
050468,矽格中信94購01  ,0,0,0,0,0,0,0,0,0,-100000,0,0,0,0,100000,-100000,-100000
050916,聯茂中信95購01  ,0,0,0,0,0,0,0,0,0,-100000,0,0,0,0,100000,-100000,-100000
04757P,元油2X凱基94售04,0,0,0,0,0,0,0,0,0,-100000,0,0,0,0,100000,-100000,-100000
047959,南電永豐93購03  ,0,0,0,0,0,0,0,0,0,-100000,0,0,0,0,100000,-100000,-100000
047949,燿華台新93購01  ,0,0,0,0,0,0,0,0,0,-100000,0,0,0,0,100000,-100000,-100000
050657,宏達電麥證94購01,0,0,0,0,100000,-100000,0,0,0,-100000,0,0,0,0,100000,-100000,-100000
050555,道瓊銀統一94購01,0,0,0,0,0,0,0,0,0,-100000,0,0,0,0,100000,-100000,-100000
048865,世紀鋼群益94購01,0,0,0,0,0,0,0,0,0,-100000,0,0,0,0,100000,-100000,-100000
048793,超眾元大95購02  ,0,0,0,0,0,0,0,0,0,-100000,0,0,0,0,100000,-100000,-100000
049328,元上證統一94購01,0,0,0,0,0,0,0,0,0,-100000,0,0,0,0,100000,-100000,-100000
047693,T50反1國票95購01,0,0,0,0,0,0,0,0,0,-100000,0,0,0,0,100000,-100000,-100000
051171,T50反1第一95購01,0,0,0,0,0,0,0,0,0,-100000,0,0,0,0,100000,-100000,-100000
052101,滬深2X兆豐96購01,0,0,0,0,0,0,0,0,0,-100000,0,0,0,0,100000,-100000,-100000
051654,致新永豐95購01  ,0,0,0,0,0,0,0,0,0,-100000,0,0,0,0,100000,-100000,-100000
052980,上銀元大96購03  ,0,0,0,0,0,0,0,0,0,-100000,0,0,0,16000,116000,-100000,-100000
05296P,牧德凱基96售01  ,0,0,0,0,0,0,0,0,0,-100000,0,0,0,0,100000,-100000,-100000
053920,新光金國票98購01,0,0,0,0,0,0,0,0,0,-100000,0,0,0,0,100000,-100000,-100000
2359,所羅門          ,13000,92000,-79000,0,0,0,5000,28000,-23000,0,0,0,0,0,0,0,-102000
055598,欣興元大97購03  ,0,0,0,0,0,0,0,0,0,-102000,0,0,0,28000,130000,-102000,-102000
054953,華新科元大97購05,0,0,0,0,0,0,0,0,0,-102000,0,0,0,0,102000,-102000,-102000
04229P,臺股指中信95售05,0,0,0,0,0,0,0,0,0,-102000,0,0,0,0,102000,-102000,-102000
048131,全新國票94購02  ,0,0,0,0,0,0,0,0,0,-102000,0,0,0,0,102000,-102000,-102000
054040,中石化元大9C購01,0,0,0,0,0,0,0,0,0,-102000,0,0,0,0,102000,-102000,-102000
052371,元金2X元大95購01,0,0,0,0,0,0,0,0,0,-102000,0,0,0,8000,110000,-102000,-102000
053820,大立光群益96購05,0,0,0,0,0,0,0,0,0,-103000,0,0,0,50000,153000,-103000,-103000
8028,昇陽半導體      ,77000,174000,-97000,0,0,0,2000,124,1876,-9000,0,1000,-1000,5000,13000,-8000,-104124
1440,南紡            ,14000,119000,-105000,0,0,0,0,0,0,0,0,0,0,0,0,0,-105000
054683,川湖永豐97購01  ,0,0,0,0,0,0,0,0,0,-105000,0,0,0,5000,110000,-105000,-105000
2419,仲琦            ,60000,156000,-96000,0,0,0,0,9378,-9378,0,0,0,0,0,0,0,-105378
8422,可寧衛          ,9000,121000,-112000,0,0,0,6000,0,6000,0,0,0,0,0,0,0,-106000
053699,臺股指元大96購22,0,0,0,0,0,0,0,0,0,-106000,0,0,0,2000,108000,-106000,-106000
051750,華通富邦96購01  ,0,0,0,0,0,0,0,0,0,-106000,0,0,0,211000,317000,-106000,-106000
041851,台積電元大92購01,0,0,0,0,0,0,0,0,0,-107000,0,0,0,0,107000,-107000,-107000
051916,和碩元大95購02  ,0,0,0,0,0,0,0,0,0,-107000,0,0,0,10000,117000,-107000,-107000
00706L,元大S&P日圓正2  ,0,0,0,0,0,0,0,0,0,-108000,0,0,0,0,108000,-108000,-108000
053468,鴻海元大98購01  ,0,0,0,0,0,0,0,0,0,-108000,0,0,0,91000,199000,-108000,-108000
4564,元翎            ,9000,117000,-108000,0,0,0,0,0,0,-1000,0,0,0,0,1000,-1000,-109000
051346,仁寶元大95購01  ,0,0,0,0,0,0,0,0,0,-109000,0,0,0,5000,114000,-109000,-109000
053255,貿聯國泰97購01  ,0,0,0,0,0,0,0,0,0,-109000,0,0,0,89000,198000,-109000,-109000
3059,華晶科          ,31000,136000,-105000,0,0,0,0,0,0,-5000,1000,0,1000,0,6000,-6000,-110000
055446,奇力新統一9A購01,0,0,0,0,0,0,0,0,0,-110000,0,0,0,0,110000,-110000,-110000
055606,矽創元大97購01  ,0,0,0,0,0,0,0,0,0,-110000,0,0,0,0,110000,-110000,-110000
055936,彩晶群益98購02  ,0,0,0,0,0,0,0,0,0,-110000,0,0,0,7000,117000,-110000,-110000
055966,茂林元大99購01  ,0,0,0,0,0,0,0,0,0,-110000,0,0,0,0,110000,-110000,-110000
05840P,臺股指富邦96售07,0,0,0,0,0,0,0,0,0,-110000,0,0,0,0,110000,-110000,-110000
04167P,滬深反凱基99售01,0,0,0,0,0,0,0,0,0,-110000,0,0,0,0,110000,-110000,-110000
054605,鴻海永豐97購01  ,0,0,0,0,0,0,0,0,0,-110000,0,0,0,1000,111000,-110000,-110000
052917,大立光富邦99購02,0,0,0,0,0,0,0,0,0,-110000,0,0,0,45000,155000,-110000,-110000
00735,國泰臺韓科技    ,0,35000,-35000,0,0,0,0,0,0,-76000,0,0,0,130000,206000,-76000,-111000
049860,亞德客兆豐94購01,0,0,0,0,0,0,0,0,0,-111000,0,0,0,11000,122000,-111000,-111000
052158,華泰永豐95購01  ,0,0,0,0,0,0,0,0,0,-111000,0,0,0,0,111000,-111000,-111000
054665,華通元富97購02  ,0,0,0,0,0,0,0,0,0,-111000,0,0,0,1000,112000,-111000,-111000
055969,彩晶元大99購02  ,0,0,0,0,0,0,0,0,0,-112000,0,0,0,7000,119000,-112000,-112000
056055,國巨元大97購15  ,0,0,0,0,0,0,0,0,0,-112000,0,0,0,0,112000,-112000,-112000
055031,南港富邦99購01  ,0,0,0,0,0,0,0,0,0,-112000,0,0,0,10000,122000,-112000,-112000
053365,彩晶國泰98購01  ,0,0,0,0,0,0,0,0,0,-112000,0,0,0,27000,139000,-112000,-112000
05820P,臺股指凱基96售17,0,0,0,0,0,0,0,0,0,-114000,0,0,0,6000,120000,-114000,-114000
3530,晶相光          ,89000,140000,-51000,0,0,0,1000,61,939,-64000,0,0,0,5000,69000,-64000,-114061
1604,聲寶            ,41000,39000,2000,0,0,0,0,117000,-117000,0,0,0,0,0,0,0,-115000
055186,正文統一97購01  ,0,0,0,0,0,0,0,0,0,-115000,0,0,0,0,115000,-115000,-115000
047604,智原國泰95購01  ,0,0,0,0,0,0,0,0,0,-115000,0,0,0,45000,160000,-115000,-115000
3016,嘉晶            ,63000,107000,-44000,0,0,0,0,1105,-1105,-71000,0,0,0,23000,94000,-71000,-116105
049561,道瓊銀統一96購01,0,0,0,0,0,0,0,0,0,-117000,0,0,0,15000,132000,-117000,-117000
053626,台積電兆豐96購03,0,0,0,0,0,0,0,0,0,-117000,0,0,0,73000,190000,-117000,-117000
055367,台積電元大97購23,0,0,0,0,0,0,0,0,0,-118000,0,0,0,2000,120000,-118000,-118000
051106,華通統一95購02  ,0,0,0,0,0,0,0,0,0,-118000,0,0,0,335000,453000,-118000,-118000
053658,亞光凱基96購01  ,0,0,0,0,0,0,0,0,0,-118000,0,0,0,6000,124000,-118000,-118000
5269,祥碩            ,217000,639000,-422000,0,0,0,352000,95041,256959,47000,73000,14000,59000,1000,13000,-12000,-118041
040578,SP黃豆元富95購03,0,0,0,0,0,0,0,0,0,-119000,0,0,0,0,119000,-119000,-119000
8210,勤誠            ,130000,241000,-111000,0,0,0,6000,0,6000,-15000,23000,10000,13000,1000,29000,-28000,-120000
1718,中纖            ,148000,268000,-120000,0,0,0,0,0,0,0,0,0,0,0,0,0,-120000
055539,億光台新97購01  ,0,0,0,0,0,0,0,0,0,-120000,0,0,0,0,120000,-120000,-120000
03064X,元展59          ,0,0,0,0,0,0,0,0,0,-120000,0,0,0,0,120000,-120000,-120000
046239,中石化中信92購02,0,0,0,0,0,0,0,0,0,-120000,0,0,0,80000,200000,-120000,-120000
052856,滬深2X凱基98購01,0,0,0,0,0,0,0,0,0,-120000,0,0,0,0,120000,-120000,-120000
052855,群創日盛99購01  ,0,0,0,0,0,0,0,0,0,-121000,0,0,0,151000,272000,-121000,-121000
052504,鴻海日盛95購03  ,0,0,0,0,0,0,0,0,0,-121000,0,0,0,254000,375000,-121000,-121000
05375P,健策國票96售02  ,0,0,0,0,0,0,0,0,0,-121000,0,0,0,306000,427000,-121000,-121000
1301,台塑            ,1037017,1254301,-217284,0,0,0,40000,0,40000,55000,0,40000,-40000,108000,13000,95000,-122284
051651,易華電永豐95購01,0,0,0,0,0,0,0,0,0,-123000,0,0,0,0,123000,-123000,-123000
2201,裕隆            ,102000,226000,-124000,0,0,0,0,0,0,0,0,0,0,0,0,0,-124000
3596,智易            ,33000,161000,-128000,0,0,0,60000,22000,38000,-35000,15000,0,15000,2000,52000,-50000,-125000
04880P,GIS永豐94售02   ,0,0,0,0,0,0,0,0,0,-125000,0,0,0,0,125000,-125000,-125000
5305,敦南            ,50000,176000,-126000,0,0,0,1000,905,95,0,0,0,0,0,0,0,-125905
2393,億光            ,500000,610000,-110000,0,0,0,0,0,0,-17000,34000,26000,8000,21000,46000,-25000,-127000
044224,超眾凱基93購01  ,0,0,0,0,0,0,0,0,0,-127000,0,0,0,3000,130000,-127000,-127000
051598,瑞昱兆豐95購01  ,0,0,0,0,0,0,0,0,0,-128000,0,0,0,11000,139000,-128000,-128000
05529P,臺股指群益96售02,0,0,0,0,0,0,0,0,0,-129000,0,0,0,0,129000,-129000,-129000
050026,友達元大96購01  ,0,0,0,0,0,0,0,0,0,-129000,0,0,0,73000,202000,-129000,-129000
056014,上銀群益97購02  ,0,0,0,0,0,0,0,0,0,-130000,0,0,0,0,130000,-130000,-130000
047188,聯詠元大93購04  ,0,0,0,0,0,0,0,0,0,-130000,0,0,0,0,130000,-130000,-130000
050426,國巨凱基94購14  ,0,0,0,0,0,0,0,0,0,-130000,0,0,0,22000,152000,-130000,-130000
047750,開發金元富93購01,0,0,0,0,0,0,0,0,0,-130000,0,0,0,0,130000,-130000,-130000
047882,超眾國泰94購01  ,0,0,0,0,0,0,0,0,0,-130000,0,0,0,0,130000,-130000,-130000
055662,上銀中信99購01  ,0,0,0,0,0,0,0,0,0,-132000,0,0,0,56000,188000,-132000,-132000
055868,臺股指元大97購07,0,0,0,0,0,0,0,0,0,-133000,0,0,0,0,133000,-133000,-133000
1722,台肥            ,55000,168000,-113000,0,0,0,2000,0,2000,-22000,0,0,0,0,22000,-22000,-133000
3189,景碩            ,288000,340000,-52000,0,0,0,0,0,0,-81000,0,0,0,43000,124000,-81000,-133000
04103P,臺股指國票93售10,0,0,0,0,0,0,0,0,0,-133000,0,0,0,35000,168000,-133000,-133000
1104,環泥            ,12000,174000,-162000,0,0,0,27000,0,27000,0,0,0,0,0,0,0,-135000
055322,欣興國票97購06  ,0,0,0,0,0,0,0,0,0,-137000,0,0,0,35000,172000,-137000,-137000
055085,大毅國票97購01  ,0,0,0,0,0,0,0,0,0,-138000,0,0,0,7000,145000,-138000,-138000
05790P,臺股指永昌96售07,0,0,0,0,0,0,0,0,0,-138000,0,0,0,602000,740000,-138000,-138000
051075,智邦國泰97購01  ,0,0,0,0,0,0,0,0,0,-138000,0,0,0,119000,257000,-138000,-138000
054429,中石化台新97購01,0,0,0,0,0,0,0,0,0,-138000,0,0,0,3000,141000,-138000,-138000
2723,美食-KY         ,23000,134000,-111000,0,0,0,0,3890,-3890,-24000,0,0,0,0,24000,-24000,-138890
2467,志聖            ,29000,168000,-139000,0,0,0,0,0,0,0,0,0,0,0,0,0,-139000
051288,可成統一95購03  ,0,0,0,0,0,0,0,0,0,-139000,0,0,0,35000,174000,-139000,-139000
3679,新至陞          ,21000,166000,-145000,0,0,0,0,42,-42,6000,6000,0,6000,0,0,0,-139042
2505,國揚            ,154000,315000,-161000,0,0,0,0,0,0,21000,0,0,0,24000,3000,21000,-140000
055952,上銀元大97購08  ,0,0,0,0,0,0,0,0,0,-140000,0,0,0,3000,143000,-140000,-140000
047142,中磊兆豐93購02  ,0,0,0,0,0,0,0,0,0,-140000,0,0,0,0,140000,-140000,-140000
054235,欣興群益96購06  ,0,0,0,0,0,0,0,0,0,-140000,0,0,0,22000,162000,-140000,-140000
1515,力山            ,77000,197629,-120629,0,0,0,0,0,0,-20000,0,2000,-2000,0,18000,-18000,-140629
1503,士電            ,39000,190000,-151000,0,0,0,0,0,0,10000,10000,0,10000,0,0,0,-141000
049798,台積電元大94購18,0,0,0,0,0,0,0,0,0,-143000,0,0,0,40000,183000,-143000,-143000
047286,美律統一93購02  ,0,0,0,0,0,0,0,0,0,-145000,0,0,0,150000,295000,-145000,-145000
047578,新光金群益93購01,0,0,0,0,0,0,0,0,0,-145000,0,0,0,35000,180000,-145000,-145000
050596,昇陽半永豐94購03,0,0,0,0,0,0,0,0,0,-145000,0,0,0,55000,200000,-145000,-145000
052437,聯發科富邦99購02,0,0,0,0,0,0,0,0,0,-146000,0,0,0,67000,213000,-146000,-146000
055714,智邦元大97購03  ,0,0,0,0,0,0,0,0,0,-147000,0,0,0,144000,291000,-147000,-147000
046822,亞光凱基93購04  ,0,0,0,0,0,0,0,0,0,-147000,0,0,0,13000,160000,-147000,-147000
8081,致新            ,151000,84000,67000,0,0,0,0,186000,-186000,-29000,45000,0,45000,5000,79000,-74000,-148000
2913,農林            ,119000,190000,-71000,0,0,0,0,0,0,-78000,0,12000,-12000,0,66000,-66000,-149000
1325,恆大            ,54000,4000,50000,0,0,0,0,0,0,-200000,0,200000,-200000,0,0,0,-150000
055627,亞德客永豐97購02,0,0,0,0,0,0,0,0,0,-150000,0,0,0,0,150000,-150000,-150000
055964,正文元大97購02  ,0,0,0,0,0,0,0,0,0,-150000,0,0,0,190000,340000,-150000,-150000
054843,中環兆豐97購01  ,0,0,0,0,0,0,0,0,0,-150000,0,0,0,21000,171000,-150000,-150000
04670P,臺股指國票94售09,0,0,0,0,0,0,0,0,0,-150000,0,0,0,68000,218000,-150000,-150000
050279,彩晶第一94購01  ,0,0,0,0,0,0,0,0,0,-150000,0,0,0,0,150000,-150000,-150000
04219P,鴻海兆豐93售02  ,0,0,0,0,0,0,0,0,0,-150000,0,0,0,0,150000,-150000,-150000
03421B,臺股指元大99熊01,0,0,0,0,0,0,0,0,0,-150000,0,0,0,0,150000,-150000,-150000
03808P,旺宏國泰94售02  ,0,0,0,0,0,0,0,0,0,-150000,0,0,0,0,150000,-150000,-150000
052492,易華電國票96購02,0,0,0,0,0,0,0,0,0,-150000,0,0,0,0,150000,-150000,-150000
052597,茂林群益96購01  ,0,0,0,0,0,0,0,0,0,-150000,0,0,0,216000,366000,-150000,-150000
052852,國巨元富96購02  ,0,0,0,0,0,0,0,0,0,-150000,0,0,0,366000,516000,-150000,-150000
048341,全新元大94購03  ,0,0,0,0,0,0,0,0,0,-151000,0,0,0,48000,199000,-151000,-151000
06347P,祥碩元富97售02  ,0,0,0,0,0,0,0,0,0,-152000,0,0,0,2000,154000,-152000,-152000
044426,欣興國泰93購02  ,0,0,0,0,0,0,0,0,0,-152000,0,0,0,15000,167000,-152000,-152000
053380,南亞科元大97購01,0,0,0,0,0,0,0,0,0,-152000,0,0,0,51000,203000,-152000,-152000
049373,大立光元大94購11,0,0,0,0,0,0,0,0,0,-153000,0,0,0,52000,205000,-153000,-153000
053449,超眾凱基98購01  ,0,0,0,0,0,0,0,0,0,-153000,0,0,0,22000,175000,-153000,-153000
054574,美律元大99購01  ,0,0,0,0,0,0,0,0,0,-154000,0,0,0,18000,172000,-154000,-154000
055033,漢唐富邦98購01  ,0,0,0,0,0,0,0,0,0,-155000,0,0,0,0,155000,-155000,-155000
3545,敦泰            ,1166000,1318000,-152000,0,0,0,0,7000,-7000,1000,1000,0,1000,0,0,0,-158000
046930,亞光統一93購01  ,0,0,0,0,0,0,0,0,0,-160000,0,0,0,0,160000,-160000,-160000
05354P,臺股指元富95售08,0,0,0,0,0,0,0,0,0,-160000,0,0,0,91000,251000,-160000,-160000
3380,明泰            ,51000,220000,-169000,0,0,0,0,8629,-8629,17000,17000,0,17000,0,0,0,-160629
053670,台積電統一96購09,0,0,0,0,0,0,0,0,0,-161000,0,0,0,40000,201000,-161000,-161000
046456,聯發科凱基92購08,0,0,0,0,0,0,0,0,0,-162000,0,0,0,2000,164000,-162000,-162000
2511,太子            ,191000,17000,174000,0,0,0,0,338000,-338000,0,0,0,0,0,0,0,-164000
045189,大立光元富98購01,0,0,0,0,0,0,0,0,0,-164000,0,0,0,1000,165000,-164000,-164000
03423B,臺股指元大94熊29,0,0,0,0,0,0,0,0,0,-165000,0,0,0,0,165000,-165000,-165000
053488,中石化兆豐97購01,0,0,0,0,0,0,0,0,0,-166000,0,0,0,1000,167000,-166000,-166000
049424,中石化兆豐94購01,0,0,0,0,0,0,0,0,0,-167000,0,0,0,0,167000,-167000,-167000
051858,上銀凱基95購01  ,0,0,0,0,0,0,0,0,0,-167000,0,0,0,41000,208000,-167000,-167000
3576,聯合再生        ,353000,521500,-168500,0,0,0,0,0,0,0,0,0,0,0,0,0,-168500
054497,國巨永豐96購05  ,0,0,0,0,0,0,0,0,0,-169000,0,0,0,65000,234000,-169000,-169000
045393,寶齡國泰93購01  ,0,0,0,0,0,0,0,0,0,-170000,0,0,0,35000,205000,-170000,-170000
055942,臺股指群益9C購01,0,0,0,0,0,0,0,0,0,-171000,0,0,0,0,171000,-171000,-171000
051488,健策凱基96購04  ,0,0,0,0,0,0,0,0,0,-171000,0,0,0,26000,197000,-171000,-171000
2841,台開            ,7000,179000,-172000,0,0,0,0,0,0,0,0,0,0,0,0,0,-172000
046610,義隆國票93購01  ,0,0,0,0,0,0,0,0,0,-172000,0,0,0,76000,248000,-172000,-172000
052535,日月光國泰96購01,0,0,0,0,0,0,0,0,0,-173000,0,0,0,27000,200000,-173000,-173000
055144,T50反1元大97購03,0,0,0,0,0,0,0,0,0,-174000,0,0,0,426000,600000,-174000,-174000
055179,大立光統一97購04,0,0,0,0,0,0,0,0,0,-175000,0,0,0,186000,361000,-175000,-175000
055819,晶相光國票98購01,0,0,0,0,0,0,0,0,0,-175000,0,0,0,0,175000,-175000,-175000
2405,浩鑫            ,19000,193000,-174000,0,0,0,0,0,0,-1000,0,1000,-1000,0,0,0,-175000
040760,T50反1凱基95購01,0,0,0,0,0,0,0,0,0,-176000,0,0,0,598000,774000,-176000,-176000
04972P,緯穎元富94售03  ,0,0,0,0,0,0,0,0,0,-176000,0,0,0,24000,200000,-176000,-176000
055873,聚陽元富97購01  ,0,0,0,0,0,0,0,0,0,-177000,0,0,0,0,177000,-177000,-177000
00676R,富邦臺灣加權反1 ,0,0,0,0,0,0,0,0,0,-178000,0,0,0,6000,184000,-178000,-178000
05489P,臺股指凱基95售22,0,0,0,0,0,0,0,0,0,-180000,0,0,0,0,180000,-180000,-180000
6191,精成科          ,6000,201000,-195000,0,0,0,82000,0,82000,-67000,0,0,0,0,67000,-67000,-180000
052309,健策國泰97購01  ,0,0,0,0,0,0,0,0,0,-180000,0,0,0,60000,240000,-180000,-180000
05319P,上銀凱基95售02  ,0,0,0,0,0,0,0,0,0,-180000,0,0,0,0,180000,-180000,-180000
2404,漢唐            ,70000,172000,-102000,0,0,0,18000,57213,-39213,-39000,13000,29000,-16000,8000,31000,-23000,-180213
00671R,富邦NASDAQ反1   ,2000,0,2000,0,0,0,0,0,0,-185000,0,0,0,0,185000,-185000,-183000
053484,國巨國票97購03  ,0,0,0,0,0,0,0,0,0,-183000,0,0,0,57000,240000,-183000,-183000
053460,緯穎國泰97購01  ,0,0,0,0,0,0,0,0,0,-186000,0,0,0,13000,199000,-186000,-186000
9921,巨大            ,336472,460568,-124096,0,0,0,4000,64000,-60000,-3000,0,0,0,0,3000,-3000,-187096
05301P,矽力元大95售02  ,0,0,0,0,0,0,0,0,0,-188000,0,0,0,222000,410000,-188000,-188000
052135,聯發科凱基9B購01,0,0,0,0,0,0,0,0,0,-189000,0,0,0,6000,195000,-189000,-189000
03253P,台灣50國泰03售02,0,0,0,0,0,0,0,0,0,-191000,0,0,0,109000,300000,-191000,-191000
05016P,臺股指元大95售07,0,0,0,0,0,0,0,0,0,-192000,0,0,0,0,192000,-192000,-192000
050098,嘉聯益國泰95購02,0,0,0,0,0,0,0,0,0,-194000,0,0,0,6000,200000,-194000,-194000
2106,建大            ,6000,209000,-203000,0,0,0,7000,0,7000,0,0,0,0,0,0,0,-196000
1736,喬山            ,106000,288000,-182000,0,0,0,9000,0,9000,-27000,10000,0,10000,0,37000,-37000,-200000
06196P,元上證元大97售01,0,0,0,0,0,0,0,0,0,-200000,0,0,0,80000,280000,-200000,-200000
2820,華票            ,57000,257000,-200000,0,0,0,0,0,0,0,0,0,0,0,0,0,-200000
054849,日月光兆豐97購01,0,0,0,0,0,0,0,0,0,-200000,0,0,0,0,200000,-200000,-200000
04646P,TPK凱基94售03   ,0,0,0,0,0,0,0,0,0,-200000,0,0,0,0,200000,-200000,-200000
047169,滬深2X永豐95購01,0,0,0,0,0,0,0,0,0,-200000,0,0,0,0,200000,-200000,-200000
048362,康控永豐93購01  ,0,0,0,0,0,0,0,0,0,-200000,0,0,0,0,200000,-200000,-200000
050588,矽創國票95購01  ,0,0,0,0,0,0,0,0,0,-200000,0,0,0,0,200000,-200000,-200000
049503,矽創元大94購01  ,0,0,0,0,0,0,0,0,0,-200000,0,0,0,0,200000,-200000,-200000
051316,T50反1國票95購02,0,0,0,0,0,0,0,0,0,-200000,0,0,0,0,200000,-200000,-200000
051218,聯發科元富9B購02,0,0,0,0,0,0,0,0,0,-200000,0,0,0,0,200000,-200000,-200000
052127,日月光國票96購01,0,0,0,0,0,0,0,0,0,-200000,0,0,0,0,200000,-200000,-200000
053119,日月光中信97購01,0,0,0,0,0,0,0,0,0,-200000,0,0,0,0,200000,-200000,-200000
053294,聯發科中信9C購01,0,0,0,0,0,0,0,0,0,-200000,0,0,0,5000,205000,-200000,-200000
053720,宏達電凱基97購01,0,0,0,0,0,0,0,0,0,-200000,0,0,0,0,200000,-200000,-200000
054656,深中小元大97購01,0,0,0,0,0,0,0,0,0,-200000,0,0,0,0,200000,-200000,-200000
054239,台郡群益96購02  ,0,0,0,0,0,0,0,0,0,-200000,0,0,0,226000,426000,-200000,-200000
2812,台中銀          ,301000,409000,-108000,0,0,0,0,93000,-93000,0,0,0,0,0,0,0,-201000
4119,旭富            ,13000,192000,-179000,0,0,0,0,42000,-42000,20000,24000,0,24000,0,4000,-4000,-201000
050821,國泰金凱基95購01,0,0,0,0,0,0,0,0,0,-201000,0,0,0,0,201000,-201000,-201000
054060,晶技國票97購02  ,0,0,0,0,0,0,0,0,0,-201000,0,0,0,0,201000,-201000,-201000
9933,中鼎            ,651500,853000,-201500,0,0,0,0,0,0,0,0,0,0,0,0,0,-201500
2399,映泰            ,24000,226000,-202000,0,0,0,0,0,0,0,0,0,0,0,0,0,-202000
054633,臺股指凱基9A購02,0,0,0,0,0,0,0,0,0,-203000,0,0,0,27000,230000,-203000,-203000
049404,訊芯群益94購02  ,0,0,0,0,0,0,0,0,0,-204000,0,0,0,1000,205000,-204000,-204000
053533,光罩永豐96購03  ,0,0,0,0,0,0,0,0,0,-204000,0,0,0,1000,205000,-204000,-204000
2601,益航            ,70000,138000,-68000,0,0,0,0,139000,-139000,0,0,0,0,0,0,0,-207000
2809,京城銀          ,399000,572000,-173000,0,0,0,0,35000,-35000,0,0,0,0,0,0,0,-208000
6153,嘉聯益          ,402000,515000,-113000,0,0,0,0,39278,-39278,-56000,6000,6000,0,21000,77000,-56000,-208278
3052,夆典            ,56000,267000,-211000,0,0,0,0,0,0,2000,2000,0,2000,0,0,0,-209000
053293,聯發科中信9B購01,0,0,0,0,0,0,0,0,0,-210000,0,0,0,0,210000,-210000,-210000
053789,彩晶元大9C購02  ,0,0,0,0,0,0,0,0,0,-211000,0,0,0,107000,318000,-211000,-211000
1201,味全            ,5000,146000,-141000,0,0,0,0,61000,-61000,-11000,0,0,0,0,11000,-11000,-213000
04655P,臺股指凱基94售14,0,0,0,0,0,0,0,0,0,-213000,0,0,0,147000,360000,-213000,-213000
052594,友訊群益98購01  ,0,0,0,0,0,0,0,0,0,-216000,0,0,0,62000,278000,-216000,-216000
055290,玉晶光元大98購08,0,0,0,0,0,0,0,0,0,-217000,0,0,0,329000,546000,-217000,-217000
047177,上銀元大93購05  ,0,0,0,0,0,0,0,0,0,-217000,0,0,0,0,217000,-217000,-217000
052150,台積電富邦95購07,10000,0,10000,0,0,0,0,0,0,-228000,0,0,0,769000,997000,-228000,-218000
03543P,台泥中信02售01  ,0,0,0,0,0,0,0,0,0,-220000,0,0,0,0,220000,-220000,-220000
06376P,上銀統一99售01  ,0,0,0,0,0,0,0,0,0,-223000,0,0,0,0,223000,-223000,-223000
04993P,上銀兆豐96售01  ,0,0,0,0,0,0,0,0,0,-226000,0,0,0,183000,409000,-226000,-226000
054775,復盛國票98購01  ,0,0,0,0,0,0,0,0,0,-228000,0,0,0,27000,255000,-228000,-228000
055027,牧德國泰99購01  ,0,0,0,0,0,0,0,0,0,-230000,0,0,0,187000,417000,-230000,-230000
055569,聚陽統一98購01  ,0,0,0,0,0,0,0,0,0,-230000,0,0,0,40000,270000,-230000,-230000
052888,台表科中信9A購01,0,0,0,0,0,0,0,0,0,-230000,0,0,0,45000,275000,-230000,-230000
2385,群光            ,314944,568136,-253192,0,0,0,33000,0,33000,-11000,0,3000,-3000,5000,13000,-8000,-231192
6230,超眾            ,172000,322000,-150000,0,0,0,25,82000,-81975,-2000,0,0,0,2000,4000,-2000,-233975
2369,菱生            ,125000,352000,-227000,0,0,0,0,7000,-7000,0,0,0,0,0,0,0,-234000
1304,台聚            ,17000,204000,-187000,0,0,0,0,47000,-47000,0,0,0,0,0,0,0,-234000
2605,新興            ,38000,220000,-182000,0,0,0,47000,190000,-143000,90000,90000,0,90000,0,0,0,-235000
054561,奇力新群益97購03,0,0,0,0,0,0,0,0,0,-236000,0,0,0,84000,320000,-236000,-236000
03016P,滬深2X群益01售09,0,0,0,0,0,0,0,0,0,-240000,0,0,0,0,240000,-240000,-240000
053865,欣興元大97購02  ,0,0,0,0,0,0,0,0,0,-240000,0,0,0,62000,302000,-240000,-240000
053608,彩晶第一96購01  ,0,0,0,0,0,0,0,0,0,-240000,0,0,0,121000,361000,-240000,-240000
055986,祥碩元富97購01  ,0,0,0,0,0,0,0,0,0,-241000,0,0,0,0,241000,-241000,-241000
2375,凱美            ,68000,230000,-162000,0,0,0,2000,0,2000,-84000,0,0,0,3000,87000,-84000,-244000
2455,全新            ,109000,272000,-163000,0,0,0,13000,0,13000,-94000,76000,134000,-58000,21000,57000,-36000,-244000
054556,世芯凱基99購01  ,0,0,0,0,0,0,0,0,0,-244000,0,0,0,462000,706000,-244000,-244000
2101,南港            ,265000,497000,-232000,0,0,0,0,0,0,-15000,0,0,0,10000,25000,-15000,-247000
047270,元油2X永豐94購02,0,0,0,0,0,0,0,0,0,-248000,0,0,0,148000,396000,-248000,-248000
04273P,上証反凱基99售01,0,0,0,0,0,0,0,0,0,-250000,0,0,0,0,250000,-250000,-250000
1319,東陽            ,16000,217000,-201000,0,0,0,0,56000,-56000,0,0,0,0,0,0,0,-257000
050660,欣興元大96購02  ,0,0,0,0,0,0,0,0,0,-258000,0,0,0,200000,458000,-258000,-258000
9958,世紀鋼          ,18000,176000,-158000,0,0,0,0,100000,-100000,-2000,2000,1000,1000,6000,9000,-3000,-260000
051673,玉晶光元大96購04,0,0,0,0,0,0,0,0,0,-260000,0,0,0,0,260000,-260000,-260000
051840,康友國泰97購02  ,0,0,0,0,0,0,0,0,0,-264000,0,0,0,82000,346000,-264000,-264000
055103,南港凱基97購01  ,0,0,0,0,0,0,0,0,0,-266000,0,0,0,0,266000,-266000,-266000
049438,嘉晶國泰96購01  ,0,0,0,0,0,0,0,0,0,-273000,0,0,0,7000,280000,-273000,-273000
054264,超眾元大97購02  ,0,0,0,0,0,0,0,0,0,-284000,0,0,0,15000,299000,-284000,-284000
047285,鴻海統一95購02  ,0,0,0,0,0,0,0,0,0,-288000,0,0,0,181000,469000,-288000,-288000
054553,宏達電凱基99購01,0,0,0,0,0,0,0,0,0,-290000,0,0,0,10000,300000,-290000,-290000
5285,界霖            ,32000,323000,-291000,0,0,0,0,1000,-1000,0,0,0,0,0,0,0,-292000
2340,光磊            ,117000,333000,-216000,0,0,0,39000,0,39000,-118000,0,4000,-4000,0,114000,-114000,-295000
00710B,FH彭博高收益債  ,0,0,0,0,0,0,0,0,0,-296000,0,0,0,187000,483000,-296000,-296000
054713,國巨中信9B購01  ,0,0,0,0,0,0,0,0,0,-297000,0,0,0,151000,448000,-297000,-297000
2363,矽統            ,29000,328000,-299000,0,0,0,0,0,0,1000,2000,1000,1000,0,0,0,-298000
048168,致茂永豐93購02  ,0,0,0,0,0,0,0,0,0,-299000,0,0,0,0,299000,-299000,-299000
052255,T50反1國泰96購01,0,0,0,0,0,0,0,0,0,-299000,0,0,0,0,299000,-299000,-299000
048446,南亞科凱基93購07,0,0,0,0,0,0,0,0,0,-300000,0,0,0,1000,301000,-300000,-300000
047629,深中小元大96購01,0,0,0,0,0,0,0,0,0,-300000,0,0,0,0,300000,-300000,-300000
054204,元金2X國票9B購02,0,0,0,0,0,0,0,0,0,-300000,0,0,0,10000,310000,-300000,-300000
055187,彩晶統一98購01  ,0,0,0,0,0,0,0,0,0,-301000,0,0,0,391000,692000,-301000,-301000
055159,玉晶光元大98購05,0,0,0,0,0,0,0,0,0,-302000,0,0,0,439000,741000,-302000,-302000
2903,遠百            ,43000,325000,-282000,0,0,0,0,21000,-21000,0,0,0,0,0,0,0,-303000
3062,建漢            ,12000,322000,-310000,0,0,0,6000,0,6000,0,0,0,0,0,0,0,-304000
048666,康控統一93購01  ,0,0,0,0,0,0,0,0,0,-305000,0,0,0,3000,308000,-305000,-305000
044588,元金2X統一93購01,0,0,0,0,0,0,0,0,0,-306000,0,0,0,404000,710000,-306000,-306000
03418B,臺股指元大95熊20,0,0,0,0,0,0,0,0,0,-307000,0,0,0,25000,332000,-307000,-307000
2615,萬海            ,83000,135000,-52000,0,0,0,8000,297000,-289000,30000,30000,0,30000,0,0,0,-311000
051280,台積電兆豐95購04,0,0,0,0,0,0,0,0,0,-314000,0,0,0,384000,698000,-314000,-314000
2355,敬鵬            ,29000,343000,-314000,0,0,0,2000,0,2000,-3000,0,0,0,0,3000,-3000,-315000
055421,玉晶光永豐98購04,0,0,0,0,0,0,0,0,0,-315000,0,0,0,15000,330000,-315000,-315000
053106,鴻海兆豐98購01  ,0,0,0,0,0,0,0,0,0,-319000,0,0,0,1000,320000,-319000,-319000
04667P,臺股指國票94售06,0,0,0,0,0,0,0,0,0,-320000,0,0,0,0,320000,-320000,-320000
1216,統一            ,3329999,3560232,-230233,0,0,0,1000,208000,-207000,111000,4000,0,4000,114000,7000,107000,-326233
050758,聯發科元富9B購01,0,0,0,0,0,0,0,0,0,-332000,0,0,0,8000,340000,-332000,-332000
055414,奇力新富邦9B購01,0,0,0,0,0,0,0,0,0,-340000,0,0,0,160000,500000,-340000,-340000
2379,瑞昱            ,562589,804018,-241429,0,0,0,0,1000,-1000,-99000,12000,0,12000,20000,131000,-111000,-341429
055263,華新科富邦9A購01,0,0,0,0,0,0,0,0,0,-343000,0,0,0,116000,459000,-343000,-343000
1560,中砂            ,37000,263000,-226000,0,0,0,0,118000,-118000,0,0,0,0,0,0,0,-344000
3035,智原            ,124096,379000,-254904,0,0,0,0,9000,-9000,-82000,56000,80000,-24000,11000,69000,-58000,-345904
00738U,元大道瓊白銀    ,0,627000,-627000,0,0,0,0,0,0,277000,5000,0,5000,484000,212000,272000,-350000
054117,宏全康和96購01  ,0,0,0,0,0,0,0,0,0,-350000,0,0,0,50000,400000,-350000,-350000
4977,眾達-KY         ,225000,681000,-456000,0,0,0,0,0,0,103000,115000,2000,113000,0,10000,-10000,-353000
2637,慧洋-KY         ,582000,783000,-201000,0,0,0,0,135000,-135000,-19000,0,6000,-6000,2000,15000,-13000,-355000
054640,健策中信9B購01  ,0,0,0,0,0,0,0,0,0,-357000,0,0,0,50000,407000,-357000,-357000
055386,致新元大97購02  ,0,0,0,0,0,0,0,0,0,-360000,0,0,0,20000,380000,-360000,-360000
1309,台達化          ,38000,228000,-190000,0,0,0,0,172080,-172080,0,0,0,0,0,0,0,-362080
05201P,玉晶光國泰97售02,0,0,0,0,0,0,0,0,0,-364000,0,0,0,26000,390000,-364000,-364000
055249,大毅統一99購01  ,0,0,0,0,0,0,0,0,0,-365000,0,0,0,74000,439000,-365000,-365000
047944,中石化元富96購01,0,0,0,0,0,0,0,0,0,-365000,0,0,0,0,365000,-365000,-365000
1305,華夏            ,32000,208000,-176000,0,0,0,0,0,0,-190000,10000,200000,-190000,0,0,0,-366000
052629,訊芯中信99購01  ,0,0,0,0,0,0,0,0,0,-372000,0,0,0,14000,386000,-372000,-372000
2027,大成鋼          ,219000,492000,-273000,0,0,0,0,18806,-18806,-83000,10000,4000,6000,17000,106000,-89000,-374806
050822,亞光凱基95購01  ,0,0,0,0,0,0,0,0,0,-388000,0,0,0,18000,406000,-388000,-388000
2520,冠德            ,57000,160000,-103000,0,0,0,0,41000,-41000,-250000,0,0,0,0,250000,-250000,-394000
051904,深100元大95購01 ,0,0,0,0,0,0,0,0,0,-394000,0,0,0,2000,396000,-394000,-394000
047514,亞光國票94購01  ,0,0,0,0,0,0,0,0,0,-396000,0,0,0,108000,504000,-396000,-396000
051507,彩晶元富95購01  ,0,0,0,0,0,0,0,0,0,-396000,0,0,0,146000,542000,-396000,-396000
055944,日月光麥證97購01,0,0,0,0,400000,-400000,0,0,0,-400000,0,0,0,0,400000,-400000,-400000
055622,群創國泰99購01  ,0,0,0,0,0,0,0,0,0,-400000,0,0,0,10000,410000,-400000,-400000
047489,滬深2X統一93購02,0,0,0,0,0,0,0,0,0,-400000,0,0,0,0,400000,-400000,-400000
048305,深100凱基96購01 ,0,0,0,0,0,0,0,0,0,-400000,0,0,0,1000,401000,-400000,-400000
3706,神達            ,492000,727030,-235030,0,0,0,2000,0,2000,-168000,80000,0,80000,26000,274000,-248000,-401030
03638C,T50反1元大94牛03,0,0,0,0,0,0,0,0,0,-403000,0,0,0,100000,503000,-403000,-403000
044514,亞光凱基93購02  ,0,0,0,0,0,0,0,0,0,-403000,0,0,0,96000,499000,-403000,-403000
055160,玉晶光元大99購03,0,0,0,0,0,0,0,0,0,-408000,0,0,0,366000,774000,-408000,-408000
2534,宏盛            ,24000,416000,-392000,0,0,0,0,0,0,-18000,0,0,0,7000,25000,-18000,-410000
053132,國巨國票97購02  ,0,0,0,0,0,0,0,0,0,-410000,0,0,0,0,410000,-410000,-410000
050748,道瓊銀統一94購04,0,0,0,0,0,0,0,0,0,-424000,0,0,0,7000,431000,-424000,-424000
054208,台積電國票97購07,0,0,0,0,0,0,0,0,0,-424000,0,0,0,196000,620000,-424000,-424000
4935,茂林-KY         ,453000,1248000,-795000,0,0,0,359000,0,359000,1000,100000,23000,77000,6000,82000,-76000,-435000
047004,台積電統一99購01,0,0,0,0,0,0,0,0,0,-436000,0,0,0,73000,509000,-436000,-436000
051327,元油2X永豐95購02,0,0,0,0,0,0,0,0,0,-440000,0,0,0,0,440000,-440000,-440000
2353,宏碁            ,1739365,2099579,-360214,0,0,0,44000,0,44000,-126000,2000,0,2000,23000,151000,-128000,-442214
6214,精誠            ,19000,476000,-457000,0,0,0,2000,0,2000,12000,12000,0,12000,0,0,0,-443000
052923,台積電永豐96購02,0,0,0,0,0,0,0,0,0,-444000,0,0,0,66000,510000,-444000,-444000
055786,彩晶凱基99購02  ,0,0,0,0,0,0,0,0,0,-448000,0,0,0,7000,455000,-448000,-448000
051143,鴻海凱基95購11  ,0,0,0,0,0,0,0,0,0,-451000,0,0,0,268000,719000,-451000,-451000
05268P,玉晶光元大98售01,0,0,0,0,0,0,0,0,0,-452000,0,0,0,10000,462000,-452000,-452000
050172,臺指反元大98購02,0,0,0,0,0,0,0,0,0,-475000,0,0,0,0,475000,-475000,-475000
4919,新唐            ,37000,265000,-228000,0,0,0,5000,0,5000,-266000,0,0,0,1000,267000,-266000,-489000
3665,貿聯-KY         ,254000,802000,-548000,0,0,0,175000,50000,125000,-66000,21000,35000,-14000,3000,55000,-52000,-489000
048469,微星永豐93購03  ,0,0,0,0,0,0,0,0,0,-490000,0,0,0,36000,526000,-490000,-490000
043457,鴻海元大93購01  ,0,0,0,0,0,0,0,0,0,-492000,0,0,0,73000,565000,-492000,-492000
3010,華立            ,51000,584000,-533000,0,0,0,43000,4751,38249,0,0,0,0,0,0,0,-494751
044914,元油2X永豐91購04,0,0,0,0,0,0,0,0,0,-499000,0,0,0,0,499000,-499000,-499000
00771,元大US高息特別股,0,0,0,0,0,0,0,0,0,-502000,0,0,0,0,502000,-502000,-502000
053938,彩晶元富96購01  ,0,0,0,0,0,0,0,0,0,-505000,0,0,0,4000,509000,-505000,-505000
047185,益航元大94購02  ,0,0,0,0,0,0,0,0,0,-510000,0,0,0,90000,600000,-510000,-510000
2439,美律            ,122000,615000,-493000,0,0,0,9000,228,8772,-33000,0,1000,-1000,5000,37000,-32000,-517228
1210,大成            ,184000,737000,-553000,0,0,0,13000,0,13000,21000,22000,1000,21000,0,0,0,-519000
053649,台積電凱基97購05,0,0,0,0,0,0,0,0,0,-535000,0,0,0,100000,635000,-535000,-535000
052181,南茂元大95購05  ,0,0,0,0,0,0,0,0,0,-540000,0,0,0,110000,650000,-540000,-540000
05677P,玉晶光群益98售03,0,0,0,0,0,0,0,0,0,-542000,0,0,0,0,542000,-542000,-542000
1312,國喬            ,35000,328000,-293000,0,0,0,0,139000,-139000,-113000,0,2000,-2000,0,111000,-111000,-545000
052184,台光電群益95購03,0,0,0,0,0,0,0,0,0,-553000,0,0,0,32000,585000,-553000,-553000
051068,台積電國票97購01,0,0,0,0,0,0,0,0,0,-555000,0,0,0,33000,588000,-555000,-555000
051174,鴻海凱基95購14  ,0,0,0,0,0,0,0,0,0,-565000,0,0,0,0,565000,-565000,-565000
054072,台積電富邦98購02,5000,0,5000,0,0,0,0,0,0,-582000,0,0,0,222000,804000,-582000,-577000
1795,美時            ,3000,429000,-426000,0,0,0,0,178000,-178000,20000,20000,0,20000,0,0,0,-584000
053013,台積電統一97購01,0,0,0,0,0,0,0,0,0,-594000,0,0,0,20000,614000,-594000,-594000
053205,台光電麥證96購01,0,0,0,70000,665000,-595000,0,0,0,-595000,0,0,0,70000,665000,-595000,-595000
3450,聯鈞            ,180000,928000,-748000,0,0,0,1000,0,1000,149000,206000,16000,190000,65000,106000,-41000,-598000
8110,華東            ,173000,987000,-814000,0,0,0,220000,395,219605,-4000,4000,8000,-4000,0,0,0,-598395
051520,新光金凱基97購01,0,0,0,0,0,0,0,0,0,-600000,0,0,0,0,600000,-600000,-600000
055891,鴻海統一9A購01  ,0,0,0,0,0,0,0,0,0,-605000,0,0,0,122000,727000,-605000,-605000
3704,合勤控          ,32000,341000,-309000,0,0,0,0,168000,-168000,-135000,0,2000,-2000,0,133000,-133000,-612000
00717,富邦美國特別股  ,0,0,0,0,0,0,0,0,0,-616000,0,0,0,324000,940000,-616000,-616000
2014,中鴻            ,125000,669000,-544000,0,0,0,0,64018,-64018,-11000,0,0,0,0,11000,-11000,-619018
2454,聯發科          ,2795317,2886905,-91588,0,0,0,89000,427000,-338000,-218000,52000,4000,48000,39000,305000,-266000,-647588
051391,聯發科兆豐95購02,0,0,0,0,0,0,0,0,0,-655000,0,0,0,55000,710000,-655000,-655000
8016,矽創            ,77000,392000,-315000,0,0,0,0,365000,-365000,3000,10000,0,10000,8000,15000,-7000,-677000
8271,宇瞻            ,488000,1184000,-696000,0,0,0,0,98,-98,0,0,0,0,0,0,0,-696098
4958,臻鼎-KY         ,1034797,1103092,-68295,0,0,0,2000,621000,-619000,-51000,11000,30000,-19000,0,32000,-32000,-738295
052673,T50反1國泰97購01,0,0,0,0,0,0,0,0,0,-749000,0,0,0,0,749000,-749000,-749000
2610,華航            ,1332245,1496820,-164575,0,0,0,2000,587000,-585000,0,0,0,0,0,0,0,-749575
041452,滬深2X元富93購01,0,0,0,0,0,0,0,0,0,-779000,0,0,0,442000,1221000,-779000,-779000
0056,元大高股息      ,0,0,0,0,0,0,200000,0,200000,-995000,35000,110000,-75000,20000,940000,-920000,-795000
1477,聚陽            ,105000,775900,-670900,0,0,0,0,123000,-123000,-4000,0,5000,-5000,2000,1000,1000,-797900
050785,全新國泰96購01  ,0,0,0,0,0,0,0,0,0,-810000,0,0,0,0,810000,-810000,-810000
2312,金寶            ,1440000,2050000,-610000,0,0,0,0,123000,-123000,-108000,34000,1000,33000,76000,217000,-141000,-841000
2888,新光金          ,6818720,7312463,-493743,0,0,0,117000,0,117000,-472000,0,0,0,344000,816000,-472000,-848743
052041,鴻海日盛95購02  ,0,0,0,0,0,0,0,0,0,-851000,0,0,0,393000,1244000,-851000,-851000
2368,金像電          ,512000,1095000,-583000,0,0,0,0,0,0,-297000,58000,355000,-297000,0,0,0,-880000
055417,健策富邦98購02  ,0,0,0,0,0,0,0,0,0,-883000,0,0,0,0,883000,-883000,-883000
00762,元大全球AI      ,0,0,0,0,0,0,0,0,0,-887000,0,0,0,0,887000,-887000,-887000
051733,中環國票96購02  ,0,0,0,0,0,0,0,0,0,-890000,0,0,0,0,890000,-890000,-890000
9904,寶成            ,1174332,2050652,-876320,0,0,0,0,78000,-78000,18000,0,0,0,58000,40000,18000,-936320
052986,聯發科元大97購05,0,0,0,0,0,0,0,0,0,-972000,0,0,0,103000,1075000,-972000,-972000
00753L,中信中國50正2   ,0,0,0,0,0,0,0,0,0,-1001000,0,0,0,72000,1073000,-1001000,-1001000
055973,亞德客統一97購01,0,0,0,0,0,0,0,0,0,-1011000,0,0,0,4000,1015000,-1011000,-1011000
046011,欣興元富95購01  ,0,0,0,0,0,0,0,0,0,-1016000,0,0,0,89000,1105000,-1016000,-1016000
3231,緯創            ,1850600,2235634,-385034,0,0,0,46000,96000,-50000,-596000,0,5000,-5000,43000,634000,-591000,-1031034
4904,遠傳            ,1253536,2294484,-1040948,0,0,0,1000,20000,-19000,-3000,1000,39000,-38000,35000,0,35000,-1062948
8046,南電            ,246000,1333000,-1087000,0,0,0,0,1000,-1000,9000,38000,0,38000,11000,40000,-29000,-1079000
055402,正文元富97購02  ,0,0,0,0,0,0,0,0,0,-1218000,0,0,0,0,1218000,-1218000,-1218000
055863,緯穎元大97購05  ,0,0,0,0,0,0,0,0,0,-1265000,0,0,0,22000,1287000,-1265000,-1265000
2412,中華電          ,1692633,2919203,-1226570,0,0,0,2000,145000,-143000,72000,1000,0,1000,84000,13000,71000,-1297570
2478,大毅            ,378000,1564000,-1186000,0,0,0,2000,18500,-16500,-110000,1000,60000,-59000,36000,87000,-51000,-1312500
1102,亞泥            ,1434037,2721631,-1287594,0,0,0,0,127000,-127000,89000,325000,212000,113000,80000,104000,-24000,-1325594
2371,大同            ,771743,2060660,-1288917,0,0,0,0,0,0,-58000,0,58000,-58000,0,0,0,-1346917
4915,致伸            ,212000,1412000,-1200000,0,0,0,0,140518,-140518,-35000,0,0,0,1000,36000,-35000,-1375518
6176,瑞儀            ,17000,1512000,-1495000,0,0,0,2000,64000,-62000,-4000,23000,8000,15000,4000,23000,-19000,-1561000
00669R,國泰美國道瓊反1 ,0,0,0,0,0,0,0,0,0,-1657000,0,0,0,107000,1764000,-1657000,-1657000
2356,英業達          ,2687422,4391764,-1704342,0,0,0,2000,0,2000,19000,10000,0,10000,19000,10000,9000,-1683342
2329,華泰            ,186000,1271000,-1085000,0,0,0,0,55000,-55000,-550000,0,0,0,14000,564000,-550000,-1690000
4938,和碩            ,1478037,3776190,-2298153,0,0,0,13000,110000,-97000,248000,201000,0,201000,53000,6000,47000,-2147153
00648R,元大S&P500反1   ,0,107000,-107000,0,0,0,0,0,0,-2084000,0,0,0,0,2084000,-2084000,-2191000
053856,台積電富邦98購01,0,0,0,0,0,0,0,0,0,-2234000,0,0,0,676000,2910000,-2234000,-2234000
8150,南茂            ,205000,2455000,-2250000,0,0,0,0,0,0,-125000,2000,0,2000,13000,140000,-127000,-2375000
1402,遠東新          ,3719807,6079947,-2360140,0,0,0,0,111000,-111000,61000,0,0,0,87000,26000,61000,-2410140
2330,台積電          ,18926598,22555082,-3628484,0,0,0,11000,612000,-601000,1169000,349000,42000,307000,1049000,187000,862000,-3060484
00708L,元大S&P黃金正2  ,0,1543000,-1543000,0,0,0,0,0,0,-2524000,0,0,0,759000,3283000,-2524000,-4067000
0050,元大台灣50      ,91000,20000,71000,0,0,0,0,0,0,-4864000,221000,8000,213000,200000,5277000,-5077000,-4793000
2449,京元電子        ,1763370,4816800,-3053430,0,0,0,42000,2795000,-2753000,-99000,12000,4000,8000,87000,194000,-107000,-5905430
00701,國泰股利精選30  ,11000,2225000,-2214000,0,0,0,0,0,0,-6056000,0,0,0,67000,6123000,-6056000,-8270000
1314,中石化          ,15920000,66901000,-50981000,0,0,0,0,0,0,596000,428000,0,428000,183000,15000,168000,-50385000
