證券代號,證券名稱,外陸資買進股數(不含外資自營商),外陸資賣出股數(不含外資自營商),外陸資買賣超股數(不含外資自營商),外資自營商買進股數,外資自營商賣出股數,外資自營商買賣超股數,投信買進股數,投信賣出股數,投信買賣超股數,自營商買賣超股數,自營商買進股數(自行買賣),自營商賣出股數(自行買賣),自營商買賣超股數(自行買賣),自營商買進股數(避險),自營商賣出股數(避險),自營商買賣超股數(避險),三大法人買賣超股數
2353,宏碁            ,26990000,10884442,16105558,0,0,0,0,97000,-97000,4441000,1082000,10000,1072000,3418000,49000,3369000,20449558
0050,元大台灣50      ,12914000,79000,12835000,0,0,0,0,0,0,1785000,100000,20000,80000,3464000,1759000,1705000,14620000
00653L,富邦印度正2     ,4162000,531000,3631000,0,0,0,0,0,0,6533000,0,0,0,7285000,752000,6533000,10164000
2368,金像電          ,21072000,13505000,7567000,0,0,0,1743000,108000,1635000,9000,1975000,1879000,96000,497000,584000,-87000,9211000
2883,開發金          ,6313228,6398782,-85554,0,0,0,9099000,143000,8956000,-90000,22000,0,22000,0,112000,-112000,8780446
2330,台積電          ,33502406,23679994,9822412,0,0,0,1087000,405000,682000,-2311000,518000,1105000,-587000,414000,2138000,-1724000,8193412
2449,京元電子        ,10702000,5128000,5574000,0,0,0,803000,4000,799000,936000,572000,52000,520000,518000,102000,416000,7309000
2891,中信金          ,13299212,8320817,4978395,0,0,0,4010000,257000,3753000,-2267000,24000,2269000,-2245000,0,22000,-22000,6464395
2884,玉山金          ,9486712,3968368,5518344,0,0,0,0,108000,-108000,171000,42000,1000,41000,130000,0,130000,5581344
053564,台積電富邦99購01,0,0,0,0,0,0,0,0,0,5025000,0,0,0,5227000,202000,5025000,5025000
2356,英業達          ,10482032,5822000,4660032,0,0,0,3000,35000,-32000,-185000,27000,9000,18000,5000,208000,-203000,4443032
00861,元大全球未來通訊,727000,0,727000,0,0,0,0,0,0,2563000,0,0,0,3436000,873000,2563000,3290000
2881,富邦金          ,3689034,2244169,1444865,0,0,0,1799000,99000,1700000,-85000,0,0,0,28000,113000,-85000,3059865
065352,GIS統一01購04   ,0,0,0,0,0,0,0,0,0,2850000,0,0,0,3197000,347000,2850000,2850000
00692,富邦公司治理    ,0,0,0,0,0,0,0,0,0,2684000,0,0,0,3749000,1065000,2684000,2684000
2886,兆豐金          ,5301472,5582486,-281014,0,0,0,3021000,164000,2857000,11000,65000,0,65000,0,54000,-54000,2586986
2504,國產            ,6102000,3316852,2785148,0,0,0,0,13205,-13205,-202000,1000,80000,-79000,1000,124000,-123000,2569943
2382,廣達            ,3184191,1170000,2014191,0,0,0,1457000,346000,1111000,-580000,182000,730000,-548000,13000,45000,-32000,2545191
2409,友達            ,18342560,13858000,4484560,0,0,0,0,680000,-680000,-1396000,182000,2284000,-2102000,1024000,318000,706000,2408560
2376,技嘉            ,2362000,1001781,1360219,0,0,0,743000,5505,737495,240000,261000,174000,87000,231000,78000,153000,2337714
2377,微星            ,4470846,3205605,1265241,0,0,0,1269000,3000,1266000,-245000,68000,142000,-74000,30000,201000,-171000,2286241
057440,台積電統一98購10,0,0,0,0,0,0,0,0,0,2275000,0,0,0,2521000,246000,2275000,2275000
061901,柏文永豐9B購01  ,0,0,0,0,0,0,0,0,0,2169000,0,0,0,2268000,99000,2169000,2169000
057393,台積電中信02購01,0,0,0,0,0,0,0,0,0,2154000,0,0,0,2690000,536000,2154000,2154000
00669R,國泰美國道瓊反1 ,321000,0,321000,0,0,0,0,0,0,1806000,0,0,0,2764000,958000,1806000,2127000
3702,大聯大          ,3392176,1897400,1494776,0,0,0,832000,7000,825000,-244000,81000,270000,-189000,0,55000,-55000,2075776
5264,鎧勝-KY         ,3450000,1102563,2347437,0,0,0,0,237000,-237000,-55000,0,14000,-14000,34000,75000,-41000,2055437
066629,國揚凱基01購01  ,0,0,0,0,0,0,0,0,0,2017000,0,0,0,2580000,563000,2017000,2017000
0056,元大高股息      ,34000,4000,30000,0,0,0,0,156000,-156000,2107000,6000,0,6000,2981000,880000,2101000,1981000
3545,敦泰            ,2130000,835000,1295000,0,0,0,0,0,0,664000,141000,0,141000,536000,13000,523000,1959000
1101,台泥            ,5019909,3396318,1623591,0,0,0,344000,75000,269000,63000,100000,3000,97000,24000,58000,-34000,1955591
065838,鴻海元大03購01  ,0,0,0,0,0,0,0,0,0,1928000,0,0,0,2374000,446000,1928000,1928000
3576,聯合再生        ,6235000,4547179,1687821,0,0,0,0,0,0,200000,200000,0,200000,0,0,0,1887821
2308,台達電          ,5849801,3851000,1998801,0,0,0,10000,18000,-8000,-105000,76000,232000,-156000,57000,6000,51000,1885801
064725,緯創統一02購01  ,0,0,0,0,0,0,0,0,0,1824000,0,0,0,1838000,14000,1824000,1824000
3481,群創            ,35341392,31809803,3531589,0,0,0,0,0,0,-1710000,214000,1720000,-1506000,994000,1198000,-204000,1821589
2354,鴻準            ,1028378,810612,217766,0,0,0,1410000,0,1410000,55000,45000,0,45000,10000,0,10000,1682766
3711,日月光投控      ,5593335,3755000,1838335,0,0,0,20000,326000,-306000,148000,248000,115000,133000,17000,2000,15000,1680335
07708P,玉晶光元大9A售13,0,0,0,0,0,0,0,0,0,1669000,0,0,0,1991000,322000,1669000,1669000
3045,台灣大          ,2607678,816000,1791678,0,0,0,16000,15000,1000,-153000,386000,539000,-153000,0,0,0,1639678
6278,台表科          ,2911000,1465410,1445590,0,0,0,396000,11067,384933,-199000,126000,459000,-333000,235000,101000,134000,1631523
00850,元大臺灣ESG永續 ,6000,82000,-76000,0,0,0,0,0,0,1704000,0,0,0,1836000,132000,1704000,1628000
2347,聯強            ,1965548,964700,1000848,0,0,0,1432000,0,1432000,-819000,40000,824000,-784000,37000,72000,-35000,1613848
2332,友訊            ,4659000,2873904,1785096,0,0,0,0,0,0,-177000,62000,65000,-3000,38000,212000,-174000,1608096
066891,鴻海兆豐04購01  ,0,0,0,0,0,0,0,0,0,1568000,0,0,0,1618000,50000,1568000,1568000
045872,元油2X元富98購03,0,0,0,0,0,0,0,0,0,1548000,0,0,0,1548000,0,1548000,1548000
050077,臺股指凱基99購02,0,0,0,0,0,0,0,0,0,1529000,0,0,0,1804000,275000,1529000,1529000
065621,聯發科第一9C購01,0,0,0,0,0,0,0,0,0,1513000,0,0,0,2084000,571000,1513000,1513000
1477,聚陽            ,2783000,1098523,1684477,0,0,0,30000,1000,29000,-201000,131000,161000,-30000,11000,182000,-171000,1512477
058054,台積電統一9C購01,0,0,0,0,0,0,0,0,0,1506000,0,0,0,1854000,348000,1506000,1506000
065448,緯創統一9C購01  ,0,0,0,0,0,0,0,0,0,1479000,0,0,0,1572000,93000,1479000,1479000
065353,GIS統一02購03   ,0,0,0,0,0,0,0,0,0,1418000,0,0,0,1772000,354000,1418000,1418000
07486P,上証2X國票9B售02,0,0,0,0,0,0,0,0,0,1405000,0,0,0,2016000,611000,1405000,1405000
064821,聯電統一02購01  ,0,0,0,0,0,0,0,0,0,1395000,0,0,0,1586000,191000,1395000,1395000
06813P,友訊元富98售03  ,0,0,0,0,0,0,0,0,0,1393000,0,0,0,1593000,200000,1393000,1393000
5469,瀚宇博          ,4493000,4119999,373001,0,0,0,146000,0,146000,854000,988000,195000,793000,233000,172000,61000,1373001
055205,京鼎中信99購01  ,0,0,0,0,0,0,0,0,0,1370000,0,0,0,1959000,589000,1370000,1370000
2439,美律            ,1543000,316285,1226715,0,0,0,0,1000,-1000,131000,54000,40000,14000,134000,17000,117000,1356715
9919,康那香          ,1842000,498000,1344000,0,0,0,0,1000,-1000,3000,3000,0,3000,0,0,0,1346000
066253,泰豐元大01購01  ,0,0,0,0,0,0,0,0,0,1337000,0,0,0,1474000,137000,1337000,1337000
065685,同欣電統一01購04,0,0,0,0,0,0,0,0,0,1314000,0,0,0,1420000,106000,1314000,1314000
061186,牧德國泰9C購01  ,0,0,0,0,0,0,0,0,0,1313000,0,0,0,1575000,262000,1313000,1313000
064963,T50反1元大9C購09,0,0,0,0,0,0,0,0,0,1312000,0,0,0,1497000,185000,1312000,1312000
6176,瑞儀            ,1991000,765000,1226000,0,0,0,0,8954,-8954,68000,139000,30000,109000,9000,50000,-41000,1285046
00676R,富邦臺灣加權反1 ,0,16000,-16000,0,0,0,0,0,0,1285000,0,0,0,2343000,1058000,1285000,1269000
063585,台積電永豐9B購03,0,0,0,0,0,0,0,0,0,1267000,0,0,0,1392000,125000,1267000,1267000
065415,台積電兆豐9C購05,0,0,0,0,0,0,0,0,0,1247000,0,0,0,1381000,134000,1247000,1247000
065541,GIS統一01購05   ,0,0,0,0,0,0,0,0,0,1246000,0,0,0,1339000,93000,1246000,1246000
00641R,富邦日本反1     ,220000,13000,207000,0,0,0,0,0,0,998000,0,0,0,1098000,100000,998000,1205000
2882,國泰金          ,3871247,2426973,1444274,0,0,0,1832000,118000,1714000,-1975000,0,2000000,-2000000,40000,15000,25000,1183274
2327,國巨            ,1823152,929173,893979,0,0,0,214000,0,214000,70000,69000,65000,4000,197000,131000,66000,1177979
064999,T50反1國票9C購03,0,0,0,0,0,0,0,0,0,1171000,0,0,0,1335000,164000,1171000,1171000
062388,旭富國泰01購01  ,0,0,0,0,0,0,0,0,0,1167000,0,0,0,1264000,97000,1167000,1167000
065984,緯創富邦03購01  ,0,0,0,0,0,0,0,0,0,1158000,0,0,0,1600000,442000,1158000,1158000
055039,神達富邦99購01  ,0,0,0,0,0,0,0,0,0,1152000,0,0,0,1162000,10000,1152000,1152000
07032P,聯發科統一9C售02,0,0,0,0,0,0,0,0,0,1140000,0,0,0,1140000,0,1140000,1140000
063976,正崴兆豐9C購01  ,0,0,0,0,0,0,0,0,0,1138000,0,0,0,1202000,64000,1138000,1138000
063250,同欣電元大9B購03,0,0,0,0,0,0,0,0,0,1110000,0,0,0,1143000,33000,1110000,1110000
065847,嘉晶元大9C購03  ,0,0,0,0,0,0,0,0,0,1110000,0,0,0,1136000,26000,1110000,1110000
064188,玉晶光永豐9C購02,0,0,0,0,0,0,0,0,0,1108000,0,0,0,1108000,0,1108000,1108000
064928,同欣電統一01購02,0,0,0,0,0,0,0,0,0,1094000,0,0,0,1247000,153000,1094000,1094000
061357,寶成元大9A購01  ,0,0,0,0,0,0,0,0,0,1091000,0,0,0,1397000,306000,1091000,1091000
08464P,牧德永豐9C售02  ,0,0,0,0,0,0,0,0,0,1083000,0,0,0,1119000,36000,1083000,1083000
2880,華南金          ,2293252,1145790,1147462,0,0,0,14000,98000,-84000,0,0,0,0,0,0,0,1063462
2301,光寶科          ,2629870,2692586,-62716,0,0,0,1664000,10000,1654000,-539000,2000,498000,-496000,6000,49000,-43000,1052284
066737,創意元大01購05  ,0,0,0,0,0,0,0,0,0,1036000,0,0,0,1163000,127000,1036000,1036000
063581,同欣電國泰9C購01,0,0,0,0,0,0,0,0,0,1008000,0,0,0,1247000,239000,1008000,1008000
05830P,滬深2X元富99售03,0,0,0,0,0,0,0,0,0,1005000,0,0,0,2089000,1084000,1005000,1005000
055975,鴻海統一98購05  ,0,0,0,0,0,0,0,0,0,998000,0,0,0,998000,0,998000,998000
064163,康控統一01購01  ,0,0,0,0,0,0,0,0,0,987000,0,0,0,1002000,15000,987000,987000
066313,泰豐永豐01購01  ,0,0,0,0,0,0,0,0,0,985000,0,0,0,1051000,66000,985000,985000
2455,全新            ,1435010,532000,903010,0,0,0,15000,0,15000,64000,0,20000,-20000,126000,42000,84000,982010
065457,旭富元富03購01  ,0,0,0,0,0,0,0,0,0,962000,0,0,0,963000,1000,962000,962000
064804,英業達元大9C購01,0,0,0,0,0,0,0,0,0,952000,0,0,0,1071000,119000,952000,952000
063592,瑞祺永豐9B購02  ,0,0,0,0,0,0,0,0,0,938000,0,0,0,1091000,153000,938000,938000
058811,台積電統一9A購05,0,0,0,0,0,0,0,0,0,937000,0,0,0,947000,10000,937000,937000
00738U,元大道瓊白銀    ,64000,7000,57000,0,0,0,0,0,0,879000,0,0,0,1601000,722000,879000,936000
062809,同欣電統一9C購01,0,0,0,0,0,0,0,0,0,925000,0,0,0,1266000,341000,925000,925000
057527,億光元大98購01  ,0,0,0,0,0,0,0,0,0,923000,0,0,0,973000,50000,923000,923000
064809,冠德元大9C購01  ,0,0,0,0,0,0,0,0,0,920000,0,0,0,1289000,369000,920000,920000
057563,旭富國泰9A購01  ,0,0,0,0,0,0,0,0,0,917000,0,0,0,919000,2000,917000,917000
065017,和大富邦03購01  ,0,0,0,0,0,0,0,0,0,909000,0,0,0,939000,30000,909000,909000
06025P,臺股指元大99售02,0,0,0,0,0,0,0,0,0,899000,0,0,0,916000,17000,899000,899000
063484,達方元大9B購01  ,0,0,0,0,0,0,0,0,0,888000,0,0,0,987000,99000,888000,888000
066468,申豐統一02購01  ,0,0,0,0,0,0,0,0,0,873000,0,0,0,1119000,246000,873000,873000
064165,同欣電統一01購01,0,0,0,0,0,0,0,0,0,870000,0,0,0,1033000,163000,870000,870000
3583,辛耘            ,1068000,595000,473000,0,0,0,261000,0,261000,130000,140000,10000,130000,0,0,0,864000
059950,百和永豐99購02  ,0,0,0,0,0,0,0,0,0,852000,0,0,0,880000,28000,852000,852000
057049,新日興元大98購02,0,0,0,0,0,0,0,0,0,851000,0,0,0,861000,10000,851000,851000
060195,旭富元富9A購02  ,0,0,0,0,0,0,0,0,0,847000,0,0,0,847000,0,847000,847000
5871,中租-KY         ,1768000,925000,843000,0,0,0,6000,8000,-2000,6000,23000,4000,19000,6000,19000,-13000,847000
062982,同欣電元富9B購01,0,0,0,0,0,0,0,0,0,842000,0,0,0,915000,73000,842000,842000
063435,儒鴻統一01購02  ,0,0,0,0,0,0,0,0,0,838000,0,0,0,868000,30000,838000,838000
064978,群創元大9C購07  ,0,0,0,0,0,0,0,0,0,837000,0,0,0,1005000,168000,837000,837000
00636,國泰中國A50     ,560000,97000,463000,0,0,0,0,0,0,369562,280000,150000,130000,1241562,1002000,239562,832562
08152P,祥碩統一9B售02  ,0,0,0,0,0,0,0,0,0,831000,0,0,0,831000,0,831000,831000
064988,志超元大9C購01  ,0,0,0,0,0,0,0,0,0,831000,0,0,0,956000,125000,831000,831000
00638R,元大滬深300反1  ,18000,18000,0,0,0,0,0,0,0,815000,0,0,0,1928000,1113000,815000,815000
08536P,台積電國票9C售08,0,0,0,0,0,0,0,0,0,811000,0,0,0,1042000,231000,811000,811000
065912,瑞祺永豐9C購02  ,0,0,0,0,0,0,0,0,0,803000,0,0,0,872000,69000,803000,803000
054803,味全元大9A購01  ,0,0,0,0,0,0,0,0,0,801000,0,0,0,906000,105000,801000,801000
064856,GIS國泰02購01   ,0,0,0,0,0,0,0,0,0,801000,0,0,0,987000,186000,801000,801000
057269,鈺齊兆豐98購01  ,0,0,0,0,0,0,0,0,0,800000,0,0,0,800000,0,800000,800000
062537,聯電國泰9C購01  ,0,0,0,0,0,0,0,0,0,796000,0,0,0,905000,109000,796000,796000
065385,億豐元大03購01  ,0,40000,-40000,0,0,0,0,0,0,830000,0,0,0,830000,0,830000,790000
2337,旺宏            ,3740200,2521755,1218445,0,0,0,0,0,0,-429000,6000,54000,-48000,70000,451000,-381000,789445
07563P,台灣50中信04售01,0,0,0,0,0,0,0,0,0,787000,0,0,0,792000,5000,787000,787000
063057,祥碩統一03購01  ,0,0,0,0,0,0,0,0,0,781000,0,0,0,1019000,238000,781000,781000
053917,友達國票97購03  ,0,0,0,0,0,0,0,0,0,779000,0,0,0,779000,0,779000,779000
067073,國揚元大01購02  ,0,0,0,0,0,0,0,0,0,760000,0,0,0,765000,5000,760000,760000
064244,GIS統一02購01   ,0,0,0,0,0,0,0,0,0,760000,0,0,0,1000000,240000,760000,760000
060239,國揚元大9C購01  ,0,0,0,0,0,0,0,0,0,757000,0,0,0,775000,18000,757000,757000
9945,潤泰新          ,3809000,928540,2880460,0,0,0,0,7206,-7206,-2118000,46000,0,46000,25000,2189000,-2164000,755254
064466,聯電元富9C購01  ,0,0,0,0,0,0,0,0,0,753000,0,0,0,1002000,249000,753000,753000
2892,第一金          ,2657097,5492545,-2835448,0,0,0,3687000,99000,3588000,0,0,0,0,0,0,0,752552
063583,GIS國泰01購01   ,0,0,0,0,0,0,0,0,0,729000,0,0,0,765000,36000,729000,729000
067278,申豐統一02購03  ,0,0,0,0,0,0,0,0,0,724000,0,0,0,745000,21000,724000,724000
064612,聯電元大01購01  ,0,0,0,0,0,0,0,0,0,723000,0,0,0,756000,33000,723000,723000
2360,致茂            ,1340236,572000,768236,0,0,0,20000,69239,-49239,3000,18000,18000,0,9000,6000,3000,721997
065193,和大元富03購02  ,0,0,0,0,0,0,0,0,0,715000,0,0,0,715000,0,715000,715000
065641,台積電元大9C購12,0,0,0,0,0,0,0,0,0,710000,0,0,0,3001000,2291000,710000,710000
2855,統一證          ,1939000,1225223,713777,0,0,0,0,6000,-6000,0,0,0,0,0,0,0,707777
063285,華擎元大9B購03  ,0,0,0,0,0,0,0,0,0,705000,0,0,0,844000,139000,705000,705000
060279,SP黃豆元大9A購01,0,0,0,0,0,0,0,0,0,699000,0,0,0,699000,0,699000,699000
067200,深中小元大03購01,0,0,0,0,0,0,0,0,0,697000,0,0,0,760000,63000,697000,697000
064784,祥碩群益9C購01  ,0,0,0,0,0,0,0,0,0,697000,0,0,0,707000,10000,697000,697000
064478,聚陽富邦01購01  ,0,0,0,0,0,0,0,0,0,694000,0,0,0,789000,95000,694000,694000
059100,元油2X統一9C購02,0,0,0,0,0,0,0,0,0,693000,0,0,0,703000,10000,693000,693000
5880,合庫金          ,3387724,2614385,773339,0,0,0,23000,102000,-79000,-2000,0,2000,-2000,0,0,0,692339
064699,臻鼎群益9C購01  ,0,0,0,0,0,0,0,0,0,689000,0,0,0,699000,10000,689000,689000
00671R,富邦NASDAQ反1   ,48000,0,48000,0,0,0,0,0,0,632000,0,0,0,1236000,604000,632000,680000
066465,同欣電統一01購05,0,0,0,0,0,0,0,0,0,673000,0,0,0,733000,60000,673000,673000
057544,鴻海凱基02購01  ,0,0,0,0,0,0,0,0,0,673000,0,0,0,1204000,531000,673000,673000
067130,泰豐永豐01購02  ,0,0,0,0,0,0,0,0,0,672000,0,0,0,672000,0,672000,672000
06799P,臺股指凱基98售09,0,0,0,0,0,0,0,0,0,671000,0,0,0,1348000,677000,671000,671000
064037,寶成元大9C購02  ,0,0,0,0,0,0,0,0,0,669000,0,0,0,1358000,689000,669000,669000
057079,台積電統一9A購02,0,0,0,0,0,0,0,0,0,667000,0,0,0,692000,25000,667000,667000
056584,鴻海統一9B購01  ,0,20000,-20000,0,0,0,0,0,0,682000,0,0,0,2094000,1412000,682000,662000
064420,台積電兆豐9C購03,0,0,0,0,0,0,0,0,0,659000,0,0,0,679000,20000,659000,659000
1102,亞泥            ,4272898,3900621,372277,0,0,0,340000,34000,306000,-22000,73000,37000,36000,0,58000,-58000,656277
061754,晶技麥證9B購01  ,0,0,0,650000,0,650000,0,0,0,650000,0,0,0,650000,0,650000,650000
065648,華擎元大01購02  ,0,0,0,0,0,0,0,0,0,648000,0,0,0,808000,160000,648000,648000
1303,南亞            ,1238119,1927860,-689741,0,0,0,1382000,68000,1314000,23000,20000,0,20000,3000,0,3000,647259
08562P,南電國票01售03  ,0,0,0,0,0,0,0,0,0,647000,0,0,0,679000,32000,647000,647000
6443,元晶            ,1016000,371000,645000,0,0,0,0,0,0,0,0,0,0,0,0,0,645000
058664,百和兆豐99購01  ,0,0,0,0,0,0,0,0,0,644000,0,0,0,646000,2000,644000,644000
07635P,世芯永豐9A售05  ,0,0,0,0,0,0,0,0,0,640000,0,0,0,640000,0,640000,640000
057475,聯電元大9A購01  ,0,0,0,0,0,0,0,0,0,638000,0,0,0,1123000,485000,638000,638000
058146,勤誠元大99購01  ,0,0,0,0,0,0,0,0,0,638000,0,0,0,684000,46000,638000,638000
058149,百和元大99購02  ,0,0,0,0,0,0,0,0,0,637000,0,0,0,722000,85000,637000,637000
08360P,國巨國泰02售01  ,0,0,0,0,0,0,0,0,0,624000,0,0,0,668000,44000,624000,624000
065547,同欣電兆豐01購01,0,0,0,0,0,0,0,0,0,620000,0,0,0,669000,49000,620000,620000
2385,群光            ,872241,702000,170241,0,0,0,502000,8000,494000,-46000,0,0,0,0,46000,-46000,618241
2603,長榮            ,1658000,3005738,-1347738,0,0,0,0,18000,-18000,1983000,2042000,0,2042000,1000,60000,-59000,617262
065690,台苯群益9C購01  ,0,0,0,0,0,0,0,0,0,616000,0,0,0,666000,50000,616000,616000
066519,達方永豐01購01  ,0,0,0,0,0,0,0,0,0,608000,0,0,0,608000,0,608000,608000
064990,世紀鋼元大01購01,0,0,0,0,0,0,0,0,0,608000,0,0,0,697000,89000,608000,608000
064237,奇鋐統一01購01  ,0,0,0,0,0,0,0,0,0,608000,0,0,0,689000,81000,608000,608000
045189,大立光元富98購01,0,0,0,0,0,0,0,0,0,606000,0,0,0,606000,0,606000,606000
08588P,緯穎元富03售01  ,0,0,0,0,0,0,0,0,0,604000,0,0,0,737000,133000,604000,604000
054633,臺股指凱基9A購02,0,0,0,0,0,0,0,0,0,601000,0,0,0,696000,95000,601000,601000
065722,緯創兆豐9C購02  ,0,0,0,0,0,0,0,0,0,601000,0,0,0,674000,73000,601000,601000
08315P,台積電元大9C售08,0,0,0,0,0,0,0,0,0,600000,0,0,0,738000,138000,600000,600000
062927,同欣電國票9B購02,0,0,0,0,0,0,0,0,0,598000,0,0,0,623000,25000,598000,598000
056835,聯電元富99購01  ,0,0,0,0,0,0,0,0,0,594000,0,0,0,654000,60000,594000,594000
062013,奇鋐富邦9B購01  ,0,0,0,0,0,0,0,0,0,590000,0,0,0,733000,143000,590000,590000
065194,和大元富9C購01  ,0,0,0,0,0,0,0,0,0,584000,0,0,0,584000,0,584000,584000
064986,GIS元大9C購07   ,0,130000,-130000,0,0,0,0,0,0,713000,0,0,0,1285000,572000,713000,583000
066236,潤泰全富邦01購01,0,0,0,0,0,0,0,0,0,582000,0,0,0,686000,104000,582000,582000
067008,康舒永豐01購01  ,0,0,0,0,0,0,0,0,0,580000,0,0,0,979000,399000,580000,580000
063490,儒鴻富邦9C購01  ,0,0,0,0,0,0,0,0,0,579000,0,0,0,645000,66000,579000,579000
066723,聯電元大02購01  ,0,0,0,0,0,0,0,0,0,575000,0,0,0,582000,7000,575000,575000
060028,國揚永豐99購01  ,0,0,0,0,0,0,0,0,0,570000,0,0,0,613000,43000,570000,570000
08410P,臺股指元大9C售16,0,0,0,0,0,0,0,0,0,568000,0,0,0,700000,132000,568000,568000
066014,嘉晶元富07購01  ,0,0,0,0,0,0,0,0,0,565000,0,0,0,639000,74000,565000,565000
053377,台積電元大98購01,0,0,0,0,0,0,0,0,0,562000,0,0,0,575000,13000,562000,562000
064768,仁寶中信03購01  ,0,0,0,0,0,0,0,0,0,560000,0,0,0,655000,95000,560000,560000
064943,聚陽凱基9C購01  ,0,0,0,0,0,0,0,0,0,556000,0,0,0,576000,20000,556000,556000
06933P,禾伸堂元大98售03,0,0,0,0,0,0,0,0,0,550000,0,0,0,550000,0,550000,550000
065964,鴻海元大02購01  ,0,0,0,0,0,0,0,0,0,548000,0,0,0,760000,212000,548000,548000
064524,GIS群益02購01   ,0,0,0,0,0,0,0,0,0,546000,0,0,0,595000,49000,546000,546000
066314,台橡永豐01購01  ,0,0,0,0,0,0,0,0,0,545000,0,0,0,672000,127000,545000,545000
064811,華擎元大01購01  ,0,0,0,0,0,0,0,0,0,545000,0,0,0,789000,244000,545000,545000
063863,儒鴻富邦02購01  ,0,0,0,0,0,0,0,0,0,544000,0,0,0,764000,220000,544000,544000
057278,可成元大98購06  ,0,0,0,0,0,0,0,0,0,542000,0,0,0,554000,12000,542000,542000
061032,金像電永豐9A購03,0,0,0,0,0,0,0,0,0,542000,0,0,0,626000,84000,542000,542000
1589,永冠-KY         ,1134000,1009000,125000,0,0,0,230000,0,230000,186000,260000,74000,186000,0,0,0,541000
063980,智易兆豐9C購02  ,0,0,0,0,0,0,0,0,0,540000,0,0,0,595000,55000,540000,540000
2357,華碩            ,861711,774277,87434,0,0,0,492000,4000,488000,-36000,1000,2000,-1000,5000,40000,-35000,539434
058558,鴻海日盛9A購02  ,0,0,0,0,0,0,0,0,0,539000,0,0,0,681000,142000,539000,539000
07777P,創意元大9A售03  ,0,0,0,0,0,0,0,0,0,538000,0,0,0,890000,352000,538000,538000
065447,緯創統一02購02  ,0,0,0,0,0,0,0,0,0,537000,0,0,0,803000,266000,537000,537000
065179,同欣電元大02購01,0,0,0,0,0,0,0,0,0,535000,0,0,0,600000,65000,535000,535000
061421,台積電元大9A購29,0,0,0,0,0,0,0,0,0,534000,0,0,0,663000,129000,534000,534000
063347,祥碩統一01購03  ,0,0,0,0,0,0,0,0,0,533000,0,0,0,533000,0,533000,533000
057675,同欣電元大98購02,0,0,0,0,0,0,0,0,0,532000,0,0,0,591000,59000,532000,532000
066954,聯詠元大01購04  ,0,0,0,0,0,0,0,0,0,531000,0,0,0,553000,22000,531000,531000
066352,晶碩永豐01購01  ,0,0,0,0,0,0,0,0,0,529000,0,0,0,535000,6000,529000,529000
063134,裕隆統一01購01  ,0,0,0,0,0,0,0,0,0,527000,0,0,0,842000,315000,527000,527000
06466P,台積電統一9B售01,0,0,0,0,0,0,0,0,0,527000,0,0,0,582000,55000,527000,527000
08311P,台積電國票9C售07,0,0,0,0,0,0,0,0,0,526000,0,0,0,526000,0,526000,526000
066233,華碩富邦02購01  ,0,0,0,0,0,0,0,0,0,523000,0,0,0,619000,96000,523000,523000
07740P,臺股指永豐9A售01,0,0,0,0,0,0,0,0,0,520000,0,0,0,520000,0,520000,520000
08714P,華碩元富01售03  ,0,0,0,0,0,0,0,0,0,518000,0,0,0,711000,193000,518000,518000
062665,智易群益9B購01  ,0,0,0,0,0,0,0,0,0,518000,0,0,0,518000,0,518000,518000
056211,南港國票98購01  ,0,0,0,0,0,0,0,0,0,516000,0,0,0,521000,5000,516000,516000
059644,茂林凱基99購03  ,0,0,0,0,0,0,0,0,0,516000,0,0,0,531000,15000,516000,516000
064839,旭富統一9C購01  ,0,0,0,0,0,0,0,0,0,516000,0,0,0,540000,24000,516000,516000
00712,FH富時不動產    ,620000,7000,613000,0,0,0,0,0,0,-98000,0,0,0,193000,291000,-98000,515000
060337,FBVIX統一9A購01 ,0,0,0,0,0,0,0,0,0,515000,0,0,0,539000,24000,515000,515000
2454,聯發科          ,4348757,4000628,348129,0,0,0,117000,19000,98000,62000,69000,57000,12000,57000,7000,50000,508129
058776,台積電國票9A購03,0,0,0,0,0,0,0,0,0,508000,0,0,0,518000,10000,508000,508000
063237,微星元大9B購02  ,0,0,0,0,0,0,0,0,0,508000,0,0,0,671000,163000,508000,508000
066137,智易群益01購01  ,0,0,0,0,0,0,0,0,0,508000,0,0,0,557000,49000,508000,508000
4938,和碩            ,734805,1645000,-910195,0,0,0,1758000,20000,1738000,-320000,0,196000,-196000,1000,125000,-124000,507805
062063,世紀鋼統一9C購01,0,0,0,0,0,0,0,0,0,507000,0,0,0,666000,159000,507000,507000
065862,世紀鋼元大9C購06,0,0,0,0,0,0,0,0,0,507000,0,0,0,611000,104000,507000,507000
00634R,富邦上証反1     ,381000,127000,254000,0,0,0,0,0,0,252000,0,0,0,1909000,1657000,252000,506000
1760,寶齡富錦        ,1288000,763000,525000,0,0,0,0,20000,-20000,0,0,0,0,0,0,0,505000
07021P,台積電富邦9C售02,0,0,0,0,0,0,0,0,0,504000,0,0,0,504000,0,504000,504000
054533,泰碩國泰98購01  ,0,0,0,0,0,0,0,0,0,503000,0,0,0,503000,0,503000,503000
065078,台積電元大02購01,0,0,0,0,0,0,0,0,0,503000,0,0,0,5090000,4587000,503000,503000
07372P,滬深2X元大99售08,0,0,0,0,0,0,0,0,0,499000,0,0,0,499000,0,499000,499000
00652,富邦印度        ,279000,2000,277000,0,0,0,0,0,0,221787,0,0,0,262787,41000,221787,498787
08306P,台積電凱基01售04,0,0,0,0,0,0,0,0,0,498000,0,0,0,501000,3000,498000,498000
054371,台積電中信9C購01,0,0,0,0,0,0,0,0,0,498000,0,0,0,547000,49000,498000,498000
08201P,祥碩元大9B售09  ,0,0,0,0,0,0,0,0,0,495000,0,0,0,510000,15000,495000,495000
058584,百和群益9A購01  ,0,0,0,0,0,0,0,0,0,495000,0,0,0,495000,0,495000,495000
046949,群創元大99購01  ,0,0,0,0,0,0,0,0,0,493000,0,0,0,734000,241000,493000,493000
063274,鈺齊兆豐9B購01  ,0,0,0,0,0,0,0,0,0,487000,0,0,0,627000,140000,487000,487000
063506,嘉晶群益9B購01  ,0,0,0,0,0,0,0,0,0,486000,0,0,0,555000,69000,486000,486000
4906,正文            ,962000,379000,583000,0,0,0,0,0,0,-99000,4000,80000,-76000,6000,29000,-23000,484000
066469,申豐統一02購02  ,0,0,0,0,0,0,0,0,0,483000,0,0,0,556000,73000,483000,483000
08321P,世芯永豐9C售01  ,0,0,0,0,0,0,0,0,0,478000,0,0,0,570000,92000,478000,478000
062028,晶技群益9B購01  ,0,0,0,0,0,0,0,0,0,476000,0,0,0,490000,14000,476000,476000
064354,同欣電元大9C購05,0,0,0,0,0,0,0,0,0,475000,0,0,0,532000,57000,475000,475000
066507,和碩富邦03購01  ,0,0,0,0,0,0,0,0,0,474000,0,0,0,511000,37000,474000,474000
059093,旭富元大99購01  ,0,0,0,0,0,0,0,0,0,474000,0,0,0,622000,148000,474000,474000
064531,旭富兆豐9C購01  ,0,0,0,0,0,0,0,0,0,473000,0,0,0,473000,0,473000,473000
060290,興富發元大9C購01,0,0,0,0,0,0,0,0,0,472000,0,0,0,482000,10000,472000,472000
066748,同欣電元大01購03,0,0,0,0,0,0,0,0,0,470000,0,0,0,640000,170000,470000,470000
064674,鈺齊元大9C購01  ,0,0,0,0,0,0,0,0,0,468000,0,0,0,543000,75000,468000,468000
063881,嘉晶元富9C購01  ,0,0,0,0,0,0,0,0,0,468000,0,0,0,468000,0,468000,468000
067097,為升群益01購01  ,0,0,0,0,0,0,0,0,0,467000,0,0,0,488000,21000,467000,467000
056579,麗豐元大99購01  ,0,0,0,0,0,0,0,0,0,465000,0,0,0,569000,104000,465000,465000
062705,美食元大9B購01  ,0,0,0,0,0,0,0,0,0,464000,0,0,0,464000,0,464000,464000
066702,開發金群益03購01,0,0,0,0,0,0,0,0,0,462000,0,0,0,462000,0,462000,462000
2428,興勤            ,526000,59000,467000,0,0,0,0,0,0,-6000,0,0,0,13000,19000,-6000,461000
060375,葡萄王元富9A購01,0,0,0,0,0,0,0,0,0,460000,0,0,0,460000,0,460000,460000
065850,緯創元大9C購06  ,0,0,0,0,0,0,0,0,0,458000,0,0,0,683000,225000,458000,458000
063269,儒鴻兆豐9C購01  ,0,0,0,0,0,0,0,0,0,455000,0,0,0,466000,11000,455000,455000
3034,聯詠            ,1466238,981000,485238,0,0,0,73000,9000,64000,-95000,28000,69000,-41000,3000,57000,-54000,454238
066830,國揚群益01購01  ,0,0,0,0,0,0,0,0,0,453000,0,0,0,499000,46000,453000,453000
056615,燿華永豐98購02  ,0,0,0,0,0,0,0,0,0,450000,0,0,0,450000,0,450000,450000
053152,大立光元大99購01,0,0,0,0,0,0,0,0,0,450000,0,0,0,450000,0,450000,450000
07149P,健鼎元大99售03  ,0,0,0,0,0,0,0,0,0,448000,0,0,0,598000,150000,448000,448000
060791,聯茂富邦9A購02  ,0,0,0,0,0,0,0,0,0,448000,0,0,0,450000,2000,448000,448000
060695,同欣電麥證9A購01,0,50000,-50000,612000,115000,497000,0,0,0,497000,0,0,0,612000,115000,497000,447000
062812,國巨兆豐9B購03  ,0,0,0,0,0,0,0,0,0,446000,0,0,0,448000,2000,446000,446000
064170,儒鴻元富9C購01  ,0,0,0,0,0,0,0,0,0,446000,0,0,0,486000,40000,446000,446000
1789,神隆            ,1754000,1271000,483000,0,0,0,0,0,0,-38000,1000,1000,0,29000,67000,-38000,445000
062722,京元電凱基9B購02,0,0,0,0,0,0,0,0,0,444000,0,0,0,788000,344000,444000,444000
1513,中興電          ,566000,127125,438875,0,0,0,0,0,0,5000,8000,5000,3000,8000,6000,2000,443875
054287,台積電元大97購11,0,0,0,0,0,0,0,0,0,443000,0,0,0,443000,0,443000,443000
065956,緯創統一01購01  ,0,0,0,0,0,0,0,0,0,442000,0,0,0,458000,16000,442000,442000
1325,恆大            ,692000,360000,332000,0,0,0,0,1000,-1000,109000,109000,0,109000,0,0,0,440000
065450,同欣電統一01購03,0,0,0,0,0,0,0,0,0,440000,0,0,0,540000,100000,440000,440000
064817,鈺齊元大9C購02  ,0,0,0,0,0,0,0,0,0,439000,0,0,0,471000,32000,439000,439000
07459P,緯穎元大9A售01  ,0,0,0,0,0,0,0,0,0,438000,0,0,0,656000,218000,438000,438000
08341P,國泰金台新9C售01,0,0,0,0,0,0,0,0,0,437000,0,0,0,439000,2000,437000,437000
065022,同欣電富邦01購01,0,0,0,0,0,0,0,0,0,437000,0,0,0,447000,10000,437000,437000
5388,中磊            ,604000,202000,402000,0,0,0,0,0,0,34000,0,0,0,53000,19000,34000,436000
061970,大立光統一9C購03,0,0,0,0,0,0,0,0,0,435000,0,0,0,470000,35000,435000,435000
061517,瑞祺永豐9A購03  ,0,0,0,0,0,0,0,0,0,434000,0,0,0,435000,1000,434000,434000
063641,泰鼎元大9B購04  ,0,0,0,0,0,0,0,0,0,433000,0,0,0,455000,22000,433000,433000
059123,訊芯永豐99購03  ,0,0,0,0,0,0,0,0,0,432000,0,0,0,551000,119000,432000,432000
058343,台積電群益99購02,0,0,0,0,0,0,0,0,0,431000,0,0,0,457000,26000,431000,431000
061379,鈺齊永豐9A購02  ,0,0,0,0,0,0,0,0,0,429000,0,0,0,775000,346000,429000,429000
08300P,世芯國票01售01  ,0,0,0,0,0,0,0,0,0,427000,0,0,0,438000,11000,427000,427000
064689,台積電群益9C購09,0,0,0,0,0,0,0,0,0,426000,0,0,0,1147000,721000,426000,426000
2633,台灣高鐵        ,1648810,1023000,625810,0,0,0,12000,12000,0,-200000,0,175000,-175000,51000,76000,-25000,425810
07102P,南電元大99售03  ,0,0,0,0,0,0,0,0,0,425000,0,0,0,425000,0,425000,425000
066270,國揚元大01購01  ,0,0,0,0,0,0,0,0,0,425000,0,0,0,804000,379000,425000,425000
056604,鴻海富邦9A購01  ,0,0,0,0,0,0,0,0,0,424000,0,0,0,724000,300000,424000,424000
066774,聯詠富邦03購01  ,0,0,0,0,0,0,0,0,0,419000,0,0,0,650000,231000,419000,419000
059043,聯電日盛99購01  ,0,0,0,0,0,0,0,0,0,419000,0,0,0,419000,0,419000,419000
064714,和大統一02購02  ,0,0,0,0,0,0,0,0,0,419000,0,0,0,419000,0,419000,419000
1720,生達            ,657000,392000,265000,0,0,0,0,0,0,154000,157000,0,157000,2000,5000,-3000,419000
066328,國揚永豐01購01  ,0,0,0,0,0,0,0,0,0,418000,0,0,0,427000,9000,418000,418000
065952,聯發科統一03購02,0,0,0,0,0,0,0,0,0,417000,0,0,0,819000,402000,417000,417000
067022,台虹中信01購01  ,0,0,0,0,0,0,0,0,0,415000,0,0,0,500000,85000,415000,415000
065950,正崴統一03購01  ,0,0,0,0,0,0,0,0,0,414000,0,0,0,460000,46000,414000,414000
064444,聚陽統一01購02  ,0,0,0,0,0,0,0,0,0,414000,0,0,0,507000,93000,414000,414000
064384,聯電富邦01購01  ,0,0,0,0,0,0,0,0,0,413000,0,0,0,431000,18000,413000,413000
063265,瑞祺永豐9B購01  ,0,0,0,0,0,0,0,0,0,409000,0,0,0,501000,92000,409000,409000
06657P,寶成元大98售01  ,0,0,0,0,0,0,0,0,0,408000,0,0,0,470000,62000,408000,408000
08331P,義隆元富9C售02  ,0,0,0,0,0,0,0,0,0,408000,0,0,0,423000,15000,408000,408000
063783,儒鴻中信9C購01  ,0,0,0,0,0,0,0,0,0,407000,0,0,0,445000,38000,407000,407000
9914,美利達          ,903000,577000,326000,0,0,0,45000,0,45000,36000,37000,0,37000,4000,5000,-1000,407000
055249,大毅統一99購01  ,0,0,0,0,0,0,0,0,0,406000,0,0,0,436000,30000,406000,406000
08427P,義隆國票9C售01  ,0,0,0,0,0,0,0,0,0,405000,0,0,0,405000,0,405000,405000
00708L,元大S&P黃金正2  ,17000,17000,0,0,0,0,0,0,0,404000,0,0,0,1773000,1369000,404000,404000
058148,百和元大99購01  ,0,0,0,0,0,0,0,0,0,404000,0,0,0,411000,7000,404000,404000
058670,鴻海群益9A購03  ,0,0,0,0,0,0,0,0,0,404000,0,0,0,556000,152000,404000,404000
08110P,臺股指中信01售05,0,0,0,0,0,0,0,0,0,403000,0,0,0,548000,145000,403000,403000
067065,為升元大01購03  ,0,0,0,0,0,0,0,0,0,402000,0,0,0,403000,1000,402000,402000
063915,祥碩凱基01購01  ,0,0,0,0,0,0,0,0,0,402000,0,0,0,410000,8000,402000,402000
07590P,玉晶光國票9A售03,0,0,0,0,0,0,0,0,0,400000,0,0,0,430000,30000,400000,400000
07839P,嘉澤元大9A售04  ,0,0,0,0,0,0,0,0,0,400000,0,0,0,400000,0,400000,400000
052413,上証反中信97購01,0,0,0,0,0,0,0,0,0,400000,0,0,0,400000,0,400000,400000
055325,佐登國票98購01  ,0,0,0,0,0,0,0,0,0,399000,0,0,0,399000,0,399000,399000
058067,台積電第一9C購01,0,0,0,0,0,0,0,0,0,399000,0,0,0,399000,0,399000,399000
059008,鈺齊元大99購03  ,0,0,0,0,0,0,0,0,0,396000,0,0,0,470000,74000,396000,396000
00648R,元大S&P500反1   ,15000,0,15000,0,0,0,0,0,0,381000,0,0,0,424000,43000,381000,396000
066243,潤泰新富邦03購01,0,0,0,0,0,0,0,0,0,396000,0,0,0,397000,1000,396000,396000
2388,威盛            ,1460000,1061900,398100,0,0,0,0,2829,-2829,0,0,0,0,0,0,0,395271
067307,聯詠元大01購06  ,0,0,0,0,0,0,0,0,0,395000,0,0,0,455000,60000,395000,395000
061775,臺指反國票9B購04,0,0,0,0,0,0,0,0,0,395000,0,0,0,499000,104000,395000,395000
063554,GIS國票9C購03   ,0,0,0,0,0,0,0,0,0,392000,0,0,0,437000,45000,392000,392000
065582,景碩國泰01購01  ,0,0,0,0,0,0,0,0,0,392000,0,0,0,508000,116000,392000,392000
064812,旭富元大9C購04  ,0,0,0,0,0,0,0,0,0,392000,0,0,0,460000,68000,392000,392000
1210,大成            ,809000,399377,409623,0,0,0,0,0,0,-18000,27000,10000,17000,4000,39000,-35000,391623
07919P,創意永豐9B售01  ,0,0,0,0,0,0,0,0,0,391000,0,0,0,421000,30000,391000,391000
062386,京鼎國泰9C購01  ,0,0,0,0,0,0,0,0,0,391000,0,0,0,421000,30000,391000,391000
067322,達方元大01購01  ,0,0,0,0,0,0,0,0,0,390000,0,0,0,400000,10000,390000,390000
058803,世紀鋼元大99購03,0,0,0,0,0,0,0,0,0,390000,0,0,0,483000,93000,390000,390000
057026,長榮航凱基98購01,0,0,0,0,0,0,0,0,0,390000,0,0,0,390000,0,390000,390000
063494,金像電富邦9B購01,0,0,0,0,0,0,0,0,0,390000,0,0,0,1164000,774000,390000,390000
063874,志超永豐9C購01  ,0,0,0,0,0,0,0,0,0,389000,0,0,0,389000,0,389000,389000
061027,儒鴻永豐9A購02  ,0,0,0,0,0,0,0,0,0,387000,0,0,0,387000,0,387000,387000
065496,裕隆富邦9C購01  ,0,0,0,0,0,0,0,0,0,387000,0,0,0,397000,10000,387000,387000
1734,杏輝            ,127000,0,127000,0,0,0,0,0,0,260000,0,0,0,260000,0,260000,387000
8016,矽創            ,594000,215000,379000,0,0,0,0,24000,-24000,32000,4000,10000,-6000,48000,10000,38000,387000
065202,南電元富06購01  ,0,0,0,0,0,0,0,0,0,386000,0,0,0,595000,209000,386000,386000
064204,瑞儀兆豐01購01  ,0,0,0,0,0,0,0,0,0,386000,0,0,0,603000,217000,386000,386000
063442,金像電統一01購01,0,0,0,0,0,0,0,0,0,384000,0,0,0,453000,69000,384000,384000
066285,松翰元大01購02  ,0,0,0,0,0,0,0,0,0,384000,0,0,0,470000,86000,384000,384000
2838,聯邦銀          ,666000,283264,382736,0,0,0,0,0,0,0,0,0,0,0,0,0,382736
061372,世紀鋼國泰9C購01,0,0,0,0,0,0,0,0,0,380000,0,0,0,614000,234000,380000,380000
065539,瑞儀統一01購01  ,0,0,0,0,0,0,0,0,0,380000,0,0,0,563000,183000,380000,380000
067063,為升元大01購01  ,0,0,0,0,0,0,0,0,0,379000,0,0,0,489000,110000,379000,379000
065126,世芯永豐9C購02  ,0,0,0,0,0,0,0,0,0,379000,0,0,0,533000,154000,379000,379000
064593,鈺齊永豐9C購01  ,0,0,0,0,0,0,0,0,0,379000,0,0,0,1022000,643000,379000,379000
063961,世紀鋼元大9C購05,0,0,0,0,0,0,0,0,0,378000,0,0,0,526000,148000,378000,378000
060432,達方永豐9A購01  ,0,0,0,0,0,0,0,0,0,377000,0,0,0,475000,98000,377000,377000
061673,仁寶元大9B購01  ,0,0,0,0,0,0,0,0,0,376000,0,0,0,479000,103000,376000,376000
064883,GIS兆豐01購01   ,0,0,0,0,0,0,0,0,0,376000,0,0,0,627000,251000,376000,376000
1314,中石化          ,2379000,2243502,135498,0,0,0,0,0,0,240000,100000,75000,25000,215000,0,215000,375498
066467,晶碩統一03購01  ,0,0,0,0,0,0,0,0,0,375000,0,0,0,455000,80000,375000,375000
062844,T50反1國泰9C購01,0,0,0,0,0,0,0,0,0,375000,0,0,0,405000,30000,375000,375000
065761,中租元大9C購02  ,0,0,0,0,0,0,0,0,0,375000,0,0,0,477000,102000,375000,375000
064925,和碩統一02購01  ,0,0,0,0,0,0,0,0,0,374000,0,0,0,384000,10000,374000,374000
064293,勤誠元大9C購01  ,0,0,0,0,0,0,0,0,0,374000,0,0,0,527000,153000,374000,374000
066688,台積電元富07購01,0,0,0,0,0,0,0,0,0,372000,0,0,0,1505000,1133000,372000,372000
065896,智易統一02購01  ,0,0,0,0,0,0,0,0,0,372000,0,0,0,409000,37000,372000,372000
053797,台積電中信98購01,0,0,0,0,0,0,0,0,0,371000,0,0,0,563000,192000,371000,371000
064483,瑞儀永豐9C購01  ,0,0,0,0,0,0,0,0,0,371000,0,0,0,371000,0,371000,371000
07259P,滬深2X國票01售01,0,0,0,0,0,0,0,0,0,370000,0,0,0,490000,120000,370000,370000
058147,鈺齊元大99購01  ,0,0,0,0,0,0,0,0,0,370000,0,0,0,373000,3000,370000,370000
061137,晶技統一9B購01  ,0,0,0,0,0,0,0,0,0,370000,0,0,0,652000,282000,370000,370000
066762,總太永豐01購02  ,0,0,0,0,0,0,0,0,0,369000,0,0,0,381000,12000,369000,369000
063493,金像電富邦01購01,0,0,0,0,0,0,0,0,0,369000,0,0,0,520000,151000,369000,369000
063167,同欣電永豐9B購03,0,0,0,0,0,0,0,0,0,369000,0,0,0,402000,33000,369000,369000
064446,聚陽統一02購02  ,0,0,0,0,0,0,0,0,0,369000,0,0,0,681000,312000,369000,369000
066452,晶碩群益01購01  ,0,0,0,0,0,0,0,0,0,365000,0,0,0,370000,5000,365000,365000
08778P,台積電群益01售09,0,0,0,0,0,0,0,0,0,365000,0,0,0,375000,10000,365000,365000
063409,GIS國票9C購02   ,0,0,0,0,0,0,0,0,0,363000,0,0,0,386000,23000,363000,363000
3665,貿聯-KY         ,698000,287665,410335,0,0,0,0,0,0,-50000,0,58000,-58000,20000,12000,8000,360335
057772,台積電群益99購01,0,0,0,0,0,0,0,0,0,360000,0,0,0,360000,0,360000,360000
058526,鈺齊元大99購02  ,0,0,0,0,0,0,0,0,0,360000,0,0,0,394000,34000,360000,360000
063653,儒鴻元富9B購01  ,0,0,0,0,0,0,0,0,0,359000,0,0,0,404000,45000,359000,359000
2472,立隆電          ,547000,191000,356000,0,0,0,0,0,0,3000,6000,3000,3000,0,0,0,359000
2615,萬海            ,702000,351000,351000,0,0,0,7000,0,7000,1000,1000,0,1000,0,0,0,359000
061030,喬山永豐9A購01  ,0,0,0,0,0,0,0,0,0,358000,0,0,0,358000,0,358000,358000
2371,大同            ,623000,253000,370000,0,0,0,0,0,0,-12000,11000,23000,-12000,0,0,0,358000
08159P,日月光元富9B售01,0,0,0,0,0,0,0,0,0,357000,0,0,0,387000,30000,357000,357000
055891,鴻海統一9A購01  ,0,0,0,0,0,0,0,0,0,357000,0,0,0,364000,7000,357000,357000
064236,奇力新統一01購04,0,0,0,0,0,0,0,0,0,357000,0,0,0,447000,90000,357000,357000
063707,儒鴻凱基9C購01  ,0,0,0,0,0,0,0,0,0,357000,0,0,0,437000,80000,357000,357000
061394,FBVIX統一9B購01 ,0,0,0,0,0,0,0,0,0,356000,0,0,0,356000,0,356000,356000
062916,智易元大9B購01  ,0,0,0,0,0,0,0,0,0,356000,0,0,0,366000,10000,356000,356000
067064,為升元大01購02  ,0,0,0,0,0,0,0,0,0,355000,0,0,0,366000,11000,355000,355000
063268,GIS中信9B購01   ,0,0,0,0,0,0,0,0,0,355000,0,0,0,444000,89000,355000,355000
063022,嘉晶元大9B購04  ,0,0,0,0,0,0,0,0,0,355000,0,0,0,386000,31000,355000,355000
3515,華擎            ,1062000,883143,178857,0,0,0,0,0,0,176000,112000,21000,91000,124000,39000,85000,354857
061584,勤誠元大9A購01  ,0,0,0,0,0,0,0,0,0,354000,0,0,0,477000,123000,354000,354000
063763,上銀元富9B購07  ,0,0,0,0,0,0,0,0,0,354000,0,0,0,372000,18000,354000,354000
6005,群益證          ,1948000,1593901,354099,0,0,0,7000,8000,-1000,0,0,0,0,0,0,0,353099
061626,超眾群益9A購02  ,0,0,0,0,0,0,0,0,0,353000,0,0,0,405000,52000,353000,353000
056945,鴻海統一98購12  ,0,0,0,0,0,0,0,0,0,352000,0,0,0,352000,0,352000,352000
07189P,聯發科富邦9B售03,0,0,0,0,0,0,0,0,0,350000,0,0,0,350000,0,350000,350000
053221,彩晶凱基98購01  ,0,0,0,0,0,0,0,0,0,350000,0,0,0,350000,0,350000,350000
060153,A50正2永豐9A購01,0,0,0,0,0,0,0,0,0,350000,0,0,0,361000,11000,350000,350000
060888,金像電統一9C購01,0,0,0,0,0,0,0,0,0,349000,0,0,0,383000,34000,349000,349000
060410,台苯永豐9A購01  ,0,0,0,0,0,0,0,0,0,347000,0,0,0,347000,0,347000,347000
064153,中壽統一9C購01  ,0,0,0,0,0,0,0,0,0,347000,0,0,0,353000,6000,347000,347000
062333,嘉晶統一9C購01  ,0,0,0,0,0,0,0,0,0,346000,0,0,0,462000,116000,346000,346000
064262,玉晶光永豐9C購03,0,0,0,0,0,0,0,0,0,342000,0,0,0,379000,37000,342000,342000
064704,嘉晶國泰01購01  ,0,0,0,0,0,0,0,0,0,342000,0,0,0,345000,3000,342000,342000
065517,緯創群益9C購02  ,0,0,0,0,0,0,0,0,0,342000,0,0,0,419000,77000,342000,342000
065642,台積電元大9C購13,0,0,0,0,0,0,0,0,0,341000,0,0,0,3540000,3199000,341000,341000
062734,臺指反國票9C購03,0,0,0,0,0,0,340000,0,0,0,390000,50000,340000,340000,,,
063229,台表科群益9B購04,0,0,0,0,0,0,0,0,0,340000,0,0,0,350000,10000,340000,340000
064338,美食元大9C購01  ,0,0,0,0,0,0,0,0,0,340000,0,0,0,340000,0,340000,340000
08211P,台表科元富9B售03,0,0,0,0,0,0,0,0,0,339000,0,0,0,705000,366000,339000,339000
064882,同欣電兆豐9C購01,0,0,0,0,0,0,0,0,0,339000,0,0,0,411000,72000,339000,339000
2369,菱生            ,918000,579000,339000,0,0,0,0,0,0,0,0,0,0,0,0,0,339000
065349,玉晶光統一9C購05,0,0,0,0,0,0,0,0,0,338000,0,0,0,486000,148000,338000,338000
07965P,玉晶光群益01售02,0,0,0,0,0,0,0,0,0,337000,0,0,0,765000,428000,337000,337000
064713,和大統一02購01  ,0,0,0,0,0,0,0,0,0,337000,0,0,0,337000,0,337000,337000
066674,達方凱基01購01  ,0,0,0,0,0,0,0,0,0,334000,0,0,0,384000,50000,334000,334000
062807,和碩統一9B購01  ,0,0,0,0,0,0,0,0,0,333000,0,0,0,403000,70000,333000,333000
3036,文曄            ,448000,181028,266972,0,0,0,0,3000,-3000,69000,10000,19000,-9000,99000,21000,78000,332972
08470P,世芯凱基9C售02  ,0,0,0,0,0,0,0,0,0,332000,0,0,0,616000,284000,332000,332000
063208,鈺齊統一9C購01  ,0,0,0,0,0,0,0,0,0,331000,0,0,0,674000,343000,331000,331000
065472,華新元大01購01  ,0,0,0,0,0,0,0,0,0,331000,0,0,0,332000,1000,331000,331000
066930,台積電國票02購01,0,0,0,0,0,0,0,0,0,330000,0,0,0,483000,153000,330000,330000
00675L,富邦臺灣加權正2 ,299000,50000,249000,0,0,0,0,0,0,81000,0,0,0,81000,0,81000,330000
064681,牧德兆豐01購01  ,0,0,0,0,0,0,0,0,0,330000,0,0,0,370000,40000,330000,330000
064820,裕隆統一9C購01  ,0,0,0,0,0,0,0,0,0,330000,0,0,0,538000,208000,330000,330000
067222,申豐元大01購01  ,0,0,0,0,0,0,0,0,0,329000,0,0,0,394000,65000,329000,329000
062416,和大統一01購02  ,0,0,0,0,0,0,0,0,0,327000,0,0,0,332000,5000,327000,327000
5471,松翰            ,1682000,1313000,369000,0,0,0,0,0,0,-42000,0,12000,-12000,38000,68000,-30000,327000
058788,喬山元大99購01  ,0,0,0,0,0,0,0,0,0,326000,0,0,0,326000,0,326000,326000
063049,上海銀兆豐9B購01,0,0,0,0,0,0,0,0,0,326000,0,0,0,361000,35000,326000,326000
067127,台虹富邦03購01  ,0,0,0,0,0,0,0,0,0,325000,0,0,0,410000,85000,325000,325000
057534,旭富元大98購01  ,0,0,0,0,0,0,0,0,0,325000,0,0,0,325000,0,325000,325000
066284,松翰元大01購01  ,0,0,0,0,0,0,0,0,0,325000,0,0,0,361000,36000,325000,325000
00656R,國泰中國A50反1  ,0,0,0,0,0,0,0,0,0,324000,0,0,0,1097000,773000,324000,324000
061796,興勤永豐9B購01  ,0,0,0,0,0,0,0,0,0,324000,0,0,0,684000,360000,324000,324000
07307P,上証2X凱基9A售02,0,0,0,0,0,0,0,0,0,322000,0,0,0,322000,0,322000,322000
065184,和大統一02購04  ,0,0,0,0,0,0,0,0,0,322000,0,0,0,325000,3000,322000,322000
065698,旺宏群益9C購08  ,0,0,0,0,0,0,0,0,0,321000,0,0,0,373000,52000,321000,321000
054072,台積電富邦98購02,0,0,0,0,0,0,0,0,0,320000,0,0,0,365000,45000,320000,320000
064123,台積電元大9C購09,0,0,0,0,0,0,0,0,0,320000,0,0,0,589000,269000,320000,320000
07771P,義隆國票9A售01  ,0,0,0,0,0,0,0,0,0,319000,0,0,0,319000,0,319000,319000
066768,瀚宇博永豐01購01,0,0,0,0,0,0,0,0,0,319000,0,0,0,332000,13000,319000,319000
065688,緯創元富9C購02  ,0,0,0,0,0,0,0,0,0,319000,0,0,0,372000,53000,319000,319000
065561,同欣電麥證9C購03,0,0,0,319000,0,319000,0,0,0,319000,0,0,0,319000,0,319000,319000
065562,同欣電麥證9C購04,0,0,0,319000,0,319000,0,0,0,319000,0,0,0,319000,0,319000,319000
065560,同欣電麥證9C購02,0,0,0,368000,0,368000,0,0,0,318000,0,0,0,368000,50000,318000,318000
066290,台塑化元大01購01,0,0,0,0,0,0,0,0,0,318000,0,0,0,622000,304000,318000,318000
064323,滬深2X元大9C購09,0,0,0,0,0,0,0,0,0,318000,0,0,0,515000,197000,318000,318000
065183,和大統一01購03  ,0,0,0,0,0,0,0,0,0,317000,0,0,0,317000,0,317000,317000
067131,為升永豐01購01  ,0,0,0,0,0,0,0,0,0,316000,0,0,0,316000,0,316000,316000
020012,富邦行動通訊N   ,0,0,0,0,0,0,0,0,0,316000,0,0,0,322000,6000,316000,316000
064234,正崴統一01購01  ,0,0,0,0,0,0,0,0,0,316000,0,0,0,394000,78000,316000,316000
066370,帆宣中信01購01  ,0,0,0,0,0,0,0,0,0,315000,0,0,0,315000,0,315000,315000
064592,同欣電永豐9C購01,0,0,0,0,0,0,0,0,0,315000,0,0,0,315000,0,315000,315000
065608,緯創元大9C購04  ,10000,0,10000,0,0,0,0,0,0,304000,0,0,0,491000,187000,304000,314000
054791,泰碩群益99購02  ,0,0,0,0,0,0,0,0,0,313000,0,0,0,415000,102000,313000,313000
060946,世紀鋼國票9A購02,0,0,0,0,0,0,0,0,0,313000,0,0,0,328000,15000,313000,313000
063436,儒鴻統一01購03  ,0,0,0,0,0,0,0,0,0,312000,0,0,0,412000,100000,312000,312000
063225,茂林群益9B購04  ,0,0,0,0,0,0,0,0,0,312000,0,0,0,483000,171000,312000,312000
063091,聯電中信9B購01  ,0,0,0,0,0,0,0,0,0,312000,0,0,0,487000,175000,312000,312000
063076,柏文永豐9B購02  ,0,0,0,0,0,0,0,0,0,311000,0,0,0,446000,135000,311000,311000
06914P,南茂元大98售03  ,0,0,0,0,0,0,0,0,0,310000,0,0,0,310000,0,310000,310000
054058,晶豪科國票98購01,0,0,0,0,0,0,0,0,0,310000,0,0,0,310000,0,310000,310000
4106,雃博            ,443000,224000,219000,0,0,0,0,0,0,91000,91000,0,91000,0,0,0,310000
058401,華航元大9A購01  ,0,0,0,0,0,0,0,0,0,309000,0,0,0,319000,10000,309000,309000
065348,中壽統一9C購02  ,0,0,0,0,0,0,0,0,0,309000,0,0,0,309000,0,309000,309000
060265,宏達電國票9A購02,0,0,0,0,0,0,0,0,0,308000,0,0,0,319000,11000,308000,308000
1711,永光            ,767000,442342,324658,0,0,0,0,0,0,-17000,2000,0,2000,0,19000,-19000,307658
2467,志聖            ,419000,113000,306000,0,0,0,0,0,0,0,0,0,0,0,0,0,306000
063658,瑞祺元富9B購01  ,0,0,0,0,0,0,0,0,0,305000,0,0,0,305000,0,305000,305000
064183,聯茂富邦01購01  ,0,0,0,0,0,0,0,0,0,305000,0,0,0,321000,16000,305000,305000
062323,上銀統一9B購03  ,0,0,0,0,0,0,0,0,0,304000,0,0,0,304000,0,304000,304000
065461,台光電中信9C購01,0,0,0,0,0,0,0,0,0,304000,0,0,0,347000,43000,304000,304000
063507,奇鋐群益9B購02  ,0,0,0,0,0,0,0,0,0,303000,0,0,0,303000,0,303000,303000
062968,仁寶元富9B購01  ,0,0,0,0,0,0,0,0,0,303000,0,0,0,383000,80000,303000,303000
063671,GIS統一01購01   ,0,0,0,0,0,0,0,0,0,302000,0,0,0,551000,249000,302000,302000
08150P,立積國票9C售01  ,0,0,0,0,0,0,0,0,0,301000,0,0,0,301000,0,301000,301000
065742,宏達電麥證9C購01,0,0,0,301000,0,301000,0,0,0,301000,0,0,0,301000,0,301000,301000
07420P,可成元大99售07  ,0,0,0,0,0,0,0,0,0,300000,0,0,0,300000,0,300000,300000
057533,晶相光元大98購02,0,0,0,0,0,0,0,0,0,300000,0,0,0,300000,0,300000,300000
054377,臺股指中信99購09,0,0,0,0,0,0,0,0,0,300000,0,0,0,300000,0,300000,300000
054786,全新群益99購02  ,0,0,0,0,0,0,0,0,0,300000,0,0,0,400000,100000,300000,300000
063569,美食元大9B購03  ,0,0,0,0,0,0,0,0,0,300000,0,0,0,310000,10000,300000,300000
061170,南茂兆豐9B購01  ,0,0,0,0,0,0,0,0,0,300000,0,0,0,300000,0,300000,300000
062880,大立光兆豐9B購02,0,0,0,0,0,0,0,0,0,300000,0,0,0,300000,0,300000,300000
065433,緯創凱基9C購01  ,0,0,0,0,0,0,0,0,0,300000,0,0,0,312000,12000,300000,300000
065650,旭富元大9C購07  ,0,0,0,0,0,0,0,0,0,300000,0,0,0,300000,0,300000,300000
065249,聯發科麥證9C購04,0,0,0,300000,0,300000,0,0,0,300000,0,0,0,300000,0,300000,300000
066757,南港永豐01購01  ,0,0,0,0,0,0,0,0,0,299000,0,0,0,299000,0,299000,299000
066694,深中小群益03購01,0,0,0,0,0,0,0,0,0,299000,0,0,0,553000,254000,299000,299000
055487,國巨元大98購07  ,0,0,0,0,0,0,0,0,0,299000,0,0,0,301000,2000,299000,299000
057823,神達元大98購01  ,0,0,0,0,0,0,0,0,0,299000,0,0,0,799000,500000,299000,299000
061411,T50反1群益9A購05,0,0,0,0,0,0,0,0,0,299000,0,0,0,299000,0,299000,299000
060428,瑞祺永豐9A購01  ,0,0,0,0,0,0,0,0,0,299000,0,0,0,419000,120000,299000,299000
065686,同欣電統一03購01,0,0,0,0,0,0,0,0,0,299000,0,0,0,336000,37000,299000,299000
056316,訊芯元大98購03  ,0,0,0,0,0,0,0,0,0,298000,0,0,0,300000,2000,298000,298000
006208,富邦台50        ,0,0,0,0,0,0,0,0,0,298000,0,0,0,538000,240000,298000,298000
6477,安集            ,299000,1000,298000,0,0,0,0,0,0,0,0,0,0,0,0,0,298000
06690P,玉晶光群益9A售05,0,0,0,0,0,0,0,0,0,297000,0,0,0,385000,88000,297000,297000
2845,遠東銀          ,953000,646562,306438,0,0,0,3000,13000,-10000,0,0,0,0,0,0,0,296438
066822,泰豐群益01購01  ,0,0,0,0,0,0,0,0,0,296000,0,0,0,448000,152000,296000,296000
061184,大立光國泰9C購01,0,0,0,0,0,0,0,0,0,296000,0,0,0,330000,34000,296000,296000
065405,華新科富邦03購01,0,0,0,0,0,0,0,0,0,296000,0,0,0,297000,1000,296000,296000
3622,洋華            ,395000,99000,296000,0,0,0,0,0,0,0,0,0,0,0,0,0,296000
056612,台積電永豐98購01,0,0,0,0,0,0,0,0,0,295000,0,0,0,295000,0,295000,295000
065870,正崴群益02購01  ,0,0,0,0,0,0,0,0,0,295000,0,0,0,403000,108000,295000,295000
064058,儒鴻麥證01購01  ,0,0,0,315000,10000,305000,0,0,0,295000,0,0,0,325000,30000,295000,295000
061957,上銀統一01購01  ,0,0,0,0,0,0,0,0,0,294000,0,0,0,294000,0,294000,294000
067158,T50反1國票02購02,0,0,0,0,0,0,0,0,0,293000,0,0,0,307000,14000,293000,293000
067053,申豐凱基02購01  ,0,0,0,0,0,0,0,0,0,293000,0,0,0,316000,23000,293000,293000
064763,祥碩凱基02購01  ,0,0,0,0,0,0,0,0,0,293000,0,0,0,406000,113000,293000,293000
061260,台積電凱基9A購23,0,0,0,0,0,0,0,0,0,292000,0,0,0,375000,83000,292000,292000
061307,和潤永豐9A購02  ,0,0,0,0,0,0,0,0,0,292000,0,0,0,292000,0,292000,292000
063251,同欣電元大9B購04,0,0,0,0,0,0,0,0,0,292000,0,0,0,411000,119000,292000,292000
060435,鈺齊永豐9A購01  ,0,0,0,0,0,0,0,0,0,292000,0,0,0,458000,166000,292000,292000
063660,儒鴻統一9C購01  ,0,0,0,0,0,0,0,0,0,292000,0,0,0,312000,20000,292000,292000
063471,泰鼎元大9C購01  ,0,0,0,0,0,0,0,0,0,292000,0,0,0,617000,325000,292000,292000
07693P,群創元大9B售10  ,0,0,0,0,0,0,0,0,0,291000,0,0,0,301000,10000,291000,291000
08243P,祥碩凱基9C售02  ,0,0,0,0,0,0,0,0,0,291000,0,0,0,616000,325000,291000,291000
08363P,南亞科凱基01售01,0,0,0,0,0,0,0,0,0,290000,0,0,0,450000,160000,290000,290000
07128P,大毅元大99售04  ,0,0,0,0,0,0,0,0,0,290000,0,0,0,400000,110000,290000,290000
066692,T50反1群益01購04,0,0,0,0,0,0,0,0,0,290000,0,0,0,350000,60000,290000,290000
063402,GIS群益9B購02   ,0,0,0,0,0,0,0,0,0,290000,0,0,0,346000,56000,290000,290000
061600,聯電凱基9B購01  ,0,0,0,0,0,0,0,0,0,290000,0,0,0,348000,58000,290000,290000
066286,瑞祺元大01購01  ,0,0,0,0,0,0,290000,0,0,0,293000,3000,290000,290000,,,
065480,旭富元大9C購06  ,0,0,0,0,0,0,0,0,0,290000,0,0,0,300000,10000,290000,290000
058790,楠梓電元大99購03,0,0,0,0,0,0,0,0,0,289000,0,0,0,300000,11000,289000,289000
059096,百和元大99購04  ,0,0,0,0,0,0,0,0,0,288000,0,0,0,288000,0,288000,288000
063434,和潤元富9B購01  ,0,0,0,0,0,0,0,0,0,288000,0,0,0,390000,102000,288000,288000
061900,志超永豐9B購01  ,0,0,0,0,0,0,0,0,0,288000,0,0,0,290000,2000,288000,288000
064494,南亞科元大9C購02,0,0,0,0,0,0,0,0,0,288000,0,0,0,304000,16000,288000,288000
063287,嘉澤元大9B購05  ,0,0,0,0,0,0,0,0,0,287000,0,0,0,382000,95000,287000,287000
062372,旭富元大9B購01  ,0,0,0,0,0,0,0,0,0,286000,0,0,0,286000,0,286000,286000
00674R,元大S&P黃金反1  ,0,0,0,0,0,0,286000,0,0,0,291000,5000,286000,286000,,,
063353,上銀元富9B購03  ,0,0,0,0,0,0,0,0,0,286000,0,0,0,304000,18000,286000,286000
063777,儒鴻永豐9B購02  ,0,0,0,0,0,0,0,0,0,286000,0,0,0,286000,0,286000,286000
057719,欣興元富02購01  ,0,0,0,0,0,0,0,0,0,285000,0,0,0,550000,265000,285000,285000
063307,同欣電凱基9B購02,0,0,0,0,0,0,0,0,0,285000,0,0,0,285000,0,285000,285000
060419,漢翔永豐9A購01  ,0,0,0,0,0,0,0,0,0,284000,0,0,0,284000,0,284000,284000
064824,台積電統一02購03,0,0,0,0,0,0,0,0,0,284000,0,0,0,326000,42000,284000,284000
063323,同欣電群益9B購03,0,0,0,0,0,0,0,0,0,283000,0,0,0,283000,0,283000,283000
063550,可成國票9C購01  ,0,0,0,0,0,0,0,0,0,283000,0,0,0,523000,240000,283000,283000
064984,同欣電元大9C購06,0,0,0,0,0,0,0,0,0,283000,0,0,0,295000,12000,283000,283000
064056,GIS統一01購02   ,0,0,0,0,0,0,0,0,0,283000,0,0,0,320000,37000,283000,283000
065130,奇鋐兆豐9C購01  ,0,0,0,0,0,0,0,0,0,283000,0,0,0,283000,0,283000,283000
065544,和大兆豐01購01  ,0,0,0,0,0,0,0,0,0,282000,0,0,0,282000,0,282000,282000
07546P,玉晶光凱基9A售09,0,0,0,0,0,0,0,0,0,281000,0,0,0,281000,0,281000,281000
08471P,日月光凱基9C售02,0,0,0,0,0,0,0,0,0,281000,0,0,0,281000,0,281000,281000
063336,大成鋼統一9C購02,0,0,0,0,0,0,0,0,0,281000,0,0,0,281000,0,281000,281000
065055,臺股指凱基02購04,0,0,0,0,0,0,0,0,0,281000,0,0,0,373000,92000,281000,281000
058608,華新科元大99購13,0,0,0,0,0,0,0,0,0,280000,0,0,0,280000,0,280000,280000
6257,矽格            ,1263000,992430,270570,0,0,0,300000,3691,296309,-287000,160000,257000,-97000,30000,220000,-190000,279879
066533,南茂元富01購01  ,0,0,0,0,0,0,0,0,0,279000,0,0,0,279000,0,279000,279000
066967,台積電元富07購03,0,0,0,0,0,0,0,0,0,279000,0,0,0,625000,346000,279000,279000
064002,仁寶凱基9C購01  ,0,0,0,0,0,0,0,0,0,279000,0,0,0,279000,0,279000,279000
057399,滬深反群益9C購01,0,0,0,0,0,0,0,0,0,278000,0,0,0,290000,12000,278000,278000
08059P,京鼎元大9B售02  ,0,0,0,0,0,0,0,0,0,277000,0,0,0,498000,221000,277000,277000
063900,GIS群益9C購03   ,0,0,0,0,0,0,0,0,0,277000,0,0,0,452000,175000,277000,277000
063593,GIS永豐9B購01   ,0,0,0,0,0,0,0,0,0,276000,0,0,0,384000,108000,276000,276000
065869,微星群益02購01  ,0,0,0,0,0,0,0,0,0,276000,0,0,0,388000,112000,276000,276000
065342,華邦電統一02購01,0,0,0,0,0,0,0,0,0,275000,0,0,0,275000,0,275000,275000
064387,GIS富邦9C購01   ,0,0,0,0,0,0,0,0,0,274000,0,0,0,594000,320000,274000,274000
066842,卜蜂元大01購01  ,0,0,0,0,0,0,0,0,0,273000,0,0,0,273000,0,273000,273000
062606,聯電凱基9C購02  ,0,0,0,0,0,0,0,0,0,272000,0,0,0,282000,10000,272000,272000
056266,開發金統一9A購01,0,0,0,0,0,0,0,0,0,272000,0,0,0,355000,83000,272000,272000
062460,京鼎群益9C購01  ,0,0,0,0,0,0,0,0,0,272000,0,0,0,294000,22000,272000,272000
00737,國泰AI+Robo     ,0,1000,-1000,0,0,0,0,0,0,272000,0,0,0,327000,55000,272000,271000
062419,台積電統一9B購15,0,0,0,0,0,0,0,0,0,271000,0,0,0,398000,127000,271000,271000
066754,南電國泰02購01  ,0,0,0,0,0,0,0,0,0,270000,0,0,0,295000,25000,270000,270000
054774,同欣電國票98購01,0,0,0,0,0,0,0,0,0,270000,0,0,0,270000,0,270000,270000
064786,GIS群益9C購04   ,0,0,0,0,0,0,0,0,0,270000,0,0,0,296000,26000,270000,270000
066804,緯創凱基01購01  ,0,0,0,0,0,0,0,0,0,269000,0,0,0,314000,45000,269000,269000
056138,群創元大9B購01  ,0,0,0,0,0,0,0,0,0,269000,0,0,0,335000,66000,269000,269000
064760,玉晶光凱基01購02,0,0,0,0,0,0,0,0,0,268000,0,0,0,279000,11000,268000,268000
00783,富邦中証500     ,134000,9000,125000,0,0,0,0,0,0,142421,0,0,0,1422421,1280000,142421,267421
062219,燿華統一9B購01  ,0,0,0,0,0,0,0,0,0,267000,0,0,0,282000,15000,267000,267000
063570,嘉晶元大9C購02  ,0,0,0,0,0,0,0,0,0,267000,0,0,0,285000,18000,267000,267000
063432,金寶元富9B購01  ,0,0,0,0,0,0,0,0,0,267000,0,0,0,267000,0,267000,267000
064542,聯電凱基02購01  ,0,0,0,0,0,0,0,0,0,267000,0,0,0,301000,34000,267000,267000
057771,鴻海群益99購01  ,0,0,0,0,0,0,0,0,0,264000,0,0,0,264000,0,264000,264000
064772,FBVIX群益9C購04 ,0,0,0,0,0,0,0,0,0,264000,0,0,0,297000,33000,264000,264000
063738,奇鋐元大9B購03  ,0,0,0,0,0,0,0,0,0,264000,0,0,0,479000,215000,264000,264000
08440P,玉晶光國票01售05,0,0,0,0,0,0,0,0,0,263000,0,0,0,805000,542000,263000,263000
6412,群電            ,714000,450000,264000,0,0,0,0,1000,-1000,0,0,0,0,0,0,0,263000
3035,智原            ,914000,719478,194522,0,0,0,150000,0,150000,-82000,10000,101000,-91000,39000,30000,9000,262522
066269,宏達電元大01購03,0,0,0,0,0,0,0,0,0,262000,0,0,0,263000,1000,262000,262000
08644P,臺股指中信02售02,0,0,0,0,0,0,0,0,0,261000,0,0,0,671000,410000,261000,261000
066538,信邦兆豐03購01  ,0,0,0,0,0,0,0,0,0,261000,0,0,0,360000,99000,261000,261000
063572,麗豐元大9B購01  ,0,0,0,0,0,0,0,0,0,261000,0,0,0,386000,125000,261000,261000
062988,儒鴻群益9B購01  ,0,0,0,0,0,0,0,0,0,261000,0,0,0,349000,88000,261000,261000
059181,世紀鋼元富9C購01,0,0,0,0,0,0,0,0,0,260000,0,0,0,478000,218000,260000,260000
063439,正隆統一01購01  ,0,0,0,0,0,0,0,0,0,260000,0,0,0,260000,0,260000,260000
066009,創意統一02購02  ,0,0,0,0,0,0,0,0,0,260000,0,0,0,920000,660000,260000,260000
060120,聯電富邦9B購01  ,0,0,0,0,0,0,0,0,0,259000,0,0,0,259000,0,259000,259000
064326,裕隆元大9C購01  ,0,0,0,0,0,0,0,0,0,259000,0,0,0,259000,0,259000,259000
064649,同欣電凱基01購01,0,0,0,0,0,0,0,0,0,259000,0,0,0,289000,30000,259000,259000
064810,嘉晶元大01購01  ,0,0,0,0,0,0,0,0,0,258000,0,0,0,290000,32000,258000,258000
07230P,滬深2X群益01售02,0,0,0,0,0,0,0,0,0,257000,0,0,0,302000,45000,257000,257000
060284,南港元大01購01  ,0,0,0,0,0,0,0,0,0,257000,0,0,0,438000,181000,257000,257000
07889P,旭富國票9B售01  ,0,0,0,0,0,0,0,0,0,256000,0,0,0,466000,210000,256000,256000
2108,南帝            ,625000,295405,329595,0,0,0,0,2000,-2000,-72000,46000,108000,-62000,2000,12000,-10000,255595
08065P,瑞昱凱基9B售03  ,0,0,0,0,0,0,0,0,0,255000,0,0,0,255000,0,255000,255000
066787,聯發科麥證01購06,0,0,0,255000,0,255000,0,0,0,255000,0,0,0,255000,0,255000,255000
064099,億光群益9C購01  ,0,0,0,0,0,0,0,0,0,255000,0,0,0,282000,27000,255000,255000
00646,元大S&P500      ,0,6000,-6000,0,0,0,0,0,0,260000,0,0,0,712000,452000,260000,254000
054079,鴻海中信98購02  ,0,0,0,0,0,0,0,0,0,254000,0,0,0,681000,427000,254000,254000
063817,GIS群益9C購01   ,0,0,0,0,0,0,0,0,0,254000,0,0,0,376000,122000,254000,254000
065165,上銀元大9C購09  ,0,0,0,0,0,0,0,0,0,254000,0,0,0,300000,46000,254000,254000
057694,臺股指凱基98購12,0,0,0,0,0,0,0,0,0,252000,0,0,0,679000,427000,252000,252000
061192,奇鋐永豐9A購01  ,0,0,0,0,0,0,0,0,0,252000,0,0,0,412000,160000,252000,252000
065289,冠德群益9C購01  ,0,0,0,0,0,0,0,0,0,252000,0,0,0,565000,313000,252000,252000
061188,大成鋼富邦9B購01,0,0,0,0,0,0,0,0,0,251000,0,0,0,282000,31000,251000,251000
063862,世紀鋼國泰02購01,0,0,0,0,0,0,0,0,0,251000,0,0,0,316000,65000,251000,251000
064167,緯穎統一01購03  ,0,0,0,0,0,0,0,0,0,251000,0,0,0,251000,0,251000,251000
064851,勤誠元富03購01  ,0,0,0,0,0,0,0,0,0,251000,0,0,0,265000,14000,251000,251000
4133,亞諾法          ,51000,13000,38000,0,0,0,0,0,0,213000,0,0,0,223000,10000,213000,251000
08554P,玉晶光國票01售06,0,0,0,0,0,0,0,0,0,250000,0,0,0,307000,57000,250000,250000
060990,新光金元大9B購03,0,0,0,0,0,0,0,0,0,250000,0,0,0,250000,0,250000,250000
064967,道瓊銀元大01購01,0,0,0,0,0,0,0,0,0,250000,0,0,0,250000,0,250000,250000
064251,緯創元富9C購01  ,0,0,0,0,0,0,0,0,0,250000,0,0,0,268000,18000,250000,250000
056554,GIS凱基99購01   ,0,0,0,0,0,0,0,0,0,249000,0,0,0,300000,51000,249000,249000
057330,台積電國票99購03,0,0,0,0,0,0,0,0,0,249000,0,0,0,263000,14000,249000,249000
064350,茂林元大01購01  ,0,0,0,0,0,0,0,0,0,249000,0,0,0,539000,290000,249000,249000
066554,嘉晶元大01購05  ,0,0,0,0,0,0,0,0,0,248000,0,0,0,257000,9000,248000,248000
060124,奇力新永豐99購03,0,0,0,0,0,0,0,0,0,248000,0,0,0,248000,0,248000,248000
065788,緯創永豐9C購02  ,0,0,0,0,0,0,0,0,0,248000,0,0,0,248000,0,248000,248000
057267,康控兆豐99購01  ,0,0,0,0,0,0,0,0,0,247000,0,0,0,247000,0,247000,247000
056096,超眾元富9A購01  ,0,0,0,0,0,0,0,0,0,246000,0,0,0,330000,84000,246000,246000
056320,京鼎群益99購01  ,0,0,0,0,0,0,0,0,0,246000,0,0,0,246000,0,246000,246000
061085,聯茂兆豐9A購01  ,0,0,0,0,0,0,0,0,0,246000,0,0,0,286000,40000,246000,246000
063693,智易永豐9B購02  ,0,0,0,0,0,0,0,0,0,246000,0,0,0,256000,10000,246000,246000
08334P,智邦永豐9C售01  ,0,0,0,0,0,0,0,0,0,245000,0,0,0,245000,0,245000,245000
066743,和碩元大01購01  ,0,0,0,0,0,0,0,0,0,244000,0,0,0,244000,0,244000,244000
062183,奇鋐元大9B購01  ,0,0,0,0,0,0,0,0,0,244000,0,0,0,597000,353000,244000,244000
062947,國巨富邦01購01  ,0,0,0,0,0,0,0,0,0,244000,0,0,0,245000,1000,244000,244000
065250,同欣電麥證9C購01,0,0,0,244000,0,244000,0,0,0,244000,0,0,0,244000,0,244000,244000
057347,國巨統一9A購03  ,0,0,0,0,0,0,0,0,0,242000,0,0,0,320000,78000,242000,242000
062407,同欣電永豐9B購01,0,0,0,0,0,0,0,0,0,242000,0,0,0,242000,0,242000,242000
063466,美食元大9B購02  ,0,0,0,0,0,0,0,0,0,242000,0,0,0,242000,0,242000,242000
057783,台積電國票9A購01,0,0,0,0,0,0,0,0,0,241000,0,0,0,463000,222000,241000,241000
065351,中租統一02購02  ,0,0,0,0,0,0,0,0,0,241000,0,0,0,268000,27000,241000,241000
07130P,台郡元大9B售01  ,0,0,0,0,0,0,0,0,0,240000,0,0,0,240000,0,240000,240000
07703P,玉晶光中信9B售03,0,0,0,0,0,0,0,0,0,240000,0,0,0,250000,10000,240000,240000
07792P,牧德元大9A售04  ,0,0,0,0,0,0,0,0,0,240000,0,0,0,347000,107000,240000,240000
08809P,台灣50群益01售07,0,0,0,0,0,0,0,0,0,240000,0,0,0,240000,0,240000,240000
056578,智易元大99購02  ,0,0,0,0,0,0,0,0,0,240000,0,0,0,299000,59000,240000,240000
060698,旺宏國泰9C購01  ,0,0,0,0,0,0,0,0,0,240000,0,0,0,240000,0,240000,240000
060060,台積電兆豐99購05,0,0,0,0,0,0,0,0,0,240000,0,0,0,240000,0,240000,240000
07014P,華通元大99售04  ,0,0,0,0,0,0,0,0,0,239000,0,0,0,269000,30000,239000,239000
061905,上証反中信03購01,0,0,0,0,0,0,0,0,0,238000,0,0,0,238000,0,238000,238000
062212,臻鼎台新9B購01  ,0,0,0,0,0,0,0,0,0,236000,0,0,0,280000,44000,236000,236000
00830,國泰費城半導體  ,5000,5000,0,0,0,0,0,0,0,235000,50000,0,50000,535000,350000,185000,235000
060309,佳世達永豐9A購01,0,0,0,0,0,0,0,0,0,235000,0,0,0,280000,45000,235000,235000
065604,聯發科元大9C購17,0,0,0,0,0,0,0,0,0,234000,0,0,0,464000,230000,234000,234000
065613,GIS元大9C購08   ,0,0,0,0,0,0,0,0,0,234000,0,0,0,426000,192000,234000,234000
064185,裕隆永豐9C購01  ,0,0,0,0,0,0,0,0,0,234000,0,0,0,276000,42000,234000,234000
064987,勤誠元大9C購02  ,0,0,0,0,0,0,0,0,0,234000,0,0,0,291000,57000,234000,234000
066610,台積電麥證01購02,0,0,0,360000,127000,233000,0,0,0,233000,0,0,0,360000,127000,233000,233000
00766L,台新MSCI中國正2 ,0,0,0,0,0,0,0,0,0,233000,0,0,0,508000,275000,233000,233000
064514,喬山群益9C購01  ,0,0,0,0,0,0,0,0,0,233000,0,0,0,293000,60000,233000,233000
065102,同欣電元大9C購07,0,0,0,0,0,0,0,0,0,233000,0,0,0,304000,71000,233000,233000
3605,宏致            ,425000,192000,233000,0,0,0,0,0,0,0,0,0,0,0,0,0,233000
08422P,玉晶光群益02售03,0,0,0,0,0,0,0,0,0,232000,0,0,0,366000,134000,232000,232000
057486,美律元大98購04  ,0,0,0,0,0,0,0,0,0,232000,0,0,0,539000,307000,232000,232000
062051,上銀統一9C購02  ,0,0,0,0,0,0,0,0,0,231000,0,0,0,231000,0,231000,231000
065566,裕隆群益9C購02  ,0,0,0,0,0,0,0,0,0,231000,0,0,0,231000,0,231000,231000
058928,國巨統一9C購01  ,0,0,0,0,0,0,0,0,0,230000,0,0,0,957000,727000,230000,230000
062803,嘉晶統一9B購02  ,0,0,0,0,0,0,0,0,0,230000,0,0,0,314000,84000,230000,230000
08091P,A50正2元富9B售02,0,0,0,0,0,0,0,0,0,229000,0,0,0,242000,13000,229000,229000
063198,仁寶統一01購02  ,0,0,0,0,0,0,0,0,0,229000,0,0,0,279000,50000,229000,229000
064796,緯穎國票01購01  ,0,0,0,0,0,0,228000,0,0,0,648000,420000,228000,228000,,,
08483P,金像電群益9C售02,0,0,0,0,0,0,0,0,0,227000,0,0,0,228000,1000,227000,227000
058622,國巨國票99購07  ,0,0,0,0,0,0,0,0,0,226000,0,0,0,265000,39000,226000,226000
064443,同欣電凱基03購01,0,0,0,0,0,0,0,0,0,226000,0,0,0,311000,85000,226000,226000
08387P,臺股指群益9C售15,0,0,0,0,0,0,0,0,0,225000,0,0,0,387000,162000,225000,225000
045873,元油2X元富98購04,0,0,0,0,0,0,0,0,0,225000,0,0,0,225000,0,225000,225000
061373,華通富邦9A購02  ,0,0,0,0,0,0,0,0,0,225000,0,0,0,281000,56000,225000,225000
064898,國產群益9C購01  ,0,0,0,0,0,0,0,0,0,225000,0,0,0,277000,52000,225000,225000
061961,台積電統一01購02,0,0,0,0,0,0,0,0,0,224000,0,0,0,254000,30000,224000,224000
061045,儒鴻第一9A購01  ,0,0,0,0,0,0,0,0,0,224000,0,0,0,224000,0,224000,224000
056262,台積電統一98購04,0,0,0,0,0,0,0,0,0,223000,0,0,0,393000,170000,223000,223000
057377,康控元大99購02  ,0,0,0,0,0,0,0,0,0,223000,0,0,0,499000,276000,223000,223000
066093,世紀鋼永豐01購01,0,0,0,0,0,0,0,0,0,223000,0,0,0,235000,12000,223000,223000
066162,泰豐凱基01購01  ,0,0,0,0,0,0,0,0,0,223000,0,0,0,225000,2000,223000,223000
057988,鈺齊元富98購02  ,0,0,0,0,0,0,0,0,0,222000,0,0,0,318000,96000,222000,222000
062473,同欣電凱基9B購01,0,0,0,0,0,0,0,0,0,222000,0,0,0,232000,10000,222000,222000
065360,和大元大01購03  ,0,0,0,0,0,0,0,0,0,222000,0,0,0,222000,0,222000,222000
0061,元大寶滬深      ,80000,83000,-3000,0,0,0,0,0,0,224000,10000,10000,0,273000,49000,224000,221000
060907,金像電元大9A購02,0,0,0,0,0,0,0,0,0,221000,0,0,0,240000,19000,221000,221000
064639,聚陽凱基02購01  ,0,0,0,0,0,0,0,0,0,221000,0,0,0,303000,82000,221000,221000
067134,國揚永豐01購02  ,0,0,0,0,0,0,0,0,0,220000,0,0,0,223000,3000,220000,220000
067306,奇鋐元大01購02  ,0,0,0,0,0,0,0,0,0,219000,0,0,0,282000,63000,219000,219000
2634,漢翔            ,375000,101000,274000,0,0,0,0,3000,-3000,-52000,0,0,0,13000,65000,-52000,219000
062237,緯創凱基9B購01  ,0,0,0,0,0,0,0,0,0,218000,0,0,0,246000,28000,218000,218000
064626,聯茂元大9C購01  ,0,0,0,0,0,0,0,0,0,218000,0,0,0,287000,69000,218000,218000
066734,聯詠元大01購03  ,0,0,0,0,0,0,0,0,0,217000,0,0,0,247000,30000,217000,217000
07998P,聯電凱基9C售01  ,0,0,0,0,0,0,0,0,0,217000,0,0,0,257000,40000,217000,217000
00654R,富邦印度反1     ,163000,0,163000,0,0,0,0,0,0,54000,0,0,0,90000,36000,54000,217000
061823,勤誠群益9B購01  ,0,0,0,0,0,0,0,0,0,217000,0,0,0,251000,34000,217000,217000
063612,金像電群益9B購04,0,0,0,0,0,0,0,0,0,217000,0,0,0,277000,60000,217000,217000
062061,台勝科統一01購01,0,0,0,0,0,0,0,0,0,217000,0,0,0,217000,0,217000,217000
08740P,創意康和01售03  ,0,0,0,0,0,0,0,0,0,215000,0,0,0,502000,287000,215000,215000
066932,京元電國票02購01,0,0,0,0,0,0,0,0,0,215000,0,0,0,229000,14000,215000,215000
063290,GIS元大9B購02   ,0,0,0,0,0,0,0,0,0,215000,0,0,0,287000,72000,215000,215000
064245,GIS統一02購02   ,0,0,0,0,0,0,0,0,0,215000,0,0,0,340000,125000,215000,215000
064301,漢唐兆豐01購01  ,0,0,0,0,0,0,0,0,0,215000,0,0,0,233000,18000,215000,215000
066935,奇鋐國票02購02  ,0,0,0,0,0,0,0,0,0,214000,0,0,0,227000,13000,214000,214000
065773,鴻海國票03購01  ,0,0,0,0,0,0,0,0,0,214000,0,0,0,347000,133000,214000,214000
6141,柏承            ,391000,171000,220000,0,0,0,0,0,0,-6000,0,6000,-6000,0,0,0,214000
07553P,嘉晶元大9A售02  ,0,0,0,0,0,0,0,0,0,213000,0,0,0,213000,0,213000,213000
058267,奇鋐永豐99購01  ,0,0,0,0,0,0,0,0,0,213000,0,0,0,447000,234000,213000,213000
064074,南茂永豐9C購01  ,0,0,0,0,0,0,0,0,0,213000,0,0,0,214000,1000,213000,213000
065010,國巨國泰01購04  ,0,0,0,0,0,0,0,0,0,213000,0,0,0,558000,345000,213000,213000
08292P,華新科台新9C售01,0,0,0,0,0,0,0,0,0,212000,0,0,0,312000,100000,212000,212000
066301,大成永豐01購01  ,0,0,0,0,0,0,0,0,0,212000,0,0,0,274000,62000,212000,212000
006207,FH滬深          ,296000,145000,151000,0,0,0,0,0,0,61000,0,170000,-170000,929000,698000,231000,212000
056571,燿華元大98購02  ,0,0,0,0,0,0,0,0,0,212000,0,0,0,212000,0,212000,212000
067083,正文元大01購01  ,0,0,0,0,0,0,0,0,0,211000,0,0,0,319000,108000,211000,211000
062573,大毅群益9B購03  ,0,0,0,0,0,0,0,0,0,211000,0,0,0,235000,24000,211000,211000
062539,可成國泰01購01  ,0,0,0,0,0,0,0,0,0,211000,0,0,0,237000,26000,211000,211000
060788,嘉晶富邦9B購01  ,0,0,0,0,0,0,0,0,0,211000,0,0,0,211000,0,211000,211000
066225,松翰國泰03購01  ,0,0,0,0,0,0,0,0,0,211000,0,0,0,220000,9000,211000,211000
06725P,聯電元富98售01  ,0,0,0,0,0,0,0,0,0,210000,0,0,0,305000,95000,210000,210000
066320,順德永豐01購01  ,0,0,0,0,0,0,0,0,0,210000,0,0,0,310000,100000,210000,210000
066409,勤誠凱基01購01  ,0,0,0,0,0,0,0,0,0,210000,0,0,0,210000,0,210000,210000
08053P,臺股指國票9B售18,0,0,0,0,0,0,0,0,0,210000,0,0,0,210000,0,210000,210000
058520,智易元大99購03  ,0,0,0,0,0,0,0,0,0,210000,0,0,0,223000,13000,210000,210000
8104,錸寶            ,262000,52000,210000,0,0,0,0,0,0,0,0,0,0,0,0,0,210000
08701P,景碩康和01售02  ,0,0,0,0,0,0,0,0,0,209000,0,0,0,290000,81000,209000,209000
058026,上銀富邦9A購01  ,0,0,0,0,0,0,0,0,0,209000,0,0,0,319000,110000,209000,209000
066111,上銀兆豐02購01  ,0,0,0,0,0,0,0,0,0,209000,0,0,0,229000,20000,209000,209000
063899,同欣電群益9C購01,0,0,0,0,0,0,0,0,0,209000,0,0,0,238000,29000,209000,209000
08158P,嘉澤元富9B售03  ,0,0,0,0,0,0,0,0,0,208000,0,0,0,283000,75000,208000,208000
060958,儒鴻凱基9A購02  ,0,0,0,0,0,0,0,0,0,207000,0,0,0,247000,40000,207000,207000
062097,台光電永豐9B購01,0,0,0,0,0,0,0,0,0,207000,0,0,0,207000,0,207000,207000
064905,嘉聯益群益9C購01,0,0,0,0,0,0,0,0,0,207000,0,0,0,244000,37000,207000,207000
064709,瑞祺永豐9C購01  ,0,0,0,0,0,0,0,0,0,207000,0,0,0,279000,72000,207000,207000
062305,遠東新凱基9B購01,0,0,0,0,0,0,0,0,0,206000,0,0,0,379000,173000,206000,206000
04137P,元油反國票97售01,0,0,0,0,0,0,0,0,0,206000,0,0,0,206000,0,206000,206000
059626,台積電凱基01購01,0,0,0,0,0,0,0,0,0,206000,0,0,0,251000,45000,206000,206000
060303,宏達電富邦9B購01,0,0,0,0,0,0,0,0,0,206000,0,0,0,209000,3000,206000,206000
064638,儒鴻凱基9C購03  ,0,0,0,0,0,0,0,0,0,206000,0,0,0,226000,20000,206000,206000
066262,華碩元大01購02  ,0,0,0,0,0,0,0,0,0,206000,0,0,0,279000,73000,206000,206000
3044,健鼎            ,3011000,2763531,247469,0,0,0,0,6976,-6976,-35000,23000,107000,-84000,108000,59000,49000,205493
08290P,高鐵統一01售01  ,0,0,0,0,0,0,0,0,0,205000,0,0,0,205000,0,205000,205000
060422,台勝科永豐9A購01,0,0,0,0,0,0,0,0,0,205000,0,0,0,205000,0,205000,205000
6202,盛群            ,435000,252000,183000,0,0,0,0,0,0,22000,0,0,0,30000,8000,22000,205000
00875,國泰網路資安    ,0,0,0,0,0,0,0,0,0,204000,0,0,0,459000,255000,204000,204000
060423,智易永豐9A購01  ,0,0,0,0,0,0,0,0,0,204000,0,0,0,214000,10000,204000,204000
060708,康友富邦9B購01  ,0,0,0,0,0,0,0,0,0,204000,0,0,0,204000,0,204000,204000
065733,茂林凱基9C購03  ,0,0,0,0,0,0,0,0,0,204000,0,0,0,586000,382000,204000,204000
064818,華新統一01購01  ,0,0,0,0,0,0,0,0,0,204000,0,0,0,207000,3000,204000,204000
066749,瑞祺元大01購03  ,0,0,0,0,0,0,0,0,0,203000,0,0,0,285000,82000,203000,203000
066682,聯詠兆豐03購01  ,0,0,0,0,0,0,0,0,0,203000,0,0,0,223000,20000,203000,203000
066665,聯詠凱基02購01  ,0,0,0,0,0,0,0,0,0,203000,0,0,0,309000,106000,203000,203000
057020,台積電凱基99購02,0,0,0,0,0,0,0,0,0,203000,0,0,0,441000,238000,203000,203000
057282,大立光元大99購06,0,0,0,0,0,0,0,0,0,203000,0,0,0,295000,92000,203000,203000
064683,台表科兆豐9C購02,0,0,0,0,0,0,0,0,0,203000,0,0,0,641000,438000,203000,203000
063986,聯發科富邦02購01,0,0,0,0,0,0,0,0,0,202000,0,0,0,202000,0,202000,202000
063765,上銀元富9B購09  ,0,0,0,0,0,0,0,0,0,202000,0,0,0,202000,0,202000,202000
057181,亞光元大98購02  ,0,0,0,0,0,0,0,0,0,201000,0,0,0,201000,0,201000,201000
061792,和大永豐9B購01  ,0,0,0,0,0,0,0,0,0,201000,0,0,0,201000,0,201000,201000
063252,緯穎元大9B購07  ,0,0,0,0,0,0,0,0,0,201000,0,0,0,241000,40000,201000,201000
064045,南亞科統一9C購04,0,0,0,0,0,0,0,0,0,201000,0,0,0,244000,43000,201000,201000
066475,新光金麥證01購01,0,0,0,200000,0,200000,0,0,0,200000,0,0,0,200000,0,200000,200000
067076,聯詠元大01購05  ,0,0,0,0,0,0,0,0,0,200000,0,0,0,200000,0,200000,200000
08417P,聯發科元大9C售12,0,0,0,0,0,0,0,0,0,200000,0,0,0,200000,0,200000,200000
062216,國巨統一9B購11  ,0,0,0,0,0,0,0,0,0,200000,0,0,0,200000,0,200000,200000
062258,奇力新元大9B購03,0,0,0,0,0,0,0,0,0,200000,0,0,0,300000,100000,200000,200000
058828,大毅永豐99購01  ,0,0,0,0,0,0,0,0,0,200000,0,0,0,280000,80000,200000,200000
00701,國泰股利精選30  ,4000,0,4000,0,0,0,0,0,0,196000,0,0,0,441000,245000,196000,200000
062130,T50反1群益9B購01,0,0,0,0,0,0,0,0,0,200000,0,0,0,200000,0,200000,200000
062093,台積電富邦9C購11,0,0,0,0,0,0,0,0,0,200000,0,0,0,200000,0,200000,200000
060715,日電貿永豐9A購01,0,0,0,0,0,0,0,0,0,200000,0,0,0,200000,0,200000,200000
059936,台積電永豐99購06,0,0,0,0,0,0,0,0,0,200000,0,0,0,201000,1000,200000,200000
063338,國巨統一9C購11  ,0,0,0,0,0,0,0,0,0,200000,0,0,0,200000,0,200000,200000
063894,漢唐群益9C購01  ,0,0,0,0,0,0,0,0,0,200000,0,0,0,220000,20000,200000,200000
064139,裕隆統一01購02  ,0,0,0,0,0,0,0,0,0,200000,0,0,0,404000,204000,200000,200000
066229,力山富邦04購01  ,0,0,0,0,0,0,0,0,0,200000,0,0,0,200000,0,200000,200000
066110,大成鋼兆豐01購01,0,0,0,0,0,0,0,0,0,200000,0,0,0,200000,0,200000,200000
066047,嘉晶元大01購04  ,0,0,0,0,0,0,0,0,0,200000,0,0,0,209000,9000,200000,200000
065054,百和凱基02購01  ,0,0,0,0,0,0,0,0,0,200000,0,0,0,211000,11000,200000,200000
4927,泰鼎-KY         ,1666000,1823161,-157161,0,0,0,83000,0,83000,274000,94000,40000,54000,339000,119000,220000,199839
07554P,玉晶光元大9A售06,0,0,0,0,0,0,0,0,0,199000,0,0,0,199000,0,199000,199000
07555P,玉晶光元大9A售07,0,0,0,0,0,0,0,0,0,199000,0,0,0,199000,0,199000,199000
020015,統一MSCI美低波N ,0,0,0,0,0,0,0,0,0,199000,0,0,0,226000,27000,199000,199000
057961,茂林元大9A購01  ,0,0,0,0,0,0,0,0,0,199000,0,0,0,511000,312000,199000,199000
065760,和碩元大9C購02  ,0,0,0,0,0,0,0,0,0,199000,0,0,0,266000,67000,199000,199000
063963,鴻海國票01購01  ,0,0,0,0,0,0,0,0,0,199000,0,0,0,199000,0,199000,199000
07391P,台灣50國泰02售01,0,0,0,0,0,0,0,0,0,198000,0,0,0,198000,0,198000,198000
067122,眾達國泰03購02  ,0,0,0,0,0,0,0,0,0,198000,0,0,0,198000,0,198000,198000
055874,中環元富9A購01  ,0,0,0,0,0,0,0,0,0,198000,0,0,0,253000,55000,198000,198000
063883,超眾元富9C購02  ,0,0,0,0,0,0,0,0,0,198000,0,0,0,198000,0,198000,198000
064917,元大金統一02購01,0,0,0,0,0,0,0,0,0,198000,0,0,0,198000,0,198000,198000
065753,正崴元大9C購02  ,0,0,0,0,0,0,0,0,0,198000,0,0,0,313000,115000,198000,198000
065945,鴻海統一02購01  ,0,0,0,0,0,0,0,0,0,198000,0,0,0,805000,607000,198000,198000
065252,玉晶光永豐9C購08,0,0,0,0,0,0,0,0,0,198000,0,0,0,243000,45000,198000,198000
3588,通嘉            ,604000,406000,198000,0,0,0,0,0,0,0,0,0,0,0,0,0,198000
065782,健策富邦01購02  ,0,0,0,0,0,0,0,0,0,197000,0,0,0,470000,273000,197000,197000
063352,上銀元富9B購02  ,0,0,0,0,0,0,0,0,0,196000,0,0,0,242000,46000,196000,196000
063610,儒鴻群益9B購02  ,0,0,0,0,0,0,0,0,0,196000,0,0,0,216000,20000,196000,196000
063246,嘉晶元大9C購01  ,0,0,0,0,0,0,0,0,0,196000,0,0,0,196000,0,196000,196000
065794,麗豐永豐9C購01  ,0,0,0,0,0,0,0,0,0,196000,0,0,0,196000,0,196000,196000
065345,台光電統一01購04,0,0,0,0,0,0,0,0,0,196000,0,0,0,320000,124000,196000,196000
064606,南電元富9C購03  ,0,0,0,0,0,0,0,0,0,196000,0,0,0,196000,0,196000,196000
066329,達欣工永豐01購01,0,0,0,0,0,0,0,0,0,195000,0,0,0,195000,0,195000,195000
066738,聯鈞元大01購05  ,0,0,0,0,0,0,0,0,0,195000,0,0,0,200000,5000,195000,195000
08266P,臺股指元大9C售04,0,0,0,0,0,0,0,0,0,195000,0,0,0,195000,0,195000,195000
08491P,全新元大9C售01  ,0,0,0,0,0,0,0,0,0,195000,0,0,0,195000,0,195000,195000
053036,聯電凱基98購01  ,0,0,0,0,0,0,0,0,0,195000,0,0,0,195000,0,195000,195000
058385,創意中信99購01  ,0,0,0,0,0,0,0,0,0,195000,0,0,0,195000,0,195000,195000
059766,同欣電永豐99購03,0,0,0,0,0,0,0,0,0,195000,0,0,0,195000,0,195000,195000
064573,復盛群益9C購01  ,0,0,0,0,0,0,0,0,0,195000,0,0,0,195000,0,195000,195000
065014,南電國泰01購01  ,0,0,0,0,0,0,0,0,0,195000,0,0,0,256000,61000,195000,195000
06587P,國巨元大98售13  ,0,0,0,0,0,0,0,0,0,195000,0,0,0,195000,0,195000,195000
3712,永崴投控        ,20000,45000,-25000,0,0,0,0,0,0,220000,0,0,0,220000,0,220000,195000
08498P,大立光國票01售02,0,0,0,0,0,0,0,0,0,194000,0,0,0,194000,0,194000,194000
08858P,台積電國票01售05,0,0,0,0,0,0,0,0,0,194000,0,0,0,404000,210000,194000,194000
066593,奇鋐群益01購01  ,0,0,0,0,0,0,0,0,0,194000,0,0,0,282000,88000,194000,194000
062127,台勝科統一01購02,0,0,0,0,0,0,0,0,0,194000,0,0,0,200000,6000,194000,194000
066211,瑞祺統一04購01  ,0,0,0,0,0,0,0,0,0,194000,0,0,0,194000,0,194000,194000
060809,康友群益9A購01  ,0,0,0,0,0,0,0,0,0,193000,0,0,0,203000,10000,193000,193000
065390,達新群益9C購02  ,0,0,0,0,0,0,0,0,0,193000,0,0,0,237000,44000,193000,193000
061138,晶技統一9C購01  ,0,0,0,0,0,0,0,0,0,192000,0,0,0,212000,20000,192000,192000
062095,旺宏富邦9C購03  ,0,0,0,0,0,0,0,0,0,192000,0,0,0,202000,10000,192000,192000
064732,GIS統一01購03   ,0,0,0,0,0,0,0,0,0,192000,0,0,0,193000,1000,192000,192000
064375,智邦元富03購01  ,0,0,0,0,0,0,0,0,0,192000,0,0,0,254000,62000,192000,192000
3376,新日興          ,1196000,990000,206000,0,0,0,0,0,0,-14000,20000,33000,-13000,12000,13000,-1000,192000
059517,茂林永豐99購02  ,0,0,0,0,0,0,0,0,0,191000,0,0,0,191000,0,191000,191000
063196,力成元富9B購01  ,0,0,0,0,0,0,0,0,0,191000,0,0,0,282000,91000,191000,191000
060243,潤泰全元大9C購02,0,0,0,0,0,0,0,0,0,191000,0,0,0,277000,86000,191000,191000
066263,華碩元大02購01  ,0,0,0,0,0,0,0,0,0,191000,0,0,0,221000,30000,191000,191000
067017,樺漢富邦04購01  ,0,0,0,0,0,0,0,0,0,190000,0,0,0,210000,20000,190000,190000
07468P,聯電元大9A售02  ,0,0,0,0,0,0,0,0,0,190000,0,0,0,190000,0,190000,190000
07524P,臺股指中信9B售06,0,0,0,0,0,0,0,0,0,190000,0,0,0,200000,10000,190000,190000
060412,儒鴻永豐9A購01  ,0,0,0,0,0,0,0,0,0,190000,0,0,0,190000,0,190000,190000
061223,T50反1中信01購01,0,0,0,0,0,0,0,0,0,190000,0,0,0,190000,0,190000,190000
063755,上銀統一9C購03  ,0,0,0,0,0,0,0,0,0,190000,0,0,0,190000,0,190000,190000
08691P,鎧勝中信05售02  ,0,0,0,0,0,0,0,0,0,189000,0,0,0,250000,61000,189000,189000
066503,台積電富邦05購02,0,0,0,0,0,0,0,0,0,189000,0,0,0,317000,128000,189000,189000
064370,聯茂統一02購01  ,0,0,0,0,0,0,0,0,0,189000,0,0,0,361000,172000,189000,189000
064835,嘉晶統一02購01  ,0,0,0,0,0,0,0,0,0,189000,0,0,0,263000,74000,189000,189000
066281,眾達元大02購01  ,0,1000,-1000,0,0,0,0,0,0,190000,0,0,0,244000,54000,190000,189000
058221,上銀統一99購04  ,0,0,0,0,0,0,0,0,0,188000,0,0,0,188000,0,188000,188000
061819,茂林群益9B購01  ,0,0,0,0,0,0,0,0,0,188000,0,0,0,479000,291000,188000,188000
062647,南電國泰9C購02  ,0,0,0,0,0,0,0,0,0,188000,0,0,0,203000,15000,188000,188000
08276P,可成元富9C售02  ,0,0,0,0,0,0,0,0,0,187000,0,0,0,998000,811000,187000,187000
056346,聯茂凱基99購02  ,0,0,0,0,0,0,0,0,0,187000,0,0,0,187000,0,187000,187000
056404,嘉聯益群益9A購01,0,0,0,0,0,0,0,0,0,187000,0,0,0,187000,0,187000,187000
063226,康控群益9B購03  ,0,0,0,0,0,0,0,0,0,187000,0,0,0,200000,13000,187000,187000
061071,復盛凱基9A購01  ,0,0,0,0,0,0,0,0,0,187000,0,0,0,187000,0,187000,187000
063591,麗豐永豐9B購02  ,0,0,0,0,0,0,0,0,0,187000,0,0,0,187000,0,187000,187000
057388,奇鋐永豐98購02  ,0,0,0,0,0,0,0,0,0,186000,0,0,0,187000,1000,186000,186000
063042,同欣電凱基9C購01,0,0,0,0,0,0,0,0,0,186000,0,0,0,189000,3000,186000,186000
062080,奇力新元大9B購02,0,0,0,0,0,0,0,0,0,186000,0,0,0,286000,100000,186000,186000
062034,同欣電群益9B購01,0,0,0,0,0,0,0,0,0,186000,0,0,0,193000,7000,186000,186000
065747,華通元大9C購07  ,0,0,0,0,0,0,0,0,0,186000,0,0,0,186000,0,186000,186000
064487,和大元大9C購01  ,0,0,0,0,0,0,0,0,0,186000,0,0,0,209000,23000,186000,186000
063705,臻鼎群益9B購03  ,0,0,0,0,0,0,0,0,0,186000,0,0,0,196000,10000,186000,186000
063700,台積電群益9B購09,0,0,0,0,0,0,0,0,0,186000,0,0,0,457000,271000,186000,186000
057041,國巨元大99購04  ,0,0,0,0,0,0,0,0,0,185000,0,0,0,315000,130000,185000,185000
061747,南亞科統一01購01,0,0,0,0,0,0,0,0,0,185000,0,0,0,185000,0,185000,185000
063712,高鐵凱基9C購01  ,0,0,0,0,0,0,0,0,0,185000,0,0,0,195000,10000,185000,185000
064442,嘉聯益凱基9C購01,0,0,0,0,0,0,0,0,0,185000,0,0,0,199000,14000,185000,185000
064572,同欣電群益9C購02,0,0,0,0,0,0,0,0,0,185000,0,0,0,252000,67000,185000,185000
065821,億豐元富03購01  ,0,0,0,0,0,0,0,0,0,185000,0,0,0,203000,18000,185000,185000
055541,聚陽凱基98購01  ,0,0,0,0,0,0,0,0,0,184000,0,0,0,214000,30000,184000,184000
063518,儒鴻凱基9B購02  ,0,0,0,0,0,0,0,0,0,184000,0,0,0,184000,0,184000,184000
064098,正崴群益9C購01  ,0,0,0,0,0,0,0,0,0,184000,0,0,0,228000,44000,184000,184000
067385,申豐統一02購04  ,0,0,0,0,0,0,0,0,0,183000,0,0,0,200000,17000,183000,183000
061818,富邦金群益9C購01,0,0,0,0,0,0,0,0,0,183000,0,0,0,190000,7000,183000,183000
062023,寶成永豐9B購01  ,0,0,0,0,0,0,0,0,0,183000,0,0,0,331000,148000,183000,183000
066660,群光凱基01購01  ,0,0,0,0,0,0,0,0,0,182000,0,0,0,232000,50000,182000,182000
058210,臺股指凱基9C購04,0,0,0,0,0,0,0,0,0,182000,0,0,0,182000,0,182000,182000
062874,微星兆豐9B購01  ,0,0,0,0,0,0,0,0,0,182000,0,0,0,310000,128000,182000,182000
064216,矽格凱基01購01  ,0,0,0,0,0,0,0,0,0,182000,0,0,0,222000,40000,182000,182000
064733,南六統一9C購03  ,0,0,0,0,0,0,0,0,0,182000,0,0,0,319000,137000,182000,182000
065831,緯創凱基9C購03  ,0,0,0,0,0,0,0,0,0,182000,0,0,0,293000,111000,182000,182000
066685,T50反1元富07購02,0,0,0,0,0,0,0,0,0,181000,0,0,0,201000,20000,181000,181000
07798P,同欣電國票9A售01,0,0,0,0,0,0,0,0,0,181000,0,0,0,200000,19000,181000,181000
057741,超眾富邦98購01  ,0,0,0,0,0,0,0,0,0,181000,0,0,0,181000,0,181000,181000
063368,遠東新永豐9B購01,0,0,0,0,0,0,0,0,0,181000,0,0,0,306000,125000,181000,181000
065900,瑞祺國泰02購01  ,0,0,0,0,0,0,0,0,0,181000,0,0,0,181000,0,181000,181000
07939P,台積電統一9B售14,0,0,0,0,0,0,0,0,0,180000,0,0,0,410000,230000,180000,180000
066752,南電元大01購06  ,0,0,0,0,0,0,0,0,0,180000,0,0,0,201000,21000,180000,180000
062011,上銀富邦9C購01  ,0,0,0,0,0,0,0,0,0,180000,0,0,0,200000,20000,180000,180000
061974,光寶科元大9B購01,0,0,0,0,0,0,0,0,0,180000,0,0,0,190000,10000,180000,180000
061265,富邦金凱基9B購01,0,0,0,0,0,0,0,0,0,180000,0,0,0,188000,8000,180000,180000
058229,為升元大99購02  ,0,0,0,0,0,0,0,0,0,179000,0,0,0,179000,0,179000,179000
062687,華擎統一01購02  ,0,0,0,0,0,0,0,0,0,179000,0,0,0,179000,0,179000,179000
063532,GIS凱基9B購03   ,0,0,0,0,0,0,0,0,0,179000,0,0,0,223000,44000,179000,179000
063663,台光電統一9C購01,0,0,0,0,0,0,0,0,0,179000,0,0,0,194000,15000,179000,179000
064296,奇鋐國票01購01  ,0,0,0,0,0,0,0,0,0,179000,0,0,0,316000,137000,179000,179000
08596P,聯發科國泰02售02,0,0,0,0,0,0,0,0,0,178000,0,0,0,203000,25000,178000,178000
057664,台積電元大9A購03,0,0,0,0,0,0,0,0,0,178000,0,0,0,295000,117000,178000,178000
061293,聯茂統一9A購01  ,0,0,0,0,0,0,0,0,0,178000,0,0,0,249000,71000,178000,178000
064506,康控元大9C購02  ,0,0,0,0,0,0,0,0,0,178000,0,0,0,210000,32000,178000,178000
065048,世芯凱基01購01  ,0,0,0,0,0,0,0,0,0,178000,0,0,0,520000,342000,178000,178000
07162P,臺股指群益99售13,0,0,0,0,0,0,0,0,0,177000,0,0,0,187000,10000,177000,177000
07058P,台積電凱基9A售07,0,0,0,0,0,0,0,0,0,177000,0,0,0,250000,73000,177000,177000
063272,GIS兆豐9C購01   ,0,0,0,0,0,0,0,0,0,177000,0,0,0,190000,13000,177000,177000
066261,華碩元大01購01  ,0,0,0,0,0,0,0,0,0,177000,0,0,0,180000,3000,177000,177000
067219,瑞儀元大01購01  ,0,0,0,0,0,0,0,0,0,176000,0,0,0,184000,8000,176000,176000
066551,大立光元大01購07,0,0,0,0,0,0,0,0,0,176000,0,0,0,263000,87000,176000,176000
08439P,智邦國票01售02  ,0,0,0,0,0,0,0,0,0,176000,0,0,0,196000,20000,176000,176000
051849,旺宏中信98購01  ,0,0,0,0,0,0,0,0,0,176000,0,0,0,213000,37000,176000,176000
064610,儒鴻元大9C購03  ,0,0,0,0,0,0,0,0,0,176000,0,0,0,199000,23000,176000,176000
08465P,玉晶光兆豐01售02,0,0,0,0,0,0,0,0,0,175000,0,0,0,473000,298000,175000,175000
056829,台積電富邦9A購01,0,0,0,0,0,0,0,0,0,175000,0,0,0,381000,206000,175000,175000
062218,燿華統一01購01  ,0,0,0,0,0,0,0,0,0,175000,0,0,0,205000,30000,175000,175000
060562,旺宏富邦9C購02  ,0,0,0,0,0,0,0,0,0,175000,0,0,0,175000,0,175000,175000
064485,儒鴻元大01購01  ,0,0,0,0,0,0,0,0,0,175000,0,0,0,192000,17000,175000,175000
07996P,亞德客凱基9B售03,0,0,0,0,0,0,0,0,0,174000,0,0,0,184000,10000,174000,174000
067145,南港統一03購02  ,0,0,0,0,0,0,0,0,0,174000,0,0,0,174000,0,174000,174000
06936P,瑞儀元大98售01  ,0,0,0,0,0,0,0,0,0,174000,0,0,0,174000,0,174000,174000
059138,台積電兆豐99購04,0,0,0,0,0,0,0,0,0,174000,0,0,0,174000,0,174000,174000
066092,億豐永豐01購01  ,0,0,0,0,0,0,0,0,0,174000,0,0,0,174000,0,174000,174000
065818,奇鋐元富9C購01  ,0,0,0,0,0,0,0,0,0,174000,0,0,0,193000,19000,174000,174000
065822,緯創台新9C購01  ,0,0,0,0,0,0,0,0,0,174000,0,0,0,175000,1000,174000,174000
065718,健策中信9C購02  ,0,0,0,0,0,0,0,0,0,174000,0,0,0,209000,35000,174000,174000
08458P,南電元大9C售04  ,0,0,0,0,0,0,0,0,0,173000,0,0,0,223000,50000,173000,173000
00717,富邦美國特別股  ,0,0,0,0,0,0,0,0,0,173000,0,0,0,649000,476000,173000,173000
060234,凱美元大9C購01  ,0,0,0,0,0,0,0,0,0,173000,0,0,0,203000,30000,173000,173000
060944,國泰金國票9A購01,0,0,0,0,0,0,0,0,0,173000,0,0,0,191000,18000,173000,173000
060743,鴻海國票9A購03  ,0,0,0,0,0,0,0,0,0,173000,0,0,0,225000,52000,173000,173000
066405,晶碩凱基01購01  ,0,0,0,0,0,0,0,0,0,172000,0,0,0,193000,21000,172000,172000
063517,遠東新凱基01購01,0,0,0,0,0,0,0,0,0,172000,0,0,0,222000,50000,172000,172000
063124,奇力新元大9B購05,0,0,0,0,0,0,0,0,0,172000,0,0,0,172000,0,172000,172000
066260,聯強元大01購02  ,0,0,0,0,0,0,0,0,0,172000,0,0,0,286000,114000,172000,172000
063760,聯詠統一9C購02  ,0,0,0,0,0,0,0,0,0,172000,0,0,0,172000,0,172000,172000
065643,聯發科元大01購06,0,0,0,0,0,0,0,0,0,171000,0,0,0,324000,153000,171000,171000
3042,晶技            ,2876000,2404815,471185,0,0,0,58000,27000,31000,-332000,56000,311000,-255000,34000,111000,-77000,170185
08055P,臺股指國票9B售20,0,0,0,0,0,0,0,0,0,170000,0,0,0,201000,31000,170000,170000
08031P,臺股指元大9B售38,0,0,0,0,0,0,0,0,0,170000,0,0,0,170000,0,170000,170000
08106P,聯發科統一9B售09,0,0,0,0,0,0,0,0,0,170000,0,0,0,300000,130000,170000,170000
07400P,國巨凱基99售20  ,0,0,0,0,0,0,0,0,0,170000,0,0,0,170000,0,170000,170000
07247P,聯發科凱基9A售06,0,0,0,0,0,0,0,0,0,170000,0,0,0,170000,0,170000,170000
059461,鈺齊永豐99購03  ,0,0,0,0,0,0,0,0,0,170000,0,0,0,170000,0,170000,170000
057493,聯詠元大98購02  ,0,0,0,0,0,0,0,0,0,170000,0,0,0,170000,0,170000,170000
062549,中租永豐9B購01  ,0,0,0,0,0,0,0,0,0,170000,0,0,0,354000,184000,170000,170000
061658,聯茂富邦9A購03  ,0,0,0,0,0,0,0,0,0,170000,0,0,0,242000,72000,170000,170000
065649,牧德元大03購01  ,0,0,0,0,0,0,0,0,0,170000,0,0,0,170000,0,170000,170000
063853,同欣電元大9C購02,0,0,0,0,0,0,0,0,0,170000,0,0,0,211000,41000,170000,170000
064972,台積電元大9C購11,0,0,0,0,0,0,0,0,0,170000,0,0,0,3715000,3545000,170000,170000
066631,聯詠凱基03購01  ,0,0,0,0,0,0,0,0,0,169000,0,0,0,229000,60000,169000,169000
054827,宏全元大9A購01  ,0,0,0,0,0,0,0,0,0,169000,0,0,0,194000,25000,169000,169000
062653,正隆永豐9B購01  ,0,0,0,0,0,0,0,0,0,169000,0,0,0,179000,10000,169000,169000
061244,和碩兆豐9A購01  ,0,0,0,0,0,0,0,0,0,169000,0,0,0,169000,0,169000,169000
065446,宏達電統一9C購02,0,0,0,0,0,0,0,0,0,169000,0,0,0,169000,0,169000,169000
8464,億豐            ,365068,132000,233068,0,0,0,0,1988,-1988,-63000,0,37000,-37000,0,26000,-26000,168080
067021,正崴中信01購01  ,0,0,0,0,0,0,0,0,0,168000,0,0,0,188000,20000,168000,168000
062228,南六統一02購01  ,0,0,0,0,0,0,0,0,0,168000,0,0,0,187000,19000,168000,168000
058053,上銀統一9B購01  ,0,0,0,0,0,0,0,0,0,168000,0,0,0,188000,20000,168000,168000
062074,旺宏元大9B購04  ,0,0,0,0,0,0,0,0,0,168000,0,0,0,268000,100000,168000,168000
064228,同欣電國票01購01,0,0,0,0,0,0,0,0,0,168000,0,0,0,235000,67000,168000,168000
2484,希華            ,386000,218000,168000,0,0,0,0,0,0,0,0,0,0,0,0,0,168000
057525,光磊元大99購01  ,0,0,0,0,0,0,0,0,0,167000,0,0,0,167000,0,167000,167000
03687C,臺股指凱基9C牛22,0,0,0,0,0,0,0,0,0,167000,0,0,0,283000,116000,167000,167000
063383,億豐永豐9B購02  ,0,0,0,0,0,0,0,0,0,167000,0,0,0,174000,7000,167000,167000
064448,裕隆統一02購01  ,0,0,0,0,0,0,0,0,0,167000,0,0,0,218000,51000,167000,167000
066234,群光富邦04購01  ,0,0,0,0,0,0,0,0,0,167000,0,0,0,251000,84000,167000,167000
066026,泰碩群益03購01  ,0,0,0,0,0,0,0,0,0,167000,0,0,0,183000,16000,167000,167000
066877,奇鋐富邦03購01  ,0,0,0,0,0,0,0,0,0,166000,0,0,0,305000,139000,166000,166000
066801,奇鋐凱基01購02  ,0,0,0,0,0,0,0,0,0,166000,0,0,0,211000,45000,166000,166000
08585P,台表科群益9C售04,0,0,0,0,0,0,0,0,0,166000,0,0,0,168000,2000,166000,166000
052885,高鐵兆豐98購01  ,0,0,0,0,0,0,0,0,0,166000,0,0,0,166000,0,166000,166000
063381,和潤永豐9B購01  ,0,0,0,0,0,0,0,0,0,166000,0,0,0,166000,0,166000,166000
066057,華擎元大02購01  ,0,0,0,0,0,0,0,0,0,166000,0,0,0,415000,249000,166000,166000
07872P,聯發科群益9B售03,0,0,0,0,0,0,0,0,0,165000,0,0,0,165000,0,165000,165000
066812,志超凱基01購01  ,0,0,0,0,0,0,165000,0,0,0,170000,5000,165000,165000,,,
058299,同欣電凱基9A購01,0,0,0,0,0,0,0,0,0,165000,0,0,0,244000,79000,165000,165000
063530,同欣電凱基9C購02,0,0,0,0,0,0,0,0,0,165000,0,0,0,165000,0,165000,165000
060111,臻鼎元大99購04  ,0,0,0,0,0,0,0,0,0,165000,0,0,0,165000,0,165000,165000
064656,聚陽元大9C購03  ,0,0,0,0,0,0,0,0,0,165000,0,0,0,343000,178000,165000,165000
066539,晶技兆豐01購02  ,0,0,0,0,0,0,0,0,0,164000,0,0,0,171000,7000,164000,164000
063400,華擎群益9B購03  ,0,0,0,0,0,0,0,0,0,164000,0,0,0,201000,37000,164000,164000
065973,嘉晶元大01購03  ,0,0,0,0,0,0,0,0,0,164000,0,0,0,229000,65000,164000,164000
066316,台船永豐01購01  ,0,0,0,0,0,0,0,0,0,163000,0,0,0,163000,0,163000,163000
065295,旭富群益9C購02  ,0,0,0,0,0,0,0,0,0,163000,0,0,0,163000,0,163000,163000
064995,世紀鋼兆豐9C購01,0,0,0,0,0,0,0,0,0,163000,0,0,0,176000,13000,163000,163000
07752P,台灣50元大9C售33,0,0,0,0,0,0,0,0,0,162000,0,0,0,200000,38000,162000,162000
061470,鈺齊群益9A購02  ,0,0,0,0,0,0,0,0,0,162000,0,0,0,164000,2000,162000,162000
056736,國巨凱基99購03  ,0,0,0,0,0,0,0,0,0,161000,0,0,0,161000,0,161000,161000
03050X,元展47          ,0,0,0,0,0,0,0,0,0,161000,0,0,0,176000,15000,161000,161000
06082P,華通統一98售01  ,0,0,0,0,0,0,0,0,0,161000,0,0,0,212000,51000,161000,161000
062871,大成鋼兆豐9B購01,0,0,0,0,0,0,0,0,0,161000,0,0,0,199000,38000,161000,161000
062069,喬山元大9B購01  ,0,0,0,0,0,0,0,0,0,161000,0,0,0,161000,0,161000,161000
064295,聚陽國票01購01  ,0,0,0,0,0,0,0,0,0,161000,0,0,0,197000,36000,161000,161000
066146,昇陽半群益01購02,0,0,0,0,0,0,0,0,0,161000,0,0,0,211000,50000,161000,161000
066570,力成元大02購01  ,0,0,0,0,0,0,0,0,0,160000,0,0,0,320000,160000,160000,160000
066482,華碩元富01購02  ,0,0,0,0,0,0,0,0,0,160000,0,0,0,340000,180000,160000,160000
066780,上証反中信04購01,0,0,0,0,0,0,0,0,0,160000,0,0,0,235000,75000,160000,160000
067237,國揚群益01購02  ,0,0,0,0,0,0,0,0,0,160000,0,0,0,160000,0,160000,160000
056872,旺宏凱基98購08  ,0,0,0,0,0,0,0,0,0,160000,0,0,0,160000,0,160000,160000
058973,麗豐永豐99購01  ,0,0,0,0,0,0,0,0,0,160000,0,0,0,245000,85000,160000,160000
058273,同欣電永豐99購01,0,0,0,0,0,0,0,0,0,160000,0,0,0,163000,3000,160000,160000
062958,長榮航麥證9B購01,0,0,0,160000,0,160000,0,0,0,160000,0,0,0,160000,0,160000,160000
063100,聚陽群益9C購02  ,0,0,0,0,0,0,0,0,0,160000,0,0,0,165000,5000,160000,160000
061742,奇鋐凱基9B購01  ,0,0,0,0,0,0,0,0,0,160000,0,0,0,194000,34000,160000,160000
064687,國巨群益9C購10  ,0,0,0,0,0,0,0,0,0,160000,0,0,0,195000,35000,160000,160000
057548,微星凱基99購01  ,0,0,0,0,0,0,0,0,0,159000,0,0,0,201000,42000,159000,159000
054640,健策中信9B購01  ,0,0,0,0,0,0,0,0,0,159000,0,0,0,194000,35000,159000,159000
056586,光罩統一98購02  ,0,0,0,0,0,0,0,0,0,159000,0,0,0,159000,0,159000,159000
064833,新光金統一02購01,0,0,0,0,0,0,0,0,0,159000,0,0,0,159000,0,159000,159000
065728,嘉晶凱基9C購04  ,0,0,0,0,0,0,0,0,0,159000,0,0,0,230000,71000,159000,159000
065736,同欣電凱基9C購05,0,0,0,0,0,0,0,0,0,159000,0,0,0,335000,176000,159000,159000
062801,宏達電統一01購01,0,0,0,0,0,0,0,0,0,158000,0,0,0,178000,20000,158000,158000
2887,台新金          ,2655942,2426333,229609,0,0,0,31000,98000,-67000,-5000,0,0,0,0,5000,-5000,157609
057279,國揚元大98購01  ,0,0,0,0,0,0,0,0,0,157000,0,0,0,157000,0,157000,157000
063079,儒鴻凱基9B購01  ,0,0,0,0,0,0,0,0,0,157000,0,0,0,187000,30000,157000,157000
061582,麗豐元大9A購01  ,0,0,0,0,0,0,0,0,0,157000,0,0,0,157000,0,157000,157000
063458,正隆元大9B購01  ,0,0,0,0,0,0,0,0,0,157000,0,0,0,177000,20000,157000,157000
066095,友訊中信05購01  ,0,0,0,0,0,0,0,0,0,157000,0,0,0,216000,59000,157000,157000
057616,聯電凱基99購01  ,0,0,0,0,0,0,0,0,0,156000,0,0,0,346000,190000,156000,156000
065222,玉晶光永豐9C購07,0,0,0,0,0,0,0,0,0,156000,0,0,0,156000,0,156000,156000
063476,台表科元大9C購03,0,0,0,0,0,0,0,0,0,155000,0,0,0,280000,125000,155000,155000
1731,美吾華          ,850000,695000,155000,0,0,0,0,0,0,0,0,0,0,0,0,0,155000
063625,儒鴻元大9B購03  ,0,0,0,0,0,0,0,0,0,154000,0,0,0,202000,48000,154000,154000
07080P,健策群益9A售01  ,0,0,0,0,0,0,0,0,0,153000,0,0,0,203000,50000,153000,153000
08784P,上証2X元富01售01,0,0,0,0,0,0,0,0,0,153000,0,0,0,203000,50000,153000,153000
062867,東元中信9B購01  ,0,0,0,0,0,0,0,0,0,153000,0,0,0,153000,0,153000,153000
060364,奇力新元富9A購01,0,0,0,0,0,0,0,0,0,153000,0,0,0,340000,187000,153000,153000
065580,鈺齊群益01購01  ,0,0,0,0,0,0,0,0,0,153000,0,0,0,361000,208000,153000,153000
064920,景碩統一01購02  ,0,0,0,0,0,0,0,0,0,153000,0,0,0,234000,81000,153000,153000
064250,亞光元富9C購01  ,0,0,0,0,0,0,0,0,0,153000,0,0,0,382000,229000,153000,153000
066491,麗豐元富01購01  ,0,0,0,0,0,0,0,0,0,152000,0,0,0,250000,98000,152000,152000
057945,京鼎國票99購03  ,0,0,0,0,0,0,0,0,0,152000,0,0,0,222000,70000,152000,152000
056707,鴻海富邦99購03  ,0,0,0,0,0,0,0,0,0,152000,0,0,0,152000,0,152000,152000
063556,儒鴻元大9B購02  ,0,0,0,0,0,0,0,0,0,152000,0,0,0,177000,25000,152000,152000
065219,緯穎國泰01購01  ,0,0,0,0,0,0,0,0,0,152000,0,0,0,166000,14000,152000,152000
062207,牧德國票9B購02  ,0,0,0,0,0,0,0,0,0,151000,0,0,0,151000,0,151000,151000
063582,瑞祺國泰9C購01  ,0,0,0,0,0,0,0,0,0,151000,0,0,0,156000,5000,151000,151000
065042,國產凱基02購01  ,0,0,0,0,0,0,0,0,0,151000,0,0,0,191000,40000,151000,151000
067381,康控統一03購01  ,0,0,0,0,0,0,0,0,0,150000,0,0,0,150000,0,150000,150000
08829P,滬深2X群益01售07,0,0,0,0,0,0,0,0,0,150000,0,0,0,162000,12000,150000,150000
08669P,聯發科群益02售02,0,0,0,0,0,0,0,0,0,150000,0,0,0,151000,1000,150000,150000
07645P,華通元大9A售06  ,0,0,0,0,0,0,0,0,0,150000,0,0,0,200000,50000,150000,150000
08009P,華擎統一9B售02  ,0,0,0,0,0,0,0,0,0,150000,0,0,0,150000,0,150000,150000
057450,國泰金元富98購01,0,0,0,0,0,0,0,0,0,150000,0,0,0,150000,0,150000,150000
057004,滬深反中信9A購01,0,0,0,0,0,0,0,0,0,150000,0,0,0,180000,30000,150000,150000
056012,勤誠中信99購01  ,0,0,0,0,0,0,0,0,0,150000,0,0,0,150000,0,150000,150000
063564,台積電元大9B購07,0,0,0,0,0,0,0,0,0,150000,0,0,0,150000,0,150000,150000
063270,喬山兆豐9C購01  ,0,0,0,0,0,0,0,0,0,150000,0,0,0,150000,0,150000,150000
060570,南亞科永豐9A購01,0,0,0,0,0,0,0,0,0,150000,0,0,0,150000,0,150000,150000
9906,欣巴巴          ,150000,0,150000,0,0,0,0,0,0,0,0,0,0,0,0,0,150000
066711,臺股指群益01購03,0,0,0,0,0,0,0,0,0,149000,0,0,0,194000,45000,149000,149000
057042,台積電元大98購10,0,0,0,0,0,0,0,0,0,149000,0,0,0,288000,139000,149000,149000
060107,旭富元大99購03  ,0,0,0,0,0,0,0,0,0,149000,0,0,0,154000,5000,149000,149000
064736,超眾元富9C購04  ,0,0,0,0,0,0,0,0,0,149000,0,0,0,181000,32000,149000,149000
066474,微星麥證01購01  ,0,0,0,216000,68000,148000,0,0,0,148000,0,0,0,216000,68000,148000,148000
066454,金像電統一01購03,0,0,0,0,0,0,0,0,0,148000,0,0,0,469000,321000,148000,148000
07030P,鈺齊群益99售01  ,0,0,0,0,0,0,0,0,0,147000,0,0,0,193000,46000,147000,147000
066984,總太群益02購01  ,0,0,0,0,0,0,0,0,0,147000,0,0,0,147000,0,147000,147000
058624,台積電國票99購09,0,0,0,0,0,0,0,0,0,147000,0,0,0,165000,18000,147000,147000
064349,泰鼎元大9C購02  ,0,0,0,0,0,0,0,0,0,147000,0,0,0,320000,173000,147000,147000
066296,昇陽半元大01購02,0,0,0,0,0,0,0,0,0,146000,0,0,0,286000,140000,146000,146000
066946,京元電元大01購04,0,0,0,0,0,0,0,0,0,145000,0,0,0,205000,60000,145000,145000
058043,鴻海元大98購13  ,0,0,0,0,0,0,0,0,0,145000,0,0,0,145000,0,145000,145000
055681,奇鋐凱基98購03  ,0,0,0,0,0,0,0,0,0,145000,0,0,0,230000,85000,145000,145000
046629,群創統一98購01  ,0,0,0,0,0,0,0,0,0,145000,0,0,0,204000,59000,145000,145000
062021,康控永豐9B購01  ,0,0,0,0,0,0,0,0,0,145000,0,0,0,154000,9000,145000,145000
061824,聯電麥證9B購01  ,0,0,0,182000,37000,145000,0,0,0,145000,0,0,0,182000,37000,145000,145000
065313,聯茂國票01購01  ,0,0,0,0,0,0,0,0,0,145000,0,0,0,263000,118000,145000,145000
066854,樺漢元大01購02  ,0,0,0,0,0,0,0,0,0,144000,0,0,0,244000,100000,144000,144000
066464,台郡統一02購02  ,0,0,0,0,0,0,0,0,0,144000,0,0,0,198000,54000,144000,144000
08258P,旺宏元大9C售04  ,0,0,0,0,0,0,0,0,0,144000,0,0,0,184000,40000,144000,144000
053860,台積電元大98購03,0,0,0,0,0,0,0,0,0,144000,0,0,0,151000,7000,144000,144000
064580,統一永豐9C購01  ,0,0,0,0,0,0,0,0,0,144000,0,0,0,144000,0,144000,144000
058236,大立光元大99購09,0,0,0,0,0,0,0,0,0,143000,0,0,0,143000,0,143000,143000
057577,廣宇中信9A購01  ,0,0,0,0,0,0,0,0,0,143000,0,0,0,156000,13000,143000,143000
063403,鈺齊群益9B購01  ,0,0,0,0,0,0,0,0,0,143000,0,0,0,167000,24000,143000,143000
061790,中租群益9B購01  ,0,0,0,0,0,0,0,0,0,143000,0,0,0,143000,0,143000,143000
063983,麗豐兆豐9C購01  ,0,0,0,0,0,0,0,0,0,143000,0,0,0,181000,38000,143000,143000
065119,大立光富邦03購03,0,0,0,0,0,0,0,0,0,143000,0,0,0,151000,8000,143000,143000
066198,華碩統一03購01  ,0,0,0,0,0,0,0,0,0,143000,0,0,0,324000,181000,143000,143000
065833,中租凱基02購01  ,0,0,0,0,0,0,0,0,0,142000,0,0,0,172000,30000,142000,142000
064307,聚陽群益9C購03  ,0,0,0,0,0,0,0,0,0,142000,0,0,0,172000,30000,142000,142000
064603,和碩元富9C購01  ,0,0,0,0,0,0,0,0,0,142000,0,0,0,142000,0,142000,142000
054479,緯創中信98購01  ,0,0,0,0,0,0,0,0,0,141000,0,0,0,170000,29000,141000,141000
063386,國巨兆豐9B購04  ,0,0,0,0,0,0,0,0,0,141000,0,0,0,179000,38000,141000,141000
063861,南亞科國泰02購01,0,0,0,0,0,0,0,0,0,141000,0,0,0,306000,165000,141000,141000
9902,台火            ,149000,8000,141000,0,0,0,0,815,-815,0,0,0,0,0,0,0,140185
066926,聚陽國票02購01  ,0,0,0,0,0,0,0,0,0,140000,0,0,0,140000,0,140000,140000
066735,智原元大01購03  ,0,0,0,0,0,0,0,0,0,140000,0,0,0,330000,190000,140000,140000
057888,貿聯群益98購02  ,0,0,0,0,0,0,0,0,0,140000,0,0,0,140000,0,140000,140000
062195,聚陽中信9C購01  ,0,0,0,0,0,0,0,0,0,140000,0,0,0,273000,133000,140000,140000
060904,臺指反元大9C購07,0,0,0,0,0,0,0,0,0,140000,0,0,0,160000,20000,140000,140000
062829,泰碩群益9B購01  ,0,0,0,0,0,0,0,0,0,140000,0,0,0,140000,0,140000,140000
065033,和碩兆豐9C購01  ,0,0,0,0,0,0,0,0,0,140000,0,0,0,154000,14000,140000,140000
056355,台積電元大98購08,0,0,0,0,0,0,0,0,0,139000,0,0,0,151000,12000,139000,139000
061763,聯電元大9C購02  ,0,0,0,0,0,0,0,0,0,139000,0,0,0,146000,7000,139000,139000
063496,儒鴻永豐9B購01  ,0,0,0,0,0,0,0,0,0,139000,0,0,0,163000,24000,139000,139000
066345,正文永豐01購01  ,0,0,0,0,0,0,0,0,0,138000,0,0,0,154000,16000,138000,138000
00640L,富邦日本正2     ,0,99000,-99000,0,0,0,0,0,0,237000,0,0,0,334000,97000,237000,138000
065839,鴻海元大9C購17  ,0,0,0,0,0,0,0,0,0,138000,0,0,0,838000,700000,138000,138000
065924,東元國票02購01  ,0,0,0,0,0,0,0,0,0,138000,0,0,0,138000,0,138000,138000
065778,南亞科國泰01購01,0,0,0,0,0,0,0,0,0,138000,0,0,0,219000,81000,138000,138000
066297,美利達元大01購01,0,0,0,0,0,0,0,0,0,138000,0,0,0,209000,71000,138000,138000
067048,聯詠凱基02購02  ,0,0,0,0,0,0,0,0,0,137000,0,0,0,137000,0,137000,137000
067180,為升凱基02購01  ,0,0,0,0,0,0,0,0,0,137000,0,0,0,168000,31000,137000,137000
062325,鴻海統一9B購05  ,0,0,0,0,0,0,0,0,0,137000,0,0,0,179000,42000,137000,137000
066271,東森元大01購01  ,0,0,0,0,0,0,0,0,0,137000,0,0,0,137000,0,137000,137000
066062,同欣電元大01購02,0,0,0,0,0,0,0,0,0,137000,0,0,0,158000,21000,137000,137000
066097,英業達中信02購01,0,0,0,0,0,0,137000,0,0,0,137000,0,137000,137000,,,
066048,奇鋐元大01購01  ,0,0,0,0,0,0,0,0,0,137000,0,0,0,446000,309000,137000,137000
064958,GIS凱基02購03   ,0,0,0,0,0,0,0,0,0,137000,0,0,0,202000,65000,137000,137000
063723,儒鴻元大9B購04  ,0,0,0,0,0,0,0,0,0,137000,0,0,0,145000,8000,137000,137000
066487,聯詠元富01購03  ,0,0,0,0,0,0,0,0,0,136000,0,0,0,136000,0,136000,136000
061131,崇越永豐9A購01  ,0,0,0,0,0,0,0,0,0,136000,0,0,0,136000,0,136000,136000
064908,世紀鋼群益01購02,0,0,0,0,0,0,0,0,0,136000,0,0,0,136000,0,136000,136000
066124,台化群益01購01  ,0,0,0,0,0,0,0,0,0,136000,0,0,0,136000,0,136000,136000
3052,夆典            ,296000,160000,136000,0,0,0,0,0,0,0,0,0,0,0,0,0,136000
07630P,臺股指凱基9A售11,0,0,0,0,0,0,0,0,0,135000,0,0,0,250000,115000,135000,135000
054201,聯詠富邦97購02  ,0,0,0,0,0,0,0,0,0,135000,0,0,0,135000,0,135000,135000
061198,世紀鋼永豐9A購03,0,0,0,0,0,0,0,0,0,135000,0,0,0,235000,100000,135000,135000
063519,聚陽凱基9B購02  ,0,0,0,0,0,0,0,0,0,135000,0,0,0,137000,2000,135000,135000
063655,華通元富9B購01  ,0,0,0,0,0,0,0,0,0,135000,0,0,0,140000,5000,135000,135000
063301,鴻海凱基9B購08  ,0,0,0,0,0,0,0,0,0,135000,0,0,0,276000,141000,135000,135000
061536,華擎統一9C購02  ,0,0,0,0,0,0,0,0,0,135000,0,0,0,135000,0,135000,135000
061378,南六永豐9A購03  ,0,0,0,0,0,0,0,0,0,135000,0,0,0,185000,50000,135000,135000
065933,鴻海群益01購06  ,0,0,0,0,0,0,0,0,0,135000,0,0,0,284000,149000,135000,135000
065177,旭富元大9C購05  ,0,0,0,0,0,0,0,0,0,135000,0,0,0,135000,0,135000,135000
065265,景碩元大9C購02  ,0,0,0,0,0,0,0,0,0,135000,0,0,0,206000,71000,135000,135000
4999,鑫禾            ,175000,40000,135000,0,0,0,0,0,0,0,0,0,0,0,0,0,135000
056738,國巨凱基9A購02  ,0,0,0,0,0,0,0,0,0,134000,0,0,0,219000,85000,134000,134000
058536,群創統一9B購01  ,0,0,0,0,0,0,0,0,0,134000,0,0,0,155000,21000,134000,134000
062552,南電永豐9B購01  ,0,0,0,0,0,0,0,0,0,134000,0,0,0,134000,0,134000,134000
057899,台積電永豐98購04,0,0,0,0,0,0,0,0,0,134000,0,0,0,134000,0,134000,134000
060385,台勝科凱基9A購01,0,0,0,0,0,0,0,0,0,134000,0,0,0,204000,70000,134000,134000
060259,潤泰全凱基9C購01,0,0,0,0,0,0,0,0,0,134000,0,0,0,254000,120000,134000,134000
061086,FBVIX統一01購01 ,0,0,0,0,0,0,0,0,0,133000,0,0,0,153000,20000,133000,133000
065977,旭富元大02購01  ,0,0,0,0,0,0,0,0,0,133000,0,0,0,169000,36000,133000,133000
066195,臺股指凱基03購04,0,0,0,0,0,0,0,0,0,133000,0,0,0,171000,38000,133000,133000
058208,百和凱基99購01  ,0,0,0,0,0,0,0,0,0,132000,0,0,0,132000,0,132000,132000
063367,GIS富邦9B購01   ,0,0,0,0,0,0,0,0,0,132000,0,0,0,162000,30000,132000,132000
066149,潤泰新群益01購01,0,0,0,0,0,0,0,0,0,132000,0,0,0,230000,98000,132000,132000
064085,儒鴻凱基9C購02  ,0,0,0,0,0,0,0,0,0,132000,0,0,0,316000,184000,132000,132000
059054,國巨凱基99購11  ,0,0,0,0,0,0,0,0,0,131000,0,0,0,153000,22000,131000,131000
052328,台表科中信99購01,0,0,0,0,0,0,0,0,0,131000,0,0,0,151000,20000,131000,131000
054231,國巨群益98購03  ,0,0,0,0,0,0,0,0,0,131000,0,0,0,131000,0,131000,131000
060156,光磊永豐9A購01  ,0,0,0,0,0,0,0,0,0,131000,0,0,0,133000,2000,131000,131000
059856,昇陽半永豐99購03,0,0,0,0,0,0,0,0,0,131000,0,0,0,180000,49000,131000,131000
064118,喬山元大01購01  ,0,0,0,0,0,0,0,0,0,131000,0,0,0,131000,0,131000,131000
064392,喬山永豐9C購01  ,0,0,0,0,0,0,0,0,0,131000,0,0,0,132000,1000,131000,131000
065534,台光電統一9C購02,0,0,0,0,0,0,0,0,0,131000,0,0,0,174000,43000,131000,131000
056818,正崴永豐98購01  ,0,0,0,0,0,0,0,0,0,130000,0,0,0,168000,38000,130000,130000
059480,美律群益9A購01  ,0,0,0,0,0,0,0,0,0,130000,0,0,0,180000,50000,130000,130000
055117,臻鼎凱基98購02  ,0,0,0,0,0,0,0,0,0,130000,0,0,0,130000,0,130000,130000
056089,同欣電統一98購01,0,0,0,0,0,0,0,0,0,130000,0,0,0,240000,110000,130000,130000
057166,國巨元大99購06  ,0,0,0,0,0,0,0,0,0,130000,0,0,0,130000,0,130000,130000
058646,聯茂富邦9A購01  ,0,0,0,0,0,0,0,0,0,130000,0,0,0,185000,55000,130000,130000
059851,晶相光永豐99購02,0,0,0,0,0,0,0,0,0,130000,0,0,0,140000,10000,130000,130000
06296P,燿華元大98售01  ,0,0,0,0,0,0,0,0,0,130000,0,0,0,130000,0,130000,130000
060651,瑞儀中信9B購01  ,0,0,0,0,0,0,0,0,0,130000,0,0,0,259000,129000,130000,130000
062091,世紀鋼元大9B購01,0,0,0,0,0,0,0,0,0,130000,0,0,0,210000,80000,130000,130000
063672,GIS統一9C購01   ,0,0,0,0,0,0,0,0,0,130000,0,0,0,447000,317000,130000,130000
063614,美食群益9B購03  ,0,0,0,0,0,0,0,0,0,130000,0,0,0,200000,70000,130000,130000
061105,宏達電元大9A購04,0,0,0,0,0,0,0,0,0,130000,0,0,0,199000,69000,130000,130000
06999P,玉晶光國票9B售01,0,0,0,0,0,0,0,0,0,129000,0,0,0,129000,0,129000,129000
063146,南六統一9B購02  ,0,0,0,0,0,0,0,0,0,129000,0,0,0,209000,80000,129000,129000
064720,長榮航統一02購01,0,0,0,0,0,0,0,0,0,129000,0,0,0,129000,0,129000,129000
3003,健和興          ,248000,115000,133000,0,0,0,0,0,0,-4000,0,0,0,0,4000,-4000,129000
1592,英瑞-KY         ,250000,122000,128000,0,0,0,0,0,0,0,0,0,0,0,0,0,128000
062974,奇力新元富9B購01,0,0,0,0,0,0,0,0,0,128000,0,0,0,240000,112000,128000,128000
061958,鴻海統一01購01  ,1000,0,1000,0,0,0,0,0,0,127000,0,0,0,197000,70000,127000,128000
063665,南亞科統一01購02,0,0,0,0,0,0,0,0,0,128000,0,0,0,195000,67000,128000,128000
063355,超眾元富9B購01  ,0,0,0,0,0,0,0,0,0,128000,0,0,0,128000,0,128000,128000
061572,奇力新元大9A購04,0,0,0,0,0,0,0,0,0,128000,0,0,0,128000,0,128000,128000
065424,華新凱基02購01  ,0,0,0,0,0,0,0,0,0,128000,0,0,0,150000,22000,128000,128000
058623,國巨國票99購08  ,0,0,0,0,0,0,0,0,0,127000,0,0,0,175000,48000,127000,127000
057325,可成群益9A購01  ,0,0,0,0,0,0,0,0,0,127000,0,0,0,177000,50000,127000,127000
062226,臻鼎統一9B購01  ,0,0,0,0,0,0,0,0,0,127000,0,0,0,269000,142000,127000,127000
060700,華新科國泰9C購01,0,0,0,0,0,0,0,0,0,127000,0,0,0,356000,229000,127000,127000
063147,東元元富9B購01  ,0,0,0,0,0,0,0,0,0,127000,0,0,0,217000,90000,127000,127000
066141,盛群群益01購01  ,0,0,0,0,0,0,0,0,0,127000,0,0,0,165000,38000,127000,127000
065682,健策統一9C購07  ,0,0,0,0,0,0,0,0,0,127000,0,0,0,158000,31000,127000,127000
064651,GIS凱基9C購02   ,0,0,0,0,0,0,0,0,0,127000,0,0,0,205000,78000,127000,127000
064976,景碩元大9C購01  ,0,0,0,0,0,0,0,0,0,127000,0,0,0,462000,335000,127000,127000
055781,聯詠凱基98購01  ,0,0,0,0,0,0,0,0,0,126000,0,0,0,159000,33000,126000,126000
054751,GIS凱基98購01   ,0,0,0,0,0,0,0,0,0,126000,0,0,0,126000,0,126000,126000
064605,GIS元富9C購01   ,0,0,0,0,0,0,0,0,0,126000,0,0,0,231000,105000,126000,126000
066295,昇陽半元大01購01,0,0,0,0,0,0,0,0,0,126000,0,0,0,126000,0,126000,126000
065673,嘉晶凱基01購02  ,0,0,0,0,0,0,0,0,0,126000,0,0,0,177000,51000,126000,126000
07170P,臺股指國票99售07,0,0,0,0,0,0,0,0,0,125000,0,0,0,125000,0,125000,125000
059814,SP黃豆凱基9A購02,0,0,0,0,0,0,0,0,0,125000,0,0,0,202000,77000,125000,125000
063263,高鐵永豐9B購01  ,0,0,0,0,0,0,0,0,0,125000,0,0,0,125000,0,125000,125000
061886,力山國泰01購01  ,0,0,0,0,0,0,0,0,0,125000,0,0,0,125000,0,125000,125000
065159,臻鼎群益9C購02  ,0,0,0,0,0,0,0,0,0,125000,0,0,0,161000,36000,125000,125000
066977,鴻海群益02購01  ,0,0,0,0,0,0,0,0,0,124000,0,0,0,270000,146000,124000,124000
07802P,瑞昱永豐9A售03  ,0,0,0,0,0,0,0,0,0,124000,0,0,0,124000,0,124000,124000
058736,鈺齊永豐99購02  ,0,0,0,0,0,0,0,0,0,124000,0,0,0,124000,0,124000,124000
060688,世紀鋼元大9C購01,0,0,0,0,0,0,0,0,0,124000,0,0,0,160000,36000,124000,124000
065081,金像電元大9C購05,0,0,0,0,0,0,0,0,0,124000,0,0,0,319000,195000,124000,124000
064845,華通元富9C購02  ,0,0,0,0,0,0,0,0,0,124000,0,0,0,124000,0,124000,124000
064311,新光金群益01購02,0,0,0,0,0,0,0,0,0,124000,0,0,0,124000,0,124000,124000
08538P,聯發科國票01售01,0,0,0,0,0,0,0,0,0,123000,0,0,0,125000,2000,123000,123000
061697,世紀鋼群益9A購03,0,0,0,0,0,0,0,0,0,123000,0,0,0,133000,10000,123000,123000
063764,上銀元富9B購08  ,0,0,0,0,0,0,0,0,0,123000,0,0,0,145000,22000,123000,123000
2101,南港            ,460000,231590,228410,0,0,0,0,0,0,-106000,0,0,0,3000,109000,-106000,122410
06949P,台表科元大99售01,0,0,0,0,0,0,0,0,0,122000,0,0,0,300000,178000,122000,122000
066515,強茂永豐01購02  ,0,0,0,0,0,0,0,0,0,122000,0,0,0,122000,0,122000,122000
066633,總太凱基01購01  ,0,0,0,0,0,0,0,0,0,122000,0,0,0,122000,0,122000,122000
059456,智易永豐99購01  ,0,0,0,0,0,0,0,0,0,122000,0,0,0,122000,0,122000,122000
063615,瑞祺群益9B購03  ,0,0,0,0,0,0,0,0,0,122000,0,0,0,122000,0,122000,122000
063811,亞德客群益9C購01,0,0,0,0,0,0,0,0,0,122000,0,0,0,122000,0,122000,122000
064382,台積電國泰01購01,0,0,0,0,0,0,0,0,0,122000,0,0,0,224000,102000,122000,122000
064480,聚陽永豐9C購01  ,0,0,0,0,0,0,0,0,0,122000,0,0,0,203000,81000,122000,122000
066113,金像電兆豐01購01,0,0,0,0,0,0,0,0,0,122000,0,0,0,167000,45000,122000,122000
2486,一詮            ,291000,169000,122000,0,0,0,0,0,0,0,0,0,0,0,0,0,122000
006206,元大上證50      ,252000,134000,118000,0,0,0,0,0,0,3000,0,200000,-200000,1248000,1045000,203000,121000
065220,義隆富邦01購02  ,0,0,0,0,0,0,0,0,0,121000,0,0,0,344000,223000,121000,121000
065607,聯詠元大9C購02  ,0,0,0,0,0,0,0,0,0,121000,0,0,0,180000,59000,121000,121000
064774,聚陽群益9C購04  ,0,0,0,0,0,0,0,0,0,121000,0,0,0,291000,170000,121000,121000
066339,總太永豐01購01  ,0,0,0,0,0,0,0,0,0,120000,0,0,0,120000,0,120000,120000
066448,眾達群益01購01  ,0,0,0,0,0,0,0,0,0,120000,0,0,0,210000,90000,120000,120000
06994P,台光電凱基99售02,0,0,0,0,0,0,0,0,0,120000,0,0,0,120000,0,120000,120000
08209P,上銀元富9B售06  ,0,0,0,0,0,0,0,0,0,120000,0,0,0,120000,0,120000,120000
056683,台積電統一98購05,0,0,0,0,0,0,0,0,0,120000,0,0,0,120000,0,120000,120000
059016,晶相光元富99購03,0,0,0,0,0,0,0,0,0,120000,0,0,0,120000,0,120000,120000
061719,緯穎凱基9A購06  ,0,0,0,0,0,0,0,0,0,120000,0,0,0,170000,50000,120000,120000
060772,FBVIX凱基9A購03 ,0,0,0,0,0,0,0,0,0,120000,0,0,0,120000,0,120000,120000
062824,國巨群益9C購03  ,0,0,0,0,0,0,0,0,0,120000,0,0,0,238000,118000,120000,120000
061254,道瓊反凱基9A購02,0,0,0,0,0,0,0,0,0,120000,0,0,0,120000,0,120000,120000
061363,儒鴻國票9B購01  ,0,0,0,0,0,0,0,0,0,120000,0,0,0,122000,2000,120000,120000
063836,台塑元大9C購01  ,0,0,0,0,0,0,0,0,0,120000,0,0,0,125000,5000,120000,120000
066156,建準康和01購01  ,0,0,0,0,0,0,0,0,0,120000,0,0,0,120000,0,120000,120000
057536,康控元大99購03  ,0,0,0,0,0,0,0,0,0,119000,0,0,0,175000,56000,119000,119000
063195,訊連元富9B購01  ,0,0,0,0,0,0,0,0,0,119000,0,0,0,346000,227000,119000,119000
063500,嘉晶永豐9B購02  ,0,0,0,0,0,0,0,0,0,119000,0,0,0,132000,13000,119000,119000
061589,世紀鋼富邦9B購01,0,0,0,0,0,0,0,0,0,119000,0,0,0,301000,182000,119000,119000
064535,國產國票01購01  ,0,0,0,0,0,0,0,0,0,119000,0,0,0,137000,18000,119000,119000
08429P,台達電凱基9C售01,0,0,0,0,0,0,0,0,0,118000,0,0,0,129000,11000,118000,118000
056937,智原元富98購01  ,0,0,0,0,0,0,0,0,0,118000,0,0,0,120000,2000,118000,118000
063645,瑞儀元大9B購02  ,0,0,0,0,0,0,0,0,0,118000,0,0,0,131000,13000,118000,118000
060880,中壽中信9C購01  ,0,0,0,0,0,0,0,0,0,118000,0,0,0,118000,0,118000,118000
064398,聚陽凱基01購01  ,0,0,0,0,0,0,0,0,0,118000,0,0,0,168000,50000,118000,118000
065752,正崴元大9C購01  ,0,0,0,0,0,0,0,0,0,118000,0,0,0,234000,116000,118000,118000
065640,聯電元大01購02  ,0,0,0,0,0,0,0,0,0,118000,0,0,0,242000,124000,118000,118000
055415,禾伸堂富邦9B購01,0,0,0,0,0,0,0,0,0,117000,0,0,0,119000,2000,117000,117000
054778,世紀鋼國票99購01,0,0,0,0,0,0,0,0,0,117000,0,0,0,164000,47000,117000,117000
00664R,國泰臺灣加權反1 ,53000,53000,0,0,0,0,0,0,0,117000,0,0,0,1344000,1227000,117000,117000
053770,元金2X元大98購01,0,0,0,0,0,0,0,0,0,117000,0,0,0,118000,1000,117000,117000
061547,禾伸堂群益9A購01,0,0,0,0,0,0,0,0,0,117000,0,0,0,127000,10000,117000,117000
065727,冠德凱基9C購01  ,0,0,0,0,0,0,0,0,0,117000,0,0,0,279000,162000,117000,117000
065798,華通群益01購03  ,0,0,0,0,0,0,0,0,0,117000,0,0,0,124000,7000,117000,117000
066080,台光電國泰03購01,0,0,0,0,0,0,0,0,0,117000,0,0,0,117000,0,117000,117000
064357,中橡統一9C購01  ,0,0,0,0,0,0,0,0,0,117000,0,0,0,117000,0,117000,117000
064294,和大中信9C購01  ,0,0,0,0,0,0,0,0,0,117000,0,0,0,117000,0,117000,117000
057182,禾伸堂元大99購02,0,0,0,0,0,0,0,0,0,116000,0,0,0,312000,196000,116000,116000
062171,中磊永豐9B購01  ,0,0,0,0,0,0,0,0,0,116000,0,0,0,362000,246000,116000,116000
061598,南電永豐9A購04  ,0,0,0,0,0,0,0,0,0,116000,0,0,0,116000,0,116000,116000
063201,廣達統一01購01  ,0,0,0,0,0,0,0,0,0,116000,0,0,0,189000,73000,116000,116000
062767,GIS凱基9B購02   ,0,0,0,0,0,0,0,0,0,116000,0,0,0,121000,5000,116000,116000
063135,國巨統一9B購16  ,0,0,0,0,0,0,0,0,0,116000,0,0,0,126000,10000,116000,116000
064490,金像電元大9C購02,0,0,0,0,0,0,0,0,0,116000,0,0,0,305000,189000,116000,116000
2547,日勝生          ,336000,220000,116000,0,0,0,0,0,0,0,0,0,0,0,0,0,116000
08718P,台灣50元大02售03,0,0,0,0,0,0,0,0,0,115000,0,0,0,116000,1000,115000,115000
06956P,國巨日盛99售04  ,0,0,0,0,0,0,0,0,0,115000,0,0,0,120000,5000,115000,115000
062522,同欣電元大9B購02,0,0,0,0,0,0,0,0,0,115000,0,0,0,222000,107000,115000,115000
062208,旭富國票9C購01  ,0,0,0,0,0,0,0,0,0,115000,0,0,0,115000,0,115000,115000
059078,FBVIX元大99購06 ,0,0,0,0,0,0,0,0,0,115000,0,0,0,115000,0,115000,115000
053953,群創台新97購01  ,0,0,0,0,0,0,0,0,0,115000,0,0,0,115000,0,115000,115000
060556,緯穎凱基9A購04  ,0,0,0,0,0,0,0,0,0,115000,0,0,0,115000,0,115000,115000
060906,旺宏元大9A購07  ,0,0,0,0,0,0,0,0,0,115000,0,0,0,167000,52000,115000,115000
065848,聯詠元大9C購03  ,0,0,0,0,0,0,0,0,0,115000,0,0,0,134000,19000,115000,115000
08399P,技嘉元富9C售02  ,0,0,0,0,0,0,0,0,0,114000,0,0,0,118000,4000,114000,114000
08223P,臺股指凱基9B售18,0,0,0,0,0,0,0,0,0,114000,0,0,0,342000,228000,114000,114000
07503P,禾伸堂元大9A售01,0,0,0,0,0,0,0,0,0,114000,0,0,0,116000,2000,114000,114000
057451,大立光元富9B購01,0,0,0,0,0,0,0,0,0,114000,0,0,0,114000,0,114000,114000
058397,大成鋼元大99購02,0,0,0,0,0,0,0,0,0,114000,0,0,0,114000,0,114000,114000
060134,鈺齊群益9A購01  ,0,0,0,0,0,0,0,0,0,114000,0,0,0,114000,0,114000,114000
065894,漢翔統一03購01  ,0,0,0,0,0,0,0,0,0,114000,0,0,0,289000,175000,114000,114000
066086,東元永豐01購01  ,0,0,0,0,0,0,0,0,0,114000,0,0,0,138000,24000,114000,114000
066289,晶碩元大02購01  ,0,0,0,0,0,0,0,0,0,114000,0,0,0,377000,263000,114000,114000
065579,南茂群益9C購02  ,0,0,0,0,0,0,0,0,0,114000,0,0,0,119000,5000,114000,114000
064803,智邦元大9C購05  ,0,0,0,0,0,0,0,0,0,114000,0,0,0,119000,5000,114000,114000
064956,麗豐凱基9C購01  ,0,0,0,0,0,0,0,0,0,114000,0,0,0,142000,28000,114000,114000
08561P,台表科國票01售02,0,0,0,0,0,0,0,0,0,113000,0,0,0,123000,10000,113000,113000
066995,盟立國泰03購01  ,0,0,0,0,0,0,0,0,0,113000,0,0,0,969000,856000,113000,113000
067144,上銀統一02購01  ,0,0,0,0,0,0,0,0,0,113000,0,0,0,113000,0,113000,113000
066411,南紡元大01購01  ,0,0,0,0,0,0,0,0,0,113000,0,0,0,113000,0,113000,113000
066494,旺宏國泰03購01  ,0,0,0,0,0,0,0,0,0,113000,0,0,0,385000,272000,113000,113000
058047,可成元大98購11  ,0,0,0,0,0,0,0,0,0,113000,0,0,0,113000,0,113000,113000
064565,高鐵群益01購01  ,0,0,0,0,0,0,0,0,0,113000,0,0,0,123000,10000,113000,113000
064290,GIS元大9C購04   ,0,0,0,0,0,0,0,0,0,113000,0,0,0,202000,89000,113000,113000
066331,東森永豐01購01  ,0,0,0,0,0,0,0,0,0,112000,0,0,0,112000,0,112000,112000
067051,泰鼎凱基02購01  ,0,0,0,0,0,0,0,0,0,112000,0,0,0,121000,9000,112000,112000
08405P,聯發科元大9C售11,0,0,0,0,0,0,0,0,0,112000,0,0,0,127000,15000,112000,112000
07987P,大立光統一9B售13,0,0,0,0,0,0,0,0,0,112000,0,0,0,112000,0,112000,112000
063890,正隆群益9C購01  ,0,0,0,0,0,0,0,0,0,112000,0,0,0,112000,0,112000,112000
065383,南電元大01購02  ,0,0,0,0,0,0,0,0,0,112000,0,0,0,144000,32000,112000,112000
066035,南電群益01購01  ,0,0,0,0,0,0,0,0,0,112000,0,0,0,133000,21000,112000,112000
067310,欣興元大01購05  ,0,0,0,0,0,0,0,0,0,111000,0,0,0,132000,21000,111000,111000
057620,康控凱基99購01  ,0,0,0,0,0,0,0,0,0,111000,0,0,0,145000,34000,111000,111000
00631L,元大台灣50正2   ,124000,105000,19000,0,0,0,0,0,0,92000,554000,0,554000,1432000,1894000,-462000,111000
056095,臻鼎元富9A購01  ,0,0,0,0,0,0,0,0,0,111000,0,0,0,220000,109000,111000,111000
062761,嘉晶凱基9C購01  ,0,0,0,0,0,0,0,0,0,111000,0,0,0,180000,69000,111000,111000
063392,聯電群益9B購02  ,0,0,0,0,0,0,0,0,0,111000,0,0,0,123000,12000,111000,111000
064203,康控兆豐9C購02  ,0,0,0,0,0,0,0,0,0,111000,0,0,0,127000,16000,111000,111000
064868,嘉晶永豐9C購02  ,0,0,0,0,0,0,0,0,0,111000,0,0,0,111000,0,111000,111000
07950P,智邦元大9B售04  ,0,0,0,0,0,0,0,0,0,110000,0,0,0,293000,183000,110000,110000
08019P,緯穎國票9B售02  ,0,0,0,0,0,0,0,0,0,110000,0,0,0,131000,21000,110000,110000
07532P,台灣50中信01售02,0,0,0,0,0,0,0,0,0,110000,0,0,0,140000,30000,110000,110000
07407P,欣興凱基99售07  ,0,0,0,0,0,0,0,0,0,110000,0,0,0,110000,0,110000,110000
07714P,世紀鋼元大9A售03,0,0,0,0,0,0,0,0,0,110000,0,0,0,110000,0,110000,110000
055272,國巨元大98購04  ,0,0,0,0,0,0,0,0,0,110000,0,0,0,110000,0,110000,110000
054805,台苯元大9A購01  ,0,0,0,0,0,0,0,0,0,110000,0,0,0,110000,0,110000,110000
056753,群創兆豐98購02  ,0,0,0,0,0,0,0,0,0,110000,0,0,0,110000,0,110000,110000
057539,南茂元大98購02  ,0,0,0,0,0,0,0,0,0,110000,0,0,0,110000,0,110000,110000
058194,勤誠永豐99購01  ,0,0,0,0,0,0,0,0,0,110000,0,0,0,110000,0,110000,110000
062293,麗豐永豐9B購01  ,0,0,0,0,0,0,0,0,0,110000,0,0,0,110000,0,110000,110000
063546,國巨兆豐9C購03  ,0,0,0,0,0,0,0,0,0,110000,0,0,0,130000,20000,110000,110000
061789,群創群益9B購01  ,0,0,0,0,0,0,0,0,0,110000,0,0,0,120000,10000,110000,110000
060031,旭富永豐99購02  ,0,0,0,0,0,0,0,0,0,110000,0,0,0,110000,0,110000,110000
064814,祥碩元大9C購06  ,0,0,0,0,0,0,0,0,0,110000,0,0,0,210000,100000,110000,110000
064640,和大凱基03購01  ,0,0,0,0,0,0,0,0,0,110000,0,0,0,110000,0,110000,110000
064445,聚陽統一02購01  ,0,0,0,0,0,0,0,0,0,110000,0,0,0,157000,47000,110000,110000
06427P,鴻海元大97售13  ,0,0,0,0,0,0,0,0,0,110000,0,0,0,310000,200000,110000,110000
065653,同欣電元大03購01,0,0,0,0,0,0,0,0,0,110000,0,0,0,510000,400000,110000,110000
1762,中化生          ,965000,870000,95000,0,0,0,0,0,0,15000,6000,0,6000,9000,0,9000,110000
6698,旭暉應材        ,33000,23000,10000,0,0,0,100000,0,100000,0,0,0,0,0,0,0,110000
08220P,華邦電凱基9B售02,0,0,0,0,0,0,0,0,0,109000,0,0,0,199000,90000,109000,109000
066953,禾伸堂元大01購01,0,0,0,0,0,0,0,0,0,109000,0,0,0,210000,101000,109000,109000
066326,敦陽科永豐01購01,0,0,0,0,0,0,0,0,0,109000,0,0,0,111000,2000,109000,109000
062863,聯茂國票9B購01  ,0,0,0,0,0,0,0,0,0,109000,0,0,0,239000,130000,109000,109000
065979,立積元大03購01  ,0,0,0,0,0,0,0,0,0,109000,0,0,0,167000,58000,109000,109000
062220,台光電統一01購01,0,0,0,0,0,0,0,0,0,108000,0,0,0,119000,11000,108000,108000
059115,美食永豐99購01  ,0,0,0,0,0,0,0,0,0,108000,0,0,0,121000,13000,108000,108000
059292,華新科元富9B購02,0,0,0,0,0,0,0,0,0,108000,0,0,0,220000,112000,108000,108000
053569,漢唐統一98購01  ,0,0,0,0,0,0,0,0,0,108000,0,0,0,108000,0,108000,108000
057733,嘉聯益國泰99購01,0,0,0,0,0,0,0,0,0,108000,0,0,0,114000,6000,108000,108000
062754,台勝科麥證9B購01,0,0,0,108000,0,108000,0,0,0,108000,0,0,0,108000,0,108000,108000
063508,緯創群益9B購01  ,0,0,0,0,0,0,0,0,0,108000,0,0,0,118000,10000,108000,108000
063445,金像電統一9B購01,0,0,0,0,0,0,0,0,0,108000,0,0,0,501000,393000,108000,108000
066159,寶成康和01購01  ,0,0,0,0,0,0,0,0,0,108000,0,0,0,291000,183000,108000,108000
065397,宏達電群益9C購03,0,0,0,0,0,0,0,0,0,108000,0,0,0,212000,104000,108000,108000
064266,聯茂永豐9C購01  ,0,0,0,0,0,0,0,0,0,108000,0,0,0,122000,14000,108000,108000
063837,亞德客元大01購01,0,0,0,0,0,0,0,0,0,108000,0,0,0,108000,0,108000,108000
063741,GIS元大9B購04   ,0,0,0,0,0,0,0,0,0,108000,0,0,0,127000,19000,108000,108000
1416,廣豐            ,201000,94799,106201,0,0,0,0,0,0,1000,1000,0,1000,0,0,0,107201
066873,健策國泰02購01  ,0,0,0,0,0,0,0,0,0,107000,0,0,0,109000,2000,107000,107000
067030,南電兆豐03購01  ,0,0,0,0,0,0,0,0,0,107000,0,0,0,117000,10000,107000,107000
057515,智原元富98購02  ,0,0,0,0,0,0,0,0,0,107000,0,0,0,222000,115000,107000,107000
061028,聚陽永豐9A購01  ,0,0,0,0,0,0,0,0,0,107000,0,0,0,107000,0,107000,107000
065418,緯創國票01購01  ,0,0,0,0,0,0,0,0,0,107000,0,0,0,127000,20000,107000,107000
065540,台表科統一02購05,0,0,0,0,0,0,0,0,0,107000,0,0,0,264000,157000,107000,107000
065317,上銀凱基9C購03  ,0,0,0,0,0,0,0,0,0,107000,0,0,0,107000,0,107000,107000
065318,聯電凱基9C購03  ,0,0,0,0,0,0,0,0,0,107000,0,0,0,127000,20000,107000,107000
065127,世芯永豐9C購03  ,0,0,0,0,0,0,0,0,0,107000,0,0,0,142000,35000,107000,107000
065136,正隆凱基9C購01  ,0,0,0,0,0,0,0,0,0,107000,0,0,0,107000,0,107000,107000
066267,強茂元大01購02  ,0,0,0,0,0,0,0,0,0,107000,0,0,0,124000,17000,107000,107000
08566P,禾伸堂群益9C售01,0,0,0,0,0,0,0,0,0,106000,0,0,0,207000,101000,106000,106000
059358,旺宏永豐99購02  ,0,0,0,0,0,0,0,0,0,106000,0,0,0,106000,0,106000,106000
058033,景碩永豐98購02  ,0,0,0,0,0,0,0,0,0,106000,0,0,0,112000,6000,106000,106000
056906,玉晶光元大9B購01,0,0,0,0,0,0,0,0,0,106000,0,0,0,154000,48000,106000,106000
060427,聯茂永豐9A購01  ,0,0,0,0,0,0,0,0,0,106000,0,0,0,106000,0,106000,106000
060431,復盛永豐9A購01  ,0,0,0,0,0,0,0,0,0,106000,0,0,0,124000,18000,106000,106000
061339,京元電元大9A購05,0,0,0,0,0,0,0,0,0,106000,0,0,0,335000,229000,106000,106000
065721,中壽兆豐9C購01  ,0,0,0,0,0,0,0,0,0,106000,0,0,0,106000,0,106000,106000
063958,瑞祺元大9C購01  ,0,0,0,0,0,0,0,0,0,106000,0,0,0,144000,38000,106000,106000
064842,南六統一9C購04  ,0,0,0,0,0,0,0,0,0,106000,0,0,0,114000,8000,106000,106000
067217,康控元大01購02  ,0,0,0,0,0,0,0,0,0,105000,0,0,0,132000,27000,105000,105000
066947,聯發科元大01購15,0,0,0,0,0,0,0,0,0,105000,0,0,0,110000,5000,105000,105000
053723,奇鋐凱基98購01  ,0,0,0,0,0,0,0,0,0,105000,0,0,0,110000,5000,105000,105000
058926,勤誠元富99購01  ,0,0,0,0,0,0,0,0,0,105000,0,0,0,105000,0,105000,105000
062660,神隆群益9B購02  ,0,0,0,0,0,0,0,0,0,105000,0,0,0,105000,0,105000,105000
063115,台積電麥證9B購02,0,0,0,135000,30000,105000,0,0,0,105000,0,0,0,135000,30000,105000,105000
063020,奇力新元大9B購04,0,0,0,0,0,0,0,0,0,105000,0,0,0,200000,95000,105000,105000
064848,金像電元富9C購02,0,0,0,0,0,0,0,0,0,105000,0,0,0,473000,368000,105000,105000
064011,嘉晶國票9C購01  ,0,0,0,0,0,0,0,0,0,105000,0,0,0,106000,1000,105000,105000
064054,中租統一02購01  ,0,0,0,0,0,0,0,0,0,105000,0,0,0,247000,142000,105000,105000
064147,瑞昱統一01購04  ,0,0,0,0,0,0,0,0,0,105000,0,0,0,310000,205000,105000,105000
065846,華新科元大03購01,0,0,0,0,0,0,0,0,0,105000,0,0,0,325000,220000,105000,105000
065344,瑞昱統一01購05  ,0,0,0,0,0,0,0,0,0,105000,0,0,0,203000,98000,105000,105000
066765,揚明光永豐01購01,0,0,0,0,0,0,0,0,0,104000,0,0,0,104000,0,104000,104000
067207,微星元大01購04  ,0,0,0,0,0,0,0,0,0,104000,0,0,0,269000,165000,104000,104000
054272,華通中信98購01  ,0,0,0,0,0,0,0,0,0,104000,0,0,0,115000,11000,104000,104000
03433B,臺股指元大9C熊01,0,0,0,0,0,0,0,0,0,104000,0,0,0,122000,18000,104000,104000
061868,旺宏元大9B購03  ,0,0,0,0,0,0,0,0,0,104000,0,0,0,154000,50000,104000,104000
063394,金像電群益9B購01,0,0,0,0,0,0,0,0,0,104000,0,0,0,109000,5000,104000,104000
060032,利勤永豐99購01  ,0,0,0,0,0,0,0,0,0,104000,0,0,0,104000,0,104000,104000
059787,奇力新元大9A購02,0,0,0,0,0,0,0,0,0,104000,0,0,0,104000,0,104000,104000
065980,中租元大02購01  ,0,0,0,0,0,0,0,0,0,104000,0,0,0,195000,91000,104000,104000
063803,世紀鋼凱基01購01,0,0,0,0,0,0,0,0,0,104000,0,0,0,144000,40000,104000,104000
064770,開發金中信01購01,0,0,0,0,0,0,0,0,0,104000,0,0,0,104000,0,104000,104000
08242P,聯發科凱基9C售06,0,0,0,0,0,0,0,0,0,103000,0,0,0,103000,0,103000,103000
056520,鴻海日盛99購01  ,0,0,0,0,0,0,0,0,0,103000,0,0,0,123000,20000,103000,103000
058230,國巨元大99購11  ,0,0,0,0,0,0,0,0,0,103000,0,0,0,103000,0,103000,103000
060209,喬山康和9A購01  ,0,0,0,0,0,0,0,0,0,103000,0,0,0,103000,0,103000,103000
062952,台積電永豐9B購02,0,0,0,0,0,0,0,0,0,103000,0,0,0,159000,56000,103000,103000
064831,宏達電統一02購01,0,0,0,0,0,0,0,0,0,103000,0,0,0,113000,10000,103000,103000
064453,微星統一02購01  ,0,0,0,0,0,0,0,0,0,103000,0,0,0,808000,705000,103000,103000
064361,旺宏統一01購06  ,0,0,0,0,0,0,0,0,0,103000,0,0,0,103000,0,103000,103000
065185,和大統一02購05  ,0,0,0,0,0,0,0,0,0,103000,0,0,0,103000,0,103000,103000
08170P,緯穎群益9B售03  ,0,0,0,0,0,0,0,0,0,102000,0,0,0,110000,8000,102000,102000
07949P,滬深2X元大9B售04,0,0,0,0,0,0,0,0,0,102000,0,0,0,102000,0,102000,102000
07946P,華通統一9B售02  ,0,0,0,0,0,0,0,0,0,102000,0,0,0,150000,48000,102000,102000
062173,世紀鋼永豐9B購01,0,0,0,0,0,0,0,0,0,102000,0,0,0,102000,0,102000,102000
059425,SGBR2X元大9A購02,0,0,0,0,0,0,0,0,0,102000,0,0,0,115000,13000,102000,102000
057203,麗豐元富98購02  ,0,0,0,0,0,0,0,0,0,102000,0,0,0,102000,0,102000,102000
062410,台積電第一9B購02,0,0,0,0,0,0,0,0,0,102000,0,0,0,212000,110000,102000,102000
063396,金像電群益9C購01,0,0,0,0,0,0,0,0,0,102000,0,0,0,166000,64000,102000,102000
063075,祥碩永豐9B購04  ,0,0,0,0,0,0,0,0,0,102000,0,0,0,110000,8000,102000,102000
063437,聚陽統一01購01  ,0,0,0,0,0,0,0,0,0,102000,0,0,0,112000,10000,102000,102000
061150,國巨群益9A購09  ,0,0,0,0,0,0,0,0,0,102000,0,0,0,133000,31000,102000,102000
060835,亞德客國票9A購01,0,0,0,0,0,0,0,0,0,102000,0,0,0,102000,0,102000,102000
064351,中租元大9C購01  ,0,0,0,0,0,0,0,0,0,102000,0,0,0,106000,4000,102000,102000
067235,正崴群益02購02  ,0,0,0,0,0,0,0,0,0,101000,0,0,0,101000,0,101000,101000
059148,百和國票9A購01  ,0,0,0,0,0,0,0,0,0,101000,0,0,0,101000,0,101000,101000
058553,合勤控永豐99購01,0,0,0,0,0,0,0,0,0,101000,0,0,0,101000,0,101000,101000
054819,裕民元大9A購01  ,0,0,0,0,0,0,0,0,0,101000,0,0,0,132000,31000,101000,101000
061205,旺宏元大9A購11  ,0,0,0,0,0,0,0,0,0,101000,0,0,0,264000,163000,101000,101000
060955,大立光群益9A購02,0,0,0,0,0,0,0,0,0,101000,0,0,0,102000,1000,101000,101000
063676,上銀國泰9C購02  ,0,0,0,0,0,0,0,0,0,101000,0,0,0,101000,0,101000,101000
060489,世紀鋼群益9A購01,0,0,0,0,0,0,0,0,0,101000,0,0,0,203000,102000,101000,101000
064467,南亞科元富9C購02,0,0,0,0,0,0,0,0,0,101000,0,0,0,101000,0,101000,101000
065404,玉晶光國泰02購03,0,0,0,0,0,0,0,0,0,101000,0,0,0,338000,237000,101000,101000
065492,台灣50富邦03購02,0,0,0,0,0,0,0,0,0,101000,0,0,0,202000,101000,101000,101000
065829,嘉晶凱基9C購05  ,0,0,0,0,0,0,0,0,0,101000,0,0,0,110000,9000,101000,101000
9911,櫻花            ,141000,43000,98000,0,0,0,0,0,0,3000,3000,0,3000,0,0,0,101000
06893P,致新元富98售02  ,0,0,0,0,0,0,0,0,0,100000,0,0,0,400000,300000,100000,100000
07194P,聯發科元大99售25,0,0,0,0,0,0,0,0,0,100000,0,0,0,300000,200000,100000,100000
06742P,可成富邦99售02  ,0,0,0,0,0,0,0,0,0,100000,0,0,0,100000,0,100000,100000
06846P,美律元大98售05  ,0,0,0,0,0,0,0,0,0,100000,0,0,0,100000,0,100000,100000
066683,和碩兆豐01購01  ,0,0,0,0,0,0,0,0,0,100000,0,0,0,100000,0,100000,100000
06631P,玉晶光群益9A售03,0,0,0,0,0,0,0,0,0,100000,0,0,0,200000,100000,100000,100000
066333,晶華永豐01購01  ,0,0,0,0,0,0,0,0,0,100000,0,0,0,100000,0,100000,100000
066387,FBVIX凱基03購03 ,0,0,0,0,0,0,0,0,0,100000,0,0,0,100000,0,100000,100000
066422,嘉晶元大02購01  ,0,0,0,0,0,0,0,0,0,100000,0,0,0,190000,90000,100000,100000
066502,國巨富邦05購02  ,0,0,0,0,0,0,0,0,0,100000,0,0,0,230000,130000,100000,100000
066543,大成鋼元大01購02,0,0,0,0,0,0,0,0,0,100000,0,0,0,100000,0,100000,100000
07816P,聯發科群益9A售02,0,0,0,0,0,0,0,0,0,100000,0,0,0,100000,0,100000,100000
07923P,元金2X凱基02售02,0,0,0,0,0,0,0,0,0,100000,0,0,0,100000,0,100000,100000
07895P,美律元大9B售01  ,0,0,0,0,0,0,0,0,0,100000,0,0,0,100000,0,100000,100000
07253P,台灣50凱基9A售05,0,0,0,0,0,0,0,0,0,100000,0,0,0,100000,0,100000,100000
07604P,台灣50元大9B售09,0,0,0,0,0,0,0,0,0,100000,0,0,0,100000,0,100000,100000
08404P,技嘉元大9C售02  ,0,0,0,0,0,0,0,0,0,100000,0,0,0,100000,0,100000,100000
08415P,台灣50元大9C售42,0,0,0,0,0,0,0,0,0,100000,0,0,0,100000,0,100000,100000
054770,健策國票98購01  ,0,0,0,0,0,0,0,0,0,100000,0,0,0,100000,0,100000,100000
056605,台積電富邦9B購02,0,0,0,0,0,0,0,0,0,100000,0,0,0,316000,216000,100000,100000
046881,智原富邦99購01  ,0,0,0,0,0,0,0,0,0,100000,0,0,0,100000,0,100000,100000
054312,TPK凱基98購01   ,0,0,0,0,0,0,0,0,0,100000,0,0,0,100000,0,100000,100000
054208,台積電國票97購07,0,0,0,0,0,0,0,0,0,100000,0,0,0,100000,0,100000,100000
057649,嘉聯益元大99購04,0,0,0,0,0,0,0,0,0,100000,0,0,0,100000,0,100000,100000
057639,國巨元大99購07  ,0,0,0,0,0,0,0,0,0,100000,0,0,0,100000,0,100000,100000
056386,TPK國泰99購01   ,0,0,0,0,0,0,0,0,0,100000,0,0,0,151000,51000,100000,100000
055151,台積電元大98購05,0,0,0,0,0,0,0,0,0,100000,0,0,0,100000,0,100000,100000
055578,群創統一98購03  ,0,0,0,0,0,0,0,0,0,100000,0,0,0,100000,0,100000,100000
058628,宏達電國票9A購01,0,0,0,0,0,0,0,0,0,100000,0,0,0,105000,5000,100000,100000
058694,鈺齊國票9A購02  ,0,0,0,0,0,0,0,0,0,100000,0,0,0,108000,8000,100000,100000
057376,新日興元大98購04,0,0,0,0,0,0,0,0,0,100000,0,0,0,100000,0,100000,100000
057338,群創國票99購01  ,0,0,0,0,0,0,0,0,0,100000,0,0,0,100000,0,100000,100000
057524,旺宏元大99購04  ,0,0,0,0,0,0,0,0,0,100000,0,0,0,168000,68000,100000,100000
057960,聯鈞元大98購02  ,0,0,0,0,0,0,0,0,0,100000,0,0,0,100000,0,100000,100000
058185,國巨永豐99購01  ,0,0,0,0,0,0,0,0,0,100000,0,0,0,100000,0,100000,100000
05878P,創意群益98售01  ,0,0,0,0,0,0,0,0,0,100000,0,0,0,100000,0,100000,100000
062456,台積電群益9B購05,0,0,0,0,0,0,0,0,0,100000,0,0,0,319000,219000,100000,100000
061341,華新科元大9A購16,0,0,0,0,0,0,0,0,0,100000,0,0,0,100000,0,100000,100000
061342,華新科元大9A購17,0,0,0,0,0,0,0,0,0,100000,0,0,0,100000,0,100000,100000
061978,旺宏元大9C購01  ,0,0,0,0,0,0,0,0,0,100000,0,0,0,150000,50000,100000,100000
059765,嘉聯益永豐99購02,0,0,0,0,0,0,0,0,0,100000,0,0,0,100000,0,100000,100000
060675,南亞科元大9A購02,0,0,0,0,0,0,0,0,0,100000,0,0,0,100000,0,100000,100000
061391,晶技群益9A購02  ,0,0,0,0,0,0,0,0,0,100000,0,0,0,120000,20000,100000,100000
062058,瑞昱統一01購01  ,0,0,0,0,0,0,0,0,0,100000,0,0,0,140000,40000,100000,100000
063111,TPK兆豐9B購01   ,0,0,0,0,0,0,0,0,0,100000,0,0,0,100000,0,100000,100000
063469,牧德元大9C購02  ,0,0,0,0,0,0,0,0,0,100000,0,0,0,100000,0,100000,100000
060687,GIS元大9A購01   ,0,0,0,0,0,0,0,0,0,100000,0,0,0,100000,0,100000,100000
061206,旺宏元大9A購12  ,0,0,0,0,0,0,0,0,0,100000,0,0,0,200000,100000,100000,100000
061737,南亞科凱基9B購01,0,0,0,0,0,0,0,0,0,100000,0,0,0,100000,0,100000,100000
061699,燿華國票9A購01  ,0,0,0,0,0,0,0,0,0,100000,0,0,0,100000,0,100000,100000
065857,嘉聯益元大9C購03,0,0,0,0,0,0,0,0,0,100000,0,0,0,100000,0,100000,100000
065885,神達元富9C購01  ,0,0,0,0,0,0,0,0,0,100000,0,0,0,100000,0,100000,100000
066259,聯強元大01購01  ,0,0,0,0,0,0,0,0,0,100000,0,0,0,133000,33000,100000,100000
066254,南帝元大01購01  ,0,0,0,0,0,0,0,0,0,100000,0,0,0,150000,50000,100000,100000
065989,泰碩永豐01購01  ,0,0,0,0,0,0,0,0,0,100000,0,0,0,100000,0,100000,100000
065487,臺股指元大9C購25,0,0,0,0,0,0,0,0,0,100000,0,0,0,100000,0,100000,100000
065440,台積電麥證9C購02,0,0,0,100000,0,100000,0,0,0,100000,0,0,0,100000,0,100000,100000
065558,嘉聯益凱基9C購02,0,0,0,0,0,0,0,0,0,100000,0,0,0,100000,0,100000,100000
065340,旺宏統一9C購04  ,0,0,0,0,0,0,0,0,0,100000,0,0,0,100000,0,100000,100000
064498,可成元大01購03  ,0,0,0,0,0,0,0,0,0,100000,0,0,0,100000,0,100000,100000
064742,奇鋐國票01購02  ,0,0,0,0,0,0,0,0,0,100000,0,0,0,135000,35000,100000,100000
064942,道瓊反凱基02購01,0,0,0,0,0,0,0,0,0,100000,0,0,0,100000,0,100000,100000
064890,聯電群益9C購02  ,0,0,0,0,0,0,0,0,0,100000,0,0,0,150000,50000,100000,100000
064336,可成元大9C購06  ,0,0,0,0,0,0,0,0,0,100000,0,0,0,104000,4000,100000,100000
06431P,新日興元大97售05,0,0,0,0,0,0,0,0,0,100000,0,0,0,100000,0,100000,100000
063713,麗豐凱基9B購01  ,0,0,0,0,0,0,0,0,0,100000,0,0,0,121000,21000,100000,100000
063720,香港反元大9C購01,0,0,0,0,0,0,0,0,0,100000,0,0,0,100000,0,100000,100000
063872,嘉聯益永豐9C購01,0,0,0,0,0,0,0,0,0,100000,0,0,0,100000,0,100000,100000
063930,高鐵統一02購02  ,0,0,0,0,0,0,0,0,0,100000,0,0,0,100000,0,100000,100000
07467P,上銀元大9A售03  ,0,0,0,0,0,0,0,0,0,99000,0,0,0,99000,0,99000,99000
07958P,華擎群益9B售01  ,0,0,0,0,0,0,0,0,0,99000,0,0,0,100000,1000,99000,99000
066528,南電統一02購01  ,0,0,0,0,0,0,0,0,0,99000,0,0,0,99000,0,99000,99000
066413,鴻海元大01購06  ,0,0,0,0,0,0,0,0,0,99000,0,0,0,125000,26000,99000,99000
06857P,超眾永豐98售02  ,0,0,0,0,0,0,0,0,0,99000,0,0,0,99000,0,99000,99000
058222,玉晶光統一9B購01,0,0,0,0,0,0,0,0,0,99000,0,0,0,99000,0,99000,99000
062578,超眾群益9B購01  ,0,0,0,0,0,0,0,0,0,99000,0,0,0,99000,0,99000,99000
056646,奇鋐凱基99購02  ,0,0,0,0,0,0,0,0,0,99000,0,0,0,99000,0,99000,99000
060798,旭富永豐9A購01  ,0,0,0,0,0,0,0,0,0,99000,0,0,0,99000,0,99000,99000
06849P,欣興元大98售12  ,0,0,0,0,0,0,0,0,0,98000,0,0,0,98000,0,98000,98000
06834P,訊芯群益99售02  ,0,0,0,0,0,0,0,0,0,98000,0,0,0,98000,0,98000,98000
067260,台郡國票02購02  ,0,0,0,0,0,0,0,0,0,98000,0,0,0,133000,35000,98000,98000
066993,世紀鋼群益01購03,0,0,0,0,0,0,0,0,0,98000,0,0,0,160000,62000,98000,98000
066473,大成鋼麥證01購01,0,0,0,98000,0,98000,0,0,0,98000,0,0,0,98000,0,98000,98000
08449P,華新科群益9C售03,0,0,0,0,0,0,0,0,0,98000,0,0,0,110000,12000,98000,98000
054624,台積電凱基98購03,0,0,0,0,0,0,0,0,0,98000,0,0,0,150000,52000,98000,98000
058195,鈺齊永豐99購01  ,0,0,0,0,0,0,0,0,0,98000,0,0,0,128000,30000,98000,98000
058410,國巨兆豐99購03  ,0,0,0,0,0,0,0,0,0,98000,0,0,0,172000,74000,98000,98000
060913,宏達電元大9A購03,0,0,0,0,0,0,0,0,0,98000,0,0,0,229000,131000,98000,98000
063487,國巨國泰01購02  ,0,0,0,0,0,0,0,0,0,98000,0,0,0,117000,19000,98000,98000
061389,華新科群益9B購01,0,0,0,0,0,0,0,0,0,98000,0,0,0,98000,0,98000,98000
064179,上銀富邦01購01  ,0,0,0,0,0,0,0,0,0,98000,0,0,0,98000,0,98000,98000
064899,大立光群益9C購06,0,0,0,0,0,0,0,0,0,98000,0,0,0,98000,0,98000,98000
065281,和大群益01購02  ,0,0,0,0,0,0,0,0,0,98000,0,0,0,98000,0,98000,98000
065175,大立光元大01購05,0,0,0,0,0,0,0,0,0,98000,0,0,0,98000,0,98000,98000
065135,和大凱基01購01  ,0,0,0,0,0,0,0,0,0,98000,0,0,0,100000,2000,98000,98000
066101,微星國票02購01  ,0,0,0,0,0,0,0,0,0,98000,0,0,0,238000,140000,98000,98000
065864,光寶科群益9C購01,0,0,0,0,0,0,0,0,0,98000,0,0,0,98000,0,98000,98000
065935,金像電群益01購03,0,0,0,0,0,0,0,0,0,98000,0,0,0,129000,31000,98000,98000
065750,智邦元大9C購09  ,0,0,0,0,0,0,0,0,0,98000,0,0,0,100000,2000,98000,98000
061416,聯茂群益9A購01  ,0,0,0,0,0,0,0,0,0,97000,0,0,0,100000,3000,97000,97000
063659,世紀鋼元富9B購01,0,0,0,0,0,0,0,0,0,97000,0,0,0,383000,286000,97000,97000
061799,奇鋐永豐9B購01  ,0,0,0,0,0,0,0,0,0,97000,0,0,0,97000,0,97000,97000
065134,中石化凱基01購01,0,0,0,0,0,0,0,0,0,97000,0,0,0,346000,249000,97000,97000
1808,潤隆            ,139000,42000,97000,0,0,0,0,0,0,0,0,0,0,0,0,0,97000
1526,日馳            ,325000,229000,96000,0,0,0,0,0,0,0,0,0,0,0,0,0,96000
055667,致茂群益98購01  ,0,0,0,0,0,0,0,0,0,96000,0,0,0,96000,0,96000,96000
056309,合勤控元大97購01,0,0,0,0,0,0,0,0,0,96000,0,0,0,136000,40000,96000,96000
056314,力成元大97購01  ,0,0,0,0,0,0,0,0,0,96000,0,0,0,99000,3000,96000,96000
063695,上銀第一9B購01  ,0,0,0,0,0,0,0,0,0,96000,0,0,0,96000,0,96000,96000
063611,儒鴻群益9B購03  ,0,0,0,0,0,0,0,0,0,96000,0,0,0,96000,0,96000,96000
063313,南亞科群益9B購02,0,0,0,0,0,0,0,0,0,96000,0,0,0,96000,0,96000,96000
061951,南電群益9B購01  ,0,0,0,0,0,0,0,0,0,96000,0,0,0,137000,41000,96000,96000
065962,鴻海元大01購04  ,0,0,0,0,0,0,0,0,0,96000,0,0,0,223000,127000,96000,96000
2395,研華            ,447144,351371,95773,0,0,0,3000,3000,0,0,0,0,0,0,0,0,95773
08656P,大立光群益9C售07,0,0,0,0,0,0,0,0,0,95000,0,0,0,95000,0,95000,95000
08014P,微星凱基9B售02  ,0,0,0,0,0,0,0,0,0,95000,0,0,0,95000,0,95000,95000
08129P,聯發科元大9B售23,0,0,0,0,0,0,0,0,0,95000,0,0,0,95000,0,95000,95000
066442,華碩群益01購01  ,0,0,0,0,0,0,0,0,0,95000,0,0,0,113000,18000,95000,95000
00752,中信中國50      ,1000,1000,0,0,0,0,0,0,0,95000,0,0,0,629000,534000,95000,95000
057812,友達元大9A購05  ,0,0,0,0,0,0,0,0,0,95000,0,0,0,95000,0,95000,95000
060342,台積電統一02購01,0,0,0,0,0,0,0,0,0,95000,0,0,0,167000,72000,95000,95000
060937,T50反1國票9A購10,0,0,0,0,0,0,0,0,0,95000,0,0,0,95000,0,95000,95000
060770,宏達電麥證9A購01,0,0,0,95000,0,95000,0,0,0,95000,0,0,0,95000,0,95000,95000
07743P,智邦凱基9A售03  ,0,0,0,0,0,0,0,0,0,94000,0,0,0,94000,0,94000,94000
057161,亞德客元大98購02,0,0,0,0,0,0,0,0,0,94000,0,0,0,144000,50000,94000,94000
058732,矽格永豐99購01  ,0,0,0,0,0,0,0,0,0,94000,0,0,0,165000,71000,94000,94000
058366,元大金凱基99購01,0,0,0,0,0,0,0,0,0,94000,0,0,0,100000,6000,94000,94000
056858,國巨群益99購03  ,0,0,0,0,0,0,0,0,0,94000,0,0,0,100000,6000,94000,94000
063516,香港反凱基03購01,0,0,0,0,0,0,0,0,0,94000,0,0,0,244000,150000,94000,94000
060401,世紀鋼國票9B購01,0,0,0,0,0,0,0,0,0,94000,0,0,0,100000,6000,94000,94000
065221,神隆永豐9C購01  ,0,0,0,0,0,0,0,0,0,94000,0,0,0,94000,0,94000,94000
065662,台勝科永豐9C購01,0,0,0,0,0,0,0,0,0,94000,0,0,0,97000,3000,94000,94000
064939,健策元富9C購03  ,0,0,0,0,0,0,0,0,0,94000,0,0,0,94000,0,94000,94000
064776,金像電群益01購01,0,0,0,0,0,0,0,0,0,94000,0,0,0,104000,10000,94000,94000
06438P,玉晶光國票99售02,0,0,0,0,0,0,0,0,0,94000,0,0,0,124000,30000,94000,94000
064555,力山群益01購01  ,0,0,0,0,0,0,0,0,0,94000,0,0,0,114000,20000,94000,94000
08645P,臺股指中信03售01,0,0,0,0,0,0,0,0,0,93000,0,0,0,142000,49000,93000,93000
066471,致新統一02購01  ,0,0,0,0,0,0,0,0,0,93000,0,0,0,622000,529000,93000,93000
055966,茂林元大99購01  ,0,0,0,0,0,0,0,0,0,93000,0,0,0,105000,12000,93000,93000
061488,奇力新兆豐9A購01,0,0,0,0,0,0,0,0,0,93000,0,0,0,113000,20000,93000,93000
064526,臺股指群益9C購11,0,0,0,0,0,0,0,0,0,93000,0,0,0,107000,14000,93000,93000
064766,矽創凱基9C購01  ,0,0,0,0,0,0,0,0,0,93000,0,0,0,154000,61000,93000,93000
065161,矽格群益9C購01  ,0,0,0,0,0,0,0,0,0,93000,0,0,0,93000,0,93000,93000
2458,義隆            ,1142000,897000,245000,0,0,0,0,5076,-5076,-147000,27000,146000,-119000,34000,62000,-28000,92924
066447,智伸科群益01購02,0,0,0,0,0,0,0,0,0,92000,0,0,0,138000,46000,92000,92000
066421,國產元大01購01  ,0,0,0,0,0,0,0,0,0,92000,0,0,0,92000,0,92000,92000
066315,南帝永豐01購01  ,0,0,0,0,0,0,0,0,0,92000,0,0,0,177000,85000,92000,92000
08522P,智邦元大9C售08  ,0,0,0,0,0,0,0,0,0,92000,0,0,0,92000,0,92000,92000
00763U,街口道瓊銅      ,0,0,0,0,0,0,0,0,0,92000,0,0,0,158000,66000,92000,92000
057353,玉晶光統一99購01,0,0,0,0,0,0,0,0,0,92000,0,0,0,92000,0,92000,92000
061235,台積電元大9A購23,0,0,0,0,0,0,0,0,0,92000,0,0,0,149000,57000,92000,92000
062085,同欣電元大9B購01,0,0,0,0,0,0,0,0,0,92000,0,0,0,146000,54000,92000,92000
065188,玉晶光統一02購01,0,0,0,0,0,0,0,0,0,92000,0,0,0,135000,43000,92000,92000
065645,嘉晶元大01購02  ,0,0,0,0,0,0,0,0,0,92000,0,0,0,150000,58000,92000,92000
07702P,台積電中信9A售06,0,0,0,0,0,0,0,0,0,91000,0,0,0,91000,0,91000,91000
059507,鴻海永豐99購03  ,0,0,0,0,0,0,0,0,0,91000,0,0,0,91000,0,91000,91000
062050,亞德客統一9C購01,0,0,0,0,0,0,0,0,0,91000,0,0,0,92000,1000,91000,91000
063130,聯茂元大9B購02  ,0,0,0,0,0,0,0,0,0,91000,0,0,0,110000,19000,91000,91000
063682,達新永豐9B購01  ,0,0,0,0,0,0,0,0,0,91000,0,0,0,91000,0,91000,91000
061553,南電群益9A購03  ,0,0,0,0,0,0,0,0,0,91000,0,0,0,132000,41000,91000,91000
066210,瑞祺統一02購01  ,0,0,0,0,0,0,0,0,0,91000,0,0,0,101000,10000,91000,91000
1590,亞德客-KY       ,499650,406916,92734,0,0,0,32000,1000,31000,-33000,3000,20000,-17000,6000,22000,-16000,90734
08605P,聯發科中信9C售06,0,0,0,0,0,0,0,0,0,90000,0,0,0,225000,135000,90000,90000
07474P,滬深2X群益9C售03,0,0,0,0,0,0,0,0,0,90000,0,0,0,90000,0,90000,90000
07251P,台灣50元富01售04,0,0,0,0,0,0,0,0,0,90000,0,0,0,100000,10000,90000,90000
066410,潤泰新凱基01購01,0,0,0,0,0,0,0,0,0,90000,0,0,0,100000,10000,90000,90000
055810,T50反1國票99購01,0,0,0,0,0,0,0,0,0,90000,0,0,0,150000,60000,90000,90000
057581,元大金中信9A購01,0,0,0,0,0,0,0,0,0,90000,0,0,0,199000,109000,90000,90000
058248,聯茂元大99購05  ,0,0,0,0,0,0,0,0,0,90000,0,0,0,200000,110000,90000,90000
062574,美食群益9B購02  ,0,0,0,0,0,0,0,0,0,90000,0,0,0,137000,47000,90000,90000
060824,旺宏元大9A購06  ,0,0,0,0,0,0,0,0,0,90000,0,0,0,100000,10000,90000,90000
061718,GIS凱基9B購01   ,0,0,0,0,0,0,0,0,0,90000,0,0,0,95000,5000,90000,90000
062955,立積永豐9B購02  ,0,0,0,0,0,0,0,0,0,90000,0,0,0,90000,0,90000,90000
059772,可成群益9A購05  ,0,0,0,0,0,0,0,0,0,90000,0,0,0,140000,50000,90000,90000
062464,T50反1凱基9C購03,0,0,0,0,0,0,0,0,0,90000,0,0,0,170000,80000,90000,90000
066167,強茂凱基01購01  ,0,0,0,0,0,0,0,0,0,90000,0,0,0,90000,0,90000,90000
066255,英利元大01購01  ,0,0,0,0,0,0,0,0,0,90000,0,0,0,100000,10000,90000,90000
066051,景碩元大01購01  ,0,0,0,0,0,0,0,0,0,90000,0,0,0,117000,27000,90000,90000
065809,同欣電群益9C購03,0,0,0,0,0,0,0,0,0,90000,0,0,0,127000,37000,90000,90000
065610,牧德元大02購01  ,0,0,0,0,0,0,0,0,0,90000,0,0,0,90000,0,90000,90000
064799,裕隆元大9C購02  ,0,0,0,0,0,0,0,0,0,90000,0,0,0,145000,55000,90000,90000
064447,喬山統一02購01  ,0,0,0,0,0,0,0,0,0,90000,0,0,0,100000,10000,90000,90000
064272,鴻海元大9C購09  ,0,0,0,0,0,0,0,0,0,90000,0,0,0,115000,25000,90000,90000
07318P,鴻海凱基01售02  ,0,0,0,0,0,0,0,0,0,89000,0,0,0,119000,30000,89000,89000
08497P,華新科國票01售02,0,0,0,0,0,0,0,0,0,89000,0,0,0,89000,0,89000,89000
057776,京元電群益98購02,0,0,0,0,0,0,0,0,0,89000,0,0,0,133000,44000,89000,89000
042953,鴻海台新01購01  ,0,0,0,0,0,0,0,0,0,89000,0,0,0,89000,0,89000,89000
062049,亞德客統一01購01,0,0,0,0,0,0,0,0,0,89000,0,0,0,148000,59000,89000,89000
061708,同欣電國票9A購02,0,0,0,0,0,0,0,0,0,89000,0,0,0,91000,2000,89000,89000
061541,旺宏群益9A購03  ,0,0,0,0,0,0,0,0,0,89000,0,0,0,105000,16000,89000,89000
063565,旺宏元大9B購08  ,0,0,0,0,0,0,0,0,0,89000,0,0,0,305000,216000,89000,89000
063602,金像電凱基9B購04,0,0,0,0,0,0,0,0,0,89000,0,0,0,190000,101000,89000,89000
064292,南茂元大01購01  ,0,0,0,0,0,0,0,0,0,89000,0,0,0,92000,3000,89000,89000
064921,景碩統一02購01  ,0,0,0,0,0,0,0,0,0,89000,0,0,0,105000,16000,89000,89000
065531,聯電統一01購01  ,0,0,0,0,0,0,0,0,0,89000,0,0,0,89000,0,89000,89000
066231,友訊富邦02購01  ,0,0,0,0,0,0,0,0,0,89000,0,0,0,100000,11000,89000,89000
066278,健策元大02購01  ,0,0,0,0,0,0,0,0,0,89000,0,0,0,115000,26000,89000,89000
08095P,大立光元富9B售03,0,0,0,0,0,0,0,0,0,88000,0,0,0,225000,137000,88000,88000
066443,智原群益01購01  ,0,0,0,0,0,0,0,0,0,88000,0,0,0,94000,6000,88000,88000
066346,眾達永豐01購01  ,0,0,0,0,0,0,0,0,0,88000,0,0,0,144000,56000,88000,88000
054164,強茂凱基98購01  ,0,0,0,0,0,0,0,0,0,88000,0,0,0,130000,42000,88000,88000
055572,鴻海統一98購04  ,0,0,0,0,0,0,0,0,0,88000,0,0,0,118000,30000,88000,88000
058532,禾伸堂元富99購01,0,0,0,0,0,0,0,0,0,88000,0,0,0,99000,11000,88000,88000
066070,金像電凱基01購03,0,0,0,0,0,0,0,0,0,88000,0,0,0,179000,91000,88000,88000
06597P,國巨富邦9A售05  ,0,0,0,0,0,0,0,0,0,88000,0,0,0,202000,114000,88000,88000
065883,康友台新9C購01  ,0,0,0,0,0,0,0,0,0,88000,0,0,0,89000,1000,88000,88000
064927,瀚宇博統一02購01,0,0,0,0,0,0,0,0,0,88000,0,0,0,273000,185000,88000,88000
06755P,大立光永豐98售03,0,0,0,0,0,0,0,0,0,87000,0,0,0,87000,0,87000,87000
056349,道瓊銀元大9B購01,0,0,0,0,0,0,0,0,0,87000,0,0,0,87000,0,87000,87000
056444,南亞科凱基99購01,0,0,0,0,0,0,0,0,0,87000,0,0,0,87000,0,87000,87000
054472,道瓊反中信9A購01,0,0,0,0,0,0,0,0,0,87000,0,0,0,150000,63000,87000,87000
059203,勤誠永豐99購02  ,0,0,0,0,0,0,0,0,0,87000,0,0,0,87000,0,87000,87000
063673,GIS統一9C購02   ,0,0,0,0,0,0,0,0,0,87000,0,0,0,120000,33000,87000,87000
063288,泰鼎元大9B購02  ,0,0,0,0,0,0,0,0,0,87000,0,0,0,194000,107000,87000,87000
060756,鴻海元大9A購16  ,0,0,0,0,0,0,0,0,0,87000,0,0,0,89000,2000,87000,87000
062759,旺宏凱基9B購07  ,0,0,0,0,0,0,0,0,0,87000,0,0,0,117000,30000,87000,87000
063151,奇鋐元富9B購01  ,0,0,0,0,0,0,0,0,0,87000,0,0,0,87000,0,87000,87000
064789,和大國票01購01  ,0,0,0,0,0,0,0,0,0,87000,0,0,0,87000,0,87000,87000
064575,鈺齊群益9C購01  ,50000,0,50000,0,0,0,0,0,0,37000,0,0,0,219000,182000,37000,87000
066000,奇鋐國票02購01  ,0,0,0,0,0,0,0,0,0,87000,0,0,0,125000,38000,87000,87000
065612,聯茂元大9C購07  ,0,0,0,0,0,0,0,0,0,87000,0,0,0,100000,13000,87000,87000
065432,景碩凱基9C購03  ,0,0,0,0,0,0,0,0,0,87000,0,0,0,180000,93000,87000,87000
066446,健策群益01購06  ,0,0,0,0,0,0,0,0,0,86000,0,0,0,88000,2000,86000,86000
066460,智原統一03購01  ,0,0,0,0,0,0,0,0,0,86000,0,0,0,160000,74000,86000,86000
1560,中砂            ,214000,97000,117000,0,0,0,0,0,0,-31000,0,31000,-31000,0,0,0,86000
08832P,台表科群益01售01,0,0,0,0,0,0,0,0,0,86000,0,0,0,109000,23000,86000,86000
058936,國喬中信99購01  ,0,0,0,0,0,0,0,0,0,86000,0,0,0,106000,20000,86000,86000
060249,正文元大9C購01  ,0,0,0,0,0,0,0,0,0,86000,0,0,0,110000,24000,86000,86000
063664,漢唐統一9C購01  ,0,0,0,0,0,0,0,0,0,86000,0,0,0,198000,112000,86000,86000
065785,奇力新永豐9C購02,0,0,0,0,0,0,0,0,0,86000,0,0,0,169000,83000,86000,86000
064586,緯創永豐9C購01  ,0,0,0,0,0,0,0,0,0,86000,0,0,0,90000,4000,86000,86000
066514,盟立永豐01購01  ,0,0,0,0,0,0,0,0,0,85000,0,0,0,91000,6000,85000,85000
066986,健策群益02購02  ,0,0,0,0,0,0,0,0,0,85000,0,0,0,85000,0,85000,85000
057141,嘉聯益兆豐99購01,0,0,0,0,0,0,0,0,0,85000,0,0,0,85000,0,85000,85000
03064X,元展59          ,0,0,0,0,0,0,0,0,0,85000,0,0,0,100000,15000,85000,85000
056555,矽創凱基98購01  ,0,0,0,0,0,0,0,0,0,85000,0,0,0,85000,0,85000,85000
057073,康控永豐98購01  ,0,0,0,0,0,0,0,0,0,85000,0,0,0,85000,0,85000,85000
063538,神達統一9C購01  ,0,0,0,0,0,0,0,0,0,85000,0,0,0,85000,0,85000,85000
063310,和大群益9B購02  ,0,0,0,0,0,0,0,0,0,85000,0,0,0,85000,0,85000,85000
063051,仁寶統一01購01  ,0,0,0,0,0,0,0,0,0,85000,0,0,0,351000,266000,85000,85000
060762,長榮航元大9A購02,0,0,0,0,0,0,0,0,0,85000,0,0,0,85000,0,85000,85000
059987,大立光元大99購28,0,0,0,0,0,0,0,0,0,85000,0,0,0,110000,25000,85000,85000
062873,國巨兆豐9C購01  ,0,0,0,0,0,0,0,0,0,85000,0,0,0,94000,9000,85000,85000
064934,南電統一01購02  ,0,0,0,0,0,0,0,0,0,85000,0,0,0,95000,10000,85000,85000
064300,英業達兆豐9C購01,0,0,0,0,0,0,0,0,0,85000,0,0,0,100000,15000,85000,85000
065455,金寶元富9C購01  ,0,0,0,0,0,0,0,0,0,85000,0,0,0,85000,0,85000,85000
065671,大立光凱基9C購07,0,0,0,0,0,0,0,0,0,85000,0,0,0,85000,0,85000,85000
4551,智伸科          ,180000,146000,34000,0,0,0,23000,0,23000,28000,0,0,0,35000,7000,28000,85000
08705P,臺股指群益01售02,0,0,0,0,0,0,0,0,0,84000,0,0,0,136000,52000,84000,84000
057537,聯茂元大98購04  ,0,0,0,0,0,0,0,0,0,84000,0,0,0,84000,0,84000,84000
057379,寶成元大98購02  ,0,0,0,0,0,0,0,0,0,84000,0,0,0,86000,2000,84000,84000
062731,力成凱基9B購02  ,0,0,0,0,0,0,0,0,0,84000,0,0,0,124000,40000,84000,84000
061620,禾伸堂群益9A購02,0,0,0,0,0,0,0,0,0,84000,0,0,0,84000,0,84000,84000
063438,聚陽統一9C購01  ,0,0,0,0,0,0,0,0,0,84000,0,0,0,122000,38000,84000,84000
065170,智邦元大9C購07  ,0,0,0,0,0,0,0,0,0,84000,0,0,0,84000,0,84000,84000
064576,世紀鋼群益01購01,0,0,0,0,0,0,0,0,0,84000,0,0,0,187000,103000,84000,84000
2425,承啟            ,334000,250000,84000,0,0,0,0,0,0,0,0,0,0,0,0,0,84000
07864P,可成元大9B售01  ,0,0,0,0,0,0,0,0,0,83000,0,0,0,200000,117000,83000,83000
057567,嘉聯益富邦9A購01,0,0,0,0,0,0,0,0,0,83000,0,0,0,150000,67000,83000,83000
062569,南電中信01購01  ,0,0,0,0,0,0,0,0,0,83000,0,0,0,83000,0,83000,83000
058468,聯茂中信99購02  ,0,0,0,0,0,0,0,0,0,83000,0,0,0,83000,0,83000,83000
056267,文曄統一97購02  ,0,0,0,0,0,0,0,0,0,83000,0,0,0,83000,0,83000,83000
063026,南六元大9B購04  ,0,0,0,0,0,0,0,0,0,83000,0,0,0,124000,41000,83000,83000
064476,金像電國泰02購01,0,0,0,0,0,0,0,0,0,83000,0,0,0,590000,507000,83000,83000
064805,金像電元大9C購04,0,0,0,0,0,0,0,0,0,83000,0,0,0,104000,21000,83000,83000
065625,聯發科兆豐9C購06,0,0,0,0,0,0,0,0,0,83000,0,0,0,204000,121000,83000,83000
066072,華新科凱基01購03,0,0,0,0,0,0,0,0,0,83000,0,0,0,93000,10000,83000,83000
056963,建準永豐98購01  ,0,0,0,0,0,0,0,0,0,82000,0,0,0,95000,13000,82000,82000
056783,國巨群益99購01  ,0,0,0,0,0,0,0,0,0,82000,0,0,0,83000,1000,82000,82000
058464,矽創兆豐9A購01  ,0,0,0,0,0,0,0,0,0,82000,0,0,0,235000,153000,82000,82000
060411,達新永豐9A購01  ,0,0,0,0,0,0,0,0,0,82000,0,0,0,82000,0,82000,82000
062956,同欣電永豐9B購02,0,0,0,0,0,0,0,0,0,82000,0,0,0,150000,68000,82000,82000
066275,台勝科元大01購01,0,0,0,0,0,0,0,0,0,82000,0,0,0,150000,68000,82000,82000
065715,勤誠群益9C購01  ,0,0,0,0,0,0,0,0,0,82000,0,0,0,137000,55000,82000,82000
064738,裕隆國票01購01  ,0,0,0,0,0,0,0,0,0,82000,0,0,0,82000,0,82000,82000
1467,南緯            ,208000,127000,81000,0,0,0,0,0,0,0,0,0,0,0,0,0,81000
058409,鴻海兆豐99購05  ,0,0,0,0,0,0,0,0,0,81000,0,0,0,81000,0,81000,81000
057981,臻鼎永豐98購01  ,0,0,0,0,0,0,0,0,0,81000,0,0,0,196000,115000,81000,81000
062994,祥碩群益9B購05  ,0,0,0,0,0,0,0,0,0,81000,0,0,0,125000,44000,81000,81000
059618,台積電日盛99購01,0,0,0,0,0,0,0,0,0,81000,0,0,0,81000,0,81000,81000
061894,台積電永豐9B購01,0,0,0,0,0,0,0,0,0,81000,0,0,0,81000,0,81000,81000
064837,TPK統一9C購02   ,0,0,0,0,0,0,0,0,0,81000,0,0,0,93000,12000,81000,81000
064979,華擎元大9C購04  ,0,0,0,0,0,0,0,0,0,81000,0,0,0,321000,240000,81000,81000
08702P,南電康和01售01  ,0,0,0,0,0,0,0,0,0,80000,0,0,0,80000,0,80000,80000
08703P,華碩凱基01售02  ,0,0,0,0,0,0,0,0,0,80000,0,0,0,80000,0,80000,80000
07342P,大立光凱基99售14,0,0,0,0,0,0,0,0,0,80000,0,0,0,130000,50000,80000,80000
07366P,國巨康和99售02  ,0,0,0,0,0,0,0,0,0,80000,0,0,0,130000,50000,80000,80000
07943P,瑞昱元大9B售02  ,0,0,0,0,0,0,0,0,0,80000,0,0,0,272000,192000,80000,80000
08298P,大立光國票9C售01,0,0,0,0,0,0,0,0,0,80000,0,0,0,80000,0,80000,80000
06766P,玉晶光元大99售10,0,0,0,0,0,0,0,0,0,80000,0,0,0,81000,1000,80000,80000
06825P,臺股指國票98售01,0,0,0,0,0,0,0,0,0,80000,0,0,0,80000,0,80000,80000
058463,宏達電兆豐99購02,0,0,0,0,0,0,0,0,0,80000,0,0,0,80000,0,80000,80000
058076,神達凱基98購02  ,0,0,0,0,0,0,0,0,0,80000,0,0,0,80000,0,80000,80000
058346,嘉晶群益99購01  ,0,0,0,0,0,0,0,0,0,80000,0,0,0,80000,0,80000,80000
058217,新唐群益99購01  ,0,0,0,0,0,0,0,0,0,80000,0,0,0,81000,1000,80000,80000
062299,台積電第一9B購01,0,0,0,0,0,0,0,0,0,80000,0,0,0,100000,20000,80000,80000
057187,群創元大9B購04  ,0,0,0,0,0,0,0,0,0,80000,0,0,0,130000,50000,80000,80000
058899,旺宏元大99購10  ,0,0,0,0,0,0,0,0,0,80000,0,0,0,295000,215000,80000,80000
053063,力山群益98購01  ,0,0,0,0,0,0,0,0,0,80000,0,0,0,80000,0,80000,80000
053768,S&P反1元大99購01,0,0,0,0,0,0,0,0,0,80000,0,0,0,80000,0,80000,80000
01009T,王道圓滿R1      ,0,0,0,0,0,0,0,0,0,80000,80000,0,80000,0,0,0,80000
00690,兆豐藍籌30      ,0,0,0,0,0,0,0,0,0,80000,0,0,0,412000,332000,80000,80000
060008,華邦電群益9A購01,0,0,0,0,0,0,0,0,0,80000,0,0,0,80000,0,80000,80000
061652,T50反1國票9C購01,0,0,0,0,0,0,0,0,0,80000,0,0,0,80000,0,80000,80000
061687,大成鋼群益9A購01,0,0,0,0,0,0,0,0,0,80000,0,0,0,80000,0,80000,80000
061759,上証反元大02購01,0,0,0,0,0,0,0,0,0,80000,0,0,0,80000,0,80000,80000
060612,世紀鋼凱基9A購01,0,0,0,0,0,0,0,0,0,80000,0,0,0,90000,10000,80000,80000
064613,聯電元大9C購05  ,0,0,0,0,0,0,0,0,0,80000,0,0,0,616000,536000,80000,80000
064068,義隆永豐9C購01  ,0,0,0,0,0,0,0,0,0,80000,0,0,0,215000,135000,80000,80000
065732,健策凱基9C購04  ,0,0,0,0,0,0,0,0,0,80000,0,0,0,80000,0,80000,80000
065910,立積永豐9C購02  ,0,0,0,0,0,0,0,0,0,80000,0,0,0,80000,0,80000,80000
065225,神隆凱基01購01  ,0,0,0,0,0,0,0,0,0,80000,0,0,0,100000,20000,80000,80000
066628,宏達電凱基03購01,0,0,0,0,0,0,0,0,0,79000,0,0,0,110000,31000,79000,79000
066872,亞光國泰03購01  ,0,0,0,0,0,0,0,0,0,79000,0,0,0,225000,146000,79000,79000
1410,南染            ,84000,5000,79000,0,0,0,0,0,0,0,0,0,0,0,0,0,79000
00762,元大全球AI      ,0,0,0,0,0,0,0,0,0,79000,0,0,0,100000,21000,79000,79000
056735,國巨凱基99購02  ,0,0,0,0,0,0,0,0,0,79000,0,0,0,129000,50000,79000,79000
056899,可成元大98購01  ,0,0,0,0,0,0,0,0,0,79000,0,0,0,79000,0,79000,79000
057638,上銀元大99購01  ,0,0,0,0,0,0,0,0,0,79000,0,0,0,80000,1000,79000,79000
062608,智易凱基9B購01  ,0,0,0,0,0,0,0,0,0,79000,0,0,0,79000,0,79000,79000
058475,台積電凱基99購06,0,0,0,0,0,0,0,0,0,79000,0,0,0,79000,0,79000,79000
062917,旭富元大9C購03  ,0,0,0,0,0,0,0,0,0,79000,0,0,0,79000,0,79000,79000
061177,大立光凱基9A購10,0,0,0,0,0,0,0,0,0,79000,0,0,0,89000,10000,79000,79000
066022,鴻海群益01購07  ,0,0,0,0,0,0,0,0,0,79000,0,0,0,139000,60000,79000,79000
066042,正崴元大02購01  ,0,0,0,0,0,0,0,0,0,79000,0,0,0,151000,72000,79000,79000
064755,南亞科凱基01購02,0,0,0,0,0,0,0,0,0,79000,0,0,0,86000,7000,79000,79000
3703,欣陸            ,138000,50000,88000,0,0,0,0,0,0,-9000,0,9000,-9000,0,0,0,79000
08093P,英業達元富9B售02,0,0,0,0,0,0,0,0,0,78000,0,0,0,222000,144000,78000,78000
07917P,可成永豐9B售01  ,0,0,0,0,0,0,0,0,0,78000,0,0,0,232000,154000,78000,78000
062535,台積電麥證02購01,0,0,0,80000,1000,79000,0,0,0,78000,0,0,0,80000,2000,78000,78000
057941,聯電國票99購01  ,0,0,0,0,0,0,0,0,0,78000,0,0,0,218000,140000,78000,78000
057568,友訊永豐99購01  ,0,0,0,0,0,0,0,0,0,78000,0,0,0,102000,24000,78000,78000
00662,富邦NASDAQ      ,0,0,0,0,0,0,0,0,0,78000,0,0,0,664000,586000,78000,78000
059919,宏達電元大99購06,0,0,0,0,0,0,0,0,0,78000,0,0,0,80000,2000,78000,78000
059847,喬山永豐99購01  ,0,0,0,0,0,0,0,0,0,78000,0,0,0,78000,0,78000,78000
060544,國巨凱基9B購03  ,0,0,0,0,0,0,0,0,0,78000,0,0,0,123000,45000,78000,78000
063782,致新永豐9B購02  ,0,0,0,0,0,0,0,0,0,78000,0,0,0,126000,48000,78000,78000
066013,友訊元富01購02  ,0,0,0,0,0,0,0,0,0,78000,0,0,0,159000,81000,78000,78000
066075,景碩凱基02購01  ,0,0,0,0,0,0,0,0,0,78000,0,0,0,110000,32000,78000,78000
065263,國泰金元大9C購02,0,0,0,0,0,0,0,0,0,78000,0,0,0,78000,0,78000,78000
065581,寶成群益9C購01  ,0,0,0,0,0,0,0,0,0,78000,0,0,0,220000,142000,78000,78000
08518P,世芯群益9C售03  ,0,0,0,0,0,0,0,0,0,77000,0,0,0,77000,0,77000,77000
08543P,世芯國票01售02  ,0,0,0,0,0,0,0,0,0,77000,0,0,0,222000,145000,77000,77000
066615,長榮航康和01購01,0,0,0,0,0,0,0,0,0,77000,0,0,0,145000,68000,77000,77000
066308,中化永豐01購01  ,0,0,0,0,0,0,0,0,0,77000,0,0,0,77000,0,77000,77000
066987,旭富群益01購01  ,0,0,0,0,0,0,0,0,0,77000,0,0,0,77000,0,77000,77000
067138,正文永豐01購02  ,0,0,0,0,0,0,0,0,0,77000,0,0,0,77000,0,77000,77000
057082,玉晶光統一9A購04,0,0,0,0,0,0,0,0,0,77000,0,0,0,79000,2000,77000,77000
055182,京鼎統一98購01  ,0,0,0,0,0,0,0,0,0,77000,0,0,0,77000,0,77000,77000
060611,同欣電凱基9A購02,0,0,0,0,0,0,0,0,0,77000,0,0,0,88000,11000,77000,77000
059730,晶相光元大9C購02,0,0,0,0,0,0,0,0,0,77000,0,0,0,102000,25000,77000,77000
061815,奇力新群益9B購02,0,0,0,0,0,0,0,0,0,77000,0,0,0,77000,0,77000,77000
062086,瑞祺元大9B購01  ,0,0,0,0,0,0,0,0,0,77000,0,0,0,120000,43000,77000,77000
063545,華通兆豐9B購03  ,0,0,0,0,0,0,0,0,0,77000,0,0,0,83000,6000,77000,77000
065062,亞光群益9C購01  ,0,0,0,0,0,0,0,0,0,77000,0,0,0,140000,63000,77000,77000
066157,晶碩康和01購01  ,0,0,0,0,0,0,0,0,0,77000,0,0,0,145000,68000,77000,77000
064252,嘉澤元富9C購01  ,0,0,0,0,0,0,0,0,0,77000,0,0,0,77000,0,77000,77000
064712,聚陽統一02購03  ,0,0,0,0,0,0,0,0,0,77000,0,0,0,118000,41000,77000,77000
08003P,國巨國泰9B售07  ,0,0,0,0,0,0,0,0,0,76000,0,0,0,99000,23000,76000,76000
061468,神達群益9A購01  ,0,0,0,0,0,0,0,0,0,76000,0,0,0,82000,6000,76000,76000
062415,聯茂中信9C購01  ,0,0,0,0,0,0,0,0,0,76000,0,0,0,111000,35000,76000,76000
060361,南亞科元富9A購03,0,0,0,0,0,0,0,0,0,76000,0,0,0,85000,9000,76000,76000
066203,景碩統一03購01  ,0,0,0,0,0,0,0,0,0,76000,0,0,0,96000,20000,76000,76000
065743,宏達電麥證9C購02,0,0,0,76000,0,76000,0,0,0,76000,0,0,0,76000,0,76000,76000
065749,友訊元大9C購03  ,0,0,0,0,0,0,0,0,0,76000,0,0,0,176000,100000,76000,76000
065687,華通元富9C購03  ,0,0,0,0,0,0,0,0,0,76000,0,0,0,76000,0,76000,76000
065787,奇鋐永豐9C購01  ,0,0,0,0,0,0,0,0,0,76000,0,0,0,115000,39000,76000,76000
6533,晶心科          ,839000,763000,76000,0,0,0,0,0,0,0,0,0,0,0,0,0,76000
07685P,玉晶光凱基9B售03,0,0,0,0,0,0,0,0,0,75000,0,0,0,105000,30000,75000,75000
07575P,瑞昱元大9A售02  ,0,0,0,0,0,0,0,0,0,75000,0,0,0,85000,10000,75000,75000
08590P,智邦凱基9C售04  ,0,0,0,0,0,0,0,0,0,75000,0,0,0,140000,65000,75000,75000
06728P,全新元大98售03  ,0,0,0,0,0,0,0,0,0,75000,0,0,0,100000,25000,75000,75000
067273,台積電統一02購05,0,0,0,0,0,0,0,0,0,75000,0,0,0,76000,1000,75000,75000
055437,禾伸堂中信99購01,0,0,0,0,0,0,0,0,0,75000,0,0,0,86000,11000,75000,75000
056034,華通凱基98購01  ,0,0,0,0,0,0,0,0,0,75000,0,0,0,975000,900000,75000,75000
052619,茂林國泰99購01  ,0,0,0,0,0,0,0,0,0,75000,0,0,0,75000,0,75000,75000
058704,台積電元大99購17,0,0,0,0,0,0,0,0,0,75000,0,0,0,75000,0,75000,75000
059278,群創元大9A購04  ,0,0,0,0,0,0,0,0,0,75000,0,0,0,75000,0,75000,75000
062921,GIS元大9B購01   ,0,0,0,0,0,0,0,0,0,75000,0,0,0,75000,0,75000,75000
061316,台積電凱基9A購24,0,0,0,0,0,0,0,0,0,75000,0,0,0,76000,1000,75000,75000
061749,群創統一9C購02  ,0,0,0,0,0,0,0,0,0,75000,0,0,0,75000,0,75000,75000
060982,旺宏元大9A購09  ,0,0,0,0,0,0,0,0,0,75000,0,0,0,125000,50000,75000,75000
061106,群創元大9B購09  ,0,0,0,0,0,0,0,0,0,75000,0,0,0,83000,8000,75000,75000
065595,鴻海元大9C購15  ,0,0,0,0,0,0,0,0,0,75000,0,0,0,75000,0,75000,75000
065659,華新科永豐9C購04,0,0,0,0,0,0,0,0,0,75000,0,0,0,368000,293000,75000,75000
064341,聯詠元大9C購01  ,0,0,0,0,0,0,0,0,0,75000,0,0,0,78000,3000,75000,75000
3047,訊舟            ,177000,102000,75000,0,0,0,0,0,0,0,0,0,0,0,0,0,75000
067036,南電康和01購02  ,0,0,0,0,0,0,0,0,0,74000,0,0,0,100000,26000,74000,74000
066565,泰鼎元大01購01  ,0,0,0,0,0,0,0,0,0,74000,0,0,0,324000,250000,74000,74000
08837P,牧德國票03售01  ,0,0,0,0,0,0,0,0,0,74000,0,0,0,77000,3000,74000,74000
057371,可成元大98購08  ,0,0,0,0,0,0,0,0,0,74000,0,0,0,84000,10000,74000,74000
057447,智邦元富02購01  ,0,0,0,0,0,0,0,0,0,74000,0,0,0,91000,17000,74000,74000
062251,旺宏元大9B購06  ,0,0,0,0,0,0,0,0,0,74000,0,0,0,168000,94000,74000,74000
020000,富邦特選蘋果N   ,0,0,0,0,0,0,0,0,0,74000,0,0,0,76000,2000,74000,74000
061021,聯電國泰9B購01  ,0,0,0,0,0,0,0,0,0,74000,0,0,0,186000,112000,74000,74000
061646,力成元大9A購02  ,0,0,0,0,0,0,0,0,0,74000,0,0,0,125000,51000,74000,74000
060469,台勝科元大9A購02,0,0,0,0,0,0,0,0,0,74000,0,0,0,77000,3000,74000,74000
064325,亞德客元大9C購01,0,0,0,0,0,0,0,0,0,74000,0,0,0,125000,51000,74000,74000
064081,國產中信06購01  ,0,0,0,0,0,0,0,0,0,74000,0,0,0,131000,57000,74000,74000
063818,矽創群益9C購01  ,0,0,0,0,0,0,0,0,0,74000,0,0,0,343000,269000,74000,74000
064023,智邦元大9C購02  ,0,0,0,0,0,0,0,0,0,74000,0,0,0,152000,78000,74000,74000
065815,微星元富9C購01  ,0,0,0,0,0,0,0,0,0,74000,0,0,0,718000,644000,74000,74000
065705,嘉晶群益9C購05  ,0,0,0,0,0,0,0,0,0,74000,0,0,0,129000,55000,74000,74000
065878,麗豐群益02購01  ,0,0,0,0,0,0,0,0,0,74000,0,0,0,74000,0,74000,74000
065897,凌華統一03購01  ,0,0,0,0,0,0,0,0,0,74000,0,0,0,105000,31000,74000,74000
5203,訊連            ,98000,33000,65000,0,0,0,0,0,0,9000,10000,0,10000,0,1000,-1000,74000
059198,華新科永豐99購06,0,0,0,0,0,0,0,0,0,73000,0,0,0,74000,1000,73000,73000
062140,元金2X國票9B購03,0,0,0,0,0,0,0,0,0,73000,0,0,0,250000,177000,73000,73000
060849,力成國票9A購01  ,0,0,0,0,0,0,0,0,0,73000,0,0,0,74000,1000,73000,73000
060759,南亞科元大9A購03,0,0,0,0,0,0,0,0,0,73000,0,0,0,74000,1000,73000,73000
063825,道瓊銀國票01購01,0,0,0,0,0,0,0,0,0,73000,0,0,0,85000,12000,73000,73000
064954,奇鋐凱基9C購01  ,100000,99000,1000,0,0,0,0,0,0,72000,0,0,0,654000,582000,72000,73000
5515,建國            ,94000,21000,73000,0,0,0,0,0,0,0,0,0,0,0,0,0,73000
4935,茂林-KY         ,1297000,1257000,40000,0,0,0,5000,120000,-115000,148000,140000,55000,85000,164000,101000,63000,73000
066951,長榮航元大01購01,0,0,0,0,0,0,0,0,0,72000,0,0,0,72000,0,72000,72000
06861P,台積電國票99售08,0,0,0,0,0,0,0,0,0,72000,0,0,0,158000,86000,72000,72000
056918,台積電兆豐98購01,0,0,0,0,0,0,0,0,0,72000,0,0,0,472000,400000,72000,72000
058990,GIS凱基99購02   ,0,0,0,0,0,0,0,0,0,72000,0,0,0,82000,10000,72000,72000
060981,旺宏元大9A購08  ,0,0,0,0,0,0,0,0,0,72000,0,0,0,122000,50000,72000,72000
063330,神達國票9C購01  ,0,0,0,0,0,0,0,0,0,72000,0,0,0,72000,0,72000,72000
063282,奇力新元大9B購06,0,0,0,0,0,0,0,0,0,72000,0,0,0,72000,0,72000,72000
08610P,鴻海凱基9C售05  ,0,0,0,0,0,0,0,0,0,71000,0,0,0,141000,70000,71000,71000
08096P,大立光元富9B售04,0,0,0,0,0,0,0,0,0,71000,0,0,0,118000,47000,71000,71000
058596,旺宏台新99購01  ,0,0,0,0,0,0,0,0,0,71000,0,0,0,71000,0,71000,71000
056989,鴻海兆豐98購02  ,0,0,0,0,0,0,0,0,0,71000,0,0,0,71000,0,71000,71000
00728,第一金工業30    ,2000,2000,0,0,0,0,0,0,0,71000,0,0,0,172000,101000,71000,71000
060251,易華電元大9C購01,0,0,0,0,0,0,0,0,0,71000,0,0,0,71000,0,71000,71000
062002,鴻海國泰01購01  ,0,0,0,0,0,0,0,0,0,71000,0,0,0,76000,5000,71000,71000
063072,裕隆永豐9B購01  ,0,0,0,0,0,0,0,0,0,71000,0,0,0,71000,0,71000,71000
060760,南亞科元大9A購04,0,0,0,0,0,0,0,0,0,71000,0,0,0,73000,2000,71000,71000
064861,緯創富邦9C購01  ,0,0,0,0,0,0,0,0,0,71000,0,0,0,116000,45000,71000,71000
065689,群創元富9C購04  ,0,0,0,0,0,0,0,0,0,71000,0,0,0,98000,27000,71000,71000
066125,得力群益01購01  ,0,0,0,0,0,0,0,0,0,71000,0,0,0,71000,0,71000,71000
07352P,台積電國票99售11,0,0,0,0,0,0,0,0,0,70000,0,0,0,70000,0,70000,70000
07791P,奇鋐元大9A售02  ,0,0,0,0,0,0,0,0,0,70000,0,0,0,104000,34000,70000,70000
07922P,大立光群益9B售05,0,0,0,0,0,0,0,0,0,70000,0,0,0,70000,0,70000,70000
08487P,同欣電群益01售01,0,0,0,0,0,0,0,0,0,70000,0,0,0,70000,0,70000,70000
066997,樺漢國泰03購01  ,0,0,0,0,0,0,0,0,0,70000,0,0,0,120000,50000,70000,70000
06724P,台灣50國票98售01,0,0,0,0,0,0,0,0,0,70000,0,0,0,150000,80000,70000,70000
066433,南六元大02購01  ,0,0,0,0,0,0,0,0,0,70000,0,0,0,138000,68000,70000,70000
057684,聯茂日盛99購01  ,0,0,0,0,0,0,0,0,0,70000,0,0,0,70000,0,70000,70000
055093,京鼎群益98購01  ,0,0,0,0,0,0,0,0,0,70000,0,0,0,80000,10000,70000,70000
055094,智易群益98購01  ,0,0,0,0,0,0,0,0,0,70000,0,0,0,70000,0,70000,70000
055809,T50反1國票98購02,0,0,0,0,0,0,0,0,0,70000,0,0,0,70000,0,70000,70000
055323,貿聯國票98購01  ,0,0,0,0,0,0,0,0,0,70000,0,0,0,71000,1000,70000,70000
057861,台積電凱基98購16,0,0,0,0,0,0,0,0,0,70000,0,0,0,70000,0,70000,70000
062292,旭富永豐9B購01  ,0,0,0,0,0,0,0,0,0,70000,0,0,0,100000,30000,70000,70000
062497,遠東新群益9B購01,0,0,0,0,0,0,0,0,0,70000,0,0,0,115000,45000,70000,70000
060716,新唐永豐9A購01  ,0,0,0,0,0,0,0,0,0,70000,0,0,0,252000,182000,70000,70000
061072,南電凱基9B購01  ,0,0,0,0,0,0,0,0,0,70000,0,0,0,71000,1000,70000,70000
061943,上銀群益9B購02  ,0,0,0,0,0,0,0,0,0,70000,0,0,0,70000,0,70000,70000
061853,晶技國票9B購02  ,0,0,0,0,0,0,0,0,0,70000,0,0,0,108000,38000,70000,70000
063553,同欣電國票9B購03,0,0,0,0,0,0,0,0,0,70000,0,0,0,90000,20000,70000,70000
061317,旺宏凱基9A購05  ,0,0,0,0,0,0,0,0,0,70000,0,0,0,70000,0,70000,70000
062468,台積電凱基9B購06,0,0,0,0,0,0,0,0,0,70000,0,0,0,102000,32000,70000,70000
062037,華新凱基9B購01  ,0,0,0,0,0,0,0,0,0,70000,0,0,0,70000,0,70000,70000
063142,奇力新統一9C購04,0,0,0,0,0,0,0,0,0,70000,0,0,0,149000,79000,70000,70000
063008,華通元大9B購06  ,0,0,0,0,0,0,0,0,0,70000,0,0,0,70000,0,70000,70000
062889,可成群益9C購01  ,0,0,0,0,0,0,0,0,0,70000,0,0,0,80000,10000,70000,70000
065178,和碩元大9C購01  ,0,0,0,0,0,0,0,0,0,70000,0,0,0,76000,6000,70000,70000
065143,聯發科凱基9C購07,0,0,0,0,0,0,0,0,0,70000,0,0,0,70000,0,70000,70000
064782,健策群益9C購02  ,0,0,0,0,0,0,0,0,0,70000,0,0,0,87000,17000,70000,70000
064692,嘉晶群益9C購03  ,0,0,0,0,0,0,0,0,0,70000,0,0,0,70000,0,70000,70000
064554,儒鴻群益9C購01  ,0,0,0,0,0,0,0,0,0,70000,0,0,0,70000,0,70000,70000
064067,美律永豐9C購01  ,0,0,0,0,0,0,0,0,0,70000,0,0,0,70000,0,70000,70000
064352,嘉聯益元大9C購01,0,0,0,0,0,0,0,0,0,70000,0,0,0,109000,39000,70000,70000
6288,聯嘉            ,302000,235000,67000,0,0,0,0,0,0,3000,12000,9000,3000,0,0,0,70000
066750,緯穎元大01購04  ,0,0,0,0,0,0,0,0,0,69000,0,0,0,99000,30000,69000,69000
066729,台積電元大01購16,0,0,0,0,0,0,0,0,0,69000,0,0,0,355000,286000,69000,69000
07867P,晶技元大9B售01  ,0,0,0,0,0,0,0,0,0,69000,0,0,0,69000,0,69000,69000
058328,世紀鋼統一9B購01,0,0,0,0,0,0,0,0,0,69000,0,0,0,100000,31000,69000,69000
057828,緯穎元大99購02  ,0,0,0,0,0,0,0,0,0,69000,0,0,0,169000,100000,69000,69000
057773,技嘉群益9A購02  ,0,0,0,0,0,0,0,0,0,69000,0,0,0,85000,16000,69000,69000
057445,華通元富02購01  ,0,0,0,0,0,0,0,0,0,69000,0,0,0,71000,2000,69000,69000
056408,奇鋐國票99購01  ,0,0,0,0,0,0,0,0,0,69000,0,0,0,111000,42000,69000,69000
00660,元大歐洲50      ,0,0,0,0,0,0,0,0,0,69000,0,0,0,94000,25000,69000,69000
059689,南亞科永豐99購02,0,0,0,0,0,0,0,0,0,69000,0,0,0,70000,1000,69000,69000
063419,聯發科凱基03購01,0,0,0,0,0,0,0,0,0,69000,0,0,0,141000,72000,69000,69000
063311,喬山群益9B購01  ,0,0,0,0,0,0,0,0,0,69000,0,0,0,136000,67000,69000,69000
063322,台郡群益9B購02  ,0,0,0,0,0,0,0,0,0,69000,0,0,0,173000,104000,69000,69000
064574,達方群益01購01  ,0,0,0,0,0,0,0,0,0,69000,0,0,0,150000,81000,69000,69000
064781,嘉晶群益9C購04  ,0,0,0,0,0,0,0,0,0,69000,0,0,0,69000,0,69000,69000
065656,聯發科國泰03購01,0,0,0,0,0,0,0,0,0,69000,0,0,0,115000,46000,69000,69000
065605,義隆元大01購02  ,0,0,0,0,0,0,0,0,0,69000,0,0,0,120000,51000,69000,69000
065429,微星凱基02購02  ,0,0,0,0,0,0,0,0,0,69000,0,0,0,91000,22000,69000,69000
065376,京鼎元大9C購02  ,0,0,0,0,0,0,0,0,0,69000,0,0,0,69000,0,69000,69000
2851,中再保          ,95000,23000,72000,0,0,0,0,3000,-3000,0,0,0,0,0,0,0,69000
1460,宏遠            ,351000,282259,68741,0,0,0,0,0,0,0,0,0,0,0,0,0,68741
07982P,全新群益9B售04  ,0,0,0,0,0,0,0,0,0,68000,0,0,0,81000,13000,68000,68000
08261P,玉晶光元大9C售08,10000,10000,0,0,0,0,0,0,0,68000,0,0,0,140000,72000,68000,68000
066563,日月光元大01購01,0,0,0,0,0,0,0,0,0,68000,0,0,0,88000,20000,68000,68000
067054,台積電台新01購03,0,0,0,0,0,0,0,0,0,68000,0,0,0,68000,0,68000,68000
053069,同欣電群益98購01,0,0,0,0,0,0,0,0,0,68000,0,0,0,68000,0,68000,68000
056903,大立光元大99購04,0,0,0,0,0,0,0,0,0,68000,0,0,0,68000,0,68000,68000
058865,群創凱基01購01  ,0,0,0,0,0,0,0,0,0,68000,0,0,0,88000,20000,68000,68000
061575,華新科元大9A購20,0,0,0,0,0,0,0,0,0,68000,0,0,0,168000,100000,68000,68000
063536,美食統一01購01  ,0,0,0,0,0,0,0,0,0,68000,0,0,0,70000,2000,68000,68000
063587,漢唐永豐9B購02  ,0,0,0,0,0,0,0,0,0,68000,0,0,0,68000,0,68000,68000
059951,台塑康和99購01  ,0,0,0,0,0,0,0,0,0,68000,0,0,0,68000,0,68000,68000
062169,禾伸堂永豐9B購01,0,0,0,0,0,0,0,0,0,68000,0,0,0,68000,0,68000,68000
061987,大立光元大9B購03,0,0,0,0,0,0,0,0,0,68000,0,0,0,68000,0,68000,68000
062111,台勝科國票9B購01,0,0,0,0,0,0,0,0,0,68000,0,0,0,68000,0,68000,68000
062781,微星元大9C購01  ,0,0,0,0,0,0,0,0,0,68000,0,0,0,94000,26000,68000,68000
065366,英業達元大9C購02,0,0,0,0,0,0,0,0,0,68000,0,0,0,108000,40000,68000,68000
065503,燿華永豐9C購04  ,0,0,0,0,0,0,0,0,0,68000,0,0,0,68000,0,68000,68000
065147,寶成凱基01購01  ,0,0,0,0,0,0,0,0,0,68000,0,0,0,309000,241000,68000,68000
065164,和大元大01購01  ,0,0,0,0,0,0,0,0,0,68000,0,0,0,168000,100000,68000,68000
065088,可成元大9C購09  ,0,0,0,0,0,0,0,0,0,68000,0,0,0,68000,0,68000,68000
066155,華碩康和01購01  ,0,0,0,0,0,0,0,0,0,68000,0,0,0,68000,0,68000,68000
066293,惠特元大02購01  ,0,0,0,0,0,0,0,0,0,68000,0,0,0,90000,22000,68000,68000
065803,大立光群益01購03,0,0,0,0,0,0,0,0,0,68000,0,0,0,73000,5000,68000,68000
065855,瀚宇博元大9C購03,0,0,0,0,0,0,0,0,0,68000,0,0,0,543000,475000,68000,68000
064769,漢翔中信9C購01  ,0,0,0,0,0,0,0,0,0,68000,0,0,0,88000,20000,68000,68000
064582,裕隆永豐9C購02  ,0,0,0,0,0,0,0,0,0,68000,0,0,0,68000,0,68000,68000
064495,南亞科元大9C購03,0,0,0,0,0,0,0,0,0,68000,0,0,0,68000,0,68000,68000
064377,宏達電元富9C購01,0,0,0,0,0,0,0,0,0,68000,0,0,0,68000,0,68000,68000
08825P,義隆元大01售04  ,0,0,0,0,0,0,0,0,0,67000,0,0,0,217000,150000,67000,67000
058587,台積電中信9C購03,0,0,0,0,0,0,0,0,0,67000,0,0,0,82000,15000,67000,67000
056497,GIS國泰99購01   ,0,0,0,0,0,0,0,0,0,67000,0,0,0,67000,0,67000,67000
062851,建準永豐9B購02  ,0,0,0,0,0,0,0,0,0,67000,0,0,0,68000,1000,67000,67000
059816,聯電凱基99購03  ,0,0,0,0,0,0,0,0,0,67000,0,0,0,94000,27000,67000,67000
061984,華新科元大9B購05,0,0,0,0,0,0,0,0,0,67000,0,0,0,68000,1000,67000,67000
060710,上銀永豐9A購01  ,0,0,0,0,0,0,0,0,0,67000,0,0,0,77000,10000,67000,67000
060712,建準永豐9A購01  ,0,0,0,0,0,0,0,0,0,67000,0,0,0,224000,157000,67000,67000
061679,健策元大9B購04  ,0,0,0,0,0,0,0,0,0,67000,0,0,0,117000,50000,67000,67000
063590,華擎永豐9B購01  ,0,0,0,0,0,0,0,0,0,67000,0,0,0,67000,0,67000,67000
064018,儒鴻元大9C購02  ,0,0,0,0,0,0,0,0,0,67000,0,0,0,77000,10000,67000,67000
063708,上銀凱基9B購06  ,0,0,0,0,0,0,0,0,0,67000,0,0,0,68000,1000,67000,67000
065882,景碩台新9C購03  ,0,0,0,0,0,0,0,0,0,67000,0,0,0,78000,11000,67000,67000
065953,宏達電統一03購01,0,0,0,0,0,0,0,0,0,67000,0,0,0,67000,0,67000,67000
065149,遠東新群益9C購01,70000,0,70000,0,0,0,0,0,0,-3000,0,0,0,136000,139000,-3000,67000
06677P,牧德國票98售02  ,0,0,0,0,0,0,0,0,0,66000,0,0,0,66000,0,66000,66000
056892,旺宏元大9A購02  ,0,0,0,0,0,0,0,0,0,66000,0,0,0,80000,14000,66000,66000
053396,漢唐中信9A購01  ,0,0,0,0,0,0,0,0,0,66000,0,0,0,86000,20000,66000,66000
059454,亞光永豐99購01  ,0,0,0,0,0,0,0,0,0,66000,0,0,0,99000,33000,66000,66000
058701,鴻海元大99購16  ,0,0,0,0,0,0,0,0,0,66000,0,0,0,66000,0,66000,66000
063575,矽格元大9B購02  ,0,0,0,0,0,0,0,0,0,66000,0,0,0,137000,71000,66000,66000
063333,同欣電國票9C購01,0,0,0,0,0,0,0,0,0,66000,0,0,0,90000,24000,66000,66000
061074,儒鴻兆豐9B購01  ,0,0,0,0,0,0,0,0,0,66000,0,0,0,66000,0,66000,66000
060928,明泰永豐9A購01  ,0,0,0,0,0,0,0,0,0,66000,0,0,0,66000,0,66000,66000
063852,瀚宇博元大9C購01,0,0,0,0,0,0,0,0,0,66000,0,0,0,214000,148000,66000,66000
064679,晶技兆豐9C購01  ,0,0,0,0,0,0,0,0,0,66000,0,0,0,95000,29000,66000,66000
064826,南亞科統一01購03,0,0,0,0,0,0,0,0,0,66000,0,0,0,66000,0,66000,66000
057389,玉晶光永豐98購06,0,0,0,0,0,0,0,0,0,65000,0,0,0,157000,92000,65000,65000
057576,南亞科第一9C購01,0,0,0,0,0,0,0,0,0,65000,0,0,0,65000,0,65000,65000
058429,欣興元富99購01  ,0,0,0,0,0,0,0,0,0,65000,0,0,0,65000,0,65000,65000
053449,超眾凱基98購01  ,0,0,0,0,0,0,0,0,0,65000,0,0,0,95000,30000,65000,65000
056590,樺漢統一9A購01  ,0,0,0,0,0,0,0,0,0,65000,0,0,0,65000,0,65000,65000
060899,超眾凱基9A購01  ,0,0,0,0,0,0,0,0,0,65000,0,0,0,115000,50000,65000,65000
063382,南茂永豐9B購01  ,0,0,0,0,0,0,0,0,0,65000,0,0,0,143000,78000,65000,65000
060604,宏達電凱基9B購01,0,0,0,0,0,0,0,0,0,65000,0,0,0,67000,2000,65000,65000
062967,上銀元富9B購01  ,0,0,0,0,0,0,0,0,0,65000,0,0,0,187000,122000,65000,65000
062674,百和中信03購01  ,0,0,0,0,0,0,0,0,0,65000,0,0,0,85000,20000,65000,65000
065000,和大國票02購01  ,0,0,0,0,0,0,0,0,0,65000,0,0,0,65000,0,65000,65000
064650,台表科凱基03購01,0,0,0,0,0,0,0,0,0,65000,0,0,0,233000,168000,65000,65000
064082,緯創中信06購01  ,0,0,0,0,0,0,0,0,0,65000,0,0,0,95000,30000,65000,65000
064105,南茂群益9C購01  ,0,0,0,0,0,0,0,0,0,65000,0,0,0,71000,6000,65000,65000
065207,奇力新國票9C購02,0,0,0,0,0,0,0,0,0,65000,0,0,0,65000,0,65000,65000
065346,台光電統一02購01,0,0,0,0,0,0,0,0,0,65000,0,0,0,65000,0,65000,65000
065707,聯詠群益9C購02  ,0,0,0,0,0,0,0,0,0,65000,0,0,0,65000,0,65000,65000
6243,迅杰            ,66000,1000,65000,0,0,0,0,0,0,0,0,0,0,0,0,0,65000
066337,聯陽永豐01購02  ,0,0,0,0,0,0,0,0,0,64000,0,0,0,77000,13000,64000,64000
067032,致新元富01購01  ,0,0,0,0,0,0,0,0,0,64000,0,0,0,64000,0,64000,64000
057718,旺宏元富02購02  ,0,0,0,0,0,0,0,0,0,64000,0,0,0,66000,2000,64000,64000
058499,滬深2X元大9C購01,0,0,0,0,0,0,0,0,0,64000,0,0,0,90000,26000,64000,64000
057989,旺宏統一99購04  ,0,0,0,0,0,0,0,0,0,64000,0,0,0,64000,0,64000,64000
062344,力山群益9B購02  ,0,0,0,0,0,0,0,0,0,64000,0,0,0,148000,84000,64000,64000
061985,富邦金元大9B購01,0,0,0,0,0,0,0,0,0,64000,0,0,0,64000,0,64000,64000
064880,神達兆豐9C購01  ,0,0,0,0,0,0,0,0,0,64000,0,0,0,64000,0,64000,64000
067107,義隆群益01購02  ,0,0,0,0,0,0,0,0,0,63000,0,0,0,175000,112000,63000,63000
08391P,智邦凱基02售02  ,0,0,0,0,0,0,0,0,0,63000,0,0,0,65000,2000,63000,63000
08345P,大立光元大9C售14,0,0,0,0,0,0,0,0,0,63000,0,0,0,63000,0,63000,63000
058494,可成群益9B購01  ,0,0,0,0,0,0,0,0,0,63000,0,0,0,98000,35000,63000,63000
058422,百和麥證99購01  ,0,0,0,68000,5000,63000,0,0,0,63000,0,0,0,68000,5000,63000,63000
058927,勤誠元富99購02  ,0,0,0,0,0,0,0,0,0,63000,0,0,0,133000,70000,63000,63000
057043,台積電元大99購02,0,0,0,0,0,0,0,0,0,63000,0,0,0,256000,193000,63000,63000
060509,宏達電元大9A購02,0,0,0,0,0,0,0,0,0,63000,0,0,0,67000,4000,63000,63000
063239,建準元大9B購01  ,0,0,0,0,0,0,0,0,0,63000,0,0,0,125000,62000,63000,63000
063093,國產國票9B購01  ,0,0,0,0,0,0,0,0,0,63000,0,0,0,63000,0,63000,63000
059924,世紀鋼元大99購06,0,0,0,0,0,0,0,0,0,63000,0,0,0,66000,3000,63000,63000
060430,和潤永豐9A購01  ,0,0,0,0,0,0,0,0,0,63000,0,0,0,90000,27000,63000,63000
061625,聯茂群益9A購02  ,0,0,0,0,0,0,0,0,0,63000,0,0,0,115000,52000,63000,63000
061634,遠東新元大9A購01,0,0,0,0,0,0,0,0,0,63000,0,0,0,73000,10000,63000,63000
061518,達方永豐9A購02  ,0,0,0,0,0,0,0,0,0,63000,0,0,0,118000,55000,63000,63000
064973,智邦元大9C購06  ,0,0,0,0,0,0,0,0,0,63000,0,0,0,73000,10000,63000,63000
064434,微星凱基02購01  ,0,0,0,0,0,0,0,0,0,63000,0,0,0,127000,64000,63000,63000
064140,台達電統一01購01,0,0,0,0,0,0,0,0,0,63000,0,0,0,63000,0,63000,63000
064092,世紀鋼凱基9C購03,0,0,0,0,0,0,0,0,0,63000,0,0,0,90000,27000,63000,63000
065756,緯創元大9C購05  ,0,0,0,0,0,0,0,0,0,63000,0,0,0,350000,287000,63000,63000
065849,景碩元大9C購03  ,0,0,0,0,0,0,0,0,0,63000,0,0,0,191000,128000,63000,63000
065104,南茂元大9C購02  ,0,0,0,0,0,0,0,0,0,63000,0,0,0,96000,33000,63000,63000
08815P,聯發科國泰03售03,0,0,0,0,0,0,0,0,0,62000,0,0,0,110000,48000,62000,62000
063302,國巨凱基9C購05  ,0,0,0,0,0,0,0,0,0,62000,0,0,0,84000,22000,62000,62000
062883,智易兆豐9C購01  ,0,0,0,0,0,0,0,0,0,62000,0,0,0,77000,15000,62000,62000
060541,正隆凱基9A購01  ,0,0,0,0,0,0,0,0,0,62000,0,0,0,62000,0,62000,62000
065388,華擎兆豐01購01  ,0,0,0,0,0,0,0,0,0,62000,0,0,0,63000,1000,62000,62000
066239,拓凱富邦02購01  ,0,0,0,0,0,0,0,0,0,62000,0,0,0,62000,0,62000,62000
064117,中興電元大9C購01,0,0,0,0,0,0,0,0,0,62000,0,0,0,62000,0,62000,62000
08346P,大立光元大9C售15,0,0,0,0,0,0,0,0,0,61000,0,0,0,101000,40000,61000,61000
067089,瑞祺元大01購04  ,0,0,0,0,0,0,0,0,0,61000,0,0,0,61000,0,61000,61000
066373,美利達中信01購01,0,0,0,0,0,0,0,0,0,61000,0,0,0,81000,20000,61000,61000
066459,智原統一01購01  ,0,0,0,0,0,0,0,0,0,61000,0,0,0,209000,148000,61000,61000
057669,嘉晶元大99購03  ,0,0,0,0,0,0,0,0,0,61000,0,0,0,64000,3000,61000,61000
055787,聯茂凱基99購01  ,0,0,0,0,0,0,0,0,0,61000,0,0,0,111000,50000,61000,61000
058051,同欣電元大98購03,0,0,0,0,0,0,0,0,0,61000,0,0,0,79000,18000,61000,61000
062545,嘉晶永豐9B購01  ,0,0,0,0,0,0,0,0,0,61000,0,0,0,83000,22000,61000,61000
061976,國巨元大9B購01  ,0,0,0,0,0,0,0,0,0,61000,0,0,0,81000,20000,61000,61000
063232,裕隆元大9B購01  ,0,0,0,0,0,0,0,0,0,61000,0,0,0,61000,0,61000,61000
062719,微星凱基9B購01  ,0,0,0,0,0,0,0,0,0,61000,0,0,0,83000,22000,61000,61000
060322,卜蜂群益9A購01  ,0,0,0,0,0,0,0,0,0,61000,0,0,0,61000,0,61000,61000
060926,宏達電永豐9A購01,0,0,0,0,0,0,0,0,0,61000,0,0,0,62000,1000,61000,61000
061123,燿華永豐9A購01  ,0,0,0,0,0,0,0,0,0,61000,0,0,0,61000,0,61000,61000
064193,華新群益9C購01  ,0,0,0,0,0,0,0,0,0,61000,0,0,0,121000,60000,61000,61000
064867,華新科永豐9C購03,0,0,0,0,0,0,0,0,0,61000,0,0,0,185000,124000,61000,61000
065513,旺宏群益9C購05  ,0,0,0,0,0,0,0,0,0,61000,0,0,0,81000,20000,61000,61000
5269,祥碩            ,220000,158208,61792,0,0,0,17000,1382,15618,-17000,0,15000,-15000,6000,8000,-2000,60410
066546,鴻海元大01購10  ,0,0,0,0,0,0,0,0,0,60000,0,0,0,85000,25000,60000,60000
066309,永光永豐01購01  ,0,0,0,0,0,0,0,0,0,60000,0,0,0,119000,59000,60000,60000
07174P,臺股指國票99售11,0,0,0,0,0,0,0,0,0,60000,0,0,0,60000,0,60000,60000
07974P,上証2X元大9B售02,0,0,0,0,0,0,0,0,0,60000,0,0,0,200000,140000,60000,60000
07795P,美律國票9A售03  ,0,0,0,0,0,0,0,0,0,60000,0,0,0,60000,0,60000,60000
07705P,台積電元大9A售26,0,0,0,0,0,0,0,0,0,60000,0,0,0,60000,0,60000,60000
07358P,鴻海元大99售39  ,0,0,0,0,0,0,0,0,0,60000,0,0,0,100000,40000,60000,60000
07402P,瑞昱凱基99售02  ,0,0,0,0,0,0,0,0,0,60000,0,0,0,60000,0,60000,60000
07576P,可成元大9A售01  ,0,0,0,0,0,0,0,0,0,60000,0,0,0,200000,140000,60000,60000
08779P,旺宏群益01售04  ,0,0,0,0,0,0,0,0,0,60000,0,0,0,60000,0,60000,60000
08400P,美律元富9C售02  ,0,0,0,0,0,0,0,0,0,60000,0,0,0,180000,120000,60000,60000
08386P,臺股指群益9C售14,0,0,0,0,0,0,0,0,0,60000,0,0,0,60000,0,60000,60000
062607,美食凱基9B購01  ,0,0,0,0,0,0,0,0,0,60000,0,0,0,70000,10000,60000,60000
062490,聯茂永豐9B購01  ,0,0,0,0,0,0,0,0,0,60000,0,0,0,60000,0,60000,60000
062377,力成元大9B購01  ,0,0,0,0,0,0,0,0,0,60000,0,0,0,60000,0,60000,60000
05750P,臺股指群益99售04,0,0,0,0,0,0,0,0,0,60000,0,0,0,149000,89000,60000,60000
055999,電子類富邦99購01,0,0,0,0,0,0,0,0,0,60000,0,0,0,60000,0,60000,60000
057737,國巨富邦99購02  ,0,0,0,0,0,0,0,0,0,60000,0,0,0,60000,0,60000,60000
056909,嘉聯益元大99購03,0,0,0,0,0,0,0,0,0,60000,0,0,0,60000,0,60000,60000
059055,旺宏凱基9B購02  ,0,0,0,0,0,0,0,0,0,60000,0,0,0,60000,0,60000,60000
053276,友達元大9C購01  ,0,7000,-7000,0,0,0,0,0,0,67000,0,0,0,107000,40000,67000,60000
05174P,元金2X富邦9B售01,0,0,0,0,0,0,0,0,0,60000,0,0,0,60000,0,60000,60000
050890,南電富邦99購01  ,0,0,0,0,0,0,0,0,0,60000,0,0,0,60000,0,60000,60000
060823,旺宏元大9A購05  ,0,0,0,0,0,0,0,0,0,60000,0,0,0,60000,0,60000,60000
060861,漢唐永豐9A購01  ,0,0,0,0,0,0,0,0,0,60000,0,0,0,60000,0,60000,60000
063029,喬山凱基9B購01  ,0,0,0,0,0,0,0,0,0,60000,0,0,0,60000,0,60000,60000
061942,亞德客群益9B購01,0,0,0,0,0,0,0,0,0,60000,0,0,0,60000,0,60000,60000
061544,大毅群益9B購02  ,0,0,0,0,0,0,0,0,0,60000,0,0,0,60000,0,60000,60000
063566,台光電元大9B購08,0,0,0,0,0,0,0,0,0,60000,0,0,0,73000,13000,60000,60000
063527,美食凱基01購01  ,0,0,0,0,0,0,0,0,0,60000,0,0,0,60000,0,60000,60000
063503,香港反中信9C購01,0,0,0,0,0,0,0,0,0,60000,0,0,0,60000,0,60000,60000
063422,奇鋐凱基9B購04  ,0,0,0,0,0,0,0,0,0,60000,0,0,0,93000,33000,60000,60000
062802,宏達電統一9B購01,0,0,0,0,0,0,0,0,0,60000,0,0,0,106000,46000,60000,60000
059742,富邦金元富99購01,0,0,0,0,0,0,0,0,0,60000,0,0,0,90000,30000,60000,60000
062122,國巨統一02購01  ,0,0,0,0,0,0,0,0,0,60000,0,0,0,60000,0,60000,60000
065067,億豐群益01購01  ,0,0,0,0,0,0,0,0,0,60000,0,0,0,65000,5000,60000,60000
066160,美利達康和01購01,0,0,0,0,0,0,0,0,0,60000,0,0,0,68000,8000,60000,60000
064399,和大凱基02購01  ,0,0,0,0,0,0,0,0,0,60000,0,0,0,60000,0,60000,60000
064508,力成元大9C購03  ,0,0,0,0,0,0,0,0,0,60000,0,0,0,86000,26000,60000,60000
064510,GIS元大01購01   ,0,0,0,0,0,0,0,0,0,60000,0,0,0,76000,16000,60000,60000
064665,南亞科元大9C購06,0,0,0,0,0,0,0,0,0,60000,0,0,0,60000,0,60000,60000
064075,台積電中信06購01,0,0,0,0,0,0,0,0,0,60000,0,0,0,102000,42000,60000,60000
8499,鼎炫-KY         ,177000,112000,65000,0,0,0,74,0,74,-6000,0,6000,-6000,0,0,0,59074
067269,眾達永豐01購02  ,0,0,0,0,0,0,0,0,0,59000,0,0,0,59000,0,59000,59000
066380,瑞昱康和01購02  ,0,0,0,0,0,0,0,0,0,59000,0,0,0,109000,50000,59000,59000
066672,瑞祺凱基03購01  ,0,0,0,0,0,0,0,0,0,59000,0,0,0,60000,1000,59000,59000
00639,富邦深100       ,891000,95000,796000,0,0,0,0,0,0,-737000,14000,20000,-6000,1497000,2228000,-731000,59000
057927,勤誠凱基98購01  ,0,0,0,0,0,0,0,0,0,59000,0,0,0,59000,0,59000,59000
058911,茂林元大99購04  ,0,0,0,0,0,0,0,0,0,59000,0,0,0,213000,154000,59000,59000
060450,南亞元大9A購02  ,0,0,0,0,0,0,0,0,0,59000,0,0,0,60000,1000,59000,59000
063276,和大元大9B購01  ,0,0,0,0,0,0,0,0,0,59000,0,0,0,59000,0,59000,59000
061035,亞光永豐9A購01  ,0,0,0,0,0,0,0,0,0,59000,0,0,0,79000,20000,59000,59000
061003,南亞科兆豐9A購01,0,0,0,0,0,0,0,0,0,59000,0,0,0,119000,60000,59000,59000
059986,宏達電元大99購08,0,0,0,0,0,0,0,0,0,59000,0,0,0,128000,69000,59000,59000
063967,華新科國票01購01,0,0,0,0,0,0,0,0,0,59000,0,0,0,59000,0,59000,59000
064697,健策群益01購02  ,0,0,0,0,0,0,0,0,0,59000,0,0,0,106000,47000,59000,59000
065026,世紀鋼永豐9C購02,0,0,0,0,0,0,0,0,0,59000,0,0,0,59000,0,59000,59000
065256,上銀元大9C購10  ,0,0,0,0,0,0,0,0,0,59000,0,0,0,160000,101000,59000,59000
065491,華新科國泰02購01,0,0,0,0,0,0,0,0,0,59000,0,0,0,144000,85000,59000,59000
065587,亞德客永豐9C購02,0,0,0,0,0,0,0,0,0,59000,0,0,0,59000,0,59000,59000
3533,嘉澤            ,392000,236000,156000,0,0,0,0,96000,-96000,-1000,47000,35000,12000,3000,16000,-13000,59000
066650,宏達電康和01購01,0,0,0,0,0,0,0,0,0,58000,0,0,0,65000,7000,58000,58000
066341,永信永豐01購01  ,0,0,0,0,0,0,0,0,0,58000,0,0,0,58000,0,58000,58000
07577P,華新科元大9A售09,0,0,0,0,0,0,0,0,0,58000,0,0,0,58000,0,58000,58000
08092P,仁寶元富9B售02  ,0,0,0,0,0,0,0,0,0,58000,0,0,0,113000,55000,58000,58000
08080P,祥碩國票9B售03  ,0,0,0,0,0,0,0,0,0,58000,0,0,0,168000,110000,58000,58000
058406,聯茂元大99購06  ,0,0,0,0,0,0,0,0,0,58000,0,0,0,150000,92000,58000,58000
058850,華新科群益99購03,0,0,0,0,0,0,0,0,0,58000,0,0,0,59000,1000,58000,58000
058650,台虹永豐9A購01  ,0,0,0,0,0,0,0,0,0,58000,0,0,0,68000,10000,58000,58000
00686R,群益臺灣加權反1 ,0,0,0,0,0,0,0,0,0,58000,0,0,0,89000,31000,58000,58000
061543,南亞科群益9A購01,0,0,0,0,0,0,0,0,0,58000,0,0,0,58000,0,58000,58000
060212,華航康和9A購01  ,0,0,0,0,0,0,0,0,0,58000,0,0,0,58000,0,58000,58000
066118,台郡兆豐01購01  ,0,0,0,0,0,0,0,0,0,58000,0,0,0,78000,20000,58000,58000
066090,泰鼎永豐01購01  ,0,0,0,0,0,0,0,0,0,58000,0,0,0,113000,55000,58000,58000
066031,力成群益01購01  ,0,0,0,0,0,0,0,0,0,58000,0,0,0,71000,13000,58000,58000
065784,正崴永豐9C購01  ,0,0,0,0,0,0,0,0,0,58000,0,0,0,112000,54000,58000,58000
064937,英業達元富9C購01,0,0,0,0,0,0,0,0,0,58000,0,0,0,136000,78000,58000,58000
064452,微星統一01購02  ,0,0,0,0,0,0,0,0,0,58000,0,0,0,58000,0,58000,58000
08616P,聯發科元富9C售02,0,0,0,0,0,0,0,0,0,57000,0,0,0,57000,0,57000,57000
08842P,京鼎凱基01售03  ,0,0,0,0,0,0,0,0,0,57000,0,0,0,80000,23000,57000,57000
066466,晶碩統一02購01  ,0,0,0,0,0,0,0,0,0,57000,0,0,0,100000,43000,57000,57000
020016,統一MSCI美科技N ,0,0,0,0,0,0,0,0,0,57000,0,0,0,131000,74000,57000,57000
056589,康控統一98購01  ,0,0,0,0,0,0,0,0,0,57000,0,0,0,83000,26000,57000,57000
058572,百和凱基9A購01  ,0,0,0,0,0,0,0,0,0,57000,0,0,0,57000,0,57000,57000
056261,台積電統一97購07,0,0,0,0,0,0,0,0,0,57000,0,0,0,69000,12000,57000,57000
060346,華新科統一01購01,0,0,0,0,0,0,0,0,0,57000,0,0,0,121000,64000,57000,57000
061257,上銀凱基9A購06  ,0,0,0,0,0,0,0,0,0,57000,0,0,0,57000,0,57000,57000
061555,聯電國票9B購01  ,0,0,0,0,0,0,0,0,0,57000,0,0,0,57000,0,57000,57000
063654,上銀元富9B購05  ,0,0,0,0,0,0,0,0,0,57000,0,0,0,143000,86000,57000,57000
060933,南電永豐9A購02  ,0,0,0,0,0,0,0,0,0,57000,0,0,0,76000,19000,57000,57000
060885,世紀鋼中信9A購01,0,0,0,0,0,0,0,0,0,57000,0,0,0,57000,0,57000,57000
064475,台積電國泰02購03,0,0,0,0,0,0,0,0,0,57000,0,0,0,98000,41000,57000,57000
064585,中壽永豐9C購01  ,0,0,0,0,0,0,0,0,0,57000,0,0,0,57000,0,57000,57000
064919,嘉晶統一02購02  ,0,0,0,0,0,0,0,0,0,57000,0,0,0,89000,32000,57000,57000
063744,儒鴻國票9C購01  ,0,0,0,0,0,0,0,0,0,57000,0,0,0,57000,0,57000,57000
064094,達新群益9C購01  ,0,0,0,0,0,0,0,0,0,57000,0,0,0,57000,0,57000,57000
064380,超眾元富9C購03  ,0,0,0,0,0,0,0,0,0,57000,0,0,0,118000,61000,57000,57000
065774,旭富國票01購01  ,0,0,0,0,0,0,0,0,0,57000,0,0,0,75000,18000,57000,57000
066122,卜蜂群益03購01  ,0,0,0,0,0,0,0,0,0,57000,0,0,0,57000,0,57000,57000
6142,友勁            ,161000,110000,51000,0,0,0,0,0,0,6000,6000,0,6000,0,0,0,57000
006205,富邦上証        ,1200000,53000,1147000,0,0,0,0,300000,-300000,-790385,20000,180000,-160000,1949615,2580000,-630385,56615
066607,台郡永豐01購01  ,0,0,0,0,0,0,0,0,0,56000,0,0,0,63000,7000,56000,56000
066770,上証2X富邦02購02,0,0,0,0,0,0,0,0,0,56000,0,0,0,210000,154000,56000,56000
08619P,國巨群益9C售21  ,0,0,0,0,0,0,0,0,0,56000,0,0,0,56000,0,56000,56000
08634P,大立光元大9C售26,0,0,0,0,0,0,0,0,0,56000,0,0,0,61000,5000,56000,56000
08228P,華擎國票9C售01  ,0,0,0,0,0,0,0,0,0,56000,0,0,0,233000,177000,56000,56000
058586,鴻海中信01購02  ,0,0,0,0,0,0,0,0,0,56000,0,0,0,69000,13000,56000,56000
057428,正崴兆豐98購01  ,0,0,0,0,0,0,0,0,0,56000,0,0,0,83000,27000,56000,56000
062265,南茂元大9B購01  ,0,0,0,0,0,0,0,0,0,56000,0,0,0,74000,18000,56000,56000
060816,世紀鋼凱基9C購02,0,0,0,0,0,0,0,0,0,56000,0,0,0,66000,10000,56000,56000
063548,同欣電兆豐9B購01,0,0,0,0,0,0,0,0,0,56000,0,0,0,267000,211000,56000,56000
062163,大毅國泰01購01  ,0,0,0,0,0,0,0,0,0,56000,0,0,0,78000,22000,56000,56000
063218,台塑群益9B購01  ,0,0,0,0,0,0,0,0,0,56000,0,0,0,56000,0,56000,56000
059663,旭富元大9C購02  ,0,0,0,0,0,0,0,0,0,56000,0,0,0,58000,2000,56000,56000
062939,奇力新凱基9B購02,0,0,0,0,0,0,0,0,0,56000,0,0,0,56000,0,56000,56000
065812,寶成群益9C購02  ,0,0,0,0,0,0,0,0,0,56000,0,0,0,143000,87000,56000,56000
065524,康控群益01購01  ,0,0,0,0,0,0,0,0,0,56000,0,0,0,70000,14000,56000,56000
065553,聯詠凱基9C購03  ,0,0,0,0,0,0,0,0,0,56000,0,0,0,85000,29000,56000,56000
065372,漢唐元大9C購02  ,0,0,0,0,0,0,0,0,0,56000,0,0,0,161000,105000,56000,56000
065241,南電凱基01購02  ,0,0,0,0,0,0,0,0,0,56000,0,0,0,67000,11000,56000,56000
064238,玉晶光統一01購08,0,0,0,0,0,0,0,0,0,56000,0,0,0,56000,0,56000,56000
064035,GIS元大9C購03   ,0,0,0,0,0,0,0,0,0,56000,0,0,0,86000,30000,56000,56000
064741,南亞科國票01購01,0,0,0,0,0,0,0,0,0,56000,0,0,0,56000,0,56000,56000
064405,美食凱基01購02  ,0,0,0,0,0,0,0,0,0,56000,0,0,0,60000,4000,56000,56000
6226,光鼎            ,147000,93000,54000,0,0,0,0,0,0,2000,2000,0,2000,0,0,0,56000
066700,瑞昱群益01購01  ,0,0,0,0,0,0,0,0,0,55000,0,0,0,85000,30000,55000,55000
066555,聯詠元大01購01  ,0,0,0,0,0,0,0,0,0,55000,0,0,0,105000,50000,55000,55000
066335,潤泰全永豐01購01,0,0,0,0,0,0,0,0,0,55000,0,0,0,55000,0,55000,55000
067284,華新科國票02購01,0,0,0,0,0,0,0,0,0,55000,0,0,0,90000,35000,55000,55000
07086P,力成元富9C售01  ,0,0,0,0,0,0,0,0,0,55000,0,0,0,55000,0,55000,55000
07025P,玉晶光凱基99售01,0,0,0,0,0,0,0,0,0,55000,0,0,0,55000,0,55000,55000
07035P,大立光元富99售04,0,0,0,0,0,0,0,0,0,55000,0,0,0,56000,1000,55000,55000
06827P,臺股指國票98售03,0,0,0,0,0,0,0,0,0,55000,0,0,0,55000,0,55000,55000
058943,元石油群益9C購01,0,0,0,0,0,0,0,0,0,55000,0,0,0,55000,0,55000,55000
059533,富邦金凱基99購01,0,0,0,0,0,0,0,0,0,55000,0,0,0,86000,31000,55000,55000
055525,國巨群益98購05  ,0,0,0,0,0,0,0,0,0,55000,0,0,0,56000,1000,55000,55000
053734,友達中信98購02  ,0,0,0,0,0,0,0,0,0,55000,0,0,0,55000,0,55000,55000
053186,健策中信9C購01  ,0,0,0,0,0,0,0,0,0,55000,0,0,0,55000,0,55000,55000
060386,台勝科凱基9B購01,0,0,0,0,0,0,0,0,0,55000,0,0,0,55000,0,55000,55000
062774,儒鴻元大9C購01  ,0,0,0,0,0,0,0,0,0,55000,0,0,0,87000,32000,55000,55000
060463,台積電元大9A購10,0,0,0,0,0,0,0,0,0,55000,0,0,0,55000,0,55000,55000
063474,康控元大9B購04  ,0,0,0,0,0,0,0,0,0,55000,0,0,0,55000,0,55000,55000
064645,義隆凱基03購01  ,0,0,0,0,0,0,0,0,0,55000,0,0,0,84000,29000,55000,55000
063714,超眾凱基9B購03  ,0,0,0,0,0,0,0,0,0,55000,0,0,0,56000,1000,55000,55000
064331,微星元大9C購03  ,0,0,0,0,0,0,0,0,0,55000,0,0,0,75000,20000,55000,55000
064151,義隆統一01購01  ,0,0,0,0,0,0,0,0,0,55000,0,0,0,55000,0,55000,55000
8341,日友            ,85000,30000,55000,0,0,0,0,0,0,0,0,0,0,0,0,0,55000
8454,富邦媒          ,502000,425515,76485,0,0,0,0,5000,-5000,-17000,1000,18000,-17000,0,0,0,54485
067106,義隆群益01購01  ,0,0,0,0,0,0,0,0,0,54000,0,0,0,54000,0,54000,54000
07363P,大立光元大99售26,0,0,0,0,0,0,0,0,0,54000,0,0,0,71000,17000,54000,54000
08658P,聯發科統一9C售19,0,0,0,0,0,0,0,0,0,54000,0,0,0,95000,41000,54000,54000
00668,國泰美國道瓊    ,2000,2000,0,0,0,0,0,0,0,54000,0,0,0,90000,36000,54000,54000
058522,聯茂元大99購07  ,0,0,0,0,0,0,0,0,0,54000,0,0,0,102000,48000,54000,54000
063401,中租群益9B購03  ,0,0,0,0,0,0,0,0,0,54000,0,0,0,54000,0,54000,54000
063162,國喬永豐9B購01  ,0,0,0,0,0,0,0,0,0,54000,0,0,0,54000,0,54000,54000
063202,南亞科統一9C購02,0,0,0,0,0,0,0,0,0,54000,0,0,0,110000,56000,54000,54000
063131,聯茂元大9B購03  ,0,0,0,0,0,0,0,0,0,54000,0,0,0,54000,0,54000,54000
059879,GIS凱基99購03   ,0,0,0,0,0,0,0,0,0,54000,0,0,0,54000,0,54000,54000
062794,鴻海統一9C購15  ,0,0,0,0,0,0,0,0,0,54000,0,0,0,164000,110000,54000,54000
063826,中興電國票01購01,0,0,0,0,0,0,0,0,0,54000,0,0,0,55000,1000,54000,54000
064403,正崴凱基01購01  ,0,0,0,0,0,0,0,0,0,54000,0,0,0,231000,177000,54000,54000
064888,景碩中信9C購01  ,100000,0,100000,0,0,0,0,0,0,-46000,0,0,0,102000,148000,-46000,54000
065231,宏達電凱基01購01,0,0,0,0,0,0,0,0,0,54000,0,0,0,55000,1000,54000,54000
065292,緯創群益9C購01  ,0,0,0,0,0,0,0,0,0,54000,0,0,0,61000,7000,54000,54000
065668,南亞科凱基9C購02,0,0,0,0,0,0,0,0,0,54000,0,0,0,54000,0,54000,54000
065983,亞德客國泰03購01,0,0,0,0,0,0,0,0,0,54000,0,0,0,96000,42000,54000,54000
1712,興農            ,68000,14000,54000,0,0,0,0,0,0,0,0,0,0,0,0,0,54000
07931P,國巨元大9B售03  ,0,0,0,0,0,0,0,0,0,53000,0,0,0,53000,0,53000,53000
08169P,台光電群益9B售04,0,0,0,0,0,0,0,0,0,53000,0,0,0,68000,15000,53000,53000
066560,聯鈞元大01購04  ,0,0,0,0,0,0,0,0,0,53000,0,0,0,63000,10000,53000,53000
053827,漢唐麥證9A購01  ,0,0,0,61000,0,61000,0,0,0,53000,0,0,0,61000,8000,53000,53000
052152,創意富邦98購01  ,0,0,0,0,0,0,0,0,0,53000,0,0,0,73000,20000,53000,53000
056663,臺股指元大9A購10,0,0,0,0,0,0,0,0,0,53000,0,0,0,113000,60000,53000,53000
058749,康控凱基99購03  ,0,0,0,0,0,0,0,0,0,53000,0,0,0,54000,1000,53000,53000
062679,技嘉統一01購01  ,0,0,0,0,0,0,0,0,0,53000,0,0,0,65000,12000,53000,53000
061528,超眾凱基9A購04  ,0,0,0,0,0,0,0,0,0,53000,0,0,0,53000,0,53000,53000
061680,崇越元大9A購01  ,0,0,0,0,0,0,0,0,0,53000,0,0,0,93000,40000,53000,53000
059957,中信金康和99購01,0,0,0,0,0,0,0,0,0,53000,0,0,0,53000,0,53000,53000
064428,裕隆凱基02購01  ,0,0,0,0,0,0,0,0,0,53000,0,0,0,53000,0,53000,53000
064486,聚陽元大9C購01  ,0,0,0,0,0,0,0,0,0,53000,0,0,0,53000,0,53000,53000
064497,可成元大01購02  ,0,0,0,0,0,0,0,0,0,53000,0,0,0,63000,10000,53000,53000
064658,喬山元大9C購01  ,0,0,0,0,0,0,0,0,0,53000,0,0,0,120000,67000,53000,53000
06371P,茂林國票98售04  ,0,0,0,0,0,0,0,0,0,53000,0,0,0,64000,11000,53000,53000
063933,TPK統一01購01   ,0,0,0,0,0,0,0,0,0,53000,0,0,0,100000,47000,53000,53000
064209,燿華凱基01購01  ,0,0,0,0,0,0,0,0,0,53000,0,0,0,53000,0,53000,53000
2331,精英            ,611000,532000,79000,0,0,0,0,0,0,-26000,28000,54000,-26000,0,0,0,53000
066608,國巨麥證01購03  ,0,0,0,72000,20000,52000,0,0,0,52000,0,0,0,72000,20000,52000,52000
08259P,華新科元大9C售04,0,0,0,0,0,0,0,0,0,52000,0,0,0,104000,52000,52000,52000
07428P,華新科國票9A售01,0,0,0,0,0,0,0,0,0,52000,0,0,0,52000,0,52000,52000
08741P,國巨凱基01售05  ,0,0,0,0,0,0,0,0,0,52000,0,0,0,60000,8000,52000,52000
08527P,大立光元大01售06,0,0,0,0,0,0,0,0,0,52000,0,0,0,66000,14000,52000,52000
062324,上銀統一9B購04  ,0,0,0,0,0,0,0,0,0,52000,0,0,0,52000,0,52000,52000
060959,金像電凱基9A購01,0,0,0,0,0,0,0,0,0,52000,0,0,0,193000,141000,52000,52000
061645,超眾元大9A購06  ,0,0,0,0,0,0,0,0,0,52000,0,0,0,187000,135000,52000,52000
061480,泰碩元大9B購01  ,0,0,0,0,0,0,0,0,0,52000,0,0,0,82000,30000,52000,52000
063486,聚陽國泰9C購01  ,0,0,0,0,0,0,0,0,0,52000,0,0,0,52000,0,52000,52000
062658,聯茂第一9B購01  ,0,0,0,0,0,0,0,0,0,52000,0,0,0,52000,0,52000,52000
060189,宏達電元富9B購03,0,0,0,0,0,0,0,0,0,52000,0,0,0,55000,3000,52000,52000
064078,台積電中信06購04,0,0,0,0,0,0,0,0,0,52000,0,0,0,163000,111000,52000,52000
066134,強茂群益01購01  ,0,0,0,0,0,0,0,0,0,52000,0,0,0,52000,0,52000,52000
065844,南亞科元大9C購09,0,0,0,0,0,0,0,0,0,52000,0,0,0,66000,14000,52000,52000
065552,聯發科凱基9C購12,0,0,0,0,0,0,0,0,0,52000,0,0,0,89000,37000,52000,52000
065269,貿聯元大9C購05  ,0,0,0,0,0,0,0,0,0,52000,0,0,0,125000,73000,52000,52000
2006,東和鋼鐵        ,229000,388000,-159000,0,0,0,200000,4000,196000,15000,15000,0,15000,0,0,0,52000
3653,健策            ,450000,200000,250000,0,0,0,0,148000,-148000,-50000,11000,45000,-34000,6000,22000,-16000,52000
066587,台船群益01購01  ,0,0,0,0,0,0,0,0,0,51000,0,0,0,61000,10000,51000,51000
066544,鴻海元大01購08  ,0,0,0,0,0,0,0,0,0,51000,0,0,0,81000,30000,51000,51000
066305,華夏永豐01購01  ,0,0,0,0,0,0,0,0,0,51000,0,0,0,100000,49000,51000,51000
067151,聯發科統一02購06,0,0,0,0,0,0,0,0,0,51000,0,0,0,53000,2000,51000,51000
06876P,台灣50兆豐9B售01,0,0,0,0,0,0,0,0,0,51000,0,0,0,51000,0,51000,51000
062297,億豐永豐9B購01  ,0,0,0,0,0,0,0,0,0,51000,0,0,0,66000,15000,51000,51000
062487,中興電永豐9B購01,0,0,0,0,0,0,0,0,0,51000,0,0,0,51000,0,51000,51000
058200,世芯康和99購01  ,0,0,0,0,0,0,0,0,0,51000,0,0,0,51000,0,51000,51000
057331,台積電國票99購04,0,0,0,0,0,0,0,0,0,51000,0,0,0,98000,47000,51000,51000
059127,國巨中信99購04  ,0,0,0,0,0,0,0,0,0,51000,0,0,0,81000,30000,51000,51000
059435,大立光元大99購17,0,0,0,0,0,0,0,0,0,51000,0,0,0,51000,0,51000,51000
052313,聯電元大98購01  ,0,0,0,0,0,0,0,0,0,51000,0,0,0,59000,8000,51000,51000
00673R,元大S&P原油反1  ,5000,5000,0,0,0,0,0,0,0,51000,0,0,0,63000,12000,51000,51000
056191,世紀鋼統一97購01,0,0,0,0,0,0,0,0,0,51000,0,0,0,51000,0,51000,51000
061243,麗豐兆豐9A購01  ,0,0,0,0,0,0,0,0,0,51000,0,0,0,51000,0,51000,51000
063446,台光電統一01購02,0,0,0,0,0,0,0,0,0,51000,0,0,0,56000,5000,51000,51000
061660,禾伸堂永豐9A購01,0,0,0,0,0,0,0,0,0,51000,0,0,0,232000,181000,51000,51000
059926,世紀鋼國泰9B購01,0,0,0,0,0,0,0,0,0,51000,0,0,0,71000,20000,51000,51000
065293,玉晶光群益01購07,0,0,0,0,0,0,0,0,0,51000,0,0,0,75000,24000,51000,51000
065339,旺宏統一01購08  ,0,0,0,0,0,0,0,0,0,51000,0,0,0,51000,0,51000,51000
065672,嘉晶凱基01購01  ,0,0,0,0,0,0,0,0,0,51000,0,0,0,186000,135000,51000,51000
065921,GIS凱基01購02   ,0,0,0,0,0,0,0,0,0,51000,0,0,0,118000,67000,51000,51000
066102,國揚國票02購01  ,0,0,0,0,0,0,0,0,0,51000,0,0,0,80000,29000,51000,51000
063909,旺宏凱基02購01  ,0,0,0,0,0,0,0,0,0,51000,0,0,0,91000,40000,51000,51000
063807,超眾兆豐01購01  ,0,0,0,0,0,0,0,0,0,51000,0,0,0,51000,0,51000,51000
064754,漢唐凱基02購01  ,0,0,0,0,0,0,0,0,0,51000,0,0,0,81000,30000,51000,51000
3563,牧德            ,174000,88000,86000,0,0,0,0,38000,-38000,3000,0,0,0,24000,21000,3000,51000
4119,旭富            ,469000,252000,217000,0,0,0,0,0,0,-166000,0,12000,-12000,15000,169000,-154000,51000
07195P,大立光元大99售12,0,0,0,0,0,0,0,0,0,50000,0,0,0,50000,0,50000,50000
06782P,大立光元大99售07,0,0,0,0,0,0,0,0,0,50000,0,0,0,50000,0,50000,50000
067050,京鼎凱基03購01  ,0,0,0,0,0,0,0,0,0,50000,0,0,0,50000,0,50000,50000
066640,達麗凱基01購01  ,0,0,0,0,0,0,0,0,0,50000,0,0,0,100000,50000,50000,50000
066740,揚明光元大01購02,0,0,0,0,0,0,0,0,0,50000,0,0,0,50000,0,50000,50000
08743P,群創凱基01售04  ,0,0,0,0,0,0,0,0,0,50000,0,0,0,50000,0,50000,50000
08580P,臺股指元大9C售28,0,0,0,0,0,0,0,0,0,50000,0,0,0,50000,0,50000,50000
08821P,旺宏凱基01售01  ,0,0,0,0,0,0,0,0,0,50000,0,0,0,100000,50000,50000,50000
07578P,高鐵元大9A售02  ,0,0,0,0,0,0,0,0,0,50000,0,0,0,50000,0,50000,50000
07456P,華新科元大9A售06,0,0,0,0,0,0,0,0,0,50000,0,0,0,50000,0,50000,50000
07523P,台積電中信9C售05,0,0,0,0,0,0,0,0,0,50000,0,0,0,50000,0,50000,50000
07906P,中租群益9B售02  ,0,0,0,0,0,0,0,0,0,50000,0,0,0,60000,10000,50000,50000
07647P,健策國票9A售04  ,0,0,0,0,0,0,0,0,0,50000,0,0,0,50000,0,50000,50000
08347P,大立光元大9C售16,0,0,0,0,0,0,0,0,0,50000,0,0,0,50000,0,50000,50000
08278P,玉晶光元富9C售02,0,0,0,0,0,0,0,0,0,50000,0,0,0,410000,360000,50000,50000
08134P,臺股指元大9B售40,0,0,0,0,0,0,0,0,0,50000,0,0,0,80000,30000,50000,50000
056144,GIS元大98購01   ,0,0,0,0,0,0,0,0,0,50000,0,0,0,50000,0,50000,50000
056119,欣興群益97購02  ,0,0,0,0,0,0,0,0,0,50000,0,0,0,150000,100000,50000,50000
055201,興勤群益98購01  ,0,0,0,0,0,0,0,0,0,50000,0,0,0,50000,0,50000,50000
056515,燿華兆豐99購01  ,0,0,0,0,0,0,0,0,0,50000,0,0,0,50000,0,50000,50000
058981,國巨凱基99購10  ,0,0,0,0,0,0,0,0,0,50000,0,0,0,60000,10000,50000,50000
059051,和大凱基9A購01  ,0,0,0,0,0,0,0,0,0,50000,0,0,0,50000,0,50000,50000
057659,台表科兆豐98購01,0,0,0,0,0,0,0,0,0,50000,0,0,0,50000,0,50000,50000
054080,微星中信98購01  ,0,0,0,0,0,0,0,0,0,50000,0,0,0,50000,0,50000,50000
054040,中石化元大9C購01,0,0,0,0,0,0,0,0,0,50000,0,0,0,50000,0,50000,50000
046999,康控富邦99購01  ,0,0,0,0,0,0,0,0,0,50000,0,0,0,50000,0,50000,50000
059063,康控凱基99購04  ,0,0,0,0,0,0,0,0,0,50000,0,0,0,51000,1000,50000,50000
057292,國巨國泰9B購01  ,0,0,0,0,0,0,0,0,0,50000,0,0,0,60000,10000,50000,50000
057912,美律日盛99購01  ,0,0,0,0,0,0,0,0,0,50000,0,0,0,60000,10000,50000,50000
057625,泰鼎國泰9A購01  ,0,0,0,0,0,0,0,0,0,50000,0,0,0,50000,0,50000,50000
058733,同欣電永豐99購02,0,0,0,0,0,0,0,0,0,50000,0,0,0,311000,261000,50000,50000
058015,旺宏凱基99購02  ,0,0,0,0,0,0,0,0,0,50000,0,0,0,95000,45000,50000,50000
058421,國泰金麥證01購01,0,0,0,76000,26000,50000,0,0,0,50000,0,0,0,76000,26000,50000,50000
058813,旺宏統一9B購04  ,0,0,0,0,0,0,0,0,0,50000,0,0,0,50000,0,50000,50000
062481,同欣電國票9B購01,0,0,0,0,0,0,0,0,0,50000,0,0,0,110000,60000,50000,50000
058795,可成元大99購03  ,0,0,0,0,0,0,0,0,0,50000,0,0,0,50000,0,50000,50000
062189,康控元大9B購02  ,0,0,0,0,0,0,0,0,0,50000,0,0,0,66000,16000,50000,50000
062565,漢唐中信9C購01  ,0,0,0,0,0,0,0,0,0,50000,0,0,0,60000,10000,50000,50000
062288,南六群益9B購01  ,0,0,0,0,0,0,0,0,0,50000,0,0,0,51000,1000,50000,50000
062304,臺指反凱基9B購01,0,0,0,0,0,0,0,0,0,50000,0,0,0,50000,0,50000,50000
062233,神隆凱基9B購01  ,0,0,0,0,0,0,0,0,0,50000,0,0,0,50000,0,50000,50000
060979,國巨元大9A購14  ,0,0,0,0,0,0,0,0,0,50000,0,0,0,50000,0,50000,50000
063670,美食統一9C購01  ,0,0,0,0,0,0,0,0,0,50000,0,0,0,50000,0,50000,50000
061571,奇力新元大9A購03,0,0,0,0,0,0,0,0,0,50000,0,0,0,50000,0,50000,50000
061908,台積電中信05購01,0,0,0,0,0,0,0,0,0,50000,0,0,0,62000,12000,50000,50000
061918,上銀凱基9B購02  ,0,0,0,0,0,0,0,0,0,50000,0,0,0,50000,0,50000,50000
063379,帆宣永豐9B購01  ,0,0,0,0,0,0,0,0,0,50000,0,0,0,118000,68000,50000,50000
059594,奇力新元大9B購01,0,0,0,0,0,0,0,0,0,50000,0,0,0,50000,0,50000,50000
063185,聯發科凱基9C購03,0,0,0,0,0,0,0,0,0,50000,0,0,0,66000,16000,50000,50000
061407,鴻海國票9A購07  ,0,0,0,0,0,0,0,0,0,50000,0,0,0,70000,20000,50000,50000
060333,金寶康和9A購01  ,0,0,0,0,0,0,0,0,0,50000,0,0,0,50000,0,50000,50000
062780,旺宏元大01購01  ,0,0,0,0,0,0,0,0,0,50000,0,0,0,100000,50000,50000,50000
062769,臺股指凱基9B購13,0,0,0,0,0,0,0,0,0,50000,0,0,0,50000,0,50000,50000
062877,可成兆豐9C購01  ,0,0,0,0,0,0,0,0,0,50000,0,0,0,50000,0,50000,50000
062915,嘉澤元大9B購03  ,0,0,0,0,0,0,0,0,0,50000,0,0,0,100000,50000,50000,50000
064949,南亞科凱基9C購01,0,0,0,0,0,0,0,0,0,50000,0,0,0,50000,0,50000,50000
064974,燿華元大9C購03  ,0,0,0,0,0,0,0,0,0,50000,0,0,0,50000,0,50000,50000
064702,百和群益01購01  ,0,0,0,0,0,0,0,0,0,50000,0,0,0,50000,0,50000,50000
064641,神隆凱基9C購01  ,0,0,0,0,0,0,0,0,0,50000,0,0,0,50000,0,50000,50000
064517,國巨群益02購01  ,0,0,0,0,0,0,0,0,0,50000,0,0,0,110000,60000,50000,50000
064505,康控元大9C購01  ,0,0,0,0,0,0,0,0,0,50000,0,0,0,51000,1000,50000,50000
063794,亞德客凱基9C購01,0,0,0,0,0,0,0,0,0,50000,0,0,0,50000,0,50000,50000
063895,新光金群益01購01,0,0,0,0,0,0,0,0,0,50000,0,0,0,90000,40000,50000,50000
064001,華通凱基02購01  ,0,0,0,0,0,0,0,0,0,50000,0,0,0,50000,0,50000,50000
064184,矽格富邦02購01  ,0,0,0,0,0,0,0,0,0,50000,0,0,0,50000,0,50000,50000
064328,華通元大9C購04  ,0,0,0,0,0,0,0,0,0,50000,0,0,0,50000,0,50000,50000
066073,奇鋐凱基01購01  ,0,0,0,0,0,0,0,0,0,50000,0,0,0,74000,24000,50000,50000
066182,康控凱基01購01  ,0,0,0,0,0,0,0,0,0,50000,0,0,0,119000,69000,50000,50000
066187,瑞祺凱基01購01  ,0,0,0,0,0,0,0,0,0,50000,0,0,0,80000,30000,50000,50000
066268,宏達電元大01購02,0,0,0,0,0,0,0,0,0,50000,0,0,0,51000,1000,50000,50000
065629,台積電國票01購04,0,0,0,0,0,0,0,0,0,50000,0,0,0,50000,0,50000,50000
065533,台光電統一02購03,0,0,0,0,0,0,0,0,0,50000,0,0,0,105000,55000,50000,50000
065391,和大群益01購03  ,0,0,0,0,0,0,0,0,0,50000,0,0,0,50000,0,50000,50000
065407,世紀鋼富邦01購01,0,0,0,0,0,0,0,0,0,50000,0,0,0,50000,0,50000,50000
065298,健策統一9C購06  ,0,0,0,0,0,0,0,0,0,50000,0,0,0,50000,0,50000,50000
065224,和大凱基02購02  ,0,0,0,0,0,0,0,0,0,50000,0,0,0,50000,0,50000,50000
065047,群創凱基9C購01  ,0,0,0,0,0,0,0,0,0,50000,0,0,0,60000,10000,50000,50000
065160,聯茂群益9C購02  ,0,0,0,0,0,0,0,0,0,50000,0,0,0,148000,98000,50000,50000
08118P,嘉澤元富9B售02  ,0,0,0,0,0,0,0,0,0,49000,0,0,0,76000,27000,49000,49000
066739,揚明光元大01購01,0,0,0,0,0,0,0,0,0,49000,0,0,0,50000,1000,49000,49000
066707,揚明光群益01購02,0,0,0,0,0,0,0,0,0,49000,0,0,0,54000,5000,49000,49000
06853P,華擎元富98售03  ,0,0,0,0,0,0,0,0,0,49000,0,0,0,50000,1000,49000,49000
062282,禾伸堂群益9B購01,0,0,0,0,0,0,0,0,0,49000,0,0,0,98000,49000,49000,49000
058014,上銀凱基99購02  ,0,0,0,0,0,0,0,0,0,49000,0,0,0,49000,0,49000,49000
057364,國巨元大98購18  ,0,0,0,0,0,0,0,0,0,49000,0,0,0,49000,0,49000,49000
057346,鴻海統一98購13  ,0,0,0,0,0,0,0,0,0,49000,0,0,0,73000,24000,49000,49000
054308,嘉晶凱基98購01  ,0,0,0,0,0,0,0,0,0,49000,0,0,0,79000,30000,49000,49000
06321P,台積電統一98售03,0,0,0,0,0,0,0,0,0,49000,0,0,0,49000,0,49000,49000
062136,南亞科群益9B購01,0,0,0,0,0,0,0,0,0,49000,0,0,0,51000,2000,49000,49000
061822,和潤群益9B購01  ,0,0,0,0,0,0,0,0,0,49000,0,0,0,49000,0,49000,49000
063684,上銀永豐9B購02  ,0,0,0,0,0,0,0,0,0,49000,0,0,0,49000,0,49000,49000
063584,南六國泰01購01  ,0,0,0,0,0,0,0,0,0,49000,0,0,0,73000,24000,49000,49000
063547,大立光兆豐9B購04,0,0,0,0,0,0,0,0,0,49000,0,0,0,50000,1000,49000,49000
061041,南電永豐9A購03  ,0,0,0,0,0,0,0,0,0,49000,0,0,0,55000,6000,49000,49000
065304,台勝科元富03購01,0,0,0,0,0,0,0,0,0,49000,0,0,0,50000,1000,49000,49000
066217,美利達統一03購01,0,0,0,0,0,0,0,0,0,49000,0,0,0,50000,1000,49000,49000
064021,國巨元大9C購15  ,0,0,0,0,0,0,0,0,0,49000,0,0,0,150000,101000,49000,49000
064397,旭富永豐9C購01  ,0,0,0,0,0,0,0,0,0,49000,0,0,0,49000,0,49000,49000
4943,康控-KY         ,475000,347391,127609,0,0,0,0,0,0,-79000,10000,0,10000,10000,99000,-89000,48609
06878P,台灣50日盛9B售01,0,0,0,0,0,0,0,0,0,48000,0,0,0,51000,3000,48000,48000
066742,健策元大02購03  ,0,0,0,0,0,0,0,0,0,48000,0,0,0,68000,20000,48000,48000
066900,和潤康和07購01  ,0,0,0,0,0,0,0,0,0,48000,0,0,0,68000,20000,48000,48000
066434,台虹元大01購01  ,0,0,0,0,0,0,0,0,0,48000,0,0,0,191000,143000,48000,48000
08441P,同欣電元富9C售01,0,0,0,0,0,0,0,0,0,48000,0,0,0,156000,108000,48000,48000
059003,中壽元大99購01  ,0,0,0,0,0,0,0,0,0,48000,0,0,0,48000,0,48000,48000
057924,健策凱基98購02  ,0,0,0,0,0,0,0,0,0,48000,0,0,0,51000,3000,48000,48000
062306,華通凱基9B購01  ,0,0,0,0,0,0,0,0,0,48000,0,0,0,48000,0,48000,48000
061741,新光金凱基9B購01,0,0,0,0,0,0,0,0,0,48000,0,0,0,50000,2000,48000,48000
062834,立積群益9B購02  ,0,0,0,0,0,0,0,0,0,48000,0,0,0,93000,45000,48000,48000
064625,健策元大01購02  ,0,0,0,0,0,0,0,0,0,48000,0,0,0,63000,15000,48000,48000
064994,南電兆豐01購01  ,0,0,0,0,0,0,0,0,0,48000,0,0,0,56000,8000,48000,48000
064319,南電群益9C購01  ,0,0,0,0,0,0,0,0,0,48000,0,0,0,52000,4000,48000,48000
064174,致新元富9C購02  ,0,0,0,0,0,0,0,0,0,48000,0,0,0,250000,202000,48000,48000
064190,新光金第一9C購01,0,0,0,0,0,0,0,0,0,48000,0,0,0,48000,0,48000,48000
065811,億豐群益9C購01  ,0,0,0,0,0,0,0,0,0,48000,0,0,0,48000,0,48000,48000
065745,裕隆元大9C購03  ,0,0,0,0,0,0,0,0,0,48000,0,0,0,48000,0,48000,48000
06533P,上証2X中信9B售01,0,0,0,0,0,0,0,0,0,48000,0,0,0,49000,1000,48000,48000
065255,上銀元大01購01  ,0,0,0,0,0,0,0,0,0,48000,0,0,0,89000,41000,48000,48000
065138,上銀凱基02購01  ,0,0,0,0,0,0,0,0,0,48000,0,0,0,70000,22000,48000,48000
065171,燿華元大9C購04  ,0,0,0,0,0,0,0,0,0,48000,0,0,0,125000,77000,48000,48000
4766,南寶            ,79000,31000,48000,0,0,0,0,0,0,0,0,0,0,0,0,0,48000
08154P,上銀元富9B售04  ,0,0,0,0,0,0,0,0,0,47000,0,0,0,60000,13000,47000,47000
067233,微星群益02購02  ,0,0,0,0,0,0,0,0,0,47000,0,0,0,52000,5000,47000,47000
062327,燿華統一9B購02  ,0,0,0,0,0,0,0,0,0,47000,0,0,0,47000,0,47000,47000
057792,群創統一99購01  ,0,0,0,0,0,0,0,0,0,47000,0,0,0,65000,18000,47000,47000
058878,旭富國泰9B購01  ,0,0,0,0,0,0,0,0,0,47000,0,0,0,57000,10000,47000,47000
059037,宏達電群益99購02,0,0,0,0,0,0,0,0,0,47000,0,0,0,57000,10000,47000,47000
055688,力成凱基98購02  ,0,0,0,0,0,0,0,0,0,47000,0,0,0,47000,0,47000,47000
056585,台積電統一9A購01,0,0,0,0,0,0,0,0,0,47000,0,0,0,103000,56000,47000,47000
06242P,大立光元富9A售02,0,0,0,0,0,0,0,0,0,47000,0,0,0,47000,0,47000,47000
062432,上銀元大9B購04  ,0,0,0,0,0,0,0,0,0,47000,0,0,0,47000,0,47000,47000
063423,聯詠凱基9C購02  ,0,0,0,0,0,0,0,0,0,47000,0,0,0,57000,10000,47000,47000
061521,亞光兆豐9A購02  ,0,0,0,0,0,0,0,0,0,47000,0,0,0,232000,185000,47000,47000
065602,聯發科元大9C購15,0,0,0,0,0,0,0,0,0,47000,0,0,0,55000,8000,47000,47000
065861,台汽電元大9C購01,0,0,0,0,0,0,0,0,0,47000,0,0,0,63000,16000,47000,47000
064280,大立光元大9C購11,0,0,0,0,0,0,0,0,0,47000,0,0,0,47000,0,47000,47000
064061,GIS麥證01購01   ,0,0,0,136000,89000,47000,0,0,0,47000,0,0,0,136000,89000,47000,47000
066299,潤泰新元大01購01,0,0,0,0,0,0,0,0,0,47000,0,0,0,50000,3000,47000,47000
2897,王道銀行        ,213000,157000,56000,0,0,0,0,9000,-9000,0,0,0,0,0,0,0,47000
067162,康控國票02購01  ,0,0,0,0,0,0,0,0,0,46000,0,0,0,46000,0,46000,46000
066492,台郡元富01購01  ,0,0,0,0,0,0,0,0,0,46000,0,0,0,46000,0,46000,46000
08287P,茂林凱基9C售02  ,0,0,0,0,0,0,0,0,0,46000,0,0,0,88000,42000,46000,46000
08328P,國巨國票9C售07  ,0,0,0,0,0,0,0,0,0,46000,0,0,0,71000,25000,46000,46000
08512P,玉晶光永豐9C售06,0,0,0,0,0,0,0,0,0,46000,0,0,0,49000,3000,46000,46000
058794,旺宏元大99購09  ,0,0,0,0,0,0,0,0,0,46000,0,0,0,230000,184000,46000,46000
063390,嘉晶兆豐9B購01  ,0,0,0,0,0,0,0,0,0,46000,0,0,0,166000,120000,46000,46000
063674,力山國泰01購02  ,0,0,0,0,0,0,0,0,0,46000,0,0,0,56000,10000,46000,46000
062879,美食兆豐9B購01  ,0,0,0,0,0,0,0,0,0,46000,0,0,0,46000,0,46000,46000
062762,聯詠凱基9B購02  ,0,0,0,0,0,0,0,0,0,46000,0,0,0,46000,0,46000,46000
060122,亞德客永豐99購02,0,0,0,0,0,0,0,0,0,46000,0,0,0,51000,5000,46000,46000
064060,同欣電麥證01購01,0,0,0,46000,0,46000,0,0,0,46000,0,0,0,46000,0,46000,46000
063846,智邦元大9C購01  ,0,0,0,0,0,0,0,0,0,46000,0,0,0,82000,36000,46000,46000
064243,TPK統一02購02   ,0,0,0,0,0,0,0,0,0,46000,0,0,0,58000,12000,46000,46000
065729,聯詠凱基9C購04  ,0,0,0,0,0,0,0,0,0,46000,0,0,0,112000,66000,46000,46000
065394,英業達群益9C購01,0,0,0,0,0,0,0,0,0,46000,0,0,0,56000,10000,46000,46000
910861,神州-DR         ,46000,0,46000,0,0,0,0,0,0,0,0,0,0,0,0,0,46000
08647P,鴻海凱基9C售06  ,0,0,0,0,0,0,0,0,0,45000,0,0,0,97000,52000,45000,45000
08618P,國巨群益9C售20  ,0,0,0,0,0,0,0,0,0,45000,0,0,0,45000,0,45000,45000
08775P,台灣50群益01售05,0,0,0,0,0,0,0,0,0,45000,0,0,0,55000,10000,45000,45000
08260P,大立光元大9C售08,0,0,0,0,0,0,0,0,0,45000,0,0,0,45000,0,45000,45000
07319P,台積電凱基01售02,0,0,0,0,0,0,0,0,0,45000,0,0,0,155000,110000,45000,45000
066731,瑞昱元大01購01  ,0,0,0,0,0,0,0,0,0,45000,0,0,0,87000,42000,45000,45000
062577,泰鼎群益9B購01  ,0,0,0,0,0,0,0,0,0,45000,0,0,0,50000,5000,45000,45000
062575,景碩群益9B購01  ,0,0,0,0,0,0,0,0,0,45000,0,0,0,55000,10000,45000,45000
062345,和大群益9B購01  ,0,0,0,0,0,0,0,0,0,45000,0,0,0,45000,0,45000,45000
058398,中環元大99購02  ,0,0,0,0,0,0,0,0,0,45000,0,0,0,70000,25000,45000,45000
05781P,臺股指統一99售02,0,0,0,0,0,0,0,0,0,45000,0,0,0,45000,0,45000,45000
059128,友達中信99購02  ,0,0,0,0,0,0,0,0,0,45000,0,0,0,45000,0,45000,45000
059294,宏達電元富9B購02,0,0,0,0,0,0,0,0,0,45000,0,0,0,55000,10000,45000,45000
057501,超眾群益98購04  ,0,0,0,0,0,0,0,0,0,45000,0,0,0,45000,0,45000,45000
057502,訊芯群益98購02  ,0,0,0,0,0,0,0,0,0,45000,0,0,0,45000,0,45000,45000
057564,台積電富邦9B購03,0,0,0,0,0,0,0,0,0,45000,0,0,0,45000,0,45000,45000
057227,台積電凱基98購15,0,0,0,0,0,0,0,0,0,45000,0,0,0,45000,0,45000,45000
056603,嘉聯益國泰9A購01,0,0,0,0,0,0,0,0,0,45000,0,0,0,45000,0,45000,45000
056794,上銀麥證98購01  ,0,0,0,45000,0,45000,0,0,0,45000,0,0,0,45000,0,45000,45000
054156,聯電亞東98購01  ,0,0,0,0,0,0,0,0,0,45000,0,0,0,50000,5000,45000,45000
00709,富邦歐洲        ,0,0,0,0,0,0,0,0,0,45000,0,0,0,105000,60000,45000,45000
058591,台灣50統一9B購02,0,0,0,0,0,0,0,0,0,45000,0,0,0,45000,0,45000,45000
056911,緯穎元大99購01  ,0,0,0,0,0,0,0,0,0,45000,0,0,0,45000,0,45000,45000
056954,聯詠富邦9A購01  ,0,0,0,0,0,0,0,0,0,45000,0,0,0,45000,0,45000,45000
060208,卜蜂康和9A購01  ,0,0,0,0,0,0,0,0,0,45000,0,0,0,45000,0,45000,45000
062642,帆宣國票9B購01  ,0,0,0,0,0,0,0,0,0,45000,0,0,0,59000,14000,45000,45000
062637,智易國票9B購01  ,0,0,0,0,0,0,0,0,0,45000,0,0,0,106000,61000,45000,45000
063479,南六元大9B購06  ,0,0,0,0,0,0,0,0,0,45000,0,0,0,45000,0,45000,45000
063050,葡萄王統一01購01,0,0,0,0,0,0,0,0,0,45000,0,0,0,45000,0,45000,45000
060965,中租凱基9B購01  ,0,0,0,0,0,0,0,0,0,45000,0,0,0,70000,25000,45000,45000
065395,致茂群益01購01  ,0,0,0,0,0,0,0,0,0,45000,0,0,0,100000,55000,45000,45000
065228,南亞科凱基01購03,0,0,0,0,0,0,0,0,0,45000,0,0,0,50000,5000,45000,45000
065700,京元電群益9C購01,0,0,0,0,0,0,0,0,0,45000,0,0,0,153000,108000,45000,45000
065932,世紀鋼國票02購01,0,0,0,0,0,0,0,0,0,45000,0,0,0,45000,0,45000,45000
064232,鴻海統一01購04  ,0,0,0,0,0,0,0,0,0,45000,0,0,0,54000,9000,45000,45000
064080,宏達電中信06購01,0,0,0,0,0,0,0,0,0,45000,0,0,0,55000,10000,45000,45000
063802,南茂凱基9C購01  ,0,0,0,0,0,0,0,0,0,45000,0,0,0,73000,28000,45000,45000
063727,鴻海元大9C購05  ,0,0,0,0,0,0,0,0,0,45000,0,0,0,45000,0,45000,45000
064063,健策國泰01購02  ,0,0,0,0,0,0,0,0,0,45000,0,0,0,45000,0,45000,45000
063966,大毅國票01購01  ,0,0,0,0,0,0,0,0,0,45000,0,0,0,45000,0,45000,45000
064887,嘉晶中信9C購02  ,0,0,0,0,0,0,0,0,0,45000,0,0,0,60000,15000,45000,45000
064864,金像電永豐01購01,0,0,0,0,0,0,0,0,0,45000,0,0,0,73000,28000,45000,45000
064648,臻鼎凱基9C購02  ,0,0,0,0,0,0,0,0,0,45000,0,0,0,95000,50000,45000,45000
064500,國泰金元大9C購01,0,0,0,0,0,0,0,0,0,45000,0,0,0,50000,5000,45000,45000
066690,瑞昱台新01購01  ,0,0,0,0,0,0,0,0,0,44000,0,0,0,88000,44000,44000,44000
066550,國泰金元大01購01,0,0,0,0,0,0,0,0,0,44000,0,0,0,44000,0,44000,44000
07616P,瑞昱中信02售01  ,0,0,0,0,0,0,0,0,0,44000,0,0,0,50000,6000,44000,44000
07782P,寶成凱基9A售02  ,0,0,0,0,0,0,0,0,0,44000,0,0,0,64000,20000,44000,44000
07756P,台灣50國票04售01,0,0,0,0,0,0,0,0,0,44000,0,0,0,99000,55000,44000,44000
08176P,國巨元大9B售20  ,0,0,0,0,0,0,0,0,0,44000,0,0,0,50000,6000,44000,44000
08808P,台灣50群益01售06,0,0,0,0,0,0,0,0,0,44000,0,0,0,48000,4000,44000,44000
08719P,華通元大01售04  ,0,0,0,0,0,0,0,0,0,44000,0,0,0,120000,76000,44000,44000
00665L,富邦恒生國企正2 ,31000,31000,0,0,0,0,0,0,0,44000,0,0,0,98000,54000,44000,44000
060943,宏達電國票9B購02,0,0,0,0,0,0,0,0,0,44000,0,0,0,46000,2000,44000,44000
061579,京鼎元大9A購02  ,0,0,0,0,0,0,0,0,0,44000,0,0,0,44000,0,44000,44000
061892,亞德客永豐9B購01,0,0,0,0,0,0,0,0,0,44000,0,0,0,48000,4000,44000,44000
062744,超眾國泰9C購01  ,0,0,0,0,0,0,0,0,0,44000,0,0,0,44000,0,44000,44000
060170,世紀鋼永豐9A購01,0,0,0,0,0,0,0,0,0,44000,0,0,0,44000,0,44000,44000
059840,鴻海富邦9A購02  ,0,0,0,0,0,0,0,0,0,44000,0,0,0,44000,0,44000,44000
063181,聚陽凱基9B購01  ,0,0,0,0,0,0,0,0,0,44000,0,0,0,44000,0,44000,44000
062054,鴻海統一9C購06  ,0,0,0,0,0,0,0,0,0,44000,0,0,0,44000,0,44000,44000
061418,世紀鋼群益9A購02,0,0,0,0,0,0,0,0,0,44000,0,0,0,118000,74000,44000,44000
064427,喬山凱基01購01  ,0,0,0,0,0,0,0,0,0,44000,0,0,0,96000,52000,44000,44000
064671,聯茂元大9C購02  ,0,0,0,0,0,0,0,0,0,44000,0,0,0,96000,52000,44000,44000
064966,FBVIX元大9C購03 ,0,0,0,0,0,0,0,0,0,44000,0,0,0,59000,15000,44000,44000
063850,玉晶光元大9C購07,0,0,0,0,0,0,0,0,0,44000,0,0,0,134000,90000,44000,44000
063873,南六永豐9C購01  ,0,0,0,0,0,0,0,0,0,44000,0,0,0,55000,11000,44000,44000
064313,嘉晶群益9C購02  ,0,0,0,0,0,0,0,0,0,44000,0,0,0,44000,0,44000,44000
065843,瑞昱元大9C購03  ,0,0,0,0,0,0,0,0,0,44000,0,0,0,99000,55000,44000,44000
065710,嘉聯益群益9C購02,0,0,0,0,0,0,0,0,0,44000,0,0,0,44000,0,44000,44000
065735,矽格凱基01購02  ,0,0,0,0,0,0,0,0,0,44000,0,0,0,54000,10000,44000,44000
066087,大毅永豐01購02  ,0,0,0,0,0,0,0,0,0,44000,0,0,0,45000,1000,44000,44000
066088,漢翔永豐01購01  ,0,0,0,0,0,0,0,0,0,44000,0,0,0,44000,0,44000,44000
065514,建準群益9C購01  ,0,0,0,0,0,0,0,0,0,44000,0,0,0,50000,6000,44000,44000
066513,精元永豐01購02  ,0,0,0,0,0,0,0,0,0,43000,0,0,0,150000,107000,43000,43000
066483,瑞昱元富01購01  ,0,0,0,0,0,0,0,0,0,43000,0,0,0,103000,60000,43000,43000
066420,宏達電元大02購01,0,0,0,0,0,0,0,0,0,43000,0,0,0,75000,32000,43000,43000
067103,聯發科群益01購04,0,0,0,0,0,0,0,0,0,43000,0,0,0,85000,42000,43000,43000
066982,嘉晶群益02購01  ,0,0,0,0,0,0,0,0,0,43000,0,0,0,43000,0,43000,43000
06971P,台光電元大99售03,0,0,0,0,0,0,0,0,0,43000,0,0,0,43000,0,43000,43000
058929,可成統一9C購01  ,0,0,0,0,0,0,0,0,0,43000,0,0,0,83000,40000,43000,43000
058010,帆宣國票98購01  ,0,0,0,0,0,0,0,0,0,43000,0,0,0,83000,40000,43000,43000
058748,景碩凱基9A購01  ,0,0,0,0,0,0,0,0,0,43000,0,0,0,43000,0,43000,43000
058773,和碩兆豐99購01  ,0,0,0,0,0,0,0,0,0,43000,0,0,0,43000,0,43000,43000
062381,上銀國泰9C購01  ,0,0,0,0,0,0,0,0,0,43000,0,0,0,43000,0,43000,43000
062704,大毅元大9C購01  ,0,0,0,0,0,0,0,0,0,43000,0,0,0,43000,0,43000,43000
062639,臻鼎國票9C購01  ,0,0,0,0,0,0,0,0,0,43000,0,0,0,43000,0,43000,43000
063495,台光電富邦9C購01,0,0,0,0,0,0,0,0,0,43000,0,0,0,173000,130000,43000,43000
063567,漢唐元大9B購03  ,0,0,0,0,0,0,0,0,0,43000,0,0,0,203000,160000,43000,43000
060915,旭富元大9A購01  ,0,0,0,0,0,0,0,0,0,43000,0,0,0,288000,245000,43000,43000
060909,金像電元大9B購01,0,0,0,0,0,0,0,0,0,43000,0,0,0,48000,5000,43000,43000
064538,鈺齊國票01購01  ,0,0,0,0,0,0,0,0,0,43000,0,0,0,46000,3000,43000,43000
067084,泰鼎元大01購02  ,0,0,0,0,0,0,0,0,0,42000,0,0,0,105000,63000,42000,42000
062328,南亞科統一9C購01,0,0,0,0,0,0,0,0,0,42000,0,0,0,85000,43000,42000,42000
059188,京元電富邦9B購01,0,0,0,0,0,0,0,0,0,42000,0,0,0,47000,5000,42000,42000
056944,鴻海統一98購11  ,0,0,0,0,0,0,0,0,0,42000,0,0,0,55000,13000,42000,42000
060437,宏全永豐9A購01  ,0,0,0,0,0,0,0,0,0,42000,0,0,0,52000,10000,42000,42000
061617,微星群益9A購02  ,0,0,0,0,0,0,0,0,0,42000,0,0,0,62000,20000,42000,42000
063326,正隆國票9B購01  ,0,0,0,0,0,0,0,0,0,42000,0,0,0,42000,0,42000,42000
059907,道瓊指元大99購03,0,0,0,0,0,0,0,0,0,42000,0,0,0,42000,0,42000,42000
060388,世紀鋼凱基9B購01,0,0,0,0,0,0,0,0,0,42000,0,0,0,68000,26000,42000,42000
064676,聚陽兆豐9C購01  ,0,0,0,0,0,0,0,0,0,42000,0,0,0,212000,170000,42000,42000
064614,友訊元大9C購02  ,0,0,0,0,0,0,0,0,0,42000,0,0,0,75000,33000,42000,42000
063943,台光電元大9C購02,0,0,0,0,0,0,0,0,0,42000,0,0,0,42000,0,42000,42000
065195,國巨元富06購01  ,0,0,0,0,0,0,0,0,0,42000,0,0,0,42000,0,42000,42000
066242,惠特富邦03購01  ,0,0,0,0,0,0,0,0,0,42000,0,0,0,42000,0,42000,42000
065720,義隆兆豐9C購03  ,0,0,0,0,0,0,0,0,0,42000,0,0,0,96000,54000,42000,42000
00743,國泰中國A150    ,0,70000,-70000,0,0,0,0,0,0,111937,0,0,0,138937,27000,111937,41937
067149,瑞昱統一03購01  ,0,0,0,0,0,0,0,0,0,41000,0,0,0,41000,0,41000,41000
06954P,大立光元富99售01,0,0,0,0,0,0,0,0,0,41000,0,0,0,41000,0,41000,41000
066429,矽格元大01購01  ,0,0,0,0,0,0,0,0,0,41000,0,0,0,111000,70000,41000,41000
08670P,健策統一01售01  ,0,0,0,0,0,0,0,0,0,41000,0,0,0,50000,9000,41000,41000
08390P,旺宏凱基9C售02  ,0,0,0,0,0,0,0,0,0,41000,0,0,0,52000,11000,41000,41000
058547,世紀鋼富邦9A購01,0,0,0,0,0,0,0,0,0,41000,0,0,0,41000,0,41000,41000
059044,聯電日盛99購02  ,0,0,0,0,0,0,0,0,0,41000,0,0,0,41000,0,41000,41000
059531,華新科凱基9B購02,0,0,0,0,0,0,0,0,0,41000,0,0,0,51000,10000,41000,41000
055700,緯穎國泰98購02  ,0,0,0,0,0,0,0,0,0,41000,0,0,0,41000,0,41000,41000
056375,玉晶光統一01購01,0,0,0,0,0,0,0,0,0,41000,0,0,0,168000,127000,41000,41000
055271,鴻海元大98購03  ,0,0,0,0,0,0,0,0,0,41000,0,0,0,63000,22000,41000,41000
059116,晶豪科永豐99購01,0,0,0,0,0,0,0,0,0,41000,0,0,0,41000,0,41000,41000
057571,泰碩永豐98購01  ,0,0,0,0,0,0,0,0,0,41000,0,0,0,41000,0,41000,41000
058514,潤泰全元大99購01,0,0,0,0,0,0,0,0,0,41000,0,0,0,115000,74000,41000,41000
060165,上緯控永豐9A購01,0,0,0,0,0,0,0,0,0,41000,0,0,0,41000,0,41000,41000
062699,台積電元大01購02,0,0,0,0,0,0,0,0,0,41000,0,0,0,46000,5000,41000,41000
062777,鴻海元大9C購03  ,0,0,0,0,0,0,0,0,0,41000,0,0,0,91000,50000,41000,41000
063015,微星元大9B購01  ,0,0,0,0,0,0,0,0,0,41000,0,0,0,63000,22000,41000,41000
062132,神隆群益9B購01  ,0,0,0,0,0,0,0,0,0,41000,0,0,0,51000,10000,41000,41000
063579,GIS元大9C購01   ,0,0,0,0,0,0,0,0,0,41000,0,0,0,64000,23000,41000,41000
063485,巨大元大9B購04  ,0,0,0,0,0,0,0,0,0,41000,0,0,0,41000,0,41000,41000
060984,南亞科元大9A購07,0,0,0,0,0,0,0,0,0,41000,0,0,0,68000,27000,41000,41000
065321,瑞昱凱基9C購01  ,0,0,0,0,0,0,0,0,0,41000,0,0,0,64000,23000,41000,41000
065387,台光電兆豐9C購02,0,0,0,0,0,0,0,0,0,41000,0,0,0,43000,2000,41000,41000
064223,日電貿國票01購01,0,0,0,0,0,0,0,0,0,41000,0,0,0,66000,25000,41000,41000
064823,台積電統一01購09,0,0,0,0,0,0,0,0,0,41000,0,0,0,52000,11000,41000,41000
08793P,聯詠中信07售02  ,0,0,0,0,0,0,0,0,0,40000,0,0,0,40000,0,40000,40000
08798P,聯發科國票01售03,0,0,0,0,0,0,0,0,0,40000,0,0,0,50000,10000,40000,40000
08308P,聯發科凱基01售03,0,0,0,0,0,0,0,0,0,40000,0,0,0,40000,0,40000,40000
08064P,上証2X凱基9C售02,0,0,0,0,0,0,0,0,0,40000,0,0,0,50000,10000,40000,40000
07442P,華航康和9A售02  ,0,0,0,0,0,0,0,0,0,40000,0,0,0,40000,0,40000,40000
07284P,大立光凱基99售10,0,0,0,0,0,0,0,0,0,40000,0,0,0,40000,0,40000,40000
066377,健策兆豐01購02  ,0,0,0,0,0,0,0,0,0,40000,0,0,0,80000,40000,40000,40000
06647P,台積電元大98售13,0,0,0,0,0,0,0,0,0,40000,0,0,0,40000,0,40000,40000
066919,台積電麥證01購06,0,0,0,100000,60000,40000,0,0,0,40000,0,0,0,100000,60000,40000,40000
067312,欣興元大02購01  ,0,0,0,0,0,0,0,0,0,40000,0,0,0,41000,1000,40000,40000
058737,鴻海第一01購01  ,0,0,0,0,0,0,0,0,0,40000,0,0,0,50000,10000,40000,40000
058035,旭富永豐98購02  ,0,0,0,0,0,0,0,0,0,40000,0,0,0,40000,0,40000,40000
058345,台光電群益99購03,0,0,0,0,0,0,0,0,0,40000,0,0,0,40000,0,40000,40000
058153,景碩統一9B購01  ,0,0,0,0,0,0,0,0,0,40000,0,0,0,40000,0,40000,40000
062253,燿華元大9B購02  ,0,0,0,0,0,0,0,0,0,40000,0,0,0,50000,10000,40000,40000
062351,瑞祺群益9C購01  ,0,0,0,0,0,0,0,0,0,40000,0,0,0,50000,10000,40000,40000
057554,新日興凱基99購02,0,0,0,0,0,0,0,0,0,40000,0,0,0,100000,60000,40000,40000
058675,康控群益9B購01  ,0,0,0,0,0,0,0,0,0,40000,0,0,0,41000,1000,40000,40000
058631,鈺齊國票9A購01  ,0,0,0,0,0,0,0,0,0,40000,0,0,0,79000,39000,40000,40000
058642,旺宏麥證9A購01  ,0,0,0,40000,0,40000,0,0,0,40000,0,0,0,40000,0,40000,40000
056378,欣興元富98購01  ,0,0,0,0,0,0,0,0,0,40000,0,0,0,40000,0,40000,40000
055532,中工群益98購01  ,0,0,0,0,0,0,0,0,0,40000,0,0,0,50000,10000,40000,40000
056232,瑞儀凱基98購01  ,0,0,0,0,0,0,0,0,0,40000,0,0,0,490000,450000,40000,40000
059510,華新科永豐99購07,0,0,0,0,0,0,0,0,0,40000,0,0,0,168000,128000,40000,40000
058985,可成凱基99購03  ,0,0,0,0,0,0,0,0,0,40000,0,0,0,40000,0,40000,40000
058604,華邦電元大99購03,0,0,0,0,0,0,0,0,0,40000,0,0,0,40000,0,40000,40000
056875,亞光凱基98購03  ,0,0,0,0,0,0,0,0,0,40000,0,0,0,40000,0,40000,40000
056649,智易凱基98購01  ,0,0,0,0,0,0,0,0,0,40000,0,0,0,40000,0,40000,40000
053578,華新元大98購01  ,0,0,0,0,0,0,0,0,0,40000,0,0,0,40000,0,40000,40000
053083,中環元大99購01  ,0,0,0,0,0,0,0,0,0,40000,0,0,0,40000,0,40000,40000
061126,京元電永豐9A購02,0,0,0,0,0,0,0,0,0,40000,0,0,0,40000,0,40000,40000
060417,正隆永豐9A購01  ,0,0,0,0,0,0,0,0,0,40000,0,0,0,54000,14000,40000,40000
061514,泰碩永豐9A購02  ,0,0,0,0,0,0,0,0,0,40000,0,0,0,40000,0,40000,40000
063661,聚陽統一9C購02  ,0,0,0,0,0,0,0,0,0,40000,0,0,0,40000,0,40000,40000
061899,復盛永豐9B購01  ,0,0,0,0,0,0,0,0,0,40000,0,0,0,40000,0,40000,40000
062114,GIS國票9C購01   ,0,0,0,0,0,0,0,0,0,40000,0,0,0,40000,0,40000,40000
061994,瑞儀元大9B購01  ,0,0,0,0,0,0,0,0,0,40000,0,0,0,40000,0,40000,40000
061263,微星凱基9A購01  ,0,0,0,0,0,0,0,0,0,40000,0,0,0,56000,16000,40000,40000
061306,瑞祺永豐9A購02  ,0,0,0,0,0,0,0,0,0,40000,0,0,0,320000,280000,40000,40000
062433,上銀元大9B購05  ,0,0,0,0,0,0,0,0,0,40000,0,0,0,40000,0,40000,40000
05957P,友達國票97售04  ,0,0,0,0,0,0,0,0,0,40000,0,0,0,90000,50000,40000,40000
060470,台勝科元大9A購03,0,0,0,0,0,0,0,0,0,40000,0,0,0,130000,90000,40000,40000
062999,聯茂國票9C購01  ,0,0,0,0,0,0,0,0,0,40000,0,0,0,71000,31000,40000,40000
060215,柏文康和9A購01  ,0,0,0,0,0,0,0,0,0,40000,0,0,0,40000,0,40000,40000
060329,鎧勝群益9B購01  ,0,0,0,0,0,0,0,0,0,40000,0,0,0,40000,0,40000,40000
060297,和碩元大9A購02  ,0,0,0,0,0,0,0,0,0,40000,0,0,0,58000,18000,40000,40000
064808,國產元大9C購02  ,0,0,0,0,0,0,0,0,0,40000,0,0,0,40000,0,40000,40000
064623,創意元大9C購04  ,0,0,0,0,0,0,0,0,0,40000,0,0,0,76000,36000,40000,40000
064329,國巨元大01購03  ,0,0,0,0,0,0,0,0,0,40000,0,0,0,40000,0,40000,40000
063942,台積電元大01購03,0,0,0,0,0,0,0,0,0,40000,0,0,0,40000,0,40000,40000
063979,健鼎兆豐9C購01  ,0,0,0,0,0,0,0,0,0,40000,0,0,0,100000,60000,40000,40000
063992,大立光中信9C購03,0,0,0,0,0,0,0,0,0,40000,0,0,0,60000,20000,40000,40000
065525,瑞儀群益01購01  ,0,0,0,0,0,0,0,0,0,40000,0,0,0,178000,138000,40000,40000
065336,華新統一02購01  ,0,0,0,0,0,0,0,0,0,40000,0,0,0,40000,0,40000,40000
065200,健策元富9C購04  ,0,0,0,0,0,0,0,0,0,40000,0,0,0,41000,1000,40000,40000
066235,大毅富邦04購01  ,0,0,0,0,0,0,0,0,0,40000,0,0,0,50000,10000,40000,40000
066040,友訊元大01購02  ,0,0,0,0,0,0,0,0,0,40000,0,0,0,40000,0,40000,40000
8213,志超            ,540000,438000,102000,0,0,0,0,0,0,-62000,0,0,0,0,62000,-62000,40000
1732,毛寶            ,190000,150000,40000,0,0,0,0,0,0,0,3000,3000,0,0,0,0,40000
067137,健策永豐01購03  ,0,0,0,0,0,0,0,0,0,39000,0,0,0,39000,0,39000,39000
066888,長榮航中信07購01,0,0,0,0,0,0,0,0,0,39000,0,0,0,39000,0,39000,39000
066512,致茂永豐01購01  ,0,0,0,0,0,0,0,0,0,39000,0,0,0,128000,89000,39000,39000
066594,聯詠群益01購01  ,0,0,0,0,0,0,0,0,0,39000,0,0,0,39000,0,39000,39000
08314P,國巨元大9C售14  ,0,0,0,0,0,0,0,0,0,39000,0,0,0,39000,0,39000,39000
08431P,景碩凱基9C售02  ,0,0,0,0,0,0,0,0,0,39000,0,0,0,60000,21000,39000,39000
057757,鴻海凱基98購13  ,0,0,0,0,0,0,0,0,0,39000,0,0,0,58000,19000,39000,39000
058969,亞德客永豐99購01,0,0,0,0,0,0,0,0,0,39000,0,0,0,83000,44000,39000,39000
056347,GIS凱基9A購01   ,0,0,0,0,0,0,0,0,0,39000,0,0,0,131000,92000,39000,39000
056553,啟碁凱基98購02  ,0,0,0,0,0,0,0,0,0,39000,0,0,0,39000,0,39000,39000
059343,宏達電凱基99購04,0,0,0,0,0,0,0,0,0,39000,0,0,0,80000,41000,39000,39000
058711,鴻海統一9A購02  ,0,0,0,0,0,0,0,0,0,39000,0,0,0,39000,0,39000,39000
057354,聯鈞統一99購03  ,0,0,0,0,0,0,0,0,0,39000,0,0,0,294000,255000,39000,39000
062268,力山群益9B購01  ,0,0,0,0,0,0,0,0,0,39000,0,0,0,49000,10000,39000,39000
062510,台積電國票01購01,0,0,0,0,0,0,0,0,0,39000,0,0,0,39000,0,39000,39000
058211,國巨群益9A購02  ,0,0,0,0,0,0,0,0,0,39000,0,0,0,40000,1000,39000,39000
060341,國巨統一9C購02  ,0,0,0,0,0,0,0,0,0,39000,0,0,0,47000,8000,39000,39000
060253,昇陽半元大9C購01,0,0,0,0,0,0,0,0,0,39000,0,0,0,59000,20000,39000,39000
065891,聯發科統一02購03,0,0,0,0,0,0,0,0,0,39000,0,0,0,43000,4000,39000,39000
065201,世芯元富9C購02  ,0,0,0,0,0,0,0,0,0,39000,0,0,0,65000,26000,39000,39000
065103,南六元大9C購06  ,0,0,0,0,0,0,0,0,0,39000,0,0,0,89000,50000,39000,39000
064009,超眾凱基01購01  ,0,0,0,0,0,0,0,0,0,39000,0,0,0,43000,4000,39000,39000
064757,義隆凱基01購02  ,0,0,0,0,0,0,0,0,0,39000,0,0,0,59000,20000,39000,39000
065030,亞光兆豐9C購01  ,0,0,0,0,0,0,0,0,0,39000,0,0,0,135000,96000,39000,39000
08244P,同欣電凱基9C售03,0,0,0,0,0,0,0,0,0,38000,0,0,0,38000,0,38000,38000
066488,聯詠元富07購01  ,0,0,0,0,0,0,0,0,0,38000,0,0,0,38000,0,38000,38000
066761,聯陽永豐01購03  ,0,0,0,0,0,0,0,0,0,38000,0,0,0,101000,63000,38000,38000
062542,南電國泰9C購01  ,0,0,0,0,0,0,0,0,0,38000,0,0,0,38000,0,38000,38000
058797,大毅元大99購03  ,0,0,0,0,0,0,0,0,0,38000,0,0,0,38000,0,38000,38000
057818,泰碩元大9A購01  ,0,0,0,0,0,0,0,0,0,38000,0,0,0,82000,44000,38000,38000
057774,台光電群益99購02,0,0,0,0,0,0,0,0,0,38000,0,0,0,38000,0,38000,38000
057119,微星康和98購01  ,0,0,0,0,0,0,0,0,0,38000,0,0,0,38000,0,38000,38000
057135,立積凱基98購01  ,0,0,0,0,0,0,0,0,0,38000,0,0,0,45000,7000,38000,38000
056775,康控元大99購01  ,0,0,0,0,0,0,0,0,0,38000,0,0,0,153000,115000,38000,38000
062925,建準國票9B購01  ,0,0,0,0,0,0,0,0,0,38000,0,0,0,38000,0,38000,38000
062640,訊連國票9C購01  ,0,0,0,0,0,0,0,0,0,38000,0,0,0,38000,0,38000,38000
061318,智邦凱基9B購01  ,0,0,0,0,0,0,0,0,0,38000,0,0,0,68000,30000,38000,38000
061574,大毅元大9B購01  ,0,0,0,0,0,0,0,0,0,38000,0,0,0,48000,10000,38000,38000
063452,創意統一01購01  ,0,0,0,0,0,0,0,0,0,38000,0,0,0,65000,27000,38000,38000
060960,金像電凱基9B購01,0,0,0,0,0,0,0,0,0,38000,0,0,0,118000,80000,38000,38000
065008,TPK國票01購02   ,0,0,0,0,0,0,0,0,0,38000,0,0,0,38000,0,38000,38000
065003,燿華國票01購01  ,0,0,0,0,0,0,0,0,0,38000,0,0,0,38000,0,38000,38000
064832,長榮航統一01購01,0,0,0,0,0,0,0,0,0,38000,0,0,0,40000,2000,38000,38000
064221,華通國票01購01  ,0,0,0,0,0,0,0,0,0,38000,0,0,0,47000,9000,38000,38000
065108,建準國票01購01  ,0,0,0,0,0,0,0,0,0,38000,0,0,0,38000,0,38000,38000
065259,燿華元大9C購05  ,0,0,0,0,0,0,0,0,0,38000,0,0,0,42000,4000,38000,38000
065632,正崴國票01購01  ,0,0,0,0,0,0,0,0,0,38000,0,0,0,38000,0,38000,38000
2207,和泰車          ,200850,160000,40850,0,0,0,0,2000,-2000,-1000,0,1000,-1000,0,0,0,37850
06673P,大立光群益98售01,0,0,0,0,0,0,0,0,0,37000,0,0,0,37000,0,37000,37000
066389,南港凱基01購01  ,0,0,0,0,0,0,0,0,0,37000,0,0,0,37000,0,37000,37000
067132,瑞昱永豐01購01  ,0,0,0,0,0,0,0,0,0,37000,0,0,0,37000,0,37000,37000
067252,智邦國票02購02  ,0,0,0,0,0,0,0,0,0,37000,0,0,0,37000,0,37000,37000
08371P,京元電凱基9C售01,0,0,0,0,0,0,0,0,0,37000,0,0,0,77000,40000,37000,37000
055652,聯詠元富01購01  ,0,0,0,0,0,0,0,0,0,37000,0,0,0,42000,5000,37000,37000
059364,昇陽半永豐99購02,0,0,0,0,0,0,0,0,0,37000,0,0,0,76000,39000,37000,37000
063626,聚陽元大9B購03  ,0,0,0,0,0,0,0,0,0,37000,0,0,0,204000,167000,37000,37000
063369,聚陽永豐9B購01  ,0,0,0,0,0,0,0,0,0,37000,0,0,0,168000,131000,37000,37000
062462,GIS群益9B購01   ,0,0,0,0,0,0,0,0,0,37000,0,0,0,71000,34000,37000,37000
060413,東元永豐9A購01  ,0,0,0,0,0,0,0,0,0,37000,0,0,0,242000,205000,37000,37000
066131,群光群益02購01  ,0,0,0,0,0,0,0,0,0,37000,0,0,0,138000,101000,37000,37000
064825,英業達統一9C購01,0,0,0,0,0,0,0,0,0,37000,0,0,0,37000,0,37000,37000
9941,裕融            ,39000,1000,38000,0,0,0,0,1000,-1000,0,0,0,0,0,0,0,37000
08011P,玉晶光元大9B售05,0,0,0,0,0,0,0,0,0,36000,0,0,0,124000,88000,36000,36000
06888P,日月光元大98售02,0,0,0,0,0,0,0,0,0,36000,0,0,0,36000,0,36000,36000
066386,宏全康和01購01  ,0,0,0,0,0,0,0,0,0,36000,0,0,0,44000,8000,36000,36000
066327,強茂永豐01購01  ,0,0,0,0,0,0,0,0,0,36000,0,0,0,36000,0,36000,36000
066357,昇陽半永豐01購01,0,0,0,0,0,0,0,0,0,36000,0,0,0,36000,0,36000,36000
059091,中信金元大99購01,0,0,0,0,0,0,0,0,0,36000,0,0,0,53000,17000,36000,36000
057260,微星兆豐98購01  ,0,0,0,0,0,0,0,0,0,36000,0,0,0,56000,20000,36000,36000
057948,嘉聯益國票99購02,0,0,0,0,0,0,0,0,0,36000,0,0,0,36000,0,36000,36000
062529,可成統一9C購03  ,0,0,0,0,0,0,0,0,0,36000,0,0,0,36000,0,36000,36000
062525,鴻海統一9C購10  ,0,0,0,0,0,0,0,0,0,36000,0,0,0,36000,0,36000,36000
058368,奇鋐凱基9A購01  ,0,0,0,0,0,0,0,0,0,36000,0,0,0,46000,10000,36000,36000
056333,台積電日盛9B購01,0,0,0,0,0,0,0,0,0,36000,0,0,0,90000,54000,36000,36000
061352,茂林元大9A購04  ,0,0,0,0,0,0,0,0,0,36000,0,0,0,36000,0,36000,36000
063319,神達群益9B購01  ,0,0,0,0,0,0,0,0,0,36000,0,0,0,36000,0,36000,36000
064895,奇力新群益9C購02,0,0,0,0,0,0,0,0,0,36000,0,0,0,134000,98000,36000,36000
064536,富邦金國票01購01,0,0,0,0,0,0,0,0,0,36000,0,0,0,40000,4000,36000,36000
063717,宏達電兆豐9B購02,0,0,0,0,0,0,0,0,0,36000,0,0,0,36000,0,36000,36000
066371,同欣電中信05購01,0,0,0,0,0,0,0,0,0,35000,0,0,0,204000,169000,35000,35000
066727,鴻海元大01購12  ,0,0,0,0,0,0,0,0,0,35000,0,0,0,152000,117000,35000,35000
066755,永光永豐01購02  ,0,0,0,0,0,0,0,0,0,35000,0,0,0,35000,0,35000,35000
066679,微星兆豐01購01  ,0,0,0,0,0,0,0,0,0,35000,0,0,0,265000,230000,35000,35000
066858,聯鈞國票02購01  ,0,0,0,0,0,0,0,0,0,35000,0,0,0,35000,0,35000,35000
067001,中化永豐01購02  ,0,0,0,0,0,0,0,0,0,35000,0,0,0,35000,0,35000,35000
07741P,滬深2X凱基9B售04,0,0,0,0,0,0,0,0,0,35000,0,0,0,35000,0,35000,35000
055523,道瓊銀群益9A購01,0,0,0,0,0,0,0,0,0,35000,0,0,0,35000,0,35000,35000
056125,旺宏國票98購02  ,0,0,0,0,0,0,0,0,0,35000,0,0,0,35000,0,35000,35000
056165,矽力凱基98購02  ,0,0,0,0,0,0,0,0,0,35000,0,0,0,37000,2000,35000,35000
054768,泰碩國票99購02  ,0,0,0,0,0,0,0,0,0,35000,0,0,0,35000,0,35000,35000
054742,京鼎凱基99購01  ,0,0,0,0,0,0,0,0,0,35000,0,0,0,44000,9000,35000,35000
058365,奇力新凱基9A購01,0,0,0,0,0,0,0,0,0,35000,0,0,0,35000,0,35000,35000
058012,鈺齊國票99購01  ,0,0,0,0,0,0,0,0,0,35000,0,0,0,145000,110000,35000,35000
057977,台光電永豐98購02,0,0,0,0,0,0,0,0,0,35000,0,0,0,35000,0,35000,35000
062177,上銀元大9B購02  ,0,0,0,0,0,0,0,0,0,35000,0,0,0,50000,15000,35000,35000
057438,禾伸堂國票99購01,0,0,0,0,0,0,0,0,0,35000,0,0,0,52000,17000,35000,35000
061843,億豐凱基9C購01  ,0,0,0,0,0,0,0,0,0,35000,0,0,0,35000,0,35000,35000
063478,GIS元大9B購03   ,0,0,0,0,0,0,0,0,0,35000,0,0,0,141000,106000,35000,35000
060817,華邦電台新9A購01,0,0,0,0,0,0,0,0,0,35000,0,0,0,35000,0,35000,35000
063176,南亞科兆豐9B購01,0,0,0,0,0,0,0,0,0,35000,0,0,0,35000,0,35000,35000
060367,緯穎元富9A購02  ,0,0,0,0,0,0,0,0,0,35000,0,0,0,67000,32000,35000,35000
062712,晶技麥證9B購02  ,0,0,0,35000,0,35000,0,0,0,35000,0,0,0,35000,0,35000,35000
062998,泰碩國票01購01  ,0,0,0,0,0,0,0,0,0,35000,0,0,0,35000,0,35000,35000
063959,GIS元大9C購02   ,0,0,0,0,0,0,0,0,0,35000,0,0,0,229000,194000,35000,35000
063924,致新元富9C購01  ,0,0,0,0,0,0,0,0,0,35000,0,0,0,36000,1000,35000,35000
064120,鴻海元大9C購07  ,0,0,0,0,0,0,0,0,0,35000,0,0,0,35000,0,35000,35000
064132,神達元大9C購02  ,0,0,0,0,0,0,0,0,0,35000,0,0,0,35000,0,35000,35000
064617,台光電元大01購01,0,0,0,0,0,0,0,0,0,35000,0,0,0,122000,87000,35000,35000
064747,彩晶國票01購01  ,0,0,0,0,0,0,0,0,0,35000,0,0,0,35000,0,35000,35000
066065,東元凱基04購01  ,0,0,0,0,0,0,0,0,0,35000,0,0,0,44000,9000,35000,35000
066001,景碩國票02購01  ,0,0,0,0,0,0,0,0,0,35000,0,0,0,103000,68000,35000,35000
066265,精元元大01購01  ,0,0,0,0,0,0,0,0,0,35000,0,0,0,300000,265000,35000,35000
065683,嘉聯益統一03購01,0,0,0,0,0,0,0,0,0,35000,0,0,0,50000,15000,35000,35000
065817,聯發科元富03購08,0,0,0,0,0,0,0,0,0,35000,0,0,0,178000,143000,35000,35000
065569,智邦群益01購01  ,0,0,0,0,0,0,0,0,0,35000,0,0,0,49000,14000,35000,35000
065577,超眾群益9C購02  ,0,0,0,0,0,0,0,0,0,35000,0,0,0,47000,12000,35000,35000
065444,燿華統一02購02  ,0,0,0,0,0,0,0,0,0,35000,0,0,0,35000,0,35000,35000
065205,金寶國票01購01  ,0,0,0,0,0,0,0,0,0,35000,0,0,0,35000,0,35000,35000
08426P,奇力新國票01售01,0,0,0,0,0,0,0,0,0,34000,0,0,0,80000,46000,34000,34000
08739P,台郡凱基01售03  ,0,0,0,0,0,0,0,0,0,34000,0,0,0,234000,200000,34000,34000
057332,旺宏國票99購03  ,0,0,0,0,0,0,0,0,0,34000,0,0,0,43000,9000,34000,34000
057211,鴻海群益98購05  ,0,0,0,0,0,0,0,0,0,34000,0,0,0,34000,0,34000,34000
062604,東元凱基9B購01  ,0,0,0,0,0,0,0,0,0,34000,0,0,0,43000,9000,34000,34000
062584,鴻海統一9C購13  ,0,0,0,0,0,0,0,0,0,34000,0,0,0,34000,0,34000,34000
056710,漢唐永豐98購01  ,0,0,0,0,0,0,0,0,0,34000,0,0,0,112000,78000,34000,34000
062969,旺宏元富9B購01  ,0,0,0,0,0,0,0,0,0,34000,0,0,0,88000,54000,34000,34000
062678,華通統一9C購04  ,0,0,0,0,0,0,0,0,0,34000,0,0,0,134000,100000,34000,34000
060183,南亞科元富9A購01,0,0,0,0,0,0,0,0,0,34000,0,0,0,95000,61000,34000,34000
060127,牧德永豐99購02  ,0,0,0,0,0,0,0,0,0,34000,0,0,0,34000,0,34000,34000
059866,國巨凱基99購18  ,0,0,0,0,0,0,0,0,0,34000,0,0,0,44000,10000,34000,34000
060628,和大富邦9B購01  ,0,0,0,0,0,0,0,0,0,34000,0,0,0,34000,0,34000,34000
061710,國巨凱基9A購18  ,0,0,0,0,0,0,0,0,0,34000,0,0,0,50000,16000,34000,34000
060887,台積電統一01購01,0,0,0,0,0,0,0,0,0,34000,0,0,0,34000,0,34000,34000
063552,晶技國票9B購03  ,0,0,0,0,0,0,0,0,0,34000,0,0,0,34000,0,34000,34000
063523,微星凱基9B購03  ,0,0,0,0,0,0,0,0,0,34000,0,0,0,34000,0,34000,34000
061858,南電國票9B購02  ,0,0,0,0,0,0,0,0,0,34000,0,0,0,44000,10000,34000,34000
065150,上銀群益9C購03  ,0,0,0,0,0,0,0,0,0,34000,0,0,0,132000,98000,34000,34000
065421,康友國票01購01  ,0,0,0,0,0,0,0,0,0,34000,0,0,0,58000,24000,34000,34000
065800,技嘉群益9C購01  ,0,0,0,0,0,0,0,0,0,34000,0,0,0,128000,94000,34000,34000
065888,鴻海統一03購01  ,0,0,0,0,0,0,0,0,0,34000,0,0,0,36000,2000,34000,34000
066049,奇鋐元大02購01  ,0,0,0,0,0,0,0,0,0,34000,0,0,0,34000,0,34000,34000
064953,嘉晶凱基9C購02  ,0,0,0,0,0,0,0,0,0,34000,0,0,0,78000,44000,34000,34000
064557,鴻海群益9C購04  ,0,0,0,0,0,0,0,0,0,34000,0,0,0,72000,38000,34000,34000
064493,南亞科元大9C購01,0,0,0,0,0,0,0,0,0,34000,0,0,0,90000,56000,34000,34000
064100,義隆群益9C購01  ,0,0,0,0,0,0,0,0,0,34000,0,0,0,34000,0,34000,34000
064213,大立光凱基03購01,0,0,0,0,0,0,0,0,0,34000,0,0,0,34000,0,34000,34000
063893,微星群益9C購01  ,0,0,0,0,0,0,0,0,0,34000,0,0,0,197000,163000,34000,34000
3661,世芯-KY         ,1469000,1049800,419200,0,0,0,0,319656,-319656,-66000,25000,90000,-65000,12000,13000,-1000,33544
07850P,健策群益9A售06  ,0,0,0,0,0,0,0,0,0,33000,0,0,0,111000,78000,33000,33000
08366P,祥碩凱基9C售04  ,0,0,0,0,0,0,0,0,0,33000,0,0,0,68000,35000,33000,33000
08181P,華新科國泰9C售02,0,0,0,0,0,0,0,0,0,33000,0,0,0,131000,98000,33000,33000
067155,健策統一02購01  ,0,0,0,0,0,0,0,0,0,33000,0,0,0,33000,0,33000,33000
07172P,臺股指國票99售09,0,0,0,0,0,0,0,0,0,33000,0,0,0,33000,0,33000,33000
066336,聯陽永豐01購01  ,0,0,0,0,0,0,0,0,0,33000,0,0,0,69000,36000,33000,33000
066332,慧洋永豐01購01  ,0,0,0,0,0,0,0,0,0,33000,0,0,0,33000,0,33000,33000
066302,卜蜂永豐01購01  ,0,0,0,0,0,0,0,0,0,33000,0,0,0,33000,0,33000,33000
066378,超眾兆豐03購01  ,0,0,0,0,0,0,0,0,0,33000,0,0,0,136000,103000,33000,33000
066599,鴻海國泰03購02  ,0,0,0,0,0,0,0,0,0,33000,0,0,0,48000,15000,33000,33000
054192,國巨中信98購01  ,0,0,0,0,0,0,0,0,0,33000,0,0,0,33000,0,33000,33000
057696,聯電群益9A購01  ,0,0,0,0,0,0,0,0,0,33000,0,0,0,33000,0,33000,33000
057446,旺宏元富02購01  ,0,0,0,0,0,0,0,0,0,33000,0,0,0,33000,0,33000,33000
063418,京元電凱基9B購03,0,0,0,0,0,0,0,0,0,33000,0,0,0,119000,86000,33000,33000
063630,智邦元大9B購09  ,0,0,0,0,0,0,0,0,0,33000,0,0,0,101000,68000,33000,33000
060692,鴻海麥證9A購01  ,0,0,0,33000,0,33000,0,0,0,33000,0,0,0,33000,0,33000,33000
060699,華新科國泰9B購03,0,0,0,0,0,0,0,0,0,33000,0,0,0,87000,54000,33000,33000
061118,GIS富邦9A購01   ,0,0,0,0,0,0,0,0,0,33000,0,0,0,33000,0,33000,33000
061776,晶技國票9B購01  ,0,0,0,0,0,0,0,0,0,33000,0,0,0,43000,10000,33000,33000
060678,聯詠元大9A購03  ,0,0,0,0,0,0,0,0,0,33000,0,0,0,33000,0,33000,33000
063245,富邦金元大9B購03,0,0,0,0,0,0,0,0,0,33000,0,0,0,43000,10000,33000,33000
062919,聯茂元大9B購01  ,0,0,0,0,0,0,0,0,0,33000,0,0,0,70000,37000,33000,33000
062158,禾伸堂凱基9B購01,0,0,0,0,0,0,0,0,0,33000,0,0,0,33000,0,33000,33000
060105,牧德元大9B購01  ,0,0,0,0,0,0,0,0,0,33000,0,0,0,77000,44000,33000,33000
059825,嘉晶凱基99購02  ,0,0,0,0,0,0,0,0,0,33000,0,0,0,36000,3000,33000,33000
060387,盛群凱基9A購01  ,0,0,0,0,0,0,0,0,0,33000,0,0,0,88000,55000,33000,33000
060305,得力永豐9A購01  ,0,0,0,0,0,0,0,0,0,33000,0,0,0,33000,0,33000,33000
063277,大成鋼元大9B購03,0,0,0,0,0,0,0,0,0,33000,0,0,0,33000,0,33000,33000
062813,台積電兆豐9B購01,0,0,0,0,0,0,0,0,0,33000,0,0,0,806000,773000,33000,33000
064006,晶技凱基9C購02  ,0,0,0,0,0,0,0,0,0,33000,0,0,0,41000,8000,33000,33000
064259,矽格富邦9C購01  ,0,0,0,0,0,0,0,0,0,33000,0,0,0,33000,0,33000,33000
064896,華新科群益01購02,0,0,0,0,0,0,0,0,0,33000,0,0,0,59000,26000,33000,33000
065995,台虹永豐01購01  ,0,0,0,0,0,0,0,0,0,33000,0,0,0,40000,7000,33000,33000
065949,瑞昱統一01購06  ,0,0,0,0,0,0,0,0,0,33000,0,0,0,423000,390000,33000,33000
065571,神基群益01購01  ,0,0,0,0,0,0,0,0,0,33000,0,0,0,33000,0,33000,33000
2608,嘉里大榮        ,83000,49000,34000,0,0,0,0,0,0,-1000,0,1000,-1000,0,0,0,33000
066590,華新科群益01購04,0,0,0,0,0,0,0,0,0,32000,0,0,0,32000,0,32000,32000
066496,大立光國泰03購01,0,0,0,0,0,0,0,0,0,32000,0,0,0,32000,0,32000,32000
08401P,玉晶光元富9C售04,0,0,0,0,0,0,0,0,0,32000,0,0,0,91000,59000,32000,32000
08555P,超眾國票01售01  ,0,0,0,0,0,0,0,0,0,32000,0,0,0,82000,50000,32000,32000
057543,華通凱基99購02  ,0,0,0,0,0,0,0,0,0,32000,0,0,0,42000,10000,32000,32000
062179,旺宏元大9B購05  ,0,0,0,0,0,0,0,0,0,32000,0,0,0,100000,68000,32000,32000
062259,可成元大9B購03  ,0,0,0,0,0,0,0,0,0,32000,0,0,0,50000,18000,32000,32000
058080,台積電群益98購06,0,0,0,0,0,0,0,0,0,32000,0,0,0,63000,31000,32000,32000
058537,彩晶統一9B購01  ,0,0,0,0,0,0,0,0,0,32000,0,0,0,83000,51000,32000,32000
056351,鴻海元大98購06  ,0,0,0,0,0,0,0,0,0,32000,0,0,0,37000,5000,32000,32000
054534,台積電富邦98購03,0,0,0,0,0,0,0,0,0,32000,0,0,0,58000,26000,32000,32000
062986,T50反1中信02購01,0,0,0,0,0,0,0,0,0,32000,0,0,0,115000,83000,32000,32000
062617,京鼎元大9B購01  ,0,0,0,0,0,0,0,0,0,32000,0,0,0,82000,50000,32000,32000
060288,群光元大9C購01  ,0,0,0,0,0,0,0,0,0,32000,0,0,0,180000,148000,32000,32000
062470,智邦凱基9C購01  ,0,0,0,0,0,0,0,0,0,32000,0,0,0,32000,0,32000,32000
063211,道瓊銀國票9B購01,0,0,0,0,0,0,0,0,0,32000,0,0,0,32000,0,32000,32000
060697,鴻海國泰9C購01  ,0,0,0,0,0,0,0,0,0,32000,0,0,0,50000,18000,32000,32000
063698,上銀群益9B購05  ,0,0,0,0,0,0,0,0,0,32000,0,0,0,71000,39000,32000,32000
063468,聯詠元大9B購04  ,0,0,0,0,0,0,0,0,0,32000,0,0,0,32000,0,32000,32000
061831,智邦凱基9B購02  ,0,0,0,0,0,0,0,0,0,32000,0,0,0,50000,18000,32000,32000
065795,康友永豐9C購02  ,0,0,0,0,0,0,0,0,0,32000,0,0,0,100000,68000,32000,32000
065777,正崴國泰03購01  ,0,0,0,0,0,0,0,0,0,32000,0,0,0,67000,35000,32000,32000
065701,聯發科群益9C購13,0,0,0,0,0,0,0,0,0,32000,0,0,0,42000,10000,32000,32000
064971,裕隆元大01購01  ,0,0,0,0,0,0,0,0,0,32000,0,0,0,82000,50000,32000,32000
064134,瑞祺元大9C購02  ,0,0,0,0,0,0,0,0,0,32000,0,0,0,77000,45000,32000,32000
08683P,大立光凱基02售03,0,0,0,0,0,0,0,0,0,31000,0,0,0,31000,0,31000,31000
08795P,聯發科凱基01售11,0,0,0,0,0,0,0,0,0,31000,0,0,0,53000,22000,31000,31000
08769P,上証2X凱基01售02,0,0,0,0,0,0,0,0,0,31000,0,0,0,33000,2000,31000,31000
08336P,聯發科中信9C售05,0,0,0,0,0,0,0,0,0,31000,0,0,0,41000,10000,31000,31000
08069P,大立光國泰01售02,0,0,0,0,0,0,0,0,0,31000,0,0,0,31000,0,31000,31000
08157P,大立光元富9B售06,0,0,0,0,0,0,0,0,0,31000,0,0,0,81000,50000,31000,31000
066376,聯詠兆豐01購01  ,0,0,0,0,0,0,0,0,0,31000,0,0,0,32000,1000,31000,31000
066388,力山凱基01購02  ,0,0,0,0,0,0,0,0,0,31000,0,0,0,45000,14000,31000,31000
067231,台積電群益01購12,0,0,0,0,0,0,0,0,0,31000,0,0,0,31000,0,31000,31000
055812,台積電國票99購02,0,0,0,0,0,0,0,0,0,31000,0,0,0,31000,0,31000,31000
056943,華通統一99購01  ,0,0,0,0,0,0,0,0,0,31000,0,0,0,210000,179000,31000,31000
058209,臺股指凱基01購01,0,0,0,0,0,0,0,0,0,31000,0,0,0,788000,757000,31000,31000
061851,智邦國票9B購01  ,0,0,0,0,0,0,0,0,0,31000,0,0,0,31000,0,31000,31000
061932,上銀國票9B購01  ,0,0,0,0,0,0,0,0,0,31000,0,0,0,34000,3000,31000,31000
063385,可成中信9C購01  ,0,0,0,0,0,0,0,0,0,31000,0,0,0,52000,21000,31000,31000
061075,亞德客兆豐9A購01,0,0,0,0,0,0,0,0,0,31000,0,0,0,61000,30000,31000,31000
061506,瑞祺國票9A購02  ,0,0,0,0,0,0,0,0,0,31000,0,0,0,31000,0,31000,31000
062655,漢唐永豐9B購01  ,0,0,0,0,0,0,0,0,0,31000,0,0,0,122000,91000,31000,31000
063016,微星元大9C購02  ,0,0,0,0,0,0,0,0,0,31000,0,0,0,35000,4000,31000,31000
064051,新日興統一01購01,0,0,0,0,0,0,0,0,0,31000,0,0,0,31000,0,31000,31000
064547,宏達電凱基9C購01,0,0,0,0,0,0,0,0,0,31000,0,0,0,46000,15000,31000,31000
064457,禾伸堂統一01購02,0,0,0,0,0,0,0,0,0,31000,0,0,0,31000,0,31000,31000
065485,巨大元大9C購02  ,0,0,0,0,0,0,0,0,0,31000,0,0,0,55000,24000,31000,31000
065072,和大元大9C購03  ,0,0,0,0,0,0,0,0,0,31000,0,0,0,31000,0,31000,31000
067271,世紀鋼永豐01購02,0,0,0,0,0,0,0,0,0,30000,0,0,0,30000,0,30000,30000
067153,聯鈞統一03購02  ,0,0,0,0,0,0,0,0,0,30000,0,0,0,30000,0,30000,30000
067157,惠特統一03購03  ,0,0,0,0,0,0,0,0,0,30000,0,0,0,35000,5000,30000,30000
067019,A50中信02購01   ,0,0,0,0,0,0,0,0,0,30000,0,0,0,30000,0,30000,30000
06698P,玉晶光國票99售05,0,0,0,0,0,0,0,0,0,30000,0,0,0,30000,0,30000,30000
067117,健策群益01購09  ,0,0,0,0,0,0,0,0,0,30000,0,0,0,32000,2000,30000,30000
07127P,精元元大99售01  ,0,0,0,0,0,0,0,0,0,30000,0,0,0,30000,0,30000,30000
07146P,瑞昱元大99售02  ,0,0,0,0,0,0,0,0,0,30000,0,0,0,30000,0,30000,30000
07079P,台積電群益99售06,0,0,0,0,0,0,0,0,0,30000,0,0,0,30000,0,30000,30000
06906P,國巨國泰99售01  ,0,0,0,0,0,0,0,0,0,30000,0,0,0,30000,0,30000,30000
06982P,義隆凱基99售02  ,0,0,0,0,0,0,0,0,0,30000,0,0,0,30000,0,30000,30000
06736P,新日興凱基98售03,0,0,0,0,0,0,0,0,0,30000,0,0,0,30000,0,30000,30000
067335,國產凱基02購02  ,0,0,0,0,0,0,0,0,0,30000,0,0,0,30000,0,30000,30000
066438,南紡群益01購01  ,0,0,0,0,0,0,0,0,0,30000,0,0,0,30000,0,30000,30000
066342,上緯控永豐01購01,0,0,0,0,0,0,0,0,0,30000,0,0,0,30000,0,30000,30000
066477,鴻海元富07購01  ,0,0,0,0,0,0,0,0,0,30000,0,0,0,50000,20000,30000,30000
066867,A50正2元富01購02,0,0,0,0,0,0,0,0,0,30000,0,0,0,50000,20000,30000,30000
066664,嘉晶凱基02購01  ,0,0,0,0,0,0,0,0,0,30000,0,0,0,90000,60000,30000,30000
066670,貿聯凱基01購01  ,0,0,0,0,0,0,0,0,0,30000,0,0,0,54000,24000,30000,30000
08008P,華新科統一9B售05,0,0,0,0,0,0,0,0,0,30000,0,0,0,30000,0,30000,30000
08047P,臺股指國票9B售12,0,0,0,0,0,0,0,0,0,30000,0,0,0,100000,70000,30000,30000
07910P,台積電統一9C售07,0,0,0,0,0,0,0,0,0,30000,0,0,0,30000,0,30000,30000
07878P,智邦群益9C售01  ,0,0,0,0,0,0,0,0,0,30000,0,0,0,30000,0,30000,30000
07754P,日月光元大9A售02,0,0,0,0,0,0,0,0,0,30000,0,0,0,30000,0,30000,30000
07504P,聯詠元大9A售02  ,0,0,0,0,0,0,0,0,0,30000,0,0,0,30000,0,30000,30000
08828P,上証2X群益01售05,0,0,0,0,0,0,0,0,0,30000,0,0,0,30000,0,30000,30000
08629P,緯創凱基9C售02  ,0,0,0,0,0,0,0,0,0,30000,0,0,0,80000,50000,30000,30000
08612P,嘉晶凱基9C售03  ,0,0,0,0,0,0,0,0,0,30000,0,0,0,30000,0,30000,30000
08579P,臺股指元大9C售27,0,0,0,0,0,0,0,0,0,30000,0,0,0,40000,10000,30000,30000
058324,嘉聯益永豐9A購01,0,0,0,0,0,0,0,0,0,30000,0,0,0,30000,0,30000,30000
058353,國巨凱基99購09  ,0,0,0,0,0,0,0,0,0,30000,0,0,0,120000,90000,30000,30000
058079,鴻海群益98購08  ,0,0,0,0,0,0,0,0,0,30000,0,0,0,30000,0,30000,30000
058752,鈺齊凱基9A購01  ,0,0,0,0,0,0,0,0,0,30000,0,0,0,57000,27000,30000,30000
058434,旺宏統一9B購01  ,0,0,0,0,0,0,0,0,0,30000,0,0,0,30000,0,30000,30000
062313,聯詠凱基9C購01  ,0,0,0,0,0,0,0,0,0,30000,0,0,0,44000,14000,30000,30000
062368,聯詠元大9B購01  ,0,0,0,0,0,0,0,0,0,30000,0,0,0,30000,0,30000,30000
062559,嘉晶凱基9B購02  ,0,0,0,0,0,0,0,0,0,30000,0,0,0,35000,5000,30000,30000
062500,國巨群益01購01  ,0,0,0,0,0,0,0,0,0,30000,0,0,0,55000,25000,30000,30000
057917,台積電凱基98購17,0,0,0,0,0,0,0,0,0,30000,0,0,0,51000,21000,30000,30000
057406,茂林群益98購03  ,0,0,0,0,0,0,0,0,0,30000,0,0,0,30000,0,30000,30000
057317,技嘉凱基98購02  ,0,0,0,0,0,0,0,0,0,30000,0,0,0,174000,144000,30000,30000
057222,鴻海國票99購04  ,0,0,0,0,0,0,0,0,0,30000,0,0,0,47000,17000,30000,30000
059327,南茂元大99購01  ,0,0,0,0,0,0,0,0,0,30000,0,0,0,30000,0,30000,30000
058924,晶相光元富99購02,0,0,0,0,0,0,0,0,0,30000,0,0,0,50000,20000,30000,30000
056946,國巨統一98購05  ,0,0,0,0,0,0,0,0,0,30000,0,0,0,30000,0,30000,30000
057059,易華電元大99購01,0,0,0,0,0,0,0,0,0,30000,0,0,0,30000,0,30000,30000
057674,台郡元大99購03  ,0,0,0,0,0,0,0,0,0,30000,0,0,0,30000,0,30000,30000
057083,立積統一98購01  ,0,0,0,0,0,0,0,0,0,30000,0,0,0,30000,0,30000,30000
058528,世紀鋼元大99購02,0,0,0,0,0,0,0,0,0,30000,0,0,0,130000,100000,30000,30000
058611,欣興元大99購06  ,0,0,0,0,0,0,0,0,0,30000,0,0,0,30000,0,30000,30000
05952P,台積電國票97售06,0,0,0,0,0,0,0,0,0,30000,0,0,0,30000,0,30000,30000
055795,茂林國泰98購01  ,0,0,0,0,0,0,0,0,0,30000,0,0,0,30000,0,30000,30000
056356,台積電元大99購01,0,0,0,0,0,0,0,0,0,30000,0,0,0,40000,10000,30000,30000
056537,冠德凱基98購01  ,0,0,0,0,0,0,0,0,0,30000,0,0,0,30000,0,30000,30000
056846,晶相光元富98購01,0,0,0,0,0,0,0,0,0,30000,0,0,0,30000,0,30000,30000
055102,上銀凱基98購01  ,0,0,0,0,0,0,0,0,0,30000,0,0,0,40000,10000,30000,30000
054128,台積電元大97購10,0,0,0,0,0,0,0,0,0,30000,0,0,0,32000,2000,30000,30000
054209,台積電國票97購08,0,0,0,0,0,0,0,0,0,30000,0,0,0,30000,0,30000,30000
00710B,FH彭博高收益債  ,0,0,0,0,0,0,0,0,0,30000,0,0,0,172000,142000,30000,30000
056718,GIS永豐98購01   ,0,0,0,0,0,0,0,0,0,30000,0,0,0,30000,0,30000,30000
054744,晶相光凱基99購01,0,0,0,0,0,0,0,0,0,30000,0,0,0,50000,20000,30000,30000
054735,漢唐凱基98購01  ,0,0,0,0,0,0,0,0,0,30000,0,0,0,30000,0,30000,30000
054638,國泰金中信99購01,0,0,0,0,0,0,0,0,0,30000,0,0,0,30000,0,30000,30000
053174,同欣電群益98購02,0,0,0,0,0,0,0,0,0,30000,0,0,0,40000,10000,30000,30000
053381,友達元大9A購02  ,0,0,0,0,0,0,0,0,0,30000,0,0,0,90000,60000,30000,30000
053401,臺股指中信99購01,0,0,0,0,0,0,0,0,0,30000,0,0,0,30000,0,30000,30000
052697,滬深2X國票98購01,0,0,0,0,0,0,0,0,0,30000,0,0,0,50000,20000,30000,30000
052738,聯電元大98購02  ,0,0,0,0,0,0,0,0,0,30000,0,0,0,34000,4000,30000,30000
062818,大立光兆豐9C購01,0,0,0,0,0,0,0,0,0,30000,0,0,0,30000,0,30000,30000
060293,緯創元大9A購01  ,0,0,0,0,0,0,0,0,0,30000,0,0,0,31000,1000,30000,30000
060308,劍麟永豐9A購01  ,0,0,0,0,0,0,0,0,0,30000,0,0,0,50000,20000,30000,30000
060336,南電康和9A購01  ,0,0,0,0,0,0,0,0,0,30000,0,0,0,64000,34000,30000,30000
060230,台積電元大9A購07,0,0,0,0,0,0,0,0,0,30000,0,0,0,30000,0,30000,30000
063133,喬山統一01購01  ,0,0,0,0,0,0,0,0,0,30000,0,0,0,96000,66000,30000,30000
060063,可成兆豐9B購01  ,0,0,0,0,0,0,0,0,0,30000,0,0,0,30000,0,30000,30000
059906,臺指反元大9C購04,0,0,0,0,0,0,0,0,0,30000,0,0,0,30000,0,30000,30000
063204,高鐵統一9C購01  ,0,0,0,0,0,0,0,0,0,30000,0,0,0,40000,10000,30000,30000
059727,大立光元大9A購01,0,0,0,0,0,0,0,0,0,30000,0,0,0,30000,0,30000,30000
060641,聯鈞永豐9A購01  ,0,0,0,0,0,0,0,0,0,30000,0,0,0,30000,0,30000,30000
060591,富邦金台新9A購01,0,0,0,0,0,0,0,0,0,30000,0,0,0,65000,35000,30000,30000
060456,正隆元大9A購01  ,0,0,0,0,0,0,0,0,0,30000,0,0,0,50000,20000,30000,30000
06166P,大立光國票98售01,0,0,0,0,0,0,0,0,0,30000,0,0,0,30000,0,30000,30000
061429,南六元大9A購02  ,0,0,0,0,0,0,0,0,0,30000,0,0,0,30000,0,30000,30000
061134,大成鋼統一9C購01,0,0,0,0,0,0,0,0,0,30000,0,0,0,30000,0,30000,30000
063082,瑞昱凱基9B購04  ,0,0,0,0,0,0,0,0,0,30000,0,0,0,40000,10000,30000,30000
061869,智邦元大9B購01  ,0,0,0,0,0,0,0,0,0,30000,0,0,0,73000,43000,30000,30000
061837,華新科凱基05購02,0,0,0,0,0,0,0,0,0,30000,0,0,0,50000,20000,30000,30000
061524,華通凱基9A購07  ,0,0,0,0,0,0,0,0,0,30000,0,0,0,49000,19000,30000,30000
063440,上銀統一01購02  ,0,0,0,0,0,0,0,0,0,30000,0,0,0,42000,12000,30000,30000
063608,力成凱基9B購03  ,0,0,0,0,0,0,0,0,0,30000,0,0,0,30000,0,30000,30000
063578,瑞祺元大9B購03  ,0,0,0,0,0,0,0,0,0,30000,0,0,0,43000,13000,30000,30000
065507,亞德客群益01購02,0,0,0,0,0,0,0,0,0,30000,0,0,0,44000,14000,30000,30000
065692,國巨群益9C購17  ,0,0,0,0,0,0,0,0,0,30000,0,0,0,31000,1000,30000,30000
065807,智伸科群益01購01,0,0,0,0,0,0,0,0,0,30000,0,0,0,47000,17000,30000,30000
066142,超眾群益01購03  ,0,0,0,0,0,0,0,0,0,30000,0,0,0,30000,0,30000,30000
066273,晶技元大01購02  ,0,0,0,0,0,0,0,0,0,30000,0,0,0,119000,89000,30000,30000
066249,生達元大01購01  ,0,29000,-29000,0,0,0,0,0,0,59000,0,0,0,210000,151000,59000,30000
066148,美利達群益01購02,0,0,0,0,0,0,0,0,0,30000,0,0,0,65000,35000,30000,30000
064419,鴻海兆豐9C購01  ,0,0,0,0,0,0,0,0,0,30000,0,0,0,30000,0,30000,30000
064516,華通群益02購01  ,0,0,0,0,0,0,0,0,0,30000,0,0,0,30000,0,30000,30000
064583,光寶科永豐9C購01,0,0,0,0,0,0,0,0,0,30000,0,0,0,30000,0,30000,30000
064723,大立光統一02購04,0,0,0,0,0,0,0,0,0,30000,0,0,0,40000,10000,30000,30000
06499P,臺股指元大9A售04,0,0,0,0,0,0,0,0,0,30000,0,0,0,30000,0,30000,30000
065039,國巨凱基02購02  ,0,0,0,0,0,0,0,0,0,30000,0,0,0,86000,56000,30000,30000
063876,華新元富9C購01  ,0,0,0,0,0,0,0,0,0,30000,0,0,0,115000,85000,30000,30000
063887,香港2X中信02購01,0,0,0,0,0,0,0,0,0,30000,0,0,0,31000,1000,30000,30000
063845,旺宏元大9C購03  ,0,0,0,0,0,0,0,0,0,30000,0,0,0,141000,111000,30000,30000
063724,亞德客元大9B購03,0,0,0,0,0,0,0,0,0,30000,0,0,0,68000,38000,30000,30000
064152,義隆統一02購02  ,0,0,0,0,0,0,0,0,0,30000,0,0,0,30000,0,30000,30000
6283,淳安            ,70000,40000,30000,0,0,0,0,0,0,0,0,0,0,0,0,0,30000
08733P,臺股指麥證01售05,0,0,0,55000,26000,29000,0,0,0,29000,0,0,0,55000,26000,29000,29000
066304,聯華永豐01購01  ,0,0,0,0,0,0,0,0,0,29000,0,0,0,50000,21000,29000,29000
053413,台積電國票99購01,0,0,0,0,0,0,0,0,0,29000,0,0,0,68000,39000,29000,29000
056719,台虹永豐98購01  ,0,0,0,0,0,0,0,0,0,29000,0,0,0,96000,67000,29000,29000
057790,台積電統一99購04,0,0,0,0,0,0,0,0,0,29000,0,0,0,69000,40000,29000,29000
057510,泰碩統一98購02  ,0,0,0,0,0,0,0,0,0,29000,0,0,0,29000,0,29000,29000
057546,台積電凱基02購01,0,0,0,0,0,0,0,0,0,29000,0,0,0,49000,20000,29000,29000
062373,泰鼎元大9B購01  ,0,0,0,0,0,0,0,0,0,29000,0,0,0,59000,30000,29000,29000
058295,欣興凱基99購02  ,0,0,0,0,0,0,0,0,0,29000,0,0,0,29000,0,29000,29000
063399,智原群益9B購01  ,0,0,0,0,0,0,0,0,0,29000,0,0,0,120000,91000,29000,29000
063482,緯穎元大9B購09  ,0,0,0,0,0,0,0,0,0,29000,0,0,0,30000,1000,29000,29000
063397,廣達群益9B購02  ,0,0,0,0,0,0,0,0,0,29000,0,0,0,47000,18000,29000,29000
060964,日月光凱基9A購01,0,0,0,0,0,0,0,0,0,29000,0,0,0,79000,50000,29000,29000
059952,旺宏康和99購01  ,0,0,0,0,0,0,0,0,0,29000,0,0,0,29000,0,29000,29000
059755,宏達電國泰9A購01,0,0,0,0,0,0,0,0,0,29000,0,0,0,35000,6000,29000,29000
063174,臺股指中信01購04,0,0,0,0,0,0,0,0,0,29000,0,0,0,34000,5000,29000,29000
062940,華新科凱基9C購02,0,0,0,0,0,0,0,0,0,29000,0,0,0,39000,10000,29000,29000
062751,華擎中信9C購01  ,0,0,0,0,0,0,0,0,0,29000,0,0,0,85000,56000,29000,29000
064171,燿華元富9C購01  ,0,0,0,0,0,0,0,0,0,29000,0,0,0,29000,0,29000,29000
064951,聯發科凱基01購04,0,0,0,0,0,0,0,0,0,29000,0,0,0,39000,10000,29000,29000
065879,瑞祺群益9C購02  ,0,0,0,0,0,0,0,0,0,29000,0,0,0,31000,2000,29000,29000
6573,虹揚-KY         ,58000,29000,29000,0,0,0,0,0,0,0,0,0,0,0,0,0,29000
9136,巨騰-DR         ,36000,47000,-11000,0,0,0,0,0,0,40000,40000,0,40000,0,0,0,29000
2427,三商電          ,34000,5000,29000,0,0,0,0,0,0,0,0,0,0,0,0,0,29000
4108,懷特            ,875000,846000,29000,0,0,0,0,0,0,0,0,0,0,0,0,0,29000
066511,劍麟永豐01購01  ,0,0,0,0,0,0,0,0,0,28000,0,0,0,28000,0,28000,28000
066516,智原永豐01購01  ,0,0,0,0,0,0,0,0,0,28000,0,0,0,39000,11000,28000,28000
066545,鴻海元大01購09  ,0,0,0,0,0,0,0,0,0,28000,0,0,0,53000,25000,28000,28000
066618,南六康和01購01  ,0,0,0,0,0,0,0,0,0,28000,0,0,0,28000,0,28000,28000
06721P,臺股指中信9A售03,0,0,0,0,0,0,0,0,0,28000,0,0,0,160000,132000,28000,28000
08613P,同欣電凱基9C售04,0,0,0,0,0,0,0,0,0,28000,0,0,0,88000,60000,28000,28000
08459P,聯發科兆豐9C售04,0,0,0,0,0,0,0,0,0,28000,0,0,0,30000,2000,28000,28000
07807P,聯茂永豐9A售02  ,0,0,0,0,0,0,0,0,0,28000,0,0,0,71000,43000,28000,28000
062285,台勝科群益9B購01,0,0,0,0,0,0,0,0,0,28000,0,0,0,28000,0,28000,28000
057940,和大國票99購01  ,0,0,0,0,0,0,0,0,0,28000,0,0,0,28000,0,28000,28000
059164,旺宏凱基99購06  ,0,0,0,0,0,0,0,0,0,28000,0,0,0,32000,4000,28000,28000
056813,聯茂統一99購01  ,0,0,0,0,0,0,0,0,0,28000,0,0,0,72000,44000,28000,28000
052950,超眾國票98購01  ,0,0,0,0,0,0,0,0,0,28000,0,0,0,28000,0,28000,28000
03669C,滬深2X元富09牛01,0,0,0,0,0,0,0,0,0,28000,0,0,0,35000,7000,28000,28000
059023,可成統一9B購02  ,0,0,0,0,0,0,0,0,0,28000,0,0,0,70000,42000,28000,28000
063017,台光電元大9B購07,0,0,0,0,0,0,0,0,0,28000,0,0,0,32000,4000,28000,28000
059876,智易凱基99購02  ,0,0,0,0,0,0,0,0,0,28000,0,0,0,28000,0,28000,28000
060030,晶相光永豐99購03,0,0,0,0,0,0,0,0,0,28000,0,0,0,28000,0,28000,28000
060240,富邦金元大9A購01,0,0,0,0,0,0,0,0,0,28000,0,0,0,34000,6000,28000,28000
062453,聚陽群益9C購01  ,0,0,0,0,0,0,0,0,0,28000,0,0,0,28000,0,28000,28000
061020,超眾國票9A購02  ,0,0,0,0,0,0,0,0,0,28000,0,0,0,68000,40000,28000,28000
061194,聯鈞永豐9A購02  ,0,0,0,0,0,0,0,0,0,28000,0,0,0,28000,0,28000,28000
061633,統一元大9A購01  ,0,0,0,0,0,0,0,0,0,28000,0,0,0,125000,97000,28000,28000
061816,長榮航群益9B購02,0,0,0,0,0,0,0,0,0,28000,0,0,0,28000,0,28000,28000
063292,致新元大9B購02  ,0,0,0,0,0,0,0,0,0,28000,0,0,0,78000,50000,28000,28000
061896,景碩永豐9B購01  ,0,0,0,0,0,0,0,0,0,28000,0,0,0,104000,76000,28000,28000
063551,美食國票9B購02  ,0,0,0,0,0,0,0,0,0,28000,0,0,0,38000,10000,28000,28000
066180,正文凱基01購01  ,0,0,0,0,0,0,0,0,0,28000,0,0,0,28000,0,28000,28000
065548,台達電凱基01購02,0,0,0,0,0,0,0,0,0,28000,0,0,0,89000,61000,28000,28000
065230,義隆凱基02購01  ,0,0,0,0,0,0,0,0,0,28000,0,0,0,31000,3000,28000,28000
064749,巨大國票01購01  ,0,0,0,0,0,0,0,0,0,28000,0,0,0,31000,3000,28000,28000
064719,聯發科統一02購01,0,0,0,0,0,0,0,0,0,28000,0,0,0,962000,934000,28000,28000
064588,玉晶光永豐9C購05,0,0,0,0,0,0,0,0,0,28000,0,0,0,73000,45000,28000,28000
064543,華通凱基02購02  ,0,0,0,0,0,0,0,0,0,28000,0,0,0,28000,0,28000,28000
063880,可成元富9C購01  ,0,0,0,0,0,0,0,0,0,28000,0,0,0,33000,5000,28000,28000
064000,台郡兆豐9C購01  ,0,0,0,0,0,0,0,0,0,28000,0,0,0,72000,44000,28000,28000
6415,矽力-KY         ,333030,307500,25530,0,0,0,0,0,0,2000,4000,3000,1000,1000,0,1000,27530
08771P,滬深2X凱基01售02,0,0,0,0,0,0,0,0,0,27000,0,0,0,27000,0,27000,27000
066484,瑞昱元富07購01  ,0,0,0,0,0,0,0,0,0,27000,0,0,0,48000,21000,27000,27000
066359,潤泰新永豐01購01,0,0,0,0,0,0,0,0,0,27000,0,0,0,27000,0,27000,27000
056200,大毅永豐98購01  ,0,0,0,0,0,0,0,0,0,27000,0,0,0,27000,0,27000,27000
056610,鴻海永豐98購01  ,0,0,0,0,0,0,0,0,0,27000,0,0,0,33000,6000,27000,27000
059282,嘉聯益永豐99購01,0,0,0,0,0,0,0,0,0,27000,0,0,0,59000,32000,27000,27000
057234,宏達電凱基98購05,0,0,0,0,0,0,0,0,0,27000,0,0,0,27000,0,27000,27000
058380,臺股指凱基99購15,0,0,0,0,0,0,0,0,0,27000,0,0,0,27000,0,27000,27000
058495,元大金群益9B購01,0,0,0,0,0,0,0,0,0,27000,0,0,0,30000,3000,27000,27000
061569,旺宏元大9A購14  ,0,0,0,0,0,0,0,0,0,27000,0,0,0,163000,136000,27000,27000
061769,晶技元大9B購03  ,0,0,0,0,0,0,0,0,0,27000,0,0,0,89000,62000,27000,27000
061202,和大元大9A購02  ,0,0,0,0,0,0,0,0,0,27000,0,0,0,27000,0,27000,27000
060967,鈺齊凱基9A購02  ,0,0,0,0,0,0,0,0,0,27000,0,0,0,87000,60000,27000,27000
061101,道瓊銀元大9A購02,0,0,0,0,0,0,0,0,0,27000,0,0,0,27000,0,27000,27000
060528,友達中信9C購01  ,0,0,0,0,0,0,0,0,0,27000,0,0,0,27000,0,27000,27000
060158,廣達永豐9A購01  ,0,0,0,0,0,0,0,0,0,27000,0,0,0,125000,98000,27000,27000
060022,勤誠康和99購01  ,0,0,0,0,0,0,0,0,0,27000,0,0,0,50000,23000,27000,27000
063107,矽創群益9B購01  ,0,0,0,0,0,0,0,0,0,27000,0,0,0,105000,78000,27000,27000
062743,微星國泰01購01  ,0,0,0,0,0,0,0,0,0,27000,0,0,0,27000,0,27000,27000
062641,瀚宇博國票9B購01,0,0,0,0,0,0,0,0,0,27000,0,0,0,88000,61000,27000,27000
063732,建準元大9B購02  ,0,0,0,0,0,0,0,0,0,27000,0,0,0,511000,484000,27000,27000
065274,南茂元大9C購03  ,0,0,0,0,0,0,0,0,0,27000,0,0,0,134000,107000,27000,27000
066114,瑞昱兆豐02購01  ,0,0,0,0,0,0,0,0,0,27000,0,0,0,62000,35000,27000,27000
066041,台光電元大01購02,0,0,0,0,0,0,0,0,0,27000,0,0,0,194000,167000,27000,27000
065968,國巨元大02購01  ,0,0,0,0,0,0,0,0,0,27000,0,0,0,27000,0,27000,27000
065792,TPK永豐9C購02   ,0,0,0,0,0,0,0,0,0,27000,0,0,0,62000,35000,27000,27000
6213,聯茂            ,983000,322000,661000,0,0,0,0,575000,-575000,-59000,8000,37000,-29000,18000,48000,-30000,27000
067225,巨大元大01購03  ,0,0,0,0,0,0,0,0,0,26000,0,0,0,60000,34000,26000,26000
07652P,臺股指中信9A售07,0,0,0,0,0,0,0,0,0,26000,0,0,0,30000,4000,26000,26000
058136,景碩元大99購02  ,0,0,0,0,0,0,0,0,0,26000,0,0,0,26000,0,26000,26000
057394,台積電中信9C購02,0,0,0,0,0,0,0,0,0,26000,0,0,0,206000,180000,26000,26000
057894,華通元富02購02  ,0,0,0,0,0,0,0,0,0,26000,0,0,0,26000,0,26000,26000
059351,台虹凱基99購01  ,0,0,0,0,0,0,0,0,0,26000,0,0,0,91000,65000,26000,26000
056800,臺股指麥證98購01,0,0,0,26000,0,26000,0,0,0,26000,0,0,0,26000,0,26000,26000
056465,臺股指凱基99購07,0,0,0,0,0,0,0,0,0,26000,0,0,0,26000,0,26000,26000
056383,上銀國泰99購01  ,0,0,0,0,0,0,0,0,0,26000,0,0,0,26000,0,26000,26000
057069,台積電永豐98購02,0,0,0,0,0,0,0,0,0,26000,0,0,0,26000,0,26000,26000
062626,台積電國票9C購04,0,0,0,0,0,0,0,0,0,26000,0,0,0,26000,0,26000,26000
060360,南亞科元富9A購02,0,0,0,0,0,0,0,0,0,26000,0,0,0,100000,74000,26000,26000
062165,聯茂國泰01購01  ,0,0,0,0,0,0,0,0,0,26000,0,0,0,46000,20000,26000,26000
060916,金像電國泰9C購01,0,0,0,0,0,0,0,0,0,26000,0,0,0,83000,57000,26000,26000
059947,貿聯永豐99購03  ,0,0,0,0,0,0,0,0,0,26000,0,0,0,36000,10000,26000,26000
061879,超眾元大9C購01  ,0,0,0,0,0,0,0,0,0,26000,0,0,0,51000,25000,26000,26000
063420,奇力新凱基9B購03,0,0,0,0,0,0,0,0,0,26000,0,0,0,26000,0,26000,26000
063472,茂林元大9B購04  ,0,0,0,0,0,0,0,0,0,26000,0,0,0,101000,75000,26000,26000
065706,奇鋐群益9C購02  ,0,0,0,0,0,0,0,0,0,26000,0,0,0,126000,100000,26000,26000
065931,瑞祺國票02購01  ,0,0,0,0,0,0,0,0,0,26000,0,0,0,61000,35000,26000,26000
065856,中租元大9C購03  ,0,0,0,0,0,0,0,0,0,26000,0,0,0,76000,50000,26000,26000
066173,泰碩凱基02購01  ,0,0,0,0,0,0,0,0,0,26000,0,0,0,46000,20000,26000,26000
066221,康友台新01購01  ,0,0,0,0,0,0,0,0,0,26000,0,0,0,105000,79000,26000,26000
065306,泰鼎元富9C購02  ,0,0,0,0,0,0,0,0,0,26000,0,0,0,139000,113000,26000,26000
065158,和碩群益9C購01  ,0,0,0,0,0,0,0,0,0,26000,0,0,0,37000,11000,26000,26000
065588,聯發科永豐9C購02,0,0,0,0,0,0,0,0,0,26000,0,0,0,28000,2000,26000,26000
065660,晶豪科永豐9C購01,0,0,0,0,0,0,0,0,0,26000,0,0,0,30000,4000,26000,26000
064215,康控凱基02購01  ,0,0,0,0,0,0,0,0,0,26000,0,0,0,69000,43000,26000,26000
064119,上銀元大9C購06  ,0,0,0,0,0,0,0,0,0,26000,0,0,0,26000,0,26000,26000
064567,晶技群益01購01  ,0,0,0,0,0,0,0,0,0,26000,0,0,0,39000,13000,26000,26000
07825P,健策國泰9B售04  ,0,0,0,0,0,0,0,0,0,25000,0,0,0,25000,0,25000,25000
07544P,大立光凱基9A售09,0,0,0,0,0,0,0,0,0,25000,0,0,0,25000,0,25000,25000
07365P,超眾元大99售07  ,0,0,0,0,0,0,0,0,0,25000,0,0,0,159000,134000,25000,25000
067357,欣興群益01購02  ,0,0,0,0,0,0,0,0,0,25000,0,0,0,60000,35000,25000,25000
066522,建準中信01購01  ,0,0,0,0,0,0,0,0,0,25000,0,0,0,158000,133000,25000,25000
057658,玉晶光兆豐99購02,0,0,0,0,0,0,0,0,0,25000,0,0,0,25000,0,25000,25000
058531,華通元富99購01  ,0,0,0,0,0,0,0,0,0,25000,0,0,0,25000,0,25000,25000
056376,玉晶光統一98購01,0,0,0,0,0,0,0,0,0,25000,0,0,0,25000,0,25000,25000
056466,臺股指凱基99購08,0,0,0,0,0,0,0,0,0,25000,0,0,0,225000,200000,25000,25000
056214,義隆國票99購01  ,0,0,0,0,0,0,0,0,0,25000,0,0,0,25000,0,25000,25000
055679,華通凱基99購01  ,0,0,0,0,0,0,0,0,0,25000,0,0,0,50000,25000,25000,25000
056791,嘉聯益群益98購01,0,0,0,0,0,0,0,0,0,25000,0,0,0,25000,0,25000,25000
056744,麗豐凱基9A購01  ,0,0,0,0,0,0,0,0,0,25000,0,0,0,50000,25000,25000,25000
056682,鴻海統一98購10  ,0,0,0,0,0,0,0,0,0,25000,0,0,0,25000,0,25000,25000
054217,台表科國票97購05,40000,0,40000,0,0,0,0,0,0,-15000,0,0,0,25000,40000,-15000,25000
059401,牧德元富99購01  ,0,0,0,0,0,0,0,0,0,25000,0,0,0,25000,0,25000,25000
058693,旭富國票9A購01  ,0,0,0,0,0,0,0,0,0,25000,0,0,0,25000,0,25000,25000
058371,智原凱基9A購01  ,0,0,0,0,0,0,0,0,0,25000,0,0,0,45000,20000,25000,25000
061531,奇鋐台新9A購01  ,0,0,0,0,0,0,0,0,0,25000,0,0,0,35000,10000,25000,25000
063303,聯發科凱基9B購14,0,0,0,0,0,0,0,0,0,25000,0,0,0,25000,0,25000,25000
060717,康控永豐9A購01  ,0,0,0,0,0,0,0,0,0,25000,0,0,0,35000,10000,25000,25000
061616,鴻海群益9A購07  ,0,0,0,0,0,0,0,0,0,25000,0,0,0,25000,0,25000,25000
063184,台光電凱基9B購03,0,0,0,0,0,0,0,0,0,25000,0,0,0,25000,0,25000,25000
063190,聯茂凱基9B購01  ,0,0,0,0,0,0,0,0,0,25000,0,0,0,25000,0,25000,25000
061403,滬深2X國票9A購06,0,0,0,0,0,0,0,0,0,25000,0,0,0,25000,0,25000,25000
061956,和大統一01購01  ,0,0,0,0,0,0,0,0,0,25000,0,0,0,25000,0,25000,25000
061301,華新科永豐9A購03,0,0,0,0,0,0,0,0,0,25000,0,0,0,25000,0,25000,25000
060152,上証2X永豐9A購02,0,0,0,0,0,0,0,0,0,25000,0,0,0,30000,5000,25000,25000
063153,南六元富9B購01  ,0,0,0,0,0,0,0,0,0,25000,0,0,0,35000,10000,25000,25000
062698,台積電元大01購01,0,0,0,0,0,0,0,0,0,25000,0,0,0,25000,0,25000,25000
062907,可成元大9C購03  ,0,0,0,0,0,0,0,0,0,25000,0,0,0,75000,50000,25000,25000
062878,宏達電兆豐9B購01,0,0,0,0,0,0,0,0,0,25000,0,0,0,25000,0,25000,25000
064465,台表科統一01購02,0,0,0,0,0,0,0,0,0,25000,0,0,0,76000,51000,25000,25000
064468,健策元富9C購02  ,0,0,0,0,0,0,0,0,0,25000,0,0,0,82000,57000,25000,25000
064910,臺股指麥證9C購04,0,0,0,47000,22000,25000,0,0,0,25000,0,0,0,47000,22000,25000,25000
064965,臺指反元大03購02,0,0,0,0,0,0,0,0,0,25000,0,0,0,40000,15000,25000,25000
063938,上銀元大9C購03  ,0,0,0,0,0,0,0,0,0,25000,0,0,0,25000,0,25000,25000
063939,上銀元大9C購04  ,0,0,0,0,0,0,0,0,0,25000,0,0,0,25000,0,25000,25000
065466,台表科中信01購03,0,0,0,0,0,0,0,0,0,25000,0,0,0,152000,127000,25000,25000
065400,華擎群益01購02  ,0,0,0,0,0,0,0,0,0,25000,0,0,0,196000,171000,25000,25000
065382,緯穎元大9C購04  ,0,0,0,0,0,0,0,0,0,25000,0,0,0,70000,45000,25000,25000
065116,臺股指國票9C購13,0,0,0,0,0,0,0,0,0,25000,0,0,0,35000,10000,25000,25000
065357,立積元富03購01  ,0,0,0,0,0,0,0,0,0,25000,0,0,0,25000,0,25000,25000
066256,華通元大02購02  ,0,0,0,0,0,0,0,0,0,25000,0,0,0,25000,0,25000,25000
066020,東元群益01購01  ,0,0,0,0,0,0,0,0,0,25000,0,0,0,25000,0,25000,25000
06599P,宏達電永豐98售02,0,0,0,0,0,0,0,0,0,25000,0,0,0,25000,0,25000,25000
065987,大毅永豐01購01  ,0,0,0,0,0,0,0,0,0,25000,0,0,0,25000,0,25000,25000
9930,中聯資源        ,23000,13000,10000,0,0,0,0,0,0,15000,15000,0,15000,0,0,0,25000
4976,佳凌            ,110000,85000,25000,0,0,0,0,0,0,0,0,0,0,0,0,0,25000
1453,大將            ,24000,1000,23000,0,0,0,0,0,0,1000,1000,0,1000,0,0,0,24000
08568P,臺股指富邦9C售05,0,0,0,0,0,0,0,0,0,24000,0,0,0,100000,76000,24000,24000
08700P,瑞昱康和01售01  ,0,0,0,0,0,0,0,0,0,24000,0,0,0,24000,0,24000,24000
058207,南茂凱基99購01  ,0,0,0,0,0,0,0,0,0,24000,0,0,0,69000,45000,24000,24000
058036,南電永豐98購01  ,0,0,0,0,0,0,0,0,0,24000,0,0,0,55000,31000,24000,24000
062287,康友群益9B購02  ,0,0,0,0,0,0,0,0,0,24000,0,0,0,24000,0,24000,24000
062302,聯詠中信05購02  ,0,0,0,0,0,0,0,0,0,24000,0,0,0,35000,11000,24000,24000
062379,致新元大9B購01  ,0,0,0,0,0,0,0,0,0,24000,0,0,0,44000,20000,24000,24000
062582,鴻海統一9C購11  ,0,0,0,0,0,0,0,0,0,24000,0,0,0,92000,68000,24000,24000
062192,南六元大9B購01  ,0,0,0,0,0,0,0,0,0,24000,0,0,0,27000,3000,24000,24000
058677,矽格群益99購01  ,0,0,0,0,0,0,0,0,0,24000,0,0,0,137000,113000,24000,24000
059379,聯電亞東99購02  ,0,0,0,0,0,0,0,0,0,24000,0,0,0,24000,0,24000,24000
00866,新光Shiller CAPE,0,0,0,0,0,0,0,0,0,24000,0,0,0,50000,26000,24000,24000
056213,建準國票98購02  ,0,0,0,0,0,0,0,0,0,24000,0,0,0,47000,23000,24000,24000
055290,玉晶光元大98購08,0,0,0,0,0,0,0,0,0,24000,0,0,0,24000,0,24000,24000
058971,台積電永豐99購03,0,0,0,0,0,0,0,0,0,24000,0,0,0,263000,239000,24000,24000
061303,玉晶光永豐9B購03,0,0,0,0,0,0,0,0,0,24000,0,0,0,24000,0,24000,24000
061245,晶技群益9A購01  ,0,0,0,0,0,0,0,0,0,24000,0,0,0,25000,1000,24000,24000
062057,華邦電統一01購01,0,0,0,0,0,0,0,0,0,24000,0,0,0,35000,11000,24000,24000
061709,SP黃豆凱基01購02,0,0,0,0,0,0,0,0,0,24000,0,0,0,75000,51000,24000,24000
061047,大立光第一9A購01,0,0,0,0,0,0,0,0,0,24000,0,0,0,27000,3000,24000,24000
063425,台勝科凱基9B購02,0,0,0,0,0,0,0,0,0,24000,0,0,0,30000,6000,24000,24000
063560,力山元大9B購05  ,0,0,0,0,0,0,0,0,0,24000,0,0,0,70000,46000,24000,24000
063617,鴻海兆豐01購01  ,0,0,0,0,0,0,0,0,0,24000,0,0,0,24000,0,24000,24000
066218,美利達統一03購02,0,0,0,0,0,0,0,0,0,24000,0,0,0,24000,0,24000,24000
065516,健鼎群益9C購02  ,0,0,0,0,0,0,0,0,0,24000,0,0,0,84000,60000,24000,24000
064729,聯茂統一02購02  ,0,0,0,0,0,0,0,0,0,24000,0,0,0,269000,245000,24000,24000
08291P,智邦台新9C售02  ,0,0,0,0,0,0,0,0,0,23000,0,0,0,23000,0,23000,23000
066353,台塑化永豐01購01,0,0,0,0,0,0,0,0,0,23000,0,0,0,23000,0,23000,23000
06962P,華新科永豐99售01,0,0,0,0,0,0,0,0,0,23000,0,0,0,51000,28000,23000,23000
067170,台積電麥證01購08,0,0,0,143000,120000,23000,0,0,0,23000,0,0,0,143000,120000,23000,23000
056861,美律群益99購01  ,0,0,0,0,0,0,0,0,0,23000,0,0,0,23000,0,23000,23000
00702,國泰標普低波高息,13000,0,13000,0,0,0,0,0,0,10000,0,0,0,10000,0,10000,23000
00678,群益NBI生技     ,0,92000,-92000,0,0,0,0,0,0,115000,0,0,0,435000,320000,115000,23000
054574,美律元大99購01  ,0,0,0,0,0,0,0,0,0,23000,0,0,0,23000,0,23000,23000
062599,鴻海台新9B購01  ,0,0,0,0,0,0,0,0,0,23000,0,0,0,23000,0,23000,23000
062550,啟碁永豐9B購01  ,0,0,0,0,0,0,0,0,0,23000,0,0,0,23000,0,23000,23000
058751,南茂凱基9A購01  ,0,0,0,0,0,0,0,0,0,23000,0,0,0,41000,18000,23000,23000
058112,神達元富98購01  ,0,0,0,0,0,0,0,0,0,23000,0,0,0,23000,0,23000,23000
063475,同欣電元大9C購01,0,0,0,0,0,0,0,0,0,23000,0,0,0,164000,141000,23000,23000
061025,創意富邦9B購01  ,0,0,0,0,0,0,0,0,0,23000,0,0,0,40000,17000,23000,23000
061180,華擎凱基9B購01  ,0,0,0,0,0,0,0,0,0,23000,0,0,0,54000,31000,23000,23000
060845,欣興國票9A購01  ,0,0,0,0,0,0,0,0,0,23000,0,0,0,23000,0,23000,23000
062164,禾伸堂國泰01購01,0,0,0,0,0,0,0,0,0,23000,0,0,0,23000,0,23000,23000
060632,可成富邦9B購01  ,0,0,0,0,0,0,0,0,0,23000,0,0,0,101000,78000,23000,23000
061275,臺股指凱基9A購25,0,0,0,0,0,0,0,0,0,23000,0,0,0,31000,8000,23000,23000
061986,晶豪科元大9B購01,0,0,0,0,0,0,0,0,0,23000,0,0,0,58000,35000,23000,23000
062728,健策凱基9B購04  ,0,0,0,0,0,0,0,0,0,23000,0,0,0,26000,3000,23000,23000
059832,超眾康和99購01  ,0,0,0,0,0,0,0,0,0,23000,0,0,0,23000,0,23000,23000
063096,勤誠國票9B購02  ,0,0,0,0,0,0,0,0,0,23000,0,0,0,87000,64000,23000,23000
060151,旺宏富邦9A購02  ,0,0,0,0,0,0,0,0,0,23000,0,0,0,23000,0,23000,23000
060414,中興電永豐9A購01,0,0,0,0,0,0,0,0,0,23000,0,0,0,27000,4000,23000,23000
064662,鴻海元大9C購10  ,0,0,0,0,0,0,0,0,0,23000,0,0,0,54000,31000,23000,23000
063913,貿聯凱基02購01  ,0,0,0,0,0,0,0,0,0,23000,0,0,0,100000,77000,23000,23000
063752,瑞祺國票9C購01  ,0,0,0,0,0,0,0,0,0,23000,0,0,0,23000,0,23000,23000
065478,緯創元大9C購03  ,0,0,0,0,0,0,0,0,0,23000,0,0,0,259000,236000,23000,23000
065169,華邦電元大9C購03,0,0,0,0,0,0,0,0,0,23000,0,0,0,125000,102000,23000,23000
065711,矽格群益9C購02  ,0,0,0,0,0,0,0,0,0,23000,0,0,0,26000,3000,23000,23000
6189,豐藝            ,67000,44000,23000,0,0,0,0,0,0,0,0,0,0,0,0,0,23000
067028,上海銀兆豐03購01,0,0,0,0,0,0,0,0,0,22000,0,0,0,27000,5000,22000,22000
067016,康控富邦04購01  ,0,0,0,0,0,0,0,0,0,22000,0,0,0,25000,3000,22000,22000
066606,聯詠永豐01購01  ,0,0,0,0,0,0,0,0,0,22000,0,0,0,90000,68000,22000,22000
066655,上証2X凱基03購03,0,0,0,0,0,0,0,0,0,22000,0,0,0,26000,4000,22000,22000
08088P,義隆凱基9B售03  ,0,0,0,0,0,0,0,0,0,22000,0,0,0,22000,0,22000,22000
08430P,友達凱基01售01  ,0,0,0,0,0,0,0,0,0,22000,0,0,0,32000,10000,22000,22000
058167,鴻海凱基9A購03  ,0,0,0,0,0,0,0,0,0,22000,0,0,0,22000,0,22000,22000
058703,台積電元大99購16,0,0,0,0,0,0,0,0,0,22000,0,0,0,22000,0,22000,22000
057570,技嘉永豐98購02  ,0,0,0,0,0,0,0,0,0,22000,0,0,0,139000,117000,22000,22000
059529,華新科凱基9A購04,0,0,0,0,0,0,0,0,0,22000,0,0,0,47000,25000,22000,22000
055576,嘉晶統一98購01  ,0,0,0,0,0,0,0,0,0,22000,0,0,0,22000,0,22000,22000
062669,微星中信03購01  ,0,0,0,0,0,0,0,0,0,22000,0,0,0,42000,20000,22000,22000
062835,瑞儀群益9B購01  ,0,0,0,0,0,0,0,0,0,22000,0,0,0,26000,4000,22000,22000
062798,台光電統一9B購01,0,0,0,0,0,0,0,0,0,22000,0,0,0,22000,0,22000,22000
062983,緯穎元富9B購01  ,0,0,0,0,0,0,0,0,0,22000,0,0,0,22000,0,22000,22000
061972,華新元大9B購01  ,0,0,0,0,0,0,0,0,0,22000,0,0,0,22000,0,22000,22000
060646,南電永豐9A購01  ,0,0,0,0,0,0,0,0,0,22000,0,0,0,48000,26000,22000,22000
059660,華新科元大9A購04,0,0,0,0,0,0,0,0,0,22000,0,0,0,24000,2000,22000,22000
060871,台灣50中信01購03,0,0,0,0,0,0,0,0,0,22000,0,0,0,27000,5000,22000,22000
060425,凌華永豐9A購01  ,0,0,0,0,0,0,0,0,0,22000,0,0,0,140000,118000,22000,22000
063293,億豐元大9B購01  ,0,0,0,0,0,0,0,0,0,22000,0,0,0,22000,0,22000,22000
061907,裕隆中信9B購01  ,0,0,0,0,0,0,0,0,0,22000,0,0,0,22000,0,22000,22000
065965,國巨元大01購05  ,0,0,0,0,0,0,0,0,0,22000,0,0,0,72000,50000,22000,22000
066126,南港群益01購01  ,0,0,0,0,0,0,0,0,0,22000,0,0,0,44000,22000,22000,22000
065110,嘉澤國票01購01  ,0,0,0,0,0,0,0,0,0,22000,0,0,0,77000,55000,22000,22000
065310,華擎國票01購01  ,0,0,0,0,0,0,0,0,0,22000,0,0,0,60000,38000,22000,22000
065273,南電元大9C購06  ,0,0,0,0,0,0,0,0,0,22000,0,0,0,23000,1000,22000,22000
065393,旺宏群益9C購04  ,0,0,0,0,0,0,0,0,0,22000,0,0,0,44000,22000,22000,22000
064201,新光金兆豐9C購01,0,0,0,0,0,0,0,0,0,22000,0,0,0,22000,0,22000,22000
064249,聯發科元富06購01,0,0,0,0,0,0,0,0,0,22000,0,0,0,36000,14000,22000,22000
064511,GIS元大9C購05   ,0,0,0,0,0,0,0,0,0,22000,0,0,0,130000,108000,22000,22000
064523,聯茂群益9C購01  ,0,0,0,0,0,0,0,0,0,22000,0,0,0,100000,78000,22000,22000
2009,第一銅          ,37000,13000,24000,0,0,0,0,0,0,-2000,0,2000,-2000,0,0,0,22000
08468P,台郡統一9C售02  ,0,0,0,0,0,0,0,0,0,21000,0,0,0,51000,30000,21000,21000
08310P,南電凱基9C售01  ,0,0,0,0,0,0,0,0,0,21000,0,0,0,35000,14000,21000,21000
07840P,康控元大9A售02  ,0,0,0,0,0,0,0,0,0,21000,0,0,0,281000,260000,21000,21000
07794P,智邦國票9A售03  ,0,0,0,0,0,0,0,0,0,21000,0,0,0,70000,49000,21000,21000
066860,健策國票02購02  ,0,0,0,0,0,0,0,0,0,21000,0,0,0,26000,5000,21000,21000
066461,智伸科統一04購01,0,0,0,0,0,0,0,0,0,21000,0,0,0,46000,25000,21000,21000
067140,鎧勝永豐01購02  ,0,0,0,0,0,0,0,0,0,21000,0,0,0,21000,0,21000,21000
07114P,旺宏兆豐9A售01  ,0,0,0,0,0,0,0,0,0,21000,0,0,0,21000,0,21000,21000
055026,健和興國泰98購01,0,0,0,0,0,0,0,0,0,21000,0,0,0,21000,0,21000,21000
055424,聚陽群益98購01  ,0,0,0,0,0,0,0,0,0,21000,0,0,0,21000,0,21000,21000
03035X,元展32          ,0,0,0,0,0,0,0,0,0,21000,0,0,0,21000,0,21000,21000
052888,台表科中信9A購01,0,0,0,0,0,0,0,0,0,21000,0,0,0,21000,0,21000,21000
058721,立積元富9C購01  ,0,0,0,0,0,0,0,0,0,21000,0,0,0,32000,11000,21000,21000
059250,大立光凱基99購06,0,0,0,0,0,0,0,0,0,21000,0,0,0,21000,0,21000,21000
058318,致茂永豐9A購01  ,0,0,0,0,0,0,0,0,0,21000,0,0,0,78000,57000,21000,21000
062590,亞光統一9B購01  ,0,0,0,0,0,0,0,0,0,21000,0,0,0,133000,112000,21000,21000
062190,瀚宇博元大9B購01,0,0,0,0,0,0,0,0,0,21000,0,0,0,135000,114000,21000,21000
061596,健策永豐9A購03  ,0,0,0,0,0,0,0,0,0,21000,0,0,0,34000,13000,21000,21000
063371,南亞科永豐9B購01,0,0,0,0,0,0,0,0,0,21000,0,0,0,21000,0,21000,21000
063638,華新科元大9B購14,0,0,0,0,0,0,0,0,0,21000,0,0,0,72000,51000,21000,21000
060947,台積電統一9C購03,0,0,0,0,0,0,0,0,0,21000,0,0,0,22000,1000,21000,21000
061095,台積電台新9B購03,0,0,0,0,0,0,0,0,0,21000,0,0,0,21000,0,21000,21000
06083P,華通統一98售02  ,0,0,0,0,0,0,0,0,0,21000,0,0,0,98000,77000,21000,21000
061520,健策中信9A購01  ,0,0,0,0,0,0,0,0,0,21000,0,0,0,22000,1000,21000,21000
060238,強茂元大9C購01  ,0,0,0,0,0,0,0,0,0,21000,0,0,0,21000,0,21000,21000
060283,台肥元大9C購01  ,0,0,0,0,0,0,0,0,0,21000,0,0,0,27000,6000,21000,21000
064646,群創凱基02購01  ,0,0,0,0,0,0,0,0,0,21000,0,0,0,32000,11000,21000,21000
064780,義隆群益9C購04  ,0,0,0,0,0,0,0,0,0,21000,0,0,0,22000,1000,21000,21000
064992,玉晶光兆豐01購01,0,0,0,0,0,0,0,0,0,21000,0,0,0,96000,75000,21000,21000
064207,國巨凱基03購02  ,0,0,0,0,0,0,0,0,0,21000,0,0,0,118000,97000,21000,21000
065655,緯穎元大9C購05  ,0,0,0,0,0,0,0,0,0,21000,0,0,0,26000,5000,21000,21000
4540,全球傳動        ,51000,30000,21000,0,0,0,0,0,0,0,0,0,0,0,0,0,21000
8480,泰昇-KY         ,41000,20000,21000,0,0,0,0,0,0,0,0,0,0,0,0,0,21000
07092P,上銀凱基99售03  ,0,0,0,0,0,0,0,0,0,20000,0,0,0,20000,0,20000,20000
07057P,大立光康和9B售02,0,0,0,0,0,0,0,0,0,20000,0,0,0,20000,0,20000,20000
06952P,大立光統一9A售03,0,0,0,0,0,0,0,0,0,20000,0,0,0,20000,0,20000,20000
06831P,臺股指國票98售07,0,0,0,0,0,0,0,0,0,20000,0,0,0,20000,0,20000,20000
067077,智原元大01購04  ,0,0,0,0,0,0,0,0,0,20000,0,0,0,24000,4000,20000,20000
066349,聚碩永豐01購01  ,0,0,0,0,0,0,0,0,0,20000,0,0,0,20000,0,20000,20000
066330,新興永豐01購01  ,0,0,0,0,0,0,0,0,0,20000,0,0,0,20000,0,20000,20000
066440,南帝群益01購01  ,0,0,0,0,0,0,0,0,0,20000,0,0,0,20000,0,20000,20000
066820,南茂兆豐03購01  ,0,0,0,0,0,0,0,0,0,20000,0,0,0,20000,0,20000,20000
06693P,臺股指凱基98售01,0,0,0,0,0,0,0,0,0,20000,0,0,0,20000,0,20000,20000
066934,宏達電國票02購01,0,0,0,0,0,0,0,0,0,20000,0,0,0,20000,0,20000,20000
07763P,嘉澤永豐9A售02  ,0,0,0,0,0,0,0,0,0,20000,0,0,0,20000,0,20000,20000
07822P,滬深2X元大9A售09,0,0,0,0,0,0,0,0,0,20000,0,0,0,20000,0,20000,20000
07884P,華新科凱基9B售08,0,0,0,0,0,0,0,0,0,20000,0,0,0,20000,0,20000,20000
07936P,臺股指國票9B售08,0,0,0,0,0,0,0,0,0,20000,0,0,0,20000,0,20000,20000
07347P,上証2X凱基99售02,0,0,0,0,0,0,0,0,0,20000,0,0,0,20000,0,20000,20000
07265P,大立光元大99售16,0,0,0,0,0,0,0,0,0,20000,0,0,0,20000,0,20000,20000
07531P,大立光國泰9B售03,0,0,0,0,0,0,0,0,0,20000,0,0,0,30000,10000,20000,20000
08309P,GIS凱基9C售01   ,0,0,0,0,0,0,0,0,0,20000,0,0,0,198000,178000,20000,20000
08340P,聯發科元富9C售01,0,0,0,0,0,0,0,0,0,20000,0,0,0,20000,0,20000,20000
08235P,南電國泰9C售03  ,0,0,0,0,0,0,0,0,0,20000,0,0,0,20000,0,20000,20000
07959P,健策永豐9B售05  ,0,0,0,0,0,0,0,0,0,20000,0,0,0,20000,0,20000,20000
08492P,大立光元大9C售22,0,0,0,0,0,0,0,0,0,20000,0,0,0,20000,0,20000,20000
08420P,國巨群益9C售12  ,0,0,0,0,0,0,0,0,0,20000,0,0,0,20000,0,20000,20000
08411P,技嘉凱基9C售01  ,0,0,0,0,0,0,0,0,0,20000,0,0,0,44000,24000,20000,20000
08654P,台積電群益9C售13,0,0,0,0,0,0,0,0,0,20000,0,0,0,20000,0,20000,20000
08591P,台光電凱基9C售02,0,0,0,0,0,0,0,0,0,20000,0,0,0,20000,0,20000,20000
08780P,聯發科群益02售06,0,0,0,0,0,0,0,0,0,20000,0,0,0,20000,0,20000,20000
08822P,聯發科凱基01售12,0,0,0,0,0,0,0,0,0,20000,0,0,0,70000,50000,20000,20000
062583,鴻海統一9C購12  ,0,0,0,0,0,0,0,0,0,20000,0,0,0,20000,0,20000,20000
062579,華通統一01購02  ,0,0,0,0,0,0,0,0,0,20000,0,0,0,20000,0,20000,20000
062562,瑞儀凱基9B購02  ,0,0,0,0,0,0,0,0,0,20000,0,0,0,25000,5000,20000,20000
058820,致茂國泰9B購01  ,0,0,0,0,0,0,0,0,0,20000,0,0,0,20000,0,20000,20000
062261,嘉晶元大9B購02  ,0,0,0,0,0,0,0,0,0,20000,0,0,0,25000,5000,20000,20000
058239,景碩元大99購03  ,0,0,0,0,0,0,0,0,0,20000,0,0,0,20000,0,20000,20000
058151,台積電統一9A購04,0,0,0,0,0,0,0,0,0,20000,0,0,0,20000,0,20000,20000
058134,信邦元大99購01  ,0,0,0,0,0,0,0,0,0,20000,0,0,0,20000,0,20000,20000
058084,大立光群益98購04,0,0,0,0,0,0,0,0,0,20000,0,0,0,20000,0,20000,20000
058037,台灣50元大9B購02,0,0,0,0,0,0,0,0,0,20000,0,0,0,34000,14000,20000,20000
058479,亞光凱基9A購01  ,0,0,0,0,0,0,0,0,0,20000,0,0,0,20000,0,20000,20000
059103,旭富元富99購03  ,0,0,0,0,0,0,0,0,0,20000,0,0,0,20000,0,20000,20000
058896,中環元大99購03  ,0,0,0,0,0,0,0,0,0,20000,0,0,0,20000,0,20000,20000
058851,大立光群益99購07,0,0,0,0,0,0,0,0,0,20000,0,0,0,20000,0,20000,20000
057357,超眾統一98購01  ,0,0,0,0,0,0,0,0,0,20000,0,0,0,30000,10000,20000,20000
057582,亞光中信9A購02  ,0,0,0,0,0,0,0,0,0,20000,0,0,0,30000,10000,20000,20000
057483,微星元大98購04  ,0,0,0,0,0,0,0,0,0,20000,0,0,0,20000,0,20000,20000
057902,嘉晶永豐98購02  ,0,0,0,0,0,0,0,0,0,20000,0,0,0,60000,40000,20000,20000
057621,崇越凱基98購01  ,0,0,0,0,0,0,0,0,0,20000,0,0,0,20000,0,20000,20000
057891,華新科統一9A購01,0,0,0,0,0,0,0,0,0,20000,0,0,0,20000,0,20000,20000
057968,可成國泰9A購01  ,0,0,0,0,0,0,0,0,0,20000,0,0,0,40000,20000,20000,20000
053568,智伸科富邦98購01,0,0,0,0,0,0,0,0,0,20000,0,0,0,20000,0,20000,20000
056598,京元電元富98購01,0,0,0,0,0,0,0,0,0,20000,0,0,0,20000,0,20000,20000
056669,貿聯國票99購01  ,0,0,0,0,0,0,0,0,0,20000,0,0,0,20000,0,20000,20000
054930,群電凱基98購01  ,0,0,0,0,0,0,0,0,0,20000,0,0,0,30000,10000,20000,20000
045443,群創元富98購01  ,0,0,0,0,0,0,0,0,0,20000,0,0,0,20000,0,20000,20000
054259,健策元大97購03  ,0,0,0,0,0,0,0,0,0,20000,0,0,0,20000,0,20000,20000
054418,茂林元大97購01  ,0,0,0,0,0,0,0,0,0,20000,0,0,0,199000,179000,20000,20000
054212,聯詠國票97購03  ,0,0,0,0,0,0,0,0,0,20000,0,0,0,20000,0,20000,20000
054179,上海銀台新97購01,0,0,0,0,0,0,0,0,0,20000,0,0,0,20000,0,20000,20000
054095,同欣電群益98購03,0,0,0,0,0,0,0,0,0,20000,0,0,0,20000,0,20000,20000
00730,富邦臺灣優質高息,0,0,0,0,0,0,0,0,0,20000,0,0,0,108000,88000,20000,20000
055336,茂林兆豐98購01  ,0,0,0,0,0,0,0,0,0,20000,0,0,0,28000,8000,20000,20000
055232,泰碩國票98購01  ,0,0,0,0,0,0,0,0,0,20000,0,0,0,20000,0,20000,20000
055615,宏達電國票99購02,0,0,0,0,0,0,0,0,0,20000,0,0,0,50000,30000,20000,20000
056263,友訊統一99購01  ,0,0,0,0,0,0,0,0,0,20000,0,0,0,20000,0,20000,20000
056118,聯詠群益97購03  ,0,0,0,0,0,0,0,0,0,20000,0,0,0,20000,0,20000,20000
058994,道瓊指元大99購01,0,0,0,0,0,0,0,0,0,20000,0,0,0,20000,0,20000,20000
059474,元石油群益99購01,0,0,0,0,0,0,0,0,0,20000,0,0,0,20000,0,20000,20000
056894,佳世達元大99購01,0,0,0,0,0,0,0,0,0,20000,0,0,0,20000,0,20000,20000
060227,和大元大9A購01  ,0,0,0,0,0,0,0,0,0,20000,0,0,0,20000,0,20000,20000
060162,碩天永豐9A購01  ,0,0,0,0,0,0,0,0,0,20000,0,0,0,30000,10000,20000,20000
060307,南港永豐9A購01  ,0,0,0,0,0,0,0,0,0,20000,0,0,0,44000,24000,20000,20000
059823,奇力新凱基99購07,0,0,0,0,0,0,0,0,0,20000,0,0,0,20000,0,20000,20000
062984,致新元富9B購01  ,0,0,0,0,0,0,0,0,0,20000,0,0,0,70000,50000,20000,20000
062991,台光電群益9B購03,0,0,0,0,0,0,0,0,0,20000,0,0,0,20000,0,20000,20000
063007,儒鴻元大9B購01  ,0,0,0,0,0,0,0,0,0,20000,0,0,0,32000,12000,20000,20000
062901,台積電元大9B購05,0,0,0,0,0,0,0,0,0,20000,0,0,0,110000,90000,20000,20000
062832,嘉澤群益9B購02  ,0,0,0,0,0,0,0,0,0,20000,0,0,0,20000,0,20000,20000
062666,和碩群益9B購01  ,0,0,0,0,0,0,0,0,0,20000,0,0,0,22000,2000,20000,20000
062697,國巨元大9C購01  ,0,0,0,0,0,0,0,0,0,20000,0,0,0,20000,0,20000,20000
059662,旭富元大9C購01  ,0,0,0,0,0,0,0,0,0,20000,0,0,0,20000,0,20000,20000
062044,健策凱基9B購02  ,0,0,0,0,0,0,0,0,0,20000,0,0,0,23000,3000,20000,20000
061387,鴻海群益9A購05  ,0,0,0,0,0,0,0,0,0,20000,0,0,0,25000,5000,20000,20000
061388,台積電群益9A購05,0,0,0,0,0,0,0,0,0,20000,0,0,0,22000,2000,20000,20000
063238,漢唐元大9B購02  ,0,0,0,0,0,0,0,0,0,20000,0,0,0,20000,0,20000,20000
061415,健策群益9A購04  ,0,0,0,0,0,0,0,0,0,20000,0,0,0,24000,4000,20000,20000
063222,群創群益9B購03  ,0,0,0,0,0,0,0,0,0,20000,0,0,0,20000,0,20000,20000
061427,旭富元大9A購02  ,0,0,0,0,0,0,0,0,0,20000,0,0,0,50000,30000,20000,20000
061302,晶技永豐9A購04  ,0,0,0,0,0,0,0,0,0,20000,0,0,0,20000,0,20000,20000
061242,玉晶光兆豐9B購02,0,0,0,0,0,0,0,0,0,20000,0,0,0,20000,0,20000,20000
060557,南電凱基9A購02  ,0,0,0,0,0,0,0,0,0,20000,0,0,0,23000,3000,20000,20000
060511,群創元大9B購08  ,0,0,0,0,0,0,0,0,0,20000,0,0,0,25000,5000,20000,20000
060550,可成凱基9A購02  ,0,0,0,0,0,0,0,0,0,20000,0,0,0,20000,0,20000,20000
062476,神隆國票9B購01  ,0,0,0,0,0,0,0,0,0,20000,0,0,0,58000,38000,20000,20000
059571,奇力新凱基99購06,0,0,0,0,0,0,0,0,0,20000,0,0,0,20000,0,20000,20000
059543,可成亞東99購02  ,0,0,0,0,0,0,0,0,0,20000,0,0,0,20000,0,20000,20000
061624,中租群益9A購01  ,0,0,0,0,0,0,0,0,0,20000,0,0,0,30000,10000,20000,20000
061683,台灣50群益9B購09,0,0,0,0,0,0,0,0,0,20000,0,0,0,30000,10000,20000,20000
061492,超眾兆豐9B購01  ,0,0,0,0,0,0,0,0,0,20000,0,0,0,20000,0,20000,20000
061496,華新科國票9A購07,0,0,0,0,0,0,0,0,0,20000,0,0,0,20000,0,20000,20000
061447,鴻海中信04購02  ,0,0,0,0,0,0,0,0,0,20000,0,0,0,20000,0,20000,20000
061452,大成鋼凱基9A購01,0,0,0,0,0,0,0,0,0,20000,0,0,0,20000,0,20000,20000
061169,GIS兆豐9A購01   ,0,0,0,0,0,0,0,0,0,20000,0,0,0,20000,0,20000,20000
061213,群創元大9A購05  ,0,0,0,0,0,0,0,0,0,20000,0,0,0,25000,5000,20000,20000
061214,華擎元大9A購04  ,0,0,0,0,0,0,0,0,0,20000,0,0,0,20000,0,20000,20000
061111,台表科元大9A購02,0,0,0,0,0,0,0,0,0,20000,0,0,0,20000,0,20000,20000
061119,國巨永豐9A購03  ,0,0,0,0,0,0,0,0,0,20000,0,0,0,20000,0,20000,20000
061146,台表科中信9A購02,0,0,0,0,0,0,0,0,0,20000,0,0,0,20000,0,20000,20000
060956,超眾群益9A購01  ,0,0,0,0,0,0,0,0,0,20000,0,0,0,41000,21000,20000,20000
060931,GIS永豐9A購01   ,0,0,0,0,0,0,0,0,0,20000,0,0,0,20000,0,20000,20000
060424,中租永豐9A購01  ,0,0,0,0,0,0,0,0,0,20000,0,0,0,40000,20000,20000,20000
059954,華新科康和99購01,0,0,0,0,0,0,0,0,0,20000,0,0,0,23000,3000,20000,20000
060900,超眾凱基9B購01  ,0,0,0,0,0,0,0,0,0,20000,0,0,0,88000,68000,20000,20000
063558,聚陽元大9B購02  ,0,0,0,0,0,0,0,0,0,20000,0,0,0,20000,0,20000,20000
063480,南六元大9C購01  ,0,0,0,0,0,0,0,0,0,20000,0,0,0,101000,81000,20000,20000
063357,聯發科國泰01購04,0,0,0,0,0,0,0,0,0,20000,0,0,0,20000,0,20000,20000
063067,緯穎麥證9B購01  ,0,0,0,20000,0,20000,0,0,0,20000,0,0,0,20000,0,20000,20000
063062,群創元富9B購01  ,0,0,0,0,0,0,0,0,0,20000,0,0,0,20000,0,20000,20000
063030,華通凱基9B購03  ,0,0,0,0,0,0,0,0,0,20000,0,0,0,20000,0,20000,20000
061876,明泰元大9B購01  ,0,0,0,0,0,0,0,0,0,20000,0,0,0,20000,0,20000,20000
065637,台灣50元大9C購50,0,0,0,0,0,0,0,0,0,20000,0,0,0,20000,0,20000,20000
065549,智邦凱基9C購03  ,0,0,0,0,0,0,0,0,0,20000,0,0,0,20000,0,20000,20000
065542,緯穎統一01購05  ,0,0,0,0,0,0,0,0,0,20000,0,0,0,20000,0,20000,20000
065559,超眾凱基9C購03  ,0,0,0,0,0,0,0,0,0,20000,0,0,0,88000,68000,20000,20000
065527,巨大群益9C購03  ,0,0,0,0,0,0,0,0,0,20000,0,0,0,20000,0,20000,20000
065413,玉晶光永豐9C購10,0,0,0,0,0,0,0,0,0,20000,0,0,0,20000,0,20000,20000
065309,亞光國票01購01  ,0,0,0,0,0,0,0,0,0,20000,0,0,0,20000,0,20000,20000
065288,華新科群益02購02,0,0,0,0,0,0,0,0,0,20000,0,0,0,67000,47000,20000,20000
065290,奇鋐群益9C購01  ,0,0,0,0,0,0,0,0,0,20000,0,0,0,60000,40000,20000,20000
065986,金像電永豐01購03,0,0,0,0,0,0,0,0,0,20000,0,0,0,20000,0,20000,20000
066002,健策國票02購01  ,0,0,0,0,0,0,0,0,0,20000,0,0,0,25000,5000,20000,20000
066216,南電統一03購01  ,0,0,0,0,0,0,0,0,0,20000,0,0,0,71000,51000,20000,20000
066251,川湖元大01購01  ,0,0,0,0,0,0,0,0,0,20000,0,0,0,40000,20000,20000,20000
065699,南亞科群益9C購02,0,0,0,0,0,0,0,0,0,20000,0,0,0,20000,0,20000,20000
064128,國產元大9C購01  ,0,0,0,0,0,0,0,0,0,20000,0,0,0,20000,0,20000,20000
064091,台郡凱基01購01  ,0,0,0,0,0,0,0,0,0,20000,0,0,0,40000,20000,20000,20000
064064,義隆富邦03購01  ,0,0,0,0,0,0,0,0,0,20000,0,0,0,24000,4000,20000,20000
065018,台達電富邦03購01,0,0,0,0,0,0,0,0,0,20000,0,0,0,75000,55000,20000,20000
064897,宏達電群益9C購02,0,0,0,0,0,0,0,0,0,20000,0,0,0,22000,2000,20000,20000
064869,景碩永豐9C購01  ,0,0,0,0,0,0,0,0,0,20000,0,0,0,88000,68000,20000,20000
064876,旺宏兆豐9C購01  ,0,0,0,0,0,0,0,0,0,20000,0,0,0,93000,73000,20000,20000
064601,嘉晶元富9C購03  ,0,0,0,0,0,0,0,0,0,20000,0,0,0,20000,0,20000,20000
064400,大成鋼凱基01購01,0,0,0,0,0,0,0,0,0,20000,0,0,0,20000,0,20000,20000
910322,康師傅-DR       ,21000,1000,20000,0,0,0,0,0,0,0,0,0,0,0,0,0,20000
1220,台榮            ,26000,7000,19000,0,0,0,0,0,0,0,0,0,0,0,0,0,19000
08569P,玉晶光永豐9C售09,0,0,0,0,0,0,0,0,0,19000,0,0,0,68000,49000,19000,19000
07148P,富邦金元大99售01,0,0,0,0,0,0,0,0,0,19000,0,0,0,19000,0,19000,19000
059475,元石油群益99購02,0,0,0,0,0,0,0,0,0,19000,0,0,0,20000,1000,19000,19000
058581,大立光群益99購05,0,0,0,0,0,0,0,0,0,19000,0,0,0,111000,92000,19000,19000
055119,力成凱基98購01  ,0,0,0,0,0,0,0,0,0,19000,0,0,0,49000,30000,19000,19000
056410,康控國票99購01  ,0,0,0,0,0,0,0,0,0,19000,0,0,0,192000,173000,19000,19000
056743,貿聯凱基98購04  ,0,0,0,0,0,0,0,0,0,19000,0,0,0,20000,1000,19000,19000
053528,南電中信9A購01  ,0,0,0,0,0,0,0,0,0,19000,0,0,0,19000,0,19000,19000
057632,傳奇永豐98購01  ,0,0,0,0,0,0,0,0,0,19000,0,0,0,19000,0,19000,19000
059277,群創元大99購05  ,0,0,0,0,0,0,0,0,0,19000,0,0,0,29000,10000,19000,19000
062275,燿華群益9B購01  ,0,0,0,0,0,0,0,0,0,19000,0,0,0,19000,0,19000,19000
062316,康控凱基9B購03  ,0,0,0,0,0,0,0,0,0,19000,0,0,0,24000,5000,19000,19000
063314,美律群益9B購01  ,0,0,0,0,0,0,0,0,0,19000,0,0,0,59000,40000,19000,19000
063372,漢翔永豐9B購01  ,0,0,0,0,0,0,0,0,0,19000,0,0,0,19000,0,19000,19000
063557,聚陽元大9B購01  ,0,0,0,0,0,0,0,0,0,19000,0,0,0,19000,0,19000,19000
061442,玉晶光永豐9A購07,0,0,0,0,0,0,0,0,0,19000,0,0,0,19000,0,19000,19000
060884,超眾中信9B購01  ,0,0,0,0,0,0,0,0,0,19000,0,0,0,519000,500000,19000,19000
062121,奇鋐台新9B購01  ,0,0,0,0,0,0,0,0,0,19000,0,0,0,29000,10000,19000,19000
060661,台積電凱基9A購18,0,0,0,0,0,0,0,0,0,19000,0,0,0,19000,0,19000,19000
060665,康控凱基9A購01  ,0,0,0,0,0,0,0,0,0,19000,0,0,0,47000,28000,19000,19000
063149,聯發科元富05購02,0,0,0,0,0,0,0,0,0,19000,0,0,0,20000,1000,19000,19000
060133,牧德群益9B購01  ,0,0,0,0,0,0,0,0,0,19000,0,0,0,50000,31000,19000,19000
060252,緯穎元大9A購02  ,0,0,0,0,0,0,0,0,0,19000,0,0,0,66000,47000,19000,19000
064029,宏達電元大9C購01,0,0,0,0,0,0,0,0,0,19000,0,0,0,21000,2000,19000,19000
063956,神達元大9C購01  ,0,0,0,0,0,0,0,0,0,19000,0,0,0,19000,0,19000,19000
063840,鴻海元大01購01  ,0,0,0,0,0,0,0,0,0,19000,0,0,0,35000,16000,19000,19000
065737,南茂凱基9C購02  ,0,0,0,0,0,0,0,0,0,19000,0,0,0,108000,89000,19000,19000
065840,國巨元大03購01  ,0,0,0,0,0,0,0,0,0,19000,0,0,0,32000,13000,19000,19000
065232,健策凱基02購01  ,0,0,0,0,0,0,0,0,0,19000,0,0,0,69000,50000,19000,19000
065508,大成鋼群益01購01,0,0,0,0,0,0,0,0,0,19000,0,0,0,19000,0,19000,19000
06905P,上証2X國泰99售02,0,0,0,0,0,0,0,0,0,18000,0,0,0,18000,0,18000,18000
06789P,鴻海凱基98售12  ,0,0,0,0,0,0,0,0,0,18000,0,0,0,20000,2000,18000,18000
066785,台光電麥證01購01,0,0,0,18000,0,18000,0,0,0,18000,0,0,0,18000,0,18000,18000
066398,京鼎凱基01購02  ,0,0,0,0,0,0,0,0,0,18000,0,0,0,141000,123000,18000,18000
08205P,智邦凱基9B售03  ,0,0,0,0,0,0,0,0,0,18000,0,0,0,36000,18000,18000,18000
07800P,華新科國泰9B售04,0,0,0,0,0,0,0,0,0,18000,0,0,0,39000,21000,18000,18000
058008,禾伸堂國票99購02,0,0,0,0,0,0,0,0,0,18000,0,0,0,38000,20000,18000,18000
058669,上銀群益99購01  ,0,0,0,0,0,0,0,0,0,18000,0,0,0,20000,2000,18000,18000
056593,台積電元富98購02,0,0,0,0,0,0,0,0,0,18000,0,0,0,453000,435000,18000,18000
056724,臻鼎中信9A購01  ,0,0,0,0,0,0,0,0,0,18000,0,0,0,157000,139000,18000,18000
054587,玉晶光國泰99購01,0,0,0,0,0,0,0,0,0,18000,0,0,0,18000,0,18000,18000
056517,茂林兆豐99購01  ,0,0,0,0,0,0,0,0,0,18000,0,0,0,189000,171000,18000,18000
057109,信邦群益98購01  ,0,0,0,0,0,0,0,0,0,18000,0,0,0,18000,0,18000,18000
057691,健策凱基99購01  ,0,0,0,0,0,0,0,0,0,18000,0,0,0,30000,12000,18000,18000
060101,大立光元大99購31,0,0,0,0,0,0,0,0,0,18000,0,0,0,18000,0,18000,18000
062768,南電凱基9B購04  ,0,0,0,0,0,0,0,0,0,18000,0,0,0,21000,3000,18000,18000
062806,世芯統一02購01  ,0,0,0,0,0,0,0,0,0,18000,0,0,0,18000,0,18000,18000
062937,旺宏凱基9B購08  ,0,0,0,0,0,0,0,0,0,18000,0,0,0,88000,70000,18000,18000
059675,大立光元富99購08,0,0,0,0,0,0,0,0,0,18000,0,0,0,46000,28000,18000,18000
061715,牧德凱基9B購03  ,0,0,0,0,0,0,0,0,0,18000,0,0,0,18000,0,18000,18000
063388,台光電兆豐9C購01,0,0,0,0,0,0,0,0,0,18000,0,0,0,39000,21000,18000,18000
065416,華通國票01購02  ,0,0,0,0,0,0,0,0,0,18000,0,0,0,70000,52000,18000,18000
065546,景碩兆豐01購01  ,0,0,0,0,0,0,0,0,0,18000,0,0,0,20000,2000,18000,18000
065066,南電群益9C購02  ,0,0,0,0,0,0,0,0,0,18000,0,0,0,26000,8000,18000,18000
066228,嘉基國泰02購01  ,0,0,0,0,0,0,0,0,0,18000,0,0,0,173000,155000,18000,18000
066067,台積電凱基02購05,0,0,0,0,0,0,0,0,0,18000,0,0,0,31000,13000,18000,18000
063797,台積電凱基02購02,0,0,0,0,0,0,0,0,0,18000,0,0,0,18000,0,18000,18000
063971,健鼎國票01購01  ,0,0,0,0,0,0,0,0,0,18000,0,0,0,55000,37000,18000,18000
064205,台灣50凱基01購14,0,0,0,0,0,0,0,0,0,18000,0,0,0,242000,224000,18000,18000
064270,華通元大9C購03  ,0,0,0,0,0,0,0,0,0,18000,0,0,0,22000,4000,18000,18000
064527,裕隆中信01購01  ,0,0,0,0,0,0,0,0,0,18000,0,0,0,23000,5000,18000,18000
08263P,台表科元大9C售06,0,0,0,0,0,0,0,0,0,17000,0,0,0,431000,414000,17000,17000
08682P,鴻海凱基01售06  ,0,0,0,0,0,0,0,0,0,17000,0,0,0,84000,67000,17000,17000
08783P,台積電元大01售18,0,0,0,0,0,0,0,0,0,17000,0,0,0,60000,43000,17000,17000
066397,智原凱基01購01  ,0,0,0,0,0,0,0,0,0,17000,0,0,0,17000,0,17000,17000
066354,緯穎永豐01購01  ,0,0,0,0,0,0,0,0,0,17000,0,0,0,18000,1000,17000,17000
06891P,緯穎富邦99售03  ,0,0,0,0,0,0,0,0,0,17000,0,0,0,20000,3000,17000,17000
07067P,旺宏台新99售02  ,0,0,0,0,0,0,0,0,0,17000,0,0,0,31000,14000,17000,17000
067154,華擎統一03購03  ,0,0,0,0,0,0,0,0,0,17000,0,0,0,135000,118000,17000,17000
058614,台郡元大9A購01  ,0,0,0,0,0,0,0,0,0,17000,0,0,0,17000,0,17000,17000
059506,滬深2X永豐99購04,0,0,0,0,0,0,0,0,0,17000,0,0,0,20000,3000,17000,17000
056398,南茂永豐98購01  ,0,0,0,0,0,0,0,0,0,17000,0,0,0,30000,13000,17000,17000
056849,瀚宇博元富98購01,0,0,0,0,0,0,0,0,0,17000,0,0,0,17000,0,17000,17000
050400,臻鼎中信97購01  ,0,0,0,0,0,0,0,0,0,17000,0,0,0,17000,0,17000,17000
057508,康控國票99購03  ,0,0,0,0,0,0,0,0,0,17000,0,0,0,231000,214000,17000,17000
057789,上銀統一9A購01  ,0,0,0,0,0,0,0,0,0,17000,0,0,0,59000,42000,17000,17000
058625,旺宏國票9A購01  ,0,0,0,0,0,0,0,0,0,17000,0,0,0,19000,2000,17000,17000
057874,可成元大99購02  ,0,0,0,0,0,0,0,0,0,17000,0,0,0,91000,74000,17000,17000
058480,新日興凱基9A購01,0,0,0,0,0,0,0,0,0,17000,0,0,0,48000,31000,17000,17000
058249,緯穎元大99購04  ,0,0,0,0,0,0,0,0,0,17000,0,0,0,92000,75000,17000,17000
058375,群創凱基9B購04  ,0,0,0,0,0,0,0,0,0,17000,0,0,0,138000,121000,17000,17000
063607,中租凱基9B購02  ,0,0,0,0,0,0,0,0,0,17000,0,0,0,17000,0,17000,17000
060783,亞德客富邦9B購01,0,0,0,0,0,0,0,0,0,17000,0,0,0,17000,0,17000,17000
061132,志超永豐9A購01  ,0,0,0,0,0,0,0,0,0,17000,0,0,0,32000,15000,17000,17000
062047,緯穎凱基9B購01  ,0,0,0,0,0,0,0,0,0,17000,0,0,0,70000,53000,17000,17000
061350,牧德元大9B購03  ,0,0,0,0,0,0,0,0,0,17000,0,0,0,20000,3000,17000,17000
061971,力山元大9C購02  ,0,0,0,0,0,0,0,0,0,17000,0,0,0,17000,0,17000,17000
061953,台積電台新9B購04,0,0,0,0,0,0,0,0,0,17000,0,0,0,17000,0,17000,17000
062426,大立光統一02購02,0,0,0,0,0,0,0,0,0,17000,0,0,0,17000,0,17000,17000
060123,光罩永豐99購02  ,0,0,0,0,0,0,0,0,0,17000,0,0,0,72000,55000,17000,17000
060029,嘉晶永豐99購03  ,0,0,0,0,0,0,0,0,0,17000,0,0,0,65000,48000,17000,17000
060296,和碩元大9A購01  ,0,0,0,0,0,0,0,0,0,17000,0,0,0,17000,0,17000,17000
064491,金像電元大9C購03,0,0,0,0,0,0,0,0,0,17000,0,0,0,104000,87000,17000,17000
064629,和潤元大9C購01  ,0,0,0,0,0,0,0,0,0,17000,0,0,0,127000,110000,17000,17000
064564,義隆群益9C購02  ,0,0,0,0,0,0,0,0,0,17000,0,0,0,20000,3000,17000,17000
064217,GIS凱基02購02   ,0,0,0,0,0,0,0,0,0,17000,0,0,0,166000,149000,17000,17000
063859,國巨國泰01購03  ,0,0,0,0,0,0,0,0,0,17000,0,0,0,202000,185000,17000,17000
065695,友訊群益01購02  ,0,0,0,0,0,0,0,0,0,17000,0,0,0,17000,0,17000,17000
065565,神隆群益01購01  ,0,0,0,0,0,0,0,0,0,17000,0,0,0,82000,65000,17000,17000
065473,鴻海元大9C購14  ,0,0,0,0,0,0,0,0,0,17000,0,0,0,104000,87000,17000,17000
4961,天鈺            ,231000,214000,17000,0,0,0,0,0,0,0,0,0,0,0,0,0,17000
1903,士紙            ,62500,46000,16500,0,0,0,0,0,0,0,0,0,0,0,0,0,16500
066343,佳醫永豐01購01  ,0,0,0,0,0,0,0,0,0,16000,0,0,0,16000,0,16000,16000
066311,生達永豐01購01  ,0,0,0,0,0,0,0,0,0,16000,0,0,0,17000,1000,16000,16000
066869,聯發科元富07購02,0,0,0,0,0,0,0,0,0,16000,0,0,0,26000,10000,16000,16000
06671P,台積電群益98售04,0,0,0,0,0,0,0,0,0,16000,0,0,0,17000,1000,16000,16000
1434,福懋            ,807000,720000,87000,0,0,0,0,11000,-11000,-60000,0,0,0,0,60000,-60000,16000
08728P,緯穎群益01售01  ,0,0,0,0,0,0,0,0,0,16000,0,0,0,26000,10000,16000,16000
08121P,聯發科國票9B售05,0,0,0,0,0,0,0,0,0,16000,0,0,0,16000,0,16000,16000
07579P,聯茂元大9A售01  ,0,0,0,0,0,0,0,0,0,16000,0,0,0,44000,28000,16000,16000
058431,國巨統一9B購01  ,0,0,0,0,0,0,0,0,0,16000,0,0,0,631000,615000,16000,16000
062178,上銀元大9B購03  ,0,0,0,0,0,0,0,0,0,16000,0,0,0,16000,0,16000,16000
058898,台積電元大99購20,0,0,0,0,0,0,0,0,0,16000,0,0,0,616000,600000,16000,16000
059324,智易元大99購04  ,0,0,0,0,0,0,0,0,0,16000,0,0,0,16000,0,16000,16000
059065,南電凱基9A購01  ,0,0,0,0,0,0,0,0,0,16000,0,0,0,20000,4000,16000,16000
059113,群光永豐99購01  ,0,0,0,0,0,0,0,0,0,16000,0,0,0,43000,27000,16000,16000
057408,台郡群益98購01  ,0,0,0,0,0,0,0,0,0,16000,0,0,0,16000,0,16000,16000
053537,玉晶光永豐98購02,0,0,0,0,0,0,0,0,0,16000,0,0,0,26000,10000,16000,16000
00685L,群益臺灣加權正2 ,0,0,0,0,0,0,0,0,0,16000,0,0,0,22000,6000,16000,16000
00736,國泰新興市場    ,24000,0,24000,0,0,0,0,0,0,-8000,0,0,0,104000,112000,-8000,16000
0053,元大電子        ,0,0,0,0,0,0,0,0,0,16000,0,0,0,21000,5000,16000,16000
056279,新日興富邦99購01,0,0,0,0,0,0,0,0,0,16000,0,0,0,97000,81000,16000,16000
058540,嘉聯益國泰9A購02,0,0,0,0,0,0,0,0,0,16000,0,0,0,16000,0,16000,16000
057682,台積電日盛9A購03,0,0,0,0,0,0,0,0,0,16000,0,0,0,32000,16000,16000,16000
062845,微星富邦01購01  ,0,0,0,0,0,0,0,0,0,16000,0,0,0,86000,70000,16000,16000
062681,全新統一01購01  ,0,0,0,0,0,0,0,0,0,16000,0,0,0,36000,20000,16000,16000
059791,超眾元大99購06  ,0,0,0,0,0,0,0,0,0,16000,0,0,0,110000,94000,16000,16000
061057,華新科國票9A購04,0,0,0,0,0,0,0,0,0,16000,0,0,0,16000,0,16000,16000
061062,和大凱基9A購02  ,0,0,0,0,0,0,0,0,0,16000,0,0,0,60000,44000,16000,16000
060418,中橡永豐9A購01  ,0,0,0,0,0,0,0,0,0,16000,0,0,0,16000,0,16000,16000
060819,國巨統一9C購04  ,0,0,0,0,0,0,0,0,0,16000,0,0,0,20000,4000,16000,16000
061689,國巨群益9A購12  ,0,0,0,0,0,0,0,0,0,16000,0,0,0,45000,29000,16000,16000
063055,創意統一9B購02  ,0,0,0,0,0,0,0,0,0,16000,0,0,0,16000,0,16000,16000
061848,國巨國票9B購07  ,0,0,0,0,0,0,0,0,0,16000,0,0,0,32000,16000,16000,16000
065495,上銀富邦01購02  ,0,0,0,0,0,0,0,0,0,16000,0,0,0,94000,78000,16000,16000
065409,鴻海永豐9C購01  ,0,0,0,0,0,0,0,0,0,16000,0,0,0,23000,7000,16000,16000
065041,金像電凱基02購02,0,0,0,0,0,0,0,0,0,16000,0,0,0,152000,136000,16000,16000
065182,南電元大9C購05  ,0,0,0,0,0,0,0,0,0,16000,0,0,0,24000,8000,16000,16000
065216,群創國泰01購02  ,0,0,0,0,0,0,0,0,0,16000,0,0,0,117000,101000,16000,16000
066130,燿華群益01購03  ,0,0,0,0,0,0,0,0,0,16000,0,0,0,16000,0,16000,16000
066201,大毅統一02購01  ,0,0,0,0,0,0,0,0,0,16000,0,0,0,16000,0,16000,16000
063908,國巨凱基9C購06  ,0,0,0,0,0,0,0,0,0,16000,0,0,0,52000,36000,16000,16000
064289,台郡元大9C購01  ,0,0,0,0,0,0,0,0,0,16000,0,0,0,24000,8000,16000,16000
064303,新光金兆豐01購01,0,0,0,0,0,0,0,0,0,16000,0,0,0,16000,0,16000,16000
064815,台表科元大01購01,0,0,0,0,0,0,0,0,0,16000,0,0,0,168000,152000,16000,16000
064785,康友群益9C購01  ,0,0,0,0,0,0,0,0,0,16000,0,0,0,56000,40000,16000,16000
064889,T50反1群益9C購02,0,0,0,0,0,0,0,0,0,16000,0,0,0,16000,0,16000,16000
8261,富鼎            ,106000,82000,24000,0,0,0,0,0,0,-8000,0,8000,-8000,0,0,0,16000
07945P,上銀國票9B售02  ,0,0,0,0,0,0,0,0,0,15000,0,0,0,15000,0,15000,15000
08639P,聯發科永豐9C售03,0,0,0,0,0,0,0,0,0,15000,0,0,0,15000,0,15000,15000
08482P,亞德客群益9C售02,0,0,0,0,0,0,0,0,0,15000,0,0,0,25000,10000,15000,15000
08532P,國巨元富06售02  ,0,0,0,0,0,0,0,0,0,15000,0,0,0,20000,5000,15000,15000
066712,台灣50元大01購20,0,0,0,0,0,0,0,0,0,15000,0,0,0,15000,0,15000,15000
066642,臺股指凱基04購01,0,0,0,0,0,0,0,0,0,15000,0,0,0,36000,21000,15000,15000
066901,台虹康和01購01  ,0,0,0,0,0,0,0,0,0,15000,0,0,0,15000,0,15000,15000
066407,昇陽半凱基01購01,0,0,0,0,0,0,0,0,0,15000,0,0,0,15000,0,15000,15000
067092,美利達元大01購03,0,0,0,0,0,0,0,0,0,15000,0,0,0,36000,21000,15000,15000
07049P,聯發科中信99售03,0,0,0,0,0,0,0,0,0,15000,0,0,0,15000,0,15000,15000
058955,台積電國票9A購04,0,1000,-1000,0,0,0,0,0,0,16000,0,0,0,91000,75000,16000,15000
056317,華通群益99購02  ,0,0,0,0,0,0,0,0,0,15000,0,0,0,15000,0,15000,15000
056304,創意元大97購03  ,0,0,0,0,0,0,0,0,0,15000,0,0,0,64000,49000,15000,15000
055589,台光電元大98購04,0,0,0,0,0,0,0,0,0,15000,0,0,0,15000,0,15000,15000
055653,聯詠元富01購02  ,0,0,0,0,0,0,0,0,0,15000,0,0,0,29000,14000,15000,15000
055024,興勤國泰98購01  ,0,0,0,0,0,0,0,0,0,15000,0,0,0,15000,0,15000,15000
055815,亞光國票99購01  ,0,0,0,0,0,0,0,0,0,15000,0,0,0,35000,20000,15000,15000
056852,矽格元富98購01  ,0,0,0,0,0,0,0,0,0,15000,0,0,0,15000,0,15000,15000
055425,聚陽群益99購01  ,0,0,0,0,0,0,0,0,0,15000,0,0,0,15000,0,15000,15000
056357,台積電元大9A購01,6000,0,6000,0,0,0,0,0,0,9000,0,0,0,99000,90000,9000,15000
056459,茂林凱基99購01  ,0,0,0,0,0,0,0,0,0,15000,0,0,0,273000,258000,15000,15000
00865B,國泰US短期公債  ,0,0,0,0,0,0,0,0,0,15000,0,0,0,115000,100000,15000,15000
03682C,臺股指凱基9C牛07,0,0,0,0,0,0,0,0,0,15000,0,0,0,15000,0,15000,15000
054152,漢唐國泰98購02  ,0,0,0,0,0,0,0,0,0,15000,0,0,0,15000,0,15000,15000
056703,群創國泰9A購01  ,0,0,0,0,0,0,0,0,0,15000,0,0,0,15000,0,15000,15000
056746,超眾凱基99購01  ,0,0,0,0,0,0,0,0,0,15000,0,0,0,28000,13000,15000,15000
054806,台化元大9A購01  ,0,0,0,0,0,0,0,0,0,15000,0,0,0,20000,5000,15000,15000
057272,台積電元大98購14,0,0,0,0,0,0,0,0,0,15000,0,0,0,15000,0,15000,15000
057930,旺宏群益99購04  ,0,0,0,0,0,0,0,0,0,15000,0,0,0,31000,16000,15000,15000
059340,鴻海凱基9A購12  ,0,0,0,0,0,0,0,0,0,15000,0,0,0,15000,0,15000,15000
059349,台郡凱基99購04  ,0,0,0,0,0,0,0,0,0,15000,0,0,0,15000,0,15000,15000
059265,美律中信01購01  ,0,0,0,0,0,0,0,0,0,15000,0,0,0,50000,35000,15000,15000
062519,元金2X元大9B購03,0,0,0,0,0,0,0,0,0,15000,0,0,0,15000,0,15000,15000
062524,鴻海統一9C購09  ,0,0,0,0,0,0,0,0,0,15000,0,0,0,15000,0,15000,15000
058517,景碩元大99購06  ,0,0,0,0,0,0,0,0,0,15000,0,0,0,19000,4000,15000,15000
058250,台虹元大99購01  ,0,0,0,0,0,0,0,0,0,15000,0,0,0,15000,0,15000,15000
063021,大立光元大9C購05,0,0,0,0,0,0,0,0,0,15000,0,0,0,15000,0,15000,15000
061793,上銀永豐9B購01  ,0,0,0,0,0,0,0,0,0,15000,0,0,0,16000,1000,15000,15000
061653,上証2X國票9A購02,0,0,0,0,0,0,0,0,0,15000,0,0,0,80000,65000,15000,15000
061664,上銀中信9A購01  ,0,0,0,0,0,0,0,0,0,15000,0,0,0,15000,0,15000,15000
061479,泰碩元大9A購02  ,0,0,0,0,0,0,0,0,0,15000,0,0,0,15000,0,15000,15000
060436,巨大永豐9A購01  ,0,0,0,0,0,0,0,0,0,15000,0,0,0,15000,0,15000,15000
060449,元金2X元大9A購02,0,0,0,0,0,0,0,0,0,15000,0,0,0,15000,0,15000,15000
060742,臺指反國票9B購02,0,0,0,0,0,0,0,0,0,15000,0,0,0,15000,0,15000,15000
060660,國巨凱基9B購04  ,0,0,0,0,0,0,0,0,0,15000,0,0,0,106000,91000,15000,15000
060467,神基元大9A購01  ,0,0,0,0,0,0,0,0,0,15000,0,0,0,20000,5000,15000,15000
06047P,聯發科富邦99售04,0,0,0,0,0,0,0,0,0,15000,0,0,0,15000,0,15000,15000
060487,盛群富邦9B購01  ,0,0,0,0,0,0,0,0,0,15000,0,0,0,125000,110000,15000,15000
061998,緯穎元大9B購03  ,0,0,0,0,0,0,0,0,0,15000,0,0,0,67000,52000,15000,15000
062094,台積電富邦9C購12,0,0,0,0,0,0,0,0,0,15000,0,0,0,35000,20000,15000,15000
060266,潤泰全國票9A購01,0,0,0,0,0,0,0,0,0,15000,0,0,0,78000,63000,15000,15000
060187,華新科元富9A購02,0,0,0,0,0,0,0,0,0,15000,0,0,0,15000,0,15000,15000
059886,可成國票99購04  ,0,0,0,0,0,0,0,0,0,15000,0,0,0,32000,17000,15000,15000
064874,和大兆豐9C購01  ,0,0,0,0,0,0,0,0,0,15000,0,0,0,15000,0,15000,15000
064611,亞德客元大9C購02,0,0,0,0,0,0,0,0,0,15000,0,0,0,61000,46000,15000,15000
064240,群創統一02購02  ,0,0,0,0,0,0,0,0,0,15000,0,0,0,60000,45000,15000,15000
064026,建準元大9C購02  ,0,0,0,0,0,0,0,0,0,15000,0,0,0,15000,0,15000,15000
066245,道瓊反元大02購01,0,0,0,0,0,0,0,0,0,15000,0,0,0,15000,0,15000,15000
065084,南亞科元大9C購08,0,0,0,0,0,0,0,0,0,15000,0,0,0,43000,28000,15000,15000
065598,微星元大01購02  ,0,0,0,0,0,0,0,0,0,15000,0,0,0,73000,58000,15000,15000
3024,憶聲            ,329000,312000,17000,0,0,0,0,2161,-2161,0,0,0,0,0,0,0,14839
07171P,臺股指國票99售08,0,0,0,0,0,0,0,0,0,14000,0,0,0,14000,0,14000,14000
066625,瑞昱凱基02購01  ,0,0,0,0,0,0,0,0,0,14000,0,0,0,14000,0,14000,14000
08545P,南電國泰01售02  ,0,0,0,0,0,0,0,0,0,14000,0,0,0,14000,0,14000,14000
08375P,聯電元富9C售02  ,0,0,0,0,0,0,0,0,0,14000,0,0,0,273000,259000,14000,14000
058023,南電凱基98購02  ,0,0,0,0,0,0,0,0,0,14000,0,0,0,14000,0,14000,14000
058068,旺宏凱基98購11  ,0,0,0,0,0,0,0,0,0,14000,0,0,0,61000,47000,14000,14000
062503,玉晶光群益01購03,0,0,0,0,0,0,0,0,0,14000,0,0,0,15000,1000,14000,14000
062585,鴻海統一9C購14  ,0,0,0,0,0,0,0,0,0,14000,0,0,0,19000,5000,14000,14000
062376,中租元大9B購02  ,0,0,0,0,0,0,0,0,0,14000,0,0,0,14000,0,14000,14000
062355,華通元大9B購03  ,0,0,0,0,0,0,0,0,0,14000,0,0,0,14000,0,14000,14000
057872,旺宏元大99購06  ,0,0,0,0,0,0,0,0,0,14000,0,0,0,25000,11000,14000,14000
057381,微星國泰9A購01  ,0,0,0,0,0,0,0,0,0,14000,0,0,0,24000,10000,14000,14000
053297,鎧勝中信98購01  ,0,0,0,0,0,0,0,0,0,14000,0,0,0,24000,10000,14000,14000
00776,新光ICE美國權值 ,0,0,0,0,0,0,0,0,0,14000,0,0,0,14000,0,14000,14000
055417,健策富邦98購02  ,0,0,0,0,0,0,0,0,0,14000,0,0,0,14000,0,14000,14000
056242,緯創群益9A購01  ,0,0,0,0,0,0,0,0,0,14000,0,0,0,14000,0,14000,14000
059021,台積電統一9B購07,0,0,0,0,0,0,0,0,0,14000,0,0,0,14000,0,14000,14000
062684,華新科統一01購02,0,0,0,0,0,0,0,0,0,14000,0,0,0,42000,28000,14000,14000
060637,玉晶光永豐9A購03,0,0,0,0,0,0,0,0,0,14000,0,0,0,15000,1000,14000,14000
060642,華擎永豐9A購02  ,0,0,0,0,0,0,0,0,0,14000,0,0,0,92000,78000,14000,14000
060631,微星富邦9B購01  ,0,0,0,0,0,0,0,0,0,14000,0,0,0,14000,0,14000,14000
061368,南六國票9A購01  ,0,0,0,0,0,0,0,0,0,14000,0,0,0,15000,1000,14000,14000
062071,華通元大9B購02  ,0,0,0,0,0,0,0,0,0,14000,0,0,0,15000,1000,14000,14000
063298,統一凱基9B購01  ,0,0,0,0,0,0,0,0,0,14000,0,0,0,81000,67000,14000,14000
065396,微星群益01購01  ,0,0,0,0,0,0,0,0,0,14000,0,0,0,78000,64000,14000,14000
065238,聯茂凱基02購01  ,0,0,0,0,0,0,0,0,0,14000,0,0,0,23000,9000,14000,14000
065325,亞光凱基9C購01  ,0,0,0,0,0,0,0,0,0,14000,0,0,0,17000,3000,14000,14000
066212,惠特統一01購01  ,0,0,0,0,0,0,0,0,0,14000,0,0,0,14000,0,14000,14000
065816,聯發科元富03購07,0,0,0,0,0,0,0,0,0,14000,0,0,0,34000,20000,14000,14000
064291,南六元大9C購04  ,0,0,0,0,0,0,0,0,0,14000,0,0,0,53000,39000,14000,14000
064682,嘉聯益兆豐01購01,0,0,0,0,0,0,0,0,0,14000,0,0,0,24000,10000,14000,14000
064806,微星元大01購01  ,0,0,0,0,0,0,0,0,0,14000,0,0,0,34000,20000,14000,14000
064944,亞德客凱基9C購03,0,0,0,0,0,0,0,0,0,14000,0,0,0,40000,26000,14000,14000
3296,勝德            ,26000,12000,14000,0,0,0,0,0,0,0,0,0,0,0,0,0,14000
3018,同開            ,33000,19000,14000,0,0,0,0,0,0,0,0,0,0,0,0,0,14000
08574P,聯發科凱基02售04,0,0,0,0,0,0,0,0,0,13000,0,0,0,33000,20000,13000,13000
08742P,友達凱基01售02  ,0,0,0,0,0,0,0,0,0,13000,0,0,0,29000,16000,13000,13000
1231,聯華食          ,52000,39000,13000,0,0,0,0,0,0,0,0,0,0,0,0,0,13000
07983P,茂林群益9B售03  ,0,0,0,0,0,0,0,0,0,13000,0,0,0,56000,43000,13000,13000
08230P,台表科國票9C售03,0,0,0,0,0,0,0,0,0,13000,0,0,0,28000,15000,13000,13000
08332P,智邦台新9C售03  ,0,0,0,0,0,0,0,0,0,13000,0,0,0,100000,87000,13000,13000
07883P,可成凱基9B售03  ,0,0,0,0,0,0,0,0,0,13000,0,0,0,150000,137000,13000,13000
066361,微星中信05購01  ,0,0,0,0,0,0,0,0,0,13000,0,0,0,24000,11000,13000,13000
056986,超眾群益98購03  ,0,0,0,0,0,0,0,0,0,13000,0,0,0,13000,0,13000,13000
056548,瀚宇博凱基98購02,0,0,0,0,0,0,0,0,0,13000,0,0,0,13000,0,13000,13000
053805,奇鋐凱基98購02  ,0,0,0,0,0,0,0,0,0,13000,0,0,0,23000,10000,13000,13000
057824,日月光元大98購01,0,0,0,0,0,0,0,0,0,13000,0,0,0,80000,67000,13000,13000
059291,華新科元富9B購01,0,0,0,0,0,0,0,0,0,13000,0,0,0,14000,1000,13000,13000
062576,華擎群益9B購02  ,0,0,0,0,0,0,0,0,0,13000,0,0,0,13000,0,13000,13000
063034,致茂凱基9B購01  ,0,0,0,0,0,0,0,0,0,13000,0,0,0,30000,17000,13000,13000
061914,台光電中信9B購01,0,0,0,0,0,0,0,0,0,13000,0,0,0,13000,0,13000,13000
063573,茂林元大9B購06  ,0,0,0,0,0,0,0,0,0,13000,0,0,0,806000,793000,13000,13000
059955,美食康和99購01  ,0,0,0,0,0,0,0,0,0,13000,0,0,0,13000,0,13000,13000
059958,鎧勝康和99購01  ,0,0,0,0,0,0,0,0,0,13000,0,0,0,13000,0,13000,13000
061702,奇鋐國票9A購02  ,0,0,0,0,0,0,0,0,0,13000,0,0,0,536000,523000,13000,13000
062147,大毅國票9B購02  ,0,0,0,0,0,0,0,0,0,13000,0,0,0,13000,0,13000,13000
059640,聯詠凱基99購04  ,0,0,0,0,0,0,0,0,0,13000,0,0,0,13000,0,13000,13000
062909,大立光元大9C購04,0,0,0,0,0,0,0,0,0,13000,0,0,0,13000,0,13000,13000
064918,中信金統一02購01,0,0,0,0,0,0,0,0,0,13000,0,0,0,13000,0,13000,13000
064877,可成兆豐9C購02  ,0,0,0,0,0,0,0,0,0,13000,0,0,0,13000,0,13000,13000
064673,南茂元大9C購01  ,0,0,0,0,0,0,0,0,0,13000,0,0,0,60000,47000,13000,13000
064441,嘉澤凱基9C購02  ,0,0,0,0,0,0,0,0,0,13000,0,0,0,25000,12000,13000,13000
064210,台光電凱基03購01,0,0,0,0,0,0,0,0,0,13000,0,0,0,13000,0,13000,13000
064039,亞德客統一02購01,0,0,0,0,0,0,0,0,0,13000,0,0,0,15000,2000,13000,13000
065970,燿華元大02購01  ,0,0,0,0,0,0,0,0,0,13000,0,0,0,13000,0,13000,13000
066145,昇陽半群益01購01,0,0,0,0,0,0,0,0,0,13000,0,0,0,13000,0,13000,13000
066044,京元電元大01購01,0,0,0,0,0,0,0,0,0,13000,0,0,0,284000,271000,13000,13000
065286,瑞昱群益9C購03  ,0,0,0,0,0,0,0,0,0,13000,0,0,0,13000,0,13000,13000
065264,亞光元大9C購02  ,0,0,0,0,0,0,0,0,0,13000,0,0,0,58000,45000,13000,13000
9103,美德醫療-DR     ,284000,0,284000,0,0,0,0,0,0,-271000,0,0,0,90000,361000,-271000,13000
9905,大華            ,15000,2000,13000,0,0,0,0,0,0,0,0,0,0,0,0,0,13000
00700,富邦恒生國企    ,0,0,0,0,0,0,0,0,0,12727,0,0,0,113727,101000,12727,12727
066404,瑞祺凱基02購01  ,0,0,0,0,0,0,0,0,0,12000,0,0,0,35000,23000,12000,12000
066566,康控元大01購01  ,0,0,0,0,0,0,0,0,0,12000,0,0,0,68000,56000,12000,12000
07031P,台灣50中信03售02,0,0,0,0,0,0,0,0,0,12000,0,0,0,22000,10000,12000,12000
067354,國揚群益01購03  ,0,0,0,0,0,0,0,0,0,12000,0,0,0,12000,0,12000,12000
08136P,祥碩國泰01售01  ,0,0,0,0,0,0,0,0,0,12000,0,0,0,60000,48000,12000,12000
08143P,聯發科凱基9C售05,0,0,0,0,0,0,0,0,0,12000,0,0,0,20000,8000,12000,12000
08867P,欣興凱基01售03  ,0,0,0,0,0,0,0,0,0,12000,0,0,0,52000,40000,12000,12000
08373P,大立光凱基01售05,0,0,0,0,0,0,0,0,0,12000,0,0,0,12000,0,12000,12000
08383P,智邦群益9C售03  ,0,0,0,0,0,0,0,0,0,12000,0,0,0,22000,10000,12000,12000
057056,立積元大99購02  ,0,0,0,0,0,0,0,0,0,12000,0,0,0,12000,0,12000,12000
05950P,台積電國票97售04,0,0,0,0,0,0,0,0,0,12000,0,0,0,12000,0,12000,12000
059516,TPK永豐99購01   ,0,0,0,0,0,0,0,0,0,12000,0,0,0,34000,22000,12000,12000
058798,大立光元大99購11,0,0,0,0,0,0,0,0,0,12000,0,0,0,13000,1000,12000,12000
058738,FBVIX中信03購04 ,0,0,0,0,0,0,0,0,0,12000,0,0,0,40000,28000,12000,12000
058476,旺宏凱基9A購01  ,0,0,0,0,0,0,0,0,0,12000,0,0,0,12000,0,12000,12000
059140,大立光兆豐9A購02,0,0,0,0,0,0,0,0,0,12000,0,0,0,112000,100000,12000,12000
059170,康控凱基9B購01  ,0,0,0,0,0,0,0,0,0,12000,0,0,0,83000,71000,12000,12000
057813,京元電元大98購03,0,0,0,0,0,0,0,0,0,12000,0,0,0,281000,269000,12000,12000
057876,隆達元大98購01  ,0,0,0,0,0,0,0,0,0,12000,0,0,0,25000,13000,12000,12000
057904,矽力永豐98購01  ,0,0,0,0,0,0,0,0,0,12000,0,0,0,12000,0,12000,12000
062846,國泰金富邦9C購01,0,0,0,0,0,0,0,0,0,12000,0,0,0,12000,0,12000,12000
062782,聯發科元大9B購12,0,0,0,0,0,0,0,0,0,12000,0,0,0,12000,0,12000,12000
062677,儒鴻統一01購01  ,0,0,0,0,0,0,0,0,0,12000,0,0,0,12000,0,12000,12000
063098,台灣50群益01購02,0,0,0,0,0,0,0,0,0,12000,0,0,0,12000,0,12000,12000
063113,聯茂兆豐9B購01  ,0,0,0,0,0,0,0,0,0,12000,0,0,0,31000,19000,12000,12000
060281,卜蜂元大9C購01  ,0,0,0,0,0,0,0,0,0,12000,0,0,0,12000,0,12000,12000
062106,華邦電國票9B購02,0,0,0,0,0,0,0,0,0,12000,0,0,0,117000,105000,12000,12000
061975,華通元大9B購01  ,0,0,0,0,0,0,0,0,0,12000,0,0,0,12000,0,12000,12000
063203,華新科統一9C購04,0,0,0,0,0,0,0,0,0,12000,0,0,0,103000,91000,12000,12000
062030,旭富群益9B購01  ,0,0,0,0,0,0,0,0,0,12000,0,0,0,12000,0,12000,12000
060659,鴻海凱基9B購03  ,0,0,0,0,0,0,0,0,0,12000,0,0,0,12000,0,12000,12000
059756,奇力新富邦9C購01,0,0,0,0,0,0,0,0,0,12000,0,0,0,12000,0,12000,12000
061696,南茂群益9A購01  ,0,0,0,0,0,0,0,0,0,12000,0,0,0,50000,38000,12000,12000
061499,嘉晶國票9A購03  ,0,0,0,0,0,0,0,0,0,12000,0,0,0,22000,10000,12000,12000
060874,中鋼中信02購01  ,0,0,0,0,0,0,0,0,0,12000,0,0,0,13000,1000,12000,12000
059932,世紀鋼富邦9A購02,0,0,0,0,0,0,0,0,0,12000,0,0,0,12000,0,12000,12000
063502,南電永豐9B購02  ,0,0,0,0,0,0,0,0,0,12000,0,0,0,45000,33000,12000,12000
063305,亞光凱基9B購01  ,0,0,0,0,0,0,0,0,0,12000,0,0,0,21000,9000,12000,12000
065338,旺宏統一01購07  ,0,0,0,0,0,0,0,0,0,12000,0,0,0,52000,40000,12000,12000
065085,聯發科元大01購02,0,0,0,0,0,0,0,0,0,12000,0,0,0,22000,10000,12000,12000
065051,和碩凱基02購01  ,0,0,0,0,0,0,0,0,0,12000,0,0,0,17000,5000,12000,12000
065419,立積國票01購03  ,0,0,0,0,0,0,0,0,0,12000,0,0,0,12000,0,12000,12000
065872,漢翔群益9C購01  ,0,0,0,0,0,0,0,0,0,12000,0,0,0,12000,0,12000,12000
065716,道瓊反中信03購01,0,0,0,0,0,0,0,0,0,12000,0,0,0,12000,0,12000,12000
064200,華通兆豐01購01  ,0,0,0,0,0,0,0,0,0,12000,0,0,0,17000,5000,12000,12000
065035,世芯統一01購03  ,0,0,0,0,0,0,0,0,0,12000,0,0,0,32000,20000,12000,12000
6525,捷敏-KY         ,15000,3000,12000,0,0,0,0,0,0,0,0,0,0,0,0,0,12000
6431,光麗-KY         ,12000,0,12000,0,0,0,0,0,0,0,0,0,0,0,0,0,12000
4967,十銓            ,196000,175000,21000,0,0,0,0,0,0,-9000,0,9000,-9000,0,0,0,12000
2461,光群雷          ,117000,105000,12000,0,0,0,0,0,0,0,0,0,0,0,0,0,12000
08642P,華新科群益9C售06,0,0,0,0,0,0,0,0,0,11000,0,0,0,28000,17000,11000,11000
08836P,滬深2X國票02售04,0,0,0,0,0,0,0,0,0,11000,0,0,0,22000,11000,11000,11000
08344P,旺宏元大01售02  ,0,0,0,0,0,0,0,0,0,11000,0,0,0,11000,0,11000,11000
067007,拓凱永豐01購02  ,0,0,0,0,0,0,0,0,0,11000,0,0,0,11000,0,11000,11000
066325,可成永豐01購01  ,0,0,0,0,0,0,0,0,0,11000,0,0,0,94000,83000,11000,11000
057958,禾伸堂元大99購05,0,0,0,0,0,0,0,0,0,11000,0,0,0,70000,59000,11000,11000
058093,神達元大9A購01  ,0,0,0,0,0,0,0,0,0,11000,0,0,0,11000,0,11000,11000
057407,超眾群益99購01  ,0,0,0,0,0,0,0,0,0,11000,0,0,0,56000,45000,11000,11000
057230,建準凱基98購02  ,0,0,0,0,0,0,0,0,0,11000,0,0,0,11000,0,11000,11000
057162,上銀元大98購03  ,0,0,0,0,0,0,0,0,0,11000,0,0,0,11000,0,11000,11000
059156,台灣50凱基01購03,0,0,0,0,0,0,0,0,0,11000,0,0,0,20000,9000,11000,11000
059363,超眾永豐99購02  ,0,0,0,0,0,0,0,0,0,11000,0,0,0,11000,0,11000,11000
058513,宏達電元大99購05,0,0,0,0,0,0,0,0,0,11000,0,0,0,11000,0,11000,11000
058335,鴻海元富99購06  ,0,0,0,0,0,0,0,0,0,11000,0,0,0,34000,23000,11000,11000
062254,台光電元大9B購02,0,0,0,0,0,0,0,0,0,11000,0,0,0,11000,0,11000,11000
057640,台積電元大98購16,0,0,0,0,0,0,0,0,0,11000,0,0,0,11000,0,11000,11000
055689,台郡凱基99購01  ,0,0,0,0,0,0,0,0,0,11000,0,0,0,21000,10000,11000,11000
054426,國泰金富邦97購02,0,0,0,0,0,0,0,0,0,11000,0,0,0,11000,0,11000,11000
054556,世芯凱基99購01  ,0,0,0,0,0,0,0,0,0,11000,0,0,0,11000,0,11000,11000
053011,鴻海統一98購01  ,0,0,0,0,0,0,0,0,0,11000,0,0,0,11000,0,11000,11000
056821,日電貿永豐98購01,0,0,0,0,0,0,0,0,0,11000,0,0,0,11000,0,11000,11000
056709,華通永豐98購01  ,0,0,0,0,0,0,0,0,0,11000,0,0,0,11000,0,11000,11000
063056,嘉澤統一9C購02  ,0,0,0,0,0,0,0,0,0,11000,0,0,0,69000,58000,11000,11000
061878,茂林元大9B購01  ,0,0,0,0,0,0,0,0,0,11000,0,0,0,118000,107000,11000,11000
061847,力山國票9B購01  ,0,0,0,0,0,0,0,0,0,11000,0,0,0,11000,0,11000,11000
060745,京元電國票9A購01,0,0,0,0,0,0,0,0,0,11000,0,0,0,50000,39000,11000,11000
060988,華新科元大9A購12,0,0,0,0,0,0,0,0,0,11000,0,0,0,11000,0,11000,11000
061347,創意元大9A購02  ,0,0,0,0,0,0,0,0,0,11000,0,0,0,19000,8000,11000,11000
060539,道瓊反凱基9A購01,0,0,0,0,0,0,0,0,0,11000,0,0,0,11000,0,11000,11000
062448,健策元大9C購04  ,0,0,0,0,0,0,0,0,0,11000,0,0,0,12000,1000,11000,11000
060326,群光群益9A購01  ,0,0,0,0,0,0,0,0,0,11000,0,0,0,16000,5000,11000,11000
06037P,超眾國票98售02  ,0,0,0,0,0,0,0,0,0,11000,0,0,0,21000,10000,11000,11000
062858,微星國票9B購01  ,0,0,0,0,0,0,0,0,0,11000,0,0,0,11000,0,11000,11000
064941,台積電台新9C購04,0,0,0,0,0,0,0,0,0,11000,0,0,0,32000,21000,11000,11000
064715,和大統一02購03  ,0,0,0,0,0,0,0,0,0,11000,0,0,0,11000,0,11000,11000
064073,南電永豐9C購01  ,0,0,0,0,0,0,0,0,0,11000,0,0,0,26000,15000,11000,11000
064330,燿華元大9C購02  ,0,0,0,0,0,0,0,0,0,11000,0,0,0,64000,53000,11000,11000
063814,嘉晶群益9C購01  ,0,0,0,0,0,0,0,0,0,11000,0,0,0,13000,2000,11000,11000
065738,國巨麥證9C購04  ,0,0,0,33000,22000,11000,0,0,0,11000,0,0,0,33000,22000,11000,11000
065083,南亞科元大01購01,0,0,0,0,0,0,0,0,0,11000,0,0,0,94000,83000,11000,11000
065198,玉晶光元富06購01,0,0,0,0,0,0,0,0,0,11000,0,0,0,161000,150000,11000,11000
065333,冠德國票01購01  ,0,15000,-15000,0,0,0,0,0,0,26000,0,0,0,353000,327000,26000,11000
065275,台灣50群益02購02,0,0,0,0,0,0,0,0,0,11000,0,0,0,11000,0,11000,11000
4148,全宇生技-KY     ,29000,18000,11000,0,0,0,0,0,0,0,0,0,0,0,0,0,11000
06636P,可成凱基98售08  ,0,0,0,0,0,0,0,0,0,10000,0,0,0,10000,0,10000,10000
066394,建準凱基01購01  ,0,0,0,0,0,0,0,0,0,10000,0,0,0,30000,20000,10000,10000
06637P,大立光凱基98售15,0,0,0,0,0,0,0,0,0,10000,0,0,0,10000,0,10000,10000
066556,和鑫元大01購01  ,0,0,0,0,0,0,0,0,0,10000,0,0,0,10000,0,10000,10000
06652P,長榮航元大98售01,0,0,0,0,0,0,0,0,0,10000,0,0,0,10000,0,10000,10000
066493,美利達元富01購01,0,0,0,0,0,0,0,0,0,10000,0,0,0,13000,3000,10000,10000
066668,揚明光凱基01購01,0,0,0,0,0,0,0,0,0,10000,0,0,0,20000,10000,10000,10000
066684,T50反1元富07購01,0,0,0,0,0,0,0,0,0,10000,0,0,0,10000,0,10000,10000
066706,揚明光群益01購01,0,0,0,0,0,0,0,0,0,10000,0,0,0,10000,0,10000,10000
066703,聯詠群益01購02  ,0,0,0,0,0,0,0,0,0,10000,0,0,0,10000,0,10000,10000
066721,臺指反元大04購03,0,0,0,0,0,0,0,0,0,10000,0,0,0,10000,0,10000,10000
066903,中興電凱基01購01,0,0,0,0,0,0,0,0,0,10000,0,0,0,61000,51000,10000,10000
067039,生達凱基01購01  ,0,0,0,0,0,0,0,0,0,10000,0,0,0,10000,0,10000,10000
067194,惠特凱基01購03  ,0,0,0,0,0,0,0,0,0,10000,0,0,0,10000,0,10000,10000
067234,正崴群益01購01  ,0,0,0,0,0,0,0,0,0,10000,0,0,0,10000,0,10000,10000
067344,鎧勝凱基02購01  ,0,0,0,0,0,0,0,0,0,10000,0,0,0,10000,0,10000,10000
067317,嘉澤元大02購01  ,0,0,0,0,0,0,0,0,0,10000,0,0,0,17000,7000,10000,10000
06757P,台灣50元大9B售01,0,0,0,0,0,0,0,0,0,10000,0,0,0,15000,5000,10000,10000
06930P,台積電元大98售19,0,0,0,0,0,0,0,0,0,10000,0,0,0,170000,160000,10000,10000
07106P,國巨統一9B售05  ,0,0,0,0,0,0,0,0,0,10000,0,0,0,10000,0,10000,10000
08326P,臺股指凱基9C售09,0,0,0,0,0,0,0,0,0,10000,0,0,0,60000,50000,10000,10000
08251P,臺股指群益9C售09,0,0,0,0,0,0,0,0,0,10000,0,0,0,10000,0,10000,10000
08213P,台光電統一9B售03,0,0,0,0,0,0,0,0,0,10000,0,0,0,14000,4000,10000,10000
08165P,台表科永豐9B售02,0,0,0,0,0,0,0,0,0,10000,0,0,0,25000,15000,10000,10000
08115P,聯發科凱基9B售13,0,0,0,0,0,0,0,0,0,10000,0,0,0,10000,0,10000,10000
08125P,聯茂群益9B售02  ,0,0,0,0,0,0,0,0,0,10000,0,0,0,10000,0,10000,10000
08098P,大立光凱基9B售09,0,0,0,0,0,0,0,0,0,10000,0,0,0,10000,0,10000,10000
08101P,超眾群益9B售02  ,0,0,0,0,0,0,0,0,0,10000,0,0,0,20000,10000,10000,10000
07979P,大立光凱基9B售05,0,0,0,0,0,0,0,0,0,10000,0,0,0,10000,0,10000,10000
07961P,滬深2X中信01售02,0,0,0,0,0,0,0,0,0,10000,0,0,0,10000,0,10000,10000
08005P,台積電群益9C售04,0,0,0,0,0,0,0,0,0,10000,0,0,0,10000,0,10000,10000
07901P,臺股指凱基9B售04,0,0,0,0,0,0,0,0,0,10000,0,0,0,10000,0,10000,10000
07886P,國巨國票9B售06  ,0,0,0,0,0,0,0,0,0,10000,0,0,0,10000,0,10000,10000
07929P,旺宏統一9B售07  ,0,0,0,0,0,0,0,0,0,10000,0,0,0,10000,0,10000,10000
07870P,鴻海群益9B售01  ,0,0,0,0,0,0,0,0,0,10000,0,0,0,10000,0,10000,10000
07855P,旺宏凱基9A售09  ,0,0,0,0,0,0,0,0,0,10000,0,0,0,10000,0,10000,10000
07660P,聯茂凱基9A售03  ,0,0,0,0,0,0,0,0,0,10000,0,0,0,10000,0,10000,10000
07704P,台積電元大9A售25,0,0,0,0,0,0,0,0,0,10000,0,0,0,10000,0,10000,10000
07580P,緯穎元大9A售03  ,0,0,0,0,0,0,0,0,0,10000,0,0,0,10000,0,10000,10000
07545P,玉晶光凱基9A售07,0,0,0,0,0,0,0,0,0,10000,0,0,0,35000,25000,10000,10000
07292P,臺股指凱基99售44,0,0,0,0,0,0,0,0,0,10000,0,0,0,10000,0,10000,10000
08649P,聯發科元大9C售21,0,0,0,0,0,0,0,0,0,10000,0,0,0,10000,0,10000,10000
08607P,聯發科富邦03售04,0,0,0,0,0,0,0,0,0,10000,0,0,0,10000,0,10000,10000
08668P,燿華群益01售01  ,0,0,0,0,0,0,0,0,0,10000,0,0,0,59000,49000,10000,10000
08540P,嘉晶國票01售01  ,0,0,0,0,0,0,0,0,0,10000,0,0,0,50000,40000,10000,10000
08481P,臺股指凱基9C售19,0,0,0,0,0,0,0,0,0,10000,0,0,0,10000,0,10000,10000
056688,聯詠統一98購01  ,0,0,0,0,0,0,0,0,0,10000,0,0,0,10000,0,10000,10000
056680,華通統一98購04  ,0,0,0,0,0,0,0,0,0,10000,0,0,0,10000,0,10000,10000
056650,彩晶凱基9A購01  ,0,0,0,0,0,0,0,0,0,10000,0,0,0,20000,10000,10000,10000
056607,貿聯富邦99購02  ,0,0,0,0,0,0,0,0,0,10000,0,0,0,10000,0,10000,10000
056617,美律永豐98購01  ,0,0,0,0,0,0,0,0,0,10000,0,0,0,10000,0,10000,10000
054758,南亞國票9A購01  ,0,0,0,0,0,0,0,0,0,10000,0,0,0,20000,10000,10000,10000
056740,大立光凱基98購13,0,0,0,0,0,0,0,0,0,10000,0,0,0,10000,0,10000,10000
056745,聯茂凱基99購03  ,0,0,0,0,0,0,0,0,0,10000,0,0,0,10000,0,10000,10000
056755,聯茂兆豐98購01  ,0,0,0,0,0,0,0,0,0,10000,0,0,0,10000,0,10000,10000
054961,玉晶光元大99購01,0,0,0,0,0,0,0,0,0,10000,0,0,0,10000,0,10000,10000
054811,裕隆元大9A購01  ,0,0,0,0,0,0,0,0,0,10000,0,0,0,10000,0,10000,10000
053601,台表科元大98購01,0,0,0,0,0,0,0,0,0,10000,0,0,0,10000,0,10000,10000
049842,道瓊反中信98購01,0,0,0,0,0,0,0,0,0,10000,0,0,0,10000,0,10000,10000
052994,群創台新99購01  ,0,0,0,0,0,0,0,0,0,10000,0,0,0,10000,0,10000,10000
052077,可成元富98購02  ,0,0,0,0,0,0,0,0,0,10000,0,0,0,10000,0,10000,10000
035275,台積電台新97購01,0,0,0,0,0,0,0,0,0,10000,0,0,0,10000,0,10000,10000
054421,臺股指元大99購03,0,0,0,0,0,0,0,0,0,10000,0,0,0,10000,0,10000,10000
054342,亞光元富99購01  ,0,0,0,0,0,0,0,0,0,10000,0,0,0,10000,0,10000,10000
00683L,元大美元指數正2 ,0,0,0,0,0,0,0,0,0,10000,0,0,0,28000,18000,10000,10000
055919,景碩凱基98購02  ,0,0,0,0,0,0,0,0,0,10000,0,0,0,11000,1000,10000,10000
056259,T50反1統一9A購01,0,0,0,0,0,0,0,0,0,10000,0,0,0,20000,10000,10000,10000
056230,可成凱基98購03  ,0,0,0,0,0,0,0,0,0,10000,0,0,0,10000,0,10000,10000
056286,奇鋐永豐97購01  ,0,0,0,0,0,0,0,0,0,10000,0,0,0,10000,0,10000,10000
056164,聯茂凱基98購03  ,0,0,0,0,0,0,0,0,0,10000,0,0,0,30000,20000,10000,10000
056033,T50正2凱基99購02,0,0,0,0,0,0,0,0,0,10000,0,0,0,10000,0,10000,10000
055215,智邦凱基98購02  ,0,0,0,0,0,0,0,0,0,10000,0,0,0,10000,0,10000,10000
055406,大毅國泰99購01  ,0,0,0,0,0,0,0,0,0,10000,0,0,0,10000,0,10000,10000
055377,揚明光元大98購01,0,0,0,0,0,0,0,0,0,10000,0,0,0,10000,0,10000,10000
056855,祥碩中信98購02  ,0,0,0,0,0,0,0,0,0,10000,0,0,0,10000,0,10000,10000
056456,群創凱基9B購01  ,0,0,0,0,0,0,0,0,0,10000,0,0,0,10000,0,10000,10000
056541,智原凱基98購03  ,0,0,0,0,0,0,0,0,0,10000,0,0,0,10000,0,10000,10000
056342,中工凱基98購01  ,0,0,0,0,0,0,0,0,0,10000,0,0,0,10000,0,10000,10000
057074,立積永豐98購01  ,0,0,0,0,0,0,0,0,0,10000,0,0,0,10000,0,10000,10000
057092,健策元富98購01  ,0,0,0,0,0,0,0,0,0,10000,0,0,0,10000,0,10000,10000
057053,立積元大98購02  ,0,0,0,0,0,0,0,0,0,10000,0,0,0,10000,0,10000,10000
057011,日月光中信99購01,0,0,0,0,0,0,0,0,0,10000,0,0,0,10000,0,10000,10000
056881,台灣50康和9A購01,0,0,0,0,0,0,0,0,0,10000,0,0,0,10000,0,10000,10000
056948,旺宏統一9A購01  ,0,0,0,0,0,0,0,0,0,10000,0,0,0,10000,0,10000,10000
058979,上銀凱基99購04  ,0,0,0,0,0,0,0,0,0,10000,0,0,0,10000,0,10000,10000
058567,華新科凱基9A購02,0,0,0,0,0,0,0,0,0,10000,0,0,0,10000,0,10000,10000
057744,健策永豐98購02  ,0,0,0,0,0,0,0,0,0,10000,0,0,0,11000,1000,10000,10000
057747,致新永豐98購01  ,0,0,0,0,0,0,0,0,0,10000,0,0,0,10000,0,10000,10000
059467,旺宏元大99購15  ,0,0,0,0,0,0,0,0,0,10000,0,0,0,10000,0,10000,10000
058579,聯發科群益99購04,0,0,0,0,0,0,0,0,0,10000,0,0,0,10000,0,10000,10000
058603,台積電元大99購12,0,0,0,0,0,0,0,0,0,10000,0,0,0,10000,0,10000,10000
062311,奇力新凱基9B購01,0,0,0,0,0,0,0,0,0,10000,0,0,0,10000,0,10000,10000
062391,台達電富邦9C購01,0,0,0,0,0,0,0,0,0,10000,0,0,0,10000,0,10000,10000
058808,大成鋼統一9B購01,0,0,0,0,0,0,0,0,0,10000,0,0,0,10000,0,10000,10000
062532,聯詠統一9C購01  ,0,0,0,0,0,0,0,0,0,10000,0,0,0,10000,0,10000,10000
062541,臻鼎國泰01購01  ,0,0,0,0,0,0,0,0,0,10000,0,0,0,10000,0,10000,10000
058378,南電凱基99購01  ,0,0,0,0,0,0,0,0,0,10000,0,0,0,13000,3000,10000,10000
058315,TPK富邦9C購01   ,0,0,0,0,0,0,0,0,0,10000,0,0,0,10000,0,10000,10000
058296,明泰凱基99購01  ,0,0,0,0,0,0,0,0,0,10000,0,0,0,10000,0,10000,10000
058091,欣興元大99購03  ,0,0,0,0,0,0,0,0,0,10000,0,0,0,10000,0,10000,10000
058028,國巨富邦99購04  ,0,0,0,0,0,0,0,0,0,10000,0,0,0,10000,0,10000,10000
057980,聯詠永豐98購01  ,0,0,0,0,0,0,0,0,0,10000,0,0,0,10000,0,10000,10000
058438,大立光統一9B購01,0,0,0,0,0,0,0,0,0,10000,0,0,0,10000,0,10000,10000
059350,樺漢凱基9A購01  ,0,0,0,0,0,0,0,0,0,10000,0,0,0,10000,0,10000,10000
059370,玉晶光元富99購02,0,0,0,0,0,0,0,0,0,10000,0,0,0,10000,0,10000,10000
059236,鴻海凱基99購09  ,0,0,0,0,0,0,0,0,0,10000,0,0,0,10000,0,10000,10000
059288,旺宏元富99購03  ,0,0,0,0,0,0,0,0,0,10000,0,0,0,16000,6000,10000,10000
059083,華通元大99購07  ,0,0,0,0,0,0,0,0,0,10000,0,0,0,10000,0,10000,10000
059107,南茂國泰9A購01  ,0,0,0,0,0,0,0,0,0,10000,0,0,0,10000,0,10000,10000
058661,臺股指中信9C購01,0,0,0,0,0,0,0,0,0,10000,0,0,0,10000,0,10000,10000
058919,SGBR2X元富99購05,0,0,0,0,0,0,0,0,0,10000,0,0,0,10000,0,10000,10000
057767,緯穎凱基98購06  ,0,0,0,0,0,0,0,0,0,10000,0,0,0,10000,0,10000,10000
058875,台表科國票9A購02,0,0,0,0,0,0,0,0,0,10000,0,0,0,22000,12000,10000,10000
059460,GIS永豐99購02   ,0,0,0,0,0,0,0,0,0,10000,0,0,0,10000,0,10000,10000
057214,瑞昱群益98購01  ,0,0,0,0,0,0,0,0,0,10000,0,0,0,10000,0,10000,10000
057218,可成群益99購03  ,0,0,0,0,0,0,0,0,0,10000,0,0,0,20000,10000,10000,10000
057270,遠東新元大98購01,0,0,0,0,0,0,0,0,0,10000,0,0,0,10000,0,10000,10000
057263,可成兆豐99購01  ,0,0,0,0,0,0,0,0,0,10000,0,0,0,20000,10000,10000,10000
057314,全新麥證98購01  ,0,0,0,10000,0,10000,0,0,0,10000,0,0,0,10000,0,10000,10000
057307,瀚宇博兆豐99購01,0,0,0,0,0,0,0,0,0,10000,0,0,0,20000,10000,10000,10000
058096,南電元大98購04  ,0,0,0,0,0,0,0,0,0,10000,0,0,0,10000,0,10000,10000
057877,神達元大99購01  ,0,0,0,0,0,0,0,0,0,10000,0,0,0,10000,0,10000,10000
057499,奇鋐群益98購01  ,0,0,0,0,0,0,0,0,0,10000,0,0,0,10000,0,10000,10000
057586,台積電國票99購06,0,0,0,0,0,0,0,0,0,10000,0,0,0,10000,0,10000,10000
057603,樺漢群益98購02  ,0,0,0,0,0,0,0,0,0,10000,0,0,0,10000,0,10000,10000
057557,聯茂凱基99購04  ,0,0,0,0,0,0,0,0,0,10000,0,0,0,10000,0,10000,10000
062894,道瓊銀元大9B購02,0,0,0,0,0,0,0,0,0,10000,0,0,0,20000,10000,10000,10000
062814,台光電兆豐9B購01,0,0,0,0,0,0,0,0,0,10000,0,0,0,10000,0,10000,10000
062908,晶豪科元大9B購03,0,0,0,0,0,0,0,0,0,10000,0,0,0,110000,100000,10000,10000
062675,台積電台新9B購06,0,0,0,0,0,0,0,0,0,10000,0,0,0,11000,1000,10000,10000
062723,聯發科凱基9B購09,0,0,0,0,0,0,0,0,0,10000,0,0,0,10000,0,10000,10000
062711,台表科元大9B購05,0,0,0,0,0,0,0,0,0,10000,0,0,0,10000,0,10000,10000
060338,鴻海統一9C購02  ,0,0,0,0,0,0,0,0,0,10000,0,0,0,10000,0,10000,10000
060302,台積電富邦02購01,0,0,0,0,0,0,0,0,0,10000,0,0,0,10000,0,10000,10000
060182,旺宏元富9A購01  ,0,0,0,0,0,0,0,0,0,10000,0,0,0,10000,0,10000,10000
060116,世紀鋼元大99購07,0,0,0,0,0,0,0,0,0,10000,0,0,0,10000,0,10000,10000
059827,晶技凱基99購03  ,0,0,0,0,0,0,0,0,0,10000,0,0,0,10000,0,10000,10000
059896,T50反1元大99購13,0,0,0,0,0,0,0,0,0,10000,0,0,0,10000,0,10000,10000
059868,台光電凱基99購03,0,0,0,0,0,0,0,0,0,10000,0,0,0,10000,0,10000,10000
060064,華新科兆豐99購07,0,0,0,0,0,0,0,0,0,10000,0,0,0,25000,15000,10000,10000
059566,台積電凱基9A購11,0,0,0,0,0,0,0,0,0,10000,0,0,0,10000,0,10000,10000
059569,旺宏凱基99購09  ,0,0,0,0,0,0,0,0,0,10000,0,0,0,10000,0,10000,10000
062446,聯詠元大9B購02  ,0,0,0,0,0,0,0,0,0,10000,0,0,0,10000,0,10000,10000
060554,中租凱基9A購01  ,0,0,0,0,0,0,0,0,0,10000,0,0,0,10000,0,10000,10000
060452,儒鴻元大9A購01  ,0,0,0,0,0,0,0,0,0,10000,0,0,0,12000,2000,10000,10000
060453,儒鴻元大9A購02  ,0,0,0,0,0,0,0,0,0,10000,0,0,0,15000,5000,10000,10000
059627,旺宏凱基99購10  ,0,0,0,0,0,0,0,0,0,10000,0,0,0,10000,0,10000,10000
060464,台積電元大9A購11,0,0,0,0,0,0,0,0,0,10000,0,0,0,20000,10000,10000,10000
061274,臺股指凱基9A購24,0,0,0,0,0,0,0,0,0,10000,0,0,0,10000,0,10000,10000
062134,國巨群益9B購04  ,0,0,0,0,0,0,0,0,0,10000,0,0,0,10000,0,10000,10000
062014,牧德富邦9C購01  ,0,0,0,0,0,0,0,0,0,10000,0,0,0,30000,20000,10000,10000
060594,國巨麥證9A購01  ,0,0,0,10000,0,10000,0,0,0,10000,0,0,0,10000,0,10000,10000
060622,玉晶光元大9B購02,0,0,0,0,0,0,0,0,0,10000,0,0,0,10000,0,10000,10000
060630,國巨富邦9C購03  ,0,0,0,0,0,0,0,0,0,10000,0,0,0,10000,0,10000,10000
060664,聯詠凱基9A購01  ,0,0,0,0,0,0,0,0,0,10000,0,0,0,10000,0,10000,10000
06136P,華新科國泰99售02,0,0,0,0,0,0,0,0,0,10000,0,0,0,10000,0,10000,10000
061397,上銀台新9A購01  ,0,0,0,0,0,0,0,0,0,10000,0,0,0,10000,0,10000,10000
063199,台積電統一01購07,0,0,0,0,0,0,0,0,0,10000,0,0,0,10000,0,10000,10000
062168,大毅永豐9B購01  ,0,0,0,0,0,0,0,0,0,10000,0,0,0,10000,0,10000,10000
062162,世紀鋼凱基9B購03,0,0,0,0,0,0,0,0,0,10000,0,0,0,20000,10000,10000,10000
059706,嘉晶凱基99購01  ,0,0,0,0,0,0,0,0,0,10000,0,0,0,14000,4000,10000,10000
060980,台積電元大9A購21,0,0,0,0,0,0,0,0,0,10000,0,0,0,10000,0,10000,10000
060963,禾伸堂凱基9A購01,0,0,0,0,0,0,0,0,0,10000,0,0,0,35000,25000,10000,10000
061017,國泰金麥證9A購01,0,0,0,10000,0,10000,0,0,0,10000,0,0,0,10000,0,10000,10000
060930,超眾永豐9A購03  ,0,0,0,0,0,0,0,0,0,10000,0,0,0,10000,0,10000,10000
060735,鴻海統一9C購03  ,0,0,0,0,0,0,0,0,0,10000,0,0,0,10000,0,10000,10000
060706,群創富邦9A購01  ,0,0,0,0,0,0,0,0,0,10000,0,0,0,30000,20000,10000,10000
060694,旺宏麥證9A購02  ,0,0,0,10000,0,10000,0,0,0,10000,0,0,0,10000,0,10000,10000
059933,台灣50永豐99購11,0,0,0,0,0,0,0,0,0,10000,0,0,0,10000,0,10000,10000
059976,道瓊銀元大99購01,0,0,0,0,0,0,0,0,0,10000,0,0,0,20000,10000,10000,10000
060844,大立光國票9A購07,0,0,0,0,0,0,0,0,0,10000,0,0,0,37000,27000,10000,10000
061456,玉晶光凱基9B購05,0,0,0,0,0,0,0,0,0,10000,0,0,0,10000,0,10000,10000
061233,國巨元大9A購17  ,0,0,0,0,0,0,0,0,0,10000,0,0,0,10000,0,10000,10000
061226,台積電中信9A購05,0,0,0,0,0,0,0,0,0,10000,0,0,0,10000,0,10000,10000
061603,瑞昱凱基9A購02  ,0,0,0,0,0,0,0,0,0,10000,0,0,0,10000,0,10000,10000
061605,華新科凱基9A購14,0,0,0,0,0,0,0,0,0,10000,0,0,0,20000,10000,10000,10000
061677,泰碩元大9A購05  ,0,0,0,0,0,0,0,0,0,10000,0,0,0,10000,0,10000,10000
061656,華新科國票9A購08,0,0,0,0,0,0,0,0,0,10000,0,0,0,10000,0,10000,10000
061685,道瓊反群益9A購03,0,0,0,0,0,0,0,0,0,10000,0,0,0,10000,0,10000,10000
061803,巨大永豐9B購01  ,0,0,0,0,0,0,0,0,0,10000,0,0,0,10000,0,10000,10000
061778,元金2X群益9B購02,0,0,0,0,0,0,0,0,0,10000,0,0,0,10000,0,10000,10000
061926,晶技凱基9B購02  ,0,0,0,0,0,0,0,0,0,10000,0,0,0,10000,0,10000,10000
061928,群創凱基9B購06  ,0,0,0,0,0,0,0,0,0,10000,0,0,0,20000,10000,10000,10000
061552,南六群益9A購02  ,0,0,0,0,0,0,0,0,0,10000,0,0,0,11000,1000,10000,10000
063039,大立光凱基9C購02,0,0,0,0,0,0,0,0,0,10000,0,0,0,10000,0,10000,10000
063393,華通群益9C購05  ,0,0,0,0,0,0,0,0,0,10000,0,0,0,17000,7000,10000,10000
063529,聯茂凱基9B購02  ,0,0,0,0,0,0,0,0,0,10000,0,0,0,10000,0,10000,10000
063413,台積電麥證01購01,0,0,0,10000,0,10000,0,0,0,10000,0,0,0,10000,0,10000,10000
063609,南電凱基9B購05  ,0,0,0,0,0,0,0,0,0,10000,0,0,0,13000,3000,10000,10000
063647,超眾元大9B購02  ,0,0,0,0,0,0,0,0,0,10000,0,0,0,38000,28000,10000,10000
065122,電子類富邦9C購01,0,0,0,0,0,0,0,0,0,10000,0,0,0,10000,0,10000,10000
065109,台勝科國票01購01,0,0,0,0,0,0,0,0,0,10000,0,0,0,10000,0,10000,10000
065427,台積電凱基02購04,0,0,0,0,0,0,0,0,0,10000,0,0,0,134000,124000,10000,10000
065434,台勝科凱基01購01,0,0,0,0,0,0,0,0,0,10000,0,0,0,10000,0,10000,10000
065486,臺股指元大9C購24,0,0,0,0,0,0,0,0,0,10000,0,0,0,10000,0,10000,10000
065488,臺股指元大9C購26,0,0,0,0,0,0,0,0,0,10000,0,0,0,10000,0,10000,10000
06559P,玉晶光元富98售02,0,0,0,0,0,0,0,0,0,10000,0,0,0,10000,0,10000,10000
065567,台積電群益01購03,0,0,0,0,0,0,0,0,0,10000,0,0,0,12000,2000,10000,10000
06556P,臺股指元大99售08,0,0,0,0,0,0,0,0,0,10000,0,0,0,31000,21000,10000,10000
065946,鴻海統一03購03  ,0,0,0,0,0,0,0,0,0,10000,0,0,0,70000,60000,10000,10000
065942,燿華元富01購01  ,0,0,0,0,0,0,0,0,0,10000,0,0,0,10000,0,10000,10000
065936,聯發科群益02購01,0,0,0,0,0,0,0,0,0,10000,0,0,0,15000,5000,10000,10000
06593P,欣興元大98售05  ,0,0,0,0,0,0,0,0,0,10000,0,0,0,10000,0,10000,10000
065911,超眾永豐9C購01  ,0,0,0,0,0,0,0,0,0,10000,0,0,0,20000,10000,10000,10000
066025,宏達電群益01購01,0,0,0,0,0,0,0,0,0,10000,0,0,0,12000,2000,10000,10000
066174,京鼎凱基01購01  ,0,0,0,0,0,0,0,0,0,10000,0,0,0,54000,44000,10000,10000
066171,德律凱基01購01  ,0,0,0,0,0,0,0,0,0,10000,0,0,0,10000,0,10000,10000
063854,南電元大9C購01  ,0,0,0,0,0,0,0,0,0,10000,0,0,0,10000,0,10000,10000
063786,瑞昱中信06購01  ,0,0,0,0,0,0,0,0,0,10000,0,0,0,29000,19000,10000,10000
063754,道瓊指統一9B購01,0,0,0,0,0,0,0,0,0,10000,0,0,0,10000,0,10000,10000
063721,道瓊銀元大9B購03,0,0,0,0,0,0,0,0,0,10000,0,0,0,50000,40000,10000,10000
064057,緯穎統一02購01  ,0,0,0,0,0,0,0,0,0,10000,0,0,0,20000,10000,10000,10000
063993,華通群益01購01  ,0,0,0,0,0,0,0,0,0,10000,0,0,0,10000,0,10000,10000
063927,奇力新統一02購01,0,0,0,0,0,0,0,0,0,10000,0,0,0,10000,0,10000,10000
063931,牧德統一01購02  ,0,0,0,0,0,0,0,0,0,10000,0,0,0,10000,0,10000,10000
063968,新光金國票01購01,0,0,0,0,0,0,0,0,0,10000,0,0,0,10000,0,10000,10000
063936,道瓊反元大9C購02,0,0,0,0,0,0,0,0,0,10000,0,0,0,10000,0,10000,10000
064339,大立光元大01購01,0,0,0,0,0,0,0,0,0,10000,0,0,0,10000,0,10000,10000
064281,大立光元大9C購12,0,0,0,0,0,0,0,0,0,10000,0,0,0,10000,0,10000,10000
064103,大立光群益9C購03,0,0,0,0,0,0,0,0,0,10000,0,0,0,10000,0,10000,10000
064129,新日興元大9C購02,0,0,0,0,0,0,0,0,0,10000,0,0,0,10000,0,10000,10000
064135,復盛元大9C購01  ,0,0,0,0,0,0,0,0,0,10000,0,0,0,35000,25000,10000,10000
064214,群創凱基03購01  ,0,0,0,0,0,0,0,0,0,10000,0,0,0,70000,60000,10000,10000
064164,祥碩統一01購05  ,0,0,0,0,0,0,0,0,0,10000,0,0,0,10000,0,10000,10000
064191,聯發科中信03購01,0,0,0,0,0,0,0,0,0,10000,0,0,0,10000,0,10000,10000
064669,健策元大01購03  ,0,0,0,0,0,0,0,0,0,10000,0,0,0,34000,24000,10000,10000
064643,瑞昱凱基04購01  ,0,0,0,0,0,0,0,0,0,10000,0,0,0,10000,0,10000,10000
064556,華通群益02購02  ,0,0,0,0,0,0,0,0,0,10000,0,0,0,10000,0,10000,10000
064559,旺宏群益01購02  ,0,0,0,0,0,0,0,0,0,10000,0,0,0,10000,0,10000,10000
064590,牧德永豐9C購01  ,0,0,0,0,0,0,0,0,0,10000,0,0,0,10000,0,10000,10000
064459,創意統一02購01  ,0,0,0,0,0,0,0,0,0,10000,0,0,0,130000,120000,10000,10000
06492P,上銀永豐98售01  ,0,0,0,0,0,0,0,0,0,10000,0,0,0,10000,0,10000,10000
064863,台積電永豐9C購01,0,0,0,0,0,0,0,0,0,10000,0,0,0,78000,68000,10000,10000
064734,大立光元富9C購05,0,0,0,0,0,0,0,0,0,10000,0,0,0,10000,0,10000,10000
064761,神達凱基9C購01  ,0,0,0,0,0,0,0,0,0,10000,0,0,0,10000,0,10000,10000
4552,力達-KY         ,21000,11000,10000,0,0,0,0,0,0,0,0,0,0,0,0,0,10000
5243,乙盛-KY         ,31000,21000,10000,0,0,0,0,0,0,0,0,0,0,0,0,0,10000
2882B,國泰金乙特      ,0,0,0,0,0,0,0,0,0,10000,10000,0,10000,0,0,0,10000
2030,彰源            ,11000,1000,10000,0,0,0,0,0,0,0,0,0,0,0,0,0,10000
9925,新保            ,10000,3000,7000,0,0,0,0,0,0,3000,3000,0,3000,0,0,0,10000
1514,亞力            ,449000,440000,9000,0,0,0,0,0,0,0,0,0,0,0,0,0,9000
07952P,富邦金元大9B售02,0,0,0,0,0,0,0,0,0,9000,0,0,0,9000,0,9000,9000
06886P,旺宏元大99售07  ,0,0,0,0,0,0,0,0,0,9000,0,0,0,9000,0,9000,9000
067232,友訊群益01購05  ,0,0,0,0,0,0,0,0,0,9000,0,0,0,15000,6000,9000,9000
066777,群創富邦01購01  ,0,0,0,0,0,0,0,0,0,9000,0,0,0,230000,221000,9000,9000
066698,川湖群益01購01  ,0,0,0,0,0,0,0,0,0,9000,0,0,0,9000,0,9000,9000
066609,國巨麥證01購04  ,0,0,0,19000,10000,9000,0,0,0,9000,0,0,0,19000,10000,9000,9000
066425,創意元大01購03  ,0,0,0,0,0,0,0,0,0,9000,0,0,0,41000,32000,9000,9000
057604,鴻海統一9C購01  ,0,0,0,0,0,0,0,0,0,9000,0,0,0,12000,3000,9000,9000
057935,晶技群益98購02  ,0,0,0,0,0,0,0,0,0,9000,0,0,0,9000,0,9000,9000
057343,道瓊反統一9A購01,0,0,0,0,0,0,0,0,0,9000,0,0,0,9000,0,9000,9000
057444,台泥元富98購01  ,0,0,0,0,0,0,0,0,0,9000,0,0,0,60000,51000,9000,9000
057239,貿聯凱基98購05  ,0,0,0,0,0,0,0,0,0,9000,0,0,0,10000,1000,9000,9000
059301,華新科群益99購04,0,0,0,0,0,0,0,0,0,9000,0,0,0,63000,54000,9000,9000
058143,瑞儀元大99購02  ,0,0,0,0,0,0,0,0,0,9000,0,0,0,9000,0,9000,9000
062363,燿華元大9B購03  ,0,0,0,0,0,0,0,0,0,9000,0,0,0,9000,0,9000,9000
062209,台積電台新9B購05,0,0,0,0,0,0,0,0,0,9000,0,0,0,10000,1000,9000,9000
057751,神達國票99購02  ,0,0,0,0,0,0,0,0,0,9000,0,0,0,10000,1000,9000,9000
058944,元石油群益9C購02,0,0,0,0,0,0,0,0,0,9000,0,0,0,9000,0,9000,9000
057078,國巨統一9A購02  ,0,0,0,0,0,0,0,0,0,9000,0,0,0,9000,0,9000,9000
057692,臺股指凱基98購10,0,0,0,0,0,0,0,0,0,9000,0,0,0,9000,0,9000,9000
057739,新日興富邦9B購01,0,0,0,0,0,0,0,0,0,9000,0,0,0,76000,67000,9000,9000
056427,上銀凱基98購03  ,0,0,0,0,0,0,0,0,0,9000,0,0,0,9000,0,9000,9000
054223,大立光統一98購04,0,0,0,0,0,0,0,0,0,9000,0,0,0,9000,0,9000,9000
052491,泰碩國票99購01  ,0,0,0,0,0,0,0,0,0,9000,0,0,0,9000,0,9000,9000
056556,南電凱基98購01  ,0,0,0,0,0,0,0,0,0,9000,0,0,0,23000,14000,9000,9000
054926,神達凱基98購01  ,0,0,0,0,0,0,0,0,0,9000,0,0,0,21000,12000,9000,9000
063328,京元電國票9C購02,0,0,0,0,0,0,0,0,0,9000,0,0,0,35000,26000,9000,9000
063337,國巨統一02購02  ,0,0,0,0,0,0,0,0,0,9000,0,0,0,41000,32000,9000,9000
061542,旺宏群益9A購04  ,0,0,0,0,0,0,0,0,0,9000,0,0,0,10000,1000,9000,9000
061655,微星國票9A購01  ,0,0,0,0,0,0,0,0,0,9000,0,0,0,15000,6000,9000,9000
062089,矽創元大9B購02  ,0,0,0,0,0,0,0,0,0,9000,0,0,0,39000,30000,9000,9000
062148,奇鋐國票9B購01  ,0,0,0,0,0,0,0,0,0,9000,0,0,0,14000,5000,9000,9000
062457,京元電群益9B購01,0,0,0,0,0,0,0,0,0,9000,0,0,0,60000,51000,9000,9000
062434,華通元大9B購04  ,0,0,0,0,0,0,0,0,0,9000,0,0,0,90000,81000,9000,9000
060035,臺股指永豐99購04,0,0,0,0,0,0,0,0,0,9000,0,0,0,33000,24000,9000,9000
060099,宏達電元大99購09,0,0,0,0,0,0,0,0,0,9000,0,0,0,9000,0,9000,9000
062632,嘉晶國票9B購01  ,0,0,0,0,0,0,0,0,0,9000,0,0,0,14000,5000,9000,9000
062948,台積電富邦01購02,0,0,0,0,0,0,0,0,0,9000,0,0,0,11000,2000,9000,9000
064907,緯穎群益9C購02  ,0,0,0,0,0,0,0,0,0,9000,0,0,0,10000,1000,9000,9000
064604,聯茂元富9C購01  ,0,0,0,0,0,0,0,0,0,9000,0,0,0,19000,10000,9000,9000
064173,國產元富9C購01  ,0,0,0,0,0,0,0,0,0,9000,0,0,0,48000,39000,9000,9000
064187,亞光永豐9C購01  ,0,0,0,0,0,0,0,0,0,9000,0,0,0,67000,58000,9000,9000
064138,亞德客統一01購02,0,0,0,0,0,0,0,0,0,9000,0,0,0,10000,1000,9000,9000
064083,群創中信06購01  ,0,0,0,0,0,0,0,0,0,9000,0,0,0,65000,56000,9000,9000
064271,鴻海元大9C購08  ,0,0,0,0,0,0,0,0,0,9000,0,0,0,59000,50000,9000,9000
064024,漢唐元大9C購01  ,0,0,0,0,0,0,0,0,0,9000,0,0,0,69000,60000,9000,9000
065871,南亞科群益9C購03,0,0,0,0,0,0,0,0,0,9000,0,0,0,9000,0,9000,9000
065449,中租統一9C購01  ,0,0,0,0,0,0,0,0,0,9000,0,0,0,150000,141000,9000,9000
065050,世芯凱基9C購01  ,0,0,0,0,0,0,0,0,0,9000,0,0,0,9000,0,9000,9000
2881B,富邦金乙特      ,0,0,0,0,0,0,0,0,0,9000,9000,0,9000,0,0,0,9000
066375,南亞科兆豐01購01,0,0,0,0,0,0,0,0,0,8000,0,0,0,10000,2000,8000,8000
066619,永光凱基01購01  ,0,0,0,0,0,0,0,0,0,8000,0,0,0,8000,0,8000,8000
067100,華邦電群益01購01,0,0,0,0,0,0,0,0,0,8000,0,0,0,8000,0,8000,8000
07034P,大立光元富99售03,0,0,0,0,0,0,0,0,0,8000,0,0,0,8000,0,8000,8000
07137P,大立光中信9B售01,0,0,0,0,0,0,0,0,0,8000,0,0,0,8000,0,8000,8000
08348P,貿聯元大9C售01  ,0,0,0,0,0,0,0,0,0,8000,0,0,0,97000,89000,8000,8000
07655P,台灣50凱基01售09,0,0,0,0,0,0,0,0,0,8000,0,0,0,28000,20000,8000,8000
08565P,聯發科群益9C售12,0,0,0,0,0,0,0,0,0,8000,0,0,0,8000,0,8000,8000
08567P,台勝科群益9C售01,0,0,0,0,0,0,0,0,0,8000,0,0,0,40000,32000,8000,8000
08636P,華通國票01售03  ,0,0,0,0,0,0,0,0,0,8000,0,0,0,33000,25000,8000,8000
056763,國巨元大99購02  ,0,0,0,0,0,0,0,0,0,8000,0,0,0,15000,7000,8000,8000
053294,聯發科中信9C購01,0,0,0,0,0,0,0,0,0,8000,0,0,0,48000,40000,8000,8000
054470,緯穎國票97購04  ,0,0,0,0,0,0,0,0,0,8000,0,0,0,16000,8000,8000,8000
00680L,元大美債20正2   ,0,0,0,0,0,0,0,0,0,8000,0,0,0,19000,11000,8000,8000
055989,矽力元富9A購01  ,0,0,0,0,0,0,0,0,0,8000,0,0,0,8000,0,8000,8000
058546,玉晶光富邦9B購01,0,0,0,0,0,0,0,0,0,8000,0,0,0,38000,30000,8000,8000
062308,旺宏凱基9B購04  ,0,0,0,0,0,0,0,0,0,8000,0,0,0,118000,110000,8000,8000
058103,台積電永豐98購06,0,0,0,0,0,0,0,0,0,8000,0,0,0,8000,0,8000,8000
058379,臺股指凱基99購14,0,0,0,0,0,0,0,0,0,8000,0,0,0,8000,0,8000,8000
058506,台積電元大99購09,0,0,0,0,0,0,0,0,0,8000,0,0,0,8000,0,8000,8000
058775,台積電國票9A購02,0,0,0,0,0,0,0,0,0,8000,0,0,0,12000,4000,8000,8000
057259,台積電兆豐98購03,0,0,0,0,0,0,0,0,0,8000,0,0,0,61000,53000,8000,8000
058687,聯茂凱基9A購01  ,0,0,0,0,0,0,0,0,0,8000,0,0,0,30000,22000,8000,8000
063001,巨大國票9B購01  ,0,0,0,0,0,0,0,0,0,8000,0,0,0,8000,0,8000,8000
062820,禾伸堂兆豐9B購01,0,0,0,0,0,0,0,0,0,8000,0,0,0,28000,20000,8000,8000
062695,華通元大9C購01  ,0,0,0,0,0,0,0,0,0,8000,0,0,0,23000,15000,8000,8000
062730,致伸凱基9B購01  ,0,0,0,0,0,0,0,0,0,8000,0,0,0,66000,58000,8000,8000
060382,儒鴻凱基9A購01  ,0,0,0,0,0,0,0,0,0,8000,0,0,0,8000,0,8000,8000
062411,玉晶光第一9B購01,0,0,0,0,0,0,0,0,0,8000,0,0,0,10000,2000,8000,8000
061762,台塑元大9B購01  ,0,0,0,0,0,0,0,0,0,8000,0,0,0,52000,44000,8000,8000
061693,華新科群益9B購02,0,0,0,0,0,0,0,0,0,8000,0,0,0,86000,78000,8000,8000
060719,瀚宇博永豐9A購01,0,0,0,0,0,0,0,0,0,8000,0,0,0,145000,137000,8000,8000
060953,富邦金群益9A購01,0,0,0,0,0,0,0,0,0,8000,0,0,0,8000,0,8000,8000
061935,台積電國票9B購07,0,0,0,0,0,0,0,0,0,8000,0,0,0,10000,2000,8000,8000
061866,力山元大9C購01  ,0,0,0,0,0,0,0,0,0,8000,0,0,0,8000,0,8000,8000
061859,勤誠國票9B購01  ,0,0,0,0,0,0,0,0,0,8000,0,0,0,8000,0,8000,8000
063077,巨大永豐9B購03  ,0,0,0,0,0,0,0,0,0,8000,0,0,0,83000,75000,8000,8000
065046,玉晶光凱基01購03,0,0,0,0,0,0,0,0,0,8000,0,0,0,55000,47000,8000,8000
065505,健鼎永豐9C購01  ,0,0,0,0,0,0,0,0,0,8000,0,0,0,68000,60000,8000,8000
065974,智原元大01購01  ,0,0,0,0,0,0,0,0,0,8000,0,0,0,110000,102000,8000,8000
063985,香港反富邦02購01,0,0,0,0,0,0,0,0,0,8000,0,0,0,8000,0,8000,8000
063726,鴻海元大9B購04  ,0,0,0,0,0,0,0,0,0,8000,0,0,0,38000,30000,8000,8000
063848,大立光元大9C購09,0,0,0,0,0,0,0,0,0,8000,0,0,0,8000,0,8000,8000
063891,國巨群益9C購07  ,0,0,0,0,0,0,0,0,0,8000,0,0,0,8000,0,8000,8000
064276,聯發科元大9C購07,0,0,0,0,0,0,0,0,0,8000,0,0,0,8000,0,8000,8000
064283,奇鋐元大9C購02  ,0,0,0,0,0,0,0,0,0,8000,0,0,0,137000,129000,8000,8000
064148,瑞昱統一02購01  ,0,0,0,0,0,0,0,0,0,8000,0,0,0,43000,35000,8000,8000
064195,晶豪科群益9C購01,0,0,0,0,0,0,0,0,0,8000,0,0,0,43000,35000,8000,8000
064548,漢翔凱基9C購01  ,0,0,0,0,0,0,0,0,0,8000,0,0,0,8000,0,8000,8000
065004,瑞昱國票01購02  ,0,0,0,0,0,0,0,0,0,8000,0,0,0,108000,100000,8000,8000
064730,超眾統一02購02  ,0,0,0,0,0,0,0,0,0,8000,0,0,0,45000,37000,8000,8000
064816,訊芯元大9C購01  ,0,0,0,0,0,0,0,0,0,8000,0,0,0,357000,349000,8000,8000
5288,豐祥-KY         ,6000,13000,-7000,0,0,0,15000,0,15000,0,0,0,0,0,0,0,8000
2033,佳大            ,9000,1000,8000,0,0,0,0,0,0,0,0,0,0,0,0,0,8000
2059,川湖            ,39000,31000,8000,0,0,0,0,0,0,0,0,0,0,0,0,0,8000
1558,伸興            ,27000,20000,7000,0,0,0,0,0,0,0,0,0,0,0,0,0,7000
08749P,鴻海台新01售02  ,0,0,0,0,0,0,0,0,0,7000,0,0,0,7000,0,7000,7000
07888P,大立光國票9B售01,0,0,0,0,0,0,0,0,0,7000,0,0,0,7000,0,7000,7000
08359P,緯創元大9C售02  ,0,0,0,0,0,0,0,0,0,7000,0,0,0,99000,92000,7000,7000
08307P,台積電凱基9C售03,0,0,0,0,0,0,0,0,0,7000,0,0,0,20000,13000,7000,7000
08049P,臺股指國票9B售14,0,0,0,0,0,0,0,0,0,7000,0,0,0,10000,3000,7000,7000
08089P,嘉澤凱基9B售03  ,0,0,0,0,0,0,0,0,0,7000,0,0,0,7000,0,7000,7000
08076P,國巨群益9C售05  ,0,0,0,0,0,0,0,0,0,7000,0,0,0,14000,7000,7000,7000
08122P,晶技國票9C售01  ,0,0,0,0,0,0,0,0,0,7000,0,0,0,53000,46000,7000,7000
067066,鴻海元大01購15  ,0,0,0,0,0,0,0,0,0,7000,0,0,0,9000,2000,7000,7000
066996,拓凱國泰03購02  ,0,0,0,0,0,0,0,0,0,7000,0,0,0,7000,0,7000,7000
066944,鴻海元大01購13  ,0,0,0,0,0,0,0,0,0,7000,0,0,0,157000,150000,7000,7000
066795,台積電凱基02購07,0,0,0,0,0,0,0,0,0,7000,0,0,0,17000,10000,7000,7000
066541,南電兆豐01購02  ,0,0,0,0,0,0,0,0,0,7000,0,0,0,30000,23000,7000,7000
057195,南茂元大98購01  ,0,0,0,0,0,0,0,0,0,7000,0,0,0,7000,0,7000,7000
057973,神達富邦9A購01  ,0,0,0,0,0,0,0,0,0,7000,0,0,0,47000,40000,7000,7000
058449,台積電永豐99購01,0,0,0,0,0,0,0,0,0,7000,0,0,0,7000,0,7000,7000
058389,聯茂國票9A購01  ,0,0,0,0,0,0,0,0,0,7000,0,0,0,7000,0,7000,7000
062213,和大統一9B購02  ,0,0,0,0,0,0,0,0,0,7000,0,0,0,7000,0,7000,7000
057667,可成元大99購01  ,0,0,0,0,0,0,0,0,0,7000,0,0,0,118000,111000,7000,7000
056193,聯發科富邦99購08,0,0,0,0,0,0,0,0,0,7000,0,0,0,17000,10000,7000,7000
055106,台積電凱基98購05,0,0,0,0,0,0,0,0,0,7000,0,0,0,7000,0,7000,7000
00735,國泰臺韓科技    ,14000,0,14000,0,0,0,0,0,0,-7000,0,0,0,110000,117000,-7000,7000
053378,台積電元大98購02,0,0,0,0,0,0,0,0,0,7000,0,0,0,121000,114000,7000,7000
052801,友達元大9A購01  ,0,0,0,0,0,0,0,0,0,7000,0,0,0,7000,0,7000,7000
063348,祥碩統一01購04  ,0,0,0,0,0,0,0,0,0,7000,0,0,0,7000,0,7000,7000
06352P,臺股指富邦99售02,0,0,0,0,0,0,0,0,0,7000,0,0,0,12000,5000,7000,7000
061064,可成凱基9B購02  ,0,0,0,0,0,0,0,0,0,7000,0,0,0,7000,0,7000,7000
061627,台表科群益9A購01,0,0,0,0,0,0,0,0,0,7000,0,0,0,7000,0,7000,7000
061190,力山永豐9A購02  ,0,0,0,0,0,0,0,0,0,7000,0,0,0,45000,38000,7000,7000
061472,台積電元大9A購32,0,0,0,0,0,0,0,0,0,7000,0,0,0,13000,6000,7000,7000
061478,奇鋐元大9A購01  ,0,0,0,0,0,0,0,0,0,7000,0,0,0,12000,5000,7000,7000
062144,華通國票9B購01  ,0,0,0,0,0,0,0,0,0,7000,0,0,0,7000,0,7000,7000
061326,新日興凱基9B購01,0,0,0,0,0,0,0,0,0,7000,0,0,0,8000,1000,7000,7000
061400,可成兆豐9B購02  ,0,0,0,0,0,0,0,0,0,7000,0,0,0,7000,0,7000,7000
060654,大毅群益9B購01  ,0,0,0,0,0,0,0,0,0,7000,0,0,0,7000,0,7000,7000
060203,緯穎元富9A購01  ,0,0,0,0,0,0,0,0,0,7000,0,0,0,7000,0,7000,7000
059889,華新科國票99購04,0,0,0,0,0,0,0,0,0,7000,0,0,0,7000,0,7000,7000
062770,臺股指凱基9B購14,0,0,0,0,0,0,0,0,0,7000,0,0,0,7000,0,7000,7000
062701,漢唐元大9B購01  ,0,0,0,0,0,0,0,0,0,7000,0,0,0,7000,0,7000,7000
062837,復盛群益9B購01  ,0,1000,-1000,0,0,0,0,0,0,8000,0,0,0,8000,0,8000,7000
062797,瑞昱統一9B購01  ,0,0,0,0,0,0,0,0,0,7000,0,0,0,7000,0,7000,7000
062828,聯詠群益9B購02  ,0,0,0,0,0,0,0,0,0,7000,0,0,0,7000,0,7000,7000
064752,台達電凱基01購01,0,0,0,0,0,0,0,0,0,7000,0,0,0,69000,62000,7000,7000
063827,國巨國票02購01  ,0,0,0,0,0,0,0,0,0,7000,0,0,0,46000,39000,7000,7000
063772,智邦富邦9B購02  ,0,0,0,0,0,0,0,0,0,7000,0,0,0,30000,23000,7000,7000
063799,華邦電凱基9C購02,0,0,0,0,0,0,0,0,0,7000,0,0,0,28000,21000,7000,7000
063973,緯穎國票9C購01  ,0,0,0,0,0,0,0,0,0,7000,0,0,0,107000,100000,7000,7000
066168,強茂凱基01購02  ,0,0,0,0,0,0,0,0,0,7000,0,0,0,9000,2000,7000,7000
066252,南港元大01購02  ,0,0,0,0,0,0,0,0,0,7000,0,0,0,7000,0,7000,7000
066098,華碩中信02購01  ,0,0,0,0,0,0,0,0,0,7000,0,0,0,20000,13000,7000,7000
065060,上銀群益9C購02  ,0,0,0,0,0,0,0,0,0,7000,0,0,0,27000,20000,7000,7000
065131,晶技兆豐01購01  ,0,0,0,0,0,0,0,0,0,7000,0,0,0,54000,47000,7000,7000
065146,帆宣凱基9C購01  ,0,0,0,0,0,0,0,0,0,7000,0,0,0,117000,110000,7000,7000
065168,台積電元大02購02,0,0,0,0,0,0,0,0,0,7000,0,0,0,13000,6000,7000,7000
065272,聯茂元大9C購05  ,0,0,0,0,0,0,0,0,0,7000,0,0,0,75000,68000,7000,7000
065297,旺宏統一02購01  ,0,0,0,0,0,0,0,0,0,7000,0,0,0,9000,2000,7000,7000
1737,臺鹽            ,7000,0,7000,0,0,0,0,0,0,0,0,0,0,0,0,0,7000
1615,大山            ,21000,14000,7000,0,0,0,0,0,0,0,0,0,0,0,0,0,7000
2441,超豐            ,99000,102000,-3000,0,0,0,0,0,0,10000,10000,0,10000,0,0,0,7000
6449,鈺邦            ,19000,13000,6000,0,0,0,0,0,0,1000,1000,0,1000,0,0,0,7000
6166,凌華            ,263000,250000,13000,0,0,0,0,0,0,-6000,0,0,0,3000,9000,-6000,7000
066583,上証2X群益03購01,0,0,0,0,0,0,0,0,0,6000,0,0,0,10000,4000,6000,6000
066317,英利永豐01購01  ,0,0,0,0,0,0,0,0,0,6000,0,0,0,6000,0,6000,6000
066426,台勝科元大01購02,0,0,0,0,0,0,0,0,0,6000,0,0,0,56000,50000,6000,6000
06694P,臺股指凱基99售13,0,0,0,0,0,0,0,0,0,6000,0,0,0,6000,0,6000,6000
067047,大立光凱基01購07,0,0,0,0,0,0,0,0,0,6000,0,0,0,6000,0,6000,6000
067256,新唐國票02購01  ,0,0,0,0,0,0,0,0,0,6000,0,0,0,35000,29000,6000,6000
067147,台積電統一04購01,0,0,0,0,0,0,0,0,0,6000,0,0,0,2114000,2108000,6000,6000
06880P,鈺齊凱基98售03  ,0,0,0,0,0,0,0,0,0,6000,0,0,0,16000,10000,6000,6000
06915P,晶技元富98售02  ,0,0,0,0,0,0,0,0,0,6000,0,0,0,6000,0,6000,6000
08081P,台灣50元大9B售20,0,0,0,0,0,0,0,0,0,6000,0,0,0,26000,20000,6000,6000
07877P,晶技永豐9B售01  ,0,0,0,0,0,0,0,0,0,6000,0,0,0,6000,0,6000,6000
07413P,國巨元大99售33  ,0,0,0,0,0,0,0,0,0,6000,0,0,0,6000,0,6000,6000
08764P,台灣50富邦03售03,0,0,0,0,0,0,0,0,0,6000,0,0,0,6000,0,6000,6000
08862P,台積電元大01售24,0,0,0,0,0,0,0,0,0,6000,0,0,0,48000,42000,6000,6000
08659P,聯發科統一9C售20,0,0,0,0,0,0,0,0,0,6000,0,0,0,6000,0,6000,6000
08442P,臺股指麥證01售01,0,0,0,10000,4000,6000,0,0,0,6000,0,0,0,10000,4000,6000,6000
049591,開發金元大98購01,0,0,0,0,0,0,0,0,0,6000,0,0,0,6000,0,6000,6000
047004,台積電統一99購01,0,0,0,0,0,0,0,0,0,6000,0,0,0,6000,0,6000,6000
047547,友達凱基99購02  ,0,0,0,0,0,0,0,0,0,6000,0,0,0,10000,4000,6000,6000
054845,智邦兆豐98購01  ,0,0,0,0,0,0,0,0,0,6000,0,0,0,6000,0,6000,6000
054826,復盛元大9A購01  ,0,0,0,0,0,0,0,0,0,6000,0,0,0,6000,0,6000,6000
00663L,國泰臺灣加權正2 ,0,2000,-2000,0,0,0,0,0,0,8000,0,0,0,25000,17000,8000,6000
03678C,臺股指凱基01牛02,0,0,0,0,0,0,0,0,0,6000,0,0,0,6000,0,6000,6000
054569,GIS群益98購01   ,0,0,0,0,0,0,0,0,0,6000,0,0,0,6000,0,6000,6000
056939,康控元富98購01  ,0,0,0,0,0,0,0,0,0,6000,0,0,0,46000,40000,6000,6000
057057,立積元大9A購01  ,0,0,0,0,0,0,0,0,0,6000,0,0,0,8000,2000,6000,6000
057028,台郡凱基99購02  ,0,0,0,0,0,0,0,0,0,6000,0,0,0,6000,0,6000,6000
058574,台積電群益99購03,0,0,0,0,0,0,0,0,0,6000,0,0,0,11000,5000,6000,6000
058952,南茂群益99購01  ,0,0,0,0,0,0,0,0,0,6000,0,0,0,58000,52000,6000,6000
058999,台積電元大99購24,0,0,0,0,0,0,0,0,0,6000,0,0,0,6000,0,6000,6000
062252,華邦電元大9C購01,0,0,0,0,0,0,0,0,0,6000,0,0,0,106000,100000,6000,6000
062346,智邦群益9B購02  ,0,0,0,0,0,0,0,0,0,6000,0,0,0,6000,0,6000,6000
058418,台積電麥證99購01,0,0,0,6000,0,6000,0,0,0,6000,0,0,0,6000,0,6000,6000
058503,鴻海元大99購14  ,0,0,0,0,0,0,0,0,0,6000,0,0,0,6000,0,6000,6000
058739,喬山中信99購01  ,0,0,0,0,0,0,0,0,0,6000,0,0,0,6000,0,6000,6000
058352,鴻海凱基9A購05  ,0,0,0,0,0,0,0,0,0,6000,0,0,0,6000,0,6000,6000
058133,華新科元大9A購02,0,0,0,0,0,0,0,0,0,6000,0,0,0,6000,0,6000,6000
058088,鴻海元大9A購01  ,0,0,0,0,0,0,0,0,0,6000,0,0,0,6000,0,6000,6000
057929,上銀群益98購02  ,0,0,0,0,0,0,0,0,0,6000,0,0,0,6000,0,6000,6000
057949,南電國票99購01  ,0,0,0,0,0,0,0,0,0,6000,0,0,0,6000,0,6000,6000
057189,康控元大98購02  ,0,0,0,0,0,0,0,0,0,6000,0,0,0,50000,44000,6000,6000
057423,台郡凱基98購06  ,0,0,0,0,0,0,0,0,0,6000,0,0,0,37000,31000,6000,6000
058931,玉晶光統一9C購01,0,0,0,0,0,0,0,0,0,6000,0,0,0,6000,0,6000,6000
057758,鴻海凱基99購03  ,0,0,0,0,0,0,0,0,0,6000,0,0,0,9000,3000,6000,6000
060051,台積電凱基9B購01,0,0,0,0,0,0,0,0,0,6000,0,0,0,6000,0,6000,6000
059680,台積電國泰9A購03,0,0,0,0,0,0,0,0,0,6000,0,0,0,7000,1000,6000,6000
063179,群創兆豐9B購01  ,0,0,0,0,0,0,0,0,0,6000,0,0,0,6000,0,6000,6000
062129,世紀鋼統一02購01,0,0,0,0,0,0,0,0,0,6000,0,0,0,21000,15000,6000,6000
061469,瑞祺群益9A購02  ,0,0,0,0,0,0,0,0,0,6000,0,0,0,6000,0,6000,6000
061222,台灣50中信9A購02,0,0,0,0,0,0,0,0,0,6000,0,0,0,6000,0,6000,6000
061054,台積電群益9A購04,0,0,0,0,0,0,0,0,0,6000,0,0,0,14000,8000,6000,6000
061037,嘉澤永豐9A購01  ,0,0,0,0,0,0,0,0,0,6000,0,0,0,6000,0,6000,6000
063312,台積電群益9B購07,0,0,0,0,0,0,0,0,0,6000,0,0,0,22000,16000,6000,6000
061938,大立光國票9B購03,0,0,0,0,0,0,0,0,0,6000,0,0,0,41000,35000,6000,6000
061526,宏達電凱基9A購04,0,0,0,0,0,0,0,0,0,6000,0,0,0,10000,4000,6000,6000
065189,台郡統一9C購03  ,0,0,0,0,0,0,0,0,0,6000,0,0,0,6000,0,6000,6000
065445,台光電統一01購05,0,0,0,0,0,0,0,0,0,6000,0,0,0,6000,0,6000,6000
065479,新日興元大9C購05,0,0,0,0,0,0,0,0,0,6000,0,0,0,6000,0,6000,6000
065370,瑞昱元大9C購02  ,0,0,0,0,0,0,0,0,0,6000,0,0,0,7000,1000,6000,6000
066028,嘉澤群益01購01  ,0,0,0,0,0,0,0,0,0,6000,0,0,0,124000,118000,6000,6000
066060,超眾元大01購03  ,0,0,0,0,0,0,0,0,0,6000,0,0,0,109000,103000,6000,6000
064066,達新永豐9C購01  ,0,0,0,0,0,0,0,0,0,6000,0,0,0,6000,0,6000,6000
064047,義隆統一02購01  ,0,0,0,0,0,0,0,0,0,6000,0,0,0,6000,0,6000,6000
064109,上銀國票01購01  ,0,0,0,0,0,0,0,0,0,6000,0,0,0,41000,35000,6000,6000
064096,台積電群益9C購07,0,0,0,0,0,0,0,0,0,6000,0,0,0,180000,174000,6000,6000
064097,友訊群益9C購01  ,0,0,0,0,0,0,0,0,0,6000,0,0,0,6000,0,6000,6000
064800,鴻海元大9C購12  ,0,0,0,0,0,0,0,0,0,6000,0,0,0,6000,0,6000,6000
064849,大立光元富9C購06,0,0,0,0,0,0,0,0,0,6000,0,0,0,6000,0,6000,6000
064525,臺股指群益9C購10,0,0,0,0,0,0,0,0,0,6000,0,0,0,6000,0,6000,6000
064519,聯詠群益9C購01  ,0,0,0,0,0,0,0,0,0,6000,0,0,0,6000,0,6000,6000
6715,嘉基            ,91000,91000,0,0,0,0,0,0,0,6000,0,0,0,11000,5000,6000,6000
2028,威致            ,6000,0,6000,0,0,0,0,0,0,0,0,0,0,0,0,0,6000
2849,安泰銀          ,59000,48000,11000,0,0,0,0,5000,-5000,0,0,0,0,0,0,0,6000
07281P,鴻海凱基99售13  ,0,0,0,0,0,0,0,0,0,5000,0,0,0,5000,0,5000,5000
07508P,華新科國票9A售03,0,0,0,0,0,0,0,0,0,5000,0,0,0,5000,0,5000,5000
07487P,鴻海國票9A售01  ,0,0,0,0,0,0,0,0,0,5000,0,0,0,5000,0,5000,5000
07954P,台表科元大9B售02,0,0,0,0,0,0,0,0,0,5000,0,0,0,20000,15000,5000,5000
07962P,聯詠中信05售03  ,0,0,0,0,0,0,0,0,0,5000,0,0,0,5000,0,5000,5000
07122P,欣興凱基99售05  ,0,0,0,0,0,0,0,0,0,5000,0,0,0,15000,10000,5000,5000
06765P,欣興元大98售11  ,0,0,0,0,0,0,0,0,0,5000,0,0,0,5000,0,5000,5000
067160,燿華國票03購01  ,0,0,0,0,0,0,0,0,0,5000,0,0,0,5000,0,5000,5000
067195,台虹凱基02購01  ,0,0,0,0,0,0,0,0,0,5000,0,0,0,35000,30000,5000,5000
067038,滬深2X凱基04購02,0,0,0,0,0,0,0,0,0,5000,0,0,0,5000,0,5000,5000
067112,泰碩群益01購02  ,0,0,0,0,0,0,0,0,0,5000,0,0,0,5000,0,5000,5000
066904,台積電凱基02購10,0,0,0,0,0,0,0,0,0,5000,0,0,0,27000,22000,5000,5000
066918,台積電麥證01購05,0,0,0,105000,100000,5000,0,0,0,5000,0,0,0,105000,100000,5000,5000
066833,正文群益01購01  ,0,0,0,0,0,0,0,0,0,5000,0,0,0,5000,0,5000,5000
066819,樺漢兆豐01購01  ,0,0,0,0,0,0,0,0,0,5000,0,0,0,336000,331000,5000,5000
066423,智原元大01購02  ,0,0,0,0,0,0,0,0,0,5000,0,0,0,40000,35000,5000,5000
066390,鴻海凱基02購03  ,0,0,0,0,0,0,0,0,0,5000,0,0,0,104000,99000,5000,5000
066340,敦泰永豐01購01  ,0,0,0,0,0,0,0,0,0,5000,0,0,0,28000,23000,5000,5000
058847,國巨群益99購05  ,0,0,0,0,0,0,0,0,0,5000,0,0,0,5000,0,5000,5000
058663,瑞儀兆豐9A購01  ,0,0,0,0,0,0,0,0,0,5000,0,0,0,15000,10000,5000,5000
057815,信邦元大98購01  ,0,0,0,0,0,0,0,0,0,5000,0,0,0,5000,0,5000,5000
059286,S&P正2元富01購03,0,0,0,0,0,0,0,0,0,5000,0,0,0,5000,0,5000,5000
059274,國巨元大99購22  ,0,0,0,0,0,0,0,0,0,5000,0,0,0,5000,0,5000,5000
059371,聯鈞元富99購02  ,0,0,0,0,0,0,0,0,0,5000,0,0,0,5000,0,5000,5000
059426,鴻海元大99購31  ,0,0,0,0,0,0,0,0,0,5000,0,0,0,5000,0,5000,5000
059159,上銀凱基99購05  ,0,0,0,0,0,0,0,0,0,5000,0,0,0,5000,0,5000,5000
059189,國泰金富邦9B購01,0,0,0,0,0,0,0,0,0,5000,0,0,0,5000,0,5000,5000
057384,台灣50永豐99購02,0,0,0,0,0,0,0,0,0,5000,0,0,0,5000,0,5000,5000
057291,國巨國泰9A購01  ,0,0,0,0,0,0,0,0,0,5000,0,0,0,5000,0,5000,5000
058715,鴻海台新99購02  ,0,0,0,0,0,0,0,0,0,5000,0,0,0,5000,0,5000,5000
057286,群創元大9B購05  ,0,0,0,0,0,0,0,0,0,5000,0,0,0,15000,10000,5000,5000
058158,台積電台新99購01,0,0,0,0,0,0,0,0,0,5000,0,0,0,25000,20000,5000,5000
057992,大立光日盛98購01,0,0,0,0,0,0,0,0,0,5000,0,0,0,5000,0,5000,5000
057996,臻鼎中信98購01  ,0,0,0,0,0,0,0,0,0,5000,0,0,0,5000,0,5000,5000
062264,南六元大9B購02  ,0,0,0,0,0,0,0,0,0,5000,0,0,0,20000,15000,5000,5000
062544,信錦永豐9B購01  ,0,0,0,0,0,0,0,0,0,5000,0,0,0,5000,0,5000,5000
062485,華通國泰01購01  ,0,0,0,0,0,0,0,0,0,5000,0,0,0,5000,0,5000,5000
062568,緯穎中信9C購01  ,0,0,0,0,0,0,0,0,0,5000,0,0,0,20000,15000,5000,5000
062181,義隆元大9B購03  ,0,0,0,0,0,0,0,0,0,5000,0,0,0,10000,5000,5000,5000
062184,奇鋐元大9B購02  ,0,0,0,0,0,0,0,0,0,5000,0,0,0,180000,175000,5000,5000
062598,華通台新9B購02  ,0,0,0,0,0,0,0,0,0,5000,0,0,0,5000,0,5000,5000
062605,上銀凱基9B購03  ,0,0,0,0,0,0,0,0,0,5000,0,0,0,45000,40000,5000,5000
057753,臺股指國票98購09,0,0,0,0,0,0,0,0,0,5000,0,0,0,5000,0,5000,5000
056969,智易永豐98購01  ,0,0,0,0,0,0,0,0,0,5000,0,0,0,25000,20000,5000,5000
057724,亞德客國泰99購01,0,0,0,0,0,0,0,0,0,5000,0,0,0,5000,0,5000,5000
057709,電子類群益98購01,0,0,0,0,0,0,0,0,0,5000,0,0,0,5000,0,5000,5000
055159,玉晶光元大98購05,0,0,0,0,0,0,0,0,0,5000,0,0,0,5000,0,5000,5000
055363,緯穎凱基98購03  ,0,0,0,0,0,0,0,0,0,5000,0,0,0,5000,0,5000,5000
056469,國巨元大99購01  ,0,0,0,0,0,0,0,0,0,5000,0,0,0,13000,8000,5000,5000
056401,國巨群益98購07  ,0,0,0,0,0,0,0,0,0,5000,0,0,0,5000,0,5000,5000
056206,泰鼎永豐97購01  ,0,0,0,0,0,0,0,0,0,5000,0,0,0,15000,10000,5000,5000
056142,超眾元大97購06  ,0,0,0,0,0,0,0,0,0,5000,0,0,0,48000,43000,5000,5000
056289,合勤控永豐97購01,0,0,0,0,0,0,0,0,0,5000,0,0,0,5000,0,5000,5000
056241,緯創群益97購01  ,0,0,0,0,0,0,0,0,0,5000,0,0,0,10000,5000,5000,5000
055725,嘉聯益元大98購03,0,0,0,0,0,0,0,0,0,5000,0,0,0,5000,0,5000,5000
055682,智原凱基98購02  ,0,0,0,0,0,0,0,0,0,5000,0,0,0,5000,0,5000,5000
054532,強茂國泰98購01  ,0,0,0,0,0,0,0,0,0,5000,0,0,0,20000,15000,5000,5000
04006P,滬深2X國票9B售01,0,0,0,0,0,0,0,0,0,5000,0,0,0,10000,5000,5000,5000
00666R,富邦恒生國企反1 ,0,0,0,0,0,0,0,0,0,5000,0,0,0,107000,102000,5000,5000
0054,元大台商50      ,0,0,0,0,0,0,0,0,0,5000,0,0,0,7000,2000,5000,5000
00757,統一FANG+       ,0,0,0,0,0,0,0,0,0,5000,0,0,0,215000,210000,5000,5000
056721,台灣50永昌9A購01,0,0,0,0,0,0,0,0,0,5000,0,0,0,5000,0,5000,5000
056811,健策統一9B購01  ,0,0,0,0,0,0,0,0,0,5000,0,0,0,16000,11000,5000,5000
056793,臺股指群益98購03,0,0,0,0,0,0,0,0,0,5000,0,0,0,5000,0,5000,5000
050142,聯發科元富9A購01,0,0,0,0,0,0,0,0,0,5000,0,0,0,5000,0,5000,5000
051277,聯發科中信9A購01,0,0,0,0,0,0,0,0,0,5000,0,0,0,5000,0,5000,5000
053028,康控富邦98購01  ,0,0,0,0,0,0,0,0,0,5000,0,0,0,5000,0,5000,5000
053153,大立光元大99購02,0,0,0,0,0,0,0,0,0,5000,0,0,0,5000,0,5000,5000
063341,燿華統一9C購01  ,0,0,0,0,0,0,0,0,0,5000,0,0,0,15000,10000,5000,5000
063504,國巨群益9C購06  ,0,0,0,0,0,0,0,0,0,5000,0,0,0,10000,5000,5000,5000
063689,可成永豐9B購04  ,0,0,0,0,0,0,0,0,0,5000,0,0,0,68000,63000,5000,5000
060713,聯詠永豐9A購01  ,0,0,0,0,0,0,0,0,0,5000,0,0,0,5000,0,5000,5000
060908,金像電元大9A購03,0,0,0,0,0,0,0,0,0,5000,0,0,0,36000,31000,5000,5000
060409,味全永豐9A購01  ,0,0,0,0,0,0,0,0,0,5000,0,0,0,25000,20000,5000,5000
061451,南電中信9A購03  ,0,0,0,0,0,0,0,0,0,5000,0,0,0,25000,20000,5000,5000
061662,瑞儀永豐9A購02  ,0,0,0,0,0,0,0,0,0,5000,0,0,0,55000,50000,5000,5000
061690,旺宏群益9A購05  ,0,0,0,0,0,0,0,0,0,5000,0,0,0,16000,11000,5000,5000
061723,嘉聯益永豐9A購03,0,0,0,0,0,0,0,0,0,5000,0,0,0,5000,0,5000,5000
062128,祥碩統一01購01  ,0,0,0,0,0,0,0,0,0,5000,0,0,0,5000,0,5000,5000
062096,神隆永豐9B購01  ,0,0,0,0,0,0,0,0,0,5000,0,0,0,5000,0,5000,5000
062006,瑞昱國泰9C購01  ,0,0,0,0,0,0,0,0,0,5000,0,0,0,15000,10000,5000,5000
061973,上銀元大9B購01  ,0,0,0,0,0,0,0,0,0,5000,0,0,0,5000,0,5000,5000
061308,元金2X中信9A購01,0,0,0,0,0,0,0,0,0,5000,0,0,0,10000,5000,5000,5000
061280,國巨統一9C購06  ,0,0,0,0,0,0,0,0,0,5000,0,0,0,13000,8000,5000,5000
062436,國巨元大9B購14  ,0,0,0,0,0,0,0,0,0,5000,0,0,0,5000,0,5000,5000
060559,世紀鋼凱基9C購01,0,0,0,0,0,0,0,0,0,5000,0,0,0,15000,10000,5000,5000
062055,鴻海統一9C購07  ,0,0,0,0,0,0,0,0,0,5000,0,0,0,5000,0,5000,5000
060644,泰鼎永豐9A購02  ,0,0,0,0,0,0,0,0,0,5000,0,0,0,15000,10000,5000,5000
061370,晶技國泰9C購01  ,0,0,0,0,0,0,0,0,0,5000,0,0,0,13000,8000,5000,5000
061382,台灣50群益9C購02,0,0,0,0,0,0,0,0,0,5000,0,0,0,8000,3000,5000,5000
060050,鴻海凱基9B購01  ,0,0,0,0,0,0,0,0,0,5000,0,0,0,5000,0,5000,5000
063119,華通元大9B購07  ,0,0,0,0,0,0,0,0,0,5000,0,0,0,11000,6000,5000,5000
063129,祥碩元大9C購03  ,0,0,0,0,0,0,0,0,0,5000,0,0,0,5000,0,5000,5000
060190,國泰金元富9A購01,0,0,0,0,0,0,0,0,0,5000,0,0,0,5000,0,5000,5000
060231,台積電元大9A購08,0,0,0,0,0,0,0,0,0,5000,0,0,0,5000,0,5000,5000
060314,元翎永豐9A購01  ,0,0,0,0,0,0,0,0,0,5000,0,0,0,34000,29000,5000,5000
062862,瑞儀國票9B購01  ,0,0,0,0,0,0,0,0,0,5000,0,0,0,5000,0,5000,5000
063002,上証2X元大9B購03,0,0,0,0,0,0,0,0,0,5000,0,0,0,5000,0,5000,5000
062910,亞光元大9B購01  ,0,0,0,0,0,0,0,0,0,5000,0,0,0,55000,50000,5000,5000
062779,台積電元大9B購03,0,0,0,0,0,0,0,0,0,5000,0,0,0,5000,0,5000,5000
062625,華通國票9B購02  ,0,0,0,0,0,0,0,0,0,5000,0,0,0,43000,38000,5000,5000
064748,力成國票01購01  ,0,0,0,0,0,0,0,0,0,5000,0,0,0,43000,38000,5000,5000
064993,嘉澤兆豐9C購01  ,0,0,0,0,0,0,0,0,0,5000,0,0,0,5000,0,5000,5000
064924,健策統一9C購05  ,0,0,0,0,0,0,0,0,0,5000,0,0,0,5000,0,5000,5000
064230,上銀統一01購04  ,0,0,0,0,0,0,0,0,0,5000,0,0,0,6000,1000,5000,5000
064168,南電統一01購01  ,0,0,0,0,0,0,0,0,0,5000,0,0,0,5000,0,5000,5000
064010,GIS凱基02購01   ,0,0,0,0,0,0,0,0,0,5000,0,0,0,126000,121000,5000,5000
063951,新日興元大9C購01,0,0,0,0,0,0,0,0,0,5000,0,0,0,5000,0,5000,5000
063952,玉晶光元大01購01,0,0,0,0,0,0,0,0,0,5000,0,0,0,5000,0,5000,5000
063907,華通凱基9C購03  ,0,0,0,0,0,0,0,0,0,5000,0,0,0,40000,35000,5000,5000
063778,亞德客永豐9B購02,0,0,0,0,0,0,0,0,0,5000,0,0,0,5000,0,5000,5000
063771,T50反1富邦02購01,0,0,0,0,0,0,0,0,0,5000,0,0,0,5000,0,5000,5000
066077,健策凱基01購01  ,0,0,0,0,0,0,0,0,0,5000,0,0,0,5000,0,5000,5000
065402,漢唐國泰02購01  ,0,0,0,0,0,0,0,0,0,5000,0,0,0,131000,126000,5000,5000
065593,達新元大9C購02  ,0,0,0,0,0,0,0,0,0,5000,0,0,0,40000,35000,5000,5000
065644,義隆元大9C購08  ,0,0,0,0,0,0,0,0,0,5000,0,0,0,9000,4000,5000,5000
065197,景碩元富06購01  ,0,0,0,0,0,0,0,0,0,5000,0,0,0,15000,10000,5000,5000
065068,臺股指群益9C購16,0,0,0,0,0,0,0,0,0,5000,0,0,0,5000,0,5000,5000
06510P,燿華永豐98售03  ,0,0,0,0,0,0,0,0,0,5000,0,0,0,5000,0,5000,5000
065090,大立光元大9C購24,0,0,0,0,0,0,0,0,0,5000,0,0,0,5000,0,5000,5000
065268,嘉澤元大9C購02  ,0,0,0,0,0,0,0,0,0,5000,0,0,0,5000,0,5000,5000
3040,遠見            ,166000,162000,4000,0,0,0,0,0,0,1000,1000,0,1000,0,0,0,5000
2239,英利-KY         ,21000,16000,5000,0,0,0,0,0,0,0,0,0,0,0,0,0,5000
9941A,裕融甲特        ,0,0,0,0,0,0,0,0,0,5000,5000,0,5000,0,0,0,5000
066945,鴻海元大01購14  ,0,0,0,0,0,0,0,0,0,4000,0,0,0,208000,204000,4000,4000
066899,義隆康和01購01  ,0,0,0,0,0,0,0,0,0,4000,0,0,0,11000,7000,4000,4000
067279,美利達統一02購02,0,0,0,0,0,0,0,0,0,4000,0,0,0,4000,0,4000,4000
07046P,大立光富邦9C售03,0,0,0,0,0,0,0,0,0,4000,0,0,0,4000,0,4000,4000
07085P,超眾元富9C售01  ,0,0,0,0,0,0,0,0,0,4000,0,0,0,294000,290000,4000,4000
06911P,鴻海元大99售09  ,0,0,0,0,0,0,0,0,0,4000,0,0,0,4000,0,4000,4000
06864P,健策凱基98售01  ,0,0,0,0,0,0,0,0,0,4000,0,0,0,4000,0,4000,4000
06984P,上銀富邦9B售01  ,0,0,0,0,0,0,0,0,0,4000,0,0,0,201000,197000,4000,4000
07462P,臺股指元大9B售05,0,0,0,0,0,0,0,0,0,4000,0,0,0,5000,1000,4000,4000
07220P,台灣50中信03售05,0,0,0,0,0,0,0,0,0,4000,0,0,0,4000,0,4000,4000
07845P,南亞科元大9A售08,0,0,0,0,0,0,0,0,0,4000,0,0,0,4000,0,4000,4000
07803P,南亞科永豐9A售02,0,0,0,0,0,0,0,0,0,4000,0,0,0,4000,0,4000,4000
07805P,義隆永豐9A售02  ,0,0,0,0,0,0,0,0,0,4000,0,0,0,4000,0,4000,4000
08438P,鴻海國票01售02  ,0,0,0,0,0,0,0,0,0,4000,0,0,0,4000,0,4000,4000
01002T,土銀國泰R1      ,4000,0,4000,0,0,0,0,0,0,0,0,0,0,0,0,0,4000
006204,永豐臺灣加權    ,0,0,0,0,0,0,0,0,0,4000,0,0,0,10000,6000,4000,4000
054511,香港反元大98購01,0,0,0,0,0,0,0,0,0,4000,0,0,0,4000,0,4000,4000
053945,國巨富邦98購02  ,0,0,0,0,0,0,0,0,0,4000,0,0,0,4000,0,4000,4000
055811,國巨國票98購05  ,0,0,0,0,0,0,0,0,0,4000,0,0,0,10000,6000,4000,4000
055449,超眾統一9A購01  ,0,0,0,0,0,0,0,0,0,4000,0,0,0,10000,6000,4000,4000
055176,大毅統一98購02  ,0,0,0,0,0,0,0,0,0,4000,0,0,0,4000,0,4000,4000
062610,啟碁凱基9B購01  ,0,0,0,0,0,0,0,0,0,4000,0,0,0,67000,63000,4000,4000
062538,台積電國泰9C購02,0,0,0,0,0,0,0,0,0,4000,0,0,0,24000,20000,4000,4000
062365,台光電元大9B購03,0,0,0,0,0,0,0,0,0,4000,0,0,0,37000,33000,4000,4000
058504,台積電元大99購07,0,0,0,0,0,0,0,0,0,4000,0,0,0,122000,118000,4000,4000
058758,台積電群益99購05,0,0,0,0,0,0,0,0,0,4000,0,0,0,5000,1000,4000,4000
058108,台郡台新99購01  ,0,0,0,0,0,0,0,0,0,4000,0,0,0,4000,0,4000,4000
057348,台積電統一98購09,0,0,0,0,0,0,0,0,0,4000,0,0,0,4000,0,4000,4000
059069,臺指反元大9C購01,0,0,0,0,0,0,0,0,0,4000,0,0,0,4000,0,4000,4000
059290,全新元富99購01  ,0,0,0,0,0,0,0,0,0,4000,0,0,0,10000,6000,4000,4000
058633,台灣50兆豐99購01,0,0,0,0,0,0,0,0,0,4000,0,0,0,46000,42000,4000,4000
060327,美律群益9A購02  ,0,0,0,0,0,0,0,0,0,4000,0,0,0,4000,0,4000,4000
059882,臺股指凱基9C購06,0,0,0,0,0,0,0,0,0,4000,0,0,0,4000,0,4000,4000
061405,亞德客國票9B購01,0,0,0,0,0,0,0,0,0,4000,0,0,0,4000,0,4000,4000
063236,旺宏元大9B購07  ,0,0,0,0,0,0,0,0,0,4000,0,0,0,104000,100000,4000,4000
060600,台積電凱基9C購01,0,0,0,0,0,0,0,0,0,4000,0,0,0,4000,0,4000,4000
062409,巨大永豐9B購02  ,0,0,0,0,0,0,0,0,0,4000,0,0,0,4000,0,4000,4000
061486,國巨兆豐9B購02  ,0,0,0,0,0,0,0,0,0,4000,0,0,0,4000,0,4000,4000
060851,國巨國泰9C購01  ,0,0,0,0,0,0,0,0,0,4000,0,0,0,82000,78000,4000,4000
059928,道瓊銀富邦03購01,0,0,0,0,0,0,0,0,0,4000,0,0,0,37000,33000,4000,4000
060746,玉晶光國票9B購02,0,0,0,0,0,0,0,0,0,4000,0,0,0,4000,0,4000,4000
060011,臺股指群益9C購06,0,0,0,0,0,0,0,0,0,4000,0,0,0,4000,0,4000,4000
061152,微星群益9A購01  ,0,0,0,0,0,0,0,0,0,4000,0,0,0,4000,0,4000,4000
063327,燿華國票9C購02  ,0,0,0,0,0,0,0,0,0,4000,0,0,0,4000,0,4000,4000
063331,瑞儀國票9C購01  ,0,0,0,0,0,0,0,0,0,4000,0,0,0,4000,0,4000,4000
063047,大立光兆豐9B購03,0,0,0,0,0,0,0,0,0,4000,0,0,0,4000,0,4000,4000
065624,聯詠中信9C購01  ,0,0,0,0,0,0,0,0,0,4000,0,0,0,25000,21000,4000,4000
065471,和大元大9C購05  ,0,0,0,0,0,0,0,0,0,4000,0,0,0,4000,0,4000,4000
065969,台積電元大01購06,0,0,0,0,0,0,0,0,0,4000,0,0,0,14000,10000,4000,4000
06578P,華新科國票98售02,0,0,0,0,0,0,0,0,0,4000,0,0,0,4000,0,4000,4000
063703,晶豪科群益9B購02,0,0,0,0,0,0,0,0,0,4000,0,0,0,50000,46000,4000,4000
063918,復盛凱基9C購01  ,0,0,0,0,0,0,0,0,0,4000,0,0,0,4000,0,4000,4000
063944,建準元大9C購01  ,0,0,0,0,0,0,0,0,0,4000,0,0,0,4000,0,4000,4000
064166,和潤統一02購01  ,0,0,0,0,0,0,0,0,0,4000,0,0,0,4000,0,4000,4000
064368,日月光統一01購01,0,0,0,0,0,0,0,0,0,4000,0,0,0,4000,0,4000,4000
064962,台灣50元大9C購45,0,0,0,0,0,0,0,0,0,4000,0,0,0,4000,0,4000,4000
065044,大立光凱基9C購06,0,0,0,0,0,0,0,0,0,4000,0,0,0,15000,11000,4000,4000
064728,健策統一9C購04  ,0,0,0,0,0,0,0,0,0,4000,0,0,0,44000,40000,4000,4000
064788,台汽電群益9C購01,0,0,0,0,0,0,0,0,0,4000,0,0,0,29000,25000,4000,4000
064872,南電永豐9C購02  ,0,0,0,0,0,0,0,0,0,4000,0,0,0,26000,22000,4000,4000
064860,聯發科富邦03購01,0,0,0,0,0,0,0,0,0,4000,0,0,0,12000,8000,4000,4000
064619,南亞科元大9C購05,0,0,0,0,0,0,0,0,0,4000,0,0,0,29000,25000,4000,4000
2438,翔耀            ,0,0,0,0,0,0,0,0,0,4000,4000,0,4000,0,0,0,4000
2706,第一店          ,9000,5000,4000,0,0,0,0,0,0,0,0,0,0,0,0,0,4000
5283,禾聯碩          ,1000,0,1000,0,0,0,0,0,0,3000,0,0,0,3000,0,3000,4000
4739,康普            ,392000,386000,6000,0,0,0,0,0,0,-2000,0,0,0,0,2000,-2000,4000
6504,南六            ,618000,353000,265000,0,0,0,0,135370,-135370,-126000,0,90000,-90000,10000,46000,-36000,3630
08504P,臺股指國票9C售06,0,0,0,0,0,0,0,0,0,3000,0,0,0,5000,2000,3000,3000
08761P,聯詠元大01售02  ,0,0,0,0,0,0,0,0,0,3000,0,0,0,233000,230000,3000,3000
1441,大東            ,1000,1000,0,0,0,0,0,0,0,3000,3000,0,3000,0,0,0,3000
07806P,健策永豐9A售02  ,0,0,0,0,0,0,0,0,0,3000,0,0,0,5000,2000,3000,3000
07932P,國巨元大9B售04  ,0,0,0,0,0,0,0,0,0,3000,0,0,0,3000,0,3000,3000
07596P,上証2X中信01售01,0,0,0,0,0,0,0,0,0,3000,0,0,0,3000,0,3000,3000
07968P,國巨元大9B售09  ,0,0,0,0,0,0,0,0,0,3000,0,0,0,3000,0,3000,3000
08356P,聯發科元大9C售08,0,0,0,0,0,0,0,0,0,3000,0,0,0,3000,0,3000,3000
08333P,大立光富邦02售03,0,0,0,0,0,0,0,0,0,3000,0,0,0,16000,13000,3000,3000
07129P,華新科元大99售14,0,0,0,0,0,0,0,0,0,3000,0,0,0,123000,120000,3000,3000
06838P,台積電統一99售05,0,0,0,0,0,0,0,0,0,3000,0,0,0,3000,0,3000,3000
067165,世紀鋼國票02購02,0,0,0,0,0,0,0,0,0,3000,0,0,0,5000,2000,3000,3000
066813,亞德客兆豐01購01,0,0,0,0,0,0,0,0,0,3000,0,0,0,17000,14000,3000,3000
058641,鴻海麥證99購02  ,0,0,0,36000,0,36000,0,0,0,3000,0,0,0,36000,33000,3000,3000
057778,大立光群益98購02,0,0,0,0,0,0,0,0,0,3000,0,0,0,3000,0,3000,3000
058834,GIS永豐99購01   ,0,0,0,0,0,0,0,0,0,3000,0,0,0,11000,8000,3000,3000
058829,華新科永豐99購04,0,0,0,0,0,0,0,0,0,3000,0,0,0,3000,0,3000,3000
058904,晶技元大99購05  ,0,0,0,0,0,0,0,0,0,3000,0,0,0,3000,0,3000,3000
059248,華新科凱基99購04,0,0,0,0,0,0,0,0,0,3000,0,0,0,4000,1000,3000,3000
059080,亞泥元大99購01  ,0,0,0,0,0,0,0,0,0,3000,0,0,0,5000,2000,3000,3000
059153,臺股指國票99購16,0,0,0,0,0,0,0,0,0,3000,0,0,0,3000,0,3000,3000
059142,道瓊指國票9B購02,0,0,0,0,0,0,0,0,0,3000,0,0,0,28000,25000,3000,3000
057383,玉晶光富邦9A購01,0,0,0,0,0,0,0,0,0,3000,0,0,0,4000,1000,3000,3000
057318,台光電凱基9A購01,0,0,0,0,0,0,0,0,0,3000,0,0,0,24000,21000,3000,3000
057532,智原元大98購03  ,0,0,0,0,0,0,0,0,0,3000,0,0,0,9000,6000,3000,3000
058290,南電國票9A購01  ,0,0,0,0,0,0,0,0,0,3000,0,0,0,24000,21000,3000,3000
058271,訊連永豐99購01  ,0,0,0,0,0,0,0,0,0,3000,0,0,0,3000,0,3000,3000
058462,台積電兆豐99購01,0,0,0,0,0,0,0,0,0,3000,0,0,0,16000,13000,3000,3000
062533,嘉澤統一9C購01  ,0,0,0,0,0,0,0,0,0,3000,0,0,0,3000,0,3000,3000
062557,台光電凱基9B購02,0,0,0,0,0,0,0,0,0,3000,0,0,0,13000,10000,3000,3000
062594,祥碩統一01購02  ,0,0,0,0,0,0,0,0,0,3000,0,0,0,3000,0,3000,3000
056385,創意國泰99購01  ,0,0,0,0,0,0,0,0,0,3000,0,0,0,3000,0,3000,3000
056468,鴻海元大98購07  ,0,0,0,0,0,0,0,0,0,3000,0,0,0,5000,2000,3000,3000
056496,康控國泰99購01  ,0,0,0,0,0,0,0,0,0,3000,0,0,0,3000,0,3000,3000
056292,統一元大97購01  ,0,0,0,0,0,0,0,0,0,3000,0,0,0,10000,7000,3000,3000
056140,康控元大98購01  ,0,0,0,0,0,0,0,0,0,3000,0,0,0,3000,0,3000,3000
057708,臺股指群益98購08,0,0,0,0,0,0,0,0,0,3000,0,0,0,3000,0,3000,3000
057087,台郡統一99購01  ,0,0,0,0,0,0,0,0,0,3000,0,0,0,3000,0,3000,3000
058993,滬深反元大9C購01,0,0,0,0,0,0,0,0,0,3000,0,0,0,3000,0,3000,3000
03027X,元展24          ,0,0,0,0,0,0,0,0,0,3000,0,0,0,3000,0,3000,3000
03680C,臺股指凱基9A牛26,0,0,0,0,0,0,0,0,0,3000,0,0,0,4000,1000,3000,3000
00711B,FH彭博新興債    ,0,0,0,0,0,0,0,0,0,3000,0,0,0,103000,100000,3000,3000
052695,台表科中信98購01,0,0,0,0,0,0,0,0,0,3000,0,0,0,3000,0,3000,3000
056638,臺股指日盛98購01,0,0,0,0,0,0,0,0,0,3000,0,0,0,3000,0,3000,3000
056670,樺漢國票99購01  ,0,0,0,0,0,0,0,0,0,3000,0,0,0,3000,0,3000,3000
054756,世紀鋼凱基99購01,0,0,0,0,0,0,0,0,0,3000,0,0,0,23000,20000,3000,3000
056685,光罩統一98購03  ,0,0,0,0,0,0,0,0,0,3000,0,0,0,3000,0,3000,3000
063387,台積電兆豐9B購03,0,0,0,0,0,0,0,0,0,3000,0,0,0,3000,0,3000,3000
063635,漢唐元大9B購04  ,0,0,0,0,0,0,0,0,0,3000,0,0,0,55000,52000,3000,3000
061154,可成群益9B購04  ,0,0,0,0,0,0,0,0,0,3000,0,0,0,3000,0,3000,3000
060911,大毅元大9A購01  ,0,0,0,0,0,0,0,0,0,3000,0,0,0,23000,20000,3000,3000
060939,鴻海國票9A購06  ,0,0,0,0,0,0,0,0,0,3000,0,0,0,4000,1000,3000,3000
060736,旺宏統一01購01  ,0,0,0,0,0,0,0,0,0,3000,0,0,0,3000,0,3000,3000
060847,康控國票9A購01  ,0,0,0,0,0,0,0,0,0,3000,0,0,0,19000,16000,3000,3000
061428,南六元大9A購01  ,0,0,0,0,0,0,0,0,0,3000,0,0,0,3000,0,3000,3000
060790,日月光富邦9A購01,0,0,0,0,0,0,0,0,0,3000,0,0,0,28000,25000,3000,3000
061507,南電國票9A購05  ,0,0,0,0,0,0,0,0,0,3000,0,0,0,6000,3000,3000,3000
061508,南六國泰9C購02  ,0,0,0,0,0,0,0,0,0,3000,0,0,0,7000,4000,3000,3000
06054P,臺股指中信9A售01,0,0,0,0,0,0,0,0,0,3000,0,0,0,45000,42000,3000,3000
061298,華新科富邦01購02,0,0,0,0,0,0,0,0,0,3000,0,0,0,3000,0,3000,3000
061955,FANG+統一9B購01 ,0,0,0,0,0,0,0,0,0,3000,0,0,0,5000,2000,3000,3000
063227,祥碩群益9B購06  ,0,0,0,0,0,0,0,0,0,3000,0,0,0,3000,0,3000,3000
061406,華通國票9A購06  ,0,0,0,0,0,0,0,0,0,3000,0,0,0,3000,0,3000,3000
061381,台灣50群益9B購07,0,0,0,0,0,0,0,0,0,3000,0,0,0,5000,2000,3000,3000
060114,緯穎元大99購10  ,0,0,0,0,0,0,0,0,0,3000,0,0,0,13000,10000,3000,3000
060042,台積電群益99購12,0,0,0,0,0,0,0,0,0,3000,0,0,0,3000,0,3000,3000
063120,台光電元大9C購01,0,0,0,0,0,0,0,0,0,3000,0,0,0,3000,0,3000,3000
063157,鴻海台新9B購02  ,0,0,0,0,0,0,0,0,0,3000,0,0,0,3000,0,3000,3000
060323,華通群益9C購01  ,0,0,0,0,0,0,0,0,0,3000,0,0,0,3000,0,3000,3000
060347,大立光統一02購01,0,0,0,0,0,0,0,0,0,3000,0,0,0,70000,67000,3000,3000
062636,聯鈞國票9B購01  ,0,0,0,0,0,0,0,0,0,3000,0,0,0,3000,0,3000,3000
062980,康控元富9B購01  ,0,0,0,0,0,0,0,0,0,3000,0,0,0,277000,274000,3000,3000
062990,台積電群益9B購06,0,0,0,0,0,0,0,0,0,3000,0,0,0,84000,81000,3000,3000
062897,上銀元大9B購06  ,0,0,0,0,0,0,0,0,0,3000,0,0,0,112000,109000,3000,3000
062817,富邦金兆豐9B購01,0,0,0,0,0,0,0,0,0,3000,0,0,0,84000,81000,3000,3000
064678,嘉晶兆豐01購01  ,0,0,0,0,0,0,0,0,0,3000,0,0,0,7000,4000,3000,3000
064854,祥碩麥證9C購01  ,0,0,0,58000,55000,3000,0,0,0,3000,0,0,0,58000,55000,3000,3000
064745,聯鈞國票01購01  ,0,0,0,0,0,0,0,0,0,3000,0,0,0,127000,124000,3000,3000
065034,玉晶光統一01購11,0,0,0,0,0,0,0,0,0,3000,0,0,0,3000,0,3000,3000
064959,巨大凱基9C購02  ,0,0,0,0,0,0,0,0,0,3000,0,0,0,3000,0,3000,3000
064930,南六統一02購02  ,0,0,0,0,0,0,0,0,0,3000,0,0,0,37000,34000,3000,3000
064360,台積電統一9C購12,0,0,0,0,0,0,0,0,0,3000,0,0,0,4000,1000,3000,3000
064182,臻鼎富邦01購01  ,0,0,0,0,0,0,0,0,0,3000,0,0,0,5000,2000,3000,3000
064084,群創中信06購02  ,0,0,0,0,0,0,0,0,0,3000,0,0,0,3000,0,3000,3000
063994,台光電群益9C購01,0,0,0,0,0,0,0,0,0,3000,0,0,0,57000,54000,3000,3000
063745,喬山國票9C購01  ,0,0,0,0,0,0,0,0,0,3000,0,0,0,3000,0,3000,3000
063830,智伸科國票01購01,0,0,0,0,0,0,0,0,0,3000,0,0,0,6000,3000,3000,3000
065971,金像電元大02購01,0,0,0,0,0,0,0,0,0,3000,0,0,0,35000,32000,3000,3000
066189,和潤凱基01購01  ,0,0,0,0,0,0,0,0,0,3000,0,0,0,23000,20000,3000,3000
065509,上銀群益9C購04  ,0,0,0,0,0,0,0,0,0,3000,0,0,0,20000,17000,3000,3000
065511,台積電群益01購02,0,0,0,0,0,0,0,0,0,3000,0,0,0,14000,11000,3000,3000
065609,嘉澤元大01購02  ,0,0,0,0,0,0,0,0,0,3000,0,0,0,85000,82000,3000,3000
065576,泰鼎群益9C購02  ,0,0,0,0,0,0,0,0,0,3000,0,0,0,92000,89000,3000,3000
065234,旭富凱基01購01  ,0,0,0,0,0,0,0,0,0,3000,0,0,0,3000,0,3000,3000
2429,銘旺科          ,3000,0,3000,0,0,0,0,0,0,0,0,0,0,0,0,0,3000
066796,台積電凱基02購08,0,0,0,0,0,0,0,0,0,2000,0,0,0,36000,34000,2000,2000
066933,可成國票02購01  ,0,0,0,0,0,0,0,0,0,2000,0,0,0,2000,0,2000,2000
066614,貿聯麥證01購01  ,0,0,0,21000,19000,2000,0,0,0,2000,0,0,0,21000,19000,2000,2000
066630,東森凱基01購01  ,0,0,0,0,0,0,0,0,0,2000,0,0,0,17000,15000,2000,2000
066382,拓凱康和01購01  ,0,0,0,0,0,0,0,0,0,2000,0,0,0,70000,68000,2000,2000
067111,聯詠群益01購03  ,0,0,0,0,0,0,0,0,0,2000,0,0,0,2000,0,2000,2000
067071,燿華元大01購02  ,0,0,0,0,0,0,0,0,0,2000,0,0,0,2000,0,2000,2000
067361,旭富群益01購02  ,0,0,0,0,0,0,0,0,0,2000,0,0,0,2000,0,2000,2000
08119P,南亞科統一9C售03,0,0,0,0,0,0,0,0,0,2000,0,0,0,2000,0,2000,2000
08145P,台灣50群益9B售11,0,0,0,0,0,0,0,0,0,2000,0,0,0,2000,0,2000,2000
07295P,滬深2X元富9C售09,0,0,0,0,0,0,0,0,0,2000,0,0,0,2000,0,2000,2000
07334P,臺股指國票99售19,0,0,0,0,0,0,0,0,0,2000,0,0,0,2000,0,2000,2000
07404P,華新科凱基99售10,0,0,0,0,0,0,0,0,0,2000,0,0,0,2000,0,2000,2000
07871P,台積電群益9C售02,0,0,0,0,0,0,0,0,0,2000,0,0,0,37000,35000,2000,2000
1436,華友聯          ,4000,2000,2000,0,0,0,0,0,0,0,0,0,0,0,0,0,2000
1312A,國喬特          ,0,0,0,0,0,0,0,0,0,2000,2000,0,2000,0,0,0,2000
1213,大飲            ,2000,0,2000,0,0,0,0,0,0,0,0,0,0,0,0,0,2000
08558P,香港2X國票9C售01,0,0,0,0,0,0,0,0,0,2000,0,0,0,2000,0,2000,2000
08423P,台積電統一9C售13,0,0,0,0,0,0,0,0,0,2000,0,0,0,2000,0,2000,2000
08604P,金融類元大9C售01,0,0,0,0,0,0,0,0,0,2000,0,0,0,2000,0,2000,2000
056671,台灣50元富9A購01,0,0,0,0,0,0,0,0,0,2000,0,0,0,2000,0,2000,2000
056635,亞德客日盛99購01,0,0,0,0,0,0,0,0,0,2000,0,0,0,5000,3000,2000,2000
052130,國巨凱基9B購01  ,0,0,0,0,0,0,0,0,0,2000,0,0,0,2000,0,2000,2000
053811,國巨群益98購02  ,0,0,0,0,0,0,0,0,0,2000,0,0,0,20000,18000,2000,2000
0052,富邦科技        ,0,1000,-1000,0,0,0,0,0,0,3000,0,0,0,133000,130000,3000,2000
0055,元大MSCI金融    ,0,0,0,0,0,0,0,0,0,2000,0,0,0,3000,1000,2000,2000
00688L,國泰20年美債正2 ,0,0,0,0,0,0,0,0,0,2000,0,0,0,102000,100000,2000,2000
03686C,臺股指元大04牛05,0,0,0,0,0,0,0,0,0,2000,0,0,0,2000,0,2000,2000
03013X,元展13          ,0,0,0,0,0,0,0,0,0,2000,0,0,0,2000,0,2000,2000
059501,可成元富99購01  ,0,0,0,0,0,0,0,0,0,2000,0,0,0,2000,0,2000,2000
057706,臺股指群益98購06,0,0,0,0,0,0,0,0,0,2000,0,0,0,2000,0,2000,2000
056915,上銀兆豐99購01  ,0,0,0,0,0,0,0,0,0,2000,0,0,0,12000,10000,2000,2000
056919,英業達兆豐98購01,0,0,0,0,0,0,0,0,0,2000,0,0,0,2000,0,2000,2000
056252,聯發科兆豐97購03,0,0,0,0,0,0,0,0,0,2000,0,0,0,2000,0,2000,2000
055726,台表科元大98購03,0,0,0,0,0,0,0,0,0,2000,0,0,0,2000,0,2000,2000
055623,貿聯國泰99購01  ,0,0,0,0,0,0,0,0,0,2000,0,0,0,52000,50000,2000,2000
056543,京鼎凱基98購01  ,0,0,0,0,0,0,0,0,0,2000,0,0,0,2000,0,2000,2000
055311,健策群益98購02  ,0,0,0,0,0,0,0,0,0,2000,0,0,0,2000,0,2000,2000
062591,新日興統一9C購01,0,0,0,0,0,0,0,0,0,2000,0,0,0,2000,0,2000,2000
062508,臺股指群益9B購03,0,0,0,0,0,0,0,0,0,2000,0,0,0,2000,0,2000,2000
062382,燿華國泰9C購01  ,0,0,0,0,0,0,0,0,0,2000,0,0,0,2000,0,2000,2000
062340,力成麥證9B購01  ,0,0,0,2000,0,2000,0,0,0,2000,0,0,0,2000,0,2000,2000
062402,台勝科永豐9B購02,0,0,0,0,0,0,0,0,0,2000,0,0,0,2000,0,2000,2000
062279,晶豪科群益9B購01,0,0,0,0,0,0,0,0,0,2000,0,0,0,2000,0,2000,2000
062262,茂林元大9B購02  ,0,0,0,0,0,0,0,0,0,2000,0,0,0,169000,167000,2000,2000
062229,南六統一9B購01  ,0,0,0,0,0,0,0,0,0,2000,0,0,0,12000,10000,2000,2000
058402,欣興元大99購04  ,0,0,0,0,0,0,0,0,0,2000,0,0,0,26000,24000,2000,2000
058485,智邦國票9A購01  ,0,0,0,0,0,0,0,0,0,2000,0,0,0,2000,0,2000,2000
058763,和碩群益99購01  ,0,0,0,0,0,0,0,0,0,2000,0,0,0,22000,20000,2000,2000
058025,聯茂國泰99購01  ,0,0,0,0,0,0,0,0,0,2000,0,0,0,2000,0,2000,2000
058212,華新科群益9A購01,0,0,0,0,0,0,0,0,0,2000,0,0,0,2000,0,2000,2000
057530,奇鋐元大99購01  ,0,0,0,0,0,0,0,0,0,2000,0,0,0,2000,0,2000,2000
058099,鴻海國泰9A購02  ,0,0,0,0,0,0,0,0,0,2000,0,0,0,3000,1000,2000,2000
057962,超眾元大99購03  ,0,0,0,0,0,0,0,0,0,2000,0,0,0,2000,0,2000,2000
057138,亞德客兆豐98購01,0,0,0,0,0,0,0,0,0,2000,0,0,0,3000,1000,2000,2000
057370,可成元大98購07  ,0,0,0,0,0,0,0,0,0,2000,0,0,0,2000,0,2000,2000
058718,台灣50元富03購01,0,0,0,0,0,0,0,0,0,2000,0,0,0,2000,0,2000,2000
059084,鴻海元大99購24  ,0,0,0,0,0,0,0,0,0,2000,0,0,0,2000,0,2000,2000
059086,國巨元大99購18  ,0,0,0,0,0,0,0,0,0,2000,0,0,0,2000,0,2000,2000
059415,台灣50元大9A購03,0,0,0,0,0,0,0,0,0,2000,0,0,0,2000,0,2000,2000
062898,華通元大9B購05  ,0,0,0,0,0,0,0,0,0,2000,0,0,0,67000,65000,2000,2000
062993,華新科群益9B購05,0,0,0,0,0,0,0,0,0,2000,0,0,0,41000,39000,2000,2000
062622,南電元大9B購03  ,0,0,0,0,0,0,0,0,0,2000,0,0,0,5000,3000,2000,2000
063249,祥碩元大9B購06  ,0,0,0,0,0,0,0,0,0,2000,0,0,0,2000,0,2000,2000
062793,鴻海統一9B購06  ,0,0,0,0,0,0,0,0,0,2000,0,0,0,9000,7000,2000,2000
062747,立積永豐9B購01  ,0,0,0,0,0,0,0,0,0,2000,0,0,0,2000,0,2000,2000
060406,瑞祺國泰9B購01  ,0,0,0,0,0,0,0,0,0,2000,0,0,0,2000,0,2000,2000
060131,GIS永豐99購03   ,0,0,0,0,0,0,0,0,0,2000,0,0,0,2000,0,2000,2000
059807,大立光元富99購09,0,0,0,0,0,0,0,0,0,2000,0,0,0,8000,6000,2000,2000
063105,健策群益9C購01  ,0,0,0,0,0,0,0,0,0,2000,0,0,0,4000,2000,2000,2000
059880,世紀鋼凱基99購02,0,0,0,0,0,0,0,0,0,2000,0,0,0,12000,10000,2000,2000
060679,聯詠元大9A購04  ,0,0,0,0,0,0,0,0,0,2000,0,0,0,2000,0,2000,2000
061356,南電元大9A購06  ,0,0,0,0,0,0,0,0,0,2000,0,0,0,2000,0,2000,2000
060551,大立光凱基9B購02,0,0,0,0,0,0,0,0,0,2000,0,0,0,2000,0,2000,2000
062477,聯詠國票9B購01  ,0,0,0,0,0,0,0,0,0,2000,0,0,0,2000,0,2000,2000
061720,智邦國泰9C購01  ,0,0,0,0,0,0,0,0,0,2000,0,0,0,22000,20000,2000,2000
06118P,上証2X凱基98售03,0,0,0,0,0,0,0,0,0,2000,0,0,0,2000,0,2000,2000
060704,台積電富邦01購01,0,0,0,0,0,0,0,0,0,2000,0,0,0,22000,20000,2000,2000
059980,台積電元大99購50,0,0,0,0,0,0,0,0,0,2000,0,0,0,2000,0,2000,2000
059968,世紀鋼凱基99購03,0,0,0,0,0,0,0,0,0,2000,0,0,0,12000,10000,2000,2000
063342,台光電統一9B購02,0,0,0,0,0,0,0,0,0,2000,0,0,0,2000,0,2000,2000
061577,泰碩元大9A購03  ,0,0,0,0,0,0,0,0,0,2000,0,0,0,2000,0,2000,2000
061916,元金2X凱基02購01,0,0,0,0,0,0,0,0,0,2000,0,0,0,2000,0,2000,2000
061910,台積電中信05購03,0,0,0,0,0,0,0,0,0,2000,0,0,0,2000,0,2000,2000
061912,台積電中信05購05,0,0,0,0,0,0,0,0,0,2000,0,0,0,2000,0,2000,2000
065246,旭富兆豐01購01  ,0,0,0,0,0,0,0,0,0,2000,0,0,0,2000,0,2000,2000
066144,惠特群益01購02  ,0,0,0,0,0,0,0,0,0,2000,0,0,0,5000,3000,2000,2000
066123,華夏群益01購01  ,0,0,0,0,0,0,0,0,0,2000,0,0,0,20000,18000,2000,2000
066132,精元群益01購01  ,0,0,0,0,0,0,0,0,0,2000,0,0,0,84000,82000,2000,2000
065985,金像電永豐01購02,0,0,0,0,0,0,0,0,0,2000,0,0,0,142000,140000,2000,2000
065770,元黃金國票01購01,0,0,0,0,0,0,0,0,0,2000,0,0,0,2000,0,2000,2000
06582P,可成凱基98售06  ,0,0,0,0,0,0,0,0,0,2000,0,0,0,12000,10000,2000,2000
065748,台積電元大01購05,0,0,0,0,0,0,0,0,0,2000,0,0,0,2000,0,2000,2000
063886,南電元富9C購01  ,0,0,0,0,0,0,0,0,0,2000,0,0,0,2000,0,2000,2000
063740,矽格元大9B購03  ,0,0,0,0,0,0,0,0,0,2000,0,0,0,13000,11000,2000,2000
063719,T50反1元大9B購11,0,0,0,0,0,0,0,0,0,2000,0,0,0,2000,0,2000,2000
064055,台郡統一02購01  ,0,0,0,0,0,0,0,0,0,2000,0,0,0,2000,0,2000,2000
063974,南電國票01購01  ,0,0,0,0,0,0,0,0,0,2000,0,0,0,2000,0,2000,2000
064169,南電統一9C購01  ,0,0,0,0,0,0,0,0,0,2000,0,0,0,2000,0,2000,2000
064172,義隆元富9C購01  ,0,0,0,0,0,0,0,0,0,2000,0,0,0,2000,0,2000,2000
064960,世紀鋼凱基03購01,0,0,0,0,0,0,0,0,0,2000,0,0,0,7000,5000,2000,2000
064765,緯穎凱基9C購02  ,0,0,0,0,0,0,0,0,0,2000,0,0,0,2000,0,2000,2000
064664,微星元大9C購04  ,0,0,0,0,0,0,0,0,0,2000,0,0,0,55000,53000,2000,2000
064657,和大元大9C購02  ,0,0,0,0,0,0,0,0,0,2000,0,0,0,2000,0,2000,2000
064597,鴻海元富9C購03  ,0,0,0,0,0,0,0,0,0,2000,0,0,0,4660000,4658000,2000,2000
064550,南茂凱基01購01  ,0,0,0,0,0,0,0,0,0,2000,0,0,0,5000,3000,2000,2000
064552,巨大凱基01購01  ,0,0,0,0,0,0,0,0,0,2000,0,0,0,2000,0,2000,2000
2390,云辰            ,1979000,1977000,2000,0,0,0,0,0,0,0,0,0,0,0,0,0,2000
2491,吉祥全          ,5000,3000,2000,0,0,0,0,0,0,0,0,0,0,0,0,0,2000
2007,燁興            ,5000,3000,2000,0,0,0,0,0,0,0,0,0,0,0,0,0,2000
4989,榮科            ,29000,27000,2000,0,0,0,0,0,0,0,0,0,0,0,0,0,2000
2891B,中信金乙特      ,0,0,0,0,0,0,0,0,0,2000,2000,0,2000,0,0,0,2000
6024,群益期          ,7000,5000,2000,0,0,0,0,0,0,0,0,0,0,0,0,0,2000
6133,金橋            ,2000,0,2000,0,0,0,0,0,0,0,0,0,0,0,0,0,2000
6172,互億            ,4000,0,4000,0,0,0,0,0,0,-2000,0,2000,-2000,0,0,0,2000
8940,新天地          ,5000,3000,2000,0,0,0,0,0,0,0,0,0,0,0,0,0,2000
8482,商億-KY         ,2000,0,2000,0,0,0,0,0,0,0,0,0,0,0,0,0,2000
8443,阿瘦            ,2000,0,2000,0,0,0,0,0,0,0,0,0,0,0,0,0,2000
08712P,國巨元富07售03  ,0,0,0,0,0,0,0,0,0,1000,0,0,0,1000,0,1000,1000
08407P,臺股指元大9C售13,0,0,0,0,0,0,0,0,0,1000,0,0,0,1000,0,1000,1000
1101B,台泥乙特        ,0,0,0,0,0,0,0,0,0,1000,1000,0,1000,0,0,0,1000
1235,興泰            ,2000,1000,1000,0,0,0,0,0,0,0,0,0,0,0,0,0,1000
08759P,滬深2X元大01售08,0,0,0,0,0,0,0,0,0,1000,0,0,0,3000,2000,1000,1000
08755P,台灣50元大01售17,0,0,0,0,0,0,0,0,0,1000,0,0,0,1000,0,1000,1000
08767P,台灣50凱基01售17,0,0,0,0,0,0,0,0,0,1000,0,0,0,1000,0,1000,1000
1539,巨庭            ,2000,2000,0,0,0,0,0,0,0,1000,2000,1000,1000,0,0,0,1000
07904P,聯發科群益9B售05,0,0,0,0,0,0,0,0,0,1000,0,0,0,1000,0,1000,1000
07593P,臺股指凱基9A售08,0,0,0,0,0,0,0,0,0,1000,0,0,0,11000,10000,1000,1000
07559P,祥碩元大9A售03  ,0,0,0,0,0,0,0,0,0,1000,0,0,0,1000,0,1000,1000
07505P,台勝科元大9A售01,0,0,0,0,0,0,0,0,0,1000,0,0,0,32000,31000,1000,1000
08117P,聯發科元富9B售04,0,0,0,0,0,0,0,0,0,1000,0,0,0,1000,0,1000,1000
07986P,大成鋼統一9B售02,0,0,0,0,0,0,0,0,0,1000,0,0,0,10000,9000,1000,1000
07947P,國巨統一9B售12  ,0,0,0,0,0,0,0,0,0,1000,0,0,0,1000,0,1000,1000
07994P,臺股指群益9B售04,0,0,0,0,0,0,0,0,0,1000,0,0,0,1000,0,1000,1000
08257P,台積電元大9C售04,0,0,0,0,0,0,0,0,0,1000,0,0,0,1000,0,1000,1000
08269P,臺股指元大9C售07,0,0,0,0,0,0,0,0,0,1000,0,0,0,1000,0,1000,1000
06835P,台灣50國票9A售01,0,0,0,0,0,0,0,0,0,1000,0,0,0,1000,0,1000,1000
06805P,臺股指群益98售11,0,0,0,0,0,0,0,0,0,1000,0,0,0,1000,0,1000,1000
06828P,臺股指國票98售04,0,0,0,0,0,0,0,0,0,1000,0,0,0,1000,0,1000,1000
07157P,臺股指元富99售12,0,0,0,0,0,0,0,0,0,1000,0,0,0,1000,0,1000,1000
07069P,欣興元富99售02  ,0,0,0,0,0,0,0,0,0,1000,0,0,0,48000,47000,1000,1000
06855P,聯發科富邦9A售01,0,0,0,0,0,0,0,0,0,1000,0,0,0,1000,0,1000,1000
06902P,聯電凱基98售02  ,0,0,0,0,0,0,0,0,0,1000,0,0,0,1000,0,1000,1000
067024,旺宏兆豐03購01  ,0,0,0,0,0,0,0,0,0,1000,0,0,0,12000,11000,1000,1000
06639P,訊芯元富98售04  ,0,0,0,0,0,0,0,0,0,1000,0,0,0,1000,0,1000,1000
066432,南六元大01購02  ,0,0,0,0,0,0,0,0,0,1000,0,0,0,21000,20000,1000,1000
066321,華碩永豐01購01  ,0,0,0,0,0,0,0,0,0,1000,0,0,0,25000,24000,1000,1000
066552,大立光元大01購08,0,0,0,0,0,0,0,0,0,1000,0,0,0,1000,0,1000,1000
066548,燿華元大02購02  ,0,0,0,0,0,0,0,0,0,1000,0,0,0,1000,0,1000,1000
066624,燿華凱基01購02  ,0,0,0,0,0,0,0,0,0,1000,0,0,0,1000,0,1000,1000
066870,宏達電元富01購01,0,0,0,0,0,0,0,0,0,1000,0,0,0,1000,0,1000,1000
057841,茂林富邦9A購02  ,0,0,0,0,0,0,0,0,0,1000,0,0,0,110000,109000,1000,1000
058643,T50正2富邦03購01,0,0,0,0,0,0,0,0,0,1000,0,0,0,1000,0,1000,1000
059067,上銀國票9A購02  ,0,0,0,0,0,0,0,0,0,1000,0,0,0,21000,20000,1000,1000
059151,臺股指國票99購14,0,0,0,0,0,0,0,0,0,1000,0,0,0,5000,4000,1000,1000
059145,創意國票99購02  ,0,0,0,0,0,0,0,0,0,1000,0,0,0,2000,1000,1000,1000
059293,宏達電元富9B購01,0,0,0,0,0,0,0,0,0,1000,0,0,0,1000,0,1000,1000
058709,臺股指元大9A購22,0,0,0,0,0,0,0,0,0,1000,0,0,0,1000,0,1000,1000
057281,大立光元大98購16,0,0,0,0,0,0,0,0,0,1000,0,0,0,1000,0,1000,1000
057959,欣興元大98購14  ,0,0,0,0,0,0,0,0,0,1000,0,0,0,2000,1000,1000,1000
057596,聯茂兆豐99購01  ,0,0,0,0,0,0,0,0,0,1000,0,0,0,1000,0,1000,1000
058225,旺宏元富99購01  ,0,0,0,0,0,0,0,0,0,1000,0,0,0,1000,0,1000,1000
058138,晶相光元大9C購01,0,0,0,0,0,0,0,0,0,1000,0,0,0,1000,0,1000,1000
058116,正崴中信99購02  ,0,0,0,0,0,0,0,0,0,1000,0,0,0,25000,24000,1000,1000
058309,大毅元大99購02  ,0,0,0,0,0,0,0,0,0,1000,0,0,0,13000,12000,1000,1000
058354,台積電凱基9A購06,0,0,0,0,0,0,0,0,0,1000,0,0,0,1000,0,1000,1000
058372,欣興凱基99購03  ,0,0,0,0,0,0,0,0,0,1000,0,0,0,1000,0,1000,1000
058063,旺宏中信98購04  ,0,0,0,0,0,0,0,0,0,1000,0,0,0,1000,0,1000,1000
058729,國巨永豐99購03  ,0,0,0,0,0,0,0,0,0,1000,0,0,0,14000,13000,1000,1000
058453,可成永豐99購01  ,0,0,0,0,0,0,0,0,0,1000,0,0,0,1000,0,1000,1000
062298,國巨第一9B購01  ,0,0,0,0,0,0,0,0,0,1000,0,0,0,1000,0,1000,1000
062378,台表科元大9C購01,0,0,0,0,0,0,0,0,0,1000,0,0,0,1000,0,1000,1000
062588,國巨統一9B購14  ,0,0,0,0,0,0,0,0,0,1000,0,0,0,1000,0,1000,1000
055337,超眾兆豐98購01  ,0,0,0,0,0,0,0,0,0,1000,0,0,0,32000,31000,1000,1000
055408,力成國泰98購01  ,0,0,0,0,0,0,0,0,0,1000,0,0,0,1000,0,1000,1000
056519,創意國票99購01  ,0,0,0,0,0,0,0,0,0,1000,0,0,0,6000,5000,1000,1000
056295,國巨元大97購16  ,0,0,0,0,0,0,0,0,0,1000,0,0,0,2000,1000,1000,1000
056133,可成元大97購05  ,0,0,0,0,0,0,0,0,0,1000,0,0,0,1000,0,1000,1000
056209,超眾永豐97購02  ,0,0,0,0,0,0,0,0,0,1000,0,0,0,1000,0,1000,1000
057000,亞德客國票99購01,0,0,0,0,0,0,0,0,0,1000,0,0,0,1000,0,1000,1000
057693,臺股指凱基98購11,0,0,0,0,0,0,0,0,0,1000,0,0,0,1000,0,1000,1000
058580,華新科群益99購02,0,0,0,0,0,0,0,0,0,1000,0,0,0,1000,0,1000,1000
02001L,富邦蘋果正二N   ,0,0,0,0,0,0,0,0,0,1000,0,0,0,3000,2000,1000,1000
03684C,臺股指元大06牛01,0,0,0,0,0,0,0,0,0,1000,0,0,0,2000,1000,1000,1000
03453B,臺股指元大02熊02,0,0,0,0,0,0,0,0,0,1000,0,0,0,10000,9000,1000,1000
053901,T50反1凱基99購03,0,0,0,0,0,0,0,0,0,1000,0,0,0,36000,35000,1000,1000
054159,T50正2凱基99購01,0,0,0,0,0,0,0,0,0,1000,0,0,0,1000,0,1000,1000
020007,凱基臺灣500N    ,0,0,0,0,0,0,0,0,0,1000,0,0,0,1000,0,1000,1000
05062P,大立光富邦98售03,0,0,0,0,0,0,0,0,0,1000,0,0,0,1000,0,1000,1000
053522,臺股指群益99購01,0,0,0,0,0,0,0,0,0,1000,0,0,0,1000,0,1000,1000
056636,台積電日盛9A購01,0,0,0,0,0,0,0,0,0,1000,0,0,0,106000,105000,1000,1000
056667,上銀國票99購01  ,0,0,0,0,0,0,0,0,0,1000,0,0,0,1000,0,1000,1000
056625,致伸永豐98購01  ,0,0,0,0,0,0,0,0,0,1000,0,0,0,1000,0,1000,1000
056592,台積電元富98購01,0,0,0,0,0,0,0,0,0,1000,0,0,0,1576000,1575000,1000,1000
054870,新日興群益98購01,0,0,0,0,0,0,0,0,0,1000,0,0,0,1000,0,1000,1000
054874,帆宣群益99購02  ,0,0,0,0,0,0,0,0,0,1000,0,0,0,8000,7000,1000,1000
061929,嘉澤凱基9B購01  ,0,0,0,0,0,0,0,0,0,1000,0,0,0,1000,0,1000,1000
061532,和大統一9C購02  ,0,0,0,0,0,0,0,0,0,1000,0,0,0,3000,2000,1000,1000
061922,瑞昱凱基9B購01  ,0,0,0,0,0,0,0,0,0,1000,0,0,0,8000,7000,1000,1000
061549,泰碩群益9A購01  ,0,0,0,0,0,0,0,0,0,1000,0,0,0,12000,11000,1000,1000
063389,大立光兆豐9C購02,0,0,0,0,0,0,0,0,0,1000,0,0,0,5000,4000,1000,1000
063376,神達永豐9B購01  ,0,0,0,0,0,0,0,0,0,1000,0,0,0,6000,5000,1000,1000
063561,上銀元大9B購08  ,0,0,0,0,0,0,0,0,0,1000,0,0,0,11000,10000,1000,1000
063571,TPK元大9B購03   ,0,0,0,0,0,0,0,0,0,1000,0,0,0,55000,54000,1000,1000
063588,華新科永豐9B購02,0,0,0,0,0,0,0,0,0,1000,0,0,0,1000,0,1000,1000
063451,漢翔統一9C購01  ,0,0,0,0,0,0,0,0,0,1000,0,0,0,1000,0,1000,1000
059992,S&P正2元富9B購04,0,0,0,0,0,0,0,0,0,1000,0,0,0,1000,0,1000,1000
060758,台積電元大9A購19,0,0,0,0,0,0,0,0,0,1000,0,0,0,1000,0,1000,1000
060941,台積電國票9B購04,0,0,0,0,0,0,0,0,0,1000,0,0,0,1000,0,1000,1000
060997,上銀兆豐9B購01  ,0,0,0,0,0,0,0,0,0,1000,0,0,0,1000,0,1000,1000
060792,信錦永豐9A購01  ,0,0,0,0,0,0,0,0,0,1000,0,0,0,1000,0,1000,1000
060814,健策凱基9B購01  ,0,0,0,0,0,0,0,0,0,1000,0,0,0,1000,0,1000,1000
060782,道瓊指富邦9C購01,0,0,0,0,0,0,0,0,0,1000,0,0,0,3000,2000,1000,1000
061500,京鼎國票9B購01  ,0,0,0,0,0,0,0,0,0,1000,0,0,0,1000,0,1000,1000
062437,廣達元大9B購01  ,0,0,0,0,0,0,0,0,0,1000,0,0,0,23000,22000,1000,1000
062425,可成統一01購01  ,0,0,0,0,0,0,0,0,0,1000,0,0,0,6000,5000,1000,1000
060526,台積電中信9A購02,0,0,0,0,0,0,0,0,0,1000,0,0,0,1000,0,1000,1000
061256,亞德客凱基9B購01,0,0,0,0,0,0,0,0,0,1000,0,0,0,1000,0,1000,1000
059587,華通元大9A購01  ,0,0,0,0,0,0,0,0,0,1000,0,0,0,1000,0,1000,1000
061295,台積電國泰9B購02,0,0,0,0,0,0,0,0,0,1000,0,0,0,1000,0,1000,1000
061296,台積電國泰9C購01,0,0,0,0,0,0,0,0,0,1000,0,0,0,66000,65000,1000,1000
061358,世紀鋼元大9A購04,0,0,0,0,0,0,0,0,0,1000,0,0,0,340000,339000,1000,1000
061423,廣達元大9A購01  ,0,0,0,0,0,0,0,0,0,1000,0,0,0,11000,10000,1000,1000
062052,華通統一01購01  ,0,0,0,0,0,0,0,0,0,1000,0,0,0,102000,101000,1000,1000
059664,立積元大9C購01  ,0,0,0,0,0,0,0,0,0,1000,0,0,0,1000,0,1000,1000
059853,超眾永豐99購03  ,0,0,0,0,0,0,0,0,0,1000,0,0,0,11000,10000,1000,1000
060043,全新群益9B購02  ,0,0,0,0,0,0,0,0,0,1000,0,0,0,6000,5000,1000,1000
059817,華通凱基99購05  ,0,0,0,0,0,0,0,0,0,1000,0,0,0,1000,0,1000,1000
059830,台郡凱基99購05  ,0,0,0,0,0,0,0,0,0,1000,0,0,0,1000,0,1000,1000
062739,嘉晶國票9B購02  ,0,0,0,0,0,0,0,0,0,1000,0,0,0,5000,4000,1000,1000
062987,祥碩中信01購01  ,0,0,0,0,0,0,0,0,0,1000,0,0,0,11000,10000,1000,1000
062959,上証2X元富9B購01,0,0,0,0,0,0,0,0,0,1000,0,0,0,1000,0,1000,1000
062841,臺股指群益9B購08,0,0,0,0,0,0,0,0,0,1000,0,0,0,1000,0,1000,1000
064521,群創群益02購01  ,0,0,0,0,0,0,0,0,0,1000,0,0,0,1000,0,1000,1000
064503,日電貿元大9C購01,0,0,0,0,0,0,0,0,0,1000,0,0,0,6000,5000,1000,1000
064618,南亞科元大9C購04,0,0,0,0,0,0,0,0,0,1000,0,0,0,65000,64000,1000,1000
064568,聯鈞群益9C購01  ,0,0,0,0,0,0,0,0,0,1000,0,0,0,28000,27000,1000,1000
064695,京鼎群益02購02  ,0,0,0,0,0,0,0,0,0,1000,0,0,0,53000,52000,1000,1000
064853,亞德客麥證9C購01,0,0,0,1000,0,1000,0,0,0,1000,0,0,0,1000,0,1000,1000
06422P,勤誠統一98售01  ,0,0,0,0,0,0,0,0,0,1000,0,0,0,1000,0,1000,1000
064220,力山國票01購01  ,0,0,0,0,0,0,0,0,0,1000,0,0,0,1000,0,1000,1000
06433P,大立光群益99售01,0,0,0,0,0,0,0,0,0,1000,0,0,0,1000,0,1000,1000
064332,聯發科元大01購01,0,0,0,0,0,0,0,0,0,1000,0,0,0,1000,0,1000,1000
063946,聯發科元大9C購04,0,0,0,0,0,0,0,0,0,1000,0,0,0,1000,0,1000,1000
063897,神達群益9C購01  ,0,0,0,0,0,0,0,0,0,1000,0,0,0,1000,0,1000,1000
063898,旭富群益9C購01  ,0,0,0,0,0,0,0,0,0,1000,0,0,0,1000,0,1000,1000
064053,祥碩統一02購01  ,0,0,0,0,0,0,0,0,0,1000,0,0,0,1000,0,1000,1000
063789,智邦台新9C購01  ,0,0,0,0,0,0,0,0,0,1000,0,0,0,11000,10000,1000,1000
063812,智邦群益9C購02  ,0,0,0,0,0,0,0,0,0,1000,0,0,0,11000,10000,1000,1000
065889,鴻海統一03購02  ,0,0,0,0,0,0,0,0,0,1000,0,0,0,1000,0,1000,1000
066061,超眾元大01購04  ,0,0,0,0,0,0,0,0,0,1000,0,0,0,121000,120000,1000,1000
066202,大立光統一02購07,0,0,0,0,0,0,0,0,0,1000,0,0,0,1000,0,1000,1000
06527P,T50正2富邦9C售01,0,0,0,0,0,0,0,0,0,1000,0,0,0,1000,0,1000,1000
065282,國巨群益9C購14  ,0,0,0,0,0,0,0,0,0,1000,0,0,0,1000,0,1000,1000
065284,旺宏群益9C購03  ,0,0,0,0,0,0,0,0,0,1000,0,0,0,43000,42000,1000,1000
065300,燿華元富9C購03  ,0,0,0,0,0,0,0,0,0,1000,0,0,0,1000,0,1000,1000
065575,神達群益01購01  ,0,0,0,0,0,0,0,0,0,1000,0,0,0,1000,0,1000,1000
065620,金融類元大9C購03,0,0,0,0,0,0,0,0,0,1000,0,0,0,4000,3000,1000,1000
065678,聯發科統一01購07,0,0,0,0,0,0,0,0,0,1000,0,0,0,59000,58000,1000,1000
065489,臺股指元大9C購31,0,0,0,0,0,0,0,0,0,1000,0,0,0,1000,0,1000,1000
065476,聯發科元大9C購14,0,0,0,0,0,0,0,0,0,1000,0,0,0,1000,0,1000,1000
065458,立積元富03購02  ,0,0,0,0,0,0,0,0,0,1000,0,0,0,1000,0,1000,1000
065401,立積群益9C購01  ,0,0,0,0,0,0,0,0,0,1000,0,0,0,1000,0,1000,1000
065386,華通兆豐9C購02  ,0,0,0,0,0,0,0,0,0,1000,0,0,0,14000,13000,1000,1000
8488,吉源-KY         ,0,0,0,0,0,0,0,0,0,1000,1000,0,1000,0,0,0,1000
8481,政伸            ,2000,1000,1000,0,0,0,0,0,0,0,0,0,0,0,0,0,1000
8478,東哥遊艇        ,1000,0,1000,0,0,0,0,0,0,0,0,0,0,0,0,0,1000
6581,鋼聯            ,4000,3000,1000,0,0,0,0,0,0,0,0,0,0,0,0,0,1000
6641,基士德-KY       ,1000,0,1000,0,0,0,0,0,0,0,0,0,0,0,0,0,1000
2891C,中信金丙特      ,0,0,0,0,0,0,0,0,0,1000,1000,0,1000,0,0,0,1000
3021,鴻名            ,0,0,0,0,0,0,0,0,0,1000,1000,0,1000,0,0,0,1000
2887E,台新戊特        ,0,0,0,0,0,0,0,0,0,1000,1000,0,1000,0,0,0,1000
2887F,台新戊特二      ,0,0,0,0,0,0,0,0,0,1000,1000,0,1000,0,0,0,1000
3321,同泰            ,1000,0,1000,0,0,0,0,0,0,0,0,0,0,0,0,0,1000
5546,永固-KY         ,10000,9000,1000,0,0,0,0,0,0,0,0,0,0,0,0,0,1000
4571,鈞興-KY         ,0,0,0,0,0,0,0,0,0,1000,1000,0,1000,0,0,0,1000
2008,高興昌          ,1000,0,1000,0,0,0,0,0,0,0,0,0,0,0,0,0,1000
1713,國化            ,1000,0,1000,0,0,0,0,0,0,0,0,0,0,0,0,0,1000
2236,百達-KY         ,3000,3000,0,0,0,0,0,0,0,1000,1000,0,1000,0,0,0,1000
2002A,中鋼特          ,0,0,0,0,0,0,0,0,0,1000,1000,0,1000,0,0,0,1000
00636K,國泰中國A50+U   ,0,0,0,0,0,0,0,0,0,200,0,0,0,300,100,200,200
066894,聯發科兆豐03購01,0,0,0,0,0,0,0,0,0,0,0,0,0,11000,11000,0,0
066887,聯發科中信02購01,0,0,0,0,0,0,0,0,0,0,0,0,0,43000,43000,0,0
066913,樺漢凱基01購01  ,0,0,0,0,0,0,0,0,0,0,0,0,0,10000,10000,0,0
066845,亞光元大01購02  ,0,0,0,0,0,0,0,0,0,0,0,0,0,4000,4000,0,0
066847,群創元大01購03  ,0,0,0,0,0,0,0,0,0,0,0,0,0,20000,20000,0,0
066612,台積電麥證01購04,0,0,0,300000,0,300000,0,0,0,0,0,0,0,300000,300000,0,0
066616,創意康和01購01  ,10000,10000,0,0,0,0,0,0,0,0,0,0,0,136000,136000,0,0
066657,滬深2X凱基04購01,0,0,0,0,0,0,0,0,0,0,0,0,0,2000,2000,0,0
066663,達欣工凱基01購01,0,0,0,0,0,0,0,0,0,0,0,0,0,30000,30000,0,0
066756,長興永豐01購02  ,0,0,0,0,0,0,0,0,0,0,0,0,0,10000,10000,0,0
066578,臺股指元大01購07,0,0,0,0,0,0,0,0,0,0,0,0,0,5000,5000,0,0
066591,華新科群益01購05,0,0,0,0,0,0,0,0,0,0,0,0,0,4000,4000,0,0
066365,富邦金中信03購01,0,0,0,0,0,0,0,0,0,0,0,0,0,70000,70000,0,0
066383,臻鼎康和01購01  ,0,0,0,0,0,0,0,0,0,0,0,0,0,20000,20000,0,0
06697P,台積電國票99售05,0,0,0,0,0,0,0,0,0,0,0,0,0,399000,399000,0,0
067108,大毅群益01購01  ,0,0,0,0,0,0,0,0,0,0,0,0,0,11000,11000,0,0
067091,台虹元大01購02  ,0,0,0,0,0,0,0,0,0,0,0,0,0,1000,1000,0,0
067167,鴻海麥證01購02  ,0,0,0,0,42000,-42000,0,0,0,0,0,0,0,42000,42000,0,0
067168,國巨麥證01購05  ,0,0,0,12000,37000,-25000,0,0,0,0,0,0,0,39000,39000,0,0
067197,上証2X元大01購05,0,0,0,0,0,0,0,0,0,0,0,0,0,4000,4000,0,0
067185,宏達電凱基02購01,0,0,0,0,0,0,0,0,0,0,0,0,0,2000,2000,0,0
067186,晶豪科凱基01購02,0,0,0,0,0,0,0,0,0,0,0,0,0,66000,66000,0,0
067190,智伸科凱基02購01,0,0,0,0,0,0,0,0,0,0,0,0,0,20000,20000,0,0
067191,康控凱基01購02  ,0,0,0,0,0,0,0,0,0,0,0,0,0,2000,2000,0,0
067215,亞光元大01購05  ,0,0,0,0,0,0,0,0,0,0,0,0,0,3000,3000,0,0
067209,瑞昱元大01購04  ,0,0,0,0,0,0,0,0,0,0,0,0,0,71000,71000,0,0
067313,欣興元大03購01  ,0,0,0,0,0,0,0,0,0,0,0,0,0,20000,20000,0,0
067250,中化國票02購01  ,0,0,0,0,0,0,0,0,0,0,0,0,0,35000,35000,0,0
06889P,臺股指元大98售13,30000,0,30000,0,0,0,0,0,0,-30000,0,0,0,0,30000,-30000,0
06919P,臺股指日盛98售02,0,0,0,0,0,0,0,0,0,0,0,0,0,40000,40000,0,0
06986P,台積電台新9A售01,0,0,0,0,0,0,0,0,0,0,0,0,0,10000,10000,0,0
07026P,超眾凱基99售03  ,0,0,0,0,0,0,0,0,0,0,0,0,0,50000,50000,0,0
07065P,臺股指元大9A售26,0,0,0,0,0,0,0,0,0,0,0,0,0,35000,35000,0,0
07076P,鴻海凱基9A售08  ,0,0,0,0,0,0,0,0,0,0,0,0,0,30000,30000,0,0
07164P,臺股指群益99售15,0,0,0,0,0,0,0,0,0,0,0,0,0,100000,100000,0,0
06809P,電子類群益98售03,0,0,0,0,0,0,0,0,0,0,0,0,0,10000,10000,0,0
06758P,鴻海元大98售10  ,0,0,0,0,0,0,0,0,0,0,0,0,0,116000,116000,0,0
06752P,訊芯凱基98售05  ,0,0,0,0,0,0,0,0,0,0,0,0,0,20000,20000,0,0
06776P,鴻海元大99售05  ,0,0,0,0,0,0,0,0,0,0,0,0,0,133000,133000,0,0
06777P,鴻海元大99售06  ,0,0,0,0,0,0,0,0,0,0,0,0,0,64000,64000,0,0
067534,億光群益01購01  ,0,0,0,0,0,0,0,0,0,0,0,0,0,24000,24000,0,0
067497,康控元大01購04  ,0,0,0,0,0,0,0,0,0,0,0,0,0,43000,43000,0,0
067309,欣興元大01購04  ,0,0,0,0,0,0,0,0,0,0,0,0,0,1000,1000,0,0
067331,友訊凱基01購02  ,0,0,0,0,0,0,0,0,0,0,0,0,0,53000,53000,0,0
067332,旺宏凱基03購02  ,0,0,0,0,0,0,0,0,0,0,0,0,0,82000,82000,0,0
067394,國巨永豐01購01  ,0,0,0,0,0,0,0,0,0,0,0,0,0,9000,9000,0,0
067443,國巨國票02購04  ,0,0,0,0,0,0,0,0,0,0,0,0,0,12000,12000,0,0
067476,台光電元大01購04,0,0,0,0,0,0,0,0,0,0,0,0,0,7000,7000,0,0
08215P,旺宏群益9B售04  ,0,0,0,0,0,0,0,0,0,0,0,0,0,50000,50000,0,0
08035P,國巨群益9C售04  ,0,0,0,0,0,0,0,0,0,0,0,0,0,6000,6000,0,0
08124P,臻鼎群益9B售02  ,0,0,0,0,0,0,0,0,0,0,0,0,0,10000,10000,0,0
08130P,義隆元大9B售05  ,0,0,0,0,0,0,0,0,0,0,0,0,0,350000,350000,0,0
08147P,聯發科群益9B售10,0,0,0,0,0,0,0,0,0,0,0,0,0,60000,60000,0,0
07491P,臺股指國票9A售09,0,0,0,0,0,0,0,0,0,0,0,0,0,1000,1000,0,0
07492P,臺股指國票9A售10,0,0,0,0,0,0,0,0,0,0,0,0,0,1000,1000,0,0
07587P,台灣50國票9A售11,0,0,0,0,0,0,0,0,0,0,0,0,0,160000,160000,0,0
07389P,臺股指群益9C售08,0,0,0,0,0,0,0,0,0,0,0,0,0,5000,5000,0,0
07335P,臺股指國票99售20,0,2000,-2000,0,0,0,0,0,0,2000,0,0,0,2000,0,2000,0
07675P,全新永豐9A售02  ,0,0,0,0,0,0,0,0,0,0,0,0,0,15000,15000,0,0
07757P,國巨國票9B售04  ,0,0,0,0,0,0,0,0,0,0,0,0,0,25000,25000,0,0
07748P,茂林凱基9A售04  ,0,0,0,0,0,0,0,0,0,0,0,0,0,10000,10000,0,0
07788P,華新科群益9A售08,0,0,0,0,0,0,0,0,0,0,0,0,0,13000,13000,0,0
1528,恩德            ,25000,25000,0,0,0,0,0,0,0,0,0,0,0,0,0,0,0
1587,吉茂            ,8000,8000,0,0,0,0,0,0,0,0,0,0,0,0,0,0,0
1414,東和            ,0,3000,-3000,0,0,0,0,0,0,3000,3000,0,3000,0,0,0,0
1445,大宇            ,1000,1000,0,0,0,0,0,0,0,0,0,0,0,0,0,0,0
1456,怡華            ,3000,3000,0,0,0,0,0,0,0,0,0,0,0,0,0,0,0
08830P,A50正2群益01售05,0,0,0,0,0,0,0,0,0,0,0,0,0,3000,3000,0,0
1236,宏亞            ,2000,2000,0,0,0,0,0,0,0,0,0,0,0,0,0,0,0
08841P,A50正2中信03售02,0,0,0,0,0,0,0,0,0,0,0,0,0,20000,20000,0,0
08406P,緯穎元大9C售01  ,0,0,0,0,0,0,0,0,0,0,0,0,0,18000,18000,0,0
08445P,臺股指麥證9C售03,0,0,0,3000,3000,0,0,0,0,0,0,0,0,3000,3000,0,0
08509P,臺股指國票9C售10,0,0,0,0,0,0,0,0,0,0,0,0,0,92000,92000,0,0
08469P,富邦金凱基9C售01,0,0,0,0,0,0,0,0,0,0,0,0,0,20000,20000,0,0
08697P,臺股指麥證01售03,0,0,0,10000,10000,0,0,0,0,0,0,0,0,10000,10000,0,0
08599P,台表科元大9C售11,0,0,0,0,0,0,0,0,0,0,0,0,0,43000,43000,0,0
00689R,國泰20年美債反1 ,0,0,0,0,0,0,0,0,0,0,0,0,0,100000,100000,0,0
00691R,兆豐藍籌30反1   ,0,0,0,0,0,0,0,0,0,0,0,0,0,1000,1000,0,0
00668K,國泰美國道瓊+U  ,0,0,0,0,0,0,0,0,0,0,0,0,0,100,100,0,0
00657,國泰日經225     ,0,12000,-12000,0,0,0,0,0,0,12000,0,0,0,132000,120000,12000,0
00657K,國泰日經225+U   ,0,0,0,0,0,0,0,0,0,0,0,0,0,100,100,0,0
00775B,新光投等債15+   ,0,0,0,0,0,0,0,0,0,0,0,0,0,2000,2000,0,0
00731,FH富時高息低波  ,2000,2000,0,0,0,0,0,0,0,0,0,0,0,1010000,1010000,0,0
00732,國泰RMB短期報酬 ,0,0,0,0,0,0,0,0,0,0,0,0,0,100000,100000,0,0
00706L,元大S&P日圓正2  ,0,0,0,0,0,0,0,0,0,0,0,0,0,1000,1000,0,0
00707R,元大S&P日圓反1  ,0,0,0,0,0,0,0,0,0,0,0,0,0,1000,1000,0,0
054078,鴻海中信98購01  ,0,0,0,0,0,0,0,0,0,0,0,0,0,10000,10000,0,0
054177,牧德台新97購01  ,0,0,0,0,0,0,0,0,0,0,0,0,0,1413000,1413000,0,0
053925,群創國票98購01  ,0,0,0,0,0,0,0,0,0,0,0,0,0,181000,181000,0,0
053971,聯發科元大97購09,0,0,0,0,0,0,0,0,0,0,0,0,0,160000,160000,0,0
054489,牧德台新97購02  ,0,0,0,0,0,0,0,0,0,0,0,0,0,1269000,1269000,0,0
054437,欣興台新97購02  ,0,0,0,0,0,0,0,0,0,0,0,0,0,34000,34000,0,0
054588,玉晶光國泰99購02,0,0,0,0,0,0,0,0,0,0,0,0,0,2000,2000,0,0
056795,鴻海麥證98購01  ,0,0,0,1000,0,1000,0,0,0,0,0,0,0,1000,1000,0,0
056797,台積電麥證98購01,0,0,0,10000,0,10000,0,0,0,0,0,0,0,10000,10000,0,0
056771,嘉晶元大99購01  ,0,0,0,0,0,0,0,0,0,0,0,0,0,2000,2000,0,0
056720,世紀鋼永豐98購01,0,0,0,0,0,0,0,0,0,0,0,0,0,10000,10000,0,0
054641,祥碩中信98購01  ,0,0,0,0,0,0,0,0,0,0,0,0,0,10000,10000,0,0
054679,台積電康和99購01,0,0,0,0,0,0,0,0,0,0,0,0,0,3000,3000,0,0
05348P,美律元富98售01  ,0,0,0,0,0,0,0,0,0,0,0,0,0,50000,50000,0,0
053361,友達元富99購01  ,0,0,0,0,0,0,0,0,0,0,0,0,0,50000,50000,0,0
056594,台積電元富98購03,0,0,0,0,0,0,0,0,0,0,0,0,0,1721000,1721000,0,0
053190,聯發科統一99購01,0,0,0,0,0,0,0,0,0,0,0,0,0,50000,50000,0,0
052596,群創群益98購05  ,0,0,0,0,0,0,0,0,0,0,0,0,0,9000,9000,0,0
058600,國巨元大99購15  ,0,0,0,0,0,0,0,0,0,0,0,0,0,10000,10000,0,0
058593,大立光統一9B購02,0,0,0,0,0,0,0,0,0,0,0,0,0,10000,10000,0,0
059489,上証2X國票9A購01,0,0,0,0,0,0,0,0,0,0,0,0,0,1000,1000,0,0
058612,健策元大99購02  ,0,0,0,0,0,0,0,0,0,0,0,0,0,2000,2000,0,0
058610,欣興元大99購05  ,0,0,0,0,0,0,0,0,0,0,0,0,0,1000,1000,0,0
058568,宏達電凱基9A購02,0,0,0,0,0,0,0,0,0,0,0,0,0,1000,1000,0,0
058986,華新科凱基9A購03,0,0,0,0,0,0,0,0,0,0,0,0,0,1000,1000,0,0
059036,可成群益9B購03  ,0,0,0,0,0,0,0,0,0,0,0,0,0,98000,98000,0,0
058983,旺宏凱基99購05  ,0,0,0,0,0,0,0,0,0,0,0,0,0,45000,45000,0,0
058972,新日興永豐9A購01,0,0,0,0,0,0,0,0,0,0,0,0,0,30000,30000,0,0
058961,台灣50兆豐9C購01,0,0,0,0,0,0,0,0,0,0,0,0,0,42000,42000,0,0
058967,可成麥證99購01  ,0,0,0,1000,0,1000,0,0,0,0,0,0,0,1000,1000,0,0
059511,宏達電永豐99購02,0,0,0,0,0,0,0,0,0,0,0,0,0,1000,1000,0,0
059532,華新科凱基9B購03,0,0,0,0,0,0,0,0,0,0,0,0,0,1000,1000,0,0
057717,友訊元富98購02  ,0,0,0,0,0,0,0,0,0,0,0,0,0,180000,180000,0,0
057116,鴻海日盛9A購01  ,0,0,0,0,0,0,0,0,0,0,0,0,0,10000,10000,0,0
057095,祥碩元富98購02  ,0,0,0,0,0,0,0,0,0,0,0,0,0,11000,11000,0,0
057650,力成元大98購04  ,0,0,0,0,0,0,0,0,0,0,0,0,0,68000,68000,0,0
059466,國巨元大99購26  ,0,0,0,0,0,0,0,0,0,0,0,0,0,4000,4000,0,0
056947,國巨統一9A購01  ,0,0,0,0,0,0,0,0,0,0,0,0,0,100000,100000,0,0
056158,新日興凱基98購02,0,0,0,0,0,0,0,0,0,0,0,0,0,9000,9000,0,0
056273,祥碩統一97購02  ,0,0,0,0,0,0,0,0,0,0,0,0,0,200000,200000,0,0
056330,玉晶光國票99購03,0,0,0,0,0,0,0,0,0,0,0,0,0,2000,2000,0,0
056236,台積電群益97購06,0,0,0,0,0,0,0,0,0,0,0,0,0,10000,10000,0,0
055713,國巨元大98購09  ,0,0,0,0,0,0,0,0,0,0,0,0,0,71000,71000,0,0
055842,建準元大98購01  ,0,0,0,0,0,0,0,0,0,0,0,0,0,10000,10000,0,0
055916,奇鋐凱基99購01  ,0,0,0,0,0,0,0,0,0,0,0,0,0,55000,55000,0,0
056479,玉晶光元大99購05,0,0,0,0,0,0,0,0,0,0,0,0,0,3000,3000,0,0
056480,京鼎元大98購02  ,0,0,0,0,0,0,0,0,0,0,0,0,0,15000,15000,0,0
056431,鴻海凱基98購07  ,0,0,0,0,0,0,0,0,0,0,0,0,0,10000,10000,0,0
056455,群創凱基9A購01  ,0,0,0,0,0,0,0,0,0,0,0,0,0,9000,9000,0,0
056366,玉晶光元大99購04,0,0,0,0,0,0,0,0,0,0,0,0,0,5000,5000,0,0
055446,奇力新統一9A購01,0,0,0,0,0,0,0,0,0,0,0,0,0,280000,280000,0,0
056856,華通群益9A購01  ,0,0,0,0,0,0,0,0,0,0,0,0,0,1000,1000,0,0
055184,群創統一98購02  ,0,0,0,0,0,0,0,0,0,0,0,0,0,170000,170000,0,0
062187,台勝科元大9B購02,0,0,0,0,0,0,0,0,0,0,0,0,0,100000,100000,0,0
062182,華新科元大9B購07,0,0,0,0,0,0,0,0,0,0,0,0,0,101000,101000,0,0
062197,聯發科中信01購03,0,0,0,0,0,0,0,0,0,0,0,0,0,10000,10000,0,0
062202,國巨國票9C購04  ,0,0,0,0,0,0,0,0,0,0,0,0,0,9000,9000,0,0
062586,國巨統一01購06  ,0,0,0,0,0,0,0,0,0,0,0,0,0,9000,9000,0,0
058812,台積電統一9B購06,0,0,0,0,0,0,0,0,0,0,0,0,0,1000,1000,0,0
058802,矽創元大99購02  ,0,0,0,0,0,0,0,0,0,0,0,0,0,3000,3000,0,0
058800,健策元大99購03  ,0,0,0,0,0,0,0,0,0,0,0,0,0,2000,2000,0,0
062371,健策元大9B購08  ,0,0,0,0,0,0,0,0,0,0,0,0,0,3000,3000,0,0
062361,智邦元大9B購06  ,0,0,0,0,0,0,0,0,0,0,0,0,0,2000,2000,0,0
062390,元黃金富邦9C購01,0,0,0,0,0,0,0,0,0,0,0,0,0,10000,10000,0,0
062315,健策凱基9C購01  ,0,0,0,0,0,0,0,0,0,0,0,0,0,2000,2000,0,0
062235,億光凱基9B購01  ,0,0,0,0,0,0,0,0,0,0,0,0,0,27000,27000,0,0
062271,華通群益9C購02  ,0,0,0,0,0,0,0,0,0,0,0,0,0,2000,2000,0,0
062239,台汽電凱基9B購01,0,0,0,0,0,0,0,0,0,0,0,0,0,10000,10000,0,0
062257,聯發科元大9B購09,0,0,0,0,0,0,0,0,0,0,0,0,0,5000,5000,0,0
058455,玉晶光永豐99購03,0,0,0,0,0,0,0,0,0,0,0,0,0,3000,3000,0,0
058458,牧德永豐9A購01  ,0,0,0,0,0,0,0,0,0,0,0,0,0,260000,260000,0,0
058470,台灣50日盛9B購02,0,0,0,0,0,0,0,0,0,0,0,0,0,60000,60000,0,0
058424,滬深2X元富99購04,0,0,0,0,0,0,0,0,0,0,0,0,0,80000,80000,0,0
058432,台積電統一9B購03,0,0,0,0,0,0,0,0,0,0,0,0,0,10000,10000,0,0
058731,貿聯永豐99購02  ,0,0,0,0,0,0,0,0,0,0,0,0,0,10000,10000,0,0
058743,可成康和99購01  ,0,0,0,0,0,0,0,0,0,0,0,0,0,1000,1000,0,0
058011,台虹國票99購01  ,0,0,0,0,0,0,0,0,0,0,0,0,0,19000,19000,0,0
058347,玉晶光群益9B購01,0,0,0,0,0,0,0,0,0,0,0,0,0,4000,4000,0,0
058292,上銀凱基9A購01  ,0,0,0,0,0,0,0,0,0,0,0,0,0,41000,41000,0,0
058285,牧德群益9A購02  ,0,0,0,0,0,0,0,0,0,0,0,0,0,10000,10000,0,0
058155,牧德統一9A購01  ,0,0,0,0,0,0,0,0,0,0,0,0,0,10000,10000,0,0
058144,聯茂元大99購02  ,0,0,0,0,0,0,0,0,0,0,0,0,0,68000,68000,0,0
058218,緯穎群益99購01  ,0,0,0,0,0,0,0,0,0,0,0,0,0,45000,45000,0,0
058237,嘉晶元大99購04  ,0,0,0,0,0,0,0,0,0,0,0,0,0,1000,1000,0,0
057556,智易凱基99購01  ,0,0,0,0,0,0,0,0,0,0,0,0,0,30000,30000,0,0
057936,健策群益99購01  ,0,0,0,0,0,0,0,0,0,0,0,0,0,7000,7000,0,0
057957,嘉晶元大98購01  ,0,0,0,0,0,0,0,0,0,0,0,0,0,5000,5000,0,0
058098,T50反1國泰9A購02,0,0,0,0,0,0,0,0,0,0,0,0,0,30000,30000,0,0
058095,昇陽半元大98購03,0,0,0,0,0,0,0,0,0,0,0,0,0,68000,68000,0,0
057619,玉晶光凱基98購02,0,0,0,0,0,0,0,0,0,0,0,0,0,1000,1000,0,0
057412,臺股指群益99購06,0,0,0,0,0,0,0,0,0,0,0,0,0,10000,10000,0,0
057455,景碩國泰99購01  ,0,0,0,0,0,0,0,0,0,0,0,0,0,20000,20000,0,0
058717,南電台新99購02  ,0,0,0,0,0,0,0,0,0,0,0,0,0,1000,1000,0,0
057275,友達元大9A購04  ,0,0,0,0,0,0,0,0,0,0,0,0,0,1000,1000,0,0
057202,TPK元富98購02   ,0,0,0,0,0,0,0,0,0,0,0,0,0,50000,50000,0,0
059262,致茂中信01購01  ,0,0,0,0,0,0,0,0,0,0,0,0,0,32000,32000,0,0
059427,國巨元大99購24  ,0,0,0,0,0,0,0,0,0,0,0,0,0,2000,2000,0,0
059430,台積電元大99購36,0,0,0,0,0,0,0,0,0,0,0,0,0,2000,2000,0,0
059366,台積電台新99購04,0,0,0,0,0,0,0,0,0,0,0,0,0,41000,41000,0,0
059176,臺股指凱基99購27,0,0,0,0,0,0,0,0,0,0,0,0,0,2000,2000,0,0
059087,台積電元大99購26,0,0,0,0,0,0,0,0,0,0,0,0,0,1000,1000,0,0
059112,上銀永豐99購01  ,0,0,0,0,0,0,0,0,0,0,0,0,0,7000,7000,0,0
057875,京鼎元大98購03  ,0,0,0,0,0,0,0,0,0,0,0,0,0,45000,45000,0,0
058649,健策永豐99購01  ,0,0,0,0,0,0,0,0,0,0,0,0,0,5000,5000,0,0
058658,瑞儀中信99購01  ,0,0,0,0,0,0,0,0,0,0,0,0,0,20000,20000,0,0
057859,神達康和98購01  ,0,0,0,0,0,0,0,0,0,0,0,0,0,4000,4000,0,0
059390,華新科凱基99購05,0,0,0,0,0,0,0,0,0,0,0,0,0,1000,1000,0,0
058839,瑞儀中信99購02  ,0,0,0,0,0,0,0,0,0,0,0,0,0,20000,20000,0,0
058855,台積電兆豐99購02,0,0,0,0,0,0,0,0,0,0,0,0,0,598000,598000,0,0
058876,南電國票9A購02  ,0,0,0,0,0,0,0,0,0,0,0,0,0,5000,5000,0,0
058900,旺宏元大99購11  ,0,0,0,0,0,0,0,0,0,0,0,0,0,1000,1000,0,0
062795,國巨統一9B購15  ,0,0,0,0,0,0,0,0,0,0,0,0,0,9000,9000,0,0
062902,智邦元大9B購07  ,0,0,0,0,0,0,0,0,0,0,0,0,0,7000,7000,0,0
062745,聯詠永豐9B購01  ,0,0,0,0,0,0,0,0,0,0,0,0,0,10000,10000,0,0
06269P,群創凱基98售10  ,0,0,0,0,0,0,0,0,0,0,0,0,0,7000,7000,0,0
062694,遠東新元大9B購01,0,0,0,0,0,0,0,0,0,0,0,0,0,82000,82000,0,0
062729,神達凱基9B購02  ,0,0,0,0,0,0,0,0,0,0,0,0,0,9000,9000,0,0
062720,南亞科凱基9B購03,0,0,0,0,0,0,0,0,0,0,0,0,0,6000,6000,0,0
062619,台表科元大9B購03,0,0,0,0,0,0,0,0,0,0,0,0,0,60000,60000,0,0
063104,大立光群益9C購02,0,0,0,0,0,0,0,0,0,0,0,0,0,26000,26000,0,0
060098,華新科元大99購24,0,0,0,0,0,0,0,0,0,0,0,0,0,50000,50000,0,0
059873,華新科凱基99購09,0,0,0,0,0,0,0,0,0,0,0,0,0,1000,1000,0,0
059875,信邦凱基99購02  ,0,0,0,0,0,0,0,0,0,0,0,0,0,10000,10000,0,0
059885,台積電國票99購12,0,0,0,0,0,0,0,0,0,0,0,0,0,1000,1000,0,0
059893,台積電台新9A購02,0,0,0,0,0,0,0,0,0,0,0,0,0,1000,1000,0,0
059908,元金2X元大99購01,0,0,0,0,0,0,0,0,0,0,0,0,0,10000,10000,0,0
059912,國巨元大99購28  ,0,0,0,0,0,0,0,0,0,0,0,0,0,1000,1000,0,0
059913,台積電元大99購44,0,0,0,0,0,0,0,0,0,0,0,0,0,20000,20000,0,0
060154,堤維西永豐9A購01,0,0,0,0,0,0,0,0,0,0,0,0,0,26000,26000,0,0
060188,華新科元富9A購03,0,0,0,0,0,0,0,0,0,0,0,0,0,13000,13000,0,0
060220,華新科凱基9A購08,0,0,0,0,0,0,0,0,0,0,0,0,0,1000,1000,0,0
060369,滬深2X元富01購01,0,0,0,0,0,0,0,0,0,0,0,0,0,2000,2000,0,0
059676,台積電台新99購05,0,0,0,0,0,0,0,0,0,0,0,0,0,1000,1000,0,0
059717,國巨元大99購21  ,0,0,0,0,0,0,0,0,0,0,0,0,0,4000,4000,0,0
059732,超眾元大9A購01  ,0,0,0,0,0,0,0,0,0,0,0,0,0,26000,26000,0,0
062081,華新科元大9B購06,0,0,0,0,0,0,0,0,0,0,0,0,0,100000,100000,0,0
062027,國泰金群益9B購01,0,0,0,0,0,0,0,0,0,0,0,0,0,8000,8000,0,0
063210,百和統一9C購01  ,0,0,0,0,0,0,0,0,0,0,0,0,0,4000,4000,0,0
061424,華新科元大9A購18,0,0,0,0,0,0,0,0,0,0,0,0,0,68000,68000,0,0
063240,聯發科元大9B購17,0,0,0,0,0,0,0,0,0,0,0,0,0,2000,2000,0,0
061365,國巨國票9B購05  ,0,0,0,0,0,0,0,0,0,0,0,0,0,19000,19000,0,0
060680,玉晶光元大9C購03,0,0,0,0,0,0,0,0,0,0,0,0,0,1000,1000,0,0
060655,國巨統一9B購06  ,0,0,0,0,0,0,0,0,0,0,0,0,0,8000,8000,0,0
060656,國巨統一9C購03  ,0,0,0,0,0,0,0,0,0,0,0,0,0,8000,8000,0,0
060649,國巨第一9A購01  ,0,0,0,0,0,0,0,0,0,0,0,0,0,8000,8000,0,0
060652,滬深2X群益9C購04,0,0,0,0,0,0,0,0,0,0,0,0,0,99000,99000,0,0
060621,玉晶光元大9A購05,0,0,0,0,0,0,0,0,0,0,0,0,0,1000,1000,0,0
060590,台積電台新9C購02,0,0,0,0,0,0,0,0,0,0,0,0,0,1000,1000,0,0
059783,旺宏元大99購17  ,0,0,0,0,0,0,0,0,0,0,0,0,0,1000,1000,0,0
059784,台光電元大9A購01,0,0,0,0,0,0,0,0,0,0,0,0,0,8000,8000,0,0
061281,台積電統一9C購05,0,0,0,0,0,0,0,0,0,0,0,0,0,1000,1000,0,0
061282,台積電統一9C購06,0,0,0,0,0,0,0,0,0,0,0,0,0,1000,1000,0,0
061271,聯茂凱基9A購04  ,0,0,0,0,0,0,0,0,0,0,0,0,0,60000,60000,0,0
061948,美食群益9B購01  ,0,0,0,0,0,0,0,0,0,0,0,0,0,66000,66000,0,0
062090,南電元大9B購02  ,0,0,0,0,0,0,0,0,0,0,0,0,0,3000,3000,0,0
062087,瑞祺元大9B購02  ,0,0,0,0,0,0,0,0,0,0,0,0,0,3000,3000,0,0
061995,超眾元大01購01  ,0,0,0,0,0,0,0,0,0,0,0,0,0,51000,51000,0,0
061983,華新科元大9B購04,0,0,0,0,0,0,0,0,0,0,0,0,0,1000,1000,0,0
061989,晶技元大9B購04  ,0,0,0,0,0,0,0,0,0,0,0,0,0,20000,20000,0,0
062105,國巨國票9C購03  ,0,0,0,0,0,0,0,0,0,0,0,0,0,13000,13000,0,0
060502,國巨元大9A購07  ,0,0,0,0,0,0,0,0,0,0,0,0,0,2000,2000,0,0
059635,華新科凱基9A購06,0,0,0,0,0,0,0,0,0,0,0,0,0,1000,1000,0,0
061247,玉晶光群益9A購09,0,0,0,0,0,0,0,0,0,0,0,0,0,2000,2000,0,0
062420,台積電統一9C購08,0,0,0,0,0,0,0,0,0,0,0,0,0,1000,1000,0,0
062403,健策永豐9B購06  ,0,0,0,0,0,0,0,0,0,0,0,0,0,4000,4000,0,0
059572,華新科凱基99購08,0,0,0,0,0,0,0,0,0,0,0,0,0,1000,1000,0,0
061610,力成統一9C購01  ,0,0,0,0,0,0,0,0,0,0,0,0,0,20000,20000,0,0
061619,大立光群益9B購01,0,0,0,0,0,0,0,0,0,0,0,0,0,26000,26000,0,0
061612,南六統一9A購01  ,0,0,0,0,0,0,0,0,0,0,0,0,0,12000,12000,0,0
061613,南六統一9C購01  ,0,0,0,0,0,0,0,0,0,0,0,0,0,2000,2000,0,0
061722,健策永豐9B購03  ,0,0,0,0,0,0,0,0,0,0,0,0,0,3000,3000,0,0
061682,南電元大9B購01  ,0,0,0,0,0,0,0,0,0,0,0,0,0,1000,1000,0,0
061781,台積電群益9C購01,0,0,0,0,0,0,0,0,0,0,0,0,0,3000,3000,0,0
061773,和潤元大9B購01  ,0,0,0,0,0,0,0,0,0,0,0,0,0,22000,22000,0,0
061175,台積電凱基9A購19,0,0,0,0,0,0,0,0,0,0,0,0,0,1000,1000,0,0
060806,華新科群益9A購03,0,0,0,0,0,0,0,0,0,0,0,0,0,2000,2000,0,0
061481,嘉澤元大9A購03  ,0,0,0,0,0,0,0,0,0,0,0,0,0,7000,7000,0,0
061482,健策元大9C購01  ,0,0,0,0,0,0,0,0,0,0,0,0,0,2000,2000,0,0
060962,義隆凱基9B購01  ,0,0,0,0,0,0,0,0,0,0,0,0,0,2000,2000,0,0
060912,華新科元大9A購10,0,0,0,0,0,0,0,0,0,0,0,0,0,68000,68000,0,0
060929,健策永豐9A購01  ,0,0,0,0,0,0,0,0,0,0,0,0,0,5000,5000,0,0
061144,玉晶光中信9B購02,0,0,0,0,0,0,0,0,0,0,0,0,0,1000,1000,0,0
061125,億光永豐9A購01  ,0,0,0,0,0,0,0,0,0,0,0,0,0,25000,25000,0,0
061033,台光電永豐9A購01,0,0,0,0,0,0,0,0,0,0,0,0,0,83000,83000,0,0
060744,鴻海國票9A購04  ,0,0,0,0,0,0,0,0,0,0,0,0,0,10000,10000,0,0
060895,華新科凱基9B購05,0,0,0,0,0,0,0,0,0,0,0,0,0,1000,1000,0,0
060016,廣達康和99購01  ,0,0,0,0,0,0,0,0,0,0,0,0,0,9000,9000,0,0
059990,健策元大9A購01  ,0,0,0,0,0,0,0,0,0,0,0,0,0,2000,2000,0,0
059984,華新科元大99購21,0,0,0,0,0,0,0,0,0,0,0,0,0,68000,68000,0,0
059935,國巨永豐99購07  ,0,0,0,0,0,0,0,0,0,0,0,0,0,9000,9000,0,0
059918,華新科元大99購20,0,0,0,0,0,0,0,0,0,0,0,0,0,75000,75000,0,0
063460,智邦元大9B購08  ,0,0,0,0,0,0,0,0,0,0,0,0,0,56000,56000,0,0
063416,台積電凱基9B購10,0,0,0,0,0,0,0,0,0,0,0,0,0,2000,2000,0,0
063429,南電凱基01購01  ,0,0,0,0,0,0,0,0,0,0,0,0,0,3000,3000,0,0
063430,台積電台新9B購07,0,0,0,0,0,0,0,0,0,0,0,0,0,1000,1000,0,0
063605,健策凱基9C購02  ,0,0,0,0,0,0,0,0,0,0,0,0,0,2000,2000,0,0
063683,大成鋼永豐9B購01,0,0,0,0,0,0,0,0,0,0,0,0,0,27000,27000,0,0
063370,國巨永豐9B購03  ,0,0,0,0,0,0,0,0,0,0,0,0,0,6000,6000,0,0
063064,台表科元富9B購01,0,0,0,0,0,0,0,0,0,0,0,0,0,70000,70000,0,0
063043,台灣50兆豐9B購02,0,0,0,0,0,0,0,0,0,0,0,0,0,250000,250000,0,0
063052,國巨統一9C購10  ,0,0,0,0,0,0,0,0,0,0,0,0,0,8000,8000,0,0
06154P,超眾元大98售01  ,0,0,0,0,0,0,0,0,0,0,0,0,0,65000,65000,0,0
061545,華新科群益9A購09,0,0,0,0,0,0,0,0,0,0,0,0,0,3000,3000,0,0
061525,華新科凱基9A購13,0,0,0,0,0,0,0,0,0,0,0,0,0,2000,2000,0,0
061576,華新科元大9A購21,0,0,0,0,0,0,0,0,0,0,0,0,0,101000,101000,0,0
063031,鴻海凱基9C購01  ,0,0,0,0,0,0,0,0,0,0,0,0,0,19000,19000,0,0
063032,國巨凱基9C購04  ,0,0,0,0,0,0,0,0,0,0,0,0,0,8000,8000,0,0
063033,台積電凱基9B購09,0,0,0,0,0,0,0,0,0,0,0,0,0,7000,7000,0,0
063018,聯發科元大9B購14,0,0,0,0,0,0,0,0,0,0,0,0,0,2000,2000,0,0
063019,聯發科元大9C購01,0,0,0,0,0,0,0,0,0,0,0,0,0,1000,1000,0,0
061930,臺股指凱基9B購05,0,0,0,0,0,0,0,0,0,0,0,0,0,10000,10000,0,0
061857,康友國票9B購01  ,0,0,0,0,0,0,0,0,0,0,0,0,0,22000,22000,0,0
061840,長榮航凱基9C購01,0,0,0,0,0,0,0,0,0,0,0,0,0,30000,30000,0,0
061836,華新科凱基05購01,0,0,0,0,0,0,0,0,0,0,0,0,0,1000,1000,0,0
065379,立積元大01購01  ,0,0,0,0,0,0,0,0,0,0,0,0,0,10000,10000,0,0
065410,國巨永豐9C購01  ,0,0,0,0,0,0,0,0,0,0,0,0,0,9000,9000,0,0
065435,臻鼎凱基02購01  ,0,0,0,0,0,0,0,0,0,0,0,0,0,30000,30000,0,0
065483,聯茂元大9C購06  ,0,0,0,0,0,0,0,0,0,0,0,0,0,52000,52000,0,0
065504,宏達電永豐9C購01,0,0,0,0,0,0,0,0,0,0,0,0,0,1000,1000,0,0
065510,鴻海群益01購04  ,0,0,0,0,0,0,0,0,0,0,0,0,0,2000,2000,0,0
065619,金融類元大9C購02,0,0,0,0,0,0,0,0,0,0,0,0,0,10000,10000,0,0
065623,瑞昱中信04購01  ,0,0,0,0,0,0,0,0,0,0,0,0,0,27000,27000,0,0
065631,台積電國票9C購10,0,0,0,0,0,0,0,0,0,0,0,0,0,22000,22000,0,0
065583,超眾國泰02購01  ,0,0,0,0,0,0,0,0,0,0,0,0,0,120000,120000,0,0
065287,華新科群益01購03,0,0,0,0,0,0,0,0,0,0,0,0,0,1000,1000,0,0
065283,台積電群益01購01,0,0,0,0,0,0,0,0,0,0,0,0,0,6000,6000,0,0
065251,宏達電國泰02購01,0,0,0,0,0,0,0,0,0,0,0,0,0,6000,6000,0,0
065244,聯發科兆豐9C購05,0,0,0,0,0,0,0,0,0,0,0,0,0,30000,30000,0,0
065218,世芯國泰02購02  ,0,0,0,0,0,0,0,0,0,0,0,0,0,37000,37000,0,0
065210,健策國票01購03  ,0,0,0,0,0,0,0,0,0,0,0,0,0,35000,35000,0,0
065115,臺股指國票9C購12,0,0,0,0,0,0,0,0,0,0,0,0,0,10000,10000,0,0
065057,臺股指凱基9C購21,0,0,0,0,0,0,0,0,0,0,0,0,0,1000,1000,0,0
065172,義隆元大9C購05  ,0,0,0,0,0,0,0,0,0,0,0,0,0,5000,5000,0,0
066179,智伸科凱基01購01,0,0,0,0,0,0,0,0,0,0,0,0,0,33000,33000,0,0
066257,台積電元大01購09,0,0,0,0,0,0,0,0,0,0,0,0,0,4000,4000,0,0
066298,美利達元大01購02,0,0,0,0,0,0,0,0,0,0,0,0,0,20000,20000,0,0
065991,牧德永豐01購01  ,0,0,0,0,0,0,0,0,0,0,0,0,0,10000,10000,0,0
066005,國巨統一03購01  ,0,0,0,0,0,0,0,0,0,0,0,0,0,23000,23000,0,0
066071,台光電凱基02購01,0,0,0,0,0,0,0,0,0,0,0,0,0,10000,10000,0,0
066063,南電元大01購04  ,0,0,0,0,0,0,0,0,0,0,0,0,0,51000,51000,0,0
065884,智原元富9C購02  ,0,0,0,0,0,0,0,0,0,0,0,0,0,100000,100000,0,0
065893,華新科統一02購02,0,0,0,0,0,0,0,0,0,0,0,0,0,1000,1000,0,0
065906,瑞昱永豐9C購01  ,0,0,0,0,0,0,0,0,0,0,0,0,0,7000,7000,0,0
065902,燿華富邦02購01  ,0,0,0,0,0,0,0,0,0,0,0,0,0,10000,10000,0,0
065918,可成凱基01購01  ,0,0,0,0,0,0,0,0,0,0,0,0,0,1000,1000,0,0
065941,超眾群益02購01  ,0,0,0,0,0,0,0,0,0,0,0,0,0,40000,40000,0,0
065751,台光電元大9C購06,0,0,0,0,0,0,0,0,0,0,0,0,0,10000,10000,0,0
065731,群創凱基03購02  ,0,0,0,0,0,0,0,0,0,0,0,0,0,28000,28000,0,0
065704,華新科群益9C購05,0,0,0,0,0,0,0,0,0,0,0,0,0,1000,1000,0,0
065694,國巨群益9C購19  ,0,0,0,0,0,0,0,0,0,0,0,0,0,1000,1000,0,0
065670,華新科凱基01購02,0,0,0,0,0,0,0,0,0,0,0,0,0,1000,1000,0,0
065755,日電貿元大9C購02,0,0,0,0,0,0,0,0,0,0,0,0,0,3000,3000,0,0
065759,TPK元大9C購05   ,0,0,0,0,0,0,0,0,0,0,0,0,0,200000,200000,0,0
063820,華邦電麥證01購01,0,0,0,0,40000,-40000,0,0,0,0,0,0,0,40000,40000,0,0
063821,南亞科麥證9C購01,0,0,0,22000,22000,0,0,0,0,0,0,0,0,22000,22000,0,0
063828,台積電國票01購02,0,0,0,0,0,0,0,0,0,0,0,0,0,1000,1000,0,0
063849,奇鋐元大9C購01  ,0,0,0,0,0,0,0,0,0,0,0,0,0,20000,20000,0,0
063710,光寶科凱基9C購01,0,0,0,0,0,0,0,0,0,0,0,0,0,10000,10000,0,0
064005,義隆凱基01購01  ,0,0,0,0,0,0,0,0,0,0,0,0,0,30000,30000,0,0
063914,和碩凱基9C購01  ,0,0,0,0,0,0,0,0,0,0,0,0,0,9000,9000,0,0
063928,可成統一01購02  ,0,0,0,0,0,0,0,0,0,0,0,0,0,4000,4000,0,0
063960,南電元大9C購03  ,0,0,0,0,0,0,0,0,0,0,0,0,0,1000,1000,0,0
064333,義隆元大9C購02  ,0,0,0,0,0,0,0,0,0,0,0,0,0,5000,5000,0,0
064335,可成元大9C購05  ,0,0,0,0,0,0,0,0,0,0,0,0,0,2000,2000,0,0
064373,和大元富03購01  ,0,0,0,0,0,0,0,0,0,0,0,0,0,25000,25000,0,0
064279,新光金元大01購01,0,0,0,0,0,0,0,0,0,0,0,0,0,100000,100000,0,0
064110,國巨國票01購01  ,0,0,0,0,0,0,0,0,0,0,0,0,0,15000,15000,0,0
064141,國巨統一01購08  ,0,0,0,0,0,0,0,0,0,0,0,0,0,13000,13000,0,0
064131,群創元大01購02  ,0,0,0,0,0,0,0,0,0,0,0,0,0,8000,8000,0,0
064807,義隆元大9C購03  ,0,0,0,0,0,0,0,0,0,0,0,0,0,94000,94000,0,0
064753,英業達凱基9C購01,0,0,0,0,0,0,0,0,0,0,0,0,0,12000,12000,0,0
064731,台郡統一01購02  ,0,0,0,0,0,0,0,0,0,0,0,0,0,50000,50000,0,0
064989,鈺齊元大01購01  ,0,0,0,0,0,0,0,0,0,0,0,0,0,39000,39000,0,0
065045,信邦凱基9C購01  ,0,0,0,0,0,0,0,0,0,0,0,0,0,45000,45000,0,0
064946,台積電凱基01購07,0,0,0,0,0,0,0,0,0,0,0,0,0,400000,400000,0,0
064912,國巨統一01購09  ,0,0,0,0,0,0,0,0,0,0,0,0,0,7000,7000,0,0
064694,玉晶光群益02購02,0,0,0,0,0,0,0,0,0,0,0,0,0,4000,4000,0,0
064558,台積電群益9C購08,0,0,0,0,0,0,0,0,0,0,0,0,0,40000,40000,0,0
064608,滬深2X元大9C購11,0,0,0,0,0,0,0,0,0,0,0,0,0,4000,4000,0,0
064474,華新科麥證01購01,0,0,0,300000,300000,0,0,0,0,0,0,0,0,300000,300000,0,0
064439,大立光凱基03購02,0,0,0,0,0,0,0,0,0,0,0,0,0,1000,1000,0,0
06443P,台積電凱基99售01,0,0,0,0,0,0,0,0,0,0,0,0,0,25000,25000,0,0
064393,友訊永豐9C購01  ,0,0,0,0,0,0,0,0,0,0,0,0,0,68000,68000,0,0
064404,奇力新凱基02購01,0,0,0,0,0,0,0,0,0,0,0,0,0,10000,10000,0,0
064389,台泥永豐9C購01  ,0,0,0,0,0,0,0,0,0,0,0,0,0,57000,57000,0,0
2032,新鋼            ,1000,1000,0,0,0,0,0,0,0,0,0,0,0,0,0,0,0
2062,橋椿            ,33000,33000,0,0,0,0,0,0,0,0,0,0,0,0,0,0,0
2243,宏旭-KY         ,6000,6000,0,0,0,0,0,0,0,0,0,0,0,0,0,0,0
1776,展宇            ,1000,1000,0,0,0,0,0,0,0,0,0,0,0,0,0,0,0
2516,新建            ,17000,17000,0,0,0,0,0,0,0,0,0,0,0,0,0,0,0
2704,國賓            ,62000,62000,0,0,0,0,0,0,0,0,0,0,0,0,0,0,0
2430,燦坤            ,20000,20000,0,0,0,0,0,0,0,0,0,0,0,0,0,0,0
2443,億麗            ,8000,8000,0,0,0,0,0,0,0,0,0,0,0,0,0,0,0
3209,全科            ,25000,25000,0,0,0,0,0,0,0,0,0,0,0,0,0,0,0
3266,昇陽            ,1000,1000,0,0,0,0,0,0,0,0,0,0,0,0,0,0,0
3058,立德            ,0,0,0,0,0,0,0,0,0,0,2000,2000,0,0,0,0,0
8072,陞泰            ,13000,14000,-1000,0,0,0,0,0,0,1000,1000,0,1000,0,0,0,0
8442,威宏-KY         ,1000,1000,0,0,0,0,0,0,0,0,0,0,0,0,0,0,0
9918,欣天然          ,2000,0,2000,0,0,0,0,0,0,-2000,0,2000,-2000,0,0,0,0
08640P,台灣50群益9C售07,0,0,0,0,0,0,0,0,0,-1000,0,0,0,0,1000,-1000,-1000
08696P,臺股指群益01售01,0,0,0,0,0,0,0,0,0,-1000,0,0,0,0,1000,-1000,-1000
08421P,台積電群益9C售10,0,0,0,0,0,0,0,0,0,-1000,0,0,0,0,1000,-1000,-1000
08433P,臺股指凱基03售01,0,0,0,0,0,0,0,0,0,-1000,0,0,0,10000,11000,-1000,-1000
08857P,台灣50國票01售07,0,0,0,0,0,0,0,0,0,-1000,0,0,0,0,1000,-1000,-1000
1232,大統益          ,0,1000,-1000,0,0,0,0,0,0,0,0,0,0,0,0,0,-1000
1525,江申            ,0,1000,-1000,0,0,0,0,0,0,0,0,0,0,0,0,0,-1000
1533,車王電          ,14000,17000,-3000,0,0,0,0,0,0,2000,2000,0,2000,0,0,0,-1000
07749P,台郡凱基9A售01  ,0,0,0,0,0,0,0,0,0,-1000,0,0,0,0,1000,-1000,-1000
07218P,臺股指凱基99售31,0,0,0,0,0,0,0,0,0,-1000,0,0,0,25000,26000,-1000,-1000
07600P,台灣50凱基04售06,0,0,0,0,0,0,0,0,0,-1000,0,0,0,0,1000,-1000,-1000
08078P,聯發科國票9B售04,0,0,0,0,0,0,0,0,0,-1000,0,0,0,0,1000,-1000,-1000
08231P,上銀元富9B售10  ,0,0,0,0,0,0,0,0,0,-1000,0,0,0,30000,31000,-1000,-1000
067462,台灣50元大01購27,0,0,0,0,0,0,0,0,0,-1000,0,0,0,0,1000,-1000,-1000
067415,大成凱基01購01  ,0,0,0,0,0,0,0,0,0,-1000,0,0,0,0,1000,-1000,-1000
067505,微星統一03購01  ,0,0,0,0,0,0,0,0,0,-1000,0,0,0,0,1000,-1000,-1000
067517,台積電台新01購04,0,0,0,0,0,0,0,0,0,-1000,0,0,0,0,1000,-1000,-1000
06806P,臺股指群益98售12,0,0,0,0,0,0,0,0,0,-1000,0,0,0,0,1000,-1000,-1000
07152P,臺股指元富99售08,0,0,0,0,0,0,0,0,0,-1000,0,0,0,0,1000,-1000,-1000
067182,鴻海凱基02購05  ,0,0,0,0,0,0,0,0,0,-1000,0,0,0,105000,106000,-1000,-1000
067116,嘉澤群益01購02  ,0,0,0,0,0,0,0,0,0,-1000,0,0,0,0,1000,-1000,-1000
067046,聯發科凱基04購01,0,0,0,0,0,0,0,0,0,-1000,0,0,0,0,1000,-1000,-1000
066980,台光電群益01購02,0,0,0,0,0,0,0,0,0,-1000,0,0,0,9000,10000,-1000,-1000
066444,華擎群益01購03  ,0,0,0,0,0,0,0,0,0,-1000,0,0,0,148000,149000,-1000,-1000
066766,嘉澤永豐01購01  ,0,0,0,0,0,0,0,0,0,-1000,0,0,0,3000,4000,-1000,-1000
066708,嘉澤群益02購01  ,0,0,0,0,0,0,0,0,0,-1000,0,0,0,2000,3000,-1000,-1000
06670P,鴻海群益98售06  ,0,0,0,0,0,0,0,0,0,-1000,0,0,0,0,1000,-1000,-1000
066848,健策元大01購05  ,0,0,0,0,0,0,0,0,0,-1000,0,0,0,0,1000,-1000,-1000
066825,智邦群益01購03  ,0,0,0,0,0,0,0,0,0,-1000,0,0,0,0,1000,-1000,-1000
066883,聯發科永豐01購01,0,0,0,0,0,0,0,0,0,-1000,0,0,0,31000,32000,-1000,-1000
066880,上証2X永豐01購01,0,0,0,0,0,0,0,0,0,-1000,0,0,0,0,1000,-1000,-1000
058893,元油2X元大9C購10,0,0,0,0,0,0,0,0,0,-1000,0,0,0,0,1000,-1000,-1000
058913,元油2X元富01購01,0,0,0,0,0,0,0,0,0,-1000,0,0,0,0,1000,-1000,-1000
058934,台灣50中信03購03,0,0,0,0,0,0,0,0,0,-1000,0,0,0,0,1000,-1000,-1000
058884,世紀鋼永豐99購02,0,0,0,0,0,0,0,0,0,-1000,0,0,0,0,1000,-1000,-1000
059448,上証2X永豐99購01,0,0,0,0,0,0,0,0,0,-1000,0,0,0,0,1000,-1000,-1000
057198,智伸科統一9B購01,0,0,0,0,0,0,0,0,0,-1000,0,0,0,2000,3000,-1000,-1000
057421,智原凱基98購04  ,0,0,0,0,0,0,0,0,0,-1000,0,0,0,49000,50000,-1000,-1000
057299,立積永豐98購02  ,0,0,0,0,0,0,0,0,0,-1000,0,0,0,10000,11000,-1000,-1000
057613,瑞昱元富02購02  ,0,0,0,0,0,0,0,0,0,-1000,0,0,0,3000,4000,-1000,-1000
057500,神達群益98購01  ,0,0,0,0,0,0,0,0,0,-1000,0,0,0,0,1000,-1000,-1000
058215,貿聯群益99購02  ,0,0,0,0,0,0,0,0,0,-1000,0,0,0,7000,8000,-1000,-1000
058105,旺宏統一9A購02  ,0,0,0,0,0,0,0,0,0,-1000,0,0,0,29000,30000,-1000,-1000
058246,帆宣元大99購01  ,0,0,0,0,0,0,0,0,0,-1000,0,0,0,1000,2000,-1000,-1000
058044,鴻海元大99購07  ,0,0,0,0,0,0,0,0,0,-1000,0,0,0,0,1000,-1000,-1000
062248,國巨元大9B購08  ,0,0,0,0,0,0,0,0,0,-1000,0,0,0,25000,26000,-1000,-1000
062307,華通凱基9C購01  ,0,0,0,0,0,0,0,0,0,-1000,0,0,0,0,1000,-1000,-1000
062554,台積電凱基9B購08,0,0,0,0,0,0,0,0,0,-1000,0,0,0,0,1000,-1000,-1000
062600,可成台新9B購01  ,0,0,0,0,0,0,0,0,0,-1000,0,0,0,0,1000,-1000,-1000
055911,可成凱基98購02  ,0,0,0,0,0,0,0,0,0,-1000,0,0,0,0,1000,-1000,-1000
058939,台積電中信9B購01,0,0,0,0,0,0,0,0,0,-1000,0,0,0,32000,33000,-1000,-1000
052853,友達日盛99購01  ,0,0,0,0,0,0,0,0,0,-1000,0,0,0,90000,91000,-1000,-1000
052692,滬深2X中信99購02,0,0,0,0,0,0,0,0,0,-1000,0,0,0,3000,4000,-1000,-1000
052076,可成元富98購01  ,0,0,0,0,0,0,0,0,0,-1000,0,0,0,0,1000,-1000,-1000
051597,T50反1中信99購02,0,0,0,0,0,0,0,0,0,-1000,0,0,0,0,1000,-1000,-1000
050758,聯發科元富9B購01,0,0,0,0,0,0,0,0,0,-1000,0,0,0,4000,5000,-1000,-1000
05670P,台積電國票98售01,0,0,0,0,0,0,0,0,0,-1000,0,0,0,30000,31000,-1000,-1000
056772,欣興元大99購01  ,0,0,0,0,0,0,0,0,0,-1000,0,0,0,6000,7000,-1000,-1000
056776,聯茂元大99購01  ,0,0,0,0,0,0,0,0,0,-1000,0,0,0,7000,8000,-1000,-1000
054893,帆宣統一99購01  ,0,0,0,0,0,0,0,0,0,-1000,0,0,0,18000,19000,-1000,-1000
054924,景碩凱基98購01  ,0,0,0,0,0,0,0,0,0,-1000,0,0,0,10000,11000,-1000,-1000
054977,SP黃豆元富9B購01,0,0,0,0,0,0,0,0,0,-1000,0,0,0,0,1000,-1000,-1000
03022X,富展01          ,0,0,0,0,0,0,0,0,0,-1000,0,0,0,0,1000,-1000,-1000
03026X,元展23          ,0,0,0,0,0,0,0,0,0,-1000,0,0,0,0,1000,-1000,-1000
03047X,元展44          ,0,0,0,0,0,0,0,0,0,-1000,0,0,0,0,1000,-1000,-1000
03679C,臺股指元大04牛04,0,0,0,0,0,0,0,0,0,-1000,0,0,0,0,1000,-1000,-1000
046061,中石化凱基98購01,0,0,0,0,0,0,0,0,0,-1000,0,0,0,50000,51000,-1000,-1000
054509,上証反元大99購01,0,0,0,0,0,0,0,0,0,-1000,0,0,0,0,1000,-1000,-1000
00774B,新光中國政金綠債,1000,1000,0,0,0,0,0,0,0,-1000,0,0,0,0,1000,-1000,-1000
020011,統一微波高息20N ,0,0,0,0,0,0,0,0,0,-1000,0,0,0,24000,25000,-1000,-1000
00647L,元大S&P500正2   ,3000,3000,0,0,0,0,0,0,0,-1000,0,0,0,63000,64000,-1000,-1000
061573,義隆元大9A購02  ,0,0,0,0,0,0,0,0,0,-1000,0,0,0,1000,2000,-1000,-1000
063065,聯發科麥證9C購01,0,0,0,0,1000,-1000,0,0,0,-1000,0,0,0,0,1000,-1000,-1000
063291,緯穎元大01購01  ,0,0,0,0,0,0,0,0,0,-1000,0,0,0,0,1000,-1000,-1000
063296,可成麥證9B購01  ,0,0,0,0,1000,-1000,0,0,0,-1000,0,0,0,0,1000,-1000,-1000
063085,嘉澤凱基9C購01  ,0,0,0,0,0,0,0,0,0,-1000,0,0,0,2000,3000,-1000,-1000
063318,京鼎群益9C購02  ,0,0,0,0,0,0,0,0,0,-1000,0,0,0,9000,10000,-1000,-1000
060420,神基永豐9A購01  ,0,0,0,0,0,0,0,0,0,-1000,0,0,0,0,1000,-1000,-1000
059940,微星永豐99購01  ,0,0,0,0,0,0,0,0,0,-1000,0,0,0,78000,79000,-1000,-1000
059945,嘉澤永豐99購03  ,0,0,0,0,0,0,0,0,0,-1000,0,0,0,0,1000,-1000,-1000
060945,緯穎國票9A購02  ,0,0,0,0,0,0,0,0,0,-1000,0,0,0,5000,6000,-1000,-1000
060952,滬深2X群益9C購05,0,0,0,0,0,0,0,0,0,-1000,0,0,0,0,1000,-1000,-1000
060836,上銀國票9A購03  ,0,0,0,0,0,0,0,0,0,-1000,0,0,0,0,1000,-1000,-1000
061173,T50反1凱基04購01,0,0,0,0,0,0,0,0,0,-1000,0,0,0,0,1000,-1000,-1000
061195,健策永豐9B購02  ,0,0,0,0,0,0,0,0,0,-1000,0,0,0,0,1000,-1000,-1000
060784,鴻海富邦9C購01  ,0,0,0,0,0,0,0,0,0,-1000,0,0,0,88000,89000,-1000,-1000
061764,旺宏元大9B購01  ,0,0,0,0,0,0,0,0,0,-1000,0,0,0,66000,67000,-1000,-1000
061669,崇越中信9A購01  ,0,0,0,0,0,0,0,0,0,-1000,0,0,0,20000,21000,-1000,-1000
062116,元金2X第一9B購01,0,0,0,0,0,0,0,0,0,-1000,0,0,0,0,1000,-1000,-1000
061310,華新科麥證9A購01,0,0,0,0,1000,-1000,0,0,0,-1000,0,0,0,0,1000,-1000,-1000
061313,滬深2X凱基9B購05,0,0,0,0,0,0,0,0,0,-1000,0,0,0,0,1000,-1000,-1000
060595,台灣50凱基04購04,0,0,0,0,0,0,0,0,0,-1000,0,0,0,0,1000,-1000,-1000
061385,上証2X群益9C購07,0,0,0,0,0,0,0,0,0,-1000,0,0,0,0,1000,-1000,-1000
063170,智邦第一9B購01  ,0,0,0,0,0,0,0,0,0,-1000,0,0,0,9000,10000,-1000,-1000
062170,健策永豐9B購04  ,0,0,0,0,0,0,0,0,0,-1000,0,0,0,1000,2000,-1000,-1000
062066,元黃金元大9B購01,0,0,0,0,0,0,0,0,0,-1000,0,0,0,0,1000,-1000,-1000
060306,台肥永豐9A購01  ,0,0,0,0,0,0,0,0,0,-1000,0,0,0,1000,2000,-1000,-1000
060073,台積電元富99購03,0,0,0,0,0,0,0,0,0,-1000,0,0,0,0,1000,-1000,-1000
059819,台積電凱基99購17,0,0,0,0,0,0,0,0,0,-1000,0,0,0,0,1000,-1000,-1000
062683,可成統一9B購04  ,0,0,0,0,0,0,0,0,0,-1000,0,0,0,0,1000,-1000,-1000
062724,可成凱基9B購04  ,0,0,0,0,0,0,0,0,0,-1000,0,0,0,0,1000,-1000,-1000
064416,南亞科中信01購01,0,0,0,0,0,0,0,0,0,-1000,0,0,0,21000,22000,-1000,-1000
064522,華擎群益01購01  ,0,0,0,0,0,0,0,0,0,-1000,0,0,0,83000,84000,-1000,-1000
064663,鴻海元大9C購11  ,0,0,0,0,0,0,0,0,0,-1000,0,0,0,9000,10000,-1000,-1000
06491P,台積電富邦99售02,0,0,0,0,0,0,0,0,0,-1000,0,0,0,0,1000,-1000,-1000
065012,燿華國泰02購01  ,0,0,0,0,0,0,0,0,0,-1000,0,0,0,44000,45000,-1000,-1000
064980,牧德元大01購01  ,0,0,0,0,0,0,0,0,0,-1000,0,0,0,19000,20000,-1000,-1000
064751,亞德客凱基9C購02,0,0,0,0,0,0,0,0,0,-1000,0,0,0,0,1000,-1000,-1000
064870,中租永豐9C購01  ,0,0,0,0,0,0,0,0,0,-1000,0,0,0,68000,69000,-1000,-1000
06435P,臺股指群益98售02,0,0,0,0,0,0,0,0,0,-1000,0,0,0,0,1000,-1000,-1000
063981,貿聯兆豐9C購01  ,0,0,0,0,0,0,0,0,0,-1000,0,0,0,19000,20000,-1000,-1000
064003,台積電凱基01購03,0,0,0,0,0,0,0,0,0,-1000,0,0,0,0,1000,-1000,-1000
063781,健策永豐9B購08  ,0,0,0,0,0,0,0,0,0,-1000,0,0,0,0,1000,-1000,-1000
063833,致新國票01購01  ,0,0,0,0,0,0,0,0,0,-1000,0,0,0,5000,6000,-1000,-1000
06381P,臺股指統一98售03,0,0,0,0,0,0,0,0,0,-1000,0,0,0,9000,10000,-1000,-1000
065814,健策統一9C購08  ,0,0,0,0,0,0,0,0,0,-1000,0,0,0,0,1000,-1000,-1000
065944,大成鋼統一02購01,0,0,0,0,0,0,0,0,0,-1000,0,0,0,0,1000,-1000,-1000
066068,台積電凱基02購06,0,0,0,0,0,0,0,0,0,-1000,0,0,0,1000,2000,-1000,-1000
06613P,華新科富邦9A售03,0,0,0,0,0,0,0,0,0,-1000,0,0,0,10000,11000,-1000,-1000
066121,道瓊反群益04購01,0,0,0,0,0,0,0,0,0,-1000,0,0,0,0,1000,-1000,-1000
066116,宏達電兆豐01購01,0,0,0,0,0,0,0,0,0,-1000,0,0,0,3000,4000,-1000,-1000
066154,聯強康和01購01  ,0,0,0,0,0,0,0,0,0,-1000,0,0,0,68000,69000,-1000,-1000
066197,鴻海統一02購02  ,0,0,0,0,0,0,0,0,0,-1000,0,0,0,0,1000,-1000,-1000
065124,燿華永豐9C購03  ,0,0,0,0,0,0,0,0,0,-1000,0,0,0,0,1000,-1000,-1000
065120,臺股指富邦9C購03,0,0,0,0,0,0,0,0,0,-1000,0,0,0,0,1000,-1000,-1000
065128,大成鋼兆豐9C購01,0,0,0,0,0,0,0,0,0,-1000,0,0,0,1000,2000,-1000,-1000
065107,道瓊反國票9C購03,0,0,0,0,0,0,0,0,0,-1000,0,0,0,0,1000,-1000,-1000
065347,聯發科統一9C購15,0,0,0,0,0,0,0,0,0,-1000,0,0,0,0,1000,-1000,-1000
065618,電子類元大9C購01,0,0,0,0,0,0,0,0,0,-1000,0,0,0,0,1000,-1000,-1000
065467,臺指反元大03購03,0,0,0,0,0,0,0,0,0,-1000,0,0,0,0,1000,-1000,-1000
065463,大立光中信01購02,0,0,0,0,0,0,0,0,0,-1000,0,0,0,49000,50000,-1000,-1000
8497,格威傳媒        ,0,1000,-1000,0,0,0,0,0,0,0,0,0,0,0,0,0,-1000
912398,友佳-DR         ,0,1000,-1000,0,0,0,0,0,0,0,0,0,0,0,0,0,-1000
8404,百和興業-KY     ,72000,76000,-4000,0,0,0,0,0,0,3000,3000,0,3000,0,0,0,-1000
6655,科定            ,0,1000,-1000,0,0,0,0,0,0,0,0,0,0,0,0,0,-1000
6671,三能-KY         ,0,1000,-1000,0,0,0,0,0,0,0,0,0,0,0,0,0,-1000
3002,歐格            ,0,1000,-1000,0,0,0,0,0,0,0,0,0,0,0,0,0,-1000
2929,淘帝-KY         ,49000,50000,-1000,0,0,0,0,0,0,0,0,0,0,0,0,0,-1000
2904,匯僑            ,0,1000,-1000,0,0,0,0,0,0,0,0,0,0,0,0,0,-1000
4581,光隆精密-KY     ,0,1000,-1000,0,0,0,0,0,0,0,0,0,0,0,0,0,-1000
4807,日成-KY         ,2000,3000,-1000,0,0,0,0,0,0,0,1000,1000,0,0,0,0,-1000
4942,嘉彰            ,88000,89000,-1000,0,0,0,0,0,0,0,0,0,0,0,0,0,-1000
5538,東明-KY         ,0,1000,-1000,0,0,0,0,0,0,0,0,0,0,0,0,0,-1000
5284,jpp-KY          ,0,1000,-1000,0,0,0,0,0,0,0,0,0,0,0,0,0,-1000
2497,怡利電          ,0,2000,-2000,0,0,0,0,0,0,1000,1000,0,1000,0,0,0,-1000
1817,凱撒衛          ,1000,2000,-1000,0,0,0,0,0,0,0,0,0,0,0,0,0,-1000
1618,合機            ,6000,7000,-1000,0,0,0,0,0,0,0,0,0,0,0,0,0,-1000
2373,震旦行          ,0,1000,-1000,0,0,0,0,0,0,0,0,0,0,0,0,0,-1000
06688P,鴻海中信02售01  ,0,0,0,0,0,0,0,0,0,-2000,0,0,0,0,2000,-2000,-2000
066921,日月光麥證01購01,0,0,0,45000,47000,-2000,0,0,0,-2000,0,0,0,45000,47000,-2000,-2000
066451,台郡群益01購01  ,0,0,0,0,0,0,0,0,0,-2000,0,0,0,0,2000,-2000,-2000
067034,台郡康和01購01  ,0,0,0,0,0,0,0,0,0,-2000,0,0,0,6000,8000,-2000,-2000
067241,信邦群益01購01  ,0,0,0,0,0,0,0,0,0,-2000,0,0,0,0,2000,-2000,-2000
067311,欣興元大01購06  ,0,0,0,0,0,0,0,0,0,-2000,0,0,0,11000,13000,-2000,-2000
07033P,大立光統一9B售03,0,0,0,0,0,0,0,0,0,-2000,0,0,0,0,2000,-2000,-2000
06807P,臺股指群益98售13,0,0,0,0,0,0,0,0,0,-2000,0,0,0,1000,3000,-2000,-2000
06804P,臺股指群益98售10,0,0,0,0,0,0,0,0,0,-2000,0,0,0,0,2000,-2000,-2000
067510,嘉澤統一03購01  ,0,0,0,0,0,0,0,0,0,-2000,0,0,0,0,2000,-2000,-2000
067512,台郡統一02購03  ,0,0,0,0,0,0,0,0,0,-2000,0,0,0,0,2000,-2000,-2000
067481,國產元大01購03  ,0,0,0,0,0,0,0,0,0,-2000,0,0,0,0,2000,-2000,-2000
067336,中信金凱基01購01,0,0,0,0,0,0,0,0,0,-2000,0,0,0,0,2000,-2000,-2000
08273P,國巨元富9C售02  ,0,0,0,0,0,0,0,0,0,-2000,0,0,0,6000,8000,-2000,-2000
08173P,金像電凱基9B售02,0,0,0,0,0,0,0,0,0,-2000,0,0,0,414000,416000,-2000,-2000
08018P,牧德國票9B售04  ,0,0,0,0,0,0,0,0,0,-2000,0,0,0,34000,36000,-2000,-2000
07633P,台灣50元大9A售18,0,0,0,0,0,0,0,0,0,-2000,0,0,0,0,2000,-2000,-2000
07595P,台灣50中信03售07,0,0,0,0,0,0,0,0,0,-2000,0,0,0,198000,200000,-2000,-2000
07766P,美律群益9A售03  ,0,0,0,0,0,0,0,0,0,-2000,0,0,0,0,2000,-2000,-2000
07641P,上銀凱基9A售05  ,0,0,0,0,0,0,0,0,0,-2000,0,0,0,0,2000,-2000,-2000
07709P,創意元大9A售01  ,0,0,0,0,0,0,0,0,0,-2000,0,0,0,398000,400000,-2000,-2000
07926P,上銀統一9B售02  ,0,0,0,0,0,0,0,0,0,-2000,0,0,0,0,2000,-2000,-2000
07940P,國巨群益9B售06  ,0,0,0,0,0,0,0,0,0,-2000,0,0,0,0,2000,-2000,-2000
07891P,臺股指國票9B售01,0,0,0,0,0,0,0,0,0,-2000,0,0,0,8000,10000,-2000,-2000
1516,川飛            ,0,2000,-2000,0,0,0,0,0,0,0,0,0,0,0,0,0,-2000
1110,東泥            ,1000,3000,-2000,0,0,0,0,0,0,0,0,0,0,0,0,0,-2000
08833P,緯穎群益01售03  ,0,0,0,0,0,0,0,0,0,-2000,0,0,0,20000,22000,-2000,-2000
08661P,台灣50麥證9C售03,0,0,0,4000,6000,-2000,0,0,0,-2000,0,0,0,4000,6000,-2000,-2000
08603P,電子類元大9C售02,0,0,0,0,0,0,0,0,0,-2000,0,0,0,2000,4000,-2000,-2000
00645,富邦日本        ,0,0,0,0,0,0,0,0,0,-2000,0,0,0,101000,103000,-2000,-2000
00625K,富邦上証+R      ,0,0,0,0,0,0,0,0,0,-2000,0,0,0,50000,52000,-2000,-2000
020004,兆豐電菁英30N   ,0,0,0,0,0,0,0,0,0,-2000,0,0,0,0,2000,-2000,-2000
01003T,兆豐新光R1      ,2000,4000,-2000,0,0,0,0,0,0,0,0,0,0,0,0,0,-2000
054103,T50反1凱基99購04,0,0,0,0,0,0,0,0,0,-2000,0,0,0,0,2000,-2000,-2000
054169,上緯控凱基98購01,0,0,0,0,0,0,0,0,0,-2000,0,0,0,123000,125000,-2000,-2000
03425B,臺股指元大9A熊01,0,0,0,0,0,0,0,0,0,-2000,0,0,0,1000,3000,-2000,-2000
03430B,臺股指元大9B熊01,0,0,0,0,0,0,0,0,0,-2000,0,0,0,0,2000,-2000,-2000
052572,群創凱基99購01  ,0,0,0,0,0,0,0,0,0,-2000,0,0,0,20000,22000,-2000,-2000
056595,台積電元富98購04,0,0,0,0,0,0,0,0,0,-2000,0,0,0,1000,3000,-2000,-2000
059039,致伸群益99購01  ,0,0,0,0,0,0,0,0,0,-2000,0,0,0,0,2000,-2000,-2000
058552,欣興永豐99購01  ,0,0,0,0,0,0,0,0,0,-2000,0,0,0,72000,74000,-2000,-2000
058615,矽創元大99購01  ,0,0,0,0,0,0,0,0,0,-2000,0,0,0,275000,277000,-2000,-2000
057707,臺股指群益98購07,0,0,0,0,0,0,0,0,0,-2000,0,0,0,0,2000,-2000,-2000
056124,華通國票98購02  ,0,0,0,0,0,0,0,0,0,-2000,0,0,0,0,2000,-2000,-2000
056377,智伸科統一9A購01,0,0,0,0,0,0,0,0,0,-2000,0,0,0,0,2000,-2000,-2000
056460,同欣電凱基99購01,0,0,0,0,0,0,0,0,0,-2000,0,0,0,103000,105000,-2000,-2000
056516,晶豪科兆豐98購01,0,0,0,0,0,0,0,0,0,-2000,0,0,0,0,2000,-2000,-2000
062513,玉晶光國票9C購01,0,0,0,0,0,0,0,0,0,-2000,0,0,0,14000,16000,-2000,-2000
062238,臻鼎凱基9C購01  ,0,0,0,0,0,0,0,0,0,-2000,0,0,0,50000,52000,-2000,-2000
058342,鴻海群益9A購01  ,0,0,0,0,0,0,0,0,0,-2000,0,0,0,48000,50000,-2000,-2000
058137,玉晶光元大99購11,0,0,0,0,0,0,0,0,0,-2000,0,0,0,1000,3000,-2000,-2000
058124,玉晶光國票9A購01,0,0,0,0,0,0,0,0,0,-2000,0,0,0,0,2000,-2000,-2000
058164,FBVIX凱基03購02 ,0,0,0,0,0,0,0,0,0,-2000,0,0,0,0,2000,-2000,-2000
057547,技嘉凱基99購01  ,0,0,0,0,0,0,0,0,0,-2000,0,0,0,18000,20000,-2000,-2000
057589,超眾國票9A購01  ,0,0,0,0,0,0,0,0,0,-2000,0,0,0,10000,12000,-2000,-2000
057308,同欣電兆豐99購01,0,0,0,0,0,0,0,0,0,-2000,0,0,0,0,2000,-2000,-2000
057411,臺股指群益99購05,0,0,0,0,0,0,0,0,0,-2000,0,0,0,10000,12000,-2000,-2000
059124,台積電第一03購01,0,0,0,0,0,0,0,0,0,-2000,0,0,0,0,2000,-2000,-2000
059215,台積電元大99購28,0,0,0,0,0,0,0,0,0,-2000,0,0,0,0,2000,-2000,-2000
059146,貿聯國票9A購02  ,0,0,0,0,0,0,0,0,0,-2000,0,0,0,8000,10000,-2000,-2000
059453,奇力新永豐99購01,0,0,0,0,0,0,0,0,0,-2000,0,0,0,81000,83000,-2000,-2000
058640,台灣50麥證9A購01,0,0,0,0,2000,-2000,0,0,0,-2000,0,0,0,0,2000,-2000,-2000
058644,元黃金富邦03購01,0,0,0,0,0,0,0,0,0,-2000,0,0,0,0,2000,-2000,-2000
062758,國巨凱基9B購09  ,0,0,0,0,0,0,0,0,0,-2000,0,0,0,12000,14000,-2000,-2000
062624,大成鋼國票9B購02,0,0,0,0,0,0,0,0,0,-2000,0,0,0,0,2000,-2000,-2000
060100,新光金元大9C購01,0,0,0,0,0,0,0,0,0,-2000,0,0,0,13000,15000,-2000,-2000
060300,佐登國泰9B購01  ,0,0,0,0,0,0,0,0,0,-2000,0,0,0,0,2000,-2000,-2000
060317,台灣50群益02購01,0,0,0,0,0,0,0,0,0,-2000,0,0,0,8000,10000,-2000,-2000
059722,南亞科元大99購02,0,0,0,0,0,0,0,0,0,-2000,0,0,0,0,2000,-2000,-2000
059710,上証2X元大9C購02,0,0,0,0,0,0,0,0,0,-2000,0,0,0,0,2000,-2000,-2000
063186,聯發科凱基9C購04,0,0,0,0,0,0,0,0,0,-2000,0,0,0,0,2000,-2000,-2000
063217,元金2X群益9B購03,0,0,0,0,0,0,0,0,0,-2000,0,0,0,0,2000,-2000,-2000
062019,嘉澤永豐9B購01  ,0,0,0,0,0,0,0,0,0,-2000,0,0,0,3000,5000,-2000,-2000
062108,晶豪科國票9B購01,0,0,0,0,0,0,0,0,0,-2000,0,0,0,0,2000,-2000,-2000
062004,國巨國泰9C購03  ,0,0,0,0,0,0,0,0,0,-2000,0,0,0,13000,15000,-2000,-2000
059630,美律凱基99購07  ,0,0,0,0,0,0,0,0,0,-2000,0,0,0,0,2000,-2000,-2000
060779,臺股指凱基9A購07,0,0,0,0,0,0,0,0,0,-2000,0,0,0,1000,3000,-2000,-2000
061228,聯茂中信9A購01  ,0,0,0,0,0,0,0,0,0,-2000,0,0,0,5000,7000,-2000,-2000
061176,聯發科凱基9A購14,0,0,0,0,0,0,0,0,0,-2000,0,0,0,0,2000,-2000,-2000
060838,華通國票9A購05  ,0,0,0,0,0,0,0,0,0,-2000,0,0,0,0,2000,-2000,-2000
060846,欣興國票9A購02  ,0,0,0,0,0,0,0,0,0,-2000,0,0,0,0,2000,-2000,-2000
061038,TPK永豐9A購01   ,0,0,0,0,0,0,0,0,0,-2000,0,0,0,4000,6000,-2000,-2000
059973,A50正2元大99購02,0,0,0,0,0,0,0,0,0,-2000,0,0,0,10000,12000,-2000,-2000
063299,金寶凱基9B購01  ,0,0,0,0,0,0,0,0,0,-2000,0,0,0,0,2000,-2000,-2000
061578,玉晶光元大9A購16,0,0,0,0,0,0,0,0,0,-2000,0,0,0,0,2000,-2000,-2000
063596,嘉澤中信9B購01  ,0,0,0,0,0,0,0,0,0,-2000,0,0,0,18000,20000,-2000,-2000
065617,臺股指元大9C購35,0,0,0,0,0,0,0,0,0,-2000,0,0,0,0,2000,-2000,-2000
065628,台積電國票01購03,0,0,0,0,0,0,0,0,0,-2000,0,0,0,4000,6000,-2000,-2000
065331,亞德客國票01購01,0,0,0,0,0,0,0,0,0,-2000,0,0,0,0,2000,-2000,-2000
065303,國泰金元富9C購01,0,0,0,0,0,0,0,0,0,-2000,0,0,0,34000,36000,-2000,-2000
065307,矽格元富9C購01  ,0,0,0,0,0,0,0,0,0,-2000,0,0,0,0,2000,-2000,-2000
065056,臺股指凱基9C購20,0,0,0,0,0,0,0,0,0,-2000,0,0,0,0,2000,-2000,-2000
065063,玉晶光群益02購04,0,0,0,0,0,0,0,0,0,-2000,0,0,0,23000,25000,-2000,-2000
065153,金像電群益9C購03,0,0,0,0,0,0,0,0,0,-2000,0,0,0,0,2000,-2000,-2000
065176,玉晶光元大01購04,0,0,0,0,0,0,0,0,0,-2000,0,0,0,0,2000,-2000,-2000
065191,南電統一01購03  ,0,0,0,0,0,0,0,0,0,-2000,0,0,0,0,2000,-2000,-2000
065181,南電元大01購01  ,0,0,0,0,0,0,0,0,0,-2000,0,0,0,0,2000,-2000,-2000
066138,健策群益01購05  ,0,0,0,0,0,0,0,0,0,-2000,0,0,0,97000,99000,-2000,-2000
065988,晶技永豐01購01  ,0,0,0,0,0,0,0,0,0,-2000,0,0,0,25000,27000,-2000,-2000
065867,鴻海群益9C購08  ,0,0,0,0,0,0,0,0,0,-2000,0,0,0,0,2000,-2000,-2000
063816,TPK群益9C購01   ,0,0,0,0,0,0,0,0,0,-2000,0,0,0,11000,13000,-2000,-2000
063769,玉晶光國泰02購01,0,0,0,0,0,0,0,0,0,-2000,0,0,0,0,2000,-2000,-2000
064142,國巨統一9C購13  ,0,0,0,0,0,0,0,0,0,-2000,0,0,0,13000,15000,-2000,-2000
064196,健策群益01購01  ,0,0,0,0,0,0,0,0,0,-2000,0,0,0,92000,94000,-2000,-2000
064881,聯茂兆豐01購02  ,0,0,0,0,0,0,0,0,0,-2000,0,0,0,200000,202000,-2000,-2000
064929,台表科統一02購03,0,0,0,0,0,0,0,0,0,-2000,0,0,0,2000,4000,-2000,-2000
064690,台光電群益9C購02,0,0,0,0,0,0,0,0,0,-2000,0,0,0,0,2000,-2000,-2000
064627,矽格元大9C購01  ,0,0,0,0,0,0,0,0,0,-2000,0,0,0,5000,7000,-2000,-2000
064539,玉晶光麥證01購01,0,0,0,0,2000,-2000,0,0,0,-2000,0,0,0,0,2000,-2000,-2000
064499,可成元大9C購07  ,0,0,0,0,0,0,0,0,0,-2000,0,0,0,8000,10000,-2000,-2000
064438,大立光凱基01購03,0,0,0,0,0,0,0,0,0,-2000,0,0,0,0,2000,-2000,-2000
2613,中櫃            ,0,2000,-2000,0,0,0,0,0,0,0,0,0,0,0,0,0,-2000
2543,皇昌            ,0,2000,-2000,0,0,0,0,0,0,0,0,0,0,0,0,0,-2000
4737,華廣            ,7000,10000,-3000,0,0,0,0,0,0,1000,1000,0,1000,0,0,0,-2000
4439,冠星-KY         ,1000,3000,-2000,0,0,0,0,0,0,0,0,0,0,0,0,0,-2000
3593,力銘            ,0,2000,-2000,0,0,0,0,0,0,0,0,0,0,0,0,0,-2000
2911,麗嬰房          ,5000,7000,-2000,0,0,0,0,0,0,0,0,0,0,0,0,0,-2000
2901,欣欣            ,0,2000,-2000,0,0,0,0,0,0,0,0,0,0,0,0,0,-2000
2936,客思達-KY       ,1000,3000,-2000,0,0,0,0,0,0,0,0,0,0,0,0,0,-2000
2712,遠雄來          ,1000,3000,-2000,0,0,0,0,0,0,0,0,0,0,0,0,0,-2000
2722,夏都            ,9000,11000,-2000,0,0,0,0,0,0,0,0,0,0,0,0,0,-2000
3054,立萬利          ,0,2000,-2000,0,0,0,0,0,0,0,0,0,0,0,0,0,-2000
3046,建碁            ,0,2000,-2000,0,0,0,0,0,0,0,0,0,0,0,0,0,-2000
3025,星通            ,2000,4000,-2000,0,0,0,0,0,0,0,0,0,0,0,0,0,-2000
3432,台端            ,4000,6000,-2000,0,0,0,0,0,0,0,0,0,0,0,0,0,-2000
1468,昶和            ,1000,4000,-3000,0,0,0,0,0,0,0,0,0,0,0,0,0,-3000
1423,利華            ,3000,6000,-3000,0,0,0,0,0,0,0,0,0,0,0,0,0,-3000
1521,大億            ,0,3000,-3000,0,0,0,0,0,0,0,0,0,0,0,0,0,-3000
07898P,國巨國泰9C售02  ,0,0,0,0,0,0,0,0,0,-3000,0,0,0,10000,13000,-3000,-3000
07920P,大立光中信01售01,0,0,0,0,0,0,0,0,0,-3000,0,0,0,0,3000,-3000,-3000
07815P,美律群益9A售04  ,0,0,0,0,0,0,0,0,0,-3000,0,0,0,20000,23000,-3000,-3000
08105P,景碩元大9B售01  ,0,0,0,0,0,0,0,0,0,-3000,0,0,0,17000,20000,-3000,-3000
08113P,台灣50凱基02售04,0,0,0,0,0,0,0,0,0,-3000,0,0,0,0,3000,-3000,-3000
08185P,華新科永豐9B售01,0,0,0,0,0,0,0,0,0,-3000,0,0,0,0,3000,-3000,-3000
067362,眾達群益01購02  ,0,0,0,0,0,0,0,0,0,-3000,0,0,0,0,3000,-3000,-3000
067389,聯發科元富07購04,0,0,0,0,0,0,0,0,0,-3000,0,0,0,2000,5000,-3000,-3000
067519,台灣50元富01購06,0,0,0,0,0,0,0,0,0,-3000,0,0,0,0,3000,-3000,-3000
067530,國巨群益01購09  ,0,0,0,0,0,0,0,0,0,-3000,0,0,0,8000,11000,-3000,-3000
06970P,旺宏元大99售08  ,0,0,0,0,0,0,0,0,0,-3000,0,0,0,5000,8000,-3000,-3000
07151P,台灣50統一9B售04,0,0,0,0,0,0,0,0,0,-3000,0,0,0,1000,4000,-3000,-3000
067212,聯發科元大02購02,0,0,0,0,0,0,0,0,0,-3000,0,0,0,0,3000,-3000,-3000
067014,聯發科富邦03購05,0,0,0,0,0,0,0,0,0,-3000,0,0,0,0,3000,-3000,-3000
066863,上証2X元富07購01,0,0,0,0,0,0,0,0,0,-3000,0,0,0,0,3000,-3000,-3000
058894,元油2X元大9C購11,0,0,0,0,0,0,0,0,0,-3000,0,0,0,0,3000,-3000,-3000
057244,鈺齊凱基99購01  ,0,0,0,0,0,0,0,0,0,-3000,0,0,0,2000,5000,-3000,-3000
057149,京鼎國票99購02  ,0,0,0,0,0,0,0,0,0,-3000,0,0,0,0,3000,-3000,-3000
057468,台郡永豐98購01  ,0,0,0,0,0,0,0,0,0,-3000,0,0,0,77000,80000,-3000,-3000
058376,貿聯凱基9A購01  ,0,0,0,0,0,0,0,0,0,-3000,0,0,0,6000,9000,-3000,-3000
058477,億光凱基9A購01  ,0,0,0,0,0,0,0,0,0,-3000,0,0,0,12000,15000,-3000,-3000
062320,南電凱基9B購03  ,0,0,0,0,0,0,0,0,0,-3000,0,0,0,3000,6000,-3000,-3000
062350,台表科群益9B購01,0,0,0,0,0,0,0,0,0,-3000,0,0,0,17000,20000,-3000,-3000
062172,南六永豐9B購01  ,0,0,0,0,0,0,0,0,0,-3000,0,0,0,0,3000,-3000,-3000
056833,和大元富9B購01  ,0,0,0,0,0,0,0,0,0,-3000,0,0,0,0,3000,-3000,-3000
056222,台積電凱基9A購01,0,0,0,0,0,0,0,0,0,-3000,0,0,0,10000,13000,-3000,-3000
055007,晶相光元富9A購02,0,0,0,0,0,0,0,0,0,-3000,0,0,0,0,3000,-3000,-3000
056843,冠德元富98購01  ,0,0,0,0,0,0,0,0,0,-3000,0,0,0,3000,6000,-3000,-3000
058554,瀚宇博永豐99購01,0,0,0,0,0,0,0,0,0,-3000,0,0,0,392000,395000,-3000,-3000
059004,嘉晶元大99購05  ,0,0,0,0,0,0,0,0,0,-3000,0,0,0,0,3000,-3000,-3000
053411,深中小國票9B購01,0,0,0,0,0,0,0,0,0,-3000,0,0,0,0,3000,-3000,-3000
053559,台積電國泰98購01,0,0,0,0,0,0,0,0,0,-3000,0,0,0,0,3000,-3000,-3000
054769,創意國票98購01  ,0,0,0,0,0,0,0,0,0,-3000,0,0,0,2000,5000,-3000,-3000
03049X,元展46          ,0,0,0,0,0,0,0,0,0,-3000,0,0,0,0,3000,-3000,-3000
054060,晶技國票97購02  ,0,0,0,0,0,0,0,0,0,-3000,0,0,0,12000,15000,-3000,-3000
00742,新光內需收益    ,0,0,0,0,0,0,0,0,0,-3000,250000,250000,0,377000,380000,-3000,-3000
063464,廣達元大9B購02  ,0,0,0,0,0,0,0,0,0,-3000,0,0,0,48000,51000,-3000,-3000
060732,玉晶光群益9C購02,0,0,0,0,0,0,0,0,0,-3000,0,0,0,0,3000,-3000,-3000
060919,滬深2X富邦9B購01,0,0,0,0,0,0,0,0,0,-3000,0,0,0,0,3000,-3000,-3000
061663,南六永豐9A購05  ,0,0,0,0,0,0,0,0,0,-3000,0,0,0,1000,4000,-3000,-3000
061609,華新科統一9C購01,0,0,0,0,0,0,0,0,0,-3000,0,0,0,0,3000,-3000,-3000
060503,技嘉元大9A購01  ,0,0,0,0,0,0,0,0,0,-3000,0,0,0,7000,10000,-3000,-3000
060568,SP黃豆永豐9A購01,0,0,0,0,0,0,0,0,0,-3000,0,0,0,0,3000,-3000,-3000
061277,智邦台新9A購01  ,0,0,0,0,0,0,0,0,0,-3000,0,0,0,0,3000,-3000,-3000
061283,智邦統一9A購01  ,0,0,0,0,0,0,0,0,0,-3000,0,0,0,0,3000,-3000,-3000
059707,健策凱基9A購03  ,0,0,0,0,0,0,0,0,0,-3000,0,0,0,0,3000,-3000,-3000
059681,華新科國泰9B購02,0,0,0,0,0,0,0,0,0,-3000,0,0,0,4000,7000,-3000,-3000
060616,宏碁元大9A購02  ,0,0,0,0,0,0,0,0,0,-3000,0,0,0,0,3000,-3000,-3000
059771,台積電群益99購11,0,0,0,0,0,0,0,0,0,-3000,0,0,0,0,3000,-3000,-3000
060340,國巨統一01購02  ,0,0,0,0,0,0,0,0,0,-3000,0,0,0,8000,11000,-3000,-3000
060287,燿華元大9A購01  ,0,0,0,0,0,0,0,0,0,-3000,0,0,0,7000,10000,-3000,-3000
060350,元黃金元富9B購01,0,0,0,0,0,0,0,0,0,-3000,0,0,0,0,3000,-3000,-3000
062715,T50反1凱基03購01,0,0,0,0,0,0,0,0,0,-3000,0,0,0,0,3000,-3000,-3000
062931,上証2X凱基01購01,0,0,0,0,0,0,0,0,0,-3000,0,0,0,0,3000,-3000,-3000
062861,世芯國票9C購01  ,0,0,0,0,0,0,0,0,0,-3000,0,0,0,2000,5000,-3000,-3000
064423,義隆兆豐9C購02  ,0,0,0,0,0,0,0,0,0,-3000,0,0,0,28000,31000,-3000,-3000
064620,大立光元大01購03,0,0,0,0,0,0,0,0,0,-3000,0,0,0,0,3000,-3000,-3000
064932,緯穎統一01購04  ,0,0,0,0,0,0,0,0,0,-3000,0,0,0,0,3000,-3000,-3000
064735,群創元富9C購02  ,0,0,0,0,0,0,0,0,0,-3000,0,0,0,0,3000,-3000,-3000
064224,玉晶光國票01購04,0,0,0,0,0,0,0,0,0,-3000,0,0,0,2000,5000,-3000,-3000
064162,貿聯統一02購01  ,0,0,0,0,0,0,0,0,0,-3000,0,0,0,184000,187000,-3000,-3000
064088,大立光凱基02購01,0,0,0,0,0,0,0,0,0,-3000,0,0,0,0,3000,-3000,-3000
064020,華通元大01購01  ,0,0,0,0,0,0,0,0,0,-3000,0,0,0,81000,84000,-3000,-3000
064048,大立光統一9C購07,0,0,0,0,0,0,0,0,0,-3000,0,0,0,32000,35000,-3000,-3000
065859,GIS元大9C購10   ,0,0,0,0,0,0,0,0,0,-3000,0,0,0,138000,141000,-3000,-3000
065958,T50反1元大01購01,0,0,0,0,0,0,0,0,0,-3000,0,0,0,2000,5000,-3000,-3000
065937,大毅群益02購01  ,0,0,0,0,0,0,0,0,0,-3000,0,0,0,68000,71000,-3000,-3000
065804,大立光群益01購04,0,0,0,0,0,0,0,0,0,-3000,0,0,0,0,3000,-3000,-3000
065797,臺指反群益9C購02,0,0,0,0,0,0,0,0,0,-3000,0,0,0,0,3000,-3000,-3000
065713,緯穎群益9C購04  ,0,0,0,0,0,0,0,0,0,-3000,0,0,0,0,3000,-3000,-3000
065992,立積永豐01購01  ,0,0,0,0,0,0,0,0,0,-3000,0,0,0,17000,20000,-3000,-3000
066170,聯陽凱基01購01  ,0,0,0,0,0,0,0,0,0,-3000,0,0,0,179000,182000,-3000,-3000
065615,南電元大01購03  ,0,0,0,0,0,0,0,0,0,-3000,0,0,0,55000,58000,-3000,-3000
065362,華通元大9C購06  ,0,0,0,0,0,0,0,0,0,-3000,0,0,0,59000,62000,-3000,-3000
2838A,聯邦銀甲特      ,0,0,0,0,0,0,0,0,0,-3000,7000,10000,-3000,0,0,0,-3000
2923,鼎固-KY         ,4000,7000,-3000,0,0,0,0,0,0,0,0,0,0,0,0,0,-3000
4755,三福化          ,23000,27000,-4000,0,0,0,0,0,0,1000,1000,0,1000,0,0,0,-3000
2029,盛餘            ,1000,4000,-3000,0,0,0,0,0,0,0,0,0,0,0,0,0,-3000
8105,凌巨            ,104000,110000,-6000,0,0,0,0,0,0,3000,3000,0,3000,0,0,0,-3000
6225,天瀚            ,0,3000,-3000,0,0,0,0,0,0,0,0,0,0,0,0,0,-3000
9943,好樂迪          ,8000,11000,-3000,0,0,0,0,0,0,0,0,0,0,0,0,0,-3000
6289,華上            ,0,3100,-3100,0,0,0,0,0,0,0,0,0,0,0,0,0,-3100
5434,崇越            ,237000,217160,19840,0,0,0,0,2000,-2000,-21000,13000,31000,-18000,0,3000,-3000,-3160
6183,關貿            ,75000,78000,-3000,0,0,0,0,432,-432,0,0,0,0,0,0,0,-3432
066716,高股息元大01購01,0,0,0,0,0,0,0,0,0,-4000,0,0,0,0,4000,-4000,-4000
066701,京元電群益01購02,0,0,0,0,0,0,0,0,0,-4000,0,0,0,23000,27000,-4000,-4000
066437,台泥群益02購01  ,0,0,0,0,0,0,0,0,0,-4000,0,0,0,23000,27000,-4000,-4000
067509,京鼎統一01購01  ,0,0,0,0,0,0,0,0,0,-4000,0,0,0,0,4000,-4000,-4000
067445,台積電國票01購06,0,0,0,0,0,0,0,0,0,-4000,0,0,0,0,4000,-4000,-4000
1568,倉佑            ,0,4000,-4000,0,0,0,0,0,0,0,0,0,0,0,0,0,-4000
1339,昭輝            ,124000,128000,-4000,0,0,0,0,0,0,0,0,0,0,0,0,0,-4000
1324,地球            ,0,4000,-4000,0,0,0,0,0,0,0,0,0,0,0,0,0,-4000
08855P,台灣50國票01售05,0,0,0,0,0,0,0,0,0,-4000,0,0,0,0,4000,-4000,-4000
08896P,台灣50群益01售10,0,0,0,0,0,0,0,0,0,-4000,0,0,0,0,4000,-4000,-4000
1256,鮮活果汁-KY     ,1000,6000,-5000,0,0,0,0,0,0,1000,1000,0,1000,0,0,0,-4000
08674P,嘉晶元富07售02  ,0,0,0,0,0,0,0,0,0,-4000,0,0,0,0,4000,-4000,-4000
00753L,中信中國50正2   ,0,0,0,0,0,0,0,0,0,-4000,0,0,0,730000,734000,-4000,-4000
0057,富邦摩台        ,0,0,0,0,0,0,0,0,0,-4000,0,0,0,25000,29000,-4000,-4000
054771,茂林國票98購02  ,0,0,0,0,0,0,0,0,0,-4000,0,0,0,1000,5000,-4000,-4000
051695,元金2X中信98購01,0,0,0,0,0,0,0,0,0,-4000,0,0,0,0,4000,-4000,-4000
042793,台積電台新9C購01,0,0,0,0,0,0,0,0,0,-4000,0,0,0,2000,6000,-4000,-4000
048383,元金2X國票99購01,0,0,0,0,0,0,0,0,0,-4000,0,0,0,11000,15000,-4000,-4000
057019,台積電凱基98購14,0,0,0,0,0,0,0,0,0,-4000,0,0,0,6000,10000,-4000,-4000
056825,深中小富邦9B購01,0,0,0,0,0,0,0,0,0,-4000,0,0,0,0,4000,-4000,-4000
062394,大立光富邦02購01,0,0,0,0,0,0,0,0,0,-4000,0,0,0,0,4000,-4000,-4000
058244,神達元大99購02  ,0,0,0,0,0,0,0,0,0,-4000,0,0,0,1000,5000,-4000,-4000
057183,玉晶光元大99購07,0,0,0,0,0,0,0,0,0,-4000,0,0,0,0,4000,-4000,-4000
058938,台積電中信01購03,0,0,0,0,0,0,0,0,0,-4000,0,0,0,18000,22000,-4000,-4000
059163,台積電凱基99購10,0,0,0,0,0,0,0,0,0,-4000,0,0,0,1000,5000,-4000,-4000
059173,矽力凱基99購01  ,0,0,0,0,0,0,0,0,0,-4000,0,0,0,0,4000,-4000,-4000
059240,台積電凱基9A購09,0,0,0,0,0,0,0,0,0,-4000,0,0,0,4000,8000,-4000,-4000
059759,A50正2永豐99購02,0,0,0,0,0,0,0,0,0,-4000,0,0,0,0,4000,-4000,-4000
062040,玉晶光凱基01購01,0,0,0,0,0,0,0,0,0,-4000,0,0,0,13000,17000,-4000,-4000
063164,聯發科永豐9B購03,0,0,0,0,0,0,0,0,0,-4000,0,0,0,10000,14000,-4000,-4000
061292,玉晶光統一01購06,0,0,0,0,0,0,0,0,0,-4000,0,0,0,0,4000,-4000,-4000
061977,國巨元大9B購02  ,0,0,0,0,0,0,0,0,0,-4000,0,0,0,97000,101000,-4000,-4000
060519,S&P500中信01購01,0,0,0,0,0,0,0,0,0,-4000,0,0,0,0,4000,-4000,-4000
060877,華邦電中信02購01,0,0,0,0,0,0,0,0,0,-4000,0,0,0,1000,5000,-4000,-4000
061136,可成統一9A購01  ,0,0,0,0,0,0,0,0,0,-4000,0,0,0,10000,14000,-4000,-4000
060730,台積電群益9A購03,0,0,0,0,0,0,0,0,0,-4000,0,0,0,9000,13000,-4000,-4000
060015,國巨康和99購03  ,0,0,0,0,0,0,0,0,0,-4000,0,0,0,18000,22000,-4000,-4000
063421,可成凱基9C購02  ,0,0,0,0,0,0,0,0,0,-4000,0,0,0,0,4000,-4000,-4000
063286,嘉澤元大9B購04  ,0,0,0,0,0,0,0,0,0,-4000,0,0,0,1000,5000,-4000,-4000
065443,智邦統一9C購03  ,0,0,0,0,0,0,0,0,0,-4000,0,0,0,0,4000,-4000,-4000
065145,貿聯凱基9C購02  ,0,0,0,0,0,0,0,0,0,-4000,0,0,0,32000,36000,-4000,-4000
066177,上緯控凱基01購01,0,0,0,0,0,0,0,0,0,-4000,0,0,0,42000,46000,-4000,-4000
066220,矽格台新01購01  ,0,0,0,0,0,0,0,0,0,-4000,0,0,0,0,4000,-4000,-4000
065681,聯發科統一9C購17,0,0,0,0,0,0,0,0,0,-4000,0,0,0,31000,35000,-4000,-4000
065746,光寶科元大9C購01,0,0,0,0,0,0,0,0,0,-4000,0,0,0,11000,15000,-4000,-4000
065866,鴻海群益9C購07  ,0,0,0,0,0,0,0,0,0,-4000,0,0,0,4000,8000,-4000,-4000
064385,台積電富邦03購02,0,0,0,0,0,0,0,0,0,-4000,0,0,0,11000,15000,-4000,-4000
064344,緯創元大9C購01  ,0,0,0,0,0,0,0,0,0,-4000,0,0,0,7000,11000,-4000,-4000
064261,力山永豐9C購01  ,0,0,0,0,0,0,0,0,0,-4000,0,0,0,0,4000,-4000,-4000
06500P,臺股指元大9A售05,0,0,0,0,0,0,0,0,0,-4000,0,0,0,6000,10000,-4000,-4000
06448P,華通元大99售01  ,0,0,0,0,0,0,0,0,0,-4000,0,0,0,214000,218000,-4000,-4000
9955,佳龍            ,107000,111000,-4000,0,0,0,0,0,0,0,0,0,0,0,0,0,-4000
8374,羅昇            ,5000,9000,-4000,0,0,0,0,0,0,0,0,0,0,0,0,0,-4000
8466,美吉吉-KY       ,0,4000,-4000,0,0,0,0,0,0,0,0,0,0,0,0,0,-4000
4557,永新-KY         ,1000,5000,-4000,0,0,0,0,0,0,0,0,0,0,0,0,0,-4000
2881A,富邦特          ,0,2000,-2000,0,0,0,0,0,0,-2000,8000,10000,-2000,0,0,0,-4000
3383,新世紀          ,0,4000,-4000,0,0,0,0,0,0,0,0,0,0,0,0,0,-4000
2305,全友            ,93000,97000,-4000,0,0,0,0,0,0,0,0,0,0,0,0,0,-4000
2227,裕日車          ,5000,8000,-3000,0,0,0,0,1000,-1000,0,0,0,0,0,0,0,-4000
2611,志信            ,0,4000,-4000,0,0,0,0,0,0,0,0,0,0,0,0,0,-4000
08397P,國巨元富9C售04  ,0,0,0,0,0,0,0,0,0,-5000,0,0,0,1000,6000,-5000,-5000
08370P,台積電凱基01售06,0,0,0,0,0,0,0,0,0,-5000,0,0,0,0,5000,-5000,-5000
08472P,和碩凱基9C售02  ,0,0,0,0,0,0,0,0,0,-5000,0,0,0,70000,75000,-5000,-5000
08819P,上証2X凱基02售01,0,0,0,0,0,0,0,0,0,-5000,0,0,0,0,5000,-5000,-5000
08801P,聯發科元大01售13,0,0,0,0,0,0,0,0,0,-5000,0,0,0,210000,215000,-5000,-5000
1341,富林-KY         ,0,4000,-4000,0,0,0,0,0,0,-1000,0,1000,-1000,0,0,0,-5000
1540,喬福            ,7000,12000,-5000,0,0,0,0,0,0,0,0,0,0,0,0,0,-5000
08358P,大立光元大9C售18,0,0,0,0,0,0,0,0,0,-5000,0,0,0,5000,10000,-5000,-5000
08367P,臺股指凱基9C售11,0,0,0,0,0,0,0,0,0,-5000,0,0,0,1000,6000,-5000,-5000
08265P,臺股指元大9C售03,0,0,0,0,0,0,0,0,0,-5000,0,0,0,0,5000,-5000,-5000
08028P,臺股指元大9B售30,0,0,0,0,0,0,0,0,0,-5000,0,0,0,0,5000,-5000,-5000
07999P,台達電凱基9B售02,0,0,0,0,0,0,0,0,0,-5000,0,0,0,25000,30000,-5000,-5000
07993P,寶成群益9B售01  ,0,0,0,0,0,0,0,0,0,-5000,0,0,0,0,5000,-5000,-5000
07804P,美律永豐9A售02  ,0,0,0,0,0,0,0,0,0,-5000,0,0,0,0,5000,-5000,-5000
07843P,緯穎元大9A售05  ,0,0,0,0,0,0,0,0,0,-5000,0,0,0,0,5000,-5000,-5000
07928P,國巨統一9B售09  ,0,0,0,0,0,0,0,0,0,-5000,0,0,0,0,5000,-5000,-5000
07935P,臺股指國票9B售07,0,0,0,0,0,0,0,0,0,-5000,0,0,0,0,5000,-5000,-5000
07689P,旺宏元大9A售13  ,0,0,0,0,0,0,0,0,0,-5000,0,0,0,0,5000,-5000,-5000
07485P,台灣50凱基04售03,0,0,0,0,0,0,0,0,0,-5000,0,0,0,0,5000,-5000,-5000
07353P,大立光國票99售02,0,0,0,0,0,0,0,0,0,-5000,0,0,0,0,5000,-5000,-5000
067420,國巨凱基02購03  ,0,0,0,0,0,0,0,0,0,-5000,0,0,0,4000,9000,-5000,-5000
067413,臺股指中信04購02,0,0,0,0,0,0,0,0,0,-5000,0,0,0,0,5000,-5000,-5000
067365,美利達群益01購03,0,0,0,0,0,0,0,0,0,-5000,0,0,0,0,5000,-5000,-5000
067386,巨大統一02購02  ,0,0,0,0,0,0,0,0,0,-5000,0,0,0,0,5000,-5000,-5000
06770P,台灣50第一9C售01,0,0,0,0,0,0,0,0,0,-5000,0,0,0,100000,105000,-5000,-5000
06798P,臺股指凱基98售08,0,0,0,0,0,0,0,0,0,-5000,0,0,0,0,5000,-5000,-5000
07190P,臺股指富邦9C售02,0,0,0,0,0,0,0,0,0,-5000,0,0,0,0,5000,-5000,-5000
07107P,臺股指統一99售07,0,0,0,0,0,0,0,0,0,-5000,0,0,0,5000,10000,-5000,-5000
06977P,臺股指元大9A售15,0,0,0,0,0,0,0,0,0,-5000,0,0,0,0,5000,-5000,-5000
06937P,GIS元大98售03   ,0,0,0,0,0,0,0,0,0,-5000,0,0,0,36000,41000,-5000,-5000
06897P,FBVIX群益01售01 ,0,0,0,0,0,0,0,0,0,-5000,0,0,0,0,5000,-5000,-5000
066965,鴻海元富07購07  ,0,0,0,0,0,0,0,0,0,-5000,0,0,0,1000,6000,-5000,-5000
067096,滬深2X群益01購06,0,0,0,0,0,0,0,0,0,-5000,0,0,0,0,5000,-5000,-5000
067101,華邦電群益01購02,0,0,0,0,0,0,0,0,0,-5000,0,0,0,0,5000,-5000,-5000
067169,台積電麥證01購07,0,0,0,0,5000,-5000,0,0,0,-5000,0,0,0,0,5000,-5000,-5000
067139,訊連永豐01購01  ,0,0,0,0,0,0,0,0,0,-5000,0,0,0,0,5000,-5000,-5000
067292,大立光兆豐01購01,0,0,0,0,0,0,0,0,0,-5000,0,0,0,0,5000,-5000,-5000
066393,華碩凱基01購01  ,0,0,0,0,0,0,0,0,0,-5000,0,0,0,10000,15000,-5000,-5000
066486,台光電元富01購02,0,0,0,0,0,0,0,0,0,-5000,0,0,0,0,5000,-5000,-5000
066453,嘉基群益01購01  ,0,0,0,0,0,0,0,0,0,-5000,0,0,0,95000,100000,-5000,-5000
066714,台灣50元大01購22,0,0,0,0,0,0,0,0,0,-5000,0,0,0,5000,10000,-5000,-5000
06678P,大立光統一99售01,0,0,0,0,0,0,0,0,0,-5000,0,0,0,0,5000,-5000,-5000
059246,奇力新凱基9A購02,0,0,0,0,0,0,0,0,0,-5000,0,0,0,20000,25000,-5000,-5000
059209,華通元大99購08  ,0,0,0,0,0,0,0,0,0,-5000,0,0,0,0,5000,-5000,-5000
059129,麗豐中信99購01  ,0,0,0,0,0,0,0,0,0,-5000,0,0,0,10000,15000,-5000,-5000
059077,FBVIX元大99購05 ,0,0,0,0,0,0,0,0,0,-5000,0,0,0,0,5000,-5000,-5000
057580,玉山金中信9A購01,0,0,0,0,0,0,0,0,0,-5000,0,0,0,15000,20000,-5000,-5000
057922,華新科凱基99購01,0,0,0,0,0,0,0,0,0,-5000,0,0,0,0,5000,-5000,-5000
058263,大成鋼永豐99購01,0,0,0,0,0,0,0,0,0,-5000,0,0,0,0,5000,-5000,-5000
058333,鴻海元富99購04  ,0,0,0,0,0,0,0,0,0,-5000,0,0,0,8000,13000,-5000,-5000
058154,泰碩統一9A購01  ,0,0,0,0,0,0,0,0,0,-5000,0,0,0,159000,164000,-5000,-5000
058201,華通凱基9A購01  ,0,0,0,0,0,0,0,0,0,-5000,0,0,0,0,5000,-5000,-5000
058004,大立光群益98購03,0,0,0,0,0,0,0,0,0,-5000,0,0,0,5000,10000,-5000,-5000
058448,滬深2X永豐9A購01,0,0,0,0,0,0,0,0,0,-5000,0,0,0,99000,104000,-5000,-5000
062393,智邦富邦9B購01  ,0,0,0,0,0,0,0,0,0,-5000,0,0,0,20000,25000,-5000,-5000
062383,大立光國泰01購01,0,0,0,0,0,0,0,0,0,-5000,0,0,0,0,5000,-5000,-5000
062312,大立光凱基9B購03,0,0,0,0,0,0,0,0,0,-5000,0,0,0,0,5000,-5000,-5000
058786,元黃金元大99購01,0,0,0,0,0,0,0,0,0,-5000,0,0,0,0,5000,-5000,-5000
056498,A50正2富邦9B購01,0,0,0,0,0,0,0,0,0,-5000,0,0,0,0,5000,-5000,-5000
056902,大立光元大98購12,0,0,0,0,0,0,0,0,0,-5000,0,0,0,0,5000,-5000,-5000
057711,台積電統一9A購03,0,0,0,0,0,0,0,0,0,-5000,0,0,0,10000,15000,-5000,-5000
057712,南亞科統一9A購01,0,0,0,0,0,0,0,0,0,-5000,0,0,0,0,5000,-5000,-5000
057136,立積凱基98購02  ,0,0,0,0,0,0,0,0,0,-5000,0,0,0,35000,40000,-5000,-5000
057093,臻鼎元富98購02  ,0,0,0,0,0,0,0,0,0,-5000,0,0,0,20000,25000,-5000,-5000
059024,大立光統一9B購04,0,0,0,0,0,0,0,0,0,-5000,0,0,0,219000,224000,-5000,-5000
058941,華新科中信99購03,0,0,0,0,0,0,0,0,0,-5000,0,0,0,0,5000,-5000,-5000
049759,元黃金富邦9A購01,0,0,0,0,0,0,0,0,0,-5000,0,0,0,0,5000,-5000,-5000
053328,滬深2X永豐99購01,0,0,0,0,0,0,0,0,0,-5000,0,0,0,0,5000,-5000,-5000
054370,台積電中信9A購01,0,0,0,0,0,0,0,0,0,-5000,0,0,0,63000,68000,-5000,-5000
063086,祥碩凱基9C購01  ,0,0,0,0,0,0,0,0,0,-5000,0,0,0,0,5000,-5000,-5000
063340,英業達統一9B購01,0,0,0,0,0,0,0,0,0,-5000,0,0,0,2000,7000,-5000,-5000
061565,滬深2X元大9A購08,0,0,0,0,0,0,0,0,0,-5000,0,0,0,0,5000,-5000,-5000
061871,瑞昱元大9B購01  ,0,0,0,0,0,0,0,0,0,-5000,0,0,0,0,5000,-5000,-5000
061902,百和永豐9B購01  ,0,0,0,0,0,0,0,0,0,-5000,0,0,0,0,5000,-5000,-5000
063457,臺指反元大02購17,0,0,0,0,0,0,0,0,0,-5000,0,0,0,0,5000,-5000,-5000
063622,健策兆豐9B購01  ,0,0,0,0,0,0,0,0,0,-5000,0,0,0,0,5000,-5000,-5000
063634,台光電元大9B購09,0,0,0,0,0,0,0,0,0,-5000,0,0,0,70000,75000,-5000,-5000
059967,聯發科凱基99購20,0,0,0,0,0,0,0,0,0,-5000,0,0,0,0,5000,-5000,-5000
059948,正文永豐99購01  ,0,0,0,0,0,0,0,0,0,-5000,0,0,0,66000,71000,-5000,-5000
059921,大立光元大99購24,0,0,0,0,0,0,0,0,0,-5000,0,0,0,0,5000,-5000,-5000
061143,道瓊指中信9C購04,0,0,0,0,0,0,0,0,0,-5000,0,0,0,0,5000,-5000,-5000
060951,元黃金群益9A購01,0,0,0,0,0,0,0,0,0,-5000,0,0,0,0,5000,-5000,-5000
061164,燿華兆豐9B購01  ,0,0,0,0,0,0,0,0,0,-5000,0,0,0,0,5000,-5000,-5000
060785,國巨富邦9B購04  ,0,0,0,0,0,0,0,0,0,-5000,0,0,0,0,5000,-5000,-5000
061661,京鼎永豐9A購02  ,0,0,0,0,0,0,0,0,0,-5000,0,0,0,163000,168000,-5000,-5000
061635,台積電元大9A購34,0,0,0,0,0,0,0,0,0,-5000,0,0,0,0,5000,-5000,-5000
061707,超眾國票9B購01  ,0,0,0,0,0,0,0,0,0,-5000,0,0,0,5000,10000,-5000,-5000
060477,和潤元大9A購01  ,0,0,0,0,0,0,0,0,0,-5000,0,0,0,1000,6000,-5000,-5000
062452,A50正2群益01購04,0,0,0,0,0,0,0,0,0,-5000,0,0,0,0,5000,-5000,-5000
062408,致新永豐9B購01  ,0,0,0,0,0,0,0,0,0,-5000,0,0,0,104000,109000,-5000,-5000
062007,台光電國泰9C購01,0,0,0,0,0,0,0,0,0,-5000,0,0,0,19000,24000,-5000,-5000
063189,臻鼎凱基9B購01  ,0,0,0,0,0,0,0,0,0,-5000,0,0,0,25000,30000,-5000,-5000
063207,聯茂統一01購01  ,0,0,0,0,0,0,0,0,0,-5000,0,0,0,0,5000,-5000,-5000
059661,大立光元大99購22,0,0,0,0,0,0,0,0,0,-5000,0,0,0,0,5000,-5000,-5000
059688,燿華永豐99購01  ,0,0,0,0,0,0,0,0,0,-5000,0,0,0,0,5000,-5000,-5000
059733,緯穎元大99購08  ,0,0,0,0,0,0,0,0,0,-5000,0,0,0,0,5000,-5000,-5000
060610,玉晶光凱基9B購02,0,0,0,0,0,0,0,0,0,-5000,0,0,0,0,5000,-5000,-5000
061353,康控元大9A購01  ,0,0,0,0,0,0,0,0,0,-5000,0,0,0,0,5000,-5000,-5000
062805,台勝科統一9C購01,0,0,0,0,0,0,0,0,0,-5000,0,0,0,0,5000,-5000,-5000
062749,元金2X中信9B購01,0,0,0,0,0,0,0,0,0,-5000,0,0,0,0,5000,-5000,-5000
063261,康控富邦03購01  ,0,0,0,0,0,0,0,0,0,-5000,0,0,0,0,5000,-5000,-5000
060389,世紀鋼凱基9B購02,0,0,0,0,0,0,0,0,0,-5000,0,0,0,10000,15000,-5000,-5000
060310,瑞昱永豐9A購01  ,0,0,0,0,0,0,0,0,0,-5000,0,0,0,0,5000,-5000,-5000
060191,亞光元富9A購02  ,0,0,0,0,0,0,0,0,0,-5000,0,0,0,0,5000,-5000,-5000
060163,健策永豐9B購01  ,0,0,0,0,0,0,0,0,0,-5000,0,0,0,0,5000,-5000,-5000
063136,智邦統一9B購02  ,0,0,0,0,0,0,0,0,0,-5000,0,0,0,146000,151000,-5000,-5000
064412,緯穎凱基01購01  ,0,0,0,0,0,0,0,0,0,-5000,0,0,0,0,5000,-5000,-5000
065006,景碩國票01購01  ,0,0,0,0,0,0,0,0,0,-5000,0,0,0,0,5000,-5000,-5000
064886,燿華中信01購01  ,0,0,0,0,0,0,0,0,0,-5000,0,0,0,0,5000,-5000,-5000
064758,可成凱基02購02  ,0,0,0,0,0,0,0,0,0,-5000,0,0,0,70000,75000,-5000,-5000
064802,台積電元大01購04,0,0,0,0,0,0,0,0,0,-5000,0,0,0,5000,10000,-5000,-5000
064843,巨大統一02購01  ,0,0,0,0,0,0,0,0,0,-5000,0,0,0,77000,82000,-5000,-5000
064273,華邦電元大9C購02,0,0,0,0,0,0,0,0,0,-5000,0,0,0,103000,108000,-5000,-5000
063735,華新科元大9B購15,0,0,0,0,0,0,0,0,0,-5000,0,0,0,101000,106000,-5000,-5000
063813,瑞昱群益9C購02  ,0,0,0,0,0,0,0,0,0,-5000,0,0,0,13000,18000,-5000,-5000
066186,台郡凱基02購01  ,0,0,0,0,0,0,0,0,0,-5000,0,0,0,8000,13000,-5000,-5000
066183,眾達凱基01購01  ,0,0,0,0,0,0,0,0,0,-5000,0,0,0,29000,34000,-5000,-5000
066109,南電國票02購01  ,0,0,0,0,0,0,0,0,0,-5000,0,0,0,34000,39000,-5000,-5000
065211,世芯國票01購03  ,0,0,0,0,0,0,0,0,0,-5000,0,0,0,77000,82000,-5000,-5000
065430,可成凱基02購03  ,0,0,0,0,0,0,0,0,0,-5000,0,0,0,2000,7000,-5000,-5000
065378,嘉澤元大01購01  ,0,0,0,0,0,0,0,0,0,-5000,0,0,0,0,5000,-5000,-5000
065462,聯發科中信03購02,0,0,0,0,0,0,0,0,0,-5000,0,0,0,0,5000,-5000,-5000
065494,滬深2X富邦01購01,0,0,0,0,0,0,0,0,0,-5000,0,0,0,0,5000,-5000,-5000
06560P,台積電統一98售07,0,0,0,0,0,0,0,0,0,-5000,0,0,0,0,5000,-5000,-5000
065572,泰碩群益01購01  ,0,0,0,0,0,0,0,0,0,-5000,0,0,0,16000,21000,-5000,-5000
2528,皇普            ,0,6000,-6000,0,0,0,0,0,0,1000,1000,0,1000,0,0,0,-5000
2020,美亞            ,5000,10000,-5000,0,0,0,0,0,0,0,0,0,0,0,0,0,-5000
1616,億泰            ,1000,6000,-5000,0,0,0,0,0,0,0,0,0,0,0,0,0,-5000
5305,敦南            ,226000,231000,-5000,0,0,0,0,0,0,0,0,0,0,0,0,0,-5000
8070,長華*           ,0,5000,-5000,0,0,0,0,0,0,0,0,0,0,0,0,0,-5000
6464,台數科          ,0,5000,-5000,0,0,0,0,0,0,0,0,0,0,0,0,0,-5000
1442,名軒            ,25000,30373,-5373,0,0,0,0,0,0,0,0,0,0,0,0,0,-5373
1454,台富            ,0,6000,-6000,0,0,0,0,0,0,0,0,0,0,0,0,0,-6000
1466,聚隆            ,131000,137000,-6000,0,0,0,0,0,0,0,0,0,0,0,0,0,-6000
08811P,鴻海群益01售08  ,0,0,0,0,0,0,0,0,0,-6000,0,0,0,5000,11000,-6000,-6000
1219,福壽            ,3000,9000,-6000,0,0,0,0,0,0,0,0,0,0,0,0,0,-6000
08660P,台灣50麥證9C售02,0,0,0,0,6000,-6000,0,0,0,-6000,0,0,0,0,6000,-6000,-6000
07737P,華通永豐9A售01  ,0,0,0,0,0,0,0,0,0,-6000,0,0,0,0,6000,-6000,-6000
066889,元大金中信07購01,0,0,0,0,0,0,0,0,0,-6000,0,0,0,30000,36000,-6000,-6000
067251,長興國票01購01  ,0,0,0,0,0,0,0,0,0,-6000,0,0,0,0,6000,-6000,-6000
067206,台積電元大01購23,0,0,0,0,0,0,0,0,0,-6000,0,0,0,200000,206000,-6000,-6000
07134P,臺股指元大9A售28,0,0,0,0,0,0,0,0,0,-6000,0,0,0,0,6000,-6000,-6000
054309,禾伸堂凱基98購01,0,0,0,0,0,0,0,0,0,-6000,0,0,0,40000,46000,-6000,-6000
03427B,臺股指元大9A熊02,0,0,0,0,0,0,0,0,0,-6000,0,0,0,199000,205000,-6000,-6000
03010X,元展10          ,0,0,0,0,0,0,0,0,0,-6000,0,0,0,0,6000,-6000,-6000
053181,滬深2X元富99購02,0,0,0,0,0,0,0,0,0,-6000,0,0,0,33000,39000,-6000,-6000
056716,康舒永豐98購01  ,0,0,0,0,0,0,0,0,0,-6000,0,0,0,243000,249000,-6000,-6000
059049,元油2X凱基9A購12,0,0,0,0,0,0,0,0,0,-6000,0,0,0,0,6000,-6000,-6000
059014,SGBR2X元富03購01,0,0,0,0,0,0,0,0,0,-6000,0,0,0,0,6000,-6000,-6000
056971,麗豐永豐98購01  ,0,0,0,0,0,0,0,0,0,-6000,0,0,0,0,6000,-6000,-6000
055262,台虹國泰98購01  ,0,0,0,0,0,0,0,0,0,-6000,0,0,0,0,6000,-6000,-6000
055390,國巨統一98購03  ,0,0,0,0,0,0,0,0,0,-6000,0,0,0,0,6000,-6000,-6000
055594,華新科元大98購02,0,0,0,0,0,0,0,0,0,-6000,0,0,0,0,6000,-6000,-6000
055923,矽力凱基98購01  ,0,0,0,0,0,0,0,0,0,-6000,0,0,0,10000,16000,-6000,-6000
056146,台虹元大98購01  ,0,0,0,0,0,0,0,0,0,-6000,0,0,0,0,6000,-6000,-6000
062353,亞德客元大9B購01,0,0,0,0,0,0,0,0,0,-6000,0,0,0,22000,28000,-6000,-6000
062342,上証2X群益01購03,0,0,0,0,0,0,0,0,0,-6000,0,0,0,0,6000,-6000,-6000
057892,上証2X元富02購01,0,0,0,0,0,0,0,0,0,-6000,0,0,0,0,6000,-6000,-6000
057150,貿聯國票99購02  ,0,0,0,0,0,0,0,0,0,-6000,0,0,0,24000,30000,-6000,-6000
059072,元油2X元大9C購13,0,0,0,0,0,0,0,0,0,-6000,0,0,0,0,6000,-6000,-6000
059304,華新科兆豐99購06,0,0,0,0,0,0,0,0,0,-6000,0,0,0,40000,46000,-6000,-6000
060109,茂林元大99購05  ,0,0,0,0,0,0,0,0,0,-6000,0,0,0,118000,124000,-6000,-6000
060065,大立光兆豐9B購01,0,0,0,0,0,0,0,0,0,-6000,0,0,0,1000,7000,-6000,-6000
062702,可成元大9C購01  ,0,0,0,0,0,0,0,0,0,-6000,0,0,0,66000,72000,-6000,-6000
062827,神基群益9B購01  ,0,0,0,0,0,0,0,0,0,-6000,0,0,0,0,6000,-6000,-6000
060572,景碩永豐9A購01  ,0,0,0,0,0,0,0,0,0,-6000,0,0,0,89000,95000,-6000,-6000
061704,景碩國票9A購01  ,0,0,0,0,0,0,0,0,0,-6000,0,0,0,39000,45000,-6000,-6000
061744,超眾凱基9B購02  ,0,0,0,0,0,0,0,0,0,-6000,0,0,0,10000,16000,-6000,-6000
061236,台積電元大9A購24,0,0,0,0,0,0,0,0,0,-6000,0,0,0,16000,22000,-6000,-6000
060826,牧德元大9B購02  ,0,0,0,0,0,0,0,0,0,-6000,0,0,0,0,6000,-6000,-6000
061128,大立光永豐9A購02,0,0,0,0,0,0,0,0,0,-6000,0,0,0,0,6000,-6000,-6000
059920,宏達電元大99購07,0,0,0,0,0,0,0,0,0,-6000,0,0,0,159000,165000,-6000,-6000
061594,玉晶光永豐9A購08,0,0,0,0,0,0,0,0,0,-6000,0,0,0,8000,14000,-6000,-6000
065578,台郡群益9C購02  ,0,0,0,0,0,0,0,0,0,-6000,0,0,0,17000,23000,-6000,-6000
065611,嘉聯益元大9C購02,0,0,0,0,0,0,0,0,0,-6000,0,0,0,255000,261000,-6000,-6000
065633,聯發科國票01購02,0,0,0,0,0,0,0,0,0,-6000,0,0,0,6000,12000,-6000,-6000
065500,健鼎富邦01購01  ,0,0,0,0,0,0,0,0,0,-6000,0,0,0,0,6000,-6000,-6000
065301,聯發科元富03購03,0,0,0,0,0,0,0,0,0,-6000,0,0,0,0,6000,-6000,-6000
065173,可成元大9C購10  ,0,0,0,0,0,0,0,0,0,-6000,0,0,0,4000,10000,-6000,-6000
066247,中化元大01購02  ,0,0,0,0,0,0,0,0,0,-6000,0,0,0,0,6000,-6000,-6000
065717,創意中信9C購02  ,0,0,0,0,0,0,0,0,0,-6000,0,0,0,122000,128000,-6000,-6000
063948,高鐵元大9C購01  ,0,0,0,0,0,0,0,0,0,-6000,0,0,0,4000,10000,-6000,-6000
064309,聯發科群益9C購07,0,0,0,0,0,0,0,0,0,-6000,0,0,0,38000,44000,-6000,-6000
064852,智邦台新9C購04  ,0,0,0,0,0,0,0,0,0,-6000,0,0,0,10000,16000,-6000,-6000
06485P,玉晶光群益9A售02,0,0,0,0,0,0,0,0,0,-6000,0,0,0,330000,336000,-6000,-6000
065038,上銀凱基9C購02  ,0,0,0,0,0,0,0,0,0,-6000,0,0,0,41000,47000,-6000,-6000
064688,國巨群益9C購11  ,0,0,0,0,0,0,0,0,0,-6000,0,0,0,4000,10000,-6000,-6000
8367,建新國際        ,0,6000,-6000,0,0,0,0,0,0,0,0,0,0,0,0,0,-6000
6136,富爾特          ,0,2000,-2000,0,0,0,0,0,0,-4000,0,4000,-4000,0,0,0,-6000
5706,鳳凰            ,7000,13000,-6000,0,0,0,0,0,0,0,0,0,0,0,0,0,-6000
9940,信義            ,34000,40000,-6000,0,0,0,0,0,0,0,0,0,0,0,0,0,-6000
4564,元翎            ,61000,64000,-3000,0,0,0,0,0,0,-3000,0,0,0,0,3000,-3000,-6000
2816,旺旺保          ,0,6000,-6000,0,0,0,0,0,0,0,0,0,0,0,0,0,-6000
2012,春雨            ,1000,7000,-6000,0,0,0,0,0,0,0,0,0,0,0,0,0,-6000
06960P,國巨凱基99售08  ,0,0,0,0,0,0,0,0,0,-7000,0,0,0,6000,13000,-7000,-7000
066979,國巨群益01購04  ,0,0,0,0,0,0,0,0,0,-7000,0,0,0,4000,11000,-7000,-7000
07975P,國巨元大9B售15  ,0,0,0,0,0,0,0,0,0,-7000,0,0,0,13000,20000,-7000,-7000
07966P,瑞祺群益9B售02  ,0,0,0,0,0,0,0,0,0,-7000,0,0,0,0,7000,-7000,-7000
08077P,亞德客國票9B售02,0,0,0,0,0,0,0,0,0,-7000,0,0,0,28000,35000,-7000,-7000
08342P,健策永豐9C售01  ,0,0,0,0,0,0,0,0,0,-7000,0,0,0,0,7000,-7000,-7000
08631P,臺股指麥證9C售06,0,0,0,0,7000,-7000,0,0,0,-7000,0,0,0,0,7000,-7000,-7000
08838P,台灣50麥證01售02,0,0,0,3000,10000,-7000,0,0,0,-7000,0,0,0,3000,10000,-7000,-7000
08792P,聯發科中信02售02,0,0,0,0,0,0,0,0,0,-7000,0,0,0,13000,20000,-7000,-7000
1459,聯發            ,0,7000,-7000,0,0,0,0,0,0,0,0,0,0,0,0,0,-7000
1435,中福            ,0,7000,-7000,0,0,0,0,0,0,0,0,0,0,0,0,0,-7000
059075,FBVIX元大99購01 ,0,0,0,0,0,0,0,0,0,-7000,0,0,0,30000,37000,-7000,-7000
059064,緯穎凱基99購02  ,0,0,0,0,0,0,0,0,0,-7000,0,0,0,0,7000,-7000,-7000
058892,元油2X元大9C購08,0,0,0,0,0,0,0,0,0,-7000,0,0,0,0,7000,-7000,-7000
057437,可成國票99購01  ,0,0,0,0,0,0,0,0,0,-7000,0,0,0,4000,11000,-7000,-7000
057953,聚陽元大98購01  ,0,0,0,0,0,0,0,0,0,-7000,0,0,0,3000,10000,-7000,-7000
057573,京鼎永豐98購02  ,0,0,0,0,0,0,0,0,0,-7000,0,0,0,5000,12000,-7000,-7000
062566,嘉晶中信9C購01  ,0,0,0,0,0,0,0,0,0,-7000,0,0,0,0,7000,-7000,-7000
058771,神達兆豐99購01  ,0,0,0,0,0,0,0,0,0,-7000,0,0,0,3000,10000,-7000,-7000
058272,超眾永豐9A購01  ,0,0,0,0,0,0,0,0,0,-7000,0,0,0,14000,21000,-7000,-7000
056777,矽力元大98購02  ,0,0,0,0,0,0,0,0,0,-7000,0,0,0,15000,22000,-7000,-7000
054923,晶技凱基98購01  ,0,0,0,0,0,0,0,0,0,-7000,0,0,0,8000,15000,-7000,-7000
00770,國泰北美科技    ,0,0,0,0,0,0,0,0,0,-7000,0,0,0,16000,23000,-7000,-7000
061940,世紀鋼國票9C購01,0,0,0,0,0,0,0,0,0,-7000,0,0,0,59000,66000,-7000,-7000
063462,金像電元大9C購01,0,0,0,0,0,0,0,0,0,-7000,0,0,0,68000,75000,-7000,-7000
059949,啟碁永豐99購01  ,0,0,0,0,0,0,0,0,0,-7000,0,0,0,51000,58000,-7000,-7000
061010,上銀麥證9A購02  ,0,0,0,0,7000,-7000,0,0,0,-7000,0,0,0,0,7000,-7000,-7000
061772,健策元大9B購06  ,0,0,0,0,0,0,0,0,0,-7000,0,0,0,0,7000,-7000,-7000
059581,日月光元富99購02,0,0,0,0,0,0,0,0,0,-7000,0,0,0,107000,114000,-7000,-7000
062150,南六國票9B購01  ,0,0,0,0,0,0,0,0,0,-7000,0,0,0,31000,38000,-7000,-7000
061950,日月光群益9B購01,0,0,0,0,0,0,0,0,0,-7000,0,0,0,91000,98000,-7000,-7000
062992,聯發科群益9B購09,0,0,0,0,0,0,0,0,0,-7000,0,0,0,29000,36000,-7000,-7000
063283,華新科元大9C購03,0,0,0,0,0,0,0,0,0,-7000,0,0,0,187000,194000,-7000,-7000
064672,同欣電元大01購01,0,0,0,0,0,0,0,0,0,-7000,0,0,0,241000,248000,-7000,-7000
064408,TPK凱基02購01   ,0,0,0,0,0,0,0,0,0,-7000,0,0,0,65000,72000,-7000,-7000
064426,群創兆豐9C購01  ,0,0,0,0,0,0,0,0,0,-7000,0,0,0,0,7000,-7000,-7000
064846,旺宏元富03購01  ,0,0,0,0,0,0,0,0,0,-7000,0,0,0,24000,31000,-7000,-7000
064359,華通統一9C購05  ,0,0,0,0,0,0,0,0,0,-7000,0,0,0,54000,61000,-7000,-7000
064124,台積電元大9C購10,0,0,0,0,0,0,0,0,0,-7000,0,0,0,23000,30000,-7000,-7000
063911,大立光凱基9C購03,0,0,0,0,0,0,0,0,0,-7000,0,0,0,0,7000,-7000,-7000
064052,創意統一01購02  ,0,0,0,0,0,0,0,0,0,-7000,0,0,0,11000,18000,-7000,-7000
064007,嘉澤凱基02購01  ,0,0,0,0,0,0,0,0,0,-7000,0,0,0,46000,53000,-7000,-7000
065892,聯發科統一02購04,0,0,0,0,0,0,0,0,0,-7000,0,0,0,43000,50000,-7000,-7000
066292,惠特元大01購02  ,0,0,0,0,0,0,0,0,0,-7000,0,0,0,0,7000,-7000,-7000
06505P,康控國票99售02  ,0,0,0,0,0,0,0,0,0,-7000,0,0,0,101000,108000,-7000,-7000
065095,玉晶光元大02購02,0,0,0,0,0,0,0,0,0,-7000,0,0,0,0,7000,-7000,-7000
065299,燿華元富9C購02  ,0,0,0,0,0,0,0,0,0,-7000,0,0,0,3000,10000,-7000,-7000
065330,億豐凱基9C購03  ,0,0,0,0,0,0,0,0,0,-7000,0,0,0,1000,8000,-7000,-7000
065554,群創凱基02購02  ,0,0,0,0,0,0,0,0,0,-7000,0,0,0,41000,48000,-7000,-7000
3346,麗清            ,4000,13000,-9000,0,0,0,0,0,0,2000,2000,0,2000,0,0,0,-7000
3701,大眾控          ,0,7000,-7000,0,0,0,0,0,0,0,0,0,0,0,0,0,-7000
8114,振樺電          ,4000,13000,-9000,0,0,0,0,0,0,2000,2000,0,2000,0,0,0,-7000
6666,羅麗芬-KY       ,1000,8000,-7000,0,0,0,0,0,0,0,0,0,0,0,0,0,-7000
6579,研揚            ,2000,9000,-7000,0,0,0,0,0,0,0,0,0,0,0,0,0,-7000
1538,正峰新          ,0,7288,-7288,0,0,0,0,0,0,0,0,0,0,0,0,0,-7288
08847P,滬深2X群益03售06,0,0,0,0,0,0,0,0,0,-8000,0,0,0,2000,10000,-8000,-8000
08262P,茂林元大9C售01  ,0,0,0,0,0,0,0,0,0,-8000,0,0,0,45000,53000,-8000,-8000
07977P,華新科群益01售01,0,0,0,0,0,0,0,0,0,-8000,0,0,0,2000,10000,-8000,-8000
07758P,台積電國票9A售06,0,0,0,0,0,0,0,0,0,-8000,0,0,0,5000,13000,-8000,-8000
067475,微星元大01購05  ,0,0,0,0,0,0,0,0,0,-8000,0,0,0,0,8000,-8000,-8000
066836,樺漢群益01購01  ,0,0,0,0,0,0,0,0,0,-8000,0,0,0,104000,112000,-8000,-8000
066506,宏達電富邦03購01,0,0,0,0,0,0,0,0,0,-8000,0,0,0,0,8000,-8000,-8000
066385,巨大康和01購01  ,0,0,0,0,0,0,0,0,0,-8000,0,0,0,60000,68000,-8000,-8000
066322,群光永豐01購01  ,0,0,0,0,0,0,0,0,0,-8000,0,0,0,27000,35000,-8000,-8000
01010T,京城樂富R1      ,0,0,0,0,0,0,0,0,0,-8000,0,8000,-8000,0,0,0,-8000
02001R,富邦蘋果反一N   ,0,0,0,0,0,0,0,0,0,-8000,0,0,0,0,8000,-8000,-8000
03674C,臺股指元富9C牛02,0,0,0,0,0,0,0,0,0,-8000,0,0,0,0,8000,-8000,-8000
049200,元黃金群益98購01,0,0,0,0,0,0,0,0,0,-8000,0,0,0,0,8000,-8000,-8000
05589P,大立光中信9A售01,0,0,0,0,0,0,0,0,0,-8000,0,0,0,0,8000,-8000,-8000
059006,樺漢元大99購01  ,0,0,0,0,0,0,0,0,0,-8000,0,0,0,2000,10000,-8000,-8000
058348,台表科群益99購01,0,0,0,0,0,0,0,0,0,-8000,0,0,0,0,8000,-8000,-8000
058727,嘉晶富邦9A購01  ,0,0,0,0,0,0,0,0,0,-8000,0,0,0,8000,16000,-8000,-8000
062349,新日興群益9B購02,0,0,0,0,0,0,0,0,0,-8000,0,0,0,0,8000,-8000,-8000
062330,可成統一9B購03  ,0,0,0,0,0,0,0,0,0,-8000,0,0,0,0,8000,-8000,-8000
057599,技嘉群益9A購01  ,0,0,0,0,0,0,0,0,0,-8000,0,0,0,25000,33000,-8000,-8000
058861,國巨凱基9A購08  ,0,0,0,0,0,0,0,0,0,-8000,0,0,0,6000,14000,-8000,-8000
058836,FBVIX中信03購05 ,0,0,0,0,0,0,0,0,0,-8000,0,0,0,4000,12000,-8000,-8000
058937,仁寶中信99購01  ,0,0,0,0,0,0,0,0,0,-8000,0,0,0,49000,57000,-8000,-8000
063118,中鋼元大9C購01  ,0,0,0,0,0,0,0,0,0,-8000,0,0,0,10000,18000,-8000,-8000
060222,貿聯凱基9A購02  ,0,0,0,0,0,0,0,0,0,-8000,0,0,0,2000,10000,-8000,-8000
060295,貿聯元大9A購03  ,0,0,0,0,0,0,0,0,0,-8000,0,0,0,0,8000,-8000,-8000
062016,美食永豐9B購01  ,0,0,0,0,0,0,0,0,0,-8000,0,0,0,0,8000,-8000,-8000
059723,美律元大9A購02  ,0,0,0,0,0,0,0,0,0,-8000,0,0,0,0,8000,-8000,-8000
061795,智邦永豐9B購01  ,0,0,0,0,0,0,0,0,0,-8000,0,0,0,2000,10000,-8000,-8000
061179,華擎凱基9A購01  ,0,0,0,0,0,0,0,0,0,-8000,0,0,0,2000,10000,-8000,-8000
061162,南電群益9A購02  ,0,0,0,0,0,0,0,0,0,-8000,0,0,0,1000,9000,-8000,-8000
059966,台積電凱基99購19,0,0,0,0,0,0,0,0,0,-8000,0,0,0,10000,18000,-8000,-8000
063459,華通元大9B購08  ,0,0,0,0,0,0,0,0,0,-8000,0,0,0,12000,20000,-8000,-8000
061941,道瓊指群益9B購01,0,0,0,0,0,0,0,0,0,-8000,0,0,0,4000,12000,-8000,-8000
061595,智易永豐9A購02  ,0,0,0,0,0,0,0,0,0,-8000,0,0,0,5000,13000,-8000,-8000
063332,矽格國票9B購01  ,0,0,0,0,0,0,0,0,0,-8000,0,0,0,14000,22000,-8000,-8000
065319,鴻海凱基9C購03  ,0,0,0,0,0,0,0,0,0,-8000,0,0,0,151000,159000,-8000,-8000
065254,大成鋼元大9C購01,0,0,0,0,0,0,0,0,0,-8000,0,0,0,22000,30000,-8000,-8000
06518P,奇力新兆豐99售01,0,0,0,0,0,0,0,0,0,-8000,0,0,0,0,8000,-8000,-8000
066194,美利達凱基01購01,0,0,0,0,0,0,0,0,0,-8000,0,0,0,2000,10000,-8000,-8000
065877,TPK群益9C購05   ,0,0,0,0,0,0,0,0,0,-8000,0,0,0,0,8000,-8000,-8000
065730,新日興凱基9C購01,0,0,0,0,0,0,0,0,0,-8000,0,0,0,6000,14000,-8000,-8000
063858,鴻海國泰02購01  ,0,0,0,0,0,0,0,0,0,-8000,0,0,0,120000,128000,-8000,-8000
063801,GIS凱基01購01   ,0,0,0,0,0,0,0,0,0,-8000,0,0,0,120000,128000,-8000,-8000
064127,聯發科元大9C購06,0,0,0,0,0,0,0,0,0,-8000,0,0,0,9000,17000,-8000,-8000
064356,矽創元大01購01  ,0,0,0,0,0,0,0,0,0,-8000,0,0,0,77000,85000,-8000,-8000
064327,金寶元大01購01  ,0,0,0,0,0,0,0,0,0,-8000,0,0,0,0,8000,-8000,-8000
064410,超眾凱基02購01  ,0,0,0,0,0,0,0,0,0,-8000,0,0,0,6000,14000,-8000,-8000
6115,鎰勝            ,1000,9000,-8000,0,0,0,0,0,0,0,0,0,0,0,0,0,-8000
4566,時碩工業        ,1000,9000,-8000,0,0,0,0,0,0,0,0,0,0,0,0,0,-8000
4572,駐龍            ,5000,13000,-8000,0,0,0,0,0,0,0,0,0,0,0,0,0,-8000
1726,永記            ,0,8000,-8000,0,0,0,0,0,0,0,0,0,0,0,0,0,-8000
2701,萬企            ,1000,9000,-8000,0,0,0,0,0,0,0,0,0,0,0,0,0,-8000
2440,太空梭          ,0,8000,-8000,0,0,0,0,0,0,0,0,0,0,0,0,0,-8000
066431,台郡元大02購01  ,0,0,0,0,0,0,0,0,0,-9000,0,0,0,92000,101000,-9000,-9000
066568,聚碩元大01購01  ,0,0,0,0,0,0,0,0,0,-9000,0,0,0,6000,15000,-9000,-9000
067358,華擎群益01購05  ,0,0,0,0,0,0,0,0,0,-9000,0,0,0,0,9000,-9000,-9000
067538,晶技群益01購02  ,0,0,0,0,0,0,0,0,0,-9000,0,0,0,0,9000,-9000,-9000
07081P,南電群益9A售01  ,0,0,0,0,0,0,0,0,0,-9000,0,0,0,6000,15000,-9000,-9000
067004,義隆永豐01購01  ,0,0,0,0,0,0,0,0,0,-9000,0,0,0,4000,13000,-9000,-9000
067287,瀚宇博國票02購01,0,0,0,0,0,0,0,0,0,-9000,0,0,0,0,9000,-9000,-9000
07808P,超眾永豐9A售04  ,0,0,0,0,0,0,0,0,0,-9000,0,0,0,0,9000,-9000,-9000
08275P,南亞科元富9C售01,0,0,0,0,0,0,0,0,0,-9000,0,0,0,3000,12000,-9000,-9000
1529,樂士            ,3000,12000,-9000,0,0,0,0,0,0,0,0,0,0,0,0,0,-9000
057782,台積電國票99購07,0,0,0,0,0,0,0,0,0,-9000,0,0,0,1000,10000,-9000,-9000
057923,晶豪科凱基98購02,0,0,0,0,0,0,0,0,0,-9000,0,0,0,36000,45000,-9000,-9000
062314,玉晶光凱基9B購06,0,0,0,0,0,0,0,0,0,-9000,0,0,0,4000,13000,-9000,-9000
062362,致茂元大9B購01  ,0,0,0,0,0,0,0,0,0,-9000,0,0,0,120000,129000,-9000,-9000
062520,晶豪科元大9B購02,0,0,0,0,0,0,0,0,0,-9000,0,0,0,0,9000,-9000,-9000
058484,元金2X國票04購01,0,0,0,0,0,0,0,0,0,-9000,0,0,0,0,9000,-9000,-9000
058527,世紀鋼元大99購01,0,0,0,0,0,0,0,0,0,-9000,0,0,0,247000,256000,-9000,-9000
057699,可成群益9A購02  ,0,0,0,0,0,0,0,0,0,-9000,0,0,0,1000,10000,-9000,-9000
056260,鴻海統一98購07  ,0,0,0,0,0,0,0,0,0,-9000,0,0,0,1000,10000,-9000,-9000
056547,臻鼎凱基99購01  ,0,0,0,0,0,0,0,0,0,-9000,0,0,0,1000,10000,-9000,-9000
056451,可成凱基99購01  ,0,0,0,0,0,0,0,0,0,-9000,0,0,0,0,9000,-9000,-9000
053293,聯發科中信9B購01,0,0,0,0,0,0,0,0,0,-9000,0,0,0,0,9000,-9000,-9000
054917,聯發科凱基98購05,0,0,0,0,0,0,0,0,0,-9000,0,0,0,10000,19000,-9000,-9000
063492,台積電富邦02購02,0,0,0,0,0,0,0,0,0,-9000,0,0,0,1000,10000,-9000,-9000
061650,南電元大9A購07  ,0,0,0,0,0,0,0,0,0,-9000,0,0,0,6000,15000,-9000,-9000
061501,嘉澤國票9A購01  ,0,0,0,0,0,0,0,0,0,-9000,0,0,0,0,9000,-9000,-9000
062035,瑞祺群益9B購01  ,0,0,0,0,0,0,0,0,0,-9000,0,0,0,0,9000,-9000,-9000
060617,華新科元大9A購08,0,0,0,0,0,0,0,0,0,-9000,0,0,0,100000,109000,-9000,-9000
060601,技嘉凱基9A購02  ,0,0,0,0,0,0,0,0,0,-9000,0,0,0,3000,12000,-9000,-9000
062418,台積電統一01購06,0,0,0,0,0,0,0,0,0,-9000,0,0,0,13000,22000,-9000,-9000
060370,滬深2X元富04購01,0,0,0,0,0,0,0,0,0,-9000,0,0,0,45000,54000,-9000,-9000
062763,華擎凱基9C購02  ,0,0,0,0,0,0,0,0,0,-9000,0,0,0,47000,56000,-9000,-9000
062849,中興電永豐9B購02,0,0,0,0,0,0,0,0,0,-9000,0,0,0,15000,24000,-9000,-9000
064841,彩晶統一02購02  ,0,0,0,0,0,0,0,0,0,-9000,0,0,0,64000,73000,-9000,-9000
064727,群創統一02購03  ,0,0,0,0,0,0,0,0,0,-9000,0,0,0,0,9000,-9000,-9000
064744,創意國票01購02  ,0,0,0,0,0,0,0,0,0,-9000,0,0,0,21000,30000,-9000,-9000
064892,台達電群益9C購02,0,0,0,0,0,0,0,0,0,-9000,0,0,0,103000,112000,-9000,-9000
064348,TPK元大9C購03   ,0,0,0,0,0,0,0,0,0,-9000,0,0,0,41000,50000,-9000,-9000
064122,國巨元大9C購17  ,0,0,0,0,0,0,0,0,0,-9000,0,0,0,53000,62000,-9000,-9000
064136,致新元大9C購01  ,0,0,0,0,0,0,0,0,0,-9000,0,0,0,31000,40000,-9000,-9000
064175,華通國泰02購01  ,0,0,0,0,0,0,0,0,0,-9000,0,0,0,18000,27000,-9000,-9000
06376P,上銀統一99售01  ,0,0,0,0,0,0,0,0,0,-9000,0,0,0,11000,20000,-9000,-9000
063947,大毅元大9C購02  ,0,0,0,0,0,0,0,0,0,-9000,0,0,0,55000,64000,-9000,-9000
066143,惠特群益01購01  ,0,0,0,0,0,0,0,0,0,-9000,0,0,0,31000,40000,-9000,-9000
066091,南電永豐01購01  ,0,0,0,0,0,0,0,0,0,-9000,0,0,0,1000,10000,-9000,-9000
065329,億豐凱基9C購02  ,0,0,0,0,0,0,0,0,0,-9000,0,0,0,18000,27000,-9000,-9000
065634,聯發科國票9C購06,0,0,0,0,0,0,0,0,0,-9000,0,0,0,24000,33000,-9000,-9000
065389,聯茂兆豐9C購01  ,0,0,0,0,0,0,0,0,0,-9000,0,0,0,1000,10000,-9000,-9000
065425,國巨凱基01購03  ,0,0,0,0,0,0,0,0,0,-9000,0,0,0,3000,12000,-9000,-9000
065399,新日興群益01購01,0,0,0,0,0,0,0,0,0,-9000,0,0,0,0,9000,-9000,-9000
2433,互盛電          ,7000,16000,-9000,0,0,0,0,0,0,0,0,0,0,0,0,0,-9000
2397,友通            ,10000,19000,-9000,0,0,0,0,0,0,0,0,0,0,0,0,0,-9000
2482,連宇            ,2000,11000,-9000,0,0,0,0,0,0,0,0,0,0,0,0,0,-9000
4916,事欣科          ,9000,18000,-9000,0,0,0,0,0,0,0,0,0,0,0,0,0,-9000
4555,氣立            ,4000,13000,-9000,0,0,0,0,0,0,0,0,0,0,0,0,0,-9000
6164,華興            ,0,9000,-9000,0,0,0,0,0,0,0,0,0,0,0,0,0,-9000
08876P,台積電中信07售03,0,0,0,0,0,0,0,0,0,-10000,0,0,0,0,10000,-10000,-10000
1225,福懋油          ,0,10000,-10000,0,0,0,0,0,0,0,0,0,0,0,0,0,-10000
08886P,台積電富邦04售04,0,0,0,0,0,0,0,0,0,-10000,0,0,0,0,10000,-10000,-10000
08786P,滬深2X元富01售05,0,0,0,0,0,0,0,0,0,-10000,0,0,0,0,10000,-10000,-10000
08630P,臺股指麥證9C售05,0,0,0,50000,60000,-10000,0,0,0,-10000,0,0,0,50000,60000,-10000,-10000
08476P,臺股指凱基9C售14,0,0,0,0,0,0,0,0,0,-10000,0,0,0,0,10000,-10000,-10000
08488P,臺股指群益9C售19,0,0,0,0,0,0,0,0,0,-10000,0,0,0,80000,90000,-10000,-10000
08385P,臺股指群益9C售13,0,0,0,0,0,0,0,0,0,-10000,0,0,0,0,10000,-10000,-10000
08376P,南亞科元富9C售03,0,0,0,0,0,0,0,0,0,-10000,0,0,0,7000,17000,-10000,-10000
08240P,華通中信06售03  ,0,0,0,0,0,0,0,0,0,-10000,0,0,0,0,10000,-10000,-10000
08236P,國巨富邦03售01  ,0,0,0,0,0,0,0,0,0,-10000,0,0,0,0,10000,-10000,-10000
08372P,大立光凱基01售04,0,0,0,0,0,0,0,0,0,-10000,0,0,0,40000,50000,-10000,-10000
08131P,立積元大9B售02  ,0,0,0,0,0,0,0,0,0,-10000,0,0,0,0,10000,-10000,-10000
08148P,長榮航群益9B售03,0,0,0,0,0,0,0,0,0,-10000,0,0,0,0,10000,-10000,-10000
07874P,長榮航群益9B售01,0,0,0,0,0,0,0,0,0,-10000,0,0,0,0,10000,-10000,-10000
07907P,台灣50台新9B售08,0,0,0,0,0,0,0,0,0,-10000,0,0,0,0,10000,-10000,-10000
07707P,玉山金元大9A售03,0,0,0,0,0,0,0,0,0,-10000,0,0,0,0,10000,-10000,-10000
07416P,台積電元大99售53,0,0,0,0,0,0,0,0,0,-10000,0,0,0,0,10000,-10000,-10000
07426P,上証2X國票9B售01,0,0,0,0,0,0,0,0,0,-10000,0,0,0,0,10000,-10000,-10000
07229P,T50正2群益9A售01,0,0,0,0,0,0,0,0,0,-10000,0,0,0,0,10000,-10000,-10000
07245P,台積電凱基99售16,0,0,0,0,0,0,0,0,0,-10000,0,0,0,0,10000,-10000,-10000
07260P,台灣50元大9A售01,0,0,0,0,0,0,0,0,0,-10000,0,0,0,0,10000,-10000,-10000
07446P,台灣50元大9A售06,0,0,0,0,0,0,0,0,0,-10000,0,0,0,0,10000,-10000,-10000
07521P,台積電中信01售05,0,0,0,0,0,0,0,0,0,-10000,0,0,0,10000,20000,-10000,-10000
07603P,台積電統一9B售08,0,0,0,0,0,0,0,0,0,-10000,0,0,0,0,10000,-10000,-10000
067268,日月光永豐01購01,0,0,0,0,0,0,0,0,0,-10000,0,0,0,0,10000,-10000,-10000
067198,滬深2X元大04購01,0,0,0,0,0,0,0,0,0,-10000,0,0,0,0,10000,-10000,-10000
067136,京鼎永豐01購01  ,0,0,0,0,0,0,0,0,0,-10000,0,0,0,0,10000,-10000,-10000
066963,T50反1元富07購03,0,0,0,0,0,0,0,0,0,-10000,0,0,0,0,10000,-10000,-10000
07200P,臺股指元大99售16,0,0,0,0,0,0,0,0,0,-10000,0,0,0,0,10000,-10000,-10000
07202P,台灣50凱基9C售04,0,0,0,0,0,0,0,0,0,-10000,0,0,0,0,10000,-10000,-10000
06885P,國巨國票99售06  ,0,0,0,0,0,0,0,0,0,-10000,0,0,0,0,10000,-10000,-10000
06839P,玉晶光統一9A售05,0,0,0,0,0,0,0,0,0,-10000,0,0,0,0,10000,-10000,-10000
067359,牧德群益01購02  ,0,0,0,0,0,0,0,0,0,-10000,0,0,0,0,10000,-10000,-10000
067341,欣興凱基03購01  ,0,0,0,0,0,0,0,0,0,-10000,0,0,0,0,10000,-10000,-10000
067375,大立光統一03購03,0,0,0,0,0,0,0,0,0,-10000,0,0,0,0,10000,-10000,-10000
067473,旺宏元大02購01  ,0,0,0,0,0,0,0,0,0,-10000,0,0,0,0,10000,-10000,-10000
067438,緯穎凱基01購03  ,0,0,0,0,0,0,0,0,0,-10000,0,0,0,0,10000,-10000,-10000
066824,旺宏群益02購01  ,0,0,0,0,0,0,0,0,0,-10000,0,0,0,0,10000,-10000,-10000
066895,台勝科兆豐01購01,0,0,0,0,0,0,0,0,0,-10000,0,0,0,0,10000,-10000,-10000
066896,緯穎兆豐03購01  ,0,0,0,0,0,0,0,0,0,-10000,0,0,0,0,10000,-10000,-10000
066916,台虹凱基01購01  ,0,0,0,0,0,0,0,0,0,-10000,0,0,0,0,10000,-10000,-10000
066914,樺漢凱基02購01  ,0,0,0,0,0,0,0,0,0,-10000,0,0,0,0,10000,-10000,-10000
066912,盛群凱基01購01  ,0,0,0,0,0,0,0,0,0,-10000,0,0,0,0,10000,-10000,-10000
066713,台灣50元大01購21,0,0,0,0,0,0,0,0,0,-10000,0,0,0,0,10000,-10000,-10000
066772,友達富邦03購01  ,0,0,0,0,0,0,0,0,0,-10000,0,0,0,0,10000,-10000,-10000
066661,友達凱基03購01  ,0,0,0,0,0,0,0,0,0,-10000,0,0,0,0,10000,-10000,-10000
06662P,玉晶光中信9A售01,0,0,0,0,0,0,0,0,0,-10000,0,0,0,0,10000,-10000,-10000
054842,台達電兆豐98購01,0,0,0,0,0,0,0,0,0,-10000,0,0,0,0,10000,-10000,-10000
054785,建準群益98購01  ,0,0,0,0,0,0,0,0,0,-10000,0,0,0,0,10000,-10000,-10000
056739,美律凱基98購04  ,0,0,0,0,0,0,0,0,0,-10000,0,0,0,0,10000,-10000,-10000
054739,義隆凱基98購02  ,0,0,0,0,0,0,0,0,0,-10000,0,0,0,0,10000,-10000,-10000
054755,世紀鋼凱基98購01,0,0,0,0,0,0,0,0,0,-10000,0,0,0,40000,50000,-10000,-10000
056639,國產康和98購01  ,0,0,0,0,0,0,0,0,0,-10000,0,0,0,0,10000,-10000,-10000
056641,華通凱基98購03  ,0,0,0,0,0,0,0,0,0,-10000,0,0,0,0,10000,-10000,-10000
053316,友達群益9A購01  ,0,0,0,0,0,0,0,0,0,-10000,0,0,0,0,10000,-10000,-10000
051369,新光金富邦9A購01,0,0,0,0,0,0,0,0,0,-10000,0,0,0,0,10000,-10000,-10000
052659,上証2X國票99購01,0,0,0,0,0,0,0,0,0,-10000,0,0,0,0,10000,-10000,-10000
03448B,臺股指元大9C熊11,0,0,0,0,0,0,0,0,0,-10000,0,0,0,181000,191000,-10000,-10000
054539,欣興國票98購01  ,0,0,0,0,0,0,0,0,0,-10000,0,0,0,0,10000,-10000,-10000
056363,華新科元大99購04,0,0,0,0,0,0,0,0,0,-10000,0,0,0,0,10000,-10000,-10000
056550,瑞儀凱基99購01  ,0,0,0,0,0,0,0,0,0,-10000,0,0,0,0,10000,-10000,-10000
056322,臺股指群益98購01,0,0,0,0,0,0,0,0,0,-10000,0,0,0,0,10000,-10000,-10000
055782,新日興凱基99購01,0,0,0,0,0,0,0,0,0,-10000,0,0,0,0,10000,-10000,-10000
055029,帆宣國泰99購01  ,0,0,0,0,0,0,0,0,0,-10000,0,0,0,8000,18000,-10000,-10000
055030,帆宣國泰99購02  ,0,0,0,0,0,0,0,0,0,-10000,0,0,0,2000,12000,-10000,-10000
055551,致茂凱基98購01  ,0,0,0,0,0,0,0,0,0,-10000,0,0,0,0,10000,-10000,-10000
057103,禾伸堂中信9A購01,0,0,0,0,0,0,0,0,0,-10000,0,0,0,20000,30000,-10000,-10000
058541,T50反1富邦01購01,0,0,0,0,0,0,0,0,0,-10000,0,0,0,0,10000,-10000,-10000
058570,臻鼎凱基9A購01  ,0,0,0,0,0,0,0,0,0,-10000,0,0,0,0,10000,-10000,-10000
058588,致茂中信9B購01  ,0,0,0,0,0,0,0,0,0,-10000,0,0,0,10000,20000,-10000,-10000
058987,華新科凱基9B購01,0,0,0,0,0,0,0,0,0,-10000,0,0,0,1000,11000,-10000,-10000
058995,台達電元大99購01,0,0,0,0,0,0,0,0,0,-10000,0,0,0,0,10000,-10000,-10000
059062,群創凱基99購05  ,0,0,0,0,0,0,0,0,0,-10000,0,0,0,10000,20000,-10000,-10000
059035,旺宏群益99購06  ,0,0,0,0,0,0,0,0,0,-10000,0,0,0,0,10000,-10000,-10000
058956,健策國票9A購02  ,0,0,0,0,0,0,0,0,0,-10000,0,0,0,0,10000,-10000,-10000
058512,宏達電元大99購04,0,0,0,0,0,0,0,0,0,-10000,0,0,0,0,10000,-10000,-10000
058005,茂林群益98購04  ,0,0,0,0,0,0,0,0,0,-10000,0,0,0,0,10000,-10000,-10000
058022,樺漢凱基99購02  ,0,0,0,0,0,0,0,0,0,-10000,0,0,0,0,10000,-10000,-10000
058358,技嘉凱基9A購01  ,0,0,0,0,0,0,0,0,0,-10000,0,0,0,0,10000,-10000,-10000
058189,嘉澤永豐99購01  ,0,0,0,0,0,0,0,0,0,-10000,0,0,0,0,10000,-10000,-10000
058204,世芯凱基9A購01  ,0,0,0,0,0,0,0,0,0,-10000,0,0,0,0,10000,-10000,-10000
058181,華新科國泰9B購01,0,0,0,0,0,0,0,0,0,-10000,0,0,0,0,10000,-10000,-10000
058118,瑞昱群益99購01  ,0,0,0,0,0,0,0,0,0,-10000,0,0,0,0,10000,-10000,-10000
062511,台光電國票9B購02,0,0,0,0,0,0,0,0,0,-10000,0,0,0,0,10000,-10000,-10000
058817,嘉聯益台新99購01,0,0,0,0,0,0,0,0,0,-10000,0,0,0,0,10000,-10000,-10000
062602,華通麥證9C購01  ,0,0,0,0,10000,-10000,0,0,0,-10000,0,0,0,0,10000,-10000,-10000
062196,聯發科中信01購02,0,0,0,0,0,0,0,0,0,-10000,0,0,0,0,10000,-10000,-10000
062303,台表科中信01購01,0,0,0,0,0,0,0,0,0,-10000,0,0,0,0,10000,-10000,-10000
057955,技嘉元大98購07  ,0,0,0,0,0,0,0,0,0,-10000,0,0,0,0,10000,-10000,-10000
057938,台表科群益98購02,0,0,0,0,0,0,0,0,0,-10000,0,0,0,0,10000,-10000,-10000
057566,欣興富邦99購01  ,0,0,0,0,0,0,0,0,0,-10000,0,0,0,0,10000,-10000,-10000
057482,微星元大98購03  ,0,0,0,0,0,0,0,0,0,-10000,0,0,0,11000,21000,-10000,-10000
057540,緯穎日盛99購01  ,0,0,0,0,0,0,0,0,0,-10000,0,0,0,0,10000,-10000,-10000
057448,致茂元富98購01  ,0,0,0,0,0,0,0,0,0,-10000,0,0,0,0,10000,-10000,-10000
057297,新日興永豐98購01,0,0,0,0,0,0,0,0,0,-10000,0,0,0,0,10000,-10000,-10000
057368,微星元大98購02  ,0,0,0,0,0,0,0,0,0,-10000,0,0,0,10000,20000,-10000,-10000
058707,泰鼎元大99購02  ,0,0,0,0,0,0,0,0,0,-10000,0,0,0,30000,40000,-10000,-10000
057232,京元電凱基98購02,0,0,0,0,0,0,0,0,0,-10000,0,0,0,0,10000,-10000,-10000
057240,茂林凱基9A購01  ,0,0,0,0,0,0,0,0,0,-10000,0,0,0,112000,122000,-10000,-10000
057810,技嘉元大98購06  ,0,0,0,0,0,0,0,0,0,-10000,0,0,0,0,10000,-10000,-10000
058835,元油2X中信9C購02,0,0,0,0,0,0,0,0,0,-10000,0,0,0,0,10000,-10000,-10000
059131,國巨群益99購07  ,0,0,0,0,0,0,0,0,0,-10000,0,0,0,0,10000,-10000,-10000
059194,元金2X永豐99購01,0,0,0,0,0,0,0,0,0,-10000,0,0,0,0,10000,-10000,-10000
059247,可成凱基99購05  ,0,0,0,0,0,0,0,0,0,-10000,0,0,0,1000,11000,-10000,-10000
059253,康控凱基9B購02  ,0,0,0,0,0,0,0,0,0,-10000,0,0,0,0,10000,-10000,-10000
059387,華通凱基9A購03  ,0,0,0,0,0,0,0,0,0,-10000,0,0,0,0,10000,-10000,-10000
062979,茂林元富9B購01  ,0,0,0,0,0,0,0,0,0,-10000,0,0,0,0,10000,-10000,-10000
063089,巨大凱基9C購01  ,0,0,0,0,0,0,0,0,0,-10000,0,0,0,0,10000,-10000,-10000
062905,聯發科元大9B購13,0,0,0,0,0,0,0,0,0,-10000,0,0,0,5000,15000,-10000,-10000
062703,可成元大9C購02  ,0,0,0,0,0,0,0,0,0,-10000,0,0,0,0,10000,-10000,-10000
062696,國巨元大9B購16  ,0,0,0,0,0,0,0,0,0,-10000,0,0,0,0,10000,-10000,-10000
063284,大立光元大9B購07,0,0,0,0,0,0,0,0,0,-10000,0,0,0,0,10000,-10000,-10000
062623,元金2X國票01購01,0,0,0,0,0,0,0,0,0,-10000,0,0,0,0,10000,-10000,-10000
060379,T50反1凱基9A購07,0,0,0,0,0,0,0,0,0,-10000,0,0,0,0,10000,-10000,-10000
060260,京鼎凱基9C購01  ,0,0,0,0,0,0,0,0,0,-10000,0,0,0,0,10000,-10000,-10000
060248,日月光元大9A購01,0,0,0,0,0,0,0,0,0,-10000,0,0,0,0,10000,-10000,-10000
059829,超眾凱基99購05  ,0,0,0,0,0,0,0,0,0,-10000,0,0,0,10000,20000,-10000,-10000
059818,鴻海凱基99購14  ,0,0,0,0,0,0,0,0,0,-10000,0,0,0,0,10000,-10000,-10000
059811,高股息凱基99購02,0,0,0,0,0,0,0,0,0,-10000,0,0,0,10000,20000,-10000,-10000
059900,上証反元大99購03,0,0,0,0,0,0,0,0,0,-10000,0,0,0,0,10000,-10000,-10000
059869,友達凱基99購07  ,0,0,0,0,0,0,0,0,0,-10000,0,0,0,0,10000,-10000,-10000
062413,台光電中信9B購02,0,0,0,0,0,0,0,0,0,-10000,0,0,0,0,10000,-10000,-10000
062467,國巨凱基9B購08  ,0,0,0,0,0,0,0,0,0,-10000,0,0,0,0,10000,-10000,-10000
059629,友達凱基99購06  ,0,0,0,0,0,0,0,0,0,-10000,0,0,0,0,10000,-10000,-10000
059636,宏達電凱基99購05,0,0,0,0,0,0,0,0,0,-10000,0,0,0,0,10000,-10000,-10000
060504,技嘉元大9A購02  ,0,0,0,0,0,0,0,0,0,-10000,0,0,0,0,10000,-10000,-10000
060565,大立光富邦01購01,0,0,0,0,0,0,0,0,0,-10000,0,0,0,0,10000,-10000,-10000
060552,群創凱基9B購05  ,0,0,0,0,0,0,0,0,0,-10000,0,0,0,0,10000,-10000,-10000
062160,南六凱基9B購01  ,0,0,0,0,0,0,0,0,0,-10000,0,0,0,0,10000,-10000,-10000
061960,國巨統一01購05  ,0,0,0,0,0,0,0,0,0,-10000,0,0,0,0,10000,-10000,-10000
061268,玉晶光凱基9B購04,0,0,0,0,0,0,0,0,0,-10000,0,0,0,0,10000,-10000,-10000
059778,上証2X元大9C購03,0,0,0,0,0,0,0,0,0,-10000,0,0,0,5000,15000,-10000,-10000
059781,A50正2元大9C購03,0,0,0,0,0,0,0,0,0,-10000,0,0,0,30000,40000,-10000,-10000
059788,華新科元大9A購05,0,0,0,0,0,0,0,0,0,-10000,0,0,0,13000,23000,-10000,-10000
061395,健策統一9C購02  ,0,0,0,0,0,0,0,0,0,-10000,0,0,0,0,10000,-10000,-10000
063220,建準群益9B購01  ,0,0,0,0,0,0,0,0,0,-10000,0,0,0,98000,108000,-10000,-10000
062041,華擎凱基9C購01  ,0,0,0,0,0,0,0,0,0,-10000,0,0,0,0,10000,-10000,-10000
062075,智邦元大9B購03  ,0,0,0,0,0,0,0,0,0,-10000,0,0,0,0,10000,-10000,-10000
059699,華通凱基99購04  ,0,0,0,0,0,0,0,0,0,-10000,0,0,0,0,10000,-10000,-10000
059705,華新科凱基9A購07,0,0,0,0,0,0,0,0,0,-10000,0,0,0,2000,12000,-10000,-10000
059648,台表科凱基99購03,0,0,0,0,0,0,0,0,0,-10000,0,0,0,0,10000,-10000,-10000
059686,上証2X永豐9A購01,0,0,0,0,0,0,0,0,0,-10000,0,0,0,0,10000,-10000,-10000
059687,卜蜂永豐99購01  ,0,0,0,0,0,0,0,0,0,-10000,0,0,0,0,10000,-10000,-10000
063213,智伸科國票9C購01,0,0,0,0,0,0,0,0,0,-10000,0,0,0,2000,12000,-10000,-10000
063183,國巨凱基9B購12  ,0,0,0,0,0,0,0,0,0,-10000,0,0,0,2000,12000,-10000,-10000
061725,國巨麥證9A購05  ,0,0,0,0,10000,-10000,0,0,0,-10000,0,0,0,0,10000,-10000,-10000
061191,可成永豐9A購02  ,0,0,0,0,0,0,0,0,0,-10000,0,0,0,0,10000,-10000,-10000
061237,晶技元大9A購01  ,0,0,0,0,0,0,0,0,0,-10000,0,0,0,50000,60000,-10000,-10000
059939,技嘉永豐99購01  ,0,0,0,0,0,0,0,0,0,-10000,0,0,0,0,10000,-10000,-10000
060444,滬深2X元大9A購04,0,0,0,0,0,0,0,0,0,-10000,0,0,0,0,10000,-10000,-10000
060731,奇力新群益9A購01,0,0,0,0,0,0,0,0,0,-10000,0,0,0,0,10000,-10000,-10000
060775,世芯凱基9A購02  ,0,0,0,0,0,0,0,0,0,-10000,0,0,0,0,10000,-10000,-10000
060905,台積電元大9A購20,0,0,0,0,0,0,0,0,0,-10000,0,0,0,10000,20000,-10000,-10000
060747,聯鈞國票9A購02  ,0,0,0,0,0,0,0,0,0,-10000,0,0,0,0,10000,-10000,-10000
060741,滬深2X國票9A購05,0,0,0,0,0,0,0,0,0,-10000,0,0,0,0,10000,-10000,-10000
061142,南電統一9A購01  ,0,0,0,0,0,0,0,0,0,-10000,0,0,0,0,10000,-10000,-10000
061012,國巨麥證9A購03  ,0,0,0,0,10000,-10000,0,0,0,-10000,0,0,0,0,10000,-10000,-10000
060995,泰鼎元大9A購03  ,0,0,0,0,0,0,0,0,0,-10000,0,0,0,18000,28000,-10000,-10000
060961,台光電凱基9A購03,0,0,0,0,0,0,0,0,0,-10000,0,0,0,0,10000,-10000,-10000
063510,台表科群益9C購01,0,0,0,0,0,0,0,0,0,-10000,0,0,0,10000,20000,-10000,-10000
063559,力山元大9B購04  ,0,0,0,0,0,0,0,0,0,-10000,0,0,0,3000,13000,-10000,-10000
063463,瑞昱元大9B購05  ,0,0,0,0,0,0,0,0,0,-10000,0,0,0,0,10000,-10000,-10000
063404,金像電國票9B購01,0,0,0,0,0,0,0,0,0,-10000,0,0,0,199000,209000,-10000,-10000
063604,群創凱基01購02  ,0,0,0,0,0,0,0,0,0,-10000,0,0,0,0,10000,-10000,-10000
063324,道瓊反國票9B購03,0,0,0,0,0,0,0,0,0,-10000,0,0,0,0,10000,-10000,-10000
063027,台汽電元大9B購01,0,0,0,0,0,0,0,0,0,-10000,0,0,0,10000,20000,-10000,-10000
063028,巨大元大9B購02  ,0,0,0,0,0,0,0,0,0,-10000,0,0,0,0,10000,-10000,-10000
061872,友達元大9C購06  ,0,0,0,0,0,0,0,0,0,-10000,0,0,0,0,10000,-10000,-10000
061834,華新科凱基02購02,0,0,0,0,0,0,0,0,0,-10000,0,0,0,0,10000,-10000,-10000
061835,華新科凱基02購03,0,0,0,0,0,0,0,0,0,-10000,0,0,0,1000,11000,-10000,-10000
061827,台灣50凱基02購01,0,0,0,0,0,0,0,0,0,-10000,0,0,0,7000,17000,-10000,-10000
061839,華新科凱基05購04,0,0,0,0,0,0,0,0,0,-10000,0,0,0,0,10000,-10000,-10000
065584,華通富邦01購01  ,0,0,0,0,0,0,0,0,0,-10000,0,0,0,0,10000,-10000,-10000
065594,華通元大01購02  ,0,0,0,0,0,0,0,0,0,-10000,0,0,0,0,10000,-10000,-10000
065248,聯發科麥證9C購03,0,0,0,0,10000,-10000,0,0,0,-10000,0,0,0,0,10000,-10000,-10000
065061,聯發科群益9C購08,0,0,0,0,0,0,0,0,0,-10000,0,0,0,0,10000,-10000,-10000
066094,元黃金中信03購01,0,0,0,0,0,0,0,0,0,-10000,0,0,0,0,10000,-10000,-10000
066129,佳世達群益01購01,0,0,0,0,0,0,0,0,0,-10000,0,0,0,0,10000,-10000,-10000
066004,國巨統一01購11  ,0,0,0,0,0,0,0,0,0,-10000,0,0,0,0,10000,-10000,-10000
066191,惠特凱基01購02  ,0,0,0,0,0,0,0,0,0,-10000,0,0,0,0,10000,-10000,-10000
066209,聯鈞統一03購01  ,0,0,0,0,0,0,0,0,0,-10000,0,0,0,0,10000,-10000,-10000
066153,南帝康和01購01  ,0,0,0,0,0,0,0,0,0,-10000,0,0,0,0,10000,-10000,-10000
066274,景碩元大01購02  ,0,0,0,0,0,0,0,0,0,-10000,0,0,0,58000,68000,-10000,-10000
066266,強茂元大01購01  ,0,0,0,0,0,0,0,0,0,-10000,0,0,0,66000,76000,-10000,-10000
065724,國巨凱基9C購11  ,0,0,0,0,0,0,0,0,0,-10000,0,0,0,0,10000,-10000,-10000
065805,京鼎群益01購01  ,0,0,0,0,0,0,0,0,0,-10000,0,0,0,0,10000,-10000,-10000
065806,貿聯群益9C購05  ,0,0,0,0,0,0,0,0,0,-10000,0,0,0,0,10000,-10000,-10000
065875,創意群益9C購05  ,0,0,0,0,0,0,0,0,0,-10000,0,0,0,0,10000,-10000,-10000
065959,T50反1元大01購02,0,0,0,0,0,0,0,0,0,-10000,0,0,0,0,10000,-10000,-10000
063945,京元電元大9C購01,0,0,0,0,0,0,0,0,0,-10000,0,0,0,0,10000,-10000,-10000
063903,國巨麥證01購01  ,0,0,0,10000,20000,-10000,0,0,0,-10000,0,0,0,10000,20000,-10000,-10000
064065,大立光富邦02購02,0,0,0,0,0,0,0,0,0,-10000,0,0,0,0,10000,-10000,-10000
064044,台光電統一01購03,0,0,0,0,0,0,0,0,0,-10000,0,0,0,0,10000,-10000,-10000
063731,台積電元大9B購10,0,0,0,0,0,0,0,0,0,-10000,0,0,0,1000,11000,-10000,-10000
063706,台虹群益9B購01  ,0,0,0,0,0,0,0,0,0,-10000,0,0,0,11000,21000,-10000,-10000
063702,聯發科群益9C購04,0,0,0,0,0,0,0,0,0,-10000,0,0,0,0,10000,-10000,-10000
063870,健策永豐01購01  ,0,0,0,0,0,0,0,0,0,-10000,0,0,0,0,10000,-10000,-10000
064366,群創統一01購01  ,0,0,0,0,0,0,0,0,0,-10000,0,0,0,0,10000,-10000,-10000
065001,中橡國票9C購01  ,0,0,0,0,0,0,0,0,0,-10000,0,0,0,38000,48000,-10000,-10000
064743,聯詠國票01購01  ,0,0,0,0,0,0,0,0,0,-10000,0,0,0,0,10000,-10000,-10000
064756,友達凱基02購02  ,0,0,0,0,0,0,0,0,0,-10000,0,0,0,0,10000,-10000,-10000
06479P,聯發科中信99售02,0,0,0,0,0,0,0,0,0,-10000,0,0,0,0,10000,-10000,-10000
064838,旭富統一01購01  ,0,0,0,0,0,0,0,0,0,-10000,0,0,0,0,10000,-10000,-10000
064855,聯發科國泰02購01,0,0,0,0,0,0,0,0,0,-10000,0,0,0,0,10000,-10000,-10000
06453P,群創元大9B售02  ,0,0,0,0,0,0,0,0,0,-10000,0,0,0,20000,30000,-10000,-10000
064595,超眾統一02購01  ,0,0,0,0,0,0,0,0,0,-10000,0,0,0,10000,20000,-10000,-10000
064571,帆宣群益9C購01  ,0,0,0,0,0,0,0,0,0,-10000,0,0,0,0,10000,-10000,-10000
064591,臻鼎永豐9C購01  ,0,0,0,0,0,0,0,0,0,-10000,0,0,0,0,10000,-10000,-10000
8463,潤泰材          ,26000,36000,-10000,0,0,0,0,0,0,0,0,0,0,0,0,0,-10000
9110,越南控-DR       ,0,10000,-10000,0,0,0,0,0,0,0,0,0,0,0,0,0,-10000
3501,維熹            ,1000,11000,-10000,0,0,0,0,0,0,0,0,0,0,0,0,0,-10000
2739,寒舍            ,0,11000,-11000,0,0,0,0,0,0,1000,1000,0,1000,0,0,0,-10000
2597,潤弘            ,1000,11000,-10000,0,0,0,0,0,0,0,0,0,0,0,0,0,-10000
1603,華電            ,28000,38000,-10000,0,0,0,0,0,0,0,0,0,0,0,0,0,-10000
2302,麗正            ,21000,31000,-10000,0,0,0,0,0,0,0,0,0,0,0,0,0,-10000
066649,華新科麥證01購02,0,0,0,0,11000,-11000,0,0,0,-11000,0,0,0,0,11000,-11000,-11000
066902,台泥凱基01購01  ,0,0,0,0,0,0,0,0,0,-11000,0,0,0,10000,21000,-11000,-11000
066829,奇力新群益01購01,0,0,0,0,0,0,0,0,0,-11000,0,0,0,10000,21000,-11000,-11000
066428,健策元大02購02  ,0,0,0,0,0,0,0,0,0,-11000,0,0,0,7000,18000,-11000,-11000
06965P,台積電台新99售02,0,0,0,0,0,0,0,0,0,-11000,0,0,0,0,11000,-11000,-11000
07166P,台灣50兆豐03售01,0,0,0,0,0,0,0,0,0,-11000,0,0,0,0,11000,-11000,-11000
066981,聯發科群益02購07,0,0,0,0,0,0,0,0,0,-11000,0,0,0,85000,96000,-11000,-11000
067027,日月光兆豐03購01,0,0,0,0,0,0,0,0,0,-11000,0,0,0,0,11000,-11000,-11000
067224,致新元大01購03  ,0,0,0,0,0,0,0,0,0,-11000,0,0,0,114000,125000,-11000,-11000
07423P,大立光元大99售33,0,0,0,0,0,0,0,0,0,-11000,0,0,0,0,11000,-11000,-11000
08595P,南電群益9C售03  ,0,0,0,0,0,0,0,0,0,-11000,0,0,0,145000,156000,-11000,-11000
08582P,臺股指元大9C售30,0,0,0,0,0,0,0,0,0,-11000,0,0,0,40000,51000,-11000,-11000
1537,廣隆            ,11000,22000,-11000,0,0,0,0,0,0,0,0,0,0,0,0,0,-11000
058849,奇力新群益99購02,0,0,0,0,0,0,0,0,0,-11000,0,0,0,0,11000,-11000,-11000
057243,樺漢凱基99購01  ,0,0,0,0,0,0,0,0,0,-11000,0,0,0,0,11000,-11000,-11000
062176,元金2X元大9B購01,0,0,0,0,0,0,0,0,0,-11000,0,0,0,0,11000,-11000,-11000
058013,SP黃豆凱基9A購01,0,0,0,0,0,0,0,0,0,-11000,0,0,0,200000,211000,-11000,-11000
05855P,滬深2X中信9C售01,0,0,0,0,0,0,0,0,0,-11000,0,0,0,0,11000,-11000,-11000
057102,亞光中信9A購01  ,0,0,0,0,0,0,0,0,0,-11000,0,0,0,0,11000,-11000,-11000
056060,宏達電元大99購01,0,0,0,0,0,0,0,0,0,-11000,0,0,0,0,11000,-11000,-11000
053402,A50正2群益9A購02,0,0,0,0,0,0,0,0,0,-11000,0,0,0,0,11000,-11000,-11000
061917,亞德客凱基9B購02,0,0,0,0,0,0,0,0,0,-11000,0,0,0,20000,31000,-11000,-11000
063644,祥碩元大9B購10  ,0,0,0,0,0,0,0,0,0,-11000,0,0,0,4000,15000,-11000,-11000
063498,金像電永豐9B購02,0,0,0,0,0,0,0,0,0,-11000,0,0,0,31000,42000,-11000,-11000
060569,台積電永豐9A購01,0,0,0,0,0,0,0,0,0,-11000,0,0,0,22000,33000,-11000,-11000
059821,美律凱基99購08  ,0,0,0,0,0,0,0,0,0,-11000,0,0,0,0,11000,-11000,-11000
060376,瑞祺元富9A購01  ,0,0,0,0,0,0,0,0,0,-11000,0,0,0,0,11000,-11000,-11000
064561,友達群益9C購02  ,0,0,0,0,0,0,0,0,0,-11000,0,0,0,0,11000,-11000,-11000
064477,南六國泰02購01  ,0,0,0,0,0,0,0,0,0,-11000,0,0,0,39000,50000,-11000,-11000
064414,臺股指凱基9C購10,0,0,0,0,0,0,0,0,0,-11000,0,0,0,29000,40000,-11000,-11000
064394,全新永豐9C購02  ,0,0,0,0,0,0,0,0,0,-11000,0,0,0,0,11000,-11000,-11000
064840,彩晶統一02購01  ,0,0,0,0,0,0,0,0,0,-11000,0,0,0,74000,85000,-11000,-11000
064884,台表科第一9C購01,0,0,0,0,0,0,0,0,0,-11000,0,0,0,10000,21000,-11000,-11000
064955,健策凱基9C購03  ,0,0,0,0,0,0,0,0,0,-11000,0,0,0,22000,33000,-11000,-11000
063932,世芯統一01購01  ,0,0,0,0,0,0,0,0,0,-11000,0,0,0,0,11000,-11000,-11000
066222,生達國泰02購01  ,0,0,0,0,0,0,0,0,0,-11000,0,0,0,40000,51000,-11000,-11000
066024,金像電群益01購04,0,0,0,0,0,0,0,0,0,-11000,0,0,0,96000,107000,-11000,-11000
2488,漢平            ,1000,12000,-11000,0,0,0,0,0,0,0,0,0,0,0,0,0,-11000
2419,仲琦            ,12000,28000,-16000,0,0,0,0,0,0,5000,0,0,0,5000,0,5000,-11000
2465,麗臺            ,1000,12000,-11000,0,0,0,0,0,0,0,0,0,0,0,0,0,-11000
3022,威強電          ,34000,45000,-11000,0,0,0,0,0,0,0,0,0,0,0,0,0,-11000
4576,大銀微系統      ,16000,27000,-11000,0,0,0,0,0,0,0,0,0,0,0,0,0,-11000
1783,和康生          ,108000,119000,-11000,0,0,0,0,248,-248,0,0,0,0,0,0,0,-11248
1323,永裕            ,0,12000,-12000,0,0,0,0,0,0,0,0,0,0,0,0,0,-12000
08382P,國巨群益01售02  ,0,0,0,0,0,0,0,0,0,-12000,0,0,0,4000,16000,-12000,-12000
07760P,力山永豐9A售03  ,0,0,0,0,0,0,0,0,0,-12000,0,0,0,0,12000,-12000,-12000
067213,大立光元大01購11,0,0,0,0,0,0,0,0,0,-12000,0,0,0,0,12000,-12000,-12000
07027P,台積電群益99售04,0,0,0,0,0,0,0,0,0,-12000,0,0,0,1000,13000,-12000,-12000
067450,聯發科國票02購01,0,0,0,0,0,0,0,0,0,-12000,0,0,0,0,12000,-12000,-12000
067483,禾伸堂元大01購02,0,0,0,0,0,0,0,0,0,-12000,0,0,0,0,12000,-12000,-12000
066485,台光電元富01購01,0,0,0,0,0,0,0,0,0,-12000,0,0,0,93000,105000,-12000,-12000
057671,群創元大9B購06  ,0,0,0,0,0,0,0,0,0,-12000,0,0,0,16000,28000,-12000,-12000
057009,信邦中信99購01  ,0,0,0,0,0,0,0,0,0,-12000,0,0,0,155000,167000,-12000,-12000
058055,華擎統一9A購01  ,0,0,0,0,0,0,0,0,0,-12000,0,0,0,0,12000,-12000,-12000
058312,大毅國泰9B購01  ,0,0,0,0,0,0,0,0,0,-12000,0,0,0,18000,30000,-12000,-12000
062592,牧德統一01購01  ,0,0,0,0,0,0,0,0,0,-12000,0,0,0,0,12000,-12000,-12000
062517,滬深2X元大9B購05,0,0,0,0,0,0,0,0,0,-12000,0,0,0,0,12000,-12000,-12000
062501,台積電群益9C購03,0,0,0,0,0,0,0,0,0,-12000,0,0,0,57000,69000,-12000,-12000
062263,康控元大9B購03  ,0,0,0,0,0,0,0,0,0,-12000,0,0,0,51000,63000,-12000,-12000
060315,易華電永豐9A購01,0,0,0,0,0,0,0,0,0,-12000,0,0,0,54000,66000,-12000,-12000
060246,晶相光元大9C購03,0,0,0,0,0,0,0,0,0,-12000,0,0,0,3000,15000,-12000,-12000
063092,聯發科中信9B購03,0,0,0,0,0,0,0,0,0,-12000,0,0,0,0,12000,-12000,-12000
060072,國巨元富99購04  ,0,0,0,0,0,0,0,0,0,-12000,0,0,0,50000,62000,-12000,-12000
062404,新唐永豐9B購01  ,0,0,0,0,0,0,0,0,0,-12000,0,0,0,305000,317000,-12000,-12000
061897,泰碩永豐9B購01  ,0,0,0,0,0,0,0,0,0,-12000,0,0,0,30000,42000,-12000,-12000
063073,瑞昱永豐9B購01  ,0,0,0,0,0,0,0,0,0,-12000,0,0,0,21000,33000,-12000,-12000
063300,華通凱基9B購05  ,0,0,0,0,0,0,0,0,0,-12000,0,0,0,0,12000,-12000,-12000
063315,京元電群益9B購03,0,0,0,0,0,0,0,0,0,-12000,0,0,0,47000,59000,-12000,-12000
063374,嘉澤永豐9B購04  ,0,0,0,0,0,0,0,0,0,-12000,0,0,0,6000,18000,-12000,-12000
060013,S&P正2康和99購01,0,0,0,0,0,0,0,0,0,-12000,0,0,0,8000,20000,-12000,-12000
061178,晶技凱基9B購01  ,0,0,0,0,0,0,0,0,0,-12000,0,0,0,0,12000,-12000,-12000
061503,臻鼎國票9B購01  ,0,0,0,0,0,0,0,0,0,-12000,0,0,0,0,12000,-12000,-12000
061640,智原元大9A購01  ,0,0,0,0,0,0,0,0,0,-12000,0,0,0,23000,35000,-12000,-12000
066038,台積電元大01購07,0,0,0,0,0,0,0,0,0,-12000,0,0,0,0,12000,-12000,-12000
065113,南電國票01購02  ,0,0,0,0,0,0,0,0,0,-12000,0,0,0,26000,38000,-12000,-12000
065151,國巨群益9C購13  ,0,0,0,0,0,0,0,0,0,-12000,0,0,0,0,12000,-12000,-12000
065627,貿聯兆豐9C購02  ,0,0,0,0,0,0,0,0,0,-12000,0,0,0,61000,73000,-12000,-12000
065636,台表科國票01購03,0,0,0,0,0,0,0,0,0,-12000,0,0,0,54000,66000,-12000,-12000
063747,國巨國票9C購06  ,0,0,0,0,0,0,0,0,0,-12000,0,0,0,22000,34000,-12000,-12000
064101,可成群益01購01  ,0,0,0,0,0,0,0,0,0,-12000,0,0,0,0,12000,-12000,-12000
064830,可成統一9C購04  ,0,0,0,0,0,0,0,0,0,-12000,0,0,0,67000,79000,-12000,-12000
064667,大立光元大02購01,0,0,0,0,0,0,0,0,0,-12000,0,0,0,45000,57000,-12000,-12000
2415,錩新            ,19000,31000,-12000,0,0,0,0,0,0,0,0,0,0,0,0,0,-12000
5285,界霖            ,8000,20000,-12000,0,0,0,0,0,0,0,0,0,0,0,0,0,-12000
8473,山林水          ,3000,15000,-12000,0,0,0,0,0,0,0,0,0,0,0,0,0,-12000
1471,首利            ,0,12843,-12843,0,0,0,0,0,0,0,0,0,0,0,0,0,-12843
08790P,聯發科元富01售01,0,0,0,0,0,0,0,0,0,-13000,0,0,0,17000,30000,-13000,-13000
08885P,台積電國泰03售02,0,0,0,0,0,0,0,0,0,-13000,0,0,0,0,13000,-13000,-13000
08436P,TPK群益9C售04   ,0,0,0,0,0,0,0,0,0,-13000,0,0,0,0,13000,-13000,-13000
08688P,台灣50中信04售02,0,0,0,0,0,0,0,0,0,-13000,0,0,0,0,13000,-13000,-13000
07951P,智邦元大9B售05  ,0,0,0,0,0,0,0,0,0,-13000,0,0,0,100000,113000,-13000,-13000
066597,緯穎群益02購01  ,0,0,0,0,0,0,0,0,0,-13000,0,0,0,11000,24000,-13000,-13000
067532,台積電群益01購14,0,0,0,0,0,0,0,0,0,-13000,0,0,0,0,13000,-13000,-13000
067383,樺漢統一03購02  ,0,0,0,0,0,0,0,0,0,-13000,0,0,0,0,13000,-13000,-13000
057199,台達電元富02購01,0,0,0,0,0,0,0,0,0,-13000,0,0,0,0,13000,-13000,-13000
061463,智邦群益9A購02  ,0,0,0,0,0,0,0,0,0,-13000,0,0,0,3000,16000,-13000,-13000
060722,矽格永豐9A購01  ,0,0,0,0,0,0,0,0,0,-13000,0,0,0,16000,29000,-13000,-13000
059943,信邦永豐99購01  ,0,0,0,0,0,0,0,0,0,-13000,0,0,0,21000,34000,-13000,-13000
061586,智邦富邦9A購02  ,0,0,0,0,0,0,0,0,0,-13000,0,0,0,0,13000,-13000,-13000
061557,台積電國票9C購02,0,0,0,0,0,0,0,0,0,-13000,0,0,0,25000,38000,-13000,-13000
063473,茂林元大9B購05  ,0,0,0,0,0,0,0,0,0,-13000,0,0,0,266000,279000,-13000,-13000
059560,T50反1凱基99購08,0,0,0,0,0,0,0,0,0,-13000,0,0,0,0,13000,-13000,-13000
062620,台表科元大9B購04,0,0,0,0,0,0,0,0,0,-13000,0,0,0,13000,26000,-13000,-13000
062826,奇力新群益9C購01,0,0,0,0,0,0,0,0,0,-13000,0,0,0,87000,100000,-13000,-13000
062899,鴻海元大9C購04  ,0,0,0,0,0,0,0,0,0,-13000,0,0,0,7000,20000,-13000,-13000
064569,群創群益9C購01  ,0,0,0,0,0,0,0,0,0,-13000,0,0,0,630000,643000,-13000,-13000
063996,貿聯群益9C購01  ,0,0,0,0,0,0,0,0,0,-13000,0,0,0,19000,32000,-13000,-13000
065674,華擎凱基9C購03  ,0,0,0,0,0,0,0,0,0,-13000,0,0,0,88000,101000,-13000,-13000
9917,中保科          ,45000,61000,-16000,0,0,0,0,0,0,3000,3000,0,3000,0,0,0,-13000
6152,百一            ,2000,15000,-13000,0,0,0,0,0,0,0,0,0,0,0,0,0,-13000
6184,大豐電          ,1000,14000,-13000,0,0,0,0,0,0,0,0,0,0,0,0,0,-13000
3028,增你強          ,0,13000,-13000,0,0,0,0,0,0,0,0,0,0,0,0,0,-13000
067174,嘉澤兆豐01購01  ,0,0,0,0,0,0,0,0,0,-14000,0,0,0,1000,15000,-14000,-14000
067315,京鼎元大01購05  ,0,0,0,0,0,0,0,0,0,-14000,0,0,0,32000,46000,-14000,-14000
066956,華擎元大01購04  ,0,0,0,0,0,0,0,0,0,-14000,0,0,0,241000,255000,-14000,-14000
066658,卜蜂凱基01購01  ,0,0,0,0,0,0,0,0,0,-14000,0,0,0,1000,15000,-14000,-14000
08727P,健策群益01售07  ,0,0,0,0,0,0,0,0,0,-14000,0,0,0,0,14000,-14000,-14000
1203,味王            ,0,14000,-14000,0,0,0,0,0,0,0,0,0,0,0,0,0,-14000
058061,貿聯元富9B購01  ,0,0,0,0,0,0,0,0,0,-14000,0,0,0,70000,84000,-14000,-14000
057690,美律凱基99購03  ,0,0,0,0,0,0,0,0,0,-14000,0,0,0,10000,24000,-14000,-14000
054542,台表科國票98購01,0,0,0,0,0,0,0,0,0,-14000,0,0,0,29000,43000,-14000,-14000
00851,台新全球AI      ,0,0,0,0,0,0,0,0,0,-14000,0,0,0,10000,24000,-14000,-14000
062942,嘉澤凱基9B購02  ,0,0,0,0,0,0,0,0,0,-14000,0,0,0,0,14000,-14000,-14000
060398,立積國票9B購01  ,0,0,0,0,0,0,0,0,0,-14000,0,0,0,0,14000,-14000,-14000
063501,旭富永豐9B購02  ,0,0,0,0,0,0,0,0,0,-14000,0,0,0,6000,20000,-14000,-14000
063362,台表科國泰01購03,0,0,0,0,0,0,0,0,0,-14000,0,0,0,88000,102000,-14000,-14000
060769,國巨麥證9A購02  ,0,0,0,1000,15000,-14000,0,0,0,-14000,0,0,0,2000,16000,-14000,-14000
061121,智邦永豐9A購02  ,0,0,0,0,0,0,0,0,0,-14000,0,0,0,47000,61000,-14000,-14000
061042,致新永豐9A購02  ,0,0,0,0,0,0,0,0,0,-14000,0,0,0,13000,27000,-14000,-14000
065666,旺宏凱基9C購03  ,0,0,0,0,0,0,0,0,0,-14000,0,0,0,86000,100000,-14000,-14000
065074,亞德客元大9C購03,0,0,0,0,0,0,0,0,0,-14000,0,0,0,43000,57000,-14000,-14000
065242,巨大凱基01購02  ,0,0,0,0,0,0,0,0,0,-14000,0,0,0,64000,78000,-14000,-14000
065790,創意永豐9C購02  ,0,0,0,0,0,0,0,0,0,-14000,0,0,0,0,14000,-14000,-14000
064059,新日興麥證01購01,0,0,0,0,14000,-14000,0,0,0,-14000,0,0,0,0,14000,-14000,-14000
064197,智伸科群益9C購01,0,0,0,0,0,0,0,0,0,-14000,0,0,0,5000,19000,-14000,-14000
064367,貿聯統一01購02  ,0,0,0,0,0,0,0,0,0,-14000,0,0,0,82000,96000,-14000,-14000
064759,景碩凱基9C購01  ,0,0,0,0,0,0,0,0,0,-14000,0,0,0,86000,100000,-14000,-14000
3050,鈺德            ,2000,16000,-14000,0,0,0,0,0,0,0,0,0,0,0,0,0,-14000
3229,晟鈦            ,3000,17000,-14000,0,0,0,0,0,0,0,0,0,0,0,0,0,-14000
3305,昇貿            ,0,14000,-14000,0,0,0,0,0,0,0,0,0,0,0,0,0,-14000
2114,鑫永銓          ,2000,16000,-14000,0,0,0,0,0,0,0,0,0,0,0,0,0,-14000
5608,四維航          ,9000,23000,-14000,0,0,0,0,0,0,0,0,0,0,0,0,0,-14000
6442,光聖            ,0,14000,-14000,0,0,0,0,0,0,0,0,0,0,0,0,0,-14000
2412,中華電          ,2739562,1013000,1726562,0,0,0,677000,84000,593000,-2334000,0,2334000,-2334000,0,0,0,-14438
08844P,滬深2X元大03售03,0,0,0,0,0,0,0,0,0,-15000,0,0,0,0,15000,-15000,-15000
1413,宏洲            ,4000,19000,-15000,0,0,0,0,0,0,0,0,0,0,0,0,0,-15000
08706P,台積電統一02售04,0,0,0,0,0,0,0,0,0,-15000,0,0,0,17000,32000,-15000,-15000
08708P,華通台新01售01  ,0,0,0,0,0,0,0,0,0,-15000,0,0,0,322000,337000,-15000,-15000
08193P,同欣電國票9C售02,0,0,0,0,0,0,0,0,0,-15000,0,0,0,0,15000,-15000,-15000
07695P,台郡元大9A售02  ,0,0,0,0,0,0,0,0,0,-15000,0,0,0,0,15000,-15000,-15000
07209P,台積電凱基9A售10,0,0,0,0,0,0,0,0,0,-15000,0,0,0,0,15000,-15000,-15000
066850,鎧勝元大01購03  ,0,0,0,0,0,0,0,0,0,-15000,0,0,0,90000,105000,-15000,-15000
06716P,台積電元大9A售02,0,0,0,0,0,0,0,0,0,-15000,0,0,0,497000,512000,-15000,-15000
06735P,奇力新凱基98售07,0,0,0,0,0,0,0,0,0,-15000,0,0,0,0,15000,-15000,-15000
067444,國巨國票03購01  ,0,0,0,0,0,0,0,0,0,-15000,0,0,0,10000,25000,-15000,-15000
067502,聚陽統一02購04  ,0,0,0,0,0,0,0,0,0,-15000,0,0,0,0,15000,-15000,-15000
07009P,臺股指中信9B售01,0,0,0,0,0,0,0,0,0,-15000,0,0,0,0,15000,-15000,-15000
07082P,美律元大99售06  ,0,0,0,0,0,0,0,0,0,-15000,0,0,0,50000,65000,-15000,-15000
054586,健鼎國泰99購01  ,0,0,0,0,0,0,0,0,0,-15000,0,0,0,0,15000,-15000,-15000
048505,滬深2X群益99購03,0,0,0,0,0,0,0,0,0,-15000,0,0,0,0,15000,-15000,-15000
054634,FB上証中信99購01,0,0,0,0,0,0,0,0,0,-15000,0,0,0,0,15000,-15000,-15000
057683,技嘉日盛98購01  ,0,0,0,0,0,0,0,0,0,-15000,0,0,0,0,15000,-15000,-15000
056980,建準群益98購02  ,0,0,0,0,0,0,0,0,0,-15000,0,0,0,10000,25000,-15000,-15000
055486,國巨元大98購06  ,0,0,0,0,0,0,0,0,0,-15000,0,0,0,0,15000,-15000,-15000
058437,可成統一9B購01  ,0,0,0,0,0,0,0,0,0,-15000,0,0,0,35000,50000,-15000,-15000
058150,中502X統一9B購01,0,0,0,0,0,0,0,0,0,-15000,0,0,0,0,15000,-15000,-15000
058801,致伸元大99購01  ,0,0,0,0,0,0,0,0,0,-15000,0,0,0,0,15000,-15000,-15000
057969,緯穎國泰99購01  ,0,0,0,0,0,0,0,0,0,-15000,0,0,0,9000,24000,-15000,-15000
057971,華新科富邦9B購02,0,0,0,0,0,0,0,0,0,-15000,0,0,0,0,15000,-15000,-15000
059241,旺宏凱基99購07  ,0,0,0,0,0,0,0,0,0,-15000,0,0,0,38000,53000,-15000,-15000
061067,貿聯凱基9A購03  ,0,0,0,0,0,0,0,0,0,-15000,0,0,0,65000,80000,-15000,-15000
060942,智邦國票9A購02  ,0,0,0,0,0,0,0,0,0,-15000,0,0,0,0,15000,-15000,-15000
061477,晶豪科元大9A購01,0,0,0,0,0,0,0,0,0,-15000,0,0,0,0,15000,-15000,-15000
061644,健策元大9C購02  ,0,0,0,0,0,0,0,0,0,-15000,0,0,0,14000,29000,-15000,-15000
061920,台積電凱基9C購02,0,0,0,0,0,0,0,0,0,-15000,0,0,0,125000,140000,-15000,-15000
061852,大立光國票9B購02,0,0,0,0,0,0,0,0,0,-15000,0,0,0,10000,25000,-15000,-15000
059867,華邦電凱基99購02,0,0,0,0,0,0,0,0,0,-15000,0,0,0,10000,25000,-15000,-15000
059905,A50正2元大9C購06,0,0,0,0,0,0,0,0,0,-15000,0,0,0,1000,16000,-15000,-15000
063137,瑞昱統一01購02  ,0,0,0,0,0,0,0,0,0,-15000,0,0,0,0,15000,-15000,-15000
063132,台表科元大9C購02,0,0,0,0,0,0,0,0,0,-15000,0,0,0,32000,47000,-15000,-15000
059611,台積電永豐99購05,0,0,0,0,0,0,0,0,0,-15000,0,0,0,6000,21000,-15000,-15000
063212,聯發科國票9C購02,0,0,0,0,0,0,0,0,0,-15000,0,0,0,0,15000,-15000,-15000
059731,康控元大99購04  ,0,0,0,0,0,0,0,0,0,-15000,0,0,0,0,15000,-15000,-15000
064922,玉晶光統一01購10,0,0,0,0,0,0,0,0,0,-15000,0,0,0,0,15000,-15000,-15000
064496,聯發科元大9C購10,0,0,0,0,0,0,0,0,0,-15000,0,0,0,6000,21000,-15000,-15000
063910,漢唐凱基9C購01  ,0,0,0,0,0,0,0,0,0,-15000,0,0,0,45000,60000,-15000,-15000
063970,大立光國票01購01,0,0,0,0,0,0,0,0,0,-15000,0,0,0,0,15000,-15000,-15000
063722,遠東新元大9B購02,0,0,0,0,0,0,0,0,0,-15000,0,0,0,95000,110000,-15000,-15000
063838,上銀元大9C購01  ,0,0,0,0,0,0,0,0,0,-15000,0,0,0,53000,68000,-15000,-15000
065914,智邦凱基02購03  ,0,0,0,0,0,0,0,0,0,-15000,0,0,0,30000,45000,-15000,-15000
066224,眾達國泰03購01  ,0,0,0,0,0,0,0,0,0,-15000,0,0,0,0,15000,-15000,-15000
065312,日月光國票01購01,0,0,0,0,0,0,0,0,0,-15000,0,0,0,10000,25000,-15000,-15000
065622,鴻海中信06購01  ,0,0,0,0,0,0,0,0,0,-15000,0,0,0,14000,29000,-15000,-15000
065528,FBVIX中信04購01 ,0,0,0,0,0,0,0,0,0,-15000,0,0,0,0,15000,-15000,-15000
065420,中租國票01購01  ,0,0,0,0,0,0,0,0,0,-15000,0,0,0,38000,53000,-15000,-15000
1626,艾美特-KY       ,2000,23000,-21000,0,0,0,0,0,0,6000,6000,0,6000,0,0,0,-15000
3057,喬鼎            ,19000,34000,-15000,0,0,0,0,0,0,0,0,0,0,0,0,0,-15000
5525,順天            ,1000,16000,-15000,0,0,0,0,0,0,0,0,0,0,0,0,0,-15000
8411,福貞-KY         ,0,15000,-15000,0,0,0,0,0,0,0,0,0,0,0,0,0,-15000
6216,居易            ,1000,12000,-11000,0,0,0,0,0,0,-4000,0,4000,-4000,0,0,0,-15000
9937,全國            ,1000,16000,-15000,0,0,0,0,0,0,0,0,0,0,0,0,0,-15000
067486,新日興元大01購03,0,0,0,0,0,0,0,0,0,-16000,0,0,0,0,16000,-16000,-16000
067254,華擎國票02購02  ,0,0,0,0,0,0,0,0,0,-16000,0,0,0,17000,33000,-16000,-16000
067104,聯發科群益01購05,0,0,0,0,0,0,0,0,0,-16000,0,0,0,126000,142000,-16000,-16000
066936,新日興國票02購01,0,0,0,0,0,0,0,0,0,-16000,0,0,0,0,16000,-16000,-16000
07715P,台灣50群益9A售14,0,0,0,0,0,0,0,0,0,-16000,0,0,0,0,16000,-16000,-16000
08140P,祥碩元大9B售07  ,0,0,0,0,0,0,0,0,0,-16000,0,0,0,19000,35000,-16000,-16000
08066P,南亞科凱基9B售04,0,0,0,0,0,0,0,0,0,-16000,0,0,0,0,16000,-16000,-16000
08452P,智邦台新9C售05  ,0,0,0,0,0,0,0,0,0,-16000,0,0,0,64000,80000,-16000,-16000
08529P,臻鼎元大9C售03  ,0,0,0,0,0,0,0,0,0,-16000,0,0,0,54000,70000,-16000,-16000
1419,新紡            ,17000,33000,-16000,0,0,0,0,0,0,0,0,0,0,0,0,0,-16000
1234,黑松            ,1000,17000,-16000,0,0,0,0,0,0,0,0,0,0,0,0,0,-16000
08781P,台灣50元大01售25,0,0,0,0,0,0,0,0,0,-16000,0,0,0,0,16000,-16000,-16000
08770P,上証2X凱基03售04,0,0,0,0,0,0,0,0,0,-16000,0,0,0,70000,86000,-16000,-16000
059165,南亞科凱基99購04,0,0,0,0,0,0,0,0,0,-16000,0,0,0,2000,18000,-16000,-16000
057972,群創富邦9C購01  ,0,0,0,0,0,0,0,0,0,-16000,0,0,0,18000,34000,-16000,-16000
057944,新日興國票99購02,0,0,0,0,0,0,0,0,0,-16000,0,0,0,0,16000,-16000,-16000
062496,矽創中信9B購01  ,0,0,0,0,0,0,0,0,0,-16000,0,0,0,499000,515000,-16000,-16000
058205,神達凱基9B購01  ,0,0,0,0,0,0,0,0,0,-16000,0,0,0,0,16000,-16000,-16000
058510,全新元大9B購02  ,0,0,0,0,0,0,0,0,0,-16000,0,0,0,4000,20000,-16000,-16000
056637,台光電日盛9A購01,0,0,0,0,0,0,0,0,0,-16000,0,0,0,0,16000,-16000,-16000
059673,玉山金元富99購01,0,0,0,0,0,0,0,0,0,-16000,0,0,0,15000,31000,-16000,-16000
062438,台光電元大9B購04,0,0,0,0,0,0,0,0,0,-16000,0,0,0,49000,65000,-16000,-16000
062141,遠東新國票9B購01,0,0,0,0,0,0,0,0,0,-16000,0,0,0,0,16000,-16000,-16000
059872,華新科凱基01購01,0,0,0,0,0,0,0,0,0,-16000,0,0,0,0,16000,-16000,-16000
060399,康友國票9A購02  ,0,0,0,0,0,0,0,0,0,-16000,0,0,0,24000,40000,-16000,-16000
062943,世芯凱基9B購03  ,0,0,0,0,0,0,0,0,0,-16000,0,0,0,4000,20000,-16000,-16000
063248,創意元大9C購01  ,0,0,0,0,0,0,0,0,0,-16000,0,0,0,81000,97000,-16000,-16000
061628,緯穎群益9A購04  ,0,0,0,0,0,0,0,0,0,-16000,0,0,0,0,16000,-16000,-16000
060940,國巨國票9B購03  ,0,0,0,0,0,0,0,0,0,-16000,0,0,0,24000,40000,-16000,-16000
061092,可成統一9C購02  ,0,0,0,0,0,0,0,0,0,-16000,0,0,0,0,16000,-16000,-16000
065543,緯穎元富01購01  ,0,0,0,0,0,0,0,0,0,-16000,0,0,0,14000,30000,-16000,-16000
065820,瑞祺元富03購01  ,0,0,0,0,0,0,0,0,0,-16000,0,0,0,154000,170000,-16000,-16000
064532,聯茂兆豐01購01  ,0,0,0,0,0,0,0,0,0,-16000,0,0,0,26000,42000,-16000,-16000
9927,泰銘            ,3000,19000,-16000,0,0,0,0,0,0,0,0,0,0,0,0,0,-16000
9924,福興            ,2000,18000,-16000,0,0,0,0,0,0,0,0,0,0,0,0,0,-16000
07799P,南電國票9A售04  ,0,0,0,0,0,0,0,0,0,-17000,0,0,0,168000,185000,-17000,-17000
07235P,T50正2元大9C售02,0,0,0,0,0,0,0,0,0,-17000,0,0,0,5000,22000,-17000,-17000
066950,義隆元大01購03  ,0,0,0,0,0,0,0,0,0,-17000,0,0,0,1000,18000,-17000,-17000
066789,聯詠麥證01購01  ,0,0,0,51000,68000,-17000,0,0,0,-17000,0,0,0,51000,68000,-17000,-17000
066764,聯鈞永豐01購01  ,0,0,0,0,0,0,0,0,0,-17000,0,0,0,0,17000,-17000,-17000
066547,台積電元大01購14,0,0,0,0,0,0,0,0,0,-17000,0,0,0,14000,31000,-17000,-17000
06928P,鴻海元大99售10  ,0,0,0,0,0,0,0,0,0,-17000,0,0,0,0,17000,-17000,-17000
051266,國巨富邦99購01  ,0,0,0,0,0,0,0,0,0,-17000,0,0,0,0,17000,-17000,-17000
039212,台達電台新9A購01,0,0,0,0,0,0,0,0,0,-17000,0,0,0,0,17000,-17000,-17000
056848,泰鼎元富98購01  ,0,0,0,0,0,0,0,0,0,-17000,0,0,0,0,17000,-17000,-17000
058433,台積電統一9B購04,0,0,0,0,0,0,0,0,0,-17000,0,0,0,0,17000,-17000,-17000
062272,鴻海群益9B購05  ,0,0,0,0,0,0,0,0,0,-17000,0,0,0,29000,46000,-17000,-17000
059251,大立光凱基9A購04,0,0,0,0,0,0,0,0,0,-17000,0,0,0,0,17000,-17000,-17000
058874,聯鈞國票9A購01  ,0,0,0,0,0,0,0,0,0,-17000,0,0,0,1000,18000,-17000,-17000
061881,緯穎元大9B購02  ,0,0,0,0,0,0,0,0,0,-17000,0,0,0,3000,20000,-17000,-17000
063628,華通元大9B購09  ,0,0,0,0,0,0,0,0,0,-17000,0,0,0,53000,70000,-17000,-17000
063601,金像電凱基01購01,0,0,0,0,0,0,0,0,0,-17000,0,0,0,66000,83000,-17000,-17000
062628,廣達國票9B購01  ,0,0,0,0,0,0,0,0,0,-17000,0,0,0,1000,18000,-17000,-17000
063144,超眾統一9C購02  ,0,0,0,0,0,0,0,0,0,-17000,0,0,0,2000,19000,-17000,-17000
062143,大成鋼國票9B購01,0,0,0,0,0,0,0,0,0,-17000,0,0,0,23000,40000,-17000,-17000
063214,康控國票9C購01  ,0,0,0,0,0,0,0,0,0,-17000,0,0,0,0,17000,-17000,-17000
063221,京元電群益9B購02,0,0,0,0,0,0,0,0,0,-17000,0,0,0,12000,29000,-17000,-17000
065005,台光電國票01購02,0,0,0,0,0,0,0,0,0,-17000,0,0,0,3000,20000,-17000,-17000
063868,嘉晶永豐9C購01  ,0,0,0,0,0,0,0,0,0,-17000,0,0,0,3000,20000,-17000,-17000
063750,和鑫國票9B購01  ,0,0,0,0,0,0,0,0,0,-17000,0,0,0,23000,40000,-17000,-17000
064019,上銀元大9C購05  ,0,0,0,0,0,0,0,0,0,-17000,0,0,0,0,17000,-17000,-17000
065963,鴻海元大01購05  ,0,0,0,0,0,0,0,0,0,-17000,0,0,0,133000,150000,-17000,-17000
1608,華榮            ,79000,101000,-22000,0,0,0,0,0,0,5000,5000,0,5000,0,0,0,-17000
2496,卓越            ,2000,19000,-17000,0,0,0,0,0,0,0,0,0,0,0,0,0,-17000
06925P,致茂群益9A售02  ,0,0,0,0,0,0,0,0,0,-18000,0,0,0,0,18000,-18000,-18000
067384,南六統一01購03  ,0,0,0,0,0,0,0,0,0,-18000,0,0,0,0,18000,-18000,-18000
067114,京鼎群益02購04  ,0,0,0,0,0,0,0,0,0,-18000,0,0,0,0,18000,-18000,-18000
067115,京鼎群益02購05  ,0,0,0,0,0,0,0,0,0,-18000,0,0,0,0,18000,-18000,-18000
066978,國巨群益01購03  ,0,0,0,0,0,0,0,0,0,-18000,0,0,0,0,18000,-18000,-18000
067259,聯茂國票02購01  ,0,0,0,0,0,0,0,0,0,-18000,0,0,0,36000,54000,-18000,-18000
066572,台郡元大01購02  ,0,0,0,0,0,0,0,0,0,-18000,0,0,0,87000,105000,-18000,-18000
066430,台郡元大01購01  ,0,0,0,0,0,0,0,0,0,-18000,0,0,0,89000,107000,-18000,-18000
07856P,力成凱基9A售02  ,0,0,0,0,0,0,0,0,0,-18000,0,0,0,0,18000,-18000,-18000
08203P,同欣電永豐9B售04,0,0,0,0,0,0,0,0,0,-18000,0,0,0,0,18000,-18000,-18000
08320P,智邦統一9C售02  ,0,0,0,0,0,0,0,0,0,-18000,0,0,0,2000,20000,-18000,-18000
1463,強盛            ,16000,34000,-18000,0,0,0,0,0,0,0,0,0,0,0,0,0,-18000
08584P,立積群益9C售02  ,0,0,0,0,0,0,0,0,0,-18000,0,0,0,25000,43000,-18000,-18000
058833,台表科永豐99購01,0,0,0,0,0,0,0,0,0,-18000,0,0,0,0,18000,-18000,-18000
059295,大立光元富99購05,0,0,0,0,0,0,0,0,0,-18000,0,0,0,97000,115000,-18000,-18000
057391,樺漢永豐98購01  ,0,0,0,0,0,0,0,0,0,-18000,0,0,0,0,18000,-18000,-18000
058769,友達兆豐99購01  ,0,0,0,0,0,0,0,0,0,-18000,0,0,0,180000,198000,-18000,-18000
058145,聯茂元大99購03  ,0,0,0,0,0,0,0,0,0,-18000,0,0,0,50000,68000,-18000,-18000
056388,勤誠國泰99購01  ,0,0,0,0,0,0,0,0,0,-18000,0,0,0,15000,33000,-18000,-18000
056197,友訊永豐97購01  ,0,0,0,0,0,0,0,0,0,-18000,0,0,0,2000,20000,-18000,-18000
058521,日月光元大99購01,0,0,0,0,0,0,0,0,0,-18000,0,0,0,50000,68000,-18000,-18000
03452B,臺股指凱基03熊05,0,0,0,0,0,0,0,0,0,-18000,0,0,0,9000,27000,-18000,-18000
048105,滬深2X群益99購02,0,0,0,0,0,0,0,0,0,-18000,0,0,0,10000,28000,-18000,-18000
056651,聯茂凱基98購04  ,0,0,0,0,0,0,0,0,0,-18000,0,0,0,2000,20000,-18000,-18000
063038,富邦金凱基9B購02,0,0,0,0,0,0,0,0,0,-18000,0,0,0,10000,28000,-18000,-18000
061842,牧德凱基9C購01  ,0,0,0,0,0,0,0,0,0,-18000,0,0,0,0,18000,-18000,-18000
061048,國巨中信9A購05  ,0,0,0,0,0,0,0,0,0,-18000,0,0,0,0,18000,-18000,-18000
060767,世紀鋼元大9A購02,0,0,0,0,0,0,0,0,0,-18000,0,0,0,12000,30000,-18000,-18000
061668,信邦中信9B購01  ,0,0,0,0,0,0,0,0,0,-18000,0,0,0,51000,69000,-18000,-18000
065832,貿聯凱基02購03  ,0,0,0,0,0,0,0,0,0,-18000,0,0,0,52000,70000,-18000,-18000
066032,矽格群益01購01  ,0,0,0,0,0,0,0,0,0,-18000,0,0,0,2000,20000,-18000,-18000
065596,鴻海元大9C購16  ,0,0,0,0,0,0,0,0,0,-18000,0,0,0,57000,75000,-18000,-18000
065635,智伸科國票01購02,0,0,0,0,0,0,0,0,0,-18000,0,0,0,13000,31000,-18000,-18000
063972,緯創國票9C購01  ,0,0,0,0,0,0,0,0,0,-18000,0,0,0,5000,23000,-18000,-18000
063929,高鐵統一02購01  ,0,0,0,0,0,0,0,0,0,-18000,0,0,0,0,18000,-18000,-18000
064355,南六元大01購01  ,0,0,0,0,0,0,0,0,0,-18000,0,0,0,50000,68000,-18000,-18000
064353,力成元大9C購02  ,0,0,0,0,0,0,0,0,0,-18000,0,0,0,13000,31000,-18000,-18000
064306,和潤兆豐01購01  ,0,0,0,0,0,0,0,0,0,-18000,0,0,0,145000,163000,-18000,-18000
064407,貿聯凱基02購02  ,0,0,0,0,0,0,0,0,0,-18000,0,0,0,79000,97000,-18000,-18000
2477,美隆電          ,1000,19000,-18000,0,0,0,0,0,0,0,0,0,0,0,0,0,-18000
2459,敦吉            ,0,18000,-18000,0,0,0,0,0,0,0,0,0,0,0,0,0,-18000
4912,聯德控股-KY     ,4000,22000,-18000,0,0,0,0,0,0,0,0,0,0,0,0,0,-18000
3536,誠創            ,0,18000,-18000,0,0,0,0,0,0,0,0,0,0,0,0,0,-18000
3055,蔚華科          ,69000,137000,-68000,0,0,0,0,0,0,50000,50000,0,50000,0,0,0,-18000
6409,旭隼            ,17000,36000,-19000,0,0,0,0,0,0,1000,1000,0,1000,0,0,0,-18000
9933,中鼎            ,182000,162000,20000,0,0,0,0,7342,-7342,-31000,0,0,0,2000,33000,-31000,-18342
08578P,TPK元大9C售04   ,0,0,0,0,0,0,0,0,0,-19000,0,0,0,0,19000,-19000,-19000
066368,聯鈞中信01購01  ,0,0,0,0,0,0,0,0,0,-19000,0,0,0,0,19000,-19000,-19000
067265,巨大國票02購01  ,0,0,0,0,0,0,0,0,0,-19000,0,0,0,0,19000,-19000,-19000
06934P,聯鈞元大98售03  ,0,0,0,0,0,0,0,0,0,-19000,0,0,0,61000,80000,-19000,-19000
00682U,元大美元指數    ,0,0,0,0,0,0,0,0,0,-19000,0,0,0,45000,64000,-19000,-19000
058613,茂林元大99購03  ,0,0,0,0,0,0,0,0,0,-19000,0,0,0,204000,223000,-19000,-19000
056202,國揚永豐97購01  ,0,0,0,0,0,0,0,0,0,-19000,0,0,0,1000,20000,-19000,-19000
062369,創意元大9B購01  ,0,0,0,0,0,0,0,0,0,-19000,0,0,0,7000,26000,-19000,-19000
062398,建準永豐9B購01  ,0,0,0,0,0,0,0,0,0,-19000,0,0,0,63000,82000,-19000,-19000
057883,中環群益98購01  ,0,0,0,0,0,0,0,0,0,-19000,0,0,0,1000,20000,-19000,-19000
059174,訊芯凱基99購01  ,0,0,0,0,0,0,0,0,0,-19000,0,0,0,0,19000,-19000,-19000
057852,國巨國票99購05  ,0,0,0,0,0,0,0,0,0,-19000,0,0,0,48000,67000,-19000,-19000
061611,南六統一01購01  ,0,0,0,0,0,0,0,0,0,-19000,0,0,0,4000,23000,-19000,-19000
061019,大毅國票9A購01  ,0,0,0,0,0,0,0,0,0,-19000,0,0,0,43000,62000,-19000,-19000
061005,可成兆豐9A購01  ,0,0,0,0,0,0,0,0,0,-19000,0,0,0,57000,76000,-19000,-19000
063358,華擎國泰01購01  ,0,0,0,0,0,0,0,0,0,-19000,0,0,0,11000,30000,-19000,-19000
060573,力成永豐9A購01  ,0,0,0,0,0,0,0,0,0,-19000,0,0,0,48000,67000,-19000,-19000
061286,大立光統一9A購05,0,0,0,0,0,0,0,0,0,-19000,0,0,0,0,19000,-19000,-19000
063117,聯茂麥證9B購01  ,0,0,0,10000,29000,-19000,0,0,0,-19000,0,0,0,10000,29000,-19000,-19000
060232,友訊元大9C購01  ,0,0,0,0,0,0,0,0,0,-19000,0,0,0,0,19000,-19000,-19000
063267,台表科中信01購02,0,0,0,0,0,0,0,0,0,-19000,0,0,0,25000,44000,-19000,-19000
064779,義隆群益9C購03  ,0,0,0,0,0,0,0,0,0,-19000,0,0,0,26000,45000,-19000,-19000
064771,貿聯中信01購01  ,0,0,0,0,0,0,0,0,0,-19000,0,0,0,31000,50000,-19000,-19000
064285,貿聯元大9C購02  ,0,0,0,0,0,0,0,0,0,-19000,0,0,0,10000,29000,-19000,-19000
064287,日月光元大9C購01,0,0,0,0,0,0,0,0,0,-19000,0,0,0,1000,20000,-19000,-19000
063871,瀚宇博永豐9C購01,0,0,0,0,0,0,0,0,0,-19000,0,0,0,185000,204000,-19000,-19000
065657,智邦富邦9C購01  ,0,0,0,0,0,0,0,0,0,-19000,0,0,0,6000,25000,-19000,-19000
065436,力成凱基02購01  ,0,0,0,0,0,0,0,0,0,-19000,0,0,0,80000,99000,-19000,-19000
065217,世芯國泰02購01  ,0,0,0,0,0,0,0,0,0,-19000,0,0,0,1000,20000,-19000,-19000
065830,景碩凱基9C購04  ,0,0,0,0,0,0,0,0,0,-19000,0,0,0,3000,22000,-19000,-19000
3416,融程電          ,0,19000,-19000,0,0,0,0,0,0,0,0,0,0,0,0,0,-19000
4438,廣越            ,0,19000,-19000,0,0,0,0,0,0,0,0,0,0,0,0,0,-19000
4930,燦星網          ,1000,20000,-19000,0,0,0,0,0,0,0,0,0,0,0,0,0,-19000
4763,材料-KY         ,32000,31000,1000,0,0,0,0,0,0,-20000,0,20000,-20000,0,0,0,-19000
06904P,TPK凱基98售03   ,0,0,0,0,0,0,0,0,0,-20000,0,0,0,19000,39000,-20000,-20000
07113P,台積電兆豐99售03,0,0,0,0,0,0,0,0,0,-20000,0,0,0,0,20000,-20000,-20000
07125P,台積電元大99售22,0,0,0,0,0,0,0,0,0,-20000,0,0,0,0,20000,-20000,-20000
067472,台積電元大03購01,0,0,0,0,0,0,0,0,0,-20000,0,0,0,0,20000,-20000,-20000
06801P,技嘉群益99售02  ,0,0,0,0,0,0,0,0,0,-20000,0,0,0,0,20000,-20000,-20000
067244,康控群益01購02  ,0,0,0,0,0,0,0,0,0,-20000,0,0,0,1000,21000,-20000,-20000
06714P,台積電元大98售15,0,0,0,0,0,0,0,0,0,-20000,0,0,0,500000,520000,-20000,-20000
066966,國巨元富07購07  ,0,0,0,0,0,0,0,0,0,-20000,0,0,0,0,20000,-20000,-20000
067049,明泰凱基01購01  ,0,0,0,0,0,0,0,0,0,-20000,0,0,0,0,20000,-20000,-20000
067061,亞泥元大01購01  ,0,0,0,0,0,0,0,0,0,-20000,0,0,0,0,20000,-20000,-20000
067079,聯鈞元大02購01  ,0,0,0,0,0,0,0,0,0,-20000,0,0,0,0,20000,-20000,-20000
066364,可成中信03購01  ,0,0,0,0,0,0,0,0,0,-20000,0,0,0,12000,32000,-20000,-20000
066344,拓凱永豐01購01  ,0,0,0,0,0,0,0,0,0,-20000,0,0,0,68000,88000,-20000,-20000
066470,惠特統一02購01  ,0,0,0,0,0,0,0,0,0,-20000,0,0,0,55000,75000,-20000,-20000
066458,大毅統一02購02  ,0,0,0,0,0,0,0,0,0,-20000,0,0,0,20000,40000,-20000,-20000
066521,A50反1中信03購01,0,0,0,0,0,0,0,0,0,-20000,0,0,0,30000,50000,-20000,-20000
066638,聚碩凱基01購01  ,0,0,0,0,0,0,0,0,0,-20000,0,0,0,0,20000,-20000,-20000
066635,敦泰凱基01購01  ,0,0,0,0,0,0,0,0,0,-20000,0,0,0,0,20000,-20000,-20000
066826,聯發科群益02購03,0,0,0,0,0,0,0,0,0,-20000,0,0,0,34000,54000,-20000,-20000
066882,A50正2永豐01購01,0,0,0,0,0,0,0,0,0,-20000,0,0,0,0,20000,-20000,-20000
08581P,臺股指元大9C售29,0,0,0,0,0,0,0,0,0,-20000,0,0,0,10000,30000,-20000,-20000
08575P,長榮航凱基9C售02,0,0,0,0,0,0,0,0,0,-20000,0,0,0,0,20000,-20000,-20000
08318P,台積電台新01售01,0,0,0,0,0,0,0,0,0,-20000,0,0,0,20000,40000,-20000,-20000
08368P,台積電兆豐9C售04,0,0,0,0,0,0,0,0,0,-20000,0,0,0,0,20000,-20000,-20000
08361P,玉晶光永豐9C售04,0,0,0,0,0,0,0,0,0,-20000,0,0,0,0,20000,-20000,-20000
08090P,嘉澤統一9B售01  ,0,0,0,0,0,0,0,0,0,-20000,0,0,0,30000,50000,-20000,-20000
08058P,華新科元大9B售10,0,0,0,0,0,0,0,0,0,-20000,0,0,0,0,20000,-20000,-20000
07833P,大立光群益9B售02,0,0,0,0,0,0,0,0,0,-20000,0,0,0,0,20000,-20000,-20000
07738P,玉晶光永豐9A售06,0,0,0,0,0,0,0,0,0,-20000,0,0,0,0,20000,-20000,-20000
07211P,南亞科凱基99售05,0,0,0,0,0,0,0,0,0,-20000,0,0,0,0,20000,-20000,-20000
07223P,鴻海元大99售29  ,0,0,0,0,0,0,0,0,0,-20000,0,0,0,0,20000,-20000,-20000
07274P,上証2X群益01售01,0,0,0,0,0,0,0,0,0,-20000,0,0,0,5000,25000,-20000,-20000
07314P,T50正2元大9C售03,0,0,0,0,0,0,0,0,0,-20000,0,0,0,0,20000,-20000,-20000
07434P,臺股指國票9A售06,0,0,0,0,0,0,0,0,0,-20000,0,0,0,10000,30000,-20000,-20000
07638P,長榮航國票9A售01,0,0,0,0,0,0,0,0,0,-20000,0,0,0,0,20000,-20000,-20000
057856,聯鈞國票99購03  ,0,0,0,0,0,0,0,0,0,-20000,0,0,0,38000,58000,-20000,-20000
057862,智邦凱基99購01  ,0,0,0,0,0,0,0,0,0,-20000,0,0,0,8000,28000,-20000,-20000
059249,大立光凱基99購05,0,0,0,0,0,0,0,0,0,-20000,0,0,0,0,20000,-20000,-20000
059346,新日興凱基99購03,0,0,0,0,0,0,0,0,0,-20000,0,0,0,0,20000,-20000,-20000
057915,台泥凱基98購01  ,0,0,0,0,0,0,0,0,0,-20000,0,0,0,200000,220000,-20000,-20000
057618,台光電凱基99購01,0,0,0,0,0,0,0,0,0,-20000,0,0,0,50000,70000,-20000,-20000
057335,技嘉國票99購01  ,0,0,0,0,0,0,0,0,0,-20000,0,0,0,0,20000,-20000,-20000
057241,超眾凱基99購02  ,0,0,0,0,0,0,0,0,0,-20000,0,0,0,22000,42000,-20000,-20000
057169,微星元大98購01  ,0,0,0,0,0,0,0,0,0,-20000,0,0,0,0,20000,-20000,-20000
062359,旺宏元大9C購02  ,0,0,0,0,0,0,0,0,0,-20000,0,0,0,0,20000,-20000,-20000
062280,大立光群益9C購01,0,0,0,0,0,0,0,0,0,-20000,0,0,0,0,20000,-20000,-20000
062482,台表科國票9B購01,0,0,0,0,0,0,0,0,0,-20000,0,0,0,0,20000,-20000,-20000
062495,友達中信01購02  ,0,0,0,0,0,0,0,0,0,-20000,0,0,0,0,20000,-20000,-20000
062188,貿聯元大9B購02  ,0,0,0,0,0,0,0,0,0,-20000,0,0,0,7000,27000,-20000,-20000
058203,信邦凱基99購01  ,0,0,0,0,0,0,0,0,0,-20000,0,0,0,0,20000,-20000,-20000
056114,台達電群益97購02,0,0,0,0,0,0,0,0,0,-20000,0,0,0,0,20000,-20000,-20000
056109,彩晶永豐98購01  ,0,0,0,0,0,0,0,0,0,-20000,0,0,0,0,20000,-20000,-20000
055080,正崴中信99購01  ,0,0,0,0,0,0,0,0,0,-20000,0,0,0,0,20000,-20000,-20000
055631,創意永豐98購01  ,0,0,0,0,0,0,0,0,0,-20000,0,0,0,27000,47000,-20000,-20000
056382,道瓊反國泰9A購01,0,0,0,0,0,0,0,0,0,-20000,0,0,0,0,20000,-20000,-20000
055521,S&P反1群益01購01,0,0,0,0,0,0,0,0,0,-20000,0,0,0,0,20000,-20000,-20000
055114,新日興凱基98購01,0,0,0,0,0,0,0,0,0,-20000,0,0,0,0,20000,-20000,-20000
055207,致新中信99購01  ,0,0,0,0,0,0,0,0,0,-20000,0,0,0,0,20000,-20000,-20000
058585,S&P正2中信9B購02,0,0,0,0,0,0,0,0,0,-20000,0,0,0,0,20000,-20000,-20000
058598,T50反1元大99購04,0,0,0,0,0,0,0,0,0,-20000,0,0,0,35000,55000,-20000,-20000
058977,SGBR2X凱基03購01,0,0,0,0,0,0,0,0,0,-20000,0,0,0,0,20000,-20000,-20000
059515,牧德永豐99購01  ,0,0,0,0,0,0,0,0,0,-20000,0,0,0,10000,30000,-20000,-20000
059047,元油2X凱基9A購10,0,0,0,0,0,0,0,0,0,-20000,0,0,0,0,20000,-20000,-20000
059009,世紀鋼元大99購04,0,0,0,0,0,0,0,0,0,-20000,0,0,0,84000,104000,-20000,-20000
05692P,聯發科中信9A售02,0,0,0,0,0,0,0,0,0,-20000,0,0,0,0,20000,-20000,-20000
01001T,土銀富邦R1      ,15000,0,15000,0,0,0,0,0,0,-35000,0,35000,-35000,0,0,0,-20000
054572,國巨元大98購03  ,0,0,0,0,0,0,0,0,0,-20000,0,0,0,0,20000,-20000,-20000
054301,楠梓電凱基98購01,0,0,0,0,0,0,0,0,0,-20000,0,0,0,0,20000,-20000,-20000
056702,欣興國泰9A購01  ,0,0,0,0,0,0,0,0,0,-20000,0,0,0,15000,35000,-20000,-20000
046903,友達凱基99購01  ,0,0,0,0,0,0,0,0,0,-20000,0,0,0,0,20000,-20000,-20000
052475,滬深2X群益99購06,0,0,0,0,0,0,0,0,0,-20000,0,0,0,0,20000,-20000,-20000
053609,華新中信9A購01  ,0,0,0,0,0,0,0,0,0,-20000,0,0,0,0,20000,-20000,-20000
053291,旺宏中信9A購01  ,0,0,0,0,0,0,0,0,0,-20000,0,0,0,0,20000,-20000,-20000
063273,緯穎兆豐9C購01  ,0,0,0,0,0,0,0,0,0,-20000,0,0,0,0,20000,-20000,-20000
062673,台新金中信03購01,0,0,0,0,0,0,0,0,0,-20000,0,0,0,0,20000,-20000,-20000
063014,技嘉元大9B購03  ,0,0,0,0,0,0,0,0,0,-20000,0,0,0,0,20000,-20000,-20000
062900,台積電元大9B購04,0,0,0,0,0,0,0,0,0,-20000,0,0,0,2000,22000,-20000,-20000
060202,康友元富9A購01  ,0,0,0,0,0,0,0,0,0,-20000,0,0,0,0,20000,-20000,-20000
060390,聯鈞群益9A購01  ,0,0,0,0,0,0,0,0,0,-20000,0,0,0,0,20000,-20000,-20000
059901,滬深2X元大9C購07,0,0,0,0,0,0,0,0,0,-20000,0,0,0,11000,31000,-20000,-20000
060055,宏達電凱基99購06,0,0,0,0,0,0,0,0,0,-20000,0,0,0,1000,21000,-20000,-20000
062001,臺股指元大9B購25,0,0,0,0,0,0,0,0,0,-20000,0,0,0,0,20000,-20000,-20000
062421,台積電統一9C購09,0,0,0,0,0,0,0,0,0,-20000,0,0,0,20000,40000,-20000,-20000
063182,國巨凱基9B購10  ,0,0,0,0,0,0,0,0,0,-20000,0,0,0,0,20000,-20000,-20000
063317,大立光群益9B購06,0,0,0,0,0,0,0,0,0,-20000,0,0,0,0,20000,-20000,-20000
061537,SP黃豆群益9A購02,0,0,0,0,0,0,0,0,0,-20000,0,0,0,0,20000,-20000,-20000
063024,祥碩元大9B購05  ,0,0,0,0,0,0,0,0,0,-20000,0,0,0,20000,40000,-20000,-20000
063598,國巨凱基9B購14  ,0,0,0,0,0,0,0,0,0,-20000,0,0,0,2000,22000,-20000,-20000
063636,聯發科元大9B購26,0,0,0,0,0,0,0,0,0,-20000,0,0,0,0,20000,-20000,-20000
063639,華擎元大9C購03  ,0,0,0,0,0,0,0,0,0,-20000,0,0,0,176000,196000,-20000,-20000
063656,台光電元富03購01,0,0,0,0,0,0,0,0,0,-20000,0,0,0,80000,100000,-20000,-20000
063699,國巨群益9B購07  ,0,0,0,0,0,0,0,0,0,-20000,0,0,0,0,20000,-20000,-20000
063521,國巨凱基03購01  ,0,0,0,0,0,0,0,0,0,-20000,0,0,0,7000,27000,-20000,-20000
063406,麗豐國票9C購01  ,0,0,0,0,0,0,0,0,0,-20000,0,0,0,0,20000,-20000,-20000
061145,臻鼎中信9A購02  ,0,0,0,0,0,0,0,0,0,-20000,0,0,0,10000,30000,-20000,-20000
059974,臺指反元大9C購05,0,0,0,0,0,0,0,0,0,-20000,0,0,0,0,20000,-20000,-20000
061599,元金反中信9C購01,0,0,0,0,0,0,0,0,0,-20000,0,0,0,0,20000,-20000,-20000
061631,SP黃豆元大9A購05,0,0,0,0,0,0,0,0,0,-20000,0,0,0,0,20000,-20000,-20000
061808,聯發科統一01購02,0,0,0,0,0,0,0,0,0,-20000,0,0,0,14000,34000,-20000,-20000
060868,致伸永豐9A購01  ,0,0,0,0,0,0,0,0,0,-20000,0,0,0,20000,40000,-20000,-20000
065684,超眾統一03購01  ,0,0,0,0,0,0,0,0,0,-20000,0,0,0,10000,30000,-20000,-20000
065836,T50反1元大9C購11,0,0,0,0,0,0,0,0,0,-20000,0,0,0,0,20000,-20000,-20000
065993,立積永豐01購02  ,0,0,0,0,0,0,0,0,0,-20000,0,0,0,0,20000,-20000,-20000
06625P,華新科統一98售03,0,0,0,0,0,0,0,0,0,-20000,0,0,0,0,20000,-20000,-20000
065334,立積國票01購02  ,0,0,0,0,0,0,0,0,0,-20000,0,0,0,0,20000,-20000,-20000
065676,臻鼎凱基9C購04  ,0,0,0,0,0,0,0,0,0,-20000,0,0,0,20000,40000,-20000,-20000
063851,健策元大01購01  ,0,0,0,0,0,0,0,0,0,-20000,0,0,0,84000,104000,-20000,-20000
063844,台積電元大9C購05,0,0,0,0,0,0,0,0,0,-20000,0,0,0,9000,29000,-20000,-20000
06380P,臺股指統一98售02,0,0,0,0,0,0,0,0,0,-20000,0,0,0,20000,40000,-20000,-20000
063736,大立光元大9B購08,0,0,0,0,0,0,0,0,0,-20000,0,0,0,30000,50000,-20000,-20000
06405P,億光元富97售02  ,0,0,0,0,0,0,0,0,0,-20000,0,0,0,0,20000,-20000,-20000
064040,鴻海統一9C購18  ,0,0,0,0,0,0,0,0,0,-20000,0,0,0,2000,22000,-20000,-20000
064087,華新科凱基9C購03,0,0,0,0,0,0,0,0,0,-20000,0,0,0,1000,21000,-20000,-20000
064144,智邦統一01購02  ,0,0,0,0,0,0,0,0,0,-20000,0,0,0,68000,88000,-20000,-20000
064739,智邦國票01購01  ,0,0,0,0,0,0,0,0,0,-20000,0,0,0,37000,57000,-20000,-20000
064737,中石化國票01購01,0,0,0,0,0,0,0,0,0,-20000,0,0,0,0,20000,-20000,-20000
064436,聯發科凱基03購02,0,0,0,0,0,0,0,0,0,-20000,0,0,0,0,20000,-20000,-20000
064546,燿華凱基02購01  ,0,0,0,0,0,0,0,0,0,-20000,0,0,0,10000,30000,-20000,-20000
5258,虹堡            ,24000,44000,-20000,0,0,0,0,0,0,0,0,0,0,0,0,0,-20000
8101,華冠            ,0,20000,-20000,0,0,0,0,0,0,0,0,0,0,0,0,0,-20000
07414P,台積電元大99售51,0,0,0,0,0,0,0,0,0,-21000,0,0,0,0,21000,-21000,-21000
07876P,台灣50國泰01售01,0,0,0,0,0,0,0,0,0,-21000,0,0,0,0,21000,-21000,-21000
066876,大立光富邦05購01,0,0,0,0,0,0,0,0,0,-21000,0,0,0,12000,33000,-21000,-21000
066835,台郡群益01購02  ,0,0,0,0,0,0,0,0,0,-21000,0,0,0,0,21000,-21000,-21000
066450,松翰群益01購01  ,0,0,0,0,0,0,0,0,0,-21000,0,0,0,13000,34000,-21000,-21000
066379,台達電康和01購01,0,0,0,0,0,0,0,0,0,-21000,0,0,0,47000,68000,-21000,-21000
067318,康控元大01購03  ,0,0,0,0,0,0,0,0,0,-21000,0,0,0,7000,28000,-21000,-21000
057021,台積電凱基9A購02,0,0,0,0,0,0,0,0,0,-21000,0,0,0,1000,22000,-21000,-21000
055312,台虹群益99購01  ,0,0,0,0,0,0,0,0,0,-21000,0,0,0,59000,80000,-21000,-21000
056413,上証反中信9A購01,0,0,0,0,0,0,0,0,0,-21000,0,0,0,0,21000,-21000,-21000
056535,全新凱基99購02  ,0,0,0,0,0,0,0,0,0,-21000,0,0,0,0,21000,-21000,-21000
055899,群創中信99購01  ,0,0,0,0,0,0,0,0,0,-21000,0,0,0,0,21000,-21000,-21000
058428,大立光元富99購02,0,0,0,0,0,0,0,0,0,-21000,0,0,0,12000,33000,-21000,-21000
062509,SP黃豆國票9B購03,0,0,0,0,0,0,0,0,0,-21000,0,0,0,0,21000,-21000,-21000
062336,茂林統一01購02  ,0,0,0,0,0,0,0,0,0,-21000,0,0,0,80000,101000,-21000,-21000
062332,大立光統一9B購11,0,0,0,0,0,0,0,0,0,-21000,0,0,0,589000,610000,-21000,-21000
060707,台郡富邦9A購01  ,0,0,0,0,0,0,0,0,0,-21000,0,0,0,10000,31000,-21000,-21000
063465,友達元大9C購10  ,0,0,0,0,0,0,0,0,0,-21000,0,0,0,57000,78000,-21000,-21000
061593,智原永豐9A購01  ,0,0,0,0,0,0,0,0,0,-21000,0,0,0,29000,50000,-21000,-21000
061849,國巨國票9B購08  ,0,0,0,0,0,0,0,0,0,-21000,0,0,0,13000,34000,-21000,-21000
063087,南六凱基9C購02  ,0,0,0,0,0,0,0,0,0,-21000,0,0,0,0,21000,-21000,-21000
062414,臻鼎中信01購01  ,0,0,0,0,0,0,0,0,0,-21000,0,0,0,0,21000,-21000,-21000
060540,南亞凱基9A購01  ,0,0,0,0,0,0,0,0,0,-21000,0,0,0,5000,26000,-21000,-21000
063106,台表科群益9B購03,0,0,0,0,0,0,0,0,0,-21000,0,0,0,0,21000,-21000,-21000
063143,嘉澤統一9B購02  ,0,0,0,0,0,0,0,0,0,-21000,0,0,0,19000,40000,-21000,-21000
062850,友訊永豐9B購01  ,0,0,0,0,0,0,0,0,0,-21000,0,0,0,71000,92000,-21000,-21000
062644,中環國泰9C購01  ,0,0,0,0,0,0,0,0,0,-21000,0,0,0,65000,86000,-21000,-21000
064432,台積電凱基9C購04,0,0,0,0,0,0,0,0,0,-21000,0,0,0,3000,24000,-21000,-21000
064813,祥碩元大9C購05  ,0,0,0,0,0,0,0,0,0,-21000,0,0,0,30000,51000,-21000,-21000
064871,緯穎永豐9C購03  ,0,0,0,0,0,0,0,0,0,-21000,0,0,0,4000,25000,-21000,-21000
063715,鈺齊凱基9C購01  ,0,0,0,0,0,0,0,0,0,-21000,0,0,0,25000,46000,-21000,-21000
066096,友訊中信05購02  ,0,0,0,0,0,0,0,0,0,-21000,0,0,0,30000,51000,-21000,-21000
4560,強信-KY         ,96000,117000,-21000,0,0,0,0,0,0,0,0,0,0,0,0,0,-21000
3504,揚明光          ,76000,94000,-18000,0,0,0,0,0,0,-3000,0,0,0,0,3000,-3000,-21000
2524,京城            ,154000,175000,-21000,0,0,0,0,0,0,0,0,0,0,0,0,0,-21000
2359,所羅門          ,64000,85000,-21000,0,0,0,0,0,0,0,0,0,0,0,0,0,-21000
067323,美利達元大01購04,0,0,0,0,0,0,0,0,0,-22000,0,0,0,0,22000,-22000,-22000
067330,台達電凱基02購01,0,0,0,0,0,0,0,0,0,-22000,0,0,0,0,22000,-22000,-22000
06744P,嘉聯益永豐98售03,0,0,0,0,0,0,0,0,0,-22000,0,0,0,65000,87000,-22000,-22000
067422,微星凱基02購03  ,0,0,0,0,0,0,0,0,0,-22000,0,0,0,0,22000,-22000,-22000
066472,美利達統一02購01,0,0,0,0,0,0,0,0,0,-22000,0,0,0,18000,40000,-22000,-22000
066798,燿華凱基02購02  ,0,0,0,0,0,0,0,0,0,-22000,0,0,0,13000,35000,-22000,-22000
07333P,台灣50國票9B售03,0,0,0,0,0,0,0,0,0,-22000,0,0,0,0,22000,-22000,-22000
07646P,世芯元大9A售04  ,0,0,0,0,0,0,0,0,0,-22000,0,0,0,237000,259000,-22000,-22000
08711P,鴻海元富07售04  ,0,0,0,0,0,0,0,0,0,-22000,0,0,0,0,22000,-22000,-22000
08664P,金像電凱基01售02,0,0,0,0,0,0,0,0,0,-22000,0,0,0,0,22000,-22000,-22000
08425P,世紀鋼元富9C售03,0,0,0,0,0,0,0,0,0,-22000,0,0,0,143000,165000,-22000,-22000
1472,三洋紡          ,1000,23000,-22000,0,0,0,0,0,0,0,0,0,0,0,0,0,-22000
1503,士電            ,64000,89000,-25000,0,0,0,0,0,0,3000,3000,0,3000,0,0,0,-22000
1437,勤益控          ,0,22000,-22000,0,0,0,0,0,0,0,0,0,0,0,0,0,-22000
058722,台郡元富99購01  ,0,0,0,0,0,0,0,0,0,-22000,0,0,0,10000,32000,-22000,-22000
058351,上銀凱基9A購02  ,0,0,0,0,0,0,0,0,0,-22000,0,0,0,0,22000,-22000,-22000
05793P,臺股指中信99售08,0,0,0,0,0,0,0,0,0,-22000,0,0,0,0,22000,-22000,-22000
055817,京鼎國票99購01  ,0,0,0,0,0,0,0,0,0,-22000,0,0,0,39000,61000,-22000,-22000
056276,同欣電國泰98購01,0,0,0,0,0,0,0,0,0,-22000,0,0,0,121000,143000,-22000,-22000
057700,新日興群益9A購01,0,0,0,0,0,0,0,0,0,-22000,0,0,0,10000,32000,-22000,-22000
006203,元大MSCI台灣    ,0,0,0,0,0,0,0,0,0,-22000,0,0,0,4000,26000,-22000,-22000
062650,南電富邦01購01  ,0,0,0,0,0,0,0,0,0,-22000,0,0,0,101000,123000,-22000,-22000
063279,國巨元大9C購05  ,0,0,0,0,0,0,0,0,0,-22000,0,0,0,0,22000,-22000,-22000
060058,牧德凱基9B購01  ,0,0,0,0,0,0,0,0,0,-22000,0,0,0,0,22000,-22000,-22000
060343,台積電統一9C購02,0,0,0,0,0,0,0,0,0,-22000,0,0,0,1000,23000,-22000,-22000
060236,精元元大9C購01  ,0,0,0,0,0,0,0,0,0,-22000,0,0,0,2000,24000,-22000,-22000
062149,牧德國票9B購01  ,0,0,0,0,0,0,0,0,0,-22000,0,0,0,16000,38000,-22000,-22000
061865,力山元大9B購01  ,0,0,0,0,0,0,0,0,0,-22000,0,0,0,31000,53000,-22000,-22000
063410,南六國票9C購01  ,0,0,0,0,0,0,0,0,0,-22000,0,0,0,10000,32000,-22000,-22000
063525,廣達凱基9B購02  ,0,0,0,0,0,0,0,0,0,-22000,0,0,0,18000,40000,-22000,-22000
063629,台積電元大9B購08,0,0,0,0,0,0,0,0,0,-22000,0,0,0,8000,30000,-22000,-22000
063600,燿華凱基9B購04  ,0,0,0,0,0,0,0,0,0,-22000,0,0,0,8000,30000,-22000,-22000
065929,TPK國票02購01   ,0,0,0,0,0,0,0,0,0,-22000,0,0,0,0,22000,-22000,-22000
065167,華通元大02購01  ,0,0,0,0,0,0,0,0,0,-22000,0,0,0,3000,25000,-22000,-22000
063742,道瓊指國票9C購01,0,0,0,0,0,0,0,0,0,-22000,0,0,0,0,22000,-22000,-22000
063902,志超群益9C購01  ,0,0,0,0,0,0,0,0,0,-22000,0,0,0,91000,113000,-22000,-22000
064305,健鼎兆豐9C購02  ,0,0,0,0,0,0,0,0,0,-22000,0,0,0,13000,35000,-22000,-22000
064267,南六永豐9C購03  ,0,0,0,0,0,0,0,0,0,-22000,0,0,0,0,22000,-22000,-22000
064345,創意元大9C購03  ,0,0,0,0,0,0,0,0,0,-22000,0,0,0,12000,34000,-22000,-22000
064661,鴻海元大01購02  ,0,0,0,0,0,0,0,0,0,-22000,0,0,0,24000,46000,-22000,-22000
1809,中釉            ,6000,31000,-25000,0,0,0,0,0,0,3000,3000,0,3000,0,0,0,-22000
08737P,聯詠凱基01售01  ,0,0,0,0,0,0,0,0,0,-23000,0,0,0,78000,101000,-23000,-23000
07617P,聯發科中信9C售04,0,0,0,0,0,0,0,0,0,-23000,0,0,0,0,23000,-23000,-23000
07317P,T50正2凱基9B售02,0,0,0,0,0,0,0,0,0,-23000,0,0,0,2000,25000,-23000,-23000
08295P,長榮航元大9C售01,0,0,0,0,0,0,0,0,0,-23000,0,0,0,0,23000,-23000,-23000
066462,智伸科統一04購02,0,0,0,0,0,0,0,0,0,-23000,0,0,0,35000,58000,-23000,-23000
067378,欣興統一02購02  ,0,0,0,0,0,0,0,0,0,-23000,0,0,0,0,23000,-23000,-23000
07011P,宏達電凱基99售02,0,0,0,0,0,0,0,0,0,-23000,0,0,0,5000,28000,-23000,-23000
06980P,緯穎永豐99售02  ,0,0,0,0,0,0,0,0,0,-23000,0,0,0,0,23000,-23000,-23000
067282,金像電國票02購02,0,10000,-10000,0,0,0,0,0,0,-13000,0,0,0,20000,33000,-13000,-23000
059534,國泰金凱基99購01,0,0,0,0,0,0,0,0,0,-23000,0,0,0,0,23000,-23000,-23000
057575,世紀鋼永豐98購02,0,0,0,0,0,0,0,0,0,-23000,0,0,0,37000,60000,-23000,-23000
059334,A50正2國票9A購02,0,0,0,0,0,0,0,0,0,-23000,0,0,0,18000,41000,-23000,-23000
059259,FBVIX中信03購06 ,0,0,0,0,0,0,0,0,0,-23000,0,0,0,13000,36000,-23000,-23000
059143,國巨國票9A購04  ,0,0,0,0,0,0,0,0,0,-23000,0,0,0,46000,69000,-23000,-23000
058768,南港兆豐99購01  ,0,0,0,0,0,0,0,0,0,-23000,0,0,0,43000,66000,-23000,-23000
061703,信邦國票9A購01  ,0,0,0,0,0,0,0,0,0,-23000,0,0,0,0,23000,-23000,-23000
060602,京元電凱基9A購01,0,0,0,0,0,0,0,0,0,-23000,0,0,0,0,23000,-23000,-23000
060040,康控國票99購04  ,0,0,0,0,0,0,0,0,0,-23000,0,0,0,7000,30000,-23000,-23000
064537,健鼎國票01購02  ,0,0,0,0,0,0,0,0,0,-23000,0,0,0,143000,166000,-23000,-23000
06477P,緯穎國票99售02  ,0,0,0,0,0,0,0,0,0,-23000,0,0,0,10000,33000,-23000,-23000
063815,玉晶光群益02購01,0,0,0,0,0,0,0,0,0,-23000,0,0,0,0,23000,-23000,-23000
063842,國巨元大9C購10  ,0,0,0,0,0,0,0,0,0,-23000,0,0,0,78000,101000,-23000,-23000
065093,新日興元大9C購03,0,0,0,0,0,0,0,0,0,-23000,0,0,0,0,23000,-23000,-23000
065852,創意元大9C購06  ,0,0,0,0,0,0,0,0,0,-23000,0,0,0,11000,34000,-23000,-23000
066199,金像電統一02購01,0,0,0,0,0,0,0,0,0,-23000,0,0,0,33000,56000,-23000,-23000
5234,達興材料        ,15000,38000,-23000,0,0,0,0,0,0,0,0,0,0,0,0,0,-23000
06879P,長榮航凱基98售02,0,0,0,0,0,0,0,0,0,-24000,0,0,0,6000,30000,-24000,-24000
066463,鎧勝統一02購01  ,0,0,0,0,0,0,0,0,0,-24000,0,0,0,479000,503000,-24000,-24000
066360,致茂中信05購01  ,0,0,0,0,0,0,0,0,0,-24000,0,0,0,165000,189000,-24000,-24000
066837,樺漢群益01購02  ,0,0,0,0,0,0,0,0,0,-24000,0,0,0,0,24000,-24000,-24000
066864,上証2X元富07購02,0,0,0,0,0,0,0,0,0,-24000,0,0,0,0,24000,-24000,-24000
1524,耿鼎            ,2000,26000,-24000,0,0,0,0,0,0,0,0,0,0,0,0,0,-24000
062360,華邦電元大9B購01,0,0,0,0,0,0,0,0,0,-24000,0,0,0,113000,137000,-24000,-24000
062318,台郡凱基9B購01  ,0,0,0,0,0,0,0,0,0,-24000,0,0,0,0,24000,-24000,-24000
055092,開發金群益9B購01,0,0,0,0,0,0,0,0,0,-24000,0,0,0,24000,48000,-24000,-24000
056395,玉晶光永豐9B購01,0,0,0,0,0,0,0,0,0,-24000,0,0,0,110000,134000,-24000,-24000
055320,建準國票98購01  ,0,0,0,0,0,0,0,0,0,-24000,0,0,0,0,24000,-24000,-24000
054928,帆宣凱基98購01  ,0,0,0,0,0,0,0,0,0,-24000,0,0,0,46000,70000,-24000,-24000
060311,盟立永豐9A購01  ,0,0,0,0,0,0,0,0,0,-24000,0,0,0,26000,50000,-24000,-24000
061422,台積電元大9A購30,0,0,0,0,0,0,0,0,0,-24000,0,0,0,62000,86000,-24000,-24000
061364,國巨國票9A購09  ,0,0,0,0,0,0,0,0,0,-24000,0,0,0,24000,48000,-24000,-24000
061564,華擎國票9A購02  ,0,0,0,0,0,0,0,0,0,-24000,0,0,0,0,24000,-24000,-24000
063345,嘉晶統一9C購02  ,0,0,0,0,0,0,0,0,0,-24000,0,0,0,26000,50000,-24000,-24000
065898,神基麥證9C購01  ,0,0,0,62000,86000,-24000,0,0,0,-24000,0,0,0,62000,86000,-24000,-24000
065801,瑞昱群益9C購04  ,0,0,0,0,0,0,0,0,0,-24000,0,0,0,13000,37000,-24000,-24000
064358,台達電統一01購02,0,0,0,0,0,0,0,0,0,-24000,0,0,0,2000,26000,-24000,-24000
064198,超眾群益9C購01  ,0,0,0,0,0,0,0,0,0,-24000,0,0,0,10000,34000,-24000,-24000
2748,雲品            ,2000,26000,-24000,0,0,0,0,0,0,0,0,0,0,0,0,0,-24000
2850,新產            ,0,24000,-24000,0,0,0,0,0,0,0,0,0,0,0,0,0,-24000
2539,櫻花建          ,2000,26000,-24000,0,0,0,0,0,0,0,0,0,0,0,0,0,-24000
6281,全國電          ,1000,25000,-24000,0,0,0,0,0,0,0,0,0,0,0,0,0,-24000
9942,茂順            ,1000,25000,-24000,0,0,0,0,0,0,0,0,0,0,0,0,0,-24000
1465,偉全            ,2000,27000,-25000,0,0,0,0,0,0,0,1000,1000,0,0,0,0,-25000
08869P,緯穎凱基01售02  ,0,0,0,0,0,0,0,0,0,-25000,0,0,0,0,25000,-25000,-25000
08738P,TPK凱基01售02   ,0,0,0,0,0,0,0,0,0,-25000,0,0,0,0,25000,-25000,-25000
08677P,超眾群益01售02  ,0,0,0,0,0,0,0,0,0,-25000,0,0,0,60000,85000,-25000,-25000
08699P,南電元大01售05  ,0,0,0,0,0,0,0,0,0,-25000,0,0,0,5000,30000,-25000,-25000
08586P,台積電第一9C售02,0,0,0,0,0,0,0,0,0,-25000,0,0,0,0,25000,-25000,-25000
08559P,瑞昱國票9C售01  ,0,0,0,0,0,0,0,0,0,-25000,0,0,0,20000,45000,-25000,-25000
08496P,金像電國票01售02,0,0,0,0,0,0,0,0,0,-25000,0,0,0,1000,26000,-25000,-25000
08461P,長榮航國票9C售01,0,0,0,0,0,0,0,0,0,-25000,0,0,0,35000,60000,-25000,-25000
08097P,嘉澤永豐9B售03  ,0,0,0,0,0,0,0,0,0,-25000,0,0,0,0,25000,-25000,-25000
07786P,南電中信9C售01  ,0,0,0,0,0,0,0,0,0,-25000,0,0,0,0,25000,-25000,-25000
07778P,台灣50凱基9C售08,0,0,0,0,0,0,0,0,0,-25000,0,0,0,0,25000,-25000,-25000
066823,國巨群益02購02  ,0,0,0,0,0,0,0,0,0,-25000,0,0,0,5000,30000,-25000,-25000
066673,緯穎凱基02購01  ,0,0,0,0,0,0,0,0,0,-25000,0,0,0,0,25000,-25000,-25000
07198P,臺股指元大99售14,0,0,0,0,0,0,0,0,0,-25000,0,0,0,65000,90000,-25000,-25000
07068P,欣興台新99售01  ,0,0,0,0,0,0,0,0,0,-25000,0,0,0,185000,210000,-25000,-25000
067395,金像電永豐01購04,0,0,0,0,0,0,0,0,0,-25000,0,0,0,5000,30000,-25000,-25000
067118,上緯控群益01購01,0,0,0,0,0,0,0,0,0,-25000,0,0,0,195000,220000,-25000,-25000
06700P,臺股指統一99售05,0,0,0,0,0,0,0,0,0,-25000,0,0,0,15000,40000,-25000,-25000
052203,T50反1中信99購03,0,0,0,0,0,0,0,0,0,-25000,0,0,0,0,25000,-25000,-25000
046384,群創凱基98購02  ,0,0,0,0,0,0,0,0,0,-25000,0,0,0,81000,106000,-25000,-25000
00642U,元大S&P石油     ,5000,0,5000,0,0,0,0,0,0,-30000,0,0,0,77000,107000,-30000,-25000
00733,富邦臺灣中小    ,0,0,0,0,0,0,0,0,0,-25000,0,0,0,202000,227000,-25000,-25000
054158,國巨日盛99購01  ,0,0,0,0,0,0,0,0,0,-25000,0,0,0,0,25000,-25000,-25000
056364,亞光元大99購02  ,0,0,0,0,0,0,0,0,0,-25000,0,0,0,30000,55000,-25000,-25000
059536,新光金凱基99購05,0,0,0,0,0,0,0,0,0,-25000,0,0,0,0,25000,-25000,-25000
058648,聯陽永豐99購01  ,0,0,0,0,0,0,0,0,0,-25000,0,0,0,17000,42000,-25000,-25000
061597,南六永豐9A購04  ,0,0,0,0,0,0,0,0,0,-25000,0,0,0,0,25000,-25000,-25000
063691,聯鈞永豐9B購01  ,0,0,0,0,0,0,0,0,0,-25000,0,0,0,38000,63000,-25000,-25000
061768,晶技元大9B購02  ,0,0,0,0,0,0,0,0,0,-25000,0,0,0,31000,56000,-25000,-25000
061498,大立光國票9A購10,0,0,0,0,0,0,0,0,0,-25000,0,0,0,26000,51000,-25000,-25000
061458,臻鼎凱基9A購02  ,0,0,0,0,0,0,0,0,0,-25000,0,0,0,5000,30000,-25000,-25000
060966,台表科凱基9B購01,0,0,0,0,0,0,0,0,0,-25000,0,0,0,30000,55000,-25000,-25000
061392,泰鼎群益9A購02  ,0,0,0,0,0,0,0,0,0,-25000,0,0,0,0,25000,-25000,-25000
060667,力成凱基9A購01  ,0,0,0,0,0,0,0,0,0,-25000,0,0,0,15000,40000,-25000,-25000
059647,超眾凱基99購04  ,0,0,0,0,0,0,0,0,0,-25000,0,0,0,0,25000,-25000,-25000
062855,嘉澤永豐9B購02  ,0,0,0,0,0,0,0,0,0,-25000,0,0,0,45000,70000,-25000,-25000
063912,信邦凱基01購01  ,0,0,0,0,0,0,0,0,0,-25000,0,0,0,31000,56000,-25000,-25000
064025,友達元大02購01  ,0,0,0,0,0,0,0,0,0,-25000,0,0,0,0,25000,-25000,-25000
064977,玉晶光元大01購03,0,0,0,0,0,0,0,0,0,-25000,0,0,0,0,25000,-25000,-25000
065053,南電凱基02購01  ,0,0,0,0,0,0,0,0,0,-25000,0,0,0,0,25000,-25000,-25000
065239,超眾凱基02購02  ,0,0,0,0,0,0,0,0,0,-25000,0,0,0,75000,100000,-25000,-25000
4994,傳奇            ,9000,32000,-23000,0,0,0,0,0,0,-2000,0,0,0,0,2000,-2000,-25000
4190,佐登-KY         ,15000,45000,-30000,0,0,0,0,0,0,5000,5000,0,5000,0,0,0,-25000
6672,騰輝電子-KY     ,21000,48550,-27550,0,0,0,0,0,0,2000,2000,0,2000,0,0,0,-25550
067015,義隆富邦04購01  ,0,0,0,0,0,0,0,0,0,-26000,0,0,0,3000,29000,-26000,-26000
067392,欣興國泰03購01  ,0,0,0,0,0,0,0,0,0,-26000,0,0,0,172000,198000,-26000,-26000
066648,可成麥證01購01  ,0,0,0,17000,43000,-26000,0,0,0,-26000,0,0,0,17000,43000,-26000,-26000
08549P,大立光元大9C售25,0,0,0,0,0,0,0,0,0,-26000,0,0,0,20000,46000,-26000,-26000
059254,台表科凱基9A購02,0,0,0,0,0,0,0,0,0,-26000,0,0,0,20000,46000,-26000,-26000
057609,友訊元富98購01  ,0,0,0,0,0,0,0,0,0,-26000,0,0,0,11000,37000,-26000,-26000
057637,上銀元大98購07  ,0,0,0,0,0,0,0,0,0,-26000,0,0,0,11000,37000,-26000,-26000
056869,國巨日盛99購03  ,0,0,0,0,0,0,0,0,0,-26000,0,0,0,0,26000,-26000,-26000
054428,禾伸堂富邦98購01,0,0,0,0,0,0,0,0,0,-26000,0,0,0,182000,208000,-26000,-26000
059643,日月光凱基99購02,0,0,0,0,0,0,0,0,0,-26000,0,0,0,5000,31000,-26000,-26000
063166,超眾永豐9B購01  ,0,0,0,0,0,0,0,0,0,-26000,0,0,0,33000,59000,-26000,-26000
061558,旺宏國票9B購02  ,0,0,0,0,0,0,0,0,0,-26000,0,0,0,0,26000,-26000,-26000
065206,旺宏國票01購02  ,0,0,0,0,0,0,0,0,0,-26000,0,0,0,34000,60000,-26000,-26000
066100,鎧勝中信05購01  ,0,0,0,0,0,0,0,0,0,-26000,0,0,0,0,26000,-26000,-26000
064030,泰碩元大01購01  ,0,0,0,0,0,0,0,0,0,-26000,0,0,0,60000,86000,-26000,-26000
6215,和椿            ,24000,50000,-26000,0,0,0,0,0,0,0,0,0,0,0,0,0,-26000
6155,鈞寶            ,20000,46000,-26000,0,0,0,0,0,0,0,0,0,0,0,0,0,-26000
5007,三星            ,1000,27000,-26000,0,0,0,0,0,0,0,0,0,0,0,0,0,-26000
2464,盟立            ,41000,162000,-121000,0,0,0,0,0,0,95000,0,0,0,96000,1000,95000,-26000
2015,豐興            ,19000,45000,-26000,0,0,0,0,0,0,0,0,0,0,0,0,0,-26000
2328,廣宇            ,271000,297000,-26000,0,0,0,0,0,0,0,0,0,0,0,0,0,-26000
3673,TPK-KY          ,235000,293000,-58000,0,0,0,0,3036,-3036,35000,14000,4000,10000,50000,25000,25000,-26036
067018,FB上証中信02購01,0,0,0,0,0,0,0,0,0,-27000,0,0,0,63000,90000,-27000,-27000
067192,矽格凱基01購03  ,0,0,0,0,0,0,0,0,0,-27000,0,0,0,50000,77000,-27000,-27000
055006,晶相光元富9A購01,0,0,0,0,0,0,0,0,0,-27000,0,0,0,3000,30000,-27000,-27000
056712,京鼎永豐98購01  ,0,0,0,0,0,0,0,0,0,-27000,0,0,0,69000,96000,-27000,-27000
056921,京元電兆豐98購01,0,0,0,0,0,0,0,0,0,-27000,0,0,0,13000,40000,-27000,-27000
057743,華擎永豐98購03  ,0,0,0,0,0,0,0,0,0,-27000,0,0,0,10000,37000,-27000,-27000
057853,旺宏國票99購05  ,0,0,0,0,0,0,0,0,0,-27000,0,0,0,0,27000,-27000,-27000
063041,貿聯凱基9B購01  ,0,0,0,0,0,0,0,0,0,-27000,0,0,0,6000,33000,-27000,-27000
061234,國巨元大9A購18  ,0,0,0,0,0,0,0,0,0,-27000,0,0,0,73000,100000,-27000,-27000
062405,泰鼎永豐9B購02  ,0,0,0,0,0,0,0,0,0,-27000,0,0,0,127000,154000,-27000,-27000
062928,富邦金台新9B購02,0,0,0,0,0,0,0,0,0,-27000,0,0,0,61000,88000,-27000,-27000
062630,全新國票9B購02  ,0,0,0,0,0,0,0,0,0,-27000,0,0,0,40000,67000,-27000,-27000
062680,微星統一01購01  ,0,0,0,0,0,0,0,0,0,-27000,0,0,0,118000,145000,-27000,-27000
062663,聯發科群益9B購07,0,0,0,0,0,0,0,0,0,-27000,0,0,0,0,27000,-27000,-27000
060213,牧德康和9A購01  ,0,0,0,0,0,0,0,0,0,-27000,0,0,0,36000,63000,-27000,-27000
064071,台郡永豐9C購01  ,0,0,0,0,0,0,0,0,0,-27000,0,0,0,24000,51000,-27000,-27000
066007,大立光統一02購06,0,0,0,0,0,0,0,0,0,-27000,0,0,0,22000,49000,-27000,-27000
06585P,鴻海元大99售04  ,0,0,0,0,0,0,0,0,0,-27000,0,0,0,0,27000,-27000,-27000
065926,金像電國票02購01,0,0,0,0,0,0,0,0,0,-27000,0,0,0,83000,110000,-27000,-27000
065350,華擎統一01購04  ,0,0,0,0,0,0,0,0,0,-27000,0,0,0,39000,66000,-27000,-27000
2414,精技            ,96000,123000,-27000,0,0,0,0,0,0,0,0,0,0,0,0,0,-27000
2420,新巨            ,5000,32000,-27000,0,0,0,0,0,0,0,0,0,0,0,0,0,-27000
067270,精成科永豐01購01,0,0,0,0,0,0,0,0,0,-28000,0,0,0,134000,162000,-28000,-28000
067308,欣興元大01購03  ,0,0,0,0,0,0,0,0,0,-28000,0,0,0,0,28000,-28000,-28000
067125,健策富邦03購01  ,0,0,0,0,0,0,0,0,0,-28000,0,0,0,0,28000,-28000,-28000
066828,聯發科群益02購05,0,0,0,0,0,0,0,0,0,-28000,0,0,0,0,28000,-28000,-28000
08725P,臺股指元大01售06,0,0,0,0,0,0,0,0,0,-28000,0,0,0,0,28000,-28000,-28000
1109,信大            ,6000,34000,-28000,0,0,0,0,0,0,0,0,0,0,0,0,0,-28000
08054P,臺股指國票9B售19,0,0,0,0,0,0,0,0,0,-28000,0,0,0,26000,54000,-28000,-28000
08222P,南六凱基9B售05  ,0,0,0,0,0,0,0,0,0,-28000,0,0,0,650000,678000,-28000,-28000
08186P,泰碩永豐9B售03  ,0,0,0,0,0,0,0,0,0,-28000,0,0,0,180000,208000,-28000,-28000
059242,南亞科凱基99購06,0,0,0,0,0,0,0,0,0,-28000,0,0,0,82000,110000,-28000,-28000
057919,技嘉凱基98購03  ,0,0,0,0,0,0,0,0,0,-28000,0,0,0,2000,30000,-28000,-28000
057248,台積電統一98購08,0,0,0,0,0,0,0,0,0,-28000,0,0,0,25000,53000,-28000,-28000
058750,緯穎凱基9A購03  ,0,0,0,0,0,0,0,0,0,-28000,0,0,0,1000,29000,-28000,-28000
058009,智易國票99購01  ,0,0,0,0,0,0,0,0,0,-28000,0,0,0,10000,38000,-28000,-28000
058190,貿聯永豐99購01  ,0,0,0,0,0,0,0,0,0,-28000,0,0,0,68000,96000,-28000,-28000
052847,漢唐統一99購01  ,0,0,0,0,0,0,0,0,0,-28000,0,0,0,149000,177000,-28000,-28000
060289,京元電元大9A購01,0,0,0,0,0,0,0,0,0,-28000,0,0,0,0,28000,-28000,-28000
062787,超眾元大9C購02  ,0,0,0,0,0,0,0,0,0,-28000,0,0,0,43000,71000,-28000,-28000
062142,喬山國票9B購01  ,0,0,0,0,0,0,0,0,0,-28000,0,0,0,0,28000,-28000,-28000
063177,友達兆豐9B購01  ,0,0,0,0,0,0,0,0,0,-28000,0,0,0,0,28000,-28000,-28000
060896,晶技凱基9A購02  ,0,0,0,0,0,0,0,0,0,-28000,0,0,0,2000,30000,-28000,-28000
063677,台光電國泰9C購02,0,0,0,0,0,0,0,0,0,-28000,0,0,0,0,28000,-28000,-28000
063632,金像電元大9B購04,0,0,0,0,0,0,0,0,0,-28000,0,0,0,160000,188000,-28000,-28000
065209,國泰金國票01購01,0,0,0,0,0,0,0,0,0,-28000,0,0,0,0,28000,-28000,-28000
065059,神隆群益9C購01  ,0,0,0,0,0,0,0,0,0,-28000,0,0,0,10000,38000,-28000,-28000
065603,聯發科元大9C購16,0,0,0,0,0,0,0,0,0,-28000,0,0,0,2000,30000,-28000,-28000
065392,華通群益01購02  ,0,0,0,0,0,0,0,0,0,-28000,0,0,0,22000,50000,-28000,-28000
065523,茂林群益9C購03  ,0,0,0,0,0,0,0,0,0,-28000,0,0,0,340000,368000,-28000,-28000
065520,台勝科群益9C購03,0,0,0,0,0,0,0,0,0,-28000,0,0,0,0,28000,-28000,-28000
065474,旺宏元大9C購06  ,0,0,0,0,0,0,0,0,0,-28000,0,0,0,217000,245000,-28000,-28000
065939,創意群益01購01  ,0,0,0,0,0,0,0,0,0,-28000,0,0,0,86000,114000,-28000,-28000
066280,眾達元大01購01  ,0,0,0,0,0,0,0,0,0,-28000,0,0,0,187000,215000,-28000,-28000
064077,台積電中信06購03,0,0,0,0,0,0,0,0,0,-28000,0,0,0,13000,41000,-28000,-28000
064113,新日興國票01購01,0,0,0,0,0,0,0,0,0,-28000,0,0,0,0,28000,-28000,-28000
064288,瀚宇博元大9C購02,0,0,0,0,0,0,0,0,0,-28000,0,0,0,42000,70000,-28000,-28000
064028,大毅元大01購01  ,0,0,0,0,0,0,0,0,0,-28000,0,0,0,0,28000,-28000,-28000
064520,京鼎群益02購01  ,0,0,0,0,0,0,0,0,0,-28000,0,0,0,41000,69000,-28000,-28000
064668,大立光元大9C購21,0,0,0,0,0,0,0,0,0,-28000,0,0,0,72000,100000,-28000,-28000
064677,金像電兆豐9C購01,0,0,0,0,0,0,0,0,0,-28000,0,0,0,28000,56000,-28000,-28000
064705,新光金富邦01購01,0,0,0,0,0,0,0,0,0,-28000,0,0,0,122000,150000,-28000,-28000
2444,兆勁            ,1000,29000,-28000,0,0,0,0,0,0,0,0,0,0,0,0,0,-28000
2351,順德            ,67000,78000,-11000,0,0,0,0,0,0,-17000,1000,0,1000,0,18000,-18000,-28000
2010,春源            ,4000,32000,-28000,0,0,0,0,0,0,0,0,0,0,0,0,0,-28000
6224,聚鼎            ,75000,104050,-29050,0,0,0,0,0,0,1000,1000,0,1000,0,0,0,-28050
1452,宏益            ,0,29000,-29000,0,0,0,0,0,0,0,0,0,0,0,0,0,-29000
066575,緯穎元大01購03  ,0,0,0,0,0,0,0,0,0,-29000,0,0,0,0,29000,-29000,-29000
067033,新日興康和01購01,0,0,0,0,0,0,0,0,0,-29000,0,0,0,3000,32000,-29000,-29000
06746P,聯發科群益99售02,0,0,0,0,0,0,0,0,0,-29000,0,0,0,11000,40000,-29000,-29000
06851P,鈺齊元大98售01  ,0,0,0,0,0,0,0,0,0,-29000,0,0,0,65000,94000,-29000,-29000
048414,滬深2X統一98購01,0,0,0,0,0,0,0,0,0,-29000,0,0,0,0,29000,-29000,-29000
056668,光磊國票99購01  ,0,0,0,0,0,0,0,0,0,-29000,0,0,0,1000,30000,-29000,-29000
046383,群創凱基98購01  ,0,0,0,0,0,0,0,0,0,-29000,0,0,0,38000,67000,-29000,-29000
057553,景碩凱基98購03  ,0,0,0,0,0,0,0,0,0,-29000,0,0,0,31000,60000,-29000,-29000
057494,玉晶光元大99購09,0,0,0,0,0,0,0,0,0,-29000,0,0,0,4000,33000,-29000,-29000
063053,聯發科統一01購04,0,0,0,0,0,0,0,0,0,-29000,0,0,0,12000,41000,-29000,-29000
063339,智邦統一01購01  ,0,0,0,0,0,0,0,0,0,-29000,0,0,0,1000,30000,-29000,-29000
060865,創意永豐9A購01  ,0,0,0,0,0,0,0,0,0,-29000,0,0,0,92000,121000,-29000,-29000
062046,矽格凱基9B購01  ,0,0,0,0,0,0,0,0,0,-29000,0,0,0,120000,149000,-29000,-29000
060468,聯鈞元大9A購02  ,0,0,0,0,0,0,0,0,0,-29000,0,0,0,11000,40000,-29000,-29000
064482,微星永豐9C購01  ,0,0,0,0,0,0,0,0,0,-29000,0,0,0,10000,39000,-29000,-29000
064911,光寶科統一02購01,0,0,0,0,0,0,0,0,0,-29000,0,0,0,1000,30000,-29000,-29000
063998,聯發科兆豐9C購02,0,0,0,0,0,0,0,0,0,-29000,0,0,0,0,29000,-29000,-29000
064286,TPK元大9C購02   ,0,0,0,0,0,0,0,0,0,-29000,0,0,0,122000,151000,-29000,-29000
064070,祥碩永豐9C購01  ,0,0,0,0,0,0,0,0,0,-29000,0,0,0,10000,39000,-29000,-29000
064086,旺宏凱基9C購01  ,0,0,0,0,0,0,0,0,0,-29000,0,0,0,129000,158000,-29000,-29000
066176,華擎凱基01購01  ,0,0,0,0,0,0,0,0,0,-29000,0,0,0,52000,81000,-29000,-29000
066039,台積電元大01購08,0,0,0,0,0,0,0,0,0,-29000,0,0,0,147000,176000,-29000,-29000
066139,拓凱群益01購01  ,0,0,0,0,0,0,0,0,0,-29000,0,0,0,68000,97000,-29000,-29000
6192,巨路            ,14000,43000,-29000,0,0,0,0,0,0,0,0,0,0,0,0,0,-29000
3645,達邁            ,71000,100000,-29000,0,0,0,0,0,0,0,0,0,0,0,0,0,-29000
3008,大立光          ,69777,96000,-26223,0,0,0,0,4500,-4500,1000,0,2000,-2000,3000,0,3000,-29723
6541,泰福-KY         ,45000,74750,-29750,0,0,0,0,0,0,0,0,0,0,0,0,0,-29750
067487,京鼎元大01購06  ,0,0,0,0,0,0,0,0,0,-30000,0,0,0,0,30000,-30000,-30000
067477,億光元大01購01  ,0,0,0,0,0,0,0,0,0,-30000,0,0,0,25000,55000,-30000,-30000
07188P,臺股指台新99售11,0,0,0,0,0,0,0,0,0,-30000,0,0,0,0,30000,-30000,-30000
06874P,台積電台新98售02,0,0,0,0,0,0,0,0,0,-30000,0,0,0,0,30000,-30000,-30000
06991P,矽創群益99售01  ,0,0,0,0,0,0,0,0,0,-30000,0,0,0,30000,60000,-30000,-30000
06696P,台灣50國票99售01,0,0,0,0,0,0,0,0,0,-30000,0,0,0,0,30000,-30000,-30000
067296,A50正2元大01購03,0,0,0,0,0,0,0,0,0,-30000,0,0,0,0,30000,-30000,-30000
067245,康控群益01購03  ,0,0,0,0,0,0,0,0,0,-30000,0,0,0,2000,32000,-30000,-30000
066417,台積電元大01購13,0,0,0,0,0,0,0,0,0,-30000,0,0,0,0,30000,-30000,-30000
066853,樺漢元大01購01  ,0,0,0,0,0,0,0,0,0,-30000,0,0,0,70000,100000,-30000,-30000
066717,上証2X元大01購01,0,0,0,0,0,0,0,0,0,-30000,0,0,0,0,30000,-30000,-30000
08850P,台光電群益01售03,0,0,0,0,0,0,0,0,0,-30000,0,0,0,0,30000,-30000,-30000
08840P,臺股指麥證01售07,0,0,0,0,30000,-30000,0,0,0,-30000,0,0,0,0,30000,-30000,-30000
08834P,聯發科統一01售11,0,0,0,0,0,0,0,0,0,-30000,0,0,0,0,30000,-30000,-30000
08802P,聯發科元大01售14,0,0,0,0,0,0,0,0,0,-30000,0,0,0,30000,60000,-30000,-30000
08587P,聯發科中信01售05,0,0,0,0,0,0,0,0,0,-30000,0,0,0,0,30000,-30000,-30000
08635P,大成鋼國票01售01,0,0,0,0,0,0,0,0,0,-30000,0,0,0,0,30000,-30000,-30000
08550P,台灣50群益02售04,0,0,0,0,0,0,0,0,0,-30000,0,0,0,0,30000,-30000,-30000
08514P,華新科凱基9C售05,0,0,0,0,0,0,0,0,0,-30000,0,0,0,30000,60000,-30000,-30000
08224P,臺股指凱基9B售19,0,0,0,0,0,0,0,0,0,-30000,0,0,0,100000,130000,-30000,-30000
08325P,臺股指凱基9C售08,0,0,0,0,0,0,0,0,0,-30000,0,0,0,7000,37000,-30000,-30000
07303P,臺股指元大9A售36,0,0,0,0,0,0,0,0,0,-30000,0,0,0,150000,180000,-30000,-30000
07304P,臺股指元大9A售37,0,0,0,0,0,0,0,0,0,-30000,0,0,0,0,30000,-30000,-30000
07241P,台灣50國票9A售05,0,0,0,0,0,0,0,0,0,-30000,0,0,0,0,30000,-30000,-30000
07248P,可成凱基99售06  ,0,0,0,0,0,0,0,0,0,-30000,0,0,0,0,30000,-30000,-30000
07568P,鴻海凱基9A售22  ,0,0,0,0,0,0,0,0,0,-30000,0,0,0,0,30000,-30000,-30000
057481,技嘉元大98購04  ,0,0,0,0,0,0,0,0,0,-30000,0,0,0,0,30000,-30000,-30000
057542,上銀凱基99購01  ,0,0,0,0,0,0,0,0,0,-30000,0,0,0,13000,43000,-30000,-30000
057535,泰鼎元大99購01  ,0,0,0,0,0,0,0,0,0,-30000,0,0,0,0,30000,-30000,-30000
057611,技嘉元富98購02  ,0,0,0,0,0,0,0,0,0,-30000,0,0,0,0,30000,-30000,-30000
057928,鈺齊凱基98購02  ,0,0,0,0,0,0,0,0,0,-30000,0,0,0,0,30000,-30000,-30000
057296,智原永豐98購01  ,0,0,0,0,0,0,0,0,0,-30000,0,0,0,13000,43000,-30000,-30000
059344,長榮航凱基99購01,0,0,0,0,0,0,0,0,0,-30000,0,0,0,0,30000,-30000,-30000
057763,康控凱基99購02  ,0,0,0,0,0,0,0,0,0,-30000,0,0,0,70000,100000,-30000,-30000
058314,欣興富邦9B購01  ,0,0,0,0,0,0,0,0,0,-30000,0,0,0,0,30000,-30000,-30000
058297,茂林凱基9A購02  ,0,0,0,0,0,0,0,0,0,-30000,0,0,0,50000,80000,-30000,-30000
058077,超眾凱基98購02  ,0,0,0,0,0,0,0,0,0,-30000,0,0,0,29000,59000,-30000,-30000
062309,燿華凱基9B購01  ,0,0,0,0,0,0,0,0,0,-30000,0,0,0,0,30000,-30000,-30000
062266,世紀鋼元大9B購02,0,0,0,0,0,0,0,0,0,-30000,0,0,0,38000,68000,-30000,-30000
062596,緯穎統一01購02  ,0,0,0,0,0,0,0,0,0,-30000,0,0,0,0,30000,-30000,-30000
062553,台積電凱基9B購07,0,0,0,0,0,0,0,0,0,-30000,0,0,0,24000,54000,-30000,-30000
03033X,元展30          ,0,0,0,0,0,0,0,0,0,-30000,0,0,0,2000,32000,-30000,-30000
054406,旺宏國票98購01  ,0,0,0,0,0,0,0,0,0,-30000,0,0,0,0,30000,-30000,-30000
056676,國產元富98購01  ,0,0,0,0,0,0,0,0,0,-30000,0,0,0,0,30000,-30000,-30000
054733,鴻海凱基98購04  ,0,0,0,0,0,0,0,0,0,-30000,0,0,0,0,30000,-30000,-30000
056217,A50正2中信99購02,0,0,0,0,0,0,0,0,0,-30000,0,0,0,0,30000,-30000,-30000
063188,TPK凱基9B購01   ,0,0,0,0,0,0,0,0,0,-30000,0,0,0,10000,40000,-30000,-30000
060626,貿聯元大9A購04  ,0,0,0,0,0,0,0,0,0,-30000,0,0,0,0,30000,-30000,-30000
062786,立積元大9C購03  ,0,0,0,0,0,0,0,0,0,-30000,0,0,0,0,30000,-30000,-30000
062742,技嘉國泰01購01  ,0,0,0,0,0,0,0,0,0,-30000,0,0,0,0,30000,-30000,-30000
062727,華擎凱基9B購03  ,0,0,0,0,0,0,0,0,0,-30000,0,0,0,0,30000,-30000,-30000
062717,華邦電凱基9C購01,0,0,0,0,0,0,0,0,0,-30000,0,0,0,0,30000,-30000,-30000
062649,緯穎富邦9B購03  ,0,0,0,0,0,0,0,0,0,-30000,0,0,0,10000,40000,-30000,-30000
063281,京元電元大9B購01,0,0,0,0,0,0,0,0,0,-30000,0,0,0,0,30000,-30000,-30000
060384,葡萄王凱基9B購01,0,0,0,0,0,0,0,0,0,-30000,0,0,0,0,30000,-30000,-30000
059836,大立光國泰9B購02,0,0,0,0,0,0,0,0,0,-30000,0,0,0,8000,38000,-30000,-30000
060804,T50反1群益9A購02,0,0,0,0,0,0,0,0,0,-30000,0,0,0,0,30000,-30000,-30000
061817,高鐵群益9B購01  ,0,0,0,0,0,0,0,0,0,-30000,0,0,0,0,30000,-30000,-30000
061724,訊芯永豐9A購01  ,0,0,0,0,0,0,0,0,0,-30000,0,0,0,85000,115000,-30000,-30000
061044,世紀鋼永豐9A購02,0,0,0,0,0,0,0,0,0,-30000,0,0,0,0,30000,-30000,-30000
063361,台表科國泰01購02,0,0,0,0,0,0,0,0,0,-30000,0,0,0,10000,40000,-30000,-30000
063443,金像電統一01購02,0,0,0,0,0,0,0,0,0,-30000,0,0,0,7000,37000,-30000,-30000
066214,惠特統一03購02  ,0,0,0,0,0,0,0,0,0,-30000,0,0,0,0,30000,-30000,-30000
06564P,國巨富邦9A售04  ,0,0,0,0,0,0,0,0,0,-30000,0,0,0,0,30000,-30000,-30000
065257,友訊元大01購01  ,0,0,0,0,0,0,0,0,0,-30000,0,0,0,0,30000,-30000,-30000
06432P,上銀群益98售01  ,0,0,0,0,0,0,0,0,0,-30000,0,0,0,0,30000,-30000,-30000
063988,華通永豐9C購01  ,0,0,0,0,0,0,0,0,0,-30000,0,0,0,10000,40000,-30000,-30000
063832,矽創國票01購01  ,0,0,0,0,0,0,0,0,0,-30000,0,0,0,30000,60000,-30000,-30000
063704,麗豐群益9B購01  ,0,0,0,0,0,0,0,0,0,-30000,0,0,0,20000,50000,-30000,-30000
064850,智原元富9C購01  ,0,0,0,0,0,0,0,0,0,-30000,0,0,0,90000,120000,-30000,-30000
6205,詮欣            ,96000,126000,-30000,0,0,0,0,0,0,0,2000,2000,0,0,0,0,-30000
9908,大台北          ,1000,31000,-30000,0,0,0,0,0,0,0,0,0,0,0,0,0,-30000
2358,廷鑫            ,0,30000,-30000,0,0,0,0,0,0,0,0,0,0,0,0,0,-30000
07944P,華新科元大9B售08,0,0,0,0,0,0,0,0,0,-31000,0,0,0,30000,61000,-31000,-31000
08079P,宏達電國票9B售03,0,0,0,0,0,0,0,0,0,-31000,0,0,0,5000,36000,-31000,-31000
1446,宏和            ,0,31000,-31000,0,0,0,0,0,0,0,0,0,0,0,0,0,-31000
066384,訊芯康和01購01  ,0,0,0,0,0,0,0,0,0,-31000,0,0,0,40000,71000,-31000,-31000
067305,國產元大01購02  ,0,0,0,0,0,0,0,0,0,-31000,0,0,0,113000,144000,-31000,-31000
067494,日月光元大01購03,0,0,0,0,0,0,0,0,0,-31000,0,0,0,0,31000,-31000,-31000
062249,台積電元大9B購01,0,0,0,0,0,0,0,0,0,-31000,0,0,0,2000,33000,-31000,-31000
062227,南六統一01購02  ,0,0,0,0,0,0,0,0,0,-31000,0,0,0,2000,33000,-31000,-31000
057866,玉山金凱基98購01,0,0,0,0,0,0,0,0,0,-31000,0,0,0,0,31000,-31000,-31000
057312,美律麥證98購01  ,0,0,0,0,31000,-31000,0,0,0,-31000,0,0,0,0,31000,-31000,-31000
063688,建準永豐9B購03  ,0,0,0,0,0,0,0,0,0,-31000,0,0,0,26000,57000,-31000,-31000
063078,元金2X凱基02購03,0,0,0,0,0,0,0,0,0,-31000,0,0,0,0,31000,-31000,-31000
063084,可成凱基9C購01  ,0,0,0,0,0,0,0,0,0,-31000,0,0,0,0,31000,-31000,-31000
061224,道瓊反中信01購01,0,0,0,0,0,0,0,0,0,-31000,0,0,0,0,31000,-31000,-31000
061483,TPK元大9A購01   ,0,0,0,0,0,0,0,0,0,-31000,0,0,0,1000,32000,-31000,-31000
059849,興勤永豐99購01  ,0,0,0,0,0,0,0,0,0,-31000,0,0,0,208000,239000,-31000,-31000
062635,創意國票9B購01  ,0,0,0,0,0,0,0,0,0,-31000,0,0,0,111000,142000,-31000,-31000
062708,立積元大9B購01  ,0,0,0,0,0,0,0,0,0,-31000,0,0,0,19000,50000,-31000,-31000
061376,瑞昱永豐9A購02  ,0,0,0,0,0,0,0,0,0,-31000,0,0,0,21000,52000,-31000,-31000
059539,緯穎凱基99購03  ,0,0,0,0,0,0,0,0,0,-31000,0,0,0,21000,52000,-31000,-31000
061969,大立光統一01購02,0,0,0,0,0,0,0,0,0,-31000,0,0,0,60000,91000,-31000,-31000
061261,台積電凱基9B購03,0,0,0,0,0,0,0,0,0,-31000,0,0,0,314000,345000,-31000,-31000
064945,中橡凱基9C購01  ,0,0,0,0,0,0,0,0,0,-31000,0,0,0,0,31000,-31000,-31000
064553,臺指反群益9C購01,0,0,0,0,0,0,0,0,0,-31000,0,0,0,499000,530000,-31000,-31000
063999,日月光兆豐9C購01,0,0,0,0,0,0,0,0,0,-31000,0,0,0,5000,36000,-31000,-31000
064062,創意國泰01購01  ,0,0,0,0,0,0,0,0,0,-31000,0,0,0,1000,32000,-31000,-31000
065240,矽創凱基01購01  ,0,0,0,0,0,0,0,0,0,-31000,0,0,0,29000,60000,-31000,-31000
065111,瀚宇博國票01購01,0,0,0,0,0,0,0,0,0,-31000,0,0,0,42000,73000,-31000,-31000
065927,智原國票02購01  ,0,0,0,0,0,0,0,0,0,-31000,0,0,0,4000,35000,-31000,-31000
065981,超眾元大02購01  ,0,0,0,0,0,0,0,0,0,-31000,0,0,0,66000,97000,-31000,-31000
4722,國精化          ,2000,33700,-31700,0,0,0,0,0,0,0,0,0,0,0,0,0,-31700
067177,日月光麥證01購02,0,0,0,25000,57000,-32000,0,0,0,-32000,0,0,0,25000,57000,-32000,-32000
067141,台表科永豐01購01,0,0,0,0,0,0,0,0,0,-32000,0,0,0,0,32000,-32000,-32000
057328,京鼎群益99購02  ,0,0,0,0,0,0,0,0,0,-32000,0,0,0,10000,42000,-32000,-32000
058908,貿聯元大99購03  ,0,0,0,0,0,0,0,0,0,-32000,0,0,0,0,32000,-32000,-32000
058274,世紀鋼永豐99購01,0,0,0,0,0,0,0,0,0,-32000,0,0,0,34000,66000,-32000,-32000
057045,美律元大99購04  ,0,0,0,0,0,0,0,0,0,-32000,0,0,0,30000,62000,-32000,-32000
053782,京元電元大98購02,0,0,0,0,0,0,0,0,0,-32000,0,0,0,2000,34000,-32000,-32000
062441,華新科元大9C購01,0,0,0,0,0,0,0,0,0,-32000,0,0,0,69000,101000,-32000,-32000
063148,建準元富9B購01  ,0,0,0,0,0,0,0,0,0,-32000,0,0,0,62000,94000,-32000,-32000
060229,楠梓電元大9C購01,0,0,0,0,0,0,0,0,0,-32000,0,0,0,23000,55000,-32000,-32000
061604,台光電凱基9B購01,0,0,0,0,0,0,0,0,0,-32000,0,0,0,0,32000,-32000,-32000
059988,大立光元大9A購02,0,0,0,0,0,0,0,0,0,-32000,0,0,0,68000,100000,-32000,-32000
063624,GIS兆豐9B購01   ,0,0,0,0,0,0,0,0,0,-32000,0,0,0,219000,251000,-32000,-32000
063603,友達凱基9B購05  ,0,0,0,0,0,0,0,0,0,-32000,0,0,0,50000,82000,-32000,-32000
065766,南電元大9C購08  ,0,0,0,0,0,0,0,0,0,-32000,0,0,0,42000,74000,-32000,-32000
065117,臺股指國票9C購14,0,0,0,0,0,0,0,0,0,-32000,0,0,0,0,32000,-32000,-32000
065086,可成元大01購04  ,0,0,0,0,0,0,0,0,0,-32000,0,0,0,4000,36000,-32000,-32000
065512,友訊群益01購01  ,0,0,0,0,0,0,0,0,0,-32000,0,0,0,52000,84000,-32000,-32000
064008,日月光凱基9C購01,0,0,0,0,0,0,0,0,0,-32000,0,0,0,52000,84000,-32000,-32000
064211,友達凱基02購01  ,0,0,0,0,0,0,0,0,0,-32000,0,0,0,20000,52000,-32000,-32000
064192,巨大中信9C購01  ,0,0,0,0,0,0,0,0,0,-32000,0,0,0,9000,41000,-32000,-32000
064433,金像電凱基02購01,0,0,0,0,0,0,0,0,0,-32000,0,0,0,175000,207000,-32000,-32000
064970,東元元大9C購01  ,0,0,0,0,0,0,0,0,0,-32000,0,0,0,103000,135000,-32000,-32000
065027,玉晶光中信03購01,0,0,0,0,0,0,0,0,0,-32000,0,0,0,40000,72000,-32000,-32000
067399,新日興永豐01購01,0,0,0,0,0,0,0,0,0,-33000,0,0,0,0,33000,-33000,-33000
066415,台積電元大01購11,0,0,0,0,0,0,0,0,0,-33000,0,0,0,0,33000,-33000,-33000
066416,台積電元大01購12,0,0,0,0,0,0,0,0,0,-33000,0,0,0,0,33000,-33000,-33000
066929,國巨國票02購03  ,0,0,0,0,0,0,0,0,0,-33000,0,0,0,14000,47000,-33000,-33000
1316,上曜            ,105000,138000,-33000,0,0,0,0,0,0,0,0,0,0,0,0,0,-33000
054318,台虹凱基98購01  ,0,0,0,0,0,0,0,0,0,-33000,0,0,0,17000,50000,-33000,-33000
058487,晶技國票9A購01  ,0,0,0,0,0,0,0,0,0,-33000,0,0,0,11000,44000,-33000,-33000
057595,健鼎兆豐98購01  ,0,0,0,0,0,0,0,0,0,-33000,0,0,0,12000,45000,-33000,-33000
061606,景碩凱基9A購02  ,0,0,0,0,0,0,0,0,0,-33000,0,0,0,13000,46000,-33000,-33000
062926,嘉澤國票9B購01  ,0,0,0,0,0,0,0,0,0,-33000,0,0,0,5000,38000,-33000,-33000
063256,鴻海國泰01購02  ,0,0,0,0,0,0,0,0,0,-33000,0,0,0,50000,83000,-33000,-33000
06064P,台積電台新98售01,0,0,0,0,0,0,0,0,0,-33000,0,0,0,0,33000,-33000,-33000
063192,技嘉台新9B購01  ,0,0,0,0,0,0,0,0,0,-33000,0,0,0,5000,38000,-33000,-33000
064102,宏達電群益9C購01,0,0,0,0,0,0,0,0,0,-33000,0,0,0,3000,36000,-33000,-33000
064256,玉晶光國泰02購02,0,0,0,0,0,0,0,0,0,-33000,0,0,0,80000,113000,-33000,-33000
064022,台積電元大9C購07,0,0,0,0,0,0,0,0,0,-33000,0,0,0,0,33000,-33000,-33000
063730,台積電元大9B購09,0,0,0,0,0,0,0,0,0,-33000,0,0,0,11000,44000,-33000,-33000
065375,神基元大03購01  ,0,0,0,0,0,0,0,0,0,-33000,0,0,0,0,33000,-33000,-33000
065412,金像電永豐9C購01,0,0,0,0,0,0,0,0,0,-33000,0,0,0,10000,43000,-33000,-33000
065212,瑞儀國票01購01  ,0,0,0,0,0,0,0,0,0,-33000,0,0,0,2000,35000,-33000,-33000
065786,神基永豐9C購01  ,0,0,0,0,0,0,0,0,0,-33000,0,0,0,0,33000,-33000,-33000
066258,台積電元大01購10,0,0,0,0,0,0,0,0,0,-33000,0,0,0,0,33000,-33000,-33000
08380P,GIS元大9C售06   ,0,0,0,0,0,0,0,0,0,-34000,0,0,0,0,34000,-34000,-34000
066319,聯強永豐01購01  ,0,0,0,0,0,0,0,0,0,-34000,0,0,0,47000,81000,-34000,-34000
067504,鴻海統一01購07  ,0,0,0,0,0,0,0,0,0,-34000,0,0,0,0,34000,-34000,-34000
057887,智原群益98購04  ,0,0,0,0,0,0,0,0,0,-34000,0,0,0,13000,47000,-34000,-34000
062191,台郡元大9B購05  ,0,0,0,0,0,0,0,0,0,-34000,0,0,0,4000,38000,-34000,-34000
054353,世紀鋼國泰98購01,0,0,0,0,0,0,0,0,0,-34000,0,0,0,39000,73000,-34000,-34000
056962,技嘉永豐98購01  ,0,0,0,0,0,0,0,0,0,-34000,0,0,0,20000,54000,-34000,-34000
061304,創意永豐9A購02  ,0,0,0,0,0,0,0,0,0,-34000,0,0,0,158000,192000,-34000,-34000
062008,南亞科國泰9C購01,0,0,0,0,0,0,0,0,0,-34000,0,0,0,88000,122000,-34000,-34000
062145,億光國票9B購01  ,0,0,0,0,0,0,0,0,0,-34000,0,0,0,1000,35000,-34000,-34000
063000,緯穎國票9B購03  ,0,0,0,0,0,0,0,0,0,-34000,0,0,0,0,34000,-34000,-34000
061439,寶成凱基9A購01  ,0,0,0,0,0,0,0,0,0,-34000,0,0,0,444000,478000,-34000,-34000
066241,瑞祺富邦03購01  ,0,0,0,0,0,0,0,0,0,-34000,0,0,0,66000,100000,-34000,-34000
066232,聯強富邦03購01  ,0,0,0,0,0,0,0,0,0,-34000,0,0,0,381000,415000,-34000,-34000
065532,台光電統一02購02,0,0,0,0,0,0,0,0,0,-34000,0,0,0,16000,50000,-34000,-34000
064013,創意國票01購01  ,0,0,0,0,0,0,0,0,0,-34000,0,0,0,14000,48000,-34000,-34000
064417,創意中信9C購01  ,0,0,0,0,0,0,0,0,0,-34000,0,0,0,18000,52000,-34000,-34000
4144,康聯-KY         ,17000,51000,-34000,0,0,0,0,0,0,0,0,0,0,0,0,0,-34000
07013P,玉晶光群益9A售06,0,0,0,0,0,0,0,0,0,-35000,0,0,0,345000,380000,-35000,-35000
067133,正崴永豐01購01  ,0,0,0,0,0,0,0,0,0,-35000,0,0,0,15000,50000,-35000,-35000
067150,聯發科統一02購05,0,0,0,0,0,0,0,0,0,-35000,0,0,0,31000,66000,-35000,-35000
067163,眾達國票02購01  ,0,0,0,0,0,0,0,0,0,-35000,0,0,0,0,35000,-35000,-35000
067164,台虹國票02購01  ,0,0,0,0,0,0,0,0,0,-35000,0,0,0,0,35000,-35000,-35000
067264,美利達國票02購01,0,0,0,0,0,0,0,0,0,-35000,0,0,0,0,35000,-35000,-35000
066529,巨大統一03購01  ,0,0,0,0,0,0,0,0,0,-35000,0,0,0,50000,85000,-35000,-35000
07392P,台積電國泰02售01,0,0,0,0,0,0,0,0,0,-35000,0,0,0,0,35000,-35000,-35000
057730,聯鈞國泰9A購01  ,0,0,0,0,0,0,0,0,0,-35000,0,0,0,144000,179000,-35000,-35000
058573,鴻海群益9A購02  ,0,0,0,0,0,0,0,0,0,-35000,0,0,0,72000,107000,-35000,-35000
056301,開發金元大9A購01,0,0,0,0,0,0,0,0,0,-35000,0,0,0,210000,245000,-35000,-35000
057236,聯詠凱基98購03  ,0,0,0,0,0,0,0,0,0,-35000,0,0,0,0,35000,-35000,-35000
058930,華新科統一9B購01,0,0,0,0,0,0,0,0,0,-35000,0,0,0,124000,159000,-35000,-35000
058837,SGBR2X中信9C購01,0,0,0,0,0,0,0,0,0,-35000,0,0,0,0,35000,-35000,-35000
057842,緯穎富邦99購02  ,0,0,0,0,0,0,0,0,0,-35000,0,0,0,0,35000,-35000,-35000
061476,大毅元大9A購02  ,0,0,0,0,0,0,0,0,0,-35000,0,0,0,2000,37000,-35000,-35000
061607,台表科凱基9B購02,0,0,0,0,0,0,0,0,0,-35000,0,0,0,2000,37000,-35000,-35000
060889,國泰金統一9C購01,0,0,0,0,0,0,0,0,0,-35000,0,0,0,0,35000,-35000,-35000
063346,TPK統一9C購01   ,0,0,0,0,0,0,0,0,0,-35000,0,0,0,0,35000,-35000,-35000
061567,華通元大9A購11  ,0,0,0,0,0,0,0,0,0,-35000,0,0,0,48000,83000,-35000,-35000
064740,台光電國票01購01,0,0,0,0,0,0,0,0,0,-35000,0,0,0,15000,50000,-35000,-35000
063746,上銀國票9C購01  ,0,0,0,0,0,0,0,0,0,-35000,0,0,0,12000,47000,-35000,-35000
063788,矽創統一02購01  ,0,0,0,0,0,0,0,0,0,-35000,0,0,0,113000,148000,-35000,-35000
064342,晶技元大9C購01  ,0,0,0,0,0,0,0,0,0,-35000,0,0,0,75000,110000,-35000,-35000
064378,群創元富9C購01  ,0,0,0,0,0,0,0,0,0,-35000,0,0,0,5000,40000,-35000,-35000
065482,立積元大01購02  ,0,0,0,0,0,0,0,0,0,-35000,0,0,0,74000,109000,-35000,-35000
065099,聯茂元大9C購03  ,0,0,0,0,0,0,0,0,0,-35000,0,0,0,105000,140000,-35000,-35000
065994,南六永豐01購01  ,0,0,0,0,0,0,0,0,0,-35000,0,0,0,1000,36000,-35000,-35000
3311,閎暉            ,31000,66000,-35000,0,0,0,0,0,0,0,0,0,0,0,0,0,-35000
2450,神腦            ,0,35000,-35000,0,0,0,0,0,0,0,0,0,0,0,0,0,-35000
2832,台產            ,10000,45320,-35320,0,0,0,0,0,0,0,0,0,0,0,0,0,-35320
08571P,台積電兆豐9C售06,0,0,0,0,0,0,0,0,0,-36000,0,0,0,186000,222000,-36000,-36000
08765P,鴻海富邦01售02  ,0,0,0,0,0,0,0,0,0,-36000,0,0,0,55000,91000,-36000,-36000
066577,巨大元大01購02  ,0,0,0,0,0,0,0,0,0,-36000,0,0,0,73000,109000,-36000,-36000
066303,泰山永豐01購01  ,0,0,0,0,0,0,0,0,0,-36000,0,0,0,50000,86000,-36000,-36000
066831,亞光群益01購01  ,0,0,0,0,0,0,0,0,0,-36000,0,0,0,96000,132000,-36000,-36000
066814,健鼎兆豐01購01  ,0,0,0,0,0,0,0,0,0,-36000,0,0,0,33000,69000,-36000,-36000
066718,滬深2X元大01購05,0,0,0,0,0,0,0,0,0,-36000,0,0,0,0,36000,-36000,-36000
067253,精元國票01購01  ,0,0,0,0,0,0,0,0,0,-36000,0,0,0,0,36000,-36000,-36000
07090P,台灣50凱基01售01,0,0,0,0,0,0,0,0,0,-36000,0,0,0,0,36000,-36000,-36000
067363,同欣電群益01購02,0,0,0,0,0,0,0,0,0,-36000,0,0,0,226000,262000,-36000,-36000
057803,上銀元大98購08  ,0,0,0,0,0,0,0,0,0,-36000,0,0,0,3000,39000,-36000,-36000
062499,鴻海群益01購01  ,0,0,0,0,0,0,0,0,0,-36000,0,0,0,20000,56000,-36000,-36000
058278,FBVIX中信03購02 ,0,0,0,0,0,0,0,0,0,-36000,0,0,0,0,36000,-36000,-36000
056136,京鼎元大98購01  ,0,0,0,0,0,0,0,0,0,-36000,0,0,0,59000,95000,-36000,-36000
058544,FBVIX富邦9B購01 ,0,0,0,0,0,0,0,0,0,-36000,0,0,0,40000,76000,-36000,-36000
061120,台積電永豐9A購03,0,0,0,0,0,0,0,0,0,-36000,0,0,0,0,36000,-36000,-36000
060543,鴻海凱基9B購02  ,0,0,0,0,0,0,0,0,0,-36000,0,0,0,2000,38000,-36000,-36000
066058,TPK元大01購02   ,0,0,0,0,0,0,0,0,0,-36000,0,0,0,101000,137000,-36000,-36000
065082,台光電元大9C購04,0,0,0,0,0,0,0,0,0,-36000,0,0,0,127000,163000,-36000,-36000
065262,義隆元大9C購06  ,0,0,0,0,0,0,0,0,0,-36000,0,0,0,5000,41000,-36000,-36000
064111,國巨國票02購02  ,0,0,0,0,0,0,0,0,0,-36000,0,0,0,16000,52000,-36000,-36000
3167,大量            ,27000,57000,-30000,0,0,0,0,0,0,-6000,0,6000,-6000,0,0,0,-36000
3043,科風            ,0,36000,-36000,0,0,0,0,0,0,0,0,0,0,0,0,0,-36000
3591,艾笛森          ,15000,51000,-36000,0,0,0,0,0,0,0,0,0,0,0,0,0,-36000
067025,禾伸堂兆豐03購01,0,0,0,0,0,0,0,0,0,-37000,0,0,0,90000,127000,-37000,-37000
067042,旺宏凱基01購02  ,0,0,0,0,0,0,0,0,0,-37000,0,0,0,13000,50000,-37000,-37000
066676,A50正2兆豐03購01,0,0,0,0,0,0,0,0,0,-37000,0,0,0,6000,43000,-37000,-37000
1473,台南            ,18000,55000,-37000,0,0,0,0,0,0,0,0,0,0,0,0,0,-37000
057106,美律群益98購03  ,0,0,0,0,0,0,0,0,0,-37000,0,0,0,3000,40000,-37000,-37000
057071,華擎永豐98購02  ,0,0,0,0,0,0,0,0,0,-37000,0,0,0,0,37000,-37000,-37000
056864,新日興群益99購01,0,0,0,0,0,0,0,0,0,-37000,0,0,0,1000,38000,-37000,-37000
058632,世紀鋼國票9A購01,0,0,0,0,0,0,0,0,0,-37000,0,0,0,1000,38000,-37000,-37000
057479,致茂元大98購03  ,0,0,0,0,0,0,0,0,0,-37000,0,0,0,63000,100000,-37000,-37000
063108,世紀鋼群益9C購01,0,0,0,0,0,0,0,0,0,-37000,0,0,0,18000,55000,-37000,-37000
061873,友達元大9C購07  ,0,0,0,0,0,0,0,0,0,-37000,0,0,0,0,37000,-37000,-37000
064948,致茂凱基01購01  ,0,0,0,0,0,0,0,0,0,-37000,0,0,0,15000,52000,-37000,-37000
064902,健策群益01購03  ,0,0,0,0,0,0,0,0,0,-37000,0,0,0,15000,52000,-37000,-37000
064469,臻鼎元富9C購01  ,0,0,0,0,0,0,0,0,0,-37000,0,0,0,87000,124000,-37000,-37000
065227,金像電凱基9C購01,0,0,0,0,0,0,0,0,0,-37000,0,0,0,177000,214000,-37000,-37000
066213,惠特統一03購01  ,0,0,0,0,0,0,0,0,0,-37000,0,0,0,0,37000,-37000,-37000
3617,碩天            ,8000,45000,-37000,0,0,0,0,0,0,0,0,0,0,0,0,0,-37000
2908,特力            ,36000,68000,-32000,0,0,0,0,0,0,-5000,0,5000,-5000,0,0,0,-37000
1338,廣華-KY         ,161000,199000,-38000,0,0,0,0,0,0,0,0,0,0,0,0,0,-38000
1531,高林股          ,0,38000,-38000,0,0,0,0,0,0,0,0,0,0,0,0,0,-38000
07963P,智邦統一9B售01  ,0,0,0,0,0,0,0,0,0,-38000,0,0,0,55000,93000,-38000,-38000
066499,台郡國泰02購01  ,0,0,0,0,0,0,0,0,0,-38000,0,0,0,8000,46000,-38000,-38000
057926,帆宣凱基98購02  ,0,0,0,0,0,0,0,0,0,-38000,0,0,0,37000,75000,-38000,-38000
059109,台積電富邦9C購03,0,0,0,0,0,0,0,0,0,-38000,0,0,0,0,38000,-38000,-38000
00714,群益道瓊美國地產,28000,0,28000,0,0,0,0,0,0,-66000,0,0,0,0,66000,-66000,-38000
00670L,富邦NASDAQ正2   ,0,0,0,0,0,0,0,0,0,-38000,21000,171000,-150000,279000,167000,112000,-38000
056573,華新科元大99購06,0,0,0,0,0,0,0,0,0,-38000,0,0,0,40000,78000,-38000,-38000
063426,茂林凱基9B購03  ,0,0,0,0,0,0,0,0,0,-38000,0,0,0,70000,108000,-38000,-38000
063428,矽創凱基9B購02  ,0,0,0,0,0,0,0,0,0,-38000,0,0,0,0,38000,-38000,-38000
062726,華擎凱基9B購02  ,0,0,0,0,0,0,0,0,0,-38000,0,0,0,9000,47000,-38000,-38000
065058,東元群益9C購01  ,0,0,0,0,0,0,0,0,0,-38000,0,0,0,130000,168000,-38000,-38000
065141,國巨凱基9C購10  ,0,0,0,0,0,0,0,0,0,-38000,0,0,0,7000,45000,-38000,-38000
065417,嘉晶國票01購02  ,0,0,0,0,0,0,0,0,0,-38000,0,0,0,5000,43000,-38000,-38000
064437,可成凱基02購01  ,0,0,0,0,0,0,0,0,0,-38000,0,0,0,23000,61000,-38000,-38000
064622,晶技元大01購01  ,0,0,0,0,0,0,0,0,0,-38000,0,0,0,20000,58000,-38000,-38000
3454,晶睿            ,12000,50000,-38000,0,0,0,0,0,0,0,0,0,0,0,0,0,-38000
3679,新至陞          ,11000,49000,-38000,0,0,0,0,0,0,0,0,0,0,0,0,0,-38000
07861P,台灣50中信03售08,0,0,0,0,0,0,0,0,0,-39000,0,0,0,24000,63000,-39000,-39000
08552P,華新科群益9C售04,0,0,0,0,0,0,0,0,0,-39000,0,0,0,11000,50000,-39000,-39000
054387,台積電統一98購02,0,0,0,0,0,0,0,0,0,-39000,0,0,0,52000,91000,-39000,-39000
059284,緯穎永豐99購03  ,0,0,0,0,0,0,0,0,0,-39000,0,0,0,0,39000,-39000,-39000
058173,台積電凱基99購04,0,0,0,0,0,0,0,0,0,-39000,0,0,0,5000,44000,-39000,-39000
062374,茂林元大9B購03  ,0,0,0,0,0,0,0,0,0,-39000,0,0,0,118000,157000,-39000,-39000
062891,台汽電群益9B購01,0,0,0,0,0,0,0,0,0,-39000,0,0,0,2000,41000,-39000,-39000
063127,TPK元大9B購02   ,0,0,0,0,0,0,0,0,0,-39000,0,0,0,27000,66000,-39000,-39000
063219,友達群益9B購03  ,0,0,0,0,0,0,0,0,0,-39000,0,0,0,0,39000,-39000,-39000
061601,台積電凱基9A購26,0,0,0,0,0,0,0,0,0,-39000,0,0,0,2000,41000,-39000,-39000
061732,智邦中信9B購01  ,0,0,0,0,0,0,0,0,0,-39000,0,0,0,2000,41000,-39000,-39000
064154,大立光統一01購04,0,0,0,0,0,0,0,0,0,-39000,0,0,0,0,39000,-39000,-39000
063843,台積電元大9C購03,0,0,0,0,0,0,0,0,0,-39000,0,0,0,0,39000,-39000,-39000
063839,華通元大9C購02  ,0,0,0,0,0,0,0,0,0,-39000,0,0,0,0,39000,-39000,-39000
065196,技嘉元富06購01  ,0,0,0,0,0,0,0,0,0,-39000,0,0,0,0,39000,-39000,-39000
066055,聯鈞元大01購01  ,0,0,0,0,0,0,0,0,0,-39000,0,0,0,31000,70000,-39000,-39000
4952,凌通            ,7000,46000,-39000,0,0,0,0,0,0,0,0,0,0,0,0,0,-39000
2731,雄獅            ,7000,46000,-39000,0,0,0,0,0,0,0,0,0,0,0,0,0,-39000
2431,聯昌            ,10000,49000,-39000,0,0,0,0,0,0,0,0,0,0,0,0,0,-39000
2471,資通            ,6000,46000,-40000,0,0,0,0,0,0,1000,1000,0,1000,0,0,0,-39000
08424P,群創元富9C售03  ,0,0,0,0,0,0,0,0,0,-40000,0,0,0,0,40000,-40000,-40000
08598P,立積元大9C售04  ,0,0,0,0,0,0,0,0,0,-40000,0,0,0,195000,235000,-40000,-40000
07988P,台積電台新9C售03,0,0,0,0,0,0,0,0,0,-40000,0,0,0,0,40000,-40000,-40000
08016P,臺股指凱基02售02,0,0,0,0,0,0,0,0,0,-40000,0,0,0,0,40000,-40000,-40000
08026P,臺股指凱基9B售12,0,0,0,0,0,0,0,0,0,-40000,0,0,0,0,40000,-40000,-40000
08256P,台積電元大9C售02,0,0,0,0,0,0,0,0,0,-40000,0,0,0,129000,169000,-40000,-40000
08219P,上銀凱基9B售08  ,0,0,0,0,0,0,0,0,0,-40000,0,0,0,20000,60000,-40000,-40000
066561,健策元大01購04  ,0,0,0,0,0,0,0,0,0,-40000,0,0,0,61000,101000,-40000,-40000
066778,緯穎富邦03購01  ,0,0,0,0,0,0,0,0,0,-40000,0,0,0,0,40000,-40000,-40000
067503,聚陽統一03購01  ,0,0,0,0,0,0,0,0,0,-40000,0,0,0,0,40000,-40000,-40000
07109P,聯發科中信9B售02,0,0,0,0,0,0,0,0,0,-40000,0,0,0,0,40000,-40000,-40000
07150P,和碩元大99售01  ,0,0,0,0,0,0,0,0,0,-40000,0,0,0,0,40000,-40000,-40000
058355,旺宏凱基99購04  ,0,0,0,0,0,0,0,0,0,-40000,0,0,0,10000,50000,-40000,-40000
058074,欣興凱基99購01  ,0,0,0,0,0,0,0,0,0,-40000,0,0,0,0,40000,-40000,-40000
057793,群創統一99購02  ,0,0,0,0,0,0,0,0,0,-40000,0,0,0,0,40000,-40000,-40000
057819,新日興元大99購01,0,0,0,0,0,0,0,0,0,-40000,0,0,0,0,40000,-40000,-40000
057578,可成中信99購01  ,0,0,0,0,0,0,0,0,0,-40000,0,0,0,100000,140000,-40000,-40000
057320,玉晶光凱基98購01,0,0,0,0,0,0,0,0,0,-40000,0,0,0,8000,48000,-40000,-40000
042792,T50反1台新9C購01,0,0,0,0,0,0,0,0,0,-40000,0,0,0,0,40000,-40000,-40000
056725,鴻海國票99購03  ,0,0,0,0,0,0,0,0,0,-40000,0,0,0,0,40000,-40000,-40000
056619,強茂永豐98購01  ,0,0,0,0,0,0,0,0,0,-40000,0,0,0,0,40000,-40000,-40000
058616,台虹元大9A購01  ,0,0,0,0,0,0,0,0,0,-40000,0,0,0,10000,50000,-40000,-40000
058947,SGBR2X群益9B購02,0,0,0,0,0,0,0,0,0,-40000,0,0,0,10000,50000,-40000,-40000
059056,技嘉凱基99購02  ,0,0,0,0,0,0,0,0,0,-40000,0,0,0,8000,48000,-40000,-40000
056156,禾伸堂凱基98購04,0,0,0,0,0,0,0,0,0,-40000,0,0,0,0,40000,-40000,-40000
056145,緯穎元大98購03  ,0,0,0,0,0,0,0,0,0,-40000,0,0,0,0,40000,-40000,-40000
056325,群創兆豐9A購01  ,0,0,0,0,0,0,0,0,0,-40000,0,0,0,0,40000,-40000,-40000
055933,欣興群益98購02  ,0,0,0,0,0,0,0,0,0,-40000,0,0,0,10000,50000,-40000,-40000
061056,臺指反國票02購01,0,0,0,0,0,0,0,0,0,-40000,0,0,0,0,40000,-40000,-40000
059931,緯穎富邦9A購01  ,0,0,0,0,0,0,0,0,0,-40000,0,0,0,0,40000,-40000,-40000
063411,和潤國票9C購01  ,0,0,0,0,0,0,0,0,0,-40000,0,0,0,37000,77000,-40000,-40000
063537,華擎統一9C購03  ,0,0,0,0,0,0,0,0,0,-40000,0,0,0,0,40000,-40000,-40000
063646,帆宣元大9B購02  ,0,0,0,0,0,0,0,0,0,-40000,0,0,0,15000,55000,-40000,-40000
062060,奇鋐統一9C購01  ,0,0,0,0,0,0,0,0,0,-40000,0,0,0,231000,271000,-40000,-40000
060671,亞德客元大9A購03,0,0,0,0,0,0,0,0,0,-40000,0,0,0,59000,99000,-40000,-40000
061366,台勝科國票9A購01,0,0,0,0,0,0,0,0,0,-40000,0,0,0,0,40000,-40000,-40000
062469,旺宏凱基9B購05  ,0,0,0,0,0,0,0,0,0,-40000,0,0,0,10000,50000,-40000,-40000
059878,聯茂凱基99購07  ,0,0,0,0,0,0,0,0,0,-40000,0,0,0,10000,50000,-40000,-40000
066250,大成鋼元大01購01,0,0,0,0,0,0,0,0,0,-40000,0,0,0,0,40000,-40000,-40000
065327,台表科凱基9C購02,0,0,0,0,0,0,0,0,0,-40000,0,0,0,38000,78000,-40000,-40000
065521,貿聯群益9C購04  ,0,0,0,0,0,0,0,0,0,-40000,0,0,0,7000,47000,-40000,-40000
065563,T50反1群益9C購04,0,0,0,0,0,0,0,0,0,-40000,0,0,0,550000,590000,-40000,-40000
065597,旺宏元大01購03  ,0,0,0,0,0,0,0,0,0,-40000,0,0,0,100000,140000,-40000,-40000
064791,友達國票9C購01  ,0,0,0,0,0,0,0,0,0,-40000,0,0,0,0,40000,-40000,-40000
2527,宏璟            ,0,40000,-40000,0,0,0,0,0,0,0,0,0,0,0,0,0,-40000
07100P,華航元大99售01  ,0,0,0,0,0,0,0,0,0,-41000,0,0,0,0,41000,-41000,-41000
07053P,台灣50兆豐01售01,0,0,0,0,0,0,0,0,0,-41000,0,0,0,0,41000,-41000,-41000
06847P,奇力新元大98售05,0,0,0,0,0,0,0,0,0,-41000,0,0,0,0,41000,-41000,-41000
066885,牧德永豐01購02  ,0,0,0,0,0,0,0,0,0,-41000,0,0,0,0,41000,-41000,-41000
066596,健策群益02購01  ,0,0,0,0,0,0,0,0,0,-41000,0,0,0,50000,91000,-41000,-41000
066362,瑞昱中信05購01  ,0,0,0,0,0,0,0,0,0,-41000,0,0,0,21000,62000,-41000,-41000
08083P,健策元大9C售05  ,0,0,0,0,0,0,0,0,0,-41000,0,0,0,0,41000,-41000,-41000
08495P,同欣電元大9C售08,0,0,0,0,0,0,0,0,0,-41000,0,0,0,0,41000,-41000,-41000
00703,台新MSCI中國    ,0,0,0,0,0,0,0,0,0,-41000,0,0,0,126000,167000,-41000,-41000
062546,新日興永豐9B購01,0,0,0,0,0,0,0,0,0,-41000,0,0,0,1000,42000,-41000,-41000
060546,旺宏凱基9A購02  ,0,0,0,0,0,0,0,0,0,-41000,0,0,0,10000,51000,-41000,-41000
063230,緯穎群益9B購02  ,0,0,0,0,0,0,0,0,0,-41000,0,0,0,25000,66000,-41000,-41000
060978,國巨元大9A購13  ,0,0,0,0,0,0,0,0,0,-41000,0,0,0,100000,141000,-41000,-41000
064347,貿聯元大9C購03  ,0,0,0,0,0,0,0,0,0,-41000,0,0,0,103000,144000,-41000,-41000
065253,和大元大01購02  ,0,0,0,0,0,0,0,0,0,-41000,0,0,0,159000,200000,-41000,-41000
065091,亞光元大9C購01  ,0,0,0,0,0,0,0,0,0,-41000,0,0,0,71000,112000,-41000,-41000
066185,松翰凱基01購01  ,0,0,0,0,0,0,0,0,0,-41000,0,0,0,21000,62000,-41000,-41000
2468,華經            ,24000,65000,-41000,0,0,0,0,0,0,0,0,0,0,0,0,0,-41000
9946,三發地產        ,9000,50000,-41000,0,0,0,0,0,0,0,0,0,0,0,0,0,-41000
6128,上福            ,0,41000,-41000,0,0,0,0,0,0,0,0,0,0,0,0,0,-41000
6277,宏正            ,12000,53000,-41000,0,0,0,0,0,0,0,0,0,0,0,0,0,-41000
08478P,臺股指凱基9C售16,0,0,0,0,0,0,0,0,0,-42000,0,0,0,51000,93000,-42000,-42000
08409P,臺股指元大9C售15,0,0,0,0,0,0,0,0,0,-42000,0,0,0,8000,50000,-42000,-42000
1507,永大            ,18000,55000,-37000,0,0,0,0,0,0,-5000,0,5000,-5000,0,0,0,-42000
1457,宜進            ,7000,49000,-42000,0,0,0,0,0,0,0,0,0,0,0,0,0,-42000
066532,力成元富07購01  ,0,0,0,0,0,0,0,0,0,-42000,0,0,0,187000,229000,-42000,-42000
066857,大立光國票02購02,0,0,0,0,0,0,0,0,0,-42000,0,0,0,0,42000,-42000,-42000
07040P,台灣50元大9C售02,0,0,0,0,0,0,0,0,0,-42000,0,0,0,537000,579000,-42000,-42000
058245,訊連元大99購01  ,0,0,0,0,0,0,0,0,0,-42000,0,0,0,0,42000,-42000,-42000
061701,友達國票9B購02  ,0,0,0,0,0,0,0,0,0,-42000,0,0,0,0,42000,-42000,-42000
061471,台積電元大9A購31,0,0,0,0,0,0,0,0,0,-42000,0,0,0,0,42000,-42000,-42000
063633,金像電元大9B購05,0,0,0,0,0,0,0,0,0,-42000,0,0,0,21000,63000,-42000,-42000
061361,世紀鋼兆豐9A購01,0,0,0,0,0,0,0,0,0,-42000,0,0,0,341000,383000,-42000,-42000
060548,友達凱基9B購03  ,0,0,0,0,0,0,0,0,0,-42000,0,0,0,20000,62000,-42000,-42000
061996,矽格元大9B購01  ,0,0,0,0,0,0,0,0,0,-42000,0,0,0,13000,55000,-42000,-42000
060093,友達元大03購01  ,0,0,0,0,0,0,0,0,0,-42000,0,0,0,1000,43000,-42000,-42000
063103,技嘉群益9B購01  ,0,0,0,0,0,0,0,0,0,-42000,0,0,0,16000,58000,-42000,-42000
066193,致新凱基01購01  ,0,0,0,0,0,0,0,0,0,-42000,0,0,0,18000,60000,-42000,-42000
066008,大立光統一03購02,0,0,0,0,0,0,0,0,0,-42000,0,0,0,10000,52000,-42000,-42000
065802,義隆群益9C購05  ,0,0,0,0,0,0,0,0,0,-42000,0,0,0,10000,52000,-42000,-42000
065069,臺股指群益9C購17,0,0,0,0,0,0,0,0,0,-42000,0,0,0,161000,203000,-42000,-42000
06532P,友達元富98售04  ,0,0,0,0,0,0,0,0,0,-42000,0,0,0,50000,92000,-42000,-42000
064239,群創統一02購01  ,0,0,0,0,0,0,0,0,0,-42000,0,0,0,38000,80000,-42000,-42000
064076,台積電中信06購02,0,0,0,0,0,0,0,0,0,-42000,0,0,0,10000,52000,-42000,-42000
063761,嘉澤統一02購01  ,0,0,0,0,0,0,0,0,0,-42000,0,0,0,20000,62000,-42000,-42000
2545,皇翔            ,6000,48000,-42000,0,0,0,0,0,0,0,0,0,0,0,0,0,-42000
066517,智伸科永豐01購01,0,0,0,0,0,0,0,0,0,-43000,0,0,0,2000,45000,-43000,-43000
08597P,聯發科元大9C售18,2000,0,2000,0,0,0,0,0,0,-45000,0,0,0,90000,135000,-45000,-43000
07989P,玉晶光凱基9B售07,0,0,0,0,0,0,0,0,0,-43000,0,0,0,99000,142000,-43000,-43000
07981P,上銀群益9B售04  ,0,0,0,0,0,0,0,0,0,-43000,0,0,0,0,43000,-43000,-43000
058107,全新台新99購01  ,0,0,0,0,0,0,0,0,0,-43000,0,0,0,0,43000,-43000,-43000
062494,中石化中信9C購01,0,0,0,0,0,0,0,0,0,-43000,0,0,0,0,43000,-43000,-43000
059296,大立光元富99購06,0,0,0,0,0,0,0,0,0,-43000,0,0,0,3000,46000,-43000,-43000
059085,鴻海元大99購25  ,0,0,0,0,0,0,0,0,0,-43000,0,0,0,7000,50000,-43000,-43000
056726,友達日盛9A購01  ,0,0,0,0,0,0,0,0,0,-43000,0,0,0,0,43000,-43000,-43000
053282,彩晶元大9C購01  ,0,0,0,0,0,0,0,0,0,-43000,0,0,0,77000,120000,-43000,-43000
046942,友達元大99購01  ,0,0,0,0,0,0,0,0,0,-43000,0,0,0,9000,52000,-43000,-43000
056412,上証2X中信9A購02,0,0,0,0,0,0,0,0,0,-43000,0,0,0,0,43000,-43000,-43000
062922,南六元大9B購03  ,0,0,0,0,0,0,0,0,0,-43000,0,0,0,64000,107000,-43000,-43000
062474,台表科凱基9C購01,0,0,0,0,0,0,0,0,0,-43000,0,0,0,2000,45000,-43000,-43000
064284,京鼎元大9C購01  ,0,0,0,0,0,0,0,0,0,-43000,0,0,0,90000,133000,-43000,-43000
064317,日月光群益9C購01,0,0,0,0,0,0,0,0,0,-43000,0,0,0,55000,98000,-43000,-43000
065599,台光電元大9C購05,0,0,0,0,0,0,0,0,0,-43000,0,0,0,68000,111000,-43000,-43000
065703,大毅群益9C購01  ,0,0,0,0,0,0,0,0,0,-43000,0,0,0,22000,65000,-43000,-43000
065851,京鼎元大02購01  ,0,0,0,0,0,0,0,0,0,-43000,0,0,0,114000,157000,-43000,-43000
066163,友訊凱基01購01  ,0,0,0,0,0,0,0,0,0,-43000,0,0,0,7000,50000,-43000,-43000
1614,三洋電          ,4000,57000,-53000,0,0,0,0,0,0,10000,0,0,0,10000,0,10000,-43000
08338P,台灣50凱基9C售11,0,0,0,0,0,0,0,0,0,-44000,0,0,0,3000,47000,-44000,-44000
08785P,滬深2X元富01售04,0,0,0,0,0,0,0,0,0,-44000,0,0,0,0,44000,-44000,-44000
066574,康友元大01購01  ,0,0,0,0,0,0,0,0,0,-44000,0,0,0,218000,262000,-44000,-44000
067374,大立光統一01購08,0,0,0,0,0,0,0,0,0,-44000,0,0,0,0,44000,-44000,-44000
067276,義隆統一03購01  ,0,0,0,0,0,0,0,0,0,-44000,0,0,0,54000,98000,-44000,-44000
067220,台郡元大01購04  ,0,0,0,0,0,0,0,0,0,-44000,0,0,0,61000,105000,-44000,-44000
056390,台積電富邦9B購01,0,0,0,0,0,0,0,0,0,-44000,0,0,0,76000,120000,-44000,-44000
056552,台表科凱基99購01,0,0,0,0,0,0,0,0,0,-44000,0,0,0,58000,102000,-44000,-44000
057870,大立光凱基99購02,0,0,0,0,0,0,0,0,0,-44000,0,0,0,0,44000,-44000,-44000
057422,欣興凱基98購04  ,0,0,0,0,0,0,0,0,0,-44000,0,0,0,0,44000,-44000,-44000
057592,美律兆豐99購01  ,0,0,0,0,0,0,0,0,0,-44000,0,0,0,1000,45000,-44000,-44000
062615,亞德客元大9B購02,0,0,0,0,0,0,0,0,0,-44000,0,0,0,20000,64000,-44000,-44000
062406,臻鼎永豐9B購01  ,0,0,0,0,0,0,0,0,0,-44000,0,0,0,68000,112000,-44000,-44000
061425,華新科元大9A購19,0,0,0,0,0,0,0,0,0,-44000,0,0,0,51000,95000,-44000,-44000
062654,技嘉永豐9B購01  ,0,0,0,0,0,0,0,0,0,-44000,0,0,0,68000,112000,-44000,-44000
060280,元金2X元大9A購01,0,0,0,0,0,0,0,0,0,-44000,0,0,0,10000,54000,-44000,-44000
063680,寶成富邦9C購01  ,0,0,0,0,0,0,0,0,0,-44000,0,0,0,1074000,1118000,-44000,-44000
061432,世紀鋼元大9A購05,0,0,0,0,0,0,0,0,0,-44000,0,0,0,6000,50000,-44000,-44000
061782,智邦群益9B購01  ,0,0,0,0,0,0,0,0,0,-44000,0,0,0,59000,103000,-44000,-44000
061124,微星永豐9A購02  ,0,0,0,0,0,0,0,0,0,-44000,0,0,0,249000,293000,-44000,-44000
065854,臻鼎元大9C購05  ,0,0,0,0,0,0,0,0,0,-44000,0,0,0,76000,120000,-44000,-44000
065363,國巨元大01購04  ,0,0,0,0,0,0,0,0,0,-44000,0,0,0,56000,100000,-44000,-44000
065073,亞德客元大01購02,0,0,0,0,0,0,0,0,0,-44000,0,0,0,0,44000,-44000,-44000
064903,新唐群益9C購01  ,0,0,0,0,0,0,0,0,0,-44000,0,0,0,0,44000,-44000,-44000
5533,皇鼎            ,0,44525,-44525,0,0,0,0,0,0,0,0,0,0,0,0,0,-44525
067184,聯發科凱基01購13,0,0,0,0,0,0,0,0,0,-45000,0,0,0,0,45000,-45000,-45000
066827,聯發科群益02購04,0,0,0,0,0,0,0,0,0,-45000,0,0,0,30000,75000,-45000,-45000
066758,智邦永豐01購01  ,0,0,0,0,0,0,0,0,0,-45000,0,0,0,23000,68000,-45000,-45000
1315,達新            ,5000,110000,-105000,0,0,0,0,0,0,60000,0,0,0,66000,6000,60000,-45000
08724P,臺股指元大01售05,0,0,0,0,0,0,0,0,0,-45000,0,0,0,0,45000,-45000,-45000
08432P,台勝科凱基9C售02,0,0,0,0,0,0,0,0,0,-45000,0,0,0,0,45000,-45000,-45000
08365P,貿聯凱基9C售01  ,0,0,0,0,0,0,0,0,0,-45000,0,0,0,40000,85000,-45000,-45000
08000P,奇鋐凱基9B售03  ,0,0,0,0,0,0,0,0,0,-45000,0,0,0,15000,60000,-45000,-45000
08135P,玉晶光國泰01售02,0,0,0,0,0,0,0,0,0,-45000,0,0,0,0,45000,-45000,-45000
07300P,臺股指元大9A售33,0,0,0,0,0,0,0,0,0,-45000,0,0,0,0,45000,-45000,-45000
057287,彩晶元大9C購03  ,0,0,0,0,0,0,0,0,0,-45000,0,0,0,57000,102000,-45000,-45000
058864,欣興凱基99購04  ,0,0,0,0,0,0,0,0,0,-45000,0,0,0,0,45000,-45000,-45000
058006,台郡群益98購04  ,0,0,0,0,0,0,0,0,0,-45000,0,0,0,4000,49000,-45000,-45000
051047,深中小群益99購01,0,0,0,0,0,0,0,0,0,-45000,0,0,0,10000,55000,-45000,-45000
056715,瀚宇博永豐98購01,0,0,0,0,0,0,0,0,0,-45000,0,0,0,34000,79000,-45000,-45000
060421,華擎永豐9A購01  ,0,0,0,0,0,0,0,0,0,-45000,0,0,0,44000,89000,-45000,-45000
060811,亞德客凱基9A購02,0,0,0,0,0,0,0,0,0,-45000,0,0,0,0,45000,-45000,-45000
063499,金像電永豐9B購03,0,0,0,0,0,0,0,0,0,-45000,0,0,0,3000,48000,-45000,-45000
060166,佐登永豐9A購01  ,0,0,0,0,0,0,0,0,0,-45000,0,0,0,0,45000,-45000,-45000
059860,台積電群益9A購02,0,0,0,0,0,0,0,0,0,-45000,0,0,0,1000,46000,-45000,-45000
062760,漢唐凱基9B購01  ,0,0,0,0,0,0,0,0,0,-45000,0,0,0,0,45000,-45000,-45000
063215,台表科國票9C購02,0,0,0,0,0,0,0,0,0,-45000,0,0,0,0,45000,-45000,-45000
063159,嘉澤國泰01購01  ,0,0,0,0,0,0,0,0,0,-45000,0,0,0,0,45000,-45000,-45000
062422,億光統一01購01  ,0,0,0,0,0,0,0,0,0,-45000,0,0,0,0,45000,-45000,-45000
064947,台積電凱基01購08,0,0,0,0,0,0,0,0,0,-45000,0,0,0,400000,445000,-45000,-45000
065009,勤誠國票01購01  ,0,0,0,0,0,0,0,0,0,-45000,0,0,0,38000,83000,-45000,-45000
064158,健鼎統一02購01  ,0,0,0,0,0,0,0,0,0,-45000,0,0,0,94000,139000,-45000,-45000
064159,新日興統一01購02,0,0,0,0,0,0,0,0,0,-45000,0,0,0,11000,56000,-45000,-45000
065428,旺宏凱基03購01  ,0,0,0,0,0,0,0,0,0,-45000,0,0,0,10000,55000,-45000,-45000
066204,京鼎統一02購01  ,0,0,0,0,0,0,0,0,0,-45000,0,0,0,76000,121000,-45000,-45000
066027,華擎群益02購01  ,0,0,0,0,0,0,0,0,0,-45000,0,0,0,24000,69000,-45000,-45000
2233,宇隆            ,20000,65000,-45000,0,0,0,0,0,0,0,0,0,0,0,0,0,-45000
2379,瑞昱            ,1707198,1629652,77546,0,0,0,0,2000,-2000,-121000,19000,116000,-97000,4000,28000,-24000,-45454
08632P,聯發科元大9C售19,0,0,0,0,0,0,0,0,0,-46000,0,0,0,0,46000,-46000,-46000
08845P,友訊元大01售05  ,0,0,0,0,0,0,0,0,0,-46000,0,0,0,0,46000,-46000,-46000
066779,上証2X中信03購01,0,0,0,0,0,0,0,0,0,-46000,0,0,0,11000,57000,-46000,-46000
066821,臺指反群益01購03,0,0,0,0,0,0,0,0,0,-46000,0,0,0,0,46000,-46000,-46000
066811,致新凱基01購03  ,0,0,0,0,0,0,0,0,0,-46000,0,0,0,4000,50000,-46000,-46000
066402,泰鼎凱基01購02  ,0,0,0,0,0,0,0,0,0,-46000,0,0,0,229000,275000,-46000,-46000
055104,台達電凱基98購01,0,0,0,0,0,0,0,0,0,-46000,0,0,0,0,46000,-46000,-46000
059360,全新永豐99購02  ,0,0,0,0,0,0,0,0,0,-46000,0,0,0,0,46000,-46000,-46000
057276,全新元大99購03  ,0,0,0,0,0,0,0,0,0,-46000,0,0,0,0,46000,-46000,-46000
062478,牧德國票9B購03  ,0,0,0,0,0,0,0,0,0,-46000,0,0,0,53000,99000,-46000,-46000
062088,緯穎元大9B購04  ,0,0,0,0,0,0,0,0,0,-46000,0,0,0,34000,80000,-46000,-46000
060598,鴻海凱基9A購20  ,0,0,0,0,0,0,0,0,0,-46000,0,0,0,0,46000,-46000,-46000
063126,TPK元大9B購01   ,0,0,0,0,0,0,0,0,0,-46000,0,0,0,75000,121000,-46000,-46000
060254,世紀鋼元大9A購01,0,0,0,0,0,0,0,0,0,-46000,0,0,0,4000,50000,-46000,-46000
060714,晶技永豐9A購02  ,0,0,0,0,0,0,0,0,0,-46000,0,0,0,47000,93000,-46000,-46000
065880,訊芯群益9C購01  ,0,0,0,0,0,0,0,0,0,-46000,0,0,0,67000,113000,-46000,-46000
065691,國巨群益9C購16  ,0,0,0,0,0,0,0,0,0,-46000,0,0,0,0,46000,-46000,-46000
06552P,茂林元大99售02  ,0,0,0,0,0,0,0,0,0,-46000,0,0,0,3000,49000,-46000,-46000
065320,技嘉凱基9C購02  ,0,0,0,0,0,0,0,0,0,-46000,0,0,0,27000,73000,-46000,-46000
064247,廣達元富9C購01  ,0,0,0,0,0,0,0,0,0,-46000,0,0,0,94000,140000,-46000,-46000
063867,全新永豐9C購01  ,0,0,0,0,0,0,0,0,0,-46000,0,0,0,0,46000,-46000,-46000
064596,台表科統一01購03,0,0,0,0,0,0,0,0,0,-46000,0,0,0,20000,66000,-46000,-46000
2476,鉅祥            ,0,46000,-46000,0,0,0,0,0,0,0,0,0,0,0,0,0,-46000
1730,花仙子          ,1000,47000,-46000,0,0,0,0,0,0,0,0,0,0,0,0,0,-46000
3164,景岳            ,3000,49000,-46000,0,0,0,0,0,0,0,0,0,0,0,0,0,-46000
8103,瀚荃            ,107000,153000,-46000,0,0,0,0,0,0,0,0,0,0,0,0,0,-46000
2023,燁輝            ,234000,279847,-45847,0,0,0,0,0,0,-1000,0,1000,-1000,0,0,0,-46847
067286,新日興國票02購02,0,0,0,0,0,0,0,0,0,-47000,0,0,0,0,47000,-47000,-47000
08789P,A50正2元富01售04,0,0,0,0,0,0,0,0,0,-47000,0,0,0,8000,55000,-47000,-47000
08546P,可成中信9C售02  ,0,0,0,0,0,0,0,0,0,-47000,0,0,0,0,47000,-47000,-47000
07225P,台積電元大99售33,0,0,0,0,0,0,0,0,0,-47000,0,0,0,0,47000,-47000,-47000
059042,世紀鋼群益99購02,0,0,0,0,0,0,0,0,0,-47000,0,0,0,6000,53000,-47000,-47000
059985,華新科元大99購22,0,0,0,0,0,0,0,0,0,-47000,0,0,0,4000,51000,-47000,-47000
063364,聯發科富邦01購02,0,0,0,0,0,0,0,0,0,-47000,0,0,0,0,47000,-47000,-47000
063081,技嘉凱基9B購02  ,0,0,0,0,0,0,0,0,0,-47000,0,0,0,33000,80000,-47000,-47000
063262,南六富邦9C購01  ,0,0,0,0,0,0,0,0,0,-47000,0,0,0,46000,93000,-47000,-47000
062932,滬深2X凱基01購01,0,0,0,0,0,0,0,0,0,-47000,0,0,0,1000,48000,-47000,-47000
062870,亞德客兆豐9C購01,0,0,0,0,0,0,0,0,0,-47000,0,0,0,38000,85000,-47000,-47000
060471,台勝科元大9B購01,0,0,0,0,0,0,0,0,0,-47000,0,0,0,0,47000,-47000,-47000
065002,致茂國票01購01  ,0,0,0,0,0,0,0,0,0,-47000,0,0,0,2000,49000,-47000,-47000
064314,信邦群益9C購01  ,0,0,0,0,0,0,0,0,0,-47000,0,0,0,20000,67000,-47000,-47000
064381,道瓊銀國泰02購01,0,0,0,0,0,0,0,0,0,-47000,0,0,0,0,47000,-47000,-47000
065776,鴻海國泰03購01  ,0,0,0,0,0,0,0,0,0,-47000,0,0,0,264000,311000,-47000,-47000
065874,智原群益9C購01  ,0,0,0,0,0,0,0,0,0,-47000,0,0,0,37000,84000,-47000,-47000
065957,華擎統一03購02  ,0,0,0,0,0,0,0,0,0,-47000,0,0,0,5000,52000,-47000,-47000
066015,健策元富01購01  ,0,0,0,0,0,0,0,0,0,-47000,0,0,0,4000,51000,-47000,-47000
066291,惠特元大01購01  ,0,0,0,0,0,0,0,0,0,-47000,0,0,0,35000,82000,-47000,-47000
08264P,南電元大9C售02  ,0,0,0,0,0,0,0,0,0,-48000,0,0,0,0,48000,-48000,-48000
08573P,台積電凱基9C售06,0,0,0,0,0,0,0,0,0,-48000,0,0,0,4000,52000,-48000,-48000
08797P,健策凱基02售03  ,0,0,0,0,0,0,0,0,0,-48000,0,0,0,26000,74000,-48000,-48000
08866P,旭富元大01售01  ,0,0,0,0,0,0,0,0,0,-48000,0,0,0,0,48000,-48000,-48000
1108,幸福            ,3000,51000,-48000,0,0,0,0,0,0,0,0,0,0,0,0,0,-48000
1506,正道            ,0,48000,-48000,0,0,0,0,0,0,0,0,0,0,0,0,0,-48000
066408,致新凱基01購02  ,0,0,0,0,0,0,0,0,0,-48000,0,0,0,20000,68000,-48000,-48000
066358,美利達永豐01購01,0,0,0,0,0,0,0,0,0,-48000,0,0,0,20000,68000,-48000,-48000
059094,臻鼎元大99購03  ,0,0,0,0,0,0,0,0,0,-48000,0,0,0,41000,89000,-48000,-48000
060571,京元電永豐9A購01,0,0,0,0,0,0,0,0,0,-48000,0,0,0,54000,102000,-48000,-48000
062923,緯穎元大9B購06  ,0,0,0,0,0,0,0,0,0,-48000,0,0,0,0,48000,-48000,-48000
060416,神隆永豐9A購01  ,0,0,0,0,0,0,0,0,0,-48000,0,0,0,26000,74000,-48000,-48000
061155,華新科群益9A購06,0,0,0,0,0,0,0,0,0,-48000,0,0,0,0,48000,-48000,-48000
060841,宏達電國票9B購01,0,0,0,0,0,0,0,0,0,-48000,0,0,0,0,48000,-48000,-48000
066030,超眾群益01購01  ,0,0,0,0,0,0,0,0,0,-48000,0,0,0,66000,114000,-48000,-48000
064318,彩晶群益9C購01  ,0,0,0,0,0,0,0,0,0,-48000,0,0,0,0,48000,-48000,-48000
063766,南茂元富9B購01  ,0,0,0,0,0,0,0,0,0,-48000,0,0,0,50000,98000,-48000,-48000
064706,嘉晶富邦01購01  ,0,0,0,0,0,0,0,0,0,-48000,0,0,0,5000,53000,-48000,-48000
064462,致伸統一02購01  ,0,0,0,0,0,0,0,0,0,-48000,0,0,0,34000,82000,-48000,-48000
064406,健策凱基03購01  ,0,0,0,0,0,0,0,0,0,-48000,0,0,0,30000,78000,-48000,-48000
2423,固緯            ,6000,54000,-48000,0,0,0,0,0,0,0,0,0,0,0,0,0,-48000
6131,鈞泰            ,0,48000,-48000,0,0,0,0,0,0,0,0,0,0,0,0,0,-48000
3023,信邦            ,650000,697112,-47112,0,0,0,0,1000,-1000,0,0,0,0,15000,15000,0,-48112
1476,儒鴻            ,144079,191000,-46921,0,0,0,3000,1000,2000,-4000,39000,2000,37000,4000,45000,-41000,-48921
1522,堤維西          ,60000,109000,-49000,0,0,0,0,0,0,0,0,0,0,0,0,0,-49000
08803P,鴻海元富07售08  ,0,0,0,0,0,0,0,0,0,-49000,0,0,0,1000,50000,-49000,-49000
08623P,健策群益01售04  ,0,0,0,0,0,0,0,0,0,-49000,0,0,0,53000,102000,-49000,-49000
08716P,台積電兆豐01售02,0,0,0,0,0,0,0,0,0,-49000,0,0,0,117000,166000,-49000,-49000
08521P,台達電元大9C售03,0,0,0,0,0,0,0,0,0,-49000,0,0,0,54000,103000,-49000,-49000
08225P,臺股指凱基9B售20,0,0,0,0,0,0,0,0,0,-49000,0,0,0,65000,114000,-49000,-49000
07830P,牧德凱基9A售03  ,0,0,0,0,0,0,0,0,0,-49000,0,0,0,30000,79000,-49000,-49000
066868,聯發科元富07購01,0,0,0,0,0,0,0,0,0,-49000,0,0,0,20000,69000,-49000,-49000
066776,創意富邦03購02  ,0,0,0,0,0,0,0,0,0,-49000,0,0,0,30000,79000,-49000,-49000
058313,台積電富邦9B購04,0,0,0,0,0,0,0,0,0,-49000,0,0,0,373000,422000,-49000,-49000
057118,欣興日盛9A購01  ,0,0,0,0,0,0,0,0,0,-49000,0,0,0,56000,105000,-49000,-49000
055780,禾伸堂凱基99購01,0,0,0,0,0,0,0,0,0,-49000,0,0,0,0,49000,-49000,-49000
056041,禾伸堂凱基98購03,0,0,0,0,0,0,0,0,0,-49000,0,0,0,0,49000,-49000,-49000
064507,臻鼎元大9C購02  ,0,0,0,0,0,0,0,0,0,-49000,0,0,0,1000,50000,-49000,-49000
064778,美律群益9C購01  ,0,0,0,0,0,0,0,0,0,-49000,0,0,0,0,49000,-49000,-49000
065853,智伸科元大9C購02,0,0,0,0,0,0,0,0,0,-49000,0,0,0,156000,205000,-49000,-49000
065070,臺股指群益9C購18,0,0,0,0,0,0,0,0,0,-49000,0,0,0,0,49000,-49000,-49000
065652,超眾元大01購02  ,0,0,0,0,0,0,0,0,0,-49000,0,0,0,1000,50000,-49000,-49000
065438,緯穎凱基9C購04  ,0,0,0,0,0,0,0,0,0,-49000,0,0,0,1000,50000,-49000,-49000
3015,全漢            ,63000,112000,-49000,0,0,0,0,0,0,0,0,0,0,0,0,0,-49000
3031,佰鴻            ,18000,67000,-49000,0,0,0,0,0,0,0,0,0,0,0,0,0,-49000
1906,寶隆            ,3000,52000,-49000,0,0,0,0,0,0,0,0,0,0,0,0,0,-49000
1440,南紡            ,705000,742464,-37464,0,0,0,0,11772,-11772,0,0,0,0,0,0,0,-49236
08890P,為升元大01售04  ,0,0,0,0,0,0,0,0,0,-50000,0,0,0,0,50000,-50000,-50000
08564P,國巨群益9C售15  ,0,0,0,0,0,0,0,0,0,-50000,0,0,0,0,50000,-50000,-50000
08717P,台灣50元大01售16,0,0,0,0,0,0,0,0,0,-50000,0,0,0,0,50000,-50000,-50000
08746P,鴻海元富07售06  ,0,0,0,0,0,0,0,0,0,-50000,0,0,0,0,50000,-50000,-50000
07226P,貿聯富邦9B售01  ,0,0,0,0,0,0,0,0,0,-50000,0,0,0,0,50000,-50000,-50000
07308P,滬深2X凱基9A售01,0,0,0,0,0,0,0,0,0,-50000,0,0,0,150000,200000,-50000,-50000
07263P,台積電元大99售37,0,0,0,0,0,0,0,0,0,-50000,0,0,0,50000,100000,-50000,-50000
07621P,台積電統一9B售09,0,0,0,0,0,0,0,0,0,-50000,0,0,0,0,50000,-50000,-50000
08277P,嘉晶元富9C售02  ,0,0,0,0,0,0,0,0,0,-50000,0,0,0,80000,130000,-50000,-50000
08177P,金像電元大9B售02,0,0,0,0,0,0,0,0,0,-50000,0,0,0,0,50000,-50000,-50000
08139P,華新科元大9B售12,0,0,0,0,0,0,0,0,0,-50000,0,0,0,0,50000,-50000,-50000
08004P,大毅永豐9B售02  ,0,0,0,0,0,0,0,0,0,-50000,0,0,0,0,50000,-50000,-50000
066671,TPK凱基02購02   ,0,0,0,0,0,0,0,0,0,-50000,0,0,0,1000,51000,-50000,-50000
066622,南帝凱基01購01  ,0,0,0,0,0,0,0,0,0,-50000,0,0,0,0,50000,-50000,-50000
066952,亞光元大01購03  ,0,0,0,0,0,0,0,0,0,-50000,0,0,0,0,50000,-50000,-50000
066915,訊芯凱基02購01  ,0,0,0,0,0,0,0,0,0,-50000,0,0,0,0,50000,-50000,-50000
066803,智原凱基01購02  ,0,0,0,0,0,0,0,0,0,-50000,0,0,0,0,50000,-50000,-50000
066784,滬深反中信03購01,0,0,0,0,0,0,0,0,0,-50000,0,0,0,28000,78000,-50000,-50000
066406,南六凱基01購02  ,0,0,0,0,0,0,0,0,0,-50000,0,0,0,0,50000,-50000,-50000
066399,聯鈞凱基01購02  ,0,0,0,0,0,0,0,0,0,-50000,0,0,0,0,50000,-50000,-50000
066559,聯鈞元大01購03  ,0,0,0,0,0,0,0,0,0,-50000,0,0,0,0,50000,-50000,-50000
066588,台積電群益01購06,0,0,0,0,0,0,0,0,0,-50000,0,0,0,1127000,1177000,-50000,-50000
066498,康控國泰02購01  ,0,0,0,0,0,0,0,0,0,-50000,0,0,0,50000,100000,-50000,-50000
066508,世紀鋼富邦03購01,0,0,0,0,0,0,0,0,0,-50000,0,0,0,5000,55000,-50000,-50000
067277,樺漢統一03購01  ,0,0,0,0,0,0,0,0,0,-50000,0,0,0,0,50000,-50000,-50000
067156,樺漢統一04購01  ,0,0,0,0,0,0,0,0,0,-50000,0,0,0,0,50000,-50000,-50000
067105,全新群益02購02  ,0,0,0,0,0,0,0,0,0,-50000,0,0,0,0,50000,-50000,-50000
067002,生達永豐01購02  ,0,0,0,0,0,0,0,0,0,-50000,0,0,0,8000,58000,-50000,-50000
066943,FBVIX元大04購01 ,0,0,0,0,0,0,0,0,0,-50000,0,0,0,0,50000,-50000,-50000
067528,聚陽群益01購01  ,0,0,0,0,0,0,0,0,0,-50000,0,0,0,0,50000,-50000,-50000
07024P,臺股指永豐99售02,0,0,0,0,0,0,0,0,0,-50000,0,0,0,0,50000,-50000,-50000
06929P,鴻海元大99售11  ,0,0,0,0,0,0,0,0,0,-50000,0,0,0,0,50000,-50000,-50000
07061P,台積電元大99售14,0,0,0,0,0,0,0,0,0,-50000,0,0,0,0,50000,-50000,-50000
056113,新日興兆豐98購01,0,0,0,0,0,0,0,0,0,-50000,0,0,0,0,50000,-50000,-50000
056161,康控凱基98購02  ,0,0,0,0,0,0,0,0,0,-50000,0,0,0,0,50000,-50000,-50000
055924,深中小群益9B購01,0,0,0,0,0,0,0,0,0,-50000,0,0,0,0,50000,-50000,-50000
056522,T50反1中信9B購01,0,0,0,0,0,0,0,0,0,-50000,0,0,0,0,50000,-50000,-50000
056981,全新群益99購03  ,0,0,0,0,0,0,0,0,0,-50000,0,0,0,0,50000,-50000,-50000
058577,南亞科群益99購02,0,0,0,0,0,0,0,0,0,-50000,0,0,0,20000,70000,-50000,-50000
056699,光罩國泰99購01  ,0,0,0,0,0,0,0,0,0,-50000,0,0,0,8000,58000,-50000,-50000
056618,京元電永豐98購01,0,0,0,0,0,0,0,0,0,-50000,0,0,0,0,50000,-50000,-50000
048177,臺指反富邦99購01,0,0,0,0,0,0,0,0,0,-50000,0,0,0,0,50000,-50000,-50000
058308,全新元大9B購01  ,0,0,0,0,0,0,0,0,0,-50000,0,0,0,0,50000,-50000,-50000
058387,國巨國票9A購03  ,0,0,0,0,0,0,0,0,0,-50000,0,0,0,12000,62000,-50000,-50000
062547,玉晶光永豐9B購05,0,0,0,0,0,0,0,0,0,-50000,0,0,0,68000,118000,-50000,-50000
062331,大立光統一9B購10,0,0,0,0,0,0,0,0,0,-50000,0,0,0,0,50000,-50000,-50000
059166,友達凱基99購05  ,0,0,0,0,0,0,0,0,0,-50000,0,0,0,10000,60000,-50000,-50000
059223,大立光元大99購14,0,0,0,0,0,0,0,0,0,-50000,0,0,0,0,50000,-50000,-50000
057762,全新凱基99購03  ,0,0,0,0,0,0,0,0,0,-50000,0,0,0,0,50000,-50000,-50000
057258,中環兆豐98購01  ,0,0,0,0,0,0,0,0,0,-50000,0,0,0,0,50000,-50000,-50000
058673,華新科群益9A購02,0,0,0,0,0,0,0,0,0,-50000,0,0,0,5000,55000,-50000,-50000
057878,台郡元大99購04  ,0,0,0,0,0,0,0,0,0,-50000,0,0,0,0,50000,-50000,-50000
061457,TPK凱基9A購01   ,0,0,0,0,0,0,0,0,0,-50000,0,0,0,11000,61000,-50000,-50000
061713,華邦電凱基9A購01,0,0,0,0,0,0,0,0,0,-50000,0,0,0,0,50000,-50000,-50000
061070,超眾凱基9C購01  ,0,0,0,0,0,0,0,0,0,-50000,0,0,0,0,50000,-50000,-50000
061065,神基凱基9A購01  ,0,0,0,0,0,0,0,0,0,-50000,0,0,0,0,50000,-50000,-50000
060761,南亞科元大9A購05,0,0,0,0,0,0,0,0,0,-50000,0,0,0,0,50000,-50000,-50000
063294,美律麥證9B購01  ,0,0,0,0,50000,-50000,0,0,0,-50000,0,0,0,0,50000,-50000,-50000
061850,國巨國票9C購02  ,0,0,0,0,0,0,0,0,0,-50000,0,0,0,12000,62000,-50000,-50000
061838,華新科凱基05購03,0,0,0,0,0,0,0,0,0,-50000,0,0,0,1000,51000,-50000,-50000
061538,SP黃豆群益9A購03,0,0,0,0,0,0,0,0,0,-50000,0,0,0,0,50000,-50000,-50000
060244,大立光元大9B購02,0,0,0,0,0,0,0,0,0,-50000,0,0,0,0,50000,-50000,-50000
060097,華新科元大99購23,0,0,0,0,0,0,0,0,0,-50000,0,0,0,0,50000,-50000,-50000
060046,S&P反1凱基99購02,0,0,0,0,0,0,0,0,0,-50000,0,0,0,0,50000,-50000,-50000
062912,新日興元大9B購01,0,0,0,0,0,0,0,0,0,-50000,0,0,0,10000,60000,-50000,-50000
062811,鴻海兆豐9B購01  ,0,0,0,0,0,0,0,0,0,-50000,0,0,0,8000,58000,-50000,-50000
060505,友達元大9C購05  ,0,0,0,0,0,0,0,0,0,-50000,0,0,0,0,50000,-50000,-50000
059637,大立光凱基01購01,0,0,0,0,0,0,0,0,0,-50000,0,0,0,0,50000,-50000,-50000
062152,國巨麥證9C購01  ,0,0,0,0,50000,-50000,0,0,0,-50000,0,0,0,0,50000,-50000,-50000
060666,聯茂凱基9A購02  ,0,0,0,0,0,0,0,0,0,-50000,0,0,0,0,50000,-50000,-50000
061374,力山永豐9A購04  ,0,0,0,0,0,0,0,0,0,-50000,0,0,0,5000,55000,-50000,-50000
063194,華新科台新9B購01,0,0,0,0,0,0,0,0,0,-50000,0,0,0,0,50000,-50000,-50000
065664,矽格永豐9C購01  ,0,0,0,0,0,0,0,0,0,-50000,0,0,0,31000,81000,-50000,-50000
065076,中橡元大9C購01  ,0,0,0,0,0,0,0,0,0,-50000,0,0,0,260000,310000,-50000,-50000
065077,鴻海元大01購03  ,0,0,0,0,0,0,0,0,0,-50000,0,0,0,0,50000,-50000,-50000
065089,大立光元大9C購23,0,0,0,0,0,0,0,0,0,-50000,0,0,0,0,50000,-50000,-50000
065166,台達電元大9C購04,0,0,0,0,0,0,0,0,0,-50000,0,0,0,0,50000,-50000,-50000
065142,華邦電凱基01購01,0,0,0,0,0,0,0,0,0,-50000,0,0,0,20000,70000,-50000,-50000
065163,香港反元大03購01,0,0,0,0,0,0,0,0,0,-50000,0,0,0,0,50000,-50000,-50000
065279,T50反1群益9C購03,0,0,0,0,0,0,0,0,0,-50000,0,0,0,0,50000,-50000,-50000
065845,友達元大9C購12  ,0,0,0,0,0,0,0,0,0,-50000,0,0,0,0,50000,-50000,-50000
065860,南電元大02購01  ,0,0,0,0,0,0,0,0,0,-50000,0,0,0,73000,123000,-50000,-50000
065966,國巨元大01購06  ,0,0,0,0,0,0,0,0,0,-50000,0,0,0,85000,135000,-50000,-50000
066192,嘉基凱基01購01  ,0,0,0,0,0,0,0,0,0,-50000,0,0,0,0,50000,-50000,-50000
064616,智邦元大9C購04  ,0,0,0,0,0,0,0,0,0,-50000,0,0,0,23000,73000,-50000,-50000
064624,群創元大02購01  ,0,0,0,0,0,0,0,0,0,-50000,0,0,0,9000,59000,-50000,-50000
063728,國巨元大9B購21  ,0,0,0,0,0,0,0,0,0,-50000,0,0,0,50000,100000,-50000,-50000
063937,上銀元大9C購02  ,0,0,0,0,0,0,0,0,0,-50000,0,0,0,0,50000,-50000,-50000
1806,冠軍            ,27000,85000,-58000,0,0,0,0,0,0,8000,8000,0,8000,0,0,0,-50000
911868,同方友友-DR     ,0,50000,-50000,0,0,0,0,0,0,0,0,0,0,0,0,0,-50000
08577P,臺指2X中信03售01,0,0,0,0,0,0,0,0,0,-51000,0,0,0,0,51000,-51000,-51000
08608P,臺股指富邦9C售06,0,0,0,0,0,0,0,0,0,-51000,0,0,0,0,51000,-51000,-51000
059424,SGBR2X元大9A購01,0,0,0,0,0,0,0,0,0,-51000,0,0,0,8000,59000,-51000,-51000
056609,楠梓電永豐98購02,0,0,0,0,0,0,0,0,0,-51000,0,0,0,32000,83000,-51000,-51000
062104,上証2X國票9B購03,0,0,0,0,0,0,0,0,0,-51000,0,0,0,0,51000,-51000,-51000
062819,奇鋐兆豐9B購01  ,0,0,0,0,0,0,0,0,0,-51000,0,0,0,260000,311000,-51000,-51000
063483,致新元大9B購03  ,0,0,0,0,0,0,0,0,0,-51000,0,0,0,50000,101000,-51000,-51000
063535,聯發科統一9B購13,0,0,0,0,0,0,0,0,0,-51000,0,0,0,0,51000,-51000,-51000
060763,聯鈞元大9A購03  ,0,0,0,0,0,0,0,0,0,-51000,0,0,0,10000,61000,-51000,-51000
063917,南六凱基02購01  ,0,0,0,0,0,0,0,0,0,-51000,0,0,0,8000,59000,-51000,-51000
6605,帝寶            ,2000,53000,-51000,0,0,0,0,0,0,0,0,0,0,0,0,0,-51000
07688P,華通元大9A售07  ,0,0,0,0,0,0,0,0,0,-52000,0,0,0,48000,100000,-52000,-52000
057552,禾伸堂凱基98購05,0,0,0,0,0,0,0,0,0,-52000,0,0,0,47000,99000,-52000,-52000
057985,華通元富02購03  ,0,0,0,0,0,0,0,0,0,-52000,0,0,0,0,52000,-52000,-52000
063398,信邦群益9B購02  ,0,0,0,0,0,0,0,0,0,-52000,0,0,0,14000,66000,-52000,-52000
063954,世芯元大01購02  ,0,0,0,0,0,0,0,0,0,-52000,0,0,0,39000,91000,-52000,-52000
064297,台郡國票01購01  ,0,0,0,0,0,0,0,0,0,-52000,0,0,0,5000,57000,-52000,-52000
064219,滬深2X國票03購01,0,0,0,0,0,0,0,0,0,-52000,0,0,0,78000,130000,-52000,-52000
066078,南電凱基02購02  ,0,0,0,0,0,0,0,0,0,-52000,0,0,0,0,52000,-52000,-52000
6670,復盛應用        ,1000,46000,-45000,0,0,0,0,0,0,-7000,0,0,0,0,7000,-7000,-52000
2702,華園            ,12000,64000,-52000,0,0,0,0,0,0,0,0,0,0,0,0,0,-52000
3494,誠研            ,8000,60000,-52000,0,0,0,0,0,0,0,0,0,0,0,0,0,-52000
3033,威健            ,33000,85865,-52865,0,0,0,0,0,0,0,0,0,0,0,0,0,-52865
07103P,南電元大99售04  ,0,0,0,0,0,0,0,0,0,-53000,0,0,0,21000,74000,-53000,-53000
06935P,神達元大98售02  ,0,0,0,0,0,0,0,0,0,-53000,0,0,0,405000,458000,-53000,-53000
067446,台積電國票02購03,0,0,0,0,0,0,0,0,0,-53000,0,0,0,0,53000,-53000,-53000
066620,長興凱基01購01  ,0,0,0,0,0,0,0,0,0,-53000,0,0,0,0,53000,-53000,-53000
059219,旺宏元大99購12  ,0,0,0,0,0,0,0,0,0,-53000,0,0,0,5000,58000,-53000,-53000
063650,矽創元大9B購03  ,0,0,0,0,0,0,0,0,0,-53000,0,0,0,57000,110000,-53000,-53000
061110,超眾元大9A購03  ,0,0,0,0,0,0,0,0,0,-53000,0,0,0,25000,78000,-53000,-53000
061227,日月光中信9B購01,0,0,0,0,0,0,0,0,0,-53000,0,0,0,39000,92000,-53000,-53000
066279,拓凱元大01購01  ,0,1000,-1000,0,0,0,0,0,0,-52000,0,0,0,97000,149000,-52000,-53000
065411,旺宏永豐9C購02  ,0,0,0,0,0,0,0,0,0,-53000,0,0,0,295000,348000,-53000,-53000
065381,緯穎元大9C購03  ,0,0,0,0,0,0,0,0,0,-53000,0,0,0,0,53000,-53000,-53000
064265,嘉聯益永豐9C購02,0,0,0,0,0,0,0,0,0,-53000,0,0,0,0,53000,-53000,-53000
6235,華孚            ,364000,417000,-53000,0,0,0,0,0,0,0,0,0,0,0,0,0,-53000
066689,技嘉台新01購01  ,0,0,0,0,0,0,0,0,0,-54000,0,0,0,2000,56000,-54000,-54000
066481,華碩元富01購01  ,0,0,0,0,0,0,0,0,0,-54000,0,0,0,284000,338000,-54000,-54000
066531,智伸科元富01購01,0,0,0,0,0,0,0,0,0,-54000,0,0,0,51000,105000,-54000,-54000
08061P,大毅國票9B售04  ,0,0,0,0,0,0,0,0,0,-54000,0,0,0,10000,64000,-54000,-54000
08457P,大毅元大9C售03  ,0,0,0,0,0,0,0,0,0,-54000,0,0,0,1000,55000,-54000,-54000
059503,大立光富邦9B購04,0,0,0,0,0,0,0,0,0,-54000,0,0,0,0,54000,-54000,-54000
063577,台表科元大9C購04,0,0,0,0,0,0,0,0,0,-54000,0,0,0,65000,119000,-54000,-54000
063542,泰鼎元富9B購02  ,0,0,0,0,0,0,0,0,0,-54000,0,0,0,217000,271000,-54000,-54000
063321,泰鼎群益9B購03  ,0,0,0,0,0,0,0,0,0,-54000,0,0,0,139000,193000,-54000,-54000
060157,致茂永豐9A購02  ,0,0,0,0,0,0,0,0,0,-54000,0,0,0,130000,184000,-54000,-54000
063831,帆宣國票01購01  ,0,0,0,0,0,0,0,0,0,-54000,0,0,0,15000,69000,-54000,-54000
6558,興能高          ,85000,139000,-54000,0,0,0,0,0,0,0,0,0,0,0,0,0,-54000
3004,豐達科          ,18000,11000,7000,0,0,0,0,61000,-61000,0,0,0,0,0,0,0,-54000
2466,冠西電          ,0,54000,-54000,0,0,0,0,0,0,0,0,0,0,0,0,0,-54000
08353P,聯電元大9C售04  ,0,0,0,0,0,0,0,0,0,-55000,0,0,0,5000,60000,-55000,-55000
066549,京元電元大01購03,0,0,0,0,0,0,0,0,0,-55000,0,0,0,222000,277000,-55000,-55000
066338,德律永豐01購01  ,0,0,0,0,0,0,0,0,0,-55000,0,0,0,0,55000,-55000,-55000
066855,樺漢元大01購03  ,0,0,0,0,0,0,0,0,0,-55000,0,0,0,172000,227000,-55000,-55000
06868P,電子類元大99售01,0,0,0,0,0,0,0,0,0,-55000,0,0,0,0,55000,-55000,-55000
07070P,晶相光元富99售01,0,0,0,0,0,0,0,0,0,-55000,0,0,0,0,55000,-55000,-55000
057662,上銀元大9A購01  ,0,0,0,0,0,0,0,0,0,-55000,0,0,0,39000,94000,-55000,-55000
059101,康控統一9A購01  ,0,0,0,0,0,0,0,0,0,-55000,0,0,0,23000,78000,-55000,-55000
059451,國巨永豐99購05  ,0,0,0,0,0,0,0,0,0,-55000,0,0,0,0,55000,-55000,-55000
058744,FBVIX凱基9C購03 ,0,0,0,0,0,0,0,0,0,-55000,0,0,0,20000,75000,-55000,-55000
062526,友達統一01購01  ,0,0,0,0,0,0,0,0,0,-55000,0,0,0,0,55000,-55000,-55000
059917,華新科元大99購19,0,0,0,0,0,0,0,0,0,-55000,0,0,0,0,55000,-55000,-55000
062718,技嘉凱基9B購01  ,0,0,0,0,0,0,0,0,0,-55000,0,0,0,20000,75000,-55000,-55000
061267,玉山金凱基9B購01,0,0,0,0,0,0,0,0,0,-55000,0,0,0,25000,80000,-55000,-55000
061435,元金2X凱基9C購03,0,0,0,0,0,0,0,0,0,-55000,0,0,0,0,55000,-55000,-55000
061675,華新科元大9A購23,0,0,0,0,0,0,0,0,0,-55000,0,0,0,103000,158000,-55000,-55000
060999,國巨兆豐9A購01  ,0,0,0,0,0,0,0,0,0,-55000,0,0,0,56000,111000,-55000,-55000
063901,緯穎群益9C購01  ,0,0,0,0,0,0,0,0,0,-55000,0,0,0,14000,69000,-55000,-55000
064894,漢唐群益9C購02  ,0,0,0,0,0,0,0,0,0,-55000,0,0,0,15000,70000,-55000,-55000
065343,智邦統一01購03  ,0,0,0,0,0,0,0,0,0,-55000,0,0,0,58000,113000,-55000,-55000
066200,建準統一02購01  ,0,0,0,0,0,0,0,0,0,-55000,0,0,0,96000,151000,-55000,-55000
066208,聯鈞統一02購01  ,0,0,0,0,0,0,0,0,0,-55000,0,0,0,1000,56000,-55000,-55000
06922P,元上證群益9C售01,0,0,0,0,0,0,0,0,0,-56000,0,0,0,4000,60000,-56000,-56000
067236,聯發科群益01購06,0,0,0,0,0,0,0,0,0,-56000,0,0,0,0,56000,-56000,-56000
066725,華通元大01購05  ,0,0,0,0,0,0,0,0,0,-56000,0,0,0,8000,64000,-56000,-56000
08560P,茂林國票01售01  ,0,0,0,0,0,0,0,0,0,-56000,0,0,0,71000,127000,-56000,-56000
062489,可成永豐9B購02  ,0,0,0,0,0,0,0,0,0,-56000,0,0,0,44000,100000,-56000,-56000
062289,緯穎群益9B購01  ,0,0,0,0,0,0,0,0,0,-56000,0,0,0,0,56000,-56000,-56000
058901,美律元大99購07  ,0,0,0,0,0,0,0,0,0,-56000,0,0,0,54000,110000,-56000,-56000
057507,貿聯國票98購02  ,0,0,0,0,0,0,0,0,0,-56000,0,0,0,0,56000,-56000,-56000
057050,群創元大99購03  ,0,0,0,0,0,0,0,0,0,-56000,0,0,0,0,56000,-56000,-56000
055032,億光富邦99購01  ,0,0,0,0,0,0,0,0,0,-56000,0,0,0,54000,110000,-56000,-56000
063606,TPK凱基9C購01   ,0,0,0,0,0,0,0,0,0,-56000,0,0,0,14000,70000,-56000,-56000
062920,康友元大9B購01  ,0,0,0,0,0,0,0,0,0,-56000,0,0,0,0,56000,-56000,-56000
066288,晶碩元大01購01  ,0,0,0,0,0,0,0,0,0,-56000,0,0,0,222000,278000,-56000,-56000
066099,大立光中信05購01,0,0,0,0,0,0,0,0,0,-56000,0,0,0,152000,208000,-56000,-56000
066046,聯發科元大01購09,0,0,0,0,0,0,0,0,0,-56000,0,0,0,57000,113000,-56000,-56000
065719,T50反1兆豐9C購01,0,0,0,0,0,0,0,0,0,-56000,0,0,0,0,56000,-56000,-56000
065324,聯發科凱基9C購10,0,0,0,0,0,0,0,0,0,-56000,0,0,0,98000,154000,-56000,-56000
065573,新日興群益01購02,0,0,0,0,0,0,0,0,0,-56000,0,0,0,0,56000,-56000,-56000
3356,奇偶            ,21000,77000,-56000,0,0,0,0,0,0,0,0,0,0,0,0,0,-56000
08806P,技嘉元富07售02  ,0,0,0,0,0,0,0,0,0,-57000,0,0,0,3000,60000,-57000,-57000
08351P,南六國票01售02  ,0,0,0,0,0,0,0,0,0,-57000,0,0,0,306000,363000,-57000,-57000
07639P,緯穎國票9A售01  ,0,0,0,0,0,0,0,0,0,-57000,0,0,0,0,57000,-57000,-57000
066553,大立光元大01購09,0,0,0,0,0,0,0,0,0,-57000,0,0,0,8000,65000,-57000,-57000
067214,聯陽元大01購02  ,0,0,0,0,0,0,0,0,0,-57000,0,0,0,0,57000,-57000,-57000
056353,鴻海元大99購02  ,0,0,0,0,0,0,0,0,0,-57000,0,0,0,357000,414000,-57000,-57000
058672,可成群益9B購02  ,0,0,0,0,0,0,0,0,0,-57000,0,0,0,1000,58000,-57000,-57000
057770,亞德客群益98購01,0,0,0,0,0,0,0,0,0,-57000,0,0,0,60000,117000,-57000,-57000
058854,樺漢群益9B購01  ,0,0,0,0,0,0,0,0,0,-57000,0,0,0,3000,60000,-57000,-57000
059283,康友永豐99購02  ,0,0,0,0,0,0,0,0,0,-57000,0,0,0,9000,66000,-57000,-57000
059155,台表科日盛99購01,0,0,0,0,0,0,0,0,0,-57000,0,0,0,0,57000,-57000,-57000
060513,緯穎元大9B購01  ,0,0,0,0,0,0,0,0,0,-57000,0,0,0,93000,150000,-57000,-57000
065789,泰碩永豐9C購02  ,0,0,0,0,0,0,0,0,0,-57000,0,0,0,20000,77000,-57000,-57000
065909,大立光永豐9C購02,0,0,0,0,0,0,0,0,0,-57000,0,0,0,0,57000,-57000,-57000
064777,南亞科群益9C購01,0,0,0,0,0,0,0,0,0,-57000,0,0,0,0,57000,-57000,-57000
064721,國泰金統一02購01,0,0,0,0,0,0,0,0,0,-57000,0,0,0,0,57000,-57000,-57000
064488,台達電元大9C購01,0,0,0,0,0,0,0,0,0,-57000,0,0,0,0,57000,-57000,-57000
064014,貿聯國票01購01  ,0,0,0,0,0,0,0,0,0,-57000,0,0,0,67000,124000,-57000,-57000
063884,台表科元富03購01,0,0,0,0,0,0,0,0,0,-57000,0,0,0,10000,67000,-57000,-57000
6168,宏齊            ,22000,79000,-57000,0,0,0,0,0,0,0,0,0,0,0,0,0,-57000
067257,帆宣國票02購01  ,0,0,0,0,0,0,0,0,0,-58000,0,0,0,95000,153000,-58000,-58000
066557,京鼎元大01購01  ,0,0,0,0,0,0,0,0,0,-58000,0,0,0,155000,213000,-58000,-58000
08865P,欣興元大01售02  ,0,0,0,0,0,0,0,0,0,-58000,0,0,0,0,58000,-58000,-58000
057390,台表科永豐98購01,0,0,0,0,0,0,0,0,0,-58000,0,0,0,124000,182000,-58000,-58000
058735,南茂永豐99購01  ,0,0,0,0,0,0,0,0,0,-58000,0,0,0,42000,100000,-58000,-58000
058174,台積電凱基9A購05,0,0,0,0,0,0,0,0,0,-58000,0,0,0,25000,83000,-58000,-58000
058592,聯發科統一9C購01,0,0,0,0,0,0,0,0,0,-58000,0,0,0,1000,59000,-58000,-58000
061898,茂林永豐9B購01  ,0,0,0,0,0,0,0,0,0,-58000,0,0,0,10000,68000,-58000,-58000
061039,台表科永豐9A購03,0,0,0,0,0,0,0,0,0,-58000,0,0,0,5000,63000,-58000,-58000
060876,國巨中信9A購04  ,0,0,0,0,0,0,0,0,0,-58000,0,0,0,13000,71000,-58000,-58000
064703,T50反1國泰01購01,0,0,0,0,0,0,0,0,0,-58000,0,0,0,216000,274000,-58000,-58000
065915,聯發科凱基01購09,0,0,0,0,0,0,0,0,0,-58000,0,0,0,0,58000,-58000,-58000
065680,聯發科統一9C購16,0,0,0,0,0,0,0,0,0,-58000,0,0,0,242000,300000,-58000,-58000
066207,聯鈞統一01購02  ,0,0,0,0,0,0,0,0,0,-58000,0,0,0,0,58000,-58000,-58000
065323,聯發科凱基9C購09,0,0,0,0,0,0,0,0,0,-58000,0,0,0,0,58000,-58000,-58000
065361,上銀元大9C購11  ,0,0,0,0,0,0,0,0,0,-58000,0,0,0,10000,68000,-58000,-58000
08395P,燿華永豐9C售02  ,0,0,0,0,0,0,0,0,0,-59000,0,0,0,41000,100000,-59000,-59000
066747,台郡元大01購03  ,0,0,0,0,0,0,0,0,0,-59000,0,0,0,57000,116000,-59000,-59000
066653,矽格康和01購01  ,0,0,0,0,0,0,0,0,0,-59000,0,0,0,25000,84000,-59000,-59000
066806,京鼎凱基02購01  ,0,0,0,0,0,0,0,0,0,-59000,0,0,0,18000,77000,-59000,-59000
066908,聯發科凱基03購05,0,0,0,0,0,0,0,0,0,-59000,0,0,0,0,59000,-59000,-59000
067388,聯發科元富07購03,0,0,0,0,0,0,0,0,0,-59000,0,0,0,1000,60000,-59000,-59000
058498,世紀鋼群益99購01,0,0,0,0,0,0,0,0,0,-59000,0,0,0,116000,175000,-59000,-59000
057925,貿聯凱基99購01  ,0,0,0,0,0,0,0,0,0,-59000,0,0,0,1000,60000,-59000,-59000
060434,台汽電永豐9A購01,0,0,0,0,0,0,0,0,0,-59000,0,0,0,1000,60000,-59000,-59000
061939,中租國票9B購01  ,0,0,0,0,0,0,0,0,0,-59000,0,0,0,44000,103000,-59000,-59000
063063,泰鼎元富9B購01  ,0,0,0,0,0,0,0,0,0,-59000,0,0,0,40000,99000,-59000,-59000
063491,國巨富邦02購02  ,0,0,0,0,0,0,0,0,0,-59000,0,0,0,81000,140000,-59000,-59000
063003,滬深2X元大9B購06,0,0,0,0,0,0,0,0,0,-59000,0,0,0,10000,69000,-59000,-59000
065865,光寶科群益9C購02,0,0,0,0,0,0,0,0,0,-59000,0,0,0,0,59000,-59000,-59000
063955,TPK元大9C購01   ,0,0,0,0,0,0,0,0,0,-59000,0,0,0,53000,112000,-59000,-59000
064106,國巨兆豐9C購04  ,0,0,0,0,0,0,0,0,0,-59000,0,0,0,149000,208000,-59000,-59000
6108,競國            ,1000,60000,-59000,0,0,0,0,0,0,0,0,0,0,0,0,0,-59000
067351,國巨群益01購08  ,0,0,0,0,0,0,0,0,0,-60000,0,0,0,1000,61000,-60000,-60000
067326,世紀鋼元大01購02,0,0,0,0,0,0,0,0,0,-60000,0,0,0,0,60000,-60000,-60000
067500,台表科元大01購03,0,0,0,0,0,0,0,0,0,-60000,0,0,0,128000,188000,-60000,-60000
06824P,台灣50國票99售02,0,0,0,0,0,0,0,0,0,-60000,0,0,0,0,60000,-60000,-60000
067173,京鼎兆豐01購01  ,0,0,0,0,0,0,0,0,0,-60000,0,0,0,0,60000,-60000,-60000
066974,SP黃豆群益03購01,0,0,0,0,0,0,0,0,0,-60000,0,0,0,0,60000,-60000,-60000
066571,矽格元大01購02  ,0,0,0,0,0,0,0,0,0,-60000,0,0,0,33000,93000,-60000,-60000
08467P,長榮航統一9C售01,0,0,0,0,0,0,0,0,0,-60000,0,0,0,0,60000,-60000,-60000
07558P,玉晶光元大9A售10,0,0,0,0,0,0,0,0,0,-60000,0,0,0,0,60000,-60000,-60000
07690P,華新科元大9A售15,0,0,0,0,0,0,0,0,0,-60000,0,0,0,0,60000,-60000,-60000
08062P,華擎國票9B售03  ,0,0,0,0,0,0,0,0,0,-60000,0,0,0,65000,125000,-60000,-60000
08006P,長榮航中信03售01,0,0,0,0,0,0,0,0,0,-60000,0,0,0,0,60000,-60000,-60000
057225,華新凱基98購01  ,0,0,0,0,0,0,0,0,0,-60000,0,0,0,30000,90000,-60000,-60000
062194,遠東新中信9C購01,0,0,0,0,0,0,0,0,0,-60000,0,0,0,357000,417000,-60000,-60000
056841,友達元富98購03  ,0,0,0,0,0,0,0,0,0,-60000,0,0,0,0,60000,-60000,-60000
053347,茂林國票98購01  ,0,0,0,0,0,0,0,0,0,-60000,0,0,0,0,60000,-60000,-60000
060204,矽創元富9A購01  ,0,0,0,0,0,0,0,0,0,-60000,0,0,0,0,60000,-60000,-60000
063408,茂林國票9C購02  ,0,0,0,0,0,0,0,0,0,-60000,0,0,0,86000,146000,-60000,-60000
061117,美律國泰9C購01  ,0,0,0,0,0,0,0,0,0,-60000,0,0,0,0,60000,-60000,-60000
064206,鴻海凱基03購02  ,0,0,0,0,0,0,0,0,0,-60000,0,0,0,45000,105000,-60000,-60000
063919,大立光元富03購01,0,0,0,0,0,0,0,0,0,-60000,0,0,0,8000,68000,-60000,-60000
064666,華新科元大02購01,0,0,0,0,0,0,0,0,0,-60000,0,0,0,68000,128000,-60000,-60000
064450,致茂統一01購01  ,0,0,0,0,0,0,0,0,0,-60000,0,0,0,234000,294000,-60000,-60000
064933,矽創統一01購01  ,0,0,0,0,0,0,0,0,0,-60000,0,0,0,194000,254000,-60000,-60000
06586P,鴻海元大9C售01  ,0,0,0,0,0,0,0,0,0,-60000,0,0,0,0,60000,-60000,-60000
065781,創意富邦01購01  ,0,0,0,0,0,0,0,0,0,-60000,0,0,0,27000,87000,-60000,-60000
066238,聯鈞富邦03購01  ,0,0,0,0,0,0,0,0,0,-60000,0,0,0,0,60000,-60000,-60000
06602P,國巨統一99售02  ,0,0,0,0,0,0,0,0,0,-60000,0,0,0,0,60000,-60000,-60000
065233,TPK凱基01購01   ,0,0,0,0,0,0,0,0,0,-60000,0,0,0,3000,63000,-60000,-60000
065669,義隆凱基01購03  ,0,0,0,0,0,0,0,0,0,-60000,0,0,0,0,60000,-60000,-60000
2727,王品            ,10000,70000,-60000,0,0,0,0,0,0,0,0,0,0,0,0,0,-60000
2535,達欣工          ,31000,79000,-48000,0,0,0,0,0,0,-12000,10000,0,10000,0,22000,-22000,-60000
08329P,台達電統一9C售02,0,0,0,0,0,0,0,0,0,-61000,0,0,0,52000,113000,-61000,-61000
08297P,寶成元大9C售01  ,0,0,0,0,0,0,0,0,0,-61000,0,0,0,6000,67000,-61000,-61000
066890,聯詠中信07購01  ,0,0,0,0,0,0,0,0,0,-61000,0,0,0,0,61000,-61000,-61000
067290,金像電兆豐03購01,0,0,0,0,0,0,0,0,0,-61000,0,0,0,0,61000,-61000,-61000
07111P,台積電群益99售08,0,0,0,0,0,0,0,0,0,-61000,0,0,0,0,61000,-61000,-61000
051887,上証2X元富98購01,0,0,0,0,0,0,0,0,0,-61000,0,0,0,0,61000,-61000,-61000
058783,臺股指國票99購02,0,0,0,0,0,0,0,0,0,-61000,0,0,0,2000,63000,-61000,-61000
060987,華新科元大9A購11,0,0,0,0,0,0,0,0,0,-61000,0,0,0,102000,163000,-61000,-61000
060738,矽格統一9C購01  ,0,0,0,0,0,0,0,0,0,-61000,0,0,0,0,61000,-61000,-61000
061745,南電凱基9B購02  ,0,0,0,0,0,0,0,0,0,-61000,0,0,0,20000,81000,-61000,-61000
061800,泰鼎永豐9B購01  ,0,0,0,0,0,0,0,0,0,-61000,0,0,0,80000,141000,-61000,-61000
060233,宏碁元大9A購01  ,0,0,0,0,0,0,0,0,0,-61000,0,0,0,40000,101000,-61000,-61000
059623,聯電凱基99購02  ,0,0,0,0,0,0,0,0,0,-61000,0,0,0,94000,155000,-61000,-61000
065675,茂林凱基03購01  ,0,0,0,0,0,0,0,0,0,-61000,0,0,0,70000,131000,-61000,-61000
064533,技嘉國票01購01  ,0,0,0,0,0,0,0,0,0,-61000,0,0,0,139000,200000,-61000,-61000
07163P,臺股指群益99售14,0,0,0,0,0,0,0,0,0,-62000,0,0,0,203000,265000,-62000,-62000
08414P,超眾凱基9C售02  ,0,0,0,0,0,0,0,0,0,-62000,0,0,0,21000,83000,-62000,-62000
08611P,聯發科凱基01售08,0,0,0,0,0,0,0,0,0,-62000,0,0,0,165000,227000,-62000,-62000
053088,奇鋐元大98購01  ,0,0,0,0,0,0,0,0,0,-62000,0,0,0,72000,134000,-62000,-62000
063012,技嘉元大9B購01  ,0,0,0,0,0,0,0,0,0,-62000,0,0,0,29000,91000,-62000,-62000
06326P,鴻海中信01售01  ,0,0,0,0,0,0,0,0,0,-62000,0,0,0,23000,85000,-62000,-62000
061716,瑞儀凱基9B購01  ,0,0,0,0,0,0,0,0,0,-62000,0,0,0,6000,68000,-62000,-62000
063470,泰鼎元大9B購03  ,0,0,0,0,0,0,0,0,0,-62000,0,0,0,475000,537000,-62000,-62000
063619,聯發科兆豐01購01,0,0,0,0,0,0,0,0,0,-62000,0,0,0,5000,67000,-62000,-62000
061568,國巨元大9A購25  ,0,0,0,0,0,0,0,0,0,-62000,0,0,0,38000,100000,-62000,-62000
2707,晶華            ,1000,61000,-60000,0,0,0,0,0,0,-2000,0,2000,-2000,0,0,0,-62000
07890P,南電國票9B售01  ,0,0,0,0,0,0,0,0,0,-63000,0,0,0,8000,71000,-63000,-63000
07482P,南亞科元富9A售04,0,0,0,0,0,0,0,0,0,-63000,0,0,0,16000,79000,-63000,-63000
066536,漢唐兆豐03購01  ,0,0,0,0,0,0,0,0,0,-63000,0,0,0,0,63000,-63000,-63000
053764,A50正2富邦99購01,0,0,0,0,0,0,0,0,0,-63000,0,0,0,0,63000,-63000,-63000
057032,A50反1元大9B購01,0,0,0,0,0,0,0,0,0,-63000,0,0,0,0,63000,-63000,-63000
062672,兆豐金中信03購01,0,0,0,0,0,0,0,0,0,-63000,0,0,0,0,63000,-63000,-63000
062721,美律凱基9B購02  ,0,0,0,0,0,0,0,0,0,-63000,0,0,0,0,63000,-63000,-63000
063197,遠東新統一9C購01,0,0,0,0,0,0,0,0,0,-63000,0,0,0,112000,175000,-63000,-63000
064396,創意永豐9C購01  ,0,0,0,0,0,0,0,0,0,-63000,0,0,0,16000,79000,-63000,-63000
064302,美律兆豐01購01  ,0,0,0,0,0,0,0,0,0,-63000,0,0,0,5000,68000,-63000,-63000
065601,聯發科元大01購05,0,0,0,0,0,0,0,0,0,-63000,0,0,0,86000,149000,-63000,-63000
065930,矽格國票02購01  ,0,0,0,0,0,0,0,0,0,-63000,0,0,0,38000,101000,-63000,-63000
2612,中航            ,0,63000,-63000,0,0,0,0,0,0,0,0,0,0,0,0,0,-63000
3030,德律            ,32000,103000,-71000,0,0,0,0,0,0,8000,0,0,0,8000,0,8000,-63000
059509,奇力新永豐99購02,0,0,0,0,0,0,0,0,0,-64000,0,0,0,23000,87000,-64000,-64000
062444,大立光元大9C購01,0,0,0,0,0,0,0,0,0,-64000,0,0,0,19000,83000,-64000,-64000
063649,南六元大9C購02  ,0,0,0,0,0,0,0,0,0,-64000,0,0,0,216000,280000,-64000,-64000
065765,GIS元大9C購09   ,0,0,0,0,0,0,0,0,0,-64000,0,0,0,142000,206000,-64000,-64000
065799,友訊群益01購03  ,0,0,0,0,0,0,0,0,0,-64000,0,0,0,24000,88000,-64000,-64000
066226,惠特國泰03購01  ,0,0,0,0,0,0,0,0,0,-64000,0,0,0,10000,74000,-64000,-64000
064208,智邦凱基02購01  ,0,0,0,0,0,0,0,0,0,-64000,0,0,0,10000,74000,-64000,-64000
4720,德淵            ,45000,109000,-64000,0,0,0,0,0,0,0,0,0,0,0,0,0,-64000
2538,基泰            ,1000,65000,-64000,0,0,0,0,0,0,0,0,0,0,0,0,0,-64000
067467,鴻海元大01購16  ,0,0,0,0,0,0,0,0,0,-65000,0,0,0,0,65000,-65000,-65000
07527P,台灣50凱基9B售02,0,0,0,0,0,0,0,0,0,-65000,0,0,0,75000,140000,-65000,-65000
08684P,禾伸堂凱基01售01,0,0,0,0,0,0,0,0,0,-65000,0,0,0,0,65000,-65000,-65000
059535,玉山金凱基99購01,0,0,0,0,0,0,0,0,0,-65000,0,0,0,20000,85000,-65000,-65000
055519,茂林中信99購01  ,0,0,0,0,0,0,0,0,0,-65000,0,0,0,20000,85000,-65000,-65000
00713,元大台灣高息低波,2000,2000,0,0,0,0,0,0,0,-65000,0,0,0,45000,110000,-65000,-65000
062395,台表科富邦9C購01,0,0,0,0,0,0,0,0,0,-65000,0,0,0,0,65000,-65000,-65000
060164,合勤控永豐9A購01,0,0,0,0,0,0,0,0,0,-65000,0,0,0,27000,92000,-65000,-65000
064401,台達電凱基06購01,0,0,0,0,0,0,0,0,0,-65000,0,0,0,43000,108000,-65000,-65000
064827,友達統一02購02  ,0,0,0,0,0,0,0,0,0,-65000,0,0,0,6000,71000,-65000,-65000
065779,台勝科國泰01購02,0,0,0,0,0,0,0,0,0,-65000,0,0,0,24000,89000,-65000,-65000
065754,健鼎元大9C購06  ,0,0,0,0,0,0,0,0,0,-65000,0,0,0,181000,246000,-65000,-65000
065828,大立光凱基06購01,0,0,0,0,0,0,0,0,0,-65000,0,0,0,0,65000,-65000,-65000
065377,群創元大02購02  ,0,0,0,0,0,0,0,0,0,-65000,0,0,0,48000,113000,-65000,-65000
065208,義隆國票01購01  ,0,0,0,0,0,0,0,0,0,-65000,0,0,0,0,65000,-65000,-65000
1340,勝悅-KY         ,5000,72204,-67204,0,0,0,0,0,0,2000,2000,0,2000,0,0,0,-65204
08462P,臻鼎國票9C售02  ,0,0,0,0,0,0,0,0,0,-66000,0,0,0,119000,185000,-66000,-66000
07764P,世紀鋼永豐9A售04,0,0,0,0,0,0,0,0,0,-66000,0,0,0,0,66000,-66000,-66000
057165,國巨元大99購05  ,0,0,0,0,0,0,0,0,0,-66000,0,0,0,0,66000,-66000,-66000
00651R,FH香港反1       ,8000,7000,1000,0,0,0,0,0,0,-67000,0,0,0,330000,397000,-67000,-66000
056490,台積電國泰99購01,0,0,0,0,0,0,0,0,0,-66000,0,0,0,48000,114000,-66000,-66000
060144,全新國票9B購01  ,0,0,0,0,0,0,0,0,0,-66000,0,0,0,2000,68000,-66000,-66000
059559,T50反1凱基99購07,0,0,0,0,0,0,0,0,0,-66000,0,0,0,0,66000,-66000,-66000
062032,崇越群益9B購01  ,0,0,0,0,0,0,0,0,0,-66000,0,0,0,0,66000,-66000,-66000
061398,力成中信9A購01  ,0,0,0,0,0,0,0,0,0,-66000,0,0,0,155000,221000,-66000,-66000
063244,華新科元大9B購11,0,0,0,0,0,0,0,0,0,-66000,0,0,0,102000,168000,-66000,-66000
060815,茂林凱基9B購01  ,0,0,0,0,0,0,0,0,0,-66000,0,0,0,75000,141000,-66000,-66000
061066,嘉晶凱基9B購01  ,0,0,0,0,0,0,0,0,0,-66000,0,0,0,53000,119000,-66000,-66000
066147,美利達群益01購01,0,0,0,0,0,0,0,0,0,-66000,0,0,0,32000,98000,-66000,-66000
064700,致新群益9C購02  ,0,0,0,0,0,0,0,0,0,-66000,0,0,0,110000,176000,-66000,-66000
064212,可成凱基03購01  ,0,0,0,0,0,0,0,0,0,-66000,0,0,0,94000,160000,-66000,-66000
3149,正達            ,45000,111000,-66000,0,0,0,0,0,0,0,0,0,0,0,0,0,-66000
8033,雷虎            ,27000,93000,-66000,0,0,0,0,889,-889,0,0,0,0,0,0,0,-66889
08524P,奇力新元大9C售01,0,0,0,0,0,0,0,0,0,-67000,0,0,0,0,67000,-67000,-67000
1541,錩泰            ,53000,120000,-67000,0,0,0,0,0,0,0,0,0,0,0,0,0,-67000
066677,台泥兆豐03購01  ,0,0,0,0,0,0,0,0,0,-67000,0,0,0,0,67000,-67000,-67000
03451B,臺股指凱基9C熊23,0,0,0,0,0,0,0,0,0,-67000,0,0,0,556000,623000,-67000,-67000
056655,旺宏元大99購02  ,0,0,0,0,0,0,0,0,0,-67000,0,0,0,1000,68000,-67000,-67000
058377,茂林凱基9A購03  ,0,0,0,0,0,0,0,0,0,-67000,0,0,0,107000,174000,-67000,-67000
060892,超眾統一9C購01  ,0,0,0,0,0,0,0,0,0,-67000,0,0,0,33000,100000,-67000,-67000
061204,國巨元大9A購16  ,0,0,0,0,0,0,0,0,0,-67000,0,0,0,5000,72000,-67000,-67000
061466,創意群益9A購01  ,0,0,0,0,0,0,0,0,0,-67000,0,0,0,21000,88000,-67000,-67000
063025,超眾元大9B購01  ,0,0,0,0,0,0,0,0,0,-67000,0,0,0,20000,87000,-67000,-67000
064089,新日興凱基02購01,0,0,0,0,0,0,0,0,0,-67000,0,0,0,1000,68000,-67000,-67000
064431,台積電凱基01購05,0,0,0,0,0,0,0,0,0,-67000,0,0,0,43000,110000,-67000,-67000
064481,技嘉永豐9C購01  ,0,0,0,0,0,0,0,0,0,-67000,0,0,0,4000,71000,-67000,-67000
064938,華新科元富9C購01,0,0,0,0,0,0,0,0,0,-67000,0,0,0,15000,82000,-67000,-67000
065011,智邦國泰02購01  ,0,0,0,0,0,0,0,0,0,-67000,0,0,0,82000,149000,-67000,-67000
065873,信邦群益02購01  ,0,0,0,0,0,0,0,0,0,-67000,0,0,0,26000,93000,-67000,-67000
065928,創意國票02購01  ,0,0,0,0,0,0,0,0,0,-67000,0,0,0,16000,83000,-67000,-67000
2495,普安            ,5000,72000,-67000,0,0,0,0,0,0,0,0,0,0,0,0,0,-67000
1702,南僑            ,4000,71000,-67000,0,0,0,0,0,0,0,0,0,0,0,0,0,-67000
2038,海光            ,8000,77000,-69000,0,0,0,0,0,0,2000,2000,0,2000,0,0,0,-67000
2506,太設            ,3000,70028,-67028,0,0,0,0,0,0,0,0,0,0,0,0,0,-67028
2352,佳世達          ,390000,449140,-59140,0,0,0,0,7000,-7000,-1000,6000,0,6000,0,7000,-7000,-67140
066636,健策凱基01購02  ,0,0,0,0,0,0,0,0,0,-68000,0,0,0,0,68000,-68000,-68000
066884,亞光永豐01購01  ,0,0,0,0,0,0,0,0,0,-68000,0,0,0,0,68000,-68000,-68000
066792,T50反1凱基01購03,0,0,0,0,0,0,0,0,0,-68000,0,0,0,4000,72000,-68000,-68000
066381,景碩康和01購01  ,0,0,0,0,0,0,0,0,0,-68000,0,0,0,0,68000,-68000,-68000
067430,中工凱基05購01  ,0,0,0,0,0,0,0,0,0,-68000,0,0,0,50000,118000,-68000,-68000
08323P,華新科凱基9C售04,0,0,0,0,0,0,0,0,0,-68000,0,0,0,60000,128000,-68000,-68000
07967P,力山元大9B售03  ,0,0,0,0,0,0,0,0,0,-68000,0,0,0,101000,169000,-68000,-68000
062294,盛群永豐9B購01  ,0,0,0,0,0,0,0,0,0,-68000,0,0,0,0,68000,-68000,-68000
062560,奇鋐凱基9B購02  ,0,0,0,0,0,0,0,0,0,-68000,0,0,0,117000,185000,-68000,-68000
055034,建準富邦99購01  ,0,0,0,0,0,0,0,0,0,-68000,0,0,0,3000,71000,-68000,-68000
059058,可成凱基9B購01  ,0,0,0,0,0,0,0,0,0,-68000,0,0,0,0,68000,-68000,-68000
061875,華新科元大9B購03,0,0,0,0,0,0,0,0,0,-68000,0,0,0,0,68000,-68000,-68000
061770,泰碩元大9B購02  ,0,0,0,0,0,0,0,0,0,-68000,0,0,0,0,68000,-68000,-68000
062442,華新科元大9C購02,0,0,0,0,0,0,0,0,0,-68000,0,0,0,100000,168000,-68000,-68000
063099,臺指反群益9B購05,0,0,0,0,0,0,0,0,0,-68000,0,0,0,0,68000,-68000,-68000
066012,友訊元富01購01  ,0,0,0,0,0,0,0,0,0,-68000,0,0,0,59000,127000,-68000,-68000
065087,可成元大9C購08  ,0,0,0,0,0,0,0,0,0,-68000,0,0,0,0,68000,-68000,-68000
065384,南電元大9C購07  ,0,0,0,0,0,0,0,0,0,-68000,0,0,0,1000,69000,-68000,-68000
064464,台郡統一01購01  ,0,0,0,0,0,0,0,0,0,-68000,0,0,0,6000,74000,-68000,-68000
064036,矽創元大9C購01  ,0,0,0,0,0,0,0,0,0,-68000,0,0,0,62000,130000,-68000,-68000
1721,三晃            ,18000,86000,-68000,0,0,0,0,0,0,0,0,0,0,0,0,0,-68000
3518,柏騰            ,41000,109000,-68000,0,0,0,0,0,0,0,0,0,0,0,0,0,-68000
07712P,茂林元大9A售03  ,0,0,0,0,0,0,0,0,0,-69000,0,0,0,10000,79000,-69000,-69000
08734P,創意康和01售02  ,0,0,0,0,0,0,0,0,0,-69000,0,0,0,42000,111000,-69000,-69000
06836P,玉晶光國票99售06,0,0,0,0,0,0,0,0,0,-69000,0,0,0,623000,692000,-69000,-69000
03449B,臺股指元大01熊01,0,0,0,0,0,0,0,0,0,-69000,0,0,0,135000,204000,-69000,-69000
058416,鴻海麥證99購01  ,0,0,0,33000,102000,-69000,0,0,0,-69000,0,0,0,33000,102000,-69000,-69000
059068,台虹國票9A購01  ,0,0,0,0,0,0,0,0,0,-69000,0,0,0,53000,122000,-69000,-69000
060368,緯穎元富9A購03  ,0,0,0,0,0,0,0,0,0,-69000,0,0,0,0,69000,-69000,-69000
061077,國巨兆豐9B購01  ,0,0,0,0,0,0,0,0,0,-69000,0,0,0,139000,208000,-69000,-69000
061094,彩晶統一9B購02  ,0,0,0,0,0,0,0,0,0,-69000,0,0,0,88000,157000,-69000,-69000
063497,東元永豐9B購01  ,0,0,0,0,0,0,0,0,0,-69000,0,0,0,0,69000,-69000,-69000
065723,新日興兆豐01購01,0,0,0,0,0,0,0,0,0,-69000,0,0,0,5000,74000,-69000,-69000
2530,華建            ,5000,77000,-72000,0,0,0,0,0,0,3000,3000,0,3000,0,0,0,-69000
06726P,欣興元富98售04  ,0,0,0,0,0,0,0,0,0,-70000,0,0,0,20000,90000,-70000,-70000
067243,華擎群益01購04  ,0,0,0,0,0,0,0,0,0,-70000,0,0,0,0,70000,-70000,-70000
066509,南亞永豐01購01  ,0,0,0,0,0,0,0,0,0,-70000,0,0,0,24000,94000,-70000,-70000
08827P,緯穎元大01售05  ,0,0,0,0,0,0,0,0,0,-70000,0,0,0,32000,102000,-70000,-70000
08760P,瑞昱元大01售02  ,0,0,0,0,0,0,0,0,0,-70000,0,0,0,57000,127000,-70000,-70000
07835P,台表科群益9A售02,0,0,0,0,0,0,0,0,0,-70000,0,0,0,30000,100000,-70000,-70000
058781,康友國票9A購01  ,0,0,0,0,0,0,0,0,0,-70000,0,0,0,0,70000,-70000,-70000
058020,大立光凱基99購03,0,0,0,0,0,0,0,0,0,-70000,0,0,0,0,70000,-70000,-70000
058202,鴻海凱基9A購04  ,0,0,0,0,0,0,0,0,0,-70000,0,0,0,86000,156000,-70000,-70000
053400,緯穎中信9A購01  ,0,0,0,0,0,0,0,0,0,-70000,0,0,0,0,70000,-70000,-70000
059052,為升凱基99購01  ,0,0,0,0,0,0,0,0,0,-70000,0,0,0,0,70000,-70000,-70000
059499,滬深2X元富9C購07,0,0,0,0,0,0,0,0,0,-70000,0,0,0,0,70000,-70000,-70000
063384,巨大永豐9B購04  ,0,0,0,0,0,0,0,0,0,-70000,0,0,0,79000,149000,-70000,-70000
060709,緯穎富邦9B購01  ,0,0,0,0,0,0,0,0,0,-70000,0,0,0,90000,160000,-70000,-70000
060004,臺指反群益9A購01,0,0,0,0,0,0,0,0,0,-70000,0,0,0,0,70000,-70000,-70000
061787,華新科群益9C購01,0,0,0,0,0,0,0,0,0,-70000,0,0,0,9000,79000,-70000,-70000
061632,SP黃豆元大9A購06,0,0,0,0,0,0,0,0,0,-70000,0,0,0,0,70000,-70000,-70000
062031,臻鼎群益9B購01  ,0,0,0,0,0,0,0,0,0,-70000,0,0,0,38000,108000,-70000,-70000
065112,台表科國票02購01,0,0,0,0,0,0,0,0,0,-70000,0,0,0,39000,109000,-70000,-70000
065271,日月光元大9C購02,0,0,0,0,0,0,0,0,0,-70000,0,0,0,52000,122000,-70000,-70000
064891,台達電群益9C購01,0,0,0,0,0,0,0,0,0,-70000,0,0,0,12000,82000,-70000,-70000
3702A,大聯大甲特      ,0,0,0,0,0,0,0,0,0,-70000,0,70000,-70000,0,0,0,-70000
5225,東科-KY         ,165000,235000,-70000,0,0,0,0,0,0,0,0,0,0,0,0,0,-70000
08084P,台表科元大9B售06,0,0,0,0,0,0,0,0,0,-71000,0,0,0,29000,100000,-71000,-71000
056677,智伸科元富98購01,0,0,0,0,0,0,0,0,0,-71000,0,0,0,34000,105000,-71000,-71000
058069,美律凱基99購05  ,0,0,0,0,0,0,0,0,0,-71000,0,0,0,55000,126000,-71000,-71000
060052,宏碁凱基99購01  ,0,0,0,0,0,0,0,0,0,-71000,0,0,0,26000,97000,-71000,-71000
062823,台表科兆豐9B購01,0,0,0,0,0,0,0,0,0,-71000,0,0,0,17000,88000,-71000,-71000
061681,南電元大9A購08  ,0,0,0,0,0,0,0,0,0,-71000,0,0,0,19000,90000,-71000,-71000
060890,大立光統一01購01,0,0,0,0,0,0,0,0,0,-71000,0,0,0,13000,84000,-71000,-71000
064926,臻鼎統一02購01  ,0,0,0,0,0,0,0,0,0,-71000,0,0,0,120000,191000,-71000,-71000
064981,致伸元大9C購01  ,0,0,0,0,0,0,0,0,0,-71000,0,0,0,260000,331000,-71000,-71000
064985,台表科元大9C購09,0,0,0,0,0,0,0,0,0,-71000,0,0,0,84000,155000,-71000,-71000
064460,健策統一9C購03  ,0,0,0,0,0,0,0,0,0,-71000,0,0,0,50000,121000,-71000,-71000
061023,茂林國泰9B購02  ,0,0,0,0,0,0,0,0,0,-72000,0,0,0,14000,86000,-72000,-72000
062146,大毅國票9B購01  ,0,0,0,0,0,0,0,0,0,-72000,0,0,0,0,72000,-72000,-72000
064578,TPK國泰02購01   ,0,0,0,0,0,0,0,0,0,-72000,0,0,0,145000,217000,-72000,-72000
064133,力成元大9C購01  ,0,0,0,0,0,0,0,0,0,-72000,0,0,0,15000,87000,-72000,-72000
2617,台航            ,15000,87000,-72000,0,0,0,0,0,0,0,0,0,0,0,0,0,-72000
2374,佳能            ,4000,76000,-72000,0,0,0,0,0,0,0,0,0,0,0,0,0,-72000
6592,和潤企業        ,32000,123000,-91000,0,0,0,0,0,0,19000,43000,0,43000,19000,43000,-24000,-72000
066374,臺股指中信04購01,0,0,0,0,0,0,0,0,0,-73000,0,0,0,92000,165000,-73000,-73000
057672,茂林元大98購02  ,0,0,0,0,0,0,0,0,0,-73000,0,0,0,0,73000,-73000,-73000
062461,智伸科群益9B購01,0,0,0,0,0,0,0,0,0,-73000,0,0,0,0,73000,-73000,-73000
062690,華擎統一9B購01  ,0,0,0,0,0,0,0,0,0,-73000,0,0,0,0,73000,-73000,-73000
061212,聯鈞元大9A購04  ,0,0,0,0,0,0,0,0,0,-73000,0,0,0,35000,108000,-73000,-73000
063378,茂林永豐9B購02  ,0,0,0,0,0,0,0,0,0,-73000,0,0,0,10000,83000,-73000,-73000
064108,創意兆豐9C購01  ,0,0,0,0,0,0,0,0,0,-73000,0,0,0,0,73000,-73000,-73000
064242,TPK統一02購01   ,0,0,0,0,0,0,0,0,0,-73000,0,0,0,0,73000,-73000,-73000
065322,聯發科凱基01購05,0,0,0,0,0,0,0,0,0,-73000,0,0,0,15000,88000,-73000,-73000
065518,聯鈞群益9C購02  ,0,0,0,0,0,0,0,0,0,-73000,0,0,0,12000,85000,-73000,-73000
2017,官田鋼          ,33000,112000,-79000,0,0,0,0,0,0,6000,6000,0,6000,0,0,0,-73000
3530,晶相光          ,73000,137000,-64000,0,0,0,0,0,0,-9000,0,0,0,0,9000,-9000,-73000
2642,宅配通          ,18000,91000,-73000,0,0,0,0,0,0,0,0,0,0,0,0,0,-73000
9934,成霖            ,4000,77650,-73650,0,0,0,0,0,0,0,0,0,0,0,0,0,-73650
06658P,台灣50富邦9C售01,0,0,0,0,0,0,0,0,0,-74000,0,0,0,76000,150000,-74000,-74000
08250P,GIS群益9C售02   ,0,0,0,0,0,0,0,0,0,-74000,0,0,0,206000,280000,-74000,-74000
07706P,長榮航元大9A售03,0,0,0,0,0,0,0,0,0,-74000,0,0,0,0,74000,-74000,-74000
061877,貿聯元大9B購01  ,0,0,0,0,0,0,0,0,0,-74000,0,0,0,11000,85000,-74000,-74000
061336,國巨元大9A購20  ,0,0,0,0,0,0,0,0,0,-74000,0,0,0,26000,100000,-74000,-74000
065105,巨大元大01購01  ,0,0,0,0,0,0,0,0,0,-74000,0,0,0,23000,97000,-74000,-74000
065951,聯發科統一01購08,0,0,0,0,0,0,0,0,0,-74000,0,0,0,285000,359000,-74000,-74000
065899,神基麥證9C購02  ,0,0,0,26000,100000,-74000,0,0,0,-74000,0,0,0,26000,100000,-74000,-74000
066272,聯陽元大01購01  ,0,0,0,0,0,0,0,0,0,-74000,0,0,0,66000,140000,-74000,-74000
064316,貿聯群益9C購02  ,0,0,0,0,0,0,0,0,0,-74000,0,0,0,11000,85000,-74000,-74000
064470,世紀鋼元富03購01,0,0,0,0,0,0,0,0,0,-74000,0,0,0,97000,171000,-74000,-74000
2546,根基            ,26000,100000,-74000,0,0,0,0,0,0,0,0,0,0,0,0,0,-74000
066604,台郡富邦04購01  ,0,0,0,0,0,0,0,0,0,-75000,0,0,0,166000,241000,-75000,-75000
067199,滬深2X元大04購02,0,0,0,0,0,0,0,0,0,-75000,0,0,0,25000,100000,-75000,-75000
057048,新日興元大98購01,0,0,0,0,0,0,0,0,0,-75000,0,0,0,0,75000,-75000,-75000
056599,臻鼎元富98購01  ,0,0,0,0,0,0,0,0,0,-75000,0,0,0,3000,78000,-75000,-75000
058652,SGBR2X中信01購01,0,0,0,0,0,0,0,0,0,-75000,0,0,0,0,75000,-75000,-75000
062451,瀚宇博元大9B購02,0,0,0,0,0,0,0,0,0,-75000,0,0,0,51000,126000,-75000,-75000
06327P,台積電中信01售01,0,0,0,0,0,0,0,0,0,-75000,0,0,0,188000,263000,-75000,-75000
062904,台光電元大9B購06,0,0,0,0,0,0,0,0,0,-75000,0,0,0,4000,79000,-75000,-75000
064264,智伸科永豐9C購01,0,0,0,0,0,0,0,0,0,-75000,0,0,0,6000,81000,-75000,-75000
065827,正崴凱基9C購01  ,0,0,0,0,0,0,0,0,0,-75000,0,0,0,112000,187000,-75000,-75000
065568,台積電群益01購04,0,0,0,0,0,0,0,0,0,-75000,0,0,0,19000,94000,-75000,-75000
065585,聯發科富邦03購02,0,0,0,0,0,0,0,0,0,-75000,0,0,0,188000,263000,-75000,-75000
065665,鴻海凱基9C購04  ,0,0,0,0,0,0,0,0,0,-75000,0,0,0,234000,309000,-75000,-75000
2442,新美齊          ,130000,205000,-75000,0,0,0,0,0,0,0,0,0,0,0,0,0,-75000
8422,可寧衛          ,18000,92000,-74000,0,0,0,0,1000,-1000,0,0,0,0,0,0,0,-75000
066893,技嘉兆豐01購02  ,0,0,0,0,0,0,0,0,0,-76000,0,0,0,509000,585000,-76000,-76000
07818P,台積電國票9C售01,0,0,0,0,0,0,0,0,0,-76000,0,0,0,100000,176000,-76000,-76000
08289P,智邦統一9C售01  ,0,0,0,0,0,0,0,0,0,-76000,0,0,0,75000,151000,-76000,-76000
08753P,群創群益01售01  ,0,0,0,0,0,0,0,0,0,-76000,0,0,0,0,76000,-76000,-76000
08873P,欣興永豐01售01  ,0,0,0,0,0,0,0,0,0,-76000,0,0,0,0,76000,-76000,-76000
058156,超眾統一9A購02  ,0,0,0,0,0,0,0,0,0,-76000,0,0,0,318000,394000,-76000,-76000
062609,帆宣凱基9B購01  ,0,0,0,0,0,0,0,0,0,-76000,0,0,0,0,76000,-76000,-76000
063139,聯發科統一9B購07,0,0,0,0,0,0,0,0,0,-76000,0,0,0,8000,84000,-76000,-76000
059646,聯茂凱基99購06  ,0,0,0,0,0,0,0,0,0,-76000,0,0,0,59000,135000,-76000,-76000
063417,金像電凱基9B購03,0,0,0,0,0,0,0,0,0,-76000,0,0,0,148000,224000,-76000,-76000
065934,智邦群益01購02  ,0,0,0,0,0,0,0,0,0,-76000,0,0,0,57000,133000,-76000,-76000
064577,大立光國泰02購01,0,0,0,0,0,0,0,0,0,-76000,0,0,0,20000,96000,-76000,-76000
064936,世紀鋼統一9C購02,0,0,0,0,0,0,0,0,0,-76000,0,0,0,100000,176000,-76000,-76000
2413,環科            ,190000,266000,-76000,0,0,0,0,0,0,0,0,0,0,0,0,0,-76000
2836,高雄銀          ,8000,87000,-79000,0,0,0,0,0,0,3000,4000,1000,3000,0,0,0,-76000
08392P,上銀群益9C售01  ,0,0,0,0,0,0,0,0,0,-77000,0,0,0,5000,82000,-77000,-77000
07894P,燿華元大9B售01  ,0,0,0,0,0,0,0,0,0,-77000,0,0,0,22000,99000,-77000,-77000
058184,鴻海永豐99購01  ,0,0,0,0,0,0,0,0,0,-77000,0,0,0,327000,404000,-77000,-77000
055399,超眾統一99購01  ,0,0,0,0,0,0,0,0,0,-77000,0,0,0,218000,295000,-77000,-77000
061870,智邦元大9B購02  ,0,0,0,0,0,0,0,0,0,-77000,0,0,0,8000,85000,-77000,-77000
060110,茂林元大99購06  ,0,0,0,0,0,0,0,0,0,-77000,0,0,0,25000,102000,-77000,-77000
064402,宏碁凱基01購01  ,0,0,0,0,0,0,0,0,0,-77000,0,0,0,26000,103000,-77000,-77000
065408,華通永豐9C購02  ,0,0,0,0,0,0,0,0,0,-77000,0,0,0,0,77000,-77000,-77000
6414,樺漢            ,167000,270600,-103600,0,0,0,1011,0,1011,25000,54000,11000,43000,15000,33000,-18000,-77589
08374P,緯穎凱基9C售01  ,0,0,0,0,0,0,0,0,0,-78000,0,0,0,94000,172000,-78000,-78000
08690P,友訊中信05售03  ,0,0,0,0,0,0,0,0,0,-78000,0,0,0,0,78000,-78000,-78000
058949,上銀群益99購02  ,0,0,0,0,0,0,0,0,0,-78000,0,0,0,2000,80000,-78000,-78000
063128,智伸科元大9B購01,0,0,0,0,0,0,0,0,0,-78000,0,0,0,21000,99000,-78000,-78000
063163,京元電永豐9B購01,0,0,0,0,0,0,0,0,0,-78000,0,0,0,12000,90000,-78000,-78000
063522,技嘉凱基9B購03  ,0,0,0,0,0,0,0,0,0,-78000,0,0,0,45000,123000,-78000,-78000
065663,凌華永豐9C購01  ,0,0,0,0,0,0,0,0,0,-78000,0,0,0,23000,101000,-78000,-78000
064263,貿聯永豐9C購01  ,0,0,0,0,0,0,0,0,0,-78000,0,0,0,21000,99000,-78000,-78000
3686,達能            ,0,78000,-78000,0,0,0,0,0,0,0,0,0,0,0,0,0,-78000
4526,東台            ,5000,83000,-78000,0,0,0,0,0,0,0,0,0,0,0,0,0,-78000
2511,太子            ,134000,212066,-78066,0,0,0,0,0,0,0,0,0,0,0,0,0,-78066
08666P,智邦國票02售01  ,0,0,0,0,0,0,0,0,0,-79000,0,0,0,0,79000,-79000,-79000
08563P,金像電元富9C售03,0,0,0,0,0,0,0,0,0,-79000,0,0,0,205000,284000,-79000,-79000
08788P,A50正2元富01售03,0,0,0,0,0,0,0,0,0,-79000,0,0,0,25000,104000,-79000,-79000
066859,華擎國票02購01  ,0,0,0,0,0,0,0,0,0,-79000,0,0,0,10000,89000,-79000,-79000
058284,滬深反群益01購01,0,0,0,0,0,0,0,0,0,-79000,0,0,0,190000,269000,-79000,-79000
057798,貿聯兆豐99購01  ,0,0,0,0,0,0,0,0,0,-79000,0,0,0,122000,201000,-79000,-79000
061201,FBVIX元大01購03 ,0,0,0,0,0,0,0,0,0,-79000,0,0,0,1000,80000,-79000,-79000
064033,茂林元大9C購02  ,0,0,0,0,0,0,0,0,0,-79000,0,0,0,139000,218000,-79000,-79000
064764,聯茂凱基01購01  ,0,0,0,0,0,0,0,0,0,-79000,0,0,0,19000,98000,-79000,-79000
2616,山隆            ,0,79000,-79000,0,0,0,0,0,0,0,0,0,0,0,0,0,-79000
3010,華立            ,31000,110000,-79000,0,0,0,0,0,0,0,0,0,0,0,0,0,-79000
8081,致新            ,411000,362000,49000,0,0,0,0,150000,-150000,22000,6000,0,6000,29000,13000,16000,-79000
066372,惠特中信01購01  ,0,0,0,0,0,0,0,0,0,-80000,0,0,0,0,80000,-80000,-80000
067119,泰鼎群益01購02  ,0,0,0,0,0,0,0,0,0,-80000,0,0,0,0,80000,-80000,-80000
06862P,大立光凱基98售16,0,0,0,0,0,0,0,0,0,-80000,0,0,0,0,80000,-80000,-80000
06783P,亞光元大98售03  ,0,0,0,0,0,0,0,0,0,-80000,0,0,0,20000,100000,-80000,-80000
067457,FBVIX國泰03購01 ,0,0,0,0,0,0,0,0,0,-80000,0,0,0,0,80000,-80000,-80000
08871P,大立光群益01售08,0,0,0,0,0,0,0,0,0,-80000,0,0,0,0,80000,-80000,-80000
08214P,南六統一9B售03  ,0,0,0,0,0,0,0,0,0,-80000,0,0,0,922000,1002000,-80000,-80000
058699,楠梓電元大99購02,0,0,0,0,0,0,0,0,0,-80000,0,0,0,0,80000,-80000,-80000
058046,國巨元大9A購01  ,0,0,0,0,0,0,0,0,0,-80000,0,0,0,28000,108000,-80000,-80000
056387,智伸科國泰99購01,0,0,0,0,0,0,0,0,0,-80000,0,0,0,0,80000,-80000,-80000
053095,台光電統一98購01,0,0,0,0,0,0,0,0,0,-80000,0,0,0,0,80000,-80000,-80000
03432B,臺股指凱基98熊13,0,0,0,0,0,0,0,0,0,-80000,0,0,0,580000,660000,-80000,-80000
063528,元大金凱基9B購01,0,0,0,0,0,0,0,0,0,-80000,0,0,0,0,80000,-80000,-80000
063121,友達元大9C購09  ,0,0,0,0,0,0,0,0,0,-80000,0,0,0,0,80000,-80000,-80000
062821,華擎兆豐9C購01  ,0,0,0,0,0,0,0,0,0,-80000,0,0,0,0,80000,-80000,-80000
062885,臻鼎兆豐9C購01  ,0,0,0,0,0,0,0,0,0,-80000,0,0,0,90000,170000,-80000,-80000
064783,貿聯群益9C購03  ,0,0,0,0,0,0,0,0,0,-80000,0,0,0,10000,90000,-80000,-80000
064686,鴻海群益01購03  ,0,0,0,0,0,0,0,0,0,-80000,0,0,0,52000,132000,-80000,-80000
064337,大毅元大01購02  ,0,0,0,0,0,0,0,0,0,-80000,0,0,0,10000,90000,-80000,-80000
08541P,景碩國票01售02  ,0,0,0,0,0,0,0,0,0,-81000,0,0,0,58000,139000,-81000,-81000
067037,美利達康和01購02,0,0,0,0,0,0,0,0,0,-81000,0,0,0,6000,87000,-81000,-81000
066832,健策群益01購08  ,0,0,0,0,0,0,0,0,0,-81000,0,0,0,20000,101000,-81000,-81000
066699,台積電群益01購08,0,0,0,0,0,0,0,0,0,-81000,0,0,0,173000,254000,-81000,-81000
059061,晶技凱基9A購01  ,0,0,0,0,0,0,0,0,0,-81000,0,0,0,36000,117000,-81000,-81000
058523,聯茂元大99購08  ,0,0,0,0,0,0,0,0,0,-81000,0,0,0,0,81000,-81000,-81000
062230,緯穎統一01購01  ,0,0,0,0,0,0,0,0,0,-81000,0,0,0,0,81000,-81000,-81000
061305,帆宣永豐9A購01  ,0,0,0,0,0,0,0,0,0,-81000,0,0,0,0,81000,-81000,-81000
061006,新光金兆豐9A購01,0,0,0,0,0,0,0,0,0,-81000,0,0,0,69000,150000,-81000,-81000
061036,晶技永豐9A購03  ,0,0,0,0,0,0,0,0,0,-81000,0,0,0,0,81000,-81000,-81000
064801,鴻海元大9C購13  ,0,0,0,0,0,0,0,0,0,-81000,0,0,0,20000,101000,-81000,-81000
066112,智邦兆豐02購01  ,0,0,0,0,0,0,0,0,0,-81000,0,0,0,15000,96000,-81000,-81000
6165,捷泰            ,0,81000,-81000,0,0,0,0,0,0,0,0,0,0,0,0,0,-81000
066617,鎧勝康和01購01  ,0,0,0,0,0,0,0,0,0,-82000,0,0,0,236000,318000,-82000,-82000
066753,聯鈞國泰03購01  ,0,0,0,0,0,0,0,0,0,-82000,0,0,0,0,82000,-82000,-82000
1527,鑽全            ,11000,93000,-82000,0,0,0,0,0,0,0,0,0,0,0,0,0,-82000
08316P,祥碩元大9C售04  ,0,0,0,0,0,0,0,0,0,-82000,0,0,0,250000,332000,-82000,-82000
062215,華通統一9B購01  ,0,0,0,0,0,0,0,0,0,-82000,0,0,0,530000,612000,-82000,-82000
057531,禾伸堂元大99購04,0,0,0,0,0,0,0,0,0,-82000,0,0,0,19000,101000,-82000,-82000
054828,正崴國泰99購01  ,0,0,0,0,0,0,0,0,0,-82000,0,0,0,98000,180000,-82000,-82000
059999,緯穎元富99購01  ,0,0,0,0,0,0,0,0,0,-82000,0,0,0,6000,88000,-82000,-82000
061583,矽創元大9A購01  ,0,0,0,0,0,0,0,0,0,-82000,0,0,0,29000,111000,-82000,-82000
063125,華擎元大9C購02  ,0,0,0,0,0,0,0,0,0,-82000,0,0,0,27000,109000,-82000,-82000
066219,惠特元富01購01  ,0,0,0,0,0,0,0,0,0,-82000,0,0,0,16000,98000,-82000,-82000
065955,健鼎統一01購03  ,0,0,0,0,0,0,0,0,0,-82000,0,0,0,277000,359000,-82000,-82000
065522,旭富群益9C購03  ,0,0,0,0,0,0,0,0,0,-82000,0,0,0,3000,85000,-82000,-82000
065132,臻鼎兆豐01購01  ,0,0,0,0,0,0,0,0,0,-82000,0,0,0,48000,130000,-82000,-82000
065326,華擎凱基02購01  ,0,0,0,0,0,0,0,0,0,-82000,0,0,0,62000,144000,-82000,-82000
065261,技嘉元大9C購03  ,0,0,0,0,0,0,0,0,0,-82000,0,0,0,153000,235000,-82000,-82000
064589,聯鈞永豐9C購01  ,0,0,0,0,0,0,0,0,0,-82000,0,0,0,18000,100000,-82000,-82000
064121,國巨元大9C購16  ,0,0,0,0,0,0,0,0,0,-82000,0,0,0,18000,100000,-82000,-82000
5907,大洋-KY         ,4000,86000,-82000,0,0,0,0,0,0,0,0,0,0,0,0,0,-82000
08037P,台表科群益9B售02,0,0,0,0,0,0,0,0,0,-83000,0,0,0,70000,153000,-83000,-83000
058841,深中小群益01購01,0,0,0,0,0,0,0,0,0,-83000,0,0,0,35000,118000,-83000,-83000
058361,美律凱基99購06  ,0,0,0,0,0,0,0,0,0,-83000,0,0,0,42000,125000,-83000,-83000
060286,佳世達元大9C購01,0,0,0,0,0,0,0,0,0,-83000,0,0,0,64000,147000,-83000,-83000
063415,台積電凱基03購01,0,0,0,0,0,0,0,0,0,-83000,0,0,0,17000,100000,-83000,-83000
05995P,T50正2中信9C售01,0,0,0,0,0,0,0,0,0,-83000,0,0,0,267000,350000,-83000,-83000
061050,康友中信9A購01  ,0,0,0,0,0,0,0,0,0,-83000,0,0,0,0,83000,-83000,-83000
065245,國泰金兆豐9C購01,0,0,0,0,0,0,0,0,0,-83000,0,0,0,13000,96000,-83000,-83000
062555,旺宏凱基9B購06  ,0,0,0,0,0,0,0,0,0,-84000,0,0,0,10000,94000,-84000,-84000
056392,玉晶光富邦9C購01,0,0,0,0,0,0,0,0,0,-84000,0,0,0,59000,143000,-84000,-84000
055655,群創元富99購07  ,0,0,0,0,0,0,0,0,0,-84000,0,0,0,0,84000,-84000,-84000
059975,元金2X元大99購02,0,0,0,0,0,0,0,0,0,-84000,0,0,0,599000,683000,-84000,-84000
062944,茂林凱基9B購02  ,0,0,0,0,0,0,0,0,0,-84000,0,0,0,20000,104000,-84000,-84000
060677,京元電元大9A購04,0,0,0,0,0,0,0,0,0,-84000,0,0,0,142000,226000,-84000,-84000
065129,上銀兆豐01購01  ,0,0,0,0,0,0,0,0,0,-84000,0,0,0,15000,99000,-84000,-84000
066175,聯鈞凱基01購01  ,0,0,0,0,0,0,0,0,0,-84000,0,0,0,24000,108000,-84000,-84000
066018,南六元富03購02  ,0,0,0,0,0,0,0,0,0,-84000,0,0,0,1000,85000,-84000,-84000
066003,台表科國票02購02,0,0,0,0,0,0,0,0,0,-84000,0,0,0,0,84000,-84000,-84000
066050,亞光元大01購01  ,0,0,0,0,0,0,0,0,0,-84000,0,0,0,1000,85000,-84000,-84000
06437P,玉晶光國票99售01,0,0,0,0,0,0,0,0,0,-84000,0,0,0,3000,87000,-84000,-84000
063805,技嘉兆豐9C購01  ,0,0,0,0,0,0,0,0,0,-84000,0,0,0,0,84000,-84000,-84000
07978P,茂林群益9B售02  ,0,0,0,0,0,0,0,0,0,-85000,0,0,0,55000,140000,-85000,-85000
07359P,台積電元大99售45,0,0,0,0,0,0,0,0,0,-85000,0,0,0,0,85000,-85000,-85000
08853P,嘉晶群益02售02  ,0,0,0,0,0,0,0,0,0,-85000,0,0,0,0,85000,-85000,-85000
066746,聯茂元大01購01  ,0,0,0,0,0,0,0,0,0,-85000,0,0,0,127000,212000,-85000,-85000
066626,盟立凱基01購01  ,0,0,0,0,0,0,0,0,0,-85000,0,0,0,176000,261000,-85000,-85000
066983,禾伸堂群益01購01,0,0,0,0,0,0,0,0,0,-85000,0,0,0,0,85000,-85000,-85000
067242,景碩群益01購03  ,0,0,0,0,0,0,0,0,0,-85000,0,0,0,0,85000,-85000,-85000
067409,巨大永豐01購01  ,0,0,0,0,0,0,0,0,0,-85000,0,0,0,0,85000,-85000,-85000
067348,元金2X群益01購01,0,0,0,0,0,0,0,0,0,-85000,0,0,0,0,85000,-85000,-85000
056767,大毅元大99購01  ,0,0,0,0,0,0,0,0,0,-85000,0,0,0,30000,115000,-85000,-85000
058651,FBVIX中信9C購01 ,0,0,0,0,0,0,0,0,0,-85000,0,0,0,0,85000,-85000,-85000
062029,牧德群益9B購03  ,0,0,0,0,0,0,0,0,0,-85000,0,0,0,0,85000,-85000,-85000
062098,億光永豐9B購01  ,0,0,0,0,0,0,0,0,0,-85000,0,0,0,0,85000,-85000,-85000
062746,致伸永豐9B購01  ,0,0,0,0,0,0,0,0,0,-85000,0,0,0,0,85000,-85000,-85000
063481,緯穎元大9B購08  ,0,0,0,0,0,0,0,0,0,-85000,0,0,0,3000,88000,-85000,-85000
063888,TPK中信01購01   ,0,0,0,0,0,0,0,0,0,-85000,0,0,0,0,85000,-85000,-85000
065677,南亞科統一03購02,0,0,0,0,0,0,0,0,0,-85000,0,0,0,0,85000,-85000,-85000
1810,和成            ,17000,102000,-85000,0,0,0,0,0,0,0,0,0,0,0,0,0,-85000
07050P,宏達電中信9B售01,0,0,0,0,0,0,0,0,0,-86000,0,0,0,2000,88000,-86000,-86000
08720P,台光電元大01售03,0,0,0,0,0,0,0,0,0,-86000,0,0,0,39000,125000,-86000,-86000
08617P,緯創元富9C售03  ,0,0,0,0,0,0,0,0,0,-86000,0,0,0,110000,196000,-86000,-86000
063433,臻鼎元富9B購01  ,0,0,0,0,0,0,0,0,0,-86000,0,0,0,156000,242000,-86000,-86000
060121,新光金富邦99購01,0,0,0,0,0,0,0,0,0,-86000,0,0,0,119000,205000,-86000,-86000
061963,台積電統一01購04,0,0,0,0,0,0,0,0,0,-86000,0,0,0,36000,122000,-86000,-86000
065551,聯發科凱基9C購11,0,0,0,0,0,0,0,0,0,-86000,0,0,0,78000,164000,-86000,-86000
065267,聯鈞元大9C購02  ,0,0,0,0,0,0,0,0,0,-86000,0,0,0,20000,106000,-86000,-86000
066181,泰鼎凱基01購01  ,0,0,0,0,0,0,0,0,0,-86000,0,0,0,77000,163000,-86000,-86000
066287,訊芯元大01購01  ,0,0,0,0,0,0,0,0,0,-86000,0,0,0,198000,284000,-86000,-86000
065775,神隆國泰03購01  ,0,0,0,0,0,0,0,0,0,-86000,0,0,0,8000,94000,-86000,-86000
2228,劍麟            ,25000,55000,-30000,0,0,0,0,56000,-56000,0,0,0,0,0,0,0,-86000
1417,嘉裕            ,150000,237000,-87000,0,0,0,0,0,0,0,0,0,0,0,0,0,-87000
07765P,台積電群益9A售06,0,0,0,0,0,0,0,0,0,-87000,0,0,0,0,87000,-87000,-87000
08192P,大毅國票9B售05  ,0,0,0,0,0,0,0,0,0,-87000,0,0,0,0,87000,-87000,-87000
066363,美律中信05購01  ,0,0,0,0,0,0,0,0,0,-87000,0,0,0,0,87000,-87000,-87000
066419,聯發科元大01購11,0,0,0,0,0,0,0,0,0,-87000,0,0,0,155000,242000,-87000,-87000
059452,全新永豐99購03  ,0,0,0,0,0,0,0,0,0,-87000,0,0,0,0,87000,-87000,-87000
062523,世紀鋼元大9C購03,0,0,0,0,0,0,0,0,0,-87000,0,0,0,13000,100000,-87000,-87000
054890,聯鈞統一99購01  ,0,0,0,0,0,0,0,0,0,-87000,0,0,0,18000,105000,-87000,-87000
060640,京鼎永豐9A購01  ,0,0,0,0,0,0,0,0,0,-87000,0,0,0,0,87000,-87000,-87000
062971,英業達元富9B購01,0,0,0,0,0,0,0,0,0,-87000,0,0,0,235000,322000,-87000,-87000
061511,緯穎富邦9B購02  ,0,0,0,0,0,0,0,0,0,-87000,0,0,0,31000,118000,-87000,-87000
065697,旺宏群益9C購07  ,0,0,0,0,0,0,0,0,0,-87000,0,0,0,10000,97000,-87000,-87000
064718,友達統一02購01  ,0,0,0,0,0,0,0,0,0,-87000,0,0,0,412000,499000,-87000,-87000
064900,景碩群益01購01  ,0,0,0,0,0,0,0,0,0,-87000,0,0,0,31000,118000,-87000,-87000
3607,谷崧            ,8000,100000,-92000,0,0,0,0,0,0,5000,5000,0,5000,0,0,0,-87000
08528P,台勝科元大9C售02,0,0,0,0,0,0,0,0,0,-88000,0,0,0,16000,104000,-88000,-88000
020008,元大特股高息N   ,0,0,0,0,0,0,0,0,0,-88000,0,0,0,12000,100000,-88000,-88000
061462,國巨群益9A購11  ,0,0,0,0,0,0,0,0,0,-88000,0,0,0,0,88000,-88000,-88000
061413,台勝科群益9A購01,0,0,0,0,0,0,0,0,0,-88000,0,0,0,40000,128000,-88000,-88000
064914,友達統一02購03  ,0,0,0,0,0,0,0,0,0,-88000,0,0,0,0,88000,-88000,-88000
065920,日月光凱基02購01,0,0,0,0,0,0,0,0,0,-88000,0,0,0,0,88000,-88000,-88000
5519,隆大            ,36000,124000,-88000,0,0,0,0,0,0,0,0,0,0,0,0,0,-88000
1786,科妍            ,13000,104000,-91000,0,0,0,0,0,0,3000,3000,0,3000,0,0,0,-88000
2548,華固            ,47000,123000,-76000,0,0,0,0,2000,-2000,-10000,0,10000,-10000,0,0,0,-88000
1709,和益            ,55000,146251,-91251,0,0,0,0,0,0,3000,3000,0,3000,0,0,0,-88251
08773P,瑞昱凱基01售01  ,0,0,0,0,0,0,0,0,0,-89000,0,0,0,79000,168000,-89000,-89000
08763P,健策永豐01售02  ,0,0,0,0,0,0,0,0,0,-89000,0,0,0,16000,105000,-89000,-89000
066681,聯發科兆豐01購04,0,0,0,0,0,0,0,0,0,-89000,0,0,0,121000,210000,-89000,-89000
07054P,華新科兆豐99售04,0,0,0,0,0,0,0,0,0,-89000,0,0,0,28000,117000,-89000,-89000
067010,訊芯永豐01購01  ,0,0,0,0,0,0,0,0,0,-89000,0,0,0,0,89000,-89000,-89000
0051,元大中型100     ,1000,1000,0,0,0,0,0,0,0,-89000,0,0,0,3000,92000,-89000,-89000
057665,技嘉元大99購01  ,0,0,0,0,0,0,0,0,0,-89000,0,0,0,5000,94000,-89000,-89000
057964,緯穎元大99購03  ,0,0,0,0,0,0,0,0,0,-89000,0,0,0,11000,100000,-89000,-89000
060402,神隆國泰9B購01  ,0,0,0,0,0,0,0,0,0,-89000,0,0,0,60000,149000,-89000,-89000
066150,國巨麥證01購02  ,0,0,0,31000,141000,-110000,0,0,0,-89000,0,0,0,52000,141000,-89000,-89000
06535P,可成群益99售02  ,0,0,0,0,0,0,0,0,0,-89000,0,0,0,209000,298000,-89000,-89000
065475,聯發科元大01購04,0,0,0,0,0,0,0,0,0,-89000,0,0,0,86000,175000,-89000,-89000
1611,中電            ,44000,134000,-90000,0,0,0,0,0,0,1000,1000,0,1000,0,0,0,-89000
3060,銘異            ,139000,228000,-89000,0,0,0,0,0,0,0,0,0,0,0,0,0,-89000
067094,上証2X群益02購01,0,0,0,0,0,0,0,0,0,-90000,0,0,0,0,90000,-90000,-90000
08777P,滬深2X群益03售02,0,0,0,0,0,0,0,0,0,-90000,0,0,0,0,90000,-90000,-90000
08681P,台灣50凱基01售16,0,0,0,0,0,0,0,0,0,-90000,0,0,0,0,90000,-90000,-90000
08238P,嘉晶永豐9B售03  ,0,0,0,0,0,0,0,0,0,-90000,0,0,0,0,90000,-90000,-90000
08249P,聯發科群益9C售06,0,0,0,0,0,0,0,0,0,-90000,0,0,0,10000,100000,-90000,-90000
059029,旺宏兆豐99購01  ,0,0,0,0,0,0,0,0,0,-90000,0,0,0,0,90000,-90000,-90000
056352,鴻海元大99購01  ,0,0,0,0,0,0,0,0,0,-90000,0,0,0,342000,432000,-90000,-90000
055522,道瓊反群益01購01,0,0,0,0,0,0,0,0,0,-90000,0,0,0,0,90000,-90000,-90000
00715L,街口布蘭特油正2 ,0,0,0,0,0,0,0,0,0,-90000,0,0,0,0,90000,-90000,-90000
054589,聯鈞國泰99購01  ,0,0,0,0,0,0,0,0,0,-90000,0,0,0,0,90000,-90000,-90000
056734,國巨凱基99購01  ,0,0,0,0,0,0,0,0,0,-90000,0,0,0,0,90000,-90000,-90000
062857,SP黃豆國票9C購01,0,0,0,0,0,0,0,0,0,-90000,0,0,0,0,90000,-90000,-90000
062710,盛群元大9B購01  ,0,0,0,0,0,0,0,0,0,-90000,0,0,0,111000,201000,-90000,-90000
063259,廣達富邦9C購01  ,0,0,0,0,0,0,0,0,0,-90000,0,0,0,75000,165000,-90000,-90000
063172,廣達中信9C購01  ,0,0,0,0,0,0,0,0,0,-90000,0,0,0,59000,149000,-90000,-90000
060922,金像電永豐9A購01,0,0,0,0,0,0,0,0,0,-90000,0,0,0,45000,135000,-90000,-90000
063414,鴻海凱基03購01  ,0,0,0,0,0,0,0,0,0,-90000,0,0,0,10000,100000,-90000,-90000
065725,技嘉凱基9C購03  ,0,0,0,0,0,0,0,0,0,-90000,0,0,0,41000,131000,-90000,-90000
065757,新日興元大9C購06,0,0,0,0,0,0,0,0,0,-90000,0,0,0,65000,155000,-90000,-90000
063729,國巨元大9C購08  ,0,0,0,0,0,0,0,0,0,-90000,0,0,0,47000,137000,-90000,-90000
064177,立積國泰01購01  ,0,0,0,0,0,0,0,0,0,-90000,0,0,0,6000,96000,-90000,-90000
3419,譁裕            ,14000,104000,-90000,0,0,0,0,0,0,0,0,0,0,0,0,0,-90000
4545,銘鈺            ,55000,146000,-91000,0,0,0,0,0,0,1000,1000,0,1000,0,0,0,-90000
067406,矽格永豐01購01  ,0,0,0,0,0,0,0,0,0,-91000,0,0,0,0,91000,-91000,-91000
062335,茂林統一01購01  ,0,0,0,0,0,0,0,0,0,-91000,0,0,0,0,91000,-91000,-91000
07880P,可成群益9B售05  ,0,0,0,0,0,0,0,0,0,-92000,0,0,0,0,92000,-92000,-92000
061717,力成凱基9B購01  ,0,0,0,0,0,0,0,0,0,-92000,0,0,0,70000,162000,-92000,-92000
062062,貿聯統一01購01  ,0,0,0,0,0,0,0,0,0,-92000,0,0,0,309000,401000,-92000,-92000
060381,元黃金凱基9A購01,0,0,0,0,0,0,0,0,0,-92000,0,0,0,0,92000,-92000,-92000
066264,金像電元大01購01,0,0,0,0,0,0,0,0,0,-92000,0,0,0,43000,135000,-92000,-92000
4306,炎洲            ,4000,100000,-96000,0,0,0,0,0,0,4000,4000,0,4000,0,0,0,-92000
2204,中華            ,36000,129000,-93000,0,0,0,0,0,0,1000,1000,0,1000,0,0,0,-92000
6669,緯穎            ,362032,327403,34629,0,0,0,0,106000,-106000,-21000,3000,12000,-9000,6000,18000,-12000,-92371
2206,三陽工業        ,307000,409440,-102440,0,0,0,0,0,0,10000,10000,0,10000,0,0,0,-92440
08074P,緯穎元富9B售02  ,0,0,0,0,0,0,0,0,0,-93000,0,0,0,25000,118000,-93000,-93000
067120,矽創群益01購01  ,0,0,0,0,0,0,0,0,0,-93000,0,0,0,0,93000,-93000,-93000
066724,台達電元大01購01,0,0,0,0,0,0,0,0,0,-93000,0,0,0,138000,231000,-93000,-93000
066306,亞聚永豐01購01  ,0,0,0,0,0,0,0,0,0,-93000,0,0,0,10000,103000,-93000,-93000
057466,泰鼎永豐98購01  ,0,0,0,0,0,0,0,0,0,-93000,0,0,0,112000,205000,-93000,-93000
056891,國巨元大99購03  ,0,0,0,0,0,0,0,0,0,-93000,0,0,0,55000,148000,-93000,-93000
063140,聯發科統一9B購08,0,0,0,0,0,0,0,0,0,-93000,0,0,0,35000,128000,-93000,-93000
062036,致新群益9B購01  ,0,0,0,0,0,0,0,0,0,-93000,0,0,0,7000,100000,-93000,-93000
063173,矽格中信9B購01  ,0,0,0,0,0,0,0,0,0,-93000,0,0,0,1000,94000,-93000,-93000
064275,台光電元大9C購03,0,0,0,0,0,0,0,0,0,-93000,0,0,0,15000,108000,-93000,-93000
4155,訊映            ,8000,101000,-93000,0,0,0,0,0,0,0,0,0,0,0,0,0,-93000
4956,光鋐            ,181000,274000,-93000,0,0,0,0,0,0,0,0,0,0,0,0,0,-93000
6112,聚碩            ,88000,181000,-93000,0,0,0,0,0,0,0,0,0,0,0,0,0,-93000
00739,元大MSCI A股    ,49000,49000,0,0,0,0,0,0,0,-93647,0,0,0,1237353,1331000,-93647,-93647
1802,台玻            ,491000,584906,-93906,0,0,0,0,0,0,0,0,0,0,0,0,0,-93906
066644,瑞昱麥證01購01  ,0,0,0,3000,97000,-94000,0,0,0,-94000,0,0,0,3000,97000,-94000,-94000
066810,瀚宇博凱基02購01,0,0,0,0,0,0,0,0,0,-94000,0,0,0,183000,277000,-94000,-94000
066910,華擎凱基01購03  ,0,0,0,0,0,0,0,0,0,-94000,0,0,0,70000,164000,-94000,-94000
08730P,緯穎永豐01售02  ,0,0,0,0,0,0,0,0,0,-94000,0,0,0,34000,128000,-94000,-94000
057112,立積群益99購01  ,0,0,0,0,0,0,0,0,0,-94000,0,0,0,242000,336000,-94000,-94000
055907,台虹兆豐98購01  ,0,0,0,0,0,0,0,0,0,-94000,0,0,0,0,94000,-94000,-94000
062012,燿華富邦9C購01  ,0,0,0,0,0,0,0,0,0,-94000,0,0,0,0,94000,-94000,-94000
062936,鴻海凱基9B購07  ,0,0,0,0,0,0,0,0,0,-94000,0,0,0,129000,223000,-94000,-94000
063289,台表科元大9B購07,0,0,0,0,0,0,0,0,0,-94000,0,0,0,81000,175000,-94000,-94000
063841,國巨元大01購01  ,0,0,0,0,0,0,0,0,0,-94000,0,0,0,108000,202000,-94000,-94000
065890,台積電統一03購01,0,0,0,0,0,0,0,0,0,-94000,0,0,0,6000,100000,-94000,-94000
065174,華新科元大02購02,0,0,0,0,0,0,0,0,0,-94000,0,0,0,200000,294000,-94000,-94000
07473P,祥碩元大9A售01  ,0,0,0,0,0,0,0,0,0,-95000,0,0,0,105000,200000,-95000,-95000
066525,創意統一03購01  ,0,0,0,0,0,0,0,0,0,-95000,0,0,0,4000,99000,-95000,-95000
056269,新日興統一98購01,0,0,0,0,0,0,0,0,0,-95000,0,0,0,159000,254000,-95000,-95000
056904,大立光元大99購05,0,0,0,0,0,0,0,0,0,-95000,0,0,0,15000,110000,-95000,-95000
057903,聯鈞永豐99購01  ,0,0,0,0,0,0,0,0,0,-95000,0,0,0,0,95000,-95000,-95000
062204,京元電國票9C購01,0,0,0,0,0,0,0,0,0,-95000,0,0,0,0,95000,-95000,-95000
058474,鴻海凱基9A購06  ,0,0,0,0,0,0,0,0,0,-95000,0,0,0,94000,189000,-95000,-95000
063061,華新科元富9B購04,0,0,0,0,0,0,0,0,0,-95000,0,0,0,1000,96000,-95000,-95000
063450,華新科統一02購01,0,0,0,0,0,0,0,0,0,-95000,0,0,0,141000,236000,-95000,-95000
060957,SP黃豆凱基9A購04,0,0,0,0,0,0,0,0,0,-95000,0,0,0,0,95000,-95000,-95000
061991,牧德元大9C購01  ,0,0,0,0,0,0,0,0,0,-95000,0,0,0,16000,111000,-95000,-95000
062463,世紀鋼麥證9B購01,0,0,0,5000,100000,-95000,0,0,0,-95000,0,0,0,5000,100000,-95000,-95000
4164,承業醫          ,97000,157000,-60000,0,0,0,0,0,0,-35000,6000,41000,-35000,0,0,0,-95000
066424,晶技元大01購03  ,0,0,0,0,0,0,0,0,0,-96000,0,0,0,83000,179000,-96000,-96000
08057P,京鼎群益9B售01  ,0,0,0,0,0,0,0,0,0,-96000,0,0,0,104000,200000,-96000,-96000
08633P,聯發科元大9C售20,0,0,0,0,0,0,0,0,0,-96000,0,0,0,200000,296000,-96000,-96000
058293,光寶科凱基9A購01,0,0,0,0,0,0,0,0,0,-96000,0,0,0,2000,98000,-96000,-96000
056890,國巨元大98購11  ,0,0,0,0,0,0,0,0,0,-96000,0,0,0,0,96000,-96000,-96000
057729,華新科國泰99購04,0,0,0,0,0,0,0,0,0,-96000,0,0,0,0,96000,-96000,-96000
054559,台光電群益99購01,0,0,0,0,0,0,0,0,0,-96000,0,0,0,2000,98000,-96000,-96000
063247,信邦元大9B購02  ,0,0,0,0,0,0,0,0,0,-96000,0,0,0,50000,146000,-96000,-96000
063643,臻鼎元大9B購03  ,0,0,0,0,0,0,0,0,0,-96000,0,0,0,45000,141000,-96000,-96000
063295,京元電麥證9B購01,0,0,0,40000,136000,-96000,0,0,0,-96000,0,0,0,40000,136000,-96000,-96000
065813,華擎統一03購01  ,0,0,0,0,0,0,0,0,0,-96000,0,0,0,139000,235000,-96000,-96000
063991,南六永豐9C購02  ,0,0,0,0,0,0,0,0,0,-96000,0,0,0,0,96000,-96000,-96000
063934,寶成統一02購01  ,0,0,0,0,0,0,0,0,0,-96000,0,0,0,674000,770000,-96000,-96000
9188,精熙-DR         ,5000,101000,-96000,0,0,0,0,0,0,0,0,0,0,0,0,0,-96000
2404,漢唐            ,121000,187052,-66052,0,0,0,0,1000,-1000,-29000,2000,19000,-17000,8000,20000,-12000,-96052
1532,勤美            ,22000,118277,-96277,0,0,0,0,0,0,0,0,0,0,0,0,0,-96277
1474,弘裕            ,304000,401000,-97000,0,0,0,0,0,0,0,1000,1000,0,0,0,0,-97000
066524,創意統一02購03  ,0,0,0,0,0,0,0,0,0,-97000,0,0,0,7000,104000,-97000,-97000
063694,貿聯永豐9B購01  ,0,0,0,0,0,0,0,0,0,-97000,0,0,0,4000,101000,-97000,-97000
061767,信邦元大9B購01  ,0,0,0,0,0,0,0,0,0,-97000,0,0,0,2000,99000,-97000,-97000
060789,禾伸堂富邦9B購02,0,0,0,0,0,0,0,0,0,-97000,0,0,0,18000,115000,-97000,-97000
060457,中橡元大9A購02  ,0,0,0,0,0,0,0,0,0,-97000,0,0,0,235000,332000,-97000,-97000
061348,聯鈞元大9A購05  ,0,0,0,0,0,0,0,0,0,-97000,0,0,0,15000,112000,-97000,-97000
065139,華通凱基03購01  ,0,0,0,0,0,0,0,0,0,-97000,0,0,0,3000,100000,-97000,-97000
2402,毅嘉            ,381000,478341,-97341,0,0,0,0,0,0,0,0,0,0,0,0,0,-97341
066791,牧德康和01購01  ,0,0,0,0,0,0,0,0,0,-98000,0,0,0,0,98000,-98000,-98000
067152,義隆統一02購03  ,0,0,0,0,0,0,0,0,0,-98000,0,0,0,0,98000,-98000,-98000
08693P,宏達電群益01售02,0,0,0,0,0,0,0,0,0,-98000,0,0,0,50000,148000,-98000,-98000
062270,上銀群益9B購03  ,0,0,0,0,0,0,0,0,0,-98000,0,0,0,11000,109000,-98000,-98000
061949,大立光群益9B購03,0,0,0,0,0,0,0,0,0,-98000,0,0,0,52000,150000,-98000,-98000
059760,楠梓電永豐99購01,0,0,0,0,0,0,0,0,0,-98000,0,0,0,0,98000,-98000,-98000
063373,晶技永豐9B購02  ,0,0,0,0,0,0,0,0,0,-98000,0,0,0,30000,128000,-98000,-98000
065314,矽創國票01購02  ,0,0,0,0,0,0,0,0,0,-98000,0,0,0,10000,108000,-98000,-98000
066164,精元凱基01購01  ,0,0,0,0,0,0,0,0,0,-98000,0,0,0,20000,118000,-98000,-98000
066133,京元電群益01購01,0,0,0,0,0,0,0,0,0,-98000,0,0,0,113000,211000,-98000,-98000
063753,矽創國票9C購01  ,0,0,0,0,0,0,0,0,0,-98000,0,0,0,0,98000,-98000,-98000
064308,國巨群益9C購09  ,0,0,0,0,0,0,0,0,0,-98000,0,0,0,10000,108000,-98000,-98000
064901,牧德群益9C購01  ,0,0,0,0,0,0,0,0,0,-98000,0,0,0,0,98000,-98000,-98000
064931,南六統一9C購05  ,0,0,0,0,0,0,0,0,0,-98000,0,0,0,2000,100000,-98000,-98000
1451,年興            ,15000,116879,-101879,0,0,0,0,0,0,3000,3000,0,3000,0,0,0,-98879
00650L,FH香港正2       ,84000,84000,0,0,0,0,0,0,0,-99000,0,0,0,559000,658000,-99000,-99000
050679,上証2X元富97購02,0,0,0,0,0,0,0,0,0,-99000,0,0,0,0,99000,-99000,-99000
057040,國巨元大98購12  ,0,0,0,0,0,0,0,0,0,-99000,0,0,0,1000,100000,-99000,-99000
056411,緯穎國票99購01  ,0,0,0,0,0,0,0,0,0,-99000,0,0,0,1000,100000,-99000,-99000
061841,晶技凱基9C購01  ,0,0,0,0,0,0,0,0,0,-99000,0,0,0,8000,107000,-99000,-99000
063697,香港反群益9C購01,0,0,0,0,0,0,0,0,0,-99000,0,0,0,0,99000,-99000,-99000
063467,大立光元大9C購06,0,0,0,0,0,0,0,0,0,-99000,0,0,0,11000,110000,-99000,-99000
061666,友達中信01購01  ,0,0,0,0,0,0,0,0,0,-99000,0,0,0,48000,147000,-99000,-99000
063798,台積電凱基02購03,0,0,0,0,0,0,0,0,0,-99000,0,0,0,1000,100000,-99000,-99000
066059,帆宣元大01購01  ,0,0,0,0,0,0,0,0,0,-99000,0,0,0,6000,105000,-99000,-99000
065693,國巨群益9C購18  ,0,0,0,0,0,0,0,0,0,-99000,0,0,0,67000,166000,-99000,-99000
1612,宏泰            ,4000,86000,-82000,0,0,0,0,0,0,-17000,0,17000,-17000,0,0,0,-99000
4977,眾達-KY         ,319000,508000,-189000,0,0,0,0,0,0,90000,144000,41000,103000,2000,15000,-13000,-99000
08689P,高股息中信01售01,0,0,0,0,0,0,0,0,0,-100000,0,0,0,0,100000,-100000,-100000
07953P,健策元大9B售07  ,0,0,0,0,0,0,0,0,0,-100000,0,0,0,20000,120000,-100000,-100000
08239P,南六永豐9B售03  ,0,0,0,0,0,0,0,0,0,-100000,0,0,0,40000,140000,-100000,-100000
08350P,臺股指中信9C售06,0,0,0,0,0,0,0,0,0,-100000,0,0,0,0,100000,-100000,-100000
07543P,台積電凱基9A售17,0,0,0,0,0,0,0,0,0,-100000,0,0,0,0,100000,-100000,-100000
07517P,台積電元大9A售17,0,0,0,0,0,0,0,0,0,-100000,0,0,0,0,100000,-100000,-100000
07557P,玉晶光元大9A售09,0,0,0,0,0,0,0,0,0,-100000,0,0,0,0,100000,-100000,-100000
07356P,臺股指國票99售24,0,0,0,0,0,0,0,0,0,-100000,0,0,0,200000,300000,-100000,-100000
07432P,臺股指國票9A售04,0,0,0,0,0,0,0,0,0,-100000,0,0,0,0,100000,-100000,-100000
07261P,台灣50元大9A售04,0,0,0,0,0,0,0,0,0,-100000,0,0,0,0,100000,-100000,-100000
07249P,T50正2富邦03售02,0,0,0,0,0,0,0,0,0,-100000,0,0,0,0,100000,-100000,-100000
07257P,臺股指凱基99售37,0,0,0,0,0,0,0,0,0,-100000,0,0,0,0,100000,-100000,-100000
07879P,瑞昱群益9C售01  ,0,0,0,0,0,0,0,0,0,-100000,0,0,0,150000,250000,-100000,-100000
07773P,台灣50群益9A售15,0,0,0,0,0,0,0,0,0,-100000,0,0,0,0,100000,-100000,-100000
07672P,南電元大9A售05  ,0,0,0,0,0,0,0,0,0,-100000,0,0,0,0,100000,-100000,-100000
06715P,台積電元大99售04,0,0,0,0,0,0,0,0,0,-100000,0,0,0,10000,110000,-100000,-100000
067303,聯發科元大02購03,0,0,0,0,0,0,0,0,0,-100000,0,0,0,0,100000,-100000,-100000
067088,啟碁元大01購01  ,0,0,0,0,0,0,0,0,0,-100000,0,0,0,33000,133000,-100000,-100000
067085,臻鼎元大01購02  ,0,0,0,0,0,0,0,0,0,-100000,0,0,0,44000,144000,-100000,-100000
066960,盛群元大01購01  ,0,0,0,0,0,0,0,0,0,-100000,0,0,0,0,100000,-100000,-100000
067524,元黃金群益01購01,0,0,0,0,0,0,0,0,0,-100000,0,0,0,0,100000,-100000,-100000
06683P,訊芯元大98售07  ,0,0,0,0,0,0,0,0,0,-100000,0,0,0,0,100000,-100000,-100000
066949,聯發科元大01購17,0,0,0,0,0,0,0,0,0,-100000,0,0,0,0,100000,-100000,-100000
066675,滬深2X兆豐03購01,0,0,0,0,0,0,0,0,0,-100000,0,0,0,0,100000,-100000,-100000
066526,創意統一05購01  ,0,0,0,0,0,0,0,0,0,-100000,0,0,0,22000,122000,-100000,-100000
066324,仲琦永豐01購01  ,0,0,0,0,0,0,0,0,0,-100000,0,0,0,0,100000,-100000,-100000
056354,國巨元大98購10  ,0,0,0,0,0,0,0,0,0,-100000,0,0,0,0,100000,-100000,-100000
055736,宏達電元富99購01,0,0,0,0,0,0,0,0,0,-100000,0,0,0,0,100000,-100000,-100000
056959,鴻海永豐98購03  ,0,0,0,0,0,0,0,0,0,-100000,0,0,0,0,100000,-100000,-100000
048847,A50群益98購01   ,0,0,0,0,0,0,0,0,0,-100000,0,0,0,0,100000,-100000,-100000
053523,T50反1中信9A購01,0,0,0,0,0,0,0,0,0,-100000,0,0,0,0,100000,-100000,-100000
054780,中石化群益99購01,0,0,0,0,0,0,0,0,0,-100000,0,0,0,0,100000,-100000,-100000
054160,華泰凱基98購01  ,0,0,0,0,0,0,0,0,0,-100000,0,0,0,0,100000,-100000,-100000
062260,華新科元大9B購09,0,0,0,0,0,0,0,0,0,-100000,0,0,0,1000,101000,-100000,-100000
062175,臺指反元大02購02,0,0,0,0,0,0,0,0,0,-100000,0,0,0,0,100000,-100000,-100000
058809,國巨統一9B購03  ,0,0,0,0,0,0,0,0,0,-100000,0,0,0,0,100000,-100000,-100000
058140,臻鼎元大99購02  ,0,0,0,0,0,0,0,0,0,-100000,0,0,0,50000,150000,-100000,-100000
058742,鴻海康和99購01  ,0,0,0,0,0,0,0,0,0,-100000,0,0,0,0,100000,-100000,-100000
057895,全新元富9B購01  ,0,0,0,0,0,0,0,0,0,-100000,0,0,0,0,100000,-100000,-100000
059202,禾聯碩永豐99購01,0,0,0,0,0,0,0,0,0,-100000,0,0,0,0,100000,-100000,-100000
057863,美律凱基9A購01  ,0,0,0,0,0,0,0,0,0,-100000,0,0,0,0,100000,-100000,-100000
061798,晶豪科永豐9B購01,0,0,0,0,0,0,0,0,0,-100000,0,0,0,100000,200000,-100000,-100000
061034,晶豪科永豐9A購01,0,0,0,0,0,0,0,0,0,-100000,0,0,0,100000,200000,-100000,-100000
061069,嘉聯益凱基9A購01,0,0,0,0,0,0,0,0,0,-100000,0,0,0,50000,150000,-100000,-100000
060685,康友元大9A購01  ,0,0,0,0,0,0,0,0,0,-100000,0,0,0,0,100000,-100000,-100000
060686,康友元大9A購02  ,0,0,0,0,0,0,0,0,0,-100000,0,0,0,90000,190000,-100000,-100000
060725,台積電第一9A購01,0,0,0,0,0,0,0,0,0,-100000,0,0,0,0,100000,-100000,-100000
063505,奇力新群益9B購03,0,0,0,0,0,0,0,0,0,-100000,0,0,0,0,100000,-100000,-100000
063539,世紀鋼統一9B購02,0,0,0,0,0,0,0,0,0,-100000,0,0,0,20000,120000,-100000,-100000
062072,國巨元大9B購05  ,0,0,0,0,0,0,0,0,0,-100000,0,0,0,0,100000,-100000,-100000
062073,國巨元大9B購06  ,0,0,0,0,0,0,0,0,0,-100000,0,0,0,0,100000,-100000,-100000
061335,國巨元大9A購19  ,0,0,0,0,0,0,0,0,0,-100000,0,0,0,0,100000,-100000,-100000
06211P,鴻海元大98售04  ,0,0,0,0,0,0,0,0,0,-100000,0,0,0,0,100000,-100000,-100000
062466,FBVIX凱基9B購01 ,0,0,0,0,0,0,0,0,0,-100000,0,0,0,0,100000,-100000,-100000
062450,臻鼎元大9B購02  ,0,0,0,0,0,0,0,0,0,-100000,0,0,0,0,100000,-100000,-100000
062435,國巨元大9B購13  ,0,0,0,0,0,0,0,0,0,-100000,0,0,0,1000,101000,-100000,-100000
062783,大立光元大9C購03,0,0,0,0,0,0,0,0,0,-100000,0,0,0,0,100000,-100000,-100000
060054,華新科凱基9B購04,0,0,0,0,0,0,0,0,0,-100000,0,0,0,51000,151000,-100000,-100000
065741,聯發科麥證9C購06,0,0,0,0,100000,-100000,0,0,0,-100000,0,0,0,0,100000,-100000,-100000
065270,TPK元大01購01   ,0,0,0,0,0,0,0,0,0,-100000,0,0,0,100000,200000,-100000,-100000
065080,燿華元大01購01  ,0,0,0,0,0,0,0,0,0,-100000,0,0,0,0,100000,-100000,-100000
065484,康友元大9C購01  ,0,0,0,0,0,0,0,0,0,-100000,0,0,0,68000,168000,-100000,-100000
06553P,訊芯元大98售05  ,0,0,0,0,0,0,0,0,0,-100000,0,0,0,0,100000,-100000,-100000
064379,TPK元富9C購01   ,0,0,0,0,0,0,0,0,0,-100000,0,0,0,50000,150000,-100000,-100000
064346,貿聯元大01購01  ,0,0,0,0,0,0,0,0,0,-100000,0,0,0,5000,105000,-100000,-100000
064528,國巨中信02購01  ,0,0,0,0,0,0,0,0,0,-100000,0,0,0,8000,108000,-100000,-100000
6668,中揚光          ,267000,362000,-95000,0,0,0,0,0,0,-5000,4000,9000,-5000,0,0,0,-100000
2456,奇力新          ,444000,479761,-35761,0,0,0,0,0,0,-65000,33000,18000,15000,8000,88000,-80000,-100761
066898,聯發科康和01購01,0,0,0,0,0,0,0,0,0,-101000,0,0,0,52000,153000,-101000,-101000
06797P,臺股指凱基98售07,0,0,0,0,0,0,0,0,0,-101000,0,0,0,10000,111000,-101000,-101000
06865P,亞德客元大98售04,0,0,0,0,0,0,0,0,0,-101000,0,0,0,0,101000,-101000,-101000
08486P,富邦金群益9C售02,0,0,0,0,0,0,0,0,0,-101000,0,0,0,120000,221000,-101000,-101000
058688,矽創凱基9A購01  ,0,0,0,0,0,0,0,0,0,-101000,0,0,0,2000,103000,-101000,-101000
058796,可成元大99購04  ,0,0,0,0,0,0,0,0,0,-101000,0,0,0,0,101000,-101000,-101000
060130,瀚宇博永豐99購02,0,0,0,0,0,0,0,0,0,-101000,0,0,0,165000,266000,-101000,-101000
064186,燿華永豐9C購01  ,0,0,0,0,0,0,0,0,0,-101000,0,0,0,12000,113000,-101000,-101000
065961,東元元大04購01  ,0,0,0,0,0,0,0,0,0,-101000,0,0,0,52000,153000,-101000,-101000
4141,龍燈-KY         ,48000,149000,-101000,0,0,0,0,0,0,0,0,0,0,0,0,0,-101000
3048,益登            ,21000,135000,-114000,0,0,0,0,0,0,13000,13000,0,13000,0,0,0,-101000
8028,昇陽半導體      ,120000,217000,-97000,0,0,0,0,0,0,-4000,1000,0,1000,0,5000,-5000,-101000
08673P,友訊元富01售03  ,0,0,0,0,0,0,0,0,0,-102000,0,0,0,210000,312000,-102000,-102000
08723P,臺股指元大01售04,0,0,0,0,0,0,0,0,0,-102000,0,0,0,0,102000,-102000,-102000
07751P,世紀鋼凱基9A售02,0,0,0,0,0,0,0,0,0,-102000,0,0,0,0,102000,-102000,-102000
067258,盛群國票01購01  ,0,0,0,0,0,0,0,0,0,-102000,0,0,0,0,102000,-102000,-102000
066923,滬深2X國票02購01,0,0,0,0,0,0,0,0,0,-102000,0,0,0,0,102000,-102000,-102000
066815,華擎兆豐03購01  ,0,0,0,0,0,0,0,0,0,-102000,0,0,0,10000,112000,-102000,-102000
066490,創意元富07購01  ,0,0,0,0,0,0,0,0,0,-102000,0,0,0,4000,106000,-102000,-102000
059162,國巨凱基99購12  ,0,0,0,0,0,0,0,0,0,-102000,0,0,0,36000,138000,-102000,-102000
062975,京鼎元富9B購01  ,0,0,0,0,0,0,0,0,0,-102000,0,0,0,135000,237000,-102000,-102000
061344,禾伸堂元大9A購02,0,0,0,0,0,0,0,0,0,-102000,0,0,0,58000,160000,-102000,-102000
065925,鴻海國票04購01  ,0,0,0,0,0,0,0,0,0,-102000,0,0,0,0,102000,-102000,-102000
3535,晶彩科          ,429000,531000,-102000,0,0,0,0,0,0,0,0,0,0,0,0,0,-102000
066366,信邦中信02購01  ,0,0,0,0,0,0,0,0,0,-103000,0,0,0,95000,198000,-103000,-103000
08859P,奇鋐國票03售01  ,0,0,0,0,0,0,0,0,0,-103000,0,0,0,13000,116000,-103000,-103000
058445,旺宏富邦9C購01  ,0,0,0,0,0,0,0,0,0,-103000,0,0,0,52000,155000,-103000,-103000
061959,鴻海統一9B購04  ,0,0,0,0,0,0,0,0,0,-103000,0,0,0,145000,248000,-103000,-103000
066283,鎧勝元大01購02  ,0,0,0,0,0,0,0,0,0,-103000,0,0,0,185000,288000,-103000,-103000
065024,華擎永豐9C購01  ,0,0,0,0,0,0,0,0,0,-103000,0,0,0,0,103000,-103000,-103000
064829,義隆統一01購02  ,0,0,0,0,0,0,0,0,0,-103000,0,0,0,424000,527000,-103000,-103000
6598,ABC-KY          ,77000,180000,-103000,0,0,0,0,0,0,0,0,0,0,0,0,0,-103000
08210P,健策元富9B售02  ,0,0,0,0,0,0,0,0,0,-104000,0,0,0,101000,205000,-104000,-104000
07142P,台灣50元大01售01,0,0,0,0,0,0,0,0,0,-104000,0,0,0,24000,128000,-104000,-104000
062564,矽創凱基9B購01  ,0,0,0,0,0,0,0,0,0,-104000,0,0,0,17000,121000,-104000,-104000
063784,華通中信06購01  ,0,0,0,0,0,0,0,0,0,-104000,0,0,0,6000,110000,-104000,-104000
065453,康友統一02購02  ,0,0,0,0,0,0,0,0,0,-104000,0,0,0,0,104000,-104000,-104000
2514,龍邦            ,4000,108000,-104000,0,0,0,0,0,0,0,0,0,0,0,0,0,-104000
067247,瀚宇博群益01購02,0,0,0,0,0,0,0,0,0,-105000,0,0,0,7000,112000,-105000,-105000
08305P,茂林群益9C售01  ,0,0,0,0,0,0,0,0,0,-105000,0,0,0,50000,155000,-105000,-105000
057453,矽創元富98購01  ,0,0,0,0,0,0,0,0,0,-105000,0,0,0,0,105000,-105000,-105000
057740,茂林富邦9A購01  ,0,0,0,0,0,0,0,0,0,-105000,0,0,0,70000,175000,-105000,-105000
063377,泰鼎永豐9B購03  ,0,0,0,0,0,0,0,0,0,-105000,0,0,0,98000,203000,-105000,-105000
063916,瀚宇博凱基01購01,0,0,0,0,0,0,0,0,0,-105000,0,0,0,137000,242000,-105000,-105000
064579,大立光富邦03購02,0,0,0,0,0,0,0,0,0,-105000,0,0,0,0,105000,-105000,-105000
08874P,台積電中信07售01,0,0,0,0,0,0,0,0,0,-106000,0,0,0,0,106000,-106000,-106000
066445,牧德群益01購01  ,0,0,0,0,0,0,0,0,0,-106000,0,0,0,2000,108000,-106000,-106000
065452,康友統一02購01  ,0,0,0,0,0,0,0,0,0,-106000,0,0,0,0,106000,-106000,-106000
065972,聯發科元大01購07,0,0,0,0,0,0,0,0,0,-106000,0,0,0,31000,137000,-106000,-106000
058807,和大統一9B購01  ,0,0,0,0,0,0,0,0,0,-107000,0,0,0,3000,110000,-107000,-107000
061241,晶技兆豐9A購01  ,0,0,0,0,0,0,0,0,0,-107000,0,0,0,70000,177000,-107000,-107000
061581,貿聯元大9A購05  ,0,0,0,0,0,0,0,0,0,-107000,0,0,0,50000,157000,-107000,-107000
065296,國巨統一01購10  ,0,0,0,0,0,0,0,0,0,-107000,0,0,0,51000,158000,-107000,-107000
064415,群創麥證9C購01  ,0,0,0,0,107000,-107000,0,0,0,-107000,0,0,0,0,107000,-107000,-107000
2348,海悅            ,15000,123000,-108000,0,0,0,0,0,0,1000,1000,0,1000,0,0,0,-107000
3032,偉訓            ,29000,136000,-107000,0,0,0,0,0,0,0,0,0,0,0,0,0,-107000
059125,台積電第一03購02,0,0,0,0,0,0,0,0,0,-108000,0,0,0,56000,164000,-108000,-108000
056870,全新日盛9A購01  ,0,0,0,0,0,0,0,0,0,-108000,0,0,0,0,108000,-108000,-108000
058534,友達統一9B購01  ,0,0,0,0,0,0,0,0,0,-108000,0,0,0,0,108000,-108000,-108000
054807,台化元大9A購02  ,0,0,0,0,0,0,0,0,0,-108000,0,0,0,0,108000,-108000,-108000
061083,京元電兆豐9A購01,0,0,0,0,0,0,0,0,0,-108000,0,0,0,245000,353000,-108000,-108000
063209,巨大統一01購01  ,0,0,0,0,0,0,0,0,0,-108000,0,0,0,74000,182000,-108000,-108000
061355,康友元大9A購03  ,0,0,0,0,0,0,0,0,0,-108000,0,0,0,100000,208000,-108000,-108000
064012,泰碩國票01購02  ,0,0,0,0,0,0,0,0,0,-108000,0,0,0,18000,126000,-108000,-108000
2314,台揚            ,126000,234000,-108000,0,0,0,0,0,0,0,0,0,0,0,0,0,-108000
067102,聯發科群益01購03,0,0,0,0,0,0,0,0,0,-109000,0,0,0,7000,116000,-109000,-109000
08447P,緯穎永豐9C售02  ,0,0,0,0,0,0,0,0,0,-109000,0,0,0,16000,125000,-109000,-109000
05887P,友達元富99售03  ,0,0,0,0,0,0,0,0,0,-109000,0,0,0,118000,227000,-109000,-109000
059865,國巨凱基01購01  ,0,0,0,0,0,0,0,0,0,-109000,0,0,0,113000,222000,-109000,-109000
064670,智伸科元大9C購01,0,0,0,0,0,0,0,0,0,-109000,0,0,0,24000,133000,-109000,-109000
065049,世芯凱基02購01  ,0,0,0,0,0,0,0,0,0,-109000,0,0,0,201000,310000,-109000,-109000
065456,義隆元富9C購03  ,0,0,0,0,0,0,0,0,0,-109000,0,0,0,86000,195000,-109000,-109000
066206,聯鈞統一01購01  ,0,0,0,0,0,0,0,0,0,-109000,0,0,0,10000,119000,-109000,-109000
066196,南港統一03購01  ,0,0,0,0,0,0,0,0,0,-109000,0,0,0,544000,653000,-109000,-109000
067539,緯創群益01購01  ,0,0,0,0,0,0,0,0,0,-110000,0,0,0,5000,115000,-110000,-110000
067424,美律凱基02購02  ,0,0,0,0,0,0,0,0,0,-110000,0,0,0,0,110000,-110000,-110000
066457,可成統一02購01  ,0,0,0,0,0,0,0,0,0,-110000,0,0,0,0,110000,-110000,-110000
057765,康舒凱基98購01  ,0,0,0,0,0,0,0,0,0,-110000,0,0,0,0,110000,-110000,-110000
056723,國巨中信9A購01  ,0,0,0,0,0,0,0,0,0,-110000,0,0,0,0,110000,-110000,-110000
058984,全新凱基9A購03  ,0,0,0,0,0,0,0,0,0,-110000,0,0,0,0,110000,-110000,-110000
059870,全新凱基99購05  ,0,0,0,0,0,0,0,0,0,-110000,0,0,0,7000,117000,-110000,-110000
059911,國巨元大99購27  ,0,0,0,0,0,0,0,0,0,-110000,0,0,0,1000,111000,-110000,-110000
06284P,台積電國票98售03,0,0,0,0,0,0,0,0,0,-110000,0,0,0,70000,180000,-110000,-110000
062427,嘉澤統一01購01  ,0,0,0,0,0,0,0,0,0,-110000,0,0,0,0,110000,-110000,-110000
059631,京元電凱基99購02,0,0,0,0,0,0,0,0,0,-110000,0,0,0,5000,115000,-110000,-110000
061055,康控群益9A購01  ,0,0,0,0,0,0,0,0,0,-110000,0,0,0,31000,141000,-110000,-110000
060718,中磊永豐9A購01  ,0,0,0,0,0,0,0,0,0,-110000,0,0,0,59000,169000,-110000,-110000
063360,茂林國泰9C購02  ,0,0,0,0,0,0,0,0,0,-110000,0,0,0,57000,167000,-110000,-110000
063071,華新科富邦02購01,0,0,0,0,0,0,0,0,0,-110000,0,0,0,20000,130000,-110000,-110000
065661,智原永豐9C購01  ,0,0,0,0,0,0,0,0,0,-110000,0,0,0,10000,120000,-110000,-110000
064717,台積電統一01購08,0,0,0,0,0,0,0,0,0,-110000,0,0,0,19000,129000,-110000,-110000
064530,康控中信9C購01  ,0,0,0,0,0,0,0,0,0,-110000,0,0,0,51000,161000,-110000,-110000
064282,大立光元大9C購13,0,0,0,0,0,0,0,0,0,-110000,0,0,0,0,110000,-110000,-110000
3013,晟銘電          ,8000,118000,-110000,0,0,0,0,0,0,0,0,0,0,0,0,0,-110000
3694,海華            ,178000,289000,-111000,0,0,0,0,0,0,1000,1000,0,1000,0,0,0,-110000
066846,京鼎元大01購03  ,0,0,0,0,0,0,0,0,0,-111000,0,0,0,474000,585000,-111000,-111000
08189P,超眾群益9B售04  ,0,0,0,0,0,0,0,0,0,-111000,0,0,0,50000,161000,-111000,-111000
060886,國巨統一01購03  ,0,0,0,0,0,0,0,0,0,-111000,0,0,0,12000,123000,-111000,-111000
059695,聯鈞永豐99購02  ,0,0,0,0,0,0,0,0,0,-111000,0,0,0,1000,112000,-111000,-111000
064298,台灣50兆豐01購02,0,0,0,0,0,0,0,0,0,-111000,0,0,0,443000,554000,-111000,-111000
064255,泰碩國泰02購01  ,0,0,0,0,0,0,0,0,0,-111000,0,0,0,18000,129000,-111000,-111000
065614,緯穎元大01購02  ,0,0,0,0,0,0,0,0,0,-111000,0,0,0,100000,211000,-111000,-111000
065550,聯發科凱基01購07,0,0,0,0,0,0,0,0,0,-111000,0,0,0,207000,318000,-111000,-111000
065371,漢唐元大01購01  ,0,0,0,0,0,0,0,0,0,-111000,0,0,0,151000,262000,-111000,-111000
065726,京元電凱基9C購02,0,0,0,0,0,0,0,0,0,-111000,0,0,0,78000,189000,-111000,-111000
2606,裕民            ,36000,135000,-99000,0,0,0,3000,0,3000,-15000,0,15000,-15000,0,0,0,-111000
066728,台積電元大01購15,0,0,0,0,0,0,0,0,0,-112000,0,0,0,35000,147000,-112000,-112000
067300,金像電元大02購02,0,0,0,0,0,0,0,0,0,-112000,0,0,0,50000,162000,-112000,-112000
052890,FB上証群益9B購01,0,0,0,0,0,0,0,0,0,-112000,0,0,0,50000,162000,-112000,-112000
057626,技嘉富邦9A購01  ,0,0,0,0,0,0,0,0,0,-112000,0,0,0,157000,269000,-112000,-112000
058472,亞德客凱基9A購01,0,0,0,0,0,0,0,0,0,-112000,0,0,0,26000,138000,-112000,-112000
061546,大立光群益9A購05,0,0,0,0,0,0,0,0,0,-112000,0,0,0,26000,138000,-112000,-112000
065881,京元電台新9C購01,0,0,0,0,0,0,0,0,0,-112000,0,0,0,0,112000,-112000,-112000
065052,南六凱基02購02  ,0,0,0,0,0,0,0,0,0,-112000,0,0,0,0,112000,-112000,-112000
08389P,技嘉國票9C售01  ,0,0,0,0,0,0,0,0,0,-113000,0,0,0,0,113000,-113000,-113000
063461,金像電元大9B購03,0,0,0,0,0,0,0,0,0,-113000,0,0,0,114000,227000,-113000,-113000
061113,南電元大9A購03  ,0,0,0,0,0,0,0,0,0,-113000,0,0,0,7000,120000,-113000,-113000
066190,惠特凱基01購01  ,0,0,0,0,0,0,0,0,0,-113000,0,0,0,200000,313000,-113000,-113000
064369,彩晶統一01購01  ,0,0,0,0,0,0,0,0,0,-113000,0,0,0,0,113000,-113000,-113000
6451,訊芯-KY         ,306000,466000,-160000,0,0,0,0,0,0,47000,4000,4000,0,83000,36000,47000,-113000
9921,巨大            ,948123,1096000,-147877,0,0,0,7000,53442,-46442,81000,87000,0,87000,2000,8000,-6000,-113319
058456,京鼎永豐99購01  ,0,0,0,0,0,0,0,0,0,-114000,0,0,0,41000,155000,-114000,-114000
058496,文曄群益99購01  ,0,0,0,0,0,0,0,0,0,-114000,0,0,0,0,114000,-114000,-114000
058323,泰鼎永豐9A購01  ,0,0,0,0,0,0,0,0,0,-114000,0,0,0,60000,174000,-114000,-114000
057629,泰碩永豐98購02  ,0,0,0,0,0,0,0,0,0,-114000,0,0,0,50000,164000,-114000,-114000
060681,華擎元大9A購02  ,0,0,0,0,0,0,0,0,0,-114000,0,0,0,108000,222000,-114000,-114000
059786,全新元大99購06  ,0,0,0,0,0,0,0,0,0,-114000,0,0,0,39000,153000,-114000,-114000
061964,台積電統一01購05,0,0,0,0,0,0,0,0,0,-114000,0,0,0,24000,138000,-114000,-114000
063995,健鼎群益9C購01  ,0,0,0,0,0,0,0,0,0,-114000,0,0,0,0,114000,-114000,-114000
064471,國巨麥證9C購02  ,0,0,0,1000,117000,-116000,0,0,0,-114000,0,0,0,3000,117000,-114000,-114000
065938,文曄群益01購01  ,0,0,0,0,0,0,0,0,0,-114000,0,0,0,269000,383000,-114000,-114000
065783,友訊永豐9C購02  ,0,0,0,0,0,0,0,0,0,-114000,0,0,0,50000,164000,-114000,-114000
067304,義隆元大01購05  ,0,0,0,0,0,0,0,0,0,-115000,0,0,0,8000,123000,-115000,-115000
06997P,台灣50中信03售01,0,0,0,0,0,0,0,0,0,-115000,0,0,0,0,115000,-115000,-115000
066495,技嘉國泰03購01  ,0,0,0,0,0,0,0,0,0,-115000,0,0,0,0,115000,-115000,-115000
066534,華通台新01購02  ,0,0,0,0,0,0,0,0,0,-115000,0,0,0,60000,175000,-115000,-115000
056983,大立光群益99購02,0,0,0,0,0,0,0,0,0,-115000,0,0,0,5000,120000,-115000,-115000
066069,英業達凱基02購01,0,0,0,0,0,0,0,0,0,-115000,0,0,0,16000,131000,-115000,-115000
065260,金像電元大9C購07,0,0,0,0,0,0,0,0,0,-115000,0,0,0,102000,217000,-115000,-115000
065536,健鼎統一02購04  ,0,0,0,0,0,0,0,0,0,-115000,0,0,0,0,115000,-115000,-115000
067013,致新永豐01購01  ,0,0,0,0,0,0,0,0,0,-116000,0,0,0,0,116000,-116000,-116000
067006,德律永豐01購02  ,0,0,0,0,0,0,0,0,0,-116000,0,0,0,0,116000,-116000,-116000
060161,牧德永豐9A購02  ,0,0,0,0,0,0,0,0,0,-116000,0,0,0,0,116000,-116000,-116000
06334P,臺股指群益9C售03,0,0,0,0,0,0,0,0,0,-116000,0,0,0,277000,393000,-116000,-116000
06712P,臺股指台新99售09,0,0,0,0,0,0,0,0,0,-117000,0,0,0,0,117000,-117000,-117000
066367,緯創中信05購01  ,0,0,0,0,0,0,0,0,0,-117000,0,0,0,48000,165000,-117000,-117000
08229P,祥碩國票9B售04  ,0,0,0,0,0,0,0,0,0,-117000,0,0,0,116000,233000,-117000,-117000
08060P,嘉澤元大9B售01  ,0,0,0,0,0,0,0,0,0,-117000,0,0,0,0,117000,-117000,-117000
9944,新麗            ,137000,254000,-117000,0,0,0,0,0,0,0,2000,2000,0,0,0,0,-117000
3669,圓展            ,849000,816000,33000,0,0,0,0,150000,-150000,0,0,0,0,0,0,0,-117000
066527,泰鼎統一03購01  ,0,0,0,0,0,0,0,0,0,-118000,0,0,0,439000,557000,-118000,-118000
058268,泰碩永豐9A購01  ,0,0,0,0,0,0,0,0,0,-118000,0,0,0,36000,154000,-118000,-118000
057982,帆宣永豐98購01  ,0,0,0,0,0,0,0,0,0,-118000,0,0,0,78000,196000,-118000,-118000
062352,南六群益9B購02  ,0,0,0,0,0,0,0,0,0,-118000,0,0,0,0,118000,-118000,-118000
061550,聯鈞群益9A購03  ,0,0,0,0,0,0,0,0,0,-118000,0,0,0,100000,218000,-118000,-118000
064551,鈺齊凱基9C購02  ,0,0,0,0,0,0,0,0,0,-118000,0,0,0,36000,154000,-118000,-118000
064701,巨大群益9C購02  ,0,0,0,0,0,0,0,0,0,-118000,0,0,0,15000,133000,-118000,-118000
4137,麗豐-KY         ,61000,188760,-127760,0,0,0,0,0,0,9000,25000,0,25000,2000,18000,-16000,-118760
063574,茂林元大9B購07  ,0,0,0,0,0,0,0,0,0,-119000,0,0,0,100000,219000,-119000,-119000
064304,信邦兆豐01購01  ,0,0,0,0,0,0,0,0,0,-119000,0,0,0,20000,139000,-119000,-119000
065490,國巨國泰02購02  ,0,0,0,0,0,0,0,0,0,-119000,0,0,0,74000,193000,-119000,-119000
8996,高力            ,1102000,1173000,-71000,0,0,0,0,0,0,-48000,61000,109000,-48000,0,0,0,-119000
067320,訊連元大01購01  ,0,0,0,0,0,0,0,0,0,-120000,0,0,0,0,120000,-120000,-120000
07694P,超眾元大9A售05  ,0,0,0,0,0,0,0,0,0,-120000,0,0,0,25000,145000,-120000,-120000
057016,中石化凱基9B購01,0,0,0,0,0,0,0,0,0,-120000,0,0,0,40000,160000,-120000,-120000
058525,台虹元大99購02  ,0,0,0,0,0,0,0,0,0,-120000,0,0,0,9000,129000,-120000,-120000
05631P,國巨富邦9A售01  ,0,0,0,0,0,0,0,0,0,-120000,0,0,0,0,120000,-120000,-120000
055439,台表科國票98購02,0,0,0,0,0,0,0,0,0,-120000,0,0,0,0,120000,-120000,-120000
063448,聯發科統一9C購11,0,0,0,0,0,0,0,0,0,-120000,0,0,0,0,120000,-120000,-120000
061080,華邦電兆豐9B購01,0,0,0,0,0,0,0,0,0,-120000,0,0,0,207000,327000,-120000,-120000
060599,國巨凱基9C購01  ,0,0,0,0,0,0,0,0,0,-120000,0,0,0,14000,134000,-120000,-120000
064562,友達群益9C購03  ,0,0,0,0,0,0,0,0,0,-120000,0,0,0,0,120000,-120000,-120000
1733,五鼎            ,76000,208000,-132000,0,0,0,0,0,0,12000,14000,2000,12000,0,0,0,-120000
07670P,茂林元大9A售02  ,0,0,0,0,0,0,0,0,0,-121000,0,0,0,55000,176000,-121000,-121000
08428P,GIS國票01售01   ,0,0,0,0,0,0,0,0,0,-121000,0,0,0,60000,181000,-121000,-121000
06826P,臺股指國票98售02,0,0,0,0,0,0,0,0,0,-121000,0,0,0,0,121000,-121000,-121000
066449,瀚宇博群益01購01,0,0,0,0,0,0,0,0,0,-121000,0,0,0,108000,229000,-121000,-121000
065094,新日興元大9C購04,0,0,0,0,0,0,0,0,0,-121000,0,0,0,4000,125000,-121000,-121000
065341,華邦電統一01購02,0,0,0,0,0,0,0,0,0,-122000,0,0,0,151000,273000,-122000,-122000
065537,健鼎統一02購05  ,0,0,0,0,0,0,0,0,0,-122000,0,0,0,40000,162000,-122000,-122000
066056,聯鈞元大01購02  ,0,0,0,0,0,0,0,0,0,-122000,0,0,0,0,122000,-122000,-122000
065810,台表科群益9C購05,0,0,0,0,0,0,0,0,0,-122000,0,0,0,5000,127000,-122000,-122000
063819,致新群益9C購01  ,0,0,0,0,0,0,0,0,0,-122000,0,0,0,0,122000,-122000,-122000
1307,三芳            ,26000,152113,-126113,0,0,0,0,0,0,4000,4000,0,4000,0,0,0,-122113
063640,貿聯元大9B購03  ,0,0,0,0,0,0,0,0,0,-123000,0,0,0,45000,168000,-123000,-123000
063885,南六元富9C購01  ,0,0,0,0,0,0,0,0,0,-123000,0,0,0,0,123000,-123000,-123000
063997,泰鼎群益9C購01  ,0,0,0,0,0,0,0,0,0,-123000,0,0,0,67000,190000,-123000,-123000
065763,台表科元大9C購14,0,0,0,0,0,0,0,0,0,-123000,0,0,0,107000,230000,-123000,-123000
6505,台塑化          ,739470,803000,-63530,0,0,0,0,43000,-43000,-17000,0,0,0,0,17000,-17000,-123530
043442,大立光台新01購01,0,0,0,0,0,0,0,0,0,-124000,0,0,0,0,124000,-124000,-124000
057257,台泥兆豐99購01  ,0,0,0,0,0,0,0,0,0,-124000,0,0,0,0,124000,-124000,-124000
060017,全新康和99購01  ,0,0,0,0,0,0,0,0,0,-124000,0,0,0,3000,127000,-124000,-124000
08199P,大毅元大9B售02  ,0,0,0,0,0,0,0,0,0,-125000,0,0,0,0,125000,-125000,-125000
058515,健鼎元大99購01  ,0,0,0,0,0,0,0,0,0,-125000,0,0,0,68000,193000,-125000,-125000
063138,聯發科統一01購05,0,0,0,0,0,0,0,0,0,-125000,0,0,0,1000,126000,-125000,-125000
063454,瑞儀統一9B購01  ,0,0,0,0,0,0,0,0,0,-125000,0,0,0,61000,186000,-125000,-125000
063531,台表科凱基9B購04,0,0,0,0,0,0,0,0,0,-125000,0,0,0,0,125000,-125000,-125000
065364,國巨元大9C購18  ,0,0,0,0,0,0,0,0,0,-125000,0,0,0,25000,150000,-125000,-125000
065118,國巨富邦01購02  ,0,0,0,0,0,0,0,0,0,-125000,0,0,0,627000,752000,-125000,-125000
08171P,嘉澤國票9C售01  ,0,0,0,0,0,0,0,0,0,-126000,0,0,0,14000,140000,-126000,-126000
08516P,技嘉群益01售02  ,0,0,0,0,0,0,0,0,0,-126000,0,0,0,80000,206000,-126000,-126000
061659,信邦永豐9A購01  ,0,0,0,0,0,0,0,0,0,-126000,0,0,0,61000,187000,-126000,-126000
065096,世芯元大9C購03  ,0,0,0,0,0,0,0,0,0,-126000,0,0,0,30000,156000,-126000,-126000
066136,景碩群益01購02  ,0,0,0,0,0,0,0,0,0,-126000,0,0,0,0,126000,-126000,-126000
066188,訊芯凱基01購01  ,0,0,0,0,0,0,0,0,0,-126000,0,0,0,45000,171000,-126000,-126000
3026,禾伸堂          ,343000,466105,-123105,0,0,0,0,0,0,-3000,0,0,0,37000,40000,-3000,-126105
08526P,義隆元大9C售04  ,0,0,0,0,0,0,0,0,0,-127000,0,0,0,32000,159000,-127000,-127000
08271P,華通元富9C售01  ,0,0,0,0,0,0,0,0,0,-127000,0,0,0,109000,236000,-127000,-127000
07990P,緯穎凱基9B售02  ,0,0,0,0,0,0,0,0,0,-127000,0,0,0,167000,294000,-127000,-127000
067293,智伸科兆豐03購01,0,0,0,0,0,0,0,0,0,-127000,0,0,0,0,127000,-127000,-127000
058049,帆宣元大98購01  ,0,0,0,0,0,0,0,0,0,-127000,0,0,0,0,127000,-127000,-127000
055619,同欣電國票98購02,0,0,0,0,0,0,0,0,0,-127000,0,0,0,112000,239000,-127000,-127000
9935,慶豐富          ,26000,154000,-128000,0,0,0,0,0,0,1000,1000,0,1000,0,0,0,-127000
08641P,台灣50群益9C售08,0,0,0,0,0,0,0,0,0,-128000,0,0,0,22000,150000,-128000,-128000
08648P,健策凱基9C售05  ,0,0,0,0,0,0,0,0,0,-128000,0,0,0,28000,156000,-128000,-128000
057764,台表科凱基9A購01,0,0,0,0,0,0,0,0,0,-128000,0,0,0,43000,171000,-128000,-128000
061706,旭富國票9A購02  ,0,0,0,0,0,0,0,0,0,-128000,0,0,0,143000,271000,-128000,-128000
066083,鴻海富邦02購01  ,0,0,0,0,0,0,0,0,0,-128000,0,0,0,1000,129000,-128000,-128000
063940,國巨元大01購02  ,0,0,0,0,0,0,0,0,0,-128000,0,0,0,3000,131000,-128000,-128000
065019,華邦電富邦9C購01,0,0,0,0,0,0,0,0,0,-128000,0,0,0,0,128000,-128000,-128000
2375,凱美            ,108000,228000,-120000,0,0,0,0,0,0,-8000,0,0,0,0,8000,-8000,-128000
066928,台達電國票01購02,0,0,0,0,0,0,0,0,0,-129000,0,0,0,35000,164000,-129000,-129000
059297,大立光元富9C購01,0,0,0,0,0,0,0,0,0,-129000,0,0,0,92000,221000,-129000,-129000
062543,華通富邦9C購01  ,0,0,0,0,0,0,0,0,0,-129000,0,0,0,1000,130000,-129000,-129000
03421B,臺股指元大99熊01,0,0,0,0,0,0,0,0,0,-129000,0,0,0,26000,155000,-129000,-129000
062750,可成中信9B購01  ,0,0,0,0,0,0,0,0,0,-129000,0,0,0,0,129000,-129000,-129000
063231,台泥元大9B購01  ,0,0,0,0,0,0,0,0,0,-129000,0,0,0,7000,136000,-129000,-129000
062033,瀚宇博群益9B購01,0,0,0,0,0,0,0,0,0,-129000,0,0,0,143000,272000,-129000,-129000
064950,美律凱基02購01  ,0,0,0,0,0,0,0,0,0,-129000,0,0,0,66000,195000,-129000,-129000
066140,鎧勝群益01購01  ,0,0,0,0,0,0,0,0,0,-129000,0,0,0,0,129000,-129000,-129000
3094,聯傑            ,74000,203000,-129000,0,0,0,0,71,-71,0,0,0,0,0,0,0,-129071
2534,宏盛            ,62000,183760,-121760,0,0,0,0,0,0,-8000,0,0,0,0,8000,-8000,-129760
066455,聯發科統一01購10,0,0,0,0,0,0,0,0,0,-130000,0,0,0,96000,226000,-130000,-130000
066567,臻鼎元大01購01  ,0,0,0,0,0,0,0,0,0,-130000,0,0,0,93000,223000,-130000,-130000
060676,京元電元大9A購03,0,0,0,0,0,0,0,0,0,-130000,0,0,0,83000,213000,-130000,-130000
066294,嘉基元大01購01  ,0,0,0,0,0,0,0,0,0,-130000,0,0,0,10000,140000,-130000,-130000
2618,長榮航          ,3256000,3385101,-129101,0,0,0,12000,33000,-21000,20000,75000,6000,69000,17000,66000,-49000,-130101
066418,京元電元大01購02,0,0,0,0,0,0,0,0,0,-131000,0,0,0,94000,225000,-131000,-131000
066741,華擎元大01購03  ,0,0,0,0,0,0,0,0,0,-131000,0,0,0,92000,223000,-131000,-131000
06771P,台灣50中信02售01,0,0,0,0,0,0,0,0,0,-131000,0,0,0,0,131000,-131000,-131000
061259,台積電凱基9A購21,0,0,0,0,0,0,0,0,0,-131000,0,0,0,9000,140000,-131000,-131000
060313,淘帝永豐9A購01  ,0,0,0,0,0,0,0,0,0,-131000,0,0,0,17000,148000,-131000,-131000
061820,康控群益9B購02  ,0,0,0,0,0,0,0,0,0,-131000,0,0,0,11000,142000,-131000,-131000
061490,茂林兆豐9B購01  ,0,0,0,0,0,0,0,0,0,-131000,0,0,0,16000,147000,-131000,-131000
066045,聯發科元大01購08,0,0,0,0,0,0,0,0,0,-131000,0,0,0,51000,182000,-131000,-131000
065679,聯發科統一03購01,0,0,0,0,0,0,0,0,0,-131000,0,0,0,59000,190000,-131000,-131000
2480,敦陽科          ,36000,179000,-143000,0,0,0,0,0,0,12000,10000,0,10000,6000,4000,2000,-131000
2451,創見            ,77000,189107,-112107,0,0,0,0,0,0,-19000,0,0,0,0,19000,-19000,-131107
062652,上証2X永豐9B購01,0,0,0,0,0,0,0,0,0,-132000,0,0,0,166000,298000,-132000,-132000
066730,致茂元大01購01  ,0,0,0,0,0,0,0,0,0,-133000,0,0,0,67000,200000,-133000,-133000
08412P,群創凱基01售03  ,0,0,0,0,0,0,0,0,0,-133000,0,0,0,73000,206000,-133000,-133000
08036P,嘉澤群益9B售03  ,0,0,0,0,0,0,0,0,0,-133000,0,0,0,12000,145000,-133000,-133000
08313P,健策國票01售01  ,0,0,0,0,0,0,0,0,0,-134000,0,0,0,28000,162000,-134000,-134000
066726,鴻海元大01購11  ,0,0,0,0,0,0,0,0,0,-134000,0,0,0,120000,254000,-134000,-134000
066927,亞德客國票02購01,0,0,0,0,0,0,0,0,0,-134000,0,0,0,14000,148000,-134000,-134000
03454B,臺股指元大04熊06,0,0,0,0,0,0,0,0,0,-134000,0,0,0,8000,142000,-134000,-134000
062401,信邦永豐9B購01  ,0,0,0,0,0,0,0,0,0,-134000,0,0,0,31000,165000,-134000,-134000
058656,燿華中信99購01  ,0,0,0,0,0,0,0,0,0,-134000,0,0,0,30000,164000,-134000,-134000
063431,神隆元富9B購01  ,0,0,0,0,0,0,0,0,0,-134000,0,0,0,34000,168000,-134000,-134000
063395,金像電群益9B購02,0,0,0,0,0,0,0,0,0,-134000,0,0,0,144000,278000,-134000,-134000
063941,國巨元大9C購12  ,0,0,0,0,0,0,0,0,0,-134000,0,0,0,109000,243000,-134000,-134000
066809,新唐凱基01購01  ,0,0,0,0,0,0,0,0,0,-135000,0,0,0,8000,143000,-135000,-135000
067081,華擎元大01購05  ,0,0,0,0,0,0,0,0,0,-135000,0,0,0,109000,244000,-135000,-135000
03688C,T50反1凱基03牛02,0,0,0,0,0,0,0,0,0,-135000,0,0,0,41000,176000,-135000,-135000
062638,茂林國票9C購01  ,0,0,0,0,0,0,0,0,0,-135000,0,0,0,41000,176000,-135000,-135000
07131P,緯穎元大99售06  ,0,0,0,0,0,0,0,0,0,-136000,0,0,0,0,136000,-136000,-136000
066669,華擎凱基02購02  ,0,0,0,0,0,0,0,0,0,-136000,0,0,0,81000,217000,-136000,-136000
08752P,長榮航群益01售01,0,0,0,0,0,0,0,0,0,-136000,0,0,0,0,136000,-136000,-136000
058261,大立光富邦03購01,0,0,0,0,0,0,0,0,0,-136000,0,0,0,0,136000,-136000,-136000
063013,技嘉元大9B購02  ,0,0,0,0,0,0,0,0,0,-136000,0,0,0,55000,191000,-136000,-136000
063224,泰鼎群益9B購02  ,0,0,0,0,0,0,0,0,0,-136000,0,0,0,71000,207000,-136000,-136000
06333P,臺股指群益9C售02,0,0,0,0,0,0,0,0,0,-136000,0,0,0,78000,214000,-136000,-136000
064647,致伸凱基9C購01  ,0,0,0,0,0,0,0,0,0,-136000,0,0,0,20000,156000,-136000,-136000
066922,台表科麥證01購01,0,0,0,35000,172000,-137000,0,0,0,-137000,0,0,0,35000,172000,-137000,-137000
067350,鴻海群益02購02  ,0,0,0,0,0,0,0,0,0,-137000,0,0,0,0,137000,-137000,-137000
067294,中磊兆豐03購01  ,0,0,0,0,0,0,0,0,0,-137000,0,0,0,0,137000,-137000,-137000
062896,中興電元大9B購01,0,0,0,0,0,0,0,0,0,-137000,0,0,0,46000,183000,-137000,-137000
064501,大立光元大01購02,0,0,0,0,0,0,0,0,0,-137000,0,0,0,68000,205000,-137000,-137000
064374,旺宏元富9C購01  ,0,0,0,0,0,0,0,0,0,-137000,0,0,0,11000,148000,-137000,-137000
065498,台積電富邦04購02,0,0,0,0,0,0,0,0,0,-137000,0,0,0,18000,155000,-137000,-137000
066691,京元電台新01購01,0,0,0,0,0,0,0,0,0,-138000,0,0,0,82000,220000,-138000,-138000
066576,矽創元大01購02  ,0,0,0,0,0,0,0,0,0,-138000,0,0,0,292000,430000,-138000,-138000
00635U,元大S&P黃金     ,0,2000,-2000,0,0,0,0,0,0,-136000,0,0,0,64000,200000,-136000,-138000
063325,SP黃豆國票9C購02,0,0,0,0,0,0,0,0,0,-138000,0,0,0,2000,140000,-138000,-138000
065368,技嘉元大9C購04  ,0,0,0,0,0,0,0,0,0,-138000,0,0,0,37000,175000,-138000,-138000
064362,友達統一01購02  ,0,0,0,0,0,0,0,0,0,-138000,0,0,0,0,138000,-138000,-138000
064334,可成元大01購01  ,0,0,0,0,0,0,0,0,0,-138000,0,0,0,0,138000,-138000,-138000
064473,技嘉麥證9C購01  ,0,0,0,36000,174000,-138000,0,0,0,-138000,0,0,0,36000,174000,-138000,-138000
2939,凱羿-KY         ,10000,148000,-138000,0,0,0,0,0,0,0,0,0,0,0,0,0,-138000
6214,精誠            ,203000,327000,-124000,0,0,0,0,1000,-1000,-13000,7000,20000,-13000,0,0,0,-138000
064659,台達電元大9C購02,0,0,0,0,0,0,0,0,0,-139000,0,0,0,98000,237000,-139000,-139000
065237,茂林凱基01購01  ,0,0,0,0,0,0,0,0,0,-139000,0,0,0,41000,180000,-139000,-139000
5607,遠雄港          ,45000,184000,-139000,0,0,0,0,0,0,0,0,0,0,0,0,0,-139000
2636,台驊投控        ,102000,241000,-139000,0,0,0,0,0,0,0,0,0,0,0,0,0,-139000
065369,瑞昱元大9C購01  ,0,0,0,0,0,0,0,0,0,-140000,0,0,0,10000,150000,-140000,-140000
065990,華擎永豐01購01  ,0,0,0,0,0,0,0,0,0,-140000,0,0,0,10000,150000,-140000,-140000
066720,滬深2X元大01購07,0,0,0,0,0,0,0,0,0,-141000,0,0,0,21000,162000,-141000,-141000
08393P,鴻海群益9C售05  ,0,0,0,0,0,0,0,0,0,-141000,0,0,0,0,141000,-141000,-141000
08542P,台勝科國票02售01,0,0,0,0,0,0,0,0,0,-141000,0,0,0,0,141000,-141000,-141000
053798,台積電中信98購02,0,0,0,0,0,0,0,0,0,-141000,0,0,0,96000,237000,-141000,-141000
063685,鴻海永豐9B購03  ,0,0,0,0,0,0,0,0,0,-141000,0,0,0,331000,472000,-141000,-141000
062138,力成群益9B購01  ,0,0,0,0,0,0,0,0,0,-141000,0,0,0,59000,200000,-141000,-141000
066074,文曄凱基01購01  ,0,0,0,0,0,0,0,0,0,-141000,0,0,0,170000,311000,-141000,-141000
065714,矽創群益9C購02  ,0,0,0,0,0,0,0,0,0,-141000,0,0,0,47000,188000,-141000,-141000
064893,金像電群益01購02,0,0,0,0,0,0,0,0,0,-141000,0,0,0,135000,276000,-141000,-141000
064049,信邦統一01購01  ,0,0,0,0,0,0,0,0,0,-141000,0,0,0,51000,192000,-141000,-141000
063773,可成富邦9C購01  ,0,0,0,0,0,0,0,0,0,-141000,0,0,0,489000,630000,-141000,-141000
1447,力鵬            ,93000,254788,-161788,0,0,0,0,0,0,20000,20000,0,20000,0,0,0,-141788
067041,國巨凱基04購02  ,0,0,0,0,0,0,0,0,0,-142000,0,0,0,0,142000,-142000,-142000
062528,全新統一9C購01  ,0,0,0,0,0,0,0,0,0,-142000,0,0,0,40000,182000,-142000,-142000
062185,禾伸堂元大9B購01,0,0,0,0,0,0,0,0,0,-142000,0,0,0,58000,200000,-142000,-142000
061734,全新中信9B購02  ,0,0,0,0,0,0,0,0,0,-142000,0,0,0,0,142000,-142000,-142000
064847,金像電元富9C購01,0,0,0,0,0,0,0,0,0,-142000,0,0,0,167000,309000,-142000,-142000
064680,創意兆豐01購01  ,0,0,0,0,0,0,0,0,0,-142000,0,0,0,3000,145000,-142000,-142000
065354,金像電元富03購01,0,0,0,0,0,0,0,0,0,-142000,0,0,0,216000,358000,-142000,-142000
066347,鎧勝永豐01購01  ,0,0,0,0,0,0,0,0,0,-143000,0,0,0,17000,160000,-143000,-143000
06458P,玉晶光統一9A售02,0,0,0,0,0,0,0,0,0,-143000,0,0,0,21000,164000,-143000,-143000
067035,台表科康和01購01,0,0,0,0,0,0,0,0,0,-144000,0,0,0,58000,202000,-144000,-144000
067368,技嘉統一03購01  ,0,0,0,0,0,0,0,0,0,-144000,0,0,0,0,144000,-144000,-144000
058779,大立光國票9A購02,0,0,0,0,0,0,0,0,0,-144000,0,0,0,34000,178000,-144000,-144000
6591,動力-KY         ,696000,839000,-143000,0,0,0,0,0,0,-1000,0,1000,-1000,0,0,0,-144000
6531,愛普            ,609000,754000,-145000,0,0,0,135,0,135,0,0,0,0,0,0,0,-144865
066938,敦泰國票02購01  ,0,0,0,0,0,0,0,0,0,-145000,0,0,0,35000,180000,-145000,-145000
07903P,台積電群益9B售03,0,0,0,0,0,0,0,0,0,-145000,0,0,0,0,145000,-145000,-145000
063642,茂林元大9B購08  ,0,0,0,0,0,0,0,0,0,-145000,0,0,0,168000,313000,-145000,-145000
2362,藍天            ,30000,165000,-135000,0,0,0,1000,0,1000,-11000,0,7000,-7000,0,4000,-4000,-145000
059120,致伸永豐99購01  ,0,0,0,0,0,0,0,0,0,-146000,0,0,0,0,146000,-146000,-146000
062886,中興電群益9B購01,0,0,0,0,0,0,0,0,0,-146000,0,0,0,37000,183000,-146000,-146000
064708,帆宣永豐9C購01  ,0,0,0,0,0,0,0,0,0,-146000,0,0,0,56000,202000,-146000,-146000
065791,牧德永豐9C購03  ,0,0,0,0,0,0,0,0,0,-146000,0,0,0,0,146000,-146000,-146000
6552,易華電          ,53000,194000,-141000,0,0,0,0,0,0,-5000,0,0,0,0,5000,-5000,-146000
08056P,華通群益9B售06  ,0,0,0,0,0,0,0,0,0,-147000,0,0,0,0,147000,-147000,-147000
06926P,可成群益9A售04  ,0,0,0,0,0,0,0,0,0,-147000,0,0,0,100000,247000,-147000,-147000
058408,華通兆豐99購02  ,0,0,0,0,0,0,0,0,0,-147000,0,0,0,10000,157000,-147000,-147000
061489,高鐵兆豐9A購01  ,0,0,0,0,0,0,0,0,0,-147000,0,0,0,0,147000,-147000,-147000
067005,盟立永豐01購04  ,0,0,0,0,0,0,0,0,0,-148000,0,0,0,175000,323000,-148000,-148000
07768P,緯穎群益9A售02  ,0,0,0,0,0,0,0,0,0,-148000,0,0,0,0,148000,-148000,-148000
059476,道瓊指群益9C購01,0,0,0,0,0,0,0,0,0,-148000,0,0,0,2000,150000,-148000,-148000
3014,聯陽            ,427000,622000,-195000,0,0,0,0,2000,-2000,49000,122000,61000,61000,2000,14000,-12000,-148000
4536,拓凱            ,283000,76000,207000,0,0,0,40223,269000,-228777,-127000,0,127000,-127000,1000,1000,0,-148777
058363,全新凱基9A購02  ,0,0,0,0,0,0,0,0,0,-149000,0,0,0,60000,209000,-149000,-149000
058104,國巨統一9A購04  ,0,0,0,0,0,0,0,0,0,-149000,0,0,0,0,149000,-149000,-149000
066029,神達群益02購01  ,0,0,0,0,0,0,0,0,0,-149000,0,0,0,1000,150000,-149000,-149000
07466P,亞德客元大9A售02,0,0,0,0,0,0,0,0,0,-150000,0,0,0,30000,180000,-150000,-150000
08112P,臺股指中信01售07,0,0,0,0,0,0,0,0,0,-150000,0,0,0,35000,185000,-150000,-150000
08296P,同欣電元大9C售04,0,0,0,0,0,0,0,0,0,-150000,0,0,0,36000,186000,-150000,-150000
066962,致新元大01購02  ,0,0,0,0,0,0,0,0,0,-150000,0,0,0,0,150000,-150000,-150000
066744,和碩元大01購02  ,0,0,0,0,0,0,0,0,0,-150000,0,0,0,50000,200000,-150000,-150000
056574,亞光元大99購03  ,0,0,0,0,0,0,0,0,0,-150000,0,0,0,0,150000,-150000,-150000
061491,嘉聯益兆豐9B購01,0,0,0,0,0,0,0,0,0,-150000,0,0,0,50000,200000,-150000,-150000
062693,中石化元大02購01,0,0,0,0,0,0,0,0,0,-150000,0,0,0,200000,350000,-150000,-150000
062449,臻鼎元大9B購01  ,0,0,0,0,0,0,0,0,0,-150000,0,0,0,23000,173000,-150000,-150000
064456,禾伸堂統一01購01,0,0,0,0,0,0,0,0,0,-151000,0,0,0,165000,316000,-151000,-151000
064072,康友永豐9C購01  ,0,0,0,0,0,0,0,0,0,-151000,0,0,0,5000,156000,-151000,-151000
3705,永信            ,247000,396000,-149000,0,0,0,0,0,0,-2000,0,0,0,0,2000,-2000,-151000
2109,華豐            ,8000,157830,-149830,0,0,0,0,1337,-1337,0,0,0,0,0,0,0,-151167
07059P,華通國票9A售02  ,0,0,0,0,0,0,0,0,0,-152000,0,0,0,0,152000,-152000,-152000
07720P,臺股指群益9A售09,0,0,0,0,0,0,0,0,0,-152000,0,0,0,150000,302000,-152000,-152000
08899P,台積電群益01售16,0,0,0,0,0,0,0,0,0,-152000,0,0,0,0,152000,-152000,-152000
063774,GIS富邦9B購02   ,0,0,0,0,0,0,0,0,0,-152000,0,0,0,346000,498000,-152000,-152000
08168P,金像電群益9B售03,0,0,0,0,0,0,0,0,0,-153000,0,0,0,482000,635000,-153000,-153000
066651,創意康和01購04  ,0,0,0,0,0,0,0,0,0,-153000,0,0,0,596000,749000,-153000,-153000
065079,致茂元大9C購01  ,0,0,0,0,0,0,0,0,0,-153000,0,0,0,61000,214000,-153000,-153000
066356,嘉基永豐01購01  ,0,0,0,0,0,0,0,0,0,-154000,0,0,0,0,154000,-154000,-154000
08234P,華擎元富9B售03  ,0,0,0,0,0,0,0,0,0,-154000,0,0,0,216000,370000,-154000,-154000
08671P,友訊國票01售01  ,0,0,0,0,0,0,0,0,0,-154000,0,0,0,0,154000,-154000,-154000
056768,宏達電元大99購03,0,0,0,0,0,0,0,0,0,-154000,0,0,0,188000,342000,-154000,-154000
064904,茂林群益9C購02  ,0,0,0,0,0,0,0,0,0,-154000,0,0,0,99000,253000,-154000,-154000
8429,金麗-KY         ,55000,215000,-160000,0,0,0,0,0,0,6000,6000,0,6000,0,0,0,-154000
08745P,臺股指凱基02售06,0,0,0,0,0,0,0,0,0,-155000,0,0,0,0,155000,-155000,-155000
08751P,友達群益01售01  ,0,0,0,0,0,0,0,0,0,-155000,0,0,0,0,155000,-155000,-155000
07373P,A50正2元大99售01,0,0,0,0,0,0,0,0,0,-155000,0,0,0,0,155000,-155000,-155000
066751,矽創元大01購03  ,0,0,0,0,0,0,0,0,0,-155000,0,0,0,43000,198000,-155000,-155000
066736,京鼎元大01購02  ,0,0,0,0,0,0,0,0,0,-155000,0,0,0,41000,196000,-155000,-155000
067178,京鼎康和01購01  ,0,0,0,0,0,0,0,0,0,-155000,0,0,0,0,155000,-155000,-155000
055022,精元國泰99購01  ,0,0,0,0,0,0,0,0,0,-155000,0,0,0,100000,255000,-155000,-155000
065229,友達凱基02購03  ,0,0,0,0,0,0,0,0,0,-155000,0,0,0,0,155000,-155000,-155000
066106,台郡國票02購01  ,0,0,0,0,0,0,0,0,0,-155000,0,0,0,34000,189000,-155000,-155000
064560,技嘉群益01購01  ,0,0,0,0,0,0,0,0,0,-156000,0,0,0,55000,211000,-156000,-156000
064176,京元電國泰01購01,0,0,0,0,0,0,0,0,0,-156000,0,0,0,147000,303000,-156000,-156000
08207P,金像電群益9B售05,0,0,0,0,0,0,0,0,0,-157000,0,0,0,236000,393000,-157000,-157000
08715P,創意元富07售02  ,0,0,0,0,0,0,0,0,0,-157000,0,0,0,135000,292000,-157000,-157000
058287,國巨國票9A購02  ,0,0,0,0,0,0,0,0,0,-157000,0,0,0,95000,252000,-157000,-157000
064253,貿聯元富9C購01  ,0,0,0,0,0,0,0,0,0,-157000,0,0,0,135000,292000,-157000,-157000
063860,旺宏國泰02購01  ,0,0,0,0,0,0,0,0,0,-157000,0,0,0,30000,187000,-157000,-157000
4532,瑞智            ,141000,298000,-157000,0,0,0,0,0,0,0,0,0,0,0,0,0,-157000
3543,州巧            ,2000,159000,-157000,0,0,0,0,0,0,0,0,0,0,0,0,0,-157000
08339P,上銀統一9C售04  ,0,0,0,0,0,0,0,0,0,-158000,0,0,0,0,158000,-158000,-158000
07731P,臺股指凱基9A售28,0,0,0,0,0,0,0,0,0,-158000,0,0,0,56000,214000,-158000,-158000
066834,泰鼎群益01購01  ,0,0,0,0,0,0,0,0,0,-158000,0,0,0,103000,261000,-158000,-158000
059922,大立光元大99購25,0,0,0,0,0,0,0,0,0,-158000,0,0,0,12000,170000,-158000,-158000
08123P,台表科國票9C售01,0,0,0,0,0,0,0,0,0,-159000,0,0,0,133000,292000,-159000,-159000
058655,鴻海中信03購02  ,0,0,0,0,0,0,0,0,0,-159000,0,0,0,0,159000,-159000,-159000
058645,康控富邦01購01  ,0,0,0,0,0,0,0,0,0,-159000,0,0,0,658000,817000,-159000,-159000
8249,菱光            ,0,159000,-159000,0,0,0,0,0,0,0,0,0,0,0,0,0,-159000
066940,T50反1元大01購03,0,0,0,0,0,0,0,0,0,-160000,0,0,0,0,160000,-160000,-160000
057601,中磊群益98購01  ,0,0,0,0,0,0,0,0,0,-160000,0,0,0,10000,170000,-160000,-160000
053730,樺漢凱基98購01  ,0,0,0,0,0,0,0,0,0,-160000,0,0,0,10000,170000,-160000,-160000
054563,泰碩群益99購01  ,0,0,0,0,0,0,0,0,0,-160000,0,0,0,0,160000,-160000,-160000
061087,國巨統一01購04  ,0,0,0,0,0,0,0,0,0,-160000,0,0,0,0,160000,-160000,-160000
064413,世紀鋼凱基02購01,0,0,0,0,0,0,0,0,0,-160000,0,0,0,23000,183000,-160000,-160000
064940,智伸科元富9C購01,0,0,0,0,0,0,0,0,0,-160000,0,0,0,229000,389000,-160000,-160000
066066,鴻海凱基01購05  ,0,0,0,0,0,0,0,0,0,-160000,0,0,0,132000,292000,-160000,-160000
065606,可成元大01購05  ,0,0,0,0,0,0,0,0,0,-160000,0,0,0,112000,272000,-160000,-160000
4426,利勤            ,30000,185000,-155000,0,0,0,0,0,0,-5000,0,0,0,0,5000,-5000,-160000
067221,台表科元大01購02,0,0,0,0,0,0,0,0,0,-161000,0,0,0,15000,176000,-161000,-161000
08820P,台積電凱基01售10,0,0,0,0,0,0,0,0,0,-161000,0,0,0,349000,510000,-161000,-161000
060567,華擎富邦9C購01  ,0,0,0,0,0,0,0,0,0,-161000,0,0,0,12000,173000,-161000,-161000
08628P,微星中信9C售01  ,0,0,0,0,0,0,0,0,0,-162000,0,0,0,355000,517000,-162000,-162000
07837P,華邦電元大9A售01,0,0,0,0,0,0,0,0,0,-162000,0,0,0,400000,562000,-162000,-162000
057231,美律凱基98購05  ,0,0,0,0,0,0,0,0,0,-162000,0,0,0,20000,182000,-162000,-162000
08015P,可成凱基9B售05  ,0,0,0,0,0,0,0,0,0,-163000,0,0,0,168000,331000,-163000,-163000
059097,世紀鋼元大99購05,0,0,0,0,0,0,0,0,0,-163000,0,0,0,127000,290000,-163000,-163000
065258,華邦電元大01購01,0,0,0,0,0,0,0,0,0,-163000,0,0,0,152000,315000,-163000,-163000
064463,聯茂統一01購02  ,0,0,0,0,0,0,0,0,0,-163000,0,0,0,0,163000,-163000,-163000
07789P,緯穎群益9A售03  ,0,0,0,0,0,0,0,0,0,-164000,0,0,0,12000,176000,-164000,-164000
08695P,嘉晶群益01售01  ,0,0,0,0,0,0,0,0,0,-164000,0,0,0,22000,186000,-164000,-164000
062367,禾伸堂元大9B購02,0,0,0,0,0,0,0,0,0,-164000,0,0,0,4000,168000,-164000,-164000
00681R,元大美債20反1   ,0,0,0,0,0,0,0,0,0,-164000,0,0,0,0,164000,-164000,-164000
062126,創意統一9B購01  ,0,0,0,0,0,0,0,0,0,-164000,0,0,0,28000,192000,-164000,-164000
065100,聯茂元大9C購04  ,0,0,0,0,0,0,0,0,0,-164000,0,0,0,100000,264000,-164000,-164000
4919,新唐            ,145000,303000,-158000,0,0,0,0,1000,-1000,-5000,0,0,0,27000,32000,-5000,-164000
2705,六福            ,34000,198000,-164000,0,0,0,0,0,0,0,0,0,0,0,0,0,-164000
1310,台苯            ,2045000,2109000,-64000,0,0,0,0,3000,-3000,-98000,0,0,0,0,98000,-98000,-165000
1582,信錦            ,20000,184000,-164000,0,0,0,0,0,0,-1000,0,0,0,0,1000,-1000,-165000
067055,上証2X元大01購03,0,0,0,0,0,0,0,0,0,-165000,0,0,0,15000,180000,-165000,-165000
066558,創意元大01購04  ,0,0,0,0,0,0,0,0,0,-165000,0,0,0,100000,265000,-165000,-165000
065374,義隆元大9C購07  ,0,0,0,0,0,0,0,0,0,-165000,0,0,0,204000,369000,-165000,-165000
063739,台勝科元大9B購03,0,0,0,0,0,0,0,0,0,-165000,0,0,0,150000,315000,-165000,-165000
058989,茂林凱基99購02  ,0,0,0,0,0,0,0,0,0,-166000,0,0,0,104000,270000,-166000,-166000
064836,群創統一9C購04  ,0,0,0,0,0,0,0,0,0,-166000,0,0,0,20000,186000,-166000,-166000
06867P,訊芯元大98售08  ,0,0,0,0,0,0,0,0,0,-167000,0,0,0,33000,200000,-167000,-167000
067380,華擎統一02購02  ,0,0,0,0,0,0,0,0,0,-167000,0,0,0,20000,187000,-167000,-167000
07865P,可成元大9B售02  ,0,0,0,0,0,0,0,0,0,-167000,0,0,0,50000,217000,-167000,-167000
07502P,美食元大9A售01  ,0,0,0,0,0,0,0,0,0,-167000,0,0,0,0,167000,-167000,-167000
08221P,台表科凱基9B售05,0,0,0,0,0,0,0,0,0,-167000,0,0,0,60000,227000,-167000,-167000
052542,友達元富98購01  ,0,0,0,0,0,0,0,0,0,-167000,0,0,0,152000,319000,-167000,-167000
060643,牧德永豐9A購03  ,0,0,0,0,0,0,0,0,0,-167000,0,0,0,0,167000,-167000,-167000
061455,京元電凱基9B購01,0,0,0,0,0,0,0,0,0,-168000,0,0,0,331000,499000,-168000,-168000
064518,華新科群益02購01,0,0,0,0,0,0,0,0,0,-168000,0,0,0,14000,182000,-168000,-168000
1707,葡萄王          ,16000,169000,-153000,0,0,0,0,0,0,-15000,0,0,0,0,15000,-15000,-168000
3406,玉晶光          ,1136000,1274240,-138240,0,0,0,30000,8005,21995,-52000,107000,159000,-52000,32000,32000,0,-168245
08451P,南六統一9C售06  ,0,0,0,0,0,0,0,0,0,-169000,0,0,0,437000,606000,-169000,-169000
066564,智伸科元大01購01,0,0,0,0,0,0,0,0,0,-169000,0,0,0,68000,237000,-169000,-169000
066849,神達元大01購01  ,0,0,0,0,0,0,0,0,0,-169000,0,0,0,184000,353000,-169000,-169000
061990,台勝科元大9C購01,0,0,0,0,0,0,0,0,0,-169000,0,0,0,100000,269000,-169000,-169000
3090,日電貿          ,73000,223426,-150426,0,0,0,0,0,0,-19000,0,0,0,0,19000,-19000,-169426
066369,瀚宇博中信01購01,0,0,0,0,0,0,0,0,0,-170000,0,0,0,192000,362000,-170000,-170000
067468,鴻海元大01購17  ,0,0,0,0,0,0,0,0,0,-170000,0,0,0,0,170000,-170000,-170000
06803P,臺股指群益98售09,0,0,0,0,0,0,0,0,0,-170000,0,0,0,0,170000,-170000,-170000
08384P,臺股指群益9C售12,0,0,0,0,0,0,0,0,0,-170000,0,0,0,50000,220000,-170000,-170000
08814P,世紀鋼群益01售04,0,0,0,0,0,0,0,0,0,-170000,0,0,0,49000,219000,-170000,-170000
061454,國巨凱基9A購16  ,0,0,0,0,0,0,0,0,0,-170000,0,0,0,8000,178000,-170000,-170000
063648,台表科元大9C購05,0,0,0,0,0,0,0,0,0,-170000,0,0,0,67000,237000,-170000,-170000
065557,中磊凱基9C購01  ,0,0,0,0,0,0,0,0,0,-170000,0,0,0,126000,296000,-170000,-170000
1773,勝一            ,24000,194000,-170000,0,0,0,0,0,0,0,0,0,0,0,0,0,-170000
1321,大洋            ,22000,192000,-170000,0,0,0,0,0,0,-1000,0,1000,-1000,0,0,0,-171000
066959,新唐元大01購01  ,0,0,0,0,0,0,0,0,0,-171000,0,0,0,32000,203000,-171000,-171000
066769,嘉基永豐01購02  ,0,0,0,0,0,0,0,0,0,-171000,0,0,0,20000,191000,-171000,-171000
062778,國巨元大9B購17  ,0,0,0,0,0,0,0,0,0,-171000,0,0,0,1000,172000,-171000,-171000
063102,旺宏群益9B購03  ,0,0,0,0,0,0,0,0,0,-171000,0,0,0,10000,181000,-171000,-171000
064957,台表科凱基02購02,0,0,0,0,0,0,0,0,0,-171000,0,0,0,15000,186000,-171000,-171000
08846P,上証2X群益03售03,0,0,0,0,0,0,0,0,0,-172000,0,0,0,15000,187000,-172000,-172000
061647,南六元大9A購03  ,0,0,0,0,0,0,0,0,0,-172000,0,0,0,12000,184000,-172000,-172000
064095,鴻海群益01購02  ,0,0,0,0,0,0,0,0,0,-172000,0,0,0,93000,265000,-172000,-172000
2453,凌群            ,85000,257000,-172000,0,0,0,0,0,0,0,0,0,0,0,0,0,-172000
2022,聚亨            ,25000,197264,-172264,0,0,0,0,0,0,0,0,0,0,0,0,0,-172264
08002P,大毅國票9B售03  ,0,0,0,0,0,0,0,0,0,-174000,0,0,0,102000,276000,-174000,-174000
058019,美律凱基99購04  ,0,0,0,0,0,0,0,0,0,-174000,0,0,0,0,174000,-174000,-174000
064509,台表科元大9C購08,0,0,0,0,0,0,0,0,0,-174000,0,0,0,89000,263000,-174000,-174000
08378P,世紀鋼元富9C售02,0,0,0,0,0,0,0,0,0,-175000,0,0,0,113000,288000,-175000,-175000
08676P,泰碩群益04售01  ,0,0,0,0,0,0,0,0,0,-175000,0,0,0,0,175000,-175000,-175000
066603,台達電富邦05購01,0,0,0,0,0,0,0,0,0,-175000,0,0,0,447000,622000,-175000,-175000
058247,聯茂元大99購04  ,0,0,0,0,0,0,0,0,0,-175000,0,0,0,100000,275000,-175000,-175000
056657,華邦電元大99購01,0,0,0,0,0,0,0,0,0,-175000,0,0,0,68000,243000,-175000,-175000
061694,玉山金群益9A購01,0,0,0,0,0,0,0,0,0,-175000,0,0,0,8000,183000,-175000,-175000
061031,神隆永豐9A購02  ,0,0,0,0,0,0,0,0,0,-175000,0,0,0,34000,209000,-175000,-175000
061882,矽創元大9B購01  ,0,0,0,0,0,0,0,0,0,-175000,0,0,0,49000,224000,-175000,-175000
066856,致新元大01購01  ,0,0,0,0,0,0,0,0,0,-176000,0,0,0,28000,204000,-176000,-176000
066783,友達中信01購04  ,0,0,0,0,0,0,0,0,0,-176000,0,0,0,0,176000,-176000,-176000
057023,美律凱基99購02  ,0,0,0,0,0,0,0,0,0,-176000,0,0,0,0,176000,-176000,-176000
055331,國巨兆豐99購01  ,0,0,0,0,0,0,0,0,0,-176000,0,0,0,70000,246000,-176000,-176000
063412,寶成國票9C購01  ,0,0,0,0,0,0,0,0,0,-176000,0,0,0,149000,325000,-176000,-176000
059996,美律元富99購01  ,0,0,0,0,0,0,0,0,0,-176000,0,0,0,45000,221000,-176000,-176000
063233,國巨元大9B購19  ,0,0,0,0,0,0,0,0,0,-176000,0,0,0,1000,177000,-176000,-176000
066184,鎧勝凱基01購01  ,0,0,0,0,0,0,0,0,0,-176000,0,0,0,76000,252000,-176000,-176000
1609,大亞            ,256000,432000,-176000,0,0,0,0,0,0,0,0,0,0,0,0,0,-176000
03662C,FBVIX凱基03牛01 ,0,0,0,0,0,0,0,0,0,-177000,0,0,0,14000,191000,-177000,-177000
065808,力成群益9C購02  ,0,0,0,0,0,0,0,0,0,-177000,0,0,0,186000,363000,-177000,-177000
065709,瀚宇博群益9C購01,0,0,0,0,0,0,0,0,0,-177000,0,0,0,3000,180000,-177000,-177000
063804,華邦電兆豐01購01,0,0,0,0,0,0,0,0,0,-177000,0,0,0,5000,182000,-177000,-177000
2106,建大            ,123000,270000,-147000,0,0,0,0,0,0,-30000,0,30000,-30000,0,0,0,-177000
4104,佳醫            ,80000,257000,-177000,0,0,0,0,0,0,0,0,0,0,0,0,0,-177000
06983P,台積電國泰9A售02,0,0,0,0,0,0,0,0,0,-178000,0,0,0,30000,208000,-178000,-178000
08537P,台光電國票01售03,0,0,0,0,0,0,0,0,0,-178000,0,0,0,110000,288000,-178000,-178000
08557P,臺股指中信01售09,0,0,0,0,0,0,0,0,0,-178000,0,0,0,15000,193000,-178000,-178000
08776P,上証2X群益03售02,0,0,0,0,0,0,0,0,0,-178000,0,0,0,0,178000,-178000,-178000
055036,中工富邦9B購01  ,0,0,0,0,0,0,0,0,0,-178000,0,0,0,330000,508000,-178000,-178000
062156,美律凱基9B購01  ,0,0,0,0,0,0,0,0,0,-178000,0,0,0,30000,208000,-178000,-178000
063675,亞德客國泰01購01,0,0,0,0,0,0,0,0,0,-178000,0,0,0,173000,351000,-178000,-178000
054368,鴻海中信9A購02  ,0,0,0,0,0,0,0,0,0,-179000,0,0,0,0,179000,-179000,-179000
063205,貿聯統一9C購01  ,0,0,0,0,0,0,0,0,0,-179000,0,0,0,115000,294000,-179000,-179000
064795,致伸國票01購01  ,0,0,0,0,0,0,0,0,0,-180000,0,0,0,0,180000,-180000,-180000
8462,柏文            ,79000,184000,-105000,0,0,0,0,0,0,-75000,0,31000,-31000,0,44000,-44000,-180000
8131,福懋科          ,22000,200000,-178000,0,0,0,0,2000,-2000,0,0,0,0,0,0,0,-180000
067086,中磊元大01購01  ,0,0,0,0,0,0,0,0,0,-181000,0,0,0,260000,441000,-181000,-181000
058337,日月光元富99購01,0,0,0,0,0,0,0,0,0,-181000,0,0,0,58000,239000,-181000,-181000
066476,禾伸堂麥證01購01,0,0,0,118000,300000,-182000,0,0,0,-182000,0,0,0,118000,300000,-182000,-182000
065651,中磊元大9C購01  ,0,0,0,0,0,0,0,0,0,-182000,0,0,0,226000,408000,-182000,-182000
3312,弘憶股          ,0,182000,-182000,0,0,0,0,0,0,0,0,0,0,0,0,0,-182000
5876,上海商銀        ,1184443,1272000,-87557,0,0,0,0,3000,-3000,-92000,0,2000,-2000,0,90000,-90000,-182557
3257,虹冠電          ,47000,261000,-214000,0,0,0,31283,0,31283,0,0,0,0,0,0,0,-182717
059403,T50反1台新03購03,0,0,0,0,0,0,0,0,0,-183000,0,0,0,0,183000,-183000,-183000
058831,茂林永豐99購01  ,0,0,0,0,0,0,0,0,0,-183000,0,0,0,1000,184000,-183000,-183000
00643,群益深証中小    ,94000,97000,-3000,0,0,0,0,0,0,-180000,0,100000,-100000,698000,778000,-80000,-183000
064107,友達兆豐01購01  ,0,0,0,0,0,0,0,0,0,-183000,0,0,0,100000,283000,-183000,-183000
3532,台勝科          ,31000,229000,-198000,0,0,0,0,0,0,15000,0,0,0,31000,16000,15000,-183000
067402,茂林永豐01購01  ,0,0,0,0,0,0,0,0,0,-184000,0,0,0,0,184000,-184000,-184000
057835,華擎元富9B購01  ,0,0,0,0,0,0,0,0,0,-184000,0,0,0,42000,226000,-184000,-184000
066248,長興元大01購01  ,0,0,0,0,0,0,0,0,0,-184000,0,0,0,40000,224000,-184000,-184000
6452,康友-KY         ,28000,236128,-208128,0,0,0,0,0,0,24000,0,0,0,39000,15000,24000,-184128
08609P,世紀鋼永豐9C售03,0,0,0,0,0,0,0,0,0,-185000,0,0,0,85000,270000,-185000,-185000
065519,台勝科群益9C購02,0,0,0,0,0,0,0,0,0,-185000,0,0,0,117000,302000,-185000,-185000
065481,臻鼎元大9C購04  ,0,0,0,0,0,0,0,0,0,-185000,0,0,0,210000,395000,-185000,-185000
064991,友達兆豐9C購01  ,0,0,0,0,0,0,0,0,0,-185000,0,0,0,0,185000,-185000,-185000
08576P,嘉澤凱基9C售03  ,0,0,0,0,0,0,0,0,0,-186000,0,0,0,0,186000,-186000,-186000
1439,中和            ,12000,198000,-186000,0,0,0,0,0,0,0,1000,1000,0,0,0,0,-186000
067072,建準元大01購01  ,0,0,0,0,0,0,0,0,0,-186000,0,0,0,91000,277000,-186000,-186000
064222,玉山金國票01購01,0,0,0,0,0,0,0,0,0,-186000,0,0,0,21000,207000,-186000,-186000
065825,鴻海凱基02購02  ,0,0,0,0,0,0,0,0,0,-186000,0,0,0,127000,313000,-186000,-186000
067113,京鼎群益02購03  ,0,0,0,0,0,0,0,0,0,-187000,0,0,0,2000,189000,-187000,-187000
08377P,臻鼎元富9C售02  ,0,0,0,0,0,0,0,0,0,-187000,0,0,0,143000,330000,-187000,-187000
08337P,台灣50凱基01售15,0,0,0,0,0,0,0,0,0,-187000,0,0,0,175000,362000,-187000,-187000
062527,美律統一01購01  ,0,0,0,0,0,0,0,0,0,-187000,0,0,0,0,187000,-187000,-187000
063407,泰鼎國票9C購01  ,0,0,0,0,0,0,0,0,0,-187000,0,0,0,70000,257000,-187000,-187000
063921,大立光元富9C購03,0,0,0,0,0,0,0,0,0,-187000,0,0,0,8000,195000,-187000,-187000
066994,聯發科國泰03購02,0,0,0,0,0,0,0,0,0,-188000,0,0,0,1000,189000,-188000,-188000
063477,訊芯元大9B購01  ,0,0,0,0,0,0,0,0,0,-188000,0,0,0,32000,220000,-188000,-188000
2405,浩鑫            ,16000,204000,-188000,0,0,0,0,0,0,0,0,0,0,0,0,0,-188000
065764,康友元大9C購02  ,0,0,0,0,0,0,0,0,0,-189000,0,0,0,142000,331000,-189000,-189000
066104,鎧勝國票02購01  ,0,0,0,0,0,0,0,0,0,-189000,0,0,0,68000,257000,-189000,-189000
067211,聯發科元大01購19,0,0,0,0,0,0,0,0,0,-190000,0,0,0,0,190000,-190000,-190000
067193,台表科凱基03購02,0,0,0,0,0,0,0,0,0,-190000,0,0,0,0,190000,-190000,-190000
067266,義隆國泰03購01  ,0,0,0,0,0,0,0,0,0,-190000,0,0,0,109000,299000,-190000,-190000
067229,台達電群益01購02,0,0,0,0,0,0,0,0,0,-190000,0,0,0,1000,191000,-190000,-190000
06845P,億光元大98售02  ,0,0,0,0,0,0,0,0,0,-190000,0,0,0,10000,200000,-190000,-190000
07814P,華通群益9A售06  ,0,0,0,0,0,0,0,0,0,-190000,0,0,0,0,190000,-190000,-190000
063380,台表科永豐9B購03,0,0,0,0,0,0,0,0,0,-190000,0,0,0,70000,260000,-190000,-190000
062707,致伸元大9B購01  ,0,0,0,0,0,0,0,0,0,-190000,0,0,0,131000,321000,-190000,-190000
08754P,臺股指群益01售04,0,0,0,0,0,0,0,0,0,-191000,0,0,0,25000,216000,-191000,-191000
067172,台積電兆豐03購02,0,0,0,0,0,0,0,0,0,-191000,0,0,0,519000,710000,-191000,-191000
066540,景碩兆豐01購02  ,0,0,0,0,0,0,0,0,0,-191000,0,0,0,0,191000,-191000,-191000
066310,長興永豐01購01  ,0,0,0,0,0,0,0,0,0,-191000,0,0,0,0,191000,-191000,-191000
5531,鄉林            ,103000,294109,-191109,0,0,0,0,0,0,0,0,0,0,0,0,0,-191109
066637,瀚宇博凱基01購02,0,0,0,0,0,0,0,0,0,-192000,0,0,0,157000,349000,-192000,-192000
08507P,臺股指國票9C售08,0,0,0,0,0,0,0,0,0,-192000,0,0,0,68000,260000,-192000,-192000
062480,茂林國票9B購01  ,0,0,0,0,0,0,0,0,0,-192000,0,0,0,0,192000,-192000,-192000
062561,瀚宇博凱基9B購01,0,0,0,0,0,0,0,0,0,-192000,0,0,0,345000,537000,-192000,-192000
059298,大立光元富9C購02,0,0,0,0,0,0,0,0,0,-192000,0,0,0,48000,240000,-192000,-192000
053082,聯電元大98購03  ,0,0,0,0,0,0,0,0,0,-192000,0,0,0,0,192000,-192000,-192000
066052,景碩元大02購01  ,0,0,0,0,0,0,0,0,0,-192000,0,0,0,151000,343000,-192000,-192000
2809,京城銀          ,265000,460000,-195000,0,0,0,0,4000,-4000,7000,0,0,0,65000,58000,7000,-192000
6230,超眾            ,166000,246000,-80000,0,0,0,0,73000,-73000,-39000,21000,20000,1000,30000,70000,-40000,-192000
059785,美律元大9A購03  ,0,0,0,0,0,0,0,0,0,-193000,0,0,0,10000,203000,-193000,-193000
061651,世紀鋼元大9C購02,0,0,0,0,0,0,0,0,0,-193000,0,0,0,57000,250000,-193000,-193000
063191,台表科凱基9B購03,0,0,0,0,0,0,0,0,0,-194000,0,0,0,81000,275000,-194000,-194000
064137,台泥統一02購01  ,0,0,0,0,0,0,0,0,0,-194000,0,0,0,34000,228000,-194000,-194000
064421,技嘉兆豐01購01  ,0,0,0,0,0,0,0,0,0,-194000,0,0,0,148000,342000,-194000,-194000
2380,虹光            ,30000,224000,-194000,0,0,0,0,0,0,0,0,0,0,0,0,0,-194000
1708,東鹼            ,27000,221000,-194000,0,0,0,0,1954,-1954,1000,2000,1000,1000,0,0,0,-194954
08304P,大立光中信02售01,0,0,0,0,0,0,0,0,0,-195000,0,0,0,21000,216000,-195000,-195000
062017,京鼎永豐9B購01  ,0,0,0,0,0,0,0,0,0,-196000,0,0,0,49000,245000,-196000,-196000
061962,台積電統一01購03,0,0,0,0,0,0,0,0,0,-196000,0,0,0,691000,887000,-196000,-196000
08104P,晶技元大9B售06  ,0,0,0,0,0,0,0,0,0,-197000,0,0,0,63000,260000,-197000,-197000
067098,台積電群益01購10,0,60000,-60000,0,0,0,0,0,0,-137000,0,0,0,139000,276000,-137000,-197000
059095,訊芯元大99購01  ,0,0,0,0,0,0,0,0,0,-197000,0,0,0,195000,392000,-197000,-197000
058139,臻鼎元大99購01  ,0,0,0,0,0,0,0,0,0,-197000,0,0,0,123000,320000,-197000,-197000
063168,台表科永豐9B購01,0,0,0,0,0,0,0,0,0,-197000,0,0,0,201000,398000,-197000,-197000
067040,鴻海凱基02購04  ,0,0,0,0,0,0,0,0,0,-198000,0,0,0,4544000,4742000,-198000,-198000
066589,英業達群益01購01,0,0,0,0,0,0,0,0,0,-198000,0,0,0,97000,295000,-198000,-198000
08086P,燿華凱基9B售03  ,0,0,0,0,0,0,0,0,0,-198000,0,0,0,145000,343000,-198000,-198000
054808,東元元大9A購01  ,0,0,0,0,0,0,0,0,0,-198000,0,0,0,5000,203000,-198000,-198000
054976,上証2X元富9A購01,0,0,0,0,0,0,0,0,0,-198000,0,0,0,15000,213000,-198000,-198000
062822,力成兆豐9B購01  ,0,0,0,0,0,0,0,0,0,-198000,0,0,0,2000,200000,-198000,-198000
063555,SP黃豆元大9B購01,0,0,0,0,0,0,0,0,0,-198000,0,0,0,2000,200000,-198000,-198000
064343,健鼎元大9C購01  ,0,0,0,0,0,0,0,0,0,-198000,0,0,0,0,198000,-198000,-198000
065499,京元電富邦01購01,0,0,0,0,0,0,0,0,0,-198000,0,0,0,281000,479000,-198000,-198000
065214,友達國泰01購01  ,0,0,0,0,0,0,0,0,0,-198000,0,0,0,0,198000,-198000,-198000
08490P,上銀元大9C售08  ,0,0,0,0,0,0,0,0,0,-199000,0,0,0,12000,211000,-199000,-199000
05894P,友達群益98售02  ,0,0,0,0,0,0,0,0,0,-199000,0,0,0,59000,258000,-199000,-199000
061915,T50反1凱基02購02,0,0,0,0,0,0,0,0,0,-199000,0,0,0,288000,487000,-199000,-199000
064982,新唐元大9C購01  ,0,0,0,0,0,0,0,0,0,-199000,0,0,0,152000,351000,-199000,-199000
2605,新興            ,76000,305000,-229000,0,0,0,0,0,0,30000,30000,0,30000,0,0,0,-199000
06638P,鴻海統一99售02  ,0,0,0,0,0,0,0,0,0,-200000,0,0,0,0,200000,-200000,-200000
066840,臺指反元大04購05,0,0,0,0,0,0,0,0,0,-200000,0,0,0,0,200000,-200000,-200000
06854P,鴻海富邦99售05  ,0,0,0,0,0,0,0,0,0,-200000,0,0,0,0,200000,-200000,-200000
07191P,台積電元大99售32,0,0,0,0,0,0,0,0,0,-200000,0,0,0,0,200000,-200000,-200000
057646,玉山金元大98購01,0,0,0,0,0,0,0,0,0,-200000,0,0,0,0,200000,-200000,-200000
056764,友達元大9A購03  ,0,0,0,0,0,0,0,0,0,-200000,0,0,0,0,200000,-200000,-200000
052629,訊芯中信99購01  ,0,0,0,0,0,0,0,0,0,-200000,0,0,0,0,200000,-200000,-200000
057844,新日興永豐99購01,0,0,0,0,0,0,0,0,0,-200000,0,0,0,0,200000,-200000,-200000
063692,華擎永豐9B購02  ,0,0,0,0,0,0,0,0,0,-200000,0,0,0,0,200000,-200000,-200000
061802,勤誠永豐9B購01  ,0,0,0,0,0,0,0,0,0,-200000,0,0,0,14000,214000,-200000,-200000
062872,華通兆豐9C購01  ,0,0,0,0,0,0,0,0,0,-200000,0,0,0,14000,214000,-200000,-200000
061351,智伸科元大9A購01,0,0,0,0,0,0,0,0,0,-200000,0,0,0,0,200000,-200000,-200000
064160,新日興統一01購03,0,0,0,0,0,0,0,0,0,-200000,0,0,0,20000,220000,-200000,-200000
063982,TPK兆豐9C購01   ,0,0,0,0,0,0,0,0,0,-200000,0,0,0,0,200000,-200000,-200000
065464,健鼎中信9C購01  ,0,0,0,0,0,0,0,0,0,-200000,0,0,0,48000,248000,-200000,-200000
065923,臺指反國票02購03,0,0,0,0,0,0,0,0,0,-200000,0,0,0,0,200000,-200000,-200000
057848,台表科永豐98購02,0,0,0,0,0,0,0,0,0,-201000,0,0,0,52000,253000,-201000,-201000
066988,新唐群益02購01  ,0,0,0,0,0,0,0,0,0,-202000,0,0,0,7000,209000,-202000,-202000
057289,力成元大98購03  ,0,0,0,0,0,0,0,0,0,-202000,0,0,0,398000,600000,-202000,-202000
058101,台積電富邦9C購01,0,0,0,0,0,0,0,0,0,-202000,0,0,0,356000,558000,-202000,-202000
063576,台表科元大9B購08,0,0,0,0,0,0,0,0,0,-202000,0,0,0,43000,245000,-202000,-202000
2457,飛宏            ,261000,463000,-202000,0,0,0,0,0,0,0,0,0,0,0,0,0,-202000
4746,台耀            ,456000,663000,-207000,0,0,0,0,0,0,5000,10000,5000,5000,0,0,0,-202000
067009,樺漢永豐01購01  ,0,0,0,0,0,0,0,0,0,-203000,0,0,0,14000,217000,-203000,-203000
057579,長榮航中信9A購01,0,0,0,0,0,0,0,0,0,-203000,0,0,0,33000,236000,-203000,-203000
064079,英業達中信9C購01,0,0,0,0,0,0,0,0,0,-203000,0,0,0,273000,476000,-203000,-203000
2912,統一超          ,227235,423000,-195765,0,0,0,0,13000,-13000,5000,5000,0,5000,0,0,0,-203765
058897,國巨元大99購17  ,0,0,0,0,0,0,0,0,0,-204000,0,0,0,87000,291000,-204000,-204000
053394,鴻海中信9A購01  ,0,0,0,0,0,0,0,0,0,-204000,0,0,0,0,204000,-204000,-204000
061966,旺宏統一01購03  ,0,0,0,0,0,0,0,0,0,-204000,0,0,0,0,204000,-204000,-204000
6206,飛捷            ,5000,209955,-204955,0,0,0,0,0,0,0,0,0,0,0,0,0,-204955
066323,精元永豐01購01  ,0,0,0,0,0,0,0,0,0,-205000,0,0,0,7000,212000,-205000,-205000
060363,美律元富9A購01  ,0,0,0,0,0,0,0,0,0,-205000,0,0,0,53000,258000,-205000,-205000
065140,國巨凱基01購02  ,0,0,0,0,0,0,0,0,0,-205000,0,0,0,17000,222000,-205000,-205000
2637,慧洋-KY         ,5000,207000,-202000,0,0,0,0,3000,-3000,0,0,0,0,0,0,0,-205000
060426,盛群永豐9A購01  ,0,0,0,0,0,0,0,0,0,-206000,0,0,0,1000,207000,-206000,-206000
6177,達麗            ,28000,237000,-209000,0,0,0,0,0,0,3000,3000,0,3000,0,0,0,-206000
06763P,技嘉元大98售05  ,0,0,0,0,0,0,0,0,0,-207000,0,0,0,0,207000,-207000,-207000
08027P,嘉晶元大9B售03  ,0,0,0,0,0,0,0,0,0,-207000,0,0,0,28000,235000,-207000,-207000
058946,SGBR2X群益9B購01,0,0,0,0,0,0,0,0,0,-207000,0,0,0,110000,317000,-207000,-207000
060653,全新群益9A購02  ,0,0,0,0,0,0,0,0,0,-207000,0,0,0,23000,230000,-207000,-207000
065903,聯發科富邦02購02,0,0,0,0,0,0,0,0,0,-207000,0,0,0,21000,228000,-207000,-207000
066851,瀚宇博元大01購02,0,0,0,0,0,0,0,0,0,-208000,0,0,0,304000,512000,-208000,-208000
056922,全新兆豐99購01  ,0,0,0,0,0,0,0,0,0,-208000,0,0,0,0,208000,-208000,-208000
061063,國巨凱基9A購14  ,0,0,0,0,0,0,0,0,0,-208000,0,0,0,9000,217000,-208000,-208000
065437,台表科凱基9C購03,0,0,0,0,0,0,0,0,0,-208000,0,0,0,64000,272000,-208000,-208000
063809,矽創兆豐01購01  ,0,0,0,0,0,0,0,0,0,-208000,0,0,0,75000,283000,-208000,-208000
054386,鴻海統一98購03  ,0,0,0,0,0,0,0,0,0,-209000,0,0,0,0,209000,-209000,-209000
064104,TPK群益9C購02   ,0,0,0,0,0,0,0,0,0,-209000,0,0,0,0,209000,-209000,-209000
067052,帆宣凱基02購01  ,0,0,0,0,0,0,0,0,0,-210000,0,0,0,1000,211000,-210000,-210000
053342,全新國票99購01  ,0,0,0,0,0,0,0,0,0,-210000,0,0,0,0,210000,-210000,-210000
057768,華新科中信9A購01,0,0,0,0,0,0,0,0,0,-210000,0,0,0,0,210000,-210000,-210000
057397,茂林中信9A購01  ,0,0,0,0,0,0,0,0,0,-210000,0,0,0,61000,271000,-210000,-210000
063356,台表科元富02購01,0,0,0,0,0,0,0,0,0,-210000,0,0,0,0,210000,-210000,-210000
062906,全新元大9B購03  ,0,0,0,0,0,0,0,0,0,-210000,0,0,0,59000,269000,-210000,-210000
056673,中石化元富9B購01,0,0,0,0,0,0,0,0,0,-211000,0,0,0,0,211000,-211000,-211000
060320,元金2X群益02購01,0,0,0,0,0,0,0,0,0,-211000,0,0,0,0,211000,-211000,-211000
065886,中磊元富9C購01  ,0,0,0,0,0,0,0,0,0,-211000,0,0,0,121000,332000,-211000,-211000
060214,茂林康和9A購01  ,0,0,0,0,0,0,0,0,0,-212000,0,0,0,100000,312000,-212000,-212000
065978,臻鼎元大02購01  ,0,0,0,0,0,0,0,0,0,-212000,0,0,0,215000,427000,-212000,-212000
06912P,台光電元大99售02,0,0,0,0,0,0,0,0,0,-213000,0,0,0,0,213000,-213000,-213000
064529,友達中信01購03  ,0,0,0,0,0,0,0,0,0,-213000,0,0,0,20000,233000,-213000,-213000
064388,緯穎富邦9C購01  ,0,0,0,0,0,0,0,0,0,-214000,0,0,0,1000,215000,-214000,-214000
08247P,台積電群益9C售06,0,0,0,0,0,0,0,0,0,-215000,0,0,0,110000,325000,-215000,-215000
060596,元黃金凱基9A購02,0,0,0,0,0,0,0,0,0,-215000,0,0,0,0,215000,-215000,-215000
061172,大立光麥證9A購02,0,0,0,0,215000,-215000,0,0,0,-215000,0,0,0,0,215000,-215000,-215000
8926,台汽電          ,356000,569000,-213000,0,0,0,0,2000,-2000,0,0,0,0,0,0,0,-215000
08622P,緯創群益9C售03  ,0,0,0,0,0,0,0,0,0,-216000,0,0,0,1000,217000,-216000,-216000
06705P,臻鼎元富98售03  ,0,0,0,0,0,0,0,0,0,-216000,0,0,0,144000,360000,-216000,-216000
067029,台表科兆豐03購01,0,0,0,0,0,0,0,0,0,-216000,0,0,0,138000,354000,-216000,-216000
066767,敦泰永豐01購02  ,0,0,0,0,0,0,0,0,0,-216000,0,0,0,0,216000,-216000,-216000
061512,國巨永豐9A購04  ,0,0,0,0,0,0,0,0,0,-216000,0,0,0,0,216000,-216000,-216000
063686,國巨永豐9B購04  ,0,0,0,0,0,0,0,0,0,-216000,0,0,0,0,216000,-216000,-216000
063515,香港2X凱基01購01,0,0,0,0,0,0,0,0,0,-216000,0,0,0,180000,396000,-216000,-216000
059761,國巨永豐99購06  ,0,0,0,0,0,0,0,0,0,-216000,0,0,0,0,216000,-216000,-216000
064004,全新凱基01購01  ,0,0,0,0,0,0,0,0,0,-216000,0,0,0,22000,238000,-216000,-216000
1723,中碳            ,15000,231114,-216114,0,0,0,0,0,0,0,0,0,0,0,0,0,-216114
059862,全新群益99購04  ,0,0,0,0,0,0,0,0,0,-217000,0,0,0,0,217000,-217000,-217000
3027,盛達            ,151000,368000,-217000,0,0,0,0,0,0,0,0,0,0,0,0,0,-217000
07841P,臻鼎元大9A售04  ,0,0,0,0,0,0,0,0,0,-218000,0,0,0,0,218000,-218000,-218000
063045,國巨兆豐9C購02  ,0,0,0,0,0,0,0,0,0,-218000,0,0,0,80000,298000,-218000,-218000
07976P,聯發科群益9C售02,0,0,0,0,0,0,0,0,0,-219000,0,0,0,31000,250000,-219000,-219000
066763,創意永豐01購02  ,0,0,0,0,0,0,0,0,0,-219000,0,0,0,14000,233000,-219000,-219000
063116,大立光麥證9C購01,0,0,0,0,219000,-219000,0,0,0,-219000,0,0,0,0,219000,-219000,-219000
064513,T50反1群益9C購01,0,0,0,0,0,0,0,0,0,-219000,0,0,0,0,219000,-219000,-219000
066489,京鼎元富04購01  ,0,0,0,0,0,0,0,0,0,-220000,0,0,0,180000,400000,-220000,-220000
060242,潤泰全元大9C購01,0,0,0,0,0,0,0,0,0,-220000,0,0,0,0,220000,-220000,-220000
060799,茂林永豐9A購01  ,0,0,0,0,0,0,0,0,0,-220000,0,0,0,20000,240000,-220000,-220000
06498P,臺股指元大9A售03,0,0,0,0,0,0,0,0,0,-220000,0,0,0,0,220000,-220000,-220000
066081,文曄國泰03購01  ,0,0,0,0,0,0,0,0,0,-220000,0,0,0,14000,234000,-220000,-220000
066686,鴻海元富07購05  ,0,0,0,0,0,0,0,0,0,-221000,0,0,0,0,221000,-221000,-221000
066991,訊芯群益01購01  ,0,0,0,0,0,0,0,0,0,-221000,0,0,0,0,221000,-221000,-221000
08520P,和大元大9C售04  ,0,0,0,0,0,0,0,0,0,-221000,0,0,0,0,221000,-221000,-221000
054800,訊芯群益99購01  ,0,0,0,0,0,0,0,0,0,-221000,0,0,0,0,221000,-221000,-221000
06837P,上銀統一9A售02  ,0,0,0,0,0,0,0,0,0,-223000,0,0,0,85000,308000,-223000,-223000
055698,茂林國票98購03  ,0,0,0,0,0,0,0,0,0,-223000,0,0,0,0,223000,-223000,-223000
063187,全新凱基9B購02  ,0,0,0,0,0,0,0,0,0,-223000,0,0,0,42000,265000,-223000,-223000
2520,冠德            ,788000,1827000,-1039000,0,0,0,1245000,0,1245000,-429000,110000,266000,-156000,6000,279000,-273000,-223000
058666,上証反群益01購01,0,0,0,0,0,0,0,0,0,-224000,0,0,0,275000,499000,-224000,-224000
8112,至上            ,279000,500000,-221000,0,0,0,0,3000,-3000,0,0,0,0,0,0,0,-224000
067297,台積電元大02購03,0,0,0,0,0,0,0,0,0,-225000,0,0,0,65000,290000,-225000,-225000
065919,禾伸堂凱基02購01,0,0,0,0,0,0,0,0,0,-225000,0,0,0,177000,402000,-225000,-225000
064726,創意統一01購03  ,0,0,0,0,0,0,0,0,0,-225000,0,0,0,158000,383000,-225000,-225000
3557,嘉威            ,64000,289000,-225000,0,0,0,0,0,0,0,0,0,0,0,0,0,-225000
08517P,奇力新群益9C售03,0,0,0,0,0,0,0,0,0,-226000,0,0,0,13000,239000,-226000,-226000
065904,群創富邦02購01  ,0,0,0,0,0,0,0,0,0,-226000,0,0,0,18000,244000,-226000,-226000
3006,晶豪科          ,439000,625000,-186000,0,0,0,0,0,0,-40000,0,0,0,3000,43000,-40000,-226000
07500P,微星元大9A售01  ,0,0,0,0,0,0,0,0,0,-227000,0,0,0,4000,231000,-227000,-227000
063488,金像電國泰01購01,0,0,0,0,0,0,0,0,0,-227000,0,0,0,258000,485000,-227000,-227000
064906,台表科群益9C購02,0,0,0,0,0,0,0,0,0,-227000,0,0,0,50000,277000,-227000,-227000
067471,台積電元大01購26,0,0,0,0,0,0,0,0,0,-228000,0,0,0,0,228000,-228000,-228000
064866,義隆永豐9C購02  ,0,0,0,0,0,0,0,0,0,-228000,0,0,0,45000,273000,-228000,-228000
066941,滬深2X元大03購01,0,0,0,0,0,0,0,0,0,-229000,0,0,0,0,229000,-229000,-229000
08685P,南電凱基01售03  ,0,0,0,0,0,0,0,0,0,-229000,0,0,0,45000,274000,-229000,-229000
2107,厚生            ,3000,204000,-201000,0,0,0,0,0,0,-28000,0,28000,-28000,0,0,0,-229000
07457P,宏達電元大9A售01,0,0,0,0,0,0,0,0,0,-230000,0,0,0,0,230000,-230000,-230000
059195,國巨永豐99購04  ,0,0,0,0,0,0,0,0,0,-230000,0,0,0,10000,240000,-230000,-230000
1519,華城            ,1032000,1409000,-377000,0,0,0,0,0,0,146000,35000,35000,0,209000,63000,146000,-231000
064461,致伸統一01購01  ,0,0,0,0,0,0,0,0,0,-231000,0,0,0,24000,255000,-231000,-231000
07713P,台郡元大9A售03  ,0,0,0,0,0,0,0,0,0,-232000,0,0,0,0,232000,-232000,-232000
08190P,宏達電元富9B售04,0,0,0,0,0,0,0,0,0,-232000,0,0,0,9000,241000,-232000,-232000
066654,上証2X凱基03購02,0,0,0,0,0,0,0,0,0,-232000,0,0,0,0,232000,-232000,-232000
2501,國建            ,32000,264900,-232900,0,0,0,0,0,0,0,0,0,0,0,0,0,-232900
07992P,玉晶光群益01售04,0,0,0,0,0,0,0,0,0,-233000,0,0,0,360000,593000,-233000,-233000
062741,立積國票9B購02  ,0,0,0,0,0,0,0,0,0,-233000,0,0,0,7000,240000,-233000,-233000
2231,為升            ,30000,229000,-199000,0,0,0,0,0,0,-35000,0,18000,-18000,2000,19000,-17000,-234000
6491,晶碩            ,122000,309000,-187000,0,0,0,0,0,0,-47000,2000,26000,-24000,0,23000,-23000,-234000
08167P,台積電兆豐9B售04,0,0,0,0,0,0,0,0,0,-235000,0,0,0,0,235000,-235000,-235000
07844P,可成國票9A售01  ,0,0,0,0,0,0,0,0,0,-235000,0,0,0,100000,335000,-235000,-235000
08615P,同欣電統一9C售02,0,0,0,0,0,0,0,0,0,-235000,0,0,0,0,235000,-235000,-235000
2031,新光鋼          ,140000,381000,-241000,0,0,0,0,0,0,6000,18000,12000,6000,0,0,0,-235000
08657P,牧德群益9C售02  ,0,0,0,0,0,0,0,0,0,-236000,0,0,0,1136000,1372000,-236000,-236000
057956,全新元大99購04  ,0,0,0,0,0,0,0,0,0,-236000,0,0,0,0,236000,-236000,-236000
065535,健鼎統一02購03  ,0,0,0,0,0,0,0,0,0,-236000,0,0,0,0,236000,-236000,-236000
07536P,華新科元富9A售04,0,0,0,0,0,0,0,0,0,-237000,0,0,0,37000,274000,-237000,-237000
066600,瀚宇博國泰03購01,0,0,0,0,0,0,0,0,0,-237000,0,0,0,79000,316000,-237000,-237000
067298,台積電元大02購04,0,0,0,0,0,0,0,0,0,-237000,0,0,0,218000,455000,-237000,-237000
057176,全新元大99購02  ,0,0,0,0,0,0,0,0,0,-237000,0,0,0,0,237000,-237000,-237000
063687,金像電永豐9B購04,0,0,0,0,0,0,0,0,0,-237000,0,0,0,60000,297000,-237000,-237000
2493,揚博            ,135000,372000,-237000,0,0,0,0,0,0,0,0,0,0,0,0,0,-237000
2607,榮運            ,28000,265000,-237000,0,0,0,0,0,0,0,0,0,0,0,0,0,-237000
5534,長虹            ,68000,274000,-206000,0,0,0,0,32000,-32000,1000,5000,4000,1000,0,0,0,-237000
6416,瑞祺電通        ,159000,393000,-234000,0,0,0,89000,0,89000,-92000,14000,23000,-9000,2000,85000,-83000,-237000
05644P,大立光中信9A售03,0,0,0,0,0,0,0,0,0,-238000,0,0,0,578000,816000,-238000,-238000
1449,佳和            ,27000,266000,-239000,0,0,0,0,0,0,0,0,0,0,0,0,0,-239000
056481,創意元大98購01  ,0,0,0,0,0,0,0,0,0,-239000,0,0,0,21000,260000,-239000,-239000
063260,信邦富邦9B購01  ,0,0,0,0,0,0,0,0,0,-239000,0,0,0,40000,279000,-239000,-239000
064194,燿華群益9C購01  ,0,0,0,0,0,0,0,0,0,-239000,0,0,0,4000,243000,-239000,-239000
067011,嘉基永豐01購03  ,0,0,0,0,0,0,0,0,0,-240000,0,0,0,0,240000,-240000,-240000
057163,上銀元大98購04  ,0,0,0,0,0,0,0,0,0,-240000,0,0,0,1000,241000,-240000,-240000
062458,全新群益9B購03  ,0,0,0,0,0,0,0,0,0,-240000,0,0,0,0,240000,-240000,-240000
064411,台表科凱基02購01,0,0,0,0,0,0,0,0,0,-240000,0,0,0,23000,263000,-240000,-240000
066165,大毅凱基01購01  ,0,0,0,0,0,0,0,0,0,-240000,0,0,0,40000,280000,-240000,-240000
067068,台積電元大01購21,0,40000,-40000,0,0,0,0,0,0,-201000,0,0,0,2151000,2352000,-201000,-241000
066598,致新群益02購01  ,0,0,0,0,0,0,0,0,0,-241000,0,0,0,48000,289000,-241000,-241000
6197,佳必琪          ,77000,318000,-241000,0,0,0,0,634,-634,0,0,0,0,0,0,0,-241634
061084,京元電兆豐9A購02,0,0,0,0,0,0,0,0,0,-242000,0,0,0,74000,316000,-242000,-242000
08435P,台積電群益9C售11,0,0,0,0,0,0,0,0,0,-244000,0,0,0,30000,274000,-244000,-244000
058516,健鼎元大99購02  ,0,0,0,0,0,0,0,0,0,-244000,0,0,0,18000,262000,-244000,-244000
062020,智伸科永豐9B購01,0,0,0,0,0,0,0,0,0,-244000,0,0,0,37000,281000,-244000,-244000
065762,台表科元大9C購13,0,0,0,0,0,0,0,0,0,-244000,0,0,0,125000,369000,-244000,-244000
2013,中鋼構          ,199000,443000,-244000,0,0,0,0,0,0,0,0,0,0,0,0,0,-244000
063920,大立光元富03購02,0,0,0,0,0,0,0,0,0,-245000,0,0,0,7000,252000,-245000,-245000
2329,華泰            ,548000,792000,-244000,0,0,0,0,0,0,-1000,0,0,0,0,1000,-1000,-245000
065905,聯茂富邦02購01  ,0,0,0,0,0,0,0,0,0,-246000,0,0,0,30000,276000,-246000,-246000
2034,允強            ,2000,249000,-247000,0,0,0,0,0,0,1000,1000,0,1000,0,0,0,-246000
066043,美律元大01購01  ,0,0,0,0,0,0,0,0,0,-247000,0,0,0,303000,550000,-247000,-247000
08160P,茂林元富9B售03  ,0,0,0,0,0,0,0,0,0,-248000,0,0,0,134000,382000,-248000,-248000
066501,鴻海富邦03購01  ,0,0,0,0,0,0,0,0,0,-248000,0,0,0,357000,605000,-248000,-248000
061516,力成永豐9A購02  ,0,0,0,0,0,0,0,0,0,-248000,0,0,0,18000,266000,-248000,-248000
063359,泰鼎國泰01購01  ,0,0,0,0,0,0,0,0,0,-248000,0,0,0,161000,409000,-248000,-248000
064376,美律元富9C購01  ,0,0,0,0,0,0,0,0,0,-248000,0,0,0,50000,298000,-248000,-248000
6196,帆宣            ,1205000,1262000,-57000,0,0,0,0,0,0,-191000,0,255000,-255000,79000,15000,64000,-248000
062338,鴻海麥證9B購01  ,0,0,0,0,249000,-249000,0,0,0,-249000,0,0,0,0,249000,-249000,-249000
08070P,晶技國泰9C售02  ,0,0,0,0,0,0,0,0,0,-250000,0,0,0,10000,260000,-250000,-250000
08349P,南六元大9C售03  ,0,0,0,0,0,0,0,0,0,-250000,0,0,0,360000,610000,-250000,-250000
059654,T50反1元大99購09,0,0,0,0,0,0,0,0,0,-250000,0,0,0,0,250000,-250000,-250000
063824,S&P反1國票9C購01,0,0,0,0,0,0,0,0,0,-250000,0,0,0,0,250000,-250000,-250000
064534,京元電國票01購01,0,0,0,0,0,0,0,0,0,-250000,0,0,0,0,250000,-250000,-250000
064716,國巨統一9C購14  ,0,0,0,0,0,0,0,0,0,-250000,0,0,0,0,250000,-250000,-250000
07509P,牧德國票9A售03  ,0,0,0,0,0,0,0,0,0,-251000,0,0,0,0,251000,-251000,-251000
08863P,台積電元大01售25,0,0,0,0,0,0,0,0,0,-252000,0,0,0,0,252000,-252000,-252000
054471,T50反1中信9C購01,0,0,0,0,0,0,0,0,0,-253000,0,0,0,80000,333000,-253000,-253000
059580,大立光元富99購07,0,0,0,0,0,0,0,0,0,-253000,0,0,0,4000,257000,-253000,-253000
06723P,台灣50麥證99售01,0,0,0,152000,326000,-174000,0,0,0,-254000,0,0,0,152000,406000,-254000,-254000
066412,神隆元大01購01  ,0,0,0,0,0,0,0,0,0,-255000,0,0,0,0,255000,-255000,-255000
063366,台表科富邦9C購02,0,0,0,0,0,0,0,0,0,-255000,0,0,0,9000,264000,-255000,-255000
061100,SP黃豆元大9A購04,0,0,0,0,0,0,0,0,0,-255000,0,0,0,0,255000,-255000,-255000
066064,T50反1凱基03購03,0,0,0,0,0,0,0,0,0,-255000,0,0,0,0,255000,-255000,-255000
065916,聯發科凱基01購10,0,0,0,0,0,0,0,0,0,-256000,0,0,0,5000,261000,-256000,-256000
066569,帆宣元大01購02  ,0,0,0,0,0,0,0,0,0,-258000,0,0,0,22000,280000,-258000,-258000
066205,京鼎統一03購01  ,0,0,0,0,0,0,0,0,0,-258000,0,0,0,211000,469000,-258000,-258000
3059,華晶科          ,176000,453000,-277000,0,0,0,0,0,0,19000,19000,0,19000,0,0,0,-258000
066611,台積電麥證01購03,0,0,0,8000,267000,-259000,0,0,0,-259000,0,0,0,8000,267000,-259000,-259000
07408P,台積電兆豐99售06,0,0,0,0,0,0,0,0,0,-259000,0,0,0,0,259000,-259000,-259000
063080,裕隆凱基9B購01  ,0,0,0,0,0,0,0,0,0,-259000,0,0,0,121000,380000,-259000,-259000
4934,太極            ,140000,399000,-259000,0,0,0,0,0,0,0,0,0,0,0,0,0,-259000
067203,台達電元大01購03,0,0,0,0,0,0,0,0,0,-260000,0,0,0,110000,370000,-260000,-260000
067128,華城永豐01購02  ,0,0,0,0,0,0,0,0,0,-260000,0,0,0,179000,439000,-260000,-260000
066955,新日興元大01購01,0,0,0,0,0,0,0,0,0,-260000,0,0,0,0,260000,-260000,-260000
060451,中石化元大9C購02,0,0,0,0,0,0,0,0,0,-260000,0,0,0,200000,460000,-260000,-260000
3413,京鼎            ,783000,943127,-160127,0,0,0,115000,126000,-11000,-90000,40000,130000,-90000,56000,56000,0,-261127
2367,燿華            ,1111000,1101952,9048,0,0,0,0,0,0,-271000,115000,216000,-101000,115000,285000,-170000,-261952
06822P,上銀富邦99售03  ,0,0,0,0,0,0,0,0,0,-262000,0,0,0,60000,322000,-262000,-262000
066584,滬深2X群益03購01,0,0,0,0,0,0,0,0,0,-262000,0,0,0,24000,286000,-262000,-262000
066391,國巨凱基01購04  ,0,0,0,0,0,0,0,0,0,-262000,0,0,0,8000,270000,-262000,-262000
1701,中化            ,615000,877000,-262000,0,0,0,0,0,0,0,0,0,0,0,0,0,-262000
07547P,緯穎凱基9A售05  ,0,0,0,0,0,0,0,0,0,-263000,0,0,0,0,263000,-263000,-263000
08817P,致新元富01售02  ,0,0,0,0,0,0,0,0,0,-263000,0,0,0,11000,274000,-263000,-263000
08302P,長榮航國泰02售01,0,0,0,0,0,0,0,0,0,-264000,0,0,0,70000,334000,-264000,-264000
3029,零壹            ,1447000,1711000,-264000,0,0,0,0,900,-900,0,0,0,0,0,0,0,-264900
08175P,金像電統一9B售02,0,0,0,0,0,0,0,0,0,-265000,0,0,0,0,265000,-265000,-265000
063541,華擎元富9B購02  ,0,0,0,0,0,0,0,0,0,-265000,0,0,0,4000,269000,-265000,-265000
6139,亞翔            ,1160000,1425000,-265000,0,0,0,0,0,0,0,0,0,0,0,0,0,-265000
066530,美律元富04購01  ,0,0,0,0,0,0,0,0,0,-266000,0,0,0,0,266000,-266000,-266000
065180,台表科元大9C購10,0,0,0,0,0,0,0,0,0,-266000,0,0,0,51000,317000,-266000,-266000
057796,鴻海兆豐99購03  ,0,0,0,0,0,0,0,0,0,-267000,0,0,0,482000,749000,-267000,-267000
062005,旺宏國泰01購01  ,0,0,0,0,0,0,0,0,0,-268000,0,0,0,0,268000,-268000,-268000
060561,台積電富邦04購01,0,0,0,0,0,0,0,0,0,-269000,0,0,0,11000,280000,-269000,-269000
08473P,康控凱基9C售01  ,0,0,0,0,0,0,0,0,0,-270000,0,0,0,22000,292000,-270000,-270000
061417,力成群益9A購01  ,0,0,0,0,0,0,0,0,0,-270000,0,0,0,60000,330000,-270000,-270000
063657,茂林元富9B購04  ,0,0,0,0,0,0,0,0,0,-270000,0,0,0,330000,600000,-270000,-270000
064042,國巨統一9C購12  ,0,0,0,0,0,0,0,0,0,-270000,0,0,0,58000,328000,-270000,-270000
08388P,台灣50中信03售09,0,0,0,0,0,0,0,0,0,-271000,0,0,0,10000,281000,-271000,-271000
066573,瑞祺元大01購02  ,0,0,0,0,0,0,0,0,0,-271000,0,0,0,489000,760000,-271000,-271000
065097,貿聯元大9C購04  ,0,0,0,0,0,0,0,0,0,-271000,0,0,0,79000,350000,-271000,-271000
1464,得力            ,12000,278000,-266000,0,0,0,0,0,0,-6000,0,0,0,0,6000,-6000,-272000
05749P,臺股指群益99售03,0,0,0,0,0,0,0,0,0,-272000,0,0,0,460000,732000,-272000,-272000
065819,京鼎元富03購01  ,0,0,0,0,0,0,0,0,0,-272000,0,0,0,65000,337000,-272000,-272000
049973,T50反1日盛9A購01,0,0,0,0,0,0,0,0,0,-275000,0,0,0,0,275000,-275000,-275000
066838,致新群益02購02  ,0,0,0,0,0,0,0,0,0,-276000,0,0,0,21000,297000,-276000,-276000
8271,宇瞻            ,51000,327185,-276185,0,0,0,0,0,0,0,0,0,0,0,0,0,-276185
062491,矽創永豐9B購01  ,0,0,0,0,0,0,0,0,0,-277000,0,0,0,108000,385000,-277000,-277000
8110,華東            ,83000,369000,-286000,0,0,0,0,0,0,9000,9000,0,9000,0,0,0,-277000
2888,新光金          ,6309512,6702033,-392521,0,0,0,83000,61000,22000,93285,10000,0,10000,340000,256715,83285,-277236
058443,T50正2富邦01購01,0,0,0,0,0,0,0,0,0,-278000,0,0,0,145000,423000,-278000,-278000
056448,全新凱基99購01  ,0,0,0,0,0,0,0,0,0,-278000,0,0,0,0,278000,-278000,-278000
065917,全新凱基02購01  ,0,0,0,0,0,0,0,0,0,-278000,0,0,0,69000,347000,-278000,-278000
066852,矽格元大01購03  ,0,0,0,0,0,0,0,0,0,-279000,0,0,0,42000,321000,-279000,-279000
063667,全新統一01購02  ,0,0,0,0,0,0,0,0,0,-279000,0,0,0,59000,338000,-279000,-279000
06624P,訊芯元大98售06  ,0,0,0,0,0,0,0,0,0,-279000,0,0,0,0,279000,-279000,-279000
065538,健鼎統一9C購01  ,0,0,0,0,0,0,0,0,0,-279000,0,0,0,360000,639000,-279000,-279000
2399,映泰            ,60000,339000,-279000,0,0,0,0,0,0,0,0,0,0,0,0,0,-279000
08511P,電子類富邦9C售02,0,0,0,0,0,0,0,0,0,-280000,0,0,0,0,280000,-280000,-280000
08864P,欣興元大01售01  ,0,0,0,0,0,0,0,0,0,-281000,0,0,0,6000,287000,-281000,-281000
067478,興勤元大01購01  ,0,0,0,0,0,0,0,0,0,-281000,0,0,0,0,281000,-281000,-281000
064492,技嘉元大9C購01  ,0,0,0,0,0,0,0,0,0,-281000,0,0,0,64000,345000,-281000,-281000
058123,亞光國票9A購01  ,0,0,0,0,0,0,0,0,0,-282000,0,0,0,0,282000,-282000,-282000
064386,友達富邦01購01  ,0,0,0,0,0,0,0,0,0,-282000,0,0,0,0,282000,-282000,-282000
064231,鴻海統一01購03  ,0,0,0,0,0,0,0,0,0,-282000,0,0,0,15000,297000,-282000,-282000
065526,台表科群益9C購03,0,0,0,0,0,0,0,0,0,-282000,0,0,0,11000,293000,-282000,-282000
065477,健鼎元大9C購03  ,0,0,0,0,0,0,0,0,0,-282000,0,0,0,168000,450000,-282000,-282000
066645,聯發科麥證01購02,0,0,0,23000,306000,-283000,0,0,0,-283000,0,0,0,23000,306000,-283000,-283000
066745,瀚宇博元大01購01,0,0,0,0,0,0,0,0,0,-283000,0,0,0,302000,585000,-283000,-283000
056475,宏達電元大99購02,0,0,0,0,0,0,0,0,0,-283000,0,0,0,881000,1164000,-283000,-283000
061015,旺宏麥證9A購03  ,0,0,0,3000,286000,-283000,0,0,0,-283000,0,0,0,3000,286000,-283000,-283000
063904,大立光麥證01購01,0,0,0,17000,300000,-283000,0,0,0,-283000,0,0,0,17000,300000,-283000,-283000
08652P,鴻海群益9C售09  ,0,0,0,0,0,0,0,0,0,-284000,0,0,0,15000,299000,-284000,-284000
058321,大立光永豐99購01,0,0,0,0,0,0,0,0,0,-284000,0,0,0,26000,310000,-284000,-284000
057404,貿聯群益99購01  ,0,0,0,0,0,0,0,0,0,-284000,0,0,0,15000,299000,-284000,-284000
1455,集盛            ,40000,339832,-299832,0,0,0,0,0,0,15000,16000,1000,15000,0,0,0,-284832
060493,美律元富01購01  ,0,0,0,0,0,0,0,0,0,-285000,0,0,0,219000,504000,-285000,-285000
062776,鴻海元大9B購03  ,0,0,0,0,0,0,0,0,0,-285000,0,0,0,12000,297000,-285000,-285000
061509,SP黃豆富邦9C購01,0,0,0,0,0,0,0,0,0,-287000,0,0,0,70000,357000,-287000,-287000
2478,大毅            ,480000,707696,-227696,0,0,0,0,0,0,-60000,2000,1000,1000,8000,69000,-61000,-287696
055890,鴻海統一99購01  ,0,0,0,0,0,0,0,0,0,-288000,0,0,0,219000,507000,-288000,-288000
064865,美律永豐9C購02  ,0,0,0,0,0,0,0,0,0,-288000,0,0,0,137000,425000,-288000,-288000
060867,智伸科永豐9A購01,0,0,0,0,0,0,0,0,0,-289000,0,0,0,17000,306000,-289000,-289000
053799,矽創中信9A購01  ,0,0,0,0,0,0,0,0,0,-290000,0,0,0,100000,390000,-290000,-290000
063613,全新群益9C購01  ,0,0,0,0,0,0,0,0,0,-291000,0,0,0,0,291000,-291000,-291000
066282,鎧勝元大01購01  ,0,0,0,0,0,0,0,0,0,-291000,0,0,0,143000,434000,-291000,-291000
4968,立積            ,78000,465000,-387000,0,0,0,313,0,313,95000,59000,1000,58000,97000,60000,37000,-291687
064257,台勝科國泰01購01,0,0,0,0,0,0,0,0,0,-292000,0,0,0,231000,523000,-292000,-292000
066862,台達電台新01購01,0,0,0,0,0,0,0,0,0,-293000,0,0,0,0,293000,-293000,-293000
066478,鴻海元富07購02  ,0,0,0,0,0,0,0,0,0,-294000,0,0,0,3000,297000,-294000,-294000
063354,茂林元富9B購02  ,0,0,0,0,0,0,0,0,0,-294000,0,0,0,332000,626000,-294000,-294000
07957P,晶技群益9B售02  ,0,0,0,0,0,0,0,0,0,-295000,0,0,0,150000,445000,-295000,-295000
059187,國巨富邦9B購02  ,0,0,0,0,0,0,0,0,0,-295000,0,0,0,177000,472000,-295000,-295000
062755,茂林麥證9B購01  ,0,0,0,1000,296000,-295000,0,0,0,-295000,0,0,0,1000,296000,-295000,-295000
062876,全新兆豐9B購01  ,0,0,0,0,0,0,0,0,0,-296000,0,0,0,0,296000,-296000,-296000
056597,宏碁元富98購01  ,0,0,0,0,0,0,0,0,0,-298000,0,0,0,4000,302000,-298000,-298000
065020,友達富邦01購02  ,0,0,0,0,0,0,0,0,0,-299000,0,0,0,0,299000,-299000,-299000
07285P,上証2X群益01售02,0,0,0,0,0,0,0,0,0,-300000,0,0,0,0,300000,-300000,-300000
07836P,大成鋼元大9A售01,0,0,0,0,0,0,0,0,0,-300000,0,0,0,9000,309000,-300000,-300000
066786,聯發科麥證01購05,0,0,0,0,300000,-300000,0,0,0,-300000,0,0,0,0,300000,-300000,-300000
066646,聯發科麥證01購03,0,0,0,0,300000,-300000,0,0,0,-300000,0,0,0,0,300000,-300000,-300000
066647,聯發科麥證01購04,0,0,0,0,300000,-300000,0,0,0,-300000,0,0,0,0,300000,-300000,-300000
061171,大立光麥證9A購01,0,0,0,0,300000,-300000,0,0,0,-300000,0,0,0,0,300000,-300000,-300000
064563,全新群益02購01  ,0,0,0,0,0,0,0,0,0,-300000,0,0,0,3000,303000,-300000,-300000
066152,大立光麥證01購03,0,0,0,0,301000,-301000,0,0,0,-301000,0,0,0,0,301000,-301000,-301000
065922,鴻海麥證01購01  ,0,0,0,246000,547000,-301000,0,0,0,-301000,0,0,0,246000,547000,-301000,-301000
065967,國巨元大01購07  ,0,0,0,0,0,0,0,0,0,-302000,0,0,0,50000,352000,-302000,-302000
2485,兆赫            ,186000,481000,-295000,0,0,0,0,2392,-2392,-5000,3000,8000,-5000,0,0,0,-302392
07671P,超眾元大9A售04  ,0,0,0,0,0,0,0,0,0,-303000,0,0,0,27000,330000,-303000,-303000
1444,力麗            ,23000,329714,-306714,0,0,0,0,0,0,3000,3000,0,3000,0,0,0,-303714
3056,總太            ,78000,317000,-239000,0,0,0,0,0,0,-65000,0,0,0,0,65000,-65000,-304000
1604,聲寶            ,168000,469268,-301268,0,0,0,0,3202,-3202,0,0,0,0,0,0,0,-304470
058270,上緯控永豐99購01,0,0,0,0,0,0,0,0,0,-305000,0,0,0,228000,533000,-305000,-305000
063549,國巨國票9C購05  ,0,0,0,0,0,0,0,0,0,-305000,0,0,0,17000,322000,-305000,-305000
065092,健鼎元大9C購02  ,0,0,0,0,0,0,0,0,0,-305000,0,0,0,10000,315000,-305000,-305000
2401,凌陽            ,249000,542000,-293000,0,0,0,0,0,0,-12000,0,12000,-12000,0,0,0,-305000
08662P,台積電國泰03售01,0,0,0,0,0,0,0,0,0,-306000,0,0,0,2557000,2863000,-306000,-306000
07145P,為升元大99售03  ,0,0,0,0,0,0,0,0,0,-306000,0,0,0,2000,308000,-306000,-306000
062003,國巨國泰01購01  ,0,0,0,0,0,0,0,0,0,-306000,0,0,0,101000,407000,-306000,-306000
064600,技嘉元富9C購01  ,0,0,0,0,0,0,0,0,0,-306000,0,0,0,18000,324000,-306000,-306000
063054,健鼎統一01購01  ,0,0,0,0,0,0,0,0,0,-307000,0,0,0,134000,441000,-307000,-307000
066128,台積電群益02購01,0,0,0,0,0,0,0,0,0,-307000,0,0,0,386000,693000,-307000,-307000
1104,環泥            ,73000,382000,-309000,0,0,0,0,0,0,-1000,0,1000,-1000,0,0,0,-310000
059261,華邦電中信01購01,0,0,0,0,0,0,0,0,0,-310000,0,0,0,47000,357000,-310000,-310000
07691P,宏達電元大9A售05,0,0,0,0,0,0,0,0,0,-311000,0,0,0,0,311000,-311000,-311000
066643,旺宏麥證01購01  ,0,0,0,0,311000,-311000,0,0,0,-311000,0,0,0,0,311000,-311000,-311000
066844,聯發科元大01購12,0,0,0,0,0,0,0,0,0,-311000,0,0,0,136000,447000,-311000,-311000
066085,台積電富邦05購01,0,0,0,0,0,0,0,0,0,-312000,0,0,0,2568000,2880000,-312000,-312000
065215,義隆國泰02購02  ,0,0,0,0,0,0,0,0,0,-312000,0,0,0,118000,430000,-312000,-312000
065740,聯發科麥證9C購05,0,0,0,0,313000,-313000,0,0,0,-313000,0,0,0,0,313000,-313000,-313000
053965,聯電元大98購04  ,0,0,0,0,0,0,0,0,0,-314000,0,0,0,10000,324000,-314000,-314000
055701,亞德客富邦99購01,0,0,0,0,0,0,0,0,0,-315000,0,0,0,156000,471000,-315000,-315000
08766P,臺股指中信03售03,0,0,0,0,0,0,0,0,0,-316000,0,0,0,1000,317000,-316000,-316000
08744P,臺股指凱基02售05,0,0,0,0,0,0,0,0,0,-316000,0,0,0,55000,371000,-316000,-316000
062924,世紀鋼元大9C購04,0,0,0,0,0,0,0,0,0,-316000,0,0,0,26000,342000,-316000,-316000
062633,亞光國票9B購01  ,0,0,0,0,0,0,0,0,0,-316000,0,0,0,176000,492000,-316000,-316000
065431,大立光凱基02購02,0,0,0,0,0,0,0,0,0,-316000,0,0,0,40000,356000,-316000,-316000
6269,台郡            ,864000,1176000,-312000,0,0,0,30000,84000,-54000,49000,157000,103000,54000,7000,12000,-5000,-317000
08187P,大毅群益9B售04  ,0,0,0,0,0,0,0,0,0,-318000,0,0,0,50000,368000,-318000,-318000
08202P,台表科國泰01售04,0,0,0,0,0,0,0,0,0,-318000,0,0,0,65000,383000,-318000,-318000
066605,盟立永豐01購02  ,0,0,0,0,0,0,0,0,0,-319000,0,0,0,84000,403000,-319000,-319000
055063,玉晶光永豐99購01,0,0,0,0,0,0,0,0,0,-319000,0,0,0,67000,386000,-319000,-319000
1326,台化            ,1685445,1985000,-299555,0,0,0,20000,72000,-52000,32000,30000,0,30000,2000,0,2000,-319555
08824P,微星元大01售03  ,0,0,0,0,0,0,0,0,0,-320000,0,0,0,0,320000,-320000,-320000
08246P,亞德客群益01售01,0,0,0,0,0,0,0,0,0,-320000,0,0,0,213000,533000,-320000,-320000
08355P,智邦元大9C售03  ,0,0,0,0,0,0,0,0,0,-320000,0,0,0,191000,511000,-320000,-320000
061197,矽創永豐9A購02  ,0,0,0,0,0,0,0,0,0,-321000,0,0,0,10000,331000,-321000,-321000
057954,宏碁元大99購01  ,0,0,0,0,0,0,0,0,0,-322000,0,0,0,157000,479000,-322000,-322000
064724,健鼎統一02購02  ,0,0,0,0,0,0,0,0,0,-323000,0,0,0,0,323000,-323000,-323000
066771,滬深2X富邦02購01,0,0,0,0,0,0,0,0,0,-324000,0,0,0,7000,331000,-324000,-324000
067205,台積電元大01購22,0,0,0,0,0,0,0,0,0,-324000,0,0,0,144000,468000,-324000,-324000
055259,玉晶光統一9A購01,0,0,0,0,0,0,0,0,0,-324000,0,0,0,0,324000,-324000,-324000
046628,大立光統一98購01,0,0,0,0,0,0,0,0,0,-324000,0,0,0,151000,475000,-324000,-324000
066781,滬深2X中信04購01,0,0,0,0,0,0,0,0,0,-326000,0,0,0,0,326000,-326000,-326000
063808,台表科兆豐9C購01,0,0,0,0,0,0,0,0,0,-327000,0,0,0,143000,470000,-327000,-327000
065842,技嘉元大9C購05  ,0,0,0,0,0,0,0,0,0,-327000,0,0,0,51000,378000,-327000,-327000
2340,光磊            ,26000,340000,-314000,0,0,0,0,0,0,-13000,6000,0,6000,0,19000,-19000,-327000
3708,上緯投控        ,328000,720000,-392000,0,0,0,35000,0,35000,30000,60000,32000,28000,28000,26000,2000,-327000
066788,聯發科麥證01購07,0,0,0,0,328000,-328000,0,0,0,-328000,0,0,0,0,328000,-328000,-328000
1215,卜蜂            ,8000,330185,-322185,0,0,0,0,0,0,-6000,0,0,0,0,6000,-6000,-328185
060506,京元電元大9A購02,0,0,0,0,0,0,0,0,0,-330000,0,0,0,253000,583000,-330000,-330000
066006,大立光統一01購07,0,0,0,0,0,0,0,0,0,-330000,0,0,0,2000,332000,-330000,-330000
064655,聚陽元大9C購02  ,0,0,0,0,0,0,0,0,0,-331000,0,0,0,428000,759000,-331000,-331000
066794,鴻海凱基01購07  ,0,0,0,0,0,0,0,0,0,-332000,0,0,0,1450000,1782000,-332000,-332000
07676P,華新科永豐9A售02,0,0,0,0,0,0,0,0,0,-333000,0,0,0,0,333000,-333000,-333000
057385,光罩永豐99購01  ,0,0,0,0,0,0,0,0,0,-334000,0,0,0,234000,568000,-334000,-334000
061844,T50反1國票9C購02,0,0,0,0,0,0,0,0,0,-334000,0,0,0,0,334000,-334000,-334000
2536,宏普            ,76000,410514,-334514,0,0,0,0,0,0,0,0,0,0,0,0,0,-334514
059326,康友元大99購01  ,0,0,0,0,0,0,0,0,0,-335000,0,0,0,297000,632000,-335000,-335000
00672L,元大S&P原油正2  ,0,0,0,0,0,0,0,0,0,-335000,0,0,0,60000,395000,-335000,-335000
065901,台積電富邦03購04,0,0,0,0,0,0,0,0,0,-335000,0,0,0,1031000,1366000,-335000,-335000
8011,台通            ,66000,402000,-336000,0,0,0,0,0,0,0,0,0,0,0,0,0,-336000
064248,億光元富9C購01  ,0,0,0,0,0,0,0,0,0,-337000,0,0,0,30000,367000,-337000,-337000
062498,華通群益9C購04  ,0,0,0,0,0,0,0,0,0,-338000,0,0,0,0,338000,-338000,-338000
065036,世芯統一02購02  ,0,0,0,0,0,0,0,0,0,-338000,0,0,0,86000,424000,-338000,-338000
3338,泰碩            ,230000,425000,-195000,0,0,0,0,3000,-3000,-140000,8000,29000,-21000,8000,127000,-119000,-338000
2867,三商壽          ,163000,491130,-328130,0,0,0,0,9000,-9000,-1000,0,1000,-1000,0,0,0,-338130
067425,京元電凱基01購01,0,0,0,0,0,0,0,0,0,-340000,0,0,0,0,340000,-340000,-340000
061913,宏碁中信9B購01  ,0,0,0,0,0,0,0,0,0,-340000,0,0,0,15000,355000,-340000,-340000
062428,超眾統一9B購01  ,0,0,0,0,0,0,0,0,0,-340000,0,0,0,118000,458000,-340000,-340000
057105,致茂群益9A購01  ,0,0,0,0,0,0,0,0,0,-341000,0,0,0,28000,369000,-341000,-341000
065305,泰鼎元富9C購01  ,0,0,0,0,0,0,0,0,0,-341000,0,0,0,362000,703000,-341000,-341000
064935,寶成統一02購02  ,0,0,0,0,0,0,0,0,0,-342000,0,0,0,906000,1248000,-342000,-342000
059956,玉山金康和99購01,0,0,0,0,0,0,0,0,0,-343000,0,0,0,59000,402000,-343000,-343000
07634P,金像電元大9A售01,0,0,0,0,0,0,0,0,0,-344000,0,0,0,452000,796000,-344000,-344000
08094P,華新科元富9B售05,0,0,0,0,0,0,0,0,0,-344000,0,0,0,70000,414000,-344000,-344000
05953P,台積電國票98售02,0,0,0,0,0,0,0,0,0,-344000,0,0,0,7000,351000,-344000,-344000
063690,健鼎永豐9B購01  ,0,0,0,0,0,0,0,0,0,-345000,0,0,0,129000,474000,-345000,-345000
064451,技嘉統一01購02  ,0,0,0,0,0,0,0,0,0,-346000,0,0,0,114000,460000,-346000,-346000
9105,泰金寶-DR       ,39000,385000,-346000,0,0,0,0,0,0,0,0,0,0,0,0,0,-346000
2913,農林            ,296000,644672,-348672,0,0,0,0,0,0,0,0,0,0,0,0,0,-348672
08831P,台積電群益01售11,0,0,0,0,0,0,0,0,0,-349000,0,0,0,40000,389000,-349000,-349000
066562,上緯控元大01購01,0,1000,-1000,0,0,0,0,0,0,-348000,0,0,0,233000,581000,-348000,-349000
058634,可成兆豐99購03  ,0,0,0,0,0,0,0,0,0,-350000,0,0,0,150000,500000,-350000,-350000
067124,華擎富邦03購01  ,0,0,0,0,0,0,0,0,0,-351000,0,0,0,1000,352000,-351000,-351000
08463P,台灣50國泰02售02,0,0,0,0,0,0,0,0,0,-351000,0,0,0,0,351000,-351000,-351000
08709P,台積電台新01售02,0,0,0,0,0,0,0,0,0,-352000,0,0,0,28000,380000,-352000,-352000
066334,京城銀永豐01購01,0,0,0,0,0,0,0,0,0,-352000,0,0,0,6000,358000,-352000,-352000
063779,華邦電永豐9B購01,0,0,0,0,0,0,0,0,0,-352000,0,0,0,5000,357000,-352000,-352000
1337,再生-KY         ,139000,495000,-356000,0,0,0,0,0,0,2000,2000,0,2000,0,0,0,-354000
057555,玉晶光凱基9A購02,0,0,0,0,0,0,0,0,0,-354000,0,0,0,97000,451000,-354000,-354000
065530,亞德客統一9C購02,0,0,0,0,0,0,0,0,0,-354000,0,0,0,261000,615000,-354000,-354000
1304,台聚            ,56000,410418,-354418,0,0,0,0,0,0,0,0,0,0,0,0,0,-354418
066623,國巨凱基04購01  ,0,0,0,0,0,0,0,0,0,-356000,0,0,0,10000,366000,-356000,-356000
064041,國巨統一01購07  ,0,0,0,0,0,0,0,0,0,-356000,0,0,0,51000,407000,-356000,-356000
064180,國巨富邦02購03  ,0,0,0,0,0,0,0,0,0,-357000,0,0,0,240000,597000,-357000,-357000
064430,鴻海凱基03購04  ,0,0,0,0,0,0,0,0,0,-357000,0,0,0,59000,416000,-357000,-357000
9910,豐泰            ,258136,690000,-431864,0,0,0,42000,0,42000,32000,22000,0,22000,10000,0,10000,-357864
6120,達運            ,295000,653000,-358000,0,0,0,0,0,0,0,0,0,0,0,0,0,-358000
062645,國巨國泰9B購08  ,0,0,0,0,0,0,0,0,0,-360000,0,0,0,100000,460000,-360000,-360000
060923,全新永豐9A購01  ,0,0,0,0,0,0,0,0,0,-361000,0,0,0,0,361000,-361000,-361000
066537,全新兆豐01購01  ,0,0,0,0,0,0,0,0,0,-362000,0,0,0,0,362000,-362000,-362000
065940,立積群益02購01  ,0,0,0,0,0,0,0,0,0,-362000,0,0,0,42000,404000,-362000,-362000
058188,華擎永豐99購01  ,0,0,0,0,0,0,0,0,0,-364000,0,0,0,58000,422000,-364000,-364000
4142,國光生          ,3625100,3875000,-249900,0,0,0,0,0,0,-115000,5000,150000,-145000,30000,0,30000,-364900
058772,茂林兆豐9A購01  ,0,0,0,0,0,0,0,0,0,-366000,0,0,0,202000,568000,-366000,-366000
063806,瀚宇博兆豐01購01,0,0,0,0,0,0,0,0,0,-366000,0,0,0,20000,386000,-366000,-366000
061210,玉山金元大9A購02,0,0,0,0,0,0,0,0,0,-367000,0,0,0,98000,465000,-367000,-367000
2426,鼎元            ,82000,450000,-368000,0,0,0,0,0,0,0,0,0,0,0,0,0,-368000
066401,智伸科凱基01購02,0,0,0,0,0,0,0,0,0,-369000,0,0,0,0,369000,-369000,-369000
2104,國際中橡        ,326000,696953,-370953,0,0,0,0,0,0,1000,0,2000,-2000,24000,21000,3000,-369953
064150,全新統一01購03  ,0,0,0,0,0,0,0,0,0,-370000,0,0,0,0,370000,-370000,-370000
3005,神基            ,57000,385000,-328000,0,0,0,0,4000,-4000,-38000,0,0,0,0,38000,-38000,-370000
08698P,可成凱基01售02  ,0,0,0,0,0,0,0,0,0,-371000,0,0,0,110000,481000,-371000,-371000
066117,茂林兆豐02購01  ,0,0,0,0,0,0,0,0,0,-371000,0,0,0,316000,687000,-371000,-371000
065647,健鼎元大9C購05  ,0,0,0,0,0,0,0,0,0,-374000,0,0,0,208000,582000,-374000,-374000
065502,康友富邦03購01  ,0,0,0,0,0,0,0,0,0,-374000,0,0,0,28000,402000,-374000,-374000
1536,和大            ,76000,290624,-214624,0,0,0,0,78889,-78889,-81000,2000,6000,-4000,0,77000,-77000,-374513
1229,聯華            ,326000,649649,-323649,0,0,0,0,4000,-4000,-49000,0,40000,-40000,0,9000,-9000,-376649
08884P,義隆國票02售01  ,0,0,0,0,0,0,0,0,0,-377000,0,0,0,0,377000,-377000,-377000
064260,矽創富邦9C購01  ,0,0,0,0,0,0,0,0,0,-379000,0,0,0,249000,628000,-379000,-379000
063666,京元電統一9C購01,0,0,0,0,0,0,0,0,0,-380000,0,0,0,50000,430000,-380000,-380000
064544,國巨凱基9C購09  ,0,0,0,0,0,0,0,0,0,-380000,0,0,0,28000,408000,-380000,-380000
1313,聯成            ,81000,462000,-381000,0,0,0,0,0,0,-1000,0,1000,-1000,0,0,0,-382000
08774P,華擎凱基01售02  ,0,0,0,0,0,0,0,0,0,-383000,0,0,0,65000,448000,-383000,-383000
066089,文曄永豐01購01  ,0,0,0,0,0,0,0,0,0,-383000,0,0,0,81000,464000,-383000,-383000
065826,國巨凱基9C購12  ,0,0,0,0,0,0,0,0,0,-383000,0,0,0,37000,420000,-383000,-383000
062236,信邦凱基9B購01  ,0,0,0,0,0,0,0,0,0,-385000,0,0,0,14000,399000,-385000,-385000
08282P,南六群益9C售01  ,0,0,0,0,0,0,0,0,0,-391000,0,0,0,76000,467000,-391000,-391000
065021,貿聯富邦03購01  ,0,0,0,0,0,0,0,0,0,-391000,0,0,0,0,391000,-391000,-391000
6285,啟碁            ,46000,428995,-382995,0,0,0,0,2000,-2000,-7000,0,0,0,0,7000,-7000,-391995
067367,台積電統一01購11,0,0,0,0,0,0,0,0,0,-392000,0,0,0,239000,631000,-392000,-392000
065646,健鼎元大9C購04  ,0,0,0,0,0,0,0,0,0,-392000,0,0,0,0,392000,-392000,-392000
08161P,台表科元富9B售02,0,0,0,0,0,0,0,0,0,-395000,0,0,0,120000,515000,-395000,-395000
07902P,玉晶光國票01售01,0,0,0,0,0,0,0,0,0,-395000,0,0,0,49000,444000,-395000,-395000
063449,全新統一9B購02  ,0,0,0,0,0,0,0,0,0,-395000,0,0,0,206000,601000,-395000,-395000
059841,國巨富邦9C購01  ,0,0,0,0,0,0,0,0,0,-396000,0,0,0,113000,509000,-396000,-396000
08535P,和大國票01售02  ,0,0,0,0,0,0,0,0,0,-397000,0,0,0,100000,497000,-397000,-397000
064157,健鼎統一01購02  ,0,0,0,0,0,0,0,0,0,-397000,0,0,0,18000,415000,-397000,-397000
065013,矽創國泰02購01  ,0,0,0,0,0,0,0,0,0,-398000,0,0,0,388000,786000,-398000,-398000
3704,合勤控          ,154000,545000,-391000,0,0,0,0,0,0,-7000,0,0,0,0,7000,-7000,-398000
1409,新纖            ,48000,446032,-398032,0,0,0,0,0,0,0,0,0,0,0,0,0,-398032
057745,泰鼎永豐99購01  ,0,0,0,0,0,0,0,0,0,-399000,0,0,0,194000,593000,-399000,-399000
08120P,南亞科國票9C售01,0,0,0,0,0,0,0,0,0,-400000,0,0,0,0,400000,-400000,-400000
063145,台表科統一02購01,0,0,0,0,0,0,0,0,0,-402000,0,0,0,22000,424000,-402000,-402000
2812,台中銀          ,869000,1244814,-375814,0,0,0,0,27000,-27000,0,0,0,0,0,0,0,-402814
061238,晶技元大9A購02  ,0,0,0,0,0,0,0,0,0,-403000,0,0,0,42000,445000,-403000,-403000
2492,華新科          ,596130,975000,-378870,0,0,0,0,3000,-3000,-23000,38000,59000,-21000,63000,65000,-2000,-404870
066817,瀚宇博兆豐03購01,0,0,0,0,0,0,0,0,0,-406000,0,0,0,153000,559000,-406000,-406000
08892P,台積電元大01售27,0,0,0,0,0,0,0,0,0,-408000,0,0,0,0,408000,-408000,-408000
056219,T50反1日盛02購01,0,0,0,0,0,0,0,0,0,-408000,0,0,0,92000,500000,-408000,-408000
08172P,台積電凱基03售02,0,0,0,0,0,0,0,0,0,-409000,0,0,0,100000,509000,-409000,-409000
062651,世紀鋼富邦9C購01,0,0,0,0,0,0,0,0,0,-409000,0,0,0,551000,960000,-409000,-409000
066905,台積電凱基03購03,0,30000,-30000,0,0,0,0,0,0,-380000,0,0,0,170000,550000,-380000,-410000
065285,宏碁群益01購01  ,0,0,0,0,0,0,0,0,0,-410000,0,0,0,70000,480000,-410000,-410000
065199,華擎元富03購01  ,0,0,0,0,0,0,0,0,0,-411000,0,0,0,42000,453000,-411000,-411000
07719P,臺股指群益9A售08,0,0,0,0,0,0,0,0,0,-414000,0,0,0,0,414000,-414000,-414000
9939,宏全            ,67000,473000,-406000,0,0,0,0,0,0,-8000,0,0,0,0,8000,-8000,-414000
1308,亞聚            ,98000,504750,-406750,0,0,0,0,2000,-2000,-6000,0,20000,-20000,14000,0,14000,-414750
065367,技嘉元大01購01  ,0,0,0,0,0,0,0,0,0,-415000,0,0,0,19000,434000,-415000,-415000
066414,鴻海元大01購07  ,0,0,0,0,0,0,0,0,0,-416000,0,0,0,78000,494000,-416000,-416000
065767,T50反1國票03購01,0,0,0,0,0,0,0,0,0,-416000,0,0,0,35000,451000,-416000,-416000
067204,國巨元大02購02  ,0,0,0,0,0,0,0,0,0,-417000,0,0,0,18000,435000,-417000,-417000
08868P,欣興凱基02售03  ,0,0,0,0,0,0,0,0,0,-417000,0,0,0,0,417000,-417000,-417000
062076,美律元大9B購02  ,0,0,0,0,0,0,0,0,0,-418000,0,0,0,0,418000,-418000,-418000
1718,中纖            ,123000,545000,-422000,0,0,0,0,0,0,4000,5000,1000,4000,0,0,0,-418000
08606P,聯發科國票9C售05,0,0,0,0,0,0,0,0,0,-419000,0,0,0,80000,499000,-419000,-419000
08301P,台積電兆豐9C售02,0,0,0,0,0,0,0,0,0,-419000,0,0,0,5000,424000,-419000,-419000
07055P,景碩群益9A售02  ,0,0,0,0,0,0,0,0,0,-419000,0,0,0,5000,424000,-419000,-419000
08600P,臺股指元大9C售32,0,0,0,0,0,0,0,0,0,-420000,0,0,0,0,420000,-420000,-420000
057791,可成統一99購01  ,0,0,0,0,0,0,0,0,0,-420000,0,0,0,0,420000,-420000,-420000
064149,美律統一02購01  ,0,0,0,0,0,0,0,0,0,-420000,0,0,0,13000,433000,-420000,-420000
1710,東聯            ,126000,550500,-424500,0,0,0,0,0,0,0,0,0,0,0,0,0,-424500
2905,三商            ,34000,454037,-420037,0,0,0,0,4835,-4835,0,0,0,0,0,0,0,-424872
2208,台船            ,63000,469000,-406000,0,0,0,0,0,0,-19000,0,0,0,0,19000,-19000,-425000
2906,高林            ,89000,492000,-403000,0,0,0,0,1267,-1267,-21000,0,21000,-21000,0,0,0,-425267
066348,松翰永豐01購01  ,0,0,0,0,0,0,0,0,0,-426000,0,0,0,0,426000,-426000,-426000
062540,茂林國泰9C購01  ,0,0,0,0,0,0,0,0,0,-428000,0,0,0,145000,573000,-428000,-428000
064858,鴻海富邦01購01  ,0,0,0,0,0,0,0,0,0,-428000,0,0,0,778000,1206000,-428000,-428000
07264P,台積電元大99售38,0,0,0,0,0,0,0,0,0,-429000,0,0,0,0,429000,-429000,-429000
059355,國巨富邦9B購03  ,0,0,0,0,0,0,0,0,0,-430000,0,0,0,91000,521000,-430000,-430000
066843,台達電元大01購02,0,0,0,0,0,0,0,0,0,-432000,0,0,0,42000,474000,-432000,-432000
067146,台達電統一02購01,0,0,0,0,0,0,0,0,0,-432000,0,0,0,73000,505000,-432000,-432000
2841,台開            ,417000,850324,-433324,0,0,0,0,0,0,0,0,0,0,0,0,0,-433324
1312,國喬            ,734000,1055000,-321000,0,0,0,0,0,0,-114000,2000,0,2000,0,116000,-116000,-435000
08010P,大成鋼元大9B售01,0,0,0,0,0,0,0,0,0,-438000,0,0,0,50000,488000,-438000,-438000
08878P,台積電凱基01售11,0,0,0,0,0,0,0,0,0,-440000,0,0,0,0,440000,-440000,-440000
08816P,台積電富邦04售03,0,0,0,0,0,0,0,0,0,-440000,0,0,0,0,440000,-440000,-440000
062682,全新統一9B購01  ,0,0,0,0,0,0,0,0,0,-443000,0,0,0,80000,523000,-443000,-443000
066595,敦泰群益01購01  ,0,0,0,0,0,0,0,0,0,-444000,0,0,0,9000,453000,-444000,-444000
2609,陽明            ,49000,493638,-444638,0,0,0,0,0,0,0,0,0,0,0,0,0,-444638
2723,美食-KY         ,172000,378000,-206000,0,0,0,0,178000,-178000,-61000,0,0,0,0,61000,-61000,-445000
063350,台表科統一02購02,0,0,0,0,0,0,0,0,0,-446000,0,0,0,5000,451000,-446000,-446000
066480,國巨元富07購02  ,0,0,0,0,0,0,0,0,0,-447000,0,0,0,60000,507000,-447000,-447000
08843P,台表科凱基01售01,0,0,0,0,0,0,0,0,0,-449000,0,0,0,23000,472000,-449000,-449000
08200P,祥碩元大9B售08  ,0,0,0,0,0,0,0,0,0,-449000,0,0,0,20000,469000,-449000,-449000
08381P,台灣50群益9C售06,0,0,0,0,0,0,0,0,0,-451000,0,0,0,10000,461000,-451000,-451000
063271,中磊兆豐9C購01  ,0,0,0,0,0,0,0,0,0,-453000,0,0,0,154000,607000,-453000,-453000
065658,聯發科富邦03購03,0,0,0,0,0,0,0,0,0,-453000,0,0,0,175000,628000,-453000,-453000
066797,台積電凱基02購09,0,0,0,0,0,0,0,0,0,-454000,0,0,0,50000,504000,-454000,-454000
059074,元油2X元大9C購15,0,0,0,0,0,0,0,0,0,-454000,0,0,0,0,454000,-454000,-454000
06478P,臺股指日盛9A售01,0,0,0,0,0,0,0,0,0,-454000,0,0,0,0,454000,-454000,-454000
066300,潤泰新元大01購02,0,0,0,0,0,0,0,0,0,-455000,0,0,0,15000,470000,-455000,-455000
064429,鴻海凱基03購03  ,0,0,0,0,0,0,0,0,0,-455000,0,0,0,119000,574000,-455000,-455000
08299P,玉晶光國票02售01,0,0,0,0,0,0,0,0,0,-456000,0,0,0,182000,638000,-456000,-456000
061925,禾伸堂凱基9C購01,0,0,0,0,0,0,0,0,0,-458000,0,0,0,61000,519000,-458000,-458000
2049,上銀            ,491102,888826,-397724,0,0,0,6000,3000,3000,-64000,13000,41000,-28000,11000,47000,-36000,-458724
065908,聯發科永豐9C購04,0,0,0,0,0,0,0,0,0,-459000,0,0,0,3000,462000,-459000,-459000
07838P,泰碩元大9A售04  ,0,0,0,0,0,0,0,0,0,-461000,0,0,0,70000,531000,-461000,-461000
08153P,台表科統一9B售01,0,0,0,0,0,0,0,0,0,-463000,0,0,0,137000,600000,-463000,-463000
064383,SP黃豆富邦01購01,0,0,0,0,0,0,0,0,0,-465000,0,0,0,0,465000,-465000,-465000
066084,國巨富邦05購01  ,0,0,0,0,0,0,0,0,0,-466000,0,0,0,178000,644000,-466000,-466000
058507,美律元大9A購01  ,0,0,0,0,0,0,0,0,0,-467000,0,0,0,110000,577000,-467000,-467000
065975,緯創元大02購01  ,0,0,0,0,0,0,0,0,0,-467000,0,0,0,447000,914000,-467000,-467000
060862,美律永豐9A購01  ,0,0,0,0,0,0,0,0,0,-468000,0,0,0,118000,586000,-468000,-468000
057681,T50反1日盛9C購01,0,0,0,0,0,0,0,0,0,-470000,0,0,0,0,470000,-470000,-470000
3682,亞太電          ,112000,582000,-470000,0,0,0,0,0,0,0,0,0,0,0,0,0,-470000
6582,申豐            ,342000,651000,-309000,0,0,0,0,0,0,-161000,0,114000,-114000,3000,50000,-47000,-470000
065708,中磊群益9C購01  ,0,0,0,0,0,0,0,0,0,-471000,0,0,0,194000,665000,-471000,-471000
066479,國巨元富07購01  ,0,0,0,0,0,0,0,0,0,-472000,0,0,0,57000,529000,-472000,-472000
066968,技嘉元富07購01  ,0,0,0,0,0,0,0,0,0,-472000,0,0,0,165000,637000,-472000,-472000
066816,泰鼎兆豐03購01  ,0,0,0,0,0,0,0,0,0,-473000,0,0,0,20000,493000,-473000,-473000
065529,聯發科中信01購04,0,0,0,0,0,0,0,0,0,-473000,0,0,0,931000,1404000,-473000,-473000
2345,智邦            ,1767206,2133000,-365794,0,0,0,11000,166000,-155000,47000,104000,74000,30000,27000,10000,17000,-473794
06653P,美食元大98售02  ,0,0,0,0,0,0,0,0,0,-475000,0,0,0,0,475000,-475000,-475000
08621P,景碩群益9C售01  ,0,0,0,0,0,0,0,0,0,-475000,0,0,0,5000,480000,-475000,-475000
065470,聚陽元大01購01  ,0,0,0,0,0,0,0,0,0,-477000,0,0,0,121000,598000,-477000,-477000
060777,茂林凱基9C購01  ,0,0,0,0,0,0,0,0,0,-478000,0,0,0,26000,504000,-478000,-478000
07750P,台表科凱基9A售04,0,0,0,0,0,0,0,0,0,-479000,0,0,0,0,479000,-479000,-479000
08880P,全新凱基01售02  ,0,0,0,0,0,0,0,0,0,-480000,0,0,0,0,480000,-480000,-480000
066704,創意群益01購02  ,0,0,0,0,0,0,0,0,0,-480000,0,0,0,56000,536000,-480000,-480000
057839,台積電富邦9A購02,0,0,0,0,0,0,0,0,0,-483000,0,0,0,450000,933000,-483000,-483000
08805P,台積電元富07售04,0,0,0,0,0,0,0,0,0,-484000,0,0,0,0,484000,-484000,-484000
060918,康友國泰9C購01  ,0,0,0,0,0,0,0,0,0,-484000,0,0,0,449000,933000,-484000,-484000
060404,台勝科國泰9B購01,0,0,0,0,0,0,0,0,0,-484000,0,0,0,144000,628000,-484000,-484000
065356,聯發科元富03購06,8000,0,8000,0,0,0,0,0,0,-493000,0,0,0,21000,514000,-493000,-485000
1227,佳格            ,217000,711000,-494000,0,0,0,0,0,0,6000,8000,0,8000,0,2000,-2000,-488000
1217,愛之味          ,181000,666000,-485000,0,0,0,0,0,0,-3000,0,3000,-3000,0,0,0,-488000
064489,宏碁元大9C購01  ,0,0,0,0,0,0,0,0,0,-488000,0,0,0,46000,534000,-488000,-488000
066105,松翰國票01購01  ,0,0,0,0,0,0,0,0,0,-490000,0,0,0,237000,727000,-490000,-490000
057987,大立光元富98購02,0,0,0,0,0,0,0,0,0,-491000,0,0,0,100000,591000,-491000,-491000
060881,玉山金中信02購01,0,0,0,0,0,0,0,0,0,-491000,0,0,0,26000,517000,-491000,-491000
2436,偉詮電          ,1259000,1753000,-494000,0,0,0,0,0,0,3000,3000,0,3000,0,0,0,-491000
067531,台積電群益01購13,0,0,0,0,0,0,0,0,0,-492000,0,0,0,0,492000,-492000,-492000
066879,智伸科富邦03購01,0,0,0,0,0,0,0,0,0,-495000,0,0,0,94000,589000,-495000,-495000
08453P,玉晶光台新9C售02,0,0,0,0,0,0,0,0,0,-495000,0,0,0,570000,1065000,-495000,-495000
2882A,國泰特          ,0,6000,-6000,0,0,0,0,0,0,-491000,2000,493000,-491000,0,0,0,-497000
07637P,國巨國票9A售08  ,0,0,0,0,0,0,0,0,0,-499000,0,0,0,0,499000,-499000,-499000
066016,台表科元富01購02,0,0,0,0,0,0,0,0,0,-499000,0,0,0,11000,510000,-499000,-499000
00774C,新光中政金綠債+R,0,0,0,0,0,0,0,0,0,-500000,0,0,0,0,500000,-500000,-500000
2601,益航            ,169000,676859,-507859,0,0,0,0,0,0,6000,6000,0,6000,0,0,0,-501859
058873,美律國票9A購02  ,0,0,0,0,0,0,0,0,0,-504000,0,0,0,0,504000,-504000,-504000
060821,SP黃豆元大9A購02,0,0,0,0,0,0,0,0,0,-504000,0,0,0,0,504000,-504000,-504000
064598,國巨元富9C購03  ,0,0,0,0,0,0,0,0,0,-508000,0,0,0,19000,527000,-508000,-508000
058276,道瓊指中信9C購01,0,0,0,0,0,0,0,0,0,-509000,0,0,0,1000,510000,-509000,-509000
066759,盟立永豐01購03  ,0,0,0,0,0,0,0,0,0,-510000,0,0,0,20000,530000,-510000,-510000
08454P,台灣50凱基9C售12,0,0,0,0,0,0,0,0,0,-513000,0,0,0,50000,563000,-513000,-513000
03450B,臺股指元大9C熊23,0,0,0,0,0,0,0,0,0,-513000,0,0,0,17000,530000,-513000,-513000
065858,台表科元大03購01,0,0,0,0,0,0,0,0,0,-514000,0,0,0,195000,709000,-514000,-514000
2387,精元            ,449000,1006000,-557000,0,0,0,0,0,0,43000,79000,69000,10000,46000,13000,33000,-514000
067267,台積電富邦05購03,0,0,0,0,0,0,0,0,0,-516000,0,0,0,0,516000,-516000,-516000
063950,信邦元大9C購01  ,0,0,0,0,0,0,0,0,0,-517000,0,0,0,0,517000,-517000,-517000
2316,楠梓電          ,63000,459000,-396000,0,0,0,0,0,0,-121000,0,117000,-117000,2000,6000,-4000,-517000
066897,京元電康和01購01,0,0,0,0,0,0,0,0,0,-518000,0,0,0,0,518000,-518000,-518000
065355,聯發科元富03購05,0,0,0,0,0,0,0,0,0,-518000,0,0,0,5000,523000,-518000,-518000
3062,建漢            ,45000,567000,-522000,0,0,0,0,0,0,0,0,0,0,0,0,0,-522000
1103,嘉泥            ,203000,727000,-524000,0,0,0,0,0,0,0,0,0,0,0,0,0,-524000
08800P,台積電元大01售20,5000,0,5000,0,0,0,0,0,0,-529000,0,0,0,2083000,2612000,-529000,-524000
2421,建準            ,189000,673000,-484000,0,0,0,0,0,0,-40000,0,0,0,40000,80000,-40000,-524000
063651,金像電台新9B購01,22000,0,22000,0,0,0,0,0,0,-547000,0,0,0,151000,698000,-547000,-525000
4414,如興            ,953000,1478000,-525000,0,0,0,0,0,0,0,0,0,0,0,0,0,-525000
058706,聯鈞元大9C購01  ,0,0,0,0,0,0,0,0,0,-530000,0,0,0,13000,543000,-530000,-530000
5522,遠雄            ,69000,1020128,-951128,0,0,0,0,0,0,420000,0,80000,-80000,500000,0,500000,-531128
07821P,臺股指國票9A售12,0,0,0,0,0,0,0,0,0,-535000,0,0,0,183000,718000,-535000,-535000
03683C,T50反1元大9C牛04,0,0,0,0,0,0,0,0,0,-535000,0,0,0,459000,994000,-535000,-535000
08849P,國巨群益01售07  ,0,0,0,0,0,0,0,0,0,-536000,0,0,0,0,536000,-536000,-536000
066892,台積電兆豐03購01,0,0,0,0,0,0,0,0,0,-536000,0,0,0,713000,1249000,-536000,-536000
06138P,台積電中信99售01,0,0,0,0,0,0,0,0,0,-536000,0,0,0,0,536000,-536000,-536000
2542,興富發          ,534000,977000,-443000,0,0,0,0,70000,-70000,-23000,15000,6000,9000,0,32000,-32000,-536000
067352,美律群益01購01  ,0,0,0,0,0,0,0,0,0,-537000,0,0,0,16000,553000,-537000,-537000
065943,台表科元富01購01,0,0,0,0,0,0,0,0,0,-539000,0,0,0,0,539000,-539000,-539000
4960,誠美材          ,291000,830000,-539000,0,0,0,0,0,0,0,0,0,0,0,0,0,-539000
064916,玉山金統一02購01,0,0,0,0,0,0,0,0,0,-541000,0,0,0,424000,965000,-541000,-541000
06529P,貿聯富邦99售03  ,0,0,0,0,0,0,0,0,0,-542000,0,0,0,75000,617000,-542000,-542000
2820,華票            ,126000,667000,-541000,0,0,0,0,5000,-5000,0,0,0,0,0,0,0,-546000
07224P,鴻海元大9A售02  ,0,0,0,0,0,0,0,0,0,-547000,0,0,0,0,547000,-547000,-547000
065996,T50反1第一01購01,0,0,0,0,0,0,0,0,0,-547000,0,0,0,180000,727000,-547000,-547000
055976,台積電統一99購03,0,0,0,0,0,0,0,0,0,-551000,0,0,0,0,551000,-551000,-551000
08627P,臺股指群益9C售22,0,0,0,0,0,0,0,0,0,-552000,0,0,0,110000,662000,-552000,-552000
08762P,南六元大01售03  ,0,0,0,0,0,0,0,0,0,-553000,0,0,0,369000,922000,-553000,-553000
00876,元大未來關鍵科技,58000,1333000,-1275000,0,0,0,0,0,0,722000,15000,0,15000,2632000,1925000,707000,-553000
066023,燿華群益01購02  ,0,0,0,0,0,0,0,0,0,-554000,0,0,0,0,554000,-554000,-554000
057713,美律統一99購01  ,0,0,0,0,0,0,0,0,0,-555000,0,0,0,0,555000,-555000,-555000
064790,金像電國票01購01,0,0,0,0,0,0,0,0,0,-555000,0,0,0,143000,698000,-555000,-555000
057727,華邦電國泰9A購01,0,0,0,0,0,0,0,0,0,-559000,0,0,0,44000,603000,-559000,-559000
8039,台虹            ,383000,861580,-478580,0,0,0,0,0,0,-84000,119000,180000,-61000,31000,54000,-23000,-562580
08111P,臺股指中信01售06,0,0,0,0,0,0,0,0,0,-563000,0,0,0,0,563000,-563000,-563000
1517,利奇            ,362000,927000,-565000,0,0,0,0,0,0,0,0,0,0,0,0,0,-565000
066307,華城永豐01購01  ,0,0,0,0,0,0,0,0,0,-571000,0,0,0,411000,982000,-571000,-571000
1795,美時            ,155000,727000,-572000,0,0,0,0,0,0,1000,1000,0,1000,0,0,0,-571000
08826P,健策元大01售08  ,0,0,0,0,0,0,0,0,0,-572000,0,0,0,143000,715000,-572000,-572000
08455P,台積電凱基9C售05,0,0,0,0,0,0,0,0,0,-574000,0,0,0,200000,774000,-574000,-574000
061944,聯電群益9B購01  ,0,0,0,0,0,0,0,0,0,-575000,0,0,0,179000,754000,-575000,-575000
067087,帆宣元大01購03  ,0,0,0,0,0,0,0,0,0,-576000,0,0,0,242000,818000,-576000,-576000
2474,可成            ,617285,1080327,-463042,0,0,0,1000,44000,-43000,-71000,1000,26000,-25000,11000,57000,-46000,-577042
00771,元大US高息特別股,0,0,0,0,0,0,0,0,0,-578000,0,0,0,43000,621000,-578000,-578000
064915,美律統一02購02  ,0,0,0,0,0,0,0,0,0,-581000,0,0,0,33000,614000,-581000,-581000
063344,臺企銀統一9C購01,0,0,0,0,0,0,0,0,0,-586000,0,0,0,0,586000,-586000,-586000
2408,南亞科          ,2300505,4382000,-2081495,0,0,0,1658000,16000,1642000,-147000,40000,47000,-7000,12000,152000,-140000,-586495
08068P,宏達電國泰9C售01,0,0,0,0,0,0,0,0,0,-587000,0,0,0,5000,592000,-587000,-587000
058881,全新永豐99購01  ,0,0,0,0,0,0,0,0,0,-588000,0,0,0,0,588000,-588000,-588000
1319,東陽            ,144000,734000,-590000,0,0,0,0,0,0,0,2000,2000,0,0,0,0,-590000
067123,京鼎富邦05購01  ,0,0,0,0,0,0,0,0,0,-592000,0,0,0,0,592000,-592000,-592000
061207,美律元大9A購04  ,0,0,0,0,0,0,0,0,0,-599000,0,0,0,0,599000,-599000,-599000
064996,T50反1國票01購03,0,0,0,0,0,0,0,0,0,-599000,0,0,0,0,599000,-599000,-599000
063343,美律統一9C購01  ,0,0,0,0,0,0,0,0,0,-600000,0,0,0,6000,606000,-600000,-600000
064189,TPK永豐9C購01   ,0,0,0,0,0,0,0,0,0,-600000,0,0,0,5000,605000,-600000,-600000
065451,台表科統一02購04,0,0,0,0,0,0,0,0,0,-601000,0,0,0,288000,889000,-601000,-601000
067275,聯發科統一02購07,0,0,0,0,0,0,0,0,0,-604000,0,0,0,0,604000,-604000,-604000
1722,台肥            ,470000,1075000,-605000,0,0,0,0,0,0,0,0,0,0,0,0,0,-605000
8215,明基材          ,412000,756000,-344000,0,0,0,0,1298,-1298,-260000,0,260000,-260000,0,0,0,-605298
3437,榮創            ,1286000,1894000,-608000,0,0,0,0,0,0,2000,2000,0,2000,0,0,0,-606000
6116,彩晶            ,1879000,2539755,-660755,0,0,0,0,0,0,52000,0,6000,-6000,214000,156000,58000,-608755
058714,美律統一9B購01  ,0,0,0,0,0,0,0,0,0,-614000,0,0,0,34000,648000,-614000,-614000
03689C,T50反1元大02牛01,0,0,0,0,0,0,0,0,0,-616000,0,0,0,116000,732000,-616000,-616000
066277,敦泰元大01購02  ,0,0,0,0,0,0,0,0,0,-616000,0,0,0,50000,666000,-616000,-616000
9802,鈺齊-KY         ,674000,1853369,-1179369,0,0,0,564000,0,564000,-3000,246000,30000,216000,46000,265000,-219000,-618369
067202,聚陽元大01購02  ,0,0,0,0,0,0,0,0,0,-621000,0,0,0,205000,826000,-621000,-621000
063444,金像電統一03購01,0,0,0,0,0,0,0,0,0,-624000,0,0,0,326000,950000,-624000,-624000
067499,帆宣元大01購04  ,0,0,0,0,0,0,0,0,0,-625000,0,0,0,0,625000,-625000,-625000
9938,百和            ,279000,697032,-418032,0,0,0,0,0,0,-207000,4000,134000,-130000,10000,87000,-77000,-625032
054676,牧德台新98購01  ,0,0,0,0,0,0,0,0,0,-626000,0,0,0,0,626000,-626000,-626000
07000P,T50反1元大99售03,0,0,0,0,0,0,0,0,0,-632000,0,0,0,0,632000,-632000,-632000
066678,台達電兆豐03購01,0,0,0,0,0,0,0,0,0,-632000,0,0,0,38000,670000,-632000,-632000
066151,大立光麥證01購02,0,0,0,0,635000,-635000,0,0,0,-635000,0,0,0,0,635000,-635000,-635000
3443,創意            ,1081000,1907000,-826000,0,0,0,118000,709,117291,72000,87000,31000,56000,29000,13000,16000,-636709
057485,友達元大9C購04  ,0,0,0,0,0,0,0,0,0,-639000,0,0,0,30000,669000,-639000,-639000
3019,亞光            ,382000,928000,-546000,0,0,0,1000,0,1000,-96000,40000,42000,-2000,22000,116000,-94000,-641000
1904,正隆            ,575000,920520,-345520,0,0,0,0,199000,-199000,-99000,20000,50000,-30000,0,69000,-69000,-643520
07133P,臺股指元大9A售27,0,0,0,0,0,0,0,0,0,-660000,0,0,0,0,660000,-660000,-660000
1301,台塑            ,874570,1490000,-615430,0,0,0,0,38000,-38000,-12000,16000,33000,-17000,5000,0,5000,-665430
1907,永豐餘          ,351000,1016655,-665655,0,0,0,0,0,0,0,0,0,0,0,0,0,-665655
058399,美律元大99購05  ,0,0,0,0,0,0,0,0,0,-671000,0,0,0,0,671000,-671000,-671000
1515,力山            ,198000,850000,-652000,0,0,0,0,0,0,-22000,20000,1000,19000,11000,52000,-41000,-674000
3038,全台            ,420000,1003000,-583000,0,0,0,0,1000,-1000,-90000,85000,175000,-90000,0,0,0,-674000
6209,今國光          ,195000,870000,-675000,0,0,0,0,0,0,0,0,0,0,0,0,0,-675000
9958,世紀鋼          ,776000,1296000,-520000,0,0,0,0,0,0,-156000,82000,35000,47000,128000,331000,-203000,-676000
4958,臻鼎-KY         ,1998073,2395000,-396927,0,0,0,119000,21000,98000,-383000,95000,452000,-357000,18000,44000,-26000,-681927
066115,美律兆豐02購01  ,0,0,0,0,0,0,0,0,0,-685000,0,0,0,0,685000,-685000,-685000
2406,國碩            ,33000,568000,-535000,0,0,0,0,0,0,-150000,0,150000,-150000,0,0,0,-685000
064822,台達電統一01購03,10000,0,10000,0,0,0,0,0,0,-701000,0,0,0,120000,821000,-701000,-691000
08534P,玉晶光元富06售02,0,0,0,0,0,0,0,0,0,-692000,0,0,0,49000,741000,-692000,-692000
1305,華夏            ,56000,742000,-686000,0,0,0,0,0,0,-9000,52000,50000,2000,3000,14000,-11000,-695000
062972,京元電元富9B購01,0,0,0,0,0,0,0,0,0,-707000,0,0,0,162000,869000,-707000,-707000
064112,宏碁國票01購01  ,0,0,0,0,0,0,0,0,0,-709000,0,0,0,213000,922000,-709000,-709000
1905,華紙            ,36000,743779,-707779,0,0,0,0,0,0,-2000,0,0,0,0,2000,-2000,-709779
065654,台表科元大9C購12,0,0,0,0,0,0,0,0,0,-712000,0,0,0,40000,752000,-712000,-712000
1309,台達化          ,668000,1641000,-973000,0,0,0,0,0,0,260000,350000,90000,260000,0,0,0,-713000
067080,群創元大01購04  ,0,0,0,0,0,0,0,0,0,-718000,0,0,0,8000,726000,-718000,-718000
07382P,台積電群益9B售01,0,0,0,0,0,0,0,0,0,-728000,0,0,0,610000,1338000,-728000,-728000
061122,敬鵬永豐9A購01  ,0,0,0,0,0,0,0,0,0,-730000,0,0,0,362000,1092000,-730000,-730000
1736,喬山            ,158000,839000,-681000,0,0,0,0,0,0,-63000,0,0,0,5000,68000,-63000,-744000
00852L,國泰美國道瓊正2 ,0,263000,-263000,0,0,0,0,0,0,-482000,0,0,0,2622000,3104000,-482000,-745000
058832,立積永豐99購01  ,0,0,0,0,0,0,0,0,0,-747000,0,0,0,53000,800000,-747000,-747000
2365,昆盈            ,146000,899000,-753000,0,0,0,0,0,0,2000,2000,0,2000,0,0,0,-751000
3698,隆達            ,527000,1380000,-853000,0,0,0,0,0,0,101000,114000,22000,92000,9000,0,9000,-752000
2002,中鋼            ,1644850,2423000,-778150,0,0,0,122000,123000,-1000,15000,15000,0,15000,0,0,0,-764150
07048P,台積電中信03售01,0,0,0,0,0,0,0,0,0,-765000,0,0,0,88000,853000,-765000,-765000
066082,康友國泰03購01  ,0,0,0,0,0,0,0,0,0,-770000,0,0,0,362000,1132000,-770000,-770000
058692,華邦電國票9B購01,0,0,0,0,0,0,0,0,0,-775000,0,0,0,303000,1078000,-775000,-775000
2903,遠百            ,153000,984600,-831600,0,0,0,0,0,0,56000,56000,0,56000,0,0,0,-775600
063563,國巨元大9C購07  ,0,0,0,0,0,0,0,0,0,-777000,0,0,0,27000,804000,-777000,-777000
066237,京鼎富邦04購01  ,0,0,0,0,0,0,0,0,0,-781000,0,0,0,21000,802000,-781000,-781000
064235,美律統一9C購02  ,0,0,0,0,0,0,0,0,0,-784000,0,0,0,235000,1019000,-784000,-784000
08434P,臺股指凱基03售02,0,0,0,0,0,0,0,0,0,-791000,0,0,0,270000,1061000,-791000,-791000
08443P,臺股指麥證01售02,0,0,0,423000,1215000,-792000,0,0,0,-792000,0,0,0,423000,1215000,-792000,-792000
07071P,立積元富99售01  ,0,0,0,0,0,0,0,0,0,-802000,0,0,0,0,802000,-802000,-802000
067248,帆宣群益01購01  ,0,0,0,0,0,0,0,0,0,-802000,0,0,0,228000,1030000,-802000,-802000
08132P,南六元大9B售05  ,0,0,0,0,0,0,0,0,0,-805000,0,0,0,627000,1432000,-805000,-805000
4904,遠傳            ,284656,1081000,-796344,0,0,0,0,14000,-14000,3000,5000,0,5000,0,2000,-2000,-807344
6706,惠特            ,570000,643000,-73000,0,0,0,89000,780000,-691000,-47000,0,45000,-45000,2000,4000,-2000,-811000
061587,美律富邦9A購02  ,0,0,0,0,0,0,0,0,0,-812000,0,0,0,0,812000,-812000,-812000
2312,金寶            ,1322000,2069000,-747000,0,0,0,0,0,0,-77000,0,0,0,0,77000,-77000,-824000
061129,文曄永豐9A購01  ,0,0,0,0,0,0,0,0,0,-833000,0,0,0,31000,864000,-833000,-833000
6456,GIS-KY          ,2653000,3061000,-408000,0,0,0,128000,0,128000,-554000,34000,125000,-91000,67000,530000,-463000,-834000
08799P,台積電元大01售19,0,0,0,0,0,0,0,0,0,-840000,0,0,0,1169000,2009000,-840000,-840000
07597P,臺股指中信01售02,0,0,0,0,0,0,0,0,0,-847000,0,0,0,985000,1832000,-847000,-847000
2338,光罩            ,235000,1032000,-797000,0,0,0,0,0,0,-50000,0,0,0,8000,58000,-50000,-847000
066976,台達電群益01購01,0,0,0,0,0,0,0,0,0,-852000,0,0,0,0,852000,-852000,-852000
8163,達方            ,99000,672000,-573000,0,0,0,0,0,0,-279000,14000,6000,8000,102000,389000,-287000,-852000
2383,台光電          ,313000,928000,-615000,0,0,0,10000,11000,-1000,-238000,25000,233000,-208000,8000,38000,-30000,-854000
05755P,臺股指中信99售04,0,0,0,0,0,0,0,0,0,-863000,0,0,0,716000,1579000,-863000,-863000
1504,東元            ,1063000,1885000,-822000,0,0,0,14000,8000,6000,-48000,0,71000,-71000,61000,38000,23000,-864000
066535,台積電兆豐01購01,0,0,0,0,0,0,0,0,0,-882000,0,0,0,221000,1103000,-882000,-882000
1598,岱宇            ,477000,1301000,-824000,0,0,0,0,537,-537,-63000,46000,109000,-63000,0,0,0,-887537
08794P,台積電兆豐01售03,0,0,0,0,0,0,0,0,0,-889000,0,0,0,374000,1263000,-889000,-889000
065780,國巨富邦03購02  ,0,0,0,0,0,0,0,0,0,-892000,0,0,0,254000,1146000,-892000,-892000
065133,SP黃豆凱基02購01,0,0,0,0,0,0,0,0,0,-896000,0,0,0,25000,921000,-896000,-896000
058178,國巨國泰9A購02  ,0,0,0,0,0,0,0,0,0,-897000,0,0,0,102000,999000,-897000,-897000
1218,泰山            ,73000,1027000,-954000,0,0,0,0,0,0,54000,38000,0,38000,16000,0,16000,-900000
08184P,可成永豐9B售03  ,0,0,0,0,0,0,0,0,0,-908000,0,0,0,0,908000,-908000,-908000
3041,揚智            ,101000,1018451,-917451,0,0,0,0,0,0,0,0,0,0,0,0,0,-917451
08782P,台積電元大01售17,0,0,0,0,0,0,0,0,0,-921000,0,0,0,0,921000,-921000,-921000
08758P,上証2X元大01售02,0,0,0,0,0,0,0,0,0,-922000,0,0,0,11000,933000,-922000,-922000
065098,致伸元大9C購02  ,0,2000,-2000,0,0,0,0,0,0,-923000,0,0,0,91000,1014000,-923000,-925000
062688,華擎統一01購03  ,0,0,0,0,0,0,0,0,0,-926000,0,0,0,86000,1012000,-926000,-926000
6191,精成科          ,201000,1266000,-1065000,0,0,0,0,0,0,139000,150000,0,150000,3000,14000,-11000,-926000
1717,長興            ,1305000,1919515,-614515,0,0,0,18000,0,18000,-334000,5000,350000,-345000,11000,0,11000,-930515
2417,圓剛            ,3565000,4508000,-943000,0,0,0,0,0,0,1000,1000,0,1000,0,0,0,-942000
065152,燿華群益9C購02  ,0,0,0,0,0,0,0,0,0,-946000,0,0,0,10000,956000,-946000,-946000
066719,滬深2X元大01購06,0,0,0,0,0,0,0,0,0,-953000,0,0,0,56000,1009000,-953000,-953000
064746,貿聯國票01購02  ,0,0,0,0,0,0,0,0,0,-962000,0,0,0,120000,1082000,-962000,-962000
056472,美律元大99購03  ,0,0,0,0,0,0,0,0,0,-976000,0,0,0,84000,1060000,-976000,-976000
3016,嘉晶            ,399000,1039000,-640000,0,0,0,0,0,0,-339000,12000,70000,-58000,14000,295000,-281000,-979000
065365,國巨元大9C購19  ,0,0,0,0,0,0,0,0,0,-985000,0,0,0,55000,1040000,-985000,-985000
065403,健鼎國泰02購01  ,0,0,0,0,0,0,0,0,0,-986000,0,0,0,264000,1250000,-986000,-986000
07774P,台灣50群益9A售16,0,0,0,0,0,0,0,0,0,-990000,0,0,0,0,990000,-990000,-990000
6282,康舒            ,1694000,2518000,-824000,0,0,0,0,0,0,-171000,62000,94000,-32000,77000,216000,-139000,-995000
2537,聯上發          ,380000,1380000,-1000000,0,0,0,0,0,0,0,0,0,0,0,0,0,-1000000
2393,億光            ,254000,1138000,-884000,0,0,0,0,0,0,-117000,0,8000,-8000,10000,119000,-109000,-1001000
8150,南茂            ,485000,1417147,-932147,0,0,0,0,5704,-5704,-90000,0,0,0,7000,97000,-90000,-1027851
055265,玉晶光永豐98購03,0,0,0,0,0,0,0,0,0,-1042000,0,0,0,104000,1146000,-1042000,-1042000
066773,美律富邦03購01  ,0,0,0,0,0,0,0,0,0,-1044000,0,0,0,0,1044000,-1044000,-1044000
2363,矽統            ,642000,1706000,-1064000,0,0,0,0,0,0,0,0,0,0,0,0,0,-1064000
9907,統一實          ,235000,1306000,-1071000,0,0,0,0,0,0,-1000,0,1000,-1000,0,0,0,-1072000
2349,錸德            ,493000,1600000,-1107000,0,0,0,0,0,0,0,0,0,0,0,0,0,-1107000
067281,T50反1國票01購05,0,0,0,0,0,0,0,0,0,-1108000,0,0,0,0,1108000,-1108000,-1108000
2103,台橡            ,195000,1061000,-866000,0,0,0,0,0,0,-256000,0,175000,-175000,0,81000,-81000,-1122000
06666P,台積電日盛9A售02,0,0,0,0,0,0,0,0,0,-1156000,0,0,0,0,1156000,-1156000,-1156000
08729P,創意永豐01售01  ,0,0,0,0,0,0,0,0,0,-1172000,0,0,0,223000,1395000,-1172000,-1172000
2498,宏達電          ,1218100,2126000,-907900,0,0,0,0,0,0,-266000,66000,112000,-46000,6000,226000,-220000,-1173900
2481,強茂            ,634000,1181807,-547807,0,0,0,0,630000,-630000,-12000,105000,63000,42000,6000,60000,-54000,-1189807
2355,敬鵬            ,1095000,2474883,-1379883,0,0,0,0,0,0,190000,151000,65000,86000,126000,22000,104000,-1189883
061297,台積電富邦9C購09,0,0,0,0,0,0,0,0,0,-1210000,0,0,0,87000,1297000,-1210000,-1210000
053118,大立光中信9C購01,0,0,0,0,0,0,0,0,0,-1232000,0,0,0,0,1232000,-1232000,-1232000
5215,科嘉-KY         ,636000,1807000,-1171000,0,0,0,0,148944,-148944,85000,90000,5000,85000,0,0,0,-1234944
3596,智易            ,1299000,1298000,1000,0,0,0,0,0,0,-1247000,46000,128000,-82000,2000,1167000,-1165000,-1246000
03840P,台積電統一99售02,0,0,0,0,0,0,0,0,0,-1257000,0,0,0,0,1257000,-1257000,-1257000
055902,同欣電中信99購01,0,0,0,0,0,0,0,0,0,-1259000,0,0,0,1520000,2779000,-1259000,-1259000
8210,勤誠            ,53000,1101036,-1048036,0,0,0,0,177000,-177000,-48000,0,0,0,6000,54000,-48000,-1273036
08687P,南六永豐01售02  ,0,0,0,0,0,0,0,0,0,-1278000,0,0,0,0,1278000,-1278000,-1278000
1216,統一            ,1801985,3055090,-1253105,0,0,0,32000,61000,-29000,-5000,8000,2000,6000,0,11000,-11000,-1287105
054546,玉晶光中信9B購01,0,0,0,0,0,0,0,0,0,-1305000,0,0,0,1261000,2566000,-1305000,-1305000
066240,泰鼎富邦03購01  ,0,0,0,0,0,0,0,0,0,-1310000,0,0,0,131000,1441000,-1310000,-1310000
6251,定穎            ,250000,1516000,-1266000,0,0,0,0,0,0,-49000,1000,50000,-49000,0,0,0,-1315000
8021,尖點            ,160000,1495344,-1335344,0,0,0,0,1362,-1362,8000,8000,0,8000,0,0,0,-1328706
2889,國票金          ,420000,1764623,-1344623,0,0,0,0,0,0,0,0,0,0,0,0,0,-1344623
08861P,台積電統一01售10,0,0,0,0,0,0,0,0,0,-1346000,0,0,0,607000,1953000,-1346000,-1346000
062597,世紀鋼統一01購01,0,0,0,0,0,0,0,0,0,-1348000,0,0,0,183000,1531000,-1348000,-1348000
6153,嘉聯益          ,499000,1632479,-1133479,0,0,0,0,0,0,-226000,64000,144000,-80000,15000,161000,-146000,-1359479
066871,台表科元富07購01,0,0,0,0,0,0,0,0,0,-1384000,0,0,0,10000,1394000,-1384000,-1384000
2014,中鴻            ,105000,1744000,-1639000,0,0,0,0,0,0,228000,228000,0,228000,0,0,0,-1411000
08748P,台積電元富07售02,0,0,0,0,0,0,0,0,0,-1419000,0,0,0,89000,1508000,-1419000,-1419000
3049,和鑫            ,370000,1795498,-1425498,0,0,0,0,0,0,1000,1000,0,1000,0,0,0,-1424498
3380,明泰            ,1270000,2605000,-1335000,0,0,0,0,0,0,-95000,0,81000,-81000,0,14000,-14000,-1430000
07208P,台積電凱基99售14,0,0,0,0,0,0,0,0,0,-1434000,0,0,0,0,1434000,-1434000,-1434000
08638P,泰碩國票9C售01  ,0,0,0,0,0,0,0,0,0,-1457000,0,0,0,220000,1677000,-1457000,-1457000
2027,大成鋼          ,385000,1574000,-1189000,0,0,0,0,0,0,-272000,0,0,0,5000,277000,-272000,-1461000
08494P,世芯元大9C售02  ,0,0,0,0,0,0,0,0,0,-1509000,0,0,0,1064000,2573000,-1509000,-1509000
2801,彰銀            ,1904052,3433850,-1529798,0,0,0,30000,74000,-44000,54000,39000,10000,29000,25000,0,25000,-1519798
06503P,臺股指中信9A售02,0,0,0,0,0,0,0,0,0,-1525000,0,0,0,111000,1636000,-1525000,-1525000
062689,華擎統一02購01  ,0,0,0,0,0,0,0,0,0,-1545000,0,0,0,42000,1587000,-1545000,-1545000
1201,味全            ,14000,1577000,-1563000,0,0,0,0,0,0,0,0,0,0,0,0,0,-1563000
3706,神達            ,831000,2106850,-1275850,0,0,0,0,4000,-4000,-304000,12000,31000,-19000,1000,286000,-285000,-1583850
060920,超眾富邦9B購01  ,0,0,0,0,0,0,0,0,0,-1592000,0,0,0,80000,1672000,-1592000,-1592000
07060P,台表科國票9A售01,0,0,0,0,0,0,0,0,0,-1599000,0,0,0,0,1599000,-1599000,-1599000
3450,聯鈞            ,395000,1959809,-1564809,0,0,0,0,20000,-20000,-22000,6000,0,6000,52000,80000,-28000,-1606809
8046,南電            ,1397000,2988000,-1591000,0,0,0,219000,2398,216602,-236000,152000,240000,-88000,13000,161000,-148000,-1610398
07649P,金像電永豐9A售02,0,0,0,0,0,0,0,0,0,-1613000,0,0,0,0,1613000,-1613000,-1613000
1909,榮成            ,142000,1749981,-1607981,0,0,0,0,0,0,-22000,12000,34000,-22000,0,0,0,-1629981
00655L,國泰中國A50正2  ,304000,279000,25000,0,0,0,0,0,0,-1687000,0,0,0,4059000,5746000,-1687000,-1662000
6271,同欣電          ,608000,1544000,-936000,0,0,0,67000,0,67000,-808000,42000,486000,-444000,18000,382000,-364000,-1677000
2890,永豐金          ,6478169,11198752,-4720583,0,0,0,6139000,2317000,3822000,-805000,10000,815000,-805000,0,0,0,-1703583
08726P,台積電群益01售07,0,0,0,0,0,0,0,0,0,-1768000,0,0,0,454000,2222000,-1768000,-1768000
2448,晶電            ,922000,2631080,-1709080,0,0,0,0,0,0,-143000,186000,329000,-143000,0,0,0,-1852080
066998,訊芯國泰03購01  ,0,0,0,0,0,0,0,0,0,-1853000,0,0,0,49000,1902000,-1853000,-1853000
2610,華航            ,1703000,3703032,-2000032,0,0,0,0,0,0,99000,100000,1000,99000,0,0,0,-1901032
1605,華新            ,554000,2103000,-1549000,0,0,0,1000,0,1000,-368000,0,131000,-131000,0,237000,-237000,-1916000
2915,潤泰全          ,167000,1989000,-1822000,0,0,0,0,0,0,-119000,0,0,0,7000,126000,-119000,-1941000
2489,瑞軒            ,1369000,3352675,-1983675,0,0,0,0,0,0,12000,53000,41000,12000,0,0,0,-1971675
06139P,台積電中信99售02,0,0,0,0,0,0,0,0,0,-1989000,0,0,0,98000,2087000,-1989000,-1989000
6239,力成            ,1246304,3891000,-2644696,0,0,0,891000,306000,585000,41000,0,0,0,42000,1000,41000,-2018696
08379P,台積電國泰02售02,0,0,0,0,0,0,0,0,0,-2025000,0,0,0,2136000,4161000,-2025000,-2025000
2885,元大金          ,4934837,6763819,-1828982,0,0,0,70000,107000,-37000,-163000,90000,200000,-110000,0,53000,-53000,-2028982
2515,中工            ,1999000,4190350,-2191350,0,0,0,0,0,0,162000,64000,14000,50000,363000,251000,112000,-2029350
2342,茂矽            ,371000,2447000,-2076000,0,0,0,0,0,0,0,0,0,0,0,0,0,-2076000
2614,東森            ,466000,2539000,-2073000,0,0,0,0,0,0,-17000,0,0,0,0,17000,-17000,-2090000
5521,工信            ,213000,2107000,-1894000,0,0,0,0,0,0,-240000,0,240000,-240000,0,0,0,-2134000
3189,景碩            ,1379000,3150000,-1771000,0,0,0,0,357000,-357000,-18000,68000,34000,34000,18000,70000,-52000,-2146000
06328P,台積電中信01售02,0,0,0,0,0,0,0,0,0,-2149000,0,0,0,0,2149000,-2149000,-2149000
067026,群創兆豐03購01  ,0,0,0,0,0,0,0,0,0,-2168000,0,0,0,0,2168000,-2168000,-2168000
2105,正新            ,1249733,4304000,-3054267,0,0,0,891000,1000,890000,-8000,18000,26000,-8000,0,0,0,-2172267
2201,裕隆            ,887000,2754493,-1867493,0,0,0,0,0,0,-324000,0,65000,-65000,25000,284000,-259000,-2191493
08750P,台灣50群益01售04,0,0,0,0,0,0,0,0,0,-2312000,0,0,0,10000,2322000,-2312000,-2312000
03414B,臺股指凱基99熊01,0,0,0,0,0,0,0,0,0,-2412000,0,0,0,1120000,3532000,-2412000,-2412000
064145,宏碁統一02購01  ,0,0,0,0,0,0,0,0,0,-2546000,0,0,0,79000,2625000,-2546000,-2546000
2313,華通            ,2227000,4838000,-2611000,0,0,0,200000,93000,107000,-134000,437000,619000,-182000,208000,160000,48000,-2638000
2392,正崴            ,1374000,3788162,-2414162,0,0,0,0,60000,-60000,-214000,0,0,0,13000,227000,-214000,-2688162
066276,敦泰元大01購01  ,0,0,0,0,0,0,0,0,0,-2694000,0,0,0,29000,2723000,-2694000,-2694000
2102,泰豐            ,316000,2594255,-2278255,0,0,0,0,3564,-3564,-606000,0,11000,-11000,4000,599000,-595000,-2887819
1402,遠東新          ,1238210,4250188,-3011978,0,0,0,36000,37000,-1000,-48000,17000,53000,-36000,33000,45000,-12000,-3060978
4915,致伸            ,2297000,7460000,-5163000,0,0,0,0,1000,-1000,2003000,237000,0,237000,1768000,2000,1766000,-3161000
064299,宏碁兆豐9C購01  ,0,0,0,0,0,0,0,0,0,-3162000,0,0,0,138000,3300000,-3162000,-3162000
2317,鴻海            ,8837028,14324313,-5487285,0,0,0,1000,12000,-11000,2294000,119000,50000,69000,2928000,703000,2225000,-3204285
2323,中環            ,291000,3356498,-3065498,0,0,0,0,0,0,-216000,63000,270000,-207000,44000,53000,-9000,-3281498
08551P,台積電群益9C售12,0,0,0,0,0,0,0,0,0,-3295000,0,0,0,37000,3332000,-3295000,-3295000
03875P,滬深2X國票05售01,0,0,0,0,0,0,0,0,0,-3306000,0,0,0,20000,3326000,-3306000,-3306000
061081,宏碁兆豐9A購01  ,0,0,0,0,0,0,0,0,0,-3396000,0,0,0,113000,3509000,-3396000,-3396000
047564,滬深2X國票99購01,0,0,0,0,0,0,0,0,0,-4332000,0,0,0,890000,5222000,-4332000,-4332000
00693U,街口S&P黃豆     ,0,2271000,-2271000,0,0,0,0,0,0,-2311000,0,0,0,7693000,10004000,-2311000,-4582000
2823,中壽            ,968131,6072420,-5104289,0,0,0,0,36000,-36000,423000,66000,1000,65000,506000,148000,358000,-4717289
2505,國揚            ,701000,4658000,-3957000,0,0,0,0,0,0,-1189000,30000,0,30000,8000,1227000,-1219000,-5146000
3231,緯創            ,2652167,11840046,-9187879,0,0,0,3109000,50669,3058331,555000,1357000,27000,1330000,140000,915000,-775000,-5574548
1714,和桐            ,1160000,7302530,-6142530,0,0,0,0,0,0,0,0,0,0,0,0,0,-6142530
9904,寶成            ,2250969,10706000,-8455031,0,0,0,2262000,24000,2238000,31538,187000,2000,185000,515000,668462,-153462,-6185493
3037,欣興            ,7952000,13978000,-6026000,0,0,0,29000,40996,-11996,-243000,391000,640000,-249000,133000,127000,6000,-6280996
3017,奇鋐            ,2168000,8658105,-6490105,0,0,0,748000,1000,747000,-551000,134000,153000,-19000,232000,764000,-532000,-6294105
00633L,富邦上証正2     ,1283000,2625000,-1342000,0,0,0,0,0,0,-5783000,18000,2073000,-2055000,4746000,8474000,-3728000,-7125000
2834,臺企銀          ,1994198,9565136,-7570938,0,0,0,25000,51000,-26000,264000,16000,0,16000,250000,2000,248000,-7332938
00632R,元大台灣50反1   ,8362000,271000,8091000,0,0,0,0,0,0,-17892000,269000,909000,-640000,4987000,22239000,-17252000,-9801000
00637L,元大滬深300正2  ,7040000,8948000,-1908000,0,0,0,0,0,0,-10212000,23000,4375000,-4352000,31664000,37524000,-5860000,-12120000
2344,華邦電          ,3051300,15184620,-12133320,0,0,0,0,0,0,-35000,36000,113000,-77000,166000,124000,42000,-12168320
2324,仁寶            ,13848721,20916000,-7067279,0,0,0,73000,37000,36000,-12976000,172000,5737000,-5565000,10000,7421000,-7411000,-20007279
2303,聯電            ,8223578,31589000,-23365422,0,0,0,380000,112000,268000,-4844000,903000,3001000,-2098000,312000,3058000,-2746000,-27941422
00677U,富邦VIX         ,6628000,36693000,-30065000,0,0,0,0,0,0,-59743000,60000,0,60000,470000,60273000,-59803000,-89808000
