證券代號,證券名稱,外陸資買進股數(不含外資自營商),外陸資賣出股數(不含外資自營商),外陸資買賣超股數(不含外資自營商),外資自營商買進股數,外資自營商賣出股數,外資自營商買賣超股數,投信買進股數,投信賣出股數,投信買賣超股數,自營商買賣超股數,自營商買進股數(自行買賣),自營商賣出股數(自行買賣),自營商買賣超股數(自行買賣),自營商買進股數(避險),自營商賣出股數(避險),自營商買賣超股數(避險),三大法人買賣超股數
2330,台積電          ,40571832,16610183,23961649,0,0,0,304000,279324,24676,-129000,366000,792000,-426000,512000,215000,297000,23857325
2303,聯電            ,21187000,6210000,14977000,0,0,0,5000,255000,-250000,-820000,375000,1235000,-860000,470000,430000,40000,13907000
00677U,富邦VIX         ,45766000,18915000,26851000,0,0,0,0,0,0,-14747000,400000,907000,-507000,12304000,26544000,-14240000,12104000
00653L,富邦印度正2     ,2936000,674000,2262000,0,0,0,0,0,0,9121707,0,0,0,9976000,854293,9121707,11383707
053564,台積電富邦99購01,0,0,0,0,0,0,0,0,0,9692000,0,0,0,9692000,0,9692000,9692000
3037,欣興            ,13772000,5851000,7921000,0,0,0,1480000,1310000,170000,-516000,51000,160000,-109000,60000,467000,-407000,7575000
3231,緯創            ,11919000,4401714,7517286,0,0,0,1000,28000,-27000,-334000,18000,270000,-252000,34000,116000,-82000,7156286
2317,鴻海            ,29385100,22590418,6794682,0,0,0,0,68000,-68000,280000,586000,193000,393000,132000,245000,-113000,7006682
2448,晶電            ,11664000,4612000,7052000,0,0,0,505000,0,505000,-667000,125000,792000,-667000,0,0,0,6890000
2368,金像電          ,7653000,5998000,1655000,0,0,0,4357000,466000,3891000,1290000,700000,202000,498000,969000,177000,792000,6836000
00876,元大未來關鍵科技,11000,107000,-96000,0,0,0,0,0,0,6860000,25000,2506000,-2481000,10790000,1449000,9341000,6764000
00861,元大全球未來通訊,3461000,3000,3458000,0,0,0,0,0,0,2144000,0,0,0,2650000,506000,2144000,5602000
5469,瀚宇博          ,4421000,798000,3623000,0,0,0,1500000,0,1500000,-120000,51000,33000,18000,47000,185000,-138000,5003000
0050,元大台灣50      ,3866900,21250,3845650,0,0,0,0,100000,-100000,1064000,490000,290000,200000,3697000,2833000,864000,4809650
3711,日月光投控      ,10399340,5401834,4997506,0,0,0,2000,79000,-77000,-286000,79000,340000,-261000,203000,228000,-25000,4634506
00636,國泰中國A50     ,754000,9000,745000,0,0,0,0,0,0,3297811,55000,20000,35000,3962811,700000,3262811,4042811
006205,富邦上証        ,1542000,561000,981000,0,0,0,0,0,0,2962022,400000,60000,340000,3726022,1104000,2622022,3943022
2892,第一金          ,8650692,4929538,3721154,0,0,0,0,53000,-53000,194000,250000,32000,218000,0,24000,-24000,3862154
2308,台達電          ,6450000,2962714,3487286,0,0,0,703000,28693,674307,-467000,254000,640000,-386000,10000,91000,-81000,3694593
3045,台灣大          ,4686280,880101,3806179,0,0,0,0,13560,-13560,-193000,40000,229000,-189000,0,4000,-4000,3599619
2332,友訊            ,5542000,2283000,3259000,0,0,0,0,0,0,286000,36000,42000,-6000,407000,115000,292000,3545000
2376,技嘉            ,3891000,2464000,1427000,0,0,0,1372000,0,1372000,548000,329000,176000,153000,465000,70000,395000,3347000
2449,京元電子        ,8673000,6694224,1978776,0,0,0,1001000,18000,983000,114000,507000,368000,139000,293000,318000,-25000,3075776
00646,元大S&P500      ,345000,28000,317000,0,0,0,0,0,0,2749000,100000,0,100000,2869000,220000,2649000,3066000
3706,神達            ,3701000,1539877,2161123,0,0,0,0,0,0,860000,120000,15000,105000,795000,40000,755000,3021123
2890,永豐金          ,9260000,6149773,3110227,0,0,0,0,54000,-54000,-130000,10000,114000,-104000,0,26000,-26000,2926227
03688C,T50反1凱基03牛02,0,0,0,0,0,0,0,0,0,2830000,0,0,0,3240000,410000,2830000,2830000
1101,台泥            ,9358000,6374802,2983198,0,0,0,0,24946,-24946,-139000,6000,46000,-40000,16000,115000,-99000,2819252
5471,松翰            ,3886000,1021000,2865000,0,0,0,0,0,0,-87000,6000,12000,-6000,8000,89000,-81000,2778000
4142,國光生          ,7328000,4913000,2415000,0,0,0,0,0,0,96000,100000,4000,96000,0,0,0,2511000
6257,矽格            ,3246000,664500,2581500,0,0,0,0,0,0,-248000,215000,370000,-155000,44000,137000,-93000,2333500
3545,敦泰            ,4330000,2102000,2228000,0,0,0,0,0,0,61000,0,6000,-6000,68000,1000,67000,2289000
0061,元大寶滬深      ,826000,35000,791000,0,0,0,0,0,0,1387000,215000,10000,205000,1238000,56000,1182000,2178000
3017,奇鋐            ,8502100,9643000,-1140900,0,0,0,489000,0,489000,2827000,2143000,117000,2026000,1242000,441000,801000,2175100
6443,元晶            ,2801000,2243000,558000,0,0,0,0,0,0,1600000,1600000,0,1600000,0,0,0,2158000
2324,仁寶            ,4742779,6016789,-1274010,0,0,0,3130000,22000,3108000,214000,401000,166000,235000,29000,50000,-21000,2047990
059095,訊芯元大99購01  ,0,0,0,0,0,0,0,0,0,2033000,0,0,0,2205000,172000,2033000,2033000
00850,元大臺灣ESG永續 ,0,3000,-3000,0,0,0,0,0,0,1846000,0,0,0,2542000,696000,1846000,1843000
3698,隆達            ,3707000,1254000,2453000,0,0,0,0,0,0,-612000,96000,661000,-565000,0,47000,-47000,1841000
2301,光寶科          ,4275000,2433998,1841002,0,0,0,0,9000,-9000,-20000,15000,29000,-14000,11000,17000,-6000,1812002
1904,正隆            ,2492000,896500,1595500,0,0,0,0,16000,-16000,207000,1000,103000,-102000,349000,40000,309000,1786500
056829,台積電富邦9A購01,10000,10000,0,0,0,0,0,0,0,1750000,0,0,0,2417000,667000,1750000,1750000
056955,台灣50永豐98購01,0,0,0,0,0,0,0,0,0,1680000,0,0,0,1680000,0,1680000,1680000
06696P,台灣50國票99售01,0,0,0,0,0,0,0,0,0,1671000,0,0,0,2244000,573000,1671000,1671000
8046,南電            ,4665000,1734000,2931000,0,0,0,45000,880000,-835000,-449000,230000,693000,-463000,106000,92000,14000,1647000
066694,深中小群益03購01,0,0,0,0,0,0,0,0,0,1642000,0,0,0,1767000,125000,1642000,1642000
046949,群創元大99購01  ,0,0,0,0,0,0,0,0,0,1588000,0,0,0,2295000,707000,1588000,1588000
3450,聯鈞            ,2743000,742000,2001000,0,0,0,0,120000,-120000,-311000,0,240000,-240000,61000,132000,-71000,1570000
00638R,元大滬深300反1  ,292000,0,292000,0,0,0,0,0,0,1277000,0,100000,-100000,1743000,366000,1377000,1569000
064503,日電貿元大9C購01,0,0,0,0,0,0,0,0,0,1545000,0,0,0,1552000,7000,1545000,1545000
00692,富邦公司治理    ,4000,4000,0,0,0,0,0,0,0,1524000,0,0,0,3143000,1619000,1524000,1524000
062533,嘉澤統一9C購01  ,0,0,0,0,0,0,0,0,0,1503000,0,0,0,1513000,10000,1503000,1503000
2382,廣達            ,4644000,2175178,2468822,0,0,0,1000,20000,-19000,-948000,428000,1345000,-917000,39000,70000,-31000,1501822
2458,義隆            ,6559000,4910050,1648950,0,0,0,124000,129000,-5000,-185000,135000,256000,-121000,36000,100000,-64000,1458950
3189,景碩            ,7083000,1679500,5403500,0,0,0,0,3593000,-3593000,-399000,60000,244000,-184000,24000,239000,-215000,1411500
053798,台積電中信98購02,0,0,0,0,0,0,0,0,0,1394000,0,0,0,1404000,10000,1394000,1394000
03650C,T50反1元大98牛05,0,0,0,0,0,0,0,0,0,1338000,0,0,0,1338000,0,1338000,1338000
00639,富邦深100       ,702000,176000,526000,0,0,0,0,0,0,804405,60000,60000,0,2051405,1247000,804405,1330405
065861,台汽電元大9C購01,0,0,0,0,0,0,0,0,0,1300000,0,0,0,1486000,186000,1300000,1300000
057839,台積電富邦9A購02,0,0,0,0,0,0,0,0,0,1298000,0,0,0,1762000,464000,1298000,1298000
065949,瑞昱統一01購06  ,0,0,0,0,0,0,0,0,0,1296000,0,0,0,1665000,369000,1296000,1296000
065344,瑞昱統一01購05  ,0,0,0,0,0,0,0,0,0,1291000,0,0,0,1376000,85000,1291000,1291000
064223,日電貿國票01購01,0,0,0,0,0,0,0,0,0,1274000,0,0,0,1412000,138000,1274000,1274000
5880,合庫金          ,7127000,5733220,1393780,0,0,0,0,51000,-51000,-75000,0,53000,-53000,0,22000,-22000,1267780
064625,健策元大01購02  ,0,0,0,0,0,0,0,0,0,1266000,0,0,0,1349000,83000,1266000,1266000
2347,聯強            ,2464000,1148731,1315269,0,0,0,1000,9000,-8000,-42000,2000,37000,-35000,10000,17000,-7000,1265269
1714,和桐            ,1863000,608000,1255000,0,0,0,0,0,0,0,0,0,0,0,0,0,1255000
2385,群光            ,2464000,1211403,1252597,0,0,0,1000,3000,-2000,-16000,23000,5000,18000,47000,81000,-34000,1234597
2615,萬海            ,497000,924899,-427899,0,0,0,1671000,4000,1667000,-6000,0,6000,-6000,0,0,0,1233101
00830,國泰費城半導體  ,1178000,4000,1174000,0,0,0,0,0,0,56000,0,0,0,731000,675000,56000,1230000
063501,旭富永豐9B購02  ,0,0,0,0,0,0,0,0,0,1230000,0,0,0,1309000,79000,1230000,1230000
07919P,創意永豐9B售01  ,0,0,0,0,0,0,0,0,0,1216000,0,0,0,1216000,0,1216000,1216000
054893,帆宣統一99購01  ,0,0,0,0,0,0,0,0,0,1212000,0,0,0,1618000,406000,1212000,1212000
057428,正崴兆豐98購01  ,0,0,0,0,0,0,0,0,0,1207000,0,0,0,1409000,202000,1207000,1207000
2377,微星            ,2986100,1196549,1789551,0,0,0,0,1154000,-1154000,566000,737000,62000,675000,43000,152000,-109000,1201551
057151,易華電國票99購01,0,0,0,0,0,0,0,0,0,1198000,0,0,0,1383000,185000,1198000,1198000
06286P,世芯國票97售02  ,0,0,0,0,0,0,0,0,0,1168000,0,0,0,1168000,0,1168000,1168000
3023,信邦            ,1230407,198982,1031425,0,0,0,0,3000,-3000,123000,12000,0,12000,115000,4000,111000,1151425
065312,日月光國票01購01,0,0,0,0,0,0,0,0,0,1138000,0,0,0,1555000,417000,1138000,1138000
064188,玉晶光永豐9C購02,0,0,0,0,0,0,0,0,0,1136000,0,0,0,1221000,85000,1136000,1136000
062226,臻鼎統一9B購01  ,0,0,0,0,0,0,0,0,0,1134000,0,0,0,1155000,21000,1134000,1134000
062012,燿華富邦9C購01  ,0,0,0,0,0,0,0,0,0,1101000,0,0,0,1179000,78000,1101000,1101000
2614,東森            ,1629000,551000,1078000,0,0,0,0,0,0,-1000,0,2000,-2000,1000,0,1000,1077000
063250,同欣電元大9B購03,0,0,0,0,0,0,0,0,0,1076000,0,0,0,1081000,5000,1076000,1076000
063027,台汽電元大9B購01,0,0,0,0,0,0,0,0,0,1067000,0,0,0,1149000,82000,1067000,1067000
063817,GIS群益9C購01   ,0,0,0,0,0,0,0,0,0,1035000,0,0,0,1036000,1000,1035000,1035000
066249,生達元大01購01  ,0,0,0,0,0,0,0,0,0,1028000,0,0,0,1266000,238000,1028000,1028000
1598,岱宇            ,1973000,1276000,697000,0,0,0,273000,0,273000,49000,97000,48000,49000,0,0,0,1019000
057631,康控永豐98購02  ,0,0,0,0,0,0,0,0,0,1000000,0,0,0,1000000,0,1000000,1000000
07307P,上証2X凱基9A售02,0,0,0,0,0,0,0,0,0,998000,0,0,0,998000,0,998000,998000
03683C,T50反1元大9C牛04,0,0,0,0,0,0,0,0,0,995000,0,0,0,1800000,805000,995000,995000
064699,臻鼎群益9C購01  ,0,0,0,0,0,0,0,0,0,990000,0,0,0,1012000,22000,990000,990000
08538P,聯發科國票01售01,0,0,0,0,0,0,0,0,0,975000,0,0,0,1068000,93000,975000,975000
057394,台積電中信9C購02,0,0,0,0,0,0,0,0,0,975000,0,0,0,1186000,211000,975000,975000
063788,矽創統一02購01  ,0,0,0,0,0,0,0,0,0,973000,0,0,0,1087000,114000,973000,973000
054827,宏全元大9A購01  ,0,0,0,0,0,0,0,0,0,968000,0,0,0,1204000,236000,968000,968000
07976P,聯發科群益9C售02,0,0,0,0,0,0,0,0,0,952000,0,0,0,1052000,100000,952000,952000
064684,巨大兆豐9C購01  ,0,0,0,0,0,0,0,0,0,952000,0,0,0,1055000,103000,952000,952000
061285,大立光統一9A購04,0,0,0,0,0,0,0,0,0,948000,0,0,0,998000,50000,948000,948000
056892,旺宏元大9A購02  ,0,0,0,0,0,0,0,0,0,938000,0,0,0,1108000,170000,938000,938000
062214,金寶統一01購01  ,0,0,0,0,0,0,0,0,0,935000,0,0,0,941000,6000,935000,935000
061543,南亞科群益9A購01,0,0,0,0,0,0,0,0,0,928000,0,0,0,938000,10000,928000,928000
00783,富邦中証500     ,570000,0,570000,0,0,0,0,0,0,355241,0,0,0,2672241,2317000,355241,925241
2393,億光            ,1596000,753000,843000,0,0,0,0,0,0,78000,10000,12000,-2000,96000,16000,80000,921000
066281,眾達元大02購01  ,0,0,0,0,0,0,0,0,0,914000,0,0,0,1115000,201000,914000,914000
064513,T50反1群益9C購01,0,0,0,0,0,0,0,0,0,905000,0,0,0,920000,15000,905000,905000
062207,牧德國票9B購02  ,0,0,0,0,0,0,0,0,0,901000,0,0,0,943000,42000,901000,901000
057059,易華電元大99購01,0,0,0,0,0,0,0,0,0,898000,0,0,0,914000,16000,898000,898000
063900,GIS群益9C購03   ,0,0,0,0,0,0,0,0,0,892000,0,0,0,900000,8000,892000,892000
00670L,富邦NASDAQ正2   ,321000,16000,305000,0,0,0,0,0,0,586000,0,0,0,652000,66000,586000,891000
063553,同欣電國票9B購03,0,0,0,0,0,0,0,0,0,887000,0,0,0,907000,20000,887000,887000
057671,群創元大9B購06  ,0,0,0,0,0,0,0,0,0,869000,0,0,0,893000,24000,869000,869000
065782,健策富邦01購02  ,0,0,0,0,0,0,0,0,0,864000,0,0,0,1383000,519000,864000,864000
6416,瑞祺電通        ,1206000,285000,921000,0,0,0,106000,0,106000,-163000,82000,244000,-162000,28000,29000,-1000,864000
057393,台積電中信02購01,0,0,0,0,0,0,0,0,0,860000,0,0,0,1533000,673000,860000,860000
00631L,元大台灣50正2   ,47000,27000,20000,0,0,0,0,0,0,818000,54000,0,54000,2816000,2052000,764000,838000
062980,康控元富9B購01  ,0,0,0,0,0,0,0,0,0,836000,0,0,0,1375000,539000,836000,836000
060028,國揚永豐99購01  ,0,0,0,0,0,0,0,0,0,832000,0,0,0,958000,126000,832000,832000
064000,台郡兆豐9C購01  ,0,0,0,0,0,0,0,0,0,826000,0,0,0,851000,25000,826000,826000
065815,微星元富9C購01  ,0,0,0,0,0,0,0,0,0,817000,0,0,0,817000,0,817000,817000
066218,美利達統一03購02,0,0,0,0,0,0,0,0,0,813000,0,0,0,941000,128000,813000,813000
07889P,旭富國票9B售01  ,0,0,0,0,0,0,0,0,0,812000,0,0,0,1394000,582000,812000,812000
063431,神隆元富9B購01  ,0,0,0,0,0,0,0,0,0,801000,0,0,0,938000,137000,801000,801000
063680,寶成富邦9C購01  ,0,0,0,0,0,0,0,0,0,798000,0,0,0,863000,65000,798000,798000
062884,康控兆豐9C購01  ,0,0,0,0,0,0,0,0,0,795000,0,0,0,795000,0,795000,795000
066542,臺指反元大04購02,0,0,0,0,0,0,0,0,0,789000,0,0,0,796000,7000,789000,789000
063922,大立光元富9C購04,0,0,0,0,0,0,0,0,0,787000,0,0,0,883000,96000,787000,787000
066246,中化元大01購01  ,0,0,0,0,0,0,0,0,0,786000,0,0,0,929000,143000,786000,786000
062203,燿華國票9C購01  ,0,0,0,0,0,0,0,0,0,782000,0,0,0,782000,0,782000,782000
063976,正崴兆豐9C購01  ,0,0,0,0,0,0,0,0,0,782000,0,0,0,826000,44000,782000,782000
063145,台表科統一02購01,0,0,0,0,0,0,0,0,0,773000,0,0,0,982000,209000,773000,773000
065451,台表科統一02購04,0,0,0,0,0,0,0,0,0,770000,0,0,0,871000,101000,770000,770000
3029,零壹            ,1077000,295000,782000,0,0,0,0,0,0,-15000,20000,35000,-15000,0,0,0,767000
059123,訊芯永豐99購03  ,0,0,0,0,0,0,0,0,0,766000,0,0,0,821000,55000,766000,766000
2412,中華電          ,2262560,1435839,826721,0,0,0,0,30453,-30453,-36000,0,24000,-24000,0,12000,-12000,760268
064452,微星統一01購02  ,0,0,0,0,0,0,0,0,0,749000,0,0,0,877000,128000,749000,749000
062215,華通統一9B購01  ,0,0,0,0,0,0,0,0,0,747000,0,0,0,829000,82000,747000,747000
3443,創意            ,1680000,834500,845500,0,0,0,107000,7000,100000,-201000,99000,226000,-127000,33000,107000,-74000,744500
065299,燿華元富9C購02  ,0,0,0,0,0,0,0,0,0,735000,0,0,0,755000,20000,735000,735000
066284,松翰元大01購01  ,0,0,0,0,0,0,0,0,0,734000,0,0,0,834000,100000,734000,734000
064165,同欣電統一01購01,0,0,0,0,0,0,0,0,0,734000,0,0,0,794000,60000,734000,734000
066346,眾達永豐01購01  ,0,0,0,0,0,0,0,0,0,733000,0,0,0,1039000,306000,733000,733000
066280,眾達元大01購01  ,0,0,0,0,0,0,0,0,0,733000,0,0,0,889000,156000,733000,733000
066026,泰碩群益03購01  ,0,0,0,0,0,0,0,0,0,731000,0,0,0,791000,60000,731000,731000
058927,勤誠元富99購02  ,0,0,0,0,0,0,0,0,0,730000,0,0,0,730000,0,730000,730000
056277,上銀富邦99購02  ,0,0,0,0,0,0,0,0,0,729000,0,0,0,754000,25000,729000,729000
065013,矽創國泰02購01  ,0,0,0,0,0,0,0,0,0,727000,0,0,0,976000,249000,727000,727000
061188,大成鋼富邦9B購01,15000,0,15000,0,0,0,0,0,0,702000,0,0,0,800000,98000,702000,717000
061957,上銀統一01購01  ,0,0,0,0,0,0,0,0,0,709000,0,0,0,743000,34000,709000,709000
065586,嘉聯益富邦03購01,0,0,0,0,0,0,0,0,0,702000,0,0,0,713000,11000,702000,702000
066023,燿華群益01購02  ,0,0,0,0,0,0,0,0,0,700000,0,0,0,700000,0,700000,700000
063400,華擎群益9B購03  ,0,0,0,0,0,0,0,0,0,699000,0,0,0,699000,0,699000,699000
00752,中信中國50      ,14100,7000,7100,0,0,0,0,0,0,680000,0,0,0,1385000,705000,680000,687100
066484,瑞昱元富07購01  ,0,0,0,0,0,0,0,0,0,686000,0,0,0,688000,2000,686000,686000
00665L,富邦恒生國企正2 ,26000,72000,-46000,0,0,0,0,0,0,731000,0,0,0,952000,221000,731000,685000
3042,晶技            ,2463000,1851500,611500,0,0,0,934000,364000,570000,-499000,68000,434000,-366000,25000,158000,-133000,682500
058926,勤誠元富99購01  ,0,0,0,0,0,0,0,0,0,673000,0,0,0,1068000,395000,673000,673000
059580,大立光元富99購07,0,0,0,0,0,0,0,0,0,670000,0,0,0,743000,73000,670000,670000
061972,華新元大9B購01  ,0,0,0,0,0,0,0,0,0,667000,0,0,0,792000,125000,667000,667000
061131,崇越永豐9A購01  ,0,0,0,0,0,0,0,0,0,666000,0,0,0,738000,72000,666000,666000
059093,旭富元大99購01  ,0,0,0,0,0,0,0,0,0,659000,0,0,0,1173000,514000,659000,659000
065254,大成鋼元大9C購01,0,0,0,0,0,0,0,0,0,659000,0,0,0,782000,123000,659000,659000
08225P,臺股指凱基9B售20,0,0,0,0,0,0,0,0,0,658000,0,0,0,701000,43000,658000,658000
2441,超豐            ,922000,261260,660740,0,0,0,0,1000,-1000,-3000,0,3000,-3000,0,0,0,656740
8081,致新            ,945000,242000,703000,0,0,0,0,0,0,-47000,1000,7000,-6000,9000,50000,-41000,656000
6196,帆宣            ,2049314,1744000,305314,0,0,0,400000,0,400000,-50000,45000,1000,44000,83000,177000,-94000,655314
063548,同欣電兆豐9B購01,0,0,0,0,0,0,0,0,0,655000,0,0,0,827000,172000,655000,655000
6456,GIS-KY          ,1252000,350500,901500,0,0,0,24000,50000,-26000,-230000,1000,80000,-79000,11000,162000,-151000,645500
058054,台積電統一9C購01,0,0,0,0,0,0,0,0,0,644000,0,0,0,940000,296000,644000,644000
4934,太極            ,1066000,422000,644000,0,0,0,0,0,0,0,0,0,0,0,0,0,644000
06028P,智邦台新97售01  ,0,0,0,0,0,0,0,0,0,643000,0,0,0,643000,0,643000,643000
064926,臻鼎統一02購01  ,0,0,0,0,0,0,0,0,0,641000,0,0,0,823000,182000,641000,641000
056187,京鼎統一97購01  ,0,0,0,0,0,0,0,0,0,637000,0,0,0,911000,274000,637000,637000
062341,台表科麥證9C購01,0,0,0,636000,0,636000,0,0,0,636000,0,0,0,636000,0,636000,636000
1589,永冠-KY         ,1004000,678000,326000,0,0,0,213000,0,213000,95000,183000,88000,95000,0,0,0,634000
066118,台郡兆豐01購01  ,0,0,0,0,0,0,0,0,0,631000,0,0,0,641000,10000,631000,631000
08744P,臺股指凱基02售05,0,0,0,0,0,0,0,0,0,631000,0,0,0,877000,246000,631000,631000
063277,大成鋼元大9B購03,0,0,0,0,0,0,0,0,0,625000,0,0,0,746000,121000,625000,625000
00875,國泰網路資安    ,1000,1000,0,0,0,0,0,0,0,621000,0,0,0,1126000,505000,621000,621000
3533,嘉澤            ,1367000,814500,552500,0,0,0,84000,15000,69000,-1000,47000,66000,-19000,67000,49000,18000,620500
9919,康那香          ,2737000,2121000,616000,0,0,0,0,0,0,-1000,6000,7000,-1000,0,0,0,615000
060862,美律永豐9A購01  ,0,0,0,0,0,0,0,0,0,612000,0,0,0,632000,20000,612000,612000
066247,中化元大01購02  ,0,0,0,0,0,0,0,0,0,609000,0,0,0,694000,85000,609000,609000
00701,國泰股利精選30  ,73000,15000,58000,0,0,0,0,0,0,551000,0,0,0,966000,415000,551000,609000
064465,台表科統一01購02,0,0,0,0,0,0,0,0,0,609000,0,0,0,653000,44000,609000,609000
058405,訊連元大99購02  ,0,0,0,0,0,0,0,0,0,608000,0,0,0,608000,0,608000,608000
5215,科嘉-KY         ,1079000,441000,638000,0,0,0,0,83000,-83000,53000,61000,8000,53000,0,0,0,608000
066428,健策元大02購02  ,0,0,0,0,0,0,0,0,0,607000,0,0,0,1042000,435000,607000,607000
053563,台積電富邦97購01,0,0,0,0,0,0,0,0,0,607000,0,0,0,607000,0,607000,607000
063532,GIS凱基9B購03   ,0,0,0,0,0,0,0,0,0,606000,0,0,0,606000,0,606000,606000
066493,美利達元富01購01,0,0,0,0,0,0,0,0,0,601000,0,0,0,608000,7000,601000,601000
065132,臻鼎兆豐01購01  ,0,0,0,0,0,0,0,0,0,600000,0,0,0,648000,48000,600000,600000
064933,矽創統一01購01  ,0,0,0,0,0,0,0,0,0,599000,0,0,0,614000,15000,599000,599000
064071,台郡永豐9C購01  ,0,0,0,0,0,0,0,0,0,593000,0,0,0,616000,23000,593000,593000
064145,宏碁統一02購01  ,0,0,0,0,0,0,0,0,0,591000,0,0,0,626000,35000,591000,591000
064940,智伸科元富9C購01,0,0,0,0,0,0,0,0,0,590000,0,0,0,610000,20000,590000,590000
065300,燿華元富9C購03  ,0,0,0,0,0,0,0,0,0,590000,0,0,0,590000,0,590000,590000
065943,台表科元富01購01,0,0,0,0,0,0,0,0,0,588000,0,0,0,588000,0,588000,588000
065755,日電貿元大9C購02,0,0,0,0,0,0,0,0,0,584000,0,0,0,586000,2000,584000,584000
066472,美利達統一02購01,0,0,0,0,0,0,0,0,0,578000,0,0,0,808000,230000,578000,578000
057453,矽創元富98購01  ,0,0,0,0,0,0,0,0,0,572000,0,0,0,575000,3000,572000,572000
065454,神隆元富9C購01  ,0,0,0,0,0,0,0,0,0,571000,0,0,0,729000,158000,571000,571000
1720,生達            ,1369000,712000,657000,0,0,0,0,0,0,-88000,8000,8000,0,39000,127000,-88000,569000
057377,康控元大99購02  ,0,0,0,0,0,0,0,0,0,567000,0,0,0,938000,371000,567000,567000
07820P,臺股指國票9A售11,0,0,0,0,0,0,0,0,0,565000,0,0,0,565000,0,565000,565000
058807,和大統一9B購01  ,0,0,0,0,0,0,0,0,0,565000,0,0,0,1102000,537000,565000,565000
061866,力山元大9C購01  ,0,0,0,0,0,0,0,0,0,564000,0,0,0,579000,15000,564000,564000
2354,鴻準            ,814818,281002,533816,0,0,0,0,4702,-4702,33000,46000,13000,33000,0,0,0,562114
063809,矽創兆豐01購01  ,0,0,0,0,0,0,0,0,0,562000,0,0,0,565000,3000,562000,562000
2387,精元            ,1689000,1062000,627000,0,0,0,0,0,0,-70000,0,60000,-60000,23000,33000,-10000,557000
064148,瑞昱統一02購01  ,0,0,0,0,0,0,0,0,0,555000,0,0,0,615000,60000,555000,555000
064235,美律統一9C購02  ,0,0,0,0,0,0,0,0,0,551000,0,0,0,601000,50000,551000,551000
05830P,滬深2X元富99售03,0,0,0,0,0,0,0,0,0,550000,0,0,0,999000,449000,550000,550000
055150,台積電元大98購04,0,0,0,0,0,0,0,0,0,550000,0,0,0,550000,0,550000,550000
6582,申豐            ,742000,361000,381000,0,0,0,163000,0,163000,3000,20000,8000,12000,14000,23000,-9000,547000
062775,大成鋼元大9B購02,0,0,0,0,0,0,0,0,0,537000,0,0,0,617000,80000,537000,537000
057555,玉晶光凱基9A購02,0,0,0,0,0,0,0,0,0,536000,0,0,0,836000,300000,536000,536000
065450,同欣電統一01購03,0,0,0,0,0,0,0,0,0,535000,0,0,0,620000,85000,535000,535000
063881,嘉晶元富9C購01  ,0,0,0,0,0,0,0,0,0,534000,0,0,0,672000,138000,534000,534000
062032,崇越群益9B購01  ,0,0,0,0,0,0,0,0,0,529000,0,0,0,534000,5000,529000,529000
055871,群創台新97購02  ,0,0,0,0,0,0,0,0,0,527000,0,0,0,527000,0,527000,527000
063876,華新元富9C購01  ,0,0,0,0,0,0,0,0,0,526000,0,0,0,634000,108000,526000,526000
062953,大立光永豐9B購01,0,0,0,0,0,0,0,0,0,520000,0,0,0,582000,62000,520000,520000
064171,燿華元富9C購01  ,0,0,0,0,0,0,0,0,0,520000,0,0,0,520000,0,520000,520000
07102P,南電元大99售03  ,0,0,0,0,0,0,0,0,0,519000,0,0,0,529000,10000,519000,519000
06608P,立積群益99售02  ,0,0,0,0,0,0,0,0,0,519000,0,0,0,549000,30000,519000,519000
066313,泰豐永豐01購01  ,0,0,0,0,0,0,0,0,0,518000,0,0,0,614000,96000,518000,518000
060434,台汽電永豐9A購01,0,0,0,0,0,0,0,0,0,518000,0,0,0,519000,1000,518000,518000
3588,通嘉            ,1427000,912000,515000,0,0,0,0,0,0,0,1000,1000,0,0,0,0,515000
062722,京元電凱基9B購02,0,0,0,0,0,0,0,0,0,514000,0,0,0,585000,71000,514000,514000
052863,友達凱基98購02  ,0,0,0,0,0,0,0,0,0,513000,0,0,0,535000,22000,513000,513000
064221,華通國票01購01  ,0,0,0,0,0,0,0,0,0,512000,0,0,0,668000,156000,512000,512000
064445,聚陽統一02購01  ,0,0,0,0,0,0,0,0,0,511000,0,0,0,559000,48000,511000,511000
066468,申豐統一02購01  ,0,0,0,0,0,0,0,0,0,508000,0,0,0,720000,212000,508000,508000
062491,矽創永豐9B購01  ,0,0,0,0,0,0,0,0,0,504000,0,0,0,530000,26000,504000,504000
062295,康友永豐9B購01  ,0,0,0,0,0,0,0,0,0,503000,0,0,0,578000,75000,503000,503000
065843,瑞昱元大9C購03  ,0,0,0,0,0,0,0,0,0,502000,0,0,0,691000,189000,502000,502000
063384,巨大永豐9B購04  ,0,0,0,0,0,0,0,0,0,501000,0,0,0,507000,6000,501000,501000
065806,貿聯群益9C購05  ,0,0,0,0,0,0,0,0,0,500000,0,0,0,500000,0,500000,500000
06653P,美食元大98售02  ,0,0,0,0,0,0,0,0,0,500000,0,0,0,590000,90000,500000,500000
054113,奇力新台新97購01,0,0,0,0,0,0,0,0,0,499000,0,0,0,499000,0,499000,499000
060772,FBVIX凱基9A購03 ,0,0,0,0,0,0,0,0,0,499000,0,0,0,499000,0,499000,499000
062493,元金反中信9B購01,0,0,0,0,0,0,0,0,0,499000,0,0,0,499000,0,499000,499000
066448,眾達群益01購01  ,0,0,0,0,0,0,0,0,0,498000,0,0,0,662000,164000,498000,498000
062681,全新統一01購01  ,0,0,0,0,0,0,0,0,0,498000,0,0,0,553000,55000,498000,498000
062797,瑞昱統一9B購01  ,0,0,0,0,0,0,0,0,0,497000,0,0,0,503000,6000,497000,497000
064531,旭富兆豐9C購01  ,0,0,0,0,0,0,0,0,0,497000,0,0,0,1570000,1073000,497000,497000
08068P,宏達電國泰9C售01,0,0,0,0,0,0,0,0,0,495000,0,0,0,612000,117000,495000,495000
062126,創意統一9B購01  ,0,0,0,0,0,0,0,0,0,493000,0,0,0,514000,21000,493000,493000
066308,中化永豐01購01  ,0,0,0,0,0,0,0,0,0,492000,0,0,0,507000,15000,492000,492000
057740,茂林富邦9A購01  ,0,0,0,0,0,0,0,0,0,491000,0,0,0,514000,23000,491000,491000
07347P,上証2X凱基99售02,0,0,0,0,0,0,0,0,0,489000,0,0,0,499000,10000,489000,489000
058327,大毅統一9B購01  ,0,0,0,0,0,0,0,0,0,489000,0,0,0,655000,166000,489000,489000
062407,同欣電永豐9B購01,0,0,0,0,0,0,0,0,0,489000,0,0,0,489000,0,489000,489000
061970,大立光統一9C購03,0,0,0,0,0,0,0,0,0,489000,0,0,0,539000,50000,489000,489000
047564,滬深2X國票99購01,0,0,0,0,0,0,0,0,0,488000,0,0,0,1081000,593000,488000,488000
062292,旭富永豐9B購01  ,0,0,0,0,0,0,0,0,0,484000,0,0,0,546000,62000,484000,484000
053866,景碩元大97購02  ,0,0,0,0,0,0,0,0,0,481000,0,0,0,511000,30000,481000,481000
053323,群創群益98購07  ,0,0,0,0,0,0,0,0,0,480000,0,0,0,480000,0,480000,480000
057536,康控元大99購03  ,0,0,0,0,0,0,0,0,0,480000,0,0,0,618000,138000,480000,480000
08627P,臺股指群益9C售22,0,0,0,0,0,0,0,0,0,478000,0,0,0,674000,196000,478000,478000
065895,台勝科統一02購01,0,0,0,0,0,0,0,0,0,477000,0,0,0,579000,102000,477000,477000
2636,台驊投控        ,884000,272000,612000,0,0,0,0,135000,-135000,0,0,0,0,0,0,0,477000
059187,國巨富邦9B購02  ,0,0,0,0,0,0,0,0,0,475000,0,0,0,500000,25000,475000,475000
064334,可成元大01購01  ,0,0,0,0,0,0,0,0,0,475000,0,0,0,511000,36000,475000,475000
08270P,鴻海富邦9C售02  ,0,0,0,0,0,0,0,0,0,474000,0,0,0,474000,0,474000,474000
061186,牧德國泰9C購01  ,0,0,0,0,0,0,0,0,0,474000,0,0,0,1265000,791000,474000,474000
058735,南茂永豐99購01  ,0,0,0,0,0,0,0,0,0,474000,0,0,0,494000,20000,474000,474000
6533,晶心科          ,656000,194000,462000,0,0,0,0,0,0,12000,12000,0,12000,0,0,0,474000
065606,可成元大01購05  ,0,26000,-26000,0,0,0,0,0,0,498000,0,0,0,682000,184000,498000,472000
066105,松翰國票01購01  ,0,0,0,0,0,0,0,0,0,470000,0,0,0,470000,0,470000,470000
066492,台郡元富01購01  ,0,0,0,0,0,0,0,0,0,469000,0,0,0,469000,0,469000,469000
054429,中石化台新97購01,0,0,0,0,0,0,0,0,0,469000,0,0,0,469000,0,469000,469000
058145,聯茂元大99購03  ,0,0,0,0,0,0,0,0,0,464000,0,0,0,469000,5000,464000,464000
00739,元大MSCI A股    ,22000,31000,-9000,0,0,0,0,0,0,472000,0,0,0,1117000,645000,472000,463000
066412,神隆元大01購01  ,0,0,0,0,0,0,0,0,0,462000,0,0,0,509000,47000,462000,462000
062822,力成兆豐9B購01  ,0,0,0,0,0,0,0,0,0,462000,0,0,0,861000,399000,462000,462000
066036,神隆元大02購01  ,0,0,0,0,0,0,0,0,0,461000,0,0,0,485000,24000,461000,461000
063542,泰鼎元富9B購02  ,0,0,0,0,0,0,0,0,0,458000,0,0,0,458000,0,458000,458000
063675,亞德客國泰01購01,0,0,0,0,0,0,0,0,0,455000,0,0,0,625000,170000,455000,455000
063818,矽創群益9C購01  ,0,0,0,0,0,0,0,0,0,455000,0,0,0,474000,19000,455000,455000
08313P,健策國票01售01  ,0,0,0,0,0,0,0,0,0,452000,0,0,0,563000,111000,452000,452000
053860,台積電元大98購03,0,0,0,0,0,0,0,0,0,452000,0,0,0,452000,0,452000,452000
2359,所羅門          ,563000,109000,454000,0,0,0,0,0,0,-3000,0,3000,-3000,0,0,0,451000
066114,瑞昱兆豐02購01  ,0,0,0,0,0,0,0,0,0,450000,0,0,0,503000,53000,450000,450000
066347,鎧勝永豐01購01  ,0,0,0,0,0,0,0,0,0,450000,0,0,0,665000,215000,450000,450000
08064P,上証2X凱基9C售02,0,0,0,0,0,0,0,0,0,448000,0,0,0,448000,0,448000,448000
1513,中興電          ,760000,350000,410000,0,0,0,0,0,0,38000,27000,34000,-7000,68000,23000,45000,448000
058443,T50正2富邦01購01,0,0,0,0,0,0,0,0,0,446000,0,0,0,454000,8000,446000,446000
060487,盛群富邦9B購01  ,0,0,0,0,0,0,0,0,0,446000,0,0,0,486000,40000,446000,446000
055205,京鼎中信99購01  ,0,0,0,0,0,0,0,0,0,445000,0,0,0,775000,330000,445000,445000
065478,緯創元大9C購03  ,0,0,0,0,0,0,0,0,0,445000,0,0,0,621000,176000,445000,445000
064809,冠德元大9C購01  ,0,0,0,0,0,0,0,0,0,445000,0,0,0,630000,185000,445000,445000
063372,漢翔永豐9B購01  ,0,0,0,0,0,0,0,0,0,444000,0,0,0,444000,0,444000,444000
059040,訊芯群益99購03  ,0,0,0,0,0,0,0,0,0,443000,0,0,0,620000,177000,443000,443000
061669,崇越中信9A購01  ,0,0,0,0,0,0,0,0,0,442000,0,0,0,522000,80000,442000,442000
066483,瑞昱元富01購01  ,0,0,0,0,0,0,0,0,0,440000,0,0,0,440000,0,440000,440000
057490,可成元大98購10  ,0,0,0,0,0,0,0,0,0,440000,0,0,0,440000,0,440000,440000
3376,新日興          ,675000,382500,292500,0,0,0,38000,0,38000,108000,113000,26000,87000,80000,59000,21000,438500
065653,同欣電元大03購01,0,0,0,0,0,0,0,0,0,438000,0,0,0,711000,273000,438000,438000
066453,嘉基群益01購01  ,0,0,0,0,0,0,0,0,0,436000,0,0,0,450000,14000,436000,436000
6288,聯嘉            ,648000,220000,428000,0,0,0,0,0,0,6000,17000,11000,6000,0,0,0,434000
066170,聯陽凱基01購01  ,0,0,0,0,0,0,0,0,0,433000,0,0,0,587000,154000,433000,433000
08147P,聯發科群益9B售10,0,0,0,0,0,0,0,0,0,432000,0,0,0,463000,31000,432000,432000
064456,禾伸堂統一01購01,0,0,0,0,0,0,0,0,0,431000,0,0,0,569000,138000,431000,431000
08348P,貿聯元大9C售01  ,0,0,0,0,0,0,0,0,0,430000,0,0,0,430000,0,430000,430000
055653,聯詠元富01購02  ,0,0,0,0,0,0,0,0,0,430000,0,0,0,543000,113000,430000,430000
065018,台達電富邦03購01,0,0,0,0,0,0,0,0,0,430000,0,0,0,552000,122000,430000,430000
053630,奇鋐兆豐97購01  ,0,0,0,0,0,0,0,0,0,429000,0,0,0,429000,0,429000,429000
00655L,國泰中國A50正2  ,280000,88000,192000,0,0,0,0,0,0,236000,0,0,0,3436000,3200000,236000,428000
064469,臻鼎元富9C購01  ,0,0,0,0,0,0,0,0,0,426000,0,0,0,630000,204000,426000,426000
066183,眾達凱基01購01  ,0,0,0,0,0,0,0,0,0,425000,0,0,0,569000,144000,425000,425000
061903,宏全永豐9B購01  ,0,0,0,0,0,0,0,0,0,425000,0,0,0,425000,0,425000,425000
065791,牧德永豐9C購03  ,0,0,0,0,0,0,0,0,0,424000,0,0,0,474000,50000,424000,424000
061986,晶豪科元大9B購01,0,0,0,0,0,0,0,0,0,422000,0,0,0,696000,274000,422000,422000
066016,台表科元富01購02,0,0,0,0,0,0,0,0,0,421000,0,0,0,421000,0,421000,421000
08106P,聯發科統一9B售09,0,0,0,0,0,0,0,0,0,421000,0,0,0,421000,0,421000,421000
058832,立積永豐99購01  ,0,0,0,0,0,0,0,0,0,421000,0,0,0,531000,110000,421000,421000
062476,神隆國票9B購01  ,0,0,0,0,0,0,0,0,0,421000,0,0,0,574000,153000,421000,421000
06689P,鴻海中信9C售02  ,0,0,0,0,0,0,0,0,0,420000,0,0,0,420000,0,420000,420000
061823,勤誠群益9B購01  ,0,0,0,0,0,0,0,0,0,420000,0,0,0,538000,118000,420000,420000
061892,亞德客永豐9B購01,0,0,0,0,0,0,0,0,0,420000,0,0,0,430000,10000,420000,420000
056492,全新國泰9A購01  ,0,0,0,0,0,0,0,0,0,419000,0,0,0,449000,30000,419000,419000
061081,宏碁兆豐9A購01  ,0,0,0,0,0,0,0,0,0,418000,0,0,0,564000,146000,418000,418000
066450,松翰群益01購01  ,0,0,0,0,0,0,0,0,0,416000,0,0,0,463000,47000,416000,416000
064820,裕隆統一9C購01  ,0,0,0,0,0,0,0,0,0,416000,0,0,0,416000,0,416000,416000
065252,玉晶光永豐9C購08,0,0,0,0,0,0,0,0,0,416000,0,0,0,453000,37000,416000,416000
054072,台積電富邦98購02,0,0,0,0,0,0,0,0,0,415000,0,0,0,435000,20000,415000,415000
5264,鎧勝-KY         ,6792000,6084000,708000,0,0,0,248000,711000,-463000,170000,106000,99000,7000,439000,276000,163000,415000
066358,美利達永豐01購01,0,0,0,0,0,0,0,0,0,413000,0,0,0,452000,39000,413000,413000
08336P,聯發科中信9C售05,0,0,0,0,0,0,0,0,0,410000,0,0,0,410000,0,410000,410000
062680,微星統一01購01  ,0,0,0,0,0,0,0,0,0,410000,0,0,0,797000,387000,410000,410000
06054P,臺股指中信9A售01,0,0,0,0,0,0,0,0,0,409000,0,0,0,543000,134000,409000,409000
066272,聯陽元大01購01  ,1000,0,1000,0,0,0,0,0,0,407000,0,0,0,649000,242000,407000,408000
052847,漢唐統一99購01  ,0,0,0,0,0,0,0,0,0,407000,0,0,0,407000,0,407000,407000
065942,燿華元富01購01  ,0,0,0,0,0,0,0,0,0,406000,0,0,0,406000,0,406000,406000
07011P,宏達電凱基99售02,0,0,0,0,0,0,0,0,0,405000,0,0,0,441000,36000,405000,405000
07777P,創意元大9A售03  ,0,0,0,0,0,0,0,0,0,405000,0,0,0,1128000,723000,405000,405000
060611,同欣電凱基9A購02,0,0,0,0,0,0,0,0,0,403000,0,0,0,446000,43000,403000,403000
060315,易華電永豐9A購01,0,0,0,0,0,0,0,0,0,403000,0,0,0,451000,48000,403000,403000
6414,樺漢            ,706020,346000,360020,0,0,0,0,50000,-50000,92000,167000,93000,74000,42000,24000,18000,402020
064101,可成群益01購01  ,0,0,0,0,0,0,0,0,0,401000,0,0,0,412000,11000,401000,401000
050400,臻鼎中信97購01  ,0,0,0,0,0,0,0,0,0,400000,0,0,0,400000,0,400000,400000
065572,泰碩群益01購01  ,0,0,0,0,0,0,0,0,0,400000,0,0,0,430000,30000,400000,400000
3035,智原            ,1594000,989000,605000,0,0,0,0,0,0,-205000,0,144000,-144000,22000,83000,-61000,400000
08361P,玉晶光永豐9C售04,0,0,0,0,0,0,0,0,0,399000,0,0,0,399000,0,399000,399000
060773,FBVIX凱基9A購04 ,0,0,0,0,0,0,0,0,0,399000,0,0,0,499000,100000,399000,399000
063926,南亞科統一03購01,0,0,0,0,0,0,0,0,0,398000,0,0,0,432000,34000,398000,398000
4961,天鈺            ,571000,173000,398000,0,0,0,0,0,0,0,0,0,0,0,0,0,398000
055890,鴻海統一99購01  ,0,0,0,0,0,0,0,0,0,396000,0,0,0,396000,0,396000,396000
062706,大立光元大9B購06,0,0,0,0,0,0,0,0,0,396000,0,0,0,444000,48000,396000,396000
065714,矽創群益9C購02  ,0,0,0,0,0,0,0,0,0,395000,0,0,0,400000,5000,395000,395000
066224,眾達國泰03購01  ,0,0,0,0,0,0,0,0,0,395000,0,0,0,493000,98000,395000,395000
056417,欣興中信98購01  ,0,0,0,0,0,0,0,0,0,395000,0,0,0,415000,20000,395000,395000
08494P,世芯元大9C售02  ,0,0,0,0,0,0,0,0,0,394000,0,0,0,527000,133000,394000,394000
062807,和碩統一9B購01  ,0,0,0,0,0,0,0,0,0,394000,0,0,0,431000,37000,394000,394000
3669,圓展            ,1611000,1346000,265000,0,0,0,0,0,0,129000,150000,21000,129000,0,0,0,394000
2467,志聖            ,616000,220000,396000,0,0,0,0,0,0,-2000,0,2000,-2000,0,0,0,394000
056943,華通統一99購01  ,0,0,0,0,0,0,0,0,0,390000,0,0,0,404000,14000,390000,390000
061134,大成鋼統一9C購01,0,0,0,0,0,0,0,0,0,390000,0,0,0,400000,10000,390000,390000
056723,國巨中信9A購01  ,0,0,0,0,0,0,0,0,0,389000,0,0,0,389000,0,389000,389000
055259,玉晶光統一9A購01,0,0,0,0,0,0,0,0,0,388000,0,0,0,437000,49000,388000,388000
055063,玉晶光永豐99購01,0,0,0,0,0,0,0,0,0,388000,0,0,0,586000,198000,388000,388000
066283,鎧勝元大01購02  ,0,0,0,0,0,0,0,0,0,387000,0,0,0,1111000,724000,387000,387000
062496,矽創中信9B購01  ,0,0,0,0,0,0,0,0,0,387000,0,0,0,905000,518000,387000,387000
063550,可成國票9C購01  ,0,0,0,0,0,0,0,0,0,387000,0,0,0,573000,186000,387000,387000
061583,矽創元大9A購01  ,0,0,0,0,0,0,0,0,0,386000,0,0,0,430000,44000,386000,386000
9103,美德醫療-DR     ,150000,4000,146000,0,0,0,0,0,0,240000,0,0,0,240000,0,240000,386000
065739,正崴麥證9C購01  ,0,0,0,454000,69000,385000,0,0,0,385000,0,0,0,454000,69000,385000,385000
057750,神達國票99購01  ,0,0,0,0,0,0,0,0,0,385000,0,0,0,385000,0,385000,385000
065111,瀚宇博國票01購01,0,0,0,0,0,0,0,0,0,385000,0,0,0,472000,87000,385000,385000
056584,鴻海統一9B購01  ,0,0,0,0,0,0,0,0,0,384000,0,0,0,1703000,1319000,384000,384000
066173,泰碩凱基02購01  ,0,0,0,0,0,0,0,0,0,383000,0,0,0,463000,80000,383000,383000
056392,玉晶光富邦9C購01,20000,0,20000,0,0,0,0,0,0,363000,0,0,0,727000,364000,363000,383000
058720,旭富元富99購01  ,0,0,0,0,0,0,0,0,0,383000,0,0,0,393000,10000,383000,383000
056390,台積電富邦9B購01,0,0,0,0,0,0,0,0,0,382000,0,0,0,392000,10000,382000,382000
07904P,聯發科群益9B售05,0,0,0,0,0,0,0,0,0,381000,0,0,0,403000,22000,381000,381000
064788,台汽電群益9C購01,0,0,0,0,0,0,0,0,0,380000,0,0,0,574000,194000,380000,380000
064963,T50反1元大9C購09,0,0,0,0,0,0,0,0,0,380000,0,0,0,380000,0,380000,380000
064494,南亞科元大9C購02,0,0,0,0,0,0,0,0,0,380000,0,0,0,380000,0,380000,380000
059101,康控統一9A購01  ,0,0,0,0,0,0,0,0,0,379000,0,0,0,523000,144000,379000,379000
006208,富邦台50        ,1000,2000,-1000,0,0,0,0,0,0,379000,0,0,0,693000,314000,379000,378000
061680,崇越元大9A購01  ,0,0,0,0,0,0,0,0,0,378000,0,0,0,462000,84000,378000,378000
066385,巨大康和01購01  ,0,0,0,0,0,0,0,0,0,377000,0,0,0,377000,0,377000,377000
058722,台郡元富99購01  ,0,0,0,0,0,0,0,0,0,377000,0,0,0,417000,40000,377000,377000
066328,國揚永豐01購01  ,0,0,0,0,0,0,0,0,0,376000,0,0,0,391000,15000,376000,376000
062590,亞光統一9B購01  ,0,0,0,0,0,0,0,0,0,376000,0,0,0,428000,52000,376000,376000
065080,燿華元大01購01  ,0,0,0,0,0,0,0,0,0,375000,0,0,0,440000,65000,375000,375000
063307,同欣電凱基9B購02,0,0,0,0,0,0,0,0,0,375000,0,0,0,380000,5000,375000,375000
060183,南亞科元富9A購01,0,0,0,0,0,0,0,0,0,374000,0,0,0,394000,20000,374000,374000
064095,鴻海群益01購02  ,0,0,0,0,0,0,0,0,0,374000,0,0,0,391000,17000,374000,374000
065762,台表科元大9C購13,0,0,0,0,0,0,0,0,0,373000,0,0,0,379000,6000,373000,373000
00634R,富邦上証反1     ,110000,126000,-16000,0,0,0,0,0,0,389000,0,0,0,957000,568000,389000,373000
060162,碩天永豐9A購01  ,0,0,0,0,0,0,0,0,0,371000,0,0,0,381000,10000,371000,371000
07189P,聯發科富邦9B售03,0,0,0,0,0,0,0,0,0,370000,0,0,0,410000,40000,370000,370000
056605,台積電富邦9B購02,0,0,0,0,0,0,0,0,0,370000,0,0,0,868000,498000,370000,370000
066014,嘉晶元富07購01  ,0,0,0,0,0,0,0,0,0,369000,0,0,0,454000,85000,369000,369000
056352,鴻海元大99購01  ,0,0,0,0,0,0,0,0,0,368000,0,0,0,381000,13000,368000,368000
064676,聚陽兆豐9C購01  ,0,0,0,0,0,0,0,0,0,368000,0,0,0,622000,254000,368000,368000
064250,亞光元富9C購01  ,0,0,0,0,0,0,0,0,0,367000,0,0,0,412000,45000,367000,367000
063341,燿華統一9C購01  ,0,0,0,0,0,0,0,0,0,367000,0,0,0,413000,46000,367000,367000
6451,訊芯-KY         ,834000,316000,518000,0,0,0,0,0,0,-152000,7000,34000,-27000,21000,146000,-125000,366000
059375,道瓊反群益9C購02,0,0,0,0,0,0,0,0,0,365000,0,0,0,506000,141000,365000,365000
063231,台泥元大9B購01  ,0,0,0,0,0,0,0,0,0,365000,0,0,0,480000,115000,365000,365000
065547,同欣電兆豐01購01,0,0,0,0,0,0,0,0,0,365000,0,0,0,415000,50000,365000,365000
062898,華通元大9B購05  ,0,0,0,0,0,0,0,0,0,364000,0,0,0,364000,0,364000,364000
08671P,友訊國票01售01  ,0,0,0,0,0,0,0,0,0,363000,0,0,0,365000,2000,363000,363000
065255,上銀元大01購01  ,0,0,0,0,0,0,0,0,0,363000,0,0,0,381000,18000,363000,363000
060123,光罩永豐99購02  ,0,0,0,0,0,0,0,0,0,362000,0,0,0,382000,20000,362000,362000
057074,立積永豐98購01  ,0,0,0,0,0,0,0,0,0,360000,0,0,0,360000,0,360000,360000
066489,京鼎元富04購01  ,0,0,0,0,0,0,0,0,0,359000,0,0,0,596000,237000,359000,359000
058287,國巨國票9A購02  ,0,0,0,0,0,0,0,0,0,359000,0,0,0,472000,113000,359000,359000
057675,同欣電元大98購02,0,0,0,0,0,0,0,0,0,359000,0,0,0,526000,167000,359000,359000
066553,大立光元大01購09,0,0,0,0,0,0,0,0,0,358000,0,0,0,529000,171000,358000,358000
058837,SGBR2X中信9C購01,0,0,0,0,0,0,0,0,0,358000,0,0,0,430000,72000,358000,358000
065673,嘉晶凱基01購02  ,0,0,0,0,0,0,0,0,0,358000,0,0,0,362000,4000,358000,358000
08606P,聯發科國票9C售05,0,0,0,0,0,0,0,0,0,357000,0,0,0,424000,67000,357000,357000
056138,群創元大9B購01  ,0,0,0,0,0,0,0,0,0,357000,0,0,0,373000,16000,357000,357000
066256,華通元大02購02  ,0,0,0,0,0,0,0,0,0,356000,0,0,0,385000,29000,356000,356000
061427,旭富元大9A購02  ,0,0,0,0,0,0,0,0,0,355000,0,0,0,797000,442000,355000,355000
3024,憶聲            ,468000,113000,355000,0,0,0,0,0,0,0,0,0,0,0,0,0,355000
061950,日月光群益9B購01,0,0,0,0,0,0,0,0,0,354000,0,0,0,512000,158000,354000,354000
062337,台表科統一01購01,0,0,0,0,0,0,0,0,0,354000,0,0,0,554000,200000,354000,354000
053568,智伸科富邦98購01,0,0,0,0,0,0,0,0,0,353000,0,0,0,678000,325000,353000,353000
065366,英業達元大9C購02,0,0,0,0,0,0,0,0,0,353000,0,0,0,385000,32000,353000,353000
3515,華擎            ,758000,511000,247000,0,0,0,93000,0,93000,13000,29000,32000,-3000,83000,67000,16000,353000
4414,如興            ,2963000,2598000,365000,0,0,0,0,0,0,-13000,0,13000,-13000,0,0,0,352000
06683P,訊芯元大98售07  ,0,0,0,0,0,0,0,0,0,351000,0,0,0,351000,0,351000,351000
060744,鴻海國票9A購04  ,0,0,0,0,0,0,0,0,0,351000,0,0,0,386000,35000,351000,351000
058733,同欣電永豐99購02,0,0,0,0,0,0,0,0,0,349000,0,0,0,419000,70000,349000,349000
066596,健策群益02購01  ,0,0,0,0,0,0,0,0,0,348000,0,0,0,352000,4000,348000,348000
056599,臻鼎元富98購01  ,0,0,0,0,0,0,0,0,0,348000,0,0,0,370000,22000,348000,348000
061414,牧德群益9B購02  ,0,0,0,0,0,0,0,0,0,348000,0,0,0,348000,0,348000,348000
060058,牧德凱基9B購01  ,0,0,0,0,0,0,0,0,0,347000,0,0,0,368000,21000,347000,347000
059691,大立光永豐99購02,0,0,0,0,0,0,0,0,0,346000,0,0,0,356000,10000,346000,346000
062539,可成國泰01購01  ,0,0,0,0,0,0,0,0,0,346000,0,0,0,491000,145000,346000,346000
065540,台表科統一02購05,0,0,0,0,0,0,0,0,0,346000,0,0,0,346000,0,346000,346000
065685,同欣電統一01購04,0,0,0,0,0,0,0,0,0,342000,0,0,0,372000,30000,342000,342000
062869,帆宣中信9B購01  ,0,0,0,0,0,0,0,0,0,342000,0,0,0,393000,51000,342000,342000
063176,南亞科兆豐9B購01,0,0,0,0,0,0,0,0,0,342000,0,0,0,414000,72000,342000,342000
060284,南港元大01購01  ,0,0,0,0,0,0,0,0,0,341000,0,0,0,408000,67000,341000,341000
062219,燿華統一9B購01  ,0,0,0,0,0,0,0,0,0,340000,0,0,0,410000,70000,340000,340000
061123,燿華永豐9A購01  ,0,0,0,0,0,0,0,0,0,340000,0,0,0,340000,0,340000,340000
064974,燿華元大9C購03  ,0,0,0,0,0,0,0,0,0,340000,0,0,0,481000,141000,340000,340000
058246,帆宣元大99購01  ,0,0,0,0,0,0,0,0,0,339000,0,0,0,379000,40000,339000,339000
064506,康控元大9C購02  ,0,0,0,0,0,0,0,0,0,339000,0,0,0,710000,371000,339000,339000
064462,致伸統一02購01  ,0,0,0,0,0,0,0,0,0,339000,0,0,0,339000,0,339000,339000
060437,宏全永豐9A購01  ,0,0,0,0,0,0,0,0,0,338000,0,0,0,348000,10000,338000,338000
064166,和潤統一02購01  ,0,0,0,0,0,0,0,0,0,338000,0,0,0,819000,481000,338000,338000
065372,漢唐元大9C購02  ,10000,0,10000,0,0,0,0,0,0,327000,0,0,0,349000,22000,327000,337000
061882,矽創元大9B購01  ,0,5000,-5000,0,0,0,0,0,0,341000,0,0,0,414000,73000,341000,336000
064233,燿華統一9C購02  ,0,0,0,0,0,0,0,0,0,335000,0,0,0,335000,0,335000,335000
060695,同欣電麥證9A購01,0,0,0,344000,10000,334000,0,0,0,334000,0,0,0,344000,10000,334000,334000
00643,群益深証中小    ,636000,378000,258000,0,0,0,0,0,0,76000,42000,20000,22000,773000,719000,54000,334000
055080,正崴中信99購01  ,0,0,0,0,0,0,0,0,0,334000,0,0,0,360000,26000,334000,334000
063003,滬深2X元大9B購06,0,0,0,0,0,0,0,0,0,332000,0,0,0,352000,20000,332000,332000
064192,巨大中信9C購01  ,0,0,0,0,0,0,0,0,0,332000,0,0,0,538000,206000,332000,332000
065306,泰鼎元富9C購02  ,0,0,0,0,0,0,0,0,0,332000,0,0,0,332000,0,332000,332000
061353,康控元大9A購01  ,0,0,0,0,0,0,0,0,0,331000,0,0,0,527000,196000,331000,331000
2484,希華            ,540000,207000,333000,0,0,0,0,0,0,-2000,0,2000,-2000,0,0,0,331000
08272P,鴻海元富9C售02  ,0,0,0,0,0,0,0,0,0,330000,0,0,0,334000,4000,330000,330000
056290,正文永豐98購01  ,0,0,0,0,0,0,0,0,0,330000,0,0,0,330000,0,330000,330000
07965P,玉晶光群益01售02,0,0,0,0,0,0,0,0,0,329000,0,0,0,555000,226000,329000,329000
057912,美律日盛99購01  ,0,0,0,0,0,0,0,0,0,329000,0,0,0,329000,0,329000,329000
060416,神隆永豐9A購01  ,0,0,0,0,0,0,0,0,0,329000,0,0,0,559000,230000,329000,329000
062695,華通元大9C購01  ,0,0,0,0,0,0,0,0,0,328000,0,0,0,382000,54000,328000,328000
065682,健策統一9C購07  ,0,0,0,0,0,0,0,0,0,327000,0,0,0,357000,30000,327000,327000
062045,崇越凱基9B購01  ,0,0,0,0,0,0,0,0,0,326000,0,0,0,471000,145000,326000,326000
064843,巨大統一02購01  ,0,0,0,0,0,0,0,0,0,326000,0,0,0,366000,40000,326000,326000
056394,晶豪科永豐98購01,0,0,0,0,0,0,0,0,0,323000,0,0,0,323000,0,323000,323000
059023,可成統一9B購02  ,0,0,0,0,0,0,0,0,0,323000,0,0,0,344000,21000,323000,323000
063753,矽創國票9C購01  ,0,0,0,0,0,0,0,0,0,323000,0,0,0,323000,0,323000,323000
08256P,台積電元大9C售02,0,0,0,0,0,0,0,0,0,320000,0,0,0,425000,105000,320000,320000
061905,上証反中信03購01,0,0,0,0,0,0,0,0,0,320000,0,0,0,420000,100000,320000,320000
063564,台積電元大9B購07,0,0,0,0,0,0,0,0,0,320000,0,0,0,320000,0,320000,320000
063451,漢翔統一9C購01  ,0,0,0,0,0,0,0,0,0,320000,0,0,0,320000,0,320000,320000
03687C,臺股指凱基9C牛22,0,0,0,0,0,0,0,0,0,319000,0,0,0,536000,217000,319000,319000
3406,玉晶光          ,2027929,1443500,584429,0,0,0,145000,183000,-38000,-228000,140000,301000,-161000,42000,109000,-67000,318429
066576,矽創元大01購02  ,0,0,0,0,0,0,0,0,0,318000,0,0,0,436000,118000,318000,318000
059253,康控凱基9B購02  ,0,0,0,0,0,0,0,0,0,318000,0,0,0,384000,66000,318000,318000
063168,台表科永豐9B購01,0,0,0,0,0,0,0,0,0,318000,0,0,0,451000,133000,318000,318000
3708,上緯投控        ,798000,492000,306000,0,0,0,0,0,0,12000,0,0,0,29000,17000,12000,318000
065610,牧德元大02購01  ,0,0,0,0,0,0,0,0,0,317000,0,0,0,331000,14000,317000,317000
07902P,玉晶光國票01售01,0,0,0,0,0,0,0,0,0,314000,0,0,0,624000,310000,314000,314000
064224,玉晶光國票01購04,0,0,0,0,0,0,0,0,0,314000,0,0,0,319000,5000,314000,314000
061031,神隆永豐9A購02  ,0,0,0,0,0,0,0,0,0,313000,0,0,0,552000,239000,313000,313000
060934,台汽電永豐9A購02,0,0,0,0,0,0,0,0,0,313000,0,0,0,324000,11000,313000,313000
08231P,上銀元富9B售10  ,0,0,0,0,0,0,0,0,0,312000,0,0,0,586000,274000,312000,312000
064596,台表科統一01購03,0,0,0,0,0,0,0,0,0,312000,0,0,0,358000,46000,312000,312000
6112,聚碩            ,511000,193000,318000,0,0,0,0,0,0,-6000,0,1000,-1000,0,5000,-5000,312000
08110P,臺股指中信01售05,0,0,0,0,0,0,0,0,0,311000,0,0,0,719000,408000,311000,311000
063739,台勝科元大9B購03,0,0,0,0,0,0,0,0,0,311000,0,0,0,341000,30000,311000,311000
1309,台達化          ,929000,1188000,-259000,0,0,0,0,0,0,570000,580000,10000,570000,0,0,0,311000
056937,智原元富98購01  ,0,0,0,0,0,0,0,0,0,310000,0,0,0,310000,0,310000,310000
065235,旭富凱基02購01  ,0,0,0,0,0,0,0,0,0,310000,0,0,0,320000,10000,310000,310000
020012,富邦行動通訊N   ,0,0,0,0,0,0,0,0,0,309000,0,0,0,377000,68000,309000,309000
064981,致伸元大9C購01  ,0,0,0,0,0,0,0,0,0,309000,0,0,0,324000,15000,309000,309000
064818,華新統一01購01  ,0,0,0,0,0,0,0,0,0,308000,0,0,0,383000,75000,308000,308000
065892,聯發科統一02購04,0,0,0,0,0,0,0,0,0,307000,0,0,0,676000,369000,307000,307000
061925,禾伸堂凱基9C購01,0,0,0,0,0,0,0,0,0,307000,0,0,0,396000,89000,307000,307000
8039,台虹            ,1239000,1560000,-321000,0,0,0,559000,0,559000,69000,334000,62000,272000,5000,208000,-203000,307000
07057P,大立光康和9B售02,0,0,0,0,0,0,0,0,0,306000,0,0,0,689000,383000,306000,306000
5871,中租-KY         ,1797040,1486000,311040,0,0,0,27000,10680,16320,-22000,6000,25000,-19000,1000,4000,-3000,305360
064986,GIS元大9C購07   ,0,0,0,0,0,0,0,0,0,305000,0,0,0,408000,103000,305000,305000
6412,群電            ,545000,74000,471000,0,0,0,0,164000,-164000,-2000,0,2000,-2000,0,0,0,305000
062845,微星富邦01購01  ,0,0,0,0,0,0,0,0,0,304000,0,0,0,533000,229000,304000,304000
063921,大立光元富9C購03,0,0,0,0,0,0,0,0,0,304000,0,0,0,366000,62000,304000,304000
00737,國泰AI+Robo     ,411000,0,411000,0,0,0,0,0,0,-108000,0,0,0,49000,157000,-108000,303000
065336,華新統一02購01  ,0,0,0,0,0,0,0,0,0,303000,0,0,0,358000,55000,303000,303000
065458,立積元富03購02  ,0,0,0,0,0,0,0,0,0,303000,0,0,0,319000,16000,303000,303000
062096,神隆永豐9B購01  ,0,0,0,0,0,0,0,0,0,302000,0,0,0,506000,204000,302000,302000
065991,牧德永豐01購01  ,0,0,0,0,0,0,0,0,0,301000,0,0,0,301000,0,301000,301000
056724,臻鼎中信9A購01  ,0,0,0,0,0,0,0,0,0,301000,0,0,0,560000,259000,301000,301000
058776,台積電國票9A購03,0,0,0,0,0,0,0,0,0,301000,0,0,0,316000,15000,301000,301000
061518,達方永豐9A購02  ,0,0,0,0,0,0,0,0,0,301000,0,0,0,301000,0,301000,301000
6504,南六            ,419000,305000,114000,0,0,0,20000,30000,-10000,197000,20000,34000,-14000,237000,26000,211000,301000
066599,鴻海國泰03購02  ,0,0,0,0,0,0,0,0,0,300000,0,0,0,300000,0,300000,300000
06681P,致茂元大98售02  ,0,0,0,0,0,0,0,0,0,300000,0,0,0,300000,0,300000,300000
057240,茂林凱基9A購01  ,0,0,0,0,0,0,0,0,0,300000,0,0,0,300000,0,300000,300000
054805,台苯元大9A購01  ,0,0,0,0,0,0,0,0,0,300000,0,0,0,300000,0,300000,300000
061005,可成兆豐9A購01  ,0,0,0,0,0,0,0,0,0,300000,0,0,0,389000,89000,300000,300000
062624,大成鋼國票9B購02,0,0,0,0,0,0,0,0,0,300000,0,0,0,300000,0,300000,300000
064035,GIS元大9C購03   ,0,0,0,0,0,0,0,0,0,300000,0,0,0,300000,0,300000,300000
055631,創意永豐98購01  ,0,0,0,0,0,0,0,0,0,299000,0,0,0,314000,15000,299000,299000
062523,世紀鋼元大9C購03,0,0,0,0,0,0,0,0,0,299000,0,0,0,410000,111000,299000,299000
065371,漢唐元大01購01  ,0,0,0,0,0,0,0,0,0,299000,0,0,0,438000,139000,299000,299000
064020,華通元大01購01  ,0,0,0,0,0,0,0,0,0,298000,0,0,0,350000,52000,298000,298000
063129,祥碩元大9C購03  ,0,0,0,0,0,0,0,0,0,298000,0,0,0,311000,13000,298000,298000
066341,永信永豐01購01  ,0,0,0,0,0,0,0,0,0,297000,0,0,0,307000,10000,297000,297000
066380,瑞昱康和01購02  ,0,0,0,0,0,0,0,0,0,296000,0,0,0,296000,0,296000,296000
066490,創意元富07購01  ,0,0,0,0,0,0,0,0,0,296000,0,0,0,316000,20000,296000,296000
065083,南亞科元大01購01,0,0,0,0,0,0,0,0,0,296000,0,0,0,355000,59000,296000,296000
08235P,南電國泰9C售03  ,0,0,0,0,0,0,0,0,0,295000,0,0,0,295000,0,295000,295000
8150,南茂            ,1242000,729000,513000,0,0,0,0,11000,-11000,-207000,0,9000,-9000,2000,200000,-198000,295000
065844,南亞科元大9C購09,0,0,0,0,0,0,0,0,0,293000,0,0,0,324000,31000,293000,293000
065976,牧德元大02購02  ,0,0,0,0,0,0,0,0,0,293000,0,0,0,298000,5000,293000,293000
053468,鴻海元大98購01  ,0,0,0,0,0,0,0,0,0,293000,0,0,0,293000,0,293000,293000
061569,旺宏元大9A購14  ,0,0,0,0,0,0,0,0,0,293000,0,0,0,293000,0,293000,293000
065902,燿華富邦02購01  ,0,0,0,0,0,0,0,0,0,292000,0,0,0,414000,122000,292000,292000
051849,旺宏中信98購01  ,0,0,0,0,0,0,0,0,0,292000,0,0,0,868000,576000,292000,292000
052521,友達元大9B購01  ,0,0,0,0,0,0,0,0,0,291000,0,0,0,291000,0,291000,291000
066634,泰碩凱基02購02  ,0,0,0,0,0,0,0,0,0,290000,0,0,0,290000,0,290000,290000
08381P,台灣50群益9C售06,0,0,0,0,0,0,0,0,0,290000,0,0,0,780000,490000,290000,290000
07300P,臺股指元大9A售33,0,0,0,0,0,0,0,0,0,290000,0,0,0,300000,10000,290000,290000
06813P,友訊元富98售03  ,0,0,0,0,0,0,0,0,0,289000,0,0,0,524000,235000,289000,289000
065221,神隆永豐9C購01  ,0,0,0,0,0,0,0,0,0,289000,0,0,0,496000,207000,289000,289000
065654,台表科元大9C購12,0,0,0,0,0,0,0,0,0,289000,0,0,0,294000,5000,289000,289000
064056,GIS統一01購02   ,0,0,0,0,0,0,0,0,0,288000,0,0,0,358000,70000,288000,288000
6706,惠特            ,735000,603000,132000,0,0,0,80000,0,80000,76000,0,0,0,85000,9000,76000,288000
062056,國巨統一9C購08  ,0,0,0,0,0,0,0,0,0,287000,0,0,0,287000,0,287000,287000
062189,康控元大9B購02  ,0,0,0,0,0,0,0,0,0,287000,0,0,0,547000,260000,287000,287000
3014,聯陽            ,1595000,1012000,583000,0,0,0,210000,0,210000,-507000,3000,347000,-344000,15000,178000,-163000,286000
07517P,台積電元大9A售17,0,0,0,0,0,0,0,0,0,284000,0,0,0,300000,16000,284000,284000
07358P,鴻海元大99售39  ,0,0,0,0,0,0,0,0,0,280000,0,0,0,370000,90000,280000,280000
058546,玉晶光富邦9B購01,0,0,0,0,0,0,0,0,0,280000,0,0,0,309000,29000,280000,280000
062263,康控元大9B購03  ,0,0,0,0,0,0,0,0,0,280000,0,0,0,833000,553000,280000,280000
062733,巨大凱基9B購01  ,0,0,0,0,0,0,0,0,0,280000,0,0,0,280000,0,280000,280000
056475,宏達電元大99購02,0,0,0,0,0,0,0,0,0,279000,0,0,0,1398000,1119000,279000,279000
058714,美律統一9B購01  ,0,0,0,0,0,0,0,0,0,279000,0,0,0,362000,83000,279000,279000
065040,燿華凱基9C購01  ,0,0,0,0,0,0,0,0,0,279000,0,0,0,279000,0,279000,279000
08727P,健策群益01售07  ,0,0,0,0,0,0,0,0,0,278000,0,0,0,377000,99000,278000,278000
058308,全新元大9B購01  ,0,0,0,0,0,0,0,0,0,278000,0,0,0,278000,0,278000,278000
062388,旭富國泰01購01  ,0,0,0,0,0,0,0,0,0,278000,0,0,0,652000,374000,278000,278000
08673P,友訊元富01售03  ,0,0,0,0,0,0,0,0,0,277000,0,0,0,308000,31000,277000,277000
07230P,滬深2X群益01售02,0,0,0,0,0,0,0,0,0,277000,0,0,0,300000,23000,277000,277000
064461,致伸統一01購01  ,0,0,0,0,0,0,0,0,0,277000,0,0,0,310000,33000,277000,277000
065781,創意富邦01購01  ,0,0,0,0,0,0,0,0,0,276000,0,0,0,416000,140000,276000,276000
058925,旭富元富99購02  ,0,0,0,0,0,0,0,0,0,276000,0,0,0,316000,40000,276000,276000
064352,嘉聯益元大9C購01,0,0,0,0,0,0,0,0,0,276000,0,0,0,390000,114000,276000,276000
06599P,宏達電永豐98售02,0,0,0,0,0,0,0,0,0,275000,0,0,0,275000,0,275000,275000
058205,神達凱基9B購01  ,0,0,0,0,0,0,0,0,0,275000,0,0,0,285000,10000,275000,275000
059850,日電貿永豐99購01,0,0,0,0,0,0,0,0,0,275000,0,0,0,285000,10000,275000,275000
061747,南亞科統一01購01,0,0,0,0,0,0,0,0,0,273000,0,0,0,360000,87000,273000,273000
064680,創意兆豐01購01  ,0,0,0,0,0,0,0,0,0,272000,0,0,0,330000,58000,272000,272000
065396,微星群益01購01  ,0,0,0,0,0,0,0,0,0,272000,0,0,0,417000,145000,272000,272000
060121,新光金富邦99購01,0,0,0,0,0,0,0,0,0,271000,0,0,0,321000,50000,271000,271000
063257,牧德國泰01購01  ,0,0,0,0,0,0,0,0,0,271000,0,0,0,271000,0,271000,271000
063289,台表科元大9B購07,0,0,0,0,0,0,0,0,0,271000,0,0,0,300000,29000,271000,271000
064767,宏全凱基9C購01  ,0,0,0,0,0,0,0,0,0,270000,0,0,0,270000,0,270000,270000
6214,精誠            ,430000,706500,-276500,0,0,0,0,0,0,546000,247000,1000,246000,300000,0,300000,269500
066234,群光富邦04購01  ,0,0,0,0,0,0,0,0,0,269000,0,0,0,488000,219000,269000,269000
08047P,臺股指國票9B售12,0,0,0,0,0,0,0,0,0,269000,0,0,0,454000,185000,269000,269000
063202,南亞科統一9C購02,0,0,0,0,0,0,0,0,0,269000,0,0,0,385000,116000,269000,269000
060243,潤泰全元大9C購02,0,0,0,0,0,0,0,0,0,268000,0,0,0,318000,50000,268000,268000
08059P,京鼎元大9B售02  ,0,0,0,0,0,0,0,0,0,267000,0,0,0,399000,132000,267000,267000
066172,日電貿凱基01購01,0,0,0,0,0,0,0,0,0,267000,0,0,0,267000,0,267000,267000
00674R,元大S&P黃金反1  ,0,0,0,0,0,0,0,0,0,267000,0,0,0,308000,41000,267000,267000
065062,亞光群益9C購01  ,0,0,0,0,0,0,0,0,0,267000,0,0,0,267000,0,267000,267000
066148,美利達群益01購02,0,0,0,0,0,0,0,0,0,266000,0,0,0,276000,10000,266000,266000
055320,建準國票98購01  ,0,0,0,0,0,0,0,0,0,266000,0,0,0,266000,0,266000,266000
064763,祥碩凱基02購01  ,0,0,0,0,0,0,0,0,0,266000,0,0,0,562000,296000,266000,266000
066373,美利達中信01購01,0,0,0,0,0,0,0,0,0,265000,0,0,0,389000,124000,265000,265000
066422,嘉晶元大02購01  ,0,0,0,0,0,0,0,0,0,265000,0,0,0,282000,17000,265000,265000
066285,松翰元大01購02  ,0,0,0,0,0,0,0,0,0,265000,0,0,0,517000,252000,265000,265000
07795P,美律國票9A售03  ,0,0,0,0,0,0,0,0,0,265000,0,0,0,265000,0,265000,265000
057508,康控國票99購03  ,0,0,0,0,0,0,0,0,0,265000,0,0,0,1054000,789000,265000,265000
060467,神基元大9A購01  ,0,0,0,0,0,0,0,0,0,265000,0,0,0,306000,41000,265000,265000
057621,崇越凱基98購01  ,0,0,0,0,0,0,0,0,0,263000,0,0,0,293000,30000,263000,263000
062743,微星國泰01購01  ,0,0,0,0,0,0,0,0,0,261000,0,0,0,465000,204000,261000,261000
058197,國巨中信99購02  ,0,0,0,0,0,0,0,0,0,260000,0,0,0,640000,380000,260000,260000
054856,得力群益99購01  ,0,0,0,0,0,0,0,0,0,260000,0,0,0,260000,0,260000,260000
054542,台表科國票98購01,0,80000,-80000,0,0,0,0,0,0,340000,0,0,0,363000,23000,340000,260000
064147,瑞昱統一01購04  ,0,0,0,0,0,0,0,0,0,260000,0,0,0,361000,101000,260000,260000
4108,懷特            ,632000,372100,259900,0,0,0,0,0,0,0,0,0,0,0,0,0,259900
066451,台郡群益01購01  ,0,0,0,0,0,0,0,0,0,259000,0,0,0,297000,38000,259000,259000
066529,巨大統一03購01  ,0,0,0,0,0,0,0,0,0,259000,0,0,0,259000,0,259000,259000
08396P,鴻海元富9C售04  ,0,0,0,0,0,0,0,0,0,258000,0,0,0,258000,0,258000,258000
057573,京鼎永豐98購02  ,0,0,0,0,0,0,0,0,0,258000,0,0,0,331000,73000,258000,258000
058051,同欣電元大98購03,0,0,0,0,0,0,0,0,0,258000,0,0,0,258000,0,258000,258000
4536,拓凱            ,342000,405000,-63000,0,0,0,499000,40000,459000,-138000,33000,203000,-170000,52000,20000,32000,258000
08431P,景碩凱基9C售02  ,0,0,0,0,0,0,0,0,0,257000,0,0,0,284000,27000,257000,257000
064464,台郡統一01購01  ,0,0,0,0,0,0,0,0,0,257000,0,0,0,332000,75000,257000,257000
064814,祥碩元大9C購06  ,0,10000,-10000,0,0,0,0,0,0,266000,0,0,0,277000,11000,266000,256000
056864,新日興群益99購01,0,0,0,0,0,0,0,0,0,255000,0,0,0,349000,94000,255000,255000
057257,台泥兆豐99購01  ,0,0,0,0,0,0,0,0,0,255000,0,0,0,265000,10000,255000,255000
063077,巨大永豐9B購03  ,0,0,0,0,0,0,0,0,0,255000,0,0,0,258000,3000,255000,255000
062332,大立光統一9B購11,3000,0,3000,0,0,0,0,0,0,251000,0,0,0,2800000,2549000,251000,254000
065220,義隆富邦01購02  ,0,0,0,0,0,0,0,0,0,254000,0,0,0,518000,264000,254000,254000
065948,燿華統一01購02  ,0,0,0,0,0,0,0,0,0,253000,0,0,0,293000,40000,253000,253000
065314,矽創國票01購02  ,0,0,0,0,0,0,0,0,0,253000,0,0,0,413000,160000,253000,253000
063251,同欣電元大9B購04,0,0,0,0,0,0,0,0,0,253000,0,0,0,269000,16000,253000,253000
061165,美律兆豐9A購01  ,0,0,0,0,0,0,0,0,0,252000,0,0,0,252000,0,252000,252000
057385,光罩永豐99購01  ,0,0,0,0,0,0,0,0,0,252000,0,0,0,353000,101000,252000,252000
065321,瑞昱凱基9C購01  ,0,0,0,0,0,0,0,0,0,252000,0,0,0,267000,15000,252000,252000
066177,上緯控凱基01購01,0,0,0,0,0,0,0,0,0,251000,0,0,0,515000,264000,251000,251000
060759,南亞科元大9A購03,0,0,0,0,0,0,0,0,0,251000,0,0,0,261000,10000,251000,251000
062796,技嘉統一9C購01  ,0,0,0,0,0,0,0,0,0,251000,0,0,0,271000,20000,251000,251000
064618,南亞科元大9C購04,0,0,0,0,0,0,0,0,0,251000,0,0,0,296000,45000,251000,251000
066244,臺指反元大04購01,0,0,0,0,0,0,0,0,0,250000,0,0,0,250000,0,250000,250000
07962P,聯詠中信05售03  ,0,0,0,0,0,0,0,0,0,250000,0,0,0,465000,215000,250000,250000
058062,上銀中信98購01  ,0,0,0,0,0,0,0,0,0,250000,0,0,0,450000,200000,250000,250000
057516,和鑫元富98購01  ,0,0,0,0,0,0,0,0,0,250000,0,0,0,250000,0,250000,250000
063338,國巨統一9C購11  ,0,0,0,0,0,0,0,0,0,250000,0,0,0,250000,0,250000,250000
055972,GIS元大97購04   ,0,0,0,0,0,0,0,0,0,249000,0,0,0,249000,0,249000,249000
057176,全新元大99購02  ,0,0,0,0,0,0,0,0,0,249000,0,0,0,261000,12000,249000,249000
062328,南亞科統一9C購01,0,0,0,0,0,0,0,0,0,249000,0,0,0,321000,72000,249000,249000
063469,牧德元大9C購02  ,0,0,0,0,0,0,0,0,0,249000,0,0,0,250000,1000,249000,249000
064299,宏碁兆豐9C購01  ,0,0,0,0,0,0,0,0,0,249000,0,0,0,334000,85000,249000,249000
064610,儒鴻元大9C購03  ,0,0,0,0,0,0,0,0,0,249000,0,0,0,263000,14000,249000,249000
064988,志超元大9C購01  ,0,0,0,0,0,0,0,0,0,249000,0,0,0,281000,32000,249000,249000
1325,恆大            ,445000,246000,199000,0,0,0,24000,0,24000,26000,44000,18000,26000,0,0,0,249000
061085,聯茂兆豐9A購01  ,0,0,0,0,0,0,0,0,0,248000,0,0,0,358000,110000,248000,248000
057719,欣興元富02購01  ,0,0,0,0,0,0,0,0,0,248000,0,0,0,628000,380000,248000,248000
066761,聯陽永豐01購03  ,0,0,0,0,0,0,0,0,0,247000,0,0,0,272000,25000,247000,247000
055688,力成凱基98購02  ,0,0,0,0,0,0,0,0,0,247000,0,0,0,247000,0,247000,247000
059849,興勤永豐99購01  ,0,0,0,0,0,0,0,0,0,247000,0,0,0,278000,31000,247000,247000
064645,義隆凱基03購01  ,0,0,0,0,0,0,0,0,0,247000,0,0,0,340000,93000,247000,247000
052890,FB上証群益9B購01,0,0,0,0,0,0,0,0,0,246000,0,0,0,267000,21000,246000,246000
062809,同欣電統一9C購01,0,0,0,0,0,0,0,0,0,246000,0,0,0,291000,45000,246000,246000
06558P,旺宏元富98售02  ,0,0,0,0,0,0,0,0,0,246000,0,0,0,246000,0,246000,246000
064368,日月光統一01購01,0,0,0,0,0,0,0,0,0,246000,0,0,0,587000,341000,246000,246000
065650,旭富元大9C購07  ,0,0,0,0,0,0,0,0,0,245000,0,0,0,514000,269000,245000,245000
1449,佳和            ,320000,75000,245000,0,0,0,0,0,0,0,0,0,0,0,0,0,245000
061773,和潤元大9B購01  ,0,0,0,0,0,0,0,0,0,244000,0,0,0,430000,186000,244000,244000
062239,台汽電凱基9B購01,0,0,0,0,0,0,0,0,0,243000,0,0,0,271000,28000,243000,243000
065578,台郡群益9C購02  ,0,0,0,0,0,0,0,0,0,243000,0,0,0,394000,151000,243000,243000
064306,和潤兆豐01購01  ,0,0,0,0,0,0,0,0,0,243000,0,0,0,299000,56000,243000,243000
063920,大立光元富03購02,0,0,0,0,0,0,0,0,0,243000,0,0,0,310000,67000,243000,243000
05631P,國巨富邦9A售01  ,0,0,0,0,0,0,0,0,0,242000,0,0,0,292000,50000,242000,242000
058401,華航元大9A購01  ,0,0,0,0,0,0,0,0,0,242000,0,0,0,252000,10000,242000,242000
057049,新日興元大98購02,0,0,0,0,0,0,0,0,0,242000,0,0,0,263000,21000,242000,242000
07435P,台積電富邦9C售07,0,0,0,0,0,0,0,0,0,241000,0,0,0,250000,9000,241000,241000
08228P,華擎國票9C售01  ,0,0,0,0,0,0,0,0,0,241000,0,0,0,251000,10000,241000,241000
063362,台表科國泰01購03,0,0,0,0,0,0,0,0,0,241000,0,0,0,241000,0,241000,241000
065259,燿華元大9C購05  ,0,0,0,0,0,0,0,0,0,241000,0,0,0,536000,295000,241000,241000
061067,貿聯凱基9A購03  ,0,0,0,0,0,0,0,0,0,240000,0,0,0,240000,0,240000,240000
064897,宏達電群益9C購02,0,0,0,0,0,0,0,0,0,240000,0,0,0,260000,20000,240000,240000
063259,廣達富邦9C購01  ,0,0,0,0,0,0,0,0,0,240000,0,0,0,355000,115000,240000,240000
8011,台通            ,471000,229000,242000,0,0,0,0,0,0,-2000,0,2000,-2000,0,0,0,240000
066252,南港元大01購02  ,0,0,0,0,0,0,0,0,0,239000,0,0,0,254000,15000,239000,239000
066235,大毅富邦04購01  ,0,0,0,0,0,0,0,0,0,239000,0,0,0,389000,150000,239000,239000
061697,世紀鋼群益9A購03,0,0,0,0,0,0,0,0,0,239000,0,0,0,239000,0,239000,239000
064993,嘉澤兆豐9C購01  ,0,0,0,0,0,0,0,0,0,239000,0,0,0,459000,220000,239000,239000
064711,國喬統一02購01  ,0,0,0,0,0,0,0,0,0,239000,0,0,0,269000,30000,239000,239000
065505,健鼎永豐9C購01  ,0,0,0,0,0,0,0,0,0,239000,0,0,0,239000,0,239000,239000
4904,遠傳            ,971000,756109,214891,0,0,0,0,11794,-11794,35000,75000,28000,47000,0,12000,-12000,238097
08180P,聯發科國泰01售05,0,0,0,0,0,0,0,0,0,238000,0,0,0,310000,72000,238000,238000
062967,上銀元富9B購01  ,0,0,0,0,0,0,0,0,0,238000,0,0,0,238000,0,238000,238000
1103,嘉泥            ,464000,223000,241000,0,0,0,0,0,0,-3000,0,3000,-3000,0,0,0,238000
066106,台郡國票02購01  ,0,0,0,0,0,0,0,0,0,237000,0,0,0,237000,0,237000,237000
060715,日電貿永豐9A購01,0,0,0,0,0,0,0,0,0,237000,0,0,0,247000,10000,237000,237000
03662C,FBVIX凱基03牛01 ,0,0,0,0,0,0,0,0,0,237000,0,0,0,404000,167000,237000,237000
057796,鴻海兆豐99購03  ,0,0,0,0,0,0,0,0,0,236000,0,0,0,241000,5000,236000,236000
056555,矽創凱基98購01  ,0,0,0,0,0,0,0,0,0,236000,0,0,0,256000,20000,236000,236000
058229,為升元大99購02  ,0,0,0,0,0,0,0,0,0,235000,0,0,0,320000,85000,235000,235000
059348,日月光凱基99購01,0,0,0,0,0,0,0,0,0,235000,0,0,0,295000,60000,235000,235000
064619,南亞科元大9C購05,0,0,0,0,0,0,0,0,0,235000,0,0,0,237000,2000,235000,235000
063380,台表科永豐9B購03,0,0,0,0,0,0,0,0,0,235000,0,0,0,303000,68000,235000,235000
064197,智伸科群益9C購01,0,0,0,0,0,0,0,0,0,235000,0,0,0,250000,15000,235000,235000
057828,緯穎元大99購02  ,0,0,0,0,0,0,0,0,0,234000,0,0,0,324000,90000,234000,234000
057043,台積電元大99購02,20000,50000,-30000,0,0,0,0,0,0,264000,0,0,0,324000,60000,264000,234000
060363,美律元富9A購01  ,0,0,0,0,0,0,0,0,0,234000,0,0,0,239000,5000,234000,234000
061355,康友元大9A購03  ,0,0,0,0,0,0,0,0,0,234000,0,0,0,249000,15000,234000,234000
063808,台表科兆豐9C購01,0,0,0,0,0,0,0,0,0,233000,0,0,0,261000,28000,233000,233000
064552,巨大凱基01購01  ,0,0,0,0,0,0,0,0,0,233000,0,0,0,233000,0,233000,233000
056939,康控元富98購01  ,0,0,0,0,0,0,0,0,0,232000,0,0,0,902000,670000,232000,232000
057523,大成鋼元大99購01,0,0,0,0,0,0,0,0,0,232000,0,0,0,255000,23000,232000,232000
057564,台積電富邦9B購03,0,0,0,0,0,0,0,0,0,232000,0,0,0,256000,24000,232000,232000
062660,神隆群益9B購02  ,0,0,0,0,0,0,0,0,0,232000,0,0,0,488000,256000,232000,232000
06746P,聯發科群益99售02,0,0,0,0,0,0,0,0,0,231000,0,0,0,242000,11000,231000,231000
066298,美利達元大01購02,0,0,0,0,0,0,0,0,0,231000,0,0,0,255000,24000,231000,231000
00717,富邦美國特別股  ,0,0,0,0,0,0,0,0,0,231000,0,0,0,601000,370000,231000,231000
062212,臻鼎台新9B購01  ,0,0,0,0,0,0,0,0,0,231000,0,0,0,231000,0,231000,231000
065625,聯發科兆豐9C購06,0,0,0,0,0,0,0,0,0,231000,0,0,0,523000,292000,231000,231000
065677,南亞科統一03購02,0,0,0,0,0,0,0,0,0,231000,0,0,0,356000,125000,231000,231000
053488,中石化兆豐97購01,0,0,0,0,0,0,0,0,0,230000,0,0,0,230000,0,230000,230000
053082,聯電元大98購03  ,0,0,0,0,0,0,0,0,0,230000,0,0,0,230000,0,230000,230000
057613,瑞昱元富02購02  ,0,0,0,0,0,0,0,0,0,230000,0,0,0,232000,2000,230000,230000
058809,國巨統一9B購03  ,0,0,0,0,0,0,0,0,0,230000,0,0,0,250000,20000,230000,230000
065169,華邦電元大9C購03,0,0,0,0,0,0,0,0,0,230000,0,0,0,330000,100000,230000,230000
063258,緯穎國泰9C購01  ,0,0,0,0,0,0,0,0,0,230000,0,0,0,285000,55000,230000,230000
066584,滬深2X群益03購01,0,0,0,0,0,0,0,0,0,229000,0,0,0,382000,153000,229000,229000
056267,文曄統一97購02  ,0,0,0,0,0,0,0,0,0,229000,0,0,0,229000,0,229000,229000
055024,興勤國泰98購01  ,0,0,0,0,0,0,0,0,0,229000,0,0,0,231000,2000,229000,229000
063782,致新永豐9B購02  ,0,0,0,0,0,0,0,0,0,229000,0,0,0,302000,73000,229000,229000
063993,華通群益01購01  ,0,0,0,0,0,0,0,0,0,229000,0,0,0,277000,48000,229000,229000
064323,滬深2X元大9C購09,0,0,0,0,0,0,0,0,0,229000,0,0,0,664000,435000,229000,229000
064397,旭富永豐9C購01  ,0,0,0,0,0,0,0,0,0,229000,0,0,0,270000,41000,229000,229000
006206,元大上證50      ,24000,105000,-81000,0,0,0,0,0,0,309000,40000,0,40000,657000,388000,269000,228000
060194,旭富元富9A購01  ,0,0,0,0,0,0,0,0,0,227000,0,0,0,421000,194000,227000,227000
063024,祥碩元大9B購05  ,0,0,0,0,0,0,0,0,0,227000,0,0,0,260000,33000,227000,227000
2472,立隆電          ,347000,126000,221000,0,0,0,0,0,0,6000,9000,3000,6000,0,0,0,227000
07913P,友達元大01售01  ,0,0,0,0,0,0,0,0,0,226000,0,0,0,236000,10000,226000,226000
056512,易華電永豐98購01,0,0,0,0,0,0,0,0,0,226000,0,0,0,226000,0,226000,226000
062699,台積電元大01購02,0,0,0,0,0,0,0,0,0,226000,0,0,0,266000,40000,226000,226000
064723,大立光統一02購04,0,0,0,0,0,0,0,0,0,226000,0,0,0,1010000,784000,226000,226000
064982,新唐元大9C購01  ,0,0,0,0,0,0,0,0,0,226000,0,0,0,427000,201000,226000,226000
064919,嘉晶統一02購02  ,0,0,0,0,0,0,0,0,0,226000,0,0,0,261000,35000,226000,226000
2316,楠梓電          ,648000,584000,64000,0,0,0,0,0,0,162000,194000,1000,193000,7000,38000,-31000,226000
065853,智伸科元大9C購02,0,0,0,0,0,0,0,0,0,224000,0,0,0,644000,420000,224000,224000
00762,元大全球AI      ,0,0,0,0,0,0,0,0,0,224000,0,0,0,391000,167000,224000,224000
061379,鈺齊永豐9A購02  ,0,0,0,0,0,0,0,0,0,224000,0,0,0,251000,27000,224000,224000
063650,矽創元大9B購03  ,0,0,0,0,0,0,0,0,0,224000,0,0,0,333000,109000,224000,224000
061900,志超永豐9B購01  ,0,0,0,0,0,0,0,0,0,223000,0,0,0,223000,0,223000,223000
060242,潤泰全元大9C購01,0,0,0,0,0,0,0,0,0,223000,0,0,0,232000,9000,223000,223000
065876,牧德群益02購01  ,0,0,0,0,0,0,0,0,0,222000,0,0,0,222000,0,222000,222000
066237,京鼎富邦04購01  ,20000,0,20000,0,0,0,0,0,0,202000,0,0,0,409000,207000,202000,222000
08648P,健策凱基9C售05  ,0,0,0,0,0,0,0,0,0,222000,0,0,0,316000,94000,222000,222000
061034,晶豪科永豐9A購01,0,0,0,0,0,0,0,0,0,222000,0,0,0,252000,30000,222000,222000
064682,嘉聯益兆豐01購01,0,0,0,0,0,0,0,0,0,222000,0,0,0,225000,3000,222000,222000
061339,京元電元大9A購05,0,0,0,0,0,0,0,0,0,221000,0,0,0,249000,28000,221000,221000
063581,同欣電國泰9C購01,0,0,0,0,0,0,0,0,0,221000,0,0,0,338000,117000,221000,221000
057581,元大金中信9A購01,0,0,0,0,0,0,0,0,0,220000,0,0,0,463000,243000,220000,220000
047571,滬深2X群益99購01,0,0,0,0,0,0,0,0,0,220000,0,0,0,220000,0,220000,220000
6142,友勁            ,133000,113000,20000,0,0,0,0,0,0,200000,200000,0,200000,0,0,0,220000
08365P,貿聯凱基9C售01  ,0,0,0,0,0,0,0,0,0,219000,0,0,0,229000,10000,219000,219000
07670P,茂林元大9A售02  ,0,0,0,0,0,0,0,0,0,219000,0,0,0,221000,2000,219000,219000
063198,仁寶統一01購02  ,0,0,0,0,0,0,0,0,0,219000,0,0,0,229000,10000,219000,219000
064704,嘉晶國泰01購01  ,0,0,0,0,0,0,0,0,0,218000,0,0,0,397000,179000,218000,218000
054058,晶豪科國票98購01,0,0,0,0,0,0,0,0,0,217000,0,0,0,488000,271000,217000,217000
064482,微星永豐9C購01  ,0,0,0,0,0,0,0,0,0,217000,0,0,0,217000,0,217000,217000
063320,旭富群益9B購03  ,0,0,0,0,0,0,0,0,0,217000,0,0,0,250000,33000,217000,217000
066240,泰鼎富邦03購01  ,0,0,0,0,0,0,0,0,0,216000,0,0,0,263000,47000,216000,216000
065715,勤誠群益9C購01  ,0,0,0,0,0,0,0,0,0,216000,0,0,0,407000,191000,216000,216000
064011,嘉晶國票9C購01  ,0,0,0,0,0,0,0,0,0,216000,0,0,0,243000,27000,216000,216000
065507,亞德客群益01購02,0,0,0,0,0,0,0,0,0,216000,0,0,0,216000,0,216000,216000
1560,中砂            ,753000,565000,188000,0,0,0,0,0,0,27000,27000,0,27000,0,0,0,215000
058472,亞德客凱基9A購01,0,0,0,0,0,0,0,0,0,214000,0,0,0,238000,24000,214000,214000
060161,牧德永豐9A購02  ,0,0,0,0,0,0,0,0,0,214000,0,0,0,214000,0,214000,214000
058911,茂林元大99購04  ,0,0,0,0,0,0,0,0,0,213000,0,0,0,250000,37000,213000,213000
065404,玉晶光國泰02購03,0,0,0,0,0,0,0,0,0,212000,0,0,0,490000,278000,212000,212000
063381,和潤永豐9B購01  ,0,0,0,0,0,0,0,0,0,212000,0,0,0,212000,0,212000,212000
065291,日電貿群益01購01,0,0,0,0,0,0,0,0,0,211000,0,0,0,245000,34000,211000,211000
064927,瀚宇博統一02購01,0,0,0,0,0,0,0,0,0,211000,0,0,0,277000,66000,211000,211000
058549,藍天永豐99購01  ,0,0,0,0,0,0,0,0,0,210000,0,0,0,386000,176000,210000,210000
062698,台積電元大01購01,0,0,0,0,0,0,0,0,0,210000,0,0,0,210000,0,210000,210000
062410,台積電第一9B購02,0,0,0,0,0,0,0,0,0,210000,0,0,0,210000,0,210000,210000
064887,嘉晶中信9C購02  ,0,0,0,0,0,0,0,0,0,210000,0,0,0,234000,24000,210000,210000
063353,上銀元富9B購03  ,0,0,0,0,0,0,0,0,0,210000,0,0,0,210000,0,210000,210000
066236,潤泰全富邦01購01,0,0,0,0,0,0,0,0,0,209000,0,0,0,209000,0,209000,209000
061847,力山國票9B購01  ,0,0,0,0,0,0,0,0,0,209000,0,0,0,295000,86000,209000,209000
065886,中磊元富9C購01  ,0,0,0,0,0,0,0,0,0,208000,0,0,0,378000,170000,208000,208000
064929,台表科統一02購03,0,0,0,0,0,0,0,0,0,208000,0,0,0,219000,11000,208000,208000
065970,燿華元大02購01  ,0,0,0,0,0,0,0,0,0,207000,0,0,0,364000,157000,207000,207000
064987,勤誠元大9C購02  ,0,0,0,0,0,0,0,0,0,207000,0,0,0,824000,617000,207000,207000
063170,智邦第一9B購01  ,0,0,0,0,0,0,0,0,0,207000,0,0,0,255000,48000,207000,207000
066297,美利達元大01購01,0,0,0,0,0,0,0,0,0,206000,0,0,0,300000,94000,206000,206000
056954,聯詠富邦9A購01  ,0,0,0,0,0,0,0,0,0,206000,0,0,0,552000,346000,206000,206000
055652,聯詠元富01購01  ,0,0,0,0,0,0,0,0,0,206000,0,0,0,425000,219000,206000,206000
063345,嘉晶統一9C購02  ,0,0,0,0,0,0,0,0,0,206000,0,0,0,327000,121000,206000,206000
064195,晶豪科群益9C購01,0,0,0,0,0,0,0,0,0,206000,0,0,0,210000,4000,206000,206000
6269,台郡            ,1458206,1395206,63000,0,0,0,500000,121000,379000,-236000,66000,192000,-126000,25000,135000,-110000,206000
056432,鴻海凱基98購08  ,0,0,0,0,0,0,0,0,0,205000,0,0,0,215000,10000,205000,205000
064766,矽創凱基9C購01  ,0,0,0,0,0,0,0,0,0,205000,0,0,0,217000,12000,205000,205000
064659,台達電元大9C購02,0,0,0,0,0,0,0,0,0,205000,0,0,0,381000,176000,205000,205000
066303,泰山永豐01購01  ,0,0,0,0,0,0,0,0,0,204000,0,0,0,262000,58000,204000,204000
065705,嘉晶群益9C購05  ,0,0,0,0,0,0,0,0,0,204000,0,0,0,277000,73000,204000,204000
056232,瑞儀凱基98購01  ,0,0,0,0,0,0,0,0,0,204000,0,0,0,204000,0,204000,204000
060302,台積電富邦02購01,0,0,0,0,0,0,0,0,0,204000,0,0,0,210000,6000,204000,204000
065457,旭富元富03購01  ,0,0,0,0,0,0,0,0,0,204000,0,0,0,307000,103000,204000,204000
065636,台表科國票01購03,0,0,0,0,0,0,0,0,0,204000,0,0,0,204000,0,204000,204000
07502P,美食元大9A售01  ,0,0,0,0,0,0,0,0,0,203000,0,0,0,360000,157000,203000,203000
060735,鴻海統一9C購03  ,0,0,0,0,0,0,0,0,0,203000,0,0,0,203000,0,203000,203000
061906,統一中信9B購01  ,0,0,0,0,0,0,0,0,0,203000,0,0,0,224000,21000,203000,203000
061347,創意元大9A購02  ,0,0,0,0,0,0,0,0,0,203000,0,0,0,225000,22000,203000,203000
063515,香港2X凱基01購01,0,0,0,0,0,0,0,0,0,203000,0,0,0,415000,212000,203000,203000
065159,臻鼎群益9C購02  ,0,0,0,0,0,0,0,0,0,202000,0,0,0,344000,142000,202000,202000
064705,新光金富邦01購01,0,0,0,0,0,0,0,0,0,202000,0,0,0,222000,20000,202000,202000
065775,神隆國泰03購01  ,0,0,0,0,0,0,0,0,0,201000,0,0,0,522000,321000,201000,201000
058095,昇陽半元大98購03,0,0,0,0,0,0,0,0,0,201000,0,0,0,269000,68000,201000,201000
061307,和潤永豐9A購02  ,0,0,0,0,0,0,0,0,0,201000,0,0,0,206000,5000,201000,201000
062233,神隆凱基9B購01  ,0,0,0,0,0,0,0,0,0,201000,0,0,0,329000,128000,201000,201000
064795,致伸國票01購01  ,0,0,0,0,0,0,0,0,0,201000,0,0,0,242000,41000,201000,201000
065138,上銀凱基02購01  ,0,0,0,0,0,0,0,0,0,201000,0,0,0,251000,50000,201000,201000
06371P,茂林國票98售04  ,0,0,0,0,0,0,0,0,0,201000,0,0,0,221000,20000,201000,201000
06593P,欣興元大98售05  ,0,0,0,0,0,0,0,0,0,200000,0,0,0,200000,0,200000,200000
06905P,上証2X國泰99售02,0,0,0,0,0,0,0,0,0,200000,0,0,0,200000,0,200000,200000
066716,高股息元大01購01,0,0,0,0,0,0,0,0,0,200000,0,0,0,200000,0,200000,200000
07685P,玉晶光凱基9B售03,0,0,0,0,0,0,0,0,0,200000,0,0,0,250000,50000,200000,200000
056763,國巨元大99購02  ,0,0,0,0,0,0,0,0,0,200000,0,0,0,202000,2000,200000,200000
053063,力山群益98購01  ,0,0,0,0,0,0,0,0,0,200000,0,0,0,200000,0,200000,200000
056490,台積電國泰99購01,0,0,0,0,0,0,0,0,0,200000,0,0,0,200000,0,200000,200000
055107,旺宏凱基98購04  ,0,0,0,0,0,0,0,0,0,200000,0,0,0,200000,0,200000,200000
060037,鴻海國票99購10  ,0,0,0,0,0,0,0,0,0,200000,0,0,0,200000,0,200000,200000
059685,T50正2永豐99購02,0,0,0,0,0,0,0,0,0,200000,0,0,0,200000,0,200000,200000
061350,牧德元大9B購03  ,0,0,0,0,0,0,0,0,0,200000,0,0,0,200000,0,200000,200000
063477,訊芯元大9B購01  ,0,0,0,0,0,0,0,0,0,200000,0,0,0,238000,38000,200000,200000
064865,美律永豐9C購02  ,0,0,0,0,0,0,0,0,0,200000,0,0,0,268000,68000,200000,200000
065033,和碩兆豐9C購01  ,0,0,0,0,0,0,0,0,0,200000,0,0,0,200000,0,200000,200000
066465,同欣電統一01購05,0,0,0,0,0,0,0,0,0,199000,0,0,0,249000,50000,199000,199000
056840,友達元富98購02  ,0,0,0,0,0,0,0,0,0,199000,0,0,0,199000,0,199000,199000
057314,全新麥證98購01  ,0,0,0,209000,10000,199000,0,0,0,199000,0,0,0,209000,10000,199000,199000
062666,和碩群益9B購01  ,0,0,0,0,0,0,0,0,0,199000,0,0,0,213000,14000,199000,199000
064854,祥碩麥證9C購01  ,0,0,0,598000,399000,199000,0,0,0,199000,0,0,0,598000,399000,199000,199000
063635,漢唐元大9B購04  ,0,0,0,0,0,0,0,0,0,199000,0,0,0,199000,0,199000,199000
065870,正崴群益02購01  ,0,0,0,0,0,0,0,0,0,198000,0,0,0,272000,74000,198000,198000
07357P,鴻海元大99售38  ,0,0,0,0,0,0,0,0,0,198000,0,0,0,198000,0,198000,198000
08520P,和大元大9C售04  ,0,0,0,0,0,0,0,0,0,198000,0,0,0,200000,2000,198000,198000
057804,為升元大98購01  ,0,0,0,0,0,0,0,0,0,198000,0,0,0,250000,52000,198000,198000
00647L,元大S&P500正2   ,2000,0,2000,0,0,0,0,0,0,196000,0,0,0,313000,117000,196000,198000
063356,台表科元富02購01,0,0,0,0,0,0,0,0,0,198000,0,0,0,218000,20000,198000,198000
065146,帆宣凱基9C購01  ,0,0,0,0,0,0,0,0,0,198000,0,0,0,275000,77000,198000,198000
07451P,鴻海元大9B售01  ,0,0,0,0,0,0,0,0,0,197000,0,0,0,197000,0,197000,197000
057923,晶豪科凱基98購02,0,0,0,0,0,0,0,0,0,197000,0,0,0,236000,39000,197000,197000
059852,康控永豐99購02  ,0,0,0,0,0,0,0,0,0,197000,0,0,0,356000,159000,197000,197000
065152,燿華群益9C購02  ,0,0,0,0,0,0,0,0,0,197000,0,0,0,226000,29000,197000,197000
064154,大立光統一01購04,0,0,0,0,0,0,0,0,0,197000,0,0,0,217000,20000,197000,197000
063849,奇鋐元大9C購01  ,0,0,0,0,0,0,0,0,0,197000,0,0,0,404000,207000,197000,197000
058328,世紀鋼統一9B購01,0,0,0,0,0,0,0,0,0,196000,0,0,0,377000,181000,196000,196000
051375,道瓊反群益9A購01,0,0,0,0,0,0,0,0,0,196000,0,0,0,200000,4000,196000,196000
059992,S&P正2元富9B購04,0,0,0,0,0,0,0,0,0,196000,0,0,0,200000,4000,196000,196000
061610,力成統一9C購01  ,0,0,0,0,0,0,0,0,0,196000,0,0,0,518000,322000,196000,196000
064045,南亞科統一9C購04,0,0,0,0,0,0,0,0,0,196000,0,0,0,279000,83000,196000,196000
063050,葡萄王統一01購01,0,0,0,0,0,0,0,0,0,196000,0,0,0,201000,5000,196000,196000
07706P,長榮航元大9A售03,0,0,0,0,0,0,0,0,0,195000,0,0,0,200000,5000,195000,195000
065907,南亞科永豐9C購01,0,0,0,0,0,0,0,0,0,195000,0,0,0,202000,7000,195000,195000
066570,力成元大02購01  ,0,0,0,0,0,0,0,0,0,195000,0,0,0,195000,0,195000,195000
057464,大立光永豐98購02,0,0,0,0,0,0,0,0,0,195000,0,0,0,250000,55000,195000,195000
061634,遠東新元大9A購01,0,0,0,0,0,0,0,0,0,195000,0,0,0,247000,52000,195000,195000
060361,南亞科元富9A購03,0,0,0,0,0,0,0,0,0,195000,0,0,0,225000,30000,195000,195000
063167,同欣電永豐9B購03,0,0,0,0,0,0,0,0,0,195000,0,0,0,195000,0,195000,195000
063586,燿華永豐9B購02  ,0,0,0,0,0,0,0,0,0,195000,0,0,0,245000,50000,195000,195000
064725,緯創統一02購01  ,0,0,0,0,0,0,0,0,0,195000,0,0,0,195000,0,195000,195000
066336,聯陽永豐01購01  ,0,0,0,0,0,0,0,0,0,194000,0,0,0,213000,19000,194000,194000
058321,大立光永豐99購01,0,0,0,0,0,0,0,0,0,194000,0,0,0,715000,521000,194000,194000
057267,康控兆豐99購01  ,0,0,0,0,0,0,0,0,0,194000,0,0,0,753000,559000,194000,194000
061922,瑞昱凱基9B購01  ,0,0,0,0,0,0,0,0,0,194000,0,0,0,197000,3000,194000,194000
062819,奇鋐兆豐9B購01  ,0,0,0,0,0,0,0,0,0,194000,0,0,0,404000,210000,194000,194000
064493,南亞科元大9C購01,0,0,0,0,0,0,0,0,0,194000,0,0,0,194000,0,194000,194000
064815,台表科元大01購01,0,0,0,0,0,0,0,0,0,194000,0,0,0,300000,106000,194000,194000
065437,台表科凱基9C購03,0,0,0,0,0,0,0,0,0,194000,0,0,0,209000,15000,194000,194000
066356,嘉基永豐01購01  ,0,0,0,0,0,0,0,0,0,193000,0,0,0,270000,77000,193000,193000
08505P,臺股指國票9C售07,0,0,0,0,0,0,0,0,0,193000,0,0,0,200000,7000,193000,193000
058222,玉晶光統一9B購01,0,0,0,0,0,0,0,0,0,193000,0,0,0,203000,10000,193000,193000
062854,日電貿永豐9B購01,0,0,0,0,0,0,0,0,0,193000,0,0,0,193000,0,193000,193000
065180,台表科元大9C購10,0,0,0,0,0,0,0,0,0,193000,0,0,0,300000,107000,193000,193000
063648,台表科元大9C購05,0,0,0,0,0,0,0,0,0,193000,0,0,0,229000,36000,193000,193000
07424P,大立光元大9B售01,0,0,0,0,0,0,0,0,0,192000,0,0,0,223000,31000,192000,192000
055907,台虹兆豐98購01  ,0,0,0,0,0,0,0,0,0,192000,0,0,0,230000,38000,192000,192000
063267,台表科中信01購02,0,0,0,0,0,0,0,0,0,192000,0,0,0,206000,14000,192000,192000
059189,國泰金富邦9B購01,0,0,0,0,0,0,0,0,0,191000,0,0,0,191000,0,191000,191000
064313,嘉晶群益9C購02  ,0,0,0,0,0,0,0,0,0,191000,0,0,0,303000,112000,191000,191000
07387P,臺股指群益99售25,0,0,0,0,0,0,0,0,0,190000,0,0,0,200000,10000,190000,190000
06937P,GIS元大98售03   ,0,0,0,0,0,0,0,0,0,190000,0,0,0,200000,10000,190000,190000
06845P,億光元大98售02  ,0,0,0,0,0,0,0,0,0,190000,0,0,0,250000,60000,190000,190000
065900,瑞祺國泰02購01  ,0,0,0,0,0,0,0,0,0,190000,0,0,0,240000,50000,190000,190000
055399,超眾統一99購01  ,0,0,0,0,0,0,0,0,0,190000,0,0,0,200000,10000,190000,190000
060788,嘉晶富邦9B購01  ,0,0,0,0,0,0,0,0,0,190000,0,0,0,190000,0,190000,190000
058699,楠梓電元大99購02,0,0,0,0,0,0,0,0,0,190000,0,0,0,190000,0,190000,190000
063204,高鐵統一9C購01  ,0,0,0,0,0,0,0,0,0,190000,0,0,0,198000,8000,190000,190000
065091,亞光元大9C購01  ,0,0,0,0,0,0,0,0,0,190000,0,0,0,255000,65000,190000,190000
064812,旭富元大9C購04  ,0,0,0,0,0,0,0,0,0,190000,0,0,0,276000,86000,190000,190000
064495,南亞科元大9C購03,0,0,0,0,0,0,0,0,0,190000,0,0,0,210000,20000,190000,190000
1440,南紡            ,1300000,1053500,246500,0,0,0,0,0,0,-57000,0,7000,-7000,0,50000,-50000,189500
06962P,華新科永豐99售01,0,0,0,0,0,0,0,0,0,189000,0,0,0,665000,476000,189000,189000
055439,台表科國票98購02,0,0,0,0,0,0,0,0,0,189000,0,0,0,221000,32000,189000,189000
058946,SGBR2X群益9B購01,0,0,0,0,0,0,0,0,0,189000,0,0,0,295000,106000,189000,189000
061438,牧德凱基9B購02  ,0,0,0,0,0,0,0,0,0,189000,0,0,0,195000,6000,189000,189000
065558,嘉聯益凱基9C購02,0,0,0,0,0,0,0,0,0,189000,0,0,0,189000,0,189000,189000
063107,矽創群益9B購01  ,0,0,0,0,0,0,0,0,0,189000,0,0,0,287000,98000,189000,189000
064080,宏達電中信06購01,0,0,0,0,0,0,0,0,0,189000,0,0,0,210000,21000,189000,189000
1734,杏輝            ,57000,77000,-20000,0,0,0,0,0,0,209000,0,0,0,209000,0,209000,189000
058675,康控群益9B購01  ,0,0,0,0,0,0,0,0,0,188000,0,0,0,298000,110000,188000,188000
056775,康控元大99購01  ,0,0,0,0,0,0,0,0,0,188000,0,0,0,691000,503000,188000,188000
08543P,世芯國票01售02  ,0,0,0,0,0,0,0,0,0,187000,0,0,0,199000,12000,187000,187000
08341P,國泰金台新9C售01,0,0,0,0,0,0,0,0,0,187000,0,0,0,214000,27000,187000,187000
057768,華新科中信9A購01,0,0,0,0,0,0,0,0,0,187000,0,0,0,207000,20000,187000,187000
065098,致伸元大9C購02  ,0,0,0,0,0,0,0,0,0,187000,0,0,0,299000,112000,187000,187000
064978,群創元大9C購07  ,0,0,0,0,0,0,0,0,0,187000,0,0,0,234000,47000,187000,187000
1467,南緯            ,922000,733000,189000,0,0,0,0,0,0,-2000,0,2000,-2000,0,0,0,187000
3006,晶豪科          ,1704000,1075000,629000,0,0,0,0,0,0,-442000,2000,136000,-134000,9000,317000,-308000,187000
059680,台積電國泰9A購03,0,0,0,0,0,0,0,0,0,186000,0,0,0,187000,1000,186000,186000
062218,燿華統一01購01  ,0,0,0,0,0,0,0,0,0,186000,0,0,0,252000,66000,186000,186000
062406,臻鼎永豐9B購01  ,0,0,0,0,0,0,0,0,0,186000,0,0,0,269000,83000,186000,186000
064078,台積電中信06購04,0,0,0,0,0,0,0,0,0,186000,0,0,0,193000,7000,186000,186000
064149,美律統一02購01  ,0,0,0,0,0,0,0,0,0,186000,0,0,0,186000,0,186000,186000
064203,康控兆豐9C購02  ,0,0,0,0,0,0,0,0,0,186000,0,0,0,428000,242000,186000,186000
065909,大立光永豐9C購02,0,0,0,0,0,0,0,0,0,185000,0,0,0,274000,89000,185000,185000
056573,華新科元大99購06,0,0,0,0,0,0,0,0,0,185000,0,0,0,210000,25000,185000,185000
055040,台虹富邦99購01  ,0,0,0,0,0,0,0,0,0,185000,0,0,0,185000,0,185000,185000
2388,威盛            ,826000,641000,185000,0,0,0,0,0,0,0,0,0,0,0,0,0,185000
060326,群光群益9A購01  ,0,0,0,0,0,0,0,0,0,184000,0,0,0,297000,113000,184000,184000
1210,大成            ,572000,457188,114812,0,0,0,0,0,0,69000,56000,10000,46000,23000,0,23000,183812
066460,智原統一03購01  ,0,0,0,0,0,0,0,0,0,183000,0,0,0,318000,135000,183000,183000
061818,富邦金群益9C購01,0,0,0,0,0,0,0,0,0,183000,0,0,0,213000,30000,183000,183000
08695P,嘉晶群益01售01  ,0,0,0,0,0,0,0,0,0,182000,0,0,0,330000,148000,182000,182000
064354,同欣電元大9C購05,0,0,0,0,0,0,0,0,0,182000,0,0,0,261000,79000,182000,182000
1612,宏泰            ,206000,23000,183000,0,0,0,0,0,0,-1000,0,1000,-1000,0,0,0,182000
2348,海悅            ,164000,85000,79000,0,0,0,0,0,0,103000,103000,0,103000,0,0,0,182000
07741P,滬深2X凱基9B售04,0,0,0,0,0,0,0,0,0,181000,0,0,0,181000,0,181000,181000
06850P,聯茂元大98售06  ,0,0,0,0,0,0,0,0,0,181000,0,0,0,181000,0,181000,181000
056095,臻鼎元富9A購01  ,0,0,0,0,0,0,0,0,0,181000,0,0,0,370000,189000,181000,181000
060760,南亞科元大9A購04,0,0,0,0,0,0,0,0,0,181000,0,0,0,210000,29000,181000,181000
064414,臺股指凱基9C購10,0,0,0,0,0,0,0,0,0,181000,0,0,0,198000,17000,181000,181000
065480,旭富元大9C購06  ,0,0,0,0,0,0,0,0,0,181000,0,0,0,461000,280000,181000,181000
066031,力成群益01購01  ,0,0,0,0,0,0,0,0,0,180000,0,0,0,250000,70000,180000,180000
057112,立積群益99購01  ,0,0,0,0,0,0,0,0,0,180000,0,0,0,223000,43000,180000,180000
055821,勤誠國票98購01  ,0,0,0,0,0,0,0,0,0,180000,0,0,0,180000,0,180000,180000
059006,樺漢元大99購01  ,0,0,0,0,0,0,0,0,0,180000,0,0,0,186000,6000,180000,180000
060418,中橡永豐9A購01  ,0,0,0,0,0,0,0,0,0,180000,0,0,0,200000,20000,180000,180000
061155,華新科群益9A購06,0,0,0,0,0,0,0,0,0,180000,0,0,0,180000,0,180000,180000
065419,立積國票01購03  ,0,0,0,0,0,0,0,0,0,180000,0,0,0,310000,130000,180000,180000
064327,金寶元大01購01  ,0,0,0,0,0,0,0,0,0,180000,0,0,0,217000,37000,180000,180000
064234,正崴統一01購01  ,0,0,0,0,0,0,0,0,0,180000,0,0,0,306000,126000,180000,180000
061376,瑞昱永豐9A購02  ,0,0,0,0,0,0,0,0,0,179000,0,0,0,184000,5000,179000,179000
062393,智邦富邦9B購01  ,0,0,0,0,0,0,0,0,0,179000,0,0,0,202000,23000,179000,179000
063022,嘉晶元大9B購04  ,0,0,0,0,0,0,0,0,0,179000,0,0,0,186000,7000,179000,179000
060107,旭富元大99購03  ,0,0,0,0,0,0,0,0,0,179000,0,0,0,532000,353000,179000,179000
063110,牧德兆豐9B購01  ,0,0,0,0,0,0,0,0,0,179000,0,0,0,179000,0,179000,179000
064903,新唐群益9C購01  ,0,0,0,0,0,0,0,0,0,179000,0,0,0,225000,46000,179000,179000
064547,宏達電凱基9C購01,0,0,0,0,0,0,0,0,0,179000,0,0,0,187000,8000,179000,179000
066194,美利達凱基01購01,0,0,0,0,0,0,0,0,0,178000,0,0,0,215000,37000,178000,178000
07071P,立積元富99售01  ,0,0,0,0,0,0,0,0,0,178000,0,0,0,295000,117000,178000,178000
060790,日月光富邦9A購01,0,0,0,0,0,0,0,0,0,178000,0,0,0,813000,635000,178000,178000
060290,興富發元大9C購01,0,0,0,0,0,0,0,0,0,178000,0,0,0,244000,66000,178000,178000
063476,台表科元大9C購03,0,0,0,0,0,0,0,0,0,178000,0,0,0,339000,161000,178000,178000
3321,同泰            ,188000,10000,178000,0,0,0,0,0,0,0,0,0,0,0,0,0,178000
057583,啟碁中信9A購01  ,0,0,0,0,0,0,0,0,0,177000,0,0,0,177000,0,177000,177000
062253,燿華元大9B購02  ,0,0,0,0,0,0,0,0,0,177000,0,0,0,269000,92000,177000,177000
060195,旭富元富9A購02  ,0,0,0,0,0,0,0,0,0,177000,0,0,0,187000,10000,177000,177000
061876,明泰元大9B購01  ,0,0,0,0,0,0,0,0,0,177000,0,0,0,208000,31000,177000,177000
066769,嘉基永豐01購02  ,0,0,0,0,0,0,0,0,0,176000,0,0,0,181000,5000,176000,176000
066296,昇陽半元大01購02,0,0,0,0,0,0,0,0,0,176000,0,0,0,241000,65000,176000,176000
00652,富邦印度        ,98000,7000,91000,0,0,0,0,0,0,85000,0,0,0,85000,0,85000,176000
064284,京鼎元大9C購01  ,0,0,0,0,0,0,0,0,0,176000,0,0,0,378000,202000,176000,176000
063893,微星群益9C購01  ,0,0,0,0,0,0,0,0,0,176000,0,0,0,180000,4000,176000,176000
066160,美利達康和01購01,0,0,0,0,0,0,0,0,0,175000,0,0,0,213000,38000,175000,175000
065857,嘉聯益元大9C購03,0,0,0,0,0,0,0,0,0,175000,0,0,0,200000,25000,175000,175000
055812,台積電國票99購02,0,0,0,0,0,0,0,0,0,175000,0,0,0,180000,5000,175000,175000
063265,瑞祺永豐9B購01  ,0,0,0,0,0,0,0,0,0,175000,0,0,0,175000,0,175000,175000
063327,燿華國票9C購02  ,0,0,0,0,0,0,0,0,0,175000,0,0,0,175000,0,175000,175000
064681,牧德兆豐01購01  ,0,0,0,0,0,0,0,0,0,175000,0,0,0,229000,54000,175000,175000
066487,聯詠元富01購03  ,0,0,0,0,0,0,0,0,0,174000,0,0,0,175000,1000,174000,174000
062279,晶豪科群益9B購01,0,0,0,0,0,0,0,0,0,174000,0,0,0,222000,48000,174000,174000
065944,大成鋼統一02購01,0,0,0,0,0,0,0,0,0,173000,0,0,0,224000,51000,173000,173000
066278,健策元大02購01  ,0,0,0,0,0,0,0,0,0,173000,0,0,0,195000,22000,173000,173000
06923P,鴻海群益98售09  ,0,0,0,0,0,0,0,0,0,173000,0,0,0,225000,52000,173000,173000
07497P,鴻海元大9A售06  ,0,0,0,0,0,0,0,0,0,173000,0,0,0,173000,0,173000,173000
057699,可成群益9A購02  ,0,0,0,0,0,0,0,0,0,173000,0,0,0,194000,21000,173000,173000
060870,旭富群益9A購01  ,0,0,0,0,0,0,0,0,0,173000,0,0,0,319000,146000,173000,173000
064342,晶技元大9C購01  ,0,0,0,0,0,0,0,0,0,173000,0,0,0,177000,4000,173000,173000
08380P,GIS元大9C售06   ,0,0,0,0,0,0,0,0,0,172000,0,0,0,202000,30000,172000,172000
066185,松翰凱基01購01  ,0,0,0,0,0,0,0,0,0,172000,0,0,0,584000,412000,172000,172000
06854P,鴻海富邦99售05  ,0,0,0,0,0,0,0,0,0,172000,0,0,0,202000,30000,172000,172000
053686,台積電元大97購08,0,0,0,0,0,0,0,0,0,172000,0,0,0,172000,0,172000,172000
060513,緯穎元大9B購01  ,0,0,0,0,0,0,0,0,0,172000,0,0,0,333000,161000,172000,172000
064262,玉晶光永豐9C購03,0,0,0,0,0,0,0,0,0,172000,0,0,0,252000,80000,172000,172000
063172,廣達中信9C購01  ,0,0,0,0,0,0,0,0,0,172000,0,0,0,220000,48000,172000,172000
057408,台郡群益98購01  ,0,0,0,0,0,0,0,0,0,171000,0,0,0,221000,50000,171000,171000
062745,聯詠永豐9B購01  ,0,0,0,0,0,0,0,0,0,171000,0,0,0,350000,179000,171000,171000
062632,嘉晶國票9B購01  ,0,0,0,0,0,0,0,0,0,171000,0,0,0,186000,15000,171000,171000
064959,巨大凱基9C購02  ,0,0,0,0,0,0,0,0,0,171000,0,0,0,181000,10000,171000,171000
054695,世芯永豐98購01  ,0,0,0,0,0,0,0,0,0,170000,0,0,0,170000,0,170000,170000
046881,智原富邦99購01  ,0,0,0,0,0,0,0,0,0,170000,0,0,0,291000,121000,170000,170000
054279,揚明光群益98購01,0,0,0,0,0,0,0,0,0,170000,0,0,0,170000,0,170000,170000
061231,聚陽元大9A購02  ,0,0,0,0,0,0,0,0,0,170000,0,0,0,170000,0,170000,170000
056994,緯穎兆豐98購02  ,0,0,0,0,0,0,0,0,0,170000,0,0,0,170000,0,170000,170000
057656,大成鋼兆豐98購01,0,0,0,0,0,0,0,0,0,170000,0,0,0,170000,0,170000,170000
062707,致伸元大9B購01  ,0,0,0,0,0,0,0,0,0,170000,0,0,0,278000,108000,170000,170000
059016,晶相光元富99購03,0,0,0,0,0,0,0,0,0,170000,0,0,0,170000,0,170000,170000
064945,中橡凱基9C購01  ,0,0,0,0,0,0,0,0,0,170000,0,0,0,170000,0,170000,170000
064876,旺宏兆豐9C購01  ,0,0,0,0,0,0,0,0,0,170000,0,0,0,170000,0,170000,170000
065267,聯鈞元大9C購02  ,0,0,0,0,0,0,0,0,0,170000,0,0,0,221000,51000,170000,170000
08737P,聯詠凱基01售01  ,0,0,0,0,0,0,0,0,0,170000,0,0,0,230000,60000,170000,170000
08344P,旺宏元大01售02  ,0,0,0,0,0,0,0,0,0,169000,0,0,0,253000,84000,169000,169000
057493,聯詠元大98購02  ,0,0,0,0,0,0,0,0,0,169000,0,0,0,281000,112000,169000,169000
061796,興勤永豐9B購01  ,0,0,0,0,0,0,0,0,0,169000,0,0,0,273000,104000,169000,169000
065126,世芯永豐9C購02  ,0,0,0,0,0,0,0,0,0,169000,0,0,0,225000,56000,169000,169000
066073,奇鋐凱基01購01  ,0,0,0,0,0,0,0,0,0,168000,0,0,0,358000,190000,168000,168000
065784,正崴永豐9C購01  ,0,0,0,0,0,0,0,0,0,168000,0,0,0,255000,87000,168000,168000
055781,聯詠凱基98購01  ,0,0,0,0,0,0,0,0,0,168000,0,0,0,349000,181000,168000,168000
065485,巨大元大9C購02  ,0,0,0,0,0,0,0,0,0,168000,0,0,0,242000,74000,168000,168000
066164,精元凱基01購01  ,0,0,0,0,0,0,0,0,0,166000,0,0,0,178000,12000,166000,166000
066311,生達永豐01購01  ,0,0,0,0,0,0,0,0,0,166000,0,0,0,167000,1000,166000,166000
061639,晶豪科元大9A購02,0,0,0,0,0,0,0,0,0,166000,0,0,0,219000,53000,166000,166000
061318,智邦凱基9B購01  ,0,0,0,0,0,0,0,0,0,166000,0,0,0,166000,0,166000,166000
060306,台肥永豐9A購01  ,0,0,0,0,0,0,0,0,0,166000,0,0,0,240000,74000,166000,166000
063874,志超永豐9C購01  ,0,0,0,0,0,0,0,0,0,166000,0,0,0,166000,0,166000,166000
1789,神隆            ,2644000,2216000,428000,0,0,0,0,0,0,-262000,0,33000,-33000,27000,256000,-229000,166000
06701P,臺股指統一99售06,0,0,0,0,0,0,0,0,0,165000,125000,0,125000,580000,540000,40000,165000
08486P,富邦金群益9C售02,0,0,0,0,0,0,0,0,0,165000,0,0,0,175000,10000,165000,165000
056668,光磊國票99購01  ,0,0,0,0,0,0,0,0,0,165000,0,0,0,195000,30000,165000,165000
062527,美律統一01購01  ,0,0,0,0,0,0,0,0,0,165000,0,0,0,178000,13000,165000,165000
061708,同欣電國票9A購02,0,0,0,0,0,0,0,0,0,165000,0,0,0,165000,0,165000,165000
060640,京鼎永豐9A購01  ,0,0,0,0,0,0,0,0,0,165000,0,0,0,165000,0,165000,165000
06545P,致茂元大98售01  ,0,0,0,0,0,0,0,0,0,165000,0,0,0,165000,0,165000,165000
065236,旭富凱基9C購01  ,0,0,0,0,0,0,0,0,0,165000,0,0,0,186000,21000,165000,165000
065327,台表科凱基9C購02,0,0,0,0,0,0,0,0,0,165000,0,0,0,165000,0,165000,165000
064443,同欣電凱基03購01,0,0,0,0,0,0,0,0,0,165000,0,0,0,313000,148000,165000,165000
2345,智邦            ,1580000,1342131,237869,0,0,0,77000,9000,68000,-141000,72000,202000,-130000,23000,34000,-11000,164869
07450P,鴻海元大9A售03  ,0,0,0,0,0,0,0,0,0,164000,0,0,0,164000,0,164000,164000
056911,緯穎元大99購01  ,0,0,0,0,0,0,0,0,0,164000,0,0,0,365000,201000,164000,164000
061138,晶技統一9C購01  ,0,0,0,0,0,0,0,0,0,164000,0,0,0,164000,0,164000,164000
06935P,神達元大98售02  ,0,0,0,0,0,0,0,0,0,163000,0,0,0,210000,47000,163000,163000
065774,旭富國票01購01  ,0,0,0,0,0,0,0,0,0,163000,0,0,0,163000,0,163000,163000
065848,聯詠元大9C購03  ,1000,0,1000,0,0,0,0,0,0,162000,0,0,0,437000,275000,162000,163000
061122,敬鵬永豐9A購01  ,0,0,0,0,0,0,0,0,0,163000,0,0,0,173000,10000,163000,163000
060410,台苯永豐9A購01  ,0,0,0,0,0,0,0,0,0,163000,0,0,0,193000,30000,163000,163000
062655,漢唐永豐9B購01  ,0,0,0,0,0,0,0,0,0,163000,0,0,0,163000,0,163000,163000
062089,矽創元大9B購02  ,0,0,0,0,0,0,0,0,0,163000,0,0,0,289000,126000,163000,163000
065109,台勝科國票01購01,0,0,0,0,0,0,0,0,0,163000,0,0,0,201000,38000,163000,163000
063209,巨大統一01購01  ,0,0,0,0,0,0,0,0,0,163000,0,0,0,585000,422000,163000,163000
063485,巨大元大9B購04  ,0,0,0,0,0,0,0,0,0,163000,0,0,0,396000,233000,163000,163000
08333P,大立光富邦02售03,0,0,0,0,0,0,0,0,0,162000,0,0,0,293000,131000,162000,162000
057548,微星凱基99購01  ,0,0,0,0,0,0,0,0,0,162000,0,0,0,212000,50000,162000,162000
063201,廣達統一01購01  ,0,0,0,0,0,0,0,0,0,162000,0,0,0,383000,221000,162000,162000
065177,旭富元大9C購05  ,0,0,0,0,0,0,0,0,0,162000,0,0,0,238000,76000,162000,162000
1466,聚隆            ,334000,222000,112000,0,0,0,0,0,0,50000,0,0,0,50000,0,50000,162000
066348,松翰永豐01購01  ,0,0,0,0,0,0,0,0,0,161000,0,0,0,186000,25000,161000,161000
063169,台汽電永豐9B購01,0,0,0,0,0,0,0,0,0,161000,0,0,0,182000,21000,161000,161000
063644,祥碩元大9B購10  ,0,0,0,0,0,0,0,0,0,161000,0,0,0,214000,53000,161000,161000
064175,華通國泰02購01  ,0,0,0,0,0,0,0,0,0,161000,0,0,0,162000,1000,161000,161000
064302,美律兆豐01購01  ,0,0,0,0,0,0,0,0,0,161000,0,0,0,171000,10000,161000,161000
064411,台表科凱基02購01,0,0,0,0,0,0,0,0,0,161000,0,0,0,161000,0,161000,161000
07693P,群創元大9B售10  ,0,0,0,0,0,0,0,0,0,160000,0,0,0,160000,0,160000,160000
057182,禾伸堂元大99購02,0,0,0,0,0,0,0,0,0,160000,0,0,0,277000,117000,160000,160000
058156,超眾統一9A購02  ,0,0,0,0,0,0,0,0,0,160000,0,0,0,170000,10000,160000,160000
063322,台郡群益9B購02  ,0,0,0,0,0,0,0,0,0,160000,0,0,0,327000,167000,160000,160000
9958,世紀鋼          ,1700000,1393000,307000,0,0,0,50000,737000,-687000,540000,57000,295000,-238000,1013000,235000,778000,160000
08491P,全新元大9C售01  ,0,0,0,0,0,0,0,0,0,159000,0,0,0,212000,53000,159000,159000
065869,微星群益02購01  ,0,0,0,0,0,0,0,0,0,159000,0,0,0,159000,0,159000,159000
065439,台積電麥證9C購01,0,0,0,160000,1000,159000,0,0,0,159000,0,0,0,160000,1000,159000,159000
064665,南亞科元大9C購06,0,0,0,0,0,0,0,0,0,159000,0,0,0,169000,10000,159000,159000
8210,勤誠            ,580000,366000,214000,0,0,0,0,0,0,-55000,32000,38000,-6000,79000,128000,-49000,159000
065880,訊芯群益9C購01  ,0,0,0,0,0,0,0,0,0,158000,0,0,0,178000,20000,158000,158000
061080,華邦電兆豐9B購01,0,0,0,0,0,0,0,0,0,158000,0,0,0,295000,137000,158000,158000
064209,燿華凱基01購01  ,0,0,0,0,0,0,0,0,0,158000,0,0,0,183000,25000,158000,158000
066101,微星國票02購01  ,0,0,0,0,0,0,0,0,0,157000,0,0,0,157000,0,157000,157000
08328P,國巨國票9C售07  ,0,0,0,0,0,0,0,0,0,157000,0,0,0,162000,5000,157000,157000
00662,富邦NASDAQ      ,0,0,0,0,0,0,0,0,0,157000,0,0,0,314000,157000,157000,157000
060983,南亞科元大9A購06,0,0,0,0,0,0,0,0,0,157000,0,0,0,182000,25000,157000,157000
060958,儒鴻凱基9A購02  ,0,0,0,0,0,0,0,0,0,157000,0,0,0,157000,0,157000,157000
059424,SGBR2X元大9A購01,0,0,0,0,0,0,0,0,0,157000,0,0,0,220000,63000,157000,157000
061357,寶成元大9A購01  ,0,0,0,0,0,0,0,0,0,157000,0,0,0,200000,43000,157000,157000
064036,矽創元大9C購01  ,0,0,0,0,0,0,0,0,0,157000,0,0,0,316000,159000,157000,157000
065370,瑞昱元大9C購02  ,0,0,0,0,0,0,0,0,0,157000,0,0,0,217000,60000,157000,157000
08701P,景碩康和01售02  ,0,0,0,0,0,0,0,0,0,156000,0,0,0,182000,26000,156000,156000
066431,台郡元大02購01  ,0,0,0,0,0,0,0,0,0,156000,0,0,0,437000,281000,156000,156000
066565,泰鼎元大01購01  ,0,0,0,0,0,0,0,0,0,156000,0,0,0,164000,8000,156000,156000
065379,立積元大01購01  ,0,0,0,0,0,0,0,0,0,156000,0,0,0,256000,100000,156000,156000
066543,大成鋼元大01購02,0,0,0,0,0,0,0,0,0,155000,0,0,0,161000,6000,155000,155000
065736,同欣電凱基9C購05,0,0,0,0,0,0,0,0,0,155000,0,0,0,160000,5000,155000,155000
08714P,華碩元富01售03  ,0,0,0,0,0,0,0,0,0,155000,0,0,0,195000,40000,155000,155000
08645P,臺股指中信03售01,0,0,0,0,0,0,0,0,0,155000,0,0,0,225000,70000,155000,155000
06933P,禾伸堂元大98售03,0,0,0,0,0,0,0,0,0,155000,0,0,0,210000,55000,155000,155000
055570,華通統一98購03  ,0,0,0,0,0,0,0,0,0,155000,0,0,0,184000,29000,155000,155000
061478,奇鋐元大9A購01  ,0,0,0,0,0,0,0,0,0,155000,0,0,0,308000,153000,155000,155000
062823,台表科兆豐9B購01,0,0,0,0,0,0,0,0,0,155000,0,0,0,155000,0,155000,155000
065472,華新元大01購01  ,0,0,0,0,0,0,0,0,0,155000,0,0,0,336000,181000,155000,155000
064672,同欣電元大01購01,0,0,0,0,0,0,0,0,0,155000,0,0,0,180000,25000,155000,155000
064906,台表科群益9C購02,0,0,0,0,0,0,0,0,0,155000,0,0,0,240000,85000,155000,155000
064833,新光金統一02購01,0,0,0,0,0,0,0,0,0,155000,0,0,0,155000,0,155000,155000
4977,眾達-KY         ,687000,640000,47000,0,0,0,214000,0,214000,-106000,120000,125000,-5000,12000,113000,-101000,155000
065847,嘉晶元大9C購03  ,0,0,0,0,0,0,0,0,0,154000,0,0,0,172000,18000,154000,154000
057118,欣興日盛9A購01  ,0,0,0,0,0,0,0,0,0,154000,0,0,0,157000,3000,154000,154000
062170,健策永豐9B購04  ,0,0,0,0,0,0,0,0,0,154000,0,0,0,159000,5000,154000,154000
064520,京鼎群益02購01  ,0,0,0,0,0,0,0,0,0,154000,0,0,0,200000,46000,154000,154000
063195,訊連元富9B購01  ,0,0,0,0,0,0,0,0,0,154000,0,0,0,492000,338000,154000,154000
066205,京鼎統一03購01  ,0,0,0,0,0,0,0,0,0,153000,0,0,0,415000,262000,153000,153000
066345,正文永豐01購01  ,0,0,0,0,0,0,0,0,0,153000,0,0,0,158000,5000,153000,153000
062363,燿華元大9B購03  ,0,0,0,0,0,0,0,0,0,153000,0,0,0,156000,3000,153000,153000
063884,台表科元富03購01,0,0,0,0,0,0,0,0,0,153000,0,0,0,153000,0,153000,153000
066407,昇陽半凱基01購01,0,0,0,0,0,0,0,0,0,152000,0,0,0,250000,98000,152000,152000
08092P,仁寶元富9B售02  ,0,0,0,0,0,0,0,0,0,152000,0,0,0,157000,5000,152000,152000
056677,智伸科元富98購01,0,0,0,0,0,0,0,0,0,152000,0,0,0,153000,1000,152000,152000
061706,旭富國票9A購02  ,0,0,0,0,0,0,0,0,0,152000,0,0,0,484000,332000,152000,152000
064103,大立光群益9C購03,0,0,0,0,0,0,0,0,0,152000,0,0,0,369000,217000,152000,152000
064509,台表科元大9C購08,0,0,0,0,0,0,0,0,0,152000,0,0,0,235000,83000,152000,152000
064647,致伸凱基9C購01  ,0,0,0,0,0,0,0,0,0,152000,0,0,0,189000,37000,152000,152000
3712,永崴投控        ,65000,33000,32000,0,0,0,0,0,0,120000,0,0,0,120000,0,120000,152000
08633P,聯發科元大9C售20,0,0,0,0,0,0,0,0,0,151000,0,0,0,595000,444000,151000,151000
07825P,健策國泰9B售04  ,0,0,0,0,0,0,0,0,0,151000,0,0,0,251000,100000,151000,151000
066403,台郡凱基01購02  ,0,0,0,0,0,0,0,0,0,151000,0,0,0,151000,0,151000,151000
060105,牧德元大9B購01  ,0,0,0,0,0,0,0,0,0,151000,0,0,0,183000,32000,151000,151000
059949,啟碁永豐99購01  ,0,0,0,0,0,0,0,0,0,151000,0,0,0,301000,150000,151000,151000
064806,微星元大01購01  ,0,0,0,0,0,0,0,0,0,151000,0,0,0,316000,165000,151000,151000
061233,國巨元大9A購17  ,0,0,0,0,0,0,0,0,0,150000,0,0,0,150000,0,150000,150000
057231,美律凱基98購05  ,0,0,0,0,0,0,0,0,0,150000,0,0,0,170000,20000,150000,150000
054772,康控國票98購02  ,0,0,0,0,0,0,0,0,0,150000,0,0,0,150000,0,150000,150000
055963,欣興元大97購04  ,0,0,0,0,0,0,0,0,0,150000,0,0,0,150000,0,150000,150000
054167,揚明光凱基98購01,0,0,0,0,0,0,0,0,0,150000,0,0,0,150000,0,150000,150000
060454,葡萄王元大9A購01,0,0,0,0,0,0,0,0,0,150000,0,0,0,150000,0,150000,150000
064037,寶成元大9C購02  ,0,0,0,0,0,0,0,0,0,150000,0,0,0,167000,17000,150000,150000
058537,彩晶統一9B購01  ,0,0,0,0,0,0,0,0,0,149000,0,0,0,234000,85000,149000,149000
060051,台積電凱基9B購01,0,0,0,0,0,0,0,0,0,149000,0,0,0,169000,20000,149000,149000
064546,燿華凱基02購01  ,0,0,0,0,0,0,0,0,0,149000,0,0,0,204000,55000,149000,149000
065499,京元電富邦01購01,0,0,0,0,0,0,0,0,0,149000,0,0,0,1029000,880000,149000,149000
066369,瀚宇博中信01購01,0,0,0,0,0,0,0,0,0,148000,0,0,0,238000,90000,148000,148000
061168,力成兆豐9A購01  ,0,0,0,0,0,0,0,0,0,148000,0,0,0,364000,216000,148000,148000
056571,燿華元大98購02  ,0,0,0,0,0,0,0,0,0,148000,0,0,0,397000,249000,148000,148000
057073,康控永豐98購01  ,0,0,0,0,0,0,0,0,0,148000,0,0,0,319000,171000,148000,148000
056061,國泰金元大97購02,0,0,0,0,0,0,0,0,0,148000,0,0,0,148000,0,148000,148000
060984,南亞科元大9A購07,0,0,0,0,0,0,0,0,0,148000,0,0,0,148000,0,148000,148000
059086,國巨元大99購18  ,0,0,0,0,0,0,0,0,0,148000,0,0,0,228000,80000,148000,148000
063897,神達群益9C購01  ,0,0,0,0,0,0,0,0,0,148000,0,0,0,319000,171000,148000,148000
07162P,臺股指群益99售13,0,0,0,0,0,0,0,0,0,147000,0,0,0,162000,15000,147000,147000
08234P,華擎元富9B售03  ,0,0,0,0,0,0,0,0,0,147000,0,0,0,167000,20000,147000,147000
064207,國巨凱基03購02  ,0,0,0,0,0,0,0,0,0,147000,0,0,0,210000,63000,147000,147000
064358,台達電統一01購02,0,0,0,0,0,0,0,0,0,147000,0,0,0,204000,57000,147000,147000
064376,美律元富9C購01  ,0,0,0,0,0,0,0,0,0,147000,0,0,0,169000,22000,147000,147000
065038,上銀凱基9C購02  ,0,0,0,0,0,0,0,0,0,147000,0,0,0,147000,0,147000,147000
3257,虹冠電          ,221000,74000,147000,0,0,0,0,0,0,0,0,0,0,0,0,0,147000
065874,智原群益9C購01  ,0,0,0,0,0,0,0,0,0,146000,0,0,0,146000,0,146000,146000
058146,勤誠元大99購01  ,0,0,0,0,0,0,0,0,0,146000,0,0,0,899000,753000,146000,146000
065607,聯詠元大9C購02  ,0,0,0,0,0,0,0,0,0,146000,0,0,0,379000,233000,146000,146000
2323,中環            ,3104000,2981000,123000,0,0,0,0,0,0,23000,54000,48000,6000,160000,143000,17000,146000
065777,正崴國泰03購01  ,0,0,0,0,0,0,0,0,0,145000,0,0,0,165000,20000,145000,145000
066515,強茂永豐01購02  ,0,0,0,0,0,0,0,0,0,145000,0,0,0,145000,0,145000,145000
07855P,旺宏凱基9A售09  ,0,0,0,0,0,0,0,0,0,145000,0,0,0,155000,10000,145000,145000
057515,智原元富98購02  ,0,0,0,0,0,0,0,0,0,145000,0,0,0,245000,100000,145000,145000
064939,健策元富9C購03  ,0,0,0,0,0,0,0,0,0,145000,0,0,0,175000,30000,145000,145000
063490,儒鴻富邦9C購01  ,0,0,0,0,0,0,0,0,0,145000,0,0,0,145000,0,145000,145000
08670P,健策統一01售01  ,0,0,0,0,0,0,0,0,0,144000,0,0,0,175000,31000,144000,144000
054055,全新國票99購02  ,0,0,0,0,0,0,0,0,0,144000,0,0,0,150000,6000,144000,144000
058091,欣興元大99購03  ,0,0,0,0,0,0,0,0,0,144000,0,0,0,182000,38000,144000,144000
061094,彩晶統一9B購02  ,0,0,0,0,0,0,0,0,0,144000,0,0,0,144000,0,144000,144000
058744,FBVIX凱基9C購03 ,0,0,0,0,0,0,0,0,0,144000,0,0,0,572000,428000,144000,144000
08214P,南六統一9B售03  ,0,0,0,0,0,0,0,0,0,143000,0,0,0,676000,533000,143000,143000
066295,昇陽半元大01購01,0,0,0,0,0,0,0,0,0,143000,0,0,0,197000,54000,143000,143000
065760,和碩元大9C購02  ,0,0,0,0,0,0,0,0,0,143000,0,0,0,168000,25000,143000,143000
066171,德律凱基01購01  ,0,0,0,0,0,0,0,0,0,143000,0,0,0,331000,188000,143000,143000
058324,嘉聯益永豐9A購01,0,0,0,0,0,0,0,0,0,143000,0,0,0,143000,0,143000,143000
060682,牧德元大9A購03  ,0,0,0,0,0,0,0,0,0,143000,0,0,0,143000,0,143000,143000
062520,晶豪科元大9B購02,0,0,0,0,0,0,0,0,0,143000,0,0,0,144000,1000,143000,143000
066203,景碩統一03購01  ,0,0,0,0,0,0,0,0,0,142000,0,0,0,172000,30000,142000,142000
08534P,玉晶光元富06售02,0,0,0,0,0,0,0,0,0,142000,0,0,0,170000,28000,142000,142000
062858,微星國票9B購01  ,0,0,0,0,0,0,0,0,0,142000,0,0,0,142000,0,142000,142000
063470,泰鼎元大9B購03  ,0,0,0,0,0,0,0,0,0,142000,0,0,0,200000,58000,142000,142000
064915,美律統一02購02  ,0,0,0,0,0,0,0,0,0,142000,0,0,0,174000,32000,142000,142000
065264,亞光元大9C購02  ,0,0,0,0,0,0,0,0,0,142000,0,0,0,183000,41000,142000,142000
08331P,義隆元富9C售02  ,0,0,0,0,0,0,0,0,0,141000,0,0,0,296000,155000,141000,141000
059581,日月光元富99購02,0,0,0,0,0,0,0,0,0,141000,0,0,0,622000,481000,141000,141000
064152,義隆統一02購02  ,0,0,0,0,0,0,0,0,0,141000,0,0,0,144000,3000,141000,141000
08364P,聯發科凱基02售02,0,0,0,0,0,0,0,0,0,140000,0,0,0,140000,0,140000,140000
065752,正崴元大9C購01  ,0,0,0,0,0,0,0,0,0,140000,0,0,0,336000,196000,140000,140000
066572,台郡元大01購02  ,0,0,0,0,0,0,0,0,0,140000,0,0,0,189000,49000,140000,140000
060789,禾伸堂富邦9B購02,0,0,0,0,0,0,0,0,0,140000,0,0,0,150000,10000,140000,140000
056703,群創國泰9A購01  ,0,0,0,0,0,0,0,0,0,140000,0,0,0,195000,55000,140000,140000
057720,日電貿元富98購01,0,0,0,0,0,0,0,0,0,140000,0,0,0,140000,0,140000,140000
063665,南亞科統一01購02,0,0,0,0,0,0,0,0,0,140000,0,0,0,220000,80000,140000,140000
064942,道瓊反凱基02購01,0,0,0,0,0,0,0,0,0,140000,0,0,0,140000,0,140000,140000
07407P,欣興凱基99售07  ,0,0,0,0,0,0,0,0,0,139000,0,0,0,320000,181000,139000,139000
056676,國產元富98購01  ,0,0,0,0,0,0,0,0,0,139000,0,0,0,163000,24000,139000,139000
062874,微星兆豐9B購01  ,0,0,0,0,0,0,0,0,0,139000,0,0,0,387000,248000,139000,139000
064641,神隆凱基9C購01  ,0,0,0,0,0,0,0,0,0,139000,0,0,0,282000,143000,139000,139000
063246,嘉晶元大9C購01  ,0,0,0,0,0,0,0,0,0,139000,0,0,0,157000,18000,139000,139000
07489P,國巨國票9A售07  ,0,0,0,0,0,0,0,0,0,138000,0,0,0,138000,0,138000,138000
066377,健策兆豐01購02  ,0,0,0,0,0,0,0,0,0,138000,0,0,0,183000,45000,138000,138000
066267,強茂元大01購02  ,0,0,0,0,0,0,0,0,0,138000,0,0,0,145000,7000,138000,138000
054088,華新群益98購02  ,0,0,0,0,0,0,0,0,0,138000,0,0,0,238000,100000,138000,138000
055982,T50反1元富97購01,0,0,0,0,0,0,0,0,0,138000,0,0,0,138000,0,138000,138000
055701,亞德客富邦99購01,0,0,0,0,0,0,0,0,0,138000,0,0,0,190000,52000,138000,138000
063035,燿華凱基9B購02  ,0,0,0,0,0,0,0,0,0,138000,0,0,0,145000,7000,138000,138000
064137,台泥統一02購01  ,0,0,0,0,0,0,0,0,0,138000,0,0,0,199000,61000,138000,138000
064883,GIS兆豐01購01   ,0,0,0,0,0,0,0,0,0,138000,0,0,0,138000,0,138000,138000
065481,臻鼎元大9C購04  ,0,0,0,0,0,0,0,0,0,138000,0,0,0,273000,135000,138000,138000
066362,瑞昱中信05購01  ,0,0,0,0,0,0,0,0,0,137000,0,0,0,195000,58000,137000,137000
058154,泰碩統一9A購01  ,0,0,0,0,0,0,0,0,0,137000,0,0,0,187000,50000,137000,137000
059351,台虹凱基99購01  ,0,0,0,0,0,0,0,0,0,137000,0,0,0,178000,41000,137000,137000
061130,牧德永豐9A購04  ,0,0,0,0,0,0,0,0,0,137000,0,0,0,137000,0,137000,137000
064569,群創群益9C購01  ,0,0,0,0,0,0,0,0,0,137000,0,0,0,151000,14000,137000,137000
066499,台郡國泰02購01  ,0,0,0,0,0,0,0,0,0,136000,0,0,0,136000,0,136000,136000
066449,瀚宇博群益01購01,0,0,0,0,0,0,0,0,0,136000,0,0,0,136000,0,136000,136000
066610,台積電麥證01購02,0,0,0,136000,0,136000,0,0,0,136000,0,0,0,136000,0,136000,136000
066089,文曄永豐01購01  ,0,0,0,0,0,0,0,0,0,136000,0,0,0,136000,0,136000,136000
08451P,南六統一9C售06  ,0,50000,-50000,0,0,0,0,0,0,186000,0,0,0,231000,45000,186000,136000
055689,台郡凱基99購01  ,0,0,0,0,0,0,0,0,0,136000,0,0,0,136000,0,136000,136000
00656R,國泰中國A50反1  ,0,2000,-2000,0,0,0,0,0,0,138000,0,0,0,464000,326000,138000,136000
061129,文曄永豐9A購01  ,0,0,0,0,0,0,0,0,0,136000,0,0,0,136000,0,136000,136000
062333,嘉晶統一9C購01  ,0,0,0,0,0,0,0,0,0,136000,0,0,0,371000,235000,136000,136000
065649,牧德元大03購01  ,0,0,0,0,0,0,0,0,0,136000,0,0,0,161000,25000,136000,136000
064359,華通統一9C購05  ,0,0,0,0,0,0,0,0,0,136000,0,0,0,136000,0,136000,136000
063058,A50正2元富02購01,0,0,0,0,0,0,0,0,0,136000,0,0,0,211000,75000,136000,136000
066611,台積電麥證01購03,0,0,0,135000,0,135000,0,0,0,135000,0,0,0,135000,0,135000,135000
057102,亞光中信9A購01  ,0,0,0,0,0,0,0,0,0,135000,0,0,0,151000,16000,135000,135000
061717,力成凱基9B購01  ,0,0,0,0,0,0,0,0,0,135000,0,0,0,148000,13000,135000,135000
064649,同欣電凱基01購01,0,0,0,0,0,0,0,0,0,135000,0,0,0,195000,60000,135000,135000
064859,南亞科富邦01購01,0,0,0,0,0,0,0,0,0,135000,0,0,0,135000,0,135000,135000
066147,美利達群益01購01,0,0,0,0,0,0,0,0,0,134000,0,0,0,144000,10000,134000,134000
055817,京鼎國票99購01  ,0,0,0,0,0,0,0,0,0,134000,0,0,0,145000,11000,134000,134000
058514,潤泰全元大99購01,0,0,0,0,0,0,0,0,0,134000,0,0,0,134000,0,134000,134000
065305,泰鼎元富9C購01  ,0,0,0,0,0,0,0,0,0,134000,0,0,0,134000,0,134000,134000
065763,台表科元大9C購14,0,0,0,0,0,0,0,0,0,133000,0,0,0,177000,44000,133000,133000
066731,瑞昱元大01購01  ,0,0,0,0,0,0,0,0,0,133000,0,0,0,243000,110000,133000,133000
07459P,緯穎元大9A售01  ,0,0,0,0,0,0,0,0,0,133000,0,0,0,144000,11000,133000,133000
055232,泰碩國票98購01  ,0,0,0,0,0,0,0,0,0,133000,0,0,0,138000,5000,133000,133000
054533,泰碩國泰98購01  ,0,0,0,0,0,0,0,0,0,133000,0,0,0,146000,13000,133000,133000
03450B,臺股指元大9C熊23,0,0,0,0,0,0,0,0,0,133000,0,0,0,150000,17000,133000,133000
063359,泰鼎國泰01購01  ,0,0,0,0,0,0,0,0,0,133000,0,0,0,199000,66000,133000,133000
08492P,大立光元大9C售22,0,0,0,0,0,0,0,0,0,132000,0,0,0,193000,61000,132000,132000
054768,泰碩國票99購02  ,0,0,0,0,0,0,0,0,0,132000,0,0,0,171000,39000,132000,132000
058828,大毅永豐99購01  ,0,0,0,0,0,0,0,0,0,132000,0,0,0,442000,310000,132000,132000
061527,牧德凱基9A購02  ,0,0,0,0,0,0,0,0,0,132000,0,0,0,142000,10000,132000,132000
061483,TPK元大9A購01   ,0,0,0,0,0,0,0,0,0,132000,0,0,0,135000,3000,132000,132000
062891,台汽電群益9B購01,0,0,0,0,0,0,0,0,0,132000,0,0,0,242000,110000,132000,132000
4906,正文            ,675000,458000,217000,0,0,0,0,0,0,-85000,0,2000,-2000,0,83000,-83000,132000
08366P,祥碩凱基9C售04  ,0,0,0,0,0,0,0,0,0,131000,0,0,0,540000,409000,131000,131000
066376,聯詠兆豐01購01  ,0,0,0,0,0,0,0,0,0,131000,0,0,0,156000,25000,131000,131000
060153,A50正2永豐9A購01,0,0,0,0,0,0,0,0,0,131000,0,0,0,165000,34000,131000,131000
065307,矽格元富9C購01  ,0,0,0,0,0,0,0,0,0,131000,0,0,0,178000,47000,131000,131000
065521,貿聯群益9C購04  ,0,0,0,0,0,0,0,0,0,131000,0,0,0,131000,0,131000,131000
064784,祥碩群益9C購01  ,0,0,0,0,0,0,0,0,0,131000,0,0,0,287000,156000,131000,131000
06936P,瑞儀元大98售01  ,0,0,0,0,0,0,0,0,0,130000,0,0,0,131000,1000,130000,130000
07059P,華通國票9A售02  ,0,0,0,0,0,0,0,0,0,130000,0,0,0,130000,0,130000,130000
07546P,玉晶光凱基9A售09,0,0,0,0,0,0,0,0,0,130000,0,0,0,360000,230000,130000,130000
056023,晶豪科群益97購01,0,0,0,0,0,0,0,0,0,130000,0,0,0,130000,0,130000,130000
057403,亞光群益98購04  ,0,0,0,0,0,0,0,0,0,130000,0,0,0,228000,98000,130000,130000
058068,旺宏凱基98購11  ,0,0,0,0,0,0,0,0,0,130000,0,0,0,130000,0,130000,130000
062915,嘉澤元大9B購03  ,0,0,0,0,0,0,0,0,0,130000,0,0,0,433000,303000,130000,130000
061000,旺宏兆豐9A購02  ,0,0,0,0,0,0,0,0,0,130000,0,0,0,130000,0,130000,130000
065402,漢唐國泰02購01  ,0,0,0,0,0,0,0,0,0,130000,0,0,0,130000,0,130000,130000
063472,茂林元大9B購04  ,0,0,0,0,0,0,0,0,0,130000,0,0,0,130000,0,130000,130000
08617P,緯創元富9C售03  ,0,0,0,0,0,0,0,0,0,129000,0,0,0,231000,102000,129000,129000
08599P,台表科元大9C售11,0,0,0,0,0,0,0,0,0,129000,0,0,0,342000,213000,129000,129000
060804,T50反1群益9A購02,0,0,0,0,0,0,0,0,0,129000,0,0,0,500000,371000,129000,129000
062955,立積永豐9B購02  ,0,0,0,0,0,0,0,0,0,129000,0,0,0,131000,2000,129000,129000
07535P,上銀元富9A售03  ,0,0,0,0,0,0,0,0,0,128000,0,0,0,236000,108000,128000,128000
066361,微星中信05購01  ,0,0,0,0,0,0,0,0,0,128000,0,0,0,218000,90000,128000,128000
066386,宏全康和01購01  ,0,0,0,0,0,0,0,0,0,128000,0,0,0,130000,2000,128000,128000
064247,廣達元富9C購01  ,0,0,0,0,0,0,0,0,0,128000,0,0,0,423000,295000,128000,128000
064580,統一永豐9C購01  ,0,0,0,0,0,0,0,0,0,128000,0,0,0,231000,103000,128000,128000
064444,聚陽統一01購02  ,0,0,0,0,0,0,0,0,0,128000,0,0,0,148000,20000,128000,128000
065906,瑞昱永豐9C購01  ,0,0,0,0,0,0,0,0,0,127000,0,0,0,130000,3000,127000,127000
07579P,聯茂元大9A售01  ,0,0,0,0,0,0,0,0,0,127000,0,0,0,338000,211000,127000,127000
055417,健策富邦98購02  ,0,0,0,0,0,0,0,0,0,127000,0,0,0,127000,0,127000,127000
061441,大毅永豐9A購04  ,0,0,0,0,0,0,0,0,0,127000,0,0,0,147000,20000,127000,127000
064467,南亞科元富9C購02,0,0,0,0,0,0,0,0,0,127000,0,0,0,127000,0,127000,127000
065006,景碩國票01購01  ,0,0,0,0,0,0,0,0,0,127000,0,0,0,147000,20000,127000,127000
063924,致新元富9C購01  ,0,0,0,0,0,0,0,0,0,127000,0,0,0,127000,0,127000,127000
063474,康控元大9B購04  ,0,0,0,0,0,0,0,0,0,127000,0,0,0,255000,128000,127000,127000
063460,智邦元大9B購08  ,0,0,0,0,0,0,0,0,0,127000,0,0,0,134000,7000,127000,127000
08339P,上銀統一9C售04  ,0,0,0,0,0,0,0,0,0,126000,0,0,0,166000,40000,126000,126000
061367,瑞祺國票9A購01  ,0,0,0,0,0,0,0,0,0,126000,0,0,0,129000,3000,126000,126000
06246P,茂林元富97售03  ,0,0,0,0,0,0,0,0,0,126000,0,0,0,126000,0,126000,126000
063073,瑞昱永豐9B購01  ,0,0,0,0,0,0,0,0,0,126000,0,0,0,146000,20000,126000,126000
064984,同欣電元大9C購06,0,0,0,0,0,0,0,0,0,126000,0,0,0,233000,107000,126000,126000
065204,神隆國票01購01  ,0,0,0,0,0,0,0,0,0,126000,0,0,0,126000,0,126000,126000
07966P,瑞祺群益9B售02  ,0,0,0,0,0,0,0,0,0,125000,0,0,0,137000,12000,125000,125000
066225,松翰國泰03購01  ,0,0,0,0,0,0,0,0,0,125000,0,0,0,369000,244000,125000,125000
054778,世紀鋼國票99購01,0,0,0,0,0,0,0,0,0,125000,0,0,0,209000,84000,125000,125000
057946,晶相光國票99購01,0,0,0,0,0,0,0,0,0,125000,0,0,0,188000,63000,125000,125000
062291,力成富邦9B購01  ,0,0,0,0,0,0,0,0,0,125000,0,0,0,125000,0,125000,125000
065611,嘉聯益元大9C購02,0,0,0,0,0,0,0,0,0,125000,0,0,0,201000,76000,125000,125000
063449,全新統一9B購02  ,0,0,0,0,0,0,0,0,0,125000,0,0,0,152000,27000,125000,125000
063676,上銀國泰9C購02  ,0,0,0,0,0,0,0,0,0,125000,0,0,0,135000,10000,125000,125000
064438,大立光凱基01購03,0,0,0,0,0,0,0,0,0,125000,0,0,0,145000,20000,125000,125000
066322,群光永豐01購01  ,0,0,0,0,0,0,0,0,0,124000,0,0,0,135000,11000,124000,124000
08310P,南電凱基9C售01  ,0,0,0,0,0,0,0,0,0,124000,0,0,0,130000,6000,124000,124000
08091P,A50正2元富9B售02,0,0,0,0,0,0,0,0,0,124000,0,0,0,161000,37000,124000,124000
062934,大成鋼凱基9B購02,0,0,0,0,0,0,0,0,0,124000,0,0,0,138000,14000,124000,124000
062237,緯創凱基9B購01  ,0,0,0,0,0,0,0,0,0,124000,0,0,0,133000,9000,124000,124000
063883,超眾元富9C購02  ,0,0,0,0,0,0,0,0,0,124000,0,0,0,124000,0,124000,124000
08441P,同欣電元富9C售01,0,0,0,0,0,0,0,0,0,123000,0,0,0,129000,6000,123000,123000
058299,同欣電凱基9A購01,0,0,0,0,0,0,0,0,0,123000,0,0,0,123000,0,123000,123000
058323,泰鼎永豐9A購01  ,0,0,0,0,0,0,0,0,0,123000,0,0,0,128000,5000,123000,123000
057812,友達元大9A購05  ,0,0,0,0,0,0,0,0,0,123000,0,0,0,123000,0,123000,123000
057468,台郡永豐98購01  ,0,0,0,0,0,0,0,0,0,123000,0,0,0,174000,51000,123000,123000
058732,矽格永豐99購01  ,0,0,0,0,0,0,0,0,0,123000,0,0,0,255000,132000,123000,123000
062633,亞光國票9B購01  ,0,0,0,0,0,0,0,0,0,123000,0,0,0,148000,25000,123000,123000
063928,可成統一01購02  ,0,0,0,0,0,0,0,0,0,123000,0,0,0,124000,1000,123000,123000
063631,燿華元大9B購06  ,0,0,0,0,0,0,0,0,0,123000,0,0,0,144000,21000,123000,123000
065335,玉晶光台新9C購03,0,0,0,0,0,0,0,0,0,123000,0,0,0,132000,9000,123000,123000
064975,南亞科元大9C購07,0,0,0,0,0,0,0,0,0,123000,0,0,0,123000,0,123000,123000
064748,力成國票01購01  ,0,0,0,0,0,0,0,0,0,123000,0,0,0,162000,39000,123000,123000
06928P,鴻海元大99售10  ,0,0,0,0,0,0,0,0,0,122000,0,0,0,133000,11000,122000,122000
020016,統一MSCI美科技N ,0,0,0,0,0,0,0,0,0,122000,0,0,0,195000,73000,122000,122000
058598,T50反1元大99購04,0,0,0,0,0,0,0,0,0,122000,0,0,0,122000,0,122000,122000
062473,同欣電凱基9B購01,0,0,0,0,0,0,0,0,0,122000,0,0,0,154000,32000,122000,122000
064630,巨大元大9C購01  ,0,0,0,0,0,0,0,0,0,122000,0,0,0,134000,12000,122000,122000
063510,台表科群益9C購01,0,0,0,0,0,0,0,0,0,122000,0,0,0,122000,0,122000,122000
064024,漢唐元大9C購01  ,0,0,0,0,0,0,0,0,0,122000,0,0,0,137000,15000,122000,122000
063969,晶豪科國票01購01,0,0,0,0,0,0,0,0,0,122000,0,0,0,122000,0,122000,122000
064160,新日興統一01購03,0,0,0,0,0,0,0,0,0,122000,0,0,0,253000,131000,122000,122000
07265P,大立光元大99售16,0,0,0,0,0,0,0,0,0,121000,0,0,0,121000,0,121000,121000
060865,創意永豐9A購01  ,0,0,0,0,0,0,0,0,0,121000,0,0,0,123000,2000,121000,121000
05579P,友達凱基98售03  ,0,0,0,0,0,0,0,0,0,121000,0,0,0,201000,80000,121000,121000
061390,大立光群益9A購04,0,0,0,0,0,0,0,0,0,121000,0,0,0,306000,185000,121000,121000
065189,台郡統一9C購03  ,0,0,0,0,0,0,0,0,0,121000,0,0,0,156000,35000,121000,121000
07995P,臺股指麥證9C售01,0,0,0,120000,0,120000,0,0,0,120000,0,0,0,120000,0,120000,120000
08574P,聯發科凱基02售04,0,0,0,0,0,0,0,0,0,120000,0,0,0,150000,30000,120000,120000
055810,T50反1國票99購01,0,0,0,0,0,0,0,0,0,120000,0,0,0,150000,30000,120000,120000
055745,臻鼎元富97購01  ,0,0,0,0,0,0,0,0,0,120000,0,0,0,120000,0,120000,120000
056735,國巨凱基99購02  ,0,0,0,0,0,0,0,0,0,120000,0,0,0,120000,0,120000,120000
057339,群創國票99購02  ,0,0,0,0,0,0,0,0,0,120000,0,0,0,120000,0,120000,120000
062771,臺股指凱基9B購15,0,0,0,0,0,0,0,0,0,120000,0,0,0,120000,0,120000,120000
064787,和潤群益9C購01  ,0,0,0,0,0,0,0,0,0,120000,0,0,0,382000,262000,120000,120000
064810,嘉晶元大01購01  ,0,0,0,0,0,0,0,0,0,120000,0,0,0,179000,59000,120000,120000
064343,健鼎元大9C購01  ,0,0,0,0,0,0,0,0,0,120000,0,0,0,170000,50000,120000,120000
063716,旺宏兆豐9B購01  ,0,0,0,0,0,0,0,0,0,120000,0,0,0,120000,0,120000,120000
058344,旺宏群益99購05  ,0,0,0,0,0,0,0,0,0,119000,0,0,0,121000,2000,119000,119000
061996,矽格元大9B購01  ,0,0,0,0,0,0,0,0,0,119000,0,0,0,204000,85000,119000,119000
08019P,緯穎國票9B售02  ,0,0,0,0,0,0,0,0,0,118000,0,0,0,163000,45000,118000,118000
051727,S&P反1國票97購01,0,0,0,0,0,0,0,0,0,118000,0,0,0,118000,0,118000,118000
062108,晶豪科國票9B購01,0,0,0,0,0,0,0,0,0,118000,0,0,0,209000,91000,118000,118000
063567,漢唐元大9B購03  ,0,0,0,0,0,0,0,0,0,118000,0,0,0,150000,32000,118000,118000
063151,奇鋐元富9B購01  ,0,0,0,0,0,0,0,0,0,118000,0,0,0,314000,196000,118000,118000
08488P,臺股指群益9C售19,0,0,0,0,0,0,0,0,0,117000,0,0,0,197000,80000,117000,117000
066605,盟立永豐01購02  ,0,0,0,0,0,0,0,0,0,117000,0,0,0,129000,12000,117000,117000
052113,漢唐中信98購01  ,0,0,0,0,0,0,0,0,0,117000,0,0,0,211000,94000,117000,117000
056712,京鼎永豐98購01  ,0,0,0,0,0,0,0,0,0,117000,0,0,0,287000,170000,117000,117000
062020,智伸科永豐9B購01,0,0,0,0,0,0,0,0,0,117000,0,0,0,125000,8000,117000,117000
063587,漢唐永豐9B購02  ,0,0,0,0,0,0,0,0,0,117000,0,0,0,117000,0,117000,117000
065508,大成鋼群益01購01,0,0,0,0,0,0,0,0,0,117000,0,0,0,180000,63000,117000,117000
065414,立積永豐9C購01  ,0,0,0,0,0,0,0,0,0,117000,0,0,0,117000,0,117000,117000
3044,健鼎            ,944000,754791,189209,0,0,0,0,3000,-3000,-70000,0,49000,-49000,12000,33000,-21000,116209
08559P,瑞昱國票9C售01  ,0,0,0,0,0,0,0,0,0,116000,0,0,0,150000,34000,116000,116000
054370,台積電中信9A購01,0,0,0,0,0,0,0,0,0,116000,0,0,0,199000,83000,116000,116000
00730,富邦臺灣優質高息,1000,4000,-3000,0,0,0,0,0,0,119000,0,0,0,235000,116000,119000,116000
060360,南亞科元富9A購02,0,0,0,0,0,0,0,0,0,116000,0,0,0,141000,25000,116000,116000
062667,立積群益9B購01  ,0,0,0,0,0,0,0,0,0,116000,0,0,0,136000,20000,116000,116000
064840,彩晶統一02購01  ,0,0,0,0,0,0,0,0,0,116000,0,0,0,116000,0,116000,116000
07479P,A50正2元富9A售03,0,0,0,0,0,0,0,0,0,115000,0,0,0,160000,45000,115000,115000
07410P,鴻海元大99售44  ,0,0,0,0,0,0,0,0,0,115000,0,0,0,115000,0,115000,115000
06743P,創意永豐98售03  ,0,0,0,0,0,0,0,0,0,115000,0,0,0,115000,0,115000,115000
066254,南帝元大01購01  ,0,0,0,0,0,0,0,0,0,115000,0,0,0,225000,110000,115000,115000
065865,光寶科群益9C購02,0,0,0,0,0,0,0,0,0,115000,0,0,0,115000,0,115000,115000
006207,FH滬深          ,37000,126000,-89000,0,0,0,0,0,0,204000,0,0,0,409000,205000,204000,115000
055137,GIS富邦98購01   ,0,0,0,0,0,0,0,0,0,115000,0,0,0,115000,0,115000,115000
055262,台虹國泰98購01  ,0,0,0,0,0,0,0,0,0,115000,0,0,0,115000,0,115000,115000
059170,康控凱基9B購01  ,0,0,0,0,0,0,0,0,0,115000,0,0,0,268000,153000,115000,115000
058795,可成元大99購03  ,0,0,0,0,0,0,0,0,0,115000,0,0,0,150000,35000,115000,115000
06192P,高股息中信98售01,0,0,0,0,0,0,0,0,0,115000,0,0,0,115000,0,115000,115000
061304,創意永豐9A購02  ,0,0,0,0,0,0,0,0,0,115000,0,0,0,286000,171000,115000,115000
059063,康控凱基99購04  ,0,0,0,0,0,0,0,0,0,115000,0,0,0,239000,124000,115000,115000
065343,智邦統一01購03  ,0,0,0,0,0,0,0,0,0,115000,0,0,0,189000,74000,115000,115000
065316,大成鋼凱基9C購01,0,0,0,0,0,0,0,0,0,115000,0,0,0,232000,117000,115000,115000
063482,緯穎元大9B購09  ,0,0,0,0,0,0,0,0,0,115000,0,0,0,120000,5000,115000,115000
063042,同欣電凱基9C購01,0,0,0,0,0,0,0,0,0,115000,0,0,0,128000,13000,115000,115000
064153,中壽統一9C購01  ,0,0,0,0,0,0,0,0,0,115000,0,0,0,156000,41000,115000,115000
063832,矽創國票01購01  ,0,0,0,0,0,0,0,0,0,115000,0,0,0,115000,0,115000,115000
8341,日友            ,158013,48000,110013,0,0,0,4000,0,4000,0,0,0,0,0,0,0,114013
066343,佳醫永豐01購01  ,0,0,0,0,0,0,0,0,0,114000,0,0,0,119000,5000,114000,114000
055801,景碩永豐97購02  ,0,0,0,0,0,0,0,0,0,114000,0,0,0,114000,0,114000,114000
065256,上銀元大9C購10  ,0,0,0,0,0,0,0,0,0,114000,0,0,0,176000,62000,114000,114000
065082,台光電元大9C購04,0,0,0,0,0,0,0,0,0,114000,0,0,0,128000,14000,114000,114000
9955,佳龍            ,418000,304000,114000,0,0,0,0,0,0,0,0,0,0,0,0,0,114000
1218,泰山            ,375000,225000,150000,0,0,0,0,0,0,-36000,0,0,0,0,36000,-36000,114000
066556,和鑫元大01購01  ,0,0,0,0,0,0,0,0,0,113000,0,0,0,123000,10000,113000,113000
054872,瀚宇博群益98購01,0,0,0,0,0,0,0,0,0,113000,0,0,0,133000,20000,113000,113000
057525,光磊元大99購01  ,0,0,0,0,0,0,0,0,0,113000,0,0,0,113000,0,113000,113000
057328,京鼎群益99購02  ,0,0,0,0,0,0,0,0,0,113000,0,0,0,129000,16000,113000,113000
064023,智邦元大9C購02  ,0,0,0,0,0,0,0,0,0,113000,0,0,0,137000,24000,113000,113000
064255,泰碩國泰02購01  ,0,0,0,0,0,0,0,0,0,113000,0,0,0,211000,98000,113000,113000
066616,創意康和01購01  ,5000,0,5000,0,0,0,0,0,0,107000,0,0,0,198000,91000,107000,112000
058558,鴻海日盛9A購02  ,0,0,0,0,0,0,0,0,0,112000,0,0,0,191000,79000,112000,112000
053390,彩晶元大9A購01  ,0,0,0,0,0,0,0,0,0,112000,0,0,0,112000,0,112000,112000
062034,同欣電群益9B購01,0,0,0,0,0,0,0,0,0,112000,0,0,0,124000,12000,112000,112000
062372,旭富元大9B購01  ,0,0,0,0,0,0,0,0,0,112000,0,0,0,255000,143000,112000,112000
064113,新日興國票01購01,0,0,0,0,0,0,0,0,0,112000,0,0,0,140000,28000,112000,112000
063220,建準群益9B購01  ,0,0,0,0,0,0,0,0,0,112000,0,0,0,112000,0,112000,112000
064835,嘉晶統一02購01  ,0,0,0,0,0,0,0,0,0,112000,0,0,0,161000,49000,112000,112000
064735,群創元富9C購02  ,0,0,0,0,0,0,0,0,0,112000,0,0,0,112000,0,112000,112000
3694,海華            ,277000,165000,112000,0,0,0,0,0,0,0,2000,2000,0,0,0,0,112000
066327,強茂永豐01購01  ,0,0,0,0,0,0,0,0,0,111000,0,0,0,111000,0,111000,111000
054297,台郡元大98購01  ,0,0,0,0,0,0,0,0,0,111000,0,0,0,140000,29000,111000,111000
057757,鴻海凱基98購13  ,0,0,0,0,0,0,0,0,0,111000,0,0,0,116000,5000,111000,111000
056941,台郡元富9B購01  ,0,0,0,0,0,0,0,0,0,111000,0,0,0,111000,0,111000,111000
060761,南亞科元大9A購05,0,0,0,0,0,0,0,0,0,111000,0,0,0,111000,0,111000,111000
061991,牧德元大9C購01  ,0,0,0,0,0,0,0,0,0,111000,0,0,0,135000,24000,111000,111000
061550,聯鈞群益9A購03  ,0,0,0,0,0,0,0,0,0,111000,0,0,0,132000,21000,111000,111000
065084,南亞科元大9C購08,0,0,0,0,0,0,0,0,0,111000,0,0,0,111000,0,111000,111000
065246,旭富兆豐01購01  ,0,0,0,0,0,0,0,0,0,111000,0,0,0,239000,128000,111000,111000
066232,聯強富邦03購01  ,0,0,0,0,0,0,0,0,0,110000,0,0,0,146000,36000,110000,110000
08463P,台灣50國泰02售02,0,0,0,0,0,0,0,0,0,110000,0,0,0,120000,10000,110000,110000
052754,上証2X群益9A購01,0,0,0,0,0,0,0,0,0,110000,0,0,0,110000,0,110000,110000
03669C,滬深2X元富09牛01,0,0,0,0,0,0,0,0,0,110000,0,0,0,110000,0,110000,110000
055728,緯穎元大97購03  ,0,0,0,0,0,0,0,0,0,110000,0,0,0,110000,0,110000,110000
058952,南茂群益99購01  ,0,0,0,0,0,0,0,0,0,110000,0,0,0,110000,0,110000,110000
058896,中環元大99購03  ,0,0,0,0,0,0,0,0,0,110000,0,0,0,111000,1000,110000,110000
062908,晶豪科元大9B購03,0,0,0,0,0,0,0,0,0,110000,0,0,0,310000,200000,110000,110000
065527,巨大群益9C購03  ,0,0,0,0,0,0,0,0,0,110000,0,0,0,110000,0,110000,110000
065660,晶豪科永豐9C購01,0,0,0,0,0,0,0,0,0,110000,0,0,0,122000,12000,110000,110000
064381,道瓊銀國泰02購01,0,0,0,0,0,0,0,0,0,110000,0,0,0,126000,16000,110000,110000
08593P,聯發科凱基9C售13,0,0,0,0,0,0,0,0,0,109000,0,0,0,212000,103000,109000,109000
065992,立積永豐01購01  ,0,0,0,0,0,0,0,0,0,109000,0,0,0,149000,40000,109000,109000
062982,同欣電元富9B購01,0,0,0,0,0,0,0,0,0,109000,0,0,0,277000,168000,109000,109000
062747,立積永豐9B購01  ,0,0,0,0,0,0,0,0,0,109000,0,0,0,149000,40000,109000,109000
060955,大立光群益9A購02,0,0,0,0,0,0,0,0,0,109000,0,0,0,200000,91000,109000,109000
064053,祥碩統一02購01  ,0,0,0,0,0,0,0,0,0,109000,0,0,0,166000,57000,109000,109000
065503,燿華永豐9C購04  ,0,0,0,0,0,0,0,0,0,109000,0,0,0,145000,36000,109000,109000
057567,嘉聯益富邦9A購01,0,0,0,0,0,0,0,0,0,108000,0,0,0,230000,122000,108000,108000
060717,康控永豐9A購01  ,0,0,0,0,0,0,0,0,0,108000,0,0,0,362000,254000,108000,108000
060792,信錦永豐9A購01  ,0,0,0,0,0,0,0,0,0,108000,0,0,0,108000,0,108000,108000
060387,盛群凱基9A購01  ,0,0,0,0,0,0,0,0,0,108000,0,0,0,110000,2000,108000,108000
064868,嘉晶永豐9C購02  ,0,0,0,0,0,0,0,0,0,108000,0,0,0,108000,0,108000,108000
064969,達新元大9C購01  ,0,0,0,0,0,0,0,0,0,108000,0,0,0,108000,0,108000,108000
066265,精元元大01購01  ,0,0,0,0,0,0,0,0,0,107000,0,0,0,269000,162000,107000,107000
057103,禾伸堂中信9A購01,0,0,0,0,0,0,0,0,0,107000,0,0,0,127000,20000,107000,107000
056136,京鼎元大98購01  ,0,0,0,0,0,0,0,0,0,107000,0,0,0,282000,175000,107000,107000
061687,大成鋼群益9A購01,0,0,0,0,0,0,0,0,0,107000,0,0,0,113000,6000,107000,107000
062682,全新統一9B購01  ,0,0,0,0,0,0,0,0,0,107000,0,0,0,566000,459000,107000,107000
064721,國泰金統一02購01,0,0,0,0,0,0,0,0,0,107000,0,0,0,107000,0,107000,107000
064238,玉晶光統一01購08,0,0,0,0,0,0,0,0,0,107000,0,0,0,154000,47000,107000,107000
063433,臻鼎元富9B購01  ,0,0,0,0,0,0,0,0,0,107000,0,0,0,284000,177000,107000,107000
063671,GIS統一01購01   ,0,0,0,0,0,0,0,0,0,107000,0,0,0,473000,366000,107000,107000
065945,鴻海統一02購01  ,0,0,0,0,0,0,0,0,0,106000,0,0,0,487000,381000,106000,106000
066400,健策凱基02購02  ,0,0,0,0,0,0,0,0,0,106000,0,0,0,109000,3000,106000,106000
06763P,技嘉元大98售05  ,0,0,0,0,0,0,0,0,0,106000,0,0,0,605000,499000,106000,106000
055039,神達富邦99購01  ,0,0,0,0,0,0,0,0,0,106000,0,0,0,136000,30000,106000,106000
056738,國巨凱基9A購02  ,0,0,0,0,0,0,0,0,0,106000,0,0,0,136000,30000,106000,106000
061463,智邦群益9A購02  ,0,0,0,0,0,0,0,0,0,106000,0,0,0,183000,77000,106000,106000
063624,GIS兆豐9B購01   ,0,0,0,0,0,0,0,0,0,106000,0,0,0,106000,0,106000,106000
063298,統一凱基9B購01  ,0,0,0,0,0,0,0,0,0,106000,0,0,0,126000,20000,106000,106000
064449,金寶統一01購02  ,0,0,0,0,0,0,0,0,0,106000,0,0,0,106000,0,106000,106000
066409,勤誠凱基01購01  ,0,0,0,0,0,0,0,0,0,105000,0,0,0,249000,144000,105000,105000
065956,緯創統一01購01  ,0,0,0,0,0,0,0,0,0,105000,0,0,0,105000,0,105000,105000
065829,嘉晶凱基9C購05  ,0,0,0,0,0,0,0,0,0,105000,0,0,0,107000,2000,105000,105000
060745,京元電國票9A購01,0,0,0,0,0,0,0,0,0,105000,0,0,0,250000,145000,105000,105000
060783,亞德客富邦9B購01,0,0,0,0,0,0,0,0,0,105000,0,0,0,115000,10000,105000,105000
058474,鴻海凱基9A購06  ,0,0,0,0,0,0,0,0,0,105000,0,0,0,144000,39000,105000,105000
055604,訊芯元大98購02  ,0,0,0,0,0,0,0,0,0,105000,0,0,0,105000,0,105000,105000
056483,TPK元大98購01   ,0,0,0,0,0,0,0,0,0,105000,0,0,0,135000,30000,105000,105000
061633,統一元大9A購01  ,0,0,0,0,0,0,0,0,0,105000,0,0,0,309000,204000,105000,105000
062971,英業達元富9B購01,0,0,0,0,0,0,0,0,0,105000,0,0,0,151000,46000,105000,105000
062414,臻鼎中信01購01  ,0,0,0,0,0,0,0,0,0,105000,0,0,0,192000,87000,105000,105000
062640,訊連國票9C購01  ,0,0,0,0,0,0,0,0,0,105000,0,0,0,181000,76000,105000,105000
060133,牧德群益9B購01  ,0,0,0,0,0,0,0,0,0,105000,0,0,0,159000,54000,105000,105000
06551P,貿聯元大98售05  ,0,0,0,0,0,0,0,0,0,105000,0,0,0,115000,10000,105000,105000
065242,巨大凱基01購02  ,0,0,0,0,0,0,0,0,0,105000,0,0,0,175000,70000,105000,105000
063238,漢唐元大9B購02  ,0,0,0,0,0,0,0,0,0,105000,0,0,0,105000,0,105000,105000
064429,鴻海凱基03購03  ,0,0,0,0,0,0,0,0,0,105000,0,0,0,135000,30000,105000,105000
065728,嘉晶凱基9C購04  ,0,0,0,0,0,0,0,0,0,104000,0,0,0,124000,20000,104000,104000
057568,友訊永豐99購01  ,0,0,0,0,0,0,0,0,0,104000,0,0,0,170000,66000,104000,104000
056585,台積電統一9A購01,0,0,0,0,0,0,0,0,0,104000,0,0,0,104000,0,104000,104000
059000,台積電元大99購25,0,0,0,0,0,0,0,0,0,104000,0,0,0,104000,0,104000,104000
061579,京鼎元大9A購02  ,0,0,0,0,0,0,0,0,0,104000,0,0,0,171000,67000,104000,104000
06326P,鴻海中信01售01  ,0,0,0,0,0,0,0,0,0,104000,0,0,0,134000,30000,104000,104000
065196,技嘉元富06購01  ,0,0,0,0,0,0,0,0,0,104000,0,0,0,190000,86000,104000,104000
064999,T50反1國票9C購03,0,0,0,0,0,0,0,0,0,104000,0,0,0,230000,126000,104000,104000
057243,樺漢凱基99購01  ,0,0,0,0,0,0,0,0,0,103000,0,0,0,105000,2000,103000,103000
056113,新日興兆豐98購01,0,0,0,0,0,0,0,0,0,103000,0,0,0,197000,94000,103000,103000
062379,致新元大9B購01  ,0,0,0,0,0,0,0,0,0,103000,0,0,0,208000,105000,103000,103000
064091,台郡凱基01購01  ,0,0,0,0,0,0,0,0,0,103000,0,0,0,111000,8000,103000,103000
065973,嘉晶元大01購03  ,0,0,0,0,0,0,0,0,0,102000,0,0,0,171000,69000,102000,102000
066337,聯陽永豐01購02  ,0,0,0,0,0,0,0,0,0,102000,0,0,0,102000,0,102000,102000
08359P,緯創元大9C售02  ,0,0,0,0,0,0,0,0,0,102000,0,0,0,245000,143000,102000,102000
054959,禾伸堂元大98購01,0,0,0,0,0,0,0,0,0,102000,0,0,0,172000,70000,102000,102000
06105P,國巨國票98售02  ,0,0,0,0,0,0,0,0,0,102000,0,0,0,132000,30000,102000,102000
064058,儒鴻麥證01購01  ,0,0,0,102000,5000,97000,0,0,0,102000,0,0,0,107000,5000,102000,102000
063096,勤誠國票9B購02  ,0,0,0,0,0,0,0,0,0,102000,0,0,0,114000,12000,102000,102000
058273,同欣電永豐99購01,0,0,0,0,0,0,0,0,0,101000,0,0,0,101000,0,101000,101000
057407,超眾群益99購01  ,0,0,0,0,0,0,0,0,0,101000,0,0,0,101000,0,101000,101000
053328,滬深2X永豐99購01,0,0,0,0,0,0,0,0,0,101000,0,0,0,101000,0,101000,101000
062029,牧德群益9B購03  ,0,0,0,0,0,0,0,0,0,101000,0,0,0,101000,0,101000,101000
061961,台積電統一01購02,0,0,0,0,0,0,0,0,0,101000,0,0,0,101000,0,101000,101000
063786,瑞昱中信06購01  ,0,0,0,0,0,0,0,0,0,101000,0,0,0,112000,11000,101000,101000
064460,健策統一9C購03  ,0,0,0,0,0,0,0,0,0,101000,0,0,0,291000,190000,101000,101000
06564P,國巨富邦9A售04  ,0,0,0,0,0,0,0,0,0,101000,0,0,0,162000,61000,101000,101000
065615,南電元大01購03  ,0,0,0,0,0,0,0,0,0,101000,0,0,0,151000,50000,101000,101000
1773,勝一            ,248000,141200,106800,0,0,0,0,0,0,-6000,0,6000,-6000,0,0,0,100800
08353P,聯電元大9C售04  ,0,0,0,0,0,0,0,0,0,100000,0,0,0,100000,0,100000,100000
08275P,南亞科元富9C售01,0,0,0,0,0,0,0,0,0,100000,0,0,0,110000,10000,100000,100000
08216P,聯發科群益9C售05,0,0,0,0,0,0,0,0,0,100000,0,0,0,170000,70000,100000,100000
08427P,義隆國票9C售01  ,0,0,0,0,0,0,0,0,0,100000,0,0,0,188000,88000,100000,100000
07526P,臺股指中信9B售08,0,0,0,0,0,0,0,0,0,100000,0,0,0,100000,0,100000,100000
07346P,FBVIX群益99售04 ,0,0,0,0,0,0,0,0,0,100000,0,0,0,100000,0,100000,100000
07322P,鴻海元大99售33  ,0,0,0,0,0,0,0,0,0,100000,0,0,0,100000,0,100000,100000
07323P,鴻海元大99售34  ,0,0,0,0,0,0,0,0,0,100000,0,0,0,100000,0,100000,100000
07147P,高鐵元大99售01  ,0,0,0,0,0,0,0,0,0,100000,0,0,0,100000,0,100000,100000
07940P,國巨群益9B售06  ,0,0,0,0,0,0,0,0,0,100000,0,0,0,120000,20000,100000,100000
07822P,滬深2X元大9A售09,0,0,0,0,0,0,0,0,0,100000,0,0,0,200000,100000,100000,100000
07637P,國巨國票9A售08  ,0,0,0,0,0,0,0,0,0,100000,0,0,0,100000,0,100000,100000
07783P,聯發科富邦9C售03,0,0,0,0,0,0,0,0,0,100000,0,0,0,100000,0,100000,100000
066427,牧德元大02購03  ,0,0,0,0,0,0,0,0,0,100000,0,0,0,100000,0,100000,100000
066564,智伸科元大01購01,0,0,0,0,0,0,0,0,0,100000,0,0,0,110000,10000,100000,100000
066003,台表科國票02購02,0,0,0,0,0,0,0,0,0,100000,0,0,0,100000,0,100000,100000
054418,茂林元大97購01  ,0,0,0,0,0,0,0,0,0,100000,0,0,0,100000,0,100000,100000
056381,台虹元富98購01  ,0,0,0,0,0,0,0,0,0,100000,0,0,0,100000,0,100000,100000
056351,鴻海元大98購06  ,0,0,0,0,0,0,0,0,0,100000,0,0,0,100000,0,100000,100000
058463,宏達電兆豐99購02,0,0,0,0,0,0,0,0,0,100000,0,0,0,100000,0,100000,100000
055743,TPK元富98購01   ,0,0,0,0,0,0,0,0,0,100000,0,0,0,100000,0,100000,100000
057942,可成國票99購02  ,0,0,0,0,0,0,0,0,0,100000,0,0,0,100000,0,100000,100000
057689,南亞科凱基99購02,0,0,0,0,0,0,0,0,0,100000,0,0,0,105000,5000,100000,100000
058173,台積電凱基99購04,0,0,0,0,0,0,0,0,0,100000,0,0,0,110000,10000,100000,100000
057287,彩晶元大9C購03  ,0,0,0,0,0,0,0,0,0,100000,0,0,0,100000,0,100000,100000
058035,旭富永豐98購02  ,0,0,0,0,0,0,0,0,0,100000,0,0,0,156000,56000,100000,100000
060675,南亞科元大9A購02,0,0,0,0,0,0,0,0,0,100000,0,0,0,100000,0,100000,100000
056715,瀚宇博永豐98購01,0,0,0,0,0,0,0,0,0,100000,0,0,0,188000,88000,100000,100000
057048,新日興元大98購01,0,0,0,0,0,0,0,0,0,100000,0,0,0,100000,0,100000,100000
062043,牧德凱基9B購04  ,0,0,0,0,0,0,0,0,0,100000,0,0,0,100000,0,100000,100000
061896,景碩永豐9B購01  ,0,0,0,0,0,0,0,0,0,100000,0,0,0,182000,82000,100000,100000
061407,鴻海國票9A購07  ,0,0,0,0,0,0,0,0,0,100000,0,0,0,100000,0,100000,100000
062608,智易凱基9B購01  ,0,0,0,0,0,0,0,0,0,100000,0,0,0,100000,0,100000,100000
062530,大立光統一01購03,0,0,0,0,0,0,0,0,0,100000,0,0,0,100000,0,100000,100000
062701,漢唐元大9B購01  ,0,0,0,0,0,0,0,0,0,100000,0,0,0,125000,25000,100000,100000
062812,國巨兆豐9B購03  ,0,0,0,0,0,0,0,0,0,100000,0,0,0,200000,100000,100000,100000
059126,臺指反中信9B購01,0,0,0,0,0,0,0,0,0,100000,0,0,0,100000,0,100000,100000
062076,美律元大9B購02  ,0,0,0,0,0,0,0,0,0,100000,0,0,0,100000,0,100000,100000
065593,達新元大9C購02  ,0,0,0,0,0,0,0,0,0,100000,0,0,0,100000,0,100000,100000
065560,同欣電麥證9C購02,0,0,0,100000,0,100000,0,0,0,100000,0,0,0,100000,0,100000,100000
064714,和大統一02購02  ,0,0,0,0,0,0,0,0,0,100000,0,0,0,100000,0,100000,100000
063878,國巨元富9C購01  ,0,0,0,0,0,0,0,0,0,100000,0,0,0,100000,0,100000,100000
064177,立積國泰01購01  ,0,0,0,0,0,0,0,0,0,100000,0,0,0,140000,40000,100000,100000
064186,燿華永豐9C購01  ,0,0,0,0,0,0,0,0,0,100000,0,0,0,166000,66000,100000,100000
063654,上銀元富9B購05  ,0,0,0,0,0,0,0,0,0,100000,0,0,0,100000,0,100000,100000
063613,全新群益9C購01  ,0,0,0,0,0,0,0,0,0,100000,0,0,0,128000,28000,100000,100000
063614,美食群益9B購03  ,0,0,0,0,0,0,0,0,0,100000,0,0,0,100000,0,100000,100000
06925P,致茂群益9A售02  ,0,0,0,0,0,0,0,0,0,99000,0,0,0,100000,1000,99000,99000
08436P,TPK群益9C售04   ,0,0,0,0,0,0,0,0,0,99000,0,0,0,199000,100000,99000,99000
058106,神達統一98購02  ,0,0,0,0,0,0,0,0,0,99000,0,0,0,269000,170000,99000,99000
056314,力成元大97購01  ,0,0,0,0,0,0,0,0,0,99000,0,0,0,99000,0,99000,99000
062803,嘉晶統一9B購02  ,0,0,0,0,0,0,0,0,0,99000,0,0,0,125000,26000,99000,99000
062720,南亞科凱基9B購03,0,0,0,0,0,0,0,0,0,99000,0,0,0,99000,0,99000,99000
061327,台郡凱基9A購02  ,0,0,0,0,0,0,0,0,0,99000,0,0,0,115000,16000,99000,99000
059656,T50反1元大99購11,0,0,0,0,0,0,0,0,0,99000,0,0,0,99000,0,99000,99000
065141,國巨凱基9C購10  ,0,0,0,0,0,0,0,0,0,99000,0,0,0,99000,0,99000,99000
910861,神州-DR         ,149000,50000,99000,0,0,0,0,0,0,0,0,0,0,0,0,0,99000
065864,光寶科群益9C購01,0,0,0,0,0,0,0,0,0,98000,0,0,0,98000,0,98000,98000
066411,南紡元大01購01  ,0,0,0,0,0,0,0,0,0,98000,0,0,0,100000,2000,98000,98000
057442,玉晶光統一98購03,0,0,0,0,0,0,0,0,0,98000,0,0,0,104000,6000,98000,98000
058082,美律群益98購05  ,0,0,0,0,0,0,0,0,0,98000,0,0,0,100000,2000,98000,98000
058547,世紀鋼富邦9A購01,0,0,0,0,0,0,0,0,0,98000,0,0,0,372000,274000,98000,98000
057166,國巨元大99購06  ,0,0,0,0,0,0,0,0,0,98000,0,0,0,100000,2000,98000,98000
060826,牧德元大9B購02  ,0,0,0,0,0,0,0,0,0,98000,0,0,0,103000,5000,98000,98000
058676,聯茂群益99購01  ,0,0,0,0,0,0,0,0,0,98000,0,0,0,98000,0,98000,98000
061159,同欣電群益9A購01,0,0,0,0,0,0,0,0,0,98000,0,0,0,113000,15000,98000,98000
062787,超眾元大9C購02  ,0,0,0,0,0,0,0,0,0,98000,0,0,0,134000,36000,98000,98000
062564,矽創凱基9B購01  ,0,0,0,0,0,0,0,0,0,98000,0,0,0,116000,18000,98000,98000
059780,滬深2X元大9C購06,0,0,0,0,0,0,0,0,0,98000,0,0,0,101000,3000,98000,98000
065178,和碩元大9C購01  ,0,0,0,0,0,0,0,0,0,98000,0,0,0,98000,0,98000,98000
065240,矽創凱基01購01  ,0,0,0,0,0,0,0,0,0,98000,0,0,0,111000,13000,98000,98000
065662,台勝科永豐9C購01,0,0,0,0,0,0,0,0,0,98000,0,0,0,98000,0,98000,98000
064559,旺宏群益01購02  ,0,0,0,0,0,0,0,0,0,98000,0,0,0,98000,0,98000,98000
8021,尖點            ,624000,525000,99000,0,0,0,0,0,0,-1000,0,1000,-1000,0,0,0,98000
065778,南亞科國泰01購01,0,0,0,0,0,0,0,0,0,97000,0,0,0,102000,5000,97000,97000
08530P,鴻海統一9C售19  ,0,0,0,0,0,0,0,0,0,97000,0,0,0,204000,107000,97000,97000
055707,聯鈞永豐98購01  ,0,0,0,0,0,0,0,0,0,97000,0,0,0,97000,0,97000,97000
063006,道瓊反元大9C購01,0,0,0,0,0,0,0,0,0,97000,0,0,0,107000,10000,97000,97000
061587,美律富邦9A購02  ,0,0,0,0,0,0,0,0,0,97000,0,0,0,203000,106000,97000,97000
064375,智邦元富03購01  ,0,0,0,0,0,0,0,0,0,97000,0,0,0,148000,51000,97000,97000
063845,旺宏元大9C購03  ,0,0,0,0,0,0,0,0,0,97000,0,0,0,140000,43000,97000,97000
2371,大同            ,958000,885000,73000,0,0,0,0,298582,-298582,322000,401000,79000,322000,0,0,0,96418
061197,矽創永豐9A購02  ,0,0,0,0,0,0,0,0,0,96000,0,0,0,158000,62000,96000,96000
061768,晶技元大9B購02  ,0,0,0,0,0,0,0,0,0,96000,0,0,0,96000,0,96000,96000
058920,SGBR2X元富99購06,0,0,0,0,0,0,0,0,0,96000,0,0,0,96000,0,96000,96000
063683,大成鋼永豐9B購01,0,0,0,0,0,0,0,0,0,96000,0,0,0,96000,0,96000,96000
063700,台積電群益9B購09,0,0,0,0,0,0,0,0,0,96000,0,0,0,102000,6000,96000,96000
064991,友達兆豐9C購01  ,0,0,0,0,0,0,0,0,0,96000,0,0,0,96000,0,96000,96000
3661,世芯-KY         ,1222000,1036750,185250,0,0,0,0,17000,-17000,-73000,0,59000,-59000,2000,16000,-14000,95250
08296P,同欣電元大9C售04,0,0,0,0,0,0,0,0,0,95000,0,0,0,110000,15000,95000,95000
065894,漢翔統一03購01  ,0,0,0,0,0,0,0,0,0,95000,0,0,0,95000,0,95000,95000
066430,台郡元大01購01  ,0,0,0,0,0,0,0,0,0,95000,0,0,0,181000,86000,95000,95000
061230,臺指反元大01購04,0,0,0,0,0,0,0,0,0,95000,0,0,0,105000,10000,95000,95000
060851,國巨國泰9C購01  ,0,0,0,0,0,0,0,0,0,95000,0,0,0,141000,46000,95000,95000
058456,京鼎永豐99購01  ,0,0,0,0,0,0,0,0,0,95000,0,0,0,196000,101000,95000,95000
060956,超眾群益9A購01  ,0,0,0,0,0,0,0,0,0,95000,0,0,0,104000,9000,95000,95000
064670,智伸科元大9C購01,0,0,0,0,0,0,0,0,0,95000,0,0,0,138000,43000,95000,95000
065200,健策元富9C購04  ,0,0,0,0,0,0,0,0,0,95000,0,0,0,95000,0,95000,95000
065377,群創元大02購02  ,0,0,0,0,0,0,0,0,0,95000,0,0,0,149000,54000,95000,95000
066445,牧德群益01購01  ,0,0,0,0,0,0,0,0,0,94000,0,0,0,99000,5000,94000,94000
056268,新日興統一97購01,0,0,0,0,0,0,0,0,0,94000,0,0,0,94000,0,94000,94000
059208,SGBR2X元大99購02,0,0,0,0,0,0,0,0,0,94000,0,0,0,103000,9000,94000,94000
057945,京鼎國票99購03  ,0,0,0,0,0,0,0,0,0,94000,0,0,0,114000,20000,94000,94000
060428,瑞祺永豐9A購01  ,0,0,0,0,0,0,0,0,0,94000,0,0,0,152000,58000,94000,94000
061363,儒鴻國票9B購01  ,0,0,0,0,0,0,0,0,0,94000,0,0,0,95000,1000,94000,94000
062672,兆豐金中信03購01,0,0,0,0,0,0,0,0,0,94000,0,0,0,170000,76000,94000,94000
060054,華新科凱基9B購04,0,0,0,0,0,0,0,0,0,94000,0,0,0,245000,151000,94000,94000
065525,瑞儀群益01購01  ,0,0,0,0,0,0,0,0,0,94000,0,0,0,139000,45000,94000,94000
065523,茂林群益9C購03  ,0,0,0,0,0,0,0,0,0,94000,0,0,0,105000,11000,94000,94000
063089,巨大凱基9C購01  ,0,0,0,0,0,0,0,0,0,94000,0,0,0,118000,24000,94000,94000
064174,致新元富9C購02  ,0,0,0,0,0,0,0,0,0,94000,0,0,0,340000,246000,94000,94000
064229,台表科國票01購01,0,0,0,0,0,0,0,0,0,94000,0,0,0,94000,0,94000,94000
9911,櫻花            ,280000,182000,98000,0,0,0,0,0,0,-4000,1000,5000,-4000,0,0,0,94000
065830,景碩凱基9C購04  ,0,0,0,0,0,0,0,0,0,93000,0,0,0,93000,0,93000,93000
065820,瑞祺元富03購01  ,0,0,0,0,0,0,0,0,0,93000,0,0,0,164000,71000,93000,93000
060707,台郡富邦9A購01  ,0,0,0,0,0,0,0,0,0,93000,0,0,0,96000,3000,93000,93000
056158,新日興凱基98購02,0,0,0,0,0,0,0,0,0,93000,0,0,0,201000,108000,93000,93000
060031,旭富永豐99購02  ,0,0,0,0,0,0,0,0,0,93000,0,0,0,143000,50000,93000,93000
059856,昇陽半永豐99購03,0,0,0,0,0,0,0,0,0,93000,0,0,0,255000,162000,93000,93000
064222,玉山金國票01購01,0,0,0,0,0,0,0,0,0,93000,0,0,0,93000,0,93000,93000
064400,大成鋼凱基01購01,0,0,0,0,0,0,0,0,0,93000,0,0,0,123000,30000,93000,93000
064613,聯電元大9C購05  ,0,0,0,0,0,0,0,0,0,93000,0,0,0,242000,149000,93000,93000
056714,晶相光永豐98購02,0,0,0,0,0,0,0,0,0,92000,0,0,0,92000,0,92000,92000
062904,台光電元大9B購06,0,0,0,0,0,0,0,0,0,92000,0,0,0,163000,71000,92000,92000
065166,台達電元大9C購04,0,0,0,0,0,0,0,0,0,92000,0,0,0,92000,0,92000,92000
063175,燿華兆豐9C購01  ,0,0,0,0,0,0,0,0,0,92000,0,0,0,92000,0,92000,92000
063339,智邦統一01購01  ,0,0,0,0,0,0,0,0,0,92000,0,0,0,164000,72000,92000,92000
2114,鑫永銓          ,120000,27000,93000,0,0,0,0,0,0,-1000,0,1000,-1000,0,0,0,92000
065978,臻鼎元大02購01  ,0,0,0,0,0,0,0,0,0,91000,0,0,0,221000,130000,91000,91000
08160P,茂林元富9B售03  ,0,0,0,0,0,0,0,0,0,91000,0,0,0,480000,389000,91000,91000
057242,台郡凱基98購05  ,0,0,0,0,0,0,0,0,0,91000,0,0,0,91000,0,91000,91000
057279,國揚元大98購01  ,0,0,0,0,0,0,0,0,0,91000,0,0,0,111000,20000,91000,91000
053292,美律中信98購01  ,0,0,0,0,0,0,0,0,0,91000,0,0,0,91000,0,91000,91000
058428,大立光元富99購02,0,0,0,0,0,0,0,0,0,91000,0,0,0,301000,210000,91000,91000
055815,亞光國票99購01  ,0,0,0,0,0,0,0,0,0,91000,0,0,0,105000,14000,91000,91000
054628,可成凱基98購01  ,0,0,0,0,0,0,0,0,0,91000,0,0,0,111000,20000,91000,91000
062409,巨大永豐9B購02  ,0,0,0,0,0,0,0,0,0,91000,0,0,0,126000,35000,91000,91000
060029,嘉晶永豐99購03  ,0,0,0,0,0,0,0,0,0,91000,0,0,0,104000,13000,91000,91000
064107,友達兆豐01購01  ,0,0,0,0,0,0,0,0,0,91000,0,0,0,91000,0,91000,91000
08285P,國巨凱基9C售07  ,0,0,0,0,0,0,0,0,0,90000,0,0,0,90000,0,90000,90000
066200,建準統一02購01  ,0,0,0,0,0,0,0,0,0,90000,0,0,0,96000,6000,90000,90000
066186,台郡凱基02購01  ,0,0,0,0,0,0,0,0,0,90000,0,0,0,160000,70000,90000,90000
066397,智原凱基01購01  ,0,0,0,0,0,0,0,0,0,90000,0,0,0,90000,0,90000,90000
058053,上銀統一9B購01  ,0,0,0,0,0,0,0,0,0,90000,0,0,0,354000,264000,90000,90000
058615,矽創元大99購01  ,0,0,0,0,0,0,0,0,0,90000,0,0,0,261000,171000,90000,90000
057895,全新元富9B購01  ,0,0,0,0,0,0,0,0,0,90000,0,0,0,92000,2000,90000,90000
058268,泰碩永豐9A購01  ,0,0,0,0,0,0,0,0,0,90000,0,0,0,129000,39000,90000,90000
060671,亞德客元大9A購03,0,0,0,0,0,0,0,0,0,90000,0,0,0,146000,56000,90000,90000
056739,美律凱基98購04  ,0,0,0,0,0,0,0,0,0,90000,0,0,0,94000,4000,90000,90000
056595,台積電元富98購04,0,0,0,0,0,0,0,0,0,90000,0,0,0,90000,0,90000,90000
059995,南亞科元富99購01,0,0,0,0,0,0,0,0,0,90000,0,0,0,90000,0,90000,90000
060158,廣達永豐9A購01  ,0,0,0,0,0,0,0,0,0,90000,0,0,0,369000,279000,90000,90000
059855,緯穎永豐99購04  ,0,0,0,0,0,0,0,0,0,90000,0,0,0,90000,0,90000,90000
062472,大立光凱基9B購04,0,0,0,0,0,0,0,0,0,90000,0,0,0,90000,0,90000,90000
061302,晶技永豐9A購04  ,0,0,0,0,0,0,0,0,0,90000,0,0,0,95000,5000,90000,90000
058841,深中小群益01購01,0,0,0,0,0,0,0,0,0,90000,0,0,0,117000,27000,90000,90000
062033,瀚宇博群益9B購01,0,0,0,0,0,0,0,0,0,90000,0,0,0,90000,0,90000,90000
063919,大立光元富03購01,0,0,0,0,0,0,0,0,0,90000,0,0,0,339000,249000,90000,90000
064193,華新群益9C購01  ,0,0,0,0,0,0,0,0,0,90000,0,0,0,151000,61000,90000,90000
065519,台勝科群益9C購02,0,0,0,0,0,0,0,0,0,90000,0,0,0,90000,0,90000,90000
064752,台達電凱基01購01,0,0,0,0,0,0,0,0,0,90000,0,0,0,136000,46000,90000,90000
2395,研華            ,929656,831287,98369,0,0,0,0,2493,-2493,-6000,0,5000,-5000,0,1000,-1000,89876
08009P,華擎統一9B售02  ,0,0,0,0,0,0,0,0,0,89000,0,0,0,89000,0,89000,89000
055555,全新凱基9A購01  ,0,0,0,0,0,0,0,0,0,89000,0,0,0,89000,0,89000,89000
054353,世紀鋼國泰98購01,0,0,0,0,0,0,0,0,0,89000,0,0,0,352000,263000,89000,89000
060233,宏碁元大9A購01  ,0,0,0,0,0,0,0,0,0,89000,0,0,0,109000,20000,89000,89000
064718,友達統一02購01  ,0,0,0,0,0,0,0,0,0,89000,0,0,0,731000,642000,89000,89000
064894,漢唐群益9C購02  ,0,0,0,0,0,0,0,0,0,89000,0,0,0,109000,20000,89000,89000
065477,健鼎元大9C購03  ,0,0,0,0,0,0,0,0,0,89000,0,0,0,159000,70000,89000,89000
063576,台表科元大9B購08,0,0,0,0,0,0,0,0,0,89000,0,0,0,199000,110000,89000,89000
6226,光鼎            ,273000,186000,87000,0,0,0,0,0,0,2000,2000,0,2000,0,0,0,89000
08233P,國泰金元富9B售01,0,0,0,0,0,0,0,0,0,88000,0,0,0,156000,68000,88000,88000
065995,台虹永豐01購01  ,0,0,0,0,0,0,0,0,0,88000,0,0,0,187000,99000,88000,88000
057876,隆達元大98購01  ,0,0,0,0,0,0,0,0,0,88000,0,0,0,99000,11000,88000,88000
057771,鴻海群益99購01  ,0,0,0,0,0,0,0,0,0,88000,0,0,0,123000,35000,88000,88000
058628,宏達電國票9A購01,0,0,0,0,0,0,0,0,0,88000,0,0,0,128000,40000,88000,88000
062463,世紀鋼麥證9B購01,0,0,0,103000,15000,88000,0,0,0,88000,0,0,0,103000,15000,88000,88000
060419,漢翔永豐9A購01  ,0,0,0,0,0,0,0,0,0,88000,0,0,0,88000,0,88000,88000
061549,泰碩群益9A購01  ,0,0,0,0,0,0,0,0,0,88000,0,0,0,162000,74000,88000,88000
061413,台勝科群益9A購01,5000,20000,-15000,0,0,0,0,0,0,103000,0,0,0,110000,7000,103000,88000
064871,緯穎永豐9C購03  ,0,0,0,0,0,0,0,0,0,88000,0,0,0,88000,0,88000,88000
2369,菱生            ,903000,806000,97000,0,0,0,0,0,0,-9000,7000,16000,-9000,0,0,0,88000
065974,智原元大01購01  ,0,0,0,0,0,0,0,0,0,87000,0,0,0,116000,29000,87000,87000
08730P,緯穎永豐01售02  ,0,0,0,0,0,0,0,0,0,87000,0,0,0,131000,44000,87000,87000
057776,京元電群益98購02,0,0,0,0,0,0,0,0,0,87000,0,0,0,180000,93000,87000,87000
057784,台積電國票9B購01,0,0,0,0,0,0,0,0,0,87000,0,0,0,87000,0,87000,87000
00710B,FH彭博高收益債  ,0,0,0,0,0,0,0,0,0,87000,0,0,0,91000,4000,87000,87000
057423,台郡凱基98購06  ,0,0,0,0,0,0,0,0,0,87000,0,0,0,87000,0,87000,87000
054773,台郡國票98購01  ,0,0,0,0,0,0,0,0,0,87000,0,0,0,87000,0,87000,87000
061344,禾伸堂元大9A購02,3000,8000,-5000,0,0,0,0,0,0,92000,0,0,0,287000,195000,92000,87000
061577,泰碩元大9A購03  ,0,0,0,0,0,0,0,0,0,87000,0,0,0,115000,28000,87000,87000
062628,廣達國票9B購01  ,0,0,0,0,0,0,0,0,0,87000,0,0,0,95000,8000,87000,87000
064878,大立光兆豐9C購03,0,0,0,0,0,0,0,0,0,87000,0,0,0,141000,54000,87000,87000
064575,鈺齊群益9C購01  ,0,0,0,0,0,0,0,0,0,87000,0,0,0,87000,0,87000,87000
063909,旺宏凱基02購01  ,0,0,0,0,0,0,0,0,0,87000,0,0,0,102000,15000,87000,87000
064098,正崴群益9C購01  ,0,0,0,0,0,0,0,0,0,87000,0,0,0,155000,68000,87000,87000
054673,京鼎國泰98購01  ,0,0,0,0,0,0,0,0,0,86000,0,0,0,86000,0,86000,86000
056139,貿聯元大97購04  ,0,0,0,0,0,0,0,0,0,86000,0,0,0,86000,0,86000,86000
061162,南電群益9A購02  ,0,0,0,0,0,0,0,0,0,86000,0,0,0,116000,30000,86000,86000
060678,聯詠元大9A購03  ,0,0,0,0,0,0,0,0,0,86000,0,0,0,207000,121000,86000,86000
057745,泰鼎永豐99購01  ,0,0,0,0,0,0,0,0,0,86000,0,0,0,165000,79000,86000,86000
062504,旭富群益9B購02  ,0,0,0,0,0,0,0,0,0,86000,0,0,0,142000,56000,86000,86000
062888,漢唐群益9B購01  ,0,0,0,0,0,0,0,0,0,86000,0,0,0,86000,0,86000,86000
060014,中鋼康和99購01  ,0,0,0,0,0,0,0,0,0,86000,0,0,0,86000,0,86000,86000
064698,致伸群益9C購01  ,0,0,0,0,0,0,0,0,0,86000,0,0,0,184000,98000,86000,86000
064749,巨大國票01購01  ,0,0,0,0,0,0,0,0,0,86000,0,0,0,86000,0,86000,86000
066115,美律兆豐02購01  ,0,0,0,0,0,0,0,0,0,85000,0,0,0,85000,0,85000,85000
066319,聯強永豐01購01  ,0,0,0,0,0,0,0,0,0,85000,0,0,0,91000,6000,85000,85000
066315,南帝永豐01購01  ,0,0,0,0,0,0,0,0,0,85000,0,0,0,195000,110000,85000,85000
066456,全新統一02購01  ,0,0,0,0,0,0,0,0,0,85000,0,0,0,85000,0,85000,85000
058149,百和元大99購02  ,0,0,0,0,0,0,0,0,0,85000,0,0,0,85000,0,85000,85000
058337,日月光元富99購01,0,0,0,0,0,0,0,0,0,85000,0,0,0,469000,384000,85000,85000
053361,友達元富99購01  ,0,0,0,0,0,0,0,0,0,85000,0,0,0,125000,40000,85000,85000
061264,全新凱基9B購01  ,0,0,0,0,0,0,0,0,0,85000,0,0,0,85000,0,85000,85000
061272,超眾凱基9A購03  ,0,0,0,0,0,0,0,0,0,85000,0,0,0,118000,33000,85000,85000
063958,瑞祺元大9C購01  ,0,0,0,0,0,0,0,0,0,85000,0,0,0,153000,68000,85000,85000
2704,國賓            ,113000,48000,65000,0,0,0,0,0,0,20000,20000,0,20000,0,0,0,85000
066294,嘉基元大01購01  ,0,0,0,0,0,0,0,0,0,84000,0,0,0,320000,236000,84000,84000
066169,晶豪科凱基01購01,0,0,0,0,0,0,0,0,0,84000,0,0,0,140000,56000,84000,84000
065868,燿華群益02購01  ,0,0,0,0,0,0,0,0,0,84000,0,0,0,164000,80000,84000,84000
07294P,滬深2X元富9C售08,0,0,0,0,0,0,0,0,0,84000,0,0,0,120000,36000,84000,84000
07505P,台勝科元大9A售01,0,0,0,0,0,0,0,0,0,84000,0,0,0,101000,17000,84000,84000
056155,嘉晶凱基97購01  ,0,0,0,0,0,0,0,0,0,84000,0,0,0,115000,31000,84000,84000
061124,微星永豐9A購02  ,0,0,0,0,0,0,0,0,0,84000,0,0,0,194000,110000,84000,84000
059942,全新永豐99購04  ,0,0,0,0,0,0,0,0,0,84000,0,0,0,84000,0,84000,84000
060165,上緯控永豐9A購01,0,0,0,0,0,0,0,0,0,84000,0,0,0,114000,30000,84000,84000
063690,健鼎永豐9B購01  ,0,0,0,0,0,0,0,0,0,84000,0,0,0,108000,24000,84000,84000
064841,彩晶統一02購02  ,0,0,0,0,0,0,0,0,0,84000,0,0,0,84000,0,84000,84000
064905,嘉聯益群益9C購01,0,0,0,0,0,0,0,0,0,84000,0,0,0,84000,0,84000,84000
065105,巨大元大01購01  ,0,0,0,0,0,0,0,0,0,84000,0,0,0,400000,316000,84000,84000
1477,聚陽            ,682000,555400,126600,0,0,0,0,96000,-96000,53000,136000,108000,28000,55000,30000,25000,83600
08253P,鴻海元大9C售06  ,0,0,0,0,0,0,0,0,0,83000,0,0,0,100000,17000,83000,83000
053559,台積電國泰98購01,0,0,0,0,0,0,0,0,0,83000,0,0,0,83000,0,83000,83000
00743,國泰中國A150    ,21000,27000,-6000,0,0,0,0,0,0,89000,0,0,0,99000,10000,89000,83000
058293,光寶科凱基9A購01,0,0,0,0,0,0,0,0,0,83000,0,0,0,83000,0,83000,83000
061075,亞德客兆豐9A購01,0,0,0,0,0,0,0,0,0,83000,0,0,0,185000,102000,83000,83000
059203,勤誠永豐99購02  ,0,0,0,0,0,0,0,0,0,83000,0,0,0,88000,5000,83000,83000
062708,立積元大9B購01  ,0,0,0,0,0,0,0,0,0,83000,0,0,0,109000,26000,83000,83000
059069,臺指反元大9C購01,0,0,0,0,0,0,0,0,0,83000,0,0,0,83000,0,83000,83000
065170,智邦元大9C購07  ,0,0,0,0,0,0,0,0,0,83000,0,0,0,125000,42000,83000,83000
065403,健鼎國泰02購01  ,0,0,0,0,0,0,0,0,0,83000,0,0,0,105000,22000,83000,83000
065483,聯茂元大9C購06  ,0,0,0,0,0,0,0,0,0,83000,0,0,0,83000,0,83000,83000
063115,台積電麥證9B購02,0,0,0,113000,30000,83000,0,0,0,83000,0,0,0,113000,30000,83000,83000
064434,微星凱基02購01  ,0,0,0,0,0,0,0,0,0,83000,0,0,0,143000,60000,83000,83000
3018,同開            ,185000,102000,83000,0,0,0,0,0,0,0,0,0,0,0,0,0,83000
08173P,金像電凱基9B售02,0,0,0,0,0,0,0,0,0,82000,0,0,0,130000,48000,82000,82000
07996P,亞德客凱基9B售03,0,0,0,0,0,0,0,0,0,82000,0,0,0,82000,0,82000,82000
055443,台虹國票98購01  ,0,0,0,0,0,0,0,0,0,82000,0,0,0,154000,72000,82000,82000
062761,嘉晶凱基9C購01  ,0,0,0,0,0,0,0,0,0,82000,0,0,0,99000,17000,82000,82000
058790,楠梓電元大99購03,0,0,0,0,0,0,0,0,0,82000,0,0,0,142000,60000,82000,82000
059766,同欣電永豐99購03,0,0,0,0,0,0,0,0,0,82000,0,0,0,82000,0,82000,82000
064692,嘉晶群益9C購03  ,0,0,0,0,0,0,0,0,0,82000,0,0,0,82000,0,82000,82000
064588,玉晶光永豐9C購05,0,0,0,0,0,0,0,0,0,82000,0,0,0,83000,1000,82000,82000
064488,台達電元大9C購01,0,0,0,0,0,0,0,0,0,82000,0,0,0,107000,25000,82000,82000
065742,宏達電麥證9C購01,0,0,0,88000,0,88000,0,0,0,81000,0,0,0,88000,7000,81000,81000
057298,旭富永豐98購01  ,0,0,0,0,0,0,0,0,0,81000,0,0,0,433000,352000,81000,81000
060288,群光元大9C購01  ,0,0,0,0,0,0,0,0,0,81000,0,0,0,497000,416000,81000,81000
062756,臺指反凱基9C購01,0,0,0,0,0,0,0,0,0,81000,0,0,0,81000,0,81000,81000
064289,台郡元大9C購01  ,0,0,0,0,0,0,0,0,0,81000,0,0,0,165000,84000,81000,81000
064125,聯發科元大02購01,0,0,0,0,0,0,0,0,0,81000,0,0,0,101000,20000,81000,81000
064001,華通凱基02購01  ,0,0,0,0,0,0,0,0,0,81000,0,0,0,81000,0,81000,81000
063806,瀚宇博兆豐01購01,0,0,0,0,0,0,0,0,0,81000,0,0,0,133000,52000,81000,81000
066132,精元群益01購01  ,0,0,0,0,0,0,0,0,0,80000,0,0,0,80000,0,80000,80000
066054,創意元大01購02  ,0,0,0,0,0,0,0,0,0,80000,0,0,0,132000,52000,80000,80000
08459P,聯發科兆豐9C售04,0,0,0,0,0,0,0,0,0,80000,0,0,0,81000,1000,80000,80000
056846,晶相光元富98購01,0,0,0,0,0,0,0,0,0,80000,0,0,0,80000,0,80000,80000
057730,聯鈞國泰9A購01  ,0,0,0,0,0,0,0,0,0,80000,0,0,0,128000,48000,80000,80000
057175,美律元大98購03  ,0,0,0,0,0,0,0,0,0,80000,0,0,0,80000,0,80000,80000
061164,燿華兆豐9B購01  ,0,0,0,0,0,0,0,0,0,80000,0,0,0,85000,5000,80000,80000
057028,台郡凱基99購02  ,0,0,0,0,0,0,0,0,0,80000,0,0,0,80000,0,80000,80000
055271,鴻海元大98購03  ,0,0,0,0,0,0,0,0,0,80000,0,0,0,145000,65000,80000,80000
050605,上証2X元大97購02,0,0,0,0,0,0,0,0,0,80000,0,0,0,80000,0,80000,80000
056204,嘉澤永豐97購01  ,0,0,0,0,0,0,0,0,0,80000,0,0,0,130000,50000,80000,80000
062975,京鼎元富9B購01  ,0,0,0,0,0,0,0,0,0,80000,0,0,0,153000,73000,80000,80000
062115,臺股指國票9B購09,0,0,0,0,0,0,0,0,0,80000,0,0,0,80000,0,80000,80000
058802,矽創元大99購02  ,0,0,0,0,0,0,0,0,0,80000,0,0,0,110000,30000,80000,80000
060125,強茂永豐99購01  ,0,0,0,0,0,0,0,0,0,80000,0,0,0,152000,72000,80000,80000
061092,可成統一9C購02  ,0,0,0,0,0,0,0,0,0,80000,0,0,0,80000,0,80000,80000
060493,美律元富01購01  ,0,0,0,0,0,0,0,0,0,80000,0,0,0,168000,88000,80000,80000
064010,GIS凱基02購01   ,0,0,0,0,0,0,0,0,0,80000,0,0,0,80000,0,80000,80000
064573,復盛群益9C購01  ,0,0,0,0,0,0,0,0,0,80000,0,0,0,80000,0,80000,80000
064701,巨大群益9C購02  ,0,0,0,0,0,0,0,0,0,80000,0,0,0,90000,10000,80000,80000
064755,南亞科凱基01購02,0,0,0,0,0,0,0,0,0,80000,0,0,0,80000,0,80000,80000
064759,景碩凱基9C購01  ,0,0,0,0,0,0,0,0,0,80000,0,0,0,91000,11000,80000,80000
065516,健鼎群益9C購02  ,0,0,0,0,0,0,0,0,0,80000,0,0,0,80000,0,80000,80000
065211,世芯國票01購03  ,0,0,0,0,0,0,0,0,0,80000,0,0,0,80000,0,80000,80000
065832,貿聯凱基02購03  ,0,0,0,0,0,0,0,0,0,79000,0,0,0,159000,80000,79000,79000
06586P,鴻海元大9C售01  ,0,0,0,0,0,0,0,0,0,79000,0,0,0,79000,0,79000,79000
066421,國產元大01購01  ,0,0,0,0,0,0,0,0,0,79000,0,0,0,169000,90000,79000,79000
06721P,臺股指中信9A售03,0,0,0,0,0,0,0,0,0,79000,0,0,0,469000,390000,79000,79000
054371,台積電中信9C購01,0,0,0,0,0,0,0,0,0,79000,0,0,0,135000,56000,79000,79000
056503,楠梓電永豐98購01,0,0,0,0,0,0,0,0,0,79000,0,0,0,79000,0,79000,79000
057404,貿聯群益99購01  ,0,0,0,0,0,0,0,0,0,79000,0,0,0,79000,0,79000,79000
059515,牧德永豐99購01  ,0,0,0,0,0,0,0,0,0,79000,0,0,0,109000,30000,79000,79000
063861,南亞科國泰02購01,0,0,0,0,0,0,0,0,0,79000,0,0,0,84000,5000,79000,79000
064378,群創元富9C購01  ,0,0,0,0,0,0,0,0,0,79000,0,0,0,129000,50000,79000,79000
063051,仁寶統一01購01  ,0,0,0,0,0,0,0,0,0,79000,0,0,0,119000,40000,79000,79000
063208,鈺齊統一9C購01  ,0,0,0,0,0,0,0,0,0,79000,0,0,0,110000,31000,79000,79000
2597,潤弘            ,144000,65000,79000,0,0,0,0,0,0,0,0,0,0,0,0,0,79000
1712,興農            ,431000,353000,78000,0,0,0,0,0,0,1000,21000,20000,1000,0,0,0,79000
066514,盟立永豐01購01  ,0,0,0,0,0,0,0,0,0,78000,0,0,0,225000,147000,78000,78000
066138,健策群益01購05  ,0,0,0,0,0,0,0,0,0,78000,0,0,0,81000,3000,78000,78000
08516P,技嘉群益01售02  ,0,0,0,0,0,0,0,0,0,78000,0,0,0,103000,25000,78000,78000
07653P,華新科群益9A售05,0,0,0,0,0,0,0,0,0,78000,0,0,0,78000,0,78000,78000
055312,台虹群益99購01  ,0,0,0,0,0,0,0,0,0,78000,0,0,0,78000,0,78000,78000
057894,華通元富02購02  ,0,0,0,0,0,0,0,0,0,78000,0,0,0,86000,8000,78000,78000
060329,鎧勝群益9B購01  ,0,0,0,0,0,0,0,0,0,78000,0,0,0,80000,2000,78000,78000
060253,昇陽半元大9C購01,0,0,0,0,0,0,0,0,0,78000,0,0,0,80000,2000,78000,78000
062285,台勝科群益9B購01,0,0,0,0,0,0,0,0,0,78000,0,0,0,78000,0,78000,78000
063570,嘉晶元大9C購02  ,0,0,0,0,0,0,0,0,0,78000,0,0,0,97000,19000,78000,78000
064170,儒鴻元富9C購01  ,0,0,0,0,0,0,0,0,0,78000,0,0,0,78000,0,78000,78000
065647,健鼎元大9C購05  ,0,0,0,0,0,0,0,0,0,78000,0,0,0,326000,248000,78000,78000
064629,和潤元大9C購01  ,0,0,0,0,0,0,0,0,0,78000,0,0,0,291000,213000,78000,78000
064924,健策統一9C購05  ,0,0,0,0,0,0,0,0,0,78000,0,0,0,85000,7000,78000,78000
07920P,大立光中信01售01,0,0,0,0,0,0,0,0,0,77000,0,0,0,145000,68000,77000,77000
065764,康友元大9C購02  ,0,0,0,0,0,0,0,0,0,77000,0,0,0,78000,1000,77000,77000
057354,聯鈞統一99購03  ,0,0,0,0,0,0,0,0,0,77000,0,0,0,231000,154000,77000,77000
060782,道瓊指富邦9C購01,0,0,0,0,0,0,0,0,0,77000,0,0,0,100000,23000,77000,77000
057390,台表科永豐98購01,0,0,0,0,0,0,0,0,0,77000,0,0,0,121000,44000,77000,77000
056309,合勤控元大97購01,0,0,0,0,0,0,0,0,0,77000,0,0,0,194000,117000,77000,77000
00673R,元大S&P原油反1  ,0,0,0,0,0,0,0,0,0,77000,0,0,0,215000,138000,77000,77000
062547,玉晶光永豐9B購05,0,0,0,0,0,0,0,0,0,77000,0,0,0,81000,4000,77000,77000
062578,超眾群益9B購01  ,0,0,0,0,0,0,0,0,0,77000,0,0,0,77000,0,77000,77000
062746,致伸永豐9B購01  ,0,0,0,0,0,0,0,0,0,77000,0,0,0,150000,73000,77000,77000
060561,台積電富邦04購01,0,0,0,0,0,0,0,0,0,77000,0,0,0,228000,151000,77000,77000
061676,新光金元大9A購03,0,0,0,0,0,0,0,0,0,77000,0,0,0,77000,0,77000,77000
063523,微星凱基9B購03  ,0,0,0,0,0,0,0,0,0,77000,0,0,0,77000,0,77000,77000
066140,鎧勝群益01購01  ,0,0,0,0,0,0,0,0,0,76000,0,0,0,318000,242000,76000,76000
07067P,旺宏台新99售02  ,0,0,0,0,0,0,0,0,0,76000,0,0,0,85000,9000,76000,76000
057445,華通元富02購01  ,0,0,0,0,0,0,0,0,0,76000,0,0,0,171000,95000,76000,76000
060835,亞德客國票9A購01,0,0,0,0,0,0,0,0,0,76000,0,0,0,119000,43000,76000,76000
056710,漢唐永豐98購01  ,0,0,0,0,0,0,0,0,0,76000,0,0,0,76000,0,76000,76000
058521,日月光元大99購01,0,0,0,0,0,0,0,0,0,76000,0,0,0,104000,28000,76000,76000
058670,鴻海群益9A購03  ,0,0,0,0,0,0,0,0,0,76000,0,0,0,116000,40000,76000,76000
061820,康控群益9B購02  ,0,0,0,0,0,0,0,0,0,76000,0,0,0,213000,137000,76000,76000
059219,旺宏元大99購12  ,0,0,0,0,0,0,0,0,0,76000,0,0,0,76000,0,76000,76000
062760,漢唐凱基9B購01  ,0,0,0,0,0,0,0,0,0,76000,0,0,0,76000,0,76000,76000
063160,牧德富邦9C購02  ,0,0,0,0,0,0,0,0,0,76000,0,0,0,81000,5000,76000,76000
06380P,臺股指統一98售02,0,0,0,0,0,0,0,0,0,76000,0,0,0,96000,20000,76000,76000
065063,玉晶光群益02購04,0,0,0,0,0,0,0,0,0,76000,0,0,0,111000,35000,76000,76000
064593,鈺齊永豐9C購01  ,0,0,0,0,0,0,0,0,0,76000,0,0,0,76000,0,76000,76000
065570,台光電群益01購01,0,0,0,0,0,0,0,0,0,76000,0,0,0,76000,0,76000,76000
065635,智伸科國票01購02,0,0,0,0,0,0,0,0,0,76000,0,0,0,76000,0,76000,76000
065456,義隆元富9C購03  ,0,0,0,0,0,0,0,0,0,76000,0,0,0,148000,72000,76000,76000
07174P,臺股指國票99售11,0,0,0,0,0,0,0,0,0,75000,0,0,0,75000,0,75000,75000
08588P,緯穎元富03售01  ,0,0,0,0,0,0,0,0,0,75000,0,0,0,454000,379000,75000,75000
066270,國揚元大01購01  ,0,0,0,0,0,0,0,0,0,75000,0,0,0,475000,400000,75000,75000
065793,旭富永豐9C購02  ,0,0,0,0,0,0,0,0,0,75000,0,0,0,145000,70000,75000,75000
065751,台光電元大9C購06,0,0,0,0,0,0,0,0,0,75000,0,0,0,104000,29000,75000,75000
066577,巨大元大01購02  ,0,0,0,0,0,0,0,0,0,75000,0,0,0,221000,146000,75000,75000
058346,嘉晶群益99購01  ,0,0,0,0,0,0,0,0,0,75000,0,0,0,75000,0,75000,75000
057764,台表科凱基9A購01,0,0,0,0,0,0,0,0,0,75000,0,0,0,79000,4000,75000,75000
056650,彩晶凱基9A購01  ,0,0,0,0,0,0,0,0,0,75000,0,0,0,90000,15000,75000,75000
060889,國泰金統一9C購01,0,0,0,0,0,0,0,0,0,75000,0,0,0,78000,3000,75000,75000
057187,群創元大9B購04  ,0,0,0,0,0,0,0,0,0,75000,0,0,0,411000,336000,75000,75000
055782,新日興凱基99購01,0,0,0,0,0,0,0,0,0,75000,0,0,0,75000,0,75000,75000
062438,台光電元大9B購04,0,0,0,0,0,0,0,0,0,75000,0,0,0,84000,9000,75000,75000
065429,微星凱基02購02  ,0,0,0,0,0,0,0,0,0,75000,0,0,0,75000,0,75000,75000
064554,儒鴻群益9C購01  ,0,0,0,0,0,0,0,0,0,75000,0,0,0,78000,3000,75000,75000
064624,群創元大02購01  ,0,0,0,0,0,0,0,0,0,75000,0,0,0,79000,4000,75000,75000
06431P,新日興元大97售05,0,0,0,0,0,0,0,0,0,75000,0,0,0,75000,0,75000,75000
6202,盛群            ,689000,563500,125500,0,0,0,0,0,0,-51000,0,0,0,12000,63000,-51000,74500
066536,漢唐兆豐03購01  ,0,0,0,0,0,0,0,0,0,74000,0,0,0,124000,50000,74000,74000
066751,矽創元大01購03  ,0,0,0,0,0,0,0,0,0,74000,0,0,0,240000,166000,74000,74000
06577P,聯發科日盛9A售02,0,0,0,0,0,0,0,0,0,74000,0,0,0,75000,1000,74000,74000
065927,智原國票02購01  ,0,0,0,0,0,0,0,0,0,74000,0,0,0,98000,24000,74000,74000
07612P,國巨國泰9B售06  ,0,0,0,0,0,0,0,0,0,74000,0,0,0,75000,1000,74000,74000
058361,美律凱基99購06  ,0,0,0,0,0,0,0,0,0,74000,0,0,0,114000,40000,74000,74000
056574,亞光元大99購03  ,0,0,0,0,0,0,0,0,0,74000,0,0,0,177000,103000,74000,74000
058567,華新科凱基9A購02,0,0,0,0,0,0,0,0,0,74000,0,0,0,85000,11000,74000,74000
064297,台郡國票01購01  ,0,0,0,0,0,0,0,0,0,74000,0,0,0,131000,57000,74000,74000
063214,康控國票9C購01  ,0,0,0,0,0,0,0,0,0,74000,0,0,0,252000,178000,74000,74000
063117,聯茂麥證9B購01  ,0,0,0,104000,30000,74000,0,0,0,74000,0,0,0,104000,30000,74000,74000
063556,儒鴻元大9B購02  ,0,0,0,0,0,0,0,0,0,74000,0,0,0,112000,38000,74000,74000
064955,健策凱基9C購03  ,0,0,0,0,0,0,0,0,0,74000,0,0,0,127000,53000,74000,74000
07757P,國巨國票9B售04  ,0,0,0,0,0,0,0,0,0,73000,0,0,0,73000,0,73000,73000
08557P,臺股指中信01售09,0,0,0,0,0,0,0,0,0,73000,0,0,0,126000,53000,73000,73000
08300P,世芯國票01售01  ,0,0,0,0,0,0,0,0,0,73000,0,0,0,73000,0,73000,73000
065931,瑞祺國票02購01  ,0,0,0,0,0,0,0,0,0,73000,0,0,0,73000,0,73000,73000
066561,健策元大01購04  ,0,0,0,0,0,0,0,0,0,73000,0,0,0,110000,37000,73000,73000
057163,上銀元大98購04  ,0,0,0,0,0,0,0,0,0,73000,0,0,0,100000,27000,73000,73000
055705,微星永豐97購01  ,0,0,0,0,0,0,0,0,0,73000,0,0,0,73000,0,73000,73000
056215,華新科國票97購03,0,0,0,0,0,0,0,0,0,73000,0,0,0,73000,0,73000,73000
059999,緯穎元富99購01  ,0,0,0,0,0,0,0,0,0,73000,0,0,0,91000,18000,73000,73000
059730,晶相光元大9C購02,0,0,0,0,0,0,0,0,0,73000,0,0,0,199000,126000,73000,73000
061619,大立光群益9B購01,0,0,0,0,0,0,0,0,0,73000,0,0,0,85000,12000,73000,73000
061452,大成鋼凱基9A購01,0,0,0,0,0,0,0,0,0,73000,0,0,0,83000,10000,73000,73000
064892,台達電群益9C購02,0,0,0,0,0,0,0,0,0,73000,0,0,0,190000,117000,73000,73000
064779,義隆群益9C購03  ,0,0,0,0,0,0,0,0,0,73000,0,0,0,230000,157000,73000,73000
065553,聯詠凱基9C購03  ,0,0,0,0,0,0,0,0,0,73000,0,0,0,168000,95000,73000,73000
063374,嘉澤永豐9B購04  ,0,0,0,0,0,0,0,0,0,73000,0,0,0,73000,0,73000,73000
064423,義隆兆豐9C購02  ,0,0,0,0,0,0,0,0,0,73000,0,0,0,197000,124000,73000,73000
064157,健鼎統一01購02  ,0,0,0,0,0,0,0,0,0,73000,0,0,0,172000,99000,73000,73000
063814,嘉晶群益9C購01  ,0,0,0,0,0,0,0,0,0,73000,0,0,0,74000,1000,73000,73000
065920,日月光凱基02購01,0,0,0,0,0,0,0,0,0,72000,0,0,0,142000,70000,72000,72000
066146,昇陽半群益01購02,0,0,0,0,0,0,0,0,0,72000,0,0,0,72000,0,72000,72000
07406P,大立光凱基99售18,0,0,0,0,0,0,0,0,0,72000,0,0,0,72000,0,72000,72000
058022,樺漢凱基99購02  ,0,0,0,0,0,0,0,0,0,72000,0,0,0,73000,1000,72000,72000
057733,嘉聯益國泰99購01,0,0,0,0,0,0,0,0,0,72000,0,0,0,72000,0,72000,72000
061626,超眾群益9A購02  ,0,0,0,0,0,0,0,0,0,72000,0,0,0,112000,40000,72000,72000
061831,智邦凱基9B購02  ,0,0,0,0,0,0,0,0,0,72000,0,0,0,80000,8000,72000,72000
060386,台勝科凱基9B購01,0,0,0,0,0,0,0,0,0,72000,0,0,0,72000,0,72000,72000
059785,美律元大9A購03  ,0,0,0,0,0,0,0,0,0,72000,0,0,0,89000,17000,72000,72000
060060,台積電兆豐99購05,0,0,0,0,0,0,0,0,0,72000,0,0,0,75000,3000,72000,72000
062275,燿華群益9B購01  ,0,0,0,0,0,0,0,0,0,72000,0,0,0,82000,10000,72000,72000
063139,聯發科統一9B購07,0,0,0,0,0,0,0,0,0,72000,0,0,0,257000,185000,72000,72000
065556,旭富凱基9C購02  ,0,0,0,0,0,0,0,0,0,72000,0,0,0,97000,25000,72000,72000
066062,同欣電元大01購02,0,0,0,0,0,0,0,0,0,71000,0,0,0,98000,27000,71000,71000
056699,光罩國泰99購01  ,0,0,0,0,0,0,0,0,0,71000,0,0,0,260000,189000,71000,71000
054166,日電貿凱基98購01,0,0,0,0,0,0,0,0,0,71000,0,0,0,94000,23000,71000,71000
056130,新日興麥證97購01,0,0,0,71000,0,71000,0,0,0,71000,0,0,0,71000,0,71000,71000
060943,宏達電國票9B購02,0,0,0,0,0,0,0,0,0,71000,0,0,0,129000,58000,71000,71000
061990,台勝科元大9C購01,0,0,0,0,0,0,0,0,0,71000,0,0,0,240000,169000,71000,71000
061803,巨大永豐9B購01  ,0,0,0,0,0,0,0,0,0,71000,0,0,0,73000,2000,71000,71000
064664,微星元大9C購04  ,0,0,0,0,0,0,0,0,0,71000,0,0,0,148000,77000,71000,71000
064511,GIS元大9C購05   ,0,0,0,0,0,0,0,0,0,71000,0,0,0,155000,84000,71000,71000
064216,矽格凱基01購01  ,0,0,0,0,0,0,0,0,0,71000,0,0,0,165000,94000,71000,71000
07475P,A50正2群益9C售02,0,0,0,0,0,0,0,0,0,70000,0,0,0,71000,1000,70000,70000
08221P,台表科凱基9B售05,0,0,0,0,0,0,0,0,0,70000,0,0,0,70000,0,70000,70000
058370,聯詠凱基99購01  ,0,0,0,0,0,0,0,0,0,70000,0,0,0,146000,76000,70000,70000
058510,全新元大9B購02  ,0,0,0,0,0,0,0,0,0,70000,0,0,0,134000,64000,70000,70000
055515,聚陽中信9A購01  ,0,0,0,0,0,0,0,0,0,70000,0,0,0,70000,0,70000,70000
055093,京鼎群益98購01  ,0,0,0,0,0,0,0,0,0,70000,0,0,0,110000,40000,70000,70000
056741,大立光凱基98購14,0,0,0,0,0,0,0,0,0,70000,0,0,0,70000,0,70000,70000
061033,台光電永豐9A購01,0,0,0,0,0,0,0,0,0,70000,0,0,0,148000,78000,70000,70000
060583,南亞科元富9A購05,0,0,0,0,0,0,0,0,0,70000,0,0,0,80000,10000,70000,70000
062280,大立光群益9C購01,0,0,0,0,0,0,0,0,0,70000,0,0,0,80000,10000,70000,70000
059198,華新科永豐99購06,0,0,0,0,0,0,0,0,0,70000,0,0,0,71000,1000,70000,70000
062398,建準永豐9B購01  ,0,0,0,0,0,0,0,0,0,70000,0,0,0,80000,10000,70000,70000
064239,群創統一02購01  ,0,0,0,0,0,0,0,0,0,70000,0,0,0,110000,40000,70000,70000
065406,緯穎富邦9C購02  ,0,0,0,0,0,0,0,0,0,70000,0,0,0,70000,0,70000,70000
065210,健策國票01購03  ,0,0,0,0,0,0,0,0,0,70000,0,0,0,81000,11000,70000,70000
08386P,臺股指群益9C售14,0,0,0,0,0,0,0,0,0,69000,0,0,0,69000,0,69000,69000
066363,美律中信05購01  ,0,0,0,0,0,0,0,0,0,69000,0,0,0,69000,0,69000,69000
056517,茂林兆豐99購01  ,0,0,0,0,0,0,0,0,0,69000,0,0,0,125000,56000,69000,69000
058650,台虹永豐9A購01  ,0,0,0,0,0,0,0,0,0,69000,0,0,0,243000,174000,69000,69000
062340,力成麥證9B購01  ,0,0,0,283000,0,283000,0,0,0,69000,0,0,0,283000,214000,69000,69000
061451,南電中信9A購03  ,0,0,0,0,0,0,0,0,0,69000,0,0,0,127000,58000,69000,69000
061398,力成中信9A購01  ,0,0,0,0,0,0,0,0,0,69000,0,0,0,224000,155000,69000,69000
058929,可成統一9C購01  ,0,0,0,0,0,0,0,0,0,69000,0,0,0,69000,0,69000,69000
065271,日月光元大9C購02,0,0,0,0,0,0,0,0,0,69000,0,0,0,474000,405000,69000,69000
064953,嘉晶凱基9C購02  ,0,0,0,0,0,0,0,0,0,69000,0,0,0,71000,2000,69000,69000
063590,華擎永豐9B購01  ,0,0,0,0,0,0,0,0,0,69000,0,0,0,104000,35000,69000,69000
063724,亞德客元大9B購03,0,0,0,0,0,0,0,0,0,69000,0,0,0,74000,5000,69000,69000
066041,台光電元大01購02,0,0,0,0,0,0,0,0,0,68000,0,0,0,128000,60000,68000,68000
065753,正崴元大9C購02  ,0,0,0,0,0,0,0,0,0,68000,0,0,0,316000,248000,68000,68000
06934P,聯鈞元大98售03  ,0,0,0,0,0,0,0,0,0,68000,0,0,0,68000,0,68000,68000
058139,臻鼎元大99購01  ,0,0,0,0,0,0,0,0,0,68000,0,0,0,70000,2000,68000,68000
056583,昇陽半元大98購02,0,0,0,0,0,0,0,0,0,68000,0,0,0,78000,10000,68000,68000
058513,宏達電元大99購05,0,0,0,0,0,0,0,0,0,68000,0,0,0,68000,0,68000,68000
061416,聯茂群益9A購01  ,0,0,0,0,0,0,0,0,0,68000,0,0,0,68000,0,68000,68000
059350,樺漢凱基9A購01  ,0,0,0,0,0,0,0,0,0,68000,0,0,0,78000,10000,68000,68000
060543,鴻海凱基9B購02  ,0,0,0,0,0,0,0,0,0,68000,0,0,0,73000,5000,68000,68000
061855,台郡國票9B購01  ,0,0,0,0,0,0,0,0,0,68000,0,0,0,69000,1000,68000,68000
062310,南亞科凱基9B購02,0,0,0,0,0,0,0,0,0,68000,0,0,0,68000,0,68000,68000
062665,智易群益9B購01  ,0,0,0,0,0,0,0,0,0,68000,0,0,0,68000,0,68000,68000
062956,同欣電永豐9B購02,0,0,0,0,0,0,0,0,0,68000,0,0,0,68000,0,68000,68000
062179,旺宏元大9B購05  ,0,0,0,0,0,0,0,0,0,68000,0,0,0,68000,0,68000,68000
062147,大毅國票9B購02  ,0,0,0,0,0,0,0,0,0,68000,0,0,0,111000,43000,68000,68000
064389,台泥永豐9C購01  ,0,0,0,0,0,0,0,0,0,68000,0,0,0,68000,0,68000,68000
064033,茂林元大9C購02  ,0,0,0,0,0,0,0,0,0,68000,0,0,0,68000,0,68000,68000
064980,牧德元大01購01  ,0,0,0,0,0,0,0,0,0,68000,0,0,0,118000,50000,68000,68000
08306P,台積電凱基01售04,0,0,0,0,0,0,0,0,0,67000,0,0,0,190000,123000,67000,67000
066128,台積電群益02購01,0,0,0,0,0,0,0,0,0,67000,0,0,0,205000,138000,67000,67000
058445,旺宏富邦9C購01  ,0,0,0,0,0,0,0,0,0,67000,0,0,0,187000,120000,67000,67000
00770,國泰北美科技    ,47000,0,47000,0,0,0,0,0,0,20000,0,0,0,53000,33000,20000,67000
059886,可成國票99購04  ,0,0,0,0,0,0,0,0,0,67000,0,0,0,95000,28000,67000,67000
060599,國巨凱基9C購01  ,0,0,0,0,0,0,0,0,0,67000,0,0,0,88000,21000,67000,67000
064331,微星元大9C購03  ,0,0,0,0,0,0,0,0,0,67000,0,0,0,217000,150000,67000,67000
063731,台積電元大9B購10,0,0,0,0,0,0,0,0,0,67000,0,0,0,82000,15000,67000,67000
063692,華擎永豐9B購02  ,0,0,0,0,0,0,0,0,0,67000,0,0,0,68000,1000,67000,67000
063531,台表科凱基9B購04,0,0,0,0,0,0,0,0,0,67000,0,0,0,69000,2000,67000,67000
063223,牧德群益9B購04  ,0,0,0,0,0,0,0,0,0,67000,0,0,0,72000,5000,67000,67000
6205,詮欣            ,96000,28000,68000,0,0,0,0,0,0,-1000,0,1000,-1000,0,0,0,67000
066566,康控元大01購01  ,0,0,0,0,0,0,0,0,0,66000,0,0,0,331000,265000,66000,66000
061206,旺宏元大9A購12  ,0,0,0,0,0,0,0,0,0,66000,0,0,0,66000,0,66000,66000
060867,智伸科永豐9A購01,0,0,0,0,0,0,0,0,0,66000,0,0,0,66000,0,66000,66000
058881,全新永豐99購01  ,0,0,0,0,0,0,0,0,0,66000,0,0,0,81000,15000,66000,66000
060159,健和興永豐9A購01,0,0,0,0,0,0,0,0,0,66000,0,0,0,68000,2000,66000,66000
062824,國巨群益9C購03  ,0,0,0,0,0,0,0,0,0,66000,0,0,0,100000,34000,66000,66000
063222,群創群益9B購03  ,0,0,0,0,0,0,0,0,0,66000,0,0,0,195000,129000,66000,66000
063428,矽創凱基9B購02  ,0,0,0,0,0,0,0,0,0,66000,0,0,0,78000,12000,66000,66000
064325,亞德客元大9C購01,0,0,0,0,0,0,0,0,0,66000,0,0,0,74000,8000,66000,66000
064256,玉晶光國泰02購02,0,0,0,0,0,0,0,0,0,66000,0,0,0,283000,217000,66000,66000
064081,國產中信06購01  ,0,0,0,0,0,0,0,0,0,66000,0,0,0,92000,26000,66000,66000
063938,上銀元大9C購03  ,0,0,0,0,0,0,0,0,0,66000,0,0,0,93000,27000,66000,66000
064535,國產國票01購01  ,0,0,0,0,0,0,0,0,0,66000,0,0,0,83000,17000,66000,66000
065093,新日興元大9C購03,0,0,0,0,0,0,0,0,0,66000,0,0,0,128000,62000,66000,66000
066305,華夏永豐01購01  ,0,0,0,0,0,0,0,0,0,65000,0,0,0,65000,0,65000,65000
06954P,大立光元富99售01,0,0,0,0,0,0,0,0,0,65000,0,0,0,369000,304000,65000,65000
07030P,鈺齊群益99售01  ,0,0,0,0,0,0,0,0,0,65000,0,0,0,65000,0,65000,65000
053396,漢唐中信9A購01  ,0,0,0,0,0,0,0,0,0,65000,0,0,0,88000,23000,65000,65000
062522,同欣電元大9B購02,0,0,0,0,0,0,0,0,0,65000,0,0,0,125000,60000,65000,65000
060928,明泰永豐9A購01  ,0,0,0,0,0,0,0,0,0,65000,0,0,0,65000,0,65000,65000
061716,瑞儀凱基9B購01  ,0,0,0,0,0,0,0,0,0,65000,0,0,0,90000,25000,65000,65000
063851,健策元大01購01  ,0,0,0,0,0,0,0,0,0,65000,0,0,0,107000,42000,65000,65000
063411,和潤國票9C購01  ,0,0,0,0,0,0,0,0,0,65000,0,0,0,118000,53000,65000,65000
063715,鈺齊凱基9C購01  ,0,0,0,0,0,0,0,0,0,65000,0,0,0,65000,0,65000,65000
00728,第一金工業30    ,0,0,0,0,0,0,0,0,0,64000,0,0,0,189000,125000,64000,64000
051603,深中小群益99購03,0,0,0,0,0,0,0,0,0,64000,0,0,0,64000,0,64000,64000
054791,泰碩群益99購02  ,0,0,0,0,0,0,0,0,0,64000,0,0,0,240000,176000,64000,64000
055256,日電貿統一99購01,0,0,0,0,0,0,0,0,0,64000,0,0,0,99000,35000,64000,64000
058072,大立光凱基98購20,0,0,0,0,0,0,0,0,0,64000,0,0,0,64000,0,64000,64000
057915,台泥凱基98購01  ,0,0,0,0,0,0,0,0,0,64000,0,0,0,74000,10000,64000,64000
058580,華新科群益99購02,0,0,0,0,0,0,0,0,0,64000,0,0,0,64000,0,64000,64000
061704,景碩國票9A購01  ,0,0,0,0,0,0,0,0,0,64000,0,0,0,77000,13000,64000,64000
062503,玉晶光群益01購03,0,0,0,0,0,0,0,0,0,64000,0,0,0,71000,7000,64000,64000
062669,微星中信03購01  ,0,0,0,0,0,0,0,0,0,64000,0,0,0,103000,39000,64000,64000
062883,智易兆豐9C購01  ,0,0,0,0,0,0,0,0,0,64000,0,0,0,74000,10000,64000,64000
062877,可成兆豐9C購01  ,0,0,0,0,0,0,0,0,0,64000,0,0,0,64000,0,64000,64000
062916,智易元大9B購01  ,0,0,0,0,0,0,0,0,0,64000,0,0,0,66000,2000,64000,64000
059765,嘉聯益永豐99購02,0,0,0,0,0,0,0,0,0,64000,0,0,0,119000,55000,64000,64000
060254,世紀鋼元大9A購01,0,0,0,0,0,0,0,0,0,64000,0,0,0,162000,98000,64000,64000
063347,祥碩統一01購03  ,0,0,0,0,0,0,0,0,0,64000,0,0,0,704000,640000,64000,64000
065094,新日興元大9C購04,0,0,0,0,0,0,0,0,0,64000,0,0,0,64000,0,64000,64000
07799P,南電國票9A售04  ,0,0,0,0,0,0,0,0,0,63000,0,0,0,278000,215000,63000,63000
066737,創意元大01購05  ,0,0,0,0,0,0,0,0,0,63000,0,0,0,70000,7000,63000,63000
06597P,國巨富邦9A售05  ,0,0,0,0,0,0,0,0,0,63000,0,0,0,274000,211000,63000,63000
065797,臺指反群益9C購02,0,0,0,0,0,0,0,0,0,63000,0,0,0,77000,14000,63000,63000
057087,台郡統一99購01  ,0,0,0,0,0,0,0,0,0,63000,0,0,0,63000,0,63000,63000
056461,樺漢凱基98購02  ,0,0,0,0,0,0,0,0,0,63000,0,0,0,73000,10000,63000,63000
053481,同欣電元大97購01,0,0,0,0,0,0,0,0,0,63000,0,0,0,80000,17000,63000,63000
062268,力山群益9B購01  ,0,0,0,0,0,0,0,0,0,63000,0,0,0,132000,69000,63000,63000
062609,帆宣凱基9B購01  ,0,0,0,0,0,0,0,0,0,63000,0,0,0,84000,21000,63000,63000
060637,玉晶光永豐9A購03,0,0,0,0,0,0,0,0,0,63000,0,0,0,67000,4000,63000,63000
061150,國巨群益9A購09  ,0,0,0,0,0,0,0,0,0,63000,0,0,0,187000,124000,63000,63000
058971,台積電永豐99購03,0,0,0,0,0,0,0,0,0,63000,0,0,0,163000,100000,63000,63000
061491,嘉聯益兆豐9B購01,0,0,0,0,0,0,0,0,0,63000,0,0,0,107000,44000,63000,63000
065381,緯穎元大9C購03  ,0,0,0,0,0,0,0,0,0,63000,0,0,0,70000,7000,63000,63000
063271,中磊兆豐9C購01  ,0,0,0,0,0,0,0,0,0,63000,0,0,0,64000,1000,63000,63000
08590P,智邦凱基9C售04  ,0,0,0,0,0,0,0,0,0,62000,0,0,0,71000,9000,62000,62000
020008,元大特股高息N   ,0,0,0,0,0,0,0,0,0,62000,0,0,0,63000,1000,62000,62000
056178,嘉澤元富97購02  ,0,0,0,0,0,0,0,0,0,62000,0,0,0,154000,92000,62000,62000
056543,京鼎凱基98購01  ,0,0,0,0,0,0,0,0,0,62000,0,0,0,72000,10000,62000,62000
061064,可成凱基9B購02  ,0,0,0,0,0,0,0,0,0,62000,0,0,0,63000,1000,62000,62000
057299,立積永豐98購02  ,0,0,0,0,0,0,0,0,0,62000,0,0,0,75000,13000,62000,62000
058050,台郡元大99購05  ,0,0,0,0,0,0,0,0,0,62000,0,0,0,76000,14000,62000,62000
058180,華新科國泰9A購01,0,0,0,0,0,0,0,0,0,62000,0,0,0,62000,0,62000,62000
061625,聯茂群益9A購02  ,0,0,0,0,0,0,0,0,0,62000,0,0,0,203000,141000,62000,62000
058878,旭富國泰9B購01  ,0,0,0,0,0,0,0,0,0,62000,0,0,0,71000,9000,62000,62000
058988,大立光凱基9A購02,0,0,0,0,0,0,0,0,0,62000,0,0,0,93000,31000,62000,62000
062596,緯穎統一01購02  ,0,0,0,0,0,0,0,0,0,62000,0,0,0,202000,140000,62000,62000
062731,力成凱基9B購02  ,0,0,0,0,0,0,0,0,0,62000,0,0,0,86000,24000,62000,62000
060239,國揚元大9C購01  ,0,0,0,0,0,0,0,0,0,62000,0,0,0,413000,351000,62000,62000
063396,金像電群益9C購01,0,0,0,0,0,0,0,0,0,62000,0,0,0,98000,36000,62000,62000
063901,緯穎群益9C購01  ,0,0,0,0,0,0,0,0,0,62000,0,0,0,74000,12000,62000,62000
064754,漢唐凱基02購01  ,0,0,0,0,0,0,0,0,0,62000,0,0,0,62000,0,62000,62000
064751,亞德客凱基9C購02,0,0,0,0,0,0,0,0,0,62000,0,0,0,72000,10000,62000,62000
064816,訊芯元大9C購01  ,0,0,0,0,0,0,0,0,0,62000,0,0,0,400000,338000,62000,62000
2239,英利-KY         ,102000,38000,64000,0,0,0,0,0,0,-2000,0,0,0,0,2000,-2000,62000
3010,華立            ,183000,120000,63000,0,0,0,0,0,0,-1000,0,1000,-1000,0,0,0,62000
08011P,玉晶光元大9B售05,0,0,0,0,0,0,0,0,0,61000,0,0,0,83000,22000,61000,61000
066497,大立光國泰03購02,0,0,0,0,0,0,0,0,0,61000,0,0,0,61000,0,61000,61000
057985,華通元富02購03  ,0,0,0,0,0,0,0,0,0,61000,0,0,0,61000,0,61000,61000
056906,玉晶光元大9B購01,0,0,0,0,0,0,0,0,0,61000,0,0,0,121000,60000,61000,61000
057857,牧德國票99購01  ,0,0,0,0,0,0,0,0,0,61000,0,0,0,61000,0,61000,61000
052152,創意富邦98購01  ,0,0,0,0,0,0,0,0,0,61000,0,0,0,121000,60000,61000,61000
056395,玉晶光永豐9B購01,0,0,0,0,0,0,0,0,0,61000,0,0,0,86000,25000,61000,61000
058471,台積電日盛9C購01,0,0,0,0,0,0,0,0,0,61000,0,0,0,61000,0,61000,61000
062538,台積電國泰9C購02,0,0,0,0,0,0,0,0,0,61000,0,0,0,70000,9000,61000,61000
059590,台積電元大99購39,0,0,0,0,0,0,0,0,0,61000,0,0,0,61000,0,61000,61000
064813,祥碩元大9C購05  ,0,0,0,0,0,0,0,0,0,61000,0,0,0,175000,114000,61000,61000
064747,彩晶國票01購01  ,0,0,0,0,0,0,0,0,0,61000,0,0,0,61000,0,61000,61000
06473P,鴻海元大99售03  ,0,0,0,0,0,0,0,0,0,61000,0,0,0,71000,10000,61000,61000
063872,嘉聯益永豐9C購01,0,0,0,0,0,0,0,0,0,61000,0,0,0,61000,0,61000,61000
063933,TPK統一01購01   ,0,0,0,0,0,0,0,0,0,61000,0,0,0,61000,0,61000,61000
063291,緯穎元大01購01  ,0,0,0,0,0,0,0,0,0,61000,0,0,0,81000,20000,61000,61000
066477,鴻海元富07購01  ,0,0,0,0,0,0,0,0,0,60000,0,0,0,61000,1000,60000,60000
066675,滬深2X兆豐03購01,0,0,0,0,0,0,0,0,0,60000,0,0,0,70000,10000,60000,60000
07561P,玉晶光永豐9A售02,0,0,0,0,0,0,0,0,0,60000,0,0,0,60000,0,60000,60000
07148P,富邦金元大99售01,0,0,0,0,0,0,0,0,0,60000,0,0,0,60000,0,60000,60000
07379P,大立光元大99售30,0,0,0,0,0,0,0,0,0,60000,0,0,0,60000,0,60000,60000
07260P,台灣50元大9A售01,0,0,0,0,0,0,0,0,0,60000,0,0,0,60000,0,60000,60000
08677P,超眾群益01售02  ,0,0,0,0,0,0,0,0,0,60000,0,0,0,60000,0,60000,60000
08461P,長榮航國票9C售01,0,0,0,0,0,0,0,0,0,60000,0,0,0,60000,0,60000,60000
08262P,茂林元大9C售01  ,0,0,0,0,0,0,0,0,0,60000,0,0,0,187000,127000,60000,60000
08240P,華通中信06售03  ,0,0,0,0,0,0,0,0,0,60000,0,0,0,62000,2000,60000,60000
056423,奇鋐統一98購01  ,0,0,0,0,0,0,0,0,0,60000,0,0,0,60000,0,60000,60000
055578,群創統一98購03  ,0,0,0,0,0,0,0,0,0,60000,0,0,0,60000,0,60000,60000
046375,友達凱基98購01  ,0,0,0,0,0,0,0,0,0,60000,0,0,0,60000,0,60000,60000
03433B,臺股指元大9C熊01,0,0,0,0,0,0,0,0,0,60000,0,0,0,60000,0,60000,60000
056665,上証2X國票99購02,0,0,0,0,0,0,0,0,0,60000,0,0,0,60000,0,60000,60000
060861,漢唐永豐9A購01  ,0,0,0,0,0,0,0,0,0,60000,0,0,0,60000,0,60000,60000
058006,台郡群益98購04  ,0,0,0,0,0,0,0,0,0,60000,0,0,0,60000,0,60000,60000
056818,正崴永豐98購01  ,0,0,0,0,0,0,0,0,0,60000,0,0,0,170000,110000,60000,60000
058202,鴻海凱基9A購04  ,0,0,0,0,0,0,0,0,0,60000,0,0,0,62000,2000,60000,60000
061406,華通國票9A購06  ,0,0,0,0,0,0,0,0,0,60000,0,0,0,60000,0,60000,60000
060435,鈺齊永豐9A購01  ,0,0,0,0,0,0,0,0,0,60000,0,0,0,60000,0,60000,60000
062696,國巨元大9B購16  ,0,0,0,0,0,0,0,0,0,60000,0,0,0,100000,40000,60000,60000
060251,易華電元大9C購01,0,0,0,0,0,0,0,0,0,60000,0,0,0,200000,140000,60000,60000
060245,聯陽元大9C購01  ,0,0,0,0,0,0,0,0,0,60000,0,0,0,60000,0,60000,60000
060072,國巨元富99購04  ,0,0,0,0,0,0,0,0,0,60000,0,0,0,100000,40000,60000,60000
063859,國巨國泰01購03  ,0,0,0,0,0,0,0,0,0,60000,0,0,0,120000,60000,60000,60000
064401,台達電凱基06購01,0,0,0,0,0,0,0,0,0,60000,0,0,0,125000,65000,60000,60000
064902,健策群益01購03  ,0,0,0,0,0,0,0,0,0,60000,0,0,0,129000,69000,60000,60000
064909,華擎麥證9C購01  ,0,0,0,60000,0,60000,0,0,0,60000,0,0,0,60000,0,60000,60000
065034,玉晶光統一01購11,0,0,0,0,0,0,0,0,0,60000,0,0,0,102000,42000,60000,60000
065171,燿華元大9C購04  ,0,0,0,0,0,0,0,0,0,60000,0,0,0,322000,262000,60000,60000
065440,台積電麥證9C購02,0,0,0,160000,100000,60000,0,0,0,60000,0,0,0,160000,100000,60000,60000
065645,嘉晶元大01購02  ,0,0,0,0,0,0,0,0,0,60000,0,0,0,86000,26000,60000,60000
066088,漢翔永豐01購01  ,0,0,0,0,0,0,0,0,0,59000,0,0,0,59000,0,59000,59000
058262,大立光富邦9C購02,0,0,0,0,0,0,0,0,0,59000,0,0,0,62000,3000,59000,59000
060684,同欣電元大9A購01,0,0,0,0,0,0,0,0,0,59000,0,0,0,59000,0,59000,59000
061238,晶技元大9A購02  ,0,0,0,0,0,0,0,0,0,59000,0,0,0,163000,104000,59000,59000
057011,日月光中信99購01,0,0,0,0,0,0,0,0,0,59000,0,0,0,170000,111000,59000,59000
056378,欣興元富98購01  ,0,0,0,0,0,0,0,0,0,59000,0,0,0,85000,26000,59000,59000
057546,台積電凱基02購01,0,0,0,0,0,0,0,0,0,59000,0,0,0,59000,0,59000,59000
059742,富邦金元富99購01,0,0,0,0,0,0,0,0,0,59000,0,0,0,89000,30000,59000,59000
062282,禾伸堂群益9B購01,0,0,0,0,0,0,0,0,0,59000,0,0,0,70000,11000,59000,59000
060990,新光金元大9B購03,0,0,0,0,0,0,0,0,0,59000,0,0,0,59000,0,59000,59000
064907,緯穎群益9C購02  ,0,0,0,0,0,0,0,0,0,59000,0,0,0,61000,2000,59000,59000
064899,大立光群益9C購06,0,0,0,0,0,0,0,0,0,59000,0,0,0,104000,45000,59000,59000
064194,燿華群益9C購01  ,0,0,0,0,0,0,0,0,0,59000,0,0,0,115000,56000,59000,59000
063870,健策永豐01購01  ,0,0,0,0,0,0,0,0,0,59000,0,0,0,59000,0,59000,59000
063910,漢唐凱基9C購01  ,0,0,0,0,0,0,0,0,0,59000,0,0,0,59000,0,59000,59000
066133,京元電群益01購01,0,0,0,0,0,0,0,0,0,58000,0,0,0,65000,7000,58000,58000
066145,昇陽半群益01購01,0,0,0,0,0,0,0,0,0,58000,0,0,0,116000,58000,58000,58000
056454,欣興凱基98購02  ,0,0,0,0,0,0,0,0,0,58000,0,0,0,58000,0,58000,58000
057925,貿聯凱基99購01  ,0,0,0,0,0,0,0,0,0,58000,0,0,0,58000,0,58000,58000
059908,元金2X元大99購01,0,0,0,0,0,0,0,0,0,58000,0,0,0,58000,0,58000,58000
059116,晶豪科永豐99購01,0,0,0,0,0,0,0,0,0,58000,0,0,0,58000,0,58000,58000
060156,光磊永豐9A購01  ,0,0,0,0,0,0,0,0,0,58000,0,0,0,88000,30000,58000,58000
062458,全新群益9B購03  ,0,0,0,0,0,0,0,0,0,58000,0,0,0,77000,19000,58000,58000
063965,漢唐國票01購01  ,0,0,0,0,0,0,0,0,0,58000,0,0,0,58000,0,58000,58000
065559,超眾凱基9C購03  ,0,0,0,0,0,0,0,0,0,58000,0,0,0,68000,10000,58000,58000
065188,玉晶光統一02購01,0,0,0,0,0,0,0,0,0,58000,0,0,0,175000,117000,58000,58000
3041,揚智            ,820000,56000,764000,0,0,0,0,0,0,-706000,0,706000,-706000,0,0,0,58000
3535,晶彩科          ,693000,634000,59000,0,0,0,0,0,0,-1000,0,1000,-1000,0,0,0,58000
066052,景碩元大02購01  ,0,0,0,0,0,0,0,0,0,57000,0,0,0,59000,2000,57000,57000
066381,景碩康和01購01  ,0,0,0,0,0,0,0,0,0,57000,0,0,0,59000,2000,57000,57000
08467P,長榮航統一9C售01,0,0,0,0,0,0,0,0,0,57000,0,0,0,97000,40000,57000,57000
08404P,技嘉元大9C售02  ,0,0,0,0,0,0,0,0,0,57000,0,0,0,173000,116000,57000,57000
07086P,力成元富9C售01  ,0,0,0,0,0,0,0,0,0,57000,0,0,0,110000,53000,57000,57000
055620,樺漢國票98購01  ,0,0,0,0,0,0,0,0,0,57000,0,0,0,57000,0,57000,57000
058496,文曄群益99購01  ,0,0,0,0,0,0,0,0,0,57000,0,0,0,107000,50000,57000,57000
058780,牧德國票9A購01  ,0,0,0,0,0,0,0,0,0,57000,0,0,0,64000,7000,57000,57000
061660,禾伸堂永豐9A購01,0,0,0,0,0,0,0,0,0,57000,0,0,0,126000,69000,57000,57000
064957,台表科凱基02購02,0,0,0,0,0,0,0,0,0,57000,0,0,0,117000,60000,57000,57000
064475,台積電國泰02購03,0,0,0,0,0,0,0,0,0,57000,0,0,0,557000,500000,57000,57000
063772,智邦富邦9B購02  ,0,0,0,0,0,0,0,0,0,57000,0,0,0,89000,32000,57000,57000
064204,瑞儀兆豐01購01  ,0,0,0,0,0,0,0,0,0,57000,0,0,0,127000,70000,57000,57000
064330,燿華元大9C購02  ,0,0,0,0,0,0,0,0,0,57000,0,0,0,154000,97000,57000,57000
063207,聯茂統一01購01  ,0,0,0,0,0,0,0,0,0,57000,0,0,0,57000,0,57000,57000
063679,群創國泰01購01  ,0,0,0,0,0,0,0,0,0,57000,0,0,0,90000,33000,57000,57000
4306,炎洲            ,339000,293000,46000,0,0,0,0,0,0,11000,30000,19000,11000,0,0,0,57000
06843P,鴻海元大98售11  ,0,0,0,0,0,0,0,0,0,56000,0,0,0,56000,0,56000,56000
066110,大成鋼兆豐01購01,0,0,0,0,0,0,0,0,0,56000,0,0,0,56000,0,56000,56000
066162,泰豐凱基01購01  ,0,0,0,0,0,0,0,0,0,56000,0,0,0,56000,0,56000,56000
065732,健策凱基9C購04  ,0,0,0,0,0,0,0,0,0,56000,0,0,0,63000,7000,56000,56000
055104,台達電凱基98購01,0,0,0,0,0,0,0,0,0,56000,0,0,0,122000,66000,56000,56000
054567,拓凱群益98購01  ,0,0,0,0,0,0,0,0,0,56000,0,0,0,101000,45000,56000,56000
057902,嘉晶永豐98購02  ,0,0,0,0,0,0,0,0,0,56000,0,0,0,67000,11000,56000,56000
056767,大毅元大99購01  ,0,0,0,0,0,0,0,0,0,56000,0,0,0,121000,65000,56000,56000
061210,玉山金元大9A購02,0,0,0,0,0,0,0,0,0,56000,0,0,0,164000,108000,56000,56000
061203,國巨元大9A購15  ,0,0,0,0,0,0,0,0,0,56000,0,0,0,67000,11000,56000,56000
061265,富邦金凱基9B購01,0,0,0,0,0,0,0,0,0,56000,0,0,0,58000,2000,56000,56000
059052,為升凱基99購01  ,0,0,0,0,0,0,0,0,0,56000,0,0,0,76000,20000,56000,56000
059103,旭富元富99購03  ,0,0,0,0,0,0,0,0,0,56000,0,0,0,56000,0,56000,56000
058874,聯鈞國票9A購01  ,0,0,0,0,0,0,0,0,0,56000,0,0,0,56000,0,56000,56000
064079,英業達中信9C購01,0,0,0,0,0,0,0,0,0,56000,0,0,0,85000,29000,56000,56000
064522,華擎群益01購01  ,0,0,0,0,0,0,0,0,0,56000,0,0,0,72000,16000,56000,56000
064563,全新群益02購01  ,0,0,0,0,0,0,0,0,0,56000,0,0,0,80000,24000,56000,56000
065827,正崴凱基9C購01  ,0,0,0,0,0,0,0,0,0,55000,0,0,0,185000,130000,55000,55000
065924,東元國票02購01  ,0,0,0,0,0,0,0,0,0,55000,0,0,0,93000,38000,55000,55000
066097,英業達中信02購01,0,0,0,0,0,0,0,0,0,55000,0,0,0,82000,27000,55000,55000
06911P,鴻海元大99售09  ,0,0,0,0,0,0,0,0,0,55000,0,0,0,55000,0,55000,55000
066557,京鼎元大01購01  ,0,0,0,0,0,0,0,0,0,55000,0,0,0,340000,285000,55000,55000
08145P,台灣50群益9B售11,0,0,0,0,0,0,0,0,0,55000,0,0,0,90000,35000,55000,55000
061069,嘉聯益凱基9A購01,0,0,0,0,0,0,0,0,0,55000,0,0,0,85000,30000,55000,55000
057838,台郡國泰99購01  ,0,0,0,0,0,0,0,0,0,55000,0,0,0,55000,0,55000,55000
058371,智原凱基9A購01  ,0,0,0,0,0,0,0,0,0,55000,0,0,0,56000,1000,55000,55000
053881,南亞科中信97購01,0,0,0,0,0,0,0,0,0,55000,0,0,0,55000,0,55000,55000
059211,鴻海元大99購27  ,0,0,0,0,0,0,0,0,0,55000,0,0,0,55000,0,55000,55000
060962,義隆凱基9B購01  ,0,0,0,0,0,0,0,0,0,55000,0,0,0,77000,22000,55000,55000
060100,新光金元大9C購01,0,0,0,0,0,0,0,0,0,55000,0,0,0,60000,5000,55000,55000
062085,同欣電元大9B購01,0,0,0,0,0,0,0,0,0,55000,0,0,0,85000,30000,55000,55000
059825,嘉晶凱基99購02  ,0,0,0,0,0,0,0,0,0,55000,0,0,0,70000,15000,55000,55000
060316,福懋科永豐9A購01,0,0,0,0,0,0,0,0,0,55000,0,0,0,55000,0,55000,55000
062489,可成永豐9B購02  ,0,0,0,0,0,0,0,0,0,55000,0,0,0,100000,45000,55000,55000
065303,國泰金元富9C購01,0,0,0,0,0,0,0,0,0,55000,0,0,0,119000,64000,55000,55000
06529P,貿聯富邦99售03  ,0,0,0,0,0,0,0,0,0,55000,0,0,0,80000,25000,55000,55000
065623,瑞昱中信04購01  ,0,0,0,0,0,0,0,0,0,55000,0,0,0,98000,43000,55000,55000
063802,南茂凱基9C購01  ,0,0,0,0,0,0,0,0,0,55000,0,0,0,55000,0,55000,55000
064187,亞光永豐9C購01  ,0,0,0,0,0,0,0,0,0,55000,0,0,0,68000,13000,55000,55000
063643,臻鼎元大9B購03  ,0,0,0,0,0,0,0,0,0,55000,0,0,0,179000,124000,55000,55000
063554,GIS國票9C購03   ,0,0,0,0,0,0,0,0,0,55000,0,0,0,55000,0,55000,55000
063516,香港反凱基03購01,0,0,0,0,0,0,0,0,0,55000,0,0,0,60000,5000,55000,55000
6598,ABC-KY          ,106000,51000,55000,0,0,0,0,0,0,0,0,0,0,0,0,0,55000
08282P,南六群益9C售01  ,0,0,0,0,0,0,0,0,0,54000,0,0,0,54000,0,54000,54000
08261P,玉晶光元大9C售08,0,0,0,0,0,0,0,0,0,54000,0,0,0,701000,647000,54000,54000
07838P,泰碩元大9A售04  ,0,0,0,0,0,0,0,0,0,54000,0,0,0,235000,181000,54000,54000
06851P,鈺齊元大98售01  ,0,0,0,0,0,0,0,0,0,54000,0,0,0,100000,46000,54000,54000
066681,聯發科兆豐01購04,0,0,0,0,0,0,0,0,0,54000,0,0,0,199000,145000,54000,54000
065897,凌華統一03購01  ,0,0,0,0,0,0,0,0,0,54000,0,0,0,247000,193000,54000,54000
056486,樺漢元大98購04  ,0,0,0,0,0,0,0,0,0,54000,0,0,0,54000,0,54000,54000
057865,富邦金凱基98購01,0,0,0,0,0,0,0,0,0,54000,0,0,0,54000,0,54000,54000
056719,台虹永豐98購01  ,0,0,0,0,0,0,0,0,0,54000,0,0,0,74000,20000,54000,54000
059174,訊芯凱基99購01  ,0,0,0,0,0,0,0,0,0,54000,0,0,0,79000,25000,54000,54000
059109,台積電富邦9C購03,0,0,0,0,0,0,0,0,0,54000,0,0,0,54000,0,54000,54000
065124,燿華永豐9C購03  ,0,0,0,0,0,0,0,0,0,54000,0,0,0,54000,0,54000,54000
064548,漢翔凱基9C購01  ,0,0,0,0,0,0,0,0,0,54000,0,0,0,54000,0,54000,54000
2414,精技            ,177000,123000,54000,0,0,0,0,0,0,0,0,0,0,0,0,0,54000
065939,創意群益01購01  ,0,0,0,0,0,0,0,0,0,53000,0,0,0,136000,83000,53000,53000
07673P,電子類元大9A售01,0,0,0,0,0,0,0,0,0,53000,0,0,0,60000,7000,53000,53000
08390P,旺宏凱基9C售02  ,0,0,0,0,0,0,0,0,0,53000,0,0,0,56000,3000,53000,53000
08075P,聯電群益9C售01  ,0,0,0,0,0,0,0,0,0,53000,0,0,0,54000,1000,53000,53000
058017,漢唐凱基99購01  ,0,0,0,0,0,0,0,0,0,53000,0,0,0,83000,30000,53000,53000
058073,大立光凱基99購04,0,0,0,0,0,0,0,0,0,53000,0,0,0,53000,0,53000,53000
054472,道瓊反中信9A購01,0,0,0,0,0,0,0,0,0,53000,0,0,0,469000,416000,53000,53000
055030,帆宣國泰99購02  ,0,0,0,0,0,0,0,0,0,53000,0,0,0,63000,10000,53000,53000
052328,台表科中信99購01,0,0,0,0,0,0,0,0,0,53000,0,0,0,53000,0,53000,53000
058688,矽創凱基9A購01  ,0,0,0,0,0,0,0,0,0,53000,0,0,0,105000,52000,53000,53000
061754,晶技麥證9B購01  ,0,0,0,53000,0,53000,0,0,0,53000,0,0,0,53000,0,53000,53000
064736,超眾元富9C購04  ,0,0,0,0,0,0,0,0,0,53000,0,0,0,53000,0,53000,53000
065311,TPK國票01購03   ,0,0,0,0,0,0,0,0,0,53000,0,0,0,53000,0,53000,53000
065542,緯穎統一01購05  ,0,0,0,0,0,0,0,0,0,53000,0,0,0,53000,0,53000,53000
063600,燿華凱基9B購04  ,0,0,0,0,0,0,0,0,0,53000,0,0,0,60000,7000,53000,53000
063054,健鼎統一01購01  ,0,0,0,0,0,0,0,0,0,53000,0,0,0,287000,234000,53000,53000
063292,致新元大9B購02  ,0,0,0,0,0,0,0,0,0,53000,0,0,0,53000,0,53000,53000
1903,士紙            ,156000,103000,53000,0,0,0,0,0,0,0,0,0,0,0,0,0,53000
065930,矽格國票02購01  ,0,0,0,0,0,0,0,0,0,52000,0,0,0,60000,8000,52000,52000
065855,瀚宇博元大9C購03,0,0,0,0,0,0,0,0,0,52000,0,0,0,156000,104000,52000,52000
065746,光寶科元大9C購01,0,0,0,0,0,0,0,0,0,52000,0,0,0,89000,37000,52000,52000
065708,中磊群益9C購01  ,0,0,0,0,0,0,0,0,0,52000,0,0,0,58000,6000,52000,52000
066077,健策凱基01購01  ,0,0,0,0,0,0,0,0,0,52000,0,0,0,56000,4000,52000,52000
066554,嘉晶元大01購05  ,0,0,0,0,0,0,0,0,0,52000,0,0,0,52000,0,52000,52000
047004,台積電統一99購01,0,0,0,0,0,0,0,0,0,52000,0,0,0,70000,18000,52000,52000
054169,上緯控凱基98購01,0,0,0,0,0,0,0,0,0,52000,0,0,0,52000,0,52000,52000
00713,元大台灣高息低波,63000,0,63000,0,0,0,0,0,0,-11000,0,0,0,12000,23000,-11000,52000
057553,景碩凱基98購03  ,0,0,0,0,0,0,0,0,0,52000,0,0,0,64000,12000,52000,52000
056460,同欣電凱基99購01,0,0,0,0,0,0,0,0,0,52000,0,0,0,122000,70000,52000,52000
058242,玉晶光元大9A購01,0,0,0,0,0,0,0,0,0,52000,0,0,0,65000,13000,52000,52000
058033,景碩永豐98購02  ,0,0,0,0,0,0,0,0,0,52000,0,0,0,54000,2000,52000,52000
060738,矽格統一9C購01  ,0,0,0,0,0,0,0,0,0,52000,0,0,0,122000,70000,52000,52000
061437,燿華凱基9A購01  ,0,0,0,0,0,0,0,0,0,52000,0,0,0,55000,3000,52000,52000
061565,滬深2X元大9A購08,0,0,0,0,0,0,0,0,0,52000,0,0,0,57000,5000,52000,52000
061521,亞光兆豐9A購02  ,0,0,0,0,0,0,0,0,0,52000,0,0,0,251000,199000,52000,52000
060229,楠梓電元大9C購01,0,0,0,0,0,0,0,0,0,52000,0,0,0,79000,27000,52000,52000
062405,泰鼎永豐9B購02  ,0,0,0,0,0,0,0,0,0,52000,0,0,0,90000,38000,52000,52000
062365,台光電元大9B購03,0,0,0,0,0,0,0,0,0,52000,0,0,0,69000,17000,52000,52000
063237,微星元大9B購02  ,0,0,0,0,0,0,0,0,0,52000,0,0,0,134000,82000,52000,52000
063722,遠東新元大9B購02,0,0,0,0,0,0,0,0,0,52000,0,0,0,100000,48000,52000,52000
063932,世芯統一01購01  ,0,0,0,0,0,0,0,0,0,52000,0,0,0,248000,196000,52000,52000
064910,臺股指麥證9C購04,0,0,0,77000,25000,52000,0,0,0,52000,0,0,0,77000,25000,52000,52000
06929P,鴻海元大99售11  ,0,0,0,0,0,0,0,0,0,51000,0,0,0,51000,0,51000,51000
056602,嘉澤國泰99購01  ,0,0,0,0,0,0,0,0,0,51000,0,0,0,94000,43000,51000,51000
057066,緯穎富邦99購01  ,0,0,0,0,0,0,0,0,0,51000,0,0,0,51000,0,51000,51000
056855,祥碩中信98購02  ,0,0,0,0,0,0,0,0,0,51000,0,0,0,51000,0,51000,51000
054574,美律元大99購01  ,0,0,0,0,0,0,0,0,0,51000,0,0,0,51000,0,51000,51000
053342,全新國票99購01  ,0,0,0,0,0,0,0,0,0,51000,0,0,0,51000,0,51000,51000
054308,嘉晶凱基98購01  ,0,0,0,0,0,0,0,0,0,51000,0,0,0,116000,65000,51000,51000
056242,緯創群益9A購01  ,0,0,0,0,0,0,0,0,0,51000,0,0,0,51000,0,51000,51000
052695,台表科中信98購01,0,0,0,0,0,0,0,0,0,51000,0,0,0,51000,0,51000,51000
062478,牧德國票9B購03  ,0,0,0,0,0,0,0,0,0,51000,0,0,0,99000,48000,51000,51000
062451,瀚宇博元大9B購02,0,0,0,0,0,0,0,0,0,51000,0,0,0,142000,91000,51000,51000
062851,建準永豐9B購02  ,0,0,0,0,0,0,0,0,0,51000,0,0,0,51000,0,51000,51000
062932,滬深2X凱基01購01,0,0,0,0,0,0,0,0,0,51000,0,0,0,51000,0,51000,51000
059591,台積電元大9A購04,0,0,0,0,0,0,0,0,0,51000,0,0,0,51000,0,51000,51000
061842,牧德凱基9C購01  ,0,0,0,0,0,0,0,0,0,51000,0,0,0,121000,70000,51000,51000
062022,緯穎永豐9B購01  ,0,0,0,0,0,0,0,0,0,51000,0,0,0,51000,0,51000,51000
061964,台積電統一01購05,0,0,0,0,0,0,0,0,0,51000,0,0,0,151000,100000,51000,51000
064985,台表科元大9C購09,0,0,0,0,0,0,0,0,0,51000,0,0,0,97000,46000,51000,51000
064678,嘉晶兆豐01購01  ,0,0,0,0,0,0,0,0,0,51000,0,0,0,51000,0,51000,51000
065131,晶技兆豐01購01  ,0,0,0,0,0,0,0,0,0,51000,0,0,0,53000,2000,51000,51000
065156,可成群益01購02  ,0,0,0,0,0,0,0,0,0,51000,0,0,0,52000,1000,51000,51000
064119,上銀元大9C購06  ,0,0,0,0,0,0,0,0,0,51000,0,0,0,51000,0,51000,51000
06433P,大立光群益99售01,0,0,0,0,0,0,0,0,0,51000,0,0,0,52000,1000,51000,51000
07164P,臺股指群益99售15,0,0,0,0,0,0,0,0,0,50000,0,0,0,130000,80000,50000,50000
07428P,華新科國票9A售01,0,0,0,0,0,0,0,0,0,50000,0,0,0,50000,0,50000,50000
07533P,臺股指中信9C售04,0,0,0,0,0,0,0,0,0,50000,0,0,0,50000,0,50000,50000
08121P,聯發科國票9B售05,0,0,0,0,0,0,0,0,0,50000,0,0,0,50000,0,50000,50000
066531,智伸科元富01購01,0,0,0,0,0,0,0,0,0,50000,0,0,0,50000,0,50000,50000
066314,台橡永豐01購01  ,0,0,0,0,0,0,0,0,0,50000,0,0,0,50000,0,50000,50000
06751P,旺宏凱基98售10  ,0,0,0,0,0,0,0,0,0,50000,0,0,0,50000,0,50000,50000
065727,冠德凱基9C購01  ,0,0,0,0,0,0,0,0,0,50000,0,0,0,65000,15000,50000,50000
052313,聯電元大98購01  ,0,0,0,0,0,0,0,0,0,50000,0,0,0,123000,73000,50000,50000
046999,康控富邦99購01  ,0,0,0,0,0,0,0,0,0,50000,0,0,0,50000,0,50000,50000
054425,聯發科富邦99購03,0,0,0,0,0,0,0,0,0,50000,0,0,0,50000,0,50000,50000
054179,上海銀台新97購01,0,0,0,0,0,0,0,0,0,50000,0,0,0,50000,0,50000,50000
054241,深中小元大98購01,0,0,0,0,0,0,0,0,0,50000,0,0,0,50000,0,50000,50000
054766,智原國票98購01  ,0,0,0,0,0,0,0,0,0,50000,0,0,0,50000,0,50000,50000
058406,聯茂元大99購06  ,0,0,0,0,0,0,0,0,0,50000,0,0,0,50000,0,50000,50000
055023,億光國泰98購01  ,0,0,0,0,0,0,0,0,0,50000,0,0,0,50000,0,50000,50000
057460,楠梓電永豐98購03,0,0,0,0,0,0,0,0,0,50000,0,0,0,50000,0,50000,50000
056034,華通凱基98購01  ,0,0,0,0,0,0,0,0,0,50000,0,0,0,50000,0,50000,50000
056821,日電貿永豐98購01,0,0,0,0,0,0,0,0,0,50000,0,0,0,50000,0,50000,50000
057997,旺宏第一9C購01  ,0,0,0,0,0,0,0,0,0,50000,0,0,0,50000,0,50000,50000
058251,百和元大99購03  ,0,0,0,0,0,0,0,0,0,50000,0,0,0,50000,0,50000,50000
058077,超眾凱基98購02  ,0,0,0,0,0,0,0,0,0,50000,0,0,0,50000,0,50000,50000
057778,大立光群益98購02,0,0,0,0,0,0,0,0,0,50000,0,0,0,50000,0,50000,50000
057106,美律群益98購03  ,0,0,0,0,0,0,0,0,0,50000,0,0,0,50000,0,50000,50000
056971,麗豐永豐98購01  ,0,0,0,0,0,0,0,0,0,50000,0,0,0,50000,0,50000,50000
056981,全新群益99購03  ,0,0,0,0,0,0,0,0,0,50000,0,0,0,50000,0,50000,50000
056737,國巨凱基9A購01  ,0,0,0,0,0,0,0,0,0,50000,0,0,0,50000,0,50000,50000
060756,鴻海元大9A購16  ,0,0,0,0,0,0,0,0,0,50000,0,0,0,54000,4000,50000,50000
060697,鴻海國泰9C購01  ,0,0,0,0,0,0,0,0,0,50000,0,0,0,55000,5000,50000,50000
060705,台光電富邦9B購01,0,0,0,0,0,0,0,0,0,50000,0,0,0,50000,0,50000,50000
059516,TPK永豐99購01   ,0,0,0,0,0,0,0,0,0,50000,0,0,0,61000,11000,50000,50000
059313,元石油元大99購06,0,0,0,0,0,0,0,0,0,50000,0,0,0,50000,0,50000,50000
060390,聯鈞群益9A購01  ,0,0,0,0,0,0,0,0,0,50000,0,0,0,140000,90000,50000,50000
058994,道瓊指元大99購01,0,0,0,0,0,0,0,0,0,50000,0,0,0,55000,5000,50000,50000
061496,華新科國票9A購07,0,0,0,0,0,0,0,0,0,50000,0,0,0,50000,0,50000,50000
062917,旭富元大9C購03  ,0,0,0,0,0,0,0,0,0,50000,0,0,0,176000,126000,50000,50000
062469,旺宏凱基9B購05  ,0,0,0,0,0,0,0,0,0,50000,0,0,0,50000,0,50000,50000
062615,亞德客元大9B購02,0,0,0,0,0,0,0,0,0,50000,0,0,0,60000,10000,50000,50000
059914,台積電元大99購47,0,0,0,0,0,0,0,0,0,50000,0,0,0,50000,0,50000,50000
062248,國巨元大9B購08  ,0,0,0,0,0,0,0,0,0,50000,0,0,0,51000,1000,50000,50000
062223,大立光統一9C購04,0,0,0,0,0,0,0,0,0,50000,0,0,0,50000,0,50000,50000
062153,智邦麥證9B購01  ,0,0,0,50000,0,50000,0,0,0,50000,0,0,0,50000,0,50000,50000
064402,宏碁凱基01購01  ,0,0,0,0,0,0,0,0,0,50000,0,0,0,50000,0,50000,50000
064214,群創凱基03購01  ,0,0,0,0,0,0,0,0,0,50000,0,0,0,72000,22000,50000,50000
063898,旭富群益9C購01  ,0,0,0,0,0,0,0,0,0,50000,0,0,0,50000,0,50000,50000
063672,GIS統一9C購01   ,0,0,0,0,0,0,0,0,0,50000,0,0,0,60000,10000,50000,50000
063655,華通元富9B購01  ,0,0,0,0,0,0,0,0,0,50000,0,0,0,50000,0,50000,50000
063657,茂林元富9B購04  ,0,0,0,0,0,0,0,0,0,50000,0,0,0,50000,0,50000,50000
063530,同欣電凱基9C購02,0,0,0,0,0,0,0,0,0,50000,0,0,0,50000,0,50000,50000
063434,和潤元富9B購01  ,0,0,0,0,0,0,0,0,0,50000,0,0,0,126000,76000,50000,50000
063280,燿華元大9B購05  ,0,0,0,0,0,0,0,0,0,50000,0,0,0,56000,6000,50000,50000
063386,國巨兆豐9B購04  ,0,0,0,0,0,0,0,0,0,50000,0,0,0,50000,0,50000,50000
063373,晶技永豐9B購02  ,0,0,0,0,0,0,0,0,0,50000,0,0,0,51000,1000,50000,50000
063187,全新凱基9B購02  ,0,0,0,0,0,0,0,0,0,50000,0,0,0,69000,19000,50000,50000
065644,義隆元大9C購08  ,0,0,0,0,0,0,0,0,0,50000,0,0,0,61000,11000,50000,50000
064890,聯電群益9C購02  ,0,0,0,0,0,0,0,0,0,50000,0,0,0,50000,0,50000,50000
1721,三晃            ,73000,23000,50000,0,0,0,0,0,0,0,0,0,0,0,0,0,50000
5607,遠雄港          ,168000,118000,50000,0,0,0,0,0,0,0,0,0,0,0,0,0,50000
8499,鼎炫-KY         ,79000,29000,50000,0,0,0,0,0,0,0,0,0,0,0,0,0,50000
066074,文曄凱基01購01  ,0,0,0,0,0,0,0,0,0,49000,0,0,0,49000,0,49000,49000
066131,群光群益02購01  ,0,0,0,0,0,0,0,0,0,49000,0,0,0,208000,159000,49000,49000
066198,華碩統一03購01  ,0,0,0,0,0,0,0,0,0,49000,0,0,0,95000,46000,49000,49000
058105,旺宏統一9A購02  ,0,0,0,0,0,0,0,0,0,49000,0,0,0,61000,12000,49000,49000
054160,華泰凱基98購01  ,0,0,0,0,0,0,0,0,0,49000,0,0,0,50000,1000,49000,49000
056253,京鼎兆豐98購01  ,0,0,0,0,0,0,0,0,0,49000,0,0,0,49000,0,49000,49000
053827,漢唐麥證9A購01  ,0,0,0,99000,50000,49000,0,0,0,49000,0,0,0,99000,50000,49000,49000
053764,A50正2富邦99購01,0,0,0,0,0,0,0,0,0,49000,0,0,0,153000,104000,49000,49000
060144,全新國票9B購01  ,0,0,0,0,0,0,0,0,0,49000,0,0,0,49000,0,49000,49000
062309,燿華凱基9B購01  ,0,0,0,0,0,0,0,0,0,49000,0,0,0,50000,1000,49000,49000
061841,晶技凱基9C購01  ,0,0,0,0,0,0,0,0,0,49000,0,0,0,69000,20000,49000,49000
060492,元黃金元富9A購01,0,0,0,0,0,0,0,0,0,49000,0,0,0,50000,1000,49000,49000
064459,創意統一02購01  ,0,0,0,0,0,0,0,0,0,49000,0,0,0,51000,2000,49000,49000
065581,寶成群益9C購01  ,0,0,0,0,0,0,0,0,0,49000,0,0,0,49000,0,49000,49000
063377,泰鼎永豐9B購03  ,0,0,0,0,0,0,0,0,0,49000,0,0,0,49000,0,49000,49000
063227,祥碩群益9B購06  ,0,0,0,0,0,0,0,0,0,49000,0,0,0,49000,0,49000,49000
063914,和碩凱基9C購01  ,0,0,0,0,0,0,0,0,0,49000,0,0,0,49000,0,49000,49000
9921,巨大            ,571000,471804,99196,0,0,0,0,0,0,-51000,7000,5000,2000,6000,59000,-53000,48196
066181,泰鼎凱基01購01  ,0,0,0,0,0,0,0,0,0,48000,0,0,0,52000,4000,48000,48000
066228,嘉基國泰02購01  ,0,0,0,0,0,0,0,0,0,48000,0,0,0,48000,0,48000,48000
066625,瑞昱凱基02購01  ,0,0,0,0,0,0,0,0,0,48000,0,0,0,71000,23000,48000,48000
052572,群創凱基99購01  ,0,0,0,0,0,0,0,0,0,48000,0,0,0,76000,28000,48000,48000
057931,正崴群益98購02  ,0,0,0,0,0,0,0,0,0,48000,0,0,0,90000,42000,48000,48000
058573,鴻海群益9A購02  ,0,0,0,0,0,0,0,0,0,48000,0,0,0,57000,9000,48000,48000
061989,晶技元大9B購04  ,0,0,0,0,0,0,0,0,0,48000,0,0,0,50000,2000,48000,48000
061743,祥碩凱基9B購02  ,0,0,0,0,0,0,0,0,0,48000,0,0,0,50000,2000,48000,48000
058898,台積電元大99購20,0,0,0,0,0,0,0,0,0,48000,0,0,0,53000,5000,48000,48000
064332,聯發科元大01購01,0,0,0,0,0,0,0,0,0,48000,0,0,0,50000,2000,48000,48000
063268,GIS中信9B購01   ,0,0,0,0,0,0,0,0,0,48000,0,0,0,48000,0,48000,48000
063390,嘉晶兆豐9B購01  ,0,0,0,0,0,0,0,0,0,48000,0,0,0,79000,31000,48000,48000
063645,瑞儀元大9B購02  ,0,0,0,0,0,0,0,0,0,48000,0,0,0,53000,5000,48000,48000
065534,台光電統一9C購02,0,0,0,0,0,0,0,0,0,48000,0,0,0,98000,50000,48000,48000
065165,上銀元大9C購09  ,0,0,0,0,0,0,0,0,0,48000,0,0,0,127000,79000,48000,48000
065144,大立光凱基01購06,0,0,0,0,0,0,0,0,0,48000,0,0,0,78000,30000,48000,48000
064786,GIS群益9C購04   ,0,0,0,0,0,0,0,0,0,48000,0,0,0,148000,100000,48000,48000
065733,茂林凱基9C購03  ,0,0,0,0,0,0,0,0,0,47000,0,0,0,75000,28000,47000,47000
065758,嘉澤元大9C購03  ,0,0,0,0,0,0,0,0,0,47000,0,0,0,170000,123000,47000,47000
06585P,鴻海元大99售04  ,0,0,0,0,0,0,0,0,0,47000,0,0,0,47000,0,47000,47000
08210P,健策元富9B售02  ,0,0,0,0,0,0,0,0,0,47000,0,0,0,178000,131000,47000,47000
056875,亞光凱基98購03  ,0,0,0,0,0,0,0,0,0,47000,0,0,0,160000,113000,47000,47000
057751,神達國票99購02  ,0,0,0,0,0,0,0,0,0,47000,0,0,0,77000,30000,47000,47000
060665,康控凱基9A購01  ,0,0,0,0,0,0,0,0,0,47000,0,0,0,232000,185000,47000,47000
053358,晶技統一98購01  ,0,0,0,0,0,0,0,0,0,47000,0,0,0,52000,5000,47000,47000
053901,T50反1凱基99購03,0,0,0,0,0,0,0,0,0,47000,0,0,0,97000,50000,47000,47000
061646,力成元大9A購02  ,0,0,0,0,0,0,0,0,0,47000,0,0,0,151000,104000,47000,47000
062046,矽格凱基9B購01  ,0,0,0,0,0,0,0,0,0,47000,0,0,0,72000,25000,47000,47000
061699,燿華國票9A購01  ,0,0,0,0,0,0,0,0,0,47000,0,0,0,51000,4000,47000,47000
064626,聯茂元大9C購01  ,0,0,0,0,0,0,0,0,0,47000,0,0,0,93000,46000,47000,47000
065362,華通元大9C購06  ,0,0,0,0,0,0,0,0,0,47000,0,0,0,55000,8000,47000,47000
065672,嘉晶凱基01購01  ,0,0,0,0,0,0,0,0,0,47000,0,0,0,56000,9000,47000,47000
063827,國巨國票02購01  ,5000,0,5000,0,0,0,0,0,0,42000,0,0,0,75000,33000,42000,47000
064063,健策國泰01購02  ,0,0,0,0,0,0,0,0,0,47000,0,0,0,66000,19000,47000,47000
1732,毛寶            ,327000,277000,50000,0,0,0,0,0,0,-3000,1000,4000,-3000,0,0,0,47000
065975,緯創元大02購01  ,0,0,0,0,0,0,0,0,0,46000,0,0,0,136000,90000,46000,46000
06827P,臺股指國票98售03,0,0,0,0,0,0,0,0,0,46000,0,0,0,71000,25000,46000,46000
066320,順德永豐01購01  ,0,0,0,0,0,0,0,0,0,46000,0,0,0,46000,0,46000,46000
055676,亞德客凱基97購03,0,0,0,0,0,0,0,0,0,46000,0,0,0,46000,0,46000,46000
055780,禾伸堂凱基99購01,0,0,0,0,0,0,0,0,0,46000,0,0,0,60000,14000,46000,46000
057232,京元電凱基98購02,0,0,0,0,0,0,0,0,0,46000,0,0,0,56000,10000,46000,46000
057082,玉晶光統一9A購04,0,0,0,0,0,0,0,0,0,46000,0,0,0,55000,9000,46000,46000
057747,致新永豐98購01  ,0,0,0,0,0,0,0,0,0,46000,0,0,0,46000,0,46000,46000
057899,台積電永豐98購04,0,0,0,0,0,0,0,0,0,46000,0,0,0,246000,200000,46000,46000
060401,世紀鋼國票9B購01,0,0,0,0,0,0,0,0,0,46000,0,0,0,312000,266000,46000,46000
062781,微星元大9C購01  ,0,0,0,0,0,0,0,0,0,46000,0,0,0,86000,40000,46000,46000
063838,上銀元大9C購01  ,0,0,0,0,0,0,0,0,0,46000,0,0,0,63000,17000,46000,46000
063781,健策永豐9B購08  ,0,0,0,0,0,0,0,0,0,46000,0,0,0,67000,21000,46000,46000
063148,建準元富9B購01  ,0,0,0,0,0,0,0,0,0,46000,0,0,0,48000,2000,46000,46000
063075,祥碩永豐9B購04  ,0,0,0,0,0,0,0,0,0,46000,0,0,0,132000,86000,46000,46000
064758,可成凱基02購02  ,0,0,0,0,0,0,0,0,0,46000,0,0,0,56000,10000,46000,46000
06863P,欣興凱基98售05  ,0,0,0,0,0,0,0,0,0,45000,0,0,0,45000,0,45000,45000
06685P,鴻海國泰9A售01  ,0,0,0,0,0,0,0,0,0,45000,0,0,0,45000,0,45000,45000
066672,瑞祺凱基03購01  ,0,0,0,0,0,0,0,0,0,45000,0,0,0,60000,15000,45000,45000
06670P,鴻海群益98售06  ,0,0,0,0,0,0,0,0,0,45000,0,0,0,46000,1000,45000,45000
065922,鴻海麥證01購01  ,0,0,0,45000,0,45000,0,0,0,45000,0,0,0,45000,0,45000,45000
065713,緯穎群益9C購04  ,0,0,0,0,0,0,0,0,0,45000,0,0,0,67000,22000,45000,45000
08658P,聯發科統一9C售19,0,0,0,0,0,0,0,0,0,45000,0,0,0,90000,45000,45000,45000
056869,國巨日盛99購03  ,0,0,0,0,0,0,0,0,0,45000,0,0,0,45000,0,45000,45000
058631,鈺齊國票9A購01  ,0,0,0,0,0,0,0,0,0,45000,0,0,0,47000,2000,45000,45000
057057,立積元大9A購01  ,0,0,0,0,0,0,0,0,0,45000,0,0,0,69000,24000,45000,45000
057016,中石化凱基9B購01,0,0,0,0,0,0,0,0,0,45000,0,0,0,75000,30000,45000,45000
055519,茂林中信99購01  ,0,0,0,0,0,0,0,0,0,45000,0,0,0,48000,3000,45000,45000
054587,玉晶光國泰99購01,0,0,0,0,0,0,0,0,0,45000,0,0,0,46000,1000,45000,45000
055029,帆宣國泰99購01  ,0,0,0,0,0,0,0,0,0,45000,0,0,0,66000,21000,45000,45000
057531,禾伸堂元大99購04,0,0,0,0,0,0,0,0,0,45000,0,0,0,136000,91000,45000,45000
03682C,臺股指凱基9C牛07,0,0,0,0,0,0,0,0,0,45000,0,0,0,58000,13000,45000,45000
059155,台表科日盛99購01,0,0,0,0,0,0,0,0,0,45000,0,0,0,75000,30000,45000,45000
058901,美律元大99購07  ,0,0,0,0,0,0,0,0,0,45000,0,0,0,45000,0,45000,45000
064917,元大金統一02購01,0,0,0,0,0,0,0,0,0,45000,0,0,0,89000,44000,45000,45000
065551,聯發科凱基9C購11,0,0,0,0,0,0,0,0,0,45000,0,0,0,50000,5000,45000,45000
065270,TPK元大01購01   ,0,0,0,0,0,0,0,0,0,45000,0,0,0,50000,5000,45000,45000
063709,上銀凱基9B購07  ,0,0,0,0,0,0,0,0,0,45000,0,0,0,50000,5000,45000,45000
064282,大立光元大9C購13,0,0,0,0,0,0,0,0,0,45000,0,0,0,50000,5000,45000,45000
064394,全新永豐9C購02  ,0,0,0,0,0,0,0,0,0,45000,0,0,0,75000,30000,45000,45000
08647P,鴻海凱基9C售06  ,0,0,0,0,0,0,0,0,0,44000,0,0,0,82000,38000,44000,44000
065912,瑞祺永豐9C購02  ,0,0,0,0,0,0,0,0,0,44000,0,0,0,71000,27000,44000,44000
066734,聯詠元大01購03  ,0,0,0,0,0,0,0,0,0,44000,0,0,0,237000,193000,44000,44000
066548,燿華元大02購02  ,0,0,0,0,0,0,0,0,0,44000,0,0,0,274000,230000,44000,44000
056317,華通群益99購02  ,0,0,0,0,0,0,0,0,0,44000,0,0,0,44000,0,44000,44000
059534,國泰金凱基99購01,0,0,0,0,0,0,0,0,0,44000,0,0,0,44000,0,44000,44000
059364,昇陽半永豐99購02,0,0,0,0,0,0,0,0,0,44000,0,0,0,158000,114000,44000,44000
061901,柏文永豐9B購01  ,0,0,0,0,0,0,0,0,0,44000,0,0,0,49000,5000,44000,44000
059120,致伸永豐99購01  ,0,0,0,0,0,0,0,0,0,44000,0,0,0,112000,68000,44000,44000
062828,聯詠群益9B購02  ,0,0,0,0,0,0,0,0,0,44000,0,0,0,51000,7000,44000,44000
062408,致新永豐9B購01  ,0,0,0,0,0,0,0,0,0,44000,0,0,0,105000,61000,44000,44000
062545,嘉晶永豐9B購01  ,0,0,0,0,0,0,0,0,0,44000,0,0,0,44000,0,44000,44000
064361,旺宏統一01購06  ,0,0,0,0,0,0,0,0,0,44000,0,0,0,50000,6000,44000,44000
063647,超眾元大9B購02  ,0,0,0,0,0,0,0,0,0,44000,0,0,0,44000,0,44000,44000
063282,奇力新元大9B購06,0,0,0,0,0,0,0,0,0,44000,0,0,0,49000,5000,44000,44000
065441,義隆麥證9C購01  ,0,0,0,44000,0,44000,0,0,0,44000,0,0,0,44000,0,44000,44000
064928,同欣電統一01購02,0,0,0,0,0,0,0,0,0,44000,0,0,0,54000,10000,44000,44000
6698,旭暉應材        ,104000,60000,44000,0,0,0,0,0,0,0,0,0,0,0,0,0,44000
066335,潤泰全永豐01購01,0,0,0,0,0,0,0,0,0,43000,0,0,0,43000,0,43000,43000
08584P,立積群益9C售02  ,0,0,0,0,0,0,0,0,0,43000,0,0,0,68000,25000,43000,43000
08669P,聯發科群益02售02,0,0,0,0,0,0,0,0,0,43000,0,0,0,124000,81000,43000,43000
08452P,智邦台新9C售05  ,0,0,0,0,0,0,0,0,0,43000,0,0,0,43000,0,43000,43000
08515P,鴻海群益9C售06  ,0,0,0,0,0,0,0,0,0,43000,0,0,0,43000,0,43000,43000
052659,上証2X國票99購01,0,0,0,0,0,0,0,0,0,43000,0,0,0,43000,0,43000,43000
057461,國巨永豐98購07  ,0,0,0,0,0,0,0,0,0,43000,0,0,0,43000,0,43000,43000
057437,可成國票99購01  ,0,0,0,0,0,0,0,0,0,43000,0,0,0,103000,60000,43000,43000
056420,台表科元富98購01,0,0,0,0,0,0,0,0,0,43000,0,0,0,43000,0,43000,43000
056410,康控國票99購01  ,0,0,0,0,0,0,0,0,0,43000,0,0,0,96000,53000,43000,43000
057977,台光電永豐98購02,0,0,0,0,0,0,0,0,0,43000,0,0,0,47000,4000,43000,43000
058070,華新科凱基98購07,0,0,0,0,0,0,0,0,0,43000,0,0,0,43000,0,43000,43000
062972,京元電元富9B購01,0,0,0,0,0,0,0,0,0,43000,0,0,0,342000,299000,43000,43000
060651,瑞儀中信9B購01  ,0,0,0,0,0,0,0,0,0,43000,0,0,0,43000,0,43000,43000
060966,台表科凱基9B購01,0,0,0,0,0,0,0,0,0,43000,0,0,0,43000,0,43000,43000
061643,嘉澤元大9A購05  ,0,0,0,0,0,0,0,0,0,43000,0,0,0,64000,21000,43000,43000
061479,泰碩元大9A購02  ,0,0,0,0,0,0,0,0,0,43000,0,0,0,53000,10000,43000,43000
061423,廣達元大9A購01  ,0,0,0,0,0,0,0,0,0,43000,0,0,0,109000,66000,43000,43000
065557,中磊凱基9C購01  ,0,0,0,0,0,0,0,0,0,43000,0,0,0,80000,37000,43000,43000
065096,世芯元大9C購03  ,0,0,0,0,0,0,0,0,0,43000,0,0,0,59000,16000,43000,43000
063294,美律麥證9B購01  ,0,0,0,43000,0,43000,0,0,0,43000,0,0,0,43000,0,43000,43000
064088,大立光凱基02購01,0,0,0,0,0,0,0,0,0,43000,0,0,0,68000,25000,43000,43000
063943,台光電元大9C購02,0,0,0,0,0,0,0,0,0,43000,0,0,0,65000,22000,43000,43000
066388,力山凱基01購02  ,0,0,0,0,0,0,0,0,0,42000,0,0,0,42000,0,42000,42000
058525,台虹元大99購02  ,0,0,0,0,0,0,0,0,0,42000,0,0,0,277000,235000,42000,42000
058047,可成元大98購11  ,0,0,0,0,0,0,0,0,0,42000,0,0,0,44000,2000,42000,42000
060699,華新科國泰9B購03,0,0,0,0,0,0,0,0,0,42000,0,0,0,42000,0,42000,42000
060850,康友國票9A購03  ,0,0,0,0,0,0,0,0,0,42000,0,0,0,80000,38000,42000,42000
057571,泰碩永豐98購01  ,0,0,0,0,0,0,0,0,0,42000,0,0,0,62000,20000,42000,42000
061431,鈺齊元大9A購01  ,0,0,0,0,0,0,0,0,0,42000,0,0,0,54000,12000,42000,42000
061617,微星群益9A購02  ,0,0,0,0,0,0,0,0,0,42000,0,0,0,57000,15000,42000,42000
061104,華新科元大9A購13,0,0,0,0,0,0,0,0,0,42000,0,0,0,42000,0,42000,42000
063968,新光金國票01購01,0,0,0,0,0,0,0,0,0,42000,0,0,0,102000,60000,42000,42000
064047,義隆統一02購01  ,0,0,0,0,0,0,0,0,0,42000,0,0,0,91000,49000,42000,42000
063354,茂林元富9B購02  ,0,0,0,0,0,0,0,0,0,42000,0,0,0,85000,43000,42000,42000
063707,儒鴻凱基9C購01  ,0,0,0,0,0,0,0,0,0,42000,0,0,0,52000,10000,42000,42000
064921,景碩統一02購01  ,0,0,0,0,0,0,0,0,0,42000,0,0,0,78000,36000,42000,42000
064937,英業達元富9C購01,0,0,0,0,0,0,0,0,0,42000,0,0,0,140000,98000,42000,42000
08761P,聯詠元大01售02  ,0,0,0,0,0,0,0,0,0,42000,0,0,0,45000,3000,42000,42000
066262,華碩元大01購02  ,0,0,0,0,0,0,0,0,0,41000,0,0,0,47000,6000,41000,41000
066011,華通元富01購01  ,0,0,0,0,0,0,0,0,0,41000,0,0,0,41000,0,41000,41000
07898P,國巨國泰9C售02  ,0,0,0,0,0,0,0,0,0,41000,0,0,0,167000,126000,41000,41000
058390,樺漢國票9A購01  ,0,0,0,0,0,0,0,0,0,41000,0,0,0,56000,15000,41000,41000
054258,牧德元大97購01  ,0,0,0,0,0,0,0,0,0,41000,0,0,0,41000,0,41000,41000
060712,建準永豐9A購01  ,0,0,0,0,0,0,0,0,0,41000,0,0,0,41000,0,41000,41000
056577,玉晶光元大99購06,0,0,0,0,0,0,0,0,0,41000,0,0,0,41000,0,41000,41000
060469,台勝科元大9A購02,0,0,0,0,0,0,0,0,0,41000,0,0,0,41000,0,41000,41000
061955,FANG+統一9B購01 ,0,0,0,0,0,0,0,0,0,41000,0,0,0,61000,20000,41000,41000
061596,健策永豐9A購03  ,0,0,0,0,0,0,0,0,0,41000,0,0,0,56000,15000,41000,41000
061657,智原國票9A購01  ,0,0,0,0,0,0,0,0,0,41000,0,0,0,51000,10000,41000,41000
058864,欣興凱基99購04  ,0,0,0,0,0,0,0,0,0,41000,0,0,0,41000,0,41000,41000
062794,鴻海統一9C購15  ,0,0,0,0,0,0,0,0,0,41000,0,0,0,51000,10000,41000,41000
062605,上銀凱基9B購03  ,0,0,0,0,0,0,0,0,0,41000,0,0,0,50000,9000,41000,41000
062395,台表科富邦9C購01,0,0,0,0,0,0,0,0,0,41000,0,0,0,41000,0,41000,41000
064505,康控元大9C購01  ,0,0,0,0,0,0,0,0,0,41000,0,0,0,431000,390000,41000,41000
065225,神隆凱基01購01  ,0,0,0,0,0,0,0,0,0,41000,0,0,0,136000,95000,41000,41000
065392,華通群益01購02  ,0,0,0,0,0,0,0,0,0,41000,0,0,0,67000,26000,41000,41000
063230,緯穎群益9B購02  ,0,0,0,0,0,0,0,0,0,41000,0,0,0,41000,0,41000,41000
063955,TPK元大9C購01   ,0,0,0,0,0,0,0,0,0,41000,0,0,0,41000,0,41000,41000
06427P,鴻海元大97售13  ,0,0,0,0,0,0,0,0,0,41000,0,0,0,41000,0,41000,41000
1410,南染            ,43000,1000,42000,0,0,0,0,0,0,-1000,0,1000,-1000,0,0,0,41000
07871P,台積電群益9C售02,0,0,0,0,0,0,0,0,0,40000,0,0,0,50000,10000,40000,40000
07959P,健策永豐9B售05  ,0,0,0,0,0,0,0,0,0,40000,0,0,0,40000,0,40000,40000
07786P,南電中信9C售01  ,0,0,0,0,0,0,0,0,0,40000,0,0,0,40000,0,40000,40000
07121P,華新科凱基99售03,0,0,0,0,0,0,0,0,0,40000,0,0,0,100000,60000,40000,40000
08507P,臺股指國票9C售08,0,0,0,0,0,0,0,0,0,40000,0,0,0,70000,30000,40000,40000
08564P,國巨群益9C售15  ,0,0,0,0,0,0,0,0,0,40000,0,0,0,40000,0,40000,40000
08546P,可成中信9C售02  ,0,0,0,0,0,0,0,0,0,40000,0,0,0,60000,20000,40000,40000
08616P,聯發科元富9C售02,0,0,0,0,0,0,0,0,0,40000,0,0,0,101000,61000,40000,40000
08641P,台灣50群益9C售08,0,0,0,0,0,0,0,0,0,40000,0,0,0,60000,20000,40000,40000
08057P,京鼎群益9B售01  ,0,0,0,0,0,0,0,0,0,40000,0,0,0,45000,5000,40000,40000
066250,大成鋼元大01購01,0,0,0,0,0,0,0,0,0,40000,0,0,0,169000,129000,40000,40000
065887,巨大元富9C購01  ,0,0,0,0,0,0,0,0,0,40000,0,0,0,40000,0,40000,40000
066384,訊芯康和01購01  ,0,0,0,0,0,0,0,0,0,40000,0,0,0,41000,1000,40000,40000
066742,健策元大02購03  ,0,0,0,0,0,0,0,0,0,40000,0,0,0,57000,17000,40000,40000
066624,燿華凱基01購02  ,0,0,0,0,0,0,0,0,0,40000,0,0,0,51000,11000,40000,40000
056673,中石化元富9B購01,0,0,0,0,0,0,0,0,0,40000,0,0,0,50000,10000,40000,40000
057872,旺宏元大99購06  ,0,0,0,0,0,0,0,0,0,40000,0,0,0,50000,10000,40000,40000
056922,全新兆豐99購01  ,0,0,0,0,0,0,0,0,0,40000,0,0,0,40000,0,40000,40000
061241,晶技兆豐9A購01  ,0,0,0,0,0,0,0,0,0,40000,0,0,0,187000,147000,40000,40000
061205,旺宏元大9A購11  ,0,0,0,0,0,0,0,0,0,40000,0,0,0,50000,10000,40000,40000
05851P,力山群益97售01  ,0,0,0,0,0,0,0,0,0,40000,0,0,0,40000,0,40000,40000
057672,茂林元大98購02  ,0,0,0,0,0,0,0,0,0,40000,0,0,0,108000,68000,40000,40000
058614,台郡元大9A購01  ,0,0,0,0,0,0,0,0,0,40000,0,0,0,60000,20000,40000,40000
058074,欣興凱基99購01  ,0,0,0,0,0,0,0,0,0,40000,0,0,0,58000,18000,40000,40000
057926,帆宣凱基98購02  ,0,0,0,0,0,0,0,0,0,40000,0,0,0,71000,31000,40000,40000
056344,嘉晶凱基98購02  ,0,0,0,0,0,0,0,0,0,40000,0,0,0,40000,0,40000,40000
054080,微星中信98購01  ,0,0,0,0,0,0,0,0,0,40000,0,0,0,60000,20000,40000,40000
049591,開發金元大98購01,0,0,0,0,0,0,0,0,0,40000,0,0,0,40000,0,40000,40000
05174P,元金2X富邦9B售01,0,0,0,0,0,0,0,0,0,40000,0,0,0,40000,0,40000,40000
050679,上証2X元富97購02,0,0,0,0,0,0,0,0,0,40000,0,0,0,40000,0,40000,40000
058416,鴻海麥證99購01  ,0,0,0,44000,0,44000,0,0,0,40000,0,0,0,44000,4000,40000,40000
058515,健鼎元大99購01  ,0,0,0,0,0,0,0,0,0,40000,0,0,0,50000,10000,40000,40000
062464,T50反1凱基9C購03,0,0,0,0,0,0,0,0,0,40000,0,0,0,140000,100000,40000,40000
062938,聯發科凱基9B購10,0,0,0,0,0,0,0,0,0,40000,0,0,0,40000,0,40000,40000
062897,上銀元大9B購06  ,0,0,0,0,0,0,0,0,0,40000,0,0,0,40000,0,40000,40000
063001,巨大國票9B購01  ,0,0,0,0,0,0,0,0,0,40000,0,0,0,42000,2000,40000,40000
063025,超眾元大9B購01  ,0,0,0,0,0,0,0,0,0,40000,0,0,0,50000,10000,40000,40000
060145,牧德國票9A購02  ,0,0,0,0,0,0,0,0,0,40000,0,0,0,49000,9000,40000,40000
059986,宏達電元大99購08,0,0,0,0,0,0,0,0,0,40000,0,0,0,50000,10000,40000,40000
060191,亞光元富9A購02  ,0,0,0,0,0,0,0,0,0,40000,0,0,0,62000,22000,40000,40000
058939,台積電中信9B購01,0,0,0,0,0,0,0,0,0,40000,0,0,0,70000,30000,40000,40000
061679,健策元大9B購04  ,0,0,0,0,0,0,0,0,0,40000,0,0,0,40000,0,40000,40000
061856,台郡國票9B購02  ,0,0,0,0,0,0,0,0,0,40000,0,0,0,40000,0,40000,40000
061839,華新科凱基05購04,0,0,0,0,0,0,0,0,0,40000,0,0,0,60000,20000,40000,40000
064340,大立光元大9C購17,0,0,0,0,0,0,0,0,0,40000,0,0,0,50000,10000,40000,40000
064338,美食元大9C購01  ,0,0,0,0,0,0,0,0,0,40000,0,0,0,55000,15000,40000,40000
064264,智伸科永豐9C購01,0,0,0,0,0,0,0,0,0,40000,0,0,0,40000,0,40000,40000
064039,亞德客統一02購01,0,0,0,0,0,0,0,0,0,40000,0,0,0,41000,1000,40000,40000
063941,國巨元大9C購12  ,0,0,0,0,0,0,0,0,0,40000,0,0,0,42000,2000,40000,40000
063853,同欣電元大9C購02,0,0,0,0,0,0,0,0,0,40000,0,0,0,40000,0,40000,40000
063028,巨大元大9B購02  ,0,0,0,0,0,0,0,0,0,40000,0,0,0,40000,0,40000,40000
063205,貿聯統一9C購01  ,0,0,0,0,0,0,0,0,0,40000,0,0,0,40000,0,40000,40000
063452,創意統一01購01  ,0,0,0,0,0,0,0,0,0,40000,0,0,0,54000,14000,40000,40000
065388,華擎兆豐01購01  ,0,0,0,0,0,0,0,0,0,40000,0,0,0,50000,10000,40000,40000
065346,台光電統一02購01,0,0,0,0,0,0,0,0,0,40000,0,0,0,40000,0,40000,40000
065095,玉晶光元大02購02,0,0,0,0,0,0,0,0,0,40000,0,0,0,138000,98000,40000,40000
065522,旭富群益9C購03  ,0,0,0,0,0,0,0,0,0,40000,0,0,0,40000,0,40000,40000
064702,百和群益01購01  ,0,0,0,0,0,0,0,0,0,40000,0,0,0,40000,0,40000,40000
064644,台光電凱基9C購01,0,0,0,0,0,0,0,0,0,40000,0,0,0,59000,19000,40000,40000
06477P,緯穎國票99售02  ,0,0,0,0,0,0,0,0,0,40000,0,0,0,40000,0,40000,40000
08736P,滬深2X凱基03售01,0,0,0,0,0,0,0,0,0,40000,0,0,0,100000,60000,40000,40000
912000,晨訊科-DR       ,40000,0,40000,0,0,0,0,0,0,0,0,0,0,0,0,0,40000
066612,台積電麥證01購04,0,0,0,110000,71000,39000,0,0,0,39000,0,0,0,110000,71000,39000,39000
066758,智邦永豐01購01  ,0,0,0,0,0,0,0,0,0,39000,0,0,0,65000,26000,39000,39000
06576P,台光電群益98售03,0,0,0,0,0,0,0,0,0,39000,0,0,0,39000,0,39000,39000
06578P,華新科國票98售02,0,0,0,0,0,0,0,0,0,39000,0,0,0,39000,0,39000,39000
066030,超眾群益01購01  ,0,0,0,0,0,0,0,0,0,39000,0,0,0,59000,20000,39000,39000
08332P,智邦台新9C售03  ,0,0,0,0,0,0,0,0,0,39000,0,0,0,40000,1000,39000,39000
057321,台泥群益98購01  ,0,0,0,0,0,0,0,0,0,39000,0,0,0,49000,10000,39000,39000
061207,美律元大9A購04  ,0,0,0,0,0,0,0,0,0,39000,0,0,0,39000,0,39000,39000
057824,日月光元大98購01,0,0,0,0,0,0,0,0,0,39000,0,0,0,142000,103000,39000,39000
061844,T50反1國票9C購02,0,0,0,0,0,0,0,0,0,39000,0,0,0,50000,11000,39000,39000
059249,大立光凱基99購05,0,0,0,0,0,0,0,0,0,39000,0,0,0,69000,30000,39000,39000
059618,台積電日盛99購01,0,0,0,0,0,0,0,0,0,39000,0,0,0,80000,41000,39000,39000
064973,智邦元大9C購06  ,0,0,0,0,0,0,0,0,0,39000,0,0,0,89000,50000,39000,39000
064600,技嘉元富9C購01  ,0,0,0,0,0,0,0,0,0,39000,0,0,0,85000,46000,39000,39000
065176,玉晶光元大01購04,0,0,0,0,0,0,0,0,0,39000,0,0,0,41000,2000,39000,39000
063397,廣達群益9B購02  ,0,0,0,0,0,0,0,0,0,39000,0,0,0,276000,237000,39000,39000
063406,麗豐國票9C購01  ,0,0,0,0,0,0,0,0,0,39000,0,0,0,61000,22000,39000,39000
063630,智邦元大9B購09  ,0,0,0,0,0,0,0,0,0,39000,0,0,0,133000,94000,39000,39000
064052,創意統一01購02  ,0,0,0,0,0,0,0,0,0,39000,0,0,0,76000,37000,39000,39000
064353,力成元大9C購02  ,0,0,0,0,0,0,0,0,0,39000,0,0,0,141000,102000,39000,39000
064386,友達富邦01購01  ,0,0,0,0,0,0,0,0,0,39000,0,0,0,85000,46000,39000,39000
08084P,台表科元大9B售06,0,0,0,0,0,0,0,0,0,38000,0,0,0,154000,116000,38000,38000
065785,奇力新永豐9C購02,0,0,0,0,0,0,0,0,0,38000,0,0,0,46000,8000,38000,38000
066655,上証2X凱基03購03,0,0,0,0,0,0,0,0,0,38000,0,0,0,40000,2000,38000,38000
066349,聚碩永豐01購01  ,0,0,0,0,0,0,0,0,0,38000,0,0,0,40000,2000,38000,38000
057856,聯鈞國票99購03  ,0,0,0,0,0,0,0,0,0,38000,0,0,0,38000,0,38000,38000
057853,旺宏國票99購05  ,0,0,0,0,0,0,0,0,0,38000,0,0,0,38000,0,38000,38000
057147,新日興國票99購01,0,0,0,0,0,0,0,0,0,38000,0,0,0,38000,0,38000,38000
061036,晶技永豐9A購03  ,0,0,0,0,0,0,0,0,0,38000,0,0,0,66000,28000,38000,38000
057278,可成元大98購06  ,0,0,0,0,0,0,0,0,0,38000,0,0,0,110000,72000,38000,38000
057660,訊芯兆豐98購02  ,0,0,0,0,0,0,0,0,0,38000,0,0,0,38000,0,38000,38000
057948,嘉聯益國票99購02,0,0,0,0,0,0,0,0,0,38000,0,0,0,38000,0,38000,38000
057772,台積電群益99購01,0,0,0,0,0,0,0,0,0,38000,0,0,0,43000,5000,38000,38000
054800,訊芯群益99購01  ,0,0,0,0,0,0,0,0,0,38000,0,0,0,300000,262000,38000,38000
054631,台郡凱基98購02  ,0,0,0,0,0,0,0,0,0,38000,0,0,0,38000,0,38000,38000
053413,台積電國票99購01,0,0,0,0,0,0,0,0,0,38000,0,0,0,113000,75000,38000,38000
061604,台光電凱基9B購01,0,0,0,0,0,0,0,0,0,38000,0,0,0,38000,0,38000,38000
061798,晶豪科永豐9B購01,0,0,0,0,0,0,0,0,0,38000,0,0,0,203000,165000,38000,38000
061296,台積電國泰9C購01,0,0,0,0,0,0,0,0,0,38000,0,0,0,38000,0,38000,38000
061877,貿聯元大9B購01  ,0,0,0,0,0,0,0,0,0,38000,0,0,0,50000,12000,38000,38000
059519,台郡永豐99購01  ,0,0,0,0,0,0,0,0,0,38000,0,0,0,38000,0,38000,38000
062156,美律凱基9B購01  ,0,0,0,0,0,0,0,0,0,38000,0,0,0,42000,4000,38000,38000
06278P,臺股指凱基97售10,0,0,0,0,0,0,0,0,0,38000,0,0,0,38000,0,38000,38000
062783,大立光元大9C購03,0,0,0,0,0,0,0,0,0,38000,0,0,0,50000,12000,38000,38000
062561,瀚宇博凱基9B購01,0,0,0,0,0,0,0,0,0,38000,0,0,0,92000,54000,38000,38000
064391,亞德客永豐9C購01,0,0,0,0,0,0,0,0,0,38000,0,0,0,68000,30000,38000,38000
063162,國喬永豐9B購01  ,0,0,0,0,0,0,0,0,0,38000,0,0,0,174000,136000,38000,38000
063128,智伸科元大9B購01,0,0,0,0,0,0,0,0,0,38000,0,0,0,43000,5000,38000,38000
063340,英業達統一9B購01,0,0,0,0,0,0,0,0,0,38000,0,0,0,38000,0,38000,38000
063334,復盛國票9B購01  ,0,0,0,0,0,0,0,0,0,38000,0,0,0,38000,0,38000,38000
065679,聯發科統一03購01,0,0,0,0,0,0,0,0,0,38000,0,0,0,80000,42000,38000,38000
064794,牧德國票01購01  ,0,0,0,0,0,0,0,0,0,38000,0,0,0,80000,42000,38000,38000
064850,智原元富9C購01  ,0,0,0,0,0,0,0,0,0,38000,0,0,0,50000,12000,38000,38000
065711,矽格群益9C購02  ,0,0,0,0,0,0,0,0,0,37000,0,0,0,178000,141000,37000,37000
065882,景碩台新9C購03  ,0,0,0,0,0,0,0,0,0,37000,0,0,0,38000,1000,37000,37000
066051,景碩元大01購01  ,0,0,0,0,0,0,0,0,0,37000,0,0,0,39000,2000,37000,37000
08246P,亞德客群益01售01,0,0,0,0,0,0,0,0,0,37000,0,0,0,62000,25000,37000,37000
08250P,GIS群益9C售02   ,0,0,0,0,0,0,0,0,0,37000,0,0,0,50000,13000,37000,37000
053095,台光電統一98購01,0,0,0,0,0,0,0,0,0,37000,0,0,0,50000,13000,37000,37000
050754,元金2X元富9B購01,0,0,0,0,0,0,0,0,0,37000,0,0,0,37000,0,37000,37000
058123,亞光國票9A購01  ,0,0,0,0,0,0,0,0,0,37000,0,0,0,63000,26000,37000,37000
057878,台郡元大99購04  ,0,0,0,0,0,0,0,0,0,37000,0,0,0,59000,22000,37000,37000
056963,建準永豐98購01  ,0,0,0,0,0,0,0,0,0,37000,0,0,0,47000,10000,37000,37000
062100,矽格永豐9B購01  ,0,0,0,0,0,0,0,0,0,37000,0,0,0,42000,5000,37000,37000
065239,超眾凱基02購02  ,0,0,0,0,0,0,0,0,0,37000,0,0,0,47000,10000,37000,37000
063736,大立光元大9B購08,0,0,0,0,0,0,0,0,0,37000,0,0,0,38000,1000,37000,37000
064404,奇力新凱基02購01,0,0,0,0,0,0,0,0,0,37000,0,0,0,37000,0,37000,37000
064410,超眾凱基02購01  ,0,0,0,0,0,0,0,0,0,37000,0,0,0,37000,0,37000,37000
064012,泰碩國票01購02  ,0,0,0,0,0,0,0,0,0,37000,0,0,0,154000,117000,37000,37000
063746,上銀國票9C購01  ,0,0,0,0,0,0,0,0,0,37000,0,0,0,38000,1000,37000,37000
5269,祥碩            ,375000,272495,102505,0,0,0,58000,31000,27000,-93000,6000,90000,-84000,3000,12000,-9000,36505
08629P,緯創凱基9C售02  ,0,0,0,0,0,0,0,0,0,36000,0,0,0,86000,50000,36000,36000
08583P,鴻海群益01售05  ,0,0,0,0,0,0,0,0,0,36000,0,0,0,36000,0,36000,36000
07708P,玉晶光元大9A售13,0,0,0,0,0,0,0,0,0,36000,0,0,0,106000,70000,36000,36000
066222,生達國泰02購01  ,0,0,0,0,0,0,0,0,0,36000,0,0,0,75000,39000,36000,36000
057051,群創元大9B購03  ,0,0,0,0,0,0,0,0,0,36000,0,0,0,53000,17000,36000,36000
056634,為升兆豐99購01  ,0,0,0,0,0,0,0,0,0,36000,0,0,0,36000,0,36000,36000
057741,超眾富邦98購01  ,0,0,0,0,0,0,0,0,0,36000,0,0,0,36000,0,36000,36000
056860,正崴群益98購01  ,0,0,0,0,0,0,0,0,0,36000,0,0,0,36000,0,36000,36000
054387,台積電統一98購02,0,0,0,0,0,0,0,0,0,36000,0,0,0,76000,40000,36000,36000
054318,台虹凱基98購01  ,0,0,0,0,0,0,0,0,0,36000,0,0,0,36000,0,36000,36000
00703,台新MSCI中國    ,0,0,0,0,0,0,0,0,0,36000,0,0,0,306000,270000,36000,36000
00688L,國泰20年美債正2 ,39000,0,39000,0,0,0,0,0,0,-3000,0,0,0,100000,103000,-3000,36000
055615,宏達電國票99購02,0,0,0,0,0,0,0,0,0,36000,0,0,0,138000,102000,36000,36000
057566,欣興富邦99購01  ,0,0,0,0,0,0,0,0,0,36000,0,0,0,44000,8000,36000,36000
059877,康控凱基99購05  ,0,0,0,0,0,0,0,0,0,36000,0,0,0,36000,0,36000,36000
059165,南亞科凱基99購04,0,0,0,0,0,0,0,0,0,36000,0,0,0,46000,10000,36000,36000
059473,T50反1群益99購03,0,0,0,0,0,0,0,0,0,36000,0,0,0,66000,30000,36000,36000
059254,台表科凱基9A購02,0,0,0,0,0,0,0,0,0,36000,0,0,0,36000,0,36000,36000
061101,道瓊銀元大9A購02,0,0,0,0,0,0,0,0,0,36000,0,0,0,112000,76000,36000,36000
061607,台表科凱基9B購02,0,0,0,0,0,0,0,0,0,36000,0,0,0,36000,0,36000,36000
061592,義隆永豐9A購03  ,0,0,0,0,0,0,0,0,0,36000,0,0,0,36000,0,36000,36000
063764,上銀元富9B購08  ,0,0,0,0,0,0,0,0,0,36000,0,0,0,36000,0,36000,36000
063261,康控富邦03購01  ,0,0,0,0,0,0,0,0,0,36000,0,0,0,166000,130000,36000,36000
063283,華新科元大9C購03,0,0,0,0,0,0,0,0,0,36000,0,0,0,39000,3000,36000,36000
065191,南電統一01購03  ,0,0,0,0,0,0,0,0,0,36000,0,0,0,48000,12000,36000,36000
065289,冠德群益9C購01  ,0,0,0,0,0,0,0,0,0,36000,0,0,0,89000,53000,36000,36000
064804,英業達元大9C購01,0,0,0,0,0,0,0,0,0,36000,0,0,0,234000,198000,36000,36000
064508,力成元大9C購03  ,0,0,0,0,0,0,0,0,0,36000,0,0,0,143000,107000,36000,36000
064472,國巨麥證9C購03  ,0,0,0,36000,0,36000,0,0,0,36000,0,0,0,36000,0,36000,36000
1526,日馳            ,183000,147000,36000,0,0,0,0,0,0,0,0,0,0,0,0,0,36000
1590,亞德客-KY       ,800000,715428,84572,0,0,0,0,29157,-29157,-20000,6000,12000,-6000,1000,15000,-14000,35415
066217,美利達統一03購01,0,0,0,0,0,0,0,0,0,35000,0,0,0,252000,217000,35000,35000
065854,臻鼎元大9C購05  ,0,0,0,0,0,0,0,0,0,35000,0,0,0,155000,120000,35000,35000
065687,華通元富9C購03  ,0,0,0,0,0,0,0,0,0,35000,0,0,0,35000,0,35000,35000
065808,力成群益9C購02  ,0,0,0,0,0,0,0,0,0,35000,0,0,0,35000,0,35000,35000
066304,聯華永豐01購01  ,0,0,0,0,0,0,0,0,0,35000,0,0,0,35000,0,35000,35000
07675P,全新永豐9A售02  ,0,0,0,0,0,0,0,0,0,35000,0,0,0,35000,0,35000,35000
07130P,台郡元大9B售01  ,0,0,0,0,0,0,0,0,0,35000,0,0,0,35000,0,35000,35000
08249P,聯發科群益9C售06,0,0,0,0,0,0,0,0,0,35000,0,0,0,35000,0,35000,35000
08074P,緯穎元富9B售02  ,0,0,0,0,0,0,0,0,0,35000,0,0,0,97000,62000,35000,35000
058429,欣興元富99購01  ,0,0,0,0,0,0,0,0,0,35000,0,0,0,35000,0,35000,35000
057466,泰鼎永豐98購01  ,0,0,0,0,0,0,0,0,0,35000,0,0,0,55000,20000,35000,35000
056769,國產元大98購01  ,0,0,0,0,0,0,0,0,0,35000,0,0,0,45000,10000,35000,35000
057383,玉晶光富邦9A購01,0,0,0,0,0,0,0,0,0,35000,0,0,0,40000,5000,35000,35000
058610,欣興元大99購05  ,0,0,0,0,0,0,0,0,0,35000,0,0,0,37000,2000,35000,35000
058592,聯發科統一9C購01,0,0,0,0,0,0,0,0,0,35000,0,0,0,40000,5000,35000,35000
058116,正崴中信99購02  ,0,0,0,0,0,0,0,0,0,35000,0,0,0,220000,185000,35000,35000
056726,友達日盛9A購01  ,0,0,0,0,0,0,0,0,0,35000,0,0,0,35000,0,35000,35000
057803,上銀元大98購08  ,0,0,0,0,0,0,0,0,0,35000,0,0,0,35000,0,35000,35000
060884,超眾中信9B購01  ,0,0,0,0,0,0,0,0,0,35000,0,0,0,539000,504000,35000,35000
059533,富邦金凱基99購01,0,0,0,0,0,0,0,0,0,35000,0,0,0,48000,13000,35000,35000
058936,國喬中信99購01  ,0,0,0,0,0,0,0,0,0,35000,0,0,0,207000,172000,35000,35000
061136,可成統一9A購01  ,0,0,0,0,0,0,0,0,0,35000,0,0,0,35000,0,35000,35000
060336,南電康和9A購01  ,0,0,0,0,0,0,0,0,0,35000,0,0,0,39000,4000,35000,35000
061959,鴻海統一9B購04  ,0,0,0,0,0,0,0,0,0,35000,0,0,0,205000,170000,35000,35000
062023,寶成永豐9B購01  ,0,0,0,0,0,0,0,0,0,35000,0,0,0,68000,33000,35000,35000
062719,微星凱基9B購01  ,0,0,0,0,0,0,0,0,0,35000,0,0,0,35000,0,35000,35000
062994,祥碩群益9B購05  ,0,0,0,0,0,0,0,0,0,35000,0,0,0,149000,114000,35000,35000
064571,帆宣群益9C購01  ,0,0,0,0,0,0,0,0,0,35000,0,0,0,50000,15000,35000,35000
064791,友達國票9C購01  ,0,0,0,0,0,0,0,0,0,35000,0,0,0,35000,0,35000,35000
064792,美律國票9C購01  ,0,0,0,0,0,0,0,0,0,35000,0,0,0,73000,38000,35000,35000
065003,燿華國票01購01  ,0,0,0,0,0,0,0,0,0,35000,0,0,0,35000,0,35000,35000
065333,冠德國票01購01  ,0,0,0,0,0,0,0,0,0,35000,0,0,0,35000,0,35000,35000
065548,台達電凱基01購02,0,0,0,0,0,0,0,0,0,35000,0,0,0,55000,20000,35000,35000
065446,宏達電統一9C購02,0,0,0,0,0,0,0,0,0,35000,0,0,0,35000,0,35000,35000
063269,儒鴻兆豐9C購01  ,0,0,0,0,0,0,0,0,0,35000,0,0,0,35000,0,35000,35000
063053,聯發科統一01購04,0,0,0,0,0,0,0,0,0,35000,0,0,0,69000,34000,35000,35000
063653,儒鴻元富9B購01  ,0,0,0,0,0,0,0,0,0,35000,0,0,0,39000,4000,35000,35000
063848,大立光元大9C購09,0,0,0,0,0,0,0,0,0,35000,0,0,0,128000,93000,35000,35000
064382,台積電國泰01購01,0,0,0,0,0,0,0,0,0,35000,0,0,0,49000,14000,35000,35000
8464,億豐            ,267500,212131,55369,0,0,0,0,21000,-21000,0,0,1000,-1000,3000,2000,1000,34369
07065P,臺股指元大9A售26,0,0,0,0,0,0,0,0,0,34000,0,0,0,35000,1000,34000,34000
07655P,台灣50凱基01售09,0,0,0,0,0,0,0,0,0,34000,0,0,0,34000,0,34000,34000
066567,臻鼎元大01購01  ,0,0,0,0,0,0,0,0,0,34000,0,0,0,36000,2000,34000,34000
06776P,鴻海元大99售05  ,0,0,0,0,0,0,0,0,0,34000,0,0,0,34000,0,34000,34000
066042,正崴元大02購01  ,0,0,0,0,0,0,0,0,0,34000,0,0,0,248000,214000,34000,34000
066130,燿華群益01購03  ,0,0,0,0,0,0,0,0,0,34000,0,0,0,54000,20000,34000,34000
061039,台表科永豐9A購03,0,0,0,0,0,0,0,0,0,34000,0,0,0,64000,30000,34000,34000
055755,禾伸堂兆豐97購02,0,0,0,0,0,0,0,0,0,34000,0,0,0,34000,0,34000,34000
054217,台表科國票97購05,0,0,0,0,0,0,0,0,0,34000,0,0,0,34000,0,34000,34000
062485,華通國泰01購01  ,0,0,0,0,0,0,0,0,0,34000,0,0,0,50000,16000,34000,34000
059791,超眾元大99購06  ,0,0,0,0,0,0,0,0,0,34000,0,0,0,71000,37000,34000,34000
059829,超眾凱基99購05  ,0,0,0,0,0,0,0,0,0,34000,0,0,0,49000,15000,34000,34000
062003,國巨國泰01購01  ,0,0,0,0,0,0,0,0,0,34000,0,0,0,35000,1000,34000,34000
060450,南亞元大9A購02  ,0,0,0,0,0,0,0,0,0,34000,0,0,0,39000,5000,34000,34000
060923,全新永豐9A購01  ,0,0,0,0,0,0,0,0,0,34000,0,0,0,34000,0,34000,34000
058955,台積電國票9A購04,0,0,0,0,0,0,0,0,0,34000,0,0,0,44000,10000,34000,34000
061593,智原永豐9A購01  ,0,0,0,0,0,0,0,0,0,34000,0,0,0,113000,79000,34000,34000
061603,瑞昱凱基9A購02  ,0,0,0,0,0,0,0,0,0,34000,0,0,0,34000,0,34000,34000
061370,晶技國泰9C購01  ,0,0,0,0,0,0,0,0,0,34000,0,0,0,105000,71000,34000,34000
061486,國巨兆豐9B購02  ,0,0,0,0,0,0,0,0,0,34000,0,0,0,34000,0,34000,34000
063959,GIS元大9C購02   ,0,0,0,0,0,0,0,0,0,34000,0,0,0,55000,21000,34000,34000
065462,聯發科中信03購02,0,0,0,0,0,0,0,0,0,34000,0,0,0,34000,0,34000,34000
065164,和大元大01購01  ,0,0,0,0,0,0,0,0,0,34000,0,0,0,34000,0,34000,34000
064803,智邦元大9C購05  ,0,0,0,0,0,0,0,0,0,34000,0,0,0,51000,17000,34000,34000
4144,康聯-KY         ,108000,73000,35000,0,0,0,0,0,0,-1000,3000,4000,-1000,0,0,0,34000
06797P,臺股指凱基98售07,0,0,0,0,0,0,0,0,0,33000,0,0,0,33000,0,33000,33000
06867P,訊芯元大98售08  ,0,0,0,0,0,0,0,0,0,33000,0,0,0,50000,17000,33000,33000
06758P,鴻海元大98售10  ,0,0,0,0,0,0,0,0,0,33000,0,0,0,33000,0,33000,33000
066316,台船永豐01購01  ,0,0,0,0,0,0,0,0,0,33000,0,0,0,38000,5000,33000,33000
08710P,鴻海元富07售03  ,0,0,0,0,0,0,0,0,0,33000,0,0,0,75000,42000,33000,33000
056404,嘉聯益群益9A購01,0,0,0,0,0,0,0,0,0,33000,0,0,0,35000,2000,33000,33000
00766L,台新MSCI中國正2 ,0,0,0,0,0,0,0,0,0,33000,0,0,0,305000,272000,33000,33000
056552,台表科凱基99購01,0,0,0,0,0,0,0,0,0,33000,0,0,0,40000,7000,33000,33000
058201,華通凱基9A購01  ,0,0,0,0,0,0,0,0,0,33000,0,0,0,33000,0,33000,33000
059283,康友永豐99購02  ,0,0,0,0,0,0,0,0,0,33000,0,0,0,35000,2000,33000,33000
060596,元黃金凱基9A購02,0,0,0,0,0,0,0,0,0,33000,0,0,0,47000,14000,33000,33000
060238,強茂元大9C購01  ,0,0,0,0,0,0,0,0,0,33000,0,0,0,33000,0,33000,33000
065520,台勝科群益9C購03,0,0,0,0,0,0,0,0,0,33000,0,0,0,33000,0,33000,33000
065577,超眾群益9C購02  ,0,0,0,0,0,0,0,0,0,33000,0,0,0,43000,10000,33000,33000
064043,台積電統一9C購10,0,0,0,0,0,0,0,0,0,33000,0,0,0,97000,64000,33000,33000
063871,瀚宇博永豐9C購01,0,0,0,0,0,0,0,0,0,33000,0,0,0,89000,56000,33000,33000
064426,群創兆豐9C購01  ,0,0,0,0,0,0,0,0,0,33000,0,0,0,38000,5000,33000,33000
064240,群創統一02購02  ,0,0,0,0,0,0,0,0,0,33000,0,0,0,40000,7000,33000,33000
063577,台表科元大9C購04,0,0,0,0,0,0,0,0,0,33000,0,0,0,87000,54000,33000,33000
063738,奇鋐元大9B購03  ,3000,0,3000,0,0,0,0,0,0,30000,0,0,0,312000,282000,30000,33000
063412,寶成國票9C購01  ,0,0,0,0,0,0,0,0,0,33000,0,0,0,71000,38000,33000,33000
063518,儒鴻凱基9B購02  ,0,0,0,0,0,0,0,0,0,33000,0,0,0,33000,0,33000,33000
063215,台表科國票9C購02,0,0,0,0,0,0,0,0,0,33000,0,0,0,45000,12000,33000,33000
063312,台積電群益9B購07,0,0,0,0,0,0,0,0,0,33000,0,0,0,35000,2000,33000,33000
8996,高力            ,319000,284000,35000,0,0,0,0,0,0,-2000,0,2000,-2000,0,0,0,33000
07131P,緯穎元大99售06  ,0,0,0,0,0,0,0,0,0,32000,0,0,0,32000,0,32000,32000
07045P,上銀國票9A售01  ,0,0,0,0,0,0,0,0,0,32000,0,0,0,40000,8000,32000,32000
07466P,亞德客元大9A售02,0,0,0,0,0,0,0,0,0,32000,0,0,0,137000,105000,32000,32000
066520,大立光第一01購01,0,0,0,0,0,0,0,0,0,32000,0,0,0,34000,2000,32000,32000
066081,文曄國泰03購01  ,0,0,0,0,0,0,0,0,0,32000,0,0,0,41000,9000,32000,32000
065779,台勝科國泰01購02,0,0,0,0,0,0,0,0,0,32000,0,0,0,61000,29000,32000,32000
065877,TPK群益9C購05   ,0,0,0,0,0,0,0,0,0,32000,0,0,0,32000,0,32000,32000
065979,立積元大03購01  ,0,0,0,0,0,0,0,0,0,32000,0,0,0,202000,170000,32000,32000
057574,中磊永豐98購01  ,0,0,0,0,0,0,0,0,0,32000,0,0,0,114000,82000,32000,32000
058018,南亞科凱基99購03,0,0,0,0,0,0,0,0,0,32000,0,0,0,52000,20000,32000,32000
061038,TPK永豐9A購01   ,0,0,0,0,0,0,0,0,0,32000,0,0,0,32000,0,32000,32000
061190,力山永豐9A購02  ,0,0,0,0,0,0,0,0,0,32000,0,0,0,32000,0,32000,32000
056335,微星凱基98購01  ,0,0,0,0,0,0,0,0,0,32000,0,0,0,32000,0,32000,32000
055022,精元國泰99購01  ,0,0,0,0,0,0,0,0,0,32000,0,0,0,87000,55000,32000,32000
060249,正文元大9C購01  ,0,0,0,0,0,0,0,0,0,32000,0,0,0,44000,12000,32000,32000
059172,台郡凱基99購03  ,0,0,0,0,0,0,0,0,0,32000,0,0,0,52000,20000,32000,32000
061395,健策統一9C購02  ,0,0,0,0,0,0,0,0,0,32000,0,0,0,57000,25000,32000,32000
061263,微星凱基9A購01  ,0,0,0,0,0,0,0,0,0,32000,0,0,0,39000,7000,32000,32000
058931,玉晶光統一9C購01,0,0,0,0,0,0,0,0,0,32000,0,0,0,33000,1000,32000,32000
063239,建準元大9B購01  ,0,0,0,0,0,0,0,0,0,32000,0,0,0,91000,59000,32000,32000
063093,國產國票9B購01  ,0,0,0,0,0,0,0,0,0,32000,0,0,0,98000,66000,32000,32000
064377,宏達電元富9C購01,0,0,0,0,0,0,0,0,0,32000,0,0,0,72000,40000,32000,32000
064371,矽格統一9C購02  ,0,0,0,0,0,0,0,0,0,32000,0,0,0,32000,0,32000,32000
065323,聯發科凱基9C購09,0,0,0,0,0,0,0,0,0,32000,0,0,0,50000,18000,32000,32000
065001,中橡國票9C購01  ,0,0,0,0,0,0,0,0,0,32000,0,0,0,38000,6000,32000,32000
065022,同欣電富邦01購01,0,0,0,0,0,0,0,0,0,32000,0,0,0,32000,0,32000,32000
064646,群創凱基02購01  ,0,0,0,0,0,0,0,0,0,32000,0,0,0,36000,4000,32000,32000
064728,健策統一9C購04  ,0,0,0,0,0,0,0,0,0,32000,0,0,0,32000,0,32000,32000
07769P,國巨國票9A售10  ,0,0,0,0,0,0,0,0,0,31000,0,0,0,84000,53000,31000,31000
08029P,臺股指元大9B售36,0,0,0,0,0,0,0,0,0,31000,0,0,0,31000,0,31000,31000
08309P,GIS凱基9C售01   ,0,0,0,0,0,0,0,0,0,31000,0,0,0,140000,109000,31000,31000
056458,日月光凱基98購02,0,0,0,0,0,0,0,0,0,31000,0,0,0,71000,40000,31000,31000
056506,晶豪科永豐98購02,0,0,0,0,0,0,0,0,0,31000,0,0,0,31000,0,31000,31000
056245,嘉澤群益97購01  ,0,0,0,0,0,0,0,0,0,31000,0,0,0,31000,0,31000,31000
057690,美律凱基99購03  ,0,0,0,0,0,0,0,0,0,31000,0,0,0,49000,18000,31000,31000
057944,新日興國票99購02,0,0,0,0,0,0,0,0,0,31000,0,0,0,42000,11000,31000,31000
061655,微星國票9A購01  ,0,0,0,0,0,0,0,0,0,31000,0,0,0,53000,22000,31000,31000
061503,臻鼎國票9B購01  ,0,0,0,0,0,0,0,0,0,31000,0,0,0,35000,4000,31000,31000
061141,臻鼎統一9A購01  ,0,0,0,0,0,0,0,0,0,31000,0,0,0,41000,10000,31000,31000
062625,華通國票9B購02  ,0,0,0,0,0,0,0,0,0,31000,0,0,0,80000,49000,31000,31000
062450,臻鼎元大9B購02  ,0,0,0,0,0,0,0,0,0,31000,0,0,0,31000,0,31000,31000
064643,瑞昱凱基04購01  ,0,0,0,0,0,0,0,0,0,31000,0,0,0,31000,0,31000,31000
064891,台達電群益9C購01,0,0,0,0,0,0,0,0,0,31000,0,0,0,68000,37000,31000,31000
064301,漢唐兆豐01購01  ,40000,0,40000,0,0,0,0,0,0,-9000,0,0,0,193000,202000,-9000,31000
064260,矽創富邦9C購01  ,0,0,0,0,0,0,0,0,0,31000,0,0,0,141000,110000,31000,31000
063350,台表科統一02購02,0,0,0,0,0,0,0,0,0,31000,0,0,0,69000,38000,31000,31000
063699,國巨群益9B購07  ,0,0,0,0,0,0,0,0,0,31000,0,0,0,31000,0,31000,31000
08046P,臺股指國票9B售11,0,0,0,0,0,0,0,0,0,30000,0,0,0,50000,20000,30000,30000
08123P,台表科國票9C售01,0,0,0,0,0,0,0,0,0,30000,0,0,0,70000,40000,30000,30000
07691P,宏達電元大9A售05,0,0,0,0,0,0,0,0,0,30000,0,0,0,96000,66000,30000,30000
07729P,臺股指凱基9A售21,0,0,0,0,0,0,0,0,0,30000,0,0,0,30000,0,30000,30000
07666P,台灣50元大9C售32,0,0,0,0,0,0,0,0,0,30000,0,0,0,30000,0,30000,30000
07014P,華通元大99售04  ,0,0,0,0,0,0,0,0,0,30000,0,0,0,40000,10000,30000,30000
065837,臺指反元大03購05,0,0,0,0,0,0,0,0,0,30000,0,0,0,30000,0,30000,30000
065789,泰碩永豐9C購02  ,0,0,0,0,0,0,0,0,0,30000,0,0,0,58000,28000,30000,30000
066208,聯鈞統一02購01  ,0,0,0,0,0,0,0,0,0,30000,0,0,0,51000,21000,30000,30000
066167,強茂凱基01購01  ,0,0,0,0,0,0,0,0,0,30000,0,0,0,76000,46000,30000,30000
066513,精元永豐01購02  ,0,0,0,0,0,0,0,0,0,30000,0,0,0,30000,0,30000,30000
06659P,T50正2富邦9A售01,0,0,0,0,0,0,0,0,0,30000,0,0,0,40000,10000,30000,30000
06652P,長榮航元大98售01,0,0,0,0,0,0,0,0,0,30000,0,0,0,30000,0,30000,30000
066519,達方永豐01購01  ,0,0,0,0,0,0,0,0,0,30000,0,0,0,30000,0,30000,30000
057957,嘉晶元大98購01  ,0,0,0,0,0,0,0,0,0,30000,0,0,0,31000,1000,30000,30000
057886,聯詠群益98購01  ,0,0,0,0,0,0,0,0,0,30000,0,0,0,30000,0,30000,30000
058314,欣興富邦9B購01  ,0,0,0,0,0,0,0,0,0,30000,0,0,0,48000,18000,30000,30000
058282,聯茂中信99購01  ,0,0,0,0,0,0,0,0,0,30000,0,0,0,30000,0,30000,30000
061026,南電富邦9B購01  ,0,0,0,0,0,0,0,0,0,30000,0,0,0,30000,0,30000,30000
057840,健策富邦99購01  ,0,0,0,0,0,0,0,0,0,30000,0,0,0,30000,0,30000,30000
056942,昇陽半元富98購01,0,0,0,0,0,0,0,0,0,30000,0,0,0,30000,0,30000,30000
056236,台積電群益97購06,0,0,0,0,0,0,0,0,0,30000,0,0,0,30000,0,30000,30000
05624P,同欣電中信98售01,0,0,0,0,0,0,0,0,0,30000,0,0,0,30000,0,30000,30000
05348P,美律元富98售01  ,0,0,0,0,0,0,0,0,0,30000,0,0,0,80000,50000,30000,30000
054540,泰鼎國票99購01  ,0,0,0,0,0,0,0,0,0,30000,0,0,0,30000,0,30000,30000
054585,禾伸堂國泰99購01,0,0,0,0,0,0,0,0,0,30000,0,0,0,40000,10000,30000,30000
055377,揚明光元大98購01,0,0,0,0,0,0,0,0,0,30000,0,0,0,40000,10000,30000,30000
057422,欣興凱基98購04  ,0,0,0,0,0,0,0,0,0,30000,0,0,0,30000,0,30000,30000
06256P,臺股指群益97售09,0,0,0,0,0,0,0,0,0,30000,0,0,0,30000,0,30000,30000
062559,嘉晶凱基9B購02  ,0,0,0,0,0,0,0,0,0,30000,0,0,0,37000,7000,30000,30000
059117,禾伸堂永豐99購01,0,0,0,0,0,0,0,0,0,30000,0,0,0,38000,8000,30000,30000
05878P,創意群益98售01  ,0,0,0,0,0,0,0,0,0,30000,0,0,0,30000,0,30000,30000
060277,道瓊反元大9A購02,0,0,0,0,0,0,0,0,0,30000,0,0,0,30000,0,30000,30000
059830,台郡凱基99購05  ,0,0,0,0,0,0,0,0,0,30000,0,0,0,30000,0,30000,30000
062177,上銀元大9B購02  ,0,0,0,0,0,0,0,0,0,30000,0,0,0,60000,30000,30000,30000
062231,台光電麥證9C購01,0,0,0,30000,0,30000,0,0,0,30000,0,0,0,30000,0,30000,30000
061142,南電統一9A購01  ,0,0,0,0,0,0,0,0,0,30000,0,0,0,40000,10000,30000,30000
060572,景碩永豐9A購01  ,0,0,0,0,0,0,0,0,0,30000,0,0,0,30000,0,30000,30000
060641,聯鈞永豐9A購01  ,0,0,0,0,0,0,0,0,0,30000,0,0,0,30000,0,30000,30000
059307,T50反1元大99購06,0,0,0,0,0,0,0,0,0,30000,0,0,0,50000,20000,30000,30000
060355,元金2X元富9C購01,0,0,0,0,0,0,0,0,0,30000,0,0,0,70000,40000,30000,30000
061966,旺宏統一01購03  ,0,0,0,0,0,0,0,0,0,30000,0,0,0,30000,0,30000,30000
061911,台積電中信05購04,0,0,0,0,0,0,0,0,0,30000,0,0,0,30000,0,30000,30000
061458,臻鼎凱基9A購02  ,0,0,0,0,0,0,0,0,0,30000,0,0,0,40000,10000,30000,30000
061453,台達電凱基9B購01,0,0,0,0,0,0,0,0,0,30000,0,0,0,38000,8000,30000,30000
061620,禾伸堂群益9A購02,0,0,0,0,0,0,0,0,0,30000,0,0,0,30000,0,30000,30000
061673,仁寶元大9B購01  ,0,0,0,0,0,0,0,0,0,30000,0,0,0,107000,77000,30000,30000
06152P,玉晶光元大98售06,0,0,0,0,0,0,0,0,0,30000,0,0,0,30000,0,30000,30000
058721,立積元富9C購01  ,0,0,0,0,0,0,0,0,0,30000,0,0,0,30000,0,30000,30000
063626,聚陽元大9B購03  ,0,0,0,0,0,0,0,0,0,30000,0,0,0,68000,38000,30000,30000
063536,美食統一01購01  ,0,0,0,0,0,0,0,0,0,30000,0,0,0,50000,20000,30000,30000
063306,聯茂凱基9C購01  ,0,0,0,0,0,0,0,0,0,30000,0,0,0,30000,0,30000,30000
06424P,大成鋼永豐97售01,0,0,0,0,0,0,0,0,0,30000,0,0,0,30000,0,30000,30000
064349,泰鼎元大9C購02  ,0,0,0,0,0,0,0,0,0,30000,0,0,0,58000,28000,30000,30000
064360,台積電統一9C購12,0,0,0,0,0,0,0,0,0,30000,0,0,0,100000,70000,30000,30000
063766,南茂元富9B購01  ,0,0,0,0,0,0,0,0,0,30000,0,0,0,50000,20000,30000,30000
064836,群創統一9C購04  ,0,0,0,0,0,0,0,0,0,30000,0,0,0,40000,10000,30000,30000
06498P,臺股指元大9A售03,0,0,0,0,0,0,0,0,0,30000,0,0,0,30000,0,30000,30000
064934,南電統一01購02  ,0,0,0,0,0,0,0,0,0,30000,0,0,0,30000,0,30000,30000
064561,友達群益9C購02  ,0,0,0,0,0,0,0,0,0,30000,0,0,0,40000,10000,30000,30000
065168,台積電元大02購02,0,0,0,0,0,0,0,0,0,30000,0,0,0,130000,100000,30000,30000
065637,台灣50元大9C購50,0,0,0,0,0,0,0,0,0,30000,0,0,0,30000,0,30000,30000
2428,興勤            ,267000,184000,83000,0,0,0,0,0,0,-53000,0,5000,-5000,1000,49000,-48000,30000
08130P,義隆元大9B售05  ,0,0,0,0,0,0,0,0,0,29000,0,0,0,302000,273000,29000,29000
08545P,南電國泰01售02  ,0,0,0,0,0,0,0,0,0,29000,0,0,0,39000,10000,29000,29000
057440,台積電統一98購10,0,0,0,0,0,0,0,0,0,29000,0,0,0,29000,0,29000,29000
053818,富邦金群益98購01,0,0,0,0,0,0,0,0,0,29000,0,0,0,30000,1000,29000,29000
00757,統一FANG+       ,2000,0,2000,0,0,0,0,0,0,27000,0,0,0,264000,237000,27000,29000
00736,國泰新興市場    ,53000,0,53000,0,0,0,0,0,0,-24000,0,0,0,119000,143000,-24000,29000
00660,元大歐洲50      ,0,0,0,0,0,0,0,0,0,29000,0,0,0,54000,25000,29000,29000
054201,聯詠富邦97購02  ,0,0,0,0,0,0,0,0,0,29000,0,0,0,29000,0,29000,29000
058655,鴻海中信03購02  ,0,0,0,0,0,0,0,0,0,29000,0,0,0,30000,1000,29000,29000
057744,健策永豐98購02  ,0,0,0,0,0,0,0,0,0,29000,0,0,0,33000,4000,29000,29000
058581,大立光群益99購05,0,0,0,0,0,0,0,0,0,29000,0,0,0,32000,3000,29000,29000
059646,聯茂凱基99購06  ,0,0,0,0,0,0,0,0,0,29000,0,0,0,50000,21000,29000,29000
058941,華新科中信99購03,0,0,0,0,0,0,0,0,0,29000,0,0,0,41000,12000,29000,29000
061366,台勝科國票9A購01,0,0,0,0,0,0,0,0,0,29000,0,0,0,160000,131000,29000,29000
060260,京鼎凱基9C購01  ,0,0,0,0,0,0,0,0,0,29000,0,0,0,40000,11000,29000,29000
062613,臺指反元大02購10,0,0,0,0,0,0,0,0,0,29000,0,0,0,29000,0,29000,29000
065658,聯發科富邦03購03,0,0,0,0,0,0,0,0,0,29000,0,0,0,754000,725000,29000,29000
065416,華通國票01購02  ,0,0,0,0,0,0,0,0,0,29000,0,0,0,58000,29000,29000,29000
065110,嘉澤國票01購01  ,0,0,0,0,0,0,0,0,0,29000,0,0,0,446000,417000,29000,29000
065272,聯茂元大9C購05  ,0,0,0,0,0,0,0,0,0,29000,0,0,0,35000,6000,29000,29000
065369,瑞昱元大9C購01  ,0,0,0,0,0,0,0,0,0,29000,0,0,0,83000,54000,29000,29000
064768,仁寶中信03購01  ,0,0,0,0,0,0,0,0,0,29000,0,0,0,77000,48000,29000,29000
063916,瀚宇博凱基01購01,0,0,0,0,0,0,0,0,0,29000,0,0,0,53000,24000,29000,29000
063980,智易兆豐9C購02  ,0,0,0,0,0,0,0,0,0,29000,0,0,0,129000,100000,29000,29000
063136,智邦統一9B購02  ,0,0,0,0,0,0,0,0,0,29000,0,0,0,522000,493000,29000,29000
06340P,鴻海統一98售06  ,0,0,0,0,0,0,0,0,0,29000,0,0,0,53000,24000,29000,29000
5515,建國            ,74000,34000,40000,0,0,0,0,0,0,-11000,2000,13000,-11000,0,0,0,29000
0052,富邦科技        ,100,1000,-900,0,0,0,0,0,0,29000,0,0,0,142000,113000,29000,28100
08224P,臺股指凱基9B售19,0,0,0,0,0,0,0,0,0,28000,0,0,0,63000,35000,28000,28000
06688P,鴻海中信02售01  ,0,0,0,0,0,0,0,0,0,28000,0,0,0,30000,2000,28000,28000
066233,華碩富邦02購01  ,0,0,0,0,0,0,0,0,0,28000,0,0,0,50000,22000,28000,28000
065999,燿華國票02購01  ,0,0,0,0,0,0,0,0,0,28000,0,0,0,28000,0,28000,28000
053449,超眾凱基98購01  ,0,0,0,0,0,0,0,0,0,28000,0,0,0,38000,10000,28000,28000
03425B,臺股指元大9A熊01,0,0,0,0,0,0,0,0,0,28000,0,0,0,30000,2000,28000,28000
056345,嘉聯益凱基99購01,0,0,0,0,0,0,0,0,0,28000,0,0,0,90000,62000,28000,28000
057572,明泰永豐98購01  ,0,0,0,0,0,0,0,0,0,28000,0,0,0,66000,38000,28000,28000
056457,嘉澤凱基98購01  ,0,0,0,0,0,0,0,0,0,28000,0,0,0,52000,24000,28000,28000
057277,可成元大98購05  ,0,0,0,0,0,0,0,0,0,28000,0,0,0,78000,50000,28000,28000
058239,景碩元大99購03  ,0,0,0,0,0,0,0,0,0,28000,0,0,0,32000,4000,28000,28000
062367,禾伸堂元大9B購02,0,0,0,0,0,0,0,0,0,28000,0,0,0,37000,9000,28000,28000
062235,億光凱基9B購01  ,0,0,0,0,0,0,0,0,0,28000,0,0,0,246000,218000,28000,28000
062127,台勝科統一01購02,0,0,0,0,0,0,0,0,0,28000,0,0,0,28000,0,28000,28000
061715,牧德凱基9B購03  ,0,0,0,0,0,0,0,0,0,28000,0,0,0,28000,0,28000,28000
059512,晶豪科永豐99購02,0,0,0,0,0,0,0,0,0,28000,0,0,0,28000,0,28000,28000
063496,儒鴻永豐9B購01  ,0,0,0,0,0,0,0,0,0,28000,0,0,0,29000,1000,28000,28000
064481,技嘉永豐9C購01  ,0,0,0,0,0,0,0,0,0,28000,0,0,0,75000,47000,28000,28000
2881B,富邦金乙特      ,0,0,0,0,0,0,0,0,0,28000,30000,2000,28000,0,0,0,28000
066002,健策國票02購01  ,0,0,0,0,0,0,0,0,0,27000,0,0,0,27000,0,27000,27000
066437,台泥群益02購01  ,0,0,0,0,0,0,0,0,0,27000,0,0,0,27000,0,27000,27000
08045P,健策國票9B售01  ,0,0,0,0,0,0,0,0,0,27000,0,0,0,30000,3000,27000,27000
057995,華新科中信98購02,0,0,0,0,0,0,0,0,0,27000,0,0,0,27000,0,27000,27000
058048,群創元大9B購07  ,0,0,0,0,0,0,0,0,0,27000,0,0,0,30000,3000,27000,27000
056983,大立光群益99購02,0,0,0,0,0,0,0,0,0,27000,0,0,0,31000,4000,27000,27000
056722,滬深反中信9B購01,0,0,0,0,0,0,0,0,0,27000,0,0,0,27000,0,27000,27000
061042,致新永豐9A購02  ,0,0,0,0,0,0,0,0,0,27000,0,0,0,49000,22000,27000,27000
055119,力成凱基98購01  ,0,0,0,0,0,0,0,0,0,27000,0,0,0,67000,40000,27000,27000
058377,茂林凱基9A購03  ,0,0,0,0,0,0,0,0,0,27000,0,0,0,50000,23000,27000,27000
056157,聯詠凱基97購03  ,0,0,0,0,0,0,0,0,0,27000,0,0,0,27000,0,27000,27000
059511,宏達電永豐99購02,0,0,0,0,0,0,0,0,0,27000,0,0,0,29000,2000,27000,27000
060432,達方永豐9A購01  ,0,0,0,0,0,0,0,0,0,27000,0,0,0,333000,306000,27000,27000
061985,富邦金元大9B購01,0,0,0,0,0,0,0,0,0,27000,0,0,0,31000,4000,27000,27000
060982,旺宏元大9A購09  ,0,0,0,0,0,0,0,0,0,27000,0,0,0,27000,0,27000,27000
061616,鴻海群益9A購07  ,0,0,0,0,0,0,0,0,0,27000,0,0,0,33000,6000,27000,27000
062252,華邦電元大9C購01,0,0,0,0,0,0,0,0,0,27000,0,0,0,50000,23000,27000,27000
059968,世紀鋼凱基99購03,0,0,0,0,0,0,0,0,0,27000,0,0,0,58000,31000,27000,27000
062460,京鼎群益9C購01  ,0,0,0,0,0,0,0,0,0,27000,0,0,0,49000,22000,27000,27000
063524,瑞昱凱基9B購05  ,0,0,0,0,0,0,0,0,0,27000,0,0,0,27000,0,27000,27000
063425,台勝科凱基9B購02,0,0,0,0,0,0,0,0,0,27000,0,0,0,30000,3000,27000,27000
063164,聯發科永豐9B購03,0,0,0,0,0,0,0,0,0,27000,0,0,0,37000,10000,27000,27000
063226,康控群益9B購03  ,0,0,0,0,0,0,0,0,0,27000,0,0,0,406000,379000,27000,27000
063278,國巨元大9C購04  ,0,0,0,0,0,0,0,0,0,27000,0,0,0,27000,0,27000,27000
063839,華通元大9C購02  ,0,0,0,0,0,0,0,0,0,27000,0,0,0,39000,12000,27000,27000
063813,瑞昱群益9C購02  ,0,0,0,0,0,0,0,0,0,27000,0,0,0,38000,11000,27000,27000
064196,健策群益01購01  ,0,0,0,0,0,0,0,0,0,27000,0,0,0,60000,33000,27000,27000
064169,南電統一9C購01  ,0,0,0,0,0,0,0,0,0,27000,0,0,0,31000,4000,27000,27000
9940,信義            ,132000,103000,29000,0,0,0,0,0,0,-2000,0,2000,-2000,0,0,0,27000
08284P,鴻海凱基01售03  ,0,0,0,0,0,0,0,0,0,26000,0,0,0,26000,0,26000,26000
08703P,華碩凱基01售02  ,0,0,0,0,0,0,0,0,0,26000,0,0,0,56000,30000,26000,26000
07415P,台積電元大99售52,0,0,0,0,0,0,0,0,0,26000,0,0,0,1330000,1304000,26000,26000
066383,臻鼎康和01購01  ,0,0,0,0,0,0,0,0,0,26000,0,0,0,78000,52000,26000,26000
066109,南電國票02購01  ,0,0,0,0,0,0,0,0,0,26000,0,0,0,60000,34000,26000,26000
065698,旺宏群益9C購08  ,0,0,0,0,0,0,0,0,0,26000,0,0,0,51000,25000,26000,26000
053378,台積電元大98購02,0,0,0,0,0,0,0,0,0,26000,0,0,0,26000,0,26000,26000
057534,旭富元大98購01  ,0,0,0,0,0,0,0,0,0,26000,0,0,0,103000,77000,26000,26000
054808,東元元大9A購01  ,0,0,0,0,0,0,0,0,0,26000,0,0,0,78000,52000,26000,26000
057214,瑞昱群益98購01  ,0,0,0,0,0,0,0,0,0,26000,0,0,0,26000,0,26000,26000
057096,緯穎元富98購01  ,0,0,0,0,0,0,0,0,0,26000,0,0,0,36000,10000,26000,26000
056845,揚明光元富98購01,0,0,0,0,0,0,0,0,0,26000,0,0,0,27000,1000,26000,26000
058292,上銀凱基9A購01  ,0,0,0,0,0,0,0,0,0,26000,0,0,0,26000,0,26000,26000
062896,中興電元大9B購01,0,0,0,0,0,0,0,0,0,26000,0,0,0,177000,151000,26000,26000
062164,禾伸堂國泰01購01,0,0,0,0,0,0,0,0,0,26000,0,0,0,50000,24000,26000,26000
062169,禾伸堂永豐9B購01,0,0,0,0,0,0,0,0,0,26000,0,0,0,54000,28000,26000,26000
061510,嘉澤富邦9C購01  ,0,0,0,0,0,0,0,0,0,26000,0,0,0,32000,6000,26000,26000
058875,台表科國票9A購02,0,0,0,0,0,0,0,0,0,26000,0,0,0,36000,10000,26000,26000
060334,群光康和9A購01  ,0,0,0,0,0,0,0,0,0,26000,0,0,0,26000,0,26000,26000
064085,儒鴻凱基9C購02  ,0,0,0,0,0,0,0,0,0,26000,0,0,0,31000,5000,26000,26000
063346,TPK統一9C購01   ,0,0,0,0,0,0,0,0,0,26000,0,0,0,28000,2000,26000,26000
064983,力成元大9C購04  ,0,0,0,0,0,0,0,0,0,26000,0,0,0,26000,0,26000,26000
065059,神隆群益9C購01  ,0,0,0,0,0,0,0,0,0,26000,0,0,0,297000,271000,26000,26000
065524,康控群益01購01  ,0,0,0,0,0,0,0,0,0,26000,0,0,0,503000,477000,26000,26000
065676,臻鼎凱基9C購04  ,0,0,0,0,0,0,0,0,0,26000,0,0,0,46000,20000,26000,26000
065641,台積電元大9C購12,0,0,0,0,0,0,0,0,0,26000,0,0,0,976000,950000,26000,26000
8454,富邦媒          ,98000,73000,25000,0,0,0,2000,0,2000,-1000,0,1000,-1000,0,0,0,26000
065872,漢翔群益9C購01  ,0,0,0,0,0,0,0,0,0,25000,0,0,0,45000,20000,25000,25000
065955,健鼎統一01購03  ,0,0,0,0,0,0,0,0,0,25000,0,0,0,85000,60000,25000,25000
066104,鎧勝國票02購01  ,0,0,0,0,0,0,0,0,0,25000,0,0,0,171000,146000,25000,25000
066259,聯強元大01購01  ,0,0,0,0,0,0,0,0,0,25000,0,0,0,77000,52000,25000,25000
066600,瀚宇博國泰03購01,0,0,0,0,0,0,0,0,0,25000,0,0,0,48000,23000,25000,25000
066510,堤維西永豐01購01,0,0,0,0,0,0,0,0,0,25000,0,0,0,25000,0,25000,25000
07457P,宏達電元大9A售01,0,0,0,0,0,0,0,0,0,25000,0,0,0,201000,176000,25000,25000
07284P,大立光凱基99售10,0,0,0,0,0,0,0,0,0,25000,0,0,0,25000,0,25000,25000
06981P,台灣50麥證99售02,0,0,0,0,0,0,0,0,0,25000,0,0,0,25000,0,25000,25000
07689P,旺宏元大9A售13  ,0,0,0,0,0,0,0,0,0,25000,0,0,0,75000,50000,25000,25000
07991P,鴻海群益9C售02  ,0,0,0,0,0,0,0,0,0,25000,0,0,0,161000,136000,25000,25000
07863P,華新科凱基9B售07,0,0,0,0,0,0,0,0,0,25000,0,0,0,25000,0,25000,25000
08324P,大立光凱基9C售05,0,0,0,0,0,0,0,0,0,25000,0,0,0,25000,0,25000,25000
08349P,南六元大9C售03  ,0,0,0,0,0,0,0,0,0,25000,0,0,0,25000,0,25000,25000
058225,旺宏元富99購01  ,0,0,0,0,0,0,0,0,0,25000,0,0,0,25000,0,25000,25000
058553,合勤控永豐99購01,0,0,0,0,0,0,0,0,0,25000,0,0,0,143000,118000,25000,25000
057972,群創富邦9C購01  ,0,0,0,0,0,0,0,0,0,25000,0,0,0,52000,27000,25000,25000
056909,嘉聯益元大99購03,0,0,0,0,0,0,0,0,0,25000,0,0,0,25000,0,25000,25000
057813,京元電元大98購03,0,0,0,0,0,0,0,0,0,25000,0,0,0,69000,44000,25000,25000
057183,玉晶光元大99購07,0,0,0,0,0,0,0,0,0,25000,0,0,0,30000,5000,25000,25000
061024,南電國泰9B購01  ,0,0,0,0,0,0,0,0,0,25000,0,0,0,38000,13000,25000,25000
055777,冠德凱基97購01  ,0,0,0,0,0,0,0,0,0,25000,0,0,0,25000,0,25000,25000
053627,宏碁兆豐97購01  ,0,0,0,0,0,0,0,0,0,25000,0,0,0,25000,0,25000,25000
00851,台新全球AI      ,0,0,0,0,0,0,0,0,0,25000,0,0,0,107000,82000,25000,25000
052871,群創凱基98購07  ,0,0,0,0,0,0,0,0,0,25000,0,0,0,25000,0,25000,25000
052546,友達中信98購01  ,0,0,0,0,0,0,0,0,0,25000,0,0,0,25000,0,25000,25000
060339,國巨統一01購01  ,0,0,0,0,0,0,0,0,0,25000,0,0,0,25000,0,25000,25000
060644,泰鼎永豐9A購02  ,0,0,0,0,0,0,0,0,0,25000,0,0,0,25000,0,25000,25000
060455,葡萄王元大9A購02,0,0,0,0,0,0,0,0,0,25000,0,0,0,251000,226000,25000,25000
059094,臻鼎元大99購03  ,0,0,0,0,0,0,0,0,0,25000,0,0,0,50000,25000,25000,25000
059643,日月光凱基99購02,0,0,0,0,0,0,0,0,0,25000,0,0,0,44000,19000,25000,25000
058698,華通元大99購05  ,0,0,0,0,0,0,0,0,0,25000,0,0,0,25000,0,25000,25000
058694,鈺齊國票9A購02  ,0,0,0,0,0,0,0,0,0,25000,0,0,0,25000,0,25000,25000
061571,奇力新元大9A購03,0,0,0,0,0,0,0,0,0,25000,0,0,0,30000,5000,25000,25000
061281,台積電統一9C購05,0,0,0,0,0,0,0,0,0,25000,0,0,0,25000,0,25000,25000
061662,瑞儀永豐9A購02  ,0,0,0,0,0,0,0,0,0,25000,0,0,0,65000,40000,25000,25000
061763,聯電元大9C購02  ,0,0,0,0,0,0,0,0,0,25000,0,0,0,155000,130000,25000,25000
062148,奇鋐國票9B購01  ,0,0,0,0,0,0,0,0,0,25000,0,0,0,88000,63000,25000,25000
060212,華航康和9A購01  ,0,0,0,0,0,0,0,0,0,25000,0,0,0,100000,75000,25000,25000
062067,滬深2X元大9B購01,0,0,0,0,0,0,0,0,0,25000,0,0,0,30000,5000,25000,25000
060025,台積電富邦9C購06,0,0,0,0,0,0,0,0,0,25000,0,0,0,25000,0,25000,25000
059202,禾聯碩永豐99購01,0,0,0,0,0,0,0,0,0,25000,0,0,0,25000,0,25000,25000
062755,茂林麥證9B購01  ,0,0,0,29000,10000,19000,0,0,0,25000,0,0,0,35000,10000,25000,25000
062835,瑞儀群益9B購01  ,0,0,0,0,0,0,0,0,0,25000,0,0,0,33000,8000,25000,25000
062542,南電國泰9C購01  ,0,0,0,0,0,0,0,0,0,25000,0,0,0,30000,5000,25000,25000
065571,神基群益01購01  ,0,0,0,0,0,0,0,0,0,25000,0,0,0,25000,0,25000,25000
065599,台光電元大9C購05,0,0,0,0,0,0,0,0,0,25000,0,0,0,189000,164000,25000,25000
063272,GIS兆豐9C購01   ,0,0,0,0,0,0,0,0,0,25000,0,0,0,25000,0,25000,25000
063245,富邦金元大9B購03,0,0,0,0,0,0,0,0,0,25000,0,0,0,42000,17000,25000,25000
063253,巨大元大9B購03  ,0,0,0,0,0,0,0,0,0,25000,0,0,0,25000,0,25000,25000
063055,創意統一9B購02  ,0,0,0,0,0,0,0,0,0,25000,0,0,0,85000,60000,25000,25000
063401,中租群益9B購03  ,0,0,0,0,0,0,0,0,0,25000,0,0,0,35000,10000,25000,25000
064084,群創中信06購02  ,0,0,0,0,0,0,0,0,0,25000,0,0,0,28000,3000,25000,25000
064018,儒鴻元大9C購02  ,0,0,0,0,0,0,0,0,0,25000,0,0,0,29000,4000,25000,25000
063934,寶成統一02購01  ,0,0,0,0,0,0,0,0,0,25000,0,0,0,25000,0,25000,25000
063931,牧德統一01購02  ,0,0,0,0,0,0,0,0,0,25000,0,0,0,49000,24000,25000,25000
064430,鴻海凱基03購04  ,0,0,0,0,0,0,0,0,0,25000,0,0,0,55000,30000,25000,25000
064311,新光金群益01購02,0,0,0,0,0,0,0,0,0,25000,0,0,0,25000,0,25000,25000
4133,亞諾法          ,47000,22000,25000,0,0,0,0,0,0,0,0,0,0,0,0,0,25000
08326P,臺股指凱基9C售09,0,0,0,0,0,0,0,0,0,24000,0,0,0,178000,154000,24000,24000
08086P,燿華凱基9B售03  ,0,0,0,0,0,0,0,0,0,24000,0,0,0,24000,0,24000,24000
08665P,鴻海國票02售01  ,0,0,0,0,0,0,0,0,0,24000,0,0,0,25000,1000,24000,24000
08429P,台達電凱基9C售01,0,0,0,0,0,0,0,0,0,24000,0,0,0,91000,67000,24000,24000
08004P,大毅永豐9B售02  ,0,0,0,0,0,0,0,0,0,24000,0,0,0,24000,0,24000,24000
07690P,華新科元大9A售15,0,0,0,0,0,0,0,0,0,24000,0,0,0,50000,26000,24000,24000
07792P,牧德元大9A售04  ,0,0,0,0,0,0,0,0,0,24000,0,0,0,24000,0,24000,24000
066620,長興凱基01購01  ,0,0,0,0,0,0,0,0,0,24000,0,0,0,34000,10000,24000,24000
065938,文曄群益01購01  ,0,0,0,0,0,0,0,0,0,24000,0,0,0,114000,90000,24000,24000
065852,創意元大9C購06  ,0,1000,-1000,0,0,0,0,0,0,25000,0,0,0,197000,172000,25000,24000
065818,奇鋐元富9C購01  ,0,0,0,0,0,0,0,0,0,24000,0,0,0,24000,0,24000,24000
00865B,國泰US短期公債  ,0,0,0,0,0,0,0,0,0,24000,0,0,0,124000,100000,24000,24000
00771,元大US高息特別股,0,0,0,0,0,0,0,0,0,24000,0,0,0,48000,24000,24000,24000
042953,鴻海台新01購01  ,0,0,0,0,0,0,0,0,0,24000,0,0,0,24000,0,24000,24000
055487,國巨元大98購07  ,0,0,0,0,0,0,0,0,0,24000,0,0,0,77000,53000,24000,24000
062804,玉晶光統一9C購04,0,0,0,0,0,0,0,0,0,24000,0,0,0,24000,0,24000,24000
062125,嘉晶統一9B購01  ,0,0,0,0,0,0,0,0,0,24000,0,0,0,24000,0,24000,24000
061788,信邦群益9B購01  ,0,0,0,0,0,0,0,0,0,24000,0,0,0,24000,0,24000,24000
060550,可成凱基9A購02  ,0,0,0,0,0,0,0,0,0,24000,0,0,0,34000,10000,24000,24000
060414,中興電永豐9A購01,0,0,0,0,0,0,0,0,0,24000,0,0,0,252000,228000,24000,24000
059294,宏達電元富9B購02,0,0,0,0,0,0,0,0,0,24000,0,0,0,68000,44000,24000,24000
064225,健策國票01購02  ,0,0,0,0,0,0,0,0,0,24000,0,0,0,28000,4000,24000,24000
06378P,國巨統一97售08  ,0,0,0,0,0,0,0,0,0,24000,0,0,0,24000,0,24000,24000
063693,智易永豐9B購02  ,0,0,0,0,0,0,0,0,0,24000,0,0,0,24000,0,24000,24000
063041,貿聯凱基9B購01  ,0,0,0,0,0,0,0,0,0,24000,0,0,0,24000,0,24000,24000
063185,聯發科凱基9C購03,0,0,0,0,0,0,0,0,0,24000,0,0,0,32000,8000,24000,24000
063186,聯發科凱基9C購04,0,0,0,0,0,0,0,0,0,24000,0,0,0,24000,0,24000,24000
063249,祥碩元大9B購06  ,0,0,0,0,0,0,0,0,0,24000,0,0,0,24000,0,24000,24000
065580,鈺齊群益01購01  ,0,0,0,0,0,0,0,0,0,24000,0,0,0,74000,50000,24000,24000
065415,台積電兆豐9C購05,0,0,0,0,0,0,0,0,0,24000,0,0,0,244000,220000,24000,24000
064782,健策群益9C購02  ,0,0,0,0,0,0,0,0,0,24000,0,0,0,85000,61000,24000,24000
4746,台耀            ,1343000,1316000,27000,0,0,0,0,0,0,-3000,3000,6000,-3000,0,0,0,24000
066037,華通元大01購03  ,0,0,0,0,0,0,0,0,0,23000,0,0,0,33000,10000,23000,23000
066365,富邦金中信03購01,0,0,0,0,0,0,0,0,0,23000,0,0,0,54000,31000,23000,23000
07363P,大立光元大99售26,0,0,0,0,0,0,0,0,0,23000,0,0,0,40000,17000,23000,23000
07462P,臺股指元大9B售05,0,0,0,0,0,0,0,0,0,23000,0,0,0,37000,14000,23000,23000
08428P,GIS國票01售01   ,0,0,0,0,0,0,0,0,0,23000,0,0,0,84000,61000,23000,23000
055725,嘉聯益元大98購03,0,0,0,0,0,0,0,0,0,23000,0,0,0,23000,0,23000,23000
056463,台虹凱基98購02  ,0,0,0,0,0,0,0,0,0,23000,0,0,0,33000,10000,23000,23000
056479,玉晶光元大99購05,0,0,0,0,0,0,0,0,0,23000,0,0,0,51000,28000,23000,23000
058464,矽創兆豐9A購01  ,0,0,0,0,0,0,0,0,0,23000,0,0,0,23000,0,23000,23000
00686R,群益臺灣加權反1 ,0,0,0,0,0,0,0,0,0,23000,0,0,0,85000,62000,23000,23000
056547,臻鼎凱基99購01  ,0,0,0,0,0,0,0,0,0,23000,0,0,0,23000,0,23000,23000
062037,華新凱基9B購01  ,0,0,0,0,0,0,0,0,0,23000,0,0,0,24000,1000,23000,23000
061819,茂林群益9B購01  ,0,0,0,0,0,0,0,0,0,23000,0,0,0,70000,47000,23000,23000
060281,卜蜂元大9C購01  ,0,0,0,0,0,0,0,0,0,23000,0,0,0,23000,0,23000,23000
060305,得力永豐9A購01  ,0,0,0,0,0,0,0,0,0,23000,0,0,0,44000,21000,23000,23000
062984,致新元富9B購01  ,0,0,0,0,0,0,0,0,0,23000,0,0,0,96000,73000,23000,23000
06259P,臺股指群益97售12,0,0,0,0,0,0,0,0,0,23000,0,0,0,33000,10000,23000,23000
065417,嘉晶國票01購02  ,0,0,0,0,0,0,0,0,0,23000,0,0,0,63000,40000,23000,23000
065579,南茂群益9C購02  ,0,0,0,0,0,0,0,0,0,23000,0,0,0,57000,34000,23000,23000
063137,瑞昱統一01購02  ,0,0,0,0,0,0,0,0,0,23000,0,0,0,43000,20000,23000,23000
064191,聯發科中信03購01,0,0,0,0,0,0,0,0,0,23000,0,0,0,110000,87000,23000,23000
064341,聯詠元大9C購01  ,0,0,0,0,0,0,0,0,0,23000,0,0,0,164000,141000,23000,23000
064407,貿聯凱基02購02  ,0,0,0,0,0,0,0,0,0,23000,0,0,0,23000,0,23000,23000
9944,新麗            ,221000,193000,28000,0,0,0,0,0,0,-5000,4000,9000,-5000,0,0,0,23000
08406P,緯穎元大9C售01  ,0,0,0,0,0,0,0,0,0,22000,0,0,0,55000,33000,22000,22000
08412P,群創凱基01售03  ,0,0,0,0,0,0,0,0,0,22000,0,0,0,22000,0,22000,22000
08069P,大立光國泰01售02,0,0,0,0,0,0,0,0,0,22000,0,0,0,23000,1000,22000,22000
07672P,南電元大9A售05  ,0,0,0,0,0,0,0,0,0,22000,0,0,0,26000,4000,22000,22000
07665P,台灣50元大9C售31,0,0,0,0,0,0,0,0,0,22000,0,0,0,22000,0,22000,22000
06728P,全新元大98售03  ,0,0,0,0,0,0,0,0,0,22000,0,0,0,74000,52000,22000,22000
057980,聯詠永豐98購01  ,0,0,0,0,0,0,0,0,0,22000,0,0,0,33000,11000,22000,22000
057295,可成永豐98購02  ,0,0,0,0,0,0,0,0,0,22000,0,0,0,22000,0,22000,22000
053485,矽創國票97購04  ,0,0,0,0,0,0,0,0,0,22000,0,0,0,22000,0,22000,22000
052542,友達元富98購01  ,0,0,0,0,0,0,0,0,0,22000,0,0,0,110000,88000,22000,22000
058475,台積電凱基99購06,0,0,0,0,0,0,0,0,0,22000,0,0,0,22000,0,22000,22000
057554,新日興凱基99購02,0,0,0,0,0,0,0,0,0,22000,0,0,0,85000,63000,22000,22000
058397,大成鋼元大99購02,0,0,0,0,0,0,0,0,0,22000,0,0,0,152000,130000,22000,22000
056431,鴻海凱基98購07  ,0,0,0,0,0,0,0,0,0,22000,0,0,0,22000,0,22000,22000
055114,新日興凱基98購01,0,0,0,0,0,0,0,0,0,22000,0,0,0,69000,47000,22000,22000
062766,台郡凱基9B購02  ,0,0,0,0,0,0,0,0,0,22000,0,0,0,22000,0,22000,22000
062138,力成群益9B購01  ,0,0,0,0,0,0,0,0,0,22000,0,0,0,24000,2000,22000,22000
059188,京元電富邦9B購01,0,0,0,0,0,0,0,0,0,22000,0,0,0,77000,55000,22000,22000
059958,鎧勝康和99購01  ,0,0,0,0,0,0,0,0,0,22000,0,0,0,22000,0,22000,22000
061758,T50反1元大9B購02,0,0,0,0,0,0,0,0,0,22000,0,0,0,22000,0,22000,22000
059039,致伸群益99購01  ,0,0,0,0,0,0,0,0,0,22000,0,0,0,120000,98000,22000,22000
060987,華新科元大9A購11,0,0,0,0,0,0,0,0,0,22000,0,0,0,100000,78000,22000,22000
064178,台郡國泰01購01  ,0,0,0,0,0,0,0,0,0,22000,0,0,0,22000,0,22000,22000
064253,貿聯元富9C購01  ,0,0,0,0,0,0,0,0,0,22000,0,0,0,46000,24000,22000,22000
063778,亞德客永豐9B購02,0,0,0,0,0,0,0,0,0,22000,0,0,0,22000,0,22000,22000
064015,立積國票01購01  ,0,0,0,0,0,0,0,0,0,22000,0,0,0,22000,0,22000,22000
064104,TPK群益9C購02   ,0,0,0,0,0,0,0,0,0,22000,0,0,0,22000,0,22000,22000
063706,台虹群益9B購01  ,0,0,0,0,0,0,0,0,0,22000,0,0,0,102000,80000,22000,22000
063704,麗豐群益9B購01  ,0,0,0,0,0,0,0,0,0,22000,0,0,0,22000,0,22000,22000
063651,金像電台新9B購01,0,0,0,0,0,0,0,0,0,22000,0,0,0,161000,139000,22000,22000
065430,可成凱基02購03  ,0,0,0,0,0,0,0,0,0,22000,0,0,0,59000,37000,22000,22000
064668,大立光元大9C購21,0,0,0,0,0,0,0,0,0,22000,0,0,0,50000,28000,22000,22000
064673,南茂元大9C購01  ,0,0,0,0,0,0,0,0,0,22000,0,0,0,105000,83000,22000,22000
6541,泰福-KY         ,202000,178000,24000,0,0,0,0,0,0,-2000,0,2000,-2000,0,0,0,22000
06700P,臺股指統一99售05,0,0,0,0,0,0,0,0,0,21000,0,0,0,21000,0,21000,21000
06855P,聯發科富邦9A售01,0,0,0,0,0,0,0,0,0,21000,0,0,0,21000,0,21000,21000
066571,矽格元大01購02  ,0,0,0,0,0,0,0,0,0,21000,0,0,0,61000,40000,21000,21000
065831,緯創凱基9C購03  ,0,0,0,0,0,0,0,0,0,21000,0,0,0,36000,15000,21000,21000
08186P,泰碩永豐9B售03  ,0,0,0,0,0,0,0,0,0,21000,0,0,0,21000,0,21000,21000
08389P,技嘉國票9C售01  ,0,0,0,0,0,0,0,0,0,21000,0,0,0,48000,27000,21000,21000
055421,玉晶光永豐98購04,0,0,0,0,0,0,0,0,0,21000,0,0,0,51000,30000,21000,21000
052400,聯詠凱基97購01  ,0,0,0,0,0,0,0,0,0,21000,0,0,0,21000,0,21000,21000
049842,道瓊反中信98購01,0,0,0,0,0,0,0,0,0,21000,0,0,0,126000,105000,21000,21000
053522,臺股指群益99購01,0,0,0,0,0,0,0,0,0,21000,0,0,0,21000,0,21000,21000
057620,康控凱基99購01  ,0,0,0,0,0,0,0,0,0,21000,0,0,0,491000,470000,21000,21000
058190,貿聯永豐99購01  ,0,0,0,0,0,0,0,0,0,21000,0,0,0,21000,0,21000,21000
058061,貿聯元富9B購01  ,0,0,0,0,0,0,0,0,0,21000,0,0,0,26000,5000,21000,21000
057927,勤誠凱基98購01  ,0,0,0,0,0,0,0,0,0,21000,0,0,0,71000,50000,21000,21000
056551,台郡凱基98購04  ,0,0,0,0,0,0,0,0,0,21000,0,0,0,21000,0,21000,21000
060681,華擎元大9A購02  ,0,0,0,0,0,0,0,0,0,21000,0,0,0,24000,3000,21000,21000
060562,旺宏富邦9C購02  ,0,0,0,0,0,0,0,0,0,21000,0,0,0,121000,100000,21000,21000
06050P,玉晶光國票98售01,0,0,0,0,0,0,0,0,0,21000,0,0,0,21000,0,21000,21000
058999,台積電元大99購24,0,0,0,0,0,0,0,0,0,21000,0,0,0,21000,0,21000,21000
058851,大立光群益99購07,0,0,0,0,0,0,0,0,0,21000,0,0,0,154000,133000,21000,21000
061614,亞德客群益9A購01,0,0,0,0,0,0,0,0,0,21000,0,0,0,21000,0,21000,21000
061306,瑞祺永豐9A購02  ,0,0,0,0,0,0,0,0,0,21000,0,0,0,153000,132000,21000,21000
061507,南電國票9A購05  ,0,0,0,0,0,0,0,0,0,21000,0,0,0,26000,5000,21000,21000
059945,嘉澤永豐99購03  ,0,0,0,0,0,0,0,0,0,21000,0,0,0,21000,0,21000,21000
060127,牧德永豐99購02  ,0,0,0,0,0,0,0,0,0,21000,0,0,0,90000,69000,21000,21000
060286,佳世達元大9C購01,0,0,0,0,0,0,0,0,0,21000,0,0,0,53000,32000,21000,21000
060246,晶相光元大9C購03,0,0,0,0,0,0,0,0,0,21000,0,0,0,55000,34000,21000,21000
062552,南電永豐9B購01  ,0,0,0,0,0,0,0,0,0,21000,0,0,0,21000,0,21000,21000
062404,新唐永豐9B購01  ,0,0,0,0,0,0,0,0,0,21000,0,0,0,171000,150000,21000,21000
064900,景碩群益01購01  ,0,0,0,0,0,0,0,0,0,21000,0,0,0,33000,12000,21000,21000
065424,華新凱基02購01  ,0,0,0,0,0,0,0,0,0,21000,0,0,0,61000,40000,21000,21000
063440,上銀統一01購02  ,0,0,0,0,0,0,0,0,0,21000,0,0,0,81000,60000,21000,21000
063140,聯發科統一9B購08,0,0,0,0,0,0,0,0,0,21000,0,0,0,38000,17000,21000,21000
063290,GIS元大9B購02   ,0,0,0,0,0,0,0,0,0,21000,0,0,0,74000,53000,21000,21000
064268,緯穎永豐9C購01  ,0,0,0,0,0,0,0,0,0,21000,0,0,0,79000,58000,21000,21000
064181,景碩富邦9C購01  ,0,0,0,0,0,0,0,0,0,21000,0,0,0,21000,0,21000,21000
064201,新光金兆豐9C購01,0,0,0,0,0,0,0,0,0,21000,0,0,0,21000,0,21000,21000
064159,新日興統一01購02,0,0,0,0,0,0,0,0,0,21000,0,0,0,124000,103000,21000,21000
08351P,南六國票01售02  ,0,0,0,0,0,0,0,0,0,20000,0,0,0,20000,0,20000,20000
08298P,大立光國票9C售01,0,0,0,0,0,0,0,0,0,20000,0,0,0,20000,0,20000,20000
08108P,聯發科元富9B售03,0,0,0,0,0,0,0,0,0,20000,0,0,0,20000,0,20000,20000
08397P,國巨元富9C售04  ,0,0,0,0,0,0,0,0,0,20000,0,0,0,20000,0,20000,20000
08524P,奇力新元大9C售01,0,0,0,0,0,0,0,0,0,20000,0,0,0,198000,178000,20000,20000
08613P,同欣電凱基9C售04,0,0,0,0,0,0,0,0,0,20000,0,0,0,20000,0,20000,20000
07712P,茂林元大9A售03  ,0,0,0,0,0,0,0,0,0,20000,0,0,0,120000,100000,20000,20000
07746P,華新科凱基9A售11,0,0,0,0,0,0,0,0,0,20000,0,0,0,20000,0,20000,20000
07747P,晶技凱基9A售04  ,0,0,0,0,0,0,0,0,0,20000,0,0,0,50000,30000,20000,20000
07553P,嘉晶元大9A售02  ,0,0,0,0,0,0,0,0,0,20000,0,0,0,20000,0,20000,20000
07955P,大成鋼群益9B售02,0,0,0,0,0,0,0,0,0,20000,0,0,0,30000,10000,20000,20000
07841P,臻鼎元大9A售04  ,0,0,0,0,0,0,0,0,0,20000,0,0,0,20000,0,20000,20000
07474P,滬深2X群益9C售03,0,0,0,0,0,0,0,0,0,20000,0,0,0,40000,20000,20000,20000
07395P,台積電群益99售13,0,0,0,0,0,0,0,0,0,20000,0,0,0,20000,0,20000,20000
07374P,鴻海元大99售41  ,0,0,0,0,0,0,0,0,0,20000,0,0,0,20000,0,20000,20000
07354P,臺股指國票99售22,0,0,0,0,0,0,0,0,0,20000,0,0,0,20000,0,20000,20000
07028P,大立光群益99售06,0,0,0,0,0,0,0,0,0,20000,0,0,0,20000,0,20000,20000
07064P,臺股指元大9A售25,0,0,0,0,0,0,0,0,0,20000,0,0,0,20000,0,20000,20000
07090P,台灣50凱基01售01,0,0,0,0,0,0,0,0,0,20000,0,0,0,30000,10000,20000,20000
066015,健策元富01購01  ,0,0,0,0,0,0,0,0,0,20000,0,0,0,60000,40000,20000,20000
066123,華夏群益01購01  ,0,0,0,0,0,0,0,0,0,20000,0,0,0,20000,0,20000,20000
066506,宏達電富邦03購01,0,0,0,0,0,0,0,0,0,20000,0,0,0,20000,0,20000,20000
066415,台積電元大01購11,0,0,0,0,0,0,0,0,0,20000,0,0,0,20000,0,20000,20000
06847P,奇力新元大98售05,0,0,0,0,0,0,0,0,0,20000,0,0,0,50000,30000,20000,20000
06824P,台灣50國票99售02,0,0,0,0,0,0,0,0,0,20000,0,0,0,40000,20000,20000,20000
066636,健策凱基01購02  ,0,0,0,0,0,0,0,0,0,20000,0,0,0,21000,1000,20000,20000
066632,智原凱基02購01  ,0,0,0,0,0,0,0,0,0,20000,0,0,0,20000,0,20000,20000
060721,瑞儀永豐9A購01  ,0,0,0,0,0,0,0,0,0,20000,0,0,0,20000,0,20000,20000
060901,臺股指凱基9A購13,0,0,0,0,0,0,0,0,0,20000,0,0,0,20000,0,20000,20000
060904,臺指反元大9C購07,0,0,0,0,0,0,0,0,0,20000,0,0,0,20000,0,20000,20000
060910,聯發科元大9A購05,0,0,0,0,0,0,0,0,0,20000,0,0,0,20000,0,20000,20000
061053,國巨群益9A購08  ,0,0,0,0,0,0,0,0,0,20000,0,0,0,31000,11000,20000,20000
05721P,全新群益98售02  ,0,0,0,0,0,0,0,0,0,20000,0,0,0,20000,0,20000,20000
057234,宏達電凱基98購05,0,0,0,0,0,0,0,0,0,20000,0,0,0,40000,20000,20000,20000
057250,大立光統一98購08,0,0,0,0,0,0,0,0,0,20000,0,0,0,21000,1000,20000,20000
057253,高股息中信99購02,0,0,0,0,0,0,0,0,0,20000,0,0,0,20000,0,20000,20000
061216,世芯元大9A購06  ,0,0,0,0,0,0,0,0,0,20000,0,0,0,20000,0,20000,20000
061242,玉晶光兆豐9B購02,0,0,0,0,0,0,0,0,0,20000,0,0,0,20000,0,20000,20000
056541,智原凱基98購03  ,0,0,0,0,0,0,0,0,0,20000,0,0,0,50000,30000,20000,20000
056623,禾伸堂永豐98購01,0,0,0,0,0,0,0,0,0,20000,0,0,0,30000,10000,20000,20000
056902,大立光元大98購12,0,0,0,0,0,0,0,0,0,20000,0,0,0,30000,10000,20000,20000
057072,日月光永豐98購01,0,0,0,0,0,0,0,0,0,20000,0,0,0,20000,0,20000,20000
05792P,臺股指中信99售07,0,0,0,0,0,0,0,0,0,20000,0,0,0,20000,0,20000,20000
058662,禾伸堂兆豐99購01,0,0,0,0,0,0,0,0,0,20000,0,0,0,20000,0,20000,20000
058237,嘉晶元大99購04  ,0,0,0,0,0,0,0,0,0,20000,0,0,0,20000,0,20000,20000
058184,鴻海永豐99購01  ,0,0,0,0,0,0,0,0,0,20000,0,0,0,24000,4000,20000,20000
058108,台郡台新99購01  ,0,0,0,0,0,0,0,0,0,20000,0,0,0,20000,0,20000,20000
058151,台積電統一9A購04,0,0,0,0,0,0,0,0,0,20000,0,0,0,20000,0,20000,20000
05862P,大立光國泰98售01,0,0,0,0,0,0,0,0,0,20000,0,0,0,20000,0,20000,20000
058569,健策凱基9A購01  ,0,0,0,0,0,0,0,0,0,20000,0,0,0,23000,3000,20000,20000
058584,百和群益9A購01  ,0,0,0,0,0,0,0,0,0,20000,0,0,0,20000,0,20000,20000
057323,智邦群益98購01  ,0,0,0,0,0,0,0,0,0,20000,0,0,0,23000,3000,20000,20000
056748,T50反1兆豐99購01,0,0,0,0,0,0,0,0,0,20000,0,0,0,20000,0,20000,20000
053569,漢唐統一98購01  ,0,0,0,0,0,0,0,0,0,20000,0,0,0,40000,20000,20000,20000
053655,全新凱基98購02  ,0,0,0,0,0,0,0,0,0,20000,0,0,0,20000,0,20000,20000
053505,瑞儀兆豐97購01  ,0,0,0,0,0,0,0,0,0,20000,0,0,0,20000,0,20000,20000
053916,漢唐國票97購04  ,0,0,0,0,0,0,0,0,0,20000,0,0,0,20000,0,20000,20000
00678,群益NBI生技     ,13000,1000,12000,0,0,0,0,0,0,8000,0,0,0,309000,301000,8000,20000
052112,滬深2X中信99購01,0,0,0,0,0,0,0,0,0,20000,0,0,0,20000,0,20000,20000
052738,聯電元大98購02  ,0,0,0,0,0,0,0,0,0,20000,0,0,0,50000,30000,20000,20000
052777,燿華國票98購01  ,0,0,0,0,0,0,0,0,0,20000,0,0,0,20000,0,20000,20000
053025,燿華富邦98購02  ,0,0,0,0,0,0,0,0,0,20000,0,0,0,20000,0,20000,20000
056156,禾伸堂凱基98購04,0,0,0,0,0,0,0,0,0,20000,0,0,0,50000,30000,20000,20000
056173,廣達元富97購01  ,0,0,0,0,0,0,0,0,0,20000,0,0,0,20000,0,20000,20000
054248,燿華元大97購02  ,0,0,0,0,0,0,0,0,0,20000,0,0,0,20000,0,20000,20000
054270,寶滬深中信98購01,0,0,0,0,0,0,0,0,0,20000,0,0,0,20000,0,20000,20000
056247,台郡群益97購01  ,0,0,0,0,0,0,0,0,0,20000,0,0,0,20000,0,20000,20000
05620P,大立光富邦9B售01,0,0,0,0,0,0,0,0,0,20000,0,0,0,25000,5000,20000,20000
054065,樺漢國票97購01  ,0,0,0,0,0,0,0,0,0,20000,0,0,0,20000,0,20000,20000
055435,佳世達中信99購01,0,0,0,0,0,0,0,0,0,20000,0,0,0,20000,0,20000,20000
055438,鴻海國票98購01  ,0,0,0,0,0,0,0,0,0,20000,0,0,0,20000,0,20000,20000
055718,可成元大97購02  ,0,0,0,0,0,0,0,0,0,20000,0,0,0,20000,0,20000,20000
054565,玉晶光群益99購02,0,0,0,0,0,0,0,0,0,20000,0,0,0,20000,0,20000,20000
054455,楠梓電群益98購02,0,0,0,0,0,0,0,0,0,20000,0,0,0,20000,0,20000,20000
058380,臺股指凱基99購15,0,0,0,0,0,0,0,0,0,20000,0,0,0,34000,14000,20000,20000
058372,欣興凱基99購03  ,0,0,0,0,0,0,0,0,0,20000,0,0,0,20000,0,20000,20000
057511,健策統一98購02  ,0,0,0,0,0,0,0,0,0,20000,0,0,0,20000,0,20000,20000
057549,台光電凱基98購05,0,0,0,0,0,0,0,0,0,20000,0,0,0,20000,0,20000,20000
058454,嘉晶永豐99購01  ,0,0,0,0,0,0,0,0,0,20000,0,0,0,20000,0,20000,20000
058491,滬深2X群益01購01,0,0,0,0,0,0,0,0,0,20000,0,0,0,20000,0,20000,20000
054871,明泰群益98購01  ,0,0,0,0,0,0,0,0,0,20000,0,0,0,20000,0,20000,20000
054885,建準統一98購01  ,0,0,0,0,0,0,0,0,0,20000,0,0,0,20000,0,20000,20000
056126,台郡國票98購02  ,0,0,0,0,0,0,0,0,0,20000,0,0,0,20000,0,20000,20000
056129,義隆麥證97購01  ,0,0,0,20000,0,20000,0,0,0,20000,0,0,0,20000,0,20000,20000
056096,超眾元富9A購01  ,0,0,0,0,0,0,0,0,0,20000,0,0,0,20000,0,20000,20000
062566,嘉晶中信9C購01  ,0,0,0,0,0,0,0,0,0,20000,0,0,0,31000,11000,20000,20000
062529,可成統一9C購03  ,0,0,0,0,0,0,0,0,0,20000,0,0,0,20000,0,20000,20000
062576,華擎群益9B購02  ,0,0,0,0,0,0,0,0,0,20000,0,0,0,20000,0,20000,20000
062617,京鼎元大9B購01  ,0,0,0,0,0,0,0,0,0,20000,0,0,0,28000,8000,20000,20000
062611,台灣50元大9B購18,0,0,0,0,0,0,0,0,0,20000,0,0,0,20000,0,20000,20000
062658,聯茂第一9B購01  ,0,0,0,0,0,0,0,0,0,20000,0,0,0,100000,80000,20000,20000
062808,祥碩統一9C購01  ,0,0,0,0,0,0,0,0,0,20000,0,0,0,20000,0,20000,20000
062759,旺宏凱基9B購07  ,0,0,0,0,0,0,0,0,0,20000,0,0,0,20000,0,20000,20000
062728,健策凱基9B購04  ,0,0,0,0,0,0,0,0,0,20000,0,0,0,24000,4000,20000,20000
062879,美食兆豐9B購01  ,0,0,0,0,0,0,0,0,0,20000,0,0,0,30000,10000,20000,20000
062943,世芯凱基9B購03  ,0,0,0,0,0,0,0,0,0,20000,0,0,0,20000,0,20000,20000
060222,貿聯凱基9A購02  ,0,0,0,0,0,0,0,0,0,20000,0,0,0,20000,0,20000,20000
060547,瑞昱凱基9A購01  ,0,0,0,0,0,0,0,0,0,20000,0,0,0,28000,8000,20000,20000
062155,國巨凱基9C購03  ,0,0,0,0,0,0,0,0,0,20000,0,0,0,20000,0,20000,20000
062234,廣達凱基9B購01  ,0,0,0,0,0,0,0,0,0,20000,0,0,0,72000,52000,20000,20000
060119,上銀富邦9B購03  ,0,0,0,0,0,0,0,0,0,20000,0,0,0,20000,0,20000,20000
060033,臻鼎永豐99購01  ,0,0,0,0,0,0,0,0,0,20000,0,0,0,20000,0,20000,20000
060036,上証2X國票99購03,0,0,0,0,0,0,0,0,0,20000,0,0,0,20000,0,20000,20000
059988,大立光元大9A購02,0,0,0,0,0,0,0,0,0,20000,0,0,0,70000,50000,20000,20000
059128,友達中信99購02  ,0,0,0,0,0,0,0,0,0,20000,0,0,0,30000,10000,20000,20000
058768,南港兆豐99購01  ,0,0,0,0,0,0,0,0,0,20000,0,0,0,20000,0,20000,20000
059706,嘉晶凱基99購01  ,0,0,0,0,0,0,0,0,0,20000,0,0,0,30000,10000,20000,20000
061482,健策元大9C購01  ,0,0,0,0,0,0,0,0,0,20000,0,0,0,20000,0,20000,20000
061450,嘉晶中信9A購01  ,0,0,0,0,0,0,0,0,0,20000,0,0,0,20000,0,20000,20000
061402,矽創兆豐9B購01  ,0,0,0,0,0,0,0,0,0,20000,0,0,0,20000,0,20000,20000
061759,上証反元大02購01,0,0,0,0,0,0,0,0,0,20000,0,0,0,20000,0,20000,20000
058849,奇力新群益99購02,0,0,0,0,0,0,0,0,0,20000,0,0,0,20000,0,20000,20000
059665,嘉聯益元大99購06,0,0,0,0,0,0,0,0,0,20000,0,0,0,20000,0,20000,20000
058684,健策凱基99購02  ,0,0,0,0,0,0,0,0,0,20000,0,0,0,23000,3000,20000,20000
061515,泰碩永豐9A購03  ,0,0,0,0,0,0,0,0,0,20000,0,0,0,50000,30000,20000,20000
059053,鴻海凱基99購07  ,0,0,0,0,0,0,0,0,0,20000,0,0,0,30000,10000,20000,20000
059070,道瓊指元大99購02,0,0,0,0,0,0,0,0,0,20000,0,0,0,20000,0,20000,20000
058942,南茂中信99購01  ,0,0,0,0,0,0,0,0,0,20000,0,0,0,20000,0,20000,20000
058969,亞德客永豐99購01,0,0,0,0,0,0,0,0,0,20000,0,0,0,20000,0,20000,20000
058979,上銀凱基99購04  ,0,0,0,0,0,0,0,0,0,20000,0,0,0,20000,0,20000,20000
061880,台郡元大9B購02  ,0,0,0,0,0,0,0,0,0,20000,0,0,0,20000,0,20000,20000
062050,亞德客統一9C購01,0,0,0,0,0,0,0,0,0,20000,0,0,0,30000,10000,20000,20000
061723,嘉聯益永豐9A購03,0,0,0,0,0,0,0,0,0,20000,0,0,0,20000,0,20000,20000
061953,台積電台新9B購04,0,0,0,0,0,0,0,0,0,20000,0,0,0,30000,10000,20000,20000
060412,儒鴻永豐9A購01  ,0,0,0,0,0,0,0,0,0,20000,0,0,0,73000,53000,20000,20000
060613,T50反1元大9A購05,0,0,0,0,0,0,0,0,0,20000,0,0,0,20000,0,20000,20000
059214,國巨元大99購20  ,0,0,0,0,0,0,0,0,0,20000,0,0,0,20000,0,20000,20000
059284,緯穎永豐99購03  ,0,0,0,0,0,0,0,0,0,20000,0,0,0,30000,10000,20000,20000
064021,國巨元大9C購15  ,0,0,0,0,0,0,0,0,0,20000,0,0,0,21000,1000,20000,20000
063907,華通凱基9C購03  ,0,0,0,0,0,0,0,0,0,20000,0,0,0,24000,4000,20000,20000
063895,新光金群益01購01,0,0,0,0,0,0,0,0,0,20000,0,0,0,20000,0,20000,20000
063270,喬山兆豐9C購01  ,0,0,0,0,0,0,0,0,0,20000,0,0,0,20000,0,20000,20000
063387,台積電兆豐9B購03,0,0,0,0,0,0,0,0,0,20000,0,0,0,20000,0,20000,20000
063371,南亞科永豐9B購01,0,0,0,0,0,0,0,0,0,20000,0,0,0,20000,0,20000,20000
063163,京元電永豐9B購01,0,0,0,0,0,0,0,0,0,20000,0,0,0,31000,11000,20000,20000
063640,貿聯元大9B購03  ,0,0,0,0,0,0,0,0,0,20000,0,0,0,20000,0,20000,20000
063754,道瓊指統一9B購01,0,0,0,0,0,0,0,0,0,20000,0,0,0,20000,0,20000,20000
063733,聯發科元大9B購27,0,0,0,0,0,0,0,0,0,20000,0,0,0,20000,0,20000,20000
065453,康友統一02購02  ,0,0,0,0,0,0,0,0,0,20000,0,0,0,20000,0,20000,20000
065476,聯發科元大9C購14,0,0,0,0,0,0,0,0,0,20000,0,0,0,20000,0,20000,20000
06556P,臺股指元大99售08,0,0,0,0,0,0,0,0,0,20000,0,0,0,20000,0,20000,20000
065620,金融類元大9C購03,0,0,0,0,0,0,0,0,0,20000,0,0,0,40000,20000,20000,20000
065359,台灣50元大9C購49,0,0,0,0,0,0,0,0,0,20000,0,0,0,20000,0,20000,20000
064855,聯發科國泰02購01,0,0,0,0,0,0,0,0,0,20000,0,0,0,20000,0,20000,20000
064863,台積電永豐9C購01,0,0,0,0,0,0,0,0,0,20000,0,0,0,20000,0,20000,20000
064789,和大國票01購01  ,0,0,0,0,0,0,0,0,0,20000,0,0,0,34000,14000,20000,20000
064805,金像電元大9C購04,0,0,0,0,0,0,0,0,0,20000,0,0,0,170000,150000,20000,20000
064950,美律凱基02購01  ,0,0,0,0,0,0,0,0,0,20000,0,0,0,20000,0,20000,20000
064640,和大凱基03購01  ,0,0,0,0,0,0,0,0,0,20000,0,0,0,20000,0,20000,20000
064528,國巨中信02購01  ,0,0,0,0,0,0,0,0,0,20000,0,0,0,20000,0,20000,20000
066573,瑞祺元大01購02  ,0,0,0,0,0,0,0,0,0,19000,0,0,0,292000,273000,19000,19000
066043,美律元大01購01  ,0,0,0,0,0,0,0,0,0,19000,0,0,0,87000,68000,19000,19000
065690,台苯群益9C購01  ,0,0,0,0,0,0,0,0,0,19000,0,0,0,40000,21000,19000,19000
08409P,臺股指元大9C售15,0,0,0,0,0,0,0,0,0,19000,0,0,0,20000,1000,19000,19000
08215P,旺宏群益9B售04  ,0,0,0,0,0,0,0,0,0,19000,0,0,0,20000,1000,19000,19000
00733,富邦臺灣中小    ,0,0,0,0,0,0,0,0,0,19000,0,0,0,228000,209000,19000,19000
020000,富邦特選蘋果N   ,0,0,0,0,0,0,0,0,0,19000,0,0,0,32000,13000,19000,19000
02001L,富邦蘋果正二N   ,0,0,0,0,0,0,0,0,0,19000,0,0,0,19000,0,19000,19000
057320,玉晶光凱基98購01,0,0,0,0,0,0,0,0,0,19000,0,0,0,27000,8000,19000,19000
058118,瑞昱群益99購01  ,0,0,0,0,0,0,0,0,0,19000,0,0,0,19000,0,19000,19000
057105,致茂群益9A購01  ,0,0,0,0,0,0,0,0,0,19000,0,0,0,304000,285000,19000,19000
057000,亞德客國票99購01,0,0,0,0,0,0,0,0,0,19000,0,0,0,19000,0,19000,19000
056619,強茂永豐98購01  ,0,0,0,0,0,0,0,0,0,19000,0,0,0,20000,1000,19000,19000
059074,元油2X元大9C購15,0,0,0,0,0,0,0,0,0,19000,0,0,0,20000,1000,19000,19000
061514,泰碩永豐9A購02  ,0,0,0,0,0,0,0,0,0,19000,0,0,0,19000,0,19000,19000
060019,彰銀康和99購01  ,0,0,0,0,0,0,0,0,0,19000,0,0,0,19000,0,19000,19000
062272,鴻海群益9B購05  ,0,0,0,0,0,0,0,0,0,19000,0,0,0,24000,5000,19000,19000
063016,微星元大9C購02  ,0,0,0,0,0,0,0,0,0,19000,0,0,0,39000,20000,19000,19000
065331,亞德客國票01購01,0,0,0,0,0,0,0,0,0,19000,0,0,0,26000,7000,19000,19000
063625,儒鴻元大9B購03  ,0,0,0,0,0,0,0,0,0,19000,0,0,0,21000,2000,19000,19000
063403,鈺齊群益9B購01  ,0,0,0,0,0,0,0,0,0,19000,0,0,0,100000,81000,19000,19000
063506,嘉晶群益9B購01  ,0,0,0,0,0,0,0,0,0,19000,0,0,0,63000,44000,19000,19000
063171,光寶科中信9B購01,0,0,0,0,0,0,0,0,0,19000,0,0,0,19000,0,19000,19000
063899,同欣電群益9C購01,0,0,0,0,0,0,0,0,0,19000,0,0,0,20000,1000,19000,19000
064086,旺宏凱基9C購01  ,0,0,0,0,0,0,0,0,0,19000,0,0,0,20000,1000,19000,19000
064140,台達電統一01購01,0,0,0,0,0,0,0,0,0,19000,0,0,0,92000,73000,19000,19000
064176,京元電國泰01購01,0,0,0,0,0,0,0,0,0,19000,0,0,0,20000,1000,19000,19000
064162,貿聯統一02購01  ,0,0,0,0,0,0,0,0,0,19000,0,0,0,19000,0,19000,19000
4960,誠美材          ,864000,842000,22000,0,0,0,0,0,0,-3000,0,3000,-3000,0,0,0,19000
08051P,臺股指國票9B售16,0,0,0,0,0,0,0,0,0,18000,0,0,0,18000,0,18000,18000
08314P,國巨元大9C售14  ,0,0,0,0,0,0,0,0,0,18000,0,0,0,18000,0,18000,18000
08425P,世紀鋼元富9C售03,0,0,0,0,0,0,0,0,0,18000,0,0,0,50000,32000,18000,18000
08720P,台光電元大01售03,0,0,0,0,0,0,0,0,0,18000,0,0,0,58000,40000,18000,18000
07114P,旺宏兆豐9A售01  ,0,0,0,0,0,0,0,0,0,18000,0,0,0,134000,116000,18000,18000
065761,中租元大9C購02  ,0,0,0,0,0,0,0,0,0,18000,0,0,0,20000,2000,18000,18000
065908,聯發科永豐9C購04,0,0,0,0,0,0,0,0,0,18000,0,0,0,48000,30000,18000,18000
065915,聯發科凱基01購09,0,0,0,0,0,0,0,0,0,18000,0,0,0,53000,35000,18000,18000
066211,瑞祺統一04購01  ,0,0,0,0,0,0,0,0,0,18000,0,0,0,70000,52000,18000,18000
066525,創意統一03購01  ,0,0,0,0,0,0,0,0,0,18000,0,0,0,49000,31000,18000,18000
066402,泰鼎凱基01購02  ,0,0,0,0,0,0,0,0,0,18000,0,0,0,43000,25000,18000,18000
057819,新日興元大99購01,0,0,0,0,0,0,0,0,0,18000,0,0,0,18000,0,18000,18000
056683,台積電統一98購05,0,0,0,0,0,0,0,0,0,18000,0,0,0,28000,10000,18000,18000
057167,台積電元大99購03,0,0,0,0,0,0,0,0,0,18000,0,0,0,18000,0,18000,18000
057260,微星兆豐98購01  ,0,0,0,0,0,0,0,0,0,18000,0,0,0,18000,0,18000,18000
060680,玉晶光元大9C購03,0,0,0,0,0,0,0,0,0,18000,0,0,0,24000,6000,18000,18000
058112,神達元富98購01  ,0,0,0,0,0,0,0,0,0,18000,0,0,0,98000,80000,18000,18000
058648,聯陽永豐99購01  ,0,0,0,0,0,0,0,0,0,18000,0,0,0,90000,72000,18000,18000
057330,台積電國票99購03,0,0,0,0,0,0,0,0,0,18000,0,0,0,26000,8000,18000,18000
051887,上証2X元富98購01,0,0,0,0,0,0,0,0,0,18000,0,0,0,19000,1000,18000,18000
057389,玉晶光永豐98購06,0,0,0,0,0,0,0,0,0,18000,0,0,0,168000,150000,18000,18000
058402,欣興元大99購04  ,0,0,0,0,0,0,0,0,0,18000,0,0,0,28000,10000,18000,18000
054293,健策元大98購02  ,0,0,0,0,0,0,0,0,0,18000,0,0,0,18000,0,18000,18000
054771,茂林國票98購02  ,0,0,0,0,0,0,0,0,0,18000,0,0,0,20000,2000,18000,18000
055738,玉山金元富97購01,0,0,0,0,0,0,0,0,0,18000,0,0,0,18000,0,18000,18000
055670,矽創群益98購02  ,0,0,0,0,0,0,0,0,0,18000,0,0,0,20000,2000,18000,18000
062736,漢唐國票9B購01  ,0,0,0,0,0,0,0,0,0,18000,0,0,0,28000,10000,18000,18000
062513,玉晶光國票9C購01,0,0,0,0,0,0,0,0,0,18000,0,0,0,25000,7000,18000,18000
062565,漢唐中信9C購01  ,0,0,0,0,0,0,0,0,0,18000,0,0,0,110000,92000,18000,18000
062550,啟碁永豐9B購01  ,0,0,0,0,0,0,0,0,0,18000,0,0,0,23000,5000,18000,18000
062466,FBVIX凱基9B購01 ,0,0,0,0,0,0,0,0,0,18000,0,0,0,204000,186000,18000,18000
062364,瑞昱元大9B購04  ,0,0,0,0,0,0,0,0,0,18000,0,0,0,43000,25000,18000,18000
060296,和碩元大9A購01  ,0,0,0,0,0,0,0,0,0,18000,0,0,0,20000,2000,18000,18000
060050,鴻海凱基9B購01  ,0,0,0,0,0,0,0,0,0,18000,0,0,0,18000,0,18000,18000
061469,瑞祺群益9A購02  ,0,0,0,0,0,0,0,0,0,18000,0,0,0,27000,9000,18000,18000
059061,晶技凱基9A購01  ,0,0,0,0,0,0,0,0,0,18000,0,0,0,28000,10000,18000,18000
061121,智邦永豐9A購02  ,0,0,0,0,0,0,0,0,0,18000,0,0,0,210000,192000,18000,18000
064122,國巨元大9C購17  ,0,0,0,0,0,0,0,0,0,18000,0,0,0,61000,43000,18000,18000
064405,美食凱基01購02  ,0,0,0,0,0,0,0,0,0,18000,0,0,0,20000,2000,18000,18000
064393,友訊永豐9C購01  ,0,0,0,0,0,0,0,0,0,18000,0,0,0,55000,37000,18000,18000
064396,創意永豐9C購01  ,0,0,0,0,0,0,0,0,0,18000,0,0,0,141000,123000,18000,18000
4137,麗豐-KY         ,59000,125000,-66000,0,0,0,0,0,0,84000,85000,0,85000,4000,5000,-1000,18000
2546,根基            ,87000,69000,18000,0,0,0,0,0,0,0,0,0,0,0,0,0,18000
066511,劍麟永豐01購01  ,0,0,0,0,0,0,0,0,0,17000,0,0,0,17000,0,17000,17000
066475,新光金麥證01購01,0,0,0,17000,0,17000,0,0,0,17000,0,0,0,17000,0,17000,17000
065980,中租元大02購01  ,0,0,0,0,0,0,0,0,0,17000,0,0,0,30000,13000,17000,17000
065821,億豐元富03購01  ,0,0,0,0,0,0,0,0,0,17000,0,0,0,30000,13000,17000,17000
065693,國巨群益9C購18  ,0,0,0,0,0,0,0,0,0,17000,0,0,0,18000,1000,17000,17000
08077P,亞德客國票9B售02,0,0,0,0,0,0,0,0,0,17000,0,0,0,63000,46000,17000,17000
057587,微星國票99購01  ,0,0,0,0,0,0,0,0,0,17000,0,0,0,17000,0,17000,17000
057924,健策凱基98購02  ,0,0,0,0,0,0,0,0,0,17000,0,0,0,27000,10000,17000,17000
058069,美律凱基99購05  ,0,0,0,0,0,0,0,0,0,17000,0,0,0,40000,23000,17000,17000
056674,華邦電元富98購01,0,0,0,0,0,0,0,0,0,17000,0,0,0,17000,0,17000,17000
056740,大立光凱基98購13,0,0,0,0,0,0,0,0,0,17000,0,0,0,40000,23000,17000,17000
061139,玉晶光統一9C購02,0,0,0,0,0,0,0,0,0,17000,0,0,0,17000,0,17000,17000
060383,葡萄王凱基9A購01,0,0,0,0,0,0,0,0,0,17000,0,0,0,47000,30000,17000,17000
060385,台勝科凱基9A購01,0,0,0,0,0,0,0,0,0,17000,0,0,0,162000,145000,17000,17000
059312,元石油元大99購05,0,0,0,0,0,0,0,0,0,17000,0,0,0,17000,0,17000,17000
062053,華通統一9C購02  ,0,0,0,0,0,0,0,0,0,17000,0,0,0,17000,0,17000,17000
060130,瀚宇博永豐99購02,0,0,0,0,0,0,0,0,0,17000,0,0,0,32000,15000,17000,17000
058811,台積電統一9A購05,0,0,0,0,0,0,0,0,0,17000,0,0,0,17000,0,17000,17000
062074,旺宏元大9B購04  ,0,0,0,0,0,0,0,0,0,17000,0,0,0,17000,0,17000,17000
062318,台郡凱基9B購01  ,0,0,0,0,0,0,0,0,0,17000,0,0,0,47000,30000,17000,17000
062413,台光電中信9B購02,0,0,0,0,0,0,0,0,0,17000,0,0,0,48000,31000,17000,17000
062709,帆宣元大9B購01  ,0,0,0,0,0,0,0,0,0,17000,0,0,0,17000,0,17000,17000
064328,華通元大9C購04  ,0,0,0,0,0,0,0,0,0,17000,0,0,0,85000,68000,17000,17000
064134,瑞祺元大9C購02  ,0,0,0,0,0,0,0,0,0,17000,0,0,0,28000,11000,17000,17000
064067,美律永豐9C購01  ,0,0,0,0,0,0,0,0,0,17000,0,0,0,17000,0,17000,17000
063132,台表科元大9C購02,0,0,0,0,0,0,0,0,0,17000,0,0,0,57000,40000,17000,17000
063500,嘉晶永豐9B購02  ,0,0,0,0,0,0,0,0,0,17000,0,0,0,30000,13000,17000,17000
063583,GIS國泰01購01   ,0,0,0,0,0,0,0,0,0,17000,0,0,0,40000,23000,17000,17000
063605,健策凱基9C購02  ,0,0,0,0,0,0,0,0,0,17000,0,0,0,20000,3000,17000,17000
065664,矽格永豐9C購01  ,0,0,0,0,0,0,0,0,0,17000,0,0,0,54000,37000,17000,17000
065434,台勝科凱基01購01,0,0,0,0,0,0,0,0,0,17000,0,0,0,17000,0,17000,17000
064601,嘉晶元富9C購03  ,0,0,0,0,0,0,0,0,0,17000,0,0,0,17000,0,17000,17000
064507,臻鼎元大9C購02  ,0,0,0,0,0,0,0,0,0,17000,0,0,0,69000,52000,17000,17000
064468,健策元富9C購02  ,0,0,0,0,0,0,0,0,0,17000,0,0,0,131000,114000,17000,17000
064845,華通元富9C購02  ,0,0,0,0,0,0,0,0,0,17000,0,0,0,22000,5000,17000,17000
07257P,臺股指凱基99售37,0,0,0,0,0,0,0,0,0,16000,0,0,0,16000,0,16000,16000
065721,中壽兆豐9C購01  ,0,0,0,0,0,0,0,0,0,16000,0,0,0,20000,4000,16000,16000
065917,全新凱基02購01  ,0,0,0,0,0,0,0,0,0,16000,0,0,0,41000,25000,16000,16000
066221,康友台新01購01  ,0,0,0,0,0,0,0,0,0,16000,0,0,0,20000,4000,16000,16000
06627P,華新科元富99售01,0,0,0,0,0,0,0,0,0,16000,0,0,0,40000,24000,16000,16000
066568,聚碩元大01購01  ,0,0,0,0,0,0,0,0,0,16000,0,0,0,42000,26000,16000,16000
066575,緯穎元大01購03  ,0,0,0,0,0,0,0,0,0,16000,0,0,0,41000,25000,16000,16000
066530,美律元富04購01  ,0,0,0,0,0,0,0,0,0,16000,0,0,0,16000,0,16000,16000
057790,台積電統一99購04,0,0,0,0,0,0,0,0,0,16000,0,0,0,16000,0,16000,16000
056594,台積電元富98購03,0,0,0,0,0,0,0,0,0,16000,0,0,0,16000,0,16000,16000
060722,矽格永豐9A購01  ,0,0,0,0,0,0,0,0,0,16000,0,0,0,53000,37000,16000,16000
061054,台積電群益9A購04,0,0,0,0,0,0,0,0,0,16000,0,0,0,16000,0,16000,16000
058127,FBVIX元大9C購01 ,0,0,0,0,0,0,0,0,0,16000,0,0,0,26000,10000,16000,16000
057633,緯穎永豐98購02  ,0,0,0,0,0,0,0,0,0,16000,0,0,0,90000,74000,16000,16000
056471,台光電元大99購01,0,0,0,0,0,0,0,0,0,16000,0,0,0,20000,4000,16000,16000
058387,國巨國票9A購03  ,0,0,0,0,0,0,0,0,0,16000,0,0,0,21000,5000,16000,16000
054961,玉晶光元大99購01,0,0,0,0,0,0,0,0,0,16000,0,0,0,21000,5000,16000,16000
062937,旺宏凱基9B購08  ,0,0,0,0,0,0,0,0,0,16000,0,0,0,16000,0,16000,16000
062620,台表科元大9B購04,0,0,0,0,0,0,0,0,0,16000,0,0,0,52000,36000,16000,16000
060287,燿華元大9A購01  ,0,0,0,0,0,0,0,0,0,16000,0,0,0,31000,15000,16000,16000
061997,台郡元大9B購03  ,0,0,0,0,0,0,0,0,0,16000,0,0,0,20000,4000,16000,16000
061995,超眾元大01購01  ,0,0,0,0,0,0,0,0,0,16000,0,0,0,34000,18000,16000,16000
061899,復盛永豐9B購01  ,0,0,0,0,0,0,0,0,0,16000,0,0,0,16000,0,16000,16000
059518,康控永豐99購01  ,0,0,0,0,0,0,0,0,0,16000,0,0,0,40000,24000,16000,16000
060945,緯穎國票9A購02  ,0,0,0,0,0,0,0,0,0,16000,0,0,0,26000,10000,16000,16000
058833,台表科永豐99購01,0,0,0,0,0,0,0,0,0,16000,0,0,0,16000,0,16000,16000
061753,南亞科台新9B購01,0,0,0,0,0,0,0,0,0,16000,0,0,0,54000,38000,16000,16000
064623,創意元大9C購04  ,0,0,0,0,0,0,0,0,0,16000,0,0,0,35000,19000,16000,16000
064679,晶技兆豐9C購01  ,0,0,0,0,0,0,0,0,0,16000,0,0,0,36000,20000,16000,16000
065479,新日興元大9C購05,0,0,0,0,0,0,0,0,0,16000,0,0,0,16000,0,16000,16000
065380,緯穎元大9C購02  ,0,0,0,0,0,0,0,0,0,16000,0,0,0,50000,34000,16000,16000
063585,台積電永豐9B購03,0,0,0,0,0,0,0,0,0,16000,0,0,0,46000,30000,16000,16000
063637,聯發科元大9C購02,0,0,0,0,0,0,0,0,0,16000,0,0,0,76000,60000,16000,16000
064303,新光金兆豐01購01,0,0,0,0,0,0,0,0,0,16000,0,0,0,16000,0,16000,16000
2608,嘉里大榮        ,64000,39000,25000,0,0,0,0,9000,-9000,0,0,0,0,0,0,0,16000
5243,乙盛-KY         ,122000,185000,-63000,0,0,0,0,0,0,79000,79000,0,79000,0,0,0,16000
066426,台勝科元大01購02,0,0,0,0,0,0,0,0,0,15000,0,0,0,43000,28000,15000,15000
066424,晶技元大01購03  ,0,0,0,0,0,0,0,0,0,15000,0,0,0,25000,10000,15000,15000
066607,台郡永豐01購01  ,0,0,0,0,0,0,0,0,0,15000,0,0,0,21000,6000,15000,15000
06675P,國巨國票99售02  ,0,0,0,0,0,0,0,0,0,15000,0,0,0,15000,0,15000,15000
066700,瑞昱群益01購01  ,0,0,0,0,0,0,0,0,0,15000,0,0,0,16000,1000,15000,15000
06705P,臻鼎元富98售03  ,0,0,0,0,0,0,0,0,0,15000,0,0,0,39000,24000,15000,15000
066180,正文凱基01購01  ,0,0,0,0,0,0,0,0,0,15000,0,0,0,15000,0,15000,15000
065988,晶技永豐01購01  ,0,0,0,0,0,0,0,0,0,15000,0,0,0,40000,25000,15000,15000
07185P,臺股指統一9C售01,0,0,0,0,0,0,0,0,0,15000,0,0,0,15000,0,15000,15000
07906P,中租群益9B售02  ,0,0,0,0,0,0,0,0,0,15000,0,0,0,89000,74000,15000,15000
08672P,聯發科統一01售09,0,0,0,0,0,0,0,0,0,15000,0,0,0,131000,116000,15000,15000
08513P,聯發科凱基9C售08,0,0,0,0,0,0,0,0,0,15000,0,0,0,20000,5000,15000,15000
057472,T50正2元大9B購03,0,0,0,0,0,0,0,0,0,15000,0,0,0,15000,0,15000,15000
057498,台郡元大98購04  ,0,0,0,0,0,0,0,0,0,15000,0,0,0,20000,5000,15000,15000
054463,瑞昱凱基97購01  ,0,0,0,0,0,0,0,0,0,15000,0,0,0,15000,0,15000,15000
055579,健策統一9A購01  ,0,0,0,0,0,0,0,0,0,15000,0,0,0,19000,4000,15000,15000
051728,道瓊反國票97購01,0,0,0,0,0,0,0,0,0,15000,0,0,0,15000,0,15000,15000
052079,康友元富98購01  ,0,0,0,0,0,0,0,0,0,15000,0,0,0,15000,0,15000,15000
056271,嘉澤統一97購01  ,0,0,0,0,0,0,0,0,0,15000,0,0,0,25000,10000,15000,15000
054377,臺股指中信99購09,0,0,0,0,0,0,0,0,0,15000,0,0,0,15000,0,15000,15000
054137,聯詠元大97購02  ,0,0,0,0,0,0,0,0,0,15000,0,0,0,15000,0,15000,15000
03604P,群創凱基98售05  ,0,0,0,0,0,0,0,0,0,15000,0,0,0,15000,0,15000,15000
058221,上銀統一99購04  ,0,0,0,0,0,0,0,0,0,15000,0,0,0,15000,0,15000,15000
056709,華通永豐98購01  ,0,0,0,0,0,0,0,0,0,15000,0,0,0,140000,125000,15000,15000
056918,台積電兆豐98購01,0,0,0,0,0,0,0,0,0,15000,0,0,0,15000,0,15000,15000
061682,南電元大9B購01  ,0,0,0,0,0,0,0,0,0,15000,0,0,0,20000,5000,15000,15000
061429,南六元大9A購02  ,0,0,0,0,0,0,0,0,0,15000,0,0,0,76000,61000,15000,15000
061432,世紀鋼元大9A購05,0,0,0,0,0,0,0,0,0,15000,0,0,0,275000,260000,15000,15000
059671,滬深2X元富99購05,0,0,0,0,0,0,0,0,0,15000,0,0,0,15000,0,15000,15000
058697,亞德客元大99購01,0,0,0,0,0,0,0,0,0,15000,0,0,0,15000,0,15000,15000
059007,南電元大99購05  ,0,0,0,0,0,0,0,0,0,15000,0,0,0,15000,0,15000,15000
060988,華新科元大9A購12,0,0,0,0,0,0,0,0,0,15000,0,0,0,15000,0,15000,15000
059248,華新科凱基99購04,0,0,0,0,0,0,0,0,0,15000,0,0,0,16000,1000,15000,15000
060342,台積電統一02購01,0,0,0,0,0,0,0,0,0,15000,0,0,0,30000,15000,15000,15000
059488,大立光兆豐99購03,0,0,0,0,0,0,0,0,0,15000,0,0,0,55000,40000,15000,15000
062005,旺宏國泰01購01  ,0,0,0,0,0,0,0,0,0,15000,0,0,0,15000,0,15000,15000
060226,道瓊反元大9A購01,0,0,0,0,0,0,0,0,0,15000,0,0,0,15000,0,15000,15000
062087,瑞祺元大9B購02  ,0,0,0,0,0,0,0,0,0,15000,0,0,0,17000,2000,15000,15000
059821,美律凱基99購08  ,0,0,0,0,0,0,0,0,0,15000,0,0,0,25000,10000,15000,15000
059862,全新群益99購04  ,0,0,0,0,0,0,0,0,0,15000,0,0,0,149000,134000,15000,15000
059974,臺指反元大9C購05,0,0,0,0,0,0,0,0,0,15000,0,0,0,20000,5000,15000,15000
062400,晶豪科永豐9B購02,0,0,0,0,0,0,0,0,0,15000,0,0,0,20000,5000,15000,15000
062370,華擎元大9B購01  ,0,0,0,0,0,0,0,0,0,15000,0,0,0,15000,0,15000,15000
062378,台表科元大9C購01,0,0,0,0,0,0,0,0,0,15000,0,0,0,30000,15000,15000,15000
062687,華擎統一01購02  ,0,0,0,0,0,0,0,0,0,15000,0,0,0,192000,177000,15000,15000
062861,世芯國票9C購01  ,0,0,0,0,0,0,0,0,0,15000,0,0,0,19000,4000,15000,15000
064288,瀚宇博元大9C購02,0,0,0,0,0,0,0,0,0,15000,0,0,0,16000,1000,15000,15000
064406,健策凱基03購01  ,0,0,0,0,0,0,0,0,0,15000,0,0,0,29000,14000,15000,15000
064206,鴻海凱基03購02  ,0,0,0,0,0,0,0,0,0,15000,0,0,0,29000,14000,15000,15000
064109,上銀國票01購01  ,0,0,0,0,0,0,0,0,0,15000,0,0,0,15000,0,15000,15000
063593,GIS永豐9B購01   ,0,0,0,0,0,0,0,0,0,15000,0,0,0,25000,10000,15000,15000
063742,道瓊指國票9C購01,0,0,0,0,0,0,0,0,0,15000,0,0,0,60000,45000,15000,15000
06339P,上銀統一97售06  ,0,0,0,0,0,0,0,0,0,15000,0,0,0,15000,0,15000,15000
063254,臺股指元大9B購41,0,0,0,0,0,0,0,0,0,15000,0,0,0,15000,0,15000,15000
063304,大立光凱基01購02,0,0,0,0,0,0,0,0,0,15000,0,0,0,19000,4000,15000,15000
065350,華擎統一01購04  ,0,0,0,0,0,0,0,0,0,15000,0,0,0,35000,20000,15000,15000
065286,瑞昱群益9C購03  ,0,0,0,0,0,0,0,0,0,15000,0,0,0,18000,3000,15000,15000
065127,世芯永豐9C購03  ,0,0,0,0,0,0,0,0,0,15000,0,0,0,15000,0,15000,15000
064660,華通元大9C購05  ,0,0,0,0,0,0,0,0,0,15000,0,0,0,45000,30000,15000,15000
064879,健策兆豐01購01  ,0,0,0,0,0,0,0,0,0,15000,0,0,0,65000,50000,15000,15000
2881A,富邦特          ,0,1000,-1000,0,0,0,0,0,0,16000,16000,0,16000,0,0,0,15000
2438,翔耀            ,38000,23000,15000,0,0,0,0,0,0,0,0,0,0,0,0,0,15000
1614,三洋電          ,81000,64000,17000,0,0,0,0,0,0,-2000,0,2000,-2000,0,0,0,15000
08696P,臺股指群益01售01,0,0,0,0,0,0,0,0,0,14000,0,0,0,203000,189000,14000,14000
07688P,華通元大9A售07  ,0,0,0,0,0,0,0,0,0,14000,0,0,0,14000,0,14000,14000
07238P,台灣50國票99售07,0,0,0,0,0,0,0,0,0,14000,0,0,0,14000,0,14000,14000
066047,嘉晶元大01購04  ,0,0,0,0,0,0,0,0,0,14000,0,0,0,62000,48000,14000,14000
066193,致新凱基01購01  ,0,0,0,0,0,0,0,0,0,14000,0,0,0,24000,10000,14000,14000
065707,聯詠群益9C購02  ,0,0,0,0,0,0,0,0,0,14000,0,0,0,45000,31000,14000,14000
06777P,鴻海元大99售06  ,0,0,0,0,0,0,0,0,0,14000,0,0,0,20000,6000,14000,14000
066533,南茂元富01購01  ,0,0,0,0,0,0,0,0,0,14000,0,0,0,14000,0,14000,14000
066504,全新富邦03購01  ,0,0,0,0,0,0,0,0,0,14000,0,0,0,118000,104000,14000,14000
066516,智原永豐01購01  ,0,0,0,0,0,0,0,0,0,14000,0,0,0,88000,74000,14000,14000
057056,立積元大99購02  ,0,0,0,0,0,0,0,0,0,14000,0,0,0,14000,0,14000,14000
056694,欣興群益98購04  ,0,0,0,0,0,0,0,0,0,14000,0,0,0,19000,5000,14000,14000
057793,群創統一99購02  ,0,0,0,0,0,0,0,0,0,14000,0,0,0,20000,6000,14000,14000
060686,康友元大9A購02  ,0,0,0,0,0,0,0,0,0,14000,0,0,0,154000,140000,14000,14000
058168,國巨凱基9A購04  ,0,0,0,0,0,0,0,0,0,14000,0,0,0,14000,0,14000,14000
056376,玉晶光統一98購01,0,0,0,0,0,0,0,0,0,14000,0,0,0,14000,0,14000,14000
056377,智伸科統一9A購01,0,0,0,0,0,0,0,0,0,14000,0,0,0,14000,0,14000,14000
055909,大成鋼凱基98購02,0,0,0,0,0,0,0,0,0,14000,0,0,0,14000,0,14000,14000
055923,矽力凱基98購01  ,0,0,0,0,0,0,0,0,0,14000,0,0,0,27000,13000,14000,14000
054543,元金2X中信01購01,0,0,0,0,0,0,0,0,0,14000,0,0,0,14000,0,14000,14000
058462,台積電兆豐99購01,0,0,0,0,0,0,0,0,0,14000,0,0,0,14000,0,14000,14000
054917,聯發科凱基98購05,0,0,0,0,0,0,0,0,0,14000,0,0,0,19000,5000,14000,14000
062810,華通兆豐9B購02  ,0,0,0,0,0,0,0,0,0,14000,0,0,0,14000,0,14000,14000
058752,鈺齊凱基9A購01  ,0,0,0,0,0,0,0,0,0,14000,0,0,0,14000,0,14000,14000
059832,超眾康和99購01  ,0,0,0,0,0,0,0,0,0,14000,0,0,0,14000,0,14000,14000
062149,牧德國票9B購01  ,0,0,0,0,0,0,0,0,0,14000,0,0,0,35000,21000,14000,14000
060471,台勝科元大9B購01,0,0,0,0,0,0,0,0,0,14000,0,0,0,20000,6000,14000,14000
059281,創意永豐99購02  ,0,0,0,0,0,0,0,0,0,14000,0,0,0,14000,0,14000,14000
060399,康友國票9A購02  ,0,0,0,0,0,0,0,0,0,14000,0,0,0,15000,1000,14000,14000
060618,玉晶光元大9A購02,0,0,0,0,0,0,0,0,0,14000,0,0,0,19000,5000,14000,14000
061125,億光永豐9A購01  ,0,0,0,0,0,0,0,0,0,14000,0,0,0,129000,115000,14000,14000
061102,台積電元大9A購22,0,0,0,0,0,0,0,0,0,14000,0,0,0,14000,0,14000,14000
058854,樺漢群益9B購01  ,0,0,0,0,0,0,0,0,0,14000,0,0,0,35000,21000,14000,14000
058847,國巨群益99購05  ,0,0,0,0,0,0,0,0,0,14000,0,0,0,38000,24000,14000,14000
059635,華新科凱基9A購06,0,0,0,0,0,0,0,0,0,14000,0,0,0,20000,6000,14000,14000
065325,亞光凱基9C購01  ,0,0,0,0,0,0,0,0,0,14000,0,0,0,115000,101000,14000,14000
065495,上銀富邦01購02  ,0,0,0,0,0,0,0,0,0,14000,0,0,0,94000,80000,14000,14000
063466,美食元大9B購02  ,0,0,0,0,0,0,0,0,0,14000,0,0,0,19000,5000,14000,14000
064077,台積電中信06購03,0,0,0,0,0,0,0,0,0,14000,0,0,0,14000,0,14000,14000
064030,泰碩元大01購01  ,0,0,0,0,0,0,0,0,0,14000,0,0,0,32000,18000,14000,14000
063945,京元電元大9C購01,0,0,0,0,0,0,0,0,0,14000,0,0,0,14000,0,14000,14000
063833,致新國票01購01  ,0,0,0,0,0,0,0,0,0,14000,0,0,0,14000,0,14000,14000
064300,英業達兆豐9C購01,0,0,0,0,0,0,0,0,0,14000,0,0,0,16000,2000,14000,14000
1472,三洋紡          ,20000,6000,14000,0,0,0,0,0,0,0,0,0,0,0,0,0,14000
2491,吉祥全          ,27000,13000,14000,0,0,0,0,0,0,0,0,0,0,0,0,0,14000
065689,群創元富9C購04  ,0,0,0,0,0,0,0,0,0,13000,0,0,0,13000,0,13000,13000
07255P,國巨凱基99售15  ,0,0,0,0,0,0,0,0,0,13000,0,0,0,13000,0,13000,13000
07972P,大立光統一9C售05,0,0,0,0,0,0,0,0,0,13000,0,0,0,13000,0,13000,13000
08687P,南六永豐01售02  ,0,0,0,0,0,0,0,0,0,13000,0,0,0,13000,0,13000,13000
08385P,臺股指群益9C售13,0,0,0,0,0,0,0,0,0,13000,0,0,0,203000,190000,13000,13000
054784,順德群益9A購01  ,0,0,0,0,0,0,0,0,0,13000,0,0,0,13000,0,13000,13000
056442,瑞昱凱基98購02  ,0,0,0,0,0,0,0,0,0,13000,0,0,0,13000,0,13000,13000
055816,新日興國票98購01,0,0,0,0,0,0,0,0,0,13000,0,0,0,13000,0,13000,13000
056165,矽力凱基98購02  ,0,0,0,0,0,0,0,0,0,13000,0,0,0,15000,2000,13000,13000
039212,台達電台新9A購01,0,0,0,0,0,0,0,0,0,13000,0,0,0,13000,0,13000,13000
058517,景碩元大99購06  ,0,0,0,0,0,0,0,0,0,13000,0,0,0,25000,12000,13000,13000
057670,欣興元大99購02  ,0,0,0,0,0,0,0,0,0,13000,0,0,0,24000,11000,13000,13000
057875,京鼎元大98購03  ,0,0,0,0,0,0,0,0,0,13000,0,0,0,158000,145000,13000,13000
058703,台積電元大99購16,0,0,0,0,0,0,0,0,0,13000,0,0,0,20000,7000,13000,13000
058705,長榮航元大99購01,0,0,0,0,0,0,0,0,0,13000,0,0,0,82000,69000,13000,13000
059290,全新元富99購01  ,0,0,0,0,0,0,0,0,0,13000,0,0,0,13000,0,13000,13000
061837,華新科凱基05購02,0,0,0,0,0,0,0,0,0,13000,0,0,0,38000,25000,13000,13000
062779,台積電元大9B購03,0,0,0,0,0,0,0,0,0,13000,0,0,0,13000,0,13000,13000
062474,台表科凱基9C購01,0,0,0,0,0,0,0,0,0,13000,0,0,0,25000,12000,13000,13000
064356,矽創元大01購01  ,0,0,0,0,0,0,0,0,0,13000,0,0,0,218000,205000,13000,13000
063705,臻鼎群益9B購03  ,0,0,0,0,0,0,0,0,0,13000,0,0,0,90000,77000,13000,13000
063595,燿華中信9B購02  ,0,0,0,0,0,0,0,0,0,13000,0,0,0,98000,85000,13000,13000
063619,聯發科兆豐01購01,0,0,0,0,0,0,0,0,0,13000,0,0,0,15000,2000,13000,13000
063364,聯發科富邦01購02,0,0,0,0,0,0,0,0,0,13000,0,0,0,38000,25000,13000,13000
064849,大立光元富9C購06,0,0,0,0,0,0,0,0,0,13000,0,0,0,78000,65000,13000,13000
064947,台積電凱基01購08,0,0,0,0,0,0,0,0,0,13000,0,0,0,13000,0,13000,13000
064696,群創群益9C購02  ,0,0,0,0,0,0,0,0,0,13000,0,0,0,16000,3000,13000,13000
2464,盟立            ,192000,157000,35000,0,0,0,0,0,0,-22000,0,0,0,10000,32000,-22000,13000
9136,巨騰-DR         ,23000,160000,-137000,0,0,0,0,0,0,150000,154000,4000,150000,0,0,0,13000
08209P,上銀元富9B售06  ,0,0,0,0,0,0,0,0,0,12000,0,0,0,278000,266000,12000,12000
08620P,聯發科群益9C售15,0,0,0,0,0,0,0,0,0,12000,0,0,0,22000,10000,12000,12000
07977P,華新科群益01售01,0,0,0,0,0,0,0,0,0,12000,0,0,0,20000,8000,12000,12000
07676P,華新科永豐9A售02,0,0,0,0,0,0,0,0,0,12000,0,0,0,12000,0,12000,12000
07555P,玉晶光元大9A售07,0,0,0,0,0,0,0,0,0,12000,0,0,0,12000,0,12000,12000
07054P,華新科兆豐99售04,0,0,0,0,0,0,0,0,0,12000,0,0,0,35000,23000,12000,12000
06938P,南電元大98售03  ,0,0,0,0,0,0,0,0,0,12000,0,0,0,12000,0,12000,12000
066253,泰豐元大01購01  ,0,9000,-9000,0,0,0,0,0,0,21000,0,0,0,236000,215000,21000,12000
066063,南電元大01購04  ,0,0,0,0,0,0,0,0,0,12000,0,0,0,12000,0,12000,12000
066357,昇陽半永豐01購01,0,0,0,0,0,0,0,0,0,12000,0,0,0,12000,0,12000,12000
06885P,國巨國票99售06  ,0,0,0,0,0,0,0,0,0,12000,0,0,0,42000,30000,12000,12000
057852,國巨國票99購05  ,0,0,0,0,0,0,0,0,0,12000,0,0,0,12000,0,12000,12000
057114,台虹群益98購01  ,0,0,0,0,0,0,0,0,0,12000,0,0,0,12000,0,12000,12000
060733,和大統一9C購01  ,0,0,0,0,0,0,0,0,0,12000,0,0,0,12000,0,12000,12000
060855,華新科富邦01購01,0,0,0,0,0,0,0,0,0,12000,0,0,0,17000,5000,12000,12000
061170,南茂兆豐9B購01  ,0,0,0,0,0,0,0,0,0,12000,0,0,0,57000,45000,12000,12000
058536,群創統一9B購01  ,0,0,0,0,0,0,0,0,0,12000,0,0,0,12000,0,12000,12000
056782,鴻海群益98購04  ,0,0,0,0,0,0,0,0,0,12000,0,0,0,17000,5000,12000,12000
056800,臺股指麥證98購01,0,0,0,12000,0,12000,0,0,0,12000,0,0,0,12000,0,12000,12000
056849,瀚宇博元富98購01,0,0,0,0,0,0,0,0,0,12000,0,0,0,12000,0,12000,12000
058075,貿聯凱基99購02  ,0,0,0,0,0,0,0,0,0,12000,0,0,0,12000,0,12000,12000
057929,上銀群益98購02  ,0,0,0,0,0,0,0,0,0,12000,0,0,0,12000,0,12000,12000
00663L,國泰臺灣加權正2 ,0,1000,-1000,0,0,0,0,0,0,13000,0,0,0,127000,114000,13000,12000
050672,上証2X富邦97購01,0,0,0,0,0,0,0,0,0,12000,0,0,0,12000,0,12000,12000
046942,友達元大99購01  ,0,0,0,0,0,0,0,0,0,12000,0,0,0,12000,0,12000,12000
056279,新日興富邦99購01,0,0,0,0,0,0,0,0,0,12000,0,0,0,111000,99000,12000,12000
056252,聯發科兆豐97購03,0,0,0,0,0,0,0,0,0,12000,0,0,0,12000,0,12000,12000
062312,大立光凱基9B購03,0,0,0,0,0,0,0,0,0,12000,0,0,0,15000,3000,12000,12000
062575,景碩群益9B購01  ,0,0,0,0,0,0,0,0,0,12000,0,0,0,34000,22000,12000,12000
062498,華通群益9C購04  ,0,0,0,0,0,0,0,0,0,12000,0,0,0,21000,9000,12000,12000
062862,瑞儀國票9B購01  ,0,0,0,0,0,0,0,0,0,12000,0,0,0,12000,0,12000,12000
062744,超眾國泰9C購01  ,0,0,0,0,0,0,0,0,0,12000,0,0,0,12000,0,12000,12000
058774,台郡兆豐9A購01  ,0,0,0,0,0,0,0,0,0,12000,0,0,0,12000,0,12000,12000
059346,新日興凱基99購03,0,0,0,0,0,0,0,0,0,12000,0,0,0,12000,0,12000,12000
060927,嘉晶永豐9A購01  ,0,0,0,0,0,0,0,0,0,12000,0,0,0,32000,20000,12000,12000
061567,華通元大9A購11  ,0,0,0,0,0,0,0,0,0,12000,0,0,0,13000,1000,12000,12000
061573,義隆元大9A購02  ,0,0,0,0,0,0,0,0,0,12000,0,0,0,12000,0,12000,12000
058924,晶相光元富99購02,0,0,0,0,0,0,0,0,0,12000,0,0,0,54000,42000,12000,12000
058947,SGBR2X群益9B購02,0,0,0,0,0,0,0,0,0,12000,0,0,0,168000,156000,12000,12000
059035,旺宏群益99購06  ,0,0,0,0,0,0,0,0,0,12000,0,0,0,12000,0,12000,12000
064746,貿聯國票01購02  ,0,0,0,0,0,0,0,0,0,12000,0,0,0,12000,0,12000,12000
064611,亞德客元大9C購02,0,0,0,0,0,0,0,0,0,12000,0,0,0,12000,0,12000,12000
065283,台積電群益01購01,0,0,0,0,0,0,0,0,0,12000,0,0,0,12000,0,12000,12000
065249,聯發科麥證9C購04,0,0,0,23000,11000,12000,0,0,0,12000,0,0,0,23000,11000,12000,12000
065128,大成鋼兆豐9C購01,0,0,0,0,0,0,0,0,0,12000,0,0,0,62000,50000,12000,12000
065150,上銀群益9C購03  ,0,0,0,0,0,0,0,0,0,12000,0,0,0,73000,61000,12000,12000
065102,同欣電元大9C購07,0,0,0,0,0,0,0,0,0,12000,0,0,0,72000,60000,12000,12000
063106,台表科群益9B購03,0,0,0,0,0,0,0,0,0,12000,0,0,0,12000,0,12000,12000
063701,燿華群益9B購02  ,0,0,0,0,0,0,0,0,0,12000,0,0,0,15000,3000,12000,12000
063446,台光電統一01購02,0,0,0,0,0,0,0,0,0,12000,0,0,0,42000,30000,12000,12000
06425P,TPK永豐97售02   ,0,0,0,0,0,0,0,0,0,12000,0,0,0,33000,21000,12000,12000
063769,玉晶光國泰02購01,0,0,0,0,0,0,0,0,0,12000,0,0,0,12000,0,12000,12000
063790,南亞科台新9C購01,0,0,0,0,0,0,0,0,0,12000,0,0,0,50000,38000,12000,12000
063863,儒鴻富邦02購01  ,0,0,0,0,0,0,0,0,0,12000,0,0,0,140000,128000,12000,12000
2374,佳能            ,63000,51000,12000,0,0,0,0,0,0,0,0,0,0,0,0,0,12000
065989,泰碩永豐01購01  ,0,0,0,0,0,0,0,0,0,11000,0,0,0,42000,31000,11000,11000
065792,TPK永豐9C購02   ,0,0,0,0,0,0,0,0,0,11000,0,0,0,11000,0,11000,11000
065891,聯發科統一02購03,0,0,0,0,0,0,0,0,0,11000,0,0,0,29000,18000,11000,11000
07106P,國巨統一9B售05  ,0,0,0,0,0,0,0,0,0,11000,0,0,0,11000,0,11000,11000
07056P,臺股指麥證99售02,0,0,0,11000,0,11000,0,0,0,11000,0,0,0,11000,0,11000,11000
07404P,華新科凱基99售10,0,0,0,0,0,0,0,0,0,11000,0,0,0,11000,0,11000,11000
07772P,華新科國票9A售05,0,0,0,0,0,0,0,0,0,11000,0,0,0,29000,18000,11000,11000
07884P,華新科凱基9B售08,0,0,0,0,0,0,0,0,0,11000,0,0,0,11000,0,11000,11000
05241P,鴻海國泰97售04  ,0,0,0,0,0,0,0,0,0,11000,0,0,0,11000,0,11000,11000
00700,富邦恒生國企    ,0,0,0,0,0,0,0,0,0,11000,0,0,0,112000,101000,11000,11000
00689R,國泰20年美債反1 ,0,0,0,0,0,0,0,0,0,11000,0,0,0,136000,125000,11000,11000
00706L,元大S&P日圓正2  ,0,0,0,0,0,0,0,0,0,11000,0,0,0,11000,0,11000,11000
03681C,台灣50凱基02牛02,0,0,0,0,0,0,0,0,0,11000,0,0,0,11000,0,11000,11000
056011,矽力中信99購01  ,0,0,0,0,0,0,0,0,0,11000,0,0,0,21000,10000,11000,11000
057482,微星元大98購03  ,0,0,0,0,0,0,0,0,0,11000,0,0,0,11000,0,11000,11000
058457,創意永豐99購01  ,0,0,0,0,0,0,0,0,0,11000,0,0,0,11000,0,11000,11000
057501,超眾群益98購04  ,0,0,0,0,0,0,0,0,0,11000,0,0,0,11000,0,11000,11000
058369,亞光凱基99購02  ,0,0,0,0,0,0,0,0,0,11000,0,0,0,17000,6000,11000,11000
058055,華擎統一9A購01  ,0,0,0,0,0,0,0,0,0,11000,0,0,0,13000,2000,11000,11000
056867,華通麥證98購01  ,0,0,0,11000,0,11000,0,0,0,11000,0,0,0,11000,0,11000,11000
060723,致新永豐9A購01  ,0,0,0,0,0,0,0,0,0,11000,0,0,0,11000,0,11000,11000
057075,嘉聯益永豐98購01,0,0,0,0,0,0,0,0,0,11000,0,0,0,11000,0,11000,11000
056979,微星群益98購01  ,0,0,0,0,0,0,0,0,0,11000,0,0,0,11000,0,11000,11000
061606,景碩凱基9A購02  ,0,0,0,0,0,0,0,0,0,11000,0,0,0,39000,28000,11000,11000
060502,國巨元大9A購07  ,0,0,0,0,0,0,0,0,0,11000,0,0,0,13000,2000,11000,11000
061962,台積電統一01購03,0,0,0,0,0,0,0,0,0,11000,0,0,0,15000,4000,11000,11000
061696,南茂群益9A購01  ,0,0,0,0,0,0,0,0,0,11000,0,0,0,11000,0,11000,11000
059936,台積電永豐99購06,0,0,0,0,0,0,0,0,0,11000,0,0,0,11000,0,11000,11000
062190,瀚宇博元大9B購01,0,0,0,0,0,0,0,0,0,11000,0,0,0,70000,59000,11000,11000
059921,大立光元大99購24,0,0,0,0,0,0,0,0,0,11000,0,0,0,45000,34000,11000,11000
062910,亞光元大9B購01  ,0,0,0,0,0,0,0,0,0,11000,0,0,0,27000,16000,11000,11000
062992,聯發科群益9B購09,0,0,0,0,0,0,0,0,0,11000,0,0,0,32000,21000,11000,11000
062528,全新統一9C購01  ,0,0,0,0,0,0,0,0,0,11000,0,0,0,11000,0,11000,11000
063864,健策富邦01購01  ,0,0,0,0,0,0,0,0,0,11000,0,0,0,12000,1000,11000,11000
063962,台達電國票01購01,0,0,0,0,0,0,0,0,0,11000,0,0,0,12000,1000,11000,11000
063463,瑞昱元大9B購05  ,0,0,0,0,0,0,0,0,0,11000,0,0,0,22000,11000,11000,11000
063311,喬山群益9B購01  ,0,0,0,0,0,0,0,0,0,11000,0,0,0,11000,0,11000,11000
065179,同欣電元大02購01,0,0,0,0,0,0,0,0,0,11000,0,0,0,74000,63000,11000,11000
065226,華通凱基01購01  ,0,0,0,0,0,0,0,0,0,11000,0,0,0,11000,0,11000,11000
065588,聯發科永豐9C購02,0,0,0,0,0,0,0,0,0,11000,0,0,0,26000,15000,11000,11000
065589,景碩永豐9C購02  ,0,0,0,0,0,0,0,0,0,11000,0,0,0,13000,2000,11000,11000
064463,聯茂統一01購02  ,0,0,0,0,0,0,0,0,0,11000,0,0,0,11000,0,11000,11000
2936,客思達-KY       ,11000,1000,10000,0,0,0,0,0,0,1000,2000,1000,1000,0,0,0,11000
2838A,聯邦銀甲特      ,0,0,0,0,0,0,0,0,0,11000,24000,13000,11000,0,0,0,11000
8103,瀚荃            ,184000,185000,-1000,0,0,0,0,0,0,12000,13000,1000,12000,0,0,0,11000
5484,慧友            ,11000,0,11000,0,0,0,0,0,0,0,0,0,0,0,0,0,11000
6189,豐藝            ,61000,50000,11000,0,0,0,0,0,0,0,1000,1000,0,0,0,0,11000
07882P,台灣50凱基01售12,0,0,0,0,0,0,0,0,0,10000,0,0,0,10000,0,10000,10000
07943P,瑞昱元大9B售02  ,0,0,0,0,0,0,0,0,0,10000,0,0,0,10000,0,10000,10000
07927P,國巨統一9B售08  ,0,0,0,0,0,0,0,0,0,10000,0,0,0,10000,0,10000,10000
07766P,美律群益9A售03  ,0,0,0,0,0,0,0,0,0,10000,0,0,0,10000,0,10000,10000
07683P,宏達電凱基9A售03,0,0,0,0,0,0,0,0,0,10000,0,0,0,20000,10000,10000,10000
07545P,玉晶光凱基9A售07,0,0,0,0,0,0,0,0,0,10000,0,0,0,10000,0,10000,10000
07590P,玉晶光國票9A售03,0,0,0,0,0,0,0,0,0,10000,0,0,0,60000,50000,10000,10000
07563P,台灣50中信04售01,0,0,0,0,0,0,0,0,0,10000,0,0,0,10000,0,10000,10000
07601P,國巨統一9A售05  ,0,0,0,0,0,0,0,0,0,10000,0,0,0,10000,0,10000,10000
07385P,緯穎群益99售04  ,0,0,0,0,0,0,0,0,0,10000,0,0,0,10000,0,10000,10000
07423P,大立光元大99售33,0,0,0,0,0,0,0,0,0,10000,0,0,0,40000,30000,10000,10000
07276P,臺股指群益99售19,0,0,0,0,0,0,0,0,0,10000,0,0,0,10000,0,10000,10000
07075P,FBVIX凱基9C售04 ,0,0,0,0,0,0,0,0,0,10000,0,0,0,10000,0,10000,10000
07107P,臺股指統一99售07,0,0,0,0,0,0,0,0,0,10000,0,0,0,10000,0,10000,10000
07115P,T50反1日盛9C售02,0,0,0,0,0,0,0,0,0,10000,0,0,0,10000,0,10000,10000
07088P,訊芯永豐99售02  ,25000,0,25000,0,0,0,0,0,0,-15000,0,0,0,20000,35000,-15000,10000
06980P,緯穎永豐99售02  ,0,0,0,0,0,0,0,0,0,10000,0,0,0,10000,0,10000,10000
06921P,台光電凱基98售06,0,0,0,0,0,0,0,0,0,10000,0,0,0,10000,0,10000,10000
06990P,康友元富99售03  ,0,0,0,0,0,0,0,0,0,10000,0,0,0,10000,0,10000,10000
08587P,聯發科中信01售05,0,0,0,0,0,0,0,0,0,10000,0,0,0,150000,140000,10000,10000
08448P,台灣50中信01售05,0,0,0,0,0,0,0,0,0,10000,0,0,0,10000,0,10000,10000
08481P,臺股指凱基9C售19,0,0,0,0,0,0,0,0,0,10000,0,0,0,10000,0,10000,10000
08227P,T50反1元大9B售09,0,0,0,0,0,0,0,0,0,10000,0,0,0,10000,0,10000,10000
08369P,鴻海凱基01售04  ,0,0,0,0,0,0,0,0,0,10000,0,0,0,20000,10000,10000,10000
08089P,嘉澤凱基9B售03  ,0,0,0,0,0,0,0,0,0,10000,0,0,0,212000,202000,10000,10000
08055P,臺股指國票9B售20,0,0,0,0,0,0,0,0,0,10000,0,0,0,10000,0,10000,10000
08028P,臺股指元大9B售30,0,0,0,0,0,0,0,0,0,10000,0,0,0,10000,0,10000,10000
08151P,聯發科統一9B售11,0,0,0,0,0,0,0,0,0,10000,0,0,0,10000,0,10000,10000
065765,GIS元大9C購09   ,0,0,0,0,0,0,0,0,0,10000,0,0,0,41000,31000,10000,10000
065833,中租凱基02購01  ,0,0,0,0,0,0,0,0,0,10000,0,0,0,20000,10000,10000,10000
06579P,臺股指麥證98售03,0,0,0,10000,0,10000,0,0,0,10000,0,0,0,10000,0,10000,10000
06879P,長榮航凱基98售02,0,0,0,0,0,0,0,0,0,10000,0,0,0,10000,0,10000,10000
06877P,台積電兆豐98售04,0,0,0,0,0,0,0,0,0,10000,0,0,0,59000,49000,10000,10000
06891P,緯穎富邦99售03  ,0,0,0,0,0,0,0,0,0,10000,0,0,0,10000,0,10000,10000
06733P,鴻海凱基99售02  ,0,0,0,0,0,0,0,0,0,10000,0,0,0,10000,0,10000,10000
06737P,台郡凱基98售07  ,0,0,0,0,0,0,0,0,0,10000,0,0,0,10000,0,10000,10000
066613,燿華麥證01購01  ,0,0,0,10000,0,10000,0,0,0,10000,0,0,0,10000,0,10000,10000
066703,聯詠群益01購02  ,0,0,0,0,0,0,0,0,0,10000,0,0,0,30000,20000,10000,10000
066418,京元電元大01購02,0,0,0,0,0,0,0,0,0,10000,0,0,0,10000,0,10000,10000
066392,聯強凱基01購01  ,0,0,0,0,0,0,0,0,0,10000,0,0,0,10000,0,10000,10000
066494,旺宏國泰03購01  ,0,0,0,0,0,0,0,0,0,10000,0,0,0,10000,0,10000,10000
066537,全新兆豐01購01  ,0,0,0,0,0,0,0,0,0,10000,0,0,0,20000,10000,10000,10000
066589,英業達群益01購01,0,0,0,0,0,0,0,0,0,10000,0,0,0,80000,70000,10000,10000
057862,智邦凱基99購01  ,0,0,0,0,0,0,0,0,0,10000,0,0,0,15000,5000,10000,10000
057843,晶技永豐98購02  ,0,0,0,0,0,0,0,0,0,10000,0,0,0,10000,0,10000,10000
056919,英業達兆豐98購01,0,0,0,0,0,0,0,0,0,10000,0,0,0,10000,0,10000,10000
057053,立積元大98購02  ,0,0,0,0,0,0,0,0,0,10000,0,0,0,10000,0,10000,10000
057135,立積凱基98購01  ,0,0,0,0,0,0,0,0,0,10000,0,0,0,52000,42000,10000,10000
057816,欣興元大98購13  ,0,0,0,0,0,0,0,0,0,10000,0,0,0,10000,0,10000,10000
056535,全新凱基99購02  ,0,0,0,0,0,0,0,0,0,10000,0,0,0,10000,0,10000,10000
056554,GIS凱基99購01   ,0,0,0,0,0,0,0,0,0,10000,0,0,0,66000,56000,10000,10000
060831,T50反1國票9B購03,0,0,0,0,0,0,0,0,0,10000,0,0,0,10000,0,10000,10000
060805,國巨群益9A購06  ,0,0,0,0,0,0,0,0,0,10000,0,0,0,10000,0,10000,10000
060814,健策凱基9B購01  ,0,0,0,0,0,0,0,0,0,10000,0,0,0,13000,3000,10000,10000
060894,奇力新凱基9A購03,0,0,0,0,0,0,0,0,0,10000,0,0,0,10000,0,10000,10000
060897,健策凱基9A購04  ,0,0,0,0,0,0,0,0,0,10000,0,0,0,13000,3000,10000,10000
06119P,大立光凱基98售04,0,0,0,0,0,0,0,0,0,10000,0,0,0,10000,0,10000,10000
060661,台積電凱基9A購18,0,0,0,0,0,0,0,0,0,10000,0,0,0,10000,0,10000,10000
061027,儒鴻永豐9A購02  ,0,0,0,0,0,0,0,0,0,10000,0,0,0,15000,5000,10000,10000
057265,聯詠兆豐98購01  ,0,0,0,0,0,0,0,0,0,10000,0,0,0,10000,0,10000,10000
057173,南亞科元大98購04,0,0,0,0,0,0,0,0,0,10000,0,0,0,10000,0,10000,10000
056816,華通永豐98購02  ,0,0,0,0,0,0,0,0,0,10000,0,0,0,10000,0,10000,10000
056808,台積電統一98購06,0,0,0,0,0,0,0,0,0,10000,0,0,0,10000,0,10000,10000
056811,健策統一9B購01  ,0,0,0,0,0,0,0,0,0,10000,0,0,0,10000,0,10000,10000
056762,亞德客元大98購01,0,0,0,0,0,0,0,0,0,10000,0,0,0,10000,0,10000,10000
057355,彩晶統一98購03  ,0,0,0,0,0,0,0,0,0,10000,0,0,0,15000,5000,10000,10000
057325,可成群益9A購01  ,0,0,0,0,0,0,0,0,0,10000,0,0,0,13000,3000,10000,10000
057658,玉晶光兆豐99購02,0,0,0,0,0,0,0,0,0,10000,0,0,0,10000,0,10000,10000
058555,矽創永豐9A購01  ,0,0,0,0,0,0,0,0,0,10000,0,0,0,10000,0,10000,10000
058557,健策第一01購01  ,0,0,0,0,0,0,0,0,0,10000,0,0,0,10000,0,10000,10000
058590,南電中信9A購02  ,0,0,0,0,0,0,0,0,0,10000,0,0,0,10000,0,10000,10000
058603,台積電元大99購12,0,0,0,0,0,0,0,0,0,10000,0,0,0,10000,0,10000,10000
058622,國巨國票99購07  ,0,0,0,0,0,0,0,0,0,10000,0,0,0,22000,12000,10000,10000
057968,可成國泰9A購01  ,0,0,0,0,0,0,0,0,0,10000,0,0,0,10000,0,10000,10000
057777,可成群益9A購03  ,0,0,0,0,0,0,0,0,0,10000,0,0,0,10000,0,10000,10000
057762,全新凱基99購03  ,0,0,0,0,0,0,0,0,0,10000,0,0,0,10000,0,10000,10000
057718,旺宏元富02購02  ,0,0,0,0,0,0,0,0,0,10000,0,0,0,10000,0,10000,10000
058193,緯穎永豐99購01  ,0,0,0,0,0,0,0,0,0,10000,0,0,0,20000,10000,10000,10000
058136,景碩元大99購02  ,0,0,0,0,0,0,0,0,0,10000,0,0,0,10000,0,10000,10000
058150,中502X統一9B購01,0,0,0,0,0,0,0,0,0,10000,0,0,0,10000,0,10000,10000
057904,矽力永豐98購01  ,0,0,0,0,0,0,0,0,0,10000,0,0,0,10000,0,10000,10000
058649,健策永豐99購01  ,0,0,0,0,0,0,0,0,0,10000,0,0,0,10000,0,10000,10000
058243,華擎元大99購01  ,0,0,0,0,0,0,0,0,0,10000,0,0,0,10000,0,10000,10000
058240,景碩元大99購04  ,0,0,0,0,0,0,0,0,0,10000,0,0,0,12000,2000,10000,10000
057530,奇鋐元大99購01  ,0,0,0,0,0,0,0,0,0,10000,0,0,0,20000,10000,10000,10000
058487,晶技國票9A購01  ,0,0,0,0,0,0,0,0,0,10000,0,0,0,10000,0,10000,10000
058493,台積電群益9A購01,0,0,0,0,0,0,0,0,0,10000,0,0,0,10000,0,10000,10000
058502,鴻海元大99購13  ,0,0,0,0,0,0,0,0,0,10000,0,0,0,19000,9000,10000,10000
058349,滬深2X日盛9A購01,0,0,0,0,0,0,0,0,0,10000,0,0,0,10000,0,10000,10000
055993,致茂國泰99購01  ,0,0,0,0,0,0,0,0,0,10000,0,0,0,10000,0,10000,10000
056088,台郡統一97購02  ,0,0,0,0,0,0,0,0,0,10000,0,0,0,10000,0,10000,10000
054930,群電凱基98購01  ,0,0,0,0,0,0,0,0,0,10000,0,0,0,10000,0,10000,10000
054776,矽創國票98購01  ,0,0,0,0,0,0,0,0,0,10000,0,0,0,10000,0,10000,10000
055760,新日興群益98購02,0,0,0,0,0,0,0,0,0,10000,0,0,0,10000,0,10000,10000
055722,聯鈞元大97購03  ,0,0,0,0,0,0,0,0,0,10000,0,0,0,10000,0,10000,10000
055811,國巨國票98購05  ,0,0,0,0,0,0,0,0,0,10000,0,0,0,10000,0,10000,10000
055796,南電國泰98購01  ,0,0,0,0,0,0,0,0,0,10000,0,0,0,10000,0,10000,10000
055384,緯穎元大98購02  ,0,0,0,0,0,0,0,0,0,10000,0,0,0,10000,0,10000,10000
055311,健策群益98購02  ,0,0,0,0,0,0,0,0,0,10000,0,0,0,10000,0,10000,10000
056459,茂林凱基99購01  ,0,0,0,0,0,0,0,0,0,10000,0,0,0,10000,0,10000,10000
056468,鴻海元大98購07  ,0,0,0,0,0,0,0,0,0,10000,0,0,0,10000,0,10000,10000
056508,揚明光永豐98購01,0,0,0,0,0,0,0,0,0,10000,0,0,0,10000,0,10000,10000
055117,臻鼎凱基98購02  ,0,0,0,0,0,0,0,0,0,10000,0,0,0,10000,0,10000,10000
055207,致新中信99購01  ,0,0,0,0,0,0,0,0,0,10000,0,0,0,10000,0,10000,10000
055151,台積電元大98購05,0,0,0,0,0,0,0,0,0,10000,0,0,0,10000,0,10000,10000
045873,元油2X元富98購04,0,0,0,0,0,0,0,0,0,10000,0,0,0,10000,0,10000,10000
053661,嘉澤凱基97購01  ,0,0,0,0,0,0,0,0,0,10000,0,0,0,10000,0,10000,10000
053503,臻鼎兆豐97購01  ,0,0,0,0,0,0,0,0,0,10000,0,0,0,10000,0,10000,10000
03015X,元展15          ,0,0,0,0,0,0,0,0,0,10000,0,0,0,10000,0,10000,10000
056171,鴻海元富97購10  ,0,0,0,0,0,0,0,0,0,10000,0,0,0,10000,0,10000,10000
056185,全新統一98購01  ,0,0,0,0,0,0,0,0,0,10000,0,0,0,10000,0,10000,10000
056137,聯鈞元大9A購01  ,0,0,0,0,0,0,0,0,0,10000,0,0,0,10000,0,10000,10000
051657,台郡元富98購01  ,0,0,0,0,0,0,0,0,0,10000,0,0,0,10000,0,10000,10000
051431,群創元富99購02  ,0,0,0,0,0,0,0,0,0,10000,0,0,0,10000,0,10000,10000
056217,A50正2中信99購02,0,0,0,0,0,0,0,0,0,10000,0,0,0,10000,0,10000,10000
054064,台郡國票97購04  ,0,0,0,0,0,0,0,0,0,10000,0,0,0,10000,0,10000,10000
056321,創意群益98購02  ,0,0,0,0,0,0,0,0,0,10000,0,0,0,10000,0,10000,10000
062524,鴻海統一9C購09  ,0,0,0,0,0,0,0,0,0,10000,0,0,0,10000,0,10000,10000
062495,友達中信01購02  ,0,0,0,0,0,0,0,0,0,10000,0,0,0,10000,0,10000,10000
062551,緯穎永豐9B購02  ,0,0,0,0,0,0,0,0,0,10000,0,0,0,30000,20000,10000,10000
062588,國巨統一9B購14  ,0,0,0,0,0,0,0,0,0,10000,0,0,0,10000,0,10000,10000
062315,健策凱基9C購01  ,0,0,0,0,0,0,0,0,0,10000,0,0,0,13000,3000,10000,10000
062366,義隆元大9B購04  ,0,0,0,0,0,0,0,0,0,10000,0,0,0,10000,0,10000,10000
062470,智邦凱基9C購01  ,0,0,0,0,0,0,0,0,0,10000,0,0,0,10000,0,10000,10000
062454,華通群益9C購03  ,0,0,0,0,0,0,0,0,0,10000,0,0,0,10000,0,10000,10000
062391,台達電富邦9C購01,0,0,0,0,0,0,0,0,0,10000,0,0,0,10000,0,10000,10000
062411,玉晶光第一9B購01,0,0,0,0,0,0,0,0,0,10000,0,0,0,10000,0,10000,10000
062998,泰碩國票01購01  ,0,0,0,0,0,0,0,0,0,10000,0,0,0,10000,0,10000,10000
062762,聯詠凱基9B購02  ,0,0,0,0,0,0,0,0,0,10000,0,0,0,17000,7000,10000,10000
062853,大毅永豐9B購03  ,0,0,0,0,0,0,0,0,0,10000,0,0,0,10000,0,10000,10000
062821,華擎兆豐9C購01  ,0,0,0,0,0,0,0,0,0,10000,0,0,0,10000,0,10000,10000
062083,健策元大9C購03  ,0,0,0,0,0,0,0,0,0,10000,0,0,0,10000,0,10000,10000
059848,智邦永豐99購01  ,0,0,0,0,0,0,0,0,0,10000,0,0,0,10000,0,10000,10000
059828,健策凱基99購05  ,0,0,0,0,0,0,0,0,0,10000,0,0,0,13000,3000,10000,10000
060217,國巨凱基9A購10  ,0,0,0,0,0,0,0,0,0,10000,0,0,0,20000,10000,10000,10000
060237,友達元大9A購06  ,0,0,0,0,0,0,0,0,0,10000,0,0,0,10000,0,10000,10000
060240,富邦金元大9A購01,0,0,0,0,0,0,0,0,0,10000,0,0,0,22000,12000,10000,10000
060298,鎧勝元大9C購01  ,0,0,0,0,0,0,0,0,0,10000,0,0,0,10000,0,10000,10000
060299,友訊國泰9B購01  ,0,0,0,0,0,0,0,0,0,10000,0,0,0,10000,0,10000,10000
060300,佐登國泰9B購01  ,0,0,0,0,0,0,0,0,0,10000,0,0,0,10000,0,10000,10000
062120,國巨台新9B購01  ,0,0,0,0,0,0,0,0,0,10000,0,0,0,10000,0,10000,10000
059797,大立光國票99購01,0,0,0,0,0,0,0,0,0,10000,0,0,0,13000,3000,10000,10000
059783,旺宏元大99購17  ,0,0,0,0,0,0,0,0,0,10000,0,0,0,10000,0,10000,10000
059959,訊芯康和99購01  ,0,0,0,0,0,0,0,0,0,10000,0,0,0,10000,0,10000,10000
060020,康控康和99購01  ,0,0,0,0,0,0,0,0,0,10000,0,0,0,10000,0,10000,10000
060017,全新康和99購01  ,0,0,0,0,0,0,0,0,0,10000,0,0,0,10000,0,10000,10000
060073,台積電元富99購03,0,0,0,0,0,0,0,0,0,10000,0,0,0,10000,0,10000,10000
060093,友達元大03購01  ,0,0,0,0,0,0,0,0,0,10000,0,0,0,10000,0,10000,10000
060149,元金2X富邦04購01,0,0,0,0,0,0,0,0,0,10000,0,0,0,10000,0,10000,10000
060154,堤維西永豐9A購01,0,0,0,0,0,0,0,0,0,10000,0,0,0,23000,13000,10000,10000
060202,康友元富9A購01  ,0,0,0,0,0,0,0,0,0,10000,0,0,0,20000,10000,10000,10000
059146,貿聯國票9A購02  ,0,0,0,0,0,0,0,0,0,10000,0,0,0,10000,0,10000,10000
059166,友達凱基99購05  ,0,0,0,0,0,0,0,0,0,10000,0,0,0,10000,0,10000,10000
059156,台灣50凱基01購03,0,0,0,0,0,0,0,0,0,10000,0,0,0,140000,130000,10000,10000
058813,旺宏統一9B購04  ,0,0,0,0,0,0,0,0,0,10000,0,0,0,10000,0,10000,10000
059683,康控富邦9C購01  ,0,0,0,0,0,0,0,0,0,10000,0,0,0,10000,0,10000,10000
058801,致伸元大99購01  ,0,0,0,0,0,0,0,0,0,10000,0,0,0,33000,23000,10000,10000
059754,訊芯群益9A購01  ,0,0,0,0,0,0,0,0,0,10000,0,0,0,10000,0,10000,10000
061725,國巨麥證9A購05  ,0,0,0,11000,0,11000,0,0,0,10000,0,0,0,11000,1000,10000,10000
061732,智邦中信9B購01  ,0,0,0,0,0,0,0,0,0,10000,0,0,0,25000,15000,10000,10000
062036,致新群益9B購01  ,0,0,0,0,0,0,0,0,0,10000,0,0,0,97000,87000,10000,10000
060520,臺指2X中信01購02,0,0,0,0,0,0,0,0,0,10000,0,0,0,10000,0,10000,10000
060436,巨大永豐9A購01  ,0,0,0,0,0,0,0,0,0,10000,0,0,0,10000,0,10000,10000
059501,可成元富99購01  ,0,0,0,0,0,0,0,0,0,10000,0,0,0,10000,0,10000,10000
059474,元石油群益99購01,0,0,0,0,0,0,0,0,0,10000,0,0,0,20000,10000,10000,10000
059431,旺宏元大99購14  ,0,0,0,0,0,0,0,0,0,10000,0,0,0,10000,0,10000,10000
059436,大立光元大99購18,0,0,0,0,0,0,0,0,0,10000,0,0,0,10000,0,10000,10000
059450,和大永豐99購01  ,0,0,0,0,0,0,0,0,0,10000,0,0,0,10000,0,10000,10000
059362,健策永豐99購03  ,0,0,0,0,0,0,0,0,0,10000,0,0,0,10000,0,10000,10000
061145,臻鼎中信9A購02  ,0,0,0,0,0,0,0,0,0,10000,0,0,0,40000,30000,10000,10000
061157,聯鈞群益9A購02  ,0,0,0,0,0,0,0,0,0,10000,0,0,0,10000,0,10000,10000
060593,華通麥證9A購01  ,0,0,0,10000,0,10000,0,0,0,10000,0,0,0,10000,0,10000,10000
060606,玉晶光凱基9A購05,0,0,0,0,0,0,0,0,0,10000,0,0,0,10000,0,10000,10000
060607,玉晶光凱基9A購06,0,0,0,0,0,0,0,0,0,10000,0,0,0,10000,0,10000,10000
060555,台表科凱基9A購03,0,0,0,0,0,0,0,0,0,10000,0,0,0,10000,0,10000,10000
059224,大立光元大99購15,0,0,0,0,0,0,0,0,0,10000,0,0,0,20000,10000,10000,10000
061244,和碩兆豐9A購01  ,0,0,0,0,0,0,0,0,0,10000,0,0,0,20000,10000,10000,10000
061247,玉晶光群益9A購09,0,0,0,0,0,0,0,0,0,10000,0,0,0,10000,0,10000,10000
059265,美律中信01購01  ,0,0,0,0,0,0,0,0,0,10000,0,0,0,10000,0,10000,10000
061654,旺宏國票9A購02  ,0,0,0,0,0,0,0,0,0,10000,0,0,0,40000,30000,10000,10000
061751,華通台新9B購01  ,0,0,0,0,0,0,0,0,0,10000,0,0,0,10000,0,10000,10000
061492,超眾兆豐9B購01  ,0,0,0,0,0,0,0,0,0,10000,0,0,0,10000,0,10000,10000
061374,力山永豐9A購04  ,0,0,0,0,0,0,0,0,0,10000,0,0,0,40000,30000,10000,10000
059021,台積電統一9B購07,0,0,0,0,0,0,0,0,0,10000,0,0,0,10000,0,10000,10000
059085,鴻海元大99購25  ,0,0,0,0,0,0,0,0,0,10000,0,0,0,15000,5000,10000,10000
058984,全新凱基9A購03  ,0,0,0,0,0,0,0,0,0,10000,0,0,0,10000,0,10000,10000
058910,泰鼎元大99購03  ,0,0,0,0,0,0,0,0,0,10000,0,0,0,10000,0,10000,10000
058856,新光金兆豐99購01,0,0,0,0,0,0,0,0,0,10000,0,0,0,10000,0,10000,10000
061563,群創國票9B購02  ,0,0,0,0,0,0,0,0,0,10000,0,0,0,15000,5000,10000,10000
061528,超眾凱基9A購04  ,0,0,0,0,0,0,0,0,0,10000,0,0,0,10000,0,10000,10000
059607,台積電富邦9C購04,0,0,0,0,0,0,0,0,0,10000,0,0,0,10000,0,10000,10000
059613,泰鼎永豐99購02  ,0,0,0,0,0,0,0,0,0,10000,0,0,0,10000,0,10000,10000
059573,健策凱基9A購02  ,0,0,0,0,0,0,0,0,0,10000,0,0,0,13000,3000,10000,10000
059538,健策凱基99購03  ,0,0,0,0,0,0,0,0,0,10000,0,0,0,13000,3000,10000,10000
058825,同欣電富邦9A購01,0,0,0,0,0,0,0,0,0,10000,0,0,0,10000,0,10000,10000
059641,群創凱基99購06  ,0,0,0,0,0,0,0,0,0,10000,0,0,0,10000,0,10000,10000
059648,台表科凱基99購03,0,0,0,0,0,0,0,0,0,10000,0,0,0,10000,0,10000,10000
064541,元黃金凱基01購02,0,0,0,0,0,0,0,0,0,10000,0,0,0,10000,0,10000,10000
064556,華通群益02購02  ,0,0,0,0,0,0,0,0,0,10000,0,0,0,10000,0,10000,10000
064605,GIS元富9C購01   ,0,0,0,0,0,0,0,0,0,10000,0,0,0,10000,0,10000,10000
06465P,國巨統一98售04  ,0,0,0,0,0,0,0,0,0,10000,0,0,0,10000,0,10000,10000
064648,臻鼎凱基9C購02  ,0,0,0,0,0,0,0,0,0,10000,0,0,0,10000,0,10000,10000
064700,致新群益9C購02  ,0,0,0,0,0,0,0,0,0,10000,0,0,0,10000,0,10000,10000
064964,T50反1元大9C購10,0,0,0,0,0,0,0,0,0,10000,0,0,0,10000,0,10000,10000
065030,亞光兆豐9C購01  ,0,0,0,0,0,0,0,0,0,10000,0,0,0,10000,0,10000,10000
065050,世芯凱基9C購01  ,0,0,0,0,0,0,0,0,0,10000,0,0,0,10000,0,10000,10000
065051,和碩凱基02購01  ,0,0,0,0,0,0,0,0,0,10000,0,0,0,10000,0,10000,10000
065008,TPK國票01購02   ,0,0,0,0,0,0,0,0,0,10000,0,0,0,10000,0,10000,10000
064858,鴻海富邦01購01  ,0,0,0,0,0,0,0,0,0,10000,0,0,0,20000,10000,10000,10000
064826,南亞科統一01購03,0,0,0,0,0,0,0,0,0,10000,0,0,0,10000,0,10000,10000
065667,台光電凱基01購01,0,0,0,0,0,0,0,0,0,10000,0,0,0,60000,50000,10000,10000
065506,道瓊指群益9C購03,0,0,0,0,0,0,0,0,0,10000,0,0,0,10000,0,10000,10000
065501,旭富富邦9C購01  ,0,0,0,0,0,0,0,0,0,10000,0,0,0,20000,10000,10000,10000
065509,上銀群益9C購04  ,0,0,0,0,0,0,0,0,0,10000,0,0,0,10000,0,10000,10000
065563,T50反1群益9C購04,0,0,0,0,0,0,0,0,0,10000,0,0,0,310000,300000,10000,10000
065445,台光電統一01購05,0,0,0,0,0,0,0,0,0,10000,0,0,0,28000,18000,10000,10000
065421,康友國票01購01  ,0,0,0,0,0,0,0,0,0,10000,0,0,0,48000,38000,10000,10000
065228,南亞科凱基01購03,0,0,0,0,0,0,0,0,0,10000,0,0,0,10000,0,10000,10000
065106,S&P反1國票9C購02,0,0,0,0,0,0,0,0,0,10000,0,0,0,10000,0,10000,10000
065092,健鼎元大9C購02  ,0,0,0,0,0,0,0,0,0,10000,0,0,0,10000,0,10000,10000
065279,T50反1群益9C購03,0,0,0,0,0,0,0,0,0,10000,0,0,0,509000,499000,10000,10000
065302,聯發科元富03購04,0,0,0,0,0,0,0,0,0,10000,0,0,0,10000,0,10000,10000
065352,GIS統一01購04   ,0,0,0,0,0,0,0,0,0,10000,0,0,0,45000,35000,10000,10000
065389,聯茂兆豐9C購01  ,0,0,0,0,0,0,0,0,0,10000,0,0,0,10000,0,10000,10000
065397,宏達電群益9C購03,0,0,0,0,0,0,0,0,0,10000,0,0,0,50000,40000,10000,10000
063314,美律群益9B購01  ,0,0,0,0,0,0,0,0,0,10000,0,0,0,10000,0,10000,10000
063391,南電兆豐9C購01  ,0,0,0,0,0,0,0,0,0,10000,0,0,0,10000,0,10000,10000
063181,聚陽凱基9B購01  ,0,0,0,0,0,0,0,0,0,10000,0,0,0,10000,0,10000,10000
063184,台光電凱基9B購03,0,0,0,0,0,0,0,0,0,10000,0,0,0,12000,2000,10000,10000
063188,TPK凱基9B購01   ,0,0,0,0,0,0,0,0,0,10000,0,0,0,100000,90000,10000,10000
063218,台塑群益9B購01  ,0,0,0,0,0,0,0,0,0,10000,0,0,0,10000,0,10000,10000
063526,台光電凱基9B購04,0,0,0,0,0,0,0,0,0,10000,0,0,0,10000,0,10000,10000
063689,可成永豐9B購04  ,0,0,0,0,0,0,0,0,0,10000,0,0,0,11000,1000,10000,10000
063662,上銀統一01購03  ,0,0,0,0,0,0,0,0,0,10000,0,0,0,10000,0,10000,10000
063710,光寶科凱基9C購01,0,0,0,0,0,0,0,0,0,10000,0,0,0,10000,0,10000,10000
064027,義隆元大9C購01  ,0,0,0,0,0,0,0,0,0,10000,0,0,0,10000,0,10000,10000
064106,國巨兆豐9C購04  ,0,0,0,0,0,0,0,0,0,10000,0,0,0,10000,0,10000,10000
063882,玉晶光元富9C購01,0,0,0,0,0,0,0,0,0,10000,0,0,0,10000,0,10000,10000
063794,亞德客凱基9C購01,0,0,0,0,0,0,0,0,0,10000,0,0,0,20000,10000,10000,10000
063750,和鑫國票9B購01  ,0,0,0,0,0,0,0,0,0,10000,0,0,0,76000,66000,10000,10000
064272,鴻海元大9C購09  ,0,0,0,0,0,0,0,0,0,10000,0,0,0,14000,4000,10000,10000
064259,矽格富邦9C購01  ,0,0,0,0,0,0,0,0,0,10000,0,0,0,37000,27000,10000,10000
064243,TPK統一02購02   ,0,0,0,0,0,0,0,0,0,10000,0,0,0,10000,0,10000,10000
064219,滬深2X國票03購01,0,0,0,0,0,0,0,0,0,10000,0,0,0,10000,0,10000,10000
064135,復盛元大9C購01  ,0,0,0,0,0,0,0,0,0,10000,0,0,0,10000,0,10000,10000
064367,貿聯統一01購02  ,0,0,0,0,0,0,0,0,0,10000,0,0,0,10000,0,10000,10000
064294,和大中信9C購01  ,0,0,0,0,0,0,0,0,0,10000,0,0,0,10000,0,10000,10000
064281,大立光元大9C購12,0,0,0,0,0,0,0,0,0,10000,0,0,0,28000,18000,10000,10000
064339,大立光元大01購01,0,0,0,0,0,0,0,0,0,10000,0,0,0,30000,20000,10000,10000
6166,凌華            ,121000,106000,15000,0,0,0,0,0,0,-5000,0,3000,-3000,4000,6000,-2000,10000
9110,越南控-DR       ,10000,0,10000,0,0,0,0,0,0,0,0,0,0,0,0,0,10000
1435,中福            ,10000,4000,6000,0,0,0,0,0,0,4000,4000,0,4000,0,0,0,10000
066325,可成永豐01購01  ,0,0,0,0,0,0,0,0,0,9000,0,0,0,12000,3000,9000,9000
066290,台塑化元大01購01,0,0,0,0,0,0,0,0,0,9000,0,0,0,9000,0,9000,9000
06676P,華新科國票98售03,0,0,0,0,0,0,0,0,0,9000,0,0,0,9000,0,9000,9000
066210,瑞祺統一02購01  ,0,0,0,0,0,0,0,0,0,9000,0,0,0,66000,57000,9000,9000
08017P,華新科國票9B售01,0,0,0,0,0,0,0,0,0,9000,0,0,0,9000,0,9000,9000
08363P,南亞科凱基01售01,0,0,0,0,0,0,0,0,0,9000,0,0,0,48000,39000,9000,9000
08458P,南電元大9C售04  ,0,0,0,0,0,0,0,0,0,9000,0,0,0,111000,102000,9000,9000
07060P,台表科國票9A售01,0,0,0,0,0,0,0,0,0,9000,0,0,0,309000,300000,9000,9000
07388P,臺股指群益9C售07,0,0,0,0,0,0,0,0,0,9000,0,0,0,19000,10000,9000,9000
07929P,旺宏統一9B售07  ,0,100000,-100000,0,0,0,0,0,0,109000,0,0,0,110000,1000,109000,9000
054069,亞光國泰98購01  ,0,0,0,0,0,0,0,0,0,9000,0,0,0,9000,0,9000,9000
053084,國巨元大98購01  ,0,0,0,0,0,0,0,0,0,9000,0,0,0,12000,3000,9000,9000
008201,BP上證50        ,0,0,0,0,0,0,0,0,0,9000,0,0,0,9000,0,9000,9000
0055,元大MSCI金融    ,0,0,0,0,0,0,0,0,0,9000,0,0,0,18000,9000,9000,9000
054770,健策國票98購01  ,0,0,0,0,0,0,0,0,0,9000,0,0,0,15000,6000,9000,9000
055621,國巨國泰98購03  ,0,0,0,0,0,0,0,0,0,9000,0,0,0,29000,20000,9000,9000
054935,華通元大98購03  ,0,0,0,0,0,0,0,0,0,9000,0,0,0,77000,68000,9000,9000
058389,聯茂國票9A購01  ,0,0,0,0,0,0,0,0,0,9000,0,0,0,9000,0,9000,9000
057936,健策群益99購01  ,0,0,0,0,0,0,0,0,0,9000,0,0,0,12000,3000,9000,9000
057721,華擎元富98購02  ,0,0,0,0,0,0,0,0,0,9000,0,0,0,10000,1000,9000,9000
057975,台積電永豐98購05,0,0,0,0,0,0,0,0,0,9000,0,0,0,9000,0,9000,9000
056851,瑞儀元富98購01  ,0,0,0,0,0,0,0,0,0,9000,0,0,0,9000,0,9000,9000
061072,南電凱基9B購01  ,0,0,0,0,0,0,0,0,0,9000,0,0,0,19000,10000,9000,9000
060667,力成凱基9A購01  ,0,0,0,0,0,0,0,0,0,9000,0,0,0,49000,40000,9000,9000
061215,健策元大9A購06  ,0,0,0,0,0,0,0,0,0,9000,0,0,0,9000,0,9000,9000
056618,京元電永豐98購01,0,0,0,0,0,0,0,0,0,9000,0,0,0,9000,0,9000,9000
056905,欣興元大98購03  ,0,0,0,0,0,0,0,0,0,9000,0,0,0,13000,4000,9000,9000
058723,元石油國泰9A購01,0,0,0,0,0,0,0,0,0,9000,0,0,0,9000,0,9000,9000
061309,鴻海統一9C購05  ,0,0,0,0,0,0,0,0,0,9000,0,0,0,9000,0,9000,9000
059475,元石油群益99購02,0,0,0,0,0,0,0,0,0,9000,0,0,0,10000,1000,9000,9000
061963,台積電統一01購04,0,0,0,0,0,0,0,0,0,9000,0,0,0,132000,123000,9000,9000
061933,光寶科國票9B購01,0,0,0,0,0,0,0,0,0,9000,0,0,0,9000,0,9000,9000
058773,和碩兆豐99購01  ,0,0,0,0,0,0,0,0,0,9000,0,0,0,10000,1000,9000,9000
05875P,旺宏群益98售01  ,0,0,0,0,0,0,0,0,0,9000,0,0,0,20000,11000,9000,9000
059990,健策元大9A購01  ,0,0,0,0,0,0,0,0,0,9000,0,0,0,11000,2000,9000,9000
062197,聯發科中信01購03,0,0,0,0,0,0,0,0,0,9000,0,0,0,19000,10000,9000,9000
060314,元翎永豐9A購01  ,0,0,0,0,0,0,0,0,0,9000,0,0,0,25000,16000,9000,9000
062727,華擎凱基9B購03  ,0,0,0,0,0,0,0,0,0,9000,0,0,0,15000,6000,9000,9000
062289,緯穎群益9B購01  ,0,0,0,0,0,0,0,0,0,9000,0,0,0,9000,0,9000,9000
062490,聯茂永豐9B購01  ,0,0,0,0,0,0,0,0,0,9000,0,0,0,9000,0,9000,9000
064277,可成元大9C購04  ,0,0,0,0,0,0,0,0,0,9000,0,0,0,36000,27000,9000,9000
063800,玉晶光凱基9C購02,0,0,0,0,0,0,0,0,0,9000,0,0,0,11000,2000,9000,9000
063660,儒鴻統一9C購01  ,0,0,0,0,0,0,0,0,0,9000,0,0,0,48000,39000,9000,9000
063582,瑞祺國泰9C購01  ,0,0,0,0,0,0,0,0,0,9000,0,0,0,10000,1000,9000,9000
063604,群創凱基01購02  ,0,0,0,0,0,0,0,0,0,9000,0,0,0,10000,1000,9000,9000
063628,華通元大9B購09  ,0,0,0,0,0,0,0,0,0,9000,0,0,0,11000,2000,9000,9000
065090,大立光元大9C購24,19000,0,19000,0,0,0,0,0,0,-10000,0,0,0,20000,30000,-10000,9000
065172,義隆元大9C購05  ,0,0,0,0,0,0,0,0,0,9000,0,0,0,20000,11000,9000,9000
064831,宏達電統一02購01,0,0,0,0,0,0,0,0,0,9000,0,0,0,65000,56000,9000,9000
064669,健策元大01購03  ,0,0,0,0,0,0,0,0,0,9000,0,0,0,9000,0,9000,9000
2891B,中信金乙特      ,0,0,0,0,0,0,0,0,0,9000,9000,0,9000,0,0,0,9000
8481,政伸            ,9000,0,9000,0,0,0,0,0,0,0,0,0,0,0,0,0,9000
07805P,義隆永豐9A售02  ,0,0,0,0,0,0,0,0,0,8000,0,0,0,70000,62000,8000,8000
06940P,旺宏永豐98售05  ,0,0,0,0,0,0,0,0,0,8000,0,0,0,20000,12000,8000,8000
08621P,景碩群益9C售01  ,0,0,0,0,0,0,0,0,0,8000,0,0,0,295000,287000,8000,8000
08304P,大立光中信02售01,0,0,0,0,0,0,0,0,0,8000,0,0,0,50000,42000,8000,8000
066093,世紀鋼永豐01購01,0,0,0,0,0,0,0,0,0,8000,0,0,0,330000,322000,8000,8000
066102,國揚國票02購01  ,0,0,0,0,0,0,0,0,0,8000,0,0,0,40000,32000,8000,8000
065936,聯發科群益02購01,0,0,0,0,0,0,0,0,0,8000,0,0,0,39000,31000,8000,8000
066738,聯鈞元大01購05  ,0,0,0,0,0,0,0,0,0,8000,0,0,0,8000,0,8000,8000
066641,台郡凱基03購01  ,0,0,0,0,0,0,0,0,0,8000,0,0,0,10000,2000,8000,8000
066312,川湖永豐01購01  ,0,0,0,0,0,0,0,0,0,8000,0,0,0,8000,0,8000,8000
066532,力成元富07購01  ,0,0,0,0,0,0,0,0,0,8000,0,0,0,311000,303000,8000,8000
061229,緯穎中信9B購01  ,0,0,0,0,0,0,0,0,0,8000,0,0,0,10000,2000,8000,8000
061041,南電永豐9A購03  ,0,0,0,0,0,0,0,0,0,8000,0,0,0,35000,27000,8000,8000
060758,台積電元大9A購19,0,0,0,0,0,0,0,0,0,8000,0,0,0,10000,2000,8000,8000
057373,大立光元大98購17,0,0,0,0,0,0,0,0,0,8000,0,0,0,26000,18000,8000,8000
057969,緯穎國泰99購01  ,0,0,0,0,0,0,0,0,0,8000,0,0,0,40000,32000,8000,8000
058611,欣興元大99購06  ,0,0,0,0,0,0,0,0,0,8000,0,0,0,11000,3000,8000,8000
058589,群創中信01購01  ,0,0,0,0,0,0,0,0,0,8000,0,0,0,8000,0,8000,8000
057922,華新科凱基99購01,0,0,0,0,0,0,0,0,0,8000,0,0,0,8000,0,8000,8000
058410,國巨兆豐99購03  ,0,0,0,0,0,0,0,0,0,8000,0,0,0,38000,30000,8000,8000
057401,晶豪科群益99購01,0,0,0,0,0,0,0,0,0,8000,0,0,0,8000,0,8000,8000
055382,台郡元大99購01  ,0,0,0,0,0,0,0,0,0,8000,0,0,0,19000,11000,8000,8000
055272,國巨元大98購04  ,0,0,0,0,0,0,0,0,0,8000,0,0,0,8000,0,8000,8000
042793,台積電台新9C購01,0,0,0,0,0,0,0,0,0,8000,0,0,0,8000,0,8000,8000
03027X,元展24          ,0,0,0,0,0,0,0,0,0,8000,0,0,0,8000,0,8000,8000
056263,友訊統一99購01  ,0,0,0,0,0,0,0,0,0,8000,0,0,0,20000,12000,8000,8000
056398,南茂永豐98購01  ,0,0,0,0,0,0,0,0,0,8000,0,0,0,36000,28000,8000,8000
047969,台達電富邦97購01,0,0,0,0,0,0,0,0,0,8000,0,0,0,8000,0,8000,8000
062602,華通麥證9C購01  ,0,0,0,8000,0,8000,0,0,0,8000,0,0,0,8000,0,8000,8000
062630,全新國票9B購02  ,0,0,0,0,0,0,0,0,0,8000,0,0,0,65000,57000,8000,8000
062373,泰鼎元大9B購01  ,0,0,0,0,0,0,0,0,0,8000,0,0,0,11000,3000,8000,8000
062479,TPK國票9B購01   ,0,0,0,0,0,0,0,0,0,8000,0,0,0,8000,0,8000,8000
062834,立積群益9B購02  ,0,0,0,0,0,0,0,0,0,8000,0,0,0,8000,0,8000,8000
062950,貿聯富邦01購01  ,0,0,0,0,0,0,0,0,0,8000,0,0,0,10000,2000,8000,8000
062968,仁寶元富9B購01  ,0,0,0,0,0,0,0,0,0,8000,0,0,0,47000,39000,8000,8000
062987,祥碩中信01購01  ,0,0,0,0,0,0,0,0,0,8000,0,0,0,41000,33000,8000,8000
060308,劍麟永豐9A購01  ,0,0,0,0,0,0,0,0,0,8000,0,0,0,30000,22000,8000,8000
060101,大立光元大99購31,0,0,0,0,0,0,0,0,0,8000,0,0,0,9000,1000,8000,8000
059694,創意永豐99購03  ,0,0,0,0,0,0,0,0,0,8000,0,0,0,8000,0,8000,8000
062044,健策凱基9B購02  ,0,0,0,0,0,0,0,0,0,8000,0,0,0,11000,3000,8000,8000
061718,GIS凱基9B購01   ,0,0,0,0,0,0,0,0,0,8000,0,0,0,8000,0,8000,8000
060364,奇力新元富9A購01,0,0,0,0,0,0,0,0,0,8000,0,0,0,22000,14000,8000,8000
060954,國泰金群益9A購02,0,0,0,0,0,0,0,0,0,8000,0,0,0,8000,0,8000,8000
059391,立積凱基9A購01  ,0,0,0,0,0,0,0,0,0,8000,0,0,0,10000,2000,8000,8000
061499,嘉晶國票9A購03  ,0,0,0,0,0,0,0,0,0,8000,0,0,0,11000,3000,8000,8000
059100,元油2X統一9C購02,0,0,0,0,0,0,0,0,0,8000,0,0,0,319000,311000,8000,8000
064675,A50正2兆豐01購01,0,0,0,0,0,0,0,0,0,8000,0,0,0,8000,0,8000,8000
064653,T50反1元大9C購08,0,0,0,0,0,0,0,0,0,8000,0,0,0,8000,0,8000,8000
064553,臺指反群益9C購01,0,0,0,0,0,0,0,0,0,8000,0,0,0,584000,576000,8000,8000
064489,宏碁元大9C購01  ,0,0,0,0,0,0,0,0,0,8000,0,0,0,61000,53000,8000,8000
064807,義隆元大9C購03  ,0,0,0,0,0,0,0,0,0,8000,0,0,0,204000,196000,8000,8000
064785,康友群益9C購01  ,0,0,0,0,0,0,0,0,0,8000,0,0,0,11000,3000,8000,8000
064872,南電永豐9C購02  ,0,0,0,0,0,0,0,0,0,8000,0,0,0,8000,0,8000,8000
065004,瑞昱國票01購02  ,0,0,0,0,0,0,0,0,0,8000,0,0,0,28000,20000,8000,8000
064922,玉晶光統一01購10,0,0,0,0,0,0,0,0,0,8000,0,0,0,8000,0,8000,8000
064923,牧德統一02購01  ,0,0,0,0,0,0,0,0,0,8000,0,0,0,10000,2000,8000,8000
065427,台積電凱基02購04,0,0,0,0,0,0,0,0,0,8000,0,0,0,150000,142000,8000,8000
063575,矽格元大9B購02  ,0,0,0,0,0,0,0,0,0,8000,0,0,0,99000,91000,8000,8000
063464,廣達元大9B購02  ,0,0,0,0,0,0,0,0,0,8000,0,0,0,183000,175000,8000,8000
063930,高鐵統一02購02  ,0,0,0,0,0,0,0,0,0,8000,0,0,0,8000,0,8000,8000
064009,超眾凱基01購01  ,0,0,0,0,0,0,0,0,0,8000,0,0,0,39000,31000,8000,8000
063946,聯發科元大9C購04,0,0,0,0,0,0,0,0,0,8000,0,0,0,10000,2000,8000,8000
063975,台積電兆豐9C購01,0,0,0,0,0,0,0,0,0,8000,0,0,0,8000,0,8000,8000
064420,台積電兆豐9C購03,0,0,0,0,0,0,0,0,0,8000,0,0,0,108000,100000,8000,8000
064437,可成凱基02購01  ,0,0,0,0,0,0,0,0,0,8000,0,0,0,8000,0,8000,8000
064263,貿聯永豐9C購01  ,0,0,0,0,0,0,0,0,0,8000,0,0,0,8000,0,8000,8000
06725P,聯電元富98售01  ,0,0,0,0,0,0,0,0,0,7000,0,0,0,209000,202000,7000,7000
065934,智邦群益01購02  ,0,0,0,0,0,0,0,0,0,7000,0,0,0,106000,99000,7000,7000
065890,台積電統一03購01,0,0,0,0,0,0,0,0,0,7000,0,0,0,15000,8000,7000,7000
065840,國巨元大03購01  ,0,0,0,0,0,0,0,0,0,7000,0,0,0,20000,13000,7000,7000
065814,健策統一9C購08  ,0,0,0,0,0,0,0,0,0,7000,0,0,0,10000,3000,7000,7000
08357P,聯發科元大9C售09,0,0,0,0,0,0,0,0,0,7000,0,0,0,30000,23000,7000,7000
08054P,臺股指國票9B售19,0,0,0,0,0,0,0,0,0,7000,0,0,0,27000,20000,7000,7000
07998P,聯電凱基9C售01  ,0,0,0,0,0,0,0,0,0,7000,0,0,0,18000,11000,7000,7000
07728P,臺股指凱基9A售20,0,0,0,0,0,0,0,0,0,7000,0,0,0,39000,32000,7000,7000
046793,聯發科元富99購01,0,0,0,0,0,0,0,0,0,7000,0,0,0,7000,0,7000,7000
056356,台積電元大99購01,0,0,0,0,0,0,0,0,0,7000,0,0,0,186000,179000,7000,7000
056301,開發金元大9A購01,0,0,0,0,0,0,0,0,0,7000,0,0,0,7000,0,7000,7000
056320,京鼎群益99購01  ,0,0,0,0,0,0,0,0,0,7000,0,0,0,234000,227000,7000,7000
045053,聯發科元富98購01,0,0,0,0,0,0,0,0,0,7000,0,0,0,7000,0,7000,7000
00651R,FH香港反1       ,8000,14000,-6000,0,0,0,0,0,0,13000,0,0,0,489000,476000,13000,7000
055442,矽創國票98購02  ,0,0,0,0,0,0,0,0,0,7000,0,0,0,7000,0,7000,7000
058351,上銀凱基9A購02  ,0,0,0,0,0,0,0,0,0,7000,0,0,0,97000,90000,7000,7000
058516,健鼎元大99購02  ,0,0,0,0,0,0,0,0,0,7000,0,0,0,20000,13000,7000,7000
057913,健策日盛98購01  ,0,0,0,0,0,0,0,0,0,7000,0,0,0,7000,0,7000,7000
058658,瑞儀中信99購01  ,0,0,0,0,0,0,0,0,0,7000,0,0,0,27000,20000,7000,7000
058247,聯茂元大99購04  ,0,0,0,0,0,0,0,0,0,7000,0,0,0,17000,10000,7000,7000
058295,欣興凱基99購02  ,0,0,0,0,0,0,0,0,0,7000,0,0,0,10000,3000,7000,7000
060704,台積電富邦01購01,0,0,0,0,0,0,0,0,0,7000,0,0,0,7000,0,7000,7000
060811,亞德客凱基9A購02,0,0,0,0,0,0,0,0,0,7000,0,0,0,7000,0,7000,7000
056642,旺宏凱基98購07  ,0,0,0,0,0,0,0,0,0,7000,0,0,0,9000,2000,7000,7000
059005,嘉晶元大99購06  ,0,0,0,0,0,0,0,0,0,7000,0,0,0,20000,13000,7000,7000
059568,台積電凱基9A購13,0,0,0,0,0,0,0,0,0,7000,0,0,0,7000,0,7000,7000
059513,揚明光永豐99購01,0,0,0,0,0,0,0,0,0,7000,0,0,0,7000,0,7000,7000
058738,FBVIX中信03購04 ,0,0,0,0,0,0,0,0,0,7000,0,0,0,35000,28000,7000,7000
060190,國泰金元富9A購01,0,0,0,0,0,0,0,0,0,7000,0,0,0,7000,0,7000,7000
062261,嘉晶元大9B購02  ,0,0,0,0,0,0,0,0,0,7000,0,0,0,22000,15000,7000,7000
062914,嘉澤元大9B購02  ,0,0,0,0,0,0,0,0,0,7000,0,0,0,251000,244000,7000,7000
062999,聯茂國票9C購01  ,0,0,0,0,0,0,0,0,0,7000,0,0,0,7000,0,7000,7000
062870,亞德客兆豐9C購01,0,0,0,0,0,0,0,0,0,7000,0,0,0,7000,0,7000,7000
062434,華通元大9B購04  ,0,0,0,0,0,0,0,0,0,7000,0,0,0,82000,75000,7000,7000
064419,鴻海兆豐9C購01  ,0,0,0,0,0,0,0,0,0,7000,0,0,0,50000,43000,7000,7000
063807,超眾兆豐01購01  ,0,0,0,0,0,0,0,0,0,7000,0,0,0,7000,0,7000,7000
063453,創意統一9C購01  ,0,0,0,0,0,0,0,0,0,7000,0,0,0,7000,0,7000,7000
063082,瑞昱凱基9B購04  ,0,0,0,0,0,0,0,0,0,7000,0,0,0,32000,25000,7000,7000
063281,京元電元大9B購01,0,0,0,0,0,0,0,0,0,7000,0,0,0,7000,0,7000,7000
065614,緯穎元大01購02  ,0,0,0,0,0,0,0,0,0,7000,0,0,0,70000,63000,7000,7000
065212,瑞儀國票01購01  ,0,0,0,0,0,0,0,0,0,7000,0,0,0,57000,50000,7000,7000
065398,國泰金群益9C購01,0,0,0,0,0,0,0,0,0,7000,0,0,0,7000,0,7000,7000
065341,華邦電統一01購02,0,0,0,0,0,0,0,0,0,7000,0,0,0,18000,11000,7000,7000
065009,勤誠國票01購01  ,0,0,0,0,0,0,0,0,0,7000,0,0,0,20000,13000,7000,7000
065007,群創國票01購01  ,0,0,0,0,0,0,0,0,0,7000,0,0,0,12000,5000,7000,7000
064825,英業達統一9C購01,0,0,0,0,0,0,0,0,0,7000,0,0,0,7000,0,7000,7000
064590,牧德永豐9C購01  ,0,0,0,0,0,0,0,0,0,7000,0,0,0,67000,60000,7000,7000
064741,南亞科國票01購01,0,0,0,0,0,0,0,0,0,7000,0,0,0,7000,0,7000,7000
6168,宏齊            ,127000,119000,8000,0,0,0,0,0,0,-1000,0,1000,-1000,0,0,0,7000
4912,聯德控股-KY     ,28000,21000,7000,0,0,0,0,0,0,0,0,0,0,0,0,0,7000
2425,承啟            ,132000,125000,7000,0,0,0,0,0,0,0,0,0,0,0,0,0,7000
1445,大宇            ,17000,15000,2000,0,0,0,0,0,0,5000,5000,0,5000,0,0,0,7000
07938P,國巨統一9B售10  ,0,0,0,0,0,0,0,0,0,6000,0,0,0,7000,1000,6000,6000
07074P,FBVIX凱基9A售01 ,0,0,0,0,0,0,0,0,0,6000,0,0,0,6000,0,6000,6000
08623P,健策群益01售04  ,0,0,0,0,0,0,0,0,0,6000,0,0,0,286000,280000,6000,6000
08521P,台達電元大9C售03,0,0,0,0,0,0,0,0,0,6000,0,0,0,70000,64000,6000,6000
06698P,玉晶光國票99售05,0,0,0,0,0,0,0,0,0,6000,0,0,0,11000,5000,6000,6000
066723,聯電元大02購01  ,0,0,0,0,0,0,0,0,0,6000,0,0,0,15000,9000,6000,6000
066534,華通台新01購02  ,0,0,0,0,0,0,0,0,0,6000,0,0,0,6000,0,6000,6000
066550,國泰金元大01購01,0,0,0,0,0,0,0,0,0,6000,0,0,0,6000,0,6000,6000
066587,台船群益01購01  ,0,0,0,0,0,0,0,0,0,6000,0,0,0,6000,0,6000,6000
057825,和碩元大98購02  ,0,0,0,0,0,0,0,0,0,6000,0,0,0,6000,0,6000,6000
057788,嘉聯益國票99購01,0,0,0,0,0,0,0,0,0,6000,0,0,0,145000,139000,6000,6000
060888,金像電統一9C購01,0,0,0,0,0,0,0,0,0,6000,0,0,0,146000,140000,6000,6000
060747,聯鈞國票9A購02  ,0,0,0,0,0,0,0,0,0,6000,0,0,0,87000,81000,6000,6000
057201,華擎元富98購01  ,0,0,0,0,0,0,0,0,0,6000,0,0,0,6000,0,6000,6000
057961,茂林元大9A購01  ,0,0,0,0,0,0,0,0,0,6000,0,0,0,80000,74000,6000,6000
058612,健策元大99購02  ,0,0,0,0,0,0,0,0,0,6000,0,0,0,6000,0,6000,6000
058036,南電永豐98購01  ,0,0,0,0,0,0,0,0,0,6000,0,0,0,6000,0,6000,6000
058499,滬深2X元大9C購01,0,0,0,0,0,0,0,0,0,6000,0,0,0,6000,0,6000,6000
058408,華通兆豐99購02  ,0,0,0,0,0,0,0,0,0,6000,0,0,0,16000,10000,6000,6000
055449,超眾統一9A購01  ,0,0,0,0,0,0,0,0,0,6000,0,0,0,6000,0,6000,6000
055771,台積電日盛97購04,0,0,0,0,0,0,0,0,0,6000,0,0,0,6000,0,6000,6000
055955,微星元大97購01  ,0,0,0,0,0,0,0,0,0,6000,0,0,0,6000,0,6000,6000
054586,健鼎國泰99購01  ,0,0,0,0,0,0,0,0,0,6000,0,0,0,6000,0,6000,6000
00680L,元大美債20正2   ,0,14000,-14000,0,0,0,0,0,0,20000,0,0,0,66000,46000,20000,6000
053377,台積電元大98購01,0,0,0,0,0,0,0,0,0,6000,0,0,0,6000,0,6000,6000
056340,可成凱基98購04  ,0,0,0,0,0,0,0,0,0,6000,0,0,0,6000,0,6000,6000
062287,康友群益9B購02  ,0,0,0,0,0,0,0,0,0,6000,0,0,0,6000,0,6000,6000
062621,緯穎元大9B購05  ,0,0,0,0,0,0,0,0,0,6000,0,0,0,76000,70000,6000,6000
062512,美食國票9B購01  ,0,0,0,0,0,0,0,0,0,6000,0,0,0,6000,0,6000,6000
062843,臺股指群益9B購10,0,0,0,0,0,0,0,0,0,6000,0,0,0,6000,0,6000,6000
062661,華通群益9B購05  ,0,0,0,0,0,0,0,0,0,6000,0,0,0,6000,0,6000,6000
062712,晶技麥證9B購02  ,0,0,0,6000,0,6000,0,0,0,6000,0,0,0,6000,0,6000,6000
062988,儒鴻群益9B購01  ,0,0,0,0,0,0,0,0,0,6000,0,0,0,15000,9000,6000,6000
060546,旺宏凱基9A購02  ,0,0,0,0,0,0,0,0,0,6000,0,0,0,6000,0,6000,6000
059996,美律元富99購01  ,0,0,0,0,0,0,0,0,0,6000,0,0,0,31000,25000,6000,6000
059728,聯鈞元大99購01  ,0,0,0,0,0,0,0,0,0,6000,0,0,0,9000,3000,6000,6000
058783,臺股指國票99購02,0,0,0,0,0,0,0,0,0,6000,0,0,0,6000,0,6000,6000
059425,SGBR2X元大9A購02,0,0,0,0,0,0,0,0,0,6000,0,0,0,105000,99000,6000,6000
059608,聯發科富邦9B購04,0,0,0,0,0,0,0,0,0,6000,0,0,0,6000,0,6000,6000
058824,晶技富邦9A購01  ,0,0,0,0,0,0,0,0,0,6000,0,0,0,8000,2000,6000,6000
059092,聯陽元大99購01  ,0,0,0,0,0,0,0,0,0,6000,0,0,0,6000,0,6000,6000
058855,台積電兆豐99購02,0,0,0,0,0,0,0,0,0,6000,0,0,0,6000,0,6000,6000
061474,瑞昱元大9A購04  ,0,0,0,0,0,0,0,0,0,6000,0,0,0,13000,7000,6000,6000
061283,智邦統一9A購01  ,0,0,0,0,0,0,0,0,0,6000,0,0,0,39000,33000,6000,6000
061266,國泰金凱基9B購01,0,0,0,0,0,0,0,0,0,6000,0,0,0,6000,0,6000,6000
061599,元金反中信9C購01,0,0,0,0,0,0,0,0,0,6000,0,0,0,6000,0,6000,6000
065054,百和凱基02購01  ,0,0,0,0,0,0,0,0,0,6000,0,0,0,6000,0,6000,6000
064992,玉晶光兆豐01購01,0,0,0,0,0,0,0,0,0,6000,0,0,0,17000,11000,6000,6000
065356,聯發科元富03購06,0,0,0,0,0,0,0,0,0,6000,0,0,0,38000,32000,6000,6000
065224,和大凱基02購02  ,0,0,0,0,0,0,0,0,0,6000,0,0,0,6000,0,6000,6000
065670,華新科凱基01購02,0,0,0,0,0,0,0,0,0,6000,0,0,0,11000,5000,6000,6000
063274,鈺齊兆豐9B購01  ,0,0,0,0,0,0,0,0,0,6000,0,0,0,36000,30000,6000,6000
063333,同欣電國票9C購01,0,0,0,0,0,0,0,0,0,6000,0,0,0,6000,0,6000,6000
063224,泰鼎群益9B購02  ,0,0,0,0,0,0,0,0,0,6000,0,0,0,11000,5000,6000,6000
063407,泰鼎國票9C購01  ,0,0,0,0,0,0,0,0,0,6000,0,0,0,6000,0,6000,6000
063413,台積電麥證01購01,0,0,0,6000,0,6000,0,0,0,6000,0,0,0,6000,0,6000,6000
063544,華新科台新9B購02,0,0,0,0,0,0,0,0,0,6000,0,0,0,10000,4000,6000,6000
063634,台光電元大9B購09,0,0,0,0,0,0,0,0,0,6000,0,0,0,87000,81000,6000,6000
063777,儒鴻永豐9B購02  ,0,0,0,0,0,0,0,0,0,6000,0,0,0,16000,10000,6000,6000
064068,義隆永豐9C購01  ,0,0,0,0,0,0,0,0,0,6000,0,0,0,245000,239000,6000,6000
064278,高鐵元大9C購02  ,0,0,0,0,0,0,0,0,0,6000,0,0,0,28000,22000,6000,6000
064220,力山國票01購01  ,0,0,0,0,0,0,0,0,0,6000,0,0,0,7000,1000,6000,6000
4571,鈞興-KY         ,9000,3000,6000,0,0,0,0,0,0,0,0,0,0,0,0,0,6000
066602,滬深2X富邦03購01,0,0,0,0,0,0,0,0,0,5000,0,0,0,6000,1000,5000,5000
066391,國巨凱基01購04  ,0,0,0,0,0,0,0,0,0,5000,0,0,0,5000,0,5000,5000
066744,和碩元大01購02  ,0,0,0,0,0,0,0,0,0,5000,0,0,0,5000,0,5000,5000
065747,華通元大9C購07  ,0,0,0,0,0,0,0,0,0,5000,0,0,0,14000,9000,5000,5000
065849,景碩元大9C購03  ,0,0,0,0,0,0,0,0,0,5000,0,0,0,102000,97000,5000,5000
065866,鴻海群益9C購07  ,0,0,0,0,0,0,0,0,0,5000,0,0,0,5000,0,5000,5000
08532P,國巨元富06售02  ,0,0,0,0,0,0,0,0,0,5000,0,0,0,15000,10000,5000,5000
08537P,台光電國票01售03,0,0,0,0,0,0,0,0,0,5000,0,0,0,53000,48000,5000,5000
08495P,同欣電元大9C售08,0,0,0,0,0,0,0,0,0,5000,0,0,0,15000,10000,5000,5000
08576P,嘉澤凱基9C售03  ,0,0,0,0,0,0,0,0,0,5000,0,0,0,15000,10000,5000,5000
08432P,台勝科凱基9C售02,0,0,0,0,0,0,0,0,0,5000,0,0,0,5000,0,5000,5000
08571P,台積電兆豐9C售06,0,0,0,0,0,0,0,0,0,5000,0,0,0,75000,70000,5000,5000
08676P,泰碩群益04售01  ,0,0,0,0,0,0,0,0,0,5000,0,0,0,10000,5000,5000,5000
08709P,台積電台新01售02,0,0,0,0,0,0,0,0,0,5000,0,0,0,30000,25000,5000,5000
08038P,臺股指群益9B售11,0,0,0,0,0,0,0,0,0,5000,0,0,0,15000,10000,5000,5000
08188P,群創群益9B售04  ,0,0,0,0,0,0,0,0,0,5000,0,0,0,5000,0,5000,5000
08286P,大立光凱基9C售04,0,0,0,0,0,0,0,0,0,5000,0,0,0,5000,0,5000,5000
07161P,臺股指群益99售12,0,0,0,0,0,0,0,0,0,5000,0,0,0,5000,0,5000,5000
07205P,鴻海凱基99售11  ,0,0,0,0,0,0,0,0,0,5000,0,0,0,5000,0,5000,5000
06919P,臺股指日盛98售02,0,0,0,0,0,0,0,0,0,5000,0,0,0,45000,40000,5000,5000
07050P,宏達電中信9B售01,0,0,0,0,0,0,0,0,0,5000,0,0,0,35000,30000,5000,5000
07529P,國巨凱基9A售11  ,0,0,0,0,0,0,0,0,0,5000,0,0,0,5000,0,5000,5000
07807P,聯茂永豐9A售02  ,0,0,0,0,0,0,0,0,0,5000,0,0,0,5000,0,5000,5000
07849P,大立光群益9A售06,0,0,0,0,0,0,0,0,0,5000,0,0,0,5000,0,5000,5000
07912P,玉晶光統一9B售02,0,0,0,0,0,0,0,0,0,5000,0,0,0,5000,0,5000,5000
07790P,台灣50元大9A售19,0,0,0,0,0,0,0,0,0,5000,0,0,0,5000,0,5000,5000
07707P,玉山金元大9A售03,0,0,0,0,0,0,0,0,0,5000,0,0,0,15000,10000,5000,5000
07619P,鴻海統一9A售03  ,0,0,0,0,0,0,0,0,0,5000,0,0,0,5000,0,5000,5000
056291,聯茂永豐97購03  ,0,0,0,0,0,0,0,0,0,5000,0,0,0,5000,0,5000,5000
056272,嘉澤統一99購01  ,0,0,0,0,0,0,0,0,0,5000,0,0,0,5000,0,5000,5000
056206,泰鼎永豐97購01  ,0,0,0,0,0,0,0,0,0,5000,0,0,0,5000,0,5000,5000
054259,健策元大97購03  ,0,0,0,0,0,0,0,0,0,5000,0,0,0,5000,0,5000,5000
054162,光罩凱基98購01  ,0,0,0,0,0,0,0,0,0,5000,0,0,0,5000,0,5000,5000
048505,滬深2X群益99購03,0,0,0,0,0,0,0,0,0,5000,0,0,0,30000,25000,5000,5000
049759,元黃金富邦9A購01,0,0,0,0,0,0,0,0,0,5000,0,0,0,5000,0,5000,5000
053028,康控富邦98購01  ,0,0,0,0,0,0,0,0,0,5000,0,0,0,5000,0,5000,5000
056140,康控元大98購01  ,0,0,0,0,0,0,0,0,0,5000,0,0,0,6000,1000,5000,5000
03686P,大立光統一98售02,0,0,0,0,0,0,0,0,0,5000,0,0,0,5000,0,5000,5000
03419B,臺股指元富99熊03,0,0,0,0,0,0,0,0,0,5000,0,0,0,5000,0,5000,5000
00657,國泰日經225     ,0,0,0,0,0,0,0,0,0,5000,0,0,0,107000,102000,5000,5000
020002,元富新中國N     ,0,0,0,0,0,0,0,0,0,5000,0,0,0,5000,0,5000,5000
054556,世芯凱基99購01  ,0,0,0,0,0,0,0,0,0,5000,0,0,0,9000,4000,5000,5000
054635,台達電中信98購01,0,0,0,0,0,0,0,0,0,5000,0,0,0,6000,1000,5000,5000
055220,緯穎凱基98購02  ,0,0,0,0,0,0,0,0,0,5000,0,0,0,5000,0,5000,5000
054769,創意國票98購01  ,0,0,0,0,0,0,0,0,0,5000,0,0,0,23000,18000,5000,5000
055135,聯發科富邦99購05,0,0,0,0,0,0,0,0,0,5000,0,0,0,5000,0,5000,5000
056464,臺股指凱基99購06,0,0,0,0,0,0,0,0,0,5000,0,0,0,10000,5000,5000,5000
055791,臺股指凱基97購14,0,0,0,0,0,0,0,0,0,5000,0,0,0,5000,0,5000,5000
055541,聚陽凱基98購01  ,0,0,0,0,0,0,0,0,0,5000,0,0,0,5000,0,5000,5000
055682,智原凱基98購02  ,0,0,0,0,0,0,0,0,0,5000,0,0,0,5000,0,5000,5000
058404,貿聯元大99購02  ,0,0,0,0,0,0,0,0,0,5000,0,0,0,5000,0,5000,5000
058379,臺股指凱基99購14,0,0,0,0,0,0,0,0,0,5000,0,0,0,5000,0,5000,5000
058441,T50反1台新03購01,0,0,0,0,0,0,0,0,0,5000,0,0,0,5000,0,5000,5000
057540,緯穎日盛99購01  ,0,0,0,0,0,0,0,0,0,5000,0,0,0,25000,20000,5000,5000
054842,台達電兆豐98購01,0,0,0,0,0,0,0,0,0,5000,0,0,0,5000,0,5000,5000
057679,臺股指元大98購09,0,0,0,0,0,0,0,0,0,5000,0,0,0,5000,0,5000,5000
057342,玉晶光台新98購01,0,0,0,0,0,0,0,0,0,5000,0,0,0,5000,0,5000,5000
057307,瀚宇博兆豐99購01,0,0,0,0,0,0,0,0,0,5000,0,0,0,5000,0,5000,5000
056870,全新日盛9A購01  ,0,0,0,0,0,0,0,0,0,5000,0,0,0,5000,0,5000,5000
058531,華通元富99購01  ,0,0,0,0,0,0,0,0,0,5000,0,0,0,5000,0,5000,5000
058297,茂林凱基9A購02  ,0,0,0,0,0,0,0,0,0,5000,0,0,0,50000,45000,5000,5000
057692,臺股指凱基98購10,0,0,0,0,0,0,0,0,0,5000,0,0,0,22000,17000,5000,5000
058178,國巨國泰9A購02  ,0,0,0,0,0,0,0,0,0,5000,0,0,0,5000,0,5000,5000
060673,旺宏元大9A購04  ,0,0,0,0,0,0,0,0,0,5000,0,0,0,5000,0,5000,5000
061181,牧德凱基9A購01  ,0,0,0,0,0,0,0,0,0,5000,0,0,0,5000,0,5000,5000
056635,亞德客日盛99購01,0,0,0,0,0,0,0,0,0,5000,0,0,0,7000,2000,5000,5000
056603,嘉聯益國泰9A購01,0,0,0,0,0,0,0,0,0,5000,0,0,0,5000,0,5000,5000
056548,瀚宇博凱基98購02,0,0,0,0,0,0,0,0,0,5000,0,0,0,20000,15000,5000,5000
056586,光罩統一98購02  ,0,0,0,0,0,0,0,0,0,5000,0,0,0,5000,0,5000,5000
057141,嘉聯益兆豐99購01,0,0,0,0,0,0,0,0,0,5000,0,0,0,5000,0,5000,5000
057078,國巨統一9A購02  ,0,0,0,0,0,0,0,0,0,5000,0,0,0,5000,0,5000,5000
061666,友達中信01購01  ,0,0,0,0,0,0,0,0,0,5000,0,0,0,10000,5000,5000,5000
061638,國泰金元大9A購03,0,0,0,0,0,0,0,0,0,5000,0,0,0,5000,0,5000,5000
061262,智邦凱基9A購02  ,0,0,0,0,0,0,0,0,0,5000,0,0,0,5000,0,5000,5000
061750,台達電台新9B購01,0,0,0,0,0,0,0,0,0,5000,0,0,0,5000,0,5000,5000
061373,華通富邦9A購02  ,0,0,0,0,0,0,0,0,0,5000,0,0,0,245000,240000,5000,5000
061435,元金2X凱基9C購03,0,0,0,0,0,0,0,0,0,5000,0,0,0,25000,20000,5000,5000
058861,國巨凱基9A購08  ,0,0,0,0,0,0,0,0,0,5000,0,0,0,5000,0,5000,5000
058986,華新科凱基9A購03,0,0,0,0,0,0,0,0,0,5000,0,0,0,6000,1000,5000,5000
059662,旭富元大9C購01  ,0,0,0,0,0,0,0,0,0,5000,0,0,0,40000,35000,5000,5000
058848,台積電群益99購07,0,0,0,0,0,0,0,0,0,5000,0,0,0,5000,0,5000,5000
058700,鴻海元大99購15  ,0,0,0,0,0,0,0,0,0,5000,0,0,0,9000,4000,5000,5000
061572,奇力新元大9A購04,0,0,0,0,0,0,0,0,0,5000,0,0,0,5000,0,5000,5000
061555,聯電國票9B購01  ,0,0,0,0,0,0,0,0,0,5000,0,0,0,40000,35000,5000,5000
059459,訊芯永豐99購04  ,0,0,0,0,0,0,0,0,0,5000,0,0,0,5000,0,5000,5000
061869,智邦元大9B購01  ,0,0,0,0,0,0,0,0,0,5000,0,0,0,12000,7000,5000,5000
062040,玉晶光凱基01購01,0,0,0,0,0,0,0,0,0,5000,0,0,0,8000,3000,5000,5000
061944,聯電群益9B購01  ,0,0,0,0,0,0,0,0,0,5000,0,0,0,44000,39000,5000,5000
061114,南電元大9A購04  ,0,0,0,0,0,0,0,0,0,5000,0,0,0,5000,0,5000,5000
060566,聯詠富邦9C購01  ,0,0,0,0,0,0,0,0,0,5000,0,0,0,5000,0,5000,5000
060389,世紀鋼凱基9B購02,0,0,0,0,0,0,0,0,0,5000,0,0,0,5000,0,5000,5000
060957,SP黃豆凱基9A購04,0,0,0,0,0,0,0,0,0,5000,0,0,0,30000,25000,5000,5000
060380,T50反1凱基9A購08,0,0,0,0,0,0,0,0,0,5000,0,0,0,5000,0,5000,5000
060333,金寶康和9A購01  ,0,0,0,0,0,0,0,0,0,5000,0,0,0,273000,268000,5000,5000
059687,卜蜂永豐99購01  ,0,0,0,0,0,0,0,0,0,5000,0,0,0,5000,0,5000,5000
059673,玉山金元富99購01,0,0,0,0,0,0,0,0,0,5000,0,0,0,5000,0,5000,5000
058737,鴻海第一01購01  ,0,0,0,0,0,0,0,0,0,5000,0,0,0,5000,0,5000,5000
059147,矽創國票99購01  ,0,0,0,0,0,0,0,0,0,5000,0,0,0,5000,0,5000,5000
059937,旺宏永豐99購03  ,0,0,0,0,0,0,0,0,0,5000,0,0,0,5000,0,5000,5000
059938,凱美永豐99購01  ,0,0,0,0,0,0,0,0,0,5000,0,0,0,5000,0,5000,5000
05981P,可成永昌98售02  ,0,0,0,0,0,0,0,0,0,5000,0,0,0,5000,0,5000,5000
062254,台光電元大9B購02,0,0,0,0,0,0,0,0,0,5000,0,0,0,8000,3000,5000,5000
062186,晶技元大9B購05  ,0,0,0,0,0,0,0,0,0,5000,0,0,0,10000,5000,5000,5000
062123,台積電統一9B購13,0,0,0,0,0,0,0,0,0,5000,0,0,0,5000,0,5000,5000
062165,聯茂國泰01購01  ,0,0,0,0,0,0,0,0,0,5000,0,0,0,5000,0,5000,5000
062954,世芯永豐9B購03  ,0,0,0,0,0,0,0,0,0,5000,0,0,0,5000,0,5000,5000
062895,道瓊銀元大9C購01,0,0,0,0,0,0,0,0,0,5000,0,0,0,5000,0,5000,5000
06269P,群創凱基98售10  ,0,0,0,0,0,0,0,0,0,5000,0,0,0,45000,40000,5000,5000
062829,泰碩群益9B購01  ,0,0,0,0,0,0,0,0,0,5000,0,0,0,10000,5000,5000,5000
062784,世芯元大9B購01  ,0,0,0,0,0,0,0,0,0,5000,0,0,0,5000,0,5000,5000
062616,玉晶光元大9C購06,0,0,0,0,0,0,0,0,0,5000,0,0,0,37000,32000,5000,5000
062604,東元凱基9B購01  ,0,0,0,0,0,0,0,0,0,5000,0,0,0,15000,10000,5000,5000
062582,鴻海統一9C購11  ,0,0,0,0,0,0,0,0,0,5000,0,0,0,5000,0,5000,5000
06264P,友達凱基98售06  ,0,0,0,0,0,0,0,0,0,5000,0,0,0,5000,0,5000,5000
062371,健策元大9B購08  ,0,0,0,0,0,0,0,0,0,5000,0,0,0,8000,3000,5000,5000
062389,台表科國泰01購01,0,0,0,0,0,0,0,0,0,5000,0,0,0,5000,0,5000,5000
062385,玉晶光國泰01購01,0,0,0,0,0,0,0,0,0,5000,0,0,0,5000,0,5000,5000
064230,上銀統一01購04  ,0,0,0,0,0,0,0,0,0,5000,0,0,0,20000,15000,5000,5000
064146,瑞昱統一01購03  ,0,0,0,0,0,0,0,0,0,5000,0,0,0,5000,0,5000,5000
064094,達新群益9C購01  ,0,0,0,0,0,0,0,0,0,5000,0,0,0,5000,0,5000,5000
064070,祥碩永豐9C購01  ,0,0,0,0,0,0,0,0,0,5000,0,0,0,291000,286000,5000,5000
064073,南電永豐9C購01  ,0,0,0,0,0,0,0,0,0,5000,0,0,0,5000,0,5000,5000
063855,臺股指元大9C購08,0,0,0,0,0,0,0,0,0,5000,0,0,0,5000,0,5000,5000
063504,國巨群益9C購06  ,0,0,0,0,0,0,0,0,0,5000,0,0,0,10000,5000,5000,5000
063478,GIS元大9B購03   ,0,0,0,0,0,0,0,0,0,5000,0,0,0,40000,35000,5000,5000
06320P,上銀統一97售04  ,0,0,0,0,0,0,0,0,0,5000,0,0,0,5000,0,5000,5000
063173,矽格中信9B購01  ,0,0,0,0,0,0,0,0,0,5000,0,0,0,5000,0,5000,5000
063124,奇力新元大9B購05,0,0,0,0,0,0,0,0,0,5000,0,0,0,5000,0,5000,5000
063344,臺企銀統一9C購01,0,0,0,0,0,0,0,0,0,5000,0,0,0,45000,40000,5000,5000
065631,台積電國票9C購10,0,0,0,0,0,0,0,0,0,5000,0,0,0,5000,0,5000,5000
065408,華通永豐9C購02  ,0,0,0,0,0,0,0,0,0,5000,0,0,0,6000,1000,5000,5000
065549,智邦凱基9C購03  ,0,0,0,0,0,0,0,0,0,5000,0,0,0,5000,0,5000,5000
06509P,鴻海群益98售03  ,0,0,0,0,0,0,0,0,0,5000,0,0,0,5000,0,5000,5000
064956,麗豐凱基9C購01  ,0,0,0,0,0,0,0,0,0,5000,0,0,0,25000,20000,5000,5000
065042,國產凱基02購01  ,0,0,0,0,0,0,0,0,0,5000,0,0,0,31000,26000,5000,5000
065019,華邦電富邦9C購01,0,0,0,0,0,0,0,0,0,5000,0,0,0,5000,0,5000,5000
064888,景碩中信9C購01  ,0,0,0,0,0,0,0,0,0,5000,0,0,0,5000,0,5000,5000
064726,創意統一01購03  ,0,0,0,0,0,0,0,0,0,5000,0,0,0,10000,5000,5000,5000
064697,健策群益01購02  ,0,0,0,0,0,0,0,0,0,5000,0,0,0,111000,106000,5000,5000
064591,臻鼎永豐9C購01  ,0,0,0,0,0,0,0,0,0,5000,0,0,0,31000,26000,5000,5000
064550,南茂凱基01購01  ,0,0,0,0,0,0,0,0,0,5000,0,0,0,5000,0,5000,5000
064519,聯詠群益9C購01  ,0,0,0,0,0,0,0,0,0,5000,0,0,0,20000,15000,5000,5000
064501,大立光元大01購02,0,0,0,0,0,0,0,0,0,5000,0,0,0,48000,43000,5000,5000
6201,亞弘電          ,4000,3000,1000,0,0,0,0,0,0,4000,4000,0,4000,0,0,0,5000
3040,遠見            ,194000,188000,6000,0,0,0,0,0,0,-1000,0,1000,-1000,0,0,0,5000
2540,愛山林          ,11000,5000,6000,0,0,0,0,0,0,-1000,0,1000,-1000,0,0,0,5000
07669P,華新科元大9A售14,0,0,0,0,0,0,0,0,0,4000,0,0,0,4000,0,4000,4000
07368P,國巨凱基99售19  ,0,0,0,0,0,0,0,0,0,4000,0,0,0,4000,0,4000,4000
06941P,國巨統一98售07  ,0,0,0,0,0,0,0,0,0,4000,0,0,0,10000,6000,4000,4000
08193P,同欣電國票9C售02,0,0,0,0,0,0,0,0,0,4000,0,0,0,24000,20000,4000,4000
06587P,國巨元大98售13  ,0,0,0,0,0,0,0,0,0,4000,0,0,0,4000,0,4000,4000
066126,南港群益01購01  ,0,0,0,0,0,0,0,0,0,4000,0,0,0,5000,1000,4000,4000
066657,滬深2X凱基04購01,0,0,0,0,0,0,0,0,0,4000,0,0,0,4000,0,4000,4000
066539,晶技兆豐01購02  ,0,0,0,0,0,0,0,0,0,4000,0,0,0,39000,35000,4000,4000
066501,鴻海富邦03購01  ,0,0,0,0,0,0,0,0,0,4000,0,0,0,790000,786000,4000,4000
056910,超眾元大99購02  ,0,0,0,0,0,0,0,0,0,4000,0,0,0,4000,0,4000,4000
057855,晶技國票99購01  ,0,0,0,0,0,0,0,0,0,4000,0,0,0,4000,0,4000,4000
056593,台積電元富98購02,0,0,0,0,0,0,0,0,0,4000,0,0,0,4000,0,4000,4000
056658,美食元大98購01  ,0,0,0,0,0,0,0,0,0,4000,0,0,0,4000,0,4000,4000
056721,台灣50永昌9A購01,0,0,0,0,0,0,0,0,0,4000,0,0,0,14000,10000,4000,4000
061187,瀚宇博國泰9C購01,0,0,0,0,0,0,0,0,0,4000,0,0,0,4000,0,4000,4000
057202,TPK元富98購02   ,0,0,0,0,0,0,0,0,0,4000,0,0,0,4000,0,4000,4000
060763,聯鈞元大9A購03  ,0,0,0,0,0,0,0,0,0,4000,0,0,0,171000,167000,4000,4000
060801,滬深2X中信01購01,0,0,0,0,0,0,0,0,0,4000,0,0,0,4000,0,4000,4000
058147,鈺齊元大99購01  ,0,0,0,0,0,0,0,0,0,4000,0,0,0,94000,90000,4000,4000
057685,台灣50凱基9C購01,0,0,0,0,0,0,0,0,0,4000,0,0,0,4000,0,4000,4000
057907,台達電亞東99購01,0,0,0,0,0,0,0,0,0,4000,0,0,0,4000,0,4000,4000
057892,上証2X元富02購01,0,0,0,0,0,0,0,0,0,4000,0,0,0,4000,0,4000,4000
057669,嘉晶元大99購03  ,0,0,0,0,0,0,0,0,0,4000,0,0,0,14000,10000,4000,4000
058570,臻鼎凱基9A購01  ,0,0,0,0,0,0,0,0,0,4000,0,0,0,4000,0,4000,4000
057311,玉晶光日盛9A購01,0,0,0,0,0,0,0,0,0,4000,0,0,0,4000,0,4000,4000
054923,晶技凱基98購01  ,0,0,0,0,0,0,0,0,0,4000,0,0,0,12000,8000,4000,4000
055956,瑞昱元大97購05  ,0,0,0,0,0,0,0,0,0,4000,0,0,0,4000,0,4000,4000
056466,臺股指凱基99購08,0,0,0,0,0,0,0,0,0,4000,0,0,0,14000,10000,4000,4000
054751,GIS凱基98購01   ,0,0,0,0,0,0,0,0,0,4000,0,0,0,30000,26000,4000,4000
00866,新光Shiller CAPE,0,0,0,0,0,0,0,0,0,4000,0,0,0,32000,28000,4000,4000
053088,奇鋐元大98購01  ,0,0,0,0,0,0,0,0,0,4000,0,0,0,41000,37000,4000,4000
036630,玉山金台新99購01,0,0,0,0,0,0,0,0,0,4000,0,0,0,4000,0,4000,4000
03810P,大立光富邦98售01,0,0,0,0,0,0,0,0,0,4000,0,0,0,4000,0,4000,4000
053728,茂林凱基97購01  ,0,0,0,0,0,0,0,0,0,4000,0,0,0,4000,0,4000,4000
052692,滬深2X中信99購02,0,0,0,0,0,0,0,0,0,4000,0,0,0,4000,0,4000,4000
062462,GIS群益9B購01   ,0,0,0,0,0,0,0,0,0,4000,0,0,0,4000,0,4000,4000
062307,華通凱基9C購01  ,0,0,0,0,0,0,0,0,0,4000,0,0,0,5000,1000,4000,4000
062501,台積電群益9C購03,0,0,0,0,0,0,0,0,0,4000,0,0,0,43000,39000,4000,4000
062741,立積國票9B購02  ,0,0,0,0,0,0,0,0,0,4000,0,0,0,5000,1000,4000,4000
062220,台光電統一01購01,0,0,0,0,0,0,0,0,0,4000,0,0,0,85000,81000,4000,4000
062208,旭富國票9C購01  ,0,0,0,0,0,0,0,0,0,4000,0,0,0,65000,61000,4000,4000
060247,牧德元大9A購02  ,0,0,0,0,0,0,0,0,0,4000,0,0,0,4000,0,4000,4000
059979,台積電元大99購49,0,0,0,0,0,0,0,0,0,4000,0,0,0,4000,0,4000,4000
060189,宏達電元富9B購03,0,0,0,0,0,0,0,0,0,4000,0,0,0,10000,6000,4000,4000
059722,南亞科元大99購02,0,0,0,0,0,0,0,0,0,4000,0,0,0,10000,6000,4000,4000
059771,台積電群益99購11,0,0,0,0,0,0,0,0,0,4000,0,0,0,4000,0,4000,4000
059343,宏達電凱基99購04,0,0,0,0,0,0,0,0,0,4000,0,0,0,6000,2000,4000,4000
059349,台郡凱基99購04  ,0,0,0,0,0,0,0,0,0,4000,0,0,0,4000,0,4000,4000
061871,瑞昱元大9B購01  ,0,0,0,0,0,0,0,0,0,4000,0,0,0,6000,2000,4000,4000
061857,康友國票9B購01  ,0,0,0,0,0,0,0,0,0,4000,0,0,0,24000,20000,4000,4000
061902,百和永豐9B購01  ,0,0,0,0,0,0,0,0,0,4000,0,0,0,4000,0,4000,4000
060545,台積電凱基9B購02,0,0,0,0,0,0,0,0,0,4000,0,0,0,7000,3000,4000,4000
058727,嘉晶富邦9A購01  ,0,0,0,0,0,0,0,0,0,4000,0,0,0,30000,26000,4000,4000
058900,旺宏元大99購11  ,0,0,0,0,0,0,0,0,0,4000,0,0,0,4000,0,4000,4000
059064,緯穎凱基99購02  ,0,0,0,0,0,0,0,0,0,4000,0,0,0,10000,6000,4000,4000
059068,台虹國票9A購01  ,0,0,0,0,0,0,0,0,0,4000,0,0,0,59000,55000,4000,4000
061446,鴻海中信04購01  ,0,0,0,0,0,0,0,0,0,4000,0,0,0,5000,1000,4000,4000
061505,力成國票9A購03  ,0,0,0,0,0,0,0,0,0,4000,0,0,0,4000,0,4000,4000
061259,台積電凱基9A購21,0,0,0,0,0,0,0,0,0,4000,0,0,0,10000,6000,4000,4000
061813,鴻海群益9B購02  ,0,0,0,0,0,0,0,0,0,4000,0,0,0,9000,5000,4000,4000
061829,T50反1凱基9C購02,0,0,0,0,0,0,0,0,0,4000,0,0,0,4000,0,4000,4000
061651,世紀鋼元大9C購02,0,0,0,0,0,0,0,0,0,4000,0,0,0,110000,106000,4000,4000
064583,光寶科永豐9C購01,0,0,0,0,0,0,0,0,0,4000,0,0,0,6000,2000,4000,4000
064689,台積電群益9C購09,0,0,0,0,0,0,0,0,0,4000,0,0,0,70000,66000,4000,4000
064674,鈺齊元大9C購01  ,0,0,0,0,0,0,0,0,0,4000,0,0,0,77000,73000,4000,4000
064877,可成兆豐9C購02  ,0,0,0,0,0,0,0,0,0,4000,0,0,0,14000,10000,4000,4000
063323,同欣電群益9B購03,0,0,0,0,0,0,0,0,0,4000,0,0,0,4000,0,4000,4000
06345P,臺股指統一9A售01,0,0,0,0,0,0,0,0,0,4000,0,0,0,4000,0,4000,4000
063639,華擎元大9C購03  ,0,0,0,0,0,0,0,0,0,4000,0,0,0,156000,152000,4000,4000
063891,國巨群益9C購07  ,30000,60000,-30000,0,0,0,0,0,0,34000,0,0,0,60000,26000,34000,4000
063935,上証2X元大9C購05,0,0,0,0,0,0,0,0,0,4000,0,0,0,4000,0,4000,4000
063905,健策麥證02購01  ,0,0,0,17000,13000,4000,0,0,0,4000,0,0,0,17000,13000,4000,4000
063850,玉晶光元大9C購07,0,0,0,0,0,0,0,0,0,4000,0,0,0,12000,8000,4000,4000
064008,日月光凱基9C購01,0,0,0,0,0,0,0,0,0,4000,0,0,0,524000,520000,4000,4000
064123,台積電元大9C購09,0,0,0,0,0,0,0,0,0,4000,0,0,0,4000,0,4000,4000
1413,宏洲            ,4000,1000,3000,0,0,0,0,0,0,1000,1000,0,1000,0,0,0,4000
1540,喬福            ,40000,36000,4000,0,0,0,0,0,0,0,0,0,0,0,0,0,4000
910322,康師傅-DR       ,6000,2000,4000,0,0,0,0,0,0,0,0,0,0,0,0,0,4000
8940,新天地          ,5000,1000,4000,0,0,0,0,0,0,0,0,0,0,0,0,0,4000
9912,偉聯            ,5000,0,5000,0,0,0,0,0,0,-1000,0,1000,-1000,0,0,0,4000
066455,聯發科統一01購10,0,0,0,0,0,0,0,0,0,3000,0,0,0,19000,16000,3000,3000
06631P,玉晶光群益9A售03,0,0,0,0,0,0,0,0,0,3000,0,0,0,13000,10000,3000,3000
06860P,台灣50兆豐98售01,0,0,0,0,0,0,0,0,0,3000,0,0,0,3000,0,3000,3000
06602P,國巨統一99售02  ,0,0,0,0,0,0,0,0,0,3000,0,0,0,53000,50000,3000,3000
066168,強茂凱基01購02  ,0,0,0,0,0,0,0,0,0,3000,0,0,0,49000,46000,3000,3000
065914,智邦凱基02購03  ,0,0,0,0,0,0,0,0,0,3000,0,0,0,4000,1000,3000,3000
08504P,臺股指國票9C售06,0,0,0,0,0,0,0,0,0,3000,0,0,0,3000,0,3000,3000
07006P,旺宏統一9B售03  ,0,0,0,0,0,0,0,0,0,3000,0,0,0,4000,1000,3000,3000
07151P,台灣50統一9B售04,0,0,0,0,0,0,0,0,0,3000,0,0,0,4000,1000,3000,3000
07269P,台灣50元大01售08,0,0,0,0,0,0,0,0,0,3000,0,0,0,3000,0,3000,3000
07660P,聯茂凱基9A售03  ,0,0,0,0,0,0,0,0,0,3000,0,0,0,22000,19000,3000,3000
07814P,華通群益9A售06  ,0,0,0,0,0,0,0,0,0,3000,0,0,0,3000,0,3000,3000
052344,台表科凱基98購01,0,0,0,0,0,0,0,0,0,3000,0,0,0,3000,0,3000,3000
050316,上証2X國票98購01,0,0,0,0,0,0,0,0,0,3000,0,0,0,3000,0,3000,3000
056407,嘉晶國票99購01  ,0,0,0,0,0,0,0,0,0,3000,0,0,0,3000,0,3000,3000
053770,元金2X元大98購01,0,0,0,0,0,0,0,0,0,3000,0,0,0,4000,1000,3000,3000
053644,台表科國票97購03,0,0,0,0,0,0,0,0,0,3000,0,0,0,3000,0,3000,3000
03686C,臺股指元大04牛05,0,0,0,0,0,0,0,0,0,3000,0,0,0,3000,0,3000,3000
054627,義隆凱基98購01  ,0,0,0,0,0,0,0,0,0,3000,0,0,0,3000,0,3000,3000
055160,玉晶光元大99購03,0,0,0,0,0,0,0,0,0,3000,0,0,0,3000,0,3000,3000
055910,瑞昱凱基98購01  ,0,0,0,0,0,0,0,0,0,3000,0,0,0,3000,0,3000,3000
056079,世紀鋼元大97購02,0,0,0,0,0,0,0,0,0,3000,0,0,0,5000,2000,3000,3000
057425,臺股指凱基9C購02,0,0,0,0,0,0,0,0,0,3000,0,0,0,13000,10000,3000,3000
057405,麗豐群益98購01  ,0,0,0,0,0,0,0,0,0,3000,0,0,0,3000,0,3000,3000
057420,美食凱基98購01  ,0,0,0,0,0,0,0,0,0,3000,0,0,0,3000,0,3000,3000
057421,智原凱基98購04  ,0,0,0,0,0,0,0,0,0,3000,0,0,0,28000,25000,3000,3000
057988,鈺齊元富98購02  ,0,0,0,0,0,0,0,0,0,3000,0,0,0,20000,17000,3000,3000
057962,超眾元大99購03  ,0,0,0,0,0,0,0,0,0,3000,0,0,0,3000,0,3000,3000
057603,樺漢群益98購02  ,0,0,0,0,0,0,0,0,0,3000,0,0,0,3000,0,3000,3000
058271,訊連永豐99購01  ,0,0,0,0,0,0,0,0,0,3000,0,0,0,3000,0,3000,3000
060752,上銀元大9A購04  ,0,0,0,0,0,0,0,0,0,3000,0,0,0,3000,0,3000,3000
060696,道瓊反國泰9C購01,0,0,0,0,0,0,0,0,0,3000,0,0,0,3000,0,3000,3000
057207,立積元富98購02  ,0,0,0,0,0,0,0,0,0,3000,0,0,0,120000,117000,3000,3000
056663,臺股指元大9A購10,0,0,0,0,0,0,0,0,0,3000,0,0,0,3000,0,3000,3000
056671,台灣50元富9A購01,0,0,0,0,0,0,0,0,0,3000,0,0,0,36000,33000,3000,3000
056899,可成元大98購01  ,0,0,0,0,0,0,0,0,0,3000,0,0,0,5000,2000,3000,3000
056970,TPK永豐98購01   ,0,0,0,0,0,0,0,0,0,3000,0,0,0,43000,40000,3000,3000
061640,智原元大9A購01  ,0,0,0,0,0,0,0,0,0,3000,0,0,0,6000,3000,3000,3000
061824,聯電麥證9B購01  ,0,0,0,3000,0,3000,0,0,0,3000,0,0,0,3000,0,3000,3000
061380,巨大永豐9A購02  ,0,0,0,0,0,0,0,0,0,3000,0,0,0,3000,0,3000,3000
058822,樺漢國泰9B購01  ,0,0,0,0,0,0,0,0,0,3000,0,0,0,3000,0,3000,3000
058725,美律富邦9A購01  ,0,0,0,0,0,0,0,0,0,3000,0,0,0,3000,0,3000,3000
061558,旺宏國票9B購02  ,0,0,0,0,0,0,0,0,0,3000,0,0,0,3000,0,3000,3000
06154P,超眾元大98售01  ,0,0,0,0,0,0,0,0,0,3000,0,0,0,3000,0,3000,3000
061935,台積電國票9B購07,0,0,0,0,0,0,0,0,0,3000,0,0,0,23000,20000,3000,3000
059260,國巨中信99購05  ,0,0,0,0,0,0,0,0,0,3000,0,0,0,3000,0,3000,3000
060633,玉晶光富邦02購01,0,0,0,0,0,0,0,0,0,3000,0,0,0,3000,0,3000,3000
061095,台積電台新9B購03,0,0,0,0,0,0,0,0,0,3000,0,0,0,7000,4000,3000,3000
058779,大立光國票9A購02,0,0,0,0,0,0,0,0,0,3000,0,0,0,196000,193000,3000,3000
058741,欣興日盛99購01  ,0,0,0,0,0,0,0,0,0,3000,0,0,0,3000,0,3000,3000
060320,元金2X群益02購01,0,0,0,0,0,0,0,0,0,3000,0,0,0,5000,2000,3000,3000
062071,華通元大9B購02  ,0,0,0,0,0,0,0,0,0,3000,0,0,0,8000,5000,3000,3000
062171,中磊永豐9B購01  ,0,0,0,0,0,0,0,0,0,3000,0,0,0,96000,93000,3000,3000
062739,嘉晶國票9B購02  ,0,0,0,0,0,0,0,0,0,3000,0,0,0,10000,7000,3000,3000
062801,宏達電統一01購01,0,0,0,0,0,0,0,0,0,3000,0,0,0,181000,178000,3000,3000
062889,可成群益9C購01  ,0,0,0,0,0,0,0,0,0,3000,0,0,0,5000,2000,3000,3000
062641,瀚宇博國票9B購01,0,0,0,0,0,0,0,0,0,3000,0,0,0,3000,0,3000,3000
062346,智邦群益9B購02  ,0,0,0,0,0,0,0,0,0,3000,0,0,0,3000,0,3000,3000
062432,上銀元大9B購04  ,0,0,0,0,0,0,0,0,0,3000,0,0,0,20000,17000,3000,3000
064129,新日興元大9C購02,0,0,0,0,0,0,0,0,0,3000,0,0,0,3000,0,3000,3000
064345,創意元大9C購03  ,0,0,0,0,0,0,0,0,0,3000,0,0,0,3000,0,3000,3000
064315,創意群益9C購01  ,0,0,0,0,0,0,0,0,0,3000,0,0,0,4000,1000,3000,3000
064364,高鐵統一9C購02  ,0,0,0,0,0,0,0,0,0,3000,0,0,0,3000,0,3000,3000
064379,TPK元富9C購01   ,0,0,0,0,0,0,0,0,0,3000,0,0,0,3000,0,3000,3000
063988,華通永豐9C購01  ,0,0,0,0,0,0,0,0,0,3000,0,0,0,37000,34000,3000,3000
064041,國巨統一01購07  ,0,0,0,0,0,0,0,0,0,3000,0,0,0,4000,1000,3000,3000
063599,智邦凱基9B購04  ,0,0,0,0,0,0,0,0,0,3000,0,0,0,3000,0,3000,3000
063725,聯電元大9C購03  ,0,0,0,0,0,0,0,0,0,3000,0,0,0,28000,25000,3000,3000
063415,台積電凱基03購01,0,0,0,0,0,0,0,0,0,3000,0,0,0,6000,3000,3000,3000
063286,嘉澤元大9B購04  ,0,0,0,0,0,0,0,0,0,3000,0,0,0,146000,143000,3000,3000
063048,聯詠兆豐9B購01  ,0,0,0,0,0,0,0,0,0,3000,0,0,0,3000,0,3000,3000
063180,台塑凱基9B購01  ,0,0,0,0,0,0,0,0,0,3000,0,0,0,3000,0,3000,3000
063210,百和統一9C購01  ,0,0,0,0,0,0,0,0,0,3000,0,0,0,3000,0,3000,3000
064860,聯發科富邦03購01,0,0,0,0,0,0,0,0,0,3000,0,0,0,19000,16000,3000,3000
064568,聯鈞群益9C購01  ,0,0,0,0,0,0,0,0,0,3000,0,0,0,18000,15000,3000,3000
064529,友達中信01購03  ,0,0,0,0,0,0,0,0,0,3000,0,0,0,3000,0,3000,3000
065104,南茂元大9C購02  ,0,0,0,0,0,0,0,0,0,3000,0,0,0,39000,36000,3000,3000
065207,奇力新國票9C購02,0,0,0,0,0,0,0,0,0,3000,0,0,0,9000,6000,3000,3000
065173,可成元大9C購10  ,0,0,0,0,0,0,0,0,0,3000,0,0,0,4000,1000,3000,3000
065347,聯發科統一9C購15,0,0,0,0,0,0,0,0,0,3000,0,0,0,10000,7000,3000,3000
065464,健鼎中信9C購01  ,0,0,0,0,0,0,0,0,0,3000,0,0,0,51000,48000,3000,3000
8480,泰昇-KY         ,14000,11000,3000,0,0,0,0,0,0,0,0,0,0,0,0,0,3000
6216,居易            ,3000,1000,2000,0,0,0,0,0,0,1000,1000,0,1000,0,0,0,3000
6655,科定            ,5000,2000,3000,0,0,0,0,0,0,0,0,0,0,0,0,0,3000
1713,國化            ,0,5000,-5000,0,0,0,0,0,0,8000,8000,0,8000,0,0,0,3000
1316,上曜            ,88000,79000,9000,0,0,0,0,0,0,-6000,0,6000,-6000,0,0,0,3000
2722,夏都            ,16000,13000,3000,0,0,0,0,0,0,0,0,0,0,0,0,0,3000
07892P,臺股指國票9B售02,0,0,0,0,0,0,0,0,0,2000,0,0,0,2000,0,2000,2000
07992P,玉晶光群益01售04,0,0,0,0,0,0,0,0,0,2000,0,0,0,442000,440000,2000,2000
07266P,大立光元大99售19,0,0,0,0,0,0,0,0,0,2000,0,0,0,7000,5000,2000,2000
07094P,華通國票9A售03  ,0,0,0,0,0,0,0,0,0,2000,0,0,0,2000,0,2000,2000
07026P,超眾凱基99售03  ,0,0,0,0,0,0,0,0,0,2000,0,0,0,2000,0,2000,2000
06922P,元上證群益9C售01,0,0,0,0,0,0,0,0,0,2000,0,0,0,2000,0,2000,2000
08445P,臺股指麥證9C售03,0,0,0,8000,6000,2000,0,0,0,2000,0,0,0,8000,6000,2000,2000
08607P,聯發科富邦03售04,0,0,0,0,0,0,0,0,0,2000,0,0,0,145000,143000,2000,2000
08650P,臺股指元大9C售36,0,0,0,0,0,0,0,0,0,2000,0,0,0,2000,0,2000,2000
065881,京元電台新9C購01,0,0,0,0,0,0,0,0,0,2000,0,0,0,2000,0,2000,2000
065805,京鼎群益01購01  ,0,0,0,0,0,0,0,0,0,2000,0,0,0,2000,0,2000,2000
066010,凌華統一04購01  ,0,0,0,0,0,0,0,0,0,2000,0,0,0,2000,0,2000,2000
065984,緯創富邦03購01  ,0,0,0,0,0,0,0,0,0,2000,0,0,0,102000,100000,2000,2000
066478,鴻海元富07購02  ,0,0,0,0,0,0,0,0,0,2000,0,0,0,2000,0,2000,2000
066505,可成富邦03購01  ,0,0,0,0,0,0,0,0,0,2000,0,0,0,4000,2000,2000,2000
056900,可成元大98購02  ,0,0,0,0,0,0,0,0,0,2000,0,0,0,2000,0,2000,2000
057084,立積統一9B購01  ,0,0,0,0,0,0,0,0,0,2000,0,0,0,2000,0,2000,2000
057150,貿聯國票99購02  ,0,0,0,0,0,0,0,0,0,2000,0,0,0,5000,3000,2000,2000
056716,康舒永豐98購01  ,0,0,0,0,0,0,0,0,0,2000,0,0,0,12000,10000,2000,2000
057785,智邦國票99購02  ,0,0,0,0,0,0,0,0,0,2000,0,0,0,2000,0,2000,2000
057809,英業達元大98購01,0,0,0,0,0,0,0,0,0,2000,0,0,0,2000,0,2000,2000
056592,台積電元富98購01,0,0,0,0,0,0,0,0,0,2000,0,0,0,2000,0,2000,2000
056576,晶技元大99購02  ,0,0,0,0,0,0,0,0,0,2000,0,0,0,2000,0,2000,2000
057199,台達電元富02購01,0,0,0,0,0,0,0,0,0,2000,0,0,0,2000,0,2000,2000
061195,健策永豐9B購02  ,0,0,0,0,0,0,0,0,0,2000,0,0,0,2000,0,2000,2000
060841,宏達電國票9B購01,0,0,0,0,0,0,0,0,0,2000,0,0,0,10000,8000,2000,2000
058256,臺股指元大9A購20,0,0,0,0,0,0,0,0,0,2000,0,0,0,2000,0,2000,2000
057940,和大國票99購01  ,0,0,0,0,0,0,0,0,0,2000,0,0,0,2000,0,2000,2000
057930,旺宏群益99購04  ,0,0,0,0,0,0,0,0,0,2000,0,0,0,12000,10000,2000,2000
058661,臺股指中信9C購01,0,0,0,0,0,0,0,0,0,2000,0,0,0,4000,2000,2000,2000
057687,中502X凱基98購01,0,0,0,0,0,0,0,0,0,2000,0,0,0,2000,0,2000,2000
057758,鴻海凱基99購03  ,0,0,0,0,0,0,0,0,0,2000,0,0,0,6000,4000,2000,2000
057605,旺宏統一99購03  ,0,0,0,0,0,0,0,0,0,2000,0,0,0,20000,18000,2000,2000
057596,聯茂兆豐99購01  ,0,0,0,0,0,0,0,0,0,2000,0,0,0,2000,0,2000,2000
058520,智易元大99購03  ,0,0,0,0,0,0,0,0,0,2000,0,0,0,2000,0,2000,2000
057619,玉晶光凱基98購02,0,0,0,0,0,0,0,0,0,2000,0,0,0,3000,1000,2000,2000
058576,南亞科群益99購01,0,0,0,0,0,0,0,0,0,2000,0,0,0,2000,0,2000,2000
058009,智易國票99購01  ,0,0,0,0,0,0,0,0,0,2000,0,0,0,2000,0,2000,2000
057345,中50統一98購01  ,0,0,0,0,0,0,0,0,0,2000,0,0,0,2000,0,2000,2000
056843,冠德元富98購01  ,0,0,0,0,0,0,0,0,0,2000,0,0,0,2000,0,2000,2000
056820,欣興永豐98購02  ,0,0,0,0,0,0,0,0,0,2000,0,0,0,12000,10000,2000,2000
057480,技嘉元大98購03  ,0,0,0,0,0,0,0,0,0,2000,0,0,0,2000,0,2000,2000
057467,祥碩永豐98購04  ,0,0,0,0,0,0,0,0,0,2000,0,0,0,2000,0,2000,2000
058414,大立光兆豐99購02,0,0,0,0,0,0,0,0,0,2000,0,0,0,2000,0,2000,2000
055896,南電統一97購02  ,0,0,0,0,0,0,0,0,0,2000,0,0,0,2000,0,2000,2000
055919,景碩凱基98購02  ,0,0,0,0,0,0,0,0,0,2000,0,0,0,6000,4000,2000,2000
055721,聯詠元大97購04  ,0,0,0,0,0,0,0,0,0,2000,0,0,0,2000,0,2000,2000
055714,智邦元大97購03  ,0,0,0,0,0,0,0,0,0,2000,0,0,0,2000,0,2000,2000
055716,致茂元大97購01  ,0,0,0,0,0,0,0,0,0,2000,0,0,0,2000,0,2000,2000
055765,臺股指群益97購03,0,0,0,0,0,0,0,0,0,2000,0,0,0,2000,0,2000,2000
055591,全新元大98購01  ,0,0,0,0,0,0,0,0,0,2000,0,0,0,2000,0,2000,2000
056502,A50正2永豐98購01,0,0,0,0,0,0,0,0,0,2000,0,0,0,2000,0,2000,2000
03430B,臺股指元大9B熊01,0,0,0,0,0,0,0,0,0,2000,0,0,0,2000,0,2000,2000
03033X,元展30          ,0,0,0,0,0,0,0,0,0,2000,0,0,0,10000,8000,2000,2000
03026X,元展23          ,0,0,0,0,0,0,0,0,0,2000,0,0,0,2000,0,2000,2000
053651,台光電凱基98購01,0,0,0,0,0,0,0,0,0,2000,0,0,0,2000,0,2000,2000
03010X,元展10          ,0,0,0,0,0,0,0,0,0,2000,0,0,0,2000,0,2000,2000
00711B,FH彭博新興債    ,0,0,0,0,0,0,0,0,0,2000,0,0,0,112000,110000,2000,2000
00735,國泰臺韓科技    ,115000,0,115000,0,0,0,0,0,0,-113000,0,0,0,199000,312000,-113000,2000
054289,聯發科元大97購11,0,0,0,0,0,0,0,0,0,2000,0,0,0,2000,0,2000,2000
054352,世芯國泰98購01  ,0,0,0,0,0,0,0,0,0,2000,0,0,0,2000,0,2000,2000
05062P,大立光富邦98售03,0,0,0,0,0,0,0,0,0,2000,0,0,0,2000,0,2000,2000
051946,健策統一98購01  ,0,0,0,0,0,0,0,0,0,2000,0,0,0,2000,0,2000,2000
051907,台積電元大97購05,0,0,0,0,0,0,0,0,0,2000,0,0,0,2000,0,2000,2000
046385,群創凱基98購03  ,0,0,0,0,0,0,0,0,0,2000,0,0,0,2000,0,2000,2000
052417,聯發科兆豐9B購01,0,0,0,0,0,0,0,0,0,2000,0,0,0,2000,0,2000,2000
052456,滬深2X元富9B購03,0,0,0,0,0,0,0,0,0,2000,0,0,0,2000,0,2000,2000
052764,景碩群益98購01  ,0,0,0,0,0,0,0,0,0,2000,0,0,0,2000,0,2000,2000
062652,上証2X永豐9B購01,0,0,0,0,0,0,0,0,0,2000,0,0,0,30000,28000,2000,2000
062510,台積電國票01購01,0,0,0,0,0,0,0,0,0,2000,0,0,0,2000,0,2000,2000
062995,聚陽國票9C購01  ,0,0,0,0,0,0,0,0,0,2000,0,0,0,2000,0,2000,2000
063011,台積電元大9C購01,0,0,0,0,0,0,0,0,0,2000,0,0,0,2000,0,2000,2000
062770,臺股指凱基9B購14,0,0,0,0,0,0,0,0,0,2000,0,0,0,50000,48000,2000,2000
062792,臺股指元大9B購35,0,0,0,0,0,0,0,0,0,2000,0,0,0,2000,0,2000,2000
062764,世芯凱基9B購02  ,0,0,0,0,0,0,0,0,0,2000,0,0,0,2000,0,2000,2000
062752,世芯中信9B購01  ,0,0,0,0,0,0,0,0,0,2000,0,0,0,2000,0,2000,2000
062144,華通國票9B購01  ,0,0,0,0,0,0,0,0,0,2000,0,0,0,2000,0,2000,2000
062159,聯詠凱基9B購01  ,0,0,0,0,0,0,0,0,0,2000,0,0,0,19000,17000,2000,2000
062134,國巨群益9B購04  ,0,0,0,0,0,0,0,0,0,2000,0,0,0,2000,0,2000,2000
062232,聯詠麥證9C購01  ,0,0,0,2000,0,2000,0,0,0,2000,0,0,0,2000,0,2000,2000
062274,台積電群益9B購04,0,0,0,0,0,0,0,0,0,2000,0,0,0,2000,0,2000,2000
060230,台積電元大9A購07,0,0,0,0,0,0,0,0,0,2000,0,0,0,2000,0,2000,2000
059677,大立光台新99購01,0,0,0,0,0,0,0,0,0,2000,0,0,0,2000,0,2000,2000
059770,A50正2群益9C購01,0,0,0,0,0,0,0,0,0,2000,0,0,0,2000,0,2000,2000
059733,緯穎元大99購08  ,0,0,0,0,0,0,0,0,0,2000,0,0,0,4000,2000,2000,2000
059964,元金2X凱基99購02,0,0,0,0,0,0,0,0,0,2000,0,0,0,2000,0,2000,2000
060011,臺股指群益9C購06,0,0,0,0,0,0,0,0,0,2000,0,0,0,2000,0,2000,2000
060032,利勤永豐99購01  ,0,0,0,0,0,0,0,0,0,2000,0,0,0,32000,30000,2000,2000
060042,台積電群益99購12,0,0,0,0,0,0,0,0,0,2000,0,0,0,2000,0,2000,2000
061144,玉晶光中信9B購02,0,0,0,0,0,0,0,0,0,2000,0,0,0,2000,0,2000,2000
059288,旺宏元富99購03  ,0,0,0,0,0,0,0,0,0,2000,0,0,0,2000,0,2000,2000
061020,超眾國票9A購02  ,0,0,0,0,0,0,0,0,0,2000,0,0,0,2000,0,2000,2000
060961,台光電凱基9A購03,0,0,0,0,0,0,0,0,0,2000,0,0,0,2000,0,2000,2000
061958,鴻海統一01購01  ,0,0,0,0,0,0,0,0,0,2000,0,0,0,7000,5000,2000,2000
061931,力山國票9B購02  ,0,0,0,0,0,0,0,0,0,2000,0,0,0,2000,0,2000,2000
061998,緯穎元大9B購03  ,0,0,0,0,0,0,0,0,0,2000,0,0,0,16000,14000,2000,2000
059499,滬深2X元富9C購07,0,0,0,0,0,0,0,0,0,2000,0,0,0,2000,0,2000,2000
061570,瑞昱元大9A購05  ,0,0,0,0,0,0,0,0,0,2000,0,0,0,2000,0,2000,2000
058826,台積電永豐99購02,0,0,0,0,0,0,0,0,0,2000,0,0,0,2000,0,2000,2000
059090,台新金元大99購01,0,0,0,0,0,0,0,0,0,2000,0,0,0,2000,0,2000,2000
058996,台達電元大99購02,0,0,0,0,0,0,0,0,0,2000,0,0,0,2000,0,2000,2000
05892P,大立光中信98售03,0,0,0,0,0,0,0,0,0,2000,0,0,0,2000,0,2000,2000
061308,元金2X中信9A購01,0,0,0,0,0,0,0,0,0,2000,0,0,0,2000,0,2000,2000
061598,南電永豐9A購04  ,0,0,0,0,0,0,0,0,0,2000,0,0,0,2000,0,2000,2000
061595,智易永豐9A購02  ,0,0,0,0,0,0,0,0,0,2000,0,0,0,7000,5000,2000,2000
065494,滬深2X富邦01購01,0,0,0,0,0,0,0,0,0,2000,0,0,0,2000,0,2000,2000
065669,義隆凱基01購03  ,0,0,0,0,0,0,0,0,0,2000,0,0,0,52000,50000,2000,2000
065365,國巨元大9C購19  ,0,0,0,0,0,0,0,0,0,2000,0,0,0,60000,58000,2000,2000
065214,友達國泰01購01  ,0,0,0,0,0,0,0,0,0,2000,0,0,0,2000,0,2000,2000
06510P,燿華永豐98售03  ,0,0,0,0,0,0,0,0,0,2000,0,0,0,3000,1000,2000,2000
064597,鴻海元富9C購03  ,0,0,0,0,0,0,0,0,0,2000,0,0,0,501000,499000,2000,2000
06445P,大立光凱基98售09,0,0,0,0,0,0,0,0,0,2000,0,0,0,22000,20000,2000,2000
063165,泰碩永豐9B購02  ,0,0,0,0,0,0,0,0,0,2000,0,0,0,17000,15000,2000,2000
063141,聯發科統一9C購10,0,0,0,0,0,0,0,0,0,2000,0,0,0,2000,0,2000,2000
063135,國巨統一9B購16  ,0,0,0,0,0,0,0,0,0,2000,0,0,0,75000,73000,2000,2000
063366,台表科富邦9C購02,0,0,0,0,0,0,0,0,0,2000,0,0,0,2000,0,2000,2000
064040,鴻海統一9C購18  ,0,0,0,0,0,0,0,0,0,2000,0,0,0,90000,88000,2000,2000
064059,新日興麥證01購01,0,0,0,2000,0,2000,0,0,0,2000,0,0,0,2000,0,2000,2000
063979,健鼎兆豐9C購01  ,0,0,0,0,0,0,0,0,0,2000,0,0,0,12000,10000,2000,2000
064351,中租元大9C購01  ,0,0,0,0,0,0,0,0,0,2000,0,0,0,46000,44000,2000,2000
064138,亞德客統一01購02,0,0,0,0,0,0,0,0,0,2000,0,0,0,61000,59000,2000,2000
064172,義隆元富9C購01  ,0,0,0,0,0,0,0,0,0,2000,0,0,0,20000,18000,2000,2000
2939,凱羿-KY         ,76000,74000,2000,0,0,0,0,0,0,0,0,0,0,0,0,0,2000
2897A,王道銀甲特      ,0,0,0,0,0,0,0,0,0,2000,2000,0,2000,0,0,0,2000
2443,億麗            ,42000,39000,3000,0,0,0,0,0,0,-1000,0,1000,-1000,0,0,0,2000
2002A,中鋼特          ,0,0,0,0,0,0,0,0,0,2000,2000,0,2000,0,0,0,2000
2115,六暉-KY         ,0,1000,-1000,0,0,0,0,0,0,3000,3000,0,3000,0,0,0,2000
3308,聯德            ,3000,1000,2000,0,0,0,0,0,0,0,0,0,0,0,0,0,2000
066545,鴻海元大01購09  ,0,0,0,0,0,0,0,0,0,1000,0,0,0,1000,0,1000,1000
066560,聯鈞元大01購04  ,0,0,0,0,0,0,0,0,0,1000,0,0,0,5000,4000,1000,1000
06906P,國巨國泰99售01  ,0,0,0,0,0,0,0,0,0,1000,0,0,0,1000,0,1000,1000
06660P,大立光富邦9B售03,0,0,0,0,0,0,0,0,0,1000,0,0,0,1000,0,1000,1000
066747,台郡元大01購03  ,0,0,0,0,0,0,0,0,0,1000,0,0,0,105000,104000,1000,1000
066739,揚明光元大01購01,0,0,0,0,0,0,0,0,0,1000,0,0,0,1000,0,1000,1000
066763,創意永豐01購02  ,0,0,0,0,0,0,0,0,0,1000,0,0,0,3000,2000,1000,1000
066756,長興永豐01購02  ,0,0,0,0,0,0,0,0,0,1000,0,0,0,1000,0,1000,1000
06616P,國巨元大98售15  ,0,0,0,0,0,0,0,0,0,1000,0,0,0,1000,0,1000,1000
066268,宏達電元大01購02,0,0,0,0,0,0,0,0,0,1000,0,0,0,1000,0,1000,1000
065964,鴻海元大02購01  ,0,0,0,0,0,0,0,0,0,1000,0,0,0,2000,1000,1000,1000
08554P,玉晶光國票01售06,0,0,0,0,0,0,0,0,0,1000,0,0,0,410000,409000,1000,1000
08183P,聯發科永豐9B售04,0,0,0,0,0,0,0,0,0,1000,0,0,0,1000,0,1000,1000
08139P,華新科元大9B售12,0,0,0,0,0,0,0,0,0,1000,0,0,0,59000,58000,1000,1000
08330P,聯發科統一9C售13,0,0,0,0,0,0,0,0,0,1000,0,0,0,1000,0,1000,1000
08375P,聯電元富9C售02  ,0,0,0,0,0,0,0,0,0,1000,0,0,0,132000,131000,1000,1000
07076P,鴻海凱基9A售08  ,0,0,0,0,0,0,0,0,0,1000,0,0,0,20000,19000,1000,1000
07215P,大立光凱基99售07,0,0,0,0,0,0,0,0,0,1000,0,0,0,1000,0,1000,1000
07349P,大立光凱基99售16,0,0,0,0,0,0,0,0,0,1000,0,0,0,1000,0,1000,1000
07644P,南電凱基9A售03  ,0,0,0,0,0,0,0,0,0,1000,0,0,0,1000,0,1000,1000
07615P,華通中信02售02  ,0,0,0,0,0,0,0,0,0,1000,0,0,0,1000,0,1000,1000
052734,台表科國泰98購02,0,0,0,0,0,0,0,0,0,1000,0,0,0,1000,0,1000,1000
052856,滬深2X凱基98購01,0,0,0,0,0,0,0,0,0,1000,0,0,0,1000,0,1000,1000
052893,聯電群益98購01  ,0,0,0,0,0,0,0,0,0,1000,0,0,0,1000,0,1000,1000
049442,滬深2X統一99購01,0,0,0,0,0,0,0,0,0,1000,0,0,0,1000,0,1000,1000
049894,嘉聯益富邦98購01,0,0,0,0,0,0,0,0,0,1000,0,0,0,1000,0,1000,1000
050142,聯發科元富9A購01,0,0,0,0,0,0,0,0,0,1000,0,0,0,1000,0,1000,1000
051829,玉晶光元大98購02,0,0,0,0,0,0,0,0,0,1000,0,0,0,1000,0,1000,1000
054354,技嘉富邦97購01  ,0,0,0,0,0,0,0,0,0,1000,0,0,0,1000,0,1000,1000
056368,祥碩元大98購02  ,0,0,0,0,0,0,0,0,0,1000,0,0,0,1000,0,1000,1000
053983,樺漢元大97購02  ,0,0,0,0,0,0,0,0,0,1000,0,0,0,1000,0,1000,1000
056332,台郡國票99購01  ,0,0,0,0,0,0,0,0,0,1000,0,0,0,1000,0,1000,1000
053181,滬深2X元富99購02,0,0,0,0,0,0,0,0,0,1000,0,0,0,12000,11000,1000,1000
053186,健策中信9C購01  ,0,0,0,0,0,0,0,0,0,1000,0,0,0,23000,22000,1000,1000
053280,群創元大9C購01  ,0,0,0,0,0,0,0,0,0,1000,0,0,0,1000,0,1000,1000
00666R,富邦恒生國企反1 ,0,0,0,0,0,0,0,0,0,1000,0,0,0,92000,91000,1000,1000
053317,友達群益9A購02  ,0,0,0,0,0,0,0,0,0,1000,0,0,0,1000,0,1000,1000
053919,可成國票97購02  ,0,0,0,0,0,0,0,0,0,1000,0,0,0,1000,0,1000,1000
03679C,臺股指元大04牛04,0,0,0,0,0,0,0,0,0,1000,0,0,0,1000,0,1000,1000
03674C,臺股指元富9C牛02,0,0,0,0,0,0,0,0,0,1000,0,0,0,1000,0,1000,1000
03675C,臺股指元大04牛02,0,0,0,0,0,0,0,0,0,1000,0,0,0,2000,1000,1000,1000
054555,欣興凱基98購01  ,0,0,0,0,0,0,0,0,0,1000,0,0,0,1000,0,1000,1000
056511,超眾永豐98購01  ,0,0,0,0,0,0,0,0,0,1000,0,0,0,1000,0,1000,1000
056421,鴻海統一98購08  ,0,0,0,0,0,0,0,0,0,1000,0,0,0,1000,0,1000,1000
056429,華通凱基98購02  ,0,0,0,0,0,0,0,0,0,1000,0,0,0,21000,20000,1000,1000
055594,華新科元大98購02,0,0,0,0,0,0,0,0,0,1000,0,0,0,1000,0,1000,1000
055662,上銀中信99購01  ,0,0,0,0,0,0,0,0,0,1000,0,0,0,1000,0,1000,1000
055323,貿聯國票98購01  ,0,0,0,0,0,0,0,0,0,1000,0,0,0,1000,0,1000,1000
055775,友達凱基9A購01  ,0,0,0,0,0,0,0,0,0,1000,0,0,0,1000,0,1000,1000
055935,創意群益97購02  ,0,0,0,0,0,0,0,0,0,1000,0,0,0,1000,0,1000,1000
058354,台積電凱基9A購06,0,0,0,0,0,0,0,0,0,1000,0,0,0,1000,0,1000,1000
05750P,臺股指群益99售04,0,0,0,0,0,0,0,0,0,1000,0,0,0,65000,64000,1000,1000
057543,華通凱基99購02  ,0,0,0,0,0,0,0,0,0,1000,0,0,0,46000,45000,1000,1000
058453,可成永豐99購01  ,0,0,0,0,0,0,0,0,0,1000,0,0,0,1000,0,1000,1000
058506,台積電元大99購09,0,0,0,0,0,0,0,0,0,1000,0,0,0,1000,0,1000,1000
058488,華擎國票9A購01  ,0,0,0,0,0,0,0,0,0,1000,0,0,0,3000,2000,1000,1000
056077,矽力元大97購07  ,0,0,0,0,0,0,0,0,0,1000,0,0,0,1000,0,1000,1000
054916,聯發科凱基98購04,0,0,0,0,0,0,0,0,0,1000,0,0,0,1000,0,1000,1000
056871,新日興日盛99購01,0,0,0,0,0,0,0,0,0,1000,0,0,0,1000,0,1000,1000
057280,大立光元大98購15,0,0,0,0,0,0,0,0,0,1000,0,0,0,1000,0,1000,1000
058024,台積電國泰9A購01,0,0,0,0,0,0,0,0,0,1000,0,0,0,1000,0,1000,1000
058026,上銀富邦9A購01  ,0,0,0,0,0,0,0,0,0,1000,0,0,0,11000,10000,1000,1000
058601,台積電元大99購10,0,0,0,0,0,0,0,0,0,1000,0,0,0,1000,0,1000,1000
058597,瑞昱台新99購01  ,0,0,0,0,0,0,0,0,0,1000,0,0,0,1000,0,1000,1000
057983,緯穎永豐98購03  ,0,0,0,0,0,0,0,0,0,1000,0,0,0,1000,0,1000,1000
058534,友達統一9B購01  ,0,0,0,0,0,0,0,0,0,1000,0,0,0,1000,0,1000,1000
057586,台積電國票99購06,0,0,0,0,0,0,0,0,0,1000,0,0,0,1000,0,1000,1000
058177,華新科凱基99購02,0,0,0,0,0,0,0,0,0,1000,0,0,0,1000,0,1000,1000
058669,上銀群益99購01  ,0,0,0,0,0,0,0,0,0,1000,0,0,0,1000,0,1000,1000
058253,臺股指元大9A購17,0,0,0,0,0,0,0,0,0,1000,0,0,0,1000,0,1000,1000
058266,宏達電永豐99購01,0,0,0,0,0,0,0,0,0,1000,0,0,0,1000,0,1000,1000
058334,鴻海元富99購05  ,0,0,0,0,0,0,0,0,0,1000,0,0,0,1000,0,1000,1000
060818,上銀統一9C購01  ,0,0,0,0,0,0,0,0,0,1000,0,0,0,1000,0,1000,1000
060812,智邦凱基9A購01  ,0,0,0,0,0,0,0,0,0,1000,0,0,0,1000,0,1000,1000
060710,上銀永豐9A購01  ,0,0,0,0,0,0,0,0,0,1000,0,0,0,1000,0,1000,1000
060779,臺股指凱基9A購07,0,0,0,0,0,0,0,0,0,1000,0,0,0,1000,0,1000,1000
061185,嘉晶國泰9B購01  ,0,0,0,0,0,0,0,0,0,1000,0,0,0,1000,0,1000,1000
061178,晶技凱基9B購01  ,0,0,0,0,0,0,0,0,0,1000,0,0,0,20000,19000,1000,1000
061227,日月光中信9B購01,0,0,0,0,0,0,0,0,0,1000,0,0,0,327000,326000,1000,1000
057244,鈺齊凱基99購01  ,0,0,0,0,0,0,0,0,0,1000,0,0,0,1000,0,1000,1000
061032,金像電永豐9A購03,0,0,0,0,0,0,0,0,0,1000,0,0,0,142000,141000,1000,1000
056542,緯創凱基98購01  ,0,0,0,0,0,0,0,0,0,1000,0,0,0,3000,2000,1000,1000
056638,臺股指日盛98購01,0,0,0,0,0,0,0,0,0,1000,0,0,0,7000,6000,1000,1000
057810,技嘉元大98購06  ,0,0,0,0,0,0,0,0,0,1000,0,0,0,1000,0,1000,1000
057802,卜蜂元大98購01  ,0,0,0,0,0,0,0,0,0,1000,0,0,0,1000,0,1000,1000
057052,華擎元大98購01  ,0,0,0,0,0,0,0,0,0,1000,0,0,0,1000,0,1000,1000
057023,美律凱基99購02  ,0,0,0,0,0,0,0,0,0,1000,0,0,0,1000,0,1000,1000
056944,鴻海統一98購11  ,0,0,0,0,0,0,0,0,0,1000,0,0,0,6000,5000,1000,1000
061580,華擎元大9A購06  ,0,0,0,0,0,0,0,0,0,1000,0,0,0,1000,0,1000,1000
061830,元金2X凱基01購01,0,0,0,0,0,0,0,0,0,1000,0,0,0,1000,0,1000,1000
061319,聯發科凱基9A購16,0,0,0,0,0,0,0,0,0,1000,0,0,0,1000,0,1000,1000
061282,台積電統一9C購06,0,0,0,0,0,0,0,0,0,1000,0,0,0,1000,0,1000,1000
061397,上銀台新9A購01  ,0,0,0,0,0,0,0,0,0,1000,0,0,0,1000,0,1000,1000
061389,華新科群益9B購01,0,0,0,0,0,0,0,0,0,1000,0,0,0,2000,1000,1000,1000
061504,祥碩國票9A購02  ,0,0,0,0,0,0,0,0,0,1000,0,0,0,1000,0,1000,1000
05888P,友達元大97售01  ,0,0,0,0,0,0,0,0,0,1000,0,0,0,1000,0,1000,1000
058882,晶相光永豐99購01,0,0,0,0,0,0,0,0,0,1000,0,0,0,1000,0,1000,1000
058982,台積電凱基99購08,0,0,0,0,0,0,0,0,0,1000,0,0,0,1000,0,1000,1000
059059,宏達電凱基99購03,0,0,0,0,0,0,0,0,0,1000,0,0,0,1000,0,1000,1000
059566,台積電凱基9A購11,0,0,0,0,0,0,0,0,0,1000,0,0,0,1000,0,1000,1000
05958P,聯發科國票97售04,0,0,0,0,0,0,0,0,0,1000,0,0,0,1000,0,1000,1000
058707,泰鼎元大99購02  ,0,0,0,0,0,0,0,0,0,1000,0,0,0,1000,0,1000,1000
059435,大立光元大99購17,0,0,0,0,0,0,0,0,0,1000,0,0,0,1000,0,1000,1000
059426,鴻海元大99購31  ,0,0,0,0,0,0,0,0,0,1000,0,0,0,1000,0,1000,1000
061973,上銀元大9B購01  ,0,0,0,0,0,0,0,0,0,1000,0,0,0,1000,0,1000,1000
061929,嘉澤凱基9B購01  ,0,0,0,0,0,0,0,0,0,1000,0,0,0,14000,13000,1000,1000
062025,台達電群益9B購01,0,0,0,0,0,0,0,0,0,1000,0,0,0,1000,0,1000,1000
059237,鴻海凱基9A購10  ,0,0,0,0,0,0,0,0,0,1000,0,0,0,6000,5000,1000,1000
059381,TPK亞東99購01   ,0,0,0,0,0,0,0,0,0,1000,0,0,0,1000,0,1000,1000
060632,可成富邦9B購01  ,0,0,0,0,0,0,0,0,0,1000,0,0,0,160000,159000,1000,1000
060411,達新永豐9A購01  ,0,0,0,0,0,0,0,0,0,1000,0,0,0,1000,0,1000,1000
060406,瑞祺國泰9B購01  ,0,0,0,0,0,0,0,0,0,1000,0,0,0,1000,0,1000,1000
059985,華新科元大99購22,0,0,0,0,0,0,0,0,0,1000,0,0,0,2000,1000,1000,1000
060185,聯發科元富04購01,0,0,0,0,0,0,0,0,0,1000,0,0,0,1000,0,1000,1000
060186,義隆元富9A購01  ,0,0,0,0,0,0,0,0,0,1000,0,0,0,1000,0,1000,1000
060172,智原台新9A購01  ,0,0,0,0,0,0,0,0,0,1000,0,0,0,1000,0,1000,1000
060112,祥碩元大99購04  ,0,0,0,0,0,0,0,0,0,1000,0,0,0,1000,0,1000,1000
059786,全新元大99購06  ,0,0,0,0,0,0,0,0,0,1000,0,0,0,42000,41000,1000,1000
059702,台積電凱基9A購14,0,0,0,0,0,0,0,0,0,1000,0,0,0,1000,0,1000,1000
059149,臺股指國票99購12,0,0,0,0,0,0,0,0,0,1000,0,0,0,1000,0,1000,1000
060235,瑞昱元大9A購01  ,0,0,0,0,0,0,0,0,0,1000,0,0,0,4000,3000,1000,1000
060294,嘉澤元大9A購01  ,0,0,0,0,0,0,0,0,0,1000,0,0,0,1000,0,1000,1000
062066,元黃金元大9B購01,0,0,0,0,0,0,0,0,0,1000,0,0,0,1000,0,1000,1000
062200,臺指反國票03購01,0,0,0,0,0,0,0,0,0,1000,0,0,0,51000,50000,1000,1000
063015,微星元大9B購01  ,0,0,0,0,0,0,0,0,0,1000,0,0,0,15000,14000,1000,1000
063019,聯發科元大9C購01,0,0,0,0,0,0,0,0,0,1000,0,0,0,2000,1000,1000,1000
06301P,臺股指元大97售04,0,0,0,0,0,0,0,0,0,1000,0,0,0,1000,0,1000,1000
06291P,臺股指國票97售05,0,0,0,0,0,0,0,0,0,1000,0,0,0,1000,0,1000,1000
062989,鴻海群益9B購07  ,0,0,0,0,0,0,0,0,0,1000,0,0,0,1000,0,1000,1000
062567,祥碩中信9C購01  ,0,0,0,0,0,0,0,0,0,1000,0,0,0,1000,0,1000,1000
062455,鴻海群益9C購01  ,0,0,0,0,0,0,0,0,0,1000,0,0,0,6000,5000,1000,1000
062441,華新科元大9C購01,0,0,0,0,0,0,0,0,0,1000,0,0,0,2000,1000,1000,1000
062359,旺宏元大9C購02  ,0,0,0,0,0,0,0,0,0,1000,0,0,0,11000,10000,1000,1000
062368,聯詠元大9B購01  ,0,0,0,0,0,0,0,0,0,1000,0,0,0,7000,6000,1000,1000
062381,上銀國泰9C購01  ,0,0,0,0,0,0,0,0,0,1000,0,0,0,1000,0,1000,1000
064173,國產元富9C購01  ,0,0,0,0,0,0,0,0,0,1000,0,0,0,88000,87000,1000,1000
064198,超眾群益9C購01  ,0,0,0,0,0,0,0,0,0,1000,0,0,0,1000,0,1000,1000
063986,聯發科富邦02購01,0,0,0,0,0,0,0,0,0,1000,0,0,0,1000,0,1000,1000
064005,義隆凱基01購01  ,0,0,0,0,0,0,0,0,0,1000,0,0,0,7000,6000,1000,1000
064069,華新科永豐9C購01,0,0,0,0,0,0,0,0,0,1000,0,0,0,1000,0,1000,1000
06406P,可成元富97售04  ,0,0,0,0,0,0,0,0,0,1000,0,0,0,1000,0,1000,1000
063166,超眾永豐9B購01  ,0,0,0,0,0,0,0,0,0,1000,0,0,0,1000,0,1000,1000
063189,臻鼎凱基9B購01  ,0,0,0,0,0,0,0,0,0,1000,0,0,0,1000,0,1000,1000
063076,柏文永豐9B購02  ,0,0,0,0,0,0,0,0,0,1000,0,0,0,1000,0,1000,1000
063064,台表科元富9B購01,0,0,0,0,0,0,0,0,0,1000,0,0,0,31000,30000,1000,1000
063418,京元電凱基9B購03,0,0,0,0,0,0,0,0,0,1000,0,0,0,1000,0,1000,1000
063454,瑞儀統一9B購01  ,0,0,0,0,0,0,0,0,0,1000,0,0,0,7000,6000,1000,1000
063745,喬山國票9C購01  ,0,0,0,0,0,0,0,0,0,1000,0,0,0,1000,0,1000,1000
063735,華新科元大9B購15,0,0,0,0,0,0,0,0,0,1000,0,0,0,15000,14000,1000,1000
063673,GIS統一9C購02   ,0,0,0,0,0,0,0,0,0,1000,0,0,0,1000,0,1000,1000
06363P,臺股指麥證97售02,0,0,0,2000,1000,1000,0,0,0,1000,0,0,0,2000,1000,1000,1000
064496,聯發科元大9C購10,0,0,0,0,0,0,0,0,0,1000,0,0,0,1000,0,1000,1000
064595,超眾統一02購01  ,0,0,0,0,0,0,0,0,0,1000,0,0,0,11000,10000,1000,1000
064545,智邦凱基9C購02  ,0,0,0,0,0,0,0,0,0,1000,0,0,0,1000,0,1000,1000
064604,聯茂元富9C購01  ,0,0,0,0,0,0,0,0,0,1000,0,0,0,1000,0,1000,1000
064631,臺股指元大9C購17,0,0,0,0,0,0,0,0,0,1000,0,0,0,1000,0,1000,1000
06500P,臺股指元大9A售05,0,0,0,0,0,0,0,0,0,1000,0,0,0,1000,0,1000,1000
064920,景碩統一01購02  ,0,0,0,0,0,0,0,0,0,1000,0,0,0,3000,2000,1000,1000
065552,聯發科凱基9C購12,0,0,0,0,0,0,0,0,0,1000,0,0,0,11000,10000,1000,1000
3296,勝德            ,0,2000,-2000,0,0,0,0,0,0,3000,6000,3000,3000,0,0,0,1000
5906,台南-KY         ,0,0,0,0,0,0,0,0,0,1000,1000,0,1000,0,0,0,1000
5288,豐祥-KY         ,29000,28000,1000,0,0,0,0,0,0,0,0,0,0,0,0,0,1000
9941A,裕融甲特        ,0,0,0,0,0,0,0,0,0,1000,1000,0,1000,0,0,0,1000
1568,倉佑            ,26000,7000,19000,0,0,0,0,0,0,-18000,0,18000,-18000,0,0,0,1000
08759P,滬深2X元大01售08,0,0,0,0,0,0,0,0,0,1000,0,0,0,1000,0,1000,1000
2891C,中信金丙特      ,0,0,0,0,0,0,0,0,0,1000,1000,0,1000,0,0,0,1000
3025,星通            ,19000,17000,2000,0,0,0,0,0,0,-1000,0,1000,-1000,0,0,0,1000
2748,雲品            ,4000,3000,1000,0,0,0,0,0,0,0,0,0,0,0,0,0,1000
07567P,台灣50凱基01售05,0,0,0,0,0,0,0,0,0,0,0,0,0,35000,35000,0,0
07583P,台積電富邦9B售05,0,0,0,0,0,0,0,0,0,0,0,0,0,50000,50000,0,0
07587P,台灣50國票9A售11,0,0,0,0,0,0,0,0,0,0,0,0,0,80000,80000,0,0
07543P,台積電凱基9A售17,0,0,0,0,0,0,0,0,0,0,0,0,0,50000,50000,0,0
07758P,台積電國票9A售06,0,0,0,0,0,0,0,0,0,0,0,0,0,11000,11000,0,0
08015P,可成凱基9B售05  ,0,0,0,0,0,0,0,0,0,0,0,0,0,10000,10000,0,0
07879P,瑞昱群益9C售01  ,0,0,0,0,0,0,0,0,0,0,0,0,0,20000,20000,0,0
07802P,瑞昱永豐9A售03  ,0,0,0,0,0,0,0,0,0,0,0,0,0,100000,100000,0,0
07830P,牧德凱基9A售03  ,0,0,0,0,0,0,0,0,0,0,0,0,0,4000,4000,0,0
07524P,臺股指中信9B售06,0,0,0,0,0,0,0,0,0,0,0,0,0,10000,10000,0,0
07183P,臺股指凱基99售25,0,0,0,0,0,0,0,0,0,0,0,0,0,30000,30000,0,0
06915P,晶技元富98售02  ,0,0,0,0,0,0,0,0,0,0,0,0,0,50000,50000,0,0
06983P,台積電國泰9A售02,0,0,0,0,0,0,0,0,0,0,0,0,0,80000,80000,0,0
06964P,臺股指凱基9B售01,0,0,0,0,0,0,0,0,0,0,0,0,0,160000,160000,0,0
07040P,台灣50元大9C售02,0,0,0,0,0,0,0,0,0,0,0,0,0,20000,20000,0,0
07053P,台灣50兆豐01售01,0,0,0,0,0,0,0,0,0,0,0,0,0,99000,99000,0,0
08312P,旺宏國票01售01  ,0,0,0,0,0,0,0,0,0,0,0,0,0,48000,48000,0,0
08049P,臺股指國票9B售14,0,0,0,0,0,0,0,0,0,0,0,0,0,2000,2000,0,0
08679P,台灣50元大01售15,0,0,0,0,0,0,0,0,0,0,0,0,0,10000,10000,0,0
065961,東元元大04購01  ,0,0,0,0,0,0,0,0,0,0,0,0,0,55000,55000,0,0
065918,可成凱基01購01  ,0,0,0,0,0,0,0,0,0,0,0,0,0,1000,1000,0,0
065929,TPK國票02購01   ,0,0,0,0,0,0,0,0,0,0,0,0,0,38000,38000,0,0
065875,創意群益9C購05  ,0,0,0,0,0,0,0,0,0,0,0,0,0,56000,56000,0,0
065838,鴻海元大03購01  ,0,0,0,0,0,0,0,0,0,0,0,0,0,50000,50000,0,0
065735,矽格凱基01購02  ,0,0,0,0,0,0,0,0,0,0,0,0,0,36000,36000,0,0
065694,國巨群益9C購19  ,0,0,0,0,0,0,0,0,0,0,0,0,0,2000,2000,0,0
065692,國巨群益9C購17  ,0,0,0,0,0,0,0,0,0,0,0,0,0,2000,2000,0,0
065712,緯穎群益9C購03  ,0,0,0,0,0,0,0,0,0,0,0,0,0,20000,20000,0,0
066155,華碩康和01購01  ,0,0,0,0,0,0,0,0,0,0,0,0,0,14000,14000,0,0
066175,聯鈞凱基01購01  ,0,0,0,0,0,0,0,0,0,0,0,0,0,99000,99000,0,0
066134,強茂群益01購01  ,0,0,0,0,0,0,0,0,0,0,0,0,0,30000,30000,0,0
066136,景碩群益01購02  ,0,0,0,0,0,0,0,0,0,0,0,0,0,2000,2000,0,0
066065,東元凱基04購01  ,0,0,0,0,0,0,0,0,0,0,0,0,0,10000,10000,0,0
066753,聯鈞國泰03購01  ,0,0,0,0,0,0,0,0,0,0,0,0,0,1000,1000,0,0
066743,和碩元大01購01  ,0,0,0,0,0,0,0,0,0,0,0,0,0,8000,8000,0,0
066725,華通元大01購05  ,0,0,0,0,0,0,0,0,0,0,0,0,0,5000,5000,0,0
066609,國巨麥證01購04  ,0,0,0,1000,1000,0,0,0,0,0,0,0,0,2000,2000,0,0
066648,可成麥證01購01  ,0,0,0,0,1000,-1000,0,0,0,0,0,0,0,1000,1000,0,0
066650,宏達電康和01購01,0,0,0,0,0,0,0,0,0,0,0,0,0,3000,3000,0,0
06908P,健策國泰99售02  ,0,0,0,0,0,0,0,0,0,0,0,0,0,20000,20000,0,0
06876P,台灣50兆豐9B售01,0,0,0,0,0,0,0,0,0,0,0,0,0,624000,624000,0,0
06767P,台積電永昌99售03,0,0,0,0,0,0,0,0,0,0,0,0,0,10000,10000,0,0
06716P,台積電元大9A售02,0,0,0,0,0,0,0,0,0,0,0,0,0,47000,47000,0,0
066873,健策國泰02購01  ,0,0,0,0,0,0,0,0,0,0,0,0,0,1000,1000,0,0
066804,緯創凱基01購01  ,0,0,0,0,0,0,0,0,0,0,0,0,0,10000,10000,0,0
066843,台達電元大01購02,0,0,0,0,0,0,0,0,0,0,0,0,0,8000,8000,0,0
066832,健策群益01購08  ,0,0,0,0,0,0,0,0,0,0,0,0,0,2000,2000,0,0
066590,華新科群益01購04,0,0,0,0,0,0,0,0,0,0,0,0,0,2000,2000,0,0
066574,康友元大01購01  ,0,0,0,0,0,0,0,0,0,0,0,0,0,16000,16000,0,0
066446,健策群益01購06  ,0,0,0,0,0,0,0,0,0,0,0,0,0,8000,8000,0,0
066442,華碩群益01購01  ,0,0,0,0,0,0,0,0,0,0,0,0,0,14000,14000,0,0
06632P,創意群益98售03  ,0,0,0,0,0,0,0,0,0,0,0,0,0,10000,10000,0,0
066393,華碩凱基01購01  ,0,0,0,0,0,0,0,0,0,0,0,0,0,9000,9000,0,0
066364,可成中信03購01  ,0,0,0,0,0,0,0,0,0,0,0,0,0,1000,1000,0,0
066420,宏達電元大02購01,0,0,0,0,0,0,0,0,0,0,0,0,0,20000,20000,0,0
056945,鴻海統一98購12  ,0,0,0,0,0,0,0,0,0,0,0,0,0,5000,5000,0,0
056907,群創元大9C購04  ,0,0,0,0,0,0,0,0,0,0,0,0,0,3000,3000,0,0
057042,台積電元大98購10,0,0,0,0,0,0,0,0,0,0,0,0,0,89000,89000,0,0
057063,立積國泰9A購01  ,0,0,0,0,0,0,0,0,0,0,0,0,0,5000,5000,0,0
057055,立積元大99購01  ,0,0,0,0,0,0,0,0,0,0,0,0,0,25000,25000,0,0
057165,國巨元大99購05  ,0,0,0,0,0,0,0,0,0,0,0,0,0,2000,2000,0,0
057178,可成元大98購03  ,0,0,0,0,0,0,0,0,0,0,0,0,0,68000,68000,0,0
056688,聯詠統一98購01  ,0,0,0,0,0,0,0,0,0,0,0,0,0,35000,35000,0,0
056681,鴻海統一98購09  ,0,0,0,0,0,0,0,0,0,0,0,0,0,5000,5000,0,0
056682,鴻海統一98購10  ,0,0,0,0,0,0,0,0,0,0,0,0,0,5000,5000,0,0
056644,宏達電凱基98購04,0,0,0,0,0,0,0,0,0,0,0,0,0,20000,20000,0,0
056545,TPK凱基98購02   ,0,0,0,0,0,0,0,0,0,0,0,0,0,10000,10000,0,0
061025,創意富邦9B購01  ,0,0,0,0,0,0,0,0,0,0,0,0,0,21000,21000,0,0
061050,康友中信9A購01  ,0,0,0,0,0,0,0,0,0,0,0,0,0,48000,48000,0,0
057248,台積電統一98購08,0,0,0,0,0,0,0,0,0,0,0,0,0,36000,36000,0,0
057222,鴻海國票99購04  ,0,0,0,0,0,0,0,0,0,0,0,0,0,5000,5000,0,0
061213,群創元大9A購05  ,0,0,0,0,0,0,0,0,0,0,0,0,0,7000,7000,0,0
061163,台灣50兆豐9A購04,0,0,0,0,0,0,0,0,0,0,0,0,0,700000,700000,0,0
060743,鴻海國票9A購03  ,0,0,0,0,0,0,0,0,0,0,0,0,0,11000,11000,0,0
060769,國巨麥證9A購02  ,0,0,0,1000,1000,0,0,0,0,0,0,0,0,2000,2000,0,0
06076P,大立光凱基98售03,0,0,0,0,0,0,0,0,0,0,0,0,0,200000,200000,0,0
060729,國巨群益9A購05  ,0,0,0,0,0,0,0,0,0,0,0,0,0,1000,1000,0,0
060706,群創富邦9A購01  ,0,0,0,0,0,0,0,0,0,0,0,0,0,16000,16000,0,0
060809,康友群益9A購01  ,0,0,0,0,0,0,0,0,0,0,0,0,0,3000,3000,0,0
060806,華新科群益9A購03,0,0,0,0,0,0,0,0,0,0,0,0,0,1000,1000,0,0
060895,華新科凱基9B購05,0,0,0,0,0,0,0,0,0,0,0,0,0,1000,1000,0,0
060900,超眾凱基9B購01  ,0,0,0,0,0,0,0,0,0,0,0,0,0,50000,50000,0,0
060859,鴻海永豐9A購01  ,0,0,0,0,0,0,0,0,0,0,0,0,0,5000,5000,0,0
058333,鴻海元富99購04  ,0,0,0,0,0,0,0,0,0,0,0,0,0,1000,1000,0,0
058317,國巨永豐99購02  ,0,0,0,0,0,0,0,0,0,0,0,0,0,10000,10000,0,0
058290,南電國票9A購01  ,0,0,0,0,0,0,0,0,0,0,0,0,0,1000,1000,0,0
058238,奇鋐元大99購02  ,0,0,0,0,0,0,0,0,0,0,0,0,0,10000,10000,0,0
058654,鴻海中信03購01  ,0,0,0,0,0,0,0,0,0,0,0,0,0,5000,5000,0,0
057937,神達群益98購02  ,0,0,0,0,0,0,0,0,0,0,0,0,0,105000,105000,0,0
058158,台積電台新99購01,0,0,0,0,0,0,0,0,0,0,0,0,0,1000,1000,0,0
058162,上銀日盛9B購01  ,0,0,0,0,0,0,0,0,0,0,0,0,0,20000,20000,0,0
058166,鴻海凱基9A購01  ,0,0,0,0,0,0,0,0,0,0,0,0,0,4000,4000,0,0
058167,鴻海凱基9A購03  ,0,0,0,0,0,0,0,0,0,0,0,0,0,4000,4000,0,0
058109,台灣50元富9B購01,0,0,0,0,0,0,0,0,0,0,0,0,0,80000,80000,0,0
057708,臺股指群益98購08,0,0,0,0,0,0,0,0,0,0,0,0,0,4000,4000,0,0
058085,景碩群益9A購01  ,0,0,0,0,0,0,0,0,0,0,0,0,0,1000,1000,0,0
058519,嘉澤元大99購01  ,0,0,0,0,0,0,0,0,0,0,0,0,0,9000,9000,0,0
057984,聯發科台新98購01,0,0,0,0,0,0,0,0,0,0,0,0,0,100000,100000,0,0
058571,緯穎凱基9A購02  ,0,0,0,0,0,0,0,0,0,0,0,0,0,10000,10000,0,0
057266,TPK兆豐98購02   ,0,0,0,0,0,0,0,0,0,0,0,0,0,10000,10000,0,0
058044,鴻海元大99購07  ,0,0,0,0,0,0,0,0,0,0,0,0,0,4000,4000,0,0
057286,群創元大9B購05  ,0,0,0,0,0,0,0,0,0,0,0,0,0,324000,324000,0,0
057346,鴻海統一98購13  ,0,0,0,0,0,0,0,0,0,0,0,0,0,5000,5000,0,0
057318,台光電凱基9A購01,0,0,0,0,0,0,0,0,0,0,0,0,0,25000,25000,0,0
057682,台積電日盛9A購03,0,0,0,0,0,0,0,0,0,0,0,0,0,20000,20000,0,0
056796,國巨麥證98購02  ,0,0,0,2000,1000,1000,0,0,0,0,0,0,0,2000,2000,0,0
057363,華通元大99購02  ,0,0,0,0,0,0,0,0,0,0,0,0,0,10000,10000,0,0
054890,聯鈞統一99購01  ,0,0,0,0,0,0,0,0,0,0,0,0,0,4000,4000,0,0
054807,台化元大9A購02  ,0,0,0,0,0,0,0,0,0,0,0,0,0,68000,68000,0,0
056068,欣興元大97購05  ,0,0,0,0,0,0,0,0,0,0,0,0,0,7000,7000,0,0
056030,華通日盛97購01  ,0,0,0,0,0,0,0,0,0,0,0,0,0,20000,20000,0,0
058352,鴻海凱基9A購05  ,0,0,0,0,0,0,0,0,0,0,0,0,0,5000,5000,0,0
057398,台郡中信99購01  ,0,0,0,0,0,0,0,0,0,0,0,0,0,1000,1000,0,0
058470,台灣50日盛9B購02,0,0,0,0,0,0,0,0,0,0,0,0,0,550000,550000,0,0
058409,鴻海兆豐99購05  ,0,0,0,0,0,0,0,0,0,0,0,0,0,5000,5000,0,0
058398,中環元大99購02  ,0,0,0,0,0,0,0,0,0,0,0,0,0,5000,5000,0,0
055877,奇鋐元富97購01  ,0,0,0,0,0,0,0,0,0,0,0,0,0,10000,10000,0,0
055724,祥碩元大97購03  ,0,0,0,0,0,0,0,0,0,0,0,0,0,120000,120000,0,0
055477,同欣電凱基98購01,0,0,0,0,0,0,0,0,0,0,0,0,0,12000,12000,0,0
055525,國巨群益98購05  ,0,0,0,0,0,0,0,0,0,0,0,0,0,1000,1000,0,0
055572,鴻海統一98購04  ,0,0,0,0,0,0,0,0,0,0,0,0,0,5000,5000,0,0
056430,鴻海凱基98購06  ,0,0,0,0,0,0,0,0,0,0,0,0,0,5000,5000,0,0
054437,欣興台新97購02  ,0,0,0,0,0,0,0,0,0,0,0,0,0,16000,16000,0,0
056448,全新凱基99購01  ,0,0,0,0,0,0,0,0,0,0,0,0,0,10000,10000,0,0
056433,鴻海凱基98購09  ,0,0,0,0,0,0,0,0,0,0,0,0,0,5000,5000,0,0
054632,緯穎凱基9A購01  ,0,0,0,0,0,0,0,0,0,0,0,0,0,10000,10000,0,0
054589,聯鈞國泰99購01  ,0,0,0,0,0,0,0,0,0,0,0,0,0,20000,20000,0,0
054630,聯鈞凱基98購01  ,0,0,0,0,0,0,0,0,0,0,0,0,0,20000,20000,0,0
054557,臻鼎凱基98購01  ,0,0,0,0,0,0,0,0,0,0,0,0,0,10000,10000,0,0
054756,世紀鋼凱基99購01,0,0,0,0,0,0,0,0,0,0,0,0,0,10000,10000,0,0
054743,聯鈞凱基99購01  ,0,0,0,0,0,0,0,0,0,0,0,0,0,14000,14000,0,0
036628,統一台新99購01  ,0,0,0,0,0,0,0,0,0,0,0,0,0,5000,5000,0,0
045055,聯發科元富98購03,0,0,0,0,0,0,0,0,0,0,0,0,0,15000,15000,0,0
053969,瑞昱元大97購01  ,0,0,0,0,0,0,0,0,0,0,0,0,0,10000,10000,0,0
03022X,富展01          ,0,0,0,0,0,0,0,0,0,0,0,0,0,1000,1000,0,0
053891,欣興群益98購01  ,0,0,0,0,0,0,0,0,0,0,0,0,0,10000,10000,0,0
053528,南電中信9A購01  ,0,0,0,0,0,0,0,0,0,0,0,0,0,10000,10000,0,0
053660,群創凱基98購08  ,0,0,0,0,0,0,0,0,0,0,0,0,0,3000,3000,0,0
053582,英業達元大97購01,0,0,0,0,0,0,0,0,0,0,0,0,0,2000,2000,0,0
00668K,國泰美國道瓊+U  ,0,0,0,0,0,0,0,0,0,0,0,0,0,100,100,0,0
00657K,國泰日經225+U   ,0,0,0,0,0,0,0,0,0,0,0,0,0,100,100,0,0
00636K,國泰中國A50+U   ,0,0,0,0,0,0,0,0,0,0,0,0,0,100,100,0,0
0057,富邦摩台        ,0,0,0,0,0,0,0,0,0,0,0,0,0,230000,230000,0,0
006204,永豐臺灣加權    ,0,0,0,0,0,0,0,0,0,0,0,0,0,1000,1000,0,0
00625K,富邦上証+R      ,0,0,0,0,0,0,0,0,0,0,0,0,0,53000,53000,0,0
053220,瀚宇博凱基98購01,0,0,0,0,0,0,0,0,0,0,0,0,0,15000,15000,0,0
020007,凱基臺灣500N    ,0,0,0,0,0,0,0,0,0,0,0,0,0,20000,20000,0,0
00774B,新光中國政金綠債,0,0,0,0,0,0,0,0,0,0,0,0,0,2000,2000,0,0
00707R,元大S&P日圓反1  ,0,0,0,0,0,0,0,0,0,0,0,0,0,1000,1000,0,0
00732,國泰RMB短期報酬 ,2000,0,2000,0,0,0,0,0,0,-2000,0,0,0,100000,102000,-2000,0
056333,台積電日盛9B購01,0,0,0,0,0,0,0,0,0,0,0,0,0,19000,19000,0,0
056292,統一元大97購01  ,0,0,0,0,0,0,0,0,0,0,0,0,0,8000,8000,0,0
056304,創意元大97購03  ,0,0,0,0,0,0,0,0,0,0,0,0,0,1000,1000,0,0
056273,祥碩統一97購02  ,0,0,0,0,0,0,0,0,0,0,0,0,0,330000,330000,0,0
056246,祥碩群益97購01  ,0,0,0,0,0,0,0,0,0,0,0,0,0,20000,20000,0,0
056365,欣興元大98購01  ,0,0,0,0,0,0,0,0,0,0,0,0,0,5000,5000,0,0
056354,國巨元大98購10  ,0,0,0,0,0,0,0,0,0,0,0,0,0,1000,1000,0,0
056357,台積電元大9A購01,0,0,0,0,0,0,0,0,0,0,0,0,0,56000,56000,0,0
050306,聯發科中信97購01,0,0,0,0,0,0,0,0,0,0,0,0,0,47000,47000,0,0
047548,友達凱基99購03  ,0,0,0,0,0,0,0,0,0,0,0,0,0,10000,10000,0,0
046937,聯電元大99購01  ,0,0,0,0,0,0,0,0,0,0,0,0,0,1000,1000,0,0
052936,華通兆豐98購01  ,0,0,0,0,0,0,0,0,0,0,0,0,0,150000,150000,0,0
062358,國巨元大9B購12  ,0,0,0,0,0,0,0,0,0,0,0,0,0,1000,1000,0,0
062369,創意元大9B購01  ,0,0,0,0,0,0,0,0,0,0,0,0,0,3000,3000,0,0
062354,台達電元大9B購01,0,0,0,0,0,0,0,0,0,0,0,0,0,7000,7000,0,0
062338,鴻海麥證9B購01  ,0,0,0,4000,0,4000,0,0,0,0,0,0,0,4000,4000,0,0
062435,國巨元大9B購13  ,0,0,0,0,0,0,0,0,0,0,0,0,0,1000,1000,0,0
062467,國巨凱基9B購08  ,0,0,0,0,0,0,0,0,0,0,0,0,0,1000,1000,0,0
062418,台積電統一01購06,0,0,0,0,0,0,0,0,0,0,0,0,0,6000,6000,0,0
062421,台積電統一9C購09,0,0,0,0,0,0,0,0,0,0,0,0,0,20000,20000,0,0
062532,聯詠統一9C購01  ,0,0,0,0,0,0,0,0,0,0,0,0,0,5000,5000,0,0
062500,國巨群益01購01  ,0,0,0,0,0,0,0,0,0,0,0,0,0,15000,15000,0,0
062483,致新國票9B購01  ,0,0,0,0,0,0,0,0,0,0,0,0,0,25000,25000,0,0
062673,台新金中信03購01,0,0,0,0,0,0,0,0,0,0,0,0,0,10000,10000,0,0
062580,華通統一9C購03  ,0,0,0,0,0,0,0,0,0,0,0,0,0,5000,5000,0,0
062569,南電中信01購01  ,1000,0,1000,0,0,0,0,0,0,-1000,0,0,0,10000,11000,-1000,0
062926,嘉澤國票9B購01  ,0,0,0,0,0,0,0,0,0,0,0,0,0,38000,38000,0,0
062940,華新科凱基9C購02,0,0,0,0,0,0,0,0,0,0,0,0,0,1000,1000,0,0
062920,康友元大9B購01  ,0,0,0,0,0,0,0,0,0,0,0,0,0,16000,16000,0,0
062921,GIS元大9B購01   ,0,0,0,0,0,0,0,0,0,0,0,0,0,14000,14000,0,0
062902,智邦元大9B購07  ,0,0,0,0,0,0,0,0,0,0,0,0,0,2000,2000,0,0
063017,台光電元大9B購07,0,0,0,0,0,0,0,0,0,0,0,0,0,3000,3000,0,0
063007,儒鴻元大9B購01  ,0,0,0,0,0,0,0,0,0,0,0,0,0,8000,8000,0,0
062993,華新科群益9B購05,0,0,0,0,0,0,0,0,0,0,0,0,0,1000,1000,0,0
062726,華擎凱基9B購02  ,0,0,0,0,0,0,0,0,0,0,0,0,0,35000,35000,0,0
062700,台光電元大9B購05,0,0,0,0,0,0,0,0,0,0,0,0,0,3000,3000,0,0
062663,聯發科群益9B購07,0,0,0,0,0,0,0,0,0,0,0,0,0,1000,1000,0,0
062716,鴻海凱基9B購06  ,0,0,0,0,0,0,0,0,0,0,0,0,0,5000,5000,0,0
062777,鴻海元大9C購03  ,0,0,0,0,0,0,0,0,0,0,0,0,0,4000,4000,0,0
062778,國巨元大9B購17  ,0,0,0,0,0,0,0,0,0,0,0,0,0,1000,1000,0,0
062798,台光電統一9B購01,0,0,0,0,0,0,0,0,0,0,0,0,0,62000,62000,0,0
062811,鴻海兆豐9B購01  ,0,0,0,0,0,0,0,0,0,0,0,0,0,5000,5000,0,0
062841,臺股指群益9B購08,0,0,0,0,0,0,0,0,0,0,0,0,0,1000,1000,0,0
062202,國巨國票9C購04  ,0,0,0,0,0,0,0,0,0,0,0,0,0,1000,1000,0,0
062187,台勝科元大9B購02,0,0,0,0,0,0,0,0,0,0,0,0,0,68000,68000,0,0
062182,華新科元大9B購07,0,0,0,0,0,0,0,0,0,0,0,0,0,1000,1000,0,0
062259,可成元大9B購03  ,0,0,0,0,0,0,0,0,0,0,0,0,0,1000,1000,0,0
062260,華新科元大9B購09,0,0,0,0,0,0,0,0,0,0,0,0,0,1000,1000,0,0
062132,神隆群益9B購01  ,0,0,0,0,0,0,0,0,0,0,0,0,0,20000,20000,0,0
062093,台積電富邦9C購11,0,0,0,0,0,0,0,0,0,0,0,0,0,10000,10000,0,0
062072,國巨元大9B購05  ,0,0,0,0,0,0,0,0,0,0,0,0,0,1000,1000,0,0
059925,可成國泰9B購01  ,0,0,0,0,0,0,0,0,0,0,0,0,0,2000,2000,0,0
059911,國巨元大99購27  ,0,0,0,0,0,0,0,0,0,0,0,0,0,1000,1000,0,0
059912,國巨元大99購28  ,0,0,0,0,0,0,0,0,0,0,0,0,0,4000,4000,0,0
059905,A50正2元大9C購06,0,0,0,0,0,0,0,0,0,0,0,0,0,1000,1000,0,0
059827,晶技凱基99購03  ,0,0,0,0,0,0,0,0,0,0,0,0,0,10000,10000,0,0
060285,聯電元大9C購01  ,0,0,0,0,0,0,0,0,0,0,0,0,0,40000,40000,0,0
059153,臺股指國票99購16,0,0,0,0,0,0,0,0,0,0,0,0,0,5000,5000,0,0
059131,國巨群益99購07  ,0,0,0,0,0,0,0,0,0,0,0,0,0,1000,1000,0,0
059160,華通凱基99購03  ,0,0,0,0,0,0,0,0,0,0,0,0,0,10000,10000,0,0
059161,鴻海凱基9A購09  ,0,0,0,0,0,0,0,0,0,0,0,0,0,5000,5000,0,0
059162,國巨凱基99購12  ,0,0,0,0,0,0,0,0,0,0,0,0,0,13000,13000,0,0
059169,可成凱基99購04  ,0,0,0,0,0,0,0,0,0,0,0,0,0,1000,1000,0,0
059195,國巨永豐99購04  ,0,0,0,0,0,0,0,0,0,0,0,0,0,1000,1000,0,0
059692,聯詠永豐99購01  ,0,0,0,0,0,0,0,0,0,0,0,0,0,5000,5000,0,0
059717,國巨元大99購21  ,0,0,0,0,0,0,0,0,0,0,0,0,0,2000,2000,0,0
059788,華新科元大9A購05,0,0,0,0,0,0,0,0,0,0,0,0,0,1000,1000,0,0
059688,燿華永豐99購01  ,0,0,0,0,0,0,0,0,0,0,0,0,0,34000,34000,0,0
058792,鴻海元大99購18  ,0,0,0,0,0,0,0,0,0,0,0,0,0,4000,4000,0,0
060097,華新科元大99購23,0,0,0,0,0,0,0,0,0,0,0,0,0,1000,1000,0,0
060059,鴻海兆豐99購06  ,0,0,0,0,0,0,0,0,0,0,0,0,0,5000,5000,0,0
060088,國巨元大99購30  ,0,0,0,0,0,0,0,0,0,0,0,0,0,1000,1000,0,0
059954,華新科康和99購01,0,0,0,0,0,0,0,0,0,0,0,0,0,1000,1000,0,0
059784,台光電元大9A購01,0,0,0,0,0,0,0,0,0,0,0,0,0,6000,6000,0,0
060015,國巨康和99購03  ,0,0,0,0,0,0,0,0,0,0,0,0,0,4000,4000,0,0
060598,鴻海凱基9A購20  ,0,0,0,0,0,0,0,0,0,0,0,0,0,4000,4000,0,0
059404,鴻海台新99購03  ,0,0,0,0,0,0,0,0,0,0,0,0,0,5000,5000,0,0
061106,群創元大9B購09  ,0,0,0,0,0,0,0,0,0,0,0,0,0,8000,8000,0,0
061109,臻鼎元大9A購03  ,0,0,0,0,0,0,0,0,0,0,0,0,0,34000,34000,0,0
061117,美律國泰9C購01  ,0,0,0,0,0,0,0,0,0,0,0,0,0,13000,13000,0,0
059301,華新科群益99購04,0,0,0,0,0,0,0,0,0,0,0,0,0,1000,1000,0,0
060375,葡萄王元富9A購01,0,0,0,0,0,0,0,0,0,0,0,0,0,200000,200000,0,0
059235,鴻海凱基99購08  ,0,0,0,0,0,0,0,0,0,0,0,0,0,4000,4000,0,0
060939,鴻海國票9A購06  ,0,0,0,0,0,0,0,0,0,0,0,0,0,5000,5000,0,0
062038,鴻海凱基9B購05  ,0,0,0,0,0,0,0,0,0,0,0,0,0,4000,4000,0,0
061720,智邦國泰9C購01  ,0,0,0,0,0,0,0,0,0,0,0,0,0,145000,145000,0,0
061710,國巨凱基9A購18  ,0,0,0,0,0,0,0,0,0,0,0,0,0,3000,3000,0,0
061983,華新科元大9B購04,0,0,0,0,0,0,0,0,0,0,0,0,0,1000,1000,0,0
062002,鴻海國泰01購01  ,0,0,0,0,0,0,0,0,0,0,0,0,0,5000,5000,0,0
062004,國巨國泰9C購03  ,0,0,0,0,0,0,0,0,0,0,0,0,0,1000,1000,0,0
059427,國巨元大99購24  ,0,0,0,0,0,0,0,0,0,0,0,0,0,1000,1000,0,0
059452,全新永豐99購03  ,0,0,0,0,0,0,0,0,0,0,0,0,0,2000,2000,0,0
059507,鴻海永豐99購03  ,0,0,0,0,0,0,0,0,0,0,0,0,0,5000,5000,0,0
060452,儒鴻元大9A購01  ,0,0,0,0,0,0,0,0,0,0,0,0,0,5000,5000,0,0
060453,儒鴻元大9A購02  ,0,0,0,0,0,0,0,0,0,0,0,0,0,1000,1000,0,0
060461,鴻海元大9A購09  ,0,0,0,0,0,0,0,0,0,0,0,0,0,5000,5000,0,0
060462,鴻海元大9A購10  ,0,0,0,0,0,0,0,0,0,0,0,0,0,5000,5000,0,0
060463,台積電元大9A購10,0,0,0,0,0,0,0,0,0,0,0,0,0,97000,97000,0,0
061870,智邦元大9B購02  ,0,0,0,0,0,0,0,0,0,0,0,0,0,1000,1000,0,0
061868,旺宏元大9B購03  ,0,0,0,0,0,0,0,0,0,0,0,0,0,50000,50000,0,0
060511,群創元大9B購08  ,0,0,0,0,0,0,0,0,0,0,0,0,0,7000,7000,0,0
061838,華新科凱基05購03,0,0,0,0,0,0,0,0,0,0,0,0,0,1000,1000,0,0
061835,華新科凱基02購03,0,0,0,0,0,0,0,0,0,0,0,0,0,1000,1000,0,0
061836,華新科凱基05購01,0,0,0,0,0,0,0,0,0,0,0,0,0,1000,1000,0,0
060544,國巨凱基9B購03  ,0,0,0,0,0,0,0,0,0,0,0,0,0,1000,1000,0,0
061568,國巨元大9A購25  ,0,0,0,0,0,0,0,0,0,0,0,0,0,1000,1000,0,0
061848,國巨國票9B購07  ,0,0,0,0,0,0,0,0,0,0,0,0,0,1000,1000,0,0
061849,國巨國票9B購08  ,0,0,0,0,0,0,0,0,0,0,0,0,0,1000,1000,0,0
059531,華新科凱基9B購02,0,0,0,0,0,0,0,0,0,0,0,0,0,1000,1000,0,0
061576,華新科元大9A購21,0,0,0,0,0,0,0,0,0,0,0,0,0,1000,1000,0,0
061545,華新科群益9A購09,0,0,0,0,0,0,0,0,0,0,0,0,0,1000,1000,0,0
061539,國巨群益9B購03  ,0,0,0,0,0,0,0,0,0,0,0,0,0,3000,3000,0,0
058729,國巨永豐99購03  ,0,0,0,0,0,0,0,0,0,0,0,0,0,1000,1000,0,0
059532,華新科凱基9B購03,0,0,0,0,0,0,0,0,0,0,0,0,0,1000,1000,0,0
058850,華新科群益99購03,0,0,0,0,0,0,0,0,0,0,0,0,0,1000,1000,0,0
059660,華新科元大9A購04,0,0,0,0,0,0,0,0,0,0,0,0,0,1000,1000,0,0
059642,健策凱基99購04  ,0,0,0,0,0,0,0,0,0,0,0,0,0,2000,2000,0,0
059083,華通元大99購07  ,0,0,0,0,0,0,0,0,0,0,0,0,0,20000,20000,0,0
058998,鴻海元大99購22  ,0,0,0,0,0,0,0,0,0,0,0,0,0,4000,4000,0,0
058995,台達電元大99購01,0,0,0,0,0,0,0,0,0,0,0,0,0,10000,10000,0,0
058987,華新科凱基9B購01,0,0,0,0,0,0,0,0,0,0,0,0,0,1000,1000,0,0
058980,鴻海凱基99購06  ,0,0,0,0,0,0,0,0,0,0,0,0,0,10000,10000,0,0
058970,鴻海永豐99購02  ,0,0,0,0,0,0,0,0,0,0,0,0,0,5000,5000,0,0
058961,台灣50兆豐9C購01,0,0,0,0,0,0,0,0,0,0,0,0,0,20000,20000,0,0
058938,台積電中信01購03,0,0,0,0,0,0,0,0,0,0,0,0,0,20000,20000,0,0
061512,國巨永豐9A購04  ,0,0,0,0,0,0,0,0,0,0,0,0,0,1000,1000,0,0
061485,鴻海兆豐9A購01  ,0,0,0,0,0,0,0,0,0,0,0,0,0,4000,4000,0,0
061454,國巨凱基9A購16  ,0,0,0,0,0,0,0,0,0,0,0,0,0,2000,2000,0,0
061425,華新科元大9A購19,0,0,0,0,0,0,0,0,0,0,0,0,0,1000,1000,0,0
061364,國巨國票9A購09  ,0,0,0,0,0,0,0,0,0,0,0,0,0,6000,6000,0,0
061365,國巨國票9B購05  ,0,0,0,0,0,0,0,0,0,0,0,0,0,10000,10000,0,0
061349,嘉澤元大9A購02  ,0,0,0,0,0,0,0,0,0,0,0,0,0,7000,7000,0,0
061255,道瓊反凱基9C購01,0,0,0,0,0,0,0,0,0,0,0,0,0,3000,3000,0,0
061270,彩晶凱基9A購02  ,0,0,0,0,0,0,0,0,0,0,0,0,0,40000,40000,0,0
061790,中租群益9B購01  ,0,0,0,0,0,0,0,0,0,0,0,0,0,25000,25000,0,0
061582,麗豐元大9A購01  ,0,0,0,0,0,0,0,0,0,0,0,0,0,50000,50000,0,0
065541,GIS統一01購05   ,0,0,0,0,0,0,0,0,0,0,0,0,0,1000,1000,0,0
065513,旺宏群益9C購05  ,0,0,0,0,0,0,0,0,0,0,0,0,0,4000,4000,0,0
065410,國巨永豐9C購01  ,0,0,0,0,0,0,0,0,0,0,0,0,0,1000,1000,0,0
065413,玉晶光永豐9C購10,0,0,0,0,0,0,0,0,0,0,0,0,0,2000,2000,0,0
065438,緯穎凱基9C購04  ,0,0,0,0,0,0,0,0,0,0,0,0,0,3000,3000,0,0
065661,智原永豐9C購01  ,0,0,0,0,0,0,0,0,0,0,0,0,0,20000,20000,0,0
065574,創意群益9C購04  ,0,0,0,0,0,0,0,0,0,0,0,0,0,10000,10000,0,0
065088,可成元大9C購09  ,0,0,0,0,0,0,0,0,0,0,0,0,0,1000,1000,0,0
065151,國巨群益9C購13  ,0,0,0,0,0,0,0,0,0,0,0,0,0,1000,1000,0,0
065140,國巨凱基01購02  ,0,0,0,0,0,0,0,0,0,0,0,0,0,7000,7000,0,0
065231,宏達電凱基01購01,0,0,0,0,0,0,0,0,0,0,0,0,0,1000,1000,0,0
065161,矽格群益9C購01  ,0,0,0,0,0,0,0,0,0,0,0,0,0,62000,62000,0,0
065186,和大統一02購06  ,0,0,0,0,0,0,0,0,0,0,0,0,0,35000,35000,0,0
065187,聯發科統一02購02,0,0,0,0,0,0,0,0,0,0,0,0,0,13000,13000,0,0
065298,健策統一9C購06  ,0,0,0,0,0,0,0,0,0,0,0,0,0,7000,7000,0,0
065294,創意群益9C購03  ,0,0,0,0,0,0,0,0,0,0,0,0,0,6000,6000,0,0
065296,國巨統一01購10  ,0,0,0,0,0,0,0,0,0,0,0,0,0,1000,1000,0,0
065287,華新科群益01購03,0,0,0,0,0,0,0,0,0,0,0,0,0,1000,1000,0,0
064990,世紀鋼元大01購01,0,0,0,0,0,0,0,0,0,0,0,0,0,402000,402000,0,0
064970,東元元大9C購01  ,0,0,0,0,0,0,0,0,0,0,0,0,0,21000,21000,0,0
065047,群創凱基9C購01  ,0,0,0,0,0,0,0,0,0,0,0,0,0,4000,4000,0,0
065056,臺股指凱基9C購20,0,0,0,0,0,0,0,0,0,0,0,0,0,2000,2000,0,0
065064,創意群益9C購02  ,0,0,0,0,0,0,0,0,0,0,0,0,0,100000,100000,0,0
064881,聯茂兆豐01購02  ,0,0,0,0,0,0,0,0,0,0,0,0,0,85000,85000,0,0
064638,儒鴻凱基9C購03  ,0,0,0,0,0,0,0,0,0,0,0,0,0,10000,10000,0,0
064639,聚陽凱基02購01  ,0,0,0,0,0,0,0,0,0,0,0,0,0,40000,40000,0,0
064661,鴻海元大01購02  ,0,0,0,0,0,0,0,0,0,0,0,0,0,4000,4000,0,0
064663,鴻海元大9C購11  ,0,0,0,0,0,0,0,0,0,0,0,0,0,4000,4000,0,0
064715,和大統一02購03  ,0,0,0,0,0,0,0,0,0,0,0,0,0,35000,35000,0,0
064544,國巨凱基9C購09  ,0,0,0,0,0,0,0,0,0,0,0,0,0,4000,4000,0,0
064557,鴻海群益9C購04  ,0,0,0,0,0,0,0,0,0,0,0,0,0,5000,5000,0,0
064521,群創群益02購01  ,0,0,0,0,0,0,0,0,0,0,0,0,0,3000,3000,0,0
064538,鈺齊國票01購01  ,0,0,0,0,0,0,0,0,0,0,0,0,0,35000,35000,0,0
064574,達方群益01購01  ,0,0,0,0,0,0,0,0,0,0,0,0,0,40000,40000,0,0
064486,聚陽元大9C購01  ,0,0,0,0,0,0,0,0,0,0,0,0,0,10000,10000,0,0
064504,玉晶光元大01購02,0,0,0,0,0,0,0,0,0,0,0,0,0,2000,2000,0,0
063606,TPK凱基9C購01   ,0,0,0,0,0,0,0,0,0,0,0,0,0,40000,40000,0,0
063588,華新科永豐9B購02,0,0,0,0,0,0,0,0,0,0,0,0,0,1000,1000,0,0
063563,國巨元大9C購07  ,0,0,0,0,0,0,0,0,0,0,0,0,0,10000,10000,0,0
063685,鴻海永豐9B購03  ,0,0,0,0,0,0,0,0,0,0,0,0,0,5000,5000,0,0
063756,鴻海統一9B購09  ,0,0,0,0,0,0,0,0,0,0,0,0,0,5000,5000,0,0
063726,鴻海元大9B購04  ,0,0,0,0,0,0,0,0,0,0,0,0,0,5000,5000,0,0
063728,國巨元大9B購21  ,0,0,0,0,0,0,0,0,0,0,0,0,0,1000,1000,0,0
063723,儒鴻元大9B購04  ,0,0,0,0,0,0,0,0,0,0,0,0,0,4000,4000,0,0
063475,同欣電元大9C購01,0,0,0,0,0,0,0,0,0,0,0,0,0,107000,107000,0,0
063465,友達元大9C購10  ,0,0,0,0,0,0,0,0,0,0,0,0,0,50000,50000,0,0
063424,新日興凱基01購01,0,0,0,0,0,0,0,0,0,0,0,0,0,20000,20000,0,0
063558,聚陽元大9B購02  ,0,0,0,0,0,0,0,0,0,0,0,0,0,92000,92000,0,0
063045,國巨兆豐9C購02  ,0,0,0,0,0,0,0,0,0,0,0,0,0,1000,1000,0,0
063219,友達群益9B購03  ,0,0,0,0,0,0,0,0,0,0,0,0,0,2000,2000,0,0
063157,鴻海台新9B購02  ,0,0,0,0,0,0,0,0,0,0,0,0,0,4000,4000,0,0
063355,超眾元富9B購01  ,0,0,0,0,0,0,0,0,0,0,0,0,0,1000,1000,0,0
063313,南亞科群益9B購02,0,0,0,0,0,0,0,0,0,0,0,0,0,5000,5000,0,0
063301,鴻海凱基9B購08  ,0,0,0,0,0,0,0,0,0,0,0,0,0,6000,6000,0,0
063302,國巨凱基9C購05  ,0,0,0,0,0,0,0,0,0,0,0,0,0,2000,2000,0,0
06329P,大立光兆豐97售04,0,0,0,0,0,0,0,0,0,0,0,0,0,32000,32000,0,0
063296,可成麥證9B購01  ,0,0,0,0,1000,-1000,0,0,0,0,0,0,0,1000,1000,0,0
063256,鴻海國泰01購02  ,0,0,0,0,0,0,0,0,0,0,0,0,0,17000,17000,0,0
063248,創意元大9C購01  ,0,0,0,0,0,0,0,0,0,0,0,0,0,10000,10000,0,0
064042,國巨統一9C購12  ,0,0,0,0,0,0,0,0,0,0,0,0,0,2000,2000,0,0
064034,台表科元大9C購07,0,0,0,0,0,0,0,0,0,0,0,0,0,1000,1000,0,0
064110,國巨國票01購01  ,0,0,0,0,0,0,0,0,0,0,0,0,0,4000,4000,0,0
064114,南茂國票01購01  ,0,0,0,0,0,0,0,0,0,0,0,0,0,10000,10000,0,0
064004,全新凱基01購01  ,0,0,0,0,0,0,0,0,0,0,0,0,0,19000,19000,0,0
063997,泰鼎群益9C購01  ,0,0,0,0,0,0,0,0,0,0,0,0,0,5000,5000,0,0
063963,鴻海國票01購01  ,0,0,0,0,0,0,0,0,0,0,0,0,0,4000,4000,0,0
063954,世芯元大01購02  ,0,0,0,0,0,0,0,0,0,0,0,0,0,10000,10000,0,0
063837,亞德客元大01購01,0,0,0,0,0,0,0,0,0,0,0,0,0,50000,50000,0,0
063840,鴻海元大01購01  ,0,0,0,0,0,0,0,0,0,0,0,0,0,5000,5000,0,0
063796,鴻海凱基9C購02  ,0,0,0,0,0,0,0,0,0,0,0,0,0,4000,4000,0,0
063918,復盛凱基9C購01  ,0,0,0,0,0,0,0,0,0,0,0,0,0,12000,12000,0,0
063908,國巨凱基9C購06  ,0,0,0,0,0,0,0,0,0,0,0,0,0,1000,1000,0,0
063896,世芯群益9C購01  ,0,0,0,0,0,0,0,0,0,0,0,0,0,11000,11000,0,0
063902,志超群益9C購01  ,0,0,0,0,0,0,0,0,0,0,0,0,0,9000,9000,0,0
063858,鴻海國泰02購01  ,0,0,0,0,0,0,0,0,0,0,0,0,0,5000,5000,0,0
063879,台積電元富9C購01,0,0,0,0,0,0,0,0,0,0,0,0,0,1000,1000,0,0
064136,致新元大9C購01  ,0,0,0,0,0,0,0,0,0,0,0,0,0,1000,1000,0,0
064131,群創元大01購02  ,0,0,0,0,0,0,0,0,0,0,0,0,0,6000,6000,0,0
064120,鴻海元大9C購07  ,0,0,0,0,0,0,0,0,0,0,0,0,0,4000,4000,0,0
064231,鴻海統一01購03  ,0,0,0,0,0,0,0,0,0,0,0,0,0,16000,16000,0,0
064273,華邦電元大9C購02,0,0,0,0,0,0,0,0,0,0,0,0,0,10000,10000,0,0
064271,鴻海元大9C購08  ,0,0,0,0,0,0,0,0,0,0,0,0,0,4000,4000,0,0
064245,GIS統一02購02   ,0,0,0,0,0,0,0,0,0,0,0,0,0,20000,20000,0,0
064254,景碩台新9C購02  ,0,0,0,0,0,0,0,0,0,0,0,0,0,1000,1000,0,0
064336,可成元大9C購06  ,0,0,0,0,0,0,0,0,0,0,0,0,0,1000,1000,0,0
1583,程泰            ,2000,2000,0,0,0,0,0,0,0,0,0,0,0,0,0,0,0
2024,志聯            ,1000,3000,-2000,0,0,0,0,0,0,2000,6000,4000,2000,0,0,0,0
9918,欣天然          ,0,0,0,0,0,0,0,0,0,0,1000,1000,0,0,0,0,0
6641,基士德-KY       ,2000,2000,0,0,0,0,0,0,0,0,0,0,0,0,0,0,0
5305,敦南            ,157000,149000,8000,0,0,0,0,0,0,-8000,7000,15000,-8000,0,0,0,0
6464,台數科          ,4000,4000,0,0,0,0,0,0,0,0,0,0,0,0,0,0,0
4562,穎漢            ,0,2000,-2000,0,0,0,0,0,0,2000,3000,1000,2000,0,0,0,0
6415,矽力-KY         ,430000,402042,27958,0,0,0,0,28000,-28000,0,0,0,0,0,0,0,-42
06639P,訊芯元富98售04  ,0,0,0,0,0,0,0,0,0,-1000,0,0,0,0,1000,-1000,-1000
06643P,大立光兆豐98售01,0,0,0,0,0,0,0,0,0,-1000,0,0,0,0,1000,-1000,-1000
066353,台塑化永豐01購01,0,0,0,0,0,0,0,0,0,-1000,0,0,0,0,1000,-1000,-1000
066354,緯穎永豐01購01  ,0,0,0,0,0,0,0,0,0,-1000,0,0,0,0,1000,-1000,-1000
06706P,智原台新98售02  ,0,0,0,0,0,0,0,0,0,-1000,0,0,0,0,1000,-1000,-1000
06757P,台灣50元大9B售01,0,0,0,0,0,0,0,0,0,-1000,0,0,0,100000,101000,-1000,-1000
06766P,玉晶光元大99售10,0,0,0,0,0,0,0,0,0,-1000,0,0,0,376000,377000,-1000,-1000
06804P,臺股指群益98售10,0,0,0,0,0,0,0,0,0,-1000,0,0,0,0,1000,-1000,-1000
06806P,臺股指群益98售12,0,0,0,0,0,0,0,0,0,-1000,0,0,0,1000,2000,-1000,-1000
06671P,台積電群益98售04,0,0,0,0,0,0,0,0,0,-1000,0,0,0,0,1000,-1000,-1000
066755,永光永豐01購02  ,0,0,0,0,0,0,0,0,0,-1000,0,0,0,0,1000,-1000,-1000
06619P,聯發科元大98售06,0,0,0,0,0,0,0,0,0,-1000,0,0,0,0,1000,-1000,-1000
06570P,大立光永豐98售01,0,0,0,0,0,0,0,0,0,-1000,0,0,0,0,1000,-1000,-1000
065710,嘉聯益群益9C購02,0,0,0,0,0,0,0,0,0,-1000,0,0,0,0,1000,-1000,-1000
065716,道瓊反中信03購01,0,0,0,0,0,0,0,0,0,-1000,0,0,0,0,1000,-1000,-1000
065896,智易統一02購01  ,0,0,0,0,0,0,0,0,0,-1000,0,0,0,0,1000,-1000,-1000
08708P,華通台新01售01  ,0,0,0,0,0,0,0,0,0,-1000,0,0,0,8000,9000,-1000,-1000
08712P,國巨元富07售03  ,0,0,0,0,0,0,0,0,0,-1000,0,0,0,10000,11000,-1000,-1000
08597P,聯發科元大9C售18,0,0,0,0,0,0,0,0,0,-1000,0,0,0,99000,100000,-1000,-1000
08449P,華新科群益9C售03,0,0,0,0,0,0,0,0,0,-1000,0,0,0,8000,9000,-1000,-1000
08101P,超眾群益9B售02  ,0,0,0,0,0,0,0,0,0,-1000,0,0,0,0,1000,-1000,-1000
08155P,聯發科元富9B售05,0,0,0,0,0,0,0,0,0,-1000,0,0,0,132000,133000,-1000,-1000
08162P,台灣50台新9C售06,0,0,0,0,0,0,0,0,0,-1000,0,0,0,0,1000,-1000,-1000
08197P,聯發科元大9B售24,0,0,0,0,0,0,0,0,0,-1000,0,0,0,0,1000,-1000,-1000
08258P,旺宏元大9C售04  ,0,0,0,0,0,0,0,0,0,-1000,0,0,0,81000,82000,-1000,-1000
06992P,玉晶光日盛9B售01,0,0,0,0,0,0,0,0,0,-1000,0,0,0,0,1000,-1000,-1000
06939P,國巨永豐98售09  ,0,0,0,0,0,0,0,0,0,-1000,0,0,0,0,1000,-1000,-1000
06978P,聯發科富邦9B售02,0,0,0,0,0,0,0,0,0,-1000,0,0,0,9000,10000,-1000,-1000
07171P,臺股指國票99售08,0,0,0,0,0,0,0,0,0,-1000,0,0,0,0,1000,-1000,-1000
07509P,牧德國票9A售03  ,0,0,0,0,0,0,0,0,0,-1000,0,0,0,20000,21000,-1000,-1000
07503P,禾伸堂元大9A售01,0,0,0,0,0,0,0,0,0,-1000,0,0,0,0,1000,-1000,-1000
07413P,國巨元大99售33  ,0,0,0,0,0,0,0,0,0,-1000,0,0,0,0,1000,-1000,-1000
07315P,台積電台新99售06,0,0,0,0,0,0,0,0,0,-1000,0,0,0,0,1000,-1000,-1000
07334P,臺股指國票99售19,0,0,0,0,0,0,0,0,0,-1000,0,0,0,0,1000,-1000,-1000
07835P,台表科群益9A售02,0,0,0,0,0,0,0,0,0,-1000,0,0,0,0,1000,-1000,-1000
07811P,華新科統一9A售02,0,0,0,0,0,0,0,0,0,-1000,0,0,0,0,1000,-1000,-1000
07923P,元金2X凱基02售02,0,0,0,0,0,0,0,0,0,-1000,0,0,0,0,1000,-1000,-1000
052766,玉晶光群益9A購01,0,0,0,0,0,0,0,0,0,-1000,0,0,0,0,1000,-1000,-1000
052424,泰碩國票97購01  ,0,0,0,0,0,0,0,0,0,-1000,0,0,0,0,1000,-1000,-1000
04454P,大立光富邦98售02,0,0,0,0,0,0,0,0,0,-1000,0,0,0,0,1000,-1000,-1000
051381,玉晶光群益98購01,0,0,0,0,0,0,0,0,0,-1000,0,0,0,0,1000,-1000,-1000
056288,健鼎永豐97購01  ,0,0,0,0,0,0,0,0,0,-1000,0,0,0,0,1000,-1000,-1000
056328,訊芯兆豐98購01  ,0,0,0,0,0,0,0,0,0,-1000,0,0,0,0,1000,-1000,-1000
056330,玉晶光國票99購03,0,0,0,0,0,0,0,0,0,-1000,0,0,0,0,1000,-1000,-1000
00645,富邦日本        ,0,0,0,0,0,0,0,0,0,-1000,0,0,0,102000,103000,-1000,-1000
03047X,元展44          ,0,0,0,0,0,0,0,0,0,-1000,0,0,0,0,1000,-1000,-1000
053948,大立光富邦99購04,0,0,0,0,0,0,0,0,0,-1000,0,0,0,0,1000,-1000,-1000
03678C,臺股指凱基01牛02,0,0,0,0,0,0,0,0,0,-1000,0,0,0,0,1000,-1000,-1000
056481,創意元大98購01  ,0,0,0,0,0,0,0,0,0,-1000,0,0,0,20000,21000,-1000,-1000
054547,鴻海凱基98購02  ,0,0,0,0,0,0,0,0,0,-1000,0,0,0,0,1000,-1000,-1000
054509,上証反元大99購01,0,0,0,0,0,0,0,0,0,-1000,0,0,0,0,1000,-1000,-1000
055408,力成國泰98購01  ,0,0,0,0,0,0,0,0,0,-1000,0,0,0,59000,60000,-1000,-1000
055726,台表科元大98購03,0,0,0,0,0,0,0,0,0,-1000,0,0,0,0,1000,-1000,-1000
055820,矽力國票98購02  ,0,0,0,0,0,0,0,0,0,-1000,0,0,0,0,1000,-1000,-1000
057561,大立光兆豐98購02,0,0,0,0,0,0,0,0,0,-1000,0,0,0,0,1000,-1000,-1000
056092,亞德客元富97購02,0,0,0,0,0,0,0,0,0,-1000,0,0,0,0,1000,-1000,-1000
054962,玉晶光元大99購02,0,0,0,0,0,0,0,0,0,-1000,0,0,0,1000,2000,-1000,-1000
056776,聯茂元大99購01  ,0,0,0,0,0,0,0,0,0,-1000,0,0,0,0,1000,-1000,-1000
058624,台積電國票99購09,0,0,0,0,0,0,0,0,0,-1000,0,0,0,74000,75000,-1000,-1000
057589,超眾國票9A購01  ,0,0,0,0,0,0,0,0,0,-1000,0,0,0,2000,3000,-1000,-1000
057703,矽力群益98購01  ,0,0,0,0,0,0,0,0,0,-1000,0,0,0,5000,6000,-1000,-1000
058138,晶相光元大9C購01,0,0,0,0,0,0,0,0,0,-1000,0,0,0,10000,11000,-1000,-1000
058187,泰碩永豐99購01  ,0,0,0,0,0,0,0,0,0,-1000,0,0,0,0,1000,-1000,-1000
058641,鴻海麥證99購02  ,0,0,0,35000,31000,4000,0,0,0,-1000,0,0,0,35000,36000,-1000,-1000
060896,晶技凱基9A購02  ,0,0,0,0,0,0,0,0,0,-1000,0,0,0,55000,56000,-1000,-1000
060659,鴻海凱基9B購03  ,0,0,0,0,0,0,0,0,0,-1000,0,0,0,5000,6000,-1000,-1000
057235,亞光凱基98購04  ,0,0,0,0,0,0,0,0,0,-1000,0,0,0,20000,21000,-1000,-1000
061070,超眾凱基9C購01  ,0,0,0,0,0,0,0,0,0,-1000,0,0,0,20000,21000,-1000,-1000
056598,京元電元富98購01,0,0,0,0,0,0,0,0,0,-1000,0,0,0,14000,15000,-1000,-1000
057834,聯發科元富02購07,0,0,0,0,0,0,0,0,0,-1000,0,0,0,0,1000,-1000,-1000
057162,上銀元大98購03  ,0,0,0,0,0,0,0,0,0,-1000,0,0,0,0,1000,-1000,-1000
057040,國巨元大98購12  ,0,0,0,0,0,0,0,0,0,-1000,0,0,0,2000,3000,-1000,-1000
061597,南六永豐9A購04  ,0,0,0,0,0,0,0,0,0,-1000,0,0,0,145000,146000,-1000,-1000
061628,緯穎群益9A購04  ,0,0,0,0,0,0,0,0,0,-1000,0,0,0,0,1000,-1000,-1000
061802,勤誠永豐9B購01  ,0,0,0,0,0,0,0,0,0,-1000,0,0,0,49000,50000,-1000,-1000
061781,台積電群益9C購01,0,0,0,0,0,0,0,0,0,-1000,0,0,0,0,1000,-1000,-1000
061770,泰碩元大9B購02  ,0,0,0,0,0,0,0,0,0,-1000,0,0,0,19000,20000,-1000,-1000
061274,臺股指凱基9A購24,0,0,0,0,0,0,0,0,0,-1000,0,0,0,0,1000,-1000,-1000
061257,上銀凱基9A購06  ,0,0,0,0,0,0,0,0,0,-1000,0,0,0,0,1000,-1000,-1000
061506,瑞祺國票9A購02  ,0,0,0,0,0,0,0,0,0,-1000,0,0,0,0,1000,-1000,-1000
058885,元石油元大9C購02,0,0,0,0,0,0,0,0,0,-1000,0,0,0,0,1000,-1000,-1000
059014,SGBR2X元富03購01,0,0,0,0,0,0,0,0,0,-1000,0,0,0,0,1000,-1000,-1000
059049,元油2X凱基9A購12,0,0,0,0,0,0,0,0,0,-1000,0,0,0,0,1000,-1000,-1000
05957P,友達國票97售04  ,0,0,0,0,0,0,0,0,0,-1000,0,0,0,0,1000,-1000,-1000
059605,臺股指元大9A購42,0,0,0,0,0,0,0,0,0,-1000,0,0,0,1000,2000,-1000,-1000
060526,台積電中信9A購02,0,0,0,0,0,0,0,0,0,-1000,0,0,0,0,1000,-1000,-1000
060485,華新科富邦9C購04,0,0,0,0,0,0,0,0,0,-1000,0,0,0,0,1000,-1000,-1000
061879,超眾元大9C購01  ,0,0,0,0,0,0,0,0,0,-1000,0,0,0,1000,2000,-1000,-1000
061898,茂林永豐9B購01  ,0,0,0,0,0,0,0,0,0,-1000,0,0,0,0,1000,-1000,-1000
061692,聯發科群益9A購04,0,0,0,0,0,0,0,0,0,-1000,0,0,0,0,1000,-1000,-1000
062031,臻鼎群益9B購01  ,0,0,0,0,0,0,0,0,0,-1000,0,0,0,40000,41000,-1000,-1000
059215,台積電元大99購28,0,0,0,0,0,0,0,0,0,-1000,0,0,0,0,1000,-1000,-1000
059218,台積電元大99購31,0,0,0,0,0,0,0,0,0,-1000,0,0,0,1000,2000,-1000,-1000
060977,亞德客元大9A購04,0,0,0,0,0,0,0,0,0,-1000,0,0,0,4000,5000,-1000,-1000
060368,緯穎元富9A購03  ,0,0,0,0,0,0,0,0,0,-1000,0,0,0,0,1000,-1000,-1000
060369,滬深2X元富01購01,0,0,0,0,0,0,0,0,0,-1000,0,0,0,0,1000,-1000,-1000
059345,禾伸堂凱基99購03,0,0,0,0,0,0,0,0,0,-1000,0,0,0,0,1000,-1000,-1000
059304,華新科兆豐99購06,0,0,0,0,0,0,0,0,0,-1000,0,0,0,0,1000,-1000,-1000
061088,國巨統一9C購05  ,0,0,0,0,0,0,0,0,0,-1000,0,0,0,0,1000,-1000,-1000
059415,台灣50元大9A購03,0,0,0,0,0,0,0,0,0,-1000,0,0,0,4000,5000,-1000,-1000
059403,T50反1台新03購03,0,0,0,0,0,0,0,0,0,-1000,0,0,0,0,1000,-1000,-1000
060610,玉晶光凱基9B購02,0,0,0,0,0,0,0,0,0,-1000,0,0,0,0,1000,-1000,-1000
060624,玉晶光元大9C購02,0,0,0,0,0,0,0,0,0,-1000,0,0,0,0,1000,-1000,-1000
060625,華擎元大9A購01  ,0,0,0,0,0,0,0,0,0,-1000,0,0,0,45000,46000,-1000,-1000
060044,大立光群益99購09,0,0,0,0,0,0,0,0,0,-1000,0,0,0,0,1000,-1000,-1000
060204,矽創元富9A購01  ,0,0,0,0,0,0,0,0,0,-1000,0,0,0,0,1000,-1000,-1000
060077,台積電台新9B購01,0,0,0,0,0,0,0,0,0,-1000,0,0,0,0,1000,-1000,-1000
059721,旺宏元大99購16  ,0,0,0,0,0,0,0,0,0,-1000,0,0,0,0,1000,-1000,-1000
058731,貿聯永豐99購02  ,0,0,0,0,0,0,0,0,0,-1000,0,0,0,1000,2000,-1000,-1000
058758,台積電群益99購05,0,0,0,0,0,0,0,0,0,-1000,0,0,0,0,1000,-1000,-1000
059177,臺股指凱基99購28,0,0,0,0,0,0,0,0,0,-1000,0,0,0,1000,2000,-1000,-1000
059145,創意國票99購02  ,0,0,0,0,0,0,0,0,0,-1000,0,0,0,1000,2000,-1000,-1000
062102,T50反1國票9B購07,0,0,0,0,0,0,0,0,0,-1000,0,0,0,120000,121000,-1000,-1000
06214P,國巨國票98售04  ,0,0,0,0,0,0,0,0,0,-1000,0,0,0,0,1000,-1000,-1000
062222,華新科統一9B購04,0,0,0,0,0,0,0,0,0,-1000,0,0,0,0,1000,-1000,-1000
062857,SP黃豆國票9C購01,0,0,0,0,0,0,0,0,0,-1000,0,0,0,0,1000,-1000,-1000
062738,可成國票9B購02  ,0,0,0,0,0,0,0,0,0,-1000,0,0,0,1000,2000,-1000,-1000
062990,台積電群益9B購06,0,0,0,0,0,0,0,0,0,-1000,0,0,0,3000,4000,-1000,-1000
062619,台表科元大9B購03,0,0,0,0,0,0,0,0,0,-1000,0,0,0,34000,35000,-1000,-1000
062488,台光電永豐9B購02,0,0,0,0,0,0,0,0,0,-1000,0,0,0,0,1000,-1000,-1000
062536,玉晶光麥證9B購01,0,0,0,0,1000,-1000,0,0,0,-1000,0,0,0,0,1000,-1000,-1000
062439,聯發科元大9B購10,0,0,0,0,0,0,0,0,0,-1000,0,0,0,0,1000,-1000,-1000
062452,A50正2群益01購04,0,0,0,0,0,0,0,0,0,-1000,0,0,0,0,1000,-1000,-1000
062278,聯發科群益9C購01,0,0,0,0,0,0,0,0,0,-1000,0,0,0,0,1000,-1000,-1000
062353,亞德客元大9B購01,0,0,0,0,0,0,0,0,0,-1000,0,0,0,61000,62000,-1000,-1000
062342,上証2X群益01購03,0,0,0,0,0,0,0,0,0,-1000,0,0,0,0,1000,-1000,-1000
06435P,臺股指群益98售02,0,0,0,0,0,0,0,0,0,-1000,0,0,0,0,1000,-1000,-1000
064167,緯穎統一01購03  ,0,0,0,0,0,0,0,0,0,-1000,0,0,0,5000,6000,-1000,-1000
063942,台積電元大01購03,0,0,0,0,0,0,0,0,0,-1000,0,0,0,0,1000,-1000,-1000
063785,華通中信06購02  ,0,0,0,0,0,0,0,0,0,-1000,0,0,0,20000,21000,-1000,-1000
063819,致新群益9C購01  ,0,0,0,0,0,0,0,0,0,-1000,0,0,0,87000,88000,-1000,-1000
063957,臻鼎元大9C購01  ,0,0,0,0,0,0,0,0,0,-1000,0,0,0,10000,11000,-1000,-1000
064003,台積電凱基01購03,0,0,0,0,0,0,0,0,0,-1000,0,0,0,0,1000,-1000,-1000
063367,GIS富邦9B購01   ,0,0,0,0,0,0,0,0,0,-1000,0,0,0,0,1000,-1000,-1000
063094,玉晶光國票01購03,0,0,0,0,0,0,0,0,0,-1000,0,0,0,0,1000,-1000,-1000
063714,超眾凱基9B購03  ,0,0,0,0,0,0,0,0,0,-1000,0,0,0,0,1000,-1000,-1000
063591,麗豐永豐9B購02  ,0,0,0,0,0,0,0,0,0,-1000,0,0,0,0,1000,-1000,-1000
064502,大立光元大9C購19,0,0,0,0,0,0,0,0,0,-1000,0,0,0,10000,11000,-1000,-1000
064534,京元電國票01購01,0,0,0,0,0,0,0,0,0,-1000,0,0,0,0,1000,-1000,-1000
06470P,臺股指凱基99售10,0,0,0,0,0,0,0,0,0,-1000,0,0,0,0,1000,-1000,-1000
064693,玉晶光群益01購06,0,0,0,0,0,0,0,0,0,-1000,0,0,0,0,1000,-1000,-1000
064694,玉晶光群益02購02,0,0,0,0,0,0,0,0,0,-1000,0,0,0,0,1000,-1000,-1000
064824,台積電統一02購03,0,0,0,0,0,0,0,0,0,-1000,0,0,0,4000,5000,-1000,-1000
064772,FBVIX群益9C購04 ,0,0,0,0,0,0,0,0,0,-1000,0,0,0,0,1000,-1000,-1000
06499P,臺股指元大9A售04,0,0,0,0,0,0,0,0,0,-1000,0,0,0,0,1000,-1000,-1000
064997,T50反1國票01購04,0,0,0,0,0,0,0,0,0,-1000,0,0,0,0,1000,-1000,-1000
06501P,臺股指元大9A售06,0,0,0,0,0,0,0,0,0,-1000,0,0,0,1000,2000,-1000,-1000
065015,上証2X富邦01購01,0,0,0,0,0,0,0,0,0,-1000,0,0,0,10000,11000,-1000,-1000
065265,景碩元大9C購02  ,0,0,0,0,0,0,0,0,0,-1000,0,0,0,26000,27000,-1000,-1000
065247,聯發科麥證9C購02,0,0,0,0,1000,-1000,0,0,0,-1000,0,0,0,0,1000,-1000,-1000
065297,旺宏統一02購01  ,0,0,0,0,0,0,0,0,0,-1000,0,0,0,30000,31000,-1000,-1000
06535P,可成群益99售02  ,0,0,0,0,0,0,0,0,0,-1000,0,0,0,0,1000,-1000,-1000
065206,旺宏國票01購02  ,0,0,0,0,0,0,0,0,0,-1000,0,0,0,0,1000,-1000,-1000
065657,智邦富邦9C購01  ,0,0,0,0,0,0,0,0,0,-1000,0,0,0,5000,6000,-1000,-1000
065666,旺宏凱基9C購03  ,0,0,0,0,0,0,0,0,0,-1000,0,0,0,0,1000,-1000,-1000
065536,健鼎統一02購04  ,0,0,0,0,0,0,0,0,0,-1000,0,0,0,0,1000,-1000,-1000
6405,悅城            ,0,0,0,0,0,0,0,0,0,-1000,0,1000,-1000,0,0,0,-1000
6172,互億            ,2000,2000,0,0,0,0,0,0,0,-1000,0,1000,-1000,0,0,0,-1000
4581,光隆精密-KY     ,0,1000,-1000,0,0,0,0,0,0,0,0,0,0,0,0,0,-1000
3229,晟鈦            ,0,1000,-1000,0,0,0,0,0,0,0,0,0,0,0,0,0,-1000
3054,立萬利          ,1000,0,1000,0,0,0,0,0,0,-2000,1000,3000,-2000,0,0,0,-1000
8101,華冠            ,0,0,0,0,0,0,0,0,0,-1000,0,1000,-1000,0,0,0,-1000
9105,泰金寶-DR       ,0,1000,-1000,0,0,0,0,0,0,0,0,0,0,0,0,0,-1000
8427,基勝-KY         ,0,0,0,0,0,0,0,0,0,-1000,0,1000,-1000,0,0,0,-1000
9929,秋雨            ,0,0,0,0,0,0,0,0,0,-1000,0,1000,-1000,0,0,0,-1000
2033,佳大            ,1000,1000,0,0,0,0,0,0,0,-1000,0,1000,-1000,0,0,0,-1000
2069,運錩            ,2000,3000,-1000,0,0,0,0,0,0,0,0,0,0,0,0,0,-1000
1530,亞崴            ,0,0,0,0,0,0,0,0,0,-1000,0,1000,-1000,0,0,0,-1000
1724,台硝            ,0,1000,-1000,0,0,0,0,0,0,0,0,0,0,0,0,0,-1000
1776,展宇            ,0,1000,-1000,0,0,0,0,0,0,0,0,0,0,0,0,0,-1000
08755P,台灣50元大01售17,0,0,0,0,0,0,0,0,0,-1000,0,0,0,0,1000,-1000,-1000
1220,台榮            ,3000,4000,-1000,0,0,0,0,0,0,0,0,0,0,0,0,0,-1000
1312A,國喬特          ,0,0,0,0,0,0,0,0,0,-1000,1000,2000,-1000,0,0,0,-1000
1235,興泰            ,3000,6000,-3000,0,0,0,0,0,0,2000,5000,3000,2000,0,0,0,-1000
1236,宏亞            ,0,0,0,0,0,0,0,0,0,-1000,0,1000,-1000,0,0,0,-1000
1456,怡華            ,0,0,0,0,0,0,0,0,0,-1000,0,1000,-1000,0,0,0,-1000
2712,遠雄來          ,0,1000,-1000,0,0,0,0,0,0,0,0,0,0,0,0,0,-1000
2910,統領            ,0,0,0,0,0,0,0,0,0,-1000,0,1000,-1000,0,0,0,-1000
07740P,臺股指永豐9A售01,0,0,0,0,0,0,0,0,0,-2000,0,0,0,18000,20000,-2000,-2000
07787P,國巨凱基9A售17  ,0,0,0,0,0,0,0,0,0,-2000,0,0,0,0,2000,-2000,-2000
07668P,旺宏元大9A售10  ,0,0,0,0,0,0,0,0,0,-2000,0,0,0,100000,102000,-2000,-2000
07730P,臺股指凱基9A售22,0,0,0,0,0,0,0,0,0,-2000,0,0,0,0,2000,-2000,-2000
07642P,華通凱基9A售05  ,0,0,0,0,0,0,0,0,0,-2000,0,0,0,0,2000,-2000,-2000
07083P,台積電統一9A售06,0,0,0,0,0,0,0,0,0,-2000,0,0,0,0,2000,-2000,-2000
08374P,緯穎凱基9C售01  ,0,0,0,0,0,0,0,0,0,-2000,0,0,0,138000,140000,-2000,-2000
08399P,技嘉元富9C售02  ,0,0,0,0,0,0,0,0,0,-2000,0,0,0,0,2000,-2000,-2000
08510P,大立光富邦03售04,0,0,0,0,0,0,0,0,0,-2000,0,0,0,10000,12000,-2000,-2000
065889,鴻海統一03購02  ,0,0,0,0,0,0,0,0,0,-2000,0,0,0,0,2000,-2000,-2000
065845,友達元大9C購12  ,0,0,0,0,0,0,0,0,0,-2000,0,0,0,0,2000,-2000,-2000
065801,瑞昱群益9C購04  ,0,0,0,0,0,0,0,0,0,-2000,0,0,0,73000,75000,-2000,-2000
06582P,可成凱基98售06  ,0,0,0,0,0,0,0,0,0,-2000,0,0,0,0,2000,-2000,-2000
066142,超眾群益01購03  ,0,0,0,0,0,0,0,0,0,-2000,0,0,0,11000,13000,-2000,-2000
066111,上銀兆豐02購01  ,0,0,0,0,0,0,0,0,0,-2000,0,0,0,0,2000,-2000,-2000
066863,上証2X元富07購01,0,0,0,0,0,0,0,0,0,-2000,0,0,0,0,2000,-2000,-2000
066864,上証2X元富07購02,0,0,0,0,0,0,0,0,0,-2000,0,0,0,0,2000,-2000,-2000
066331,東森永豐01購01  ,0,0,0,0,0,0,0,0,0,-2000,0,0,0,8000,10000,-2000,-2000
066544,鴻海元大01購08  ,0,0,0,0,0,0,0,0,0,-2000,0,0,0,0,2000,-2000,-2000
057116,鴻海日盛9A購01  ,0,0,0,0,0,0,0,0,0,-2000,0,0,0,0,2000,-2000,-2000
061040,康友永豐9A購01  ,0,0,0,0,0,0,0,0,0,-2000,0,0,0,0,2000,-2000,-2000
060693,台積電麥證9A購02,0,0,0,0,2000,-2000,0,0,0,-2000,0,0,0,0,2000,-2000,-2000
060714,晶技永豐9A購02  ,0,0,0,0,0,0,0,0,0,-2000,0,0,0,13000,15000,-2000,-2000
060770,宏達電麥證9A購01,0,0,0,0,2000,-2000,0,0,0,-2000,0,0,0,0,2000,-2000,-2000
057941,聯電國票99購01  ,0,0,0,0,0,0,0,0,0,-2000,0,0,0,35000,37000,-2000,-2000
057935,晶技群益98購02  ,0,0,0,0,0,0,0,0,0,-2000,0,0,0,0,2000,-2000,-2000
058135,景碩元大99購01  ,0,0,0,0,0,0,0,0,0,-2000,0,0,0,0,2000,-2000,-2000
058141,嘉聯益元大99購05,0,0,0,0,0,0,0,0,0,-2000,0,0,0,0,2000,-2000,-2000
058102,楠梓電永豐98購04,0,0,0,0,0,0,0,0,0,-2000,0,0,0,0,2000,-2000,-2000
058088,鴻海元大9A購01  ,0,0,0,0,0,0,0,0,0,-2000,0,0,0,0,2000,-2000,-2000
056772,欣興元大99購01  ,0,0,0,0,0,0,0,0,0,-2000,0,0,0,1000,3000,-2000,-2000
056755,聯茂兆豐98購01  ,0,0,0,0,0,0,0,0,0,-2000,0,0,0,0,2000,-2000,-2000
057397,茂林中信9A購01  ,0,0,0,0,0,0,0,0,0,-2000,0,0,0,0,2000,-2000,-2000
057411,臺股指群益99購05,0,0,0,0,0,0,0,0,0,-2000,0,0,0,0,2000,-2000,-2000
058347,玉晶光群益9B購01,0,0,0,0,0,0,0,0,0,-2000,0,0,0,3000,5000,-2000,-2000
056455,群創凱基9A購01  ,0,0,0,0,0,0,0,0,0,-2000,0,0,0,4000,6000,-2000,-2000
055108,智邦凱基98購01  ,0,0,0,0,0,0,0,0,0,-2000,0,0,0,0,2000,-2000,-2000
03052X,元展49          ,0,0,0,0,0,0,0,0,0,-2000,0,0,0,0,2000,-2000,-2000
053411,深中小國票9B購01,0,0,0,0,0,0,0,0,0,-2000,0,0,0,0,2000,-2000,-2000
053316,友達群益9A購01  ,0,0,0,0,0,0,0,0,0,-2000,0,0,0,0,2000,-2000,-2000
054066,緯穎國票97購03  ,0,0,0,0,0,0,0,0,0,-2000,0,0,0,5000,7000,-2000,-2000
056200,大毅永豐98購01  ,0,0,0,0,0,0,0,0,0,-2000,0,0,0,0,2000,-2000,-2000
052090,聯發科元大97購03,0,0,0,0,0,0,0,0,0,-2000,0,0,0,0,2000,-2000,-2000
062361,智邦元大9B購06  ,0,0,0,0,0,0,0,0,0,-2000,0,0,0,8000,10000,-2000,-2000
062562,瑞儀凱基9B購02  ,0,0,0,0,0,0,0,0,0,-2000,0,0,0,0,2000,-2000,-2000
062558,義隆凱基9B購02  ,0,0,0,0,0,0,0,0,0,-2000,0,0,0,0,2000,-2000,-2000
062643,緯穎國票9B購01  ,0,0,0,0,0,0,0,0,0,-2000,0,0,0,20000,22000,-2000,-2000
062634,玉晶光國票9B購03,0,0,0,0,0,0,0,0,0,-2000,0,0,0,0,2000,-2000,-2000
062711,台表科元大9B購05,0,0,0,0,0,0,0,0,0,-2000,0,0,0,0,2000,-2000,-2000
062846,國泰金富邦9C購01,0,0,0,0,0,0,0,0,0,-2000,0,0,0,96000,98000,-2000,-2000
062813,台積電兆豐9B購01,0,0,0,0,0,0,0,0,0,-2000,0,0,0,100000,102000,-2000,-2000
062776,鴻海元大9B購03  ,0,0,0,0,0,0,0,0,0,-2000,0,0,0,4000,6000,-2000,-2000
062284,華擎群益9C購03  ,0,0,0,0,0,0,0,0,0,-2000,0,0,0,0,2000,-2000,-2000
062273,國巨群益9C購02  ,0,0,0,0,0,0,0,0,0,-2000,0,0,0,0,2000,-2000,-2000
059838,茂林國泰9B購01  ,0,0,0,0,0,0,0,0,0,-2000,0,0,0,0,2000,-2000,-2000
059176,臺股指凱基99購27,0,0,0,0,0,0,0,0,0,-2000,0,0,0,0,2000,-2000,-2000
058777,台光電國票9A購01,0,0,0,0,0,0,0,0,0,-2000,0,0,0,0,2000,-2000,-2000
060109,茂林元大99購05  ,0,0,0,0,0,0,0,0,0,-2000,0,0,0,88000,90000,-2000,-2000
060106,旭富元大99購02  ,0,0,0,0,0,0,0,0,0,-2000,0,0,0,234000,236000,-2000,-2000
060208,卜蜂康和9A購01  ,0,0,0,0,0,0,0,0,0,-2000,0,0,0,35000,37000,-2000,-2000
060166,佐登永豐9A購01  ,0,0,0,0,0,0,0,0,0,-2000,0,0,0,0,2000,-2000,-2000
060568,SP黃豆永豐9A購01,0,0,0,0,0,0,0,0,0,-2000,0,0,0,0,2000,-2000,-2000
061132,志超永豐9A購01  ,0,0,0,0,0,0,0,0,0,-2000,0,0,0,30000,32000,-2000,-2000
060979,國巨元大9A購14  ,0,0,0,0,0,0,0,0,0,-2000,0,0,0,0,2000,-2000,-2000
060913,宏達電元大9A購03,0,0,0,0,0,0,0,0,0,-2000,0,0,0,15000,17000,-2000,-2000
061689,國巨群益9A購12  ,0,0,0,0,0,0,0,0,0,-2000,0,0,0,6000,8000,-2000,-2000
061705,健策國票9A購06  ,0,0,0,0,0,0,0,0,0,-2000,0,0,0,6000,8000,-2000,-2000
061719,緯穎凱基9A購06  ,0,0,0,0,0,0,0,0,0,-2000,0,0,0,0,2000,-2000,-2000
061722,健策永豐9B購03  ,0,0,0,0,0,0,0,0,0,-2000,0,0,0,2000,4000,-2000,-2000
061974,光寶科元大9B購01,0,0,0,0,0,0,0,0,0,-2000,0,0,0,8000,10000,-2000,-2000
061976,國巨元大9B購01  ,0,0,0,0,0,0,0,0,0,-2000,0,0,0,0,2000,-2000,-2000
061924,聯發科凱基9C購01,0,0,0,0,0,0,0,0,0,-2000,0,0,0,0,2000,-2000,-2000
060470,台勝科元大9A購03,0,0,0,0,0,0,0,0,0,-2000,0,0,0,25000,27000,-2000,-2000
059636,宏達電凱基99購05,0,0,0,0,0,0,0,0,0,-2000,0,0,0,0,2000,-2000,-2000
059638,大立光凱基99購11,0,0,0,0,0,0,0,0,0,-2000,0,0,0,0,2000,-2000,-2000
059546,FBVIX群益99購03 ,0,0,0,0,0,0,0,0,0,-2000,0,0,0,0,2000,-2000,-2000
058718,台灣50元富03購01,0,0,0,0,0,0,0,0,0,-2000,0,0,0,0,2000,-2000,-2000
059112,上銀永豐99購01  ,0,0,0,0,0,0,0,0,0,-2000,0,0,0,0,2000,-2000,-2000
058978,SGBR2X凱基9A購03,0,0,0,0,0,0,0,0,0,-2000,0,0,0,0,2000,-2000,-2000
061334,華通元大9A購09  ,0,0,0,0,0,0,0,0,0,-2000,0,0,0,3000,5000,-2000,-2000
061292,玉晶光統一01購06,0,0,0,0,0,0,0,0,0,-2000,0,0,0,0,2000,-2000,-2000
061771,玉晶光元大9C購04,0,0,0,0,0,0,0,0,0,-2000,0,0,0,0,2000,-2000,-2000
061772,健策元大9B購06  ,0,0,0,0,0,0,0,0,0,-2000,0,0,0,0,2000,-2000,-2000
061789,群創群益9B購01  ,0,0,0,0,0,0,0,0,0,-2000,0,0,0,90000,92000,-2000,-2000
061632,SP黃豆元大9A購06,0,0,0,0,0,0,0,0,0,-2000,0,0,0,0,2000,-2000,-2000
061648,緯穎元大9A購04  ,0,0,0,0,0,0,0,0,0,-2000,0,0,0,0,2000,-2000,-2000
065668,南亞科凱基9C購02,0,0,0,0,0,0,0,0,0,-2000,0,0,0,24000,26000,-2000,-2000
065596,鴻海元大9C購16  ,0,0,0,0,0,0,0,0,0,-2000,0,0,0,2000,4000,-2000,-2000
065630,台積電國票9C購09,0,0,0,0,0,0,0,0,0,-2000,0,0,0,0,2000,-2000,-2000
065238,聯茂凱基02購01  ,0,0,0,0,0,0,0,0,0,-2000,0,0,0,0,2000,-2000,-2000
065145,貿聯凱基9C購02  ,0,0,0,0,0,0,0,0,0,-2000,0,0,0,0,2000,-2000,-2000
065120,臺股指富邦9C購03,0,0,0,0,0,0,0,0,0,-2000,0,0,0,0,2000,-2000,-2000
065266,創意元大9C購05  ,0,0,0,0,0,0,0,0,0,-2000,0,0,0,1000,3000,-2000,-2000
065000,和大國票02購01  ,0,0,0,0,0,0,0,0,0,-2000,0,0,0,0,2000,-2000,-2000
064932,緯穎統一01購04  ,0,0,0,0,0,0,0,0,0,-2000,0,0,0,0,2000,-2000,-2000
064800,鴻海元大9C購12  ,0,0,0,0,0,0,0,0,0,-2000,0,0,0,4000,6000,-2000,-2000
064706,嘉晶富邦01購01  ,0,0,0,0,0,0,0,0,0,-2000,0,0,0,0,2000,-2000,-2000
064732,GIS統一01購03   ,0,0,0,0,0,0,0,0,0,-2000,0,0,0,0,2000,-2000,-2000
064739,智邦國票01購01  ,0,0,0,0,0,0,0,0,0,-2000,0,0,0,10000,12000,-2000,-2000
064514,喬山群益9C購01  ,0,0,0,0,0,0,0,0,0,-2000,0,0,0,83000,85000,-2000,-2000
064487,和大元大9C購01  ,0,0,0,0,0,0,0,0,0,-2000,0,0,0,5000,7000,-2000,-2000
06449P,台積電元大98售09,0,0,0,0,0,0,0,0,0,-2000,0,0,0,0,2000,-2000,-2000
063711,高鐵凱基9B購01  ,0,0,0,0,0,0,0,0,0,-2000,0,0,0,0,2000,-2000,-2000
063695,上銀第一9B購01  ,0,0,0,0,0,0,0,0,0,-2000,0,0,0,0,2000,-2000,-2000
063511,南電群益9B購02  ,0,0,0,0,0,0,0,0,0,-2000,0,0,0,0,2000,-2000,-2000
063120,台光電元大9C購01,0,0,0,0,0,0,0,0,0,-2000,0,0,0,60000,62000,-2000,-2000
063036,聯發科凱基9B購11,0,0,0,0,0,0,0,0,0,-2000,0,0,0,0,2000,-2000,-2000
063150,聯發科元富05購03,0,0,0,0,0,0,0,0,0,-2000,0,0,0,0,2000,-2000,-2000
064075,台積電中信06購01,0,0,0,0,0,0,0,0,0,-2000,0,0,0,94000,96000,-2000,-2000
063799,華邦電凱基9C購02,0,0,0,0,0,0,0,0,0,-2000,0,0,0,0,2000,-2000,-2000
064244,GIS統一02購01   ,0,0,0,0,0,0,0,0,0,-2000,0,0,0,0,2000,-2000,-2000
064241,貿聯統一02購02  ,0,0,0,0,0,0,0,0,0,-2000,0,0,0,0,2000,-2000,-2000
064333,義隆元大9C購02  ,0,0,0,0,0,0,0,0,0,-2000,0,0,0,10000,12000,-2000,-2000
3046,建碁            ,0,1000,-1000,0,0,0,0,0,0,-1000,0,1000,-1000,0,0,0,-2000
3027,盛達            ,51000,51000,0,0,0,0,0,0,0,-2000,0,2000,-2000,0,0,0,-2000
1468,昶和            ,0,1000,-1000,0,0,0,0,0,0,-1000,0,1000,-1000,0,0,0,-2000
1414,東和            ,0,13000,-13000,0,0,0,0,0,0,11000,13000,2000,11000,0,0,0,-2000
1438,裕豐            ,0,2000,-2000,0,0,0,0,0,0,0,0,0,0,0,0,0,-2000
1203,味王            ,1000,3000,-2000,0,0,0,0,0,0,0,0,0,0,0,0,0,-2000
1725,元禎            ,0,2000,-2000,0,0,0,0,0,0,0,0,0,0,0,0,0,-2000
1535,中宇            ,1000,2000,-1000,0,0,0,0,0,0,-1000,0,1000,-1000,0,0,0,-2000
2032,新鋼            ,0,2000,-2000,0,0,0,0,0,0,0,0,0,0,0,0,0,-2000
2017,官田鋼          ,65000,64000,1000,0,0,0,0,0,0,-3000,0,3000,-3000,0,0,0,-2000
8442,威宏-KY         ,0,1000,-1000,0,0,0,0,0,0,-1000,1000,2000,-1000,0,0,0,-2000
8466,美吉吉-KY       ,0,2000,-2000,0,0,0,0,0,0,0,0,0,0,0,0,0,-2000
3383,新世紀          ,7000,9000,-2000,0,0,0,0,0,0,0,0,0,0,0,0,0,-2000
3593,力銘            ,0,2000,-2000,0,0,0,0,0,0,0,0,0,0,0,0,0,-2000
4755,三福化          ,21000,21000,0,0,0,0,0,0,0,-2000,0,2000,-2000,0,0,0,-2000
1808,潤隆            ,66000,68500,-2500,0,0,0,0,0,0,0,0,0,0,0,0,0,-2500
066410,潤泰新凱基01購01,0,0,0,0,0,0,0,0,0,-3000,0,0,0,0,3000,-3000,-3000
066881,上証2X永豐01購02,0,0,0,0,0,0,0,0,0,-3000,0,0,0,0,3000,-3000,-3000
066784,滬深反中信03購01,0,0,0,0,0,0,0,0,0,-3000,0,0,0,0,3000,-3000,-3000
066786,聯發科麥證01購05,0,0,0,0,3000,-3000,0,0,0,-3000,0,0,0,0,3000,-3000,-3000
066732,可成元大01購06  ,0,0,0,0,0,0,0,0,0,-3000,0,0,0,2000,5000,-3000,-3000
066654,上証2X凱基03購02,0,0,0,0,0,0,0,0,0,-3000,0,0,0,0,3000,-3000,-3000
066704,創意群益01購02  ,0,0,0,0,0,0,0,0,0,-3000,0,0,0,13000,16000,-3000,-3000
066061,超眾元大01購04  ,0,0,0,0,0,0,0,0,0,-3000,0,0,0,0,3000,-3000,-3000
066209,聯鈞統一03購01  ,0,0,0,0,0,0,0,0,0,-3000,0,0,0,0,3000,-3000,-3000
065723,新日興兆豐01購01,0,0,0,0,0,0,0,0,0,-3000,0,0,0,9000,12000,-3000,-3000
065898,神基麥證9C購01  ,0,0,0,23000,36000,-13000,0,0,0,-3000,0,0,0,33000,36000,-3000,-3000
065883,康友台新9C購01  ,0,0,0,0,0,0,0,0,0,-3000,0,0,0,7000,10000,-3000,-3000
08604P,金融類元大9C售01,0,0,0,0,0,0,0,0,0,-3000,0,0,0,0,3000,-3000,-3000
08688P,台灣50中信04售02,0,0,0,0,0,0,0,0,0,-3000,0,0,0,0,3000,-3000,-3000
06979P,台灣50永豐9A售02,0,0,0,0,0,0,0,0,0,-3000,0,0,0,0,3000,-3000,-3000
06970P,旺宏元大99售08  ,0,0,0,0,0,0,0,0,0,-3000,0,0,0,142000,145000,-3000,-3000
07335P,臺股指國票99售20,2000,0,2000,0,0,0,0,0,0,-5000,0,0,0,0,5000,-5000,-3000
07353P,大立光國票99售02,0,0,0,0,0,0,0,0,0,-3000,0,0,0,0,3000,-3000,-3000
07370P,南亞科凱基99售08,0,0,0,0,0,0,0,0,0,-3000,0,0,0,0,3000,-3000,-3000
07484P,台灣50凱基04售02,0,0,0,0,0,0,0,0,0,-3000,0,0,0,0,3000,-3000,-3000
07470P,國巨元大9A售06  ,0,0,0,0,0,0,0,0,0,-3000,0,0,0,0,3000,-3000,-3000
07686P,祥碩凱基9A售02  ,0,0,0,0,0,0,0,0,0,-3000,0,0,0,0,3000,-3000,-3000
07752P,台灣50元大9C售33,0,0,0,0,0,0,0,0,0,-3000,0,0,0,0,3000,-3000,-3000
07980P,臺股指凱基02售01,0,0,0,0,0,0,0,0,0,-3000,0,0,0,0,3000,-3000,-3000
052412,上証2X中信98購01,0,0,0,0,0,0,0,0,0,-3000,0,0,0,0,3000,-3000,-3000
054215,創意國票97購02  ,0,0,0,0,0,0,0,0,0,-3000,0,0,0,0,3000,-3000,-3000
054638,國泰金中信99購01,0,0,0,0,0,0,0,0,0,-3000,0,0,0,0,3000,-3000,-3000
054735,漢唐凱基98購01  ,0,0,0,0,0,0,0,0,0,-3000,0,0,0,17000,20000,-3000,-3000
056428,台達電凱基99購01,0,0,0,0,0,0,0,0,0,-3000,0,0,0,10000,13000,-3000,-3000
055949,亞德客元大97購04,0,0,0,0,0,0,0,0,0,-3000,0,0,0,0,3000,-3000,-3000
055021,亞德客國泰98購01,0,0,0,0,0,0,0,0,0,-3000,0,0,0,2000,5000,-3000,-3000
058448,滬深2X永豐9A購01,0,0,0,0,0,0,0,0,0,-3000,0,0,0,20000,23000,-3000,-3000
056856,華通群益9A購01  ,0,0,0,0,0,0,0,0,0,-3000,0,0,0,0,3000,-3000,-3000
057964,緯穎元大99購03  ,0,0,0,0,0,0,0,0,0,-3000,0,0,0,6000,9000,-3000,-3000
058099,鴻海國泰9A購02  ,0,0,0,0,0,0,0,0,0,-3000,0,0,0,0,3000,-3000,-3000
058643,T50正2富邦03購01,0,0,0,0,0,0,0,0,0,-3000,0,0,0,4000,7000,-3000,-3000
057959,欣興元大98購14  ,0,0,0,0,0,0,0,0,0,-3000,0,0,0,69000,72000,-3000,-3000
060874,中鋼中信02購01  ,0,0,0,0,0,0,0,0,0,-3000,0,0,0,10000,13000,-3000,-3000
060833,道瓊反國票9A購01,0,0,0,0,0,0,0,0,0,-3000,0,0,0,0,3000,-3000,-3000
061228,聯茂中信9A購01  ,0,0,0,0,0,0,0,0,0,-3000,0,0,0,0,3000,-3000,-3000
056590,樺漢統一9A購01  ,0,1000,-1000,0,0,0,0,0,0,-2000,0,0,0,3000,5000,-2000,-3000
056581,超眾元大99購01  ,0,0,0,0,0,0,0,0,0,-3000,0,0,0,4000,7000,-3000,-3000
056610,鴻海永豐98購01  ,0,0,0,0,0,0,0,0,0,-3000,0,0,0,0,3000,-3000,-3000
061305,帆宣永豐9A購01  ,0,0,0,0,0,0,0,0,0,-3000,0,0,0,44000,47000,-3000,-3000
061422,台積電元大9A購30,0,0,0,0,0,0,0,0,0,-3000,0,0,0,0,3000,-3000,-3000
061460,FBVIX群益9A購02 ,0,0,0,0,0,0,0,0,0,-3000,0,0,0,0,3000,-3000,-3000
059082,華通元大99購06  ,0,0,0,0,0,0,0,0,0,-3000,0,0,0,0,3000,-3000,-3000
058989,茂林凱基99購02  ,0,0,0,0,0,0,0,0,0,-3000,0,0,0,0,3000,-3000,-3000
058693,旭富國票9A購01  ,0,0,0,0,0,0,0,0,0,-3000,0,0,0,61000,64000,-3000,-3000
059489,上証2X國票9A購01,0,0,0,0,0,0,0,0,0,-3000,0,0,0,0,3000,-3000,-3000
062007,台光電國泰9C購01,0,0,0,0,0,0,0,0,0,-3000,0,0,0,2000,5000,-3000,-3000
059355,國巨富邦9B購03  ,0,0,0,0,0,0,0,0,0,-3000,0,0,0,0,3000,-3000,-3000
060049,華通凱基99購06  ,0,0,0,0,0,0,0,0,0,-3000,0,0,0,0,3000,-3000,-3000
058746,華通凱基9A購02  ,0,0,0,0,0,0,0,0,0,-3000,0,0,0,0,3000,-3000,-3000
059778,上証2X元大9C購03,0,0,0,0,0,0,0,0,0,-3000,0,0,0,0,3000,-3000,-3000
059755,宏達電國泰9A購01,0,0,0,0,0,0,0,0,0,-3000,0,0,0,4000,7000,-3000,-3000
059875,信邦凱基99購02  ,0,0,0,0,0,0,0,0,0,-3000,0,0,0,10000,13000,-3000,-3000
060221,大立光凱基9A購07,0,0,0,0,0,0,0,0,0,-3000,0,0,0,0,3000,-3000,-3000
062104,上証2X國票9B購03,0,0,0,0,0,0,0,0,0,-3000,0,0,0,0,3000,-3000,-3000
063008,華通元大9B購06  ,0,0,0,0,0,0,0,0,0,-3000,0,0,0,0,3000,-3000,-3000
062606,聯電凱基9C購02  ,0,0,0,0,0,0,0,0,0,-3000,0,0,0,7000,10000,-3000,-3000
062293,麗豐永豐9B購01  ,0,0,0,0,0,0,0,0,0,-3000,0,0,0,12000,15000,-3000,-3000
064363,聯發科統一9C購14,0,0,0,0,0,0,0,0,0,-3000,0,0,0,5000,8000,-3000,-3000
063798,台積電凱基02購03,0,0,0,0,0,0,0,0,0,-3000,0,0,0,0,3000,-3000,-3000
063825,道瓊銀國票01購01,0,0,0,0,0,0,0,0,0,-3000,0,0,0,0,3000,-3000,-3000
063890,正隆群益9C購01  ,0,0,0,0,0,0,0,0,0,-3000,0,0,0,34000,37000,-3000,-3000
063149,聯發科元富05購02,0,0,0,0,0,0,0,0,0,-3000,0,0,0,0,3000,-3000,-3000
063213,智伸科國票9C購01,0,0,0,0,0,0,0,0,0,-3000,0,0,0,0,3000,-3000,-3000
063414,鴻海凱基03購01  ,0,0,0,0,0,0,0,0,0,-3000,0,0,0,4000,7000,-3000,-3000
063385,可成中信9C購01  ,0,0,0,0,0,0,0,0,0,-3000,0,0,0,1000,4000,-3000,-3000
063617,鴻海兆豐01購01  ,0,0,0,0,0,0,0,0,0,-3000,0,0,0,0,3000,-3000,-3000
063636,聯發科元大9B購26,0,0,0,0,0,0,0,0,0,-3000,0,0,0,0,3000,-3000,-3000
064740,台光電國票01購01,0,0,0,0,0,0,0,0,0,-3000,0,0,0,22000,25000,-3000,-3000
064615,智邦元大01購01  ,0,0,0,0,0,0,0,0,0,-3000,0,0,0,12000,15000,-3000,-3000
065292,緯創群益9C購01  ,0,0,0,0,0,0,0,0,0,-3000,0,0,0,6000,9000,-3000,-3000
065332,漢唐國票01購02  ,0,0,0,0,0,0,0,0,0,-3000,0,0,0,35000,38000,-3000,-3000
065633,聯發科國票01購02,0,0,0,0,0,0,0,0,0,-3000,0,0,0,0,3000,-3000,-3000
065461,台光電中信9C購01,0,0,0,0,0,0,0,0,0,-3000,0,0,0,140000,143000,-3000,-3000
1539,巨庭            ,0,5000,-5000,0,0,0,0,0,0,2000,2000,0,2000,0,0,0,-3000
08760P,瑞昱元大01售02  ,0,0,0,0,0,0,0,0,0,-3000,0,0,0,0,3000,-3000,-3000
08773P,瑞昱凱基01售01  ,0,0,0,0,0,0,0,0,0,-3000,0,0,0,0,3000,-3000,-3000
1432,大魯閣          ,0,5000,-5000,0,0,0,0,0,0,2000,2000,0,2000,0,0,0,-3000
2901,欣欣            ,0,2000,-2000,0,0,0,0,0,0,-1000,0,1000,-1000,0,0,0,-3000
2543,皇昌            ,0,1000,-1000,0,0,0,0,0,0,-2000,0,2000,-2000,0,0,0,-3000
2440,太空梭          ,0,2000,-2000,0,0,0,0,0,0,-1000,0,1000,-1000,0,0,0,-3000
3550,聯穎            ,2000,4000,-2000,0,0,0,0,0,0,-1000,0,1000,-1000,0,0,0,-3000
3432,台端            ,4000,1000,3000,0,0,0,0,0,0,-6000,0,6000,-6000,0,0,0,-3000
6117,迎廣            ,1000,2000,-1000,0,0,0,0,0,0,-2000,0,2000,-2000,0,0,0,-3000
6283,淳安            ,46000,47000,-1000,0,0,0,0,0,0,-2000,0,2000,-2000,0,0,0,-3000
8467,波力-KY         ,0,3000,-3000,0,0,0,0,0,0,0,0,0,0,0,0,0,-3000
8478,東哥遊艇        ,0,1000,-1000,0,0,0,0,0,0,-2000,0,2000,-2000,0,0,0,-3000
8482,商億-KY         ,0,3000,-3000,0,0,0,0,0,0,0,0,0,0,0,0,0,-3000
9917,中保科          ,115000,157500,-42500,0,0,0,0,1000,-1000,40000,43000,3000,40000,0,0,0,-3500
07754P,日月光元大9A售02,0,0,0,0,0,0,0,0,0,-4000,0,0,0,1000,5000,-4000,-4000
07580P,緯穎元大9A售03  ,0,0,0,0,0,0,0,0,0,-4000,0,0,0,30000,34000,-4000,-4000
07574P,國巨元大9A售12  ,0,0,0,0,0,0,0,0,0,-4000,0,0,0,2000,6000,-4000,-4000
07527P,台灣50凱基9B售02,0,0,0,0,0,0,0,0,0,-4000,0,0,0,3000,7000,-4000,-4000
07456P,華新科元大9A售06,0,0,0,0,0,0,0,0,0,-4000,0,0,0,6000,10000,-4000,-4000
07095P,台灣50元大9C售03,0,0,0,0,0,0,0,0,0,-4000,0,0,0,0,4000,-4000,-4000
08287P,茂林凱基9C售02  ,0,0,0,0,0,0,0,0,0,-4000,0,0,0,20000,24000,-4000,-4000
08043P,電子類群益9B售01,0,0,0,0,0,0,0,0,0,-4000,0,0,0,0,4000,-4000,-4000
08035P,國巨群益9C售04  ,0,0,0,0,0,0,0,0,0,-4000,0,0,0,0,4000,-4000,-4000
065731,群創凱基03購02  ,0,0,0,0,0,0,0,0,0,-4000,0,0,0,4000,8000,-4000,-4000
06581P,南亞科凱基98售04,0,0,0,0,0,0,0,0,0,-4000,0,0,0,0,4000,-4000,-4000
066069,英業達凱基02購01,0,0,0,0,0,0,0,0,0,-4000,0,0,0,18000,22000,-4000,-4000
066679,微星兆豐01購01  ,0,0,0,0,0,0,0,0,0,-4000,0,0,0,6000,10000,-4000,-4000
066712,台灣50元大01購20,0,0,0,0,0,0,0,0,0,-4000,0,0,0,0,4000,-4000,-4000
066884,亞光永豐01購01  ,0,0,0,0,0,0,0,0,0,-4000,0,0,0,0,4000,-4000,-4000
06825P,臺股指國票98售01,0,0,0,0,0,0,0,0,0,-4000,0,0,0,1000,5000,-4000,-4000
06886P,旺宏元大99售07  ,0,0,0,0,0,0,0,0,0,-4000,0,0,0,36000,40000,-4000,-4000
066390,鴻海凱基02購03  ,0,0,0,0,0,0,0,0,0,-4000,0,0,0,1000,5000,-4000,-4000
066321,華碩永豐01購01  ,0,0,0,0,0,0,0,0,0,-4000,0,0,0,10000,14000,-4000,-4000
057259,台積電兆豐98購03,0,0,0,0,0,0,0,0,0,-4000,0,0,0,220000,224000,-4000,-4000
060708,康友富邦9B購01  ,0,0,0,0,0,0,0,0,0,-4000,0,0,0,32000,36000,-4000,-4000
058296,明泰凱基99購01  ,0,0,0,0,0,0,0,0,0,-4000,0,0,0,0,4000,-4000,-4000
057595,健鼎兆豐98購01  ,0,0,0,0,0,0,0,0,0,-4000,0,0,0,13000,17000,-4000,-4000
058010,帆宣國票98購01  ,0,0,0,0,0,0,0,0,0,-4000,0,0,0,48000,52000,-4000,-4000
055330,上銀兆豐98購02  ,0,0,0,0,0,0,0,0,0,-4000,0,0,0,6000,10000,-4000,-4000
056164,聯茂凱基98購03  ,0,0,0,0,0,0,0,0,0,-4000,0,0,0,0,4000,-4000,-4000
050508,上証2X元大97購01,0,0,0,0,0,0,0,0,0,-4000,0,0,0,0,4000,-4000,-4000
048414,滬深2X統一98購01,0,0,0,0,0,0,0,0,0,-4000,0,0,0,11000,15000,-4000,-4000
062356,國巨元大9B購10  ,0,0,0,0,0,0,0,0,0,-4000,0,0,0,0,4000,-4000,-4000
062422,億光統一01購01  ,0,0,0,0,0,0,0,0,0,-4000,0,0,0,6000,10000,-4000,-4000
06260P,臺股指群益97售13,0,0,0,0,0,0,0,0,0,-4000,0,0,0,2000,6000,-4000,-4000
063018,聯發科元大9B購14,0,0,0,0,0,0,0,0,0,-4000,0,0,0,0,4000,-4000,-4000
062906,全新元大9B購03  ,0,0,0,0,0,0,0,0,0,-4000,0,0,0,12000,16000,-4000,-4000
062209,台積電台新9B購05,0,0,0,0,0,0,0,0,0,-4000,0,0,0,0,4000,-4000,-4000
062191,台郡元大9B購05  ,0,0,0,0,0,0,0,0,0,-4000,0,0,0,14000,18000,-4000,-4000
062086,瑞祺元大9B購01  ,0,0,0,0,0,0,0,0,0,-4000,0,0,0,19000,23000,-4000,-4000
059761,國巨永豐99購06  ,0,0,0,0,0,0,0,0,0,-4000,0,0,0,0,4000,-4000,-4000
059386,上銀凱基99購07  ,0,0,0,0,0,0,0,0,0,-4000,0,0,0,0,4000,-4000,-4000
060573,力成永豐9A購01  ,0,0,0,0,0,0,0,0,0,-4000,0,0,0,38000,42000,-4000,-4000
061707,超眾國票9B購01  ,0,0,0,0,0,0,0,0,0,-4000,0,0,0,0,4000,-4000,-4000
059505,上証2X永豐99購02,0,0,0,0,0,0,0,0,0,-4000,0,0,0,1000,5000,-4000,-4000
058839,瑞儀中信99購02  ,0,0,0,0,0,0,0,0,0,-4000,0,0,0,16000,20000,-4000,-4000
059062,群創凱基99購05  ,0,0,0,0,0,0,0,0,0,-4000,0,0,0,8000,12000,-4000,-4000
059073,元油2X元大9C購14,0,0,0,0,0,0,0,0,0,-4000,0,0,0,0,4000,-4000,-4000
058899,旺宏元大99購10  ,0,0,0,0,0,0,0,0,0,-4000,0,0,0,29000,33000,-4000,-4000
061387,鴻海群益9A購05  ,0,0,0,0,0,0,0,0,0,-4000,0,0,0,8000,12000,-4000,-4000
061740,華新科凱基03購01,0,0,0,0,0,0,0,0,0,-4000,0,0,0,0,4000,-4000,-4000
065436,力成凱基02購01  ,0,0,0,0,0,0,0,0,0,-4000,0,0,0,6000,10000,-4000,-4000
065605,義隆元大01購02  ,0,0,0,0,0,0,0,0,0,-4000,0,0,0,320000,324000,-4000,-4000
065390,達新群益9C購02  ,0,0,0,0,0,0,0,0,0,-4000,0,0,0,0,4000,-4000,-4000
065097,貿聯元大9C購04  ,0,0,0,0,0,0,0,0,0,-4000,0,0,0,110000,114000,-4000,-4000
065182,南電元大9C購05  ,0,0,0,0,0,0,0,0,0,-4000,0,0,0,0,4000,-4000,-4000
064485,儒鴻元大01購01  ,0,0,0,0,0,0,0,0,0,-4000,0,0,0,13000,17000,-4000,-4000
064564,義隆群益9C購02  ,0,0,0,0,0,0,0,0,0,-4000,0,0,0,8000,12000,-4000,-4000
064802,台積電元大01購04,0,0,0,0,0,0,0,0,0,-4000,0,0,0,6000,10000,-4000,-4000
063520,上銀凱基9B購05  ,0,0,0,0,0,0,0,0,0,-4000,0,0,0,0,4000,-4000,-4000
063084,可成凱基9C購01  ,0,0,0,0,0,0,0,0,0,-4000,0,0,0,1000,5000,-4000,-4000
063329,健策國票9C購01  ,0,0,0,0,0,0,0,0,0,-4000,0,0,0,0,4000,-4000,-4000
063829,晶技國票01購01  ,0,0,0,0,0,0,0,0,0,-4000,0,0,0,0,4000,-4000,-4000
064111,國巨國票02購02  ,0,0,0,0,0,0,0,0,0,-4000,0,0,0,1000,5000,-4000,-4000
064431,台積電凱基01購05,0,0,0,0,0,0,0,0,0,-4000,0,0,0,106000,110000,-4000,-4000
064346,貿聯元大01購01  ,0,0,0,0,0,0,0,0,0,-4000,0,0,0,40000,44000,-4000,-4000
8411,福貞-KY         ,9000,13000,-4000,0,0,0,0,0,0,0,7000,7000,0,0,0,0,-4000
8201,無敵            ,2000,3000,-1000,0,0,0,0,0,0,-3000,0,3000,-3000,0,0,0,-4000
6671,三能-KY         ,1000,6000,-5000,0,0,0,0,0,0,1000,1000,0,1000,0,0,0,-4000
6442,光聖            ,1000,4000,-3000,0,0,0,0,0,0,-1000,1000,2000,-1000,0,0,0,-4000
6666,羅麗芬-KY       ,1000,5000,-4000,0,0,0,0,0,0,0,0,0,0,0,0,0,-4000
6579,研揚            ,12000,15000,-3000,0,0,0,0,0,0,-1000,1000,2000,-1000,0,0,0,-4000
5538,東明-KY         ,0,3000,-3000,0,0,0,0,0,0,-1000,0,1000,-1000,0,0,0,-4000
3701,大眾控          ,0,4000,-4000,0,0,0,0,0,0,0,0,0,0,0,0,0,-4000
2380,虹光            ,70000,74000,-4000,0,0,0,0,0,0,0,0,0,0,0,0,0,-4000
08762P,南六元大01售03  ,0,0,0,0,0,0,0,0,0,-4000,0,0,0,0,4000,-4000,-4000
066395,可成凱基01購03  ,0,0,0,0,0,0,0,0,0,-5000,0,0,0,1000,6000,-5000,-5000
066559,聯鈞元大01購03  ,0,0,0,0,0,0,0,0,0,-5000,0,0,0,5000,10000,-5000,-5000
066524,創意統一02購03  ,0,0,0,0,0,0,0,0,0,-5000,0,0,0,80000,85000,-5000,-5000
06901P,亞德客凱基98售02,0,0,0,0,0,0,0,0,0,-5000,0,0,0,0,5000,-5000,-5000
066826,聯發科群益02購03,0,0,0,0,0,0,0,0,0,-5000,0,0,0,0,5000,-5000,-5000
06694P,臺股指凱基99售13,0,0,0,0,0,0,0,0,0,-5000,0,0,0,0,5000,-5000,-5000
066780,上証反中信04購01,0,0,0,0,0,0,0,0,0,-5000,0,0,0,0,5000,-5000,-5000
066796,台積電凱基02購08,0,0,0,0,0,0,0,0,0,-5000,0,0,0,0,5000,-5000,-5000
066691,京元電台新01購01,0,0,0,0,0,0,0,0,0,-5000,0,0,0,0,5000,-5000,-5000
066614,貿聯麥證01購01  ,0,0,0,0,5000,-5000,0,0,0,-5000,0,0,0,0,5000,-5000,-5000
066072,華新科凱基01購03,0,0,0,0,0,0,0,0,0,-5000,0,0,0,11000,16000,-5000,-5000
066275,台勝科元大01購01,0,0,0,0,0,0,0,0,0,-5000,0,0,0,46000,51000,-5000,-5000
08114P,國巨凱基9B售11  ,0,0,0,0,0,0,0,0,0,-5000,0,0,0,15000,20000,-5000,-5000
08220P,華邦電凱基9B售02,0,0,0,0,0,0,0,0,0,-5000,0,0,0,25000,30000,-5000,-5000
08666P,智邦國票02售01  ,0,0,0,0,0,0,0,0,0,-5000,0,0,0,0,5000,-5000,-5000
08655P,大立光群益02售02,0,0,0,0,0,0,0,0,0,-5000,0,0,0,0,5000,-5000,-5000
08577P,臺指2X中信03售01,0,0,0,0,0,0,0,0,0,-5000,0,0,0,0,5000,-5000,-5000
08568P,臺股指富邦9C售05,0,0,0,0,0,0,0,0,0,-5000,0,0,0,0,5000,-5000,-5000
08561P,台表科國票01售02,0,0,0,0,0,0,0,0,0,-5000,0,0,0,0,5000,-5000,-5000
08398P,台積電元富9C售04,0,0,0,0,0,0,0,0,0,-5000,0,0,0,0,5000,-5000,-5000
07160P,台灣50中信03售04,0,0,0,0,0,0,0,0,0,-5000,0,0,0,0,5000,-5000,-5000
07463P,台積電國票9A售05,0,0,0,0,0,0,0,0,0,-5000,0,0,0,0,5000,-5000,-5000
07220P,台灣50中信03售05,0,0,0,0,0,0,0,0,0,-5000,0,0,0,0,5000,-5000,-5000
07748P,茂林凱基9A售04  ,0,0,0,0,0,0,0,0,0,-5000,0,0,0,0,5000,-5000,-5000
07674P,金融類元大9A售01,0,0,0,0,0,0,0,0,0,-5000,0,0,0,0,5000,-5000,-5000
07700P,臺股指元大9A售53,0,0,0,0,0,0,0,0,0,-5000,0,0,0,0,5000,-5000,-5000
07974P,上証2X元大9B售02,0,0,0,0,0,0,0,0,0,-5000,0,0,0,109000,114000,-5000,-5000
07899P,和大凱基9B售01  ,0,0,0,0,0,0,0,0,0,-5000,0,0,0,0,5000,-5000,-5000
050758,聯發科元富9B購01,0,0,0,0,0,0,0,0,0,-5000,0,0,0,5000,10000,-5000,-5000
051695,元金2X中信98購01,0,0,0,0,0,0,0,0,0,-5000,0,0,0,0,5000,-5000,-5000
056264,聯發科統一98購02,0,0,0,0,0,0,0,0,0,-5000,0,0,0,10000,15000,-5000,-5000
03452B,臺股指凱基03熊05,0,0,0,0,0,0,0,0,0,-5000,0,0,0,0,5000,-5000,-5000
00685L,群益臺灣加權正2 ,0,0,0,0,0,0,0,0,0,-5000,0,0,0,6000,11000,-5000,-5000
00731,FH富時高息低波  ,3000,3000,0,0,0,0,0,0,0,-5000,0,0,0,1281000,1286000,-5000,-5000
00742,新光內需收益    ,0,0,0,0,0,0,0,0,0,-5000,250000,250000,0,490000,495000,-5000,-5000
055551,致茂凱基98購01  ,0,0,0,0,0,0,0,0,0,-5000,0,0,0,0,5000,-5000,-5000
055931,冠德群益97購02  ,0,0,0,0,0,0,0,0,0,-5000,0,0,0,0,5000,-5000,-5000
054451,上銀亞東98購01  ,0,0,0,0,0,0,0,0,0,-5000,0,0,0,0,5000,-5000,-5000
054821,貿聯元大9A購01  ,0,0,0,0,0,0,0,0,0,-5000,0,0,0,0,5000,-5000,-5000
058046,國巨元大9A購01  ,0,0,0,0,0,0,0,0,0,-5000,0,0,0,15000,20000,-5000,-5000
056833,和大元富9B購01  ,0,0,0,0,0,0,0,0,0,-5000,0,0,0,0,5000,-5000,-5000
057600,大立光群益99購03,0,0,0,0,0,0,0,0,0,-5000,0,0,0,75000,80000,-5000,-5000
057577,廣宇中信9A購01  ,0,0,0,0,0,0,0,0,0,-5000,0,0,0,0,5000,-5000,-5000
057965,臺股指元大98購14,0,0,0,0,0,0,0,0,0,-5000,0,0,0,0,5000,-5000,-5000
058625,旺宏國票9A購01  ,0,0,0,0,0,0,0,0,0,-5000,0,0,0,10000,15000,-5000,-5000
058632,世紀鋼國票9A購01,0,0,0,0,0,0,0,0,0,-5000,0,0,0,0,5000,-5000,-5000
058124,玉晶光國票9A購01,0,0,0,0,0,0,0,0,0,-5000,0,0,0,0,5000,-5000,-5000
058084,大立光群益98購04,0,0,0,0,0,0,0,0,0,-5000,0,0,0,0,5000,-5000,-5000
057729,華新科國泰99購04,0,0,0,0,0,0,0,0,0,-5000,0,0,0,0,5000,-5000,-5000
060878,奇力新中信9C購01,0,0,0,0,0,0,0,0,0,-5000,0,0,0,0,5000,-5000,-5000
061202,和大元大9A購02  ,0,0,0,0,0,0,0,0,0,-5000,0,0,0,15000,20000,-5000,-5000
058673,華新科群益9A購02,0,0,0,0,0,0,0,0,0,-5000,0,0,0,5000,10000,-5000,-5000
056685,光罩統一98購03  ,0,0,0,0,0,0,0,0,0,-5000,0,0,0,0,5000,-5000,-5000
057020,台積電凱基99購02,0,0,0,0,0,0,0,0,0,-5000,0,0,0,0,5000,-5000,-5000
061741,新光金凱基9B購01,0,0,0,0,0,0,0,0,0,-5000,0,0,0,0,5000,-5000,-5000
061268,玉晶光凱基9B購04,0,0,0,0,0,0,0,0,0,-5000,0,0,0,14000,19000,-5000,-5000
061817,高鐵群益9B購01  ,0,0,0,0,0,0,0,0,0,-5000,0,0,0,0,5000,-5000,-5000
059634,可成凱基99購07  ,0,0,0,0,0,0,0,0,0,-5000,0,0,0,1000,6000,-5000,-5000
059650,緯穎凱基99購04  ,0,0,0,0,0,0,0,0,0,-5000,0,0,0,0,5000,-5000,-5000
059536,新光金凱基99購05,0,0,0,0,0,0,0,0,0,-5000,0,0,0,0,5000,-5000,-5000
059604,臺股指元大9A購41,0,0,0,0,0,0,0,0,0,-5000,0,0,0,0,5000,-5000,-5000
062061,台勝科統一01購01,0,0,0,0,0,0,0,0,0,-5000,0,0,0,0,5000,-5000,-5000
061948,美食群益9B購01  ,0,0,0,0,0,0,0,0,0,-5000,0,0,0,0,5000,-5000,-5000
061942,亞德客群益9B購01,0,0,0,0,0,0,0,0,0,-5000,0,0,0,0,5000,-5000,-5000
060402,神隆國泰9B購01  ,0,0,0,0,0,0,0,0,0,-5000,0,0,0,169000,174000,-5000,-5000
060567,華擎富邦9C購01  ,0,0,0,0,0,0,0,0,0,-5000,0,0,0,0,5000,-5000,-5000
059396,T50反1元富99購04,0,0,0,0,0,0,0,0,0,-5000,0,0,0,0,5000,-5000,-5000
059371,聯鈞元富99購02  ,0,0,0,0,0,0,0,0,0,-5000,0,0,0,0,5000,-5000,-5000
060931,GIS永豐9A購01   ,0,0,0,0,0,0,0,0,0,-5000,0,0,0,0,5000,-5000,-5000
059213,國巨元大99購19  ,0,0,0,0,0,0,0,0,0,-5000,0,0,0,0,5000,-5000,-5000
059334,A50正2國票9A購02,0,0,0,0,0,0,0,0,0,-5000,0,0,0,33000,38000,-5000,-5000
059789,貿聯元大9A購02  ,0,0,0,0,0,0,0,0,0,-5000,0,0,0,0,5000,-5000,-5000
059714,A50正2元大9C購01,0,0,0,0,0,0,0,0,0,-5000,0,0,0,0,5000,-5000,-5000
058804,T50反1統一9B購01,0,0,0,0,0,0,0,0,0,-5000,0,0,0,10000,15000,-5000,-5000
059138,台積電兆豐99購04,0,0,0,0,0,0,0,0,0,-5000,0,0,0,0,5000,-5000,-5000
062081,華新科元大9B購06,0,0,0,0,0,0,0,0,0,-5000,0,0,0,0,5000,-5000,-5000
060280,元金2X元大9A購01,0,0,0,0,0,0,0,0,0,-5000,0,0,0,0,5000,-5000,-5000
062095,旺宏富邦9C購03  ,0,0,0,0,0,0,0,0,0,-5000,0,0,0,0,5000,-5000,-5000
062894,道瓊銀元大9B購02,0,0,0,0,0,0,0,0,0,-5000,0,0,0,21000,26000,-5000,-5000
062878,宏達電兆豐9B購01,0,0,0,0,0,0,0,0,0,-5000,0,0,0,0,5000,-5000,-5000
062970,智邦元富9B購01  ,0,0,0,0,0,0,0,0,0,-5000,0,0,0,0,5000,-5000,-5000
062702,可成元大9C購01  ,0,0,0,0,0,0,0,0,0,-5000,0,0,0,0,5000,-5000,-5000
062693,中石化元大02購01,0,0,0,0,0,0,0,0,0,-5000,0,0,0,0,5000,-5000,-5000
062749,元金2X中信9B購01,0,0,0,0,0,0,0,0,0,-5000,0,0,0,0,5000,-5000,-5000
062511,台光電國票9B購02,0,0,0,0,0,0,0,0,0,-5000,0,0,0,0,5000,-5000,-5000
062425,可成統一01購01  ,0,0,0,0,0,0,0,0,0,-5000,0,0,0,20000,25000,-5000,-5000
062321,力成台新9B購01  ,0,0,0,0,0,0,0,0,0,-5000,0,0,0,3000,8000,-5000,-5000
064347,貿聯元大9C購03  ,0,0,0,0,0,0,0,0,0,-5000,0,0,0,0,5000,-5000,-5000
064286,TPK元大9C購02   ,0,0,0,0,0,0,0,0,0,-5000,0,0,0,0,5000,-5000,-5000
064182,臻鼎富邦01購01  ,0,0,0,0,0,0,0,0,0,-5000,0,0,0,0,5000,-5000,-5000
064126,聯發科元大9C購05,0,0,0,0,0,0,0,0,0,-5000,0,0,0,0,5000,-5000,-5000
064057,緯穎統一02購01  ,0,0,0,0,0,0,0,0,0,-5000,0,0,0,60000,65000,-5000,-5000
064014,貿聯國票01購01  ,0,0,0,0,0,0,0,0,0,-5000,0,0,0,0,5000,-5000,-5000
063949,大立光元大9C購10,0,0,0,0,0,0,0,0,0,-5000,0,0,0,58000,63000,-5000,-5000
063981,貿聯兆豐9C購01  ,0,0,0,0,0,0,0,0,0,-5000,0,0,0,0,5000,-5000,-5000
063846,智邦元大9C購01  ,0,0,0,0,0,0,0,0,0,-5000,0,0,0,107000,112000,-5000,-5000
063244,華新科元大9B購11,0,0,0,0,0,0,0,0,0,-5000,0,0,0,0,5000,-5000,-5000
063113,聯茂兆豐9B購01  ,0,0,0,0,0,0,0,0,0,-5000,0,0,0,0,5000,-5000,-5000
063549,國巨國票9C購05  ,0,0,0,0,0,0,0,0,0,-5000,0,0,0,1000,6000,-5000,-5000
063448,聯發科統一9C購11,0,0,0,0,0,0,0,0,0,-5000,0,0,0,0,5000,-5000,-5000
063667,全新統一01購02  ,0,0,0,0,0,0,0,0,0,-5000,0,0,0,42000,47000,-5000,-5000
064823,台積電統一01購09,0,0,0,0,0,0,0,0,0,-5000,0,0,0,0,5000,-5000,-5000
064837,TPK統一9C購02   ,0,0,0,0,0,0,0,0,0,-5000,0,0,0,10000,15000,-5000,-5000
064762,致伸凱基9C購02  ,0,0,0,0,0,0,0,0,0,-5000,0,0,0,0,5000,-5000,-5000
064798,道瓊反元大9C購04,0,0,0,0,0,0,0,0,0,-5000,0,0,0,0,5000,-5000,-5000
064861,緯創富邦9C購01  ,0,0,0,0,0,0,0,0,0,-5000,0,0,0,0,5000,-5000,-5000
064753,英業達凱基9C購01,0,0,0,0,0,0,0,0,0,-5000,0,0,0,0,5000,-5000,-5000
065070,臺股指群益9C購18,0,0,0,0,0,0,0,0,0,-5000,0,0,0,10000,15000,-5000,-5000
065113,南電國票01購02  ,0,0,0,0,0,0,0,0,0,-5000,0,0,0,0,5000,-5000,-5000
065153,金像電群益9C購03,0,0,0,0,0,0,0,0,0,-5000,0,0,0,0,5000,-5000,-5000
065313,聯茂國票01購01  ,0,0,0,0,0,0,0,0,0,-5000,0,0,0,97000,102000,-5000,-5000
065428,旺宏凱基03購01  ,0,0,0,0,0,0,0,0,0,-5000,0,0,0,0,5000,-5000,-5000
1324,地球            ,0,3000,-3000,0,0,0,0,0,0,-2000,0,2000,-2000,0,0,0,-5000
1617,榮星            ,0,3000,-3000,0,0,0,0,0,0,-2000,0,2000,-2000,0,0,0,-5000
2008,高興昌          ,0,4000,-4000,0,0,0,0,0,0,-1000,0,1000,-1000,0,0,0,-5000
2029,盛餘            ,0,3000,-3000,0,0,0,0,0,0,-2000,0,2000,-2000,0,0,0,-5000
2887E,台新戊特        ,0,0,0,0,0,0,0,12000,-12000,7000,7000,0,7000,0,0,0,-5000
4930,燦星網          ,0,5000,-5000,0,0,0,0,0,0,0,0,0,0,0,0,0,-5000
6581,鋼聯            ,5000,9000,-4000,0,0,0,0,0,0,-1000,0,1000,-1000,0,0,0,-5000
6281,全國電          ,13000,27000,-14000,0,0,0,0,0,0,9000,10000,1000,9000,0,0,0,-5000
8222,寶一            ,8000,13000,-5000,0,0,0,0,0,0,0,0,0,0,0,0,0,-5000
9927,泰銘            ,20000,25000,-5000,0,0,0,0,0,0,0,0,0,0,0,0,0,-5000
07983P,茂林群益9B售03  ,0,0,0,0,0,0,0,0,0,-6000,0,0,0,5000,11000,-6000,-6000
07595P,台灣50中信03售07,0,0,0,0,0,0,0,0,0,-6000,0,0,0,0,6000,-6000,-6000
07664P,台灣50元大9C售30,0,0,0,0,0,0,0,0,0,-6000,0,0,0,4000,10000,-6000,-6000
07084P,S&P正2元富9B售02,0,0,0,0,0,0,0,0,0,-6000,0,0,0,0,6000,-6000,-6000
08466P,旺宏統一9C售03  ,0,0,0,0,0,0,0,0,0,-6000,0,0,0,185000,191000,-6000,-6000
08575P,長榮航凱基9C售02,0,0,0,0,0,0,0,0,0,-6000,0,0,0,20000,26000,-6000,-6000
08060P,嘉澤元大9B售01  ,0,0,0,0,0,0,0,0,0,-6000,0,0,0,19000,25000,-6000,-6000
08165P,台表科永豐9B售02,0,0,0,0,0,0,0,0,0,-6000,0,0,0,0,6000,-6000,-6000
066150,國巨麥證01購02  ,0,0,0,2000,8000,-6000,0,0,0,-6000,0,0,0,2000,8000,-6000,-6000
066005,國巨統一03購01  ,0,0,0,0,0,0,0,0,0,-6000,0,0,0,6000,12000,-6000,-6000
066007,大立光統一02購06,0,0,0,0,0,0,0,0,0,-6000,0,0,0,0,6000,-6000,-6000
066035,南電群益01購01  ,0,0,0,0,0,0,0,0,0,-6000,0,0,0,14000,20000,-6000,-6000
065744,華新元大9C購01  ,0,0,0,0,0,0,0,0,0,-6000,0,0,0,178000,184000,-6000,-6000
065750,智邦元大9C購09  ,0,0,0,0,0,0,0,0,0,-6000,0,0,0,76000,82000,-6000,-6000
065941,超眾群益02購01  ,0,0,0,0,0,0,0,0,0,-6000,0,0,0,10000,16000,-6000,-6000
066637,瀚宇博凱基01購02,0,0,0,0,0,0,0,0,0,-6000,0,0,0,0,6000,-6000,-6000
066827,聯發科群益02購04,0,0,0,0,0,0,0,0,0,-6000,0,0,0,0,6000,-6000,-6000
066441,聯強群益01購01  ,0,0,0,0,0,0,0,0,0,-6000,0,0,0,0,6000,-6000,-6000
066552,大立光元大01購08,0,0,0,0,0,0,0,0,0,-6000,0,0,0,60000,66000,-6000,-6000
06638P,鴻海統一99售02  ,0,0,0,0,0,0,0,0,0,-6000,0,0,0,0,6000,-6000,-6000
057019,台積電凱基98購14,0,0,0,0,0,0,0,0,0,-6000,0,0,0,0,6000,-6000,-6000
057024,義隆凱基99購01  ,0,0,0,0,0,0,0,0,0,-6000,0,0,0,0,6000,-6000,-6000
056926,日月光兆豐98購01,0,0,0,0,0,0,0,0,0,-6000,0,0,0,0,6000,-6000,-6000
057797,大立光兆豐99購01,0,0,0,0,0,0,0,0,0,-6000,0,0,0,114000,120000,-6000,-6000
057792,群創統一99購01  ,0,0,0,0,0,0,0,0,0,-6000,0,0,0,40000,46000,-6000,-6000
060849,力成國票9A購01  ,0,0,0,0,0,0,0,0,0,-6000,0,0,0,0,6000,-6000,-6000
060815,茂林凱基9B購01  ,0,0,0,0,0,0,0,0,0,-6000,0,0,0,62000,68000,-6000,-6000
060775,世芯凱基9A購02  ,0,0,0,0,0,0,0,0,0,-6000,0,0,0,0,6000,-6000,-6000
058174,台積電凱基9A購05,0,0,0,0,0,0,0,0,0,-6000,0,0,0,20000,26000,-6000,-6000
058636,亞光兆豐9A購01  ,0,0,0,0,0,0,0,0,0,-6000,0,0,0,0,6000,-6000,-6000
058574,台積電群益99購03,0,0,0,0,0,0,0,0,0,-6000,0,0,0,0,6000,-6000,-6000
057609,友訊元富98購01  ,0,0,0,0,0,0,0,0,0,-6000,0,0,0,0,6000,-6000,-6000
057623,友訊國泰99購01  ,0,0,0,0,0,0,0,0,0,-6000,0,0,0,0,6000,-6000,-6000
058552,欣興永豐99購01  ,0,0,0,0,0,0,0,0,0,-6000,0,0,0,15000,21000,-6000,-6000
054928,帆宣凱基98購01  ,0,0,0,0,0,0,0,0,0,-6000,0,0,0,0,6000,-6000,-6000
056058,建準元大97購02  ,0,0,0,0,0,0,0,0,0,-6000,0,0,0,29000,35000,-6000,-6000
057538,緯穎元大98購07  ,0,0,0,0,0,0,0,0,0,-6000,0,0,0,112000,118000,-6000,-6000
055798,聯茂富邦98購01  ,0,0,0,0,0,0,0,0,0,-6000,0,0,0,0,6000,-6000,-6000
00714,群益道瓊美國地產,0,26000,-26000,0,0,0,0,0,0,20000,0,0,0,25000,5000,20000,-6000
00683L,元大美元指數正2 ,0,0,0,0,0,0,0,0,0,-6000,0,0,0,6000,12000,-6000,-6000
053744,台郡國票97購03  ,0,0,0,0,0,0,0,0,0,-6000,0,0,0,0,6000,-6000,-6000
062806,世芯統一02購01  ,0,0,0,0,0,0,0,0,0,-6000,0,0,0,24000,30000,-6000,-6000
062939,奇力新凱基9B購02,0,0,0,0,0,0,0,0,0,-6000,0,0,0,0,6000,-6000,-6000
062088,緯穎元大9B購04  ,0,0,0,0,0,0,0,0,0,-6000,0,0,0,62000,68000,-6000,-6000
059824,大立光凱基99購13,0,0,0,0,0,0,0,0,0,-6000,0,0,0,4000,10000,-6000,-6000
059115,美食永豐99購01  ,0,0,0,0,0,0,0,0,0,-6000,0,0,0,0,6000,-6000,-6000
059950,百和永豐99購02  ,0,0,0,0,0,0,0,0,0,-6000,0,0,0,0,6000,-6000,-6000
060155,友訊永豐9A購01  ,0,0,0,0,0,0,0,0,0,-6000,0,0,0,0,6000,-6000,-6000
060926,宏達電永豐9A購01,0,0,0,0,0,0,0,0,0,-6000,0,0,0,0,6000,-6000,-6000
060940,國巨國票9B購03  ,0,0,0,0,0,0,0,0,0,-6000,0,0,0,7000,13000,-6000,-6000
061152,微星群益9A購01  ,0,0,0,0,0,0,0,0,0,-6000,0,0,0,4000,10000,-6000,-6000
059492,國巨國票9A購06  ,0,0,0,0,0,0,0,0,0,-6000,0,0,0,0,6000,-6000,-6000
061851,智邦國票9B購01  ,0,0,0,0,0,0,0,0,0,-6000,0,0,0,0,6000,-6000,-6000
061378,南六永豐9A購03  ,0,0,0,0,0,0,0,0,0,-6000,0,0,0,73000,79000,-6000,-6000
061410,緯穎國票9A購03  ,0,0,0,0,0,0,0,0,0,-6000,0,0,0,0,6000,-6000,-6000
065116,臺股指國票9C購13,0,0,0,0,0,0,0,0,0,-6000,0,0,0,0,6000,-6000,-6000
064901,牧德群益9C購01  ,0,0,0,0,0,0,0,0,0,-6000,0,0,0,94000,100000,-6000,-6000
064911,光寶科統一02購01,0,0,0,0,0,0,0,0,0,-6000,0,0,0,19000,25000,-6000,-6000
063629,台積電元大9B購08,0,0,0,0,0,0,0,0,0,-6000,0,0,0,4000,10000,-6000,-6000
063565,旺宏元大9B購08  ,0,0,0,0,0,0,0,0,0,-6000,0,0,0,10000,16000,-6000,-6000
063379,帆宣永豐9B購01  ,0,0,0,0,0,0,0,0,0,-6000,0,0,0,77000,83000,-6000,-6000
063936,道瓊反元大9C購02,0,0,0,0,0,0,0,0,0,-6000,0,0,0,5000,11000,-6000,-6000
064366,群創統一01購01  ,0,0,0,0,0,0,0,0,0,-6000,0,0,0,0,6000,-6000,-6000
9926,新海            ,0,2000,-2000,0,0,0,0,0,0,-4000,0,4000,-4000,0,0,0,-6000
9942,茂順            ,10000,16000,-6000,0,0,0,0,0,0,0,0,0,0,0,0,0,-6000
4999,鑫禾            ,11000,16000,-5000,0,0,0,0,0,0,-1000,0,1000,-1000,0,0,0,-6000
4572,駐龍            ,11000,17000,-6000,0,0,0,0,0,0,0,0,0,0,0,0,0,-6000
4555,氣立            ,1000,7000,-6000,0,0,0,0,0,0,0,2000,2000,0,0,0,0,-6000
4104,佳醫            ,140000,150000,-10000,0,0,0,0,0,0,4000,7000,3000,4000,0,0,0,-6000
2630,亞航            ,0,3000,-3000,0,0,0,0,0,0,-3000,0,3000,-3000,0,0,0,-6000
2509,全坤建          ,0,5000,-5000,0,0,0,0,0,0,-1000,0,1000,-1000,0,0,0,-6000
1453,大將            ,1000,7000,-6000,0,0,0,0,0,0,0,0,0,0,0,0,0,-6000
08751P,友達群益01售01  ,0,0,0,0,0,0,0,0,0,-6000,0,0,0,0,6000,-6000,-6000
1256,鮮活果汁-KY     ,1000,7000,-6000,0,0,0,0,0,0,0,0,0,0,0,0,0,-6000
6670,復盛應用        ,36000,35500,500,0,0,0,0,0,0,-7000,0,0,0,0,7000,-7000,-6500
066752,南電元大01購06  ,0,0,0,0,0,0,0,0,0,-7000,0,0,0,0,7000,-7000,-7000
065754,健鼎元大9C購06  ,0,0,0,0,0,0,0,0,0,-7000,0,0,0,23000,30000,-7000,-7000
065770,元黃金國票01購01,0,0,0,0,0,0,0,0,0,-7000,0,0,0,0,7000,-7000,-7000
065968,國巨元大02購01  ,0,0,0,0,0,0,0,0,0,-7000,0,0,0,0,7000,-7000,-7000
066179,智伸科凱基01購01,0,0,0,0,0,0,0,0,0,-7000,0,0,0,13000,20000,-7000,-7000
08281P,國巨群益9C售08  ,0,0,0,0,0,0,0,0,0,-7000,0,0,0,0,7000,-7000,-7000
08420P,國巨群益9C售12  ,0,0,0,0,0,0,0,0,0,-7000,0,0,0,0,7000,-7000,-7000
07878P,智邦群益9C售01  ,0,0,0,0,0,0,0,0,0,-7000,0,0,0,0,7000,-7000,-7000
00682U,元大美元指數    ,0,0,0,0,0,0,0,0,0,-7000,0,0,0,108000,115000,-7000,-7000
051756,台積電元大97購04,0,0,0,0,0,0,0,0,0,-7000,0,0,0,0,7000,-7000,-7000
058467,日月光中信9A購01,0,0,0,0,0,0,0,0,0,-7000,0,0,0,0,7000,-7000,-7000
057353,玉晶光統一99購01,0,0,0,0,0,0,0,0,0,-7000,0,0,0,0,7000,-7000,-7000
057928,鈺齊凱基98購02  ,0,0,0,0,0,0,0,0,0,-7000,0,0,0,3000,10000,-7000,-7000
057029,緯穎凱基98購04  ,0,0,0,0,0,0,0,0,0,-7000,0,0,0,0,7000,-7000,-7000
061800,泰鼎永豐9B購01  ,0,0,0,0,0,0,0,0,0,-7000,0,0,0,61000,68000,-7000,-7000
061531,奇鋐台新9A購01  ,0,0,0,0,0,0,0,0,0,-7000,0,0,0,68000,75000,-7000,-7000
061520,健策中信9A購01  ,0,0,0,0,0,0,0,0,0,-7000,0,0,0,12000,19000,-7000,-7000
058892,元油2X元大9C購08,0,0,0,0,0,0,0,0,0,-7000,0,0,0,0,7000,-7000,-7000
060503,技嘉元大9A購01  ,0,0,0,0,0,0,0,0,0,-7000,0,0,0,3000,10000,-7000,-7000
059454,亞光永豐99購01  ,0,0,0,0,0,0,0,0,0,-7000,0,0,0,27000,34000,-7000,-7000
060430,和潤永豐9A購01  ,0,0,0,0,0,0,0,0,0,-7000,0,0,0,69000,76000,-7000,-7000
060631,微星富邦9B購01  ,0,0,0,0,0,0,0,0,0,-7000,0,0,0,33000,40000,-7000,-7000
059732,超眾元大9A購01  ,0,0,0,0,0,0,0,0,0,-7000,0,0,0,3000,10000,-7000,-7000
059923,緯穎元大99購09  ,0,0,0,0,0,0,0,0,0,-7000,0,0,0,0,7000,-7000,-7000
060234,凱美元大9C購01  ,0,0,0,0,0,0,0,0,0,-7000,0,0,0,165000,172000,-7000,-7000
060265,宏達電國票9A購02,0,0,0,0,0,0,0,0,0,-7000,0,0,0,0,7000,-7000,-7000
062991,台光電群益9B購03,0,0,0,0,0,0,0,0,0,-7000,0,0,0,24000,31000,-7000,-7000
062820,禾伸堂兆豐9B購01,0,0,0,0,0,0,0,0,0,-7000,0,0,0,57000,64000,-7000,-7000
062710,盛群元大9B購01  ,0,0,0,0,0,0,0,0,0,-7000,0,0,0,191000,198000,-7000,-7000
062316,康控凱基9B購03  ,0,0,0,0,0,0,0,0,0,-7000,0,0,0,105000,112000,-7000,-7000
062423,聯發科統一9C購07,0,0,0,0,0,0,0,0,0,-7000,0,0,0,0,7000,-7000,-7000
062437,廣達元大9B購01  ,0,0,0,0,0,0,0,0,0,-7000,0,0,0,132000,139000,-7000,-7000
062517,滬深2X元大9B購05,0,0,0,0,0,0,0,0,0,-7000,0,0,0,0,7000,-7000,-7000
062497,遠東新群益9B購01,0,0,0,0,0,0,0,0,0,-7000,0,0,0,0,7000,-7000,-7000
062610,啟碁凱基9B購01  ,0,0,0,0,0,0,0,0,0,-7000,0,0,0,159000,166000,-7000,-7000
063887,香港2X中信02購01,0,0,0,0,0,0,0,0,0,-7000,0,0,0,57000,64000,-7000,-7000
06376P,上銀統一99售01  ,0,0,0,0,0,0,0,0,0,-7000,0,0,0,13000,20000,-7000,-7000
064002,仁寶凱基9C購01  ,0,0,0,0,0,0,0,0,0,-7000,0,0,0,3000,10000,-7000,-7000
064112,宏碁國票01購01  ,0,0,0,0,0,0,0,0,0,-7000,0,0,0,38000,45000,-7000,-7000
064072,康友永豐9C購01  ,0,0,0,0,0,0,0,0,0,-7000,0,0,0,61000,68000,-7000,-7000
063388,台光電兆豐9C購01,0,0,0,0,0,0,0,0,0,-7000,0,0,0,0,7000,-7000,-7000
063732,建準元大9B購02  ,0,0,0,0,0,0,0,0,0,-7000,0,0,0,49000,56000,-7000,-7000
064971,裕隆元大01購01  ,0,0,0,0,0,0,0,0,0,-7000,0,0,0,88000,95000,-7000,-7000
064737,中石化國票01購01,0,0,0,0,0,0,0,0,0,-7000,0,0,0,25000,32000,-7000,-7000
064686,鴻海群益01購03  ,0,0,0,0,0,0,0,0,0,-7000,0,0,0,9000,16000,-7000,-7000
064551,鈺齊凱基9C購02  ,0,0,0,0,0,0,0,0,0,-7000,0,0,0,3000,10000,-7000,-7000
065234,旭富凱基01購01  ,0,0,0,0,0,0,0,0,0,-7000,0,0,0,299000,306000,-7000,-7000
065487,臺股指元大9C購25,0,0,0,0,0,0,0,0,0,-7000,0,0,0,4000,11000,-7000,-7000
4557,永新-KY         ,0,7000,-7000,0,0,0,0,0,0,0,0,0,0,0,0,0,-7000
3528,安馳            ,0,7000,-7000,0,0,0,0,0,0,0,2000,2000,0,0,0,0,-7000
5284,jpp-KY          ,1000,8000,-7000,0,0,0,0,0,0,0,0,0,0,0,0,0,-7000
1231,聯華食          ,49000,56000,-7000,0,0,0,0,0,0,0,0,0,0,0,0,0,-7000
1233,天仁            ,0,4000,-4000,0,0,0,0,0,0,-3000,0,3000,-3000,0,0,0,-7000
1110,東泥            ,0,7000,-7000,0,0,0,0,0,0,0,0,0,0,0,0,0,-7000
1441,大東            ,0,6000,-6000,0,0,0,0,0,0,-1000,0,1000,-1000,0,0,0,-7000
2028,威致            ,0,7000,-7000,0,0,0,0,0,0,0,0,0,0,0,0,0,-7000
2497,怡利電          ,4000,10000,-6000,0,0,0,0,0,0,-1000,0,1000,-1000,0,0,0,-7000
2462,良得電          ,0,6000,-6000,0,0,0,0,0,0,-1000,4000,5000,-1000,0,0,0,-7000
2236,百達-KY         ,0,4000,-4000,0,0,0,0,0,0,-3000,0,3000,-3000,0,0,0,-7000
2613,中櫃            ,0,6000,-6000,0,0,0,0,0,0,-1000,0,1000,-1000,0,0,0,-7000
3653,健策            ,656000,406458,249542,0,0,0,37787,207000,-169213,-88000,23000,30000,-7000,13000,94000,-81000,-7671
07999P,台達電凱基9B售02,0,0,0,0,0,0,0,0,0,-8000,0,0,0,2000,10000,-8000,-8000
07078P,鴻海群益99售02  ,0,0,0,0,0,0,0,0,0,-8000,0,0,0,7000,15000,-8000,-8000
07137P,大立光中信9B售01,0,0,0,0,0,0,0,0,0,-8000,0,0,0,0,8000,-8000,-8000
08182P,金像電永豐9B售01,0,0,0,0,0,0,0,0,0,-8000,0,0,0,5000,13000,-8000,-8000
066597,緯穎群益02購01  ,0,0,0,0,0,0,0,0,0,-8000,0,0,0,30000,38000,-8000,-8000
066481,華碩元富01購01  ,0,0,0,0,0,0,0,0,0,-8000,0,0,0,0,8000,-8000,-8000
066474,微星麥證01購01  ,0,0,0,21000,29000,-8000,0,0,0,-8000,0,0,0,21000,29000,-8000,-8000
057060,緯穎元大98購05  ,0,0,0,0,0,0,0,0,0,-8000,0,0,0,166000,174000,-8000,-8000
056659,泰碩元大99購01  ,0,0,0,0,0,0,0,0,0,-8000,0,0,0,0,8000,-8000,-8000
058250,台虹元大99購01  ,0,0,0,0,0,0,0,0,0,-8000,0,0,0,10000,18000,-8000,-8000
057367,技嘉元大98購02  ,0,0,0,0,0,0,0,0,0,-8000,0,0,0,10000,18000,-8000,-8000
057992,大立光日盛98購01,0,0,0,0,0,0,0,0,0,-8000,0,0,0,80000,88000,-8000,-8000
058564,元金2X凱基9C購01,0,0,0,0,0,0,0,0,0,-8000,0,0,0,0,8000,-8000,-8000
058434,旺宏統一9B購01  ,0,0,0,0,0,0,0,0,0,-8000,0,0,0,2000,10000,-8000,-8000
055894,欣興統一97購03  ,0,0,0,0,0,0,0,0,0,-8000,0,0,0,52000,60000,-8000,-8000
056363,華新科元大99購04,0,0,0,0,0,0,0,0,0,-8000,0,0,0,2000,10000,-8000,-8000
00709,富邦歐洲        ,0,0,0,0,0,0,0,0,0,-8000,0,0,0,104000,112000,-8000,-8000
053573,臺股指統一99購01,0,0,0,0,0,0,0,0,0,-8000,0,0,0,32000,40000,-8000,-8000
062499,鴻海群益01購01  ,0,0,0,0,0,0,0,0,0,-8000,0,0,0,6000,14000,-8000,-8000
062436,國巨元大9B購14  ,0,0,0,0,0,0,0,0,0,-8000,0,0,0,0,8000,-8000,-8000
062768,南電凱基9B購04  ,0,0,0,0,0,0,0,0,0,-8000,0,0,0,0,8000,-8000,-8000
059860,台積電群益9A購02,0,0,0,0,0,0,0,0,0,-8000,0,0,0,0,8000,-8000,-8000
062181,義隆元大9B購03  ,0,0,0,0,0,0,0,0,0,-8000,0,0,0,0,8000,-8000,-8000
059689,南亞科永豐99購02,0,0,0,0,0,0,0,0,0,-8000,0,0,0,0,8000,-8000,-8000
058748,景碩凱基9A購01  ,0,0,0,0,0,0,0,0,0,-8000,0,0,0,22000,30000,-8000,-8000
059951,台塑康和99購01  ,0,0,0,0,0,0,0,0,0,-8000,0,0,0,60000,68000,-8000,-8000
060621,玉晶光元大9A購05,0,0,0,0,0,0,0,0,0,-8000,0,0,0,5000,13000,-8000,-8000
060400,南電國票9A購03  ,0,0,0,0,0,0,0,0,0,-8000,0,0,0,0,8000,-8000,-8000
060944,國泰金國票9A購01,0,0,0,0,0,0,0,0,0,-8000,0,0,0,0,8000,-8000,-8000
061945,華通群益9B購04  ,0,0,0,0,0,0,0,0,0,-8000,0,0,0,0,8000,-8000,-8000
061731,旺宏統一9B購06  ,0,0,0,0,0,0,0,0,0,-8000,0,0,0,2000,10000,-8000,-8000
059004,嘉晶元大99購05  ,0,0,0,0,0,0,0,0,0,-8000,0,0,0,0,8000,-8000,-8000
061559,南亞科國票9A購02,0,0,0,0,0,0,0,0,0,-8000,0,0,0,30000,38000,-8000,-8000
061737,南亞科凱基9B購01,0,0,0,0,0,0,0,0,0,-8000,0,0,0,80000,88000,-8000,-8000
065597,旺宏元大01購03  ,5000,0,5000,0,0,0,0,0,0,-13000,0,0,0,50000,63000,-13000,-8000
065125,奇力新永豐9C購01,0,0,0,0,0,0,0,0,0,-8000,0,0,0,0,8000,-8000,-8000
065334,立積國票01購02  ,0,0,0,0,0,0,0,0,0,-8000,0,0,0,18000,26000,-8000,-8000
064566,大立光群益9C購04,0,0,0,0,0,0,0,0,0,-8000,0,0,0,25000,33000,-8000,-8000
064516,華通群益02購01  ,0,0,0,0,0,0,0,0,0,-8000,0,0,0,8000,16000,-8000,-8000
064622,晶技元大01購01  ,0,0,0,0,0,0,0,0,0,-8000,0,0,0,93000,101000,-8000,-8000
065061,聯發科群益9C購08,0,0,0,0,0,0,0,0,0,-8000,0,0,0,56000,64000,-8000,-8000
063729,國巨元大9C購08  ,0,0,0,0,0,0,0,0,0,-8000,0,0,0,3000,11000,-8000,-8000
063740,矽格元大9B購03  ,0,0,0,0,0,0,0,0,0,-8000,0,0,0,60000,68000,-8000,-8000
063641,泰鼎元大9B購04  ,0,0,0,0,0,0,0,0,0,-8000,0,0,0,14000,22000,-8000,-8000
063315,京元電群益9B購03,0,0,0,0,0,0,0,0,0,-8000,0,0,0,366000,374000,-8000,-8000
064055,台郡統一02購01  ,0,0,0,0,0,0,0,0,0,-8000,0,0,0,27000,35000,-8000,-8000
064032,群創元大9C購06  ,0,0,0,0,0,0,0,0,0,-8000,0,0,0,2000,10000,-8000,-8000
063998,聯發科兆豐9C購02,0,0,0,0,0,0,0,0,0,-8000,0,0,0,0,8000,-8000,-8000
063830,智伸科國票01購01,0,0,0,0,0,0,0,0,0,-8000,0,0,0,0,8000,-8000,-8000
064305,健鼎兆豐9C購02  ,0,0,0,0,0,0,0,0,0,-8000,0,0,0,0,8000,-8000,-8000
064308,國巨群益9C購09  ,0,0,0,0,0,0,0,0,0,-8000,0,0,0,12000,20000,-8000,-8000
6674,鋐寶科技        ,0,0,0,0,0,0,0,0,0,-8000,0,8000,-8000,0,0,0,-8000
8374,羅昇            ,13000,19000,-6000,0,0,0,0,0,0,-2000,0,2000,-2000,0,0,0,-8000
2705,六福            ,110000,118000,-8000,0,0,0,0,0,0,0,0,0,0,0,0,0,-8000
2429,銘旺科          ,2000,10000,-8000,0,0,0,0,0,0,0,0,0,0,0,0,0,-8000
1817,凱撒衛          ,0,8000,-8000,0,0,0,0,0,0,0,0,0,0,0,0,0,-8000
2062,橋椿            ,90000,98000,-8000,0,0,0,0,0,0,0,0,0,0,0,0,0,-8000
1219,福壽            ,3000,11000,-8000,0,0,0,0,0,0,0,0,0,0,0,0,0,-8000
08764P,台灣50富邦03售03,0,0,0,0,0,0,0,0,0,-8000,0,0,0,1000,9000,-8000,-8000
07142P,台灣50元大01售01,0,0,0,0,0,0,0,0,0,-9000,0,0,0,42000,51000,-9000,-9000
07208P,台積電凱基99售14,0,0,0,0,0,0,0,0,0,-9000,0,0,0,31000,40000,-9000,-9000
07946P,華通統一9B售02  ,0,0,0,0,0,0,0,0,0,-9000,0,0,0,85000,94000,-9000,-9000
07843P,緯穎元大9A售05  ,0,0,0,0,0,0,0,0,0,-9000,0,0,0,82000,91000,-9000,-9000
07556P,玉晶光元大9A售08,0,0,0,0,0,0,0,0,0,-9000,0,0,0,0,9000,-9000,-9000
053537,玉晶光永豐98購02,0,0,0,0,0,0,0,0,0,-9000,0,0,0,34000,43000,-9000,-9000
006203,元大MSCI台灣    ,0,0,0,0,0,0,0,0,0,-9000,0,0,0,0,9000,-9000,-9000
0051,元大中型100     ,1000,1000,0,0,0,0,0,0,0,-9000,0,0,0,32000,41000,-9000,-9000
056366,玉晶光元大99購04,0,0,0,0,0,0,0,0,0,-9000,0,0,0,44000,53000,-9000,-9000
058422,百和麥證99購01  ,0,0,0,11000,20000,-9000,0,0,0,-9000,0,0,0,11000,20000,-9000,-9000
057556,智易凱基99購01  ,0,0,0,0,0,0,0,0,0,-9000,0,0,0,2000,11000,-9000,-9000
056747,致新凱基99購01  ,0,0,0,0,0,0,0,0,0,-9000,0,0,0,0,9000,-9000,-9000
056795,鴻海麥證98購01  ,0,0,0,1000,10000,-9000,0,0,0,-9000,0,0,0,1000,10000,-9000,-9000
058245,訊連元大99購01  ,0,0,0,0,0,0,0,0,0,-9000,0,0,0,33000,42000,-9000,-9000
060845,欣興國票9A購01  ,0,0,0,0,0,0,0,0,0,-9000,0,0,0,1000,10000,-9000,-9000
061184,大立光國泰9C購01,0,0,0,0,0,0,0,0,0,-9000,0,0,0,25000,34000,-9000,-9000
061174,鴻海凱基9A購23  ,0,0,0,0,0,0,0,0,0,-9000,0,0,0,6000,15000,-9000,-9000
061782,智邦群益9B購01  ,0,0,0,0,0,0,0,0,0,-9000,0,0,0,4000,13000,-9000,-9000
061260,台積電凱基9A購23,0,0,0,0,0,0,0,0,0,-9000,0,0,0,72000,81000,-9000,-9000
061286,大立光統一9A購05,0,0,0,0,0,0,0,0,0,-9000,0,0,0,6000,15000,-9000,-9000
060344,聯發科統一01購01,0,0,0,0,0,0,0,0,0,-9000,0,0,0,0,9000,-9000,-9000
059291,華新科元富9B購01,0,0,0,0,0,0,0,0,0,-9000,0,0,0,1000,10000,-9000,-9000
061127,美食永豐9A購01  ,0,0,0,0,0,0,0,0,0,-9000,0,0,0,1000,10000,-9000,-9000
059197,可成永豐99購02  ,0,0,0,0,0,0,0,0,0,-9000,0,0,0,2000,11000,-9000,-9000
059826,欣興凱基99購06  ,0,0,0,0,0,0,0,0,0,-9000,0,0,0,1000,10000,-9000,-9000
062782,聯發科元大9B購12,0,0,0,0,0,0,0,0,0,-9000,0,0,0,0,9000,-9000,-9000
062763,華擎凱基9C購02  ,0,0,0,0,0,0,0,0,0,-9000,0,0,0,25000,34000,-9000,-9000
06289P,臺股指國票97售03,0,0,0,0,0,0,0,0,0,-9000,0,0,0,0,9000,-9000,-9000
062443,大立光元大9B購05,0,0,0,0,0,0,0,0,0,-9000,0,0,0,0,9000,-9000,-9000
062306,華通凱基9B購01  ,0,0,0,0,0,0,0,0,0,-9000,0,0,0,5000,14000,-9000,-9000
062352,南六群益9B購02  ,0,0,0,0,0,0,0,0,0,-9000,0,0,0,16000,25000,-9000,-9000
062594,祥碩統一01購02  ,0,0,0,0,0,0,0,0,0,-9000,0,0,0,0,9000,-9000,-9000
064132,神達元大9C購02  ,0,0,0,0,0,0,0,0,0,-9000,0,0,0,325000,334000,-9000,-9000
064251,緯創元富9C購01  ,0,0,0,0,0,0,0,0,0,-9000,0,0,0,11000,20000,-9000,-9000
063241,聯發科元大9B購18,0,0,0,0,0,0,0,0,0,-9000,0,0,0,1000,10000,-9000,-9000
063233,國巨元大9B購19  ,0,0,0,0,0,0,0,0,0,-9000,0,0,0,1000,10000,-9000,-9000
063133,喬山統一01購01  ,0,0,0,0,0,0,0,0,0,-9000,0,0,0,211000,220000,-9000,-9000
063509,超眾群益9B購03  ,0,0,0,0,0,0,0,0,0,-9000,0,0,0,0,9000,-9000,-9000
064972,台積電元大9C購11,0,0,0,0,0,0,0,0,0,-9000,0,0,0,1745000,1754000,-9000,-9000
064976,景碩元大9C購01  ,0,0,0,0,0,0,0,0,0,-9000,0,0,0,192000,201000,-9000,-9000
064543,華通凱基02購02  ,0,0,0,0,0,0,0,0,0,-9000,0,0,0,6000,15000,-9000,-9000
065387,台光電兆豐9C購02,0,0,0,0,0,0,0,0,0,-9000,0,0,0,18000,27000,-9000,-9000
065643,聯發科元大01購06,0,0,0,0,0,0,0,0,0,-9000,0,0,0,550000,559000,-9000,-9000
065532,台光電統一02購02,0,0,0,0,0,0,0,0,0,-9000,0,0,0,1000,10000,-9000,-9000
1525,江申            ,2000,11000,-9000,0,0,0,0,0,0,0,0,0,0,0,0,0,-9000
2243,宏旭-KY         ,2000,11000,-9000,0,0,0,0,0,0,0,0,0,0,0,0,0,-9000
1727,中華化          ,0,8000,-8000,0,0,0,0,0,0,-1000,0,1000,-1000,0,0,0,-9000
2373,震旦行          ,1000,7000,-6000,0,0,0,0,0,0,-3000,0,3000,-3000,0,0,0,-9000
2611,志信            ,1000,7000,-6000,0,0,0,0,0,0,-3000,0,3000,-3000,0,0,0,-9000
8367,建新國際        ,1000,10000,-9000,0,0,0,0,0,0,0,0,0,0,0,0,0,-9000
8462,柏文            ,27000,34000,-7000,0,0,0,0,0,0,-2000,0,0,0,0,2000,-2000,-9000
9937,全國            ,0,9000,-9000,0,0,0,0,0,0,0,0,0,0,0,0,0,-9000
9188,精熙-DR         ,0,9000,-9000,0,0,0,0,0,0,0,0,0,0,0,0,0,-9000
07571P,台灣50元大9A售14,0,0,0,0,0,0,0,0,0,-10000,0,0,0,0,10000,-10000,-10000
07573P,國巨元大9A售11  ,0,0,0,0,0,0,0,0,0,-10000,0,0,0,0,10000,-10000,-10000
07646P,世芯元大9A售04  ,0,0,0,0,0,0,0,0,0,-10000,0,0,0,0,10000,-10000,-10000
07732P,台灣50台新9A售05,0,0,0,0,0,0,0,0,0,-10000,0,0,0,0,10000,-10000,-10000
07751P,世紀鋼凱基9A售02,0,0,0,0,0,0,0,0,0,-10000,0,0,0,30000,40000,-10000,-10000
07845P,南亞科元大9A售08,0,0,0,0,0,0,0,0,0,-10000,0,0,0,20000,30000,-10000,-10000
07775P,國巨群益9A售10  ,0,0,0,0,0,0,0,0,0,-10000,0,0,0,0,10000,-10000,-10000
07858P,旺宏永豐9A售03  ,0,0,0,0,0,0,0,0,0,-10000,0,0,0,0,10000,-10000,-10000
07926P,上銀統一9B售02  ,0,0,0,0,0,0,0,0,0,-10000,0,0,0,0,10000,-10000,-10000
07928P,國巨統一9B售09  ,0,0,0,0,0,0,0,0,0,-10000,0,0,0,0,10000,-10000,-10000
07981P,上銀群益9B售04  ,0,0,0,0,0,0,0,0,0,-10000,0,0,0,123000,133000,-10000,-10000
07138P,台灣50群益9B售04,0,0,0,0,0,0,0,0,0,-10000,0,0,0,0,10000,-10000,-10000
07125P,台積電元大99售22,0,0,0,0,0,0,0,0,0,-10000,0,0,0,0,10000,-10000,-10000
07132P,臺股指元大99售11,0,0,0,0,0,0,0,0,0,-10000,0,0,0,0,10000,-10000,-10000
07113P,台積電兆豐99售03,0,0,0,0,0,0,0,0,0,-10000,0,0,0,0,10000,-10000,-10000
07049P,聯發科中信99售03,0,0,0,0,0,0,0,0,0,-10000,0,0,0,0,10000,-10000,-10000
07293P,臺股指凱基99售45,0,0,0,0,0,0,0,0,0,-10000,0,0,0,0,10000,-10000,-10000
07372P,滬深2X元大99售08,0,0,0,0,0,0,0,0,0,-10000,0,0,0,0,10000,-10000,-10000
07376P,聯發科元大99售39,0,0,0,0,0,0,0,0,0,-10000,0,0,0,0,10000,-10000,-10000
07478P,南電康和9A售02  ,0,0,0,0,0,0,0,0,0,-10000,0,0,0,0,10000,-10000,-10000
07471P,南亞科元大9A售01,0,0,0,0,0,0,0,0,0,-10000,0,0,0,45000,55000,-10000,-10000
07494P,葡萄王元大9A售03,0,0,0,0,0,0,0,0,0,-10000,0,0,0,0,10000,-10000,-10000
07442P,華航康和9A售02  ,0,0,0,0,0,0,0,0,0,-10000,0,0,0,0,10000,-10000,-10000
07446P,台灣50元大9A售06,0,0,0,0,0,0,0,0,0,-10000,0,0,0,0,10000,-10000,-10000
07431P,臺股指國票9A售03,0,0,0,0,0,0,0,0,0,-10000,0,0,0,0,10000,-10000,-10000
07434P,臺股指國票9A售06,0,0,0,0,0,0,0,0,0,-10000,0,0,0,0,10000,-10000,-10000
07390P,華新科康和99售02,0,0,0,0,0,0,0,0,0,-10000,0,0,0,2000,12000,-10000,-10000
08206P,鴻海群益9C售03  ,0,0,0,0,0,0,0,0,0,-10000,0,0,0,10000,20000,-10000,-10000
08127P,聯發科元大9B售21,0,0,0,0,0,0,0,0,0,-10000,0,0,0,10000,20000,-10000,-10000
08067P,大立光凱基9B售08,0,0,0,0,0,0,0,0,0,-10000,0,0,0,0,10000,-10000,-10000
08036P,嘉澤群益9B售03  ,0,0,0,0,0,0,0,0,0,-10000,0,0,0,0,10000,-10000,-10000
08022P,臺股指凱基9B售08,0,0,0,0,0,0,0,0,0,-10000,0,0,0,0,10000,-10000,-10000
08025P,臺股指凱基9B售11,0,0,0,0,0,0,0,0,0,-10000,0,0,0,0,10000,-10000,-10000
08097P,嘉澤永豐9B售03  ,0,0,0,0,0,0,0,0,0,-10000,0,0,0,0,10000,-10000,-10000
08289P,智邦統一9C售01  ,0,0,0,0,0,0,0,0,0,-10000,0,0,0,0,10000,-10000,-10000
08383P,智邦群益9C售03  ,0,0,0,0,0,0,0,0,0,-10000,0,0,0,0,10000,-10000,-10000
08421P,台積電群益9C售10,0,0,0,0,0,0,0,0,0,-10000,0,0,0,10000,20000,-10000,-10000
08413P,臻鼎凱基9C售03  ,0,0,0,0,0,0,0,0,0,-10000,0,0,0,0,10000,-10000,-10000
08408P,臺股指元大9C售14,0,0,0,0,0,0,0,0,0,-10000,0,0,0,0,10000,-10000,-10000
08508P,臺股指國票9C售09,0,0,0,0,0,0,0,0,0,-10000,0,0,0,25000,35000,-10000,-10000
08531P,台積電統一9C售15,0,0,0,0,0,0,0,0,0,-10000,0,0,0,0,10000,-10000,-10000
08668P,燿華群益01售01  ,0,0,0,0,0,0,0,0,0,-10000,0,0,0,0,10000,-10000,-10000
08640P,台灣50群益9C售07,0,0,0,0,0,0,0,0,0,-10000,0,0,0,0,10000,-10000,-10000
08581P,臺股指元大9C售29,0,0,0,0,0,0,0,0,0,-10000,0,0,0,20000,30000,-10000,-10000
08684P,禾伸堂凱基01售01,0,0,0,0,0,0,0,0,0,-10000,0,0,0,0,10000,-10000,-10000
08664P,金像電凱基01售02,0,0,0,0,0,0,0,0,0,-10000,0,0,0,0,10000,-10000,-10000
08675P,旺宏群益01售03  ,0,0,0,0,0,0,0,0,0,-10000,0,0,0,0,10000,-10000,-10000
08693P,宏達電群益01售02,0,0,0,0,0,0,0,0,0,-10000,0,0,0,17000,27000,-10000,-10000
066598,致新群益02購01  ,0,0,0,0,0,0,0,0,0,-10000,0,0,0,11000,21000,-10000,-10000
066541,南電兆豐01購02  ,0,0,0,0,0,0,0,0,0,-10000,0,0,0,0,10000,-10000,-10000
066527,泰鼎統一03購01  ,0,0,0,0,0,0,0,0,0,-10000,0,0,0,0,10000,-10000,-10000
066413,鴻海元大01購06  ,0,0,0,0,0,0,0,0,0,-10000,0,0,0,0,10000,-10000,-10000
066438,南紡群益01購01  ,0,0,0,0,0,0,0,0,0,-10000,0,0,0,0,10000,-10000,-10000
066332,慧洋永豐01購01  ,0,0,0,0,0,0,0,0,0,-10000,0,0,0,0,10000,-10000,-10000
066760,大立光永豐01購01,0,0,0,0,0,0,0,0,0,-10000,0,0,0,0,10000,-10000,-10000
066699,台積電群益01購08,0,0,0,0,0,0,0,0,0,-10000,0,0,0,100000,110000,-10000,-10000
066645,聯發科麥證01購02,0,0,0,0,10000,-10000,0,0,0,-10000,0,0,0,0,10000,-10000,-10000
066707,揚明光群益01購02,0,0,0,0,0,0,0,0,0,-10000,0,0,0,0,10000,-10000,-10000
066690,瑞昱台新01購01  ,0,0,0,0,0,0,0,0,0,-10000,0,0,0,0,10000,-10000,-10000
066684,T50反1元富07購01,0,0,0,0,0,0,0,0,0,-10000,0,0,0,0,10000,-10000,-10000
066823,國巨群益02購02  ,0,0,0,0,0,0,0,0,0,-10000,0,0,0,1000,11000,-10000,-10000
066817,瀚宇博兆豐03購01,0,0,0,0,0,0,0,0,0,-10000,0,0,0,0,10000,-10000,-10000
066882,A50正2永豐01購01,0,0,0,0,0,0,0,0,0,-10000,0,0,0,0,10000,-10000,-10000
06887P,華新科元大98售04,0,0,0,0,0,0,0,0,0,-10000,0,0,0,0,10000,-10000,-10000
06838P,台積電統一99售05,0,0,0,0,0,0,0,0,0,-10000,0,0,0,0,10000,-10000,-10000
06862P,大立光凱基98售16,0,0,0,0,0,0,0,0,0,-10000,0,0,0,10000,20000,-10000,-10000
06856P,台灣50永豐99售03,0,0,0,0,0,0,0,0,0,-10000,0,0,0,0,10000,-10000,-10000
06752P,訊芯凱基98售05  ,0,0,0,0,0,0,0,0,0,-10000,0,0,0,0,10000,-10000,-10000
06773P,台灣50兆豐9A售01,0,0,0,0,0,0,0,0,0,-10000,0,0,0,0,10000,-10000,-10000
066094,元黃金中信03購01,0,0,0,0,0,0,0,0,0,-10000,0,0,0,0,10000,-10000,-10000
065798,華通群益01購03  ,0,0,0,0,0,0,0,0,0,-10000,0,0,0,27000,37000,-10000,-10000
065704,華新科群益9C購05,0,0,0,0,0,0,0,0,0,-10000,0,0,0,1000,11000,-10000,-10000
065926,金像電國票02購01,0,0,0,0,0,0,0,0,0,-10000,0,0,0,0,10000,-10000,-10000
065825,鴻海凱基02購02  ,0,0,0,0,0,0,0,0,0,-10000,0,0,0,0,10000,-10000,-10000
065863,臺股指元大9C購37,0,0,0,0,0,0,0,0,0,-10000,0,0,0,0,10000,-10000,-10000
065860,南電元大02購01  ,0,0,0,0,0,0,0,0,0,-10000,0,0,0,0,10000,-10000,-10000
060664,聯詠凱基9A購01  ,0,0,0,0,0,0,0,0,0,-10000,0,0,0,0,10000,-10000,-10000
057262,友達兆豐98購03  ,0,0,0,0,0,0,0,0,0,-10000,0,0,0,0,10000,-10000,-10000
057264,新光金兆豐98購01,0,0,0,0,0,0,0,0,0,-10000,0,0,0,0,10000,-10000,-10000
061061,聯發科麥證9A購02,0,0,0,0,10000,-10000,0,0,0,-10000,0,0,0,0,10000,-10000,-10000
060846,欣興國票9A購02  ,0,0,0,0,0,0,0,0,0,-10000,0,0,0,0,10000,-10000,-10000
060844,大立光國票9A購07,0,0,0,0,0,0,0,0,0,-10000,0,0,0,0,10000,-10000,-10000
06079P,燿華群益98售02  ,0,0,0,0,0,0,0,0,0,-10000,0,0,0,0,10000,-10000,-10000
060887,台積電統一01購01,0,0,0,0,0,0,0,0,0,-10000,0,0,0,0,10000,-10000,-10000
060784,鴻海富邦9C購01  ,0,0,0,0,0,0,0,0,0,-10000,0,0,0,0,10000,-10000,-10000
060736,旺宏統一01購01  ,0,0,0,0,0,0,0,0,0,-10000,0,0,0,0,10000,-10000,-10000
060713,聯詠永豐9A購01  ,0,0,0,0,0,0,0,0,0,-10000,0,0,0,12000,22000,-10000,-10000
060731,奇力新群益9A購01,0,0,0,0,0,0,0,0,0,-10000,0,0,0,0,10000,-10000,-10000
056670,樺漢國票99購01  ,0,0,0,0,0,0,0,0,0,-10000,0,0,0,0,10000,-10000,-10000
056534,京元電凱基98購01,0,0,0,0,0,0,0,0,0,-10000,0,0,0,0,10000,-10000,-10000
056608,力山永豐98購01  ,0,0,0,0,0,0,0,0,0,-10000,0,0,0,0,10000,-10000,-10000
056645,大立光凱基98購12,0,0,0,0,0,0,0,0,0,-10000,0,0,0,0,10000,-10000,-10000
057100,國巨中信9A購02  ,0,0,0,0,0,0,0,0,0,-10000,0,0,0,0,10000,-10000,-10000
057093,臻鼎元富98購02  ,0,0,0,0,0,0,0,0,0,-10000,0,0,0,0,10000,-10000,-10000
057086,立積統一9C購01  ,0,0,0,0,0,0,0,0,0,-10000,0,0,0,0,10000,-10000,-10000
056920,友達兆豐98購02  ,0,0,0,0,0,0,0,0,0,-10000,0,0,0,0,10000,-10000,-10000
058276,道瓊指中信9C購01,0,0,0,0,0,0,0,0,0,-10000,0,0,0,0,10000,-10000,-10000
058272,超眾永豐9A購01  ,0,0,0,0,0,0,0,0,0,-10000,0,0,0,0,10000,-10000,-10000
057910,華新科兆豐99購02,0,0,0,0,0,0,0,0,0,-10000,0,0,0,0,10000,-10000,-10000
057953,聚陽元大98購01  ,0,0,0,0,0,0,0,0,0,-10000,0,0,0,0,10000,-10000,-10000
058663,瑞儀兆豐9A購01  ,0,0,0,0,0,0,0,0,0,-10000,0,0,0,10000,20000,-10000,-10000
058134,信邦元大99購01  ,0,0,0,0,0,0,0,0,0,-10000,0,0,0,0,10000,-10000,-10000
058121,國巨國票9A購01  ,0,0,0,0,0,0,0,0,0,-10000,0,0,0,0,10000,-10000,-10000
056771,嘉晶元大99購01  ,0,0,0,0,0,0,0,0,0,-10000,0,0,0,2000,12000,-10000,-10000
057994,技嘉中信98購01  ,0,0,0,0,0,0,0,0,0,-10000,0,0,0,0,10000,-10000,-10000
058040,FBVIX元大98購01 ,0,0,0,0,0,0,0,0,0,-10000,0,0,0,0,10000,-10000,-10000
057276,全新元大99購03  ,0,0,0,0,0,0,0,0,0,-10000,0,0,0,0,10000,-10000,-10000
057268,臻鼎兆豐99購01  ,0,0,0,0,0,0,0,0,0,-10000,0,0,0,0,10000,-10000,-10000
058623,國巨國票99購08  ,0,0,0,0,0,0,0,0,0,-10000,0,0,0,19000,29000,-10000,-10000
057632,傳奇永豐98購01  ,0,0,0,0,0,0,0,0,0,-10000,0,0,0,10000,20000,-10000,-10000
057601,中磊群益98購01  ,0,0,0,0,0,0,0,0,0,-10000,0,0,0,91000,101000,-10000,-10000
057598,鴻海群益98購07  ,0,0,0,0,0,0,0,0,0,-10000,0,0,0,0,10000,-10000,-10000
05754P,臺股指中信99售03,0,0,0,0,0,0,0,0,0,-10000,0,0,0,0,10000,-10000,-10000
058494,可成群益9B購01  ,0,0,0,0,0,0,0,0,0,-10000,0,0,0,21000,31000,-10000,-10000
058418,台積電麥證99購01,0,0,0,0,10000,-10000,0,0,0,-10000,0,0,0,0,10000,-10000,-10000
057503,世紀鋼群益98購02,0,0,0,0,0,0,0,0,0,-10000,0,0,0,0,10000,-10000,-10000
057532,智原元大98購03  ,0,0,0,0,0,0,0,0,0,-10000,0,0,0,0,10000,-10000,-10000
057533,晶相光元大98購02,0,0,0,0,0,0,0,0,0,-10000,0,0,0,17000,27000,-10000,-10000
058367,大立光凱基9A購01,0,0,0,0,0,0,0,0,0,-10000,0,0,0,0,10000,-10000,-10000
055973,亞德客統一97購01,0,0,0,0,0,0,0,0,0,-10000,0,0,0,0,10000,-10000,-10000
056120,聯茂群益97購02  ,0,0,0,0,0,0,0,0,0,-10000,0,0,0,0,10000,-10000,-10000
054785,建準群益98購01  ,0,0,0,0,0,0,0,0,0,-10000,0,0,0,30000,40000,-10000,-10000
055002,群創元富99購04  ,0,0,0,0,0,0,0,0,0,-10000,0,0,0,0,10000,-10000,-10000
057429,華新科兆豐98購03,0,0,0,0,0,0,0,0,0,-10000,0,0,0,0,10000,-10000,-10000
057455,景碩國泰99購01  ,0,0,0,0,0,0,0,0,0,-10000,0,0,0,0,10000,-10000,-10000
055933,欣興群益98購02  ,0,0,0,0,0,0,0,0,0,-10000,0,0,0,10000,20000,-10000,-10000
055863,緯穎元大97購05  ,0,0,0,0,0,0,0,0,0,-10000,0,0,0,0,10000,-10000,-10000
055803,鎧勝永豐97購01  ,0,0,0,0,0,0,0,0,0,-10000,0,0,0,0,10000,-10000,-10000
055695,大毅國票98購03  ,0,0,0,0,0,0,0,0,0,-10000,0,0,0,0,10000,-10000,-10000
055406,大毅國泰99購01  ,0,0,0,0,0,0,0,0,0,-10000,0,0,0,0,10000,-10000,-10000
055524,鴻海群益98購01  ,0,0,0,0,0,0,0,0,0,-10000,0,0,0,0,10000,-10000,-10000
056462,訊芯凱基98購03  ,0,0,0,0,0,0,0,0,0,-10000,0,0,0,20000,30000,-10000,-10000
056515,燿華兆豐99購01  ,0,0,0,0,0,0,0,0,0,-10000,0,0,0,0,10000,-10000,-10000
054572,國巨元大98購03  ,0,0,0,0,0,0,0,0,0,-10000,0,0,0,0,10000,-10000,-10000
055105,鴻海凱基98購05  ,0,0,0,0,0,0,0,0,0,-10000,0,0,0,0,10000,-10000,-10000
055106,台積電凱基98購05,0,0,0,0,0,0,0,0,0,-10000,0,0,0,0,10000,-10000,-10000
055290,玉晶光元大98購08,0,0,0,0,0,0,0,0,0,-10000,0,0,0,1000,11000,-10000,-10000
056349,道瓊銀元大9B購01,0,0,0,0,0,0,0,0,0,-10000,0,0,0,0,10000,-10000,-10000
054309,禾伸堂凱基98購01,0,0,0,0,0,0,0,0,0,-10000,0,0,0,20000,30000,-10000,-10000
056327,樺漢兆豐98購01  ,0,0,0,0,0,0,0,0,0,-10000,0,0,0,0,10000,-10000,-10000
051700,深中小群益99購04,0,0,0,0,0,0,0,0,0,-10000,0,0,0,0,10000,-10000,-10000
046383,群創凱基98購01  ,0,0,0,0,0,0,0,0,0,-10000,0,0,0,20000,30000,-10000,-10000
052658,友達元富9C購01  ,0,0,0,0,0,0,0,0,0,-10000,0,0,0,0,10000,-10000,-10000
052681,T50反1元大98購02,0,0,0,0,0,0,0,0,0,-10000,0,0,0,0,10000,-10000,-10000
053256,上銀富邦98購01  ,0,0,0,0,0,0,0,0,0,-10000,0,0,0,0,10000,-10000,-10000
053631,欣興兆豐97購01  ,0,0,0,0,0,0,0,0,0,-10000,0,0,0,0,10000,-10000,-10000
053654,聯發科凱基98購01,0,0,0,0,0,0,0,0,0,-10000,0,0,0,0,10000,-10000,-10000
062623,元金2X國票01購01,0,0,0,0,0,0,0,0,0,-10000,0,0,0,0,10000,-10000,-10000
062626,台積電國票9C購04,0,0,0,0,0,0,0,0,0,-10000,0,0,0,10000,20000,-10000,-10000
062671,國泰金中信03購01,0,0,0,0,0,0,0,0,0,-10000,0,0,0,0,10000,-10000,-10000
062311,奇力新凱基9B購01,0,0,0,0,0,0,0,0,0,-10000,0,0,0,0,10000,-10000,-10000
062313,聯詠凱基9C購01  ,0,0,0,0,0,0,0,0,0,-10000,0,0,0,45000,55000,-10000,-10000
062881,緯創兆豐9C購01  ,0,0,0,0,0,0,0,0,0,-10000,0,0,0,0,10000,-10000,-10000
062927,同欣電國票9B購02,0,0,0,0,0,0,0,0,0,-10000,0,0,0,20000,30000,-10000,-10000
059871,義隆凱基99購03  ,0,0,0,0,0,0,0,0,0,-10000,0,0,0,0,10000,-10000,-10000
059887,華新科國票99購02,0,0,0,0,0,0,0,0,0,-10000,0,0,0,0,10000,-10000,-10000
060214,茂林康和9A購01  ,0,0,0,0,0,0,0,0,0,-10000,0,0,0,100000,110000,-10000,-10000
062140,元金2X國票9B購03,0,0,0,0,0,0,0,0,0,-10000,0,0,0,0,10000,-10000,-10000
062137,華新科群益9B購04,0,0,0,0,0,0,0,0,0,-10000,0,0,0,0,10000,-10000,-10000
062099,牧德永豐9B購01  ,0,0,0,0,0,0,0,0,0,-10000,0,0,0,0,10000,-10000,-10000
062105,國巨國票9C購03  ,0,0,0,0,0,0,0,0,0,-10000,0,0,0,0,10000,-10000,-10000
062124,大立光統一9B購09,0,0,0,0,0,0,0,0,0,-10000,0,0,0,0,10000,-10000,-10000
062117,燿華中信9B購01  ,0,0,0,0,0,0,0,0,0,-10000,0,0,0,10000,20000,-10000,-10000
06211P,鴻海元大98售04  ,0,0,0,0,0,0,0,0,0,-10000,0,0,0,0,10000,-10000,-10000
062196,聯發科中信01購02,0,0,0,0,0,0,0,0,0,-10000,0,0,0,20000,30000,-10000,-10000
059191,茂林富邦9B購01  ,0,0,0,0,0,0,0,0,0,-10000,0,0,0,0,10000,-10000,-10000
059693,智原永豐99購01  ,0,0,0,0,0,0,0,0,0,-10000,0,0,0,0,10000,-10000,-10000
059699,華通凱基99購04  ,0,0,0,0,0,0,0,0,0,-10000,0,0,0,0,10000,-10000,-10000
059707,健策凱基9A購03  ,0,0,0,0,0,0,0,0,0,-10000,0,0,0,3000,13000,-10000,-10000
059817,華通凱基99購05  ,0,0,0,0,0,0,0,0,0,-10000,0,0,0,0,10000,-10000,-10000
059939,技嘉永豐99購01  ,0,0,0,0,0,0,0,0,0,-10000,0,0,0,0,10000,-10000,-10000
060047,道瓊反凱基99購01,0,0,0,0,0,0,0,0,0,-10000,0,0,0,0,10000,-10000,-10000
060048,元金2X凱基99購03,0,0,0,0,0,0,0,0,0,-10000,0,0,0,0,10000,-10000,-10000
060197,臻鼎元富9A購02  ,0,0,0,0,0,0,0,0,0,-10000,0,0,0,0,10000,-10000,-10000
060169,群電永豐9A購01  ,0,0,0,0,0,0,0,0,0,-10000,0,0,0,0,10000,-10000,-10000
060116,世紀鋼元大99購07,0,0,0,0,0,0,0,0,0,-10000,0,0,0,0,10000,-10000,-10000
060099,宏達電元大99購09,0,0,0,0,0,0,0,0,0,-10000,0,0,0,0,10000,-10000,-10000
060063,可成兆豐9B購01  ,0,0,0,0,0,0,0,0,0,-10000,0,0,0,1000,11000,-10000,-10000
060057,欣興凱基9B購01  ,0,0,0,0,0,0,0,0,0,-10000,0,0,0,0,10000,-10000,-10000
060055,宏達電凱基99購06,0,0,0,0,0,0,0,0,0,-10000,0,0,0,0,10000,-10000,-10000
061143,道瓊指中信9C購04,0,0,0,0,0,0,0,0,0,-10000,0,0,0,10000,20000,-10000,-10000
059387,華通凱基9A購03  ,0,0,0,0,0,0,0,0,0,-10000,0,0,0,0,10000,-10000,-10000
060557,南電凱基9A購02  ,0,0,0,0,0,0,0,0,0,-10000,0,0,0,10000,20000,-10000,-10000
060553,祥碩凱基9A購01  ,0,0,0,0,0,0,0,0,0,-10000,0,0,0,0,10000,-10000,-10000
060574,高股息中信9C購01,0,0,0,0,0,0,0,0,0,-10000,0,0,0,0,10000,-10000,-10000
059250,大立光凱基99購06,0,0,0,0,0,0,0,0,0,-10000,0,0,0,25000,35000,-10000,-10000
059274,國巨元大99購22  ,0,0,0,0,0,0,0,0,0,-10000,0,0,0,0,10000,-10000,-10000
060332,聯發科麥證9A購01,0,0,0,0,10000,-10000,0,0,0,-10000,0,0,0,0,10000,-10000,-10000
060350,元黃金元富9B購01,0,0,0,0,0,0,0,0,0,-10000,0,0,0,0,10000,-10000,-10000
061008,群創兆豐9A購02  ,0,0,0,0,0,0,0,0,0,-10000,0,0,0,0,10000,-10000,-10000
062018,台勝科永豐9B購01,0,0,0,0,0,0,0,0,0,-10000,0,0,0,0,10000,-10000,-10000
062058,瑞昱統一01購01  ,0,0,0,0,0,0,0,0,0,-10000,0,0,0,59000,69000,-10000,-10000
061920,台積電凱基9C購02,0,0,0,0,0,0,0,0,0,-10000,0,0,0,0,10000,-10000,-10000
061930,臺股指凱基9B購05,0,0,0,0,0,0,0,0,0,-10000,0,0,0,10000,20000,-10000,-10000
060477,和潤元大9A購01  ,0,0,0,0,0,0,0,0,0,-10000,0,0,0,14000,24000,-10000,-10000
059460,GIS永豐99購02   ,0,0,0,0,0,0,0,0,0,-10000,0,0,0,0,10000,-10000,-10000
059493,國巨國票9B購01  ,0,0,0,0,0,0,0,0,0,-10000,0,0,0,0,10000,-10000,-10000
059494,國巨國票9C購01  ,0,0,0,0,0,0,0,0,0,-10000,0,0,0,2000,12000,-10000,-10000
061400,可成兆豐9B購02  ,0,0,0,0,0,0,0,0,0,-10000,0,0,0,1000,11000,-10000,-10000
061481,嘉澤元大9A購03  ,0,0,0,0,0,0,0,0,0,-10000,0,0,0,13000,23000,-10000,-10000
061490,茂林兆豐9B購01  ,0,0,0,0,0,0,0,0,0,-10000,0,0,0,0,10000,-10000,-10000
061279,鴻海統一9C購04  ,0,0,0,0,0,0,0,0,0,-10000,0,0,0,0,10000,-10000,-10000
061825,聯發科麥證9B購01,0,0,0,0,10000,-10000,0,0,0,-10000,0,0,0,0,10000,-10000,-10000
061833,華新科凱基02購01,0,0,0,0,0,0,0,0,0,-10000,0,0,0,0,10000,-10000,-10000
061253,臺股指群益9A購04,0,0,0,0,0,0,0,0,0,-10000,0,0,0,10000,20000,-10000,-10000
061794,國巨永豐9B購01  ,0,0,0,0,0,0,0,0,0,-10000,0,0,0,0,10000,-10000,-10000
061746,國巨統一9C購07  ,0,0,0,0,0,0,0,0,0,-10000,0,0,0,0,10000,-10000,-10000
061677,泰碩元大9A購05  ,0,0,0,0,0,0,0,0,0,-10000,0,0,0,8000,18000,-10000,-10000
061566,華通元大9A購10  ,0,0,0,0,0,0,0,0,0,-10000,0,0,0,4000,14000,-10000,-10000
058716,華新科台新99購02,0,0,0,0,0,0,0,0,0,-10000,0,0,0,0,10000,-10000,-10000
058820,致茂國泰9B購01  ,0,0,0,0,0,0,0,0,0,-10000,0,0,0,20000,30000,-10000,-10000
059009,世紀鋼元大99購04,0,0,0,0,0,0,0,0,0,-10000,0,0,0,159000,169000,-10000,-10000
059051,和大凱基9A購01  ,0,0,0,0,0,0,0,0,0,-10000,0,0,0,0,10000,-10000,-10000
059028,嘉聯益台新99購02,0,0,0,0,0,0,0,0,0,-10000,0,0,0,0,10000,-10000,-10000
059029,旺宏兆豐99購01  ,0,0,0,0,0,0,0,0,0,-10000,0,0,0,0,10000,-10000,-10000
059065,南電凱基9A購01  ,0,0,0,0,0,0,0,0,0,-10000,0,0,0,10000,20000,-10000,-10000
059067,上銀國票9A購02  ,0,0,0,0,0,0,0,0,0,-10000,0,0,0,10000,20000,-10000,-10000
058887,元石油元大9C購04,0,0,0,0,0,0,0,0,0,-10000,0,0,0,0,10000,-10000,-10000
058865,群創凱基01購01  ,0,0,0,0,0,0,0,0,0,-10000,0,0,0,28000,38000,-10000,-10000
058863,可成凱基99購02  ,0,0,0,0,0,0,0,0,0,-10000,0,0,0,0,10000,-10000,-10000
065467,臺指反元大03購03,0,0,0,0,0,0,0,0,0,-10000,0,0,0,0,10000,-10000,-10000
065452,康友統一02購01  ,0,0,0,0,0,0,0,0,0,-10000,0,0,0,0,10000,-10000,-10000
06559P,玉晶光元富98售02,0,0,0,0,0,0,0,0,0,-10000,0,0,0,0,10000,-10000,-10000
065353,GIS統一02購03   ,0,0,0,0,0,0,0,0,0,-10000,0,0,0,0,10000,-10000,-10000
065284,旺宏群益9C購03  ,0,0,0,0,0,0,0,0,0,-10000,0,0,0,2000,12000,-10000,-10000
065243,聯發科兆豐01購03,0,0,0,0,0,0,0,0,0,-10000,0,0,0,0,10000,-10000,-10000
065251,宏達電國泰02購01,0,0,0,0,0,0,0,0,0,-10000,0,0,0,9000,19000,-10000,-10000
065262,義隆元大9C購06  ,0,0,0,0,0,0,0,0,0,-10000,0,0,0,34000,44000,-10000,-10000
065237,茂林凱基01購01  ,0,0,0,0,0,0,0,0,0,-10000,0,0,0,0,10000,-10000,-10000
065218,世芯國泰02購02  ,0,0,0,0,0,0,0,0,0,-10000,0,0,0,178000,188000,-10000,-10000
065158,和碩群益9C購01  ,0,0,0,0,0,0,0,0,0,-10000,0,0,0,6000,16000,-10000,-10000
064451,技嘉統一01購02  ,0,0,0,0,0,0,0,0,0,-10000,0,0,0,0,10000,-10000,-10000
064447,喬山統一02購01  ,0,0,0,0,0,0,0,0,0,-10000,0,0,0,0,10000,-10000,-10000
06446P,大立光凱基98售10,0,0,0,0,0,0,0,0,0,-10000,0,0,0,0,10000,-10000,-10000
064586,緯創永豐9C購01  ,0,0,0,0,0,0,0,0,0,-10000,0,0,0,0,10000,-10000,-10000
064750,緯穎麥證9C購01  ,0,0,0,0,10000,-10000,0,0,0,-10000,0,0,0,0,10000,-10000,-10000
064968,道瓊銀元大01購02,0,0,0,0,0,0,0,0,0,-10000,0,0,0,0,10000,-10000,-10000
065060,上銀群益9C購02  ,0,0,0,0,0,0,0,0,0,-10000,0,0,0,33000,43000,-10000,-10000
06504P,麗豐國票99售02  ,0,0,0,0,0,0,0,0,0,-10000,0,0,0,10000,20000,-10000,-10000
064846,旺宏元富03購01  ,0,0,0,0,0,0,0,0,0,-10000,0,0,0,0,10000,-10000,-10000
064882,同欣電兆豐9C購01,0,0,0,0,0,0,0,0,0,-10000,0,0,0,0,10000,-10000,-10000
064830,可成統一9C購04  ,0,0,0,0,0,0,0,0,0,-10000,0,0,0,33000,43000,-10000,-10000
063561,上銀元大9B購08  ,0,0,0,0,0,0,0,0,0,-10000,0,0,0,0,10000,-10000,-10000
063423,聯詠凱基9C購02  ,0,0,0,0,0,0,0,0,0,-10000,0,0,0,15000,25000,-10000,-10000
063638,華新科元大9B購14,0,0,0,0,0,0,0,0,0,-10000,0,0,0,1000,11000,-10000,-10000
063611,儒鴻群益9B購03  ,0,0,0,0,0,0,0,0,0,-10000,0,0,0,0,10000,-10000,-10000
063743,道瓊反國票9C購02,0,0,0,0,0,0,0,0,0,-10000,0,0,0,0,10000,-10000,-10000
063677,台光電國泰9C購02,0,0,0,0,0,0,0,0,0,-10000,0,0,0,0,10000,-10000,-10000
063664,漢唐統一9C購01  ,0,0,0,0,0,0,0,0,0,-10000,0,0,0,0,10000,-10000,-10000
063068,聯發科國泰01購03,0,0,0,0,0,0,0,0,0,-10000,0,0,0,0,10000,-10000,-10000
063144,超眾統一9C購02  ,0,0,0,0,0,0,0,0,0,-10000,0,0,0,0,10000,-10000,-10000
063383,億豐永豐9B購02  ,0,0,0,0,0,0,0,0,0,-10000,0,0,0,0,10000,-10000,-10000
063351,億豐統一9B購01  ,0,0,0,0,0,0,0,0,0,-10000,0,0,0,0,10000,-10000,-10000
064130,創意元大9C購02  ,0,0,0,0,0,0,0,0,0,-10000,0,0,0,42000,52000,-10000,-10000
064118,喬山元大01購01  ,0,0,0,0,0,0,0,0,0,-10000,0,0,0,40000,50000,-10000,-10000
064164,祥碩統一01購05  ,0,0,0,0,0,0,0,0,0,-10000,0,0,0,0,10000,-10000,-10000
064317,日月光群益9C購01,0,0,0,0,0,0,0,0,0,-10000,0,0,0,84000,94000,-10000,-10000
064318,彩晶群益9C購01  ,0,0,0,0,0,0,0,0,0,-10000,0,0,0,0,10000,-10000,-10000
064329,國巨元大01購03  ,0,0,0,0,0,0,0,0,0,-10000,0,0,0,7000,17000,-10000,-10000
064285,貿聯元大9C購02  ,0,0,0,0,0,0,0,0,0,-10000,0,0,0,0,10000,-10000,-10000
064275,台光電元大9C購03,0,0,0,0,0,0,0,0,0,-10000,0,0,0,101000,111000,-10000,-10000
064442,嘉聯益凱基9C購01,0,0,0,0,0,0,0,0,0,-10000,0,0,0,15000,25000,-10000,-10000
064409,彩晶凱基04購01  ,0,0,0,0,0,0,0,0,0,-10000,0,0,0,0,10000,-10000,-10000
063768,華新科國泰9C購03,0,0,0,0,0,0,0,0,0,-10000,0,0,0,0,10000,-10000,-10000
063801,GIS凱基01購01   ,0,0,0,0,0,0,0,0,0,-10000,0,0,0,5000,15000,-10000,-10000
063793,和大凱基9C購01  ,0,0,0,0,0,0,0,0,0,-10000,0,0,0,0,10000,-10000,-10000
063995,健鼎群益9C購01  ,0,0,0,0,0,0,0,0,0,-10000,0,0,0,0,10000,-10000,-10000
8488,吉源-KY         ,0,9000,-9000,0,0,0,0,0,0,-1000,0,1000,-1000,0,0,0,-10000
8443,阿瘦            ,5000,15000,-10000,0,0,0,0,0,0,0,0,0,0,0,0,0,-10000
8114,振樺電          ,1000,10000,-9000,0,0,0,0,0,0,-1000,0,1000,-1000,0,0,0,-10000
3679,新至陞          ,2000,12000,-10000,0,0,0,0,0,0,0,0,0,0,0,0,0,-10000
5706,鳳凰            ,4000,14000,-10000,0,0,0,0,0,0,0,0,0,0,0,0,0,-10000
6243,迅杰            ,11000,21000,-10000,0,0,0,0,0,0,0,0,0,0,0,0,0,-10000
1529,樂士            ,10000,19000,-9000,0,0,0,0,0,0,-1000,0,1000,-1000,0,0,0,-10000
2012,春雨            ,0,1000,-1000,0,0,0,0,0,0,-9000,1000,10000,-9000,0,0,0,-10000
08763P,健策永豐01售02  ,0,0,0,0,0,0,0,0,0,-10000,0,0,0,0,10000,-10000,-10000
08782P,台積電元大01售17,0,0,0,0,0,0,0,0,0,-10000,0,0,0,1500000,1510000,-10000,-10000
08742P,友達凱基01售02  ,0,0,0,0,0,0,0,0,0,-10000,0,0,0,0,10000,-10000,-10000
065878,麗豐群益02購01  ,0,0,0,0,0,0,0,0,0,-11000,0,0,0,0,11000,-11000,-11000
065899,神基麥證9C購02  ,0,0,0,0,11000,-11000,0,0,0,-11000,0,0,0,0,11000,-11000,-11000
066274,景碩元大01購02  ,0,0,0,0,0,0,0,0,0,-11000,0,0,0,131000,142000,-11000,-11000
06793P,臺股指凱基98售03,0,0,0,0,0,0,0,0,0,-11000,0,0,0,19000,30000,-11000,-11000
06807P,臺股指群益98售13,0,0,0,0,0,0,0,0,0,-11000,0,0,0,17000,28000,-11000,-11000
066819,樺漢兆豐01購01  ,0,0,0,0,0,0,0,0,0,-11000,0,0,0,0,11000,-11000,-11000
06691P,臺股指群益9C售05,0,0,0,0,0,0,0,0,0,-11000,0,0,0,0,11000,-11000,-11000
066558,創意元大01購04  ,0,0,0,0,0,0,0,0,0,-11000,0,0,0,174000,185000,-11000,-11000
08544P,和碩國票01售02  ,0,0,0,0,0,0,0,0,0,-11000,0,0,0,41000,52000,-11000,-11000
07749P,台郡凱基9A售01  ,0,0,0,0,0,0,0,0,0,-11000,0,0,0,0,11000,-11000,-11000
03454B,臺股指元大04熊06,0,0,0,0,0,0,0,0,0,-11000,0,0,0,10000,21000,-11000,-11000
051047,深中小群益99購01,0,0,0,0,0,0,0,0,0,-11000,0,0,0,50000,61000,-11000,-11000
056791,嘉聯益群益98購01,0,0,0,0,0,0,0,0,0,-11000,0,0,0,0,11000,-11000,-11000
058343,台積電群益99購02,0,0,0,0,0,0,0,0,0,-11000,0,0,0,1000,12000,-11000,-11000
056641,華通凱基98購03  ,0,0,0,0,0,0,0,0,0,-11000,0,0,0,0,11000,-11000,-11000
056537,冠德凱基98購01  ,0,0,0,0,0,0,0,0,0,-11000,0,0,0,10000,21000,-11000,-11000
056538,國泰金凱基98購01,0,0,0,0,0,0,0,0,0,-11000,0,0,0,0,11000,-11000,-11000
060700,華新科國泰9C購01,0,0,0,0,0,0,0,0,0,-11000,0,0,0,0,11000,-11000,-11000
061191,可成永豐9A購02  ,0,0,0,0,0,0,0,0,0,-11000,0,0,0,0,11000,-11000,-11000
058972,新日興永豐9A購01,0,0,0,0,0,0,0,0,0,-11000,0,0,0,21000,32000,-11000,-11000
059080,亞泥元大99購01  ,0,0,0,0,0,0,0,0,0,-11000,0,0,0,612000,623000,-11000,-11000
059027,神達台新99購02  ,0,0,0,0,0,0,0,0,0,-11000,0,0,0,0,11000,-11000,-11000
061261,台積電凱基9B購03,0,0,0,0,0,0,0,0,0,-11000,0,0,0,0,11000,-11000,-11000
062026,華邦電群益9B購01,0,0,0,0,0,0,0,0,0,-11000,0,0,0,20000,31000,-11000,-11000
060630,國巨富邦9C購03  ,0,0,0,0,0,0,0,0,0,-11000,0,0,0,1000,12000,-11000,-11000
060188,華新科元富9A購03,0,0,0,0,0,0,0,0,0,-11000,0,0,0,0,11000,-11000,-11000
060311,盟立永豐9A購01  ,0,0,0,0,0,0,0,0,0,-11000,0,0,0,64000,75000,-11000,-11000
059833,緯穎康和99購01  ,0,0,0,0,0,0,0,0,0,-11000,0,0,0,0,11000,-11000,-11000
062481,同欣電國票9B購01,0,0,0,0,0,0,0,0,0,-11000,0,0,0,3000,14000,-11000,-11000
062526,友達統一01購01  ,0,0,0,0,0,0,0,0,0,-11000,0,0,0,9000,20000,-11000,-11000
064403,正崴凱基01購01  ,0,0,0,0,0,0,0,0,0,-11000,0,0,0,321000,332000,-11000,-11000
06443P,台積電凱基99售01,0,0,0,0,0,0,0,0,0,-11000,0,0,0,0,11000,-11000,-11000
064179,上銀富邦01購01  ,0,0,0,0,0,0,0,0,0,-11000,0,0,0,0,11000,-11000,-11000
064210,台光電凱基03購01,0,0,0,0,0,0,0,0,0,-11000,0,0,0,194000,205000,-11000,-11000
063541,華擎元富9B購02  ,0,0,0,0,0,0,0,0,0,-11000,0,0,0,94000,105000,-11000,-11000
064898,國產群益9C購01  ,0,0,0,0,0,0,0,0,0,-11000,0,0,0,254000,265000,-11000,-11000
064453,微星統一02購01  ,0,0,0,0,0,0,0,0,0,-11000,0,0,0,106000,117000,-11000,-11000
065209,國泰金國票01購01,0,0,0,0,0,0,0,0,0,-11000,0,0,0,0,11000,-11000,-11000
065241,南電凱基01購02  ,0,0,0,0,0,0,0,0,0,-11000,0,0,0,0,11000,-11000,-11000
065322,聯發科凱基01購05,0,0,0,0,0,0,0,0,0,-11000,0,0,0,0,11000,-11000,-11000
065546,景碩兆豐01購01  ,0,0,0,0,0,0,0,0,0,-11000,0,0,0,79000,90000,-11000,-11000
065500,健鼎富邦01購01  ,0,0,0,0,0,0,0,0,0,-11000,0,0,0,0,11000,-11000,-11000
08758P,上証2X元大01售02,0,0,0,0,0,0,0,0,0,-11000,0,0,0,0,11000,-11000,-11000
1454,台富            ,2000,8000,-6000,0,0,0,0,0,0,-5000,1000,6000,-5000,0,0,0,-11000
2109,華豐            ,41000,51000,-10000,0,0,0,0,0,0,-1000,0,1000,-1000,0,0,0,-11000
1533,車王電          ,7000,17000,-10000,0,0,0,0,0,0,-1000,0,1000,-1000,0,0,0,-11000
1603,華電            ,10000,15000,-5000,0,0,0,0,0,0,-6000,2000,8000,-6000,0,0,0,-11000
1726,永記            ,0,11000,-11000,0,0,0,0,0,0,0,0,0,0,0,0,0,-11000
2701,萬企            ,0,9000,-9000,0,0,0,0,0,0,-2000,0,2000,-2000,0,0,0,-11000
4764,雙鍵            ,10000,20000,-10000,0,0,0,0,0,0,-1000,0,1000,-1000,0,0,0,-11000
07504P,聯詠元大9A售02  ,0,0,0,0,0,0,0,0,0,-12000,0,0,0,0,12000,-12000,-12000
08652P,鴻海群益9C售09  ,0,0,0,0,0,0,0,0,0,-12000,0,0,0,218000,230000,-12000,-12000
08158P,嘉澤元富9B售03  ,0,0,0,0,0,0,0,0,0,-12000,0,0,0,100000,112000,-12000,-12000
066299,潤泰新元大01購01,2000,0,2000,0,0,0,0,0,0,-14000,0,0,0,0,14000,-14000,-12000
066801,奇鋐凱基01購02  ,0,0,0,0,0,0,0,0,0,-12000,0,0,0,0,12000,-12000,-12000
065947,國巨統一02購03  ,0,0,0,0,0,0,0,0,0,-12000,0,0,0,0,12000,-12000,-12000
060734,華通統一9C購01  ,0,0,0,0,0,0,0,0,0,-12000,0,0,0,0,12000,-12000,-12000
057783,台積電國票9A購01,0,0,0,0,0,0,0,0,0,-12000,0,0,0,1000,13000,-12000,-12000
058101,台積電富邦9C購01,0,0,0,0,0,0,0,0,0,-12000,0,0,0,441000,453000,-12000,-12000
058015,旺宏凱基99購02  ,0,0,0,0,0,0,0,0,0,-12000,0,0,0,0,12000,-12000,-12000
051939,同欣電群益97購01,0,0,0,0,0,0,0,0,0,-12000,0,0,0,0,12000,-12000,-12000
048070,聯發科元富99購03,0,0,0,0,0,0,0,0,0,-12000,0,0,0,0,12000,-12000,-12000
020011,統一微波高息20N ,0,0,0,0,0,0,0,0,0,-12000,0,0,0,409000,421000,-12000,-12000
0053,元大電子        ,0,0,0,0,0,0,0,0,0,-12000,0,0,0,2000,14000,-12000,-12000
057448,致茂元富98購01  ,0,0,0,0,0,0,0,0,0,-12000,0,0,0,0,12000,-12000,-12000
062674,百和中信03購01  ,0,0,0,0,0,0,0,0,0,-12000,0,0,0,0,12000,-12000,-12000
062742,技嘉國泰01購01  ,0,0,0,0,0,0,0,0,0,-12000,0,0,0,8000,20000,-12000,-12000
062786,立積元大9C購03  ,0,0,0,0,0,0,0,0,0,-12000,0,0,0,33000,45000,-12000,-12000
062780,旺宏元大01購01  ,0,0,0,0,0,0,0,0,0,-12000,0,0,0,56000,68000,-12000,-12000
062805,台勝科統一9C購01,0,0,0,0,0,0,0,0,0,-12000,0,0,0,0,12000,-12000,-12000
062790,臺股指元大9B購33,0,0,0,0,0,0,0,0,0,-12000,0,0,0,0,12000,-12000,-12000
062073,國巨元大9B購06  ,0,0,0,0,0,0,0,0,0,-12000,0,0,0,1000,13000,-12000,-12000
060309,佳世達永豐9A購01,0,0,0,0,0,0,0,0,0,-12000,0,0,0,59000,71000,-12000,-12000
062098,億光永豐9B購01  ,0,0,0,0,0,0,0,0,0,-12000,0,0,0,81000,93000,-12000,-12000
060056,大立光凱基9B購01,0,0,0,0,0,0,0,0,0,-12000,0,0,0,5000,17000,-12000,-12000
059500,鴻海元富99購11  ,0,0,0,0,0,0,0,0,0,-12000,0,0,0,0,12000,-12000,-12000
061810,S&P反1群益9B購02,0,0,0,0,0,0,0,0,0,-12000,0,0,0,25000,37000,-12000,-12000
061778,元金2X群益9B購02,0,0,0,0,0,0,0,0,0,-12000,0,0,0,0,12000,-12000,-12000
065554,群創凱基02購02  ,0,0,0,0,0,0,0,0,0,-12000,0,0,0,100000,112000,-12000,-12000
065659,華新科永豐9C購04,0,0,0,0,0,0,0,0,0,-12000,0,0,0,1000,13000,-12000,-12000
065293,玉晶光群益01購07,0,0,0,0,0,0,0,0,0,-12000,0,0,0,56000,68000,-12000,-12000
065342,華邦電統一02購01,0,0,0,0,0,0,0,0,0,-12000,0,0,0,0,12000,-12000,-12000
065202,南電元富06購01  ,0,0,0,0,0,0,0,0,0,-12000,0,0,0,0,12000,-12000,-12000
064576,世紀鋼群益01購01,0,0,0,0,0,0,0,0,0,-12000,0,0,0,0,12000,-12000,-12000
064884,台表科第一9C購01,0,0,0,0,0,0,0,0,0,-12000,0,0,0,8000,20000,-12000,-12000
063527,美食凱基01購01  ,0,0,0,0,0,0,0,0,0,-12000,0,0,0,0,12000,-12000,-12000
063300,華通凱基9B購05  ,0,0,0,0,0,0,0,0,0,-12000,0,0,0,0,12000,-12000,-12000
064270,華通元大9C購03  ,0,0,0,0,0,0,0,0,0,-12000,0,0,0,91000,103000,-12000,-12000
064261,力山永豐9C購01  ,0,0,0,0,0,0,0,0,0,-12000,0,0,0,0,12000,-12000,-12000
063847,聯發科元大9C購03,0,0,0,0,0,0,0,0,0,-12000,0,0,0,4000,16000,-12000,-12000
4190,佐登-KY         ,30000,41000,-11000,0,0,0,0,0,0,-1000,0,0,0,0,1000,-1000,-12000
2739,寒舍            ,1000,13000,-12000,0,0,0,0,0,0,0,6000,6000,0,0,0,0,-12000
2488,漢平            ,4000,16000,-12000,0,0,0,0,0,0,0,0,0,0,0,0,0,-12000
1618,合機            ,3000,13000,-10000,0,0,0,0,0,0,-2000,0,2000,-2000,0,0,0,-12000
1615,大山            ,12000,24000,-12000,0,0,0,0,0,0,0,0,0,0,0,0,0,-12000
1616,億泰            ,0,10000,-10000,0,0,0,0,0,0,-2000,0,2000,-2000,0,0,0,-12000
1419,新紡            ,0,11000,-11000,0,0,0,0,0,0,-1000,0,1000,-1000,0,0,0,-12000
1321,大洋            ,11000,23000,-12000,0,0,0,0,0,0,0,0,0,0,0,0,0,-12000
065925,鴻海國票04購01  ,0,0,0,0,0,0,0,0,0,-13000,0,0,0,0,13000,-13000,-13000
066482,華碩元富01購02  ,0,0,0,0,0,0,0,0,0,-13000,0,0,0,85000,98000,-13000,-13000
08088P,義隆凱基9B售03  ,0,0,0,0,0,0,0,0,0,-13000,0,0,0,13000,26000,-13000,-13000
08263P,台表科元大9C售06,0,0,0,0,0,0,0,0,0,-13000,0,0,0,250000,263000,-13000,-13000
08682P,鴻海凱基01售06  ,0,0,0,0,0,0,0,0,0,-13000,0,0,0,20000,33000,-13000,-13000
08549P,大立光元大9C售25,0,0,0,0,0,0,0,0,0,-13000,0,0,0,12000,25000,-13000,-13000
08563P,金像電元富9C售03,0,0,0,0,0,0,0,0,0,-13000,0,0,0,165000,178000,-13000,-13000
08443P,臺股指麥證01售02,0,0,0,20000,33000,-13000,0,0,0,-13000,0,0,0,20000,33000,-13000,-13000
07487P,鴻海國票9A售01  ,0,0,0,0,0,0,0,0,0,-13000,0,0,0,0,13000,-13000,-13000
07292P,臺股指凱基99售44,0,0,0,0,0,0,0,0,0,-13000,0,0,0,0,13000,-13000,-13000
07251P,台灣50元富01售04,0,0,0,0,0,0,0,0,0,-13000,0,0,0,4000,17000,-13000,-13000
07190P,臺股指富邦9C售02,0,0,0,0,0,0,0,0,0,-13000,0,0,0,0,13000,-13000,-13000
07623P,大立光統一9B售05,0,0,0,0,0,0,0,0,0,-13000,0,0,0,5000,18000,-13000,-13000
0054,元大台商50      ,0,0,0,0,0,0,0,0,0,-13000,0,0,0,2000,15000,-13000,-13000
052203,T50反1中信99購03,0,0,0,0,0,0,0,0,0,-13000,0,0,0,0,13000,-13000,-13000
056353,鴻海元大99購02  ,0,0,0,0,0,0,0,0,0,-13000,0,0,0,150000,163000,-13000,-13000
054103,T50反1凱基99購04,0,0,0,0,0,0,0,0,0,-13000,0,0,0,0,13000,-13000,-13000
057963,緯穎元大98購08  ,0,0,0,0,0,0,0,0,0,-13000,0,0,0,33000,46000,-13000,-13000
056550,瑞儀凱基99購01  ,0,0,0,0,0,0,0,0,0,-13000,0,0,0,51000,64000,-13000,-13000
061352,茂林元大9A購04  ,0,0,0,0,0,0,0,0,0,-13000,0,0,0,0,13000,-13000,-13000
058687,聯茂凱基9A購01  ,0,0,0,0,0,0,0,0,0,-13000,0,0,0,45000,58000,-13000,-13000
059510,華新科永豐99購07,0,0,0,0,0,0,0,0,0,-13000,0,0,0,1000,14000,-13000,-13000
060152,上証2X永豐9A購02,0,0,0,0,0,0,0,0,0,-13000,0,0,0,2000,15000,-13000,-13000
060301,國巨富邦9C購02  ,0,0,0,0,0,0,0,0,0,-13000,0,0,0,0,13000,-13000,-13000
062983,緯穎元富9B購01  ,0,0,0,0,0,0,0,0,0,-13000,0,0,0,21000,34000,-13000,-13000
062314,玉晶光凱基9B購06,0,0,0,0,0,0,0,0,0,-13000,0,0,0,8000,21000,-13000,-13000
062386,京鼎國泰9C購01  ,0,0,0,0,0,0,0,0,0,-13000,0,0,0,65000,78000,-13000,-13000
063747,國巨國票9C購06  ,0,0,0,0,0,0,0,0,0,-13000,0,0,0,3000,16000,-13000,-13000
063972,緯創國票9C購01  ,0,0,0,0,0,0,0,0,0,-13000,0,0,0,25000,38000,-13000,-13000
064383,SP黃豆富邦01購01,0,0,0,0,0,0,0,0,0,-13000,0,0,0,0,13000,-13000,-13000
063284,大立光元大9B購07,0,0,0,0,0,0,0,0,0,-13000,0,0,0,10000,23000,-13000,-13000
063566,台光電元大9B購08,0,0,0,0,0,0,0,0,0,-13000,0,0,0,53000,66000,-13000,-13000
063598,國巨凱基9B購14  ,0,0,0,0,0,0,0,0,0,-13000,0,0,0,1000,14000,-13000,-13000
064867,華新科永豐9C購03,0,0,0,0,0,0,0,0,0,-13000,0,0,0,1000,14000,-13000,-13000
065285,宏碁群益01購01  ,0,0,0,0,0,0,0,0,0,-13000,0,0,0,37000,50000,-13000,-13000
065613,GIS元大9C購08   ,0,0,0,0,0,0,0,0,0,-13000,0,0,0,0,13000,-13000,-13000
06552P,茂林元大99售02  ,0,0,0,0,0,0,0,0,0,-13000,0,0,0,147000,160000,-13000,-13000
065426,台積電凱基01購09,0,0,0,0,0,0,0,0,0,-13000,0,0,0,175000,188000,-13000,-13000
1338,廣華-KY         ,47000,60000,-13000,0,0,0,0,0,0,0,0,0,0,0,0,0,-13000
1225,福懋油          ,7000,20000,-13000,0,0,0,0,0,0,0,0,0,0,0,0,0,-13000
1604,聲寶            ,427000,437000,-10000,0,0,0,0,0,0,-3000,0,3000,-3000,0,0,0,-13000
1558,伸興            ,0,27000,-27000,0,0,0,0,0,0,14000,15000,1000,14000,0,0,0,-13000
3501,維熹            ,3000,16000,-13000,0,0,0,0,0,0,0,0,0,0,0,0,0,-13000
5546,永固-KY         ,6000,19000,-13000,0,0,0,0,0,0,0,1000,1000,0,0,0,0,-13000
9905,大華            ,0,10000,-10000,0,0,0,0,0,0,-3000,0,3000,-3000,0,0,0,-13000
1234,黑松            ,14000,27714,-13714,0,0,0,0,0,0,0,0,0,0,0,0,0,-13714
08003P,國巨國泰9B售07  ,0,0,0,0,0,0,0,0,0,-14000,0,0,0,91000,105000,-14000,-14000
07046P,大立光富邦9C售03,0,0,0,0,0,0,0,0,0,-14000,0,0,0,60000,74000,-14000,-14000
066452,晶碩群益01購01  ,0,0,0,0,0,0,0,0,0,-14000,0,0,0,0,14000,-14000,-14000
066644,瑞昱麥證01購01  ,0,0,0,0,14000,-14000,0,0,0,-14000,0,0,0,0,14000,-14000,-14000
066797,台積電凱基02購09,0,0,0,0,0,0,0,0,0,-14000,0,0,0,0,14000,-14000,-14000
065726,京元電凱基9C購02,0,0,0,0,0,0,0,0,0,-14000,0,0,0,30000,44000,-14000,-14000
066092,億豐永豐01購01  ,0,0,0,0,0,0,0,0,0,-14000,0,0,0,0,14000,-14000,-14000
06083P,華通統一98售02  ,0,0,0,0,0,0,0,0,0,-14000,0,0,0,38000,52000,-14000,-14000
061077,國巨兆豐9B購01  ,0,0,0,0,0,0,0,0,0,-14000,0,0,0,0,14000,-14000,-14000
057638,上銀元大99購01  ,0,0,0,0,0,0,0,0,0,-14000,0,0,0,36000,50000,-14000,-14000
058049,帆宣元大98購01  ,0,0,0,0,0,0,0,0,0,-14000,0,0,0,26000,40000,-14000,-14000
053212,友達凱基99購04  ,0,0,0,0,0,0,0,0,0,-14000,0,0,0,0,14000,-14000,-14000
03680C,臺股指凱基9A牛26,0,0,0,0,0,0,0,0,0,-14000,0,0,0,10000,24000,-14000,-14000
057479,致茂元大98購03  ,0,0,0,0,0,0,0,0,0,-14000,0,0,0,0,14000,-14000,-14000
056065,奇鋐元大97購01  ,0,0,0,0,0,0,0,0,0,-14000,0,0,0,88000,102000,-14000,-14000
055703,緯穎富邦98購01  ,0,0,0,0,0,0,0,0,0,-14000,0,0,0,0,14000,-14000,-14000
062642,帆宣國票9B購01  ,0,0,0,0,0,0,0,0,0,-14000,0,0,0,10000,24000,-14000,-14000
060310,瑞昱永豐9A購01  ,0,0,0,0,0,0,0,0,0,-14000,0,0,0,16000,30000,-14000,-14000
060283,台肥元大9C購01  ,0,0,0,0,0,0,0,0,0,-14000,0,0,0,38000,52000,-14000,-14000
060289,京元電元大9A購01,0,0,0,0,0,0,0,0,0,-14000,0,0,0,26000,40000,-14000,-14000
062238,臻鼎凱基9C購01  ,0,0,0,0,0,0,0,0,0,-14000,0,0,0,18000,32000,-14000,-14000
058794,旺宏元大99購09  ,0,0,0,0,0,0,0,0,0,-14000,0,0,0,17000,31000,-14000,-14000
061913,宏碁中信9B購01  ,0,0,0,0,0,0,0,0,0,-14000,0,0,0,71000,85000,-14000,-14000
065465,麗豐中信9C購01  ,0,0,0,0,0,0,0,0,0,-14000,0,0,0,0,14000,-14000,-14000
065046,玉晶光凱基01購03,0,0,0,0,0,0,0,0,0,-14000,0,0,0,19000,33000,-14000,-14000
064734,大立光元富9C購05,0,0,0,0,0,0,0,0,0,-14000,0,0,0,44000,58000,-14000,-14000
063489,新日興國泰01購01,0,0,0,0,0,0,0,0,0,-14000,0,0,0,0,14000,-14000,-14000
06333P,臺股指群益9C售02,0,0,0,0,0,0,0,0,0,-14000,0,0,0,193000,207000,-14000,-14000
063142,奇力新統一9C購04,0,0,0,0,0,0,0,0,0,-14000,0,0,0,0,14000,-14000,-14000
063034,致茂凱基9B購01  ,0,0,0,0,0,0,0,0,0,-14000,0,0,0,58000,72000,-14000,-14000
063804,華邦電兆豐01購01,0,0,0,0,0,0,0,0,0,-14000,0,0,0,0,14000,-14000,-14000
1626,艾美特-KY       ,19000,33000,-14000,0,0,0,0,0,0,0,0,0,0,0,0,0,-14000
1730,花仙子          ,22000,36000,-14000,0,0,0,0,0,0,0,0,0,0,0,0,0,-14000
2302,麗正            ,0,14000,-14000,0,0,0,0,0,0,0,0,0,0,0,0,0,-14000
2007,燁興            ,0,10000,-10000,0,0,0,0,0,0,-4000,0,4000,-4000,0,0,0,-14000
5283,禾聯碩          ,7000,21000,-14000,0,0,0,0,0,0,0,0,0,0,0,0,0,-14000
3416,融程電          ,2000,14000,-12000,0,0,0,0,0,0,-2000,2000,4000,-2000,0,0,0,-14000
3543,州巧            ,0,21000,-21000,0,0,0,0,0,0,7000,7000,0,7000,0,0,0,-14000
4545,銘鈺            ,11000,23000,-12000,0,0,0,0,0,0,-2000,0,2000,-2000,0,0,0,-14000
066251,川湖元大01購01  ,0,0,0,0,0,0,0,0,0,-15000,0,0,0,6000,21000,-15000,-15000
066207,聯鈞統一01購02  ,0,0,0,0,0,0,0,0,0,-15000,0,0,0,21000,36000,-15000,-15000
065683,嘉聯益統一03購01,0,0,0,0,0,0,0,0,0,-15000,0,0,0,35000,50000,-15000,-15000
065919,禾伸堂凱基02購01,0,0,0,0,0,0,0,0,0,-15000,0,0,0,238000,253000,-15000,-15000
066715,台灣50元大01購23,0,0,0,0,0,0,0,0,0,-15000,0,0,0,0,15000,-15000,-15000
06759P,台積電元大98售17,0,0,0,0,0,0,0,0,0,-15000,0,0,0,0,15000,-15000,-15000
066507,和碩富邦03購01  ,0,0,0,0,0,0,0,0,0,-15000,0,0,0,65000,80000,-15000,-15000
066549,京元電元大01購03,0,0,0,0,0,0,0,0,0,-15000,0,0,0,56000,71000,-15000,-15000
066528,南電統一02購01  ,0,0,0,0,0,0,0,0,0,-15000,0,0,0,0,15000,-15000,-15000
066288,晶碩元大01購01  ,0,0,0,0,0,0,0,0,0,-15000,0,0,0,146000,161000,-15000,-15000
066378,超眾兆豐03購01  ,0,0,0,0,0,0,0,0,0,-15000,0,0,0,32000,47000,-15000,-15000
07013P,玉晶光群益9A售06,0,0,0,0,0,0,0,0,0,-15000,0,0,0,80000,95000,-15000,-15000
07525P,臺股指中信9B售07,0,0,0,0,0,0,0,0,0,-15000,0,0,0,0,15000,-15000,-15000
07963P,智邦統一9B售01  ,0,0,0,0,0,0,0,0,0,-15000,0,0,0,10000,25000,-15000,-15000
07839P,嘉澤元大9A售04  ,0,0,0,0,0,0,0,0,0,-15000,0,0,0,0,15000,-15000,-15000
08469P,富邦金凱基9C售01,0,0,0,0,0,0,0,0,0,-15000,0,0,0,20000,35000,-15000,-15000
08567P,台勝科群益9C售01,0,0,0,0,0,0,0,0,0,-15000,0,0,0,0,15000,-15000,-15000
08630P,臺股指麥證9C售05,0,0,0,0,15000,-15000,0,0,0,-15000,0,0,0,0,15000,-15000,-15000
08368P,台積電兆豐9C售04,0,0,0,0,0,0,0,0,0,-15000,0,0,0,0,15000,-15000,-15000
08211P,台表科元富9B售03,0,0,0,0,0,0,0,0,0,-15000,0,0,0,100000,115000,-15000,-15000
055892,國巨統一99購01  ,0,0,0,0,0,0,0,0,0,-15000,0,0,0,0,15000,-15000,-15000
056434,國巨凱基98購03  ,0,0,0,0,0,0,0,0,0,-15000,0,0,0,25000,40000,-15000,-15000
05610P,國巨群益98售01  ,0,0,0,0,0,0,0,0,0,-15000,0,0,0,5000,20000,-15000,-15000
055026,健和興國泰98購01,0,0,0,0,0,0,0,0,0,-15000,0,0,0,0,15000,-15000,-15000
057562,奇鋐兆豐98購01  ,0,0,0,0,0,0,0,0,0,-15000,0,0,0,0,15000,-15000,-15000
058034,神達永豐98購02  ,0,0,0,0,0,0,0,0,0,-15000,0,0,0,0,15000,-15000,-15000
056813,聯茂統一99購01  ,0,0,0,0,0,0,0,0,0,-15000,0,0,0,50000,65000,-15000,-15000
058148,百和元大99購01  ,0,0,0,0,0,0,0,0,0,-15000,0,0,0,5000,20000,-15000,-15000
058207,南茂凱基99購01  ,0,0,0,0,0,0,0,0,0,-15000,0,0,0,10000,25000,-15000,-15000
057712,南亞科統一9A購01,0,0,0,0,0,0,0,0,0,-15000,0,0,0,0,15000,-15000,-15000
057738,旺宏富邦9A購01  ,0,0,0,0,0,0,0,0,0,-15000,0,0,0,0,15000,-15000,-15000
05793P,臺股指中信99售08,0,0,0,0,0,0,0,0,0,-15000,0,0,0,0,15000,-15000,-15000
061204,國巨元大9A購16  ,0,0,0,0,0,0,0,0,0,-15000,0,0,0,11000,26000,-15000,-15000
060692,鴻海麥證9A購01  ,0,0,0,0,15000,-15000,0,0,0,-15000,0,0,0,0,15000,-15000,-15000
060709,緯穎富邦9B購01  ,0,0,0,0,0,0,0,0,0,-15000,0,0,0,70000,85000,-15000,-15000
060605,大立光凱基9C購01,0,0,0,0,0,0,0,0,0,-15000,0,0,0,0,15000,-15000,-15000
061105,宏達電元大9A購04,0,0,0,0,0,0,0,0,0,-15000,0,0,0,53000,68000,-15000,-15000
060924,大毅永豐9A購03  ,0,0,0,0,0,0,0,0,0,-15000,0,0,0,0,15000,-15000,-15000
059282,嘉聯益永豐99購01,0,0,0,0,0,0,0,0,0,-15000,0,0,0,64000,79000,-15000,-15000
059268,鎧勝中信01購01  ,0,0,0,0,0,0,0,0,0,-15000,0,0,0,5000,20000,-15000,-15000
059612,奇鋐永豐99購02  ,0,0,0,0,0,0,0,0,0,-15000,0,0,0,15000,30000,-15000,-15000
059626,台積電凱基01購01,0,0,0,0,0,0,0,0,0,-15000,0,0,0,0,15000,-15000,-15000
059629,友達凱基99購06  ,0,0,0,0,0,0,0,0,0,-15000,0,0,0,0,15000,-15000,-15000
061403,滬深2X國票9A購06,0,0,0,0,0,0,0,0,0,-15000,0,0,0,0,15000,-15000,-15000
06166P,大立光國票98售01,0,0,0,0,0,0,0,0,0,-15000,0,0,0,0,15000,-15000,-15000
059129,麗豐中信99購01  ,0,0,0,0,0,0,0,0,0,-15000,0,0,0,0,15000,-15000,-15000
059816,聯電凱基99購03  ,0,0,0,0,0,0,0,0,0,-15000,0,0,0,45000,60000,-15000,-15000
062277,廣達群益9B購01  ,0,0,0,0,0,0,0,0,0,-15000,0,0,0,48000,63000,-15000,-15000
062094,台積電富邦9C購12,0,0,0,0,0,0,0,0,0,-15000,0,0,0,15000,30000,-15000,-15000
059919,宏達電元大99購06,0,0,0,0,0,0,0,0,0,-15000,0,0,0,25000,40000,-15000,-15000
059873,華新科凱基99購09,0,0,0,0,0,0,0,0,0,-15000,0,0,0,1000,16000,-15000,-15000
062374,茂林元大9B購03  ,0,0,0,0,0,0,0,0,0,-15000,0,0,0,55000,70000,-15000,-15000
062885,臻鼎兆豐9C購01  ,0,0,0,0,0,0,0,0,0,-15000,0,0,0,0,15000,-15000,-15000
062721,美律凱基9B購02  ,0,0,0,0,0,0,0,0,0,-15000,0,0,0,35000,50000,-15000,-15000
063836,台塑元大9C購01  ,0,0,0,0,0,0,0,0,0,-15000,0,0,0,5000,20000,-15000,-15000
064087,華新科凱基9C購03,0,0,0,0,0,0,0,0,0,-15000,0,0,0,1000,16000,-15000,-15000
064292,南茂元大01購01  ,0,0,0,0,0,0,0,0,0,-15000,0,0,0,47000,62000,-15000,-15000
064141,國巨統一01購08  ,0,0,0,0,0,0,0,0,0,-15000,0,0,0,0,15000,-15000,-15000
063190,聯茂凱基9B購01  ,0,0,0,0,0,0,0,0,0,-15000,0,0,0,0,15000,-15000,-15000
063321,泰鼎群益9B購03  ,0,0,0,0,0,0,0,0,0,-15000,0,0,0,5000,20000,-15000,-15000
063285,華擎元大9B購03  ,0,0,0,0,0,0,0,0,0,-15000,0,0,0,75000,90000,-15000,-15000
063288,泰鼎元大9B購02  ,0,0,0,0,0,0,0,0,0,-15000,0,0,0,11000,26000,-15000,-15000
064729,聯茂統一02購02  ,0,0,0,0,0,0,0,0,0,-15000,0,0,0,0,15000,-15000,-15000
064562,友達群益9C購03  ,0,0,0,0,0,0,0,0,0,-15000,0,0,0,0,15000,-15000,-15000
065460,嘉聯益台新9C購01,0,0,0,0,0,0,0,0,0,-15000,0,0,0,23000,38000,-15000,-15000
065475,聯發科元大01購04,0,0,0,0,0,0,0,0,0,-15000,0,0,0,16000,31000,-15000,-15000
065193,和大元富03購02  ,0,0,0,0,0,0,0,0,0,-15000,0,0,0,0,15000,-15000,-15000
065229,友達凱基02購03  ,0,0,0,0,0,0,0,0,0,-15000,0,0,0,0,15000,-15000,-15000
065217,世芯國泰02購01  ,0,0,0,0,0,0,0,0,0,-15000,0,0,0,259000,274000,-15000,-15000
065086,可成元大01購04  ,0,0,0,0,0,0,0,0,0,-15000,0,0,0,11000,26000,-15000,-15000
5525,順天            ,0,15000,-15000,0,0,0,0,0,0,0,0,0,0,0,0,0,-15000
2305,全友            ,19000,31000,-12000,0,0,0,0,0,0,-3000,0,3000,-3000,0,0,0,-15000
1232,大統益          ,1000,17000,-16000,0,0,0,0,0,0,1000,2000,1000,1000,0,0,0,-15000
08747P,國巨元富07售06  ,0,0,0,0,0,0,0,0,0,-15000,0,0,0,10000,25000,-15000,-15000
2904,匯僑            ,0,15000,-15000,0,0,0,0,0,0,0,0,0,0,0,0,0,-15000
08179P,華新科元大9B售13,0,0,0,0,0,0,0,0,0,-16000,0,0,0,0,16000,-16000,-16000
07978P,茂林群益9B售02  ,0,0,0,0,0,0,0,0,0,-16000,0,0,0,0,16000,-16000,-16000
066727,鴻海元大01購12  ,0,0,0,0,0,0,0,0,0,-16000,0,0,0,0,16000,-16000,-16000
066677,台泥兆豐03購01  ,0,0,0,0,0,0,0,0,0,-16000,0,0,0,0,16000,-16000,-16000
065741,聯發科麥證9C購06,0,0,0,16000,32000,-16000,0,0,0,-16000,0,0,0,16000,32000,-16000,-16000
066050,亞光元大01購01  ,0,0,0,0,0,0,0,0,0,-16000,0,0,0,25000,41000,-16000,-16000
057798,貿聯兆豐99購01  ,0,0,0,0,0,0,0,0,0,-16000,0,0,0,78000,94000,-16000,-16000
057003,立積國票98購01  ,0,0,0,0,0,0,0,0,0,-16000,0,0,0,1000,17000,-16000,-16000
058342,鴻海群益9A購01  ,0,0,0,0,0,0,0,0,0,-16000,0,0,0,45000,61000,-16000,-16000
058217,新唐群益99購01  ,0,0,0,0,0,0,0,0,0,-16000,0,0,0,26000,42000,-16000,-16000
054924,景碩凱基98購01  ,0,0,0,0,0,0,0,0,0,-16000,0,0,0,10000,26000,-16000,-16000
052888,台表科中信9A購01,0,0,0,0,0,0,0,0,0,-16000,0,0,0,0,16000,-16000,-16000
062974,奇力新元富9B購01,0,0,0,0,0,0,0,0,0,-16000,0,0,0,0,16000,-16000,-16000
062635,創意國票9B購01  ,0,0,0,0,0,0,0,0,0,-16000,0,0,0,22000,38000,-16000,-16000
060297,和碩元大9A購02  ,0,0,0,0,0,0,0,0,0,-16000,0,0,0,10000,26000,-16000,-16000
062097,台光電永豐9B購01,0,0,0,0,0,0,0,0,0,-16000,0,0,0,8000,24000,-16000,-16000
06136P,華新科國泰99售02,0,0,0,0,0,0,0,0,0,-16000,0,0,0,0,16000,-16000,-16000
059096,百和元大99購04  ,0,0,0,0,0,0,0,0,0,-16000,0,0,0,0,16000,-16000,-16000
059056,技嘉凱基99購02  ,0,0,0,0,0,0,0,0,0,-16000,0,0,0,4000,20000,-16000,-16000
058876,南電國票9A購02  ,0,0,0,0,0,0,0,0,0,-16000,0,0,0,2000,18000,-16000,-16000
059296,大立光元富99購06,0,0,0,0,0,0,0,0,0,-16000,0,0,0,284000,300000,-16000,-16000
065100,聯茂元大9C購04  ,0,0,0,0,0,0,0,0,0,-16000,0,0,0,77000,93000,-16000,-16000
065433,緯創凱基9C購01  ,0,0,0,0,0,0,0,0,0,-16000,0,0,0,14000,30000,-16000,-16000
065443,智邦統一9C購03  ,0,0,0,0,0,0,0,0,0,-16000,0,0,0,29000,45000,-16000,-16000
065025,健策永豐9C購02  ,0,0,0,0,0,0,0,0,0,-16000,0,0,0,52000,68000,-16000,-16000
064886,燿華中信01購01  ,0,0,0,0,0,0,0,0,0,-16000,0,0,0,0,16000,-16000,-16000
063062,群創元富9B購01  ,0,0,0,0,0,0,0,0,0,-16000,0,0,0,0,16000,-16000,-16000
063138,聯發科統一01購05,0,0,0,0,0,0,0,0,0,-16000,0,0,0,14000,30000,-16000,-16000
063092,聯發科中信9B購03,0,0,0,0,0,0,0,0,0,-16000,0,0,0,10000,26000,-16000,-16000
064183,聯茂富邦01購01  ,0,0,0,0,0,0,0,0,0,-16000,0,0,0,26000,42000,-16000,-16000
064090,祥碩凱基9C購03  ,0,0,0,0,0,0,0,0,0,-16000,0,0,0,0,16000,-16000,-16000
6449,鈺邦            ,1000,18000,-17000,0,0,0,0,0,0,1000,1000,0,1000,0,0,0,-16000
3167,大量            ,7000,23000,-16000,0,0,0,0,0,0,0,0,0,0,0,0,0,-16000
9902,台火            ,28000,44000,-16000,0,0,0,0,0,0,0,0,0,0,0,0,0,-16000
01007T,兆豐國泰R2      ,0,16750,-16750,0,0,0,0,0,0,0,0,0,0,0,0,0,-16750
066067,台積電凱基02購05,0,0,0,0,0,0,0,0,0,-17000,0,0,0,0,17000,-17000,-17000
066729,台積電元大01購16,0,0,0,0,0,0,0,0,0,-17000,0,0,0,3000,20000,-17000,-17000
066287,訊芯元大01購01  ,0,0,0,0,0,0,0,0,0,-17000,0,0,0,184000,201000,-17000,-17000
07833P,大立光群益9B售02,0,0,0,0,0,0,0,0,0,-17000,0,0,0,0,17000,-17000,-17000
07797P,大立光國票9A售08,0,0,0,0,0,0,0,0,0,-17000,0,0,0,0,17000,-17000,-17000
07694P,超眾元大9A售05  ,0,0,0,0,0,0,0,0,0,-17000,0,0,0,0,17000,-17000,-17000
08112P,臺股指中信01售07,0,0,0,0,0,0,0,0,0,-17000,0,0,0,67000,84000,-17000,-17000
08483P,金像電群益9C售02,0,0,0,0,0,0,0,0,0,-17000,0,0,0,10000,27000,-17000,-17000
056146,台虹元大98購01  ,0,0,0,0,0,0,0,0,0,-17000,0,0,0,18000,35000,-17000,-17000
058484,元金2X國票04購01,0,0,0,0,0,0,0,0,0,-17000,0,0,0,0,17000,-17000,-17000
059530,華新科凱基9A購05,0,0,0,0,0,0,0,0,0,-17000,0,0,0,34000,51000,-17000,-17000
061886,力山國泰01購01  ,0,0,0,0,0,0,0,0,0,-17000,0,0,0,17000,34000,-17000,-17000
058977,SGBR2X凱基03購01,0,0,0,0,0,0,0,0,0,-17000,0,0,0,384000,401000,-17000,-17000
059076,FBVIX元大99購04 ,0,0,0,0,0,0,0,0,0,-17000,0,0,0,0,17000,-17000,-17000
059907,道瓊指元大99購03,0,0,0,0,0,0,0,0,0,-17000,0,0,0,0,17000,-17000,-17000
062637,智易國票9B購01  ,0,0,0,0,0,0,0,0,0,-17000,0,0,0,21000,38000,-17000,-17000
064064,義隆富邦03購01  ,0,0,0,0,0,0,0,0,0,-17000,0,0,0,15000,32000,-17000,-17000
064156,大立光統一01購06,0,0,0,0,0,0,0,0,0,-17000,0,0,0,100000,117000,-17000,-17000
06438P,玉晶光國票99售02,0,0,0,0,0,0,0,0,0,-17000,0,0,0,160000,177000,-17000,-17000
063521,國巨凱基03購01  ,0,0,0,0,0,0,0,0,0,-17000,0,0,0,0,17000,-17000,-17000
063646,帆宣元大9B購02  ,0,0,0,0,0,0,0,0,0,-17000,0,0,0,33000,50000,-17000,-17000
064603,和碩元富9C購01  ,0,0,0,0,0,0,0,0,0,-17000,0,0,0,83000,100000,-17000,-17000
064708,帆宣永豐9C購01  ,0,0,0,0,0,0,0,0,0,-17000,0,0,0,89000,106000,-17000,-17000
065526,台表科群益9C購03,0,0,0,0,0,0,0,0,0,-17000,0,0,0,166000,183000,-17000,-17000
065537,健鼎統一02購05  ,0,0,0,0,0,0,0,0,0,-17000,0,0,0,0,17000,-17000,-17000
065118,國巨富邦01購02  ,0,0,0,0,0,0,0,0,0,-17000,0,0,0,46000,63000,-17000,-17000
065133,SP黃豆凱基02購01,0,0,0,0,0,0,0,0,0,-17000,0,0,0,17000,34000,-17000,-17000
065355,聯發科元富03購05,0,0,0,0,0,0,0,0,0,-17000,0,0,0,22000,39000,-17000,-17000
9943,好樂迪          ,85000,97000,-12000,0,0,0,0,0,0,-5000,0,5000,-5000,0,0,0,-17000
3055,蔚華科          ,3000,19000,-16000,0,0,0,0,0,0,-1000,0,1000,-1000,0,0,0,-17000
08752P,長榮航群益01售01,0,0,0,0,0,0,0,0,0,-17000,0,0,0,0,17000,-17000,-17000
08771P,滬深2X凱基01售02,0,0,0,0,0,0,0,0,0,-17000,0,0,0,0,17000,-17000,-17000
1507,永大            ,5000,20000,-15000,0,0,0,0,0,0,-2000,0,2000,-2000,0,0,0,-17000
07890P,南電國票9B售01  ,0,0,0,0,0,0,0,0,0,-18000,0,0,0,192000,210000,-18000,-18000
07967P,力山元大9B售03  ,0,0,0,0,0,0,0,0,0,-18000,0,0,0,200000,218000,-18000,-18000
07235P,T50正2元大9C售02,0,0,0,0,0,0,0,0,0,-18000,0,0,0,17000,35000,-18000,-18000
07342P,大立光凱基99售14,0,0,0,0,0,0,0,0,0,-18000,0,0,0,52000,70000,-18000,-18000
066669,華擎凱基02購02  ,0,0,0,0,0,0,0,0,0,-18000,0,0,0,8000,26000,-18000,-18000
066647,聯發科麥證01購04,0,0,0,2000,20000,-18000,0,0,0,-18000,0,0,0,2000,20000,-18000,-18000
065802,義隆群益9C購05  ,0,0,0,0,0,0,0,0,0,-18000,0,0,0,22000,40000,-18000,-18000
065809,同欣電群益9C購03,0,0,0,0,0,0,0,0,0,-18000,0,0,0,20000,38000,-18000,-18000
054640,健策中信9B購01  ,0,0,0,0,0,0,0,0,0,-18000,0,0,0,135000,153000,-18000,-18000
054059,欣興國票97購03  ,0,0,0,0,0,0,0,0,0,-18000,0,0,0,0,18000,-18000,-18000
053811,國巨群益98購02  ,0,0,0,0,0,0,0,0,0,-18000,0,0,0,2000,20000,-18000,-18000
058189,嘉澤永豐99購01  ,0,0,0,0,0,0,0,0,0,-18000,0,0,0,77000,95000,-18000,-18000
058209,臺股指凱基01購01,0,0,0,0,0,0,0,0,0,-18000,0,0,0,615000,633000,-18000,-18000
057649,嘉聯益元大99購04,0,0,0,0,0,0,0,0,0,-18000,0,0,0,34000,52000,-18000,-18000
056915,上銀兆豐99購01  ,0,0,0,0,0,0,0,0,0,-18000,0,0,0,2000,20000,-18000,-18000
056520,鴻海日盛99購01  ,0,0,0,0,0,0,0,0,0,-18000,0,0,0,23000,41000,-18000,-18000
062194,遠東新中信9C購01,0,0,0,0,0,0,0,0,0,-18000,0,0,0,45000,63000,-18000,-18000
060122,亞德客永豐99購02,0,0,0,0,0,0,0,0,0,-18000,0,0,0,48000,66000,-18000,-18000
058806,道瓊銀統一9B購01,0,0,0,0,0,0,0,0,0,-18000,0,0,0,0,18000,-18000,-18000
060540,南亞凱基9A購01  ,0,0,0,0,0,0,0,0,0,-18000,0,0,0,10000,28000,-18000,-18000
061987,大立光元大9B購03,0,0,0,0,0,0,0,0,0,-18000,0,0,0,10000,28000,-18000,-18000
061977,國巨元大9B購02  ,0,0,0,0,0,0,0,0,0,-18000,0,0,0,1000,19000,-18000,-18000
065361,上銀元大9C購11  ,0,0,0,0,0,0,0,0,0,-18000,0,0,0,50000,68000,-18000,-18000
065612,聯茂元大9C購07  ,0,0,0,0,0,0,0,0,0,-18000,0,0,0,30000,48000,-18000,-18000
065665,鴻海凱基9C購04  ,0,0,0,0,0,0,0,0,0,-18000,0,0,0,62000,80000,-18000,-18000
063622,健策兆豐9B購01  ,0,0,0,0,0,0,0,0,0,-18000,0,0,0,0,18000,-18000,-18000
063547,大立光兆豐9B購04,0,0,0,0,0,0,0,0,0,-18000,0,0,0,49000,67000,-18000,-18000
063421,可成凱基9C購02  ,0,0,0,0,0,0,0,0,0,-18000,0,0,0,10000,28000,-18000,-18000
063273,緯穎兆豐9C購01  ,0,0,0,0,0,0,0,0,0,-18000,0,0,0,2000,20000,-18000,-18000
064440,大立光凱基03購03,0,0,0,0,0,0,0,0,0,-18000,0,0,0,0,18000,-18000,-18000
1524,耿鼎            ,44000,61000,-17000,0,0,0,0,0,0,-1000,0,1000,-1000,0,0,0,-18000
1516,川飛            ,0,18000,-18000,0,0,0,0,0,0,0,3000,3000,0,0,0,0,-18000
3266,昇陽            ,0,17000,-17000,0,0,0,0,0,0,-1000,0,1000,-1000,0,0,0,-18000
6152,百一            ,40000,58000,-18000,0,0,0,0,0,0,0,0,0,0,0,0,0,-18000
8072,陞泰            ,12000,33000,-21000,0,0,0,0,0,0,3000,3000,0,3000,0,0,0,-18000
065795,康友永豐9C購02  ,0,0,0,0,0,0,0,0,0,-19000,0,0,0,1000,20000,-19000,-19000
065953,宏達電統一03購01,0,0,0,0,0,0,0,0,0,-19000,0,0,0,0,19000,-19000,-19000
065871,南亞科群益9C購03,0,0,0,0,0,0,0,0,0,-19000,0,0,0,78000,97000,-19000,-19000
066845,亞光元大01購02  ,0,0,0,0,0,0,0,0,0,-19000,0,0,0,0,19000,-19000,-19000
07389P,臺股指群益9C售08,0,0,0,0,0,0,0,0,0,-19000,0,0,0,2000,21000,-19000,-19000
08447P,緯穎永豐9C售02  ,0,0,0,0,0,0,0,0,0,-19000,0,0,0,56000,75000,-19000,-19000
08426P,奇力新國票01售01,0,0,0,0,0,0,0,0,0,-19000,0,0,0,50000,69000,-19000,-19000
08078P,聯發科國票9B售04,0,0,0,0,0,0,0,0,0,-19000,0,0,0,0,19000,-19000,-19000
08178P,南亞科元大9B售01,0,0,0,0,0,0,0,0,0,-19000,0,0,0,0,19000,-19000,-19000
060698,旺宏國泰9C購01  ,0,0,0,0,0,0,0,0,0,-19000,0,0,0,1000,20000,-19000,-19000
058523,聯茂元大99購08  ,0,0,0,0,0,0,0,0,0,-19000,0,0,0,79000,98000,-19000,-19000
057706,臺股指群益98購06,0,0,0,0,0,0,0,0,0,-19000,0,0,0,0,19000,-19000,-19000
046061,中石化凱基98購01,0,0,0,0,0,0,0,0,0,-19000,0,0,0,121000,140000,-19000,-19000
053924,京鼎國票97購01  ,0,0,0,0,0,0,0,0,0,-19000,0,0,0,1000,20000,-19000,-19000
054642,訊芯中信9A購01  ,0,0,0,0,0,0,0,0,0,-19000,0,0,0,1000,20000,-19000,-19000
054466,欣興凱基97購03  ,0,0,0,0,0,0,0,0,0,-19000,0,0,0,1000,20000,-19000,-19000
056118,聯詠群益97購03  ,0,0,0,0,0,0,0,0,0,-19000,0,0,0,2000,21000,-19000,-19000
060104,新日興元大99購03,0,0,0,0,0,0,0,0,0,-19000,0,0,0,1000,20000,-19000,-19000
062350,台表科群益9B購01,0,0,0,0,0,0,0,0,0,-19000,0,0,0,89000,108000,-19000,-19000
062302,聯詠中信05購02  ,0,0,0,0,0,0,0,0,0,-19000,0,0,0,82000,101000,-19000,-19000
06241P,大立光元富9A售01,0,0,0,0,0,0,0,0,0,-19000,0,0,0,1000,20000,-19000,-19000
064384,聯電富邦01購01  ,0,0,0,0,0,0,0,0,0,-19000,0,0,0,199000,218000,-19000,-19000
064144,智邦統一01購02  ,0,0,0,0,0,0,0,0,0,-19000,0,0,0,191000,210000,-19000,-19000
063989,大立光永豐9C購01,0,0,0,0,0,0,0,0,0,-19000,0,0,0,22000,41000,-19000,-19000
063348,祥碩統一01購04  ,0,0,0,0,0,0,0,0,0,-19000,0,0,0,7000,26000,-19000,-19000
063047,大立光兆豐9B購03,0,0,0,0,0,0,0,0,0,-19000,0,0,0,0,19000,-19000,-19000
063525,廣達凱基9B購02  ,0,0,0,0,0,0,0,0,0,-19000,0,0,0,52000,71000,-19000,-19000
065248,聯發科麥證9C購03,0,0,0,3000,22000,-19000,0,0,0,-19000,0,0,0,3000,22000,-19000,-19000
064518,華新科群益02購01,0,0,0,0,0,0,0,0,0,-19000,0,0,0,1000,20000,-19000,-19000
1463,強盛            ,2000,14000,-12000,0,0,0,0,0,0,-7000,0,7000,-7000,0,0,0,-19000
1436,華友聯          ,0,19000,-19000,0,0,0,0,0,0,0,0,0,0,0,0,0,-19000
3011,今皓            ,1000,20000,-19000,0,0,0,0,0,0,0,0,0,0,0,0,0,-19000
3013,晟銘電          ,8000,86000,-78000,0,0,0,0,0,0,59000,59000,0,59000,0,0,0,-19000
2816,旺旺保          ,0,19000,-19000,0,0,0,0,0,0,0,0,0,0,0,0,0,-19000
08087P,聯發科凱基9B售12,0,0,0,0,0,0,0,0,0,-20000,0,0,0,0,20000,-20000,-20000
08063P,立積國票9B售03  ,0,0,0,0,0,0,0,0,0,-20000,0,0,0,10000,30000,-20000,-20000
08305P,茂林群益9C售01  ,0,0,0,0,0,0,0,0,0,-20000,0,0,0,0,20000,-20000,-20000
08307P,台積電凱基9C售03,0,0,0,0,0,0,0,0,0,-20000,0,0,0,15000,35000,-20000,-20000
08308P,聯發科凱基01售03,0,0,0,0,0,0,0,0,0,-20000,0,0,0,0,20000,-20000,-20000
08450P,台積電統一9C售14,0,0,0,0,0,0,0,0,0,-20000,0,0,0,0,20000,-20000,-20000
08550P,台灣50群益02售04,0,0,0,0,0,0,0,0,0,-20000,0,0,0,0,20000,-20000,-20000
08553P,嘉澤群益9C售01  ,0,0,0,0,0,0,0,0,0,-20000,0,0,0,0,20000,-20000,-20000
08592P,聯發科凱基01售06,0,0,0,0,0,0,0,0,0,-20000,0,0,0,20000,40000,-20000,-20000
08596P,聯發科國泰02售02,0,0,0,0,0,0,0,0,0,-20000,0,0,0,168000,188000,-20000,-20000
08624P,力成群益9C售01  ,0,0,0,0,0,0,0,0,0,-20000,0,0,0,0,20000,-20000,-20000
08618P,國巨群益9C售20  ,0,0,0,0,0,0,0,0,0,-20000,0,0,0,2000,22000,-20000,-20000
07402P,瑞昱凱基99售02  ,0,0,0,0,0,0,0,0,0,-20000,0,0,0,0,20000,-20000,-20000
07496P,鴻海元大9A售05  ,0,0,0,0,0,0,0,0,0,-20000,0,0,0,0,20000,-20000,-20000
07222P,台灣50元大01售04,0,0,0,0,0,0,0,0,0,-20000,0,0,0,0,20000,-20000,-20000
07226P,貿聯富邦9B售01  ,0,0,0,0,0,0,0,0,0,-20000,0,0,0,0,20000,-20000,-20000
06995P,臺股指凱基99售16,0,0,0,0,0,0,0,0,0,-20000,0,0,0,0,20000,-20000,-20000
06977P,臺股指元大9A售15,0,0,0,0,0,0,0,0,0,-20000,0,0,0,0,20000,-20000,-20000
06988P,鴻海元富99售09  ,0,0,0,0,0,0,0,0,0,-20000,0,0,0,10000,30000,-20000,-20000
07103P,南電元大99售04  ,0,0,0,0,0,0,0,0,0,-20000,0,0,0,319000,339000,-20000,-20000
07979P,大立光凱基9B售05,0,0,0,0,0,0,0,0,0,-20000,0,0,0,0,20000,-20000,-20000
07970P,臺股指元大9B售28,0,0,0,0,0,0,0,0,0,-20000,0,0,0,0,20000,-20000,-20000
08008P,華新科統一9B售05,0,0,0,0,0,0,0,0,0,-20000,0,0,0,0,20000,-20000,-20000
08016P,臺股指凱基02售02,0,0,0,0,0,0,0,0,0,-20000,0,0,0,0,20000,-20000,-20000
07877P,晶技永豐9B售01  ,0,0,0,0,0,0,0,0,0,-20000,0,0,0,0,20000,-20000,-20000
07643P,禾伸堂凱基9A售02,0,0,0,0,0,0,0,0,0,-20000,0,0,0,0,20000,-20000,-20000
07564P,臺股指中信01售01,0,0,0,0,0,0,0,0,0,-20000,0,0,0,0,20000,-20000,-20000
07539P,玉山金台新9A售01,0,0,0,0,0,0,0,0,0,-20000,0,0,0,0,20000,-20000,-20000
066809,新唐凱基01購01  ,0,0,0,0,0,0,0,0,0,-20000,0,0,0,0,20000,-20000,-20000
066795,台積電凱基02購07,0,0,0,0,0,0,0,0,0,-20000,0,0,0,0,20000,-20000,-20000
06831P,臺股指國票98售07,0,0,0,0,0,0,0,0,0,-20000,0,0,0,0,20000,-20000,-20000
06844P,智邦元大98售13  ,0,0,0,0,0,0,0,0,0,-20000,0,0,0,0,20000,-20000,-20000
066667,群創凱基03購03  ,0,0,0,0,0,0,0,0,0,-20000,0,0,0,0,20000,-20000,-20000
066659,燿華凱基03購01  ,0,0,0,0,0,0,0,0,0,-20000,0,0,0,0,20000,-20000,-20000
066777,群創富邦01購01  ,0,0,0,0,0,0,0,0,0,-20000,0,0,0,0,20000,-20000,-20000
06637P,大立光凱基98售15,0,0,0,0,0,0,0,0,0,-20000,0,0,0,400000,420000,-20000,-20000
065921,GIS凱基01購02   ,0,0,0,0,0,0,0,0,0,-20000,0,0,0,0,20000,-20000,-20000
065804,大立光群益01購04,0,0,0,0,0,0,0,0,0,-20000,0,0,0,0,20000,-20000,-20000
065691,國巨群益9C購16  ,0,0,0,0,0,0,0,0,0,-20000,0,0,0,1000,21000,-20000,-20000
065982,T50反1國泰02購01,0,0,0,0,0,0,0,0,0,-20000,0,0,0,10000,30000,-20000,-20000
066161,力山凱基01購01  ,0,0,0,0,0,0,0,0,0,-20000,0,0,0,0,20000,-20000,-20000
056133,可成元大97購05  ,0,0,0,0,0,0,0,0,0,-20000,0,0,0,0,20000,-20000,-20000
057388,奇鋐永豐98購02  ,0,0,0,0,0,0,0,0,0,-20000,0,0,0,22000,42000,-20000,-20000
057481,技嘉元大98購04  ,0,0,0,0,0,0,0,0,0,-20000,0,0,0,0,20000,-20000,-20000
057444,台泥元富98購01  ,0,0,0,0,0,0,0,0,0,-20000,0,0,0,50000,70000,-20000,-20000
058373,晶技凱基99購02  ,0,0,0,0,0,0,0,0,0,-20000,0,0,0,0,20000,-20000,-20000
054744,晶相光凱基99購01,0,0,0,0,0,0,0,0,0,-20000,0,0,0,0,20000,-20000,-20000
054634,FB上証中信99購01,0,0,0,0,0,0,0,0,0,-20000,0,0,0,0,20000,-20000,-20000
055244,國巨統一98購01  ,0,0,0,0,0,0,0,0,0,-20000,0,0,0,130000,150000,-20000,-20000
055094,智易群益98購01  ,0,0,0,0,0,0,0,0,0,-20000,0,0,0,0,20000,-20000,-20000
055957,瑞昱元大97購06  ,0,0,0,0,0,0,0,0,0,-20000,0,0,0,0,20000,-20000,-20000
055842,建準元大98購01  ,0,0,0,0,0,0,0,0,0,-20000,0,0,0,0,20000,-20000,-20000
055698,茂林國票98購03  ,0,0,0,0,0,0,0,0,0,-20000,0,0,0,0,20000,-20000,-20000
045836,群創群益98購01  ,0,0,0,0,0,0,0,0,0,-20000,0,0,0,0,20000,-20000,-20000
04006P,滬深2X國票9B售01,0,0,0,0,0,0,0,0,0,-20000,0,0,0,0,20000,-20000,-20000
053868,群創元大99購02  ,0,0,0,0,0,0,0,0,0,-20000,0,0,0,0,20000,-20000,-20000
053609,華新中信9A購01  ,0,0,0,0,0,0,0,0,0,-20000,0,0,0,0,20000,-20000,-20000
053394,鴻海中信9A購01  ,0,0,0,0,0,0,0,0,0,-20000,0,0,0,0,20000,-20000,-20000
053291,旺宏中信9A購01  ,0,0,0,0,0,0,0,0,0,-20000,0,0,0,0,20000,-20000,-20000
056387,智伸科國泰99購01,0,0,0,0,0,0,0,0,0,-20000,0,0,0,10000,30000,-20000,-20000
056346,聯茂凱基99購02  ,0,0,0,0,0,0,0,0,0,-20000,0,0,0,0,20000,-20000,-20000
054368,鴻海中信9A購02  ,0,0,0,0,0,0,0,0,0,-20000,0,0,0,0,20000,-20000,-20000
054214,京鼎國票97購02  ,0,0,0,0,0,0,0,0,0,-20000,0,0,0,20000,40000,-20000,-20000
054269,台光電亞東98購01,0,0,0,0,0,0,0,0,0,-20000,0,0,0,0,20000,-20000,-20000
056409,麗豐國票99購01  ,0,0,0,0,0,0,0,0,0,-20000,0,0,0,0,20000,-20000,-20000
058161,T50反1日盛03購01,0,0,0,0,0,0,0,0,0,-20000,0,0,0,0,20000,-20000,-20000
058080,台積電群益98購06,0,0,0,0,0,0,0,0,0,-20000,0,0,0,0,20000,-20000,-20000
058646,聯茂富邦9A購01  ,0,0,0,0,0,0,0,0,0,-20000,0,0,0,0,20000,-20000,-20000
058640,台灣50麥證9A購01,0,0,0,3000,23000,-20000,0,0,0,-20000,0,0,0,3000,23000,-20000,-20000
058642,旺宏麥證9A購01  ,0,0,0,0,20000,-20000,0,0,0,-20000,0,0,0,0,20000,-20000,-20000
057611,技嘉元富98購02  ,0,0,0,0,0,0,0,0,0,-20000,0,0,0,5000,25000,-20000,-20000
057971,華新科富邦9B購02,0,0,0,0,0,0,0,0,0,-20000,0,0,0,0,20000,-20000,-20000
057368,微星元大98購02  ,0,0,0,0,0,0,0,0,0,-20000,0,0,0,22000,42000,-20000,-20000
058045,鴻海元大99購08  ,0,0,0,0,0,0,0,0,0,-20000,0,0,0,0,20000,-20000,-20000
057331,台積電國票99購04,0,0,0,0,0,0,0,0,0,-20000,0,0,0,1000,21000,-20000,-20000
060716,新唐永豐9A購01  ,0,0,0,0,0,0,0,0,0,-20000,0,0,0,52000,72000,-20000,-20000
060857,旭富富邦9B購01  ,0,0,0,0,0,0,0,0,0,-20000,0,0,0,60000,80000,-20000,-20000
061182,南六凱基9A購01  ,0,0,0,0,0,0,0,0,0,-20000,0,0,0,0,20000,-20000,-20000
060656,國巨統一9C購03  ,0,0,0,0,0,0,0,0,0,-20000,0,0,0,0,20000,-20000,-20000
061224,道瓊反中信01購01,0,0,0,0,0,0,0,0,0,-20000,0,0,0,30000,50000,-20000,-20000
057189,康控元大98購02  ,0,0,0,0,0,0,0,0,0,-20000,0,0,0,85000,105000,-20000,-20000
056544,貿聯凱基98購03  ,0,0,0,0,0,0,0,0,0,-20000,0,0,0,0,20000,-20000,-20000
056559,華通群益98購02  ,0,0,0,0,0,0,0,0,0,-20000,0,0,0,0,20000,-20000,-20000
057807,友訊元大98購02  ,0,0,0,0,0,0,0,0,0,-20000,0,0,0,10000,30000,-20000,-20000
056700,華新科國泰99購03,0,0,0,0,0,0,0,0,0,-20000,0,0,0,0,20000,-20000,-20000
056702,欣興國泰9A購01  ,0,0,0,0,0,0,0,0,0,-20000,0,0,0,2000,22000,-20000,-20000
056924,亞光兆豐98購01  ,0,0,0,0,0,0,0,0,0,-20000,0,0,0,0,20000,-20000,-20000
056988,聚陽兆豐98購01  ,0,0,0,0,0,0,0,0,0,-20000,0,0,0,0,20000,-20000,-20000
056976,喬山群益98購01  ,0,0,0,0,0,0,0,0,0,-20000,0,0,0,0,20000,-20000,-20000
057117,開發金日盛9B購01,0,0,0,0,0,0,0,0,0,-20000,0,0,0,0,20000,-20000,-20000
057109,信邦群益98購01  ,0,0,0,0,0,0,0,0,0,-20000,0,0,0,0,20000,-20000,-20000
057180,華新科元大99購08,0,0,0,0,0,0,0,0,0,-20000,0,0,0,0,20000,-20000,-20000
06238P,台積電元大98售07,0,0,0,0,0,0,0,0,0,-20000,0,0,0,0,20000,-20000,-20000
062480,茂林國票9B購01  ,0,0,0,0,0,0,0,0,0,-20000,0,0,0,38000,58000,-20000,-20000
062343,中石化群益9B購01,0,0,0,0,0,0,0,0,0,-20000,0,0,0,0,20000,-20000,-20000
062622,南電元大9B購03  ,0,0,0,0,0,0,0,0,0,-20000,0,0,0,0,20000,-20000,-20000
062579,華通統一01購02  ,0,0,0,0,0,0,0,0,0,-20000,0,0,0,0,20000,-20000,-20000
062958,長榮航麥證9B購01,0,0,0,0,20000,-20000,0,0,0,-20000,0,0,0,0,20000,-20000,-20000
063000,緯穎國票9B購03  ,0,0,0,0,0,0,0,0,0,-20000,0,0,0,0,20000,-20000,-20000
063020,奇力新元大9B購04,0,0,0,0,0,0,0,0,0,-20000,0,0,0,0,20000,-20000,-20000
062774,儒鴻元大9C購01  ,0,0,0,0,0,0,0,0,0,-20000,0,0,0,4000,24000,-20000,-20000
059975,元金2X元大99購02,0,0,0,0,0,0,0,0,0,-20000,0,0,0,0,20000,-20000,-20000
060027,元金2X永豐99購02,0,0,0,0,0,0,0,0,0,-20000,0,0,0,0,20000,-20000,-20000
059727,大立光元大9A購01,0,0,0,0,0,0,0,0,0,-20000,0,0,0,0,20000,-20000,-20000
058751,南茂凱基9A購01  ,0,0,0,0,0,0,0,0,0,-20000,0,0,0,30000,50000,-20000,-20000
062178,上銀元大9B購03  ,0,0,0,0,0,0,0,0,0,-20000,0,0,0,0,20000,-20000,-20000
062173,世紀鋼永豐9B購01,0,0,0,0,0,0,0,0,0,-20000,0,0,0,0,20000,-20000,-20000
059890,大立光國票99購03,0,0,0,0,0,0,0,0,0,-20000,0,0,0,15000,35000,-20000,-20000
060278,道瓊反元大9A購03,0,0,0,0,0,0,0,0,0,-20000,0,0,0,0,20000,-20000,-20000
060313,淘帝永豐9A購01  ,0,0,0,0,0,0,0,0,0,-20000,0,0,0,100000,120000,-20000,-20000
060215,柏文康和9A購01  ,0,0,0,0,0,0,0,0,0,-20000,0,0,0,0,20000,-20000,-20000
060531,大立光中信9A購04,0,0,0,0,0,0,0,0,0,-20000,0,0,0,0,20000,-20000,-20000
061428,南六元大9A購01  ,0,0,0,0,0,0,0,0,0,-20000,0,0,0,55000,75000,-20000,-20000
060466,玉山金元大9A購01,0,0,0,0,0,0,0,0,0,-20000,0,0,0,20000,40000,-20000,-20000
059476,道瓊指群益9C購01,0,0,0,0,0,0,0,0,0,-20000,0,0,0,0,20000,-20000,-20000
060975,滬深2X元大01購02,0,0,0,0,0,0,0,0,0,-20000,0,0,0,0,20000,-20000,-20000
060999,國巨兆豐9A購01  ,0,0,0,0,0,0,0,0,0,-20000,0,0,0,0,20000,-20000,-20000
061110,超眾元大9A購03  ,0,0,0,0,0,0,0,0,0,-20000,0,0,0,1000,21000,-20000,-20000
059360,全新永豐99購02  ,0,0,0,0,0,0,0,0,0,-20000,0,0,0,2000,22000,-20000,-20000
060602,京元電凱基9A購01,0,0,0,0,0,0,0,0,0,-20000,0,0,0,0,20000,-20000,-20000
060408,和潤國泰9C購01  ,0,0,0,0,0,0,0,0,0,-20000,0,0,0,0,20000,-20000,-20000
058930,華新科統一9B購01,0,0,0,0,0,0,0,0,0,-20000,0,0,0,0,20000,-20000,-20000
058937,仁寶中信99購01  ,0,0,0,0,0,0,0,0,0,-20000,0,0,0,10000,30000,-20000,-20000
058835,元油2X中信9C購02,0,0,0,0,0,0,0,0,0,-20000,0,0,0,0,20000,-20000,-20000
061541,旺宏群益9A購03  ,0,0,0,0,0,0,0,0,0,-20000,0,0,0,0,20000,-20000,-20000
061522,元黃金凱基01購01,0,0,0,0,0,0,0,0,0,-20000,0,0,0,0,20000,-20000,-20000
061405,亞德客國票9B購01,0,0,0,0,0,0,0,0,0,-20000,0,0,0,0,20000,-20000,-20000
061501,嘉澤國票9A購01  ,0,0,0,0,0,0,0,0,0,-20000,0,0,0,27000,47000,-20000,-20000
061586,智邦富邦9A購02  ,0,0,0,0,0,0,0,0,0,-20000,0,0,0,0,20000,-20000,-20000
061601,台積電凱基9A購26,0,0,0,0,0,0,0,0,0,-20000,0,0,0,0,20000,-20000,-20000
064455,美食統一01購03  ,0,0,0,0,0,0,0,0,0,-20000,0,0,0,0,20000,-20000,-20000
064471,國巨麥證9C購02  ,0,0,0,0,20000,-20000,0,0,0,-20000,0,0,0,0,20000,-20000,-20000
064577,大立光國泰02購01,0,0,0,0,0,0,0,0,0,-20000,0,0,0,330000,350000,-20000,-20000
06461P,玉晶光國泰9A售01,0,0,0,0,0,0,0,0,0,-20000,0,0,0,50000,70000,-20000,-20000
064962,台灣50元大9C購45,0,0,0,0,0,0,0,0,0,-20000,0,0,0,0,20000,-20000,-20000
064994,南電兆豐01購01  ,0,0,0,0,0,0,0,0,0,-20000,0,0,0,0,20000,-20000,-20000
065257,友訊元大01購01  ,0,0,0,0,0,0,0,0,0,-20000,0,0,0,0,20000,-20000,-20000
065328,緯穎凱基9C購03  ,0,0,0,0,0,0,0,0,0,-20000,0,0,0,0,20000,-20000,-20000
065330,億豐凱基9C購03  ,0,0,0,0,0,0,0,0,0,-20000,0,0,0,30000,50000,-20000,-20000
065375,神基元大03購01  ,0,0,0,0,0,0,0,0,0,-20000,0,0,0,0,20000,-20000,-20000
065155,聯發科群益9C購11,0,0,0,0,0,0,0,0,0,-20000,0,0,0,0,20000,-20000,-20000
065195,國巨元富06購01  ,0,0,0,0,0,0,0,0,0,-20000,0,0,0,0,20000,-20000,-20000
06518P,奇力新兆豐99售01,0,0,0,0,0,0,0,0,0,-20000,0,0,0,0,20000,-20000,-20000
065675,茂林凱基03購01  ,0,0,0,0,0,0,0,0,0,-20000,0,0,0,0,20000,-20000,-20000
065639,臺指反元大03購04,0,0,0,0,0,0,0,0,0,-20000,0,0,0,0,20000,-20000,-20000
065492,台灣50富邦03購02,0,0,0,0,0,0,0,0,0,-20000,0,0,0,4000,24000,-20000,-20000
065468,FBVIX元大9C購04 ,0,0,0,0,0,0,0,0,0,-20000,0,0,0,0,20000,-20000,-20000
063555,SP黃豆元大9B購01,0,0,0,0,0,0,0,0,0,-20000,0,0,0,0,20000,-20000,-20000
063543,技嘉台新9B購02  ,0,0,0,0,0,0,0,0,0,-20000,0,0,0,1000,21000,-20000,-20000
063436,儒鴻統一01購03  ,0,0,0,0,0,0,0,0,0,-20000,0,0,0,0,20000,-20000,-20000
063037,聯發科凱基9C購02,0,0,0,0,0,0,0,0,0,-20000,0,0,0,0,20000,-20000,-20000
063217,元金2X群益9B購03,0,0,0,0,0,0,0,0,0,-20000,0,0,0,0,20000,-20000,-20000
063225,茂林群益9B購04  ,0,0,0,0,0,0,0,0,0,-20000,0,0,0,0,20000,-20000,-20000
063349,台郡統一9C購01  ,0,0,0,0,0,0,0,0,0,-20000,0,0,0,0,20000,-20000,-20000
063360,茂林國泰9C購02  ,0,0,0,0,0,0,0,0,0,-20000,0,0,0,127000,147000,-20000,-20000
063361,台表科國泰01購02,0,0,0,0,0,0,0,0,0,-20000,0,0,0,20000,40000,-20000,-20000
063392,聯電群益9B購02  ,0,0,0,0,0,0,0,0,0,-20000,0,0,0,10000,30000,-20000,-20000
063295,京元電麥證9B購01,0,0,0,0,20000,-20000,0,0,0,-20000,0,0,0,0,20000,-20000,-20000
063994,台光電群益9C購01,0,0,0,0,0,0,0,0,0,-20000,0,0,0,10000,30000,-20000,-20000
063841,國巨元大01購01  ,0,0,0,0,0,0,0,0,0,-20000,0,0,0,1000,21000,-20000,-20000
063820,華邦電麥證01購01,0,0,0,0,20000,-20000,0,0,0,-20000,0,0,0,0,20000,-20000,-20000
064232,鴻海統一01購04  ,0,0,0,0,0,0,0,0,0,-20000,0,0,0,5000,25000,-20000,-20000
2528,皇普            ,1000,21000,-20000,0,0,0,0,0,0,0,0,0,0,0,0,0,-20000
08767P,台灣50凱基01售17,0,0,0,0,0,0,0,0,0,-20000,0,0,0,0,20000,-20000,-20000
08778P,台積電群益01售09,0,0,0,0,0,0,0,0,0,-20000,0,0,0,0,20000,-20000,-20000
6133,金橋            ,3000,18000,-15000,0,0,0,0,0,0,-5000,0,5000,-5000,0,0,0,-20000
4766,南寶            ,93000,55000,38000,0,0,0,0,58000,-58000,0,0,0,0,0,0,0,-20000
4438,廣越            ,19000,38000,-19000,0,0,0,0,0,0,-1000,0,1000,-1000,0,0,0,-20000
066339,總太永豐01購01  ,0,0,0,0,0,0,0,0,0,-21000,0,0,0,16000,37000,-21000,-21000
06798P,臺股指凱基98售08,0,0,0,0,0,0,0,0,0,-21000,0,0,0,12000,33000,-21000,-21000
07782P,寶成凱基9A售02  ,0,0,0,0,0,0,0,0,0,-21000,0,0,0,0,21000,-21000,-21000
08706P,台積電統一02售04,0,0,0,0,0,0,0,0,0,-21000,0,0,0,0,21000,-21000,-21000
08098P,大立光凱基9B售09,0,0,0,0,0,0,0,0,0,-21000,0,0,0,2000,23000,-21000,-21000
08122P,晶技國票9C售01  ,0,0,0,0,0,0,0,0,0,-21000,0,0,0,0,21000,-21000,-21000
057133,京鼎凱基98購02  ,0,0,0,0,0,0,0,0,0,-21000,0,0,0,79000,100000,-21000,-21000
057818,泰碩元大9A購01  ,0,0,0,0,0,0,0,0,0,-21000,0,0,0,35000,56000,-21000,-21000
060718,中磊永豐9A購01  ,0,0,0,0,0,0,0,0,0,-21000,0,0,0,42000,63000,-21000,-21000
056783,國巨群益99購01  ,0,0,0,0,0,0,0,0,0,-21000,0,0,0,12000,33000,-21000,-21000
058278,FBVIX中信03購02 ,0,0,0,0,0,0,0,0,0,-21000,0,0,0,0,21000,-21000,-21000
00690,兆豐藍籌30      ,0,0,0,0,0,0,0,0,0,-21000,0,0,0,341000,362000,-21000,-21000
056411,緯穎國票99購01  ,0,0,0,0,0,0,0,0,0,-21000,0,0,0,60000,81000,-21000,-21000
058468,聯茂中信99購02  ,0,0,0,0,0,0,0,0,0,-21000,0,0,0,0,21000,-21000,-21000
061581,貿聯元大9A購05  ,0,0,0,0,0,0,0,0,0,-21000,0,0,0,75000,96000,-21000,-21000
061293,聯茂統一9A購01  ,0,0,0,0,0,0,0,0,0,-21000,0,0,0,0,21000,-21000,-21000
060911,大毅元大9A購01  ,0,0,0,0,0,0,0,0,0,-21000,0,0,0,52000,73000,-21000,-21000
062167,燿華永豐9B購01  ,0,0,0,0,0,0,0,0,0,-21000,0,0,0,60000,81000,-21000,-21000
062871,大成鋼兆豐9B購01,0,0,0,0,0,0,0,0,0,-21000,0,0,0,24000,45000,-21000,-21000
062694,遠東新元大9B購01,0,0,0,0,0,0,0,0,0,-21000,0,0,0,0,21000,-21000,-21000
063357,聯發科國泰01購04,0,0,0,0,0,0,0,0,0,-21000,0,0,0,11000,32000,-21000,-21000
063467,大立光元大9C購06,0,0,0,0,0,0,0,0,0,-21000,0,0,0,176000,197000,-21000,-21000
063727,鴻海元大9C購05  ,0,0,0,0,0,0,0,0,0,-21000,0,0,0,15000,36000,-21000,-21000
065680,聯發科統一9C購16,0,0,0,0,0,0,0,0,0,-21000,0,0,0,245000,266000,-21000,-21000
065219,緯穎國泰01購01  ,0,0,0,0,0,0,0,0,0,-21000,0,0,0,24000,45000,-21000,-21000
065112,台表科國票02購01,0,0,0,0,0,0,0,0,0,-21000,0,0,0,46000,67000,-21000,-21000
064989,鈺齊元大01購01  ,0,0,0,0,0,0,0,0,0,-21000,0,0,0,64000,85000,-21000,-21000
064581,葡萄王永豐9C購01,0,0,0,0,0,0,0,0,0,-21000,0,0,0,0,21000,-21000,-21000
6477,安集            ,312000,357000,-45000,0,0,0,0,0,0,24000,30000,6000,24000,0,0,0,-21000
8070,長華*           ,2000,22000,-20000,0,0,0,0,0,0,-1000,0,1000,-1000,0,0,0,-21000
9908,大台北          ,3000,21000,-18000,0,0,0,0,0,0,-3000,0,3000,-3000,0,0,0,-21000
2227,裕日車          ,2000,23000,-21000,0,0,0,0,0,0,0,1000,1000,0,0,0,0,-21000
08119P,南亞科統一9C售03,0,0,0,0,0,0,0,0,0,-22000,0,0,0,0,22000,-22000,-22000
08619P,國巨群益9C售21  ,0,0,0,0,0,0,0,0,0,-22000,0,0,0,3000,25000,-22000,-22000
08622P,緯創群益9C售03  ,0,0,0,0,0,0,0,0,0,-22000,0,0,0,0,22000,-22000,-22000
08651P,台灣50群益02售05,0,0,0,0,0,0,0,0,0,-22000,0,0,0,86000,108000,-22000,-22000
06950P,鴻海統一9B售02  ,0,0,0,0,0,0,0,0,0,-22000,0,0,0,0,22000,-22000,-22000
066379,台達電康和01購01,0,0,0,0,0,0,0,0,0,-22000,0,0,0,110000,132000,-22000,-22000
066444,華擎群益01購03  ,0,0,0,0,0,0,0,0,0,-22000,0,0,0,0,22000,-22000,-22000
056041,禾伸堂凱基98購03,0,0,0,0,0,0,0,0,0,-22000,0,0,0,0,22000,-22000,-22000
058318,致茂永豐9A購01  ,0,0,0,0,0,0,0,0,0,-22000,0,0,0,108000,130000,-22000,-22000
058218,緯穎群益99購01  ,0,0,0,0,0,0,0,0,0,-22000,0,0,0,7000,29000,-22000,-22000
058079,鴻海群益98購08  ,0,0,0,0,0,0,0,0,0,-22000,0,0,0,7000,29000,-22000,-22000
060871,台灣50中信01購03,0,0,0,0,0,0,0,0,0,-22000,0,0,0,0,22000,-22000,-22000
062168,大毅永豐9B購01  ,0,0,0,0,0,0,0,0,0,-22000,0,0,0,0,22000,-22000,-22000
059882,臺股指凱基9C購06,0,0,0,0,0,0,0,0,0,-22000,0,0,0,6000,28000,-22000,-22000
059143,國巨國票9A購04  ,0,0,0,0,0,0,0,0,0,-22000,0,0,0,27000,49000,-22000,-22000
059760,楠梓電永豐99購01,0,0,0,0,0,0,0,0,0,-22000,0,0,0,58000,80000,-22000,-22000
060963,禾伸堂凱基9A購01,0,0,0,0,0,0,0,0,0,-22000,0,0,0,61000,83000,-22000,-22000
061100,SP黃豆元大9A購04,0,0,0,0,0,0,0,0,0,-22000,0,0,0,0,22000,-22000,-22000
062063,世紀鋼統一9C購01,0,0,0,0,0,0,0,0,0,-22000,0,0,0,290000,312000,-22000,-22000
061462,國巨群益9A購11  ,0,0,0,0,0,0,0,0,0,-22000,0,0,0,0,22000,-22000,-22000
064938,華新科元富9C購01,0,0,0,0,0,0,0,0,0,-22000,0,0,0,0,22000,-22000,-22000
064869,景碩永豐9C購01  ,0,0,0,0,0,0,0,0,0,-22000,0,0,0,2000,24000,-22000,-22000
065385,億豐元大03購01  ,0,0,0,0,0,0,0,0,0,-22000,0,0,0,97000,119000,-22000,-22000
063517,遠東新凱基01購01,0,0,0,0,0,0,0,0,0,-22000,0,0,0,20000,42000,-22000,-22000
063389,大立光兆豐9C購02,0,0,0,0,0,0,0,0,0,-22000,0,0,0,0,22000,-22000,-22000
064228,同欣電國票01購01,0,0,0,0,0,0,0,0,0,-22000,0,0,0,16000,38000,-22000,-22000
063821,南亞科麥證9C購01,0,0,0,20000,42000,-22000,0,0,0,-22000,0,0,0,20000,42000,-22000,-22000
063826,中興電國票01購01,0,0,0,0,0,0,0,0,0,-22000,0,0,0,0,22000,-22000,-22000
064013,創意國票01購01  ,0,0,0,0,0,0,0,0,0,-22000,0,0,0,26000,48000,-22000,-22000
064029,宏達電元大9C購01,0,0,0,0,0,0,0,0,0,-22000,0,0,0,17000,39000,-22000,-22000
1541,錩泰            ,16000,38000,-22000,0,0,0,0,0,0,0,0,0,0,0,0,0,-22000
1109,信大            ,4000,26000,-22000,0,0,0,0,0,0,0,0,0,0,0,0,0,-22000
066469,申豐統一02購02  ,0,0,0,0,0,0,0,0,0,-23000,0,0,0,385000,408000,-23000,-23000
066001,景碩國票02購01  ,0,0,0,0,0,0,0,0,0,-23000,0,0,0,52000,75000,-23000,-23000
07593P,臺股指凱基9A售08,0,0,0,0,0,0,0,0,0,-23000,0,0,0,5000,28000,-23000,-23000
07968P,國巨元大9B售09  ,0,0,0,0,0,0,0,0,0,-23000,0,0,0,0,23000,-23000,-23000
08674P,嘉晶元富07售02  ,0,0,0,0,0,0,0,0,0,-23000,0,0,0,0,23000,-23000,-23000
060882,大立光中信9A購05,0,0,0,0,0,0,0,0,0,-23000,0,0,0,0,23000,-23000,-23000
057236,聯詠凱基98購03  ,0,0,0,0,0,0,0,0,0,-23000,0,0,0,44000,67000,-23000,-23000
058437,可成統一9B購01  ,0,0,0,0,0,0,0,0,0,-23000,0,0,0,118000,141000,-23000,-23000
056516,晶豪科兆豐98購01,0,0,0,0,0,0,0,0,0,-23000,0,0,0,0,23000,-23000,-23000
061381,台灣50群益9B購07,0,0,0,0,0,0,0,0,0,-23000,0,0,0,6000,29000,-23000,-23000
059596,大立光元大99購20,0,0,0,0,0,0,0,0,0,-23000,0,0,0,0,23000,-23000,-23000
061690,旺宏群益9A購05  ,0,0,0,0,0,0,0,0,0,-23000,0,0,0,100000,123000,-23000,-23000
061702,奇鋐國票9A購02  ,0,0,0,0,0,0,0,0,0,-23000,0,0,0,15000,38000,-23000,-23000
060449,元金2X元大9A購02,0,0,0,0,0,0,0,0,0,-23000,0,0,0,0,23000,-23000,-23000
059261,華邦電中信01購01,0,0,0,0,0,0,0,0,0,-23000,0,0,0,16000,39000,-23000,-23000
059920,宏達電元大99購07,0,0,0,0,0,0,0,0,0,-23000,0,0,0,137000,160000,-23000,-23000
062748,祥碩永豐9B購02  ,0,0,0,0,0,0,0,0,0,-23000,0,0,0,118000,141000,-23000,-23000
064208,智邦凱基02購01  ,0,0,0,0,0,0,0,0,0,-23000,0,0,0,7000,30000,-23000,-23000
064276,聯發科元大9C購07,0,0,0,0,0,0,0,0,0,-23000,0,0,0,0,23000,-23000,-23000
063118,中鋼元大9C購01  ,0,0,0,0,0,0,0,0,0,-23000,0,0,0,7000,30000,-23000,-23000
063734,可成元大9B購04  ,0,0,0,0,0,0,0,0,0,-23000,0,0,0,21000,44000,-23000,-23000
065245,國泰金兆豐9C購01,0,0,0,0,0,0,0,0,0,-23000,0,0,0,70000,93000,-23000,-23000
065175,大立光元大01購05,0,0,0,0,0,0,0,0,0,-23000,0,0,0,70000,93000,-23000,-23000
065432,景碩凱基9C購03  ,0,0,0,0,0,0,0,0,0,-23000,0,0,0,28000,51000,-23000,-23000
2482,連宇            ,4000,25000,-21000,0,0,0,0,0,0,-2000,0,2000,-2000,0,0,0,-23000
6164,華興            ,0,20000,-20000,0,0,0,0,0,0,-3000,0,3000,-3000,0,0,0,-23000
4737,華廣            ,6000,29000,-23000,0,0,0,0,0,0,0,0,0,0,0,0,0,-23000
08066P,南亞科凱基9B售04,0,0,0,0,0,0,0,0,0,-24000,0,0,0,0,24000,-24000,-24000
07767P,華新科群益9A售07,0,0,0,0,0,0,0,0,0,-24000,0,0,0,35000,59000,-24000,-24000
066425,創意元大01購03  ,0,0,0,0,0,0,0,0,0,-24000,0,0,0,4000,28000,-24000,-24000
06853P,華擎元富98售03  ,0,0,0,0,0,0,0,0,0,-24000,0,0,0,0,24000,-24000,-24000
056604,鴻海富邦9A購01  ,0,0,0,0,0,0,0,0,0,-24000,0,0,0,14000,38000,-24000,-24000
058157,華通台新99購01  ,0,0,0,0,0,0,0,0,0,-24000,0,0,0,0,24000,-24000,-24000
058608,華新科元大99購13,0,0,0,0,0,0,0,0,0,-24000,0,0,0,40000,64000,-24000,-24000
062849,中興電永豐9B購02,0,0,0,0,0,0,0,0,0,-24000,0,0,0,39000,63000,-24000,-24000
062415,聯茂中信9C購01  ,0,0,0,0,0,0,0,0,0,-24000,0,0,0,0,24000,-24000,-24000
059695,聯鈞永豐99購02  ,0,0,0,0,0,0,0,0,0,-24000,0,0,0,25000,49000,-24000,-24000
05952P,台積電國票97售06,0,0,0,0,0,0,0,0,0,-24000,0,0,0,12000,36000,-24000,-24000
061517,瑞祺永豐9A購03  ,0,0,0,0,0,0,0,0,0,-24000,0,0,0,68000,92000,-24000,-24000
065538,健鼎統一9C購01  ,0,0,0,0,0,0,0,0,0,-24000,0,0,0,16000,40000,-24000,-24000
063083,聯發科凱基01購02,0,0,0,0,0,0,0,0,0,-24000,0,0,0,0,24000,-24000,-24000
3702A,大聯大甲特      ,0,4000,-4000,0,0,0,0,0,0,-20000,0,20000,-20000,0,0,0,-24000
2010,春源            ,5000,22000,-17000,0,0,0,0,0,0,-7000,0,7000,-7000,0,0,0,-24000
4994,傳奇            ,16600,38000,-21400,0,0,0,0,0,0,-3000,0,2000,-2000,0,1000,-1000,-24400
06834P,訊芯群益99售02  ,0,0,0,0,0,0,0,0,0,-25000,0,0,0,35000,60000,-25000,-25000
06610P,台積電凱基9A售03,0,0,0,0,0,0,0,0,0,-25000,0,0,0,20000,45000,-25000,-25000
066229,力山富邦04購01  ,0,0,0,0,0,0,0,0,0,-25000,0,0,0,0,25000,-25000,-25000
066273,晶技元大01購02  ,0,0,0,0,0,0,0,0,0,-25000,0,0,0,10000,35000,-25000,-25000
06591P,大立光元大98售14,0,0,0,0,0,0,0,0,0,-25000,0,0,0,0,25000,-25000,-25000
065940,立積群益02購01  ,0,0,0,0,0,0,0,0,0,-25000,0,0,0,80000,105000,-25000,-25000
065967,國巨元大01購07  ,0,0,0,0,0,0,0,0,0,-25000,0,0,0,0,25000,-25000,-25000
07253P,台灣50凱基9A售05,0,0,0,0,0,0,0,0,0,-25000,0,0,0,0,25000,-25000,-25000
07365P,超眾元大99售07  ,0,0,0,0,0,0,0,0,0,-25000,0,0,0,0,25000,-25000,-25000
07317P,T50正2凱基9B售02,0,0,0,0,0,0,0,0,0,-25000,0,0,0,0,25000,-25000,-25000
08700P,瑞昱康和01售01  ,0,0,0,0,0,0,0,0,0,-25000,0,0,0,0,25000,-25000,-25000
08729P,創意永豐01售01  ,0,0,0,0,0,0,0,0,0,-25000,0,0,0,80000,105000,-25000,-25000
08634P,大立光元大9C售26,0,0,0,0,0,0,0,0,0,-25000,0,0,0,0,25000,-25000,-25000
08442P,臺股指麥證01售01,0,0,0,5000,30000,-25000,0,0,0,-25000,0,0,0,5000,30000,-25000,-25000
08440P,玉晶光國票01售05,0,0,0,0,0,0,0,0,0,-25000,0,0,0,110000,135000,-25000,-25000
057787,TPK國票99購01   ,0,0,0,0,0,0,0,0,0,-25000,0,0,0,82000,107000,-25000,-25000
056980,建準群益98購02  ,0,0,0,0,0,0,0,0,0,-25000,0,0,0,0,25000,-25000,-25000
061066,嘉晶凱基9B購01  ,0,0,0,0,0,0,0,0,0,-25000,0,0,0,1000,26000,-25000,-25000
060817,華邦電台新9A購01,0,0,0,0,0,0,0,0,0,-25000,0,0,0,0,25000,-25000,-25000
054477,聯發科中信9C購02,0,0,0,0,0,0,0,0,0,-25000,0,0,0,7000,32000,-25000,-25000
055597,禾伸堂元大98購02,0,0,0,0,0,0,0,0,0,-25000,0,0,0,0,25000,-25000,-25000
055736,宏達電元富99購01,0,0,0,0,0,0,0,0,0,-25000,0,0,0,0,25000,-25000,-25000
058399,美律元大99購05  ,0,0,0,0,0,0,0,0,0,-25000,0,0,0,60000,85000,-25000,-25000
054976,上証2X元富9A購01,0,0,0,0,0,0,0,0,0,-25000,0,0,0,10000,35000,-25000,-25000
058712,鴻海統一9B購03  ,0,0,0,0,0,0,0,0,0,-25000,0,0,0,0,25000,-25000,-25000
058944,元石油群益9C購02,0,0,0,0,0,0,0,0,0,-25000,0,0,0,80000,105000,-25000,-25000
061288,大立光統一9C購01,0,0,0,0,0,0,0,0,0,-25000,0,0,0,20000,45000,-25000,-25000
061258,華通凱基9A購06  ,0,0,0,0,0,0,0,0,0,-25000,0,0,0,0,25000,-25000,-25000
062028,晶技群益9B購01  ,0,0,0,0,0,0,0,0,0,-25000,0,0,0,83000,108000,-25000,-25000
059278,群創元大9A購04  ,0,0,0,0,0,0,0,0,0,-25000,0,0,0,8000,33000,-25000,-25000
060362,建準元富9A購02  ,0,0,0,0,0,0,0,0,0,-25000,0,0,0,0,25000,-25000,-25000
059358,旺宏永豐99購02  ,0,0,0,0,0,0,0,0,0,-25000,0,0,0,20000,45000,-25000,-25000
060575,大立光中信9B購02,0,0,0,0,0,0,0,0,0,-25000,0,0,0,0,25000,-25000,-25000
059884,鴻海國票99購09  ,0,0,0,0,0,0,0,0,0,-25000,0,0,0,0,25000,-25000,-25000
060244,大立光元大9B購02,0,0,0,0,0,0,0,0,0,-25000,0,0,0,30000,55000,-25000,-25000
062730,致伸凱基9B購01  ,0,0,0,0,0,0,0,0,0,-25000,0,0,0,50000,75000,-25000,-25000
062923,緯穎元大9B購06  ,0,0,0,0,0,0,0,0,0,-25000,0,0,0,43000,68000,-25000,-25000
063691,聯鈞永豐9B購01  ,0,0,0,0,0,0,0,0,0,-25000,0,0,0,6000,31000,-25000,-25000
063533,緯穎凱基9B購06  ,0,0,0,0,0,0,0,0,0,-25000,0,0,0,0,25000,-25000,-25000
06429P,大立光元大97售15,0,0,0,0,0,0,0,0,0,-25000,0,0,0,0,25000,-25000,-25000
064258,臻鼎國泰01購02  ,0,0,0,0,0,0,0,0,0,-25000,0,0,0,0,25000,-25000,-25000
063944,建準元大9C購01  ,0,0,0,0,0,0,0,0,0,-25000,0,0,0,0,25000,-25000,-25000
06379P,群創統一97售05  ,0,0,0,0,0,0,0,0,0,-25000,0,0,0,0,25000,-25000,-25000
065565,神隆群益01購01  ,0,0,0,0,0,0,0,0,0,-25000,0,0,0,205000,230000,-25000,-25000
06549P,大立光元大98售11,0,0,0,0,0,0,0,0,0,-25000,0,0,0,0,25000,-25000,-25000
065517,緯創群益9C購02  ,0,0,0,0,0,0,0,0,0,-25000,0,0,0,73000,98000,-25000,-25000
065444,燿華統一02購02  ,0,0,0,0,0,0,0,0,0,-25000,0,0,0,0,25000,-25000,-25000
06547P,大立光元大98售09,0,0,0,0,0,0,0,0,0,-25000,0,0,0,0,25000,-25000,-25000
06548P,大立光元大98售10,0,0,0,0,0,0,0,0,0,-25000,0,0,0,0,25000,-25000,-25000
065674,華擎凱基9C購03  ,0,0,0,0,0,0,0,0,0,-25000,0,0,0,32000,57000,-25000,-25000
065185,和大統一02購05  ,0,0,0,0,0,0,0,0,0,-25000,0,0,0,10000,35000,-25000,-25000
06506P,台郡國票99售02  ,0,0,0,0,0,0,0,0,0,-25000,0,0,0,0,25000,-25000,-25000
065373,聯發科元大01購03,0,0,0,0,0,0,0,0,0,-25000,0,0,0,2000,27000,-25000,-25000
065039,國巨凱基02購02  ,0,0,0,0,0,0,0,0,0,-25000,0,0,0,10000,35000,-25000,-25000
064497,可成元大01購02  ,0,0,0,0,0,0,0,0,0,-25000,0,0,0,0,25000,-25000,-25000
3094,聯傑            ,177000,201000,-24000,0,0,0,0,0,0,-1000,0,1000,-1000,0,0,0,-25000
3015,全漢            ,29000,54000,-25000,0,0,0,0,0,0,0,0,0,0,0,0,0,-25000
08694P,大立光群益01售05,0,0,0,0,0,0,0,0,0,-26000,0,0,0,100000,126000,-26000,-26000
08699P,南電元大01售05  ,0,0,0,0,0,0,0,0,0,-26000,0,0,0,83000,109000,-26000,-26000
08018P,牧德國票9B售04  ,0,0,0,0,0,0,0,0,0,-26000,0,0,0,0,26000,-26000,-26000
065928,創意國票02購01  ,0,0,0,0,0,0,0,0,0,-26000,0,0,0,78000,104000,-26000,-26000
06613P,華新科富邦9A售03,0,0,0,0,0,0,0,0,0,-26000,0,0,0,0,26000,-26000,-26000
066009,創意統一02購02  ,0,0,0,0,0,0,0,0,0,-26000,0,0,0,529000,555000,-26000,-26000
06789P,鴻海凱基98售12  ,0,0,0,0,0,0,0,0,0,-26000,0,0,0,30000,56000,-26000,-26000
06765P,欣興元大98售11  ,0,0,0,0,0,0,0,0,0,-26000,0,0,0,140000,166000,-26000,-26000
066697,長興群益01購01  ,0,0,0,0,0,0,0,0,0,-26000,0,0,0,0,26000,-26000,-26000
054873,帆宣群益99購01  ,0,0,0,0,0,0,0,0,0,-26000,0,0,0,0,26000,-26000,-26000
057450,國泰金元富98購01,0,0,0,0,0,0,0,0,0,-26000,0,0,0,57000,83000,-26000,-26000
060899,超眾凱基9A購01  ,0,0,0,0,0,0,0,0,0,-26000,0,0,0,24000,50000,-26000,-26000
061074,儒鴻兆豐9B購01  ,0,0,0,0,0,0,0,0,0,-26000,0,0,0,10000,36000,-26000,-26000
061057,華新科國票9A購04,0,0,0,0,0,0,0,0,0,-26000,0,0,0,0,26000,-26000,-26000
062598,華通台新9B購02  ,0,0,0,0,0,0,0,0,0,-26000,0,0,0,8000,34000,-26000,-26000
062113,瑞祺國票9B購01  ,0,0,0,0,0,0,0,0,0,-26000,0,0,0,12000,38000,-26000,-26000
062136,南亞科群益9B購01,0,0,0,0,0,0,0,0,0,-26000,0,0,0,37000,63000,-26000,-26000
060064,華新科兆豐99購07,0,0,0,0,0,0,0,0,0,-26000,0,0,0,0,26000,-26000,-26000
060423,智易永豐9A購01  ,0,0,0,0,0,0,0,0,0,-26000,0,0,0,5000,31000,-26000,-26000
061415,健策群益9A購04  ,0,0,0,0,0,0,0,0,0,-26000,0,0,0,16000,42000,-26000,-26000
064500,國泰金元大9C購01,0,0,0,0,0,0,0,0,0,-26000,0,0,0,57000,83000,-26000,-26000
064695,京鼎群益02購02  ,0,0,0,0,0,0,0,0,0,-26000,0,0,0,113000,139000,-26000,-26000
064796,緯穎國票01購01  ,0,0,0,0,0,0,0,0,0,-26000,0,0,0,615000,641000,-26000,-26000
065089,大立光元大9C購23,0,0,0,0,0,0,0,0,0,-26000,0,0,0,80000,106000,-26000,-26000
064062,創意國泰01購01  ,0,0,0,0,0,0,0,0,0,-26000,0,0,0,26000,52000,-26000,-26000
2516,新建            ,14000,40000,-26000,0,0,0,0,0,0,0,0,0,0,0,0,0,-26000
3305,昇貿            ,1000,27000,-26000,0,0,0,0,0,0,0,0,0,0,0,0,0,-26000
8497,格威傳媒        ,1000,27000,-26000,0,0,0,0,0,0,0,0,0,0,0,0,0,-26000
066176,華擎凱基01購01  ,0,0,0,0,0,0,0,0,0,-27000,0,0,0,34000,61000,-27000,-27000
065893,華新科統一02購02,0,0,0,0,0,0,0,0,0,-27000,0,0,0,0,27000,-27000,-27000
065794,麗豐永豐9C購01  ,0,0,0,0,0,0,0,0,0,-27000,0,0,0,0,27000,-27000,-27000
08433P,臺股指凱基03售01,0,0,0,0,0,0,0,0,0,-27000,0,0,0,0,27000,-27000,-27000
07687P,上銀元大9A售06  ,0,0,0,0,0,0,0,0,0,-27000,0,0,0,100000,127000,-27000,-27000
056578,智易元大99購02  ,0,0,0,0,0,0,0,0,0,-27000,0,0,0,23000,50000,-27000,-27000
058568,宏達電凱基9A購02,0,0,0,0,0,0,0,0,0,-27000,0,0,0,0,27000,-27000,-27000
057392,福懋科永豐98購01,0,0,0,0,0,0,0,0,0,-27000,0,0,0,0,27000,-27000,-27000
056214,義隆國票99購01  ,0,0,0,0,0,0,0,0,0,-27000,0,0,0,23000,50000,-27000,-27000
061808,聯發科統一01購02,0,0,0,0,0,0,0,0,0,-27000,0,0,0,14000,41000,-27000,-27000
061663,南六永豐9A購05  ,0,0,0,0,0,0,0,0,0,-27000,0,0,0,0,27000,-27000,-27000
061878,茂林元大9B購01  ,0,0,0,0,0,0,0,0,0,-27000,0,0,0,0,27000,-27000,-27000
061724,訊芯永豐9A購01  ,0,0,0,0,0,0,0,0,0,-27000,0,0,0,101000,128000,-27000,-27000
063276,和大元大9B購01  ,0,0,0,0,0,0,0,0,0,-27000,0,0,0,0,27000,-27000,-27000
065288,華新科群益02購02,0,0,0,0,0,0,0,0,0,-27000,0,0,0,1000,28000,-27000,-27000
065011,智邦國泰02購01  ,0,0,0,0,0,0,0,0,0,-27000,0,0,0,23000,50000,-27000,-27000
5225,東科-KY         ,12000,38000,-26000,0,0,0,0,0,0,-1000,0,1000,-1000,0,0,0,-27000
07903P,台積電群益9B售03,0,0,0,0,0,0,0,0,0,-28000,0,0,0,33000,61000,-28000,-28000
065965,國巨元大01購05  ,0,0,0,0,0,0,0,0,0,-28000,0,0,0,0,28000,-28000,-28000
066112,智邦兆豐02購01  ,0,0,0,0,0,0,0,0,0,-28000,0,0,0,7000,35000,-28000,-28000
06735P,奇力新凱基98售07,0,0,0,0,0,0,0,0,0,-28000,0,0,0,17000,45000,-28000,-28000
057919,技嘉凱基98購03  ,0,0,0,0,0,0,0,0,0,-28000,0,0,0,20000,48000,-28000,-28000
060489,世紀鋼群益9A購01,0,0,0,0,0,0,0,0,0,-28000,0,0,0,0,28000,-28000,-28000
061275,臺股指凱基9A購25,0,0,0,0,0,0,0,0,0,-28000,0,0,0,6000,34000,-28000,-28000
061408,華新科國票9A購06,0,0,0,0,0,0,0,0,0,-28000,0,0,0,0,28000,-28000,-28000
058803,世紀鋼元大99購03,0,0,0,0,0,0,0,0,0,-28000,0,0,0,189000,217000,-28000,-28000
062111,台勝科國票9B購01,0,0,0,0,0,0,0,0,0,-28000,0,0,0,3000,31000,-28000,-28000
059878,聯茂凱基99購07  ,0,0,0,0,0,0,0,0,0,-28000,0,0,0,0,28000,-28000,-28000
062636,聯鈞國票9B購01  ,0,0,0,0,0,0,0,0,0,-28000,0,0,0,10000,38000,-28000,-28000
062557,台光電凱基9B購02,0,0,0,0,0,0,0,0,0,-28000,0,0,0,117000,145000,-28000,-28000
065073,亞德客元大01購02,0,0,0,0,0,0,0,0,0,-28000,0,0,0,27000,55000,-28000,-28000
064977,玉晶光元大01購03,0,0,0,0,0,0,0,0,0,-28000,0,0,0,126000,154000,-28000,-28000
065184,和大統一02購04  ,0,0,0,0,0,0,0,0,0,-28000,0,0,0,7000,35000,-28000,-28000
065582,景碩國泰01購01  ,0,0,0,0,0,0,0,0,0,-28000,0,0,0,104000,132000,-28000,-28000
065484,康友元大9C購01  ,0,0,0,0,0,0,0,0,0,-28000,0,0,0,41000,69000,-28000,-28000
063324,道瓊反國票9B購03,0,0,0,0,0,0,0,0,0,-28000,0,0,0,2000,30000,-28000,-28000
064266,聯茂永豐9C購01  ,0,0,0,0,0,0,0,0,0,-28000,0,0,0,1000,29000,-28000,-28000
6141,柏承            ,114000,141000,-27000,0,0,0,0,0,0,-1000,0,1000,-1000,0,0,0,-28000
6277,宏正            ,22000,48000,-26000,0,0,0,0,0,0,-2000,0,2000,-2000,0,0,0,-28000
6224,聚鼎            ,0,6000,-6000,0,0,0,0,0,0,-22000,0,22000,-22000,0,0,0,-28000
3058,立德            ,1000,22000,-21000,0,0,0,0,0,0,-7000,9000,16000,-7000,0,0,0,-28000
8473,山林水          ,3000,26000,-23000,0,0,0,0,0,0,-5000,0,5000,-5000,0,0,0,-28000
2483,百容            ,0,22000,-22000,0,0,0,0,0,0,-6000,0,6000,-6000,0,0,0,-28000
2433,互盛電          ,0,28000,-28000,0,0,0,0,0,0,0,0,0,0,0,0,0,-28000
2397,友通            ,11000,39000,-28000,0,0,0,0,0,0,0,0,0,0,0,0,0,-28000
1521,大億            ,0,28000,-28000,0,0,0,0,0,0,0,0,0,0,0,0,0,-28000
06826P,臺股指國票98售02,0,0,0,0,0,0,0,0,0,-29000,0,0,0,15000,44000,-29000,-29000
066749,瑞祺元大01購03  ,0,0,0,0,0,0,0,0,0,-29000,0,0,0,2000,31000,-29000,-29000
066045,聯發科元大01購08,0,0,0,0,0,0,0,0,0,-29000,0,0,0,10000,39000,-29000,-29000
07508P,華新科國票9A售03,0,0,0,0,0,0,0,0,0,-29000,0,0,0,0,29000,-29000,-29000
08132P,南六元大9B售05  ,0,0,0,0,0,0,0,0,0,-29000,0,0,0,193000,222000,-29000,-29000
056532,技嘉凱基98購01  ,0,0,0,0,0,0,0,0,0,-29000,0,0,0,0,29000,-29000,-29000
056651,聯茂凱基98購04  ,0,0,0,0,0,0,0,0,0,-29000,0,0,0,1000,30000,-29000,-29000
063014,技嘉元大9B購03  ,0,0,0,0,0,0,0,0,0,-29000,0,0,0,47000,76000,-29000,-29000
062116,元金2X第一9B購01,0,0,0,0,0,0,0,0,0,-29000,0,0,0,50000,79000,-29000,-29000
060203,緯穎元富9A購01  ,0,0,0,0,0,0,0,0,0,-29000,0,0,0,1000,30000,-29000,-29000
060040,康控國票99購04  ,0,0,0,0,0,0,0,0,0,-29000,0,0,0,105000,134000,-29000,-29000
059072,元油2X元大9C購13,0,0,0,0,0,0,0,0,0,-29000,0,0,0,10000,39000,-29000,-29000
060457,中橡元大9A購02  ,0,0,0,0,0,0,0,0,0,-29000,0,0,0,71000,100000,-29000,-29000
059262,致茂中信01購01  ,0,0,0,0,0,0,0,0,0,-29000,0,0,0,10000,39000,-29000,-29000
064158,健鼎統一02購01  ,0,0,0,0,0,0,0,0,0,-29000,0,0,0,1000,30000,-29000,-29000
063842,國巨元大9C購10  ,0,0,0,0,0,0,0,0,0,-29000,0,0,0,2000,31000,-29000,-29000
063911,大立光凱基9C購03,0,0,0,0,0,0,0,0,0,-29000,0,0,0,122000,151000,-29000,-29000
063240,聯發科元大9B購17,0,0,0,0,0,0,0,0,0,-29000,0,0,0,0,29000,-29000,-29000
063481,緯穎元大9B購08  ,0,0,0,0,0,0,0,0,0,-29000,0,0,0,50000,79000,-29000,-29000
065603,聯發科元大9C購16,0,0,0,0,0,0,0,0,0,-29000,0,0,0,0,29000,-29000,-29000
065232,健策凱基02購01  ,0,0,0,0,0,0,0,0,0,-29000,0,0,0,31000,60000,-29000,-29000
064935,寶成統一02購02  ,0,0,0,0,0,0,0,0,0,-29000,0,0,0,11000,40000,-29000,-29000
1537,廣隆            ,10000,39000,-29000,0,0,0,0,0,0,0,0,0,0,0,0,0,-29000
08372P,大立光凱基01售04,0,0,0,0,0,0,0,0,0,-30000,0,0,0,7000,37000,-30000,-30000
08646P,臺股指中信03售02,0,0,0,0,0,0,0,0,0,-30000,0,0,0,0,30000,-30000,-30000
08626P,臺股指群益9C售21,0,0,0,0,0,0,0,0,0,-30000,0,0,0,0,30000,-30000,-30000
08579P,臺股指元大9C售27,0,0,0,0,0,0,0,0,0,-30000,0,0,0,40000,70000,-30000,-30000
07343P,高鐵康和99售01  ,0,0,0,0,0,0,0,0,0,-30000,0,0,0,0,30000,-30000,-30000
07233P,台灣50元大99售04,0,0,0,0,0,0,0,0,0,-30000,0,0,0,0,30000,-30000,-30000
07298P,台灣50元大9C售12,0,0,0,0,0,0,0,0,0,-30000,0,0,0,0,30000,-30000,-30000
07009P,臺股指中信9B售01,0,0,0,0,0,0,0,0,0,-30000,0,0,0,10000,40000,-30000,-30000
07175P,聯詠凱基99售02  ,0,0,0,0,0,0,0,0,0,-30000,0,0,0,0,30000,-30000,-30000
07910P,台積電統一9C售07,0,0,0,0,0,0,0,0,0,-30000,0,0,0,0,30000,-30000,-30000
07891P,臺股指國票9B售01,0,0,0,0,0,0,0,0,0,-30000,0,0,0,20000,50000,-30000,-30000
07901P,臺股指凱基9B售04,0,0,0,0,0,0,0,0,0,-30000,0,0,0,0,30000,-30000,-30000
07808P,超眾永豐9A售04  ,0,0,0,0,0,0,0,0,0,-30000,0,0,0,0,30000,-30000,-30000
07718P,臺股指群益9A售07,0,0,0,0,0,0,0,0,0,-30000,0,0,0,0,30000,-30000,-30000
07719P,臺股指群益9A售08,0,0,0,0,0,0,0,0,0,-30000,0,0,0,120000,150000,-30000,-30000
07793P,同欣電元大9A售02,0,0,0,0,0,0,0,0,0,-30000,0,0,0,0,30000,-30000,-30000
07562P,台灣50第一9A售01,0,0,0,0,0,0,0,0,0,-30000,0,0,0,0,30000,-30000,-30000
066027,華擎群益02購01  ,0,0,0,0,0,0,0,0,0,-30000,0,0,0,0,30000,-30000,-30000
066071,台光電凱基02購01,0,0,0,0,0,0,0,0,0,-30000,0,0,0,50000,80000,-30000,-30000
066059,帆宣元大01購01  ,0,0,0,0,0,0,0,0,0,-30000,0,0,0,42000,72000,-30000,-30000
066084,國巨富邦05購01  ,0,0,0,0,0,0,0,0,0,-30000,0,0,0,0,30000,-30000,-30000
065776,鴻海國泰03購01  ,0,0,0,0,0,0,0,0,0,-30000,0,0,0,0,30000,-30000,-30000
06568P,國巨永豐98售05  ,0,0,0,0,0,0,0,0,0,-30000,0,0,0,0,30000,-30000,-30000
065717,創意中信9C購02  ,0,0,0,0,0,0,0,0,0,-30000,0,0,0,20000,50000,-30000,-30000
066717,上証2X元大01購01,0,0,0,0,0,0,0,0,0,-30000,0,0,0,0,30000,-30000,-30000
066711,臺股指群益01購03,0,0,0,0,0,0,0,0,0,-30000,0,0,0,0,30000,-30000,-30000
066776,創意富邦03購02  ,0,0,0,0,0,0,0,0,0,-30000,0,0,0,0,30000,-30000,-30000
066673,緯穎凱基02購01  ,0,0,0,0,0,0,0,0,0,-30000,0,0,0,0,30000,-30000,-30000
06859P,元金2X中信9C售01,0,0,0,0,0,0,0,0,0,-30000,0,0,0,0,30000,-30000,-30000
06636P,可成凱基98售08  ,0,0,0,0,0,0,0,0,0,-30000,0,0,0,0,30000,-30000,-30000
066479,國巨元富07購01  ,0,0,0,0,0,0,0,0,0,-30000,0,0,0,0,30000,-30000,-30000
056655,旺宏元大99購02  ,0,0,0,0,0,0,0,0,0,-30000,0,0,0,47000,77000,-30000,-30000
056546,致伸凱基98購01  ,0,0,0,0,0,0,0,0,0,-30000,0,0,0,0,30000,-30000,-30000
057863,美律凱基9A購01  ,0,0,0,0,0,0,0,0,0,-30000,0,0,0,0,30000,-30000,-30000
057252,牧德元富98購01  ,0,0,0,0,0,0,0,0,0,-30000,0,0,0,200000,230000,-30000,-30000
060816,世紀鋼凱基9C購02,0,0,0,0,0,0,0,0,0,-30000,0,0,0,30000,60000,-30000,-30000
058231,技嘉元大99購02  ,0,0,0,0,0,0,0,0,0,-30000,0,0,0,0,30000,-30000,-30000
056841,友達元富98購03  ,0,0,0,0,0,0,0,0,0,-30000,0,0,0,0,30000,-30000,-30000
057681,T50反1日盛9C購01,0,0,0,0,0,0,0,0,0,-30000,0,0,0,20000,50000,-30000,-30000
056260,鴻海統一98購07  ,0,0,0,0,0,0,0,0,0,-30000,0,0,0,0,30000,-30000,-30000
056286,奇鋐永豐97購01  ,0,0,0,0,0,0,0,0,0,-30000,0,0,0,0,30000,-30000,-30000
046384,群創凱基98購02  ,0,0,0,0,0,0,0,0,0,-30000,0,0,0,4000,34000,-30000,-30000
047885,元金2X富邦99購01,0,0,0,0,0,0,0,0,0,-30000,0,0,0,0,30000,-30000,-30000
053347,茂林國票98購01  ,0,0,0,0,0,0,0,0,0,-30000,0,0,0,0,30000,-30000,-30000
053965,聯電元大98購04  ,0,0,0,0,0,0,0,0,0,-30000,0,0,0,90000,120000,-30000,-30000
03094X,大立光元大68展08,0,0,0,0,0,0,0,0,0,-30000,0,0,0,0,30000,-30000,-30000
056051,T50反1元大97購05,0,0,0,0,0,0,0,0,0,-30000,0,0,0,0,30000,-30000,-30000
055976,台積電統一99購03,0,0,0,0,0,0,0,0,0,-30000,0,0,0,0,30000,-30000,-30000
057506,聯鈞國票99購02  ,0,0,0,0,0,0,0,0,0,-30000,0,0,0,0,30000,-30000,-30000
057542,上銀凱基99購01  ,0,0,0,0,0,0,0,0,0,-30000,0,0,0,0,30000,-30000,-30000
05582P,群創凱基98售06  ,0,0,0,0,0,0,0,0,0,-30000,0,0,0,0,30000,-30000,-30000
054479,緯創中信98購01  ,0,0,0,0,0,0,0,0,0,-30000,0,0,0,10000,40000,-30000,-30000
055245,凱美統一99購01  ,0,0,0,0,0,0,0,0,0,-30000,0,0,0,0,30000,-30000,-30000
054733,鴻海凱基98購04  ,0,0,0,0,0,0,0,0,0,-30000,0,0,0,0,30000,-30000,-30000
059292,華新科元富9B購02,0,0,0,0,0,0,0,0,0,-30000,0,0,0,0,30000,-30000,-30000
060370,滬深2X元富04購01,0,0,0,0,0,0,0,0,0,-30000,0,0,0,8000,38000,-30000,-30000
060967,鈺齊凱基9A購02  ,0,0,0,0,0,0,0,0,0,-30000,0,0,0,30000,60000,-30000,-30000
061091,奇力新統一9C購02,0,0,0,0,0,0,0,0,0,-30000,0,0,0,0,30000,-30000,-30000
059509,奇力新永豐99購02,0,0,0,0,0,0,0,0,0,-30000,0,0,0,0,30000,-30000,-30000
058973,麗豐永豐99購01  ,0,0,0,0,0,0,0,0,0,-30000,0,0,0,1000,31000,-30000,-30000
05890P,彩晶元大99售01  ,0,0,0,0,0,0,0,0,0,-30000,0,0,0,100000,130000,-30000,-30000
061526,宏達電凱基9A購04,0,0,0,0,0,0,0,0,0,-30000,0,0,0,34000,64000,-30000,-30000
059539,緯穎凱基99購03  ,0,0,0,0,0,0,0,0,0,-30000,0,0,0,11000,41000,-30000,-30000
061477,晶豪科元大9A購01,0,0,0,0,0,0,0,0,0,-30000,0,0,0,187000,217000,-30000,-30000
061466,創意群益9A購01  ,0,0,0,0,0,0,0,0,0,-30000,0,0,0,22000,52000,-30000,-30000
061605,華新科凱基9A購14,0,0,0,0,0,0,0,0,0,-30000,0,0,0,0,30000,-30000,-30000
059932,世紀鋼富邦9A購02,0,0,0,0,0,0,0,0,0,-30000,0,0,0,10000,40000,-30000,-30000
058762,貿聯群益99購03  ,0,0,0,0,0,0,0,0,0,-30000,0,0,0,0,30000,-30000,-30000
062151,世紀鋼國票01購01,0,0,0,0,0,0,0,0,0,-30000,0,0,0,0,30000,-30000,-30000
062162,世紀鋼凱基9B購03,0,0,0,0,0,0,0,0,0,-30000,0,0,0,0,30000,-30000,-30000
062270,上銀群益9B購03  ,0,0,0,0,0,0,0,0,0,-30000,0,0,0,0,30000,-30000,-30000
060228,亞德客元大9A購01,0,0,0,0,0,0,0,0,0,-30000,0,0,0,0,30000,-30000,-30000
060236,精元元大9C購01  ,0,0,0,0,0,0,0,0,0,-30000,0,0,0,41000,71000,-30000,-30000
062944,茂林凱基9B購02  ,0,0,0,0,0,0,0,0,0,-30000,0,0,0,0,30000,-30000,-30000
062758,國巨凱基9B購09  ,0,0,0,0,0,0,0,0,0,-30000,0,0,0,1000,31000,-30000,-30000
065053,南電凱基02購01  ,0,0,0,0,0,0,0,0,0,-30000,0,0,0,0,30000,-30000,-30000
064808,國產元大9C購02  ,0,0,0,0,0,0,0,0,0,-30000,0,0,0,50000,80000,-30000,-30000
064851,勤誠元富03購01  ,0,0,0,0,0,0,0,0,0,-30000,0,0,0,130000,160000,-30000,-30000
064687,國巨群益9C購10  ,0,0,0,0,0,0,0,0,0,-30000,0,0,0,50000,80000,-30000,-30000
065163,香港反元大03購01,0,0,0,0,0,0,0,0,0,-30000,0,0,0,0,30000,-30000,-30000
065087,可成元大9C購08  ,0,0,0,0,0,0,0,0,0,-30000,0,0,0,21000,51000,-30000,-30000
065622,鴻海中信06購01  ,0,0,0,0,0,0,0,0,0,-30000,0,0,0,0,30000,-30000,-30000
065474,旺宏元大9C購06  ,0,0,0,0,0,0,0,0,0,-30000,0,0,0,10000,40000,-30000,-30000
06550P,健策元大99售01  ,0,0,0,0,0,0,0,0,0,-30000,0,0,0,0,30000,-30000,-30000
065512,友訊群益01購01  ,0,0,0,0,0,0,0,0,0,-30000,0,0,0,10000,40000,-30000,-30000
063293,億豐元大9B購01  ,0,0,0,0,0,0,0,0,0,-30000,0,0,0,70000,100000,-30000,-30000
063308,緯穎凱基9B購05  ,0,0,0,0,0,0,0,0,0,-30000,0,0,0,0,30000,-30000,-30000
063332,矽格國票9B購01  ,0,0,0,0,0,0,0,0,0,-30000,0,0,0,0,30000,-30000,-30000
063382,南茂永豐9B購01  ,0,0,0,0,0,0,0,0,0,-30000,0,0,0,0,30000,-30000,-30000
063852,瀚宇博元大9C購01,0,0,0,0,0,0,0,0,0,-30000,0,0,0,20000,50000,-30000,-30000
064108,創意兆豐9C購01  ,0,0,0,0,0,0,0,0,0,-30000,0,0,0,0,30000,-30000,-30000
064399,和大凱基02購01  ,0,0,0,0,0,0,0,0,0,-30000,0,0,0,0,30000,-30000,-30000
1531,高林股          ,0,29000,-29000,0,0,0,0,0,0,-1000,0,1000,-1000,0,0,0,-30000
2506,太設            ,0,23000,-23000,0,0,0,0,0,0,-7000,4000,11000,-7000,0,0,0,-30000
4148,全宇生技-KY     ,29000,59000,-30000,0,0,0,0,0,0,0,0,0,0,0,0,0,-30000
066642,臺股指凱基04購01,0,0,0,0,0,0,0,0,0,-31000,0,0,0,0,31000,-31000,-31000
066733,大立光元大01購10,0,0,0,0,0,0,0,0,0,-31000,0,0,0,0,31000,-31000,-31000
066075,景碩凱基02購01  ,0,0,0,0,0,0,0,0,0,-31000,0,0,0,9000,40000,-31000,-31000
07610P,大立光國票9A售04,0,0,0,0,0,0,0,0,0,-31000,0,0,0,0,31000,-31000,-31000
07314P,T50正2元大9C售03,0,0,0,0,0,0,0,0,0,-31000,0,0,0,5000,36000,-31000,-31000
07416P,台積電元大99售53,0,0,0,0,0,0,0,0,0,-31000,0,0,0,0,31000,-31000,-31000
08611P,聯發科凱基01售08,0,0,0,0,0,0,0,0,0,-31000,0,0,0,115000,146000,-31000,-31000
08691P,鎧勝中信05售02  ,0,0,0,0,0,0,0,0,0,-31000,0,0,0,60000,91000,-31000,-31000
056413,上証反中信9A購01,0,0,0,0,0,0,0,0,0,-31000,0,0,0,0,31000,-31000,-31000
058421,國泰金麥證01購01,0,0,0,0,31000,-31000,0,0,0,-31000,0,0,0,0,31000,-31000,-31000
050014,國巨富邦98購01  ,0,0,0,0,0,0,0,0,0,-31000,0,0,0,0,31000,-31000,-31000
060847,康控國票9A購01  ,0,0,0,0,0,0,0,0,0,-31000,0,0,0,53000,84000,-31000,-31000
061941,道瓊指群益9B購01,0,0,0,0,0,0,0,0,0,-31000,0,0,0,3000,34000,-31000,-31000
064019,上銀元大9C購05  ,0,0,0,0,0,0,0,0,0,-31000,0,0,0,0,31000,-31000,-31000
06327P,台積電中信01售01,0,0,0,0,0,0,0,0,0,-31000,0,0,0,20000,51000,-31000,-31000
065394,英業達群益9C購01,0,0,0,0,0,0,0,0,0,-31000,0,0,0,67000,98000,-31000,-31000
3591,艾笛森          ,12000,43000,-31000,0,0,0,0,0,0,0,0,0,0,0,0,0,-31000
5007,三星            ,4000,33000,-29000,0,0,0,0,0,0,-2000,0,2000,-2000,0,0,0,-31000
08711P,鴻海元富07售04  ,0,0,0,0,0,0,0,0,0,-32000,0,0,0,25000,57000,-32000,-32000
08509P,臺股指國票9C售10,0,0,0,0,0,0,0,0,0,-32000,0,0,0,90000,122000,-32000,-32000
06926P,可成群益9A售04  ,0,0,0,0,0,0,0,0,0,-32000,0,0,0,11000,43000,-32000,-32000
065816,聯發科元富03購07,0,0,0,0,0,0,0,0,0,-32000,0,0,0,19000,51000,-32000,-32000
065937,大毅群益02購01  ,0,0,0,0,0,0,0,0,0,-32000,0,0,0,41000,73000,-32000,-32000
066708,嘉澤群益02購01  ,0,0,0,0,0,0,0,0,0,-32000,0,0,0,61000,93000,-32000,-32000
058613,茂林元大99購03  ,0,0,0,0,0,0,0,0,0,-32000,0,0,0,104000,136000,-32000,-32000
058544,FBVIX富邦9B購01 ,0,0,0,0,0,0,0,0,0,-32000,0,0,0,30000,62000,-32000,-32000
051597,T50反1中信99購02,0,0,0,0,0,0,0,0,0,-32000,0,0,0,0,32000,-32000,-32000
055249,大毅統一99購01  ,0,0,0,0,0,0,0,0,0,-32000,0,0,0,34000,66000,-32000,-32000
061128,大立光永豐9A購02,0,0,0,0,0,0,0,0,0,-32000,0,0,0,20000,52000,-32000,-32000
059623,聯電凱基99購02  ,0,0,0,0,0,0,0,0,0,-32000,0,0,0,11000,43000,-32000,-32000
061524,華通凱基9A購07  ,0,0,0,0,0,0,0,0,0,-32000,0,0,0,38000,70000,-32000,-32000
059054,國巨凱基99購11  ,0,0,0,0,0,0,0,0,0,-32000,0,0,0,1000,33000,-32000,-32000
062638,茂林國票9C購01  ,0,0,0,0,0,0,0,0,0,-32000,0,0,0,6000,38000,-32000,-32000
059880,世紀鋼凱基99購02,0,0,0,0,0,0,0,0,0,-32000,0,0,0,0,32000,-32000,-32000
062262,茂林元大9B購02  ,0,0,0,0,0,0,0,0,0,-32000,0,0,0,0,32000,-32000,-32000
062128,祥碩統一01購01  ,0,0,0,0,0,0,0,0,0,-32000,0,0,0,0,32000,-32000,-32000
058796,可成元大99購04  ,0,0,0,0,0,0,0,0,0,-32000,0,0,0,124000,156000,-32000,-32000
065491,華新科國泰02購01,0,0,0,0,0,0,0,0,0,-32000,0,0,0,0,32000,-32000,-32000
064744,創意國票01購02  ,0,0,0,0,0,0,0,0,0,-32000,0,0,0,28000,60000,-32000,-32000
064578,TPK國泰02購01   ,0,0,0,0,0,0,0,0,0,-32000,0,0,0,8000,40000,-32000,-32000
064006,晶技凱基9C購02  ,0,0,0,0,0,0,0,0,0,-32000,0,0,0,104000,136000,-32000,-32000
063783,儒鴻中信9C購01  ,0,0,0,0,0,0,0,0,0,-32000,0,0,0,28000,60000,-32000,-32000
063867,全新永豐9C購01  ,0,0,0,0,0,0,0,0,0,-32000,0,0,0,18000,50000,-32000,-32000
063868,嘉晶永豐9C購01  ,0,0,0,0,0,0,0,0,0,-32000,0,0,0,0,32000,-32000,-32000
06437P,玉晶光國票99售01,0,0,0,0,0,0,0,0,0,-32000,0,0,0,28000,60000,-32000,-32000
3050,鈺德            ,22000,54000,-32000,0,0,0,0,0,0,0,0,0,0,0,0,0,-32000
2706,第一店          ,0,28000,-28000,0,0,0,0,0,0,-4000,0,4000,-4000,0,0,0,-32000
07181P,臺股指凱基99售23,0,0,0,0,0,0,0,0,0,-33000,0,0,0,17000,50000,-33000,-33000
07333P,台灣50國票9B售03,0,0,0,0,0,0,0,0,0,-33000,0,0,0,0,33000,-33000,-33000
07544P,大立光凱基9A售09,0,0,0,0,0,0,0,0,0,-33000,0,0,0,2000,35000,-33000,-33000
07789P,緯穎群益9A售03  ,0,0,0,0,0,0,0,0,0,-33000,0,0,0,175000,208000,-33000,-33000
08079P,宏達電國票9B售03,0,0,0,0,0,0,0,0,0,-33000,0,0,0,43000,76000,-33000,-33000
054742,京鼎凱基99購01  ,0,0,0,0,0,0,0,0,0,-33000,0,0,0,0,33000,-33000,-33000
057691,健策凱基99購01  ,0,0,0,0,0,0,0,0,0,-33000,0,0,0,18000,51000,-33000,-33000
062647,南電國泰9C購02  ,0,0,0,0,0,0,0,0,0,-33000,0,0,0,24000,57000,-33000,-33000
061351,智伸科元大9A購01,0,0,0,0,0,0,0,0,0,-33000,0,0,0,1000,34000,-33000,-33000
063342,台光電統一9B購02,0,0,0,0,0,0,0,0,0,-33000,0,0,0,67000,100000,-33000,-33000
063592,瑞祺永豐9B購02  ,0,0,0,0,0,0,0,0,0,-33000,0,0,0,35000,68000,-33000,-33000
064530,康控中信9C購01  ,0,0,0,0,0,0,0,0,0,-33000,0,0,0,712000,745000,-33000,-33000
065569,智邦群益01購01  ,0,0,0,0,0,0,0,0,0,-33000,0,0,0,13000,46000,-33000,-33000
2030,彰源            ,0,33000,-33000,0,0,0,0,0,0,0,0,0,0,0,0,0,-33000
1323,永裕            ,0,36000,-36000,0,0,0,0,0,0,3000,3000,0,3000,0,0,0,-33000
08750P,台灣50群益01售04,0,0,0,0,0,0,0,0,0,-33000,0,0,0,2000,35000,-33000,-33000
3454,晶睿            ,38000,71000,-33000,0,0,0,0,0,0,0,0,0,0,0,0,0,-33000
6409,旭隼            ,76000,110967,-34967,0,0,0,0,0,0,1000,1000,0,1000,0,0,0,-33967
08161P,台表科元富9B售02,0,0,0,0,0,0,0,0,0,-34000,0,0,0,66000,100000,-34000,-34000
07945P,上銀國票9B售02  ,0,0,0,0,0,0,0,0,0,-34000,0,0,0,36000,70000,-34000,-34000
066459,智原統一01購01  ,0,0,0,0,0,0,0,0,0,-34000,0,0,0,11000,45000,-34000,-34000
057955,技嘉元大98購07  ,0,0,0,0,0,0,0,0,0,-34000,0,0,0,0,34000,-34000,-34000
057599,技嘉群益9A購01  ,0,0,0,0,0,0,0,0,0,-34000,0,0,0,21000,55000,-34000,-34000
054569,GIS群益98購01   ,0,0,0,0,0,0,0,0,0,-34000,0,0,0,26000,60000,-34000,-34000
00702,國泰標普低波高息,0,0,0,0,0,0,0,0,0,-34000,0,0,0,0,34000,-34000,-34000
059036,可成群益9B購03  ,0,0,0,0,0,0,0,0,0,-34000,0,0,0,11000,45000,-34000,-34000
060409,味全永豐9A購01  ,0,0,0,0,0,0,0,0,0,-34000,0,0,0,26000,60000,-34000,-34000
060509,宏達電元大9A購02,0,0,0,0,0,0,0,0,0,-34000,0,0,0,50000,84000,-34000,-34000
062433,上銀元大9B購05  ,0,0,0,0,0,0,0,0,0,-34000,0,0,0,6000,40000,-34000,-34000
06491P,台積電富邦99售02,0,0,0,0,0,0,0,0,0,-34000,0,0,0,20000,54000,-34000,-34000
064781,嘉晶群益9C購04  ,0,0,0,0,0,0,0,0,0,-34000,0,0,0,23000,57000,-34000,-34000
6192,巨路            ,22000,76000,-54000,0,0,0,0,0,0,20000,20000,0,20000,0,0,0,-34000
1446,宏和            ,1000,35000,-34000,0,0,0,0,0,0,0,0,0,0,0,0,0,-34000
3002,歐格            ,0,27000,-27000,0,0,0,0,0,0,-7000,1000,8000,-7000,0,0,0,-34000
2379,瑞昱            ,2044000,1979860,64140,0,0,0,97000,9592,87408,-186000,68000,146000,-78000,5000,113000,-108000,-34452
066591,華新科群益01購05,0,0,0,0,0,0,0,0,0,-35000,0,0,0,51000,86000,-35000,-35000
066394,建準凱基01購01  ,0,0,0,0,0,0,0,0,0,-35000,0,0,0,0,35000,-35000,-35000
066750,緯穎元大01購04  ,0,0,0,0,0,0,0,0,0,-35000,0,0,0,0,35000,-35000,-35000
066798,燿華凱基02購02  ,0,0,0,0,0,0,0,0,0,-35000,0,0,0,0,35000,-35000,-35000
06893P,致新元富98售02  ,0,0,0,0,0,0,0,0,0,-35000,0,0,0,15000,50000,-35000,-35000
065960,道瓊反元大01購02,0,0,0,0,0,0,0,0,0,-35000,0,0,0,0,35000,-35000,-35000
065884,智原元富9C購02  ,0,0,0,0,0,0,0,0,0,-35000,0,0,0,30000,65000,-35000,-35000
065850,緯創元大9C購06  ,0,0,0,0,0,0,0,0,0,-35000,0,0,0,125000,160000,-35000,-35000
065709,瀚宇博群益9C購01,0,0,0,0,0,0,0,0,0,-35000,0,0,0,35000,70000,-35000,-35000
066098,華碩中信02購01  ,0,0,0,0,0,0,0,0,0,-35000,0,0,0,0,35000,-35000,-35000
066243,潤泰新富邦03購01,0,0,0,0,0,0,0,0,0,-35000,0,0,0,0,35000,-35000,-35000
07614P,華新科群益9A售04,0,0,0,0,0,0,0,0,0,-35000,0,0,0,0,35000,-35000,-35000
07291P,臺股指凱基99售43,0,0,0,0,0,0,0,0,0,-35000,0,0,0,0,35000,-35000,-35000
08203P,同欣電永豐9B售04,0,0,0,0,0,0,0,0,0,-35000,0,0,0,0,35000,-35000,-35000
08093P,英業達元富9B售02,0,0,0,0,0,0,0,0,0,-35000,0,0,0,228000,263000,-35000,-35000
08422P,玉晶光群益02售03,0,0,0,0,0,0,0,0,0,-35000,0,0,0,242000,277000,-35000,-35000
08403P,上銀元大9C售07  ,0,0,0,0,0,0,0,0,0,-35000,0,0,0,24000,59000,-35000,-35000
049636,上証反凱基9A購01,0,0,0,0,0,0,0,0,0,-35000,0,0,0,0,35000,-35000,-35000
052987,華新科元大99購01,0,0,0,0,0,0,0,0,0,-35000,0,0,0,105000,140000,-35000,-35000
057662,上銀元大9A購01  ,0,0,0,0,0,0,0,0,0,-35000,0,0,0,10000,45000,-35000,-35000
056539,新光金凱基9A購01,0,0,0,0,0,0,0,0,0,-35000,0,0,0,0,35000,-35000,-35000
060030,晶相光永豐99購03,0,0,0,0,0,0,0,0,0,-35000,0,0,0,0,35000,-35000,-35000
060187,華新科元富9A購02,0,0,0,0,0,0,0,0,0,-35000,0,0,0,0,35000,-35000,-35000
060304,大立光富邦9C購05,0,0,0,0,0,0,0,0,0,-35000,0,0,0,0,35000,-35000,-35000
061843,億豐凱基9C購01  ,0,0,0,0,0,0,0,0,0,-35000,0,0,0,0,35000,-35000,-35000
060964,日月光凱基9A購01,0,0,0,0,0,0,0,0,0,-35000,0,0,0,202000,237000,-35000,-35000
064537,健鼎國票01購02  ,0,0,0,0,0,0,0,0,0,-35000,0,0,0,0,35000,-35000,-35000
064710,元金2X統一03購01,0,0,0,0,0,0,0,0,0,-35000,0,0,0,0,35000,-35000,-35000
065587,亞德客永豐9C購02,0,0,0,0,0,0,0,0,0,-35000,0,0,0,33000,68000,-35000,-35000
065528,FBVIX中信04購01 ,0,0,0,0,0,0,0,0,0,-35000,0,0,0,5000,40000,-35000,-35000
065420,中租國票01購01  ,0,0,0,0,0,0,0,0,0,-35000,0,0,0,0,35000,-35000,-35000
063741,GIS元大9B購04   ,0,0,0,0,0,0,0,0,0,-35000,0,0,0,2000,37000,-35000,-35000
063030,華通凱基9B購03  ,0,0,0,0,0,0,0,0,0,-35000,0,0,0,0,35000,-35000,-35000
064295,聚陽國票01購01  ,0,0,0,0,0,0,0,0,0,-35000,0,0,0,0,35000,-35000,-35000
064312,大立光群益01購01,0,0,0,0,0,0,0,0,0,-35000,0,0,0,0,35000,-35000,-35000
064054,中租統一02購01  ,0,0,0,0,0,0,0,0,0,-35000,0,0,0,5000,40000,-35000,-35000
1514,亞力            ,479000,514000,-35000,0,0,0,0,0,0,0,0,0,0,0,0,0,-35000
5388,中磊            ,387000,344000,43000,0,0,0,0,0,0,-78000,0,1000,-1000,1000,78000,-77000,-35000
01003T,兆豐新光R1      ,0,35131,-35131,0,0,0,0,0,0,0,0,0,0,0,0,0,-35131
08335P,香港2X中信03售01,0,0,0,0,0,0,0,0,0,-36000,0,0,0,0,36000,-36000,-36000
07031P,台灣50中信03售02,0,0,0,0,0,0,0,0,0,-36000,0,0,0,0,36000,-36000,-36000
07698P,臺股指元大9A售51,0,0,0,0,0,0,0,0,0,-36000,0,0,0,0,36000,-36000,-36000
07844P,可成國票9A售01  ,0,0,0,0,0,0,0,0,0,-36000,0,0,0,50000,86000,-36000,-36000
066078,南電凱基02購02  ,0,0,0,0,0,0,0,0,0,-36000,0,0,0,15000,51000,-36000,-36000
066398,京鼎凱基01購02  ,0,0,0,0,0,0,0,0,0,-36000,0,0,0,42000,78000,-36000,-36000
058438,大立光統一9B購01,0,0,0,0,0,0,0,0,0,-36000,0,0,0,18000,54000,-36000,-36000
060764,華擎元大9A購03  ,0,0,0,0,0,0,0,0,0,-36000,0,0,0,4000,40000,-36000,-36000
057917,台積電凱基98購17,0,0,0,0,0,0,0,0,0,-36000,0,0,0,24000,60000,-36000,-36000
061529,國巨台新9A購02  ,0,0,0,0,0,0,0,0,0,-36000,0,0,0,30000,66000,-36000,-36000
061792,和大永豐9B購01  ,0,0,0,0,0,0,0,0,0,-36000,0,0,0,0,36000,-36000,-36000
059948,正文永豐99購01  ,0,0,0,0,0,0,0,0,0,-36000,0,0,0,64000,100000,-36000,-36000
058766,力山兆豐99購01  ,0,0,0,0,0,0,0,0,0,-36000,0,0,0,24000,60000,-36000,-36000
062509,SP黃豆國票9B購03,0,0,0,0,0,0,0,0,0,-36000,0,0,0,5000,41000,-36000,-36000
064344,緯創元大9C購01  ,0,0,0,0,0,0,0,0,0,-36000,0,0,0,0,36000,-36000,-36000
064265,嘉聯益永豐9C購02,0,0,0,0,0,0,0,0,0,-36000,0,0,0,30000,66000,-36000,-36000
065655,緯穎元大9C購05  ,0,0,0,0,0,0,0,0,0,-36000,0,0,0,93000,129000,-36000,-36000
065384,南電元大9C購07  ,0,0,0,0,0,0,0,0,0,-36000,0,0,0,7000,43000,-36000,-36000
6184,大豐電          ,0,36000,-36000,0,0,0,0,0,0,0,0,0,0,0,0,0,-36000
6491,晶碩            ,39000,175000,-136000,0,0,0,90000,0,90000,10000,4000,0,4000,6000,0,6000,-36000
1339,昭輝            ,13000,49000,-36000,0,0,0,0,0,0,0,0,0,0,0,0,0,-36000
3003,健和興          ,283000,295000,-12000,0,0,0,0,0,0,-24000,0,7000,-7000,1000,18000,-17000,-36000
2882A,國泰特          ,0,3000,-3000,0,0,0,0,22000,-22000,-11000,2000,13000,-11000,0,0,0,-36000
2852,第一保          ,1000,35000,-34000,0,0,0,0,0,0,-2000,0,2000,-2000,0,0,0,-36000
066689,技嘉台新01購01  ,0,0,0,0,0,0,0,0,0,-37000,0,0,0,0,37000,-37000,-37000
065822,緯創台新9C購01  ,0,0,0,0,0,0,0,0,0,-37000,0,0,0,11000,48000,-37000,-37000
065810,台表科群益9C購05,0,0,0,0,0,0,0,0,0,-37000,0,0,0,57000,94000,-37000,-37000
07800P,華新科國泰9B售04,0,0,0,0,0,0,0,0,0,-37000,0,0,0,28000,65000,-37000,-37000
07058P,台積電凱基9A售07,0,0,0,0,0,0,0,0,0,-37000,0,0,0,0,37000,-37000,-37000
07202P,台灣50凱基9C售04,0,0,0,0,0,0,0,0,0,-37000,0,0,0,0,37000,-37000,-37000
08323P,華新科凱基9C售04,0,0,0,0,0,0,0,0,0,-37000,0,0,0,31000,68000,-37000,-37000
08156P,大立光元富9B售05,0,0,0,0,0,0,0,0,0,-37000,0,0,0,121000,158000,-37000,-37000
08585P,台表科群益9C售04,0,0,0,0,0,0,0,0,0,-37000,0,0,0,20000,57000,-37000,-37000
08636P,華通國票01售03  ,0,0,0,0,0,0,0,0,0,-37000,0,0,0,20000,57000,-37000,-37000
060303,宏達電富邦9B購01,0,0,0,0,0,0,0,0,0,-37000,0,0,0,22000,59000,-37000,-37000
061926,晶技凱基9B購02  ,0,0,0,0,0,0,0,0,0,-37000,0,0,0,63000,100000,-37000,-37000
065357,立積元富03購01  ,0,0,0,0,0,0,0,0,0,-37000,0,0,0,2000,39000,-37000,-37000
065585,聯發科富邦03購02,0,0,0,0,0,0,0,0,0,-37000,0,0,0,429000,466000,-37000,-37000
064780,義隆群益9C購04  ,0,0,0,0,0,0,0,0,0,-37000,0,0,0,30000,67000,-37000,-37000
064776,金像電群益01購01,0,0,0,0,0,0,0,0,0,-37000,0,0,0,30000,67000,-37000,-37000
064200,華通兆豐01購01  ,0,0,0,0,0,0,0,0,0,-37000,0,0,0,55000,92000,-37000,-37000
063694,貿聯永豐9B購01  ,0,0,0,0,0,0,0,0,0,-37000,0,0,0,0,37000,-37000,-37000
2923,鼎固-KY         ,0,30000,-30000,0,0,0,0,0,0,-7000,0,7000,-7000,0,0,0,-37000
2465,麗臺            ,16000,53000,-37000,0,0,0,0,0,0,0,0,0,0,0,0,0,-37000
3356,奇偶            ,70000,107000,-37000,0,0,0,0,0,0,0,0,0,0,0,0,0,-37000
4763,材料-KY         ,28000,66000,-38000,0,0,0,0,0,0,1000,2000,1000,1000,0,0,0,-37000
08615P,同欣電統一9C售02,0,0,0,0,0,0,0,0,0,-38000,0,0,0,63000,101000,-38000,-38000
08702P,南電康和01售01  ,0,0,0,0,0,0,0,0,0,-38000,0,0,0,40000,78000,-38000,-38000
08120P,南亞科國票9C售01,0,0,0,0,0,0,0,0,0,-38000,0,0,0,0,38000,-38000,-38000
08271P,華通元富9C售01  ,0,0,0,0,0,0,0,0,0,-38000,0,0,0,0,38000,-38000,-38000
08260P,大立光元大9C售08,0,0,0,0,0,0,0,0,0,-38000,0,0,0,3000,41000,-38000,-38000
08257P,台積電元大9C售04,0,0,0,0,0,0,0,0,0,-38000,0,0,0,0,38000,-38000,-38000
08010P,大成鋼元大9B售01,0,0,0,0,0,0,0,0,0,-38000,0,0,0,30000,68000,-38000,-38000
066090,泰鼎永豐01購01  ,0,0,0,0,0,0,0,0,0,-38000,0,0,0,10000,48000,-38000,-38000
066182,康控凱基01購01  ,0,0,0,0,0,0,0,0,0,-38000,0,0,0,115000,153000,-38000,-38000
066189,和潤凱基01購01  ,0,0,0,0,0,0,0,0,0,-38000,0,0,0,175000,213000,-38000,-38000
057667,可成元大99購01  ,0,0,0,0,0,0,0,0,0,-38000,0,0,0,51000,89000,-38000,-38000
057592,美律兆豐99購01  ,0,0,0,0,0,0,0,0,0,-38000,0,0,0,0,38000,-38000,-38000
057296,智原永豐98購01  ,0,0,0,0,0,0,0,0,0,-38000,0,0,0,30000,68000,-38000,-38000
03421B,臺股指元大99熊01,0,0,0,0,0,0,0,0,0,-38000,0,0,0,27000,65000,-38000,-38000
03050X,元展47          ,0,0,0,0,0,0,0,0,0,-38000,0,0,0,10000,48000,-38000,-38000
058701,鴻海元大99購16  ,0,0,0,0,0,0,0,0,0,-38000,0,0,0,17000,55000,-38000,-38000
062204,京元電國票9C購01,0,0,0,0,0,0,0,0,0,-38000,0,0,0,15000,53000,-38000,-38000
062549,中租永豐9B購01  ,0,0,0,0,0,0,0,0,0,-38000,0,0,0,51000,89000,-38000,-38000
063191,台表科凱基9B購03,0,0,0,0,0,0,0,0,0,-38000,0,0,0,118000,156000,-38000,-38000
063393,華通群益9C購05  ,0,0,0,0,0,0,0,0,0,-38000,0,0,0,0,38000,-38000,-38000
065023,大毅永豐9C購01  ,0,0,0,0,0,0,0,0,0,-38000,0,0,0,6000,44000,-38000,-38000
064712,聚陽統一02購03  ,0,0,0,0,0,0,0,0,0,-38000,0,0,0,156000,194000,-38000,-38000
065539,瑞儀統一01購01  ,0,0,0,0,0,0,0,0,0,-38000,0,0,0,0,38000,-38000,-38000
065205,金寶國票01購01  ,0,0,0,0,0,0,0,0,0,-38000,0,0,0,0,38000,-38000,-38000
2009,第一銅          ,0,35000,-35000,0,0,0,0,0,0,-3000,0,3000,-3000,0,0,0,-38000
1528,恩德            ,112000,149000,-37000,0,0,0,0,0,0,-1000,0,1000,-1000,0,0,0,-38000
065800,技嘉群益9C購01  ,0,0,0,0,0,0,0,0,0,-39000,0,0,0,100000,139000,-39000,-39000
065766,南電元大9C購08  ,0,0,0,0,0,0,0,0,0,-39000,0,0,0,11000,50000,-39000,-39000
066471,致新統一02購01  ,0,0,0,0,0,0,0,0,0,-39000,0,0,0,158000,197000,-39000,-39000
066526,創意統一05購01  ,0,0,0,0,0,0,0,0,0,-39000,0,0,0,77000,116000,-39000,-39000
08346P,大立光元大9C售15,0,0,0,0,0,0,0,0,0,-39000,0,0,0,0,39000,-39000,-39000
055844,大毅元大98購01  ,0,0,0,0,0,0,0,0,0,-39000,0,0,0,0,39000,-39000,-39000
055337,超眾兆豐98購01  ,0,0,0,0,0,0,0,0,0,-39000,0,0,0,11000,50000,-39000,-39000
062831,嘉澤群益9B購01  ,0,0,0,0,0,0,0,0,0,-39000,0,0,0,82000,121000,-39000,-39000
062903,燿華元大9B購04  ,0,0,0,0,0,0,0,0,0,-39000,0,0,0,0,39000,-39000,-39000
059940,微星永豐99購01  ,0,0,0,0,0,0,0,0,0,-39000,0,0,0,32000,71000,-39000,-39000
060965,中租凱基9B購01  ,0,0,0,0,0,0,0,0,0,-39000,0,0,0,11000,50000,-39000,-39000
060642,華擎永豐9A購02  ,0,0,0,0,0,0,0,0,0,-39000,0,0,0,34000,73000,-39000,-39000
065608,緯創元大9C購04  ,0,0,0,0,0,0,0,0,0,-39000,0,0,0,5000,44000,-39000,-39000
064709,瑞祺永豐9C購01  ,0,0,0,0,0,0,0,0,0,-39000,0,0,0,62000,101000,-39000,-39000
063203,華新科統一9C購04,0,0,0,0,0,0,0,0,0,-39000,0,0,0,5000,44000,-39000,-39000
064439,大立光凱基03購02,0,0,0,0,0,0,0,0,0,-39000,0,0,0,12000,51000,-39000,-39000
2535,達欣工          ,78000,248000,-170000,0,0,0,0,0,0,131000,134000,3000,131000,0,0,0,-39000
4566,時碩工業        ,6000,45000,-39000,0,0,0,0,0,0,0,0,0,0,0,0,0,-39000
6573,虹揚-KY         ,151000,190000,-39000,0,0,0,0,0,0,0,0,0,0,0,0,0,-39000
6115,鎰勝            ,3000,41000,-38000,0,0,0,0,0,0,-1000,1000,2000,-1000,0,0,0,-39000
08345P,大立光元大9C售14,0,0,0,0,0,0,0,0,0,-40000,0,0,0,0,40000,-40000,-40000
08358P,大立光元大9C售18,0,0,0,0,0,0,0,0,0,-40000,0,0,0,10000,50000,-40000,-40000
08050P,臺股指國票9B售15,0,0,0,0,0,0,0,0,0,-40000,0,0,0,0,40000,-40000,-40000
07988P,台積電台新9C售03,0,0,0,0,0,0,0,0,0,-40000,0,0,0,0,40000,-40000,-40000
07954P,台表科元大9B售02,0,0,0,0,0,0,0,0,0,-40000,0,0,0,110000,150000,-40000,-40000
07256P,臺股指凱基99售36,0,0,0,0,0,0,0,0,0,-40000,0,0,0,10000,50000,-40000,-40000
07304P,臺股指元大9A售37,0,0,0,0,0,0,0,0,0,-40000,0,0,0,26000,66000,-40000,-40000
07305P,T50正2群益99售02,0,0,0,0,0,0,0,0,0,-40000,0,0,0,0,40000,-40000,-40000
07523P,台積電中信9C售05,0,0,0,0,0,0,0,0,0,-40000,0,0,0,0,40000,-40000,-40000
06647P,台積電元大98售13,0,0,0,0,0,0,0,0,0,-40000,0,0,0,500000,540000,-40000,-40000
066578,臺股指元大01購07,0,0,0,0,0,0,0,0,0,-40000,0,0,0,0,40000,-40000,-40000
066638,聚碩凱基01購01  ,0,0,0,0,0,0,0,0,0,-40000,0,0,0,0,40000,-40000,-40000
06801P,技嘉群益99售02  ,0,0,0,0,0,0,0,0,0,-40000,0,0,0,0,40000,-40000,-40000
066872,亞光國泰03購01  ,0,0,0,0,0,0,0,0,0,-40000,0,0,0,0,40000,-40000,-40000
065725,技嘉凱基9C購03  ,0,0,0,0,0,0,0,0,0,-40000,0,0,0,70000,110000,-40000,-40000
066241,瑞祺富邦03購01  ,0,0,0,0,0,0,0,0,0,-40000,0,0,0,20000,60000,-40000,-40000
066108,惠特國票02購02  ,0,0,0,0,0,0,0,0,0,-40000,0,0,0,20000,60000,-40000,-40000
056496,康控國泰99購01  ,0,0,0,0,0,0,0,0,0,-40000,0,0,0,176000,216000,-40000,-40000
056472,美律元大99購03  ,0,0,0,0,0,0,0,0,0,-40000,0,0,0,45000,85000,-40000,-40000
058366,元大金凱基99購01,0,0,0,0,0,0,0,0,0,-40000,0,0,0,4000,44000,-40000,-40000
052130,國巨凱基9B購01  ,0,0,0,0,0,0,0,0,0,-40000,0,0,0,0,40000,-40000,-40000
047211,華新科富邦99購01,0,0,0,0,0,0,0,0,0,-40000,0,0,0,0,40000,-40000,-40000
054161,友訊凱基98購01  ,0,0,0,0,0,0,0,0,0,-40000,0,0,0,0,40000,-40000,-40000
057292,國巨國泰9B購01  ,0,0,0,0,0,0,0,0,0,-40000,0,0,0,30000,70000,-40000,-40000
058020,大立光凱基99購03,0,0,0,0,0,0,0,0,0,-40000,0,0,0,0,40000,-40000,-40000
057713,美律統一99購01  ,0,0,0,0,0,0,0,0,0,-40000,0,0,0,0,40000,-40000,-40000
06082P,華通統一98售01  ,0,0,0,0,0,0,0,0,0,-40000,0,0,0,88000,128000,-40000,-40000
061222,台灣50中信9A購02,0,0,0,0,0,0,0,0,0,-40000,0,0,0,0,40000,-40000,-40000
056969,智易永豐98購01  ,0,0,0,0,0,0,0,0,0,-40000,0,0,0,0,40000,-40000,-40000
057032,A50反1元大9B購01,0,0,0,0,0,0,0,0,0,-40000,0,0,0,0,40000,-40000,-40000
06057P,大立光凱基98售01,0,0,0,0,0,0,0,0,0,-40000,0,0,0,0,40000,-40000,-40000
060381,元黃金凱基9A購01,0,0,0,0,0,0,0,0,0,-40000,0,0,0,0,40000,-40000,-40000
059326,康友元大99購01  ,0,0,0,0,0,0,0,0,0,-40000,0,0,0,26000,66000,-40000,-40000
061965,台積電統一02購02,0,0,0,0,0,0,0,0,0,-40000,0,0,0,0,40000,-40000,-40000
061907,裕隆中信9B購01  ,0,0,0,0,0,0,0,0,0,-40000,0,0,0,0,40000,-40000,-40000
061310,華新科麥證9A購01,0,0,0,0,40000,-40000,0,0,0,-40000,0,0,0,0,40000,-40000,-40000
061294,奇力新麥證9A購01,0,0,0,0,40000,-40000,0,0,0,-40000,0,0,0,0,40000,-40000,-40000
059841,國巨富邦9C購01  ,5000,0,5000,0,0,0,0,0,0,-45000,0,0,0,8000,53000,-45000,-40000
06287P,臺股指國票97售01,0,0,0,0,0,0,0,0,0,-40000,0,0,0,0,40000,-40000,-40000
062648,聯茂富邦9B購01  ,0,0,0,0,0,0,0,0,0,-40000,0,0,0,0,40000,-40000,-40000
06432P,上銀群益98售01  ,0,0,0,0,0,0,0,0,0,-40000,0,0,0,10000,50000,-40000,-40000
064139,裕隆統一01購02  ,0,0,0,0,0,0,0,0,0,-40000,0,0,0,0,40000,-40000,-40000
063940,國巨元大01購02  ,0,0,0,0,0,0,0,0,0,-40000,0,0,0,2000,42000,-40000,-40000
063927,奇力新統一02購01,0,0,0,0,0,0,0,0,0,-40000,0,0,0,0,40000,-40000,-40000
063211,道瓊銀國票9B購01,0,0,0,0,0,0,0,0,0,-40000,0,0,0,0,40000,-40000,-40000
063597,健策中信9B購02  ,0,0,0,0,0,0,0,0,0,-40000,0,0,0,0,40000,-40000,-40000
063471,泰鼎元大9C購01  ,0,0,0,0,0,0,0,0,0,-40000,0,0,0,56000,96000,-40000,-40000
064498,可成元大01購03  ,0,0,0,0,0,0,0,0,0,-40000,0,0,0,1000,41000,-40000,-40000
065455,金寶元富9C購01  ,0,0,0,0,0,0,0,0,0,-40000,0,0,0,10000,50000,-40000,-40000
065318,聯電凱基9C購03  ,0,0,0,0,0,0,0,0,0,-40000,0,0,0,35000,75000,-40000,-40000
08754P,臺股指群益01售04,0,0,0,0,0,0,0,0,0,-40000,0,0,0,0,40000,-40000,-40000
066196,南港統一03購01  ,0,0,0,0,0,0,0,0,0,-41000,0,0,0,54000,95000,-41000,-41000
065681,聯發科統一9C購17,0,0,0,0,0,0,0,0,0,-41000,0,0,0,110000,151000,-41000,-41000
06750P,聯發科元富02售03,0,0,0,0,0,0,0,0,0,-41000,0,0,0,4000,45000,-41000,-41000
07652P,臺股指中信9A售07,0,0,0,0,0,0,0,0,0,-41000,0,0,0,99000,140000,-41000,-41000
057767,緯穎凱基98購06  ,0,0,0,0,0,0,0,0,0,-41000,0,0,0,1000,42000,-41000,-41000
03427B,臺股指元大9A熊02,0,0,0,0,0,0,0,0,0,-41000,0,0,0,212000,253000,-41000,-41000
059559,T50反1凱基99購07,0,0,0,0,0,0,0,0,0,-41000,0,0,0,0,41000,-41000,-41000
064536,富邦金國票01購01,0,0,0,0,0,0,0,0,0,-41000,0,0,0,40000,81000,-41000,-41000
064801,鴻海元大9C購13  ,0,0,0,0,0,0,0,0,0,-41000,0,0,0,0,41000,-41000,-41000
2419,仲琦            ,85000,124000,-39000,0,0,0,0,0,0,-2000,0,2000,-2000,0,0,0,-41000
6183,關貿            ,10000,49000,-39000,0,0,0,0,0,0,-2000,0,2000,-2000,0,0,0,-41000
08194P,同欣電國票9C售03,0,0,0,0,0,0,0,0,0,-42000,0,0,0,87000,129000,-42000,-42000
08352P,大立光群益01售02,0,0,0,0,0,0,0,0,0,-42000,0,0,0,0,42000,-42000,-42000
06693P,臺股指凱基98售01,0,0,0,0,0,0,0,0,0,-42000,0,0,0,20000,62000,-42000,-42000
066660,群光凱基01購01  ,0,0,0,0,0,0,0,0,0,-42000,0,0,0,0,42000,-42000,-42000
066389,南港凱基01購01  ,0,0,0,0,0,0,0,0,0,-42000,0,0,0,8000,50000,-42000,-42000
058427,大毅元富99購01  ,0,0,0,0,0,0,0,0,0,-42000,0,0,0,8000,50000,-42000,-42000
058479,亞光凱基9A購01  ,0,0,0,0,0,0,0,0,0,-42000,0,0,0,5000,47000,-42000,-42000
056480,京鼎元大98購02  ,0,0,0,0,0,0,0,0,0,-42000,0,0,0,7000,49000,-42000,-42000
057249,華邦電統一9A購01,0,0,0,0,0,0,0,0,0,-42000,0,0,0,0,42000,-42000,-42000
061388,台積電群益9A購05,0,0,0,0,0,0,0,0,0,-42000,0,0,0,0,42000,-42000,-42000
061368,南六國票9A購01  ,0,0,0,0,0,0,0,0,0,-42000,0,0,0,67000,109000,-42000,-42000
061873,友達元大9C購07  ,0,0,0,0,0,0,0,0,0,-42000,0,0,0,0,42000,-42000,-42000
060367,緯穎元富9A購02  ,0,0,0,0,0,0,0,0,0,-42000,0,0,0,25000,67000,-42000,-42000
060978,國巨元大9A購13  ,0,0,0,0,0,0,0,0,0,-42000,0,0,0,19000,61000,-42000,-42000
058771,神達兆豐99購01  ,0,0,0,0,0,0,0,0,0,-42000,0,0,0,0,42000,-42000,-42000
065021,貿聯富邦03購01  ,0,0,0,0,0,0,0,0,0,-42000,0,0,0,4000,46000,-42000,-42000
065304,台勝科元富03購01,0,0,0,0,0,0,0,0,0,-42000,0,0,0,56000,98000,-42000,-42000
065405,華新科富邦03購01,0,0,0,0,0,0,0,0,0,-42000,0,0,0,0,42000,-42000,-42000
063688,建準永豐9B購03  ,0,0,0,0,0,0,0,0,0,-42000,0,0,0,10000,52000,-42000,-42000
2545,皇翔            ,5000,46000,-41000,0,0,0,0,0,0,-1000,0,1000,-1000,0,0,0,-42000
066404,瑞祺凱基02購01  ,0,0,0,0,0,0,0,0,0,-43000,0,0,0,17000,60000,-43000,-43000
066463,鎧勝統一02購01  ,0,0,0,0,0,0,0,0,0,-43000,0,0,0,1097000,1140000,-43000,-43000
066245,道瓊反元大02購01,0,0,0,0,0,0,0,0,0,-43000,0,0,0,0,43000,-43000,-43000
066021,華通群益02購03  ,0,0,0,0,0,0,0,0,0,-43000,0,0,0,0,43000,-43000,-43000
07536P,華新科元富9A售04,0,0,0,0,0,0,0,0,0,-43000,0,0,0,308000,351000,-43000,-43000
07490P,大立光國票9A售03,0,0,0,0,0,0,0,0,0,-43000,0,0,0,0,43000,-43000,-43000
06952P,大立光統一9A售03,0,0,0,0,0,0,0,0,0,-43000,0,0,0,0,43000,-43000,-43000
057544,鴻海凱基02購01  ,0,0,0,0,0,0,0,0,0,-43000,0,0,0,217000,260000,-43000,-43000
054060,晶技國票97購02  ,0,0,0,0,0,0,0,0,0,-43000,0,0,0,3000,46000,-43000,-43000
059847,喬山永豐99購01  ,0,0,0,0,0,0,0,0,0,-43000,0,0,0,15000,58000,-43000,-43000
059836,大立光國泰9B購02,0,0,0,0,0,0,0,0,0,-43000,0,0,0,152000,195000,-43000,-43000
060266,潤泰全國票9A購01,0,0,0,0,0,0,0,0,0,-43000,0,0,0,0,43000,-43000,-43000
060601,技嘉凱基9A購02  ,0,0,0,0,0,0,0,0,0,-43000,0,0,0,0,43000,-43000,-43000
060559,世紀鋼凱基9C購01,0,0,0,0,0,0,0,0,0,-43000,0,0,0,56000,99000,-43000,-43000
061694,玉山金群益9A購01,0,0,0,0,0,0,0,0,0,-43000,0,0,0,3000,46000,-43000,-43000
062047,緯穎凱基9B購01  ,0,0,0,0,0,0,0,0,0,-43000,0,0,0,61000,104000,-43000,-43000
059597,大立光元大99購21,0,0,0,0,0,0,0,0,0,-43000,0,0,0,0,43000,-43000,-43000
064076,台積電中信06購02,0,0,0,0,0,0,0,0,0,-43000,0,0,0,0,43000,-43000,-43000
1442,名軒            ,31000,74000,-43000,0,0,0,0,0,0,0,0,0,0,0,0,0,-43000
6605,帝寶            ,1000,43000,-42000,0,0,0,0,0,0,-1000,0,1000,-1000,0,0,0,-43000
3557,嘉威            ,384000,427000,-43000,0,0,0,0,0,0,0,0,0,0,0,0,0,-43000
1503,士電            ,1000,41042,-40042,0,0,0,0,0,0,-3000,0,3000,-3000,0,0,0,-43042
07763P,嘉澤永豐9A售02  ,0,0,0,0,0,0,0,0,0,-44000,0,0,0,0,44000,-44000,-44000
08037P,台表科群益9B售02,0,0,0,0,0,0,0,0,0,-44000,0,0,0,48000,92000,-44000,-44000
08468P,台郡統一9C售02  ,0,0,0,0,0,0,0,0,0,-44000,0,0,0,0,44000,-44000,-44000
066216,南電統一03購01  ,0,0,0,0,0,0,0,0,0,-44000,0,0,0,0,44000,-44000,-44000
066440,南帝群益01購01  ,0,0,0,0,0,0,0,0,0,-44000,0,0,0,136000,180000,-44000,-44000
066286,瑞祺元大01購01  ,0,0,0,0,0,0,0,0,0,-44000,0,0,0,3000,47000,-44000,-44000
00763U,街口道瓊銅      ,0,0,0,0,0,0,0,0,0,-44000,0,0,0,2000,46000,-44000,-44000
054889,京鼎統一99購01  ,0,0,0,0,0,0,0,0,0,-44000,0,0,0,61000,105000,-44000,-44000
060425,凌華永豐9A購01  ,0,0,0,0,0,0,0,0,0,-44000,0,0,0,21000,65000,-44000,-44000
062107,台光電國票9B購01,0,0,0,0,0,0,0,0,0,-44000,0,0,0,13000,57000,-44000,-44000
063612,金像電群益9B購04,0,0,0,0,0,0,0,0,0,-44000,0,0,0,32000,76000,-44000,-44000
064731,台郡統一01購02  ,0,0,0,0,0,0,0,0,0,-44000,0,0,0,51000,95000,-44000,-44000
3494,誠研            ,121000,165000,-44000,0,0,0,0,0,0,0,0,0,0,0,0,0,-44000
9925,新保            ,1000,44528,-43528,0,0,0,0,0,0,-1000,0,1000,-1000,0,0,0,-44528
066592,大立光群益01購06,0,0,0,0,0,0,0,0,0,-45000,0,0,0,12000,57000,-45000,-45000
066790,健策麥證01購01  ,0,0,0,0,45000,-45000,0,0,0,-45000,0,0,0,0,45000,-45000,-45000
06788P,臺股指元大98售05,0,0,0,0,0,0,0,0,0,-45000,0,0,0,15000,60000,-45000,-45000
065839,鴻海元大9C購17  ,0,0,0,0,0,0,0,0,0,-45000,0,0,0,5000,50000,-45000,-45000
08705P,臺股指群益01售02,0,0,0,0,0,0,0,0,0,-45000,0,0,0,0,45000,-45000,-45000
08697P,臺股指麥證01售03,0,0,0,0,45000,-45000,0,0,0,-45000,0,0,0,0,45000,-45000,-45000
08058P,華新科元大9B售10,0,0,0,0,0,0,0,0,0,-45000,0,0,0,0,45000,-45000,-45000
057815,信邦元大98購01  ,0,0,0,0,0,0,0,0,0,-45000,0,0,0,5000,50000,-45000,-45000
057637,上銀元大98購07  ,0,0,0,0,0,0,0,0,0,-45000,0,0,0,50000,95000,-45000,-45000
062705,美食元大9B購01  ,0,0,0,0,0,0,0,0,0,-45000,0,0,0,0,45000,-45000,-45000
059359,精元永豐99購01  ,0,0,0,0,0,0,0,0,0,-45000,0,0,0,27000,72000,-45000,-45000
058834,GIS永豐99購01   ,0,0,0,0,0,0,0,0,0,-45000,0,0,0,5000,50000,-45000,-45000
061271,聯茂凱基9A購04  ,0,0,0,0,0,0,0,0,0,-45000,0,0,0,5000,50000,-45000,-45000
064598,國巨元富9C購03  ,0,0,0,0,0,0,0,0,0,-45000,0,0,0,5000,50000,-45000,-45000
065074,亞德客元大9C購03,0,0,0,0,0,0,0,0,0,-45000,0,0,0,24000,69000,-45000,-45000
065378,嘉澤元大01購01  ,0,0,0,0,0,0,0,0,0,-45000,0,0,0,58000,103000,-45000,-45000
065326,華擎凱基02購01  ,0,0,0,0,0,0,0,0,0,-45000,0,0,0,32000,77000,-45000,-45000
065223,旺宏中信01購01  ,0,0,0,0,0,0,0,0,0,-45000,0,0,0,0,45000,-45000,-45000
065167,華通元大02購01  ,0,0,0,0,0,0,0,0,0,-45000,0,0,0,0,45000,-45000,-45000
065493,T50反1富邦03購01,0,0,0,0,0,0,0,0,0,-45000,0,0,0,0,45000,-45000,-45000
063492,台積電富邦02購02,0,0,0,0,0,0,0,0,0,-45000,0,0,0,3000,48000,-45000,-45000
064100,義隆群益9C購01  ,0,0,0,0,0,0,0,0,0,-45000,0,0,0,26000,71000,-45000,-45000
08790P,聯發科元富01售01,0,0,0,0,0,0,0,0,0,-45000,0,0,0,0,45000,-45000,-45000
08775P,台灣50群益01售05,0,0,0,0,0,0,0,0,0,-45000,0,0,0,0,45000,-45000,-45000
2420,新巨            ,11000,56000,-45000,0,0,0,0,0,0,0,0,0,0,0,0,0,-45000
07774P,台灣50群益9A售16,0,0,0,0,0,0,0,0,0,-46000,0,0,0,97000,143000,-46000,-46000
066371,同欣電中信05購01,0,0,0,0,0,0,0,0,0,-46000,0,0,0,89000,135000,-46000,-46000
058600,國巨元大99購15  ,0,0,0,0,0,0,0,0,0,-46000,0,0,0,0,46000,-46000,-46000
057958,禾伸堂元大99購05,0,0,0,0,0,0,0,0,0,-46000,0,0,0,64000,110000,-46000,-46000
058375,群創凱基9B購04  ,0,0,0,0,0,0,0,0,0,-46000,0,0,0,83000,129000,-46000,-46000
056331,聯鈞國票99購01  ,0,0,0,0,0,0,0,0,0,-46000,0,0,0,21000,67000,-46000,-46000
061409,力成國票9A購02  ,0,0,0,0,0,0,0,0,0,-46000,0,0,0,25000,71000,-46000,-46000
059003,中壽元大99購01  ,0,0,0,0,0,0,0,0,0,-46000,0,0,0,4000,50000,-46000,-46000
063915,祥碩凱基01購01  ,0,0,0,0,0,0,0,0,0,-46000,0,0,0,143000,189000,-46000,-46000
065568,台積電群益01購04,0,0,0,0,0,0,0,0,0,-46000,0,0,0,81000,127000,-46000,-46000
065274,南茂元大9C購03  ,0,0,0,0,0,0,0,0,0,-46000,0,0,0,19000,65000,-46000,-46000
065345,台光電統一01購04,0,0,0,0,0,0,0,0,0,-46000,0,0,0,49000,95000,-46000,-46000
2539,櫻花建          ,1000,44000,-43000,0,0,0,0,0,0,-3000,0,3000,-3000,0,0,0,-46000
4576,大銀微系統      ,21000,66000,-45000,0,0,0,0,0,0,-1000,0,1000,-1000,0,0,0,-46000
4942,嘉彰            ,56000,102000,-46000,0,0,0,0,0,0,0,0,0,0,0,0,0,-46000
07925P,台積電凱基9B售05,0,0,0,0,0,0,0,0,0,-47000,0,0,0,0,47000,-47000,-47000
058554,瀚宇博永豐99購01,0,0,0,0,0,0,0,0,0,-47000,0,0,0,70000,117000,-47000,-47000
061594,玉晶光永豐9A購08,0,0,0,0,0,0,0,0,0,-47000,0,0,0,6000,53000,-47000,-47000
065174,華新科元大02購02,0,0,0,0,0,0,0,0,0,-47000,0,0,0,23000,70000,-47000,-47000
064948,致茂凱基01購01  ,0,0,0,0,0,0,0,0,0,-47000,0,0,0,50000,97000,-47000,-47000
06448P,華通元大99售01  ,0,0,0,0,0,0,0,0,0,-47000,0,0,0,57000,104000,-47000,-47000
064724,健鼎統一02購02  ,0,0,0,0,0,0,0,0,0,-47000,0,0,0,100000,147000,-47000,-47000
064412,緯穎凱基01購01  ,0,0,0,0,0,0,0,0,0,-47000,0,0,0,6000,53000,-47000,-47000
063337,國巨統一02購02  ,0,0,0,0,0,0,0,0,0,-47000,0,0,0,15000,62000,-47000,-47000
07382P,台積電群益9B售01,0,0,0,0,0,0,0,0,0,-48000,0,0,0,152000,200000,-48000,-48000
08371P,京元電凱基9C售01,0,0,0,0,0,0,0,0,0,-48000,0,0,0,30000,78000,-48000,-48000
066429,矽格元大01購01  ,0,0,0,0,0,0,0,0,0,-48000,0,0,0,72000,120000,-48000,-48000
06799P,臺股指凱基98售09,0,0,0,0,0,0,0,0,0,-48000,0,0,0,50000,98000,-48000,-48000
065786,神基永豐9C購01  ,0,0,0,0,0,0,0,0,0,-48000,0,0,0,0,48000,-48000,-48000
066127,劍麟群益03購01  ,0,0,0,0,0,0,0,0,0,-48000,0,0,0,2000,50000,-48000,-48000
056891,國巨元大99購03  ,0,0,0,0,0,0,0,0,0,-48000,0,0,0,7000,55000,-48000,-48000
056770,國產元大98購02  ,0,0,0,0,0,0,0,0,0,-48000,0,0,0,119000,167000,-48000,-48000
057874,可成元大99購02  ,0,0,0,0,0,0,0,0,0,-48000,0,0,0,0,48000,-48000,-48000
058495,元大金群益9B購01,0,0,0,0,0,0,0,0,0,-48000,0,0,0,0,48000,-48000,-48000
059356,滬深2X永豐99購02,0,0,0,0,0,0,0,0,0,-48000,0,0,0,0,48000,-48000,-48000
061683,台灣50群益9B購09,0,0,0,0,0,0,0,0,0,-48000,0,0,0,0,48000,-48000,-48000
061988,大立光元大9B購04,0,0,0,0,0,0,0,0,0,-48000,0,0,0,0,48000,-48000,-48000
062867,東元中信9B購01  ,0,0,0,0,0,0,0,0,0,-48000,0,0,0,0,48000,-48000,-48000
062868,葡萄王中信9B購01,0,0,0,0,0,0,0,0,0,-48000,0,0,0,0,48000,-48000,-48000
062907,可成元大9C購03  ,0,0,0,0,0,0,0,0,0,-48000,0,0,0,39000,87000,-48000,-48000
058782,臺股指國票99購01,0,0,0,0,0,0,0,0,0,-48000,0,0,0,2000,50000,-48000,-48000
063483,致新元大9B購03  ,0,0,0,0,0,0,0,0,0,-48000,0,0,0,22000,70000,-48000,-48000
064249,聯發科元富06購01,0,0,0,0,0,0,0,0,0,-48000,0,0,0,257000,305000,-48000,-48000
063784,華通中信06購01  ,0,0,0,0,0,0,0,0,0,-48000,0,0,0,5000,53000,-48000,-48000
064490,金像電元大9C購02,0,0,0,0,0,0,0,0,0,-48000,0,0,0,2000,50000,-48000,-48000
4952,凌通            ,24000,70000,-46000,0,0,0,0,0,0,-2000,0,2000,-2000,0,0,0,-48000
9930,中聯資源        ,3000,49000,-46000,0,0,0,0,0,0,-2000,0,2000,-2000,0,0,0,-48000
2849,安泰銀          ,0,43000,-43000,0,0,0,0,0,0,-5000,0,5000,-5000,0,0,0,-48000
2496,卓越            ,1000,49000,-48000,0,0,0,0,0,0,0,0,0,0,0,0,0,-48000
1465,偉全            ,1000,44000,-43000,0,0,0,0,0,0,-5000,0,5000,-5000,0,0,0,-48000
08118P,嘉澤元富9B售02  ,0,0,0,0,0,0,0,0,0,-49000,0,0,0,2000,51000,-49000,-49000
08552P,華新科群益9C售04,0,0,0,0,0,0,0,0,0,-49000,0,0,0,0,49000,-49000,-49000
058005,茂林群益98購04  ,0,0,0,0,0,0,0,0,0,-49000,0,0,0,0,49000,-49000,-49000
057888,貿聯群益98購02  ,0,0,0,0,0,0,0,0,0,-49000,0,0,0,10000,59000,-49000,-49000
062160,南六凱基9B購01  ,0,0,0,0,0,0,0,0,0,-49000,0,0,0,50000,99000,-49000,-49000
058897,國巨元大99購17  ,0,0,0,0,0,0,0,0,0,-49000,0,0,0,3000,52000,-49000,-49000
065263,國泰金元大9C購02,0,0,0,0,0,0,0,0,0,-49000,0,0,0,14000,63000,-49000,-49000
08535P,和大國票01售02  ,0,0,0,0,0,0,0,0,0,-50000,0,0,0,226000,276000,-50000,-50000
08522P,智邦元大9C售08  ,0,0,0,0,0,0,0,0,0,-50000,0,0,0,0,50000,-50000,-50000
08236P,國巨富邦03售01  ,0,0,0,0,0,0,0,0,0,-50000,0,0,0,0,50000,-50000,-50000
08279P,南電元富9C售02  ,0,0,0,0,0,0,0,0,0,-50000,0,0,0,0,50000,-50000,-50000
07422P,大立光元大99售32,0,0,0,0,0,0,0,0,0,-50000,0,0,0,0,50000,-50000,-50000
07302P,臺股指元大9A售35,0,0,0,0,0,0,0,0,0,-50000,0,0,0,0,50000,-50000,-50000
07241P,台灣50國票9A售05,0,0,0,0,0,0,0,0,0,-50000,0,0,0,0,50000,-50000,-50000
07242P,台灣50凱基9A售03,0,0,0,0,0,0,0,0,0,-50000,0,0,0,0,50000,-50000,-50000
06965P,台積電台新99售02,0,0,0,0,0,0,0,0,0,-50000,0,0,0,0,50000,-50000,-50000
07195P,大立光元大99售12,0,0,0,0,0,0,0,0,0,-50000,0,0,0,0,50000,-50000,-50000
07932P,國巨元大9B售04  ,0,0,0,0,0,0,0,0,0,-50000,0,0,0,0,50000,-50000,-50000
07936P,臺股指國票9B售08,0,0,0,0,0,0,0,0,0,-50000,0,0,0,0,50000,-50000,-50000
07986P,大成鋼統一9B售02,0,0,0,0,0,0,0,0,0,-50000,0,0,0,0,50000,-50000,-50000
07704P,台積電元大9A售25,0,0,0,0,0,0,0,0,0,-50000,0,0,0,0,50000,-50000,-50000
066058,TPK元大01購02   ,0,0,0,0,0,0,0,0,0,-50000,0,0,0,0,50000,-50000,-50000
066202,大立光統一02購07,0,0,0,0,0,0,0,0,0,-50000,0,0,0,0,50000,-50000,-50000
066153,南帝康和01購01  ,0,0,0,0,0,0,0,0,0,-50000,0,0,0,130000,180000,-50000,-50000
065836,T50反1元大9C購11,0,0,0,0,0,0,0,0,0,-50000,0,0,0,0,50000,-50000,-50000
065856,中租元大9C購03  ,0,0,0,0,0,0,0,0,0,-50000,0,0,0,0,50000,-50000,-50000
065966,國巨元大01購06  ,0,0,0,0,0,0,0,0,0,-50000,0,0,0,0,50000,-50000,-50000
066710,彩晶群益03購01  ,0,0,0,0,0,0,0,0,0,-50000,0,0,0,0,50000,-50000,-50000
066661,友達凱基03購01  ,0,0,0,0,0,0,0,0,0,-50000,0,0,0,0,50000,-50000,-50000
066668,揚明光凱基01購01,0,0,0,0,0,0,0,0,0,-50000,0,0,0,0,50000,-50000,-50000
066439,信錦群益02購01  ,0,0,0,0,0,0,0,0,0,-50000,0,0,0,0,50000,-50000,-50000
058249,緯穎元大99購04  ,0,0,0,0,0,0,0,0,0,-50000,0,0,0,32000,82000,-50000,-50000
058259,訊連國泰9B購01  ,0,0,0,0,0,0,0,0,0,-50000,0,0,0,0,50000,-50000,-50000
057954,宏碁元大99購01  ,0,0,0,0,0,0,0,0,0,-50000,0,0,0,165000,215000,-50000,-50000
058657,大立光中信99購01,0,0,0,0,0,0,0,0,0,-50000,0,0,0,0,50000,-50000,-50000
057780,台郡群益98購02  ,0,0,0,0,0,0,0,0,0,-50000,0,0,0,3000,53000,-50000,-50000
058577,南亞科群益99購02,0,0,0,0,0,0,0,0,0,-50000,0,0,0,0,50000,-50000,-50000
057618,台光電凱基99購01,0,0,0,0,0,0,0,0,0,-50000,0,0,0,60000,110000,-50000,-50000
057045,美律元大99購04  ,0,0,0,0,0,0,0,0,0,-50000,0,0,0,0,50000,-50000,-50000
056612,台積電永豐98購01,0,0,0,0,0,0,0,0,0,-50000,0,0,0,0,50000,-50000,-50000
060807,新光金群益9A購01,0,0,0,0,0,0,0,0,0,-50000,0,0,0,0,50000,-50000,-50000
060762,長榮航元大9A購02,0,0,0,0,0,0,0,0,0,-50000,0,0,0,0,50000,-50000,-50000
057537,聯茂元大98購04  ,0,0,0,0,0,0,0,0,0,-50000,0,0,0,0,50000,-50000,-50000
058363,全新凱基9A購02  ,0,0,0,0,0,0,0,0,0,-50000,0,0,0,17000,67000,-50000,-50000
054786,全新群益99購02  ,0,0,0,0,0,0,0,0,0,-50000,0,0,0,50000,100000,-50000,-50000
057431,京鼎兆豐98購02  ,0,0,0,0,0,0,0,0,0,-50000,0,0,0,0,50000,-50000,-50000
054532,強茂國泰98購01  ,0,0,0,0,0,0,0,0,0,-50000,0,0,0,0,50000,-50000,-50000
055234,昇陽半國票98購02,0,0,0,0,0,0,0,0,0,-50000,0,0,0,0,50000,-50000,-50000
055623,貿聯國泰99購01  ,0,0,0,0,0,0,0,0,0,-50000,0,0,0,50000,100000,-50000,-50000
055874,中環元富9A購01  ,0,0,0,0,0,0,0,0,0,-50000,0,0,0,25000,75000,-50000,-50000
056259,T50反1統一9A購01,0,0,0,0,0,0,0,0,0,-50000,0,0,0,0,50000,-50000,-50000
054158,國巨日盛99購01  ,0,0,0,0,0,0,0,0,0,-50000,0,0,0,0,50000,-50000,-50000
045837,群創群益98購02  ,0,0,0,0,0,0,0,0,0,-50000,0,0,0,0,50000,-50000,-50000
059654,T50反1元大99購09,0,0,0,0,0,0,0,0,0,-50000,0,0,0,0,50000,-50000,-50000
061525,華新科凱基9A購13,0,0,0,0,0,0,0,0,0,-50000,0,0,0,0,50000,-50000,-50000
061649,緯穎元大9A購06  ,0,0,0,0,0,0,0,0,0,-50000,0,0,0,0,50000,-50000,-50000
061764,旺宏元大9B購01  ,0,0,0,0,0,0,0,0,0,-50000,0,0,0,0,50000,-50000,-50000
061447,鴻海中信04購02  ,0,0,0,0,0,0,0,0,0,-50000,0,0,0,0,50000,-50000,-50000
061951,南電群益9B購01  ,0,0,0,0,0,0,0,0,0,-50000,0,0,0,0,50000,-50000,-50000
061695,群創群益9A購01  ,0,0,0,0,0,0,0,0,0,-50000,0,0,0,0,50000,-50000,-50000
060420,神基永豐9A購01  ,0,0,0,0,0,0,0,0,0,-50000,0,0,0,0,50000,-50000,-50000
061881,緯穎元大9B購02  ,0,0,0,0,0,0,0,0,0,-50000,0,0,0,0,50000,-50000,-50000
061840,長榮航凱基9C購01,0,0,0,0,0,0,0,0,0,-50000,0,0,0,2000,52000,-50000,-50000
060981,旺宏元大9A購08  ,0,0,0,0,0,0,0,0,0,-50000,0,0,0,0,50000,-50000,-50000
060960,金像電凱基9B購01,0,0,0,0,0,0,0,0,0,-50000,0,0,0,50000,100000,-50000,-50000
059242,南亞科凱基99購06,0,0,0,0,0,0,0,0,0,-50000,0,0,0,56000,106000,-50000,-50000
062247,國巨元大9B購07  ,0,0,0,0,0,0,0,0,0,-50000,0,0,0,1000,51000,-50000,-50000
062265,南茂元大9B購01  ,0,0,0,0,0,0,0,0,0,-50000,0,0,0,11000,61000,-50000,-50000
059917,華新科元大99購19,0,0,0,0,0,0,0,0,0,-50000,0,0,0,0,50000,-50000,-50000
059194,元金2X永豐99購01,0,0,0,0,0,0,0,0,0,-50000,0,0,0,50000,100000,-50000,-50000
062909,大立光元大9C購04,0,0,0,0,0,0,0,0,0,-50000,0,0,0,58000,108000,-50000,-50000
062724,可成凱基9B購04  ,0,0,0,0,0,0,0,0,0,-50000,0,0,0,1000,51000,-50000,-50000
062563,緯穎凱基9B購03  ,0,0,0,0,0,0,0,0,0,-50000,0,0,0,0,50000,-50000,-50000
062446,聯詠元大9B購02  ,0,0,0,0,0,0,0,0,0,-50000,0,0,0,34000,84000,-50000,-50000
062290,聯發科富邦9C購04,0,0,0,0,0,0,0,0,0,-50000,0,0,0,0,50000,-50000,-50000
065269,貿聯元大9C購05  ,0,0,0,0,0,0,0,0,0,-50000,0,0,0,0,50000,-50000,-50000
065329,億豐凱基9C購02  ,0,0,0,0,0,0,0,0,0,-50000,0,0,0,0,50000,-50000,-50000
065337,華通統一01購03  ,0,0,0,0,0,0,0,0,0,-50000,0,0,0,0,50000,-50000,-50000
065099,聯茂元大9C購03  ,0,0,0,0,0,0,0,0,0,-50000,0,0,0,0,50000,-50000,-50000
065143,聯發科凱基9C購07,0,0,0,0,0,0,0,0,0,-50000,0,0,0,0,50000,-50000,-50000
065598,微星元大01購02  ,0,0,0,0,0,0,0,0,0,-50000,0,0,0,30000,80000,-50000,-50000
065555,旭富凱基01購02  ,0,0,0,0,0,0,0,0,0,-50000,0,0,0,0,50000,-50000,-50000
064584,英業達永豐9C購01,0,0,0,0,0,0,0,0,0,-50000,0,0,0,18000,68000,-50000,-50000
064642,裕隆凱基9C購01  ,0,0,0,0,0,0,0,0,0,-50000,0,0,0,0,50000,-50000,-50000
064662,鴻海元大9C購10  ,0,0,0,0,0,0,0,0,0,-50000,0,0,0,4000,54000,-50000,-50000
064657,和大元大9C購02  ,0,0,0,0,0,0,0,0,0,-50000,0,0,0,0,50000,-50000,-50000
065075,葡萄王元大01購01,0,0,0,0,0,0,0,0,0,-50000,0,0,0,134000,184000,-50000,-50000
065076,中橡元大9C購01  ,0,0,0,0,0,0,0,0,0,-50000,0,0,0,0,50000,-50000,-50000
065067,億豐群益01購01  ,0,0,0,0,0,0,0,0,0,-50000,0,0,0,0,50000,-50000,-50000
064102,宏達電群益9C購01,0,0,0,0,0,0,0,0,0,-50000,0,0,0,0,50000,-50000,-50000
064428,裕隆凱基02購01  ,0,0,0,0,0,0,0,0,0,-50000,0,0,0,0,50000,-50000,-50000
063602,金像電凱基9B購04,0,0,0,0,0,0,0,0,0,-50000,0,0,0,41000,91000,-50000,-50000
063029,喬山凱基9B購01  ,0,0,0,0,0,0,0,0,0,-50000,0,0,0,0,50000,-50000,-50000
1437,勤益控          ,11000,61000,-50000,0,0,0,0,0,0,0,0,0,0,0,0,0,-50000
6431,光麗-KY         ,3000,53000,-50000,0,0,0,0,0,0,0,0,0,0,0,0,0,-50000
4540,全球傳動        ,53000,103000,-50000,0,0,0,0,0,0,0,0,0,0,0,0,0,-50000
066604,台郡富邦04購01  ,0,0,0,0,0,0,0,0,0,-51000,0,0,0,153000,204000,-51000,-51000
07599P,台灣50凱基04售05,0,0,0,0,0,0,0,0,0,-51000,0,0,0,0,51000,-51000,-51000
08354P,旺宏元大9C售05  ,0,0,0,0,0,0,0,0,0,-51000,0,0,0,50000,101000,-51000,-51000
057636,上銀元大98購06  ,0,0,0,0,0,0,0,0,0,-51000,0,0,0,61000,112000,-51000,-51000
056890,國巨元大98購11  ,0,0,0,0,0,0,0,0,0,-51000,0,0,0,0,51000,-51000,-51000
062560,奇鋐凱基9B購02  ,0,0,0,0,0,0,0,0,0,-51000,0,0,0,178000,229000,-51000,-51000
062684,華新科統一01購02,0,0,0,0,0,0,0,0,0,-51000,0,0,0,0,51000,-51000,-51000
060170,世紀鋼永豐9A購01,0,0,0,0,0,0,0,0,0,-51000,0,0,0,0,51000,-51000,-51000
061006,新光金兆豐9A購01,0,0,0,0,0,0,0,0,0,-51000,0,0,0,89000,140000,-51000,-51000
060604,宏達電凱基9B購01,0,0,0,0,0,0,0,0,0,-51000,0,0,0,99000,150000,-51000,-51000
058950,國巨群益99購06  ,0,0,0,0,0,0,0,0,0,-51000,0,0,0,1000,52000,-51000,-51000
058949,上銀群益99購02  ,0,0,0,0,0,0,0,0,0,-51000,0,0,0,1000,52000,-51000,-51000
063937,上銀元大9C購02  ,0,0,0,0,0,0,0,0,0,-51000,0,0,0,17000,68000,-51000,-51000
065052,南六凱基02購02  ,0,0,0,0,0,0,0,0,0,-51000,0,0,0,0,51000,-51000,-51000
064627,矽格元大9C購01  ,0,0,0,0,0,0,0,0,0,-51000,0,0,0,120000,171000,-51000,-51000
064690,台光電群益9C購02,0,0,0,0,0,0,0,0,0,-51000,0,0,0,8000,59000,-51000,-51000
2233,宇隆            ,68000,119000,-51000,0,0,0,0,0,0,0,0,0,0,0,0,0,-51000
2038,海光            ,3000,52000,-49000,0,0,0,0,0,0,-2000,0,2000,-2000,0,0,0,-51000
07671P,超眾元大9A售04  ,0,0,0,0,0,0,0,0,0,-52000,0,0,0,0,52000,-52000,-52000
07245P,台積電凱基99售16,0,0,0,0,0,0,0,0,0,-52000,0,0,0,2000,54000,-52000,-52000
055486,國巨元大98購06  ,0,0,0,0,0,0,0,0,0,-52000,0,0,0,0,52000,-52000,-52000
060022,勤誠康和99購01  ,0,0,0,0,0,0,0,0,0,-52000,0,0,0,101000,153000,-52000,-52000
059844,大立光富邦9C購04,0,0,0,0,0,0,0,0,0,-52000,0,0,0,5000,57000,-52000,-52000
064904,茂林群益9C購02  ,0,0,0,0,0,0,0,0,0,-52000,0,0,0,0,52000,-52000,-52000
065227,金像電凱基9C購01,0,0,0,0,0,0,0,0,0,-52000,0,0,0,60000,112000,-52000,-52000
065215,義隆國泰02購02  ,0,0,0,0,0,0,0,0,0,-52000,0,0,0,325000,377000,-52000,-52000
065393,旺宏群益9C購04  ,0,0,0,0,0,0,0,0,0,-52000,0,0,0,2000,54000,-52000,-52000
064025,友達元大02購01  ,0,0,0,0,0,0,0,0,0,-52000,0,0,0,0,52000,-52000,-52000
063038,富邦金凱基9B購02,0,0,0,0,0,0,0,0,0,-52000,0,0,0,50000,102000,-52000,-52000
063737,大立光元大9C購07,0,0,0,0,0,0,0,0,0,-52000,0,0,0,55000,107000,-52000,-52000
08743P,群創凱基01售04  ,0,0,0,0,0,0,0,0,0,-52000,0,0,0,0,52000,-52000,-52000
2476,鉅祥            ,9000,61000,-52000,0,0,0,0,0,0,0,0,0,0,0,0,0,-52000
3004,豐達科          ,23000,75000,-52000,0,0,0,0,0,0,0,0,0,0,0,0,0,-52000
3530,晶相光          ,320000,345000,-25000,0,0,0,0,0,0,-27000,0,0,0,3000,30000,-27000,-52000
08528P,台勝科元大9C售02,0,0,0,0,0,0,0,0,0,-53000,0,0,0,6000,59000,-53000,-53000
08511P,電子類富邦9C售02,0,0,0,0,0,0,0,0,0,-53000,0,0,0,3000,56000,-53000,-53000
066615,長榮航康和01購01,0,0,0,0,0,0,0,0,0,-53000,0,0,0,0,53000,-53000,-53000
066686,鴻海元富07購05  ,0,0,0,0,0,0,0,0,0,-53000,0,0,0,0,53000,-53000,-53000
065743,宏達電麥證9C購02,0,0,0,60000,105000,-45000,0,0,0,-53000,0,0,0,60000,113000,-53000,-53000
01010T,京城樂富R1      ,0,0,0,0,0,0,0,0,0,-53000,0,53000,-53000,0,0,0,-53000
056386,TPK國泰99購01   ,0,0,0,0,0,0,0,0,0,-53000,0,0,0,3000,56000,-53000,-53000
057665,技嘉元大99購01  ,0,0,0,0,0,0,0,0,0,-53000,0,0,0,5000,58000,-53000,-53000
057841,茂林富邦9A購02  ,0,0,0,0,0,0,0,0,0,-53000,0,0,0,47000,100000,-53000,-53000
060023,T50反1國泰9A購03,0,0,0,0,0,0,0,0,0,-53000,0,0,0,0,53000,-53000,-53000
061661,京鼎永豐9A購02  ,0,0,0,0,0,0,0,0,0,-53000,0,0,0,184000,237000,-53000,-53000
063343,美律統一9C購01  ,0,0,0,0,0,0,0,0,0,-53000,0,0,0,17000,70000,-53000,-53000
063369,聚陽永豐9B購01  ,0,0,0,0,0,0,0,0,0,-53000,0,0,0,90000,143000,-53000,-53000
064427,喬山凱基01購01  ,0,0,0,0,0,0,0,0,0,-53000,0,0,0,0,53000,-53000,-53000
065085,聯發科元大01購02,0,0,0,0,0,0,0,0,0,-53000,0,0,0,24000,77000,-53000,-53000
2450,神腦            ,1000,51000,-50000,0,0,0,0,0,0,-3000,0,3000,-3000,0,0,0,-53000
08738P,TPK凱基01售02   ,0,0,0,0,0,0,0,0,0,-53000,0,0,0,0,53000,-53000,-53000
1587,吉茂            ,35000,87000,-52000,0,0,0,0,0,0,-1000,1000,2000,-1000,0,0,0,-53000
065738,國巨麥證9C購04  ,0,0,0,2000,56000,-54000,0,0,0,-54000,0,0,0,2000,56000,-54000,-54000
065952,聯發科統一03購02,0,0,0,0,0,0,0,0,0,-54000,0,0,0,615000,669000,-54000,-54000
066141,盛群群益01購01  ,0,0,0,0,0,0,0,0,0,-54000,0,0,0,7000,61000,-54000,-54000
066033,南六群益02購01  ,0,0,0,0,0,0,0,0,0,-54000,0,0,0,0,54000,-54000,-54000
06699P,台積電統一98售11,0,0,0,0,0,0,0,0,0,-54000,0,0,0,0,54000,-54000,-54000
08115P,聯發科凱基9B售13,0,0,0,0,0,0,0,0,0,-54000,0,0,0,0,54000,-54000,-54000
08070P,晶技國泰9C售02  ,0,0,0,0,0,0,0,0,0,-54000,0,0,0,0,54000,-54000,-54000
07326P,大立光元大99售23,0,0,0,0,0,0,0,0,0,-54000,0,0,0,1000,55000,-54000,-54000
07196P,大立光元大99售13,0,0,0,0,0,0,0,0,0,-54000,0,0,0,0,54000,-54000,-54000
07764P,世紀鋼永豐9A售04,0,0,0,0,0,0,0,0,0,-54000,0,0,0,30000,84000,-54000,-54000
07854P,台積電凱基9A售28,0,0,0,0,0,0,0,0,0,-54000,0,0,0,0,54000,-54000,-54000
057079,台積電統一9A購02,0,0,0,0,0,0,0,0,0,-54000,0,0,0,0,54000,-54000,-54000
060824,旺宏元大9A購06  ,0,0,0,0,0,0,0,0,0,-54000,0,0,0,0,54000,-54000,-54000
060322,卜蜂群益9A購01  ,0,0,0,0,0,0,0,0,0,-54000,0,0,0,2000,56000,-54000,-54000
061065,神基凱基9A購01  ,0,0,0,0,0,0,0,0,0,-54000,0,0,0,1000,55000,-54000,-54000
061030,喬山永豐9A購01  ,0,0,0,0,0,0,0,0,0,-54000,0,0,0,0,54000,-54000,-54000
061489,高鐵兆豐9A購01  ,0,0,0,0,0,0,0,0,0,-54000,0,0,0,0,54000,-54000,-54000
059042,世紀鋼群益99購02,0,0,0,0,0,0,0,0,0,-54000,0,0,0,0,54000,-54000,-54000
061897,泰碩永豐9B購01  ,0,0,0,0,0,0,0,0,0,-54000,0,0,0,14000,68000,-54000,-54000
060232,友訊元大9C購01  ,0,0,0,0,0,0,0,0,0,-54000,0,0,0,2000,56000,-54000,-54000
063009,國巨元大9B購18  ,0,0,0,0,0,0,0,0,0,-54000,0,0,0,0,54000,-54000,-54000
065545,華通兆豐9C購03  ,0,0,0,0,0,0,0,0,0,-54000,0,0,0,0,54000,-54000,-54000
064895,奇力新群益9C購02,0,0,0,0,0,0,0,0,0,-54000,0,0,0,0,54000,-54000,-54000
063127,TPK元大9B購02   ,0,0,0,0,0,0,0,0,0,-54000,0,0,0,0,54000,-54000,-54000
07274P,上証2X群益01售01,0,0,0,0,0,0,0,0,0,-55000,0,0,0,28000,83000,-55000,-55000
08219P,上銀凱基9B售08  ,0,0,0,0,0,0,0,0,0,-55000,0,0,0,5000,60000,-55000,-55000
08635P,大成鋼國票01售01,0,0,0,0,0,0,0,0,0,-55000,0,0,0,0,55000,-55000,-55000
06770P,台灣50第一9C售01,0,0,0,0,0,0,0,0,0,-55000,0,0,0,160000,215000,-55000,-55000
065700,京元電群益9C購01,0,0,0,0,0,0,0,0,0,-55000,0,0,0,0,55000,-55000,-55000
065819,京鼎元富03購01  ,0,0,0,0,0,0,0,0,0,-55000,0,0,0,713000,768000,-55000,-55000
058012,鈺齊國票99購01  ,0,0,0,0,0,0,0,0,0,-55000,0,0,0,0,55000,-55000,-55000
056075,瀚宇博元大97購03,0,0,0,0,0,0,0,0,0,-55000,0,0,0,0,55000,-55000,-55000
062158,禾伸堂凱基9B購01,0,0,0,0,0,0,0,0,0,-55000,0,0,0,0,55000,-55000,-55000
059928,道瓊銀富邦03購01,0,0,0,0,0,0,0,0,0,-55000,0,0,0,150000,205000,-55000,-55000
060167,禾聯碩永豐9A購01,0,0,0,0,0,0,0,0,0,-55000,0,0,0,0,55000,-55000,-55000
060052,宏碁凱基99購01  ,0,0,0,0,0,0,0,0,0,-55000,0,0,0,20000,75000,-55000,-55000
063125,華擎元大9C購02  ,0,0,0,0,0,0,0,0,0,-55000,0,0,0,142000,197000,-55000,-55000
063108,世紀鋼群益9C購01,0,0,0,0,0,0,0,0,0,-55000,0,0,0,35000,90000,-55000,-55000
063147,東元元富9B購01  ,0,0,0,0,0,0,0,0,0,-55000,0,0,0,83000,138000,-55000,-55000
063232,裕隆元大9B購01  ,0,0,0,0,0,0,0,0,0,-55000,0,0,0,0,55000,-55000,-55000
064416,南亞科中信01購01,0,0,0,0,0,0,0,0,0,-55000,0,0,0,21000,76000,-55000,-55000
065072,和大元大9C購03  ,0,0,0,0,0,0,0,0,0,-55000,0,0,0,0,55000,-55000,-55000
2466,冠西電          ,1000,56000,-55000,0,0,0,0,0,0,0,0,0,0,0,0,0,-55000
6525,捷敏-KY         ,29000,82000,-53000,0,0,0,0,0,0,-2000,0,2000,-2000,0,0,0,-55000
065701,聯發科群益9C購13,0,0,0,0,0,0,0,0,0,-56000,0,0,0,23000,79000,-56000,-56000
065745,裕隆元大9C購03  ,0,0,0,0,0,0,0,0,0,-56000,0,0,0,0,56000,-56000,-56000
066025,宏達電群益01購01,0,0,0,0,0,0,0,0,0,-56000,0,0,0,0,56000,-56000,-56000
066277,敦泰元大01購02  ,0,0,0,0,0,0,0,0,0,-56000,0,0,0,193000,249000,-56000,-56000
08154P,上銀元富9B售04  ,0,0,0,0,0,0,0,0,0,-56000,0,0,0,220000,276000,-56000,-56000
08111P,臺股指中信01售06,0,0,0,0,0,0,0,0,0,-56000,0,0,0,25000,81000,-56000,-56000
08382P,國巨群益01售02  ,0,0,0,0,0,0,0,0,0,-56000,0,0,0,0,56000,-56000,-56000
057510,泰碩統一98購02  ,0,0,0,0,0,0,0,0,0,-56000,0,0,0,6000,62000,-56000,-56000
054511,香港反元大98購01,0,0,0,0,0,0,0,0,0,-56000,0,0,0,1000,57000,-56000,-56000
060777,茂林凱基9C購01  ,0,0,0,0,0,0,0,0,0,-56000,0,0,0,100000,156000,-56000,-56000
060785,國巨富邦9B購04  ,0,0,0,0,0,0,0,0,0,-56000,0,0,0,10000,66000,-56000,-56000
062069,喬山元大9B購01  ,0,0,0,0,0,0,0,0,0,-56000,0,0,0,4000,60000,-56000,-56000
059075,FBVIX元大99購01 ,0,0,0,0,0,0,0,0,0,-56000,0,0,0,0,56000,-56000,-56000
064856,GIS國泰02購01   ,0,0,0,0,0,0,0,0,0,-56000,0,0,0,65000,121000,-56000,-56000
064274,燿華元大9C購01  ,0,0,0,0,0,0,0,0,0,-56000,0,0,0,72000,128000,-56000,-56000
063658,瑞祺元富9B購01  ,0,0,0,0,0,0,0,0,0,-56000,0,0,0,140000,196000,-56000,-56000
2430,燦坤            ,27000,81000,-54000,0,0,0,0,0,0,-2000,0,2000,-2000,0,0,0,-56000
2413,環科            ,210000,264000,-54000,0,0,0,0,0,0,-2000,0,2000,-2000,0,0,0,-56000
1457,宜進            ,0,56000,-56000,0,0,0,0,0,0,0,0,0,0,0,0,0,-56000
08196P,上銀元大9B售07  ,0,0,0,0,0,0,0,0,0,-57000,0,0,0,16000,73000,-57000,-57000
08632P,聯發科元大9C售19,0,0,0,0,0,0,0,0,0,-57000,0,0,0,13000,70000,-57000,-57000
08659P,聯發科統一9C售20,0,0,0,0,0,0,0,0,0,-57000,0,0,0,23000,80000,-57000,-57000
07895P,美律元大9B售01  ,0,0,0,0,0,0,0,0,0,-57000,0,0,0,93000,150000,-57000,-57000
055787,聯茂凱基99購01  ,0,0,0,0,0,0,0,0,0,-57000,0,0,0,0,57000,-57000,-57000
058504,台積電元大99購07,0,0,0,0,0,0,0,0,0,-57000,0,0,0,35000,92000,-57000,-57000
054272,華通中信98購01  ,0,0,0,0,0,0,0,0,0,-57000,0,0,0,38000,95000,-57000,-57000
058883,旭富永豐99購01  ,0,0,0,0,0,0,0,0,0,-57000,0,0,0,0,57000,-57000,-57000
062052,華通統一01購01  ,0,0,0,0,0,0,0,0,0,-57000,0,0,0,36000,93000,-57000,-57000
059251,大立光凱基9A購04,0,0,0,0,0,0,0,0,0,-57000,0,0,0,0,57000,-57000,-57000
058788,喬山元大99購01  ,0,0,0,0,0,0,0,0,0,-57000,0,0,0,0,57000,-57000,-57000
062573,大毅群益9B購03  ,0,0,0,0,0,0,0,0,0,-57000,0,0,0,40000,97000,-57000,-57000
063174,臺股指中信01購04,0,0,0,0,0,0,0,0,0,-57000,0,0,0,2000,59000,-57000,-57000
065066,南電群益9C購02  ,0,0,0,0,0,0,0,0,0,-57000,0,0,0,0,57000,-57000,-57000
064960,世紀鋼凱基03購01,0,0,0,0,0,0,0,0,0,-57000,0,0,0,10000,67000,-57000,-57000
2832,台產            ,0,57000,-57000,0,0,0,0,0,0,0,0,0,0,0,0,0,-57000
3607,谷崧            ,10000,61000,-51000,0,0,0,0,0,0,-6000,0,6000,-6000,0,0,0,-57000
4722,國精化          ,0,58000,-58000,0,0,0,0,0,0,1000,1000,0,1000,0,0,0,-57000
01002T,土銀國泰R1      ,0,57021,-57021,0,0,0,0,0,0,0,0,0,0,0,0,0,-57021
08264P,南電元大9C售02  ,0,0,0,0,0,0,0,0,0,-58000,0,0,0,60000,118000,-58000,-58000
066676,A50正2兆豐03購01,0,0,0,0,0,0,0,0,0,-58000,0,0,0,5000,63000,-58000,-58000
066757,南港永豐01購01  ,0,0,0,0,0,0,0,0,0,-58000,0,0,0,0,58000,-58000,-58000
066464,台郡統一02購02  ,0,0,0,0,0,0,0,0,0,-58000,0,0,0,748000,806000,-58000,-58000
00681R,元大美債20反1   ,0,81000,-81000,0,0,0,0,0,0,23000,0,0,0,43000,20000,23000,-58000
058356,華邦電凱基99購01,0,0,0,0,0,0,0,0,0,-58000,0,0,0,0,58000,-58000,-58000
058385,創意中信99購01  ,0,0,0,0,0,0,0,0,0,-58000,0,0,0,68000,126000,-58000,-58000
055261,帆宣統一98購01  ,0,0,0,0,0,0,0,0,0,-58000,0,0,0,30000,88000,-58000,-58000
060688,世紀鋼元大9C購01,0,0,0,0,0,0,0,0,0,-58000,0,0,0,77000,135000,-58000,-58000
058078,景碩國票99購01  ,0,0,0,0,0,0,0,0,0,-58000,0,0,0,4000,62000,-58000,-58000
061940,世紀鋼國票9C購01,0,0,0,0,0,0,0,0,0,-58000,0,0,0,0,58000,-58000,-58000
064908,世紀鋼群益01購02,0,0,0,0,0,0,0,0,0,-58000,0,0,0,40000,98000,-58000,-58000
064592,同欣電永豐9C購01,0,0,0,0,0,0,0,0,0,-58000,0,0,0,10000,68000,-58000,-58000
064560,技嘉群益01購01  ,0,0,0,0,0,0,0,0,0,-58000,0,0,0,62000,120000,-58000,-58000
2702,華園            ,12000,70000,-58000,0,0,0,0,0,0,0,0,0,0,0,0,0,-58000
065695,友訊群益01購02  ,0,0,0,0,0,0,0,0,0,-59000,0,0,0,0,59000,-59000,-59000
08159P,日月光元富9B售01,0,0,0,0,0,0,0,0,0,-59000,0,0,0,40000,99000,-59000,-59000
08411P,技嘉凱基9C售01  ,0,0,0,0,0,0,0,0,0,-59000,0,0,0,17000,76000,-59000,-59000
056852,矽格元富98購01  ,0,0,0,0,0,0,0,0,0,-59000,0,0,0,2000,61000,-59000,-59000
057646,玉山金元大98購01,0,0,0,0,0,0,0,0,0,-59000,0,0,0,41000,100000,-59000,-59000
057616,聯電凱基99購01  ,0,0,0,0,0,0,0,0,0,-59000,0,0,0,21000,80000,-59000,-59000
057164,國巨元大98購14  ,0,0,0,0,0,0,0,0,0,-59000,0,0,0,1000,60000,-59000,-59000
057495,牧德元大99購04  ,0,0,0,0,0,0,0,0,0,-59000,0,0,0,9000,68000,-59000,-59000
062281,奇鋐群益9B購01  ,0,0,0,0,0,0,0,0,0,-59000,0,0,0,68000,127000,-59000,-59000
064572,同欣電群益9C購02,0,0,0,0,0,0,0,0,0,-59000,0,0,0,10000,69000,-59000,-59000
063130,聯茂元大9B購02  ,0,0,0,0,0,0,0,0,0,-59000,0,0,0,0,59000,-59000,-59000
063450,華新科統一02購01,0,0,0,0,0,0,0,0,0,-59000,0,0,0,10000,69000,-59000,-59000
064226,TPK國票01購01   ,0,0,0,0,0,0,0,0,0,-59000,0,0,0,9000,68000,-59000,-59000
6128,上福            ,0,59000,-59000,0,0,0,0,0,0,0,0,0,0,0,0,0,-59000
8463,潤泰材          ,78000,135000,-57000,0,0,0,0,0,0,-2000,0,2000,-2000,0,0,0,-59000
08172P,台積電凱基03售02,0,0,0,0,0,0,0,0,0,-60000,0,0,0,0,60000,-60000,-60000
08176P,國巨元大9B售20  ,0,0,0,0,0,0,0,0,0,-60000,0,0,0,0,60000,-60000,-60000
08042P,臺股指群益9B售15,0,0,0,0,0,0,0,0,0,-60000,0,0,0,139000,199000,-60000,-60000
08222P,南六凱基9B售05  ,0,0,0,0,0,0,0,0,0,-60000,0,0,0,0,60000,-60000,-60000
08303P,聯發科富邦9C售05,0,0,0,0,0,0,0,0,0,-60000,0,0,0,40000,100000,-60000,-60000
08319P,台積電統一9C售11,0,0,0,0,0,0,0,0,0,-60000,0,0,0,0,60000,-60000,-60000
07856P,力成凱基9A售02  ,0,0,0,0,0,0,0,0,0,-60000,0,0,0,0,60000,-60000,-60000
08014P,微星凱基9B售02  ,0,0,0,0,0,0,0,0,0,-60000,0,0,0,30000,90000,-60000,-60000
07922P,大立光群益9B售05,0,0,0,0,0,0,0,0,0,-60000,0,0,0,1000,61000,-60000,-60000
07225P,台積電元大99售33,0,0,0,0,0,0,0,0,0,-60000,0,0,0,0,60000,-60000,-60000
07200P,臺股指元大99售16,0,0,0,0,0,0,0,0,0,-60000,0,0,0,0,60000,-60000,-60000
06956P,國巨日盛99售04  ,0,0,0,0,0,0,0,0,0,-60000,0,0,0,34000,94000,-60000,-60000
06959P,鴻海凱基9A售02  ,0,0,0,0,0,0,0,0,0,-60000,0,0,0,10000,70000,-60000,-60000
065696,旺宏群益9C購06  ,0,0,0,0,0,0,0,0,0,-60000,0,0,0,0,60000,-60000,-60000
065834,億豐凱基03購01  ,0,0,0,0,0,0,0,0,0,-60000,0,0,0,0,60000,-60000,-60000
066594,聯詠群益01購01  ,0,0,0,0,0,0,0,0,0,-60000,0,0,0,0,60000,-60000,-60000
066859,華擎國票02購01  ,0,0,0,0,0,0,0,0,0,-60000,0,0,0,0,60000,-60000,-60000
03840P,台積電統一99售02,0,0,0,0,0,0,0,0,0,-60000,0,0,0,0,60000,-60000,-60000
053723,奇鋐凱基98購01  ,0,0,0,0,0,0,0,0,0,-60000,0,0,0,6000,66000,-60000,-60000
056325,群創兆豐9A購01  ,0,0,0,0,0,0,0,0,0,-60000,0,0,0,0,60000,-60000,-60000
048236,A50正2國票97購02,0,0,0,0,0,0,0,0,0,-60000,0,0,0,0,60000,-60000,-60000
056946,國巨統一98購05  ,0,0,0,0,0,0,0,0,0,-60000,0,0,0,0,60000,-60000,-60000
061084,京元電兆豐9A購02,0,0,0,0,0,0,0,0,0,-60000,0,0,0,10000,70000,-60000,-60000
061189,可成富邦9B購02  ,0,0,0,0,0,0,0,0,0,-60000,0,0,0,0,60000,-60000,-60000
057272,台積電元大98購14,0,0,0,0,0,0,0,0,0,-60000,0,0,0,0,60000,-60000,-60000
057960,聯鈞元大98購02  ,0,0,0,0,0,0,0,0,0,-60000,0,0,0,27000,87000,-60000,-60000
062133,大成鋼群益9B購01,0,0,0,0,0,0,0,0,0,-60000,0,0,0,25000,85000,-60000,-60000
059815,SP黃豆凱基9A購03,0,0,0,0,0,0,0,0,0,-60000,0,0,0,0,60000,-60000,-60000
062912,新日興元大9B購01,0,0,0,0,0,0,0,0,0,-60000,0,0,0,20000,80000,-60000,-60000
061918,上銀凱基9B購02  ,0,0,0,0,0,0,0,0,0,-60000,0,0,0,0,60000,-60000,-60000
059480,美律群益9A購01  ,0,0,0,0,0,0,0,0,0,-60000,0,0,0,0,60000,-60000,-60000
060937,T50反1國票9A購10,0,0,0,0,0,0,0,0,0,-60000,0,0,0,0,60000,-60000,-60000
061439,寶成凱基9A購01  ,0,0,0,0,0,0,0,0,0,-60000,0,0,0,0,60000,-60000,-60000
061600,聯電凱基9B購01  ,0,0,0,0,0,0,0,0,0,-60000,0,0,0,13000,73000,-60000,-60000
063967,華新科國票01購01,0,0,0,0,0,0,0,0,0,-60000,0,0,0,0,60000,-60000,-60000
063102,旺宏群益9B購03  ,0,0,0,0,0,0,0,0,0,-60000,0,0,0,0,60000,-60000,-60000
063236,旺宏元大9B購07  ,0,0,0,0,0,0,0,0,0,-60000,0,0,0,0,60000,-60000,-60000
064542,聯電凱基02購01  ,0,0,0,0,0,0,0,0,0,-60000,0,0,0,5000,65000,-60000,-60000
064943,聚陽凱基9C購01  ,0,0,0,0,0,0,0,0,0,-60000,0,0,0,0,60000,-60000,-60000
065139,華通凱基03購01  ,0,0,0,0,0,0,0,0,0,-60000,0,0,0,0,60000,-60000,-60000
065222,玉晶光永豐9C購07,0,0,0,0,0,0,0,0,0,-60000,0,0,0,23000,83000,-60000,-60000
065602,聯發科元大9C購15,0,0,0,0,0,0,0,0,0,-60000,0,0,0,1000,61000,-60000,-60000
065632,正崴國票01購01  ,0,0,0,0,0,0,0,0,0,-60000,0,0,0,0,60000,-60000,-60000
3164,景岳            ,13000,72000,-59000,0,0,0,0,0,0,-1000,0,1000,-1000,0,0,0,-60000
2850,新產            ,0,58000,-58000,0,0,0,0,0,0,-2000,0,2000,-2000,0,0,0,-60000
065773,鴻海國票03購01  ,0,0,0,0,0,0,0,0,0,-61000,0,0,0,0,61000,-61000,-61000
07319P,台積電凱基01售02,0,0,0,0,0,0,0,0,0,-61000,0,0,0,0,61000,-61000,-61000
07975P,國巨元大9B售15  ,0,0,0,0,0,0,0,0,0,-61000,0,0,0,0,61000,-61000,-61000
058203,信邦凱基99購01  ,0,0,0,0,0,0,0,0,0,-61000,0,0,0,10000,71000,-61000,-61000
057329,緯穎群益98購02  ,0,0,0,0,0,0,0,0,0,-61000,0,0,0,7000,68000,-61000,-61000
061086,FBVIX統一01購01 ,0,0,0,0,0,0,0,0,0,-61000,0,0,0,0,61000,-61000,-61000
057494,玉晶光元大99購09,0,0,0,0,0,0,0,0,0,-61000,0,0,0,46000,107000,-61000,-61000
058358,技嘉凱基9A購01  ,0,0,0,0,0,0,0,0,0,-61000,0,0,0,6000,67000,-61000,-61000
061960,國巨統一01購05  ,0,0,0,0,0,0,0,0,0,-61000,0,0,0,0,61000,-61000,-61000
058750,緯穎凱基9A購03  ,0,0,0,0,0,0,0,0,0,-61000,0,0,0,22000,83000,-61000,-61000
062150,南六國票9B購01  ,0,0,0,0,0,0,0,0,0,-61000,0,0,0,27000,88000,-61000,-61000
064048,大立光統一9C購07,0,0,0,0,0,0,0,0,0,-61000,0,0,0,2241000,2302000,-61000,-61000
4552,力達-KY         ,27000,88000,-61000,0,0,0,0,0,0,0,0,0,0,0,0,0,-61000
07953P,健策元大9B售07  ,0,0,0,0,0,0,0,0,0,-62000,0,0,0,44000,106000,-62000,-62000
07310P,大立光凱基99售12,0,0,0,0,0,0,0,0,0,-62000,0,0,0,1000,63000,-62000,-62000
07366P,國巨康和99售02  ,0,0,0,0,0,0,0,0,0,-62000,0,0,0,183000,245000,-62000,-62000
07129P,華新科元大99售14,0,0,0,0,0,0,0,0,0,-62000,0,0,0,60000,122000,-62000,-62000
08370P,台積電凱基01售06,0,0,0,0,0,0,0,0,0,-62000,0,0,0,10000,72000,-62000,-62000
055891,鴻海統一9A購01  ,0,0,0,0,0,0,0,0,0,-62000,0,0,0,19000,81000,-62000,-62000
00654R,富邦印度反1     ,0,0,0,0,0,0,0,0,0,-62000,0,0,0,0,62000,-62000,-62000
00641R,富邦日本反1     ,0,16000,-16000,0,0,0,0,0,0,-46000,0,0,0,141000,187000,-46000,-62000
057181,亞光元大98購02  ,0,0,0,0,0,0,0,0,0,-62000,0,0,0,96000,158000,-62000,-62000
057903,聯鈞永豐99購01  ,0,0,0,0,0,0,0,0,0,-62000,0,0,0,135000,197000,-62000,-62000
062577,泰鼎群益9B購01  ,0,0,0,0,0,0,0,0,0,-62000,0,0,0,0,62000,-62000,-62000
061713,華邦電凱基9A購01,0,0,0,0,0,0,0,0,0,-62000,0,0,0,0,62000,-62000,-62000
059663,旭富元大9C購02  ,0,0,0,0,0,0,0,0,0,-62000,0,0,0,12000,74000,-62000,-62000
064213,大立光凱基03購01,0,0,0,0,0,0,0,0,0,-62000,0,0,0,11000,73000,-62000,-62000
065656,聯發科國泰03購01,0,0,0,0,0,0,0,0,0,-62000,0,0,0,300000,362000,-62000,-62000
065268,嘉澤元大9C購02  ,0,0,0,0,0,0,0,0,0,-62000,0,0,0,44000,106000,-62000,-62000
08355P,智邦元大9C售03  ,0,0,0,0,0,0,0,0,0,-63000,0,0,0,38000,101000,-63000,-63000
08517P,奇力新群益9C售03,0,0,0,0,0,0,0,0,0,-63000,0,0,0,110000,173000,-63000,-63000
08656P,大立光群益9C售07,0,0,0,0,0,0,0,0,0,-63000,0,0,0,0,63000,-63000,-63000
07944P,華新科元大9B售08,0,0,0,0,0,0,0,0,0,-63000,0,0,0,65000,128000,-63000,-63000
066087,大毅永豐01購02  ,0,0,0,0,0,0,0,0,0,-63000,0,0,0,6000,69000,-63000,-63000
06723P,台灣50麥證99售01,0,0,0,126000,159000,-33000,0,0,0,-63000,0,0,0,126000,189000,-63000,-63000
056894,佳世達元大99購01,0,0,0,0,0,0,0,0,0,-63000,0,0,0,47000,110000,-63000,-63000
060881,玉山金中信02購01,0,0,0,0,0,0,0,0,0,-63000,0,0,0,3000,66000,-63000,-63000
065515,大立光群益02購01,0,0,0,0,0,0,0,0,0,-63000,0,0,0,20000,83000,-63000,-63000
065448,緯創統一9C購01  ,0,0,0,0,0,0,0,0,0,-63000,0,0,0,0,63000,-63000,-63000
064797,道瓊反元大01購01,0,0,0,0,0,0,0,0,0,-63000,0,0,0,0,63000,-63000,-63000
064617,台光電元大01購01,0,0,0,0,0,0,0,0,0,-63000,0,0,0,90000,153000,-63000,-63000
4560,強信-KY         ,126000,187000,-61000,0,0,0,0,0,0,-2000,0,2000,-2000,0,0,0,-63000
5285,界霖            ,53000,115000,-62000,0,0,0,0,0,0,-1000,0,1000,-1000,0,0,0,-63000
6197,佳必琪          ,711000,773000,-62000,0,0,0,0,0,0,-1000,0,1000,-1000,0,0,0,-63000
1229,聯華            ,422000,479050,-57050,0,0,0,0,2000,-2000,-4000,0,4000,-4000,0,0,0,-63050
061508,南六國泰9C購02  ,0,0,0,0,0,0,0,0,0,-64000,0,0,0,10000,74000,-64000,-64000
060953,富邦金群益9A購01,0,0,0,0,0,0,0,0,0,-64000,0,0,0,0,64000,-64000,-64000
062227,南六統一01購02  ,0,0,0,0,0,0,0,0,0,-64000,0,0,0,21000,85000,-64000,-64000
064655,聚陽元大9C購02  ,0,0,0,0,0,0,0,0,0,-64000,0,0,0,140000,204000,-64000,-64000
064667,大立光元大02購01,0,0,0,0,0,0,0,0,0,-64000,0,0,0,106000,170000,-64000,-64000
065470,聚陽元大01購01  ,0,0,0,0,0,0,0,0,0,-64000,0,0,0,0,64000,-64000,-64000
065354,金像電元富03購01,0,0,0,0,0,0,0,0,0,-64000,0,0,0,31000,95000,-64000,-64000
063484,達方元大9B購01  ,0,0,0,0,0,0,0,0,0,-64000,0,0,0,197000,261000,-64000,-64000
3028,增你強          ,2000,66000,-64000,0,0,0,0,0,0,0,0,0,0,0,0,0,-64000
2495,普安            ,0,58000,-58000,0,0,0,0,0,0,-6000,0,6000,-6000,0,0,0,-64000
07133P,臺股指元大9A售27,0,0,0,0,0,0,0,0,0,-65000,0,0,0,35000,100000,-65000,-65000
07224P,鴻海元大9A售02  ,0,0,0,0,0,0,0,0,0,-65000,0,0,0,30000,95000,-65000,-65000
07248P,可成凱基99售06  ,0,0,0,0,0,0,0,0,0,-65000,0,0,0,0,65000,-65000,-65000
08273P,國巨元富9C售02  ,0,0,0,0,0,0,0,0,0,-65000,0,0,0,0,65000,-65000,-65000
08213P,台光電統一9B售03,0,0,0,0,0,0,0,0,0,-65000,0,0,0,45000,110000,-65000,-65000
00672L,元大S&P原油正2  ,0,0,0,0,0,0,0,0,0,-65000,0,0,0,70000,135000,-65000,-65000
056408,奇鋐國票99購01  ,0,0,0,0,0,0,0,0,0,-65000,0,0,0,0,65000,-65000,-65000
055713,國巨元大98購09  ,0,0,0,0,0,0,0,0,0,-65000,0,0,0,0,65000,-65000,-65000
062688,華擎統一01購03  ,0,0,0,0,0,0,0,0,0,-65000,0,0,0,212000,277000,-65000,-65000
060327,美律群益9A購02  ,0,0,0,0,0,0,0,0,0,-65000,0,0,0,30000,95000,-65000,-65000
059097,世紀鋼元大99購05,0,0,0,0,0,0,0,0,0,-65000,0,0,0,344000,409000,-65000,-65000
064051,新日興統一01購01,0,0,0,0,0,0,0,0,0,-65000,0,0,0,62000,127000,-65000,-65000
065364,國巨元大9C購18  ,0,0,0,0,0,0,0,0,0,-65000,0,0,0,5000,70000,-65000,-65000
065651,中磊元大9C購01  ,0,0,0,0,0,0,0,0,0,-65000,0,0,0,107000,172000,-65000,-65000
064925,和碩統一02購01  ,0,0,0,0,0,0,0,0,0,-65000,0,0,0,0,65000,-65000,-65000
3032,偉訓            ,31000,87000,-56000,0,0,0,0,0,0,-9000,0,9000,-9000,0,0,0,-65000
9935,慶豐富          ,184000,249000,-65000,0,0,0,0,0,0,0,0,0,0,0,0,0,-65000
08560P,茂林國票01售01  ,0,0,0,0,0,0,0,0,0,-66000,0,0,0,90000,156000,-66000,-66000
06782P,大立光元大99售07,0,0,0,0,0,0,0,0,0,-66000,0,0,0,60000,126000,-66000,-66000
06679P,旺宏元大98售09  ,0,0,0,0,0,0,0,0,0,-66000,0,0,0,250000,316000,-66000,-66000
054164,強茂凱基98購01  ,0,0,0,0,0,0,0,0,0,-66000,0,0,0,59000,125000,-66000,-66000
060868,致伸永豐9A購01  ,0,0,0,0,0,0,0,0,0,-66000,0,0,0,58000,124000,-66000,-66000
057154,易華電國泰99購01,0,0,0,0,0,0,0,0,0,-66000,0,0,0,77000,143000,-66000,-66000
059560,T50反1凱基99購08,0,0,0,0,0,0,0,0,0,-66000,0,0,0,0,66000,-66000,-66000
060346,華新科統一01購01,0,0,0,0,0,0,0,0,0,-66000,0,0,0,50000,116000,-66000,-66000
060164,合勤控永豐9A購01,0,0,0,0,0,0,0,0,0,-66000,0,0,0,24000,90000,-66000,-66000
064913,燿華統一02購01  ,0,0,0,0,0,0,0,0,0,-66000,0,0,0,0,66000,-66000,-66000
06453P,群創元大9B售02  ,0,0,0,0,0,0,0,0,0,-66000,0,0,0,34000,100000,-66000,-66000
3022,威強電          ,71000,137000,-66000,0,0,0,0,0,0,0,0,0,0,0,0,0,-66000
066056,聯鈞元大01購02  ,0,0,0,0,0,0,0,0,0,-67000,0,0,0,0,67000,-67000,-67000
066096,友訊中信05購02  ,0,0,0,0,0,0,0,0,0,-67000,0,0,0,0,67000,-67000,-67000
065983,亞德客國泰03購01,0,0,0,0,0,0,0,0,0,-67000,0,0,0,68000,135000,-67000,-67000
08238P,嘉晶永豐9B售03  ,0,0,0,0,0,0,0,0,0,-67000,0,0,0,0,67000,-67000,-67000
06865P,亞德客元大98售04,0,0,0,0,0,0,0,0,0,-67000,0,0,0,12000,79000,-67000,-67000
062718,技嘉凱基9B購01  ,0,0,0,0,0,0,0,0,0,-67000,0,0,0,31000,98000,-67000,-67000
062654,技嘉永豐9B購01  ,0,0,0,0,0,0,0,0,0,-67000,0,0,0,43000,110000,-67000,-67000
062546,新日興永豐9B購01,0,0,0,0,0,0,0,0,0,-67000,0,0,0,271000,338000,-67000,-67000
058831,茂林永豐99購01  ,0,0,0,0,0,0,0,0,0,-67000,0,0,0,1000,68000,-67000,-67000
065149,遠東新群益9C購01,0,0,0,0,0,0,0,0,0,-67000,0,0,0,0,67000,-67000,-67000
064205,台灣50凱基01購14,0,0,0,0,0,0,0,0,0,-67000,0,0,0,18000,85000,-67000,-67000
066057,華擎元大02購01  ,0,0,0,0,0,0,0,0,0,-68000,0,0,0,21000,89000,-68000,-68000
060799,茂林永豐9A購01  ,0,0,0,0,0,0,0,0,0,-68000,0,0,0,0,68000,-68000,-68000
058559,華新科日盛99購02,0,0,0,0,0,0,0,0,0,-68000,0,0,0,0,68000,-68000,-68000
058144,聯茂元大99購02  ,0,0,0,0,0,0,0,0,0,-68000,0,0,0,0,68000,-68000,-68000
057700,新日興群益9A購01,0,0,0,0,0,0,0,0,0,-68000,0,0,0,40000,108000,-68000,-68000
057486,美律元大98購04  ,0,0,0,0,0,0,0,0,0,-68000,0,0,0,0,68000,-68000,-68000
061497,大立光國票9A購09,0,0,0,0,0,0,0,0,0,-68000,0,0,0,2000,70000,-68000,-68000
060415,葡萄王永豐9A購01,0,0,0,0,0,0,0,0,0,-68000,0,0,0,0,68000,-68000,-68000
062357,國巨元大9B購11  ,0,0,0,0,0,0,0,0,0,-68000,0,0,0,0,68000,-68000,-68000
062402,台勝科永豐9B購02,0,0,0,0,0,0,0,0,0,-68000,0,0,0,0,68000,-68000,-68000
062230,緯穎統一01購01  ,0,0,0,0,0,0,0,0,0,-68000,0,0,0,548000,616000,-68000,-68000
062251,旺宏元大9B購06  ,0,0,0,0,0,0,0,0,0,-68000,0,0,0,0,68000,-68000,-68000
064390,台塑永豐9C購01  ,0,0,0,0,0,0,0,0,0,-68000,0,0,0,0,68000,-68000,-68000
063627,上銀元大9B購09  ,0,0,0,0,0,0,0,0,0,-68000,0,0,0,0,68000,-68000,-68000
065142,華邦電凱基01購01,0,0,0,0,0,0,0,0,0,-68000,0,0,0,0,68000,-68000,-68000
065360,和大元大01購03  ,0,0,0,0,0,0,0,0,0,-68000,0,0,0,0,68000,-68000,-68000
08766P,臺股指中信03售03,0,0,0,0,0,0,0,0,0,-68000,0,0,0,0,68000,-68000,-68000
06984P,上銀富邦9B售01  ,0,0,0,0,0,0,0,0,0,-69000,0,0,0,279000,348000,-69000,-69000
07876P,台灣50國泰01售01,0,0,0,0,0,0,0,0,0,-69000,0,0,0,0,69000,-69000,-69000
08639P,聯發科永豐9C售03,0,0,0,0,0,0,0,0,0,-69000,0,0,0,27000,96000,-69000,-69000
058507,美律元大9A購01  ,0,0,0,0,0,0,0,0,0,-69000,0,0,0,50000,119000,-69000,-69000
055902,同欣電中信99購01,0,0,0,0,0,0,0,0,0,-69000,0,0,0,325000,394000,-69000,-69000
058185,國巨永豐99購01  ,0,0,0,0,0,0,0,0,0,-69000,0,0,0,0,69000,-69000,-69000
061234,國巨元大9A購18  ,0,0,0,0,0,0,0,0,0,-69000,0,0,0,1000,70000,-69000,-69000
062457,京元電群益9B購01,0,0,0,0,0,0,0,0,0,-69000,0,0,0,0,69000,-69000,-69000
062288,南六群益9B購01  ,0,0,0,0,0,0,0,0,0,-69000,0,0,0,0,69000,-69000,-69000
063442,金像電統一01購01,0,0,0,0,0,0,0,0,0,-69000,0,0,0,45000,114000,-69000,-69000
064133,力成元大9C購01  ,0,0,0,0,0,0,0,0,0,-69000,0,0,0,6000,75000,-69000,-69000
1906,寶隆            ,10000,78000,-68000,0,0,0,0,0,0,-1000,0,1000,-1000,0,0,0,-69000
2460,建通            ,15000,80000,-65000,0,0,0,0,0,0,-4000,0,4000,-4000,0,0,0,-69000
2365,昆盈            ,121000,186000,-65000,0,0,0,0,0,0,-4000,0,4000,-4000,0,0,0,-69000
3622,洋華            ,128000,196000,-68000,0,0,0,0,0,0,-1000,0,1000,-1000,0,0,0,-69000
08423P,台積電統一9C售13,0,0,0,0,0,0,0,0,0,-70000,0,0,0,0,70000,-70000,-70000
08311P,台積電國票9C售07,0,0,0,0,0,0,0,0,0,-70000,0,0,0,90000,160000,-70000,-70000
08350P,臺股指中信9C售06,0,0,0,0,0,0,0,0,0,-70000,0,0,0,0,70000,-70000,-70000
07629P,臺股指凱基9A售10,0,0,0,0,0,0,0,0,0,-70000,0,0,0,0,70000,-70000,-70000
066230,南帝富邦02購01  ,0,0,0,0,0,0,0,0,0,-70000,0,0,0,110000,180000,-70000,-70000
066495,技嘉國泰03購01  ,0,0,0,0,0,0,0,0,0,-70000,0,0,0,0,70000,-70000,-70000
066374,臺股指中信04購01,0,0,0,0,0,0,0,0,0,-70000,0,0,0,0,70000,-70000,-70000
066375,南亞科兆豐01購01,0,0,0,0,0,0,0,0,0,-70000,0,0,0,15000,85000,-70000,-70000
060719,瀚宇博永豐9A購01,0,0,0,0,0,0,0,0,0,-70000,0,0,0,399000,469000,-70000,-70000
057169,微星元大98購01  ,0,0,0,0,0,0,0,0,0,-70000,0,0,0,0,70000,-70000,-70000
058212,華新科群益9A購01,0,0,0,0,0,0,0,0,0,-70000,0,0,0,11000,81000,-70000,-70000
057352,大立光統一9A購02,0,0,0,0,0,0,0,0,0,-70000,0,0,0,0,70000,-70000,-70000
055661,亞德客中信98購01,0,0,0,0,0,0,0,0,0,-70000,0,0,0,10000,80000,-70000,-70000
058449,台積電永豐99購01,0,0,0,0,0,0,0,0,0,-70000,0,0,0,0,70000,-70000,-70000
054212,聯詠國票97購03  ,0,0,0,0,0,0,0,0,0,-70000,0,0,0,90000,160000,-70000,-70000
053298,SP黃豆凱基99購01,0,0,0,0,0,0,0,0,0,-70000,0,0,0,0,70000,-70000,-70000
062349,新日興群益9B購02,0,0,0,0,0,0,0,0,0,-70000,0,0,0,7000,77000,-70000,-70000
062382,燿華國泰9C購01  ,0,0,0,0,0,0,0,0,0,-70000,0,0,0,140000,210000,-70000,-70000
062394,大立光富邦02購01,0,0,0,0,0,0,0,0,0,-70000,0,0,0,0,70000,-70000,-70000
062419,台積電統一9B購15,0,0,0,0,0,0,0,0,0,-70000,0,0,0,45000,115000,-70000,-70000
062941,大立光凱基9B購07,0,0,0,0,0,0,0,0,0,-70000,0,0,0,50000,120000,-70000,-70000
059924,世紀鋼元大99購06,0,0,0,0,0,0,0,0,0,-70000,0,0,0,121000,191000,-70000,-70000
060248,日月光元大9A購01,0,0,0,0,0,0,0,0,0,-70000,0,0,0,5000,75000,-70000,-70000
061574,大毅元大9B購01  ,0,0,0,0,0,0,0,0,0,-70000,0,0,0,54000,124000,-70000,-70000
059113,群光永豐99購01  ,0,0,0,0,0,0,0,0,0,-70000,0,0,0,59000,129000,-70000,-70000
064099,億光群益9C購01  ,0,0,0,0,0,0,0,0,0,-70000,0,0,0,75000,145000,-70000,-70000
063408,茂林國票9C購02  ,0,0,0,0,0,0,0,0,0,-70000,0,0,0,35000,105000,-70000,-70000
063336,大成鋼統一9C購02,0,0,0,0,0,0,0,0,0,-70000,0,0,0,268000,338000,-70000,-70000
064765,緯穎凱基9C購02  ,0,0,0,0,0,0,0,0,0,-70000,0,0,0,42000,112000,-70000,-70000
2477,美隆電          ,0,70000,-70000,0,0,0,0,0,0,0,0,0,0,0,0,0,-70000
1806,冠軍            ,0,67000,-67000,0,0,0,0,0,0,-3000,0,3000,-3000,0,0,0,-70000
066157,晶碩康和01購01  ,0,0,0,0,0,0,0,0,0,-71000,0,0,0,0,71000,-71000,-71000
065932,世紀鋼國票02購01,0,0,0,0,0,0,0,0,0,-71000,0,0,0,0,71000,-71000,-71000
053882,聯發科中信98購02,0,0,0,0,0,0,0,0,0,-71000,0,0,0,0,71000,-71000,-71000
056341,宏達電凱基9A購01,0,0,0,0,0,0,0,0,0,-71000,0,0,0,179000,250000,-71000,-71000
054803,味全元大9A購01  ,0,0,0,0,0,0,0,0,0,-71000,0,0,0,139000,210000,-71000,-71000
057101,新光金中信9A購01,0,0,0,0,0,0,0,0,0,-71000,0,0,0,0,71000,-71000,-71000
056962,技嘉永豐98購01  ,0,0,0,0,0,0,0,0,0,-71000,0,0,0,15000,86000,-71000,-71000
061511,緯穎富邦9B購02  ,0,0,0,0,0,0,0,0,0,-71000,0,0,0,9000,80000,-71000,-71000
062062,貿聯統一01購01  ,0,0,0,0,0,0,0,0,0,-71000,0,0,0,20000,91000,-71000,-71000
062753,台積電麥證9B購01,0,0,0,39000,110000,-71000,0,0,0,-71000,0,0,0,39000,110000,-71000,-71000
063486,聚陽國泰9C購01  ,0,0,0,0,0,0,0,0,0,-71000,0,0,0,80000,151000,-71000,-71000
063508,緯創群益9B購01  ,0,0,0,0,0,0,0,0,0,-71000,0,0,0,19000,90000,-71000,-71000
08765P,鴻海富邦01售02  ,0,0,0,0,0,0,0,0,0,-71000,0,0,0,0,71000,-71000,-71000
2358,廷鑫            ,53000,118000,-65000,0,0,0,0,0,0,-6000,0,6000,-6000,0,0,0,-71000
3504,揚明光          ,104000,166000,-62000,0,0,0,0,1000,-1000,-8000,0,2000,-2000,0,6000,-6000,-71000
6215,和椿            ,221000,286000,-65000,0,0,0,0,0,0,-6000,0,6000,-6000,0,0,0,-71000
07109P,聯發科中信9B售02,0,0,0,0,0,0,0,0,0,-72000,0,0,0,0,72000,-72000,-72000
08473P,康控凱基9C售01  ,0,0,0,0,0,0,0,0,0,-72000,0,0,0,40000,112000,-72000,-72000
062996,致茂國票9C購01  ,0,0,0,0,0,0,0,0,0,-72000,0,0,0,0,72000,-72000,-72000
062176,元金2X元大9B購01,0,0,0,0,0,0,0,0,0,-72000,0,0,0,0,72000,-72000,-72000
060612,世紀鋼凱基9A購01,0,0,0,0,0,0,0,0,0,-72000,0,0,0,0,72000,-72000,-72000
061546,大立光群益9A購05,0,0,0,0,0,0,0,0,0,-72000,0,0,0,15000,87000,-72000,-72000
063419,聯發科凱基03購01,0,0,0,0,0,0,0,0,0,-72000,0,0,0,48000,120000,-72000,-72000
064267,南六永豐9C購03  ,0,0,0,0,0,0,0,0,0,-72000,0,0,0,0,72000,-72000,-72000
064387,GIS富邦9C購01   ,0,0,0,0,0,0,0,0,0,-72000,0,0,0,13000,85000,-72000,-72000
064480,聚陽永豐9C購01  ,0,0,0,0,0,0,0,0,0,-72000,0,0,0,6000,78000,-72000,-72000
064745,聯鈞國票01購01  ,0,0,0,0,0,0,0,0,0,-72000,0,0,0,10000,82000,-72000,-72000
4526,東台            ,19000,89000,-70000,0,0,0,0,0,0,-2000,0,2000,-2000,0,0,0,-72000
2530,華建            ,13000,83000,-70000,0,0,0,0,0,0,-2000,0,2000,-2000,0,0,0,-72000
2427,三商電          ,8000,81000,-73000,0,0,0,0,0,0,1000,8000,7000,1000,0,0,0,-72000
1452,宏益            ,2000,71000,-69000,0,0,0,0,0,0,-3000,0,3000,-3000,0,0,0,-72000
08470P,世芯凱基9C售02  ,0,0,0,0,0,0,0,0,0,-73000,0,0,0,72000,145000,-73000,-73000
08424P,群創元富9C售03  ,0,0,0,0,0,0,0,0,0,-73000,0,0,0,46000,119000,-73000,-73000
065740,聯發科麥證9C購05,0,0,0,12000,85000,-73000,0,0,0,-73000,0,0,0,12000,85000,-73000,-73000
066248,長興元大01購01  ,0,0,0,0,0,0,0,0,0,-73000,0,0,0,268000,341000,-73000,-73000
066741,華擎元大01購03  ,0,0,0,0,0,0,0,0,0,-73000,0,0,0,0,73000,-73000,-73000
057782,台積電國票99購07,0,0,0,0,0,0,0,0,0,-73000,0,0,0,202000,275000,-73000,-73000
058263,大成鋼永豐99購01,0,0,0,0,0,0,0,0,0,-73000,0,0,0,0,73000,-73000,-73000
058376,貿聯凱基9A購01  ,0,0,0,0,0,0,0,0,0,-73000,0,0,0,10000,83000,-73000,-73000
056189,樺漢統一97購02  ,0,0,0,0,0,0,0,0,0,-73000,0,0,0,157000,230000,-73000,-73000
062269,葡萄王群益9B購01,0,0,0,0,0,0,0,0,0,-73000,0,0,0,10000,83000,-73000,-73000
064666,華新科元大02購01,0,0,0,0,0,0,0,0,0,-73000,0,0,0,0,73000,-73000,-73000
064016,南六國票01購01  ,0,0,0,0,0,0,0,0,0,-73000,0,0,0,0,73000,-73000,-73000
2911,麗嬰房          ,23000,93000,-70000,0,0,0,0,0,0,-3000,0,3000,-3000,0,0,0,-73000
2527,宏璟            ,2000,73000,-71000,0,0,0,0,0,0,-2000,0,2000,-2000,0,0,0,-73000
06783P,亞光元大98售03  ,0,0,0,0,0,0,0,0,0,-74000,0,0,0,5000,79000,-74000,-74000
066190,惠特凱基01購01  ,0,0,0,0,0,0,0,0,0,-74000,0,0,0,66000,140000,-74000,-74000
08418P,大立光元大01售04,0,0,0,0,0,0,0,0,0,-74000,0,0,0,1000,75000,-74000,-74000
07886P,國巨國票9B售06  ,0,0,0,0,0,0,0,0,0,-74000,0,0,0,75000,149000,-74000,-74000
062725,大立光凱基9B購06,0,0,0,0,0,0,0,0,0,-74000,0,0,0,0,74000,-74000,-74000
058981,國巨凱基99購10  ,0,0,0,0,0,0,0,0,0,-74000,0,0,0,0,74000,-74000,-74000
061943,上銀群益9B購02  ,0,0,0,0,0,0,0,0,0,-74000,0,0,0,0,74000,-74000,-74000
2707,晶華            ,26000,100000,-74000,0,0,0,0,0,0,0,0,0,0,0,0,0,-74000
1409,新纖            ,410000,475000,-65000,0,0,0,0,0,0,-9000,0,9000,-9000,0,0,0,-74000
4564,元翎            ,130000,204000,-74000,0,0,0,0,0,0,0,0,0,0,0,0,0,-74000
5203,訊連            ,95000,169000,-74000,0,0,0,0,0,0,0,2000,2000,0,2000,2000,0,-74000
07939P,台積電統一9B售14,0,0,0,0,0,0,0,0,0,-75000,0,0,0,270000,345000,-75000,-75000
07209P,台積電凱基9A售10,0,0,0,0,0,0,0,0,0,-75000,0,0,0,0,75000,-75000,-75000
08594P,台積電群益01售05,0,0,0,0,0,0,0,0,0,-75000,0,0,0,0,75000,-75000,-75000
065859,GIS元大9C購10   ,0,0,0,0,0,0,0,0,0,-75000,0,0,0,36000,111000,-75000,-75000
055795,茂林國泰98購01  ,0,0,0,0,0,0,0,0,0,-75000,0,0,0,0,75000,-75000,-75000
061923,友達凱基9B購04  ,0,0,0,0,0,0,0,0,0,-75000,0,0,0,0,75000,-75000,-75000
06037P,超眾國票98售02  ,0,0,0,0,0,0,0,0,0,-75000,0,0,0,10000,85000,-75000,-75000
058884,世紀鋼永豐99購02,0,0,0,0,0,0,0,0,0,-75000,0,0,0,27000,102000,-75000,-75000
062553,台積電凱基9B購07,0,0,0,0,0,0,0,0,0,-75000,0,0,0,0,75000,-75000,-75000
064151,義隆統一01購01  ,0,0,0,0,0,0,0,0,0,-75000,0,0,0,13000,88000,-75000,-75000
064761,神達凱基9C購01  ,0,0,0,0,0,0,0,0,0,-75000,0,0,0,10000,85000,-75000,-75000
065386,華通兆豐9C購02  ,0,0,0,0,0,0,0,0,0,-75000,0,0,0,10000,85000,-75000,-75000
6235,華孚            ,120000,195000,-75000,0,0,0,0,0,0,0,0,0,0,0,0,0,-75000
08746P,鴻海元富07售06  ,0,0,0,0,0,0,0,0,0,-75000,0,0,0,0,75000,-75000,-75000
2908,特力            ,19000,93000,-74000,0,0,0,0,0,0,-1000,0,1000,-1000,0,0,0,-75000
066028,嘉澤群益01購01  ,0,0,0,0,0,0,0,0,0,-76000,0,0,0,130000,206000,-76000,-76000
06690P,玉晶光群益9A售05,0,0,0,0,0,0,0,0,0,-76000,0,0,0,151000,227000,-76000,-76000
07931P,國巨元大9B售03  ,0,0,0,0,0,0,0,0,0,-76000,0,0,0,24000,100000,-76000,-76000
057552,禾伸堂凱基98購05,0,0,0,0,0,0,0,0,0,-76000,0,0,0,227000,303000,-76000,-76000
056657,華邦電元大99購01,0,0,0,0,0,0,0,0,0,-76000,0,0,0,0,76000,-76000,-76000
062192,南六元大9B購01  ,0,0,0,0,0,0,0,0,0,-76000,0,0,0,57000,133000,-76000,-76000
058985,可成凱基99購03  ,0,0,0,0,0,0,0,0,0,-76000,0,0,0,124000,200000,-76000,-76000
062030,旭富群益9B購01  ,0,0,0,0,0,0,0,0,0,-76000,0,0,0,15000,91000,-76000,-76000
064817,鈺齊元大9C購02  ,0,0,0,0,0,0,0,0,0,-76000,0,0,0,10000,86000,-76000,-76000
064337,大毅元大01購02  ,0,0,0,0,0,0,0,0,0,-76000,0,0,0,200000,276000,-76000,-76000
063996,貿聯群益9C購01  ,0,0,0,0,0,0,0,0,0,-76000,0,0,0,0,76000,-76000,-76000
063708,上銀凱基9B購06  ,0,0,0,0,0,0,0,0,0,-76000,0,0,0,2000,78000,-76000,-76000
6591,動力-KY         ,369000,445000,-76000,0,0,0,0,0,0,0,0,0,0,0,0,0,-76000
4968,立積            ,522000,355000,167000,0,0,0,0,110000,-110000,-133000,11000,32000,-21000,27000,139000,-112000,-76000
6165,捷泰            ,51000,127000,-76000,0,0,0,0,0,0,0,0,0,0,0,0,0,-76000
08124P,臻鼎群益9B售02  ,0,0,0,0,0,0,0,0,0,-77000,0,0,0,0,77000,-77000,-77000
06715P,台積電元大99售04,0,0,0,0,0,0,0,0,0,-77000,0,0,0,0,77000,-77000,-77000
066595,敦泰群益01購01  ,0,0,0,0,0,0,0,0,0,-77000,0,0,0,20000,97000,-77000,-77000
06658P,台灣50富邦9C售01,0,0,0,0,0,0,0,0,0,-77000,0,0,0,121000,198000,-77000,-77000
066070,金像電凱基01購03,0,0,0,0,0,0,0,0,0,-77000,0,0,0,11000,88000,-77000,-77000
061028,聚陽永豐9A購01  ,0,0,0,0,0,0,0,0,0,-77000,0,0,0,0,77000,-77000,-77000
052917,大立光富邦99購02,0,0,0,0,0,0,0,0,0,-77000,0,0,0,0,77000,-77000,-77000
061956,和大統一01購01  ,0,0,0,0,0,0,0,0,0,-77000,0,0,0,55000,132000,-77000,-77000
061154,可成群益9B購04  ,0,0,0,0,0,0,0,0,0,-77000,0,0,0,3000,80000,-77000,-77000
061668,信邦中信9B購01  ,0,0,0,0,0,0,0,0,0,-77000,0,0,0,63000,140000,-77000,-77000
059731,康控元大99購04  ,0,0,0,0,0,0,0,0,0,-77000,0,0,0,22000,99000,-77000,-77000
062362,致茂元大9B購01  ,0,0,0,0,0,0,0,0,0,-77000,0,0,0,58000,135000,-77000,-77000
063410,南六國票9C購01  ,0,0,0,0,0,0,0,0,0,-77000,0,0,0,0,77000,-77000,-77000
065230,義隆凱基02購01  ,0,0,0,0,0,0,0,0,0,-77000,0,0,0,45000,122000,-77000,-77000
2524,京城            ,9000,84000,-75000,0,0,0,0,0,0,-2000,0,2000,-2000,0,0,0,-77000
1423,利華            ,1000,23000,-22000,0,0,0,0,0,0,-55000,2000,2000,0,0,55000,-55000,-77000
2731,雄獅            ,7000,89800,-82800,0,0,0,0,0,0,5000,5000,0,5000,0,0,0,-77800
066466,晶碩統一02購01  ,0,0,0,0,0,0,0,0,0,-78000,0,0,0,40000,118000,-78000,-78000
054040,中石化元大9C購01,0,0,0,0,0,0,0,0,0,-78000,0,0,0,0,78000,-78000,-78000
058480,新日興凱基9A購01,0,0,0,0,0,0,0,0,0,-78000,0,0,0,40000,118000,-78000,-78000
057391,樺漢永豐98購01  ,0,0,0,0,0,0,0,0,0,-78000,0,0,0,212000,290000,-78000,-78000
057717,友訊元富98購02  ,0,0,0,0,0,0,0,0,0,-78000,0,0,0,122000,200000,-78000,-78000
060157,致茂永豐9A購02  ,0,0,0,0,0,0,0,0,0,-78000,0,0,0,23000,101000,-78000,-78000
061269,嘉澤凱基9A購01  ,0,0,0,0,0,0,0,0,0,-78000,0,0,0,33000,111000,-78000,-78000
061875,華新科元大9B購03,0,0,0,0,0,0,0,0,0,-78000,0,0,0,0,78000,-78000,-78000
065490,國巨國泰02購02  ,0,0,0,0,0,0,0,0,0,-78000,0,0,0,160000,238000,-78000,-78000
063642,茂林元大9B購08  ,0,0,0,0,0,0,0,0,0,-78000,0,0,0,0,78000,-78000,-78000
08490P,上銀元大9C售08  ,0,0,0,0,0,0,0,0,0,-79000,0,0,0,150000,229000,-79000,-79000
057012,康控中信98購01  ,0,0,0,0,0,0,0,0,0,-79000,0,0,0,21000,100000,-79000,-79000
055318,華通國票98購01  ,0,0,0,0,0,0,0,0,0,-79000,0,0,0,20000,99000,-79000,-79000
061795,智邦永豐9B購01  ,0,0,0,0,0,0,0,0,0,-79000,0,0,0,2000,81000,-79000,-79000
063522,技嘉凱基9B購03  ,0,0,0,0,0,0,0,0,0,-79000,0,0,0,12000,91000,-79000,-79000
065190,緯穎統一9C購02  ,0,0,0,0,0,0,0,0,0,-79000,0,0,0,34000,113000,-79000,-79000
08734P,創意康和01售02  ,0,0,0,0,0,0,0,0,0,-79000,0,0,0,0,79000,-79000,-79000
2228,劍麟            ,16000,95000,-79000,0,0,0,0,0,0,0,0,0,0,0,0,0,-79000
5907,大洋-KY         ,26000,104000,-78000,0,0,0,0,0,0,-1000,0,1000,-1000,0,0,0,-79000
9910,豐泰            ,672000,766468,-94468,0,0,0,0,1536,-1536,17000,0,3000,-3000,21000,1000,20000,-79004
07625P,台灣50凱基01售06,0,0,0,0,0,0,0,0,0,-80000,0,0,0,0,80000,-80000,-80000
066323,精元永豐01購01  ,0,0,0,0,0,0,0,0,0,-80000,0,0,0,30000,110000,-80000,-80000
066678,台達電兆豐03購01,0,0,0,0,0,0,0,0,0,-80000,0,0,0,16000,96000,-80000,-80000
066049,奇鋐元大02購01  ,5000,0,5000,0,0,0,0,0,0,-85000,0,0,0,229000,314000,-85000,-80000
055499,大立光元大98購05,0,0,0,0,0,0,0,0,0,-80000,0,0,0,0,80000,-80000,-80000
054471,T50反1中信9C購01,0,0,0,0,0,0,0,0,0,-80000,0,0,0,321000,401000,-80000,-80000
057547,技嘉凱基99購01  ,0,0,0,0,0,0,0,0,0,-80000,0,0,0,4000,84000,-80000,-80000
056579,麗豐元大99購01  ,0,0,0,0,0,0,0,0,0,-80000,0,0,0,20000,100000,-80000,-80000
05887P,友達元富99售03  ,0,0,0,0,0,0,0,0,0,-80000,0,0,0,84000,164000,-80000,-80000
058877,T50反1國泰9B購01,0,0,0,0,0,0,0,0,0,-80000,0,0,0,0,80000,-80000,-80000
061867,旺宏元大9B購02  ,0,0,0,0,0,0,0,0,0,-80000,0,0,0,1000,81000,-80000,-80000
061734,全新中信9B購02  ,0,0,0,0,0,0,0,0,0,-80000,0,0,0,20000,100000,-80000,-80000
059223,大立光元大99購14,0,0,0,0,0,0,0,0,0,-80000,0,0,0,4000,84000,-80000,-80000
065351,中租統一02購02  ,0,0,0,0,0,0,0,0,0,-80000,0,0,0,37000,117000,-80000,-80000
063666,京元電統一9C購01,0,0,0,0,0,0,0,0,0,-80000,0,0,0,30000,110000,-80000,-80000
064127,聯發科元大9C購06,0,0,0,0,0,0,0,0,0,-80000,0,0,0,6000,86000,-80000,-80000
911622,泰聚亨-DR       ,0,0,0,0,0,0,0,0,0,-80000,0,80000,-80000,0,0,0,-80000
2423,固緯            ,0,79000,-79000,0,0,0,0,0,0,-1000,0,1000,-1000,0,0,0,-80000
065749,友訊元大9C購03  ,0,0,0,0,0,0,0,0,0,-81000,0,0,0,83000,164000,-81000,-81000
07085P,超眾元富9C售01  ,0,0,0,0,0,0,0,0,0,-81000,0,0,0,110000,191000,-81000,-81000
08388P,台灣50中信03售09,0,0,0,0,0,0,0,0,0,-81000,0,0,0,50000,131000,-81000,-81000
056295,國巨元大97購16  ,0,0,0,0,0,0,0,0,0,-81000,0,0,0,1000,82000,-81000,-81000
061853,晶技國票9B購02  ,0,0,0,0,0,0,0,0,0,-81000,0,0,0,6000,87000,-81000,-81000
061498,大立光國票9A購10,0,0,0,0,0,0,0,0,0,-81000,0,0,0,0,81000,-81000,-81000
065576,泰鼎群益9C購02  ,0,0,0,0,0,0,0,0,0,-81000,0,0,0,0,81000,-81000,-81000
08376P,南亞科元富9C售03,0,0,0,0,0,0,0,0,0,-82000,0,0,0,0,82000,-82000,-82000
056469,國巨元大99購01  ,0,0,0,0,0,0,0,0,0,-82000,0,0,0,1000,83000,-82000,-82000
054739,義隆凱基98購02  ,0,0,0,0,0,0,0,0,0,-82000,0,0,0,2000,84000,-82000,-82000
060920,超眾富邦9B購01  ,0,0,0,0,0,0,0,0,0,-82000,0,0,0,72000,154000,-82000,-82000
062751,華擎中信9C購01  ,0,0,0,0,0,0,0,0,0,-82000,0,0,0,23000,105000,-82000,-82000
063991,南六永豐9C購02  ,0,0,0,0,0,0,0,0,0,-82000,0,0,0,0,82000,-82000,-82000
063574,茂林元大9B購07  ,0,0,0,0,0,0,0,0,0,-82000,0,0,0,0,82000,-82000,-82000
3149,正達            ,7000,88000,-81000,0,0,0,0,0,0,-1000,0,1000,-1000,0,0,0,-82000
3311,閎暉            ,25000,106000,-81000,0,0,0,0,0,0,-1000,0,1000,-1000,0,0,0,-82000
08628P,微星中信9C售01  ,0,0,0,0,0,0,0,0,0,-83000,0,0,0,123000,206000,-83000,-83000
08683P,大立光凱基02售03,0,0,0,0,0,0,0,0,0,-83000,0,0,0,10000,93000,-83000,-83000
07768P,緯穎群益9A售02  ,0,0,0,0,0,0,0,0,0,-83000,0,0,0,165000,248000,-83000,-83000
066330,新興永豐01購01  ,0,0,0,0,0,0,0,0,0,-83000,0,0,0,2000,85000,-83000,-83000
058797,大毅元大99購03  ,0,0,0,0,0,0,0,0,0,-83000,0,0,0,51000,134000,-83000,-83000
060653,全新群益9A購02  ,0,0,0,0,0,0,0,0,0,-83000,0,0,0,0,83000,-83000,-83000
060413,東元永豐9A購01  ,0,0,0,0,0,0,0,0,0,-83000,0,0,0,68000,151000,-83000,-83000
6191,精成科          ,414000,498000,-84000,0,0,0,0,0,0,1000,4000,3000,1000,0,0,0,-83000
2851,中再保          ,3000,85000,-82000,0,0,0,0,0,0,-1000,0,1000,-1000,0,0,0,-83000
066334,京城銀永豐01購01,0,0,0,0,0,0,0,0,0,-84000,0,0,0,0,84000,-84000,-84000
066759,盟立永豐01購03  ,0,0,0,0,0,0,0,0,0,-84000,0,0,0,65000,149000,-84000,-84000
065858,台表科元大03購01,0,0,0,0,0,0,0,0,0,-84000,0,0,0,407000,491000,-84000,-84000
07993P,寶成群益9B售01  ,0,0,0,0,0,0,0,0,0,-84000,0,0,0,0,84000,-84000,-84000
08649P,聯發科元大9C售21,0,0,0,0,0,0,0,0,0,-84000,0,0,0,13000,97000,-84000,-84000
057502,訊芯群益98購02  ,0,0,0,0,0,0,0,0,0,-84000,0,0,0,0,84000,-84000,-84000
061140,華擎統一9C購01  ,0,0,0,0,0,0,0,0,0,-84000,0,0,0,0,84000,-84000,-84000
060915,旭富元大9A購01  ,0,0,0,0,0,0,0,0,0,-84000,0,0,0,366000,450000,-84000,-84000
059043,聯電日盛99購01  ,0,0,0,0,0,0,0,0,0,-84000,0,0,0,10000,94000,-84000,-84000
062697,國巨元大9C購01  ,0,0,0,0,0,0,0,0,0,-84000,0,0,0,5000,89000,-84000,-84000
062645,國巨國泰9B購08  ,0,0,0,0,0,0,0,0,0,-84000,0,0,0,5000,89000,-84000,-84000
063760,聯詠統一9C購02  ,0,0,0,0,0,0,0,0,0,-84000,0,0,0,93000,177000,-84000,-84000
063404,金像電國票9B購01,0,0,0,0,0,0,0,0,0,-84000,0,0,0,20000,104000,-84000,-84000
063970,大立光國票01購01,0,0,0,0,0,0,0,0,0,-84000,0,0,0,0,84000,-84000,-84000
1315,達新            ,26000,89000,-63000,0,0,0,0,0,0,-21000,0,0,0,0,21000,-21000,-84000
9941,裕融            ,50000,132550,-82550,0,0,0,0,1000,-1000,-1000,0,1000,-1000,0,0,0,-84550
08608P,臺股指富邦9C售06,0,0,0,0,0,0,0,0,0,-85000,0,0,0,0,85000,-85000,-85000
08201P,祥碩元大9B售09  ,0,0,0,0,0,0,0,0,0,-85000,0,0,0,80000,165000,-85000,-85000
065905,聯茂富邦02購01  ,0,0,0,0,0,0,0,0,0,-85000,0,0,0,180000,265000,-85000,-85000
066107,惠特國票02購01  ,0,0,0,0,0,0,0,0,0,-85000,0,0,0,35000,120000,-85000,-85000
066129,佳世達群益01購01,0,0,0,0,0,0,0,0,0,-85000,0,0,0,12000,97000,-85000,-85000
066768,瀚宇博永豐01購01,0,0,0,0,0,0,0,0,0,-85000,0,0,0,0,85000,-85000,-85000
066696,臺指反群益01購02,0,0,0,0,0,0,0,0,0,-85000,0,0,0,0,85000,-85000,-85000
066485,台光電元富01購01,0,0,0,0,0,0,0,0,0,-85000,0,0,0,9000,94000,-85000,-85000
057563,旭富國泰9A購01  ,0,0,0,0,0,0,0,0,0,-85000,0,0,0,0,85000,-85000,-85000
055827,中石化元大98購01,0,0,0,0,0,0,0,0,0,-85000,0,0,0,215000,300000,-85000,-85000
052629,訊芯中信99購01  ,0,0,0,0,0,0,0,0,0,-85000,0,0,0,0,85000,-85000,-85000
057021,台積電凱基9A購02,0,0,0,0,0,0,0,0,0,-85000,0,0,0,15000,100000,-85000,-85000
057882,華通群益9A購03  ,0,0,0,0,0,0,0,0,0,-85000,0,0,0,20000,105000,-85000,-85000
061509,SP黃豆富邦9C購01,0,0,0,0,0,0,0,0,0,-85000,0,0,0,0,85000,-85000,-85000
061336,國巨元大9A購20  ,0,0,0,0,0,0,0,0,0,-85000,0,0,0,1000,86000,-85000,-85000
063703,晶豪科群益9B購02,0,0,0,0,0,0,0,0,0,-85000,0,0,0,263000,348000,-85000,-85000
063305,亞光凱基9B購01  ,0,0,0,0,0,0,0,0,0,-85000,0,0,0,252000,337000,-85000,-85000
063104,大立光群益9C購02,0,0,0,0,0,0,0,0,0,-85000,0,0,0,28000,113000,-85000,-85000
065591,道瓊反元大9C購05,0,0,0,0,0,0,0,0,0,-85000,0,0,0,0,85000,-85000,-85000
1104,環泥            ,3000,86000,-83000,0,0,0,0,0,0,-2000,0,2000,-2000,0,0,0,-85000
1459,聯發            ,0,84081,-84081,0,0,0,0,0,0,-1000,0,1000,-1000,0,0,0,-85081
065722,緯創兆豐9C購02  ,0,0,0,0,0,0,0,0,0,-86000,0,0,0,51000,137000,-86000,-86000
08202P,台表科國泰01售04,0,0,0,0,0,0,0,0,0,-86000,0,0,0,210000,296000,-86000,-86000
07816P,聯發科群益9A售02,0,0,0,0,0,0,0,0,0,-86000,0,0,0,14000,100000,-86000,-86000
055006,晶相光元富9A購01,0,0,0,0,0,0,0,0,0,-86000,0,0,0,0,86000,-86000,-86000
2314,台揚            ,341000,425000,-84000,0,0,0,0,0,0,-2000,0,2000,-2000,0,0,0,-86000
5258,虹堡            ,4000,88000,-84000,0,0,0,0,0,0,-2000,0,2000,-2000,0,0,0,-86000
08456P,聯發科元大9C售13,0,0,0,0,0,0,0,0,0,-87000,0,0,0,30000,117000,-87000,-87000
066551,大立光元大01購07,0,0,0,0,0,0,0,0,0,-87000,0,0,0,110000,197000,-87000,-87000
06724P,台灣50國票98售01,0,0,0,0,0,0,0,0,0,-87000,0,0,0,14000,101000,-87000,-87000
054428,禾伸堂富邦98購01,0,0,0,0,0,0,0,0,0,-87000,0,0,0,460000,547000,-87000,-87000
057727,華邦電國泰9A購01,0,0,0,0,0,0,0,0,0,-87000,0,0,0,0,87000,-87000,-87000
057835,華擎元富9B購01  ,0,0,0,0,0,0,0,0,0,-87000,0,0,0,17000,104000,-87000,-87000
065678,聯發科統一01購07,0,0,0,0,0,0,0,0,0,-87000,0,0,0,69000,156000,-87000,-87000
064658,喬山元大9C購01  ,0,0,0,0,0,0,0,0,0,-87000,0,0,0,0,87000,-87000,-87000
063966,大毅國票01購01  ,0,0,0,0,0,0,0,0,0,-87000,0,0,0,123000,210000,-87000,-87000
8422,可寧衛          ,14000,88000,-74000,0,0,0,0,2000,-2000,-11000,0,11000,-11000,0,0,0,-87000
2480,敦陽科          ,67000,152000,-85000,0,0,0,0,0,0,-2000,0,2000,-2000,0,0,0,-87000
066276,敦泰元大01購01  ,0,0,0,0,0,0,0,0,0,-88000,0,0,0,563000,651000,-88000,-88000
08322P,國巨凱基9C售08  ,0,0,0,0,0,0,0,0,0,-88000,0,0,0,0,88000,-88000,-88000
07865P,可成元大9B售02  ,0,0,0,0,0,0,0,0,0,-88000,0,0,0,9000,97000,-88000,-88000
061035,亞光永豐9A購01  ,0,0,0,0,0,0,0,0,0,-88000,0,0,0,18000,106000,-88000,-88000
058498,世紀鋼群益99購01,0,0,0,0,0,0,0,0,0,-88000,0,0,0,84000,172000,-88000,-88000
059639,大立光凱基9A購06,0,0,0,0,0,0,0,0,0,-88000,0,0,0,0,88000,-88000,-88000
062650,南電富邦01購01  ,0,0,0,0,0,0,0,0,0,-88000,0,0,0,41000,129000,-88000,-88000
062246,力山元大9B購02  ,0,0,0,0,0,0,0,0,0,-88000,0,0,0,0,88000,-88000,-88000
064028,大毅元大01購01  ,0,0,0,0,0,0,0,0,0,-88000,0,0,0,68000,156000,-88000,-88000
064065,大立光富邦02購02,0,0,0,0,0,0,0,0,0,-88000,0,0,0,60000,148000,-88000,-88000
064916,玉山金統一02購01,0,0,0,0,0,0,0,0,0,-88000,0,0,0,21000,109000,-88000,-88000
1710,東聯            ,290000,461000,-171000,0,0,0,0,0,0,83000,89000,6000,83000,0,0,0,-88000
07636P,鴻海國票9A售05  ,0,0,0,0,0,0,0,0,0,-89000,0,0,0,38000,127000,-89000,-89000
08169P,台光電群益9B售04,0,0,0,0,0,0,0,0,0,-89000,0,0,0,10000,99000,-89000,-89000
061037,嘉澤永豐9A購01  ,0,0,0,0,0,0,0,0,0,-89000,0,0,0,50000,139000,-89000,-89000
059675,大立光元富99購08,0,0,0,0,0,0,0,0,0,-89000,0,0,0,40000,129000,-89000,-89000
061348,聯鈞元大9A購05  ,0,0,0,0,0,0,0,0,0,-89000,0,0,0,230000,319000,-89000,-89000
064620,大立光元大01購03,0,0,0,0,0,0,0,0,0,-89000,0,0,0,35000,124000,-89000,-89000
063473,茂林元大9B購05  ,0,0,0,0,0,0,0,0,0,-89000,0,0,0,61000,150000,-89000,-89000
1786,科妍            ,56000,146000,-90000,0,0,0,0,0,0,1000,3000,2000,1000,0,0,0,-89000
2013,中鋼構          ,33000,121000,-88000,0,0,0,0,0,0,-1000,0,1000,-1000,0,0,0,-89000
1451,年興            ,125000,204000,-79000,0,0,0,0,0,0,-10000,0,10000,-10000,0,0,0,-89000
8033,雷虎            ,54000,140000,-86000,0,0,0,0,0,0,-3000,0,3000,-3000,0,0,0,-89000
07987P,大立光統一9B售13,0,0,0,0,0,0,0,0,0,-90000,0,0,0,30000,120000,-90000,-90000
07166P,台灣50兆豐03售01,0,0,0,0,0,0,0,0,0,-90000,0,0,0,0,90000,-90000,-90000
07378P,大立光元大99售29,0,0,0,0,0,0,0,0,0,-90000,0,0,0,0,90000,-90000,-90000
06712P,臺股指台新99售09,0,0,0,0,0,0,0,0,0,-90000,0,0,0,50000,140000,-90000,-90000
066877,奇鋐富邦03購01  ,0,0,0,0,0,0,0,0,0,-90000,0,0,0,0,90000,-90000,-90000
06861P,台積電國票99售08,0,0,0,0,0,0,0,0,0,-90000,0,0,0,20000,110000,-90000,-90000
066627,大毅凱基03購01  ,0,0,0,0,0,0,0,0,0,-90000,0,0,0,13000,103000,-90000,-90000
056720,世紀鋼永豐98購01,0,0,0,0,0,0,0,0,0,-90000,0,0,0,115000,205000,-90000,-90000
057006,國巨中信98購03  ,0,0,0,0,0,0,0,0,0,-90000,0,0,0,0,90000,-90000,-90000
055700,緯穎國泰98購02  ,0,0,0,0,0,0,0,0,0,-90000,0,0,0,0,90000,-90000,-90000
056202,國揚永豐97購01  ,0,0,0,0,0,0,0,0,0,-90000,0,0,0,0,90000,-90000,-90000
060279,SP黃豆元大9A購01,0,0,0,0,0,0,0,0,0,-90000,0,0,0,10000,100000,-90000,-90000
062543,華通富邦9C購01  ,0,0,0,0,0,0,0,0,0,-90000,0,0,0,250000,340000,-90000,-90000
062942,嘉澤凱基9B購02  ,0,0,0,0,0,0,0,0,0,-90000,0,0,0,82000,172000,-90000,-90000
063395,金像電群益9B購02,0,0,0,0,0,0,0,0,0,-90000,0,0,0,7000,97000,-90000,-90000
063071,華新科富邦02購01,0,0,0,0,0,0,0,0,0,-90000,0,0,0,10000,100000,-90000,-90000
063983,麗豐兆豐9C購01  ,0,0,0,0,0,0,0,0,0,-90000,0,0,0,48000,138000,-90000,-90000
064316,貿聯群益9C購02  ,0,0,0,0,0,0,0,0,0,-90000,0,0,0,8000,98000,-90000,-90000
064555,力山群益01購01  ,0,0,0,0,0,0,0,0,0,-90000,0,0,0,20000,110000,-90000,-90000
066724,台達電元大01購01,0,0,0,0,0,0,0,0,0,-91000,0,0,0,16000,107000,-91000,-91000
066342,上緯控永豐01購01,0,0,0,0,0,0,0,0,0,-91000,0,0,0,29000,120000,-91000,-91000
066032,矽格群益01購01  ,0,0,0,0,0,0,0,0,0,-91000,0,0,0,0,91000,-91000,-91000
065706,奇鋐群益9C購02  ,0,0,0,0,0,0,0,0,0,-91000,0,0,0,78000,169000,-91000,-91000
055446,奇力新統一9A購01,0,0,0,0,0,0,0,0,0,-91000,0,0,0,10000,101000,-91000,-91000
062184,奇鋐元大9B購02  ,0,0,0,0,0,0,0,0,0,-91000,0,0,0,377000,468000,-91000,-91000
061611,南六統一01購01  ,0,0,0,0,0,0,0,0,0,-91000,0,0,0,10000,101000,-91000,-91000
060946,世紀鋼國票9A購02,0,0,0,0,0,0,0,0,0,-91000,0,0,0,208000,299000,-91000,-91000
064742,奇鋐國票01購02  ,0,0,0,0,0,0,0,0,0,-91000,0,0,0,115000,206000,-91000,-91000
064864,金像電永豐01購01,0,0,0,0,0,0,0,0,0,-91000,0,0,0,0,91000,-91000,-91000
064155,大立光統一01購05,0,0,0,0,0,0,0,0,0,-91000,0,0,0,0,91000,-91000,-91000
063880,可成元富9C購01  ,0,0,0,0,0,0,0,0,0,-91000,0,0,0,13000,104000,-91000,-91000
063546,國巨兆豐9C購03  ,0,0,0,0,0,0,0,0,0,-91000,0,0,0,0,91000,-91000,-91000
1517,利奇            ,19000,109000,-90000,0,0,0,0,0,0,-1000,0,1000,-1000,0,0,0,-91000
06615P,鴻海元大9C售02  ,0,0,0,0,0,0,0,0,0,-92000,0,0,0,88000,180000,-92000,-92000
08556P,臺股指中信01售08,0,0,0,0,0,0,0,0,0,-92000,0,0,0,12000,104000,-92000,-92000
053797,台積電中信98購01,0,0,0,0,0,0,0,0,0,-92000,0,0,0,221000,313000,-92000,-92000
057161,亞德客元大98購02,0,0,0,0,0,0,0,0,0,-92000,0,0,0,0,92000,-92000,-92000
060767,世紀鋼元大9A購02,0,0,0,0,0,0,0,0,0,-92000,0,0,0,5000,97000,-92000,-92000
062106,華邦電國票9B購02,0,0,0,0,0,0,0,0,0,-92000,0,0,0,8000,100000,-92000,-92000
060009,南亞科群益99購03,0,0,0,0,0,0,0,0,0,-92000,0,0,0,6000,98000,-92000,-92000
063206,貿聯統一9C購02  ,0,0,0,0,0,0,0,0,0,-92000,0,0,0,0,92000,-92000,-92000
08783P,台積電元大01售18,0,0,0,0,0,0,0,0,0,-92000,0,0,0,1500000,1592000,-92000,-92000
9924,福興            ,4000,95000,-91000,0,0,0,0,0,0,-1000,0,1000,-1000,0,0,0,-92000
07952P,富邦金元大9B售02,0,0,0,0,0,0,0,0,0,-93000,0,0,0,12000,105000,-93000,-93000
051277,聯發科中信9A購01,0,0,0,0,0,0,0,0,0,-93000,0,0,0,129000,222000,-93000,-93000
054468,台郡凱基98購01  ,0,0,0,0,0,0,0,0,0,-93000,0,0,0,20000,113000,-93000,-93000
059390,華新科凱基99購05,0,0,0,0,0,0,0,0,0,-93000,0,0,0,6000,99000,-93000,-93000
061342,華新科元大9A購17,0,0,0,0,0,0,0,0,0,-93000,0,0,0,0,93000,-93000,-93000
061470,鈺齊群益9A購02  ,0,0,0,0,0,0,0,0,0,-93000,0,0,0,10000,103000,-93000,-93000
063086,祥碩凱基9C購01  ,0,0,0,0,0,0,0,0,0,-93000,0,0,0,10000,103000,-93000,-93000
1592,英瑞-KY         ,89000,181000,-92000,0,0,0,0,0,0,-1000,0,1000,-1000,0,0,0,-93000
1416,廣豐            ,120000,203059,-83059,0,0,0,0,0,0,-10000,0,10000,-10000,0,0,0,-93059
065703,大毅群益9C購01  ,0,0,0,0,0,0,0,0,0,-94000,0,0,0,57000,151000,-94000,-94000
055437,禾伸堂中信99購01,0,0,0,0,0,0,0,0,0,-94000,0,0,0,183000,277000,-94000,-94000
058672,可成群益9B購02  ,0,0,0,0,0,0,0,0,0,-94000,0,0,0,5000,99000,-94000,-94000
062027,國泰金群益9B購01,0,0,0,0,0,0,0,0,0,-94000,0,0,0,0,94000,-94000,-94000
065055,臺股指凱基02購04,0,0,0,0,0,0,0,0,0,-94000,0,0,0,343000,437000,-94000,-94000
065020,友達富邦01購02  ,0,0,0,0,0,0,0,0,0,-94000,0,0,0,116000,210000,-94000,-94000
1527,鑽全            ,70000,164000,-94000,0,0,0,0,0,0,0,0,0,0,0,0,0,-94000
065807,智伸科群益01購01,0,0,0,0,0,0,0,0,0,-95000,0,0,0,5000,100000,-95000,-95000
066006,大立光統一01購07,0,0,0,0,0,0,0,0,0,-95000,0,0,0,0,95000,-95000,-95000
066540,景碩兆豐01購02  ,0,0,0,0,0,0,0,0,0,-95000,0,0,0,0,95000,-95000,-95000
066619,永光凱基01購01  ,0,0,0,0,0,0,0,0,0,-95000,0,0,0,0,95000,-95000,-95000
06744P,嘉聯益永豐98售03,0,0,0,0,0,0,0,0,0,-95000,0,0,0,0,95000,-95000,-95000
07657P,技嘉凱基9A售03  ,0,0,0,0,0,0,0,0,0,-95000,0,0,0,5000,100000,-95000,-95000
057716,神達統一98購01  ,0,0,0,0,0,0,0,0,0,-95000,0,0,0,95000,190000,-95000,-95000
055916,奇鋐凱基99購01  ,0,0,0,0,0,0,0,0,0,-95000,0,0,0,117000,212000,-95000,-95000
058368,奇鋐凱基9A購01  ,0,0,0,0,0,0,0,0,0,-95000,0,0,0,28000,123000,-95000,-95000
054104,T50反1凱基9A購02,0,0,0,0,0,0,0,0,0,-95000,0,0,0,0,95000,-95000,-95000
061915,T50反1凱基02購02,0,0,0,0,0,0,0,0,0,-95000,0,0,0,20000,115000,-95000,-95000
062817,富邦金兆豐9B購01,0,0,0,0,0,0,0,0,0,-95000,0,0,0,84000,179000,-95000,-95000
065081,金像電元大9C購05,0,0,0,0,0,0,0,0,0,-95000,0,0,0,125000,220000,-95000,-95000
063912,信邦凱基01購01  ,0,0,0,0,0,0,0,0,0,-95000,0,0,0,0,95000,-95000,-95000
2431,聯昌            ,23000,114000,-91000,0,0,0,0,0,0,-4000,0,4000,-4000,0,0,0,-95000
6668,中揚光          ,57000,155000,-98000,0,0,0,0,0,0,3000,6000,3000,3000,0,0,0,-95000
07051P,大立光中信99售02,0,0,0,0,0,0,0,0,0,-96000,0,0,0,0,96000,-96000,-96000
08105P,景碩元大9B售01  ,0,0,0,0,0,0,0,0,0,-96000,0,0,0,370000,466000,-96000,-96000
065986,金像電永豐01購03,0,0,0,0,0,0,0,0,0,-96000,0,0,0,29000,125000,-96000,-96000
053294,聯發科中信9C購01,0,0,0,0,0,0,0,0,0,-96000,0,0,0,10000,106000,-96000,-96000
057987,大立光元富98購02,0,0,0,0,0,0,0,0,0,-96000,0,0,0,2026000,2122000,-96000,-96000
057203,麗豐元富98購02  ,0,0,0,0,0,0,0,0,0,-96000,0,0,0,14000,110000,-96000,-96000
061177,大立光凱基9A購10,0,0,0,0,0,0,0,0,0,-96000,0,0,0,55000,151000,-96000,-96000
063812,智邦群益9C購02  ,0,0,0,0,0,0,0,0,0,-96000,0,0,0,2000,98000,-96000,-96000
064829,義隆統一01購02  ,0,0,0,0,0,0,0,0,0,-96000,0,0,0,607000,703000,-96000,-96000
06466P,台積電統一9B售01,0,0,0,0,0,0,0,0,0,-96000,0,0,0,0,96000,-96000,-96000
4989,榮科            ,39000,133000,-94000,0,0,0,0,0,0,-2000,0,2000,-2000,0,0,0,-96000
4739,康普            ,100000,160000,-60000,0,0,0,0,35000,-35000,-1000,0,1000,-1000,0,0,0,-96000
06717P,可成元大98售09  ,0,0,0,0,0,0,0,0,0,-97000,0,0,0,0,97000,-97000,-97000
057004,滬深反中信9A購01,0,0,0,0,0,0,0,0,0,-97000,0,0,0,20000,117000,-97000,-97000
060421,華擎永豐9A購01  ,0,0,0,0,0,0,0,0,0,-97000,0,0,0,1000,98000,-97000,-97000
06496P,台灣50日盛98售01,0,0,0,0,0,0,0,0,0,-97000,0,0,0,3000,100000,-97000,-97000
063507,奇鋐群益9B購02  ,0,0,0,0,0,0,0,0,0,-97000,0,0,0,32000,129000,-97000,-97000
063632,金像電元大9B購04,0,0,0,0,0,0,0,0,0,-97000,0,0,0,3000,100000,-97000,-97000
2514,龍邦            ,2000,97000,-95000,0,0,0,0,0,0,-2000,0,2000,-2000,0,0,0,-97000
2351,順德            ,108000,205000,-97000,0,0,0,0,0,0,0,0,0,0,0,0,0,-97000
07819P,旺宏國票9B售01  ,0,0,0,0,0,0,0,0,0,-98000,0,0,0,42000,140000,-98000,-98000
060676,京元電元大9A購03,0,0,0,0,0,0,0,0,0,-98000,0,0,0,143000,241000,-98000,-98000
03448B,臺股指元大9C熊11,0,0,0,0,0,0,0,0,0,-98000,0,0,0,260000,358000,-98000,-98000
061703,信邦國票9A購01  ,0,0,0,0,0,0,0,0,0,-98000,0,0,0,31000,129000,-98000,-98000
060388,世紀鋼凱基9B購01,0,0,0,0,0,0,0,0,0,-98000,0,0,0,85000,183000,-98000,-98000
062345,和大群益9B購01  ,0,0,0,0,0,0,0,0,0,-98000,0,0,0,0,98000,-98000,-98000
06242P,大立光元富9A售02,0,0,0,0,0,0,0,0,0,-98000,0,0,0,86000,184000,-98000,-98000
064783,貿聯群益9C購03  ,0,0,0,0,0,0,0,0,0,-98000,0,0,0,0,98000,-98000,-98000
064527,裕隆中信01購01  ,0,0,0,0,0,0,0,0,0,-98000,0,0,0,2000,100000,-98000,-98000
064524,GIS群益02購01   ,0,0,0,0,0,0,0,0,0,-98000,0,0,0,10000,108000,-98000,-98000
1307,三芳            ,22000,118000,-96000,0,0,0,0,0,0,-2000,0,2000,-2000,0,0,0,-98000
08540P,嘉晶國票01售01  ,0,0,0,0,0,0,0,0,0,-99000,0,0,0,1000,100000,-99000,-99000
066588,台積電群益01購06,0,0,0,0,0,0,0,0,0,-99000,0,0,0,54000,153000,-99000,-99000
057198,智伸科統一9B購01,0,0,0,0,0,0,0,0,0,-99000,0,0,0,15000,114000,-99000,-99000
057297,新日興永豐98購01,0,0,0,0,0,0,0,0,0,-99000,0,0,0,99000,198000,-99000,-99000
062732,南六凱基9B購03  ,0,0,0,0,0,0,0,0,0,-99000,0,0,0,0,99000,-99000,-99000
061468,神達群益9A購01  ,0,0,0,0,0,0,0,0,0,-99000,0,0,0,24000,123000,-99000,-99000
064089,新日興凱基02購01,0,0,0,0,0,0,0,0,0,-99000,0,0,0,28000,127000,-99000,-99000
1101B,台泥乙特        ,0,0,0,0,0,0,0,0,0,-99000,1000,100000,-99000,0,0,0,-99000
06645P,上銀元大98售05  ,0,0,0,0,0,0,0,0,0,-100000,0,0,0,0,100000,-100000,-100000
06644P,亞德客元大98售03,0,0,0,0,0,0,0,0,0,-100000,0,0,0,0,100000,-100000,-100000
066850,鎧勝元大01購03  ,0,0,0,0,0,0,0,0,0,-100000,0,0,0,0,100000,-100000,-100000
06846P,美律元大98售05  ,0,0,0,0,0,0,0,0,0,-100000,0,0,0,0,100000,-100000,-100000
066024,金像電群益01購04,0,0,0,0,0,0,0,0,0,-100000,0,0,0,0,100000,-100000,-100000
066227,惠特國泰03購02  ,0,0,0,0,0,0,0,0,0,-100000,0,0,0,0,100000,-100000,-100000
065959,T50反1元大01購02,0,0,0,0,0,0,0,0,0,-100000,0,0,0,0,100000,-100000,-100000
08170P,緯穎群益9B售03  ,0,0,0,0,0,0,0,0,0,-100000,0,0,0,30000,130000,-100000,-100000
08199P,大毅元大9B售02  ,0,0,0,0,0,0,0,0,0,-100000,0,0,0,0,100000,-100000,-100000
08329P,台達電統一9C售02,0,0,0,0,0,0,0,0,0,-100000,0,0,0,0,100000,-100000,-100000
08226P,台灣50元大9B售26,0,0,0,0,0,0,0,0,0,-100000,0,0,0,0,100000,-100000,-100000
07905P,大立光群益9B售04,0,0,0,0,0,0,0,0,0,-100000,0,0,0,50000,150000,-100000,-100000
07647P,健策國票9A售04  ,0,0,0,0,0,0,0,0,0,-100000,0,0,0,50000,150000,-100000,-100000
07713P,台郡元大9A售03  ,0,0,0,0,0,0,0,0,0,-100000,0,0,0,0,100000,-100000,-100000
06973P,臺股指元大9A售11,0,0,0,0,0,0,0,0,0,-100000,0,0,0,0,100000,-100000,-100000
07360P,台積電元大99售46,0,0,0,0,0,0,0,0,0,-100000,0,0,0,0,100000,-100000,-100000
07472P,和碩元大9A售03  ,0,0,0,0,0,0,0,0,0,-100000,0,0,0,0,100000,-100000,-100000
056872,旺宏凱基98購08  ,0,0,0,0,0,0,0,0,0,-100000,0,0,0,0,100000,-100000,-100000
057650,力成元大98購04  ,0,0,0,0,0,0,0,0,0,-100000,0,0,0,68000,168000,-100000,-100000
058526,鈺齊元大99購02  ,0,0,0,0,0,0,0,0,0,-100000,0,0,0,0,100000,-100000,-100000
061225,台積電中信9A購04,0,0,0,0,0,0,0,0,0,-100000,0,0,0,0,100000,-100000,-100000
061226,台積電中信9A購05,0,0,0,0,0,0,0,0,0,-100000,0,0,0,0,100000,-100000,-100000
060679,聯詠元大9A購04  ,0,0,0,0,0,0,0,0,0,-100000,0,0,0,56000,156000,-100000,-100000
057861,台積電凱基98購16,0,0,0,0,0,0,0,0,0,-100000,0,0,0,40000,140000,-100000,-100000
052853,友達日盛99購01  ,0,0,0,0,0,0,0,0,0,-100000,0,0,0,0,100000,-100000,-100000
057491,美食元大98購03  ,0,0,0,0,0,0,0,0,0,-100000,0,0,0,0,100000,-100000,-100000
055564,茂林凱基98購01  ,0,0,0,0,0,0,0,0,0,-100000,0,0,0,0,100000,-100000,-100000
055109,正崴凱基98購01  ,0,0,0,0,0,0,0,0,0,-100000,0,0,0,0,100000,-100000,-100000
061254,道瓊反凱基9A購02,0,0,0,0,0,0,0,0,0,-100000,0,0,0,0,100000,-100000,-100000
059008,鈺齊元大99購03  ,0,0,0,0,0,0,0,0,0,-100000,0,0,0,0,100000,-100000,-100000
05889P,群創元大98售02  ,0,0,0,0,0,0,0,0,0,-100000,0,0,0,0,100000,-100000,-100000
061909,台積電中信05購02,0,0,0,0,0,0,0,0,0,-100000,0,0,0,0,100000,-100000,-100000
061910,台積電中信05購03,0,0,0,0,0,0,0,0,0,-100000,0,0,0,0,100000,-100000,-100000
062734,臺指反國票9C購03,0,0,0,0,0,0,0,0,0,-100000,0,0,0,440000,540000,-100000,-100000
062872,華通兆豐9C購01  ,0,0,0,0,0,0,0,0,0,-100000,0,0,0,0,100000,-100000,-100000
062603,台化凱基9B購01  ,0,0,0,0,0,0,0,0,0,-100000,0,0,0,0,100000,-100000,-100000
063572,麗豐元大9B購01  ,0,0,0,0,0,0,0,0,0,-100000,0,0,0,0,100000,-100000,-100000
063601,金像電凱基01購01,0,0,0,0,0,0,0,0,0,-100000,0,0,0,0,100000,-100000,-100000
063216,元黃金群益9B購02,0,0,0,0,0,0,0,0,0,-100000,0,0,0,0,100000,-100000,-100000
064941,台積電台新9C購04,0,0,0,0,0,0,0,0,0,-100000,0,0,0,0,100000,-100000,-100000
065216,群創國泰01購02  ,0,0,0,0,0,0,0,0,0,-100000,0,0,0,419000,519000,-100000,-100000
065383,南電元大01購02  ,0,0,0,0,0,0,0,0,0,-100000,0,0,0,53000,153000,-100000,-100000
06543P,鴻海元大98售08  ,0,0,0,0,0,0,0,0,0,-100000,0,0,0,0,100000,-100000,-100000
065407,世紀鋼富邦01購01,0,0,0,0,0,0,0,0,0,-100000,0,0,0,0,100000,-100000,-100000
6206,飛捷            ,10000,110000,-100000,0,0,0,0,0,0,0,0,0,0,0,0,0,-100000
07134P,臺股指元大9A售28,0,0,0,0,0,0,0,0,0,-101000,0,0,0,9000,110000,-101000,-101000
08129P,聯發科元大9B售23,0,0,0,0,0,0,0,0,0,-101000,0,0,0,16000,117000,-101000,-101000
06828P,臺股指國票98售04,0,0,0,0,0,0,0,0,0,-101000,0,0,0,0,101000,-101000,-101000
06677P,牧德國票98售02  ,0,0,0,0,0,0,0,0,0,-101000,0,0,0,9000,110000,-101000,-101000
066433,南六元大02購01  ,0,0,0,0,0,0,0,0,0,-101000,0,0,0,51000,152000,-101000,-101000
057041,國巨元大99購04  ,0,26000,-26000,0,0,0,0,0,0,-75000,0,0,0,34000,109000,-75000,-101000
057773,技嘉群益9A購02  ,0,0,0,0,0,0,0,0,0,-101000,0,0,0,3000,104000,-101000,-101000
060451,中石化元大9C購02,0,0,0,0,0,0,0,0,0,-101000,0,0,0,0,101000,-101000,-101000
065640,聯電元大01購02  ,0,0,0,0,0,0,0,0,0,-101000,0,0,0,19000,120000,-101000,-101000
064914,友達統一02購03  ,0,0,0,0,0,0,0,0,0,-101000,0,0,0,10000,111000,-101000,-101000
06447P,上銀元大98售01  ,0,0,0,0,0,0,0,0,0,-101000,0,0,0,0,101000,-101000,-101000
063552,晶技國票9B購03  ,0,0,0,0,0,0,0,0,0,-101000,0,0,0,24000,125000,-101000,-101000
064007,嘉澤凱基02購01  ,0,0,0,0,0,0,0,0,0,-101000,0,0,0,209000,310000,-101000,-101000
064212,可成凱基03購01  ,0,0,0,0,0,0,0,0,0,-101000,0,0,0,230000,331000,-101000,-101000
1783,和康生          ,130000,231000,-101000,0,0,0,0,0,0,0,0,0,0,0,0,0,-101000
07093P,台積電凱基99售07,0,0,0,0,0,0,0,0,0,-102000,0,0,0,0,102000,-102000,-102000
07301P,臺股指元大9A售34,0,0,0,0,0,0,0,0,0,-102000,0,0,0,0,102000,-102000,-102000
07218P,臺股指凱基99售31,0,0,0,0,0,0,0,0,0,-102000,0,0,0,5000,107000,-102000,-102000
07744P,奇力新凱基9A售05,0,0,0,0,0,0,0,0,0,-102000,0,0,0,21000,123000,-102000,-102000
07961P,滬深2X中信01售02,0,0,0,0,0,0,0,0,0,-102000,0,0,0,0,102000,-102000,-102000
060798,旭富永豐9A購01  ,0,0,0,0,0,0,0,0,0,-102000,0,0,0,27000,129000,-102000,-102000
060909,金像電元大9B購01,0,0,0,0,0,0,0,0,0,-102000,0,0,0,6000,108000,-102000,-102000
062143,大成鋼國票9B購01,0,0,0,0,0,0,0,0,0,-102000,0,0,0,134000,236000,-102000,-102000
064211,友達凱基02購01  ,0,0,0,0,0,0,0,0,0,-102000,0,0,0,0,102000,-102000,-102000
064287,日月光元大9C購01,0,0,0,0,0,0,0,0,0,-102000,0,0,0,108000,210000,-102000,-102000
063080,裕隆凱基9B購01  ,0,0,0,0,0,0,0,0,0,-102000,0,0,0,50000,152000,-102000,-102000
064777,南亞科群益9C購01,0,0,0,0,0,0,0,0,0,-102000,0,0,0,0,102000,-102000,-102000
4976,佳凌            ,121000,221000,-100000,0,0,0,0,0,0,-2000,0,2000,-2000,0,0,0,-102000
07868P,健策元大9B售05  ,0,0,0,0,0,0,0,0,0,-103000,0,0,0,0,103000,-103000,-103000
08200P,祥碩元大9B售08  ,0,0,0,0,0,0,0,0,0,-103000,0,0,0,0,103000,-103000,-103000
08237P,台積電富邦03售01,0,0,0,0,0,0,0,0,0,-103000,0,0,0,44000,147000,-103000,-103000
08569P,玉晶光永豐9C售09,0,0,0,0,0,0,0,0,0,-103000,0,0,0,0,103000,-103000,-103000
065780,國巨富邦03購02  ,0,0,0,0,0,0,0,0,0,-103000,0,0,0,0,103000,-103000,-103000
066255,英利元大01購01  ,0,0,0,0,0,0,0,0,0,-103000,0,0,0,0,103000,-103000,-103000
066000,奇鋐國票02購01  ,0,0,0,0,0,0,0,0,0,-103000,0,0,0,16000,119000,-103000,-103000
060908,金像電元大9A購03,0,0,0,0,0,0,0,0,0,-103000,0,0,0,12000,115000,-103000,-103000
058289,奇鋐國票9A購01  ,0,0,0,0,0,0,0,0,0,-103000,0,0,0,3000,106000,-103000,-103000
05995P,T50正2中信9C售01,0,0,0,0,0,0,0,0,0,-103000,0,0,0,336000,439000,-103000,-103000
056375,玉晶光統一01購01,0,0,0,0,0,0,0,0,0,-104000,0,0,0,889000,993000,-104000,-104000
2415,錩新            ,8000,111000,-103000,0,0,0,0,0,0,-1000,0,1000,-1000,0,0,0,-104000
065990,華擎永豐01購01  ,0,0,0,0,0,0,0,0,0,-105000,0,0,0,0,105000,-105000,-105000
066563,日月光元大01購01,0,0,0,0,0,0,0,0,0,-105000,0,0,0,63000,168000,-105000,-105000
08555P,超眾國票01售01  ,0,0,0,0,0,0,0,0,0,-105000,0,0,0,0,105000,-105000,-105000
07352P,台積電國票99售11,0,0,0,0,0,0,0,0,0,-105000,0,0,0,0,105000,-105000,-105000
062676,南六台新9B購01  ,0,0,0,0,0,0,0,0,0,-105000,0,0,0,0,105000,-105000,-105000
062444,大立光元大9C購01,0,0,0,0,0,0,0,0,0,-105000,0,0,0,151000,256000,-105000,-105000
062703,可成元大9C購02  ,0,0,0,0,0,0,0,0,0,-105000,0,0,0,37000,142000,-105000,-105000
064866,義隆永豐9C購02  ,0,0,0,0,0,0,0,0,0,-105000,0,0,0,94000,199000,-105000,-105000
064499,可成元大9C購07  ,0,0,0,0,0,0,0,0,0,-105000,0,0,0,0,105000,-105000,-105000
065543,緯穎元富01購01  ,0,0,0,0,0,0,0,0,0,-105000,0,0,0,61000,166000,-105000,-105000
063196,力成元富9B購01  ,0,0,0,0,0,0,0,0,0,-105000,0,0,0,50000,155000,-105000,-105000
063192,技嘉台新9B購01  ,0,0,0,0,0,0,0,0,0,-105000,0,0,0,55000,160000,-105000,-105000
063797,台積電凱基02購02,0,0,0,0,0,0,0,0,0,-105000,0,0,0,0,105000,-105000,-105000
2015,豐興            ,14000,110253,-96253,0,0,0,0,7000,-7000,-2000,0,2000,-2000,0,0,0,-105253
3036,文曄            ,281000,282500,-1500,0,0,0,0,1000,-1000,-103000,7000,26000,-19000,1000,85000,-84000,-105500
07634P,金像電元大9A售01,0,0,0,0,0,0,0,0,0,-106000,0,0,0,1000,107000,-106000,-106000
08728P,緯穎群益01售01  ,0,0,0,0,0,0,0,0,0,-106000,0,0,0,35000,141000,-106000,-106000
057859,神達康和98購01  ,0,0,0,0,0,0,0,0,0,-106000,0,0,0,110000,216000,-106000,-106000
062850,友訊永豐9B購01  ,0,0,0,0,0,0,0,0,0,-106000,0,0,0,40000,146000,-106000,-106000
059397,T50反1元富99購05,0,0,0,0,0,0,0,0,0,-106000,0,0,0,4000,110000,-106000,-106000
061787,華新科群益9C購01,0,0,0,0,0,0,0,0,0,-106000,0,0,0,51000,157000,-106000,-106000
063633,金像電元大9B購05,0,0,0,0,0,0,0,0,0,-106000,0,0,0,5000,111000,-106000,-106000
065412,金像電永豐9C購01,0,0,0,0,0,0,0,0,0,-106000,0,0,0,36000,142000,-106000,-106000
08642P,華新科群益9C售06,0,0,0,0,0,0,0,0,0,-107000,0,0,0,73000,180000,-107000,-107000
061237,晶技元大9A購01  ,0,0,0,0,0,0,0,0,0,-107000,0,0,0,43000,150000,-107000,-107000
058852,貿聯群益99購04  ,0,0,0,0,0,0,0,0,0,-107000,0,0,0,0,107000,-107000,-107000
060571,京元電永豐9A購01,0,0,0,0,0,0,0,0,0,-107000,0,0,0,43000,150000,-107000,-107000
060916,金像電國泰9C購01,0,0,0,0,0,0,0,0,0,-107000,0,0,0,90000,197000,-107000,-107000
063956,神達元大9C購01  ,0,0,0,0,0,0,0,0,0,-107000,0,0,0,81000,188000,-107000,-107000
1108,幸福            ,2000,109000,-107000,0,0,0,0,0,0,0,0,0,0,0,0,0,-107000
08541P,景碩國票01售02  ,0,0,0,0,0,0,0,0,0,-108000,0,0,0,110000,218000,-108000,-108000
08150P,立積國票9C售01  ,0,0,0,0,0,0,0,0,0,-108000,0,0,0,140000,248000,-108000,-108000
058236,大立光元大99購09,0,0,0,0,0,0,0,0,0,-108000,0,0,0,0,108000,-108000,-108000
061865,力山元大9B購01  ,0,0,0,0,0,0,0,0,0,-108000,0,0,0,60000,168000,-108000,-108000
062057,華邦電統一01購01,0,0,0,0,0,0,0,0,0,-108000,0,0,0,5000,113000,-108000,-108000
062936,鴻海凱基9B購07  ,0,0,0,0,0,0,0,0,0,-108000,0,0,0,5000,113000,-108000,-108000
064875,國巨兆豐01購01  ,0,0,0,0,0,0,0,0,0,-108000,0,0,0,0,108000,-108000,-108000
3033,威健            ,35000,137000,-102000,0,0,0,0,0,0,-6000,0,6000,-6000,0,0,0,-108000
08207P,金像電群益9B售05,0,0,0,0,0,0,0,0,0,-109000,0,0,0,47000,156000,-109000,-109000
066166,大毅凱基02購01  ,0,0,0,0,0,0,0,0,0,-109000,0,0,0,47000,156000,-109000,-109000
058160,奇鋐元富99購01  ,0,0,0,0,0,0,0,0,0,-109000,0,0,0,56000,165000,-109000,-109000
055036,中工富邦9B購01  ,0,0,0,0,0,0,0,0,0,-109000,0,0,0,126000,235000,-109000,-109000
059976,道瓊銀元大99購01,0,0,0,0,0,0,0,0,0,-109000,0,0,0,13000,122000,-109000,-109000
064350,茂林元大01購01  ,0,0,0,0,0,0,0,0,0,-109000,0,0,0,68000,177000,-109000,-109000
4141,龍燈-KY         ,30000,138000,-108000,0,0,0,0,0,0,-1000,0,1000,-1000,0,0,0,-109000
066201,大毅統一02購01  ,0,0,0,0,0,0,0,0,0,-110000,0,0,0,162000,272000,-110000,-110000
07948P,大成鋼凱基9B售01,0,0,0,0,0,0,0,0,0,-110000,0,0,0,0,110000,-110000,-110000
055917,禾伸堂凱基98購02,0,0,0,0,0,0,0,0,0,-110000,0,0,0,20000,130000,-110000,-110000
056903,大立光元大99購04,0,0,0,0,0,0,0,0,0,-110000,0,0,0,0,110000,-110000,-110000
061721,道瓊反富邦9B購01,0,0,0,0,0,0,0,0,0,-110000,0,0,0,0,110000,-110000,-110000
058836,FBVIX中信03購05 ,0,0,0,0,0,0,0,0,0,-110000,0,0,0,27000,137000,-110000,-110000
063116,大立光麥證9C購01,0,0,0,20000,130000,-110000,0,0,0,-110000,0,0,0,20000,130000,-110000,-110000
1532,勤美            ,6000,113000,-107000,0,0,0,0,0,0,-3000,0,3000,-3000,0,0,0,-110000
07055P,景碩群益9A售02  ,0,0,0,0,0,0,0,0,0,-111000,0,0,0,49000,160000,-111000,-111000
060677,京元電元大9A購04,0,0,0,0,0,0,0,0,0,-111000,0,0,0,31000,142000,-111000,-111000
063427,南六凱基9B購04  ,0,0,0,0,0,0,0,0,0,-111000,0,0,0,0,111000,-111000,-111000
6531,愛普            ,187000,219000,-32000,0,0,0,0,0,0,-79000,110000,0,110000,0,189000,-189000,-111000
07035P,大立光元富99售04,0,0,0,0,0,0,0,0,0,-112000,0,0,0,123000,235000,-112000,-112000
08360P,國巨國泰02售01  ,0,0,0,0,0,0,0,0,0,-112000,0,0,0,450000,562000,-112000,-112000
08527P,大立光元大01售06,0,0,0,0,0,0,0,0,0,-112000,0,0,0,0,112000,-112000,-112000
08395P,燿華永豐9C售02  ,0,0,0,0,0,0,0,0,0,-112000,0,0,0,0,112000,-112000,-112000
06673P,大立光群益98售01,0,0,0,0,0,0,0,0,0,-112000,0,0,0,0,112000,-112000,-112000
060065,大立光兆豐9B購01,0,0,0,0,0,0,0,0,0,-112000,0,0,0,0,112000,-112000,-112000
064117,中興電元大9C購01,0,0,0,0,0,0,0,0,0,-112000,0,0,0,159000,271000,-112000,-112000
8104,錸寶            ,141000,262000,-121000,0,0,0,0,0,0,9000,9000,0,9000,0,0,0,-112000
2206,三陽工業        ,100000,212000,-112000,0,0,0,0,0,0,0,0,0,0,0,0,0,-112000
065951,聯發科統一01購08,0,0,0,0,0,0,0,0,0,-113000,0,0,0,189000,302000,-113000,-113000
07414P,台積電元大99售51,0,0,0,0,0,0,0,0,0,-113000,0,0,0,2800000,2913000,-113000,-113000
057664,台積電元大9A購03,0,0,0,0,0,0,0,0,0,-113000,0,0,0,267000,380000,-113000,-113000
05756P,臺股指中信99售05,0,0,0,0,0,0,0,0,0,-113000,0,0,0,0,113000,-113000,-113000
061547,禾伸堂群益9A購01,0,0,0,0,0,0,0,0,0,-113000,0,0,0,32000,145000,-113000,-113000
065035,世芯統一01購03  ,0,0,0,0,0,0,0,0,0,-113000,0,0,0,88000,201000,-113000,-113000
08562P,南電國票01售03  ,0,0,0,0,0,0,0,0,0,-114000,0,0,0,40000,154000,-114000,-114000
065719,T50反1兆豐9C購01,0,0,0,0,0,0,0,0,0,-114000,0,0,0,140000,254000,-114000,-114000
066340,敦泰永豐01購01  ,0,0,0,0,0,0,0,0,0,-114000,0,0,0,5000,119000,-114000,-114000
061235,台積電元大9A購23,0,0,0,0,0,0,0,0,0,-114000,0,0,0,0,114000,-114000,-114000
059037,宏達電群益99購02,0,0,0,0,0,0,0,0,0,-114000,0,0,0,5000,119000,-114000,-114000
061295,台積電國泰9B購02,0,0,0,0,0,0,0,0,0,-114000,0,0,0,0,114000,-114000,-114000
063021,大立光元大9C購05,0,0,0,0,0,0,0,0,0,-114000,0,0,0,2000,116000,-114000,-114000
062855,嘉澤永豐9B購02  ,0,0,0,0,0,0,0,0,0,-114000,0,0,0,284000,398000,-114000,-114000
062296,南六永豐9B購02  ,0,0,0,0,0,0,0,0,0,-114000,0,0,0,20000,134000,-114000,-114000
06478P,臺股指日盛9A售01,0,0,0,0,0,0,0,0,0,-114000,0,0,0,20000,134000,-114000,-114000
066300,潤泰新元大01購02,0,0,0,0,0,0,0,0,0,-115000,0,0,0,0,115000,-115000,-115000
07951P,智邦元大9B售05  ,0,0,0,0,0,0,0,0,0,-115000,0,0,0,0,115000,-115000,-115000
07918P,玉晶光永豐9B售04,0,0,0,0,0,0,0,0,0,-115000,0,0,0,0,115000,-115000,-115000
062331,大立光統一9B購10,3000,0,3000,0,0,0,0,0,0,-118000,0,0,0,0,118000,-118000,-115000
064671,聯茂元大9C購02  ,0,0,0,0,0,0,0,0,0,-115000,0,0,0,10000,125000,-115000,-115000
065663,凌華永豐9C購01  ,0,0,0,0,0,0,0,0,0,-115000,0,0,0,0,115000,-115000,-115000
06353P,電子類富邦99售02,0,0,0,0,0,0,0,0,0,-115000,0,0,0,75000,190000,-115000,-115000
6136,富爾特          ,0,115770,-115770,0,0,0,0,0,0,0,0,0,0,0,0,0,-115770
08542P,台勝科國票02售01,0,0,0,0,0,0,0,0,0,-116000,0,0,0,27000,143000,-116000,-116000
08496P,金像電國票01售02,0,0,0,0,0,0,0,0,0,-116000,0,0,0,0,116000,-116000,-116000
08259P,華新科元大9C售04,0,0,0,0,0,0,0,0,0,-116000,0,0,0,53000,169000,-116000,-116000
066355,惠特永豐01購01  ,0,0,0,0,0,0,0,0,0,-116000,0,0,0,85000,201000,-116000,-116000
066419,聯發科元大01購11,0,0,0,0,0,0,0,0,0,-116000,0,0,0,30000,146000,-116000,-116000
06726P,欣興元富98售04  ,0,0,0,0,0,0,0,0,0,-116000,0,0,0,12000,128000,-116000,-116000
065987,大毅永豐01購01  ,0,0,0,0,0,0,0,0,0,-116000,0,0,0,12000,128000,-116000,-116000
060657,旺宏統一9B購05  ,0,0,0,0,0,0,0,0,0,-116000,0,0,0,0,116000,-116000,-116000
020015,統一MSCI美低波N ,0,0,0,0,0,0,0,0,0,-116000,0,0,0,24000,140000,-116000,-116000
060541,正隆凱基9A購01  ,0,0,0,0,0,0,0,0,0,-116000,0,0,0,0,116000,-116000,-116000
063831,帆宣國票01購01  ,0,0,0,0,0,0,0,0,0,-116000,0,0,0,19000,135000,-116000,-116000
064720,長榮航統一02購01,0,0,0,0,0,0,0,0,0,-116000,0,0,0,50000,166000,-116000,-116000
064589,聯鈞永豐9C購01  ,0,0,0,0,0,0,0,0,0,-116000,0,0,0,101000,217000,-116000,-116000
065037,緯穎統一02購02  ,0,0,0,0,0,0,0,0,0,-116000,0,0,0,89000,205000,-116000,-116000
06505P,康控國票99售02  ,0,0,0,0,0,0,0,0,0,-116000,0,0,0,0,116000,-116000,-116000
07070P,晶相光元富99售01,0,0,0,0,0,0,0,0,0,-117000,0,0,0,5000,122000,-117000,-117000
00675L,富邦臺灣加權正2 ,124000,134000,-10000,0,0,0,0,0,0,-107000,0,0,0,27000,134000,-107000,-117000
061003,南亞科兆豐9A購01,0,0,0,0,0,0,0,0,0,-117000,0,0,0,14000,131000,-117000,-117000
059661,大立光元大99購22,0,0,0,0,0,0,0,0,0,-117000,0,0,0,5000,122000,-117000,-117000
062886,中興電群益9B購01,0,0,0,0,0,0,0,0,0,-117000,0,0,0,37000,154000,-117000,-117000
065024,華擎永豐9C購01  ,0,0,0,0,0,0,0,0,0,-117000,0,0,0,8000,125000,-117000,-117000
063069,道瓊銀富邦05購01,0,0,0,0,0,0,0,0,0,-117000,0,0,0,0,117000,-117000,-117000
1810,和成            ,0,117000,-117000,0,0,0,0,0,0,0,0,0,0,0,0,0,-117000
3031,佰鴻            ,26000,140000,-114000,0,0,0,0,0,0,-3000,0,3000,-3000,0,0,0,-117000
07033P,大立光統一9B售03,0,0,0,0,0,0,0,0,0,-118000,0,0,0,15000,133000,-118000,-118000
07982P,全新群益9B售04  ,0,0,0,0,0,0,0,0,0,-118000,0,0,0,20000,138000,-118000,-118000
065935,金像電群益01購03,0,0,0,0,0,0,0,0,0,-118000,0,0,0,62000,180000,-118000,-118000
057570,技嘉永豐98購02  ,0,0,0,0,0,0,0,0,0,-118000,0,0,0,89000,207000,-118000,-118000
061023,茂林國泰9B購02  ,0,0,0,0,0,0,0,0,0,-118000,0,0,0,19000,137000,-118000,-118000
058587,台積電中信9C購03,0,0,0,0,0,0,0,0,0,-118000,0,0,0,20000,138000,-118000,-118000
062456,台積電群益9B購05,0,0,0,0,0,0,0,0,0,-118000,0,0,0,0,118000,-118000,-118000
060039,大立光國票99購04,0,0,0,0,0,0,0,0,0,-118000,0,0,0,22000,140000,-118000,-118000
061684,T50反1群益9A購06,0,0,0,0,0,0,0,0,0,-118000,0,0,0,32000,150000,-118000,-118000
064413,世紀鋼凱基02購01,0,0,0,0,0,0,0,0,0,-118000,0,0,0,241000,359000,-118000,-118000
064848,金像電元富9C購02,0,0,0,0,0,0,0,0,0,-118000,0,0,0,98000,216000,-118000,-118000
2906,高林            ,192000,309000,-117000,0,0,0,0,0,0,-1000,3000,4000,-1000,0,0,0,-118000
065998,友訊國票01購02  ,0,0,0,0,0,0,0,0,0,-119000,0,0,0,35000,154000,-119000,-119000
066100,鎧勝中信05購01  ,0,0,0,0,0,0,0,0,0,-119000,0,0,0,66000,185000,-119000,-119000
066055,聯鈞元大01購01  ,0,0,0,0,0,0,0,0,0,-119000,0,0,0,0,119000,-119000,-119000
066144,惠特群益01購02  ,0,0,0,0,0,0,0,0,0,-119000,0,0,0,0,119000,-119000,-119000
066406,南六凱基01購02  ,0,0,0,0,0,0,0,0,0,-119000,0,0,0,0,119000,-119000,-119000
058248,聯茂元大99購05  ,0,0,0,0,0,0,0,0,0,-119000,0,0,0,1000,120000,-119000,-119000
061055,康控群益9A購01  ,0,0,0,0,0,0,0,0,0,-119000,0,0,0,360000,479000,-119000,-119000
055176,大毅統一98購02  ,0,0,0,0,0,0,0,0,0,-119000,0,0,0,5000,124000,-119000,-119000
059524,FBVIX凱基9A購02 ,0,0,0,0,0,0,0,0,0,-119000,0,0,0,0,119000,-119000,-119000
2616,山隆            ,0,120000,-120000,0,0,0,0,0,0,1000,1000,0,1000,0,0,0,-119000
1731,美吾華          ,1323000,1442000,-119000,0,0,0,0,0,0,0,9000,9000,0,0,0,0,-119000
066372,惠特中信01購01  ,0,0,0,0,0,0,0,0,0,-120000,0,0,0,40000,160000,-120000,-120000
066215,惠特統一04購01  ,0,0,0,0,0,0,0,0,0,-120000,0,0,0,0,120000,-120000,-120000
065903,聯發科富邦02購02,0,0,0,0,0,0,0,0,0,-120000,0,0,0,164000,284000,-120000,-120000
07638P,長榮航國票9A售01,0,0,0,0,0,0,0,0,0,-120000,0,0,0,0,120000,-120000,-120000
07082P,美律元大99售06  ,0,0,0,0,0,0,0,0,0,-120000,0,0,0,30000,150000,-120000,-120000
056609,楠梓電永豐98購02,0,0,0,0,0,0,0,0,0,-120000,0,0,0,0,120000,-120000,-120000
057883,中環群益98購01  ,0,0,0,0,0,0,0,0,0,-120000,0,0,0,0,120000,-120000,-120000
060539,道瓊反凱基9A購01,0,0,0,0,0,0,0,0,0,-120000,0,0,0,0,120000,-120000,-120000
059637,大立光凱基01購01,0,0,0,0,0,0,0,0,0,-120000,0,0,0,0,120000,-120000,-120000
058808,大成鋼統一9B購01,0,0,0,0,0,0,0,0,0,-120000,0,0,0,21000,141000,-120000,-120000
062119,世紀鋼中信9B購01,0,0,0,0,0,0,0,0,0,-120000,0,0,0,0,120000,-120000,-120000
062416,和大統一01購02  ,0,0,0,0,0,0,0,0,0,-120000,0,0,0,64000,184000,-120000,-120000
065482,立積元大01購02  ,0,0,0,0,0,0,0,0,0,-120000,0,0,0,75000,195000,-120000,-120000
2913,農林            ,65000,185000,-120000,0,0,0,0,0,0,0,0,0,0,0,0,0,-120000
08680P,聯發科元大01售10,0,0,0,0,0,0,0,0,0,-121000,0,0,0,20000,141000,-121000,-121000
056465,臺股指凱基99購07,0,0,0,0,0,0,0,0,0,-121000,0,0,0,39000,160000,-121000,-121000
062729,神達凱基9B購02  ,0,0,0,0,0,0,0,0,0,-121000,0,0,0,217000,338000,-121000,-121000
059631,京元電凱基99購02,0,0,0,0,0,0,0,0,0,-121000,0,0,0,10000,131000,-121000,-121000
06532P,友達元富98售04  ,0,0,0,0,0,0,0,0,0,-121000,0,0,0,35000,156000,-121000,-121000
065026,世紀鋼永豐9C購02,0,0,0,0,0,0,0,0,0,-121000,0,0,0,20000,141000,-121000,-121000
064092,世紀鋼凱基9C購03,0,0,0,0,0,0,0,0,0,-121000,0,0,0,0,121000,-121000,-121000
1611,中電            ,44000,158000,-114000,0,0,0,0,0,0,-7000,12000,19000,-7000,0,0,0,-121000
066775,智原富邦03購01  ,0,0,0,0,0,0,0,0,0,-122000,0,0,0,0,122000,-122000,-122000
066687,國巨元富07購05  ,0,0,0,0,0,0,0,0,0,-122000,0,0,0,0,122000,-122000,-122000
058616,台虹元大9A購01  ,0,0,0,0,0,0,0,0,0,-122000,0,0,0,93000,215000,-122000,-122000
062880,大立光兆豐9B購02,0,0,0,0,0,0,0,0,0,-122000,0,0,0,0,122000,-122000,-122000
062185,禾伸堂元大9B購01,0,0,0,0,0,0,0,0,0,-122000,0,0,0,293000,415000,-122000,-122000
066318,友訊永豐01購01  ,0,0,0,0,0,0,0,0,0,-123000,0,0,0,0,123000,-123000,-123000
053400,緯穎中信9A購01  ,0,0,0,0,0,0,0,0,0,-123000,0,0,0,0,123000,-123000,-123000
059931,緯穎富邦9A購01  ,0,0,0,0,0,0,0,0,0,-123000,0,0,0,10000,133000,-123000,-123000
063229,台表科群益9B購04,0,0,0,0,0,0,0,0,0,-123000,0,0,0,77000,200000,-123000,-123000
066405,晶碩凱基01購01  ,0,0,0,0,0,0,0,0,0,-124000,0,0,0,0,124000,-124000,-124000
066158,惠特康和01購01  ,0,0,0,0,0,0,0,0,0,-124000,0,0,0,0,124000,-124000,-124000
07270P,台灣50元大01售09,0,0,0,0,0,0,0,0,0,-124000,0,0,0,10000,134000,-124000,-124000
061287,大立光統一9B購06,0,0,0,0,0,0,0,0,0,-124000,0,0,0,79000,203000,-124000,-124000
053153,大立光元大99購02,0,0,0,0,0,0,0,0,0,-125000,0,0,0,10000,135000,-125000,-125000
03689C,T50反1元大02牛01,0,0,0,0,0,0,0,0,0,-125000,0,0,0,0,125000,-125000,-125000
05953P,台積電國票98售02,0,0,0,0,0,0,0,0,0,-125000,0,0,0,25000,150000,-125000,-125000
060307,南港永豐9A購01  ,0,0,0,0,0,0,0,0,0,-125000,0,0,0,38000,163000,-125000,-125000
064870,中租永豐9C購01  ,0,0,0,0,0,0,0,0,0,-125000,0,0,0,0,125000,-125000,-125000
2059,川湖            ,33000,155000,-122000,0,0,0,0,1000,-1000,-2000,0,2000,-2000,0,0,0,-125000
5234,達興材料        ,15000,118000,-103000,0,0,0,0,14000,-14000,-8000,0,8000,-8000,0,0,0,-125000
066195,臺股指凱基03購04,0,0,0,0,0,0,0,0,0,-126000,0,0,0,25000,151000,-126000,-126000
066766,嘉澤永豐01購01  ,0,0,0,0,0,0,0,0,0,-126000,0,0,0,0,126000,-126000,-126000
066868,聯發科元富07購01,0,0,0,0,0,0,0,0,0,-126000,0,0,0,0,126000,-126000,-126000
058772,茂林兆豐9A購01  ,0,0,0,0,0,0,0,0,0,-126000,0,0,0,0,126000,-126000,-126000
062428,超眾統一9B購01  ,0,0,0,0,0,0,0,0,0,-126000,0,0,0,39000,165000,-126000,-126000
064799,裕隆元大9C購02  ,0,0,0,0,0,0,0,0,0,-126000,0,0,0,0,126000,-126000,-126000
1473,台南            ,0,125000,-125000,0,0,0,0,0,0,-1000,0,1000,-1000,0,0,0,-126000
066467,晶碩統一03購01  ,0,0,0,0,0,0,0,0,0,-127000,0,0,0,35000,162000,-127000,-127000
066498,康控國泰02購01  ,0,0,0,0,0,0,0,0,0,-127000,0,0,0,195000,322000,-127000,-127000
066212,惠特統一01購01  ,0,0,0,0,0,0,0,0,0,-127000,0,0,0,143000,270000,-127000,-127000
065950,正崴統一03購01  ,0,0,0,0,0,0,0,0,0,-127000,0,0,0,432000,559000,-127000,-127000
065954,大立光統一03購01,0,0,0,0,0,0,0,0,0,-127000,0,0,0,73000,200000,-127000,-127000
08062P,華擎國票9B售03  ,0,0,0,0,0,0,0,0,0,-127000,0,0,0,13000,140000,-127000,-127000
046629,群創統一98購01  ,0,0,0,0,0,0,0,0,0,-127000,0,0,0,22000,149000,-127000,-127000
056986,超眾群益98購03  ,0,0,0,0,0,0,0,0,0,-127000,0,0,0,73000,200000,-127000,-127000
062319,南六凱基9B購02  ,0,0,0,0,0,0,0,0,0,-127000,0,0,0,18000,145000,-127000,-127000
060932,南六永豐9A購02  ,0,0,0,0,0,0,0,0,0,-127000,0,0,0,12000,139000,-127000,-127000
064730,超眾統一02購02  ,0,0,0,0,0,0,0,0,0,-127000,0,0,0,74000,201000,-127000,-127000
064283,奇鋐元大9C購02  ,0,0,0,0,0,0,0,0,0,-127000,0,0,0,344000,471000,-127000,-127000
056276,同欣電國泰98購01,0,0,0,0,0,0,0,0,0,-128000,0,0,0,2000,130000,-128000,-128000
062802,宏達電統一9B購01,0,0,0,0,0,0,0,0,0,-128000,0,0,0,0,128000,-128000,-128000
064218,南六凱基01購01  ,0,0,0,0,0,0,0,0,0,-128000,0,0,0,0,128000,-128000,-128000
6155,鈞寶            ,24000,172000,-148000,0,0,0,0,0,0,20000,20000,0,20000,0,0,0,-128000
08472P,和碩凱基9C售02  ,0,0,0,0,0,0,0,0,0,-129000,0,0,0,226000,355000,-129000,-129000
064180,國巨富邦02購03  ,0,0,0,0,0,0,0,0,0,-129000,0,0,0,70000,199000,-129000,-129000
064319,南電群益9C購01  ,0,0,0,0,0,0,0,0,0,-129000,0,0,0,0,129000,-129000,-129000
063252,緯穎元大9B購07  ,0,0,0,0,0,0,0,0,0,-129000,0,0,0,99000,228000,-129000,-129000
08140P,祥碩元大9B售07  ,0,0,0,0,0,0,0,0,0,-130000,0,0,0,230000,360000,-130000,-130000
07418P,聯發科元大99售45,0,0,0,0,0,0,0,0,0,-130000,0,0,0,70000,200000,-130000,-130000
07964P,大立光統一9B售12,0,0,0,0,0,0,0,0,0,-130000,0,0,0,0,130000,-130000,-130000
065720,義隆兆豐9C購03  ,0,0,0,0,0,0,0,0,0,-130000,0,0,0,39000,169000,-130000,-130000
066631,聯詠凱基03購01  ,0,0,0,0,0,0,0,0,0,-130000,0,0,0,18000,148000,-130000,-130000
047482,新光金凱基99購03,0,0,0,0,0,0,0,0,0,-130000,0,0,0,0,130000,-130000,-130000
054563,泰碩群益99購01  ,0,0,0,0,0,0,0,0,0,-130000,0,0,0,60000,190000,-130000,-130000
063091,聯電中信9B購01  ,0,0,0,0,0,0,0,0,0,-130000,0,0,0,39000,169000,-130000,-130000
063179,群創兆豐9B購01  ,0,0,0,0,0,0,0,0,0,-130000,0,0,0,59000,189000,-130000,-130000
063713,麗豐凱基9B購01  ,0,0,0,0,0,0,0,0,0,-130000,0,0,0,0,130000,-130000,-130000
064621,大立光元大9C購20,0,0,0,0,0,0,0,0,0,-130000,0,0,0,4000,134000,-130000,-130000
065497,台積電富邦03購03,0,0,0,0,0,0,0,0,0,-130000,0,0,0,0,130000,-130000,-130000
065575,神達群益01購01  ,0,0,0,0,0,0,0,0,0,-130000,0,0,0,36000,166000,-130000,-130000
1737,臺鹽            ,13000,143000,-130000,0,0,0,0,0,0,0,0,0,0,0,0,0,-130000
06742P,可成富邦99售02  ,0,0,0,0,0,0,0,0,0,-131000,0,0,0,176000,307000,-131000,-131000
062294,盛群永豐9B購01  ,0,0,0,0,0,0,0,0,0,-131000,0,0,0,18000,149000,-131000,-131000
062229,南六統一9B購01  ,0,0,0,0,0,0,0,0,0,-131000,0,0,0,0,131000,-131000,-131000
062129,世紀鋼統一02購01,0,0,0,0,0,0,0,0,0,-131000,0,0,0,75000,206000,-131000,-131000
063495,台光電富邦9C購01,0,0,0,0,0,0,0,0,0,-131000,0,0,0,25000,156000,-131000,-131000
063031,鴻海凱基9C購01  ,0,0,0,0,0,0,0,0,0,-131000,0,0,0,6000,137000,-131000,-131000
063973,緯穎國票9C購01  ,0,0,0,0,0,0,0,0,0,-131000,0,0,0,23000,154000,-131000,-131000
058067,台積電第一9C購01,0,0,0,0,0,0,0,0,0,-132000,0,0,0,146000,278000,-132000,-132000
061681,南電元大9A購08  ,0,0,0,0,0,0,0,0,0,-132000,0,0,0,0,132000,-132000,-132000
064307,聚陽群益9C購03  ,0,0,0,0,0,0,0,0,0,-132000,0,0,0,40000,172000,-132000,-132000
063376,神達永豐9B購01  ,0,0,0,0,0,0,0,0,0,-132000,0,0,0,15000,147000,-132000,-132000
3532,台勝科          ,295000,320000,-25000,0,0,0,0,1000,-1000,-106000,0,80000,-80000,24000,50000,-26000,-132000
066458,大毅統一02購02  ,0,0,0,0,0,0,0,0,0,-133000,0,0,0,247000,380000,-133000,-133000
066310,長興永豐01購01  ,0,0,0,0,0,0,0,0,0,-133000,0,0,0,117000,250000,-133000,-133000
07883P,可成凱基9B售03  ,0,0,0,0,0,0,0,0,0,-133000,0,0,0,11000,144000,-133000,-133000
08185P,華新科永豐9B售01,0,0,0,0,0,0,0,0,0,-133000,0,0,0,0,133000,-133000,-133000
08430P,友達凱基01售01  ,0,0,0,0,0,0,0,0,0,-133000,0,0,0,0,133000,-133000,-133000
061212,聯鈞元大9A購04  ,0,0,0,0,0,0,0,0,0,-133000,0,0,0,65000,198000,-133000,-133000
057475,聯電元大9A購01  ,0,0,0,0,0,0,0,0,0,-133000,0,0,0,216000,349000,-133000,-133000
061137,晶技統一9B購01  ,0,0,0,0,0,0,0,0,0,-133000,0,0,0,88000,221000,-133000,-133000
064685,裕隆群益9C購01  ,0,0,0,0,0,0,0,0,0,-133000,0,0,0,0,133000,-133000,-133000
064790,金像電國票01購01,0,0,0,0,0,0,0,0,0,-133000,0,0,0,0,133000,-133000,-133000
2612,中航            ,4000,136000,-132000,0,0,0,0,0,0,-1000,0,1000,-1000,0,0,0,-133000
053276,友達元大9C購01  ,0,0,0,0,0,0,0,0,0,-134000,0,0,0,7000,141000,-134000,-134000
064743,聯詠國票01購01  ,0,0,0,0,0,0,0,0,0,-134000,0,0,0,38000,172000,-134000,-134000
2020,美亞            ,13000,157000,-144000,0,0,0,0,0,0,10000,11000,1000,10000,0,0,0,-134000
2459,敦吉            ,2000,136359,-134359,0,0,0,0,0,0,0,0,0,0,0,0,0,-134359
08609P,世紀鋼永豐9C售03,30000,0,30000,0,0,0,0,0,0,-165000,0,0,0,3000,168000,-165000,-135000
08005P,台積電群益9C售04,0,0,0,0,0,0,0,0,0,-135000,0,0,0,0,135000,-135000,-135000
07303P,臺股指元大9A售36,0,0,0,0,0,0,0,0,0,-135000,0,0,0,115000,250000,-135000,-135000
07122P,欣興凱基99售05  ,0,0,0,0,0,0,0,0,0,-135000,0,0,0,0,135000,-135000,-135000
065686,同欣電統一03購01,0,0,0,0,0,0,0,0,0,-135000,0,0,0,0,135000,-135000,-135000
061908,台積電中信05購01,0,0,0,0,0,0,0,0,0,-135000,0,0,0,25000,160000,-135000,-135000
062008,南亞科國泰9C購01,0,0,0,0,0,0,0,0,0,-135000,0,0,0,44000,179000,-135000,-135000
062163,大毅國泰01購01  ,0,0,0,0,0,0,0,0,0,-135000,0,0,0,55000,190000,-135000,-135000
059872,華新科凱基01購01,0,0,0,0,0,0,0,0,0,-135000,0,0,0,0,135000,-135000,-135000
063012,技嘉元大9B購01  ,0,0,0,0,0,0,0,0,0,-135000,0,0,0,36000,171000,-135000,-135000
064298,台灣50兆豐01購02,0,0,0,0,0,0,0,0,0,-135000,0,0,0,0,135000,-135000,-135000
057451,大立光元富9B購01,0,0,0,0,0,0,0,0,0,-136000,0,0,0,311000,447000,-136000,-136000
060877,華邦電中信02購01,0,0,0,0,0,0,0,0,0,-136000,0,0,0,0,136000,-136000,-136000
060506,京元電元大9A購02,0,0,0,0,0,0,0,0,0,-136000,0,0,0,64000,200000,-136000,-136000
06139P,台積電中信99售02,0,0,0,0,0,0,0,0,0,-136000,0,0,0,40000,176000,-136000,-136000
063072,裕隆永豐9B購01  ,0,0,0,0,0,0,0,0,0,-136000,0,0,0,1000,137000,-136000,-136000
057085,立積統一9B購02  ,0,0,0,0,0,0,0,0,0,-137000,0,0,0,284000,421000,-137000,-137000
058528,世紀鋼元大99購02,0,0,0,0,0,0,0,0,0,-137000,0,0,0,188000,325000,-137000,-137000
061417,力成群益9A購01  ,0,0,0,0,0,0,0,0,0,-137000,0,0,0,63000,200000,-137000,-137000
065136,正隆凱基9C購01  ,0,0,0,0,0,0,0,0,0,-137000,0,0,0,54000,191000,-137000,-137000
08334P,智邦永豐9C售01  ,0,0,0,0,0,0,0,0,0,-138000,0,0,0,0,138000,-138000,-138000
063951,新日興元大9C購01,0,0,0,0,0,0,0,0,0,-138000,0,0,0,5000,143000,-138000,-138000
3346,麗清            ,64000,202000,-138000,0,0,0,0,0,0,0,0,0,0,0,0,0,-138000
08394P,大立光群益9C售05,0,0,0,0,0,0,0,0,0,-139000,0,0,0,6000,145000,-139000,-139000
08489P,臺股指群益9C售20,0,0,0,0,0,0,0,0,0,-139000,0,0,0,30000,169000,-139000,-139000
057364,國巨元大98購18  ,0,0,0,0,0,0,0,0,0,-139000,0,0,0,1000,140000,-139000,-139000
062568,緯穎中信9C購01  ,0,0,0,0,0,0,0,0,0,-139000,0,0,0,0,139000,-139000,-139000
063803,世紀鋼凱基01購01,0,0,0,0,0,0,0,0,0,-139000,0,0,0,1000,140000,-139000,-139000
2492,華新科          ,1397382,1552256,-154874,0,0,0,0,8000,-8000,23000,50000,6000,44000,35000,56000,-21000,-139874
07408P,台積電兆豐99售06,0,0,0,0,0,0,0,0,0,-140000,0,0,0,0,140000,-140000,-140000
056768,宏達電元大99購03,0,0,0,0,0,0,0,0,0,-140000,0,0,0,25000,165000,-140000,-140000
057576,南亞科第一9C購01,0,0,0,0,0,0,0,0,0,-140000,0,0,0,20000,160000,-140000,-140000
055876,美食元富9A購01  ,0,0,0,0,0,0,0,0,0,-140000,0,0,0,40000,180000,-140000,-140000
059814,SP黃豆凱基9A購02,0,0,0,0,0,0,0,0,0,-140000,0,0,0,0,140000,-140000,-140000
1506,正道            ,56000,200000,-144000,0,0,0,0,0,0,4000,5000,1000,4000,0,0,0,-140000
1439,中和            ,9000,148000,-139000,0,0,0,0,0,0,-1000,0,1000,-1000,0,0,0,-140000
3665,貿聯-KY         ,160000,268519,-108519,0,0,0,0,21000,-21000,-11000,16000,6000,10000,3000,24000,-21000,-140519
065846,華新科元大03購01,0,0,0,0,0,0,0,0,0,-141000,0,0,0,0,141000,-141000,-141000
05643P,大立光中信98售01,0,0,0,0,0,0,0,0,0,-141000,0,0,0,0,141000,-141000,-141000
061326,新日興凱基9B購01,0,0,0,0,0,0,0,0,0,-141000,0,0,0,47000,188000,-141000,-141000
061742,奇鋐凱基9B購01  ,0,0,0,0,0,0,0,0,0,-141000,0,0,0,19000,160000,-141000,-141000
064433,金像電凱基02購01,0,0,0,0,0,0,0,0,0,-141000,0,0,0,0,141000,-141000,-141000
6108,競國            ,123000,264000,-141000,0,0,0,0,0,0,0,0,0,0,0,0,0,-141000
912398,友佳-DR         ,0,141000,-141000,0,0,0,0,0,0,0,0,0,0,0,0,0,-141000
9946,三發地產        ,1000,142803,-141803,0,0,0,0,0,0,0,0,0,0,0,0,0,-141803
066199,金像電統一02購01,0,0,0,0,0,0,0,0,0,-142000,0,0,0,40000,182000,-142000,-142000
066432,南六元大01購02  ,0,0,0,0,0,0,0,0,0,-142000,0,0,0,74000,216000,-142000,-142000
066748,同欣電元大01購03,0,0,0,0,0,0,0,0,0,-142000,0,0,0,0,142000,-142000,-142000
07081P,南電群益9A售01  ,0,0,0,0,0,0,0,0,0,-142000,0,0,0,78000,220000,-142000,-142000
5519,隆大            ,33000,175000,-142000,0,0,0,0,0,0,0,0,0,0,0,0,0,-142000
08457P,大毅元大9C售03  ,0,0,0,0,0,0,0,0,0,-143000,0,0,0,10000,153000,-143000,-143000
066187,瑞祺凱基01購01  ,0,0,0,0,0,0,0,0,0,-143000,0,0,0,2000,145000,-143000,-143000
00668,國泰美國道瓊    ,0,0,0,0,0,0,0,0,0,-143000,0,0,0,107000,250000,-143000,-143000
058586,鴻海中信01購02  ,0,0,0,0,0,0,0,0,0,-143000,0,0,0,7000,150000,-143000,-143000
063039,大立光凱基9C購02,0,0,0,0,0,0,0,0,0,-143000,0,0,0,35000,178000,-143000,-143000
8261,富鼎            ,132000,275000,-143000,0,0,0,0,0,0,0,0,0,0,0,0,0,-143000
2362,藍天            ,53000,181000,-128000,0,0,0,0,0,0,-15000,0,2000,-2000,5000,18000,-13000,-143000
2207,和泰車          ,208000,340906,-132906,0,0,0,0,559,-559,-10000,0,9000,-9000,0,1000,-1000,-143465
065729,聯詠凱基9C購04  ,0,0,0,0,0,0,0,0,0,-144000,0,0,0,106000,250000,-144000,-144000
08190P,宏達電元富9B售04,0,0,0,0,0,0,0,0,0,-144000,0,0,0,285000,429000,-144000,-144000
08157P,大立光元富9B售06,0,0,0,0,0,0,0,0,0,-144000,0,0,0,81000,225000,-144000,-144000
063087,南六凱基9C購02  ,0,0,0,0,0,0,0,0,0,-144000,0,0,0,10000,154000,-144000,-144000
063262,南六富邦9C購01  ,0,0,0,0,0,0,0,0,0,-144000,0,0,0,10000,154000,-144000,-144000
065862,世紀鋼元大9C購06,0,0,0,0,0,0,0,0,0,-145000,0,0,0,134000,279000,-145000,-145000
060742,臺指反國票9B購02,0,0,0,0,0,0,0,0,0,-145000,0,0,0,0,145000,-145000,-145000
061769,晶技元大9B購03  ,0,0,0,0,0,0,0,0,0,-145000,0,0,0,68000,213000,-145000,-145000
060341,國巨統一9C購02  ,0,0,0,0,0,0,0,0,0,-145000,0,0,0,0,145000,-145000,-145000
062704,大毅元大9C購01  ,0,0,0,0,0,0,0,0,0,-145000,0,0,0,1000,146000,-145000,-145000
064885,T50反1中信04購01,0,0,0,0,0,0,0,0,0,-145000,0,0,0,0,145000,-145000,-145000
065916,聯發科凱基01購10,0,0,0,0,0,0,0,0,0,-146000,0,0,0,30000,176000,-146000,-146000
2404,漢唐            ,54000,174500,-120500,0,0,0,0,2000,-2000,-24000,0,5000,-5000,10000,29000,-19000,-146500
066309,永光永豐01購01  ,0,0,0,0,0,0,0,0,0,-147000,0,0,0,1000,148000,-147000,-147000
08526P,義隆元大9C售04  ,0,0,0,0,0,0,0,0,0,-147000,0,0,0,400000,547000,-147000,-147000
062535,台積電麥證02購01,0,0,0,0,147000,-147000,0,0,0,-147000,0,0,0,0,147000,-147000,-147000
065531,聯電統一01購01  ,0,0,0,0,0,0,0,0,0,-147000,0,0,0,100000,247000,-147000,-147000
063319,神達群益9B購01  ,0,0,0,0,0,0,0,0,0,-147000,0,0,0,83000,230000,-147000,-147000
07667P,亞德客元大9A售05,0,0,0,0,0,0,0,0,0,-148000,0,0,0,40000,188000,-148000,-148000
065957,華擎統一03購02  ,0,0,0,0,0,0,0,0,0,-148000,0,0,0,119000,267000,-148000,-148000
066020,東元群益01購01  ,0,0,0,0,0,0,0,0,0,-148000,0,0,0,19000,167000,-148000,-148000
058325,昇陽半永豐99購01,0,0,0,0,0,0,0,0,0,-148000,0,0,0,83000,231000,-148000,-148000
064370,聯茂統一02購01  ,0,0,0,0,0,0,0,0,0,-148000,0,0,0,80000,228000,-148000,-148000
066266,強茂元大01購01  ,0,0,0,0,0,0,0,0,0,-149000,0,0,0,123000,272000,-149000,-149000
07617P,聯發科中信9C售04,0,0,0,0,0,0,0,0,0,-149000,0,0,0,0,149000,-149000,-149000
08085P,華通凱基9B售04  ,0,0,0,0,0,0,0,0,0,-149000,0,0,0,0,149000,-149000,-149000
059293,宏達電元富9B購01,0,0,0,0,0,0,0,0,0,-149000,0,0,0,25000,174000,-149000,-149000
063081,技嘉凱基9B購02  ,0,0,0,0,0,0,0,0,0,-149000,0,0,0,21000,170000,-149000,-149000
065642,台積電元大9C購13,0,0,0,0,0,0,0,0,0,-149000,0,0,0,1933000,2082000,-149000,-149000
064491,金像電元大9C購03,0,0,0,0,0,0,0,0,0,-149000,0,0,0,50000,199000,-149000,-149000
3605,宏致            ,149000,298000,-149000,0,0,0,0,0,0,0,0,0,0,0,0,0,-149000
2360,致茂            ,571000,723100,-152100,0,0,0,0,8000,-8000,11000,6000,9000,-3000,17000,3000,14000,-149100
08177P,金像電元大9B售02,0,0,0,0,0,0,0,0,0,-150000,0,0,0,48000,198000,-150000,-150000
08415P,台灣50元大9C售42,0,0,0,0,0,0,0,0,0,-150000,0,0,0,0,150000,-150000,-150000
07701P,玉晶光第一9A售02,0,0,0,0,0,0,0,0,0,-150000,0,0,0,0,150000,-150000,-150000
066064,T50反1凱基03購03,0,0,0,0,0,0,0,0,0,-150000,0,0,0,200000,350000,-150000,-150000
066282,鎧勝元大01購01  ,0,0,0,0,0,0,0,0,0,-150000,0,0,0,864000,1014000,-150000,-150000
06902P,聯電凱基98售02  ,0,0,0,0,0,0,0,0,0,-150000,0,0,0,0,150000,-150000,-150000
058522,聯茂元大99購07  ,0,0,0,0,0,0,0,0,0,-150000,0,0,0,40000,190000,-150000,-150000
03064X,元展59          ,0,0,0,0,0,0,0,0,0,-150000,0,0,0,0,150000,-150000,-150000
054231,國巨群益98購03  ,0,0,0,0,0,0,0,0,0,-150000,0,0,0,0,150000,-150000,-150000
056066,奇鋐元大98購02  ,0,0,0,0,0,0,0,0,0,-150000,0,0,0,10000,160000,-150000,-150000
060565,大立光富邦01購01,0,0,0,0,0,0,0,0,0,-150000,0,0,0,28000,178000,-150000,-150000
061711,台積電凱基9A購27,0,0,0,0,0,0,0,0,0,-150000,0,0,0,0,150000,-150000,-150000
061243,麗豐兆豐9A購01  ,0,0,0,0,0,0,0,0,0,-150000,0,0,0,44000,194000,-150000,-150000
062130,T50反1群益9B購01,0,0,0,0,0,0,0,0,0,-150000,0,0,0,0,150000,-150000,-150000
065609,嘉澤元大01購02  ,1000,0,1000,0,0,0,0,0,0,-151000,0,0,0,248000,399000,-151000,-150000
065466,台表科中信01購03,0,0,0,0,0,0,0,0,0,-150000,0,0,0,314000,464000,-150000,-150000
063762,緯穎統一9C購01  ,0,0,0,0,0,0,0,0,0,-150000,0,0,0,0,150000,-150000,-150000
3052,夆典            ,55000,205000,-150000,0,0,0,0,0,0,0,0,0,0,0,0,0,-150000
066086,東元永豐01購01  ,0,0,0,0,0,0,0,0,0,-151000,0,0,0,0,151000,-151000,-151000
065996,T50反1第一01購01,0,0,0,0,0,0,0,0,0,-151000,0,0,0,65000,216000,-151000,-151000
066226,惠特國泰03購01  ,0,0,0,0,0,0,0,0,0,-151000,0,0,0,10000,161000,-151000,-151000
07880P,可成群益9B售05  ,0,0,0,0,0,0,0,0,0,-151000,0,0,0,0,151000,-151000,-151000
056557,世紀鋼凱基98購02,0,0,0,0,0,0,0,0,0,-151000,0,0,0,0,151000,-151000,-151000
062161,南六凱基9C購01  ,0,0,0,0,0,0,0,0,0,-151000,0,0,0,36000,187000,-151000,-151000
062392,國巨富邦02購01  ,0,0,0,0,0,0,0,0,0,-151000,0,0,0,3000,154000,-151000,-151000
063578,瑞祺元大9B購03  ,0,0,0,0,0,0,0,0,0,-151000,0,0,0,64000,215000,-151000,-151000
065463,大立光中信01購02,0,0,0,0,0,0,0,0,0,-151000,0,0,0,580000,731000,-151000,-151000
065260,金像電元大9C購07,0,0,0,0,0,0,0,0,0,-151000,0,0,0,0,151000,-151000,-151000
8404,百和興業-KY     ,71000,219000,-148000,0,0,0,0,0,0,-3000,0,3000,-3000,0,0,0,-151000
08661P,台灣50麥證9C售03,0,0,0,0,152000,-152000,0,0,0,-152000,0,0,0,0,152000,-152000,-152000
08095P,大立光元富9B售03,0,0,0,0,0,0,0,0,0,-152000,0,0,0,68000,220000,-152000,-152000
066044,京元電元大01購01,0,0,0,0,0,0,0,0,0,-152000,0,0,0,337000,489000,-152000,-152000
065971,金像電元大02購01,0,0,0,0,0,0,0,0,0,-152000,0,0,0,20000,172000,-152000,-152000
058319,大毅永豐9A購01  ,0,0,0,0,0,0,0,0,0,-152000,0,0,0,0,152000,-152000,-152000
055679,華通凱基99購01  ,0,0,0,0,0,0,0,0,0,-152000,0,0,0,143000,295000,-152000,-152000
061153,奇力新群益9A購02,0,0,0,0,0,0,0,0,0,-152000,0,0,0,0,152000,-152000,-152000
07722P,玉晶光凱基9A售10,0,0,0,0,0,0,0,0,0,-153000,0,0,0,0,153000,-153000,-153000
064838,旭富統一01購01  ,0,0,0,0,0,0,0,0,0,-153000,0,0,0,269000,422000,-153000,-153000
064954,奇鋐凱基9C購01  ,130000,0,130000,0,0,0,0,0,0,-283000,0,0,0,467000,750000,-283000,-153000
5531,鄉林            ,38000,184000,-146000,0,0,0,0,0,0,-7000,0,7000,-7000,0,0,0,-153000
07818P,台積電國票9C售01,0,0,0,0,0,0,0,0,0,-154000,0,0,0,100000,254000,-154000,-154000
062689,華擎統一02購01  ,0,0,0,0,0,0,0,0,0,-154000,0,0,0,1000,155000,-154000,-154000
2034,允強            ,32000,182000,-150000,0,0,0,0,0,0,-4000,0,4000,-4000,0,0,0,-154000
07771P,義隆國票9A售01  ,0,0,0,0,0,0,0,0,0,-155000,0,0,0,299000,454000,-155000,-155000
08278P,玉晶光元富9C售02,0,0,0,0,0,0,0,0,0,-155000,0,0,0,65000,220000,-155000,-155000
08566P,禾伸堂群益9C售01,0,0,0,0,0,0,0,0,0,-155000,0,0,0,0,155000,-155000,-155000
065688,緯創元富9C購02  ,0,0,0,0,0,0,0,0,0,-155000,0,0,0,17000,172000,-155000,-155000
066204,京鼎統一02購01  ,0,0,0,0,0,0,0,0,0,-155000,0,0,0,395000,550000,-155000,-155000
058652,SGBR2X中信01購01,0,0,0,0,0,0,0,0,0,-155000,0,0,0,0,155000,-155000,-155000
062947,國巨富邦01購01  ,0,0,0,0,0,0,0,0,0,-155000,0,0,0,0,155000,-155000,-155000
060259,潤泰全凱基9C購01,0,0,0,0,0,0,0,0,0,-155000,0,0,0,65000,220000,-155000,-155000
065137,中鋼凱基01購01  ,0,0,0,0,0,0,0,0,0,-155000,0,0,0,0,155000,-155000,-155000
063774,GIS富邦9B購02   ,0,0,0,0,0,0,0,0,0,-155000,0,0,0,114000,269000,-155000,-155000
063873,南六永豐9C購01  ,0,0,0,0,0,0,0,0,0,-155000,0,0,0,8000,163000,-155000,-155000
6139,亞翔            ,329000,482000,-153000,0,0,0,0,0,0,-2000,0,2000,-2000,0,0,0,-155000
3583,辛耘            ,134000,289000,-155000,0,0,0,0,0,0,0,0,0,0,0,0,0,-155000
2451,創見            ,78000,228860,-150860,0,0,0,0,6000,-6000,1000,0,4000,-4000,5000,0,5000,-155860
066117,茂林兆豐02購01  ,0,0,0,0,0,0,0,0,0,-156000,0,0,0,2000,158000,-156000,-156000
065718,健策中信9C購02  ,0,0,0,0,0,0,0,0,0,-156000,0,0,0,124000,280000,-156000,-156000
066301,大成永豐01購01  ,0,0,0,0,0,0,0,0,0,-156000,0,0,0,44000,200000,-156000,-156000
06296P,燿華元大98售01  ,0,0,0,0,0,0,0,0,0,-156000,0,0,0,80000,236000,-156000,-156000
063494,金像電富邦9B購01,0,0,0,0,0,0,0,0,0,-156000,0,0,0,0,156000,-156000,-156000
063432,金寶元富9B購01  ,0,0,0,0,0,0,0,0,0,-156000,0,0,0,100000,256000,-156000,-156000
2727,王品            ,12000,169000,-157000,0,0,0,0,0,0,1000,1000,0,1000,0,0,0,-156000
2106,建大            ,217000,369437,-152437,0,0,0,0,0,0,-4000,0,4000,-4000,0,0,0,-156437
058656,燿華中信99購01  ,0,0,0,0,0,0,0,0,0,-157000,0,0,0,55000,212000,-157000,-157000
056790,彩晶群益98購03  ,0,0,0,0,0,0,0,0,0,-157000,0,0,0,143000,300000,-157000,-157000
059077,FBVIX元大99購05 ,0,0,0,0,0,0,0,0,0,-157000,0,0,0,3000,160000,-157000,-157000
2453,凌群            ,275000,431000,-156000,0,0,0,0,0,0,-1000,0,1000,-1000,0,0,0,-157000
08410P,臺股指元大9C售16,0,0,0,0,0,0,0,0,0,-158000,0,0,0,0,158000,-158000,-158000
058274,世紀鋼永豐99購01,0,0,0,0,0,0,0,0,0,-158000,0,0,0,29000,187000,-158000,-158000
058677,矽格群益99購01  ,0,0,0,0,0,0,0,0,0,-158000,0,0,0,51000,209000,-158000,-158000
063984,華邦電國泰02購01,0,0,0,0,0,0,0,0,0,-158000,0,0,0,0,158000,-158000,-158000
2538,基泰            ,10000,161000,-151000,0,0,0,0,0,0,-7000,0,7000,-7000,0,0,0,-158000
06760P,台積電元大98售18,0,0,0,0,0,0,0,0,0,-159000,0,0,0,0,159000,-159000,-159000
066271,東森元大01購01  ,0,0,0,0,0,0,0,0,0,-159000,0,0,0,84000,243000,-159000,-159000
053152,大立光元大99購01,0,0,0,0,0,0,0,0,0,-159000,0,0,0,0,159000,-159000,-159000
3703,欣陸            ,104000,339000,-235000,0,0,0,0,0,0,76000,80000,4000,76000,0,0,0,-159000
066289,晶碩元大02購01  ,0,0,0,0,0,0,0,0,0,-160000,0,0,0,0,160000,-160000,-160000
08437P,台郡群益9C售01  ,0,0,0,0,0,0,0,0,0,-160000,0,0,0,0,160000,-160000,-160000
07577P,華新科元大9A售09,0,0,0,0,0,0,0,0,0,-160000,0,0,0,20000,180000,-160000,-160000
061047,大立光第一9A購01,0,0,0,0,0,0,0,0,0,-160000,0,0,0,0,160000,-160000,-160000
064017,道瓊反元大9C購03,0,0,0,0,0,0,0,0,0,-160000,0,0,0,0,160000,-160000,-160000
063368,遠東新永豐9B購01,0,0,0,0,0,0,0,0,0,-160000,0,0,0,15000,175000,-160000,-160000
8249,菱光            ,2000,161000,-159000,0,0,0,0,0,0,-1000,0,1000,-1000,0,0,0,-160000
07005P,台積電統一9B售05,0,0,0,0,0,0,0,0,0,-161000,0,0,0,0,161000,-161000,-161000
08643P,和碩群益9C售02  ,0,0,0,0,0,0,0,0,0,-161000,0,0,0,178000,339000,-161000,-161000
05894P,友達群益98售02  ,0,0,0,0,0,0,0,0,0,-161000,0,0,0,0,161000,-161000,-161000
063422,奇鋐凱基9B購04  ,0,0,0,0,0,0,0,0,0,-161000,0,0,0,37000,198000,-161000,-161000
063805,技嘉兆豐9C購01  ,0,0,0,0,0,0,0,0,0,-161000,0,0,0,191000,352000,-161000,-161000
2231,為升            ,44000,159370,-115370,0,0,0,0,0,0,-46000,0,8000,-8000,2000,40000,-38000,-161370
07145P,為升元大99售03  ,0,0,0,0,0,0,0,0,0,-162000,0,0,0,0,162000,-162000,-162000
065842,技嘉元大9C購05  ,0,0,0,0,0,0,0,0,0,-162000,0,0,0,109000,271000,-162000,-162000
060417,正隆永豐9A購01  ,0,0,0,0,0,0,0,0,0,-162000,0,0,0,10000,172000,-162000,-162000
065295,旭富群益9C購02  ,0,0,0,0,0,0,0,0,0,-162000,0,0,0,0,162000,-162000,-162000
3060,銘異            ,145000,303000,-158000,0,0,0,0,0,0,-4000,0,4000,-4000,0,0,0,-162000
064483,瑞儀永豐9C購01  ,0,0,0,0,0,0,0,0,0,-163000,0,0,0,174000,337000,-163000,-163000
066502,國巨富邦05購02  ,0,0,0,0,0,0,0,0,0,-164000,0,0,0,210000,374000,-164000,-164000
063917,南六凱基02購01  ,0,0,0,0,0,0,0,0,0,-164000,0,0,0,0,164000,-164000,-164000
06755P,大立光永豐98售03,0,0,0,0,0,0,0,0,0,-165000,0,0,0,0,165000,-165000,-165000
066012,友訊元富01購01  ,0,0,0,0,0,0,0,0,0,-165000,0,0,0,96000,261000,-165000,-165000
062019,嘉澤永豐9B購01  ,0,0,0,0,0,0,0,0,0,-165000,0,0,0,171000,336000,-165000,-165000
064628,南六元大9C購05  ,0,0,0,0,0,0,0,0,0,-165000,0,0,0,86000,251000,-165000,-165000
065730,新日興凱基9C購01,0,0,0,0,0,0,0,0,0,-166000,0,0,0,133000,299000,-166000,-166000
061021,聯電國泰9B購01  ,0,0,0,0,0,0,0,0,0,-166000,0,0,0,40000,206000,-166000,-166000
062351,瑞祺群益9C購01  ,0,0,0,0,0,0,0,0,0,-166000,0,0,0,0,166000,-166000,-166000
063663,台光電統一9C購01,0,0,0,0,0,0,0,0,0,-166000,0,0,0,0,166000,-166000,-166000
065799,友訊群益01購03  ,0,0,0,0,0,0,0,0,0,-167000,0,0,0,77000,244000,-167000,-167000
07576P,可成元大9A售01  ,0,0,0,0,0,0,0,0,0,-167000,0,0,0,33000,200000,-167000,-167000
6672,騰輝電子-KY     ,32000,198000,-166000,0,0,0,0,0,0,-1000,0,1000,-1000,0,0,0,-167000
08565P,聯發科群益9C售12,0,0,0,0,0,0,0,0,0,-168000,0,0,0,20000,188000,-168000,-168000
066223,拓凱國泰03購01  ,0,0,0,0,0,0,0,0,0,-168000,0,0,0,24000,192000,-168000,-168000
066352,晶碩永豐01購01  ,0,0,0,0,0,0,0,0,0,-168000,0,0,0,5000,173000,-168000,-168000
065253,和大元大01購02  ,0,0,0,0,0,0,0,0,0,-168000,0,0,0,0,168000,-168000,-168000
4426,利勤            ,70000,238000,-168000,0,0,0,0,0,0,0,0,0,0,0,0,0,-168000
061544,大毅群益9B購02  ,0,0,0,0,0,0,0,0,0,-169000,0,0,0,9000,178000,-169000,-169000
065319,鴻海凱基9C購03  ,0,0,0,0,0,0,0,0,0,-169000,0,0,0,0,169000,-169000,-169000
065041,金像電凱基02購02,0,0,0,0,0,0,0,0,0,-169000,0,0,0,0,169000,-169000,-169000
06657P,寶成元大98售01  ,0,0,0,0,0,0,0,0,0,-170000,0,0,0,80000,250000,-170000,-170000
066188,訊芯凱基01購01  ,0,0,0,0,0,0,0,0,0,-170000,0,0,0,50000,220000,-170000,-170000
065817,聯發科元富03購08,0,0,0,0,0,0,0,0,0,-170000,0,0,0,149000,319000,-170000,-170000
08400P,美律元富9C售02  ,0,0,0,0,0,0,0,0,0,-170000,0,0,0,120000,290000,-170000,-170000
08292P,華新科台新9C售01,0,0,0,0,0,0,0,0,0,-170000,0,0,0,0,170000,-170000,-170000
07649P,金像電永豐9A售02,0,0,0,0,0,0,0,0,0,-170000,0,0,0,0,170000,-170000,-170000
07163P,臺股指群益99售14,0,0,0,0,0,0,0,0,0,-170000,0,0,0,221000,391000,-170000,-170000
07400P,國巨凱基99售20  ,0,0,0,0,0,0,0,0,0,-170000,0,0,0,0,170000,-170000,-170000
058338,康友元富99購01  ,0,0,0,0,0,0,0,0,0,-170000,0,0,0,30000,200000,-170000,-170000
053805,奇鋐凱基98購02  ,0,0,0,0,0,0,0,0,0,-170000,0,0,0,80000,250000,-170000,-170000
061516,力成永豐9A購02  ,0,0,0,0,0,0,0,0,0,-170000,0,0,0,101000,271000,-170000,-170000
063299,金寶凱基9B購01  ,0,0,0,0,0,0,0,0,0,-170000,0,0,0,0,170000,-170000,-170000
3312,弘憶股          ,28000,197000,-169000,0,0,0,0,0,0,-1000,0,1000,-1000,0,0,0,-170000
08208P,臺股指群益9B售16,0,0,0,0,0,0,0,0,0,-171000,0,0,0,0,171000,-171000,-171000
066423,智原元大01購02  ,0,0,0,0,0,0,0,0,0,-171000,0,0,0,5000,176000,-171000,-171000
062017,京鼎永豐9B購01  ,0,0,0,0,0,0,0,0,0,-171000,0,0,0,204000,375000,-171000,-171000
059851,晶相光永豐99購02,0,0,0,0,0,0,0,0,0,-171000,0,0,0,23000,194000,-171000,-171000
07894P,燿華元大9B售01  ,0,0,0,0,0,0,0,0,0,-172000,0,0,0,0,172000,-172000,-172000
063487,國巨國泰01購02  ,0,0,0,0,0,0,0,0,0,-172000,0,0,0,0,172000,-172000,-172000
2471,資通            ,38000,207000,-169000,0,0,0,0,0,0,-3000,6000,9000,-3000,0,0,0,-172000
064764,聯茂凱基01購01  ,0,0,0,0,0,0,0,0,0,-173000,0,0,0,10000,183000,-173000,-173000
07198P,臺股指元大99售14,0,0,0,0,0,0,0,0,0,-175000,0,0,0,0,175000,-175000,-175000
08318P,台積電台新01售01,0,0,0,0,0,0,0,0,0,-175000,0,0,0,0,175000,-175000,-175000
065787,奇鋐永豐9C購01  ,0,0,0,0,0,0,0,0,0,-175000,0,0,0,74000,249000,-175000,-175000
058270,上緯控永豐99購01,0,0,0,0,0,0,0,0,0,-175000,0,0,0,125000,300000,-175000,-175000
061126,京元電永豐9A購02,0,0,0,0,0,0,0,0,0,-175000,0,0,0,137000,312000,-175000,-175000
064738,裕隆國票01購01  ,0,0,0,0,0,0,0,0,0,-175000,0,0,0,38000,213000,-175000,-175000
9934,成霖            ,5000,178000,-173000,0,0,0,0,0,0,-2000,0,2000,-2000,0,0,0,-175000
065699,南亞科群益9C購02,0,0,0,0,0,0,0,0,0,-176000,0,0,0,19000,195000,-176000,-176000
065958,T50反1元大01購01,0,0,0,0,0,0,0,0,0,-176000,0,0,0,0,176000,-176000,-176000
08725P,臺股指元大01售06,0,0,0,0,0,0,0,0,0,-176000,0,0,0,0,176000,-176000,-176000
058310,大立光元大99購10,0,0,0,0,0,0,0,0,0,-176000,0,0,0,65000,241000,-176000,-176000
062145,億光國票9B購01  ,0,0,0,0,0,0,0,0,0,-176000,0,0,0,106000,282000,-176000,-176000
063394,金像電群益9B購01,0,0,0,0,0,0,0,0,0,-176000,0,0,0,0,176000,-176000,-176000
065530,亞德客統一9C購02,0,0,0,0,0,0,0,0,0,-177000,0,0,0,33000,210000,-177000,-177000
066034,南六群益02購02  ,0,0,0,0,0,0,0,0,0,-178000,0,0,0,0,178000,-178000,-178000
04142P,元油反凱基99售01,0,0,0,0,0,0,0,0,0,-178000,0,0,0,0,178000,-178000,-178000
062427,嘉澤統一01購01  ,0,0,0,0,0,0,0,0,0,-178000,0,0,0,625000,803000,-178000,-178000
065068,臺股指群益9C購16,0,0,0,0,0,0,0,0,0,-178000,0,0,0,0,178000,-178000,-178000
07069P,欣興元富99售02  ,0,0,0,0,0,0,0,0,0,-179000,0,0,0,28000,207000,-179000,-179000
064893,金像電群益01購02,0,0,0,0,0,0,0,0,0,-179000,0,0,0,77000,256000,-179000,-179000
065498,台積電富邦04購02,0,0,0,0,0,0,0,0,0,-179000,0,0,0,57000,236000,-179000,-179000
063085,嘉澤凱基9C購01  ,0,0,0,0,0,0,0,0,0,-179000,0,0,0,32000,211000,-179000,-179000
063417,金像電凱基9B購03,0,0,0,0,0,0,0,0,0,-179000,0,0,0,10000,189000,-179000,-179000
064398,聚陽凱基01購01  ,0,0,0,0,0,0,0,0,0,-179000,0,0,0,47000,226000,-179000,-179000
07091P,SGBR2X凱基9A售02,0,0,0,0,0,0,0,0,0,-180000,0,0,0,20000,200000,-180000,-180000
065813,華擎統一03購01  ,0,0,0,0,0,0,0,0,0,-180000,0,0,0,94000,274000,-180000,-180000
054926,神達凱基98購01  ,0,0,0,0,0,0,0,0,0,-180000,0,0,0,0,180000,-180000,-180000
057837,康控國泰99購02  ,0,0,0,0,0,0,0,0,0,-180000,0,0,0,240000,420000,-180000,-180000
06284P,台積電國票98售03,0,0,0,0,0,0,0,0,0,-180000,0,0,0,8000,188000,-180000,-180000
06178P,大立光第一99售01,0,0,0,0,0,0,0,0,0,-180000,0,0,0,0,180000,-180000,-180000
06177P,玉晶光元大98售07,0,0,0,0,0,0,0,0,0,-180000,0,0,0,0,180000,-180000,-180000
063325,SP黃豆國票9C購02,0,0,0,0,0,0,0,0,0,-180000,0,0,0,0,180000,-180000,-180000
064757,義隆凱基01購02  ,0,0,0,0,0,0,0,0,0,-180000,0,0,0,5000,185000,-180000,-180000
064526,臺股指群益9C購11,0,0,0,0,0,0,0,0,0,-180000,0,0,0,10000,190000,-180000,-180000
3617,碩天            ,33000,171000,-138000,0,0,0,0,30000,-30000,-12000,0,0,0,0,12000,-12000,-180000
6230,超眾            ,163000,218000,-55000,0,0,0,0,66000,-66000,-59000,0,25000,-25000,6000,40000,-34000,-180000
08302P,長榮航國泰02售01,0,0,0,0,0,0,0,0,0,-181000,0,0,0,39000,220000,-181000,-181000
060654,大毅群益9B購01  ,0,0,0,0,0,0,0,0,0,-181000,0,0,0,65000,246000,-181000,-181000
058798,大立光元大99購11,0,0,0,0,0,0,0,0,0,-181000,0,0,0,101000,282000,-181000,-181000
063539,世紀鋼統一9B購02,0,0,0,0,0,0,0,0,0,-181000,0,0,0,121000,302000,-181000,-181000
08315P,台積電元大9C售08,0,0,0,0,0,0,0,0,0,-182000,0,0,0,130000,312000,-182000,-182000
08378P,世紀鋼元富9C售02,0,0,0,0,0,0,0,0,0,-182000,0,0,0,60000,242000,-182000,-182000
6715,嘉基            ,94000,266000,-172000,0,0,0,0,0,0,-10000,0,0,0,7000,17000,-10000,-182000
08551P,台積電群益9C售12,0,0,0,0,0,0,0,0,0,-183000,0,0,0,20000,203000,-183000,-183000
066470,惠特統一02購01  ,0,0,0,0,0,0,0,0,0,-183000,0,0,0,83000,266000,-183000,-183000
064525,臺股指群益9C購10,0,0,0,0,0,0,0,0,0,-183000,0,0,0,0,183000,-183000,-183000
065400,華擎群益01購02  ,0,0,0,0,0,0,0,0,0,-183000,0,0,0,59000,242000,-183000,-183000
8105,凌巨            ,178000,356000,-178000,0,0,0,0,0,0,-5000,0,5000,-5000,0,0,0,-183000
2031,新光鋼          ,29000,216000,-187000,0,0,0,0,0,0,4000,5000,1000,4000,0,0,0,-183000
1733,五鼎            ,192000,387000,-195000,0,0,0,0,0,0,12000,23000,11000,12000,0,0,0,-183000
066095,友訊中信05購01  ,0,0,0,0,0,0,0,0,0,-184000,0,0,0,92000,276000,-184000,-184000
065079,致茂元大9C購01  ,0,0,0,0,0,0,0,0,0,-184000,0,0,0,172000,356000,-184000,-184000
064355,南六元大01購01  ,0,0,0,0,0,0,0,0,0,-184000,0,0,0,45000,229000,-184000,-184000
064185,裕隆永豐9C購01  ,0,0,0,0,0,0,0,0,0,-184000,0,0,0,58000,242000,-184000,-184000
2723,美食-KY         ,51000,231468,-180468,0,0,0,0,0,0,-5000,0,0,0,0,5000,-5000,-185468
2642,宅配通          ,54000,241000,-187000,0,0,0,0,0,0,1000,3000,2000,1000,0,0,0,-186000
2402,毅嘉            ,127000,311000,-184000,0,0,0,0,0,0,-2000,0,2000,-2000,0,0,0,-186000
066767,敦泰永豐01購02  ,0,0,0,0,0,0,0,0,0,-187000,0,0,0,0,187000,-187000,-187000
08367P,臺股指凱基9C售11,0,0,0,0,0,0,0,0,0,-187000,0,0,0,191000,378000,-187000,-187000
057575,世紀鋼永豐98購02,0,0,0,0,0,0,0,0,0,-187000,0,0,0,105000,292000,-187000,-187000
060556,緯穎凱基9A購04  ,0,0,0,0,0,0,0,0,0,-187000,0,0,0,48000,235000,-187000,-187000
061443,大立光統一9C購02,0,0,0,0,0,0,0,0,0,-187000,0,0,0,11000,198000,-187000,-187000
6239,力成            ,1321000,1436113,-115113,0,0,0,0,13000,-13000,-59000,25000,27000,-2000,47000,104000,-57000,-187113
057877,神達元大99購01  ,0,0,0,0,0,0,0,0,0,-188000,0,0,0,28000,216000,-188000,-188000
055265,玉晶光永豐98購03,0,0,0,0,0,0,0,0,0,-188000,0,0,0,320000,508000,-188000,-188000
063103,技嘉群益9B購01  ,0,0,0,0,0,0,0,0,0,-188000,0,0,0,59000,247000,-188000,-188000
065431,大立光凱基02購02,0,0,0,0,0,0,0,0,0,-188000,0,0,0,204000,392000,-188000,-188000
07917P,可成永豐9B售01  ,0,0,0,0,0,0,0,0,0,-189000,0,0,0,0,189000,-189000,-189000
07756P,台灣50國票04售01,0,0,0,0,0,0,0,0,0,-189000,0,0,0,51000,240000,-189000,-189000
06771P,台灣50中信02售01,0,0,0,0,0,0,0,0,0,-189000,0,0,0,364000,553000,-189000,-189000
066238,聯鈞富邦03購01  ,0,0,0,0,0,0,0,0,0,-190000,0,0,0,230000,420000,-190000,-190000
056191,世紀鋼統一97購01,0,0,0,0,0,0,0,0,0,-190000,0,0,0,24000,214000,-190000,-190000
057981,臻鼎永豐98購01  ,0,0,0,0,0,0,0,0,0,-190000,0,0,0,232000,422000,-190000,-190000
062508,臺股指群益9B購03,0,0,0,0,0,0,0,0,0,-190000,0,0,0,0,190000,-190000,-190000
066151,大立光麥證01購02,0,0,0,36000,191000,-155000,0,0,0,-191000,0,0,0,36000,227000,-191000,-191000
066434,台虹元大01購01  ,0,0,0,0,0,0,0,0,0,-191000,0,0,0,123000,314000,-191000,-191000
066292,惠特元大01購02  ,0,0,0,0,0,0,0,0,0,-192000,0,0,0,0,192000,-192000,-192000
08662P,台積電國泰03售01,0,0,0,0,0,0,0,0,0,-192000,0,0,0,0,192000,-192000,-192000
063573,茂林元大9B購06  ,0,0,0,0,0,0,0,0,0,-192000,0,0,0,0,192000,-192000,-192000
064441,嘉澤凱基9C購02  ,0,0,0,0,0,0,0,0,0,-192000,0,0,0,117000,309000,-192000,-192000
066178,拓凱凱基01購01  ,0,0,0,0,0,0,0,0,0,-193000,0,0,0,10000,203000,-193000,-193000
057844,新日興永豐99購01,0,0,0,0,0,0,0,0,0,-193000,0,0,0,0,193000,-193000,-193000
058353,國巨凱基99購09  ,0,0,0,0,0,0,0,0,0,-193000,0,0,0,40000,233000,-193000,-193000
061584,勤誠元大9A購01  ,0,0,0,0,0,0,0,0,0,-193000,0,0,0,689000,882000,-193000,-193000
2331,精英            ,48000,249000,-201000,0,0,0,0,0,0,8000,16000,8000,8000,0,0,0,-193000
06626P,大立光統一9A售01,0,0,0,0,0,0,0,0,0,-194000,0,0,0,0,194000,-194000,-194000
051911,大立光元大98購02,0,0,0,0,0,0,0,0,0,-194000,0,0,0,0,194000,-194000,-194000
061369,T50反1國泰9B購03,0,0,0,0,0,0,0,0,0,-195000,0,0,0,0,195000,-195000,-195000
058706,聯鈞元大9C購01  ,0,0,0,0,0,0,0,0,0,-195000,0,0,0,56000,251000,-195000,-195000
059125,台積電第一03購02,0,0,0,0,0,0,0,0,0,-195000,0,0,0,5000,200000,-195000,-195000
2486,一詮            ,72000,265000,-193000,0,0,0,0,0,0,-2000,0,2000,-2000,0,0,0,-195000
6558,興能高          ,87000,282000,-195000,0,0,0,0,0,0,0,0,0,0,0,0,0,-195000
066366,信邦中信02購01  ,0,0,0,0,0,0,0,0,0,-196000,0,0,0,0,196000,-196000,-196000
066701,京元電群益01購02,0,0,0,0,0,0,0,0,0,-196000,0,0,0,5000,201000,-196000,-196000
08299P,玉晶光國票02售01,0,0,0,0,0,0,0,0,0,-196000,0,0,0,798000,994000,-196000,-196000
064822,台達電統一01購03,0,0,0,0,0,0,0,0,0,-196000,0,0,0,529000,725000,-196000,-196000
08384P,臺股指群益9C售12,0,0,0,0,0,0,0,0,0,-197000,0,0,0,35000,232000,-197000,-197000
058769,友達兆豐99購01  ,0,0,0,0,0,0,0,0,0,-197000,0,0,0,0,197000,-197000,-197000
064314,信邦群益9C購01  ,0,0,0,0,0,0,0,0,0,-197000,0,0,0,128000,325000,-197000,-197000
065045,信邦凱基9C購01  ,0,0,0,0,0,0,0,0,0,-198000,0,0,0,55000,253000,-198000,-198000
064614,友訊元大9C購02  ,0,0,0,0,0,0,0,0,0,-198000,0,0,0,78000,276000,-198000,-198000
065601,聯發科元大01購05,0,0,0,0,0,0,0,0,0,-198000,0,0,0,33000,231000,-198000,-198000
2468,華經            ,114000,315000,-201000,0,0,0,0,0,0,3000,7000,4000,3000,0,0,0,-198000
066618,南六康和01購01  ,0,0,0,0,0,0,0,0,0,-199000,0,0,0,0,199000,-199000,-199000
065811,億豐群益9C購01  ,0,0,0,0,0,0,0,0,0,-199000,0,0,0,0,199000,-199000,-199000
055732,全新元富9A購01  ,0,0,0,0,0,0,0,0,0,-199000,0,0,0,0,199000,-199000,-199000
057683,技嘉日盛98購01  ,0,0,0,0,0,0,0,0,0,-199000,0,0,0,15000,214000,-199000,-199000
057914,日月光日盛9A購01,0,0,0,0,0,0,0,0,0,-199000,0,0,0,0,199000,-199000,-199000
066806,京鼎凱基02購01  ,0,0,0,0,0,0,0,0,0,-200000,0,0,0,0,200000,-200000,-200000
08512P,玉晶光永豐9C售06,0,0,0,0,0,0,0,0,0,-200000,0,0,0,0,200000,-200000,-200000
07552P,技嘉元大9A售03  ,0,0,0,0,0,0,0,0,0,-200000,0,0,0,0,200000,-200000,-200000
07836P,大成鋼元大9A售01,0,0,0,0,0,0,0,0,0,-200000,0,0,0,0,200000,-200000,-200000
057417,國巨凱基9A購03  ,0,0,0,0,0,0,0,0,0,-200000,0,0,0,0,200000,-200000,-200000
057514,華新科元富99購03,0,0,0,0,0,0,0,0,0,-200000,0,0,0,0,200000,-200000,-200000
00664R,國泰臺灣加權反1 ,1000,0,1000,0,0,0,0,0,0,-201000,0,0,0,1151000,1352000,-201000,-200000
058786,元黃金元大99購01,0,0,0,0,0,0,0,0,0,-200000,0,0,0,0,200000,-200000,-200000
062121,奇鋐台新9B購01  ,0,0,0,0,0,0,0,0,0,-200000,0,0,0,38000,238000,-200000,-200000
062487,中興電永豐9B購01,0,0,0,0,0,0,0,0,0,-200000,0,0,0,0,200000,-200000,-200000
061384,T50反1群益9A購04,0,0,0,0,0,0,0,0,0,-200000,0,0,0,0,200000,-200000,-200000
065533,台光電統一02購03,0,0,0,0,0,0,0,0,0,-200000,0,0,0,85000,285000,-200000,-200000
064326,裕隆元大9C購01  ,0,0,0,0,0,0,0,0,0,-200000,0,0,0,63000,263000,-200000,-200000
2617,台航            ,65000,262000,-197000,0,0,0,0,0,0,-3000,0,3000,-3000,0,0,0,-200000
066387,FBVIX凱基03購03 ,0,0,0,0,0,0,0,0,0,-201000,0,0,0,0,201000,-201000,-201000
066593,奇鋐群益01購01  ,0,0,0,0,0,0,0,0,0,-201000,0,0,0,107000,308000,-201000,-201000
066046,聯發科元大01購09,0,0,0,0,0,0,0,0,0,-201000,0,0,0,63000,264000,-201000,-201000
054819,裕民元大9A購01  ,0,0,0,0,0,0,0,0,0,-201000,0,0,0,10000,211000,-201000,-201000
064385,台積電富邦03購02,0,0,0,0,0,0,0,0,0,-201000,0,0,0,200000,401000,-201000,-201000
4916,事欣科          ,18000,215000,-197000,0,0,0,0,0,0,-4000,1000,5000,-4000,0,0,0,-201000
07821P,臺股指國票9A售12,0,0,0,0,0,0,0,0,0,-202000,0,0,0,0,202000,-202000,-202000
066214,惠特統一03購02  ,0,0,0,0,0,0,0,0,0,-203000,0,0,0,102000,305000,-203000,-203000
065757,新日興元大9C購06,0,2000,-2000,0,0,0,0,0,0,-201000,0,0,0,142000,343000,-201000,-203000
066635,敦泰凱基01購01  ,0,0,0,0,0,0,0,0,0,-203000,0,0,0,40000,243000,-203000,-203000
05755P,臺股指中信99售04,0,0,0,0,0,0,0,0,0,-203000,0,0,0,146000,349000,-203000,-203000
048270,T50反1富邦99購01,0,0,0,0,0,0,0,0,0,-204000,0,0,0,0,204000,-204000,-204000
060636,大毅永豐9A購02  ,0,0,0,0,0,0,0,0,0,-204000,0,0,0,1000,205000,-204000,-204000
03658C,T50反1元大9A牛02,0,0,0,0,0,0,0,0,0,-205000,0,0,0,0,205000,-205000,-205000
061645,超眾元大9A購06  ,0,0,0,0,0,0,0,0,0,-205000,0,0,0,1000,206000,-205000,-205000
065550,聯發科凱基01購07,0,0,0,0,0,0,0,0,0,-205000,0,0,0,4000,209000,-205000,-205000
064931,南六統一9C購05  ,0,0,0,0,0,0,0,0,0,-205000,0,0,0,10000,215000,-205000,-205000
2204,中華            ,108000,311400,-203400,0,0,0,0,0,0,-2000,0,2000,-2000,0,0,0,-205400
07837P,華邦電元大9A售01,0,0,0,0,0,0,0,0,0,-206000,0,0,0,264000,470000,-206000,-206000
065395,致茂群益01購01  ,0,0,0,0,0,0,0,0,0,-206000,0,0,0,27000,233000,-206000,-206000
065368,技嘉元大9C購04  ,0,0,0,0,0,0,0,0,0,-206000,0,0,0,80000,286000,-206000,-206000
065320,技嘉凱基9C購02  ,0,0,0,0,0,0,0,0,0,-206000,0,0,0,12000,218000,-206000,-206000
063904,大立光麥證01購01,0,0,0,36000,206000,-170000,0,0,0,-206000,0,0,0,36000,242000,-206000,-206000
2461,光群雷          ,26000,230000,-204000,0,0,0,0,0,0,-2000,0,2000,-2000,0,0,0,-206000
06999P,玉晶光國票9B售01,0,0,0,0,0,0,0,0,0,-207000,0,0,0,252000,459000,-207000,-207000
062091,世紀鋼元大9B購01,0,0,0,0,0,0,0,0,0,-207000,0,0,0,111000,318000,-207000,-207000
3437,榮創            ,2262000,2458000,-196000,0,0,0,0,0,0,-11000,0,11000,-11000,0,0,0,-207000
07558P,玉晶光元大9A售10,0,0,0,0,0,0,0,0,0,-208000,0,0,0,363000,571000,-208000,-208000
058267,奇鋐永豐99購01  ,0,0,0,0,0,0,0,0,0,-208000,0,0,0,70000,278000,-208000,-208000
08414P,超眾凱基9C售02  ,0,0,0,0,0,0,0,0,0,-209000,0,0,0,11000,220000,-209000,-209000
07627P,超眾凱基9A售02  ,0,0,0,0,0,0,0,0,0,-210000,0,0,0,0,210000,-210000,-210000
056696,茂林群益98購02  ,0,0,0,0,0,0,0,0,0,-210000,0,0,0,0,210000,-210000,-210000
060922,金像電永豐9A購01,0,0,0,0,0,0,0,0,0,-210000,0,0,0,3000,213000,-210000,-210000
064998,T50反1國票02購01,0,0,0,0,0,0,0,0,0,-210000,0,0,0,0,210000,-210000,-210000
07997P,上銀凱基9B售04  ,0,0,0,0,0,0,0,0,0,-211000,0,0,0,0,211000,-211000,-211000
066626,盟立凱基01購01  ,0,0,0,0,0,0,0,0,0,-211000,0,0,0,45000,256000,-211000,-211000
063545,華通兆豐9B購03  ,0,0,0,0,0,0,0,0,0,-211000,0,0,0,44000,255000,-211000,-211000
06682P,玉晶光元大99售08,0,0,0,0,0,0,0,0,0,-212000,0,0,0,0,212000,-212000,-212000
00738U,元大道瓊白銀    ,17000,59000,-42000,0,0,0,0,0,0,-170000,0,0,0,452000,622000,-170000,-212000
063435,儒鴻統一01購02  ,0,0,0,0,0,0,0,0,0,-212000,0,0,0,69000,281000,-212000,-212000
06761P,台積電元大99售05,0,0,0,0,0,0,0,0,0,-213000,0,0,0,10000,223000,-213000,-213000
064873,世紀鋼永豐9C購01,0,0,0,0,0,0,0,0,0,-213000,0,0,0,0,213000,-213000,-213000
065261,技嘉元大9C購03  ,0,0,0,0,0,0,0,0,0,-213000,0,0,0,109000,322000,-213000,-213000
07867P,晶技元大9B售01  ,0,0,0,0,0,0,0,0,0,-214000,0,0,0,5000,219000,-214000,-214000
00753L,中信中國50正2   ,0,749000,-749000,0,0,0,0,0,0,535000,0,0,0,1538000,1003000,535000,-214000
063480,南六元大9C購01  ,0,0,0,0,0,0,0,0,0,-214000,0,0,0,23000,237000,-214000,-214000
057317,技嘉凱基98購02  ,0,0,0,0,0,0,0,0,0,-215000,0,0,0,14000,229000,-215000,-215000
063649,南六元大9C購02  ,0,0,0,0,0,0,0,0,0,-215000,0,0,0,122000,337000,-215000,-215000
064713,和大統一02購01  ,0,0,0,0,0,0,0,0,0,-215000,0,0,0,50000,265000,-215000,-215000
08455P,台積電凱基9C售05,0,0,0,0,0,0,0,0,0,-216000,0,0,0,30000,246000,-216000,-216000
06904P,TPK凱基98售03   ,0,0,0,0,0,0,0,0,0,-216000,0,0,0,0,216000,-216000,-216000
059987,大立光元大99購28,0,24000,-24000,0,0,0,0,0,0,-192000,0,0,0,117000,309000,-192000,-216000
065134,中石化凱基01購01,0,0,0,0,0,0,0,0,0,-216000,0,0,0,0,216000,-216000,-216000
066191,惠特凱基01購02  ,0,0,0,0,0,0,0,0,0,-217000,0,0,0,0,217000,-217000,-217000
064979,華擎元大9C購04  ,0,0,0,0,0,0,0,0,0,-217000,0,0,0,112000,329000,-217000,-217000
2022,聚亨            ,24000,240673,-216673,0,0,0,0,0,0,-1000,0,1000,-1000,0,0,0,-217673
064116,T50反1元大9C購03,0,0,0,0,0,0,0,0,0,-218000,0,0,0,2000,220000,-218000,-218000
3038,全台            ,1186000,1365000,-179000,0,0,0,0,0,0,-39000,92000,131000,-39000,0,0,0,-218000
066192,嘉基凱基01購01  ,0,0,0,0,0,0,0,0,0,-219000,0,0,0,408000,627000,-219000,-219000
064533,技嘉國票01購01  ,0,0,0,0,0,0,0,0,0,-219000,0,0,0,40000,259000,-219000,-219000
08247P,台積電群益9C售06,0,0,0,0,0,0,0,0,0,-220000,0,0,0,0,220000,-220000,-220000
07146P,瑞昱元大99售02  ,0,0,0,0,0,0,0,0,0,-220000,0,0,0,90000,310000,-220000,-220000
057069,台積電永豐98購02,0,0,0,0,0,0,0,0,0,-220000,0,0,0,51000,271000,-220000,-220000
057823,神達元大98購01  ,0,0,0,0,0,0,0,0,0,-221000,0,0,0,139000,360000,-221000,-221000
061859,勤誠國票9B購01  ,0,0,0,0,0,0,0,0,0,-221000,0,0,0,89000,310000,-221000,-221000
07149P,健鼎元大99售03  ,0,0,0,0,0,0,0,0,0,-222000,0,0,0,20000,242000,-222000,-222000
08104P,晶技元大9B售06  ,0,0,0,0,0,0,0,0,0,-222000,0,0,0,0,222000,-222000,-222000
062540,茂林國泰9C購01  ,0,0,0,0,0,0,0,0,0,-222000,0,0,0,87000,309000,-222000,-222000
064517,國巨群益02購01  ,0,0,0,0,0,0,0,0,0,-222000,0,0,0,2000,224000,-222000,-222000
08723P,臺股指元大01售04,0,0,0,0,0,0,0,0,0,-223000,0,0,0,0,223000,-223000,-223000
08464P,牧德永豐9C售02  ,0,0,0,0,0,0,0,0,0,-225000,0,0,0,41000,266000,-225000,-225000
08094P,華新科元富9B售05,0,0,0,0,0,0,0,0,0,-225000,0,0,0,35000,260000,-225000,-225000
066206,聯鈞統一01購01  ,0,0,0,0,0,0,0,0,0,-225000,0,0,0,100000,325000,-225000,-225000
061536,華擎統一9C購02  ,0,0,0,0,0,0,0,0,0,-225000,0,0,0,159000,384000,-225000,-225000
064246,南六統一9C購02  ,0,0,0,0,0,0,0,0,0,-225000,0,0,0,0,225000,-225000,-225000
065879,瑞祺群益9C購02  ,0,0,0,0,0,0,0,0,0,-226000,0,0,0,2000,228000,-226000,-226000
061476,大毅元大9A購02  ,0,0,0,0,0,0,0,0,0,-227000,0,0,0,1000,228000,-227000,-227000
065213,南六國票01購03  ,0,0,0,0,0,0,0,0,0,-228000,0,0,0,0,228000,-228000,-228000
07034P,大立光元富99售03,0,0,0,0,0,0,0,0,0,-229000,0,0,0,245000,474000,-229000,-229000
07531P,大立光國泰9B售03,0,0,0,0,0,0,0,0,0,-229000,0,0,0,161000,390000,-229000,-229000
056219,T50反1日盛02購01,0,0,0,0,0,0,0,0,0,-229000,0,0,0,0,229000,-229000,-229000
054755,世紀鋼凱基98購01,0,0,0,0,0,0,0,0,0,-229000,0,0,0,27000,256000,-229000,-229000
065502,康友富邦03購01  ,0,0,0,0,0,0,0,0,0,-229000,0,0,0,50000,279000,-229000,-229000
063961,世紀鋼元大9C購05,0,0,0,0,0,0,0,0,0,-229000,0,0,0,60000,289000,-229000,-229000
2426,鼎元            ,90000,316000,-226000,0,0,0,0,0,0,-3000,0,3000,-3000,0,0,0,-229000
1702,南僑            ,10000,237000,-227000,0,0,0,0,0,0,-2000,0,2000,-2000,0,0,0,-229000
08401P,玉晶光元富9C售04,0,0,0,0,0,0,0,0,0,-230000,0,0,0,20000,250000,-230000,-230000
064421,技嘉兆豐01購01  ,0,0,0,0,0,0,0,0,0,-230000,0,0,0,204000,434000,-230000,-230000
066488,聯詠元富07購01  ,0,0,0,0,0,0,0,0,0,-231000,0,0,0,92000,323000,-231000,-231000
064760,玉晶光凱基01購02,0,0,0,0,0,0,0,0,0,-231000,0,0,0,225000,456000,-231000,-231000
08056P,華通群益9B售06  ,0,0,0,0,0,0,0,0,0,-232000,0,0,0,0,232000,-232000,-232000
07100P,華航元大99售01  ,0,0,0,0,0,0,0,0,0,-232000,0,0,0,250000,482000,-232000,-232000
056835,聯電元富99購01  ,0,0,0,0,0,0,0,0,0,-232000,0,0,0,13000,245000,-232000,-232000
064612,聯電元大01購01  ,0,0,0,0,0,0,0,0,0,-232000,0,0,0,68000,300000,-232000,-232000
3030,德律            ,109000,338000,-229000,0,0,0,0,0,0,-3000,0,3000,-3000,0,0,0,-232000
08689P,高股息中信01售01,0,0,0,0,0,0,0,0,0,-233000,0,0,0,0,233000,-233000,-233000
066496,大立光國泰03購01,0,0,0,0,0,0,0,0,0,-233000,0,0,0,59000,292000,-233000,-233000
065904,群創富邦02購01  ,0,0,0,0,0,0,0,0,0,-233000,0,0,0,12000,245000,-233000,-233000
058605,華邦電元大99購04,0,0,0,0,0,0,0,0,0,-233000,0,0,0,0,233000,-233000,-233000
062327,燿華統一9B購02  ,0,0,0,0,0,0,0,0,0,-233000,0,0,0,61000,294000,-233000,-233000
063773,可成富邦9C購01  ,0,0,0,0,0,0,0,0,0,-233000,0,0,0,6000,239000,-233000,-233000
1522,堤維西          ,36000,265000,-229000,0,0,0,0,0,0,-4000,0,0,0,0,4000,-4000,-233000
3419,譁裕            ,39000,267000,-228000,0,0,0,0,0,0,-5000,0,5000,-5000,0,0,0,-233000
07714P,世紀鋼元大9A售03,0,0,0,0,0,0,0,0,0,-234000,0,0,0,0,234000,-234000,-234000
05749P,臺股指群益99售03,0,0,0,0,0,0,0,0,0,-235000,0,0,0,221000,456000,-235000,-235000
062360,華邦電元大9B購01,0,0,0,0,0,0,0,0,0,-235000,0,0,0,16000,251000,-235000,-235000
062863,聯茂國票9B購01  ,0,0,0,0,0,0,0,0,0,-235000,0,0,0,0,235000,-235000,-235000
2208,台船            ,53000,283000,-230000,0,0,0,0,0,0,-5000,0,3000,-3000,0,2000,-2000,-235000
063999,日月光兆豐9C購01,0,0,0,0,0,0,0,0,0,-236000,0,0,0,127000,363000,-236000,-236000
065199,華擎元富03購01  ,0,0,0,0,0,0,0,0,0,-236000,0,0,0,105000,341000,-236000,-236000
08153P,台表科統一9B售01,0,0,0,0,0,0,0,0,0,-237000,0,0,0,76000,313000,-237000,-237000
053381,友達元大9A購02  ,0,0,0,0,0,0,0,0,0,-237000,0,0,0,212000,449000,-237000,-237000
063656,台光電元富03購01,0,0,0,0,0,0,0,0,0,-237000,0,0,0,58000,295000,-237000,-237000
2607,榮運            ,8000,240000,-232000,0,0,0,0,0,0,-5000,0,5000,-5000,0,0,0,-237000
08000P,奇鋐凱基9B售03  ,0,0,0,0,0,0,0,0,0,-238000,0,0,0,53000,291000,-238000,-238000
065197,景碩元富06購01  ,0,0,0,0,0,0,0,0,0,-238000,0,0,0,13000,251000,-238000,-238000
062297,億豐永豐9B購01  ,0,0,0,0,0,0,0,0,0,-239000,0,0,0,5000,244000,-239000,-239000
063197,遠東新統一9C購01,0,0,0,0,0,0,0,0,0,-239000,0,0,0,42000,281000,-239000,-239000
2399,映泰            ,77000,312000,-235000,0,0,0,0,0,0,-4000,0,4000,-4000,0,0,0,-239000
07958P,華擎群益9B售01  ,0,0,0,0,0,0,0,0,0,-240000,0,0,0,100000,340000,-240000,-240000
07826P,台積電富邦9B售07,0,0,0,0,0,0,0,0,0,-240000,0,0,0,0,240000,-240000,-240000
057791,可成統一99購01  ,0,0,0,0,0,0,0,0,0,-240000,0,0,0,30000,270000,-240000,-240000
063303,聯發科凱基9B購14,0,0,0,0,0,0,0,0,0,-240000,0,0,0,4000,244000,-240000,-240000
08027P,嘉晶元大9B售03  ,0,0,0,0,0,0,0,0,0,-241000,0,0,0,14000,255000,-241000,-241000
065985,金像電永豐01購02,0,0,0,0,0,0,0,0,0,-241000,0,0,0,0,241000,-241000,-241000
06334P,臺股指群益9C售03,0,0,0,0,0,0,0,0,0,-241000,0,0,0,94000,335000,-241000,-241000
064811,華擎元大01購01  ,0,0,0,0,0,0,0,0,0,-241000,0,0,0,41000,282000,-241000,-241000
066163,友訊凱基01購01  ,0,0,0,0,0,0,0,0,0,-242000,0,0,0,101000,343000,-242000,-242000
066293,惠特元大02購01  ,0,0,0,0,0,0,0,0,0,-242000,0,0,0,16000,258000,-242000,-242000
061198,世紀鋼永豐9A購03,0,0,0,0,0,0,0,0,0,-242000,0,0,0,26000,268000,-242000,-242000
064774,聚陽群益9C購04  ,0,0,0,0,0,0,0,0,0,-242000,0,0,0,0,242000,-242000,-242000
063444,金像電統一03購01,0,0,0,0,0,0,0,0,0,-242000,0,0,0,0,242000,-242000,-242000
2107,厚生            ,122000,360000,-238000,0,0,0,0,0,0,-4000,0,4000,-4000,0,0,0,-242000
3645,達邁            ,60000,302492,-242492,0,0,0,0,0,0,0,0,0,0,0,0,0,-242492
055331,國巨兆豐99購01  ,0,0,0,0,0,0,0,0,0,-243000,0,0,0,131000,374000,-243000,-243000
066307,華城永豐01購01  ,0,0,0,0,0,0,0,0,0,-244000,0,0,0,259000,503000,-244000,-244000
066518,惠特永豐01購02  ,0,0,0,0,0,0,0,0,0,-244000,0,0,0,0,244000,-244000,-244000
055182,京鼎統一98購01  ,0,0,0,0,0,0,0,0,0,-245000,0,0,0,44000,289000,-245000,-245000
058634,可成兆豐99購03  ,0,0,0,0,0,0,0,0,0,-245000,0,0,0,200000,445000,-245000,-245000
063461,金像電元大9B購03,0,0,0,0,0,0,0,0,0,-245000,0,0,0,1000,246000,-245000,-245000
2455,全新            ,878000,948500,-70500,0,0,0,0,0,0,-175000,2000,110000,-108000,17000,84000,-67000,-245500
066344,拓凱永豐01購01  ,0,0,0,0,0,0,0,0,0,-246000,0,0,0,109000,355000,-246000,-246000
062651,世紀鋼富邦9C購01,0,0,0,0,0,0,0,0,0,-246000,0,0,0,122000,368000,-246000,-246000
062236,信邦凱基9B購01  ,0,0,0,0,0,0,0,0,0,-246000,0,0,0,130000,376000,-246000,-246000
062266,世紀鋼元大9B購02,0,0,0,0,0,0,0,0,0,-247000,0,0,0,68000,315000,-247000,-247000
060404,台勝科國泰9B購01,0,0,0,0,0,0,0,0,0,-247000,0,0,0,40000,287000,-247000,-247000
061087,國巨統一01購04  ,0,0,0,0,0,0,0,0,0,-247000,0,0,0,60000,307000,-247000,-247000
066512,致茂永豐01購01  ,0,0,0,0,0,0,0,0,0,-248000,0,0,0,0,248000,-248000,-248000
066555,聯詠元大01購01  ,0,0,0,0,0,0,0,0,0,-248000,0,0,0,408000,656000,-248000,-248000
066048,奇鋐元大01購01  ,1000,0,1000,0,0,0,0,0,0,-249000,0,0,0,318000,567000,-249000,-248000
08478P,臺股指凱基9C售16,0,0,0,0,0,0,0,0,0,-248000,0,0,0,147000,395000,-248000,-248000
08480P,臺股指凱基9C售18,0,0,0,0,0,0,0,0,0,-248000,0,0,0,0,248000,-248000,-248000
2537,聯上發          ,41000,285000,-244000,0,0,0,0,0,0,-4000,0,4000,-4000,0,0,0,-248000
1474,弘裕            ,1584000,1831000,-247000,0,0,0,0,0,0,-1000,4000,5000,-1000,0,0,0,-248000
08578P,TPK元大9C售04   ,0,0,0,0,0,0,0,0,0,-249000,0,0,0,50000,299000,-249000,-249000
07557P,玉晶光元大9A售09,0,0,0,0,0,0,0,0,0,-249000,0,0,0,1000,250000,-249000,-249000
066040,友訊元大01購02  ,0,0,0,0,0,0,0,0,0,-249000,0,0,0,0,249000,-249000,-249000
059926,世紀鋼國泰9B購01,0,0,0,0,0,0,0,0,0,-249000,0,0,0,276000,525000,-249000,-249000
064492,技嘉元大9C購01  ,0,0,0,0,0,0,0,0,0,-249000,0,0,0,153000,402000,-249000,-249000
07420P,可成元大99售07  ,0,0,0,0,0,0,0,0,0,-250000,0,0,0,0,250000,-250000,-250000
062649,緯穎富邦9B購03  ,0,0,0,0,0,0,0,0,0,-250000,0,0,0,283000,533000,-250000,-250000
3705,永信            ,97000,309000,-212000,0,0,0,0,0,0,-38000,13000,15000,-2000,0,36000,-36000,-250000
066264,金像電元大01購01,0,0,0,0,0,0,0,0,0,-251000,0,0,0,0,251000,-251000,-251000
055809,T50反1國票98購02,0,0,0,0,0,0,0,0,0,-251000,0,0,0,741000,992000,-251000,-251000
060886,國巨統一01購03  ,0,0,0,0,0,0,0,0,0,-252000,0,0,0,20000,272000,-252000,-252000
065977,旭富元大02購01  ,0,0,0,0,0,0,0,0,0,-253000,0,0,0,189000,442000,-253000,-253000
064304,信邦兆豐01購01  ,0,0,0,0,0,0,0,0,0,-253000,0,0,0,40000,293000,-253000,-253000
1723,中碳            ,28000,280000,-252000,0,0,0,0,0,0,-1000,0,1000,-1000,0,0,0,-253000
060510,大立光元大9A購03,0,0,0,0,0,0,0,0,0,-254000,0,0,0,10000,264000,-254000,-254000
058588,致茂中信9B購01  ,0,0,0,0,0,0,0,0,0,-255000,0,0,0,0,255000,-255000,-255000
064121,國巨元大9C購16  ,0,0,0,0,0,0,0,0,0,-255000,0,0,0,10000,265000,-255000,-255000
1460,宏遠            ,318000,565000,-247000,0,0,0,0,0,0,-8000,0,8000,-8000,0,0,0,-255000
4720,德淵            ,318000,570000,-252000,0,0,0,0,0,0,-3000,5000,8000,-3000,0,0,0,-255000
063950,信邦元大9C購01  ,0,0,0,0,0,0,0,0,0,-256000,0,0,0,7000,263000,-256000,-256000
4155,訊映            ,44000,301000,-257000,0,0,0,0,0,0,1000,3000,2000,1000,0,0,0,-256000
06884P,台郡群益98售03  ,0,0,0,0,0,0,0,0,0,-257000,0,0,0,0,257000,-257000,-257000
08595P,南電群益9C售03  ,0,0,0,0,0,0,0,0,0,-257000,0,0,0,70000,327000,-257000,-257000
063947,大毅元大9C購02  ,0,0,0,0,0,0,0,0,0,-257000,0,0,0,31000,288000,-257000,-257000
066844,聯發科元大01購12,0,0,0,0,0,0,0,0,0,-258000,0,0,0,0,258000,-258000,-258000
064567,晶技群益01購01  ,0,0,0,0,0,0,0,0,0,-258000,0,0,0,0,258000,-258000,-258000
059297,大立光元富9C購01,0,0,0,0,0,0,0,0,0,-259000,0,0,0,281000,540000,-259000,-259000
059943,信邦永豐99購01  ,0,0,0,0,0,0,0,0,0,-260000,0,0,0,0,260000,-260000,-260000
064821,聯電統一02購01  ,0,0,0,0,0,0,0,0,0,-260000,0,0,0,55000,315000,-260000,-260000
065382,緯穎元大9C購04  ,0,0,0,0,0,0,0,0,0,-260000,0,0,0,70000,330000,-260000,-260000
08739P,台郡凱基01售03  ,0,0,0,0,0,0,0,0,0,-260000,0,0,0,10000,270000,-260000,-260000
058004,大立光群益98購03,0,0,0,0,0,0,0,0,0,-262000,0,0,0,76000,338000,-262000,-262000
056646,奇鋐凱基99購02  ,0,0,0,0,0,0,0,0,0,-263000,0,0,0,17000,280000,-263000,-263000
051266,國巨富邦99購01  ,0,0,0,0,0,0,0,0,0,-263000,0,0,0,0,263000,-263000,-263000
2352,佳世達          ,807000,1028000,-221000,0,0,0,1000,2000,-1000,-41000,0,11000,-11000,0,30000,-30000,-263000
08482P,亞德客群益9C售02,0,0,0,0,0,0,0,0,0,-264000,0,0,0,88000,352000,-264000,-264000
07027P,台積電群益99售04,0,0,0,0,0,0,0,0,0,-264000,0,0,0,0,264000,-264000,-264000
054828,正崴國泰99購01  ,0,0,0,0,0,0,0,0,0,-264000,0,0,0,33000,297000,-264000,-264000
08191P,鴻海台新9B售03  ,0,0,0,0,0,0,0,0,0,-265000,0,0,0,30000,295000,-265000,-265000
06837P,上銀統一9A售02  ,0,0,0,0,0,0,0,0,0,-265000,0,0,0,0,265000,-265000,-265000
062677,儒鴻統一01購01  ,0,0,0,0,0,0,0,0,0,-265000,0,0,0,0,265000,-265000,-265000
064722,大立光統一02購03,0,0,0,0,0,0,0,0,0,-265000,0,0,0,0,265000,-265000,-265000
061822,和潤群益9B購01  ,0,0,0,0,0,0,0,0,0,-266000,0,0,0,255000,521000,-266000,-266000
06914P,南茂元大98售03  ,0,0,0,0,0,0,0,0,0,-267000,0,0,0,0,267000,-267000,-267000
059259,FBVIX中信03購06 ,0,0,0,0,0,0,0,0,0,-267000,0,0,0,3000,270000,-267000,-267000
060456,正隆元大9A購01  ,0,0,0,0,0,0,0,0,0,-267000,0,0,0,41000,308000,-267000,-267000
062264,南六元大9B購02  ,0,0,0,0,0,0,0,0,0,-267000,0,0,0,147000,414000,-267000,-267000
08434P,臺股指凱基03售02,0,0,0,0,0,0,0,0,0,-268000,0,0,0,479000,747000,-268000,-268000
08726P,台積電群益01售07,0,0,0,0,0,0,0,0,0,-268000,0,0,0,0,268000,-268000,-268000
058431,國巨統一9B購01  ,0,0,0,0,0,0,0,0,0,-268000,0,0,0,465000,733000,-268000,-268000
053782,京元電元大98購02,0,0,0,0,0,0,0,0,0,-268000,0,0,0,125000,393000,-268000,-268000
057582,亞光中信9A購02  ,0,0,0,0,0,0,0,0,0,-268000,0,0,0,100000,368000,-268000,-268000
059865,國巨凱基01購01  ,0,0,0,0,0,0,0,0,0,-268000,0,0,0,38000,306000,-268000,-268000
061019,大毅國票9A購01  ,0,0,0,0,0,0,0,0,0,-268000,0,0,0,32000,300000,-268000,-268000
1582,信錦            ,53000,326000,-273000,0,0,0,0,0,0,5000,0,0,0,5000,0,5000,-268000
08189P,超眾群益9B售04  ,0,0,0,0,0,0,0,0,0,-270000,0,0,0,0,270000,-270000,-270000
066013,友訊元富01購02  ,0,0,0,0,0,0,0,0,0,-270000,0,0,0,109000,379000,-270000,-270000
064656,聚陽元大9C購03  ,0,0,0,0,0,0,0,0,0,-271000,0,0,0,203000,474000,-271000,-271000
08631P,臺股指麥證9C售06,0,0,0,50000,322000,-272000,0,0,0,-272000,0,0,0,50000,322000,-272000,-272000
057578,可成中信99購01  ,0,0,0,0,0,0,0,0,0,-272000,0,0,0,210000,482000,-272000,-272000
06138P,台積電中信99售01,0,0,0,0,0,0,0,0,0,-272000,0,0,0,0,272000,-272000,-272000
3057,喬鼎            ,76000,348000,-272000,0,0,0,0,0,0,0,0,0,0,0,0,0,-272000
062922,南六元大9B購03  ,0,0,0,0,0,0,0,0,0,-273000,0,0,0,179000,452000,-273000,-273000
065566,裕隆群益9C購02  ,0,0,0,0,0,0,0,0,0,-273000,0,0,0,10000,283000,-273000,-273000
065518,聯鈞群益9C購02  ,0,0,0,0,0,0,0,0,0,-275000,0,0,0,0,275000,-275000,-275000
065310,華擎國票01購01  ,0,0,0,0,0,0,0,0,0,-275000,0,0,0,35000,310000,-275000,-275000
08685P,南電凱基01售03  ,0,0,0,0,0,0,0,0,0,-276000,0,0,0,239000,515000,-276000,-276000
062401,信邦永豐9B購01  ,0,0,0,0,0,0,0,0,0,-276000,0,0,0,119000,395000,-276000,-276000
08175P,金像電統一9B售02,0,0,0,0,0,0,0,0,0,-277000,0,0,0,51000,328000,-277000,-277000
1340,勝悅-KY         ,69000,346000,-277000,0,0,0,0,0,0,0,0,0,0,0,0,0,-277000
062336,茂林統一01購02  ,0,0,0,0,0,0,0,0,0,-278000,0,0,0,5000,283000,-278000,-278000
065624,聯詠中信9C購01  ,0,0,0,0,0,0,0,0,0,-278000,0,0,0,346000,624000,-278000,-278000
066665,聯詠凱基02購01  ,0,0,0,0,0,0,0,0,0,-279000,0,0,0,50000,329000,-279000,-279000
058011,台虹國票99購01  ,0,0,0,0,0,0,0,0,0,-279000,0,0,0,2000,281000,-279000,-279000
1308,亞聚            ,93000,365000,-272000,0,0,0,0,0,0,-7000,0,2000,-2000,0,5000,-5000,-279000
062924,世紀鋼元大9C購04,0,0,0,0,0,0,0,0,0,-280000,0,0,0,100000,380000,-280000,-280000
065648,華擎元大01購02  ,0,0,0,0,0,0,0,0,0,-281000,0,0,0,179000,460000,-281000,-281000
00650L,FH香港正2       ,147000,147000,0,0,0,0,0,0,0,-282000,0,0,0,730000,1012000,-282000,-282000
1809,中釉            ,74000,334000,-260000,0,0,0,0,0,0,-22000,0,22000,-22000,0,0,0,-282000
058604,華邦電元大99購03,0,0,0,0,0,0,0,0,0,-283000,0,0,0,0,283000,-283000,-283000
064650,台表科凱基03購01,0,0,0,0,0,0,0,0,0,-283000,0,0,0,135000,418000,-283000,-283000
2417,圓剛            ,3782000,3807000,-25000,0,0,0,0,0,0,-258000,0,258000,-258000,0,0,0,-283000
061613,南六統一9C購01  ,0,0,0,0,0,0,0,0,0,-284000,0,0,0,72000,356000,-284000,-284000
08438P,鴻海國票01售02  ,0,0,0,0,0,0,0,0,0,-285000,0,0,0,0,285000,-285000,-285000
057416,T50反1凱基9C購01,0,0,0,0,0,0,0,0,0,-285000,0,0,0,55000,340000,-285000,-285000
063568,高鐵元大9B購01  ,0,0,0,0,0,0,0,0,0,-285000,0,0,0,115000,400000,-285000,-285000
2485,兆赫            ,280000,572000,-292000,0,0,0,0,0,0,7000,24000,17000,7000,0,0,0,-285000
066029,神達群益02購01  ,0,0,0,0,0,0,0,0,0,-286000,0,0,0,9000,295000,-286000,-286000
063445,金像電統一9B購01,0,0,0,0,0,0,0,0,0,-286000,0,0,0,36000,322000,-286000,-286000
08523P,金像電元大9C售06,0,0,0,0,0,0,0,0,0,-287000,0,0,0,20000,307000,-287000,-287000
063247,信邦元大9B購02  ,0,0,0,0,0,0,0,0,0,-288000,0,0,0,44000,332000,-288000,-288000
063154,南六元富9B購02  ,0,0,0,0,0,0,0,0,0,-288000,0,0,0,2000,290000,-288000,-288000
2880,華南金          ,3593000,3795756,-202756,0,0,0,0,50000,-50000,-37000,0,15000,-15000,0,22000,-22000,-289756
062172,南六永豐9B購01  ,0,0,0,0,0,0,0,0,0,-290000,0,0,0,0,290000,-290000,-290000
065010,國巨國泰01購04  ,0,0,0,0,0,0,0,0,0,-290000,0,0,0,0,290000,-290000,-290000
6209,今國光          ,492000,779000,-287000,0,0,0,0,0,0,-3000,0,3000,-3000,0,0,0,-290000
057335,技嘉國票99購01  ,0,0,0,0,0,0,0,0,0,-291000,0,0,0,10000,301000,-291000,-291000
060120,聯電富邦9B購01  ,0,0,0,0,0,0,0,0,0,-292000,0,0,0,0,292000,-292000,-292000
065258,華邦電元大01購01,0,0,0,0,0,0,0,0,0,-292000,0,0,0,70000,362000,-292000,-292000
063153,南六元富9B購01  ,0,0,0,0,0,0,0,0,0,-292000,0,0,0,13000,305000,-292000,-292000
066730,致茂元大01購01  ,2000,0,2000,0,0,0,0,0,0,-295000,0,0,0,0,295000,-295000,-293000
053584,友達元大9B購02  ,0,0,0,0,0,0,0,0,0,-293000,0,0,0,12000,305000,-293000,-293000
063013,技嘉元大9B購02  ,0,0,0,0,0,0,0,0,0,-293000,0,0,0,165000,458000,-293000,-293000
060426,盛群永豐9A購01  ,0,0,0,0,0,0,0,0,0,-293000,0,0,0,5000,298000,-293000,-293000
066688,台積電元富07購01,0,0,0,0,0,0,0,0,0,-294000,0,0,0,0,294000,-294000,-294000
062305,遠東新凱基9B購01,0,0,0,0,0,0,0,0,0,-294000,0,0,0,16000,310000,-294000,-294000
08417P,聯發科元大9C售12,0,0,0,0,0,0,0,0,0,-295000,0,0,0,1000,296000,-295000,-295000
07864P,可成元大9B售01  ,0,0,0,0,0,0,0,0,0,-295000,0,0,0,13000,308000,-295000,-295000
1736,喬山            ,213000,464000,-251000,0,0,0,0,0,0,-44000,0,1000,-1000,0,43000,-43000,-295000
1447,力鵬            ,127000,415000,-288000,0,0,0,0,0,0,-7000,0,7000,-7000,0,0,0,-295000
066603,台達電富邦05購01,0,0,0,0,0,0,0,0,0,-296000,0,0,0,133000,429000,-296000,-296000
3062,建漢            ,134000,428000,-294000,0,0,0,0,0,0,-2000,0,2000,-2000,0,0,0,-296000
4164,承業醫          ,133000,423000,-290000,0,0,0,0,0,0,-6000,124000,130000,-6000,0,0,0,-296000
4551,智伸科          ,215000,80000,135000,0,0,0,27000,307000,-280000,-151000,3000,105000,-102000,3000,52000,-49000,-296000
057982,帆宣永豐98購01  ,0,0,0,0,0,0,0,0,0,-297000,0,0,0,49000,346000,-297000,-297000
064540,神達麥證01購01  ,0,0,0,0,297000,-297000,0,0,0,-297000,0,0,0,0,297000,-297000,-297000
8213,志超            ,377000,624000,-247000,0,0,0,0,0,0,-50000,0,2000,-2000,0,48000,-48000,-297000
2501,國建            ,25000,317000,-292000,0,0,0,0,0,0,-5000,0,5000,-5000,0,0,0,-297000
058309,大毅元大99購02  ,0,0,0,0,0,0,0,0,0,-298000,0,0,0,90000,388000,-298000,-298000
061411,T50反1群益9A購05,0,0,0,0,0,0,0,0,0,-298000,0,0,0,13000,311000,-298000,-298000
064683,台表科兆豐9C購02,0,0,0,0,0,0,0,0,0,-298000,0,0,0,231000,529000,-298000,-298000
061552,南六群益9A購02  ,0,0,0,0,0,0,0,0,0,-299000,0,0,0,0,299000,-299000,-299000
1707,葡萄王          ,151000,441000,-290000,0,0,0,0,0,0,-9000,0,4000,-4000,0,5000,-5000,-299000
06624P,訊芯元大98售06  ,0,0,0,0,0,0,0,0,0,-300000,0,0,0,0,300000,-300000,-300000
07645P,華通元大9A售06  ,0,0,0,0,0,0,0,0,0,-300000,0,0,0,0,300000,-300000,-300000
08605P,聯發科中信9C售06,0,0,0,0,0,0,0,0,0,-300000,0,0,0,389000,689000,-300000,-300000
061361,世紀鋼兆豐9A購01,0,0,0,0,0,0,0,0,0,-300000,0,0,0,0,300000,-300000,-300000
059365,T50反1台新99購01,0,0,0,0,0,0,0,0,0,-300000,0,0,0,0,300000,-300000,-300000
07341P,台積電凱基99售18,0,0,0,0,0,0,0,0,0,-301000,0,0,0,0,301000,-301000,-301000
065290,奇鋐群益9C購01  ,0,0,0,0,0,0,0,0,0,-301000,0,0,0,38000,339000,-301000,-301000
1417,嘉裕            ,118000,372000,-254000,0,0,0,0,0,0,-47000,0,47000,-47000,0,0,0,-301000
1519,華城            ,683000,1016000,-333000,0,0,0,0,0,0,32000,0,1000,-1000,46000,13000,33000,-301000
3563,牧德            ,86000,380000,-294000,0,0,0,10000,0,10000,-17000,12000,0,12000,35000,64000,-29000,-301000
066174,京鼎凱基01購01  ,0,0,0,0,0,0,0,0,0,-302000,0,0,0,110000,412000,-302000,-302000
061480,泰碩元大9B購01  ,0,0,0,0,0,0,0,0,0,-302000,0,0,0,33000,335000,-302000,-302000
062690,華擎統一9B購01  ,0,0,0,0,0,0,0,0,0,-302000,0,0,0,1000,303000,-302000,-302000
063491,國巨富邦02購02  ,0,0,0,0,0,0,0,0,0,-303000,0,0,0,422000,725000,-303000,-303000
2405,浩鑫            ,42000,345000,-303000,0,0,0,0,0,0,0,0,0,0,0,0,0,-303000
2342,茂矽            ,760000,1062000,-302000,0,0,0,0,0,0,-1000,0,1000,-1000,0,0,0,-303000
065014,南電國泰01購01  ,0,0,0,0,0,0,0,0,0,-304000,0,0,0,1000,305000,-304000,-304000
2439,美律            ,353000,705000,-352000,0,0,0,0,0,0,48000,162000,39000,123000,6000,81000,-75000,-304000
062383,大立光國泰01購01,0,0,0,0,0,0,0,0,0,-305000,0,0,0,77000,382000,-305000,-305000
065885,神達元富9C購01  ,0,0,0,0,0,0,0,0,0,-306000,0,0,0,190000,496000,-306000,-306000
057009,信邦中信99購01  ,0,0,0,0,0,0,0,0,0,-306000,0,0,0,254000,560000,-306000,-306000
064293,勤誠元大9C購01  ,0,0,0,0,0,0,0,0,0,-306000,0,0,0,643000,949000,-306000,-306000
08053P,臺股指國票9B售18,0,0,0,0,0,0,0,0,0,-308000,0,0,0,32000,340000,-308000,-308000
3209,全科            ,36000,343000,-307000,0,0,0,0,0,0,-1000,0,1000,-1000,0,0,0,-308000
08290P,高鐵統一01售01  ,0,0,0,0,0,0,0,0,0,-309000,0,0,0,0,309000,-309000,-309000
06991P,矽創群益99售01  ,0,0,0,0,0,0,0,0,0,-309000,0,0,0,0,309000,-309000,-309000
07616P,瑞昱中信02售01  ,0,0,0,0,0,0,0,0,0,-309000,0,0,0,0,309000,-309000,-309000
06864P,健策凱基98售01  ,0,0,0,0,0,0,0,0,0,-309000,0,0,0,190000,499000,-309000,-309000
5608,四維航          ,17000,324000,-307000,0,0,0,0,0,0,-3000,0,3000,-3000,0,0,0,-310000
066781,滬深2X中信04購01,0,0,0,0,0,0,0,0,0,-311000,0,0,0,0,311000,-311000,-311000
065767,T50反1國票03購01,0,0,0,0,0,0,0,0,0,-312000,0,0,0,10000,322000,-312000,-312000
066219,惠特元富01購01  ,0,0,0,0,0,0,0,0,0,-312000,0,0,0,214000,526000,-312000,-312000
6177,達麗            ,284000,597000,-313000,0,0,0,0,0,0,0,0,0,0,0,0,0,-313000
063493,金像電富邦01購01,0,0,0,0,0,0,0,0,0,-314000,0,0,0,190000,504000,-314000,-314000
08657P,牧德群益9C售02  ,0,0,0,0,0,0,0,0,0,-315000,0,0,0,0,315000,-315000,-315000
065002,致茂國票01購01  ,0,0,0,0,0,0,0,0,0,-315000,0,0,0,38000,353000,-315000,-315000
065994,南六永豐01購01  ,0,0,0,0,0,0,0,0,0,-317000,0,0,0,6000,323000,-317000,-317000
057626,技嘉富邦9A購01  ,0,0,0,0,0,0,0,0,0,-318000,0,0,0,186000,504000,-318000,-318000
063049,上海銀兆豐9B購01,0,0,0,0,0,0,0,0,0,-318000,0,0,0,86000,404000,-318000,-318000
063260,信邦富邦9B購01  ,0,0,0,0,0,0,0,0,0,-319000,0,0,0,110000,429000,-319000,-319000
3048,益登            ,47000,366000,-319000,0,0,0,0,0,0,0,0,0,0,0,0,0,-319000
07500P,微星元大9A售01  ,0,0,0,0,0,0,0,0,0,-320000,0,0,0,0,320000,-320000,-320000
07473P,祥碩元大9A售01  ,0,0,0,0,0,0,0,0,0,-320000,0,0,0,130000,450000,-320000,-320000
057527,億光元大98購01  ,0,0,0,0,0,0,0,0,0,-320000,0,0,0,603000,923000,-320000,-320000
058749,康控凱基99購03  ,0,0,0,0,0,0,0,0,0,-320000,0,0,0,207000,527000,-320000,-320000
2903,遠百            ,31000,392138,-361138,0,0,0,0,0,0,41000,45000,4000,41000,0,0,0,-320138
1215,卜蜂            ,10000,325000,-315000,0,0,0,0,0,0,-6000,0,0,0,4000,10000,-6000,-321000
6024,群益期          ,15000,337000,-322000,0,0,0,0,0,0,0,0,0,0,0,0,0,-322000
07048P,台積電中信03售01,0,0,0,0,0,0,0,0,0,-324000,0,0,0,0,324000,-324000,-324000
062644,中環國泰9C購01  ,0,0,0,0,0,0,0,0,0,-324000,0,0,0,2000,326000,-324000,-324000
2534,宏盛            ,46000,368980,-322980,0,0,0,0,0,0,-2000,0,2000,-2000,0,0,0,-324980
07703P,玉晶光中信9B售03,0,0,0,0,0,0,0,0,0,-325000,0,0,0,70000,395000,-325000,-325000
065756,緯創元大9C購05  ,0,0,0,0,0,0,0,0,0,-325000,0,0,0,98000,423000,-325000,-325000
055415,禾伸堂富邦9B購01,0,0,0,0,0,0,0,0,0,-325000,0,0,0,84000,409000,-325000,-325000
053297,鎧勝中信98購01  ,0,0,0,0,0,0,0,0,0,-325000,0,0,0,256000,581000,-325000,-325000
066017,南六元富03購01  ,0,0,0,0,0,0,0,0,0,-326000,0,0,0,0,326000,-326000,-326000
3702,大聯大          ,1153000,1597365,-444365,0,0,0,0,2000,-2000,120165,119000,7000,112000,13165,5000,8165,-326200
08719P,華通元大01售04  ,0,0,0,0,0,0,0,0,0,-328000,0,0,0,0,328000,-328000,-328000
063026,南六元大9B購04  ,0,0,0,0,0,0,0,0,0,-330000,0,0,0,104000,434000,-330000,-330000
066113,金像電兆豐01購01,0,0,0,0,0,0,0,0,0,-331000,0,0,0,0,331000,-331000,-331000
066719,滬深2X元大01購06,0,0,0,0,0,0,0,0,0,-331000,0,0,0,60000,391000,-331000,-331000
055681,奇鋐凱基98購03  ,0,0,0,0,0,0,0,0,0,-331000,0,0,0,116000,447000,-331000,-331000
08316P,祥碩元大9C售04  ,0,0,0,0,0,0,0,0,0,-332000,0,0,0,227000,559000,-332000,-332000
066849,神達元大01購01  ,0,0,0,0,0,0,0,0,0,-333000,0,0,0,36000,369000,-333000,-333000
063159,嘉澤國泰01購01  ,0,0,0,0,0,0,0,0,0,-333000,0,0,0,219000,552000,-333000,-333000
064199,南六群益01購01  ,0,0,0,0,0,0,0,0,0,-333000,0,0,0,98000,431000,-333000,-333000
08187P,大毅群益9B售04  ,0,0,0,0,0,0,0,0,0,-334000,0,0,0,26000,360000,-334000,-334000
064163,康控統一01購01  ,0,0,0,0,0,0,0,0,0,-334000,0,0,0,520000,854000,-334000,-334000
6285,啟碁            ,334000,633299,-299299,0,0,0,0,0,0,-35000,0,22000,-22000,0,13000,-13000,-334299
066291,惠特元大01購01  ,0,0,0,0,0,0,0,0,0,-336000,0,0,0,73000,409000,-336000,-336000
08724P,臺股指元大01售05,0,0,0,0,0,0,0,0,0,-337000,0,0,0,0,337000,-337000,-337000
060821,SP黃豆元大9A購02,0,0,0,0,0,0,0,0,0,-341000,0,0,0,12000,353000,-341000,-341000
1708,東鹼            ,23000,363040,-340040,0,0,0,0,0,0,-1000,0,1000,-1000,0,0,0,-341040
058909,神達元大99購03  ,0,0,0,0,0,0,0,0,0,-343000,0,0,0,60000,403000,-343000,-343000
2536,宏普            ,23000,364000,-341000,0,0,0,0,0,0,-2000,0,2000,-2000,0,0,0,-343000
06485P,玉晶光群益9A售02,0,0,0,0,0,0,0,0,0,-345000,0,0,0,20000,365000,-345000,-345000
08006P,長榮航中信03售01,0,0,0,0,0,0,0,0,0,-346000,0,0,0,0,346000,-346000,-346000
065349,玉晶光統一9C購05,0,0,0,0,0,0,0,0,0,-347000,0,0,0,508000,855000,-347000,-347000
061358,世紀鋼元大9A購04,0,0,0,0,0,0,0,0,0,-348000,0,0,0,150000,498000,-348000,-348000
3704,合勤控          ,321000,629000,-308000,0,0,0,0,0,0,-40000,0,4000,-4000,19000,55000,-36000,-348000
066771,滬深2X富邦02購01,0,0,0,0,0,0,0,0,0,-349000,0,0,0,71000,420000,-349000,-349000
3005,神基            ,335000,658500,-323500,0,0,0,0,0,0,-26000,0,3000,-3000,14000,37000,-23000,-349500
07575P,瑞昱元大9A售02  ,0,0,0,0,0,0,0,0,0,-350000,0,0,0,30000,380000,-350000,-350000
061538,SP黃豆群益9A購03,0,0,0,0,0,0,0,0,0,-350000,0,0,0,0,350000,-350000,-350000
1709,和益            ,208000,558000,-350000,0,0,0,0,0,0,0,0,0,0,0,0,0,-350000
2006,東和鋼鐵        ,294000,621500,-327500,0,0,0,0,15000,-15000,-8000,0,8000,-8000,0,0,0,-350500
058312,大毅國泰9B購01  ,0,0,0,0,0,0,0,0,0,-351000,0,0,0,9000,360000,-351000,-351000
062832,嘉澤群益9B購02  ,0,0,0,0,0,0,0,0,0,-352000,0,0,0,108000,460000,-352000,-352000
066152,大立光麥證01購03,0,0,0,17000,370000,-353000,0,0,0,-353000,0,0,0,17000,370000,-353000,-353000
056904,大立光元大99購05,0,0,0,0,0,0,0,0,0,-353000,0,0,0,3000,356000,-353000,-353000
057539,南茂元大98購02  ,0,0,0,0,0,0,0,0,0,-353000,0,0,0,110000,463000,-353000,-353000
08393P,鴻海群益9C售05  ,0,0,0,0,0,0,0,0,0,-354000,0,0,0,48000,402000,-354000,-354000
061418,世紀鋼群益9A購02,0,0,0,0,0,0,0,0,0,-354000,0,0,0,37000,391000,-354000,-354000
063056,嘉澤統一9C購02  ,0,0,0,0,0,0,0,0,0,-354000,0,0,0,524000,878000,-354000,-354000
2457,飛宏            ,501000,850000,-349000,0,0,0,0,0,0,-6000,0,6000,-6000,0,0,0,-355000
057289,力成元大98購03  ,0,0,0,0,0,0,0,0,0,-357000,0,0,0,543000,900000,-357000,-357000
061612,南六統一9A購01  ,0,0,0,0,0,0,0,0,0,-357000,0,0,0,57000,414000,-357000,-357000
062021,康控永豐9B購01  ,0,0,0,0,0,0,0,0,0,-357000,0,0,0,244000,601000,-357000,-357000
08392P,上銀群益9C售01  ,0,0,0,0,0,0,0,0,0,-358000,0,0,0,88000,446000,-358000,-358000
065027,玉晶光中信03購01,0,0,0,0,0,0,0,0,0,-358000,0,0,0,62000,420000,-358000,-358000
062146,大毅國票9B購01  ,0,0,0,0,0,0,0,0,0,-359000,0,0,0,17000,376000,-359000,-359000
057765,康舒凱基98購01  ,0,0,0,0,0,0,0,0,0,-360000,0,0,0,130000,490000,-360000,-360000
2355,敬鵬            ,290000,623000,-333000,0,0,0,0,0,0,-27000,0,10000,-10000,0,17000,-17000,-360000
064448,裕隆統一02購01  ,0,0,0,0,0,0,0,0,0,-361000,0,0,0,0,361000,-361000,-361000
08377P,臻鼎元富9C售02  ,0,0,0,0,0,0,0,0,0,-362000,0,0,0,0,362000,-362000,-362000
066143,惠特群益01購01  ,0,0,0,0,0,0,0,0,0,-363000,0,0,0,15000,378000,-363000,-363000
065901,台積電富邦03購04,0,0,0,0,0,0,0,0,0,-363000,0,0,0,629000,992000,-363000,-363000
063479,南六元大9B購06  ,0,0,0,0,0,0,0,0,0,-363000,0,0,0,110000,473000,-363000,-363000
08168P,金像電群益9B售03,0,0,0,0,0,0,0,0,0,-364000,0,0,0,63000,427000,-364000,-364000
065803,大立光群益01購03,0,0,0,0,0,0,0,0,0,-365000,0,0,0,11000,376000,-365000,-365000
060959,金像電凱基9A購01,0,0,0,0,0,0,0,0,0,-367000,0,0,0,131000,498000,-367000,-367000
056211,南港國票98購01  ,0,0,0,0,0,0,0,0,0,-368000,0,0,0,132000,500000,-368000,-368000
08435P,台積電群益9C售11,0,0,0,0,0,0,0,0,0,-370000,0,0,0,98000,468000,-370000,-370000
056269,新日興統一98購01,0,0,0,0,0,0,0,0,0,-370000,0,0,0,179000,549000,-370000,-370000
06878P,台灣50日盛9B售01,0,0,0,0,0,0,0,0,0,-371000,0,0,0,0,371000,-371000,-371000
065198,玉晶光元富06購01,0,0,0,0,0,0,0,0,0,-371000,0,0,0,109000,480000,-371000,-371000
057956,全新元大99購04  ,0,0,0,0,0,0,0,0,0,-372000,0,0,0,627000,999000,-372000,-372000
061455,京元電凱基9B購01,0,0,0,0,0,0,0,0,0,-372000,0,0,0,463000,835000,-372000,-372000
4927,泰鼎-KY         ,1106000,1217000,-111000,0,0,0,0,0,0,-261000,10000,94000,-84000,15000,192000,-177000,-372000
08465P,玉晶光兆豐01售02,0,0,0,0,0,0,0,0,0,-373000,0,0,0,0,373000,-373000,-373000
8429,金麗-KY         ,138000,511000,-373000,0,0,0,0,0,0,-1000,0,1000,-1000,0,0,0,-374000
064466,聯電元富9C購01  ,0,0,0,0,0,0,0,0,0,-376000,0,0,0,60000,436000,-376000,-376000
08149P,祥碩群益9B售07  ,0,0,0,0,0,0,0,0,0,-377000,0,0,0,0,377000,-377000,-377000
06822P,上銀富邦99售03  ,0,0,0,0,0,0,0,0,0,-380000,0,0,0,181000,561000,-380000,-380000
065783,友訊永豐9C購02  ,0,0,0,0,0,0,0,0,0,-380000,0,0,0,0,380000,-380000,-380000
066231,友訊富邦02購01  ,0,0,0,0,0,0,0,0,0,-380000,0,0,0,1000,381000,-380000,-380000
4967,十銓            ,71000,451000,-380000,0,0,0,0,0,0,-1000,0,1000,-1000,0,0,0,-381000
07720P,臺股指群益9A售09,0,0,0,0,0,0,0,0,0,-382000,0,0,0,0,382000,-382000,-382000
08223P,臺股指凱基9B售18,0,0,0,0,0,0,0,0,0,-383000,0,0,0,55000,438000,-383000,-383000
2637,慧洋-KY         ,39000,420000,-381000,0,0,0,0,1000,-1000,-1000,0,1000,-1000,0,0,0,-383000
065309,亞光國票01購01  ,0,0,0,0,0,0,0,0,0,-385000,0,0,0,95000,480000,-385000,-385000
063885,南六元富9C購01  ,0,0,0,0,0,0,0,0,0,-386000,0,0,0,23000,409000,-386000,-386000
2915,潤泰全          ,145000,943075,-798075,0,0,0,558000,0,558000,-148000,0,128000,-128000,7000,27000,-20000,-388075
06603P,立積統一99售01  ,0,0,0,0,0,0,0,0,0,-389000,0,0,0,21000,410000,-389000,-389000
066846,京鼎元大01購03  ,0,0,0,0,0,0,0,0,0,-389000,0,0,0,42000,431000,-389000,-389000
054874,帆宣群益99購02  ,0,0,0,0,0,0,0,0,0,-389000,0,0,0,38000,427000,-389000,-389000
062976,嘉澤元富9B購01  ,0,0,0,0,0,0,0,0,0,-389000,0,0,0,28000,417000,-389000,-389000
08096P,大立光元富9B售04,0,0,0,0,0,0,0,0,0,-391000,0,0,0,102000,493000,-391000,-391000
8028,昇陽半導體      ,210000,543000,-333000,0,0,0,0,0,0,-58000,0,1000,-1000,16000,73000,-57000,-391000
2444,兆勁            ,17000,409000,-392000,0,0,0,0,0,0,0,0,0,0,0,0,0,-392000
066184,鎧勝凱基01購01  ,0,0,0,0,0,0,0,0,0,-393000,0,0,0,262000,655000,-393000,-393000
063560,力山元大9B購05  ,0,0,0,0,0,0,0,0,0,-393000,0,0,0,57000,450000,-393000,-393000
063596,嘉澤中信9B購01  ,0,0,0,0,0,0,0,0,0,-393000,0,0,0,90000,483000,-393000,-393000
063057,祥碩統一03購01  ,0,0,0,0,0,0,0,0,0,-393000,0,0,0,1087000,1480000,-393000,-393000
066242,惠特富邦03購01  ,0,0,0,0,0,0,0,0,0,-394000,0,0,0,30000,424000,-394000,-394000
08181P,華新科國泰9C售02,0,0,0,0,0,0,0,0,0,-395000,0,0,0,0,395000,-395000,-395000
1476,儒鴻            ,283000,555784,-272784,0,0,0,0,52235,-52235,-71000,8000,55000,-47000,6000,30000,-24000,-396019
064296,奇鋐國票01購01  ,0,0,0,0,0,0,0,0,0,-397000,0,0,0,501000,898000,-397000,-397000
061767,信邦元大9B購01  ,0,0,0,0,0,0,0,0,0,-398000,0,0,0,225000,623000,-398000,-398000
056312,茂林元大98購01  ,0,0,0,0,0,0,0,0,0,-399000,0,0,0,0,399000,-399000,-399000
060551,大立光凱基9B購02,0,0,0,0,0,0,0,0,0,-399000,0,0,0,0,399000,-399000,-399000
057485,友達元大9C購04  ,0,0,0,0,0,0,0,0,0,-400000,0,0,0,1460000,1860000,-400000,-400000
05644P,大立光中信9A售03,0,0,0,0,0,0,0,0,0,-400000,0,0,0,1379000,1779000,-400000,-400000
058477,億光凱基9A購01  ,0,0,0,0,0,0,0,0,0,-401000,0,0,0,267000,668000,-401000,-401000
064832,長榮航統一01購01,0,0,0,0,0,0,0,0,0,-405000,0,0,0,40000,445000,-405000,-405000
2349,錸德            ,931000,1332000,-401000,0,0,0,0,0,0,-4000,0,4000,-4000,0,0,0,-405000
2838,聯邦銀          ,84000,487691,-403691,0,0,0,0,0,0,-2000,0,2000,-2000,0,0,0,-405691
08297P,寶成元大9C售01  ,0,0,0,0,0,0,0,0,0,-406000,0,0,0,0,406000,-406000,-406000
08582P,臺股指元大9C售30,0,0,0,0,0,0,0,0,0,-406000,0,0,0,0,406000,-406000,-406000
066569,帆宣元大01購02  ,0,5000,-5000,0,0,0,0,0,0,-402000,0,0,0,57000,459000,-402000,-407000
07392P,台積電國泰02售01,0,0,0,0,0,0,0,0,0,-408000,0,0,0,25000,433000,-408000,-408000
1337,再生-KY         ,150000,558000,-408000,0,0,0,0,0,0,0,0,0,0,0,0,0,-408000
058244,神達元大99購02  ,0,0,0,0,0,0,0,0,0,-409000,0,0,0,84000,493000,-409000,-409000
063659,世紀鋼元富9B購01,0,0,0,0,0,0,0,0,0,-409000,0,0,0,108000,517000,-409000,-409000
6120,達運            ,83000,489000,-406000,0,0,0,0,0,0,-3000,0,3000,-3000,0,0,0,-409000
062537,聯電國泰9C購01  ,0,0,0,0,0,0,0,0,0,-410000,0,0,0,37000,447000,-410000,-410000
063462,金像電元大9C購01,0,0,0,0,0,0,0,0,0,-410000,0,0,0,0,410000,-410000,-410000
065048,世芯凱基01購01  ,0,0,0,0,0,0,0,0,0,-410000,0,0,0,58000,468000,-410000,-410000
2049,上銀            ,725000,947114,-222114,0,0,0,0,92000,-92000,-96000,33000,60000,-27000,2000,71000,-69000,-410114
07578P,高鐵元大9A售02  ,0,0,0,0,0,0,0,0,0,-412000,0,0,0,0,412000,-412000,-412000
066382,拓凱康和01購01  ,0,0,0,0,0,0,0,0,0,-412000,0,0,0,9000,421000,-412000,-412000
07957P,晶技群益9B售02  ,0,0,0,0,0,0,0,0,0,-413000,0,0,0,0,413000,-413000,-413000
07032P,聯發科統一9C售02,0,0,0,0,0,0,0,0,0,-413000,0,0,0,187000,600000,-413000,-413000
08325P,臺股指凱基9C售08,0,0,0,0,0,0,0,0,0,-415000,0,0,0,298000,713000,-415000,-415000
066454,金像電統一01購03,0,0,0,0,0,0,0,0,0,-416000,0,0,0,62000,478000,-416000,-416000
063538,神達統一9C購01  ,0,0,0,0,0,0,0,0,0,-416000,0,0,0,33000,449000,-416000,-416000
064215,康控凱基02購01  ,0,0,0,0,0,0,0,0,0,-416000,0,0,0,195000,611000,-416000,-416000
6278,台表科          ,1681000,1545500,135500,0,0,0,0,117000,-117000,-435000,101000,245000,-144000,73000,364000,-291000,-416500
066622,南帝凱基01購01  ,0,0,0,0,0,0,0,0,0,-417000,0,0,0,0,417000,-417000,-417000
2836,高雄銀          ,5000,416000,-411000,0,0,0,0,0,0,-6000,0,6000,-6000,0,0,0,-417000
066139,拓凱群益01購01  ,0,0,0,0,0,0,0,0,0,-418000,0,0,0,135000,553000,-418000,-418000
066735,智原元大01購03  ,0,0,0,0,0,0,0,0,0,-419000,0,0,0,84000,503000,-419000,-419000
061971,力山元大9C購02  ,0,0,0,0,0,0,0,0,0,-420000,0,0,0,0,420000,-420000,-420000
07989P,玉晶光凱基9B售07,0,0,0,0,0,0,0,0,0,-421000,0,0,0,0,421000,-421000,-421000
062534,力成統一01購01  ,0,0,0,0,0,0,0,0,0,-422000,0,0,0,263000,685000,-422000,-422000
2421,建準            ,580000,814000,-234000,0,0,0,0,74000,-74000,-114000,0,1000,-1000,0,113000,-113000,-422000
07630P,臺股指凱基9A售11,0,0,0,0,0,0,0,0,0,-425000,0,0,0,27000,452000,-425000,-425000
1464,得力            ,53000,466000,-413000,0,0,0,0,0,0,-13000,0,1000,-1000,0,12000,-12000,-426000
1217,愛之味          ,88000,514000,-426000,0,0,0,0,0,0,0,0,0,0,0,0,0,-426000
066562,上緯控元大01購01,0,0,0,0,0,0,0,0,0,-428000,0,0,0,110000,538000,-428000,-428000
058210,臺股指凱基9C購04,0,0,0,0,0,0,0,0,0,-430000,0,0,0,567000,997000,-430000,-430000
05692P,聯發科中信9A售02,0,0,0,0,0,0,0,0,0,-430000,0,0,0,0,430000,-430000,-430000
066018,南六元富03購02  ,0,0,0,0,0,0,0,0,0,-431000,0,0,0,0,431000,-431000,-431000
06697P,台積電國票99售05,0,0,0,0,0,0,0,0,0,-433000,0,0,0,5000,438000,-433000,-433000
2442,新美齊          ,40000,473000,-433000,0,0,0,0,0,0,-1000,0,1000,-1000,0,0,0,-434000
07791P,奇鋐元大9A售02  ,0,0,0,0,0,0,0,0,0,-435000,0,0,0,0,435000,-435000,-435000
061083,京元電兆豐9A購01,0,0,0,0,0,0,0,0,0,-437000,0,0,0,10000,447000,-437000,-437000
059181,世紀鋼元富9C購01,0,0,0,0,0,0,0,0,0,-437000,0,0,0,410000,847000,-437000,-437000
065208,義隆國票01購01  ,0,0,0,0,0,0,0,0,0,-437000,0,0,0,91000,528000,-437000,-437000
00648R,元大S&P500反1   ,0,0,0,0,0,0,0,0,0,-438000,0,0,0,56000,494000,-438000,-438000
08080P,祥碩國票9B售03  ,0,0,0,0,0,0,0,0,0,-440000,0,0,0,329000,769000,-440000,-440000
062653,正隆永豐9B購01  ,0,0,0,0,0,0,0,0,0,-441000,0,0,0,68000,509000,-441000,-441000
066279,拓凱元大01購01  ,0,0,0,0,0,0,0,0,0,-442000,0,0,0,299000,741000,-442000,-442000
057347,國巨統一9A購03  ,0,0,0,0,0,0,0,0,0,-442000,0,0,0,90000,532000,-442000,-442000
2363,矽統            ,1652000,2074000,-422000,0,0,0,0,0,0,-21000,70000,91000,-21000,0,0,0,-443000
058104,國巨統一9A購04  ,0,0,0,0,0,0,0,0,0,-444000,0,0,0,0,444000,-444000,-444000
06836P,玉晶光國票99售06,0,0,0,0,0,0,0,0,0,-446000,0,0,0,373000,819000,-446000,-446000
1455,集盛            ,28000,468000,-440000,0,0,0,0,0,0,-6000,0,6000,-6000,0,0,0,-446000
066165,大毅凱基01購01  ,0,0,0,0,0,0,0,0,0,-447000,0,0,0,47000,494000,-447000,-447000
06503P,臺股指中信9A售02,0,0,0,0,0,0,0,0,0,-447000,0,0,0,542000,989000,-447000,-447000
065367,技嘉元大01購01  ,0,0,0,0,0,0,0,0,0,-448000,0,0,0,109000,557000,-448000,-448000
061799,奇鋐永豐9B購01  ,0,0,0,0,0,0,0,0,0,-449000,0,0,0,39000,488000,-449000,-449000
061647,南六元大9A購03  ,0,0,0,0,0,0,0,0,0,-449000,0,0,0,64000,513000,-449000,-449000
5522,遠雄            ,212000,659000,-447000,0,0,0,0,0,0,-2000,0,2000,-2000,0,0,0,-449000
064930,南六統一02購02  ,0,0,0,0,0,0,0,0,0,-450000,0,0,0,35000,485000,-450000,-450000
9939,宏全            ,83000,440500,-357500,0,0,0,0,0,0,-94000,2000,13000,-11000,0,83000,-83000,-451500
08026P,臺股指凱基9B售12,0,0,0,0,0,0,0,0,0,-452000,0,0,0,8000,460000,-452000,-452000
056161,康控凱基98購02  ,0,0,0,0,0,0,0,0,0,-452000,0,0,0,33000,485000,-452000,-452000
064291,南六元大9C購04  ,0,0,0,0,0,0,0,0,0,-453000,0,0,0,12000,465000,-453000,-453000
063398,信邦群益9B購02  ,0,0,0,0,0,0,0,0,0,-453000,0,0,0,143000,596000,-453000,-453000
2897,王道銀行        ,9000,457000,-448000,0,0,0,0,3000,-3000,-3000,0,3000,-3000,0,0,0,-454000
2390,云辰            ,3491000,3770000,-279000,0,0,0,0,0,0,-176000,0,6000,-6000,0,170000,-170000,-455000
054546,玉晶光中信9B購01,5000,0,5000,0,0,0,0,0,0,-461000,0,0,0,2697000,3158000,-461000,-456000
1608,華榮            ,11000,467000,-456000,0,0,0,0,0,0,-3000,0,3000,-3000,0,0,0,-459000
08387P,臺股指群益9C售15,0,0,0,0,0,0,0,0,0,-460000,0,0,0,186000,646000,-460000,-460000
065634,聯發科國票9C購06,0,0,0,0,0,0,0,0,0,-460000,0,0,0,44000,504000,-460000,-460000
4919,新唐            ,587000,1016000,-429000,0,0,0,0,0,0,-31000,4000,9000,-5000,7000,33000,-26000,-460000
060538,S&P反1凱基9A購01,0,0,0,0,0,0,0,0,0,-461000,0,0,0,0,461000,-461000,-461000
060347,大立光統一02購01,0,0,0,0,0,0,0,0,0,-461000,0,0,0,60000,521000,-461000,-461000
065103,南六元大9C購06  ,0,0,0,0,0,0,0,0,0,-463000,0,0,0,125000,588000,-463000,-463000
064719,聯發科統一02購01,0,0,0,0,0,0,0,0,0,-463000,0,0,0,557000,1020000,-463000,-463000
08638P,泰碩國票9C售01  ,0,0,0,0,0,0,0,0,0,-464000,0,0,0,216000,680000,-464000,-464000
063674,力山國泰01購02  ,0,0,0,0,0,0,0,0,0,-467000,0,0,0,98000,565000,-467000,-467000
064457,禾伸堂統一01購02,0,0,0,0,0,0,0,0,0,-469000,0,0,0,144000,613000,-469000,-469000
066360,致茂中信05購01  ,0,0,0,0,0,0,0,0,0,-470000,0,0,0,51000,521000,-470000,-470000
2809,京城銀          ,323000,813500,-490500,0,0,0,0,1000,-1000,21000,0,4000,-4000,25000,0,25000,-470500
2905,三商            ,114000,583000,-469000,0,0,0,0,0,0,-3000,0,3000,-3000,0,0,0,-472000
059295,大立光元富99購05,0,0,0,0,0,0,0,0,0,-474000,0,0,0,3000,477000,-474000,-474000
063326,正隆國票9B購01  ,0,0,0,0,0,0,0,0,0,-477000,0,0,0,0,477000,-477000,-477000
064388,緯穎富邦9C購01  ,0,0,0,0,0,0,0,0,0,-478000,0,0,0,126000,604000,-478000,-478000
064847,金像電元富9C購01,0,0,0,0,0,0,0,0,0,-478000,0,0,0,78000,556000,-478000,-478000
08229P,祥碩國票9B售04  ,0,0,0,0,0,0,0,0,0,-479000,0,0,0,2000,481000,-479000,-479000
07990P,緯穎凱基9B售02  ,0,0,0,0,0,0,0,0,0,-480000,0,0,0,112000,592000,-480000,-480000
2548,華固            ,123000,597500,-474500,0,0,0,0,0,0,-8000,0,8000,-8000,0,0,0,-482500
058093,神達元大9A購01  ,0,0,0,0,0,0,0,0,0,-484000,0,0,0,16000,500000,-484000,-484000
064446,聚陽統一02購02  ,0,0,0,0,0,0,0,0,0,-484000,0,0,0,55000,539000,-484000,-484000
8110,華東            ,111000,590000,-479000,0,0,0,0,0,0,-6000,16000,22000,-6000,0,0,0,-485000
07815P,美律群益9A售04  ,0,0,0,0,0,0,0,0,0,-486000,0,0,0,0,486000,-486000,-486000
059922,大立光元大99購25,0,0,0,0,0,0,0,0,0,-489000,0,0,0,68000,557000,-489000,-489000
065496,裕隆富邦9C購01  ,0,0,0,0,0,0,0,0,0,-489000,0,0,0,0,489000,-489000,-489000
066651,創意康和01購04  ,0,0,0,0,0,0,0,0,0,-490000,0,0,0,150000,640000,-490000,-490000
057763,康控凱基99購02  ,0,0,0,0,0,0,0,0,0,-491000,0,0,0,20000,511000,-491000,-491000
064248,億光元富9C購01  ,0,0,0,0,0,0,0,0,0,-491000,0,0,0,493000,984000,-491000,-491000
3518,柏騰            ,35000,526000,-491000,0,0,0,0,0,0,-1000,0,1000,-1000,0,0,0,-492000
2014,中鴻            ,27000,513000,-486000,0,0,0,0,0,0,-7000,0,7000,-7000,0,0,0,-493000
08277P,嘉晶元富9C售02  ,0,0,0,0,0,0,0,0,0,-495000,0,0,0,40000,535000,-495000,-495000
056947,國巨統一9A購01  ,0,0,0,0,0,0,0,0,0,-499000,0,0,0,0,499000,-499000,-499000
054406,旺宏國票98購01  ,0,0,0,0,0,0,0,0,0,-499000,0,0,0,0,499000,-499000,-499000
08280P,臺股指中信02售01,0,0,0,0,0,0,0,0,0,-500000,0,0,0,0,500000,-500000,-500000
08184P,可成永豐9B售03  ,0,0,0,0,0,0,0,0,0,-500000,0,0,0,0,500000,-500000,-500000
059395,T50反1元富99購03,0,0,0,0,0,0,0,0,0,-500000,0,0,0,998000,1498000,-500000,-500000
8131,福懋科          ,61000,372000,-311000,0,0,0,0,186000,-186000,-3000,0,3000,-3000,0,0,0,-500000
055032,億光富邦99購01  ,0,0,0,0,0,0,0,0,0,-501000,0,0,0,8000,509000,-501000,-501000
063761,嘉澤統一02購01  ,0,0,0,0,0,0,0,0,0,-502000,0,0,0,243000,745000,-502000,-502000
066082,康友國泰03購01  ,0,0,0,0,0,0,0,0,0,-504000,0,0,0,21000,525000,-504000,-504000
2606,裕民            ,105000,597500,-492500,0,0,0,0,2000,-2000,-11000,0,4000,-4000,0,7000,-7000,-505500
3016,嘉晶            ,922000,817000,105000,0,0,0,0,100000,-100000,-511000,15000,150000,-135000,19000,395000,-376000,-506000
3047,訊舟            ,101000,606000,-505000,0,0,0,0,0,0,-2000,0,2000,-2000,0,0,0,-507000
5434,崇越            ,1279000,1162000,117000,0,0,0,0,61000,-61000,-568000,2000,50000,-48000,0,520000,-520000,-512000
057848,台表科永豐98購02,0,0,0,0,0,0,0,0,0,-515000,0,0,0,378000,893000,-515000,-515000
063559,力山元大9B購04  ,0,0,0,0,0,0,0,0,0,-516000,0,0,0,0,516000,-516000,-516000
065049,世芯凱基02購01  ,2000,0,2000,0,0,0,0,0,0,-518000,0,0,0,268000,786000,-518000,-516000
2023,燁輝            ,30000,534506,-504506,0,0,0,0,0,0,-14000,0,14000,-14000,0,0,0,-518506
07834P,聯詠群益9A售03  ,0,0,0,0,0,0,0,0,0,-519000,0,0,0,60000,579000,-519000,-519000
061938,大立光國票9B購03,0,0,0,0,0,0,0,0,0,-519000,0,0,0,0,519000,-519000,-519000
066085,台積電富邦05購01,0,0,0,0,0,0,0,0,0,-523000,0,0,0,2497000,3020000,-523000,-523000
08462P,臻鼎國票9C售02  ,0,0,0,0,0,0,0,0,0,-527000,0,0,0,0,527000,-527000,-527000
2520,冠德            ,293000,795000,-502000,0,0,0,0,0,0,-27000,8000,3000,5000,0,32000,-32000,-529000
08536P,台積電國票9C售08,0,0,0,0,0,0,0,0,0,-531000,0,0,0,154000,685000,-531000,-531000
065702,聯發科群益9C購14,0,0,0,0,0,0,0,0,0,-531000,0,0,0,0,531000,-531000,-531000
064936,世紀鋼統一9C購02,0,0,0,0,0,0,0,0,0,-534000,0,0,0,74000,608000,-534000,-534000
2820,華票            ,31000,540267,-509267,0,0,0,0,24000,-24000,-3000,1000,4000,-3000,0,0,0,-536267
3056,總太            ,483000,1026700,-543700,0,0,0,0,0,0,6000,5000,2000,3000,3000,0,3000,-537700
059503,大立光富邦9B購04,0,0,0,0,0,0,0,0,0,-541000,0,0,0,23000,564000,-541000,-541000
6282,康舒            ,817000,1528000,-711000,0,0,0,0,0,0,169000,204000,36000,168000,1000,0,1000,-542000
064470,世紀鋼元富03購01,0,0,0,0,0,0,0,0,0,-543000,0,0,0,45000,588000,-543000,-543000
060907,金像電元大9A購02,0,0,0,0,0,0,0,0,0,-547000,0,0,0,20000,567000,-547000,-547000
065374,義隆元大9C購07  ,0,0,0,0,0,0,0,0,0,-548000,0,0,0,313000,861000,-548000,-548000
064252,嘉澤元富9C購01  ,0,0,0,0,0,0,0,0,0,-549000,0,0,0,14000,563000,-549000,-549000
064966,FBVIX元大9C購03 ,0,0,0,0,0,0,0,0,0,-550000,0,0,0,85000,635000,-550000,-550000
065044,大立光凱基9C購06,0,0,0,0,0,0,0,0,0,-550000,0,0,0,133000,683000,-550000,-550000
064839,旭富統一9C購01  ,0,0,0,0,0,0,0,0,0,-550000,0,0,0,255000,805000,-550000,-550000
08407P,臺股指元大9C售13,0,0,0,0,0,0,0,0,0,-551000,0,0,0,0,551000,-551000,-551000
08716P,台積電兆豐01售02,0,0,0,0,0,0,0,0,0,-551000,0,0,0,0,551000,-551000,-551000
066876,大立光富邦05購01,0,0,0,0,0,0,0,0,0,-554000,0,0,0,10000,564000,-554000,-554000
065573,新日興群益01購02,0,0,0,0,0,0,0,0,0,-554000,0,0,0,42000,596000,-554000,-554000
065933,鴻海群益01購06  ,0,0,0,0,0,0,0,0,0,-557000,0,0,0,0,557000,-557000,-557000
08600P,臺股指元大9C售32,0,0,0,0,0,0,0,0,0,-560000,0,0,0,0,560000,-560000,-560000
6452,康友-KY         ,122000,682269,-560269,0,0,0,0,0,0,0,0,0,0,30000,30000,0,-560269
064995,世紀鋼兆豐9C購01,0,0,0,0,0,0,0,0,0,-561000,0,0,0,0,561000,-561000,-561000
3682,亞太電          ,129000,693500,-564500,0,0,0,0,0,0,0,0,0,0,0,0,0,-564500
08598P,立積元大9C售04  ,0,0,0,0,0,0,0,0,0,-566000,0,0,0,269000,835000,-566000,-566000
061589,世紀鋼富邦9B購01,0,0,0,0,0,0,0,0,0,-570000,0,0,0,163000,733000,-570000,-570000
059298,大立光元富9C購02,0,0,0,0,0,0,0,0,0,-571000,0,0,0,318000,889000,-571000,-571000
063823,T50反1國票01購02,0,0,0,0,0,0,0,0,0,-571000,0,0,0,0,571000,-571000,-571000
00635U,元大S&P黃金     ,0,0,0,0,0,0,0,0,0,-572000,0,30000,-30000,59000,601000,-542000,-572000
061852,大立光國票9B購02,0,0,0,0,0,0,0,0,0,-572000,0,0,0,30000,602000,-572000,-572000
5534,長虹            ,108000,684560,-576560,0,0,0,0,0,0,0,0,0,0,0,0,0,-576560
057973,神達富邦9A購01  ,0,0,0,0,0,0,0,0,0,-577000,0,0,0,119000,696000,-577000,-577000
8271,宇瞻            ,135000,711000,-576000,0,0,0,0,0,0,-3000,0,3000,-3000,0,0,0,-579000
07285P,上証2X群益01售02,0,0,0,0,0,0,0,0,0,-580000,0,0,0,90000,670000,-580000,-580000
08243P,祥碩凱基9C售02  ,0,0,0,0,0,0,0,0,0,-581000,0,0,0,270000,851000,-581000,-581000
057739,新日興富邦9B購01,0,0,0,0,0,0,0,0,0,-581000,0,0,0,97000,678000,-581000,-581000
4935,茂林-KY         ,249000,259000,-10000,0,0,0,0,532000,-532000,-42000,0,20000,-20000,38000,60000,-22000,-584000
9945,潤泰新          ,822000,1483697,-661697,0,0,0,0,0,0,76000,79000,3000,76000,0,0,0,-585697
058527,世紀鋼元大99購01,0,0,0,0,0,0,0,0,0,-586000,0,0,0,83000,669000,-586000,-586000
1201,味全            ,160000,731000,-571000,0,0,0,0,0,0,-15000,0,0,0,0,15000,-15000,-586000
063330,神達國票9C購01  ,0,0,0,0,0,0,0,0,0,-587000,0,0,0,0,587000,-587000,-587000
064450,致茂統一01購01  ,0,0,0,0,0,0,0,0,0,-587000,0,0,0,101000,688000,-587000,-587000
062070,金寶元大9B購01  ,0,0,0,0,0,0,0,0,0,-588000,0,0,0,12000,600000,-588000,-588000
063439,正隆統一01購01  ,0,0,0,0,0,0,0,0,0,-589000,0,0,0,0,589000,-589000,-589000
048383,元金2X國票99購01,0,0,0,0,0,0,0,0,0,-594000,0,0,0,0,594000,-594000,-594000
2634,漢翔            ,296000,731000,-435000,0,0,0,0,1000,-1000,-160000,0,5000,-5000,6000,161000,-155000,-596000
065873,信邦群益02購01  ,0,0,0,0,0,0,0,0,0,-598000,0,0,0,10000,608000,-598000,-598000
057579,長榮航中信9A購01,0,0,0,0,0,0,0,0,0,-598000,0,0,0,170000,768000,-598000,-598000
058645,康控富邦01購01  ,0,0,0,0,0,0,0,0,0,-598000,0,0,0,624000,1222000,-598000,-598000
07709P,創意元大9A售01  ,0,0,0,0,0,0,0,0,0,-602000,0,0,0,396000,998000,-602000,-602000
063992,大立光中信9C購03,0,0,0,0,0,0,0,0,0,-607000,0,0,0,27000,634000,-607000,-607000
06025P,臺股指元大99售02,0,0,0,0,0,0,0,0,0,-608000,0,0,0,117000,725000,-608000,-608000
061192,奇鋐永豐9A購01  ,0,0,0,0,0,0,0,0,0,-611000,0,0,0,128000,739000,-611000,-611000
3034,聯詠            ,1799000,2844582,-1045582,0,0,0,112000,14724,97276,336000,210000,24000,186000,180000,30000,150000,-612306
058736,鈺齊永豐99購02  ,0,0,0,0,0,0,0,0,0,-613000,0,0,0,0,613000,-613000,-613000
064476,金像電國泰02購01,0,0,0,0,0,0,0,0,0,-615000,0,0,0,224000,839000,-615000,-615000
057734,訊芯國泰9A購01  ,0,0,0,0,0,0,0,0,0,-620000,0,0,0,0,620000,-620000,-620000
063458,正隆元大9B購01  ,0,0,0,0,0,0,0,0,0,-621000,0,0,0,39000,660000,-621000,-621000
1802,台玻            ,352000,962000,-610000,0,0,0,0,0,0,-14000,0,14000,-14000,0,0,0,-624000
3413,京鼎            ,1239000,1680500,-441500,0,0,0,100000,227000,-127000,-56000,41000,40000,1000,93000,150000,-57000,-624500
07068P,欣興台新99售01  ,0,0,0,0,0,0,0,0,0,-625000,0,0,0,65000,690000,-625000,-625000
066736,京鼎元大01購02  ,0,25000,-25000,0,0,0,0,0,0,-601000,0,0,0,171000,772000,-601000,-626000
065130,奇鋐兆豐9C購01  ,0,0,0,0,0,0,0,0,0,-626000,0,0,0,145000,771000,-626000,-626000
063134,裕隆統一01購01  ,0,0,0,0,0,0,0,0,0,-627000,0,0,0,694000,1321000,-627000,-627000
07731P,臺股指凱基9A售28,0,0,0,0,0,0,0,0,0,-628000,0,0,0,474000,1102000,-628000,-628000
062228,南六統一02購01  ,0,0,0,0,0,0,0,0,0,-630000,0,0,0,0,630000,-630000,-630000
064880,神達兆豐9C購01  ,0,0,0,0,0,0,0,0,0,-630000,0,0,0,5000,635000,-630000,-630000
1227,佳格            ,153000,780222,-627222,0,0,0,0,1000,-1000,-3000,0,3000,-3000,0,0,0,-631222
08692P,國巨兆豐01售02  ,0,0,0,0,0,0,0,0,0,-632000,0,0,0,101000,733000,-632000,-632000
059807,大立光元富99購09,0,0,0,0,0,0,0,0,0,-632000,0,0,0,40000,672000,-632000,-632000
3008,大立光          ,1093840,1598361,-504521,0,0,0,1000,95342,-94342,-34000,14000,33000,-19000,9000,24000,-15000,-632863
07559P,祥碩元大9A售03  ,0,0,0,0,0,0,0,0,0,-634000,0,0,0,0,634000,-634000,-634000
065972,聯發科元大01購07,0,0,0,0,0,0,0,0,0,-636000,0,0,0,190000,826000,-636000,-636000
063287,嘉澤元大9B購05  ,0,0,0,0,0,0,0,0,0,-645000,0,0,0,254000,899000,-645000,-645000
8163,達方            ,133000,697000,-564000,0,0,0,0,0,0,-81000,4000,18000,-14000,15000,82000,-67000,-645000
2357,華碩            ,964100,1601604,-637504,0,0,0,1000,3000,-2000,-8000,2000,7000,-5000,2000,5000,-3000,-647504
1722,台肥            ,1388000,2030000,-642000,0,0,0,30000,5000,25000,-32000,0,4000,-4000,5000,33000,-28000,-649000
055899,群創中信99購01  ,0,0,0,0,0,0,0,0,0,-650000,0,0,0,299000,949000,-650000,-650000
6669,緯穎            ,469996,985913,-515917,0,0,0,0,90000,-90000,-45000,27000,56000,-29000,5000,21000,-16000,-650917
056589,康控統一98購01  ,0,0,0,0,0,0,0,0,0,-652000,0,0,0,165000,817000,-652000,-652000
062986,T50反1中信02購01,0,0,0,0,0,0,0,0,0,-654000,0,0,0,528000,1182000,-654000,-654000
065851,京鼎元大02購01  ,0,0,0,0,0,0,0,0,0,-655000,0,0,0,1302000,1957000,-655000,-655000
066503,台積電富邦05購02,0,0,0,0,0,0,0,0,0,-656000,0,0,0,30000,686000,-656000,-656000
07875P,祥碩群益9B售01  ,0,0,0,0,0,0,0,0,0,-656000,0,0,0,0,656000,-656000,-656000
9907,統一實          ,40000,689000,-649000,0,0,0,0,0,0,-11000,0,11000,-11000,0,0,0,-660000
1305,華夏            ,286000,889000,-603000,0,0,0,0,0,0,-57000,2000,57000,-55000,0,2000,-2000,-660000
3673,TPK-KY          ,482000,1027000,-545000,0,0,0,0,0,0,-118000,8000,19000,-11000,12000,119000,-107000,-663000
1907,永豐餘          ,164000,825000,-661000,0,0,0,0,0,0,-6000,0,6000,-6000,0,0,0,-667000
9914,美利達          ,352000,1229000,-877000,0,0,0,229000,10000,219000,-11000,137000,101000,36000,14000,61000,-47000,-669000
053083,中環元大99購01  ,0,0,0,0,0,0,0,0,0,-671000,0,0,0,328000,999000,-671000,-671000
058313,台積電富邦9B購04,0,0,0,0,0,0,0,0,0,-672000,0,0,0,810000,1482000,-672000,-672000
8215,明基材          ,176000,850000,-674000,0,0,0,0,0,0,0,0,0,0,0,0,0,-674000
062475,道瓊反國票9B購02,0,0,0,0,0,0,0,0,0,-676000,0,0,0,0,676000,-676000,-676000
9802,鈺齊-KY         ,135000,589676,-454676,0,0,0,0,218000,-218000,-7000,0,0,0,4000,11000,-7000,-679676
08715P,創意元富07售02  ,0,0,0,0,0,0,0,0,0,-680000,0,0,0,239000,919000,-680000,-680000
08152P,祥碩統一9B售02  ,0,0,0,0,0,0,0,0,0,-686000,0,0,0,55000,741000,-686000,-686000
061659,信邦永豐9A購01  ,0,0,0,0,0,0,0,0,0,-686000,0,0,0,10000,696000,-686000,-686000
062183,奇鋐元大9B購01  ,0,0,0,0,0,0,0,0,0,-687000,0,0,0,496000,1183000,-687000,-687000
061553,南電群益9A購03  ,0,0,0,0,0,0,0,0,0,-691000,0,0,0,14000,705000,-691000,-691000
060918,康友國泰9C購01  ,0,0,0,0,0,0,0,0,0,-697000,0,0,0,127000,824000,-697000,-697000
066121,道瓊反群益04購01,0,0,0,0,0,0,0,0,0,-700000,0,0,0,0,700000,-700000,-700000
1444,力麗            ,35000,733000,-698000,0,0,0,0,0,0,-8000,0,8000,-8000,0,0,0,-706000
08379P,台積電國泰02售02,0,0,0,0,0,0,0,0,0,-707000,0,0,0,1241000,1948000,-707000,-707000
058692,華邦電國票9B購01,0,0,0,0,0,0,0,0,0,-708000,0,0,0,0,708000,-708000,-708000
1310,台苯            ,31000,703000,-672000,0,0,0,0,0,0,-36000,0,3000,-3000,0,33000,-33000,-708000
03449B,臺股指元大01熊01,0,0,0,0,0,0,0,0,0,-716000,0,0,0,17000,733000,-716000,-716000
060252,緯穎元大9A購02  ,0,0,0,0,0,0,0,0,0,-716000,0,0,0,35000,751000,-716000,-716000
2605,新興            ,41000,710090,-669090,0,0,0,0,0,0,-51000,0,51000,-51000,0,0,0,-720090
06328P,台積電中信01售02,0,0,0,0,0,0,0,0,0,-721000,0,0,0,100000,821000,-721000,-721000
066008,大立光統一03購02,0,0,0,0,0,0,0,0,0,-723000,0,0,0,140000,863000,-723000,-723000
062060,奇鋐統一9C購01  ,0,0,0,0,0,0,0,0,0,-726000,0,0,0,447000,1173000,-726000,-726000
1319,東陽            ,112000,832500,-720500,0,0,0,0,0,0,-8000,0,8000,-8000,0,0,0,-728500
08610P,鴻海凱基9C售05  ,0,0,0,0,0,0,0,0,0,-732000,0,0,0,21000,753000,-732000,-732000
064257,台勝科國泰01購01,0,0,0,0,0,0,0,0,0,-733000,0,0,0,85000,818000,-733000,-733000
2929,淘帝-KY         ,279000,1012000,-733000,0,0,0,0,0,0,-1000,0,0,0,0,1000,-1000,-734000
2328,廣宇            ,234000,965000,-731000,0,0,0,0,0,0,-6000,0,6000,-6000,0,0,0,-737000
063143,嘉澤統一9B購02  ,0,0,0,0,0,0,0,0,0,-738000,0,0,0,62000,800000,-738000,-738000
3596,智易            ,352000,587500,-235500,0,0,0,0,466000,-466000,-37000,8000,4000,4000,3000,44000,-41000,-738500
03432B,臺股指凱基98熊13,0,0,0,0,0,0,0,0,0,-739000,0,0,0,510000,1249000,-739000,-739000
066213,惠特統一03購01  ,0,0,0,0,0,0,0,0,0,-744000,0,0,0,82000,826000,-744000,-744000
061949,大立光群益9B購03,0,0,0,0,0,0,0,0,0,-744000,0,0,0,0,744000,-744000,-744000
2493,揚博            ,22000,765000,-743000,0,0,0,0,0,0,-5000,0,5000,-5000,0,0,0,-748000
2338,光罩            ,339000,958000,-619000,0,0,0,0,0,0,-132000,0,15000,-15000,20000,137000,-117000,-751000
9933,中鼎            ,307000,1064000,-757000,0,0,0,0,0,0,3000,0,5000,-5000,8000,0,8000,-754000
8016,矽創            ,110000,703500,-593500,0,0,0,0,0,0,-162000,0,2000,-2000,7000,167000,-160000,-755500
07021P,台積電富邦9C售02,0,0,0,0,0,0,0,0,0,-762000,0,0,0,630000,1392000,-762000,-762000
4943,康控-KY         ,912000,1542141,-630141,0,0,0,0,0,0,-134000,109000,129000,-20000,308000,422000,-114000,-764141
062679,技嘉統一01購01  ,0,0,0,0,0,0,0,0,0,-768000,0,0,0,284000,1052000,-768000,-768000
063488,金像電國泰01購01,0,0,0,0,0,0,0,0,0,-768000,0,0,0,75000,843000,-768000,-768000
059957,中信金康和99購01,0,0,0,0,0,0,0,0,0,-771000,0,0,0,300000,1071000,-771000,-771000
064477,南六國泰02購01  ,0,0,0,0,0,0,0,0,0,-771000,0,0,0,13000,784000,-771000,-771000
2102,泰豐            ,1012000,1600000,-588000,0,0,0,0,0,0,-184000,25000,77000,-52000,0,132000,-132000,-772000
059140,大立光兆豐9A購02,0,0,0,0,0,0,0,0,0,-774000,0,0,0,64000,838000,-774000,-774000
2406,國碩            ,66000,766000,-700000,0,0,0,0,0,0,-81000,0,81000,-81000,0,0,0,-781000
3090,日電貿          ,1741000,1258000,483000,0,0,0,0,0,0,-1265000,0,26000,-26000,0,1239000,-1239000,-782000
6176,瑞儀            ,760000,1338000,-578000,0,0,0,0,169000,-169000,-36000,24000,54000,-30000,7000,13000,-6000,-783000
063146,南六統一9B購02  ,0,0,0,0,0,0,0,0,0,-784000,0,0,0,98000,882000,-784000,-784000
2401,凌陽            ,275000,1256000,-981000,0,0,0,0,0,0,192000,256000,64000,192000,0,0,0,-789000
08454P,台灣50凱基9C售12,0,0,0,0,0,0,0,0,0,-790000,0,0,0,10000,800000,-790000,-790000
060890,大立光統一01購01,0,0,0,0,0,0,0,0,0,-793000,0,0,0,28000,821000,-793000,-793000
2855,統一證          ,345000,1140500,-795500,0,0,0,0,0,0,0,0,0,0,0,0,0,-795500
063437,聚陽統一01購01  ,0,0,0,0,0,0,0,0,0,-797000,0,0,0,815000,1612000,-797000,-797000
063862,世紀鋼國泰02購01,0,0,0,0,0,0,0,0,0,-803000,0,0,0,158000,961000,-803000,-803000
043442,大立光台新01購01,0,0,0,0,0,0,0,0,0,-806000,0,0,0,0,806000,-806000,-806000
08453P,玉晶光台新9C售02,0,0,0,0,0,0,0,0,0,-808000,0,0,0,267000,1075000,-808000,-808000
064049,信邦統一01購01  ,0,0,0,0,0,0,0,0,0,-813000,0,0,0,28000,841000,-813000,-813000
2375,凱美            ,102000,905000,-803000,0,0,0,0,0,0,-21000,0,1000,-1000,0,20000,-20000,-824000
065604,聯發科元大9C購17,0,0,0,0,0,0,0,0,0,-825000,0,0,0,117000,942000,-825000,-825000
065078,台積電元大02購01,0,0,0,0,0,0,0,0,0,-826000,0,0,0,3116000,3942000,-826000,-826000
1434,福懋            ,623000,3273631,-2650631,0,0,0,0,9000,-9000,1830000,120000,5000,115000,1715000,0,1715000,-829631
5521,工信            ,217000,1062000,-845000,0,0,0,0,0,0,0,0,0,0,0,0,0,-845000
07194P,聯發科元大99售25,0,0,0,0,0,0,0,0,0,-849000,0,0,0,430000,1279000,-849000,-849000
066770,上証2X富邦02購02,0,0,0,0,0,0,0,0,0,-855000,0,0,0,0,855000,-855000,-855000
1762,中化生          ,488000,1341000,-853000,0,0,0,0,0,0,-3000,3000,11000,-8000,5000,0,5000,-856000
066682,聯詠兆豐03購01  ,0,0,0,0,0,0,0,0,0,-861000,0,0,0,12000,873000,-861000,-861000
061969,大立光統一01購02,0,0,0,0,0,0,0,0,0,-861000,0,0,0,158000,1019000,-861000,-861000
6592,和潤企業        ,121000,1128000,-1007000,0,0,0,0,0,0,141000,116000,1000,115000,73000,47000,26000,-866000
3026,禾伸堂          ,632000,1598500,-966500,0,0,0,0,0,0,100000,150000,11000,139000,50000,89000,-39000,-866500
066629,國揚凱基01購01  ,0,0,0,0,0,0,0,0,0,-875000,0,0,0,179000,1054000,-875000,-875000
054079,鴻海中信98購02  ,0,0,0,0,0,0,0,0,0,-891000,0,0,0,181000,1072000,-891000,-891000
3059,華晶科          ,542000,1384000,-842000,0,0,0,0,0,0,-49000,0,49000,-49000,0,0,0,-891000
1905,華紙            ,638000,1531000,-893000,0,0,0,0,0,0,-5000,0,5000,-5000,0,0,0,-898000
6271,同欣電          ,396000,1095385,-699385,0,0,0,271000,0,271000,-474000,15000,286000,-271000,11000,214000,-203000,-902385
058188,華擎永豐99購01  ,0,0,0,0,0,0,0,0,0,-907000,0,0,0,272000,1179000,-907000,-907000
2456,奇力新          ,293000,1170612,-877612,0,0,0,0,20000,-20000,-11000,10000,3000,7000,5000,23000,-18000,-908612
066720,滬深2X元大01購07,0,0,0,0,0,0,0,0,0,-920000,0,0,0,0,920000,-920000,-920000
8112,至上            ,214000,1136000,-922000,0,0,0,0,0,0,-4000,0,4000,-4000,0,0,0,-926000
2474,可成            ,520000,1290759,-770759,0,0,0,0,84907,-84907,-74000,8000,47000,-39000,25000,60000,-35000,-929666
08740P,創意康和01售03  ,0,0,0,0,0,0,0,0,0,-936000,0,0,0,70000,1006000,-936000,-936000
00640L,富邦日本正2     ,0,0,0,0,0,0,0,0,0,-937000,0,0,0,392000,1329000,-937000,-937000
065376,京鼎元大9C購02  ,0,0,0,0,0,0,0,0,0,-940000,0,0,0,177000,1117000,-940000,-940000
064842,南六統一9C購04  ,0,0,0,0,0,0,0,0,0,-941000,0,0,0,144000,1085000,-941000,-941000
2201,裕隆            ,1330000,1990000,-660000,0,0,0,0,400000,-400000,116000,20000,26000,-6000,289000,167000,122000,-944000
08131P,立積元大9B售02  ,0,0,0,0,0,0,0,0,0,-950000,0,0,0,25000,975000,-950000,-950000
066538,信邦兆豐03購01  ,0,0,0,0,0,0,0,0,0,-952000,0,0,0,0,952000,-952000,-952000
1304,台聚            ,56000,1003176,-947176,0,0,0,0,0,0,-6000,0,6000,-6000,0,0,0,-953176
2103,台橡            ,65200,1014246,-949046,0,0,0,0,0,0,-6000,0,6000,-6000,0,0,0,-955046
064733,南六統一9C購03  ,0,0,0,0,0,0,0,0,0,-964000,0,0,0,30000,994000,-964000,-964000
061372,世紀鋼國泰9C購01,0,0,0,0,0,0,0,0,0,-972000,0,0,0,269000,1241000,-972000,-972000
057694,臺股指凱基98購12,0,0,0,0,0,0,0,0,0,-988000,0,0,0,0,988000,-988000,-988000
2547,日勝生          ,75000,1063081,-988081,0,0,0,0,0,0,-1000,0,1000,-1000,0,0,0,-989081
1760,寶齡富錦        ,685000,1663000,-978000,0,0,0,0,0,0,-20000,3000,33000,-30000,10000,0,10000,-998000
1711,永光            ,818000,1831000,-1013000,0,0,0,0,0,0,15000,0,3000,-3000,18000,0,18000,-998000
07170P,臺股指國票99售07,0,0,0,0,0,0,0,0,0,-1005000,0,0,0,228000,1233000,-1005000,-1005000
051369,新光金富邦9A購01,0,0,0,0,0,0,0,0,0,-1008000,0,0,0,0,1008000,-1008000,-1008000
053799,矽創中信9A購01  ,0,0,0,0,0,0,0,0,0,-1010000,0,0,0,80000,1090000,-1010000,-1010000
08405P,聯發科元大9C售11,0,0,0,0,0,0,0,0,0,-1013000,0,0,0,478000,1491000,-1013000,-1013000
1909,榮成            ,585000,1815000,-1230000,0,0,0,0,0,0,213000,230000,17000,213000,0,0,0,-1017000
6552,易華電          ,142000,1101000,-959000,0,0,0,0,0,0,-61000,0,2000,-2000,2000,61000,-59000,-1020000
2812,台中銀          ,276000,1276842,-1000842,0,0,0,0,0,0,-20000,0,20000,-20000,0,0,0,-1020842
2515,中工            ,1291000,2338000,-1047000,0,0,0,0,0,0,16000,0,27000,-27000,94000,51000,43000,-1031000
2489,瑞軒            ,226000,1296000,-1070000,0,0,0,0,0,0,34000,50000,16000,34000,0,0,0,-1036000
066239,拓凱富邦02購01  ,0,0,0,0,0,0,0,0,0,-1039000,0,0,0,123000,1162000,-1039000,-1039000
2887,台新金          ,4317106,5482636,-1165530,0,0,0,0,51000,-51000,175000,0,60000,-60000,265000,30000,235000,-1041530
2609,陽明            ,246000,1289000,-1043000,0,0,0,0,0,0,0,0,0,0,0,0,0,-1043000
065012,燿華國泰02購01  ,0,0,0,0,0,0,0,0,0,-1044000,0,0,0,201000,1245000,-1044000,-1044000
08337P,台灣50凱基01售15,0,0,0,0,0,0,0,0,0,-1047000,0,0,0,150000,1197000,-1047000,-1047000
08276P,可成元富9C售02  ,0,0,0,0,0,0,0,0,0,-1050000,0,0,0,50000,1100000,-1050000,-1050000
061775,臺指反國票9B購04,0,0,0,0,0,0,0,0,0,-1050000,0,0,0,0,1050000,-1050000,-1050000
4956,光鋐            ,236000,1285000,-1049000,0,0,0,0,0,0,-3000,0,3000,-3000,0,0,0,-1052000
2101,南港            ,471000,1424187,-953187,0,0,0,0,0,0,-100000,0,3000,-3000,24000,121000,-97000,-1053187
06666P,台積電日盛9A售02,0,0,0,0,0,0,0,0,0,-1065000,0,0,0,70000,1135000,-1065000,-1065000
062597,世紀鋼統一01購01,0,0,0,0,0,0,0,0,0,-1073000,0,0,0,0,1073000,-1073000,-1073000
0056,元大高股息      ,23000,69000,-46000,0,0,0,0,80000,-80000,-953000,0,0,0,1016000,1969000,-953000,-1079000
2340,光磊            ,98000,1147000,-1049000,0,0,0,0,0,0,-31000,0,21000,-21000,0,10000,-10000,-1080000
058928,國巨統一9C購01  ,0,0,0,0,0,0,0,0,0,-1086000,0,0,0,640000,1726000,-1086000,-1086000
6505,台塑化          ,165000,1129616,-964616,0,0,0,0,88926,-88926,-39000,0,36000,-36000,0,3000,-3000,-1092542
08748P,台積電元富07售02,0,0,0,0,0,0,0,0,0,-1094000,0,0,0,8000,1102000,-1094000,-1094000
2504,國產            ,2055000,1987500,67500,0,0,0,0,538000,-538000,-646000,0,407000,-407000,0,239000,-239000,-1116500
066370,帆宣中信01購01  ,0,0,0,0,0,0,0,0,0,-1118000,0,0,0,0,1118000,-1118000,-1118000
07597P,臺股指中信01售02,0,0,0,0,0,0,0,0,0,-1118000,0,0,0,1366000,2484000,-1118000,-1118000
1536,和大            ,183000,928000,-745000,0,0,0,0,210000,-210000,-166000,1000,104000,-103000,1000,64000,-63000,-1121000
9938,百和            ,122000,1070000,-948000,0,0,0,0,225000,-225000,49000,42000,4000,38000,14000,3000,11000,-1124000
066535,台積電兆豐01購01,0,0,0,0,0,0,0,0,0,-1125000,0,0,0,116000,1241000,-1125000,-1125000
064579,大立光富邦03購02,0,0,0,0,0,0,0,0,0,-1125000,0,0,0,446000,1571000,-1125000,-1125000
03875P,滬深2X國票05售01,0,0,0,0,0,0,0,0,0,-1131000,0,0,0,0,1131000,-1131000,-1131000
1701,中化            ,951000,1839000,-888000,0,0,0,0,0,0,-255000,13000,11000,2000,0,257000,-257000,-1143000
053117,大立光中信9A購02,0,0,0,0,0,0,0,0,0,-1160000,0,0,0,0,1160000,-1160000,-1160000
4106,雃博            ,747050,1934000,-1186950,0,0,0,0,0,0,0,4000,4000,0,0,0,0,-1186950
2104,國際中橡        ,276000,1419103,-1143103,0,0,0,0,0,0,-57000,0,8000,-8000,3000,52000,-49000,-1200103
2329,華泰            ,178000,1381000,-1203000,0,0,0,0,0,0,-5000,0,4000,-4000,0,1000,-1000,-1208000
00676R,富邦臺灣加權反1 ,0,0,0,0,0,0,0,0,0,-1210000,0,0,0,767000,1977000,-1210000,-1210000
00715L,街口布蘭特油正2 ,1000,0,1000,0,0,0,0,0,0,-1224000,0,0,0,0,1224000,-1224000,-1223000
00693U,街口S&P黃豆     ,0,564000,-564000,0,0,0,0,0,0,-660000,0,0,0,56000,716000,-660000,-1224000
2498,宏達電          ,1319000,2248991,-929991,0,0,0,0,0,0,-295000,14000,14000,0,18000,313000,-295000,-1224991
065828,大立光凱基06購01,0,0,0,0,0,0,0,0,0,-1232000,0,0,0,100000,1332000,-1232000,-1232000
2511,太子            ,193000,1434400,-1241400,0,0,0,0,0,0,-7000,0,7000,-7000,0,0,0,-1248400
03649C,T50反1凱基99牛05,0,0,0,0,0,0,0,0,0,-1250000,0,0,0,33000,1283000,-1250000,-1250000
1313,聯成            ,65000,1313000,-1248000,0,0,0,0,0,0,-8000,0,8000,-8000,0,0,0,-1256000
3380,明泰            ,349000,1832000,-1483000,0,0,0,0,0,0,224000,264000,8000,256000,45000,77000,-32000,-1259000
4532,瑞智            ,281000,1533000,-1252000,0,0,0,0,0,0,-10000,0,10000,-10000,0,0,0,-1262000
062013,奇鋐富邦9B購01  ,0,0,0,0,0,0,0,0,0,-1266000,0,0,0,111000,1377000,-1266000,-1266000
08644P,臺股指中信02售02,0,0,0,0,0,0,0,0,0,-1274000,0,0,0,156000,1430000,-1274000,-1274000
2478,大毅            ,1041000,2534000,-1493000,0,0,0,0,0,0,214000,0,10000,-10000,276000,52000,224000,-1279000
1795,美時            ,234050,1530000,-1295950,0,0,0,0,0,0,-1000,0,1000,-1000,0,0,0,-1296950
063584,南六國泰01購01  ,0,0,0,0,0,0,0,0,0,-1297000,0,0,0,9000,1306000,-1297000,-1297000
2383,台光電          ,714000,1072500,-358500,0,0,0,0,444000,-444000,-500000,72000,582000,-510000,20000,10000,10000,-1302500
03451B,臺股指凱基9C熊23,0,0,0,0,0,0,0,0,0,-1350000,0,0,0,349000,1699000,-1350000,-1350000
066606,聯詠永豐01購01  ,0,0,0,0,0,0,0,0,0,-1478000,0,0,0,0,1478000,-1478000,-1478000
00708L,元大S&P黃金正2  ,41000,270000,-229000,0,0,0,0,0,0,-1251000,0,0,0,1757000,3008000,-1251000,-1480000
054633,臺股指凱基9A購02,0,0,0,0,0,0,0,0,0,-1490000,0,0,0,38000,1528000,-1490000,-1490000
5876,上海商銀        ,1391000,2928000,-1537000,0,0,0,0,4302,-4302,41000,0,16000,-16000,75000,18000,57000,-1500302
063824,S&P反1國票9C購01,0,0,0,0,0,0,0,0,0,-1507000,0,0,0,22000,1529000,-1507000,-1507000
2108,南帝            ,465000,2012000,-1547000,0,0,0,0,0,0,34000,120000,76000,44000,52000,62000,-10000,-1513000
064996,T50反1國票01購03,0,0,0,0,0,0,0,0,0,-1550000,0,0,0,499000,2049000,-1550000,-1550000
066774,聯詠富邦03購01  ,0,0,0,0,0,0,0,0,0,-1596000,0,0,0,416000,2012000,-1596000,-1596000
058781,康友國票9A購01  ,0,0,0,0,0,0,0,0,0,-1597000,0,0,0,171000,1768000,-1597000,-1597000
065315,玉晶光中信03購02,0,0,0,0,0,0,0,0,0,-1619000,0,0,0,951000,2570000,-1619000,-1619000
06849P,欣興元大98售12  ,0,0,0,0,0,0,0,0,0,-1640000,0,0,0,160000,1800000,-1640000,-1640000
1515,力山            ,300000,1371000,-1071000,0,0,0,0,480000,-480000,-99000,74000,150000,-76000,58000,81000,-23000,-1650000
2845,遠東銀          ,11000,1638129,-1627129,0,0,0,0,11000,-11000,-22000,0,12000,-12000,0,10000,-10000,-1660129
8926,台汽電          ,246000,1553500,-1307500,0,0,0,0,1000,-1000,-355000,0,2000,-2000,138000,491000,-353000,-1663500
3576,聯合再生        ,6245000,7914000,-1669000,0,0,0,0,0,0,0,0,0,0,0,0,0,-1669000
1402,遠東新          ,1817000,3290570,-1473570,0,0,0,0,21000,-21000,-187000,10000,154000,-144000,49000,92000,-43000,-1681570
062426,大立光統一02購02,0,0,0,0,0,0,0,0,0,-1731000,0,0,0,438000,2169000,-1731000,-1731000
2601,益航            ,73000,1800000,-1727000,0,0,0,0,0,0,-4000,0,4000,-4000,0,0,0,-1731000
1718,中纖            ,220000,1940000,-1720000,0,0,0,0,0,0,-18000,0,18000,-18000,0,0,0,-1738000
2881,富邦金          ,1547000,3187682,-1640682,0,0,0,0,59561,-59561,-52000,0,29000,-29000,26000,49000,-23000,-1752243
6251,定穎            ,835000,2598000,-1763000,0,0,0,0,0,0,-6000,0,6000,-6000,0,0,0,-1769000
1216,統一            ,3440000,4922083,-1482083,0,0,0,0,251109,-251109,-40000,2000,2000,0,35000,75000,-40000,-1773192
2882,國泰金          ,3518000,5208942,-1690942,0,0,0,0,56787,-56787,-51000,0,0,0,103000,154000,-51000,-1798729
064703,T50反1國泰01購01,0,0,0,0,0,0,0,0,0,-1816000,0,0,0,378000,2194000,-1816000,-1816000
064237,奇鋐統一01購01  ,0,0,0,0,0,0,0,0,0,-1824000,0,0,0,213000,2037000,-1824000,-1824000
058261,大立光富邦03購01,0,0,0,0,0,0,0,0,0,-1912000,0,0,0,0,1912000,-1912000,-1912000
2801,彰銀            ,324000,2165552,-1841552,0,0,0,0,35000,-35000,-39000,0,24000,-24000,0,15000,-15000,-1915552
3019,亞光            ,581000,2048000,-1467000,0,0,0,0,0,0,-455000,38000,339000,-301000,53000,207000,-154000,-1922000
2542,興富發          ,259000,2226587,-1967587,0,0,0,0,0,0,15000,20000,5000,15000,0,0,0,-1952587
3338,泰碩            ,368000,1078000,-710000,0,0,0,0,972000,-972000,-275000,10000,85000,-75000,10000,210000,-200000,-1957000
066617,鎧勝康和01購01  ,0,0,0,0,0,0,0,0,0,-1974000,0,0,0,110000,2084000,-1974000,-1974000
07861P,台灣50中信03售08,0,0,0,0,0,0,0,0,0,-1987000,0,0,0,13000,2000000,-1987000,-1987000
2436,偉詮電          ,1282000,3270000,-1988000,0,0,0,0,0,0,-1000,2000,3000,-1000,0,0,0,-1989000
1303,南亞            ,1808000,3738910,-1930910,0,0,0,0,50004,-50004,-56000,0,28000,-28000,0,28000,-28000,-2036914
2105,正新            ,835000,1794340,-959340,0,0,0,0,1007000,-1007000,-74000,0,70000,-70000,0,4000,-4000,-2040340
6153,嘉聯益          ,609000,2430420,-1821420,0,0,0,0,0,0,-223000,223000,185000,38000,10000,271000,-261000,-2044420
059024,大立光統一9B購04,0,0,0,0,0,0,0,0,0,-2071000,0,0,0,716000,2787000,-2071000,-2071000
00712,FH富時不動產    ,22000,904000,-882000,0,0,0,0,0,0,-1241000,0,0,0,99000,1340000,-1241000,-2123000
6213,聯茂            ,1343867,1416667,-72800,0,0,0,12000,2053657,-2041657,-10000,68000,35000,33000,5000,48000,-43000,-2124457
057282,大立光元大99購06,0,0,0,0,0,0,0,0,0,-2332000,0,0,0,412000,2744000,-2332000,-2332000
1504,東元            ,1215000,3609500,-2394500,0,0,0,0,9000,-9000,-7000,0,7000,-7000,14000,14000,0,-2410500
00633L,富邦上証正2     ,54000,1070000,-1016000,0,0,0,0,0,0,-1424000,50000,650000,-600000,4807000,5631000,-824000,-2440000
1717,長興            ,504000,2754226,-2250226,0,0,0,0,4000,-4000,-187000,5000,206000,-201000,31000,17000,14000,-2441226
4938,和碩            ,817000,3126756,-2309756,0,0,0,1000,40000,-39000,-100000,2000,13000,-11000,8000,97000,-89000,-2448756
2841,台開            ,102000,2568000,-2466000,0,0,0,0,0,0,-9000,0,9000,-9000,0,0,0,-2475000
1605,華新            ,483000,2502000,-2019000,0,0,0,0,4000,-4000,-490000,8000,29000,-21000,85000,554000,-469000,-2513000
066099,大立光中信05購01,0,0,0,0,0,0,0,0,0,-2527000,0,0,0,262000,2789000,-2527000,-2527000
050077,臺股指凱基99購02,0,0,0,0,0,0,0,0,0,-2534000,0,0,0,805000,3339000,-2534000,-2534000
046628,大立光統一98購01,0,0,0,0,0,0,0,0,0,-2565000,0,0,0,277000,2842000,-2565000,-2565000
4958,臻鼎-KY         ,1518000,4153665,-2635665,0,0,0,360000,86000,274000,-238000,143000,244000,-101000,7000,144000,-137000,-2599665
2867,三商壽          ,124000,2721651,-2597651,0,0,0,0,0,0,-11000,0,11000,-11000,0,0,0,-2608651
064918,中信金統一02購01,0,0,0,0,0,0,0,0,0,-2675000,0,0,0,340000,3015000,-2675000,-2675000
059091,中信金元大99購01,0,0,0,0,0,0,0,0,0,-2723000,0,0,0,0,2723000,-2723000,-2723000
2356,英業達          ,1982000,8405913,-6423913,0,0,0,4090000,16000,4074000,-394000,0,357000,-357000,33000,70000,-37000,-2743913
2327,國巨            ,946850,3463000,-2516150,0,0,0,0,22496,-22496,-231995,24000,170000,-146000,20000,105995,-85995,-2770641
2392,正崴            ,1724000,4007500,-2283500,0,0,0,0,0,0,-577000,40000,203000,-163000,171000,585000,-414000,-2860500
2912,統一超          ,703000,3595946,-2892946,0,0,0,0,33000,-33000,44000,50000,5000,45000,0,1000,-1000,-2881946
2454,聯發科          ,4769619,7879011,-3109392,0,0,0,139600,89913,49687,132005,513000,489000,24000,196000,87995,108005,-2927700
2823,中壽            ,1156000,4118000,-2962000,0,0,0,0,17000,-17000,16000,4000,15000,-11000,132000,105000,27000,-2963000
00642U,元大S&P石油     ,41000,179000,-138000,0,0,0,0,0,0,-2881000,0,0,0,400000,3281000,-2881000,-3019000
065621,聯發科第一9C購01,0,0,0,0,0,0,0,0,0,-3039000,0,0,0,85000,3124000,-3039000,-3039000
6005,群益證          ,1209000,4242350,-3033350,0,0,0,0,8000,-8000,0,0,0,0,0,0,0,-3041350
4119,旭富            ,286000,3167000,-2881000,0,0,0,0,0,0,-171000,26000,49000,-23000,141000,289000,-148000,-3052000
1609,大亞            ,149000,3237000,-3088000,0,0,0,0,1000,-1000,-6000,0,6000,-6000,0,0,0,-3095000
065119,大立光富邦03購03,0,0,0,0,0,0,0,0,0,-3192000,0,0,0,398000,3590000,-3192000,-3192000
3049,和鑫            ,261000,3478000,-3217000,0,0,0,0,0,0,-21000,0,7000,-7000,0,14000,-14000,-3238000
2889,國票金          ,471000,3722381,-3251381,0,0,0,0,0,0,-26000,0,26000,-26000,0,0,0,-3277381
2027,大成鋼          ,264000,3159420,-2895420,0,0,0,0,0,0,-398000,10000,18000,-8000,94000,484000,-390000,-3293420
061297,台積電富邦9C購09,0,0,0,0,0,0,0,0,0,-3334000,0,0,0,5000,3339000,-3334000,-3334000
4915,致伸            ,1123000,4400500,-3277500,0,0,0,0,0,0,-91000,0,1000,-1000,2000,92000,-90000,-3368500
2481,強茂            ,710000,4014000,-3304000,0,0,0,0,0,0,-85000,0,40000,-40000,13000,58000,-45000,-3389000
2884,玉山金          ,7597000,11275586,-3678586,0,0,0,0,56000,-56000,333000,390000,27000,363000,0,30000,-30000,-3401586
2409,友達            ,18051520,16939000,1112520,0,0,0,74000,838000,-764000,-3764000,50000,2375000,-2325000,186000,1625000,-1439000,-3415480
2633,台灣高鐵        ,514000,3891102,-3377102,0,0,0,0,11000,-11000,-68000,0,12000,-12000,12000,68000,-56000,-3456102
00671R,富邦NASDAQ反1   ,0,32000,-32000,0,0,0,0,0,0,-3464000,0,0,0,0,3464000,-3464000,-3496000
03414B,臺股指凱基99熊01,0,100000,-100000,0,0,0,0,0,0,-3411000,0,0,0,1598000,5009000,-3411000,-3511000
2367,燿華            ,1673000,3822000,-2149000,0,0,0,0,0,0,-1371000,40000,30000,10000,319000,1700000,-1381000,-3520000
1301,台塑            ,948000,4601840,-3653840,0,0,0,0,103762,-103762,-47000,2000,28000,-26000,0,21000,-21000,-3804602
2353,宏碁            ,1206252,4144656,-2938404,0,0,0,2000,11000,-9000,-954000,0,630000,-630000,52000,376000,-324000,-3901404
1314,中石化          ,1077000,4662175,-3585175,0,0,0,0,3000,-3000,-320000,0,7000,-7000,1000,314000,-313000,-3908175
1326,台化            ,952000,4837913,-3885913,0,0,0,0,35476,-35476,-36000,8000,22000,-14000,3000,25000,-22000,-3957389
1102,亞泥            ,1832000,5645164,-3813164,0,0,0,0,12000,-12000,-236000,14000,256000,-242000,157000,151000,6000,-4061164
2610,華航            ,945000,5210000,-4265000,0,0,0,0,6000,-6000,-78000,50000,17000,33000,0,111000,-111000,-4349000
6116,彩晶            ,677000,4659500,-3982500,0,0,0,0,0,0,-460000,12000,89000,-77000,1000,384000,-383000,-4442500
2618,長榮航          ,2350000,6689740,-4339740,0,0,0,0,15000,-15000,-146000,24000,219000,-195000,159000,110000,49000,-4500740
07486P,上証2X國票9B售02,0,0,0,0,0,0,0,0,0,-4516000,0,0,0,0,4516000,-4516000,-4516000
2312,金寶            ,1872000,6258500,-4386500,0,0,0,0,0,0,-206000,0,4000,-4000,50000,252000,-202000,-4592500
00669R,國泰美國道瓊反1 ,341000,969000,-628000,0,0,0,0,0,0,-4057000,0,0,0,3247000,7304000,-4057000,-4685000
2886,兆豐金          ,3588000,8678040,-5090040,0,0,0,0,70751,-70751,307000,400000,61000,339000,13000,45000,-32000,-4853791
2834,臺企銀          ,514000,5254828,-4740828,0,0,0,0,25000,-25000,-88000,0,16000,-16000,21000,93000,-72000,-4853828
9904,寶成            ,2509000,5467602,-2958602,0,0,0,0,1814000,-1814000,-240000,108000,210000,-102000,0,138000,-138000,-5012602
1312,國喬            ,824000,6122500,-5298500,0,0,0,0,0,0,-24000,0,21000,-21000,10000,13000,-3000,-5322500
2002,中鋼            ,1955000,7185115,-5230115,0,0,0,0,67000,-67000,-163000,0,113000,-113000,0,50000,-50000,-5460115
2505,國揚            ,1633000,6103000,-4470000,0,0,0,0,0,0,-1135000,46000,752000,-706000,227000,656000,-429000,-5605000
3481,群創            ,48377950,48183940,194010,0,0,0,0,0,0,-6042000,86000,2772000,-2686000,303000,3659000,-3356000,-5847990
2337,旺宏            ,2287000,7818268,-5531268,0,0,0,1000,0,1000,-402000,164000,103000,61000,69000,532000,-463000,-5932268
053118,大立光中信9C購01,0,0,0,0,0,0,0,0,0,-6250000,0,0,0,0,6250000,-6250000,-6250000
2883,開發金          ,5244000,11246730,-6002730,0,0,0,0,113000,-113000,-201000,4000,62000,-58000,0,143000,-143000,-6316730
2408,南亞科          ,1323000,7851160,-6528160,0,0,0,0,181456,-181456,-449000,30000,258000,-228000,28000,249000,-221000,-7158616
2885,元大金          ,7971400,15212582,-7241182,0,0,0,0,78000,-78000,75000,154000,40000,114000,1000,40000,-39000,-7244182
2603,長榮            ,651000,4244425,-3593425,0,0,0,0,6039000,-6039000,559000,572000,42000,530000,29000,0,29000,-9073425
00852L,國泰美國道瓊正2 ,0,0,0,0,0,0,0,0,0,-9477000,0,0,0,3624000,13101000,-9477000,-9477000
2344,華邦電          ,1460000,12937500,-11477500,0,0,0,2000,5000,-3000,-341000,80000,339000,-259000,65000,147000,-82000,-11821500
2313,華通            ,3531000,6882500,-3351500,0,0,0,0,7483000,-7483000,-1783000,480000,1277000,-797000,84000,1070000,-986000,-12617500
00637L,元大滬深300正2  ,7589000,15664000,-8075000,0,0,0,0,0,0,-6247000,130000,2000000,-1870000,21436000,25813000,-4377000,-14322000
2888,新光金          ,3409166,17500128,-14090962,0,0,0,0,62000,-62000,-551000,100000,59000,41000,539000,1131000,-592000,-14703962
2891,中信金          ,9941000,39093629,-29152629,0,0,0,0,117454,-117454,4889000,764000,7890000,-7126000,12298000,283000,12015000,-24381083
00632R,元大台灣50反1   ,9146000,7693000,1453000,0,0,0,0,0,0,-51107000,993000,1700000,-707000,14201000,64601000,-50400000,-49654000
