證券代號,證券名稱,外陸資買進股數(不含外資自營商),外陸資賣出股數(不含外資自營商),外陸資買賣超股數(不含外資自營商),外資自營商買進股數,外資自營商賣出股數,外資自營商買賣超股數,投信買進股數,投信賣出股數,投信買賣超股數,自營商買賣超股數,自營商買進股數(自行買賣),自營商賣出股數(自行買賣),自營商買賣超股數(自行買賣),自營商買進股數(避險),自營商賣出股數(避險),自營商買賣超股數(避險),三大法人買賣超股數
00632R,元大台灣50反1   ,10918000,580000,10338000,0,0,0,0,0,0,7821000,407000,784000,-377000,20337000,12139000,8198000,18159000
2303,聯電            ,53827476,30719078,23108398,0,0,0,3917000,9000,3908000,-9861000,1191000,13908000,-12717000,3405000,549000,2856000,17155398
3231,緯創            ,14484384,12464000,2020384,0,0,0,1681943,7000,1674943,3757000,2424000,585000,1839000,2078000,160000,1918000,7452327
2504,國產            ,6595000,1616000,4979000,0,0,0,1660000,0,1660000,-142000,84000,183000,-99000,1000,44000,-43000,6497000
9904,寶成            ,10098472,5487349,4611123,0,0,0,1353000,0,1353000,319000,2000,663000,-661000,1049000,69000,980000,6283123
2603,長榮            ,4211500,1872822,2338678,0,0,0,21000,0,21000,3648000,3716000,77000,3639000,9000,0,9000,6007678
2317,鴻海            ,17330113,13849657,3480456,0,0,0,0,278000,-278000,2776000,406000,141000,265000,2839000,328000,2511000,5978456
07486P,上証2X國票9B售02,0,0,0,0,0,0,0,0,0,5509000,0,0,0,5509000,0,5509000,5509000
2505,國揚            ,6545000,1853000,4692000,0,0,0,0,66099,-66099,660000,1000,39000,-38000,751000,53000,698000,5285901
045873,元油2X元富98購04,0,0,0,0,0,0,0,0,0,5210000,0,0,0,5210000,0,5210000,5210000
2347,聯強            ,5638504,959000,4679504,0,0,0,1332000,0,1332000,-1106000,16000,1123000,-1107000,77000,76000,1000,4905504
2834,臺企銀          ,7882136,3595000,4287136,0,0,0,29000,0,29000,-182000,0,106000,-106000,0,76000,-76000,4134136
064445,聚陽統一02購01  ,0,0,0,0,0,0,0,0,0,3393000,0,0,0,3506000,113000,3393000,3393000
1714,和桐            ,5164000,1773000,3391000,0,0,0,0,0,0,-28000,2000,30000,-28000,0,0,0,3363000
6456,GIS-KY          ,7954000,4587000,3367000,0,0,0,109000,404000,-295000,203000,258000,218000,40000,507000,344000,163000,3275000
2356,英業達          ,8297760,5186005,3111755,0,0,0,16000,318220,-302220,208000,424000,65000,359000,118000,269000,-151000,3017535
3189,景碩            ,4045000,2110000,1935000,0,0,0,996000,0,996000,-37000,77000,123000,-46000,89000,80000,9000,2894000
2882,國泰金          ,6102028,4620000,1482028,0,0,0,1379000,0,1379000,-46000,0,20000,-20000,8000,34000,-26000,2815028
8215,明基材          ,2745000,354000,2391000,0,0,0,19000,0,19000,256000,264000,8000,256000,0,0,0,2666000
08551P,台積電群益9C售12,0,0,0,0,0,0,0,0,0,2635000,0,0,0,2979000,344000,2635000,2635000
2412,中華電          ,5059274,2873362,2185912,0,0,0,543000,0,543000,-128000,52000,179000,-127000,0,1000,-1000,2600912
2886,兆豐金          ,6771516,6001305,770211,0,0,0,2269000,500000,1769000,40000,208000,86000,122000,0,82000,-82000,2579211
063439,正隆統一01購01  ,0,0,0,0,0,0,0,0,0,2579000,0,0,0,2794000,215000,2579000,2579000
2892,第一金          ,5758216,5825019,-66803,0,0,0,2747000,0,2747000,-103000,0,101000,-101000,0,2000,-2000,2577197
2308,台達電          ,7622831,4867804,2755027,0,0,0,136000,0,136000,-368000,0,371000,-371000,10000,7000,3000,2523027
00638R,元大滬深300反1  ,645000,0,645000,0,0,0,0,0,0,1872000,0,0,0,3055000,1183000,1872000,2517000
2313,華通            ,6244000,3172000,3072000,0,0,0,100000,510000,-410000,-264000,1097000,926000,171000,209000,644000,-435000,2398000
00852L,國泰美國道瓊正2 ,0,0,0,0,0,0,0,0,0,2330000,0,0,0,5824000,3494000,2330000,2330000
1402,遠東新          ,4926660,3690112,1236548,0,0,0,973000,0,973000,114000,47000,34000,13000,119000,18000,101000,2323548
052738,聯電元大98購02  ,0,0,0,0,0,0,0,0,0,2270000,0,0,0,2270000,0,2270000,2270000
2014,中鴻            ,2260000,267000,1993000,0,0,0,0,0,0,135000,164000,29000,135000,0,0,0,2128000
2377,微星            ,3419559,2479349,940210,0,0,0,1110000,88841,1021159,114000,117000,40000,77000,107000,70000,37000,2075369
062597,世紀鋼統一01購01,0,0,0,0,0,0,0,0,0,2044000,0,0,0,2202000,158000,2044000,2044000
6176,瑞儀            ,2587000,615000,1972000,0,0,0,170000,1000,169000,-115000,218000,340000,-122000,46000,39000,7000,2026000
2323,中環            ,2491000,417000,2074000,0,0,0,0,2000,-2000,-54000,131000,65000,66000,28000,148000,-120000,2018000
0056,元大高股息      ,30169,33000,-2831,0,0,0,0,92000,-92000,2074000,0,0,0,2898000,824000,2074000,1979169
066267,強茂元大01購02  ,0,0,0,0,0,0,0,0,0,1966000,0,0,0,2034000,68000,1966000,1966000
2520,冠德            ,1744000,676000,1068000,0,0,0,590000,0,590000,308000,191000,78000,113000,299000,104000,195000,1966000
6443,元晶            ,3335000,1488000,1847000,0,0,0,93000,0,93000,0,0,0,0,0,0,0,1940000
2102,泰豐            ,2420000,1361000,1059000,0,0,0,36000,0,36000,781000,1000,12000,-11000,802000,10000,792000,1876000
067028,上海銀兆豐03購01,0,0,0,0,0,0,0,0,0,1867000,0,0,0,1867000,0,1867000,1867000
00634R,富邦上証反1     ,366000,77000,289000,0,0,0,0,0,0,1555000,0,0,0,2093000,538000,1555000,1844000
9802,鈺齊-KY         ,2096000,935000,1161000,0,0,0,444000,0,444000,223000,34000,3000,31000,278000,86000,192000,1828000
3702,大聯大          ,2734856,1741000,993856,0,0,0,839000,0,839000,-46000,83000,37000,46000,0,92000,-92000,1786856
066266,強茂元大01購01  ,0,0,0,0,0,0,0,0,0,1774000,0,0,0,1809000,35000,1774000,1774000
1314,中石化          ,3436000,1442000,1994000,0,0,0,0,851200,-851200,561000,677000,76000,601000,0,40000,-40000,1703800
2812,台中銀          ,1481000,688882,792118,0,0,0,978000,0,978000,-75000,2000,77000,-75000,0,0,0,1695118
065530,亞德客統一9C購02,0,0,0,0,0,0,0,0,0,1640000,0,0,0,1893000,253000,1640000,1640000
2357,華碩            ,2276677,960555,1316122,0,0,0,555000,0,555000,-261000,14000,288000,-274000,31000,18000,13000,1610122
6005,群益證          ,1478000,570000,908000,0,0,0,572000,0,572000,0,0,0,0,0,0,0,1480000
08858P,台積電國票01售05,0,0,0,0,0,0,0,0,0,1429000,0,0,0,2303000,874000,1429000,1429000
2337,旺宏            ,4555000,3124000,1431000,0,0,0,0,3000,-3000,0,132000,376000,-244000,318000,74000,244000,1428000
2342,茂矽            ,2277000,848000,1429000,0,0,0,0,0,0,-5000,0,5000,-5000,0,0,0,1424000
066464,台郡統一02購02  ,0,5000,-5000,0,0,0,0,0,0,1396000,0,0,0,1702000,306000,1396000,1391000
063488,金像電國泰01購01,0,0,0,0,0,0,0,0,0,1385000,0,0,0,1532000,147000,1385000,1385000
3034,聯詠            ,2813104,1252876,1560228,0,0,0,2000,13000,-11000,-170000,35000,199000,-164000,17000,23000,-6000,1379228
1409,新纖            ,1907000,532316,1374684,0,0,0,0,0,0,-18000,9000,27000,-18000,0,0,0,1356684
062013,奇鋐富邦9B購01  ,0,0,0,0,0,0,0,0,0,1347000,0,0,0,1691000,344000,1347000,1347000
5469,瀚宇博          ,2844000,1887000,957000,0,0,0,200000,0,200000,138000,223000,96000,127000,144000,133000,11000,1295000
066877,奇鋐富邦03購01  ,0,0,0,0,0,0,0,0,0,1292000,0,0,0,1557000,265000,1292000,1292000
066316,台船永豐01購01  ,0,0,0,0,0,0,0,0,0,1285000,0,0,0,1448000,163000,1285000,1285000
03875P,滬深2X國票05售01,0,0,0,0,0,0,0,0,0,1282000,0,0,0,1570000,288000,1282000,1282000
08379P,台積電國泰02售02,0,0,0,0,0,0,0,0,0,1251000,0,0,0,1512000,261000,1251000,1251000
08110P,臺股指中信01售05,0,0,0,0,0,0,0,0,0,1251000,0,0,0,1324000,73000,1251000,1251000
1802,台玻            ,4031000,2736000,1295000,0,0,0,0,0,0,-44000,2000,46000,-44000,0,0,0,1251000
08550P,台灣50群益02售04,0,0,0,0,0,0,0,0,0,1250000,0,0,0,1260000,10000,1250000,1250000
061137,晶技統一9B購01  ,0,0,0,0,0,0,0,0,0,1246000,0,0,0,1287000,41000,1246000,1246000
057004,滬深反中信9A購01,0,0,0,0,0,0,0,0,0,1230000,0,0,0,1360000,130000,1230000,1230000
2883,開發金          ,8537032,14154789,-5617757,0,0,0,6722000,0,6722000,90000,12000,42000,-30000,120000,0,120000,1194243
1303,南亞            ,3013281,2468297,544984,0,0,0,1182000,14000,1168000,-529000,30000,558000,-528000,0,1000,-1000,1183984
066284,松翰元大01購01  ,0,0,0,0,0,0,0,0,0,1172000,0,0,0,1343000,171000,1172000,1172000
2881,富邦金          ,7611804,7704927,-93123,0,0,0,1335000,0,1335000,-70000,4000,91000,-87000,43000,26000,17000,1171877
2618,長榮航          ,8284416,6964004,1320412,0,0,0,22000,0,22000,-181000,0,259000,-259000,136000,58000,78000,1161412
063148,建準元富9B購01  ,0,0,0,0,0,0,0,0,0,1153000,0,0,0,1193000,40000,1153000,1153000
00669R,國泰美國道瓊反1 ,0,0,0,0,0,0,0,0,0,1122000,0,0,0,2003000,881000,1122000,1122000
046949,群創元大99購01  ,0,0,0,0,0,0,0,0,0,1121000,0,0,0,1195000,74000,1121000,1121000
059101,康控統一9A購01  ,0,0,0,0,0,0,0,0,0,1115000,0,0,0,1165000,50000,1115000,1115000
064450,致茂統一01購01  ,0,0,0,0,0,0,0,0,0,1115000,0,0,0,1320000,205000,1115000,1115000
00708L,元大S&P黃金正2  ,521000,0,521000,0,0,0,0,0,0,591000,0,0,0,706000,115000,591000,1112000
065983,亞德客國泰03購01,0,0,0,0,0,0,0,0,0,1111000,0,0,0,1426000,315000,1111000,1111000
08706P,台積電統一02售04,0,0,0,0,0,0,0,0,0,1108000,0,0,0,1108000,0,1108000,1108000
066285,松翰元大01購02  ,0,0,0,0,0,0,0,0,0,1094000,0,0,0,1111000,17000,1094000,1094000
1309,台達化          ,1002000,228000,774000,0,0,0,0,0,0,319000,320000,1000,319000,0,0,0,1093000
5521,工信            ,1677000,607000,1070000,0,0,0,0,0,0,10000,10000,0,10000,0,0,0,1080000
2201,裕隆            ,2452000,928000,1524000,0,0,0,0,0,0,-445000,15000,54000,-39000,76000,482000,-406000,1079000
064056,GIS統一01購02   ,0,0,0,0,0,0,0,0,0,1075000,0,0,0,1421000,346000,1075000,1075000
08090P,嘉澤統一9B售01  ,0,0,0,0,0,0,0,0,0,1073000,0,0,0,1173000,100000,1073000,1073000
062653,正隆永豐9B購01  ,0,0,0,0,0,0,0,0,0,1063000,0,0,0,1214000,151000,1063000,1063000
4927,泰鼎-KY         ,1428000,846000,582000,0,0,0,183000,21000,162000,318000,92000,35000,57000,264000,3000,261000,1062000
067221,台表科元大01購02,0,0,0,0,0,0,0,0,0,1034000,0,0,0,1034000,0,1034000,1034000
065811,億豐群益9C購01  ,0,0,0,0,0,0,0,0,0,1025000,0,0,0,1052000,27000,1025000,1025000
08718P,台灣50元大02售03,0,0,0,0,0,0,0,0,0,1023000,0,0,0,1200000,177000,1023000,1023000
08598P,立積元大9C售04  ,0,0,0,0,0,0,0,0,0,1011000,0,0,0,1063000,52000,1011000,1011000
1312,國喬            ,2085000,930000,1155000,0,0,0,0,0,0,-145000,16000,26000,-10000,15000,150000,-135000,1010000
08615P,同欣電統一9C售02,0,0,0,0,0,0,0,0,0,1009000,0,0,0,1049000,40000,1009000,1009000
061245,晶技群益9A購01  ,0,0,0,0,0,0,0,0,0,1007000,0,0,0,1007000,0,1007000,1007000
058397,大成鋼元大99購02,0,0,0,0,0,0,0,0,0,1000000,0,0,0,1001000,1000,1000000,1000000
2354,鴻準            ,858728,627000,231728,0,0,0,810000,4000,806000,-38000,5000,35000,-30000,0,8000,-8000,999728
066299,潤泰新元大01購01,0,0,0,0,0,0,0,0,0,999000,0,0,0,1003000,4000,999000,999000
08582P,臺股指元大9C售30,0,0,0,0,0,0,0,0,0,994000,0,0,0,1134000,140000,994000,994000
064866,義隆永豐9C購02  ,0,0,0,0,0,0,0,0,0,985000,0,0,0,1045000,60000,985000,985000
060156,光磊永豐9A購01  ,0,0,0,0,0,0,0,0,0,980000,0,0,0,1063000,83000,980000,980000
066562,上緯控元大01購01,0,0,0,0,0,0,0,0,0,974000,0,0,0,1303000,329000,974000,974000
060242,潤泰全元大9C購01,0,0,0,0,0,0,0,0,0,974000,0,0,0,974000,0,974000,974000
063201,廣達統一01購01  ,0,0,0,0,0,0,0,0,0,967000,0,0,0,1066000,99000,967000,967000
064676,聚陽兆豐9C購01  ,0,0,0,0,0,0,0,0,0,955000,0,0,0,1129000,174000,955000,955000
056892,旺宏元大9A購02  ,0,0,0,0,0,0,0,0,0,952000,0,0,0,998000,46000,952000,952000
07021P,台積電富邦9C售02,0,0,0,0,0,0,0,0,0,948000,0,0,0,949000,1000,948000,948000
6251,定穎            ,1290000,297000,993000,0,0,0,0,27539,-27539,-18000,3000,21000,-18000,0,0,0,947461
062967,上銀元富9B購01  ,0,0,0,0,0,0,0,0,0,943000,0,0,0,1214000,271000,943000,943000
1589,永冠-KY         ,1187000,786000,401000,0,0,0,292000,0,292000,248000,316000,68000,248000,0,0,0,941000
057741,超眾富邦98購01  ,0,0,0,0,0,0,0,0,0,941000,0,0,0,941000,0,941000,941000
063383,億豐永豐9B購02  ,0,0,0,0,0,0,0,0,0,941000,0,0,0,951000,10000,941000,941000
1609,大亞            ,1441000,266000,1175000,0,0,0,0,154600,-154600,-82000,1000,83000,-82000,0,0,0,938400
08800P,台積電元大01售20,5000,0,5000,0,0,0,0,0,0,928000,0,0,0,1682000,754000,928000,933000
2103,台橡            ,998000,336000,662000,0,0,0,0,0,0,268000,174000,13000,161000,107000,0,107000,930000
08658P,聯發科統一9C售19,0,0,0,0,0,0,0,0,0,929000,0,0,0,1035000,106000,929000,929000
00664R,國泰臺灣加權反1 ,3000,3000,0,0,0,0,0,0,0,927000,0,0,0,1501000,574000,927000,927000
08643P,和碩群益9C售02  ,0,0,0,0,0,0,0,0,0,922000,0,0,0,927000,5000,922000,922000
062215,華通統一9B購01  ,0,0,0,0,0,0,0,0,0,921000,0,0,0,1435000,514000,921000,921000
08416P,T50反1元大9C售07,0,0,0,0,0,0,0,0,0,916000,0,0,0,916000,0,916000,916000
006205,富邦上証        ,78000,84000,-6000,0,0,0,0,0,0,919000,30000,10000,20000,2367000,1468000,899000,913000
054211,奇鋐國票97購03  ,0,0,0,0,0,0,0,0,0,909000,0,0,0,909000,0,909000,909000
055701,亞德客富邦99購01,0,0,0,0,0,0,0,0,0,891000,0,0,0,1100000,209000,891000,891000
054819,裕民元大9A購01  ,0,0,0,0,0,0,0,0,0,888000,0,0,0,1010000,122000,888000,888000
060259,潤泰全凱基9C購01,0,0,0,0,0,0,0,0,0,878000,0,0,0,1084000,206000,878000,878000
1504,東元            ,3445000,2428000,1017000,0,0,0,9000,0,9000,-149000,1000,44000,-43000,32000,138000,-106000,877000
9938,百和            ,1398000,643000,755000,0,0,0,130000,0,130000,-20000,11000,91000,-80000,86000,26000,60000,865000
3545,敦泰            ,1383000,545000,838000,0,0,0,0,0,0,23000,1000,3000,-2000,32000,7000,25000,861000
2890,永豐金          ,3136488,5152300,-2015812,0,0,0,4528000,0,4528000,-1655000,0,1655000,-1655000,0,0,0,857188
1103,嘉泥            ,1344000,483000,861000,0,0,0,0,0,0,-8000,1000,9000,-8000,0,0,0,853000
00636,國泰中國A50     ,603000,181000,422000,0,0,0,0,0,0,427000,100000,30000,70000,1172000,815000,357000,849000
058270,上緯控永豐99購01,0,0,0,0,0,0,0,0,0,848000,0,0,0,967000,119000,848000,848000
4133,亞諾法          ,607000,157757,449243,0,0,0,0,0,0,398000,0,0,0,398000,0,398000,847243
07068P,欣興台新99售01  ,0,0,0,0,0,0,0,0,0,840000,0,0,0,940000,100000,840000,840000
054827,宏全元大9A購01  ,0,0,0,0,0,0,0,0,0,840000,0,0,0,1064000,224000,840000,840000
067087,帆宣元大01購03  ,0,0,0,0,0,0,0,0,0,832000,0,0,0,894000,62000,832000,832000
064943,聚陽凱基9C購01  ,0,0,0,0,0,0,0,0,0,827000,0,0,0,1098000,271000,827000,827000
08172P,台積電凱基03售02,0,0,0,0,0,0,0,0,0,824000,0,0,0,869000,45000,824000,824000
058054,台積電統一9C購01,0,0,0,0,0,0,0,0,0,822000,0,0,0,1194000,372000,822000,822000
066134,強茂群益01購01  ,0,0,0,0,0,0,0,0,0,819000,0,0,0,871000,52000,819000,819000
3515,華擎            ,1098000,270000,828000,0,0,0,0,5848,-5848,-4000,15000,1000,14000,47000,65000,-18000,818152
065720,義隆兆豐9C購03  ,0,0,0,0,0,0,0,0,0,817000,0,0,0,910000,93000,817000,817000
3016,嘉晶            ,1304000,705000,599000,0,0,0,0,0,0,213000,1000,53000,-52000,324000,59000,265000,812000
07612P,國巨國泰9B售06  ,0,0,0,0,0,0,0,0,0,811000,0,0,0,811000,0,811000,811000
2387,精元            ,1426000,675000,751000,0,0,0,0,0,0,41000,34000,8000,26000,43000,28000,15000,792000
066118,台郡兆豐01購01  ,0,0,0,0,0,0,0,0,0,788000,0,0,0,830000,42000,788000,788000
07634P,金像電元大9A售01,0,0,0,0,0,0,0,0,0,782000,0,0,0,797000,15000,782000,782000
062851,建準永豐9B購02  ,0,0,0,0,0,0,0,0,0,782000,0,0,0,850000,68000,782000,782000
056320,京鼎群益99購01  ,0,0,0,0,0,0,0,0,0,781000,0,0,0,1045000,264000,781000,781000
062297,億豐永豐9B購01  ,0,0,0,0,0,0,0,0,0,779000,0,0,0,838000,59000,779000,779000
064736,超眾元富9C購04  ,0,0,0,0,0,0,0,0,0,779000,0,0,0,812000,33000,779000,779000
063675,亞德客國泰01購01,0,0,0,0,0,0,0,0,0,769000,0,0,0,844000,75000,769000,769000
08470P,世芯凱基9C售02  ,0,0,0,0,0,0,0,0,0,768000,0,0,0,1458000,690000,768000,768000
058156,超眾統一9A購02  ,0,0,0,0,0,0,0,0,0,768000,0,0,0,798000,30000,768000,768000
061844,T50反1國票9C購02,0,0,0,0,0,0,0,0,0,764000,0,0,0,770000,6000,764000,764000
065385,億豐元大03購01  ,20000,0,20000,0,0,0,0,0,0,740000,0,0,0,820000,80000,740000,760000
07208P,台積電凱基99售14,0,0,0,0,0,0,0,0,0,759000,0,0,0,969000,210000,759000,759000
063774,GIS富邦9B購02   ,0,0,0,0,0,0,0,0,0,759000,0,0,0,1247000,488000,759000,759000
058154,泰碩統一9A購01  ,0,0,0,0,0,0,0,0,0,758000,0,0,0,917000,159000,758000,758000
3576,聯合再生        ,4083000,3326000,757000,0,0,0,0,0,0,0,0,0,0,0,0,0,757000
057475,聯電元大9A購01  ,0,0,0,0,0,0,0,0,0,754000,0,0,0,1502000,748000,754000,754000
05755P,臺股指中信99售04,0,0,0,0,0,0,0,0,0,752000,0,0,0,1056000,304000,752000,752000
6269,台郡            ,1955206,1418206,537000,0,0,0,250000,5000,245000,-30000,169000,148000,21000,22000,73000,-51000,752000
060060,台積電兆豐99購05,0,0,0,0,0,0,0,0,0,747000,0,0,0,747000,0,747000,747000
8021,尖點            ,1299000,568100,730900,0,0,0,13000,0,13000,-3000,0,3000,-3000,0,0,0,740900
1710,東聯            ,984000,250000,734000,0,0,0,0,0,0,-2000,0,2000,-2000,0,0,0,732000
065507,亞德客群益01購02,0,0,0,0,0,0,0,0,0,732000,0,0,0,852000,120000,732000,732000
2417,圓剛            ,2643000,1768709,874291,0,0,0,0,135000,-135000,-8000,1000,9000,-8000,0,0,0,731291
06715P,台積電元大99售04,0,0,0,0,0,0,0,0,0,708000,0,0,0,708000,0,708000,708000
5880,合庫金          ,5289480,4517710,771770,0,0,0,56000,0,56000,-126000,0,126000,-126000,0,0,0,701770
057792,群創統一99購01  ,0,0,0,0,0,0,0,0,0,701000,0,0,0,761000,60000,701000,701000
066113,金像電兆豐01購01,0,0,0,0,0,0,0,0,0,701000,0,0,0,774000,73000,701000,701000
055809,T50反1國票98購02,0,0,0,0,0,0,0,0,0,700000,0,0,0,750000,50000,700000,700000
064068,義隆永豐9C購01  ,0,0,0,0,0,0,0,0,0,697000,0,0,0,852000,155000,697000,697000
065336,華新統一02購01  ,0,0,0,0,0,0,0,0,0,696000,0,0,0,736000,40000,696000,696000
08672P,聯發科統一01售09,0,0,0,0,0,0,0,0,0,695000,0,0,0,700000,5000,695000,695000
2845,遠東銀          ,887000,162000,725000,0,0,0,15000,0,15000,-51000,0,51000,-51000,0,0,0,689000
066149,潤泰新群益01購01,0,0,0,0,0,0,0,0,0,687000,0,0,0,717000,30000,687000,687000
065821,億豐元富03購01  ,0,0,0,0,0,0,0,0,0,687000,0,0,0,863000,176000,687000,687000
065904,群創富邦02購01  ,0,0,0,0,0,0,0,0,0,682000,0,0,0,703000,21000,682000,682000
061085,聯茂兆豐9A購01  ,0,0,0,0,0,0,0,0,0,681000,0,0,0,803000,122000,681000,681000
066557,京鼎元大01購01  ,0,0,0,0,0,0,0,0,0,675000,0,0,0,792000,117000,675000,675000
9907,統一實          ,909000,217000,692000,0,0,0,0,0,0,-17000,16000,33000,-17000,0,0,0,675000
2327,國巨            ,1487388,993000,494388,0,0,0,156000,0,156000,24000,55000,67000,-12000,78000,42000,36000,674388
08639P,聯發科永豐9C售03,0,0,0,0,0,0,0,0,0,673000,0,0,0,688000,15000,673000,673000
065762,台表科元大9C購13,0,0,0,0,0,0,0,0,0,671000,0,0,0,755000,84000,671000,671000
064679,晶技兆豐9C購01  ,0,0,0,0,0,0,0,0,0,668000,0,0,0,775000,107000,668000,668000
1476,儒鴻            ,980352,498040,482312,0,0,0,1000,0,1000,184000,151000,5000,146000,65000,27000,38000,667312
064138,亞德客統一01購02,0,0,0,0,0,0,0,0,0,667000,0,0,0,728000,61000,667000,667000
6191,精成科          ,1548000,901000,647000,0,0,0,0,0,0,15000,5000,12000,-7000,22000,0,22000,662000
056775,康控元大99購01  ,0,0,0,0,0,0,0,0,0,661000,0,0,0,798000,137000,661000,661000
061372,世紀鋼國泰9C購01,0,0,0,0,0,0,0,0,0,661000,0,0,0,940000,279000,661000,661000
063806,瀚宇博兆豐01購01,0,0,0,0,0,0,0,0,0,659000,0,0,0,679000,20000,659000,659000
08715P,創意元富07售02  ,0,0,0,0,0,0,0,0,0,658000,0,0,0,908000,250000,658000,658000
08599P,台表科元大9C售11,0,0,0,0,0,0,0,0,0,658000,0,0,0,683000,25000,658000,658000
057347,國巨統一9A購03  ,0,0,0,0,0,0,0,0,0,655000,0,0,0,880000,225000,655000,655000
061192,奇鋐永豐9A購01  ,0,0,0,0,0,0,0,0,0,654000,0,0,0,1262000,608000,654000,654000
062971,英業達元富9B購01,0,0,0,0,0,0,0,0,0,650000,0,0,0,840000,190000,650000,650000
3406,玉晶光          ,1881085,988000,893085,0,0,0,55000,267000,-212000,-46000,44000,89000,-45000,29000,30000,-1000,635085
1305,華夏            ,1170000,559000,611000,0,0,0,0,0,0,22000,1000,12000,-11000,33000,0,33000,633000
1477,聚陽            ,2947000,2171000,776000,0,0,0,306000,80000,226000,-373000,329000,462000,-133000,72000,312000,-240000,629000
07558P,玉晶光元大9A售10,0,0,0,0,0,0,0,0,0,629000,0,0,0,829000,200000,629000,629000
058284,滬深反群益01購01,0,0,0,0,0,0,0,0,0,629000,0,0,0,629000,0,629000,629000
064799,裕隆元大9C購02  ,0,0,0,0,0,0,0,0,0,629000,0,0,0,736000,107000,629000,629000
062687,華擎統一01購02  ,0,0,0,0,0,0,0,0,0,627000,0,0,0,634000,7000,627000,627000
00639,富邦深100       ,1098000,145000,953000,0,0,0,0,0,0,-328000,30000,50000,-20000,1316000,1624000,-308000,625000
07974P,上証2X元大9B售02,0,0,0,0,0,0,0,0,0,624000,0,0,0,624000,0,624000,624000
0061,元大寶滬深      ,55000,55000,0,0,0,0,0,0,0,619000,50000,60000,-10000,629000,0,629000,619000
062012,燿華富邦9C購01  ,0,0,0,0,0,0,0,0,0,617000,0,0,0,717000,100000,617000,617000
062996,致茂國票9C購01  ,0,0,0,0,0,0,0,0,0,617000,0,0,0,617000,0,617000,617000
061899,復盛永豐9B購01  ,0,0,0,0,0,0,0,0,0,613000,0,0,0,613000,0,613000,613000
2371,大同            ,1375000,747225,627775,0,0,0,0,0,0,-15000,1000,10000,-9000,0,6000,-6000,612775
060243,潤泰全元大9C購02,0,0,0,0,0,0,0,0,0,610000,0,0,0,791000,181000,610000,610000
2537,聯上發          ,664000,55000,609000,0,0,0,0,0,0,-2000,0,2000,-2000,0,0,0,607000
064255,泰碩國泰02購01  ,0,0,0,0,0,0,0,0,0,604000,0,0,0,624000,20000,604000,604000
07842P,力成元大9A售01  ,0,0,0,0,0,0,0,0,0,600000,0,0,0,600000,0,600000,600000
061865,力山元大9B購01  ,0,0,0,0,0,0,0,0,0,600000,0,0,0,600000,0,600000,600000
057681,T50反1日盛9C購01,0,0,0,0,0,0,0,0,0,600000,0,0,0,610000,10000,600000,600000
2913,農林            ,908000,294000,614000,0,0,0,0,0,0,-14000,11000,25000,-14000,0,0,0,600000
06778P,台積電元大99售06,0,0,0,0,0,0,0,0,0,599000,0,0,0,599000,0,599000,599000
3032,偉訓            ,684000,62000,622000,0,0,0,0,0,0,-26000,0,26000,-26000,0,0,0,596000
066736,京鼎元大01購02  ,0,0,0,0,0,0,0,0,0,594000,0,0,0,614000,20000,594000,594000
066829,奇力新群益01購01,0,0,0,0,0,0,0,0,0,593000,0,0,0,603000,10000,593000,593000
064139,裕隆統一01購02  ,0,0,0,0,0,0,0,0,0,593000,0,0,0,593000,0,593000,593000
061577,泰碩元大9A購03  ,0,0,0,0,0,0,0,0,0,590000,0,0,0,590000,0,590000,590000
2402,毅嘉            ,821000,191000,630000,0,0,0,0,0,0,-41000,0,41000,-41000,0,0,0,589000
063440,上銀統一01購02  ,0,0,0,0,0,0,0,0,0,587000,0,0,0,602000,15000,587000,587000
063384,巨大永豐9B購04  ,0,0,0,0,0,0,0,0,0,585000,0,0,0,646000,61000,585000,585000
03683C,T50反1元大9C牛04,0,0,0,0,0,0,0,0,0,582000,0,0,0,955000,373000,582000,582000
058268,泰碩永豐9A購01  ,0,0,0,0,0,0,0,0,0,577000,0,0,0,577000,0,577000,577000
07149P,健鼎元大99售03  ,0,0,0,0,0,0,0,0,0,573000,0,0,0,927000,354000,573000,573000
066604,台郡富邦04購01  ,0,0,0,0,0,0,0,0,0,572000,0,0,0,918000,346000,572000,572000
06770P,台灣50第一9C售01,0,0,0,0,0,0,0,0,0,571000,0,0,0,1177000,606000,571000,571000
053827,漢唐麥證9A購01  ,0,0,0,627000,64000,563000,0,0,0,571000,0,0,0,635000,64000,571000,571000
08563P,金像電元富9C售03,0,0,0,0,0,0,0,0,0,565000,0,0,0,670000,105000,565000,565000
064881,聯茂兆豐01購02  ,0,0,0,0,0,0,0,0,0,565000,0,0,0,737000,172000,565000,565000
065851,京鼎元大02購01  ,0,0,0,0,0,0,0,0,0,565000,0,0,0,589000,24000,565000,565000
065481,臻鼎元大9C購04  ,0,0,0,0,0,0,0,0,0,564000,0,0,0,861000,297000,564000,564000
066208,聯鈞統一02購01  ,0,0,0,0,0,0,0,0,0,562000,0,0,0,563000,1000,562000,562000
062540,茂林國泰9C購01  ,0,0,0,0,0,0,0,0,0,562000,0,0,0,673000,111000,562000,562000
064171,燿華元富9C購01  ,0,0,0,0,0,0,0,0,0,558000,0,0,0,586000,28000,558000,558000
064301,漢唐兆豐01購01  ,0,0,0,0,0,0,0,0,0,557000,0,0,0,792000,235000,557000,557000
8210,勤誠            ,796000,288000,508000,0,0,0,0,0,0,46000,0,0,0,71000,25000,46000,554000
062050,亞德客統一9C購01,0,0,0,0,0,0,0,0,0,553000,0,0,0,576000,23000,553000,553000
08229P,祥碩國票9B售04  ,0,0,0,0,0,0,0,0,0,551000,0,0,0,667000,116000,551000,551000
061489,高鐵兆豐9A購01  ,0,0,0,0,0,0,0,0,0,548000,0,0,0,548000,0,548000,548000
066472,美利達統一02購01,0,0,0,0,0,0,0,0,0,546000,0,0,0,564000,18000,546000,546000
063207,聯茂統一01購01  ,0,0,0,0,0,0,0,0,0,546000,0,0,0,561000,15000,546000,546000
057956,全新元大99購04  ,0,0,0,0,0,0,0,0,0,545000,0,0,0,545000,0,545000,545000
061379,鈺齊永豐9A購02  ,0,0,0,0,0,0,0,0,0,545000,0,0,0,1114000,569000,545000,545000
066218,美利達統一03購02,0,0,0,0,0,0,0,0,0,544000,0,0,0,576000,32000,544000,544000
063353,上銀元富9B購03  ,0,0,0,0,0,0,0,0,0,544000,0,0,0,850000,306000,544000,544000
066512,致茂永豐01購01  ,0,0,0,0,0,0,0,0,0,542000,0,0,0,703000,161000,542000,542000
8996,高力            ,857000,402000,455000,0,0,0,0,0,0,87000,87000,0,87000,0,0,0,542000
065366,英業達元大9C購02,0,0,0,0,0,0,0,0,0,541000,0,0,0,627000,86000,541000,541000
08600P,臺股指元大9C售32,0,0,0,0,0,0,0,0,0,540000,0,0,0,840000,300000,540000,540000
08607P,聯發科富邦03售04,0,0,0,0,0,0,0,0,0,540000,0,0,0,540000,0,540000,540000
08161P,台表科元富9B售02,0,0,0,0,0,0,0,0,0,536000,0,0,0,656000,120000,536000,536000
065227,金像電凱基9C購01,0,0,0,0,0,0,0,0,0,535000,0,0,0,619000,84000,535000,535000
061799,奇鋐永豐9B購01  ,0,0,0,0,0,0,0,0,0,531000,0,0,0,619000,88000,531000,531000
3413,京鼎            ,1066000,333000,733000,0,0,0,0,213450,-213450,10000,133000,94000,39000,44000,73000,-29000,529550
063259,廣達富邦9C購01  ,0,0,0,0,0,0,0,0,0,529000,0,0,0,576000,47000,529000,529000
064873,世紀鋼永豐9C購01,0,0,0,0,0,0,0,0,0,527000,0,0,0,530000,3000,527000,527000
064189,TPK永豐9C購01   ,0,0,0,0,0,0,0,0,0,525000,0,0,0,535000,10000,525000,525000
060122,亞德客永豐99購02,0,0,0,0,0,0,0,0,0,524000,0,0,0,626000,102000,524000,524000
056096,超眾元富9A購01  ,0,0,0,0,0,0,0,0,0,521000,0,0,0,581000,60000,521000,521000
066370,帆宣中信01購01  ,0,0,0,0,0,0,0,0,0,520000,0,0,0,520000,0,520000,520000
065652,超眾元大01購02  ,0,0,0,0,0,0,0,0,0,519000,0,0,0,584000,65000,519000,519000
9958,世紀鋼          ,1469000,767000,702000,0,0,0,0,0,0,-183000,110000,9000,101000,256000,540000,-284000,519000
060888,金像電統一9C購01,0,0,0,0,0,0,0,0,0,518000,0,0,0,613000,95000,518000,518000
07366P,國巨康和99售02  ,0,0,0,0,0,0,0,0,0,514000,0,0,0,575000,61000,514000,514000
06047P,聯發科富邦99售04,0,0,0,0,0,0,0,0,0,514000,0,0,0,519000,5000,514000,514000
061241,晶技兆豐9A購01  ,0,0,0,0,0,0,0,0,0,514000,0,0,0,699000,185000,514000,514000
058881,全新永豐99購01  ,0,0,0,0,0,0,0,0,0,513000,0,0,0,513000,0,513000,513000
08644P,臺股指中信02售02,0,0,0,0,0,0,0,0,0,512000,0,0,0,1351000,839000,512000,512000
066797,台積電凱基02購09,0,0,0,0,0,0,0,0,0,512000,0,0,0,553000,41000,512000,512000
063360,茂林國泰9C購02  ,0,0,0,0,0,0,0,0,0,512000,0,0,0,551000,39000,512000,512000
065858,台表科元大03購01,0,0,0,0,0,0,0,0,0,511000,0,0,0,617000,106000,511000,511000
064582,裕隆永豐9C購02  ,0,0,0,0,0,0,0,0,0,508000,0,0,0,576000,68000,508000,508000
061866,力山元大9C購01  ,0,0,0,0,0,0,0,0,0,507000,0,0,0,515000,8000,507000,507000
3059,華晶科          ,777000,301000,476000,0,0,0,0,0,0,30000,42000,12000,30000,0,0,0,506000
07649P,金像電永豐9A售02,0,0,0,0,0,0,0,0,0,505000,0,0,0,520000,15000,505000,505000
064996,T50反1國票01購03,0,0,0,0,0,0,0,0,0,504000,0,0,0,511000,7000,504000,504000
08158P,嘉澤元富9B售03  ,0,0,0,0,0,0,0,0,0,503000,0,0,0,628000,125000,503000,503000
063498,金像電永豐9B購02,0,0,0,0,0,0,0,0,0,503000,0,0,0,529000,26000,503000,503000
054527,國巨統一97購03  ,0,0,0,0,0,0,0,0,0,501000,0,0,0,501000,0,501000,501000
063237,微星元大9B購02  ,0,0,0,0,0,0,0,0,0,501000,0,0,0,744000,243000,501000,501000
064563,全新群益02購01  ,0,0,0,0,0,0,0,0,0,501000,0,0,0,544000,43000,501000,501000
066339,總太永豐01購01  ,0,0,0,0,0,0,0,0,0,500000,0,0,0,708000,208000,500000,500000
08155P,聯發科元富9B售05,0,0,0,0,0,0,0,0,0,499000,0,0,0,499000,0,499000,499000
07887P,台積電國票9C售03,0,0,0,0,0,0,0,0,0,499000,0,0,0,499000,0,499000,499000
07222P,台灣50元大01售04,0,0,0,0,0,0,0,0,0,499000,0,0,0,499000,0,499000,499000
08651P,台灣50群益02售05,0,0,0,0,0,0,0,0,0,499000,0,0,0,499000,0,499000,499000
04006P,滬深2X國票9B售01,0,0,0,0,0,0,0,0,0,499000,0,0,0,499000,0,499000,499000
055325,佐登國票98購01  ,0,0,0,0,0,0,0,0,0,499000,0,0,0,499000,0,499000,499000
061173,T50反1凱基04購01,0,0,0,0,0,0,0,0,0,499000,0,0,0,499000,0,499000,499000
06588P,台積電元大98售11,0,0,0,0,0,0,0,0,0,499000,0,0,0,499000,0,499000,499000
08203P,同欣電永豐9B售04,0,0,0,0,0,0,0,0,0,498000,0,0,0,498000,0,498000,498000
08300P,世芯國票01售01  ,0,0,0,0,0,0,0,0,0,496000,0,0,0,557000,61000,496000,496000
061768,晶技元大9B購02  ,0,0,0,0,0,0,0,0,0,496000,0,0,0,530000,34000,496000,496000
2867,三商壽          ,718000,751000,-33000,0,0,0,625000,0,625000,-96000,1000,97000,-96000,0,0,0,496000
054805,台苯元大9A購01  ,0,0,0,0,0,0,0,0,0,495000,0,0,0,605000,110000,495000,495000
060437,宏全永豐9A購01  ,0,0,0,0,0,0,0,0,0,493000,0,0,0,535000,42000,493000,493000
08517P,奇力新群益9C售03,0,0,0,0,0,0,0,0,0,491000,0,0,0,534000,43000,491000,491000
064230,上銀統一01購04  ,0,0,0,0,0,0,0,0,0,491000,0,0,0,491000,0,491000,491000
060417,正隆永豐9A購01  ,0,0,0,0,0,0,0,0,0,489000,0,0,0,548000,59000,489000,489000
2049,上銀            ,1236147,536765,699382,0,0,0,55000,80705,-25705,-185000,30000,29000,1000,22000,208000,-186000,488677
056138,群創元大9B購01  ,0,0,0,0,0,0,0,0,0,488000,0,0,0,517000,29000,488000,488000
063862,世紀鋼國泰02購01,0,0,0,0,0,0,0,0,0,488000,0,0,0,759000,271000,488000,488000
07307P,上証2X凱基9A售02,0,0,0,0,0,0,0,0,0,487000,0,0,0,490000,3000,487000,487000
060288,群光元大9C購01  ,0,0,0,0,0,0,0,0,0,487000,0,0,0,724000,237000,487000,487000
063724,亞德客元大9B購03,0,0,0,0,0,0,0,0,0,487000,0,0,0,605000,118000,487000,487000
064478,聚陽富邦01購01  ,0,0,0,0,0,0,0,0,0,486000,0,0,0,957000,471000,486000,486000
2841,台開            ,765000,269000,496000,0,0,0,0,0,0,-12000,3000,15000,-12000,0,0,0,484000
066229,力山富邦04購01  ,0,0,0,0,0,0,0,0,0,482000,0,0,0,687000,205000,482000,482000
066730,致茂元大01購01  ,0,0,0,0,0,0,0,0,0,482000,0,0,0,635000,153000,482000,482000
058477,億光凱基9A購01  ,0,0,0,0,0,0,0,0,0,482000,0,0,0,584000,102000,482000,482000
063647,超眾元大9B購02  ,0,0,0,0,0,0,0,0,0,481000,0,0,0,555000,74000,481000,481000
064206,鴻海凱基03購02  ,0,0,0,0,0,0,0,0,0,478000,0,0,0,553000,75000,478000,478000
063437,聚陽統一01購01  ,0,0,0,0,0,0,0,0,0,477000,0,0,0,537000,60000,477000,477000
3029,零壹            ,713000,231000,482000,0,0,0,11000,0,11000,-16000,1000,17000,-16000,0,0,0,477000
8046,南電            ,2989000,2257000,732000,0,0,0,240700,350000,-109300,-149000,102000,208000,-106000,130000,173000,-43000,473700
058523,聯茂元大99購08  ,0,0,0,0,0,0,0,0,0,473000,0,0,0,488000,15000,473000,473000
061237,晶技元大9A購01  ,0,0,0,0,0,0,0,0,0,473000,0,0,0,529000,56000,473000,473000
1319,東陽            ,1023000,308000,715000,0,0,0,0,250000,-250000,6000,17000,11000,6000,0,0,0,471000
066813,亞德客兆豐01購01,0,0,0,0,0,0,0,0,0,470000,0,0,0,520000,50000,470000,470000
061905,上証反中信03購01,0,0,0,0,0,0,0,0,0,470000,0,0,0,480000,10000,470000,470000
066526,創意統一05購01  ,0,0,0,0,0,0,0,0,0,469000,0,0,0,611000,142000,469000,469000
07777P,創意元大9A售03  ,0,0,0,0,0,0,0,0,0,468000,0,0,0,1132000,664000,468000,468000
061023,茂林國泰9B購02  ,0,0,0,0,0,0,0,0,0,468000,0,0,0,482000,14000,468000,468000
064926,臻鼎統一02購01  ,0,0,0,0,0,0,0,0,0,468000,0,0,0,558000,90000,468000,468000
8213,志超            ,865000,456000,409000,0,0,0,0,0,0,58000,1000,11000,-10000,100000,32000,68000,467000
064248,億光元富9C購01  ,0,0,0,0,0,0,0,0,0,466000,0,0,0,833000,367000,466000,466000
060290,興富發元大9C購01,0,0,0,0,0,0,0,0,0,464000,0,0,0,529000,65000,464000,464000
066493,美利達元富01購01,0,0,0,0,0,0,0,0,0,462000,0,0,0,462000,0,462000,462000
2855,統一證          ,838000,739000,99000,0,0,0,362000,0,362000,0,0,0,0,0,0,0,461000
066251,川湖元大01購01  ,0,0,0,0,0,0,0,0,0,460000,0,0,0,535000,75000,460000,460000
066410,潤泰新凱基01購01,0,0,0,0,0,0,0,0,0,460000,0,0,0,480000,20000,460000,460000
1598,岱宇            ,1265000,741000,524000,0,0,0,7000,0,7000,-71000,145000,216000,-71000,0,0,0,460000
063883,超眾元富9C購02  ,0,0,0,0,0,0,0,0,0,460000,0,0,0,537000,77000,460000,460000
064444,聚陽統一01購02  ,0,0,0,0,0,0,0,0,0,460000,0,0,0,1151000,691000,460000,460000
066236,潤泰全富邦01購01,0,0,0,0,0,0,0,0,0,459000,0,0,0,650000,191000,459000,459000
056599,臻鼎元富98購01  ,0,0,0,0,0,0,0,0,0,458000,0,0,0,458000,0,458000,458000
5215,科嘉-KY         ,1050000,622000,428000,0,0,0,50000,1377,48623,-19576,2000,21576,-19576,0,0,0,457047
08064P,上証2X凱基9C售02,0,0,0,0,0,0,0,0,0,457000,0,0,0,457000,0,457000,457000
07086P,力成元富9C售01  ,0,0,0,0,0,0,0,0,0,456000,0,0,0,511000,55000,456000,456000
063352,上銀元富9B購02  ,0,0,0,0,0,0,0,0,0,455000,0,0,0,650000,195000,455000,455000
060923,全新永豐9A購01  ,0,0,0,0,0,0,0,0,0,455000,0,0,0,460000,5000,455000,455000
064830,可成統一9C購04  ,0,0,0,0,0,0,0,0,0,455000,0,0,0,526000,71000,455000,455000
064423,義隆兆豐9C購02  ,0,0,0,0,0,0,0,0,0,454000,0,0,0,602000,148000,454000,454000
08748P,台積電元富07售02,0,0,0,0,0,0,0,0,0,453000,0,0,0,885000,432000,453000,453000
062226,臻鼎統一9B購01  ,0,0,0,0,0,0,0,0,0,453000,0,0,0,712000,259000,453000,453000
061802,勤誠永豐9B購01  ,0,0,0,0,0,0,0,0,0,450000,0,0,0,514000,64000,450000,450000
064342,晶技元大9C購01  ,0,0,0,0,0,0,0,0,0,450000,0,0,0,508000,58000,450000,450000
066394,建準凱基01購01  ,0,0,0,0,0,0,0,0,0,449000,0,0,0,493000,44000,449000,449000
1229,聯華            ,1008550,727000,281550,0,0,0,291000,80623,210377,-43000,22000,61000,-39000,0,4000,-4000,448927
08597P,聯發科元大9C售18,0,0,0,0,0,0,0,0,0,448000,0,0,0,448000,0,448000,448000
00676R,富邦臺灣加權反1 ,0,0,0,0,0,0,0,0,0,448000,0,0,0,971000,523000,448000,448000
066853,樺漢元大01購01  ,0,0,0,0,0,0,0,0,0,447000,0,0,0,452000,5000,447000,447000
065859,GIS元大9C購10   ,0,0,0,0,0,0,0,0,0,447000,0,0,0,522000,75000,447000,447000
1904,正隆            ,1673000,556000,1117000,0,0,0,0,200000,-200000,-470000,15000,38000,-23000,77000,524000,-447000,447000
060783,亞德客富邦9B購01,0,0,0,0,0,0,0,0,0,446000,0,0,0,509000,63000,446000,446000
08210P,健策元富9B售02  ,0,0,0,0,0,0,0,0,0,444000,0,0,0,490000,46000,444000,444000
063944,建準元大9C購01  ,0,0,0,0,0,0,0,0,0,444000,0,0,0,553000,109000,444000,444000
062651,世紀鋼富邦9C購01,0,0,0,0,0,0,0,0,0,443000,0,0,0,503000,60000,443000,443000
08494P,世芯元大9C售02  ,0,0,0,0,0,0,0,0,0,442000,0,0,0,2236000,1794000,442000,442000
1718,中纖            ,673000,188000,485000,0,0,0,0,0,0,-43000,7000,50000,-43000,0,0,0,442000
062844,T50反1國泰9C購01,0,0,0,0,0,0,0,0,0,441000,0,0,0,1050000,609000,441000,441000
06750P,聯發科元富02售03,0,0,0,0,0,0,0,0,0,440000,0,0,0,440000,0,440000,440000
08340P,聯發科元富9C售01,0,0,0,0,0,0,0,0,0,438000,0,0,0,438000,0,438000,438000
058422,百和麥證99購01  ,0,0,0,488000,50000,438000,0,0,0,438000,0,0,0,488000,50000,438000,438000
07472P,和碩元大9A售03  ,0,0,0,0,0,0,0,0,0,437000,0,0,0,437000,0,437000,437000
063204,高鐵統一9C購01  ,0,0,0,0,0,0,0,0,0,437000,0,0,0,497000,60000,437000,437000
064135,復盛元大9C購01  ,0,0,0,0,0,0,0,0,0,437000,0,0,0,635000,198000,437000,437000
062755,茂林麥證9B購01  ,0,0,0,436000,0,436000,0,0,0,436000,0,0,0,436000,0,436000,436000
066569,帆宣元大01購02  ,0,2000,-2000,0,0,0,0,0,0,435000,0,0,0,459000,24000,435000,433000
060404,台勝科國泰9B購01,0,0,0,0,0,0,0,0,0,432000,0,0,0,649000,217000,432000,432000
063560,力山元大9B購05  ,0,0,0,0,0,0,0,0,0,432000,0,0,0,542000,110000,432000,432000
3035,智原            ,590000,354000,236000,0,0,0,200000,1000,199000,-4000,3000,10000,-7000,10000,7000,3000,431000
6285,啟碁            ,633000,279000,354000,0,0,0,103000,0,103000,-27000,2000,11000,-9000,0,18000,-18000,430000
061492,超眾兆豐9B購01  ,0,0,0,0,0,0,0,0,0,429000,0,0,0,429000,0,429000,429000
064026,建準元大9C購02  ,0,0,0,0,0,0,0,0,0,429000,0,0,0,494000,65000,429000,429000
07392P,台積電國泰02售01,0,0,0,0,0,0,0,0,0,428000,0,0,0,428000,0,428000,428000
057479,致茂元大98購03  ,0,0,0,0,0,0,0,0,0,426000,0,0,0,479000,53000,426000,426000
065309,亞光國票01購01  ,0,0,0,0,0,0,0,0,0,425000,0,0,0,435000,10000,425000,425000
2906,高林            ,506000,116000,390000,0,0,0,15000,0,15000,17000,21000,4000,17000,0,0,0,422000
058308,全新元大9B購01  ,0,0,0,0,0,0,0,0,0,421000,0,0,0,444000,23000,421000,421000
064278,高鐵元大9C購02  ,0,0,0,0,0,0,0,0,0,421000,0,0,0,647000,226000,421000,421000
060431,復盛永豐9A購01  ,0,0,0,0,0,0,0,0,0,420000,0,0,0,553000,133000,420000,420000
060922,金像電永豐9A購01,0,0,0,0,0,0,0,0,0,420000,0,0,0,540000,120000,420000,420000
066587,台船群益01購01  ,0,0,0,0,0,0,0,0,0,419000,0,0,0,470000,51000,419000,419000
061238,晶技元大9A購02  ,0,0,0,0,0,0,0,0,0,419000,0,0,0,461000,42000,419000,419000
064513,T50反1群益9C購01,0,0,0,0,0,0,0,0,0,418000,0,0,0,418000,0,418000,418000
063476,台表科元大9C購03,0,0,0,0,0,0,0,0,0,417000,0,0,0,537000,120000,417000,417000
2349,錸德            ,1080000,663000,417000,0,0,0,0,0,0,0,0,0,0,0,0,0,417000
2105,正新            ,2651428,3210000,-558572,0,0,0,847000,0,847000,128000,190000,62000,128000,0,0,0,416428
058641,鴻海麥證99購02  ,0,0,0,444000,10000,434000,0,0,0,416000,0,0,0,444000,28000,416000,416000
065081,金像電元大9C購05,0,0,0,0,0,0,0,0,0,416000,0,0,0,492000,76000,416000,416000
07898P,國巨國泰9C售02  ,0,0,0,0,0,0,0,0,0,415000,0,0,0,430000,15000,415000,415000
066030,超眾群益01購01  ,0,0,0,0,0,0,0,0,0,414000,0,0,0,414000,0,414000,414000
064730,超眾統一02購02  ,0,0,0,0,0,0,0,0,0,414000,0,0,0,466000,52000,414000,414000
1734,杏輝            ,244000,10000,234000,0,0,0,0,0,0,180000,0,3000,-3000,241000,58000,183000,414000
064847,金像電元富9C購01,0,0,0,0,0,0,0,0,0,413000,0,0,0,636000,223000,413000,413000
056136,京鼎元大98購01  ,0,0,0,0,0,0,0,0,0,412000,0,0,0,471000,59000,412000,412000
064240,群創統一02購02  ,0,0,0,0,0,0,0,0,0,412000,0,0,0,472000,60000,412000,412000
063632,金像電元大9B購04,0,0,0,0,0,0,0,0,0,412000,0,0,0,520000,108000,412000,412000
060960,金像電凱基9B購01,0,0,0,0,0,0,0,0,0,411000,0,0,0,517000,106000,411000,411000
064095,鴻海群益01購02  ,0,0,0,0,0,0,0,0,0,411000,0,0,0,504000,93000,411000,411000
064457,禾伸堂統一01購02,0,0,0,0,0,0,0,0,0,411000,0,0,0,424000,13000,411000,411000
066953,禾伸堂元大01購01,0,0,0,0,0,0,0,0,0,409000,0,0,0,420000,11000,409000,409000
2206,三陽工業        ,545000,110000,435000,0,0,0,0,0,0,-26000,5000,31000,-26000,0,0,0,409000
065981,超眾元大02購01  ,0,0,0,0,0,0,0,0,0,408000,0,0,0,554000,146000,408000,408000
064359,華通統一9C購05  ,0,0,0,0,0,0,0,0,0,407000,0,0,0,465000,58000,407000,407000
067085,臻鼎元大01購02  ,0,0,0,0,0,0,0,0,0,406000,0,0,0,427000,21000,406000,406000
08307P,台積電凱基9C售03,0,0,0,0,0,0,0,0,0,405000,0,0,0,405000,0,405000,405000
064463,聯茂統一01購02  ,0,0,0,0,0,0,0,0,0,405000,0,0,0,405000,0,405000,405000
061293,聯茂統一9A購01  ,0,0,0,0,0,0,0,0,0,404000,0,0,0,613000,209000,404000,404000
065895,台勝科統一02購01,0,0,0,0,0,0,0,0,0,403000,0,0,0,403000,0,403000,403000
2456,奇力新          ,646000,351000,295000,0,0,0,0,0,0,106000,30000,23000,7000,153000,54000,99000,401000
07865P,可成元大9B售02  ,0,0,0,0,0,0,0,0,0,400000,0,0,0,450000,50000,400000,400000
07032P,聯發科統一9C售02,0,0,0,0,0,0,0,0,0,400000,0,0,0,400000,0,400000,400000
056872,旺宏凱基98購08  ,0,0,0,0,0,0,0,0,0,400000,0,0,0,400000,0,400000,400000
058338,康友元富99購01  ,0,0,0,0,0,0,0,0,0,400000,0,0,0,400000,0,400000,400000
060869,超眾永豐9A購02  ,0,0,0,0,0,0,0,0,0,400000,0,0,0,400000,0,400000,400000
058706,聯鈞元大9C購01  ,0,0,0,0,0,0,0,0,0,398000,0,0,0,424000,26000,398000,398000
056353,鴻海元大99購02  ,0,0,0,0,0,0,0,0,0,398000,0,0,0,758000,360000,398000,398000
08106P,聯發科統一9B售09,0,0,0,0,0,0,0,0,0,397000,0,0,0,407000,10000,397000,397000
2392,正崴            ,1813000,1609000,204000,0,0,0,0,0,0,193000,64000,82000,-18000,274000,63000,211000,397000
064864,金像電永豐01購01,0,0,0,0,0,0,0,0,0,395000,0,0,0,472000,77000,395000,395000
064117,中興電元大9C購01,0,0,0,0,0,0,0,0,0,395000,0,0,0,507000,112000,395000,395000
059853,超眾永豐99購03  ,0,0,0,0,0,0,0,0,0,393000,0,0,0,458000,65000,393000,393000
064818,華新統一01購01  ,0,0,0,0,0,0,0,0,0,393000,0,0,0,712000,319000,393000,393000
07473P,祥碩元大9A售01  ,0,0,0,0,0,0,0,0,0,392000,0,0,0,392000,0,392000,392000
2897,王道銀行        ,468000,47000,421000,0,0,0,11000,0,11000,-40000,12000,52000,-40000,0,0,0,392000
051861,鴻海凱基98購01  ,0,0,0,0,0,0,0,0,0,390000,0,0,0,390000,0,390000,390000
061892,亞德客永豐9B購01,0,0,0,0,0,0,0,0,0,390000,0,0,0,438000,48000,390000,390000
07264P,台積電元大99售38,0,0,0,0,0,0,0,0,0,389000,0,0,0,399000,10000,389000,389000
08263P,台表科元大9C售06,0,0,0,0,0,0,0,0,0,389000,0,0,0,613000,224000,389000,389000
9939,宏全            ,1166000,626000,540000,0,0,0,0,0,0,-151000,2000,78000,-76000,0,75000,-75000,389000
06934P,聯鈞元大98售03  ,0,0,0,0,0,0,0,0,0,388000,0,0,0,452000,64000,388000,388000
065697,旺宏群益9C購07  ,0,0,0,0,0,0,0,0,0,387000,0,0,0,399000,12000,387000,387000
07232P,台灣50元大01售07,0,0,0,0,0,0,0,0,0,385000,0,0,0,385000,0,385000,385000
065789,泰碩永豐9C購02  ,0,0,0,0,0,0,0,0,0,384000,0,0,0,389000,5000,384000,384000
064491,金像電元大9C購03,0,0,0,0,0,0,0,0,0,384000,0,0,0,488000,104000,384000,384000
06449P,台積電元大98售09,0,0,0,0,0,0,0,0,0,384000,0,0,0,384000,0,384000,384000
064279,新光金元大01購01,0,0,0,0,0,0,0,0,0,384000,0,0,0,484000,100000,384000,384000
2382,廣達            ,2907504,2625000,282504,0,0,0,1378000,1173000,205000,-105000,114000,97000,17000,14000,136000,-122000,382504
06284P,台積電國票98售03,0,0,0,0,0,0,0,0,0,382000,0,0,0,452000,70000,382000,382000
08108P,聯發科元富9B售03,0,0,0,0,0,0,0,0,0,381000,0,0,0,381000,0,381000,381000
08084P,台表科元大9B售06,0,0,0,0,0,0,0,0,0,381000,0,0,0,510000,129000,381000,381000
062219,燿華統一9B購01  ,0,0,0,0,0,0,0,0,0,381000,0,0,0,494000,113000,381000,381000
065074,亞德客元大9C購03,0,0,0,0,0,0,0,0,0,381000,0,0,0,406000,25000,381000,381000
07048P,台積電中信03售01,0,0,0,0,0,0,0,0,0,380000,0,0,0,391000,11000,380000,380000
057523,大成鋼元大99購01,0,0,0,0,0,0,0,0,0,379000,0,0,0,379000,0,379000,379000
062218,燿華統一01購01  ,0,0,0,0,0,0,0,0,0,378000,0,0,0,433000,55000,378000,378000
061903,宏全永豐9B購01  ,0,0,0,0,0,0,0,0,0,378000,0,0,0,378000,0,378000,378000
065601,聯發科元大01購05,0,0,0,0,0,0,0,0,0,377000,0,0,0,478000,101000,377000,377000
064071,台郡永豐9C購01  ,0,0,0,0,0,0,0,0,0,377000,0,0,0,410000,33000,377000,377000
07597P,臺股指中信01售02,0,0,0,0,0,0,0,0,0,376000,0,0,0,2232000,1856000,376000,376000
062837,復盛群益9B購01  ,1000,0,1000,0,0,0,0,0,0,375000,0,0,0,383000,8000,375000,376000
07106P,國巨統一9B售05  ,0,0,0,0,0,0,0,0,0,375000,0,0,0,396000,21000,375000,375000
06836P,玉晶光國票99售06,0,0,0,0,0,0,0,0,0,375000,0,0,0,635000,260000,375000,375000
03414B,臺股指凱基99熊01,0,120000,-120000,0,0,0,0,0,0,494000,0,0,0,2513000,2019000,494000,374000
064303,新光金兆豐01購01,0,0,0,0,0,0,0,0,0,374000,0,0,0,390000,16000,374000,374000
065073,亞德客元大01購02,0,0,0,0,0,0,0,0,0,373000,0,0,0,417000,44000,373000,373000
2006,東和鋼鐵        ,368000,349000,19000,0,0,0,305000,0,305000,49000,68000,19000,49000,0,0,0,373000
066662,建準凱基02購01  ,0,0,0,0,0,0,0,0,0,372000,0,0,0,372000,0,372000,372000
00861,元大全球未來通訊,20000,19000,1000,0,0,0,0,0,0,370000,0,0,0,1166000,796000,370000,371000
061417,力成群益9A購01  ,0,0,0,0,0,0,0,0,0,369000,0,0,0,429000,60000,369000,369000
063231,台泥元大9B購01  ,0,0,0,0,0,0,0,0,0,367000,0,0,0,376000,9000,367000,367000
061677,泰碩元大9A購05  ,0,0,0,0,0,0,0,0,0,367000,0,0,0,367000,0,367000,367000
065079,致茂元大9C購01  ,0,0,0,0,0,0,0,0,0,367000,0,0,0,380000,13000,367000,367000
057276,全新元大99購03  ,0,0,0,0,0,0,0,0,0,366000,0,0,0,366000,0,366000,366000
063143,嘉澤統一9B購02  ,0,0,0,0,0,0,0,0,0,366000,0,0,0,423000,57000,366000,366000
064470,世紀鋼元富03購01,0,0,0,0,0,0,0,0,0,364000,0,0,0,433000,69000,364000,364000
07133P,臺股指元大9A售27,0,0,0,0,0,0,0,0,0,363000,0,0,0,363000,0,363000,363000
061515,泰碩永豐9A購03  ,0,0,0,0,0,0,0,0,0,363000,0,0,0,363000,0,363000,363000
060455,葡萄王元大9A購02,0,0,0,0,0,0,0,0,0,363000,0,0,0,370000,7000,363000,363000
064656,聚陽元大9C購03  ,0,0,0,0,0,0,0,0,0,363000,0,0,0,716000,353000,363000,363000
066849,神達元大01購01  ,0,0,0,0,0,0,0,0,0,362000,0,0,0,367000,5000,362000,362000
060121,新光金富邦99購01,0,0,0,0,0,0,0,0,0,361000,0,0,0,480000,119000,361000,361000
064380,超眾元富9C購03  ,0,0,0,0,0,0,0,0,0,361000,0,0,0,365000,4000,361000,361000
065727,冠德凱基9C購01  ,0,0,0,0,0,0,0,0,0,361000,0,0,0,636000,275000,361000,361000
060742,臺指反國票9B購02,0,0,0,0,0,0,0,0,0,360000,0,0,0,400000,40000,360000,360000
063239,建準元大9B購01  ,0,0,0,0,0,0,0,0,0,360000,0,0,0,594000,234000,360000,360000
064350,茂林元大01購01  ,0,0,0,0,0,0,0,0,0,360000,0,0,0,874000,514000,360000,360000
066360,致茂中信05購01  ,0,0,0,0,0,0,0,0,0,359000,0,0,0,514000,155000,359000,359000
060685,康友元大9A購01  ,0,0,0,0,0,0,0,0,0,359000,0,0,0,359000,0,359000,359000
064323,滬深2X元大9C購09,0,0,0,0,0,0,0,0,0,359000,0,0,0,662000,303000,359000,359000
064708,帆宣永豐9C購01  ,0,0,0,0,0,0,0,0,0,357000,0,0,0,411000,54000,357000,357000
055449,超眾統一9A購01  ,0,0,0,0,0,0,0,0,0,355000,0,0,0,355000,0,355000,355000
062870,亞德客兆豐9C購01,0,0,0,0,0,0,0,0,0,355000,0,0,0,393000,38000,355000,355000
2379,瑞昱            ,1682427,1274230,408197,0,0,0,0,4000,-4000,-50000,59000,91000,-32000,11000,29000,-18000,354197
061134,大成鋼統一9C購01,0,0,0,0,0,0,0,0,0,354000,0,0,0,355000,1000,354000,354000
062896,中興電元大9B購01,0,0,0,0,0,0,0,0,0,352000,0,0,0,498000,146000,352000,352000
064907,緯穎群益9C購02  ,0,0,0,0,0,0,0,0,0,352000,0,0,0,353000,1000,352000,352000
066131,群光群益02購01  ,0,0,0,0,0,0,0,0,0,352000,0,0,0,462000,110000,352000,352000
064611,亞德客元大9C購02,0,0,0,0,0,0,0,0,0,351000,0,0,0,382000,31000,351000,351000
061948,美食群益9B購01  ,0,0,0,0,0,0,0,0,0,350000,0,0,0,416000,66000,350000,350000
065235,旭富凱基02購01  ,0,0,0,0,0,0,0,0,0,350000,0,0,0,350000,0,350000,350000
08820P,台積電凱基01售10,0,0,0,0,0,0,0,0,0,349000,0,0,0,1048000,699000,349000,349000
065191,南電統一01購03  ,0,0,0,0,0,0,0,0,0,349000,0,0,0,354000,5000,349000,349000
07055P,景碩群益9A售02  ,0,0,0,0,0,0,0,0,0,348000,0,0,0,353000,5000,348000,348000
066051,景碩元大01購01  ,0,0,0,0,0,0,0,0,0,348000,0,0,0,531000,183000,348000,348000
07703P,玉晶光中信9B售03,0,0,0,0,0,0,0,0,0,347000,0,0,0,420000,73000,347000,347000
2484,希華            ,546000,196000,350000,0,0,0,0,0,0,-3000,1000,4000,-3000,0,0,0,347000
4906,正文            ,637000,272000,365000,0,0,0,0,0,0,-18000,1000,20000,-19000,11000,10000,1000,347000
07416P,台積電元大99售53,0,0,0,0,0,0,0,0,0,346000,0,0,0,366000,20000,346000,346000
2535,達欣工          ,240000,22000,218000,0,0,0,0,0,0,128000,150000,45000,105000,23000,0,23000,346000
063539,世紀鋼統一9B購02,0,0,0,0,0,0,0,0,0,345000,0,0,0,350000,5000,345000,345000
065699,南亞科群益9C購02,0,0,0,0,0,0,0,0,0,345000,0,0,0,345000,0,345000,345000
064398,聚陽凱基01購01  ,0,0,0,0,0,0,0,0,0,345000,0,0,0,515000,170000,345000,345000
064557,鴻海群益9C購04  ,0,0,0,0,0,0,0,0,0,343000,0,0,0,405000,62000,343000,343000
063633,金像電元大9B購05,0,0,0,0,0,0,0,0,0,343000,0,0,0,380000,37000,343000,343000
2329,華泰            ,1009000,640000,369000,0,0,0,0,0,0,-26000,0,26000,-26000,0,0,0,343000
063817,GIS群益9C購01   ,0,0,0,0,0,0,0,0,0,342000,0,0,0,755000,413000,342000,342000
07919P,創意永豐9B售01  ,0,0,0,0,0,0,0,0,0,341000,0,0,0,341000,0,341000,341000
064030,泰碩元大01購01  ,0,0,0,0,0,0,0,0,0,341000,0,0,0,413000,72000,341000,341000
6477,安集            ,836000,964000,-128000,0,0,0,460000,24000,436000,33000,39000,6000,33000,0,0,0,341000
058588,致茂中信9B購01  ,0,0,0,0,0,0,0,0,0,340000,0,0,0,350000,10000,340000,340000
057981,臻鼎永豐98購01  ,0,0,0,0,0,0,0,0,0,340000,0,0,0,496000,156000,340000,340000
00712,FH富時不動產    ,344000,19000,325000,0,0,0,0,0,0,15000,0,0,0,365000,350000,15000,340000
061490,茂林兆豐9B購01  ,0,0,0,0,0,0,0,0,0,340000,0,0,0,414000,74000,340000,340000
1313,聯成            ,446000,90000,356000,0,0,0,0,0,0,-17000,6000,23000,-17000,0,0,0,339000
066234,群光富邦04購01  ,0,0,0,0,0,0,0,0,0,339000,0,0,0,598000,259000,339000,339000
064006,晶技凱基9C購02  ,0,0,0,0,0,0,0,0,0,339000,0,0,0,406000,67000,339000,339000
08611P,聯發科凱基01售08,0,0,0,0,0,0,0,0,0,337000,0,0,0,457000,120000,337000,337000
08060P,嘉澤元大9B售01  ,0,0,0,0,0,0,0,0,0,336000,0,0,0,361000,25000,336000,336000
061480,泰碩元大9B購01  ,0,0,0,0,0,0,0,0,0,336000,0,0,0,336000,0,336000,336000
066204,京鼎統一02購01  ,0,0,0,0,0,0,0,0,0,335000,0,0,0,336000,1000,335000,335000
064446,聚陽統一02購02  ,0,0,0,0,0,0,0,0,0,335000,0,0,0,919000,584000,335000,335000
066577,巨大元大01購02  ,0,0,0,0,0,0,0,0,0,334000,0,0,0,584000,250000,334000,334000
063838,上銀元大9C購01  ,0,0,0,0,0,0,0,0,0,334000,0,0,0,407000,73000,334000,334000
058536,群創統一9B購01  ,0,0,0,0,0,0,0,0,0,332000,0,0,0,487000,155000,332000,332000
057552,禾伸堂凱基98購05,0,0,0,0,0,0,0,0,0,332000,0,0,0,354000,22000,332000,332000
2849,安泰銀          ,50000,104000,-54000,0,0,0,396000,0,396000,-10000,0,10000,-10000,0,0,0,332000
066424,晶技元大01購03  ,0,0,0,0,0,0,0,0,0,331000,0,0,0,474000,143000,331000,331000
057525,光磊元大99購01  ,0,0,0,0,0,0,0,0,0,331000,0,0,0,498000,167000,331000,331000
058318,致茂永豐9A購01  ,0,0,0,0,0,0,0,0,0,331000,0,0,0,566000,235000,331000,331000
00737,國泰AI+Robo     ,253000,0,253000,0,0,0,0,0,0,76000,0,0,0,346000,270000,76000,329000
2106,建大            ,536000,231000,305000,0,0,0,0,0,0,24000,30000,6000,24000,0,0,0,329000
066348,松翰永豐01購01  ,0,0,0,0,0,0,0,0,0,328000,0,0,0,328000,0,328000,328000
08091P,A50正2元富9B售02,0,0,0,0,0,0,0,0,0,328000,0,0,0,453000,125000,328000,328000
00643,群益深証中小    ,522000,79000,443000,0,0,0,0,0,0,-115000,10000,40000,-30000,353000,438000,-85000,328000
065941,超眾群益02購01  ,0,0,0,0,0,0,0,0,0,328000,0,0,0,328000,0,328000,328000
061391,晶技群益9A購02  ,0,0,0,0,0,0,0,0,0,326000,0,0,0,403000,77000,326000,326000
063626,聚陽元大9B購03  ,0,0,0,0,0,0,0,0,0,326000,0,0,0,722000,396000,326000,326000
06478P,臺股指日盛9A售01,0,0,0,0,0,0,0,0,0,326000,0,0,0,361000,35000,326000,326000
066548,燿華元大02購02  ,0,0,0,0,0,0,0,0,0,325000,0,0,0,326000,1000,325000,325000
061479,泰碩元大9A購02  ,0,0,0,0,0,0,0,0,0,325000,0,0,0,325000,0,325000,325000
065577,超眾群益9C購02  ,0,0,0,0,0,0,0,0,0,325000,0,0,0,445000,120000,325000,325000
065354,金像電元富03購01,0,0,0,0,0,0,0,0,0,324000,0,0,0,420000,96000,324000,324000
066452,晶碩群益01購01  ,0,0,0,0,0,0,0,0,0,323000,0,0,0,512000,189000,323000,323000
07889P,旭富國票9B售01  ,0,0,0,0,0,0,0,0,0,323000,0,0,0,552000,229000,323000,323000
057176,全新元大99購02  ,0,0,0,0,0,0,0,0,0,323000,0,0,0,331000,8000,323000,323000
060123,光罩永豐99購02  ,0,0,0,0,0,0,0,0,0,323000,0,0,0,397000,74000,323000,323000
08321P,世芯永豐9C售01  ,0,0,0,0,0,0,0,0,0,322000,0,0,0,322000,0,322000,322000
066243,潤泰新富邦03購01,0,0,0,0,0,0,0,0,0,322000,0,0,0,442000,120000,322000,322000
065949,瑞昱統一01購06  ,0,0,0,0,0,0,0,0,0,322000,0,0,0,647000,325000,322000,322000
063651,金像電台新9B購01,0,0,0,0,0,0,0,0,0,322000,0,0,0,450000,128000,322000,322000
07170P,臺股指國票99售07,0,0,0,0,0,0,0,0,0,321000,0,0,0,321000,0,321000,321000
061071,復盛凱基9A購01  ,0,0,0,0,0,0,0,0,0,321000,0,0,0,322000,1000,321000,321000
064233,燿華統一9C購02  ,0,0,0,0,0,0,0,0,0,321000,0,0,0,321000,0,321000,321000
065989,泰碩永豐01購01  ,0,0,0,0,0,0,0,0,0,321000,0,0,0,346000,25000,321000,321000
08131P,立積元大9B售02  ,0,0,0,0,0,0,0,0,0,319000,0,0,0,320000,1000,319000,319000
00640L,富邦日本正2     ,0,88000,-88000,0,0,0,0,0,0,407000,0,0,0,482000,75000,407000,319000
053220,瀚宇博凱基98購01,0,0,0,0,0,0,0,0,0,319000,0,0,0,319000,0,319000,319000
066188,訊芯凱基01購01  ,0,0,0,0,0,0,0,0,0,318000,0,0,0,366000,48000,318000,318000
054471,T50反1中信9C購01,0,0,0,0,0,0,0,0,0,318000,0,0,0,561000,243000,318000,318000
064833,新光金統一02購01,0,0,0,0,0,0,0,0,0,318000,0,0,0,477000,159000,318000,318000
08062P,華擎國票9B售03  ,0,0,0,0,0,0,0,0,0,317000,0,0,0,381000,64000,317000,317000
065330,億豐凱基9C購03  ,0,0,0,0,0,0,0,0,0,317000,0,0,0,320000,3000,317000,317000
2838,聯邦銀          ,510000,151650,358350,0,0,0,0,0,0,-42000,0,42000,-42000,0,0,0,316350
059730,晶相光元大9C購02,0,0,0,0,0,0,0,0,0,316000,0,0,0,348000,32000,316000,316000
063674,力山國泰01購02  ,0,0,0,0,0,0,0,0,0,316000,0,0,0,615000,299000,316000,316000
066774,聯詠富邦03購01  ,0,0,0,0,0,0,0,0,0,315000,0,0,0,626000,311000,315000,315000
056496,康控國泰99購01  ,0,0,0,0,0,0,0,0,0,315000,0,0,0,390000,75000,315000,315000
061817,高鐵群益9B購01  ,0,0,0,0,0,0,0,0,0,315000,0,0,0,325000,10000,315000,315000
00703,台新MSCI中國    ,1000,2000,-1000,0,0,0,0,0,0,315000,0,0,0,371000,56000,315000,314000
05953P,台積電國票98售02,0,0,0,0,0,0,0,0,0,314000,0,0,0,380000,66000,314000,314000
061131,崇越永豐9A購01  ,0,0,0,0,0,0,0,0,0,313000,0,0,0,389000,76000,313000,313000
064971,裕隆元大01購01  ,0,0,0,0,0,0,0,0,0,313000,0,0,0,413000,100000,313000,313000
066092,億豐永豐01購01  ,0,0,0,0,0,0,0,0,0,313000,0,0,0,313000,0,313000,313000
065970,燿華元大02購01  ,0,0,0,0,0,0,0,0,0,312000,0,0,0,335000,23000,312000,312000
065526,台表科群益9C購03,0,0,0,0,0,0,0,0,0,312000,0,0,0,314000,2000,312000,312000
064413,世紀鋼凱基02購01,0,0,0,0,0,0,0,0,0,312000,0,0,0,619000,307000,312000,312000
066643,旺宏麥證01購01  ,0,0,0,311000,0,311000,0,0,0,311000,0,0,0,311000,0,311000,311000
6416,瑞祺電通        ,510000,205000,305000,0,0,0,80000,4771,75229,-70000,28000,176000,-148000,94000,16000,78000,310229
066771,滬深2X富邦02購01,0,0,0,0,0,0,0,0,0,310000,0,0,0,540000,230000,310000,310000
066710,彩晶群益03購01  ,0,0,0,0,0,0,0,0,0,309000,0,0,0,309000,0,309000,309000
058656,燿華中信99購01  ,0,0,0,0,0,0,0,0,0,309000,0,0,0,314000,5000,309000,309000
07861P,台灣50中信03售08,0,0,0,0,0,0,0,0,0,308000,0,0,0,328000,20000,308000,308000
3596,智易            ,337000,802000,-465000,0,0,0,0,0,0,773000,105000,3000,102000,678000,7000,671000,308000
057689,南亞科凱基99購02,0,0,0,0,0,0,0,0,0,307000,0,0,0,310000,3000,307000,307000
08080P,祥碩國票9B售03  ,0,0,0,0,0,0,0,0,0,306000,0,0,0,470000,164000,306000,306000
08387P,臺股指群益9C售15,0,0,0,0,0,0,0,0,0,306000,0,0,0,593000,287000,306000,306000
060214,茂林康和9A購01  ,0,0,0,0,0,0,0,0,0,306000,0,0,0,308000,2000,306000,306000
06701P,臺股指統一99售06,0,0,0,0,0,0,0,0,0,305000,0,0,0,305000,0,305000,305000
057696,聯電群益9A購01  ,0,0,0,0,0,0,0,0,0,305000,0,0,0,305000,0,305000,305000
060561,台積電富邦04購01,0,0,0,0,0,0,0,0,0,305000,0,0,0,305000,0,305000,305000
066927,亞德客國票02購01,0,0,0,0,0,0,0,0,0,304000,0,0,0,369000,65000,304000,304000
2905,三商            ,681000,369000,312000,0,0,0,1410,0,1410,-10000,3000,13000,-10000,0,0,0,303410
063334,復盛國票9B購01  ,0,0,0,0,0,0,0,0,0,303000,0,0,0,303000,0,303000,303000
062398,建準永豐9B購01  ,0,0,0,0,0,0,0,0,0,302000,0,0,0,364000,62000,302000,302000
066909,義隆凱基01購04  ,0,0,0,0,0,0,0,0,0,301000,0,0,0,381000,80000,301000,301000
065485,巨大元大9C購02  ,0,0,0,0,0,0,0,0,0,301000,0,0,0,422000,121000,301000,301000
066683,和碩兆豐01購01  ,0,0,0,0,0,0,0,0,0,300000,0,0,0,400000,100000,300000,300000
08198P,聯發科元大9B售25,0,0,0,0,0,0,0,0,0,300000,0,0,0,300000,0,300000,300000
07701P,玉晶光第一9A售02,0,0,0,0,0,0,0,0,0,300000,0,0,0,300000,0,300000,300000
07410P,鴻海元大99售44  ,0,0,0,0,0,0,0,0,0,300000,0,0,0,300000,0,300000,300000
058245,訊連元大99購01  ,0,0,0,0,0,0,0,0,0,300000,0,0,0,300000,0,300000,300000
060884,超眾中信9B購01  ,0,0,0,0,0,0,0,0,0,300000,0,0,0,313000,13000,300000,300000
063444,金像電統一03購01,0,0,0,0,0,0,0,0,0,300000,0,0,0,402000,102000,300000,300000
1527,鑽全            ,384000,77000,307000,0,0,0,0,0,0,-8000,0,8000,-8000,0,0,0,299000
067092,美利達元大01購03,0,0,0,0,0,0,0,0,0,298000,0,0,0,353000,55000,298000,298000
061664,上銀中信9A購01  ,0,0,0,0,0,0,0,0,0,298000,0,0,0,313000,15000,298000,298000
063461,金像電元大9B購03,0,0,0,0,0,0,0,0,0,297000,0,0,0,371000,74000,297000,297000
063263,高鐵永豐9B購01  ,0,0,0,0,0,0,0,0,0,296000,0,0,0,296000,0,296000,296000
060671,亞德客元大9A購03,0,0,0,0,0,0,0,0,0,296000,0,0,0,370000,74000,296000,296000
062060,奇鋐統一9C購01  ,0,0,0,0,0,0,0,0,0,296000,0,0,0,578000,282000,296000,296000
064185,裕隆永豐9C購01  ,0,0,0,0,0,0,0,0,0,296000,0,0,0,463000,167000,296000,296000
067004,義隆永豐01購01  ,0,0,0,0,0,0,0,0,0,295000,0,0,0,309000,14000,295000,295000
066450,松翰群益01購01  ,0,0,0,0,0,0,0,0,0,295000,0,0,0,336000,41000,295000,295000
065300,燿華元富9C購03  ,0,0,0,0,0,0,0,0,0,295000,0,0,0,296000,1000,295000,295000
2208,台船            ,698000,141000,557000,0,0,0,0,0,0,-262000,4000,12000,-8000,14000,268000,-254000,295000
08367P,臺股指凱基9C售11,0,0,0,0,0,0,0,0,0,294000,0,0,0,306000,12000,294000,294000
063438,聚陽統一9C購01  ,0,0,0,0,0,0,0,0,0,294000,0,0,0,411000,117000,294000,294000
065948,燿華統一01購02  ,0,0,0,0,0,0,0,0,0,294000,0,0,0,294000,0,294000,294000
3015,全漢            ,326000,22000,304000,0,0,0,0,0,0,-10000,0,10000,-10000,0,0,0,294000
1460,宏遠            ,386000,93000,293000,0,0,0,0,0,0,0,5000,5000,0,0,0,0,293000
08243P,祥碩凱基9C售02  ,0,0,0,0,0,0,0,0,0,293000,0,0,0,694000,401000,293000,293000
061971,力山元大9C購02  ,0,0,0,0,0,0,0,0,0,293000,0,0,0,315000,22000,293000,293000
064970,東元元大9C購01  ,0,0,0,0,0,0,0,0,0,293000,0,0,0,379000,86000,293000,293000
057818,泰碩元大9A購01  ,0,0,0,0,0,0,0,0,0,292000,0,0,0,483000,191000,292000,292000
062362,致茂元大9B購01  ,0,0,0,0,0,0,0,0,0,292000,0,0,0,340000,48000,292000,292000
9940,信義            ,368000,70000,298000,0,0,0,0,0,0,-6000,5000,11000,-6000,0,0,0,292000
066645,聯發科麥證01購02,0,0,0,309000,18000,291000,0,0,0,291000,0,0,0,309000,18000,291000,291000
056915,上銀兆豐99購01  ,0,0,0,0,0,0,0,0,0,291000,0,0,0,316000,25000,291000,291000
055271,鴻海元大98購03  ,0,0,0,0,0,0,0,0,0,291000,0,0,0,354000,63000,291000,291000
066135,潤泰全群益02購01,0,0,0,0,0,0,0,0,0,291000,0,0,0,291000,0,291000,291000
06638P,鴻海統一99售02  ,0,0,0,0,0,0,0,0,0,290000,0,0,0,290000,0,290000,290000
066303,泰山永豐01購01  ,0,0,0,0,0,0,0,0,0,290000,0,0,0,420000,130000,290000,290000
08087P,聯發科凱基9B售12,0,0,0,0,0,0,0,0,0,290000,0,0,0,300000,10000,290000,290000
08455P,台積電凱基9C售05,0,0,0,0,0,0,0,0,0,288000,0,0,0,1108000,820000,288000,288000
067225,巨大元大01購03  ,0,0,0,0,0,0,0,0,0,288000,0,0,0,304000,16000,288000,288000
062638,茂林國票9C購01  ,0,0,0,0,0,0,0,0,0,288000,0,0,0,329000,41000,288000,288000
062906,全新元大9B購03  ,0,0,0,0,0,0,0,0,0,287000,0,0,0,307000,20000,287000,287000
061374,力山永豐9A購04  ,0,0,0,0,0,0,0,0,0,287000,0,0,0,297000,10000,287000,287000
061110,超眾元大9A購03  ,0,0,0,0,0,0,0,0,0,286000,0,0,0,317000,31000,286000,286000
059932,世紀鋼富邦9A購02,0,0,0,0,0,0,0,0,0,286000,0,0,0,286000,0,286000,286000
066160,美利達康和01購01,0,0,0,0,0,0,0,0,0,286000,0,0,0,354000,68000,286000,286000
065765,GIS元大9C購09   ,0,0,0,0,0,0,0,0,0,286000,0,0,0,416000,130000,286000,286000
065349,玉晶光統一9C購05,0,0,0,0,0,0,0,0,0,286000,0,0,0,499000,213000,286000,286000
064480,聚陽永豐9C購01  ,0,0,0,0,0,0,0,0,0,286000,0,0,0,499000,213000,286000,286000
066359,潤泰新永豐01購01,0,0,0,0,0,0,0,0,0,285000,0,0,0,287000,2000,285000,285000
066899,義隆康和01購01  ,0,0,0,0,0,0,0,0,0,284000,0,0,0,300000,16000,284000,284000
066634,泰碩凱基02購02  ,0,0,0,0,0,0,0,0,0,283000,0,0,0,283000,0,283000,283000
062051,上銀統一9C購02  ,0,0,0,0,0,0,0,0,0,283000,0,0,0,515000,232000,283000,283000
063166,超眾永豐9B購01  ,0,0,0,0,0,0,0,0,0,282000,0,0,0,287000,5000,282000,282000
055902,同欣電中信99購01,0,0,0,0,0,0,0,0,0,281000,0,0,0,1800000,1519000,281000,281000
057953,聚陽元大98購01  ,0,0,0,0,0,0,0,0,0,281000,0,0,0,301000,20000,281000,281000
3703,欣陸            ,359000,69000,290000,0,0,0,0,0,0,-9000,0,9000,-9000,0,0,0,281000
065002,致茂國票01購01  ,0,0,0,0,0,0,0,0,0,280000,0,0,0,288000,8000,280000,280000
6412,群電            ,578000,293000,285000,0,0,0,1000,0,1000,-6000,1000,2000,-1000,0,5000,-5000,280000
066200,建準統一02購01  ,0,0,0,0,0,0,0,0,0,279000,0,0,0,378000,99000,279000,279000
065499,京元電富邦01購01,0,0,0,0,0,0,0,0,0,279000,0,0,0,575000,296000,279000,279000
064904,茂林群益9C購02  ,0,0,0,0,0,0,0,0,0,279000,0,0,0,373000,94000,279000,279000
064853,亞德客麥證9C購01,0,0,0,278000,1000,277000,0,0,0,277000,0,0,0,278000,1000,277000,277000
060990,新光金元大9B購03,0,0,0,0,0,0,0,0,0,276000,0,0,0,526000,250000,276000,276000
061003,南亞科兆豐9A購01,0,0,0,0,0,0,0,0,0,276000,0,0,0,321000,45000,276000,276000
064650,台表科凱基03購01,0,0,0,0,0,0,0,0,0,276000,0,0,0,286000,10000,276000,276000
057032,A50反1元大9B購01,0,0,0,0,0,0,0,0,0,275000,0,0,0,290000,15000,275000,275000
062458,全新群益9B購03  ,0,0,0,0,0,0,0,0,0,275000,0,0,0,391000,116000,275000,275000
064805,金像電元大9C購04,0,0,0,0,0,0,0,0,0,275000,0,0,0,343000,68000,275000,275000
064553,臺指反群益9C購01,0,0,0,0,0,0,0,0,0,275000,0,0,0,859000,584000,275000,275000
063676,上銀國泰9C購02  ,0,0,0,0,0,0,0,0,0,275000,0,0,0,401000,126000,275000,275000
062487,中興電永豐9B購01,0,0,0,0,0,0,0,0,0,274000,0,0,0,325000,51000,274000,274000
063003,滬深2X元大9B購06,0,0,0,0,0,0,0,0,0,273000,0,0,0,380000,107000,273000,273000
065961,東元元大04購01  ,0,0,0,0,0,0,0,0,0,273000,0,0,0,321000,48000,273000,273000
066264,金像電元大01購01,0,0,0,0,0,0,0,0,0,270000,0,0,0,422000,152000,270000,270000
066917,美利達凱基01購02,0,0,0,0,0,0,0,0,0,270000,0,0,0,270000,0,270000,270000
065605,義隆元大01購02  ,0,0,0,0,0,0,0,0,0,270000,0,0,0,351000,81000,270000,270000
063762,緯穎統一9C購01  ,0,0,0,0,0,0,0,0,0,270000,0,0,0,300000,30000,270000,270000
064757,義隆凱基01購02  ,0,0,0,0,0,0,0,0,0,270000,0,0,0,331000,61000,270000,270000
058807,和大統一9B購01  ,0,0,0,0,0,0,0,0,0,269000,0,0,0,279000,10000,269000,269000
054808,東元元大9A購01  ,0,0,0,0,0,0,0,0,0,269000,0,0,0,330000,61000,269000,269000
063499,金像電永豐9B購03,0,0,0,0,0,0,0,0,0,269000,0,0,0,271000,2000,269000,269000
062819,奇鋐兆豐9B購01  ,0,0,0,0,0,0,0,0,0,269000,0,0,0,440000,171000,269000,269000
059279,台灣50富邦9C購03,0,0,0,0,0,0,0,0,0,269000,0,0,0,269000,0,269000,269000
062463,世紀鋼麥證9B購01,0,0,0,268000,0,268000,0,0,0,268000,0,0,0,268000,0,268000,268000
065554,群創凱基02購02  ,0,0,0,0,0,0,0,0,0,268000,0,0,0,305000,37000,268000,268000
064703,T50反1國泰01購01,0,0,0,0,0,0,0,0,0,267000,0,0,0,340000,73000,267000,267000
2369,菱生            ,1015000,735000,280000,0,0,0,0,0,0,-13000,4000,17000,-13000,0,0,0,267000
08093P,英業達元富9B售02,0,0,0,0,0,0,0,0,0,266000,0,0,0,484000,218000,266000,266000
064012,泰碩國票01購02  ,0,0,0,0,0,0,0,0,0,266000,0,0,0,296000,30000,266000,266000
053798,台積電中信98購02,0,0,0,0,0,0,0,0,0,265000,0,0,0,280000,15000,265000,265000
060735,鴻海統一9C購03  ,0,0,0,0,0,0,0,0,0,265000,0,0,0,275000,10000,265000,265000
066677,台泥兆豐03購01  ,0,0,0,0,0,0,0,0,0,264000,0,0,0,264000,0,264000,264000
061536,華擎統一9C購02  ,0,0,0,0,0,0,0,0,0,264000,0,0,0,390000,126000,264000,264000
062382,燿華國泰9C購01  ,0,0,0,0,0,0,0,0,0,263000,0,0,0,263000,0,263000,263000
059061,晶技凱基9A購01  ,0,0,0,0,0,0,0,0,0,262000,0,0,0,288000,26000,262000,262000
061188,大成鋼富邦9B購01,0,0,0,0,0,0,0,0,0,260000,0,0,0,262000,2000,260000,260000
064109,上銀國票01購01  ,0,0,0,0,0,0,0,0,0,260000,0,0,0,316000,56000,260000,260000
064716,國巨統一9C購14  ,0,0,0,0,0,0,0,0,0,260000,0,0,0,260000,0,260000,260000
057684,聯茂日盛99購01  ,0,0,0,0,0,0,0,0,0,259000,0,0,0,321000,62000,259000,259000
063373,晶技永豐9B購02  ,0,0,0,0,0,0,0,0,0,259000,0,0,0,299000,40000,259000,259000
062353,亞德客元大9B購01,0,0,0,0,0,0,0,0,0,259000,0,0,0,278000,19000,259000,259000
063930,高鐵統一02購02  ,0,0,0,0,0,0,0,0,0,259000,0,0,0,259000,0,259000,259000
065299,燿華元富9C購02  ,0,0,0,0,0,0,0,0,0,259000,0,0,0,262000,3000,259000,259000
057161,亞德客元大98購02,0,0,0,0,0,0,0,0,0,258000,0,0,0,407000,149000,258000,258000
063490,儒鴻富邦9C購01  ,0,0,0,0,0,0,0,0,0,258000,0,0,0,1015000,757000,258000,258000
064364,高鐵統一9C購02  ,0,0,0,0,0,0,0,0,0,258000,0,0,0,258000,0,258000,258000
066847,群創元大01購03  ,0,0,0,0,0,0,0,0,0,257000,0,0,0,280000,23000,257000,257000
064645,義隆凱基03購01  ,0,0,0,0,0,0,0,0,0,257000,0,0,0,260000,3000,257000,257000
08692P,國巨兆豐01售02  ,0,0,0,0,0,0,0,0,0,256000,0,0,0,275000,19000,256000,256000
057390,台表科永豐98購01,0,0,0,0,0,0,0,0,0,256000,0,0,0,256000,0,256000,256000
061190,力山永豐9A購02  ,0,0,0,0,0,0,0,0,0,256000,0,0,0,301000,45000,256000,256000
064936,世紀鋼統一9C購02,0,0,0,0,0,0,0,0,0,255000,0,0,0,355000,100000,255000,255000
2013,中鋼構          ,338000,77000,261000,0,0,0,0,0,0,-6000,0,6000,-6000,0,0,0,255000
3698,隆達            ,913000,772000,141000,0,0,0,0,0,0,114000,100000,19000,81000,33000,0,33000,255000
3052,夆典            ,296000,40000,256000,0,0,0,0,0,0,-1000,0,1000,-1000,0,0,0,255000
057357,超眾統一98購01  ,0,0,0,0,0,0,0,0,0,254000,0,0,0,254000,0,254000,254000
065911,超眾永豐9C購01  ,0,0,0,0,0,0,0,0,0,254000,0,0,0,254000,0,254000,254000
066342,上緯控永豐01購01,0,0,0,0,0,0,0,0,0,253000,0,0,0,283000,30000,253000,253000
054751,GIS凱基98購01   ,0,0,0,0,0,0,0,0,0,253000,0,0,0,350000,97000,253000,253000
061015,旺宏麥證9A購03  ,0,0,0,253000,0,253000,0,0,0,253000,0,0,0,253000,0,253000,253000
0050,元大台灣50      ,895154,441700,453454,0,0,0,0,175000,-175000,-26000,24000,560000,-536000,2222000,1712000,510000,252454
07287P,全新群益9B售01  ,0,0,0,0,0,0,0,0,0,251000,0,0,0,251000,0,251000,251000
061995,超眾元大01購01  ,0,0,0,0,0,0,0,0,0,251000,0,0,0,251000,0,251000,251000
061841,晶技凱基9C購01  ,0,0,0,0,0,0,0,0,0,251000,0,0,0,260000,9000,251000,251000
064283,奇鋐元大9C購02  ,0,0,0,0,0,0,0,0,0,251000,0,0,0,509000,258000,251000,251000
064426,群創兆豐9C購01  ,0,0,0,0,0,0,0,0,0,251000,0,0,0,251000,0,251000,251000
07927P,國巨統一9B售08  ,0,0,0,0,0,0,0,0,0,250000,0,0,0,250000,0,250000,250000
1522,堤維西          ,292000,37000,255000,0,0,0,0,0,0,-5000,3000,8000,-5000,0,0,0,250000
056068,欣興元大97購05  ,0,0,0,0,0,0,0,0,0,250000,0,0,0,250000,0,250000,250000
056380,麗豐元富98購01  ,0,0,0,0,0,0,0,0,0,250000,0,0,0,250000,0,250000,250000
061006,新光金兆豐9A購01,0,0,0,0,0,0,0,0,0,250000,0,0,0,284000,34000,250000,250000
064948,致茂凱基01購01  ,0,0,0,0,0,0,0,0,0,250000,0,0,0,265000,15000,250000,250000
065237,茂林凱基01購01  ,0,0,0,0,0,0,0,0,0,250000,0,0,0,291000,41000,250000,250000
055032,億光富邦99購01  ,0,0,0,0,0,0,0,0,0,249000,0,0,0,333000,84000,249000,249000
058034,神達永豐98購02  ,0,0,0,0,0,0,0,0,0,249000,0,0,0,249000,0,249000,249000
057575,世紀鋼永豐98購02,0,0,0,0,0,0,0,0,0,249000,0,0,0,272000,23000,249000,249000
058831,茂林永豐99購01  ,0,0,0,0,0,0,0,0,0,249000,0,0,0,250000,1000,249000,249000
063557,聚陽元大9B購01  ,0,0,0,0,0,0,0,0,0,249000,0,0,0,269000,20000,249000,249000
061676,新光金元大9A購03,0,0,0,0,0,0,0,0,0,248000,0,0,0,250000,2000,248000,248000
061070,超眾凱基9C購01  ,0,0,0,0,0,0,0,0,0,248000,0,0,0,248000,0,248000,248000
1519,華城            ,537000,314000,223000,0,0,0,0,0,0,24000,2000,5000,-3000,69000,42000,27000,247000
061626,超眾群益9A購02  ,0,0,0,0,0,0,0,0,0,247000,0,0,0,290000,43000,247000,247000
1104,環泥            ,552000,247000,305000,0,0,0,0,0,0,-59000,0,59000,-59000,0,0,0,246000
2464,盟立            ,265000,51000,214000,0,0,0,0,0,0,32000,0,7000,-7000,54000,15000,39000,246000
08652P,鴻海群益9C售09  ,0,0,0,0,0,0,0,0,0,245000,0,0,0,405000,160000,245000,245000
061926,晶技凱基9B購02  ,0,0,0,0,0,0,0,0,0,244000,0,0,0,247000,3000,244000,244000
056939,康控元富98購01  ,0,0,0,0,0,0,0,0,0,244000,0,0,0,290000,46000,244000,244000
063613,全新群益9C購01  ,0,0,0,0,0,0,0,0,0,244000,0,0,0,376000,132000,244000,244000
057719,欣興元富02購01  ,0,0,0,0,0,0,0,0,0,243000,0,0,0,399000,156000,243000,243000
061297,台積電富邦9C購09,0,0,0,0,0,0,0,0,0,243000,0,0,0,243000,0,243000,243000
063654,上銀元富9B購05  ,0,0,0,0,0,0,0,0,0,243000,0,0,0,355000,112000,243000,243000
08662P,台積電國泰03售01,0,0,0,0,0,0,0,0,0,242000,0,0,0,461000,219000,242000,242000
053449,超眾凱基98購01  ,0,0,0,0,0,0,0,0,0,242000,0,0,0,270000,28000,242000,242000
064532,聯茂兆豐01購01  ,0,0,0,0,0,0,0,0,0,241000,0,0,0,259000,18000,241000,241000
06503P,臺股指中信9A售02,0,0,0,0,0,0,0,0,0,241000,0,0,0,918000,677000,241000,241000
08649P,聯發科元大9C售21,0,0,0,0,0,0,0,0,0,240000,0,0,0,250000,10000,240000,240000
063025,超眾元大9B購01  ,0,0,0,0,0,0,0,0,0,240000,0,0,0,261000,21000,240000,240000
064780,義隆群益9C購04  ,0,0,0,0,0,0,0,0,0,240000,0,0,0,241000,1000,240000,240000
067152,義隆統一02購03  ,0,0,0,0,0,0,0,0,0,239000,0,0,0,339000,100000,239000,239000
2634,漢翔            ,459000,313000,146000,0,0,0,4000,0,4000,89000,3000,13000,-10000,109000,10000,99000,239000
066297,美利達元大01購01,0,0,0,0,0,0,0,0,0,238000,0,0,0,345000,107000,238000,238000
066751,矽創元大01購03  ,0,0,0,0,0,0,0,0,0,238000,0,0,0,317000,79000,238000,238000
066567,臻鼎元大01購01  ,0,0,0,0,0,0,0,0,0,238000,0,0,0,353000,115000,238000,238000
08588P,緯穎元富03售01  ,0,0,0,0,0,0,0,0,0,238000,0,0,0,402000,164000,238000,238000
063379,帆宣永豐9B購01  ,0,0,0,0,0,0,0,0,0,238000,0,0,0,354000,116000,238000,238000
064779,義隆群益9C購03  ,0,0,0,0,0,0,0,0,0,238000,0,0,0,293000,55000,238000,238000
060813,高鐵凱基9A購01  ,0,0,0,0,0,0,0,0,0,237000,0,0,0,269000,32000,237000,237000
059926,世紀鋼國泰9B購01,0,0,0,0,0,0,0,0,0,237000,0,0,0,300000,63000,237000,237000
065611,嘉聯益元大9C購02,0,0,0,0,0,0,0,0,0,237000,0,0,0,505000,268000,237000,237000
067098,台積電群益01購10,30000,0,30000,0,0,0,0,0,0,206000,0,0,0,264000,58000,206000,236000
054826,復盛元大9A購01  ,0,0,0,0,0,0,0,0,0,236000,0,0,0,242000,6000,236000,236000
064751,亞德客凱基9C購02,0,0,0,0,0,0,0,0,0,236000,0,0,0,236000,0,236000,236000
08384P,臺股指群益9C售12,0,0,0,0,0,0,0,0,0,235000,0,0,0,260000,25000,235000,235000
07619P,鴻海統一9A售03  ,0,0,0,0,0,0,0,0,0,235000,0,0,0,235000,0,235000,235000
2031,新光鋼          ,384000,129000,255000,0,0,0,0,0,0,-20000,1000,21000,-20000,0,0,0,235000
066835,台郡群益01購02  ,0,0,0,0,0,0,0,0,0,234000,0,0,0,254000,20000,234000,234000
066369,瀚宇博中信01購01,0,0,0,0,0,0,0,0,0,234000,0,0,0,256000,22000,234000,234000
056571,燿華元大98購02  ,0,0,0,0,0,0,0,0,0,234000,0,0,0,356000,122000,234000,234000
061044,世紀鋼永豐9A購02,0,0,0,0,0,0,0,0,0,234000,0,0,0,234000,0,234000,234000
08761P,聯詠元大01售02  ,0,0,0,0,0,0,0,0,0,233000,0,0,0,261000,28000,233000,233000
061770,泰碩元大9B購02  ,0,0,0,0,0,0,0,0,0,233000,0,0,0,233000,0,233000,233000
063948,高鐵元大9C購01  ,0,0,0,0,0,0,0,0,0,233000,0,0,0,247000,14000,233000,233000
061197,矽創永豐9A購02  ,0,0,0,0,0,0,0,0,0,232000,0,0,0,242000,10000,232000,232000
061355,康友元大9A購03  ,0,0,0,0,0,0,0,0,0,231000,0,0,0,299000,68000,231000,231000
065919,禾伸堂凱基02購01,0,0,0,0,0,0,0,0,0,231000,0,0,0,231000,0,231000,231000
08790P,聯發科元富01售01,0,0,0,0,0,0,0,0,0,230000,0,0,0,247000,17000,230000,230000
066950,義隆元大01購03  ,0,0,0,0,0,0,0,0,0,230000,0,0,0,362000,132000,230000,230000
057079,台積電統一9A購02,0,0,0,0,0,0,0,0,0,230000,0,0,0,240000,10000,230000,230000
063660,儒鴻統一9C購01  ,0,0,0,0,0,0,0,0,0,230000,0,0,0,572000,342000,230000,230000
08392P,上銀群益9C售01  ,0,0,0,0,0,0,0,0,0,229000,0,0,0,229000,0,229000,229000
07910P,台積電統一9C售07,0,0,0,0,0,0,0,0,0,229000,0,0,0,229000,0,229000,229000
062972,京元電元富9B購01,0,0,0,0,0,0,0,0,0,229000,0,0,0,306000,77000,229000,229000
061645,超眾元大9A購06  ,0,0,0,0,0,0,0,0,0,229000,0,0,0,416000,187000,229000,229000
062235,億光凱基9B購01  ,0,0,0,0,0,0,0,0,0,229000,0,0,0,323000,94000,229000,229000
065260,金像電元大9C購07,0,0,0,0,0,0,0,0,0,229000,0,0,0,326000,97000,229000,229000
2608,嘉里大榮        ,283000,44000,239000,0,0,0,0,0,0,-10000,0,10000,-10000,0,0,0,229000
057354,聯鈞統一99購03  ,0,0,0,0,0,0,0,0,0,228000,0,0,0,495000,267000,228000,228000
065721,中壽兆豐9C購01  ,0,0,0,0,0,0,0,0,0,228000,0,0,0,260000,32000,228000,228000
064198,超眾群益9C購01  ,0,0,0,0,0,0,0,0,0,228000,0,0,0,271000,43000,228000,228000
066434,台虹元大01購01  ,0,0,0,0,0,0,0,0,0,227000,0,0,0,472000,245000,227000,227000
066194,美利達凱基01購01,0,0,0,0,0,0,0,0,0,227000,0,0,0,227000,0,227000,227000
055337,超眾兆豐98購01  ,0,0,0,0,0,0,0,0,0,227000,0,0,0,238000,11000,227000,227000
063831,帆宣國票01購01  ,0,0,0,0,0,0,0,0,0,227000,0,0,0,242000,15000,227000,227000
064568,聯鈞群益9C購01  ,0,0,0,0,0,0,0,0,0,227000,0,0,0,245000,18000,227000,227000
061942,亞德客群益9B購01,0,0,0,0,0,0,0,0,0,226000,0,0,0,231000,5000,226000,226000
08617P,緯創元富9C售03  ,0,0,0,0,0,0,0,0,0,225000,0,0,0,327000,102000,225000,225000
062936,鴻海凱基9B購07  ,0,0,0,0,0,0,0,0,0,225000,0,0,0,236000,11000,225000,225000
063559,力山元大9B購04  ,0,0,0,0,0,0,0,0,0,225000,0,0,0,225000,0,225000,225000
064039,亞德客統一02購01,0,0,0,0,0,0,0,0,0,225000,0,0,0,246000,21000,225000,225000
065583,超眾國泰02購01  ,0,0,0,0,0,0,0,0,0,225000,0,0,0,225000,0,225000,225000
3705,永信            ,407000,180000,227000,0,0,0,0,0,0,-2000,0,4000,-4000,2000,0,2000,225000
1455,集盛            ,292000,48000,244000,0,0,0,0,0,0,-20000,5000,25000,-20000,0,0,0,224000
057581,元大金中信9A購01,0,0,0,0,0,0,0,0,0,224000,0,0,0,453000,229000,224000,224000
059042,世紀鋼群益99購02,0,0,0,0,0,0,0,0,0,224000,0,0,0,224000,0,224000,224000
060756,鴻海元大9A購16  ,0,0,0,0,0,0,0,0,0,224000,0,0,0,293000,69000,224000,224000
061769,晶技元大9B購03  ,0,0,0,0,0,0,0,0,0,224000,0,0,0,413000,189000,224000,224000
064092,世紀鋼凱基9C購03,0,0,0,0,0,0,0,0,0,224000,0,0,0,314000,90000,224000,224000
063777,儒鴻永豐9B購02  ,0,0,0,0,0,0,0,0,0,224000,0,0,0,510000,286000,224000,224000
064481,技嘉永豐9C購01  ,0,0,0,0,0,0,0,0,0,224000,0,0,0,277000,53000,224000,224000
2472,立隆電          ,395000,164000,231000,0,0,0,0,0,0,-7000,1000,8000,-7000,0,0,0,224000
066373,美利達中信01購01,0,0,0,0,0,0,0,0,0,223000,0,0,0,257000,34000,223000,223000
066378,超眾兆豐03購01  ,0,0,0,0,0,0,0,0,0,223000,0,0,0,321000,98000,223000,223000
061943,上銀群益9B購02  ,0,0,0,0,0,0,0,0,0,223000,0,0,0,275000,52000,223000,223000
057391,樺漢永豐98購01  ,0,0,0,0,0,0,0,0,0,223000,0,0,0,330000,107000,223000,223000
2801,彰銀            ,2344532,2086483,258049,0,0,0,43000,0,43000,-79000,0,85000,-85000,25000,19000,6000,222049
064391,亞德客永豐9C購01,0,0,0,0,0,0,0,0,0,222000,0,0,0,265000,43000,222000,222000
065041,金像電凱基02購02,0,0,0,0,0,0,0,0,0,222000,0,0,0,319000,97000,222000,222000
08817P,致新元富01售02  ,0,0,0,0,0,0,0,0,0,220000,0,0,0,224000,4000,220000,220000
08364P,聯發科凱基02售02,0,0,0,0,0,0,0,0,0,220000,0,0,0,220000,0,220000,220000
060959,金像電凱基9A購01,0,0,0,0,0,0,0,0,0,220000,0,0,0,269000,49000,220000,220000
062849,中興電永豐9B購02,0,0,0,0,0,0,0,0,0,220000,0,0,0,250000,30000,220000,220000
065150,上銀群益9C購03  ,0,0,0,0,0,0,0,0,0,220000,0,0,0,342000,122000,220000,220000
066747,台郡元大01購03  ,0,0,0,0,0,0,0,0,0,219000,0,0,0,328000,109000,219000,219000
067248,帆宣群益01購01  ,0,0,0,0,0,0,0,0,0,219000,0,0,0,341000,122000,219000,219000
062167,燿華永豐9B購01  ,0,0,0,0,0,0,0,0,0,219000,0,0,0,249000,30000,219000,219000
057789,上銀統一9A購01  ,0,0,0,0,0,0,0,0,0,219000,0,0,0,278000,59000,219000,219000
059009,世紀鋼元大99購04,0,0,0,0,0,0,0,0,0,219000,0,0,0,300000,81000,219000,219000
062886,中興電群益9B購01,0,0,0,0,0,0,0,0,0,219000,0,0,0,256000,37000,219000,219000
064838,旭富統一01購01  ,0,0,0,0,0,0,0,0,0,219000,0,0,0,223000,4000,219000,219000
063876,華新元富9C購01  ,0,0,0,0,0,0,0,0,0,219000,0,0,0,334000,115000,219000,219000
6226,光鼎            ,285000,50000,235000,0,0,0,0,0,0,-16000,1000,17000,-16000,0,0,0,219000
067061,亞泥元大01購01  ,0,0,0,0,0,0,0,0,0,218000,0,0,0,248000,30000,218000,218000
063426,茂林凱基9B購03  ,0,0,0,0,0,0,0,0,0,218000,0,0,0,248000,30000,218000,218000
061509,SP黃豆富邦9C購01,0,0,0,0,0,0,0,0,0,217000,0,0,0,280000,63000,217000,217000
065572,泰碩群益01購01  ,0,0,0,0,0,0,0,0,0,217000,0,0,0,237000,20000,217000,217000
1109,信大            ,266000,21000,245000,0,0,0,0,0,0,-30000,0,30000,-30000,0,0,0,215000
062185,禾伸堂元大9B購01,0,0,0,0,0,0,0,0,0,215000,0,0,0,285000,70000,215000,215000
065496,裕隆富邦9C購01  ,0,0,0,0,0,0,0,0,0,215000,0,0,0,700000,485000,215000,215000
07953P,健策元大9B售07  ,0,0,0,0,0,0,0,0,0,214000,0,0,0,249000,35000,214000,214000
00742,新光內需收益    ,0,0,0,0,0,0,0,0,0,214000,250000,250000,0,624000,410000,214000,214000
065251,宏達電國泰02購01,0,0,0,0,0,0,0,0,0,214000,0,0,0,232000,18000,214000,214000
065060,上銀群益9C購02  ,0,0,0,0,0,0,0,0,0,214000,0,0,0,261000,47000,214000,214000
064551,鈺齊凱基9C購02  ,0,0,0,0,0,0,0,0,0,214000,0,0,0,248000,34000,214000,214000
08180P,聯發科國泰01售05,0,0,0,0,0,0,0,0,0,213000,0,0,0,233000,20000,213000,213000
056829,台積電富邦9A購01,0,0,0,0,0,0,0,0,0,213000,0,0,0,323000,110000,213000,213000
058045,鴻海元大99購08  ,0,0,0,0,0,0,0,0,0,213000,0,0,0,213000,0,213000,213000
058297,茂林凱基9A購02  ,0,0,0,0,0,0,0,0,0,213000,0,0,0,263000,50000,213000,213000
063987,台灣50永豐9C購01,0,0,0,0,0,0,0,0,0,213000,0,0,0,213000,0,213000,213000
2481,強茂            ,1496000,744000,752000,0,0,0,0,0,0,-539000,70000,89000,-19000,19000,539000,-520000,213000
066805,泰碩凱基02購03  ,0,0,0,0,0,0,0,0,0,212000,0,0,0,212000,0,212000,212000
057804,為升元大98購01  ,0,0,0,0,0,0,0,0,0,212000,0,0,0,312000,100000,212000,212000
063462,金像電元大9C購01,0,0,0,0,0,0,0,0,0,212000,0,0,0,272000,60000,212000,212000
063643,臻鼎元大9B購03  ,0,0,0,0,0,0,0,0,0,212000,0,0,0,212000,0,212000,212000
065038,上銀凱基9C購02  ,0,0,0,0,0,0,0,0,0,212000,0,0,0,333000,121000,212000,212000
4108,懷特            ,611000,399000,212000,0,0,0,0,0,0,0,0,0,0,0,0,0,212000
06685P,鴻海國泰9A售01  ,0,0,0,0,0,0,0,0,0,210000,0,0,0,210000,0,210000,210000
07683P,宏達電凱基9A售03,0,0,0,0,0,0,0,0,0,210000,0,0,0,210000,0,210000,210000
064954,奇鋐凱基9C購01  ,0,0,0,0,0,0,0,0,0,210000,0,0,0,820000,610000,210000,210000
065472,華新元大01購01  ,0,0,0,0,0,0,0,0,0,210000,0,0,0,536000,326000,210000,210000
066156,建準康和01購01  ,0,0,0,0,0,0,0,0,0,210000,0,0,0,276000,66000,210000,210000
6209,今國光          ,892000,674000,218000,0,0,0,0,0,0,-8000,2000,10000,-8000,0,0,0,210000
066521,A50反1中信03購01,0,0,0,0,0,0,0,0,0,209000,0,0,0,240000,31000,209000,209000
055261,帆宣統一98購01  ,0,0,0,0,0,0,0,0,0,209000,0,0,0,209000,0,209000,209000
065470,聚陽元大01購01  ,0,0,0,0,0,0,0,0,0,209000,0,0,0,302000,93000,209000,209000
064318,彩晶群益9C購01  ,0,0,0,0,0,0,0,0,0,209000,0,0,0,209000,0,209000,209000
056943,華通統一99購01  ,0,0,0,0,0,0,0,0,0,208000,0,0,0,401000,193000,208000,208000
058472,亞德客凱基9A購01,0,0,0,0,0,0,0,0,0,208000,0,0,0,333000,125000,208000,208000
063117,聯茂麥證9B購01  ,0,0,0,228000,20000,208000,0,0,0,207000,0,0,0,228000,21000,207000,207000
062610,啟碁凱基9B購01  ,0,0,0,0,0,0,0,0,0,207000,0,0,0,207000,0,207000,207000
065675,茂林凱基03購01  ,0,0,0,0,0,0,0,0,0,207000,0,0,0,247000,40000,207000,207000
066283,鎧勝元大01購02  ,0,0,0,0,0,0,0,0,0,206000,0,0,0,414000,208000,206000,206000
060719,瀚宇博永豐9A購01,0,0,0,0,0,0,0,0,0,206000,0,0,0,343000,137000,206000,206000
059037,宏達電群益99購02,0,0,0,0,0,0,0,0,0,205000,0,0,0,260000,55000,205000,205000
062924,世紀鋼元大9C購04,0,0,0,0,0,0,0,0,0,205000,0,0,0,208000,3000,205000,205000
8462,柏文            ,173000,27000,146000,0,0,0,0,0,0,59000,32000,3000,29000,48000,18000,30000,205000
066535,台積電兆豐01購01,0,0,0,0,0,0,0,0,0,204000,0,0,0,522000,318000,204000,204000
08405P,聯發科元大9C售11,0,0,0,0,0,0,0,0,0,204000,0,0,0,434000,230000,204000,204000
057982,帆宣永豐98購01  ,0,0,0,0,0,0,0,0,0,204000,0,0,0,293000,89000,204000,204000
056095,臻鼎元富9A購01  ,0,10000,-10000,0,0,0,0,0,0,214000,0,0,0,437000,223000,214000,204000
00783,富邦中証500     ,4000,4000,0,0,0,0,0,0,0,204000,0,0,0,1215000,1011000,204000,204000
08633P,聯發科元大9C售20,0,0,0,0,0,0,0,0,0,203000,0,0,0,217000,14000,203000,203000
1536,和大            ,474000,447000,27000,0,0,0,137000,0,137000,39000,11000,4000,7000,51000,19000,32000,203000
060434,台汽電永豐9A購01,0,0,0,0,0,0,0,0,0,203000,0,0,0,266000,63000,203000,203000
066784,滬深反中信03購01,0,0,0,0,0,0,0,0,0,202000,0,0,0,220000,18000,202000,202000
066699,台積電群益01購08,0,0,0,0,0,0,0,0,0,202000,0,0,0,279000,77000,202000,202000
066317,英利永豐01購01  ,0,0,0,0,0,0,0,0,0,202000,0,0,0,203000,1000,202000,202000
07009P,臺股指中信9B售01,0,0,0,0,0,0,0,0,0,202000,0,0,0,202000,0,202000,202000
05644P,大立光中信9A售03,0,0,0,0,0,0,0,0,0,202000,0,0,0,872000,670000,202000,202000
059097,世紀鋼元大99購05,0,0,0,0,0,0,0,0,0,202000,0,0,0,372000,170000,202000,202000
061075,亞德客兆豐9A購01,0,0,0,0,0,0,0,0,0,202000,0,0,0,286000,84000,202000,202000
063031,鴻海凱基9C購01  ,0,0,0,0,0,0,0,0,0,202000,0,0,0,237000,35000,202000,202000
059524,FBVIX凱基9A購02 ,0,0,0,0,0,0,0,0,0,202000,0,0,0,202000,0,202000,202000
07709P,創意元大9A售01  ,0,0,0,0,0,0,0,0,0,201000,0,0,0,651000,450000,201000,201000
058274,世紀鋼永豐99購01,0,0,0,0,0,0,0,0,0,201000,0,0,0,231000,30000,201000,201000
055916,奇鋐凱基99購01  ,0,0,0,0,0,0,0,0,0,201000,0,0,0,301000,100000,201000,201000
056349,道瓊銀元大9B購01,0,0,0,0,0,0,0,0,0,201000,0,0,0,201000,0,201000,201000
056283,鴻海永豐97購03  ,0,0,0,0,0,0,0,0,0,201000,0,0,0,201000,0,201000,201000
060246,晶相光元大9C購03,0,0,0,0,0,0,0,0,0,201000,0,0,0,201000,0,201000,201000
064421,技嘉兆豐01購01  ,0,0,0,0,0,0,0,0,0,201000,0,0,0,317000,116000,201000,201000
07560P,台積電國泰9B售01,0,0,0,0,0,0,0,0,0,200000,0,0,0,200000,0,200000,200000
08197P,聯發科元大9B售24,0,0,0,0,0,0,0,0,0,200000,0,0,0,200000,0,200000,200000
08357P,聯發科元大9C售09,0,0,0,0,0,0,0,0,0,200000,0,0,0,200000,0,200000,200000
054765,亞光國票98購02  ,0,0,0,0,0,0,0,0,0,200000,0,0,0,200000,0,200000,200000
052888,台表科中信9A購01,0,0,0,0,0,0,0,0,0,200000,0,0,0,200000,0,200000,200000
058786,元黃金元大99購01,0,0,0,0,0,0,0,0,0,200000,0,0,0,200000,0,200000,200000
059564,鴻海凱基9A購15  ,0,0,0,0,0,0,0,0,0,200000,0,0,0,200000,0,200000,200000
059307,T50反1元大99購06,0,0,0,0,0,0,0,0,0,200000,0,0,0,200000,0,200000,200000
063601,金像電凱基01購01,0,0,0,0,0,0,0,0,0,200000,0,0,0,266000,66000,200000,200000
063764,上銀元富9B購08  ,0,0,0,0,0,0,0,0,0,200000,0,0,0,367000,167000,200000,200000
07274P,上証2X群益01售01,0,0,0,0,0,0,0,0,0,199000,0,0,0,219000,20000,199000,199000
07771P,義隆國票9A售01  ,0,0,0,0,0,0,0,0,0,199000,0,0,0,299000,100000,199000,199000
066492,台郡元富01購01  ,0,0,0,0,0,0,0,0,0,199000,0,0,0,244000,45000,199000,199000
059949,啟碁永豐99購01  ,0,0,0,0,0,0,0,0,0,199000,0,0,0,230000,31000,199000,199000
062268,力山群益9B購01  ,0,0,0,0,0,0,0,0,0,199000,0,0,0,239000,40000,199000,199000
062381,上銀國泰9C購01  ,0,0,0,0,0,0,0,0,0,199000,0,0,0,247000,48000,199000,199000
065199,華擎元富03購01  ,0,0,0,0,0,0,0,0,0,199000,0,0,0,241000,42000,199000,199000
2442,新美齊          ,304000,29000,275000,0,0,0,0,69613,-69613,-7000,10000,17000,-7000,0,0,0,198387
06763P,技嘉元大98售05  ,0,0,0,0,0,0,0,0,0,198000,0,0,0,198000,0,198000,198000
067111,聯詠群益01購03  ,0,0,0,0,0,0,0,0,0,198000,0,0,0,200000,2000,198000,198000
052619,茂林國泰99購01  ,0,0,0,0,0,0,0,0,0,198000,0,0,0,199000,1000,198000,198000
054771,茂林國票98購02  ,0,0,0,0,0,0,0,0,0,198000,0,0,0,198000,0,198000,198000
056907,群創元大9C購04  ,0,0,0,0,0,0,0,0,0,198000,0,0,0,200000,2000,198000,198000
058979,上銀凱基99購04  ,0,0,0,0,0,0,0,0,0,198000,0,0,0,208000,10000,198000,198000
062560,奇鋐凱基9B購02  ,0,0,0,0,0,0,0,0,0,198000,0,0,0,380000,182000,198000,198000
064848,金像電元富9C購02,0,0,0,0,0,0,0,0,0,198000,0,0,0,497000,299000,198000,198000
064608,滬深2X元大9C購11,0,0,0,0,0,0,0,0,0,198000,0,0,0,198000,0,198000,198000
2515,中工            ,462000,222000,240000,0,0,0,0,0,0,-42000,4000,62000,-58000,20000,4000,16000,198000
067135,聯詠永豐01購02  ,0,0,0,0,0,0,0,0,0,197000,0,0,0,200000,3000,197000,197000
08242P,聯發科凱基9C售06,0,0,0,0,0,0,0,0,0,197000,0,0,0,200000,3000,197000,197000
08287P,茂林凱基9C售02  ,0,0,0,0,0,0,0,0,0,197000,0,0,0,227000,30000,197000,197000
08826P,健策元大01售08  ,0,0,0,0,0,0,0,0,0,197000,0,0,0,319000,122000,197000,197000
054800,訊芯群益99購01  ,0,0,0,0,0,0,0,0,0,197000,0,0,0,199000,2000,197000,197000
058272,超眾永豐9A購01  ,0,0,0,0,0,0,0,0,0,197000,0,0,0,197000,0,197000,197000
063669,宏達電統一9C購01,0,0,0,0,0,0,0,0,0,197000,0,0,0,197000,0,197000,197000
066371,同欣電中信05購01,0,0,0,0,0,0,0,0,0,196000,0,0,0,387000,191000,196000,196000
066185,松翰凱基01購01  ,0,0,0,0,0,0,0,0,0,196000,0,0,0,251000,55000,196000,196000
062578,超眾群益9B購01  ,0,0,0,0,0,0,0,0,0,196000,0,0,0,289000,93000,196000,196000
066334,京城銀永豐01購01,0,0,0,0,0,0,0,0,0,195000,0,0,0,198000,3000,195000,195000
061129,文曄永豐9A購01  ,0,0,0,0,0,0,0,0,0,195000,0,0,0,216000,21000,195000,195000
066217,美利達統一03購01,0,0,0,0,0,0,0,0,0,194000,0,0,0,194000,0,194000,194000
08143P,聯發科凱基9C售05,0,0,0,0,0,0,0,0,0,194000,0,0,0,200000,6000,194000,194000
062682,全新統一9B購01  ,0,0,0,0,0,0,0,0,0,194000,0,0,0,296000,102000,194000,194000
064194,燿華群益9C購01  ,0,0,0,0,0,0,0,0,0,194000,0,0,0,197000,3000,194000,194000
065815,微星元富9C購01  ,0,0,0,0,0,0,0,0,0,194000,0,0,0,767000,573000,194000,194000
08326P,臺股指凱基9C售09,0,0,0,0,0,0,0,0,0,193000,0,0,0,202000,9000,193000,193000
058527,世紀鋼元大99購01,0,0,0,0,0,0,0,0,0,193000,0,0,0,488000,295000,193000,193000
006206,元大上證50      ,347000,83000,264000,0,0,0,0,0,0,-71000,10000,20000,-10000,613000,674000,-61000,193000
061687,大成鋼群益9A購01,0,0,0,0,0,0,0,0,0,193000,0,0,0,193000,0,193000,193000
063034,致茂凱基9B購01  ,0,0,0,0,0,0,0,0,0,193000,0,0,0,193000,0,193000,193000
066111,上銀兆豐02購01  ,0,0,0,0,0,0,0,0,0,193000,0,0,0,451000,258000,193000,193000
07794P,智邦國票9A售03  ,0,0,0,0,0,0,0,0,0,192000,0,0,0,419000,227000,192000,192000
063134,裕隆統一01購01  ,0,0,0,0,0,0,0,0,0,191000,0,0,0,593000,402000,191000,191000
065275,台灣50群益02購02,0,0,0,0,0,0,0,0,0,191000,0,0,0,192000,1000,191000,191000
07954P,台表科元大9B售02,0,0,0,0,0,0,0,0,0,190000,0,0,0,200000,10000,190000,190000
08132P,南六元大9B售05  ,0,0,0,0,0,0,0,0,0,190000,0,0,0,345000,155000,190000,190000
08859P,奇鋐國票03售01  ,0,0,0,0,0,0,0,0,0,190000,0,0,0,213000,23000,190000,190000
08478P,臺股指凱基9C售16,0,0,0,0,0,0,0,0,0,190000,0,0,0,286000,96000,190000,190000
08472P,和碩凱基9C售02  ,0,0,0,0,0,0,0,0,0,190000,0,0,0,260000,70000,190000,190000
063485,巨大元大9B購04  ,0,0,0,0,0,0,0,0,0,190000,0,0,0,241000,51000,190000,190000
066346,眾達永豐01購01  ,0,0,0,0,0,0,0,0,0,189000,0,0,0,295000,106000,189000,189000
062049,亞德客統一01購01,0,0,0,0,0,0,0,0,0,189000,0,0,0,246000,57000,189000,189000
061256,亞德客凱基9B購01,0,0,0,0,0,0,0,0,0,189000,0,0,0,190000,1000,189000,189000
062644,中環國泰9C購01  ,0,0,0,0,0,0,0,0,0,189000,0,0,0,264000,75000,189000,189000
064999,T50反1國票9C購03,0,0,0,0,0,0,0,0,0,189000,0,0,0,333000,144000,189000,189000
064898,國產群益9C購01  ,0,0,0,0,0,0,0,0,0,189000,0,0,0,487000,298000,189000,189000
1907,永豐餘          ,703000,500000,203000,0,0,0,0,0,0,-14000,0,14000,-14000,0,0,0,189000
1308,亞聚            ,251000,114000,137000,0,0,0,146000,34309,111691,-60000,0,39000,-39000,0,21000,-21000,188691
062897,上銀元大9B購06  ,0,0,0,0,0,0,0,0,0,188000,0,0,0,365000,177000,188000,188000
061759,上証反元大02購01,0,0,0,0,0,0,0,0,0,188000,0,0,0,188000,0,188000,188000
064982,新唐元大9C購01  ,0,0,0,0,0,0,0,0,0,188000,0,0,0,238000,50000,188000,188000
08574P,聯發科凱基02售04,0,0,0,0,0,0,0,0,0,187000,0,0,0,220000,33000,187000,187000
057105,致茂群益9A購01  ,0,0,0,0,0,0,0,0,0,187000,0,0,0,382000,195000,187000,187000
060848,聯茂國票9A購02  ,0,0,0,0,0,0,0,0,0,187000,0,0,0,193000,6000,187000,187000
064119,上銀元大9C購06  ,0,0,0,0,0,0,0,0,0,187000,0,0,0,240000,53000,187000,187000
2609,陽明            ,329000,142000,187000,0,0,0,0,0,0,0,0,0,0,0,0,0,187000
2820,華票            ,267000,390000,-123000,0,0,0,354000,0,354000,-44000,1000,45000,-44000,0,0,0,187000
066836,樺漢群益01購01  ,0,0,0,0,0,0,0,0,0,186000,0,0,0,292000,106000,186000,186000
056635,亞德客日盛99購01,0,0,0,0,0,0,0,0,0,186000,0,0,0,188000,2000,186000,186000
055787,聯茂凱基99購01  ,0,0,0,0,0,0,0,0,0,186000,0,0,0,217000,31000,186000,186000
064560,技嘉群益01購01  ,0,0,0,0,0,0,0,0,0,186000,0,0,0,222000,36000,186000,186000
065044,大立光凱基9C購06,0,0,0,0,0,0,0,0,0,186000,0,0,0,222000,36000,186000,186000
066349,聚碩永豐01購01  ,0,0,0,0,0,0,0,0,0,185000,0,0,0,188000,3000,185000,185000
08115P,聯發科凱基9B售13,0,0,0,0,0,0,0,0,0,185000,0,0,0,200000,15000,185000,185000
064049,信邦統一01購01  ,0,0,0,0,0,0,0,0,0,185000,0,0,0,232000,47000,185000,185000
063811,亞德客群益9C購01,0,0,0,0,0,0,0,0,0,185000,0,0,0,283000,98000,185000,185000
058366,元大金凱基99購01,0,0,0,0,0,0,0,0,0,184000,0,0,0,324000,140000,184000,184000
065952,聯發科統一03購02,0,0,0,0,0,0,0,0,0,184000,0,0,0,314000,130000,184000,184000
063433,臻鼎元富9B購01  ,0,0,0,0,0,0,0,0,0,183000,0,0,0,308000,125000,183000,183000
08716P,台積電兆豐01售02,0,0,0,0,0,0,0,0,0,182000,0,0,0,301000,119000,182000,182000
1304,台聚            ,603000,398000,205000,0,0,0,0,0,0,-23000,0,23000,-23000,0,0,0,182000
062177,上銀元大9B購02  ,0,0,0,0,0,0,0,0,0,182000,0,0,0,244000,62000,182000,182000
058676,聯茂群益99購01  ,0,0,0,0,0,0,0,0,0,182000,0,0,0,182000,0,182000,182000
056813,聯茂統一99購01  ,0,0,0,0,0,0,0,0,0,182000,0,0,0,253000,71000,182000,182000
061125,億光永豐9A購01  ,0,0,0,0,0,0,0,0,0,182000,0,0,0,194000,12000,182000,182000
063939,上銀元大9C購04  ,0,0,0,0,0,0,0,0,0,182000,0,0,0,207000,25000,182000,182000
066225,松翰國泰03購01  ,0,0,0,0,0,0,0,0,0,181000,0,0,0,181000,0,181000,181000
062976,嘉澤元富9B購01  ,0,0,0,0,0,0,0,0,0,181000,0,0,0,181000,0,181000,181000
059832,超眾康和99購01  ,0,0,0,0,0,0,0,0,0,181000,0,0,0,181000,0,181000,181000
063933,TPK統一01購01   ,0,0,0,0,0,0,0,0,0,181000,0,0,0,281000,100000,181000,181000
064137,台泥統一02購01  ,0,0,0,0,0,0,0,0,0,181000,0,0,0,239000,58000,181000,181000
063657,茂林元富9B購04  ,0,0,0,0,0,0,0,0,0,181000,0,0,0,516000,335000,181000,181000
4961,天鈺            ,256000,69000,187000,0,0,0,0,0,0,-6000,1000,7000,-6000,0,0,0,181000
066611,台積電麥證01購03,0,0,0,181000,0,181000,0,0,0,180000,0,0,0,181000,1000,180000,180000
08469P,富邦金凱基9C售01,0,0,0,0,0,0,0,0,0,180000,0,0,0,200000,20000,180000,180000
050400,臻鼎中信97購01  ,0,0,0,0,0,0,0,0,0,180000,0,0,0,180000,0,180000,180000
065239,超眾凱基02購02  ,0,0,0,0,0,0,0,0,0,180000,0,0,0,232000,52000,180000,180000
08754P,臺股指群益01售04,0,0,0,0,0,0,0,0,0,179000,0,0,0,343000,164000,179000,179000
064571,帆宣群益9C購01  ,0,0,0,0,0,0,0,0,0,179000,0,0,0,179000,0,179000,179000
058515,健鼎元大99購01  ,0,0,0,0,0,0,0,0,0,178000,0,0,0,180000,2000,178000,178000
065492,台灣50富邦03購02,0,0,0,0,0,0,0,0,0,178000,0,0,0,390000,212000,178000,178000
065986,金像電永豐01購03,0,0,0,0,0,0,0,0,0,178000,0,0,0,178000,0,178000,178000
062207,牧德國票9B購02  ,0,0,0,0,0,0,0,0,0,177000,0,0,0,258000,81000,177000,177000
064569,群創群益9C購01  ,0,0,0,0,0,0,0,0,0,177000,0,0,0,776000,599000,177000,177000
064410,超眾凱基02購01  ,0,0,0,0,0,0,0,0,0,177000,0,0,0,254000,77000,177000,177000
1444,力麗            ,362000,177000,185000,0,0,0,0,0,0,-9000,13000,22000,-9000,0,0,0,176000
07652P,臺股指中信9A售07,0,0,0,0,0,0,0,0,0,176000,0,0,0,225000,49000,176000,176000
057407,超眾群益99購01  ,0,0,0,0,0,0,0,0,0,176000,0,0,0,222000,46000,176000,176000
062327,燿華統一9B購02  ,0,0,0,0,0,0,0,0,0,176000,0,0,0,273000,97000,176000,176000
063293,億豐元大9B購01  ,0,0,0,0,0,0,0,0,0,176000,0,0,0,176000,0,176000,176000
064007,嘉澤凱基02購01  ,0,0,0,0,0,0,0,0,0,176000,0,0,0,197000,21000,176000,176000
08308P,聯發科凱基01售03,0,0,0,0,0,0,0,0,0,175000,0,0,0,215000,40000,175000,175000
061121,智邦永豐9A購02  ,0,0,0,0,0,0,0,0,0,175000,0,0,0,367000,192000,175000,175000
064911,光寶科統一02購01,0,0,0,0,0,0,0,0,0,175000,0,0,0,374000,199000,175000,175000
065689,群創元富9C購04  ,0,0,0,0,0,0,0,0,0,175000,0,0,0,273000,98000,175000,175000
066781,滬深2X中信04購01,0,0,0,0,0,0,0,0,0,174000,0,0,0,490000,316000,174000,174000
062263,康控元大9B購03  ,0,0,0,0,0,0,0,0,0,173000,0,0,0,243000,70000,173000,173000
065706,奇鋐群益9C購02  ,0,0,0,0,0,0,0,0,0,173000,0,0,0,299000,126000,173000,173000
1905,華紙            ,283000,86000,197000,0,0,0,0,0,0,-24000,11000,36000,-25000,1000,0,1000,173000
066300,潤泰新元大01購02,0,0,0,0,0,0,0,0,0,172000,0,0,0,322000,150000,172000,172000
067062,神隆元大01購02  ,0,0,0,0,0,0,0,0,0,172000,0,0,0,172000,0,172000,172000
067072,建準元大01購01  ,0,0,0,0,0,0,0,0,0,172000,0,0,0,544000,372000,172000,172000
061036,晶技永豐9A購03  ,0,0,0,0,0,0,0,0,0,172000,0,0,0,175000,3000,172000,172000
061270,彩晶凱基9A購02  ,0,0,0,0,0,0,0,0,0,172000,0,0,0,270000,98000,172000,172000
063673,GIS統一9C購02   ,0,0,0,0,0,0,0,0,0,172000,0,0,0,292000,120000,172000,172000
6533,晶心科          ,763000,591000,172000,0,0,0,0,0,0,0,0,0,0,0,0,0,172000
062523,世紀鋼元大9C購03,0,0,0,0,0,0,0,0,0,171000,0,0,0,186000,15000,171000,171000
064385,台積電富邦03購02,0,0,0,0,0,0,0,0,0,171000,0,0,0,171000,0,171000,171000
064511,GIS元大9C購05   ,0,0,0,0,0,0,0,0,0,171000,0,0,0,306000,135000,171000,171000
08194P,同欣電國票9C售03,0,0,0,0,0,0,0,0,0,170000,0,0,0,170000,0,170000,170000
08536P,台積電國票9C售08,0,0,0,0,0,0,0,0,0,170000,0,0,0,221000,51000,170000,170000
08592P,聯發科凱基01售06,0,0,0,0,0,0,0,0,0,170000,0,0,0,170000,0,170000,170000
062409,巨大永豐9B購02  ,0,0,0,0,0,0,0,0,0,170000,0,0,0,172000,2000,170000,170000
064409,彩晶凱基04購01  ,0,0,0,0,0,0,0,0,0,170000,0,0,0,170000,0,170000,170000
064326,裕隆元大9C購01  ,0,0,0,0,0,0,0,0,0,170000,0,0,0,423000,253000,170000,170000
065587,亞德客永豐9C購02,0,0,0,0,0,0,0,0,0,170000,0,0,0,285000,115000,170000,170000
064966,FBVIX元大9C購03 ,0,0,0,0,0,0,0,0,0,170000,0,0,0,170000,0,170000,170000
065230,義隆凱基02購01  ,0,0,0,0,0,0,0,0,0,170000,0,0,0,204000,34000,170000,170000
066903,中興電凱基01購01,0,0,0,0,0,0,0,0,0,169000,0,0,0,265000,96000,169000,169000
067144,上銀統一02購01  ,0,0,0,0,0,0,0,0,0,169000,0,0,0,844000,675000,169000,169000
061742,奇鋐凱基9B購01  ,0,0,0,0,0,0,0,0,0,169000,0,0,0,347000,178000,169000,169000
059340,鴻海凱基9A購12  ,0,0,0,0,0,0,0,0,0,169000,0,0,0,184000,15000,169000,169000
066036,神隆元大02購01  ,0,0,0,0,0,0,0,0,0,169000,0,0,0,169000,0,169000,169000
063594,上銀中信9C購01  ,0,0,0,0,0,0,0,0,0,169000,0,0,0,209000,40000,169000,169000
6142,友勁            ,181000,56000,125000,0,0,0,0,0,0,44000,44000,0,44000,0,0,0,169000
066287,訊芯元大01購01  ,0,0,0,0,0,0,0,0,0,168000,0,0,0,215000,47000,168000,168000
059262,致茂中信01購01  ,0,0,0,0,0,0,0,0,0,168000,0,0,0,188000,20000,168000,168000
062340,力成麥證9B購01  ,0,0,0,170000,2000,168000,0,0,0,168000,0,0,0,170000,2000,168000,168000
063344,臺企銀統一9C購01,0,0,0,0,0,0,0,0,0,168000,0,0,0,174000,6000,168000,168000
063422,奇鋐凱基9B購04  ,0,0,0,0,0,0,0,0,0,168000,0,0,0,298000,130000,168000,168000
064837,TPK統一9C購02   ,0,0,0,0,0,0,0,0,0,168000,0,0,0,261000,93000,168000,168000
065855,瀚宇博元大9C購03,0,0,0,0,0,0,0,0,0,168000,0,0,0,555000,387000,168000,168000
3665,貿聯-KY         ,311000,82000,229000,0,0,0,0,50000,-50000,-11000,35000,54000,-19000,11000,3000,8000,168000
066183,眾達凱基01購01  ,0,0,0,0,0,0,0,0,0,167000,0,0,0,206000,39000,167000,167000
066448,眾達群益01購01  ,0,0,0,0,0,0,0,0,0,167000,0,0,0,372000,205000,167000,167000
08616P,聯發科元富9C售02,0,0,0,0,0,0,0,0,0,167000,0,0,0,224000,57000,167000,167000
08744P,臺股指凱基02售05,0,0,0,0,0,0,0,0,0,166000,0,0,0,201000,35000,166000,166000
067010,訊芯永豐01購01  ,0,0,0,0,0,0,0,0,0,166000,0,0,0,166000,0,166000,166000
056459,茂林凱基99購01  ,0,0,0,0,0,0,0,0,0,166000,0,0,0,292000,126000,166000,166000
066142,超眾群益01購03  ,0,0,0,0,0,0,0,0,0,166000,0,0,0,177000,11000,166000,166000
065027,玉晶光中信03購01,0,0,0,0,0,0,0,0,0,166000,0,0,0,230000,64000,166000,166000
064829,義隆統一01購02  ,0,0,0,0,0,0,0,0,0,166000,0,0,0,740000,574000,166000,166000
064705,新光金富邦01購01,0,0,0,0,0,0,0,0,0,166000,0,0,0,298000,132000,166000,166000
063794,亞德客凱基9C購01,0,0,0,0,0,0,0,0,0,166000,0,0,0,166000,0,166000,166000
063846,智邦元大9C購01  ,0,0,0,0,0,0,0,0,0,166000,0,0,0,239000,73000,166000,166000
08723P,臺股指元大01售04,0,0,0,0,0,0,0,0,0,165000,0,0,0,209000,44000,165000,165000
08532P,國巨元富06售02  ,0,0,0,0,0,0,0,0,0,165000,0,0,0,185000,20000,165000,165000
03433B,臺股指元大9C熊01,0,0,0,0,0,0,0,0,0,165000,0,0,0,208000,43000,165000,165000
064469,臻鼎元富9C購01  ,0,0,0,0,0,0,0,0,0,165000,0,0,0,220000,55000,165000,165000
063072,裕隆永豐9B購01  ,0,0,0,0,0,0,0,0,0,164000,0,0,0,229000,65000,164000,164000
064732,GIS統一01購03   ,0,0,0,0,0,0,0,0,0,164000,0,0,0,377000,213000,164000,164000
064040,鴻海統一9C購18  ,0,0,0,0,0,0,0,0,0,164000,0,0,0,206000,42000,164000,164000
5515,建國            ,204000,40000,164000,0,0,0,0,0,0,0,0,0,0,0,0,0,164000
07992P,玉晶光群益01售04,0,0,0,0,0,0,0,0,0,163000,0,0,0,332000,169000,163000,163000
061744,超眾凱基9B購02  ,0,0,0,0,0,0,0,0,0,163000,0,0,0,163000,0,163000,163000
066024,金像電群益01購04,0,0,0,0,0,0,0,0,0,163000,0,0,0,173000,10000,163000,163000
065942,燿華元富01購01  ,0,0,0,0,0,0,0,0,0,163000,0,0,0,163000,0,163000,163000
065709,瀚宇博群益9C購01,0,0,0,0,0,0,0,0,0,163000,0,0,0,165000,2000,163000,163000
06683P,訊芯元大98售07  ,0,0,0,0,0,0,0,0,0,162000,0,0,0,162000,0,162000,162000
058669,上銀群益99購01  ,0,0,0,0,0,0,0,0,0,162000,0,0,0,182000,20000,162000,162000
063232,裕隆元大9B購01  ,0,0,0,0,0,0,0,0,0,162000,0,0,0,266000,104000,162000,162000
066061,超眾元大01購04  ,0,0,0,0,0,0,0,0,0,162000,0,0,0,420000,258000,162000,162000
08118P,嘉澤元富9B售02  ,0,0,0,0,0,0,0,0,0,161000,0,0,0,227000,66000,161000,161000
08200P,祥碩元大9B售08  ,0,0,0,0,0,0,0,0,0,161000,0,0,0,226000,65000,161000,161000
08225P,臺股指凱基9B售20,0,0,0,0,0,0,0,0,0,161000,0,0,0,168000,7000,161000,161000
08797P,健策凱基02售03  ,0,0,0,0,0,0,0,0,0,161000,0,0,0,187000,26000,161000,161000
053797,台積電中信98購01,0,0,0,0,0,0,0,0,0,161000,0,0,0,228000,67000,161000,161000
056146,台虹元大98購01  ,0,0,0,0,0,0,0,0,0,161000,0,0,0,166000,5000,161000,161000
062338,鴻海麥證9B購01  ,0,0,0,161000,0,161000,0,0,0,161000,0,0,0,161000,0,161000,161000
065926,金像電國票02購01,0,0,0,0,0,0,0,0,0,161000,0,0,0,226000,65000,161000,161000
063959,GIS元大9C購02   ,0,0,0,0,0,0,0,0,0,161000,0,0,0,287000,126000,161000,161000
063741,GIS元大9B購04   ,0,0,0,0,0,0,0,0,0,161000,0,0,0,294000,133000,161000,161000
063561,上銀元大9B購08  ,0,0,0,0,0,0,0,0,0,161000,0,0,0,198000,37000,161000,161000
064330,燿華元大9C購02  ,0,0,0,0,0,0,0,0,0,161000,0,0,0,260000,99000,161000,161000
07856P,力成凱基9A售02  ,0,0,0,0,0,0,0,0,0,160000,0,0,0,160000,0,160000,160000
07543P,台積電凱基9A售17,0,0,0,0,0,0,0,0,0,160000,0,0,0,160000,0,160000,160000
066639,彩晶凱基05購01  ,0,0,0,0,0,0,0,0,0,160000,0,0,0,160000,0,160000,160000
056158,新日興凱基98購02,0,0,0,0,0,0,0,0,0,160000,0,0,0,160000,0,160000,160000
057240,茂林凱基9A購01  ,0,0,0,0,0,0,0,0,0,160000,0,0,0,210000,50000,160000,160000
058377,茂林凱基9A購03  ,0,0,0,0,0,0,0,0,0,160000,0,0,0,275000,115000,160000,160000
062647,南電國泰9C購02  ,0,0,0,0,0,0,0,0,0,160000,0,0,0,423000,263000,160000,160000
059477,FBVIX群益99購01 ,0,0,0,0,0,0,0,0,0,160000,0,0,0,160000,0,160000,160000
064767,宏全凱基9C購01  ,0,0,0,0,0,0,0,0,0,160000,0,0,0,160000,0,160000,160000
063711,高鐵凱基9B購01  ,0,0,0,0,0,0,0,0,0,160000,0,0,0,170000,10000,160000,160000
2546,根基            ,180000,42000,138000,0,0,0,0,0,0,22000,24000,2000,22000,0,0,0,160000
066412,神隆元大01購01  ,0,0,0,0,0,0,0,0,0,159000,0,0,0,192000,33000,159000,159000
0055,元大MSCI金融    ,0,0,0,0,0,0,0,0,0,159000,0,0,0,167000,8000,159000,159000
062433,上銀元大9B購05  ,0,0,0,0,0,0,0,0,0,159000,0,0,0,250000,91000,159000,159000
065043,新光金凱基02購01,0,0,0,0,0,0,0,0,0,159000,0,0,0,159000,0,159000,159000
057536,康控元大99購03  ,0,0,0,0,0,0,0,0,0,158000,0,0,0,332000,174000,158000,158000
058292,上銀凱基9A購01  ,0,0,0,0,0,0,0,0,0,158000,0,0,0,209000,51000,158000,158000
062480,茂林國票9B購01  ,0,0,0,0,0,0,0,0,0,158000,0,0,0,158000,0,158000,158000
066093,世紀鋼永豐01購01,0,0,0,0,0,0,0,0,0,158000,0,0,0,391000,233000,158000,158000
064284,京鼎元大9C購01  ,0,0,0,0,0,0,0,0,0,158000,0,0,0,404000,246000,158000,158000
5519,隆大            ,177000,19000,158000,0,0,0,0,0,0,0,0,0,0,0,0,0,158000
07731P,臺股指凱基9A售28,0,0,0,0,0,0,0,0,0,157000,0,0,0,159000,2000,157000,157000
08673P,友訊元富01售03  ,0,0,0,0,0,0,0,0,0,157000,0,0,0,332000,175000,157000,157000
062453,聚陽群益9C購01  ,0,0,0,0,0,0,0,0,0,157000,0,0,0,185000,28000,157000,157000
2915,潤泰全          ,4547200,2343000,2204200,0,0,0,0,0,0,-2048000,1000,79000,-78000,3000,1973000,-1970000,156200
057225,華新凱基98購01  ,0,0,0,0,0,0,0,0,0,156000,0,0,0,186000,30000,156000,156000
058328,世紀鋼統一9B購01,0,0,0,0,0,0,0,0,0,156000,0,0,0,157000,1000,156000,156000
053745,康友國票97購01  ,0,0,0,0,0,0,0,0,0,156000,0,0,0,161000,5000,156000,156000
063781,健策永豐9B購08  ,0,0,0,0,0,0,0,0,0,156000,0,0,0,156000,0,156000,156000
065559,超眾凱基9C購03  ,0,0,0,0,0,0,0,0,0,156000,0,0,0,224000,68000,156000,156000
054079,鴻海中信98購02  ,0,0,0,0,0,0,0,0,0,155000,0,0,0,4542000,4387000,155000,155000
03448B,臺股指元大9C熊11,0,0,0,0,0,0,0,0,0,155000,0,0,0,428000,273000,155000,155000
065361,上銀元大9C購11  ,0,0,0,0,0,0,0,0,0,155000,0,0,0,165000,10000,155000,155000
063807,超眾兆豐01購01  ,0,0,0,0,0,0,0,0,0,155000,0,0,0,166000,11000,155000,155000
064807,義隆元大9C購03  ,0,0,0,0,0,0,0,0,0,155000,0,0,0,275000,120000,155000,155000
058077,超眾凱基98購02  ,0,0,0,0,0,0,0,0,0,154000,0,0,0,159000,5000,154000,154000
059647,超眾凱基99購04  ,0,0,0,0,0,0,0,0,0,154000,0,0,0,161000,7000,154000,154000
6271,同欣電          ,3012000,3963223,-951223,0,0,0,471000,0,471000,634000,141000,40000,101000,634000,101000,533000,153777
066413,鴻海元大01購06  ,0,0,0,0,0,0,0,0,0,153000,0,0,0,253000,100000,153000,153000
066431,台郡元大02購01  ,0,0,0,0,0,0,0,0,0,153000,0,0,0,347000,194000,153000,153000
054778,世紀鋼國票99購01,0,0,0,0,0,0,0,0,0,153000,0,0,0,272000,119000,153000,153000
061925,禾伸堂凱基9C購01,0,0,0,0,0,0,0,0,0,153000,0,0,0,222000,69000,153000,153000
057138,亞德客兆豐98購01,0,0,0,0,0,0,0,0,0,153000,0,0,0,156000,3000,153000,153000
063354,茂林元富9B購02  ,0,0,0,0,0,0,0,0,0,153000,0,0,0,505000,352000,153000,153000
060692,鴻海麥證9A購01  ,0,0,0,153000,0,153000,0,0,0,153000,0,0,0,153000,0,153000,153000
064247,廣達元富9C購01  ,0,0,0,0,0,0,0,0,0,153000,0,0,0,242000,89000,153000,153000
06936P,瑞儀元大98售01  ,0,0,0,0,0,0,0,0,0,152000,0,0,0,152000,0,152000,152000
07782P,寶成凱基9A售02  ,0,0,0,0,0,0,0,0,0,152000,0,0,0,152000,0,152000,152000
053358,晶技統一98購01  ,0,0,0,0,0,0,0,0,0,152000,0,0,0,152000,0,152000,152000
064595,超眾統一02購01  ,0,0,0,0,0,0,0,0,0,152000,0,0,0,152000,0,152000,152000
065374,義隆元大9C購07  ,0,0,0,0,0,0,0,0,0,152000,0,0,0,283000,131000,152000,152000
065329,億豐凱基9C購02  ,0,0,0,0,0,0,0,0,0,152000,0,0,0,163000,11000,152000,152000
064972,台積電元大9C購11,0,0,0,0,0,0,0,0,0,152000,0,0,0,1556000,1404000,152000,152000
06037P,超眾國票98售02  ,0,0,0,0,0,0,0,0,0,151000,0,0,0,172000,21000,151000,151000
063315,京元電群益9B購03,0,0,0,0,0,0,0,0,0,151000,0,0,0,288000,137000,151000,151000
060157,致茂永豐9A購02  ,0,0,0,0,0,0,0,0,0,151000,0,0,0,218000,67000,151000,151000
8404,百和興業-KY     ,173000,19000,154000,0,0,0,0,0,0,-3000,0,3000,-3000,0,0,0,151000
07793P,同欣電元大9A售02,0,0,0,0,0,0,0,0,0,150000,0,0,0,150000,0,150000,150000
07583P,台積電富邦9B售05,0,0,0,0,0,0,0,0,0,150000,0,0,0,150000,0,150000,150000
08045P,健策國票9B售01  ,0,0,0,0,0,0,0,0,0,150000,0,0,0,150000,0,150000,150000
08047P,臺股指國票9B售12,0,0,0,0,0,0,0,0,0,150000,0,0,0,150000,0,150000,150000
052095,彩晶元大97購01  ,0,0,0,0,0,0,0,0,0,150000,0,0,0,150000,0,150000,150000
054874,帆宣群益99購02  ,0,0,0,0,0,0,0,0,0,150000,0,0,0,150000,0,150000,150000
053734,友達中信98購02  ,0,0,0,0,0,0,0,0,0,150000,0,0,0,150000,0,150000,150000
058941,華新科中信99購03,0,0,0,0,0,0,0,0,0,150000,0,0,0,150000,0,150000,150000
056309,合勤控元大97購01,0,0,0,0,0,0,0,0,0,150000,0,0,0,246000,96000,150000,150000
057023,美律凱基99購02  ,0,0,0,0,0,0,0,0,0,150000,0,0,0,150000,0,150000,150000
057491,美食元大98購03  ,0,0,0,0,0,0,0,0,0,150000,0,0,0,150000,0,150000,150000
061178,晶技凱基9B購01  ,0,0,0,0,0,0,0,0,0,150000,0,0,0,150000,0,150000,150000
060717,康控永豐9A購01  ,0,0,0,0,0,0,0,0,0,150000,0,0,0,187000,37000,150000,150000
065171,燿華元大9C購04  ,0,0,0,0,0,0,0,0,0,150000,0,0,0,250000,100000,150000,150000
065262,義隆元大9C購06  ,0,0,0,0,0,0,0,0,0,150000,0,0,0,168000,18000,150000,150000
065437,台表科凱基9C購03,0,0,0,0,0,0,0,0,0,150000,0,0,0,176000,26000,150000,150000
065613,GIS元大9C購08   ,0,0,0,0,0,0,0,0,0,150000,0,0,0,388000,238000,150000,150000
065834,億豐凱基03購01  ,0,0,0,0,0,0,0,0,0,150000,0,0,0,150000,0,150000,150000
064717,台積電統一01購08,0,0,0,0,0,0,0,0,0,150000,0,0,0,153000,3000,150000,150000
063937,上銀元大9C購02  ,0,0,0,0,0,0,0,0,0,150000,0,0,0,150000,0,150000,150000
07920P,大立光中信01售01,0,0,0,0,0,0,0,0,0,149000,0,0,0,150000,1000,149000,149000
066789,聯詠麥證01購01  ,0,0,0,200000,51000,149000,0,0,0,149000,0,0,0,200000,51000,149000,149000
061651,世紀鋼元大9C購02,0,0,0,0,0,0,0,0,0,149000,0,0,0,201000,52000,149000,149000
063968,新光金國票01購01,0,0,0,0,0,0,0,0,0,149000,0,0,0,149000,0,149000,149000
064490,金像電元大9C購02,0,0,0,0,0,0,0,0,0,149000,0,0,0,435000,286000,149000,149000
064507,臻鼎元大9C購02  ,0,0,0,0,0,0,0,0,0,149000,0,0,0,149000,0,149000,149000
065026,世紀鋼永豐9C購02,0,0,0,0,0,0,0,0,0,149000,0,0,0,310000,161000,149000,149000
6558,興能高          ,171000,22000,149000,0,0,0,0,0,0,0,0,0,0,0,0,0,149000
062466,FBVIX凱基9B購01 ,0,0,0,0,0,0,0,0,0,148000,0,0,0,262000,114000,148000,148000
062324,上銀統一9B購04  ,0,0,0,0,0,0,0,0,0,148000,0,0,0,200000,52000,148000,148000
063322,台郡群益9B購02  ,0,0,0,0,0,0,0,0,0,148000,0,0,0,330000,182000,148000,148000
08140P,祥碩元大9B售07  ,0,0,0,0,0,0,0,0,0,147000,0,0,0,331000,184000,147000,147000
08521P,台達電元大9C售03,0,0,0,0,0,0,0,0,0,147000,0,0,0,180000,33000,147000,147000
057776,京元電群益98購02,0,0,0,0,0,0,0,0,0,147000,0,0,0,164000,17000,147000,147000
060388,世紀鋼凱基9B購01,0,0,0,0,0,0,0,0,0,147000,0,0,0,201000,54000,147000,147000
060710,上銀永豐9A購01  ,0,0,0,0,0,0,0,0,0,147000,0,0,0,224000,77000,147000,147000
062569,南電中信01購01  ,0,0,0,0,0,0,0,0,0,147000,0,0,0,200000,53000,147000,147000
065684,超眾統一03購01  ,0,0,0,0,0,0,0,0,0,147000,0,0,0,147000,0,147000,147000
064685,裕隆群益9C購01  ,0,0,0,0,0,0,0,0,0,147000,0,0,0,147000,0,147000,147000
066237,京鼎富邦04購01  ,0,0,0,0,0,0,0,0,0,146000,0,0,0,236000,90000,146000,146000
066630,東森凱基01購01  ,0,0,0,0,0,0,0,0,0,146000,0,0,0,196000,50000,146000,146000
062615,亞德客元大9B購02,0,0,0,0,0,0,0,0,0,146000,0,0,0,199000,53000,146000,146000
060896,晶技凱基9A購02  ,0,0,0,0,0,0,0,0,0,146000,0,0,0,166000,20000,146000,146000
064538,鈺齊國票01購01  ,0,0,0,0,0,0,0,0,0,146000,0,0,0,157000,11000,146000,146000
063659,世紀鋼元富9B購01,0,0,0,0,0,0,0,0,0,146000,0,0,0,526000,380000,146000,146000
066052,景碩元大02購01  ,0,0,0,0,0,0,0,0,0,146000,0,0,0,281000,135000,146000,146000
065025,健策永豐9C購02  ,0,0,0,0,0,0,0,0,0,146000,0,0,0,167000,21000,146000,146000
065272,聯茂元大9C購05  ,0,0,0,0,0,0,0,0,0,146000,0,0,0,237000,91000,146000,146000
066796,台積電凱基02購08,0,0,0,0,0,0,0,0,0,145000,0,0,0,200000,55000,145000,145000
060426,盛群永豐9A購01  ,0,0,0,0,0,0,0,0,0,145000,0,0,0,145000,0,145000,145000
063113,聯茂兆豐9B購01  ,0,0,0,0,0,0,0,0,0,145000,0,0,0,175000,30000,145000,145000
065412,金像電永豐9C購01,0,0,0,0,0,0,0,0,0,145000,0,0,0,145000,0,145000,145000
065905,聯茂富邦02購01  ,0,0,0,0,0,0,0,0,0,145000,0,0,0,160000,15000,145000,145000
064913,燿華統一02購01  ,0,0,0,0,0,0,0,0,0,145000,0,0,0,145000,0,145000,145000
066612,台積電麥證01購04,0,0,0,245000,300000,-55000,0,0,0,144000,0,0,0,545000,401000,144000,144000
08316P,祥碩元大9C售04  ,0,0,0,0,0,0,0,0,0,144000,0,0,0,443000,299000,144000,144000
061227,日月光中信9B購01,0,0,0,0,0,0,0,0,0,144000,0,0,0,190000,46000,144000,144000
066846,京鼎元大01購03  ,0,0,0,0,0,0,0,0,0,143000,0,0,0,924000,781000,143000,143000
058385,創意中信99購01  ,0,0,0,0,0,0,0,0,0,143000,0,0,0,163000,20000,143000,143000
057287,彩晶元大9C購03  ,0,0,0,0,0,0,0,0,0,143000,0,0,0,200000,57000,143000,143000
00647L,元大S&P500正2   ,23000,23000,0,0,0,0,0,0,0,143000,0,0,0,300000,157000,143000,143000
03688C,T50反1凱基03牛02,0,0,0,0,0,0,0,0,0,143000,0,0,0,334000,191000,143000,143000
3003,健和興          ,247000,100000,147000,0,0,0,0,0,0,-4000,0,2000,-2000,0,2000,-2000,143000
060934,台汽電永豐9A購02,0,0,0,0,0,0,0,0,0,142000,0,0,0,142000,0,142000,142000
064741,南亞科國票01購01,0,0,0,0,0,0,0,0,0,142000,0,0,0,148000,6000,142000,142000
063918,復盛凱基9C購01  ,0,0,0,0,0,0,0,0,0,142000,0,0,0,146000,4000,142000,142000
065130,奇鋐兆豐9C購01  ,0,0,0,0,0,0,0,0,0,142000,0,0,0,474000,332000,142000,142000
066624,燿華凱基01購02  ,0,0,0,0,0,0,0,0,0,141000,0,0,0,142000,1000,141000,141000
08441P,同欣電元富9C售01,0,0,0,0,0,0,0,0,0,141000,0,0,0,300000,159000,141000,141000
061553,南電群益9A購03  ,0,0,0,0,0,0,0,0,0,141000,0,0,0,292000,151000,141000,141000
064009,超眾凱基01購01  ,0,0,0,0,0,0,0,0,0,141000,0,0,0,163000,22000,141000,141000
064579,大立光富邦03購02,0,0,0,0,0,0,0,0,0,141000,0,0,0,153000,12000,141000,141000
08463P,台灣50國泰02售02,0,0,0,0,0,0,0,0,0,140000,0,0,0,232000,92000,140000,140000
07801P,上銀永豐9A售02  ,0,0,0,0,0,0,0,0,0,140000,0,0,0,150000,10000,140000,140000
07241P,台灣50國票9A售05,0,0,0,0,0,0,0,0,0,140000,0,0,0,140000,0,140000,140000
058985,可成凱基99購03  ,0,0,0,0,0,0,0,0,0,140000,0,0,0,172000,32000,140000,140000
058053,上銀統一9B購01  ,0,0,0,0,0,0,0,0,0,140000,0,0,0,528000,388000,140000,140000
058279,FBVIX中信03購03 ,0,0,0,0,0,0,0,0,0,140000,0,0,0,140000,0,140000,140000
063362,台表科國泰01購03,0,0,0,0,0,0,0,0,0,140000,0,0,0,217000,77000,140000,140000
065037,緯穎統一02購02  ,0,0,0,0,0,0,0,0,0,140000,0,0,0,220000,80000,140000,140000
065852,創意元大9C購06  ,0,0,0,0,0,0,0,0,0,140000,0,0,0,178000,38000,140000,140000
08426P,奇力新國票01售01,0,0,0,0,0,0,0,0,0,139000,0,0,0,204000,65000,139000,139000
08590P,智邦凱基9C售04  ,0,0,0,0,0,0,0,0,0,139000,0,0,0,300000,161000,139000,139000
062640,訊連國票9C購01  ,0,0,0,0,0,0,0,0,0,139000,0,0,0,177000,38000,139000,139000
08771P,滬深2X凱基01售02,0,0,0,0,0,0,0,0,0,138000,0,0,0,164000,26000,138000,138000
1316,上曜            ,146000,8000,138000,0,0,0,0,0,0,0,0,0,0,0,0,0,138000
07457P,宏達電元大9A售01,0,0,0,0,0,0,0,0,0,138000,0,0,0,138000,0,138000,138000
066273,晶技元大01購02  ,0,0,0,0,0,0,0,0,0,138000,0,0,0,364000,226000,138000,138000
061898,茂林永豐9B購01  ,0,0,0,0,0,0,0,0,0,138000,0,0,0,138000,0,138000,138000
062239,台汽電凱基9B購01,0,0,0,0,0,0,0,0,0,138000,0,0,0,232000,94000,138000,138000
062395,台表科富邦9C購01,0,0,0,0,0,0,0,0,0,138000,0,0,0,138000,0,138000,138000
065711,矽格群益9C購02  ,0,0,0,0,0,0,0,0,0,138000,0,0,0,150000,12000,138000,138000
2331,精英            ,273000,81000,192000,0,0,0,0,0,0,-54000,1000,55000,-54000,0,0,0,138000
3044,健鼎            ,1043822,838000,205822,0,0,0,52000,1000,51000,-119000,11000,95000,-84000,21000,56000,-35000,137822
061879,超眾元大9C購01  ,0,0,0,0,0,0,0,0,0,137000,0,0,0,189000,52000,137000,137000
057448,致茂元富98購01  ,0,0,0,0,0,0,0,0,0,137000,0,0,0,137000,0,137000,137000
08193P,同欣電國票9C售02,0,0,0,0,0,0,0,0,0,136000,0,0,0,136000,0,136000,136000
08488P,臺股指群益9C售19,0,0,0,0,0,0,0,0,0,136000,0,0,0,136000,0,136000,136000
054072,台積電富邦98購02,0,0,0,0,0,0,0,0,0,136000,0,0,0,196000,60000,136000,136000
060977,亞德客元大9A購04,0,0,0,0,0,0,0,0,0,136000,0,0,0,138000,2000,136000,136000
059862,全新群益99購04  ,0,0,0,0,0,0,0,0,0,136000,0,0,0,246000,110000,136000,136000
063080,裕隆凱基9B購01  ,0,0,0,0,0,0,0,0,0,136000,0,0,0,217000,81000,136000,136000
063172,廣達中信9C購01  ,0,0,0,0,0,0,0,0,0,136000,0,0,0,195000,59000,136000,136000
064583,光寶科永豐9C購01,0,0,0,0,0,0,0,0,0,136000,0,0,0,136000,0,136000,136000
3543,州巧            ,160000,24000,136000,0,0,0,0,0,0,0,0,0,0,0,0,0,136000
08447P,緯穎永豐9C售02  ,0,0,0,0,0,0,0,0,0,135000,0,0,0,196000,61000,135000,135000
08386P,臺股指群益9C售14,0,0,0,0,0,0,0,0,0,135000,0,0,0,160000,25000,135000,135000
057428,正崴兆豐98購01  ,0,0,0,0,0,0,0,0,0,135000,0,0,0,200000,65000,135000,135000
058763,和碩群益99購01  ,0,0,0,0,0,0,0,0,0,135000,0,0,0,141000,6000,135000,135000
064462,致伸統一02購01  ,0,0,0,0,0,0,0,0,0,135000,0,0,0,169000,34000,135000,135000
064231,鴻海統一01購03  ,0,0,0,0,0,0,0,0,0,135000,0,0,0,155000,20000,135000,135000
065509,上銀群益9C購04  ,0,0,0,0,0,0,0,0,0,135000,0,0,0,218000,83000,135000,135000
067139,訊連永豐01購01  ,0,0,0,0,0,0,0,0,0,134000,0,0,0,134000,0,134000,134000
060835,亞德客國票9A購01,0,0,0,0,0,0,0,0,0,134000,0,0,0,266000,132000,134000,134000
060916,金像電國泰9C購01,0,0,0,0,0,0,0,0,0,134000,0,0,0,154000,20000,134000,134000
065319,鴻海凱基9C購03  ,0,0,0,0,0,0,0,0,0,134000,0,0,0,167000,33000,134000,134000
2705,六福            ,217000,83000,134000,0,0,0,0,0,0,0,0,0,0,0,0,0,134000
056904,大立光元大99購05,0,0,0,0,0,0,0,0,0,133000,0,0,0,133000,0,133000,133000
062096,神隆永豐9B購01  ,0,0,0,0,0,0,0,0,0,133000,0,0,0,133000,0,133000,133000
062145,億光國票9B購01  ,0,0,0,0,0,0,0,0,0,133000,0,0,0,133000,0,133000,133000
063151,奇鋐元富9B購01  ,0,0,0,0,0,0,0,0,0,133000,0,0,0,215000,82000,133000,133000
061549,泰碩群益9A購01  ,0,0,0,0,0,0,0,0,0,133000,0,0,0,166000,33000,133000,133000
066607,台郡永豐01購01  ,0,0,0,0,0,0,0,0,0,132000,0,0,0,227000,95000,132000,132000
066741,華擎元大01購03  ,0,0,0,0,0,0,0,0,0,132000,0,0,0,155000,23000,132000,132000
053082,聯電元大98購03  ,0,0,0,0,0,0,0,0,0,132000,0,0,0,250000,118000,132000,132000
065313,聯茂國票01購01  ,0,0,0,0,0,0,0,0,0,132000,0,0,0,384000,252000,132000,132000
063708,上銀凱基9B購06  ,0,0,0,0,0,0,0,0,0,132000,0,0,0,200000,68000,132000,132000
064260,矽創富邦9C購01  ,0,0,0,0,0,0,0,0,0,132000,0,0,0,252000,120000,132000,132000
064790,金像電國票01購01,0,0,0,0,0,0,0,0,0,132000,0,0,0,284000,152000,132000,132000
4977,眾達-KY         ,390000,214000,176000,0,0,0,0,0,0,-44000,66000,109000,-43000,4000,5000,-1000,132000
052572,群創凱基99購01  ,0,0,0,0,0,0,0,0,0,131000,0,0,0,131000,0,131000,131000
055232,泰碩國票98購01  ,0,0,0,0,0,0,0,0,0,131000,0,0,0,131000,0,131000,131000
07879P,瑞昱群益9C售01  ,0,0,0,0,0,0,0,0,0,130000,0,0,0,130000,0,130000,130000
055670,矽創群益98購02  ,0,0,0,0,0,0,0,0,0,130000,0,0,0,130000,0,130000,130000
059159,上銀凱基99購05  ,0,0,0,0,0,0,0,0,0,130000,0,0,0,130000,0,130000,130000
061610,力成統一9C購01  ,0,0,0,0,0,0,0,0,0,130000,0,0,0,173000,43000,130000,130000
062944,茂林凱基9B購02  ,0,0,0,0,0,0,0,0,0,130000,0,0,0,150000,20000,130000,130000
064601,嘉晶元富9C購03  ,0,0,0,0,0,0,0,0,0,130000,0,0,0,150000,20000,130000,130000
063642,茂林元大9B購08  ,0,0,0,0,0,0,0,0,0,130000,0,0,0,298000,168000,130000,130000
063805,技嘉兆豐9C購01  ,0,0,0,0,0,0,0,0,0,130000,0,0,0,133000,3000,130000,130000
065775,神隆國泰03購01  ,0,0,0,0,0,0,0,0,0,130000,0,0,0,248000,118000,130000,130000
08187P,大毅群益9B售04  ,0,0,0,0,0,0,0,0,0,129000,0,0,0,149000,20000,129000,129000
08627P,臺股指群益9C售22,0,0,0,0,0,0,0,0,0,129000,0,0,0,150000,21000,129000,129000
08671P,友訊國票01售01  ,0,0,0,0,0,0,0,0,0,129000,0,0,0,129000,0,129000,129000
066746,聯茂元大01購01  ,0,0,0,0,0,0,0,0,0,129000,0,0,0,366000,237000,129000,129000
045189,大立光元富98購01,0,0,0,0,0,0,0,0,0,129000,0,0,0,129000,0,129000,129000
020012,富邦行動通訊N   ,0,0,0,0,0,0,0,0,0,129000,0,0,0,167000,38000,129000,129000
062350,台表科群益9B購01,0,0,0,0,0,0,0,0,0,129000,0,0,0,134000,5000,129000,129000
065747,華通元大9C購07  ,0,0,0,0,0,0,0,0,0,129000,0,0,0,299000,170000,129000,129000
066385,巨大康和01購01  ,0,0,0,0,0,0,0,0,0,128000,0,0,0,178000,50000,128000,128000
08068P,宏達電國泰9C售01,0,0,0,0,0,0,0,0,0,128000,0,0,0,161000,33000,128000,128000
058722,台郡元富99購01  ,0,0,0,0,0,0,0,0,0,128000,0,0,0,128000,0,128000,128000
057230,建準凱基98購02  ,0,0,0,0,0,0,0,0,0,128000,0,0,0,138000,10000,128000,128000
060920,超眾富邦9B購01  ,0,0,0,0,0,0,0,0,0,128000,0,0,0,210000,82000,128000,128000
060303,宏達電富邦9B購01,0,0,0,0,0,0,0,0,0,128000,0,0,0,360000,232000,128000,128000
063895,新光金群益01購01,0,0,0,0,0,0,0,0,0,128000,0,0,0,228000,100000,128000,128000
064726,創意統一01購03  ,0,0,0,0,0,0,0,0,0,128000,0,0,0,269000,141000,128000,128000
2851,中再保          ,43000,42000,1000,0,0,0,156000,0,156000,-29000,0,29000,-29000,0,0,0,128000
066617,鎧勝康和01購01  ,0,0,0,0,0,0,0,0,0,127000,0,0,0,335000,208000,127000,127000
057843,晶技永豐98購02  ,0,0,0,0,0,0,0,0,0,127000,0,0,0,127000,0,127000,127000
056755,聯茂兆豐98購01  ,0,0,0,0,0,0,0,0,0,127000,0,0,0,137000,10000,127000,127000
056034,華通凱基98購01  ,0,0,0,0,0,0,0,0,0,127000,0,0,0,899000,772000,127000,127000
08621P,景碩群益9C售01  ,0,0,0,0,0,0,0,0,0,126000,0,0,0,401000,275000,126000,126000
056346,聯茂凱基99購02  ,0,0,0,0,0,0,0,0,0,126000,0,0,0,283000,157000,126000,126000
054640,健策中信9B購01  ,0,0,0,0,0,0,0,0,0,126000,0,0,0,137000,11000,126000,126000
045872,元油2X元富98購03,0,0,0,0,0,0,0,0,0,126000,0,0,0,126000,0,126000,126000
060799,茂林永豐9A購01  ,0,0,0,0,0,0,0,0,0,126000,0,0,0,146000,20000,126000,126000
060761,南亞科元大9A購05,0,0,0,0,0,0,0,0,0,126000,0,0,0,126000,0,126000,126000
062363,燿華元大9B購03  ,0,0,0,0,0,0,0,0,0,126000,0,0,0,135000,9000,126000,126000
065745,裕隆元大9C購03  ,0,0,0,0,0,0,0,0,0,126000,0,0,0,188000,62000,126000,126000
065119,大立光富邦03購03,0,0,0,0,0,0,0,0,0,126000,0,0,0,136000,10000,126000,126000
1736,喬山            ,351000,288000,63000,0,0,0,0,0,0,63000,1000,5000,-4000,67000,0,67000,126000
066279,拓凱元大01購01  ,0,0,0,0,0,0,0,0,0,125000,0,0,0,190000,65000,125000,125000
057656,大成鋼兆豐98購01,0,0,0,0,0,0,0,0,0,125000,0,0,0,125000,0,125000,125000
062677,儒鴻統一01購01  ,0,0,0,0,0,0,0,0,0,125000,0,0,0,137000,12000,125000,125000
061055,康控群益9A購01  ,0,0,0,0,0,0,0,0,0,125000,0,0,0,171000,46000,125000,125000
064729,聯茂統一02購02  ,0,0,0,0,0,0,0,0,0,125000,0,0,0,407000,282000,125000,125000
057377,康控元大99購02  ,0,0,0,0,0,0,0,0,0,124000,0,0,0,658000,534000,124000,124000
056619,強茂永豐98購01  ,0,0,0,0,0,0,0,0,0,124000,0,0,0,134000,10000,124000,124000
058989,茂林凱基99購02  ,0,0,0,0,0,0,0,0,0,124000,0,0,0,174000,50000,124000,124000
061521,亞光兆豐9A購02  ,0,0,0,0,0,0,0,0,0,124000,0,0,0,301000,177000,124000,124000
059807,大立光元富99購09,0,0,0,0,0,0,0,0,0,124000,0,0,0,144000,20000,124000,124000
064655,聚陽元大9C購02  ,0,0,0,0,0,0,0,0,0,124000,0,0,0,503000,379000,124000,124000
063761,嘉澤統一02購01  ,0,0,0,0,0,0,0,0,0,124000,0,0,0,125000,1000,124000,124000
067009,樺漢永豐01購01  ,0,0,0,0,0,0,0,0,0,123000,0,0,0,137000,14000,123000,123000
08666P,智邦國票02售01  ,0,0,0,0,0,0,0,0,0,123000,0,0,0,123000,0,123000,123000
058971,台積電永豐99購03,0,0,0,0,0,0,0,0,0,123000,0,0,0,140000,17000,123000,123000
057510,泰碩統一98購02  ,0,0,0,0,0,0,0,0,0,123000,0,0,0,128000,5000,123000,123000
061734,全新中信9B購02  ,0,0,0,0,0,0,0,0,0,123000,0,0,0,123000,0,123000,123000
064099,億光群益9C購01  ,0,0,0,0,0,0,0,0,0,123000,0,0,0,189000,66000,123000,123000
064815,台表科元大01購01,0,0,0,0,0,0,0,0,0,123000,0,0,0,268000,145000,123000,123000
3010,華立            ,183000,60000,123000,0,0,0,0,0,0,0,7000,7000,0,0,0,0,123000
08371P,京元電凱基9C售01,0,0,0,0,0,0,0,0,0,122000,0,0,0,185000,63000,122000,122000
07967P,力山元大9B售03  ,0,0,0,0,0,0,0,0,0,122000,0,0,0,218000,96000,122000,122000
066913,樺漢凱基01購01  ,0,0,0,0,0,0,0,0,0,122000,0,0,0,132000,10000,122000,122000
055336,茂林兆豐98購01  ,0,0,0,0,0,0,0,0,0,122000,0,0,0,140000,18000,122000,122000
059360,全新永豐99購02  ,0,0,0,0,0,0,0,0,0,122000,0,0,0,122000,0,122000,122000
061373,華通富邦9A購02  ,0,0,0,0,0,0,0,0,0,122000,0,0,0,293000,171000,122000,122000
063709,上銀凱基9B購07  ,0,0,0,0,0,0,0,0,0,122000,0,0,0,122000,0,122000,122000
063695,上銀第一9B購01  ,0,0,0,0,0,0,0,0,0,122000,0,0,0,208000,86000,122000,122000
8039,台虹            ,1068000,951000,117000,0,0,0,0,0,0,5000,40000,53000,-13000,45000,27000,18000,122000
8070,長華*           ,169000,13000,156000,0,0,0,0,0,0,-34000,0,34000,-34000,0,0,0,122000
062496,矽創中信9B購01  ,0,0,0,0,0,0,0,0,0,121000,0,0,0,532000,411000,121000,121000
063732,建準元大9B購02  ,0,0,0,0,0,0,0,0,0,121000,0,0,0,625000,504000,121000,121000
064677,金像電兆豐9C購01,0,0,0,0,0,0,0,0,0,121000,0,0,0,121000,0,121000,121000
065395,致茂群益01購01  ,0,0,0,0,0,0,0,0,0,121000,0,0,0,312000,191000,121000,121000
065678,聯發科統一01購07,0,0,0,0,0,0,0,0,0,121000,0,0,0,180000,59000,121000,121000
2027,大成鋼          ,956760,681000,275760,0,0,0,0,0,0,-155000,2000,19000,-17000,0,138000,-138000,120760
2023,燁輝            ,404621,247000,157621,0,0,0,0,0,0,-37000,1000,38000,-37000,0,0,0,120621
08089P,嘉澤凱基9B售03  ,0,0,0,0,0,0,0,0,0,120000,0,0,0,120000,0,120000,120000
08153P,台表科統一9B售01,0,0,0,0,0,0,0,0,0,120000,0,0,0,397000,277000,120000,120000
07491P,臺股指國票9A售09,0,0,0,0,0,0,0,0,0,120000,0,0,0,122000,2000,120000,120000
08606P,聯發科國票9C售05,0,0,0,0,0,0,0,0,0,120000,0,0,0,176000,56000,120000,120000
055698,茂林國票98購03  ,0,0,0,0,0,0,0,0,0,120000,0,0,0,120000,0,120000,120000
054873,帆宣群益99購01  ,0,0,0,0,0,0,0,0,0,120000,0,0,0,120000,0,120000,120000
057812,友達元大9A購05  ,0,0,0,0,0,0,0,0,0,120000,0,0,0,120000,0,120000,120000
061918,上銀凱基9B購02  ,0,0,0,0,0,0,0,0,0,120000,0,0,0,208000,88000,120000,120000
058688,矽創凱基9A購01  ,0,0,0,0,0,0,0,0,0,120000,0,0,0,120000,0,120000,120000
057175,美律元大98購03  ,0,0,0,0,0,0,0,0,0,120000,0,0,0,120000,0,120000,120000
058162,上銀日盛9B購01  ,0,0,0,0,0,0,0,0,0,120000,0,0,0,120000,0,120000,120000
061020,超眾國票9A購02  ,0,0,0,0,0,0,0,0,0,120000,0,0,0,148000,28000,120000,120000
059786,全新元大99購06  ,0,0,0,0,0,0,0,0,0,120000,0,0,0,128000,8000,120000,120000
063168,台表科永豐9B購01,0,0,0,0,0,0,0,0,0,120000,0,0,0,304000,184000,120000,120000
063217,元金2X群益9B購03,0,0,0,0,0,0,0,0,0,120000,0,0,0,120000,0,120000,120000
065819,京鼎元富03購01  ,0,0,0,0,0,0,0,0,0,120000,0,0,0,272000,152000,120000,120000
066158,惠特康和01購01  ,0,0,0,0,0,0,0,0,0,120000,0,0,0,120000,0,120000,120000
065426,台積電凱基01購09,0,0,0,0,0,0,0,0,0,120000,0,0,0,124000,4000,120000,120000
065146,帆宣凱基9C購01  ,0,0,0,0,0,0,0,0,0,120000,0,0,0,142000,22000,120000,120000
2101,南港            ,406000,437000,-31000,0,0,0,0,0,0,151000,62000,19000,43000,154000,46000,108000,120000
1449,佳和            ,317000,118000,199000,0,0,0,0,0,0,-80000,0,80000,-80000,0,0,0,119000
07069P,欣興元富99售02  ,0,0,0,0,0,0,0,0,0,119000,0,0,0,152000,33000,119000,119000
067164,台虹國票02購01  ,0,0,0,0,0,0,0,0,0,119000,0,0,0,124000,5000,119000,119000
053468,鴻海元大98購01  ,0,0,0,0,0,0,0,0,0,119000,0,0,0,119000,0,119000,119000
00731,FH富時高息低波  ,0,0,0,0,0,0,0,0,0,119000,0,0,0,1234000,1115000,119000,119000
055330,上銀兆豐98購02  ,0,0,0,0,0,0,0,0,0,119000,0,0,0,119000,0,119000,119000
056448,全新凱基99購01  ,0,0,0,0,0,0,0,0,0,119000,0,0,0,129000,10000,119000,119000
062904,台光電元大9B購06,0,0,0,0,0,0,0,0,0,119000,0,0,0,123000,4000,119000,119000
064252,嘉澤元富9C購01  ,0,0,0,0,0,0,0,0,0,119000,0,0,0,196000,77000,119000,119000
057571,泰碩永豐98購01  ,0,0,0,0,0,0,0,0,0,118000,0,0,0,118000,0,118000,118000
063574,茂林元大9B購07  ,0,0,0,0,0,0,0,0,0,118000,0,0,0,218000,100000,118000,118000
064546,燿華凱基02購01  ,0,0,0,0,0,0,0,0,0,118000,0,0,0,118000,0,118000,118000
065165,上銀元大9C購09  ,0,0,0,0,0,0,0,0,0,118000,0,0,0,118000,0,118000,118000
066199,金像電統一02購01,0,0,0,0,0,0,0,0,0,117000,0,0,0,134000,17000,117000,117000
058342,鴻海群益9A購01  ,0,0,0,0,0,0,0,0,0,117000,0,0,0,127000,10000,117000,117000
059425,SGBR2X元大9A購02,0,0,0,0,0,0,0,0,0,117000,0,0,0,118000,1000,117000,117000
062934,大成鋼凱基9B購02,0,0,0,0,0,0,0,0,0,117000,0,0,0,117000,0,117000,117000
060541,正隆凱基9A購01  ,0,0,0,0,0,0,0,0,0,117000,0,0,0,179000,62000,117000,117000
065320,技嘉凱基9C購02  ,0,0,0,0,0,0,0,0,0,117000,0,0,0,132000,15000,117000,117000
063765,上銀元富9B購09  ,0,0,0,0,0,0,0,0,0,117000,0,0,0,282000,165000,117000,117000
2534,宏盛            ,165000,48000,117000,0,0,0,0,0,0,0,0,0,0,0,0,0,117000
08687P,南六永豐01售02  ,0,0,0,0,0,0,0,0,0,116000,0,0,0,116000,0,116000,116000
063100,聚陽群益9C購02  ,0,0,0,0,0,0,0,0,0,116000,0,0,0,281000,165000,116000,116000
065129,上銀兆豐01購01  ,0,0,0,0,0,0,0,0,0,116000,0,0,0,140000,24000,116000,116000
065067,億豐群益01購01  ,0,0,0,0,0,0,0,0,0,116000,0,0,0,131000,15000,116000,116000
064944,亞德客凱基9C購03,0,0,0,0,0,0,0,0,0,116000,0,0,0,116000,0,116000,116000
065718,健策中信9C購02  ,0,0,0,0,0,0,0,0,0,116000,0,0,0,551000,435000,116000,116000
08036P,嘉澤群益9B售03  ,0,0,0,0,0,0,0,0,0,115000,0,0,0,125000,10000,115000,115000
066539,晶技兆豐01購02  ,0,0,0,0,0,0,0,0,0,115000,0,0,0,240000,125000,115000,115000
061583,矽創元大9A購01  ,0,0,0,0,0,0,0,0,0,115000,0,0,0,120000,5000,115000,115000
057163,上銀元大98購04  ,0,0,0,0,0,0,0,0,0,115000,0,0,0,116000,1000,115000,115000
058598,T50反1元大99購04,0,0,0,0,0,0,0,0,0,115000,0,0,0,115000,0,115000,115000
054959,禾伸堂元大98購01,0,0,0,0,0,0,0,0,0,115000,0,0,0,115000,0,115000,115000
058969,亞德客永豐99購01,0,0,0,0,0,0,0,0,0,115000,0,0,0,162000,47000,115000,115000
062681,全新統一01購01  ,0,0,0,0,0,0,0,0,0,115000,0,0,0,115000,0,115000,115000
062811,鴻海兆豐9B購01  ,0,0,0,0,0,0,0,0,0,115000,0,0,0,123000,8000,115000,115000
065933,鴻海群益01購06  ,0,0,0,0,0,0,0,0,0,115000,0,0,0,221000,106000,115000,115000
065427,台積電凱基02購04,0,0,0,0,0,0,0,0,0,115000,0,0,0,174000,59000,115000,115000
064742,奇鋐國票01購02  ,0,0,0,0,0,0,0,0,0,115000,0,0,0,246000,131000,115000,115000
066475,新光金麥證01購01,0,0,0,114000,0,114000,0,0,0,114000,0,0,0,114000,0,114000,114000
067257,帆宣國票02購01  ,0,0,0,0,0,0,0,0,0,114000,0,0,0,210000,96000,114000,114000
066961,超眾元大01購05  ,0,0,0,0,0,0,0,0,0,114000,0,0,0,114000,0,114000,114000
059094,臻鼎元大99購03  ,0,0,0,0,0,0,0,0,0,114000,0,0,0,114000,0,114000,114000
057629,泰碩永豐98購02  ,0,0,0,0,0,0,0,0,0,114000,0,0,0,174000,60000,114000,114000
062832,嘉澤群益9B購02  ,0,0,0,0,0,0,0,0,0,114000,0,0,0,135000,21000,114000,114000
063451,漢翔統一9C購01  ,0,0,0,0,0,0,0,0,0,114000,0,0,0,114000,0,114000,114000
061123,燿華永豐9A購01  ,0,0,0,0,0,0,0,0,0,114000,0,0,0,185000,71000,114000,114000
063593,GIS永豐9B購01   ,0,0,0,0,0,0,0,0,0,114000,0,0,0,526000,412000,114000,114000
064957,台表科凱基02購02,0,0,0,0,0,0,0,0,0,114000,0,0,0,119000,5000,114000,114000
08275P,南亞科元富9C售01,0,0,0,0,0,0,0,0,0,113000,0,0,0,115000,2000,113000,113000
08632P,聯發科元大9C售19,0,0,0,0,0,0,0,0,0,113000,0,0,0,113000,0,113000,113000
057580,玉山金中信9A購01,0,0,0,0,0,0,0,0,0,113000,0,0,0,113000,0,113000,113000
057895,全新元富9B購01  ,0,0,0,0,0,0,0,0,0,113000,0,0,0,113000,0,113000,113000
056351,鴻海元大98購06  ,0,0,0,0,0,0,0,0,0,113000,0,0,0,150000,37000,113000,113000
03687C,臺股指凱基9C牛22,0,0,0,0,0,0,0,0,0,113000,0,0,0,314000,201000,113000,113000
061528,超眾凱基9A購04  ,0,0,0,0,0,0,0,0,0,113000,0,0,0,133000,20000,113000,113000
065409,鴻海永豐9C購01  ,0,0,0,0,0,0,0,0,0,113000,0,0,0,120000,7000,113000,113000
065331,亞德客國票01購01,0,0,0,0,0,0,0,0,0,113000,0,0,0,115000,2000,113000,113000
08092P,仁寶元富9B售02  ,0,0,0,0,0,0,0,0,0,112000,0,0,0,200000,88000,112000,112000
07466P,亞德客元大9A售02,0,0,0,0,0,0,0,0,0,112000,0,0,0,142000,30000,112000,112000
066388,力山凱基01購02  ,0,0,0,0,0,0,0,0,0,112000,0,0,0,127000,15000,112000,112000
054785,建準群益98購01  ,0,0,0,0,0,0,0,0,0,112000,0,0,0,112000,0,112000,112000
058139,臻鼎元大99購01  ,0,0,0,0,0,0,0,0,0,112000,0,0,0,205000,93000,112000,112000
058865,群創凱基01購01  ,0,0,0,0,0,0,0,0,0,112000,0,0,0,180000,68000,112000,112000
060215,柏文康和9A購01  ,0,0,0,0,0,0,0,0,0,112000,0,0,0,142000,30000,112000,112000
065137,中鋼凱基01購01  ,0,0,0,0,0,0,0,0,0,112000,0,0,0,112000,0,112000,112000
066066,鴻海凱基01購05  ,0,0,0,0,0,0,0,0,0,112000,0,0,0,236000,124000,112000,112000
065787,奇鋐永豐9C購01  ,0,0,0,0,0,0,0,0,0,112000,0,0,0,267000,155000,112000,112000
064394,全新永豐9C購02  ,0,0,0,0,0,0,0,0,0,112000,0,0,0,112000,0,112000,112000
066324,仲琦永豐01購01  ,0,0,0,0,0,0,0,0,0,111000,0,0,0,111000,0,111000,111000
066177,上緯控凱基01購01,0,0,0,0,0,0,0,0,0,111000,0,0,0,277000,166000,111000,111000
066306,亞聚永豐01購01  ,0,0,0,0,0,0,0,0,0,111000,0,0,0,116000,5000,111000,111000
057416,T50反1凱基9C購01,0,0,0,0,0,0,0,0,0,111000,0,0,0,111000,0,111000,111000
061990,台勝科元大9C購01,0,0,0,0,0,0,0,0,0,111000,0,0,0,211000,100000,111000,111000
058119,華新亞東99購01  ,0,0,0,0,0,0,0,0,0,111000,0,0,0,116000,5000,111000,111000
062253,燿華元大9B購02  ,0,0,0,0,0,0,0,0,0,111000,0,0,0,161000,50000,111000,111000
059829,超眾凱基99購05  ,0,0,0,0,0,0,0,0,0,111000,0,0,0,121000,10000,111000,111000
062925,建準國票9B購01  ,0,0,0,0,0,0,0,0,0,111000,0,0,0,149000,38000,111000,111000
066060,超眾元大01購03  ,0,0,0,0,0,0,0,0,0,111000,0,0,0,260000,149000,111000,111000
065316,大成鋼凱基9C購01,0,0,0,0,0,0,0,0,0,111000,0,0,0,111000,0,111000,111000
065456,義隆元富9C購03  ,0,0,0,0,0,0,0,0,0,111000,0,0,0,207000,96000,111000,111000
2351,順德            ,168000,78000,90000,0,0,0,0,0,0,21000,2000,2000,0,21000,0,21000,111000
066403,台郡凱基01購02  ,0,0,0,0,0,0,0,0,0,110000,0,0,0,110000,0,110000,110000
07868P,健策元大9B售05  ,0,0,0,0,0,0,0,0,0,110000,0,0,0,130000,20000,110000,110000
08431P,景碩凱基9C售02  ,0,0,0,0,0,0,0,0,0,110000,0,0,0,120000,10000,110000,110000
058981,國巨凱基99購10  ,0,0,0,0,0,0,0,0,0,110000,0,0,0,110000,0,110000,110000
056202,國揚永豐97購01  ,0,0,0,0,0,0,0,0,0,110000,0,0,0,120000,10000,110000,110000
061973,上銀元大9B購01  ,0,0,0,0,0,0,0,0,0,110000,0,0,0,135000,25000,110000,110000
061839,華新科凱基05購04,0,0,0,0,0,0,0,0,0,110000,0,0,0,150000,40000,110000,110000
057764,台表科凱基9A購01,0,0,0,0,0,0,0,0,0,110000,0,0,0,158000,48000,110000,110000
058820,致茂國泰9B購01  ,0,0,0,0,0,0,0,0,0,110000,0,0,0,110000,0,110000,110000
060326,群光群益9A購01  ,0,0,0,0,0,0,0,0,0,110000,0,0,0,123000,13000,110000,110000
060789,禾伸堂富邦9B購02,0,0,0,0,0,0,0,0,0,110000,0,0,0,110000,0,110000,110000
063475,同欣電元大9C購01,0,0,0,0,0,0,0,0,0,110000,0,0,0,273000,163000,110000,110000
062801,宏達電統一01購01,0,0,0,0,0,0,0,0,0,110000,0,0,0,310000,200000,110000,110000
059249,大立光凱基99購05,0,0,0,0,0,0,0,0,0,110000,0,0,0,150000,40000,110000,110000
065435,臻鼎凱基02購01  ,0,0,0,0,0,0,0,0,0,110000,0,0,0,140000,30000,110000,110000
065495,上銀富邦01購02  ,0,0,0,0,0,0,0,0,0,110000,0,0,0,230000,120000,110000,110000
064992,玉晶光兆豐01購01,0,0,0,0,0,0,0,0,0,110000,0,0,0,110000,0,110000,110000
064735,群創元富9C購02  ,0,0,0,0,0,0,0,0,0,110000,0,0,0,110000,0,110000,110000
064215,康控凱基02購01  ,0,0,0,0,0,0,0,0,0,110000,0,0,0,179000,69000,110000,110000
2511,太子            ,419000,293000,126000,0,0,0,0,0,0,-16000,26000,42000,-16000,0,0,0,110000
066167,強茂凱基01購01  ,0,0,0,0,0,0,0,0,0,109000,0,0,0,132000,23000,109000,109000
061891,力山永豐9B購01  ,0,0,0,0,0,0,0,0,0,109000,0,0,0,189000,80000,109000,109000
054733,鴻海凱基98購04  ,0,0,0,0,0,0,0,0,0,109000,0,0,0,319000,210000,109000,109000
056980,建準群益98購02  ,0,0,0,0,0,0,0,0,0,109000,0,0,0,133000,24000,109000,109000
061272,超眾凱基9A購03  ,0,0,0,0,0,0,0,0,0,109000,0,0,0,109000,0,109000,109000
064521,群創群益02購01  ,0,0,0,0,0,0,0,0,0,109000,0,0,0,110000,1000,109000,109000
065020,友達富邦01購02  ,0,0,0,0,0,0,0,0,0,109000,0,0,0,130000,21000,109000,109000
065215,義隆國泰02購02  ,0,0,0,0,0,0,0,0,0,109000,0,0,0,285000,176000,109000,109000
065514,建準群益9C購01  ,0,0,0,0,0,0,0,0,0,109000,0,0,0,162000,53000,109000,109000
066091,南電永豐01購01  ,0,0,0,0,0,0,0,0,0,109000,0,0,0,114000,5000,109000,109000
2439,美律            ,319000,186000,133000,0,0,0,0,0,0,-24000,11000,16000,-5000,7000,26000,-19000,109000
057501,超眾群益98購04  ,0,0,0,0,0,0,0,0,0,108000,0,0,0,140000,32000,108000,108000
061325,晶技凱基9A購03  ,0,0,0,0,0,0,0,0,0,108000,0,0,0,108000,0,108000,108000
060559,世紀鋼凱基9C購01,0,0,0,0,0,0,0,0,0,108000,0,0,0,118000,10000,108000,108000
063404,金像電國票9B購01,0,0,0,0,0,0,0,0,0,108000,0,0,0,303000,195000,108000,108000
063108,世紀鋼群益9C購01,0,0,0,0,0,0,0,0,0,108000,0,0,0,109000,1000,108000,108000
059827,晶技凱基99購03  ,0,0,0,0,0,0,0,0,0,108000,0,0,0,108000,0,108000,108000
060100,新光金元大9C購01,0,0,0,0,0,0,0,0,0,108000,0,0,0,125000,17000,108000,108000
063723,儒鴻元大9B購04  ,0,0,0,0,0,0,0,0,0,108000,0,0,0,265000,157000,108000,108000
066173,泰碩凱基02購01  ,0,0,0,0,0,0,0,0,0,107000,0,0,0,109000,2000,107000,107000
057397,茂林中信9A購01  ,0,0,0,0,0,0,0,0,0,107000,0,0,0,168000,61000,107000,107000
058468,聯茂中信99購02  ,0,0,0,0,0,0,0,0,0,107000,0,0,0,190000,83000,107000,107000
056331,聯鈞國票99購01  ,0,0,0,0,0,0,0,0,0,107000,0,0,0,140000,33000,107000,107000
062876,全新兆豐9B購01  ,0,0,0,0,0,0,0,0,0,107000,0,0,0,107000,0,107000,107000
059293,宏達電元富9B購01,0,0,0,0,0,0,0,0,0,107000,0,0,0,120000,13000,107000,107000
061138,晶技統一9C購01  ,0,0,0,0,0,0,0,0,0,107000,0,0,0,336000,229000,107000,107000
066070,金像電凱基01購03,0,0,0,0,0,0,0,0,0,107000,0,0,0,291000,184000,107000,107000
065597,旺宏元大01購03  ,0,0,0,0,0,0,0,0,0,107000,0,0,0,211000,104000,107000,107000
065527,巨大群益9C購03  ,0,0,0,0,0,0,0,0,0,107000,0,0,0,127000,20000,107000,107000
065317,上銀凱基9C購03  ,0,0,0,0,0,0,0,0,0,107000,0,0,0,209000,102000,107000,107000
2340,光磊            ,366000,188000,178000,0,0,0,0,0,0,-71000,30000,15000,15000,0,86000,-86000,107000
3027,盛達            ,477000,367000,110000,0,0,0,0,0,0,-3000,0,3000,-3000,0,0,0,107000
08693P,宏達電群益01售02,0,0,0,0,0,0,0,0,0,106000,0,0,0,156000,50000,106000,106000
057000,亞德客國票99購01,0,0,0,0,0,0,0,0,0,106000,0,0,0,107000,1000,106000,106000
058510,全新元大9B購02  ,0,0,0,0,0,0,0,0,0,106000,0,0,0,136000,30000,106000,106000
062203,燿華國票9C購01  ,0,0,0,0,0,0,0,0,0,106000,0,0,0,106000,0,106000,106000
061094,彩晶統一9B購02  ,0,0,0,0,0,0,0,0,0,106000,0,0,0,194000,88000,106000,106000
062666,和碩群益9B購01  ,0,0,0,0,0,0,0,0,0,106000,0,0,0,118000,12000,106000,106000
062406,臻鼎永豐9B購01  ,0,0,0,0,0,0,0,0,0,106000,0,0,0,185000,79000,106000,106000
065124,燿華永豐9C購03  ,0,0,0,0,0,0,0,0,0,106000,0,0,0,136000,30000,106000,106000
065766,南電元大9C購08  ,0,0,0,0,0,0,0,0,0,106000,0,0,0,136000,30000,106000,106000
065740,聯發科麥證9C購05,0,0,0,121000,15000,106000,0,0,0,106000,0,0,0,121000,15000,106000,106000
064381,道瓊銀國泰02購01,0,0,0,0,0,0,0,0,0,106000,0,0,0,136000,30000,106000,106000
064712,聚陽統一02購03  ,0,0,0,0,0,0,0,0,0,106000,0,0,0,236000,130000,106000,106000
5243,乙盛-KY         ,133000,22000,111000,0,0,0,0,0,0,-5000,0,5000,-5000,0,0,0,106000
08315P,台積電元大9C售08,0,0,0,0,0,0,0,0,0,105000,0,0,0,184000,79000,105000,105000
061989,晶技元大9B購04  ,0,0,0,0,0,0,0,0,0,105000,0,0,0,145000,40000,105000,105000
05878P,創意群益98售01  ,0,0,0,0,0,0,0,0,0,105000,0,0,0,105000,0,105000,105000
055569,聚陽統一98購01  ,0,0,0,0,0,0,0,0,0,105000,0,0,0,105000,0,105000,105000
061164,燿華兆豐9B購01  ,0,0,0,0,0,0,0,0,0,105000,0,0,0,105000,0,105000,105000
063509,超眾群益9B購03  ,0,0,0,0,0,0,0,0,0,105000,0,0,0,110000,5000,105000,105000
066128,台積電群益02購01,0,0,0,0,0,0,0,0,0,105000,0,0,0,321000,216000,105000,105000
065377,群創元大02購02  ,0,0,0,0,0,0,0,0,0,105000,0,0,0,180000,75000,105000,105000
8033,雷虎            ,113000,18000,95000,0,0,0,10000,0,10000,0,0,0,0,0,0,0,105000
08074P,緯穎元富9B售02  ,0,0,0,0,0,0,0,0,0,104000,0,0,0,129000,25000,104000,104000
1310,台苯            ,1030000,1010000,20000,0,0,0,0,0,0,84000,0,16000,-16000,100000,0,100000,104000
066168,強茂凱基01購02  ,0,0,0,0,0,0,0,0,0,104000,0,0,0,113000,9000,104000,104000
055265,玉晶光永豐98購03,0,0,0,0,0,0,0,0,0,104000,0,0,0,199000,95000,104000,104000
062891,台汽電群益9B購01,0,0,0,0,0,0,0,0,0,104000,0,0,0,104000,0,104000,104000
065522,旭富群益9C購03  ,0,0,0,0,0,0,0,0,0,104000,0,0,0,107000,3000,104000,104000
065040,燿華凱基9C購01  ,0,0,0,0,0,0,0,0,0,104000,0,0,0,121000,17000,104000,104000
065996,T50反1第一01購01,0,0,0,0,0,0,0,0,0,104000,0,0,0,199000,95000,104000,104000
064587,泰碩永豐9C購01  ,0,0,0,0,0,0,0,0,0,104000,0,0,0,104000,0,104000,104000
07943P,瑞昱元大9B售02  ,0,0,0,0,0,0,0,0,0,103000,0,0,0,344000,241000,103000,103000
08233P,國泰金元富9B售01,0,0,0,0,0,0,0,0,0,103000,0,0,0,103000,0,103000,103000
058884,世紀鋼永豐99購02,0,0,0,0,0,0,0,0,0,103000,0,0,0,103000,0,103000,103000
062605,上銀凱基9B購03  ,0,0,0,0,0,0,0,0,0,103000,0,0,0,143000,40000,103000,103000
062745,聯詠永豐9B購01  ,0,0,0,0,0,0,0,0,0,103000,0,0,0,113000,10000,103000,103000
065813,華擎統一03購01  ,0,0,0,0,0,0,0,0,0,103000,0,0,0,240000,137000,103000,103000
065569,智邦群益01購01  ,0,0,0,0,0,0,0,0,0,103000,0,0,0,132000,29000,103000,103000
07389P,臺股指群益9C售08,0,0,0,0,0,0,0,0,0,102000,0,0,0,112000,10000,102000,102000
054287,台積電元大97購11,0,0,0,0,0,0,0,0,0,102000,0,0,0,207000,105000,102000,102000
057636,上銀元大98購06  ,0,0,0,0,0,0,0,0,0,102000,0,0,0,102000,0,102000,102000
057778,大立光群益98購02,0,0,0,0,0,0,0,0,0,102000,0,0,0,105000,3000,102000,102000
065741,聯發科麥證9C購06,0,0,0,209000,107000,102000,0,0,0,102000,0,0,0,209000,107000,102000,102000
065080,燿華元大01購01  ,0,0,0,0,0,0,0,0,0,102000,0,0,0,102000,0,102000,102000
064529,友達中信01購03  ,0,0,0,0,0,0,0,0,0,102000,0,0,0,102000,0,102000,102000
063697,香港反群益9C購01,0,0,0,0,0,0,0,0,0,102000,0,0,0,102000,0,102000,102000
07781P,高鐵凱基9A售02  ,0,0,0,0,0,0,0,0,0,101000,0,0,0,101000,0,101000,101000
08623P,健策群益01售04  ,0,0,0,0,0,0,0,0,0,101000,0,0,0,154000,53000,101000,101000
08509P,臺股指國票9C售10,0,0,0,0,0,0,0,0,0,101000,0,0,0,111000,10000,101000,101000
057671,群創元大9B購06  ,0,0,0,0,0,0,0,0,0,101000,0,0,0,115000,14000,101000,101000
00646,元大S&P500      ,0,1000,-1000,0,0,0,0,0,0,102000,0,0,0,179000,77000,102000,101000
06177P,玉晶光元大98售07,0,0,0,0,0,0,0,0,0,101000,0,0,0,101000,0,101000,101000
060930,超眾永豐9A購03  ,0,0,0,0,0,0,0,0,0,101000,0,0,0,101000,0,101000,101000
064103,大立光群益9C購03,0,0,0,0,0,0,0,0,0,101000,0,0,0,111000,10000,101000,101000
064486,聚陽元大9C購01  ,0,0,0,0,0,0,0,0,0,101000,0,0,0,270000,169000,101000,101000
065098,致伸元大9C購02  ,2000,0,2000,0,0,0,0,0,0,99000,0,0,0,250000,151000,99000,101000
065825,鴻海凱基02購02  ,0,0,0,0,0,0,0,0,0,101000,0,0,0,121000,20000,101000,101000
08524P,奇力新元大9C售01,0,0,0,0,0,0,0,0,0,100000,0,0,0,100000,0,100000,100000
08456P,聯發科元大9C售13,0,0,0,0,0,0,0,0,0,100000,0,0,0,100000,0,100000,100000
08680P,聯發科元大01售10,0,0,0,0,0,0,0,0,0,100000,0,0,0,100000,0,100000,100000
07818P,台積電國票9C售01,0,0,0,0,0,0,0,0,0,100000,0,0,0,100000,0,100000,100000
07676P,華新科永豐9A售02,0,0,0,0,0,0,0,0,0,100000,0,0,0,100000,0,100000,100000
07257P,臺股指凱基99售37,0,0,0,0,0,0,0,0,0,100000,0,0,0,100000,0,100000,100000
08128P,聯發科元大9B售22,0,0,0,0,0,0,0,0,0,100000,0,0,0,100000,0,100000,100000
08247P,台積電群益9C售06,0,0,0,0,0,0,0,0,0,100000,0,0,0,210000,110000,100000,100000
07961P,滬深2X中信01售02,0,0,0,0,0,0,0,0,0,100000,0,0,0,100000,0,100000,100000
07913P,友達元大01售01  ,0,0,0,0,0,0,0,0,0,100000,0,0,0,100000,0,100000,100000
07979P,大立光凱基9B售05,0,0,0,0,0,0,0,0,0,100000,0,0,0,100000,0,100000,100000
066986,健策群益02購02  ,0,0,0,0,0,0,0,0,0,100000,0,0,0,185000,85000,100000,100000
066821,臺指反群益01購03,0,0,0,0,0,0,0,0,0,100000,0,0,0,100000,0,100000,100000
066790,健策麥證01購01  ,0,0,0,100000,0,100000,0,0,0,100000,0,0,0,100000,0,100000,100000
06847P,奇力新元大98售05,0,0,0,0,0,0,0,0,0,100000,0,0,0,100000,0,100000,100000
05174P,元金2X富邦9B售01,0,0,0,0,0,0,0,0,0,100000,0,0,0,100000,0,100000,100000
055377,揚明光元大98購01,0,0,0,0,0,0,0,0,0,100000,0,0,0,100000,0,100000,100000
058920,SGBR2X元富99購06,0,0,0,0,0,0,0,0,0,100000,0,0,0,100000,0,100000,100000
056431,鴻海凱基98購07  ,0,0,0,0,0,0,0,0,0,100000,0,0,0,100000,0,100000,100000
057946,晶相光國票99購01,0,0,0,0,0,0,0,0,0,100000,0,0,0,100000,0,100000,100000
057723,臺股指元富98購02,0,0,0,0,0,0,0,0,0,100000,100000,0,100000,0,0,0,100000
061882,矽創元大9B購01  ,0,0,0,0,0,0,0,0,0,100000,0,0,0,107000,7000,100000,100000
061983,華新科元大9B購04,0,0,0,0,0,0,0,0,0,100000,0,0,0,100000,0,100000,100000
059240,台積電凱基9A購09,0,0,0,0,0,0,0,0,0,100000,0,0,0,106000,6000,100000,100000
061034,晶豪科永豐9A購01,0,0,0,0,0,0,0,0,0,100000,0,0,0,100000,0,100000,100000
062449,臻鼎元大9B購01  ,0,0,0,0,0,0,0,0,0,100000,0,0,0,100000,0,100000,100000
059452,全新永豐99購03  ,0,0,0,0,0,0,0,0,0,100000,0,0,0,100000,0,100000,100000
061457,TPK凱基9A購01   ,0,0,0,0,0,0,0,0,0,100000,0,0,0,113000,13000,100000,100000
063077,巨大永豐9B購03  ,0,0,0,0,0,0,0,0,0,100000,0,0,0,203000,103000,100000,100000
060611,同欣電凱基9A購02,0,0,0,0,0,0,0,0,0,100000,0,0,0,192000,92000,100000,100000
066026,泰碩群益03購01  ,0,0,0,0,0,0,0,0,0,100000,0,0,0,277000,177000,100000,100000
06593P,欣興元大98售05  ,0,0,0,0,0,0,0,0,0,100000,0,0,0,100000,0,100000,100000
06514P,國巨凱基98售05  ,0,0,0,0,0,0,0,0,0,100000,0,0,0,100000,0,100000,100000
065233,TPK凱基01購01   ,0,0,0,0,0,0,0,0,0,100000,0,0,0,101000,1000,100000,100000
064942,道瓊反凱基02購01,0,0,0,0,0,0,0,0,0,100000,0,0,0,100000,0,100000,100000
064527,裕隆中信01購01  ,0,0,0,0,0,0,0,0,0,100000,0,0,0,123000,23000,100000,100000
064415,群創麥證9C購01  ,0,0,0,100000,0,100000,0,0,0,100000,0,0,0,100000,0,100000,100000
063938,上銀元大9C購03  ,0,0,0,0,0,0,0,0,0,100000,0,0,0,125000,25000,100000,100000
063666,京元電統一9C購01,0,0,0,0,0,0,0,0,0,100000,0,0,0,100000,0,100000,100000
063627,上銀元大9B購09  ,0,0,0,0,0,0,0,0,0,100000,0,0,0,100000,0,100000,100000
8011,台通            ,339000,235000,104000,0,0,0,0,0,0,-4000,0,4000,-4000,0,0,0,100000
066274,景碩元大01購02  ,0,0,0,0,0,0,0,0,0,99000,0,0,0,367000,268000,99000,99000
08129P,聯發科元大9B售23,0,0,0,0,0,0,0,0,0,99000,0,0,0,194000,95000,99000,99000
061074,儒鴻兆豐9B購01  ,0,0,0,0,0,0,0,0,0,99000,0,0,0,151000,52000,99000,99000
064086,旺宏凱基9C購01  ,0,0,0,0,0,0,0,0,0,99000,0,0,0,214000,115000,99000,99000
064378,群創元富9C購01  ,0,0,0,0,0,0,0,0,0,99000,0,0,0,108000,9000,99000,99000
064461,致伸統一01購01  ,0,0,0,0,0,0,0,0,0,99000,0,0,0,198000,99000,99000,99000
064646,群創凱基02購01  ,0,0,0,0,0,0,0,0,0,99000,0,0,0,135000,36000,99000,99000
064764,聯茂凱基01購01  ,0,0,0,0,0,0,0,0,0,99000,0,0,0,99000,0,99000,99000
065985,金像電永豐01購02,0,0,0,0,0,0,0,0,0,99000,0,0,0,203000,104000,99000,99000
065790,創意永豐9C購02  ,0,0,0,0,0,0,0,0,0,99000,0,0,0,100000,1000,99000,99000
06617P,智邦元大98售03  ,0,0,0,0,0,0,0,0,0,98000,0,0,0,98000,0,98000,98000
066783,友達中信01購04  ,0,0,0,0,0,0,0,0,0,98000,0,0,0,98000,0,98000,98000
067108,大毅群益01購01  ,0,0,0,0,0,0,0,0,0,98000,0,0,0,98000,0,98000,98000
057823,神達元大98購01  ,0,0,0,0,0,0,0,0,0,98000,0,0,0,98000,0,98000,98000
063064,台表科元富9B購01,0,0,0,0,0,0,0,0,0,98000,0,0,0,118000,20000,98000,98000
060958,儒鴻凱基9A購02  ,0,0,0,0,0,0,0,0,0,98000,0,0,0,395000,297000,98000,98000
062230,緯穎統一01購01  ,0,0,0,0,0,0,0,0,0,98000,0,0,0,108000,10000,98000,98000
060164,合勤控永豐9A購01,0,0,0,0,0,0,0,0,0,98000,0,0,0,125000,27000,98000,98000
065586,嘉聯益富邦03購01,0,0,0,0,0,0,0,0,0,98000,0,0,0,100000,2000,98000,98000
065108,建準國票01購01  ,0,0,0,0,0,0,0,0,0,98000,0,0,0,136000,38000,98000,98000
065259,燿華元大9C購05  ,0,0,0,0,0,0,0,0,0,98000,0,0,0,246000,148000,98000,98000
064785,康友群益9C購01  ,0,0,0,0,0,0,0,0,0,98000,0,0,0,128000,30000,98000,98000
064145,宏碁統一02購01  ,0,0,0,0,0,0,0,0,0,98000,0,0,0,147000,49000,98000,98000
063571,TPK元大9B購03   ,0,0,0,0,0,0,0,0,0,98000,0,0,0,164000,66000,98000,98000
2405,浩鑫            ,156000,58000,98000,0,0,0,0,0,0,0,0,0,0,0,0,0,98000
06721P,臺股指中信9A售03,0,0,0,0,0,0,0,0,0,97000,0,0,0,256000,159000,97000,97000
066249,生達元大01購01  ,0,50000,-50000,0,0,0,0,0,0,147000,0,0,0,270000,123000,147000,97000
08356P,聯發科元大9C售08,0,0,0,0,0,0,0,0,0,97000,0,0,0,100000,3000,97000,97000
057790,台積電統一99購04,0,0,0,0,0,0,0,0,0,97000,0,0,0,162000,65000,97000,97000
059956,玉山金康和99購01,0,0,0,0,0,0,0,0,0,97000,0,0,0,127000,30000,97000,97000
062817,富邦金兆豐9B購01,0,0,0,0,0,0,0,0,0,97000,0,0,0,178000,81000,97000,97000
2428,興勤            ,140000,75000,65000,0,0,0,0,0,0,32000,3000,4000,-1000,38000,5000,33000,97000
9902,台火            ,129000,40000,89000,0,0,0,8000,0,8000,0,0,0,0,0,0,0,97000
057408,台郡群益98購01  ,0,0,0,0,0,0,0,0,0,96000,0,0,0,96000,0,96000,96000
057992,大立光日盛98購01,0,0,0,0,0,0,0,0,0,96000,0,0,0,101000,5000,96000,96000
059955,美食康和99購01  ,0,0,0,0,0,0,0,0,0,96000,0,0,0,109000,13000,96000,96000
062089,矽創元大9B購02  ,0,0,0,0,0,0,0,0,0,96000,0,0,0,116000,20000,96000,96000
060322,卜蜂群益9A購01  ,0,0,0,0,0,0,0,0,0,96000,0,0,0,157000,61000,96000,96000
061477,晶豪科元大9A購01,0,0,0,0,0,0,0,0,0,96000,0,0,0,211000,115000,96000,96000
064585,中壽永豐9C購01  ,0,0,0,0,0,0,0,0,0,96000,0,0,0,153000,57000,96000,96000
065902,燿華富邦02購01  ,0,0,0,0,0,0,0,0,0,96000,0,0,0,101000,5000,96000,96000
6206,飛捷            ,284000,176000,108000,0,0,0,0,0,0,-12000,9000,21000,-12000,0,0,0,96000
08659P,聯發科統一9C售20,0,0,0,0,0,0,0,0,0,95000,0,0,0,100000,5000,95000,95000
07300P,臺股指元大9A售33,0,0,0,0,0,0,0,0,0,95000,0,0,0,150000,55000,95000,95000
066457,可成統一02購01  ,0,0,0,0,0,0,0,0,0,95000,0,0,0,110000,15000,95000,95000
066350,達麗永豐01購01  ,0,0,0,0,0,0,0,0,0,95000,0,0,0,95000,0,95000,95000
056645,大立光凱基98購12,0,0,0,0,0,0,0,0,0,95000,0,0,0,95000,0,95000,95000
056668,光磊國票99購01  ,0,0,0,0,0,0,0,0,0,95000,0,0,0,95000,0,95000,95000
063169,台汽電永豐9B購01,0,0,0,0,0,0,0,0,0,95000,0,0,0,95000,0,95000,95000
061644,健策元大9C購02  ,0,0,0,0,0,0,0,0,0,95000,0,0,0,106000,11000,95000,95000
065971,金像電元大02購01,0,0,0,0,0,0,0,0,0,95000,0,0,0,105000,10000,95000,95000
064775,和大群益01購01  ,0,0,0,0,0,0,0,0,0,95000,0,0,0,95000,0,95000,95000
064573,復盛群益9C購01  ,0,0,0,0,0,0,0,0,0,95000,0,0,0,290000,195000,95000,95000
063867,全新永豐9C購01  ,0,0,0,0,0,0,0,0,0,95000,0,0,0,95000,0,95000,95000
064151,義隆統一01購01  ,0,0,0,0,0,0,0,0,0,95000,0,0,0,145000,50000,95000,95000
064256,玉晶光國泰02購02,0,0,0,0,0,0,0,0,0,95000,0,0,0,213000,118000,95000,95000
064005,義隆凱基01購01  ,0,0,0,0,0,0,0,0,0,95000,0,0,0,115000,20000,95000,95000
3712,永崴投控        ,123000,37000,86000,0,0,0,0,0,0,9000,0,11000,-11000,20000,0,20000,95000
4144,康聯-KY         ,101000,2000,99000,0,0,0,0,0,0,-4000,0,4000,-4000,0,0,0,95000
1590,亞德客-KY       ,1082922,857000,225922,0,0,0,0,64672,-64672,-67000,33000,1000,32000,6000,105000,-99000,94250
1315,達新            ,128000,28000,100000,0,0,0,0,0,0,-6000,0,6000,-6000,0,0,0,94000
08171P,嘉澤國票9C售01  ,0,0,0,0,0,0,0,0,0,94000,0,0,0,148000,54000,94000,94000
05887P,友達元富99售03  ,0,0,0,0,0,0,0,0,0,94000,0,0,0,214000,120000,94000,94000
00654R,富邦印度反1     ,91000,0,91000,0,0,0,0,0,0,3000,0,0,0,10000,7000,3000,94000
062266,世紀鋼元大9B購02,0,0,0,0,0,0,0,0,0,94000,0,0,0,126000,32000,94000,94000
059760,楠梓電永豐99購01,0,0,0,0,0,0,0,0,0,94000,0,0,0,94000,0,94000,94000
063191,台表科凱基9B購03,0,0,0,0,0,0,0,0,0,94000,0,0,0,165000,71000,94000,94000
063616,上銀兆豐9C購01  ,0,0,0,0,0,0,0,0,0,94000,0,0,0,94000,0,94000,94000
065890,台積電統一03購01,0,0,0,0,0,0,0,0,0,94000,0,0,0,100000,6000,94000,94000
065669,義隆凱基01購03  ,0,0,0,0,0,0,0,0,0,94000,0,0,0,94000,0,94000,94000
065208,義隆國票01購01  ,0,0,0,0,0,0,0,0,0,94000,0,0,0,144000,50000,94000,94000
2601,益航            ,264000,105000,159000,0,0,0,0,54659,-54659,-11000,11000,22000,-11000,0,0,0,93341
066304,聯華永豐01購01  ,0,0,0,0,0,0,0,0,0,93000,0,0,0,132000,39000,93000,93000
06697P,台積電國票99售05,0,0,0,0,0,0,0,0,0,93000,0,0,0,93000,0,93000,93000
055681,奇鋐凱基98購03  ,0,0,0,0,0,0,0,0,0,93000,0,0,0,294000,201000,93000,93000
061423,廣達元大9A購01  ,0,0,0,0,0,0,0,0,0,93000,0,0,0,93000,0,93000,93000
063327,燿華國票9C購02  ,0,0,0,0,0,0,0,0,0,93000,0,0,0,95000,2000,93000,93000
060169,群電永豐9A購01  ,0,0,0,0,0,0,0,0,0,93000,0,0,0,103000,10000,93000,93000
065384,南電元大9C購07  ,0,0,0,0,0,0,0,0,0,93000,0,0,0,94000,1000,93000,93000
065802,義隆群益9C購05  ,0,0,0,0,0,0,0,0,0,93000,0,0,0,93000,0,93000,93000
063712,高鐵凱基9C購01  ,0,0,0,0,0,0,0,0,0,93000,0,0,0,100000,7000,93000,93000
064902,健策群益01購03  ,0,0,0,0,0,0,0,0,0,93000,0,0,0,104000,11000,93000,93000
2231,為升            ,208000,143000,65000,0,0,0,0,0,0,28000,18000,12000,6000,26000,4000,22000,93000
055030,帆宣國泰99購02  ,0,0,0,0,0,0,0,0,0,92000,0,0,0,92000,0,92000,92000
057787,TPK國票99購01   ,0,0,0,0,0,0,0,0,0,92000,0,0,0,92000,0,92000,92000
060109,茂林元大99購05  ,0,0,0,0,0,0,0,0,0,92000,0,0,0,254000,162000,92000,92000
061680,崇越元大9A購01  ,0,0,0,0,0,0,0,0,0,92000,0,0,0,185000,93000,92000,92000
063356,台表科元富02購01,0,0,0,0,0,0,0,0,0,92000,0,0,0,92000,0,92000,92000
063118,中鋼元大9C購01  ,0,0,0,0,0,0,0,0,0,92000,0,0,0,92000,0,92000,92000
060841,宏達電國票9B購01,0,0,0,0,0,0,0,0,0,92000,0,0,0,92000,0,92000,92000
064724,健鼎統一02購02  ,0,0,0,0,0,0,0,0,0,92000,0,0,0,143000,51000,92000,92000
063890,正隆群益9C購01  ,0,0,0,0,0,0,0,0,0,92000,0,0,0,217000,125000,92000,92000
3588,通嘉            ,289000,195000,94000,0,0,0,0,0,0,-2000,0,2000,-2000,0,0,0,92000
066837,樺漢群益01購02  ,0,0,0,0,0,0,0,0,0,91000,0,0,0,91000,0,91000,91000
067169,台積電麥證01購07,0,0,0,201000,10000,191000,0,0,0,91000,0,0,0,201000,110000,91000,91000
08211P,台表科元富9B售03,0,0,0,0,0,0,0,0,0,91000,0,0,0,239000,148000,91000,91000
08861P,台積電統一01售10,0,0,0,0,0,0,0,0,0,91000,0,0,0,668000,577000,91000,91000
062036,致新群益9B購01  ,0,0,0,0,0,0,0,0,0,91000,0,0,0,108000,17000,91000,91000
062413,台光電中信9B購02,0,0,0,0,0,0,0,0,0,91000,0,0,0,91000,0,91000,91000
060890,大立光統一01購01,0,0,0,0,0,0,0,0,0,91000,0,0,0,139000,48000,91000,91000
059313,元石油元大99購06,0,0,0,0,0,0,0,0,0,91000,0,0,0,91000,0,91000,91000
063902,志超群益9C購01  ,0,0,0,0,0,0,0,0,0,91000,0,0,0,157000,66000,91000,91000
064604,聯茂元富9C購01  ,0,0,0,0,0,0,0,0,0,91000,0,0,0,105000,14000,91000,91000
064346,貿聯元大01購01  ,0,0,0,0,0,0,0,0,0,91000,0,0,0,91000,0,91000,91000
4968,立積            ,294000,257000,37000,0,0,0,5000,0,5000,49000,46000,24000,22000,72000,45000,27000,91000
08753P,群創群益01售01  ,0,0,0,0,0,0,0,0,0,90000,0,0,0,90000,0,90000,90000
08648P,健策凱基9C售05  ,0,0,0,0,0,0,0,0,0,90000,0,0,0,115000,25000,90000,90000
08365P,貿聯凱基9C售01  ,0,0,0,0,0,0,0,0,0,90000,0,0,0,148000,58000,90000,90000
07189P,聯發科富邦9B售03,0,0,0,0,0,0,0,0,0,90000,0,0,0,90000,0,90000,90000
06828P,臺股指國票98售04,0,0,0,0,0,0,0,0,0,90000,0,0,0,90000,0,90000,90000
066806,京鼎凱基02購01  ,0,0,0,0,0,0,0,0,0,90000,0,0,0,104000,14000,90000,90000
057244,鈺齊凱基99購01  ,0,0,0,0,0,0,0,0,0,90000,0,0,0,110000,20000,90000,90000
057069,台積電永豐98購02,0,0,0,0,0,0,0,0,0,90000,0,0,0,170000,80000,90000,90000
059080,亞泥元大99購01  ,0,0,0,0,0,0,0,0,0,90000,0,0,0,95000,5000,90000,90000
053609,華新中信9A購01  ,0,0,0,0,0,0,0,0,0,90000,0,0,0,110000,20000,90000,90000
053919,可成國票97購02  ,0,0,0,0,0,0,0,0,0,90000,0,0,0,90000,0,90000,90000
062124,大立光統一9B購09,0,0,0,0,0,0,0,0,0,90000,0,0,0,90000,0,90000,90000
062275,燿華群益9B購01  ,0,0,0,0,0,0,0,0,0,90000,0,0,0,100000,10000,90000,90000
061056,臺指反國票02購01,0,0,0,0,0,0,0,0,0,90000,0,0,0,90000,0,90000,90000
060653,全新群益9A購02  ,0,0,0,0,0,0,0,0,0,90000,0,0,0,100000,10000,90000,90000
063840,鴻海元大01購01  ,0,0,0,0,0,0,0,0,0,90000,0,0,0,100000,10000,90000,90000
064212,可成凱基03購01  ,0,0,0,0,0,0,0,0,0,90000,0,0,0,145000,55000,90000,90000
065783,友訊永豐9C購02  ,0,0,0,0,0,0,0,0,0,90000,0,0,0,92000,2000,90000,90000
066049,奇鋐元大02購01  ,0,0,0,0,0,0,0,0,0,90000,0,0,0,92000,2000,90000,90000
9917,中保科          ,240000,155000,85000,0,0,0,0,0,0,5000,15000,10000,5000,0,0,0,90000
066852,矽格元大01購03  ,0,0,0,0,0,0,0,0,0,89000,0,0,0,138000,49000,89000,89000
1339,昭輝            ,145000,56000,89000,0,0,0,0,0,0,0,0,0,0,0,0,0,89000
060414,中興電永豐9A購01,0,0,0,0,0,0,0,0,0,89000,0,0,0,116000,27000,89000,89000
063449,全新統一9B購02  ,0,0,0,0,0,0,0,0,0,89000,0,0,0,282000,193000,89000,89000
062609,帆宣凱基9B購01  ,0,0,0,0,0,0,0,0,0,89000,0,0,0,90000,1000,89000,89000
066161,力山凱基01購01  ,0,0,0,0,0,0,0,0,0,89000,0,0,0,94000,5000,89000,89000
065256,上銀元大9C購10  ,0,0,0,0,0,0,0,0,0,89000,0,0,0,299000,210000,89000,89000
064186,燿華永豐9C購01  ,0,0,0,0,0,0,0,0,0,89000,0,0,0,89000,0,89000,89000
064243,TPK統一02購02   ,0,0,0,0,0,0,0,0,0,89000,0,0,0,157000,68000,89000,89000
064622,晶技元大01購01  ,0,0,0,0,0,0,0,0,0,89000,0,0,0,219000,130000,89000,89000
2380,虹光            ,153000,64000,89000,0,0,0,0,0,0,0,0,0,0,0,0,0,89000
08453P,玉晶光台新9C售02,0,0,0,0,0,0,0,0,0,88000,0,0,0,673000,585000,88000,88000
08004P,大毅永豐9B售02  ,0,0,0,0,0,0,0,0,0,88000,0,0,0,88000,0,88000,88000
066361,微星中信05購01  ,0,0,0,0,0,0,0,0,0,88000,0,0,0,109000,21000,88000,88000
066541,南電兆豐01購02  ,0,0,0,0,0,0,0,0,0,88000,0,0,0,118000,30000,88000,88000
059103,旭富元富99購03  ,0,0,0,0,0,0,0,0,0,88000,0,0,0,98000,10000,88000,88000
058768,南港兆豐99購01  ,0,0,0,0,0,0,0,0,0,88000,0,0,0,91000,3000,88000,88000
062564,矽創凱基9B購01  ,0,0,0,0,0,0,0,0,0,88000,0,0,0,105000,17000,88000,88000
064816,訊芯元大9C購01  ,0,0,0,0,0,0,0,0,0,88000,0,0,0,184000,96000,88000,88000
063726,鴻海元大9B購04  ,0,0,0,0,0,0,0,0,0,88000,0,0,0,96000,8000,88000,88000
065255,上銀元大01購01  ,0,0,0,0,0,0,0,0,0,88000,0,0,0,184000,96000,88000,88000
2617,台航            ,118000,15000,103000,0,0,0,0,0,0,-15000,0,15000,-15000,0,0,0,88000
07145P,為升元大99售03  ,0,0,0,0,0,0,0,0,0,87000,0,0,0,87000,0,87000,87000
08773P,瑞昱凱基01售01  ,0,0,0,0,0,0,0,0,0,87000,0,0,0,162000,75000,87000,87000
057211,鴻海群益98購05  ,0,0,0,0,0,0,0,0,0,87000,0,0,0,117000,30000,87000,87000
059363,超眾永豐99購02  ,0,0,0,0,0,0,0,0,0,87000,0,0,0,87000,0,87000,87000
064220,力山國票01購01  ,0,0,0,0,0,0,0,0,0,87000,0,0,0,88000,1000,87000,87000
064053,祥碩統一02購01  ,0,0,0,0,0,0,0,0,0,87000,0,0,0,87000,0,87000,87000
5607,遠雄港          ,148000,57000,91000,0,0,0,0,0,0,-4000,0,4000,-4000,0,0,0,87000
6592,和潤企業        ,183000,132000,51000,0,0,0,0,0,0,36000,0,4000,-4000,40000,0,40000,87000
2467,志聖            ,405000,298000,107000,0,0,0,0,14776,-14776,-6000,1000,7000,-6000,0,0,0,86224
08661P,台灣50麥證9C售03,0,0,0,100000,14000,86000,0,0,0,86000,0,0,0,100000,14000,86000,86000
07363P,大立光元大99售26,0,0,0,0,0,0,0,0,0,86000,0,0,0,100000,14000,86000,86000
066278,健策元大02購01  ,0,0,0,0,0,0,0,0,0,86000,0,0,0,112000,26000,86000,86000
066894,聯發科兆豐03購01,0,0,0,0,0,0,0,0,0,86000,0,0,0,97000,11000,86000,86000
055024,興勤國泰98購01  ,0,0,0,0,0,0,0,0,0,86000,0,0,0,86000,0,86000,86000
056517,茂林兆豐99購01  ,0,0,0,0,0,0,0,0,0,86000,0,0,0,273000,187000,86000,86000
056356,台積電元大99購01,0,0,0,0,0,0,0,0,0,86000,0,0,0,86000,0,86000,86000
058930,華新科統一9B購01,0,0,0,0,0,0,0,0,0,86000,0,0,0,100000,14000,86000,86000
059838,茂林國泰9B購01  ,0,0,0,0,0,0,0,0,0,86000,0,0,0,86000,0,86000,86000
062104,上証2X國票9B購03,0,0,0,0,0,0,0,0,0,86000,0,0,0,90000,4000,86000,86000
062422,億光統一01購01  ,0,0,0,0,0,0,0,0,0,86000,0,0,0,111000,25000,86000,86000
061005,可成兆豐9A購01  ,0,0,0,0,0,0,0,0,0,86000,0,0,0,104000,18000,86000,86000
060777,茂林凱基9C購01  ,0,0,0,0,0,0,0,0,0,86000,0,0,0,211000,125000,86000,86000
061348,聯鈞元大9A購05  ,0,0,0,0,0,0,0,0,0,86000,0,0,0,101000,15000,86000,86000
064120,鴻海元大9C購07  ,0,0,0,0,0,0,0,0,0,86000,0,0,0,94000,8000,86000,86000
064718,友達統一02購01  ,0,0,0,0,0,0,0,0,0,86000,0,0,0,121000,35000,86000,86000
064555,力山群益01購01  ,0,0,0,0,0,0,0,0,0,86000,0,0,0,130000,44000,86000,86000
064523,聯茂群益9C購01  ,0,0,0,0,0,0,0,0,0,86000,0,0,0,169000,83000,86000,86000
2020,美亞            ,100000,2000,98000,0,0,0,0,0,0,-12000,0,12000,-12000,0,0,0,86000
067013,致新永豐01購01  ,0,0,0,0,0,0,0,0,0,85000,0,0,0,85000,0,85000,85000
066591,華新科群益01購05,0,0,0,0,0,0,0,0,0,85000,0,0,0,88000,3000,85000,85000
066566,康控元大01購01  ,0,0,0,0,0,0,0,0,0,85000,0,0,0,155000,70000,85000,85000
07555P,玉晶光元大9A售07,0,0,0,0,0,0,0,0,0,85000,0,0,0,90000,5000,85000,85000
07292P,臺股指凱基99售44,0,0,0,0,0,0,0,0,0,85000,0,0,0,95000,10000,85000,85000
08329P,台達電統一9C售02,0,0,0,0,0,0,0,0,0,85000,0,0,0,146000,61000,85000,85000
08690P,友訊中信05售03  ,0,0,0,0,0,0,0,0,0,85000,0,0,0,85000,0,85000,85000
08409P,臺股指元大9C售15,0,0,0,0,0,0,0,0,0,85000,0,0,0,85000,0,85000,85000
08792P,聯發科中信02售02,0,0,0,0,0,0,0,0,0,85000,0,0,0,98000,13000,85000,85000
054114,新光金台新97購01,0,0,0,0,0,0,0,0,0,85000,0,0,0,85000,0,85000,85000
00689R,國泰20年美債反1 ,135000,0,135000,0,0,0,0,0,0,-50000,0,0,0,175000,225000,-50000,85000
058368,奇鋐凱基9A購01  ,0,0,0,0,0,0,0,0,0,85000,0,0,0,118000,33000,85000,85000
060336,南電康和9A購01  ,0,0,0,0,0,0,0,0,0,85000,0,0,0,152000,67000,85000,85000
063417,金像電凱基9B購03,0,0,0,0,0,0,0,0,0,85000,0,0,0,250000,165000,85000,85000
063268,GIS中信9B購01   ,0,0,0,0,0,0,0,0,0,85000,0,0,0,532000,447000,85000,85000
062421,台積電統一9C購09,0,0,0,0,0,0,0,0,0,85000,0,0,0,105000,20000,85000,85000
062661,華通群益9B購05  ,0,0,0,0,0,0,0,0,0,85000,0,0,0,85000,0,85000,85000
062810,華通兆豐9B購02  ,0,0,0,0,0,0,0,0,0,85000,0,0,0,85000,0,85000,85000
064299,宏碁兆豐9C購01  ,0,0,0,0,0,0,0,0,0,85000,0,0,0,123000,38000,85000,85000
064747,彩晶國票01購01  ,0,0,0,0,0,0,0,0,0,85000,0,0,0,120000,35000,85000,85000
064107,友達兆豐01購01  ,0,0,0,0,0,0,0,0,0,85000,0,0,0,85000,0,85000,85000
063929,高鐵統一02購01  ,0,0,0,0,0,0,0,0,0,85000,0,0,0,108000,23000,85000,85000
063849,奇鋐元大9C購01  ,0,0,0,0,0,0,0,0,0,85000,0,0,0,107000,22000,85000,85000
065483,聯茂元大9C購06  ,0,0,0,0,0,0,0,0,0,85000,0,0,0,135000,50000,85000,85000
065725,技嘉凱基9C購03  ,0,0,0,0,0,0,0,0,0,85000,0,0,0,130000,45000,85000,85000
08605P,聯發科中信9C售06,0,0,0,0,0,0,0,0,0,84000,0,0,0,559000,475000,84000,84000
08221P,台表科凱基9B售05,0,0,0,0,0,0,0,0,0,84000,0,0,0,150000,66000,84000,84000
066726,鴻海元大01購11  ,0,0,0,0,0,0,0,0,0,84000,0,0,0,156000,72000,84000,84000
06935P,神達元大98售02  ,0,0,0,0,0,0,0,0,0,84000,0,0,0,89000,5000,84000,84000
056682,鴻海統一98購10  ,0,0,0,0,0,0,0,0,0,84000,0,0,0,109000,25000,84000,84000
055795,茂林國泰98購01  ,0,0,0,0,0,0,0,0,0,84000,0,0,0,84000,0,84000,84000
063187,全新凱基9B購02  ,0,0,0,0,0,0,0,0,0,84000,0,0,0,122000,38000,84000,84000
065743,宏達電麥證9C購02,0,0,0,180000,96000,84000,0,0,0,84000,0,0,0,180000,96000,84000,84000
065138,上銀凱基02購01  ,0,0,0,0,0,0,0,0,0,84000,0,0,0,134000,50000,84000,84000
1808,潤隆            ,153000,63000,90000,0,0,0,0,0,0,-6000,0,6000,-6000,0,0,0,84000
2545,皇翔            ,109000,9000,100000,0,0,0,0,0,0,-16000,0,16000,-16000,0,0,0,84000
066854,樺漢元大01購02  ,0,0,0,0,0,0,0,0,0,83000,0,0,0,327000,244000,83000,83000
066572,台郡元大01購02  ,0,0,0,0,0,0,0,0,0,83000,0,0,0,192000,109000,83000,83000
061915,T50反1凱基02購02,0,0,0,0,0,0,0,0,0,83000,0,0,0,144000,61000,83000,83000
057241,超眾凱基99購02  ,0,0,0,0,0,0,0,0,0,83000,0,0,0,95000,12000,83000,83000
058547,世紀鋼富邦9A購01,0,0,0,0,0,0,0,0,0,83000,0,0,0,83000,0,83000,83000
063126,TPK元大9B購01   ,0,0,0,0,0,0,0,0,0,83000,0,0,0,116000,33000,83000,83000
063336,大成鋼統一9C購02,0,0,0,0,0,0,0,0,0,83000,0,0,0,83000,0,83000,83000
062980,康控元富9B購01  ,0,0,0,0,0,0,0,0,0,83000,0,0,0,334000,251000,83000,83000
062805,台勝科統一9C購01,0,0,0,0,0,0,0,0,0,83000,0,0,0,86000,3000,83000,83000
062768,南電凱基9B購04  ,0,0,0,0,0,0,0,0,0,83000,0,0,0,107000,24000,83000,83000
059865,國巨凱基01購01  ,0,0,0,0,0,0,0,0,0,83000,0,0,0,118000,35000,83000,83000
063714,超眾凱基9B購03  ,0,0,0,0,0,0,0,0,0,83000,0,0,0,105000,22000,83000,83000
063715,鈺齊凱基9C購01  ,0,0,0,0,0,0,0,0,0,83000,0,0,0,103000,20000,83000,83000
064019,上銀元大9C購05  ,0,0,0,0,0,0,0,0,0,83000,0,0,0,83000,0,83000,83000
064428,裕隆凱基02購01  ,0,0,0,0,0,0,0,0,0,83000,0,0,0,110000,27000,83000,83000
08452P,智邦台新9C售05  ,0,0,0,0,0,0,0,0,0,82000,0,0,0,151000,69000,82000,82000
061853,晶技國票9B購02  ,0,0,0,0,0,0,0,0,0,82000,0,0,0,126000,44000,82000,82000
058376,貿聯凱基9A購01  ,0,0,0,0,0,0,0,0,0,82000,0,0,0,92000,10000,82000,82000
057637,上銀元大98購07  ,0,0,0,0,0,0,0,0,0,82000,0,0,0,96000,14000,82000,82000
061791,康友群益9B購01  ,0,0,0,0,0,0,0,0,0,82000,0,0,0,82000,0,82000,82000
060900,超眾凱基9B購01  ,0,0,0,0,0,0,0,0,0,82000,0,0,0,150000,68000,82000,82000
061344,禾伸堂元大9A購02,0,8000,-8000,0,0,0,0,0,0,90000,0,0,0,202000,112000,90000,82000
064552,巨大凱基01購01  ,0,0,0,0,0,0,0,0,0,82000,0,0,0,243000,161000,82000,82000
064018,儒鴻元大9C購02  ,0,0,0,0,0,0,0,0,0,82000,0,0,0,191000,109000,82000,82000
065238,聯茂凱基02購01  ,0,0,0,0,0,0,0,0,0,82000,0,0,0,92000,10000,82000,82000
5264,鎧勝-KY         ,752000,699000,53000,0,0,0,0,0,0,29000,10000,31000,-21000,90000,40000,50000,82000
2368,金像電          ,13040000,12894000,146000,0,0,0,0,102947,-102947,38000,1458000,144000,1314000,468000,1744000,-1276000,81053
08691P,鎧勝中信05售02  ,0,0,0,0,0,0,0,0,0,81000,0,0,0,331000,250000,81000,81000
08238P,嘉晶永豐9B售03  ,0,0,0,0,0,0,0,0,0,81000,0,0,0,81000,0,81000,81000
056521,群創日盛98購01  ,0,0,0,0,0,0,0,0,0,81000,0,0,0,81000,0,81000,81000
060815,茂林凱基9B購01  ,0,0,0,0,0,0,0,0,0,81000,0,0,0,157000,76000,81000,81000
065917,全新凱基02購01  ,0,0,0,0,0,0,0,0,0,81000,0,0,0,117000,36000,81000,81000
064733,南六統一9C購03  ,0,0,0,0,0,0,0,0,0,81000,0,0,0,131000,50000,81000,81000
064893,金像電群益01購02,0,0,0,0,0,0,0,0,0,81000,0,0,0,253000,172000,81000,81000
2108,南帝            ,292000,220000,72000,0,0,0,0,2000,-2000,11000,1000,4000,-3000,16000,2000,14000,81000
4919,新唐            ,271000,195000,76000,0,0,0,1000,0,1000,4000,1000,1000,0,23000,19000,4000,81000
6128,上福            ,144000,62000,82000,0,0,0,0,0,0,-1000,0,1000,-1000,0,0,0,81000
08279P,南電元富9C售02  ,0,0,0,0,0,0,0,0,0,80000,0,0,0,100000,20000,80000,80000
07341P,台積電凱基99售18,0,0,0,0,0,0,0,0,0,80000,0,0,0,110000,30000,80000,80000
07714P,世紀鋼元大9A售03,0,0,0,0,0,0,0,0,0,80000,0,0,0,113000,33000,80000,80000
08709P,台積電台新01售02,0,0,0,0,0,0,0,0,0,80000,0,0,0,109000,29000,80000,80000
066206,聯鈞統一01購01  ,0,0,0,0,0,0,0,0,0,80000,0,0,0,130000,50000,80000,80000
066335,潤泰全永豐01購01,0,0,0,0,0,0,0,0,0,80000,0,0,0,135000,55000,80000,80000
067160,燿華國票03購01  ,0,0,0,0,0,0,0,0,0,80000,0,0,0,85000,5000,80000,80000
053799,矽創中信9A購01  ,0,0,0,0,0,0,0,0,0,80000,0,0,0,200000,120000,80000,80000
051887,上証2X元富98購01,0,0,0,0,0,0,0,0,0,80000,0,0,0,100000,20000,80000,80000
056922,全新兆豐99購01  ,0,0,0,0,0,0,0,0,0,80000,0,0,0,90000,10000,80000,80000
054539,欣興國票98購01  ,0,0,0,0,0,0,0,0,0,80000,0,0,0,100000,20000,80000,80000
057882,華通群益9A購03  ,0,0,0,0,0,0,0,0,0,80000,0,0,0,80000,0,80000,80000
057018,亞德客凱基98購01,0,0,0,0,0,0,0,0,0,80000,0,0,0,100000,20000,80000,80000
057060,緯穎元大98購05  ,0,0,0,0,0,0,0,0,0,80000,0,0,0,80000,0,80000,80000
062919,聯茂元大9B購01  ,0,0,0,0,0,0,0,0,0,80000,0,0,0,150000,70000,80000,80000
063432,金寶元富9B購01  ,0,0,0,0,0,0,0,0,0,80000,0,0,0,100000,20000,80000,80000
063085,嘉澤凱基9C購01  ,0,0,0,0,0,0,0,0,0,80000,0,0,0,90000,10000,80000,80000
062281,奇鋐群益9B購01  ,0,0,0,0,0,0,0,0,0,80000,0,0,0,80000,0,80000,80000
062798,台光電統一9B購01,0,0,0,0,0,0,0,0,0,80000,0,0,0,100000,20000,80000,80000
062734,臺指反國票9C購03,0,0,0,0,0,0,0,0,0,80000,0,0,0,460000,380000,80000,80000
064449,金寶統一01購02  ,0,0,0,0,0,0,0,0,0,80000,0,0,0,80000,0,80000,80000
064963,T50反1元大9C購09,0,0,0,0,0,0,0,0,0,80000,0,0,0,180000,100000,80000,80000
064998,T50反1國票02購01,0,0,0,0,0,0,0,0,0,80000,0,0,0,80000,0,80000,80000
3047,訊舟            ,163000,82000,81000,0,0,0,0,0,0,-1000,4000,5000,-1000,0,0,0,80000
2426,鼎元            ,283000,170000,113000,0,0,0,0,0,0,-33000,7000,40000,-33000,0,0,0,80000
08737P,聯詠凱基01售01  ,0,0,0,0,0,0,0,0,0,79000,0,0,0,217000,138000,79000,79000
053323,群創群益98購07  ,0,0,0,0,0,0,0,0,0,79000,0,0,0,79000,0,79000,79000
053901,T50反1凱基99購03,0,0,0,0,0,0,0,0,0,79000,0,0,0,105000,26000,79000,79000
063357,聯發科國泰01購04,0,0,0,0,0,0,0,0,0,79000,0,0,0,80000,1000,79000,79000
065172,義隆元大9C購05  ,0,0,0,0,0,0,0,0,0,79000,0,0,0,85000,6000,79000,79000
065189,台郡統一9C購03  ,0,0,0,0,0,0,0,0,0,79000,0,0,0,80000,1000,79000,79000
066073,奇鋐凱基01購01  ,0,0,0,0,0,0,0,0,0,79000,0,0,0,171000,92000,79000,79000
065779,台勝科國泰01購02,0,0,0,0,0,0,0,0,0,79000,0,0,0,174000,95000,79000,79000
064356,矽創元大01購01  ,0,0,0,0,0,0,0,0,0,79000,0,0,0,166000,87000,79000,79000
066968,技嘉元富07購01  ,0,0,0,0,0,0,0,0,0,78000,0,0,0,133000,55000,78000,78000
066275,台勝科元大01購01,0,0,0,0,0,0,0,0,0,78000,0,0,0,233000,155000,78000,78000
006207,FH滬深          ,312000,229000,83000,0,0,0,0,0,0,-5000,0,120000,-120000,1160000,1045000,115000,78000
055102,上銀凱基98購01  ,0,0,0,0,0,0,0,0,0,78000,0,0,0,123000,45000,78000,78000
057848,台表科永豐98購02,0,0,0,0,0,0,0,0,0,78000,0,0,0,85000,7000,78000,78000
057570,技嘉永豐98購02  ,0,0,0,0,0,0,0,0,0,78000,0,0,0,140000,62000,78000,78000
061996,矽格元大9B購01  ,0,0,0,0,0,0,0,0,0,78000,0,0,0,124000,46000,78000,78000
063295,京元電麥證9B購01,0,0,0,98000,20000,78000,0,0,0,78000,0,0,0,98000,20000,78000,78000
063035,燿華凱基9B購02  ,0,0,0,0,0,0,0,0,0,78000,0,0,0,79000,1000,78000,78000
05952P,台積電國票97售06,0,0,0,0,0,0,0,0,0,78000,0,0,0,148000,70000,78000,78000
064370,聯茂統一02購01  ,0,0,0,0,0,0,0,0,0,78000,0,0,0,444000,366000,78000,78000
063778,亞德客永豐9B購02,0,0,0,0,0,0,0,0,0,78000,0,0,0,78000,0,78000,78000
08473P,康控凱基9C售01  ,0,0,0,0,0,0,0,0,0,77000,0,0,0,90000,13000,77000,77000
08271P,華通元富9C售01  ,0,0,0,0,0,0,0,0,0,77000,0,0,0,146000,69000,77000,77000
057087,台郡統一99購01  ,0,0,0,0,0,0,0,0,0,77000,0,0,0,80000,3000,77000,77000
059219,旺宏元大99購12  ,0,0,0,0,0,0,0,0,0,77000,0,0,0,82000,5000,77000,77000
056646,奇鋐凱基99購02  ,0,0,0,0,0,0,0,0,0,77000,0,0,0,146000,69000,77000,77000
056724,臻鼎中信9A購01  ,0,0,0,0,0,0,0,0,0,77000,0,0,0,270000,193000,77000,77000
062622,南電元大9B購03  ,0,0,0,0,0,0,0,0,0,77000,0,0,0,80000,3000,77000,77000
063054,健鼎統一01購01  ,0,0,0,0,0,0,0,0,0,77000,0,0,0,91000,14000,77000,77000
064914,友達統一02購03  ,0,0,0,0,0,0,0,0,0,77000,0,0,0,97000,20000,77000,77000
065304,台勝科元富03購01,0,0,0,0,0,0,0,0,0,77000,0,0,0,77000,0,77000,77000
06529P,貿聯富邦99售03  ,0,0,0,0,0,0,0,0,0,77000,0,0,0,151000,74000,77000,77000
07976P,聯發科群益9C售02,0,0,0,0,0,0,0,0,0,76000,0,0,0,177000,101000,76000,76000
066682,聯詠兆豐03購01  ,0,0,0,0,0,0,0,0,0,76000,0,0,0,300000,224000,76000,76000
057423,台郡凱基98購06  ,0,0,0,0,0,0,0,0,0,76000,0,0,0,123000,47000,76000,76000
061917,亞德客凱基9B購02,0,0,0,0,0,0,0,0,0,76000,0,0,0,109000,33000,76000,76000
057589,超眾國票9A購01  ,0,0,0,0,0,0,0,0,0,76000,0,0,0,91000,15000,76000,76000
063378,茂林永豐9B購02  ,0,0,0,0,0,0,0,0,0,76000,0,0,0,76000,0,76000,76000
062234,廣達凱基9B購01  ,0,0,0,0,0,0,0,0,0,76000,0,0,0,115000,39000,76000,76000
062248,國巨元大9B購08  ,0,0,0,0,0,0,0,0,0,76000,0,0,0,78000,2000,76000,76000
065241,南電凱基01購02  ,0,0,0,0,0,0,0,0,0,76000,0,0,0,134000,58000,76000,76000
064931,南六統一9C購05  ,0,0,0,0,0,0,0,0,0,76000,0,0,0,77000,1000,76000,76000
064683,台表科兆豐9C購02,0,0,0,0,0,0,0,0,0,76000,0,0,0,181000,105000,76000,76000
064448,裕隆統一02購01  ,0,0,0,0,0,0,0,0,0,76000,0,0,0,294000,218000,76000,76000
2480,敦陽科          ,129000,80000,49000,0,0,0,28000,0,28000,-1000,0,7000,-7000,6000,0,6000,76000
3694,海華            ,468000,386000,82000,0,0,0,0,0,0,-6000,1000,7000,-6000,0,0,0,76000
066437,台泥群益02購01  ,0,0,0,0,0,0,0,0,0,75000,0,0,0,98000,23000,75000,75000
08231P,上銀元富9B售10  ,0,0,0,0,0,0,0,0,0,75000,0,0,0,105000,30000,75000,75000
08594P,台積電群益01售05,0,0,0,0,0,0,0,0,0,75000,0,0,0,75000,0,75000,75000
058496,文曄群益99購01  ,0,0,0,0,0,0,0,0,0,75000,0,0,0,75000,0,75000,75000
058851,大立光群益99購07,0,0,0,0,0,0,0,0,0,75000,0,0,0,75000,0,75000,75000
053361,友達元富99購01  ,0,0,0,0,0,0,0,0,0,75000,0,0,0,85000,10000,75000,75000
0054,元大台商50      ,0,0,0,0,0,0,0,0,0,75000,0,0,0,133000,58000,75000,75000
00762,元大全球AI      ,0,0,0,0,0,0,0,0,0,75000,0,0,0,174000,99000,75000,75000
062813,台積電兆豐9B購01,0,0,0,0,0,0,0,0,0,75000,0,0,0,206000,131000,75000,75000
063452,創意統一01購01  ,0,0,0,0,0,0,0,0,0,75000,0,0,0,127000,52000,75000,75000
063624,GIS兆豐9B購01   ,0,0,0,0,0,0,0,0,0,75000,0,0,0,366000,291000,75000,75000
065567,台積電群益01購03,0,0,0,0,0,0,0,0,0,75000,0,0,0,110000,35000,75000,75000
066430,台郡元大01購01  ,0,0,0,0,0,0,0,0,0,74000,0,0,0,338000,264000,74000,74000
066801,奇鋐凱基01購02  ,0,0,0,0,0,0,0,0,0,74000,0,0,0,262000,188000,74000,74000
00635U,元大S&P黃金     ,0,0,0,0,0,0,0,0,0,74000,0,0,0,161000,87000,74000,74000
053347,茂林國票98購01  ,0,0,0,0,0,0,0,0,0,74000,0,0,0,74000,0,74000,74000
058514,潤泰全元大99購01,0,0,0,0,0,0,0,0,0,74000,0,0,0,74000,0,74000,74000
058632,世紀鋼國票9A購01,0,0,0,0,0,0,0,0,0,74000,0,0,0,75000,1000,74000,74000
057530,奇鋐元大99購01  ,0,0,0,0,0,0,0,0,0,74000,0,0,0,76000,2000,74000,74000
063103,技嘉群益9B購01  ,0,0,0,0,0,0,0,0,0,74000,0,0,0,87000,13000,74000,74000
062414,臻鼎中信01購01  ,0,0,0,0,0,0,0,0,0,74000,0,0,0,74000,0,74000,74000
066147,美利達群益01購01,0,0,0,0,0,0,0,0,0,74000,0,0,0,106000,32000,74000,74000
066148,美利達群益01購02,0,0,0,0,0,0,0,0,0,74000,0,0,0,141000,67000,74000,74000
064974,燿華元大9C購03  ,0,0,0,0,0,0,0,0,0,74000,0,0,0,139000,65000,74000,74000
065350,華擎統一01購04  ,0,0,0,0,0,0,0,0,0,74000,0,0,0,113000,39000,74000,74000
063596,嘉澤中信9B購01  ,0,0,0,0,0,0,0,0,0,74000,0,0,0,76000,2000,74000,74000
064492,技嘉元大9C購01  ,0,0,0,0,0,0,0,0,0,74000,0,0,0,160000,86000,74000,74000
066762,總太永豐01購02  ,0,0,0,0,0,0,0,0,0,73000,0,0,0,489000,416000,73000,73000
066517,智伸科永豐01購01,0,0,0,0,0,0,0,0,0,73000,0,0,0,75000,2000,73000,73000
07991P,鴻海群益9C售02  ,0,0,0,0,0,0,0,0,0,73000,0,0,0,85000,12000,73000,73000
07671P,超眾元大9A售04  ,0,0,0,0,0,0,0,0,0,73000,0,0,0,100000,27000,73000,73000
07871P,台積電群益9C售02,0,0,0,0,0,0,0,0,0,73000,0,0,0,85000,12000,73000,73000
061896,景碩永豐9B購01  ,0,0,0,0,0,0,0,0,0,73000,0,0,0,170000,97000,73000,73000
057346,鴻海統一98購13  ,0,0,0,0,0,0,0,0,0,73000,0,0,0,145000,72000,73000,73000
053282,彩晶元大9C購01  ,0,0,0,0,0,0,0,0,0,73000,0,0,0,150000,77000,73000,73000
056715,瀚宇博永豐98購01,0,0,0,0,0,0,0,0,0,73000,0,0,0,107000,34000,73000,73000
052456,滬深2X元富9B購03,0,0,0,0,0,0,0,0,0,73000,0,0,0,73000,0,73000,73000
056054,亞德客元大97購05,0,0,0,0,0,0,0,0,0,73000,0,0,0,73000,0,73000,73000
059023,可成統一9B購02  ,0,0,0,0,0,0,0,0,0,73000,0,0,0,145000,72000,73000,73000
060173,台灣50元富02購01,0,0,0,0,0,0,0,0,0,73000,0,0,0,73000,0,73000,73000
062119,世紀鋼中信9B購01,0,0,0,0,0,0,0,0,0,73000,0,0,0,73000,0,73000,73000
061370,晶技國泰9C購01  ,0,0,0,0,0,0,0,0,0,73000,0,0,0,83000,10000,73000,73000
064242,TPK統一02購01   ,0,0,0,0,0,0,0,0,0,73000,0,0,0,73000,0,73000,73000
066139,拓凱群益01購01  ,0,0,0,0,0,0,0,0,0,73000,0,0,0,82000,9000,73000,73000
066013,友訊元富01購02  ,0,0,0,0,0,0,0,0,0,73000,0,0,0,132000,59000,73000,73000
5907,大洋-KY         ,98000,19000,79000,0,0,0,0,0,0,-6000,1000,7000,-6000,0,0,0,73000
2104,國際中橡        ,695300,620000,75300,0,0,0,0,0,0,-3000,2000,19000,-17000,14000,0,14000,72300
066538,信邦兆豐03購01  ,0,0,0,0,0,0,0,0,0,72000,0,0,0,134000,62000,72000,72000
066386,宏全康和01購01  ,0,0,0,0,0,0,0,0,0,72000,0,0,0,112000,40000,72000,72000
00681R,元大美債20反1   ,15000,0,15000,0,0,0,0,0,0,57000,0,0,0,57000,0,57000,72000
058246,帆宣元大99購01  ,0,0,0,0,0,0,0,0,0,72000,0,0,0,72000,0,72000,72000
059242,南亞科凱基99購06,0,0,0,0,0,0,0,0,0,72000,0,0,0,141000,69000,72000,72000
057043,台積電元大99購02,0,0,0,0,0,0,0,0,0,72000,0,0,0,90000,18000,72000,72000
057802,卜蜂元大98購01  ,0,0,0,0,0,0,0,0,0,72000,0,0,0,72000,0,72000,72000
061302,晶技永豐9A購04  ,0,0,0,0,0,0,0,0,0,72000,0,0,0,77000,5000,72000,72000
059931,緯穎富邦9A購01  ,0,0,0,0,0,0,0,0,0,72000,0,0,0,250000,178000,72000,72000
065729,聯詠凱基9C購04  ,0,0,0,0,0,0,0,0,0,72000,0,0,0,158000,86000,72000,72000
065181,南電元大01購01  ,0,0,0,0,0,0,0,0,0,72000,0,0,0,75000,3000,72000,72000
065220,義隆富邦01購02  ,0,0,0,0,0,0,0,0,0,72000,0,0,0,264000,192000,72000,72000
063795,上銀凱基9C購01  ,0,0,0,0,0,0,0,0,0,72000,0,0,0,72000,0,72000,72000
064651,GIS凱基9C購02   ,0,0,0,0,0,0,0,0,0,72000,0,0,0,260000,188000,72000,72000
2923,鼎固-KY         ,91000,19000,72000,0,0,0,0,0,0,0,0,0,0,0,0,0,72000
07163P,臺股指群益99售14,0,0,0,0,0,0,0,0,0,71000,0,0,0,383000,312000,71000,71000
07949P,滬深2X元大9B售04,0,0,0,0,0,0,0,0,0,71000,0,0,0,71000,0,71000,71000
062030,旭富群益9B購01  ,0,0,0,0,0,0,0,0,0,71000,0,0,0,80000,9000,71000,71000
062184,奇鋐元大9B購02  ,0,0,0,0,0,0,0,0,0,71000,0,0,0,278000,207000,71000,71000
056960,光罩永豐98購01  ,0,0,0,0,0,0,0,0,0,71000,0,0,0,71000,0,71000,71000
055551,致茂凱基98購01  ,0,0,0,0,0,0,0,0,0,71000,0,0,0,71000,0,71000,71000
059880,世紀鋼凱基99購02,0,0,0,0,0,0,0,0,0,71000,0,0,0,81000,10000,71000,71000
059623,聯電凱基99購02  ,0,0,0,0,0,0,0,0,0,71000,0,0,0,168000,97000,71000,71000
062872,華通兆豐9C購01  ,0,0,0,0,0,0,0,0,0,71000,0,0,0,85000,14000,71000,71000
060017,全新康和99購01  ,0,0,0,0,0,0,0,0,0,71000,0,0,0,71000,0,71000,71000
061795,智邦永豐9B購01  ,0,0,0,0,0,0,0,0,0,71000,0,0,0,80000,9000,71000,71000
064209,燿華凱基01購01  ,0,0,0,0,0,0,0,0,0,71000,0,0,0,96000,25000,71000,71000
07463P,台積電國票9A售05,0,0,0,0,0,0,0,0,0,70000,0,0,0,70000,0,70000,70000
07424P,大立光元大9B售01,0,0,0,0,0,0,0,0,0,70000,0,0,0,70000,0,70000,70000
08593P,聯發科凱基9C售13,0,0,0,0,0,0,0,0,0,70000,0,0,0,70000,0,70000,70000
08729P,創意永豐01售01  ,0,0,0,0,0,0,0,0,0,70000,0,0,0,767000,697000,70000,70000
066536,漢唐兆豐03購01  ,0,0,0,0,0,0,0,0,0,70000,0,0,0,71000,1000,70000,70000
066668,揚明光凱基01購01,0,0,0,0,0,0,0,0,0,70000,0,0,0,120000,50000,70000,70000
067052,帆宣凱基02購01  ,0,0,0,0,0,0,0,0,0,70000,0,0,0,100000,30000,70000,70000
07053P,台灣50兆豐01售01,0,0,0,0,0,0,0,0,0,70000,0,0,0,500000,430000,70000,70000
06760P,台積電元大98售18,0,0,0,0,0,0,0,0,0,70000,0,0,0,70000,0,70000,70000
054628,可成凱基98購01  ,0,0,0,0,0,0,0,0,0,70000,0,0,0,70000,0,70000,70000
057633,緯穎永豐98購02  ,0,0,0,0,0,0,0,0,0,70000,0,0,0,70000,0,70000,70000
057145,上銀國票98購03  ,0,0,0,0,0,0,0,0,0,70000,0,0,0,370000,300000,70000,70000
057286,群創元大9B購05  ,0,0,0,0,0,0,0,0,0,70000,0,0,0,70000,0,70000,70000
062279,晶豪科群益9B購01,0,0,0,0,0,0,0,0,0,70000,0,0,0,72000,2000,70000,70000
063050,葡萄王統一01購01,0,0,0,0,0,0,0,0,0,70000,0,0,0,75000,5000,70000,70000
064648,臻鼎凱基9C購02  ,0,0,0,0,0,0,0,0,0,70000,0,0,0,161000,91000,70000,70000
066059,帆宣元大01購01  ,0,0,0,0,0,0,0,0,0,70000,0,0,0,76000,6000,70000,70000
3311,閎暉            ,87000,16000,71000,0,0,0,0,0,0,-1000,2000,3000,-1000,0,0,0,70000
9955,佳龍            ,151000,77000,74000,0,0,0,0,0,0,-4000,1000,5000,-4000,0,0,0,70000
2353,宏碁            ,4085421,3837596,247825,0,0,0,0,0,0,-178000,61000,121000,-60000,21000,139000,-118000,69825
066851,瀚宇博元大01購02,0,0,0,0,0,0,0,0,0,69000,0,0,0,341000,272000,69000,69000
066333,晶華永豐01購01  ,0,0,0,0,0,0,0,0,0,69000,0,0,0,179000,110000,69000,69000
066186,台郡凱基02購01  ,0,0,0,0,0,0,0,0,0,69000,0,0,0,80000,11000,69000,69000
061028,聚陽永豐9A購01  ,0,0,0,0,0,0,0,0,0,69000,0,0,0,164000,95000,69000,69000
065578,台郡群益9C購02  ,0,0,0,0,0,0,0,0,0,69000,0,0,0,130000,61000,69000,69000
065490,國巨國泰02購02  ,0,0,0,0,0,0,0,0,0,69000,0,0,0,170000,101000,69000,69000
066537,全新兆豐01購01  ,0,0,0,0,0,0,0,0,0,68000,0,0,0,72000,4000,68000,68000
08578P,TPK元大9C售04   ,0,0,0,0,0,0,0,0,0,68000,0,0,0,68000,0,68000,68000
058525,台虹元大99購02  ,0,0,0,0,0,0,0,0,0,68000,0,0,0,68000,0,68000,68000
058187,泰碩永豐99購01  ,0,0,0,0,0,0,0,0,0,68000,0,0,0,68000,0,68000,68000
057914,日月光日盛9A購01,0,0,0,0,0,0,0,0,0,68000,0,0,0,68000,0,68000,68000
061906,統一中信9B購01  ,0,0,0,0,0,0,0,0,0,68000,0,0,0,68000,0,68000,68000
054297,台郡元大98購01  ,0,0,0,0,0,0,0,0,0,68000,0,0,0,80000,12000,68000,68000
056573,華新科元大99購06,0,0,0,0,0,0,0,0,0,68000,0,0,0,68000,0,68000,68000
060612,世紀鋼凱基9A購01,0,0,0,0,0,0,0,0,0,68000,0,0,0,208000,140000,68000,68000
061305,帆宣永豐9A購01  ,0,0,0,0,0,0,0,0,0,68000,0,0,0,68000,0,68000,68000
06334P,臺股指群益9C售03,0,0,0,0,0,0,0,0,0,68000,0,0,0,343000,275000,68000,68000
063341,燿華統一9C購01  ,0,0,0,0,0,0,0,0,0,68000,0,0,0,68000,0,68000,68000
063306,聯茂凱基9C購01  ,0,0,0,0,0,0,0,0,0,68000,0,0,0,68000,0,68000,68000
065475,聯發科元大01購04,0,0,0,0,0,0,0,0,0,68000,0,0,0,118000,50000,68000,68000
065589,景碩永豐9C購02  ,0,0,0,0,0,0,0,0,0,68000,0,0,0,68000,0,68000,68000
064721,國泰金統一02購01,0,0,0,0,0,0,0,0,0,68000,0,0,0,68000,0,68000,68000
064516,華通群益02購01  ,0,0,0,0,0,0,0,0,0,68000,0,0,0,98000,30000,68000,68000
064390,台塑永豐9C購01  ,0,0,0,0,0,0,0,0,0,68000,0,0,0,68000,0,68000,68000
067112,泰碩群益01購02  ,0,0,0,0,0,0,0,0,0,67000,0,0,0,67000,0,67000,67000
06867P,訊芯元大98售08  ,0,0,0,0,0,0,0,0,0,67000,0,0,0,100000,33000,67000,67000
067148,燿華統一01購03  ,0,0,0,0,0,0,0,0,0,67000,0,0,0,67000,0,67000,67000
058498,世紀鋼群益99購01,0,0,0,0,0,0,0,0,0,67000,0,0,0,124000,57000,67000,67000
063188,TPK凱基9B購01   ,0,0,0,0,0,0,0,0,0,67000,0,0,0,84000,17000,67000,67000
063214,康控國票9C購01  ,0,0,0,0,0,0,0,0,0,67000,0,0,0,67000,0,67000,67000
060712,建準永豐9A購01  ,0,0,0,0,0,0,0,0,0,67000,0,0,0,301000,234000,67000,67000
062786,立積元大9C購03  ,0,0,0,0,0,0,0,0,0,67000,0,0,0,68000,1000,67000,67000
064307,聚陽群益9C購03  ,0,0,0,0,0,0,0,0,0,67000,0,0,0,244000,177000,67000,67000
065205,金寶國票01購01  ,0,0,0,0,0,0,0,0,0,67000,0,0,0,102000,35000,67000,67000
066694,深中小群益03購01,0,0,0,0,0,0,0,0,0,66000,0,0,0,555000,489000,66000,66000
066428,健策元大02購02  ,0,0,0,0,0,0,0,0,0,66000,0,0,0,68000,2000,66000,66000
062878,宏達電兆豐9B購01,0,0,0,0,0,0,0,0,0,66000,0,0,0,91000,25000,66000,66000
062450,臻鼎元大9B購02  ,0,0,0,0,0,0,0,0,0,66000,0,0,0,66000,0,66000,66000
060314,元翎永豐9A購01  ,0,0,0,0,0,0,0,0,0,66000,0,0,0,66000,0,66000,66000
061144,玉晶光中信9B購02,0,0,0,0,0,0,0,0,0,66000,0,0,0,67000,1000,66000,66000
065444,燿華統一02購02  ,0,0,0,0,0,0,0,0,0,66000,0,0,0,101000,35000,66000,66000
064701,巨大群益9C購02  ,0,0,0,0,0,0,0,0,0,66000,0,0,0,66000,0,66000,66000
064872,南電永豐9C購02  ,0,0,0,0,0,0,0,0,0,66000,0,0,0,94000,28000,66000,66000
063993,華通群益01購01  ,0,0,0,0,0,0,0,0,0,66000,0,0,0,76000,10000,66000,66000
063661,聚陽統一9C購02  ,0,0,0,0,0,0,0,0,0,66000,0,0,0,111000,45000,66000,66000
3209,全科            ,92000,21000,71000,0,0,0,0,0,0,-5000,1000,6000,-5000,0,0,0,66000
1711,永光            ,503000,462000,41000,0,0,0,0,0,0,24000,2000,13000,-11000,35000,0,35000,65000
07474P,滬深2X群益9C售03,0,0,0,0,0,0,0,0,0,65000,0,0,0,205000,140000,65000,65000
058808,大成鋼統一9B購01,0,0,0,0,0,0,0,0,0,65000,0,0,0,70000,5000,65000,65000
058236,大立光元大99購09,0,0,0,0,0,0,0,0,0,65000,0,0,0,68000,3000,65000,65000
061847,力山國票9B購01  ,0,0,0,0,0,0,0,0,0,65000,0,0,0,65000,0,65000,65000
063208,鈺齊統一9C購01  ,0,0,0,0,0,0,0,0,0,65000,0,0,0,675000,610000,65000,65000
063536,美食統一01購01  ,0,0,0,0,0,0,0,0,0,65000,0,0,0,110000,45000,65000,65000
060421,華擎永豐9A購01  ,0,0,0,0,0,0,0,0,0,65000,0,0,0,109000,44000,65000,65000
060818,上銀統一9C購01  ,0,0,0,0,0,0,0,0,0,65000,0,0,0,65000,0,65000,65000
060859,鴻海永豐9A購01  ,0,0,0,0,0,0,0,0,0,65000,0,0,0,65000,0,65000,65000
062270,上銀群益9B購03  ,0,0,0,0,0,0,0,0,0,65000,0,0,0,116000,51000,65000,65000
062287,康友群益9B購02  ,0,0,0,0,0,0,0,0,0,65000,0,0,0,65000,0,65000,65000
060254,世紀鋼元大9A購01,0,0,0,0,0,0,0,0,0,65000,0,0,0,65000,0,65000,65000
064047,義隆統一02購01  ,0,0,0,0,0,0,0,0,0,65000,0,0,0,65000,0,65000,65000
064232,鴻海統一01購04  ,0,0,0,0,0,0,0,0,0,65000,0,0,0,118000,53000,65000,65000
065573,新日興群益01購02,0,0,0,0,0,0,0,0,0,65000,0,0,0,65000,0,65000,65000
6491,晶碩            ,114000,63000,51000,0,0,0,0,0,0,14000,1000,0,1000,32000,19000,13000,65000
08824P,微星元大01售03  ,0,0,0,0,0,0,0,0,0,64000,0,0,0,69000,5000,64000,64000
08650P,臺股指元大9C售36,0,0,0,0,0,0,0,0,0,64000,0,0,0,64000,0,64000,64000
057542,上銀凱基99購01  ,0,0,0,0,0,0,0,0,0,64000,0,0,0,117000,53000,64000,64000
052950,超眾國票98購01  ,0,0,0,0,0,0,0,0,0,64000,0,0,0,66000,2000,64000,64000
062428,超眾統一9B購01  ,0,0,0,0,0,0,0,0,0,64000,0,0,0,526000,462000,64000,64000
065843,瑞昱元大9C購03  ,0,0,0,0,0,0,0,0,0,64000,0,0,0,87000,23000,64000,64000
065888,鴻海統一03購01  ,0,0,0,0,0,0,0,0,0,64000,0,0,0,100000,36000,64000,64000
063602,金像電凱基9B購04,0,0,0,0,0,0,0,0,0,64000,0,0,0,219000,155000,64000,64000
08423P,台積電統一9C售13,0,0,0,0,0,0,0,0,0,63000,0,0,0,95000,32000,63000,63000
061886,力山國泰01購01  ,0,0,0,0,0,0,0,0,0,63000,0,0,0,191000,128000,63000,63000
058874,聯鈞國票9A購01  ,0,0,0,0,0,0,0,0,0,63000,0,0,0,63000,0,63000,63000
058877,T50反1國泰9B購01,0,0,0,0,0,0,0,0,0,63000,0,0,0,63000,0,63000,63000
062426,大立光統一02購02,0,0,0,0,0,0,0,0,0,63000,0,0,0,131000,68000,63000,63000
062690,華擎統一9B購01  ,0,0,0,0,0,0,0,0,0,63000,0,0,0,63000,0,63000,63000
065892,聯發科統一02購04,0,0,0,0,0,0,0,0,0,63000,0,0,0,147000,84000,63000,63000
065944,大成鋼統一02購01,0,0,0,0,0,0,0,0,0,63000,0,0,0,73000,10000,63000,63000
065314,矽創國票01購02  ,0,0,0,0,0,0,0,0,0,63000,0,0,0,73000,10000,63000,63000
064989,鈺齊元大01購01  ,0,0,0,0,0,0,0,0,0,63000,0,0,0,107000,44000,63000,63000
064933,矽創統一01購01  ,0,0,0,0,0,0,0,0,0,63000,0,0,0,187000,124000,63000,63000
3645,達邁            ,78000,13000,65000,0,0,0,0,0,0,-2000,0,2000,-2000,0,0,0,63000
4956,光鋐            ,168000,104000,64000,0,0,0,0,0,0,-1000,2000,3000,-1000,0,0,0,63000
08738P,TPK凱基01售02   ,0,0,0,0,0,0,0,0,0,62000,0,0,0,62000,0,62000,62000
1439,中和            ,133000,69000,64000,0,0,0,0,0,0,-2000,0,2000,-2000,0,0,0,62000
066546,鴻海元大01購10  ,0,0,0,0,0,0,0,0,0,62000,0,0,0,197000,135000,62000,62000
059181,世紀鋼元富9C購01,0,0,0,0,0,0,0,0,0,62000,0,0,0,493000,431000,62000,62000
058487,晶技國票9A購01  ,0,0,0,0,0,0,0,0,0,62000,0,0,0,70000,8000,62000,62000
058435,旺宏統一9B購02  ,0,0,0,0,0,0,0,0,0,62000,0,0,0,62000,0,62000,62000
056417,欣興中信98購01  ,0,0,0,0,0,0,0,0,0,62000,0,0,0,62000,0,62000,62000
060907,金像電元大9A購02,0,0,0,0,0,0,0,0,0,62000,0,0,0,63000,1000,62000,62000
065265,景碩元大9C購02  ,0,0,0,0,0,0,0,0,0,62000,0,0,0,314000,252000,62000,62000
065498,台積電富邦04購02,0,0,0,0,0,0,0,0,0,62000,0,0,0,80000,18000,62000,62000
066075,景碩凱基02購01  ,0,0,0,0,0,0,0,0,0,62000,0,0,0,72000,10000,62000,62000
066077,健策凱基01購01  ,0,0,0,0,0,0,0,0,0,62000,0,0,0,68000,6000,62000,62000
063725,聯電元大9C購03  ,0,0,0,0,0,0,0,0,0,62000,0,0,0,62000,0,62000,62000
063863,儒鴻富邦02購01  ,0,0,0,0,0,0,0,0,0,62000,0,0,0,1029000,967000,62000,62000
064577,大立光國泰02購01,0,0,0,0,0,0,0,0,0,62000,0,0,0,62000,0,62000,62000
3040,遠見            ,90000,26000,64000,0,0,0,0,0,0,-2000,1000,3000,-2000,0,0,0,62000
2375,凱美            ,185000,117000,68000,0,0,0,0,0,0,-6000,1000,8000,-7000,1000,0,1000,62000
9935,慶豐富          ,113000,47000,66000,0,0,0,0,0,0,-4000,2000,6000,-4000,0,0,0,62000
066571,矽格元大01購02  ,0,0,0,0,0,0,0,0,0,61000,0,0,0,124000,63000,61000,61000
066241,瑞祺富邦03購01  ,0,0,0,0,0,0,0,0,0,61000,0,0,0,122000,61000,61000,61000
06846P,美律元大98售05  ,0,0,0,0,0,0,0,0,0,61000,0,0,0,161000,100000,61000,61000
08493P,嘉澤元大9C售01  ,0,0,0,0,0,0,0,0,0,61000,0,0,0,61000,0,61000,61000
07580P,緯穎元大9A售03  ,0,0,0,0,0,0,0,0,0,61000,0,0,0,61000,0,61000,61000
058106,神達統一98購02  ,0,0,0,0,0,0,0,0,0,61000,0,0,0,61000,0,61000,61000
057226,上銀凱基98購06  ,0,0,0,0,0,0,0,0,0,61000,0,0,0,61000,0,61000,61000
057374,禾伸堂元大99購03,0,0,0,0,0,0,0,0,0,61000,0,0,0,61000,0,61000,61000
057433,上銀國票98購04  ,0,0,0,0,0,0,0,0,0,61000,0,0,0,61000,0,61000,61000
062170,健策永豐9B購04  ,0,0,0,0,0,0,0,0,0,61000,0,0,0,71000,10000,61000,61000
057506,聯鈞國票99購02  ,0,0,0,0,0,0,0,0,0,61000,0,0,0,61000,0,61000,61000
058363,全新凱基9A購02  ,0,0,0,0,0,0,0,0,0,61000,0,0,0,121000,60000,61000,61000
062126,創意統一9B購01  ,0,0,0,0,0,0,0,0,0,61000,0,0,0,73000,12000,61000,61000
060573,力成永豐9A購01  ,0,0,0,0,0,0,0,0,0,61000,0,0,0,110000,49000,61000,61000
061206,旺宏元大9A購12  ,0,0,0,0,0,0,0,0,0,61000,0,0,0,61000,0,61000,61000
065906,瑞昱永豐9C購01  ,0,0,0,0,0,0,0,0,0,61000,0,0,0,68000,7000,61000,61000
065681,聯發科統一9C購17,0,0,0,0,0,0,0,0,0,61000,0,0,0,97000,36000,61000,61000
065100,聯茂元大9C購04  ,0,0,0,0,0,0,0,0,0,61000,0,0,0,186000,125000,61000,61000
2401,凌陽            ,388000,306000,82000,0,0,0,0,0,0,-21000,0,21000,-21000,0,0,0,61000
07886P,國巨國票9B售06  ,0,0,0,0,0,0,0,0,0,60000,0,0,0,60000,0,60000,60000
07769P,國巨國票9A售10  ,0,0,0,0,0,0,0,0,0,60000,0,0,0,60000,0,60000,60000
07140P,台灣50日盛99售01,0,0,0,0,0,0,0,0,0,60000,0,0,0,60000,0,60000,60000
08511P,電子類富邦9C售02,0,0,0,0,0,0,0,0,0,60000,0,0,0,90000,30000,60000,60000
08401P,玉晶光元富9C售04,0,0,0,0,0,0,0,0,0,60000,0,0,0,120000,60000,60000,60000
08557P,臺股指中信01售09,0,0,0,0,0,0,0,0,0,60000,0,0,0,90000,30000,60000,60000
067129,神隆永豐01購01  ,0,0,0,0,0,0,0,0,0,60000,0,0,0,60000,0,60000,60000
066621,川湖凱基01購01  ,0,0,0,0,0,0,0,0,0,60000,0,0,0,60000,0,60000,60000
058259,訊連國泰9B購01  ,0,0,0,0,0,0,0,0,0,60000,0,0,0,60000,0,60000,60000
058687,聯茂凱基9A購01  ,0,0,0,0,0,0,0,0,0,60000,0,0,0,70000,10000,60000,60000
057971,華新科富邦9B購02,0,0,0,0,0,0,0,0,0,60000,0,0,0,60000,0,60000,60000
056659,泰碩元大99購01  ,0,0,0,0,0,0,0,0,0,60000,0,0,0,60000,0,60000,60000
056540,聯詠凱基98購02  ,0,0,0,0,0,0,0,0,0,60000,0,0,0,60000,0,60000,60000
061437,燿華凱基9A購01  ,0,0,0,0,0,0,0,0,0,60000,0,0,0,64000,4000,60000,60000
063483,致新元大9B購03  ,0,0,0,0,0,0,0,0,0,60000,0,0,0,60000,0,60000,60000
06333P,臺股指群益9C售02,0,0,0,0,0,0,0,0,0,60000,0,0,0,165000,105000,60000,60000
059509,奇力新永豐99購02,0,0,0,0,0,0,0,0,0,60000,0,0,0,83000,23000,60000,60000
064909,華擎麥證9C購01  ,0,0,0,60000,0,60000,0,0,0,60000,0,0,0,60000,0,60000,60000
065524,康控群益01購01  ,0,0,0,0,0,0,0,0,0,60000,0,0,0,138000,78000,60000,60000
066157,晶碩康和01購01  ,0,0,0,0,0,0,0,0,0,60000,0,0,0,232000,172000,60000,60000
066163,友訊凱基01購01  ,0,0,0,0,0,0,0,0,0,60000,0,0,0,65000,5000,60000,60000
064261,力山永豐9C購01  ,0,0,0,0,0,0,0,0,0,60000,0,0,0,60000,0,60000,60000
064371,矽格統一9C購02  ,0,0,0,0,0,0,0,0,0,60000,0,0,0,60000,0,60000,60000
064179,上銀富邦01購01  ,0,0,0,0,0,0,0,0,0,60000,0,0,0,148000,88000,60000,60000
063957,臻鼎元大9C購01  ,0,0,0,0,0,0,0,0,0,60000,0,0,0,60000,0,60000,60000
4551,智伸科          ,145000,75000,70000,0,0,0,0,0,0,-10000,0,1000,-1000,5000,14000,-9000,60000
066202,大立光統一02購07,0,0,0,0,0,0,0,0,0,59000,0,0,0,60000,1000,59000,59000
066322,群光永豐01購01  ,0,0,0,0,0,0,0,0,0,59000,0,0,0,86000,27000,59000,59000
1608,華榮            ,202000,123000,79000,0,0,0,0,0,0,-20000,4000,24000,-20000,0,0,0,59000
07932P,國巨元大9B售04  ,0,0,0,0,0,0,0,0,0,59000,0,0,0,62000,3000,59000,59000
056962,技嘉永豐98購01  ,0,0,0,0,0,0,0,0,0,59000,0,0,0,61000,2000,59000,59000
056746,超眾凱基99購01  ,0,0,0,0,0,0,0,0,0,59000,0,0,0,121000,62000,59000,59000
061257,上銀凱基9A購06  ,0,0,0,0,0,0,0,0,0,59000,0,0,0,116000,57000,59000,59000
063332,矽格國票9B購01  ,0,0,0,0,0,0,0,0,0,59000,0,0,0,73000,14000,59000,59000
063529,聯茂凱基9B購02  ,0,0,0,0,0,0,0,0,0,59000,0,0,0,69000,10000,59000,59000
062063,世紀鋼統一9C購01,0,0,0,0,0,0,0,0,0,59000,0,0,0,446000,387000,59000,59000
061031,神隆永豐9A購02  ,0,0,0,0,0,0,0,0,0,59000,0,0,0,193000,134000,59000,59000
064759,景碩凱基9C購01  ,0,0,0,0,0,0,0,0,0,59000,0,0,0,83000,24000,59000,59000
064738,裕隆國票01購01  ,0,0,0,0,0,0,0,0,0,59000,0,0,0,141000,82000,59000,59000
6668,中揚光          ,77000,16000,61000,0,0,0,0,0,0,-2000,1000,3000,-2000,0,0,0,59000
066312,川湖永豐01購01  ,0,0,0,0,0,0,0,0,0,58000,0,0,0,58000,0,58000,58000
066766,嘉澤永豐01購01  ,0,0,0,0,0,0,0,0,0,58000,0,0,0,60000,2000,58000,58000
052542,友達元富98購01  ,0,0,0,0,0,0,0,0,0,58000,0,0,0,240000,182000,58000,58000
052681,T50反1元大98購02,0,0,0,0,0,0,0,0,0,58000,0,0,0,58000,0,58000,58000
056677,智伸科元富98購01,0,0,0,0,0,0,0,0,0,58000,0,0,0,92000,34000,58000,58000
062699,台積電元大01購02,0,0,0,0,0,0,0,0,0,58000,0,0,0,69000,11000,58000,58000
062679,技嘉統一01購01  ,0,0,0,0,0,0,0,0,0,58000,0,0,0,151000,93000,58000,58000
061555,聯電國票9B購01  ,0,0,0,0,0,0,0,0,0,58000,0,0,0,116000,58000,58000,58000
061327,台郡凱基9A購02  ,0,0,0,0,0,0,0,0,0,58000,0,0,0,58000,0,58000,58000
064590,牧德永豐9C購01  ,0,0,0,0,0,0,0,0,0,58000,0,0,0,68000,10000,58000,58000
066040,友訊元大01購02  ,0,0,0,0,0,0,0,0,0,58000,0,0,0,88000,30000,58000,58000
065830,景碩凱基9C購04  ,0,0,0,0,0,0,0,0,0,58000,0,0,0,61000,3000,58000,58000
064958,GIS凱基02購03   ,0,0,0,0,0,0,0,0,0,58000,0,0,0,293000,235000,58000,58000
2707,晶華            ,97000,28000,69000,0,0,0,0,0,0,-11000,5000,15000,-10000,0,1000,-1000,58000
066252,南港元大01購02  ,0,0,0,0,0,0,0,0,0,57000,0,0,0,130000,73000,57000,57000
08645P,臺股指中信03售01,0,0,0,0,0,0,0,0,0,57000,0,0,0,65000,8000,57000,57000
058896,中環元大99購03  ,0,0,0,0,0,0,0,0,0,57000,0,0,0,117000,60000,57000,57000
058434,旺宏統一9B購01  ,0,0,0,0,0,0,0,0,0,57000,0,0,0,57000,0,57000,57000
057151,易華電國票99購01,0,0,0,0,0,0,0,0,0,57000,0,0,0,57000,0,57000,57000
057702,同欣電群益99購01,0,0,0,0,0,0,0,0,0,57000,0,0,0,57000,0,57000,57000
061092,可成統一9C購02  ,0,0,0,0,0,0,0,0,0,57000,0,0,0,57000,0,57000,57000
061081,宏碁兆豐9A購01  ,0,0,0,0,0,0,0,0,0,57000,0,0,0,151000,94000,57000,57000
061573,義隆元大9A購02  ,0,0,0,0,0,0,0,0,0,57000,0,0,0,57000,0,57000,57000
060228,亞德客元大9A購01,0,0,0,0,0,0,0,0,0,57000,0,0,0,57000,0,57000,57000
060945,緯穎國票9A購02  ,0,0,0,0,0,0,0,0,0,57000,0,0,0,62000,5000,57000,57000
065636,台表科國票01購03,0,0,0,0,0,0,0,0,0,57000,0,0,0,85000,28000,57000,57000
066122,卜蜂群益03購01  ,0,0,0,0,0,0,0,0,0,57000,0,0,0,114000,57000,57000,57000
5234,達興材料        ,75000,12000,63000,0,0,0,0,0,0,-6000,0,6000,-6000,0,0,0,57000
061843,億豐凱基9C購01  ,0,0,0,0,0,0,0,0,0,56000,0,0,0,56000,0,56000,56000
062233,神隆凱基9B購01  ,0,0,0,0,0,0,0,0,0,56000,0,0,0,106000,50000,56000,56000
063081,技嘉凱基9B購02  ,0,0,0,0,0,0,0,0,0,56000,0,0,0,91000,35000,56000,56000
061367,瑞祺國票9A購01  ,0,0,0,0,0,0,0,0,0,56000,0,0,0,56000,0,56000,56000
066048,奇鋐元大01購01  ,0,0,0,0,0,0,0,0,0,56000,0,0,0,691000,635000,56000,56000
06597P,國巨富邦9A售05  ,0,0,0,0,0,0,0,0,0,56000,0,0,0,253000,197000,56000,56000
064960,世紀鋼凱基03購01,0,0,0,0,0,0,0,0,0,56000,0,0,0,76000,20000,56000,56000
064630,巨大元大9C購01  ,0,0,0,0,0,0,0,0,0,56000,0,0,0,58000,2000,56000,56000
064411,台表科凱基02購01,0,0,0,0,0,0,0,0,0,56000,0,0,0,69000,13000,56000,56000
5288,豐祥-KY         ,27000,5000,22000,0,0,0,37000,0,37000,-3000,0,3000,-3000,0,0,0,56000
3661,世芯-KY         ,2462000,2145000,317000,0,0,0,142,288000,-287858,26000,52000,33000,19000,11000,4000,7000,55142
07479P,A50正2元富9A售03,0,0,0,0,0,0,0,0,0,55000,0,0,0,55000,0,55000,55000
066772,友達富邦03購01  ,0,0,0,0,0,0,0,0,0,55000,0,0,0,85000,30000,55000,55000
07011P,宏達電凱基99售02,0,0,0,0,0,0,0,0,0,55000,0,0,0,60000,5000,55000,55000
07026P,超眾凱基99售03  ,0,0,0,0,0,0,0,0,0,55000,0,0,0,55000,0,55000,55000
06192P,高股息中信98售01,0,0,0,0,0,0,0,0,0,55000,0,0,0,55000,0,55000,55000
061972,華新元大9B購01  ,0,0,0,0,0,0,0,0,0,55000,0,0,0,86000,31000,55000,55000
058408,華通兆豐99購02  ,0,0,0,0,0,0,0,0,0,55000,0,0,0,105000,50000,55000,55000
058295,欣興凱基99購02  ,0,0,0,0,0,0,0,0,0,55000,0,0,0,55000,0,55000,55000
057972,群創富邦9C購01  ,0,0,0,0,0,0,0,0,0,55000,0,0,0,61000,6000,55000,55000
056455,群創凱基9A購01  ,0,0,0,0,0,0,0,0,0,55000,0,0,0,70000,15000,55000,55000
056317,華通群益99購02  ,0,0,0,0,0,0,0,0,0,55000,0,0,0,70000,15000,55000,55000
060816,世紀鋼凱基9C購02,0,0,0,0,0,0,0,0,0,55000,0,0,0,80000,25000,55000,55000
063363,鴻海富邦9B購02  ,0,0,0,0,0,0,0,0,0,55000,0,0,0,55000,0,55000,55000
062542,南電國泰9C購01  ,0,0,0,0,0,0,0,0,0,55000,0,0,0,106000,51000,55000,55000
064386,友達富邦01購01  ,0,0,0,0,0,0,0,0,0,55000,0,0,0,55000,0,55000,55000
064314,信邦群益9C購01  ,0,0,0,0,0,0,0,0,0,55000,0,0,0,55000,0,55000,55000
064788,台汽電群益9C購01,0,0,0,0,0,0,0,0,0,55000,0,0,0,152000,97000,55000,55000
064901,牧德群益9C購01  ,0,0,0,0,0,0,0,0,0,55000,0,0,0,65000,10000,55000,55000
064930,南六統一02購02  ,0,0,0,0,0,0,0,0,0,55000,0,0,0,90000,35000,55000,55000
066056,聯鈞元大01購02  ,0,0,0,0,0,0,0,0,0,55000,0,0,0,55000,0,55000,55000
2109,華豐            ,84000,49000,35000,0,0,0,20000,0,20000,0,0,0,0,0,0,0,55000
066559,聯鈞元大01購03  ,0,0,0,0,0,0,0,0,0,54000,0,0,0,55000,1000,54000,54000
08121P,聯發科國票9B售05,0,0,0,0,0,0,0,0,0,54000,0,0,0,70000,16000,54000,54000
08249P,聯發科群益9C售06,0,0,0,0,0,0,0,0,0,54000,0,0,0,54000,0,54000,54000
062161,南六凱基9C購01  ,0,0,0,0,0,0,0,0,0,54000,0,0,0,54000,0,54000,54000
061226,台積電中信9A購05,0,0,0,0,0,0,0,0,0,54000,0,0,0,54000,0,54000,54000
061416,聯茂群益9A購01  ,0,0,0,0,0,0,0,0,0,54000,0,0,0,156000,102000,54000,54000
061127,美食永豐9A購01  ,0,0,0,0,0,0,0,0,0,54000,0,0,0,54000,0,54000,54000
063049,上海銀兆豐9B購01,0,0,0,0,0,0,0,0,0,54000,0,0,0,386000,332000,54000,54000
065424,華新凱基02購01  ,0,0,0,0,0,0,0,0,0,54000,0,0,0,210000,156000,54000,54000
063814,嘉晶群益9C購01  ,0,0,0,0,0,0,0,0,0,54000,0,0,0,65000,11000,54000,54000
067091,台虹元大01購02  ,0,0,0,0,0,0,0,0,0,53000,0,0,0,64000,11000,53000,53000
066798,燿華凱基02購02  ,0,0,0,0,0,0,0,0,0,53000,0,0,0,87000,34000,53000,53000
057672,茂林元大98購02  ,0,0,0,0,0,0,0,0,0,53000,0,0,0,68000,15000,53000,53000
058645,康控富邦01購01  ,0,0,0,0,0,0,0,0,0,53000,0,0,0,632000,579000,53000,53000
058010,帆宣國票98購01  ,0,0,0,0,0,0,0,0,0,53000,0,0,0,166000,113000,53000,53000
060676,京元電元大9A購03,0,0,0,0,0,0,0,0,0,53000,0,0,0,136000,83000,53000,53000
061427,旭富元大9A購02  ,0,0,0,0,0,0,0,0,0,53000,0,0,0,98000,45000,53000,53000
061432,世紀鋼元大9A購05,0,0,0,0,0,0,0,0,0,53000,0,0,0,53000,0,53000,53000
061452,大成鋼凱基9A購01,0,0,0,0,0,0,0,0,0,53000,0,0,0,53000,0,53000,53000
063537,華擎統一9C購03  ,0,0,0,0,0,0,0,0,0,53000,0,0,0,53000,0,53000,53000
063520,上銀凱基9B購05  ,0,0,0,0,0,0,0,0,0,53000,0,0,0,53000,0,53000,53000
062526,友達統一01購01  ,0,0,0,0,0,0,0,0,0,53000,0,0,0,53000,0,53000,53000
062620,台表科元大9B購04,0,0,0,0,0,0,0,0,0,53000,0,0,0,68000,15000,53000,53000
060885,世紀鋼中信9A購01,0,0,0,0,0,0,0,0,0,53000,0,0,0,103000,50000,53000,53000
062401,信邦永豐9B購01  ,0,0,0,0,0,0,0,0,0,53000,0,0,0,68000,15000,53000,53000
064121,國巨元大9C購16  ,0,0,0,0,0,0,0,0,0,53000,0,0,0,53000,0,53000,53000
065355,聯發科元富03購05,0,0,0,0,0,0,0,0,0,53000,0,0,0,62000,9000,53000,53000
065781,創意富邦01購01  ,0,0,0,0,0,0,0,0,0,53000,0,0,0,75000,22000,53000,53000
2207,和泰車          ,265568,211920,53648,0,0,0,2000,0,2000,-3000,1000,4000,-3000,0,0,0,52648
067071,燿華元大01購02  ,0,0,0,0,0,0,0,0,0,52000,0,0,0,52000,0,52000,52000
066998,訊芯國泰03購01  ,0,0,0,0,0,0,0,0,0,52000,0,0,0,101000,49000,52000,52000
08199P,大毅元大9B售02  ,0,0,0,0,0,0,0,0,0,52000,0,0,0,52000,0,52000,52000
08752P,長榮航群益01售01,0,0,0,0,0,0,0,0,0,52000,0,0,0,52000,0,52000,52000
08762P,南六元大01售03  ,0,0,0,0,0,0,0,0,0,52000,0,0,0,54000,2000,52000,52000
08763P,健策永豐01售02  ,0,0,0,0,0,0,0,0,0,52000,0,0,0,68000,16000,52000,52000
058473,上銀凱基9A購03  ,0,0,0,0,0,0,0,0,0,52000,0,0,0,52000,0,52000,52000
058587,台積電中信9C購03,0,0,0,0,0,0,0,0,0,52000,0,0,0,55000,3000,52000,52000
060908,金像電元大9A購03,0,0,0,0,0,0,0,0,0,52000,0,0,0,86000,34000,52000,52000
060956,超眾群益9A購01  ,0,0,0,0,0,0,0,0,0,52000,0,0,0,73000,21000,52000,52000
062796,技嘉統一9C購01  ,0,0,0,0,0,0,0,0,0,52000,0,0,0,64000,12000,52000,52000
063454,瑞儀統一9B購01  ,0,0,0,0,0,0,0,0,0,52000,0,0,0,127000,75000,52000,52000
065609,嘉澤元大01購02  ,0,0,0,0,0,0,0,0,0,52000,0,0,0,135000,83000,52000,52000
065200,健策元富9C購04  ,0,0,0,0,0,0,0,0,0,52000,0,0,0,94000,42000,52000,52000
3437,榮創            ,891000,835000,56000,0,0,0,0,0,0,-4000,13000,17000,-4000,0,0,0,52000
1325,恆大            ,266000,189000,77000,0,0,0,0,0,0,-26000,0,26000,-26000,0,0,0,51000
08112P,臺股指中信01售07,0,0,0,0,0,0,0,0,0,51000,0,0,0,114000,63000,51000,51000
07647P,健策國票9A售04  ,0,0,0,0,0,0,0,0,0,51000,0,0,0,101000,50000,51000,51000
066914,樺漢凱基02購01  ,0,0,0,0,0,0,0,0,0,51000,0,0,0,51000,0,51000,51000
07050P,宏達電中信9B售01,0,0,0,0,0,0,0,0,0,51000,0,0,0,51000,0,51000,51000
058864,欣興凱基99購04  ,0,0,0,0,0,0,0,0,0,51000,0,0,0,51000,0,51000,51000
059165,南亞科凱基99購04,0,0,0,0,0,0,0,0,0,51000,0,0,0,73000,22000,51000,51000
057962,超眾元大99購03  ,0,0,0,0,0,0,0,0,0,51000,0,0,0,66000,15000,51000,51000
055620,樺漢國票98購01  ,0,0,0,0,0,0,0,0,0,51000,0,0,0,51000,0,51000,51000
00690,兆豐藍籌30      ,0,0,0,0,0,0,0,0,0,51000,0,0,0,426000,375000,51000,51000
00730,富邦臺灣優質高息,0,0,0,0,0,0,0,0,0,51000,0,0,0,844000,793000,51000,51000
00739,元大MSCI A股    ,19000,13000,6000,0,0,0,0,0,0,45000,0,0,0,936000,891000,45000,51000
063125,華擎元大9C購02  ,0,0,0,0,0,0,0,0,0,51000,0,0,0,72000,21000,51000,51000
063132,台表科元大9C購02,0,0,0,0,0,0,0,0,0,51000,0,0,0,76000,25000,51000,51000
061735,上銀凱基9B購01  ,0,0,0,0,0,0,0,0,0,51000,0,0,0,51000,0,51000,51000
06532P,友達元富98售04  ,0,0,0,0,0,0,0,0,0,51000,0,0,0,101000,50000,51000,51000
065908,聯發科永豐9C購04,0,0,0,0,0,0,0,0,0,51000,0,0,0,71000,20000,51000,51000
064333,義隆元大9C購02  ,0,0,0,0,0,0,0,0,0,51000,0,0,0,51000,0,51000,51000
3023,信邦            ,348000,210000,138000,0,0,0,0,81105,-81105,-6000,3000,4000,-1000,2000,7000,-5000,50895
06970P,旺宏元大99售08  ,0,0,0,0,0,0,0,0,0,50000,0,0,0,50000,0,50000,50000
067209,瑞昱元大01購04  ,0,0,0,0,0,0,0,0,0,50000,0,0,0,92000,42000,50000,50000
066561,健策元大01購04  ,0,0,0,0,0,0,0,0,0,50000,0,0,0,105000,55000,50000,50000
066693,T50反1群益02購03,0,0,0,0,0,0,0,0,0,50000,0,0,0,50000,0,50000,50000
066671,TPK凱基02購02   ,0,0,0,0,0,0,0,0,0,50000,0,0,0,51000,1000,50000,50000
066169,晶豪科凱基01購01,0,0,0,0,0,0,0,0,0,50000,0,0,0,50000,0,50000,50000
066230,南帝富邦02購01  ,0,0,0,0,0,0,0,0,0,50000,0,0,0,50000,0,50000,50000
066321,華碩永豐01購01  ,0,0,0,0,0,0,0,0,0,50000,0,0,0,138000,88000,50000,50000
07878P,智邦群益9C售01  ,0,0,0,0,0,0,0,0,0,50000,0,0,0,50000,0,50000,50000
07875P,祥碩群益9B售01  ,0,0,0,0,0,0,0,0,0,50000,0,0,0,50000,0,50000,50000
07359P,台積電元大99售45,0,0,0,0,0,0,0,0,0,50000,0,0,0,50000,0,50000,50000
08134P,臺股指元大9B售40,0,0,0,0,0,0,0,0,0,50000,0,0,0,150000,100000,50000,50000
08097P,嘉澤永豐9B售03  ,0,0,0,0,0,0,0,0,0,50000,0,0,0,50000,0,50000,50000
08149P,祥碩群益9B售07  ,0,0,0,0,0,0,0,0,0,50000,0,0,0,50000,0,50000,50000
08746P,鴻海元富07售06  ,0,0,0,0,0,0,0,0,0,50000,0,0,0,50000,0,50000,50000
08816P,台積電富邦04售03,0,0,0,0,0,0,0,0,0,50000,0,0,0,50000,0,50000,50000
053818,富邦金群益98購01,0,0,0,0,0,0,0,0,0,50000,0,0,0,50000,0,50000,50000
056720,世紀鋼永豐98購01,0,0,0,0,0,0,0,0,0,50000,0,0,0,60000,10000,50000,50000
053174,同欣電群益98購02,0,0,0,0,0,0,0,0,0,50000,0,0,0,50000,0,50000,50000
056870,全新日盛9A購01  ,0,0,0,0,0,0,0,0,0,50000,0,0,0,50000,0,50000,50000
056920,友達兆豐98購02  ,0,0,0,0,0,0,0,0,0,50000,0,0,0,50000,0,50000,50000
054755,世紀鋼凱基98購01,0,0,0,0,0,0,0,0,0,50000,0,0,0,90000,40000,50000,50000
05631P,國巨富邦9A售01  ,0,0,0,0,0,0,0,0,0,50000,0,0,0,100000,50000,50000,50000
056213,建準國票98購02  ,0,0,0,0,0,0,0,0,0,50000,0,0,0,97000,47000,50000,50000
056543,京鼎凱基98購01  ,0,0,0,0,0,0,0,0,0,50000,0,0,0,70000,20000,50000,50000
054931,緯穎凱基98購01  ,0,0,0,0,0,0,0,0,0,50000,0,0,0,50000,0,50000,50000
055031,南港富邦99購01  ,0,0,0,0,0,0,0,0,0,50000,0,0,0,50000,0,50000,50000
056689,玉晶光統一9A購03,0,0,0,0,0,0,0,0,0,50000,0,0,0,50000,0,50000,50000
059194,元金2X永豐99購01,0,0,0,0,0,0,0,0,0,50000,0,0,0,50000,0,50000,50000
058634,可成兆豐99購03  ,0,0,0,0,0,0,0,0,0,50000,0,0,0,50000,0,50000,50000
058238,奇鋐元大99購02  ,0,0,0,0,0,0,0,0,0,50000,0,0,0,50000,0,50000,50000
058247,聯茂元大99購04  ,0,0,0,0,0,0,0,0,0,50000,0,0,0,151000,101000,50000,50000
058248,聯茂元大99購05  ,0,0,0,0,0,0,0,0,0,50000,0,0,0,250000,200000,50000,50000
057893,亞德客元富98購03,0,0,0,0,0,0,0,0,0,50000,0,0,0,50000,0,50000,50000
057865,富邦金凱基98購01,0,0,0,0,0,0,0,0,0,50000,0,0,0,50000,0,50000,50000
057875,京鼎元大98購03  ,0,0,0,0,0,0,0,0,0,50000,0,0,0,74000,24000,50000,50000
058298,聯茂凱基99購05  ,0,0,0,0,0,0,0,0,0,50000,0,0,0,52000,2000,50000,50000
062196,聯發科中信01購02,0,0,0,0,0,0,0,0,0,50000,0,0,0,50000,0,50000,50000
062042,台勝科凱基9C購01,0,0,0,0,0,0,0,0,0,50000,0,0,0,50000,0,50000,50000
060166,佐登永豐9A購01  ,0,0,0,0,0,0,0,0,0,50000,0,0,0,50000,0,50000,50000
061684,T50反1群益9A購06,0,0,0,0,0,0,0,0,0,50000,0,0,0,50000,0,50000,50000
062827,神基群益9B購01  ,0,0,0,0,0,0,0,0,0,50000,0,0,0,50000,0,50000,50000
062760,漢唐凱基9B購01  ,0,0,0,0,0,0,0,0,0,50000,0,0,0,50000,0,50000,50000
062642,帆宣國票9B購01  ,0,0,0,0,0,0,0,0,0,50000,0,0,0,109000,59000,50000,50000
059650,緯穎凱基99購04  ,0,0,0,0,0,0,0,0,0,50000,0,0,0,50000,0,50000,50000
060009,南亞科群益99購03,0,0,0,0,0,0,0,0,0,50000,0,0,0,50000,0,50000,50000
061143,道瓊指中信9C購04,0,0,0,0,0,0,0,0,0,50000,0,0,0,50000,0,50000,50000
061538,SP黃豆群益9A購03,0,0,0,0,0,0,0,0,0,50000,0,0,0,50000,0,50000,50000
063406,麗豐國票9C購01  ,0,0,0,0,0,0,0,0,0,50000,0,0,0,50000,0,50000,50000
063374,嘉澤永豐9B購04  ,0,0,0,0,0,0,0,0,0,50000,0,0,0,53000,3000,50000,50000
060665,康控凱基9A購01  ,0,0,0,0,0,0,0,0,0,50000,0,0,0,104000,54000,50000,50000
060487,盛群富邦9B購01  ,0,0,0,0,0,0,0,0,0,50000,0,0,0,50000,0,50000,50000
060300,佐登國泰9B購01  ,0,0,0,0,0,0,0,0,0,50000,0,0,0,50000,0,50000,50000
060343,台積電統一9C購02,0,0,0,0,0,0,0,0,0,50000,0,0,0,51000,1000,50000,50000
061114,南電元大9A購04  ,0,0,0,0,0,0,0,0,0,50000,0,0,0,50000,0,50000,50000
060433,億豐永豐9A購01  ,0,0,0,0,0,0,0,0,0,50000,0,0,0,50000,0,50000,50000
060738,矽格統一9C購01  ,0,0,0,0,0,0,0,0,0,50000,0,0,0,50000,0,50000,50000
064402,宏碁凱基01購01  ,0,0,0,0,0,0,0,0,0,50000,0,0,0,50000,0,50000,50000
064841,彩晶統一02購02  ,0,0,0,0,0,0,0,0,0,50000,0,0,0,114000,64000,50000,50000
064842,南六統一9C購04  ,0,0,0,0,0,0,0,0,0,50000,0,0,0,60000,10000,50000,50000
064852,智邦台新9C購04  ,0,0,0,0,0,0,0,0,0,50000,0,0,0,65000,15000,50000,50000
064624,群創元大02購01  ,0,0,0,0,0,0,0,0,0,50000,0,0,0,105000,55000,50000,50000
064024,漢唐元大9C購01  ,0,0,0,0,0,0,0,0,0,50000,0,0,0,100000,50000,50000,50000
066012,友訊元富01購01  ,0,0,0,0,0,0,0,0,0,50000,0,0,0,124000,74000,50000,50000
066045,聯發科元大01購08,0,0,0,0,0,0,0,0,0,50000,0,0,0,50000,0,50000,50000
066141,盛群群益01購01  ,0,0,0,0,0,0,0,0,0,50000,0,0,0,215000,165000,50000,50000
065620,金融類元大9C購03,0,0,0,0,0,0,0,0,0,50000,0,0,0,50000,0,50000,50000
065670,華新科凱基01購02,0,0,0,0,0,0,0,0,0,50000,0,0,0,50000,0,50000,50000
065649,牧德元大03購01  ,0,0,0,0,0,0,0,0,0,50000,0,0,0,50000,0,50000,50000
065378,嘉澤元大01購01  ,0,0,0,0,0,0,0,0,0,50000,0,0,0,50000,0,50000,50000
065245,國泰金兆豐9C購01,0,0,0,0,0,0,0,0,0,50000,0,0,0,63000,13000,50000,50000
065396,微星群益01購01  ,0,0,0,0,0,0,0,0,0,50000,0,0,0,144000,94000,50000,50000
065556,旭富凱基9C購02  ,0,0,0,0,0,0,0,0,0,50000,0,0,0,50000,0,50000,50000
065095,玉晶光元大02購02,0,0,0,0,0,0,0,0,0,50000,0,0,0,55000,5000,50000,50000
06491P,台積電富邦99售02,0,0,0,0,0,0,0,0,0,50000,0,0,0,50000,0,50000,50000
064995,世紀鋼兆豐9C購01,0,0,0,0,0,0,0,0,0,50000,0,0,0,226000,176000,50000,50000
3682,亞太電          ,333000,283000,50000,0,0,0,0,0,0,0,0,0,0,0,0,0,50000
08726P,台積電群益01售07,0,0,0,0,0,0,0,0,0,49000,0,0,0,1575000,1526000,49000,49000
07975P,國巨元大9B售15  ,0,0,0,0,0,0,0,0,0,49000,0,0,0,50000,1000,49000,49000
07667P,亞德客元大9A售05,0,0,0,0,0,0,0,0,0,49000,0,0,0,59000,10000,49000,49000
066605,盟立永豐01購02  ,0,0,0,0,0,0,0,0,0,49000,0,0,0,101000,52000,49000,49000
066902,台泥凱基01購01  ,0,0,0,0,0,0,0,0,0,49000,0,0,0,50000,1000,49000,49000
057699,可成群益9A購02  ,0,0,0,0,0,0,0,0,0,49000,0,0,0,54000,5000,49000,49000
058522,聯茂元大99購07  ,0,0,0,0,0,0,0,0,0,49000,0,0,0,300000,251000,49000,49000
057162,上銀元大98購03  ,0,0,0,0,0,0,0,0,0,49000,0,0,0,60000,11000,49000,49000
055703,緯穎富邦98購01  ,0,0,0,0,0,0,0,0,0,49000,0,0,0,49000,0,49000,49000
055034,建準富邦99購01  ,0,0,0,0,0,0,0,0,0,49000,0,0,0,210000,161000,49000,49000
051847,香港反中信99購01,0,0,0,0,0,0,0,0,0,49000,0,0,0,49000,0,49000,49000
063173,矽格中信9B購01  ,0,0,0,0,0,0,0,0,0,49000,0,0,0,51000,2000,49000,49000
059688,燿華永豐99購01  ,0,0,0,0,0,0,0,0,0,49000,0,0,0,49000,0,49000,49000
061681,南電元大9A購08  ,0,0,0,0,0,0,0,0,0,49000,0,0,0,117000,68000,49000,49000
062136,南亞科群益9B購01,0,0,0,0,0,0,0,0,0,49000,0,0,0,49000,0,49000,49000
065504,宏達電永豐9C購01,0,0,0,0,0,0,0,0,0,49000,0,0,0,51000,2000,49000,49000
064153,中壽統一9C購01  ,0,0,0,0,0,0,0,0,0,49000,0,0,0,402000,353000,49000,49000
063788,矽創統一02購01  ,0,0,0,0,0,0,0,0,0,49000,0,0,0,172000,123000,49000,49000
063705,臻鼎群益9B購03  ,0,0,0,0,0,0,0,0,0,49000,0,0,0,175000,126000,49000,49000
064286,TPK元大9C購02   ,0,0,0,0,0,0,0,0,0,49000,0,0,0,83000,34000,49000,49000
6605,帝寶            ,60000,8000,52000,0,0,0,0,0,0,-3000,0,3000,-3000,0,0,0,49000
066936,新日興國票02購01,0,0,0,0,0,0,0,0,0,48000,0,0,0,49000,1000,48000,48000
066365,富邦金中信03購01,0,0,0,0,0,0,0,0,0,48000,0,0,0,119000,71000,48000,48000
08325P,臺股指凱基9C售08,0,0,0,0,0,0,0,0,0,48000,0,0,0,48000,0,48000,48000
08728P,緯穎群益01售01  ,0,0,0,0,0,0,0,0,0,48000,0,0,0,74000,26000,48000,48000
055249,大毅統一99購01  ,0,0,0,0,0,0,0,0,0,48000,0,0,0,48000,0,48000,48000
055667,致茂群益98購01  ,0,0,0,0,0,0,0,0,0,48000,0,0,0,144000,96000,48000,48000
057248,台積電統一98購08,0,0,0,0,0,0,0,0,0,48000,0,0,0,48000,0,48000,48000
058824,晶技富邦9A購01  ,0,0,0,0,0,0,0,0,0,48000,0,0,0,48000,0,48000,48000
058834,GIS永豐99購01   ,0,0,0,0,0,0,0,0,0,48000,0,0,0,56000,8000,48000,48000
061619,大立光群益9B購01,0,0,0,0,0,0,0,0,0,48000,0,0,0,48000,0,48000,48000
061592,義隆永豐9A購03  ,0,0,0,0,0,0,0,0,0,48000,0,0,0,48000,0,48000,48000
062117,燿華中信9B購01  ,0,0,0,0,0,0,0,0,0,48000,0,0,0,48000,0,48000,48000
061724,訊芯永豐9A購01  ,0,0,0,0,0,0,0,0,0,48000,0,0,0,138000,90000,48000,48000
062806,世芯統一02購01  ,0,0,0,0,0,0,0,0,0,48000,0,0,0,49000,1000,48000,48000
062922,南六元大9B購03  ,0,0,0,0,0,0,0,0,0,48000,0,0,0,128000,80000,48000,48000
062998,泰碩國票01購01  ,0,0,0,0,0,0,0,0,0,48000,0,0,0,83000,35000,48000,48000
064363,聯發科統一9C購14,0,0,0,0,0,0,0,0,0,48000,0,0,0,71000,23000,48000,48000
064827,友達統一02購02  ,0,0,0,0,0,0,0,0,0,48000,0,0,0,48000,0,48000,48000
06417P,台積電兆豐97售03,0,0,0,0,0,0,0,0,0,48000,0,0,0,48000,0,48000,48000
064033,茂林元大9C購02  ,0,0,0,0,0,0,0,0,0,48000,0,0,0,190000,142000,48000,48000
065532,台光電統一02購02,0,0,0,0,0,0,0,0,0,48000,0,0,0,59000,11000,48000,48000
065246,旭富兆豐01購01  ,0,0,0,0,0,0,0,0,0,48000,0,0,0,50000,2000,48000,48000
064929,台表科統一02購03,0,0,0,0,0,0,0,0,0,48000,0,0,0,48000,0,48000,48000
065568,台積電群益01購04,0,0,0,0,0,0,0,0,0,48000,0,0,0,85000,37000,48000,48000
065866,鴻海群益9C購07  ,0,0,0,0,0,0,0,0,0,48000,0,0,0,50000,2000,48000,48000
2233,宇隆            ,57000,6000,51000,0,0,0,0,0,0,-3000,0,3000,-3000,0,0,0,48000
08759P,滬深2X元大01售08,0,0,0,0,0,0,0,0,0,47000,0,0,0,50000,3000,47000,47000
1220,台榮            ,50000,3000,47000,0,0,0,0,0,0,0,0,0,0,0,0,0,47000
08370P,台積電凱基01售06,0,0,0,0,0,0,0,0,0,47000,0,0,0,47000,0,47000,47000
08301P,台積電兆豐9C售02,0,0,0,0,0,0,0,0,0,47000,0,0,0,58000,11000,47000,47000
07931P,國巨元大9B售03  ,0,0,0,0,0,0,0,0,0,47000,0,0,0,100000,53000,47000,47000
066678,台達電兆豐03購01,0,0,0,0,0,0,0,0,0,47000,0,0,0,85000,38000,47000,47000
057243,樺漢凱基99購01  ,0,0,0,0,0,0,0,0,0,47000,0,0,0,47000,0,47000,47000
058615,矽創元大99購01  ,0,0,0,0,0,0,0,0,0,47000,0,0,0,147000,100000,47000,47000
063027,台汽電元大9B購01,0,0,0,0,0,0,0,0,0,47000,0,0,0,185000,138000,47000,47000
060341,國巨統一9C購02  ,0,0,0,0,0,0,0,0,0,47000,0,0,0,48000,1000,47000,47000
061565,滬深2X元大9A購08,0,0,0,0,0,0,0,0,0,47000,0,0,0,60000,13000,47000,47000
059435,大立光元大99購17,0,0,0,0,0,0,0,0,0,47000,0,0,0,47000,0,47000,47000
060131,GIS永豐99購03   ,0,0,0,0,0,0,0,0,0,47000,0,0,0,47000,0,47000,47000
061767,信邦元大9B購01  ,0,0,0,0,0,0,0,0,0,47000,0,0,0,47000,0,47000,47000
062336,茂林統一01購02  ,0,0,0,0,0,0,0,0,0,47000,0,0,0,112000,65000,47000,47000
065651,中磊元大9C購01  ,0,0,0,0,0,0,0,0,0,47000,0,0,0,213000,166000,47000,47000
065214,友達國泰01購01  ,0,0,0,0,0,0,0,0,0,47000,0,0,0,62000,15000,47000,47000
4526,東台            ,54000,3000,51000,0,0,0,0,0,0,-4000,2000,6000,-4000,0,0,0,47000
066345,正文永豐01購01  ,0,0,0,0,0,0,0,0,0,46000,0,0,0,106000,60000,46000,46000
067086,中磊元大01購01  ,0,0,0,0,0,0,0,0,0,46000,0,0,0,151000,105000,46000,46000
08573P,台積電凱基9C售06,0,0,0,0,0,0,0,0,0,46000,0,0,0,50000,4000,46000,46000
058616,台虹元大9A購01  ,0,0,0,0,0,0,0,0,0,46000,0,0,0,97000,51000,46000,46000
058752,鈺齊凱基9A購01  ,0,0,0,0,0,0,0,0,0,46000,0,0,0,96000,50000,46000,46000
057503,世紀鋼群益98購02,0,0,0,0,0,0,0,0,0,46000,0,0,0,46000,0,46000,46000
03669C,滬深2X元富09牛01,0,0,0,0,0,0,0,0,0,46000,0,0,0,100000,54000,46000,46000
062367,禾伸堂元大9B購02,0,0,0,0,0,0,0,0,0,46000,0,0,0,46000,0,46000,46000
061650,南電元大9A購07  ,0,0,0,0,0,0,0,0,0,46000,0,0,0,47000,1000,46000,46000
059860,台積電群益9A購02,0,0,0,0,0,0,0,0,0,46000,0,0,0,66000,20000,46000,46000
062879,美食兆豐9B購01  ,0,0,0,0,0,0,0,0,0,46000,0,0,0,73000,27000,46000,46000
061186,牧德國泰9C購01  ,0,0,0,0,0,0,0,0,0,46000,0,0,0,48000,2000,46000,46000
061532,和大統一9C購02  ,0,0,0,0,0,0,0,0,0,46000,0,0,0,46000,0,46000,46000
063395,金像電群益9B購02,0,0,0,0,0,0,0,0,0,46000,0,0,0,182000,136000,46000,46000
060567,華擎富邦9C購01  ,0,0,0,0,0,0,0,0,0,46000,0,0,0,56000,10000,46000,46000
065990,華擎永豐01購01  ,0,0,0,0,0,0,0,0,0,46000,0,0,0,46000,0,46000,46000
064159,新日興統一01購02,0,0,0,0,0,0,0,0,0,46000,0,0,0,68000,22000,46000,46000
1786,科妍            ,75000,25000,50000,0,0,0,0,0,0,-4000,0,4000,-4000,0,0,0,46000
08630P,臺股指麥證9C售05,0,0,0,100000,55000,45000,0,0,0,45000,0,0,0,100000,55000,45000,45000
1307,三芳            ,106000,52000,54000,0,0,0,0,0,0,-9000,1000,10000,-9000,0,0,0,45000
08111P,臺股指中信01售06,0,0,0,0,0,0,0,0,0,45000,0,0,0,120000,75000,45000,45000
08085P,華通凱基9B售04  ,0,0,0,0,0,0,0,0,0,45000,0,0,0,45000,0,45000,45000
07596P,上証2X中信01售01,0,0,0,0,0,0,0,0,0,45000,0,0,0,45000,0,45000,45000
07751P,世紀鋼凱基9A售02,0,0,0,0,0,0,0,0,0,45000,0,0,0,60000,15000,45000,45000
07164P,臺股指群益99售15,0,0,0,0,0,0,0,0,0,45000,0,0,0,145000,100000,45000,45000
066301,大成永豐01購01  ,0,0,0,0,0,0,0,0,0,45000,0,0,0,308000,263000,45000,45000
066528,南電統一02購01  ,0,0,0,0,0,0,0,0,0,45000,0,0,0,144000,99000,45000,45000
06652P,長榮航元大98售01,0,0,0,0,0,0,0,0,0,45000,0,0,0,45000,0,45000,45000
00736,國泰新興市場    ,0,0,0,0,0,0,0,0,0,45000,0,0,0,150000,105000,45000,45000
049759,元黃金富邦9A購01,0,0,0,0,0,0,0,0,0,45000,0,0,0,45000,0,45000,45000
055346,國巨凱基98購02  ,0,0,0,0,0,0,0,0,0,45000,0,0,0,45000,0,45000,45000
058901,美律元大99購07  ,0,0,0,0,0,0,0,0,0,45000,0,0,0,45000,0,45000,45000
054928,帆宣凱基98購01  ,0,0,0,0,0,0,0,0,0,45000,0,0,0,90000,45000,45000,45000
058589,群創中信01購01  ,0,0,0,0,0,0,0,0,0,45000,0,0,0,45000,0,45000,45000
060714,晶技永豐9A購02  ,0,0,0,0,0,0,0,0,0,45000,0,0,0,97000,52000,45000,45000
061113,南電元大9A購03  ,0,0,0,0,0,0,0,0,0,45000,0,0,0,50000,5000,45000,45000
061361,世紀鋼兆豐9A購01,0,0,0,0,0,0,0,0,0,45000,0,0,0,336000,291000,45000,45000
061326,新日興凱基9B購01,0,0,0,0,0,0,0,0,0,45000,0,0,0,53000,8000,45000,45000
063431,神隆元富9B購01  ,0,0,0,0,0,0,0,0,0,45000,0,0,0,70000,25000,45000,45000
06139P,台積電中信99售02,0,0,0,0,0,0,0,0,0,45000,0,0,0,243000,198000,45000,45000
063215,台表科國票9C購02,0,0,0,0,0,0,0,0,0,45000,0,0,0,45000,0,45000,45000
059253,康控凱基9B購02  ,0,0,0,0,0,0,0,0,0,45000,0,0,0,45000,0,45000,45000
062541,臻鼎國泰01購01  ,0,0,0,0,0,0,0,0,0,45000,0,0,0,55000,10000,45000,45000
061776,晶技國票9B購01  ,0,0,0,0,0,0,0,0,0,45000,0,0,0,80000,35000,45000,45000
063955,TPK元大9C購01   ,0,0,0,0,0,0,0,0,0,45000,0,0,0,104000,59000,45000,45000
064000,台郡兆豐9C購01  ,0,0,0,0,0,0,0,0,0,45000,0,0,0,109000,64000,45000,45000
063646,帆宣元大9B購02  ,0,0,0,0,0,0,0,0,0,45000,0,0,0,45000,0,45000,45000
063648,台表科元大9C購05,0,0,0,0,0,0,0,0,0,45000,0,0,0,105000,60000,45000,45000
064994,南電兆豐01購01  ,0,0,0,0,0,0,0,0,0,45000,0,0,0,101000,56000,45000,45000
065290,奇鋐群益9C購01  ,0,0,0,0,0,0,0,0,0,45000,0,0,0,103000,58000,45000,45000
065307,矽格元富9C購01  ,0,0,0,0,0,0,0,0,0,45000,0,0,0,45000,0,45000,45000
062191,台郡元大9B購05  ,0,0,0,0,0,0,0,0,0,44000,0,0,0,44000,0,44000,44000
056590,樺漢統一9A購01  ,0,0,0,0,0,0,0,0,0,44000,0,0,0,109000,65000,44000,44000
053882,聯發科中信98購02,0,0,0,0,0,0,0,0,0,44000,0,0,0,44000,0,44000,44000
062694,遠東新元大9B購01,20000,0,20000,0,0,0,0,0,0,24000,0,0,0,123000,99000,24000,44000
062888,漢唐群益9B購01  ,0,0,0,0,0,0,0,0,0,44000,0,0,0,44000,0,44000,44000
063163,京元電永豐9B購01,0,0,0,0,0,0,0,0,0,44000,0,0,0,44000,0,44000,44000
061526,宏達電凱基9A購04,0,0,0,0,0,0,0,0,0,44000,0,0,0,69000,25000,44000,44000
065066,南電群益9C購02  ,0,0,0,0,0,0,0,0,0,44000,0,0,0,69000,25000,44000,44000
5203,訊連            ,106000,57000,49000,0,0,0,0,0,0,-5000,1000,3000,-2000,0,3000,-3000,44000
066310,長興永豐01購01  ,0,0,0,0,0,0,0,0,0,43000,0,0,0,91000,48000,43000,43000
07741P,滬深2X凱基9B售04,0,0,0,0,0,0,0,0,0,43000,0,0,0,43000,0,43000,43000
08337P,台灣50凱基01售15,0,0,0,0,0,0,0,0,0,43000,0,0,0,299000,256000,43000,43000
08622P,緯創群益9C售03  ,0,0,0,0,0,0,0,0,0,43000,0,0,0,43000,0,43000,43000
061858,南電國票9B購02  ,0,0,0,0,0,0,0,0,0,43000,0,0,0,85000,42000,43000,43000
061634,遠東新元大9A購01,0,0,0,0,0,0,0,0,0,43000,0,0,0,107000,64000,43000,43000
057577,廣宇中信9A購01  ,0,0,0,0,0,0,0,0,0,43000,0,0,0,80000,37000,43000,43000
058181,華新科國泰9B購01,0,0,0,0,0,0,0,0,0,43000,0,0,0,48000,5000,43000,43000
059115,美食永豐99購01  ,0,0,0,0,0,0,0,0,0,43000,0,0,0,164000,121000,43000,43000
058534,友達統一9B購01  ,0,0,0,0,0,0,0,0,0,43000,0,0,0,43000,0,43000,43000
061483,TPK元大9A購01   ,0,0,0,0,0,0,0,0,0,43000,0,0,0,45000,2000,43000,43000
061198,世紀鋼永豐9A購03,0,0,0,0,0,0,0,0,0,43000,0,0,0,234000,191000,43000,43000
060736,旺宏統一01購01  ,0,0,0,0,0,0,0,0,0,43000,0,0,0,56000,13000,43000,43000
062604,東元凱基9B購01  ,0,0,0,0,0,0,0,0,0,43000,0,0,0,67000,24000,43000,43000
062320,南電凱基9B購03  ,0,0,0,0,0,0,0,0,0,43000,0,0,0,48000,5000,43000,43000
060170,世紀鋼永豐9A購01,0,0,0,0,0,0,0,0,0,43000,0,0,0,87000,44000,43000,43000
065291,日電貿群益01購01,0,0,0,0,0,0,0,0,0,43000,0,0,0,43000,0,43000,43000
066034,南六群益02購02  ,0,0,0,0,0,0,0,0,0,43000,0,0,0,43000,0,43000,43000
063625,儒鴻元大9B購03  ,0,0,0,0,0,0,0,0,0,43000,0,0,0,251000,208000,43000,43000
08544P,和碩國票01售02  ,0,0,0,0,0,0,0,0,0,42000,0,0,0,42000,0,42000,42000
08450P,台積電統一9C售14,0,0,0,0,0,0,0,0,0,42000,0,0,0,42000,0,42000,42000
08160P,茂林元富9B售03  ,0,0,0,0,0,0,0,0,0,42000,0,0,0,183000,141000,42000,42000
07688P,華通元大9A售07  ,0,0,0,0,0,0,0,0,0,42000,0,0,0,100000,58000,42000,42000
07673P,電子類元大9A售01,0,0,0,0,0,0,0,0,0,42000,0,0,0,42000,0,42000,42000
066358,美利達永豐01購01,0,0,0,0,0,0,0,0,0,42000,0,0,0,67000,25000,42000,42000
067121,台虹群益01購01  ,0,0,0,0,0,0,0,0,0,42000,0,0,0,42000,0,42000,42000
058513,宏達電元大99購05,0,0,0,0,0,0,0,0,0,42000,0,0,0,53000,11000,42000,42000
061593,智原永豐9A購01  ,0,0,0,0,0,0,0,0,0,42000,0,0,0,53000,11000,42000,42000
053821,群創群益98購08  ,0,0,0,0,0,0,0,0,0,42000,0,0,0,67000,25000,42000,42000
056058,建準元大97購02  ,0,0,0,0,0,0,0,0,0,42000,0,0,0,42000,0,42000,42000
060239,國揚元大9C購01  ,0,0,0,0,0,0,0,0,0,42000,0,0,0,92000,50000,42000,42000
060953,富邦金群益9A購01,0,0,0,0,0,0,0,0,0,42000,0,0,0,50000,8000,42000,42000
060681,華擎元大9A購02  ,0,0,0,0,0,0,0,0,0,42000,0,0,0,69000,27000,42000,42000
063408,茂林國票9C購02  ,0,0,0,0,0,0,0,0,0,42000,0,0,0,177000,135000,42000,42000
063967,華新科國票01購01,0,0,0,0,0,0,0,0,0,42000,0,0,0,100000,58000,42000,42000
063928,可成統一01購02  ,0,0,0,0,0,0,0,0,0,42000,0,0,0,52000,10000,42000,42000
064036,矽創元大9C購01  ,0,0,0,0,0,0,0,0,0,42000,0,0,0,84000,42000,42000,42000
065865,光寶科群益9C購02,0,0,0,0,0,0,0,0,0,42000,0,0,0,85000,43000,42000,42000
066989,聯茂群益01購01  ,0,0,0,0,0,0,0,0,0,41000,0,0,0,41000,0,41000,41000
066828,聯發科群益02購05,0,0,0,0,0,0,0,0,0,41000,0,0,0,41000,0,41000,41000
066302,卜蜂永豐01購01  ,0,0,0,0,0,0,0,0,0,41000,0,0,0,74000,33000,41000,41000
08056P,華通群益9B售06  ,0,0,0,0,0,0,0,0,0,41000,0,0,0,44000,3000,41000,41000
058944,元石油群益9C購02,0,0,0,0,0,0,0,0,0,41000,0,0,0,50000,9000,41000,41000
055382,台郡元大99購01  ,0,0,0,0,0,0,0,0,0,41000,0,0,0,46000,5000,41000,41000
020008,元大特股高息N   ,0,0,0,0,0,0,0,0,0,41000,0,0,0,41000,0,41000,41000
00668,國泰美國道瓊    ,2000,2000,0,0,0,0,0,0,0,41000,0,0,0,88000,47000,41000,41000
054756,世紀鋼凱基99購01,0,0,0,0,0,0,0,0,0,41000,0,0,0,88000,47000,41000,41000
057556,智易凱基99購01  ,0,0,0,0,0,0,0,0,0,41000,0,0,0,91000,50000,41000,41000
063192,技嘉台新9B購01  ,0,0,0,0,0,0,0,0,0,41000,0,0,0,45000,4000,41000,41000
065710,嘉聯益群益9C購02,0,0,0,0,0,0,0,0,0,41000,0,0,0,85000,44000,41000,41000
065604,聯發科元大9C購17,0,0,0,0,0,0,0,0,0,41000,0,0,0,182000,141000,41000,41000
066021,華通群益02購03  ,0,0,0,0,0,0,0,0,0,41000,0,0,0,41000,0,41000,41000
066117,茂林兆豐02購01  ,0,0,0,0,0,0,0,0,0,41000,0,0,0,391000,350000,41000,41000
065253,和大元大01購02  ,0,0,0,0,0,0,0,0,0,41000,0,0,0,200000,159000,41000,41000
064959,巨大凱基9C購02  ,0,0,0,0,0,0,0,0,0,41000,0,0,0,43000,2000,41000,41000
064035,GIS元大9C購03   ,0,0,0,0,0,0,0,0,0,41000,0,0,0,129000,88000,41000,41000
063656,台光電元富03購01,0,0,0,0,0,0,0,0,0,41000,0,0,0,194000,153000,41000,41000
063813,瑞昱群益9C購02  ,0,0,0,0,0,0,0,0,0,41000,0,0,0,54000,13000,41000,41000
064274,燿華元大9C購01  ,0,0,0,0,0,0,0,0,0,41000,0,0,0,47000,6000,41000,41000
4766,南寶            ,49000,6000,43000,0,0,0,0,0,0,-2000,0,2000,-2000,0,0,0,41000
08237P,台積電富邦03售01,0,0,0,0,0,0,0,0,0,40000,0,0,0,40000,0,40000,40000
07646P,世芯元大9A售04  ,0,0,0,0,0,0,0,0,0,40000,0,0,0,310000,270000,40000,40000
07656P,國巨凱基9A售15  ,0,0,0,0,0,0,0,0,0,40000,0,0,0,40000,0,40000,40000
07185P,臺股指統一9C售01,0,0,0,0,0,0,0,0,0,40000,0,0,0,40000,0,40000,40000
07562P,台灣50第一9A售01,0,0,0,0,0,0,0,0,0,40000,0,0,0,40000,0,40000,40000
08436P,TPK群益9C售04   ,0,0,0,0,0,0,0,0,0,40000,0,0,0,40000,0,40000,40000
08697P,臺股指麥證01售03,0,0,0,50000,11000,39000,0,0,0,40000,0,0,0,51000,11000,40000,40000
1442,名軒            ,48000,2000,46000,0,0,0,0,0,0,-6000,0,6000,-6000,0,0,0,40000
1457,宜進            ,57000,9000,48000,0,0,0,0,0,0,-8000,0,8000,-8000,0,0,0,40000
066466,晶碩統一02購01  ,0,0,0,0,0,0,0,0,0,40000,0,0,0,169000,129000,40000,40000
066568,聚碩元大01購01  ,0,0,0,0,0,0,0,0,0,40000,0,0,0,136000,96000,40000,40000
066918,台積電麥證01購05,0,0,0,140000,100000,40000,0,0,0,40000,0,0,0,140000,100000,40000,40000
06687P,A50正2中信9A售01,0,0,0,0,0,0,0,0,0,40000,0,0,0,40000,0,40000,40000
07061P,台積電元大99售14,0,0,0,0,0,0,0,0,0,40000,0,0,0,40000,0,40000,40000
057490,可成元大98購10  ,0,0,0,0,0,0,0,0,0,40000,0,0,0,40000,0,40000,40000
057516,和鑫元富98購01  ,0,0,0,0,0,0,0,0,0,40000,0,0,0,40000,0,40000,40000
057713,美律統一99購01  ,0,0,0,0,0,0,0,0,0,40000,0,0,0,40000,0,40000,40000
058345,台光電群益99購03,0,0,0,0,0,0,0,0,0,40000,0,0,0,40000,0,40000,40000
062162,世紀鋼凱基9B購03,0,0,0,0,0,0,0,0,0,40000,0,0,0,75000,35000,40000,40000
061876,明泰元大9B購01  ,0,0,0,0,0,0,0,0,0,40000,0,0,0,60000,20000,40000,40000
062214,金寶統一01購01  ,0,0,0,0,0,0,0,0,0,40000,0,0,0,40000,0,40000,40000
058850,華新科群益99購03,0,0,0,0,0,0,0,0,0,40000,0,0,0,98000,58000,40000,40000
058567,華新科凱基9A購02,0,0,0,0,0,0,0,0,0,40000,0,0,0,50000,10000,40000,40000
058240,景碩元大99購04  ,0,0,0,0,0,0,0,0,0,40000,0,0,0,40000,0,40000,40000
057307,瀚宇博兆豐99購01,0,0,0,0,0,0,0,0,0,40000,0,0,0,60000,20000,40000,40000
057330,台積電國票99購03,0,0,0,0,0,0,0,0,0,40000,0,0,0,247000,207000,40000,40000
057011,日月光中信99購01,0,0,0,0,0,0,0,0,0,40000,0,0,0,50000,10000,40000,40000
051971,元金2X凱基97購02,0,0,0,0,0,0,0,0,0,40000,0,0,0,148000,108000,40000,40000
052629,訊芯中信99購01  ,0,0,0,0,0,0,0,0,0,40000,0,0,0,50000,10000,40000,40000
053568,智伸科富邦98購01,0,0,0,0,0,0,0,0,0,40000,0,0,0,150000,110000,40000,40000
054212,聯詠國票97購03  ,0,0,0,0,0,0,0,0,0,40000,0,0,0,60000,20000,40000,40000
055519,茂林中信99購01  ,0,0,0,0,0,0,0,0,0,40000,0,0,0,60000,20000,40000,40000
058022,樺漢凱基99購02  ,0,0,0,0,0,0,0,0,0,40000,0,0,0,40000,0,40000,40000
058089,聯發科元大98購15,0,0,0,0,0,0,0,0,0,40000,0,0,0,40000,0,40000,40000
056469,國巨元大99購01  ,0,0,0,0,0,0,0,0,0,40000,0,0,0,44000,4000,40000,40000
063138,聯發科統一01購05,0,0,0,0,0,0,0,0,0,40000,0,0,0,90000,50000,40000,40000
063075,祥碩永豐9B購04  ,0,0,0,0,0,0,0,0,0,40000,0,0,0,150000,110000,40000,40000
061168,力成兆豐9A購01  ,0,0,0,0,0,0,0,0,0,40000,0,0,0,40000,0,40000,40000
063528,元大金凱基9B購01,0,0,0,0,0,0,0,0,0,40000,0,0,0,40000,0,40000,40000
063393,華通群益9C購05  ,0,0,0,0,0,0,0,0,0,40000,0,0,0,50000,10000,40000,40000
063305,亞光凱基9B購01  ,0,0,0,0,0,0,0,0,0,40000,0,0,0,61000,21000,40000,40000
060546,旺宏凱基9A購02  ,0,0,0,0,0,0,0,0,0,40000,0,0,0,50000,10000,40000,40000
063006,道瓊反元大9C購01,0,0,0,0,0,0,0,0,0,40000,0,0,0,40000,0,40000,40000
060811,亞德客凱基9A購02,0,0,0,0,0,0,0,0,0,40000,0,0,0,40000,0,40000,40000
060144,全新國票9B購01  ,0,0,0,0,0,0,0,0,0,40000,0,0,0,40000,0,40000,40000
062140,元金2X國票9B購03,0,0,0,0,0,0,0,0,0,40000,0,0,0,40000,0,40000,40000
059610,上銀永豐99購02  ,0,0,0,0,0,0,0,0,0,40000,0,0,0,40000,0,40000,40000
059536,新光金凱基99購05,0,0,0,0,0,0,0,0,0,40000,0,0,0,40000,0,40000,40000
059474,元石油群益99購01,0,0,0,0,0,0,0,0,0,40000,0,0,0,42000,2000,40000,40000
059339,上銀凱基99購06  ,0,0,0,0,0,0,0,0,0,40000,0,0,0,40000,0,40000,40000
062692,T50反1元大9B購05,0,0,0,0,0,0,0,0,0,40000,0,0,0,40000,0,40000,40000
062775,大成鋼元大9B購02,0,0,0,0,0,0,0,0,0,40000,0,0,0,40000,0,40000,40000
064325,亞德客元大9C購01,0,0,0,0,0,0,0,0,0,40000,0,0,0,216000,176000,40000,40000
064405,美食凱基01購02  ,0,0,0,0,0,0,0,0,0,40000,0,0,0,100000,60000,40000,40000
064761,神達凱基9C購01  ,0,0,0,0,0,0,0,0,0,40000,0,0,0,50000,10000,40000,40000
063746,上銀國票9C購01  ,0,0,0,0,0,0,0,0,0,40000,0,0,0,42000,2000,40000,40000
063569,美食元大9B購03  ,0,0,0,0,0,0,0,0,0,40000,0,0,0,350000,310000,40000,40000
064027,義隆元大9C購01  ,0,0,0,0,0,0,0,0,0,40000,0,0,0,40000,0,40000,40000
064075,台積電中信06購01,0,0,0,0,0,0,0,0,0,40000,0,0,0,40000,0,40000,40000
063960,南電元大9C購03  ,0,0,0,0,0,0,0,0,0,40000,0,0,0,44000,4000,40000,40000
064100,義隆群益9C購01  ,0,0,0,0,0,0,0,0,0,40000,0,0,0,68000,28000,40000,40000
065502,康友富邦03購01  ,0,0,0,0,0,0,0,0,0,40000,0,0,0,57000,17000,40000,40000
065744,華新元大9C購01  ,0,0,0,0,0,0,0,0,0,40000,0,0,0,40000,0,40000,40000
067089,瑞祺元大01購04  ,0,0,0,0,0,0,0,0,0,39000,0,0,0,102000,63000,39000,39000
08576P,嘉澤凱基9C售03  ,0,0,0,0,0,0,0,0,0,39000,0,0,0,39000,0,39000,39000
00713,元大台灣高息低波,1000,0,1000,0,0,0,0,0,0,38000,0,0,0,40000,2000,38000,39000
058537,彩晶統一9B購01  ,0,0,0,0,0,0,0,0,0,39000,0,0,0,222000,183000,39000,39000
057596,聯茂兆豐99購01  ,0,0,0,0,0,0,0,0,0,39000,0,0,0,40000,1000,39000,39000
062846,國泰金富邦9C購01,0,0,0,0,0,0,0,0,0,39000,0,0,0,51000,12000,39000,39000
060040,康控國票99購04  ,0,0,0,0,0,0,0,0,0,39000,0,0,0,46000,7000,39000,39000
060409,味全永豐9A購01  ,0,0,0,0,0,0,0,0,0,39000,0,0,0,64000,25000,39000,39000
060694,旺宏麥證9A購02  ,0,0,0,49000,10000,39000,0,0,0,39000,0,0,0,49000,10000,39000,39000
063466,美食元大9B購02  ,0,0,0,0,0,0,0,0,0,39000,0,0,0,250000,211000,39000,39000
065930,矽格國票02購01  ,0,0,0,0,0,0,0,0,0,39000,0,0,0,111000,72000,39000,39000
065407,世紀鋼富邦01購01,0,0,0,0,0,0,0,0,0,39000,0,0,0,41000,2000,39000,39000
065282,國巨群益9C購14  ,0,0,0,0,0,0,0,0,0,39000,0,0,0,40000,1000,39000,39000
065082,台光電元大9C購04,0,0,0,0,0,0,0,0,0,39000,0,0,0,146000,107000,39000,39000
064193,華新群益9C購01  ,0,0,0,0,0,0,0,0,0,39000,0,0,0,193000,154000,39000,39000
063717,宏達電兆豐9B購02,0,0,0,0,0,0,0,0,0,39000,0,0,0,75000,36000,39000,39000
063722,遠東新元大9B購02,0,0,0,0,0,0,0,0,0,39000,0,0,0,156000,117000,39000,39000
064749,巨大國票01購01  ,0,0,0,0,0,0,0,0,0,39000,0,0,0,40000,1000,39000,39000
08457P,大毅元大9C售03  ,0,0,0,0,0,0,0,0,0,38000,0,0,0,38000,0,38000,38000
07843P,緯穎元大9A售05  ,0,0,0,0,0,0,0,0,0,38000,0,0,0,38000,0,38000,38000
058396,力山元大99購01  ,0,0,0,0,0,0,0,0,0,38000,0,0,0,38000,0,38000,38000
047969,台達電富邦97購01,0,0,0,0,0,0,0,0,0,38000,0,0,0,38000,0,38000,38000
057961,茂林元大9A購01  ,0,0,0,0,0,0,0,0,0,38000,0,0,0,287000,249000,38000,38000
055442,矽創國票98購02  ,0,0,0,0,0,0,0,0,0,38000,0,0,0,38000,0,38000,38000
060569,台積電永豐9A購01,0,0,0,0,0,0,0,0,0,38000,0,0,0,60000,22000,38000,38000
060308,劍麟永豐9A購01  ,0,0,0,0,0,0,0,0,0,38000,0,0,0,38000,0,38000,38000
062141,遠東新國票9B購01,10000,0,10000,0,0,0,0,0,0,28000,0,0,0,28000,0,28000,38000
062824,國巨群益9C購03  ,0,0,0,0,0,0,0,0,0,38000,0,0,0,64000,26000,38000,38000
062787,超眾元大9C購02  ,0,0,0,0,0,0,0,0,0,38000,0,0,0,165000,127000,38000,38000
059867,華邦電凱基99購02,0,0,0,0,0,0,0,0,0,38000,0,0,0,48000,10000,38000,38000
064806,微星元大01購01  ,0,0,0,0,0,0,0,0,0,38000,0,0,0,68000,30000,38000,38000
065935,金像電群益01購03,0,0,0,0,0,0,0,0,0,38000,0,0,0,106000,68000,38000,38000
066115,美律兆豐02購01  ,0,0,0,0,0,0,0,0,0,38000,0,0,0,38000,0,38000,38000
065606,可成元大01購05  ,0,20000,-20000,0,0,0,0,0,0,58000,0,0,0,122000,64000,58000,38000
065599,台光電元大9C購05,0,0,0,0,0,0,0,0,0,38000,0,0,0,126000,88000,38000,38000
2355,敬鵬            ,344000,268000,76000,0,0,0,0,0,0,-38000,5000,36000,-31000,5000,12000,-7000,38000
08018P,牧德國票9B售04  ,0,0,0,0,0,0,0,0,0,37000,0,0,0,71000,34000,37000,37000
08695P,嘉晶群益01售01  ,0,0,0,0,0,0,0,0,0,37000,0,0,0,69000,32000,37000,37000
1717,長興            ,870000,813000,57000,0,0,0,0,0,0,-20000,0,25000,-25000,5000,0,5000,37000
067054,台積電台新01購03,0,0,0,0,0,0,0,0,0,37000,0,0,0,110000,73000,37000,37000
067042,旺宏凱基01購02  ,0,0,0,0,0,0,0,0,0,37000,0,0,0,54000,17000,37000,37000
066509,南亞永豐01購01  ,0,0,0,0,0,0,0,0,0,37000,0,0,0,61000,24000,37000,37000
066417,台積電元大01購13,0,0,0,0,0,0,0,0,0,37000,0,0,0,38000,1000,37000,37000
056557,世紀鋼凱基98購02,0,0,0,0,0,0,0,0,0,37000,0,0,0,37000,0,37000,37000
054353,世紀鋼國泰98購01,0,0,0,0,0,0,0,0,0,37000,0,0,0,47000,10000,37000,37000
00743,國泰中國A150    ,0,43000,-43000,0,0,0,0,0,0,80000,0,0,0,82000,2000,80000,37000
062189,康控元大9B購02  ,0,0,0,0,0,0,0,0,0,37000,0,0,0,108000,71000,37000,37000
061940,世紀鋼國票9C購01,0,0,0,0,0,0,0,0,0,37000,0,0,0,92000,55000,37000,37000
059864,亞德客凱基99購01,0,0,0,0,0,0,0,0,0,37000,0,0,0,39000,2000,37000,37000
060889,國泰金統一9C購01,0,0,0,0,0,0,0,0,0,37000,0,0,0,37000,0,37000,37000
061666,友達中信01購01  ,0,0,0,0,0,0,0,0,0,37000,0,0,0,90000,53000,37000,37000
061041,南電永豐9A購03  ,0,0,0,0,0,0,0,0,0,37000,0,0,0,114000,77000,37000,37000
063478,GIS元大9B購03   ,0,0,0,0,0,0,0,0,0,37000,0,0,0,104000,67000,37000,37000
063277,大成鋼元大9B購03,0,0,0,0,0,0,0,0,0,37000,0,0,0,44000,7000,37000,37000
063366,台表科富邦9C購02,0,0,0,0,0,0,0,0,0,37000,0,0,0,42000,5000,37000,37000
061140,華擎統一9C購01  ,0,0,0,0,0,0,0,0,0,37000,0,0,0,37000,0,37000,37000
065581,寶成群益9C購01  ,0,0,0,0,0,0,0,0,0,37000,0,0,0,165000,128000,37000,37000
065051,和碩凱基02購01  ,0,0,0,0,0,0,0,0,0,37000,0,0,0,53000,16000,37000,37000
065387,台光電兆豐9C購02,0,0,0,0,0,0,0,0,0,37000,0,0,0,55000,18000,37000,37000
064353,力成元大9C購02  ,0,0,0,0,0,0,0,0,0,37000,0,0,0,45000,8000,37000,37000
063740,矽格元大9B購03  ,0,0,0,0,0,0,0,0,0,37000,0,0,0,40000,3000,37000,37000
063833,致新國票01購01  ,0,0,0,0,0,0,0,0,0,37000,0,0,0,42000,5000,37000,37000
063683,大成鋼永豐9B購01,0,0,0,0,0,0,0,0,0,37000,0,0,0,37000,0,37000,37000
4763,材料-KY         ,85000,7000,78000,0,0,0,0,0,0,-41000,0,41000,-41000,0,0,0,37000
08700P,瑞昱康和01售01  ,0,0,0,0,0,0,0,0,0,36000,0,0,0,60000,24000,36000,36000
08512P,玉晶光永豐9C售06,0,0,0,0,0,0,0,0,0,36000,0,0,0,76000,40000,36000,36000
08053P,臺股指國票9B售18,0,0,0,0,0,0,0,0,0,36000,0,0,0,36000,0,36000,36000
057662,上銀元大9A購01  ,0,0,0,0,0,0,0,0,0,36000,0,0,0,65000,29000,36000,36000
055891,鴻海統一9A購01  ,0,0,0,0,0,0,0,0,0,36000,0,0,0,89000,53000,36000,36000
063552,晶技國票9B購03  ,0,0,0,0,0,0,0,0,0,36000,0,0,0,70000,34000,36000,36000
061042,致新永豐9A購02  ,0,0,0,0,0,0,0,0,0,36000,0,0,0,54000,18000,36000,36000
059911,國巨元大99購27  ,0,0,0,0,0,0,0,0,0,36000,0,0,0,42000,6000,36000,36000
059732,超眾元大9A購01  ,0,0,0,0,0,0,0,0,0,36000,0,0,0,56000,20000,36000,36000
062855,嘉澤永豐9B購02  ,0,0,0,0,0,0,0,0,0,36000,0,0,0,195000,159000,36000,36000
063667,全新統一01購02  ,0,0,0,0,0,0,0,0,0,36000,0,0,0,118000,82000,36000,36000
064157,健鼎統一01購02  ,0,0,0,0,0,0,0,0,0,36000,0,0,0,46000,10000,36000,36000
064025,友達元大02購01  ,0,0,0,0,0,0,0,0,0,36000,0,0,0,36000,0,36000,36000
064348,TPK元大9C購03   ,0,0,0,0,0,0,0,0,0,36000,0,0,0,77000,41000,36000,36000
064894,漢唐群益9C購02  ,0,0,0,0,0,0,0,0,0,36000,0,0,0,61000,25000,36000,36000
064753,英業達凱基9C購01,0,0,0,0,0,0,0,0,0,36000,0,0,0,48000,12000,36000,36000
065297,旺宏統一02購01  ,0,0,0,0,0,0,0,0,0,36000,0,0,0,66000,30000,36000,36000
065853,智伸科元大9C購02,0,0,0,0,0,0,0,0,0,36000,0,0,0,57000,21000,36000,36000
08277P,嘉晶元富9C售02  ,0,0,0,0,0,0,0,0,0,35000,0,0,0,55000,20000,35000,35000
07442P,華航康和9A售02  ,0,0,0,0,0,0,0,0,0,35000,0,0,0,35000,0,35000,35000
07312P,台灣50元大99售10,0,0,0,0,0,0,0,0,0,35000,0,0,0,35000,0,35000,35000
08720P,台光電元大01售03,0,0,0,0,0,0,0,0,0,35000,0,0,0,35000,0,35000,35000
08571P,台積電兆豐9C售06,0,0,0,0,0,0,0,0,0,35000,0,0,0,198000,163000,35000,35000
066390,鴻海凱基02購03  ,0,0,0,0,0,0,0,0,0,35000,0,0,0,90000,55000,35000,35000
066522,建準中信01購01  ,0,0,0,0,0,0,0,0,0,35000,0,0,0,186000,151000,35000,35000
066901,台虹康和01購01  ,0,0,0,0,0,0,0,0,0,35000,0,0,0,50000,15000,35000,35000
067163,眾達國票02購01  ,0,0,0,0,0,0,0,0,0,35000,0,0,0,35000,0,35000,35000
052290,鴻海元富97購01  ,0,0,0,0,0,0,0,0,0,35000,0,0,0,35000,0,35000,35000
057835,華擎元富9B購01  ,0,0,0,0,0,0,0,0,0,35000,0,0,0,36000,1000,35000,35000
062019,嘉澤永豐9B購01  ,0,0,0,0,0,0,0,0,0,35000,0,0,0,41000,6000,35000,35000
062047,緯穎凱基9B購01  ,0,0,0,0,0,0,0,0,0,35000,0,0,0,86000,51000,35000,35000
062183,奇鋐元大9B購01  ,0,0,0,0,0,0,0,0,0,35000,0,0,0,641000,606000,35000,35000
061845,SP黃豆國票9B購02,0,0,0,0,0,0,0,0,0,35000,0,0,0,35000,0,35000,35000
062727,華擎凱基9B購03  ,0,0,0,0,0,0,0,0,0,35000,0,0,0,35000,0,35000,35000
062730,致伸凱基9B購01  ,0,0,0,0,0,0,0,0,0,35000,0,0,0,101000,66000,35000,35000
062500,國巨群益01購01  ,0,0,0,0,0,0,0,0,0,35000,0,0,0,75000,40000,35000,35000
061689,國巨群益9A購12  ,0,0,0,0,0,0,0,0,0,35000,0,0,0,86000,51000,35000,35000
063473,茂林元大9B購05  ,0,0,0,0,0,0,0,0,0,35000,0,0,0,301000,266000,35000,35000
061413,台勝科群益9A購01,0,0,0,0,0,0,0,0,0,35000,0,0,0,101000,66000,35000,35000
062917,旭富元大9C購03  ,0,0,0,0,0,0,0,0,0,35000,0,0,0,131000,96000,35000,35000
060733,和大統一9C購01  ,0,0,0,0,0,0,0,0,0,35000,0,0,0,35000,0,35000,35000
066089,文曄永豐01購01  ,0,0,0,0,0,0,0,0,0,35000,0,0,0,116000,81000,35000,35000
065928,創意國票02購01  ,0,0,0,0,0,0,0,0,0,35000,0,0,0,50000,15000,35000,35000
065012,燿華國泰02購01  ,0,0,0,0,0,0,0,0,0,35000,0,0,0,152000,117000,35000,35000
063956,神達元大9C購01  ,0,0,0,0,0,0,0,0,0,35000,0,0,0,44000,9000,35000,35000
064214,群創凱基03購01  ,0,0,0,0,0,0,0,0,0,35000,0,0,0,109000,74000,35000,35000
063816,TPK群益9C購01   ,0,0,0,0,0,0,0,0,0,35000,0,0,0,48000,13000,35000,35000
2704,國賓            ,56000,17000,39000,0,0,0,0,0,0,-4000,2000,6000,-4000,0,0,0,35000
066633,總太凱基01購01  ,0,0,0,0,0,0,0,0,0,34000,0,0,0,156000,122000,34000,34000
08647P,鴻海凱基9C售06  ,0,0,0,0,0,0,0,0,0,34000,0,0,0,79000,45000,34000,34000
08518P,世芯群益9C售03  ,0,0,0,0,0,0,0,0,0,34000,0,0,0,44000,10000,34000,34000
08454P,台灣50凱基9C售12,0,0,0,0,0,0,0,0,0,34000,0,0,0,40000,6000,34000,34000
1614,三洋電          ,65000,19000,46000,0,0,0,0,0,0,-12000,0,12000,-12000,0,0,0,34000
08215P,旺宏群益9B售04  ,0,0,0,0,0,0,0,0,0,34000,0,0,0,84000,50000,34000,34000
062186,晶技元大9B購05  ,0,0,0,0,0,0,0,0,0,34000,0,0,0,34000,0,34000,34000
061162,南電群益9A購02  ,0,0,0,0,0,0,0,0,0,34000,0,0,0,35000,1000,34000,34000
062066,元黃金元大9B購01,0,0,0,0,0,0,0,0,0,34000,0,0,0,34000,0,34000,34000
062272,鴻海群益9B購05  ,0,0,0,0,0,0,0,0,0,34000,0,0,0,61000,27000,34000,34000
062603,台化凱基9B購01  ,0,0,0,0,0,0,0,0,0,34000,0,0,0,34000,0,34000,34000
062729,神達凱基9B購02  ,0,0,0,0,0,0,0,0,0,34000,0,0,0,60000,26000,34000,34000
064715,和大統一02購03  ,0,0,0,0,0,0,0,0,0,34000,0,0,0,35000,1000,34000,34000
064334,可成元大01購01  ,0,0,0,0,0,0,0,0,0,34000,0,0,0,39000,5000,34000,34000
064366,群創統一01購01  ,0,0,0,0,0,0,0,0,0,34000,0,0,0,34000,0,34000,34000
065053,南電凱基02購01  ,0,0,0,0,0,0,0,0,0,34000,0,0,0,34000,0,34000,34000
065212,瑞儀國票01購01  ,0,0,0,0,0,0,0,0,0,34000,0,0,0,35000,1000,34000,34000
065389,聯茂兆豐9C購01  ,0,0,0,0,0,0,0,0,0,34000,0,0,0,38000,4000,34000,34000
08424P,群創元富9C售03  ,0,0,0,0,0,0,0,0,0,33000,0,0,0,33000,0,33000,33000
08407P,臺股指元大9C售13,0,0,0,0,0,0,0,0,0,33000,0,0,0,33000,0,33000,33000
066540,景碩兆豐01購02  ,0,0,0,0,0,0,0,0,0,33000,0,0,0,33000,0,33000,33000
066224,眾達國泰03購01  ,0,0,0,0,0,0,0,0,0,33000,0,0,0,33000,0,33000,33000
066931,友達國票02購01  ,0,0,0,0,0,0,0,0,0,33000,0,0,0,33000,0,33000,33000
067027,日月光兆豐03購01,0,0,0,0,0,0,0,0,0,33000,0,0,0,33000,0,33000,33000
062148,奇鋐國票9B購01  ,0,0,0,0,0,0,0,0,0,33000,0,0,0,56000,23000,33000,33000
061913,宏碁中信9B購01  ,0,0,0,0,0,0,0,0,0,33000,0,0,0,48000,15000,33000,33000
058372,欣興凱基99購03  ,0,0,0,0,0,0,0,0,0,33000,0,0,0,33000,0,33000,33000
061657,智原國票9A購01  ,0,0,0,0,0,0,0,0,0,33000,0,0,0,33000,0,33000,33000
063111,TPK兆豐9B購01   ,0,0,0,0,0,0,0,0,0,33000,0,0,0,133000,100000,33000,33000
063396,金像電群益9C購01,0,0,0,0,0,0,0,0,0,33000,0,0,0,189000,156000,33000,33000
06327P,台積電中信01售01,0,0,0,0,0,0,0,0,0,33000,0,0,0,45000,12000,33000,33000
065167,華通元大02購01  ,0,0,0,0,0,0,0,0,0,33000,0,0,0,36000,3000,33000,33000
065153,金像電群益9C購03,0,0,0,0,0,0,0,0,0,33000,0,0,0,33000,0,33000,33000
065938,文曄群益01購01  ,0,0,0,0,0,0,0,0,0,33000,0,0,0,42000,9000,33000,33000
065795,康友永豐9C購02  ,0,0,0,0,0,0,0,0,0,33000,0,0,0,133000,100000,33000,33000
064429,鴻海凱基03購03  ,0,0,0,0,0,0,0,0,0,33000,0,0,0,40000,7000,33000,33000
064669,健策元大01購03  ,0,0,0,0,0,0,0,0,0,33000,0,0,0,82000,49000,33000,33000
3622,洋華            ,113000,69000,44000,0,0,0,0,0,0,-11000,0,11000,-11000,0,0,0,33000
3094,聯傑            ,94000,66000,28000,0,0,0,7000,0,7000,-2000,0,2000,-2000,0,0,0,33000
067016,康控富邦04購01  ,0,0,0,0,0,0,0,0,0,32000,0,0,0,55000,23000,32000,32000
066686,鴻海元富07購05  ,0,0,0,0,0,0,0,0,0,32000,0,0,0,64000,32000,32000,32000
08344P,旺宏元大01售02  ,0,0,0,0,0,0,0,0,0,32000,0,0,0,43000,11000,32000,32000
07757P,國巨國票9B售04  ,0,0,0,0,0,0,0,0,0,32000,0,0,0,32000,0,32000,32000
058324,嘉聯益永豐9A購01,0,0,0,0,0,0,0,0,0,32000,0,0,0,62000,30000,32000,32000
057878,台郡元大99購04  ,0,0,0,0,0,0,0,0,0,32000,0,0,0,40000,8000,32000,32000
057782,台積電國票99購07,0,0,0,0,0,0,0,0,0,32000,0,0,0,33000,1000,32000,32000
054534,台積電富邦98購03,0,0,0,0,0,0,0,0,0,32000,0,0,0,37000,5000,32000,32000
056685,光罩統一98購03  ,0,0,0,0,0,0,0,0,0,32000,0,0,0,32000,0,32000,32000
056330,玉晶光國票99購03,0,0,0,0,0,0,0,0,0,32000,0,0,0,32000,0,32000,32000
055679,華通凱基99購01  ,0,0,0,0,0,0,0,0,0,32000,0,0,0,47000,15000,32000,32000
063525,廣達凱基9B購02  ,0,0,0,0,0,0,0,0,0,32000,0,0,0,85000,53000,32000,32000
063092,聯發科中信9B購03,0,0,0,0,0,0,0,0,0,32000,0,0,0,34000,2000,32000,32000
060493,美律元富01購01  ,0,0,0,0,0,0,0,0,0,32000,0,0,0,85000,53000,32000,32000
060602,京元電凱基9A購01,0,0,0,0,0,0,0,0,0,32000,0,0,0,32000,0,32000,32000
062121,奇鋐台新9B購01  ,0,0,0,0,0,0,0,0,0,32000,0,0,0,61000,29000,32000,32000
060905,台積電元大9A購20,0,0,0,0,0,0,0,0,0,32000,0,0,0,33000,1000,32000,32000
064377,宏達電元富9C購01,0,0,0,0,0,0,0,0,0,32000,0,0,0,100000,68000,32000,32000
063631,燿華元大9B購06  ,0,0,0,0,0,0,0,0,0,32000,0,0,0,35000,3000,32000,32000
063605,健策凱基9C購02  ,0,0,0,0,0,0,0,0,0,32000,0,0,0,40000,8000,32000,32000
065190,緯穎統一9C購02  ,0,0,0,0,0,0,0,0,0,32000,0,0,0,32000,0,32000,32000
065024,華擎永豐9C購01  ,0,0,0,0,0,0,0,0,0,32000,0,0,0,32000,0,32000,32000
065343,智邦統一01購03  ,0,0,0,0,0,0,0,0,0,32000,0,0,0,90000,58000,32000,32000
065508,大成鋼群益01購01,0,0,0,0,0,0,0,0,0,32000,0,0,0,32000,0,32000,32000
4536,拓凱            ,103000,80000,23000,0,0,0,6000,0,6000,3000,16000,16000,0,9000,6000,3000,32000
1626,艾美特-KY       ,45000,9576,35424,0,0,0,0,0,0,-4000,0,4000,-4000,0,0,0,31424
06658P,台灣50富邦9C售01,0,0,0,0,0,0,0,0,0,31000,0,0,0,82000,51000,31000,31000
066209,聯鈞統一03購01  ,0,0,0,0,0,0,0,0,0,31000,0,0,0,31000,0,31000,31000
066250,大成鋼元大01購01,0,0,0,0,0,0,0,0,0,31000,0,0,0,31000,0,31000,31000
066870,宏達電元富01購01,0,0,0,0,0,0,0,0,0,31000,0,0,0,32000,1000,31000,31000
055486,國巨元大98購06  ,0,0,0,0,0,0,0,0,0,31000,0,0,0,41000,10000,31000,31000
055320,建準國票98購01  ,0,0,0,0,0,0,0,0,0,31000,0,0,0,31000,0,31000,31000
061960,國巨統一01購05  ,0,0,0,0,0,0,0,0,0,31000,0,0,0,31000,0,31000,31000
062020,智伸科永豐9B購01,0,0,0,0,0,0,0,0,0,31000,0,0,0,68000,37000,31000,31000
058699,楠梓電元大99購02,0,0,0,0,0,0,0,0,0,31000,0,0,0,31000,0,31000,31000
062072,國巨元大9B購05  ,0,0,0,0,0,0,0,0,0,31000,0,0,0,33000,2000,31000,31000
061697,世紀鋼群益9A購03,0,0,0,0,0,0,0,0,0,31000,0,0,0,156000,125000,31000,31000
062688,華擎統一01購03  ,0,0,0,0,0,0,0,0,0,31000,0,0,0,107000,76000,31000,31000
060782,道瓊指富邦9C購01,0,0,0,0,0,0,0,0,0,31000,0,0,0,43000,12000,31000,31000
061335,國巨元大9A購19  ,0,0,0,0,0,0,0,0,0,31000,0,0,0,38000,7000,31000,31000
061545,華新科群益9A購09,0,0,0,0,0,0,0,0,0,31000,0,0,0,33000,2000,31000,31000
063280,燿華元大9B購05  ,0,0,0,0,0,0,0,0,0,31000,0,0,0,34000,3000,31000,31000
065393,旺宏群益9C購04  ,0,0,0,0,0,0,0,0,0,31000,0,0,0,43000,12000,31000,31000
065240,矽創凱基01購01  ,0,0,0,0,0,0,0,0,0,31000,0,0,0,60000,29000,31000,31000
065221,神隆永豐9C購01  ,0,0,0,0,0,0,0,0,0,31000,0,0,0,62000,31000,31000,31000
065907,南亞科永豐9C購01,0,0,0,0,0,0,0,0,0,31000,0,0,0,31000,0,31000,31000
065899,神基麥證9C購02  ,0,0,0,31000,0,31000,0,0,0,31000,0,0,0,31000,0,31000,31000
063772,智邦富邦9B購02  ,0,0,0,0,0,0,0,0,0,31000,0,0,0,34000,3000,31000,31000
064152,義隆統一02購02  ,0,0,0,0,0,0,0,0,0,31000,0,0,0,31000,0,31000,31000
063916,瀚宇博凱基01購01,0,0,0,0,0,0,0,0,0,31000,0,0,0,129000,98000,31000,31000
064064,義隆富邦03購01  ,0,0,0,0,0,0,0,0,0,31000,0,0,0,37000,6000,31000,31000
064510,GIS元大01購01   ,0,0,0,0,0,0,0,0,0,31000,0,0,0,90000,59000,31000,31000
4426,利勤            ,183000,156000,27000,0,0,0,0,0,0,4000,1000,3000,-2000,6000,0,6000,31000
2352,佳世達          ,359000,301000,58000,0,0,0,8000,0,8000,-35000,2000,37000,-35000,0,0,0,31000
066889,元大金中信07購01,0,0,0,0,0,0,0,0,0,30000,0,0,0,30000,0,30000,30000
067096,滬深2X群益01購06,0,0,0,0,0,0,0,0,0,30000,0,0,0,30000,0,30000,30000
06876P,台灣50兆豐9B售01,0,0,0,0,0,0,0,0,0,30000,0,0,0,40000,10000,30000,30000
066227,惠特國泰03購02  ,0,0,0,0,0,0,0,0,0,30000,0,0,0,30000,0,30000,30000
066179,智伸科凱基01購01,0,0,0,0,0,0,0,0,0,30000,0,0,0,86000,56000,30000,30000
1526,日馳            ,123000,91000,32000,0,0,0,0,0,0,-2000,0,2000,-2000,0,0,0,30000
08751P,友達群益01售01  ,0,0,0,0,0,0,0,0,0,30000,0,0,0,30000,0,30000,30000
08421P,台積電群益9C售10,0,0,0,0,0,0,0,0,0,30000,0,0,0,30000,0,30000,30000
08496P,金像電國票01售02,0,0,0,0,0,0,0,0,0,30000,0,0,0,30000,0,30000,30000
08565P,聯發科群益9C售12,0,0,0,0,0,0,0,0,0,30000,0,0,0,30000,0,30000,30000
08581P,臺股指元大9C售29,0,0,0,0,0,0,0,0,0,30000,0,0,0,35000,5000,30000,30000
07720P,臺股指群益9A售09,0,0,0,0,0,0,0,0,0,30000,0,0,0,30000,0,30000,30000
07715P,台灣50群益9A售14,0,0,0,0,0,0,0,0,0,30000,0,0,0,30000,0,30000,30000
07659P,中租凱基9A售02  ,0,0,0,0,0,0,0,0,0,30000,0,0,0,30000,0,30000,30000
07836P,大成鋼元大9A售01,0,0,0,0,0,0,0,0,0,30000,0,0,0,30000,0,30000,30000
07373P,A50正2元大99售01,0,0,0,0,0,0,0,0,0,30000,0,0,0,30000,0,30000,30000
08239P,南六永豐9B售03  ,0,0,0,0,0,0,0,0,0,30000,0,0,0,30000,0,30000,30000
08054P,臺股指國票9B售19,0,0,0,0,0,0,0,0,0,30000,0,0,0,80000,50000,30000,30000
058428,大立光元富99購02,0,0,0,0,0,0,0,0,0,30000,0,0,0,31000,1000,30000,30000
059166,友達凱基99購05  ,0,0,0,0,0,0,0,0,0,30000,0,0,0,40000,10000,30000,30000
057024,義隆凱基99購01  ,0,0,0,0,0,0,0,0,0,30000,0,0,0,30000,0,30000,30000
057096,緯穎元富98購01  ,0,0,0,0,0,0,0,0,0,30000,0,0,0,30000,0,30000,30000
057317,技嘉凱基98購02  ,0,0,0,0,0,0,0,0,0,30000,0,0,0,176000,146000,30000,30000
058239,景碩元大99購03  ,0,0,0,0,0,0,0,0,0,30000,0,0,0,50000,20000,30000,30000
061955,FANG+統一9B購01 ,0,0,0,0,0,0,0,0,0,30000,0,0,0,31000,1000,30000,30000
061965,台積電統一02購02,0,0,0,0,0,0,0,0,0,30000,0,0,0,40000,10000,30000,30000
061606,景碩凱基9A購02  ,0,0,0,0,0,0,0,0,0,30000,0,0,0,43000,13000,30000,30000
061614,亞德客群益9A購01,0,0,0,0,0,0,0,0,0,30000,0,0,0,30000,0,30000,30000
061599,元金反中信9C購01,0,0,0,0,0,0,0,0,0,30000,0,0,0,30000,0,30000,30000
057763,康控凱基99購02  ,0,0,0,0,0,0,0,0,0,30000,0,0,0,110000,80000,30000,30000
057583,啟碁中信9A購01  ,0,0,0,0,0,0,0,0,0,30000,0,0,0,30000,0,30000,30000
058319,大毅永豐9A購01  ,0,0,0,0,0,0,0,0,0,30000,0,0,0,30000,0,30000,30000
058096,南電元大98購04  ,0,0,0,0,0,0,0,0,0,30000,0,0,0,41000,11000,30000,30000
058925,旭富元富99購02  ,0,0,0,0,0,0,0,0,0,30000,0,0,0,40000,10000,30000,30000
056286,奇鋐永豐97購01  ,0,0,0,0,0,0,0,0,0,30000,0,0,0,30000,0,30000,30000
056593,台積電元富98購02,0,0,0,0,0,0,0,0,0,30000,0,0,0,40000,10000,30000,30000
056601,鈺齊元富98購01  ,0,0,0,0,0,0,0,0,0,30000,0,0,0,30000,0,30000,30000
055933,欣興群益98購02  ,0,0,0,0,0,0,0,0,0,30000,0,0,0,82000,52000,30000,30000
056526,力山凱基98購01  ,0,0,0,0,0,0,0,0,0,30000,0,0,0,30000,0,30000,30000
056820,欣興永豐98購02  ,0,0,0,0,0,0,0,0,0,30000,0,0,0,30000,0,30000,30000
056782,鴻海群益98購04  ,0,0,0,0,0,0,0,0,0,30000,0,0,0,30000,0,30000,30000
052893,聯電群益98購01  ,0,0,0,0,0,0,0,0,0,30000,0,0,0,30000,0,30000,30000
050801,元金2X群益98購01,0,0,0,0,0,0,0,0,0,30000,0,0,0,30000,0,30000,30000
053294,聯發科中信9C購01,0,0,0,0,0,0,0,0,0,30000,0,0,0,30000,0,30000,30000
056723,國巨中信9A購01  ,0,0,0,0,0,0,0,0,0,30000,0,0,0,30000,0,30000,30000
00702,國泰標普低波高息,3000,0,3000,0,0,0,0,0,0,27000,0,0,0,27000,0,27000,30000
01009T,王道圓滿R1      ,0,0,0,0,0,0,0,0,0,30000,30000,0,30000,0,0,0,30000
063313,南亞科群益9B購02,0,0,0,0,0,0,0,0,0,30000,0,0,0,30000,0,30000,30000
063524,瑞昱凱基9B購05  ,0,0,0,0,0,0,0,0,0,30000,0,0,0,30000,0,30000,30000
063503,香港反中信9C購01,0,0,0,0,0,0,0,0,0,30000,0,0,0,30000,0,30000,30000
063464,廣達元大9B購02  ,0,0,0,0,0,0,0,0,0,30000,0,0,0,37000,7000,30000,30000
063425,台勝科凱基9B購02,0,0,0,0,0,0,0,0,0,30000,0,0,0,62000,32000,30000,30000
061435,元金2X凱基9C購03,0,0,0,0,0,0,0,0,0,30000,0,0,0,30000,0,30000,30000
061476,大毅元大9A購02  ,0,0,0,0,0,0,0,0,0,30000,0,0,0,30000,0,30000,30000
063164,聯發科永豐9B購03,0,0,0,0,0,0,0,0,0,30000,0,0,0,30000,0,30000,30000
063198,仁寶統一01購02  ,0,0,0,0,0,0,0,0,0,30000,0,0,0,299000,269000,30000,30000
061330,T50反1元大9A購14,0,0,0,0,0,0,0,0,0,30000,0,0,0,30000,0,30000,30000
061254,道瓊反凱基9A購02,0,0,0,0,0,0,0,0,0,30000,0,0,0,30000,0,30000,30000
060767,世紀鋼元大9A購02,0,0,0,0,0,0,0,0,0,30000,0,0,0,30000,0,30000,30000
060747,聯鈞國票9A購02  ,0,0,0,0,0,0,0,0,0,30000,0,0,0,30000,0,30000,30000
060872,高股息中信02購01,0,0,0,0,0,0,0,0,0,30000,0,0,0,30000,0,30000,30000
062499,鴻海群益01購01  ,0,0,0,0,0,0,0,0,0,30000,0,0,0,50000,20000,30000,30000
062829,泰碩群益9B購01  ,0,0,0,0,0,0,0,0,0,30000,0,0,0,50000,20000,30000,30000
059629,友達凱基99購06  ,0,0,0,0,0,0,0,0,0,30000,0,0,0,30000,0,30000,30000
059913,台積電元大99購44,0,0,0,0,0,0,0,0,0,30000,0,0,0,30000,0,30000,30000
059869,友達凱基99購07  ,0,0,0,0,0,0,0,0,0,30000,0,0,0,30000,0,30000,30000
059870,全新凱基99購05  ,0,0,0,0,0,0,0,0,0,30000,0,0,0,40000,10000,30000,30000
062400,晶豪科永豐9B購02,0,0,0,0,0,0,0,0,0,30000,0,0,0,30000,0,30000,30000
062464,T50反1凱基9C購03,0,0,0,0,0,0,0,0,0,30000,0,0,0,110000,80000,30000,30000
064615,智邦元大01購01  ,0,0,0,0,0,0,0,0,0,30000,0,0,0,30000,0,30000,30000
064016,南六國票01購01  ,0,0,0,0,0,0,0,0,0,30000,0,0,0,30000,0,30000,30000
063850,玉晶光元大9C購07,0,0,0,0,0,0,0,0,0,30000,0,0,0,30000,0,30000,30000
063692,華擎永豐9B購02  ,0,0,0,0,0,0,0,0,0,30000,0,0,0,30000,0,30000,30000
065731,群創凱基03購02  ,0,0,0,0,0,0,0,0,0,30000,0,0,0,42000,12000,30000,30000
065832,貿聯凱基02購03  ,0,0,0,0,0,0,0,0,0,30000,0,0,0,90000,60000,30000,30000
065654,台表科元大9C購12,0,0,0,0,0,0,0,0,0,30000,0,0,0,65000,35000,30000,30000
065136,正隆凱基9C購01  ,0,0,0,0,0,0,0,0,0,30000,0,0,0,161000,131000,30000,30000
064922,玉晶光統一01購10,0,0,0,0,0,0,0,0,0,30000,0,0,0,30000,0,30000,30000
065367,技嘉元大01購01  ,0,0,0,0,0,0,0,0,0,30000,0,0,0,143000,113000,30000,30000
065399,新日興群益01購01,0,0,0,0,0,0,0,0,0,30000,0,0,0,30000,0,30000,30000
2427,三商電          ,33000,1000,32000,0,0,0,0,0,0,-2000,0,2000,-2000,0,0,0,30000
8103,瀚荃            ,145000,106000,39000,0,0,0,0,0,0,-9000,0,9000,-9000,0,0,0,30000
07990P,緯穎凱基9B售02  ,0,0,0,0,0,0,0,0,0,29000,0,0,0,66000,37000,29000,29000
066508,世紀鋼富邦03購01,0,0,0,0,0,0,0,0,0,29000,0,0,0,52000,23000,29000,29000
066965,鴻海元富07購07  ,0,0,0,0,0,0,0,0,0,29000,0,0,0,30000,1000,29000,29000
054169,上緯控凱基98購01,0,0,0,0,0,0,0,0,0,29000,0,0,0,200000,171000,29000,29000
054074,健策富邦98購01  ,0,0,0,0,0,0,0,0,0,29000,0,0,0,29000,0,29000,29000
056726,友達日盛9A購01  ,0,0,0,0,0,0,0,0,0,29000,0,0,0,29000,0,29000,29000
055652,聯詠元富01購01  ,0,0,0,0,0,0,0,0,0,29000,0,0,0,76000,47000,29000,29000
058878,旭富國泰9B購01  ,0,0,0,0,0,0,0,0,0,29000,0,0,0,93000,64000,29000,29000
058351,上銀凱基9A購02  ,0,0,0,0,0,0,0,0,0,29000,0,0,0,333000,304000,29000,29000
057494,玉晶光元大99購09,0,0,0,0,0,0,0,0,0,29000,0,0,0,47000,18000,29000,29000
062150,南六國票9B購01  ,0,0,0,0,0,0,0,0,0,29000,0,0,0,60000,31000,29000,29000
057270,遠東新元大98購01,0,0,0,0,0,0,0,0,0,29000,0,0,0,29000,0,29000,29000
058517,景碩元大99購06  ,0,0,0,0,0,0,0,0,0,29000,0,0,0,48000,19000,29000,29000
060416,神隆永豐9A購01  ,0,0,0,0,0,0,0,0,0,29000,0,0,0,75000,46000,29000,29000
060450,南亞元大9A購02  ,0,0,0,0,0,0,0,0,0,29000,0,0,0,81000,52000,29000,29000
060631,微星富邦9B購01  ,0,0,0,0,0,0,0,0,0,29000,0,0,0,39000,10000,29000,29000
060334,群光康和9A購01  ,0,0,0,0,0,0,0,0,0,29000,0,0,0,29000,0,29000,29000
065872,漢翔群益9C購01  ,0,0,0,0,0,0,0,0,0,29000,0,0,0,41000,12000,29000,29000
066029,神達群益02購01  ,0,0,0,0,0,0,0,0,0,29000,0,0,0,29000,0,29000,29000
066109,南電國票02購01  ,0,0,0,0,0,0,0,0,0,29000,0,0,0,62000,33000,29000,29000
064600,技嘉元富9C購01  ,0,0,0,0,0,0,0,0,0,29000,0,0,0,29000,0,29000,29000
064745,聯鈞國票01購01  ,0,0,0,0,0,0,0,0,0,29000,0,0,0,213000,184000,29000,29000
064813,祥碩元大9C購05  ,0,0,0,0,0,0,0,0,0,29000,0,0,0,120000,91000,29000,29000
066641,台郡凱基03購01  ,0,0,0,0,0,0,0,0,0,28000,0,0,0,30000,2000,28000,28000
066383,臻鼎康和01購01  ,0,0,0,0,0,0,0,0,0,28000,0,0,0,48000,20000,28000,28000
066344,拓凱永豐01購01  ,0,0,0,0,0,0,0,0,0,28000,0,0,0,96000,68000,28000,28000
08766P,臺股指中信03售03,0,0,0,0,0,0,0,0,0,28000,0,0,0,229000,201000,28000,28000
1473,台南            ,56000,24000,32000,0,0,0,0,0,0,-4000,1000,5000,-4000,0,0,0,28000
062213,和大統一9B購02  ,0,0,0,0,0,0,0,0,0,28000,0,0,0,35000,7000,28000,28000
057926,帆宣凱基98購02  ,0,0,0,0,0,0,0,0,0,28000,0,0,0,65000,37000,28000,28000
055456,上銀富邦99購01  ,0,0,0,0,0,0,0,0,0,28000,0,0,0,28000,0,28000,28000
055104,台達電凱基98購01,0,0,0,0,0,0,0,0,0,28000,0,0,0,38000,10000,28000,28000
05901P,臺股指凱基9C售01,0,0,0,0,0,0,0,0,0,28000,0,0,0,28000,0,28000,28000
056333,台積電日盛9B購01,0,0,0,0,0,0,0,0,0,28000,0,0,0,33000,5000,28000,28000
060389,世紀鋼凱基9B購02,0,0,0,0,0,0,0,0,0,28000,0,0,0,38000,10000,28000,28000
06105P,國巨國票98售02  ,0,0,0,0,0,0,0,0,0,28000,0,0,0,28000,0,28000,28000
063497,東元永豐9B購01  ,0,0,0,0,0,0,0,0,0,28000,0,0,0,28000,0,28000,28000
063348,祥碩統一01購04  ,0,0,0,0,0,0,0,0,0,28000,0,0,0,30000,2000,28000,28000
062475,道瓊反國票9B購02,0,0,0,0,0,0,0,0,0,28000,0,0,0,28000,0,28000,28000
062444,大立光元大9C購01,0,0,0,0,0,0,0,0,0,28000,0,0,0,52000,24000,28000,28000
062100,矽格永豐9B購01  ,0,0,0,0,0,0,0,0,0,28000,0,0,0,28000,0,28000,28000
059644,茂林凱基99購03  ,0,0,0,0,0,0,0,0,0,28000,0,0,0,28000,0,28000,28000
062858,微星國票9B購01  ,0,0,0,0,0,0,0,0,0,28000,0,0,0,38000,10000,28000,28000
064680,創意兆豐01購01  ,0,0,0,0,0,0,0,0,0,28000,0,0,0,43000,15000,28000,28000
064549,神基凱基9C購01  ,0,0,0,0,0,0,0,0,0,28000,0,0,0,28000,0,28000,28000
064547,宏達電凱基9C購01,0,0,0,0,0,0,0,0,0,28000,0,0,0,80000,52000,28000,28000
063606,TPK凱基9C購01   ,0,0,0,0,0,0,0,0,0,28000,0,0,0,63000,35000,28000,28000
063885,南六元富9C購01  ,0,0,0,0,0,0,0,0,0,28000,0,0,0,28000,0,28000,28000
063736,大立光元大9B購08,0,0,0,0,0,0,0,0,0,28000,0,0,0,28000,0,28000,28000
065999,燿華國票02購01  ,0,0,0,0,0,0,0,0,0,28000,0,0,0,28000,0,28000,28000
065871,南亞科群益9C購03,0,0,0,0,0,0,0,0,0,28000,0,0,0,37000,9000,28000,28000
065730,新日興凱基9C購01,0,0,0,0,0,0,0,0,0,28000,0,0,0,29000,1000,28000,28000
065379,立積元大01購01  ,0,0,0,0,0,0,0,0,0,28000,0,0,0,50000,22000,28000,28000
065234,旭富凱基01購01  ,0,0,0,0,0,0,0,0,0,28000,0,0,0,98000,70000,28000,28000
065168,台積電元大02購02,0,0,0,0,0,0,0,0,0,28000,0,0,0,35000,7000,28000,28000
8028,昇陽半導體      ,256000,208000,48000,0,0,0,0,0,0,-20000,1000,27000,-26000,6000,0,6000,28000
3257,虹冠電          ,98000,75000,23000,0,0,0,5000,0,5000,0,0,0,0,0,0,0,28000
3018,同開            ,31000,6000,25000,0,0,0,0,0,0,3000,3000,0,3000,0,0,0,28000
08642P,華新科群益9C售06,0,0,0,0,0,0,0,0,0,27000,0,0,0,50000,23000,27000,27000
08535P,和大國票01售02  ,0,0,0,0,0,0,0,0,0,27000,0,0,0,127000,100000,27000,27000
07863P,華新科凱基9B售07,0,0,0,0,0,0,0,0,0,27000,0,0,0,27000,0,27000,27000
07864P,可成元大9B售01  ,0,0,0,0,0,0,0,0,0,27000,0,0,0,227000,200000,27000,27000
067193,台表科凱基03購02,0,0,0,0,0,0,0,0,0,27000,0,0,0,27000,0,27000,27000
057664,台積電元大9A購03,0,0,0,0,0,0,0,0,0,27000,0,0,0,53000,26000,27000,27000
058373,晶技凱基99購02  ,0,0,0,0,0,0,0,0,0,27000,0,0,0,27000,0,27000,27000
058333,鴻海元富99購04  ,0,0,0,0,0,0,0,0,0,27000,0,0,0,36000,9000,27000,27000
058312,大毅國泰9B購01  ,0,0,0,0,0,0,0,0,0,27000,0,0,0,35000,8000,27000,27000
059386,上銀凱基99購07  ,0,0,0,0,0,0,0,0,0,27000,0,0,0,27000,0,27000,27000
061347,創意元大9A購02  ,0,0,0,0,0,0,0,0,0,27000,0,0,0,44000,17000,27000,27000
065842,技嘉元大9C購05  ,0,0,0,0,0,0,0,0,0,27000,0,0,0,183000,156000,27000,27000
065995,台虹永豐01購01  ,0,0,0,0,0,0,0,0,0,27000,0,0,0,67000,40000,27000,27000
065927,智原國票02購01  ,0,0,0,0,0,0,0,0,0,27000,0,0,0,31000,4000,27000,27000
064408,TPK凱基02購01   ,0,0,0,0,0,0,0,0,0,27000,0,0,0,74000,47000,27000,27000
064776,金像電群益01購01,0,0,0,0,0,0,0,0,0,27000,0,0,0,149000,122000,27000,27000
2007,燁興            ,29000,2000,27000,0,0,0,0,0,0,0,0,0,0,0,0,0,27000
6177,達麗            ,203000,167000,36000,0,0,0,0,0,0,-9000,1000,6000,-5000,0,4000,-4000,27000
06726P,欣興元富98售04  ,0,0,0,0,0,0,0,0,0,26000,0,0,0,26000,0,26000,26000
067036,南電康和01購02  ,0,0,0,0,0,0,0,0,0,26000,0,0,0,133000,107000,26000,26000
1466,聚隆            ,82000,52000,30000,0,0,0,0,0,0,-4000,0,4000,-4000,0,0,0,26000
057868,大立光凱基98購18,0,0,0,0,0,0,0,0,0,26000,0,0,0,26000,0,26000,26000
057544,鴻海凱基02購01  ,0,0,0,0,0,0,0,0,0,26000,0,0,0,443000,417000,26000,26000
061869,智邦元大9B購01  ,0,0,0,0,0,0,0,0,0,26000,0,0,0,107000,81000,26000,26000
062158,禾伸堂凱基9B購01,0,0,0,0,0,0,0,0,0,26000,0,0,0,36000,10000,26000,26000
061963,台積電統一01購04,0,0,0,0,0,0,0,0,0,26000,0,0,0,38000,12000,26000,26000
061932,上銀國票9B購01  ,0,0,0,0,0,0,0,0,0,26000,0,0,0,65000,39000,26000,26000
061907,裕隆中信9B購01  ,0,0,0,0,0,0,0,0,0,26000,0,0,0,46000,20000,26000,26000
058391,T50反1元大99購02,0,0,0,0,0,0,0,0,0,26000,0,0,0,26000,0,26000,26000
058074,欣興凱基99購01  ,0,0,0,0,0,0,0,0,0,26000,0,0,0,27000,1000,26000,26000
063347,祥碩統一01購03  ,0,0,0,0,0,0,0,0,0,26000,0,0,0,171000,145000,26000,26000
062743,微星國泰01購01  ,0,0,0,0,0,0,0,0,0,26000,0,0,0,44000,18000,26000,26000
062565,漢唐中信9C購01  ,0,0,0,0,0,0,0,0,0,26000,0,0,0,96000,70000,26000,26000
062650,南電富邦01購01  ,0,0,0,0,0,0,0,0,0,26000,0,0,0,80000,54000,26000,26000
061754,晶技麥證9B購01  ,0,0,0,76000,50000,26000,0,0,0,26000,0,0,0,76000,50000,26000,26000
064763,祥碩凱基02購01  ,0,0,0,0,0,0,0,0,0,26000,0,0,0,30000,4000,26000,26000
064211,友達凱基02購01  ,0,0,0,0,0,0,0,0,0,26000,0,0,0,36000,10000,26000,26000
065326,華擎凱基02購01  ,0,0,0,0,0,0,0,0,0,26000,0,0,0,56000,30000,26000,26000
6215,和椿            ,52000,23000,29000,0,0,0,0,0,0,-3000,0,3000,-3000,0,0,0,26000
2030,彰源            ,44000,10000,34000,0,0,0,0,0,0,-8000,0,8000,-8000,0,0,0,26000
2017,官田鋼          ,53000,13000,40000,0,0,0,0,0,0,-14000,2000,16000,-14000,0,0,0,26000
2636,台驊投控        ,136000,110000,26000,0,0,0,0,0,0,0,0,0,0,0,0,0,26000
08495P,同欣電元大9C售08,0,0,0,0,0,0,0,0,0,25000,0,0,0,25000,0,25000,25000
07590P,玉晶光國票9A售03,0,0,0,0,0,0,0,0,0,25000,0,0,0,75000,50000,25000,25000
07218P,臺股指凱基99售31,0,0,0,0,0,0,0,0,0,25000,0,0,0,55000,30000,25000,25000
08190P,宏達電元富9B售04,0,0,0,0,0,0,0,0,0,25000,0,0,0,32000,7000,25000,25000
08336P,聯發科中信9C售05,0,0,0,0,0,0,0,0,0,25000,0,0,0,35000,10000,25000,25000
066514,盟立永豐01購01  ,0,0,0,0,0,0,0,0,0,25000,0,0,0,45000,20000,25000,25000
055415,禾伸堂富邦9B購01,0,0,0,0,0,0,0,0,0,25000,0,0,0,141000,116000,25000,25000
058048,群創元大9B購07  ,0,0,0,0,0,0,0,0,0,25000,0,0,0,25000,0,25000,25000
056910,超眾元大99購02  ,0,0,0,0,0,0,0,0,0,25000,0,0,0,93000,68000,25000,25000
054807,台化元大9A購02  ,0,0,0,0,0,0,0,0,0,25000,0,0,0,25000,0,25000,25000
059067,上銀國票9A購02  ,0,0,0,0,0,0,0,0,0,25000,0,0,0,26000,1000,25000,25000
062037,華新凱基9B購01  ,0,0,0,0,0,0,0,0,0,25000,0,0,0,95000,70000,25000,25000
062046,矽格凱基9B購01  ,0,0,0,0,0,0,0,0,0,25000,0,0,0,85000,60000,25000,25000
062178,上銀元大9B購03  ,0,0,0,0,0,0,0,0,0,25000,0,0,0,67000,42000,25000,25000
061682,南電元大9B購01  ,0,0,0,0,0,0,0,0,0,25000,0,0,0,26000,1000,25000,25000
060963,禾伸堂凱基9A購01,0,0,0,0,0,0,0,0,0,25000,0,0,0,50000,25000,25000,25000
060983,南亞科元大9A購06,0,0,0,0,0,0,0,0,0,25000,0,0,0,25000,0,25000,25000
062643,緯穎國票9B購01  ,0,0,0,0,0,0,0,0,0,25000,0,0,0,25000,0,25000,25000
062599,鴻海台新9B購01  ,0,0,0,0,0,0,0,0,0,25000,0,0,0,48000,23000,25000,25000
061531,奇鋐台新9A購01  ,0,0,0,0,0,0,0,0,0,25000,0,0,0,35000,10000,25000,25000
063012,技嘉元大9B購01  ,0,0,0,0,0,0,0,0,0,25000,0,0,0,30000,5000,25000,25000
065473,鴻海元大9C購14  ,0,0,0,0,0,0,0,0,0,25000,0,0,0,129000,104000,25000,25000
064131,群創元大01購02  ,0,0,0,0,0,0,0,0,0,25000,0,0,0,37000,12000,25000,25000
063882,玉晶光元富9C購01,0,0,0,0,0,0,0,0,0,25000,0,0,0,25000,0,25000,25000
063650,矽創元大9B購03  ,0,0,0,0,0,0,0,0,0,25000,0,0,0,103000,78000,25000,25000
064820,裕隆統一9C購01  ,0,0,0,0,0,0,0,0,0,25000,0,0,0,355000,330000,25000,25000
064699,臻鼎群益9C購01  ,0,0,0,0,0,0,0,0,0,25000,0,0,0,27000,2000,25000,25000
064376,美律元富9C購01  ,0,0,0,0,0,0,0,0,0,25000,0,0,0,75000,50000,25000,25000
064368,日月光統一01購01,0,0,0,0,0,0,0,0,0,25000,0,0,0,57000,32000,25000,25000
064344,緯創元大9C購01  ,0,0,0,0,0,0,0,0,0,25000,0,0,0,29000,4000,25000,25000
2059,川湖            ,64000,31000,33000,0,0,0,0,0,0,-8000,0,4000,-4000,0,4000,-4000,25000
6715,嘉基            ,71000,46000,25000,0,0,0,0,0,0,0,3000,0,3000,2000,5000,-3000,25000
066905,台積電凱基03購03,0,0,0,0,0,0,0,0,0,24000,0,0,0,143000,119000,24000,24000
07977P,華新科群益01售01,0,0,0,0,0,0,0,0,0,24000,0,0,0,24000,0,24000,24000
07903P,台積電群益9B售03,0,0,0,0,0,0,0,0,0,24000,0,0,0,25000,1000,24000,24000
07545P,玉晶光凱基9A售07,0,0,0,0,0,0,0,0,0,24000,0,0,0,24000,0,24000,24000
08516P,技嘉群益01售02  ,0,0,0,0,0,0,0,0,0,24000,0,0,0,124000,100000,24000,24000
08674P,嘉晶元富07售02  ,0,0,0,0,0,0,0,0,0,24000,0,0,0,24000,0,24000,24000
1447,力鵬            ,193000,144000,49000,0,0,0,0,0,0,-25000,12000,37000,-25000,0,0,0,24000
1321,大洋            ,192000,163000,29000,0,0,0,0,0,0,-5000,0,5000,-5000,0,0,0,24000
1416,廣豐            ,39000,14000,25000,0,0,0,0,0,0,-1000,0,1000,-1000,0,0,0,24000
08806P,技嘉元富07售02  ,0,0,0,0,0,0,0,0,0,24000,0,0,0,27000,3000,24000,24000
08781P,台灣50元大01售25,0,0,0,0,0,0,0,0,0,24000,0,0,0,24000,0,24000,24000
062164,禾伸堂國泰01購01,0,0,0,0,0,0,0,0,0,24000,0,0,0,24000,0,24000,24000
057611,技嘉元富98購02  ,0,0,0,0,0,0,0,0,0,24000,0,0,0,31000,7000,24000,24000
054152,漢唐國泰98購02  ,0,0,0,0,0,0,0,0,0,24000,0,0,0,30000,6000,24000,24000
060836,上銀國票9A購03  ,0,0,0,0,0,0,0,0,0,24000,0,0,0,25000,1000,24000,24000
061446,鴻海中信04購01  ,0,0,0,0,0,0,0,0,0,24000,0,0,0,35000,11000,24000,24000
063171,光寶科中信9B購01,0,0,0,0,0,0,0,0,0,24000,0,0,0,24000,0,24000,24000
063104,大立光群益9C購02,0,0,0,0,0,0,0,0,0,24000,0,0,0,24000,0,24000,24000
062744,超眾國泰9C購01  ,0,0,0,0,0,0,0,0,0,24000,0,0,0,24000,0,24000,24000
059695,聯鈞永豐99購02  ,0,0,0,0,0,0,0,0,0,24000,0,0,0,25000,1000,24000,24000
062393,智邦富邦9B購01  ,0,0,0,0,0,0,0,0,0,24000,0,0,0,45000,21000,24000,24000
064475,台積電國泰02購03,0,0,0,0,0,0,0,0,0,24000,0,0,0,28000,4000,24000,24000
063688,建準永豐9B購03  ,0,0,0,0,0,0,0,0,0,24000,0,0,0,100000,76000,24000,24000
066145,昇陽半群益01購01,0,0,0,0,0,0,0,0,0,24000,0,0,0,37000,13000,24000,24000
066099,大立光中信05購01,0,0,0,0,0,0,0,0,0,24000,0,0,0,59000,35000,24000,24000
065799,友訊群益01購03  ,0,0,0,0,0,0,0,0,0,24000,0,0,0,36000,12000,24000,24000
6189,豐藝            ,36000,5000,31000,0,0,0,0,0,0,-7000,0,7000,-7000,0,0,0,24000
2607,榮運            ,117000,72000,45000,0,0,0,0,0,0,-21000,0,21000,-21000,0,0,0,24000
2706,第一店          ,62000,23000,39000,0,0,0,0,0,0,-15000,1000,16000,-15000,0,0,0,24000
4438,廣越            ,46000,21000,25000,0,0,0,0,0,0,-1000,0,1000,-1000,0,0,0,24000
5706,鳳凰            ,31000,4000,27000,0,0,0,0,0,0,-3000,1000,4000,-3000,0,0,0,24000
1108,幸福            ,40000,17000,23000,0,0,0,0,0,0,0,0,0,0,0,0,0,23000
08541P,景碩國票01售02  ,0,0,0,0,0,0,0,0,0,23000,0,0,0,113000,90000,23000,23000
08360P,國巨國泰02售01  ,0,0,0,0,0,0,0,0,0,23000,0,0,0,195000,172000,23000,23000
07758P,台積電國票9A售06,0,0,0,0,0,0,0,0,0,23000,0,0,0,25000,2000,23000,23000
08179P,華新科元大9B售13,0,0,0,0,0,0,0,0,0,23000,0,0,0,23000,0,23000,23000
066984,總太群益02購01  ,0,0,0,0,0,0,0,0,0,23000,0,0,0,174000,151000,23000,23000
066543,大成鋼元大01購02,0,0,0,0,0,0,0,0,0,23000,0,0,0,23000,0,23000,23000
066576,矽創元大01購02  ,0,0,0,0,0,0,0,0,0,23000,0,0,0,230000,207000,23000,23000
055063,玉晶光永豐99購01,0,0,0,0,0,0,0,0,0,23000,0,0,0,130000,107000,23000,23000
057770,亞德客群益98購01,0,0,0,0,0,0,0,0,0,23000,0,0,0,103000,80000,23000,23000
061875,華新科元大9B購03,0,0,0,0,0,0,0,0,0,23000,0,0,0,23000,0,23000,23000
058826,台積電永豐99購02,0,0,0,0,0,0,0,0,0,23000,0,0,0,24000,1000,23000,23000
060058,牧德凱基9B購01  ,0,0,0,0,0,0,0,0,0,23000,0,0,0,24000,1000,23000,23000
059844,大立光富邦9C購04,0,0,0,0,0,0,0,0,0,23000,0,0,0,25000,2000,23000,23000
059525,上銀凱基99購08  ,0,0,0,0,0,0,0,0,0,23000,0,0,0,23000,0,23000,23000
062524,鴻海統一9C購09  ,0,0,0,0,0,0,0,0,0,23000,0,0,0,23000,0,23000,23000
062534,力成統一01購01  ,0,0,0,0,0,0,0,0,0,23000,0,0,0,23000,0,23000,23000
06269P,群創凱基98售10  ,0,0,0,0,0,0,0,0,0,23000,0,0,0,33000,10000,23000,23000
061507,南電國票9A購05  ,0,0,0,0,0,0,0,0,0,23000,0,0,0,31000,8000,23000,23000
063350,台表科統一02購02,0,0,0,0,0,0,0,0,0,23000,0,0,0,23000,0,23000,23000
060630,國巨富邦9C購03  ,0,0,0,0,0,0,0,0,0,23000,0,0,0,23000,0,23000,23000
060667,力成凱基9A購01  ,0,0,0,0,0,0,0,0,0,23000,0,0,0,38000,15000,23000,23000
065982,T50反1國泰02購01,0,0,0,0,0,0,0,0,0,23000,0,0,0,23000,0,23000,23000
065128,大成鋼兆豐9C購01,0,0,0,0,0,0,0,0,0,23000,0,0,0,25000,2000,23000,23000
063972,緯創國票9C購01  ,0,0,0,0,0,0,0,0,0,23000,0,0,0,28000,5000,23000,23000
064456,禾伸堂統一01購01,0,0,0,0,0,0,0,0,0,23000,0,0,0,204000,181000,23000,23000
064266,聯茂永豐9C購01  ,0,0,0,0,0,0,0,0,0,23000,0,0,0,140000,117000,23000,23000
064589,聯鈞永豐9C購01  ,0,0,0,0,0,0,0,0,0,23000,0,0,0,41000,18000,23000,23000
2908,特力            ,58000,31000,27000,0,0,0,0,0,0,-4000,0,4000,-4000,0,0,0,23000
3048,益登            ,70000,39000,31000,0,0,0,0,0,0,-8000,0,8000,-8000,0,0,0,23000
1809,中釉            ,44000,19000,25000,0,0,0,0,0,0,-2000,2000,4000,-2000,0,0,0,23000
8110,華東            ,164000,123000,41000,0,0,0,0,0,0,-18000,23000,41000,-18000,0,0,0,23000
08037P,台表科群益9B售02,0,0,0,0,0,0,0,0,0,22000,0,0,0,72000,50000,22000,22000
07233P,台灣50元大99售04,0,0,0,0,0,0,0,0,0,22000,0,0,0,22000,0,22000,22000
058802,矽創元大99購02  ,0,0,0,0,0,0,0,0,0,22000,0,0,0,22000,0,22000,22000
057187,群創元大9B購04  ,0,0,0,0,0,0,0,0,0,22000,0,0,0,52000,30000,22000,22000
057103,禾伸堂中信9A購01,0,0,0,0,0,0,0,0,0,22000,0,0,0,42000,20000,22000,22000
055907,台虹兆豐98購01  ,0,0,0,0,0,0,0,0,0,22000,0,0,0,37000,15000,22000,22000
056624,景碩永豐98購01  ,0,0,0,0,0,0,0,0,0,22000,0,0,0,22000,0,22000,22000
056719,台虹永豐98購01  ,0,0,0,0,0,0,0,0,0,22000,0,0,0,118000,96000,22000,22000
053565,台光電富邦98購01,0,0,0,0,0,0,0,0,0,22000,0,0,0,22000,0,22000,22000
060542,上銀凱基9A購04  ,0,0,0,0,0,0,0,0,0,22000,0,0,0,22000,0,22000,22000
061269,嘉澤凱基9A購01  ,0,0,0,0,0,0,0,0,0,22000,0,0,0,35000,13000,22000,22000
061463,智邦群益9A購02  ,0,0,0,0,0,0,0,0,0,22000,0,0,0,42000,20000,22000,22000
063106,台表科群益9B購03,0,0,0,0,0,0,0,0,0,22000,0,0,0,22000,0,22000,22000
059882,臺股指凱基9C購06,0,0,0,0,0,0,0,0,0,22000,0,0,0,28000,6000,22000,22000
062090,南電元大9B購02  ,0,0,0,0,0,0,0,0,0,22000,0,0,0,24000,2000,22000,22000
063830,智伸科國票01購01,0,0,0,0,0,0,0,0,0,22000,0,0,0,28000,6000,22000,22000
063784,華通中信06購01  ,0,0,0,0,0,0,0,0,0,22000,0,0,0,53000,31000,22000,22000
065624,聯詠中信9C購01  ,0,0,0,0,0,0,0,0,0,22000,0,0,0,42000,20000,22000,22000
9941,裕融            ,59000,36000,23000,0,0,0,1000,0,1000,-2000,0,2000,-2000,0,0,0,22000
2227,裕日車          ,65000,22000,43000,0,0,0,1000,0,1000,-22000,0,22000,-22000,0,0,0,22000
4916,事欣科          ,44000,12000,32000,0,0,0,0,0,0,-10000,0,10000,-10000,0,0,0,22000
4540,全球傳動        ,50000,26000,24000,0,0,0,0,0,0,-2000,1000,3000,-2000,0,0,0,22000
2610,華航            ,5496188,3942000,1554188,0,0,0,0,1406000,-1406000,-127000,7000,45000,-38000,9000,98000,-89000,21188
08435P,台積電群益9C售11,0,0,0,0,0,0,0,0,0,21000,0,0,0,181000,160000,21000,21000
067041,國巨凱基04購02  ,0,0,0,0,0,0,0,0,0,21000,0,0,0,25000,4000,21000,21000
059091,中信金元大99購01,0,0,0,0,0,0,0,0,0,21000,0,0,0,21000,0,21000,21000
058456,京鼎永豐99購01  ,0,0,0,0,0,0,0,0,0,21000,0,0,0,76000,55000,21000,21000
058694,鈺齊國票9A購02  ,0,0,0,0,0,0,0,0,0,21000,0,0,0,132000,111000,21000,21000
058822,樺漢國泰9B購01  ,0,0,0,0,0,0,0,0,0,21000,0,0,0,21000,0,21000,21000
059562,上銀凱基99購09  ,0,0,0,0,0,0,0,0,0,21000,0,0,0,21000,0,21000,21000
063116,大立光麥證9C購01,0,0,0,21000,0,21000,0,0,0,21000,0,0,0,21000,0,21000,21000
061231,聚陽元大9A購02  ,0,0,0,0,0,0,0,0,0,21000,0,0,0,21000,0,21000,21000
063179,群創兆豐9B購01  ,0,0,0,0,0,0,0,0,0,21000,0,0,0,21000,0,21000,21000
061084,京元電兆豐9A購02,0,0,0,0,0,0,0,0,0,21000,0,0,0,94000,73000,21000,21000
060311,盟立永豐9A購01  ,0,0,0,0,0,0,0,0,0,21000,0,0,0,46000,25000,21000,21000
063604,群創凱基01購02  ,0,0,0,0,0,0,0,0,0,21000,0,0,0,21000,0,21000,21000
064777,南亞科群益9C購01,0,0,0,0,0,0,0,0,0,21000,0,0,0,71000,50000,21000,21000
064287,日月光元大9C購01,0,0,0,0,0,0,0,0,0,21000,0,0,0,24000,3000,21000,21000
064561,友達群益9C購02  ,0,0,0,0,0,0,0,0,0,21000,0,0,0,21000,0,21000,21000
06696P,台灣50國票99售01,0,0,0,0,0,0,0,0,0,20000,0,0,0,20000,0,20000,20000
067142,美利達永豐01購02,0,0,0,0,0,0,0,0,0,20000,0,0,0,21000,1000,20000,20000
06732P,台灣50日盛9A售01,0,0,0,0,0,0,0,0,0,20000,0,0,0,20000,0,20000,20000
06788P,臺股指元大98售05,0,0,0,0,0,0,0,0,0,20000,0,0,0,20000,0,20000,20000
07129P,華新科元大99售14,0,0,0,0,0,0,0,0,0,20000,0,0,0,60000,40000,20000,20000
07090P,台灣50凱基01售01,0,0,0,0,0,0,0,0,0,20000,0,0,0,20000,0,20000,20000
066503,台積電富邦05購02,0,0,0,0,0,0,0,0,0,20000,0,0,0,30000,10000,20000,20000
066248,長興元大01購01  ,0,0,0,0,0,0,0,0,0,20000,0,0,0,150000,130000,20000,20000
08449P,華新科群益9C售03,0,0,0,0,0,0,0,0,0,20000,0,0,0,100000,80000,20000,20000
08385P,臺股指群益9C售13,0,0,0,0,0,0,0,0,0,20000,0,0,0,20000,0,20000,20000
08380P,GIS元大9C售06   ,0,0,0,0,0,0,0,0,0,20000,0,0,0,20000,0,20000,20000
08559P,瑞昱國票9C售01  ,0,0,0,0,0,0,0,0,0,20000,0,0,0,20000,0,20000,20000
08553P,嘉澤群益9C售01  ,0,0,0,0,0,0,0,0,0,20000,0,0,0,20000,0,20000,20000
08575P,長榮航凱基9C售02,0,0,0,0,0,0,0,0,0,20000,0,0,0,20000,0,20000,20000
07310P,大立光凱基99售12,0,0,0,0,0,0,0,0,0,20000,0,0,0,20000,0,20000,20000
07265P,大立光元大99售16,0,0,0,0,0,0,0,0,0,20000,0,0,0,20000,0,20000,20000
07502P,美食元大9A售01  ,0,0,0,0,0,0,0,0,0,20000,0,0,0,20000,0,20000,20000
07846P,台灣50群益9A售17,0,0,0,0,0,0,0,0,0,20000,0,0,0,20000,0,20000,20000
07833P,大立光群益9B售02,0,0,0,0,0,0,0,0,0,20000,0,0,0,20000,0,20000,20000
07785P,鴻海中信04售03  ,0,0,0,0,0,0,0,0,0,20000,0,0,0,20000,0,20000,20000
07901P,臺股指凱基9B售04,0,0,0,0,0,0,0,0,0,20000,0,0,0,20000,0,20000,20000
07948P,大成鋼凱基9B售01,0,0,0,0,0,0,0,0,0,20000,0,0,0,20000,0,20000,20000
07988P,台積電台新9C售03,0,0,0,0,0,0,0,0,0,20000,0,0,0,20000,0,20000,20000
08333P,大立光富邦02售03,0,0,0,0,0,0,0,0,0,20000,0,0,0,20000,0,20000,20000
058812,台積電統一9B購06,0,0,0,0,0,0,0,0,0,20000,0,0,0,21000,1000,20000,20000
058799,晶技元大99購04  ,0,0,0,0,0,0,0,0,0,20000,0,0,0,20000,0,20000,20000
057242,台郡凱基98購05  ,0,0,0,0,0,0,0,0,0,20000,0,0,0,20000,0,20000,20000
057236,聯詠凱基98購03  ,0,0,0,0,0,0,0,0,0,20000,0,0,0,20000,0,20000,20000
058570,臻鼎凱基9A購01  ,0,0,0,0,0,0,0,0,0,20000,0,0,0,20000,0,20000,20000
058577,南亞科群益99購02,0,0,0,0,0,0,0,0,0,20000,0,0,0,20000,0,20000,20000
058201,華通凱基9A購01  ,0,0,0,0,0,0,0,0,0,20000,0,0,0,20000,0,20000,20000
058241,景碩元大99購05  ,0,0,0,0,0,0,0,0,0,20000,0,0,0,22000,2000,20000,20000
057321,台泥群益98購01  ,0,0,0,0,0,0,0,0,0,20000,0,0,0,20000,0,20000,20000
057453,矽創元富98購01  ,0,0,0,0,0,0,0,0,0,20000,0,0,0,20000,0,20000,20000
058637,晶技兆豐99購01  ,0,0,0,0,0,0,0,0,0,20000,0,0,0,20000,0,20000,20000
058405,訊連元大99購02  ,0,0,0,0,0,0,0,0,0,20000,0,0,0,20000,0,20000,20000
057088,上銀元富98購01  ,0,0,0,0,0,0,0,0,0,20000,0,0,0,20000,0,20000,20000
061827,台灣50凱基02購01,0,0,0,0,0,0,0,0,0,20000,0,0,0,67000,47000,20000,20000
061580,華擎元大9A購06  ,0,0,0,0,0,0,0,0,0,20000,0,0,0,20000,0,20000,20000
061908,台積電中信05購01,0,0,0,0,0,0,0,0,0,20000,0,0,0,20000,0,20000,20000
057549,台光電凱基98購05,0,0,0,0,0,0,0,0,0,20000,0,0,0,20000,0,20000,20000
057557,聯茂凱基99購04  ,0,0,0,0,0,0,0,0,0,20000,0,0,0,30000,10000,20000,20000
053509,華新群益98購01  ,0,0,0,0,0,0,0,0,0,20000,0,0,0,20000,0,20000,20000
053063,力山群益98購01  ,0,0,0,0,0,0,0,0,0,20000,0,0,0,20000,0,20000,20000
054791,泰碩群益99購02  ,0,0,0,0,0,0,0,0,0,20000,0,0,0,20000,0,20000,20000
056787,健鼎群益98購01  ,0,0,0,0,0,0,0,0,0,20000,0,0,0,20000,0,20000,20000
054107,上銀凱基97購01  ,0,0,0,0,0,0,0,0,0,20000,0,0,0,20000,0,20000,20000
054138,晶技元大98購02  ,0,0,0,0,0,0,0,0,0,20000,0,0,0,20000,0,20000,20000
054195,亞泥國泰98購01  ,0,0,0,0,0,0,0,0,0,20000,0,0,0,20000,0,20000,20000
054201,聯詠富邦97購02  ,0,0,0,0,0,0,0,0,0,20000,0,0,0,20000,0,20000,20000
054204,元金2X國票9B購02,0,0,0,0,0,0,0,0,0,20000,0,0,0,20000,0,20000,20000
054426,國泰金富邦97購02,0,0,0,0,0,0,0,0,0,20000,0,0,0,20000,0,20000,20000
046999,康控富邦99購01  ,0,0,0,0,0,0,0,0,0,20000,0,0,0,20000,0,20000,20000
047504,滬深2X國票9A購01,0,0,0,0,0,0,0,0,0,20000,0,0,0,20000,0,20000,20000
046384,群創凱基98購02  ,0,0,0,0,0,0,0,0,0,20000,0,0,0,81000,61000,20000,20000
03425B,臺股指元大9A熊01,0,0,0,0,0,0,0,0,0,20000,0,0,0,20000,0,20000,20000
056607,貿聯富邦99購02  ,0,0,0,0,0,0,0,0,0,20000,0,0,0,20000,0,20000,20000
056385,創意國泰99購01  ,0,0,0,0,0,0,0,0,0,20000,0,0,0,20000,0,20000,20000
056150,台光電凱基98購02,0,0,0,0,0,0,0,0,0,20000,0,0,0,20000,0,20000,20000
056173,廣達元富97購01  ,0,0,0,0,0,0,0,0,0,20000,0,0,0,20000,0,20000,20000
055919,景碩凱基98購02  ,0,0,0,0,0,0,0,0,0,20000,0,0,0,20000,0,20000,20000
056075,瀚宇博元大97購03,0,0,0,0,0,0,0,0,0,20000,0,0,0,20000,0,20000,20000
055780,禾伸堂凱基99購01,0,0,0,0,0,0,0,0,0,20000,0,0,0,20000,0,20000,20000
056575,禾伸堂元大99購01,0,0,0,0,0,0,0,0,0,20000,0,0,0,20000,0,20000,20000
056547,臻鼎凱基99購01  ,0,0,0,0,0,0,0,0,0,20000,0,0,0,20000,0,20000,20000
056523,光寶科中信98購01,0,0,0,0,0,0,0,0,0,20000,0,0,0,20000,0,20000,20000
058883,旭富永豐99購01  ,0,0,0,0,0,0,0,0,0,20000,0,0,0,20000,0,20000,20000
055661,亞德客中信98購01,0,0,0,0,0,0,0,0,0,20000,0,0,0,20000,0,20000,20000
058984,全新凱基9A購03  ,0,0,0,0,0,0,0,0,0,20000,0,0,0,20000,0,20000,20000
058079,鴻海群益98購08  ,0,0,0,0,0,0,0,0,0,20000,0,0,0,20000,0,20000,20000
058084,大立光群益98購04,0,0,0,0,0,0,0,0,0,20000,0,0,0,20000,0,20000,20000
059016,晶相光元富99購03,0,0,0,0,0,0,0,0,0,20000,0,0,0,20000,0,20000,20000
059032,元石油群益9C購03,0,0,0,0,0,0,0,0,0,20000,0,0,0,20000,0,20000,20000
058993,滬深反元大9C購01,0,0,0,0,0,0,0,0,0,20000,0,0,0,20000,0,20000,20000
060286,佳世達元大9C購01,0,0,0,0,0,0,0,0,0,20000,0,0,0,100000,80000,20000,20000
062932,滬深2X凱基01購01,0,0,0,0,0,0,0,0,0,20000,0,0,0,99000,79000,20000,20000
063038,富邦金凱基9B購02,0,0,0,0,0,0,0,0,0,20000,0,0,0,29000,9000,20000,20000
060709,緯穎富邦9B購01  ,0,0,0,0,0,0,0,0,0,20000,0,0,0,60000,40000,20000,20000
060785,國巨富邦9B購04  ,0,0,0,0,0,0,0,0,0,20000,0,0,0,20000,0,20000,20000
060721,瑞儀永豐9A購01  ,0,0,0,0,0,0,0,0,0,20000,0,0,0,21000,1000,20000,20000
060384,葡萄王凱基9B購01,0,0,0,0,0,0,0,0,0,20000,0,0,0,20000,0,20000,20000
063190,聯茂凱基9B購01  ,0,0,0,0,0,0,0,0,0,20000,0,0,0,46000,26000,20000,20000
063213,智伸科國票9C購01,0,0,0,0,0,0,0,0,0,20000,0,0,0,22000,2000,20000,20000
061436,上銀凱基9A購07  ,0,0,0,0,0,0,0,0,0,20000,0,0,0,20000,0,20000,20000
061179,華擎凱基9A購01  ,0,0,0,0,0,0,0,0,0,20000,0,0,0,20000,0,20000,20000
061145,臻鼎中信9A購02  ,0,0,0,0,0,0,0,0,0,20000,0,0,0,30000,10000,20000,20000
063387,台積電兆豐9B購03,0,0,0,0,0,0,0,0,0,20000,0,0,0,20000,0,20000,20000
059519,台郡永豐99購01  ,0,0,0,0,0,0,0,0,0,20000,0,0,0,20000,0,20000,20000
059641,群創凱基99購06  ,0,0,0,0,0,0,0,0,0,20000,0,0,0,20000,0,20000,20000
059871,義隆凱基99購03  ,0,0,0,0,0,0,0,0,0,20000,0,0,0,20000,0,20000,20000
059868,台光電凱基99購03,0,0,0,0,0,0,0,0,0,20000,0,0,0,20000,0,20000,20000
059349,台郡凱基99購04  ,0,0,0,0,0,0,0,0,0,20000,0,0,0,20000,0,20000,20000
059974,臺指反元大9C購05,0,0,0,0,0,0,0,0,0,20000,0,0,0,20000,0,20000,20000
062697,國巨元大9C購01  ,0,0,0,0,0,0,0,0,0,20000,0,0,0,20000,0,20000,20000
062673,台新金中信03購01,0,0,0,0,0,0,0,0,0,20000,0,0,0,20000,0,20000,20000
062579,華通統一01購02  ,0,0,0,0,0,0,0,0,0,20000,0,0,0,40000,20000,20000,20000
059274,國巨元大99購22  ,0,0,0,0,0,0,0,0,0,20000,0,0,0,20000,0,20000,20000
062085,同欣電元大9B購01,0,0,0,0,0,0,0,0,0,20000,0,0,0,173000,153000,20000,20000
060048,元金2X凱基99購03,0,0,0,0,0,0,0,0,0,20000,0,0,0,20000,0,20000,20000
060102,禾伸堂元大99購06,0,0,0,0,0,0,0,0,0,20000,0,0,0,20000,0,20000,20000
060897,健策凱基9A購04  ,0,0,0,0,0,0,0,0,0,20000,0,0,0,20000,0,20000,20000
061722,健策永豐9B購03  ,0,0,0,0,0,0,0,0,0,20000,0,0,0,21000,1000,20000,20000
060245,聯陽元大9C購01  ,0,0,0,0,0,0,0,0,0,20000,0,0,0,20000,0,20000,20000
060929,健策永豐9A購01  ,0,0,0,0,0,0,0,0,0,20000,0,0,0,22000,2000,20000,20000
062294,盛群永豐9B購01  ,0,0,0,0,0,0,0,0,0,20000,0,0,0,20000,0,20000,20000
060975,滬深2X元大01購02,0,0,0,0,0,0,0,0,0,20000,0,0,0,20000,0,20000,20000
062709,帆宣元大9B購01  ,0,0,0,0,0,0,0,0,0,20000,0,0,0,20000,0,20000,20000
061038,TPK永豐9A購01   ,0,0,0,0,0,0,0,0,0,20000,0,0,0,21000,1000,20000,20000
061039,台表科永豐9A購03,0,0,0,0,0,0,0,0,0,20000,0,0,0,20000,0,20000,20000
064289,台郡元大9C購01  ,0,0,0,0,0,0,0,0,0,20000,0,0,0,44000,24000,20000,20000
064319,南電群益9C購01  ,0,0,0,0,0,0,0,0,0,20000,0,0,0,25000,5000,20000,20000
064312,大立光群益01購01,0,0,0,0,0,0,0,0,0,20000,0,0,0,20000,0,20000,20000
064355,南六元大01購01  ,0,0,0,0,0,0,0,0,0,20000,0,0,0,20000,0,20000,20000
064836,群創統一9C購04  ,0,0,0,0,0,0,0,0,0,20000,0,0,0,50000,30000,20000,20000
064626,聯茂元大9C購01  ,0,0,0,0,0,0,0,0,0,20000,0,0,0,315000,295000,20000,20000
064722,大立光統一02購03,0,0,0,0,0,0,0,0,0,20000,0,0,0,20000,0,20000,20000
063597,健策中信9B購02  ,0,0,0,0,0,0,0,0,0,20000,0,0,0,20000,0,20000,20000
063699,國巨群益9B購07  ,0,0,0,0,0,0,0,0,0,20000,0,0,0,20000,0,20000,20000
063847,聯發科元大9C購03,0,0,0,0,0,0,0,0,0,20000,0,0,0,20000,0,20000,20000
063951,新日興元大9C購01,0,0,0,0,0,0,0,0,0,20000,0,0,0,25000,5000,20000,20000
064125,聯發科元大02購01,0,0,0,0,0,0,0,0,0,20000,0,0,0,20000,0,20000,20000
065563,T50反1群益9C購04,0,0,0,0,0,0,0,0,0,20000,0,0,0,220000,200000,20000,20000
065854,臻鼎元大9C購05  ,0,0,0,0,0,0,0,0,0,20000,0,0,0,102000,82000,20000,20000
065873,信邦群益02購01  ,0,0,0,0,0,0,0,0,0,20000,0,0,0,20000,0,20000,20000
066032,矽格群益01購01  ,0,0,0,0,0,0,0,0,0,20000,0,0,0,20000,0,20000,20000
065931,瑞祺國票02購01  ,0,0,0,0,0,0,0,0,0,20000,0,0,0,81000,61000,20000,20000
065932,世紀鋼國票02購01,0,0,0,0,0,0,0,0,0,20000,0,0,0,58000,38000,20000,20000
06510P,燿華永豐98售03  ,0,0,0,0,0,0,0,0,0,20000,0,0,0,20000,0,20000,20000
064938,華新科元富9C購01,0,0,0,0,0,0,0,0,0,20000,0,0,0,20000,0,20000,20000
065468,FBVIX元大9C購04 ,0,0,0,0,0,0,0,0,0,20000,0,0,0,20000,0,20000,20000
065521,貿聯群益9C購04  ,0,0,0,0,0,0,0,0,0,20000,0,0,0,20000,0,20000,20000
065373,聯發科元大01購03,0,0,0,0,0,0,0,0,0,20000,0,0,0,20000,0,20000,20000
08320P,智邦統一9C售02  ,0,0,0,0,0,0,0,0,0,19000,0,0,0,21000,2000,19000,19000
07489P,國巨國票9A售07  ,0,0,0,0,0,0,0,0,0,19000,0,0,0,19000,0,19000,19000
08427P,義隆國票9C售01  ,0,0,0,0,0,0,0,0,0,19000,0,0,0,422000,403000,19000,19000
067070,友訊元大01購04  ,0,0,0,0,0,0,0,0,0,19000,0,0,0,19000,0,19000,19000
058135,景碩元大99購01  ,0,0,0,0,0,0,0,0,0,19000,0,0,0,20000,1000,19000,19000
059047,元油2X凱基9A購10,0,0,0,0,0,0,0,0,0,19000,0,0,0,20000,1000,19000,19000
059065,南電凱基9A購01  ,0,0,0,0,0,0,0,0,0,19000,0,0,0,39000,20000,19000,19000
00728,第一金工業30    ,0,0,0,0,0,0,0,0,0,19000,0,0,0,223000,204000,19000,19000
054924,景碩凱基98購01  ,0,0,0,0,0,0,0,0,0,19000,0,0,0,22000,3000,19000,19000
056769,國產元大98購01  ,0,0,0,0,0,0,0,0,0,19000,0,0,0,19000,0,19000,19000
061633,統一元大9A購01  ,0,0,0,0,0,0,0,0,0,19000,0,0,0,182000,163000,19000,19000
060187,華新科元富9A購02,0,0,0,0,0,0,0,0,0,19000,0,0,0,34000,15000,19000,19000
063272,GIS兆豐9C購01   ,0,0,0,0,0,0,0,0,0,19000,0,0,0,184000,165000,19000,19000
063083,聯發科凱基01購02,0,0,0,0,0,0,0,0,0,19000,0,0,0,22000,3000,19000,19000
060402,神隆國泰9B購01  ,0,0,0,0,0,0,0,0,0,19000,0,0,0,80000,61000,19000,19000
060540,南亞凱基9A購01  ,0,0,0,0,0,0,0,0,0,19000,0,0,0,24000,5000,19000,19000
060488,台灣50群益9C購01,0,0,0,0,0,0,0,0,0,19000,0,0,0,19000,0,19000,19000
063037,聯發科凱基9C購02,0,0,0,0,0,0,0,0,0,19000,0,0,0,19000,0,19000,19000
060305,得力永豐9A購01  ,0,0,0,0,0,0,0,0,0,19000,0,0,0,57000,38000,19000,19000
065261,技嘉元大9C購03  ,0,0,0,0,0,0,0,0,0,19000,0,0,0,210000,191000,19000,19000
065204,神隆國票01購01  ,0,0,0,0,0,0,0,0,0,19000,0,0,0,19000,0,19000,19000
064112,宏碁國票01購01  ,0,0,0,0,0,0,0,0,0,19000,0,0,0,235000,216000,19000,19000
064004,全新凱基01購01  ,0,0,0,0,0,0,0,0,0,19000,0,0,0,49000,30000,19000,19000
064265,嘉聯益永豐9C購02,0,0,0,0,0,0,0,0,0,19000,0,0,0,19000,0,19000,19000
064436,聯發科凱基03購02,0,0,0,0,0,0,0,0,0,19000,0,0,0,19000,0,19000,19000
064439,大立光凱基03購02,0,0,0,0,0,0,0,0,0,19000,0,0,0,23000,4000,19000,19000
2465,麗臺            ,23000,4000,19000,0,0,0,0,0,0,0,0,0,0,0,0,0,19000
9908,大台北          ,34000,16000,18000,0,0,0,0,0,0,1000,9000,8000,1000,0,0,0,19000
6504,南六            ,119000,104000,15000,0,0,0,5000,0,5000,-1000,7000,0,7000,5000,13000,-8000,19000
066268,宏達電元大01購02,0,0,0,0,0,0,0,0,0,18000,0,0,0,68000,50000,18000,18000
08410P,臺股指元大9C售16,0,0,0,0,0,0,0,0,0,18000,0,0,0,18000,0,18000,18000
1558,伸興            ,33000,12000,21000,0,0,0,0,0,0,-3000,0,3000,-3000,0,0,0,18000
1583,程泰            ,18000,0,18000,0,0,0,0,0,0,0,0,0,0,0,0,0,18000
07183P,臺股指凱基99售25,0,0,0,0,0,0,0,0,0,18000,0,0,0,18000,0,18000,18000
061596,健策永豐9A購03  ,0,0,0,0,0,0,0,0,0,18000,0,0,0,49000,31000,18000,18000
058145,聯茂元大99購03  ,0,0,0,0,0,0,0,0,0,18000,0,0,0,68000,50000,18000,18000
057963,緯穎元大98購08  ,0,0,0,0,0,0,0,0,0,18000,0,0,0,18000,0,18000,18000
060302,台積電富邦02購01,0,0,0,0,0,0,0,0,0,18000,0,0,0,18000,0,18000,18000
060467,神基元大9A購01  ,0,0,0,0,0,0,0,0,0,18000,0,0,0,33000,15000,18000,18000
060871,台灣50中信01購03,0,0,0,0,0,0,0,0,0,18000,0,0,0,20000,2000,18000,18000
063159,嘉澤國泰01購01  ,0,0,0,0,0,0,0,0,0,18000,0,0,0,18000,0,18000,18000
061478,奇鋐元大9A購01  ,0,0,0,0,0,0,0,0,0,18000,0,0,0,24000,6000,18000,18000
063397,廣達群益9B購02  ,0,0,0,0,0,0,0,0,0,18000,0,0,0,47000,29000,18000,18000
063339,智邦統一01購01  ,0,0,0,0,0,0,0,0,0,18000,0,0,0,93000,75000,18000,18000
063543,技嘉台新9B購02  ,0,0,0,0,0,0,0,0,0,18000,0,0,0,18000,0,18000,18000
063477,訊芯元大9B購01  ,0,0,0,0,0,0,0,0,0,18000,0,0,0,18000,0,18000,18000
063448,聯發科統一9C購11,0,0,0,0,0,0,0,0,0,18000,0,0,0,52000,34000,18000,18000
060980,台積電元大9A購21,0,0,0,0,0,0,0,0,0,18000,0,0,0,19000,1000,18000,18000
062476,神隆國票9B購01  ,0,0,0,0,0,0,0,0,0,18000,0,0,0,56000,38000,18000,18000
064641,神隆凱基9C購01  ,0,0,0,0,0,0,0,0,0,18000,0,0,0,68000,50000,18000,18000
064671,聯茂元大9C購02  ,0,0,0,0,0,0,0,0,0,18000,0,0,0,120000,102000,18000,18000
064052,創意統一01購02  ,0,0,0,0,0,0,0,0,0,18000,0,0,0,38000,20000,18000,18000
064172,義隆元富9C購01  ,0,0,0,0,0,0,0,0,0,18000,0,0,0,18000,0,18000,18000
065018,台達電富邦03購01,0,0,0,0,0,0,0,0,0,18000,0,0,0,38000,20000,18000,18000
065269,貿聯元大9C購05  ,0,0,0,0,0,0,0,0,0,18000,0,0,0,86000,68000,18000,18000
065978,臻鼎元大02購01  ,0,0,0,0,0,0,0,0,0,18000,0,0,0,132000,114000,18000,18000
066054,創意元大01購02  ,0,0,0,0,0,0,0,0,0,18000,0,0,0,27000,9000,18000,18000
066064,T50反1凱基03購03,0,0,0,0,0,0,0,0,0,18000,0,0,0,338000,320000,18000,18000
4720,德淵            ,26000,8000,18000,0,0,0,0,0,0,0,2000,2000,0,0,0,0,18000
3679,新至陞          ,45000,22000,23000,0,0,0,0,0,0,-5000,0,5000,-5000,0,0,0,18000
2929,淘帝-KY         ,91000,72045,18955,0,0,0,0,0,0,-1000,1000,2000,-1000,0,0,0,17955
07690P,華新科元大9A售15,0,0,0,0,0,0,0,0,0,17000,0,0,0,17000,0,17000,17000
08000P,奇鋐凱基9B售03  ,0,0,0,0,0,0,0,0,0,17000,0,0,0,70000,53000,17000,17000
08782P,台積電元大01售17,0,0,0,0,0,0,0,0,0,17000,0,0,0,1165000,1148000,17000,17000
066698,川湖群益01購01  ,0,0,0,0,0,0,0,0,0,17000,0,0,0,25000,8000,17000,17000
055259,玉晶光統一9A購01,0,0,0,0,0,0,0,0,0,17000,0,0,0,17000,0,17000,17000
058926,勤誠元富99購01  ,0,0,0,0,0,0,0,0,0,17000,0,0,0,118000,101000,17000,17000
061635,台積電元大9A購34,0,0,0,0,0,0,0,0,0,17000,0,0,0,17000,0,17000,17000
062028,晶技群益9B購01  ,0,0,0,0,0,0,0,0,0,17000,0,0,0,41000,24000,17000,17000
057555,玉晶光凱基9A購02,0,0,0,0,0,0,0,0,0,17000,0,0,0,132000,115000,17000,17000
058697,亞德客元大99購01,0,0,0,0,0,0,0,0,0,17000,0,0,0,17000,0,17000,17000
058772,茂林兆豐9A購01  ,0,0,0,0,0,0,0,0,0,17000,0,0,0,219000,202000,17000,17000
057388,奇鋐永豐98購02  ,0,0,0,0,0,0,0,0,0,17000,0,0,0,205000,188000,17000,17000
057328,京鼎群益99購02  ,0,0,0,0,0,0,0,0,0,17000,0,0,0,17000,0,17000,17000
062461,智伸科群益9B購01,0,0,0,0,0,0,0,0,0,17000,0,0,0,17000,0,17000,17000
061032,金像電永豐9A購03,0,0,0,0,0,0,0,0,0,17000,0,0,0,292000,275000,17000,17000
061715,牧德凱基9B購03  ,0,0,0,0,0,0,0,0,0,17000,0,0,0,17000,0,17000,17000
062095,旺宏富邦9C購03  ,0,0,0,0,0,0,0,0,0,17000,0,0,0,235000,218000,17000,17000
062551,緯穎永豐9B購02  ,0,0,0,0,0,0,0,0,0,17000,0,0,0,17000,0,17000,17000
063351,億豐統一9B購01  ,0,0,0,0,0,0,0,0,0,17000,0,0,0,17000,0,17000,17000
061503,臻鼎國票9B購01  ,0,0,0,0,0,0,0,0,0,17000,0,0,0,17000,0,17000,17000
061195,健策永豐9B購02  ,0,0,0,0,0,0,0,0,0,17000,0,0,0,18000,1000,17000,17000
061087,國巨統一01購04  ,0,0,0,0,0,0,0,0,0,17000,0,0,0,17000,0,17000,17000
06615P,鴻海元大9C售02  ,0,0,0,0,0,0,0,0,0,17000,0,0,0,70000,53000,17000,17000
065988,晶技永豐01購01  ,0,0,0,0,0,0,0,0,0,17000,0,0,0,91000,74000,17000,17000
065963,鴻海元大01購05  ,0,0,0,0,0,0,0,0,0,17000,0,0,0,150000,133000,17000,17000
065663,凌華永豐9C購01  ,0,0,0,0,0,0,0,0,0,17000,0,0,0,40000,23000,17000,17000
065664,矽格永豐9C購01  ,0,0,0,0,0,0,0,0,0,17000,0,0,0,48000,31000,17000,17000
065696,旺宏群益9C購06  ,0,0,0,0,0,0,0,0,0,17000,0,0,0,47000,30000,17000,17000
065500,健鼎富邦01購01  ,0,0,0,0,0,0,0,0,0,17000,0,0,0,50000,33000,17000,17000
065132,臻鼎兆豐01購01  ,0,0,0,0,0,0,0,0,0,17000,0,0,0,20000,3000,17000,17000
064216,矽格凱基01購01  ,0,0,0,0,0,0,0,0,0,17000,0,0,0,32000,15000,17000,17000
8480,泰昇-KY         ,58000,41000,17000,0,0,0,0,0,0,0,0,0,0,0,0,0,17000
066523,智原統一02購01  ,0,0,0,0,0,0,0,0,0,16000,0,0,0,16000,0,16000,16000
066589,英業達群益01購01,0,0,0,0,0,0,0,0,0,16000,0,0,0,113000,97000,16000,16000
066201,大毅統一02購01  ,0,0,0,0,0,0,0,0,0,16000,0,0,0,27000,11000,16000,16000
066449,瀚宇博群益01購01,0,0,0,0,0,0,0,0,0,16000,0,0,0,144000,128000,16000,16000
08827P,緯穎元大01售05  ,0,0,0,0,0,0,0,0,0,16000,0,0,0,16000,0,16000,16000
08338P,台灣50凱基9C售11,0,0,0,0,0,0,0,0,0,16000,0,0,0,46000,30000,16000,16000
07840P,康控元大9A售02  ,0,0,0,0,0,0,0,0,0,16000,0,0,0,16000,0,16000,16000
058677,矽格群益99購01  ,0,0,0,0,0,0,0,0,0,16000,0,0,0,94000,78000,16000,16000
061986,晶豪科元大9B購01,0,0,0,0,0,0,0,0,0,16000,0,0,0,75000,59000,16000,16000
061873,友達元大9C購07  ,0,0,0,0,0,0,0,0,0,16000,0,0,0,16000,0,16000,16000
058905,京鼎元大99購01  ,0,0,0,0,0,0,0,0,0,16000,0,0,0,16000,0,16000,16000
058078,景碩國票99購01  ,0,0,0,0,0,0,0,0,0,16000,0,0,0,16000,0,16000,16000
056511,超眾永豐98購01  ,0,0,0,0,0,0,0,0,0,16000,0,0,0,16000,0,16000,16000
053316,友達群益9A購01  ,0,0,0,0,0,0,0,0,0,16000,0,0,0,16000,0,16000,16000
00866,新光Shiller CAPE,0,0,0,0,0,0,0,0,0,16000,0,0,0,42000,26000,16000,16000
060632,可成富邦9B購01  ,0,0,0,0,0,0,0,0,0,16000,0,0,0,17000,1000,16000,16000
063007,儒鴻元大9B購01  ,0,0,0,0,0,0,0,0,0,16000,0,0,0,64000,48000,16000,16000
063326,正隆國票9B購01  ,0,0,0,0,0,0,0,0,0,16000,0,0,0,58000,42000,16000,16000
062751,華擎中信9C購01  ,0,0,0,0,0,0,0,0,0,16000,0,0,0,87000,71000,16000,16000
059622,上銀凱基99購10  ,0,0,0,0,0,0,0,0,0,16000,0,0,0,16000,0,16000,16000
059826,欣興凱基99購06  ,0,0,0,0,0,0,0,0,0,16000,0,0,0,16000,0,16000,16000
060899,超眾凱基9A購01  ,0,0,0,0,0,0,0,0,0,16000,0,0,0,121000,105000,16000,16000
060093,友達元大03購01  ,0,0,0,0,0,0,0,0,0,16000,0,0,0,16000,0,16000,16000
062280,大立光群益9C購01,0,0,0,0,0,0,0,0,0,16000,0,0,0,16000,0,16000,16000
061711,台積電凱基9A購27,0,0,0,0,0,0,0,0,0,16000,0,0,0,17000,1000,16000,16000
061793,上銀永豐9B購01  ,0,0,0,0,0,0,0,0,0,16000,0,0,0,32000,16000,16000,16000
062305,遠東新凱基9B購01,0,0,0,0,0,0,0,0,0,16000,0,0,0,197000,181000,16000,16000
064485,儒鴻元大01購01  ,0,0,0,0,0,0,0,0,0,16000,0,0,0,255000,239000,16000,16000
064580,統一永豐9C購01  ,0,0,0,0,0,0,0,0,0,16000,0,0,0,130000,114000,16000,16000
066016,台表科元富01購02,0,0,0,0,0,0,0,0,0,16000,0,0,0,27000,11000,16000,16000
066003,台表科國票02購02,0,0,0,0,0,0,0,0,0,16000,0,0,0,16000,0,16000,16000
066006,大立光統一01購07,0,0,0,0,0,0,0,0,0,16000,0,0,0,18000,2000,16000,16000
6449,鈺邦            ,18000,2000,16000,0,0,0,0,0,0,0,0,0,0,0,0,0,16000
1906,寶隆            ,79000,46000,33000,0,0,0,0,0,0,-17000,0,17000,-17000,0,0,0,16000
07729P,臺股指凱基9A售21,0,0,0,0,0,0,0,0,0,15000,0,0,0,15000,0,15000,15000
07599P,台灣50凱基04售05,0,0,0,0,0,0,0,0,0,15000,0,0,0,15000,0,15000,15000
07161P,臺股指群益99售12,0,0,0,0,0,0,0,0,0,15000,0,0,0,15000,0,15000,15000
07316P,長榮航康和99售01,0,0,0,0,0,0,0,0,0,15000,0,0,0,15000,0,15000,15000
07509P,牧德國票9A售03  ,0,0,0,0,0,0,0,0,0,15000,0,0,0,15000,0,15000,15000
08043P,電子類群益9B售01,0,0,0,0,0,0,0,0,0,15000,0,0,0,15000,0,15000,15000
08120P,南亞科國票9C售01,0,0,0,0,0,0,0,0,0,15000,0,0,0,15000,0,15000,15000
08831P,台積電群益01售11,0,0,0,0,0,0,0,0,0,15000,0,0,0,61000,46000,15000,15000
08842P,京鼎凱基01售03  ,0,0,0,0,0,0,0,0,0,15000,0,0,0,115000,100000,15000,15000
08414P,超眾凱基9C售02  ,0,0,0,0,0,0,0,0,0,15000,0,0,0,15000,0,15000,15000
066442,華碩群益01購01  ,0,0,0,0,0,0,0,0,0,15000,0,0,0,138000,123000,15000,15000
066311,生達永豐01購01  ,0,0,0,0,0,0,0,0,0,15000,0,0,0,33000,18000,15000,15000
066483,瑞昱元富01購01  ,0,0,0,0,0,0,0,0,0,15000,0,0,0,133000,118000,15000,15000
067122,眾達國泰03購02  ,0,0,0,0,0,0,0,0,0,15000,0,0,0,15000,0,15000,15000
06837P,上銀統一9A售02  ,0,0,0,0,0,0,0,0,0,15000,0,0,0,60000,45000,15000,15000
06893P,致新元富98售02  ,0,0,0,0,0,0,0,0,0,15000,0,0,0,15000,0,15000,15000
067208,瑞昱元大01購03  ,0,0,0,0,0,0,0,0,0,15000,0,0,0,27000,12000,15000,15000
053759,晶相光國泰98購01,0,0,0,0,0,0,0,0,0,15000,0,0,0,15000,0,15000,15000
03427B,臺股指元大9A熊02,0,0,0,0,0,0,0,0,0,15000,0,0,0,96000,81000,15000,15000
054377,臺股指中信99購09,0,0,0,0,0,0,0,0,0,15000,0,0,0,915000,900000,15000,15000
054128,台積電元大97購10,0,0,0,0,0,0,0,0,0,15000,0,0,0,15000,0,15000,15000
054088,華新群益98購02  ,0,0,0,0,0,0,0,0,0,15000,0,0,0,15000,0,15000,15000
053364,友達國泰98購01  ,0,0,0,0,0,0,0,0,0,15000,0,0,0,15000,0,15000,15000
048505,滬深2X群益99購03,0,0,0,0,0,0,0,0,0,15000,0,0,0,30000,15000,15000,15000
056535,全新凱基99購02  ,0,0,0,0,0,0,0,0,0,15000,0,0,0,15000,0,15000,15000
056028,GIS群益97購02   ,0,0,0,0,0,0,0,0,0,15000,0,0,0,15000,0,15000,15000
058947,SGBR2X群益9B購02,0,0,0,0,0,0,0,0,0,15000,0,0,0,25000,10000,15000,15000
057468,台郡永豐98購01  ,0,0,0,0,0,0,0,0,0,15000,0,0,0,92000,77000,15000,15000
057598,鴻海群益98購07  ,0,0,0,0,0,0,0,0,0,15000,0,0,0,15000,0,15000,15000
059189,國泰金富邦9B購01,0,0,0,0,0,0,0,0,0,15000,0,0,0,20000,5000,15000,15000
058778,聯發科國票9A購01,0,0,0,0,0,0,0,0,0,15000,0,0,0,15000,0,15000,15000
058847,國巨群益99購05  ,0,0,0,0,0,0,0,0,0,15000,0,0,0,17000,2000,15000,15000
058876,南電國票9A購02  ,0,0,0,0,0,0,0,0,0,15000,0,0,0,27000,12000,15000,15000
062378,台表科元大9C購01,0,0,0,0,0,0,0,0,0,15000,0,0,0,15000,0,15000,15000
061707,超眾國票9B購01  ,0,0,0,0,0,0,0,0,0,15000,0,0,0,21000,6000,15000,15000
062282,禾伸堂群益9B購01,0,0,0,0,0,0,0,0,0,15000,0,0,0,119000,104000,15000,15000
062094,台積電富邦9C購12,0,0,0,0,0,0,0,0,0,15000,0,0,0,15000,0,15000,15000
059707,健策凱基9A購03  ,0,0,0,0,0,0,0,0,0,15000,0,0,0,16000,1000,15000,15000
059878,聯茂凱基99購07  ,0,0,0,0,0,0,0,0,0,15000,0,0,0,55000,40000,15000,15000
062533,嘉澤統一9C購01  ,0,0,0,0,0,0,0,0,0,15000,0,0,0,15000,0,15000,15000
063317,大立光群益9B購06,0,0,0,0,0,0,0,0,0,15000,0,0,0,15000,0,15000,15000
063442,金像電統一01購01,0,0,0,0,0,0,0,0,0,15000,0,0,0,118000,103000,15000,15000
059504,台灣50永豐99購08,0,0,0,0,0,0,0,0,0,15000,0,0,0,15000,0,15000,15000
066078,南電凱基02購02  ,0,0,0,0,0,0,0,0,0,15000,0,0,0,22000,7000,15000,15000
065644,義隆元大9C購08  ,0,0,0,0,0,0,0,0,0,15000,0,0,0,31000,16000,15000,15000
065738,國巨麥證9C購04  ,0,0,0,15000,0,15000,0,0,0,15000,0,0,0,15000,0,15000,15000
064681,牧德兆豐01購01  ,0,0,0,0,0,0,0,0,0,15000,0,0,0,35000,20000,15000,15000
064217,GIS凱基02購02   ,0,0,0,0,0,0,0,0,0,15000,0,0,0,190000,175000,15000,15000
064029,宏達電元大9C購01,0,0,0,0,0,0,0,0,0,15000,0,0,0,83000,68000,15000,15000
063911,大立光凱基9C購03,0,0,0,0,0,0,0,0,0,15000,0,0,0,22000,7000,15000,15000
063820,華邦電麥證01購01,0,0,0,15000,0,15000,0,0,0,15000,0,0,0,15000,0,15000,15000
2062,橋椿            ,33000,15000,18000,0,0,0,0,0,0,-3000,1000,4000,-3000,0,0,0,15000
3229,晟鈦            ,18000,3000,15000,0,0,0,0,0,0,0,0,0,0,0,0,0,15000
4739,康普            ,62000,44000,18000,0,0,0,0,0,0,-3000,1000,4000,-3000,0,0,0,15000
910322,康師傅-DR       ,15000,0,15000,0,0,0,0,0,0,0,0,0,0,0,0,0,15000
067276,義隆統一03購01  ,0,0,0,0,0,0,0,0,0,14000,0,0,0,21000,7000,14000,14000
067279,美利達統一02購02,0,0,0,0,0,0,0,0,0,14000,0,0,0,14000,0,14000,14000
067044,華碩凱基02購01  ,0,0,0,0,0,0,0,0,0,14000,0,0,0,14000,0,14000,14000
066684,T50反1元富07購01,0,0,0,0,0,0,0,0,0,14000,0,0,0,14000,0,14000,14000
066256,華通元大02購02  ,0,0,0,0,0,0,0,0,0,14000,0,0,0,39000,25000,14000,14000
1603,華電            ,15000,2000,13000,0,0,0,0,0,0,1000,5000,4000,1000,0,0,0,14000
07951P,智邦元大9B售05  ,0,0,0,0,0,0,0,0,0,14000,0,0,0,114000,100000,14000,14000
08282P,南六群益9C售01  ,0,0,0,0,0,0,0,0,0,14000,0,0,0,100000,86000,14000,14000
07245P,台積電凱基99售16,0,0,0,0,0,0,0,0,0,14000,0,0,0,26000,12000,14000,14000
058672,可成群益9B購02  ,0,0,0,0,0,0,0,0,0,14000,0,0,0,18000,4000,14000,14000
061611,南六統一01購01  ,0,0,0,0,0,0,0,0,0,14000,0,0,0,18000,4000,14000,14000
061923,友達凱基9B購04  ,0,0,0,0,0,0,0,0,0,14000,0,0,0,14000,0,14000,14000
058959,南茂國票9A購01  ,0,0,0,0,0,0,0,0,0,14000,0,0,0,14000,0,14000,14000
054632,緯穎凱基9A購01  ,0,0,0,0,0,0,0,0,0,14000,0,0,0,14000,0,14000,14000
056944,鴻海統一98購11  ,0,0,0,0,0,0,0,0,0,14000,0,0,0,69000,55000,14000,14000
060315,易華電永豐9A購01,0,0,0,0,0,0,0,0,0,14000,0,0,0,68000,54000,14000,14000
060464,台積電元大9A購11,0,0,0,0,0,0,0,0,0,14000,0,0,0,15000,1000,14000,14000
061124,微星永豐9A購02  ,0,0,0,0,0,0,0,0,0,14000,0,0,0,269000,255000,14000,14000
061304,創意永豐9A購02  ,0,0,0,0,0,0,0,0,0,14000,0,0,0,354000,340000,14000,14000
061356,南電元大9A購06  ,0,0,0,0,0,0,0,0,0,14000,0,0,0,14000,0,14000,14000
063547,大立光兆豐9B購04,0,0,0,0,0,0,0,0,0,14000,0,0,0,14000,0,14000,14000
061152,微星群益9A購01  ,0,0,0,0,0,0,0,0,0,14000,0,0,0,14000,0,14000,14000
062708,立積元大9B購01  ,0,0,0,0,0,0,0,0,0,14000,0,0,0,42000,28000,14000,14000
062711,台表科元大9B購05,0,0,0,0,0,0,0,0,0,14000,0,0,0,26000,12000,14000,14000
060029,嘉晶永豐99購03  ,0,0,0,0,0,0,0,0,0,14000,0,0,0,95000,81000,14000,14000
062289,緯穎群益9B購01  ,0,0,0,0,0,0,0,0,0,14000,0,0,0,14000,0,14000,14000
062264,南六元大9B購02  ,0,0,0,0,0,0,0,0,0,14000,0,0,0,23000,9000,14000,14000
062225,華擎統一01購01  ,0,0,0,0,0,0,0,0,0,14000,0,0,0,14000,0,14000,14000
060165,上緯控永豐9A購01,0,0,0,0,0,0,0,0,0,14000,0,0,0,14000,0,14000,14000
063610,儒鴻群益9B購02  ,0,0,0,0,0,0,0,0,0,14000,0,0,0,112000,98000,14000,14000
063992,大立光中信9C購03,0,0,0,0,0,0,0,0,0,14000,0,0,0,50000,36000,14000,14000
064695,京鼎群益02購02  ,0,0,0,0,0,0,0,0,0,14000,0,0,0,15000,1000,14000,14000
064435,聯發科凱基02購03,0,0,0,0,0,0,0,0,0,14000,0,0,0,26000,12000,14000,14000
065861,台汽電元大9C購01,0,0,0,0,0,0,0,0,0,14000,0,0,0,90000,76000,14000,14000
065714,矽創群益9C購02  ,0,0,0,0,0,0,0,0,0,14000,0,0,0,14000,0,14000,14000
066132,精元群益01購01  ,0,0,0,0,0,0,0,0,0,14000,0,0,0,38000,24000,14000,14000
065034,玉晶光統一01購11,0,0,0,0,0,0,0,0,0,14000,0,0,0,14000,0,14000,14000
9919,康那香          ,390000,428000,-38000,0,0,0,52000,0,52000,0,0,0,0,0,0,0,14000
2413,環科            ,50000,27000,23000,0,0,0,0,0,0,-9000,3000,12000,-9000,0,0,0,14000
2414,精技            ,78000,59000,19000,0,0,0,0,0,0,-5000,0,5000,-5000,0,0,0,14000
2731,雄獅            ,55000,41000,14000,0,0,0,0,0,0,0,0,0,0,0,0,0,14000
2612,中航            ,21000,4000,17000,0,0,0,0,0,0,-3000,2000,5000,-3000,0,0,0,14000
07655P,台灣50凱基01售09,0,0,0,0,0,0,0,0,0,13000,0,0,0,43000,30000,13000,13000
07744P,奇力新凱基9A售05,0,0,0,0,0,0,0,0,0,13000,0,0,0,13000,0,13000,13000
08230P,台表科國票9C售03,0,0,0,0,0,0,0,0,0,13000,0,0,0,41000,28000,13000,13000
1414,東和            ,15000,0,15000,0,0,0,0,0,0,-2000,0,2000,-2000,0,0,0,13000
1459,聯發            ,16000,3000,13000,0,0,0,0,0,0,0,0,0,0,0,0,0,13000
08838P,台灣50麥證01售02,0,0,0,36000,23000,13000,0,0,0,13000,0,0,0,36000,23000,13000,13000
08404P,技嘉元大9C售02  ,0,0,0,0,0,0,0,0,0,13000,0,0,0,135000,122000,13000,13000
08664P,金像電凱基01售02,0,0,0,0,0,0,0,0,0,13000,0,0,0,13000,0,13000,13000
06633P,國巨國票99售01  ,0,0,0,0,0,0,0,0,0,13000,0,0,0,13000,0,13000,13000
066327,強茂永豐01購01  ,0,0,0,0,0,0,0,0,0,13000,0,0,0,49000,36000,13000,13000
066895,台勝科兆豐01購01,0,0,0,0,0,0,0,0,0,13000,0,0,0,13000,0,13000,13000
066859,華擎國票02購01  ,0,0,0,0,0,0,0,0,0,13000,0,0,0,13000,0,13000,13000
067161,嘉澤國票02購01  ,0,0,0,0,0,0,0,0,0,13000,0,0,0,13000,0,13000,13000
052299,T50反1台新05購03,0,0,0,0,0,0,0,0,0,13000,0,0,0,13000,0,13000,13000
055095,啟碁群益98購01  ,0,0,0,0,0,0,0,0,0,13000,0,0,0,13000,0,13000,13000
056516,晶豪科兆豐98購01,0,0,0,0,0,0,0,0,0,13000,0,0,0,13000,0,13000,13000
055023,億光國泰98購01  ,0,0,0,0,0,0,0,0,0,13000,0,0,0,13000,0,13000,13000
056432,鴻海凱基98購08  ,0,0,0,0,0,0,0,0,0,13000,0,0,0,13000,0,13000,13000
062044,健策凱基9B購02  ,0,0,0,0,0,0,0,0,0,13000,0,0,0,35000,22000,13000,13000
061625,聯茂群益9A購02  ,0,0,0,0,0,0,0,0,0,13000,0,0,0,115000,102000,13000,13000
057547,技嘉凱基99購01  ,0,0,0,0,0,0,0,0,0,13000,0,0,0,18000,5000,13000,13000
058804,T50反1統一9B購01,0,0,0,0,0,0,0,0,0,13000,0,0,0,13000,0,13000,13000
057318,台光電凱基9A購01,0,0,0,0,0,0,0,0,0,13000,0,0,0,23000,10000,13000,13000
059314,上銀元大99購03  ,0,0,0,0,0,0,0,0,0,13000,0,0,0,13000,0,13000,13000
062759,旺宏凱基9B購07  ,0,0,0,0,0,0,0,0,0,13000,0,0,0,114000,101000,13000,13000
059968,世紀鋼凱基99購03,0,0,0,0,0,0,0,0,0,13000,0,0,0,23000,10000,13000,13000
059350,樺漢凱基9A購01  ,0,0,0,0,0,0,0,0,0,13000,0,0,0,23000,10000,13000,13000
062914,嘉澤元大9B購02  ,0,0,0,0,0,0,0,0,0,13000,0,0,0,13000,0,13000,13000
063096,勤誠國票9B購02  ,0,0,0,0,0,0,0,0,0,13000,0,0,0,100000,87000,13000,13000
063286,嘉澤元大9B購04  ,0,0,0,0,0,0,0,0,0,13000,0,0,0,17000,4000,13000,13000
063380,台表科永豐9B購03,0,0,0,0,0,0,0,0,0,13000,0,0,0,93000,80000,13000,13000
060390,聯鈞群益9A購01  ,0,0,0,0,0,0,0,0,0,13000,0,0,0,14000,1000,13000,13000
060661,台積電凱基9A購18,0,0,0,0,0,0,0,0,0,13000,0,0,0,15000,2000,13000,13000
065000,和大國票02購01  ,0,0,0,0,0,0,0,0,0,13000,0,0,0,78000,65000,13000,13000
064917,元大金統一02購01,0,0,0,0,0,0,0,0,0,13000,0,0,0,111000,98000,13000,13000
065196,技嘉元富06購01  ,0,0,0,0,0,0,0,0,0,13000,0,0,0,13000,0,13000,13000
065455,金寶元富9C購01  ,0,0,0,0,0,0,0,0,0,13000,0,0,0,98000,85000,13000,13000
065943,台表科元富01購01,0,0,0,0,0,0,0,0,0,13000,0,0,0,13000,0,13000,13000
065695,友訊群益01購02  ,0,0,0,0,0,0,0,0,0,13000,0,0,0,30000,17000,13000,13000
064305,健鼎兆豐9C購02  ,0,0,0,0,0,0,0,0,0,13000,0,0,0,13000,0,13000,13000
064700,致新群益9C購02  ,0,0,0,0,0,0,0,0,0,13000,0,0,0,72000,59000,13000,13000
064196,健策群益01購01  ,0,0,0,0,0,0,0,0,0,13000,0,0,0,106000,93000,13000,13000
063860,旺宏國泰02購01  ,0,0,0,0,0,0,0,0,0,13000,0,0,0,70000,57000,13000,13000
063798,台積電凱基02購03,0,0,0,0,0,0,0,0,0,13000,0,0,0,13000,0,13000,13000
2538,基泰            ,50000,28000,22000,0,0,0,0,0,0,-9000,0,9000,-9000,0,0,0,13000
2524,京城            ,65000,47000,18000,0,0,0,0,0,0,-5000,1000,6000,-5000,0,0,0,13000
1783,和康生          ,105000,97000,8000,0,0,0,6000,0,6000,-1000,0,1000,-1000,0,0,0,13000
4552,力達-KY         ,17000,4000,13000,0,0,0,0,0,0,0,1000,1000,0,0,0,0,13000
6277,宏正            ,51000,35000,16000,0,0,0,0,0,0,-3000,1000,4000,-3000,0,0,0,13000
8454,富邦媒          ,112166,97230,14936,0,0,0,1000,0,1000,-3000,1000,4000,-3000,0,0,0,12936
07065P,臺股指元大9A售26,0,0,0,0,0,0,0,0,0,12000,0,0,0,47000,35000,12000,12000
067011,嘉基永豐01購03  ,0,0,0,0,0,0,0,0,0,12000,0,0,0,12000,0,12000,12000
067023,巨大中信01購01  ,0,0,0,0,0,0,0,0,0,12000,0,0,0,35000,23000,12000,12000
066419,聯發科元大01購11,0,0,0,0,0,0,0,0,0,12000,0,0,0,17000,5000,12000,12000
08451P,南六統一9C售06  ,0,0,0,0,0,0,0,0,0,12000,0,0,0,12000,0,12000,12000
08481P,臺股指凱基9C售19,0,0,0,0,0,0,0,0,0,12000,0,0,0,18000,6000,12000,12000
1203,味王            ,16000,4000,12000,0,0,0,0,0,0,0,0,0,0,0,0,0,12000
1446,宏和            ,26000,13000,13000,0,0,0,0,0,0,-1000,0,1000,-1000,0,0,0,12000
08069P,大立光國泰01售02,0,0,0,0,0,0,0,0,0,12000,0,0,0,42000,30000,12000,12000
07708P,玉晶光元大9A售13,0,0,0,0,0,0,0,0,0,12000,0,0,0,394000,382000,12000,12000
07760P,力山永豐9A售03  ,0,0,0,0,0,0,0,0,0,12000,0,0,0,12000,0,12000,12000
07527P,台灣50凱基9B售02,0,0,0,0,0,0,0,0,0,12000,0,0,0,12000,0,12000,12000
07370P,南亞科凱基99售08,0,0,0,0,0,0,0,0,0,12000,0,0,0,12000,0,12000,12000
057296,智原永豐98購01  ,0,0,0,0,0,0,0,0,0,12000,0,0,0,25000,13000,12000,12000
058777,台光電國票9A購01,0,0,0,0,0,0,0,0,0,12000,0,0,0,13000,1000,12000,12000
057050,群創元大99購03  ,0,0,0,0,0,0,0,0,0,12000,0,0,0,27000,15000,12000,12000
057727,華邦電國泰9A購01,0,0,0,0,0,0,0,0,0,12000,0,0,0,16000,4000,12000,12000
061639,晶豪科元大9A購02,20000,0,20000,0,0,0,0,0,0,-8000,0,0,0,12000,20000,-8000,12000
056264,聯發科統一98購02,0,0,0,0,0,0,0,0,0,12000,0,0,0,12000,0,12000,12000
056576,晶技元大99購02  ,0,0,0,0,0,0,0,0,0,12000,0,0,0,12000,0,12000,12000
056552,台表科凱基99購01,0,0,0,0,0,0,0,0,0,12000,0,0,0,14000,2000,12000,12000
055713,國巨元大98購09  ,0,0,0,0,0,0,0,0,0,12000,0,0,0,91000,79000,12000,12000
055631,創意永豐98購01  ,0,0,0,0,0,0,0,0,0,12000,0,0,0,39000,27000,12000,12000
00666R,富邦恒生國企反1 ,0,0,0,0,0,0,0,0,0,12000,0,0,0,98000,86000,12000,12000
060548,友達凱基9B購03  ,0,0,0,0,0,0,0,0,0,12000,0,0,0,22000,10000,12000,12000
060557,南電凱基9A購02  ,0,0,0,0,0,0,0,0,0,12000,0,0,0,35000,23000,12000,12000
060552,群創凱基9B購05  ,0,0,0,0,0,0,0,0,0,12000,0,0,0,12000,0,12000,12000
060340,國巨統一01購02  ,0,0,0,0,0,0,0,0,0,12000,0,0,0,12000,0,12000,12000
062766,台郡凱基9B購02  ,0,0,0,0,0,0,0,0,0,12000,0,0,0,12000,0,12000,12000
062221,奇力新統一01購01,0,0,0,0,0,0,0,0,0,12000,0,0,0,12000,0,12000,12000
062369,創意元大9B購01  ,0,0,0,0,0,0,0,0,0,12000,0,0,0,13000,1000,12000,12000
063742,道瓊指國票9C購01,0,0,0,0,0,0,0,0,0,12000,0,0,0,15000,3000,12000,12000
063837,亞德客元大01購01,0,0,0,0,0,0,0,0,0,12000,0,0,0,120000,108000,12000,12000
064158,健鼎統一02購01  ,0,0,0,0,0,0,0,0,0,12000,0,0,0,84000,72000,12000,12000
064259,矽格富邦9C購01  ,0,0,0,0,0,0,0,0,0,12000,0,0,0,12000,0,12000,12000
065647,健鼎元大9C購05  ,0,0,0,0,0,0,0,0,0,12000,0,0,0,200000,188000,12000,12000
065633,聯發科國票01購02,0,0,0,0,0,0,0,0,0,12000,0,0,0,13000,1000,12000,12000
065755,日電貿元大9C購02,0,0,0,0,0,0,0,0,0,12000,0,0,0,42000,30000,12000,12000
065951,聯發科統一01購08,0,0,0,0,0,0,0,0,0,12000,0,0,0,315000,303000,12000,12000
066097,英業達中信02購01,0,0,0,0,0,0,0,0,0,12000,0,0,0,153000,141000,12000,12000
066055,聯鈞元大01購01  ,0,0,0,0,0,0,0,0,0,12000,0,0,0,42000,30000,12000,12000
065434,台勝科凱基01購01,0,0,0,0,0,0,0,0,0,12000,0,0,0,17000,5000,12000,12000
064993,嘉澤兆豐9C購01  ,0,0,0,0,0,0,0,0,0,12000,0,0,0,12000,0,12000,12000
065008,TPK國票01購02   ,0,0,0,0,0,0,0,0,0,12000,0,0,0,50000,38000,12000,12000
2516,新建            ,14000,0,14000,0,0,0,0,0,0,-2000,0,2000,-2000,0,0,0,12000
2514,龍邦            ,92000,51000,41000,0,0,0,0,24212,-24212,-5000,0,5000,-5000,0,0,0,11788
07414P,台積電元大99售51,0,0,0,0,0,0,0,0,0,11000,0,0,0,11000,0,11000,11000
07301P,臺股指元大9A售34,0,0,0,0,0,0,0,0,0,11000,0,0,0,11000,0,11000,11000
07206P,鴻海凱基9A售11  ,0,0,0,0,0,0,0,0,0,11000,0,0,0,11000,0,11000,11000
08088P,義隆凱基9B售03  ,0,0,0,0,0,0,0,0,0,11000,0,0,0,11000,0,11000,11000
07944P,華新科元大9B售08,0,0,0,0,0,0,0,0,0,11000,0,0,0,11000,0,11000,11000
08205P,智邦凱基9B售03  ,0,0,0,0,0,0,0,0,0,11000,0,0,0,56000,45000,11000,11000
1423,利華            ,17000,6000,11000,0,0,0,0,0,0,0,0,0,0,0,0,0,11000
1611,中電            ,115000,94000,21000,0,0,0,0,0,0,-10000,0,10000,-10000,0,0,0,11000
1615,大山            ,23000,6000,17000,0,0,0,0,0,0,-6000,0,6000,-6000,0,0,0,11000
08491P,全新元大9C售01  ,0,0,0,0,0,0,0,0,0,11000,0,0,0,206000,195000,11000,11000
066490,創意元富07購01  ,0,0,0,0,0,0,0,0,0,11000,0,0,0,15000,4000,11000,11000
066542,臺指反元大04購02,0,0,0,0,0,0,0,0,0,11000,0,0,0,11000,0,11000,11000
066603,台達電富邦05購01,0,0,0,0,0,0,0,0,0,11000,0,0,0,139000,128000,11000,11000
06886P,旺宏元大99售07  ,0,0,0,0,0,0,0,0,0,11000,0,0,0,20000,9000,11000,11000
020000,富邦特選蘋果N   ,0,0,0,0,0,0,0,0,0,11000,0,0,0,31000,20000,11000,11000
03421B,臺股指元大99熊01,0,0,0,0,0,0,0,0,0,11000,0,0,0,11000,0,11000,11000
046383,群創凱基98購01  ,0,0,0,0,0,0,0,0,0,11000,0,0,0,53000,42000,11000,11000
03684C,臺股指元大06牛01,0,0,0,0,0,0,0,0,0,11000,0,0,0,23000,12000,11000,11000
055244,國巨統一98購01  ,0,0,0,0,0,0,0,0,0,11000,0,0,0,111000,100000,11000,11000
061628,緯穎群益9A購04  ,0,0,0,0,0,0,0,0,0,11000,0,0,0,19000,8000,11000,11000
057844,新日興永豐99購01,0,0,0,0,0,0,0,0,0,11000,0,0,0,11000,0,11000,11000
058390,樺漢國票9A購01  ,0,0,0,0,0,0,0,0,0,11000,0,0,0,11000,0,11000,11000
058462,台積電兆豐99購01,0,0,0,0,0,0,0,0,0,11000,0,0,0,11000,0,11000,11000
059208,SGBR2X元大99購02,0,0,0,0,0,0,0,0,0,11000,0,0,0,41000,30000,11000,11000
060105,牧德元大9B購01  ,0,0,0,0,0,0,0,0,0,11000,0,0,0,90000,79000,11000,11000
062741,立積國票9B購02  ,0,0,0,0,0,0,0,0,0,11000,0,0,0,11000,0,11000,11000
059611,台積電永豐99購05,0,0,0,0,0,0,0,0,0,11000,0,0,0,13000,2000,11000,11000
059475,元石油群益99購02,0,0,0,0,0,0,0,0,0,11000,0,0,0,11000,0,11000,11000
063324,道瓊反國票9B購03,0,0,0,0,0,0,0,0,0,11000,0,0,0,81000,70000,11000,11000
063303,聯發科凱基9B購14,0,0,0,0,0,0,0,0,0,11000,0,0,0,11000,0,11000,11000
063535,聯發科統一9B購13,0,0,0,0,0,0,0,0,0,11000,0,0,0,11000,0,11000,11000
065207,奇力新國票9C購02,0,0,0,0,0,0,0,0,0,11000,0,0,0,86000,75000,11000,11000
065292,緯創群益9C購01  ,0,0,0,0,0,0,0,0,0,11000,0,0,0,76000,65000,11000,11000
065875,創意群益9C購05  ,0,0,0,0,0,0,0,0,0,11000,0,0,0,11000,0,11000,11000
065671,大立光凱基9C購07,0,0,0,0,0,0,0,0,0,11000,0,0,0,101000,90000,11000,11000
064659,台達電元大9C購02,0,0,0,0,0,0,0,0,0,11000,0,0,0,11000,0,11000,11000
064663,鴻海元大9C購11  ,0,0,0,0,0,0,0,0,0,11000,0,0,0,20000,9000,11000,11000
064639,聚陽凱基02購01  ,0,0,0,0,0,0,0,0,0,11000,0,0,0,249000,238000,11000,11000
064792,美律國票9C購01  ,0,0,0,0,0,0,0,0,0,11000,0,0,0,11000,0,11000,11000
064140,台達電統一01購01,0,0,0,0,0,0,0,0,0,11000,0,0,0,11000,0,11000,11000
063600,燿華凱基9B購04  ,0,0,0,0,0,0,0,0,0,11000,0,0,0,11000,0,11000,11000
2015,豐興            ,64000,50000,14000,0,0,0,0,0,0,-3000,0,3000,-3000,0,0,0,11000
8341,日友            ,39000,26000,13000,0,0,0,0,0,0,-2000,0,2000,-2000,0,0,0,11000
6581,鋼聯            ,14000,2000,12000,0,0,0,0,0,0,-1000,0,1000,-1000,0,0,0,11000
06798P,臺股指凱基98售08,0,0,0,0,0,0,0,0,0,10000,0,0,0,10000,0,10000,10000
06981P,台灣50麥證99售02,0,0,0,0,0,0,0,0,0,10000,0,0,0,10000,0,10000,10000
06953P,景碩統一9A售01  ,0,0,0,0,0,0,0,0,0,10000,0,0,0,10000,0,10000,10000
06985P,華新科富邦9C售02,0,0,0,0,0,0,0,0,0,10000,0,0,0,10000,0,10000,10000
067244,康控群益01購02  ,0,0,0,0,0,0,0,0,0,10000,0,0,0,13000,3000,10000,10000
067246,鎧勝群益01購02  ,0,0,0,0,0,0,0,0,0,10000,0,0,0,10000,0,10000,10000
06743P,創意永豐98售03  ,0,0,0,0,0,0,0,0,0,10000,0,0,0,10000,0,10000,10000
066963,T50反1元富07購03,0,0,0,0,0,0,0,0,0,10000,0,0,0,10000,0,10000,10000
067078,京鼎元大01購04  ,0,0,0,0,0,0,0,0,0,10000,0,0,0,10000,0,10000,10000
067081,華擎元大01購05  ,0,0,0,0,0,0,0,0,0,10000,0,0,0,61000,51000,10000,10000
066926,聚陽國票02購01  ,0,0,0,0,0,0,0,0,0,10000,0,0,0,150000,140000,10000,10000
066948,聯發科元大01購16,0,0,0,0,0,0,0,0,0,10000,0,0,0,10000,0,10000,10000
066486,台光電元富01購02,0,0,0,0,0,0,0,0,0,10000,0,0,0,10000,0,10000,10000
066505,可成富邦03購01  ,0,0,0,0,0,0,0,0,0,10000,0,0,0,10000,0,10000,10000
066667,群創凱基03購03  ,0,0,0,0,0,0,0,0,0,10000,0,0,0,10000,0,10000,10000
066661,友達凱基03購01  ,0,0,0,0,0,0,0,0,0,10000,0,0,0,10000,0,10000,10000
066649,華新科麥證01購02,0,0,0,10000,0,10000,0,0,0,10000,0,0,0,10000,0,10000,10000
066769,嘉基永豐01購02  ,0,0,0,0,0,0,0,0,0,10000,0,0,0,10000,0,10000,10000
066395,可成凱基01購03  ,0,0,0,0,0,0,0,0,0,10000,0,0,0,11000,1000,10000,10000
066439,信錦群益02購01  ,0,0,0,0,0,0,0,0,0,10000,0,0,0,10000,0,10000,10000
066189,和潤凱基01購01  ,0,0,0,0,0,0,0,0,0,10000,0,0,0,40000,30000,10000,10000
066178,拓凱凱基01購01  ,0,0,0,0,0,0,0,0,0,10000,0,0,0,10000,0,10000,10000
066240,泰鼎富邦03購01  ,0,0,0,0,0,0,0,0,0,10000,0,0,0,73000,63000,10000,10000
08482P,亞德客群益9C售02,0,0,0,0,0,0,0,0,0,10000,0,0,0,10000,0,10000,10000
08646P,臺股指中信03售02,0,0,0,0,0,0,0,0,0,10000,0,0,0,10000,0,10000,10000
08772P,滬深2X凱基03售03,0,0,0,0,0,0,0,0,0,10000,0,0,0,10000,0,10000,10000
08813P,聯發科群益01售02,0,0,0,0,0,0,0,0,0,10000,0,0,0,10000,0,10000,10000
08793P,聯詠中信07售02  ,0,0,0,0,0,0,0,0,0,10000,0,0,0,70000,60000,10000,10000
08264P,南電元大9C售02  ,0,0,0,0,0,0,0,0,0,10000,0,0,0,10000,0,10000,10000
08335P,香港2X中信03售01,0,0,0,0,0,0,0,0,0,10000,0,0,0,10000,0,10000,10000
08341P,國泰金台新9C售01,0,0,0,0,0,0,0,0,0,10000,0,0,0,10000,0,10000,10000
08313P,健策國票01售01  ,0,0,0,0,0,0,0,0,0,10000,0,0,0,11000,1000,10000,10000
07922P,大立光群益9B售05,0,0,0,0,0,0,0,0,0,10000,0,0,0,10000,0,10000,10000
07986P,大成鋼統一9B售02,0,0,0,0,0,0,0,0,0,10000,0,0,0,10000,0,10000,10000
08066P,南亞科凱基9B售04,0,0,0,0,0,0,0,0,0,10000,0,0,0,10000,0,10000,10000
08058P,華新科元大9B售10,0,0,0,0,0,0,0,0,0,10000,0,0,0,10000,0,10000,10000
07256P,臺股指凱基99售36,0,0,0,0,0,0,0,0,0,10000,0,0,0,10000,0,10000,10000
07372P,滬深2X元大99售08,0,0,0,0,0,0,0,0,0,10000,0,0,0,10000,0,10000,10000
07426P,上証2X國票9B售01,0,0,0,0,0,0,0,0,0,10000,0,0,0,10000,0,10000,10000
07547P,緯穎凱基9A售05  ,0,0,0,0,0,0,0,0,0,10000,0,0,0,10000,0,10000,10000
07747P,晶技凱基9A售04  ,0,0,0,0,0,0,0,0,0,10000,0,0,0,10000,0,10000,10000
07698P,臺股指元大9A售51,0,0,0,0,0,0,0,0,0,10000,0,0,0,10000,0,10000,10000
07765P,台積電群益9A售06,0,0,0,0,0,0,0,0,0,10000,0,0,0,20000,10000,10000,10000
07814P,華通群益9A售06  ,0,0,0,0,0,0,0,0,0,10000,0,0,0,20000,10000,10000,10000
058553,合勤控永豐99購01,0,0,0,0,0,0,0,0,0,10000,0,0,0,10000,0,10000,10000
059223,大立光元大99購14,0,0,0,0,0,0,0,0,0,10000,0,0,0,10000,0,10000,10000
057257,台泥兆豐99購01  ,0,0,0,0,0,0,0,0,0,10000,0,0,0,10000,0,10000,10000
057323,智邦群益98購01  ,0,0,0,0,0,0,0,0,0,10000,0,0,0,10000,0,10000,10000
057422,欣興凱基98購04  ,0,0,0,0,0,0,0,0,0,10000,0,0,0,10000,0,10000,10000
057427,華通兆豐99購01  ,0,0,0,0,0,0,0,0,0,10000,0,0,0,10000,0,10000,10000
058458,牧德永豐9A購01  ,0,0,0,0,0,0,0,0,0,10000,0,0,0,10000,0,10000,10000
058654,鴻海中信03購01  ,0,0,0,0,0,0,0,0,0,10000,0,0,0,10000,0,10000,10000
058685,TPK凱基99購01   ,0,0,0,0,0,0,0,0,0,10000,0,0,0,10000,0,10000,10000
058662,禾伸堂兆豐99購01,0,0,0,0,0,0,0,0,0,10000,0,0,0,10000,0,10000,10000
058747,友達凱基9A購03  ,0,0,0,0,0,0,0,0,0,10000,0,0,0,10000,0,10000,10000
059172,台郡凱基99購03  ,0,0,0,0,0,0,0,0,0,10000,0,0,0,10000,0,10000,10000
059117,禾伸堂永豐99購01,0,0,0,0,0,0,0,0,0,10000,0,0,0,10000,0,10000,10000
059118,晶技永豐9A購01  ,0,0,0,0,0,0,0,0,0,10000,0,0,0,10000,0,10000,10000
057053,立積元大98購02  ,0,0,0,0,0,0,0,0,0,10000,0,0,0,20000,10000,10000,10000
059083,華通元大99購07  ,0,0,0,0,0,0,0,0,0,10000,0,0,0,15000,5000,10000,10000
057167,台積電元大99購03,0,0,0,0,0,0,0,0,0,10000,0,0,0,10000,0,10000,10000
057855,晶技國票99購01  ,0,0,0,0,0,0,0,0,0,10000,0,0,0,10000,0,10000,10000
057791,可成統一99購01  ,0,0,0,0,0,0,0,0,0,10000,0,0,0,20000,10000,10000,10000
057765,康舒凱基98購01  ,0,0,0,0,0,0,0,0,0,10000,0,0,0,10000,0,10000,10000
057481,技嘉元大98購04  ,0,0,0,0,0,0,0,0,0,10000,0,0,0,14000,4000,10000,10000
05750P,臺股指群益99售04,0,0,0,0,0,0,0,0,0,10000,0,0,0,59000,49000,10000,10000
057740,茂林富邦9A購01  ,0,0,0,0,0,0,0,0,0,10000,0,0,0,63000,53000,10000,10000
058314,欣興富邦9B購01  ,0,0,0,0,0,0,0,0,0,10000,0,0,0,26000,16000,10000,10000
058349,滬深2X日盛9A購01,0,0,0,0,0,0,0,0,0,10000,0,0,0,10000,0,10000,10000
057871,國巨元大99購09  ,0,0,0,0,0,0,0,0,0,10000,0,0,0,10000,0,10000,10000
057817,景碩元大98購01  ,0,0,0,0,0,0,0,0,0,10000,0,0,0,10000,0,10000,10000
057928,鈺齊凱基98購02  ,0,0,0,0,0,0,0,0,0,10000,0,0,0,10000,0,10000,10000
057641,旺宏元大98購10  ,0,0,0,0,0,0,0,0,0,10000,0,0,0,10000,0,10000,10000
061607,台表科凱基9B購02,0,0,0,0,0,0,0,0,0,10000,0,0,0,10000,0,10000,10000
062160,南六凱基9B購01  ,0,0,0,0,0,0,0,0,0,10000,0,0,0,10000,0,10000,10000
058378,南電凱基99購01  ,0,0,0,0,0,0,0,0,0,10000,0,0,0,23000,13000,10000,10000
062197,聯發科中信01購03,0,0,0,0,0,0,0,0,0,10000,0,0,0,30000,20000,10000,10000
062041,華擎凱基9C購01  ,0,0,0,0,0,0,0,0,0,10000,0,0,0,10000,0,10000,10000
055137,GIS富邦98購01   ,0,0,0,0,0,0,0,0,0,10000,0,0,0,10000,0,10000,10000
055272,國巨元大98購04  ,0,0,0,0,0,0,0,0,0,10000,0,0,0,10000,0,10000,10000
058007,南電群益98購02  ,0,0,0,0,0,0,0,0,0,10000,0,0,0,11000,1000,10000,10000
058085,景碩群益9A購01  ,0,0,0,0,0,0,0,0,0,10000,0,0,0,10000,0,10000,10000
058100,聯茂國泰99購02  ,0,0,0,0,0,0,0,0,0,10000,0,0,0,10000,0,10000,10000
058996,台達電元大99購02,0,0,0,0,0,0,0,0,0,10000,0,0,0,10000,0,10000,10000
059007,南電元大99購05  ,0,0,0,0,0,0,0,0,0,10000,0,0,0,10000,0,10000,10000
059062,群創凱基99購05  ,0,0,0,0,0,0,0,0,0,10000,0,0,0,24000,14000,10000,10000
055725,嘉聯益元大98購03,0,0,0,0,0,0,0,0,0,10000,0,0,0,10000,0,10000,10000
056104,義隆永豐97購01  ,0,0,0,0,0,0,0,0,0,10000,0,0,0,10000,0,10000,10000
056570,旺宏元大98購07  ,0,0,0,0,0,0,0,0,0,10000,0,0,0,10000,0,10000,10000
054935,華通元大98購03  ,0,0,0,0,0,0,0,0,0,10000,0,0,0,10000,0,10000,10000
054961,玉晶光元大99購01,0,0,0,0,0,0,0,0,0,10000,0,0,0,10000,0,10000,10000
055029,帆宣國泰99購01  ,0,0,0,0,0,0,0,0,0,10000,0,0,0,10000,0,10000,10000
056531,佳世達凱基98購01,0,0,0,0,0,0,0,0,0,10000,0,0,0,10000,0,10000,10000
056462,訊芯凱基98購03  ,0,0,0,0,0,0,0,0,0,10000,0,0,0,10000,0,10000,10000
056277,上銀富邦99購02  ,0,0,0,0,0,0,0,0,0,10000,0,0,0,10000,0,10000,10000
056312,茂林元大98購01  ,0,0,0,0,0,0,0,0,0,10000,0,0,0,10000,0,10000,10000
056290,正文永豐98購01  ,0,0,0,0,0,0,0,0,0,10000,0,0,0,10000,0,10000,10000
056433,鴻海凱基98購09  ,0,0,0,0,0,0,0,0,0,10000,0,0,0,14000,4000,10000,10000
056387,智伸科國泰99購01,0,0,0,0,0,0,0,0,0,10000,0,0,0,10000,0,10000,10000
056401,國巨群益98購07  ,0,0,0,0,0,0,0,0,0,10000,0,0,0,10000,0,10000,10000
056608,力山永豐98購01  ,0,0,0,0,0,0,0,0,0,10000,0,0,0,20000,10000,10000,10000
056429,華通凱基98購02  ,0,0,0,0,0,0,0,0,0,10000,0,0,0,14000,4000,10000,10000
056665,上証2X國票99購02,0,0,0,0,0,0,0,0,0,10000,0,0,0,10000,0,10000,10000
035275,台積電台新97購01,0,0,0,0,0,0,0,0,0,10000,0,0,0,10000,0,10000,10000
054156,聯電亞東98購01  ,0,0,0,0,0,0,0,0,0,10000,0,0,0,10000,0,10000,10000
053890,華新科群益98購01,0,0,0,0,0,0,0,0,0,10000,0,0,0,10000,0,10000,10000
053654,聯發科凱基98購01,0,0,0,0,0,0,0,0,0,10000,0,0,0,10000,0,10000,10000
053660,群創凱基98購08  ,0,0,0,0,0,0,0,0,0,10000,0,0,0,20000,10000,10000,10000
00706L,元大S&P日圓正2  ,0,0,0,0,0,0,0,0,0,10000,0,0,0,11000,1000,10000,10000
052731,宏達電國泰98購01,0,0,0,0,0,0,0,0,0,10000,0,0,0,10000,0,10000,10000
052684,旺宏元大98購01  ,0,0,0,0,0,0,0,0,0,10000,0,0,0,10000,0,10000,10000
052994,群創台新99購01  ,0,0,0,0,0,0,0,0,0,10000,0,0,0,10000,0,10000,10000
052801,友達元大9A購01  ,0,0,0,0,0,0,0,0,0,10000,0,0,0,10000,0,10000,10000
051979,群創凱基97購01  ,0,0,0,0,0,0,0,0,0,10000,0,0,0,10000,0,10000,10000
052135,聯發科凱基9B購01,0,0,0,0,0,0,0,0,0,10000,0,0,0,70000,60000,10000,10000
053413,台積電國票99購01,0,0,0,0,0,0,0,0,0,10000,0,0,0,11000,1000,10000,10000
056908,牧德元大99購03  ,0,0,0,0,0,0,0,0,0,10000,0,0,0,10000,0,10000,10000
056909,嘉聯益元大99購03,0,0,0,0,0,0,0,0,0,10000,0,0,0,60000,50000,10000,10000
056994,緯穎兆豐98購02  ,0,0,0,0,0,0,0,0,0,10000,0,0,0,10000,0,10000,10000
056843,冠德元富98購01  ,0,0,0,0,0,0,0,0,0,10000,0,0,0,10000,0,10000,10000
056895,技嘉元大98購01  ,0,0,0,0,0,0,0,0,0,10000,0,0,0,10000,0,10000,10000
054750,聯茂凱基98購02  ,0,0,0,0,0,0,0,0,0,10000,0,0,0,10000,0,10000,10000
063531,台表科凱基9B購04,0,0,0,0,0,0,0,0,0,10000,0,0,0,10000,0,10000,10000
063487,國巨國泰01購02  ,0,0,0,0,0,0,0,0,0,10000,0,0,0,10000,0,10000,10000
063501,旭富永豐9B購02  ,0,0,0,0,0,0,0,0,0,10000,0,0,0,11000,1000,10000,10000
063300,華通凱基9B購05  ,0,0,0,0,0,0,0,0,0,10000,0,0,0,10000,0,10000,10000
063229,台表科群益9B購04,0,0,0,0,0,0,0,0,0,10000,0,0,0,60000,50000,10000,10000
063253,巨大元大9B購03  ,0,0,0,0,0,0,0,0,0,10000,0,0,0,10000,0,10000,10000
063370,國巨永豐9B購03  ,0,0,0,0,0,0,0,0,0,10000,0,0,0,10000,0,10000,10000
063137,瑞昱統一01購02  ,0,0,0,0,0,0,0,0,0,10000,0,0,0,10000,0,10000,10000
061174,鴻海凱基9A購23  ,0,0,0,0,0,0,0,0,0,10000,0,0,0,10000,0,10000,10000
061556,台積電國票9A購08,0,0,0,0,0,0,0,0,0,10000,0,0,0,10000,0,10000,10000
061458,臻鼎凱基9A購02  ,0,0,0,0,0,0,0,0,0,10000,0,0,0,10000,0,10000,10000
061405,亞德客國票9B購01,0,0,0,0,0,0,0,0,0,10000,0,0,0,10000,0,10000,10000
060320,元金2X群益02購01,0,0,0,0,0,0,0,0,0,10000,0,0,0,10000,0,10000,10000
062930,旺宏統一9C購02  ,0,0,0,0,0,0,0,0,0,10000,0,0,0,10000,0,10000,10000
062987,祥碩中信01購01  ,0,0,0,0,0,0,0,0,0,10000,0,0,0,30000,20000,10000,10000
063023,華擎元大9B購02  ,0,0,0,0,0,0,0,0,0,10000,0,0,0,10000,0,10000,10000
06054P,臺股指中信9A售01,0,0,0,0,0,0,0,0,0,10000,0,0,0,15000,5000,10000,10000
060461,鴻海元大9A購09  ,0,0,0,0,0,0,0,0,0,10000,0,0,0,10000,0,10000,10000
060625,華擎元大9A購01  ,0,0,0,0,0,0,0,0,0,10000,0,0,0,10000,0,10000,10000
060654,大毅群益9B購01  ,0,0,0,0,0,0,0,0,0,10000,0,0,0,10000,0,10000,10000
060618,玉晶光元大9A購02,0,0,0,0,0,0,0,0,0,10000,0,0,0,10000,0,10000,10000
060380,T50反1凱基9A購08,0,0,0,0,0,0,0,0,0,10000,0,0,0,10000,0,10000,10000
060764,華擎元大9A購03  ,0,0,0,0,0,0,0,0,0,10000,0,0,0,10000,0,10000,10000
060774,南亞科凱基9A購01,0,0,0,0,0,0,0,0,0,10000,0,0,0,10000,0,10000,10000
060812,智邦凱基9A購01  ,0,0,0,0,0,0,0,0,0,10000,0,0,0,10000,0,10000,10000
061262,智邦凱基9A購02  ,0,0,0,0,0,0,0,0,0,10000,0,0,0,10000,0,10000,10000
061264,全新凱基9B購01  ,0,0,0,0,0,0,0,0,0,10000,0,0,0,10000,0,10000,10000
061242,玉晶光兆豐9B購02,0,0,0,0,0,0,0,0,0,10000,0,0,0,10000,0,10000,10000
059450,和大永豐99購01  ,0,0,0,0,0,0,0,0,0,10000,0,0,0,10000,0,10000,10000
059866,國巨凱基99購18  ,0,0,0,0,0,0,0,0,0,10000,0,0,0,10000,0,10000,10000
059848,智邦永豐99購01  ,0,0,0,0,0,0,0,0,0,10000,0,0,0,10000,0,10000,10000
059934,華通永豐99購02  ,0,0,0,0,0,0,0,0,0,10000,0,0,0,10000,0,10000,10000
059942,全新永豐99購04  ,0,0,0,0,0,0,0,0,0,10000,0,0,0,10000,0,10000,10000
059628,智邦凱基99購04  ,0,0,0,0,0,0,0,0,0,10000,0,0,0,10000,0,10000,10000
062885,臻鼎兆豐9C購01  ,0,0,0,0,0,0,0,0,0,10000,0,0,0,40000,30000,10000,10000
062893,元金2X元大9C購01,0,0,0,0,0,0,0,0,0,10000,0,0,0,10000,0,10000,10000
059663,旭富元大9C購02  ,0,0,0,0,0,0,0,0,0,10000,0,0,0,35000,25000,10000,10000
059828,健策凱基99購05  ,0,0,0,0,0,0,0,0,0,10000,0,0,0,10000,0,10000,10000
062742,技嘉國泰01購01  ,0,0,0,0,0,0,0,0,0,10000,0,0,0,10000,0,10000,10000
059252,聯詠凱基99購03  ,0,0,0,0,0,0,0,0,0,10000,0,0,0,10000,0,10000,10000
062716,鴻海凱基9B購06  ,0,0,0,0,0,0,0,0,0,10000,0,0,0,10000,0,10000,10000
062732,南六凱基9B購03  ,0,0,0,0,0,0,0,0,0,10000,0,0,0,10000,0,10000,10000
059325,超眾元大99購05  ,0,0,0,0,0,0,0,0,0,10000,0,0,0,10000,0,10000,10000
059267,群創中信01購02  ,0,0,0,0,0,0,0,0,0,10000,0,0,0,10000,0,10000,10000
059268,鎧勝中信01購01  ,0,0,0,0,0,0,0,0,0,10000,0,0,0,10000,0,10000,10000
062808,祥碩統一9C購01  ,0,0,0,0,0,0,0,0,0,10000,0,0,0,10000,0,10000,10000
062821,華擎兆豐9C購01  ,0,0,0,0,0,0,0,0,0,10000,0,0,0,10000,0,10000,10000
062052,華通統一01購01  ,0,0,0,0,0,0,0,0,0,10000,0,0,0,28000,18000,10000,10000
062228,南六統一02購01  ,0,0,0,0,0,0,0,0,0,10000,0,0,0,45000,35000,10000,10000
060937,T50反1國票9A購10,0,0,0,0,0,0,0,0,0,10000,0,0,0,10000,0,10000,10000
062271,華通群益9C購02  ,0,0,0,0,0,0,0,0,0,10000,0,0,0,10000,0,10000,10000
060174,T50反1元富04購01,0,0,0,0,0,0,0,0,0,10000,0,0,0,10000,0,10000,10000
060202,康友元富9A購01  ,0,0,0,0,0,0,0,0,0,10000,0,0,0,10000,0,10000,10000
062309,燿華凱基9B購01  ,0,0,0,0,0,0,0,0,0,10000,0,0,0,10000,0,10000,10000
062472,大立光凱基9B購04,0,0,0,0,0,0,0,0,0,10000,0,0,0,10000,0,10000,10000
062495,友達中信01購02  ,0,0,0,0,0,0,0,0,0,10000,0,0,0,10000,0,10000,10000
062479,TPK國票9B購01   ,0,0,0,0,0,0,0,0,0,10000,0,0,0,10000,0,10000,10000
062427,嘉澤統一01購01  ,0,0,0,0,0,0,0,0,0,10000,0,0,0,10000,0,10000,10000
061669,崇越中信9A購01  ,0,0,0,0,0,0,0,0,0,10000,0,0,0,10000,0,10000,10000
061813,鴻海群益9B購02  ,0,0,0,0,0,0,0,0,0,10000,0,0,0,10000,0,10000,10000
060996,臻鼎元大9A購01  ,0,0,0,0,0,0,0,0,0,10000,0,0,0,10000,0,10000,10000
061001,智邦兆豐9B購01  ,0,0,0,0,0,0,0,0,0,10000,0,0,0,10000,0,10000,10000
063609,南電凱基9B購05  ,0,0,0,0,0,0,0,0,0,10000,0,0,0,23000,13000,10000,10000
063701,燿華群益9B購02  ,0,0,0,0,0,0,0,0,0,10000,0,0,0,10000,0,10000,10000
063684,上銀永豐9B購02  ,0,0,0,0,0,0,0,0,0,10000,0,0,0,59000,49000,10000,10000
063662,上銀統一01購03  ,0,0,0,0,0,0,0,0,0,10000,0,0,0,30000,20000,10000,10000
063878,國巨元富9C購01  ,0,0,0,0,0,0,0,0,0,10000,0,0,0,10000,0,10000,10000
063905,健策麥證02購01  ,0,0,0,10000,0,10000,0,0,0,10000,0,0,0,10000,0,10000,10000
063758,聯發科統一9B購14,0,0,0,0,0,0,0,0,0,10000,0,0,0,10000,0,10000,10000
064129,新日興元大9C購02,0,0,0,0,0,0,0,0,0,10000,0,0,0,10000,0,10000,10000
063926,南亞科統一03購01,0,0,0,0,0,0,0,0,0,10000,0,0,0,10000,0,10000,10000
063946,聯發科元大9C購04,0,0,0,0,0,0,0,0,0,10000,0,0,0,10000,0,10000,10000
064878,大立光兆豐9C購03,0,0,0,0,0,0,0,0,0,10000,0,0,0,10000,0,10000,10000
064596,台表科統一01購03,0,0,0,0,0,0,0,0,0,10000,0,0,0,10000,0,10000,10000
064678,嘉晶兆豐01購01  ,0,0,0,0,0,0,0,0,0,10000,0,0,0,12000,2000,10000,10000
064687,國巨群益9C購10  ,0,0,0,0,0,0,0,0,0,10000,0,0,0,35000,25000,10000,10000
064691,友達群益9C購04  ,0,0,0,0,0,0,0,0,0,10000,0,0,0,10000,0,10000,10000
064562,友達群益9C購03  ,0,0,0,0,0,0,0,0,0,10000,0,0,0,10000,0,10000,10000
064519,聯詠群益9C購01  ,0,0,0,0,0,0,0,0,0,10000,0,0,0,10000,0,10000,10000
065868,燿華群益02購01  ,0,0,0,0,0,0,0,0,0,10000,0,0,0,11000,1000,10000,10000
065814,健策統一9C購08  ,0,0,0,0,0,0,0,0,0,10000,0,0,0,10000,0,10000,10000
065726,京元電凱基9C購02,0,0,0,0,0,0,0,0,0,10000,0,0,0,106000,96000,10000,10000
066129,佳世達群益01購01,0,0,0,0,0,0,0,0,0,10000,0,0,0,10000,0,10000,10000
065947,國巨統一02購03  ,0,0,0,0,0,0,0,0,0,10000,0,0,0,10000,0,10000,10000
065391,和大群益01購03  ,0,0,0,0,0,0,0,0,0,10000,0,0,0,10000,0,10000,10000
065545,華通兆豐9C購03  ,0,0,0,0,0,0,0,0,0,10000,0,0,0,10000,0,10000,10000
065218,世芯國泰02購02  ,0,0,0,0,0,0,0,0,0,10000,0,0,0,12000,2000,10000,10000
065145,貿聯凱基9C購02  ,0,0,0,0,0,0,0,0,0,10000,0,0,0,10000,0,10000,10000
065111,瀚宇博國票01購01,0,0,0,0,0,0,0,0,0,10000,0,0,0,20000,10000,10000,10000
065087,可成元大9C購08  ,0,0,0,0,0,0,0,0,0,10000,0,0,0,14000,4000,10000,10000
065006,景碩國票01購01  ,0,0,0,0,0,0,0,0,0,10000,0,0,0,10000,0,10000,10000
065007,群創國票01購01  ,0,0,0,0,0,0,0,0,0,10000,0,0,0,10000,0,10000,10000
06499P,臺股指元大9A售04,0,0,0,0,0,0,0,0,0,10000,0,0,0,20000,10000,10000,10000
065059,神隆群益9C購01  ,0,0,0,0,0,0,0,0,0,10000,0,0,0,37000,27000,10000,10000
065070,臺股指群益9C購18,0,0,0,0,0,0,0,0,0,10000,0,0,0,15000,5000,10000,10000
065071,電子類群益9C購01,0,0,0,0,0,0,0,0,0,10000,0,0,0,10000,0,10000,10000
065049,世芯凱基02購01  ,0,0,0,0,0,0,0,0,0,10000,0,0,0,168000,158000,10000,10000
9136,巨騰-DR         ,37000,94000,-57000,0,0,0,0,0,0,67000,67000,0,67000,0,0,0,10000
2022,聚亨            ,25000,15000,10000,0,0,0,0,0,0,0,0,0,0,0,0,0,10000
2527,宏璟            ,26000,6000,20000,0,0,0,0,0,0,-10000,0,10000,-10000,0,0,0,10000
2881B,富邦金乙特      ,0,0,0,0,0,0,0,0,0,10000,10000,0,10000,0,0,0,10000
1720,生達            ,285000,269000,16000,0,0,0,0,9953,-9953,3000,3000,0,3000,0,0,0,9047
1219,福壽            ,26000,17000,9000,0,0,0,0,0,0,0,0,0,0,0,0,0,9000
08712P,國巨元富07售03  ,0,0,0,0,0,0,0,0,0,9000,0,0,0,10000,1000,9000,9000
07756P,台灣50國票04售01,0,0,0,0,0,0,0,0,0,9000,0,0,0,9000,0,9000,9000
07188P,臺股指台新99售11,0,0,0,0,0,0,0,0,0,9000,0,0,0,9000,0,9000,9000
08094P,華新科元富9B售05,0,0,0,0,0,0,0,0,0,9000,0,0,0,79000,70000,9000,9000
08006P,長榮航中信03售01,0,0,0,0,0,0,0,0,0,9000,0,0,0,9000,0,9000,9000
066380,瑞昱康和01購02  ,0,0,0,0,0,0,0,0,0,9000,0,0,0,118000,109000,9000,9000
066362,瑞昱中信05購01  ,0,0,0,0,0,0,0,0,0,9000,0,0,0,50000,41000,9000,9000
066524,創意統一02購03  ,0,0,0,0,0,0,0,0,0,9000,0,0,0,77000,68000,9000,9000
067120,矽創群益01購01  ,0,0,0,0,0,0,0,0,0,9000,0,0,0,9000,0,9000,9000
054569,GIS群益98購01   ,0,0,0,0,0,0,0,0,0,9000,0,0,0,21000,12000,9000,9000
03678C,臺股指凱基01牛02,0,0,0,0,0,0,0,0,0,9000,0,0,0,10000,1000,9000,9000
03682C,臺股指凱基9C牛07,0,0,0,0,0,0,0,0,0,9000,0,0,0,18000,9000,9000,9000
055923,矽力凱基98購01  ,0,0,0,0,0,0,0,0,0,9000,0,0,0,18000,9000,9000,9000
057737,國巨富邦99購02  ,0,0,0,0,0,0,0,0,0,9000,0,0,0,9000,0,9000,9000
057564,台積電富邦9B購03,0,0,0,0,0,0,0,0,0,9000,0,0,0,32000,23000,9000,9000
057626,技嘉富邦9A購01  ,0,0,0,0,0,0,0,0,0,9000,0,0,0,165000,156000,9000,9000
058592,聯發科統一9C購01,0,0,0,0,0,0,0,0,0,9000,0,0,0,12000,3000,9000,9000
058520,智易元大99購03  ,0,0,0,0,0,0,0,0,0,9000,0,0,0,22000,13000,9000,9000
061660,禾伸堂永豐9A購01,0,0,0,0,0,0,0,0,0,9000,0,0,0,246000,237000,9000,9000
060252,緯穎元大9A購02  ,0,0,0,0,0,0,0,0,0,9000,0,0,0,19000,10000,9000,9000
062129,世紀鋼統一02購01,0,0,0,0,0,0,0,0,0,9000,0,0,0,9000,0,9000,9000
060877,華邦電中信02購01,0,0,0,0,0,0,0,0,0,9000,0,0,0,10000,1000,9000,9000
061259,台積電凱基9A購21,0,0,0,0,0,0,0,0,0,9000,0,0,0,19000,10000,9000,9000
060814,健策凱基9B購01  ,0,0,0,0,0,0,0,0,0,9000,0,0,0,12000,3000,9000,9000
060757,台積電元大9A購18,0,0,0,0,0,0,0,0,0,9000,0,0,0,9000,0,9000,9000
060722,矽格永豐9A購01  ,0,0,0,0,0,0,0,0,0,9000,0,0,0,39000,30000,9000,9000
060370,滬深2X元富04購01,0,0,0,0,0,0,0,0,0,9000,0,0,0,35000,26000,9000,9000
060658,台灣50凱基01購04,0,0,0,0,0,0,0,0,0,9000,0,0,0,9000,0,9000,9000
064945,中橡凱基9C購01  ,0,0,0,0,0,0,0,0,0,9000,0,0,0,9000,0,9000,9000
065084,南亞科元大9C購08,0,0,0,0,0,0,0,0,0,9000,0,0,0,57000,48000,9000,9000
065143,聯發科凱基9C購07,0,0,0,0,0,0,0,0,0,9000,0,0,0,9000,0,9000,9000
06551P,貿聯元大98售05  ,0,0,0,0,0,0,0,0,0,9000,0,0,0,9000,0,9000,9000
065376,京鼎元大9C購02  ,0,0,0,0,0,0,0,0,0,9000,0,0,0,20000,11000,9000,9000
065925,鴻海國票04購01  ,0,0,0,0,0,0,0,0,0,9000,0,0,0,9000,0,9000,9000
063943,台光電元大9C購02,0,0,0,0,0,0,0,0,0,9000,0,0,0,51000,42000,9000,9000
063915,祥碩凱基01購01  ,0,0,0,0,0,0,0,0,0,9000,0,0,0,20000,11000,9000,9000
064155,大立光統一01購05,0,0,0,0,0,0,0,0,0,9000,0,0,0,10000,1000,9000,9000
2836,高雄銀          ,70000,24000,46000,0,0,0,0,0,0,-37000,1000,38000,-37000,0,0,0,9000
3060,銘異            ,76000,55000,21000,0,0,0,0,0,0,-12000,3000,15000,-12000,0,0,0,9000
6165,捷泰            ,33000,24000,9000,0,0,0,0,0,0,0,0,0,0,0,0,0,9000
066910,華擎凱基01購03  ,0,0,0,0,0,0,0,0,0,8000,0,0,0,49000,41000,8000,8000
066792,T50反1凱基01購03,0,0,0,0,0,0,0,0,0,8000,0,0,0,10000,2000,8000,8000
066504,全新富邦03購01  ,0,0,0,0,0,0,0,0,0,8000,0,0,0,132000,124000,8000,8000
066620,長興凱基01購01  ,0,0,0,0,0,0,0,0,0,8000,0,0,0,10000,2000,8000,8000
066718,滬深2X元大01購05,0,0,0,0,0,0,0,0,0,8000,0,0,0,30000,22000,8000,8000
066689,技嘉台新01購01  ,0,0,0,0,0,0,0,0,0,8000,0,0,0,58000,50000,8000,8000
066458,大毅統一02購02  ,0,0,0,0,0,0,0,0,0,8000,0,0,0,18000,10000,8000,8000
066214,惠特統一03購02  ,0,0,0,0,0,0,0,0,0,8000,0,0,0,10000,2000,8000,8000
08224P,臺股指凱基9B售19,0,0,0,0,0,0,0,0,0,8000,0,0,0,113000,105000,8000,8000
07285P,上証2X群益01售02,0,0,0,0,0,0,0,0,0,8000,0,0,0,188000,180000,8000,8000
08696P,臺股指群益01售01,0,0,0,0,0,0,0,0,0,8000,0,0,0,10000,2000,8000,8000
08603P,電子類元大9C售02,0,0,0,0,0,0,0,0,0,8000,0,0,0,10000,2000,8000,8000
08408P,臺股指元大9C售14,0,0,0,0,0,0,0,0,0,8000,0,0,0,8000,0,8000,8000
08764P,台灣50富邦03售03,0,0,0,0,0,0,0,0,0,8000,0,0,0,8000,0,8000,8000
1533,車王電          ,30000,20000,10000,0,0,0,0,0,0,-2000,2000,4000,-2000,0,0,0,8000
1413,宏洲            ,12000,4000,8000,0,0,0,0,0,0,0,0,0,0,0,0,0,8000
058631,鈺齊國票9A購01  ,0,0,0,0,0,0,0,0,0,8000,0,0,0,87000,79000,8000,8000
058483,道瓊指國票9A購01,0,0,0,0,0,0,0,0,0,8000,0,0,0,8000,0,8000,8000
059129,麗豐中信99購01  ,0,0,0,0,0,0,0,0,0,8000,0,0,0,20000,12000,8000,8000
057613,瑞昱元富02購02  ,0,0,0,0,0,0,0,0,0,8000,0,0,0,11000,3000,8000,8000
061586,智邦富邦9A購02  ,0,0,0,0,0,0,0,0,0,8000,0,0,0,20000,12000,8000,8000
062163,大毅國泰01購01  ,0,0,0,0,0,0,0,0,0,8000,0,0,0,56000,48000,8000,8000
056092,亞德客元富97購02,0,0,0,0,0,0,0,0,0,8000,0,0,0,8000,0,8000,8000
056699,光罩國泰99購01  ,0,0,0,0,0,0,0,0,0,8000,0,0,0,52000,44000,8000,8000
056537,冠德凱基98購01  ,0,0,0,0,0,0,0,0,0,8000,0,0,0,38000,30000,8000,8000
056376,玉晶光統一98購01,0,0,0,0,0,0,0,0,0,8000,0,0,0,8000,0,8000,8000
00865B,國泰US短期公債  ,0,0,0,0,0,0,0,0,0,8000,0,0,0,108000,100000,8000,8000
054559,台光電群益99購01,0,0,0,0,0,0,0,0,0,8000,0,0,0,10000,2000,8000,8000
054638,國泰金中信99購01,0,0,0,0,0,0,0,0,0,8000,0,0,0,8000,0,8000,8000
054923,晶技凱基98購01  ,0,0,0,0,0,0,0,0,0,8000,0,0,0,20000,12000,8000,8000
062942,嘉澤凱基9B購02  ,0,0,0,0,0,0,0,0,0,8000,0,0,0,8000,0,8000,8000
060823,旺宏元大9A購05  ,0,0,0,0,0,0,0,0,0,8000,0,0,0,68000,60000,8000,8000
061447,鴻海中信04購02  ,0,0,0,0,0,0,0,0,0,8000,0,0,0,28000,20000,8000,8000
063415,台積電凱基03購01,0,0,0,0,0,0,0,0,0,8000,0,0,0,10000,2000,8000,8000
063436,儒鴻統一01購03  ,0,0,0,0,0,0,0,0,0,8000,0,0,0,380000,372000,8000,8000
060073,台積電元富99購03,0,0,0,0,0,0,0,0,0,8000,0,0,0,8000,0,8000,8000
061716,瑞儀凱基9B購01  ,0,0,0,0,0,0,0,0,0,8000,0,0,0,17000,9000,8000,8000
062361,智邦元大9B購06  ,0,0,0,0,0,0,0,0,0,8000,0,0,0,28000,20000,8000,8000
059259,FBVIX中信03購06 ,0,0,0,0,0,0,0,0,0,8000,0,0,0,13000,5000,8000,8000
059277,群創元大99購05  ,0,0,0,0,0,0,0,0,0,8000,0,0,0,38000,30000,8000,8000
059780,滬深2X元大9C購06,0,0,0,0,0,0,0,0,0,8000,0,0,0,8000,0,8000,8000
059635,華新科凱基9A購06,0,0,0,0,0,0,0,0,0,8000,0,0,0,8000,0,8000,8000
059939,技嘉永豐99購01  ,0,0,0,0,0,0,0,0,0,8000,0,0,0,15000,7000,8000,8000
063894,漢唐群益9C購01  ,0,0,0,0,0,0,0,0,0,8000,0,0,0,8000,0,8000,8000
063870,健策永豐01購01  ,0,0,0,0,0,0,0,0,0,8000,0,0,0,9000,1000,8000,8000
064786,GIS群益9C購04   ,0,0,0,0,0,0,0,0,0,8000,0,0,0,277000,269000,8000,8000
065992,立積永豐01購01  ,0,0,0,0,0,0,0,0,0,8000,0,0,0,11000,3000,8000,8000
6283,淳安            ,41000,25000,16000,0,0,0,0,0,0,-8000,0,8000,-8000,0,0,0,8000
9930,中聯資源        ,27000,14000,13000,0,0,0,0,0,0,-5000,0,5000,-5000,0,0,0,8000
2852,第一保          ,28000,16000,12000,0,0,0,0,0,0,-4000,3000,7000,-4000,0,0,0,8000
4104,佳醫            ,48000,34000,14000,0,0,0,0,0,0,-6000,0,4000,-4000,0,2000,-2000,8000
3017,奇鋐            ,4275000,5644100,-1369100,0,0,0,2172000,524000,1648000,-271000,210000,196000,14000,922000,1207000,-285000,7900
1560,中砂            ,181000,163000,18000,0,0,0,0,0,0,-11000,1000,12000,-11000,0,0,0,7000
08783P,台積電元大01售18,0,0,0,0,0,0,0,0,0,7000,0,0,0,1621000,1614000,7000,7000
08531P,台積電統一9C售15,0,0,0,0,0,0,0,0,0,7000,0,0,0,7000,0,7000,7000
07494P,葡萄王元大9A售03,0,0,0,0,0,0,0,0,0,7000,0,0,0,7000,0,7000,7000
07469P,台達電元大9A售01,0,0,0,0,0,0,0,0,0,7000,0,0,0,7000,0,7000,7000
066647,聯發科麥證01購04,0,0,0,7000,0,7000,0,0,0,7000,0,0,0,7000,0,7000,7000
066725,華通元大01購05  ,0,0,0,0,0,0,0,0,0,7000,0,0,0,15000,8000,7000,7000
054215,創意國票97購02  ,0,0,0,0,0,0,0,0,0,7000,0,0,0,7000,0,7000,7000
061609,華新科統一9C購01,0,0,0,0,0,0,0,0,0,7000,0,0,0,10000,3000,7000,7000
061998,緯穎元大9B購03  ,0,0,0,0,0,0,0,0,0,7000,0,0,0,79000,72000,7000,7000
058771,神達兆豐99購01  ,0,0,0,0,0,0,0,0,0,7000,0,0,0,10000,3000,7000,7000
059390,華新科凱基99購05,0,0,0,0,0,0,0,0,0,7000,0,0,0,7000,0,7000,7000
062843,臺股指群益9B購10,0,0,0,0,0,0,0,0,0,7000,0,0,0,7000,0,7000,7000
062660,神隆群益9B購02  ,0,0,0,0,0,0,0,0,0,7000,0,0,0,23000,16000,7000,7000
062663,聯發科群益9B購07,0,0,0,0,0,0,0,0,0,7000,0,0,0,40000,33000,7000,7000
062689,華擎統一02購01  ,0,0,0,0,0,0,0,0,0,7000,0,0,0,49000,42000,7000,7000
062654,技嘉永豐9B購01  ,0,0,0,0,0,0,0,0,0,7000,0,0,0,84000,77000,7000,7000
061779,上銀群益9B購01  ,0,0,0,0,0,0,0,0,0,7000,0,0,0,7000,0,7000,7000
060238,強茂元大9C購01  ,0,0,0,0,0,0,0,0,0,7000,0,0,0,12000,5000,7000,7000
063486,聚陽國泰9C購01  ,0,0,0,0,0,0,0,0,0,7000,0,0,0,67000,60000,7000,7000
061529,國巨台新9A購02  ,0,0,0,0,0,0,0,0,0,7000,0,0,0,7000,0,7000,7000
061510,嘉澤富邦9C購01  ,0,0,0,0,0,0,0,0,0,7000,0,0,0,7000,0,7000,7000
061154,可成群益9B購04  ,0,0,0,0,0,0,0,0,0,7000,0,0,0,13000,6000,7000,7000
063147,東元元富9B購01  ,0,0,0,0,0,0,0,0,0,7000,0,0,0,265000,258000,7000,7000
060755,鴻海元大9A購15  ,0,0,0,0,0,0,0,0,0,7000,0,0,0,7000,0,7000,7000
060857,旭富富邦9B購01  ,0,0,0,0,0,0,0,0,0,7000,0,0,0,11000,4000,7000,7000
063001,巨大國票9B購01  ,0,0,0,0,0,0,0,0,0,7000,0,0,0,15000,8000,7000,7000
065957,華擎統一03購02  ,0,0,0,0,0,0,0,0,0,7000,0,0,0,10000,3000,7000,7000
066136,景碩群益01購02  ,0,0,0,0,0,0,0,0,0,7000,0,0,0,109000,102000,7000,7000
065767,T50反1國票03購01,0,0,0,0,0,0,0,0,0,7000,0,0,0,8000,1000,7000,7000
065674,華擎凱基9C購03  ,0,0,0,0,0,0,0,0,0,7000,0,0,0,10000,3000,7000,7000
065518,聯鈞群益9C購02  ,0,0,0,0,0,0,0,0,0,7000,0,0,0,19000,12000,7000,7000
065486,臺股指元大9C購24,0,0,0,0,0,0,0,0,0,7000,0,0,0,7000,0,7000,7000
065229,友達凱基02購03  ,0,0,0,0,0,0,0,0,0,7000,0,0,0,7000,0,7000,7000
064802,台積電元大01購04,0,0,0,0,0,0,0,0,0,7000,0,0,0,7000,0,7000,7000
064697,健策群益01購02  ,0,0,0,0,0,0,0,0,0,7000,0,0,0,112000,105000,7000,7000
064756,友達凱基02購02  ,0,0,0,0,0,0,0,0,0,7000,0,0,0,7000,0,7000,7000
064666,華新科元大02購01,0,0,0,0,0,0,0,0,0,7000,0,0,0,100000,93000,7000,7000
064441,嘉澤凱基9C購02  ,0,0,0,0,0,0,0,0,0,7000,0,0,0,39000,32000,7000,7000
06433P,大立光群益99售01,0,0,0,0,0,0,0,0,0,7000,0,0,0,8000,1000,7000,7000
064347,貿聯元大9C購03  ,0,0,0,0,0,0,0,0,0,7000,0,0,0,80000,73000,7000,7000
063898,旭富群益9C購01  ,0,0,0,0,0,0,0,0,0,7000,0,0,0,10000,3000,7000,7000
063649,南六元大9C購02  ,0,0,0,0,0,0,0,0,0,7000,0,0,0,23000,16000,7000,7000
064210,台光電凱基03購01,0,0,0,0,0,0,0,0,0,7000,0,0,0,37000,30000,7000,7000
064084,群創中信06購02  ,0,0,0,0,0,0,0,0,0,7000,0,0,0,10000,3000,7000,7000
4439,冠星-KY         ,7000,0,7000,0,0,0,0,0,0,0,0,0,0,0,0,0,7000
2702,華園            ,26000,15000,11000,0,0,0,0,0,0,-4000,2000,6000,-4000,0,0,0,7000
2477,美隆電          ,9000,2000,7000,0,0,0,0,0,0,0,3000,3000,0,0,0,0,7000
066588,台積電群益01購06,0,0,0,0,0,0,0,0,0,6000,0,0,0,97000,91000,6000,6000
066292,惠特元大01購02  ,0,0,0,0,0,0,0,0,0,6000,0,0,0,10000,4000,6000,6000
067080,群創元大01購04  ,0,0,0,0,0,0,0,0,0,6000,0,0,0,18000,12000,6000,6000
06915P,晶技元富98售02  ,0,0,0,0,0,0,0,0,0,6000,0,0,0,6000,0,6000,6000
07544P,大立光凱基9A售09,0,0,0,0,0,0,0,0,0,6000,0,0,0,6000,0,6000,6000
07609P,台灣50國票9C售04,0,0,0,0,0,0,0,0,0,6000,0,0,0,6000,0,6000,6000
07955P,大成鋼群益9B售02,0,0,0,0,0,0,0,0,0,6000,0,0,0,6000,0,6000,6000
08445P,臺股指麥證9C售03,0,0,0,9000,3000,6000,0,0,0,6000,0,0,0,9000,3000,6000,6000
08795P,聯發科凱基01售11,0,0,0,0,0,0,0,0,0,6000,0,0,0,156000,150000,6000,6000
057057,立積元大9A購01  ,0,0,0,0,0,0,0,0,0,6000,0,0,0,17000,11000,6000,6000
057021,台積電凱基9A購02,0,0,0,0,0,0,0,0,0,6000,0,0,0,7000,1000,6000,6000
059235,鴻海凱基99購08  ,0,0,0,0,0,0,0,0,0,6000,0,0,0,8000,2000,6000,6000
057198,智伸科統一9B購01,0,0,0,0,0,0,0,0,0,6000,0,0,0,38000,32000,6000,6000
057228,友達凱基9B購01  ,0,0,0,0,0,0,0,0,0,6000,0,0,0,6000,0,6000,6000
057467,祥碩永豐98購04  ,0,0,0,0,0,0,0,0,0,6000,0,0,0,6000,0,6000,6000
061912,台積電中信05購05,0,0,0,0,0,0,0,0,0,6000,0,0,0,6000,0,6000,6000
061956,和大統一01購01  ,0,0,0,0,0,0,0,0,0,6000,0,0,0,6000,0,6000,6000
062195,聚陽中信9C購01  ,0,0,0,0,0,0,0,0,0,6000,0,0,0,290000,284000,6000,6000
061855,台郡國票9B購01  ,0,0,0,0,0,0,0,0,0,6000,0,0,0,6000,0,6000,6000
054166,日電貿凱基98購01,0,0,0,0,0,0,0,0,0,6000,0,0,0,6000,0,6000,6000
056825,深中小富邦9B購01,0,0,0,0,0,0,0,0,0,6000,0,0,0,6000,0,6000,6000
049842,道瓊反中信98購01,0,0,0,0,0,0,0,0,0,6000,0,0,0,16000,10000,6000,6000
056279,新日興富邦99購01,0,0,0,0,0,0,0,0,0,6000,0,0,0,60000,54000,6000,6000
056217,A50正2中信99購02,0,0,0,0,0,0,0,0,0,6000,0,0,0,6000,0,6000,6000
056144,GIS元大98購01   ,0,0,0,0,0,0,0,0,0,6000,0,0,0,56000,50000,6000,6000
056702,欣興國泰9A購01  ,0,0,0,0,0,0,0,0,0,6000,0,0,0,26000,20000,6000,6000
058958,台表科國票9A購03,0,0,0,0,0,0,0,0,0,6000,0,0,0,6000,0,6000,6000
057975,台積電永豐98購05,0,0,0,0,0,0,0,0,0,6000,0,0,0,7000,1000,6000,6000
058023,南電凱基98購02  ,0,0,0,0,0,0,0,0,0,6000,0,0,0,20000,14000,6000,6000
058011,台虹國票99購01  ,0,0,0,0,0,0,0,0,0,6000,0,0,0,25000,19000,6000,6000
058016,智邦凱基98購06  ,0,0,0,0,0,0,0,0,0,6000,0,0,0,10000,4000,6000,6000
060350,元黃金元富9B購01,0,0,0,0,0,0,0,0,0,6000,0,0,0,6000,0,6000,6000
060599,國巨凱基9C購01  ,0,0,0,0,0,0,0,0,0,6000,0,0,0,8000,2000,6000,6000
060492,元黃金元富9A購01,0,0,0,0,0,0,0,0,0,6000,0,0,0,6000,0,6000,6000
060868,致伸永豐9A購01  ,0,0,0,0,0,0,0,0,0,6000,0,0,0,6000,0,6000,6000
060744,鴻海國票9A購04  ,0,0,0,0,0,0,0,0,0,6000,0,0,0,6000,0,6000,6000
063233,國巨元大9B購19  ,0,0,0,0,0,0,0,0,0,6000,0,0,0,12000,6000,6000,6000
061448,旺宏中信9A購02  ,0,0,0,0,0,0,0,0,0,6000,0,0,0,7000,1000,6000,6000
063240,聯發科元大9B購17,0,0,0,0,0,0,0,0,0,6000,0,0,0,6000,0,6000,6000
060159,健和興永豐9A購01,0,0,0,0,0,0,0,0,0,6000,0,0,0,11000,5000,6000,6000
062598,華通台新9B購02  ,0,0,0,0,0,0,0,0,0,6000,0,0,0,11000,5000,6000,6000
064083,群創中信06購01  ,0,0,0,0,0,0,0,0,0,6000,0,0,0,76000,70000,6000,6000
064073,南電永豐9C購01  ,0,0,0,0,0,0,0,0,0,6000,0,0,0,31000,25000,6000,6000
063904,大立光麥證01購01,0,0,0,10000,4000,6000,0,0,0,6000,0,0,0,10000,4000,6000,6000
064401,台達電凱基06購01,0,0,0,0,0,0,0,0,0,6000,0,0,0,31000,25000,6000,6000
064489,宏碁元大9C購01  ,0,0,0,0,0,0,0,0,0,6000,0,0,0,50000,44000,6000,6000
064623,創意元大9C購04  ,0,0,0,0,0,0,0,0,0,6000,0,0,0,86000,80000,6000,6000
064903,新唐群益9C購01  ,0,0,0,0,0,0,0,0,0,6000,0,0,0,6000,0,6000,6000
065206,旺宏國票01購02  ,0,0,0,0,0,0,0,0,0,6000,0,0,0,40000,34000,6000,6000
065160,聯茂群益9C購02  ,0,0,0,0,0,0,0,0,0,6000,0,0,0,140000,134000,6000,6000
065141,國巨凱基9C購10  ,0,0,0,0,0,0,0,0,0,6000,0,0,0,6000,0,6000,6000
065719,T50反1兆豐9C購01,0,0,0,0,0,0,0,0,0,6000,0,0,0,17000,11000,6000,6000
065676,臻鼎凱基9C購04  ,0,0,0,0,0,0,0,0,0,6000,0,0,0,6000,0,6000,6000
065804,大立光群益01購04,0,0,0,0,0,0,0,0,0,6000,0,0,0,9000,3000,6000,6000
065979,立積元大03購01  ,0,0,0,0,0,0,0,0,0,6000,0,0,0,230000,224000,6000,6000
2348,海悅            ,49000,43000,6000,0,0,0,0,0,0,0,0,0,0,0,0,0,6000
5538,東明-KY         ,9000,3000,6000,0,0,0,0,0,0,0,0,0,0,0,0,0,6000
5284,jpp-KY          ,6000,0,6000,0,0,0,0,0,0,0,0,0,0,0,0,0,6000
2936,客思達-KY       ,9000,1000,8000,0,0,0,0,0,0,-2000,0,2000,-2000,0,0,0,6000
08745P,臺股指凱基02售06,0,0,0,0,0,0,0,0,0,5000,0,0,0,10000,5000,5000,5000
08835P,聯發科統一01售12,0,0,0,0,0,0,0,0,0,5000,0,0,0,10000,5000,5000,5000
1521,大億            ,10000,3000,7000,0,0,0,0,0,0,-2000,1000,3000,-2000,0,0,0,5000
08534P,玉晶光元富06售02,0,0,0,0,0,0,0,0,0,5000,0,0,0,121000,116000,5000,5000
08361P,玉晶光永豐9C售04,0,0,0,0,0,0,0,0,0,5000,0,0,0,5000,0,5000,5000
08358P,大立光元大9C售18,0,0,0,0,0,0,0,0,0,5000,0,0,0,10000,5000,5000,5000
07935P,臺股指國票9B售07,0,0,0,0,0,0,0,0,0,5000,0,0,0,5000,0,5000,5000
08138P,台灣50元大9B售25,0,0,0,0,0,0,0,0,0,5000,0,0,0,5000,0,5000,5000
08297P,寶成元大9C售01  ,0,0,0,0,0,0,0,0,0,5000,0,0,0,5000,0,5000,5000
07614P,華新科群益9A售04,0,0,0,0,0,0,0,0,0,5000,0,0,0,5000,0,5000,5000
07675P,全新永豐9A售02  ,0,0,0,0,0,0,0,0,0,5000,0,0,0,5000,0,5000,5000
07687P,上銀元大9A售06  ,0,0,0,0,0,0,0,0,0,5000,0,0,0,5000,0,5000,5000
07855P,旺宏凱基9A售09  ,0,0,0,0,0,0,0,0,0,5000,0,0,0,15000,10000,5000,5000
07174P,臺股指國票99售11,0,0,0,0,0,0,0,0,0,5000,0,0,0,5000,0,5000,5000
07151P,台灣50統一9B售04,0,0,0,0,0,0,0,0,0,5000,0,0,0,6000,1000,5000,5000
07209P,台積電凱基9A售10,0,0,0,0,0,0,0,0,0,5000,0,0,0,5000,0,5000,5000
06809P,電子類群益98售03,0,0,0,0,0,0,0,0,0,5000,0,0,0,15000,10000,5000,5000
06977P,臺股指元大9A售15,0,0,0,0,0,0,0,0,0,5000,0,0,0,5000,0,5000,5000
07057P,大立光康和9B售02,0,0,0,0,0,0,0,0,0,5000,0,0,0,5000,0,5000,5000
066470,惠特統一02購01  ,0,0,0,0,0,0,0,0,0,5000,0,0,0,40000,35000,5000,5000
06656P,GIS元大98售02   ,0,0,0,0,0,0,0,0,0,5000,0,0,0,15000,10000,5000,5000
066714,台灣50元大01購22,0,0,0,0,0,0,0,0,0,5000,0,0,0,5000,0,5000,5000
066775,智原富邦03購01  ,0,0,0,0,0,0,0,0,0,5000,0,0,0,10000,5000,5000,5000
066687,國巨元富07購05  ,0,0,0,0,0,0,0,0,0,5000,0,0,0,8000,3000,5000,5000
057959,欣興元大98購14  ,0,0,0,0,0,0,0,0,0,5000,0,0,0,7000,2000,5000,5000
055290,玉晶光元大98購08,0,0,0,0,0,0,0,0,0,5000,0,0,0,15000,10000,5000,5000
055363,緯穎凱基98購03  ,0,0,0,0,0,0,0,0,0,5000,0,0,0,5000,0,5000,5000
055417,健策富邦98購02  ,0,0,0,0,0,0,0,0,0,5000,0,0,0,5000,0,5000,5000
055523,道瓊銀群益9A購01,0,0,0,0,0,0,0,0,0,5000,0,0,0,5000,0,5000,5000
058983,旺宏凱基99購05  ,0,0,0,0,0,0,0,0,0,5000,0,0,0,50000,45000,5000,5000
056701,國產國泰9A購01  ,0,0,0,0,0,0,0,0,0,5000,0,0,0,5000,0,5000,5000
056673,中石化元富9B購01,0,0,0,0,0,0,0,0,0,5000,0,0,0,5000,0,5000,5000
056497,GIS國泰99購01   ,0,0,0,0,0,0,0,0,0,5000,0,0,0,72000,67000,5000,5000
056460,同欣電凱基99購01,0,0,0,0,0,0,0,0,0,5000,0,0,0,105000,100000,5000,5000
056327,樺漢兆豐98購01  ,0,0,0,0,0,0,0,0,0,5000,0,0,0,5000,0,5000,5000
053028,康控富邦98購01  ,0,0,0,0,0,0,0,0,0,5000,0,0,0,5000,0,5000,5000
052328,台表科中信99購01,0,0,0,0,0,0,0,0,0,5000,0,0,0,30000,25000,5000,5000
056926,日月光兆豐98購01,0,0,0,0,0,0,0,0,0,5000,0,0,0,15000,10000,5000,5000
056946,國巨統一98購05  ,0,0,0,0,0,0,0,0,0,5000,0,0,0,5000,0,5000,5000
054768,泰碩國票99購02  ,0,0,0,0,0,0,0,0,0,5000,0,0,0,41000,36000,5000,5000
054538,台光電國票98購01,0,0,0,0,0,0,0,0,0,5000,0,0,0,5000,0,5000,5000
046942,友達元大99購01  ,0,0,0,0,0,0,0,0,0,5000,0,0,0,5000,0,5000,5000
048070,聯發科元富99購03,0,0,0,0,0,0,0,0,0,5000,0,0,0,5000,0,5000,5000
03674C,臺股指元富9C牛02,0,0,0,0,0,0,0,0,0,5000,0,0,0,5000,0,5000,5000
03419B,臺股指元富99熊03,0,0,0,0,0,0,0,0,0,5000,0,0,0,5000,0,5000,5000
03091X,元展85          ,0,0,0,0,0,0,0,0,0,5000,0,0,0,5000,0,5000,5000
00711B,FH彭博新興債    ,0,0,0,0,0,0,0,0,0,5000,0,0,0,106000,101000,5000,5000
00660,元大歐洲50      ,0,0,0,0,0,0,0,0,0,5000,0,0,0,95000,90000,5000,5000
061959,鴻海統一9B購04  ,0,0,0,0,0,0,0,0,0,5000,0,0,0,160000,155000,5000,5000
057803,上銀元大98購08  ,0,0,0,0,0,0,0,0,0,5000,0,0,0,13000,8000,5000,5000
057732,牧德國泰9A購01  ,0,0,0,0,0,0,0,0,0,5000,0,0,0,125000,120000,5000,5000
058347,玉晶光群益9B購01,0,0,0,0,0,0,0,0,0,5000,0,0,0,8000,3000,5000,5000
057931,正崴群益98購02  ,0,0,0,0,0,0,0,0,0,5000,0,0,0,5000,0,5000,5000
05793P,臺股指中信99售08,0,0,0,0,0,0,0,0,0,5000,0,0,0,20000,15000,5000,5000
057355,彩晶統一98購03  ,0,0,0,0,0,0,0,0,0,5000,0,0,0,5000,0,5000,5000
058244,神達元大99購02  ,0,0,0,0,0,0,0,0,0,5000,0,0,0,5000,0,5000,5000
057204,利勤元富98購01  ,0,0,0,0,0,0,0,0,0,5000,0,0,0,5000,0,5000,5000
058813,旺宏統一9B購04  ,0,0,0,0,0,0,0,0,0,5000,0,0,0,55000,50000,5000,5000
057049,新日興元大98購02,0,0,0,0,0,0,0,0,0,5000,0,0,0,5000,0,5000,5000
059168,奇力新凱基99購05,0,0,0,0,0,0,0,0,0,5000,0,0,0,5000,0,5000,5000
058457,創意永豐99購01  ,0,0,0,0,0,0,0,0,0,5000,0,0,0,5000,0,5000,5000
062591,新日興統一9C購01,0,0,0,0,0,0,0,0,0,5000,0,0,0,5000,0,5000,5000
062514,玉晶光國票9C購02,0,0,0,0,0,0,0,0,0,5000,0,0,0,5000,0,5000,5000
062706,大立光元大9B購06,0,0,0,0,0,0,0,0,0,5000,0,0,0,5000,0,5000,5000
062871,大成鋼兆豐9B購01,0,0,0,0,0,0,0,0,0,5000,0,0,0,5000,0,5000,5000
059533,富邦金凱基99購01,0,0,0,0,0,0,0,0,0,5000,0,0,0,85000,80000,5000,5000
062911,聯詠元大9B購03  ,0,0,0,0,0,0,0,0,0,5000,0,0,0,5000,0,5000,5000
062912,新日興元大9B購01,0,0,0,0,0,0,0,0,0,5000,0,0,0,10000,5000,5000,5000
059513,揚明光永豐99購01,0,0,0,0,0,0,0,0,0,5000,0,0,0,5000,0,5000,5000
060158,廣達永豐9A購01  ,0,0,0,0,0,0,0,0,0,5000,0,0,0,127000,122000,5000,5000
060229,楠梓電元大9C購01,0,0,0,0,0,0,0,0,0,5000,0,0,0,15000,10000,5000,5000
060236,精元元大9C購01  ,0,0,0,0,0,0,0,0,0,5000,0,0,0,5000,0,5000,5000
060051,台積電凱基9B購01,0,0,0,0,0,0,0,0,0,5000,0,0,0,10000,5000,5000,5000
060106,旭富元大99購02  ,0,0,0,0,0,0,0,0,0,5000,0,0,0,5000,0,5000,5000
062055,鴻海統一9C購07  ,0,0,0,0,0,0,0,0,0,5000,0,0,0,5000,0,5000,5000
061683,台灣50群益9B購09,0,0,0,0,0,0,0,0,0,5000,0,0,0,41000,36000,5000,5000
062371,健策元大9B購08  ,0,0,0,0,0,0,0,0,0,5000,0,0,0,7000,2000,5000,5000
062302,聯詠中信05購02  ,0,0,0,0,0,0,0,0,0,5000,0,0,0,30000,25000,5000,5000
062352,南六群益9B購02  ,0,0,0,0,0,0,0,0,0,5000,0,0,0,5000,0,5000,5000
061498,大立光國票9A購10,0,0,0,0,0,0,0,0,0,5000,0,0,0,20000,15000,5000,5000
061406,華通國票9A購06  ,0,0,0,0,0,0,0,0,0,5000,0,0,0,11000,6000,5000,5000
061386,道瓊銀群益9A購03,0,0,0,0,0,0,0,0,0,5000,0,0,0,5000,0,5000,5000
061431,鈺齊元大9A購01  ,0,0,0,0,0,0,0,0,0,5000,0,0,0,10000,5000,5000,5000
061564,華擎國票9A購02  ,0,0,0,0,0,0,0,0,0,5000,0,0,0,5000,0,5000,5000
063223,牧德群益9B購04  ,0,0,0,0,0,0,0,0,0,5000,0,0,0,5000,0,5000,5000
063220,建準群益9B購01  ,0,0,0,0,0,0,0,0,0,5000,0,0,0,103000,98000,5000,5000
063176,南亞科兆豐9B購01,0,0,0,0,0,0,0,0,0,5000,0,0,0,20000,15000,5000,5000
063087,南六凱基9C購02  ,0,0,0,0,0,0,0,0,0,5000,0,0,0,5000,0,5000,5000
061236,台積電元大9A購24,0,0,0,0,0,0,0,0,0,5000,0,0,0,21000,16000,5000,5000
061229,緯穎中信9B購01  ,0,0,0,0,0,0,0,0,0,5000,0,0,0,5000,0,5000,5000
060752,上銀元大9A購04  ,0,0,0,0,0,0,0,0,0,5000,0,0,0,5000,0,5000,5000
061136,可成統一9A購01  ,0,0,0,0,0,0,0,0,0,5000,0,0,0,10000,5000,5000,5000
061268,玉晶光凱基9B購04,0,0,0,0,0,0,0,0,0,5000,0,0,0,15000,10000,5000,5000
060260,京鼎凱基9C購01  ,0,0,0,0,0,0,0,0,0,5000,0,0,0,5000,0,5000,5000
063019,聯發科元大9C購01,0,0,0,0,0,0,0,0,0,5000,0,0,0,22000,17000,5000,5000
062948,台積電富邦01購02,0,0,0,0,0,0,0,0,0,5000,0,0,0,5000,0,5000,5000
06603P,立積統一99售01  ,0,0,0,0,0,0,0,0,0,5000,0,0,0,5000,0,5000,5000
065679,聯發科統一03購01,0,0,0,0,0,0,0,0,0,5000,0,0,0,71000,66000,5000,5000
065090,大立光元大9C購24,0,0,0,0,0,0,0,0,0,5000,0,0,0,5000,0,5000,5000
064910,臺股指麥證9C購04,0,0,0,25000,20000,5000,0,0,0,5000,0,0,0,25000,20000,5000,5000
065479,新日興元大9C購05,0,0,0,0,0,0,0,0,0,5000,0,0,0,5000,0,5000,5000
065464,健鼎中信9C購01  ,0,0,0,0,0,0,0,0,0,5000,0,0,0,53000,48000,5000,5000
065515,大立光群益02購01,0,0,0,0,0,0,0,0,0,5000,0,0,0,15000,10000,5000,5000
065546,景碩兆豐01購01  ,0,0,0,0,0,0,0,0,0,5000,0,0,0,25000,20000,5000,5000
064851,勤誠元富03購01  ,0,0,0,0,0,0,0,0,0,5000,0,0,0,275000,270000,5000,5000
064473,技嘉麥證9C購01  ,0,0,0,42000,36000,6000,0,0,0,5000,0,0,0,42000,37000,5000,5000
064389,台泥永豐9C購01  ,0,0,0,0,0,0,0,0,0,5000,0,0,0,5000,0,5000,5000
064365,美食統一01購02  ,0,0,0,0,0,0,0,0,0,5000,0,0,0,5000,0,5000,5000
06437P,玉晶光國票99售01,0,0,0,0,0,0,0,0,0,5000,0,0,0,8000,3000,5000,5000
063731,台積電元大9B購10,0,0,0,0,0,0,0,0,0,5000,0,0,0,7000,2000,5000,5000
06380P,臺股指統一98售02,0,0,0,0,0,0,0,0,0,5000,0,0,0,5000,0,5000,5000
063770,台灣50富邦03購01,0,0,0,0,0,0,0,0,0,5000,0,0,0,5000,0,5000,5000
064078,台積電中信06購04,0,0,0,0,0,0,0,0,0,5000,0,0,0,5000,0,5000,5000
3050,鈺德            ,12000,7000,5000,0,0,0,0,0,0,0,0,0,0,0,0,0,5000
3055,蔚華科          ,36000,24000,12000,0,0,0,0,0,0,-7000,0,7000,-7000,0,0,0,5000
1737,臺鹽            ,14000,9000,5000,0,0,0,0,0,0,0,2000,2000,0,0,0,0,5000
2488,漢平            ,6000,0,6000,0,0,0,0,0,0,-1000,0,1000,-1000,0,0,0,5000
9944,新麗            ,114000,108000,6000,0,0,0,0,0,0,-1000,4000,5000,-1000,0,0,0,5000
6666,羅麗芬-KY       ,6000,1000,5000,0,0,0,0,0,0,0,0,0,0,0,0,0,5000
8201,無敵            ,27000,22000,5000,0,0,0,0,0,0,0,1000,1000,0,0,0,0,5000
06937P,GIS元大98售03   ,0,0,0,0,0,0,0,0,0,4000,0,0,0,45000,41000,4000,4000
066992,緯穎群益01購02  ,0,0,0,0,0,0,0,0,0,4000,0,0,0,4000,0,4000,4000
066890,聯詠中信07購01  ,0,0,0,0,0,0,0,0,0,4000,0,0,0,4000,0,4000,4000
07184P,台灣50元富01售01,0,0,0,0,0,0,0,0,0,4000,0,0,0,4000,0,4000,4000
07902P,玉晶光國票01售01,0,0,0,0,0,0,0,0,0,4000,0,0,0,20000,16000,4000,4000
1524,耿鼎            ,5000,1000,4000,0,0,0,0,0,0,0,0,0,0,0,0,0,4000
1456,怡華            ,10000,4000,6000,0,0,0,0,0,0,-2000,0,2000,-2000,0,0,0,4000
1234,黑松            ,10000,5000,5000,0,0,0,0,0,0,-1000,0,1000,-1000,0,0,0,4000
08787P,滬深2X元富01售06,0,0,0,0,0,0,0,0,0,4000,0,0,0,4000,0,4000,4000
058488,華擎國票9A購01  ,0,0,0,0,0,0,0,0,0,4000,0,0,0,4000,0,4000,4000
058471,台積電日盛9C購01,0,0,0,0,0,0,0,0,0,4000,0,0,0,7000,3000,4000,4000
058655,鴻海中信03購02  ,0,0,0,0,0,0,0,0,0,4000,0,0,0,4000,0,4000,4000
057028,台郡凱基99購02  ,0,0,0,0,0,0,0,0,0,4000,0,0,0,10000,6000,4000,4000
057149,京鼎國票99購02  ,0,0,0,0,0,0,0,0,0,4000,0,0,0,4000,0,4000,4000
058828,大毅永豐99購01  ,0,0,0,0,0,0,0,0,0,4000,0,0,0,85000,81000,4000,4000
059198,華新科永豐99購06,0,0,0,0,0,0,0,0,0,4000,0,0,0,5000,1000,4000,4000
058833,台表科永豐99購01,0,0,0,0,0,0,0,0,0,4000,0,0,0,4000,0,4000,4000
059210,鴻海元大99購26  ,0,0,0,0,0,0,0,0,0,4000,0,0,0,11000,7000,4000,4000
057367,技嘉元大98購02  ,0,0,0,0,0,0,0,0,0,4000,0,0,0,4000,0,4000,4000
057649,嘉聯益元大99購04,0,0,0,0,0,0,0,0,0,4000,0,0,0,107000,103000,4000,4000
057599,技嘉群益9A購01  ,0,0,0,0,0,0,0,0,0,4000,0,0,0,13000,9000,4000,4000
057620,康控凱基99購01  ,0,0,0,0,0,0,0,0,0,4000,0,0,0,10000,6000,4000,4000
062190,瀚宇博元大9B購01,0,0,0,0,0,0,0,0,0,4000,0,0,0,109000,105000,4000,4000
061820,康控群益9B購02  ,0,0,0,0,0,0,0,0,0,4000,0,0,0,8000,4000,4000,4000
062165,聯茂國泰01購01  ,0,0,0,0,0,0,0,0,0,4000,0,0,0,5000,1000,4000,4000
058379,臺股指凱基99購14,0,0,0,0,0,0,0,0,0,4000,0,0,0,14000,10000,4000,4000
058361,美律凱基99購06  ,0,0,0,0,0,0,0,0,0,4000,0,0,0,46000,42000,4000,4000
061604,台光電凱基9B購01,0,0,0,0,0,0,0,0,0,4000,0,0,0,4000,0,4000,4000
03680C,臺股指凱基9A牛26,0,0,0,0,0,0,0,0,0,4000,0,0,0,14000,10000,4000,4000
054543,元金2X中信01購01,0,0,0,0,0,0,0,0,0,4000,0,0,0,4000,0,4000,4000
054739,義隆凱基98購02  ,0,0,0,0,0,0,0,0,0,4000,0,0,0,47000,43000,4000,4000
054806,台化元大9A購01  ,0,0,0,0,0,0,0,0,0,4000,0,0,0,10000,6000,4000,4000
056823,智伸科永豐98購01,0,0,0,0,0,0,0,0,0,4000,0,0,0,4000,0,4000,4000
056793,臺股指群益98購03,0,0,0,0,0,0,0,0,0,4000,0,0,0,4000,0,4000,4000
050508,上証2X元大97購01,0,0,0,0,0,0,0,0,0,4000,0,0,0,4000,0,4000,4000
052005,矽力國泰97購02  ,0,0,0,0,0,0,0,0,0,4000,0,0,0,4000,0,4000,4000
051431,群創元富99購02  ,0,0,0,0,0,0,0,0,0,4000,0,0,0,4000,0,4000,4000
056712,京鼎永豐98購01  ,0,0,0,0,0,0,0,0,0,4000,0,0,0,52000,48000,4000,4000
056772,欣興元大99購01  ,0,0,0,0,0,0,0,0,0,4000,0,0,0,20000,16000,4000,4000
056214,義隆國票99購01  ,0,0,0,0,0,0,0,0,0,4000,0,0,0,4000,0,4000,4000
056705,超眾國泰99購01  ,0,0,0,0,0,0,0,0,0,4000,0,0,0,4000,0,4000,4000
059004,嘉晶元大99購05  ,0,0,0,0,0,0,0,0,0,4000,0,0,0,10000,6000,4000,4000
058898,台積電元大99購20,0,0,0,0,0,0,0,0,0,4000,0,0,0,6000,2000,4000,4000
063013,技嘉元大9B購02  ,0,0,0,0,0,0,0,0,0,4000,0,0,0,26000,22000,4000,4000
060555,台表科凱基9A購03,0,0,0,0,0,0,0,0,0,4000,0,0,0,4000,0,4000,4000
060470,台勝科元大9A購03,0,0,0,0,0,0,0,0,0,4000,0,0,0,104000,100000,4000,4000
061280,國巨統一9C購06  ,0,0,0,0,0,0,0,0,0,4000,0,0,0,4000,0,4000,4000
061283,智邦統一9A購01  ,0,0,0,0,0,0,0,0,0,4000,0,0,0,10000,6000,4000,4000
061109,臻鼎元大9A購03  ,0,0,0,0,0,0,0,0,0,4000,0,0,0,9000,5000,4000,4000
061065,神基凱基9A購01  ,0,0,0,0,0,0,0,0,0,4000,0,0,0,4000,0,4000,4000
060847,康控國票9A購01  ,0,0,0,0,0,0,0,0,0,4000,0,0,0,23000,19000,4000,4000
063098,台灣50群益01購02,0,0,0,0,0,0,0,0,0,4000,0,0,0,16000,12000,4000,4000
063175,燿華兆豐9C購01  ,0,0,0,0,0,0,0,0,0,4000,0,0,0,4000,0,4000,4000
063153,南六元富9B購01  ,0,0,0,0,0,0,0,0,0,4000,0,0,0,7000,3000,4000,4000
061466,創意群益9A購01  ,0,0,0,0,0,0,0,0,0,4000,0,0,0,47000,43000,4000,4000
063247,信邦元大9B購02  ,0,0,0,0,0,0,0,0,0,4000,0,0,0,4000,0,4000,4000
063544,華新科台新9B購02,0,0,0,0,0,0,0,0,0,4000,0,0,0,4000,0,4000,4000
063443,金像電統一01購02,0,0,0,0,0,0,0,0,0,4000,0,0,0,11000,7000,4000,4000
062474,台表科凱基9C購01,0,0,0,0,0,0,0,0,0,4000,0,0,0,4000,0,4000,4000
062482,台表科國票9B購01,0,0,0,0,0,0,0,0,0,4000,0,0,0,4000,0,4000,4000
060988,華新科元大9A購12,0,0,0,0,0,0,0,0,0,4000,0,0,0,5000,1000,4000,4000
061738,聯發科凱基9B購04,0,0,0,0,0,0,0,0,0,4000,0,0,0,4000,0,4000,4000
059370,玉晶光元富99購02,0,0,0,0,0,0,0,0,0,4000,0,0,0,4000,0,4000,4000
059985,華新科元大99購22,0,0,0,0,0,0,0,0,0,4000,0,0,0,7000,3000,4000,4000
059980,台積電元大99購50,0,0,0,0,0,0,0,0,0,4000,0,0,0,4000,0,4000,4000
064239,群創統一02購01  ,0,0,0,0,0,0,0,0,0,4000,0,0,0,62000,58000,4000,4000
063809,矽創兆豐01購01  ,0,0,0,0,0,0,0,0,0,4000,0,0,0,56000,52000,4000,4000
063790,南亞科台新9C購01,0,0,0,0,0,0,0,0,0,4000,0,0,0,4000,0,4000,4000
064545,智邦凱基9C購02  ,0,0,0,0,0,0,0,0,0,4000,0,0,0,10000,6000,4000,4000
064849,大立光元富9C購06,0,0,0,0,0,0,0,0,0,4000,0,0,0,10000,6000,4000,4000
064614,友訊元大9C購02  ,0,0,0,0,0,0,0,0,0,4000,0,0,0,50000,46000,4000,4000
064657,和大元大9C購02  ,0,0,0,0,0,0,0,0,0,4000,0,0,0,6000,2000,4000,4000
065548,台達電凱基01購02,0,0,0,0,0,0,0,0,0,4000,0,0,0,13000,9000,4000,4000
065057,臺股指凱基9C購21,0,0,0,0,0,0,0,0,0,4000,0,0,0,5000,1000,4000,4000
065735,矽格凱基01購02  ,0,0,0,0,0,0,0,0,0,4000,0,0,0,15000,11000,4000,4000
065998,友訊國票01購02  ,0,0,0,0,0,0,0,0,0,4000,0,0,0,4000,0,4000,4000
8114,振樺電          ,9000,1000,8000,0,0,0,0,0,0,-4000,0,4000,-4000,0,0,0,4000
6152,百一            ,7000,3000,4000,0,0,0,0,0,0,0,0,0,0,0,0,0,4000
6168,宏齊            ,37000,29000,8000,0,0,0,0,0,0,-4000,2000,6000,-4000,0,0,0,4000
2748,雲品            ,8000,4000,4000,0,0,0,0,0,0,0,0,0,0,0,0,0,4000
2528,皇普            ,4000,6000,-2000,0,0,0,0,0,0,6000,8000,2000,6000,0,0,0,4000
2597,潤弘            ,13000,3000,10000,0,0,0,0,0,0,-6000,0,6000,-6000,0,0,0,4000
2008,高興昌          ,4000,0,4000,0,0,0,0,0,0,0,0,0,0,0,0,0,4000
2243,宏旭-KY         ,2000,0,2000,0,0,0,0,0,0,2000,3000,1000,2000,0,0,0,4000
2910,統領            ,6000,2000,4000,0,0,0,0,0,0,0,0,0,0,0,0,0,4000
2911,麗嬰房          ,6000,1000,5000,0,0,0,0,0,0,-1000,3000,4000,-1000,0,0,0,4000
5285,界霖            ,25000,21000,4000,0,0,0,0,0,0,0,0,0,0,0,0,0,4000
5533,皇鼎            ,4000,0,4000,0,0,0,0,0,0,0,0,0,0,0,0,0,4000
4566,時碩工業        ,14000,8000,6000,0,0,0,0,0,0,-2000,0,2000,-2000,0,0,0,4000
4572,駐龍            ,9000,5000,4000,0,0,0,0,0,0,0,0,0,0,0,0,0,4000
1529,樂士            ,5000,2000,3000,0,0,0,0,0,0,0,0,0,0,0,0,0,3000
1618,合機            ,11000,8000,3000,0,0,0,0,0,0,0,0,0,0,0,0,0,3000
08543P,世芯國票01售02  ,0,0,0,0,0,0,0,0,0,3000,0,0,0,206000,203000,3000,3000
08049P,臺股指國票9B售14,0,0,0,0,0,0,0,0,0,3000,0,0,0,3000,0,3000,3000
08078P,聯發科國票9B售04,0,0,0,0,0,0,0,0,0,3000,0,0,0,4000,1000,3000,3000
08339P,上銀統一9C售04  ,0,0,0,0,0,0,0,0,0,3000,0,0,0,3000,0,3000,3000
07768P,緯穎群益9A售02  ,0,0,0,0,0,0,0,0,0,3000,0,0,0,3000,0,3000,3000
07728P,臺股指凱基9A售20,0,0,0,0,0,0,0,0,0,3000,0,0,0,3000,0,3000,3000
066881,上証2X永豐01購02,0,0,0,0,0,0,0,0,0,3000,0,0,0,3000,0,3000,3000
067141,台表科永豐01購01,0,0,0,0,0,0,0,0,0,3000,0,0,0,3000,0,3000,3000
06766P,玉晶光元大99售10,0,0,0,0,0,0,0,0,0,3000,0,0,0,100000,97000,3000,3000
067165,世紀鋼國票02購02,0,0,0,0,0,0,0,0,0,3000,0,0,0,3000,0,3000,3000
066555,聯詠元大01購01  ,0,0,0,0,0,0,0,0,0,3000,0,0,0,142000,139000,3000,3000
066545,鴻海元大01購09  ,0,0,0,0,0,0,0,0,0,3000,0,0,0,56000,53000,3000,3000
066454,金像電統一01購03,0,0,0,0,0,0,0,0,0,3000,0,0,0,362000,359000,3000,3000
066220,矽格台新01購01  ,0,0,0,0,0,0,0,0,0,3000,0,0,0,3000,0,3000,3000
055689,台郡凱基99購01  ,0,0,0,0,0,0,0,0,0,3000,0,0,0,28000,25000,3000,3000
055039,神達富邦99購01  ,0,0,0,0,0,0,0,0,0,3000,0,0,0,3000,0,3000,3000
056465,臺股指凱基99購07,0,0,0,0,0,0,0,0,0,3000,0,0,0,3000,0,3000,3000
056470,旺宏元大99購01  ,0,0,0,0,0,0,0,0,0,3000,0,0,0,68000,65000,3000,3000
056479,玉晶光元大99購05,0,0,0,0,0,0,0,0,0,3000,0,0,0,8000,5000,3000,3000
056548,瀚宇博凱基98購02,0,0,0,0,0,0,0,0,0,3000,0,0,0,13000,10000,3000,3000
056357,台積電元大9A購01,0,0,0,0,0,0,0,0,0,3000,0,0,0,32000,29000,3000,3000
056776,聯茂元大99購01  ,0,0,0,0,0,0,0,0,0,3000,0,0,0,11000,8000,3000,3000
056762,亞德客元大98購01,0,0,0,0,0,0,0,0,0,3000,0,0,0,3000,0,3000,3000
048383,元金2X國票99購01,0,0,0,0,0,0,0,0,0,3000,0,0,0,11000,8000,3000,3000
056906,玉晶光元大9B購01,0,0,0,0,0,0,0,0,0,3000,0,0,0,43000,40000,3000,3000
056849,瀚宇博元富98購01,0,0,0,0,0,0,0,0,0,3000,0,0,0,20000,17000,3000,3000
056989,鴻海兆豐98購02  ,0,0,0,0,0,0,0,0,0,3000,0,0,0,74000,71000,3000,3000
056993,GIS兆豐99購01   ,0,0,0,0,0,0,0,0,0,3000,0,0,0,3000,0,3000,3000
054587,玉晶光國泰99購01,0,0,0,0,0,0,0,0,0,3000,0,0,0,3000,0,3000,3000
054179,上海銀台新97購01,0,0,0,0,0,0,0,0,0,3000,0,0,0,3000,0,3000,3000
053887,聯茂兆豐97購02  ,0,0,0,0,0,0,0,0,0,3000,0,0,0,3000,0,3000,3000
053854,聯茂國泰97購02  ,0,0,0,0,0,0,0,0,0,3000,0,0,0,3000,0,3000,3000
0057,富邦摩台        ,0,0,0,0,0,0,0,0,0,3000,0,0,0,48000,45000,3000,3000
020011,統一微波高息20N ,0,0,0,0,0,0,0,0,0,3000,0,0,0,25000,22000,3000,3000
01002T,土銀國泰R1      ,3000,0,3000,0,0,0,0,0,0,0,0,0,0,0,0,0,3000
061627,台表科群益9A購01,0,0,0,0,0,0,0,0,0,3000,0,0,0,3000,0,3000,3000
061872,友達元大9C購06  ,0,0,0,0,0,0,0,0,0,3000,0,0,0,3000,0,3000,3000
062035,瑞祺群益9B購01  ,0,0,0,0,0,0,0,0,0,3000,0,0,0,4000,1000,3000,3000
057838,台郡國泰99購01  ,0,0,0,0,0,0,0,0,0,3000,0,0,0,3000,0,3000,3000
057533,晶相光元大98購02,0,0,0,0,0,0,0,0,0,3000,0,0,0,5000,2000,3000,3000
057935,晶技群益98購02  ,0,0,0,0,0,0,0,0,0,3000,0,0,0,3000,0,3000,3000
057707,臺股指群益98購07,0,0,0,0,0,0,0,0,0,3000,0,0,0,3000,0,3000,3000
057324,億光群益98購01  ,0,0,0,0,0,0,0,0,0,3000,0,0,0,3000,0,3000,3000
057436,義隆國票99購02  ,0,0,0,0,0,0,0,0,0,3000,0,0,0,3000,0,3000,3000
058216,TPK群益99購01   ,0,0,0,0,0,0,0,0,0,3000,0,0,0,3000,0,3000,3000
058552,欣興永豐99購01  ,0,0,0,0,0,0,0,0,0,3000,0,0,0,53000,50000,3000,3000
057237,群創凱基9B購02  ,0,0,0,0,0,0,0,0,0,3000,0,0,0,3000,0,3000,3000
059084,鴻海元大99購24  ,0,0,0,0,0,0,0,0,0,3000,0,0,0,3000,0,3000,3000
059177,臺股指凱基99購28,0,0,0,0,0,0,0,0,0,3000,0,0,0,3000,0,3000,3000
059153,臺股指國票99購16,0,0,0,0,0,0,0,0,0,3000,0,0,0,3000,0,3000,3000
058614,台郡元大9A購01  ,0,0,0,0,0,0,0,0,0,3000,0,0,0,19000,16000,3000,3000
059993,上銀元富99購01  ,0,0,0,0,0,0,0,0,0,3000,0,0,0,3000,0,3000,3000
059418,上証反元大9C購02,0,0,0,0,0,0,0,0,0,3000,0,0,0,3000,0,3000,3000
059429,台積電元大99購35,0,0,0,0,0,0,0,0,0,3000,0,0,0,3000,0,3000,3000
059448,上証2X永豐99購01,0,0,0,0,0,0,0,0,0,3000,0,0,0,3000,0,3000,3000
059944,欣興永豐99購03  ,0,0,0,0,0,0,0,0,0,3000,0,0,0,3000,0,3000,3000
059912,國巨元大99購28  ,0,0,0,0,0,0,0,0,0,3000,0,0,0,13000,10000,3000,3000
059286,S&P正2元富01購03,0,0,0,0,0,0,0,0,0,3000,0,0,0,3000,0,3000,3000
062628,廣達國票9B購01  ,0,0,0,0,0,0,0,0,0,3000,0,0,0,3000,0,3000,3000
062630,全新國票9B購02  ,0,0,0,0,0,0,0,0,0,3000,0,0,0,3000,0,3000,3000
062519,元金2X元大9B購03,0,0,0,0,0,0,0,0,0,3000,0,0,0,3000,0,3000,3000
062566,嘉晶中信9C購01  ,0,0,0,0,0,0,0,0,0,3000,0,0,0,3000,0,3000,3000
060126,創意永豐99購04  ,0,0,0,0,0,0,0,0,0,3000,0,0,0,4000,1000,3000,3000
063281,京元電元大9B購01,0,0,0,0,0,0,0,0,0,3000,0,0,0,19000,16000,3000,3000
063358,華擎國泰01購01  ,0,0,0,0,0,0,0,0,0,3000,0,0,0,3000,0,3000,3000
061414,牧德群益9B購02  ,0,0,0,0,0,0,0,0,0,3000,0,0,0,3000,0,3000,3000
061397,上銀台新9A購01  ,0,0,0,0,0,0,0,0,0,3000,0,0,0,8000,5000,3000,3000
061398,力成中信9A購01  ,0,0,0,0,0,0,0,0,0,3000,0,0,0,133000,130000,3000,3000
060843,大立光國票9A購06,0,0,0,0,0,0,0,0,0,3000,0,0,0,3000,0,3000,3000
060758,台積電元大9A購19,0,0,0,0,0,0,0,0,0,3000,0,0,0,3000,0,3000,3000
060763,聯鈞元大9A購03  ,0,0,0,0,0,0,0,0,0,3000,0,0,0,24000,21000,3000,3000
060770,宏達電麥證9A購01,0,0,0,98000,95000,3000,0,0,0,3000,0,0,0,98000,95000,3000,3000
061047,大立光第一9A購01,0,0,0,0,0,0,0,0,0,3000,0,0,0,3000,0,3000,3000
063039,大立光凱基9C購02,0,0,0,0,0,0,0,0,0,3000,0,0,0,18000,15000,3000,3000
066127,劍麟群益03購01  ,0,0,0,0,0,0,0,0,0,3000,0,0,0,3000,0,3000,3000
065849,景碩元大9C購03  ,0,0,0,0,0,0,0,0,0,3000,0,0,0,177000,174000,3000,3000
065528,FBVIX中信04購01 ,0,0,0,0,0,0,0,0,0,3000,0,0,0,3000,0,3000,3000
065368,技嘉元大9C購04  ,0,0,0,0,0,0,0,0,0,3000,0,0,0,22000,19000,3000,3000
065315,玉晶光中信03購02,0,0,0,0,0,0,0,0,0,3000,0,0,0,120000,117000,3000,3000
065273,南電元大9C購06  ,0,0,0,0,0,0,0,0,0,3000,0,0,0,26000,23000,3000,3000
064795,致伸國票01購01  ,0,0,0,0,0,0,0,0,0,3000,0,0,0,3000,0,3000,3000
064503,日電貿元大9C購01,0,0,0,0,0,0,0,0,0,3000,0,0,0,17000,14000,3000,3000
064297,台郡國票01購01  ,0,0,0,0,0,0,0,0,0,3000,0,0,0,12000,9000,3000,3000
063851,健策元大01購01  ,0,0,0,0,0,0,0,0,0,3000,0,0,0,62000,59000,3000,3000
063706,台虹群益9B購01  ,0,0,0,0,0,0,0,0,0,3000,0,0,0,14000,11000,3000,3000
064089,新日興凱基02購01,0,0,0,0,0,0,0,0,0,3000,0,0,0,4000,1000,3000,3000
064059,新日興麥證01購01,0,0,0,3000,0,3000,0,0,0,3000,0,0,0,3000,0,3000,3000
063940,國巨元大01購02  ,0,0,0,0,0,0,0,0,0,3000,0,0,0,12000,9000,3000,3000
4912,聯德控股-KY     ,7000,3000,4000,0,0,0,0,0,0,-1000,0,1000,-1000,0,0,0,3000
4930,燦星網          ,8000,6000,2000,0,0,0,0,0,0,1000,2000,1000,1000,0,0,0,3000
5225,東科-KY         ,8000,18000,-10000,0,0,0,16000,0,16000,-3000,0,3000,-3000,0,0,0,3000
3062,建漢            ,316000,258000,58000,0,0,0,0,0,0,-55000,3000,58000,-55000,0,0,0,3000
3266,昇陽            ,13000,10000,3000,0,0,0,0,0,0,0,0,0,0,0,0,0,3000
2009,第一銅          ,13000,8000,5000,0,0,0,0,0,0,-2000,2000,4000,-2000,0,0,0,3000
2010,春源            ,54000,40000,14000,0,0,0,0,0,0,-11000,0,11000,-11000,0,0,0,3000
2530,華建            ,15000,4000,11000,0,0,0,0,0,0,-8000,0,8000,-8000,0,0,0,3000
8443,阿瘦            ,5000,2000,3000,0,0,0,0,0,0,0,0,0,0,0,0,0,3000
9937,全國            ,4000,1000,3000,0,0,0,0,0,0,0,0,0,0,0,0,0,3000
066176,華擎凱基01購01  ,0,0,0,0,0,0,0,0,0,2000,0,0,0,15000,13000,2000,2000
066495,技嘉國泰03購01  ,0,0,0,0,0,0,0,0,0,2000,0,0,0,2000,0,2000,2000
06666P,台積電日盛9A售02,0,0,0,0,0,0,0,0,0,2000,0,0,0,2000,0,2000,2000
067174,嘉澤兆豐01購01  ,0,0,0,0,0,0,0,0,0,2000,0,0,0,2000,0,2000,2000
066973,香港2X群益01購01,0,0,0,0,0,0,0,0,0,2000,0,0,0,2000,0,2000,2000
067037,美利達康和01購02,0,0,0,0,0,0,0,0,0,2000,0,0,0,2000,0,2000,2000
066845,亞光元大01購02  ,0,0,0,0,0,0,0,0,0,2000,0,0,0,4000,2000,2000,2000
07876P,台灣50國泰01售01,0,0,0,0,0,0,0,0,0,2000,0,0,0,2000,0,2000,2000
07851P,聯發科國票9A售05,0,0,0,0,0,0,0,0,0,2000,0,0,0,102000,100000,2000,2000
07202P,台灣50凱基9C售04,0,0,0,0,0,0,0,0,0,2000,0,0,0,2000,0,2000,2000
07566P,台積電台新9B售02,0,0,0,0,0,0,0,0,0,2000,0,0,0,2000,0,2000,2000
07484P,台灣50凱基04售02,0,0,0,0,0,0,0,0,0,2000,0,0,0,2000,0,2000,2000
07514P,台積電元大9A售14,0,0,0,0,0,0,0,0,0,2000,0,0,0,2000,0,2000,2000
08223P,臺股指凱基9B售18,0,0,0,0,0,0,0,0,0,2000,0,0,0,45000,43000,2000,2000
07936P,臺股指國票9B售08,0,0,0,0,0,0,0,0,0,2000,0,0,0,2000,0,2000,2000
08699P,南電元大01售05  ,0,0,0,0,0,0,0,0,0,2000,0,0,0,2000,0,2000,2000
08631P,臺股指麥證9C售06,0,0,0,4000,2000,2000,0,0,0,2000,0,0,0,4000,2000,2000,2000
1454,台富            ,8000,5000,3000,0,0,0,0,0,0,-1000,0,1000,-1000,0,0,0,2000
1443,立益            ,2000,0,2000,0,0,0,0,0,0,0,0,0,0,0,0,0,2000
1468,昶和            ,2000,0,2000,0,0,0,0,0,0,0,0,0,0,0,0,0,2000
1236,宏亞            ,3000,1000,2000,0,0,0,0,0,0,0,0,0,0,0,0,0,2000
058600,國巨元大99購15  ,0,0,0,0,0,0,0,0,0,2000,0,0,0,2000,0,2000,2000
058402,欣興元大99購04  ,0,0,0,0,0,0,0,0,0,2000,0,0,0,14000,12000,2000,2000
058160,奇鋐元富99購01  ,0,0,0,0,0,0,0,0,0,2000,0,0,0,2000,0,2000,2000
057109,信邦群益98購01  ,0,0,0,0,0,0,0,0,0,2000,0,0,0,12000,10000,2000,2000
058227,台灣50元大9C購01,0,0,0,0,0,0,0,0,0,2000,0,0,0,12000,10000,2000,2000
058287,國巨國票9A購02  ,0,0,0,0,0,0,0,0,0,2000,0,0,0,60000,58000,2000,2000
057716,神達統一98購01  ,0,0,0,0,0,0,0,0,0,2000,0,0,0,2000,0,2000,2000
058360,台光電凱基9A購02,0,0,0,0,0,0,0,0,0,2000,0,0,0,2000,0,2000,2000
057857,牧德國票99購01  ,0,0,0,0,0,0,0,0,0,2000,0,0,0,2000,0,2000,2000
057548,微星凱基99購01  ,0,0,0,0,0,0,0,0,0,2000,0,0,0,111000,109000,2000,2000
057809,英業達元大98購01,0,0,0,0,0,0,0,0,0,2000,0,0,0,2000,0,2000,2000
057757,鴻海凱基98購13  ,0,0,0,0,0,0,0,0,0,2000,0,0,0,60000,58000,2000,2000
061935,台積電國票9B購07,0,0,0,0,0,0,0,0,0,2000,0,0,0,24000,22000,2000,2000
061928,群創凱基9B購06  ,0,0,0,0,0,0,0,0,0,2000,0,0,0,22000,20000,2000,2000
061597,南六永豐9A購04  ,0,0,0,0,0,0,0,0,0,2000,0,0,0,2000,0,2000,2000
00678,群益NBI生技     ,0,121000,-121000,0,0,0,0,0,0,123000,0,0,0,432000,309000,123000,2000
045443,群創元富98購01  ,0,0,0,0,0,0,0,0,0,2000,0,0,0,2000,0,2000,2000
054588,玉晶光國泰99購02,0,0,0,0,0,0,0,0,0,2000,0,0,0,2000,0,2000,2000
054770,健策國票98購01  ,0,0,0,0,0,0,0,0,0,2000,0,0,0,2000,0,2000,2000
056971,麗豐永豐98購01  ,0,0,0,0,0,0,0,0,0,2000,0,0,0,2000,0,2000,2000
05682P,大立光元大98售03,0,0,0,0,0,0,0,0,0,2000,0,0,0,2000,0,2000,2000
051375,道瓊反群益9A購01,0,0,0,0,0,0,0,0,0,2000,0,0,0,3000,1000,2000,2000
053377,台積電元大98購01,0,0,0,0,0,0,0,0,0,2000,0,0,0,93000,91000,2000,2000
056366,玉晶光元大99購04,0,0,0,0,0,0,0,0,0,2000,0,0,0,8000,6000,2000,2000
055114,新日興凱基98購01,0,0,0,0,0,0,0,0,0,2000,0,0,0,2000,0,2000,2000
055176,大毅統一98購02  ,0,0,0,0,0,0,0,0,0,2000,0,0,0,6000,4000,2000,2000
055262,台虹國泰98購01  ,0,0,0,0,0,0,0,0,0,2000,0,0,0,2000,0,2000,2000
057969,緯穎國泰99購01  ,0,0,0,0,0,0,0,0,0,2000,0,0,0,11000,9000,2000,2000
059063,康控凱基99購04  ,0,0,0,0,0,0,0,0,0,2000,0,0,0,75000,73000,2000,2000
059014,SGBR2X元富03購01,0,0,0,0,0,0,0,0,0,2000,0,0,0,2000,0,2000,2000
060301,國巨富邦9C購02  ,0,0,0,0,0,0,0,0,0,2000,0,0,0,2000,0,2000,2000
060356,上銀元富9A購01  ,0,0,0,0,0,0,0,0,0,2000,0,0,0,2000,0,2000,2000
060575,大立光中信9B購02,0,0,0,0,0,0,0,0,0,2000,0,0,0,2000,0,2000,2000
060678,聯詠元大9A購03  ,0,0,0,0,0,0,0,0,0,2000,0,0,0,2000,0,2000,2000
060679,聯詠元大9A購04  ,0,0,0,0,0,0,0,0,0,2000,0,0,0,2000,0,2000,2000
060837,上銀國票9A購04  ,0,0,0,0,0,0,0,0,0,2000,0,0,0,2000,0,2000,2000
060845,欣興國票9A購01  ,0,0,0,0,0,0,0,0,0,2000,0,0,0,24000,22000,2000,2000
060854,台積電富邦9C購08,0,0,0,0,0,0,0,0,0,2000,0,0,0,2000,0,2000,2000
063157,鴻海台新9B購02  ,0,0,0,0,0,0,0,0,0,2000,0,0,0,46000,44000,2000,2000
063105,健策群益9C購01  ,0,0,0,0,0,0,0,0,0,2000,0,0,0,3000,1000,2000,2000
063389,大立光兆豐9C購02,0,0,0,0,0,0,0,0,0,2000,0,0,0,7000,5000,2000,2000
063522,技嘉凱基9B購03  ,0,0,0,0,0,0,0,0,0,2000,0,0,0,45000,43000,2000,2000
060152,上証2X永豐9A購02,0,0,0,0,0,0,0,0,0,2000,0,0,0,2000,0,2000,2000
060200,同欣電元富9A購01,0,0,0,0,0,0,0,0,0,2000,0,0,0,2000,0,2000,2000
060191,亞光元富9A購02  ,0,0,0,0,0,0,0,0,0,2000,0,0,0,10000,8000,2000,2000
060967,鈺齊凱基9A購02  ,0,0,0,0,0,0,0,0,0,2000,0,0,0,88000,86000,2000,2000
061773,和潤元大9B購01  ,0,0,0,0,0,0,0,0,0,2000,0,0,0,70000,68000,2000,2000
061764,旺宏元大9B購01  ,0,0,0,0,0,0,0,0,0,2000,0,0,0,68000,66000,2000,2000
062432,上銀元大9B購04  ,0,0,0,0,0,0,0,0,0,2000,0,0,0,49000,47000,2000,2000
062311,奇力新凱基9B購01,0,0,0,0,0,0,0,0,0,2000,0,0,0,12000,10000,2000,2000
062575,景碩群益9B購01  ,0,0,0,0,0,0,0,0,0,2000,0,0,0,2000,0,2000,2000
062512,美食國票9B購01  ,0,0,0,0,0,0,0,0,0,2000,0,0,0,2000,0,2000,2000
062648,聯茂富邦9B購01  ,0,0,0,0,0,0,0,0,0,2000,0,0,0,2000,0,2000,2000
059905,A50正2元大9C購06,0,0,0,0,0,0,0,0,0,2000,0,0,0,3000,1000,2000,2000
059771,台積電群益99購11,0,0,0,0,0,0,0,0,0,2000,0,0,0,2000,0,2000,2000
059830,台郡凱基99購05  ,0,0,0,0,0,0,0,0,0,2000,0,0,0,2000,0,2000,2000
059842,台積電富邦9C購05,0,0,0,0,0,0,0,0,0,2000,0,0,0,2000,0,2000,2000
059727,大立光元大9A購01,0,0,0,0,0,0,0,0,0,2000,0,0,0,6000,4000,2000,2000
063912,信邦凱基01購01  ,0,0,0,0,0,0,0,0,0,2000,0,0,0,3000,1000,2000,2000
063921,大立光元富9C購03,0,0,0,0,0,0,0,0,0,2000,0,0,0,9000,7000,2000,2000
064184,矽格富邦02購01  ,0,0,0,0,0,0,0,0,0,2000,0,0,0,62000,60000,2000,2000
064400,大成鋼凱基01購01,0,0,0,0,0,0,0,0,0,2000,0,0,0,2000,0,2000,2000
064860,聯發科富邦03購01,0,0,0,0,0,0,0,0,0,2000,0,0,0,5000,3000,2000,2000
065332,漢唐國票01購02  ,0,0,0,0,0,0,0,0,0,2000,0,0,0,2000,0,2000,2000
065487,臺股指元大9C購25,0,0,0,0,0,0,0,0,0,2000,0,0,0,5000,3000,2000,2000
064946,台積電凱基01購07,0,0,0,0,0,0,0,0,0,2000,0,0,0,2000,0,2000,2000
065103,南六元大9C購06  ,0,0,0,0,0,0,0,0,0,2000,0,0,0,67000,65000,2000,2000
065131,晶技兆豐01購01  ,0,0,0,0,0,0,0,0,0,2000,0,0,0,5000,3000,2000,2000
065176,玉晶光元大01購04,0,0,0,0,0,0,0,0,0,2000,0,0,0,3000,1000,2000,2000
065634,聯發科國票9C購06,0,0,0,0,0,0,0,0,0,2000,0,0,0,21000,19000,2000,2000
065612,聯茂元大9C購07  ,0,0,0,0,0,0,0,0,0,2000,0,0,0,103000,101000,2000,2000
066152,大立光麥證01購03,0,0,0,2000,0,2000,0,0,0,2000,0,0,0,2000,0,2000,2000
065969,台積電元大01購06,0,0,0,0,0,0,0,0,0,2000,0,0,0,116000,114000,2000,2000
065909,大立光永豐9C購02,0,0,0,0,0,0,0,0,0,2000,0,0,0,5000,3000,2000,2000
9926,新海            ,2000,0,2000,0,0,0,0,0,0,0,1000,1000,0,0,0,0,2000
6431,光麗-KY         ,2000,0,2000,0,0,0,0,0,0,0,0,0,0,0,0,0,2000
2462,良得電          ,2000,0,2000,0,0,0,0,0,0,0,0,0,0,0,0,0,2000
2440,太空梭          ,2000,0,2000,0,0,0,0,0,0,0,0,0,0,0,0,0,2000
2415,錩新            ,14000,11000,3000,0,0,0,0,0,0,-1000,0,1000,-1000,0,0,0,2000
2002A,中鋼特          ,0,0,0,0,0,0,0,0,0,2000,7000,5000,2000,0,0,0,2000
3046,建碁            ,2000,0,2000,0,0,0,0,0,0,0,0,0,0,0,0,0,2000
3028,增你強          ,16000,5000,11000,0,0,0,0,0,0,-9000,0,9000,-9000,0,0,0,2000
5525,順天            ,3000,1000,2000,0,0,0,0,0,0,0,0,0,0,0,0,0,2000
4576,大銀微系統      ,12000,8000,4000,0,0,0,0,0,0,-2000,0,2000,-2000,0,0,0,2000
3701,大眾控          ,3000,1000,2000,0,0,0,0,0,0,0,0,0,0,0,0,0,2000
08730P,緯穎永豐01售02  ,0,0,0,0,0,0,0,0,0,1000,0,0,0,35000,34000,1000,1000
1470,大統新創        ,1000,0,1000,0,0,0,0,0,0,0,0,0,0,0,0,0,1000
1432,大魯閣          ,2000,1000,1000,0,0,0,0,0,0,0,0,0,0,0,0,0,1000
1323,永裕            ,4000,1000,3000,0,0,0,0,0,0,-2000,0,2000,-2000,0,0,0,1000
07904P,聯發科群益9B售05,0,0,0,0,0,0,0,0,0,1000,0,0,0,2000,1000,1000,1000
07284P,大立光凱基99售10,0,0,0,0,0,0,0,0,0,1000,0,0,0,1000,0,1000,1000
07347P,上証2X凱基99售02,0,0,0,0,0,0,0,0,0,1000,0,0,0,1000,0,1000,1000
07789P,緯穎群益9A售03  ,0,0,0,0,0,0,0,0,0,1000,0,0,0,33000,32000,1000,1000
07745P,華新科凱基9A售10,0,0,0,0,0,0,0,0,0,1000,0,0,0,1000,0,1000,1000
067034,台郡康和01購01  ,0,0,0,0,0,0,0,0,0,1000,0,0,0,8000,7000,1000,1000
06724P,台灣50國票98售01,0,0,0,0,0,0,0,0,0,1000,0,0,0,1000,0,1000,1000
066697,長興群益01購01  ,0,0,0,0,0,0,0,0,0,1000,0,0,0,1000,0,1000,1000
066592,大立光群益01購06,0,0,0,0,0,0,0,0,0,1000,0,0,0,1000,0,1000,1000
066216,南電統一03購01  ,0,0,0,0,0,0,0,0,0,1000,0,0,0,55000,54000,1000,1000
066246,中化元大01購01  ,0,0,0,0,0,0,0,0,0,1000,0,0,0,1000,0,1000,1000
066391,國巨凱基01購04  ,0,0,0,0,0,0,0,0,0,1000,0,0,0,19000,18000,1000,1000
066354,緯穎永豐01購01  ,0,0,0,0,0,0,0,0,0,1000,0,0,0,12000,11000,1000,1000
059070,道瓊指元大99購02,0,0,0,0,0,0,0,0,0,1000,0,0,0,1000,0,1000,1000
058099,鴻海國泰9A購02  ,0,0,0,0,0,0,0,0,0,1000,0,0,0,1000,0,1000,1000
058088,鴻海元大9A購01  ,0,0,0,0,0,0,0,0,0,1000,0,0,0,1000,0,1000,1000
057978,聯發科永豐98購05,0,0,0,0,0,0,0,0,0,1000,0,0,0,1000,0,1000,1000
057980,聯詠永豐98購01  ,0,0,0,0,0,0,0,0,0,1000,0,0,0,10000,9000,1000,1000
058017,漢唐凱基99購01  ,0,0,0,0,0,0,0,0,0,1000,0,0,0,1000,0,1000,1000
055311,健策群益98購02  ,0,0,0,0,0,0,0,0,0,1000,0,0,0,3000,2000,1000,1000
056667,上銀國票99購01  ,0,0,0,0,0,0,0,0,0,1000,0,0,0,2000,1000,1000,1000
056592,台積電元富98購01,0,0,0,0,0,0,0,0,0,1000,0,0,0,3000,2000,1000,1000
056335,微星凱基98購01  ,0,0,0,0,0,0,0,0,0,1000,0,0,0,1000,0,1000,1000
056295,國巨元大97購16  ,0,0,0,0,0,0,0,0,0,1000,0,0,0,3000,2000,1000,1000
055816,新日興國票98購01,0,0,0,0,0,0,0,0,0,1000,0,0,0,1000,0,1000,1000
055820,矽力國票98購02  ,0,0,0,0,0,0,0,0,0,1000,0,0,0,1000,0,1000,1000
055852,聯鈞元大98購01  ,0,0,0,0,0,0,0,0,0,1000,0,0,0,1000,0,1000,1000
056721,台灣50永昌9A購01,0,0,0,0,0,0,0,0,0,1000,0,0,0,1000,0,1000,1000
052692,滬深2X中信99購02,0,0,0,0,0,0,0,0,0,1000,0,0,0,2000,1000,1000,1000
049593,群創元大9A購01  ,0,0,0,0,0,0,0,0,0,1000,0,0,0,1000,0,1000,1000
056852,矽格元富98購01  ,0,0,0,0,0,0,0,0,0,1000,0,0,0,1000,0,1000,1000
056856,華通群益9A購01  ,0,0,0,0,0,0,0,0,0,1000,0,0,0,1000,0,1000,1000
042953,鴻海台新01購01  ,0,0,0,0,0,0,0,0,0,1000,0,0,0,1000,0,1000,1000
03679C,臺股指元大04牛04,0,0,0,0,0,0,0,0,0,1000,0,0,0,1000,0,1000,1000
00684R,元大美元指數反1 ,0,0,0,0,0,0,0,0,0,1000,0,0,0,1000,0,1000,1000
00851,台新全球AI      ,0,0,0,0,0,0,0,0,0,1000,0,0,0,40000,39000,1000,1000
053705,滬深2X凱基99購01,0,0,0,0,0,0,0,0,0,1000,0,0,0,1000,0,1000,1000
053739,A50正2國票9A購01,0,0,0,0,0,0,0,0,0,1000,0,0,0,1000,0,1000,1000
061585,台積電富邦9B購06,0,0,0,0,0,0,0,0,0,1000,0,0,0,1000,0,1000,1000
061929,嘉澤凱基9B購01  ,0,0,0,0,0,0,0,0,0,1000,0,0,0,1000,0,1000,1000
061922,瑞昱凱基9B購01  ,0,0,0,0,0,0,0,0,0,1000,0,0,0,1000,0,1000,1000
061946,鴻海群益9B購03  ,0,0,0,0,0,0,0,0,0,1000,0,0,0,1000,0,1000,1000
057595,健鼎兆豐98購01  ,0,0,0,0,0,0,0,0,0,1000,0,0,0,11000,10000,1000,1000
057640,台積電元大98購16,0,0,0,0,0,0,0,0,0,1000,0,0,0,2000,1000,1000,1000
057665,技嘉元大99購01  ,0,0,0,0,0,0,0,0,0,1000,0,0,0,10000,9000,1000,1000
057715,聯發科統一99購03,0,0,0,0,0,0,0,0,0,1000,0,0,0,1000,0,1000,1000
057729,華新科國泰99購04,0,0,0,0,0,0,0,0,0,1000,0,0,0,1000,0,1000,1000
057282,大立光元大99購06,0,0,0,0,0,0,0,0,0,1000,0,0,0,493000,492000,1000,1000
058205,神達凱基9B購01  ,0,0,0,0,0,0,0,0,0,1000,0,0,0,1000,0,1000,1000
057462,光磊永豐98購02  ,0,0,0,0,0,0,0,0,0,1000,0,0,0,1000,0,1000,1000
057182,禾伸堂元大99購02,0,0,0,0,0,0,0,0,0,1000,0,0,0,139000,138000,1000,1000
057164,國巨元大98購14  ,0,0,0,0,0,0,0,0,0,1000,0,0,0,3000,2000,1000,1000
058630,日月光國票9A購01,0,0,0,0,0,0,0,0,0,1000,0,0,0,1000,0,1000,1000
058774,台郡兆豐9A購01  ,0,0,0,0,0,0,0,0,0,1000,0,0,0,1000,0,1000,1000
058757,道瓊銀群益9A購02,0,0,0,0,0,0,0,0,0,1000,0,0,0,1000,0,1000,1000
058766,力山兆豐99購01  ,0,0,0,0,0,0,0,0,0,1000,0,0,0,1000,0,1000,1000
058712,鴻海統一9B購03  ,0,0,0,0,0,0,0,0,0,1000,0,0,0,1000,0,1000,1000
059731,康控元大99購04  ,0,0,0,0,0,0,0,0,0,1000,0,0,0,1000,0,1000,1000
062902,智邦元大9B購07  ,0,0,0,0,0,0,0,0,0,1000,0,0,0,21000,20000,1000,1000
059989,嘉晶元大9A購01  ,0,0,0,0,0,0,0,0,0,1000,0,0,0,1000,0,1000,1000
062548,智易永豐9B購01  ,0,0,0,0,0,0,0,0,0,1000,0,0,0,1000,0,1000,1000
062543,華通富邦9C購01  ,0,0,0,0,0,0,0,0,0,1000,0,0,0,6000,5000,1000,1000
062861,世芯國票9C購01  ,0,0,0,0,0,0,0,0,0,1000,0,0,0,2000,1000,1000,1000
062822,力成兆豐9B購01  ,0,0,0,0,0,0,0,0,0,1000,0,0,0,2000,1000,1000,1000
062785,世芯元大9C購01  ,0,0,0,0,0,0,0,0,0,1000,0,0,0,1000,0,1000,1000
062307,華通凱基9C購01  ,0,0,0,0,0,0,0,0,0,1000,0,0,0,2000,1000,1000,1000
062348,聯發科群益9B購06,0,0,0,0,0,0,0,0,0,1000,0,0,0,1000,0,1000,1000
062454,華通群益9C購03  ,0,0,0,0,0,0,0,0,0,1000,0,0,0,1000,0,1000,1000
062493,元金反中信9B購01,0,0,0,0,0,0,0,0,0,1000,0,0,0,1000,0,1000,1000
061010,上銀麥證9A購02  ,0,0,0,1000,0,1000,0,0,0,1000,0,0,0,1000,0,1000,1000
061740,華新科凱基03購01,0,0,0,0,0,0,0,0,0,1000,0,0,0,1000,0,1000,1000
061728,華新科麥證9A購02,0,0,0,1000,0,1000,0,0,0,1000,0,0,0,1000,0,1000,1000
060909,金像電元大9B購01,0,0,0,0,0,0,0,0,0,1000,0,0,0,59000,58000,1000,1000
060116,世紀鋼元大99購07,0,0,0,0,0,0,0,0,0,1000,0,0,0,1000,0,1000,1000
060077,台積電台新9B購01,0,0,0,0,0,0,0,0,0,1000,0,0,0,1000,0,1000,1000
062058,瑞昱統一01購01  ,0,0,0,0,0,0,0,0,0,1000,0,0,0,11000,10000,1000,1000
062098,億光永豐9B購01  ,0,0,0,0,0,0,0,0,0,1000,0,0,0,1000,0,1000,1000
063513,聯發科麥證9B購03,0,0,0,1000,0,1000,0,0,0,1000,0,0,0,1000,0,1000,1000
063428,矽創凱基9B購02  ,0,0,0,0,0,0,0,0,0,1000,0,0,0,1000,0,1000,1000
063429,南電凱基01購01  ,0,0,0,0,0,0,0,0,0,1000,0,0,0,6000,5000,1000,1000
063343,美律統一9C購01  ,0,0,0,0,0,0,0,0,0,1000,0,0,0,1000,0,1000,1000
061222,台灣50中信9A購02,0,0,0,0,0,0,0,0,0,1000,0,0,0,7000,6000,1000,1000
063135,國巨統一9B購16  ,0,0,0,0,0,0,0,0,0,1000,0,0,0,37000,36000,1000,1000
061497,大立光國票9A購09,0,0,0,0,0,0,0,0,0,1000,0,0,0,1000,0,1000,1000
061501,嘉澤國票9A購01  ,0,0,0,0,0,0,0,0,0,1000,0,0,0,1000,0,1000,1000
061570,瑞昱元大9A購05  ,0,0,0,0,0,0,0,0,0,1000,0,0,0,1000,0,1000,1000
060405,中租國泰9C購01  ,0,0,0,0,0,0,0,0,0,1000,0,0,0,1000,0,1000,1000
060793,微星永豐9A購01  ,0,0,0,0,0,0,0,0,0,1000,0,0,0,1000,0,1000,1000
060765,世芯元大9A購01  ,0,0,0,0,0,0,0,0,0,1000,0,0,0,1000,0,1000,1000
060732,玉晶光群益9C購02,0,0,0,0,0,0,0,0,0,1000,0,0,0,1000,0,1000,1000
060718,中磊永豐9A購01  ,0,0,0,0,0,0,0,0,0,1000,0,0,0,54000,53000,1000,1000
061102,台積電元大9A購22,0,0,0,0,0,0,0,0,0,1000,0,0,0,1000,0,1000,1000
061279,鴻海統一9C購04  ,0,0,0,0,0,0,0,0,0,1000,0,0,0,1000,0,1000,1000
060673,旺宏元大9A購04  ,0,0,0,0,0,0,0,0,0,1000,0,0,0,1000,0,1000,1000
060707,台郡富邦9A購01  ,0,0,0,0,0,0,0,0,0,1000,0,0,0,12000,11000,1000,1000
063066,同欣電麥證9B購01,0,0,0,1000,0,1000,0,0,0,1000,0,0,0,1000,0,1000,1000
060477,和潤元大9A購01  ,0,0,0,0,0,0,0,0,0,1000,0,0,0,1000,0,1000,1000
060264,華新科國票9A購02,0,0,0,0,0,0,0,0,0,1000,0,0,0,1000,0,1000,1000
062970,智邦元富9B購01  ,0,0,0,0,0,0,0,0,0,1000,0,0,0,1000,0,1000,1000
065618,電子類元大9C購01,0,0,0,0,0,0,0,0,0,1000,0,0,0,1000,0,1000,1000
065187,聯發科統一02購02,0,0,0,0,0,0,0,0,0,1000,0,0,0,1000,0,1000,1000
065120,臺股指富邦9C購03,0,0,0,0,0,0,0,0,0,1000,0,0,0,1000,0,1000,1000
064979,華擎元大9C購04  ,0,0,0,0,0,0,0,0,0,1000,0,0,0,191000,190000,1000,1000
065056,臺股指凱基9C購20,0,0,0,0,0,0,0,0,0,1000,0,0,0,2000,1000,1000,1000
065417,嘉晶國票01購02  ,0,0,0,0,0,0,0,0,0,1000,0,0,0,9000,8000,1000,1000
065375,神基元大03購01  ,0,0,0,0,0,0,0,0,0,1000,0,0,0,72000,71000,1000,1000
064358,台達電統一01購02,0,0,0,0,0,0,0,0,0,1000,0,0,0,1000,0,1000,1000
06435P,臺股指群益98售02,0,0,0,0,0,0,0,0,0,1000,0,0,0,1000,0,1000,1000
064451,技嘉統一01購02  ,0,0,0,0,0,0,0,0,0,1000,0,0,0,35000,34000,1000,1000
064213,大立光凱基03購01,0,0,0,0,0,0,0,0,0,1000,0,0,0,34000,33000,1000,1000
064164,祥碩統一01購05  ,0,0,0,0,0,0,0,0,0,1000,0,0,0,1000,0,1000,1000
064050,景碩統一01購01  ,0,0,0,0,0,0,0,0,0,1000,0,0,0,1000,0,1000,1000
063828,台積電國票01購02,0,0,0,0,0,0,0,0,0,1000,0,0,0,3000,2000,1000,1000
063743,道瓊反國票9C購02,0,0,0,0,0,0,0,0,0,1000,0,0,0,1000,0,1000,1000
4581,光隆精密-KY     ,1000,0,1000,0,0,0,0,0,0,0,0,0,0,0,0,0,1000
4555,氣立            ,3000,2000,1000,0,0,0,0,0,0,0,0,0,0,0,0,0,1000
4148,全宇生技-KY     ,20000,19000,1000,0,0,0,0,0,0,0,1000,1000,0,0,0,0,1000
3054,立萬利          ,1000,0,1000,0,0,0,0,0,0,0,0,0,0,0,0,0,1000
3058,立德            ,3000,1000,2000,0,0,0,0,0,0,-1000,3000,4000,-1000,0,0,0,1000
3308,聯德            ,1000,0,1000,0,0,0,0,0,0,0,0,0,0,0,0,0,1000
3432,台端            ,6000,2000,4000,0,0,0,0,0,0,-3000,0,3000,-3000,0,0,0,1000
2904,匯僑            ,1000,0,1000,0,0,0,0,0,0,0,0,0,0,0,0,0,1000
3021,鴻名            ,1000,0,1000,0,0,0,0,0,0,0,0,0,0,0,0,0,1000
2891B,中信金乙特      ,0,0,0,0,0,0,0,0,0,1000,1000,0,1000,0,0,0,1000
2891C,中信金丙特      ,0,0,0,0,0,0,0,0,0,1000,1000,0,1000,0,0,0,1000
2032,新鋼            ,1000,0,1000,0,0,0,0,0,0,0,0,0,0,0,0,0,1000
2033,佳大            ,3000,2000,1000,0,0,0,0,0,0,0,0,0,0,0,0,0,1000
1805,寶徠            ,1000,0,1000,0,0,0,0,0,0,0,0,0,0,0,0,0,1000
1725,元禎            ,2000,1000,1000,0,0,0,0,0,0,0,0,0,0,0,0,0,1000
1726,永記            ,3000,0,3000,0,0,0,0,0,0,-2000,0,2000,-2000,0,0,0,1000
2482,連宇            ,10000,6000,4000,0,0,0,0,0,0,-3000,0,3000,-3000,0,0,0,1000
2613,中櫃            ,4000,0,4000,0,0,0,0,0,0,-3000,0,3000,-3000,0,0,0,1000
6442,光聖            ,4000,2000,2000,0,0,0,0,0,0,-1000,0,1000,-1000,0,0,0,1000
6164,華興            ,12000,7000,5000,0,0,0,0,0,0,-4000,4000,8000,-4000,0,0,0,1000
6184,大豐電          ,8000,7000,1000,0,0,0,0,0,0,0,0,0,0,0,0,0,1000
6117,迎廣            ,2000,0,2000,0,0,0,0,0,0,-1000,0,1000,-1000,0,0,0,1000
8427,基勝-KY         ,1000,0,1000,0,0,0,0,0,0,0,0,0,0,0,0,0,1000
8411,福貞-KY         ,3000,0,3000,0,0,0,0,0,0,-2000,0,2000,-2000,0,0,0,1000
8488,吉源-KY         ,1000,0,1000,0,0,0,0,0,0,0,0,0,0,0,0,0,1000
9931,欣高            ,2000,1000,1000,0,0,0,0,0,0,0,0,0,0,0,0,0,1000
066398,京鼎凱基01購02  ,0,0,0,0,0,0,0,0,0,0,0,0,0,140000,140000,0,0
066418,京元電元大01購02,0,0,0,0,0,0,0,0,0,0,0,0,0,244000,244000,0,0
066416,台積電元大01購12,0,0,0,0,0,0,0,0,0,0,0,0,0,1000,1000,0,0
066257,台積電元大01購09,0,0,0,0,0,0,0,0,0,0,0,0,0,1000,1000,0,0
066258,台積電元大01購10,0,0,0,0,0,0,0,0,0,0,0,0,0,21000,21000,0,0
066601,上証2X富邦02購01,0,0,0,0,0,0,0,0,0,0,0,0,0,100000,100000,0,0
066663,達欣工凱基01購01,0,0,0,0,0,0,0,0,0,0,0,0,0,30000,30000,0,0
066708,嘉澤群益02購01  ,0,0,0,0,0,0,0,0,0,0,0,0,0,12000,12000,0,0
066732,可成元大01購06  ,0,0,0,0,0,0,0,0,0,0,0,0,0,27000,27000,0,0
067247,瀚宇博群益01購02,0,0,0,0,0,0,0,0,0,0,0,0,0,20000,20000,0,0
067272,鴻海統一01購05  ,0,0,0,0,0,0,0,0,0,0,0,0,0,50000,50000,0,0
067332,旺宏凱基03購02  ,0,0,0,0,0,0,0,0,0,0,0,0,0,12000,12000,0,0
067313,欣興元大03購01  ,0,0,0,0,0,0,0,0,0,0,0,0,0,20000,20000,0,0
067304,義隆元大01購05  ,0,0,0,0,0,0,0,0,0,0,0,0,0,3000,3000,0,0
067309,欣興元大01購04  ,0,0,0,0,0,0,0,0,0,0,0,0,0,1000,1000,0,0
067167,鴻海麥證01購02  ,0,0,0,50000,10000,40000,0,0,0,0,0,0,0,60000,60000,0,0
06717P,可成元大98售09  ,0,0,0,0,0,0,0,0,0,0,0,0,0,300000,300000,0,0
067186,晶豪科凱基01購02,0,0,0,0,0,0,0,0,0,0,0,0,0,66000,66000,0,0
067191,康控凱基01購02  ,0,0,0,0,0,0,0,0,0,0,0,0,0,31000,31000,0,0
067238,大立光群益02購03,0,0,0,0,0,0,0,0,0,0,0,0,0,30000,30000,0,0
067228,華新群益01購01  ,0,0,0,0,0,0,0,0,0,0,0,0,0,29000,29000,0,0
06758P,鴻海元大98售10  ,0,0,0,0,0,0,0,0,0,0,0,0,0,26000,26000,0,0
06776P,鴻海元大99售05  ,0,0,0,0,0,0,0,0,0,0,0,0,0,75000,75000,0,0
06777P,鴻海元大99售06  ,0,0,0,0,0,0,0,0,0,0,0,0,0,44000,44000,0,0
06854P,鴻海富邦99售05  ,0,0,0,0,0,0,0,0,0,0,0,0,0,200000,200000,0,0
07037P,台積電台新99售03,0,0,0,0,0,0,0,0,0,0,0,0,0,500000,500000,0,0
07122P,欣興凱基99售05  ,0,0,0,0,0,0,0,0,0,0,0,0,0,15000,15000,0,0
067113,京鼎群益02購03  ,0,0,0,0,0,0,0,0,0,0,0,0,0,2000,2000,0,0
066825,智邦群益01購03  ,0,0,0,0,0,0,0,0,0,0,0,0,0,5000,5000,0,0
06689P,鴻海中信9C售02  ,0,0,0,0,0,0,0,0,0,0,0,0,0,40000,40000,0,0
066952,亞光元大01購03  ,0,0,0,0,0,0,0,0,0,0,0,0,0,50000,50000,0,0
066955,新日興元大01購01,0,0,0,0,0,0,0,0,0,0,0,0,0,43000,43000,0,0
066928,台達電國票01購02,0,0,0,0,0,0,0,0,0,0,0,0,0,35000,35000,0,0
066929,國巨國票02購03  ,0,0,0,0,0,0,0,0,0,0,0,0,0,2000,2000,0,0
07691P,宏達電元大9A售05,0,0,0,0,0,0,0,0,0,0,0,0,0,100000,100000,0,0
07587P,台灣50國票9A售11,0,0,0,0,0,0,0,0,0,0,0,0,0,80000,80000,0,0
07803P,南亞科永豐9A售02,0,0,0,0,0,0,0,0,0,0,0,0,0,4000,4000,0,0
07298P,台灣50元大9C售12,0,0,0,0,0,0,0,0,0,0,0,0,0,60000,60000,0,0
07335P,臺股指國票99售20,2000,0,2000,0,0,0,0,0,0,-2000,0,0,0,0,2000,-2000,0
07303P,臺股指元大9A售36,0,0,0,0,0,0,0,0,0,0,0,0,0,100000,100000,0,0
07198P,臺股指元大99售14,0,0,0,0,0,0,0,0,0,0,0,0,0,95000,95000,0,0
07471P,南亞科元大9A售01,0,0,0,0,0,0,0,0,0,0,0,0,0,31000,31000,0,0
07381P,鴻海群益99售05  ,0,0,0,0,0,0,0,0,0,0,0,0,0,20000,20000,0,0
07415P,台積電元大99售52,0,0,0,0,0,0,0,0,0,0,0,0,0,20000,20000,0,0
07917P,可成永豐9B售01  ,0,0,0,0,0,0,0,0,0,0,0,0,0,232000,232000,0,0
08070P,晶技國泰9C售02  ,0,0,0,0,0,0,0,0,0,0,0,0,0,10000,10000,0,0
08101P,超眾群益9B售02  ,0,0,0,0,0,0,0,0,0,0,0,0,0,20000,20000,0,0
08214P,南六統一9B售03  ,0,0,0,0,0,0,0,0,0,0,0,0,0,430000,430000,0,0
08289P,智邦統一9C售01  ,0,0,0,0,0,0,0,0,0,0,0,0,0,75000,75000,0,0
08767P,台灣50凱基01售17,0,0,0,0,0,0,0,0,0,0,0,0,0,1000,1000,0,0
08760P,瑞昱元大01售02  ,0,0,0,0,0,0,0,0,0,0,0,0,0,153000,153000,0,0
08808P,台灣50群益01售06,0,0,0,0,0,0,0,0,0,0,0,0,0,38000,38000,0,0
1233,天仁            ,2000,1000,1000,0,0,0,0,0,0,-1000,0,1000,-1000,0,0,0,0
1101B,台泥乙特        ,0,0,0,0,0,0,0,0,0,0,5000,5000,0,0,0,0,0
08388P,台灣50中信03售09,0,0,0,0,0,0,0,0,0,0,0,0,0,380000,380000,0,0
08415P,台灣50元大9C售42,0,0,0,0,0,0,0,0,0,0,0,0,0,100000,100000,0,0
08417P,聯發科元大9C售12,0,0,0,0,0,0,0,0,0,0,0,0,0,205000,205000,0,0
08507P,臺股指國票9C售08,0,0,0,0,0,0,0,0,0,0,0,0,0,60000,60000,0,0
058673,華新科群益9A購02,0,0,0,0,0,0,0,0,0,0,0,0,0,3000,3000,0,0
058683,可成凱基9A購01  ,0,0,0,0,0,0,0,0,0,0,0,0,0,2000,2000,0,0
058684,健策凱基99購02  ,0,0,0,0,0,0,0,0,0,0,0,0,0,3000,3000,0,0
058740,T50反1日盛9B購02,0,0,0,0,0,0,0,0,0,0,0,0,0,940000,940000,0,0
058633,台灣50兆豐99購01,0,0,0,0,0,0,0,0,0,0,0,0,0,628000,628000,0,0
058649,健策永豐99購01  ,0,0,0,0,0,0,0,0,0,0,0,0,0,2000,2000,0,0
058594,台灣50元富9B購03,0,0,0,0,0,0,0,0,0,0,0,0,0,90000,90000,0,0
058610,欣興元大99購05  ,0,0,0,0,0,0,0,0,0,0,0,0,0,1000,1000,0,0
058612,健策元大99購02  ,0,0,0,0,0,0,0,0,0,0,0,0,0,2000,2000,0,0
058470,台灣50日盛9B購02,0,0,0,0,0,0,0,0,0,0,0,0,0,260000,260000,0,0
058455,玉晶光永豐99購03,0,0,0,0,0,0,0,0,0,0,0,0,0,1000,1000,0,0
058443,T50正2富邦01購01,0,0,0,0,0,0,0,0,0,0,0,0,0,45000,45000,0,0
057165,國巨元大99購05  ,0,0,0,0,0,0,0,0,0,0,0,0,0,4000,4000,0,0
058161,T50反1日盛03購01,0,0,0,0,0,0,0,0,0,0,0,0,0,631000,631000,0,0
057019,台積電凱基98購14,0,0,0,0,0,0,0,0,0,0,0,0,0,3000,3000,0,0
058417,國巨麥證99購01  ,0,0,0,1000,0,1000,0,0,0,0,0,0,0,1000,1000,0,0
058418,台積電麥證99購01,0,0,0,0,10000,-10000,0,0,0,0,0,0,0,10000,10000,0,0
058399,美律元大99購05  ,0,0,0,0,0,0,0,0,0,0,0,0,0,16000,16000,0,0
059195,國巨永豐99購04  ,0,0,0,0,0,0,0,0,0,0,0,0,0,4000,4000,0,0
059197,可成永豐99購02  ,0,0,0,0,0,0,0,0,0,0,0,0,0,3000,3000,0,0
059169,可成凱基99購04  ,0,0,0,0,0,0,0,0,0,0,0,0,0,3000,3000,0,0
059087,台積電元大99購26,0,0,0,0,0,0,0,0,0,0,0,0,0,1000,1000,0,0
059121,瑞儀永豐99購01  ,0,0,0,0,0,0,0,0,0,0,0,0,0,4000,4000,0,0
059112,上銀永豐99購01  ,0,0,0,0,0,0,0,0,0,0,0,0,0,22000,22000,0,0
059236,鴻海凱基99購09  ,0,0,0,0,0,0,0,0,0,0,0,0,0,10000,10000,0,0
058569,健策凱基9A購01  ,0,0,0,0,0,0,0,0,0,0,0,0,0,2000,2000,0,0
058516,健鼎元大99購02  ,0,0,0,0,0,0,0,0,0,0,0,0,0,18000,18000,0,0
058800,健策元大99購03  ,0,0,0,0,0,0,0,0,0,0,0,0,0,2000,2000,0,0
057418,台光電凱基98購04,0,0,0,0,0,0,0,0,0,0,0,0,0,46000,46000,0,0
057320,玉晶光凱基98購01,0,0,0,0,0,0,0,0,0,0,0,0,0,4000,4000,0,0
058225,旺宏元富99購01  ,0,0,0,0,0,0,0,0,0,0,0,0,0,1000,1000,0,0
058249,緯穎元大99購04  ,0,0,0,0,0,0,0,0,0,0,0,0,0,89000,89000,0,0
057693,臺股指凱基98購11,0,0,0,0,0,0,0,0,0,0,0,0,0,1000,1000,0,0
058358,技嘉凱基9A購01  ,0,0,0,0,0,0,0,0,0,0,0,0,0,1000,1000,0,0
058352,鴻海凱基9A購05  ,0,0,0,0,0,0,0,0,0,0,0,0,0,3000,3000,0,0
058369,亞光凱基99購02  ,0,0,0,0,0,0,0,0,0,0,0,0,0,10000,10000,0,0
057677,臺股指元大98購07,0,0,0,0,0,0,0,0,0,0,0,0,0,10000,10000,0,0
057957,嘉晶元大98購01  ,0,0,0,0,0,0,0,0,0,0,0,0,0,1000,1000,0,0
057936,健策群益99購01  ,0,0,0,0,0,0,0,0,0,0,0,0,0,5000,5000,0,0
057859,神達康和98購01  ,0,0,0,0,0,0,0,0,0,0,0,0,0,4000,4000,0,0
057881,SP黃豆群益9A購01,0,0,0,0,0,0,0,0,0,0,0,0,0,61000,61000,0,0
057915,台泥凱基98購01  ,0,0,0,0,0,0,0,0,0,0,0,0,0,100000,100000,0,0
057574,中磊永豐98購01  ,0,0,0,0,0,0,0,0,0,0,0,0,0,7000,7000,0,0
057502,訊芯群益98購02  ,0,0,0,0,0,0,0,0,0,0,0,0,0,45000,45000,0,0
057744,健策永豐98購02  ,0,0,0,0,0,0,0,0,0,0,0,0,0,11000,11000,0,0
057777,可成群益9A購03  ,0,0,0,0,0,0,0,0,0,0,0,0,0,2000,2000,0,0
057609,友訊元富98購01  ,0,0,0,0,0,0,0,0,0,0,0,0,0,10000,10000,0,0
057810,技嘉元大98購06  ,0,0,0,0,0,0,0,0,0,0,0,0,0,2000,2000,0,0
057779,禾伸堂群益98購02,0,0,0,0,0,0,0,0,0,0,0,0,0,11000,11000,0,0
061962,台積電統一01購03,0,0,0,0,0,0,0,0,0,0,0,0,0,2000,2000,0,0
061930,臺股指凱基9B購05,0,0,0,0,0,0,0,0,0,0,0,0,0,10000,10000,0,0
062004,國巨國泰9C購03  ,0,0,0,0,0,0,0,0,0,0,0,0,0,2000,2000,0,0
062007,台光電國泰9C購01,0,0,0,0,0,0,0,0,0,0,0,0,0,10000,10000,0,0
058387,國巨國票9A購03  ,0,0,0,0,0,0,0,0,0,0,0,0,0,9000,9000,0,0
061837,華新科凱基05購02,0,0,0,0,0,0,0,0,0,0,0,0,0,51000,51000,0,0
061859,勤誠國票9B購01  ,0,0,0,0,0,0,0,0,0,0,0,0,0,10000,10000,0,0
061849,國巨國票9B購08  ,0,0,0,0,0,0,0,0,0,0,0,0,0,2000,2000,0,0
062202,國巨國票9C購04  ,0,0,0,0,0,0,0,0,0,0,0,0,0,2000,2000,0,0
053742,創意國票97購01  ,0,150000,-150000,0,0,0,0,0,0,150000,0,0,0,150000,0,150000,0
00668K,國泰美國道瓊+U  ,0,0,0,0,0,0,0,0,0,0,0,0,0,100,100,0,0
00657K,國泰日經225+U   ,0,0,0,0,0,0,0,0,0,0,0,0,0,100,100,0,0
00636K,國泰中國A50+U   ,0,0,0,0,0,0,0,0,0,0,0,0,0,100,100,0,0
00625K,富邦上証+R      ,0,0,0,0,0,0,0,0,0,0,0,0,0,62000,62000,0,0
00732,國泰RMB短期報酬 ,0,0,0,0,0,0,0,0,0,0,0,0,0,101000,101000,0,0
00707R,元大S&P日圓反1  ,0,0,0,0,0,0,0,0,0,0,0,0,0,1000,1000,0,0
046061,中石化凱基98購01,0,0,0,0,0,0,0,0,0,0,0,0,0,40000,40000,0,0
053861,台光電元大98購01,0,0,0,0,0,0,0,0,0,0,0,0,0,10000,10000,0,0
054078,鴻海中信98購01  ,0,0,0,0,0,0,0,0,0,0,0,0,0,20000,20000,0,0
053971,聯發科元大97購09,0,0,0,0,0,0,0,0,0,0,0,0,0,50000,50000,0,0
054435,華新科台新97購02,0,0,0,0,0,0,0,0,0,0,0,0,0,2851000,2851000,0,0
054437,欣興台新97購02  ,0,0,0,0,0,0,0,0,0,0,0,0,0,14000,14000,0,0
056859,台積電群益98購02,0,0,0,0,0,0,0,0,0,0,0,0,0,40000,40000,0,0
056871,新日興日盛99購01,0,0,0,0,0,0,0,0,0,0,0,0,0,62000,62000,0,0
056795,鴻海麥證98購01  ,0,0,0,0,1000,-1000,0,0,0,0,0,0,0,1000,1000,0,0
056991,牧德兆豐98購01  ,0,0,0,0,0,0,0,0,0,0,0,0,0,22000,22000,0,0
054510,S&P反1元大98購01,0,0,0,0,0,0,0,0,0,0,0,0,0,20000,20000,0,0
054743,聯鈞凱基99購01  ,0,0,0,0,0,0,0,0,0,0,0,0,0,20000,20000,0,0
054679,台積電康和99購01,0,0,0,0,0,0,0,0,0,0,0,0,0,5000,5000,0,0
057013,聯發科麥證98購01,0,0,0,0,0,0,0,0,0,0,0,0,0,6000,6000,0,0
051939,同欣電群益97購01,0,0,0,0,0,0,0,0,0,0,0,0,0,6000,6000,0,0
052855,群創日盛99購01  ,0,0,0,0,0,0,0,0,0,0,0,0,0,27000,27000,0,0
056767,大毅元大99購01  ,0,0,0,0,0,0,0,0,0,0,0,0,0,11000,11000,0,0
056734,國巨凱基99購01  ,0,0,0,0,0,0,0,0,0,0,0,0,0,15000,15000,0,0
056743,貿聯凱基98購04  ,0,0,0,0,0,0,0,0,0,0,0,0,0,20000,20000,0,0
055855,牧德元大99購02  ,0,0,0,0,0,0,0,0,0,0,0,0,0,43000,43000,0,0
056435,台積電凱基98購09,0,0,0,0,0,0,0,0,0,0,0,0,0,2000,2000,0,0
056670,樺漢國票99購01  ,0,0,0,0,0,0,0,0,0,0,0,0,0,3000,3000,0,0
056532,技嘉凱基98購01  ,0,0,0,0,0,0,0,0,0,0,0,0,0,2000,2000,0,0
055027,牧德國泰99購01  ,0,0,0,0,0,0,0,0,0,0,0,0,0,61000,61000,0,0
056325,群創兆豐9A購01  ,0,0,0,0,0,0,0,0,0,0,0,0,0,40000,40000,0,0
056222,台積電凱基9A購01,0,0,0,0,0,0,0,0,0,0,0,0,0,10000,10000,0,0
056191,世紀鋼統一97購01,0,0,0,0,0,0,0,0,0,0,0,0,0,51000,51000,0,0
056192,智邦富邦98購01  ,0,0,0,0,0,0,0,0,0,0,0,0,0,22000,22000,0,0
056164,聯茂凱基98購03  ,0,0,0,0,0,0,0,0,0,0,0,0,0,30000,30000,0,0
054930,群電凱基98購01  ,0,0,0,0,0,0,0,0,0,0,0,0,0,30000,30000,0,0
056142,超眾元大97購06  ,0,0,0,0,0,0,0,0,0,0,0,0,0,48000,48000,0,0
056594,台積電元富98購03,0,0,0,0,0,0,0,0,0,0,0,0,0,50000,50000,0,0
056586,光罩統一98購02  ,0,0,0,0,0,0,0,0,0,0,0,0,0,149000,149000,0,0
056651,聯茂凱基98購04  ,0,0,0,0,0,0,0,0,0,0,0,0,0,7000,7000,0,0
056636,台積電日盛9A購01,0,0,0,0,0,0,0,0,0,0,0,0,0,5000,5000,0,0
056434,國巨凱基98購03  ,0,0,0,0,0,0,0,0,0,0,0,0,0,6000,6000,0,0
055590,聯發科元大98購02,0,0,0,0,0,0,0,0,0,0,0,0,0,6000,6000,0,0
058018,南亞科凱基99購03,0,0,0,0,0,0,0,0,0,0,0,0,0,25000,25000,0,0
058882,晶相光永豐99購01,0,0,0,0,0,0,0,0,0,0,0,0,0,10000,10000,0,0
058049,帆宣元大98購01  ,0,0,0,0,0,0,0,0,0,0,0,0,0,50000,50000,0,0
058052,南電元大98購02  ,0,0,0,0,0,0,0,0,0,0,0,0,0,1000,1000,0,0
058961,台灣50兆豐9C購01,0,0,0,0,0,0,0,0,0,0,0,0,0,638000,638000,0,0
058964,群創兆豐99購01  ,0,0,0,0,0,0,0,0,0,0,0,0,0,14000,14000,0,0
058967,可成麥證99購01  ,0,0,0,4000,1000,3000,0,0,0,0,0,0,0,5000,5000,0,0
058924,晶相光元富99購02,0,0,0,0,0,0,0,0,0,0,0,0,0,30000,30000,0,0
058931,玉晶光統一9C購01,0,0,0,0,0,0,0,0,0,0,0,0,0,1000,1000,0,0
059056,技嘉凱基99購02  ,0,0,0,0,0,0,0,0,0,0,0,0,0,7000,7000,0,0
059053,鴻海凱基99購07  ,0,0,0,0,0,0,0,0,0,0,0,0,0,50000,50000,0,0
058144,聯茂元大99購02  ,0,0,0,0,0,0,0,0,0,0,0,0,0,68000,68000,0,0
058155,牧德統一9A購01  ,0,0,0,0,0,0,0,0,0,0,0,0,0,62000,62000,0,0
058120,台灣50國票99購03,0,0,0,0,0,0,0,0,0,0,0,0,0,60000,60000,0,0
058114,台積電第一01購01,0,0,0,0,0,0,0,0,0,0,0,0,0,1000,1000,0,0
063033,台積電凱基9B購09,0,0,0,0,0,0,0,0,0,0,0,0,0,11000,11000,0,0
060266,潤泰全國票9A購01,0,0,0,0,0,0,0,0,0,0,0,0,0,48000,48000,0,0
060297,和碩元大9A購02  ,0,0,0,0,0,0,0,0,0,0,0,0,0,56000,56000,0,0
060502,國巨元大9A購07  ,0,0,0,0,0,0,0,0,0,0,0,0,0,10000,10000,0,0
063043,台灣50兆豐9B購02,0,0,0,0,0,0,0,0,0,0,0,0,0,30000,30000,0,0
063056,嘉澤統一9C購02  ,0,0,0,0,0,0,0,0,0,0,0,0,0,35000,35000,0,0
060680,玉晶光元大9C購03,0,0,0,0,0,0,0,0,0,0,0,0,0,1000,1000,0,0
060590,台積電台新9C購02,0,0,0,0,0,0,0,0,0,0,0,0,0,1000,1000,0,0
060621,玉晶光元大9A購05,0,0,0,0,0,0,0,0,0,0,0,0,0,1000,1000,0,0
061282,台積電統一9C購06,0,0,0,0,0,0,0,0,0,0,0,0,0,1000,1000,0,0
061353,康控元大9A購01  ,0,0,0,0,0,0,0,0,0,0,0,0,0,1000,1000,0,0
061365,國巨國票9B購05  ,0,0,0,0,0,0,0,0,0,0,0,0,0,12000,12000,0,0
061349,嘉澤元大9A購02  ,0,0,0,0,0,0,0,0,0,0,0,0,0,1000,1000,0,0
061338,台積電元大9A購28,0,0,0,0,0,0,0,0,0,0,0,0,0,1000,1000,0,0
061053,國巨群益9A購08  ,0,0,0,0,0,0,0,0,0,0,0,0,0,2000,2000,0,0
061064,可成凱基9B購02  ,0,0,0,0,0,0,0,0,0,0,0,0,0,2000,2000,0,0
061122,敬鵬永豐9A購01  ,0,0,0,0,0,0,0,0,0,0,0,0,0,110000,110000,0,0
060729,國巨群益9A購05  ,0,0,0,0,0,0,0,0,0,0,0,0,0,2000,2000,0,0
060769,國巨麥證9A購02  ,0,0,0,3000,1000,2000,0,0,0,0,0,0,0,4000,4000,0,0
060798,旭富永豐9A購01  ,0,0,0,0,0,0,0,0,0,0,0,0,0,99000,99000,0,0
060806,華新科群益9A購03,0,0,0,0,0,0,0,0,0,0,0,0,0,1000,1000,0,0
060408,和潤國泰9C購01  ,0,5000,-5000,0,0,0,0,0,0,5000,0,0,0,5000,0,5000,0
060424,中租永豐9A購01  ,0,0,0,0,0,0,0,0,0,0,0,0,0,40000,40000,0,0
060844,大立光國票9A購07,0,0,0,0,0,0,0,0,0,0,0,0,0,7000,7000,0,0
061175,台積電凱基9A購19,0,0,0,0,0,0,0,0,0,0,0,0,0,2000,2000,0,0
061512,國巨永豐9A購04  ,0,0,0,0,0,0,0,0,0,0,0,0,0,2000,2000,0,0
061525,華新科凱基9A購13,0,0,0,0,0,0,0,0,0,0,0,0,0,2000,2000,0,0
06154P,超眾元大98售01  ,0,0,0,0,0,0,0,0,0,0,0,0,0,25000,25000,0,0
061557,台積電國票9C購02,0,0,0,0,0,0,0,0,0,0,0,0,0,25000,25000,0,0
061481,嘉澤元大9A購03  ,0,0,0,0,0,0,0,0,0,0,0,0,0,7000,7000,0,0
061482,健策元大9C購01  ,0,0,0,0,0,0,0,0,0,0,0,0,0,1000,1000,0,0
061469,瑞祺群益9A購02  ,0,0,0,0,0,0,0,0,0,0,0,0,0,6000,6000,0,0
061400,可成兆豐9B購02  ,0,0,0,0,0,0,0,0,0,0,0,0,0,5000,5000,0,0
061381,台灣50群益9B購07,0,0,0,0,0,0,0,0,0,0,0,0,0,5000,5000,0,0
063235,台積電元大9B購06,0,0,0,0,0,0,0,0,0,0,0,0,0,1000,1000,0,0
061215,健策元大9A購06  ,0,0,0,0,0,0,0,0,0,0,0,0,0,1000,1000,0,0
063084,可成凱基9C購01  ,0,0,0,0,0,0,0,0,0,0,0,0,0,2000,2000,0,0
063230,緯穎群益9B購02  ,0,0,0,0,0,0,0,0,0,0,0,0,0,25000,25000,0,0
063314,美律群益9B購01  ,0,0,0,0,0,0,0,0,0,0,0,0,0,39000,39000,0,0
063296,可成麥證9B購01  ,0,0,0,2000,0,2000,0,0,0,0,0,0,0,2000,2000,0,0
063430,台積電台新9B購07,0,0,0,0,0,0,0,0,0,0,0,0,0,1000,1000,0,0
063416,台積電凱基9B購10,0,0,0,0,0,0,0,0,0,0,0,0,0,9000,9000,0,0
063551,美食國票9B購02  ,0,0,0,0,0,0,0,0,0,0,0,0,0,38000,38000,0,0
062087,瑞祺元大9B購02  ,0,0,0,0,0,0,0,0,0,0,0,0,0,3000,3000,0,0
062075,智邦元大9B購03  ,0,0,0,0,0,0,0,0,0,0,0,0,0,20000,20000,0,0
06211P,鴻海元大98售04  ,0,0,0,0,0,0,0,0,0,0,0,0,0,10000,10000,0,0
060015,國巨康和99購03  ,0,0,0,0,0,0,0,0,0,0,0,0,0,9000,9000,0,0
060097,華新科元大99購23,0,0,0,0,0,0,0,0,0,0,0,0,0,1000,1000,0,0
060912,華新科元大9A購10,0,0,0,0,0,0,0,0,0,0,0,0,0,68000,68000,0,0
061725,國巨麥證9A購05  ,0,0,0,2000,0,2000,0,0,0,0,0,0,0,2000,2000,0,0
060190,國泰金元富9A購01,0,0,0,0,0,0,0,0,0,0,0,0,0,5000,5000,0,0
060220,華新科凱基9A購08,0,0,0,0,0,0,0,0,0,0,0,0,0,1000,1000,0,0
062247,國巨元大9B購07  ,0,0,0,0,0,0,0,0,0,0,0,0,0,2000,2000,0,0
060931,GIS永豐9A購01   ,0,0,0,0,0,0,0,0,0,0,0,0,0,20000,20000,0,0
061014,台積電麥證9A購04,0,0,0,1000,0,1000,0,0,0,0,0,0,0,1000,1000,0,0
061018,台積電國票9B購05,0,0,0,0,0,0,0,0,0,0,0,0,0,2000,2000,0,0
060964,日月光凱基9A購01,0,0,0,0,0,0,0,0,0,0,0,0,0,10000,10000,0,0
060962,義隆凱基9B購01  ,0,0,0,0,0,0,0,0,0,0,0,0,0,10000,10000,0,0
060984,南亞科元大9A購07,0,0,0,0,0,0,0,0,0,0,0,0,0,68000,68000,0,0
060993,健策元大9B購03  ,0,0,0,0,0,0,0,0,0,0,0,0,0,1000,1000,0,0
061781,台積電群益9C購01,0,0,0,0,0,0,0,0,0,0,0,0,0,4000,4000,0,0
061787,華新科群益9C購01,0,0,0,0,0,0,0,0,0,0,0,0,0,2000,2000,0,0
061798,晶豪科永豐9B購01,0,0,0,0,0,0,0,0,0,0,0,0,0,200000,200000,0,0
06165P,臺股指凱基9A售03,0,0,0,0,0,0,0,0,0,0,0,0,0,50000,50000,0,0
061656,華新科國票9A購08,0,0,0,0,0,0,0,0,0,0,0,0,0,4000,4000,0,0
061662,瑞儀永豐9A購02  ,0,0,0,0,0,0,0,0,0,0,0,0,0,20000,20000,0,0
061043,百和永豐9A購01  ,0,0,0,0,0,0,0,0,0,0,0,0,0,8000,8000,0,0
061643,嘉澤元大9A購05  ,0,0,0,0,0,0,0,0,0,0,0,0,0,3000,3000,0,0
062467,國巨凱基9B購08  ,0,0,0,0,0,0,0,0,0,0,0,0,0,2000,2000,0,0
062442,華新科元大9C購02,0,0,0,0,0,0,0,0,0,0,0,0,0,100000,100000,0,0
062435,國巨元大9B購13  ,0,0,0,0,0,0,0,0,0,0,0,0,0,3000,3000,0,0
062420,台積電統一9C購08,0,0,0,0,0,0,0,0,0,0,0,0,0,1000,1000,0,0
062346,智邦群益9B購02  ,0,0,0,0,0,0,0,0,0,0,0,0,0,6000,6000,0,0
062318,台郡凱基9B購01  ,0,0,0,0,0,0,0,0,0,0,0,0,0,20000,20000,0,0
062344,力山群益9B購02  ,0,0,0,0,0,0,0,0,0,0,0,0,0,98000,98000,0,0
062315,健策凱基9C購01  ,0,0,0,0,0,0,0,0,0,0,0,0,0,2000,2000,0,0
062358,國巨元大9B購12  ,0,0,0,0,0,0,0,0,0,0,0,0,0,2000,2000,0,0
062403,健策永豐9B購06  ,0,0,0,0,0,0,0,0,0,0,0,0,0,2000,2000,0,0
062778,國巨元大9B購17  ,0,0,0,0,0,0,0,0,0,0,0,0,0,3000,3000,0,0
059261,華邦電中信01購01,0,0,0,0,0,0,0,0,0,0,0,0,0,20000,20000,0,0
062718,技嘉凱基9B購01  ,0,0,0,0,0,0,0,0,0,0,0,0,0,40000,40000,0,0
062724,可成凱基9B購04  ,0,0,0,0,0,0,0,0,0,0,0,0,0,3000,3000,0,0
062758,國巨凱基9B購09  ,0,0,0,0,0,0,0,0,0,0,0,0,0,2000,2000,0,0
059247,可成凱基99購05  ,0,0,0,0,0,0,0,0,0,0,0,0,0,1000,1000,0,0
062738,可成國票9B購02  ,0,0,0,0,0,0,0,0,0,0,0,0,0,2000,2000,0,0
062583,鴻海統一9C購12  ,0,0,0,0,0,0,0,0,0,0,0,0,0,20000,20000,0,0
062554,台積電凱基9B購08,0,0,0,0,0,0,0,0,0,0,0,0,0,2000,2000,0,0
062669,微星中信03購01  ,0,0,0,0,0,0,0,0,0,0,0,0,0,20000,20000,0,0
059990,健策元大9A購01  ,0,0,0,0,0,0,0,0,0,0,0,0,0,2000,2000,0,0
060011,臺股指群益9C購06,0,0,0,0,0,0,0,0,0,0,0,0,0,1000,1000,0,0
059451,國巨永豐99購05  ,0,0,0,0,0,0,0,0,0,0,0,0,0,3000,3000,0,0
059466,國巨元大99購26  ,0,0,0,0,0,0,0,0,0,0,0,0,0,9000,9000,0,0
059430,台積電元大99購36,0,0,0,0,0,0,0,0,0,0,0,0,0,1000,1000,0,0
059427,國巨元大99購24  ,0,0,0,0,0,0,0,0,0,0,0,0,0,1000,1000,0,0
059366,台積電台新99購04,0,0,0,0,0,0,0,0,0,0,0,0,0,67000,67000,0,0
059893,台積電台新9A購02,0,0,0,0,0,0,0,0,0,0,0,0,0,1000,1000,0,0
059885,台積電國票99購12,0,0,0,0,0,0,0,0,0,0,0,0,0,1000,1000,0,0
059925,可成國泰9B購01  ,0,0,0,0,0,0,0,0,0,0,0,0,0,1000,1000,0,0
059951,台塑康和99購01  ,0,0,0,0,0,0,0,0,0,0,0,0,0,68000,68000,0,0
062900,台積電元大9B購04,0,0,0,0,0,0,0,0,0,0,0,0,0,3000,3000,0,0
062889,可成群益9C購01  ,0,0,0,0,0,0,0,0,0,0,0,0,0,3000,3000,0,0
062877,可成兆豐9C購01  ,0,0,0,0,0,0,0,0,0,0,0,0,0,2000,2000,0,0
059511,宏達電永豐99購02,0,0,0,0,0,0,0,0,0,0,0,0,0,1000,1000,0,0
059516,TPK永豐99購01   ,0,0,0,0,0,0,0,0,0,0,0,0,0,34000,34000,0,0
059538,健策凱基99購03  ,0,0,0,0,0,0,0,0,0,0,0,0,0,2000,2000,0,0
059572,華新科凱基99購08,0,0,0,0,0,0,0,0,0,0,0,0,0,1000,1000,0,0
059573,健策凱基9A購02  ,0,0,0,0,0,0,0,0,0,0,0,0,0,2000,2000,0,0
059642,健策凱基99購04  ,0,0,0,0,0,0,0,0,0,0,0,0,0,2000,2000,0,0
059721,旺宏元大99購16  ,0,0,0,0,0,0,0,0,0,0,0,0,0,1000,1000,0,0
059717,國巨元大99購21  ,0,0,0,0,0,0,0,0,0,0,0,0,0,11000,11000,0,0
059705,華新科凱基9A購07,0,0,0,0,0,0,0,0,0,0,0,0,0,2000,2000,0,0
059706,嘉晶凱基99購01  ,0,0,0,0,0,0,0,0,0,0,0,0,0,8000,8000,0,0
059676,台積電台新99購05,0,0,0,0,0,0,0,0,0,0,0,0,0,1000,1000,0,0
059761,國巨永豐99購06  ,0,0,0,0,0,0,0,0,0,0,0,0,0,2000,2000,0,0
059785,美律元大9A購03  ,0,0,0,0,0,0,0,0,0,0,0,0,0,6000,6000,0,0
063730,台積電元大9B購09,0,0,0,0,0,0,0,0,0,0,0,0,0,12000,12000,0,0
063769,玉晶光國泰02購01,0,0,0,0,0,0,0,0,0,0,0,0,0,1000,1000,0,0
063841,國巨元大01購01  ,0,0,0,0,0,0,0,0,0,0,0,0,0,24000,24000,0,0
063843,台積電元大9C購03,0,0,0,0,0,0,0,0,0,0,0,0,0,1000,1000,0,0
063897,神達群益9C購01  ,0,0,0,0,0,0,0,0,0,0,0,0,0,1000,1000,0,0
063703,晶豪科群益9B購02,0,0,0,0,0,0,0,0,0,0,0,0,0,50000,50000,0,0
063622,健策兆豐9B購01  ,0,0,0,0,0,0,0,0,0,0,0,0,0,12000,12000,0,0
063598,國巨凱基9B購14  ,0,0,0,0,0,0,0,0,0,0,0,0,0,3000,3000,0,0
063599,智邦凱基9B購04  ,0,0,0,0,0,0,0,0,0,0,0,0,0,4000,4000,0,0
063586,燿華永豐9B購02  ,0,0,0,0,0,0,0,0,0,0,0,0,0,50000,50000,0,0
063587,漢唐永豐9B購02  ,0,0,0,0,0,0,0,0,0,0,0,0,0,68000,68000,0,0
063579,GIS元大9C購01   ,0,0,0,0,0,0,0,0,0,0,0,0,0,62000,62000,0,0
063556,儒鴻元大9B購02  ,0,0,0,0,0,0,0,0,0,0,0,0,0,254000,254000,0,0
064022,台積電元大9C購07,0,0,0,0,0,0,0,0,0,0,0,0,0,1000,1000,0,0
064070,祥碩永豐9C購01  ,0,0,0,0,0,0,0,0,0,0,0,0,0,10000,10000,0,0
064091,台郡凱基01購01  ,0,0,0,0,0,0,0,0,0,0,0,0,0,30000,30000,0,0
063941,國巨元大9C購12  ,0,0,0,0,0,0,0,0,0,0,0,0,0,6000,6000,0,0
064166,和潤統一02購01  ,0,0,0,0,0,0,0,0,0,0,0,0,0,135000,135000,0,0
064104,TPK群益9C購02   ,0,0,0,0,0,0,0,0,0,0,0,0,0,12000,12000,0,0
064101,可成群益01購01  ,0,0,0,0,0,0,0,0,0,0,0,0,0,2000,2000,0,0
064102,宏達電群益9C購01,0,0,0,0,0,0,0,0,0,0,0,0,0,2000,2000,0,0
064201,新光金兆豐9C購01,0,0,0,0,0,0,0,0,0,0,0,0,0,22000,22000,0,0
064224,玉晶光國票01購04,0,0,0,0,0,0,0,0,0,0,0,0,0,1000,1000,0,0
064499,可成元大9C購07  ,0,0,0,0,0,0,0,0,0,0,0,0,0,3000,3000,0,0
064518,華新科群益02購01,0,0,0,0,0,0,0,0,0,0,0,0,0,13000,13000,0,0
064352,嘉聯益元大9C購01,0,0,0,0,0,0,0,0,0,0,0,0,0,50000,50000,0,0
064374,旺宏元富9C購01  ,0,0,0,0,0,0,0,0,0,0,0,0,0,11000,11000,0,0
064315,創意群益9C購01  ,0,0,0,0,0,0,0,0,0,0,0,0,0,4000,4000,0,0
064328,華通元大9C購04  ,0,0,0,0,0,0,0,0,0,0,0,0,0,50000,50000,0,0
064335,可成元大9C購05  ,0,0,0,0,0,0,0,0,0,0,0,0,0,1000,1000,0,0
064625,健策元大01購02  ,0,0,0,0,0,0,0,0,0,0,0,0,0,90000,90000,0,0
064616,智邦元大9C購04  ,0,0,0,0,0,0,0,0,0,0,0,0,0,13000,13000,0,0
064609,滬深2X元大9C購12,0,0,0,0,0,0,0,0,0,0,0,0,0,2000,2000,0,0
064694,玉晶光群益02購02,0,0,0,0,0,0,0,0,0,0,0,0,0,3000,3000,0,0
065311,TPK國票01購03   ,0,0,0,0,0,0,0,0,0,0,0,0,0,12000,12000,0,0
065410,國巨永豐9C購01  ,0,0,0,0,0,0,0,0,0,0,0,0,0,2000,2000,0,0
065430,可成凱基02購03  ,0,0,0,0,0,0,0,0,0,0,0,0,0,9000,9000,0,0
065484,康友元大9C購01  ,0,0,0,0,0,0,0,0,0,0,0,0,0,68000,68000,0,0
065497,台積電富邦03購03,0,1000,-1000,0,0,0,0,0,0,1000,0,0,0,1000,0,1000,0
065009,勤誠國票01購01  ,0,0,0,0,0,0,0,0,0,0,0,0,0,38000,38000,0,0
064983,力成元大9C購04  ,0,0,0,0,0,0,0,0,0,0,0,0,0,10000,10000,0,0
064947,台積電凱基01購08,0,0,0,0,0,0,0,0,0,0,0,0,0,1000,1000,0,0
065142,華邦電凱基01購01,0,0,0,0,0,0,0,0,0,0,0,0,0,20000,20000,0,0
065151,國巨群益9C購13  ,0,0,0,0,0,0,0,0,0,0,0,0,0,2000,2000,0,0
065156,可成群益01購02  ,0,0,0,0,0,0,0,0,0,0,0,0,0,3000,3000,0,0
065085,聯發科元大01購02,0,0,0,0,0,0,0,0,0,0,0,0,0,30000,30000,0,0
065178,和碩元大9C購01  ,0,0,0,0,0,0,0,0,0,0,0,0,0,58000,58000,0,0
065631,台積電國票9C購10,0,0,0,0,0,0,0,0,0,0,0,0,0,22000,22000,0,0
065574,創意群益9C購04  ,0,0,0,0,0,0,0,0,0,0,0,0,0,24000,24000,0,0
065691,國巨群益9C購16  ,0,0,0,0,0,0,0,0,0,0,0,0,0,2000,2000,0,0
065694,國巨群益9C購19  ,0,0,0,0,0,0,0,0,0,0,0,0,0,2000,2000,0,0
065835,台灣50元大9C購52,0,0,0,0,0,0,0,0,0,0,0,0,0,148000,148000,0,0
065751,台光電元大9C購06,0,0,0,0,0,0,0,0,0,0,0,0,0,10000,10000,0,0
065918,可成凱基01購01  ,0,0,0,0,0,0,0,0,0,0,0,0,0,6000,6000,0,0
065914,智邦凱基02購03  ,0,0,0,0,0,0,0,0,0,0,0,0,0,14000,14000,0,0
065929,TPK國票02購01   ,0,0,0,0,0,0,0,0,0,0,0,0,0,12000,12000,0,0
065991,牧德永豐01購01  ,0,0,0,0,0,0,0,0,0,0,0,0,0,10000,10000,0,0
06602P,國巨統一99售02  ,0,0,0,0,0,0,0,0,0,0,0,0,0,40000,40000,0,0
066155,華碩康和01購01  ,0,0,0,0,0,0,0,0,0,0,0,0,0,145000,145000,0,0
066067,台積電凱基02購05,0,0,0,0,0,0,0,0,0,0,0,0,0,1000,1000,0,0
066068,台積電凱基02購06,0,0,0,0,0,0,0,0,0,0,0,0,0,1000,1000,0,0
066096,友訊中信05購02  ,0,0,0,0,0,0,0,0,0,0,0,0,0,30000,30000,0,0
8374,羅昇            ,3000,0,3000,0,0,0,0,0,0,-3000,2000,5000,-3000,0,0,0,0
8466,美吉吉-KY       ,1000,0,1000,0,0,0,0,0,0,-1000,0,1000,-1000,0,0,0,0
8222,寶一            ,1000,0,1000,0,0,0,0,0,0,-1000,0,1000,-1000,0,0,0,0
6579,研揚            ,2000,1000,1000,0,0,0,0,0,0,-1000,0,1000,-1000,0,0,0,0
6281,全國電          ,9000,2000,7000,0,0,0,0,0,0,-7000,0,7000,-7000,0,0,0,0
2630,亞航            ,4000,3000,1000,0,0,0,0,0,0,-1000,0,1000,-1000,0,0,0,0
2712,遠雄來          ,1000,1000,0,0,0,0,0,0,0,0,0,0,0,0,0,0,0
2543,皇昌            ,3000,3000,0,0,0,0,0,0,0,0,0,0,0,0,0,0,0
2483,百容            ,3000,0,3000,0,0,0,0,0,0,-3000,0,3000,-3000,0,0,0,0
2438,翔耀            ,1000,0,1000,0,0,0,0,0,0,-1000,0,1000,-1000,0,0,0,0
1727,中華化          ,1000,0,1000,0,0,0,0,0,0,-1000,0,1000,-1000,0,0,0,0
1735,日勝化          ,1000,1000,0,0,0,0,0,0,0,0,0,0,0,0,0,0,0
1724,台硝            ,1000,1000,0,0,0,0,0,0,0,0,0,0,0,0,0,0,0
1903,士紙            ,6000,6000,0,0,0,0,0,0,0,0,0,0,0,0,0,0,0
3011,今皓            ,1000,0,1000,0,0,0,0,0,0,-1000,0,1000,-1000,0,0,0,0
3494,誠研            ,11000,11000,0,0,0,0,0,0,0,0,0,0,0,0,0,0,0
4562,穎漢            ,2000,0,2000,0,0,0,0,0,0,-2000,0,2000,-2000,0,0,0,0
008201,BP上證50        ,0,0,0,0,0,0,0,0,0,-200,0,0,0,0,200,-200,-200
5258,虹堡            ,10000,5000,5000,0,0,0,0,5726,-5726,0,2000,2000,0,0,0,0,-726
08397P,國巨元富9C售04  ,0,0,0,0,0,0,0,0,0,-1000,0,0,0,0,1000,-1000,-1000
08558P,香港2X國票9C售01,0,0,0,0,0,0,0,0,0,-1000,0,0,0,1000,2000,-1000,-1000
1235,興泰            ,1000,1000,0,0,0,0,0,0,0,-1000,0,1000,-1000,0,0,0,-1000
08803P,鴻海元富07售08  ,0,0,0,0,0,0,0,0,0,-1000,0,0,0,0,1000,-1000,-1000
1436,華友聯          ,2000,1000,1000,0,0,0,0,0,0,-2000,0,2000,-2000,0,0,0,-1000
1525,江申            ,1000,0,1000,0,0,0,0,0,0,-2000,0,2000,-2000,0,0,0,-1000
08117P,聯發科元富9B售04,0,0,0,0,0,0,0,0,0,-1000,0,0,0,0,1000,-1000,-1000
08063P,立積國票9B售03  ,0,0,0,0,0,0,0,0,0,-1000,0,0,0,0,1000,-1000,-1000
07947P,國巨統一9B售12  ,0,0,0,0,0,0,0,0,0,-1000,0,0,0,0,1000,-1000,-1000
07999P,台達電凱基9B售02,0,0,0,0,0,0,0,0,0,-1000,0,0,0,14000,15000,-1000,-1000
07229P,T50正2群益9A售01,0,0,0,0,0,0,0,0,0,-1000,0,0,0,0,1000,-1000,-1000
07288P,台灣50凱基99售06,0,0,0,0,0,0,0,0,0,-1000,0,0,0,0,1000,-1000,-1000
07644P,南電凱基9A售03  ,0,0,0,0,0,0,0,0,0,-1000,0,0,0,0,1000,-1000,-1000
066908,聯發科凱基03購05,0,0,0,0,0,0,0,0,0,-1000,0,0,0,0,1000,-1000,-1000
066880,上証2X永豐01購01,0,0,0,0,0,0,0,0,0,-1000,0,0,0,0,1000,-1000,-1000
066863,上証2X元富07購01,0,0,0,0,0,0,0,0,0,-1000,0,0,0,0,1000,-1000,-1000
066878,牧德富邦03購01  ,0,0,0,0,0,0,0,0,0,-1000,0,0,0,0,1000,-1000,-1000
067124,華擎富邦03購01  ,0,0,0,0,0,0,0,0,0,-1000,0,0,0,0,1000,-1000,-1000
066994,聯發科國泰03購02,0,0,0,0,0,0,0,0,0,-1000,0,0,0,0,1000,-1000,-1000
06835P,台灣50國票9A售01,0,0,0,0,0,0,0,0,0,-1000,0,0,0,0,1000,-1000,-1000
06806P,臺股指群益98售12,0,0,0,0,0,0,0,0,0,-1000,0,0,0,1000,2000,-1000,-1000
067229,台達電群益01購02,0,0,0,0,0,0,0,0,0,-1000,0,0,0,0,1000,-1000,-1000
067226,台灣50群益01購09,0,0,0,0,0,0,0,0,0,-1000,0,0,0,0,1000,-1000,-1000
067187,聯陽凱基01購02  ,0,0,0,0,0,0,0,0,0,-1000,0,0,0,0,1000,-1000,-1000
067388,聯發科元富07購03,0,0,0,0,0,0,0,0,0,-1000,0,0,0,0,1000,-1000,-1000
066767,敦泰永豐01購02  ,0,0,0,0,0,0,0,0,0,-1000,0,0,0,0,1000,-1000,-1000
066763,創意永豐01購02  ,0,0,0,0,0,0,0,0,0,-1000,0,0,0,0,1000,-1000,-1000
066758,智邦永豐01購01  ,0,0,0,0,0,0,0,0,0,-1000,0,0,0,2000,3000,-1000,-1000
066653,矽格康和01購01  ,0,0,0,0,0,0,0,0,0,-1000,0,0,0,14000,15000,-1000,-1000
066552,大立光元大01購08,0,0,0,0,0,0,0,0,0,-1000,0,0,0,0,1000,-1000,-1000
066478,鴻海元富07購02  ,0,0,0,0,0,0,0,0,0,-1000,0,0,0,0,1000,-1000,-1000
06647P,台積電元大98售13,0,0,0,0,0,0,0,0,0,-1000,0,0,0,0,1000,-1000,-1000
066222,生達國泰02購01  ,0,0,0,0,0,0,0,0,0,-1000,0,0,0,0,1000,-1000,-1000
066228,嘉基國泰02購01  ,0,0,0,0,0,0,0,0,0,-1000,0,0,0,73000,74000,-1000,-1000
066366,信邦中信02購01  ,0,0,0,0,0,0,0,0,0,-1000,0,0,0,48000,49000,-1000,-1000
00774B,新光中國政金綠債,1000,0,1000,0,0,0,0,0,0,-2000,0,0,0,0,2000,-2000,-1000
00775B,新光投等債15+   ,0,0,0,0,0,0,0,0,0,-1000,0,0,0,2000,3000,-1000,-1000
006204,永豐臺灣加權    ,0,0,0,0,0,0,0,0,0,-1000,0,0,0,12000,13000,-1000,-1000
054387,台積電統一98購02,0,0,0,0,0,0,0,0,0,-1000,0,0,0,49000,50000,-1000,-1000
054418,茂林元大97購01  ,0,0,0,0,0,0,0,0,0,-1000,0,0,0,198000,199000,-1000,-1000
054218,S&P反1統一98購02,0,0,0,0,0,0,0,0,0,-1000,0,0,0,0,1000,-1000,-1000
03094X,大立光元大68展08,0,0,0,0,0,0,0,0,0,-1000,0,0,0,0,1000,-1000,-1000
03035X,元展32          ,0,0,0,0,0,0,0,0,0,-1000,0,0,0,0,1000,-1000,-1000
03052X,元展49          ,0,0,0,0,0,0,0,0,0,-1000,0,0,0,0,1000,-1000,-1000
054509,上証反元大99購01,0,0,0,0,0,0,0,0,0,-1000,0,0,0,0,1000,-1000,-1000
056727,滬深反凱基9B購01,0,0,0,0,0,0,0,0,0,-1000,0,0,0,0,1000,-1000,-1000
049636,上証反凱基9A購01,0,0,0,0,0,0,0,0,0,-1000,0,0,0,0,1000,-1000,-1000
047211,華新科富邦99購01,0,0,0,0,0,0,0,0,0,-1000,0,0,0,0,1000,-1000,-1000
054630,聯鈞凱基98購01  ,0,0,0,0,0,0,0,0,0,-1000,0,0,0,0,1000,-1000,-1000
054804,南亞元大9A購01  ,0,0,0,0,0,0,0,0,0,-1000,0,0,0,0,1000,-1000,-1000
056963,建準永豐98購01  ,0,0,0,0,0,0,0,0,0,-1000,0,0,0,94000,95000,-1000,-1000
056864,新日興群益99購01,0,0,0,0,0,0,0,0,0,-1000,0,0,0,0,1000,-1000,-1000
059057,聯發科凱基99購10,0,0,0,0,0,0,0,0,0,-1000,0,0,0,0,1000,-1000,-1000
058900,旺宏元大99購11  ,0,0,0,0,0,0,0,0,0,-1000,0,0,0,0,1000,-1000,-1000
058063,旺宏中信98購04  ,0,0,0,0,0,0,0,0,0,-1000,0,0,0,0,1000,-1000,-1000
058040,FBVIX元大98購01 ,0,0,0,0,0,0,0,0,0,-1000,0,0,0,0,1000,-1000,-1000
058897,國巨元大99購17  ,0,0,0,0,0,0,0,0,0,-1000,0,0,0,50000,51000,-1000,-1000
056363,華新科元大99購04,0,0,0,0,0,0,0,0,0,-1000,0,0,0,0,1000,-1000,-1000
056655,旺宏元大99購02  ,0,0,0,0,0,0,0,0,0,-1000,0,0,0,0,1000,-1000,-1000
056133,可成元大97購05  ,0,0,0,0,0,0,0,0,0,-1000,0,0,0,0,1000,-1000,-1000
056161,康控凱基98購02  ,0,0,0,0,0,0,0,0,0,-1000,0,0,0,20000,21000,-1000,-1000
056209,超眾永豐97購02  ,0,0,0,0,0,0,0,0,0,-1000,0,0,0,0,1000,-1000,-1000
056241,緯創群益97購01  ,0,0,0,0,0,0,0,0,0,-1000,0,0,0,9000,10000,-1000,-1000
056334,台積電凱基98購06,0,0,0,0,0,0,0,0,0,-1000,0,0,0,0,1000,-1000,-1000
056292,統一元大97購01  ,0,0,0,0,0,0,0,0,0,-1000,0,0,0,5000,6000,-1000,-1000
055033,漢唐富邦98購01  ,0,0,0,0,0,0,0,0,0,-1000,0,0,0,0,1000,-1000,-1000
056060,宏達電元大99購01,0,0,0,0,0,0,0,0,0,-1000,0,0,0,0,1000,-1000,-1000
057592,美律兆豐99購01  ,0,0,0,0,0,0,0,0,0,-1000,0,0,0,0,1000,-1000,-1000
057703,矽力群益98購01  ,0,0,0,0,0,0,0,0,0,-1000,0,0,0,0,1000,-1000,-1000
058271,訊連永豐99購01  ,0,0,0,0,0,0,0,0,0,-1000,0,0,0,2000,3000,-1000,-1000
057281,大立光元大98購16,0,0,0,0,0,0,0,0,0,-1000,0,0,0,0,1000,-1000,-1000
058829,華新科永豐99購04,0,0,0,0,0,0,0,0,0,-1000,0,0,0,0,1000,-1000,-1000
058835,元油2X中信9C購02,0,0,0,0,0,0,0,0,0,-1000,0,0,0,0,1000,-1000,-1000
058580,華新科群益99購02,0,0,0,0,0,0,0,0,0,-1000,0,0,0,0,1000,-1000,-1000
057181,亞光元大98購02  ,0,0,0,0,0,0,0,0,0,-1000,0,0,0,150000,151000,-1000,-1000
059138,台積電兆豐99購04,0,0,0,0,0,0,0,0,0,-1000,0,0,0,0,1000,-1000,-1000
059163,台積電凱基99購10,0,0,0,0,0,0,0,0,0,-1000,0,0,0,0,1000,-1000,-1000
059176,臺股指凱基99購27,0,0,0,0,0,0,0,0,0,-1000,0,0,0,0,1000,-1000,-1000
057040,國巨元大98購12  ,0,0,0,0,0,0,0,0,0,-1000,0,0,0,2000,3000,-1000,-1000
058453,可成永豐99購01  ,0,0,0,0,0,0,0,0,0,-1000,0,0,0,0,1000,-1000,-1000
058738,FBVIX中信03購04 ,0,0,0,0,0,0,0,0,0,-1000,0,0,0,0,1000,-1000,-1000
058743,可成康和99購01  ,0,0,0,0,0,0,0,0,0,-1000,0,0,0,0,1000,-1000,-1000
058729,國巨永豐99購03  ,0,0,0,0,0,0,0,0,0,-1000,0,0,0,0,1000,-1000,-1000
058709,臺股指元大9A購22,0,0,0,0,0,0,0,0,0,-1000,0,0,0,0,1000,-1000,-1000
059817,華通凱基99購05  ,0,0,0,0,0,0,0,0,0,-1000,0,0,0,0,1000,-1000,-1000
059719,台積電元大99購42,0,0,0,0,0,0,0,0,0,-1000,0,0,0,1000,2000,-1000,-1000
059632,聯發科凱基01購01,0,0,0,0,0,0,0,0,0,-1000,0,0,0,0,1000,-1000,-1000
059489,上証2X國票9A購01,0,0,0,0,0,0,0,0,0,-1000,0,0,0,0,1000,-1000,-1000
059347,京鼎凱基99購02  ,0,0,0,0,0,0,0,0,0,-1000,0,0,0,0,1000,-1000,-1000
062629,聯發科國票9C購01,0,0,0,0,0,0,0,0,0,-1000,0,0,0,0,1000,-1000,-1000
062616,玉晶光元大9C購06,0,0,0,0,0,0,0,0,0,-1000,0,0,0,1000,2000,-1000,-1000
062508,臺股指群益9B購03,0,0,0,0,0,0,0,0,0,-1000,0,0,0,0,1000,-1000,-1000
062739,嘉晶國票9B購02  ,0,0,0,0,0,0,0,0,0,-1000,0,0,0,4000,5000,-1000,-1000
062747,立積永豐9B購01  ,0,0,0,0,0,0,0,0,0,-1000,0,0,0,0,1000,-1000,-1000
059250,大立光凱基99購06,0,0,0,0,0,0,0,0,0,-1000,0,0,0,0,1000,-1000,-1000
062733,巨大凱基9B購01  ,0,0,0,0,0,0,0,0,0,-1000,0,0,0,0,1000,-1000,-1000
062841,臺股指群益9B購08,0,0,0,0,0,0,0,0,0,-1000,0,0,0,0,1000,-1000,-1000
062847,臺股指富邦9B購01,0,0,0,0,0,0,0,0,0,-1000,0,0,0,0,1000,-1000,-1000
062314,玉晶光凱基9B購06,0,0,0,0,0,0,0,0,0,-1000,0,0,0,1000,2000,-1000,-1000
062423,聯發科統一9C購07,0,0,0,0,0,0,0,0,0,-1000,0,0,0,0,1000,-1000,-1000
062437,廣達元大9B購01  ,0,0,0,0,0,0,0,0,0,-1000,0,0,0,2000,3000,-1000,-1000
062455,鴻海群益9C購01  ,0,0,0,0,0,0,0,0,0,-1000,0,0,0,0,1000,-1000,-1000
061663,南六永豐9A購05  ,0,0,0,0,0,0,0,0,0,-1000,0,0,0,0,1000,-1000,-1000
061772,健策元大9B購06  ,0,0,0,0,0,0,0,0,0,-1000,0,0,0,1000,2000,-1000,-1000
060941,台積電國票9B購04,0,0,0,0,0,0,0,0,0,-1000,0,0,0,1000,2000,-1000,-1000
062227,南六統一01購02  ,0,0,0,0,0,0,0,0,0,-1000,0,0,0,0,1000,-1000,-1000
062252,華邦電元大9C購01,0,0,0,0,0,0,0,0,0,-1000,0,0,0,50000,51000,-1000,-1000
062278,聯發科群益9C購01,0,0,0,0,0,0,0,0,0,-1000,0,0,0,0,1000,-1000,-1000
061640,智原元大9A購01  ,0,0,0,0,0,0,0,0,0,-1000,0,0,0,0,1000,-1000,-1000
060203,緯穎元富9A購01  ,0,0,0,0,0,0,0,0,0,-1000,0,0,0,6000,7000,-1000,-1000
060188,華新科元富9A購03,0,0,0,0,0,0,0,0,0,-1000,0,0,0,12000,13000,-1000,-1000
062102,T50反1國票9B購07,0,0,0,0,0,0,0,0,0,-1000,0,0,0,0,1000,-1000,-1000
063472,茂林元大9B購04  ,0,0,0,0,0,0,0,0,0,-1000,0,0,0,100000,101000,-1000,-1000
063284,大立光元大9B購07,0,0,0,0,0,0,0,0,0,-1000,0,0,0,0,1000,-1000,-1000
063312,台積電群益9B購07,0,0,0,0,0,0,0,0,0,-1000,0,0,0,13000,14000,-1000,-1000
063398,信邦群益9B購02  ,0,0,0,0,0,0,0,0,0,-1000,0,0,0,0,1000,-1000,-1000
063376,神達永豐9B購01  ,0,0,0,0,0,0,0,0,0,-1000,0,0,0,2000,3000,-1000,-1000
06122P,亞光元大98售01  ,0,0,0,0,0,0,0,0,0,-1000,0,0,0,0,1000,-1000,-1000
061204,國巨元大9A購16  ,0,0,0,0,0,0,0,0,0,-1000,0,0,0,12000,13000,-1000,-1000
063140,聯發科統一9B購08,0,0,0,0,0,0,0,0,0,-1000,0,0,0,44000,45000,-1000,-1000
061387,鴻海群益9A購05  ,0,0,0,0,0,0,0,0,0,-1000,0,0,0,24000,25000,-1000,-1000
061383,高股息群益9A購01,0,0,0,0,0,0,0,0,0,-1000,0,0,0,0,1000,-1000,-1000
061547,禾伸堂群益9A購01,0,0,0,0,0,0,0,0,0,-1000,0,0,0,171000,172000,-1000,-1000
061142,南電統一9A購01  ,0,0,0,0,0,0,0,0,0,-1000,0,0,0,43000,44000,-1000,-1000
060399,康友國票9A購02  ,0,0,0,0,0,0,0,0,0,-1000,0,0,0,21000,22000,-1000,-1000
060779,臺股指凱基9A購07,0,0,0,0,0,0,0,0,0,-1000,0,0,0,1000,2000,-1000,-1000
061253,臺股指群益9A購04,0,0,0,0,0,0,0,0,0,-1000,0,0,0,0,1000,-1000,-1000
063061,華新科元富9B購04,0,0,0,0,0,0,0,0,0,-1000,0,0,0,0,1000,-1000,-1000
063047,大立光兆豐9B購03,0,0,0,0,0,0,0,0,0,-1000,0,0,0,0,1000,-1000,-1000
060568,SP黃豆永豐9A購01,0,0,0,0,0,0,0,0,0,-1000,0,0,0,0,1000,-1000,-1000
063041,貿聯凱基9B購01  ,0,0,0,0,0,0,0,0,0,-1000,0,0,0,10000,11000,-1000,-1000
062959,上証2X元富9B購01,0,0,0,0,0,0,0,0,0,-1000,0,0,0,0,1000,-1000,-1000
062983,緯穎元富9B購01  ,0,0,0,0,0,0,0,0,0,-1000,0,0,0,7000,8000,-1000,-1000
066038,台積電元大01購07,0,0,0,0,0,0,0,0,0,-1000,0,0,0,0,1000,-1000,-1000
066018,南六元富03購02  ,0,0,0,0,0,0,0,0,0,-1000,0,0,0,0,1000,-1000,-1000
065994,南六永豐01購01  ,0,0,0,0,0,0,0,0,0,-1000,0,0,0,0,1000,-1000,-1000
065893,華新科統一02購02,0,0,0,0,0,0,0,0,0,-1000,0,0,0,0,1000,-1000,-1000
065810,台表科群益9C購05,0,0,0,0,0,0,0,0,0,-1000,0,0,0,0,1000,-1000,-1000
065677,南亞科統一03購02,5000,0,5000,0,0,0,0,0,0,-6000,0,0,0,0,6000,-6000,-1000
065192,臺股指統一9C購03,0,0,0,0,0,0,0,0,0,-1000,0,0,0,0,1000,-1000,-1000
065217,世芯國泰02購01  ,0,0,0,0,0,0,0,0,0,-1000,0,0,0,0,1000,-1000,-1000
065003,燿華國票01購01  ,0,0,0,0,0,0,0,0,0,-1000,0,0,0,37000,38000,-1000,-1000
065511,台積電群益01購02,0,0,0,0,0,0,0,0,0,-1000,0,0,0,17000,18000,-1000,-1000
065321,瑞昱凱基9C購01  ,0,0,0,0,0,0,0,0,0,-1000,0,0,0,20000,21000,-1000,-1000
065283,台積電群益01購01,0,0,0,0,0,0,0,0,0,-1000,0,0,0,6000,7000,-1000,-1000
065369,瑞昱元大9C購01  ,0,0,0,0,0,0,0,0,0,-1000,0,0,0,10000,11000,-1000,-1000
065334,立積國票01購02  ,0,0,0,0,0,0,0,0,0,-1000,0,0,0,0,1000,-1000,-1000
064900,景碩群益01購01  ,0,0,0,0,0,0,0,0,0,-1000,0,0,0,10000,11000,-1000,-1000
064791,友達國票9C購01  ,0,0,0,0,0,0,0,0,0,-1000,0,0,0,24000,25000,-1000,-1000
064765,緯穎凱基9C購02  ,0,0,0,0,0,0,0,0,0,-1000,0,0,0,0,1000,-1000,-1000
064345,創意元大9C購03  ,0,0,0,0,0,0,0,0,0,-1000,0,0,0,0,1000,-1000,-1000
064578,TPK國泰02購01   ,0,0,0,0,0,0,0,0,0,-1000,0,0,0,88000,89000,-1000,-1000
064471,國巨麥證9C購02  ,0,0,0,0,1000,-1000,0,0,0,-1000,0,0,0,0,1000,-1000,-1000
064438,大立光凱基01購03,0,0,0,0,0,0,0,0,0,-1000,0,0,0,0,1000,-1000,-1000
064132,神達元大9C購02  ,0,0,0,0,0,0,0,0,0,-1000,0,0,0,33000,34000,-1000,-1000
064055,台郡統一02購01  ,0,0,0,0,0,0,0,0,0,-1000,0,0,0,2000,3000,-1000,-1000
063588,華新科永豐9B購02,0,0,0,0,0,0,0,0,0,-1000,0,0,0,0,1000,-1000,-1000
063635,漢唐元大9B購04  ,0,0,0,0,0,0,0,0,0,-1000,0,0,0,52000,53000,-1000,-1000
063789,智邦台新9C購01  ,0,0,0,0,0,0,0,0,0,-1000,0,0,0,1000,2000,-1000,-1000
063812,智邦群益9C購02  ,0,0,0,0,0,0,0,0,0,-1000,0,0,0,0,1000,-1000,-1000
4764,雙鍵            ,1000,1000,0,0,0,0,0,0,0,-1000,0,1000,-1000,0,0,0,-1000
4190,佐登-KY         ,12000,9000,3000,0,0,0,0,0,0,-4000,1000,2000,-1000,0,3000,-3000,-1000
3550,聯穎            ,6000,1000,5000,0,0,0,0,0,0,-6000,0,6000,-6000,0,0,0,-1000
3383,新世紀          ,1000,2000,-1000,0,0,0,0,0,0,0,0,0,0,0,0,0,-1000
2028,威致            ,5000,6000,-1000,0,0,0,0,0,0,0,0,0,0,0,0,0,-1000
2236,百達-KY         ,1000,1000,0,0,0,0,0,0,0,-1000,0,1000,-1000,0,0,0,-1000
2373,震旦行          ,5000,3000,2000,0,0,0,0,0,0,-3000,0,3000,-3000,0,0,0,-1000
2424,隴華            ,0,1000,-1000,0,0,0,0,0,0,0,0,0,0,0,0,0,-1000
2429,銘旺科          ,0,1000,-1000,0,0,0,0,0,0,0,0,0,0,0,0,0,-1000
5484,慧友            ,1000,2000,-1000,0,0,0,0,0,0,0,0,0,0,0,0,0,-1000
6641,基士德-KY       ,0,0,0,0,0,0,0,0,0,-1000,0,1000,-1000,0,0,0,-1000
6464,台數科          ,2000,3000,-1000,0,0,0,0,0,0,0,0,0,0,0,0,0,-1000
6674,鋐寶科技        ,3000,3000,0,0,0,0,0,0,0,-1000,0,1000,-1000,0,0,0,-1000
8101,華冠            ,0,3000,-3000,0,0,0,0,0,0,2000,2000,0,2000,0,0,0,-1000
8442,威宏-KY         ,1000,1000,0,0,0,0,0,0,0,-1000,0,1000,-1000,0,0,0,-1000
8478,東哥遊艇        ,2000,0,2000,0,0,0,0,0,0,-3000,0,3000,-3000,0,0,0,-1000
8481,政伸            ,1000,2000,-1000,0,0,0,0,0,0,0,0,0,0,0,0,0,-1000
9912,偉聯            ,0,0,0,0,0,0,0,0,0,-1000,0,1000,-1000,0,0,0,-1000
066337,聯陽永豐01購02  ,0,0,0,0,0,0,0,0,0,-2000,0,0,0,75000,77000,-2000,-2000
066408,致新凱基01購02  ,0,0,0,0,0,0,0,0,0,-2000,0,0,0,11000,13000,-2000,-2000
066445,牧德群益01購01  ,0,0,0,0,0,0,0,0,0,-2000,0,0,0,0,2000,-2000,-2000
066205,京鼎統一03購01  ,0,0,0,0,0,0,0,0,0,-2000,0,0,0,78000,80000,-2000,-2000
066635,敦泰凱基01購01  ,0,0,0,0,0,0,0,0,0,-2000,0,0,0,0,2000,-2000,-2000
067361,旭富群益01購02  ,0,0,0,0,0,0,0,0,0,-2000,0,0,0,0,2000,-2000,-2000
067366,巨大群益01購01  ,0,0,0,0,0,0,0,0,0,-2000,0,0,0,0,2000,-2000,-2000
06905P,上証2X國泰99售02,0,0,0,0,0,0,0,0,0,-2000,0,0,0,0,2000,-2000,-2000
066885,牧德永豐01購02  ,0,0,0,0,0,0,0,0,0,-2000,0,0,0,0,2000,-2000,-2000
066907,聯發科凱基03購04,0,0,0,0,0,0,0,0,0,-2000,0,0,0,3000,5000,-2000,-2000
066933,可成國票02購01  ,0,0,0,0,0,0,0,0,0,-2000,0,0,0,5000,7000,-2000,-2000
07888P,大立光國票9B售01,0,0,0,0,0,0,0,0,0,-2000,0,0,0,0,2000,-2000,-2000
07235P,T50正2元大9C售02,0,0,0,0,0,0,0,0,0,-2000,0,0,0,8000,10000,-2000,-2000
07503P,禾伸堂元大9A售01,0,0,0,0,0,0,0,0,0,-2000,0,0,0,0,2000,-2000,-2000
07492P,臺股指國票9A售10,0,0,0,0,0,0,0,0,0,-2000,0,0,0,0,2000,-2000,-2000
08170P,緯穎群益9B售03  ,0,0,0,0,0,0,0,0,0,-2000,0,0,0,8000,10000,-2000,-2000
1535,中宇            ,1000,0,1000,0,0,0,0,0,0,-3000,0,3000,-3000,0,0,0,-2000
1540,喬福            ,2000,0,2000,0,0,0,0,0,0,-4000,0,4000,-4000,0,0,0,-2000
1441,大東            ,1000,1000,0,0,0,0,0,0,0,-2000,0,2000,-2000,0,0,0,-2000
1463,強盛            ,13000,15000,-2000,0,0,0,0,0,0,0,0,0,0,0,0,0,-2000
08789P,A50正2元富01售04,0,0,0,0,0,0,0,0,0,-2000,0,0,0,5000,7000,-2000,-2000
1232,大統益          ,2000,0,2000,0,0,0,0,0,0,-4000,0,4000,-4000,0,0,0,-2000
08811P,鴻海群益01售08  ,0,0,0,0,0,0,0,0,0,-2000,0,0,0,3000,5000,-2000,-2000
08683P,大立光凱基02售03,0,0,0,0,0,0,0,0,0,-2000,0,0,0,20000,22000,-2000,-2000
08438P,鴻海國票01售02  ,0,0,0,0,0,0,0,0,0,-2000,0,0,0,0,2000,-2000,-2000
08440P,玉晶光國票01售05,0,0,0,0,0,0,0,0,0,-2000,0,0,0,271000,273000,-2000,-2000
058718,台灣50元富03購01,0,0,0,0,0,0,0,0,0,-2000,0,0,0,10000,12000,-2000,-2000
058661,臺股指中信9C購01,0,0,0,0,0,0,0,0,0,-2000,0,0,0,8000,10000,-2000,-2000
058485,智邦國票9A購01  ,0,0,0,0,0,0,0,0,0,-2000,0,0,0,0,2000,-2000,-2000
059124,台積電第一03購01,0,0,0,0,0,0,0,0,0,-2000,0,0,0,0,2000,-2000,-2000
059239,台積電凱基99購12,0,0,0,0,0,0,0,0,0,-2000,0,0,0,0,2000,-2000,-2000
058559,華新科日盛99購02,0,0,0,0,0,0,0,0,0,-2000,0,0,0,0,2000,-2000,-2000
058506,台積電元大99購09,0,0,0,0,0,0,0,0,0,-2000,0,0,0,0,2000,-2000,-2000
058212,華新科群益9A購01,0,0,0,0,0,0,0,0,0,-2000,0,0,0,0,2000,-2000,-2000
057370,可成元大98購07  ,0,0,0,0,0,0,0,0,0,-2000,0,0,0,0,2000,-2000,-2000
057706,臺股指群益98購06,0,0,0,0,0,0,0,0,0,-2000,0,0,0,0,2000,-2000,-2000
057724,亞德客國泰99購01,0,0,0,0,0,0,0,0,0,-2000,0,0,0,10000,12000,-2000,-2000
057718,旺宏元富02購02  ,0,0,0,0,0,0,0,0,0,-2000,0,0,0,60000,62000,-2000,-2000
057904,矽力永豐98購01  ,0,0,0,0,0,0,0,0,0,-2000,0,0,0,0,2000,-2000,-2000
062168,大毅永豐9B購01  ,0,0,0,0,0,0,0,0,0,-2000,0,0,0,0,2000,-2000,-2000
062172,南六永豐9B購01  ,0,0,0,0,0,0,0,0,0,-2000,0,0,0,0,2000,-2000,-2000
055726,台表科元大98購03,0,0,0,0,0,0,0,0,0,-2000,0,0,0,0,2000,-2000,-2000
056288,健鼎永豐97購01  ,0,0,0,0,0,0,0,0,0,-2000,0,0,0,1000,3000,-2000,-2000
058025,聯茂國泰99購01  ,0,0,0,0,0,0,0,0,0,-2000,0,0,0,0,2000,-2000,-2000
055437,禾伸堂中信99購01,0,0,0,0,0,0,0,0,0,-2000,0,0,0,84000,86000,-2000,-2000
058946,SGBR2X群益9B購01,0,0,0,0,0,0,0,0,0,-2000,0,0,0,83000,85000,-2000,-2000
058950,國巨群益99購06  ,0,0,0,0,0,0,0,0,0,-2000,0,0,0,0,2000,-2000,-2000
059072,元油2X元大9C購13,0,0,0,0,0,0,0,0,0,-2000,0,0,0,0,2000,-2000,-2000
058124,玉晶光國票9A購01,0,0,0,0,0,0,0,0,0,-2000,0,0,0,0,2000,-2000,-2000
054890,聯鈞統一99購01  ,0,0,0,0,0,0,0,0,0,-2000,0,0,0,18000,20000,-2000,-2000
056777,矽力元大98購02  ,0,0,0,0,0,0,0,0,0,-2000,0,0,0,10000,12000,-2000,-2000
053186,健策中信9C購01  ,0,0,0,0,0,0,0,0,0,-2000,0,0,0,1000,3000,-2000,-2000
03026X,元展23          ,0,0,0,0,0,0,0,0,0,-2000,0,0,0,0,2000,-2000,-2000
053732,S&P反1中信9C購01,0,0,0,0,0,0,0,0,0,-2000,0,0,0,0,2000,-2000,-2000
053782,京元電元大98購02,0,0,0,0,0,0,0,0,0,-2000,0,0,0,20000,22000,-2000,-2000
01003T,兆豐新光R1      ,4000,6000,-2000,0,0,0,0,0,0,0,0,0,0,0,0,0,-2000
00688L,國泰20年美債正2 ,0,0,0,0,0,0,0,0,0,-2000,0,0,0,100000,102000,-2000,-2000
062950,貿聯富邦01購01  ,0,0,0,0,0,0,0,0,0,-2000,0,0,0,0,2000,-2000,-2000
060310,瑞昱永豐9A購01  ,0,0,0,0,0,0,0,0,0,-2000,0,0,0,0,2000,-2000,-2000
060550,可成凱基9A購02  ,0,0,0,0,0,0,0,0,0,-2000,0,0,0,3000,5000,-2000,-2000
061252,臺股指群益9A購03,0,0,0,0,0,0,0,0,0,-2000,0,0,0,0,2000,-2000,-2000
061324,華新科凱基9C購01,0,0,0,0,0,0,0,0,0,-2000,0,0,0,0,2000,-2000,-2000
061313,滬深2X凱基9B購05,0,0,0,0,0,0,0,0,0,-2000,0,0,0,0,2000,-2000,-2000
060368,緯穎元富9A購03  ,0,0,0,0,0,0,0,0,0,-2000,0,0,0,0,2000,-2000,-2000
063165,泰碩永豐9B購02  ,0,0,0,0,0,0,0,0,0,-2000,0,0,0,0,2000,-2000,-2000
063170,智邦第一9B購01  ,0,0,0,0,0,0,0,0,0,-2000,0,0,0,0,2000,-2000,-2000
063355,超眾元富9B購01  ,0,0,0,0,0,0,0,0,0,-2000,0,0,0,96000,98000,-2000,-2000
063549,國巨國票9C購05  ,0,0,0,0,0,0,0,0,0,-2000,0,0,0,7000,9000,-2000,-2000
062073,國巨元大9B購06  ,0,0,0,0,0,0,0,0,0,-2000,0,0,0,3000,5000,-2000,-2000
060185,聯發科元富04購01,0,0,0,0,0,0,0,0,0,-2000,0,0,0,0,2000,-2000,-2000
062249,台積電元大9B購01,0,0,0,0,0,0,0,0,0,-2000,0,0,0,0,2000,-2000,-2000
061794,國巨永豐9B購01  ,0,0,0,0,0,0,0,0,0,-2000,0,0,0,0,2000,-2000,-2000
061704,景碩國票9A購01  ,0,0,0,0,0,0,0,0,0,-2000,0,0,0,37000,39000,-2000,-2000
062434,華通元大9B購04  ,0,0,0,0,0,0,0,0,0,-2000,0,0,0,64000,66000,-2000,-2000
062477,聯詠國票9B購01  ,0,0,0,0,0,0,0,0,0,-2000,0,0,0,0,2000,-2000,-2000
062538,台積電國泰9C購02,0,0,0,0,0,0,0,0,0,-2000,0,0,0,24000,26000,-2000,-2000
062550,啟碁永豐9B購01  ,0,0,0,0,0,0,0,0,0,-2000,0,0,0,15000,17000,-2000,-2000
062573,大毅群益9B購03  ,0,0,0,0,0,0,0,0,0,-2000,0,0,0,22000,24000,-2000,-2000
062594,祥碩統一01購02  ,0,0,0,0,0,0,0,0,0,-2000,0,0,0,12000,14000,-2000,-2000
059921,大立光元大99購24,0,0,0,0,0,0,0,0,0,-2000,0,0,0,0,2000,-2000,-2000
05961P,鴻海群益97售01  ,0,0,0,0,0,0,0,0,0,-2000,0,0,0,0,2000,-2000,-2000
059681,華新科國泰9B購02,0,0,0,0,0,0,0,0,0,-2000,0,0,0,2000,4000,-2000,-2000
063748,台積電國票9C購05,0,0,0,0,0,0,0,0,0,-2000,0,0,0,0,2000,-2000,-2000
063888,TPK中信01購01   ,0,0,0,0,0,0,0,0,0,-2000,0,0,0,0,2000,-2000,-2000
063892,旺宏群益01購01  ,0,0,0,0,0,0,0,0,0,-2000,0,0,0,0,2000,-2000,-2000
063886,南電元富9C購01  ,0,0,0,0,0,0,0,0,0,-2000,0,0,0,0,2000,-2000,-2000
064067,美律永豐9C購01  ,0,0,0,0,0,0,0,0,0,-2000,0,0,0,0,2000,-2000,-2000
064038,景碩台新9C購01  ,0,0,0,0,0,0,0,0,0,-2000,0,0,0,0,2000,-2000,-2000
063914,和碩凱基9C購01  ,0,0,0,0,0,0,0,0,0,-2000,0,0,0,11000,13000,-2000,-2000
063974,南電國票01購01  ,0,0,0,0,0,0,0,0,0,-2000,0,0,0,0,2000,-2000,-2000
064183,聯茂富邦01購01  ,0,0,0,0,0,0,0,0,0,-2000,0,0,0,319000,321000,-2000,-2000
064567,晶技群益01購01  ,0,0,0,0,0,0,0,0,0,-2000,0,0,0,0,2000,-2000,-2000
064550,南茂凱基01購01  ,0,0,0,0,0,0,0,0,0,-2000,0,0,0,2000,4000,-2000,-2000
064539,玉晶光麥證01購01,0,0,0,0,2000,-2000,0,0,0,-2000,0,0,0,0,2000,-2000,-2000
064300,英業達兆豐9C購01,0,0,0,0,0,0,0,0,0,-2000,0,0,0,103000,105000,-2000,-2000
064891,台達電群益9C購01,0,0,0,0,0,0,0,0,0,-2000,0,0,0,8000,10000,-2000,-2000
064706,嘉晶富邦01購01  ,0,0,0,0,0,0,0,0,0,-2000,0,0,0,0,2000,-2000,-2000
065247,聯發科麥證9C購02,0,0,0,0,2000,-2000,0,0,0,-2000,0,0,0,0,2000,-2000,-2000
065520,台勝科群益9C購03,0,0,0,0,0,0,0,0,0,-2000,0,0,0,0,2000,-2000,-2000
065493,T50反1富邦03購01,0,0,0,0,0,0,0,0,0,-2000,0,0,0,0,2000,-2000,-2000
065117,臺股指國票9C購14,0,0,0,0,0,0,0,0,0,-2000,0,0,0,0,2000,-2000,-2000
065140,國巨凱基01購02  ,0,0,0,0,0,0,0,0,0,-2000,0,0,0,17000,19000,-2000,-2000
065093,新日興元大9C購03,0,0,0,0,0,0,0,0,0,-2000,0,0,0,1000,3000,-2000,-2000
065628,台積電國票01購03,0,0,0,0,0,0,0,0,0,-2000,0,0,0,0,2000,-2000,-2000
065845,友達元大9C購12  ,0,0,0,0,0,0,0,0,0,-2000,0,0,0,0,2000,-2000,-2000
065748,台積電元大01購05,0,0,0,0,0,0,0,0,0,-2000,0,0,0,0,2000,-2000,-2000
065723,新日興兆豐01購01,0,0,0,0,0,0,0,0,0,-2000,0,0,0,0,2000,-2000,-2000
065958,T50反1元大01購01,0,0,0,0,0,0,0,0,0,-2000,0,0,0,0,2000,-2000,-2000
9918,欣天然          ,3000,1000,2000,0,0,0,0,0,0,-4000,0,4000,-4000,0,0,0,-2000
8940,新天地          ,1000,1000,0,0,0,0,0,0,0,-2000,0,2000,-2000,0,0,0,-2000
8467,波力-KY         ,0,1000,-1000,0,0,0,0,0,0,-1000,0,1000,-1000,0,0,0,-2000
8473,山林水          ,3000,2000,1000,0,0,0,0,0,0,-3000,1000,4000,-3000,0,0,0,-2000
6671,三能-KY         ,0,1000,-1000,0,0,0,0,0,0,-1000,0,1000,-1000,0,0,0,-2000
6655,科定            ,1000,3000,-2000,0,0,0,0,0,0,0,0,0,0,0,0,0,-2000
6405,悅城            ,0,0,0,0,0,0,0,0,0,-2000,0,2000,-2000,0,0,0,-2000
2497,怡利電          ,3000,2000,1000,0,0,0,0,0,0,-3000,0,3000,-3000,0,0,0,-2000
2701,萬企            ,28000,30000,-2000,0,0,0,0,0,0,0,2000,2000,0,0,0,0,-2000
2305,全友            ,23000,20000,3000,0,0,0,0,0,0,-5000,7000,12000,-5000,0,0,0,-2000
2024,志聯            ,1000,2000,-1000,0,0,0,0,0,0,-1000,0,1000,-1000,0,0,0,-2000
2012,春雨            ,6000,0,6000,0,0,0,0,0,0,-8000,0,8000,-8000,0,0,0,-2000
2901,欣欣            ,1000,0,1000,0,0,0,0,0,0,-3000,0,3000,-3000,0,0,0,-2000
3593,力銘            ,1000,3000,-2000,0,0,0,0,0,0,0,0,0,0,0,0,0,-2000
4807,日成-KY         ,1000,1000,0,0,0,0,0,0,0,-2000,0,2000,-2000,0,0,0,-2000
08505P,臺股指國票9C售07,0,0,0,0,0,0,0,0,0,-3000,0,0,0,0,3000,-3000,-3000
08684P,禾伸堂凱基01售01,0,0,0,0,0,0,0,0,0,-3000,0,0,0,0,3000,-3000,-3000
08710P,鴻海元富07售03  ,0,0,0,0,0,0,0,0,0,-3000,0,0,0,0,3000,-3000,-3000
1256,鮮活果汁-KY     ,3000,5000,-2000,0,0,0,0,0,0,-1000,1000,2000,-1000,0,0,0,-3000
08868P,欣興凱基02售03  ,0,0,0,0,0,0,0,0,0,-3000,0,0,0,0,3000,-3000,-3000
1215,卜蜂            ,269000,292000,-23000,0,0,0,0,0,0,20000,24000,0,24000,5000,9000,-4000,-3000
1225,福懋油          ,4000,7000,-3000,0,0,0,0,0,0,0,0,0,0,0,0,0,-3000
1410,南染            ,10000,13000,-3000,0,0,0,0,0,0,0,0,0,0,0,0,0,-3000
1324,地球            ,1000,0,1000,0,0,0,0,0,0,-4000,0,4000,-4000,0,0,0,-3000
1616,億泰            ,2000,5000,-3000,0,0,0,0,0,0,0,0,0,0,0,0,0,-3000
07916P,臺股指元大9B售22,0,0,0,0,0,0,0,0,0,-3000,0,0,0,0,3000,-3000,-3000
07522P,台積電中信9A售03,0,0,0,0,0,0,0,0,0,-3000,0,0,0,0,3000,-3000,-3000
07850P,健策群益9A售06  ,0,0,0,0,0,0,0,0,0,-3000,0,0,0,100000,103000,-3000,-3000
066995,盟立國泰03購01  ,0,0,0,0,0,0,0,0,0,-3000,0,0,0,649000,652000,-3000,-3000
067033,新日興康和01購01,0,0,0,0,0,0,0,0,0,-3000,0,0,0,0,3000,-3000,-3000
06891P,緯穎富邦99售03  ,0,0,0,0,0,0,0,0,0,-3000,0,0,0,0,3000,-3000,-3000
06901P,亞德客凱基98售02,0,0,0,0,0,0,0,0,0,-3000,0,0,0,0,3000,-3000,-3000
067397,欣興永豐01購03  ,0,0,0,0,0,0,0,0,0,-3000,0,0,0,0,3000,-3000,-3000
067182,鴻海凱基02購05  ,0,0,0,0,0,0,0,0,0,-3000,0,0,0,66000,69000,-3000,-3000
066701,京元電群益01購02,0,0,0,0,0,0,0,0,0,-3000,0,0,0,0,3000,-3000,-3000
066715,台灣50元大01購23,0,0,0,0,0,0,0,0,0,-3000,0,0,0,0,3000,-3000,-3000
066553,大立光元大01購09,0,0,0,0,0,0,0,0,0,-3000,0,0,0,13000,16000,-3000,-3000
00682U,元大美元指數    ,0,0,0,0,0,0,0,0,0,-3000,0,0,0,0,3000,-3000,-3000
03022X,富展01          ,0,0,0,0,0,0,0,0,0,-3000,0,0,0,0,3000,-3000,-3000
03452B,臺股指凱基03熊05,0,0,0,0,0,0,0,0,0,-3000,0,0,0,9000,12000,-3000,-3000
058949,上銀群益99購02  ,0,0,0,0,0,0,0,0,0,-3000,0,0,0,2000,5000,-3000,-3000
058934,台灣50中信03購03,0,0,0,0,0,0,0,0,0,-3000,0,0,0,0,3000,-3000,-3000
055376,群創元大01購01  ,0,0,0,0,0,0,0,0,0,-3000,0,0,0,0,3000,-3000,-3000
056638,臺股指日盛98購01,0,0,0,0,0,0,0,0,0,-3000,0,0,0,0,3000,-3000,-3000
056382,道瓊反國泰9A購01,0,0,0,0,0,0,0,0,0,-3000,0,0,0,0,3000,-3000,-3000
060874,中鋼中信02購01  ,0,0,0,0,0,0,0,0,0,-3000,0,0,0,28000,31000,-3000,-3000
061612,南六統一9A購01  ,0,0,0,0,0,0,0,0,0,-3000,0,0,0,0,3000,-3000,-3000
061881,緯穎元大9B購02  ,0,0,0,0,0,0,0,0,0,-3000,0,0,0,0,3000,-3000,-3000
057708,臺股指群益98購08,0,0,0,0,0,0,0,0,0,-3000,0,0,0,0,3000,-3000,-3000
058317,國巨永豐99購02  ,0,0,0,0,0,0,0,0,0,-3000,0,0,0,0,3000,-3000,-3000
058335,鴻海元富99購06  ,0,0,0,0,0,0,0,0,0,-3000,0,0,0,27000,30000,-3000,-3000
057437,可成國票99購01  ,0,0,0,0,0,0,0,0,0,-3000,0,0,0,7000,10000,-3000,-3000
057454,上銀國泰99購02  ,0,0,0,0,0,0,0,0,0,-3000,0,0,0,0,3000,-3000,-3000
059151,臺股指國票99購14,0,0,0,0,0,0,0,0,0,-3000,0,0,0,1000,4000,-3000,-3000
057116,鴻海日盛9A購01  ,0,0,0,0,0,0,0,0,0,-3000,0,0,0,3000,6000,-3000,-3000
057106,美律群益98購03  ,0,0,0,0,0,0,0,0,0,-3000,0,0,0,0,3000,-3000,-3000
058424,滬深2X元富99購04,0,0,0,0,0,0,0,0,0,-3000,0,0,0,146000,149000,-3000,-3000
058701,鴻海元大99購16  ,0,0,0,0,0,0,0,0,0,-3000,0,0,0,72000,75000,-3000,-3000
058758,台積電群益99購05,0,0,0,0,0,0,0,0,0,-3000,0,0,0,0,3000,-3000,-3000
058762,貿聯群益99購03  ,0,0,0,0,0,0,0,0,0,-3000,0,0,0,0,3000,-3000,-3000
059680,台積電國泰9A購03,0,0,0,0,0,0,0,0,0,-3000,0,0,0,0,3000,-3000,-3000
059782,A50正2元大9C購04,0,0,0,0,0,0,0,0,0,-3000,0,0,0,0,3000,-3000,-3000
062894,道瓊銀元大9B購02,0,0,0,0,0,0,0,0,0,-3000,0,0,0,0,3000,-3000,-3000
062636,聯鈞國票9B購01  ,0,0,0,0,0,0,0,0,0,-3000,0,0,0,0,3000,-3000,-3000
062774,儒鴻元大9C購01  ,0,0,0,0,0,0,0,0,0,-3000,0,0,0,101000,104000,-3000,-3000
062712,晶技麥證9B購02  ,0,0,0,32000,35000,-3000,0,0,0,-3000,0,0,0,32000,35000,-3000,-3000
059248,華新科凱基99購04,0,0,0,0,0,0,0,0,0,-3000,0,0,0,0,3000,-3000,-3000
062452,A50正2群益01購04,0,0,0,0,0,0,0,0,0,-3000,0,0,0,0,3000,-3000,-3000
061678,玉晶光元大9B購04,0,0,0,0,0,0,0,0,0,-3000,0,0,0,0,3000,-3000,-3000
061659,信邦永豐9A購01  ,0,0,0,0,0,0,0,0,0,-3000,0,0,0,27000,30000,-3000,-3000
061758,T50反1元大9B購02,0,0,0,0,0,0,0,0,0,-3000,0,0,0,0,3000,-3000,-3000
060014,中鋼康和99購01  ,0,0,0,0,0,0,0,0,0,-3000,0,0,0,65000,68000,-3000,-3000
062142,喬山國票9B購01  ,0,0,0,0,0,0,0,0,0,-3000,0,0,0,0,3000,-3000,-3000
063541,華擎元富9B購02  ,0,0,0,0,0,0,0,0,0,-3000,0,0,0,5000,8000,-3000,-3000
063421,可成凱基9C購02  ,0,0,0,0,0,0,0,0,0,-3000,0,0,0,0,3000,-3000,-3000
061428,南六元大9A購01  ,0,0,0,0,0,0,0,0,0,-3000,0,0,0,0,3000,-3000,-3000
061410,緯穎國票9A購03  ,0,0,0,0,0,0,0,0,0,-3000,0,0,0,0,3000,-3000,-3000
061342,華新科元大9A購17,0,0,0,0,0,0,0,0,0,-3000,0,0,0,97000,100000,-3000,-3000
060600,台積電凱基9C購01,0,0,0,0,0,0,0,0,0,-3000,0,0,0,0,3000,-3000,-3000
060595,台灣50凱基04購04,0,0,0,0,0,0,0,0,0,-3000,0,0,0,0,3000,-3000,-3000
060596,元黃金凱基9A購02,0,0,0,0,0,0,0,0,0,-3000,0,0,0,0,3000,-3000,-3000
062931,上証2X凱基01購01,0,0,0,0,0,0,0,0,0,-3000,0,0,0,0,3000,-3000,-3000
063021,大立光元大9C購05,0,0,0,0,0,0,0,0,0,-3000,0,0,0,0,3000,-3000,-3000
065977,旭富元大02購01  ,0,0,0,0,0,0,0,0,0,-3000,0,0,0,174000,177000,-3000,-3000
066081,文曄國泰03購01  ,0,0,0,0,0,0,0,0,0,-3000,0,0,0,6000,9000,-3000,-3000
066116,宏達電兆豐01購01,0,0,0,0,0,0,0,0,0,-3000,0,0,0,0,3000,-3000,-3000
065749,友訊元大9C購03  ,0,0,0,0,0,0,0,0,0,-3000,0,0,0,33000,36000,-3000,-3000
065877,TPK群益9C購05   ,0,0,0,0,0,0,0,0,0,-3000,0,0,0,53000,56000,-3000,-3000
065638,台灣50元大9C購51,0,0,0,0,0,0,0,0,0,-3000,0,0,0,149000,152000,-3000,-3000
065619,金融類元大9C購02,0,0,0,0,0,0,0,0,0,-3000,0,0,0,0,3000,-3000,-3000
065655,緯穎元大9C購05  ,0,0,0,0,0,0,0,0,0,-3000,0,0,0,6000,9000,-3000,-3000
065713,緯穎群益9C購04  ,0,0,0,0,0,0,0,0,0,-3000,0,0,0,0,3000,-3000,-3000
065139,華通凱基03購01  ,0,0,0,0,0,0,0,0,0,-3000,0,0,0,0,3000,-3000,-3000
065209,國泰金國票01購01,0,0,0,0,0,0,0,0,0,-3000,0,0,0,0,3000,-3000,-3000
064711,國喬統一02購01  ,0,0,0,0,0,0,0,0,0,-3000,0,0,0,0,3000,-3000,-3000
064734,大立光元富9C購05,0,0,0,0,0,0,0,0,0,-3000,0,0,0,9000,12000,-3000,-3000
064661,鴻海元大01購02  ,0,0,0,0,0,0,0,0,0,-3000,0,0,0,0,3000,-3000,-3000
064797,道瓊反元大01購01,0,0,0,0,0,0,0,0,0,-3000,0,0,0,0,3000,-3000,-3000
064801,鴻海元大9C購13  ,0,0,0,0,0,0,0,0,0,-3000,0,0,0,0,3000,-3000,-3000
064362,友達統一01購02  ,0,0,0,0,0,0,0,0,0,-3000,0,0,0,0,3000,-3000,-3000
06453P,群創元大9B售02  ,0,0,0,0,0,0,0,0,0,-3000,0,0,0,8000,11000,-3000,-3000
064048,大立光統一9C購07,0,0,0,0,0,0,0,0,0,-3000,0,0,0,60000,63000,-3000,-3000
064072,康友永豐9C購01  ,0,0,0,0,0,0,0,0,0,-3000,0,0,0,0,3000,-3000,-3000
063745,喬山國票9C購01  ,0,0,0,0,0,0,0,0,0,-3000,0,0,0,0,3000,-3000,-3000
063694,貿聯永豐9B購01  ,0,0,0,0,0,0,0,0,0,-3000,0,0,0,1000,4000,-3000,-3000
063637,聯發科元大9C購02,0,0,0,0,0,0,0,0,0,-3000,0,0,0,45000,48000,-3000,-3000
063628,華通元大9B購09  ,0,0,0,0,0,0,0,0,0,-3000,0,0,0,41000,44000,-3000,-3000
063681,深中小永豐9B購01,0,0,0,0,0,0,0,0,0,-3000,0,0,0,0,3000,-3000,-3000
4989,榮科            ,7000,8000,-1000,0,0,0,0,0,0,-2000,0,2000,-2000,0,0,0,-3000
3025,星通            ,2000,3000,-1000,0,0,0,0,0,0,-2000,0,2000,-2000,0,0,0,-3000
3164,景岳            ,11000,13000,-2000,0,0,0,0,0,0,-1000,1000,2000,-1000,0,0,0,-3000
3419,譁裕            ,63000,50000,13000,0,0,0,0,0,0,-16000,0,16000,-16000,0,0,0,-3000
2038,海光            ,36000,33000,3000,0,0,0,0,0,0,-6000,3000,9000,-6000,0,0,0,-3000
2114,鑫永銓          ,2000,5000,-3000,0,0,0,0,0,0,0,0,0,0,0,0,0,-3000
2115,六暉-KY         ,1000,0,1000,0,0,0,0,0,0,-4000,0,4000,-4000,0,0,0,-3000
2540,愛山林          ,2000,3000,-1000,0,0,0,0,0,0,-2000,1000,3000,-2000,0,0,0,-3000
8499,鼎炫-KY         ,19000,22000,-3000,0,0,0,1000,0,1000,-1000,0,1000,-1000,0,0,0,-3000
9905,大華            ,13000,19000,-6000,0,0,0,0,0,0,3000,5000,2000,3000,0,0,0,-3000
9933,中鼎            ,301000,314000,-13000,0,0,0,72000,0,72000,-62000,1000,12000,-11000,0,51000,-51000,-3000
6172,互億            ,11000,10000,1000,0,0,0,0,1423,-1423,-3000,0,3000,-3000,0,0,0,-3423
066581,臺股指元大01購10,0,0,0,0,0,0,0,0,0,-4000,0,0,0,0,4000,-4000,-4000
066597,緯穎群益02購01  ,0,0,0,0,0,0,0,0,0,-4000,0,0,0,10000,14000,-4000,-4000
066680,友達兆豐01購02  ,0,0,0,0,0,0,0,0,0,-4000,0,0,0,16000,20000,-4000,-4000
067197,上証2X元大01購05,0,0,0,0,0,0,0,0,0,-4000,0,0,0,0,4000,-4000,-4000
06880P,鈺齊凱基98售03  ,0,0,0,0,0,0,0,0,0,-4000,0,0,0,12000,16000,-4000,-4000
06928P,鴻海元大99售10  ,0,0,0,0,0,0,0,0,0,-4000,0,0,0,8000,12000,-4000,-4000
07006P,旺宏統一9B售03  ,0,0,0,0,0,0,0,0,0,-4000,0,0,0,0,4000,-4000,-4000
066823,國巨群益02購02  ,0,0,0,0,0,0,0,0,0,-4000,0,0,0,5000,9000,-4000,-4000
066811,致新凱基01購03  ,0,0,0,0,0,0,0,0,0,-4000,0,0,0,0,4000,-4000,-4000
08136P,祥碩國泰01售01  ,0,0,0,0,0,0,0,0,0,-4000,0,0,0,16000,20000,-4000,-4000
1617,榮星            ,2000,3000,-1000,0,0,0,0,0,0,-3000,0,3000,-3000,0,0,0,-4000
08681P,台灣50凱基01售16,0,0,0,0,0,0,0,0,0,-4000,0,0,0,0,4000,-4000,-4000
08382P,國巨群益01售02  ,0,0,0,0,0,0,0,0,0,-4000,0,0,0,0,4000,-4000,-4000
058278,FBVIX中信03購02 ,0,0,0,0,0,0,0,0,0,-4000,0,0,0,63000,67000,-4000,-4000
058586,鴻海中信01購02  ,0,0,0,0,0,0,0,0,0,-4000,0,0,0,45000,49000,-4000,-4000
058337,日月光元富99購01,0,0,0,0,0,0,0,0,0,-4000,0,0,0,74000,78000,-4000,-4000
056703,群創國泰9A購01  ,0,0,0,0,0,0,0,0,0,-4000,0,0,0,6000,10000,-4000,-4000
058014,上銀凱基99購02  ,0,0,0,0,0,0,0,0,0,-4000,0,0,0,45000,49000,-4000,-4000
058006,台郡群益98購04  ,0,0,0,0,0,0,0,0,0,-4000,0,0,0,0,4000,-4000,-4000
058075,貿聯凱基99購02  ,0,0,0,0,0,0,0,0,0,-4000,0,0,0,10000,14000,-4000,-4000
058150,中502X統一9B購01,0,0,0,0,0,0,0,0,0,-4000,0,0,0,6000,10000,-4000,-4000
059064,緯穎凱基99購02  ,0,0,0,0,0,0,0,0,0,-4000,0,0,0,10000,14000,-4000,-4000
00735,國泰臺韓科技    ,0,36000,-36000,0,0,0,0,0,0,32000,0,0,0,82000,50000,32000,-4000
051266,國巨富邦99購01  ,0,0,0,0,0,0,0,0,0,-4000,0,0,0,40000,44000,-4000,-4000
054769,創意國票98購01  ,0,0,0,0,0,0,0,0,0,-4000,0,0,0,1000,5000,-4000,-4000
062943,世芯凱基9B購03  ,0,0,0,0,0,0,0,0,0,-4000,0,0,0,0,4000,-4000,-4000
060551,大立光凱基9B購02,0,0,0,0,0,0,0,0,0,-4000,0,0,0,0,4000,-4000,-4000
061454,國巨凱基9A購16  ,0,0,0,0,0,0,0,0,0,-4000,0,0,0,14000,18000,-4000,-4000
061139,玉晶光統一9C購02,0,0,0,0,0,0,0,0,0,-4000,0,0,0,0,4000,-4000,-4000
063185,聯發科凱基9C購03,0,0,0,0,0,0,0,0,0,-4000,0,0,0,47000,51000,-4000,-4000
063199,台積電統一01購07,0,0,0,0,0,0,0,0,0,-4000,0,0,0,0,4000,-4000,-4000
063331,瑞儀國票9C購01  ,0,0,0,0,0,0,0,0,0,-4000,0,0,0,0,4000,-4000,-4000
060114,緯穎元大99購10  ,0,0,0,0,0,0,0,0,0,-4000,0,0,0,0,4000,-4000,-4000
060939,鴻海國票9A購06  ,0,0,0,0,0,0,0,0,0,-4000,0,0,0,0,4000,-4000,-4000
060940,國巨國票9B購03  ,0,0,0,0,0,0,0,0,0,-4000,0,0,0,12000,16000,-4000,-4000
062365,台光電元大9B購03,0,0,0,0,0,0,0,0,0,-4000,0,0,0,19000,23000,-4000,-4000
062826,奇力新群益9C購01,0,0,0,0,0,0,0,0,0,-4000,0,0,0,83000,87000,-4000,-4000
059687,卜蜂永豐99購01  ,0,0,0,0,0,0,0,0,0,-4000,0,0,0,0,4000,-4000,-4000
063629,台積電元大9B購08,0,0,0,0,0,0,0,0,0,-4000,0,0,0,0,4000,-4000,-4000
063803,世紀鋼凱基01購01,0,0,0,0,0,0,0,0,0,-4000,0,0,0,151000,155000,-4000,-4000
063922,大立光元富9C購04,0,0,0,0,0,0,0,0,0,-4000,0,0,0,0,4000,-4000,-4000
064177,立積國泰01購01  ,0,0,0,0,0,0,0,0,0,-4000,0,0,0,86000,90000,-4000,-4000
064182,臻鼎富邦01購01  ,0,0,0,0,0,0,0,0,0,-4000,0,0,0,0,4000,-4000,-4000
064188,玉晶光永豐9C購02,0,0,0,0,0,0,0,0,0,-4000,0,0,0,35000,39000,-4000,-4000
064360,台積電統一9C購12,0,0,0,0,0,0,0,0,0,-4000,0,0,0,1000,5000,-4000,-4000
064668,大立光元大9C購21,0,0,0,0,0,0,0,0,0,-4000,0,0,0,68000,72000,-4000,-4000
064688,國巨群益9C購11  ,0,0,0,0,0,0,0,0,0,-4000,0,0,0,0,4000,-4000,-4000
065186,和大統一02購06  ,0,0,0,0,0,0,0,0,0,-4000,0,0,0,0,4000,-4000,-4000
065173,可成元大9C購10  ,0,0,0,0,0,0,0,0,0,-4000,0,0,0,2000,6000,-4000,-4000
064964,T50反1元大9C購10,0,0,0,0,0,0,0,0,0,-4000,0,0,0,0,4000,-4000,-4000
065471,和大元大9C購05  ,0,0,0,0,0,0,0,0,0,-4000,0,0,0,0,4000,-4000,-4000
065441,義隆麥證9C購01  ,0,0,0,6000,10000,-4000,0,0,0,-4000,0,0,0,6000,10000,-4000,-4000
065335,玉晶光台新9C購03,0,0,0,0,0,0,0,0,0,-4000,0,0,0,21000,25000,-4000,-4000
6133,金橋            ,6000,4000,2000,0,0,0,0,0,0,-6000,0,6000,-6000,0,0,0,-4000
9927,泰銘            ,10000,3000,7000,0,0,0,0,0,0,-11000,1000,12000,-11000,0,0,0,-4000
8482,商億-KY         ,1000,5000,-4000,0,0,0,0,0,0,0,0,0,0,0,0,0,-4000
2506,太設            ,5000,4000,1000,0,0,0,0,0,0,-5000,0,5000,-5000,0,0,0,-4000
2460,建通            ,7000,6000,1000,0,0,0,0,0,0,-5000,1000,6000,-5000,0,0,0,-4000
2107,厚生            ,56000,51000,5000,0,0,0,0,0,0,-9000,0,9000,-9000,0,0,0,-4000
1776,展宇            ,3000,3000,0,0,0,0,0,0,0,-4000,0,4000,-4000,0,0,0,-4000
3002,歐格            ,2000,4000,-2000,0,0,0,0,0,0,-2000,1000,3000,-2000,0,0,0,-4000
2882B,國泰金乙特      ,0,0,0,0,0,0,0,0,0,-4000,5000,9000,-4000,0,0,0,-4000
4737,華廣            ,7000,9000,-2000,0,0,0,0,0,0,-2000,1000,3000,-2000,0,0,0,-4000
4557,永新-KY         ,0,2000,-2000,0,0,0,0,0,0,-2000,0,2000,-2000,0,0,0,-4000
08398P,台積電元富9C售04,0,0,0,0,0,0,0,0,0,-5000,0,0,0,0,5000,-5000,-5000
08522P,智邦元大9C售08  ,0,0,0,0,0,0,0,0,0,-5000,0,0,0,87000,92000,-5000,-5000
08513P,聯發科凱基9C售08,0,0,0,0,0,0,0,0,0,-5000,0,0,0,0,5000,-5000,-5000
08689P,高股息中信01售01,0,0,0,0,0,0,0,0,0,-5000,0,0,0,0,5000,-5000,-5000
08586P,台積電第一9C售02,0,0,0,0,0,0,0,0,0,-5000,0,0,0,0,5000,-5000,-5000
1721,三晃            ,39000,39000,0,0,0,0,0,0,0,-5000,1000,6000,-5000,0,0,0,-5000
1587,吉茂            ,5000,7000,-2000,0,0,0,0,0,0,-3000,0,3000,-3000,0,0,0,-5000
1539,巨庭            ,0,0,0,0,0,0,0,0,0,-5000,0,5000,-5000,0,0,0,-5000
1312A,國喬特          ,0,0,0,0,0,0,0,0,0,-5000,2000,7000,-5000,0,0,0,-5000
1110,東泥            ,8000,13000,-5000,0,0,0,0,0,0,0,0,0,0,0,0,0,-5000
08830P,A50正2群益01售05,0,0,0,0,0,0,0,0,0,-5000,0,0,0,0,5000,-5000,-5000
08849P,國巨群益01售07  ,0,0,0,0,0,0,0,0,0,-5000,0,0,0,0,5000,-5000,-5000
08791P,滬深2X中信03售01,0,0,0,0,0,0,0,0,0,-5000,0,0,0,0,5000,-5000,-5000
08167P,台積電兆豐9B售04,0,0,0,0,0,0,0,0,0,-5000,0,0,0,5000,10000,-5000,-5000
08202P,台表科國泰01售04,0,0,0,0,0,0,0,0,0,-5000,0,0,0,60000,65000,-5000,-5000
08318P,台積電台新01售01,0,0,0,0,0,0,0,0,0,-5000,0,0,0,10000,15000,-5000,-5000
07945P,上銀國票9B售02  ,0,0,0,0,0,0,0,0,0,-5000,0,0,0,10000,15000,-5000,-5000
08079P,宏達電國票9B售03,0,0,0,0,0,0,0,0,0,-5000,0,0,0,0,5000,-5000,-5000
08113P,台灣50凱基02售04,0,0,0,0,0,0,0,0,0,-5000,0,0,0,0,5000,-5000,-5000
07559P,祥碩元大9A售03  ,0,0,0,0,0,0,0,0,0,-5000,0,0,0,0,5000,-5000,-5000
07531P,大立光國泰9B售03,0,0,0,0,0,0,0,0,0,-5000,0,0,0,25000,30000,-5000,-5000
07255P,國巨凱基99售15  ,0,0,0,0,0,0,0,0,0,-5000,0,0,0,0,5000,-5000,-5000
066871,台表科元富07購01,0,0,0,0,0,0,0,0,0,-5000,0,0,0,5000,10000,-5000,-5000
066882,A50正2永豐01購01,0,0,0,0,0,0,0,0,0,-5000,0,0,0,0,5000,-5000,-5000
067046,聯發科凱基04購01,0,0,0,0,0,0,0,0,0,-5000,0,0,0,10000,15000,-5000,-5000
067138,正文永豐01購02  ,0,0,0,0,0,0,0,0,0,-5000,0,0,0,72000,77000,-5000,-5000
067123,京鼎富邦05購01  ,0,0,0,0,0,0,0,0,0,-5000,0,0,0,0,5000,-5000,-5000
067395,金像電永豐01購04,0,0,0,0,0,0,0,0,0,-5000,0,0,0,0,5000,-5000,-5000
067406,矽格永豐01購01  ,0,0,0,0,0,0,0,0,0,-5000,0,0,0,0,5000,-5000,-5000
067302,聯發科元大01購20,0,0,0,0,0,0,0,0,0,-5000,0,0,0,0,5000,-5000,-5000
066636,健策凱基01購02  ,0,0,0,0,0,0,0,0,0,-5000,0,0,0,1000,6000,-5000,-5000
066752,南電元大01購06  ,0,0,0,0,0,0,0,0,0,-5000,0,0,0,231000,236000,-5000,-5000
066595,敦泰群益01購01  ,0,0,0,0,0,0,0,0,0,-5000,0,0,0,25000,30000,-5000,-5000
066625,瑞昱凱基02購01  ,0,0,0,0,0,0,0,0,0,-5000,0,0,0,25000,30000,-5000,-5000
054634,FB上証中信99購01,0,0,0,0,0,0,0,0,0,-5000,0,0,0,0,5000,-5000,-5000
056800,臺股指麥證98購01,0,0,0,21000,26000,-5000,0,0,0,-5000,0,0,0,21000,26000,-5000,-5000
050679,上証2X元富97購02,0,0,0,0,0,0,0,0,0,-5000,0,0,0,0,5000,-5000,-5000
052521,友達元大9B購01  ,0,0,0,0,0,0,0,0,0,-5000,0,0,0,0,5000,-5000,-5000
053297,鎧勝中信98購01  ,0,0,0,0,0,0,0,0,0,-5000,0,0,0,5000,10000,-5000,-5000
056742,玉晶光凱基9A購01,0,0,0,0,0,0,0,0,0,-5000,0,0,0,0,5000,-5000,-5000
00657,國泰日經225     ,0,0,0,0,0,0,0,0,0,-5000,0,0,0,102000,107000,-5000,-5000
053706,S&P反1凱基99購01,0,0,0,0,0,0,0,0,0,-5000,0,0,0,0,5000,-5000,-5000
059073,元油2X元大9C購14,0,0,0,0,0,0,0,0,0,-5000,0,0,0,0,5000,-5000,-5000
059066,道瓊指國票04購01,0,0,0,0,0,0,0,0,0,-5000,0,0,0,0,5000,-5000,-5000
055424,聚陽群益98購01  ,0,0,0,0,0,0,0,0,0,-5000,0,0,0,16000,21000,-5000,-5000
055524,鴻海群益98購01  ,0,0,0,0,0,0,0,0,0,-5000,0,0,0,0,5000,-5000,-5000
056020,義隆群益97購01  ,0,0,0,0,0,0,0,0,0,-5000,0,0,0,20000,25000,-5000,-5000
056464,臺股指凱基99購06,0,0,0,0,0,0,0,0,0,-5000,0,0,0,10000,15000,-5000,-5000
056204,嘉澤永豐97購01  ,0,0,0,0,0,0,0,0,0,-5000,0,0,0,0,5000,-5000,-5000
057709,電子類群益98購01,0,0,0,0,0,0,0,0,0,-5000,0,0,0,0,5000,-5000,-5000
057597,華通群益9A購02  ,0,0,0,0,0,0,0,0,0,-5000,0,0,0,0,5000,-5000,-5000
057576,南亞科第一9C購01,0,0,0,0,0,0,0,0,0,-5000,0,0,0,150000,155000,-5000,-5000
057573,京鼎永豐98購02  ,0,0,0,0,0,0,0,0,0,-5000,0,0,0,0,5000,-5000,-5000
061870,智邦元大9B購02  ,0,0,0,0,0,0,0,0,0,-5000,0,0,0,20000,25000,-5000,-5000
062181,義隆元大9B購03  ,0,0,0,0,0,0,0,0,0,-5000,0,0,0,0,5000,-5000,-5000
061616,鴻海群益9A購07  ,0,0,0,0,0,0,0,0,0,-5000,0,0,0,20000,25000,-5000,-5000
061964,台積電統一01購05,0,0,0,0,0,0,0,0,0,-5000,0,0,0,36000,41000,-5000,-5000
058854,樺漢群益9B購01  ,0,0,0,0,0,0,0,0,0,-5000,0,0,0,2000,7000,-5000,-5000
058250,台虹元大99購01  ,0,0,0,0,0,0,0,0,0,-5000,0,0,0,0,5000,-5000,-5000
058769,友達兆豐99購01  ,0,0,0,0,0,0,0,0,0,-5000,0,0,0,95000,100000,-5000,-5000
058714,美律統一9B購01  ,0,0,0,0,0,0,0,0,0,-5000,0,0,0,0,5000,-5000,-5000
058437,可成統一9B購01  ,0,0,0,0,0,0,0,0,0,-5000,0,0,0,20000,25000,-5000,-5000
058180,華新科國泰9A購01,0,0,0,0,0,0,0,0,0,-5000,0,0,0,0,5000,-5000,-5000
058164,FBVIX凱基03購02 ,0,0,0,0,0,0,0,0,0,-5000,0,0,0,0,5000,-5000,-5000
059145,創意國票99購02  ,0,0,0,0,0,0,0,0,0,-5000,0,0,0,0,5000,-5000,-5000
058398,中環元大99購02  ,0,0,0,0,0,0,0,0,0,-5000,0,0,0,90000,95000,-5000,-5000
059708,立積凱基9A購02  ,0,0,0,0,0,0,0,0,0,-5000,0,0,0,0,5000,-5000,-5000
059726,華新科元大99購18,0,0,0,0,0,0,0,0,0,-5000,0,0,0,0,5000,-5000,-5000
059733,緯穎元大99購08  ,0,0,0,0,0,0,0,0,0,-5000,0,0,0,0,5000,-5000,-5000
059928,道瓊銀富邦03購01,0,0,0,0,0,0,0,0,0,-5000,0,0,0,5000,10000,-5000,-5000
059967,聯發科凱基99購20,0,0,0,0,0,0,0,0,0,-5000,0,0,0,0,5000,-5000,-5000
059492,國巨國票9A購06  ,0,0,0,0,0,0,0,0,0,-5000,0,0,0,0,5000,-5000,-5000
059480,美律群益9A購01  ,0,0,0,0,0,0,0,0,0,-5000,0,0,0,0,5000,-5000,-5000
062862,瑞儀國票9B購01  ,0,0,0,0,0,0,0,0,0,-5000,0,0,0,0,5000,-5000,-5000
062769,臺股指凱基9B購13,0,0,0,0,0,0,0,0,0,-5000,0,0,0,40000,45000,-5000,-5000
059288,旺宏元富99購03  ,0,0,0,0,0,0,0,0,0,-5000,0,0,0,11000,16000,-5000,-5000
062581,鴻海統一01購02  ,0,0,0,0,0,0,0,0,0,-5000,0,0,0,0,5000,-5000,-5000
061035,亞光永豐9A購01  ,0,0,0,0,0,0,0,0,0,-5000,0,0,0,0,5000,-5000,-5000
063238,漢唐元大9B購02  ,0,0,0,0,0,0,0,0,0,-5000,0,0,0,0,5000,-5000,-5000
063474,康控元大9B購04  ,0,0,0,0,0,0,0,0,0,-5000,0,0,0,58000,63000,-5000,-5000
063189,臻鼎凱基9B購01  ,0,0,0,0,0,0,0,0,0,-5000,0,0,0,20000,25000,-5000,-5000
061475,漢唐元大9A購01  ,0,0,0,0,0,0,0,0,0,-5000,0,0,0,0,5000,-5000,-5000
062997,嘉晶國票9B購03  ,0,0,0,0,0,0,0,0,0,-5000,0,0,0,0,5000,-5000,-5000
062926,嘉澤國票9B購01  ,0,0,0,0,0,0,0,0,0,-5000,0,0,0,0,5000,-5000,-5000
060289,京元電元大9A購01,0,0,0,0,0,0,0,0,0,-5000,0,0,0,0,5000,-5000,-5000
061332,T50反1元大9A購16,0,0,0,0,0,0,0,0,0,-5000,0,0,0,0,5000,-5000,-5000
061366,台勝科國票9A購01,0,0,0,0,0,0,0,0,0,-5000,0,0,0,0,5000,-5000,-5000
061368,南六國票9A購01  ,0,0,0,0,0,0,0,0,0,-5000,0,0,0,0,5000,-5000,-5000
061364,國巨國票9A購09  ,0,0,0,0,0,0,0,0,0,-5000,0,0,0,13000,18000,-5000,-5000
061274,臺股指凱基9A購24,0,0,0,0,0,0,0,0,0,-5000,0,0,0,0,5000,-5000,-5000
061267,玉山金凱基9B購01,0,0,0,0,0,0,0,0,0,-5000,0,0,0,10000,15000,-5000,-5000
061095,台積電台新9B購03,0,0,0,0,0,0,0,0,0,-5000,0,0,0,0,5000,-5000,-5000
060369,滬深2X元富01購01,0,0,0,0,0,0,0,0,0,-5000,0,0,0,0,5000,-5000,-5000
065347,聯發科統一9C購15,0,0,0,0,0,0,0,0,0,-5000,0,0,0,0,5000,-5000,-5000
065364,國巨元大9C購18  ,0,0,0,0,0,0,0,0,0,-5000,0,0,0,30000,35000,-5000,-5000
065383,南電元大01購02  ,0,0,0,0,0,0,0,0,0,-5000,0,0,0,95000,100000,-5000,-5000
065257,友訊元大01購01  ,0,0,0,0,0,0,0,0,0,-5000,0,0,0,0,5000,-5000,-5000
065249,聯發科麥證9C購04,0,0,0,1000,6000,-5000,0,0,0,-5000,0,0,0,1000,6000,-5000,-5000
065268,嘉澤元大9C購02  ,0,0,0,0,0,0,0,0,0,-5000,0,0,0,0,5000,-5000,-5000
065536,健鼎統一02購04  ,0,0,0,0,0,0,0,0,0,-5000,0,0,0,0,5000,-5000,-5000
064924,健策統一9C購05  ,0,0,0,0,0,0,0,0,0,-5000,0,0,0,0,5000,-5000,-5000
065035,世芯統一01購03  ,0,0,0,0,0,0,0,0,0,-5000,0,0,0,20000,25000,-5000,-5000
065068,臺股指群益9C購16,0,0,0,0,0,0,0,0,0,-5000,0,0,0,0,5000,-5000,-5000
065672,嘉晶凱基01購01  ,0,0,0,0,0,0,0,0,0,-5000,0,0,0,167000,172000,-5000,-5000
065593,達新元大9C購02  ,0,0,0,0,0,0,0,0,0,-5000,0,0,0,40000,45000,-5000,-5000
066144,惠特群益01購02  ,0,0,0,0,0,0,0,0,0,-5000,0,0,0,0,5000,-5000,-5000
066098,華碩中信02購01  ,0,0,0,0,0,0,0,0,0,-5000,0,0,0,10000,15000,-5000,-5000
066065,東元凱基04購01  ,0,0,0,0,0,0,0,0,0,-5000,0,0,0,40000,45000,-5000,-5000
066071,台光電凱基02購01,0,0,0,0,0,0,0,0,0,-5000,0,0,0,10000,15000,-5000,-5000
064823,台積電統一01購09,0,0,0,0,0,0,0,0,0,-5000,0,0,0,1000,6000,-5000,-5000
064412,緯穎凱基01購01  ,0,0,0,0,0,0,0,0,0,-5000,0,0,0,0,5000,-5000,-5000
064267,南六永豐9C購03  ,0,0,0,0,0,0,0,0,0,-5000,0,0,0,0,5000,-5000,-5000
064275,台光電元大9C購03,0,0,0,0,0,0,0,0,0,-5000,0,0,0,5000,10000,-5000,-5000
064327,金寶元大01購01  ,0,0,0,0,0,0,0,0,0,-5000,0,0,0,164000,169000,-5000,-5000
06443P,台積電凱基99售01,0,0,0,0,0,0,0,0,0,-5000,0,0,0,0,5000,-5000,-5000
064488,台達電元大9C購01,0,0,0,0,0,0,0,0,0,-5000,0,0,0,0,5000,-5000,-5000
064197,智伸科群益9C購01,0,0,0,0,0,0,0,0,0,-5000,0,0,0,0,5000,-5000,-5000
064133,力成元大9C購01  ,0,0,0,0,0,0,0,0,0,-5000,0,0,0,0,5000,-5000,-5000
064169,南電統一9C購01  ,0,0,0,0,0,0,0,0,0,-5000,0,0,0,0,5000,-5000,-5000
063919,大立光元富03購01,0,0,0,0,0,0,0,0,0,-5000,0,0,0,8000,13000,-5000,-5000
4545,銘鈺            ,5000,6000,-1000,0,0,0,0,0,0,-4000,0,4000,-4000,0,0,0,-5000
3346,麗清            ,17000,19000,-2000,0,0,0,0,0,0,-3000,1000,4000,-3000,0,0,0,-5000
3149,正達            ,45000,50000,-5000,0,0,0,0,0,0,0,0,0,0,0,0,0,-5000
2491,吉祥全          ,14000,14000,0,0,0,0,0,0,0,-5000,0,5000,-5000,0,0,0,-5000
2611,志信            ,7000,1000,6000,0,0,0,0,0,0,-11000,0,11000,-11000,0,0,0,-5000
2722,夏都            ,1000,6000,-5000,0,0,0,0,0,0,0,0,0,0,0,0,0,-5000
2816,旺旺保          ,3000,8000,-5000,0,0,0,0,0,0,0,1000,1000,0,0,0,0,-5000
9924,福興            ,6000,5000,1000,0,0,0,0,0,0,-6000,0,6000,-6000,0,0,0,-5000
6541,泰福-KY         ,47000,49000,-2000,0,0,0,0,0,0,-3000,2000,5000,-3000,0,0,0,-5000
06677P,牧德國票98售02  ,0,0,0,0,0,0,0,0,0,-6000,0,0,0,49000,55000,-6000,-6000
06671P,台積電群益98售04,0,0,0,0,0,0,0,0,0,-6000,0,0,0,11000,17000,-6000,-6000
06631P,玉晶光群益9A售03,0,0,0,0,0,0,0,0,0,-6000,0,0,0,249000,255000,-6000,-6000
067365,美利達群益01購03,0,0,0,0,0,0,0,0,0,-6000,0,0,0,0,6000,-6000,-6000
06921P,台光電凱基98售06,0,0,0,0,0,0,0,0,0,-6000,0,0,0,0,6000,-6000,-6000
06845P,億光元大98售02  ,0,0,0,0,0,0,0,0,0,-6000,0,0,0,4000,10000,-6000,-6000
06960P,國巨凱基99售08  ,0,0,0,0,0,0,0,0,0,-6000,0,0,0,0,6000,-6000,-6000
08119P,南亞科統一9C售03,0,0,0,0,0,0,0,0,0,-6000,0,0,0,1000,7000,-6000,-6000
08035P,國巨群益9C售04  ,0,0,0,0,0,0,0,0,0,-6000,0,0,0,0,6000,-6000,-6000
08273P,國巨元富9C售02  ,0,0,0,0,0,0,0,0,0,-6000,0,0,0,0,6000,-6000,-6000
08864P,欣興元大01售01  ,0,0,0,0,0,0,0,0,0,-6000,0,0,0,0,6000,-6000,-6000
1435,中福            ,8000,14000,-6000,0,0,0,0,0,0,0,0,0,0,0,0,0,-6000
1465,偉全            ,1000,3000,-2000,0,0,0,0,0,0,-4000,0,4000,-4000,0,0,0,-6000
08566P,禾伸堂群益9C售01,0,0,0,0,0,0,0,0,0,-6000,0,0,0,213000,219000,-6000,-6000
059188,京元電富邦9B購01,0,0,0,0,0,0,0,0,0,-6000,0,0,0,20000,26000,-6000,-6000
057259,台積電兆豐98購03,0,0,0,0,0,0,0,0,0,-6000,0,0,0,20000,26000,-6000,-6000
058798,大立光元大99購11,0,0,0,0,0,0,0,0,0,-6000,0,0,0,2000,8000,-6000,-6000
058574,台積電群益99購03,0,0,0,0,0,0,0,0,0,-6000,0,0,0,9000,15000,-6000,-6000
062188,貿聯元大9B購02  ,0,0,0,0,0,0,0,0,0,-6000,0,0,0,1000,7000,-6000,-6000
058356,華邦電凱基99購01,0,0,0,0,0,0,0,0,0,-6000,0,0,0,0,6000,-6000,-6000
057917,台積電凱基98購17,0,0,0,0,0,0,0,0,0,-6000,0,0,0,19000,25000,-6000,-6000
057929,上銀群益98購02  ,0,0,0,0,0,0,0,0,0,-6000,0,0,0,0,6000,-6000,-6000
057949,南電國票99購01  ,0,0,0,0,0,0,0,0,0,-6000,0,0,0,0,6000,-6000,-6000
00641R,富邦日本反1     ,6000,8000,-2000,0,0,0,0,0,0,-4000,0,0,0,151000,155000,-4000,-6000
01001T,土銀富邦R1      ,11000,0,11000,0,0,0,0,0,0,-17000,0,17000,-17000,0,0,0,-6000
03453B,臺股指元大02熊02,0,0,0,0,0,0,0,0,0,-6000,0,0,0,8000,14000,-6000,-6000
036628,統一台新99購01  ,0,0,0,0,0,0,0,0,0,-6000,0,0,0,0,6000,-6000,-6000
03432B,臺股指凱基98熊13,0,0,0,0,0,0,0,0,0,-6000,0,0,0,457000,463000,-6000,-6000
054542,台表科國票98購01,0,0,0,0,0,0,0,0,0,-6000,0,0,0,9000,15000,-6000,-6000
054845,智邦兆豐98購01  ,0,0,0,0,0,0,0,0,0,-6000,0,0,0,0,6000,-6000,-6000
059415,台灣50元大9A購03,0,0,0,0,0,0,0,0,0,-6000,0,0,0,0,6000,-6000,-6000
063026,南六元大9B購04  ,0,0,0,0,0,0,0,0,0,-6000,0,0,0,75000,81000,-6000,-6000
060637,玉晶光永豐9A購03,0,0,0,0,0,0,0,0,0,-6000,0,0,0,12000,18000,-6000,-6000
061418,世紀鋼群益9A購02,0,0,0,0,0,0,0,0,0,-6000,0,0,0,126000,132000,-6000,-6000
061177,大立光凱基9A購10,0,0,0,0,0,0,0,0,0,-6000,0,0,0,103000,109000,-6000,-6000
063174,臺股指中信01購04,0,0,0,0,0,0,0,0,0,-6000,0,0,0,8000,14000,-6000,-6000
063516,香港反凱基03購01,0,0,0,0,0,0,0,0,0,-6000,0,0,0,166000,172000,-6000,-6000
061668,信邦中信9B購01  ,0,0,0,0,0,0,0,0,0,-6000,0,0,0,42000,48000,-6000,-6000
062418,台積電統一01購06,0,0,0,0,0,0,0,0,0,-6000,0,0,0,1000,7000,-6000,-6000
060213,牧德康和9A購01  ,0,0,0,0,0,0,0,0,0,-6000,0,0,0,30000,36000,-6000,-6000
062132,神隆群益9B購01  ,0,0,0,0,0,0,0,0,0,-6000,0,0,0,45000,51000,-6000,-6000
062649,緯穎富邦9B購03  ,0,0,0,0,0,0,0,0,0,-6000,0,0,0,2000,8000,-6000,-6000
062820,禾伸堂兆豐9B購01,0,0,0,0,0,0,0,0,0,-6000,0,0,0,54000,60000,-6000,-6000
059662,旭富元大9C購01  ,0,0,0,0,0,0,0,0,0,-6000,0,0,0,15000,21000,-6000,-6000
064066,達新永豐9C購01  ,0,0,0,0,0,0,0,0,0,-6000,0,0,0,0,6000,-6000,-6000
064111,國巨國票02購02  ,0,0,0,0,0,0,0,0,0,-6000,0,0,0,5000,11000,-6000,-6000
06376P,上銀統一99售01  ,0,0,0,0,0,0,0,0,0,-6000,0,0,0,10000,16000,-6000,-6000
064464,台郡統一01購01  ,0,0,0,0,0,0,0,0,0,-6000,0,0,0,0,6000,-6000,-6000
064525,臺股指群益9C購10,0,0,0,0,0,0,0,0,0,-6000,0,0,0,0,6000,-6000,-6000
065219,緯穎國泰01購01  ,0,0,0,0,0,0,0,0,0,-6000,0,0,0,10000,16000,-6000,-6000
065458,立積元富03購02  ,0,0,0,0,0,0,0,0,0,-6000,0,0,0,0,6000,-6000,-6000
065419,立積國票01購03  ,0,0,0,0,0,0,0,0,0,-6000,0,0,0,0,6000,-6000,-6000
9929,秋雨            ,2000,8000,-6000,0,0,0,0,0,0,0,0,0,0,0,0,0,-6000
2029,盛餘            ,17000,4000,13000,0,0,0,0,0,0,-19000,0,19000,-19000,0,0,0,-6000
3528,安馳            ,0,2000,-2000,0,0,0,0,0,0,-4000,0,4000,-4000,0,0,0,-6000
4155,訊映            ,34000,33000,1000,0,0,0,0,0,0,-7000,0,7000,-7000,0,0,0,-6000
3617,碩天            ,15000,23000,-8000,0,0,0,0,0,0,2000,2000,0,2000,0,0,0,-6000
5283,禾聯碩          ,5000,11000,-6000,0,0,0,0,0,0,0,0,0,0,0,0,0,-6000
6409,旭隼            ,163566,168550,-4984,0,0,0,0,0,0,-2000,0,2000,-2000,0,0,0,-6984
08545P,南電國泰01售02  ,0,0,0,0,0,0,0,0,0,-7000,0,0,0,17000,24000,-7000,-7000
1453,大將            ,1000,7000,-6000,0,0,0,0,0,0,-1000,0,1000,-1000,0,0,0,-7000
1451,年興            ,43000,47000,-4000,0,0,0,0,0,0,-3000,5000,8000,-3000,0,0,0,-7000
1438,裕豐            ,1000,8000,-7000,0,0,0,0,0,0,0,0,0,0,0,0,0,-7000
1528,恩德            ,9000,15000,-6000,0,0,0,0,0,0,-1000,6000,7000,-1000,0,0,0,-7000
08749P,鴻海台新01售02  ,0,0,0,0,0,0,0,0,0,-7000,0,0,0,0,7000,-7000,-7000
07940P,國巨群益9B售06  ,0,0,0,0,0,0,0,0,0,-7000,0,0,0,0,7000,-7000,-7000
07930P,聯發科統一9B售06,0,0,0,0,0,0,0,0,0,-7000,0,0,0,0,7000,-7000,-7000
07899P,和大凱基9B售01  ,0,0,0,0,0,0,0,0,0,-7000,0,0,0,24000,31000,-7000,-7000
07830P,牧德凱基9A售03  ,0,0,0,0,0,0,0,0,0,-7000,0,0,0,115000,122000,-7000,-7000
07031P,台灣50中信03售02,0,0,0,0,0,0,0,0,0,-7000,0,0,0,5000,12000,-7000,-7000
06804P,臺股指群益98售10,0,0,0,0,0,0,0,0,0,-7000,0,0,0,0,7000,-7000,-7000
06827P,臺股指國票98售03,0,0,0,0,0,0,0,0,0,-7000,0,0,0,3000,10000,-7000,-7000
067232,友訊群益01購05  ,0,0,0,0,0,0,0,0,0,-7000,0,0,0,6000,13000,-7000,-7000
067102,聯發科群益01購03,0,0,0,0,0,0,0,0,0,-7000,0,0,0,0,7000,-7000,-7000
066988,新唐群益02購01  ,0,0,0,0,0,0,0,0,0,-7000,0,0,0,0,7000,-7000,-7000
066795,台積電凱基02購07,0,0,0,0,0,0,0,0,0,-7000,0,0,0,0,7000,-7000,-7000
066347,鎧勝永豐01購01  ,0,0,0,0,0,0,0,0,0,-7000,0,0,0,8000,15000,-7000,-7000
066421,國產元大01購01  ,0,0,0,0,0,0,0,0,0,-7000,0,0,0,68000,75000,-7000,-7000
066192,嘉基凱基01購01  ,0,0,0,0,0,0,0,0,0,-7000,0,0,0,0,7000,-7000,-7000
066712,台灣50元大01購20,0,0,0,0,0,0,0,0,0,-7000,0,0,0,0,7000,-7000,-7000
066654,上証2X凱基03購02,0,0,0,0,0,0,0,0,0,-7000,0,0,0,1000,8000,-7000,-7000
066669,華擎凱基02購02  ,0,0,0,0,0,0,0,0,0,-7000,0,0,0,34000,41000,-7000,-7000
056911,緯穎元大99購01  ,0,0,0,0,0,0,0,0,0,-7000,0,0,0,0,7000,-7000,-7000
053181,滬深2X元富99購02,0,0,0,0,0,0,0,0,0,-7000,0,0,0,103000,110000,-7000,-7000
03064X,元展59          ,0,0,0,0,0,0,0,0,0,-7000,0,0,0,0,7000,-7000,-7000
00680L,元大美債20正2   ,16000,0,16000,0,0,0,0,0,0,-23000,0,0,0,9000,32000,-23000,-7000
055521,S&P反1群益01購01,0,0,0,0,0,0,0,0,0,-7000,0,0,0,3000,10000,-7000,-7000
058988,大立光凱基9A購02,0,0,0,0,0,0,0,0,0,-7000,0,0,0,0,7000,-7000,-7000
057892,上証2X元富02購01,0,0,0,0,0,0,0,0,0,-7000,0,0,0,0,7000,-7000,-7000
058375,群創凱基9B購04  ,0,0,0,0,0,0,0,0,0,-7000,0,0,0,134000,141000,-7000,-7000
057566,欣興富邦99購01  ,0,0,0,0,0,0,0,0,0,-7000,0,0,0,3000,10000,-7000,-7000
057837,康控國泰99購02  ,0,0,0,0,0,0,0,0,0,-7000,0,0,0,13000,20000,-7000,-7000
057771,鴻海群益99購01  ,0,0,0,0,0,0,0,0,0,-7000,0,0,0,6000,13000,-7000,-7000
062192,南六元大9B購01  ,0,0,0,0,0,0,0,0,0,-7000,0,0,0,10000,17000,-7000,-7000
058389,聯茂國票9A購01  ,0,0,0,0,0,0,0,0,0,-7000,0,0,0,0,7000,-7000,-7000
057299,立積永豐98購02  ,0,0,0,0,0,0,0,0,0,-7000,0,0,0,13000,20000,-7000,-7000
059085,鴻海元大99購25  ,0,0,0,0,0,0,0,0,0,-7000,0,0,0,11000,18000,-7000,-7000
057082,玉晶光統一9A購04,0,0,0,0,0,0,0,0,0,-7000,0,0,0,0,7000,-7000,-7000
062899,鴻海元大9C購04  ,0,0,0,0,0,0,0,0,0,-7000,0,0,0,0,7000,-7000,-7000
059539,緯穎凱基99購03  ,0,0,0,0,0,0,0,0,0,-7000,0,0,0,0,7000,-7000,-7000
062770,臺股指凱基9B購14,0,0,0,0,0,0,0,0,0,-7000,0,0,0,0,7000,-7000,-7000
062779,台積電元大9B購03,0,0,0,0,0,0,0,0,0,-7000,0,0,0,0,7000,-7000,-7000
062793,鴻海統一9B購06  ,0,0,0,0,0,0,0,0,0,-7000,0,0,0,0,7000,-7000,-7000
062797,瑞昱統一9B購01  ,0,0,0,0,0,0,0,0,0,-7000,0,0,0,0,7000,-7000,-7000
062577,泰鼎群益9B購01  ,0,0,0,0,0,0,0,0,0,-7000,0,0,0,0,7000,-7000,-7000
062144,華通國票9B購01  ,0,0,0,0,0,0,0,0,0,-7000,0,0,0,0,7000,-7000,-7000
062236,信邦凱基9B購01  ,0,0,0,0,0,0,0,0,0,-7000,0,0,0,0,7000,-7000,-7000
061694,玉山金群益9A購01,0,0,0,0,0,0,0,0,0,-7000,0,0,0,0,7000,-7000,-7000
063388,台光電兆豐9C購01,0,0,0,0,0,0,0,0,0,-7000,0,0,0,6000,13000,-7000,-7000
063181,聚陽凱基9B購01  ,0,0,0,0,0,0,0,0,0,-7000,0,0,0,38000,45000,-7000,-7000
061508,南六國泰9C購02  ,0,0,0,0,0,0,0,0,0,-7000,0,0,0,0,7000,-7000,-7000
060452,儒鴻元大9A購01  ,0,0,0,0,0,0,0,0,0,-7000,0,0,0,5000,12000,-7000,-7000
065216,群創國泰01購02  ,0,0,0,0,0,0,0,0,0,-7000,0,0,0,109000,116000,-7000,-7000
064916,玉山金統一02購01,0,0,0,0,0,0,0,0,0,-7000,0,0,0,165000,172000,-7000,-7000
064396,創意永豐9C購01  ,0,0,0,0,0,0,0,0,0,-7000,0,0,0,20000,27000,-7000,-7000
063603,友達凱基9B購05  ,0,0,0,0,0,0,0,0,0,-7000,0,0,0,3000,10000,-7000,-7000
063577,台表科元大9C購04,0,0,0,0,0,0,0,0,0,-7000,0,0,0,0,7000,-7000,-7000
064200,華通兆豐01購01  ,0,0,0,0,0,0,0,0,0,-7000,0,0,0,12000,19000,-7000,-7000
064187,亞光永豐9C購01  ,0,0,0,0,0,0,0,0,0,-7000,0,0,0,60000,67000,-7000,-7000
063986,聯發科富邦02購01,0,0,0,0,0,0,0,0,0,-7000,0,0,0,0,7000,-7000,-7000
6201,亞弘電          ,1000,2000,-1000,0,0,0,0,0,0,-6000,0,6000,-6000,0,0,0,-7000
6698,旭暉應材        ,64000,70000,-6000,0,0,0,0,0,0,-1000,0,1000,-1000,0,0,0,-7000
8367,建新國際        ,1000,3000,-2000,0,0,0,0,0,0,-5000,0,5000,-5000,0,0,0,-7000
2850,新產            ,7000,19000,-12000,0,0,0,0,0,0,5000,13000,8000,5000,0,0,0,-7000
2539,櫻花建          ,11000,7000,4000,0,0,0,0,0,0,-11000,0,11000,-11000,0,0,0,-7000
2433,互盛電          ,9000,10000,-1000,0,0,0,0,0,0,-6000,0,6000,-6000,0,0,0,-7000
2727,王品            ,50000,50000,0,0,0,0,0,6749,-6749,-1000,0,1000,-1000,0,0,0,-7749
066499,台郡國泰02購01  ,0,0,0,0,0,0,0,0,0,-8000,0,0,0,0,8000,-8000,-8000
066809,新唐凱基01購01  ,0,0,0,0,0,0,0,0,0,-8000,0,0,0,0,8000,-8000,-8000
06688P,鴻海中信02售01  ,0,0,0,0,0,0,0,0,0,-8000,0,0,0,2000,10000,-8000,-8000
067002,生達永豐01購02  ,0,0,0,0,0,0,0,0,0,-8000,0,0,0,0,8000,-8000,-8000
067100,華邦電群益01購01,0,0,0,0,0,0,0,0,0,-8000,0,0,0,0,8000,-8000,-8000
067216,健策元大01購09  ,0,0,0,0,0,0,0,0,0,-8000,0,0,0,2000,10000,-8000,-8000
067168,國巨麥證01購05  ,0,0,0,3000,10000,-7000,0,0,0,-8000,0,0,0,5000,13000,-8000,-8000
06744P,嘉聯益永豐98售03,0,0,0,0,0,0,0,0,0,-8000,0,0,0,52000,60000,-8000,-8000
07034P,大立光元富99售03,0,0,0,0,0,0,0,0,0,-8000,0,0,0,0,8000,-8000,-8000
07109P,聯發科中信9B售02,0,0,0,0,0,0,0,0,0,-8000,0,0,0,40000,48000,-8000,-8000
07137P,大立光中信9B售01,0,0,0,0,0,0,0,0,0,-8000,0,0,0,0,8000,-8000,-8000
08244P,同欣電凱基9C售03,0,0,0,0,0,0,0,0,0,-8000,0,0,0,30000,38000,-8000,-8000
08796P,晶技凱基01售01  ,0,0,0,0,0,0,0,0,0,-8000,0,0,0,0,8000,-8000,-8000
08833P,緯穎群益01售03  ,0,0,0,0,0,0,0,0,0,-8000,0,0,0,12000,20000,-8000,-8000
1568,倉佑            ,2000,5000,-3000,0,0,0,0,0,0,-5000,0,5000,-5000,0,0,0,-8000
1445,大宇            ,4000,2000,2000,0,0,0,0,0,0,-10000,0,10000,-10000,0,0,0,-8000
08554P,玉晶光國票01售06,0,0,0,0,0,0,0,0,0,-8000,0,0,0,191000,199000,-8000,-8000
08577P,臺指2X中信03售01,0,0,0,0,0,0,0,0,0,-8000,0,0,0,22000,30000,-8000,-8000
08374P,緯穎凱基9C售01  ,0,0,0,0,0,0,0,0,0,-8000,0,0,0,86000,94000,-8000,-8000
059146,貿聯國票9A購02  ,0,0,0,0,0,0,0,0,0,-8000,0,0,0,0,8000,-8000,-8000
058776,台積電國票9A購03,0,0,0,0,0,0,0,0,0,-8000,0,0,0,0,8000,-8000,-8000
058540,嘉聯益國泰9A購02,0,0,0,0,0,0,0,0,0,-8000,0,0,0,8000,16000,-8000,-8000
061977,國巨元大9B購02  ,0,0,0,0,0,0,0,0,0,-8000,0,0,0,81000,89000,-8000,-8000
058909,神達元大99購03  ,0,0,0,0,0,0,0,0,0,-8000,0,0,0,0,8000,-8000,-8000
056352,鴻海元大99購01  ,0,0,0,0,0,0,0,0,0,-8000,0,0,0,352000,360000,-8000,-8000
056392,玉晶光富邦9C購01,0,0,0,0,0,0,0,0,0,-8000,0,0,0,13000,21000,-8000,-8000
006203,元大MSCI台灣    ,0,0,0,0,0,0,0,0,0,-8000,0,0,0,4000,12000,-8000,-8000
046159,群創群益98購04  ,0,0,0,0,0,0,0,0,0,-8000,0,0,0,0,8000,-8000,-8000
052659,上証2X國票99購01,0,0,0,0,0,0,0,0,0,-8000,0,0,0,0,8000,-8000,-8000
052152,創意富邦98購01  ,0,0,0,0,0,0,0,0,0,-8000,0,0,0,131000,139000,-8000,-8000
060316,福懋科永豐9A購01,0,0,0,0,0,0,0,0,0,-8000,0,0,0,0,8000,-8000,-8000
060333,金寶康和9A購01  ,0,0,0,0,0,0,0,0,0,-8000,0,0,0,67000,75000,-8000,-8000
060337,FBVIX統一9A購01 ,0,0,0,0,0,0,0,0,0,-8000,0,0,0,2000,10000,-8000,-8000
061382,台灣50群益9C購02,0,0,0,0,0,0,0,0,0,-8000,0,0,0,40000,48000,-8000,-8000
061543,南亞科群益9A購01,0,0,0,0,0,0,0,0,0,-8000,0,0,0,50000,58000,-8000,-8000
063480,南六元大9C購01  ,0,0,0,0,0,0,0,0,0,-8000,0,0,0,73000,81000,-8000,-8000
061647,南六元大9A購03  ,0,0,0,0,0,0,0,0,0,-8000,0,0,0,110000,118000,-8000,-8000
062485,華通國泰01購01  ,0,0,0,0,0,0,0,0,0,-8000,0,0,0,0,8000,-8000,-8000
060240,富邦金元大9A購01,0,0,0,0,0,0,0,0,0,-8000,0,0,0,28000,36000,-8000,-8000
062576,華擎群益9B購02  ,0,0,0,0,0,0,0,0,0,-8000,0,0,0,0,8000,-8000,-8000
062835,瑞儀群益9B購01  ,0,0,0,0,0,0,0,0,0,-8000,0,0,0,18000,26000,-8000,-8000
059643,日月光凱基99購02,0,0,0,0,0,0,0,0,0,-8000,0,0,0,0,8000,-8000,-8000
059851,晶相光永豐99購02,0,0,0,0,0,0,0,0,0,-8000,0,0,0,33000,41000,-8000,-8000
063932,世芯統一01購01  ,0,0,0,0,0,0,0,0,0,-8000,0,0,0,10000,18000,-8000,-8000
063949,大立光元大9C購10,0,0,0,0,0,0,0,0,0,-8000,0,0,0,0,8000,-8000,-8000
064191,聯發科中信03購01,0,0,0,0,0,0,0,0,0,-8000,0,0,0,0,8000,-8000,-8000
063750,和鑫國票9B購01  ,0,0,0,0,0,0,0,0,0,-8000,0,0,0,10000,18000,-8000,-8000
063747,國巨國票9C購06  ,0,0,0,0,0,0,0,0,0,-8000,0,0,0,2000,10000,-8000,-8000
063891,國巨群益9C購07  ,0,0,0,0,0,0,0,0,0,-8000,0,0,0,0,8000,-8000,-8000
064548,漢翔凱基9C購01  ,0,0,0,0,0,0,0,0,0,-8000,0,0,0,0,8000,-8000,-8000
065050,世芯凱基9C購01  ,0,0,0,0,0,0,0,0,0,-8000,0,0,0,1000,9000,-8000,-8000
065004,瑞昱國票01購02  ,0,0,0,0,0,0,0,0,0,-8000,0,0,0,0,8000,-8000,-8000
066083,鴻海富邦02購01  ,0,0,0,0,0,0,0,0,0,-8000,0,0,0,0,8000,-8000,-8000
065860,南電元大02購01  ,0,0,0,0,0,0,0,0,0,-8000,0,0,0,50000,58000,-8000,-8000
08353P,聯電元大9C售04  ,0,0,0,0,0,0,0,0,0,-9000,0,0,0,86000,95000,-9000,-9000
1472,三洋紡          ,3000,11000,-8000,0,0,0,0,0,0,-1000,0,1000,-1000,0,0,0,-9000
1592,英瑞-KY         ,9000,15000,-6000,0,0,0,0,0,0,-3000,0,3000,-3000,0,0,0,-9000
1713,國化            ,2000,0,2000,0,0,0,0,0,0,-11000,0,11000,-11000,0,0,0,-9000
08774P,華擎凱基01售02  ,0,0,0,0,0,0,0,0,0,-9000,0,0,0,44000,53000,-9000,-9000
07616P,瑞昱中信02售01  ,0,0,0,0,0,0,0,0,0,-9000,0,0,0,44000,53000,-9000,-9000
06904P,TPK凱基98售03   ,0,0,0,0,0,0,0,0,0,-9000,0,0,0,10000,19000,-9000,-9000
067378,欣興統一02購02  ,0,0,0,0,0,0,0,0,0,-9000,0,0,0,0,9000,-9000,-9000
066916,台虹凱基01購01  ,0,0,0,0,0,0,0,0,0,-9000,0,0,0,0,9000,-9000,-9000
06694P,臺股指凱基99售13,0,0,0,0,0,0,0,0,0,-9000,0,0,0,1000,10000,-9000,-9000
066921,日月光麥證01購01,0,0,0,30000,39000,-9000,0,0,0,-9000,0,0,0,30000,39000,-9000,-9000
066815,華擎兆豐03購01  ,0,0,0,0,0,0,0,0,0,-9000,0,0,0,1000,10000,-9000,-9000
051597,T50反1中信99購02,0,0,0,0,0,0,0,0,0,-9000,0,0,0,0,9000,-9000,-9000
0053,元大電子        ,0,0,0,0,0,0,0,0,0,-9000,0,0,0,15000,24000,-9000,-9000
053723,奇鋐凱基98購01  ,0,0,0,0,0,0,0,0,0,-9000,0,0,0,91000,100000,-9000,-9000
056304,創意元大97購03  ,0,0,0,0,0,0,0,0,0,-9000,0,0,0,57000,66000,-9000,-9000
056556,南電凱基98購01  ,0,0,0,0,0,0,0,0,0,-9000,0,0,0,24000,33000,-9000,-9000
058093,神達元大9A購01  ,0,0,0,0,0,0,0,0,0,-9000,0,0,0,2000,11000,-9000,-9000
058143,瑞儀元大99購02  ,0,0,0,0,0,0,0,0,0,-9000,0,0,0,0,9000,-9000,-9000
061949,大立光群益9B購03,0,0,0,0,0,0,0,0,0,-9000,0,0,0,13000,22000,-9000,-9000
061594,玉晶光永豐9A購08,0,0,0,0,0,0,0,0,0,-9000,0,0,0,0,9000,-9000,-9000
057532,智原元大98購03  ,0,0,0,0,0,0,0,0,0,-9000,0,0,0,1000,10000,-9000,-9000
057877,神達元大99購01  ,0,0,0,0,0,0,0,0,0,-9000,0,0,0,1000,10000,-9000,-9000
058499,滬深2X元大9C購01,0,0,0,0,0,0,0,0,0,-9000,0,0,0,3000,12000,-9000,-9000
058503,鴻海元大99購14  ,0,0,0,0,0,0,0,0,0,-9000,0,0,0,0,9000,-9000,-9000
057404,貿聯群益99購01  ,0,0,0,0,0,0,0,0,0,-9000,0,0,0,1000,10000,-9000,-9000
058429,欣興元富99購01  ,0,0,0,0,0,0,0,0,0,-9000,0,0,0,1000,10000,-9000,-9000
058625,旺宏國票9A購01  ,0,0,0,0,0,0,0,0,0,-9000,0,0,0,0,9000,-9000,-9000
062883,智易兆豐9C購01  ,0,0,0,0,0,0,0,0,0,-9000,0,0,0,68000,77000,-9000,-9000
059677,大立光台新99購01,0,0,0,0,0,0,0,0,0,-9000,0,0,0,1000,10000,-9000,-9000
059283,康友永豐99購02  ,0,0,0,0,0,0,0,0,0,-9000,0,0,0,0,9000,-9000,-9000
062726,華擎凱基9B購02  ,0,0,0,0,0,0,0,0,0,-9000,0,0,0,0,9000,-9000,-9000
062535,台積電麥證02購01,0,0,0,0,10000,-10000,0,0,0,-9000,0,0,0,1000,10000,-9000,-9000
062639,臻鼎國票9C購01  ,0,0,0,0,0,0,0,0,0,-9000,0,0,0,1000,10000,-9000,-9000
062632,嘉晶國票9B購01  ,0,0,0,0,0,0,0,0,0,-9000,0,0,0,5000,14000,-9000,-9000
060244,大立光元大9B購02,0,0,0,0,0,0,0,0,0,-9000,0,0,0,0,9000,-9000,-9000
060887,台積電統一01購01,0,0,0,0,0,0,0,0,0,-9000,0,0,0,5000,14000,-9000,-9000
063318,京鼎群益9C購02  ,0,0,0,0,0,0,0,0,0,-9000,0,0,0,0,9000,-9000,-9000
063195,訊連元富9B購01  ,0,0,0,0,0,0,0,0,0,-9000,0,0,0,268000,277000,-9000,-9000
063130,聯茂元大9B購02  ,0,0,0,0,0,0,0,0,0,-9000,0,0,0,102000,111000,-9000,-9000
060296,和碩元大9A購01  ,0,0,0,0,0,0,0,0,0,-9000,0,0,0,11000,20000,-9000,-9000
061118,GIS富邦9A購01   ,0,0,0,0,0,0,0,0,0,-9000,0,0,0,24000,33000,-9000,-9000
060760,南亞科元大9A購04,0,0,0,0,0,0,0,0,0,-9000,0,0,0,75000,84000,-9000,-9000
065737,南茂凱基9C購02  ,0,0,0,0,0,0,0,0,0,-9000,0,0,0,41000,50000,-9000,-9000
065584,華通富邦01購01  ,0,0,0,0,0,0,0,0,0,-9000,0,0,0,1000,10000,-9000,-9000
065661,智原永豐9C購01  ,0,0,0,0,0,0,0,0,0,-9000,0,0,0,1000,10000,-9000,-9000
066005,國巨統一03購01  ,0,0,0,0,0,0,0,0,0,-9000,0,0,0,1000,10000,-9000,-9000
066007,大立光統一02購06,0,0,0,0,0,0,0,0,0,-9000,0,0,0,1000,10000,-9000,-9000
066031,力成群益01購01  ,0,0,0,0,0,0,0,0,0,-9000,0,0,0,62000,71000,-9000,-9000
064941,台積電台新9C購04,0,0,0,0,0,0,0,0,0,-9000,0,0,0,11000,20000,-9000,-9000
065133,SP黃豆凱基02購01,0,0,0,0,0,0,0,0,0,-9000,0,0,0,21000,30000,-9000,-9000
065557,中磊凱基9C購01  ,0,0,0,0,0,0,0,0,0,-9000,0,0,0,46000,55000,-9000,-9000
065362,華通元大9C購06  ,0,0,0,0,0,0,0,0,0,-9000,0,0,0,50000,59000,-9000,-9000
064313,嘉晶群益9C購02  ,0,0,0,0,0,0,0,0,0,-9000,0,0,0,2000,11000,-9000,-9000
064271,鴻海元大9C購08  ,0,0,0,0,0,0,0,0,0,-9000,0,0,0,50000,59000,-9000,-9000
064591,臻鼎永豐9C購01  ,0,0,0,0,0,0,0,0,0,-9000,0,0,0,11000,20000,-9000,-9000
063864,健策富邦01購01  ,0,0,0,0,0,0,0,0,0,-9000,0,0,0,1000,10000,-9000,-9000
2069,運錩            ,2000,10000,-8000,0,0,0,0,0,0,-1000,2000,3000,-1000,0,0,0,-9000
3031,佰鴻            ,44000,51000,-7000,0,0,0,0,0,0,-2000,0,2000,-2000,0,0,0,-9000
6216,居易            ,1000,1000,0,0,0,0,0,0,0,-9000,0,9000,-9000,0,0,0,-9000
9943,好樂迪          ,17000,22000,-5000,0,0,0,0,0,0,-4000,0,4000,-4000,0,0,0,-9000
066820,南茂兆豐03購01  ,0,0,0,0,0,0,0,0,0,-10000,0,0,0,10000,20000,-10000,-10000
06691P,臺股指群益9C售05,0,0,0,0,0,0,0,0,0,-10000,0,0,0,0,10000,-10000,-10000
066941,滬深2X元大03購01,0,0,0,0,0,0,0,0,0,-10000,0,0,0,5000,15000,-10000,-10000
066896,緯穎兆豐03購01  ,0,0,0,0,0,0,0,0,0,-10000,0,0,0,0,10000,-10000,-10000
067039,生達凱基01購01  ,0,0,0,0,0,0,0,0,0,-10000,0,0,0,0,10000,-10000,-10000
066966,國巨元富07購07  ,0,0,0,0,0,0,0,0,0,-10000,0,0,0,0,10000,-10000,-10000
067359,牧德群益01購02  ,0,0,0,0,0,0,0,0,0,-10000,0,0,0,0,10000,-10000,-10000
067344,鎧勝凱基02購01  ,0,0,0,0,0,0,0,0,0,-10000,0,0,0,0,10000,-10000,-10000
067311,欣興元大01購06  ,0,0,0,0,0,0,0,0,0,-10000,0,0,0,1000,11000,-10000,-10000
067317,嘉澤元大02購01  ,0,0,0,0,0,0,0,0,0,-10000,0,0,0,7000,17000,-10000,-10000
067282,金像電國票02購02,10000,0,10000,0,0,0,0,0,0,-20000,0,0,0,0,20000,-20000,-10000
067266,義隆國泰03購01  ,0,0,0,0,0,0,0,0,0,-10000,0,0,0,105000,115000,-10000,-10000
067192,矽格凱基01購03  ,0,0,0,0,0,0,0,0,0,-10000,0,0,0,40000,50000,-10000,-10000
067212,聯發科元大02購02,0,0,0,0,0,0,0,0,0,-10000,0,0,0,0,10000,-10000,-10000
067194,惠特凱基01購03  ,0,0,0,0,0,0,0,0,0,-10000,0,0,0,0,10000,-10000,-10000
067195,台虹凱基02購01  ,0,0,0,0,0,0,0,0,0,-10000,0,0,0,25000,35000,-10000,-10000
067203,台達電元大01購03,0,0,0,0,0,0,0,0,0,-10000,0,0,0,0,10000,-10000,-10000
067234,正崴群益01購01  ,0,0,0,0,0,0,0,0,0,-10000,0,0,0,0,10000,-10000,-10000
06917P,聯電亞東99售01  ,0,0,0,0,0,0,0,0,0,-10000,0,0,0,0,10000,-10000,-10000
07131P,緯穎元大99售06  ,0,0,0,0,0,0,0,0,0,-10000,0,0,0,0,10000,-10000,-10000
07084P,S&P正2元富9B售02,0,0,0,0,0,0,0,0,0,-10000,0,0,0,0,10000,-10000,-10000
066623,國巨凱基04購01  ,0,0,0,0,0,0,0,0,0,-10000,0,0,0,0,10000,-10000,-10000
066703,聯詠群益01購02  ,0,0,0,0,0,0,0,0,0,-10000,0,0,0,0,10000,-10000,-10000
066706,揚明光群益01購01,0,0,0,0,0,0,0,0,0,-10000,0,0,0,0,10000,-10000,-10000
066212,惠特統一01購01  ,0,0,0,0,0,0,0,0,0,-10000,0,0,0,10000,20000,-10000,-10000
066245,道瓊反元大02購01,0,0,0,0,0,0,0,0,0,-10000,0,0,0,0,10000,-10000,-10000
066432,南六元大01購02  ,0,0,0,0,0,0,0,0,0,-10000,0,0,0,2000,12000,-10000,-10000
066393,華碩凱基01購01  ,0,0,0,0,0,0,0,0,0,-10000,0,0,0,0,10000,-10000,-10000
066332,慧洋永豐01購01  ,0,0,0,0,0,0,0,0,0,-10000,0,0,0,23000,33000,-10000,-10000
066384,訊芯康和01購01  ,0,0,0,0,0,0,0,0,0,-10000,0,0,0,30000,40000,-10000,-10000
066375,南亞科兆豐01購01,0,0,0,0,0,0,0,0,0,-10000,0,0,0,0,10000,-10000,-10000
07588P,滬深2X國票9C售01,0,0,0,0,0,0,0,0,0,-10000,0,0,0,0,10000,-10000,-10000
07595P,台灣50中信03售07,0,0,0,0,0,0,0,0,0,-10000,0,0,0,0,10000,-10000,-10000
07660P,聯茂凱基9A售03  ,0,0,0,0,0,0,0,0,0,-10000,0,0,0,0,10000,-10000,-10000
07657P,技嘉凱基9A售03  ,0,0,0,0,0,0,0,0,0,-10000,0,0,0,0,10000,-10000,-10000
07704P,台積電元大9A售25,0,0,0,0,0,0,0,0,0,-10000,0,0,0,0,10000,-10000,-10000
07834P,聯詠群益9A售03  ,0,0,0,0,0,0,0,0,0,-10000,0,0,0,40000,50000,-10000,-10000
07838P,泰碩元大9A售04  ,0,0,0,0,0,0,0,0,0,-10000,0,0,0,66000,76000,-10000,-10000
07528P,鴻海凱基9A售19  ,0,0,0,0,0,0,0,0,0,-10000,0,0,0,0,10000,-10000,-10000
07434P,臺股指國票9A售06,0,0,0,0,0,0,0,0,0,-10000,0,0,0,0,10000,-10000,-10000
08294P,台積電元大9C售06,0,0,0,0,0,0,0,0,0,-10000,0,0,0,0,10000,-10000,-10000
08236P,國巨富邦03售01  ,0,0,0,0,0,0,0,0,0,-10000,0,0,0,0,10000,-10000,-10000
08027P,嘉晶元大9B售03  ,0,0,0,0,0,0,0,0,0,-10000,0,0,0,0,10000,-10000,-10000
08072P,祥碩永豐9B售03  ,0,0,0,0,0,0,0,0,0,-10000,0,0,0,0,10000,-10000,-10000
08050P,臺股指國票9B售15,0,0,0,0,0,0,0,0,0,-10000,0,0,0,0,10000,-10000,-10000
08124P,臻鼎群益9B售02  ,0,0,0,0,0,0,0,0,0,-10000,0,0,0,0,10000,-10000,-10000
08125P,聯茂群益9B售02  ,0,0,0,0,0,0,0,0,0,-10000,0,0,0,0,10000,-10000,-10000
08098P,大立光凱基9B售09,0,0,0,0,0,0,0,0,0,-10000,0,0,0,0,10000,-10000,-10000
08077P,亞德客國票9B售02,0,0,0,0,0,0,0,0,0,-10000,0,0,0,10000,20000,-10000,-10000
08747P,國巨元富07售06  ,0,0,0,0,0,0,0,0,0,-10000,0,0,0,0,10000,-10000,-10000
08841P,A50正2中信03售02,0,0,0,0,0,0,0,0,0,-10000,0,0,0,0,10000,-10000,-10000
08362P,國巨凱基02售01  ,0,0,0,0,0,0,0,0,0,-10000,0,0,0,0,10000,-10000,-10000
08520P,和大元大9C售04  ,0,0,0,0,0,0,0,0,0,-10000,0,0,0,0,10000,-10000,-10000
08688P,台灣50中信04售02,0,0,0,0,0,0,0,0,0,-10000,0,0,0,0,10000,-10000,-10000
08654P,台積電群益9C售13,0,0,0,0,0,0,0,0,0,-10000,0,0,0,10000,20000,-10000,-10000
08676P,泰碩群益04售01  ,0,0,0,0,0,0,0,0,0,-10000,0,0,0,0,10000,-10000,-10000
058493,台積電群益9A購01,0,0,0,0,0,0,0,0,0,-10000,0,0,0,0,10000,-10000,-10000
058775,台積電國票9A購02,0,0,0,0,0,0,0,0,0,-10000,0,0,0,4000,14000,-10000,-10000
058663,瑞儀兆豐9A購01  ,0,0,0,0,0,0,0,0,0,-10000,0,0,0,0,10000,-10000,-10000
058675,康控群益9B購01  ,0,0,0,0,0,0,0,0,0,-10000,0,0,0,12000,22000,-10000,-10000
059107,南茂國泰9A購01  ,0,0,0,0,0,0,0,0,0,-10000,0,0,0,0,10000,-10000,-10000
059102,聯鈞元富99購01  ,0,0,0,0,0,0,0,0,0,-10000,0,0,0,0,10000,-10000,-10000
057092,健策元富98購01  ,0,0,0,0,0,0,0,0,0,-10000,0,0,0,0,10000,-10000,-10000
058174,台積電凱基9A購05,0,0,0,0,0,0,0,0,0,-10000,0,0,0,1000,11000,-10000,-10000
057463,華邦電永豐98購01,0,0,0,0,0,0,0,0,0,-10000,0,0,0,0,10000,-10000,-10000
057464,大立光永豐98購02,0,0,0,0,0,0,0,0,0,-10000,0,0,0,0,10000,-10000,-10000
057379,寶成元大98購02  ,0,0,0,0,0,0,0,0,0,-10000,0,0,0,0,10000,-10000,-10000
057368,微星元大98購02  ,0,0,0,0,0,0,0,0,0,-10000,0,0,0,0,10000,-10000,-10000
058202,鴻海凱基9A購04  ,0,0,0,0,0,0,0,0,0,-10000,0,0,0,56000,66000,-10000,-10000
057308,同欣電兆豐99購01,0,0,0,0,0,0,0,0,0,-10000,0,0,0,0,10000,-10000,-10000
057266,TPK兆豐98購02   ,0,0,0,0,0,0,0,0,0,-10000,0,0,0,0,10000,-10000,-10000
058863,可成凱基99購02  ,0,0,0,0,0,0,0,0,0,-10000,0,0,0,2000,12000,-10000,-10000
058843,元油2X群益9C購02,0,0,0,0,0,0,0,0,0,-10000,0,0,0,0,10000,-10000,-10000
058872,元油2X國票9B購01,0,0,0,0,0,0,0,0,0,-10000,0,0,0,0,10000,-10000,-10000
059224,大立光元大99購15,0,0,0,0,0,0,0,0,0,-10000,0,0,0,0,10000,-10000,-10000
057239,貿聯凱基98購05  ,0,0,0,0,0,0,0,0,0,-10000,0,0,0,0,10000,-10000,-10000
057249,華邦電統一9A購01,0,0,0,0,0,0,0,0,0,-10000,0,0,0,0,10000,-10000,-10000
057227,台積電凱基98購15,0,0,0,0,0,0,0,0,0,-10000,0,0,0,0,10000,-10000,-10000
057214,瑞昱群益98購01  ,0,0,0,0,0,0,0,0,0,-10000,0,0,0,0,10000,-10000,-10000
057862,智邦凱基99購01  ,0,0,0,0,0,0,0,0,0,-10000,0,0,0,15000,25000,-10000,-10000
058296,明泰凱基99購01  ,0,0,0,0,0,0,0,0,0,-10000,0,0,0,0,10000,-10000,-10000
057690,美律凱基99購03  ,0,0,0,0,0,0,0,0,0,-10000,0,0,0,0,10000,-10000,-10000
058355,旺宏凱基99購04  ,0,0,0,0,0,0,0,0,0,-10000,0,0,0,0,10000,-10000,-10000
057711,台積電統一9A購03,0,0,0,0,0,0,0,0,0,-10000,0,0,0,0,10000,-10000,-10000
057700,新日興群益9A購01,0,0,0,0,0,0,0,0,0,-10000,0,0,0,0,10000,-10000,-10000
058309,大毅元大99購02  ,0,0,0,0,0,0,0,0,0,-10000,0,0,0,3000,13000,-10000,-10000
057482,微星元大98購03  ,0,0,0,0,0,0,0,0,0,-10000,0,0,0,0,10000,-10000,-10000
057586,台積電國票99購06,0,0,0,0,0,0,0,0,0,-10000,0,0,0,0,10000,-10000,-10000
057747,致新永豐98購01  ,0,0,0,0,0,0,0,0,0,-10000,0,0,0,0,10000,-10000,-10000
057751,神達國票99購02  ,0,0,0,0,0,0,0,0,0,-10000,0,0,0,0,10000,-10000,-10000
057758,鴻海凱基99購03  ,0,0,0,0,0,0,0,0,0,-10000,0,0,0,0,10000,-10000,-10000
057601,中磊群益98購01  ,0,0,0,0,0,0,0,0,0,-10000,0,0,0,0,10000,-10000,-10000
061603,瑞昱凱基9A購02  ,0,0,0,0,0,0,0,0,0,-10000,0,0,0,0,10000,-10000,-10000
061620,禾伸堂群益9A購02,0,0,0,0,0,0,0,0,0,-10000,0,0,0,84000,94000,-10000,-10000
061851,智邦國票9B購01  ,0,0,0,0,0,0,0,0,0,-10000,0,0,0,21000,31000,-10000,-10000
061833,華新科凱基02購01,0,0,0,0,0,0,0,0,0,-10000,0,0,0,0,10000,-10000,-10000
059060,大立光凱基9A購03,0,0,0,0,0,0,0,0,0,-10000,0,0,0,0,10000,-10000,-10000
059028,嘉聯益台新99購02,0,0,0,0,0,0,0,0,0,-10000,0,0,0,0,10000,-10000,-10000
059048,元油2X凱基9A購11,0,0,0,0,0,0,0,0,0,-10000,0,0,0,0,10000,-10000,-10000
059049,元油2X凱基9A購12,0,0,0,0,0,0,0,0,0,-10000,0,0,0,0,10000,-10000,-10000
059040,訊芯群益99購03  ,0,0,0,0,0,0,0,0,0,-10000,0,0,0,10000,20000,-10000,-10000
058956,健策國票9A購02  ,0,0,0,0,0,0,0,0,0,-10000,0,0,0,0,10000,-10000,-10000
055215,智邦凱基98購02  ,0,0,0,0,0,0,0,0,0,-10000,0,0,0,0,10000,-10000,-10000
058005,茂林群益98購04  ,0,0,0,0,0,0,0,0,0,-10000,0,0,0,0,10000,-10000,-10000
055662,上銀中信99購01  ,0,0,0,0,0,0,0,0,0,-10000,0,0,0,0,10000,-10000,-10000
058009,智易國票99購01  ,0,0,0,0,0,0,0,0,0,-10000,0,0,0,0,10000,-10000,-10000
055038,華航富邦99購01  ,0,0,0,0,0,0,0,0,0,-10000,0,0,0,48000,58000,-10000,-10000
055092,開發金群益9B購01,0,0,0,0,0,0,0,0,0,-10000,0,0,0,14000,24000,-10000,-10000
056549,嘉聯益凱基98購04,0,0,0,0,0,0,0,0,0,-10000,0,0,0,0,10000,-10000,-10000
055759,技嘉群益98購02  ,0,0,0,0,0,0,0,0,0,-10000,0,0,0,0,10000,-10000,-10000
055842,建準元大98購01  ,0,0,0,0,0,0,0,0,0,-10000,0,0,0,0,10000,-10000,-10000
055811,國巨國票98購05  ,0,0,0,0,0,0,0,0,0,-10000,0,0,0,0,10000,-10000,-10000
056700,華新科國泰99購03,0,0,0,0,0,0,0,0,0,-10000,0,0,0,0,10000,-10000,-10000
056688,聯詠統一98購01  ,0,0,0,0,0,0,0,0,0,-10000,0,0,0,0,10000,-10000,-10000
056236,台積電群益97購06,0,0,0,0,0,0,0,0,0,-10000,0,0,0,10000,20000,-10000,-10000
056259,T50反1統一9A購01,0,0,0,0,0,0,0,0,0,-10000,0,0,0,0,10000,-10000,-10000
056230,可成凱基98購03  ,0,0,0,0,0,0,0,0,0,-10000,0,0,0,0,10000,-10000,-10000
056145,緯穎元大98購03  ,0,0,0,0,0,0,0,0,0,-10000,0,0,0,0,10000,-10000,-10000
056364,亞光元大99購02  ,0,0,0,0,0,0,0,0,0,-10000,0,0,0,10000,20000,-10000,-10000
056375,玉晶光統一01購01,0,0,0,0,0,0,0,0,0,-10000,0,0,0,0,10000,-10000,-10000
056639,國產康和98購01  ,0,0,0,0,0,0,0,0,0,-10000,0,0,0,0,10000,-10000,-10000
046937,聯電元大99購01  ,0,0,0,0,0,0,0,0,0,-10000,0,0,0,42000,52000,-10000,-10000
03049X,元展46          ,0,0,0,0,0,0,0,0,0,-10000,0,0,0,0,10000,-10000,-10000
053811,國巨群益98購02  ,0,0,0,0,0,0,0,0,0,-10000,0,0,0,0,10000,-10000,-10000
054158,國巨日盛99購01  ,0,0,0,0,0,0,0,0,0,-10000,0,0,0,0,10000,-10000,-10000
054421,臺股指元大99購03,0,0,0,0,0,0,0,0,0,-10000,0,0,0,0,10000,-10000,-10000
051369,新光金富邦9A購01,0,0,0,0,0,0,0,0,0,-10000,0,0,0,0,10000,-10000,-10000
053396,漢唐中信9A購01  ,0,0,0,0,0,0,0,0,0,-10000,0,0,0,61000,71000,-10000,-10000
053401,臺股指中信99購01,0,0,0,0,0,0,0,0,0,-10000,0,0,0,0,10000,-10000,-10000
056745,聯茂凱基99購03  ,0,0,0,0,0,0,0,0,0,-10000,0,0,0,0,10000,-10000,-10000
056969,智易永豐98購01  ,0,0,0,0,0,0,0,0,0,-10000,0,0,0,15000,25000,-10000,-10000
056855,祥碩中信98購02  ,0,0,0,0,0,0,0,0,0,-10000,0,0,0,0,10000,-10000,-10000
056894,佳世達元大99購01,0,0,0,0,0,0,0,0,0,-10000,0,0,0,0,10000,-10000,-10000
060817,華邦電台新9A購01,0,0,0,0,0,0,0,0,0,-10000,0,0,0,0,10000,-10000,-10000
060846,欣興國票9A購02  ,0,0,0,0,0,0,0,0,0,-10000,0,0,0,0,10000,-10000,-10000
060420,神基永豐9A購01  ,0,0,0,0,0,0,0,0,0,-10000,0,0,0,0,10000,-10000,-10000
060453,儒鴻元大9A購02  ,0,0,0,0,0,0,0,0,0,-10000,0,0,0,5000,15000,-10000,-10000
061298,華新科富邦01購02,0,0,0,0,0,0,0,0,0,-10000,0,0,0,6000,16000,-10000,-10000
061350,牧德元大9B購03  ,0,0,0,0,0,0,0,0,0,-10000,0,0,0,0,10000,-10000,-10000
060317,台灣50群益02購01,0,0,0,0,0,0,0,0,0,-10000,0,0,0,40000,50000,-10000,-10000
060363,美律元富9A購01  ,0,0,0,0,0,0,0,0,0,-10000,0,0,0,60000,70000,-10000,-10000
060594,國巨麥證9A購01  ,0,0,0,2000,10000,-8000,0,0,0,-10000,0,0,0,2000,12000,-10000,-10000
060659,鴻海凱基9B購03  ,0,0,0,0,0,0,0,0,0,-10000,0,0,0,0,10000,-10000,-10000
060664,聯詠凱基9A購01  ,0,0,0,0,0,0,0,0,0,-10000,0,0,0,0,10000,-10000,-10000
060706,群創富邦9A購01  ,0,0,0,0,0,0,0,0,0,-10000,0,0,0,4000,14000,-10000,-10000
060475,瑞祺元大9A購01  ,0,0,0,0,0,0,0,0,0,-10000,0,0,0,0,10000,-10000,-10000
060554,中租凱基9A購01  ,0,0,0,0,0,0,0,0,0,-10000,0,0,0,0,10000,-10000,-10000
060468,聯鈞元大9A購02  ,0,0,0,0,0,0,0,0,0,-10000,0,0,0,1000,11000,-10000,-10000
063121,友達元大9C購09  ,0,0,0,0,0,0,0,0,0,-10000,0,0,0,0,10000,-10000,-10000
061213,群創元大9A購05  ,0,0,0,0,0,0,0,0,0,-10000,0,0,0,15000,25000,-10000,-10000
061207,美律元大9A購04  ,0,0,0,0,0,0,0,0,0,-10000,0,0,0,9000,19000,-10000,-10000
061224,道瓊反中信01購01,0,0,0,0,0,0,0,0,0,-10000,0,0,0,0,10000,-10000,-10000
063222,群創群益9B購03  ,0,0,0,0,0,0,0,0,0,-10000,0,0,0,10000,20000,-10000,-10000
063136,智邦統一9B購02  ,0,0,0,0,0,0,0,0,0,-10000,0,0,0,142000,152000,-10000,-10000
061542,旺宏群益9A購04  ,0,0,0,0,0,0,0,0,0,-10000,0,0,0,0,10000,-10000,-10000
061522,元黃金凱基01購01,0,0,0,0,0,0,0,0,0,-10000,0,0,0,0,10000,-10000,-10000
061520,健策中信9A購01  ,0,0,0,0,0,0,0,0,0,-10000,0,0,0,10000,20000,-10000,-10000
063258,緯穎國泰9C購01  ,0,0,0,0,0,0,0,0,0,-10000,0,0,0,0,10000,-10000,-10000
063361,台表科國泰01購02,0,0,0,0,0,0,0,0,0,-10000,0,0,0,0,10000,-10000,-10000
063345,嘉晶統一9C購02  ,0,0,0,0,0,0,0,0,0,-10000,0,0,0,0,10000,-10000,-10000
063410,南六國票9C購01  ,0,0,0,0,0,0,0,0,0,-10000,0,0,0,0,10000,-10000,-10000
063414,鴻海凱基03購01  ,0,0,0,0,0,0,0,0,0,-10000,0,0,0,0,10000,-10000,-10000
063504,國巨群益9C購06  ,0,0,0,0,0,0,0,0,0,-10000,0,0,0,0,10000,-10000,-10000
063510,台表科群益9C購01,0,0,0,0,0,0,0,0,0,-10000,0,0,0,0,10000,-10000,-10000
063527,美食凱基01購01  ,0,0,0,0,0,0,0,0,0,-10000,0,0,0,50000,60000,-10000,-10000
060880,中壽中信9C購01  ,0,0,0,0,0,0,0,0,0,-10000,0,0,0,98000,108000,-10000,-10000
060055,宏達電凱基99購06,0,0,0,0,0,0,0,0,0,-10000,0,0,0,0,10000,-10000,-10000
062108,晶豪科國票9B購01,0,0,0,0,0,0,0,0,0,-10000,0,0,0,0,10000,-10000,-10000
062083,健策元大9C購03  ,0,0,0,0,0,0,0,0,0,-10000,0,0,0,1000,11000,-10000,-10000
060182,旺宏元富9A購01  ,0,0,0,0,0,0,0,0,0,-10000,0,0,0,0,10000,-10000,-10000
060162,碩天永豐9A購01  ,0,0,0,0,0,0,0,0,0,-10000,0,0,0,10000,20000,-10000,-10000
062469,旺宏凱基9B購05  ,0,0,0,0,0,0,0,0,0,-10000,0,0,0,0,10000,-10000,-10000
062446,聯詠元大9B購02  ,0,0,0,0,0,0,0,0,0,-10000,0,0,0,0,10000,-10000,-10000
061037,嘉澤永豐9A購01  ,0,0,0,0,0,0,0,0,0,-10000,0,0,0,1000,11000,-10000,-10000
061685,道瓊反群益9A購03,0,0,0,0,0,0,0,0,0,-10000,0,0,0,0,10000,-10000,-10000
060995,泰鼎元大9A購03  ,0,0,0,0,0,0,0,0,0,-10000,0,0,0,1000,11000,-10000,-10000
060987,華新科元大9A購11,0,0,0,0,0,0,0,0,0,-10000,0,0,0,100000,110000,-10000,-10000
062672,兆豐金中信03購01,0,0,0,0,0,0,0,0,0,-10000,0,0,0,0,10000,-10000,-10000
062675,台積電台新9B購06,0,0,0,0,0,0,0,0,0,-10000,0,0,0,1000,11000,-10000,-10000
062513,玉晶光國票9C購01,0,0,0,0,0,0,0,0,0,-10000,0,0,0,4000,14000,-10000,-10000
062562,瑞儀凱基9B購02  ,0,0,0,0,0,0,0,0,0,-10000,0,0,0,15000,25000,-10000,-10000
062555,旺宏凱基9B購06  ,0,0,0,0,0,0,0,0,0,-10000,0,0,0,0,10000,-10000,-10000
062721,美律凱基9B購02  ,0,0,0,0,0,0,0,0,0,-10000,0,0,0,0,10000,-10000,-10000
062749,元金2X中信9B購01,0,0,0,0,0,0,0,0,0,-10000,0,0,0,0,10000,-10000,-10000
059298,大立光元富9C購02,0,0,0,0,0,0,0,0,0,-10000,0,0,0,47000,57000,-10000,-10000
062814,台光電兆豐9B購01,0,0,0,0,0,0,0,0,0,-10000,0,0,0,0,10000,-10000,-10000
062782,聯發科元大9B購12,0,0,0,0,0,0,0,0,0,-10000,0,0,0,2000,12000,-10000,-10000
059686,上証2X永豐9A購01,0,0,0,0,0,0,0,0,0,-10000,0,0,0,0,10000,-10000,-10000
059646,聯茂凱基99購06  ,0,0,0,0,0,0,0,0,0,-10000,0,0,0,50000,60000,-10000,-10000
059811,高股息凱基99購02,0,0,0,0,0,0,0,0,0,-10000,0,0,0,0,10000,-10000,-10000
059788,華新科元大9A購05,0,0,0,0,0,0,0,0,0,-10000,0,0,0,2000,12000,-10000,-10000
062901,台積電元大9B購05,0,0,0,0,0,0,0,0,0,-10000,0,0,0,89000,99000,-10000,-10000
059515,牧德永豐99購01  ,0,0,0,0,0,0,0,0,0,-10000,0,0,0,0,10000,-10000,-10000
059636,宏達電凱基99購05,0,0,0,0,0,0,0,0,0,-10000,0,0,0,0,10000,-10000,-10000
059627,旺宏凱基99購10  ,0,0,0,0,0,0,0,0,0,-10000,0,0,0,0,10000,-10000,-10000
059597,大立光元大99購21,0,0,0,0,0,0,0,0,0,-10000,0,0,0,0,10000,-10000,-10000
059624,鴻海凱基01購01  ,0,0,0,0,0,0,0,0,0,-10000,0,0,0,0,10000,-10000,-10000
059559,T50反1凱基99購07,0,0,0,0,0,0,0,0,0,-10000,0,0,0,1000,11000,-10000,-10000
05957P,友達國票97售04  ,0,0,0,0,0,0,0,0,0,-10000,0,0,0,0,10000,-10000,-10000
059569,旺宏凱基99購09  ,0,0,0,0,0,0,0,0,0,-10000,0,0,0,0,10000,-10000,-10000
059875,信邦凱基99購02  ,0,0,0,0,0,0,0,0,0,-10000,0,0,0,0,10000,-10000,-10000
059901,滬深2X元大9C購07,0,0,0,0,0,0,0,0,0,-10000,0,0,0,0,10000,-10000,-10000
059935,國巨永豐99購07  ,0,0,0,0,0,0,0,0,0,-10000,0,0,0,0,10000,-10000,-10000
059933,台灣50永豐99購11,0,0,0,0,0,0,0,0,0,-10000,0,0,0,0,10000,-10000,-10000
059467,旺宏元大99購15  ,0,0,0,0,0,0,0,0,0,-10000,0,0,0,0,10000,-10000,-10000
059359,精元永豐99購01  ,0,0,0,0,0,0,0,0,0,-10000,0,0,0,0,10000,-10000,-10000
059966,台積電凱基99購19,0,0,0,0,0,0,0,0,0,-10000,0,0,0,0,10000,-10000,-10000
059973,A50正2元大99購02,0,0,0,0,0,0,0,0,0,-10000,0,0,0,0,10000,-10000,-10000
059995,南亞科元富99購01,0,0,0,0,0,0,0,0,0,-10000,0,0,0,0,10000,-10000,-10000
063868,嘉晶永豐9C購01  ,0,0,0,0,0,0,0,0,0,-10000,0,0,0,0,10000,-10000,-10000
063827,國巨國票02購01  ,0,0,0,0,0,0,0,0,0,-10000,0,0,0,42000,52000,-10000,-10000
063884,台表科元富03購01,0,0,0,0,0,0,0,0,0,-10000,0,0,0,0,10000,-10000,-10000
063903,國巨麥證01購01  ,0,0,0,0,10000,-10000,0,0,0,-10000,0,0,0,0,10000,-10000,-10000
063562,國巨元大9C購06  ,0,0,0,0,0,0,0,0,0,-10000,0,0,0,0,10000,-10000,-10000
063719,T50反1元大9B購11,0,0,0,0,0,0,0,0,0,-10000,0,0,0,0,10000,-10000,-10000
063716,旺宏兆豐9B購01  ,0,0,0,0,0,0,0,0,0,-10000,0,0,0,0,10000,-10000,-10000
064063,健策國泰01購02  ,0,0,0,0,0,0,0,0,0,-10000,0,0,0,1000,11000,-10000,-10000
064057,緯穎統一02購01  ,0,0,0,0,0,0,0,0,0,-10000,0,0,0,10000,20000,-10000,-10000
064017,道瓊反元大9C購03,0,0,0,0,0,0,0,0,0,-10000,0,0,0,0,10000,-10000,-10000
064620,大立光元大01購03,0,0,0,0,0,0,0,0,0,-10000,0,0,0,0,10000,-10000,-10000
064647,致伸凱基9C購01  ,0,0,0,0,0,0,0,0,0,-10000,0,0,0,0,10000,-10000,-10000
064783,貿聯群益9C購03  ,0,0,0,0,0,0,0,0,0,-10000,0,0,0,0,10000,-10000,-10000
064871,緯穎永豐9C購03  ,0,0,0,0,0,0,0,0,0,-10000,0,0,0,0,10000,-10000,-10000
064304,信邦兆豐01購01  ,0,0,0,0,0,0,0,0,0,-10000,0,0,0,0,10000,-10000,-10000
064308,國巨群益9C購09  ,0,0,0,0,0,0,0,0,0,-10000,0,0,0,2000,12000,-10000,-10000
064404,奇力新凱基02購01,0,0,0,0,0,0,0,0,0,-10000,0,0,0,0,10000,-10000,-10000
064559,旺宏群益01購02  ,0,0,0,0,0,0,0,0,0,-10000,0,0,0,0,10000,-10000,-10000
064556,華通群益02購02  ,0,0,0,0,0,0,0,0,0,-10000,0,0,0,0,10000,-10000,-10000
065370,瑞昱元大9C購02  ,0,0,0,0,0,0,0,0,0,-10000,0,0,0,0,10000,-10000,-10000
06533P,上証2X中信9B售01,0,0,0,0,0,0,0,0,0,-10000,0,0,0,0,10000,-10000,-10000
065248,聯發科麥證9C購03,0,0,0,0,10000,-10000,0,0,0,-10000,0,0,0,0,10000,-10000,-10000
065242,巨大凱基01購02  ,0,0,0,0,0,0,0,0,0,-10000,0,0,0,57000,67000,-10000,-10000
065535,健鼎統一02購03  ,0,0,0,0,0,0,0,0,0,-10000,0,0,0,40000,50000,-10000,-10000
065501,旭富富邦9C購01  ,0,0,0,0,0,0,0,0,0,-10000,0,0,0,0,10000,-10000,-10000
065440,台積電麥證9C購02,0,0,0,0,10000,-10000,0,0,0,-10000,0,0,0,0,10000,-10000,-10000
065488,臺股指元大9C購26,0,0,0,0,0,0,0,0,0,-10000,0,0,0,0,10000,-10000,-10000
065122,電子類富邦9C購01,0,0,0,0,0,0,0,0,0,-10000,0,0,0,0,10000,-10000,-10000
065092,健鼎元大9C購02  ,0,0,0,0,0,0,0,0,0,-10000,0,0,0,0,10000,-10000,-10000
064955,健策凱基9C購03  ,0,0,0,0,0,0,0,0,0,-10000,0,0,0,11000,21000,-10000,-10000
064991,友達兆豐9C購01  ,0,0,0,0,0,0,0,0,0,-10000,0,0,0,0,10000,-10000,-10000
066025,宏達電群益01購01,0,0,0,0,0,0,0,0,0,-10000,0,0,0,1000,11000,-10000,-10000
065993,立積永豐01購02  ,0,0,0,0,0,0,0,0,0,-10000,0,0,0,0,10000,-10000,-10000
065954,大立光統一03購01,0,0,0,0,0,0,0,0,0,-10000,0,0,0,0,10000,-10000,-10000
06589P,台積電元大98售12,0,0,0,0,0,0,0,0,0,-10000,0,0,0,0,10000,-10000,-10000
066074,文曄凱基01購01  ,0,0,0,0,0,0,0,0,0,-10000,0,0,0,50000,60000,-10000,-10000
066039,台積電元大01購08,0,0,0,0,0,0,0,0,0,-10000,0,0,0,138000,148000,-10000,-10000
06613P,華新科富邦9A售03,0,0,0,0,0,0,0,0,0,-10000,0,0,0,0,10000,-10000,-10000
065629,台積電國票01購04,0,0,0,0,0,0,0,0,0,-10000,0,0,0,22000,32000,-10000,-10000
065623,瑞昱中信04購01  ,0,0,0,0,0,0,0,0,0,-10000,0,0,0,32000,42000,-10000,-10000
06582P,可成凱基98售06  ,0,0,0,0,0,0,0,0,0,-10000,0,0,0,0,10000,-10000,-10000
3501,維熹            ,8000,13000,-5000,0,0,0,0,0,0,-5000,0,5000,-5000,0,0,0,-10000
4994,傳奇            ,9000,14000,-5000,0,0,0,0,0,0,-5000,0,4000,-4000,0,1000,-1000,-10000
2509,全坤建          ,4000,12000,-8000,0,0,0,0,0,0,-2000,0,2000,-2000,0,0,0,-10000
08552P,華新科群益9C售04,0,0,0,0,0,0,0,0,0,-11000,0,0,0,0,11000,-11000,-11000
08442P,臺股指麥證01售01,0,0,0,9000,20000,-11000,0,0,0,-11000,0,0,0,9000,20000,-11000,-11000
08836P,滬深2X國票02售04,0,0,0,0,0,0,0,0,0,-11000,0,0,0,0,11000,-11000,-11000
1437,勤益控          ,4000,14000,-10000,0,0,0,0,0,0,-1000,0,1000,-1000,0,0,0,-11000
08081P,台灣50元大9B售20,0,0,0,0,0,0,0,0,0,-11000,0,0,0,5000,16000,-11000,-11000
08235P,南電國泰9C售03  ,0,0,0,0,0,0,0,0,0,-11000,0,0,0,9000,20000,-11000,-11000
07890P,南電國票9B售01  ,0,0,0,0,0,0,0,0,0,-11000,0,0,0,18000,29000,-11000,-11000
066376,聯詠兆豐01購01  ,0,0,0,0,0,0,0,0,0,-11000,0,0,0,11000,22000,-11000,-11000
066291,惠特元大01購01  ,0,0,0,0,0,0,0,0,0,-11000,0,0,0,131000,142000,-11000,-11000
066600,瀚宇博國泰03購01,0,0,0,0,0,0,0,0,0,-11000,0,0,0,68000,79000,-11000,-11000
06925P,致茂群益9A售02  ,0,0,0,0,0,0,0,0,0,-11000,0,0,0,0,11000,-11000,-11000
067162,康控國票02購01  ,0,0,0,0,0,0,0,0,0,-11000,0,0,0,35000,46000,-11000,-11000
056986,超眾群益98購03  ,0,0,0,0,0,0,0,0,0,-11000,0,0,0,172000,183000,-11000,-11000
054735,漢唐凱基98購01  ,0,0,0,0,0,0,0,0,0,-11000,0,0,0,19000,30000,-11000,-11000
056709,華通永豐98購01  ,0,0,0,0,0,0,0,0,0,-11000,0,0,0,0,11000,-11000,-11000
053088,奇鋐元大98購01  ,0,0,0,0,0,0,0,0,0,-11000,0,0,0,67000,78000,-11000,-11000
048105,滬深2X群益99購02,0,0,0,0,0,0,0,0,0,-11000,0,0,0,10000,21000,-11000,-11000
04142P,元油反凱基99售01,0,0,0,0,0,0,0,0,0,-11000,0,0,0,0,11000,-11000,-11000
00663L,國泰臺灣加權正2 ,0,4000,-4000,0,0,0,0,0,0,-7000,0,0,0,3000,10000,-7000,-11000
00685L,群益臺灣加權正2 ,0,0,0,0,0,0,0,0,0,-11000,0,0,0,112000,123000,-11000,-11000
056260,鴻海統一98購07  ,0,0,0,0,0,0,0,0,0,-11000,0,0,0,0,11000,-11000,-11000
058158,台積電台新99購01,0,0,0,0,0,0,0,0,0,-11000,0,0,0,21000,32000,-11000,-11000
061601,台積電凱基9A購26,0,0,0,0,0,0,0,0,0,-11000,0,0,0,2000,13000,-11000,-11000
061613,南六統一9C購01  ,0,0,0,0,0,0,0,0,0,-11000,0,0,0,4000,15000,-11000,-11000
061595,智易永豐9A購02  ,0,0,0,0,0,0,0,0,0,-11000,0,0,0,0,11000,-11000,-11000
060013,S&P正2康和99購01,0,0,0,0,0,0,0,0,0,-11000,0,0,0,0,11000,-11000,-11000
062040,玉晶光凱基01購01,0,0,0,0,0,0,0,0,0,-11000,0,0,0,3000,14000,-11000,-11000
05855P,滬深2X中信9C售01,0,0,0,0,0,0,0,0,0,-11000,0,0,0,0,11000,-11000,-11000
059924,世紀鋼元大99購06,0,0,0,0,0,0,0,0,0,-11000,0,0,0,44000,55000,-11000,-11000
059907,道瓊指元大99購03,0,0,0,0,0,0,0,0,0,-11000,0,0,0,0,11000,-11000,-11000
059660,華新科元大9A購04,0,0,0,0,0,0,0,0,0,-11000,0,0,0,11000,22000,-11000,-11000
061808,聯發科統一01購02,0,0,0,0,0,0,0,0,0,-11000,0,0,0,12000,23000,-11000,-11000
062448,健策元大9C購04  ,0,0,0,0,0,0,0,0,0,-11000,0,0,0,0,11000,-11000,-11000
060065,大立光兆豐9B購01,0,0,0,0,0,0,0,0,0,-11000,0,0,0,0,11000,-11000,-11000
06352P,臺股指富邦99售02,0,0,0,0,0,0,0,0,0,-11000,0,0,0,5000,16000,-11000,-11000
063459,華通元大9B購08  ,0,0,0,0,0,0,0,0,0,-11000,0,0,0,1000,12000,-11000,-11000
061552,南六群益9A購02  ,0,0,0,0,0,0,0,0,0,-11000,0,0,0,0,11000,-11000,-11000
063119,華通元大9B購07  ,0,0,0,0,0,0,0,0,0,-11000,0,0,0,0,11000,-11000,-11000
063128,智伸科元大9B購01,0,0,0,0,0,0,0,0,0,-11000,0,0,0,0,11000,-11000,-11000
061376,瑞昱永豐9A購02  ,0,0,0,0,0,0,0,0,0,-11000,0,0,0,10000,21000,-11000,-11000
061296,台積電國泰9C購01,0,0,0,0,0,0,0,0,0,-11000,0,0,0,64000,75000,-11000,-11000
06556P,臺股指元大99售08,0,0,0,0,0,0,0,0,0,-11000,0,0,0,30000,41000,-11000,-11000
066150,國巨麥證01購02  ,0,0,0,0,11000,-11000,0,0,0,-11000,0,0,0,0,11000,-11000,-11000
065880,訊芯群益9C購01  ,0,0,0,0,0,0,0,0,0,-11000,0,0,0,1000,12000,-11000,-11000
065061,聯發科群益9C購08,0,0,0,0,0,0,0,0,0,-11000,0,0,0,0,11000,-11000,-11000
065436,力成凱基02購01  ,0,0,0,0,0,0,0,0,0,-11000,0,0,0,0,11000,-11000,-11000
06527P,T50正2富邦9C售01,0,0,0,0,0,0,0,0,0,-11000,0,0,0,0,11000,-11000,-11000
065323,聯發科凱基9C購09,0,0,0,0,0,0,0,0,0,-11000,0,0,0,10000,21000,-11000,-11000
064566,大立光群益9C購04,0,0,0,0,0,0,0,0,0,-11000,0,0,0,0,11000,-11000,-11000
064564,義隆群益9C購02  ,0,0,0,0,0,0,0,0,0,-11000,0,0,0,3000,14000,-11000,-11000
064517,國巨群益02購01  ,0,0,0,0,0,0,0,0,0,-11000,0,0,0,11000,22000,-11000,-11000
064062,創意國泰01購01  ,0,0,0,0,0,0,0,0,0,-11000,0,0,0,0,11000,-11000,-11000
063988,華通永豐9C購01  ,0,0,0,0,0,0,0,0,0,-11000,0,0,0,0,11000,-11000,-11000
064208,智邦凱基02購01  ,0,0,0,0,0,0,0,0,0,-11000,0,0,0,13000,24000,-11000,-11000
064136,致新元大9C購01  ,0,0,0,0,0,0,0,0,0,-11000,0,0,0,0,11000,-11000,-11000
063691,聯鈞永豐9B購01  ,0,0,0,0,0,0,0,0,0,-11000,0,0,0,22000,33000,-11000,-11000
063563,國巨元大9C購07  ,0,0,0,0,0,0,0,0,0,-11000,0,0,0,0,11000,-11000,-11000
063799,華邦電凱基9C購02,0,0,0,0,0,0,0,0,0,-11000,0,0,0,0,11000,-11000,-11000
2642,宅配通          ,34000,40000,-6000,0,0,0,0,0,0,-5000,1000,6000,-5000,0,0,0,-11000
2459,敦吉            ,12000,20000,-8000,0,0,0,0,0,0,-3000,0,3000,-3000,0,0,0,-11000
1773,勝一            ,68000,79000,-11000,0,0,0,0,0,0,0,1000,1000,0,0,0,0,-11000
2358,廷鑫            ,18000,24000,-6000,0,0,0,0,0,0,-5000,0,5000,-5000,0,0,0,-11000
4755,三福化          ,6000,15000,-9000,0,0,0,0,0,0,-2000,0,2000,-2000,0,0,0,-11000
5546,永固-KY         ,6000,17000,-11000,0,0,0,0,0,0,0,0,0,0,0,0,0,-11000
067389,聯發科元富07購04,0,0,0,0,0,0,0,0,0,-12000,0,0,0,0,12000,-12000,-12000
067024,旺宏兆豐03購01  ,0,0,0,0,0,0,0,0,0,-12000,0,0,0,0,12000,-12000,-12000
066364,可成中信03購01  ,0,0,0,0,0,0,0,0,0,-12000,0,0,0,2000,14000,-12000,-12000
066271,東森元大01購01  ,0,0,0,0,0,0,0,0,0,-12000,0,0,0,114000,126000,-12000,-12000
1506,正道            ,26000,38000,-12000,0,0,0,0,0,0,0,0,0,0,0,0,0,-12000
08528P,台勝科元大9C售02,0,0,0,0,0,0,0,0,0,-12000,0,0,0,4000,16000,-12000,-12000
08373P,大立光凱基01售05,0,0,0,0,0,0,0,0,0,-12000,0,0,0,0,12000,-12000,-12000
08596P,聯發科國泰02售02,0,0,0,0,0,0,0,0,0,-12000,0,0,0,136000,148000,-12000,-12000
059241,旺宏凱基99購07  ,0,0,0,0,0,0,0,0,0,-12000,0,0,0,25000,37000,-12000,-12000
057189,康控元大98購02  ,0,0,0,0,0,0,0,0,0,-12000,0,0,0,38000,50000,-12000,-12000
058511,華新科元大9B購01,0,0,0,0,0,0,0,0,0,-12000,0,0,0,0,12000,-12000,-12000
057455,景碩國泰99購01  ,0,0,0,0,0,0,0,0,0,-12000,0,0,0,12000,24000,-12000,-12000
057444,台泥元富98購01  ,0,0,0,0,0,0,0,0,0,-12000,0,0,0,48000,60000,-12000,-12000
057411,臺股指群益99購05,0,0,0,0,0,0,0,0,0,-12000,0,0,0,0,12000,-12000,-12000
057056,立積元大99購02  ,0,0,0,0,0,0,0,0,0,-12000,0,0,0,0,12000,-12000,-12000
058476,旺宏凱基9A購01  ,0,0,0,0,0,0,0,0,0,-12000,0,0,0,0,12000,-12000,-12000
061941,道瓊指群益9B購01,0,0,0,0,0,0,0,0,0,-12000,0,0,0,0,12000,-12000,-12000
061975,華通元大9B購01  ,0,0,0,0,0,0,0,0,0,-12000,0,0,0,0,12000,-12000,-12000
061816,長榮航群益9B購02,0,0,0,0,0,0,0,0,0,-12000,0,0,0,0,12000,-12000,-12000
062209,台積電台新9B購05,0,0,0,0,0,0,0,0,0,-12000,0,0,0,1000,13000,-12000,-12000
058939,台積電中信9B購01,0,0,0,0,0,0,0,0,0,-12000,0,0,0,0,12000,-12000,-12000
055570,華通統一98購03  ,0,0,0,0,0,0,0,0,0,-12000,0,0,0,18000,30000,-12000,-12000
055477,同欣電凱基98購01,0,0,0,0,0,0,0,0,0,-12000,0,0,0,0,12000,-12000,-12000
056276,同欣電國泰98購01,0,0,0,0,0,0,0,0,0,-12000,0,0,0,129000,141000,-12000,-12000
056011,矽力中信99購01  ,0,0,0,0,0,0,0,0,0,-12000,0,0,0,0,12000,-12000,-12000
00763U,街口道瓊銅      ,0,0,0,0,0,0,0,0,0,-12000,0,0,0,15000,27000,-12000,-12000
061054,台積電群益9A購04,0,0,0,0,0,0,0,0,0,-12000,0,0,0,2000,14000,-12000,-12000
060427,聯茂永豐9A購01  ,0,0,0,0,0,0,0,0,0,-12000,0,0,0,88000,100000,-12000,-12000
060730,台積電群益9A購03,0,0,0,0,0,0,0,0,0,-12000,0,0,0,2000,14000,-12000,-12000
060734,華通統一9C購01  ,0,0,0,0,0,0,0,0,0,-12000,0,0,0,0,12000,-12000,-12000
063053,聯發科統一01購04,0,0,0,0,0,0,0,0,0,-12000,0,0,0,19000,31000,-12000,-12000
063055,創意統一9B購02  ,0,0,0,0,0,0,0,0,0,-12000,0,0,0,0,12000,-12000,-12000
062920,康友元大9B購01  ,0,0,0,0,0,0,0,0,0,-12000,0,0,0,6000,18000,-12000,-12000
061499,嘉晶國票9A購03  ,0,0,0,0,0,0,0,0,0,-12000,0,0,0,6000,18000,-12000,-12000
063515,香港2X凱基01購01,0,0,0,0,0,0,0,0,0,-12000,0,0,0,13000,25000,-12000,-12000
063227,祥碩群益9B購06  ,0,0,0,0,0,0,0,0,0,-12000,0,0,0,0,12000,-12000,-12000
063273,緯穎兆豐9C購01  ,0,0,0,0,0,0,0,0,0,-12000,0,0,0,10000,22000,-12000,-12000
060911,大毅元大9A購01  ,0,0,0,0,0,0,0,0,0,-12000,0,0,0,8000,20000,-12000,-12000
062134,國巨群益9B購04  ,0,0,0,0,0,0,0,0,0,-12000,0,0,0,0,12000,-12000,-12000
059334,A50正2國票9A購02,0,0,0,0,0,0,0,0,0,-12000,0,0,0,6000,18000,-12000,-12000
062794,鴻海統一9C購15  ,0,0,0,0,0,0,0,0,0,-12000,0,0,0,151000,163000,-12000,-12000
062823,台表科兆豐9B購01,0,0,0,0,0,0,0,0,0,-12000,0,0,0,5000,17000,-12000,-12000
062658,聯茂第一9B購01  ,0,0,0,0,0,0,0,0,0,-12000,0,0,0,40000,52000,-12000,-12000
065325,亞光凱基9C購01  ,0,0,0,0,0,0,0,0,0,-12000,0,0,0,5000,17000,-12000,-12000
065266,創意元大9C購05  ,0,0,0,0,0,0,0,0,0,-12000,0,0,0,0,12000,-12000,-12000
064923,牧德統一02購01  ,0,0,0,0,0,0,0,0,0,-12000,0,0,0,0,12000,-12000,-12000
065202,南電元富06購01  ,0,0,0,0,0,0,0,0,0,-12000,0,0,0,583000,595000,-12000,-12000
065889,鴻海統一03購02  ,0,0,0,0,0,0,0,0,0,-12000,0,0,0,0,12000,-12000,-12000
065921,GIS凱基01購02   ,0,0,0,0,0,0,0,0,0,-12000,0,0,0,80000,92000,-12000,-12000
065976,牧德元大02購02  ,0,0,0,0,0,0,0,0,0,-12000,0,0,0,0,12000,-12000,-12000
066044,京元電元大01購01,0,0,0,0,0,0,0,0,0,-12000,0,0,0,258000,270000,-12000,-12000
065622,鴻海中信06購01  ,0,0,0,0,0,0,0,0,0,-12000,0,0,0,2000,14000,-12000,-12000
2443,億麗            ,22000,34000,-12000,0,0,0,0,0,0,0,0,0,0,0,0,0,-12000
8497,格威傳媒        ,0,12000,-12000,0,0,0,0,0,0,0,0,0,0,0,0,0,-12000
910861,神州-DR         ,2000,14000,-12000,0,0,0,0,0,0,0,0,0,0,0,0,0,-12000
9188,精熙-DR         ,18000,30000,-12000,0,0,0,0,0,0,0,0,0,0,0,0,0,-12000
07891P,臺股指國票9B售01,0,0,0,0,0,0,0,0,0,-13000,0,0,0,45000,58000,-13000,-13000
07617P,聯發科中信9C售04,0,0,0,0,0,0,0,0,0,-13000,0,0,0,0,13000,-13000,-13000
08189P,超眾群益9B售04  ,0,0,0,0,0,0,0,0,0,-13000,0,0,0,37000,50000,-13000,-13000
08104P,晶技元大9B售06  ,0,0,0,0,0,0,0,0,0,-13000,0,0,0,50000,63000,-13000,-13000
07968P,國巨元大9B售09  ,0,0,0,0,0,0,0,0,0,-13000,0,0,0,0,13000,-13000,-13000
066608,國巨麥證01購03  ,0,0,0,0,13000,-13000,0,0,0,-13000,0,0,0,0,13000,-13000,-13000
066655,上証2X凱基03購03,0,0,0,0,0,0,0,0,0,-13000,0,0,0,0,13000,-13000,-13000
066657,滬深2X凱基04購01,0,0,0,0,0,0,0,0,0,-13000,0,0,0,2000,15000,-13000,-13000
066648,可成麥證01購01  ,0,0,0,2000,13000,-11000,0,0,0,-13000,0,0,0,2000,15000,-13000,-13000
067007,拓凱永豐01購02  ,0,0,0,0,0,0,0,0,0,-13000,0,0,0,3000,16000,-13000,-13000
067125,健策富邦03購01  ,0,0,0,0,0,0,0,0,0,-13000,0,0,0,0,13000,-13000,-13000
062147,大毅國票9B購02  ,0,0,0,0,0,0,0,0,0,-13000,0,0,0,0,13000,-13000,-13000
061914,台光電中信9B購01,0,0,0,0,0,0,0,0,0,-13000,0,0,0,0,13000,-13000,-13000
057774,台光電群益99購02,0,0,0,0,0,0,0,0,0,-13000,0,0,0,25000,38000,-13000,-13000
057887,智原群益98購04  ,0,0,0,0,0,0,0,0,0,-13000,0,0,0,0,13000,-13000,-13000
058692,華邦電國票9B購01,0,0,0,0,0,0,0,0,0,-13000,0,0,0,50000,63000,-13000,-13000
059156,台灣50凱基01購03,0,0,0,0,0,0,0,0,0,-13000,0,0,0,47000,60000,-13000,-13000
058273,同欣電永豐99購01,0,0,0,0,0,0,0,0,0,-13000,0,0,0,150000,163000,-13000,-13000
062546,新日興永豐9B購01,0,0,0,0,0,0,0,0,0,-13000,0,0,0,0,13000,-13000,-13000
059296,大立光元富99購06,0,0,0,0,0,0,0,0,0,-13000,0,0,0,2000,15000,-13000,-13000
062728,健策凱基9B購04  ,0,0,0,0,0,0,0,0,0,-13000,0,0,0,12000,25000,-13000,-13000
059640,聯詠凱基99購04  ,0,0,0,0,0,0,0,0,0,-13000,0,0,0,0,13000,-13000,-13000
059756,奇力新富邦9C購01,0,0,0,0,0,0,0,0,0,-13000,0,0,0,0,13000,-13000,-13000
062898,華通元大9B購05  ,0,0,0,0,0,0,0,0,0,-13000,0,0,0,4000,17000,-13000,-13000
061655,微星國票9A購01  ,0,0,0,0,0,0,0,0,0,-13000,0,0,0,2000,15000,-13000,-13000
063245,富邦金元大9B購03,0,0,0,0,0,0,0,0,0,-13000,0,0,0,37000,50000,-13000,-13000
061443,大立光統一9C購02,0,0,0,0,0,0,0,0,0,-13000,0,0,0,0,13000,-13000,-13000
061234,國巨元大9A購18  ,0,0,0,0,0,0,0,0,0,-13000,0,0,0,62000,75000,-13000,-13000
063082,瑞昱凱基9B購04  ,0,0,0,0,0,0,0,0,0,-13000,0,0,0,27000,40000,-13000,-13000
062990,台積電群益9B購06,0,0,0,0,0,0,0,0,0,-13000,0,0,0,78000,91000,-13000,-13000
061057,華新科國票9A購04,0,0,0,0,0,0,0,0,0,-13000,0,0,0,3000,16000,-13000,-13000
065801,瑞昱群益9C購04  ,0,0,0,0,0,0,0,0,0,-13000,0,0,0,0,13000,-13000,-13000
065754,健鼎元大9C購06  ,0,0,0,0,0,0,0,0,0,-13000,0,0,0,168000,181000,-13000,-13000
066102,國揚國票02購01  ,0,0,0,0,0,0,0,0,0,-13000,0,0,0,67000,80000,-13000,-13000
065104,南茂元大9C購02  ,0,0,0,0,0,0,0,0,0,-13000,0,0,0,83000,96000,-13000,-13000
065286,瑞昱群益9C購03  ,0,0,0,0,0,0,0,0,0,-13000,0,0,0,0,13000,-13000,-13000
063880,可成元富9C購01  ,0,0,0,0,0,0,0,0,0,-13000,0,0,0,17000,30000,-13000,-13000
064149,美律統一02購01  ,0,0,0,0,0,0,0,0,0,-13000,0,0,0,0,13000,-13000,-13000
063994,台光電群益9C購01,0,0,0,0,0,0,0,0,0,-13000,0,0,0,78000,91000,-13000,-13000
063996,貿聯群益9C購01  ,0,0,0,0,0,0,0,0,0,-13000,0,0,0,0,13000,-13000,-13000
064077,台積電中信06購03,0,0,0,0,0,0,0,0,0,-13000,0,0,0,8000,21000,-13000,-13000
064673,南茂元大9C購01  ,0,0,0,0,0,0,0,0,0,-13000,0,0,0,40000,53000,-13000,-13000
2468,華經            ,25000,28000,-3000,0,0,0,0,0,0,-10000,0,10000,-10000,0,0,0,-13000
2471,資通            ,6000,17000,-11000,0,0,0,0,0,0,-2000,1000,3000,-2000,0,0,0,-13000
5007,三星            ,7000,16000,-9000,0,0,0,0,0,0,-4000,0,4000,-4000,0,0,0,-13000
2832,台產            ,9000,12000,-3000,0,0,0,0,0,0,-10000,0,10000,-10000,0,0,0,-13000
066993,世紀鋼群益01購03,0,0,0,0,0,0,0,0,0,-14000,0,0,0,89000,103000,-14000,-14000
066979,國巨群益01購04  ,0,0,0,0,0,0,0,0,0,-14000,0,0,0,2000,16000,-14000,-14000
067224,致新元大01購03  ,0,0,0,0,0,0,0,0,0,-14000,0,0,0,23000,37000,-14000,-14000
067245,康控群益01購03  ,0,0,0,0,0,0,0,0,0,-14000,0,0,0,11000,25000,-14000,-14000
06807P,臺股指群益98售13,0,0,0,0,0,0,0,0,0,-14000,0,0,0,0,14000,-14000,-14000
066525,創意統一03購01  ,0,0,0,0,0,0,0,0,0,-14000,0,0,0,1000,15000,-14000,-14000
066307,華城永豐01購01  ,0,0,0,0,0,0,0,0,0,-14000,0,0,0,321000,335000,-14000,-14000
066298,美利達元大01購02,0,0,0,0,0,0,0,0,0,-14000,0,0,0,4000,18000,-14000,-14000
066239,拓凱富邦02購01  ,0,0,0,0,0,0,0,0,0,-14000,0,0,0,100000,114000,-14000,-14000
066353,台塑化永豐01購01,0,0,0,0,0,0,0,0,0,-14000,0,0,0,9000,23000,-14000,-14000
08076P,國巨群益9C售05  ,0,0,0,0,0,0,0,0,0,-14000,0,0,0,0,14000,-14000,-14000
059116,晶豪科永豐99購01,0,0,0,0,0,0,0,0,0,-14000,0,0,0,27000,41000,-14000,-14000
061985,富邦金元大9B購01,0,0,0,0,0,0,0,0,0,-14000,0,0,0,52000,66000,-14000,-14000
00710B,FH彭博高收益債  ,0,0,0,0,0,0,0,0,0,-14000,0,0,0,104000,118000,-14000,-14000
03450B,臺股指元大9C熊23,0,0,0,0,0,0,0,0,0,-14000,0,0,0,28000,42000,-14000,-14000
052344,台表科凱基98購01,0,0,0,0,0,0,0,0,0,-14000,0,0,0,0,14000,-14000,-14000
055425,聚陽群益99購01  ,0,0,0,0,0,0,0,0,0,-14000,0,0,0,0,14000,-14000,-14000
060851,國巨國泰9C購01  ,0,0,0,0,0,0,0,0,0,-14000,0,0,0,25000,39000,-14000,-14000
060628,和大富邦9B購01  ,0,0,0,0,0,0,0,0,0,-14000,0,0,0,30000,44000,-14000,-14000
063302,國巨凱基9C購05  ,0,0,0,0,0,0,0,0,0,-14000,0,0,0,71000,85000,-14000,-14000
061762,台塑元大9B購01  ,0,0,0,0,0,0,0,0,0,-14000,0,0,0,37000,51000,-14000,-14000
062376,中租元大9B購02  ,0,0,0,0,0,0,0,0,0,-14000,0,0,0,0,14000,-14000,-14000
062355,華通元大9B購03  ,0,0,0,0,0,0,0,0,0,-14000,0,0,0,0,14000,-14000,-14000
062122,國巨統一02購01  ,0,0,0,0,0,0,0,0,0,-14000,0,0,0,1000,15000,-14000,-14000
062071,華通元大9B購02  ,0,0,0,0,0,0,0,0,0,-14000,0,0,0,1000,15000,-14000,-14000
064880,神達兆豐9C購01  ,0,0,0,0,0,0,0,0,0,-14000,0,0,0,50000,64000,-14000,-14000
064908,世紀鋼群益01購02,0,0,0,0,0,0,0,0,0,-14000,0,0,0,111000,125000,-14000,-14000
064846,旺宏元富03購01  ,0,0,0,0,0,0,0,0,0,-14000,0,0,0,10000,24000,-14000,-14000
064822,台達電統一01購03,0,0,0,0,0,0,0,0,0,-14000,0,0,0,105000,119000,-14000,-14000
063729,國巨元大9C購08  ,0,0,0,0,0,0,0,0,0,-14000,0,0,0,37000,51000,-14000,-14000
065386,華通兆豐9C購02  ,0,0,0,0,0,0,0,0,0,-14000,0,0,0,0,14000,-14000,-14000
066164,精元凱基01購01  ,0,0,0,0,0,0,0,0,0,-14000,0,0,0,6000,20000,-14000,-14000
065571,神基群益01購01  ,0,0,0,0,0,0,0,0,0,-14000,0,0,0,19000,33000,-14000,-14000
065702,聯發科群益9C購14,0,0,0,0,0,0,0,0,0,-14000,0,0,0,1000,15000,-14000,-14000
3416,融程電          ,6000,17000,-11000,0,0,0,0,0,0,-3000,0,4000,-4000,1000,0,1000,-14000
2461,光群雷          ,61000,70000,-9000,0,0,0,0,0,0,-5000,3000,8000,-5000,0,0,0,-14000
2328,廣宇            ,335000,327000,8000,0,0,0,0,0,0,-22000,0,22000,-22000,0,0,0,-14000
1817,凱撒衛          ,2000,12000,-10000,0,0,0,0,0,0,-4000,0,4000,-4000,0,0,0,-14000
08123P,台表科國票9C售01,0,0,0,0,0,0,0,0,0,-15000,0,0,0,118000,133000,-15000,-15000
07672P,南電元大9A售05  ,0,0,0,0,0,0,0,0,0,-15000,0,0,0,30000,45000,-15000,-15000
07800P,華新科國泰9B售04,0,0,0,0,0,0,0,0,0,-15000,0,0,0,15000,30000,-15000,-15000
08846P,上証2X群益03售03,0,0,0,0,0,0,0,0,0,-15000,0,0,0,0,15000,-15000,-15000
08780P,聯發科群益02售06,0,0,0,0,0,0,0,0,0,-15000,0,0,0,0,15000,-15000,-15000
066498,康控國泰02購01  ,0,0,0,0,0,0,0,0,0,-15000,0,0,0,32000,47000,-15000,-15000
066602,滬深2X富邦03購01,0,0,0,0,0,0,0,0,0,-15000,0,0,0,0,15000,-15000,-15000
066583,上証2X群益03購01,0,0,0,0,0,0,0,0,0,-15000,0,0,0,0,15000,-15000,-15000
06783P,亞光元大98售03  ,0,0,0,0,0,0,0,0,0,-15000,0,0,0,35000,50000,-15000,-15000
06912P,台光電元大99售02,0,0,0,0,0,0,0,0,0,-15000,0,0,0,15000,30000,-15000,-15000
07040P,台灣50元大9C售02,0,0,0,0,0,0,0,0,0,-15000,0,0,0,0,15000,-15000,-15000
07076P,鴻海凱基9A售08  ,0,0,0,0,0,0,0,0,0,-15000,0,0,0,25000,40000,-15000,-15000
067133,正崴永豐01購01  ,0,0,0,0,0,0,0,0,0,-15000,0,0,0,0,15000,-15000,-15000
067055,上証2X元大01購03,0,0,0,0,0,0,0,0,0,-15000,0,0,0,0,15000,-15000,-15000
055579,健策統一9A購01  ,0,0,0,0,0,0,0,0,0,-15000,0,0,0,10000,25000,-15000,-15000
057977,台光電永豐98購02,0,0,0,0,0,0,0,0,0,-15000,0,0,0,20000,35000,-15000,-15000
056623,禾伸堂永豐98購01,0,0,0,0,0,0,0,0,0,-15000,0,0,0,0,15000,-15000,-15000
052313,聯電元大98購01  ,0,0,0,0,0,0,0,0,0,-15000,0,0,0,47000,62000,-15000,-15000
056763,國巨元大99購02  ,0,0,0,0,0,0,0,0,0,-15000,0,0,0,4000,19000,-15000,-15000
054585,禾伸堂國泰99購01,0,0,0,0,0,0,0,0,0,-15000,0,0,0,0,15000,-15000,-15000
054309,禾伸堂凱基98購01,0,0,0,0,0,0,0,0,0,-15000,0,0,0,25000,40000,-15000,-15000
00709,富邦歐洲        ,0,0,0,0,0,0,0,0,0,-15000,0,0,0,98000,113000,-15000,-15000
00691R,兆豐藍籌30反1   ,0,0,0,0,0,0,0,0,0,-15000,0,0,0,0,15000,-15000,-15000
00733,富邦臺灣中小    ,0,0,0,0,0,0,0,0,0,-15000,0,0,0,214000,229000,-15000,-15000
061818,富邦金群益9C購01,0,0,0,0,0,0,0,0,0,-15000,0,0,0,170000,185000,-15000,-15000
057604,鴻海統一9C購01  ,0,0,0,0,0,0,0,0,0,-15000,0,0,0,4000,19000,-15000,-15000
057780,台郡群益98購02  ,0,0,0,0,0,0,0,0,0,-15000,0,0,0,0,15000,-15000,-15000
057314,全新麥證98購01  ,0,0,0,0,15000,-15000,0,0,0,-15000,0,0,0,0,15000,-15000,-15000
062392,國巨富邦02購01  ,0,0,0,0,0,0,0,0,0,-15000,0,0,0,0,15000,-15000,-15000
059673,玉山金元富99購01,0,0,0,0,0,0,0,0,0,-15000,0,0,0,0,15000,-15000,-15000
059996,美律元富99購01  ,0,0,0,0,0,0,0,0,0,-15000,0,0,0,0,15000,-15000,-15000
062503,玉晶光群益01購03,0,0,0,0,0,0,0,0,0,-15000,0,0,0,2000,17000,-15000,-15000
062568,緯穎中信9C購01  ,0,0,0,0,0,0,0,0,0,-15000,0,0,0,15000,30000,-15000,-15000
060644,泰鼎永豐9A購02  ,0,0,0,0,0,0,0,0,0,-15000,0,0,0,0,15000,-15000,-15000
060471,台勝科元大9B購01,0,0,0,0,0,0,0,0,0,-15000,0,0,0,10000,25000,-15000,-15000
062979,茂林元富9B購01  ,0,0,0,0,0,0,0,0,0,-15000,0,0,0,0,15000,-15000,-15000
065595,鴻海元大9C購15  ,0,0,0,0,0,0,0,0,0,-15000,0,0,0,60000,75000,-15000,-15000
065635,智伸科國票01購02,0,0,0,0,0,0,0,0,0,-15000,0,0,0,0,15000,-15000,-15000
065805,京鼎群益01購01  ,0,0,0,0,0,0,0,0,0,-15000,0,0,0,0,15000,-15000,-15000
065898,神基麥證9C購01  ,0,0,0,51000,66000,-15000,0,0,0,-15000,0,0,0,51000,66000,-15000,-15000
065356,聯發科元富03購06,0,0,0,0,0,0,0,0,0,-15000,0,0,0,66000,81000,-15000,-15000
065267,聯鈞元大9C購02  ,0,0,0,0,0,0,0,0,0,-15000,0,0,0,11000,26000,-15000,-15000
065428,旺宏凱基03購01  ,0,0,0,0,0,0,0,0,0,-15000,0,0,0,0,15000,-15000,-15000
065463,大立光中信01購02,0,0,0,0,0,0,0,0,0,-15000,0,0,0,230000,245000,-15000,-15000
063989,大立光永豐9C購01,0,0,0,0,0,0,0,0,0,-15000,0,0,0,0,15000,-15000,-15000
063981,貿聯兆豐9C購01  ,0,0,0,0,0,0,0,0,0,-15000,0,0,0,4000,19000,-15000,-15000
064128,國產元大9C購01  ,0,0,0,0,0,0,0,0,0,-15000,0,0,0,15000,30000,-15000,-15000
064257,台勝科國泰01購01,0,0,0,0,0,0,0,0,0,-15000,0,0,0,211000,226000,-15000,-15000
06479P,聯發科中信99售02,0,0,0,0,0,0,0,0,0,-15000,0,0,0,0,15000,-15000,-15000
064874,和大兆豐9C購01  ,0,0,0,0,0,0,0,0,0,-15000,0,0,0,0,15000,-15000,-15000
064667,大立光元大02購01,0,0,0,0,0,0,0,0,0,-15000,0,0,0,30000,45000,-15000,-15000
4952,凌通            ,22000,34000,-12000,0,0,0,0,0,0,-3000,2000,5000,-3000,0,0,0,-15000
6024,群益期          ,33000,48000,-15000,0,0,0,0,0,0,0,0,0,0,0,0,0,-15000
066832,健策群益01購08  ,0,0,0,0,0,0,0,0,0,-16000,0,0,0,5000,21000,-16000,-16000
066658,卜蜂凱基01購01  ,0,0,0,0,0,0,0,0,0,-16000,0,0,0,0,16000,-16000,-16000
066330,新興永豐01購01  ,0,0,0,0,0,0,0,0,0,-16000,0,0,0,0,16000,-16000,-16000
07482P,南亞科元富9A售04,0,0,0,0,0,0,0,0,0,-16000,0,0,0,0,16000,-16000,-16000
07371P,滬深2X元大99售07,0,0,0,0,0,0,0,0,0,-16000,0,0,0,0,16000,-16000,-16000
058801,致伸元大99購01  ,0,0,0,0,0,0,0,0,0,-16000,0,0,0,5000,21000,-16000,-16000
057540,緯穎日盛99購01  ,0,0,0,0,0,0,0,0,0,-16000,0,0,0,0,16000,-16000,-16000
057691,健策凱基99購01  ,0,0,0,0,0,0,0,0,0,-16000,0,0,0,13000,29000,-16000,-16000
062149,牧德國票9B購01  ,0,0,0,0,0,0,0,0,0,-16000,0,0,0,0,16000,-16000,-16000
062017,京鼎永豐9B購01  ,0,0,0,0,0,0,0,0,0,-16000,0,0,0,75000,91000,-16000,-16000
061938,大立光國票9B購03,0,0,0,0,0,0,0,0,0,-16000,0,0,0,45000,61000,-16000,-16000
053378,台積電元大98購02,0,0,0,0,0,0,0,0,0,-16000,0,0,0,225000,241000,-16000,-16000
055989,矽力元富9A購01  ,0,0,0,0,0,0,0,0,0,-16000,0,0,0,0,16000,-16000,-16000
060418,中橡永豐9A購01  ,0,0,0,0,0,0,0,0,0,-16000,0,0,0,0,16000,-16000,-16000
063290,GIS元大9B購02   ,0,0,0,0,0,0,0,0,0,-16000,0,0,0,250000,266000,-16000,-16000
062617,京鼎元大9B購01  ,0,0,0,0,0,0,0,0,0,-16000,0,0,0,66000,82000,-16000,-16000
059324,智易元大99購04  ,0,0,0,0,0,0,0,0,0,-16000,0,0,0,0,16000,-16000,-16000
059836,大立光國泰9B購02,0,0,0,0,0,0,0,0,0,-16000,0,0,0,0,16000,-16000,-16000
062088,緯穎元大9B購04  ,0,0,0,0,0,0,0,0,0,-16000,0,0,0,46000,62000,-16000,-16000
060886,國巨統一01購03  ,0,0,0,0,0,0,0,0,0,-16000,0,0,0,12000,28000,-16000,-16000
064670,智伸科元大9C購01,0,0,0,0,0,0,0,0,0,-16000,0,0,0,0,16000,-16000,-16000
064744,創意國票01購02  ,0,0,0,0,0,0,0,0,0,-16000,0,0,0,18000,34000,-16000,-16000
064543,華通凱基02購02  ,0,0,0,0,0,0,0,0,0,-16000,0,0,0,12000,28000,-16000,-16000
064493,南亞科元大9C購01,0,0,0,0,0,0,0,0,0,-16000,0,0,0,70000,86000,-16000,-16000
064416,南亞科中信01購01,0,0,0,0,0,0,0,0,0,-16000,0,0,0,5000,21000,-16000,-16000
064222,玉山金國票01購01,0,0,0,0,0,0,0,0,0,-16000,0,0,0,48000,64000,-16000,-16000
064175,華通國泰02購01  ,0,0,0,0,0,0,0,0,0,-16000,0,0,0,2000,18000,-16000,-16000
063578,瑞祺元大9B購03  ,0,0,0,0,0,0,0,0,0,-16000,0,0,0,36000,52000,-16000,-16000
065413,玉晶光永豐9C購10,0,0,0,0,0,0,0,0,0,-16000,0,0,0,0,16000,-16000,-16000
065322,聯發科凱基01購05,0,0,0,0,0,0,0,0,0,-16000,0,0,0,17000,33000,-16000,-16000
065033,和碩兆豐9C購01  ,0,0,0,0,0,0,0,0,0,-16000,0,0,0,138000,154000,-16000,-16000
066130,燿華群益01購03  ,0,0,0,0,0,0,0,0,0,-16000,0,0,0,0,16000,-16000,-16000
065812,寶成群益9C購02  ,0,0,0,0,0,0,0,0,0,-16000,0,0,0,177000,193000,-16000,-16000
4976,佳凌            ,72000,82000,-10000,0,0,0,0,0,0,-6000,4000,10000,-6000,0,0,0,-16000
2444,兆勁            ,6000,22000,-16000,0,0,0,0,0,0,0,0,0,0,0,0,0,-16000
2430,燦坤            ,7000,8000,-1000,0,0,0,0,0,0,-15000,0,15000,-15000,0,0,0,-16000
9911,櫻花            ,145000,125000,20000,0,0,0,0,33000,-33000,-3000,0,3000,-3000,0,0,0,-16000
6136,富爾特          ,2000,11000,-9000,0,0,0,0,0,0,-7000,0,7000,-7000,0,0,0,-16000
8463,潤泰材          ,11000,25000,-14000,0,0,0,0,0,0,-2000,1000,3000,-2000,0,0,0,-16000
8072,陞泰            ,4000,16000,-12000,0,0,0,0,0,0,-4000,0,4000,-4000,0,0,0,-16000
07505P,台勝科元大9A售01,0,0,0,0,0,0,0,0,0,-17000,0,0,0,15000,32000,-17000,-17000
08256P,台積電元大9C售02,0,0,0,0,0,0,0,0,0,-17000,0,0,0,132000,149000,-17000,-17000
1419,新紡            ,37000,41000,-4000,0,0,0,0,0,0,-13000,0,13000,-13000,0,0,0,-17000
08705P,臺股指群益01售02,0,0,0,0,0,0,0,0,0,-17000,0,0,0,26000,43000,-17000,-17000
066336,聯陽永豐01購01  ,0,0,0,0,0,0,0,0,0,-17000,0,0,0,62000,79000,-17000,-17000
066213,惠特統一03購01  ,0,0,0,0,0,0,0,0,0,-17000,0,0,0,0,17000,-17000,-17000
066675,滬深2X兆豐03購01,0,0,0,0,0,0,0,0,0,-17000,0,0,0,9000,26000,-17000,-17000
066996,拓凱國泰03購02  ,0,0,0,0,0,0,0,0,0,-17000,0,0,0,0,17000,-17000,-17000
06888P,日月光元大98售02,0,0,0,0,0,0,0,0,0,-17000,0,0,0,19000,36000,-17000,-17000
06826P,臺股指國票98售02,0,0,0,0,0,0,0,0,0,-17000,0,0,0,3000,20000,-17000,-17000
067254,華擎國票02購02  ,0,0,0,0,0,0,0,0,0,-17000,0,0,0,0,17000,-17000,-17000
067354,國揚群益01購03  ,0,0,0,0,0,0,0,0,0,-17000,0,0,0,0,17000,-17000,-17000
058036,南電永豐98購01  ,0,0,0,0,0,0,0,0,0,-17000,0,0,0,40000,57000,-17000,-17000
054926,神達凱基98購01  ,0,0,0,0,0,0,0,0,0,-17000,0,0,0,3000,20000,-17000,-17000
00686R,群益臺灣加權反1 ,0,0,0,0,0,0,0,0,0,-17000,0,0,0,18000,35000,-17000,-17000
047004,台積電統一99購01,0,0,0,0,0,0,0,0,0,-17000,0,0,0,0,17000,-17000,-17000
057798,貿聯兆豐99購01  ,0,0,0,0,0,0,0,0,0,-17000,0,0,0,57000,74000,-17000,-17000
059143,國巨國票9A購04  ,0,0,0,0,0,0,0,0,0,-17000,0,0,0,17000,34000,-17000,-17000
062116,元金2X第一9B購01,0,0,0,0,0,0,0,0,0,-17000,0,0,0,5000,22000,-17000,-17000
062285,台勝科群益9B購01,0,0,0,0,0,0,0,0,0,-17000,0,0,0,0,17000,-17000,-17000
06242P,大立光元富9A售02,0,0,0,0,0,0,0,0,0,-17000,0,0,0,10000,27000,-17000,-17000
062776,鴻海元大9B購03  ,0,0,0,0,0,0,0,0,0,-17000,0,0,0,0,17000,-17000,-17000
062545,嘉晶永豐9B購01  ,0,0,0,0,0,0,0,0,0,-17000,0,0,0,51000,68000,-17000,-17000
063267,台表科中信01購02,0,0,0,0,0,0,0,0,0,-17000,0,0,0,3000,20000,-17000,-17000
060867,智伸科永豐9A購01,0,0,0,0,0,0,0,0,0,-17000,0,0,0,0,17000,-17000,-17000
061067,貿聯凱基9A購03  ,0,0,0,0,0,0,0,0,0,-17000,0,0,0,13000,30000,-17000,-17000
062999,聯茂國票9C購01  ,0,0,0,0,0,0,0,0,0,-17000,0,0,0,49000,66000,-17000,-17000
065874,智原群益9C購01  ,0,0,0,0,0,0,0,0,0,-17000,0,0,0,20000,37000,-17000,-17000
066088,漢翔永豐01購01  ,0,0,0,0,0,0,0,0,0,-17000,0,0,0,27000,44000,-17000,-17000
063607,中租凱基9B購02  ,0,0,0,0,0,0,0,0,0,-17000,0,0,0,0,17000,-17000,-17000
063619,聯發科兆豐01購01,0,0,0,0,0,0,0,0,0,-17000,0,0,0,5000,22000,-17000,-17000
064629,和潤元大9C購01  ,0,0,0,0,0,0,0,0,0,-17000,0,0,0,109000,126000,-17000,-17000
2739,寒舍            ,11000,26000,-15000,0,0,0,0,0,0,-2000,1000,3000,-2000,0,0,0,-17000
3296,勝德            ,1000,11000,-10000,0,0,0,0,0,0,-7000,0,7000,-7000,0,0,0,-17000
067204,國巨元大02購02  ,0,0,0,0,0,0,0,0,0,-18000,0,0,0,0,18000,-18000,-18000
066980,台光電群益01購02,0,0,0,0,0,0,0,0,0,-18000,0,0,0,0,18000,-18000,-18000
066960,盛群元大01購01  ,0,0,0,0,0,0,0,0,0,-18000,0,0,0,2000,20000,-18000,-18000
066644,瑞昱麥證01購01  ,0,0,0,5000,23000,-18000,0,0,0,-18000,0,0,0,5000,23000,-18000,-18000
066785,台光電麥證01購01,0,0,0,0,18000,-18000,0,0,0,-18000,0,0,0,0,18000,-18000,-18000
08406P,緯穎元大9C售01  ,0,0,0,0,0,0,0,0,0,-18000,0,0,0,0,18000,-18000,-18000
08328P,國巨國票9C售07  ,0,0,0,0,0,0,0,0,0,-18000,0,0,0,7000,25000,-18000,-18000
058167,鴻海凱基9A購03  ,0,0,0,0,0,0,0,0,0,-18000,0,0,0,3000,21000,-18000,-18000
058703,台積電元大99購16,0,0,0,0,0,0,0,0,0,-18000,0,0,0,2000,20000,-18000,-18000
058290,南電國票9A購01  ,0,0,0,0,0,0,0,0,0,-18000,0,0,0,2000,20000,-18000,-18000
057773,技嘉群益9A購02  ,0,0,0,0,0,0,0,0,0,-18000,0,0,0,65000,83000,-18000,-18000
057924,健策凱基98購02  ,0,0,0,0,0,0,0,0,0,-18000,0,0,0,32000,50000,-18000,-18000
061991,牧德元大9C購01  ,0,0,0,0,0,0,0,0,0,-18000,0,0,0,0,18000,-18000,-18000
061848,國巨國票9B購07  ,0,0,0,0,0,0,0,0,0,-18000,0,0,0,2000,20000,-18000,-18000
056718,GIS永豐98購01   ,0,0,0,0,0,0,0,0,0,-18000,0,0,0,17000,35000,-18000,-18000
056519,創意國票99購01  ,0,0,0,0,0,0,0,0,0,-18000,0,0,0,1000,19000,-18000,-18000
061275,臺股指凱基9A購25,0,0,0,0,0,0,0,0,0,-18000,0,0,0,8000,26000,-18000,-18000
063127,TPK元大9B購02   ,0,0,0,0,0,0,0,0,0,-18000,0,0,0,120000,138000,-18000,-18000
063221,京元電群益9B購02,0,0,0,0,0,0,0,0,0,-18000,0,0,0,0,18000,-18000,-18000
061388,台積電群益9A購05,0,0,0,0,0,0,0,0,0,-18000,0,0,0,107000,125000,-18000,-18000
061516,力成永豐9A購02  ,0,0,0,0,0,0,0,0,0,-18000,0,0,0,0,18000,-18000,-18000
062619,台表科元大9B購03,0,0,0,0,0,0,0,0,0,-18000,0,0,0,2000,20000,-18000,-18000
062626,台積電國票9C購04,0,0,0,0,0,0,0,0,0,-18000,0,0,0,7000,25000,-18000,-18000
062703,可成元大9C購02  ,0,0,0,0,0,0,0,0,0,-18000,0,0,0,5000,23000,-18000,-18000
062695,華通元大9C購01  ,0,0,0,0,0,0,0,0,0,-18000,0,0,0,0,18000,-18000,-18000
059778,上証2X元大9C購03,0,0,0,0,0,0,0,0,0,-18000,0,0,0,0,18000,-18000,-18000
062491,矽創永豐9B購01  ,0,0,0,0,0,0,0,0,0,-18000,0,0,0,95000,113000,-18000,-18000
060251,易華電元大9C購01,0,0,0,0,0,0,0,0,0,-18000,0,0,0,2000,20000,-18000,-18000
060101,大立光元大99購31,0,0,0,0,0,0,0,0,0,-18000,0,0,0,0,18000,-18000,-18000
064897,宏達電群益9C購02,0,0,0,0,0,0,0,0,0,-18000,0,0,0,4000,22000,-18000,-18000
064892,台達電群益9C購02,0,0,0,0,0,0,0,0,0,-18000,0,0,0,10000,28000,-18000,-18000
064760,玉晶光凱基01購02,0,0,0,0,0,0,0,0,0,-18000,0,0,0,58000,76000,-18000,-18000
064285,貿聯元大9C購02  ,0,0,0,0,0,0,0,0,0,-18000,0,0,0,0,18000,-18000,-18000
063797,台積電凱基02購02,0,0,0,0,0,0,0,0,0,-18000,0,0,0,2000,20000,-18000,-18000
064195,晶豪科群益9C購01,0,0,0,0,0,0,0,0,0,-18000,0,0,0,25000,43000,-18000,-18000
064013,創意國票01購01  ,0,0,0,0,0,0,0,0,0,-18000,0,0,0,5000,23000,-18000,-18000
065939,創意群益01購01  ,0,0,0,0,0,0,0,0,0,-18000,0,0,0,56000,74000,-18000,-18000
066000,奇鋐國票02購01  ,0,0,0,0,0,0,0,0,0,-18000,0,0,0,109000,127000,-18000,-18000
065844,南亞科元大9C購09,0,0,0,0,0,0,0,0,0,-18000,0,0,0,79000,97000,-18000,-18000
065063,玉晶光群益02購04,0,0,0,0,0,0,0,0,0,-18000,0,0,0,6000,24000,-18000,-18000
3305,昇貿            ,7000,18000,-11000,0,0,0,0,0,0,-7000,0,7000,-7000,0,0,0,-18000
08355P,智邦元大9C售03  ,0,0,0,0,0,0,0,0,0,-19000,0,0,0,184000,203000,-19000,-19000
08497P,華新科國票01售02,0,0,0,0,0,0,0,0,0,-19000,0,0,0,61000,80000,-19000,-19000
08670P,健策統一01售01  ,0,0,0,0,0,0,0,0,0,-19000,0,0,0,31000,50000,-19000,-19000
1530,亞崴            ,1000,18000,-17000,0,0,0,0,0,0,-2000,0,2000,-2000,0,0,0,-19000
066609,國巨麥證01購04  ,0,0,0,2000,19000,-17000,0,0,0,-19000,0,0,0,2000,21000,-19000,-19000
066484,瑞昱元富07購01  ,0,0,0,0,0,0,0,0,0,-19000,0,0,0,21000,40000,-19000,-19000
058080,台積電群益98購06,0,0,0,0,0,0,0,0,0,-19000,0,0,0,37000,56000,-19000,-19000
050758,聯發科元富9B購01,0,0,0,0,0,0,0,0,0,-19000,0,0,0,1000,20000,-19000,-19000
056954,聯詠富邦9A購01  ,0,0,0,0,0,0,0,0,0,-19000,0,0,0,36000,55000,-19000,-19000
057483,微星元大98購04  ,0,0,0,0,0,0,0,0,0,-19000,0,0,0,1000,20000,-19000,-19000
057451,大立光元富9B購01,0,0,0,0,0,0,0,0,0,-19000,0,0,0,10000,29000,-19000,-19000
058464,矽創兆豐9A購01  ,0,0,0,0,0,0,0,0,0,-19000,0,0,0,6000,25000,-19000,-19000
062261,嘉晶元大9B購02  ,0,0,0,0,0,0,0,0,0,-19000,0,0,0,6000,25000,-19000,-19000
061658,聯茂富邦9A購03  ,0,0,0,0,0,0,0,0,0,-19000,0,0,0,229000,248000,-19000,-19000
059954,華新科康和99購01,0,0,0,0,0,0,0,0,0,-19000,0,0,0,2000,21000,-19000,-19000
061442,玉晶光永豐9A購07,0,0,0,0,0,0,0,0,0,-19000,0,0,0,0,19000,-19000,-19000
063210,百和統一9C購01  ,0,0,0,0,0,0,0,0,0,-19000,0,0,0,0,19000,-19000,-19000
063145,台表科統一02購01,0,0,0,0,0,0,0,0,0,-19000,0,0,0,3000,22000,-19000,-19000
065882,景碩台新9C購03  ,0,0,0,0,0,0,0,0,0,-19000,0,0,0,63000,82000,-19000,-19000
064173,國產元富9C購01  ,0,0,0,0,0,0,0,0,0,-19000,0,0,0,29000,48000,-19000,-19000
064160,新日興統一01購03,0,0,0,0,0,0,0,0,0,-19000,0,0,0,1000,20000,-19000,-19000
064270,華通元大9C購03  ,0,0,0,0,0,0,0,0,0,-19000,0,0,0,3000,22000,-19000,-19000
064369,彩晶統一01購01  ,0,0,0,0,0,0,0,0,0,-19000,0,0,0,0,19000,-19000,-19000
1732,毛寶            ,17000,36000,-19000,0,0,0,0,0,0,0,3000,3000,0,0,0,0,-19000
2395,研華            ,276941,280000,-3059,0,0,0,3000,1000,2000,-18000,1000,18000,-17000,0,1000,-1000,-19059
066520,大立光第一01購01,0,0,0,0,0,0,0,0,0,-20000,0,0,0,0,20000,-20000,-20000
06653P,美食元大98售02  ,0,0,0,0,0,0,0,0,0,-20000,0,0,0,0,20000,-20000,-20000
066191,惠特凱基01購02  ,0,0,0,0,0,0,0,0,0,-20000,0,0,0,0,20000,-20000,-20000
066440,南帝群益01購01  ,0,0,0,0,0,0,0,0,0,-20000,0,0,0,0,20000,-20000,-20000
066816,泰鼎兆豐03購01  ,0,0,0,0,0,0,0,0,0,-20000,0,0,0,0,20000,-20000,-20000
066802,亞光凱基02購01  ,0,0,0,0,0,0,0,0,0,-20000,0,0,0,0,20000,-20000,-20000
066934,宏達電國票02購01,0,0,0,0,0,0,0,0,0,-20000,0,0,0,0,20000,-20000,-20000
067214,聯陽元大01購02  ,0,0,0,0,0,0,0,0,0,-20000,0,0,0,0,20000,-20000,-20000
067318,康控元大01購03  ,0,0,0,0,0,0,0,0,0,-20000,0,0,0,7000,27000,-20000,-20000
067296,A50正2元大01購03,0,0,0,0,0,0,0,0,0,-20000,0,0,0,0,20000,-20000,-20000
06752P,訊芯凱基98售05  ,0,0,0,0,0,0,0,0,0,-20000,0,0,0,0,20000,-20000,-20000
06930P,台積電元大98售19,0,0,0,0,0,0,0,0,0,-20000,0,0,0,0,20000,-20000,-20000
07130P,台郡元大9B售01  ,0,0,0,0,0,0,0,0,0,-20000,0,0,0,0,20000,-20000,-20000
06952P,大立光統一9A售03,0,0,0,0,0,0,0,0,0,-20000,0,0,0,0,20000,-20000,-20000
1708,東鹼            ,30000,55000,-25000,0,0,0,20000,0,20000,-15000,0,15000,-15000,0,0,0,-20000
08591P,台光電凱基9C售02,0,0,0,0,0,0,0,0,0,-20000,0,0,0,0,20000,-20000,-20000
08612P,嘉晶凱基9C售03  ,0,0,0,0,0,0,0,0,0,-20000,0,0,0,10000,30000,-20000,-20000
08549P,大立光元大9C售25,0,0,0,0,0,0,0,0,0,-20000,0,0,0,0,20000,-20000,-20000
08304P,大立光中信02售01,0,0,0,0,0,0,0,0,0,-20000,0,0,0,0,20000,-20000,-20000
08291P,智邦台新9C售02  ,0,0,0,0,0,0,0,0,0,-20000,0,0,0,3000,23000,-20000,-20000
08219P,上銀凱基9B售08  ,0,0,0,0,0,0,0,0,0,-20000,0,0,0,0,20000,-20000,-20000
07575P,瑞昱元大9A售02  ,0,0,0,0,0,0,0,0,0,-20000,0,0,0,0,20000,-20000,-20000
07391P,台灣50國泰02售01,0,0,0,0,0,0,0,0,0,-20000,0,0,0,0,20000,-20000,-20000
07166P,台灣50兆豐03售01,0,0,0,0,0,0,0,0,0,-20000,0,0,0,60000,80000,-20000,-20000
07242P,台灣50凱基9A售03,0,0,0,0,0,0,0,0,0,-20000,0,0,0,0,20000,-20000,-20000
07342P,大立光凱基99售14,0,0,0,0,0,0,0,0,0,-20000,0,0,0,50000,70000,-20000,-20000
07815P,美律群益9A售04  ,0,0,0,0,0,0,0,0,0,-20000,0,0,0,0,20000,-20000,-20000
07884P,華新科凱基9B售08,0,0,0,0,0,0,0,0,0,-20000,0,0,0,0,20000,-20000,-20000
07692P,玉晶光元大9A售11,0,0,0,0,0,0,0,0,0,-20000,0,0,0,0,20000,-20000,-20000
058438,大立光統一9B購01,0,0,0,0,0,0,0,0,0,-20000,0,0,0,0,20000,-20000,-20000
058463,宏達電兆豐99購02,0,0,0,0,0,0,0,0,0,-20000,0,0,0,0,20000,-20000,-20000
058652,SGBR2X中信01購01,0,0,0,0,0,0,0,0,0,-20000,0,0,0,0,20000,-20000,-20000
058658,瑞儀中信99購01  ,0,0,0,0,0,0,0,0,0,-20000,0,0,0,0,20000,-20000,-20000
058196,台塑中信99購01  ,0,0,0,0,0,0,0,0,0,-20000,0,0,0,0,20000,-20000,-20000
057272,台積電元大98購14,0,0,0,0,0,0,0,0,0,-20000,0,0,0,0,20000,-20000,-20000
057268,臻鼎兆豐99購01  ,0,0,0,0,0,0,0,0,0,-20000,0,0,0,0,20000,-20000,-20000
058839,瑞儀中信99購02  ,0,0,0,0,0,0,0,0,0,-20000,0,0,0,0,20000,-20000,-20000
058841,深中小群益01購01,0,0,0,0,0,0,0,0,0,-20000,0,0,0,0,20000,-20000,-20000
057180,華新科元大99購08,0,0,0,0,0,0,0,0,0,-20000,0,0,0,0,20000,-20000,-20000
059246,奇力新凱基9A購02,0,0,0,0,0,0,0,0,0,-20000,0,0,0,0,20000,-20000,-20000
058531,華通元富99購01  ,0,0,0,0,0,0,0,0,0,-20000,0,0,0,0,20000,-20000,-20000
059202,禾聯碩永豐99購01,0,0,0,0,0,0,0,0,0,-20000,0,0,0,20000,40000,-20000,-20000
057539,南茂元大98購02  ,0,0,0,0,0,0,0,0,0,-20000,0,0,0,30000,50000,-20000,-20000
058313,台積電富邦9B購04,0,0,0,0,0,0,0,0,0,-20000,0,0,0,100000,120000,-20000,-20000
057738,旺宏富邦9A購01  ,0,0,0,0,0,0,0,0,0,-20000,0,0,0,0,20000,-20000,-20000
061902,百和永豐9B購01  ,0,0,0,0,0,0,0,0,0,-20000,0,0,0,0,20000,-20000,-20000
05692P,聯發科中信9A售02,0,0,0,0,0,0,0,0,0,-20000,0,0,0,0,20000,-20000,-20000
054758,南亞國票9A購01  ,0,0,0,0,0,0,0,0,0,-20000,0,0,0,0,20000,-20000,-20000
054642,訊芯中信9A購01  ,0,0,0,0,0,0,0,0,0,-20000,0,0,0,0,20000,-20000,-20000
047694,SP黃豆國票9B購01,0,0,0,0,0,0,0,0,0,-20000,0,0,0,0,20000,-20000,-20000
050316,上証2X國票98購01,0,0,0,0,0,0,0,0,0,-20000,0,0,0,0,20000,-20000,-20000
051047,深中小群益99購01,0,0,0,0,0,0,0,0,0,-20000,0,0,0,0,20000,-20000,-20000
053398,和鑫中信99購01  ,0,0,0,0,0,0,0,0,0,-20000,0,0,0,0,20000,-20000,-20000
053342,全新國票99購01  ,0,0,0,0,0,0,0,0,0,-20000,0,0,0,0,20000,-20000,-20000
045837,群創群益98購02  ,0,0,0,0,0,0,0,0,0,-20000,0,0,0,0,20000,-20000,-20000
054259,健策元大97購03  ,0,0,0,0,0,0,0,0,0,-20000,0,0,0,0,20000,-20000,-20000
00771,元大US高息特別股,0,0,0,0,0,0,0,0,0,-20000,0,0,0,8000,28000,-20000,-20000
058091,欣興元大99購03  ,0,0,0,0,0,0,0,0,0,-20000,0,0,0,0,20000,-20000,-20000
058972,新日興永豐9A購01,0,0,0,0,0,0,0,0,0,-20000,0,0,0,10000,30000,-20000,-20000
058134,信邦元大99購01  ,0,0,0,0,0,0,0,0,0,-20000,0,0,0,0,20000,-20000,-20000
058136,景碩元大99購02  ,0,0,0,0,0,0,0,0,0,-20000,0,0,0,6000,26000,-20000,-20000
058035,旭富永豐98購02  ,0,0,0,0,0,0,0,0,0,-20000,0,0,0,10000,30000,-20000,-20000
058012,鈺齊國票99購01  ,0,0,0,0,0,0,0,0,0,-20000,0,0,0,105000,125000,-20000,-20000
058013,SP黃豆凱基9A購01,0,0,0,0,0,0,0,0,0,-20000,0,0,0,0,20000,-20000,-20000
055168,光罩統一98購01  ,0,0,0,0,0,0,0,0,0,-20000,0,0,0,10000,30000,-20000,-20000
055966,茂林元大99購01  ,0,0,0,0,0,0,0,0,0,-20000,0,0,0,40000,60000,-20000,-20000
056669,貿聯國票99購01  ,0,0,0,0,0,0,0,0,0,-20000,0,0,0,0,20000,-20000,-20000
056649,智易凱基98購01  ,0,0,0,0,0,0,0,0,0,-20000,0,0,0,0,20000,-20000,-20000
056263,友訊統一99購01  ,0,0,0,0,0,0,0,0,0,-20000,0,0,0,0,20000,-20000,-20000
056253,京鼎兆豐98購01  ,0,0,0,0,0,0,0,0,0,-20000,0,0,0,0,20000,-20000,-20000
056156,禾伸堂凱基98購04,0,0,0,0,0,0,0,0,0,-20000,0,0,0,0,20000,-20000,-20000
063184,台光電凱基9B購03,0,0,0,0,0,0,0,0,0,-20000,0,0,0,5000,25000,-20000,-20000
063115,台積電麥證9B購02,0,0,0,11000,30000,-19000,0,0,0,-20000,0,0,0,11000,31000,-20000,-20000
063086,祥碩凱基9C購01  ,0,0,0,0,0,0,0,0,0,-20000,0,0,0,0,20000,-20000,-20000
061719,緯穎凱基9A購06  ,0,0,0,0,0,0,0,0,0,-20000,0,0,0,0,20000,-20000,-20000
063260,信邦富邦9B購01  ,0,0,0,0,0,0,0,0,0,-20000,0,0,0,20000,40000,-20000,-20000
063298,統一凱基9B購01  ,0,0,0,0,0,0,0,0,0,-20000,0,0,0,61000,81000,-20000,-20000
063279,國巨元大9C購05  ,0,0,0,0,0,0,0,0,0,-20000,0,0,0,0,20000,-20000,-20000
063325,SP黃豆國票9C購02,0,0,0,0,0,0,0,0,0,-20000,0,0,0,0,20000,-20000,-20000
063482,緯穎元大9B購09  ,0,0,0,0,0,0,0,0,0,-20000,0,0,0,5000,25000,-20000,-20000
063533,緯穎凱基9B購06  ,0,0,0,0,0,0,0,0,0,-20000,0,0,0,0,20000,-20000,-20000
060422,台勝科永豐9A購01,0,0,0,0,0,0,0,0,0,-20000,0,0,0,0,20000,-20000,-20000
060444,滬深2X元大9A購04,0,0,0,0,0,0,0,0,0,-20000,0,0,0,0,20000,-20000,-20000
060741,滬深2X國票9A購05,0,0,0,0,0,0,0,0,0,-20000,0,0,0,0,20000,-20000,-20000
062991,台光電群益9B購03,0,0,0,0,0,0,0,0,0,-20000,0,0,0,0,20000,-20000,-20000
060281,卜蜂元大9C購01  ,0,0,0,0,0,0,0,0,0,-20000,0,0,0,0,20000,-20000,-20000
059506,滬深2X永豐99購04,0,0,0,0,0,0,0,0,0,-20000,0,0,0,0,20000,-20000,-20000
063062,群創元富9B購01  ,0,0,0,0,0,0,0,0,0,-20000,0,0,0,0,20000,-20000,-20000
063030,華通凱基9B購03  ,0,0,0,0,0,0,0,0,0,-20000,0,0,0,0,20000,-20000,-20000
060511,群創元大9B購08  ,0,0,0,0,0,0,0,0,0,-20000,0,0,0,5000,25000,-20000,-20000
060656,國巨統一9C購03  ,0,0,0,0,0,0,0,0,0,-20000,0,0,0,0,20000,-20000,-20000
060670,臺指反元大01購03,0,0,0,0,0,0,0,0,0,-20000,0,0,0,0,20000,-20000,-20000
059943,信邦永豐99購01  ,0,0,0,0,0,0,0,0,0,-20000,0,0,0,0,20000,-20000,-20000
059908,元金2X元大99購01,0,0,0,0,0,0,0,0,0,-20000,0,0,0,0,20000,-20000,-20000
059876,智易凱基99購02  ,0,0,0,0,0,0,0,0,0,-20000,0,0,0,0,20000,-20000,-20000
059424,SGBR2X元大9A購01,0,0,0,0,0,0,0,0,0,-20000,0,0,0,9000,29000,-20000,-20000
059823,奇力新凱基99購07,0,0,0,0,0,0,0,0,0,-20000,0,0,0,0,20000,-20000,-20000
059712,滬深2X元大9C購03,0,0,0,0,0,0,0,0,0,-20000,0,0,0,0,20000,-20000,-20000
062910,亞光元大9B購01  ,0,0,0,0,0,0,0,0,0,-20000,0,0,0,60000,80000,-20000,-20000
059571,奇力新凱基99購06,0,0,0,0,0,0,0,0,0,-20000,0,0,0,0,20000,-20000,-20000
062645,國巨國泰9B購08  ,0,0,0,0,0,0,0,0,0,-20000,0,0,0,64000,84000,-20000,-20000
062596,緯穎統一01購02  ,0,0,0,0,0,0,0,0,0,-20000,0,0,0,0,20000,-20000,-20000
059254,台表科凱基9A購02,0,0,0,0,0,0,0,0,0,-20000,0,0,0,0,20000,-20000,-20000
061717,力成凱基9B購01  ,0,0,0,0,0,0,0,0,0,-20000,0,0,0,50000,70000,-20000,-20000
060966,台表科凱基9B購01,0,0,0,0,0,0,0,0,0,-20000,0,0,0,0,20000,-20000,-20000
060227,和大元大9A購01  ,0,0,0,0,0,0,0,0,0,-20000,0,0,0,0,20000,-20000,-20000
06438P,玉晶光國票99售02,0,0,0,0,0,0,0,0,0,-20000,0,0,0,70000,90000,-20000,-20000
064262,玉晶光永豐9C購03,0,0,0,0,0,0,0,0,0,-20000,0,0,0,1000,21000,-20000,-20000
06432P,上銀群益98售01  ,0,0,0,0,0,0,0,0,0,-20000,0,0,0,0,20000,-20000,-20000
064432,台積電凱基9C購04,0,0,0,0,0,0,0,0,0,-20000,0,0,0,4000,24000,-20000,-20000
064459,創意統一02購01  ,0,0,0,0,0,0,0,0,0,-20000,0,0,0,102000,122000,-20000,-20000
064800,鴻海元大9C購12  ,0,0,0,0,0,0,0,0,0,-20000,0,0,0,0,20000,-20000,-20000
064869,景碩永豐9C購01  ,0,0,0,0,0,0,0,0,0,-20000,0,0,0,68000,88000,-20000,-20000
064643,瑞昱凱基04購01  ,0,0,0,0,0,0,0,0,0,-20000,0,0,0,0,20000,-20000,-20000
06458P,玉晶光統一9A售02,0,0,0,0,0,0,0,0,0,-20000,0,0,0,0,20000,-20000,-20000
064692,嘉晶群益9C購03  ,0,0,0,0,0,0,0,0,0,-20000,0,0,0,51000,71000,-20000,-20000
064110,國巨國票01購01  ,0,0,0,0,0,0,0,0,0,-20000,0,0,0,12000,32000,-20000,-20000
064044,台光電統一01購03,0,0,0,0,0,0,0,0,0,-20000,0,0,0,0,20000,-20000,-20000
063999,日月光兆豐9C購01,0,0,0,0,0,0,0,0,0,-20000,0,0,0,0,20000,-20000,-20000
063942,台積電元大01購03,0,0,0,0,0,0,0,0,0,-20000,0,0,0,0,20000,-20000,-20000
063931,牧德統一01購02  ,0,0,0,0,0,0,0,0,0,-20000,0,0,0,0,20000,-20000,-20000
063786,瑞昱中信06購01  ,0,0,0,0,0,0,0,0,0,-20000,0,0,0,29000,49000,-20000,-20000
063704,麗豐群益9B購01  ,0,0,0,0,0,0,0,0,0,-20000,0,0,0,0,20000,-20000,-20000
063710,光寶科凱基9C購01,0,0,0,0,0,0,0,0,0,-20000,0,0,0,0,20000,-20000,-20000
066123,華夏群益01購01  ,0,0,0,0,0,0,0,0,0,-20000,0,0,0,0,20000,-20000,-20000
065047,群創凱基9C購01  ,0,0,0,0,0,0,0,0,0,-20000,0,0,0,54000,74000,-20000,-20000
06500P,臺股指元大9A售05,0,0,0,0,0,0,0,0,0,-20000,0,0,0,0,20000,-20000,-20000
065086,可成元大01購04  ,0,0,0,0,0,0,0,0,0,-20000,0,0,0,5000,25000,-20000,-20000
065075,葡萄王元大01購01,0,0,0,0,0,0,0,0,0,-20000,0,0,0,45000,65000,-20000,-20000
065382,緯穎元大9C購04  ,0,0,0,0,0,0,0,0,0,-20000,0,0,0,20000,40000,-20000,-20000
065432,景碩凱基9C購03  ,0,0,0,0,0,0,0,0,0,-20000,0,0,0,82000,102000,-20000,-20000
3356,奇偶            ,20000,37000,-17000,0,0,0,0,0,0,-3000,0,3000,-3000,0,0,0,-20000
6108,競國            ,26000,38000,-12000,0,0,0,0,0,0,-8000,0,8000,-8000,0,0,0,-20000
9925,新保            ,25000,27000,-2000,0,0,0,0,0,0,-18000,1000,19000,-18000,0,0,0,-20000
07894P,燿華元大9B售01  ,0,0,0,0,0,0,0,0,0,-21000,0,0,0,0,21000,-21000,-21000
07225P,台積電元大99售33,0,0,0,0,0,0,0,0,0,-21000,0,0,0,0,21000,-21000,-21000
08608P,臺股指富邦9C售06,0,0,0,0,0,0,0,0,0,-21000,0,0,0,9000,30000,-21000,-21000
08498P,大立光國票01售02,0,0,0,0,0,0,0,0,0,-21000,0,0,0,73000,94000,-21000,-21000
1507,永大            ,499000,514000,-15000,0,0,0,0,0,0,-6000,0,6000,-6000,0,0,0,-21000
08819P,上証2X凱基02售01,0,0,0,0,0,0,0,0,0,-21000,0,0,0,0,21000,-21000,-21000
07114P,旺宏兆豐9A售01  ,0,0,0,0,0,0,0,0,0,-21000,0,0,0,0,21000,-21000,-21000
066779,上証2X中信03購01,0,0,0,0,0,0,0,0,0,-21000,0,0,0,0,21000,-21000,-21000
066838,致新群益02購02  ,0,0,0,0,0,0,0,0,0,-21000,0,0,0,0,21000,-21000,-21000
067140,鎧勝永豐01購02  ,0,0,0,0,0,0,0,0,0,-21000,0,0,0,0,21000,-21000,-21000
066343,佳醫永豐01購01  ,0,0,0,0,0,0,0,0,0,-21000,0,0,0,0,21000,-21000,-21000
056165,矽力凱基98購02  ,0,0,0,0,0,0,0,0,0,-21000,0,0,0,13000,34000,-21000,-21000
056481,創意元大98購01  ,0,0,0,0,0,0,0,0,0,-21000,0,0,0,1000,22000,-21000,-21000
055080,正崴中信99購01  ,0,0,0,0,0,0,0,0,0,-21000,0,0,0,0,21000,-21000,-21000
03454B,臺股指元大04熊06,0,0,0,0,0,0,0,0,0,-21000,0,0,0,16000,37000,-21000,-21000
057733,嘉聯益國泰99購01,0,0,0,0,0,0,0,0,0,-21000,0,0,0,93000,114000,-21000,-21000
058448,滬深2X永豐9A購01,0,0,0,0,0,0,0,0,0,-21000,0,0,0,0,21000,-21000,-21000
059086,國巨元大99購18  ,0,0,0,0,0,0,0,0,0,-21000,0,0,0,25000,46000,-21000,-21000
057119,微星康和98購01  ,0,0,0,0,0,0,0,0,0,-21000,0,0,0,17000,38000,-21000,-21000
060947,台積電統一9C購03,0,0,0,0,0,0,0,0,0,-21000,0,0,0,1000,22000,-21000,-21000
059755,宏達電國泰9A購01,0,0,0,0,0,0,0,0,0,-21000,0,0,0,7000,28000,-21000,-21000
059992,S&P正2元富9B購04,0,0,0,0,0,0,0,0,0,-21000,0,0,0,0,21000,-21000,-21000
063073,瑞昱永豐9B購01  ,0,0,0,0,0,0,0,0,0,-21000,0,0,0,6000,27000,-21000,-21000
063024,祥碩元大9B購05  ,0,0,0,0,0,0,0,0,0,-21000,0,0,0,0,21000,-21000,-21000
061352,茂林元大9A購04  ,0,0,0,0,0,0,0,0,0,-21000,0,0,0,15000,36000,-21000,-21000
063371,南亞科永豐9B購01,0,0,0,0,0,0,0,0,0,-21000,0,0,0,0,21000,-21000,-21000
061228,聯茂中信9A購01  ,0,0,0,0,0,0,0,0,0,-21000,0,0,0,34000,55000,-21000,-21000
065372,漢唐元大9C購02  ,0,0,0,0,0,0,0,0,0,-21000,0,0,0,159000,180000,-21000,-21000
063653,儒鴻元富9B購01  ,0,0,0,0,0,0,0,0,0,-21000,0,0,0,352000,373000,-21000,-21000
063821,南亞科麥證9C購01,0,0,0,2000,23000,-21000,0,0,0,-21000,0,0,0,2000,23000,-21000,-21000
064051,新日興統一01購01,0,0,0,0,0,0,0,0,0,-21000,0,0,0,0,21000,-21000,-21000
064840,彩晶統一02購01  ,0,0,0,0,0,0,0,0,0,-21000,0,0,0,53000,74000,-21000,-21000
064811,華擎元大01購01  ,0,0,0,0,0,0,0,0,0,-21000,0,0,0,101000,122000,-21000,-21000
064263,貿聯永豐9C購01  ,0,0,0,0,0,0,0,0,0,-21000,0,0,0,0,21000,-21000,-21000
6243,迅杰            ,3000,24000,-21000,0,0,0,0,0,0,0,0,0,0,0,0,0,-21000
066356,嘉基永豐01購01  ,0,0,0,0,0,0,0,0,0,-22000,0,0,0,8000,30000,-22000,-22000
066515,強茂永豐01購02  ,0,0,0,0,0,0,0,0,0,-22000,0,0,0,90000,112000,-22000,-22000
066606,聯詠永豐01購01  ,0,0,0,0,0,0,0,0,0,-22000,0,0,0,68000,90000,-22000,-22000
066938,敦泰國票02購01  ,0,0,0,0,0,0,0,0,0,-22000,0,0,0,13000,35000,-22000,-22000
08802P,聯發科元大01售14,0,0,0,0,0,0,0,0,0,-22000,0,0,0,65000,87000,-22000,-22000
07318P,鴻海凱基01售02  ,0,0,0,0,0,0,0,0,0,-22000,0,0,0,18000,40000,-22000,-22000
08216P,聯發科群益9C售05,0,0,0,0,0,0,0,0,0,-22000,0,0,0,0,22000,-22000,-22000
08061P,大毅國票9B售04  ,0,0,0,0,0,0,0,0,0,-22000,0,0,0,0,22000,-22000,-22000
057930,旺宏群益99購04  ,0,0,0,0,0,0,0,0,0,-22000,0,0,0,10000,32000,-22000,-22000
054164,強茂凱基98購01  ,0,0,0,0,0,0,0,0,0,-22000,0,0,0,0,22000,-22000,-22000
052775,滬深2X國票99購02,0,0,0,0,0,0,0,0,0,-22000,0,0,0,0,22000,-22000,-22000
056413,上証反中信9A購01,0,0,0,0,0,0,0,0,0,-22000,0,0,0,0,22000,-22000,-22000
056347,GIS凱基9A購01   ,0,0,0,0,0,0,0,0,0,-22000,0,0,0,83000,105000,-22000,-22000
055576,嘉晶統一98購01  ,0,0,0,0,0,0,0,0,0,-22000,0,0,0,0,22000,-22000,-22000
058112,神達元富98購01  ,0,0,0,0,0,0,0,0,0,-22000,0,0,0,1000,23000,-22000,-22000
061202,和大元大9A購02  ,0,0,0,0,0,0,0,0,0,-22000,0,0,0,0,22000,-22000,-22000
060386,台勝科凱基9B購01,0,0,0,0,0,0,0,0,0,-22000,0,0,0,28000,50000,-22000,-22000
060688,世紀鋼元大9C購01,0,0,0,0,0,0,0,0,0,-22000,0,0,0,108000,130000,-22000,-22000
059675,大立光元富99購08,0,0,0,0,0,0,0,0,0,-22000,0,0,0,7000,29000,-22000,-22000
059291,華新科元富9B購01,0,0,0,0,0,0,0,0,0,-22000,0,0,0,0,22000,-22000,-22000
062559,嘉晶凱基9B購02  ,0,0,0,0,0,0,0,0,0,-22000,0,0,0,15000,37000,-22000,-22000
061810,S&P反1群益9B購02,0,0,0,0,0,0,0,0,0,-22000,0,0,0,0,22000,-22000,-22000
062470,智邦凱基9C購01  ,0,0,0,0,0,0,0,0,0,-22000,0,0,0,8000,30000,-22000,-22000
064407,貿聯凱基02購02  ,0,0,0,0,0,0,0,0,0,-22000,0,0,0,10000,32000,-22000,-22000
064494,南亞科元大9C購02,0,0,0,0,0,0,0,0,0,-22000,0,0,0,82000,104000,-22000,-22000
064544,國巨凱基9C購09  ,0,0,0,0,0,0,0,0,0,-22000,0,0,0,11000,33000,-22000,-22000
064505,康控元大9C購01  ,0,0,0,0,0,0,0,0,0,-22000,0,0,0,43000,65000,-22000,-22000
064727,群創統一02購03  ,0,0,0,0,0,0,0,0,0,-22000,0,0,0,58000,80000,-22000,-22000
064619,南亞科元大9C購05,0,0,0,0,0,0,0,0,0,-22000,0,0,0,7000,29000,-22000,-22000
064192,巨大中信9C購01  ,0,0,0,0,0,0,0,0,0,-22000,0,0,0,18000,40000,-22000,-22000
065392,華通群益01購02  ,0,0,0,0,0,0,0,0,0,-22000,0,0,0,0,22000,-22000,-22000
065327,台表科凱基9C購02,0,0,0,0,0,0,0,0,0,-22000,0,0,0,3000,25000,-22000,-22000
064953,嘉晶凱基9C購02  ,0,0,0,0,0,0,0,0,0,-22000,0,0,0,61000,83000,-22000,-22000
08130P,義隆元大9B售05  ,0,0,0,0,0,0,0,0,0,-23000,0,0,0,69000,92000,-23000,-23000
08742P,友達凱基01售02  ,0,0,0,0,0,0,0,0,0,-23000,0,0,0,6000,29000,-23000,-23000
08412P,群創凱基01售03  ,0,0,0,0,0,0,0,0,0,-23000,0,0,0,50000,73000,-23000,-23000
08584P,立積群益9C售02  ,0,0,0,0,0,0,0,0,0,-23000,0,0,0,12000,35000,-23000,-23000
067029,台表科兆豐03購01,0,0,0,0,0,0,0,0,0,-23000,0,0,0,115000,138000,-23000,-23000
067155,健策統一02購01  ,0,0,0,0,0,0,0,0,0,-23000,0,0,0,10000,33000,-23000,-23000
066323,精元永豐01購01  ,0,0,0,0,0,0,0,0,0,-23000,0,0,0,4000,27000,-23000,-23000
058004,大立光群益98購03,0,0,0,0,0,0,0,0,0,-23000,0,0,0,17000,40000,-23000,-23000
057531,禾伸堂元大99購04,0,0,0,0,0,0,0,0,0,-23000,0,0,0,0,23000,-23000,-23000
057618,台光電凱基99購01,0,0,0,0,0,0,0,0,0,-23000,0,0,0,60000,83000,-23000,-23000
058711,鴻海統一9A購02  ,0,0,0,0,0,0,0,0,0,-23000,0,0,0,0,23000,-23000,-23000
058751,南茂凱基9A購01  ,0,0,0,0,0,0,0,0,0,-23000,0,0,0,6000,29000,-23000,-23000
058504,台積電元大99購07,0,0,0,0,0,0,0,0,0,-23000,0,0,0,2000,25000,-23000,-23000
058875,台表科國票9A購02,0,0,0,0,0,0,0,0,0,-23000,0,0,0,10000,33000,-23000,-23000
057381,微星國泰9A購01  ,0,0,0,0,0,0,0,0,0,-23000,0,0,0,0,23000,-23000,-23000
062316,康控凱基9B購03  ,0,0,0,0,0,0,0,0,0,-23000,0,0,0,5000,28000,-23000,-23000
060151,旺宏富邦9A購02  ,0,0,0,0,0,0,0,0,0,-23000,0,0,0,0,23000,-23000,-23000
059825,嘉晶凱基99購02  ,0,0,0,0,0,0,0,0,0,-23000,0,0,0,7000,30000,-23000,-23000
059791,超眾元大99購06  ,0,0,0,0,0,0,0,0,0,-23000,0,0,0,67000,90000,-23000,-23000
060456,正隆元大9A購01  ,0,0,0,0,0,0,0,0,0,-23000,0,0,0,64000,87000,-23000,-23000
061132,志超永豐9A購01  ,0,0,0,0,0,0,0,0,0,-23000,0,0,0,17000,40000,-23000,-23000
061194,聯鈞永豐9A購02  ,0,0,0,0,0,0,0,0,0,-23000,0,0,0,10000,33000,-23000,-23000
063532,GIS凱基9B購03   ,0,0,0,0,0,0,0,0,0,-23000,0,0,0,155000,178000,-23000,-23000
065110,嘉澤國票01購01  ,0,0,0,0,0,0,0,0,0,-23000,0,0,0,15000,38000,-23000,-23000
065967,國巨元大01購07  ,0,0,0,0,0,0,0,0,0,-23000,0,0,0,27000,50000,-23000,-23000
065640,聯電元大01購02  ,0,0,0,0,0,0,0,0,0,-23000,0,0,0,214000,237000,-23000,-23000
065632,正崴國票01購01  ,0,0,0,0,0,0,0,0,0,-23000,0,0,0,15000,38000,-23000,-23000
065615,南電元大01購03  ,0,0,0,0,0,0,0,0,0,-23000,0,0,0,56000,79000,-23000,-23000
064221,華通國票01購01  ,0,0,0,0,0,0,0,0,0,-23000,0,0,0,12000,35000,-23000,-23000
063826,中興電國票01購01,0,0,0,0,0,0,0,0,0,-23000,0,0,0,32000,55000,-23000,-23000
063752,瑞祺國票9C購01  ,0,0,0,0,0,0,0,0,0,-23000,0,0,0,0,23000,-23000,-23000
064915,美律統一02購02  ,0,0,0,0,0,0,0,0,0,-23000,0,0,0,0,23000,-23000,-23000
064437,可成凱基02購01  ,0,0,0,0,0,0,0,0,0,-23000,0,0,0,2000,25000,-23000,-23000
064291,南六元大9C購04  ,0,0,0,0,0,0,0,0,0,-23000,0,0,0,0,23000,-23000,-23000
4722,國精化          ,5000,23000,-18000,0,0,0,0,0,0,-5000,0,5000,-5000,0,0,0,-23000
3454,晶睿            ,16000,39000,-23000,0,0,0,0,0,0,0,1000,1000,0,0,0,0,-23000
3057,喬鼎            ,18000,41000,-23000,0,0,0,0,0,0,0,0,0,0,0,0,0,-23000
066175,聯鈞凱基01購01  ,0,0,0,0,0,0,0,0,0,-24000,0,0,0,0,24000,-24000,-24000
067231,台積電群益01購12,0,0,0,0,0,0,0,0,0,-24000,0,0,0,0,24000,-24000,-24000
07085P,超眾元富9C售01  ,0,0,0,0,0,0,0,0,0,-24000,0,0,0,257000,281000,-24000,-24000
066876,大立光富邦05購01,0,0,0,0,0,0,0,0,0,-24000,0,0,0,0,24000,-24000,-24000
066856,致新元大01購01  ,0,0,0,0,0,0,0,0,0,-24000,0,0,0,31000,55000,-24000,-24000
066794,鴻海凱基01購07  ,0,0,0,0,0,0,0,0,0,-24000,0,0,0,870000,894000,-24000,-24000
08372P,大立光凱基01售04,0,0,0,0,0,0,0,0,0,-24000,0,0,0,36000,60000,-24000,-24000
08389P,技嘉國票9C售01  ,0,0,0,0,0,0,0,0,0,-24000,0,0,0,0,24000,-24000,-24000
08788P,A50正2元富01售03,0,0,0,0,0,0,0,0,0,-24000,0,0,0,1000,25000,-24000,-24000
058546,玉晶光富邦9B購01,0,0,0,0,0,0,0,0,0,-24000,0,0,0,35000,59000,-24000,-24000
058750,緯穎凱基9A購03  ,0,0,0,0,0,0,0,0,0,-24000,0,0,0,0,24000,-24000,-24000
058731,貿聯永豐99購02  ,0,0,0,0,0,0,0,0,0,-24000,0,0,0,1000,25000,-24000,-24000
061894,台積電永豐9B購01,0,0,0,0,0,0,0,0,0,-24000,0,0,0,2000,26000,-24000,-24000
053537,玉晶光永豐98購02,0,0,0,0,0,0,0,0,0,-24000,0,0,0,1000,25000,-24000,-24000
056921,京元電兆豐98購01,0,0,0,0,0,0,0,0,0,-24000,0,0,0,0,24000,-24000,-24000
063502,南電永豐9B購02  ,0,0,0,0,0,0,0,0,0,-24000,0,0,0,21000,45000,-24000,-24000
061524,華通凱基9A購07  ,0,0,0,0,0,0,0,0,0,-24000,0,0,0,11000,35000,-24000,-24000
061128,大立光永豐9A購02,0,0,0,0,0,0,0,0,0,-24000,0,0,0,0,24000,-24000,-24000
061303,玉晶光永豐9B購03,0,0,0,0,0,0,0,0,0,-24000,0,0,0,0,24000,-24000,-24000
063008,華通元大9B購06  ,0,0,0,0,0,0,0,0,0,-24000,0,0,0,46000,70000,-24000,-24000
062909,大立光元大9C購04,0,0,0,0,0,0,0,0,0,-24000,0,0,0,0,24000,-24000,-24000
059920,宏達電元大99購07,0,0,0,0,0,0,0,0,0,-24000,0,0,0,20000,44000,-24000,-24000
060083,和大元大99購02  ,0,0,0,0,0,0,0,0,0,-24000,0,0,0,0,24000,-24000,-24000
060035,臺股指永豐99購04,0,0,0,0,0,0,0,0,0,-24000,0,0,0,0,24000,-24000,-24000
060933,南電永豐9A購02  ,0,0,0,0,0,0,0,0,0,-24000,0,0,0,55000,79000,-24000,-24000
061718,GIS凱基9B購01   ,0,0,0,0,0,0,0,0,0,-24000,0,0,0,54000,78000,-24000,-24000
064682,嘉聯益兆豐01購01,0,0,0,0,0,0,0,0,0,-24000,0,0,0,0,24000,-24000,-24000
063901,緯穎群益9C購01  ,0,0,0,0,0,0,0,0,0,-24000,0,0,0,0,24000,-24000,-24000
063617,鴻海兆豐01購01  ,0,0,0,0,0,0,0,0,0,-24000,0,0,0,0,24000,-24000,-24000
064134,瑞祺元大9C購02  ,0,0,0,0,0,0,0,0,0,-24000,0,0,0,32000,56000,-24000,-24000
063997,泰鼎群益9C購01  ,0,0,0,0,0,0,0,0,0,-24000,0,0,0,39000,63000,-24000,-24000
066027,華擎群益02購01  ,0,0,0,0,0,0,0,0,0,-24000,0,0,0,0,24000,-24000,-24000
066035,南電群益01購01  ,0,0,0,0,0,0,0,0,0,-24000,0,0,0,100000,124000,-24000,-24000
065159,臻鼎群益9C購02  ,0,0,0,0,0,0,0,0,0,-24000,0,0,0,155000,179000,-24000,-24000
064984,同欣電元大9C購06,0,0,0,0,0,0,0,0,0,-24000,0,0,0,298000,322000,-24000,-24000
08834P,聯發科統一01售11,0,0,0,0,0,0,0,0,0,-25000,0,0,0,0,25000,-25000,-25000
08508P,臺股指國票9C售09,0,0,0,0,0,0,0,0,0,-25000,0,0,0,0,25000,-25000,-25000
08165P,台表科永豐9B售02,0,0,0,0,0,0,0,0,0,-25000,0,0,0,0,25000,-25000,-25000
07319P,台積電凱基01售02,0,0,0,0,0,0,0,0,0,-25000,0,0,0,20000,45000,-25000,-25000
07462P,臺股指元大9B售05,0,0,0,0,0,0,0,0,0,-25000,0,0,0,3000,28000,-25000,-25000
07774P,台灣50群益9A售16,0,0,0,0,0,0,0,0,0,-25000,0,0,0,0,25000,-25000,-25000
07694P,超眾元大9A售05  ,0,0,0,0,0,0,0,0,0,-25000,0,0,0,0,25000,-25000,-25000
066864,上証2X元富07購02,0,0,0,0,0,0,0,0,0,-25000,0,0,0,0,25000,-25000,-25000
066922,台表科麥證01購01,0,0,0,10000,35000,-25000,0,0,0,-25000,0,0,0,10000,35000,-25000,-25000
067177,日月光麥證01購02,0,0,0,0,25000,-25000,0,0,0,-25000,0,0,0,0,25000,-25000,-25000
066357,昇陽半永豐01購01,0,0,0,0,0,0,0,0,0,-25000,0,0,0,11000,36000,-25000,-25000
066407,昇陽半凱基01購01,0,0,0,0,0,0,0,0,0,-25000,0,0,0,0,25000,-25000,-25000
066717,上証2X元大01購01,0,0,0,0,0,0,0,0,0,-25000,0,0,0,11000,36000,-25000,-25000
066646,聯發科麥證01購03,0,0,0,55000,80000,-25000,0,0,0,-25000,0,0,0,55000,80000,-25000,-25000
054217,台表科國票97購05,0,0,0,0,0,0,0,0,0,-25000,0,0,0,0,25000,-25000,-25000
058046,國巨元大9A購01  ,0,0,0,0,0,0,0,0,0,-25000,0,0,0,0,25000,-25000,-25000
058061,貿聯元富9B購01  ,0,0,0,0,0,0,0,0,0,-25000,0,0,0,20000,45000,-25000,-25000
058116,正崴中信99購02  ,0,0,0,0,0,0,0,0,0,-25000,0,0,0,0,25000,-25000,-25000
056383,上銀國泰99購01  ,0,0,0,0,0,0,0,0,0,-25000,0,0,0,1000,26000,-25000,-25000
056609,楠梓電永豐98購02,0,0,0,0,0,0,0,0,0,-25000,0,0,0,7000,32000,-25000,-25000
055036,中工富邦9B購01  ,0,0,0,0,0,0,0,0,0,-25000,0,0,0,10000,35000,-25000,-25000
058325,昇陽半永豐99購01,0,0,0,0,0,0,0,0,0,-25000,0,0,0,0,25000,-25000,-25000
058693,旭富國票9A購01  ,0,0,0,0,0,0,0,0,0,-25000,0,0,0,0,25000,-25000,-25000
057093,臻鼎元富98購02  ,0,0,0,0,0,0,0,0,0,-25000,0,0,0,0,25000,-25000,-25000
057331,台積電國票99購04,0,0,0,0,0,0,0,0,0,-25000,0,0,0,80000,105000,-25000,-25000
058261,大立光富邦03購01,0,0,0,0,0,0,0,0,0,-25000,0,0,0,0,25000,-25000,-25000
060064,華新科兆豐99購07,0,0,0,0,0,0,0,0,0,-25000,0,0,0,0,25000,-25000,-25000
060052,宏碁凱基99購01  ,0,0,0,0,0,0,0,0,0,-25000,0,0,0,0,25000,-25000,-25000
059637,大立光凱基01購01,0,0,0,0,0,0,0,0,0,-25000,0,0,0,10000,35000,-25000,-25000
060362,建準元富9A購02  ,0,0,0,0,0,0,0,0,0,-25000,0,0,0,0,25000,-25000,-25000
061491,嘉聯益兆豐9B購01,0,0,0,0,0,0,0,0,0,-25000,0,0,0,25000,50000,-25000,-25000
06496P,台灣50日盛98售01,0,0,0,0,0,0,0,0,0,-25000,0,0,0,0,25000,-25000,-25000
065072,和大元大9C購03  ,0,0,0,0,0,0,0,0,0,-25000,0,0,0,6000,31000,-25000,-25000
065346,台光電統一02購01,0,0,0,0,0,0,0,0,0,-25000,0,0,0,40000,65000,-25000,-25000
065533,台光電統一02購03,0,0,0,0,0,0,0,0,0,-25000,0,0,0,42000,67000,-25000,-25000
065987,大毅永豐01購01  ,0,0,0,0,0,0,0,0,0,-25000,0,0,0,0,25000,-25000,-25000
066100,鎧勝中信05購01  ,0,0,0,0,0,0,0,0,0,-25000,0,0,0,5000,30000,-25000,-25000
065840,國巨元大03購01  ,0,0,0,0,0,0,0,0,0,-25000,0,0,0,22000,47000,-25000,-25000
064238,玉晶光統一01購08,0,0,0,0,0,0,0,0,0,-25000,0,0,0,31000,56000,-25000,-25000
064885,T50反1中信04購01,0,0,0,0,0,0,0,0,0,-25000,0,0,0,30000,55000,-25000,-25000
064868,嘉晶永豐9C購02  ,0,0,0,0,0,0,0,0,0,-25000,0,0,0,86000,111000,-25000,-25000
064290,GIS元大9C購04   ,0,0,0,0,0,0,0,0,0,-25000,0,0,0,229000,254000,-25000,-25000
064317,日月光群益9C購01,0,0,0,0,0,0,0,0,0,-25000,0,0,0,37000,62000,-25000,-25000
064460,健策統一9C購03  ,0,0,0,0,0,0,0,0,0,-25000,0,0,0,65000,90000,-25000,-25000
2388,威盛            ,328000,384000,-56000,0,0,0,31000,0,31000,0,0,0,0,0,0,0,-25000
1806,冠軍            ,10000,32000,-22000,0,0,0,0,0,0,-3000,0,3000,-3000,0,0,0,-25000
6115,鎰勝            ,5000,13000,-8000,0,0,0,0,0,0,-17000,1000,18000,-17000,0,0,0,-25000
8261,富鼎            ,88000,112000,-24000,0,0,0,0,0,0,-1000,0,1000,-1000,0,0,0,-25000
066860,健策國票02購02  ,0,0,0,0,0,0,0,0,0,-26000,0,0,0,0,26000,-26000,-26000
08302P,長榮航國泰02售01,0,0,0,0,0,0,0,0,0,-26000,0,0,0,49000,75000,-26000,-26000
07978P,茂林群益9B售02  ,0,0,0,0,0,0,0,0,0,-26000,0,0,0,24000,50000,-26000,-26000
08677P,超眾群益01售02  ,0,0,0,0,0,0,0,0,0,-26000,0,0,0,39000,65000,-26000,-26000
08798P,聯發科國票01售03,0,0,0,0,0,0,0,0,0,-26000,0,0,0,25000,51000,-26000,-26000
057894,華通元富02購02  ,0,0,0,0,0,0,0,0,0,-26000,0,0,0,0,26000,-26000,-26000
057527,億光元大98購01  ,0,0,0,0,0,0,0,0,0,-26000,0,0,0,368000,394000,-26000,-26000
061877,貿聯元大9B購01  ,0,0,0,0,0,0,0,0,0,-26000,0,0,0,0,26000,-26000,-26000
054080,微星中信98購01  ,0,0,0,0,0,0,0,0,0,-26000,0,0,0,4000,30000,-26000,-26000
061451,南電中信9A購03  ,0,0,0,0,0,0,0,0,0,-26000,0,0,0,10000,36000,-26000,-26000
063146,南六統一9B購02  ,0,0,0,0,0,0,0,0,0,-26000,0,0,0,4000,30000,-26000,-26000
063420,奇力新凱基9B購03,0,0,0,0,0,0,0,0,0,-26000,0,0,0,0,26000,-26000,-26000
063411,和潤國票9C購01  ,0,0,0,0,0,0,0,0,0,-26000,0,0,0,12000,38000,-26000,-26000
063337,國巨統一02購02  ,0,0,0,0,0,0,0,0,0,-26000,0,0,0,10000,36000,-26000,-26000
061336,國巨元大9A購20  ,0,0,0,0,0,0,0,0,0,-26000,0,0,0,3000,29000,-26000,-26000
060385,台勝科凱基9A購01,0,0,0,0,0,0,0,0,0,-26000,0,0,0,34000,60000,-26000,-26000
062529,可成統一9C購03  ,0,0,0,0,0,0,0,0,0,-26000,0,0,0,10000,36000,-26000,-26000
062698,台積電元大01購01,0,0,0,0,0,0,0,0,0,-26000,0,0,0,0,26000,-26000,-26000
060154,堤維西永豐9A購01,0,0,0,0,0,0,0,0,0,-26000,0,0,0,0,26000,-26000,-26000
064311,新光金群益01購02,0,0,0,0,0,0,0,0,0,-26000,0,0,0,98000,124000,-26000,-26000
064728,健策統一9C購04  ,0,0,0,0,0,0,0,0,0,-26000,0,0,0,16000,42000,-26000,-26000
065856,中租元大9C購03  ,0,0,0,0,0,0,0,0,0,-26000,0,0,0,0,26000,-26000,-26000
1730,花仙子          ,5000,30000,-25000,0,0,0,0,0,0,-1000,1000,2000,-1000,0,0,0,-26000
4306,炎洲            ,51000,69000,-18000,0,0,0,0,0,0,-8000,0,8000,-8000,0,0,0,-26000
5269,祥碩            ,264797,239900,24897,0,0,0,9142,46000,-36858,-15000,3000,9000,-6000,3000,12000,-9000,-26961
08843P,台表科凱基01售01,0,0,0,0,0,0,0,0,0,-27000,0,0,0,0,27000,-27000,-27000
07966P,瑞祺群益9B售02  ,0,0,0,0,0,0,0,0,0,-27000,0,0,0,0,27000,-27000,-27000
07317P,T50正2凱基9B售02,0,0,0,0,0,0,0,0,0,-27000,0,0,0,0,27000,-27000,-27000
066745,瀚宇博元大01購01,0,0,0,0,0,0,0,0,0,-27000,0,0,0,431000,458000,-27000,-27000
066614,貿聯麥證01購01  ,0,0,0,0,27000,-27000,0,0,0,-27000,0,0,0,0,27000,-27000,-27000
066479,國巨元富07購01  ,0,0,0,0,0,0,0,0,0,-27000,0,0,0,10000,37000,-27000,-27000
00700,富邦恒生國企    ,0,0,0,0,0,0,0,0,0,-27000,0,0,0,91000,118000,-27000,-27000
055331,國巨兆豐99購01  ,0,0,0,0,0,0,0,0,0,-27000,0,0,0,74000,101000,-27000,-27000
058371,智原凱基9A購01  ,0,0,0,0,0,0,0,0,0,-27000,0,0,0,18000,45000,-27000,-27000
057222,鴻海國票99購04  ,0,0,0,0,0,0,0,0,0,-27000,0,0,0,0,27000,-27000,-27000
057234,宏達電凱基98購05,0,0,0,0,0,0,0,0,0,-27000,0,0,0,0,27000,-27000,-27000
057150,貿聯國票99購02  ,0,0,0,0,0,0,0,0,0,-27000,0,0,0,0,27000,-27000,-27000
060943,宏達電國票9B購02,0,0,0,0,0,0,0,0,0,-27000,0,0,0,19000,46000,-27000,-27000
059343,宏達電凱基99購04,0,0,0,0,0,0,0,0,0,-27000,0,0,0,52000,79000,-27000,-27000
063369,聚陽永豐9B購01  ,0,0,0,0,0,0,0,0,0,-27000,0,0,0,232000,259000,-27000,-27000
063402,GIS群益9B購02   ,0,0,0,0,0,0,0,0,0,-27000,0,0,0,285000,312000,-27000,-27000
06552P,茂林元大99售02  ,0,0,0,0,0,0,0,0,0,-27000,0,0,0,12000,39000,-27000,-27000
065421,康友國票01購01  ,0,0,0,0,0,0,0,0,0,-27000,0,0,0,10000,37000,-27000,-27000
6120,達運            ,94000,108000,-14000,0,0,0,0,0,0,-13000,5000,18000,-13000,0,0,0,-27000
6183,關貿            ,23000,51000,-28000,0,0,0,7000,0,7000,-6000,1000,7000,-6000,0,0,0,-27000
4106,雃博            ,229000,252000,-23000,0,0,0,0,6141,-6141,2000,2000,0,2000,0,0,0,-27141
066511,劍麟永豐01購01  ,0,0,0,0,0,0,0,0,0,-28000,0,0,0,0,28000,-28000,-28000
066618,南六康和01購01  ,0,0,0,0,0,0,0,0,0,-28000,0,0,0,0,28000,-28000,-28000
066180,正文凱基01購01  ,0,0,0,0,0,0,0,0,0,-28000,0,0,0,0,28000,-28000,-28000
066219,惠特元富01購01  ,0,0,0,0,0,0,0,0,0,-28000,0,0,0,5000,33000,-28000,-28000
067077,智原元大01購04  ,0,0,0,0,0,0,0,0,0,-28000,0,0,0,1000,29000,-28000,-28000
07054P,華新科兆豐99售04,0,0,0,0,0,0,0,0,0,-28000,0,0,0,0,28000,-28000,-28000
06789P,鴻海凱基98售12  ,0,0,0,0,0,0,0,0,0,-28000,0,0,0,6000,34000,-28000,-28000
08814P,世紀鋼群益01售04,0,0,0,0,0,0,0,0,0,-28000,0,0,0,21000,49000,-28000,-28000
058416,鴻海麥證99購01  ,0,0,0,0,28000,-28000,0,0,0,-28000,0,0,0,0,28000,-28000,-28000
058727,嘉晶富邦9A購01  ,0,0,0,0,0,0,0,0,0,-28000,0,0,0,0,28000,-28000,-28000
058275,S&P500中信9B購01,0,0,0,0,0,0,0,0,0,-28000,0,0,0,0,28000,-28000,-28000
057267,康控兆豐99購01  ,0,0,0,0,0,0,0,0,0,-28000,0,0,0,222000,250000,-28000,-28000
057940,和大國票99購01  ,0,0,0,0,0,0,0,0,0,-28000,0,0,0,0,28000,-28000,-28000
062031,臻鼎群益9B購01  ,0,0,0,0,0,0,0,0,0,-28000,0,0,0,40000,68000,-28000,-28000
00770,國泰北美科技    ,14000,0,14000,0,0,0,0,0,0,-42000,0,0,0,73000,115000,-42000,-28000
063481,緯穎元大9B購08  ,0,0,0,0,0,0,0,0,0,-28000,0,0,0,3000,31000,-28000,-28000
063209,巨大統一01購01  ,0,0,0,0,0,0,0,0,0,-28000,0,0,0,113000,141000,-28000,-28000
061470,鈺齊群益9A購02  ,0,0,0,0,0,0,0,0,0,-28000,0,0,0,97000,125000,-28000,-28000
063017,台光電元大9B購07,0,0,0,0,0,0,0,0,0,-28000,0,0,0,4000,32000,-28000,-28000
062625,華通國票9B購02  ,0,0,0,0,0,0,0,0,0,-28000,0,0,0,20000,48000,-28000,-28000
062780,旺宏元大01購01  ,0,0,0,0,0,0,0,0,0,-28000,0,0,0,72000,100000,-28000,-28000
060110,茂林元大99購06  ,0,0,0,0,0,0,0,0,0,-28000,0,0,0,0,28000,-28000,-28000
062438,台光電元大9B購04,0,0,0,0,0,0,0,0,0,-28000,0,0,0,5000,33000,-28000,-28000
065303,國泰金元富9C購01,0,0,0,0,0,0,0,0,0,-28000,0,0,0,6000,34000,-28000,-28000
065271,日月光元大9C購02,0,0,0,0,0,0,0,0,0,-28000,0,0,0,28000,56000,-28000,-28000
064973,智邦元大9C購06  ,0,0,0,0,0,0,0,0,0,-28000,0,0,0,66000,94000,-28000,-28000
064985,台表科元大9C購09,0,0,0,0,0,0,0,0,0,-28000,0,0,0,5000,33000,-28000,-28000
065096,世芯元大9C購03  ,0,0,0,0,0,0,0,0,0,-28000,0,0,0,30000,58000,-28000,-28000
065879,瑞祺群益9C購02  ,0,0,0,0,0,0,0,0,0,-28000,0,0,0,5000,33000,-28000,-28000
065588,聯發科永豐9C購02,0,0,0,0,0,0,0,0,0,-28000,0,0,0,0,28000,-28000,-28000
065657,智邦富邦9C購01  ,0,0,0,0,0,0,0,0,0,-28000,0,0,0,23000,51000,-28000,-28000
066002,健策國票02購01  ,0,0,0,0,0,0,0,0,0,-28000,0,0,0,7000,35000,-28000,-28000
064863,台積電永豐9C購01,0,0,0,0,0,0,0,0,0,-28000,0,0,0,60000,88000,-28000,-28000
064854,祥碩麥證9C購01  ,0,0,0,32000,60000,-28000,0,0,0,-28000,0,0,0,32000,60000,-28000,-28000
064430,鴻海凱基03購04  ,0,0,0,0,0,0,0,0,0,-28000,0,0,0,0,28000,-28000,-28000
064223,日電貿國票01購01,0,0,0,0,0,0,0,0,0,-28000,0,0,0,38000,66000,-28000,-28000
063755,上銀統一9C購03  ,0,0,0,0,0,0,0,0,0,-28000,0,0,0,152000,180000,-28000,-28000
2374,佳能            ,118000,169000,-51000,0,0,0,0,0,0,23000,27000,4000,23000,0,0,0,-28000
2496,卓越            ,4000,30000,-26000,0,0,0,0,0,0,-2000,0,2000,-2000,0,0,0,-28000
1531,高林股          ,5000,30000,-25000,0,0,0,0,0,0,-4000,0,4000,-4000,0,0,0,-29000
08556P,臺股指中信01售08,0,0,0,0,0,0,0,0,0,-29000,0,0,0,1000,30000,-29000,-29000
06922P,元上證群益9C售01,0,0,0,0,0,0,0,0,0,-29000,0,0,0,22000,51000,-29000,-29000
066340,敦泰永豐01購01  ,0,0,0,0,0,0,0,0,0,-29000,0,0,0,150000,179000,-29000,-29000
066547,台積電元大01購14,0,0,0,0,0,0,0,0,0,-29000,0,0,0,0,29000,-29000,-29000
056716,康舒永豐98購01  ,0,0,0,0,0,0,0,0,0,-29000,0,0,0,206000,235000,-29000,-29000
058648,聯陽永豐99購01  ,0,0,0,0,0,0,0,0,0,-29000,0,0,0,1000,30000,-29000,-29000
059164,旺宏凱基99購06  ,0,0,0,0,0,0,0,0,0,-29000,0,0,0,3000,32000,-29000,-29000
061732,智邦中信9B購01  ,0,0,0,0,0,0,0,0,0,-29000,0,0,0,1000,30000,-29000,-29000
062850,友訊永豐9B購01  ,0,0,0,0,0,0,0,0,0,-29000,0,0,0,12000,41000,-29000,-29000
062585,鴻海統一9C購14  ,0,0,0,0,0,0,0,0,0,-29000,0,0,0,0,29000,-29000,-29000
063460,智邦元大9B購08  ,0,0,0,0,0,0,0,0,0,-29000,0,0,0,58000,87000,-29000,-29000
064506,康控元大9C購02  ,0,0,0,0,0,0,0,0,0,-29000,0,0,0,159000,188000,-29000,-29000
064877,可成兆豐9C購02  ,0,0,0,0,0,0,0,0,0,-29000,0,0,0,2000,31000,-29000,-29000
064662,鴻海元大9C購10  ,0,0,0,0,0,0,0,0,0,-29000,0,0,0,60000,89000,-29000,-29000
066124,台化群益01購01  ,0,0,0,0,0,0,0,0,0,-29000,0,0,0,38000,67000,-29000,-29000
065803,大立光群益01購03,0,0,0,0,0,0,0,0,0,-29000,0,0,0,34000,63000,-29000,-29000
064951,聯發科凱基01購04,0,0,0,0,0,0,0,0,0,-29000,0,0,0,16000,45000,-29000,-29000
2495,普安            ,17000,36000,-19000,0,0,0,0,0,0,-10000,4000,14000,-10000,0,0,0,-29000
3033,威健            ,51000,66000,-15000,0,0,0,0,0,0,-14000,0,14000,-14000,0,0,0,-29000
066518,惠特永豐01購02  ,0,0,0,0,0,0,0,0,0,-30000,0,0,0,0,30000,-30000,-30000
066739,揚明光元大01購01,0,0,0,0,0,0,0,0,0,-30000,0,0,0,20000,50000,-30000,-30000
06906P,國巨國泰99售01  ,0,0,0,0,0,0,0,0,0,-30000,0,0,0,0,30000,-30000,-30000
06793P,臺股指凱基98售03,0,0,0,0,0,0,0,0,0,-30000,0,0,0,0,30000,-30000,-30000
07079P,台積電群益99售06,0,0,0,0,0,0,0,0,0,-30000,0,0,0,0,30000,-30000,-30000
07127P,精元元大99售01  ,0,0,0,0,0,0,0,0,0,-30000,0,0,0,0,30000,-30000,-30000
06991P,矽創群益99售01  ,0,0,0,0,0,0,0,0,0,-30000,0,0,0,0,30000,-30000,-30000
06999P,玉晶光國票9B售01,0,0,0,0,0,0,0,0,0,-30000,0,0,0,0,30000,-30000,-30000
067335,國產凱基02購02  ,0,0,0,0,0,0,0,0,0,-30000,0,0,0,0,30000,-30000,-30000
067341,欣興凱基03購01  ,0,0,0,0,0,0,0,0,0,-30000,0,0,0,0,30000,-30000,-30000
067094,上証2X群益02購01,0,0,0,0,0,0,0,0,0,-30000,0,0,0,0,30000,-30000,-30000
067117,健策群益01購09  ,0,0,0,0,0,0,0,0,0,-30000,0,0,0,3000,33000,-30000,-30000
06693P,臺股指凱基98售01,0,0,0,0,0,0,0,0,0,-30000,0,0,0,0,30000,-30000,-30000
08801P,聯發科元大01售13,0,0,0,0,0,0,0,0,0,-30000,0,0,0,160000,190000,-30000,-30000
08775P,台灣50群益01售05,0,0,0,0,0,0,0,0,0,-30000,0,0,0,55000,85000,-30000,-30000
08828P,上証2X群益01售05,0,0,0,0,0,0,0,0,0,-30000,0,0,0,0,30000,-30000,-30000
07577P,華新科元大9A售09,0,0,0,0,0,0,0,0,0,-30000,0,0,0,120000,150000,-30000,-30000
07763P,嘉澤永豐9A售02  ,0,0,0,0,0,0,0,0,0,-30000,0,0,0,0,30000,-30000,-30000
08008P,華新科統一9B售05,0,0,0,0,0,0,0,0,0,-30000,0,0,0,0,30000,-30000,-30000
08175P,金像電統一9B售02,0,0,0,0,0,0,0,0,0,-30000,0,0,0,0,30000,-30000,-30000
057083,立積統一98購01  ,0,0,0,0,0,0,0,0,0,-30000,0,0,0,0,30000,-30000,-30000
057118,欣興日盛9A購01  ,0,0,0,0,0,0,0,0,0,-30000,0,0,0,76000,106000,-30000,-30000
058748,景碩凱基9A購01  ,0,0,0,0,0,0,0,0,0,-30000,0,0,0,10000,40000,-30000,-30000
058707,泰鼎元大99購02  ,0,0,0,0,0,0,0,0,0,-30000,0,0,0,0,30000,-30000,-30000
058495,元大金群益9B購01,0,0,0,0,0,0,0,0,0,-30000,0,0,0,0,30000,-30000,-30000
062156,美律凱基9B購01  ,0,0,0,0,0,0,0,0,0,-30000,0,0,0,0,30000,-30000,-30000
061624,中租群益9A購01  ,0,0,0,0,0,0,0,0,0,-30000,0,0,0,0,30000,-30000,-30000
057883,中環群益98購01  ,0,0,0,0,0,0,0,0,0,-30000,0,0,0,0,30000,-30000,-30000
048414,滬深2X統一98購01,0,0,0,0,0,0,0,0,0,-30000,0,0,0,0,30000,-30000,-30000
050890,南電富邦99購01  ,0,0,0,0,0,0,0,0,0,-30000,0,0,0,10000,40000,-30000,-30000
056810,群創統一9A購01  ,0,0,0,0,0,0,0,0,0,-30000,0,0,0,70000,100000,-30000,-30000
056811,健策統一9B購01  ,0,0,0,0,0,0,0,0,0,-30000,0,0,0,0,30000,-30000,-30000
054563,泰碩群益99購01  ,0,0,0,0,0,0,0,0,0,-30000,0,0,0,70000,100000,-30000,-30000
054811,裕隆元大9A購01  ,0,0,0,0,0,0,0,0,0,-30000,0,0,0,0,30000,-30000,-30000
0052,富邦科技        ,0,0,0,0,0,0,0,0,0,-30000,0,0,0,116000,146000,-30000,-30000
055094,智易群益98購01  ,0,0,0,0,0,0,0,0,0,-30000,0,0,0,0,30000,-30000,-30000
058069,美律凱基99購05  ,0,0,0,0,0,0,0,0,0,-30000,0,0,0,0,30000,-30000,-30000
058098,T50反1國泰9A購02,0,0,0,0,0,0,0,0,0,-30000,0,0,0,100000,130000,-30000,-30000
056550,瑞儀凱基99購01  ,0,0,0,0,0,0,0,0,0,-30000,0,0,0,0,30000,-30000,-30000
056109,彩晶永豐98購01  ,0,0,0,0,0,0,0,0,0,-30000,0,0,0,0,30000,-30000,-30000
056398,南茂永豐98購01  ,0,0,0,0,0,0,0,0,0,-30000,0,0,0,0,30000,-30000,-30000
056197,友訊永豐97購01  ,0,0,0,0,0,0,0,0,0,-30000,0,0,0,0,30000,-30000,-30000
063468,聯詠元大9B購04  ,0,0,0,0,0,0,0,0,0,-30000,0,0,0,0,30000,-30000,-30000
063465,友達元大9C購10  ,0,0,0,0,0,0,0,0,0,-30000,0,0,0,10000,40000,-30000,-30000
061415,健策群益9A購04  ,0,0,0,0,0,0,0,0,0,-30000,0,0,0,3000,33000,-30000,-30000
061403,滬深2X國票9A購06,0,0,0,0,0,0,0,0,0,-30000,0,0,0,0,30000,-30000,-30000
061212,聯鈞元大9A購04  ,0,0,0,0,0,0,0,0,0,-30000,0,0,0,21000,51000,-30000,-30000
063016,微星元大9C購02  ,0,0,0,0,0,0,0,0,0,-30000,0,0,0,0,30000,-30000,-30000
060833,道瓊反國票9A購01,0,0,0,0,0,0,0,0,0,-30000,0,0,0,0,30000,-30000,-30000
060745,京元電國票9A購01,0,0,0,0,0,0,0,0,0,-30000,0,0,0,50000,80000,-30000,-30000
061281,台積電統一9C購05,0,0,0,0,0,0,0,0,0,-30000,0,0,0,1000,31000,-30000,-30000
061062,和大凱基9A購02  ,0,0,0,0,0,0,0,0,0,-30000,0,0,0,30000,60000,-30000,-30000
062607,美食凱基9B購01  ,0,0,0,0,0,0,0,0,0,-30000,0,0,0,50000,80000,-30000,-30000
060004,臺指反群益9A購01,0,0,0,0,0,0,0,0,0,-30000,0,0,0,0,30000,-30000,-30000
059952,旺宏康和99購01  ,0,0,0,0,0,0,0,0,0,-30000,0,0,0,0,30000,-30000,-30000
059906,臺指反元大9C購04,0,0,0,0,0,0,0,0,0,-30000,0,0,0,0,30000,-30000,-30000
061741,新光金凱基9B購01,0,0,0,0,0,0,0,0,0,-30000,0,0,0,20000,50000,-30000,-30000
060230,台積電元大9A購07,0,0,0,0,0,0,0,0,0,-30000,0,0,0,0,30000,-30000,-30000
060942,智邦國票9A購02  ,0,0,0,0,0,0,0,0,0,-30000,0,0,0,0,30000,-30000,-30000
060047,道瓊反凱基99購01,0,0,0,0,0,0,0,0,0,-30000,0,0,0,0,30000,-30000,-30000
060072,國巨元富99購04  ,0,0,0,0,0,0,0,0,0,-30000,0,0,0,50000,80000,-30000,-30000
062313,聯詠凱基9C購01  ,0,0,0,0,0,0,0,0,0,-30000,0,0,0,11000,41000,-30000,-30000
062368,聯詠元大9B購01  ,0,0,0,0,0,0,0,0,0,-30000,0,0,0,0,30000,-30000,-30000
065112,台表科國票02購01,0,0,0,0,0,0,0,0,0,-30000,0,0,0,5000,35000,-30000,-30000
065113,南電國票01購02  ,0,0,0,0,0,0,0,0,0,-30000,0,0,0,1000,31000,-30000,-30000
065301,聯發科元富03購03,0,0,0,0,0,0,0,0,0,-30000,0,0,0,0,30000,-30000,-30000
065293,玉晶光群益01購07,0,0,0,0,0,0,0,0,0,-30000,0,0,0,22000,52000,-30000,-30000
065543,緯穎元富01購01  ,0,0,0,0,0,0,0,0,0,-30000,0,0,0,0,30000,-30000,-30000
06573P,台積電永昌99售02,0,0,0,0,0,0,0,0,0,-30000,0,0,0,0,30000,-30000,-30000
065857,嘉聯益元大9C購03,0,0,0,0,0,0,0,0,0,-30000,0,0,0,100000,130000,-30000,-30000
065807,智伸科群益01購01,0,0,0,0,0,0,0,0,0,-30000,0,0,0,15000,45000,-30000,-30000
065816,聯發科元富03購07,0,0,0,0,0,0,0,0,0,-30000,0,0,0,19000,49000,-30000,-30000
065692,國巨群益9C購17  ,0,0,0,0,0,0,0,0,0,-30000,0,0,0,2000,32000,-30000,-30000
065566,裕隆群益9C購02  ,0,0,0,0,0,0,0,0,0,-30000,0,0,0,201000,231000,-30000,-30000
065603,聯發科元大9C購16,0,0,0,0,0,0,0,0,0,-30000,0,0,0,0,30000,-30000,-30000
065936,聯發科群益02購01,0,0,0,0,0,0,0,0,0,-30000,0,0,0,0,30000,-30000,-30000
064731,台郡統一01購02  ,0,0,0,0,0,0,0,0,0,-30000,0,0,0,0,30000,-30000,-30000
064452,微星統一01購02  ,0,0,0,0,0,0,0,0,0,-30000,0,0,0,10000,40000,-30000,-30000
064500,國泰金元大9C購01,0,0,0,0,0,0,0,0,0,-30000,0,0,0,20000,50000,-30000,-30000
063832,矽創國票01購01  ,0,0,0,0,0,0,0,0,0,-30000,0,0,0,0,30000,-30000,-30000
063608,力成凱基9B購03  ,0,0,0,0,0,0,0,0,0,-30000,0,0,0,0,30000,-30000,-30000
063558,聚陽元大9B購02  ,0,0,0,0,0,0,0,0,0,-30000,0,0,0,0,30000,-30000,-30000
063971,健鼎國票01購01  ,0,0,0,0,0,0,0,0,0,-30000,0,0,0,25000,55000,-30000,-30000
063927,奇力新統一02購01,0,0,0,0,0,0,0,0,0,-30000,0,0,0,0,30000,-30000,-30000
063910,漢唐凱基9C購01  ,0,0,0,0,0,0,0,0,0,-30000,0,0,0,0,30000,-30000,-30000
064065,大立光富邦02購02,0,0,0,0,0,0,0,0,0,-30000,0,0,0,0,30000,-30000,-30000
2450,神腦            ,3000,20000,-17000,0,0,0,0,0,0,-13000,0,13000,-13000,0,0,0,-30000
1810,和成            ,18000,58000,-40000,0,0,0,0,0,0,10000,12000,2000,10000,0,0,0,-30000
08262P,茂林元大9C售01  ,0,0,0,0,0,0,0,0,0,-31000,0,0,0,4000,35000,-31000,-31000
1231,聯華食          ,68000,98000,-30000,0,0,0,0,0,0,-1000,1000,2000,-1000,0,0,0,-31000
066869,聯發科元富07購02,0,0,0,0,0,0,0,0,0,-31000,0,0,0,85000,116000,-31000,-31000
067271,世紀鋼永豐01購02,0,0,0,0,0,0,0,0,0,-31000,0,0,0,0,31000,-31000,-31000
067150,聯發科統一02購05,0,0,0,0,0,0,0,0,0,-31000,0,0,0,0,31000,-31000,-31000
054976,上証2X元富9A購01,0,0,0,0,0,0,0,0,0,-31000,0,0,0,3000,34000,-31000,-31000
058955,台積電國票9A購04,0,0,0,0,0,0,0,0,0,-31000,0,0,0,98000,129000,-31000,-31000
057546,台積電凱基02購01,0,0,0,0,0,0,0,0,0,-31000,0,0,0,0,31000,-31000,-31000
058721,立積元富9C購01  ,0,0,0,0,0,0,0,0,0,-31000,0,0,0,6000,37000,-31000,-31000
057136,立積凱基98購02  ,0,0,0,0,0,0,0,0,0,-31000,0,0,0,4000,35000,-31000,-31000
060881,玉山金中信02購01,0,0,0,0,0,0,0,0,0,-31000,0,0,0,22000,53000,-31000,-31000
062509,SP黃豆國票9B購03,0,0,0,0,0,0,0,0,0,-31000,0,0,0,0,31000,-31000,-31000
062553,台積電凱基9B購07,0,0,0,0,0,0,0,0,0,-31000,0,0,0,16000,47000,-31000,-31000
062777,鴻海元大9C購03  ,0,0,0,0,0,0,0,0,0,-31000,0,0,0,50000,81000,-31000,-31000
060784,鴻海富邦9C購01  ,0,0,0,0,0,0,0,0,0,-31000,0,0,0,57000,88000,-31000,-31000
060642,華擎永豐9A購02  ,0,0,0,0,0,0,0,0,0,-31000,0,0,0,37000,68000,-31000,-31000
063920,大立光元富03購02,0,0,0,0,0,0,0,0,0,-31000,0,0,0,6000,37000,-31000,-31000
064520,京鼎群益02購01  ,0,0,0,0,0,0,0,0,0,-31000,0,0,0,10000,41000,-31000,-31000
064831,宏達電統一02購01,0,0,0,0,0,0,0,0,0,-31000,0,0,0,82000,113000,-31000,-31000
064771,貿聯中信01購01  ,0,0,0,0,0,0,0,0,0,-31000,0,0,0,0,31000,-31000,-31000
3024,憶聲            ,243000,297000,-54000,0,0,0,23000,0,23000,0,0,0,0,0,0,0,-31000
9946,三發地產        ,6000,37000,-31000,0,0,0,0,0,0,0,0,0,0,0,0,0,-31000
066904,台積電凱基02購10,0,0,0,0,0,0,0,0,0,-32000,0,0,0,0,32000,-32000,-32000
066959,新唐元大01購01  ,0,0,0,0,0,0,0,0,0,-32000,0,0,0,0,32000,-32000,-32000
08425P,世紀鋼元富9C售03,0,0,0,0,0,0,0,0,0,-32000,0,0,0,111000,143000,-32000,-32000
08234P,華擎元富9B售03  ,0,0,0,0,0,0,0,0,0,-32000,0,0,0,206000,238000,-32000,-32000
062179,旺宏元大9B購05  ,0,0,0,0,0,0,0,0,0,-32000,0,0,0,68000,100000,-32000,-32000
056498,A50正2富邦9B購01,0,0,0,0,0,0,0,0,0,-32000,0,0,0,0,32000,-32000,-32000
00766L,台新MSCI中國正2 ,0,0,0,0,0,0,0,0,0,-32000,0,0,0,363000,395000,-32000,-32000
060641,聯鈞永豐9A購01  ,0,0,0,0,0,0,0,0,0,-32000,0,0,0,0,32000,-32000,-32000
062992,聯發科群益9B購09,0,0,0,0,0,0,0,0,0,-32000,0,0,0,42000,74000,-32000,-32000
060824,旺宏元大9A購06  ,0,0,0,0,0,0,0,0,0,-32000,0,0,0,68000,100000,-32000,-32000
061506,瑞祺國票9A購02  ,0,0,0,0,0,0,0,0,0,-32000,0,0,0,0,32000,-32000,-32000
062501,台積電群益9C購03,0,0,0,0,0,0,0,0,0,-32000,0,0,0,52000,84000,-32000,-32000
062655,漢唐永豐9B購01  ,0,0,0,0,0,0,0,0,0,-32000,0,0,0,105000,137000,-32000,-32000
062701,漢唐元大9B購01  ,0,0,0,0,0,0,0,0,0,-32000,0,0,0,20000,52000,-32000,-32000
05995P,T50正2中信9C售01,0,0,0,0,0,0,0,0,0,-32000,0,0,0,358000,390000,-32000,-32000
059947,貿聯永豐99購03  ,0,0,0,0,0,0,0,0,0,-32000,0,0,0,4000,36000,-32000,-32000
059327,南茂元大99購01  ,0,0,0,0,0,0,0,0,0,-32000,0,0,0,0,32000,-32000,-32000
059689,南亞科永豐99購02,0,0,0,0,0,0,0,0,0,-32000,0,0,0,0,32000,-32000,-32000
065817,聯發科元富03購08,0,0,0,0,0,0,0,0,0,-32000,0,0,0,150000,182000,-32000,-32000
065310,華擎國票01購01  ,0,0,0,0,0,0,0,0,0,-32000,0,0,0,3000,35000,-32000,-32000
3530,晶相光          ,154000,130000,24000,0,0,0,0,0,0,-56000,0,32000,-32000,2000,26000,-24000,-32000
08220P,華邦電凱基9B售02,0,0,0,0,0,0,0,0,0,-33000,0,0,0,20000,53000,-33000,-33000
07844P,可成國票9A售01  ,0,0,0,0,0,0,0,0,0,-33000,0,0,0,100000,133000,-33000,-33000
066673,緯穎凱基02購01  ,0,0,0,0,0,0,0,0,0,-33000,0,0,0,0,33000,-33000,-33000
066223,拓凱國泰03購01  ,0,0,0,0,0,0,0,0,0,-33000,0,0,0,5000,38000,-33000,-33000
066181,泰鼎凱基01購01  ,0,0,0,0,0,0,0,0,0,-33000,0,0,0,35000,68000,-33000,-33000
056783,國巨群益99購01  ,0,0,0,0,0,0,0,0,0,-33000,0,0,0,47000,80000,-33000,-33000
056818,正崴永豐98購01  ,0,0,0,0,0,0,0,0,0,-33000,0,0,0,65000,98000,-33000,-33000
056891,國巨元大99購03  ,0,0,0,0,0,0,0,0,0,-33000,0,0,0,2000,35000,-33000,-33000
056610,鴻海永豐98購01  ,0,0,0,0,0,0,0,0,0,-33000,0,0,0,0,33000,-33000,-33000
058581,大立光群益99購05,0,0,0,0,0,0,0,0,0,-33000,0,0,0,73000,106000,-33000,-33000
057446,旺宏元富02購01  ,0,0,0,0,0,0,0,0,0,-33000,0,0,0,0,33000,-33000,-33000
063523,微星凱基9B購03  ,0,0,0,0,0,0,0,0,0,-33000,0,0,0,1000,34000,-33000,-33000
063330,神達國票9C購01  ,0,0,0,0,0,0,0,0,0,-33000,0,0,0,39000,72000,-33000,-33000
063289,台表科元大9B購07,0,0,0,0,0,0,0,0,0,-33000,0,0,0,0,33000,-33000,-33000
065312,日月光國票01購01,0,0,0,0,0,0,0,0,0,-33000,0,0,0,7000,40000,-33000,-33000
065757,新日興元大9C購06,0,0,0,0,0,0,0,0,0,-33000,0,0,0,17000,50000,-33000,-33000
065746,光寶科元大9C購01,0,0,0,0,0,0,0,0,0,-33000,0,0,0,18000,51000,-33000,-33000
065591,道瓊反元大9C購05,0,0,0,0,0,0,0,0,0,-33000,0,0,0,10000,43000,-33000,-33000
064613,聯電元大9C購05  ,0,0,0,0,0,0,0,0,0,-33000,0,0,0,763000,796000,-33000,-33000
064598,國巨元富9C購03  ,0,0,0,0,0,0,0,0,0,-33000,0,0,0,0,33000,-33000,-33000
064351,中租元大9C購01  ,0,0,0,0,0,0,0,0,0,-33000,0,0,0,68000,101000,-33000,-33000
064127,聯發科元大9C購06,0,0,0,0,0,0,0,0,0,-33000,0,0,0,0,33000,-33000,-33000
064148,瑞昱統一02購01  ,0,0,0,0,0,0,0,0,0,-33000,0,0,0,0,33000,-33000,-33000
063887,香港2X中信02購01,0,0,0,0,0,0,0,0,0,-33000,0,0,0,0,33000,-33000,-33000
066187,瑞祺凱基01購01  ,0,0,0,0,0,0,0,0,0,-34000,0,0,0,54000,88000,-34000,-34000
066402,泰鼎凱基01購02  ,0,0,0,0,0,0,0,0,0,-34000,0,0,0,27000,61000,-34000,-34000
066446,健策群益01購06  ,0,0,0,0,0,0,0,0,0,-34000,0,0,0,53000,87000,-34000,-34000
066660,群光凱基01購01  ,0,0,0,0,0,0,0,0,0,-34000,0,0,0,250000,284000,-34000,-34000
066755,永光永豐01購02  ,0,0,0,0,0,0,0,0,0,-34000,0,0,0,0,34000,-34000,-34000
067035,台表科康和01購01,0,0,0,0,0,0,0,0,0,-34000,0,0,0,24000,58000,-34000,-34000
067132,瑞昱永豐01購01  ,0,0,0,0,0,0,0,0,0,-34000,0,0,0,3000,37000,-34000,-34000
066858,聯鈞國票02購01  ,0,0,0,0,0,0,0,0,0,-34000,0,0,0,1000,35000,-34000,-34000
07059P,華通國票9A售02  ,0,0,0,0,0,0,0,0,0,-34000,0,0,0,31000,65000,-34000,-34000
1702,南僑            ,48000,72000,-24000,0,0,0,0,0,0,-10000,2000,12000,-10000,0,0,0,-34000
058797,大毅元大99購03  ,0,0,0,0,0,0,0,0,0,-34000,0,0,0,9000,43000,-34000,-34000
057682,台積電日盛9A購03,0,0,0,0,0,0,0,0,0,-34000,0,0,0,0,34000,-34000,-34000
052890,FB上証群益9B購01,0,0,0,0,0,0,0,0,0,-34000,0,0,0,49000,83000,-34000,-34000
059379,聯電亞東99購02  ,0,0,0,0,0,0,0,0,0,-34000,0,0,0,0,34000,-34000,-34000
059872,華新科凱基01購01,0,0,0,0,0,0,0,0,0,-34000,0,0,0,0,34000,-34000,-34000
062522,同欣電元大9B購02,0,0,0,0,0,0,0,0,0,-34000,0,0,0,131000,165000,-34000,-34000
062584,鴻海統一9C購13  ,0,0,0,0,0,0,0,0,0,-34000,0,0,0,0,34000,-34000,-34000
060127,牧德永豐99購02  ,0,0,0,0,0,0,0,0,0,-34000,0,0,0,0,34000,-34000,-34000
060955,大立光群益9A購02,0,0,0,0,0,0,0,0,0,-34000,0,0,0,68000,102000,-34000,-34000
064477,南六國泰02購01  ,0,0,0,0,0,0,0,0,0,-34000,0,0,0,23000,57000,-34000,-34000
065592,FBVIX元大9C購06 ,0,0,0,0,0,0,0,0,0,-34000,0,0,0,35000,69000,-34000,-34000
065798,華通群益01購03  ,0,0,0,0,0,0,0,0,0,-34000,0,0,0,90000,124000,-34000,-34000
066008,大立光統一03購02,0,0,0,0,0,0,0,0,0,-34000,0,0,0,2000,36000,-34000,-34000
064977,玉晶光元大01購03,0,0,0,0,0,0,0,0,0,-34000,0,0,0,30000,64000,-34000,-34000
065045,信邦凱基9C購01  ,0,0,0,0,0,0,0,0,0,-34000,0,0,0,2000,36000,-34000,-34000
9942,茂順            ,6000,36000,-30000,0,0,0,0,0,0,-4000,1000,5000,-4000,0,0,0,-34000
08504P,臺股指國票9C售06,0,0,0,0,0,0,0,0,0,-35000,0,0,0,13000,48000,-35000,-35000
08461P,長榮航國票9C售01,0,0,0,0,0,0,0,0,0,-35000,0,0,0,0,35000,-35000,-35000
07754P,日月光元大9A售02,0,0,0,0,0,0,0,0,0,-35000,0,0,0,5000,40000,-35000,-35000
067157,惠特統一03購03  ,0,0,0,0,0,0,0,0,0,-35000,0,0,0,0,35000,-35000,-35000
067281,T50反1國票01購05,0,0,0,0,0,0,0,0,0,-35000,0,0,0,0,35000,-35000,-35000
067256,新唐國票02購01  ,0,0,0,0,0,0,0,0,0,-35000,0,0,0,0,35000,-35000,-35000
067250,中化國票02購01  ,0,0,0,0,0,0,0,0,0,-35000,0,0,0,0,35000,-35000,-35000
067259,聯茂國票02購01  ,0,0,0,0,0,0,0,0,0,-35000,0,0,0,5000,40000,-35000,-35000
066883,聯發科永豐01購01,0,0,0,0,0,0,0,0,0,-35000,0,0,0,0,35000,-35000,-35000
067093,台灣50群益01購08,0,0,0,0,0,0,0,0,0,-35000,0,0,0,0,35000,-35000,-35000
067019,A50中信02購01   ,0,0,0,0,0,0,0,0,0,-35000,0,0,0,0,35000,-35000,-35000
066462,智伸科統一04購02,0,0,0,0,0,0,0,0,0,-35000,0,0,0,0,35000,-35000,-35000
066423,智原元大01購02  ,0,0,0,0,0,0,0,0,0,-35000,0,0,0,25000,60000,-35000,-35000
066184,鎧勝凱基01購01  ,0,0,0,0,0,0,0,0,0,-35000,0,0,0,23000,58000,-35000,-35000
056589,康控統一98購01  ,0,0,0,0,0,0,0,0,0,-35000,0,0,0,8000,43000,-35000,-35000
056125,旺宏國票98購02  ,0,0,0,0,0,0,0,0,0,-35000,0,0,0,0,35000,-35000,-35000
056468,鴻海元大98購07  ,0,0,0,0,0,0,0,0,0,-35000,0,0,0,0,35000,-35000,-35000
054977,SP黃豆元富9B購01,0,0,0,0,0,0,0,0,0,-35000,0,0,0,370000,405000,-35000,-35000
055653,聯詠元富01購02  ,0,0,0,0,0,0,0,0,0,-35000,0,0,0,0,35000,-35000,-35000
058365,奇力新凱基9A購01,0,0,0,0,0,0,0,0,0,-35000,0,0,0,0,35000,-35000,-35000
061831,智邦凱基9B購02  ,0,0,0,0,0,0,0,0,0,-35000,0,0,0,15000,50000,-35000,-35000
057231,美律凱基98購05  ,0,0,0,0,0,0,0,0,0,-35000,0,0,0,0,35000,-35000,-35000
057135,立積凱基98購01  ,0,0,0,0,0,0,0,0,0,-35000,0,0,0,5000,40000,-35000,-35000
058650,台虹永豐9A購01  ,0,0,0,0,0,0,0,0,0,-35000,0,0,0,33000,68000,-35000,-35000
058651,FBVIX中信9C購01 ,0,0,0,0,0,0,0,0,0,-35000,0,0,0,0,35000,-35000,-35000
060208,卜蜂康和9A購01  ,0,0,0,0,0,0,0,0,0,-35000,0,0,0,13000,48000,-35000,-35000
062057,華邦電統一01購01,0,0,0,0,0,0,0,0,0,-35000,0,0,0,0,35000,-35000,-35000
062528,全新統一9C購01  ,0,0,0,0,0,0,0,0,0,-35000,0,0,0,5000,40000,-35000,-35000
059886,可成國票99購04  ,0,0,0,0,0,0,0,0,0,-35000,0,0,0,9000,44000,-35000,-35000
059535,玉山金凱基99購01,0,0,0,0,0,0,0,0,0,-35000,0,0,0,0,35000,-35000,-35000
063423,聯詠凱基9C購02  ,0,0,0,0,0,0,0,0,0,-35000,0,0,0,33000,68000,-35000,-35000
063102,旺宏群益9B購03  ,0,0,0,0,0,0,0,0,0,-35000,0,0,0,0,35000,-35000,-35000
060463,台積電元大9A購10,0,0,0,0,0,0,0,0,0,-35000,0,0,0,0,35000,-35000,-35000
065046,玉晶光凱基01購03,0,0,0,0,0,0,0,0,0,-35000,0,0,0,23000,58000,-35000,-35000
065091,亞光元大9C購01  ,0,0,0,0,0,0,0,0,0,-35000,0,0,0,56000,91000,-35000,-35000
065210,健策國票01購03  ,0,0,0,0,0,0,0,0,0,-35000,0,0,0,0,35000,-35000,-35000
065886,中磊元富9C購01  ,0,0,0,0,0,0,0,0,0,-35000,0,0,0,86000,121000,-35000,-35000
064664,微星元大9C購04  ,0,0,0,0,0,0,0,0,0,-35000,0,0,0,18000,53000,-35000,-35000
064808,國產元大9C購02  ,0,0,0,0,0,0,0,0,0,-35000,0,0,0,5000,40000,-35000,-35000
064887,嘉晶中信9C購02  ,0,0,0,0,0,0,0,0,0,-35000,0,0,0,0,35000,-35000,-35000
063966,大毅國票01購01  ,0,0,0,0,0,0,0,0,0,-35000,0,0,0,10000,45000,-35000,-35000
4137,麗豐-KY         ,38000,93000,-55000,0,0,0,0,1000,-1000,21000,14000,1000,13000,14000,6000,8000,-35000
5434,崇越            ,248000,178000,70000,0,0,0,0,0,0,-105000,0,94000,-94000,0,11000,-11000,-35000
2362,藍天            ,45000,50000,-5000,0,0,0,0,0,0,-30000,0,27000,-27000,0,3000,-3000,-35000
066598,致新群益02購01  ,0,0,0,0,0,0,0,0,0,-36000,0,0,0,25000,61000,-36000,-36000
07103P,南電元大99售04  ,0,0,0,0,0,0,0,0,0,-36000,0,0,0,0,36000,-36000,-36000
08711P,鴻海元富07售04  ,0,0,0,0,0,0,0,0,0,-36000,0,0,0,24000,60000,-36000,-36000
057073,康控永豐98購01  ,0,0,0,0,0,0,0,0,0,-36000,0,0,0,49000,85000,-36000,-36000
059162,國巨凱基99購12  ,0,0,0,0,0,0,0,0,0,-36000,0,0,0,10000,46000,-36000,-36000
062187,台勝科元大9B購02,0,0,0,0,0,0,0,0,0,-36000,0,0,0,64000,100000,-36000,-36000
057948,嘉聯益國票99購02,0,0,0,0,0,0,0,0,0,-36000,0,0,0,0,36000,-36000,-36000
057923,晶豪科凱基98購02,0,0,0,0,0,0,0,0,0,-36000,0,0,0,0,36000,-36000,-36000
058929,可成統一9C購01  ,0,0,0,0,0,0,0,0,0,-36000,0,0,0,50000,86000,-36000,-36000
059003,中壽元大99購01  ,0,0,0,0,0,0,0,0,0,-36000,0,0,0,10000,46000,-36000,-36000
062937,旺宏凱基9B購08  ,0,0,0,0,0,0,0,0,0,-36000,0,0,0,62000,98000,-36000,-36000
061105,宏達電元大9A購04,0,0,0,0,0,0,0,0,0,-36000,0,0,0,163000,199000,-36000,-36000
061422,台積電元大9A購30,0,0,0,0,0,0,0,0,0,-36000,0,0,0,20000,56000,-36000,-36000
063319,神達群益9B購01  ,0,0,0,0,0,0,0,0,0,-36000,0,0,0,0,36000,-36000,-36000
062525,鴻海統一9C購10  ,0,0,0,0,0,0,0,0,0,-36000,0,0,0,42000,78000,-36000,-36000
062834,立積群益9B購02  ,0,0,0,0,0,0,0,0,0,-36000,0,0,0,15000,51000,-36000,-36000
060926,宏達電永豐9A購01,0,0,0,0,0,0,0,0,0,-36000,0,0,0,25000,61000,-36000,-36000
064042,國巨統一9C購12  ,0,0,0,0,0,0,0,0,0,-36000,0,0,0,37000,73000,-36000,-36000
064508,力成元大9C購03  ,0,0,0,0,0,0,0,0,0,-36000,0,0,0,50000,86000,-36000,-36000
065980,中租元大02購01  ,0,0,0,0,0,0,0,0,0,-36000,0,0,0,68000,104000,-36000,-36000
065105,巨大元大01購01  ,0,0,0,0,0,0,0,0,0,-36000,0,0,0,49000,85000,-36000,-36000
6672,騰輝電子-KY     ,35000,63031,-28031,0,0,0,0,0,0,-8000,1000,9000,-8000,0,0,0,-36031
08685P,南電凱基01售03  ,0,0,0,0,0,0,0,0,0,-37000,0,0,0,42000,79000,-37000,-37000
08259P,華新科元大9C售04,0,0,0,0,0,0,0,0,0,-37000,0,0,0,46000,83000,-37000,-37000
08310P,南電凱基9C售01  ,0,0,0,0,0,0,0,0,0,-37000,0,0,0,3000,40000,-37000,-37000
067252,智邦國票02購02  ,0,0,0,0,0,0,0,0,0,-37000,0,0,0,0,37000,-37000,-37000
06673P,大立光群益98售01,0,0,0,0,0,0,0,0,0,-37000,0,0,0,0,37000,-37000,-37000
066389,南港凱基01購01  ,0,0,0,0,0,0,0,0,0,-37000,0,0,0,66000,103000,-37000,-37000
057582,亞光中信9A購02  ,0,0,0,0,0,0,0,0,0,-37000,0,0,0,16000,53000,-37000,-37000
058431,國巨統一9B購01  ,0,0,0,0,0,0,0,0,0,-37000,0,0,0,449000,486000,-37000,-37000
062763,華擎凱基9C購02  ,0,0,0,0,0,0,0,0,0,-37000,0,0,0,0,37000,-37000,-37000
060865,創意永豐9A購01  ,0,0,0,0,0,0,0,0,0,-37000,0,0,0,76000,113000,-37000,-37000
065826,國巨凱基9C購12  ,0,0,0,0,0,0,0,0,0,-37000,0,0,0,2000,39000,-37000,-37000
065610,牧德元大02購01  ,0,0,0,0,0,0,0,0,0,-37000,0,0,0,1000,38000,-37000,-37000
064041,國巨統一01購07  ,0,0,0,0,0,0,0,0,0,-37000,0,0,0,7000,44000,-37000,-37000
063735,華新科元大9B購15,0,0,0,0,0,0,0,0,0,-37000,0,0,0,66000,103000,-37000,-37000
063801,GIS凱基01購01   ,0,0,0,0,0,0,0,0,0,-37000,0,0,0,68000,105000,-37000,-37000
6573,虹揚-KY         ,5000,39000,-34000,0,0,0,0,0,0,-3000,0,3000,-3000,0,0,0,-37000
2228,劍麟            ,40000,70000,-30000,0,0,0,0,7000,-7000,0,0,0,0,1000,1000,0,-37000
066642,臺股指凱基04購01,0,0,0,0,0,0,0,0,0,-38000,0,0,0,20000,58000,-38000,-38000
067001,中化永豐01購02  ,0,0,0,0,0,0,0,0,0,-38000,0,0,0,0,38000,-38000,-38000
057438,禾伸堂國票99購01,0,0,0,0,0,0,0,0,0,-38000,0,0,0,5000,43000,-38000,-38000
057856,聯鈞國票99購03  ,0,0,0,0,0,0,0,0,0,-38000,0,0,0,0,38000,-38000,-38000
058008,禾伸堂國票99購02,0,0,0,0,0,0,0,0,0,-38000,0,0,0,0,38000,-38000,-38000
056444,南亞科凱基99購01,0,0,0,0,0,0,0,0,0,-38000,0,0,0,32000,70000,-38000,-38000
020015,統一MSCI美低波N ,0,0,0,0,0,0,0,0,0,-38000,0,0,0,50000,88000,-38000,-38000
061468,神達群益9A購01  ,0,0,0,0,0,0,0,0,0,-38000,0,0,0,47000,85000,-38000,-38000
061568,國巨元大9A購25  ,0,0,0,0,0,0,0,0,0,-38000,0,0,0,4000,42000,-38000,-38000
061710,國巨凱基9A購18  ,0,0,0,0,0,0,0,0,0,-38000,0,0,0,8000,46000,-38000,-38000
063947,大毅元大9C購02  ,0,0,0,0,0,0,0,0,0,-38000,0,0,0,16000,54000,-38000,-38000
064530,康控中信9C購01  ,0,0,0,0,0,0,0,0,0,-38000,0,0,0,86000,124000,-38000,-38000
064309,聯發科群益9C購07,0,0,0,0,0,0,0,0,0,-38000,0,0,0,0,38000,-38000,-38000
064292,南茂元大01購01  ,0,0,0,0,0,0,0,0,0,-38000,0,0,0,49000,87000,-38000,-38000
064825,英業達統一9C購01,0,0,0,0,0,0,0,0,0,-38000,0,0,0,0,38000,-38000,-38000
064748,力成國票01購01  ,0,0,0,0,0,0,0,0,0,-38000,0,0,0,0,38000,-38000,-38000
065707,聯詠群益9C購02  ,0,0,0,0,0,0,0,0,0,-38000,0,0,0,28000,66000,-38000,-38000
065974,智原元大01購01  ,0,0,0,0,0,0,0,0,0,-38000,0,0,0,34000,72000,-38000,-38000
065972,聯發科元大01購07,0,0,0,0,0,0,0,0,0,-38000,0,0,0,131000,169000,-38000,-38000
065158,和碩群益9C購01  ,0,0,0,0,0,0,0,0,0,-38000,0,0,0,3000,41000,-38000,-38000
065001,中橡國票9C購01  ,0,0,0,0,0,0,0,0,0,-38000,0,0,0,0,38000,-38000,-38000
064921,景碩統一02購01  ,0,0,0,0,0,0,0,0,0,-38000,0,0,0,79000,117000,-38000,-38000
065296,國巨統一01購10  ,0,0,0,0,0,0,0,0,0,-38000,0,0,0,2000,40000,-38000,-38000
065388,華擎兆豐01購01  ,0,0,0,0,0,0,0,0,0,-38000,0,0,0,0,38000,-38000,-38000
065537,健鼎統一02購05  ,0,0,0,0,0,0,0,0,0,-38000,0,0,0,2000,40000,-38000,-38000
065420,中租國票01購01  ,0,0,0,0,0,0,0,0,0,-38000,0,0,0,0,38000,-38000,-38000
2616,山隆            ,3000,32000,-29000,0,0,0,0,0,0,-9000,0,9000,-9000,0,0,0,-38000
5305,敦南            ,85000,108000,-23000,0,0,0,0,0,0,-15000,0,15000,-15000,0,0,0,-38000
4532,瑞智            ,64000,95000,-31000,0,0,0,0,0,0,-7000,1000,8000,-7000,0,0,0,-38000
6525,捷敏-KY         ,16000,47000,-31000,0,0,0,0,0,0,-7000,0,7000,-7000,0,0,0,-38000
067050,京鼎凱基03購01  ,0,0,0,0,0,0,0,0,0,-39000,0,0,0,11000,50000,-39000,-39000
067137,健策永豐01購03  ,0,0,0,0,0,0,0,0,0,-39000,0,0,0,0,39000,-39000,-39000
066888,長榮航中信07購01,0,0,0,0,0,0,0,0,0,-39000,0,0,0,0,39000,-39000,-39000
066516,智原永豐01購01  ,0,0,0,0,0,0,0,0,0,-39000,0,0,0,0,39000,-39000,-39000
066196,南港統一03購01  ,0,0,0,0,0,0,0,0,0,-39000,0,0,0,550000,589000,-39000,-39000
08314P,國巨元大9C售14  ,0,0,0,0,0,0,0,0,0,-39000,0,0,0,0,39000,-39000,-39000
07952P,富邦金元大9B售02,0,0,0,0,0,0,0,0,0,-39000,0,0,0,0,39000,-39000,-39000
08096P,大立光元富9B售04,0,0,0,0,0,0,0,0,0,-39000,0,0,0,0,39000,-39000,-39000
08468P,台郡統一9C售02  ,0,0,0,0,0,0,0,0,0,-39000,0,0,0,62000,101000,-39000,-39000
08743P,群創凱基01售04  ,0,0,0,0,0,0,0,0,0,-39000,0,0,0,51000,90000,-39000,-39000
056603,嘉聯益國泰9A購01,0,0,0,0,0,0,0,0,0,-39000,0,0,0,6000,45000,-39000,-39000
055119,力成凱基98購01  ,0,0,0,0,0,0,0,0,0,-39000,0,0,0,10000,49000,-39000,-39000
05894P,友達群益98售02  ,0,0,0,0,0,0,0,0,0,-39000,0,0,0,20000,59000,-39000,-39000
057421,智原凱基98購04  ,0,0,0,0,0,0,0,0,0,-39000,0,0,0,10000,49000,-39000,-39000
061782,智邦群益9B購01  ,0,0,0,0,0,0,0,0,0,-39000,0,0,0,10000,49000,-39000,-39000
062374,茂林元大9B購03  ,0,0,0,0,0,0,0,0,0,-39000,0,0,0,79000,118000,-39000,-39000
062510,台積電國票01購01,0,0,0,0,0,0,0,0,0,-39000,0,0,0,0,39000,-39000,-39000
061072,南電凱基9B購01  ,0,0,0,0,0,0,0,0,0,-39000,0,0,0,13000,52000,-39000,-39000
062940,華新科凱基9C購02,0,0,0,0,0,0,0,0,0,-39000,0,0,0,0,39000,-39000,-39000
062984,致新元富9B購01  ,0,0,0,0,0,0,0,0,0,-39000,0,0,0,31000,70000,-39000,-39000
065284,旺宏群益9C購03  ,0,0,0,0,0,0,0,0,0,-39000,0,0,0,4000,43000,-39000,-39000
066050,亞光元大01購01  ,0,0,0,0,0,0,0,0,0,-39000,0,0,0,4000,43000,-39000,-39000
065643,聯發科元大01購06,0,0,0,0,0,0,0,0,0,-39000,0,0,0,344000,383000,-39000,-39000
065829,嘉晶凱基9C購05  ,0,0,0,0,0,0,0,0,0,-39000,0,0,0,66000,105000,-39000,-39000
065750,智邦元大9C購09  ,0,0,0,0,0,0,0,0,0,-39000,0,0,0,96000,135000,-39000,-39000
064397,旭富永豐9C購01  ,0,0,0,0,0,0,0,0,0,-39000,0,0,0,10000,49000,-39000,-39000
064253,貿聯元富9C購01  ,0,0,0,0,0,0,0,0,0,-39000,0,0,0,97000,136000,-39000,-39000
2239,英利-KY         ,53000,85000,-32000,0,0,0,0,0,0,-7000,0,2000,-2000,1000,6000,-5000,-39000
08567P,台勝科群益9C售01,0,0,0,0,0,0,0,0,0,-40000,0,0,0,0,40000,-40000,-40000
08618P,國巨群益9C售20  ,0,0,0,0,0,0,0,0,0,-40000,0,0,0,0,40000,-40000,-40000
08154P,上銀元富9B售04  ,0,0,0,0,0,0,0,0,0,-40000,0,0,0,20000,60000,-40000,-40000
07883P,可成凱基9B售03  ,0,0,0,0,0,0,0,0,0,-40000,0,0,0,10000,50000,-40000,-40000
067312,欣興元大02購01  ,0,0,0,0,0,0,0,0,0,-40000,0,0,0,1000,41000,-40000,-40000
06938P,南電元大98售03  ,0,0,0,0,0,0,0,0,0,-40000,0,0,0,0,40000,-40000,-40000
06822P,上銀富邦99售03  ,0,0,0,0,0,0,0,0,0,-40000,0,0,0,0,40000,-40000,-40000
06861P,台積電國票99售08,0,0,0,0,0,0,0,0,0,-40000,0,0,0,163000,203000,-40000,-40000
058211,國巨群益9A購02  ,0,0,0,0,0,0,0,0,0,-40000,0,0,0,0,40000,-40000,-40000
058783,臺股指國票99購02,0,0,0,0,0,0,0,0,0,-40000,0,0,0,0,40000,-40000,-40000
058837,SGBR2X中信9C購01,0,0,0,0,0,0,0,0,0,-40000,0,0,0,0,40000,-40000,-40000
058591,台灣50統一9B購02,0,0,0,0,0,0,0,0,0,-40000,0,0,0,0,40000,-40000,-40000
059075,FBVIX元大99購01 ,0,0,0,0,0,0,0,0,0,-40000,0,0,0,0,40000,-40000,-40000
057063,立積國泰9A購01  ,0,0,0,0,0,0,0,0,0,-40000,0,0,0,0,40000,-40000,-40000
057632,傳奇永豐98購01  ,0,0,0,0,0,0,0,0,0,-40000,0,0,0,0,40000,-40000,-40000
058320,華新科永豐99購02,0,0,0,0,0,0,0,0,0,-40000,0,0,0,0,40000,-40000,-40000
061994,瑞儀元大9B購01  ,0,0,0,0,0,0,0,0,0,-40000,0,0,0,6000,46000,-40000,-40000
058153,景碩統一9B購01  ,0,0,0,0,0,0,0,0,0,-40000,0,0,0,0,40000,-40000,-40000
056378,欣興元富98購01  ,0,0,0,0,0,0,0,0,0,-40000,0,0,0,0,40000,-40000,-40000
056555,矽創凱基98購01  ,0,0,0,0,0,0,0,0,0,-40000,0,0,0,20000,60000,-40000,-40000
053291,旺宏中信9A購01  ,0,0,0,0,0,0,0,0,0,-40000,0,0,0,0,40000,-40000,-40000
054893,帆宣統一99購01  ,0,0,0,0,0,0,0,0,0,-40000,0,0,0,3000,43000,-40000,-40000
060293,緯創元大9A購01  ,0,0,0,0,0,0,0,0,0,-40000,0,0,0,5000,45000,-40000,-40000
063063,泰鼎元富9B購01  ,0,0,0,0,0,0,0,0,0,-40000,0,0,0,0,40000,-40000,-40000
060543,鴻海凱基9B購02  ,0,0,0,0,0,0,0,0,0,-40000,0,0,0,0,40000,-40000,-40000
061069,嘉聯益凱基9A購01,0,0,0,0,0,0,0,0,0,-40000,0,0,0,10000,50000,-40000,-40000
061271,聯茂凱基9A購04  ,0,0,0,0,0,0,0,0,0,-40000,0,0,0,20000,60000,-40000,-40000
060382,儒鴻凱基9A購01  ,0,0,0,0,0,0,0,0,0,-40000,0,0,0,8000,48000,-40000,-40000
060804,T50反1群益9A購02,0,0,0,0,0,0,0,0,0,-40000,0,0,0,0,40000,-40000,-40000
061150,國巨群益9A購09  ,0,0,0,0,0,0,0,0,0,-40000,0,0,0,20000,60000,-40000,-40000
063479,南六元大9B購06  ,0,0,0,0,0,0,0,0,0,-40000,0,0,0,14000,54000,-40000,-40000
059304,華新科兆豐99購06,0,0,0,0,0,0,0,0,0,-40000,0,0,0,0,40000,-40000,-40000
062383,大立光國泰01購01,0,0,0,0,0,0,0,0,0,-40000,0,0,0,80000,120000,-40000,-40000
060965,中租凱基9B購01  ,0,0,0,0,0,0,0,0,0,-40000,0,0,0,15000,55000,-40000,-40000
062243,臺指反元大02購04,0,0,0,0,0,0,0,0,0,-40000,0,0,0,0,40000,-40000,-40000
060924,大毅永豐9A購03  ,0,0,0,0,0,0,0,0,0,-40000,0,0,0,0,40000,-40000,-40000
064081,國產中信06購01  ,0,0,0,0,0,0,0,0,0,-40000,0,0,0,154000,194000,-40000,-40000
063766,南茂元富9B購01  ,0,0,0,0,0,0,0,0,0,-40000,0,0,0,10000,50000,-40000,-40000
06371P,茂林國票98售04  ,0,0,0,0,0,0,0,0,0,-40000,0,0,0,20000,60000,-40000,-40000
064754,漢唐凱基02購01  ,0,0,0,0,0,0,0,0,0,-40000,0,0,0,30000,70000,-40000,-40000
064674,鈺齊元大9C購01  ,0,0,0,0,0,0,0,0,0,-40000,0,0,0,400000,440000,-40000,-40000
065774,旭富國票01購01  ,0,0,0,0,0,0,0,0,0,-40000,0,0,0,35000,75000,-40000,-40000
065264,亞光元大9C購02  ,0,0,0,0,0,0,0,0,0,-40000,0,0,0,23000,63000,-40000,-40000
065231,宏達電凱基01購01,0,0,0,0,0,0,0,0,0,-40000,0,0,0,10000,50000,-40000,-40000
2397,友通            ,9000,31000,-22000,0,0,0,0,0,0,-18000,0,18000,-18000,0,0,0,-40000
2476,鉅祥            ,8000,46000,-38000,0,0,0,0,0,0,-2000,0,2000,-2000,0,0,0,-40000
6205,詮欣            ,27000,59000,-32000,0,0,0,0,0,0,-8000,0,8000,-8000,0,0,0,-40000
06954P,大立光元富99售01,0,0,0,0,0,0,0,0,0,-41000,0,0,0,0,41000,-41000,-41000
06962P,華新科永豐99售01,0,0,0,0,0,0,0,0,0,-41000,0,0,0,10000,51000,-41000,-41000
06997P,台灣50中信03售01,0,0,0,0,0,0,0,0,0,-41000,0,0,0,0,41000,-41000,-41000
067149,瑞昱統一03購01  ,0,0,0,0,0,0,0,0,0,-41000,0,0,0,0,41000,-41000,-41000
066558,創意元大01購04  ,0,0,0,0,0,0,0,0,0,-41000,0,0,0,75000,116000,-41000,-41000
08434P,臺股指凱基03售02,0,0,0,0,0,0,0,0,0,-41000,0,0,0,459000,500000,-41000,-41000
08428P,GIS國票01售01   ,0,0,0,0,0,0,0,0,0,-41000,0,0,0,20000,61000,-41000,-41000
08395P,燿華永豐9C售02  ,0,0,0,0,0,0,0,0,0,-41000,0,0,0,0,41000,-41000,-41000
00673R,元大S&P原油反1  ,0,0,0,0,0,0,0,0,0,-41000,0,0,0,71000,112000,-41000,-41000
059044,聯電日盛99購02  ,0,0,0,0,0,0,0,0,0,-41000,0,0,0,0,41000,-41000,-41000
061957,上銀統一01購01  ,0,0,0,0,0,0,0,0,0,-41000,0,0,0,340000,381000,-41000,-41000
057717,友訊元富98購02  ,0,0,0,0,0,0,0,0,0,-41000,0,0,0,59000,100000,-41000,-41000
060022,勤誠康和99購01  ,0,0,0,0,0,0,0,0,0,-41000,0,0,0,10000,51000,-41000,-41000
063467,大立光元大9C購06,0,0,0,0,0,0,0,0,0,-41000,0,0,0,0,41000,-41000,-41000
065198,玉晶光元富06購01,0,0,0,0,0,0,0,0,0,-41000,0,0,0,49000,90000,-41000,-41000
065298,健策統一9C購06  ,0,0,0,0,0,0,0,0,0,-41000,0,0,0,9000,50000,-41000,-41000
065482,立積元大01購02  ,0,0,0,0,0,0,0,0,0,-41000,0,0,0,73000,114000,-41000,-41000
065602,聯發科元大9C購15,0,0,0,0,0,0,0,0,0,-41000,0,0,0,20000,61000,-41000,-41000
063744,儒鴻國票9C購01  ,0,0,0,0,0,0,0,0,0,-41000,0,0,0,16000,57000,-41000,-41000
6192,巨路            ,35000,70450,-35450,0,0,0,0,0,0,-6000,0,6000,-6000,0,0,0,-41450
07428P,華新科國票9A售01,0,0,0,0,0,0,0,0,0,-42000,0,0,0,10000,52000,-42000,-42000
08135P,玉晶光國泰01售02,0,0,0,0,0,0,0,0,0,-42000,0,0,0,0,42000,-42000,-42000
06698P,玉晶光國票99售05,0,0,0,0,0,0,0,0,0,-42000,0,0,0,8000,50000,-42000,-42000
057543,華通凱基99購02  ,0,0,0,0,0,0,0,0,0,-42000,0,0,0,0,42000,-42000,-42000
059113,群光永豐99購01  ,0,0,0,0,0,0,0,0,0,-42000,0,0,0,1000,43000,-42000,-42000
058773,和碩兆豐99購01  ,0,0,0,0,0,0,0,0,0,-42000,0,0,0,10000,52000,-42000,-42000
0051,元大中型100     ,4000,2000,2000,0,0,0,0,0,0,-44000,0,0,0,0,44000,-44000,-42000
063458,正隆元大9B購01  ,0,0,0,0,0,0,0,0,0,-42000,0,0,0,351000,393000,-42000,-42000
061567,華通元大9A購11  ,0,0,0,0,0,0,0,0,0,-42000,0,0,0,37000,79000,-42000,-42000
061546,大立光群益9A購05,0,0,0,0,0,0,0,0,0,-42000,0,0,0,0,42000,-42000,-42000
060999,國巨兆豐9A購01  ,0,0,0,0,0,0,0,0,0,-42000,0,0,0,10000,52000,-42000,-42000
059503,大立光富邦9B購04,0,0,0,0,0,0,0,0,0,-42000,0,0,0,0,42000,-42000,-42000
063872,嘉聯益永豐9C購01,0,0,0,0,0,0,0,0,0,-42000,0,0,0,58000,100000,-42000,-42000
064845,華通元富9C購02  ,0,0,0,0,0,0,0,0,0,-42000,0,0,0,82000,124000,-42000,-42000
064367,貿聯統一01購02  ,0,0,0,0,0,0,0,0,0,-42000,0,0,0,40000,82000,-42000,-42000
064939,健策元富9C購03  ,0,0,0,0,0,0,0,0,0,-42000,0,0,0,52000,94000,-42000,-42000
1760,寶齡富錦        ,828000,869000,-41000,0,0,0,0,0,0,-1000,1000,2000,-1000,0,0,0,-42000
066982,嘉晶群益02購01  ,0,0,0,0,0,0,0,0,0,-43000,0,0,0,1000,44000,-43000,-43000
066744,和碩元大01購02  ,0,0,0,0,0,0,0,0,0,-43000,0,0,0,9000,52000,-43000,-43000
066174,京鼎凱基01購01  ,0,0,0,0,0,0,0,0,0,-43000,0,0,0,159000,202000,-43000,-43000
08345P,大立光元大9C售14,0,0,0,0,0,0,0,0,0,-43000,0,0,0,0,43000,-43000,-43000
03033X,元展30          ,0,0,0,0,0,0,0,0,0,-43000,0,0,0,0,43000,-43000,-43000
056794,上銀麥證98購01  ,0,0,0,2000,45000,-43000,0,0,0,-43000,0,0,0,2000,45000,-43000,-43000
056612,台積電永豐98購01,0,0,0,0,0,0,0,0,0,-43000,0,0,0,0,43000,-43000,-43000
058732,矽格永豐99購01  ,0,0,0,0,0,0,0,0,0,-43000,0,0,0,116000,159000,-43000,-43000
057112,立積群益99購01  ,0,0,0,0,0,0,0,0,0,-43000,0,0,0,92000,135000,-43000,-43000
057332,旺宏國票99購03  ,0,0,0,0,0,0,0,0,0,-43000,0,0,0,0,43000,-43000,-43000
062011,上銀富邦9C購01  ,0,0,0,0,0,0,0,0,0,-43000,0,0,0,179000,222000,-43000,-43000
061579,京鼎元大9A購02  ,0,0,0,0,0,0,0,0,0,-43000,0,0,0,1000,44000,-43000,-43000
059936,台積電永豐99購06,0,0,0,0,0,0,0,0,0,-43000,0,0,0,2000,45000,-43000,-43000
062582,鴻海統一9C購11  ,0,0,0,0,0,0,0,0,0,-43000,0,0,0,32000,75000,-43000,-43000
061019,大毅國票9A購01  ,0,0,0,0,0,0,0,0,0,-43000,0,0,0,0,43000,-43000,-43000
062415,聯茂中信9C購01  ,0,0,0,0,0,0,0,0,0,-43000,0,0,0,77000,120000,-43000,-43000
063328,京元電國票9C購02,0,0,0,0,0,0,0,0,0,-43000,0,0,0,21000,64000,-43000,-43000
065228,南亞科凱基01購03,0,0,0,0,0,0,0,0,0,-43000,0,0,0,7000,50000,-43000,-43000
066165,大毅凱基01購01  ,0,0,0,0,0,0,0,0,0,-43000,0,0,0,177000,220000,-43000,-43000
065891,聯發科統一02購03,0,0,0,0,0,0,0,0,0,-43000,0,0,0,0,43000,-43000,-43000
064393,友訊永豐9C購01  ,0,0,0,0,0,0,0,0,0,-43000,0,0,0,30000,73000,-43000,-43000
063954,世芯元大01購02  ,0,0,0,0,0,0,0,0,0,-43000,0,0,0,0,43000,-43000,-43000
2887F,台新戊特二      ,0,0,0,0,0,0,0,0,0,-43000,0,43000,-43000,0,0,0,-43000
08260P,大立光元大9C售08,0,0,0,0,0,0,0,0,0,-44000,0,0,0,1000,45000,-44000,-44000
061939,中租國票9B購01  ,0,0,0,0,0,0,0,0,0,-44000,0,0,0,0,44000,-44000,-44000
063401,中租群益9B購03  ,0,0,0,0,0,0,0,0,0,-44000,0,0,0,78000,122000,-44000,-44000
060657,旺宏統一9B購05  ,0,0,0,0,0,0,0,0,0,-44000,0,0,0,6000,50000,-44000,-44000
060307,南港永豐9A購01  ,0,0,0,0,0,0,0,0,0,-44000,0,0,0,0,44000,-44000,-44000
062379,致新元大9B購01  ,0,0,0,0,0,0,0,0,0,-44000,0,0,0,25000,69000,-44000,-44000
061696,南茂群益9A購01  ,0,0,0,0,0,0,0,0,0,-44000,0,0,0,6000,50000,-44000,-44000
062111,台勝科國票9B購01,0,0,0,0,0,0,0,0,0,-44000,0,0,0,34000,78000,-44000,-44000
059661,大立光元大99購22,0,0,0,0,0,0,0,0,0,-44000,0,0,0,6000,50000,-44000,-44000
059840,鴻海富邦9A購02  ,0,0,0,0,0,0,0,0,0,-44000,0,0,0,0,44000,-44000,-44000
064060,同欣電麥證01購01,0,0,0,0,54000,-54000,0,0,0,-44000,0,0,0,10000,54000,-44000,-44000
064832,長榮航統一01購01,0,0,0,0,0,0,0,0,0,-44000,0,0,0,0,44000,-44000,-44000
065099,聯茂元大9C購03  ,0,0,0,0,0,0,0,0,0,-44000,0,0,0,57000,101000,-44000,-44000
065512,友訊群益01購01  ,0,0,0,0,0,0,0,0,0,-44000,0,0,0,28000,72000,-44000,-44000
2204,中華            ,324000,360000,-36000,0,0,0,0,0,0,-8000,1000,9000,-8000,0,0,0,-44000
08241P,微星中信06售01  ,0,0,0,0,0,0,0,0,0,-45000,0,0,0,0,45000,-45000,-45000
08122P,晶技國票9C售01  ,0,0,0,0,0,0,0,0,0,-45000,0,0,0,8000,53000,-45000,-45000
07223P,鴻海元大99售29  ,0,0,0,0,0,0,0,0,0,-45000,0,0,0,0,45000,-45000,-45000
08492P,大立光元大9C售22,0,0,0,0,0,0,0,0,0,-45000,0,0,0,5000,50000,-45000,-45000
08682P,鴻海凱基01售06  ,0,0,0,0,0,0,0,0,0,-45000,0,0,0,40000,85000,-45000,-45000
066426,台勝科元大01購02,0,0,0,0,0,0,0,0,0,-45000,0,0,0,20000,65000,-45000,-45000
066411,南紡元大01購01  ,0,0,0,0,0,0,0,0,0,-45000,0,0,0,5000,50000,-45000,-45000
066728,台積電元大01購15,0,0,0,0,0,0,0,0,0,-45000,0,0,0,40000,85000,-45000,-45000
067213,大立光元大01購11,0,0,0,0,0,0,0,0,0,-45000,0,0,0,0,45000,-45000,-45000
06728P,全新元大98售03  ,0,0,0,0,0,0,0,0,0,-45000,0,0,0,55000,100000,-45000,-45000
07035P,大立光元富99售04,0,0,0,0,0,0,0,0,0,-45000,0,0,0,11000,56000,-45000,-45000
061953,台積電台新9B購04,0,0,0,0,0,0,0,0,0,-45000,0,0,0,2000,47000,-45000,-45000
061840,長榮航凱基9C購01,0,0,0,0,0,0,0,0,0,-45000,0,0,0,14000,59000,-45000,-45000
05781P,臺股指統一99售02,0,0,0,0,0,0,0,0,0,-45000,0,0,0,0,45000,-45000,-45000
058015,旺宏凱基99購02  ,0,0,0,0,0,0,0,0,0,-45000,0,0,0,50000,95000,-45000,-45000
053095,台光電統一98購01,0,0,0,0,0,0,0,0,0,-45000,0,0,0,0,45000,-45000,-45000
03689C,T50反1元大02牛01,0,0,0,0,0,0,0,0,0,-45000,0,0,0,130000,175000,-45000,-45000
059529,華新科凱基9A購04,0,0,0,0,0,0,0,0,0,-45000,0,0,0,0,45000,-45000,-45000
063399,智原群益9B購01  ,0,0,0,0,0,0,0,0,0,-45000,0,0,0,0,45000,-45000,-45000
065123,台灣50永豐9C購02,0,0,0,0,0,0,0,0,0,-45000,0,0,0,0,45000,-45000,-45000
065946,鴻海統一03購03  ,0,0,0,0,0,0,0,0,0,-45000,0,0,0,20000,65000,-45000,-45000
066087,大毅永豐01購02  ,0,0,0,0,0,0,0,0,0,-45000,0,0,0,0,45000,-45000,-45000
065693,國巨群益9C購18  ,0,0,0,0,0,0,0,0,0,-45000,0,0,0,33000,78000,-45000,-45000
064509,台表科元大9C購08,0,0,0,0,0,0,0,0,0,-45000,0,0,0,5000,50000,-45000,-45000
063727,鴻海元大9C購05  ,0,0,0,0,0,0,0,0,0,-45000,0,0,0,0,45000,-45000,-45000
066724,台達電元大01購01,0,0,0,0,0,0,0,0,0,-46000,0,0,0,40000,86000,-46000,-46000
066550,國泰金元大01購01,0,0,0,0,0,0,0,0,0,-46000,0,0,0,0,46000,-46000,-46000
066461,智伸科統一04購01,0,0,0,0,0,0,0,0,0,-46000,0,0,0,0,46000,-46000,-46000
08462P,臻鼎國票9C售02  ,0,0,0,0,0,0,0,0,0,-46000,0,0,0,73000,119000,-46000,-46000
057638,上銀元大99購01  ,0,0,0,0,0,0,0,0,0,-46000,0,0,0,36000,82000,-46000,-46000
058474,鴻海凱基9A購06  ,0,0,0,0,0,0,0,0,0,-46000,0,0,0,15000,61000,-46000,-46000
062547,玉晶光永豐9B購05,0,0,0,0,0,0,0,0,0,-46000,0,0,0,20000,66000,-46000,-46000
061033,台光電永豐9A購01,0,0,0,0,0,0,0,0,0,-46000,0,0,0,37000,83000,-46000,-46000
062441,華新科元大9C購01,0,0,0,0,0,0,0,0,0,-46000,0,0,0,20000,66000,-46000,-46000
063970,大立光國票01購01,0,0,0,0,0,0,0,0,0,-46000,0,0,0,0,46000,-46000,-46000
064826,南亞科統一01購03,0,0,0,0,0,0,0,0,0,-46000,0,0,0,20000,66000,-46000,-46000
064752,台達電凱基01購01,0,0,0,0,0,0,0,0,0,-46000,0,0,0,54000,100000,-46000,-46000
2420,新巨            ,11000,48000,-37000,0,0,0,0,0,0,-9000,0,9000,-9000,0,0,0,-46000
4999,鑫禾            ,20000,65000,-45000,0,0,0,0,0,0,-1000,0,1000,-1000,0,0,0,-46000
6598,ABC-KY          ,53000,99000,-46000,0,0,0,0,0,0,0,0,0,0,0,0,0,-46000
08399P,技嘉元富9C售02  ,0,0,0,0,0,0,0,0,0,-47000,0,0,0,90000,137000,-47000,-47000
08152P,祥碩統一9B售02  ,0,0,0,0,0,0,0,0,0,-47000,0,0,0,771000,818000,-47000,-47000
066379,台達電康和01購01,0,0,0,0,0,0,0,0,0,-47000,0,0,0,0,47000,-47000,-47000
066294,嘉基元大01購01  ,0,0,0,0,0,0,0,0,0,-47000,0,0,0,18000,65000,-47000,-47000
066594,聯詠群益01購01  ,0,0,0,0,0,0,0,0,0,-47000,0,0,0,0,47000,-47000,-47000
07067P,旺宏台新99售02  ,0,0,0,0,0,0,0,0,0,-47000,0,0,0,0,47000,-47000,-47000
067066,鴻海元大01購15  ,0,0,0,0,0,0,0,0,0,-47000,0,0,0,0,47000,-47000,-47000
059068,台虹國票9A購01  ,0,0,0,0,0,0,0,0,0,-47000,0,0,0,42000,89000,-47000,-47000
057876,隆達元大98購01  ,0,0,0,0,0,0,0,0,0,-47000,0,0,0,0,47000,-47000,-47000
061617,微星群益9A購02  ,0,0,0,0,0,0,0,0,0,-47000,0,0,0,12000,59000,-47000,-47000
055688,力成凱基98購02  ,0,0,0,0,0,0,0,0,0,-47000,0,0,0,0,47000,-47000,-47000
062462,GIS群益9B購01   ,0,0,0,0,0,0,0,0,0,-47000,0,0,0,5000,52000,-47000,-47000
063394,金像電群益9B購01,0,0,0,0,0,0,0,0,0,-47000,0,0,0,182000,229000,-47000,-47000
063340,英業達統一9B購01,0,0,0,0,0,0,0,0,0,-47000,0,0,0,0,47000,-47000,-47000
063261,康控富邦03購01  ,0,0,0,0,0,0,0,0,0,-47000,0,0,0,21000,68000,-47000,-47000
061180,華擎凱基9B購01  ,0,0,0,0,0,0,0,0,0,-47000,0,0,0,4000,51000,-47000,-47000
060646,南電永豐9A購01  ,0,0,0,0,0,0,0,0,0,-47000,0,0,0,1000,48000,-47000,-47000
060571,京元電永豐9A購01,0,0,0,0,0,0,0,0,0,-47000,0,0,0,12000,59000,-47000,-47000
060367,緯穎元富9A購02  ,0,0,0,0,0,0,0,0,0,-47000,0,0,0,9000,56000,-47000,-47000
064280,大立光元大9C購11,0,0,0,0,0,0,0,0,0,-47000,0,0,0,0,47000,-47000,-47000
064014,貿聯國票01購01  ,0,0,0,0,0,0,0,0,0,-47000,0,0,0,0,47000,-47000,-47000
065784,正崴永豐9C購01  ,0,0,0,0,0,0,0,0,0,-47000,0,0,0,65000,112000,-47000,-47000
065763,台表科元大9C購14,0,0,0,0,0,0,0,0,0,-47000,0,0,0,3000,50000,-47000,-47000
066126,南港群益01購01  ,0,0,0,0,0,0,0,0,0,-47000,0,0,0,10000,57000,-47000,-47000
4141,龍燈-KY         ,73000,120000,-47000,0,0,0,0,0,0,0,0,0,0,0,0,0,-47000
4164,承業醫          ,169000,220000,-51000,0,0,0,37000,0,37000,-33000,16000,49000,-33000,0,0,0,-47000
066900,和潤康和07購01  ,0,0,0,0,0,0,0,0,0,-48000,0,0,0,0,48000,-48000,-48000
066404,瑞祺凱基02購01  ,0,0,0,0,0,0,0,0,0,-48000,0,0,0,5000,53000,-48000,-48000
1537,廣隆            ,30000,78000,-48000,0,0,0,0,0,0,0,0,0,0,0,0,0,-48000
03050X,元展47          ,0,0,0,0,0,0,0,0,0,-48000,0,0,0,0,48000,-48000,-48000
057852,國巨國票99購05  ,0,0,0,0,0,0,0,0,0,-48000,0,0,0,0,48000,-48000,-48000
058480,新日興凱基9A購01,0,0,0,0,0,0,0,0,0,-48000,0,0,0,0,48000,-48000,-48000
057364,國巨元大98購18  ,0,0,0,0,0,0,0,0,0,-48000,0,0,0,3000,51000,-48000,-48000
057389,玉晶光永豐98購06,0,0,0,0,0,0,0,0,0,-48000,0,0,0,46000,94000,-48000,-48000
061574,大毅元大9B購01  ,0,0,0,0,0,0,0,0,0,-48000,0,0,0,0,48000,-48000,-48000
062306,華通凱基9B購01  ,0,0,0,0,0,0,0,0,0,-48000,0,0,0,0,48000,-48000,-48000
060979,國巨元大9A購14  ,0,0,0,0,0,0,0,0,0,-48000,0,0,0,2000,50000,-48000,-48000
061800,泰鼎永豐9B購01  ,0,0,0,0,0,0,0,0,0,-48000,0,0,0,32000,80000,-48000,-48000
060928,明泰永豐9A購01  ,0,0,0,0,0,0,0,0,0,-48000,0,0,0,18000,66000,-48000,-48000
059742,富邦金元富99購01,0,0,0,0,0,0,0,0,0,-48000,0,0,0,42000,90000,-48000,-48000
064085,儒鴻凱基9C購02  ,0,0,0,0,0,0,0,0,0,-48000,0,0,0,275000,323000,-48000,-48000
064190,新光金第一9C購01,0,0,0,0,0,0,0,0,0,-48000,0,0,0,0,48000,-48000,-48000
063908,國巨凱基9C購06  ,0,0,0,0,0,0,0,0,0,-48000,0,0,0,2000,50000,-48000,-48000
063630,智邦元大9B購09  ,0,0,0,0,0,0,0,0,0,-48000,0,0,0,69000,117000,-48000,-48000
064536,富邦金國票01購01,0,0,0,0,0,0,0,0,0,-48000,0,0,0,0,48000,-48000,-48000
064465,台表科統一01購02,0,0,0,0,0,0,0,0,0,-48000,0,0,0,7000,55000,-48000,-48000
064467,南亞科元富9C購02,0,0,0,0,0,0,0,0,0,-48000,0,0,0,50000,98000,-48000,-48000
064746,貿聯國票01購02  ,0,0,0,0,0,0,0,0,0,-48000,0,0,0,54000,102000,-48000,-48000
064766,矽創凱基9C購01  ,0,0,0,0,0,0,0,0,0,-48000,0,0,0,2000,50000,-48000,-48000
3591,艾笛森          ,8000,55000,-47000,0,0,0,0,0,0,-1000,6000,7000,-1000,0,0,0,-48000
2431,聯昌            ,231000,277000,-46000,0,0,0,0,0,0,-2000,2000,4000,-2000,0,0,0,-48000
2466,冠西電          ,5000,49000,-44000,0,0,0,0,0,0,-4000,0,4000,-4000,0,0,0,-48000
2302,麗正            ,5000,53000,-48000,0,0,0,0,0,0,0,0,0,0,0,0,0,-48000
07867P,晶技元大9B售01  ,0,0,0,0,0,0,0,0,0,-49000,0,0,0,5000,54000,-49000,-49000
07630P,臺股指凱基9A售11,0,0,0,0,0,0,0,0,0,-49000,0,0,0,51000,100000,-49000,-49000
062208,旭富國票9C購01  ,0,0,0,0,0,0,0,0,0,-49000,0,0,0,63000,112000,-49000,-49000
01010T,京城樂富R1      ,0,0,0,0,0,0,0,0,0,-49000,0,49000,-49000,0,0,0,-49000
062138,力成群益9B購01  ,0,0,0,0,0,0,0,0,0,-49000,0,0,0,10000,59000,-49000,-49000
062373,泰鼎元大9B購01  ,0,0,0,0,0,0,0,0,0,-49000,0,0,0,5000,54000,-49000,-49000
062478,牧德國票9B購03  ,0,0,0,0,0,0,0,0,0,-49000,0,0,0,4000,53000,-49000,-49000
06321P,台積電統一98售03,0,0,0,0,0,0,0,0,0,-49000,0,0,0,0,49000,-49000,-49000
063385,可成中信9C購01  ,0,0,0,0,0,0,0,0,0,-49000,0,0,0,5000,54000,-49000,-49000
060283,台肥元大9C購01  ,0,0,0,0,0,0,0,0,0,-49000,0,0,0,6000,55000,-49000,-49000
064338,美食元大9C購01  ,0,0,0,0,0,0,0,0,0,-49000,0,0,0,251000,300000,-49000,-49000
063907,華通凱基9C購03  ,0,0,0,0,0,0,0,0,0,-49000,0,0,0,1000,50000,-49000,-49000
065161,矽格群益9C購01  ,0,0,0,0,0,0,0,0,0,-49000,0,0,0,48000,97000,-49000,-49000
07195P,大立光元大99售12,0,0,0,0,0,0,0,0,0,-50000,0,0,0,0,50000,-50000,-50000
07294P,滬深2X元富9C售08,0,0,0,0,0,0,0,0,0,-50000,0,0,0,0,50000,-50000,-50000
07358P,鴻海元大99售39  ,0,0,0,0,0,0,0,0,0,-50000,0,0,0,0,50000,-50000,-50000
07263P,台積電元大99售37,0,0,0,0,0,0,0,0,0,-50000,0,0,0,0,50000,-50000,-50000
07402P,瑞昱凱基99售02  ,0,0,0,0,0,0,0,0,0,-50000,0,0,0,0,50000,-50000,-50000
07517P,台積電元大9A售17,0,0,0,0,0,0,0,0,0,-50000,0,0,0,0,50000,-50000,-50000
08173P,金像電凱基9B售02,0,0,0,0,0,0,0,0,0,-50000,0,0,0,11000,61000,-50000,-50000
07983P,茂林群益9B售03  ,0,0,0,0,0,0,0,0,0,-50000,0,0,0,6000,56000,-50000,-50000
08733P,臺股指麥證01售05,0,0,0,5000,55000,-50000,0,0,0,-50000,0,0,0,5000,55000,-50000,-50000
08741P,國巨凱基01售05  ,0,0,0,0,0,0,0,0,0,-50000,0,0,0,10000,60000,-50000,-50000
08805P,台積電元富07售04,0,0,0,0,0,0,0,0,0,-50000,0,0,0,110000,160000,-50000,-50000
08390P,旺宏凱基9C售02  ,0,0,0,0,0,0,0,0,0,-50000,0,0,0,0,50000,-50000,-50000
08487P,同欣電群益01售01,0,0,0,0,0,0,0,0,0,-50000,0,0,0,20000,70000,-50000,-50000
08580P,臺股指元大9C售28,0,0,0,0,0,0,0,0,0,-50000,0,0,0,0,50000,-50000,-50000
08540P,嘉晶國票01售01  ,0,0,0,0,0,0,0,0,0,-50000,0,0,0,0,50000,-50000,-50000
066531,智伸科元富01購01,0,0,0,0,0,0,0,0,0,-50000,0,0,0,1000,51000,-50000,-50000
066534,華通台新01購02  ,0,0,0,0,0,0,0,0,0,-50000,0,0,0,10000,60000,-50000,-50000
066740,揚明光元大01購02,0,0,0,0,0,0,0,0,0,-50000,0,0,0,0,50000,-50000,-50000
066810,瀚宇博凱基02購01,0,0,0,0,0,0,0,0,0,-50000,0,0,0,95000,145000,-50000,-50000
06902P,聯電凱基98售02  ,0,0,0,0,0,0,0,0,0,-50000,0,0,0,0,50000,-50000,-50000
06929P,鴻海元大99售11  ,0,0,0,0,0,0,0,0,0,-50000,0,0,0,0,50000,-50000,-50000
06782P,大立光元大99售07,0,0,0,0,0,0,0,0,0,-50000,0,0,0,0,50000,-50000,-50000
067285,欣興國票02購01  ,0,0,0,0,0,0,0,0,0,-50000,0,0,0,0,50000,-50000,-50000
067288,為升兆豐03購01  ,0,0,0,0,0,0,0,0,0,-50000,0,0,0,0,50000,-50000,-50000
067300,金像電元大02購02,0,0,0,0,0,0,0,0,0,-50000,0,0,0,0,50000,-50000,-50000
067205,台積電元大01購22,0,0,0,0,0,0,0,0,0,-50000,0,0,0,35000,85000,-50000,-50000
048177,臺指反富邦99購01,0,0,0,0,0,0,0,0,0,-50000,0,0,0,0,50000,-50000,-50000
054040,中石化元大9C購01,0,0,0,0,0,0,0,0,0,-50000,0,0,0,0,50000,-50000,-50000
054368,鴻海中信9A購02  ,0,0,0,0,0,0,0,0,0,-50000,0,0,0,0,50000,-50000,-50000
05348P,美律元富98售01  ,0,0,0,0,0,0,0,0,0,-50000,0,0,0,0,50000,-50000,-50000
056744,麗豐凱基9A購01  ,0,0,0,0,0,0,0,0,0,-50000,0,0,0,0,50000,-50000,-50000
052697,滬深2X國票98購01,0,0,0,0,0,0,0,0,0,-50000,0,0,0,0,50000,-50000,-50000
052203,T50反1中信99購03,0,0,0,0,0,0,0,0,0,-50000,0,0,0,0,50000,-50000,-50000
054744,晶相光凱基99購01,0,0,0,0,0,0,0,0,0,-50000,0,0,0,0,50000,-50000,-50000
059051,和大凱基9A購01  ,0,0,0,0,0,0,0,0,0,-50000,0,0,0,0,50000,-50000,-50000
058992,上証反元大99購02,0,0,0,0,0,0,0,0,0,-50000,0,0,0,0,50000,-50000,-50000
058140,臻鼎元大99購02  ,0,0,0,0,0,0,0,0,0,-50000,0,0,0,0,50000,-50000,-50000
056650,彩晶凱基9A購01  ,0,0,0,0,0,0,0,0,0,-50000,0,0,0,0,50000,-50000,-50000
056492,全新國泰9A購01  ,0,0,0,0,0,0,0,0,0,-50000,0,0,0,0,50000,-50000,-50000
056035,鴻海凱基97購06  ,0,0,0,0,0,0,0,0,0,-50000,0,0,0,0,50000,-50000,-50000
061631,SP黃豆元大9A購05,0,0,0,0,0,0,0,0,0,-50000,0,0,0,0,50000,-50000,-50000
057768,華新科中信9A購01,0,0,0,0,0,0,0,0,0,-50000,0,0,0,0,50000,-50000,-50000
058521,日月光元大99購01,0,0,0,0,0,0,0,0,0,-50000,0,0,0,0,50000,-50000,-50000
057202,TPK元富98購02   ,0,0,0,0,0,0,0,0,0,-50000,0,0,0,0,50000,-50000,-50000
062969,旺宏元富9B購01  ,0,0,0,0,0,0,0,0,0,-50000,0,0,0,42000,92000,-50000,-50000
060510,大立光元大9A購03,0,0,0,0,0,0,0,0,0,-50000,0,0,0,0,50000,-50000,-50000
060697,鴻海國泰9C購01  ,0,0,0,0,0,0,0,0,0,-50000,0,0,0,0,50000,-50000,-50000
060666,聯茂凱基9A購02  ,0,0,0,0,0,0,0,0,0,-50000,0,0,0,40000,90000,-50000,-50000
060675,南亞科元大9A購02,0,0,0,0,0,0,0,0,0,-50000,0,0,0,50000,100000,-50000,-50000
060800,華新科第一9A購01,0,0,0,0,0,0,0,0,0,-50000,0,0,0,0,50000,-50000,-50000
061265,富邦金凱基9B購01,0,0,0,0,0,0,0,0,0,-50000,0,0,0,115000,165000,-50000,-50000
061263,微星凱基9A購01  ,0,0,0,0,0,0,0,0,0,-50000,0,0,0,0,50000,-50000,-50000
061066,嘉晶凱基9B購01  ,0,0,0,0,0,0,0,0,0,-50000,0,0,0,3000,53000,-50000,-50000
063248,創意元大9C購01  ,0,0,0,0,0,0,0,0,0,-50000,0,0,0,20000,70000,-50000,-50000
063131,聯茂元大9B購03  ,0,0,0,0,0,0,0,0,0,-50000,0,0,0,0,50000,-50000,-50000
061571,奇力新元大9A購03,0,0,0,0,0,0,0,0,0,-50000,0,0,0,0,50000,-50000,-50000
061425,華新科元大9A購19,0,0,0,0,0,0,0,0,0,-50000,0,0,0,0,50000,-50000,-50000
062457,京元電群益9B購01,0,0,0,0,0,0,0,0,0,-50000,0,0,0,10000,60000,-50000,-50000
062451,瀚宇博元大9B購02,0,0,0,0,0,0,0,0,0,-50000,0,0,0,0,50000,-50000,-50000
062304,臺指反凱基9B購01,0,0,0,0,0,0,0,0,0,-50000,0,0,0,0,50000,-50000,-50000
061807,元金2X統一9B購01,0,0,0,0,0,0,0,0,0,-50000,0,0,0,0,50000,-50000,-50000
060032,利勤永豐99購01  ,0,0,0,0,0,0,0,0,0,-50000,0,0,0,66000,116000,-50000,-50000
062130,T50反1群益9B購01,0,0,0,0,0,0,0,0,0,-50000,0,0,0,0,50000,-50000,-50000
060133,牧德群益9B購01  ,0,0,0,0,0,0,0,0,0,-50000,0,0,0,0,50000,-50000,-50000
060098,華新科元大99購24,0,0,0,0,0,0,0,0,0,-50000,0,0,0,0,50000,-50000,-50000
062259,可成元大9B購03  ,0,0,0,0,0,0,0,0,0,-50000,0,0,0,2000,52000,-50000,-50000
062292,旭富永豐9B購01  ,0,0,0,0,0,0,0,0,0,-50000,0,0,0,0,50000,-50000,-50000
062269,葡萄王群益9B購01,0,0,0,0,0,0,0,0,0,-50000,0,0,0,0,50000,-50000,-50000
060189,宏達電元富9B購03,0,0,0,0,0,0,0,0,0,-50000,0,0,0,0,50000,-50000,-50000
059530,華新科凱基9A購05,0,0,0,0,0,0,0,0,0,-50000,0,0,0,0,50000,-50000,-50000
059594,奇力新元大9B購01,0,0,0,0,0,0,0,0,0,-50000,0,0,0,0,50000,-50000,-50000
059365,T50反1台新99購01,0,0,0,0,0,0,0,0,0,-50000,0,0,0,0,50000,-50000,-50000
062720,南亞科凱基9B購03,0,0,0,0,0,0,0,0,0,-50000,0,0,0,6000,56000,-50000,-50000
062762,聯詠凱基9B購02  ,0,0,0,0,0,0,0,0,0,-50000,0,0,0,6000,56000,-50000,-50000
065224,和大凱基02購02  ,0,0,0,0,0,0,0,0,0,-50000,0,0,0,0,50000,-50000,-50000
064949,南亞科凱基9C購01,0,0,0,0,0,0,0,0,0,-50000,0,0,0,0,50000,-50000,-50000
064950,美律凱基02購01  ,0,0,0,0,0,0,0,0,0,-50000,0,0,0,0,50000,-50000,-50000
064906,台表科群益9C購02,0,0,0,0,0,0,0,0,0,-50000,0,0,0,0,50000,-50000,-50000
064918,中信金統一02購01,0,0,0,0,0,0,0,0,0,-50000,0,0,0,0,50000,-50000,-50000
066063,南電元大01購04  ,0,0,0,0,0,0,0,0,0,-50000,0,0,0,1000,51000,-50000,-50000
065786,神基永豐9C購01  ,0,0,0,0,0,0,0,0,0,-50000,0,0,0,0,50000,-50000,-50000
065836,T50反1元大9C購11,0,0,0,0,0,0,0,0,0,-50000,0,0,0,0,50000,-50000,-50000
065683,嘉聯益統一03購01,0,0,0,0,0,0,0,0,0,-50000,0,0,0,0,50000,-50000,-50000
065708,中磊群益9C購01  ,0,0,0,0,0,0,0,0,0,-50000,0,0,0,140000,190000,-50000,-50000
065668,南亞科凱基9C購02,0,0,0,0,0,0,0,0,0,-50000,0,0,0,0,50000,-50000,-50000
063893,微星群益9C購01  ,0,0,0,0,0,0,0,0,0,-50000,0,0,0,35000,85000,-50000,-50000
063844,台積電元大9C購05,0,0,0,0,0,0,0,0,0,-50000,0,0,0,1000,51000,-50000,-50000
063728,國巨元大9B購21  ,0,0,0,0,0,0,0,0,0,-50000,0,0,0,2000,52000,-50000,-50000
063638,華新科元大9B購14,0,0,0,0,0,0,0,0,0,-50000,0,0,0,0,50000,-50000,-50000
064020,華通元大01購01  ,0,0,0,0,0,0,0,0,0,-50000,0,0,0,0,50000,-50000,-50000
064001,華通凱基02購01  ,0,0,0,0,0,0,0,0,0,-50000,0,0,0,0,50000,-50000,-50000
064337,大毅元大01購02  ,0,0,0,0,0,0,0,0,0,-50000,0,0,0,20000,70000,-50000,-50000
064399,和大凱基02購01  ,0,0,0,0,0,0,0,0,0,-50000,0,0,0,10000,60000,-50000,-50000
064419,鴻海兆豐9C購01  ,0,0,0,0,0,0,0,0,0,-50000,0,0,0,20000,70000,-50000,-50000
064379,TPK元富9C購01   ,0,0,0,0,0,0,0,0,0,-50000,0,0,0,9000,59000,-50000,-50000
064431,台積電凱基01購05,0,0,0,0,0,0,0,0,0,-50000,0,0,0,383000,433000,-50000,-50000
064875,國巨兆豐01購01  ,0,0,0,0,0,0,0,0,0,-50000,0,0,0,0,50000,-50000,-50000
064859,南亞科富邦01購01,0,0,0,0,0,0,0,0,0,-50000,0,0,0,0,50000,-50000,-50000
064618,南亞科元大9C購04,6000,0,6000,0,0,0,0,0,0,-56000,0,0,0,14000,70000,-56000,-50000
6166,凌華            ,117000,144000,-27000,0,0,0,0,16152,-16152,-7000,0,13000,-13000,8000,2000,6000,-50152
6415,矽力-KY         ,275422,275000,422,0,0,0,0,51926,-51926,1000,3000,2000,1000,0,0,0,-50504
066898,聯發科康和01購01,0,0,0,0,0,0,0,0,0,-51000,0,0,0,1000,52000,-51000,-51000
066713,台灣50元大01購21,0,0,0,0,0,0,0,0,0,-51000,0,0,0,0,51000,-51000,-51000
066170,聯陽凱基01購01  ,0,0,0,0,0,0,0,0,0,-51000,0,0,0,38000,89000,-51000,-51000
08619P,國巨群益9C售21  ,0,0,0,0,0,0,0,0,0,-51000,0,0,0,5000,56000,-51000,-51000
08634P,大立光元大9C售26,0,0,0,0,0,0,0,0,0,-51000,0,0,0,0,51000,-51000,-51000
08526P,義隆元大9C售04  ,0,0,0,0,0,0,0,0,0,-51000,0,0,0,158000,209000,-51000,-51000
08105P,景碩元大9B售01  ,0,0,0,0,0,0,0,0,0,-51000,0,0,0,30000,81000,-51000,-51000
08346P,大立光元大9C售15,0,0,0,0,0,0,0,0,0,-51000,0,0,0,50000,101000,-51000,-51000
057445,華通元富02購01  ,0,0,0,0,0,0,0,0,0,-51000,0,0,0,30000,81000,-51000,-51000
058737,鴻海第一01購01  ,0,0,0,0,0,0,0,0,0,-51000,0,0,0,5000,56000,-51000,-51000
042792,T50反1台新9C購01,0,0,0,0,0,0,0,0,0,-51000,0,0,0,0,51000,-51000,-51000
059531,華新科凱基9B購02,0,0,0,0,0,0,0,0,0,-51000,0,0,0,0,51000,-51000,-51000
063093,國產國票9B購01  ,0,0,0,0,0,0,0,0,0,-51000,0,0,0,5000,56000,-51000,-51000
064774,聚陽群益9C購04  ,0,0,0,0,0,0,0,0,0,-51000,0,0,0,197000,248000,-51000,-51000
064383,SP黃豆富邦01購01,0,0,0,0,0,0,0,0,0,-51000,0,0,0,21000,72000,-51000,-51000
064295,聚陽國票01購01  ,0,0,0,0,0,0,0,0,0,-51000,0,0,0,146000,197000,-51000,-51000
063808,台表科兆豐9C購01,0,0,0,0,0,0,0,0,0,-51000,0,0,0,68000,119000,-51000,-51000
063909,旺宏凱基02購01  ,0,0,0,0,0,0,0,0,0,-51000,0,0,0,74000,125000,-51000,-51000
065792,TPK永豐9C購02   ,0,0,0,0,0,0,0,0,0,-51000,0,0,0,11000,62000,-51000,-51000
065252,玉晶光永豐9C購08,0,0,0,0,0,0,0,0,0,-51000,0,0,0,119000,170000,-51000,-51000
065339,旺宏統一01購08  ,0,0,0,0,0,0,0,0,0,-51000,0,0,0,0,51000,-51000,-51000
3702A,大聯大甲特      ,0,0,0,0,0,0,0,0,0,-51000,0,51000,-51000,0,0,0,-51000
4934,太極            ,208000,259000,-51000,0,0,0,0,0,0,0,0,0,0,0,0,0,-51000
1452,宏益            ,2000,42000,-40000,0,0,0,0,0,0,-12000,0,12000,-12000,0,0,0,-52000
066319,聯強永豐01購01  ,0,0,0,0,0,0,0,0,0,-52000,0,0,0,0,52000,-52000,-52000
066670,貿聯凱基01購01  ,0,0,0,0,0,0,0,0,0,-52000,0,0,0,2000,54000,-52000,-52000
067233,微星群益02購02  ,0,0,0,0,0,0,0,0,0,-52000,0,0,0,0,52000,-52000,-52000
059054,國巨凱基99購11  ,0,0,0,0,0,0,0,0,0,-52000,0,0,0,106000,158000,-52000,-52000
058735,南茂永豐99購01  ,0,0,0,0,0,0,0,0,0,-52000,0,0,0,0,52000,-52000,-52000
057466,泰鼎永豐98購01  ,0,0,0,0,0,0,0,0,0,-52000,0,0,0,30000,82000,-52000,-52000
063367,GIS富邦9B購01   ,0,0,0,0,0,0,0,0,0,-52000,0,0,0,93000,145000,-52000,-52000
060759,南亞科元大9A購03,0,0,0,0,0,0,0,0,0,-52000,0,0,0,16000,68000,-52000,-52000
060469,台勝科元大9A購02,0,0,0,0,0,0,0,0,0,-52000,0,0,0,35000,87000,-52000,-52000
062928,富邦金台新9B購02,0,0,0,0,0,0,0,0,0,-52000,0,0,0,20000,72000,-52000,-52000
059265,美律中信01購01  ,0,0,0,0,0,0,0,0,0,-52000,0,0,0,0,52000,-52000,-52000
061025,創意富邦9B購01  ,0,0,0,0,0,0,0,0,0,-52000,0,0,0,1000,53000,-52000,-52000
065357,立積元富03購01  ,0,0,0,0,0,0,0,0,0,-52000,0,0,0,6000,58000,-52000,-52000
065394,英業達群益9C購01,0,0,0,0,0,0,0,0,0,-52000,0,0,0,4000,56000,-52000,-52000
065083,南亞科元大01購01,0,0,0,0,0,0,0,0,0,-52000,0,0,0,38000,90000,-52000,-52000
2419,仲琦            ,61000,70000,-9000,0,0,0,0,0,0,-43000,1000,32000,-31000,0,12000,-12000,-52000
6414,樺漢            ,122000,216000,-94000,0,0,0,72000,0,72000,-30000,7000,21000,-14000,6000,22000,-16000,-52000
067269,眾達永豐01購02  ,0,0,0,0,0,0,0,0,0,-53000,0,0,0,6000,59000,-53000,-53000
06712P,臺股指台新99售09,0,0,0,0,0,0,0,0,0,-53000,0,0,0,0,53000,-53000,-53000
066549,京元電元大01購03,0,0,0,0,0,0,0,0,0,-53000,0,0,0,154000,207000,-53000,-53000
08176P,國巨元大9B售20  ,0,0,0,0,0,0,0,0,0,-53000,0,0,0,50000,103000,-53000,-53000
058749,康控凱基99購03  ,0,0,0,0,0,0,0,0,0,-53000,0,0,0,9000,62000,-53000,-53000
055817,京鼎國票99購01  ,0,0,0,0,0,0,0,0,0,-53000,0,0,0,45000,98000,-53000,-53000
056945,鴻海統一98購12  ,0,0,0,0,0,0,0,0,0,-53000,0,0,0,299000,352000,-53000,-53000
059957,中信金康和99購01,0,0,0,0,0,0,0,0,0,-53000,0,0,0,0,53000,-53000,-53000
063368,遠東新永豐9B購01,0,0,0,0,0,0,0,0,0,-53000,0,0,0,253000,306000,-53000,-53000
063236,旺宏元大9B購07  ,0,0,0,0,0,0,0,0,0,-53000,0,0,0,51000,104000,-53000,-53000
8016,矽創            ,171000,202000,-31000,0,0,0,0,1000,-1000,-21000,3000,2000,1000,10000,32000,-22000,-53000
08561P,台表科國票01售02,0,0,0,0,0,0,0,0,0,-54000,0,0,0,69000,123000,-54000,-54000
066707,揚明光群益01購02,0,0,0,0,0,0,0,0,0,-54000,0,0,0,0,54000,-54000,-54000
066429,矽格元大01購01  ,0,0,0,0,0,0,0,0,0,-54000,0,0,0,125000,179000,-54000,-54000
067106,義隆群益01購01  ,0,0,0,0,0,0,0,0,0,-54000,0,0,0,0,54000,-54000,-54000
059006,樺漢元大99購01  ,0,0,0,0,0,0,0,0,0,-54000,0,0,0,10000,64000,-54000,-54000
058207,南茂凱基99購01  ,0,0,0,0,0,0,0,0,0,-54000,0,0,0,11000,65000,-54000,-54000
061235,台積電元大9A購23,0,0,0,0,0,0,0,0,0,-54000,0,0,0,41000,95000,-54000,-54000
062939,奇力新凱基9B購02,0,0,0,0,0,0,0,0,0,-54000,0,0,0,12000,66000,-54000,-54000
059879,GIS凱基99購03   ,0,0,0,0,0,0,0,0,0,-54000,0,0,0,11000,65000,-54000,-54000
062635,創意國票9B購01  ,0,0,0,0,0,0,0,0,0,-54000,0,0,0,32000,86000,-54000,-54000
062360,華邦電元大9B購01,0,0,0,0,0,0,0,0,0,-54000,0,0,0,73000,127000,-54000,-54000
062054,鴻海統一9C購06  ,0,0,0,0,0,0,0,0,0,-54000,0,0,0,0,54000,-54000,-54000
065338,旺宏統一01購07  ,0,0,0,0,0,0,0,0,0,-54000,0,0,0,0,54000,-54000,-54000
065878,麗豐群益02購01  ,0,0,0,0,0,0,0,0,0,-54000,0,0,0,20000,74000,-54000,-54000
065665,鴻海凱基9C購04  ,0,0,0,0,0,0,0,0,0,-54000,0,0,0,68000,122000,-54000,-54000
063873,南六永豐9C購01  ,0,0,0,0,0,0,0,0,0,-54000,0,0,0,1000,55000,-54000,-54000
064535,國產國票01購01  ,0,0,0,0,0,0,0,0,0,-54000,0,0,0,135000,189000,-54000,-54000
3013,晟銘電          ,33000,84000,-51000,0,0,0,0,0,0,-3000,0,3000,-3000,0,0,0,-54000
067025,禾伸堂兆豐03購01,0,0,0,0,0,0,0,0,0,-55000,0,0,0,45000,100000,-55000,-55000
066455,聯發科統一01購10,0,0,0,0,0,0,0,0,0,-55000,0,0,0,40000,95000,-55000,-55000
08347P,大立光元大9C售16,0,0,0,0,0,0,0,0,0,-55000,0,0,0,0,55000,-55000,-55000
07982P,全新群益9B售04  ,0,0,0,0,0,0,0,0,0,-55000,0,0,0,27000,82000,-55000,-55000
058194,勤誠永豐99購01  ,0,0,0,0,0,0,0,0,0,-55000,0,0,0,55000,110000,-55000,-55000
057260,微星兆豐98購01  ,0,0,0,0,0,0,0,0,0,-55000,0,0,0,1000,56000,-55000,-55000
057553,景碩凱基98購03  ,0,0,0,0,0,0,0,0,0,-55000,0,0,0,16000,71000,-55000,-55000
057958,禾伸堂元大99購05,0,0,0,0,0,0,0,0,0,-55000,0,0,0,9000,64000,-55000,-55000
061581,貿聯元大9A購05  ,0,0,0,0,0,0,0,0,0,-55000,0,0,0,10000,65000,-55000,-55000
058952,南茂群益99購01  ,0,0,0,0,0,0,0,0,0,-55000,0,0,0,0,55000,-55000,-55000
055525,國巨群益98購05  ,0,0,0,0,0,0,0,0,0,-55000,0,0,0,2000,57000,-55000,-55000
054742,京鼎凱基99購01  ,0,0,0,0,0,0,0,0,0,-55000,0,0,0,23000,78000,-55000,-55000
053194,緯穎統一99購01  ,0,0,0,0,0,0,0,0,0,-55000,0,0,0,0,55000,-55000,-55000
054060,晶技國票97購02  ,0,0,0,0,0,0,0,0,0,-55000,0,0,0,5000,60000,-55000,-55000
053764,A50正2富邦99購01,0,0,0,0,0,0,0,0,0,-55000,0,0,0,14000,69000,-55000,-55000
062637,智易國票9B購01  ,0,0,0,0,0,0,0,0,0,-55000,0,0,0,52000,107000,-55000,-55000
059781,A50正2元大9C購03,0,0,0,0,0,0,0,0,0,-55000,0,0,0,10000,65000,-55000,-55000
064586,緯創永豐9C購01  ,0,0,0,0,0,0,0,0,0,-55000,0,0,0,47000,102000,-55000,-55000
063802,南茂凱基9C購01  ,0,0,0,0,0,0,0,0,0,-55000,0,0,0,23000,78000,-55000,-55000
063584,南六國泰01購01  ,0,0,0,0,0,0,0,0,0,-55000,0,0,0,0,55000,-55000,-55000
066086,東元永豐01購01  ,0,0,0,0,0,0,0,0,0,-55000,0,0,0,83000,138000,-55000,-55000
065365,國巨元大9C購19  ,0,0,0,0,0,0,0,0,0,-55000,0,0,0,0,55000,-55000,-55000
065097,貿聯元大9C購04  ,0,0,0,0,0,0,0,0,0,-55000,0,0,0,15000,70000,-55000,-55000
066467,晶碩統一03購01  ,0,0,0,0,0,0,0,0,0,-56000,0,0,0,351000,407000,-56000,-56000
066574,康友元大01購01  ,0,0,0,0,0,0,0,0,0,-56000,0,0,0,68000,124000,-56000,-56000
066532,力成元富07購01  ,0,0,0,0,0,0,0,0,0,-56000,0,0,0,131000,187000,-56000,-56000
067104,聯發科群益01購05,0,0,0,0,0,0,0,0,0,-56000,0,0,0,0,56000,-56000,-56000
067220,台郡元大01購04  ,0,0,0,0,0,0,0,0,0,-56000,0,0,0,29000,85000,-56000,-56000
00645,富邦日本        ,0,0,0,0,0,0,0,0,0,-56000,0,0,0,110000,166000,-56000,-56000
058286,道瓊指國票9B購01,0,0,0,0,0,0,0,0,0,-56000,0,0,0,0,56000,-56000,-56000
059358,旺宏永豐99購02  ,0,0,0,0,0,0,0,0,0,-56000,0,0,0,50000,106000,-56000,-56000
062557,台光電凱基9B購02,0,0,0,0,0,0,0,0,0,-56000,0,0,0,4000,60000,-56000,-56000
065503,燿華永豐9C購04  ,0,0,0,0,0,0,0,0,0,-56000,0,0,0,12000,68000,-56000,-56000
066106,台郡國票02購01  ,0,0,0,0,0,0,0,0,0,-56000,0,0,0,178000,234000,-56000,-56000
066015,健策元富01購01  ,0,0,0,0,0,0,0,0,0,-56000,0,0,0,0,56000,-56000,-56000
065627,貿聯兆豐9C購02  ,0,0,0,0,0,0,0,0,0,-56000,0,0,0,0,56000,-56000,-56000
064010,GIS凱基02購01   ,0,0,0,0,0,0,0,0,0,-56000,0,0,0,75000,131000,-56000,-56000
4560,強信-KY         ,93000,147000,-54000,0,0,0,0,0,0,-2000,0,2000,-2000,0,0,0,-56000
07579P,聯茂元大9A售01  ,0,0,0,0,0,0,0,0,0,-57000,0,0,0,0,57000,-57000,-57000
1201,味全            ,688000,745000,-57000,0,0,0,0,0,0,0,0,0,0,3000,3000,0,-57000
08822P,聯發科凱基01售12,0,0,0,0,0,0,0,0,0,-57000,0,0,0,63000,120000,-57000,-57000
058572,百和凱基9A購01  ,0,0,0,0,0,0,0,0,0,-57000,0,0,0,0,57000,-57000,-57000
057902,嘉晶永豐98購02  ,0,0,0,0,0,0,0,0,0,-57000,0,0,0,3000,60000,-57000,-57000
057739,新日興富邦9B購01,0,0,0,0,0,0,0,0,0,-57000,0,0,0,0,57000,-57000,-57000
055106,台積電凱基98購05,0,0,0,0,0,0,0,0,0,-57000,0,0,0,0,57000,-57000,-57000
059294,宏達電元富9B購02,0,0,0,0,0,0,0,0,0,-57000,0,0,0,10000,67000,-57000,-57000
060253,昇陽半元大9C購01,0,0,0,0,0,0,0,0,0,-57000,0,0,0,2000,59000,-57000,-57000
060572,景碩永豐9A購01  ,0,0,0,0,0,0,0,0,0,-57000,0,0,0,32000,89000,-57000,-57000
063203,華新科統一9C購04,0,0,0,0,0,0,0,0,0,-57000,0,0,0,26000,83000,-57000,-57000
064094,達新群益9C購01  ,0,0,0,0,0,0,0,0,0,-57000,0,0,0,0,57000,-57000,-57000
063590,華擎永豐9B購01  ,0,0,0,0,0,0,0,0,0,-57000,0,0,0,10000,67000,-57000,-57000
064294,和大中信9C購01  ,0,0,0,0,0,0,0,0,0,-57000,0,0,0,60000,117000,-57000,-57000
065934,智邦群益01購02  ,0,0,0,0,0,0,0,0,0,-57000,0,0,0,17000,74000,-57000,-57000
065222,玉晶光永豐9C購07,0,0,0,0,0,0,0,0,0,-57000,0,0,0,1000,58000,-57000,-57000
08862P,台積電元大01售24,0,0,0,0,0,0,0,0,0,-58000,0,0,0,0,58000,-58000,-58000
08569P,玉晶光永豐9C售09,0,0,0,0,0,0,0,0,0,-58000,0,0,0,10000,68000,-58000,-58000
08015P,可成凱基9B售05  ,0,0,0,0,0,0,0,0,0,-58000,0,0,0,10000,68000,-58000,-58000
066596,健策群益02購01  ,0,0,0,0,0,0,0,0,0,-58000,0,0,0,2000,60000,-58000,-58000
066742,健策元大02購03  ,0,0,0,0,0,0,0,0,0,-58000,0,0,0,10000,68000,-58000,-58000
058105,旺宏統一9A購02  ,0,0,0,0,0,0,0,0,0,-58000,0,0,0,1000,59000,-58000,-58000
058573,鴻海群益9A購02  ,0,0,0,0,0,0,0,0,0,-58000,0,0,0,12000,70000,-58000,-58000
063244,華新科元大9B購11,0,0,0,0,0,0,0,0,0,-58000,0,0,0,44000,102000,-58000,-58000
065077,鴻海元大01購03  ,0,0,0,0,0,0,0,0,0,-58000,0,0,0,0,58000,-58000,-58000
064937,英業達元富9C購01,0,0,0,0,0,0,0,0,0,-58000,0,0,0,98000,156000,-58000,-58000
06505P,康控國票99售02  ,0,0,0,0,0,0,0,0,0,-58000,0,0,0,5000,63000,-58000,-58000
065371,漢唐元大01購01  ,0,0,0,0,0,0,0,0,0,-58000,0,0,0,143000,201000,-58000,-58000
064080,宏達電中信06購01,0,0,0,0,0,0,0,0,0,-58000,0,0,0,0,58000,-58000,-58000
066672,瑞祺凱基03購01  ,0,0,0,0,0,0,0,0,0,-59000,0,0,0,0,59000,-59000,-59000
066650,宏達電康和01購01,0,0,0,0,0,0,0,0,0,-59000,0,0,0,6000,65000,-59000,-59000
066341,永信永豐01購01  ,0,0,0,0,0,0,0,0,0,-59000,0,0,0,0,59000,-59000,-59000
08668P,燿華群益01售01  ,0,0,0,0,0,0,0,0,0,-59000,0,0,0,0,59000,-59000,-59000
1514,亞力            ,156000,213000,-57000,0,0,0,0,0,0,-2000,2000,4000,-2000,0,0,0,-59000
058293,光寶科凱基9A購01,0,0,0,0,0,0,0,0,0,-59000,0,0,0,5000,64000,-59000,-59000
057927,勤誠凱基98購01  ,0,0,0,0,0,0,0,0,0,-59000,0,0,0,0,59000,-59000,-59000
058937,仁寶中信99購01  ,0,0,0,0,0,0,0,0,0,-59000,0,0,0,20000,79000,-59000,-59000
055312,台虹群益99購01  ,0,0,0,0,0,0,0,0,0,-59000,0,0,0,0,59000,-59000,-59000
063276,和大元大9B購01  ,0,0,0,0,0,0,0,0,0,-59000,0,0,0,0,59000,-59000,-59000
063218,台塑群益9B購01  ,0,0,0,0,0,0,0,0,0,-59000,0,0,0,0,59000,-59000,-59000
059301,華新科群益99購04,0,0,0,0,0,0,0,0,0,-59000,0,0,0,3000,62000,-59000,-59000
059282,嘉聯益永豐99購01,0,0,0,0,0,0,0,0,0,-59000,0,0,0,0,59000,-59000,-59000
059948,正文永豐99購01  ,0,0,0,0,0,0,0,0,0,-59000,0,0,0,2000,61000,-59000,-59000
064526,臺股指群益9C購11,0,0,0,0,0,0,0,0,0,-59000,0,0,0,2000,61000,-59000,-59000
064861,緯創富邦9C購01  ,0,0,0,0,0,0,0,0,0,-59000,0,0,0,68000,127000,-59000,-59000
065451,台表科統一02購04,0,0,0,0,0,0,0,0,0,-59000,0,0,0,187000,246000,-59000,-59000
065966,國巨元大01購06  ,0,0,0,0,0,0,0,0,0,-59000,0,0,0,25000,84000,-59000,-59000
08779P,旺宏群益01售04  ,0,0,0,0,0,0,0,0,0,-60000,0,0,0,0,60000,-60000,-60000
08560P,茂林國票01售01  ,0,0,0,0,0,0,0,0,0,-60000,0,0,0,15000,75000,-60000,-60000
08529P,臻鼎元大9C售03  ,0,0,0,0,0,0,0,0,0,-60000,0,0,0,0,60000,-60000,-60000
07906P,中租群益9B售02  ,0,0,0,0,0,0,0,0,0,-60000,0,0,0,0,60000,-60000,-60000
07557P,玉晶光元大9A售09,0,0,0,0,0,0,0,0,0,-60000,0,0,0,0,60000,-60000,-60000
07705P,台積電元大9A售26,0,0,0,0,0,0,0,0,0,-60000,0,0,0,0,60000,-60000,-60000
07795P,美律國票9A售03  ,0,0,0,0,0,0,0,0,0,-60000,0,0,0,0,60000,-60000,-60000
066377,健策兆豐01購02  ,0,0,0,0,0,0,0,0,0,-60000,0,0,0,0,60000,-60000,-60000
066425,創意元大01購03  ,0,0,0,0,0,0,0,0,0,-60000,0,0,0,0,60000,-60000,-60000
066171,德律凱基01購01  ,0,0,0,0,0,0,0,0,0,-60000,0,0,0,0,60000,-60000,-60000
066480,國巨元富07購02  ,0,0,0,0,0,0,0,0,0,-60000,0,0,0,0,60000,-60000,-60000
067357,欣興群益01購02  ,0,0,0,0,0,0,0,0,0,-60000,0,0,0,0,60000,-60000,-60000
07082P,美律元大99售06  ,0,0,0,0,0,0,0,0,0,-60000,0,0,0,0,60000,-60000,-60000
067049,明泰凱基01購01  ,0,0,0,0,0,0,0,0,0,-60000,0,0,0,0,60000,-60000,-60000
055700,緯穎國泰98購02  ,0,0,0,0,0,0,0,0,0,-60000,0,0,0,35000,95000,-60000,-60000
058990,GIS凱基99購02   ,0,0,0,0,0,0,0,0,0,-60000,0,0,0,17000,77000,-60000,-60000
059055,旺宏凱基9B購02  ,0,0,0,0,0,0,0,0,0,-60000,0,0,0,0,60000,-60000,-60000
055999,電子類富邦99購01,0,0,0,0,0,0,0,0,0,-60000,0,0,0,0,60000,-60000,-60000
056472,美律元大99購03  ,0,0,0,0,0,0,0,0,0,-60000,0,0,0,24000,84000,-60000,-60000
048236,A50正2國票97購02,0,0,0,0,0,0,0,0,0,-60000,0,0,0,0,60000,-60000,-60000
058323,泰鼎永豐9A購01  ,0,0,0,0,0,0,0,0,0,-60000,0,0,0,0,60000,-60000,-60000
057339,群創國票99購02  ,0,0,0,0,0,0,0,0,0,-60000,0,0,0,0,60000,-60000,-60000
059902,滬深2X元大9C購08,0,0,0,0,0,0,0,0,0,-60000,0,0,0,0,60000,-60000,-60000
059999,緯穎元富99購01  ,0,0,0,0,0,0,0,0,0,-60000,0,0,0,6000,66000,-60000,-60000
059326,康友元大99購01  ,0,0,0,0,0,0,0,0,0,-60000,0,0,0,300000,360000,-60000,-60000
061745,南電凱基9B購02  ,0,0,0,0,0,0,0,0,0,-60000,0,0,0,12000,72000,-60000,-60000
062490,聯茂永豐9B購01  ,0,0,0,0,0,0,0,0,0,-60000,0,0,0,0,60000,-60000,-60000
061544,大毅群益9B購02  ,0,0,0,0,0,0,0,0,0,-60000,0,0,0,0,60000,-60000,-60000
063418,京元電凱基9B購03,0,0,0,0,0,0,0,0,0,-60000,0,0,0,0,60000,-60000,-60000
06353P,電子類富邦99售02,0,0,0,0,0,0,0,0,0,-60000,0,0,0,0,60000,-60000,-60000
063029,喬山凱基9B購01  ,0,0,0,0,0,0,0,0,0,-60000,0,0,0,0,60000,-60000,-60000
060861,漢唐永豐9A購01  ,0,0,0,0,0,0,0,0,0,-60000,0,0,0,0,60000,-60000,-60000
061317,旺宏凱基9A購05  ,0,0,0,0,0,0,0,0,0,-60000,0,0,0,0,60000,-60000,-60000
065416,華通國票01購02  ,0,0,0,0,0,0,0,0,0,-60000,0,0,0,30000,90000,-60000,-60000
065052,南六凱基02購02  ,0,0,0,0,0,0,0,0,0,-60000,0,0,0,0,60000,-60000,-60000
064965,臺指反元大03購02,0,0,0,0,0,0,0,0,0,-60000,0,0,0,0,60000,-60000,-60000
064665,南亞科元大9C購06,0,0,0,0,0,0,0,0,0,-60000,0,0,0,0,60000,-60000,-60000
064122,國巨元大9C購17  ,0,0,0,0,0,0,0,0,0,-60000,0,0,0,7000,67000,-60000,-60000
063640,貿聯元大9B購03  ,0,0,0,0,0,0,0,0,0,-60000,0,0,0,0,60000,-60000,-60000
3518,柏騰            ,32000,90000,-58000,0,0,0,0,0,0,-2000,1000,3000,-2000,0,0,0,-60000
066867,A50正2元富01購02,0,0,0,0,0,0,0,0,0,-61000,0,0,0,0,61000,-61000,-61000
066544,鴻海元大01購08  ,0,0,0,0,0,0,0,0,0,-61000,0,0,0,20000,81000,-61000,-61000
066731,瑞昱元大01購01  ,0,0,0,0,0,0,0,0,0,-61000,0,0,0,67000,128000,-61000,-61000
066272,聯陽元大01購01  ,0,0,0,0,0,0,0,0,0,-61000,0,0,0,62000,123000,-61000,-61000
1464,得力            ,169000,211000,-42000,0,0,0,0,0,0,-19000,0,21000,-21000,13000,11000,2000,-61000
054308,嘉晶凱基98購01  ,0,0,0,0,0,0,0,0,0,-61000,0,0,0,18000,79000,-61000,-61000
056710,漢唐永豐98購01  ,0,0,0,0,0,0,0,0,0,-61000,0,0,0,51000,112000,-61000,-61000
058068,旺宏凱基98購11  ,0,0,0,0,0,0,0,0,0,-61000,0,0,0,0,61000,-61000,-61000
060591,富邦金台新9A購01,0,0,0,0,0,0,0,0,0,-61000,0,0,0,0,61000,-61000,-61000
063446,台光電統一01購02,0,0,0,0,0,0,0,0,0,-61000,0,0,0,0,61000,-61000,-61000
062468,台積電凱基9B購06,0,0,0,0,0,0,0,0,0,-61000,0,0,0,43000,104000,-61000,-61000
063690,健鼎永豐9B購01  ,0,0,0,0,0,0,0,0,0,-61000,0,0,0,68000,129000,-61000,-61000
063858,鴻海國泰02購01  ,0,0,0,0,0,0,0,0,0,-61000,0,0,0,63000,124000,-61000,-61000
064584,英業達永豐9C購01,0,0,0,0,0,0,0,0,0,-61000,0,0,0,48000,109000,-61000,-61000
064597,鴻海元富9C購03  ,0,0,0,0,0,0,0,0,0,-61000,0,0,0,1801000,1862000,-61000,-61000
065551,聯發科凱基9C購11,0,0,0,0,0,0,0,0,0,-61000,0,0,0,12000,73000,-61000,-61000
065340,旺宏統一9C購04  ,0,0,0,0,0,0,0,0,0,-61000,0,0,0,39000,100000,-61000,-61000
066028,嘉澤群益01購01  ,0,0,0,0,0,0,0,0,0,-61000,0,0,0,36000,97000,-61000,-61000
066104,鎧勝國票02購01  ,0,0,0,0,0,0,0,0,0,-61000,0,0,0,71000,132000,-61000,-61000
066143,惠特群益01購01  ,0,0,0,0,0,0,0,0,0,-61000,0,0,0,0,61000,-61000,-61000
057973,神達富邦9A購01  ,0,0,0,0,0,0,0,0,0,-62000,0,0,0,5000,67000,-62000,-62000
058406,聯茂元大99購06  ,0,0,0,0,0,0,0,0,0,-62000,0,0,0,93000,155000,-62000,-62000
061550,聯鈞群益9A購03  ,0,0,0,0,0,0,0,0,0,-62000,0,0,0,38000,100000,-62000,-62000
061318,智邦凱基9B購01  ,0,0,0,0,0,0,0,0,0,-62000,0,0,0,21000,83000,-62000,-62000
066154,聯強康和01購01  ,0,0,0,0,0,0,0,0,0,-62000,0,0,0,6000,68000,-62000,-62000
3004,豐達科          ,13000,55000,-42000,0,0,0,0,19000,-19000,-1000,2000,3000,-1000,0,0,0,-62000
059148,百和國票9A購01  ,0,0,0,0,0,0,0,0,0,-63000,0,0,0,38000,101000,-63000,-63000
057669,嘉晶元大99購03  ,0,0,0,0,0,0,0,0,0,-63000,0,0,0,1000,64000,-63000,-63000
055572,鴻海統一98購04  ,0,0,0,0,0,0,0,0,0,-63000,0,0,0,55000,118000,-63000,-63000
063107,矽創群益9B購01  ,0,0,0,0,0,0,0,0,0,-63000,0,0,0,62000,125000,-63000,-63000
063257,牧德國泰01購01  ,0,0,0,0,0,0,0,0,0,-63000,0,0,0,15000,78000,-63000,-63000
063292,致新元大9B購02  ,0,0,0,0,0,0,0,0,0,-63000,0,0,0,24000,87000,-63000,-63000
062494,中石化中信9C購01,0,0,0,0,0,0,0,0,0,-63000,0,0,0,0,63000,-63000,-63000
062359,旺宏元大9C購02  ,0,0,0,0,0,0,0,0,0,-63000,0,0,0,0,63000,-63000,-63000
061679,健策元大9B購04  ,0,0,0,0,0,0,0,0,0,-63000,0,0,0,55000,118000,-63000,-63000
065777,正崴國泰03購01  ,0,0,0,0,0,0,0,0,0,-63000,0,0,0,5000,68000,-63000,-63000
064702,百和群益01購01  ,0,0,0,0,0,0,0,0,0,-63000,0,0,0,10000,73000,-63000,-63000
064495,南亞科元大9C購03,0,0,0,0,0,0,0,0,0,-63000,0,0,0,5000,68000,-63000,-63000
064272,鴻海元大9C購09  ,0,0,0,0,0,0,0,0,0,-63000,0,0,0,0,63000,-63000,-63000
064124,台積電元大9C購10,0,0,0,0,0,0,0,0,0,-63000,0,0,0,176000,239000,-63000,-63000
066735,智原元大01購03  ,0,0,0,0,0,0,0,0,0,-64000,0,0,0,18000,82000,-64000,-64000
067032,致新元富01購01  ,0,0,0,0,0,0,0,0,0,-64000,0,0,0,0,64000,-64000,-64000
055623,貿聯國泰99購01  ,0,0,0,0,0,0,0,0,0,-64000,0,0,0,50000,114000,-64000,-64000
057989,旺宏統一99購04  ,0,0,0,0,0,0,0,0,0,-64000,0,0,0,0,64000,-64000,-64000
057964,緯穎元大99購03  ,0,0,0,0,0,0,0,0,0,-64000,0,0,0,93000,157000,-64000,-64000
058666,上証反群益01購01,0,0,0,0,0,0,0,0,0,-64000,0,0,0,350000,414000,-64000,-64000
062845,微星富邦01購01  ,0,0,0,0,0,0,0,0,0,-64000,0,0,0,37000,101000,-64000,-64000
063224,泰鼎群益9B購02  ,0,0,0,0,0,0,0,0,0,-64000,0,0,0,18000,82000,-64000,-64000
060849,力成國票9A購01  ,0,0,0,0,0,0,0,0,0,-64000,0,0,0,10000,74000,-64000,-64000
060509,宏達電元大9A購02,0,0,0,0,0,0,0,0,0,-64000,0,0,0,1000,65000,-64000,-64000
064245,GIS統一02購02   ,0,0,0,0,0,0,0,0,0,-64000,0,0,0,261000,325000,-64000,-64000
065450,同欣電統一01購03,0,0,0,0,0,0,0,0,0,-64000,0,0,0,576000,640000,-64000,-64000
065170,智邦元大9C購07  ,0,0,0,0,0,0,0,0,0,-64000,0,0,0,67000,131000,-64000,-64000
066676,A50正2兆豐03購01,0,0,0,0,0,0,0,0,0,-65000,0,0,0,0,65000,-65000,-65000
066372,惠特中信01購01  ,0,0,0,0,0,0,0,0,0,-65000,0,0,0,5000,70000,-65000,-65000
066381,景碩康和01購01  ,0,0,0,0,0,0,0,0,0,-65000,0,0,0,3000,68000,-65000,-65000
1707,葡萄王          ,26000,84000,-58000,0,0,0,0,1000,-1000,-6000,0,1000,-1000,0,5000,-5000,-65000
08527P,大立光元大01售06,0,0,0,0,0,0,0,0,0,-65000,0,0,0,0,65000,-65000,-65000
08376P,南亞科元富9C售03,0,0,0,0,0,0,0,0,0,-65000,0,0,0,140000,205000,-65000,-65000
062002,鴻海國泰01購01  ,0,0,0,0,0,0,0,0,0,-65000,0,0,0,20000,85000,-65000,-65000
060604,宏達電凱基9B購01,0,0,0,0,0,0,0,0,0,-65000,0,0,0,1000,66000,-65000,-65000
060361,南亞科元富9A購03,0,0,0,0,0,0,0,0,0,-65000,0,0,0,20000,85000,-65000,-65000
061106,群創元大9B購09  ,0,0,0,0,0,0,0,0,0,-65000,0,0,0,22000,87000,-65000,-65000
061708,同欣電國票9A購02,0,0,0,0,0,0,0,0,0,-65000,0,0,0,22000,87000,-65000,-65000
061737,南亞科凱基9B購01,0,0,0,0,0,0,0,0,0,-65000,0,0,0,35000,100000,-65000,-65000
065201,世芯元富9C購02  ,0,0,0,0,0,0,0,0,0,-65000,0,0,0,0,65000,-65000,-65000
065553,聯詠凱基9C購03  ,0,0,0,0,0,0,0,0,0,-65000,0,0,0,0,65000,-65000,-65000
065596,鴻海元大9C購16  ,0,0,0,0,0,0,0,0,0,-65000,0,0,0,0,65000,-65000,-65000
066020,東元群益01購01  ,0,0,0,0,0,0,0,0,0,-65000,0,0,0,95000,160000,-65000,-65000
065897,凌華統一03購01  ,0,0,0,0,0,0,0,0,0,-65000,0,0,0,0,65000,-65000,-65000
064008,日月光凱基9C購01,0,0,0,0,0,0,0,0,0,-65000,0,0,0,2000,67000,-65000,-65000
064406,健策凱基03購01  ,0,0,0,0,0,0,0,0,0,-65000,0,0,0,38000,103000,-65000,-65000
08701P,景碩康和01售02  ,0,0,0,0,0,0,0,0,0,-66000,0,0,0,194000,260000,-66000,-66000
07719P,臺股指群益9A售08,0,0,0,0,0,0,0,0,0,-66000,0,0,0,129000,195000,-66000,-66000
066238,聯鈞富邦03購01  ,0,0,0,0,0,0,0,0,0,-66000,0,0,0,0,66000,-66000,-66000
066761,聯陽永豐01購03  ,0,0,0,0,0,0,0,0,0,-66000,0,0,0,33000,99000,-66000,-66000
061951,南電群益9B購01  ,0,0,0,0,0,0,0,0,0,-66000,0,0,0,61000,127000,-66000,-66000
059125,台積電第一03購02,0,0,0,0,0,0,0,0,0,-66000,0,0,0,10000,76000,-66000,-66000
054160,華泰凱基98購01  ,0,0,0,0,0,0,0,0,0,-66000,0,0,0,0,66000,-66000,-66000
062702,可成元大9C購01  ,0,0,0,0,0,0,0,0,0,-66000,0,0,0,2000,68000,-66000,-66000
063333,同欣電國票9C購01,0,0,0,0,0,0,0,0,0,-66000,0,0,0,17000,83000,-66000,-66000
063407,泰鼎國票9C購01  ,0,0,0,0,0,0,0,0,0,-66000,0,0,0,5000,71000,-66000,-66000
066133,京元電群益01購01,0,0,0,0,0,0,0,0,0,-66000,0,0,0,54000,120000,-66000,-66000
066069,英業達凱基02購01,0,0,0,0,0,0,0,0,0,-66000,0,0,0,26000,92000,-66000,-66000
066487,聯詠元富01購03  ,0,0,0,0,0,0,0,0,0,-67000,0,0,0,59000,126000,-67000,-67000
08400P,美律元富9C售02  ,0,0,0,0,0,0,0,0,0,-67000,0,0,0,113000,180000,-67000,-67000
055323,貿聯國票98購01  ,0,0,0,0,0,0,0,0,0,-67000,0,0,0,4000,71000,-67000,-67000
055093,京鼎群益98購01  ,0,0,0,0,0,0,0,0,0,-67000,0,0,0,13000,80000,-67000,-67000
057042,台積電元大98購10,0,0,0,0,0,0,0,0,0,-67000,0,0,0,175000,242000,-67000,-67000
060413,東元永豐9A購01  ,0,0,0,0,0,0,0,0,0,-67000,0,0,0,175000,242000,-67000,-67000
063045,國巨兆豐9C購02  ,0,0,0,0,0,0,0,0,0,-67000,0,0,0,2000,69000,-67000,-67000
059816,聯電凱基99購03  ,0,0,0,0,0,0,0,0,0,-67000,0,0,0,60000,127000,-67000,-67000
066062,同欣電元大01購02,0,0,0,0,0,0,0,0,0,-67000,0,0,0,107000,174000,-67000,-67000
065953,宏達電統一03購01,0,0,0,0,0,0,0,0,0,-67000,0,0,0,17000,84000,-67000,-67000
065585,聯發科富邦03購02,0,0,0,0,0,0,0,0,0,-67000,0,0,0,276000,343000,-67000,-67000
065717,創意中信9C購02  ,0,0,0,0,0,0,0,0,0,-67000,0,0,0,54000,121000,-67000,-67000
065135,和大凱基01購01  ,0,0,0,0,0,0,0,0,0,-67000,0,0,0,35000,102000,-67000,-67000
064990,世紀鋼元大01購01,0,0,0,0,0,0,0,0,0,-67000,0,0,0,561000,628000,-67000,-67000
064382,台積電國泰01購01,0,0,0,0,0,0,0,0,0,-67000,0,0,0,41000,108000,-67000,-67000
08708P,華通台新01售01  ,0,0,0,0,0,0,0,0,0,-68000,0,0,0,261000,329000,-68000,-68000
08169P,台光電群益9B售04,0,0,0,0,0,0,0,0,0,-68000,0,0,0,0,68000,-68000,-68000
066616,創意康和01購01  ,20000,20000,0,0,0,0,0,0,0,-68000,0,0,0,129000,197000,-68000,-68000
066564,智伸科元大01購01,0,0,0,0,0,0,0,0,0,-68000,0,0,0,0,68000,-68000,-68000
066382,拓凱康和01購01  ,0,0,0,0,0,0,0,0,0,-68000,0,0,0,0,68000,-68000,-68000
066433,南六元大02購01  ,0,0,0,0,0,0,0,0,0,-68000,0,0,0,0,68000,-68000,-68000
058190,貿聯永豐99購01  ,0,0,0,0,0,0,0,0,0,-68000,0,0,0,0,68000,-68000,-68000
058421,國泰金麥證01購01,0,0,0,8000,76000,-68000,0,0,0,-68000,0,0,0,8000,76000,-68000,-68000
061984,華新科元大9B購05,0,0,0,0,0,0,0,0,0,-68000,0,0,0,0,68000,-68000,-68000
061987,大立光元大9B購03,0,0,0,0,0,0,0,0,0,-68000,0,0,0,0,68000,-68000,-68000
062169,禾伸堂永豐9B購01,0,0,0,0,0,0,0,0,0,-68000,0,0,0,0,68000,-68000,-68000
057667,可成元大99購01  ,0,0,0,0,0,0,0,0,0,-68000,0,0,0,52000,120000,-68000,-68000
057650,力成元大98購04  ,0,0,0,0,0,0,0,0,0,-68000,0,0,0,0,68000,-68000,-68000
057874,可成元大99購02  ,0,0,0,0,0,0,0,0,0,-68000,0,0,0,48000,116000,-68000,-68000
056657,華邦電元大99購01,0,0,0,0,0,0,0,0,0,-68000,0,0,0,0,68000,-68000,-68000
055399,超眾統一99購01  ,0,0,0,0,0,0,0,0,0,-68000,0,0,0,102000,170000,-68000,-68000
058095,昇陽半元大98購03,0,0,0,0,0,0,0,0,0,-68000,0,0,0,0,68000,-68000,-68000
058973,麗豐永豐99購01  ,0,0,0,0,0,0,0,0,0,-68000,0,0,0,142000,210000,-68000,-68000
00714,群益道瓊美國地產,62000,0,62000,0,0,0,0,0,0,-130000,0,0,0,0,130000,-130000,-68000
00830,國泰費城半導體  ,39000,4000,35000,0,0,0,0,0,0,-103000,0,0,0,169000,272000,-103000,-68000
056899,可成元大98購01  ,0,0,0,0,0,0,0,0,0,-68000,0,0,0,0,68000,-68000,-68000
059984,華新科元大99購21,0,0,0,0,0,0,0,0,0,-68000,0,0,0,0,68000,-68000,-68000
059295,大立光元富99購05,0,0,0,0,0,0,0,0,0,-68000,0,0,0,19000,87000,-68000,-68000
063139,聯發科統一9B購07,0,0,0,0,0,0,0,0,0,-68000,0,0,0,45000,113000,-68000,-68000
061424,華新科元大9A購18,0,0,0,0,0,0,0,0,0,-68000,0,0,0,0,68000,-68000,-68000
064686,鴻海群益01購03  ,0,0,0,0,0,0,0,0,0,-68000,0,0,0,4000,72000,-68000,-68000
064870,中租永豐9C購01  ,0,0,0,0,0,0,0,0,0,-68000,0,0,0,0,68000,-68000,-68000
063689,可成永豐9B購04  ,0,0,0,0,0,0,0,0,0,-68000,0,0,0,2000,70000,-68000,-68000
064927,瀚宇博統一02購01,0,0,0,0,0,0,0,0,0,-68000,0,0,0,68000,136000,-68000,-68000
065088,可成元大9C購09  ,0,0,0,0,0,0,0,0,0,-68000,0,0,0,4000,72000,-68000,-68000
065937,大毅群益02購01  ,0,0,0,0,0,0,0,0,0,-68000,0,0,0,0,68000,-68000,-68000
066041,台光電元大01購02,0,0,0,0,0,0,0,0,0,-68000,0,0,0,100000,168000,-68000,-68000
6155,鈞寶            ,9000,77000,-68000,0,0,0,0,0,0,0,0,0,0,0,0,0,-68000
08332P,智邦台新9C售03  ,0,0,0,0,0,0,0,0,0,-69000,0,0,0,56000,125000,-69000,-69000
053083,中環元大99購01  ,0,0,0,0,0,0,0,0,0,-69000,0,0,0,0,69000,-69000,-69000
058222,玉晶光統一9B購01,0,0,0,0,0,0,0,0,0,-69000,0,0,0,20000,89000,-69000,-69000
063288,泰鼎元大9B購02  ,0,0,0,0,0,0,0,0,0,-69000,0,0,0,62000,131000,-69000,-69000
062265,南茂元大9B購01  ,0,0,0,0,0,0,0,0,0,-69000,0,0,0,3000,72000,-69000,-69000
062331,大立光統一9B購10,0,0,0,0,0,0,0,0,0,-69000,0,0,0,1000,70000,-69000,-69000
065232,健策凱基02購01  ,0,0,0,0,0,0,0,0,0,-69000,0,0,0,2000,71000,-69000,-69000
065011,智邦國泰02購01  ,0,0,0,0,0,0,0,0,0,-69000,0,0,0,59000,128000,-69000,-69000
065429,微星凱基02購02  ,0,0,0,0,0,0,0,0,0,-69000,0,0,0,2000,71000,-69000,-69000
08703P,華碩凱基01售02  ,0,0,0,0,0,0,0,0,0,-70000,0,0,0,10000,80000,-70000,-70000
066666,聯鈞凱基01購03  ,0,0,0,0,0,0,0,0,0,-70000,0,0,0,0,70000,-70000,-70000
06797P,臺股指凱基98售07,0,0,0,0,0,0,0,0,0,-70000,0,0,0,30000,100000,-70000,-70000
058704,台積電元大99購17,0,0,0,0,0,0,0,0,0,-70000,0,0,0,5000,75000,-70000,-70000
057841,茂林富邦9A購02  ,0,0,0,0,0,0,0,0,0,-70000,0,0,0,0,70000,-70000,-70000
056602,嘉澤國泰99購01  ,0,0,0,0,0,0,0,0,0,-70000,0,0,0,0,70000,-70000,-70000
062674,百和中信03購01  ,0,0,0,0,0,0,0,0,0,-70000,0,0,0,35000,105000,-70000,-70000
062994,祥碩群益9B購05  ,0,0,0,0,0,0,0,0,0,-70000,0,0,0,45000,115000,-70000,-70000
06296P,燿華元大98售01  ,0,0,0,0,0,0,0,0,0,-70000,0,0,0,30000,100000,-70000,-70000
065344,瑞昱統一01購05  ,0,0,0,0,0,0,0,0,0,-70000,0,0,0,85000,155000,-70000,-70000
065175,大立光元大01購05,0,0,0,0,0,0,0,0,0,-70000,0,0,0,8000,78000,-70000,-70000
065188,玉晶光統一02購01,0,0,0,0,0,0,0,0,0,-70000,0,0,0,67000,137000,-70000,-70000
063553,同欣電國票9B購03,0,0,0,0,0,0,0,0,0,-70000,0,0,0,20000,90000,-70000,-70000
064331,微星元大9C購03  ,0,0,0,0,0,0,0,0,0,-70000,0,0,0,5000,75000,-70000,-70000
08391P,智邦凱基02售02  ,0,0,0,0,0,0,0,0,0,-71000,0,0,0,0,71000,-71000,-71000
08002P,大毅國票9B售03  ,0,0,0,0,0,0,0,0,0,-71000,0,0,0,31000,102000,-71000,-71000
07807P,聯茂永豐9A售02  ,0,0,0,0,0,0,0,0,0,-71000,0,0,0,0,71000,-71000,-71000
058026,上銀富邦9A購01  ,0,0,0,0,0,0,0,0,0,-71000,0,0,0,268000,339000,-71000,-71000
057508,康控國票99購03  ,0,0,0,0,0,0,0,0,0,-71000,0,0,0,208000,279000,-71000,-71000
058596,旺宏台新99購01  ,0,0,0,0,0,0,0,0,0,-71000,0,0,0,0,71000,-71000,-71000
063491,國巨富邦02購02  ,0,0,0,0,0,0,0,0,0,-71000,0,0,0,205000,276000,-71000,-71000
062641,瀚宇博國票9B購01,0,0,0,0,0,0,0,0,0,-71000,0,0,0,12000,83000,-71000,-71000
08867P,欣興凱基01售03  ,0,0,0,0,0,0,0,0,0,-72000,0,0,0,0,72000,-72000,-72000
066951,長榮航元大01購01,0,0,0,0,0,0,0,0,0,-72000,0,0,0,0,72000,-72000,-72000
066756,長興永豐01購02  ,0,0,0,0,0,0,0,0,0,-72000,0,0,0,34000,106000,-72000,-72000
066590,華新科群益01購04,0,0,0,0,0,0,0,0,0,-72000,0,0,0,4000,76000,-72000,-72000
066444,華擎群益01購03  ,0,0,0,0,0,0,0,0,0,-72000,0,0,0,76000,148000,-72000,-72000
062212,臻鼎台新9B購01  ,0,0,0,0,0,0,0,0,0,-72000,0,0,0,160000,232000,-72000,-72000
055899,群創中信99購01  ,0,0,0,0,0,0,0,0,0,-72000,0,0,0,90000,162000,-72000,-72000
056918,台積電兆豐98購01,0,0,0,0,0,0,0,0,0,-72000,0,0,0,0,72000,-72000,-72000
062680,微星統一01購01  ,0,0,0,0,0,0,0,0,0,-72000,0,0,0,103000,175000,-72000,-72000
059919,宏達電元大99購06,0,0,0,0,0,0,0,0,0,-72000,0,0,0,5000,77000,-72000,-72000
063301,鴻海凱基9B購08  ,0,0,0,0,0,0,0,0,0,-72000,0,0,0,1000,73000,-72000,-72000
064640,和大凱基03購01  ,0,0,0,0,0,0,0,0,0,-72000,0,0,0,28000,100000,-72000,-72000
066058,TPK元大01購02   ,0,0,0,0,0,0,0,0,0,-72000,0,0,0,29000,101000,-72000,-72000
065965,國巨元大01購05  ,0,0,0,0,0,0,0,0,0,-72000,0,0,0,0,72000,-72000,-72000
9934,成霖            ,9000,81000,-72000,0,0,0,0,0,0,0,0,0,0,0,0,0,-72000
066453,嘉基群益01購01  ,0,0,0,0,0,0,0,0,0,-73000,0,0,0,9000,82000,-73000,-73000
066211,瑞祺統一04購01  ,0,0,0,0,0,0,0,0,0,-73000,0,0,0,121000,194000,-73000,-73000
066563,日月光元大01購01,0,0,0,0,0,0,0,0,0,-73000,0,0,0,0,73000,-73000,-73000
067146,台達電統一02購01,0,0,0,0,0,0,0,0,0,-73000,0,0,0,0,73000,-73000,-73000
08538P,聯發科國票01售01,0,0,0,0,0,0,0,0,0,-73000,0,0,0,28000,101000,-73000,-73000
00656R,國泰中國A50反1  ,0,0,0,0,0,0,0,0,0,-73000,0,0,0,429000,502000,-73000,-73000
063283,華新科元大9C購03,0,0,0,0,0,0,0,0,0,-73000,0,0,0,100000,173000,-73000,-73000
061358,世紀鋼元大9A購04,0,0,0,0,0,0,0,0,0,-73000,0,0,0,283000,356000,-73000,-73000
064533,技嘉國票01購01  ,0,0,0,0,0,0,0,0,0,-73000,0,0,0,66000,139000,-73000,-73000
6278,台表科          ,1760000,1326000,434000,0,0,0,26000,0,26000,-533000,131000,577000,-446000,20000,107000,-87000,-73000
2486,一詮            ,102000,169000,-67000,0,0,0,0,0,0,-6000,4000,10000,-6000,0,0,0,-73000
08258P,旺宏元大9C售04  ,0,0,0,0,0,0,0,0,0,-74000,0,0,0,10000,84000,-74000,-74000
08157P,大立光元富9B售06,0,0,0,0,0,0,0,0,0,-74000,0,0,0,26000,100000,-74000,-74000
066956,華擎元大01購04  ,0,0,0,0,0,0,0,0,0,-74000,0,0,0,81000,155000,-74000,-74000
054468,台郡凱基98購01  ,0,0,0,0,0,0,0,0,0,-74000,0,0,0,0,74000,-74000,-74000
061878,茂林元大9B購01  ,0,0,0,0,0,0,0,0,0,-74000,0,0,0,26000,100000,-74000,-74000
063271,中磊兆豐9C購01  ,0,0,0,0,0,0,0,0,0,-74000,0,0,0,135000,209000,-74000,-74000
059454,亞光永豐99購01  ,0,0,0,0,0,0,0,0,0,-74000,0,0,0,25000,99000,-74000,-74000
062767,GIS凱基9B購02   ,0,0,0,0,0,0,0,0,0,-74000,0,0,0,30000,104000,-74000,-74000
064888,景碩中信9C購01  ,0,0,0,0,0,0,0,0,0,-74000,0,0,0,30000,104000,-74000,-74000
065910,立積永豐9C購02  ,0,0,0,0,0,0,0,0,0,-74000,0,0,0,6000,80000,-74000,-74000
065163,香港反元大03購01,0,0,0,0,0,0,0,0,0,-74000,0,0,0,0,74000,-74000,-74000
2881A,富邦特          ,0,0,0,0,0,0,0,55000,-55000,-19000,1000,20000,-19000,0,0,0,-74000
066981,聯發科群益02購07,0,0,0,0,0,0,0,0,0,-75000,0,0,0,10000,85000,-75000,-75000
067297,台積電元大02購03,0,0,0,0,0,0,0,0,0,-75000,0,0,0,0,75000,-75000,-75000
066700,瑞昱群益01購01  ,0,0,0,0,0,0,0,0,0,-75000,0,0,0,37000,112000,-75000,-75000
08305P,茂林群益9C售01  ,0,0,0,0,0,0,0,0,0,-75000,0,0,0,25000,100000,-75000,-75000
07685P,玉晶光凱基9B售03,0,0,0,0,0,0,0,0,0,-75000,0,0,0,15000,90000,-75000,-75000
058327,大毅統一9B購01  ,0,0,0,0,0,0,0,0,0,-75000,0,0,0,15000,90000,-75000,-75000
058608,華新科元大99購13,0,0,0,0,0,0,0,0,0,-75000,0,0,0,0,75000,-75000,-75000
059127,國巨中信99購04  ,0,0,0,0,0,0,0,0,0,-75000,0,0,0,6000,81000,-75000,-75000
059278,群創元大9A購04  ,0,0,0,0,0,0,0,0,0,-75000,0,0,0,0,75000,-75000,-75000
059918,華新科元大99購20,0,0,0,0,0,0,0,0,0,-75000,0,0,0,0,75000,-75000,-75000
061646,力成元大9A購02  ,0,0,0,0,0,0,0,0,0,-75000,0,0,0,50000,125000,-75000,-75000
061749,群創統一9C購02  ,0,0,0,0,0,0,0,0,0,-75000,0,0,0,0,75000,-75000,-75000
060107,旭富元大99購03  ,0,0,0,0,0,0,0,0,0,-75000,0,0,0,79000,154000,-75000,-75000
063310,和大群益9B購02  ,0,0,0,0,0,0,0,0,0,-75000,0,0,0,10000,85000,-75000,-75000
061316,台積電凱基9A購24,0,0,0,0,0,0,0,0,0,-75000,0,0,0,1000,76000,-75000,-75000
062956,同欣電永豐9B購02,0,0,0,0,0,0,0,0,0,-75000,0,0,0,75000,150000,-75000,-75000
062921,GIS元大9B購01   ,0,0,0,0,0,0,0,0,0,-75000,0,0,0,0,75000,-75000,-75000
065116,臺股指國票9C購13,0,0,0,0,0,0,0,0,0,-75000,0,0,0,0,75000,-75000,-75000
066090,泰鼎永豐01購01  ,0,0,0,0,0,0,0,0,0,-75000,0,0,0,38000,113000,-75000,-75000
065809,同欣電群益9C購03,0,0,0,0,0,0,0,0,0,-75000,0,0,0,50000,125000,-75000,-75000
065625,聯發科兆豐9C購06,0,0,0,0,0,0,0,0,0,-75000,0,0,0,43000,118000,-75000,-75000
064739,智邦國票01購01  ,0,0,0,0,0,0,0,0,0,-75000,0,0,0,0,75000,-75000,-75000
064341,聯詠元大9C購01  ,0,0,0,0,0,0,0,0,0,-75000,0,0,0,17000,92000,-75000,-75000
3607,谷崧            ,18000,86000,-68000,0,0,0,0,0,0,-7000,1000,8000,-7000,0,0,0,-75000
06984P,上銀富邦9B售01  ,0,0,0,0,0,0,0,0,0,-76000,0,0,0,73000,149000,-76000,-76000
057578,可成中信99購01  ,0,0,0,0,0,0,0,0,0,-76000,0,0,0,14000,90000,-76000,-76000
060306,台肥永豐9A購01  ,0,0,0,0,0,0,0,0,0,-76000,0,0,0,2000,78000,-76000,-76000
060430,和潤永豐9A購01  ,0,0,0,0,0,0,0,0,0,-76000,0,0,0,5000,81000,-76000,-76000
063282,奇力新元大9B購06,0,0,0,0,0,0,0,0,0,-76000,0,0,0,6000,82000,-76000,-76000
063519,聚陽凱基9B購02  ,0,0,0,0,0,0,0,0,0,-76000,0,0,0,81000,157000,-76000,-76000
063205,貿聯統一9C購01  ,0,0,0,0,0,0,0,0,0,-76000,0,0,0,52000,128000,-76000,-76000
064565,高鐵群益01購01  ,0,0,0,0,0,0,0,0,0,-76000,0,0,0,32000,108000,-76000,-76000
063611,儒鴻群益9B購03  ,0,0,0,0,0,0,0,0,0,-76000,0,0,0,38000,114000,-76000,-76000
063634,台光電元大9B購09,0,0,0,0,0,0,0,0,0,-76000,0,0,0,6000,82000,-76000,-76000
065687,華通元富9C購03  ,0,0,0,0,0,0,0,0,0,-76000,0,0,0,0,76000,-76000,-76000
067151,聯發科統一02購06,0,0,0,0,0,0,0,0,0,-77000,0,0,0,1000,78000,-77000,-77000
067048,聯詠凱基02購02  ,0,0,0,0,0,0,0,0,0,-77000,0,0,0,60000,137000,-77000,-77000
066640,達麗凱基01購01  ,0,0,0,0,0,0,0,0,0,-77000,0,0,0,23000,100000,-77000,-77000
066308,中化永豐01購01  ,0,0,0,0,0,0,0,0,0,-77000,0,0,0,0,77000,-77000,-77000
07963P,智邦統一9B售01  ,0,0,0,0,0,0,0,0,0,-77000,0,0,0,10000,87000,-77000,-77000
08411P,技嘉凱基9C售01  ,0,0,0,0,0,0,0,0,0,-77000,0,0,0,42000,119000,-77000,-77000
1541,錩泰            ,66000,142000,-76000,0,0,0,0,0,0,-1000,1000,2000,-1000,0,0,0,-77000
061589,世紀鋼富邦9B購01,0,0,0,0,0,0,0,0,0,-77000,0,0,0,262000,339000,-77000,-77000
059170,康控凱基9B購01  ,0,0,0,0,0,0,0,0,0,-77000,0,0,0,5000,82000,-77000,-77000
059203,勤誠永豐99購02  ,0,0,0,0,0,0,0,0,0,-77000,0,0,0,10000,87000,-77000,-77000
057009,信邦中信99購01  ,0,0,0,0,0,0,0,0,0,-77000,0,0,0,107000,184000,-77000,-77000
063493,金像電富邦01購01,0,0,0,0,0,0,0,0,0,-77000,0,0,0,271000,348000,-77000,-77000
063545,華通兆豐9B購03  ,0,0,0,0,0,0,0,0,0,-77000,0,0,0,1000,78000,-77000,-77000
060432,達方永豐9A購01  ,0,0,0,0,0,0,0,0,0,-77000,0,0,0,562000,639000,-77000,-77000
061815,奇力新群益9B購02,0,0,0,0,0,0,0,0,0,-77000,0,0,0,0,77000,-77000,-77000
063842,國巨元大9C購10  ,0,0,0,0,0,0,0,0,0,-77000,0,0,0,3000,80000,-77000,-77000
064147,瑞昱統一01購04  ,0,0,0,0,0,0,0,0,0,-77000,0,0,0,143000,220000,-77000,-77000
08837P,牧德國票03售01  ,0,0,0,0,0,0,0,0,0,-78000,0,0,0,10000,88000,-78000,-78000
08381P,台灣50群益9C售06,0,0,0,0,0,0,0,0,0,-78000,0,0,0,42000,120000,-78000,-78000
08613P,同欣電凱基9C售04,0,0,0,0,0,0,0,0,0,-78000,0,0,0,10000,88000,-78000,-78000
08351P,南六國票01售02  ,0,0,0,0,0,0,0,0,0,-78000,0,0,0,34000,112000,-78000,-78000
066850,鎧勝元大01購03  ,0,0,0,0,0,0,0,0,0,-78000,0,0,0,0,78000,-78000,-78000
058911,茂林元大99購04  ,0,0,0,0,0,0,0,0,0,-78000,0,0,0,127000,205000,-78000,-78000
059940,微星永豐99購01  ,0,0,0,0,0,0,0,0,0,-78000,0,0,0,0,78000,-78000,-78000
059847,喬山永豐99購01  ,0,0,0,0,0,0,0,0,0,-78000,0,0,0,0,78000,-78000,-78000
060411,達新永豐9A購01  ,0,0,0,0,0,0,0,0,0,-78000,0,0,0,4000,82000,-78000,-78000
063445,金像電統一9B購01,0,0,0,0,0,0,0,0,0,-78000,0,0,0,477000,555000,-78000,-78000
064895,奇力新群益9C購02,0,0,0,0,0,0,0,0,0,-78000,0,0,0,56000,134000,-78000,-78000
064899,大立光群益9C購06,0,0,0,0,0,0,0,0,0,-78000,0,0,0,20000,98000,-78000,-78000
065806,貿聯群益9C購05  ,0,0,0,0,0,0,0,0,0,-78000,0,0,0,72000,150000,-78000,-78000
3504,揚明光          ,53000,94000,-41000,0,0,0,0,30000,-30000,-7000,1000,8000,-7000,0,0,0,-78000
3312,弘憶股          ,2000,63000,-61000,0,0,0,0,9252,-9252,-8000,0,8000,-8000,0,0,0,-78252
058051,同欣電元大98購03,0,0,0,0,0,0,0,0,0,-79000,0,0,0,0,79000,-79000,-79000
058781,康友國票9A購01  ,0,0,0,0,0,0,0,0,0,-79000,0,0,0,150000,229000,-79000,-79000
065764,康友元大9C購02  ,0,0,0,0,0,0,0,0,0,-79000,0,0,0,95000,174000,-79000,-79000
065324,聯發科凱基9C購10,0,0,0,0,0,0,0,0,0,-79000,0,0,0,16000,95000,-79000,-79000
065431,大立光凱基02購02,0,0,0,0,0,0,0,0,0,-79000,0,0,0,88000,167000,-79000,-79000
064468,健策元富9C購02  ,0,0,0,0,0,0,0,0,0,-79000,0,0,0,50000,129000,-79000,-79000
064023,智邦元大9C購02  ,0,0,0,0,0,0,0,0,0,-79000,0,0,0,72000,151000,-79000,-79000
063763,上銀元富9B購07  ,0,0,0,0,0,0,0,0,0,-79000,0,0,0,295000,374000,-79000,-79000
066947,聯發科元大01購15,0,0,0,0,0,0,0,0,0,-80000,0,0,0,30000,110000,-80000,-80000
06834P,訊芯群益99售02  ,0,0,0,0,0,0,0,0,0,-80000,0,0,0,10000,90000,-80000,-80000
06926P,可成群益9A售04  ,0,0,0,0,0,0,0,0,0,-80000,0,0,0,20000,100000,-80000,-80000
06853P,華擎元富98售03  ,0,0,0,0,0,0,0,0,0,-80000,0,0,0,0,80000,-80000,-80000
066226,惠特國泰03購01  ,0,0,0,0,0,0,0,0,0,-80000,0,0,0,10000,90000,-80000,-80000
08702P,南電康和01售01  ,0,0,0,0,0,0,0,0,0,-80000,0,0,0,0,80000,-80000,-80000
058184,鴻海永豐99購01  ,0,0,0,0,0,0,0,0,0,-80000,0,0,0,263000,343000,-80000,-80000
058475,台積電凱基99購06,0,0,0,0,0,0,0,0,0,-80000,0,0,0,0,80000,-80000,-80000
061950,日月光群益9B購01,0,0,0,0,0,0,0,0,0,-80000,0,0,0,11000,91000,-80000,-80000
057842,緯穎富邦99購02  ,0,0,0,0,0,0,0,0,0,-80000,0,0,0,0,80000,-80000,-80000
058346,嘉晶群益99購01  ,0,0,0,0,0,0,0,0,0,-80000,0,0,0,0,80000,-80000,-80000
057888,貿聯群益98購02  ,0,0,0,0,0,0,0,0,0,-80000,0,0,0,0,80000,-80000,-80000
055615,宏達電國票99購02,0,0,0,0,0,0,0,0,0,-80000,0,0,0,0,80000,-80000,-80000
058076,神達凱基98購02  ,0,0,0,0,0,0,0,0,0,-80000,0,0,0,0,80000,-80000,-80000
056269,新日興統一98購01,0,0,0,0,0,0,0,0,0,-80000,0,0,0,79000,159000,-80000,-80000
049973,T50反1日盛9A購01,0,0,0,0,0,0,0,0,0,-80000,0,0,0,0,80000,-80000,-80000
060008,華邦電群益9A購01,0,0,0,0,0,0,0,0,0,-80000,0,0,0,0,80000,-80000,-80000
062696,國巨元大9B購16  ,0,0,0,0,0,0,0,0,0,-80000,0,0,0,0,80000,-80000,-80000
061653,上証2X國票9A購02,0,0,0,0,0,0,0,0,0,-80000,0,0,0,0,80000,-80000,-80000
061661,京鼎永豐9A購02  ,0,0,0,0,0,0,0,0,0,-80000,0,0,0,48000,128000,-80000,-80000
062106,華邦電國票9B購02,0,0,0,0,0,0,0,0,0,-80000,0,0,0,67000,147000,-80000,-80000
060030,晶相光永豐99購03,0,0,0,0,0,0,0,0,0,-80000,0,0,0,0,80000,-80000,-80000
063566,台光電元大9B購08,0,0,0,0,0,0,0,0,0,-80000,0,0,0,0,80000,-80000,-80000
064167,緯穎統一01購03  ,0,0,0,0,0,0,0,0,0,-80000,0,0,0,0,80000,-80000,-80000
064442,嘉聯益凱基9C購01,0,0,0,0,0,0,0,0,0,-80000,0,0,0,34000,114000,-80000,-80000
064575,鈺齊群益9C購01  ,0,0,0,0,0,0,0,0,0,-80000,0,0,0,146000,226000,-80000,-80000
065552,聯發科凱基9C購12,0,0,0,0,0,0,0,0,0,-80000,0,0,0,1000,81000,-80000,-80000
065363,國巨元大01購04  ,0,0,0,0,0,0,0,0,0,-80000,0,0,0,50000,130000,-80000,-80000
065776,鴻海國泰03購01  ,0,0,0,0,0,0,0,0,0,-80000,0,0,0,234000,314000,-80000,-80000
065732,健策凱基9C購04  ,0,0,0,0,0,0,0,0,0,-80000,0,0,0,0,80000,-80000,-80000
2359,所羅門          ,73000,150000,-77000,0,0,0,0,0,0,-3000,2000,5000,-3000,0,0,0,-80000
1733,五鼎            ,42000,109000,-67000,0,0,0,0,0,0,-13000,2000,15000,-13000,0,0,0,-80000
08348P,貿聯元大9C售01  ,0,0,0,0,0,0,0,0,0,-81000,0,0,0,37000,118000,-81000,-81000
056903,大立光元大99購04,0,0,0,0,0,0,0,0,0,-81000,0,0,0,1000,82000,-81000,-81000
058409,鴻海兆豐99購05  ,0,0,0,0,0,0,0,0,0,-81000,0,0,0,0,81000,-81000,-81000
059453,奇力新永豐99購01,0,0,0,0,0,0,0,0,0,-81000,0,0,0,0,81000,-81000,-81000
060401,世紀鋼國票9B購01,0,0,0,0,0,0,0,0,0,-81000,0,0,0,317000,398000,-81000,-81000
064522,華擎群益01購01  ,0,0,0,0,0,0,0,0,0,-81000,0,0,0,0,81000,-81000,-81000
063973,緯穎國票9C購01  ,0,0,0,0,0,0,0,0,0,-81000,0,0,0,45000,126000,-81000,-81000
08555P,超眾國票01售01  ,0,0,0,0,0,0,0,0,0,-82000,0,0,0,0,82000,-82000,-82000
08430P,友達凱基01售01  ,0,0,0,0,0,0,0,0,0,-82000,0,0,0,0,82000,-82000,-82000
06755P,大立光永豐98售03,0,0,0,0,0,0,0,0,0,-82000,0,0,0,0,82000,-82000,-82000
07058P,台積電凱基9A售07,0,0,0,0,0,0,0,0,0,-82000,0,0,0,173000,255000,-82000,-82000
067107,義隆群益01購02  ,0,0,0,0,0,0,0,0,0,-82000,0,0,0,33000,115000,-82000,-82000
060699,華新科國泰9B購03,0,0,0,0,0,0,0,0,0,-82000,0,0,0,0,82000,-82000,-82000
059375,道瓊反群益9C購02,0,0,0,0,0,0,0,0,0,-82000,0,0,0,10000,92000,-82000,-82000
062867,東元中信9B購01  ,0,0,0,0,0,0,0,0,0,-82000,0,0,0,82000,164000,-82000,-82000
061693,華新科群益9B購02,0,0,0,0,0,0,0,0,0,-82000,0,0,0,4000,86000,-82000,-82000
065565,神隆群益01購01  ,0,0,0,0,0,0,0,0,0,-82000,0,0,0,10000,92000,-82000,-82000
065177,旭富元大9C購05  ,0,0,0,0,0,0,0,0,0,-82000,0,0,0,56000,138000,-82000,-82000
3167,大量            ,72000,132000,-60000,0,0,0,0,21000,-21000,-1000,1000,2000,-1000,0,0,0,-82000
067017,樺漢富邦04購01  ,0,0,0,0,0,0,0,0,0,-83000,0,0,0,127000,210000,-83000,-83000
066485,台光電元富01購01,0,0,0,0,0,0,0,0,0,-83000,0,0,0,51000,134000,-83000,-83000
08815P,聯發科國泰03售03,5000,0,5000,0,0,0,0,0,0,-88000,0,0,0,17000,105000,-88000,-83000
059142,道瓊指國票9B購02,0,0,0,0,0,0,0,0,0,-83000,0,0,0,0,83000,-83000,-83000
058736,鈺齊永豐99購02  ,0,0,0,0,0,0,0,0,0,-83000,0,0,0,210000,293000,-83000,-83000
056267,文曄統一97購02  ,0,0,0,0,0,0,0,0,0,-83000,0,0,0,0,83000,-83000,-83000
062408,致新永豐9B購01  ,0,0,0,0,0,0,0,0,0,-83000,0,0,0,1000,84000,-83000,-83000
060183,南亞科元富9A購01,0,0,0,0,0,0,0,0,0,-83000,0,0,0,2000,85000,-83000,-83000
062907,可成元大9C購03  ,0,0,0,0,0,0,0,0,0,-83000,0,0,0,3000,86000,-83000,-83000
059351,台虹凱基99購01  ,0,0,0,0,0,0,0,0,0,-83000,0,0,0,8000,91000,-83000,-83000
065102,同欣電元大9C購07,0,0,0,0,0,0,0,0,0,-83000,0,0,0,219000,302000,-83000,-83000
064987,勤誠元大9C購02  ,0,0,0,0,0,0,0,0,0,-83000,0,0,0,213000,296000,-83000,-83000
065940,立積群益02購01  ,0,0,0,0,0,0,0,0,0,-83000,0,0,0,38000,121000,-83000,-83000
063979,健鼎兆豐9C購01  ,0,0,0,0,0,0,0,0,0,-83000,0,0,0,0,83000,-83000,-83000
064497,可成元大01購02  ,0,0,0,0,0,0,0,0,0,-83000,0,0,0,44000,127000,-83000,-83000
4564,元翎            ,43000,126000,-83000,0,0,0,0,0,0,0,4000,4000,0,0,0,0,-83000
8422,可寧衛          ,16000,96000,-80000,0,0,0,0,0,0,-3000,0,3000,-3000,0,0,0,-83000
066690,瑞昱台新01購01  ,0,0,0,0,0,0,0,0,0,-84000,0,0,0,24000,108000,-84000,-84000
066221,康友台新01購01  ,0,0,0,0,0,0,0,0,0,-84000,0,0,0,0,84000,-84000,-84000
053860,台積電元大98購03,0,0,0,0,0,0,0,0,0,-84000,0,0,0,40000,124000,-84000,-84000
058744,FBVIX凱基9C購03 ,0,0,0,0,0,0,0,0,0,-84000,0,0,0,100000,184000,-84000,-84000
057371,可成元大98購08  ,0,0,0,0,0,0,0,0,0,-84000,0,0,0,0,84000,-84000,-84000
057537,聯茂元大98購04  ,0,0,0,0,0,0,0,0,0,-84000,0,0,0,0,84000,-84000,-84000
062761,嘉晶凱基9C購01  ,0,0,0,0,0,0,0,0,0,-84000,0,0,0,108000,192000,-84000,-84000
062781,微星元大9C購01  ,0,0,0,0,0,0,0,0,0,-84000,0,0,0,23000,107000,-84000,-84000
060130,瀚宇博永豐99購02,0,0,0,0,0,0,0,0,0,-84000,0,0,0,0,84000,-84000,-84000
062299,台積電第一9B購01,0,0,0,0,0,0,0,0,0,-84000,0,0,0,16000,100000,-84000,-84000
061518,達方永豐9A購02  ,0,0,0,0,0,0,0,0,0,-84000,0,0,0,134000,218000,-84000,-84000
063913,貿聯凱基02購01  ,0,0,0,0,0,0,0,0,0,-84000,0,0,0,1000,85000,-84000,-84000
3673,TPK-KY          ,359000,433000,-74000,0,0,0,34000,0,34000,-44000,12000,23000,-11000,19000,52000,-33000,-84000
066727,鴻海元大01購12  ,0,0,0,0,0,0,0,0,0,-85000,0,0,0,50000,135000,-85000,-85000
067103,聯發科群益01購04,0,0,0,0,0,0,0,0,0,-85000,0,0,0,0,85000,-85000,-85000
1338,廣華-KY         ,83000,167000,-84000,0,0,0,0,0,0,-1000,0,1000,-1000,0,0,0,-85000
08609P,世紀鋼永豐9C售03,0,60000,-60000,0,0,0,0,0,0,-25000,0,0,0,60000,85000,-25000,-85000
057141,嘉聯益兆豐99購01,0,0,0,0,0,0,0,0,0,-85000,0,0,0,0,85000,-85000,-85000
056408,奇鋐國票99購01  ,0,0,0,0,0,0,0,0,0,-85000,0,0,0,21000,106000,-85000,-85000
063546,國巨兆豐9C購03  ,0,0,0,0,0,0,0,0,0,-85000,0,0,0,0,85000,-85000,-85000
063538,神達統一9C購01  ,0,0,0,0,0,0,0,0,0,-85000,0,0,0,0,85000,-85000,-85000
062955,立積永豐9B購02  ,0,0,0,0,0,0,0,0,0,-85000,0,0,0,5000,90000,-85000,-85000
062328,南亞科統一9C購01,0,0,0,0,0,0,0,0,0,-85000,0,0,0,0,85000,-85000,-85000
062238,臻鼎凱基9C購01  ,0,0,0,0,0,0,0,0,0,-85000,0,0,0,88000,173000,-85000,-85000
062873,國巨兆豐9C購01  ,0,0,0,0,0,0,0,0,0,-85000,0,0,0,0,85000,-85000,-85000
064388,緯穎富邦9C購01  ,0,0,0,0,0,0,0,0,0,-85000,0,0,0,10000,95000,-85000,-85000
064770,開發金中信01購01,0,0,0,0,0,0,0,0,0,-85000,0,0,0,19000,104000,-85000,-85000
065827,正崴凱基9C購01  ,0,0,0,0,0,0,0,0,0,-85000,0,0,0,22000,107000,-85000,-85000
06813P,友訊元富98售03  ,0,0,0,0,0,0,0,0,0,-86000,0,0,0,14000,100000,-86000,-86000
067170,台積電麥證01購08,0,0,0,201000,486000,-285000,0,0,0,-86000,0,0,0,501000,587000,-86000,-86000
061824,聯電麥證9B購01  ,0,0,0,92000,178000,-86000,0,0,0,-86000,0,0,0,92000,178000,-86000,-86000
060360,南亞科元富9A購02,0,0,0,0,0,0,0,0,0,-86000,0,0,0,14000,100000,-86000,-86000
065666,旺宏凱基9C購03  ,0,0,0,0,0,0,0,0,0,-86000,0,0,0,1000,87000,-86000,-86000
065680,聯發科統一9C購16,0,0,0,0,0,0,0,0,0,-86000,0,0,0,134000,220000,-86000,-86000
066072,華新科凱基01購03,0,0,0,0,0,0,0,0,0,-86000,0,0,0,7000,93000,-86000,-86000
065039,國巨凱基02購02  ,0,0,0,0,0,0,0,0,0,-86000,0,0,0,0,86000,-86000,-86000
064810,嘉晶元大01購01  ,0,0,0,0,0,0,0,0,0,-86000,0,0,0,204000,290000,-86000,-86000
063924,致新元富9C購01  ,0,0,0,0,0,0,0,0,0,-86000,0,0,0,0,86000,-86000,-86000
064011,嘉晶國票9C購01  ,0,0,0,0,0,0,0,0,0,-86000,0,0,0,1000,87000,-86000,-86000
063612,金像電群益9B購04,0,0,0,0,0,0,0,0,0,-86000,0,0,0,160000,246000,-86000,-86000
1604,聲寶            ,251000,372000,-121000,0,0,0,36000,0,36000,-2000,0,2000,-2000,0,0,0,-87000
059095,訊芯元大99購01  ,0,0,0,0,0,0,0,0,0,-87000,0,0,0,131000,218000,-87000,-87000
058445,旺宏富邦9C購01  ,0,0,0,0,0,0,0,0,0,-87000,0,0,0,0,87000,-87000,-87000
063372,漢翔永豐9B購01  ,0,0,0,0,0,0,0,0,0,-87000,0,0,0,0,87000,-87000,-87000
064789,和大國票01購01  ,0,0,0,0,0,0,0,0,0,-87000,0,0,0,0,87000,-87000,-87000
065822,緯創台新9C購01  ,0,0,0,0,0,0,0,0,0,-87000,0,0,0,90000,177000,-87000,-87000
2939,凱羿-KY         ,39000,124000,-85000,0,0,0,0,1266,-1266,-1000,1000,2000,-1000,0,0,0,-87266
066331,東森永豐01購01  ,0,0,0,0,0,0,0,0,0,-88000,0,0,0,18000,106000,-88000,-88000
062171,中磊永豐9B購01  ,0,0,0,0,0,0,0,0,0,-88000,0,0,0,173000,261000,-88000,-88000
061976,國巨元大9B購01  ,0,0,0,0,0,0,0,0,0,-88000,0,0,0,0,88000,-88000,-88000
057568,友訊永豐99購01  ,0,0,0,0,0,0,0,0,0,-88000,0,0,0,14000,102000,-88000,-88000
061389,華新科群益9B購01,0,0,0,0,0,0,0,0,0,-88000,0,0,0,11000,99000,-88000,-88000
060708,康友富邦9B購01  ,0,0,0,0,0,0,0,0,0,-88000,0,0,0,12000,100000,-88000,-88000
061747,南亞科統一01購01,0,0,0,0,0,0,0,0,0,-88000,0,0,0,5000,93000,-88000,-88000
065808,力成群益9C購02  ,0,0,0,0,0,0,0,0,0,-88000,0,0,0,98000,186000,-88000,-88000
065582,景碩國泰01購01  ,0,0,0,0,0,0,0,0,0,-88000,0,0,0,394000,482000,-88000,-88000
065883,康友台新9C購01  ,0,0,0,0,0,0,0,0,0,-88000,0,0,0,0,88000,-88000,-88000
064769,漢翔中信9C購01  ,0,0,0,0,0,0,0,0,0,-88000,0,0,0,0,88000,-88000,-88000
064876,旺宏兆豐9C購01  ,0,0,0,0,0,0,0,0,0,-88000,0,0,0,15000,103000,-88000,-88000
064554,儒鴻群益9C購01  ,0,0,0,0,0,0,0,0,0,-88000,0,0,0,42000,130000,-88000,-88000
063672,GIS統一9C購01   ,0,0,0,0,0,0,0,0,0,-88000,0,0,0,249000,337000,-88000,-88000
3036,文曄            ,186000,242000,-56000,0,0,0,3000,0,3000,-35000,38000,56000,-18000,15000,32000,-17000,-88000
066281,眾達元大02購01  ,0,0,0,0,0,0,0,0,0,-89000,0,0,0,108000,197000,-89000,-89000
056947,國巨統一9A購01  ,0,0,0,0,0,0,0,0,0,-89000,0,0,0,1000,90000,-89000,-89000
059355,國巨富邦9B購03  ,0,0,0,0,0,0,0,0,0,-89000,0,0,0,0,89000,-89000,-89000
063015,微星元大9B購01  ,0,0,0,0,0,0,0,0,0,-89000,0,0,0,4000,93000,-89000,-89000
063162,國喬永豐9B購01  ,0,0,0,0,0,0,0,0,0,-89000,0,0,0,0,89000,-89000,-89000
063845,旺宏元大9C購03  ,0,0,0,0,0,0,0,0,0,-89000,0,0,0,61000,150000,-89000,-89000
064061,GIS麥證01購01   ,0,0,0,67000,156000,-89000,0,0,0,-89000,0,0,0,67000,156000,-89000,-89000
066084,國巨富邦05購01  ,0,0,0,0,0,0,0,0,0,-89000,0,0,0,109000,198000,-89000,-89000
067154,華擎統一03購03  ,0,0,0,0,0,0,0,0,0,-90000,0,0,0,45000,135000,-90000,-90000
067217,康控元大01購02  ,0,0,0,0,0,0,0,0,0,-90000,0,0,0,74000,164000,-90000,-90000
067284,華新科國票02購01,0,0,0,0,0,0,0,0,0,-90000,0,0,0,0,90000,-90000,-90000
08809P,台灣50群益01售07,0,0,0,0,0,0,0,0,0,-90000,0,0,0,10000,100000,-90000,-90000
052853,友達日盛99購01  ,0,0,0,0,0,0,0,0,0,-90000,0,0,0,0,90000,-90000,-90000
063202,南亞科統一9C購02,0,0,0,0,0,0,0,0,0,-90000,0,0,0,8000,98000,-90000,-90000
061363,儒鴻國票9B購01  ,0,0,0,0,0,0,0,0,0,-90000,0,0,0,35000,125000,-90000,-90000
062915,嘉澤元大9B購03  ,0,0,0,0,0,0,0,0,0,-90000,0,0,0,10000,100000,-90000,-90000
065225,神隆凱基01購01  ,0,0,0,0,0,0,0,0,0,-90000,0,0,0,10000,100000,-90000,-90000
065558,嘉聯益凱基9C購02,0,0,0,0,0,0,0,0,0,-90000,0,0,0,10000,100000,-90000,-90000
063698,上銀群益9B購05  ,0,0,0,0,0,0,0,0,0,-90000,0,0,0,40000,130000,-90000,-90000
064576,世紀鋼群益01購01,0,0,0,0,0,0,0,0,0,-90000,0,0,0,71000,161000,-90000,-90000
064417,創意中信9C購01  ,0,0,0,0,0,0,0,0,0,-90000,0,0,0,6000,96000,-90000,-90000
064414,臺股指凱基9C購10,0,0,0,0,0,0,0,0,0,-90000,0,0,0,26000,116000,-90000,-90000
2882A,國泰特          ,0,0,0,0,0,0,0,45000,-45000,-45000,0,45000,-45000,0,0,0,-90000
07702P,台積電中信9A售06,0,0,0,0,0,0,0,0,0,-91000,0,0,0,0,91000,-91000,-91000
066997,樺漢國泰03購01  ,0,0,0,0,0,0,0,0,0,-91000,0,0,0,29000,120000,-91000,-91000
066210,瑞祺統一02購01  ,0,0,0,0,0,0,0,0,0,-91000,0,0,0,10000,101000,-91000,-91000
060957,SP黃豆凱基9A購04,0,0,0,0,0,0,0,0,0,-91000,0,0,0,0,91000,-91000,-91000
060762,長榮航元大9A購02,0,0,0,0,0,0,0,0,0,-91000,0,0,0,0,91000,-91000,-91000
059507,鴻海永豐99購03  ,0,0,0,0,0,0,0,0,0,-91000,0,0,0,0,91000,-91000,-91000
063682,達新永豐9B購01  ,0,0,0,0,0,0,0,0,0,-91000,0,0,0,0,91000,-91000,-91000
063871,瀚宇博永豐9C購01,0,0,0,0,0,0,0,0,0,-91000,0,0,0,47000,138000,-91000,-91000
056841,友達元富98購03  ,0,0,0,0,0,0,0,0,0,-92000,0,0,0,0,92000,-92000,-92000
00850,元大臺灣ESG永續 ,1000,0,1000,0,0,0,0,0,0,-93000,0,0,0,1089000,1182000,-93000,-92000
058033,景碩永豐98購02  ,0,0,0,0,0,0,0,0,0,-92000,0,0,0,20000,112000,-92000,-92000
057954,宏碁元大99購01  ,0,0,0,0,0,0,0,0,0,-92000,0,0,0,10000,102000,-92000,-92000
057353,玉晶光統一99購01,0,0,0,0,0,0,0,0,0,-92000,0,0,0,0,92000,-92000,-92000
063377,泰鼎永豐9B購03  ,0,0,0,0,0,0,0,0,0,-92000,0,0,0,11000,103000,-92000,-92000
063321,泰鼎群益9B購03  ,0,0,0,0,0,0,0,0,0,-92000,0,0,0,49000,141000,-92000,-92000
062719,微星凱基9B購01  ,0,0,0,0,0,0,0,0,0,-92000,0,0,0,20000,112000,-92000,-92000
066125,得力群益01購01  ,0,0,0,0,0,0,0,0,0,-92000,0,0,0,3000,95000,-92000,-92000
065742,宏達電麥證9C購01,0,0,0,9000,101000,-92000,0,0,0,-92000,0,0,0,9000,101000,-92000,-92000
08698P,可成凱基01售02  ,0,0,0,0,0,0,0,0,0,-93000,0,0,0,47000,140000,-93000,-93000
057447,智邦元富02購01  ,0,0,0,0,0,0,0,0,0,-93000,0,0,0,0,93000,-93000,-93000
059364,昇陽半永豐99購02,0,0,0,0,0,0,0,0,0,-93000,0,0,0,0,93000,-93000,-93000
060134,鈺齊群益9A購01  ,0,0,0,0,0,0,0,0,0,-93000,0,0,0,19000,112000,-93000,-93000
060425,凌華永豐9A購01  ,0,0,0,0,0,0,0,0,0,-93000,0,0,0,0,93000,-93000,-93000
066046,聯發科元大01購09,0,0,0,0,0,0,0,0,0,-93000,0,0,0,65000,158000,-93000,-93000
063583,GIS國泰01購01   ,0,0,0,0,0,0,0,0,0,-93000,0,0,0,732000,825000,-93000,-93000
064588,玉晶光永豐9C購05,0,0,0,0,0,0,0,0,0,-93000,0,0,0,1000,94000,-93000,-93000
1723,中碳            ,13000,103000,-90000,0,0,0,0,0,0,-4000,0,4000,-4000,0,0,0,-94000
08019P,緯穎國票9B售02  ,0,0,0,0,0,0,0,0,0,-94000,0,0,0,6000,100000,-94000,-94000
066325,可成永豐01購01  ,0,0,0,0,0,0,0,0,0,-94000,0,0,0,2000,96000,-94000,-94000
066443,智原群益01購01  ,0,0,0,0,0,0,0,0,0,-94000,0,0,0,0,94000,-94000,-94000
066778,緯穎富邦03購01  ,0,0,0,0,0,0,0,0,0,-94000,0,0,0,0,94000,-94000,-94000
066879,智伸科富邦03購01,0,0,0,0,0,0,0,0,0,-94000,0,0,0,0,94000,-94000,-94000
057730,聯鈞國泰9A購01  ,0,0,0,0,0,0,0,0,0,-94000,0,0,0,29000,123000,-94000,-94000
060562,旺宏富邦9C購02  ,0,0,0,0,0,0,0,0,0,-94000,0,0,0,151000,245000,-94000,-94000
063450,華新科統一02購01,0,0,0,0,0,0,0,0,0,-94000,0,0,0,53000,147000,-94000,-94000
062323,上銀統一9B購03  ,0,0,0,0,0,0,0,0,0,-94000,0,0,0,230000,324000,-94000,-94000
062489,可成永豐9B購02  ,0,0,0,0,0,0,0,0,0,-94000,0,0,0,0,94000,-94000,-94000
062561,瀚宇博凱基9B購01,0,0,0,0,0,0,0,0,0,-94000,0,0,0,202000,296000,-94000,-94000
064603,和碩元富9C購01  ,0,0,0,0,0,0,0,0,0,-94000,0,0,0,50000,144000,-94000,-94000
066001,景碩國票02購01  ,0,0,0,0,0,0,0,0,0,-94000,0,0,0,19000,113000,-94000,-94000
065662,台勝科永豐9C購01,0,0,0,0,0,0,0,0,0,-94000,0,0,0,3000,97000,-94000,-94000
2451,創見            ,108000,157000,-49000,0,0,0,0,2000,-2000,-43000,0,15000,-15000,0,28000,-28000,-94000
066857,大立光國票02購02,0,0,0,0,0,0,0,0,0,-95000,0,0,0,0,95000,-95000,-95000
066817,瀚宇博兆豐03購01,0,0,0,0,0,0,0,0,0,-95000,0,0,0,58000,153000,-95000,-95000
066665,聯詠凱基02購01  ,0,0,0,0,0,0,0,0,0,-95000,0,0,0,114000,209000,-95000,-95000
066551,大立光元大01購07,0,0,0,0,0,0,0,0,0,-95000,0,0,0,143000,238000,-95000,-95000
066441,聯強群益01購01  ,0,0,0,0,0,0,0,0,0,-95000,0,0,0,5000,100000,-95000,-95000
07895P,美律元大9B售01  ,0,0,0,0,0,0,0,0,0,-95000,0,0,0,5000,100000,-95000,-95000
08656P,大立光群益9C售07,0,0,0,0,0,0,0,0,0,-95000,0,0,0,0,95000,-95000,-95000
08366P,祥碩凱基9C售04  ,0,0,0,0,0,0,0,0,0,-95000,0,0,0,85000,180000,-95000,-95000
058218,緯穎群益99購01  ,0,0,0,0,0,0,0,0,0,-95000,0,0,0,0,95000,-95000,-95000
058613,茂林元大99購03  ,0,0,0,0,0,0,0,0,0,-95000,0,0,0,104000,199000,-95000,-95000
055815,亞光國票99購01  ,0,0,0,0,0,0,0,0,0,-95000,0,0,0,0,95000,-95000,-95000
054370,台積電中信9A購01,0,0,0,0,0,0,0,0,0,-95000,0,0,0,14000,109000,-95000,-95000
061541,旺宏群益9A購03  ,0,0,0,0,0,0,0,0,0,-95000,0,0,0,0,95000,-95000,-95000
060809,康友群益9A購01  ,0,0,0,0,0,0,0,0,0,-95000,0,0,0,0,95000,-95000,-95000
065614,緯穎元大01購02  ,0,0,0,0,0,0,0,0,0,-95000,0,0,0,10000,105000,-95000,-95000
4943,康控-KY         ,387000,403000,-16000,0,0,0,0,0,0,-79000,1000,58000,-57000,52000,74000,-22000,-95000
6452,康友-KY         ,61000,172000,-111000,0,0,0,0,1000,-1000,17000,10000,1000,9000,18000,10000,8000,-95000
066203,景碩統一03購01  ,0,0,0,0,0,0,0,0,0,-96000,0,0,0,0,96000,-96000,-96000
066831,亞光群益01購01  ,0,0,0,0,0,0,0,0,0,-96000,0,0,0,0,96000,-96000,-96000
058267,奇鋐永豐99購01  ,0,0,0,0,0,0,0,0,0,-96000,0,0,0,336000,432000,-96000,-96000
066138,健策群益01購05  ,0,0,0,0,0,0,0,0,0,-96000,0,0,0,89000,185000,-96000,-96000
065446,宏達電統一9C購02,0,0,0,0,0,0,0,0,0,-96000,0,0,0,73000,169000,-96000,-96000
064427,喬山凱基01購01  ,0,0,0,0,0,0,0,0,0,-96000,0,0,0,0,96000,-96000,-96000
064106,國巨兆豐9C購04  ,0,0,0,0,0,0,0,0,0,-96000,0,0,0,79000,175000,-96000,-96000
1709,和益            ,88000,176000,-88000,0,0,0,0,0,0,-9000,3000,12000,-9000,0,0,0,-97000
07593P,臺股指凱基9A售08,0,0,0,0,0,0,0,0,0,-97000,0,0,0,3000,100000,-97000,-97000
07407P,欣興凱基99售07  ,0,0,0,0,0,0,0,0,0,-97000,0,0,0,133000,230000,-97000,-97000
060544,國巨凱基9B購03  ,0,0,0,0,0,0,0,0,0,-97000,0,0,0,27000,124000,-97000,-97000
065466,台表科中信01購03,0,0,0,0,0,0,0,0,0,-97000,0,0,0,100000,197000,-97000,-97000
064919,嘉晶統一02購02  ,0,0,0,0,0,0,0,0,0,-97000,0,0,0,14000,111000,-97000,-97000
066488,聯詠元富07購01  ,0,0,0,0,0,0,0,0,0,-98000,0,0,0,0,98000,-98000,-98000
054828,正崴國泰99購01  ,0,0,0,0,0,0,0,0,0,-98000,0,0,0,0,98000,-98000,-98000
056242,緯創群益9A購01  ,0,0,0,0,0,0,0,0,0,-98000,0,0,0,0,98000,-98000,-98000
059036,可成群益9B購03  ,0,0,0,0,0,0,0,0,0,-98000,0,0,0,4000,102000,-98000,-98000
060660,國巨凱基9B購04  ,0,0,0,0,0,0,0,0,0,-98000,0,0,0,0,98000,-98000,-98000
06083P,華通統一98售02  ,0,0,0,0,0,0,0,0,0,-98000,0,0,0,0,98000,-98000,-98000
061017,國泰金麥證9A購01,0,0,0,10000,108000,-98000,0,0,0,-98000,0,0,0,10000,108000,-98000,-98000
065281,和大群益01購02  ,0,0,0,0,0,0,0,0,0,-98000,0,0,0,0,98000,-98000,-98000
065885,神達元富9C購01  ,0,0,0,0,0,0,0,0,0,-98000,0,0,0,0,98000,-98000,-98000
064349,泰鼎元大9C購02  ,0,0,0,0,0,0,0,0,0,-98000,0,0,0,69000,167000,-98000,-98000
2637,慧洋-KY         ,127000,219000,-92000,0,0,0,3000,0,3000,-9000,0,14000,-14000,5000,0,5000,-98000
06723P,台灣50麥證99售01,0,0,0,440000,199000,241000,0,0,0,-99000,0,0,0,440000,539000,-99000,-99000
08011P,玉晶光元大9B售05,0,0,0,0,0,0,0,0,0,-99000,0,0,0,14000,113000,-99000,-99000
056314,力成元大97購01  ,0,0,0,0,0,0,0,0,0,-99000,0,0,0,0,99000,-99000,-99000
058532,禾伸堂元富99購01,0,0,0,0,0,0,0,0,0,-99000,0,0,0,0,99000,-99000,-99000
063517,遠東新凱基01購01,0,0,0,0,0,0,0,0,0,-99000,0,0,0,45000,144000,-99000,-99000
064658,喬山元大9C購01  ,0,0,0,0,0,0,0,0,0,-99000,0,0,0,22000,121000,-99000,-99000
064896,華新科群益01購02,0,0,0,0,0,0,0,0,0,-99000,0,0,0,11000,110000,-99000,-99000
064203,康控兆豐9C購02  ,0,0,0,0,0,0,0,0,0,-99000,0,0,0,31000,130000,-99000,-99000
066112,智邦兆豐02購01  ,0,0,0,0,0,0,0,0,0,-99000,0,0,0,8000,107000,-99000,-99000
065785,奇力新永豐9C購02,0,0,0,0,0,0,0,0,0,-99000,0,0,0,68000,167000,-99000,-99000
065279,T50反1群益9C購03,0,0,0,0,0,0,0,0,0,-99000,0,0,0,0,99000,-99000,-99000
6531,愛普            ,699000,803000,-104000,0,0,0,5000,0,5000,0,0,0,0,0,0,0,-99000
08127P,聯發科元大9B售21,0,0,0,0,0,0,0,0,0,-100000,0,0,0,100000,200000,-100000,-100000
08303P,聯發科富邦9C售05,0,0,0,0,0,0,0,0,0,-100000,0,0,0,0,100000,-100000,-100000
07421P,國泰金元大99售01,0,0,0,0,0,0,0,0,0,-100000,0,0,0,0,100000,-100000,-100000
07783P,聯發科富邦9C售03,0,0,0,0,0,0,0,0,0,-100000,0,0,0,0,100000,-100000,-100000
08821P,旺宏凱基01售01  ,0,0,0,0,0,0,0,0,0,-100000,0,0,0,0,100000,-100000,-100000
08610P,鴻海凱基9C售05  ,0,0,0,0,0,0,0,0,0,-100000,0,0,0,108000,208000,-100000,-100000
06742P,可成富邦99售02  ,0,0,0,0,0,0,0,0,0,-100000,0,0,0,0,100000,-100000,-100000
066855,樺漢元大01購03  ,0,0,0,0,0,0,0,0,0,-100000,0,0,0,459000,559000,-100000,-100000
067084,泰鼎元大01購02  ,0,0,0,0,0,0,0,0,0,-100000,0,0,0,3000,103000,-100000,-100000
066664,嘉晶凱基02購01  ,0,0,0,0,0,0,0,0,0,-100000,0,0,0,30000,130000,-100000,-100000
066190,惠特凱基01購01  ,0,0,0,0,0,0,0,0,0,-100000,0,0,0,0,100000,-100000,-100000
066254,南帝元大01購01  ,0,0,0,0,0,0,0,0,0,-100000,0,0,0,50000,150000,-100000,-100000
058544,FBVIX富邦9B購01 ,0,0,0,0,0,0,0,0,0,-100000,0,0,0,0,100000,-100000,-100000
058507,美律元大9A購01  ,0,0,0,0,0,0,0,0,0,-100000,0,0,0,0,100000,-100000,-100000
057376,新日興元大98購04,0,0,0,0,0,0,0,0,0,-100000,0,0,0,0,100000,-100000,-100000
058604,華邦電元大99購03,0,0,0,0,0,0,0,0,0,-100000,0,0,0,0,100000,-100000,-100000
058628,宏達電國票9A購01,0,0,0,0,0,0,0,0,0,-100000,0,0,0,0,100000,-100000,-100000
057166,國巨元大99購06  ,0,0,0,0,0,0,0,0,0,-100000,0,0,0,0,100000,-100000,-100000
058185,國巨永豐99購01  ,0,0,0,0,0,0,0,0,0,-100000,0,0,0,0,100000,-100000,-100000
057514,華新科元富99購03,0,0,0,0,0,0,0,0,0,-100000,0,0,0,0,100000,-100000,-100000
057639,國巨元大99購07  ,0,0,0,0,0,0,0,0,0,-100000,0,0,0,0,100000,-100000,-100000
061978,旺宏元大9C購01  ,0,0,0,0,0,0,0,0,0,-100000,0,0,0,50000,150000,-100000,-100000
062027,國泰金群益9B購01,0,0,0,0,0,0,0,0,0,-100000,0,0,0,0,100000,-100000,-100000
062173,世紀鋼永豐9B購01,0,0,0,0,0,0,0,0,0,-100000,0,0,0,0,100000,-100000,-100000
062182,華新科元大9B購07,0,0,0,0,0,0,0,0,0,-100000,0,0,0,0,100000,-100000,-100000
055736,宏達電元富99購01,0,0,0,0,0,0,0,0,0,-100000,0,0,0,0,100000,-100000,-100000
055578,群創統一98購03  ,0,0,0,0,0,0,0,0,0,-100000,0,0,0,0,100000,-100000,-100000
054786,全新群益99購02  ,0,0,0,0,0,0,0,0,0,-100000,0,0,0,0,100000,-100000,-100000
056725,鴻海國票99購03  ,0,0,0,0,0,0,0,0,0,-100000,0,0,0,0,100000,-100000,-100000
054386,鴻海統一98購03  ,0,0,0,0,0,0,0,0,0,-100000,0,0,0,0,100000,-100000,-100000
054451,上銀亞東98購01  ,0,0,0,0,0,0,0,0,0,-100000,0,0,0,0,100000,-100000,-100000
054208,台積電國票97購07,0,0,0,0,0,0,0,0,0,-100000,0,0,0,0,100000,-100000,-100000
061576,華新科元大9A購21,0,0,0,0,0,0,0,0,0,-100000,0,0,0,0,100000,-100000,-100000
063197,遠東新統一9C購01,0,0,0,0,0,0,0,0,0,-100000,0,0,0,0,100000,-100000,-100000
063079,儒鴻凱基9B購01  ,0,0,0,0,0,0,0,0,0,-100000,0,0,0,103000,203000,-100000,-100000
061223,T50反1中信01購01,0,0,0,0,0,0,0,0,0,-100000,0,0,0,0,100000,-100000,-100000
061341,華新科元大9A購16,0,0,0,0,0,0,0,0,0,-100000,0,0,0,0,100000,-100000,-100000
061240,華新科兆豐9A購01,0,0,0,0,0,0,0,0,0,-100000,0,0,0,0,100000,-100000,-100000
060687,GIS元大9A購01   ,0,0,0,0,0,0,0,0,0,-100000,0,0,0,0,100000,-100000,-100000
060617,華新科元大9A購08,0,0,0,0,0,0,0,0,0,-100000,0,0,0,0,100000,-100000,-100000
060279,SP黃豆元大9A購01,0,0,0,0,0,0,0,0,0,-100000,0,0,0,0,100000,-100000,-100000
062993,華新科群益9B購05,0,0,0,0,0,0,0,0,0,-100000,0,0,0,0,100000,-100000,-100000
061790,中租群益9B購01  ,0,0,0,0,0,0,0,0,0,-100000,0,0,0,53000,153000,-100000,-100000
061775,臺指反國票9B購04,0,0,0,0,0,0,0,0,0,-100000,0,0,0,0,100000,-100000,-100000
060054,華新科凱基9B購04,0,0,0,0,0,0,0,0,0,-100000,0,0,0,0,100000,-100000,-100000
062081,華新科元大9B購06,0,0,0,0,0,0,0,0,0,-100000,0,0,0,0,100000,-100000,-100000
062251,旺宏元大9B購06  ,0,0,0,0,0,0,0,0,0,-100000,0,0,0,68000,168000,-100000,-100000
060225,S&P反1元大9A購02,0,0,0,0,0,0,0,0,0,-100000,0,0,0,0,100000,-100000,-100000
059290,全新元富99購01  ,0,0,0,0,0,0,0,0,0,-100000,0,0,0,0,100000,-100000,-100000
059900,上証反元大99購03,0,0,0,0,0,0,0,0,0,-100000,0,0,0,0,100000,-100000,-100000
065274,南茂元大9C購03  ,0,0,0,0,0,0,0,0,0,-100000,0,0,0,34000,134000,-100000,-100000
065270,TPK元大01購01   ,0,0,0,0,0,0,0,0,0,-100000,0,0,0,0,100000,-100000,-100000
065174,華新科元大02購02,0,0,0,0,0,0,0,0,0,-100000,0,0,0,100000,200000,-100000,-100000
065759,TPK元大9C購05   ,0,0,0,0,0,0,0,0,0,-100000,0,0,0,112000,212000,-100000,-100000
065884,智原元富9C購02  ,0,0,0,0,0,0,0,0,0,-100000,0,0,0,0,100000,-100000,-100000
063713,麗豐凱基9B購01  ,0,0,0,0,0,0,0,0,0,-100000,0,0,0,21000,121000,-100000,-100000
064890,聯電群益9C購02  ,0,0,0,0,0,0,0,0,0,-100000,0,0,0,60000,160000,-100000,-100000
064850,智原元富9C購01  ,0,0,0,0,0,0,0,0,0,-100000,0,0,0,0,100000,-100000,-100000
064758,可成凱基02購02  ,0,0,0,0,0,0,0,0,0,-100000,0,0,0,2000,102000,-100000,-100000
064723,大立光統一02購04,0,0,0,0,0,0,0,0,0,-100000,0,0,0,0,100000,-100000,-100000
064273,華邦電元大9C購02,0,0,0,0,0,0,0,0,0,-100000,0,0,0,0,100000,-100000,-100000
064498,可成元大01購03  ,0,0,0,0,0,0,0,0,0,-100000,0,0,0,5000,105000,-100000,-100000
066685,T50反1元富07購02,0,0,0,0,0,0,0,0,0,-101000,0,0,0,100000,201000,-101000,-101000
056520,鴻海日盛99購01  ,0,0,0,0,0,0,0,0,0,-101000,0,0,0,46000,147000,-101000,-101000
059841,國巨富邦9C購01  ,0,0,0,0,0,0,0,0,0,-101000,0,0,0,10000,111000,-101000,-101000
062345,和大群益9B購01  ,0,0,0,0,0,0,0,0,0,-101000,0,0,0,0,101000,-101000,-101000
060677,京元電元大9A購04,0,0,0,0,0,0,0,0,0,-101000,0,0,0,46000,147000,-101000,-101000
060451,中石化元大9C購02,0,0,0,0,0,0,0,0,0,-101000,0,0,0,1000,102000,-101000,-101000
064207,國巨凱基03購02  ,0,0,0,0,0,0,0,0,0,-101000,0,0,0,0,101000,-101000,-101000
8104,錸寶            ,41000,142000,-101000,0,0,0,0,0,0,0,0,0,0,0,0,0,-101000
2441,超豐            ,255000,192000,63000,0,0,0,0,149000,-149000,-15000,0,15000,-15000,0,0,0,-101000
07799P,南電國票9A售04  ,0,0,0,0,0,0,0,0,0,-102000,0,0,0,122000,224000,-102000,-102000
046628,大立光統一98購01,0,0,0,0,0,0,0,0,0,-102000,0,0,0,456000,558000,-102000,-102000
057203,麗豐元富98購02  ,0,0,0,0,0,0,0,0,0,-102000,0,0,0,0,102000,-102000,-102000
062952,台積電永豐9B購02,0,0,0,0,0,0,0,0,0,-102000,0,0,0,53000,155000,-102000,-102000
062332,大立光統一9B購11,0,0,0,0,0,0,0,0,0,-102000,0,0,0,119000,221000,-102000,-102000
063639,華擎元大9C購03  ,0,0,0,0,0,0,0,0,0,-102000,0,0,0,49000,151000,-102000,-102000
066095,友訊中信05購01  ,0,0,0,0,0,0,0,0,0,-102000,0,0,0,67000,169000,-102000,-102000
065211,世芯國票01購03  ,0,0,0,0,0,0,0,0,0,-102000,0,0,0,187000,289000,-102000,-102000
065013,矽創國泰02購01  ,0,0,0,0,0,0,0,0,0,-102000,0,0,0,168000,270000,-102000,-102000
07249P,T50正2富邦03售02,0,0,0,0,0,0,0,0,0,-103000,0,0,0,0,103000,-103000,-103000
08669P,聯發科群益02售02,0,0,0,0,0,0,0,0,0,-103000,0,0,0,17000,120000,-103000,-103000
1417,嘉裕            ,128000,226000,-98000,0,0,0,0,0,0,-5000,0,5000,-5000,0,0,0,-103000
066231,友訊富邦02購01  ,0,0,0,0,0,0,0,0,0,-103000,0,0,0,0,103000,-103000,-103000
067038,滬深2X凱基04購02,0,0,0,0,0,0,0,0,0,-103000,0,0,0,2000,105000,-103000,-103000
066834,泰鼎群益01購01  ,0,0,0,0,0,0,0,0,0,-103000,0,0,0,0,103000,-103000,-103000
058494,可成群益9B購01  ,0,0,0,0,0,0,0,0,0,-103000,0,0,0,4000,107000,-103000,-103000
058230,國巨元大99購11  ,0,0,0,0,0,0,0,0,0,-103000,0,0,0,0,103000,-103000,-103000
057941,聯電國票99購01  ,0,0,0,0,0,0,0,0,0,-103000,80000,0,80000,50000,233000,-183000,-103000
057960,聯鈞元大98購02  ,0,0,0,0,0,0,0,0,0,-103000,0,0,0,0,103000,-103000,-103000
061673,仁寶元大9B購01  ,0,0,0,0,0,0,0,0,0,-103000,0,0,0,256000,359000,-103000,-103000
061675,華新科元大9A購23,0,0,0,0,0,0,0,0,0,-103000,0,0,0,0,103000,-103000,-103000
065185,和大統一02購05  ,0,0,0,0,0,0,0,0,0,-103000,0,0,0,0,103000,-103000,-103000
064144,智邦統一01購02  ,0,0,0,0,0,0,0,0,0,-103000,0,0,0,55000,158000,-103000,-103000
064361,旺宏統一01購06  ,0,0,0,0,0,0,0,0,0,-103000,0,0,0,0,103000,-103000,-103000
066765,揚明光永豐01購01,0,0,0,0,0,0,0,0,0,-104000,0,0,0,0,104000,-104000,-104000
08003P,國巨國泰9B售07  ,0,0,0,0,0,0,0,0,0,-104000,0,0,0,0,104000,-104000,-104000
057016,中石化凱基9B購01,0,0,0,0,0,0,0,0,0,-104000,0,0,0,40000,144000,-104000,-104000
00757,統一FANG+       ,0,0,0,0,0,0,0,0,0,-104000,0,0,0,221000,325000,-104000,-104000
061598,南電永豐9A購04  ,0,0,0,0,0,0,0,0,0,-104000,0,0,0,27000,131000,-104000,-104000
061897,泰碩永豐9B購01  ,0,0,0,0,0,0,0,0,0,-104000,0,0,0,0,104000,-104000,-104000
060209,喬山康和9A購01  ,0,0,0,0,0,0,0,0,0,-104000,0,0,0,0,104000,-104000,-104000
065397,宏達電群益9C購03,0,0,0,0,0,0,0,0,0,-104000,0,0,0,143000,247000,-104000,-104000
065576,泰鼎群益9C購02  ,0,0,0,0,0,0,0,0,0,-104000,0,0,0,0,104000,-104000,-104000
058794,旺宏元大99購09  ,0,0,0,0,0,0,0,0,0,-105000,0,0,0,114000,219000,-105000,-105000
062295,康友永豐9B購01  ,0,0,0,0,0,0,0,0,0,-105000,0,0,0,0,105000,-105000,-105000
062404,新唐永豐9B購01  ,0,0,0,0,0,0,0,0,0,-105000,0,0,0,42000,147000,-105000,-105000
060346,華新科統一01購01,0,0,0,0,0,0,0,0,0,-105000,0,0,0,16000,121000,-105000,-105000
065820,瑞祺元富03購01  ,0,0,0,0,0,0,0,0,0,-105000,0,0,0,61000,166000,-105000,-105000
065318,聯電凱基9C購03  ,0,0,0,0,0,0,0,0,0,-105000,0,0,0,27000,132000,-105000,-105000
064434,微星凱基02購01  ,0,0,0,0,0,0,0,0,0,-105000,0,0,0,28000,133000,-105000,-105000
3376,新日興          ,410000,156791,253209,0,0,0,0,224000,-224000,-135000,55000,185000,-130000,10000,15000,-5000,-105791
07142P,台灣50元大01售01,0,0,0,0,0,0,0,0,0,-106000,0,0,0,44000,150000,-106000,-106000
1474,弘裕            ,203000,305000,-102000,0,0,0,0,0,0,-4000,3000,7000,-4000,0,0,0,-106000
066729,台積電元大01購16,0,0,0,0,0,0,0,0,0,-106000,0,0,0,372000,478000,-106000,-106000
067047,大立光凱基01購07,0,0,0,0,0,0,0,0,0,-106000,0,0,0,0,106000,-106000,-106000
062003,國巨國泰01購01  ,0,0,0,0,0,0,0,0,0,-106000,0,0,0,0,106000,-106000,-106000
062405,泰鼎永豐9B購02  ,0,0,0,0,0,0,0,0,0,-106000,0,0,0,20000,126000,-106000,-106000
060249,正文元大9C購01  ,0,0,0,0,0,0,0,0,0,-106000,0,0,0,4000,110000,-106000,-106000
064856,GIS國泰02購01   ,0,0,0,0,0,0,0,0,0,-106000,0,0,0,856000,962000,-106000,-106000
065062,亞光群益9C購01  ,0,0,0,0,0,0,0,0,0,-106000,0,0,0,28000,134000,-106000,-106000
058178,國巨國泰9A購02  ,0,0,0,0,0,0,0,0,0,-107000,0,0,0,0,107000,-107000,-107000
062497,遠東新群益9B購01,0,0,0,0,0,0,0,0,0,-107000,0,0,0,38000,145000,-107000,-107000
067118,上緯控群益01購01,0,0,0,0,0,0,0,0,0,-108000,0,0,0,131000,239000,-108000,-108000
066873,健策國泰02購01  ,0,0,0,0,0,0,0,0,0,-108000,0,0,0,12000,120000,-108000,-108000
06841P,臺股指統一9A售02,0,0,0,0,0,0,0,0,0,-108000,0,0,0,0,108000,-108000,-108000
066367,緯創中信05購01  ,0,0,0,0,0,0,0,0,0,-108000,0,0,0,0,108000,-108000,-108000
062194,遠東新中信9C購01,0,0,0,0,0,0,0,0,0,-108000,0,0,0,249000,357000,-108000,-108000
00674R,元大S&P黃金反1  ,0,0,0,0,0,0,0,0,0,-108000,0,0,0,5000,113000,-108000,-108000
060212,華航康和9A購01  ,0,0,0,0,0,0,0,0,0,-108000,0,0,0,0,108000,-108000,-108000
062293,麗豐永豐9B購01  ,0,0,0,0,0,0,0,0,0,-108000,0,0,0,2000,110000,-108000,-108000
064755,南亞科凱基01購02,0,0,0,0,0,0,0,0,0,-108000,0,0,0,11000,119000,-108000,-108000
063567,漢唐元大9B購03  ,0,0,0,0,0,0,0,0,0,-108000,0,0,0,50000,158000,-108000,-108000
066754,南電國泰02購01  ,0,0,0,0,0,0,0,0,0,-109000,0,0,0,382000,491000,-109000,-109000
056395,玉晶光永豐9B購01,0,0,0,0,0,0,0,0,0,-109000,0,0,0,2000,111000,-109000,-109000
063269,儒鴻兆豐9C購01  ,0,0,0,0,0,0,0,0,0,-109000,0,0,0,372000,481000,-109000,-109000
065164,和大元大01購01  ,0,0,0,0,0,0,0,0,0,-109000,0,0,0,59000,168000,-109000,-109000
066080,台光電國泰03購01,0,0,0,0,0,0,0,0,0,-109000,0,0,0,49000,158000,-109000,-109000
066259,聯強元大01購01  ,0,0,0,0,0,0,0,0,0,-110000,0,0,0,0,110000,-110000,-110000
06705P,臻鼎元富98售03  ,0,0,0,0,0,0,0,0,0,-110000,0,0,0,24000,134000,-110000,-110000
08568P,臺股指富邦9C售05,0,0,0,0,0,0,0,0,0,-110000,0,0,0,5000,115000,-110000,-110000
056386,TPK國泰99購01   ,0,0,0,0,0,0,0,0,0,-110000,0,0,0,0,110000,-110000,-110000
058104,國巨統一9A購04  ,0,0,0,0,0,0,0,0,0,-110000,0,0,0,0,110000,-110000,-110000
054342,亞光元富99購01  ,0,0,0,0,0,0,0,0,0,-110000,0,0,0,0,110000,-110000,-110000
054231,國巨群益98購03  ,0,0,0,0,0,0,0,0,0,-110000,0,0,0,0,110000,-110000,-110000
061243,麗豐兆豐9A購01  ,0,0,0,0,0,0,0,0,0,-110000,0,0,0,0,110000,-110000,-110000
062481,同欣電國票9B購01,0,0,0,0,0,0,0,0,0,-110000,0,0,0,0,110000,-110000,-110000
062351,瑞祺群益9C購01  ,0,0,0,0,0,0,0,0,0,-110000,0,0,0,0,110000,-110000,-110000
065258,華邦電元大01購01,0,0,0,0,0,0,0,0,0,-110000,0,0,0,64000,174000,-110000,-110000
063655,華通元富9B購01  ,0,0,0,0,0,0,0,0,0,-110000,0,0,0,0,110000,-110000,-110000
064782,健策群益9C購02  ,0,0,0,0,0,0,0,0,0,-110000,0,0,0,4000,114000,-110000,-110000
064803,智邦元大9C購05  ,0,0,0,0,0,0,0,0,0,-110000,0,0,0,21000,131000,-110000,-110000
064574,達方群益01購01  ,0,0,0,0,0,0,0,0,0,-110000,0,0,0,80000,190000,-110000,-110000
08832P,台表科群益01售01,0,0,0,0,0,0,0,0,0,-111000,0,0,0,0,111000,-111000,-111000
067235,正崴群益02購02  ,0,0,0,0,0,0,0,0,0,-111000,0,0,0,0,111000,-111000,-111000
066326,敦陽科永豐01購01,0,0,0,0,0,0,0,0,0,-111000,0,0,0,0,111000,-111000,-111000
066720,滬深2X元大01購07,0,0,0,0,0,0,0,0,0,-111000,0,0,0,40000,151000,-111000,-111000
066593,奇鋐群益01購01  ,0,0,0,0,0,0,0,0,0,-111000,0,0,0,249000,360000,-111000,-111000
056411,緯穎國票99購01  ,0,0,0,0,0,0,0,0,0,-111000,0,0,0,0,111000,-111000,-111000
062062,貿聯統一01購01  ,0,0,0,0,0,0,0,0,0,-111000,0,0,0,18000,129000,-111000,-111000
059787,奇力新元大9A購02,0,0,0,0,0,0,0,0,0,-111000,0,0,0,3000,114000,-111000,-111000
065513,旺宏群益9C購05  ,0,0,0,0,0,0,0,0,0,-111000,0,0,0,0,111000,-111000,-111000
065848,聯詠元大9C購03  ,0,0,0,0,0,0,0,0,0,-111000,0,0,0,14000,125000,-111000,-111000
08057P,京鼎群益9B售01  ,0,0,0,0,0,0,0,0,0,-112000,0,0,0,47000,159000,-112000,-112000
056355,台積電元大98購08,0,0,0,0,0,0,0,0,0,-112000,0,0,0,41000,153000,-112000,-112000
00752,中信中國50      ,7000,6000,1000,0,0,0,0,0,0,-113000,0,0,0,631000,744000,-113000,-112000
062021,康控永豐9B購01  ,0,0,0,0,0,0,0,0,0,-112000,0,0,0,9000,121000,-112000,-112000
065715,勤誠群益9C購01  ,0,0,0,0,0,0,0,0,0,-112000,0,0,0,29000,141000,-112000,-112000
063615,瑞祺群益9B購03  ,0,0,0,0,0,0,0,0,0,-112000,0,0,0,10000,122000,-112000,-112000
064205,台灣50凱基01購14,0,0,0,0,0,0,0,0,0,-112000,0,0,0,8000,120000,-112000,-112000
066293,惠特元大02購01  ,0,0,0,0,0,0,0,0,0,-113000,0,0,0,27000,140000,-113000,-113000
055781,聯詠凱基98購01  ,0,0,0,0,0,0,0,0,0,-113000,0,0,0,57000,170000,-113000,-113000
058047,可成元大98購11  ,0,0,0,0,0,0,0,0,0,-113000,0,0,0,0,113000,-113000,-113000
059856,昇陽半永豐99購03,0,0,0,0,0,0,0,0,0,-113000,0,0,0,68000,181000,-113000,-113000
063392,聯電群益9B購02  ,0,0,0,0,0,0,0,0,0,-113000,0,0,0,20000,133000,-113000,-113000
061488,奇力新兆豐9A購01,0,0,0,0,0,0,0,0,0,-113000,0,0,0,0,113000,-113000,-113000
065962,鴻海元大01購04  ,0,0,0,0,0,0,0,0,0,-113000,0,0,0,100000,213000,-113000,-113000
066263,華碩元大02購01  ,0,0,0,0,0,0,0,0,0,-114000,0,0,0,65000,179000,-114000,-114000
066560,聯鈞元大01購04  ,0,0,0,0,0,0,0,0,0,-114000,0,0,0,0,114000,-114000,-114000
08765P,鴻海富邦01售02  ,0,0,0,0,0,0,0,0,0,-114000,0,0,0,0,114000,-114000,-114000
059456,智易永豐99購01  ,0,0,0,0,0,0,0,0,0,-114000,0,0,0,8000,122000,-114000,-114000
059461,鈺齊永豐99購03  ,0,0,0,0,0,0,0,0,0,-114000,0,0,0,56000,170000,-114000,-114000
061021,聯電國泰9B購01  ,0,0,0,0,0,0,0,0,0,-114000,0,0,0,60000,174000,-114000,-114000
064980,牧德元大01購01  ,0,0,0,0,0,0,0,0,0,-114000,0,0,0,0,114000,-114000,-114000
066628,宏達電凱基03購01,0,0,0,0,0,0,0,0,0,-115000,0,0,0,2000,117000,-115000,-115000
066405,晶碩凱基01購01  ,0,0,0,0,0,0,0,0,0,-115000,0,0,0,100000,215000,-115000,-115000
058353,國巨凱基99購09  ,0,0,0,0,0,0,0,0,0,-115000,0,0,0,5000,120000,-115000,-115000
057616,聯電凱基99購01  ,0,0,0,0,0,0,0,0,0,-115000,0,0,0,203000,318000,-115000,-115000
060031,旭富永豐99購02  ,0,0,0,0,0,0,0,0,0,-115000,0,0,0,0,115000,-115000,-115000
059986,宏達電元大99購08,0,0,0,0,0,0,0,0,0,-115000,0,0,0,10000,125000,-115000,-115000
063782,致新永豐9B購02  ,0,0,0,0,0,0,0,0,0,-115000,0,0,0,11000,126000,-115000,-115000
8105,凌巨            ,90000,180000,-90000,0,0,0,0,0,0,-25000,11000,36000,-25000,0,0,0,-115000
6505,台塑化          ,1540176,1598006,-57830,0,0,0,41000,6000,35000,-93000,6000,120000,-114000,21000,0,21000,-115830
1340,勝悅-KY         ,40000,159000,-119000,0,0,0,0,0,0,3000,9000,6000,3000,0,0,0,-116000
08719P,華通元大01售04  ,0,0,0,0,0,0,0,0,0,-116000,0,0,0,15000,131000,-116000,-116000
059187,國巨富邦9B購02  ,0,0,0,0,0,0,0,0,0,-116000,0,0,0,13000,129000,-116000,-116000
055022,精元國泰99購01  ,0,0,0,0,0,0,0,0,0,-116000,0,0,0,4000,120000,-116000,-116000
056604,鴻海富邦9A購01  ,0,0,0,0,0,0,0,0,0,-116000,0,0,0,736000,852000,-116000,-116000
00651R,FH香港反1       ,138000,17000,121000,0,0,0,0,0,0,-237000,0,0,0,507000,744000,-237000,-116000
061077,國巨兆豐9B購01  ,0,0,0,0,0,0,0,0,0,-116000,0,0,0,0,116000,-116000,-116000
060423,智易永豐9A購01  ,0,0,0,0,0,0,0,0,0,-116000,0,0,0,56000,172000,-116000,-116000
064487,和大元大9C購01  ,0,0,0,0,0,0,0,0,0,-116000,0,0,0,93000,209000,-116000,-116000
064713,和大統一02購01  ,0,0,0,0,0,0,0,0,0,-116000,0,0,0,221000,337000,-116000,-116000
064610,儒鴻元大9C購03  ,0,0,0,0,0,0,0,0,0,-116000,0,0,0,98000,214000,-116000,-116000
6552,易華電          ,56000,170000,-114000,0,0,0,0,0,0,-2000,1000,3000,-2000,0,0,0,-116000
1532,勤美            ,24000,135000,-111000,0,0,0,0,0,0,-6000,2000,8000,-6000,0,0,0,-117000
07987P,大立光統一9B售13,0,0,0,0,0,0,0,0,0,-117000,0,0,0,0,117000,-117000,-117000
067180,為升凱基02購01  ,0,0,0,0,0,0,0,0,0,-117000,0,0,0,21000,138000,-117000,-117000
067030,南電兆豐03購01  ,0,0,0,0,0,0,0,0,0,-117000,0,0,0,0,117000,-117000,-117000
053036,聯電凱基98購01  ,0,0,0,0,0,0,0,0,0,-117000,0,0,0,78000,195000,-117000,-117000
058210,臺股指凱基9C購04,0,0,0,0,0,0,0,0,0,-117000,0,0,0,23000,140000,-117000,-117000
061210,玉山金元大9A購02,0,0,0,0,0,0,0,0,0,-117000,0,0,0,14000,131000,-117000,-117000
062069,喬山元大9B購01  ,0,0,0,0,0,0,0,0,0,-117000,0,0,0,44000,161000,-117000,-117000
064357,中橡統一9C購01  ,0,0,0,0,0,0,0,0,0,-117000,0,0,0,0,117000,-117000,-117000
065036,世芯統一02購02  ,0,0,0,0,0,0,0,0,0,-117000,0,0,0,0,117000,-117000,-117000
065523,茂林群益9C購03  ,0,0,0,0,0,0,0,0,0,-117000,0,0,0,223000,340000,-117000,-117000
066309,永光永豐01購01  ,0,0,0,0,0,0,0,0,0,-118000,0,0,0,0,118000,-118000,-118000
066476,禾伸堂麥證01購01,0,0,0,0,118000,-118000,0,0,0,-118000,0,0,0,0,118000,-118000,-118000
059140,大立光兆豐9A購02,0,0,0,0,0,0,0,0,0,-118000,0,0,0,71000,189000,-118000,-118000
058299,同欣電凱基9A購01,0,0,0,0,0,0,0,0,0,-118000,0,0,0,245000,363000,-118000,-118000
060862,美律永豐9A購01  ,0,0,0,0,0,0,0,0,0,-118000,0,0,0,0,118000,-118000,-118000
065263,國泰金元大9C購02,0,0,0,0,0,0,0,0,0,-118000,0,0,0,0,118000,-118000,-118000
065728,嘉晶凱基9C購04  ,0,0,0,0,0,0,0,0,0,-118000,0,0,0,90000,208000,-118000,-118000
066681,聯發科兆豐01購04,0,0,0,0,0,0,0,0,0,-119000,0,0,0,13000,132000,-119000,-119000
07996P,亞德客凱基9B售03,0,0,0,0,0,0,0,0,0,-119000,0,0,0,8000,127000,-119000,-119000
08769P,上証2X凱基01售02,0,0,0,0,0,0,0,0,0,-119000,0,0,0,8000,127000,-119000,-119000
063359,泰鼎國泰01購01  ,0,0,0,0,0,0,0,0,0,-119000,0,0,0,35000,154000,-119000,-119000
062091,世紀鋼元大9B購01,0,0,0,0,0,0,0,0,0,-119000,0,0,0,42000,161000,-119000,-119000
062863,聯茂國票9B購01  ,0,0,0,0,0,0,0,0,0,-119000,0,0,0,20000,139000,-119000,-119000
066140,鎧勝群益01購01  ,0,0,0,0,0,0,0,0,0,-119000,0,0,0,76000,195000,-119000,-119000
065531,聯電統一01購01  ,0,0,0,0,0,0,0,0,0,-119000,0,0,0,0,119000,-119000,-119000
6224,聚鼎            ,71000,189000,-118000,0,0,0,0,0,0,-1000,2000,3000,-1000,0,0,0,-119000
08486P,富邦金群益9C售02,0,0,0,0,0,0,0,0,0,-120000,0,0,0,0,120000,-120000,-120000
08261P,玉晶光元大9C售08,0,20000,-20000,0,0,0,0,0,0,-100000,0,0,0,40000,140000,-100000,-120000
066280,眾達元大01購01  ,0,0,0,0,0,0,0,0,0,-120000,0,0,0,159000,279000,-120000,-120000
07113P,台積電兆豐99售03,0,0,0,0,0,0,0,0,0,-120000,0,0,0,0,120000,-120000,-120000
06956P,國巨日盛99售04  ,0,0,0,0,0,0,0,0,0,-120000,0,0,0,0,120000,-120000,-120000
057734,訊芯國泰9A購01  ,0,0,0,0,0,0,0,0,0,-120000,0,0,0,10000,130000,-120000,-120000
057515,智原元富98購02  ,0,0,0,0,0,0,0,0,0,-120000,0,0,0,0,120000,-120000,-120000
046881,智原富邦99購01  ,0,0,0,0,0,0,0,0,0,-120000,0,0,0,0,120000,-120000,-120000
056404,嘉聯益群益9A購01,0,0,0,0,0,0,0,0,0,-120000,0,0,0,20000,140000,-120000,-120000
055810,T50反1國票99購01,0,0,0,0,0,0,0,0,0,-120000,0,0,0,0,120000,-120000,-120000
056683,台積電統一98購05,0,0,0,0,0,0,0,0,0,-120000,0,0,0,0,120000,-120000,-120000
060978,國巨元大9A購13  ,0,0,0,0,0,0,0,0,0,-120000,0,0,0,2000,122000,-120000,-120000
061789,群創群益9B購01  ,0,0,0,0,0,0,0,0,0,-120000,0,0,0,0,120000,-120000,-120000
061709,SP黃豆凱基01購02,0,0,0,0,0,0,0,0,0,-120000,0,0,0,0,120000,-120000,-120000
065288,華新科群益02購02,0,0,0,0,0,0,0,0,0,-120000,0,0,0,13000,133000,-120000,-120000
065134,中石化凱基01購01,0,0,0,0,0,0,0,0,0,-120000,0,0,0,0,120000,-120000,-120000
06427P,鴻海元大97售13  ,0,0,0,0,0,0,0,0,0,-120000,0,0,0,0,120000,-120000,-120000
064105,南茂群益9C購01  ,0,0,0,0,0,0,0,0,0,-120000,0,0,0,1000,121000,-120000,-120000
064096,台積電群益9C購07,0,0,0,0,0,0,0,0,0,-120000,0,0,0,60000,180000,-120000,-120000
6257,矽格            ,732000,1027947,-295947,0,0,0,421000,60000,361000,-186000,95000,192000,-97000,21000,110000,-89000,-120947
067051,泰鼎凱基02購01  ,0,0,0,0,0,0,0,0,0,-121000,0,0,0,0,121000,-121000,-121000
066637,瀚宇博凱基01購02,0,0,0,0,0,0,0,0,0,-121000,0,0,0,34000,155000,-121000,-121000
08629P,緯創凱基9C售02  ,0,0,0,0,0,0,0,0,0,-121000,0,0,0,56000,177000,-121000,-121000
046629,群創統一98購01  ,0,0,0,0,0,0,0,0,0,-121000,0,0,0,83000,204000,-121000,-121000
063142,奇力新統一9C購04,0,0,0,0,0,0,0,0,0,-121000,0,0,0,28000,149000,-121000,-121000
063958,瑞祺元大9C購01  ,0,0,0,0,0,0,0,0,0,-121000,0,0,0,20000,141000,-121000,-121000
065903,聯發科富邦02購02,0,0,0,0,0,0,0,0,0,-121000,0,0,0,25000,146000,-121000,-121000
3533,嘉澤            ,414117,588022,-173905,0,0,0,163000,82684,80316,-28000,5000,24000,-19000,5000,14000,-9000,-121589
00675L,富邦臺灣加權正2 ,139000,230000,-91000,0,0,0,0,0,0,-31000,0,0,0,7000,38000,-31000,-122000
063496,儒鴻永豐9B購01  ,0,0,0,0,0,0,0,0,0,-122000,0,0,0,41000,163000,-122000,-122000
060412,儒鴻永豐9A購01  ,0,0,0,0,0,0,0,0,0,-122000,0,0,0,60000,182000,-122000,-122000
061378,南六永豐9A購03  ,0,0,0,0,0,0,0,0,0,-122000,0,0,0,20000,142000,-122000,-122000
060981,旺宏元大9A購08  ,0,0,0,0,0,0,0,0,0,-122000,0,0,0,0,122000,-122000,-122000
060153,A50正2永豐9A購01,0,0,0,0,0,0,0,0,0,-122000,0,0,0,1000,123000,-122000,-122000
065579,南茂群益9C購02  ,0,0,0,0,0,0,0,0,0,-122000,0,0,0,4000,126000,-122000,-122000
065598,微星元大01購02  ,0,0,0,0,0,0,0,0,0,-122000,0,0,0,31000,153000,-122000,-122000
065607,聯詠元大9C購02  ,0,0,0,0,0,0,0,0,0,-122000,0,0,0,16000,138000,-122000,-122000
063707,儒鴻凱基9C購01  ,0,0,0,0,0,0,0,0,0,-122000,0,0,0,303000,425000,-122000,-122000
4967,十銓            ,259000,378000,-119000,0,0,0,0,0,0,-3000,1000,4000,-3000,0,0,0,-122000
07989P,玉晶光凱基9B售07,0,0,0,0,0,0,0,0,0,-123000,0,0,0,30000,153000,-123000,-123000
066691,京元電台新01購01,0,0,0,0,0,0,0,0,0,-123000,0,0,0,11000,134000,-123000,-123000
067305,國產元大01購02  ,0,0,0,0,0,0,0,0,0,-123000,0,0,0,0,123000,-123000,-123000
067260,台郡國票02購02  ,0,0,0,0,0,0,0,0,0,-123000,0,0,0,0,123000,-123000,-123000
00665L,富邦恒生國企正2 ,100000,130000,-30000,0,0,0,0,0,0,-93000,0,0,0,253000,346000,-93000,-123000
060513,緯穎元大9B購01  ,0,0,0,0,0,0,0,0,0,-123000,0,0,0,10000,133000,-123000,-123000
064537,健鼎國票01購02  ,0,0,0,0,0,0,0,0,0,-123000,0,0,0,20000,143000,-123000,-123000
064617,台光電元大01購01,0,0,0,0,0,0,0,0,0,-123000,0,0,0,4000,127000,-123000,-123000
5608,四維航          ,50000,163000,-113000,0,0,0,0,0,0,-10000,8000,18000,-10000,0,0,0,-123000
3706,神達            ,483000,822000,-339000,0,0,0,318000,0,318000,-102000,11000,91000,-80000,18000,40000,-22000,-123000
067270,精成科永豐01購01,0,0,0,0,0,0,0,0,0,-124000,0,0,0,10000,134000,-124000,-124000
07802P,瑞昱永豐9A售03  ,0,0,0,0,0,0,0,0,0,-124000,0,0,0,0,124000,-124000,-124000
057824,日月光元大98購01,0,0,0,0,0,0,0,0,0,-124000,0,0,0,6000,130000,-124000,-124000
058229,為升元大99購02  ,0,0,0,0,0,0,0,0,0,-124000,0,0,0,10000,134000,-124000,-124000
064720,長榮航統一02購01,0,0,0,0,0,0,0,0,0,-124000,0,0,0,5000,129000,-124000,-124000
3022,威強電          ,58000,182000,-124000,0,0,0,0,0,0,0,0,0,0,0,0,0,-124000
2493,揚博            ,175000,286000,-111000,0,0,0,0,0,0,-13000,0,13000,-13000,0,0,0,-124000
07162P,臺股指群益99售13,0,0,0,0,0,0,0,0,0,-125000,0,0,0,0,125000,-125000,-125000
08422P,玉晶光群益02售03,0,0,0,0,0,0,0,0,0,-125000,0,0,0,277000,402000,-125000,-125000
067199,滬深2X元大04購02,0,0,0,0,0,0,0,0,0,-125000,0,0,0,0,125000,-125000,-125000
066776,創意富邦03購02  ,0,0,0,0,0,0,0,0,0,-125000,0,0,0,0,125000,-125000,-125000
057534,旭富元大98購01  ,0,0,0,0,0,0,0,0,0,-125000,0,0,0,6000,131000,-125000,-125000
062008,南亞科國泰9C購01,0,0,0,0,0,0,0,0,0,-125000,0,0,0,13000,138000,-125000,-125000
056466,臺股指凱基99購08,0,0,0,0,0,0,0,0,0,-125000,0,0,0,85000,210000,-125000,-125000
060982,旺宏元大9A購09  ,0,0,0,0,0,0,0,0,0,-125000,0,0,0,0,125000,-125000,-125000
065169,華邦電元大9C購03,0,0,0,0,0,0,0,0,0,-125000,0,0,0,0,125000,-125000,-125000
066295,昇陽半元大01購01,0,0,0,0,0,0,0,0,0,-126000,0,0,0,0,126000,-126000,-126000
08181P,華新科國泰9C售02,0,0,0,0,0,0,0,0,0,-126000,0,0,0,5000,131000,-126000,-126000
063252,緯穎元大9B購07  ,0,0,0,0,0,0,0,0,0,-126000,0,0,0,0,126000,-126000,-126000
064781,嘉晶群益9C購04  ,0,0,0,0,0,0,0,0,0,-126000,0,0,0,4000,130000,-126000,-126000
063575,矽格元大9B購02  ,0,0,0,0,0,0,0,0,0,-126000,0,0,0,0,126000,-126000,-126000
3014,聯陽            ,428000,545000,-117000,0,0,0,0,0,0,-9000,0,19000,-19000,16000,6000,10000,-126000
066182,康控凱基01購01  ,0,0,0,0,0,0,0,0,0,-127000,0,0,0,10000,137000,-127000,-127000
058188,華擎永豐99購01  ,0,0,0,0,0,0,0,0,0,-127000,0,0,0,130000,257000,-127000,-127000
065402,漢唐國泰02購01  ,0,0,0,0,0,0,0,0,0,-127000,0,0,0,23000,150000,-127000,-127000
065418,緯創國票01購01  ,0,0,0,0,0,0,0,0,0,-127000,0,0,0,1000,128000,-127000,-127000
08378P,世紀鋼元富9C售02,0,0,0,0,0,0,0,0,0,-128000,0,0,0,5000,133000,-128000,-128000
058123,亞光國票9A購01  ,0,0,0,0,0,0,0,0,0,-128000,0,0,0,0,128000,-128000,-128000
061572,奇力新元大9A購04,0,0,0,0,0,0,0,0,0,-128000,0,0,0,0,128000,-128000,-128000
060790,日月光富邦9A購01,0,0,0,0,0,0,0,0,0,-128000,0,0,0,60000,188000,-128000,-128000
065149,遠東新群益9C購01,0,0,0,0,0,0,0,0,0,-128000,0,0,0,2000,130000,-128000,-128000
065752,正崴元大9C購01  ,0,0,0,0,0,0,0,0,0,-128000,0,0,0,68000,196000,-128000,-128000
066042,正崴元大02購01  ,0,0,0,0,0,0,0,0,0,-128000,0,0,0,45000,173000,-128000,-128000
064174,致新元富9C購02  ,0,0,0,0,0,0,0,0,0,-128000,0,0,0,50000,178000,-128000,-128000
064180,國巨富邦02購03  ,0,0,0,0,0,0,0,0,0,-128000,0,0,0,80000,208000,-128000,-128000
2492,華新科          ,666620,756020,-89400,0,0,0,0,0,0,-39000,62000,60000,2000,57000,98000,-41000,-128400
056735,國巨凱基99購02  ,0,0,0,0,0,0,0,0,0,-129000,0,0,0,0,129000,-129000,-129000
062456,台積電群益9B購05,0,0,0,0,0,0,0,0,0,-129000,0,0,0,492000,621000,-129000,-129000
065477,健鼎元大9C購03  ,0,0,0,0,0,0,0,0,0,-129000,0,0,0,40000,169000,-129000,-129000
3008,大立光          ,139124,266178,-127054,0,0,0,0,4253,-4253,2000,7000,2000,5000,4000,7000,-3000,-129307
08458P,南電元大9C售04  ,0,0,0,0,0,0,0,0,0,-130000,0,0,0,3000,133000,-130000,-130000
08770P,上証2X凱基03售04,0,0,0,0,0,0,0,0,0,-130000,0,0,0,2000,132000,-130000,-130000
054533,泰碩國泰98購01  ,0,0,0,0,0,0,0,0,0,-130000,0,0,0,0,130000,-130000,-130000
058526,鈺齊元大99購02  ,0,0,0,0,0,0,0,0,0,-130000,0,0,0,237000,367000,-130000,-130000
058528,世紀鋼元大99購02,0,0,0,0,0,0,0,0,0,-130000,0,0,0,3000,133000,-130000,-130000
062033,瀚宇博群益9B購01,0,0,0,0,0,0,0,0,0,-130000,0,0,0,6000,136000,-130000,-130000
057899,台積電永豐98購04,0,0,0,0,0,0,0,0,0,-130000,0,0,0,0,130000,-130000,-130000
060556,緯穎凱基9A購04  ,0,0,0,0,0,0,0,0,0,-130000,0,0,0,20000,150000,-130000,-130000
065030,亞光兆豐9C購01  ,0,0,0,0,0,0,0,0,0,-130000,0,0,0,0,130000,-130000,-130000
065014,南電國泰01購01  ,0,0,0,0,0,0,0,0,0,-130000,0,0,0,283000,413000,-130000,-130000
1795,美時            ,224000,352000,-128000,0,0,0,0,0,0,-2000,0,2000,-2000,0,0,0,-130000
08377P,臻鼎元富9C售02  ,0,0,0,0,0,0,0,0,0,-131000,0,0,0,19000,150000,-131000,-131000
055541,聚陽凱基98購01  ,0,0,0,0,0,0,0,0,0,-131000,0,0,0,95000,226000,-131000,-131000
063042,同欣電凱基9C購01,0,0,0,0,0,0,0,0,0,-131000,0,0,0,48000,179000,-131000,-131000
063500,嘉晶永豐9B購02  ,0,0,0,0,0,0,0,0,0,-131000,0,0,0,1000,132000,-131000,-131000
062731,力成凱基9B購02  ,0,0,0,0,0,0,0,0,0,-131000,0,0,0,53000,184000,-131000,-131000
059766,同欣電永豐99購03,0,0,0,0,0,0,0,0,0,-131000,0,0,0,64000,195000,-131000,-131000
065534,台光電統一9C購02,0,0,0,0,0,0,0,0,0,-131000,0,0,0,43000,174000,-131000,-131000
063693,智易永豐9B購02  ,0,0,0,0,0,0,0,0,0,-131000,0,0,0,98000,229000,-131000,-131000
064649,同欣電凱基01購01,0,0,0,0,0,0,0,0,0,-131000,0,0,0,185000,316000,-131000,-131000
08439P,智邦國票01售02  ,0,0,0,0,0,0,0,0,0,-132000,0,0,0,64000,196000,-132000,-132000
058208,百和凱基99購01  ,0,0,0,0,0,0,0,0,0,-132000,0,0,0,9000,141000,-132000,-132000
060313,淘帝永豐9A購01  ,0,0,0,0,0,0,0,0,0,-132000,0,0,0,0,132000,-132000,-132000
2547,日勝生          ,62000,180160,-118160,0,0,0,0,0,0,-14000,0,14000,-14000,0,0,0,-132160
08026P,臺股指凱基9B售12,0,0,0,0,0,0,0,0,0,-133000,0,0,0,7000,140000,-133000,-133000
062034,同欣電群益9B購01,0,0,0,0,0,0,0,0,0,-133000,0,0,0,8000,141000,-133000,-133000
063382,南茂永豐9B購01  ,0,0,0,0,0,0,0,0,0,-133000,0,0,0,11000,144000,-133000,-133000
059297,大立光元富9C購01,0,0,0,0,0,0,0,0,0,-133000,0,0,0,33000,166000,-133000,-133000
064392,喬山永豐9C購01  ,0,0,0,0,0,0,0,0,0,-133000,0,0,0,0,133000,-133000,-133000
064118,喬山元大01購01  ,0,0,0,0,0,0,0,0,0,-133000,0,0,0,0,133000,-133000,-133000
064082,緯創中信06購01  ,0,0,0,0,0,0,0,0,0,-133000,0,0,0,20000,153000,-133000,-133000
064956,麗豐凱基9C購01  ,0,0,0,0,0,0,0,0,0,-133000,0,0,0,14000,147000,-133000,-133000
2423,固緯            ,21000,150000,-129000,0,0,0,0,0,0,-4000,0,4000,-4000,0,0,0,-133000
057563,旭富國泰9A購01  ,0,0,0,0,0,0,0,0,0,-134000,0,0,0,82000,216000,-134000,-134000
057279,國揚元大98購01  ,0,0,0,0,0,0,0,0,0,-134000,0,0,0,21000,155000,-134000,-134000
058101,台積電富邦9C購01,0,0,0,0,0,0,0,0,0,-134000,0,0,0,10000,144000,-134000,-134000
062678,華通統一9C購04  ,0,0,0,0,0,0,0,0,0,-134000,0,0,0,0,134000,-134000,-134000
065645,嘉晶元大01購02  ,0,0,0,0,0,0,0,0,0,-134000,0,0,0,25000,159000,-134000,-134000
5388,中磊            ,617000,733000,-116000,0,0,0,0,0,0,-18000,0,9000,-9000,8000,17000,-9000,-134000
07957P,晶技群益9B售02  ,0,0,0,0,0,0,0,0,0,-135000,0,0,0,15000,150000,-135000,-135000
08086P,燿華凱基9B售03  ,0,0,0,0,0,0,0,0,0,-135000,0,0,0,0,135000,-135000,-135000
062262,茂林元大9B購02  ,0,0,0,0,0,0,0,0,0,-135000,0,0,0,11000,146000,-135000,-135000
1762,中化生          ,437000,405000,32000,0,0,0,20000,188000,-168000,1000,0,0,0,1000,0,1000,-135000
2314,台揚            ,104000,226000,-122000,0,0,0,0,0,0,-13000,1000,14000,-13000,0,0,0,-135000
6288,聯嘉            ,189000,317000,-128000,0,0,0,0,0,0,-7000,5000,12000,-7000,0,0,0,-135000
063311,喬山群益9B購01  ,0,0,0,0,0,0,0,0,0,-136000,0,0,0,0,136000,-136000,-136000
063645,瑞儀元大9B購02  ,0,0,0,0,0,0,0,0,0,-136000,0,0,0,4000,140000,-136000,-136000
2385,群光            ,1028132,1272333,-244201,0,0,0,449000,192887,256113,-148000,1000,23000,-22000,5000,131000,-126000,-136088
06885P,國巨國票99售06  ,0,0,0,0,0,0,0,0,0,-137000,0,0,0,3000,140000,-137000,-137000
061974,光寶科元大9B購01,0,0,0,0,0,0,0,0,0,-137000,0,0,0,93000,230000,-137000,-137000
061394,FBVIX統一9B購01 ,0,0,0,0,0,0,0,0,0,-137000,0,0,0,10000,147000,-137000,-137000
063226,康控群益9B購03  ,0,0,0,0,0,0,0,0,0,-137000,0,0,0,11000,148000,-137000,-137000
062308,旺宏凱基9B購04  ,0,0,0,0,0,0,0,0,0,-137000,0,0,0,1000,138000,-137000,-137000
062574,美食群益9B購02  ,0,0,0,0,0,0,0,0,0,-137000,0,0,0,0,137000,-137000,-137000
064865,美律永豐9C購02  ,0,0,0,0,0,0,0,0,0,-137000,0,0,0,0,137000,-137000,-137000
065833,中租凱基02購01  ,0,0,0,0,0,0,0,0,0,-137000,0,0,0,28000,165000,-137000,-137000
066935,奇鋐國票02購02  ,0,0,0,0,0,0,0,0,0,-138000,0,0,0,120000,258000,-138000,-138000
058217,新唐群益99購01  ,0,0,0,0,0,0,0,0,0,-138000,0,0,0,0,138000,-138000,-138000
020016,統一MSCI美科技N ,0,0,0,0,0,0,0,0,0,-138000,0,0,0,94000,232000,-138000,-138000
065700,京元電群益9C購01,0,0,0,0,0,0,0,0,0,-138000,0,0,0,48000,186000,-138000,-138000
065924,東元國票02購01  ,0,0,0,0,0,0,0,0,0,-138000,0,0,0,0,138000,-138000,-138000
066022,鴻海群益01購07  ,0,0,0,0,0,0,0,0,0,-138000,0,0,0,1000,139000,-138000,-138000
065058,東元群益9C購01  ,0,0,0,0,0,0,0,0,0,-138000,0,0,0,25000,163000,-138000,-138000
064501,大立光元大01購02,0,0,0,0,0,0,0,0,0,-138000,0,0,0,0,138000,-138000,-138000
03451B,臺股指凱基9C熊23,0,0,0,0,0,0,0,0,0,-139000,0,0,0,442000,581000,-139000,-139000
064482,微星永豐9C購01  ,0,0,0,0,0,0,0,0,0,-139000,0,0,0,25000,164000,-139000,-139000
2457,飛宏            ,215000,347000,-132000,0,0,0,0,0,0,-7000,9000,16000,-7000,0,0,0,-139000
066261,華碩元大01購01  ,0,0,0,0,0,0,0,0,0,-140000,0,0,0,46000,186000,-140000,-140000
066422,嘉晶元大02購01  ,0,0,0,0,0,0,0,0,0,-140000,0,0,0,5000,145000,-140000,-140000
07939P,台積電統一9B售14,0,0,0,0,0,0,0,0,0,-140000,0,0,0,130000,270000,-140000,-140000
08009P,華擎統一9B售02  ,0,0,0,0,0,0,0,0,0,-140000,0,0,0,0,140000,-140000,-140000
07791P,奇鋐元大9A售02  ,0,0,0,0,0,0,0,0,0,-140000,0,0,0,33000,173000,-140000,-140000
062707,致伸元大9B購01  ,0,0,0,0,0,0,0,0,0,-140000,0,0,0,0,140000,-140000,-140000
062386,京鼎國泰9C購01  ,0,0,0,0,0,0,0,0,0,-140000,0,0,0,0,140000,-140000,-140000
060904,臺指反元大9C購07,0,0,0,0,0,0,0,0,0,-140000,0,0,0,0,140000,-140000,-140000
064605,GIS元富9C購01   ,0,0,0,0,0,0,0,0,0,-140000,0,0,0,85000,225000,-140000,-140000
065341,華邦電統一01購02,0,0,0,0,0,0,0,0,0,-140000,0,0,0,11000,151000,-140000,-140000
067310,欣興元大01購05  ,0,0,0,0,0,0,0,0,0,-141000,0,0,0,1000,142000,-141000,-141000
057745,泰鼎永豐99購01  ,0,0,0,0,0,0,0,0,0,-141000,0,0,0,28000,169000,-141000,-141000
062086,瑞祺元大9B購01  ,0,0,0,0,0,0,0,0,0,-141000,0,0,0,30000,171000,-141000,-141000
064986,GIS元大9C購07   ,130000,0,130000,0,0,0,0,0,0,-271000,0,0,0,1237000,1508000,-271000,-141000
064250,亞光元富9C購01  ,0,0,0,0,0,0,0,0,0,-141000,0,0,0,133000,274000,-141000,-141000
08292P,華新科台新9C售01,0,0,0,0,0,0,0,0,0,-142000,0,0,0,18000,160000,-142000,-142000
054479,緯創中信98購01  ,0,0,0,0,0,0,0,0,0,-142000,0,0,0,20000,162000,-142000,-142000
06082P,華通統一98售01  ,0,0,0,0,0,0,0,0,0,-142000,0,0,0,65000,207000,-142000,-142000
064288,瀚宇博元大9C購02,0,0,0,0,0,0,0,0,0,-142000,0,0,0,0,142000,-142000,-142000
065127,世芯永豐9C購03  ,0,0,0,0,0,0,0,0,0,-142000,0,0,0,0,142000,-142000,-142000
065403,健鼎國泰02購01  ,0,0,0,0,0,0,0,0,0,-142000,0,0,0,89000,231000,-142000,-142000
6112,聚碩            ,149000,263000,-114000,0,0,0,0,11657,-11657,-17000,0,4000,-4000,5000,18000,-13000,-142657
3041,揚智            ,187000,317993,-130993,0,0,0,0,0,0,-12000,2000,14000,-12000,0,0,0,-142993
06690P,玉晶光群益9A售05,0,0,0,0,0,0,0,0,0,-143000,0,0,0,336000,479000,-143000,-143000
066047,嘉晶元大01購04  ,0,0,0,0,0,0,0,0,0,-143000,0,0,0,71000,214000,-143000,-143000
8163,達方            ,992000,1332000,-340000,0,0,0,0,73000,-73000,270000,24000,31000,-7000,292000,15000,277000,-143000
4119,旭富            ,349000,528000,-179000,0,0,0,0,5492,-5492,41000,1000,1000,0,63000,22000,41000,-143492
066743,和碩元大01購01  ,0,0,0,0,0,0,0,0,0,-144000,0,0,0,100000,244000,-144000,-144000
08359P,緯創元大9C售02  ,0,0,0,0,0,0,0,0,0,-144000,0,0,0,157000,301000,-144000,-144000
065705,嘉晶群益9C購05  ,0,0,0,0,0,0,0,0,0,-144000,0,0,0,5000,149000,-144000,-144000
065295,旭富群益9C購02  ,0,0,0,0,0,0,0,0,0,-144000,0,0,0,0,144000,-144000,-144000
08595P,南電群益9C售03  ,0,0,0,0,0,0,0,0,0,-145000,0,0,0,0,145000,-145000,-145000
066615,長榮航康和01購01,0,0,0,0,0,0,0,0,0,-145000,0,0,0,0,145000,-145000,-145000
067128,華城永豐01購02  ,0,0,0,0,0,0,0,0,0,-145000,0,0,0,64000,209000,-145000,-145000
057450,國泰金元富98購01,0,0,0,0,0,0,0,0,0,-145000,0,0,0,5000,150000,-145000,-145000
063076,柏文永豐9B購02  ,0,0,0,0,0,0,0,0,0,-145000,0,0,0,225000,370000,-145000,-145000
059987,大立光元大99購28,0,0,0,0,0,0,0,0,0,-145000,0,0,0,0,145000,-145000,-145000
065449,中租統一9C購01  ,0,0,0,0,0,0,0,0,0,-145000,0,0,0,0,145000,-145000,-145000
064306,和潤兆豐01購01  ,0,0,0,0,0,0,0,0,0,-145000,0,0,0,0,145000,-145000,-145000
07060P,台表科國票9A售01,0,0,0,0,0,0,0,0,0,-146000,0,0,0,1122000,1268000,-146000,-146000
3030,德律            ,38000,173000,-135000,0,0,0,0,0,0,-11000,0,9000,-9000,0,2000,-2000,-146000
066944,鴻海元大01購13  ,0,0,0,0,0,0,0,0,0,-147000,0,0,0,20000,167000,-147000,-147000
066770,上証2X富邦02購02,0,0,0,0,0,0,0,0,0,-147000,0,0,0,295000,442000,-147000,-147000
08585P,台表科群益9C售04,0,0,0,0,0,0,0,0,0,-147000,0,0,0,30000,177000,-147000,-147000
059581,日月光元富99購02,0,0,0,0,0,0,0,0,0,-147000,0,0,0,62000,209000,-147000,-147000
060906,旺宏元大9A購07  ,0,0,0,0,0,0,0,0,0,-147000,0,0,0,20000,167000,-147000,-147000
063403,鈺齊群益9B購01  ,0,0,0,0,0,0,0,0,0,-147000,0,0,0,80000,227000,-147000,-147000
064058,儒鴻麥證01購01  ,0,0,0,168000,315000,-147000,0,0,0,-147000,0,0,0,188000,335000,-147000,-147000
065400,華擎群益01購02  ,0,0,0,0,0,0,0,0,0,-147000,0,0,0,9000,156000,-147000,-147000
066631,聯詠凱基03購01  ,0,0,0,0,0,0,0,0,0,-148000,0,0,0,118000,266000,-148000,-148000
066447,智伸科群益01購02,0,0,0,0,0,0,0,0,0,-148000,0,0,0,0,148000,-148000,-148000
066195,臺股指凱基03購04,0,0,0,0,0,0,0,0,0,-148000,0,0,0,15000,163000,-148000,-148000
067021,正崴中信01購01  ,0,0,0,0,0,0,0,0,0,-148000,0,0,0,40000,188000,-148000,-148000
056554,GIS凱基99購01   ,0,0,0,0,0,0,0,0,0,-148000,0,0,0,145000,293000,-148000,-148000
064920,景碩統一01購02  ,0,0,0,0,0,0,0,0,0,-148000,0,0,0,170000,318000,-148000,-148000
064176,京元電國泰01購01,0,0,0,0,0,0,0,0,0,-148000,0,0,0,69000,217000,-148000,-148000
063859,國巨國泰01購03  ,0,0,0,0,0,0,0,0,0,-148000,0,0,0,19000,167000,-148000,-148000
06799P,臺股指凱基98售09,0,0,0,0,0,0,0,0,0,-149000,0,0,0,1137000,1286000,-149000,-149000
00753L,中信中國50正2   ,0,0,0,0,0,0,0,0,0,-149000,0,0,0,583000,732000,-149000,-149000
056738,國巨凱基9A購02  ,0,0,0,0,0,0,0,0,0,-149000,0,0,0,0,149000,-149000,-149000
052847,漢唐統一99購01  ,0,0,0,0,0,0,0,0,0,-149000,0,0,0,0,149000,-149000,-149000
063412,寶成國票9C購01  ,0,0,0,0,0,0,0,0,0,-149000,0,0,0,0,149000,-149000,-149000
064021,國巨元大9C購15  ,0,0,0,0,0,0,0,0,0,-149000,0,0,0,3000,152000,-149000,-149000
065042,國產凱基02購01  ,0,0,0,0,0,0,0,0,0,-149000,0,0,0,65000,214000,-149000,-149000
067381,康控統一03購01  ,0,0,0,0,0,0,0,0,0,-150000,0,0,0,0,150000,-150000,-150000
066943,FBVIX元大04購01 ,0,0,0,0,0,0,0,0,0,-150000,0,0,0,0,150000,-150000,-150000
066940,T50反1元大01購03,0,0,0,0,0,0,0,0,0,-150000,0,0,0,0,150000,-150000,-150000
066255,英利元大01購01  ,0,0,0,0,0,0,0,0,0,-150000,0,0,0,10000,160000,-150000,-150000
066513,精元永豐01購02  ,0,0,0,0,0,0,0,0,0,-150000,0,0,0,0,150000,-150000,-150000
07251P,台灣50元富01售04,0,0,0,0,0,0,0,0,0,-150000,0,0,0,0,150000,-150000,-150000
053523,T50反1中信9A購01,0,0,0,0,0,0,0,0,0,-150000,0,0,0,0,150000,-150000,-150000
058605,華邦電元大99購04,0,0,0,0,0,0,0,0,0,-150000,0,0,0,0,150000,-150000,-150000
063270,喬山兆豐9C購01  ,0,0,0,0,0,0,0,0,0,-150000,0,0,0,0,150000,-150000,-150000
063099,臺指反群益9B購05,0,0,0,0,0,0,0,0,0,-150000,0,0,0,0,150000,-150000,-150000
060342,台積電統一02購01,0,0,0,0,0,0,0,0,0,-150000,0,0,0,7000,157000,-150000,-150000
063020,奇力新元大9B購04,0,0,0,0,0,0,0,0,0,-150000,0,0,0,50000,200000,-150000,-150000
060570,南亞科永豐9A購01,0,0,0,0,0,0,0,0,0,-150000,0,0,0,0,150000,-150000,-150000
062552,南電永豐9B購01  ,0,0,0,0,0,0,0,0,0,-150000,0,0,0,19000,169000,-150000,-150000
08309P,GIS凱基9C售01   ,0,0,0,0,0,0,0,0,0,-151000,0,0,0,60000,211000,-151000,-151000
08065P,瑞昱凱基9B售03  ,0,0,0,0,0,0,0,0,0,-151000,0,0,0,0,151000,-151000,-151000
1440,南紡            ,601000,857000,-256000,0,0,0,119000,0,119000,-14000,11000,25000,-14000,0,0,0,-151000
066842,卜蜂元大01購01  ,0,0,0,0,0,0,0,0,0,-151000,0,0,0,120000,271000,-151000,-151000
067202,聚陽元大01購02  ,1000,0,1000,0,0,0,0,0,0,-152000,0,0,0,171000,323000,-152000,-151000
065491,華新科國泰02購01,0,0,0,0,0,0,0,0,0,-151000,0,0,0,78000,229000,-151000,-151000
064672,同欣電元大01購01,0,0,0,0,0,0,0,0,0,-151000,0,0,0,180000,331000,-151000,-151000
2548,華固            ,137000,287000,-150000,0,0,0,0,0,0,-1000,7000,8000,-1000,0,0,0,-151000
066987,旭富群益01購01  ,0,0,0,0,0,0,0,0,0,-152000,0,0,0,10000,162000,-152000,-152000
056707,鴻海富邦99購03  ,0,0,0,0,0,0,0,0,0,-152000,0,0,0,0,152000,-152000,-152000
03662C,FBVIX凱基03牛01 ,0,0,0,0,0,0,0,0,0,-152000,0,0,0,30000,182000,-152000,-152000
064219,滬深2X國票03購01,0,0,0,0,0,0,0,0,0,-152000,0,0,0,25000,177000,-152000,-152000
064940,智伸科元富9C購01,0,0,0,0,0,0,0,0,0,-152000,0,0,0,53000,205000,-152000,-152000
061086,FBVIX統一01購01 ,0,0,0,0,0,0,0,0,0,-153000,0,0,0,0,153000,-153000,-153000
057278,可成元大98購06  ,0,0,0,0,0,0,0,0,0,-154000,0,0,0,2000,156000,-154000,-154000
061868,旺宏元大9B購03  ,0,0,0,0,0,0,0,0,0,-154000,0,0,0,0,154000,-154000,-154000
059510,華新科永豐99購07,0,0,0,0,0,0,0,0,0,-154000,0,0,0,14000,168000,-154000,-154000
065800,技嘉群益9C購01  ,0,0,0,0,0,0,0,0,0,-154000,0,0,0,199000,353000,-154000,-154000
8249,菱光            ,12000,161000,-149000,0,0,0,0,0,0,-5000,0,5000,-5000,0,0,0,-154000
057828,緯穎元大99購02  ,0,0,0,0,0,0,0,0,0,-155000,0,0,0,114000,269000,-155000,-155000
058646,聯茂富邦9A購01  ,0,0,0,0,0,0,0,0,0,-155000,0,0,0,40000,195000,-155000,-155000
063246,嘉晶元大9C購01  ,0,0,0,0,0,0,0,0,0,-155000,0,0,0,26000,181000,-155000,-155000
063419,聯發科凱基03購01,0,0,0,0,0,0,0,0,0,-155000,0,0,0,32000,187000,-155000,-155000
066819,樺漢兆豐01購01  ,0,0,0,0,0,0,0,0,0,-156000,0,0,0,202000,358000,-156000,-156000
058936,國喬中信99購01  ,0,0,0,0,0,0,0,0,0,-156000,0,0,0,0,156000,-156000,-156000
067040,鴻海凱基02購04  ,0,0,0,0,0,0,0,0,0,-157000,0,0,0,2007000,2164000,-157000,-157000
056768,宏達電元大99購03,0,0,0,0,0,0,0,0,0,-157000,0,0,0,267000,424000,-157000,-157000
061582,麗豐元大9A購01  ,0,0,0,0,0,0,0,0,0,-157000,0,0,0,0,157000,-157000,-157000
061763,聯電元大9C購02  ,0,0,0,0,0,0,0,0,0,-157000,0,0,0,34000,191000,-157000,-157000
8131,福懋科          ,33000,172000,-139000,0,0,0,2000,0,2000,-20000,1000,21000,-20000,0,0,0,-157000
066277,敦泰元大01購02  ,0,0,0,0,0,0,0,0,0,-158000,0,0,0,5000,163000,-158000,-158000
061900,志超永豐9B購01  ,0,0,0,0,0,0,0,0,0,-158000,0,0,0,127000,285000,-158000,-158000
058410,國巨兆豐99購03  ,0,0,0,0,0,0,0,0,0,-158000,0,0,0,0,158000,-158000,-158000
063582,瑞祺國泰9C購01  ,0,0,0,0,0,0,0,0,0,-158000,0,0,0,13000,171000,-158000,-158000
07365P,超眾元大99售07  ,0,0,0,0,0,0,0,0,0,-159000,0,0,0,0,159000,-159000,-159000
062407,同欣電永豐9B購01,0,0,0,0,0,0,0,0,0,-159000,0,0,0,83000,242000,-159000,-159000
2436,偉詮電          ,262000,406000,-144000,0,0,0,0,0,0,-15000,1000,16000,-15000,0,0,0,-159000
4746,台耀            ,453000,609000,-156000,0,0,0,0,0,0,-3000,4000,7000,-3000,0,0,0,-159000
07792P,牧德元大9A售04  ,0,0,0,0,0,0,0,0,0,-160000,0,0,0,327000,487000,-160000,-160000
066460,智原統一03購01  ,0,0,0,0,0,0,0,0,0,-160000,0,0,0,0,160000,-160000,-160000
067237,國揚群益01購02  ,0,0,0,0,0,0,0,0,0,-160000,0,0,0,0,160000,-160000,-160000
059922,大立光元大99購25,0,0,0,0,0,0,0,0,0,-160000,0,0,0,15000,175000,-160000,-160000
061569,旺宏元大9A購14  ,0,0,0,0,0,0,0,0,0,-160000,0,0,0,3000,163000,-160000,-160000
062958,長榮航麥證9B購01,0,0,0,0,160000,-160000,0,0,0,-160000,0,0,0,0,160000,-160000,-160000
063700,台積電群益9B購09,0,0,0,0,0,0,0,0,0,-160000,0,0,0,277000,437000,-160000,-160000
064443,同欣電凱基03購01,0,0,0,0,0,0,0,0,0,-160000,0,0,0,133000,293000,-160000,-160000
065846,華新科元大03購01,0,0,0,0,0,0,0,0,0,-160000,0,0,0,100000,260000,-160000,-160000
065653,同欣電元大03購01,0,10000,-10000,0,0,0,0,0,0,-150000,0,0,0,445000,595000,-150000,-160000
067145,南港統一03購02  ,0,0,0,0,0,0,0,0,0,-161000,0,0,0,13000,174000,-161000,-161000
08228P,華擎國票9C售01  ,0,0,0,0,0,0,0,0,0,-161000,0,0,0,37000,198000,-161000,-161000
061823,勤誠群益9B購01  ,0,0,0,0,0,0,0,0,0,-161000,0,0,0,90000,251000,-161000,-161000
056736,國巨凱基99購03  ,0,0,0,0,0,0,0,0,0,-161000,0,0,0,0,161000,-161000,-161000
06138P,台積電中信99售01,0,0,0,0,0,0,0,0,0,-161000,0,0,0,10000,171000,-161000,-161000
065973,嘉晶元大01購03  ,0,0,0,0,0,0,0,0,0,-161000,0,0,0,14000,175000,-161000,-161000
065069,臺股指群益9C購17,0,0,0,0,0,0,0,0,0,-161000,0,0,0,0,161000,-161000,-161000
062802,宏達電統一9B購01,0,0,0,0,0,0,0,0,0,-162000,0,0,0,44000,206000,-162000,-162000
1582,信錦            ,46000,195000,-149000,0,0,0,0,0,0,-14000,0,10000,-10000,0,4000,-4000,-163000
063390,嘉晶兆豐9B購01  ,0,0,0,0,0,0,0,0,0,-163000,0,0,0,81000,244000,-163000,-163000
065794,麗豐永豐9C購01  ,0,0,0,0,0,0,0,0,0,-163000,0,0,0,34000,197000,-163000,-163000
08429P,台達電凱基9C售01,0,0,0,0,0,0,0,0,0,-164000,0,0,0,5000,169000,-164000,-164000
061920,台積電凱基9C購02,0,0,0,0,0,0,0,0,0,-164000,0,0,0,61000,225000,-164000,-164000
062652,上証2X永豐9B購01,0,0,0,0,0,0,0,0,0,-164000,0,0,0,20000,184000,-164000,-164000
065673,嘉晶凱基01購02  ,0,0,0,0,0,0,0,0,0,-164000,0,0,0,13000,177000,-164000,-164000
066082,康友國泰03購01  ,0,0,0,0,0,0,0,0,0,-164000,0,0,0,189000,353000,-164000,-164000
5531,鄉林            ,279000,425000,-146000,0,0,0,0,0,0,-18000,4000,22000,-18000,0,0,0,-164000
07950P,智邦元大9B售04  ,0,0,0,0,0,0,0,0,0,-165000,0,0,0,128000,293000,-165000,-165000
062606,聯電凱基9C購02  ,0,0,0,0,0,0,0,0,0,-165000,0,0,0,10000,175000,-165000,-165000
059765,嘉聯益永豐99購02,0,0,0,0,0,0,0,0,0,-165000,0,0,0,0,165000,-165000,-165000
063530,同欣電凱基9C購02,0,0,0,0,0,0,0,0,0,-165000,0,0,0,0,165000,-165000,-165000
062988,儒鴻群益9B購01  ,0,0,0,0,0,0,0,0,0,-165000,0,0,0,93000,258000,-165000,-165000
065682,健策統一9C購07  ,0,0,0,0,0,0,0,0,0,-165000,0,0,0,48000,213000,-165000,-165000
064934,南電統一01購02  ,0,0,0,0,0,0,0,0,0,-165000,0,0,0,0,165000,-165000,-165000
065183,和大統一01購03  ,0,0,0,0,0,0,0,0,0,-165000,0,0,0,152000,317000,-165000,-165000
064476,金像電國泰02購01,0,0,0,0,0,0,0,0,0,-165000,0,0,0,622000,787000,-165000,-165000
063518,儒鴻凱基9B購02  ,0,0,0,0,0,0,0,0,0,-166000,0,0,0,18000,184000,-166000,-166000
063381,和潤永豐9B購01  ,0,0,0,0,0,0,0,0,0,-166000,0,0,0,0,166000,-166000,-166000
062633,亞光國票9B購01  ,0,0,0,0,0,0,0,0,0,-166000,0,0,0,10000,176000,-166000,-166000
064905,嘉聯益群益9C購01,0,0,0,0,0,0,0,0,0,-166000,0,0,0,63000,229000,-166000,-166000
063591,麗豐永豐9B購02  ,0,0,0,0,0,0,0,0,0,-166000,0,0,0,20000,186000,-166000,-166000
058624,台積電國票99購09,0,0,0,0,0,0,0,0,0,-167000,0,0,0,138000,305000,-167000,-167000
063470,泰鼎元大9B購03  ,0,0,0,0,0,0,0,0,0,-167000,0,0,0,263000,430000,-167000,-167000
065550,聯發科凱基01購07,0,0,0,0,0,0,0,0,0,-167000,0,0,0,40000,207000,-167000,-167000
1503,士電            ,124000,289000,-165000,0,0,0,0,0,0,-3000,2000,5000,-3000,0,0,0,-168000
066489,京鼎元富04購01  ,0,0,0,0,0,0,0,0,0,-168000,0,0,0,23000,191000,-168000,-168000
057524,旺宏元大99購04  ,0,0,0,0,0,0,0,0,0,-168000,0,0,0,0,168000,-168000,-168000
061575,華新科元大9A購20,0,0,0,0,0,0,0,0,0,-168000,0,0,0,0,168000,-168000,-168000
062812,國巨兆豐9B購03  ,0,0,0,0,0,0,0,0,0,-168000,0,0,0,0,168000,-168000,-168000
059988,大立光元大9A購02,0,0,0,0,0,0,0,0,0,-168000,0,0,0,0,168000,-168000,-168000
063658,瑞祺元富9B購01  ,0,0,0,0,0,0,0,0,0,-168000,0,0,0,126000,294000,-168000,-168000
066750,緯穎元大01購04  ,0,0,0,0,0,0,0,0,0,-169000,0,0,0,0,169000,-169000,-169000
066459,智原統一01購01  ,0,0,0,0,0,0,0,0,0,-169000,0,0,0,0,169000,-169000,-169000
067206,台積電元大01購23,0,0,0,0,0,0,0,0,0,-169000,0,0,0,30000,199000,-169000,-169000
066872,亞光國泰03購01  ,0,0,0,0,0,0,0,0,0,-169000,0,0,0,94000,263000,-169000,-169000
08331P,義隆元富9C售02  ,0,0,0,0,0,0,0,0,0,-169000,0,0,0,230000,399000,-169000,-169000
057579,長榮航中信9A購01,0,0,0,0,0,0,0,0,0,-169000,0,0,0,69000,238000,-169000,-169000
056261,台積電統一97購07,0,0,0,0,0,0,0,0,0,-169000,0,0,0,0,169000,-169000,-169000
061244,和碩兆豐9A購01  ,0,0,0,0,0,0,0,0,0,-169000,0,0,0,0,169000,-169000,-169000
063565,旺宏元大9B購08  ,0,0,0,0,0,0,0,0,0,-169000,0,0,0,43000,212000,-169000,-169000
064162,貿聯統一02購01  ,0,0,0,0,0,0,0,0,0,-169000,0,0,0,0,169000,-169000,-169000
065182,南電元大9C購05  ,0,0,0,0,0,0,0,0,0,-169000,0,0,0,54000,223000,-169000,-169000
08095P,大立光元富9B售03,0,0,0,0,0,0,0,0,0,-170000,0,0,0,0,170000,-170000,-170000
066868,聯發科元富07購01,0,0,0,0,0,0,0,0,0,-170000,0,0,0,0,170000,-170000,-170000
066286,瑞祺元大01購01  ,0,0,0,0,0,0,0,0,0,-170000,0,0,0,84000,254000,-170000,-170000
057554,新日興凱基99購02,0,0,0,0,0,0,0,0,0,-170000,0,0,0,0,170000,-170000,-170000
063323,同欣電群益9B購03,0,0,0,0,0,0,0,0,0,-170000,0,0,0,110000,280000,-170000,-170000
064375,智邦元富03購01  ,0,0,0,0,0,0,0,0,0,-170000,0,0,0,98000,268000,-170000,-170000
2399,映泰            ,108000,271000,-163000,0,0,0,0,0,0,-7000,6000,13000,-7000,0,0,0,-170000
066812,志超凱基01購01  ,0,0,0,0,0,0,0,0,0,-171000,0,0,0,120000,291000,-171000,-171000
00715L,街口布蘭特油正2 ,0,0,0,0,0,0,0,0,0,-171000,0,0,0,0,171000,-171000,-171000
064867,華新科永豐9C購03,0,0,0,0,0,0,0,0,0,-171000,0,0,0,14000,185000,-171000,-171000
064976,景碩元大9C購01  ,0,0,0,0,0,0,0,0,0,-171000,0,0,0,170000,341000,-171000,-171000
8081,致新            ,186000,309000,-123000,0,0,0,0,47000,-47000,-1000,0,5000,-5000,9000,5000,4000,-171000
08829P,滬深2X群益01售07,0,0,0,0,0,0,0,0,0,-172000,0,0,0,0,172000,-172000,-172000
058554,瀚宇博永豐99購01,0,0,0,0,0,0,0,0,0,-172000,0,0,0,0,172000,-172000,-172000
063287,嘉澤元大9B購05  ,0,0,0,0,0,0,0,0,0,-172000,0,0,0,41000,213000,-172000,-172000
063124,奇力新元大9B購05,0,0,0,0,0,0,0,0,0,-172000,0,0,0,0,172000,-172000,-172000
063760,聯詠統一9C購02  ,0,0,0,0,0,0,0,0,0,-172000,0,0,0,0,172000,-172000,-172000
067134,國揚永豐01購02  ,0,0,0,0,0,0,0,0,0,-173000,0,0,0,65000,238000,-173000,-173000
07030P,鈺齊群益99售01  ,0,0,0,0,0,0,0,0,0,-173000,0,0,0,40000,213000,-173000,-173000
066296,昇陽半元大01購02,0,0,0,0,0,0,0,0,0,-173000,0,0,0,104000,277000,-173000,-173000
064296,奇鋐國票01購01  ,0,0,0,0,0,0,0,0,0,-173000,0,0,0,65000,238000,-173000,-173000
058209,臺股指凱基01購01,0,0,0,0,0,0,0,0,0,-174000,0,0,0,592000,766000,-174000,-174000
058623,國巨國票99購08  ,0,0,0,0,0,0,0,0,0,-174000,0,0,0,8000,182000,-174000,-174000
060788,嘉晶富邦9B購01  ,0,0,0,0,0,0,0,0,0,-174000,0,0,0,0,174000,-174000,-174000
060651,瑞儀中信9B購01  ,0,0,0,0,0,0,0,0,0,-174000,0,0,0,85000,259000,-174000,-174000
06851P,鈺齊元大98售01  ,0,0,0,0,0,0,0,0,0,-175000,0,0,0,15000,190000,-175000,-175000
061958,鴻海統一01購01  ,0,0,0,0,0,0,0,0,0,-175000,0,0,0,62000,237000,-175000,-175000
060347,大立光統一02購01,0,0,0,0,0,0,0,0,0,-175000,0,0,0,0,175000,-175000,-175000
064542,聯電凱基02購01  ,0,0,0,0,0,0,0,0,0,-175000,0,0,0,105000,280000,-175000,-175000
064638,儒鴻凱基9C購03  ,0,0,0,0,0,0,0,0,0,-176000,0,0,0,50000,226000,-176000,-176000
066315,南帝永豐01購01  ,0,0,0,0,0,0,0,0,0,-177000,0,0,0,0,177000,-177000,-177000
07576P,可成元大9A售01  ,0,0,0,0,0,0,0,0,0,-177000,0,0,0,23000,200000,-177000,-177000
057839,台積電富邦9A購02,0,0,0,0,0,0,0,0,0,-177000,0,0,0,125000,302000,-177000,-177000
057945,京鼎國票99購03  ,0,0,0,0,0,0,0,0,0,-177000,0,0,0,81000,258000,-177000,-177000
057325,可成群益9A購01  ,0,0,0,0,0,0,0,0,0,-177000,0,0,0,5000,182000,-177000,-177000
056301,開發金元大9A購01,0,0,0,0,0,0,0,0,0,-177000,0,0,0,23000,200000,-177000,-177000
059024,大立光統一9B購04,0,0,0,0,0,0,0,0,0,-177000,0,0,0,121000,298000,-177000,-177000
065404,玉晶光國泰02購03,0,0,0,0,0,0,0,0,0,-177000,0,0,0,126000,303000,-177000,-177000
066481,華碩元富01購01  ,0,0,0,0,0,0,0,0,0,-178000,0,0,0,106000,284000,-178000,-178000
066844,聯發科元大01購12,0,0,0,0,0,0,0,0,0,-178000,0,0,0,210000,388000,-178000,-178000
058195,鈺齊永豐99購01  ,0,0,0,0,0,0,0,0,0,-178000,0,0,0,0,178000,-178000,-178000
062220,台光電統一01購01,0,0,0,0,0,0,0,0,0,-179000,0,0,0,0,179000,-179000,-179000
056262,台積電統一98購04,0,0,0,0,0,0,0,0,0,-179000,0,0,0,14000,193000,-179000,-179000
055006,晶相光元富9A購01,0,0,0,0,0,0,0,0,0,-179000,0,0,0,3000,182000,-179000,-179000
063386,國巨兆豐9B購04  ,0,0,0,0,0,0,0,0,0,-179000,0,0,0,0,179000,-179000,-179000
06535P,可成群益99售02  ,0,0,0,0,0,0,0,0,0,-179000,0,0,0,20000,199000,-179000,-179000
2034,允強            ,16000,184000,-168000,0,0,0,0,0,0,-11000,0,11000,-11000,0,0,0,-179000
066494,旺宏國泰03購01  ,0,0,0,0,0,0,0,0,0,-180000,0,0,0,85000,265000,-180000,-180000
066554,嘉晶元大01購05  ,0,0,0,0,0,0,0,0,0,-180000,0,0,0,77000,257000,-180000,-180000
08250P,GIS群益9C售02   ,0,0,0,0,0,0,0,0,0,-180000,0,0,0,0,180000,-180000,-180000
08186P,泰碩永豐9B售03  ,0,0,0,0,0,0,0,0,0,-180000,0,0,0,0,180000,-180000,-180000
063508,緯創群益9B購01  ,0,0,0,0,0,0,0,0,0,-180000,0,0,0,10000,190000,-180000,-180000
060801,滬深2X中信01購01,0,0,0,0,0,0,0,0,0,-180000,0,0,0,0,180000,-180000,-180000
059815,SP黃豆凱基9A購03,0,0,0,0,0,0,0,0,0,-180000,0,0,0,0,180000,-180000,-180000
064235,美律統一9C購02  ,0,0,0,0,0,0,0,0,0,-180000,0,0,0,0,180000,-180000,-180000
07752P,台灣50元大9C售33,0,0,0,0,0,0,0,0,0,-181000,0,0,0,19000,200000,-181000,-181000
08734P,創意康和01售02  ,0,0,0,0,0,0,0,0,0,-181000,0,0,0,87000,268000,-181000,-181000
066270,國揚元大01購01  ,0,0,0,0,0,0,0,0,0,-181000,0,0,0,613000,794000,-181000,-181000
053276,友達元大9C購01  ,0,0,0,0,0,0,0,0,0,-181000,0,0,0,31000,212000,-181000,-181000
059814,SP黃豆凱基9A購02,0,0,0,0,0,0,0,0,0,-181000,0,0,0,1000,182000,-181000,-181000
060489,世紀鋼群益9A購01,0,0,0,0,0,0,0,0,0,-181000,0,0,0,40000,221000,-181000,-181000
065900,瑞祺國泰02購01  ,0,0,0,0,0,0,0,0,0,-181000,0,0,0,0,181000,-181000,-181000
2615,萬海            ,724000,302000,422000,0,0,0,0,575000,-575000,-28000,9000,37000,-28000,0,0,0,-181000
054318,台虹凱基98購01  ,0,0,0,0,0,0,0,0,0,-182000,0,0,0,35000,217000,-182000,-182000
057772,台積電群益99購01,0,0,0,0,0,0,0,0,0,-182000,0,0,0,0,182000,-182000,-182000
063738,奇鋐元大9B購03  ,0,0,0,0,0,0,0,0,0,-182000,0,0,0,359000,541000,-182000,-182000
064843,巨大統一02購01  ,0,0,0,0,0,0,0,0,0,-182000,0,0,0,368000,550000,-182000,-182000
065580,鈺齊群益01購01  ,0,0,0,0,0,0,0,0,0,-183000,0,0,0,249000,432000,-183000,-183000
065540,台表科統一02購05,0,0,0,0,0,0,0,0,0,-183000,0,0,0,71000,254000,-183000,-183000
6139,亞翔            ,88000,264000,-176000,0,0,0,0,0,0,-7000,1000,8000,-7000,0,0,0,-183000
053569,漢唐統一98購01  ,0,0,0,0,0,0,0,0,0,-184000,0,0,0,0,184000,-184000,-184000
062473,同欣電凱基9B購01,0,0,0,0,0,0,0,0,0,-184000,0,0,0,63000,247000,-184000,-184000
065461,台光電中信9C購01,0,0,0,0,0,0,0,0,0,-184000,0,0,0,183000,367000,-184000,-184000
06564P,國巨富邦9A售04  ,0,0,0,0,0,0,0,0,0,-184000,0,0,0,6000,190000,-184000,-184000
067076,聯詠元大01購05  ,0,0,0,0,0,0,0,0,0,-185000,0,0,0,20000,205000,-185000,-185000
061083,京元電兆豐9A購01,0,0,0,0,0,0,0,0,0,-185000,0,0,0,22000,207000,-185000,-185000
066409,勤誠凱基01購01  ,0,0,0,0,0,0,0,0,0,-186000,0,0,0,24000,210000,-186000,-186000
058733,同欣電永豐99購02,0,0,0,0,0,0,0,0,0,-186000,0,0,0,146000,332000,-186000,-186000
064403,正崴凱基01購01  ,0,0,0,0,0,0,0,0,0,-186000,0,0,0,27000,213000,-186000,-186000
064249,聯發科元富06購01,0,0,0,0,0,0,0,0,0,-186000,0,0,0,58000,244000,-186000,-186000
062410,台積電第一9B購02,0,0,0,0,0,0,0,0,0,-187000,0,0,0,20000,207000,-187000,-187000
064228,同欣電國票01購01,0,0,0,0,0,0,0,0,0,-187000,0,0,0,65000,252000,-187000,-187000
063664,漢唐統一9C購01  ,0,0,0,0,0,0,0,0,0,-187000,0,0,0,11000,198000,-187000,-187000
065955,健鼎統一01購03  ,0,0,0,0,0,0,0,0,0,-187000,0,0,0,100000,287000,-187000,-187000
066288,晶碩元大01購01  ,0,0,0,0,0,0,0,0,0,-188000,0,0,0,31000,219000,-188000,-188000
058221,上銀統一99購04  ,0,0,0,0,0,0,0,0,0,-188000,0,0,0,0,188000,-188000,-188000
066305,華夏永豐01購01  ,0,0,0,0,0,0,0,0,0,-189000,0,0,0,10000,199000,-189000,-189000
061944,聯電群益9B購01  ,0,0,0,0,0,0,0,0,0,-189000,0,0,0,7000,196000,-189000,-189000
064787,和潤群益9C購01  ,0,0,0,0,0,0,0,0,0,-189000,0,0,0,34000,223000,-189000,-189000
4935,茂林-KY         ,253000,492519,-239519,0,0,0,72000,7829,64171,-14000,80000,0,80000,48000,142000,-94000,-189348
066482,華碩元富01購02  ,0,0,0,0,0,0,0,0,0,-190000,0,0,0,151000,341000,-190000,-190000
07102P,南電元大99售03  ,0,0,0,0,0,0,0,0,0,-190000,0,0,0,20000,210000,-190000,-190000
07553P,嘉晶元大9A售02  ,0,0,0,0,0,0,0,0,0,-190000,0,0,0,10000,200000,-190000,-190000
07468P,聯電元大9A售02  ,0,0,0,0,0,0,0,0,0,-190000,0,0,0,0,190000,-190000,-190000
053400,緯穎中信9A購01  ,0,0,0,0,0,0,0,0,0,-190000,0,0,0,0,190000,-190000,-190000
060716,新唐永豐9A購01  ,0,0,0,0,0,0,0,0,0,-190000,0,0,0,3000,193000,-190000,-190000
063671,GIS統一01購01   ,0,0,0,0,0,0,0,0,0,-190000,0,0,0,563000,753000,-190000,-190000
08159P,日月光元富9B售01,0,0,0,0,0,0,0,0,0,-191000,0,0,0,146000,337000,-191000,-191000
07998P,聯電凱基9C售01  ,0,0,0,0,0,0,0,0,0,-191000,0,0,0,0,191000,-191000,-191000
067273,台積電統一02購05,0,0,0,0,0,0,0,0,0,-191000,0,0,0,854000,1045000,-191000,-191000
058622,國巨國票99購07  ,0,0,0,0,0,0,0,0,0,-191000,0,0,0,11000,202000,-191000,-191000
061045,儒鴻第一9A購01  ,0,0,0,0,0,0,0,0,0,-191000,0,0,0,33000,224000,-191000,-191000
061792,和大永豐9B購01  ,0,0,0,0,0,0,0,0,0,-191000,0,0,0,10000,201000,-191000,-191000
064835,嘉晶統一02購01  ,0,0,0,0,0,0,0,0,0,-191000,0,0,0,112000,303000,-191000,-191000
064316,貿聯群益9C購02  ,0,0,0,0,0,0,0,0,0,-191000,0,0,0,2000,193000,-191000,-191000
3532,台勝科          ,77000,116000,-39000,0,0,0,0,101000,-101000,-51000,0,47000,-47000,25000,29000,-4000,-191000
6670,復盛應用        ,27000,80000,-53000,0,0,0,0,106000,-106000,-32000,0,2000,-2000,2000,32000,-30000,-191000
062710,盛群元大9B購01  ,0,0,0,0,0,0,0,0,0,-192000,0,0,0,65000,257000,-192000,-192000
063409,GIS國票9C購02   ,0,0,0,0,0,0,0,0,0,-192000,0,0,0,233000,425000,-192000,-192000
067219,瑞儀元大01購01  ,0,0,0,0,0,0,0,0,0,-193000,0,0,0,0,193000,-193000,-193000
05830P,滬深2X元富99售03,0,0,0,0,0,0,0,0,0,-193000,0,0,0,1699000,1892000,-193000,-193000
06326P,鴻海中信01售01  ,0,0,0,0,0,0,0,0,0,-193000,0,0,0,564000,757000,-193000,-193000
063663,台光電統一9C購01,0,0,0,0,0,0,0,0,0,-193000,0,0,0,21000,214000,-193000,-193000
063572,麗豐元大9B購01  ,0,0,0,0,0,0,0,0,0,-193000,0,0,0,193000,386000,-193000,-193000
066329,達欣工永豐01購01,0,0,0,0,0,0,0,0,0,-194000,0,0,0,1000,195000,-194000,-194000
062023,寶成永豐9B購01  ,0,0,0,0,0,0,0,0,0,-194000,0,0,0,135000,329000,-194000,-194000
062333,嘉晶統一9C購01  ,0,0,0,0,0,0,0,0,0,-194000,0,0,0,285000,479000,-194000,-194000
6451,訊芯-KY         ,142000,321000,-179000,0,0,0,0,0,0,-15000,3000,3000,0,15000,30000,-15000,-194000
2723,美食-KY         ,548000,669760,-121760,0,0,0,0,71080,-71080,-2000,0,3000,-3000,32000,31000,1000,-194840
066502,國巨富邦05購02  ,0,0,0,0,0,0,0,0,0,-195000,0,0,0,115000,310000,-195000,-195000
08266P,臺股指元大9C售04,0,0,0,0,0,0,0,0,0,-195000,0,0,0,0,195000,-195000,-195000
063507,奇鋐群益9B購02  ,0,0,0,0,0,0,0,0,0,-195000,0,0,0,118000,313000,-195000,-195000
065525,瑞儀群益01購01  ,0,0,0,0,0,0,0,0,0,-195000,0,0,0,13000,208000,-195000,-195000
060915,旭富元大9A購01  ,0,0,0,0,0,0,0,0,0,-196000,0,0,0,4000,200000,-196000,-196000
060946,世紀鋼國票9A購02,0,0,0,0,0,0,0,0,0,-196000,0,0,0,265000,461000,-196000,-196000
065818,奇鋐元富9C購01  ,0,0,0,0,0,0,0,0,0,-196000,0,0,0,3000,199000,-196000,-196000
064814,祥碩元大9C購06  ,0,0,0,0,0,0,0,0,0,-196000,0,0,0,68000,264000,-196000,-196000
064606,南電元富9C購03  ,0,0,0,0,0,0,0,0,0,-196000,0,0,0,0,196000,-196000,-196000
065544,和大兆豐01購01  ,0,0,0,0,0,0,0,0,0,-197000,0,0,0,85000,282000,-197000,-197000
065055,臺股指凱基02購04,0,0,0,0,0,0,0,0,0,-198000,0,0,0,39000,237000,-198000,-198000
063963,鴻海國票01購01  ,0,0,0,0,0,0,0,0,0,-198000,0,0,0,1000,199000,-198000,-198000
07712P,茂林元大9A售03  ,0,0,0,0,0,0,0,0,0,-199000,0,0,0,0,199000,-199000,-199000
066711,臺股指群益01購03,0,0,0,0,0,0,0,0,0,-199000,0,0,0,0,199000,-199000,-199000
065478,緯創元大9C購03  ,0,0,0,0,0,0,0,0,0,-199000,0,0,0,57000,256000,-199000,-199000
6214,精誠            ,139000,266000,-127000,0,0,0,0,1000,-1000,-71000,0,71000,-71000,0,0,0,-199000
9105,泰金寶-DR       ,40000,239000,-199000,0,0,0,0,0,0,0,0,0,0,0,0,0,-199000
066780,上証反中信04購01,0,0,0,0,0,0,0,0,0,-200000,0,0,0,0,200000,-200000,-200000
067185,宏達電凱基02購01,0,0,0,0,0,0,0,0,0,-200000,0,0,0,1000,201000,-200000,-200000
067088,啟碁元大01購01  ,0,0,0,0,0,0,0,0,0,-200000,0,0,0,0,200000,-200000,-200000
07837P,華邦電元大9A售01,0,0,0,0,0,0,0,0,0,-200000,0,0,0,200000,400000,-200000,-200000
08055P,臺股指國票9B售20,0,0,0,0,0,0,0,0,0,-200000,0,0,0,0,200000,-200000,-200000
062216,國巨統一9B購11  ,0,0,0,0,0,0,0,0,0,-200000,0,0,0,0,200000,-200000,-200000
058849,奇力新群益99購02,0,0,0,0,0,0,0,0,0,-200000,0,0,0,0,200000,-200000,-200000
062097,台光電永豐9B購01,0,0,0,0,0,0,0,0,0,-200000,0,0,0,5000,205000,-200000,-200000
062693,中石化元大02購01,0,0,0,0,0,0,0,0,0,-200000,0,0,0,20000,220000,-200000,-200000
062590,亞光統一9B購01  ,0,0,0,0,0,0,0,0,0,-200000,0,0,0,0,200000,-200000,-200000
063400,華擎群益9B購03  ,0,0,0,0,0,0,0,0,0,-200000,0,0,0,0,200000,-200000,-200000
063720,香港反元大9C購01,0,0,0,0,0,0,0,0,0,-200000,0,0,0,0,200000,-200000,-200000
064839,旭富統一9C購01  ,0,0,0,0,0,0,0,0,0,-200000,0,0,0,146000,346000,-200000,-200000
07958P,華擎群益9B售01  ,0,0,0,0,0,0,0,0,0,-201000,0,0,0,0,201000,-201000,-201000
07100P,華航元大99售01  ,0,0,0,0,0,0,0,0,0,-201000,0,0,0,10000,211000,-201000,-201000
063874,志超永豐9C購01  ,0,0,0,0,0,0,0,0,0,-201000,0,0,0,188000,389000,-201000,-201000
061822,和潤群益9B購01  ,0,0,0,0,0,0,0,0,0,-202000,0,0,0,72000,274000,-202000,-202000
061455,京元電凱基9B購01,0,0,0,0,0,0,0,0,0,-202000,0,0,0,119000,321000,-202000,-202000
2406,國碩            ,383000,449000,-66000,0,0,0,0,0,0,-136000,5000,141000,-136000,0,0,0,-202000
07080P,健策群益9A售01  ,0,0,0,0,0,0,0,0,0,-203000,0,0,0,0,203000,-203000,-203000
08784P,上証2X元富01售01,0,0,0,0,0,0,0,0,0,-203000,0,0,0,0,203000,-203000,-203000
060234,凱美元大9C購01  ,0,0,0,0,0,0,0,0,0,-203000,0,0,0,0,203000,-203000,-203000
066945,鴻海元大01購14  ,0,0,0,0,0,0,0,0,0,-204000,0,0,0,4000,208000,-204000,-204000
056390,台積電富邦9B購01,0,0,0,0,0,0,0,0,0,-204000,0,0,0,12000,216000,-204000,-204000
066738,聯鈞元大01購05  ,0,0,0,0,0,0,0,0,0,-205000,0,0,0,0,205000,-205000,-205000
065828,大立光凱基06購01,0,0,0,0,0,0,0,0,0,-205000,0,0,0,30000,235000,-205000,-205000
066146,昇陽半群益01購02,0,0,0,0,0,0,0,0,0,-205000,0,0,0,6000,211000,-205000,-205000
08207P,金像電群益9B售05,0,0,0,0,0,0,0,0,0,-206000,0,0,0,20000,226000,-206000,-206000
00683L,元大美元指數正2 ,0,0,0,0,0,0,0,0,0,-206000,0,0,0,0,206000,-206000,-206000
060364,奇力新元富9A購01,0,0,0,0,0,0,0,0,0,-206000,0,0,0,141000,347000,-206000,-206000
063836,台塑元大9C購01  ,0,0,0,0,0,0,0,0,0,-206000,0,0,0,0,206000,-206000,-206000
063581,同欣電國泰9C購01,0,0,0,0,0,0,0,0,0,-206000,0,0,0,1130000,1336000,-206000,-206000
08290P,高鐵統一01售01  ,0,0,0,0,0,0,0,0,0,-207000,0,0,0,0,207000,-207000,-207000
1701,中化            ,168000,376000,-208000,0,0,0,0,0,0,1000,0,7000,-7000,8000,0,8000,-207000
060698,旺宏國泰9C購01  ,0,0,0,0,0,0,0,0,0,-207000,0,0,0,33000,240000,-207000,-207000
062237,緯創凱基9B購01  ,0,0,0,0,0,0,0,0,0,-207000,0,0,0,68000,275000,-207000,-207000
063852,瀚宇博元大9C購01,0,0,0,0,0,0,0,0,0,-207000,0,0,0,147000,354000,-207000,-207000
1467,南緯            ,205000,416000,-211000,0,0,0,0,0,0,3000,3000,0,3000,0,0,0,-208000
07798P,同欣電國票9A售01,0,0,0,0,0,0,0,0,0,-208000,0,0,0,0,208000,-208000,-208000
066946,京元電元大01購04,0,0,0,0,0,0,0,0,0,-208000,0,0,0,0,208000,-208000,-208000
060944,國泰金國票9A購01,0,0,0,0,0,0,0,0,0,-208000,0,0,0,0,208000,-208000,-208000
064627,矽格元大9C購01  ,0,0,0,0,0,0,0,0,0,-208000,0,0,0,2000,210000,-208000,-208000
065733,茂林凱基9C購03  ,0,0,0,0,0,0,0,0,0,-208000,0,0,0,561000,769000,-208000,-208000
065642,台積電元大9C購13,0,0,0,0,0,0,0,0,0,-208000,0,0,0,694000,902000,-208000,-208000
060743,鴻海國票9A購03  ,0,0,0,0,0,0,0,0,0,-209000,0,0,0,11000,220000,-209000,-209000
065474,旺宏元大9C購06  ,0,0,0,0,0,0,0,0,0,-209000,0,0,0,20000,229000,-209000,-209000
064719,聯發科統一02購01,0,0,0,0,0,0,0,0,0,-209000,0,0,0,934000,1143000,-209000,-209000
063739,台勝科元大9B購03,0,0,0,0,0,0,0,0,0,-209000,0,0,0,188000,397000,-209000,-209000
064098,正崴群益9C購01  ,0,0,0,0,0,0,0,0,0,-209000,0,0,0,19000,228000,-209000,-209000
2421,建準            ,802000,637000,165000,0,0,0,0,0,0,-374000,0,14000,-14000,124000,484000,-360000,-209000
06959P,鴻海凱基9A售02  ,0,0,0,0,0,0,0,0,0,-210000,0,0,0,0,210000,-210000,-210000
058742,鴻海康和99購01  ,0,0,0,0,0,0,0,0,0,-210000,0,0,0,0,210000,-210000,-210000
059292,華新科元富9B購02,0,0,0,0,0,0,0,0,0,-210000,0,0,0,0,210000,-210000,-210000
066919,台積電麥證01購06,0,0,0,3000,214000,-211000,0,0,0,-211000,0,0,0,3000,214000,-211000,-211000
067083,正文元大01購01  ,0,0,0,0,0,0,0,0,0,-211000,0,0,0,154000,365000,-211000,-211000
060506,京元電元大9A購02,0,0,0,0,0,0,0,0,0,-211000,0,0,0,44000,255000,-211000,-211000
064002,仁寶凱基9C購01  ,0,0,0,0,0,0,0,0,0,-211000,0,0,0,8000,219000,-211000,-211000
063818,矽創群益9C購01  ,0,0,0,0,0,0,0,0,0,-211000,0,0,0,48000,259000,-211000,-211000
063685,鴻海永豐9B購03  ,0,0,0,0,0,0,0,0,0,-211000,0,0,0,120000,331000,-211000,-211000
065778,南亞科國泰01購01,0,0,0,0,0,0,0,0,0,-211000,0,0,0,13000,224000,-211000,-211000
063338,國巨統一9C購11  ,0,0,0,0,0,0,0,0,0,-212000,0,0,0,0,212000,-212000,-212000
062061,台勝科統一01購01,0,0,0,0,0,0,0,0,0,-212000,0,0,0,0,212000,-212000,-212000
064531,旭富兆豐9C購01  ,0,0,0,0,0,0,0,0,0,-212000,0,0,0,241000,453000,-212000,-212000
066734,聯詠元大01購03  ,0,0,0,0,0,0,0,0,0,-213000,0,0,0,58000,271000,-213000,-213000
5534,長虹            ,105000,297000,-192000,0,0,0,0,2000,-2000,-19000,0,19000,-19000,0,0,0,-213000
07027P,台積電群益99售04,0,0,0,0,0,0,0,0,0,-214000,0,0,0,5000,219000,-214000,-214000
08168P,金像電群益9B售03,0,0,0,0,0,0,0,0,0,-214000,0,0,0,17000,231000,-214000,-214000
064074,南茂永豐9C購01  ,0,0,0,0,0,0,0,0,0,-214000,0,0,0,0,214000,-214000,-214000
3653,健策            ,318000,482000,-164000,0,0,0,0,40000,-40000,-10000,14000,22000,-8000,24000,26000,-2000,-214000
065054,百和凱基02購01  ,0,0,0,0,0,0,0,0,0,-215000,0,0,0,17000,232000,-215000,-215000
6591,動力-KY         ,490000,704000,-214000,0,0,0,0,0,0,-1000,1000,2000,-1000,0,0,0,-215000
07013P,玉晶光群益9A售06,0,0,0,0,0,0,0,0,0,-216000,0,0,0,120000,336000,-216000,-216000
066242,惠特富邦03購01  ,0,0,0,0,0,0,0,0,0,-216000,0,0,0,14000,230000,-216000,-216000
060028,國揚永豐99購01  ,0,0,0,0,0,0,0,0,0,-216000,0,0,0,91000,307000,-216000,-216000
063542,泰鼎元富9B購02  ,0,0,0,0,0,0,0,0,0,-216000,0,0,0,10000,226000,-216000,-216000
063687,金像電永豐9B購04,0,0,0,0,0,0,0,0,0,-216000,0,0,0,104000,320000,-216000,-216000
056410,康控國票99購01  ,0,0,0,0,0,0,0,0,0,-217000,0,0,0,0,217000,-217000,-217000
062974,奇力新元富9B購01,0,0,0,0,0,0,0,0,0,-217000,0,0,0,23000,240000,-217000,-217000
060832,臺指反國票9A購01,0,0,0,0,0,0,0,0,0,-217000,0,0,0,0,217000,-217000,-217000
062419,台積電統一9B購15,0,0,0,0,0,0,0,0,0,-218000,0,0,0,471000,689000,-218000,-218000
055224,鴻海國票99購02  ,0,0,0,0,0,0,0,0,0,-219000,0,0,0,0,219000,-219000,-219000
063783,儒鴻中信9C購01  ,0,0,0,0,0,0,0,0,0,-219000,0,0,0,226000,445000,-219000,-219000
6213,聯茂            ,1602000,1730000,-128000,0,0,0,31000,15000,16000,-107000,2000,11000,-9000,54000,152000,-98000,-219000
054428,禾伸堂富邦98購01,0,0,0,0,0,0,0,0,0,-220000,0,0,0,0,220000,-220000,-220000
063825,道瓊銀國票01購01,0,0,0,0,0,0,0,0,0,-220000,0,0,0,0,220000,-220000,-220000
08799P,台積電元大01售19,0,0,0,0,0,0,0,0,0,-221000,0,0,0,1844000,2065000,-221000,-221000
054472,道瓊反中信9A購01,0,0,0,0,0,0,0,0,0,-221000,0,0,0,282000,503000,-221000,-221000
058899,旺宏元大99購10  ,0,0,0,0,0,0,0,0,0,-221000,0,0,0,77000,298000,-221000,-221000
1218,泰山            ,237000,413000,-176000,0,0,0,0,0,0,-46000,0,0,0,19000,65000,-46000,-222000
08483P,金像電群益9C售02,0,0,0,0,0,0,0,0,0,-222000,0,0,0,6000,228000,-222000,-222000
065360,和大元大01購03  ,0,0,0,0,0,0,0,0,0,-222000,0,0,0,0,222000,-222000,-222000
067298,台積電元大02購04,0,0,0,0,0,0,0,0,0,-223000,0,0,0,0,223000,-223000,-223000
00648R,元大S&P500反1   ,0,0,0,0,0,0,0,0,0,-224000,0,0,0,743000,967000,-224000,-224000
064882,同欣電兆豐9C購01,0,0,0,0,0,0,0,0,0,-224000,0,0,0,167000,391000,-224000,-224000
08334P,智邦永豐9C售01  ,0,0,0,0,0,0,0,0,0,-225000,0,0,0,1000,226000,-225000,-225000
08014P,微星凱基9B售02  ,0,0,0,0,0,0,0,0,0,-225000,0,0,0,0,225000,-225000,-225000
062325,鴻海統一9B購05  ,0,0,0,0,0,0,0,0,0,-225000,0,0,0,10000,235000,-225000,-225000
063983,麗豐兆豐9C購01  ,0,0,0,0,0,0,0,0,0,-225000,0,0,0,0,225000,-225000,-225000
6235,華孚            ,374000,594000,-220000,0,0,0,0,0,0,-5000,4000,9000,-5000,0,0,0,-225000
08311P,台積電國票9C售07,0,0,0,0,0,0,0,0,0,-226000,0,0,0,203000,429000,-226000,-226000
059043,聯電日盛99購01  ,0,0,0,0,0,0,0,0,0,-226000,0,0,0,159000,385000,-226000,-226000
063225,茂林群益9B購04  ,0,0,0,0,0,0,0,0,0,-228000,0,0,0,255000,483000,-228000,-228000
8271,宇瞻            ,194000,409000,-215000,0,0,0,0,8430,-8430,-5000,1000,6000,-5000,0,0,0,-228430
053394,鴻海中信9A購01  ,0,0,0,0,0,0,0,0,0,-229000,0,0,0,0,229000,-229000,-229000
060913,宏達電元大9A購03,0,0,0,0,0,0,0,0,0,-229000,0,0,0,50000,279000,-229000,-229000
064709,瑞祺永豐9C購01  ,0,0,0,0,0,0,0,0,0,-229000,0,0,0,41000,270000,-229000,-229000
065411,旺宏永豐9C購02  ,0,0,0,0,0,0,0,0,0,-229000,0,0,0,66000,295000,-229000,-229000
066057,華擎元大02購01  ,0,0,0,0,0,0,0,0,0,-229000,0,0,0,111000,340000,-229000,-229000
062539,可成國泰01購01  ,0,0,0,0,0,0,0,0,0,-230000,0,0,0,12000,242000,-230000,-230000
063133,喬山統一01購01  ,0,0,0,0,0,0,0,0,0,-230000,0,0,0,216000,446000,-230000,-230000
062975,京鼎元富9B購01  ,0,0,0,0,0,0,0,0,0,-230000,0,0,0,166000,396000,-230000,-230000
6197,佳必琪          ,167000,395000,-228000,0,0,0,9000,0,9000,-11000,0,11000,-11000,0,0,0,-230000
066610,台積電麥證01購02,0,0,0,108000,339000,-231000,0,0,0,-231000,0,0,0,108000,339000,-231000,-231000
2536,宏普            ,128000,343000,-215000,0,0,0,0,0,0,-16000,0,16000,-16000,0,0,0,-231000
065650,旭富元大9C購07  ,0,0,0,0,0,0,0,0,0,-232000,0,0,0,68000,300000,-232000,-232000
065480,旭富元大9C購06  ,0,0,0,0,0,0,0,0,0,-232000,0,0,0,68000,300000,-232000,-232000
061439,寶成凱基9A購01  ,0,0,0,0,0,0,0,0,0,-233000,0,0,0,208000,441000,-233000,-233000
063307,同欣電凱基9B購02,0,0,0,0,0,0,0,0,0,-233000,0,0,0,56000,289000,-233000,-233000
065736,同欣電凱基9C購05,0,0,0,0,0,0,0,0,0,-234000,0,0,0,132000,366000,-234000,-234000
4958,臻鼎-KY         ,1782526,1563230,219296,0,0,0,24000,69000,-45000,-409000,73000,408000,-335000,9000,83000,-74000,-234704
067207,微星元大01購04  ,0,0,0,0,0,0,0,0,0,-235000,0,0,0,100000,335000,-235000,-235000
059395,T50反1元富99購03,0,0,0,0,0,0,0,0,0,-235000,0,0,0,0,235000,-235000,-235000
3090,日電貿          ,120000,342000,-222000,0,0,0,0,0,0,-13000,0,7000,-7000,0,6000,-6000,-235000
066749,瑞祺元大01購03  ,0,0,0,0,0,0,0,0,0,-236000,0,0,0,77000,313000,-236000,-236000
1722,台肥            ,503000,795000,-292000,0,0,0,0,2000,-2000,58000,97000,45000,52000,6000,0,6000,-236000
065390,達新群益9C購02  ,0,0,0,0,0,0,0,0,0,-237000,0,0,0,0,237000,-237000,-237000
066289,晶碩元大02購01  ,0,0,0,0,0,0,0,0,0,-238000,0,0,0,111000,349000,-238000,-238000
067385,申豐統一02購04  ,0,0,0,0,0,0,0,0,0,-238000,0,0,0,0,238000,-238000,-238000
066967,台積電元富07購03,0,0,0,0,0,0,0,0,0,-238000,0,0,0,136000,374000,-238000,-238000
054272,華通中信98購01  ,0,0,0,0,0,0,0,0,0,-238000,0,0,0,60000,298000,-238000,-238000
062968,仁寶元富9B購01  ,0,0,0,0,0,0,0,0,0,-238000,0,0,0,175000,413000,-238000,-238000
066009,創意統一02購02  ,0,0,0,0,0,0,0,0,0,-238000,0,0,0,744000,982000,-238000,-238000
063881,嘉晶元富9C購01  ,0,0,0,0,0,0,0,0,0,-238000,0,0,0,0,238000,-238000,-238000
067131,為升永豐01購01  ,0,0,0,0,0,0,0,0,0,-239000,0,0,0,77000,316000,-239000,-239000
066599,鴻海國泰03購02  ,0,0,0,0,0,0,0,0,0,-239000,0,0,0,9000,248000,-239000,-239000
066565,泰鼎元大01購01  ,0,0,0,0,0,0,0,0,0,-239000,0,0,0,43000,282000,-239000,-239000
066679,微星兆豐01購01  ,0,0,0,0,0,0,0,0,0,-240000,0,0,0,43000,283000,-240000,-240000
06908P,健策國泰99售02  ,0,0,0,0,0,0,0,0,0,-240000,0,0,0,0,240000,-240000,-240000
064433,金像電凱基02購01,0,0,0,0,0,0,0,0,0,-240000,0,0,0,291000,531000,-240000,-240000
063861,南亞科國泰02購01,0,0,0,0,0,0,0,0,0,-241000,0,0,0,86000,327000,-241000,-241000
057988,鈺齊元富98購02  ,0,0,0,0,0,0,0,0,0,-242000,0,0,0,80000,322000,-242000,-242000
063899,同欣電群益9C購01,0,0,0,0,0,0,0,0,0,-242000,0,0,0,17000,259000,-242000,-242000
064054,中租統一02購01  ,0,0,0,0,0,0,0,0,0,-242000,0,0,0,40000,282000,-242000,-242000
057394,台積電中信9C購02,0,0,0,0,0,0,0,0,0,-243000,0,0,0,0,243000,-243000,-243000
064796,緯穎國票01購01  ,0,0,0,0,0,0,0,0,0,-243000,0,0,0,243000,486000,-243000,-243000
067367,台積電統一01購11,0,0,0,0,0,0,0,0,0,-244000,0,0,0,1000,245000,-244000,-244000
064045,南亞科統一9C購04,0,0,0,0,0,0,0,0,0,-244000,0,0,0,0,244000,-244000,-244000
066974,SP黃豆群益03購01,0,0,0,0,0,0,0,0,0,-245000,0,0,0,0,245000,-245000,-245000
07946P,華通統一9B售02  ,0,0,0,0,0,0,0,0,0,-245000,0,0,0,5000,250000,-245000,-245000
060457,中橡元大9A購02  ,0,0,0,0,0,0,0,0,0,-245000,0,0,0,0,245000,-245000,-245000
03449B,臺股指元大01熊01,0,0,0,0,0,0,0,0,0,-246000,0,0,0,64000,310000,-246000,-246000
064079,英業達中信9C購01,0,0,0,0,0,0,0,0,0,-246000,0,0,0,256000,502000,-246000,-246000
059100,元油2X統一9C購02,0,0,0,0,0,0,0,0,0,-247000,0,0,0,299000,546000,-247000,-247000
061306,瑞祺永豐9A購02  ,0,0,0,0,0,0,0,0,0,-247000,0,0,0,71000,318000,-247000,-247000
063495,台光電富邦9C購01,0,0,0,0,0,0,0,0,0,-247000,0,0,0,117000,364000,-247000,-247000
058670,鴻海群益9A購03  ,0,0,0,0,0,0,0,0,0,-248000,0,0,0,128000,376000,-248000,-248000
057903,聯鈞永豐99購01  ,0,0,0,0,0,0,0,0,0,-248000,0,0,0,0,248000,-248000,-248000
060124,奇力新永豐99購03,0,0,0,0,0,0,0,0,0,-248000,0,0,0,0,248000,-248000,-248000
064170,儒鴻元富9C購01  ,0,0,0,0,0,0,0,0,0,-248000,0,0,0,252000,500000,-248000,-248000
065753,正崴元大9C購02  ,0,0,0,0,0,0,0,0,0,-248000,0,0,0,30000,278000,-248000,-248000
065348,中壽統一9C購02  ,0,0,0,0,0,0,0,0,0,-248000,0,0,0,61000,309000,-248000,-248000
065250,同欣電麥證9C購01,0,0,0,0,281000,-281000,0,0,0,-248000,0,0,0,33000,281000,-248000,-248000
061080,華邦電兆豐9B購01,0,0,0,0,0,0,0,0,0,-249000,0,0,0,69000,318000,-249000,-249000
07788P,華新科群益9A售08,0,0,0,0,0,0,0,0,0,-250000,0,0,0,25000,275000,-250000,-250000
07839P,嘉澤元大9A售04  ,0,0,0,0,0,0,0,0,0,-250000,0,0,0,150000,400000,-250000,-250000
066491,麗豐元富01購01  ,0,0,0,0,0,0,0,0,0,-250000,0,0,0,0,250000,-250000,-250000
066474,微星麥證01購01  ,0,0,0,105000,355000,-250000,0,0,0,-250000,0,0,0,105000,355000,-250000,-250000
08375P,聯電元富9C售02  ,0,0,0,0,0,0,0,0,0,-251000,0,0,0,30000,281000,-251000,-251000
065405,華新科富邦03購01,0,0,0,0,0,0,0,0,0,-251000,0,0,0,46000,297000,-251000,-251000
061511,緯穎富邦9B購02  ,0,0,0,0,0,0,0,0,0,-252000,0,0,0,3000,255000,-252000,-252000
063570,嘉晶元大9C購02  ,0,0,0,0,0,0,0,0,0,-252000,0,0,0,38000,290000,-252000,-252000
1712,興農            ,57000,169000,-112000,0,0,0,0,37733,-37733,-103000,0,103000,-103000,0,0,0,-252733
4942,嘉彰            ,191000,441000,-250000,0,0,0,0,0,0,-3000,0,3000,-3000,0,0,0,-253000
058067,台積電第一9C購01,0,0,0,0,0,0,0,0,0,-254000,0,0,0,3000,257000,-254000,-254000
061205,旺宏元大9A購11  ,0,0,0,0,0,0,0,0,0,-254000,0,0,0,10000,264000,-254000,-254000
061421,台積電元大9A購29,0,0,0,0,0,0,0,0,0,-255000,0,0,0,246000,501000,-255000,-255000
065862,世紀鋼元大9C購06,0,0,0,0,0,0,0,0,0,-255000,0,0,0,155000,410000,-255000,-255000
065945,鴻海統一02購01  ,0,0,0,0,0,0,0,0,0,-255000,0,0,0,6105000,6360000,-255000,-255000
065656,聯發科國泰03購01,0,0,0,0,0,0,0,0,0,-256000,0,0,0,11000,267000,-256000,-256000
08349P,南六元大9C售03  ,0,0,0,0,0,0,0,0,0,-257000,0,0,0,50000,307000,-257000,-257000
058779,大立光國票9A購02,0,0,0,0,0,0,0,0,0,-257000,0,0,0,32000,289000,-257000,-257000
064988,志超元大9C購01  ,0,0,0,0,0,0,0,0,0,-257000,0,0,0,708000,965000,-257000,-257000
08471P,日月光凱基9C售02,0,0,0,0,0,0,0,0,0,-258000,0,0,0,33000,291000,-258000,-258000
057987,大立光元富98購02,0,0,0,0,0,0,0,0,0,-258000,0,0,0,110000,368000,-258000,-258000
065788,緯創永豐9C購02  ,0,0,0,0,0,0,0,0,0,-258000,0,0,0,2000,260000,-258000,-258000
066276,敦泰元大01購01  ,0,0,0,0,0,0,0,0,0,-259000,0,0,0,67000,326000,-259000,-259000
066932,京元電國票02購01,0,0,0,0,0,0,0,0,0,-259000,0,0,0,0,259000,-259000,-259000
060918,康友國泰9C購01  ,0,0,0,0,0,0,0,0,0,-259000,0,0,0,132000,391000,-259000,-259000
1612,宏泰            ,28000,288000,-260000,0,0,0,0,0,0,0,0,0,0,0,0,0,-260000
054055,全新國票99購02  ,0,0,0,0,0,0,0,0,0,-260000,0,0,0,0,260000,-260000,-260000
060120,聯電富邦9B購01  ,0,0,0,0,0,0,0,0,0,-260000,0,0,0,0,260000,-260000,-260000
064981,致伸元大9C購01  ,0,0,0,0,0,0,0,0,0,-260000,0,0,0,0,260000,-260000,-260000
065076,中橡元大9C購01  ,0,0,0,0,0,0,0,0,0,-260000,0,0,0,0,260000,-260000,-260000
2485,兆赫            ,74000,299000,-225000,0,0,0,29000,0,29000,-64000,0,64000,-64000,0,0,0,-260000
066262,華碩元大01購02  ,0,0,0,0,0,0,0,0,0,-261000,0,0,0,85000,346000,-261000,-261000
065869,微星群益02購01  ,0,0,0,0,0,0,0,0,0,-261000,0,0,0,78000,339000,-261000,-261000
063665,南亞科統一01購02,0,0,0,0,0,0,0,0,0,-261000,0,0,0,5000,266000,-261000,-261000
08628P,微星中信9C售01  ,0,0,0,0,0,0,0,0,0,-262000,0,0,0,205000,467000,-262000,-262000
061027,儒鴻永豐9A購02  ,0,0,0,0,0,0,0,0,0,-262000,0,0,0,135000,397000,-262000,-262000
065342,華邦電統一02購01,0,0,0,0,0,0,0,0,0,-262000,0,0,0,13000,275000,-262000,-262000
061819,茂林群益9B購01  ,0,0,0,0,0,0,0,0,0,-263000,0,0,0,425000,688000,-263000,-263000
00670L,富邦NASDAQ正2   ,0,1000,-1000,0,0,0,0,0,0,-263000,0,0,0,88000,351000,-263000,-264000
066887,聯發科中信02購01,0,0,0,0,0,0,0,0,0,-265000,0,0,0,0,265000,-265000,-265000
056578,智易元大99購02  ,0,0,0,0,0,0,0,0,0,-265000,0,0,0,10000,275000,-265000,-265000
061100,SP黃豆元大9A購04,0,0,0,0,0,0,0,0,0,-265000,0,0,0,0,265000,-265000,-265000
065608,緯創元大9C購04  ,0,0,0,0,0,0,0,0,0,-265000,0,0,0,183000,448000,-265000,-265000
063051,仁寶統一01購01  ,0,0,0,0,0,0,0,0,0,-266000,0,0,0,269000,535000,-266000,-266000
065345,台光電統一01購04,0,0,0,0,0,0,0,0,0,-266000,0,0,0,36000,302000,-266000,-266000
065147,寶成凱基01購01  ,0,0,0,0,0,0,0,0,0,-266000,0,0,0,50000,316000,-266000,-266000
07536P,華新科元富9A售04,0,0,0,0,0,0,0,0,0,-267000,0,0,0,15000,282000,-267000,-267000
065782,健策富邦01購02  ,0,0,0,0,0,0,0,0,0,-267000,0,0,0,134000,401000,-267000,-267000
9910,豐泰            ,966628,1370000,-403372,0,0,0,95000,0,95000,41000,73000,5000,68000,0,27000,-27000,-267372
062074,旺宏元大9B購04  ,0,0,0,0,0,0,0,0,0,-268000,0,0,0,0,268000,-268000,-268000
064251,緯創元富9C購01  ,0,0,0,0,0,0,0,0,0,-268000,0,0,0,61000,329000,-268000,-268000
08246P,亞德客群益01售01,0,0,0,0,0,0,0,0,0,-269000,0,0,0,98000,367000,-269000,-269000
00738U,元大道瓊白銀    ,43000,0,43000,0,0,0,0,0,0,-312000,0,0,0,414000,726000,-312000,-269000
08679P,台灣50元大01售15,0,0,0,0,0,0,0,0,0,-270000,0,0,0,30000,300000,-270000,-270000
067053,申豐凱基02購01  ,0,0,0,0,0,0,0,0,0,-270000,0,0,0,82000,352000,-270000,-270000
051849,旺宏中信98購01  ,0,0,0,0,0,0,0,0,0,-270000,0,0,0,10000,280000,-270000,-270000
062947,國巨富邦01購01  ,0,0,0,0,0,0,0,0,0,-271000,0,0,0,0,271000,-271000,-271000
064817,鈺齊元大9C購02  ,0,0,0,0,0,0,0,0,0,-271000,0,0,0,215000,486000,-271000,-271000
065022,同欣電富邦01購01,0,0,0,0,0,0,0,0,0,-272000,0,0,0,175000,447000,-272000,-272000
065433,緯創凱基9C購01  ,0,0,0,0,0,0,0,0,0,-272000,0,0,0,45000,317000,-272000,-272000
07821P,臺股指國票9A售12,0,0,0,0,0,0,0,0,0,-273000,0,0,0,46000,319000,-273000,-273000
063196,力成元富9B購01  ,0,0,0,0,0,0,0,0,0,-273000,0,0,0,9000,282000,-273000,-273000
3669,圓展            ,480000,750000,-270000,0,0,0,0,0,0,-3000,1000,4000,-3000,0,0,0,-273000
07500P,微星元大9A售01  ,0,0,0,0,0,0,0,0,0,-274000,0,0,0,0,274000,-274000,-274000
08778P,台積電群益01售09,0,0,0,0,0,0,0,0,0,-274000,0,0,0,1111000,1385000,-274000,-274000
064514,喬山群益9C購01  ,0,0,0,0,0,0,0,0,0,-274000,0,0,0,20000,294000,-274000,-274000
062460,京鼎群益9C購01  ,0,0,0,0,0,0,0,0,0,-275000,0,0,0,44000,319000,-275000,-275000
061261,台積電凱基9B購03,0,0,0,0,0,0,0,0,0,-276000,0,0,0,48000,324000,-276000,-276000
063900,GIS群益9C購03   ,0,0,0,0,0,0,0,0,0,-276000,0,0,0,216000,492000,-276000,-276000
066260,聯強元大01購02  ,0,0,0,0,0,0,0,0,0,-277000,0,0,0,23000,300000,-277000,-277000
066414,鴻海元大01購07  ,0,0,0,0,0,0,0,0,0,-277000,0,0,0,0,277000,-277000,-277000
061307,和潤永豐9A購02  ,0,0,0,0,0,0,0,0,0,-277000,0,0,0,15000,292000,-277000,-277000
3605,宏致            ,306000,533000,-227000,0,0,0,0,0,0,-50000,0,50000,-50000,0,0,0,-277000
6582,申豐            ,422000,738446,-316446,0,0,0,0,5300,-5300,44000,8000,12000,-4000,60000,12000,48000,-277746
1337,再生-KY         ,264000,539000,-275000,0,0,0,0,0,0,-3000,8000,11000,-3000,0,0,0,-278000
055874,中環元富9A購01  ,0,0,0,0,0,0,0,0,0,-278000,0,0,0,0,278000,-278000,-278000
062416,和大統一01購02  ,0,0,0,0,0,0,0,0,0,-279000,0,0,0,53000,332000,-279000,-279000
065896,智易統一02購01  ,0,0,0,0,0,0,0,0,0,-279000,0,0,0,130000,409000,-279000,-279000
060309,佳世達永豐9A購01,0,0,0,0,0,0,0,0,0,-280000,0,0,0,0,280000,-280000,-280000
065780,國巨富邦03購02  ,0,0,0,0,0,0,0,0,0,-280000,0,0,0,0,280000,-280000,-280000
065831,緯創凱基9C購03  ,0,0,0,0,0,0,0,0,0,-280000,0,0,0,28000,308000,-280000,-280000
3557,嘉威            ,80000,358000,-278000,0,0,0,0,0,0,-2000,0,2000,-2000,0,0,0,-280000
1326,台化            ,2149772,2356693,-206921,0,0,0,25000,19000,6000,-80000,31000,110000,-79000,0,1000,-1000,-280921
057813,京元電元大98購03,0,0,0,0,0,0,0,0,0,-281000,0,0,0,100000,381000,-281000,-281000
065760,和碩元大9C購02  ,0,0,0,0,0,0,0,0,0,-281000,0,0,0,2000,283000,-281000,-281000
066757,南港永豐01購01  ,0,0,0,0,0,0,0,0,0,-282000,0,0,0,12000,294000,-282000,-282000
061584,勤誠元大9A購01  ,0,0,0,0,0,0,0,0,0,-282000,0,0,0,199000,481000,-282000,-282000
064572,同欣電群益9C購02,0,0,0,0,0,0,0,0,0,-282000,0,0,0,20000,302000,-282000,-282000
2458,義隆            ,1250000,1218000,32000,0,0,0,36897,1000,35897,-350000,40000,234000,-194000,22000,178000,-156000,-282103
064804,英業達元大9C購01,0,0,0,0,0,0,0,0,0,-283000,0,0,0,497000,780000,-283000,-283000
08443P,臺股指麥證01售02,0,0,0,138000,422000,-284000,0,0,0,-284000,0,0,0,138000,422000,-284000,-284000
053117,大立光中信9A購02,0,0,0,0,0,0,0,0,0,-284000,0,0,0,0,284000,-284000,-284000
066198,華碩統一03購01  ,0,0,0,0,0,0,0,0,0,-285000,0,0,0,99000,384000,-285000,-285000
067306,奇鋐元大01購02  ,0,0,0,0,0,0,0,0,0,-285000,0,0,0,0,285000,-285000,-285000
065659,華新科永豐9C購04,0,0,0,0,0,0,0,0,0,-285000,0,0,0,83000,368000,-285000,-285000
062372,旭富元大9B購01  ,0,0,0,0,0,0,0,0,0,-286000,0,0,0,0,286000,-286000,-286000
062080,奇力新元大9B購02,0,0,0,0,0,0,0,0,0,-286000,0,0,0,0,286000,-286000,-286000
4960,誠美材          ,1076000,1340000,-264000,0,0,0,0,0,0,-22000,0,22000,-22000,0,0,0,-286000
059626,台積電凱基01購01,0,0,0,0,0,0,0,0,0,-287000,0,0,0,21000,308000,-287000,-287000
059096,百和元大99購04  ,0,0,0,0,0,0,0,0,0,-288000,0,0,0,1000,289000,-288000,-288000
063853,同欣電元大9C購02,0,0,0,0,0,0,0,0,0,-288000,0,0,0,96000,384000,-288000,-288000
066533,南茂元富01購01  ,0,0,0,0,0,0,0,0,0,-289000,0,0,0,0,289000,-289000,-289000
057783,台積電國票9A購01,0,0,0,0,0,0,0,0,0,-289000,0,0,0,178000,467000,-289000,-289000
07194P,聯發科元大99售25,0,0,0,0,0,0,0,0,0,-290000,0,0,0,0,290000,-290000,-290000
08278P,玉晶光元富9C售02,0,0,0,0,0,0,0,0,0,-290000,0,0,0,420000,710000,-290000,-290000
065773,鴻海國票03購01  ,0,0,0,0,0,0,0,0,0,-290000,0,0,0,102000,392000,-290000,-290000
2474,可成            ,766521,1061738,-295217,0,0,0,111000,4000,107000,-102000,5000,59000,-54000,3000,51000,-48000,-290217
062874,微星兆豐9B購01  ,0,0,0,0,0,0,0,0,0,-291000,0,0,0,22000,313000,-291000,-291000
6669,緯穎            ,206140,415414,-209274,0,0,0,0,64000,-64000,-18000,6000,18000,-12000,8000,14000,-6000,-291274
07230P,滬深2X群益01售02,0,0,0,0,0,0,0,0,0,-292000,0,0,0,5000,297000,-292000,-292000
066374,臺股指中信04購01,0,0,0,0,0,0,0,0,0,-292000,0,0,0,4000,296000,-292000,-292000
055487,國巨元大98購07  ,0,0,0,0,0,0,0,0,0,-293000,0,0,0,1000,294000,-293000,-293000
058803,世紀鋼元大99購03,0,0,0,0,0,0,0,0,0,-294000,0,0,0,127000,421000,-294000,-294000
060265,宏達電國票9A購02,0,0,0,0,0,0,0,0,0,-294000,0,0,0,25000,319000,-294000,-294000
065333,冠德國票01購01  ,15000,0,15000,0,0,0,0,0,0,-309000,0,0,0,230000,539000,-309000,-294000
063568,高鐵元大9B購01  ,0,0,0,0,0,0,0,0,0,-294000,0,0,0,0,294000,-294000,-294000
064821,聯電統一02購01  ,0,0,0,0,0,0,0,0,0,-294000,0,0,0,625000,919000,-294000,-294000
07693P,群創元大9B售10  ,0,0,0,0,0,0,0,0,0,-295000,0,0,0,5000,300000,-295000,-295000
066804,緯創凱基01購01  ,0,0,0,0,0,0,0,0,0,-298000,0,0,0,61000,359000,-298000,-298000
2383,台光電          ,890830,790000,100830,0,0,0,162000,164000,-2000,-397000,18000,415000,-397000,20000,20000,0,-298170
06914P,南茂元大98售03  ,0,0,0,0,0,0,0,0,0,-300000,0,0,0,0,300000,-300000,-300000
06949P,台表科元大99售01,0,0,0,0,0,0,0,0,0,-300000,0,0,0,0,300000,-300000,-300000
07645P,華通元大9A售06  ,0,0,0,0,0,0,0,0,0,-300000,0,0,0,0,300000,-300000,-300000
07420P,可成元大99售07  ,0,0,0,0,0,0,0,0,0,-300000,0,0,0,0,300000,-300000,-300000
08750P,台灣50群益01售04,0,0,0,0,0,0,0,0,0,-300000,0,0,0,30000,330000,-300000,-300000
063057,祥碩統一03購01  ,0,0,0,0,0,0,0,0,0,-300000,0,0,0,399000,699000,-300000,-300000
062258,奇力新元大9B購03,0,0,0,0,0,0,0,0,0,-300000,0,0,0,0,300000,-300000,-300000
064824,台積電統一02購03,0,0,0,0,0,0,0,0,0,-300000,0,0,0,1000,301000,-300000,-300000
064474,華新科麥證01購01,0,0,0,0,300000,-300000,0,0,0,-300000,0,0,0,0,300000,-300000,-300000
00652,富邦印度        ,37000,7000,30000,0,0,0,0,0,0,-331000,0,0,0,55000,386000,-331000,-301000
064772,FBVIX群益9C購04 ,0,0,0,0,0,0,0,0,0,-301000,0,0,0,0,301000,-301000,-301000
066320,順德永豐01購01  ,0,0,0,0,0,0,0,0,0,-302000,0,0,0,13000,315000,-302000,-302000
065538,健鼎統一9C購01  ,0,0,0,0,0,0,0,0,0,-302000,0,0,0,58000,360000,-302000,-302000
066043,美律元大01購01  ,0,0,0,0,0,0,0,0,0,-302000,0,0,0,0,302000,-302000,-302000
067015,義隆富邦04購01  ,0,0,0,0,0,0,0,0,0,-303000,0,0,0,128000,431000,-303000,-303000
07965P,玉晶光群益01售02,0,0,0,0,0,0,0,0,0,-303000,0,0,0,264000,567000,-303000,-303000
08465P,玉晶光兆豐01售02,0,0,0,0,0,0,0,0,0,-304000,0,0,0,4000,308000,-304000,-304000
07014P,華通元大99售04  ,0,0,0,0,0,0,0,0,0,-304000,0,0,0,0,304000,-304000,-304000
066162,泰豐凱基01購01  ,0,0,0,0,0,0,0,0,0,-304000,0,0,0,0,304000,-304000,-304000
1909,榮成            ,926000,1217000,-291000,0,0,0,0,0,0,-13000,9000,28000,-19000,6000,0,6000,-304000
066570,力成元大02購01  ,0,0,0,0,0,0,0,0,0,-306000,0,0,0,64000,370000,-306000,-306000
060428,瑞祺永豐9A購01  ,0,0,0,0,0,0,0,0,0,-306000,0,0,0,153000,459000,-306000,-306000
067127,台虹富邦03購01  ,0,0,0,0,0,0,0,0,0,-307000,0,0,0,93000,400000,-307000,-307000
066114,瑞昱兆豐02購01  ,0,0,0,0,0,0,0,0,0,-307000,0,0,0,140000,447000,-307000,-307000
2605,新興            ,61000,365000,-304000,0,0,0,0,0,0,-3000,0,3000,-3000,0,0,0,-307000
07880P,可成群益9B售05  ,0,0,0,0,0,0,0,0,0,-308000,0,0,0,0,308000,-308000,-308000
061170,南茂兆豐9B購01  ,0,0,0,0,0,0,0,0,0,-308000,0,0,0,2000,310000,-308000,-308000
066469,申豐統一02購02  ,0,0,0,0,0,0,0,0,0,-309000,0,0,0,463000,772000,-309000,-309000
060410,台苯永豐9A購01  ,0,0,0,0,0,0,0,0,0,-309000,0,0,0,38000,347000,-309000,-309000
063022,嘉晶元大9B購04  ,0,0,0,0,0,0,0,0,0,-309000,0,0,0,12000,321000,-309000,-309000
064812,旭富元大9C購04  ,0,0,0,0,0,0,0,0,0,-309000,0,0,0,51000,360000,-309000,-309000
064123,台積電元大9C購09,0,0,0,0,0,0,0,0,0,-309000,0,0,0,60000,369000,-309000,-309000
06725P,聯電元富98售01  ,0,0,0,0,0,0,0,0,0,-310000,0,0,0,0,310000,-310000,-310000
056219,T50反1日盛02購01,0,0,0,0,0,0,0,0,0,-310000,0,0,0,150000,460000,-310000,-310000
066269,宏達電元大01購03,0,0,0,0,0,0,0,0,0,-312000,0,0,0,0,312000,-312000,-312000
06448P,華通元大99售01  ,0,0,0,0,0,0,0,0,0,-313000,0,0,0,0,313000,-313000,-313000
066101,微星國票02購01  ,0,0,0,0,0,0,0,0,0,-313000,0,0,0,15000,328000,-313000,-313000
062803,嘉晶統一9B購02  ,0,0,0,0,0,0,0,0,0,-314000,0,0,0,161000,475000,-314000,-314000
056187,京鼎統一97購01  ,0,0,0,0,0,0,0,0,0,-315000,0,0,0,15000,330000,-315000,-315000
062705,美食元大9B購01  ,0,0,0,0,0,0,0,0,0,-315000,0,0,0,140000,455000,-315000,-315000
2501,國建            ,106000,218000,-112000,0,0,0,0,0,0,-203000,2000,205000,-203000,0,0,0,-315000
058788,喬山元大99購01  ,0,0,0,0,0,0,0,0,0,-316000,0,0,0,0,316000,-316000,-316000
065690,台苯群益9C購01  ,0,0,0,0,0,0,0,0,0,-316000,0,0,0,350000,666000,-316000,-316000
057041,國巨元大99購04  ,0,0,0,0,0,0,0,0,0,-318000,0,0,0,7000,325000,-318000,-318000
060700,華新科國泰9C購01,0,0,0,0,0,0,0,0,0,-318000,0,0,0,48000,366000,-318000,-318000
065351,中租統一02購02  ,0,0,0,0,0,0,0,0,0,-318000,0,0,0,228000,546000,-318000,-318000
058401,華航元大9A購01  ,0,0,0,0,0,0,0,0,0,-319000,0,0,0,0,319000,-319000,-319000
064714,和大統一02購02  ,0,0,0,0,0,0,0,0,0,-319000,0,0,0,0,319000,-319000,-319000
066768,瀚宇博永豐01購01,0,0,0,0,0,0,0,0,0,-320000,0,0,0,15000,335000,-320000,-320000
066977,鴻海群益02購01  ,0,0,0,0,0,0,0,0,0,-320000,0,0,0,0,320000,-320000,-320000
059008,鈺齊元大99購03  ,0,0,0,0,0,0,0,0,0,-320000,0,0,0,193000,513000,-320000,-320000
060419,漢翔永豐9A購01  ,0,0,0,0,0,0,0,0,0,-320000,0,0,0,0,320000,-320000,-320000
061600,聯電凱基9B購01  ,0,0,0,0,0,0,0,0,0,-321000,0,0,0,6000,327000,-321000,-321000
064704,嘉晶國泰01購01  ,0,0,0,0,0,0,0,0,0,-321000,0,0,0,61000,382000,-321000,-321000
065562,同欣電麥證9C購04,0,0,0,0,321000,-321000,0,0,0,-321000,0,0,0,0,321000,-321000,-321000
066159,寶成康和01購01  ,0,0,0,0,0,0,0,0,0,-321000,0,0,0,51000,372000,-321000,-321000
3535,晶彩科          ,907000,1228000,-321000,0,0,0,0,0,0,0,2000,2000,0,0,0,0,-321000
2912,統一超          ,436072,907822,-471750,0,0,0,4000,0,4000,144000,151000,7000,144000,0,0,0,-323750
062916,智易元大9B購01  ,0,0,0,0,0,0,0,0,0,-325000,0,0,0,15000,340000,-325000,-325000
063167,同欣電永豐9B購03,0,0,0,0,0,0,0,0,0,-326000,0,0,0,81000,407000,-326000,-326000
063573,茂林元大9B購06  ,0,0,0,0,0,0,0,0,0,-326000,0,0,0,400000,726000,-326000,-326000
8464,億豐            ,583329,754000,-170671,0,0,0,93000,76000,17000,-173000,2000,125000,-123000,0,50000,-50000,-326671
058147,鈺齊元大99購01  ,0,0,0,0,0,0,0,0,0,-327000,0,0,0,6000,333000,-327000,-327000
08825P,義隆元大01售04  ,0,0,0,0,0,0,0,0,0,-329000,0,0,0,12000,341000,-329000,-329000
056605,台積電富邦9B購02,0,0,0,0,0,0,0,0,0,-329000,0,0,0,0,329000,-329000,-329000
057485,友達元大9C購04  ,0,0,0,0,0,0,0,0,0,-329000,0,0,0,1000,330000,-329000,-329000
063585,台積電永豐9B購03,0,0,0,0,0,0,0,0,0,-329000,0,0,0,63000,392000,-329000,-329000
07835P,台表科群益9A售02,0,0,0,0,0,0,0,0,0,-330000,0,0,0,100000,430000,-330000,-330000
060435,鈺齊永豐9A購01  ,0,0,0,0,0,0,0,0,0,-330000,0,0,0,171000,501000,-330000,-330000
063641,泰鼎元大9B購04  ,0,0,0,0,0,0,0,0,0,-330000,0,0,0,52000,382000,-330000,-330000
058558,鴻海日盛9A購02  ,0,0,0,0,0,0,0,0,0,-331000,0,0,0,297000,628000,-331000,-331000
08638P,泰碩國票9C售01  ,0,0,0,0,0,0,0,0,0,-334000,0,0,0,196000,530000,-334000,-334000
063265,瑞祺永豐9B購01  ,0,0,0,0,0,0,0,0,0,-334000,0,0,0,147000,481000,-334000,-334000
056266,開發金統一9A購01,0,0,0,0,0,0,0,0,0,-335000,0,0,0,10000,345000,-335000,-335000
065547,同欣電兆豐01購01,0,0,0,0,0,0,0,0,0,-335000,0,0,0,321000,656000,-335000,-335000
061706,旭富國票9A購02  ,0,0,0,0,0,0,0,0,0,-337000,0,0,0,1000,338000,-337000,-337000
2478,大毅            ,373000,718000,-345000,0,0,0,0,0,0,5000,10000,1000,9000,21000,25000,-4000,-340000
061339,京元電元大9A購05,0,0,0,0,0,0,0,0,0,-341000,0,0,0,0,341000,-341000,-341000
065305,泰鼎元富9C購01  ,0,0,0,0,0,0,0,0,0,-341000,0,0,0,23000,364000,-341000,-341000
00701,國泰股利精選30  ,0,0,0,0,0,0,0,0,0,-342000,0,0,0,512000,854000,-342000,-342000
065560,同欣電麥證9C購02,0,0,0,0,392000,-392000,0,0,0,-342000,0,0,0,50000,392000,-342000,-342000
08714P,華碩元富01售03  ,0,0,0,0,0,0,0,0,0,-344000,0,0,0,367000,711000,-344000,-344000
066626,盟立凱基01購01  ,0,0,0,0,0,0,0,0,0,-344000,0,0,0,510000,854000,-344000,-344000
064925,和碩統一02購01  ,0,0,0,0,0,0,0,0,0,-344000,0,0,0,0,344000,-344000,-344000
066892,台積電兆豐03購01,0,0,0,0,0,0,0,0,0,-345000,0,0,0,1459000,1804000,-345000,-345000
065517,緯創群益9C購02  ,0,0,0,0,0,0,0,0,0,-345000,0,0,0,107000,452000,-345000,-345000
064244,GIS統一02購01   ,0,0,0,0,0,0,0,0,0,-345000,0,0,0,792000,1137000,-345000,-345000
059093,旭富元大99購01  ,0,0,0,0,0,0,0,0,0,-346000,0,0,0,244000,590000,-346000,-346000
3338,泰碩            ,265000,303000,-38000,0,0,0,0,6745,-6745,-303000,6000,9000,-3000,18000,318000,-300000,-347745
063091,聯電中信9B購01  ,0,0,0,0,0,0,0,0,0,-348000,0,0,0,139000,487000,-348000,-348000
063961,世紀鋼元大9C購05,0,0,0,0,0,0,0,0,0,-348000,0,0,0,171000,519000,-348000,-348000
064592,同欣電永豐9C購01,0,0,0,0,0,0,0,0,0,-349000,0,0,0,0,349000,-349000,-349000
056119,欣興群益97購02  ,0,0,0,0,0,0,0,0,0,-350000,0,0,0,0,350000,-350000,-350000
065658,聯發科富邦03購03,0,0,0,0,0,0,0,0,0,-350000,0,0,0,59000,409000,-350000,-350000
061969,大立光統一01購02,0,0,0,0,0,0,0,0,0,-353000,0,0,0,100000,453000,-353000,-353000
065870,正崴群益02購01  ,0,0,0,0,0,0,0,0,0,-354000,0,0,0,61000,415000,-354000,-354000
066692,T50反1群益01購04,0,0,0,0,0,0,0,0,0,-355000,0,0,0,0,355000,-355000,-355000
066893,技嘉兆豐01購02  ,0,0,0,0,0,0,0,0,0,-356000,0,0,0,197000,553000,-356000,-356000
00717,富邦美國特別股  ,1000,0,1000,0,0,0,0,0,0,-359000,0,0,0,351000,710000,-359000,-358000
063434,和潤元富9B購01  ,0,0,0,0,0,0,0,0,0,-358000,0,0,0,33000,391000,-358000,-358000
061030,喬山永豐9A購01  ,0,0,0,0,0,0,0,0,0,-358000,0,0,0,0,358000,-358000,-358000
08059P,京鼎元大9B售02  ,0,0,0,0,0,0,0,0,0,-359000,0,0,0,43000,402000,-359000,-359000
00631L,元大台灣50正2   ,40000,9000,31000,0,0,0,0,0,0,-390000,62000,52000,10000,1633000,2033000,-400000,-359000
6153,嘉聯益          ,781000,1191000,-410000,0,0,0,0,0,0,51000,2000,17000,-15000,95000,29000,66000,-359000
065184,和大統一02購04  ,0,0,0,0,0,0,0,0,0,-361000,0,0,0,0,361000,-361000,-361000
3704,合勤控          ,164000,492000,-328000,0,0,0,0,0,0,-33000,4000,23000,-19000,0,14000,-14000,-361000
064293,勤誠元大9C購01  ,0,0,0,0,0,0,0,0,0,-363000,0,0,0,196000,559000,-363000,-363000
063614,美食群益9B購03  ,0,0,0,0,0,0,0,0,0,-364000,0,0,0,0,364000,-364000,-364000
2606,裕民            ,164000,175000,-11000,0,0,0,0,219000,-219000,-134000,1000,135000,-134000,0,0,0,-364000
08209P,上銀元富9B售06  ,0,0,0,0,0,0,0,0,0,-365000,0,0,0,60000,425000,-365000,-365000
061260,台積電凱基9A購23,0,0,0,0,0,0,0,0,0,-365000,0,0,0,12000,377000,-365000,-365000
3005,神基            ,91000,537000,-446000,0,0,0,154000,0,154000,-73000,0,34000,-34000,0,39000,-39000,-365000
063548,同欣電兆豐9B購01,0,0,0,0,0,0,0,0,0,-369000,0,0,0,172000,541000,-369000,-369000
065756,緯創元大9C購05  ,3000,0,3000,0,0,0,0,0,0,-372000,0,0,0,197000,569000,-372000,-369000
064483,瑞儀永豐9C購01  ,0,0,0,0,0,0,0,0,0,-371000,0,0,0,22000,393000,-371000,-371000
064234,正崴統一01購01  ,0,0,0,0,0,0,0,0,0,-372000,0,0,0,22000,394000,-372000,-372000
3056,總太            ,242000,513000,-271000,0,0,0,0,16837,-16837,-85000,0,14000,-14000,52000,123000,-71000,-372837
066282,鎧勝元大01購01  ,0,0,0,0,0,0,0,0,0,-373000,0,0,0,285000,658000,-373000,-373000
066233,華碩富邦02購01  ,0,0,0,0,0,0,0,0,0,-373000,0,0,0,137000,510000,-373000,-373000
065698,旺宏群益9C購08  ,0,0,0,0,0,0,0,0,0,-373000,0,0,0,0,373000,-373000,-373000
062722,京元電凱基9B購02,0,0,0,0,0,0,0,0,0,-374000,0,0,0,255000,629000,-374000,-374000
061184,大立光國泰9C購01,0,0,0,0,0,0,0,0,0,-375000,0,0,0,10000,385000,-375000,-375000
065289,冠德群益9C購01  ,0,0,0,0,0,0,0,0,0,-376000,0,0,0,265000,641000,-376000,-376000
066463,鎧勝統一02購01  ,0,0,0,0,0,0,0,0,0,-378000,0,0,0,219000,597000,-378000,-378000
059849,興勤永豐99購01  ,0,0,0,0,0,0,0,0,0,-378000,0,0,0,25000,403000,-378000,-378000
066290,台塑化元大01購01,0,0,0,0,0,0,0,0,0,-379000,0,0,0,282000,661000,-379000,-379000
066265,精元元大01購01  ,0,0,0,0,0,0,0,0,0,-379000,0,0,0,0,379000,-379000,-379000
066465,同欣電統一01購05,0,0,0,0,0,0,0,0,0,-380000,0,0,0,352000,732000,-380000,-380000
066471,致新統一02購01  ,0,0,0,0,0,0,0,0,0,-381000,0,0,0,12000,393000,-381000,-381000
066651,創意康和01購04  ,0,0,0,0,0,0,0,0,0,-384000,0,0,0,144000,528000,-384000,-384000
067222,申豐元大01購01  ,0,0,0,0,0,0,0,0,0,-384000,0,0,0,8000,392000,-384000,-384000
064883,GIS兆豐01購01   ,0,0,0,0,0,0,0,0,0,-385000,0,0,0,363000,748000,-385000,-385000
063506,嘉晶群益9B購01  ,0,0,0,0,0,0,0,0,0,-386000,0,0,0,25000,411000,-386000,-386000
2316,楠梓電          ,67000,439000,-372000,0,0,0,0,0,0,-14000,1000,9000,-8000,0,6000,-6000,-386000
066674,達方凱基01購01  ,0,0,0,0,0,0,0,0,0,-387000,0,0,0,0,387000,-387000,-387000
08739P,台郡凱基01售03  ,0,0,0,0,0,0,0,0,0,-389000,0,0,0,250000,639000,-389000,-389000
065894,漢翔統一03購01  ,0,0,0,0,0,0,0,0,0,-389000,0,0,0,0,389000,-389000,-389000
067064,為升元大01購02  ,0,0,0,0,0,0,0,0,0,-390000,0,0,0,1000,391000,-390000,-390000
058928,國巨統一9C購01  ,0,0,0,0,0,0,0,0,0,-391000,0,0,0,327000,718000,-391000,-391000
064236,奇力新統一01購04,0,0,0,0,0,0,0,0,0,-391000,0,0,0,38000,429000,-391000,-391000
063773,可成富邦9C購01  ,0,0,0,0,0,0,0,0,0,-392000,0,0,0,90000,482000,-392000,-392000
066527,泰鼎統一03購01  ,0,0,0,0,0,0,0,0,0,-393000,0,0,0,0,393000,-393000,-393000
062807,和碩統一9B購01  ,0,0,0,0,0,0,0,0,0,-393000,0,0,0,0,393000,-393000,-393000
065179,同欣電元大02購01,0,0,0,0,0,0,0,0,0,-394000,0,0,0,211000,605000,-394000,-394000
067307,聯詠元大01購06  ,0,0,0,0,0,0,0,0,0,-395000,0,0,0,60000,455000,-395000,-395000
063554,GIS國票9C購03   ,0,0,0,0,0,0,0,0,0,-396000,0,0,0,44000,440000,-396000,-396000
060652,滬深2X群益9C購04,0,0,0,0,0,0,0,0,0,-397000,0,0,0,0,397000,-397000,-397000
057289,力成元大98購03  ,0,0,0,0,0,0,0,0,0,-398000,0,0,0,0,398000,-398000,-398000
06771P,台灣50中信02售01,0,0,0,0,0,0,0,0,0,-399000,0,0,0,2000,401000,-399000,-399000
065561,同欣電麥證9C購03,0,0,0,0,449000,-449000,0,0,0,-399000,0,0,0,50000,449000,-399000,-399000
058832,立積永豐99購01  ,0,0,0,0,0,0,0,0,0,-400000,0,0,0,128000,528000,-400000,-400000
061961,台積電統一01購02,0,0,0,0,0,0,0,0,0,-400000,0,0,0,4000,404000,-400000,-400000
063555,SP黃豆元大9B購01,0,0,0,0,0,0,0,0,0,-400000,0,0,0,100000,500000,-400000,-400000
063471,泰鼎元大9C購01  ,0,0,0,0,0,0,0,0,0,-401000,0,0,0,143000,544000,-401000,-401000
055619,同欣電國票98購02,0,0,0,0,0,0,0,0,0,-402000,0,0,0,20000,422000,-402000,-402000
056835,聯電元富99購01  ,0,0,0,0,0,0,0,0,0,-403000,0,0,0,149000,552000,-403000,-403000
066830,國揚群益01購01  ,0,0,0,0,0,0,0,0,0,-407000,0,0,0,148000,555000,-407000,-407000
066704,創意群益01購02  ,0,0,0,0,0,0,0,0,0,-407000,0,0,0,33000,440000,-407000,-407000
063274,鈺齊兆豐9B購01  ,0,0,0,0,0,0,0,0,0,-407000,0,0,0,289000,696000,-407000,-407000
066719,滬深2X元大01購06,0,0,0,0,0,0,0,0,0,-408000,0,0,0,4000,412000,-408000,-408000
061970,大立光統一9C購03,0,0,0,0,0,0,0,0,0,-410000,0,0,0,0,410000,-410000,-410000
061517,瑞祺永豐9A購03  ,0,0,0,0,0,0,0,0,0,-411000,0,0,0,44000,455000,-411000,-411000
067158,T50反1國票02購02,0,0,0,0,0,0,0,0,0,-413000,0,0,0,0,413000,-413000,-413000
8429,金麗-KY         ,75000,489000,-414000,0,0,0,0,0,0,1000,3000,2000,1000,0,0,0,-413000
067022,台虹中信01購01  ,0,0,0,0,0,0,0,0,0,-415000,0,0,0,85000,500000,-415000,-415000
07459P,緯穎元大9A售01  ,0,0,0,0,0,0,0,0,0,-415000,0,0,0,21000,436000,-415000,-415000
061126,京元電永豐9A購02,0,0,0,0,0,0,0,0,0,-415000,0,0,0,35000,450000,-415000,-415000
067363,同欣電群益01購02,0,0,0,0,0,0,0,0,0,-416000,0,0,0,0,416000,-416000,-416000
9914,美利達          ,787000,1269900,-482900,0,0,0,41000,18000,23000,43000,109000,18000,91000,0,48000,-48000,-416900
2332,友訊            ,2382000,2691000,-309000,0,0,0,0,0,0,-108000,14000,105000,-91000,80000,97000,-17000,-417000
066584,滬深2X群益03購01,0,0,0,0,0,0,0,0,0,-419000,0,0,0,17000,436000,-419000,-419000
065761,中租元大9C購02  ,0,0,0,0,0,0,0,0,0,-419000,0,0,0,68000,487000,-419000,-419000
066507,和碩富邦03購01  ,0,0,0,0,0,0,0,0,0,-420000,0,0,0,110000,530000,-420000,-420000
067322,達方元大01購01  ,0,0,0,0,0,0,0,0,0,-420000,0,0,0,0,420000,-420000,-420000
053381,友達元大9A購02  ,0,0,0,0,0,0,0,0,0,-420000,0,0,0,5000,425000,-420000,-420000
058148,百和元大99購01  ,0,0,0,0,0,0,0,0,0,-421000,0,0,0,0,421000,-421000,-421000
6141,柏承            ,31000,443000,-412000,0,0,0,0,9785,-9785,0,4000,4000,0,0,0,0,-421785
08794P,台積電兆豐01售03,0,0,0,0,0,0,0,0,0,-422000,0,0,0,672000,1094000,-422000,-422000
060284,南港元大01購01  ,0,0,0,0,0,0,0,0,0,-422000,0,0,0,75000,497000,-422000,-422000
065722,緯創兆豐9C購02  ,0,0,0,0,0,0,0,0,0,-423000,0,0,0,399000,822000,-423000,-423000
057796,鴻海兆豐99購03  ,0,0,0,0,0,0,0,0,0,-424000,0,0,0,40000,464000,-424000,-424000
065078,台積電元大02購01,0,0,0,0,0,0,0,0,0,-424000,0,0,0,258000,682000,-424000,-424000
063550,可成國票9C購01  ,0,0,0,0,0,0,0,0,0,-425000,0,0,0,103000,528000,-425000,-425000
066328,國揚永豐01購01  ,0,0,0,0,0,0,0,0,0,-428000,0,0,0,0,428000,-428000,-428000
6706,惠特            ,1138000,617000,521000,0,0,0,0,941000,-941000,-9000,15000,20000,-5000,2000,6000,-4000,-429000
1605,華新            ,2928000,2148113,779887,0,0,0,0,862000,-862000,-347000,122000,37000,85000,122000,554000,-432000,-429113
066085,台積電富邦05購01,0,0,0,0,0,0,0,0,0,-430000,0,0,0,199000,629000,-430000,-430000
056475,宏達電元大99購02,0,0,0,0,0,0,0,0,0,-431000,0,0,0,512000,943000,-431000,-431000
065950,正崴統一03購01  ,0,0,0,0,0,0,0,0,0,-433000,0,0,0,9000,442000,-433000,-433000
064524,GIS群益02購01   ,0,0,0,0,0,0,0,0,0,-434000,0,0,0,254000,688000,-434000,-434000
08537P,台光電國票01售03,0,0,0,0,0,0,0,0,0,-435000,0,0,0,68000,503000,-435000,-435000
058343,台積電群益99購02,0,0,0,0,0,0,0,0,0,-436000,0,0,0,0,436000,-436000,-436000
3563,牧德            ,130622,316000,-185378,0,0,0,0,234000,-234000,-17506,0,47506,-47506,58000,28000,30000,-436884
08363P,南亞科凱基01售01,0,0,0,0,0,0,0,0,0,-440000,0,0,0,10000,450000,-440000,-440000
2390,云辰            ,1357000,1793000,-436000,0,0,0,0,0,0,-5000,1000,6000,-5000,0,0,0,-441000
058927,勤誠元富99購02  ,0,0,0,0,0,0,0,0,0,-442000,0,0,0,160000,602000,-442000,-442000
063251,同欣電元大9B購04,0,0,0,0,0,0,0,0,0,-443000,0,0,0,278000,721000,-443000,-443000
066759,盟立永豐01購03  ,0,0,0,0,0,0,0,0,0,-445000,0,0,0,0,445000,-445000,-445000
056579,麗豐元大99購01  ,0,0,0,0,0,0,0,0,0,-445000,0,0,0,74000,519000,-445000,-445000
067063,為升元大01購01  ,0,0,0,0,0,0,0,0,0,-447000,0,0,0,103000,550000,-447000,-447000
064384,聯電富邦01購01  ,0,0,0,0,0,0,0,0,0,-447000,0,0,0,244000,691000,-447000,-447000
064858,鴻海富邦01購01  ,0,0,0,0,0,0,0,0,0,-450000,0,0,0,301000,751000,-450000,-450000
067172,台積電兆豐03購02,0,0,0,0,0,0,0,0,0,-451000,0,0,0,28000,479000,-451000,-451000
059074,元油2X元大9C購15,0,0,0,0,0,0,0,0,0,-451000,0,0,0,60000,511000,-451000,-451000
1731,美吾華          ,504000,954000,-450000,0,0,0,0,0,0,-1000,0,1000,-1000,0,0,0,-451000
065956,緯創統一01購01  ,0,0,0,0,0,0,0,0,0,-453000,0,0,0,45000,498000,-453000,-453000
066352,晶碩永豐01購01  ,0,0,0,0,0,0,0,0,0,-454000,0,0,0,85000,539000,-454000,-454000
065688,緯創元富9C購02  ,0,0,0,0,0,0,0,0,0,-458000,0,0,0,20000,478000,-458000,-458000
06608P,立積群益99售02  ,0,0,0,0,0,0,0,0,0,-460000,0,0,0,0,460000,-460000,-460000
3038,全台            ,193000,774000,-581000,0,0,0,43000,11559,31441,89000,100000,11000,89000,0,0,0,-460559
067068,台積電元大01購21,20000,0,20000,0,0,0,0,0,0,-481000,0,0,0,1510000,1991000,-481000,-461000
067065,為升元大01購03  ,0,0,0,0,0,0,0,0,0,-462000,0,0,0,1000,463000,-462000,-462000
066702,開發金群益03購01,0,0,0,0,0,0,0,0,0,-462000,0,0,0,0,462000,-462000,-462000
055890,鴻海統一99購01  ,0,0,0,0,0,0,0,0,0,-462000,0,0,0,0,462000,-462000,-462000
06485P,玉晶光群益9A售02,0,0,0,0,0,0,0,0,0,-465000,0,0,0,60000,525000,-465000,-465000
060791,聯茂富邦9A購02  ,0,0,0,0,0,0,0,0,0,-466000,0,0,0,22000,488000,-466000,-466000
058146,勤誠元大99購01  ,0,0,0,0,0,0,0,0,0,-467000,0,0,0,217000,684000,-467000,-467000
064387,GIS富邦9C購01   ,0,0,0,0,0,0,0,0,0,-470000,0,0,0,393000,863000,-470000,-470000
057393,台積電中信02購01,0,0,0,0,0,0,0,0,0,-472000,0,0,0,0,472000,-472000,-472000
1789,神隆            ,619000,1004000,-385000,0,0,0,0,0,0,-88000,1000,52000,-51000,12000,49000,-37000,-473000
064354,同欣電元大9C購05,0,0,0,0,0,0,0,0,0,-477000,0,0,0,153000,630000,-477000,-477000
067200,深中小元大03購01,0,0,0,0,0,0,0,0,0,-480000,0,0,0,282000,762000,-480000,-480000
053965,聯電元大98購04  ,0,0,0,0,0,0,0,0,0,-480000,0,0,0,279000,759000,-480000,-480000
065701,聯發科群益9C購13,0,0,0,0,0,0,0,0,0,-480000,0,0,0,1000,481000,-480000,-480000
066573,瑞祺元大01購02  ,0,0,0,0,0,0,0,0,0,-482000,0,0,0,10000,492000,-482000,-482000
066232,聯強富邦03購01  ,0,0,0,0,0,0,0,0,0,-485000,0,0,0,1000,486000,-485000,-485000
2363,矽統            ,1460000,1918000,-458000,0,0,0,0,0,0,-30000,0,30000,-30000,0,0,0,-488000
08201P,祥碩元大9B售09  ,0,0,0,0,0,0,0,0,0,-490000,0,0,0,40000,530000,-490000,-490000
056232,瑞儀凱基98購01  ,0,0,0,0,0,0,0,0,0,-490000,0,0,0,0,490000,-490000,-490000
064453,微星統一02購01  ,0,0,0,0,0,0,0,0,0,-491000,0,0,0,436000,927000,-491000,-491000
08393P,鴻海群益9C售05  ,0,0,0,0,0,0,0,0,0,-493000,0,0,0,0,493000,-493000,-493000
3019,亞光            ,508000,963000,-455000,0,0,0,0,0,0,-38000,110000,135000,-25000,33000,46000,-13000,-493000
08299P,玉晶光國票02售01,10000,0,10000,0,0,0,0,0,0,-505000,0,0,0,214000,719000,-505000,-495000
2903,遠百            ,175000,645000,-470000,0,0,0,0,0,0,-25000,1000,26000,-25000,0,0,0,-495000
2453,凌群            ,262000,751000,-489000,0,0,0,0,7014,-7014,0,0,0,0,0,0,0,-496014
065621,聯發科第一9C購01,0,0,0,0,0,0,0,0,0,-497000,0,0,0,143000,640000,-497000,-497000
2360,致茂            ,317000,785945,-468945,0,0,0,73000,1000,72000,-101000,10000,55000,-45000,8000,64000,-56000,-497945
067097,為升群益01購01  ,0,0,0,0,0,0,0,0,0,-498000,0,0,0,31000,529000,-498000,-498000
00774C,新光中政金綠債+R,0,0,0,0,0,0,0,0,0,-500000,0,0,0,0,500000,-500000,-500000
066137,智易群益01購01  ,0,0,0,0,0,0,0,0,0,-500000,0,0,0,135000,635000,-500000,-500000
059580,大立光元富99購07,0,0,0,0,0,0,0,0,0,-501000,0,0,0,2000,503000,-501000,-501000
08306P,台積電凱基01售04,0,0,0,0,0,0,0,0,0,-503000,0,0,0,0,503000,-503000,-503000
066748,同欣電元大01購03,30000,50000,-20000,0,0,0,0,0,0,-484000,0,0,0,206000,690000,-484000,-504000
05749P,臺股指群益99售03,0,0,0,0,0,0,0,0,0,-504000,0,0,0,614000,1118000,-504000,-504000
4904,遠傳            ,840084,1216390,-376306,0,0,0,14000,0,14000,-144000,39000,176000,-137000,0,7000,-7000,-506306
8926,台汽電          ,120000,530000,-410000,0,0,0,2000,0,2000,-100000,8000,10000,-2000,0,98000,-98000,-508000
056211,南港國票98購01  ,0,0,0,0,0,0,0,0,0,-510000,0,0,0,11000,521000,-510000,-510000
2002,中鋼            ,5460748,6017161,-556413,0,0,0,67000,0,67000,-21000,36000,57000,-21000,0,0,0,-510413
00662,富邦NASDAQ      ,0,1000,-1000,0,0,0,0,0,0,-510000,0,0,0,55000,565000,-510000,-511000
6282,康舒            ,1724000,3298000,-1574000,0,0,0,766000,0,766000,293000,218000,102000,116000,307000,130000,177000,-515000
065964,鴻海元大02購01  ,0,0,0,0,0,0,0,0,0,-517000,0,0,0,401000,918000,-517000,-517000
062665,智易群益9B購01  ,0,0,0,0,0,0,0,0,0,-518000,0,0,0,0,518000,-518000,-518000
065048,世芯凱基01購01  ,0,0,0,0,0,0,0,0,0,-518000,0,0,0,111000,629000,-518000,-518000
061852,大立光國票9B購02,0,0,0,0,0,0,0,0,0,-520000,0,0,0,40000,560000,-520000,-520000
066014,嘉晶元富07購01  ,0,0,0,0,0,0,0,0,0,-523000,0,0,0,183000,706000,-523000,-523000
066826,聯發科群益02購03,0,0,0,0,0,0,0,0,0,-529000,0,0,0,23000,552000,-529000,-529000
06983P,台積電國泰9A售02,0,0,0,0,0,0,0,0,0,-529000,0,0,0,0,529000,-529000,-529000
065010,國巨國泰01購04  ,0,0,0,0,0,0,0,0,0,-529000,0,0,0,47000,576000,-529000,-529000
065539,瑞儀統一01購01  ,0,0,0,0,0,0,0,0,0,-529000,0,0,0,100000,629000,-529000,-529000
07128P,大毅元大99售04  ,0,0,0,0,0,0,0,0,0,-530000,0,0,0,30000,560000,-530000,-530000
064689,台積電群益9C購09,0,0,0,0,0,0,0,0,0,-530000,0,0,0,436000,966000,-530000,-530000
061702,奇鋐國票9A購02  ,0,0,0,0,0,0,0,0,0,-533000,0,0,0,5000,538000,-533000,-533000
06933P,禾伸堂元大98售03,0,0,0,0,0,0,0,0,0,-535000,0,0,0,20000,555000,-535000,-535000
058811,台積電統一9A購05,0,0,0,0,0,0,0,0,0,-536000,0,0,0,431000,967000,-536000,-536000
062549,中租永豐9B購01  ,0,0,0,0,0,0,0,0,0,-536000,0,0,0,68000,604000,-536000,-536000
060695,同欣電麥證9A購01,50000,0,50000,34000,661000,-627000,0,0,0,-587000,0,0,0,83000,670000,-587000,-537000
057486,美律元大98購04  ,0,0,0,0,0,0,0,0,0,-539000,0,0,0,0,539000,-539000,-539000
057694,臺股指凱基98購12,0,0,0,0,0,0,0,0,0,-543000,0,0,0,27000,570000,-543000,-543000
060387,盛群凱基9A購01  ,0,0,0,0,0,0,0,0,0,-545000,0,0,0,0,545000,-545000,-545000
062982,同欣電元富9B購01,0,0,0,0,0,0,0,0,0,-547000,0,0,0,377000,924000,-547000,-547000
066954,聯詠元大01購04  ,0,0,0,0,0,0,0,0,0,-548000,0,0,0,56000,604000,-548000,-548000
2809,京城銀          ,152000,580000,-428000,0,0,0,4000,0,4000,-124000,0,19000,-19000,0,105000,-105000,-548000
08562P,南電國票01售03  ,0,0,0,0,0,0,0,0,0,-549000,0,0,0,135000,684000,-549000,-549000
066827,聯發科群益02購04,0,0,0,0,0,0,0,0,0,-550000,0,0,0,51000,601000,-550000,-550000
8112,至上            ,330000,814000,-484000,0,0,0,0,37307,-37307,-30000,1000,31000,-30000,0,0,0,-551307
066629,國揚凱基01購01  ,0,0,0,0,0,0,0,0,0,-552000,0,0,0,1000,553000,-552000,-552000
5522,遠雄            ,103000,619000,-516000,0,0,0,0,29937,-29937,-8000,5000,13000,-8000,0,0,0,-553937
065194,和大元富9C購01  ,0,0,0,0,0,0,0,0,0,-558000,0,0,0,26000,584000,-558000,-558000
065118,國巨富邦01購02  ,0,0,0,0,0,0,0,0,0,-559000,0,0,0,42000,601000,-559000,-559000
055976,台積電統一99購03,0,0,0,0,0,0,0,0,0,-560000,0,0,0,0,560000,-560000,-560000
065353,GIS統一02購03   ,0,0,0,0,0,0,0,0,0,-560000,0,0,0,942000,1502000,-560000,-560000
060821,SP黃豆元大9A購02,0,0,0,0,0,0,0,0,0,-568000,0,0,0,23000,591000,-568000,-568000
043442,大立光台新01購01,0,0,0,0,0,0,0,0,0,-570000,0,0,0,0,570000,-570000,-570000
3443,創意            ,1102500,1777000,-674500,0,0,0,126000,36500,89500,15000,110000,101000,9000,32000,26000,6000,-570000
054803,味全元大9A購01  ,0,0,0,0,0,0,0,0,0,-571000,0,0,0,340000,911000,-571000,-571000
065686,同欣電統一03購01,0,0,0,0,0,0,0,0,0,-572000,0,0,0,0,572000,-572000,-572000
065850,緯創元大9C購06  ,0,0,0,0,0,0,0,0,0,-573000,0,0,0,113000,686000,-573000,-573000
062927,同欣電國票9B購02,0,0,0,0,0,0,0,0,0,-578000,0,0,0,55000,633000,-578000,-578000
057440,台積電統一98購10,0,0,0,0,0,0,0,0,0,-582000,0,0,0,1055000,1637000,-582000,-582000
4142,國光生          ,1461000,2039000,-578000,0,0,0,0,0,0,-5000,0,5000,-5000,0,0,0,-583000
064204,瑞儀兆豐01購01  ,0,0,0,0,0,0,0,0,0,-587000,0,0,0,0,587000,-587000,-587000
2425,承啟            ,576000,1163000,-587000,0,0,0,0,0,0,0,0,0,0,0,0,0,-587000
2542,興富發          ,715380,1105000,-389620,0,0,0,0,108296,-108296,-91000,2000,34000,-32000,32000,91000,-59000,-588916
057685,台灣50凱基9C購01,0,0,0,0,0,0,0,0,0,-590000,0,0,0,0,590000,-590000,-590000
066777,群創富邦01購01  ,0,0,0,0,0,0,0,0,0,-592000,0,0,0,0,592000,-592000,-592000
066723,聯電元大02購01  ,0,0,0,0,0,0,0,0,0,-592000,0,0,0,131000,723000,-592000,-592000
06466P,台積電統一9B售01,0,0,0,0,0,0,0,0,0,-592000,0,0,0,0,592000,-592000,-592000
065193,和大元富03購02  ,0,0,0,0,0,0,0,0,0,-594000,0,0,0,121000,715000,-594000,-594000
057385,光罩永豐99購01  ,0,0,0,0,0,0,0,0,0,-595000,0,0,0,18000,613000,-595000,-595000
07224P,鴻海元大9A售02  ,0,0,0,0,0,0,0,0,0,-596000,0,0,0,0,596000,-596000,-596000
059123,訊芯永豐99購03  ,0,0,0,0,0,0,0,0,0,-596000,0,0,0,34000,630000,-596000,-596000
066420,宏達電元大02購01,0,0,0,0,0,0,0,0,0,-597000,0,0,0,106000,703000,-597000,-597000
054371,台積電中信9C購01,0,0,0,0,0,0,0,0,0,-599000,0,0,0,10000,609000,-599000,-599000
061796,興勤永豐9B購01  ,0,0,0,0,0,0,0,0,0,-599000,0,0,0,10000,609000,-599000,-599000
066822,泰豐群益01購01  ,0,0,0,0,0,0,0,0,0,-605000,0,0,0,0,605000,-605000,-605000
057675,同欣電元大98購02,0,0,0,0,0,0,0,0,0,-608000,0,0,0,10000,618000,-608000,-608000
066519,達方永豐01購01  ,0,0,0,0,0,0,0,0,0,-611000,0,0,0,0,611000,-611000,-611000
2404,漢唐            ,315000,901527,-586527,0,0,0,0,1000,-1000,-28000,6000,14000,-8000,17000,37000,-20000,-615527
1513,中興電          ,750000,1144000,-394000,0,0,0,0,0,0,-222000,9000,18000,-9000,8000,221000,-213000,-616000
066529,巨大統一03購01  ,0,0,0,0,0,0,0,0,0,-619000,0,0,0,150000,769000,-619000,-619000
064935,寶成統一02購02  ,0,0,0,0,0,0,0,0,0,-622000,0,0,0,589000,1211000,-622000,-622000
6116,彩晶            ,1061000,1376000,-315000,0,0,0,0,0,0,-308000,2000,98000,-96000,77000,289000,-212000,-623000
067005,盟立永豐01購04  ,0,0,0,0,0,0,0,0,0,-624000,0,0,0,50000,674000,-624000,-624000
9921,巨大            ,894968,1495000,-600032,0,0,0,81000,101000,-20000,-4000,24000,5000,19000,16000,39000,-23000,-624032
00875,國泰網路資安    ,1000,0,1000,0,0,0,0,0,0,-635000,0,0,0,351000,986000,-635000,-634000
065648,華擎元大01購02  ,0,0,0,0,0,0,0,0,0,-635000,0,0,0,111000,746000,-635000,-635000
3380,明泰            ,1367000,1726000,-359000,0,0,0,0,0,0,-277000,0,262000,-262000,0,15000,-15000,-636000
056089,同欣電統一98購01,0,0,0,0,0,0,0,0,0,-640000,0,0,0,0,640000,-640000,-640000
006208,富邦台50        ,317,0,317,0,0,0,0,0,0,-641000,0,0,0,263000,904000,-641000,-640683
067278,申豐統一02購03  ,0,0,0,0,0,0,0,0,0,-643000,0,0,0,102000,745000,-643000,-643000
066314,台橡永豐01購01  ,0,0,0,0,0,0,0,0,0,-644000,0,0,0,54000,698000,-644000,-644000
063680,寶成富邦9C購01  ,0,0,0,0,0,0,0,0,0,-644000,0,0,0,450000,1094000,-644000,-644000
3708,上緯投控        ,468000,1182000,-714000,0,0,0,168000,24000,144000,-80000,2000,1000,1000,12000,93000,-81000,-650000
058664,百和兆豐99購01  ,0,0,0,0,0,0,0,0,0,-651000,0,0,0,5000,656000,-651000,-651000
067275,聯發科統一02購07,0,0,0,0,0,0,0,0,0,-654000,0,0,0,0,654000,-654000,-654000
00650L,FH香港正2       ,131000,124000,7000,0,0,0,0,0,0,-664000,0,0,0,266000,930000,-664000,-657000
064163,康控統一01購01  ,0,0,0,0,0,0,0,0,0,-657000,0,0,0,303000,960000,-657000,-657000
064165,同欣電統一01購01,0,0,0,0,0,0,0,0,0,-657000,0,0,0,462000,1119000,-657000,-657000
1217,愛之味          ,167000,830000,-663000,0,0,0,0,0,0,0,0,0,0,0,0,0,-663000
067130,泰豐永豐01購02  ,0,0,0,0,0,0,0,0,0,-672000,0,0,0,0,672000,-672000,-672000
058584,百和群益9A購01  ,0,0,0,0,0,0,0,0,0,-674000,0,0,0,0,674000,-674000,-674000
064784,祥碩群益9C購01  ,0,0,0,0,0,0,0,0,0,-674000,0,0,0,62000,736000,-674000,-674000
3006,晶豪科          ,481154,1122000,-640846,0,0,0,0,0,0,-37000,7000,16000,-9000,0,28000,-28000,-677846
5871,中租-KY         ,1199360,2094100,-894740,0,0,0,173000,0,173000,39000,16000,8000,8000,32000,1000,31000,-682740
067008,康舒永豐01購01  ,0,0,0,0,0,0,0,0,0,-683000,0,0,0,779000,1462000,-683000,-683000
6230,超眾            ,176000,619000,-443000,0,0,0,34000,0,34000,-274000,9000,46000,-37000,12000,249000,-237000,-683000
064768,仁寶中信03購01  ,0,0,0,0,0,0,0,0,0,-688000,0,0,0,11000,699000,-688000,-688000
6202,盛群            ,449000,1137000,-688000,0,0,0,0,1000,-1000,-1000,1000,7000,-6000,13000,8000,5000,-690000
054633,臺股指凱基9A購02,0,0,0,0,0,0,0,0,0,-691000,0,0,0,179000,870000,-691000,-691000
063980,智易兆豐9C購02  ,0,0,0,0,0,0,0,0,0,-696000,0,0,0,10000,706000,-696000,-696000
063285,華擎元大9B購03  ,0,0,0,0,0,0,0,0,0,-701000,0,0,0,60000,761000,-701000,-701000
063435,儒鴻統一01購02  ,0,0,0,0,0,0,0,0,0,-713000,0,0,0,183000,896000,-713000,-713000
065519,台勝科群益9C購02,0,0,0,0,0,0,0,0,0,-723000,0,0,0,2000,725000,-723000,-723000
062537,聯電國泰9C購01  ,0,0,0,0,0,0,0,0,0,-726000,0,0,0,312000,1038000,-726000,-726000
064809,冠德元大9C購01  ,0,0,0,0,0,0,0,0,0,-727000,0,0,0,748000,1475000,-727000,-727000
2448,晶電            ,4362936,3695000,667936,0,0,0,0,940000,-940000,-455000,368000,813000,-445000,0,10000,-10000,-727064
058149,百和元大99購02  ,0,0,0,0,0,0,0,0,0,-737000,0,0,0,0,737000,-737000,-737000
065641,台積電元大9C購12,0,0,0,0,0,0,0,0,0,-741000,0,0,0,1221000,1962000,-741000,-741000
07094P,華通國票9A售03  ,0,0,0,0,0,0,0,0,0,-748000,0,0,0,0,748000,-748000,-748000
060195,旭富元富9A購02  ,0,0,0,0,0,0,0,0,0,-749000,0,0,0,98000,847000,-749000,-749000
065126,世芯永豐9C購02  ,0,0,0,0,0,0,0,0,0,-749000,0,0,0,0,749000,-749000,-749000
063494,金像電富邦9B購01,0,0,0,0,0,0,0,0,0,-751000,0,0,0,695000,1446000,-751000,-751000
08740P,創意康和01售03  ,0,0,0,0,0,0,0,0,0,-753000,0,0,0,134000,887000,-753000,-753000
065306,泰鼎元富9C購02  ,0,0,0,0,0,0,0,0,0,-771000,0,0,0,10000,781000,-771000,-771000
063934,寶成統一02購01  ,0,0,0,0,0,0,0,0,0,-772000,0,0,0,73000,845000,-772000,-772000
2455,全新            ,188000,798000,-610000,0,0,0,0,0,0,-166000,1000,15000,-14000,14000,166000,-152000,-776000
067073,國揚元大01購02  ,0,0,0,0,0,0,0,0,0,-784000,0,0,0,0,784000,-784000,-784000
06025P,臺股指元大99售02,0,0,0,0,0,0,0,0,0,-787000,0,0,0,12000,799000,-787000,-787000
066930,台積電國票02購01,0,0,0,0,0,0,0,0,0,-790000,0,0,0,318000,1108000,-790000,-790000
2393,億光            ,314000,1024000,-710000,0,0,0,0,0,0,-83000,2000,18000,-16000,2000,69000,-67000,-793000
066468,申豐統一02購01  ,0,0,0,0,0,0,0,0,0,-799000,0,0,0,71000,870000,-799000,-799000
064466,聯電元富9C購01  ,0,0,0,0,0,0,0,0,0,-804000,0,0,0,234000,1038000,-804000,-804000
2367,燿華            ,1091000,1186000,-95000,0,0,0,0,0,0,-714000,41000,29000,12000,44000,770000,-726000,-809000
00672L,元大S&P原油正2  ,0,0,0,0,0,0,0,0,0,-810000,0,0,0,15000,825000,-810000,-810000
065912,瑞祺永豐9C購02  ,0,0,0,0,0,0,0,0,0,-815000,0,0,0,57000,872000,-815000,-815000
03840P,台積電統一99售02,0,0,0,0,0,0,0,0,0,-825000,0,0,0,0,825000,-825000,-825000
065839,鴻海元大9C購17  ,0,0,0,0,0,0,0,0,0,-829000,0,0,0,116000,945000,-829000,-829000
2454,聯發科          ,2974467,3839710,-865243,0,0,0,7000,16000,-9000,41000,38000,39000,-1000,56000,14000,42000,-833243
065017,和大富邦03購01  ,0,0,0,0,0,0,0,0,0,-836000,0,0,0,133000,969000,-836000,-836000
065541,GIS統一01購05   ,0,0,0,0,0,0,0,0,0,-837000,0,0,0,630000,1467000,-837000,-837000
1434,福懋            ,2092616,2384000,-291384,0,0,0,0,439000,-439000,-112000,0,23000,-23000,0,89000,-89000,-842384
065975,緯創元大02購01  ,0,0,0,0,0,0,0,0,0,-854000,0,0,0,249000,1103000,-854000,-854000
064612,聯電元大01購01  ,0,0,0,0,0,0,0,0,0,-864000,0,0,0,141000,1005000,-864000,-864000
00655L,國泰中國A50正2  ,625000,504000,121000,0,0,0,0,0,0,-990000,0,0,0,3405000,4395000,-990000,-869000
063484,達方元大9B購01  ,0,0,0,0,0,0,0,0,0,-883000,0,0,0,324000,1207000,-883000,-883000
065457,旭富元富03購01  ,0,0,0,0,0,0,0,0,0,-896000,0,0,0,68000,964000,-896000,-896000
1517,利奇            ,555000,1457000,-902000,0,0,0,0,0,0,-2000,3000,5000,-2000,0,0,0,-904000
3049,和鑫            ,584000,1464000,-880000,0,0,0,0,0,0,-29000,9000,33000,-24000,0,5000,-5000,-909000
2365,昆盈            ,335000,1267000,-932000,0,0,0,0,0,0,19000,21000,2000,19000,0,0,0,-913000
062388,旭富國泰01購01  ,0,0,0,0,0,0,0,0,0,-914000,0,0,0,351000,1265000,-914000,-914000
064928,同欣電統一01購02,0,0,0,0,0,0,0,0,0,-922000,0,0,0,387000,1309000,-922000,-922000
3045,台灣大          ,1082148,2987978,-1905830,0,0,0,1072000,0,1072000,-91000,333000,424000,-91000,0,0,0,-924830
2489,瑞軒            ,2115000,3211000,-1096000,0,0,0,0,0,0,171000,249000,78000,171000,0,0,0,-925000
2498,宏達電          ,1094176,1952298,-858122,0,0,0,0,0,0,-71000,1000,34000,-33000,89000,127000,-38000,-929122
059950,百和永豐99購02  ,0,0,0,0,0,0,0,0,0,-940000,0,0,0,0,940000,-940000,-940000
065415,台積電兆豐9C購05,0,0,0,0,0,0,0,0,0,-947000,0,0,0,376000,1323000,-947000,-947000
064978,群創元大9C購07  ,0,0,0,0,0,0,0,0,0,-952000,0,0,0,91000,1043000,-952000,-952000
063592,瑞祺永豐9B購02  ,0,0,0,0,0,0,0,0,0,-958000,0,0,0,133000,1091000,-958000,-958000
08276P,可成元富9C售02  ,0,0,0,0,0,0,0,0,0,-968000,0,0,0,30000,998000,-968000,-968000
063250,同欣電元大9B購03,0,0,0,0,0,0,0,0,0,-969000,0,0,0,218000,1187000,-969000,-969000
064420,台積電兆豐9C購03,0,0,0,0,0,0,0,0,0,-1013000,0,0,0,1020000,2033000,-1013000,-1013000
055975,鴻海統一98購05  ,0,0,0,0,0,0,0,0,0,-1018000,0,0,0,998000,2016000,-1018000,-1018000
053118,大立光中信9C購01,0,0,0,0,0,0,0,0,0,-1035000,0,0,0,0,1035000,-1035000,-1035000
057269,鈺齊兆豐98購01  ,0,0,0,0,0,0,0,0,0,-1047000,0,0,0,193000,1240000,-1047000,-1047000
1515,力山            ,181000,1108000,-927000,0,0,0,0,0,0,-126000,34000,2000,32000,40000,198000,-158000,-1053000
066313,泰豐永豐01購01  ,0,0,0,0,0,0,0,0,0,-1055000,0,0,0,17000,1072000,-1055000,-1055000
066737,創意元大01購05  ,0,0,0,0,0,0,0,0,0,-1060000,0,0,0,141000,1201000,-1060000,-1060000
2889,國票金          ,602000,1709000,-1107000,0,0,0,0,0,0,46000,102000,56000,46000,0,0,0,-1061000
2301,光寶科          ,3262618,4692032,-1429414,0,0,0,1357000,392000,965000,-625000,34000,581000,-547000,0,78000,-78000,-1089414
1227,佳格            ,327788,1423941,-1096153,0,0,0,60000,1000,59000,-57000,28000,79000,-51000,0,6000,-6000,-1094153
3450,聯鈞            ,400000,1074000,-674000,0,0,0,0,377000,-377000,-45000,5000,3000,2000,34000,81000,-47000,-1096000
065847,嘉晶元大9C購03  ,0,0,0,0,0,0,0,0,0,-1105000,0,0,0,66000,1171000,-1105000,-1105000
056584,鴻海統一9B購01  ,10000,10000,0,0,0,0,0,0,0,-1117000,0,0,0,1801000,2918000,-1117000,-1117000
2614,東森            ,936000,2058000,-1122000,0,0,0,0,0,0,5000,2000,10000,-8000,15000,2000,13000,-1117000
2376,技嘉            ,1375000,2539000,-1164000,0,0,0,54442,0,54442,-12000,473000,270000,203000,30000,245000,-215000,-1121558
066105,松翰國票01購01  ,0,0,0,0,0,0,0,0,0,-1124000,0,0,0,245000,1369000,-1124000,-1124000
065984,緯創富邦03購01  ,0,0,0,0,0,0,0,0,0,-1141000,0,0,0,620000,1761000,-1141000,-1141000
6196,帆宣            ,459000,1368000,-909000,0,0,0,0,0,0,-243000,21000,105000,-84000,12000,171000,-159000,-1152000
063976,正崴兆豐9C購01  ,0,0,0,0,0,0,0,0,0,-1156000,0,0,0,35000,1191000,-1156000,-1156000
064037,寶成元大9C購02  ,0,0,0,0,0,0,0,0,0,-1156000,0,0,0,378000,1534000,-1156000,-1156000
065529,聯發科中信01購04,0,0,0,0,0,0,0,0,0,-1168000,0,0,0,544000,1712000,-1168000,-1168000
062986,T50反1中信02購01,0,0,0,0,0,0,0,0,0,-1174000,0,0,0,24000,1198000,-1174000,-1174000
00692,富邦公司治理    ,19000,15000,4000,0,0,0,0,0,0,-1206000,0,0,0,1268000,2474000,-1206000,-1202000
054546,玉晶光中信9B購01,0,0,0,0,0,0,0,0,0,-1222000,0,0,0,1501000,2723000,-1222000,-1222000
064593,鈺齊永豐9C購01  ,0,0,0,0,0,0,0,0,0,-1246000,0,0,0,103000,1349000,-1246000,-1246000
2880,華南金          ,3187924,4382049,-1194125,0,0,0,52000,0,52000,-110000,1000,111000,-110000,0,0,0,-1252125
4938,和碩            ,1700370,1945000,-244630,0,0,0,1245000,252000,993000,-2008000,0,1991000,-1991000,66000,83000,-17000,-1259630
064725,緯創統一02購01  ,0,0,0,0,0,0,0,0,0,-1268000,0,0,0,52000,1320000,-1268000,-1268000
065685,同欣電統一01購04,0,0,0,0,0,0,0,0,0,-1278000,0,0,0,196000,1474000,-1278000,-1278000
066501,鴻海富邦03購01  ,0,0,0,0,0,0,0,0,0,-1281000,0,0,0,542000,1823000,-1281000,-1281000
061357,寶成元大9A購01  ,0,0,0,0,0,0,0,0,0,-1296000,0,0,0,273000,1569000,-1296000,-1296000
2345,智邦            ,1363144,2262475,-899331,0,0,0,0,205824,-205824,-208000,84000,273000,-189000,10000,29000,-19000,-1313155
2312,金寶            ,3700000,4963000,-1263000,0,0,0,0,0,0,-61000,2000,54000,-52000,9000,18000,-9000,-1324000
2338,光罩            ,616000,1869000,-1253000,0,0,0,0,14597,-14597,-69000,3000,8000,-5000,23000,87000,-64000,-1336597
08464P,牧德永豐9C售02  ,0,0,0,0,0,0,0,0,0,-1350000,0,0,0,409000,1759000,-1350000,-1350000
1216,統一            ,3507525,4783459,-1275934,0,0,0,25000,100000,-75000,-8000,0,10000,-10000,8000,6000,2000,-1358934
066253,泰豐元大01購01  ,0,0,0,0,0,0,0,0,0,-1374000,0,0,0,203000,1577000,-1374000,-1374000
4414,如興            ,2561000,3932000,-1371000,0,0,0,0,0,0,-14000,3000,17000,-14000,0,0,0,-1385000
065447,緯創統一02購02  ,0,0,0,0,0,0,0,0,0,-1404000,0,0,0,107000,1511000,-1404000,-1404000
07532P,台灣50中信01售02,0,0,0,0,0,0,0,0,0,-1428000,0,0,0,0,1428000,-1428000,-1428000
00671R,富邦NASDAQ反1   ,46000,30000,16000,0,0,0,0,0,0,-1483000,0,0,0,262000,1745000,-1483000,-1467000
8150,南茂            ,1136000,2734000,-1598000,0,0,0,59000,0,59000,38000,0,31000,-31000,97000,28000,69000,-1501000
08636P,華通國票01售03  ,0,0,0,0,0,0,0,0,0,-1516000,0,0,0,64000,1580000,-1516000,-1516000
066891,鴻海兆豐04購01  ,0,0,0,0,0,0,0,0,0,-1535000,0,0,0,85000,1620000,-1535000,-1535000
3026,禾伸堂          ,381000,1120000,-739000,0,0,0,0,0,0,-853000,0,813000,-813000,24000,64000,-40000,-1592000
1210,大成            ,409180,1865000,-1455820,0,0,0,0,200000,-200000,52000,155000,105000,50000,23000,21000,2000,-1603820
2409,友達            ,16891264,14498246,2393018,0,0,0,0,2496000,-2496000,-1538000,14000,823000,-809000,47000,776000,-729000,-1640982
050077,臺股指凱基99購02,0,0,0,0,0,0,0,0,0,-1646000,0,0,0,528000,2174000,-1646000,-1646000
07071P,立積元富99售01  ,0,0,0,0,0,0,0,0,0,-1665000,0,0,0,10000,1675000,-1665000,-1665000
066688,台積電元富07購01,0,0,0,0,0,0,0,0,0,-1681000,0,0,0,228000,1909000,-1681000,-1681000
065838,鴻海元大03購01  ,0,0,0,0,0,0,0,0,0,-1714000,0,0,0,685000,2399000,-1714000,-1714000
047564,滬深2X國票99購01,0,0,0,0,0,0,0,0,0,-1757000,0,0,0,1514000,3271000,-1757000,-1757000
06328P,台積電中信01售02,0,0,0,0,0,0,0,0,0,-1772000,0,0,0,0,1772000,-1772000,-1772000
1301,台塑            ,2453986,2576381,-122395,0,0,0,27000,69000,-42000,-1643000,40000,1692000,-1652000,26000,17000,9000,-1807395
5471,松翰            ,816000,2396000,-1580000,0,0,0,0,14223,-14223,-249000,0,123000,-123000,56000,182000,-126000,-1843223
3711,日月光投控      ,3231228,5266000,-2034772,0,0,0,235000,130000,105000,-13000,139000,134000,5000,3000,21000,-18000,-1942772
062809,同欣電統一9C購01,0,0,0,0,0,0,0,0,0,-1971000,0,0,0,201000,2172000,-1971000,-1971000
00642U,元大S&P石油     ,457000,0,457000,0,0,0,0,0,0,-2436000,0,0,0,99000,2535000,-2436000,-1979000
08657P,牧德群益9C售02  ,0,0,0,0,0,0,0,0,0,-2082000,0,0,0,107000,2189000,-2082000,-2082000
061901,柏文永豐9B購01  ,0,0,0,0,0,0,0,0,0,-2085000,0,0,0,109000,2194000,-2085000,-2085000
3037,欣興            ,3208000,5535000,-2327000,0,0,0,129000,21000,108000,120000,306000,192000,114000,50000,44000,6000,-2099000
2408,南亞科          ,8163376,11195000,-3031624,0,0,0,1227000,3000,1224000,-299000,38000,324000,-286000,87000,100000,-13000,-2106624
9103,美德醫療-DR     ,347000,1000,346000,0,0,0,0,0,0,-2459000,0,0,0,100000,2559000,-2459000,-2113000
1102,亞泥            ,3876152,7258359,-3382207,0,0,0,1014000,100000,914000,311000,733000,300000,433000,0,122000,-122000,-2157207
064237,奇鋐統一01購01  ,0,0,0,0,0,0,0,0,0,-2177000,0,0,0,672000,2849000,-2177000,-2177000
065352,GIS統一01購04   ,0,0,0,0,0,0,0,0,0,-2220000,0,0,0,999000,3219000,-2220000,-2220000
6239,力成            ,1089866,4223200,-3133334,0,0,0,852000,0,852000,21000,35000,8000,27000,6000,12000,-6000,-2260334
00876,元大未來關鍵科技,138000,3000,135000,0,0,0,0,0,0,-2405000,0,0,0,1462000,3867000,-2405000,-2270000
053564,台積電富邦99購01,0,0,0,0,0,0,0,0,0,-2297000,0,0,0,0,2297000,-2297000,-2297000
2888,新光金          ,8356399,10211543,-1855144,0,0,0,56000,0,56000,-657000,10000,79000,-69000,142000,730000,-588000,-2456144
065448,緯創統一9C購01  ,0,0,0,0,0,0,0,0,0,-2484000,0,0,0,59000,2543000,-2484000,-2484000
4915,致伸            ,1810000,4514000,-2704000,0,0,0,118000,0,118000,76000,115000,10000,105000,6000,35000,-29000,-2510000
067147,台積電統一04購01,0,0,0,0,0,0,0,0,0,-2560000,0,0,0,158000,2718000,-2560000,-2560000
055205,京鼎中信99購01  ,0,0,0,0,0,0,0,0,0,-2826000,0,0,0,0,2826000,-2826000,-2826000
3042,晶技            ,1023000,4199000,-3176000,0,0,0,822000,29712,792288,-528000,210000,220000,-10000,44000,562000,-518000,-2911712
5876,上海商銀        ,826484,3291000,-2464516,0,0,0,0,0,0,-548000,3000,320000,-317000,63000,294000,-231000,-3012516
00693U,街口S&P黃豆     ,42000,606000,-564000,0,0,0,0,0,0,-2687000,0,0,0,39000,2726000,-2687000,-3251000
2891,中信金          ,14721632,17728139,-3006507,0,0,0,2997000,0,2997000,-3279000,56000,3316000,-3260000,0,19000,-19000,-3288507
2633,台灣高鐵        ,1607852,5211000,-3603148,0,0,0,11000,0,11000,-86000,181000,25000,156000,14000,256000,-242000,-3678148
9945,潤泰新          ,1327048,3566000,-2238952,0,0,0,75000,0,75000,-1570000,51000,337000,-286000,19000,1303000,-1284000,-3733952
2823,中壽            ,2323044,6036110,-3713066,0,0,0,20000,0,20000,-695000,1000,809000,-808000,305000,192000,113000,-4388066
2449,京元電子        ,3865000,8930000,-5065000,0,0,0,0,210000,-210000,230000,367000,37000,330000,147000,247000,-100000,-5045000
2887,台新金          ,8050492,13100319,-5049827,0,0,0,46000,0,46000,-213000,0,174000,-174000,0,39000,-39000,-5216827
2884,玉山金          ,7996132,13854818,-5858686,0,0,0,50000,0,50000,-65000,15000,82000,-67000,19000,17000,2000,-5873686
2885,元大金          ,11532832,15876477,-4343645,0,0,0,50000,0,50000,-1920000,20000,1930000,-1910000,0,10000,-10000,-6213645
2344,華邦電          ,2745744,9352000,-6606256,0,0,0,0,1032000,-1032000,-204000,134000,404000,-270000,141000,75000,66000,-7842256
00633L,富邦上証正2     ,677000,6214000,-5537000,0,0,0,0,0,0,-2534000,0,0,0,4672000,7206000,-2534000,-8071000
00653L,富邦印度正2     ,426000,3462000,-3036000,0,0,0,0,0,0,-6069000,0,0,0,2651000,8720000,-6069000,-9105000
1101,台泥            ,6311872,19135462,-12823590,0,0,0,1441000,881000,560000,178000,418000,153000,265000,17000,104000,-87000,-12085590
3481,群創            ,12455194,28178748,-15723554,0,0,0,0,0,0,275000,1917000,308000,1609000,504000,1838000,-1334000,-15448554
2330,台積電          ,26274006,43674052,-17400046,0,0,0,332000,333000,-1000,929000,572000,556000,16000,1336000,423000,913000,-16472046
2324,仁寶            ,8535936,37689000,-29153064,0,0,0,6850000,0,6850000,2581000,478000,311000,167000,2637000,223000,2414000,-19722064
00637L,元大滬深300正2  ,6704000,19123000,-12419000,0,0,0,0,0,0,-25224000,100000,0,100000,33629000,58953000,-25324000,-37643000
00677U,富邦VIX         ,10086000,47315000,-37229000,0,0,0,0,0,0,-29906000,0,1100000,-1100000,5211000,34017000,-28806000,-67135000
