證券代號,證券名稱,外陸資買進股數(不含外資自營商),外陸資賣出股數(不含外資自營商),外陸資買賣超股數(不含外資自營商),外資自營商買進股數,外資自營商賣出股數,外資自營商買賣超股數,投信買進股數,投信賣出股數,投信買賣超股數,自營商買賣超股數,自營商買進股數(自行買賣),自營商賣出股數(自行買賣),自營商買賣超股數(自行買賣),自營商買進股數(避險),自營商賣出股數(避險),自營商買賣超股數(避險),三大法人買賣超股數
3481,群創            ,59604962,41272576,18332386,0,0,0,3000000,158000,2842000,-4173000,244000,1142000,-898000,1318000,4593000,-3275000,17001386
2409,友達            ,46332000,29923589,16408411,0,0,0,5740000,172000,5568000,-5196000,702000,1342000,-640000,400000,4956000,-4556000,16780411
2330,台積電          ,32436937,16394767,16042170,0,0,0,446000,592000,-146000,-1404000,146000,498000,-352000,255000,1307000,-1052000,14492170
3189,景碩            ,18132000,8903000,9229000,0,0,0,4523000,1113000,3410000,190000,714000,436000,278000,491000,579000,-88000,12829000
3037,欣興            ,28204000,17983000,10221000,0,0,0,3045000,3000,3042000,-455000,2088000,1714000,374000,511000,1340000,-829000,12808000
00861,元大全球未來通訊,738000,1378000,-640000,0,0,0,0,0,0,9869000,0,2088000,-2088000,13050000,1093000,11957000,9229000
00653L,富邦印度正2     ,2153000,175000,1978000,0,0,0,0,0,0,5826000,0,0,0,9428000,3602000,5826000,7804000
051733,中環國票96購02  ,0,0,0,0,0,0,0,0,0,6216000,0,0,0,6216000,0,6216000,6216000
4938,和碩            ,11893000,6961872,4931128,0,0,0,211000,53000,158000,342000,336000,6000,330000,131000,119000,12000,5431128
2313,華通            ,8576000,2643000,5933000,0,0,0,513000,0,513000,-1038000,908000,1015000,-107000,222000,1153000,-931000,5408000
2317,鴻海            ,21004600,15442341,5562259,0,0,0,550000,26000,524000,-793000,52000,107000,-55000,176000,914000,-738000,5293259
3673,TPK-KY          ,6837000,2210000,4627000,0,0,0,0,0,0,639000,88000,104000,-16000,828000,173000,655000,5266000
00708L,元大S&P黃金正2  ,0,0,0,0,0,0,0,0,0,5259000,0,0,0,5758000,499000,5259000,5259000
2356,英業達          ,6528969,2137953,4391016,0,0,0,1088000,72000,1016000,-391000,11000,8000,3000,10000,404000,-394000,5016016
6116,彩晶            ,9469000,4353000,5116000,0,0,0,0,0,0,-284000,130000,124000,6000,281000,571000,-290000,4832000
056829,台積電富邦9A購01,0,0,0,0,0,0,0,0,0,4065000,0,0,0,4114000,49000,4065000,4065000
2308,台達電          ,6743626,4447613,2296013,0,0,0,236000,43000,193000,1533000,1606000,0,1606000,6000,79000,-73000,4022013
2324,仁寶            ,7460443,3629651,3830792,0,0,0,310000,90000,220000,-237000,13000,0,13000,111000,361000,-250000,3813792
1434,福懋            ,5642692,1921306,3721386,0,0,0,0,4000,-4000,-3000,0,3000,-3000,0,0,0,3714386
2809,京城銀          ,4316000,997000,3319000,0,0,0,0,1000,-1000,111000,131000,20000,111000,0,0,0,3429000
1312,國喬            ,6298000,2951000,3347000,0,0,0,0,0,0,-259000,1000,224000,-223000,2000,38000,-36000,3088000
5471,松翰            ,3911000,1015000,2896000,0,0,0,0,0,0,1000,1000,0,1000,0,0,0,2897000
063698,上銀群益9B購05  ,0,0,0,0,0,0,0,0,0,2616000,0,0,0,2656000,40000,2616000,2616000
9914,美利達          ,3264000,1051000,2213000,0,0,0,205000,10000,195000,60000,87000,27000,60000,0,0,0,2468000
2002,中鋼            ,9154000,6702537,2451463,0,0,0,0,43000,-43000,51000,100000,1000,99000,0,48000,-48000,2459463
0050,元大台灣50      ,5269256,255000,5014256,0,0,0,0,30000,-30000,-2600000,85000,641000,-556000,1962000,4006000,-2044000,2384256
053131,華通國票97購03  ,0,0,0,0,0,0,0,0,0,2320000,0,0,0,2320000,0,2320000,2320000
00631L,元大台灣50正2   ,1183000,424000,759000,0,0,0,0,0,0,1555000,40000,1115000,-1075000,4057000,1427000,2630000,2314000
2345,智邦            ,3791000,2143789,1647211,0,0,0,762000,10000,752000,-195000,66000,192000,-126000,25000,94000,-69000,2204211
2201,裕隆            ,4007879,1701000,2306879,0,0,0,60000,0,60000,-224000,50000,209000,-159000,209000,274000,-65000,2142879
00850,元大臺灣ESG永續 ,5000,1000,4000,0,0,0,0,0,0,2069000,0,0,0,2678000,609000,2069000,2073000
058153,景碩統一9B購01  ,2000,0,2000,0,0,0,0,0,0,1897000,0,0,0,2615000,718000,1897000,1899000
2353,宏碁            ,6139416,4002038,2137378,0,0,0,0,58000,-58000,-195000,9000,276000,-267000,453000,381000,72000,1884378
063724,亞德客元大9B購03,0,0,0,0,0,0,0,0,0,1836000,0,0,0,1946000,110000,1836000,1836000
3029,零壹            ,2062000,231000,1831000,0,0,0,0,0,0,0,3000,3000,0,0,0,0,1831000
058725,美律富邦9A購01  ,0,0,0,0,0,0,0,0,0,1804000,0,0,0,1809000,5000,1804000,1804000
1536,和大            ,2172000,1455000,717000,0,0,0,1029000,0,1029000,55000,118000,110000,8000,84000,37000,47000,1801000
060336,南電康和9A購01  ,0,0,0,0,0,0,0,0,0,1794000,0,0,0,2299000,505000,1794000,1794000
0056,元大高股息      ,30000,92000,-62000,0,0,0,0,199000,-199000,2016000,0,0,0,4701000,2685000,2016000,1755000
2867,三商壽          ,5597000,3919000,1678000,0,0,0,0,0,0,67000,73000,6000,67000,0,0,0,1745000
8150,南茂            ,2415000,1703604,711396,0,0,0,915000,0,915000,89000,1000,102000,-101000,366000,176000,190000,1715396
00752,中信中國50      ,4000,4000,0,0,0,0,0,0,0,1659000,0,0,0,3263000,1604000,1659000,1659000
8213,志超            ,3410000,1432000,1978000,0,0,0,0,0,0,-338000,1000,26000,-25000,20000,333000,-313000,1640000
9103,美德醫療-DR     ,6000,0,6000,0,0,0,0,0,0,1500000,0,0,0,1500000,0,1500000,1506000
2610,華航            ,4572100,3146000,1426100,0,0,0,0,12000,-12000,60000,112000,10000,102000,0,42000,-42000,1474100
3545,敦泰            ,2925000,1470000,1455000,0,0,0,0,0,0,-64000,1000,65000,-64000,0,0,0,1391000
3231,緯創            ,6456300,6368341,87959,0,0,0,1504000,60000,1444000,-154000,70000,57000,13000,9000,176000,-167000,1377959
1789,神隆            ,2366000,1282000,1084000,0,0,0,0,0,0,271000,0,2000,-2000,285000,12000,273000,1355000
00692,富邦公司治理    ,4000,1000,3000,0,0,0,0,0,0,1348000,0,0,0,3723000,2375000,1348000,1351000
061154,可成群益9B購04  ,0,0,0,0,0,0,0,0,0,1341000,0,0,0,1420000,79000,1341000,1341000
063209,巨大統一01購01  ,0,0,0,0,0,0,0,0,0,1331000,0,0,0,2390000,1059000,1331000,1331000
06901P,亞德客凱基98售02,0,0,0,0,0,0,0,0,0,1305000,0,0,0,1683000,378000,1305000,1305000
055268,和大元大97購01  ,0,0,0,0,0,0,0,0,0,1298000,0,0,0,1298000,0,1298000,1298000
054072,台積電富邦98購02,0,0,0,0,0,0,0,0,0,1278000,0,0,0,1278000,0,1278000,1278000
1909,榮成            ,3318000,2159000,1159000,0,0,0,0,0,0,101000,520000,419000,101000,0,0,0,1260000
056095,臻鼎元富9A購01  ,0,0,0,0,0,0,0,0,0,1260000,0,0,0,1260000,0,1260000,1260000
061455,京元電凱基9B購01,0,0,0,0,0,0,0,0,0,1244000,0,0,0,1268000,24000,1244000,1244000
054414,全新元大97購02  ,0,0,0,0,0,0,0,0,0,1230000,0,0,0,1230000,0,1230000,1230000
4958,臻鼎-KY         ,2355000,942935,1412065,0,0,0,0,1000,-1000,-188000,141000,276000,-135000,5000,58000,-53000,1223065
062598,華通台新9B購02  ,0,0,0,0,0,0,0,0,0,1219000,0,0,0,1325000,106000,1219000,1219000
057945,京鼎國票99購03  ,0,0,0,0,0,0,0,0,0,1183000,0,0,0,1254000,71000,1183000,1183000
3515,華擎            ,1449120,710000,739120,0,0,0,240000,75000,165000,239000,41000,14000,27000,320000,108000,212000,1143120
3014,聯陽            ,1284000,223000,1061000,0,0,0,0,0,0,77000,101000,0,101000,17000,41000,-24000,1138000
00670L,富邦NASDAQ正2   ,246000,1000,245000,0,0,0,0,0,0,892000,511000,775000,-264000,2090000,934000,1156000,1137000
2360,致茂            ,1656000,543000,1113000,0,0,0,0,0,0,23000,1000,13000,-12000,44000,9000,35000,1136000
2414,精技            ,1206000,91000,1115000,0,0,0,0,0,0,10000,10000,0,10000,0,0,0,1125000
063902,志超群益9C購01  ,0,0,0,0,0,0,0,0,0,1108000,0,0,0,1123000,15000,1108000,1108000
042315,T50反1台新96購01,0,0,0,0,0,0,0,0,0,1101000,0,0,0,1101000,0,1101000,1101000
060677,京元電元大9A購04,0,0,0,0,0,0,0,0,0,1101000,0,0,0,1183000,82000,1101000,1101000
061451,南電中信9A購03  ,0,0,0,0,0,0,0,0,0,1085000,0,0,0,1285000,200000,1085000,1085000
060998,華通兆豐9A購01  ,0,0,0,0,0,0,0,0,0,1066000,0,0,0,1072000,6000,1066000,1066000
056724,臻鼎中信9A購01  ,0,0,0,0,0,0,0,0,0,1057000,0,0,0,1097000,40000,1057000,1057000
064167,緯穎統一01購03  ,0,0,0,0,0,0,0,0,0,1050000,0,0,0,1111000,61000,1050000,1050000
061550,聯鈞群益9A購03  ,0,0,0,0,0,0,0,0,0,1023000,0,0,0,1184000,161000,1023000,1023000
057442,玉晶光統一98購03,0,0,0,0,0,0,0,0,0,1004000,0,0,0,1239000,235000,1004000,1004000
061132,志超永豐9A購01  ,0,0,0,0,0,0,0,0,0,1003000,0,0,0,1105000,102000,1003000,1003000
053045,國巨中信97購01  ,0,0,0,0,0,0,0,0,0,998000,0,0,0,998000,0,998000,998000
054708,華通統一97購02  ,0,0,0,0,0,0,0,0,0,998000,0,0,0,1000000,2000,998000,998000
051277,聯發科中信9A購01,0,0,0,0,0,0,0,0,0,988000,0,0,0,1688000,700000,988000,988000
062207,牧德國票9B購02  ,0,0,0,0,0,0,0,0,0,977000,0,0,0,1257000,280000,977000,977000
056261,台積電統一97購07,0,0,0,0,0,0,0,0,0,972000,0,0,0,976000,4000,972000,972000
056166,微星台新97購01  ,0,0,0,0,0,0,0,0,0,969000,0,0,0,969000,0,969000,969000
062604,東元凱基9B購01  ,0,0,0,0,0,0,0,0,0,943000,0,0,0,990000,47000,943000,943000
061587,美律富邦9A購02  ,0,0,0,0,0,0,0,0,0,934000,0,0,0,934000,0,934000,934000
9921,巨大            ,3181000,2297765,883235,0,0,0,11000,1000,10000,34000,66000,41000,25000,33000,24000,9000,927235
059931,緯穎富邦9A購01  ,0,0,0,0,0,0,0,0,0,924000,0,0,0,983000,59000,924000,924000
05644P,大立光中信9A售03,0,0,0,0,0,0,0,0,0,915000,0,0,0,1443000,528000,915000,915000
053063,力山群益98購01  ,0,0,0,0,0,0,0,0,0,912000,0,0,0,922000,10000,912000,912000
058714,美律統一9B購01  ,0,0,0,0,0,0,0,0,0,911000,0,0,0,1129000,218000,911000,911000
062798,台光電統一9B購01,0,0,0,0,0,0,0,0,0,904000,0,0,0,1115000,211000,904000,904000
052602,聯電元大97購01  ,0,0,0,0,0,0,0,0,0,890000,0,0,0,1979000,1089000,890000,890000
053573,臺股指統一99購01,0,0,0,0,0,0,0,0,0,879000,0,0,0,1330000,451000,879000,879000
2006,東和鋼鐵        ,793000,1512000,-719000,0,0,0,1600000,0,1600000,-8000,0,8000,-8000,0,0,0,873000
08276P,可成元富9C售02  ,0,0,0,0,0,0,0,0,0,855000,0,0,0,860000,5000,855000,855000
054546,玉晶光中信9B購01,0,0,0,0,0,0,0,0,0,855000,0,0,0,3645000,2790000,855000,855000
062165,聯茂國泰01購01  ,0,0,0,0,0,0,0,0,0,850000,0,0,0,1034000,184000,850000,850000
00830,國泰費城半導體  ,250000,274000,-24000,0,0,0,0,0,0,854367,0,0,0,878000,23633,854367,830367
063441,台達電統一9C購01,0,0,0,0,0,0,0,0,0,830000,0,0,0,1143000,313000,830000,830000
059395,T50反1元富99購03,0,0,0,0,0,0,0,0,0,826000,0,0,0,826000,0,826000,826000
059875,信邦凱基99購02  ,0,0,0,0,0,0,0,0,0,822000,0,0,0,822000,0,822000,822000
053061,GIS富邦97購01   ,0,0,0,0,0,0,0,0,0,820000,0,0,0,820000,0,820000,820000
056769,國產元大98購01  ,0,0,0,0,0,0,0,0,0,819000,0,0,0,819000,0,819000,819000
061212,聯鈞元大9A購04  ,0,0,0,0,0,0,0,0,0,817000,0,0,0,854000,37000,817000,817000
063323,同欣電群益9B購03,0,0,0,0,0,0,0,0,0,816000,0,0,0,1140000,324000,816000,816000
064051,新日興統一01購01,0,0,0,0,0,0,0,0,0,814000,0,0,0,814000,0,814000,814000
063811,亞德客群益9C購01,0,0,0,0,0,0,0,0,0,798000,0,0,0,809000,11000,798000,798000
050392,群創統一96購01  ,0,0,0,0,0,0,0,0,0,798000,0,0,0,818000,20000,798000,798000
060284,南港元大01購01  ,0,0,0,0,0,0,0,0,0,797000,0,0,0,972000,175000,797000,797000
061024,南電國泰9B購01  ,0,0,0,0,0,0,0,0,0,795000,0,0,0,1220000,425000,795000,795000
5264,鎧勝-KY         ,1885000,1121000,764000,0,0,0,0,200000,-200000,221000,91000,1000,90000,141000,10000,131000,785000
062591,新日興統一9C購01,0,0,0,0,0,0,0,0,0,772000,0,0,0,847000,75000,772000,772000
056515,燿華兆豐99購01  ,0,0,0,0,0,0,0,0,0,771000,0,0,0,771000,0,771000,771000
064152,義隆統一02購02  ,0,0,0,0,0,0,0,0,0,765000,0,0,0,953000,188000,765000,765000
3034,聯詠            ,1335000,697593,637407,0,0,0,132000,11000,121000,6000,34000,12000,22000,7000,23000,-16000,764407
4968,立積            ,1613000,839000,774000,0,0,0,0,0,0,-14000,12000,19000,-7000,21000,28000,-7000,760000
063931,牧德統一01購02  ,0,0,0,0,0,0,0,0,0,745000,0,0,0,850000,105000,745000,745000
051849,旺宏中信98購01  ,0,0,0,0,0,0,0,0,0,739000,0,0,0,1099000,360000,739000,739000
064160,新日興統一01購03,0,0,0,0,0,0,0,0,0,736000,0,0,0,736000,0,736000,736000
058926,勤誠元富99購01  ,0,0,0,0,0,0,0,0,0,736000,0,0,0,996000,260000,736000,736000
063051,仁寶統一01購01  ,0,0,0,0,0,0,0,0,0,736000,0,0,0,1294000,558000,736000,736000
053452,臺股指凱基97購01,0,0,0,0,0,0,0,0,0,735000,0,0,0,735000,0,735000,735000
056459,茂林凱基99購01  ,0,0,0,0,0,0,0,0,0,734000,0,0,0,753000,19000,734000,734000
063879,台積電元富9C購01,0,0,0,0,0,0,0,0,0,730000,0,0,0,751000,21000,730000,730000
063140,聯發科統一9B購08,0,0,0,0,0,0,0,0,0,725000,0,0,0,740000,15000,725000,725000
063656,台光電元富03購01,0,0,0,0,0,0,0,0,0,725000,0,0,0,840000,115000,725000,725000
064211,友達凱基02購01  ,0,0,0,0,0,0,0,0,0,722000,0,0,0,722000,0,722000,722000
060596,元黃金凱基9A購02,0,0,0,0,0,0,0,0,0,722000,0,0,0,722000,0,722000,722000
053736,友達麥證96購01  ,0,0,0,721000,0,721000,0,0,0,721000,0,0,0,721000,0,721000,721000
061544,大毅群益9B購02  ,0,0,0,0,0,0,0,0,0,710000,0,0,0,712000,2000,710000,710000
06803P,臺股指群益98售09,0,0,0,0,0,0,0,0,0,702000,0,0,0,733000,31000,702000,702000
1760,寶齡富錦        ,1670000,972000,698000,0,0,0,0,0,0,3000,4000,1000,3000,0,0,0,701000
058424,滬深2X元富99購04,0,0,0,0,0,0,0,0,0,697000,0,0,0,752000,55000,697000,697000
061900,志超永豐9B購01  ,0,0,0,0,0,0,0,0,0,694000,0,0,0,694000,0,694000,694000
061491,嘉聯益兆豐9B購01,0,0,0,0,0,0,0,0,0,693000,0,0,0,779000,86000,693000,693000
6213,聯茂            ,1793000,892000,901000,0,0,0,0,102000,-102000,-119000,59000,143000,-84000,41000,76000,-35000,680000
063134,裕隆統一01購01  ,0,0,0,0,0,0,0,0,0,678000,0,0,0,1419000,741000,678000,678000
3532,台勝科          ,1143000,169000,974000,0,0,0,0,316000,-316000,15000,36000,0,36000,51000,72000,-21000,673000
057393,台積電中信02購01,0,0,0,0,0,0,0,0,0,670000,0,0,0,1018000,348000,670000,670000
07170P,臺股指國票99售07,0,0,0,0,0,0,0,0,0,669000,0,0,0,806000,137000,669000,669000
00739,元大MSCI A股    ,0,0,0,0,0,0,0,0,0,669000,0,0,0,1001000,332000,669000,669000
057043,台積電元大99購02,0,0,0,0,0,0,0,0,0,666000,0,0,0,767000,101000,666000,666000
056356,台積電元大99購01,0,0,0,0,0,0,0,0,0,661000,0,0,0,772000,111000,661000,661000
061164,燿華兆豐9B購01  ,0,0,0,0,0,0,0,0,0,661000,0,0,0,1202000,541000,661000,661000
061197,矽創永豐9A購02  ,0,0,0,0,0,0,0,0,0,661000,0,0,0,688000,27000,661000,661000
2382,廣達            ,4750693,4763776,-13083,0,0,0,0,92000,-92000,765000,936000,91000,845000,1000,81000,-80000,659917
00642U,元大S&P石油     ,37000,11000,26000,0,0,0,0,0,0,628000,0,0,0,735000,107000,628000,654000
062991,台光電群益9B購03,0,0,0,0,0,0,0,0,0,645000,0,0,0,705000,60000,645000,645000
054827,宏全元大9A購01  ,0,0,0,0,0,0,0,0,0,644000,0,0,0,672000,28000,644000,644000
061282,台積電統一9C購06,0,0,0,0,0,0,0,0,0,641000,0,0,0,647000,6000,641000,641000
00643,群益深証中小    ,1013000,283000,730000,0,0,0,0,0,0,-90000,10000,30000,-20000,301000,371000,-70000,640000
060514,南電元大9A購02  ,0,0,0,0,0,0,0,0,0,638000,0,0,0,786000,148000,638000,638000
1477,聚陽            ,1302000,410000,892000,0,0,0,0,0,0,-255000,15000,230000,-215000,9000,49000,-40000,637000
061283,智邦統一9A購01  ,0,0,0,0,0,0,0,0,0,636000,0,0,0,1642000,1006000,636000,636000
062681,全新統一01購01  ,0,0,0,0,0,0,0,0,0,635000,0,0,0,780000,145000,635000,635000
061634,遠東新元大9A購01,0,0,0,0,0,0,0,0,0,634000,0,0,0,747000,113000,634000,634000
058807,和大統一9B購01  ,0,0,0,0,0,0,0,0,0,633000,0,0,0,1926000,1293000,633000,633000
6278,台表科          ,2013000,1774594,238406,0,0,0,270000,0,270000,123000,176000,144000,32000,158000,67000,91000,631406
8464,億豐            ,1270000,789219,480781,0,0,0,110000,0,110000,37000,0,1000,-1000,45000,7000,38000,627781
063864,健策富邦01購01  ,0,0,0,0,0,0,0,0,0,626000,0,0,0,876000,250000,626000,626000
052542,友達元富98購01  ,0,0,0,0,0,0,0,0,0,624000,0,0,0,923000,299000,624000,624000
062970,智邦元富9B購01  ,0,0,0,0,0,0,0,0,0,623000,0,0,0,694000,71000,623000,623000
057899,台積電永豐98購04,0,0,0,0,0,0,0,0,0,621000,0,0,0,1075000,454000,621000,621000
057199,台達電元富02購01,0,0,0,0,0,0,0,0,0,618000,0,0,0,895000,277000,618000,618000
3669,圓展            ,1148000,537000,611000,0,0,0,0,0,0,-1000,0,1000,-1000,0,0,0,610000
063080,裕隆凱基9B購01  ,0,0,0,0,0,0,0,0,0,609000,0,0,0,611000,2000,609000,609000
00639,富邦深100       ,1190000,5000,1185000,0,0,0,0,0,0,-578000,10000,10000,0,1201000,1779000,-578000,607000
061372,世紀鋼國泰9C購01,0,0,0,0,0,0,0,0,0,607000,0,0,0,880000,273000,607000,607000
058408,華通兆豐99購02  ,0,0,0,0,0,0,0,0,0,606000,0,0,0,617000,11000,606000,606000
048383,元金2X國票99購01,0,0,0,0,0,0,0,0,0,604000,0,0,0,1207000,603000,604000,604000
056710,漢唐永豐98購01  ,0,0,0,0,0,0,0,0,0,603000,0,0,0,673000,70000,603000,603000
055827,中石化元大98購01,0,0,0,0,0,0,0,0,0,600000,0,0,0,600000,0,600000,600000
057875,京鼎元大98購03  ,0,0,0,0,0,0,0,0,0,593000,0,0,0,634000,41000,593000,593000
054808,東元元大9A購01  ,0,0,0,0,0,0,0,0,0,590000,0,0,0,772000,182000,590000,590000
054666,強茂元富97購01  ,0,0,0,0,0,0,0,0,0,588000,0,0,0,998000,410000,588000,588000
061360,智邦兆豐9B購02  ,0,0,0,0,0,0,0,0,0,588000,0,0,0,723000,135000,588000,588000
063454,瑞儀統一9B購01  ,0,10000,-10000,0,0,0,0,0,0,598000,0,0,0,598000,0,598000,588000
063336,大成鋼統一9C購02,0,0,0,0,0,0,0,0,0,587000,0,0,0,587000,0,587000,587000
07771P,義隆國票9A售01  ,0,0,0,0,0,0,0,0,0,585000,0,0,0,773000,188000,585000,585000
063818,矽創群益9C購01  ,0,0,0,0,0,0,0,0,0,584000,0,0,0,760000,176000,584000,584000
06506P,台郡國票99售02  ,0,0,0,0,0,0,0,0,0,583000,0,0,0,583000,0,583000,583000
064050,景碩統一01購01  ,0,0,0,0,0,0,0,0,0,580000,0,0,0,744000,164000,580000,580000
1720,生達            ,786000,207000,579000,0,0,0,0,0,0,0,0,0,0,0,0,0,579000
060390,聯鈞群益9A購01  ,0,0,0,0,0,0,0,0,0,579000,0,0,0,615000,36000,579000,579000
060671,亞德客元大9A購03,0,0,0,0,0,0,0,0,0,579000,0,0,0,667000,88000,579000,579000
063258,緯穎國泰9C購01  ,0,0,0,0,0,0,0,0,0,577000,0,0,0,740000,163000,577000,577000
064318,彩晶群益9C購01  ,0,0,0,0,0,0,0,0,0,576000,0,0,0,726000,150000,576000,576000
062386,京鼎國泰9C購01  ,0,0,0,0,0,0,0,0,0,574000,0,0,0,575000,1000,574000,574000
1762,中化生          ,1502000,919000,583000,0,0,0,0,0,0,-11000,0,11000,-11000,0,0,0,572000
08130P,義隆元大9B售05  ,0,0,0,0,0,0,0,0,0,570000,0,0,0,851000,281000,570000,570000
059685,T50正2永豐99購02,0,0,0,0,0,0,0,0,0,569000,0,0,0,569000,0,569000,569000
058188,華擎永豐99購01  ,0,0,0,0,0,0,0,0,0,569000,0,0,0,1121000,552000,569000,569000
056994,緯穎兆豐98購02  ,0,0,0,0,0,0,0,0,0,566000,0,0,0,1196000,630000,566000,566000
056309,合勤控元大97購01,0,0,0,0,0,0,0,0,0,565000,0,0,0,598000,33000,565000,565000
08189P,超眾群益9B售04  ,0,0,0,0,0,0,0,0,0,563000,0,0,0,582000,19000,563000,563000
051530,鴻海國票97購01  ,0,0,0,0,0,0,0,0,0,563000,0,0,0,563000,0,563000,563000
057453,矽創元富98購01  ,0,0,0,0,0,0,0,0,0,563000,0,0,0,573000,10000,563000,563000
058739,喬山中信99購01  ,0,0,0,0,0,0,0,0,0,563000,0,0,0,830000,267000,563000,563000
053337,聯電國票97購01  ,0,0,0,0,0,0,0,0,0,559000,0,0,0,559000,0,559000,559000
1717,長興            ,1908000,987000,921000,0,0,0,0,111000,-111000,-252000,50000,302000,-252000,0,0,0,558000
063809,矽創兆豐01購01  ,0,0,0,0,0,0,0,0,0,558000,0,0,0,568000,10000,558000,558000
063994,台光電群益9C購01,0,35000,-35000,0,0,0,0,0,0,592000,0,0,0,713000,121000,592000,557000
062456,台積電群益9B購05,0,0,0,0,0,0,0,0,0,552000,0,0,0,617000,65000,552000,552000
064253,貿聯元富9C購01  ,0,0,0,0,0,0,0,0,0,551000,0,0,0,591000,40000,551000,551000
00636,國泰中國A50     ,284000,299000,-15000,0,0,0,0,0,0,566000,0,0,0,591000,25000,566000,551000
07025P,玉晶光凱基99售01,0,0,0,0,0,0,0,0,0,550000,0,0,0,947000,397000,550000,550000
061348,聯鈞元大9A購05  ,0,0,0,0,0,0,0,0,0,549000,0,0,0,552000,3000,549000,549000
059695,聯鈞永豐99購02  ,0,0,0,0,0,0,0,0,0,545000,0,0,0,545000,0,545000,545000
064235,美律統一9C購02  ,0,0,0,0,0,0,0,0,0,543000,0,0,0,543000,0,543000,543000
063147,東元元富9B購01  ,0,0,0,0,0,0,0,0,0,543000,0,0,0,593000,50000,543000,543000
062730,致伸凱基9B購01  ,10000,0,10000,0,0,0,0,0,0,532000,0,0,0,601000,69000,532000,542000
058106,神達統一98購02  ,0,0,0,0,0,0,0,0,0,540000,0,0,0,594000,54000,540000,540000
055614,華新科國票97購02,0,0,0,0,0,0,0,0,0,538000,0,0,0,538000,0,538000,538000
057203,麗豐元富98購02  ,0,0,0,0,0,0,0,0,0,537000,0,0,0,757000,220000,537000,537000
063504,國巨群益9C購06  ,0,0,0,0,0,0,0,0,0,532000,0,0,0,532000,0,532000,532000
054590,嘉聯益國泰98購01,0,0,0,0,0,0,0,0,0,530000,0,0,0,530000,0,530000,530000
058908,貿聯元大99購03  ,0,0,0,0,0,0,0,0,0,528000,0,0,0,572000,44000,528000,528000
058692,華邦電國票9B購01,0,0,0,0,0,0,0,0,0,528000,0,0,0,558000,30000,528000,528000
052738,聯電元大98購02  ,0,0,0,0,0,0,0,0,0,520000,0,0,0,615000,95000,520000,520000
07021P,台積電富邦9C售02,0,0,0,0,0,0,0,0,0,519000,0,0,0,1513000,994000,519000,519000
056699,光罩國泰99購01  ,0,0,0,0,0,0,0,0,0,518000,0,0,0,584000,66000,518000,518000
00635U,元大S&P黃金     ,100,30000,-29900,0,0,0,0,0,0,545000,0,0,0,1040000,495000,545000,515100
061903,宏全永豐9B購01  ,0,0,0,0,0,0,0,0,0,514000,0,0,0,514000,0,514000,514000
06884P,台郡群益98售03  ,0,0,0,0,0,0,0,0,0,510000,0,0,0,510000,0,510000,510000
058555,矽創永豐9A購01  ,0,0,0,0,0,0,0,0,0,510000,0,0,0,510000,0,510000,510000
00648R,元大S&P500反1   ,10000,0,10000,0,0,0,0,0,0,499000,0,0,0,935000,436000,499000,509000
064063,健策國泰01購02  ,0,0,0,0,0,0,0,0,0,507000,0,0,0,587000,80000,507000,507000
4133,亞諾法          ,2130000,1622000,508000,0,0,0,0,0,0,-1000,1000,2000,-1000,0,0,0,507000
057788,嘉聯益國票99購01,0,0,0,0,0,0,0,0,0,503000,0,0,0,525000,22000,503000,503000
1598,岱宇            ,642000,116000,526000,0,0,0,0,0,0,-24000,1000,25000,-24000,0,0,0,502000
056605,台積電富邦9B購02,0,0,0,0,0,0,0,0,0,502000,0,0,0,751000,249000,502000,502000
063024,祥碩元大9B購05  ,0,0,0,0,0,0,0,0,0,502000,0,0,0,613000,111000,502000,502000
055206,台虹中信97購01  ,0,0,0,0,0,0,0,0,0,500000,0,0,0,500000,0,500000,500000
057110,立積群益98購01  ,0,0,0,0,0,0,0,0,0,500000,0,0,0,500000,0,500000,500000
063093,國產國票9B購01  ,0,0,0,0,0,0,0,0,0,500000,0,0,0,505000,5000,500000,500000
050400,臻鼎中信97購01  ,0,0,0,0,0,0,0,0,0,499000,0,0,0,499000,0,499000,499000
059093,旭富元大99購01  ,0,0,0,0,0,0,0,0,0,498000,0,0,0,554000,56000,498000,498000
2379,瑞昱            ,1413000,1072622,340378,0,0,0,160000,9000,151000,6000,13000,56000,-43000,107000,58000,49000,497378
054563,泰碩群益99購01  ,0,0,0,0,0,0,0,0,0,493000,0,0,0,558000,65000,493000,493000
057937,神達群益98購02  ,0,0,0,0,0,0,0,0,0,484000,0,0,0,484000,0,484000,484000
00852L,國泰美國道瓊正2 ,1605000,0,1605000,0,0,0,0,0,0,-1122000,0,1000000,-1000000,14791000,14913000,-122000,483000
058645,康控富邦01購01  ,0,0,0,0,0,0,0,0,0,482000,0,0,0,605000,123000,482000,482000
062680,微星統一01購01  ,0,0,0,0,0,0,0,0,0,482000,0,0,0,673000,191000,482000,482000
062896,中興電元大9B購01,0,0,0,0,0,0,0,0,0,481000,0,0,0,564000,83000,481000,481000
061518,達方永豐9A購02  ,0,0,0,0,0,0,0,0,0,481000,0,0,0,481000,0,481000,481000
064096,台積電群益9C購07,0,0,0,0,0,0,0,0,0,480000,0,0,0,730000,250000,480000,480000
061121,智邦永豐9A購02  ,0,0,0,0,0,0,0,0,0,480000,0,0,0,611000,131000,480000,480000
055929,聯發科群益97購05,0,0,0,0,0,0,0,0,0,479000,0,0,0,479000,0,479000,479000
062824,國巨群益9C購03  ,0,0,0,0,0,0,0,0,0,479000,0,0,0,511000,32000,479000,479000
047564,滬深2X國票99購01,0,0,0,0,0,0,0,0,0,477000,0,0,0,649000,172000,477000,477000
062126,創意統一9B購01  ,0,0,0,0,0,0,0,0,0,477000,0,0,0,517000,40000,477000,477000
057616,聯電凱基99購01  ,0,0,0,0,0,0,0,0,0,474000,0,0,0,745000,271000,474000,474000
064047,義隆統一02購01  ,0,0,0,0,0,0,0,0,0,472000,0,0,0,996000,524000,472000,472000
062060,奇鋐統一9C購01  ,0,0,0,0,0,0,0,0,0,471000,0,0,0,477000,6000,471000,471000
053435,新光金日盛96購01,0,0,0,0,0,0,0,0,0,470000,0,0,0,470000,0,470000,470000
052235,聯發科國票96購02,0,0,0,0,0,0,0,0,0,469000,0,0,0,474000,5000,469000,469000
052113,漢唐中信98購01  ,0,0,0,0,0,0,0,0,0,469000,0,0,0,622000,153000,469000,469000
057730,聯鈞國泰9A購01  ,0,0,0,0,0,0,0,0,0,469000,0,0,0,611000,142000,469000,469000
051665,台積電元大96購07,0,0,0,0,0,0,0,0,0,467000,0,0,0,467000,0,467000,467000
062348,聯發科群益9B購06,0,0,0,0,0,0,0,0,0,466000,0,0,0,533000,67000,466000,466000
064200,華通兆豐01購01  ,0,0,0,0,0,0,0,0,0,464000,0,0,0,676000,212000,464000,464000
063788,矽創統一02購01  ,0,0,0,0,0,0,0,0,0,463000,0,0,0,1003000,540000,463000,463000
063170,智邦第一9B購01  ,0,0,0,0,0,0,0,0,0,461000,0,0,0,585000,124000,461000,461000
055894,欣興統一97購03  ,0,0,0,0,0,0,0,0,0,460000,0,0,0,643000,183000,460000,460000
058183,國巨富邦9A購06  ,0,0,0,0,0,0,0,0,0,460000,0,0,0,460000,0,460000,460000
064094,達新群益9C購01  ,0,0,0,0,0,0,0,0,0,456000,0,0,0,526000,70000,456000,456000
060327,美律群益9A購02  ,0,0,0,0,0,0,0,0,0,456000,0,0,0,500000,44000,456000,456000
06137P,玉晶光永豐97售04,0,0,0,0,0,0,0,0,0,456000,0,0,0,456000,0,456000,456000
06082P,華通統一98售01  ,0,0,0,0,0,0,0,0,0,455000,0,0,0,504000,49000,455000,455000
2481,強茂            ,2451700,1976000,475700,0,0,0,0,0,0,-21000,32000,4000,28000,50000,99000,-49000,454700
061533,友達統一9C購02  ,0,0,0,0,0,0,0,0,0,454000,0,0,0,532000,78000,454000,454000
060641,聯鈞永豐9A購01  ,0,0,0,0,0,0,0,0,0,453000,0,0,0,453000,0,453000,453000
053083,中環元大99購01  ,0,0,0,0,0,0,0,0,0,452000,0,0,0,482000,30000,452000,452000
058205,神達凱基9B購01  ,0,0,0,0,0,0,0,0,0,452000,0,0,0,452000,0,452000,452000
058768,南港兆豐99購01  ,0,0,0,0,0,0,0,0,0,452000,0,0,0,485000,33000,452000,452000
064307,聚陽群益9C購03  ,0,0,0,0,0,0,0,0,0,451000,0,0,0,483000,32000,451000,451000
057743,華擎永豐98購03  ,0,0,0,0,0,0,0,0,0,451000,0,0,0,675000,224000,451000,451000
062496,矽創中信9B購01  ,0,0,0,0,0,0,0,0,0,451000,0,0,0,564000,113000,451000,451000
056564,亞光群益98購02  ,0,0,0,0,0,0,0,0,0,450000,0,0,0,450000,0,450000,450000
062950,貿聯富邦01購01  ,0,0,0,0,0,0,0,0,0,450000,0,0,0,479000,29000,450000,450000
056184,南亞科統一97購03,0,0,0,0,0,0,0,0,0,446000,0,0,0,598000,152000,446000,446000
054791,泰碩群益99購02  ,0,0,0,0,0,0,0,0,0,446000,0,0,0,531000,85000,446000,446000
06696P,台灣50國票99售01,0,0,0,0,0,0,0,0,0,445000,0,0,0,605000,160000,445000,445000
06067P,華新科康和97售01,0,0,0,0,0,0,0,0,0,445000,0,0,0,549000,104000,445000,445000
06742P,可成富邦99售02  ,0,0,0,0,0,0,0,0,0,443000,0,0,0,443000,0,443000,443000
058229,為升元大99購02  ,0,0,0,0,0,0,0,0,0,443000,0,0,0,522000,79000,443000,443000
056845,揚明光元富98購01,0,0,0,0,0,0,0,0,0,439000,0,0,0,460000,21000,439000,439000
055389,國巨統一98購02  ,0,0,0,0,0,0,0,0,0,439000,0,0,0,440000,1000,439000,439000
057792,群創統一99購01  ,0,0,0,0,0,0,0,0,0,437000,0,0,0,647000,210000,437000,437000
060493,美律元富01購01  ,0,0,0,0,0,0,0,0,0,435000,0,0,0,606000,171000,435000,435000
060783,亞德客富邦9B購01,0,0,0,0,0,0,0,0,0,434000,0,0,0,440000,6000,434000,434000
061071,復盛凱基9A購01  ,0,0,0,0,0,0,0,0,0,434000,0,0,0,434000,0,434000,434000
055619,同欣電國票98購02,0,0,0,0,0,0,0,0,0,433000,0,0,0,703000,270000,433000,433000
063145,台表科統一02購01,0,0,0,0,0,0,0,0,0,433000,0,0,0,776000,343000,433000,433000
062882,新日興兆豐9C購01,0,0,0,0,0,0,0,0,0,431000,0,0,0,516000,85000,431000,431000
055323,貿聯國票98購01  ,0,0,0,0,0,0,0,0,0,430000,0,0,0,430000,0,430000,430000
060204,矽創元富9A購01  ,0,0,0,0,0,0,0,0,0,429000,0,0,0,494000,65000,429000,429000
07130P,台郡元大9B售01  ,0,0,0,0,0,0,0,0,0,428000,0,0,0,448000,20000,428000,428000
064386,友達富邦01購01  ,0,0,0,0,0,0,0,0,0,427000,0,0,0,477000,50000,427000,427000
063219,友達群益9B購03  ,0,0,0,0,0,0,0,0,0,427000,0,0,0,562000,135000,427000,427000
060468,聯鈞元大9A購02  ,0,0,0,0,0,0,0,0,0,426000,0,0,0,433000,7000,426000,426000
058801,致伸元大99購01  ,0,0,0,0,0,0,0,0,0,422000,0,0,0,650000,228000,422000,422000
053082,聯電元大98購03  ,0,0,0,0,0,0,0,0,0,421000,0,0,0,486000,65000,421000,421000
057912,美律日盛99購01  ,0,0,0,0,0,0,0,0,0,416000,0,0,0,502000,86000,416000,416000
00737,國泰AI+Robo     ,225000,69000,156000,0,0,0,0,0,0,259955,0,0,0,318000,58045,259955,415955
062567,祥碩中信9C購01  ,0,0,0,0,0,0,0,0,0,415000,0,0,0,465000,50000,415000,415000
063339,智邦統一01購01  ,0,0,0,0,0,0,0,0,0,414000,0,0,0,614000,200000,414000,414000
061642,創意元大9A購04  ,0,0,0,0,0,0,0,0,0,413000,0,0,0,413000,0,413000,413000
054134,強茂元大96購01  ,0,0,0,0,0,0,0,0,0,412000,0,0,0,520000,108000,412000,412000
063227,祥碩群益9B購06  ,0,0,0,0,0,0,0,0,0,412000,0,0,0,754000,342000,412000,412000
059996,美律元富99購01  ,0,0,0,0,0,0,0,0,0,410000,0,0,0,476000,66000,410000,410000
063563,國巨元大9C購07  ,0,0,0,0,0,0,0,0,0,410000,0,0,0,420000,10000,410000,410000
062809,同欣電統一9C購01,0,150000,-150000,0,0,0,0,0,0,559000,0,0,0,694000,135000,559000,409000
061123,燿華永豐9A購01  ,0,0,0,0,0,0,0,0,0,408000,0,0,0,517000,109000,408000,408000
06824P,台灣50國票99售02,0,0,0,0,0,0,0,0,0,405000,0,0,0,470000,65000,405000,405000
060702,玉晶光國泰9C購02,0,0,0,0,0,0,0,0,0,405000,0,0,0,427000,22000,405000,405000
058536,群創統一9B購01  ,0,0,0,0,0,0,0,0,0,404000,0,0,0,531000,127000,404000,404000
062102,T50反1國票9B購07,0,0,0,0,0,0,0,0,0,401000,0,0,0,1091000,690000,401000,401000
07307P,上証2X凱基9A售02,0,0,0,0,0,0,0,0,0,400000,0,0,0,400000,0,400000,400000
07486P,上証2X國票9B售02,0,0,0,0,0,0,0,0,0,400000,0,0,0,400000,0,400000,400000
060424,中租永豐9A購01  ,0,0,0,0,0,0,0,0,0,400000,0,0,0,435000,35000,400000,400000
057049,新日興元大98購02,0,0,0,0,0,0,0,0,0,400000,0,0,0,400000,0,400000,400000
062211,玉晶光台新9B購01,0,0,0,0,0,0,0,0,0,400000,0,0,0,400000,0,400000,400000
054260,貿聯元大96購03  ,0,0,0,0,0,0,0,0,0,398000,0,0,0,398000,0,398000,398000
1736,喬山            ,868000,349000,519000,0,0,0,0,0,0,-122000,0,1000,-1000,0,121000,-121000,397000
063437,聚陽統一01購01  ,0,0,0,0,0,0,0,0,0,397000,0,0,0,408000,11000,397000,397000
00638R,元大滬深300反1  ,55000,0,55000,0,0,0,0,0,0,340000,0,0,0,489000,149000,340000,395000
054100,致伸國票97購03  ,0,0,0,0,0,0,0,0,0,394000,0,0,0,440000,46000,394000,394000
060363,美律元富9A購01  ,0,0,0,0,0,0,0,0,0,394000,0,0,0,510000,116000,394000,394000
057969,緯穎國泰99購01  ,0,0,0,0,0,0,0,0,0,394000,0,0,0,444000,50000,394000,394000
063238,漢唐元大9B購02  ,0,0,0,0,0,0,0,0,0,394000,0,0,0,497000,103000,394000,394000
056676,國產元富98購01  ,0,0,0,0,0,0,0,0,0,392000,0,0,0,609000,217000,392000,392000
056380,麗豐元富98購01  ,0,0,0,0,0,0,0,0,0,391000,0,0,0,591000,200000,391000,391000
063650,矽創元大9B購03  ,0,0,0,0,0,0,0,0,0,391000,0,0,0,512000,121000,391000,391000
055174,精元統一97購01  ,0,0,0,0,0,0,0,0,0,390000,0,0,0,400000,10000,390000,390000
062343,中石化群益9B購01,0,0,0,0,0,0,0,0,0,390000,0,0,0,426000,36000,390000,390000
08300P,世芯國票01售01  ,0,0,0,0,0,0,0,0,0,388000,0,0,0,541000,153000,388000,388000
058112,神達元富98購01  ,0,0,0,0,0,0,0,0,0,388000,0,0,0,388000,0,388000,388000
056770,國產元大98購02  ,0,0,0,0,0,0,0,0,0,384000,0,0,0,494000,110000,384000,384000
06702P,智邦元富98售01  ,0,0,0,0,0,0,0,0,0,382000,0,0,0,382000,0,382000,382000
064149,美律統一02購01  ,0,0,0,0,0,0,0,0,0,382000,0,0,0,572000,190000,382000,382000
058909,神達元大99購03  ,0,0,0,0,0,0,0,0,0,381000,0,0,0,477000,96000,381000,381000
6271,同欣電          ,1187081,922000,265081,0,0,0,116000,0,116000,-1000,209000,193000,16000,57000,74000,-17000,380081
052669,群創群益98購06  ,0,0,0,0,0,0,0,0,0,380000,0,0,0,380000,0,380000,380000
056378,欣興元富98購01  ,0,0,0,0,0,0,0,0,0,379000,0,0,0,759000,380000,379000,379000
060483,友達富邦9A購01  ,0,0,0,0,0,0,0,0,0,379000,0,0,0,379000,0,379000,379000
057312,美律麥證98購01  ,0,0,0,379000,0,379000,0,0,0,379000,0,0,0,379000,0,379000,379000
062018,台勝科永豐9B購01,0,0,0,0,0,0,0,0,0,378000,0,0,0,441000,63000,378000,378000
062385,玉晶光國泰01購01,0,0,0,0,0,0,0,0,0,376000,0,0,0,444000,68000,376000,376000
063273,緯穎兆豐9C購01  ,0,0,0,0,0,0,0,0,0,376000,0,0,0,482000,106000,376000,376000
057258,中環兆豐98購01  ,0,0,0,0,0,0,0,0,0,374000,0,0,0,544000,170000,374000,374000
055635,緯穎永豐97購01  ,0,0,0,0,0,0,0,0,0,372000,0,0,0,377000,5000,372000,372000
062549,中租永豐9B購01  ,0,0,0,0,0,0,0,0,0,372000,0,0,0,402000,30000,372000,372000
062814,台光電兆豐9B購01,0,0,0,0,0,0,0,0,0,371000,0,0,0,456000,85000,371000,371000
061439,寶成凱基9A購01  ,0,0,0,0,0,0,0,0,0,371000,0,0,0,471000,100000,371000,371000
057404,貿聯群益99購01  ,0,0,0,0,0,0,0,0,0,370000,0,0,0,370000,0,370000,370000
053485,矽創國票97購04  ,0,0,0,0,0,0,0,0,0,369000,0,0,0,430000,61000,369000,369000
060243,潤泰全元大9C購02,0,0,0,0,0,0,0,0,0,368000,0,0,0,399000,31000,368000,368000
058101,台積電富邦9C購01,0,0,0,0,0,0,0,0,0,366000,0,0,0,396000,30000,366000,366000
060880,中壽中信9C購01  ,0,0,0,0,0,0,0,0,0,366000,0,0,0,373000,7000,366000,366000
064406,健策凱基03購01  ,0,0,0,0,0,0,0,0,0,365000,0,0,0,709000,344000,365000,365000
2377,微星            ,1545230,690213,855017,0,0,0,134000,442000,-308000,-183000,14000,48000,-34000,8000,157000,-149000,364017
07131P,緯穎元大99售06  ,0,0,0,0,0,0,0,0,0,364000,0,0,0,456000,92000,364000,364000
060790,日月光富邦9A購01,0,0,0,0,0,0,0,0,0,364000,0,0,0,374000,10000,364000,364000
058534,友達統一9B購01  ,0,0,0,0,0,0,0,0,0,364000,0,0,0,374000,10000,364000,364000
059090,台新金元大99購01,0,0,0,0,0,0,0,0,0,363000,0,0,0,364000,1000,363000,363000
056289,合勤控永豐97購01,0,0,0,0,0,0,0,0,0,362000,0,0,0,362000,0,362000,362000
057231,美律凱基98購05  ,0,0,0,0,0,0,0,0,0,362000,0,0,0,386000,24000,362000,362000
063924,致新元富9C購01  ,0,0,0,0,0,0,0,0,0,361000,0,0,0,446000,85000,361000,361000
055421,玉晶光永豐98購04,0,0,0,0,0,0,0,0,0,361000,0,0,0,361000,0,361000,361000
055931,冠德群益97購02  ,0,0,0,0,0,0,0,0,0,361000,0,0,0,370000,9000,361000,361000
049463,華新科富邦97購01,0,0,0,0,0,0,0,0,0,361000,0,0,0,361000,0,361000,361000
060428,瑞祺永豐9A購01  ,0,0,0,0,0,0,0,0,0,358000,0,0,0,510000,152000,358000,358000
064204,瑞儀兆豐01購01  ,0,0,0,0,0,0,0,0,0,356000,0,0,0,366000,10000,356000,356000
062707,致伸元大9B購01  ,0,0,0,0,0,0,0,0,0,356000,0,0,0,447000,91000,356000,356000
2204,中華            ,768000,336400,431600,0,0,0,0,1000,-1000,-75000,1000,76000,-75000,0,0,0,355600
00762,元大全球AI      ,0,0,0,0,0,0,0,0,0,355000,0,0,0,355000,0,355000,355000
059643,日月光凱基99購02,0,0,0,0,0,0,0,0,0,354000,0,0,0,388000,34000,354000,354000
061723,嘉聯益永豐9A購03,0,0,0,0,0,0,0,0,0,353000,0,0,0,353000,0,353000,353000
061974,光寶科元大9B購01,0,0,0,0,0,0,0,0,0,353000,0,0,0,491000,138000,353000,353000
063819,致新群益9C購01  ,0,0,0,0,0,0,0,0,0,351000,0,0,0,391000,40000,351000,351000
06813P,友訊元富98售03  ,0,0,0,0,0,0,0,0,0,351000,0,0,0,366000,15000,351000,351000
060763,聯鈞元大9A購03  ,0,0,0,0,0,0,0,0,0,351000,0,0,0,369000,18000,351000,351000
062230,緯穎統一01購01  ,0,0,0,0,0,0,0,0,0,351000,0,0,0,476000,125000,351000,351000
054343,世紀鋼元富96購02,0,0,0,0,0,0,0,0,0,350000,0,0,0,390000,40000,350000,350000
046942,友達元大99購01  ,0,0,0,0,0,0,0,0,0,350000,0,0,0,885000,535000,350000,350000
060857,旭富富邦9B購01  ,0,0,0,0,0,0,0,0,0,350000,0,0,0,360000,10000,350000,350000
054528,台光電統一96購02,0,0,0,0,0,0,0,0,0,349000,0,0,0,474000,125000,349000,349000
2385,群光            ,2186000,1750964,435036,0,0,0,0,57000,-57000,-30000,3000,0,3000,2000,35000,-33000,348036
056392,玉晶光富邦9C購01,0,0,0,0,0,0,0,0,0,348000,0,0,0,348000,0,348000,348000
057517,矽創元富98購02  ,0,0,0,0,0,0,0,0,0,347000,0,0,0,417000,70000,347000,347000
060640,京鼎永豐9A購01  ,0,0,0,0,0,0,0,0,0,347000,0,0,0,388000,41000,347000,347000
3041,揚智            ,2362000,2011000,351000,0,0,0,0,0,0,-4000,0,4000,-4000,0,0,0,347000
058876,南電國票9A購02  ,0,0,0,0,0,0,0,0,0,345000,0,0,0,569000,224000,345000,345000
061101,道瓊銀元大9A購02,0,0,0,0,0,0,0,0,0,345000,0,0,0,406000,61000,345000,345000
063388,台光電兆豐9C購01,0,0,0,0,0,0,0,0,0,344000,0,0,0,364000,20000,344000,344000
064173,國產元富9C購01  ,0,0,0,0,0,0,0,0,0,342000,0,0,0,437000,95000,342000,342000
057385,光罩永豐99購01  ,0,0,0,0,0,0,0,0,0,342000,0,0,0,342000,0,342000,342000
055744,茂林元富97購02  ,0,0,0,0,0,0,0,0,0,340000,0,0,0,380000,40000,340000,340000
062332,大立光統一9B購11,0,0,0,0,0,0,0,0,0,339000,0,0,0,431000,92000,339000,339000
055496,高鐵元大97購02  ,0,0,0,0,0,0,0,0,0,338000,0,0,0,438000,100000,338000,338000
056619,強茂永豐98購01  ,0,0,0,0,0,0,0,0,0,337000,0,0,0,362000,25000,337000,337000
060367,緯穎元富9A購02  ,0,0,0,0,0,0,0,0,0,337000,0,0,0,475000,138000,337000,337000
058901,美律元大99購07  ,0,0,0,0,0,0,0,0,0,336000,0,0,0,431000,95000,336000,336000
060234,凱美元大9C購01  ,0,0,0,0,0,0,0,0,0,334000,0,0,0,764000,430000,334000,334000
057804,為升元大98購01  ,0,0,0,0,0,0,0,0,0,334000,0,0,0,376000,42000,334000,334000
057626,技嘉富邦9A購01  ,0,0,0,0,0,0,0,0,0,332000,0,0,0,378000,46000,332000,332000
057181,亞光元大98購02  ,0,0,0,0,0,0,0,0,0,332000,0,0,0,337000,5000,332000,332000
063062,群創元富9B購01  ,0,0,0,0,0,0,0,0,0,332000,0,0,0,375000,43000,332000,332000
058540,嘉聯益國泰9A購02,0,0,0,0,0,0,0,0,0,331000,0,0,0,331000,0,331000,331000
063798,台積電凱基02購03,0,0,0,0,0,0,0,0,0,330000,0,0,0,355000,25000,330000,330000
062526,友達統一01購01  ,0,0,0,0,0,0,0,0,0,330000,0,0,0,353000,23000,330000,330000
063567,漢唐元大9B購03  ,0,0,0,0,0,0,0,0,0,330000,0,0,0,550000,220000,330000,330000
062593,健策統一9B購03  ,0,0,0,0,0,0,0,0,0,329000,0,0,0,995000,666000,329000,329000
060437,宏全永豐9A購01  ,0,0,0,0,0,0,0,0,0,328000,0,0,0,333000,5000,328000,328000
056320,京鼎群益99購01  ,0,0,0,0,0,0,0,0,0,328000,0,0,0,442000,114000,328000,328000
055383,GIS元大97購02   ,0,0,0,0,0,0,0,0,0,328000,0,0,0,328000,0,328000,328000
2387,精元            ,1103000,585000,518000,0,0,0,0,0,0,-192000,1000,131000,-130000,15000,77000,-62000,326000
057455,景碩國泰99購01  ,0,0,0,0,0,0,0,0,0,326000,0,0,0,326000,0,326000,326000
060122,亞德客永豐99購02,0,0,0,0,0,0,0,0,0,326000,0,0,0,329000,3000,326000,326000
060807,新光金群益9A購01,0,0,0,0,0,0,0,0,0,326000,0,0,0,960000,634000,326000,326000
055433,嘉聯益群益99購01,0,0,0,0,0,0,0,0,0,324000,0,0,0,329000,5000,324000,324000
020012,富邦行動通訊N   ,0,0,0,0,0,0,0,0,0,324000,0,0,0,354000,30000,324000,324000
051659,力山國泰97購01  ,0,0,0,0,0,0,0,0,0,323000,0,0,0,345000,22000,323000,323000
057798,貿聯兆豐99購01  ,0,0,0,0,0,0,0,0,0,323000,0,0,0,413000,90000,323000,323000
059480,美律群益9A購01  ,0,0,0,0,0,0,0,0,0,323000,0,0,0,323000,0,323000,323000
060954,國泰金群益9A購02,0,0,0,0,0,0,0,0,0,323000,0,0,0,424000,101000,323000,323000
055891,鴻海統一9A購01  ,0,0,0,0,0,0,0,0,0,322000,0,0,0,1373000,1051000,322000,322000
07000P,T50反1元大99售03,0,0,0,0,0,0,0,0,0,321000,0,0,0,402000,81000,321000,321000
06721P,臺股指中信9A售03,0,0,0,0,0,0,0,0,0,321000,0,0,0,397000,76000,321000,321000
062846,國泰金富邦9C購01,0,0,0,0,0,0,0,0,0,320000,0,0,0,360000,40000,320000,320000
063360,茂林國泰9C購02  ,0,0,0,0,0,0,0,0,0,320000,0,0,0,522000,202000,320000,320000
064174,致新元富9C購02  ,0,0,0,0,0,0,0,0,0,317000,0,0,0,349000,32000,317000,317000
063292,致新元大9B購02  ,0,0,0,0,0,0,0,0,0,315000,0,0,0,440000,125000,315000,315000
06701P,臺股指統一99售06,0,0,0,0,0,0,0,0,0,314000,0,0,0,832000,518000,314000,314000
07649P,金像電永豐9A售02,0,0,0,0,0,0,0,0,0,314000,0,0,0,840000,526000,314000,314000
8028,昇陽半導體      ,685000,352000,333000,0,0,0,0,0,0,-19000,0,0,0,2000,21000,-19000,314000
058495,元大金群益9B購01,0,0,0,0,0,0,0,0,0,312000,0,0,0,312000,0,312000,312000
063393,華通群益9C購05  ,0,0,0,0,0,0,0,0,0,312000,0,0,0,322000,10000,312000,312000
063691,聯鈞永豐9B購01  ,0,0,0,0,0,0,0,0,0,312000,0,0,0,344000,32000,312000,312000
056404,嘉聯益群益9A購01,0,0,0,0,0,0,0,0,0,311000,0,0,0,318000,7000,311000,311000
061074,儒鴻兆豐9B購01  ,0,0,0,0,0,0,0,0,0,311000,0,0,0,313000,2000,311000,311000
059188,京元電富邦9B購01,0,0,0,0,0,0,0,0,0,310000,0,0,0,666000,356000,310000,310000
063449,全新統一9B購02  ,0,0,0,0,0,0,0,0,0,310000,0,0,0,327000,17000,310000,310000
062279,晶豪科群益9B購01,0,0,0,0,0,0,0,0,0,310000,0,0,0,360000,50000,310000,310000
061951,南電群益9B購01  ,0,0,0,0,0,0,0,0,0,310000,0,0,0,397000,87000,310000,310000
064241,貿聯統一02購02  ,0,0,0,0,0,0,0,0,0,308000,0,0,0,382000,74000,308000,308000
064147,瑞昱統一01購04  ,0,0,0,0,0,0,0,0,0,308000,0,0,0,611000,303000,308000,308000
056508,揚明光永豐98購01,0,0,0,0,0,0,0,0,0,308000,0,0,0,334000,26000,308000,308000
054795,合勤控群益98購01,0,0,0,0,0,0,0,0,0,308000,0,0,0,308000,0,308000,308000
058154,泰碩統一9A購01  ,0,0,0,0,0,0,0,0,0,308000,0,0,0,332000,24000,308000,308000
061356,南電元大9A購06  ,0,0,0,0,0,0,0,0,0,307000,0,0,0,592000,285000,307000,307000
058776,台積電國票9A購03,0,0,0,0,0,0,0,0,0,306000,0,0,0,306000,0,306000,306000
063291,緯穎元大01購01  ,0,0,0,0,0,0,0,0,0,306000,0,0,0,358000,52000,306000,306000
063100,聚陽群益9C購02  ,0,0,0,0,0,0,0,0,0,305000,0,0,0,305000,0,305000,305000
07248P,可成凱基99售06  ,0,0,0,0,0,0,0,0,0,304000,0,0,0,324000,20000,304000,304000
060720,嘉聯益永豐9A購02,0,0,0,0,0,0,0,0,0,303000,0,0,0,303000,0,303000,303000
053973,晶豪科元大96購01,0,0,0,0,0,0,0,0,0,302000,0,0,0,302000,0,302000,302000
056926,日月光兆豐98購01,0,0,0,0,0,0,0,0,0,302000,0,0,0,302000,0,302000,302000
059009,世紀鋼元大99購04,0,0,0,0,0,0,0,0,0,302000,0,0,0,431000,129000,302000,302000
063362,台表科國泰01購03,0,0,0,0,0,0,0,0,0,302000,0,0,0,302000,0,302000,302000
062164,禾伸堂國泰01購01,0,0,0,0,0,0,0,0,0,302000,0,0,0,332000,30000,302000,302000
059581,日月光元富99購02,0,0,0,0,0,0,0,0,0,301000,0,0,0,370000,69000,301000,301000
060868,致伸永豐9A購01  ,0,0,0,0,0,0,0,0,0,301000,0,0,0,352000,51000,301000,301000
07361P,聯發科元大99售34,0,0,0,0,0,0,0,0,0,300000,0,0,0,300000,0,300000,300000
050673,旺宏富邦96購02  ,0,0,0,0,0,0,0,0,0,300000,0,0,0,300000,0,300000,300000
063296,可成麥證9B購01  ,0,0,0,316000,15000,301000,0,0,0,300000,0,0,0,319000,19000,300000,300000
062519,元金2X元大9B購03,0,0,0,0,0,0,0,0,0,300000,0,0,0,300000,0,300000,300000
063874,志超永豐9C購01  ,0,0,0,0,0,0,0,0,0,299000,0,0,0,309000,10000,299000,299000
059047,元油2X凱基9A購10,0,0,0,0,0,0,0,0,0,299000,0,0,0,310000,11000,299000,299000
062867,東元中信9B購01  ,0,0,0,0,0,0,0,0,0,299000,0,0,0,311000,12000,299000,299000
3413,京鼎            ,605000,184000,421000,0,0,0,0,0,0,-122000,5000,40000,-35000,4000,91000,-87000,299000
047995,台達電元大96購01,0,0,0,0,0,0,0,0,0,298000,0,0,0,407000,109000,298000,298000
052863,友達凱基98購02  ,0,0,0,0,0,0,0,0,0,298000,0,0,0,368000,70000,298000,298000
058898,台積電元大99購20,0,0,0,0,0,0,0,0,0,297000,0,0,0,898000,601000,297000,297000
062589,友達統一9C購03  ,0,0,0,0,0,0,0,0,0,297000,0,0,0,297000,0,297000,297000
056268,新日興統一97購01,0,0,0,0,0,0,0,0,0,296000,0,0,0,296000,0,296000,296000
063774,GIS富邦9B購02   ,0,0,0,0,0,0,0,0,0,295000,0,0,0,355000,60000,295000,295000
064290,GIS元大9C購04   ,0,0,0,0,0,0,0,0,0,294000,0,0,0,320000,26000,294000,294000
056603,嘉聯益國泰9A購01,0,0,0,0,0,0,0,0,0,294000,0,0,0,301000,7000,294000,294000
058611,欣興元大99購06  ,0,0,0,0,0,0,0,0,0,294000,0,0,0,353000,59000,294000,294000
2436,偉詮電          ,433000,141000,292000,0,0,0,0,0,0,0,0,0,0,0,0,0,292000
057649,嘉聯益元大99購04,0,0,0,0,0,0,0,0,0,291000,0,0,0,320000,29000,291000,291000
057149,京鼎國票99購02  ,0,0,0,0,0,0,0,0,0,291000,0,0,0,342000,51000,291000,291000
055896,南電統一97購02  ,0,0,0,0,0,0,0,0,0,290000,0,0,0,464000,174000,290000,290000
055317,金寶國票98購01  ,0,0,0,0,0,0,0,0,0,290000,0,0,0,290000,0,290000,290000
006205,富邦上証        ,236000,4000,232000,0,0,0,0,0,0,58000,260000,80000,180000,1022000,1144000,-122000,290000
9933,中鼎            ,1514000,1193000,321000,0,0,0,0,75000,-75000,43000,65000,22000,43000,0,0,0,289000
062817,富邦金兆豐9B購01,0,0,0,0,0,0,0,0,0,288000,0,0,0,423000,135000,288000,288000
055063,玉晶光永豐99購01,0,0,0,0,0,0,0,0,0,287000,0,0,0,320000,33000,287000,287000
060156,光磊永豐9A購01  ,0,0,0,0,0,0,0,0,0,287000,0,0,0,368000,81000,287000,287000
063391,南電兆豐9C購01  ,0,0,0,0,0,0,0,0,0,287000,0,0,0,293000,6000,287000,287000
051003,中環中信97購01  ,0,0,0,0,0,0,0,0,0,285000,0,0,0,285000,0,285000,285000
063107,矽創群益9B購01  ,0,0,0,0,0,0,0,0,0,285000,0,0,0,425000,140000,285000,285000
059680,台積電國泰9A購03,0,0,0,0,0,0,0,0,0,284000,0,0,0,294000,10000,284000,284000
061247,玉晶光群益9A購09,0,0,0,0,0,0,0,0,0,284000,0,0,0,299000,15000,284000,284000
053361,友達元富99購01  ,0,0,0,0,0,0,0,0,0,283000,0,0,0,473000,190000,283000,283000
060289,京元電元大9A購01,0,0,0,0,0,0,0,0,0,283000,0,0,0,575000,292000,283000,283000
057567,嘉聯益富邦9A購01,0,0,0,0,0,0,0,0,0,283000,0,0,0,300000,17000,283000,283000
061660,禾伸堂永豐9A購01,0,0,0,0,0,0,0,0,0,283000,0,0,0,286000,3000,283000,283000
6533,晶心科          ,358000,85000,273000,0,0,0,0,0,0,10000,10000,0,10000,0,0,0,283000
063136,智邦統一9B購02  ,0,0,0,0,0,0,0,0,0,282000,0,0,0,802000,520000,282000,282000
053865,欣興元大97購02  ,0,0,0,0,0,0,0,0,0,281000,0,0,0,330000,49000,281000,281000
062013,奇鋐富邦9B購01  ,0,0,0,0,0,0,0,0,0,281000,0,0,0,303000,22000,281000,281000
052003,泰碩國泰97購02  ,0,0,0,0,0,0,0,0,0,280000,0,0,0,382000,102000,280000,280000
041991,元油2X國票98購01,0,0,0,0,0,0,0,0,0,280000,0,0,0,280000,0,280000,280000
058215,貿聯群益99購02  ,0,0,0,0,0,0,0,0,0,280000,0,0,0,280000,0,280000,280000
060791,聯茂富邦9A購02  ,0,0,0,0,0,0,0,0,0,280000,0,0,0,300000,20000,280000,280000
061771,玉晶光元大9C購04,0,0,0,0,0,0,0,0,0,280000,0,0,0,280000,0,280000,280000
057075,嘉聯益永豐98購01,0,0,0,0,0,0,0,0,0,279000,0,0,0,282000,3000,279000,279000
057606,健策統一98購03  ,0,0,0,0,0,0,0,0,0,279000,0,0,0,422000,143000,279000,279000
062673,台新金中信03購01,0,0,0,0,0,0,0,0,0,279000,0,0,0,299000,20000,279000,279000
056136,京鼎元大98購01  ,0,0,0,0,0,0,0,0,0,278000,0,0,0,278000,0,278000,278000
060583,南亞科元富9A購05,0,0,0,0,0,0,0,0,0,278000,0,0,0,279000,1000,278000,278000
062733,巨大凱基9B購01  ,0,0,0,0,0,0,0,0,0,278000,0,0,0,286000,8000,278000,278000
063983,麗豐兆豐9C購01  ,0,0,0,0,0,0,0,0,0,277000,0,0,0,280000,3000,277000,277000
064496,聯發科元大9C購10,0,0,0,0,0,0,0,0,0,277000,0,0,0,360000,83000,277000,277000
063206,貿聯統一9C購02  ,0,0,0,0,0,0,0,0,0,277000,0,0,0,318000,41000,277000,277000
054569,GIS群益98購01   ,0,0,0,0,0,0,0,0,0,276000,0,0,0,291000,15000,276000,276000
058507,美律元大9A購01  ,0,0,0,0,0,0,0,0,0,276000,0,0,0,358000,82000,276000,276000
4746,台耀            ,618000,348000,270000,0,0,0,0,0,0,6000,8000,2000,6000,0,0,0,276000
03680C,臺股指凱基9A牛26,0,0,0,0,0,0,0,0,0,274000,0,0,0,431000,157000,274000,274000
060489,世紀鋼群益9A購01,0,0,0,0,0,0,0,0,0,273000,0,0,0,320000,47000,273000,273000
059424,SGBR2X元大9A購01,0,0,0,0,0,0,0,0,0,273000,0,0,0,395000,122000,273000,273000
061168,力成兆豐9A購01  ,0,0,0,0,0,0,0,0,0,273000,0,0,0,353000,80000,273000,273000
057184,群創元大98購05  ,0,0,0,0,0,0,0,0,0,273000,0,0,0,273000,0,273000,273000
053292,美律中信98購01  ,0,0,0,0,0,0,0,0,0,272000,0,0,0,282000,10000,272000,272000
057516,和鑫元富98購01  ,0,0,0,0,0,0,0,0,0,272000,0,0,0,474000,202000,272000,272000
057546,台積電凱基02購01,0,0,0,0,0,0,0,0,0,271000,0,0,0,271000,0,271000,271000
056113,新日興兆豐98購01,0,0,0,0,0,0,0,0,0,270000,0,0,0,270000,0,270000,270000
058523,聯茂元大99購08  ,0,0,0,0,0,0,0,0,0,270000,0,0,0,451000,181000,270000,270000
062271,華通群益9C購02  ,0,0,0,0,0,0,0,0,0,270000,0,0,0,319000,49000,270000,270000
057096,緯穎元富98購01  ,0,0,0,0,0,0,0,0,0,269000,0,0,0,303000,34000,269000,269000
064412,緯穎凱基01購01  ,0,0,0,0,0,0,0,0,0,268000,0,0,0,545000,277000,268000,268000
056579,麗豐元大99購01  ,0,0,0,0,0,0,0,0,0,268000,0,0,0,666000,398000,268000,268000
059101,康控統一9A購01  ,0,0,0,0,0,0,0,0,0,268000,0,0,0,283000,15000,268000,268000
061610,力成統一9C購01  ,0,0,0,0,0,0,0,0,0,268000,0,0,0,503000,235000,268000,268000
062981,祥碩元富9B購01  ,0,0,0,0,0,0,0,0,0,268000,0,0,0,470000,202000,268000,268000
059662,旭富元大9C購01  ,0,0,0,0,0,0,0,0,0,267000,0,0,0,300000,33000,267000,267000
057746,同欣電永豐98購02,0,0,0,0,0,0,0,0,0,267000,0,0,0,267000,0,267000,267000
061001,智邦兆豐9B購01  ,0,0,0,0,0,0,0,0,0,267000,0,0,0,380000,113000,267000,267000
052917,大立光富邦99購02,0,0,0,0,0,0,0,0,0,266000,0,0,0,266000,0,266000,266000
058247,聯茂元大99購04  ,0,0,0,0,0,0,0,0,0,266000,0,0,0,372000,106000,266000,266000
062740,致伸國票9B購01  ,0,0,0,0,0,0,0,0,0,266000,0,0,0,283000,17000,266000,266000
062491,矽創永豐9B購01  ,0,0,0,0,0,0,0,0,0,265000,0,0,0,265000,0,265000,265000
6582,申豐            ,362000,86000,276000,0,0,0,0,0,0,-12000,10000,22000,-12000,0,0,0,264000
058082,美律群益98購05  ,0,0,0,0,0,0,0,0,0,263000,0,0,0,263000,0,263000,263000
059914,台積電元大99購47,0,0,0,0,0,0,0,0,0,263000,0,0,0,263000,0,263000,263000
057633,緯穎永豐98購02  ,0,0,0,0,0,0,0,0,0,262000,0,0,0,300000,38000,262000,262000
061509,SP黃豆富邦9C購01,0,0,0,0,0,0,0,0,0,262000,0,0,0,349000,87000,262000,262000
062699,台積電元大01購02,0,0,0,0,0,0,0,0,0,262000,0,0,0,657000,395000,262000,262000
062649,緯穎富邦9B購03  ,0,0,0,0,0,0,0,0,0,262000,0,0,0,282000,20000,262000,262000
3437,榮創            ,692000,429000,263000,0,0,0,0,0,0,-1000,0,1000,-1000,0,0,0,262000
056786,亞光群益98購03  ,0,0,0,0,0,0,0,0,0,261000,0,0,0,277000,16000,261000,261000
056920,友達兆豐98購02  ,0,0,0,0,0,0,0,0,0,261000,0,0,0,261000,0,261000,261000
063959,GIS元大9C購02   ,0,0,0,0,0,0,0,0,0,260000,0,0,0,305000,45000,260000,260000
064202,景碩兆豐9C購01  ,0,0,0,0,0,0,0,0,0,260000,0,0,0,598000,338000,260000,260000
060792,信錦永豐9A購01  ,0,0,0,0,0,0,0,0,0,260000,0,0,0,260000,0,260000,260000
061897,泰碩永豐9B購01  ,0,0,0,0,0,0,0,0,0,260000,0,0,0,260000,0,260000,260000
055877,奇鋐元富97購01  ,0,0,0,0,0,0,0,0,0,259000,0,0,0,276000,17000,259000,259000
051979,群創凱基97購01  ,0,0,0,0,0,0,0,0,0,259000,0,0,0,269000,10000,259000,259000
062590,亞光統一9B購01  ,0,0,0,0,0,0,0,0,0,259000,0,0,0,274000,15000,259000,259000
063700,台積電群益9B購09,0,0,0,0,0,0,0,0,0,259000,0,0,0,269000,10000,259000,259000
063626,聚陽元大9B購03  ,0,0,0,0,0,0,0,0,0,259000,0,0,0,280000,21000,259000,259000
053919,可成國票97購02  ,0,0,0,0,0,0,0,0,0,258000,0,0,0,979000,721000,258000,258000
062890,祥碩群益9B購04  ,0,0,0,0,0,0,0,0,0,258000,0,0,0,258000,0,258000,258000
056617,美律永豐98購01  ,0,0,0,0,0,0,0,0,0,257000,0,0,0,258000,1000,257000,257000
058873,美律國票9A購02  ,0,0,0,0,0,0,0,0,0,257000,0,0,0,257000,0,257000,257000
062808,祥碩統一9C購01  ,0,0,0,0,0,0,0,0,0,257000,0,0,0,475000,218000,257000,257000
061005,可成兆豐9A購01  ,0,0,0,0,0,0,0,0,0,257000,0,0,0,399000,142000,257000,257000
053537,玉晶光永豐98購02,0,0,0,0,0,0,0,0,0,256000,0,0,0,313000,57000,256000,256000
061042,致新永豐9A購02  ,0,0,0,0,0,0,0,0,0,256000,0,0,0,265000,9000,256000,256000
057106,美律群益98購03  ,0,0,0,0,0,0,0,0,0,256000,0,0,0,356000,100000,256000,256000
055531,華新科群益98購03,0,0,0,0,0,0,0,0,0,255000,0,0,0,280000,25000,255000,255000
057186,群創元大99購04  ,0,0,0,0,0,0,0,0,0,255000,0,0,0,255000,0,255000,255000
059039,致伸群益99購01  ,0,0,0,0,0,0,0,0,0,255000,0,0,0,260000,5000,255000,255000
062881,緯創兆豐9C購01  ,0,0,0,0,0,0,0,0,0,255000,0,0,0,344000,89000,255000,255000
063587,漢唐永豐9B購02  ,0,0,0,0,0,0,0,0,0,255000,0,0,0,255000,0,255000,255000
063682,達新永豐9B購01  ,0,0,0,0,0,0,0,0,0,255000,0,0,0,270000,15000,255000,255000
054819,裕民元大9A購01  ,0,0,0,0,0,0,0,0,0,254000,0,0,0,262000,8000,254000,254000
063401,中租群益9B購03  ,0,0,0,0,0,0,0,0,0,254000,0,0,0,254000,0,254000,254000
060599,國巨凱基9C購01  ,0,0,0,0,0,0,0,0,0,253000,0,0,0,261000,8000,253000,253000
058741,欣興日盛99購01  ,0,0,0,0,0,0,0,0,0,253000,0,0,0,302000,49000,253000,253000
057357,超眾統一98購01  ,0,0,0,0,0,0,0,0,0,253000,0,0,0,253000,0,253000,253000
053186,健策中信9C購01  ,0,0,0,0,0,0,0,0,0,251000,0,0,0,324000,73000,251000,251000
056921,京元電兆豐98購01,0,0,0,0,0,0,0,0,0,251000,0,0,0,311000,60000,251000,251000
063663,台光電統一9C購01,0,0,0,0,0,0,0,0,0,251000,0,0,0,321000,70000,251000,251000
061006,新光金兆豐9A購01,0,0,0,0,0,0,0,0,0,251000,0,0,0,281000,30000,251000,251000
062427,嘉澤統一01購01  ,0,0,0,0,0,0,0,0,0,251000,0,0,0,261000,10000,251000,251000
056247,台郡群益97購01  ,0,0,0,0,0,0,0,0,0,250000,0,0,0,250000,0,250000,250000
052424,泰碩國票97購01  ,0,0,0,0,0,0,0,0,0,250000,0,0,0,250000,0,250000,250000
054624,台積電凱基98購03,0,0,0,0,0,0,0,0,0,250000,0,0,0,284000,34000,250000,250000
054241,深中小元大98購01,0,0,0,0,0,0,0,0,0,250000,0,0,0,250000,0,250000,250000
059908,元金2X元大99購01,0,0,0,0,0,0,0,0,0,250000,0,0,0,250000,0,250000,250000
056472,美律元大99購03  ,0,0,0,0,0,0,0,0,0,249000,0,0,0,255000,6000,249000,249000
062796,技嘉統一9C購01  ,0,0,0,0,0,0,0,0,0,249000,0,0,0,284000,35000,249000,249000
00753L,中信中國50正2   ,0,0,0,0,0,0,0,0,0,248000,0,0,0,424000,176000,248000,248000
05306P,泰碩國泰97售01  ,0,0,0,0,0,0,0,0,0,248000,0,0,0,288000,40000,248000,248000
059975,元金2X元大99購02,0,0,0,0,0,0,0,0,0,248000,0,0,0,263000,15000,248000,248000
060654,大毅群益9B購01  ,0,0,0,0,0,0,0,0,0,248000,0,0,0,269000,21000,248000,248000
063259,廣達富邦9C購01  ,0,0,0,0,0,0,0,0,0,248000,0,0,0,258000,10000,248000,248000
062226,臻鼎統一9B購01  ,0,0,0,0,0,0,0,0,0,248000,0,0,0,284000,36000,248000,248000
063635,漢唐元大9B購04  ,0,0,0,0,0,0,0,0,0,247000,0,0,0,406000,159000,247000,247000
056492,全新國泰9A購01  ,0,0,0,0,0,0,0,0,0,246000,0,0,0,260000,14000,246000,246000
055536,嘉聯益群益99購02,0,0,0,0,0,0,0,0,0,246000,0,0,0,249000,3000,246000,246000
055442,矽創國票98購02  ,0,0,0,0,0,0,0,0,0,245000,0,0,0,245000,0,245000,245000
056119,欣興群益97購02  ,0,0,0,0,0,0,0,0,0,245000,0,0,0,290000,45000,245000,245000
061033,台光電永豐9A購01,0,0,0,0,0,0,0,0,0,245000,0,0,0,292000,47000,245000,245000
060551,大立光凱基9B購02,0,0,0,0,0,0,0,0,0,243000,0,0,0,245000,2000,243000,243000
062136,南亞科群益9B購01,0,0,0,0,0,0,0,0,0,243000,0,0,0,243000,0,243000,243000
060874,中鋼中信02購01  ,0,0,0,0,0,0,0,0,0,242000,0,0,0,245000,3000,242000,242000
058735,南茂永豐99購01  ,0,0,0,0,0,0,0,0,0,242000,0,0,0,591000,349000,242000,242000
063268,GIS中信9B購01   ,0,0,0,0,0,0,0,0,0,241000,0,0,0,425000,184000,241000,241000
053398,和鑫中信99購01  ,0,0,0,0,0,0,0,0,0,240000,0,0,0,250000,10000,240000,240000
062837,復盛群益9B購01  ,0,0,0,0,0,0,0,0,0,240000,0,0,0,249000,9000,240000,240000
056674,華邦電元富98購01,0,0,0,0,0,0,0,0,0,239000,0,0,0,271000,32000,239000,239000
055593,華新科元大97購10,0,0,0,0,0,0,0,0,0,239000,0,0,0,239000,0,239000,239000
06900P,FBVIX國票12售01 ,0,0,0,0,0,0,0,0,0,238000,0,0,0,238000,0,238000,238000
057118,欣興日盛9A購01  ,0,0,0,0,0,0,0,0,0,238000,0,0,0,410000,172000,238000,238000
07174P,臺股指國票99售11,0,0,0,0,0,0,0,0,0,237000,0,0,0,660000,423000,237000,237000
060506,京元電元大9A購02,0,0,0,0,0,0,0,0,0,237000,0,0,0,304000,67000,237000,237000
059278,群創元大9A購04  ,0,0,0,0,0,0,0,0,0,237000,0,0,0,257000,20000,237000,237000
058399,美律元大99購05  ,0,0,0,0,0,0,0,0,0,237000,0,0,0,267000,30000,237000,237000
057671,群創元大9B購06  ,0,0,0,0,0,0,0,0,0,236000,0,0,0,247000,11000,236000,236000
059163,台積電凱基99購10,0,0,0,0,0,0,0,0,0,236000,0,0,0,242000,6000,236000,236000
064376,美律元富9C購01  ,0,0,0,0,0,0,0,0,0,235000,0,0,0,423000,188000,235000,235000
055610,光磊國票98購01  ,0,0,0,0,0,0,0,0,0,235000,0,0,0,235000,0,235000,235000
059139,全新兆豐9A購01  ,0,0,0,0,0,0,0,0,0,235000,0,0,0,385000,150000,235000,235000
057569,光磊永豐98購03  ,0,0,0,0,0,0,0,0,0,235000,0,0,0,308000,73000,235000,235000
061472,台積電元大9A購32,0,0,0,0,0,0,0,0,0,235000,0,0,0,262000,27000,235000,235000
055377,揚明光元大98購01,0,0,0,0,0,0,0,0,0,234000,0,0,0,244000,10000,234000,234000
046793,聯發科元富99購01,0,0,0,0,0,0,0,0,0,234000,0,0,0,234000,0,234000,234000
057940,和大國票99購01  ,0,0,0,0,0,0,0,0,0,234000,0,0,0,369000,135000,234000,234000
063782,致新永豐9B購02  ,0,0,0,0,0,0,0,0,0,233000,0,0,0,233000,0,233000,233000
060252,緯穎元大9A購02  ,0,0,0,0,0,0,0,0,0,233000,0,0,0,243000,10000,233000,233000
059948,正文永豐99購01  ,0,0,0,0,0,0,0,0,0,233000,0,0,0,275000,42000,233000,233000
058828,大毅永豐99購01  ,0,0,0,0,0,0,0,0,0,233000,0,0,0,233000,0,233000,233000
063470,泰鼎元大9B購03  ,0,0,0,0,0,0,0,0,0,233000,0,0,0,241000,8000,233000,233000
063566,台光電元大9B購08,0,0,0,0,0,0,0,0,0,233000,0,0,0,286000,53000,233000,233000
4956,光鋐            ,749000,516000,233000,0,0,0,0,0,0,0,1000,1000,0,0,0,0,233000
056061,國泰金元大97購02,0,0,0,0,0,0,0,0,0,231000,0,0,0,296000,65000,231000,231000
04788P,台積電永昌96售05,0,0,0,0,0,0,0,0,0,231000,0,0,0,231000,0,231000,231000
053297,鎧勝中信98購01  ,0,0,0,0,0,0,0,0,0,231000,0,0,0,477000,246000,231000,231000
060050,鴻海凱基9B購01  ,0,0,0,0,0,0,0,0,0,231000,0,0,0,252000,21000,231000,231000
063538,神達統一9C購01  ,0,0,0,0,0,0,0,0,0,231000,0,0,0,236000,5000,231000,231000
061583,矽創元大9A購01  ,0,0,0,0,0,0,0,0,0,231000,0,0,0,291000,60000,231000,231000
055245,凱美統一99購01  ,0,0,0,0,0,0,0,0,0,230000,0,0,0,230000,0,230000,230000
054075,GIS富邦97購02   ,0,0,0,0,0,0,0,0,0,230000,0,0,0,230000,0,230000,230000
03017X,元展17          ,0,0,0,0,0,0,0,0,0,230000,0,0,0,230000,0,230000,230000
058498,世紀鋼群益99購01,0,0,0,0,0,0,0,0,0,230000,0,0,0,233000,3000,230000,230000
063731,台積電元大9B購10,0,0,0,0,0,0,0,0,0,230000,0,0,0,568000,338000,230000,230000
062533,嘉澤統一9C購01  ,0,0,0,0,0,0,0,0,0,230000,0,0,0,238000,8000,230000,230000
060121,新光金富邦99購01,0,0,0,0,0,0,0,0,0,229000,0,0,0,249000,20000,229000,229000
058181,華新科國泰9B購01,0,0,0,0,0,0,0,0,0,229000,0,0,0,231000,2000,229000,229000
057770,亞德客群益98購01,0,0,0,0,0,0,0,0,0,228000,0,0,0,231000,3000,228000,228000
063438,聚陽統一9C購01  ,0,0,0,0,0,0,0,0,0,228000,0,0,0,300000,72000,228000,228000
057624,新日興國泰99購01,0,0,0,0,0,0,0,0,0,227000,0,0,0,227000,0,227000,227000
058834,GIS永豐99購01   ,0,0,0,0,0,0,0,0,0,227000,0,0,0,227000,0,227000,227000
058019,美律凱基99購04  ,0,0,0,0,0,0,0,0,0,227000,0,0,0,238000,11000,227000,227000
060194,旭富元富9A購01  ,0,0,0,0,0,0,0,0,0,227000,0,0,0,227000,0,227000,227000
057112,立積群益99購01  ,0,0,0,0,0,0,0,0,0,227000,0,0,0,270000,43000,227000,227000
062546,新日興永豐9B購01,0,0,0,0,0,0,0,0,0,227000,0,0,0,267000,40000,227000,227000
053396,漢唐中信9A購01  ,0,0,0,0,0,0,0,0,0,226000,0,0,0,279000,53000,226000,226000
057141,嘉聯益兆豐99購01,0,0,0,0,0,0,0,0,0,226000,0,0,0,226000,0,226000,226000
061102,台積電元大9A購22,0,0,0,0,0,0,0,0,0,226000,0,0,0,248000,22000,226000,226000
052926,旺宏元大98購02  ,0,0,0,0,0,0,0,0,0,225000,0,0,0,225000,0,225000,225000
054842,台達電兆豐98購01,0,0,0,0,0,0,0,0,0,225000,0,0,0,225000,0,225000,225000
057960,聯鈞元大98購02  ,0,0,0,0,0,0,0,0,0,225000,0,0,0,259000,34000,225000,225000
059438,群創元大99購06  ,0,0,0,0,0,0,0,0,0,225000,0,0,0,225000,0,225000,225000
061869,智邦元大9B購01  ,0,0,0,0,0,0,0,0,0,225000,0,0,0,452000,227000,225000,225000
059855,緯穎永豐99購04  ,0,0,0,0,0,0,0,0,0,224000,0,0,0,225000,1000,224000,224000
056791,嘉聯益群益98購01,0,0,0,0,0,0,0,0,0,223000,0,0,0,225000,2000,223000,223000
063999,日月光兆豐9C購01,0,0,0,0,0,0,0,0,0,222000,0,0,0,232000,10000,222000,222000
061417,力成群益9A購01  ,0,0,0,0,0,0,0,0,0,222000,0,0,0,222000,0,222000,222000
4106,雃博            ,548000,326000,222000,0,0,0,0,0,0,0,0,0,0,0,0,0,222000
2239,英利-KY         ,329000,108000,221000,0,0,0,0,0,0,0,0,0,0,0,0,0,221000
061520,健策中信9A購01  ,0,0,0,0,0,0,0,0,0,221000,0,0,0,253000,32000,221000,221000
3059,華晶科          ,377000,118000,259000,0,0,0,0,0,0,-38000,2000,40000,-38000,0,0,0,221000
064059,新日興麥證01購01,0,0,0,220000,0,220000,0,0,0,220000,0,0,0,220000,0,220000,220000
064137,台泥統一02購01  ,0,0,0,0,0,0,0,0,0,219000,0,0,0,219000,0,219000,219000
062550,啟碁永豐9B購01  ,0,0,0,0,0,0,0,0,0,219000,0,0,0,219000,0,219000,219000
053279,景碩元大97購01  ,0,0,0,0,0,0,0,0,0,218000,0,0,0,243000,25000,218000,218000
00672L,元大S&P原油正2  ,15000,0,15000,0,0,0,0,0,0,203000,365000,0,365000,70000,232000,-162000,218000
062534,力成統一01購01  ,0,0,0,0,0,0,0,0,0,218000,0,0,0,218000,0,218000,218000
063615,瑞祺群益9B購03  ,0,0,0,0,0,0,0,0,0,218000,0,0,0,229000,11000,218000,218000
057578,可成中信99購01  ,0,0,0,0,0,0,0,0,0,217000,0,0,0,260000,43000,217000,217000
058514,潤泰全元大99購01,0,0,0,0,0,0,0,0,0,217000,0,0,0,478000,261000,217000,217000
063373,晶技永豐9B購02  ,0,0,0,0,0,0,0,0,0,216000,0,0,0,216000,0,216000,216000
060942,智邦國票9A購02  ,0,0,0,0,0,0,0,0,0,216000,0,0,0,280000,64000,216000,216000
6491,晶碩            ,204000,194000,10000,0,0,0,198000,0,198000,8000,19000,11000,8000,0,0,0,216000
055276,台積電元大97購20,0,0,0,0,0,0,0,0,0,215000,0,0,0,235000,20000,215000,215000
056577,玉晶光元大99購06,0,0,0,0,0,0,0,0,0,215000,0,0,0,335000,120000,215000,215000
059999,緯穎元富99購01  ,0,0,0,0,0,0,0,0,0,215000,0,0,0,228000,13000,215000,215000
056909,嘉聯益元大99購03,0,0,0,0,0,0,0,0,0,214000,0,0,0,215000,1000,214000,214000
6706,惠特            ,454000,629000,-175000,0,0,0,382000,15000,367000,22000,22000,0,22000,0,0,0,214000
060360,南亞科元富9A購02,0,0,0,0,0,0,0,0,0,213000,0,0,0,244000,31000,213000,213000
060760,南亞科元大9A購04,0,0,0,0,0,0,0,0,0,213000,0,0,0,213000,0,213000,213000
063152,健策元富9C購01  ,0,0,0,0,0,0,0,0,0,213000,0,0,0,357000,144000,213000,213000
063815,玉晶光群益02購01,0,0,0,0,0,0,0,0,0,212000,0,0,0,296000,84000,212000,212000
054710,東元元富97購01  ,0,0,0,0,0,0,0,0,0,212000,0,0,0,238000,26000,212000,212000
061157,聯鈞群益9A購02  ,0,0,0,0,0,0,0,0,0,212000,0,0,0,232000,20000,212000,212000
060341,國巨統一9C購02  ,0,0,0,0,0,0,0,0,0,211000,0,0,0,213000,2000,211000,211000
056114,台達電群益97購02,0,0,0,0,0,0,0,0,0,211000,0,0,0,211000,0,211000,211000
056269,新日興統一98購01,0,0,0,0,0,0,0,0,0,210000,0,0,0,210000,0,210000,210000
057968,可成國泰9A購01  ,0,0,0,0,0,0,0,0,0,210000,0,0,0,210000,0,210000,210000
058374,玉晶光凱基9A購03,0,0,0,0,0,0,0,0,0,210000,0,0,0,211000,1000,210000,210000
057707,臺股指群益98購07,0,0,0,0,0,0,0,0,0,210000,0,0,0,210000,0,210000,210000
055218,彩晶凱基99購01  ,0,0,0,0,0,0,0,0,0,209000,0,0,0,209000,0,209000,209000
052366,聯詠國票96購01  ,0,0,0,0,0,0,0,0,0,209000,0,0,0,209000,0,209000,209000
062049,亞德客統一01購01,0,0,0,0,0,0,0,0,0,209000,0,0,0,472000,263000,209000,209000
064208,智邦凱基02購01  ,0,0,0,0,0,0,0,0,0,208000,0,0,0,352000,144000,208000,208000
06717P,可成元大98售09  ,0,0,0,0,0,0,0,0,0,208000,0,0,0,214000,6000,208000,208000
060322,卜蜂群益9A購01  ,0,0,0,0,0,0,0,0,0,208000,0,0,0,211000,3000,208000,208000
057647,欣興元大98購10  ,0,0,0,0,0,0,0,0,0,208000,0,0,0,374000,166000,208000,208000
061165,美律兆豐9A購01  ,0,0,0,0,0,0,0,0,0,208000,0,0,0,210000,2000,208000,208000
059168,奇力新凱基99購05,0,0,0,0,0,0,0,0,0,208000,0,0,0,208000,0,208000,208000
063515,香港2X凱基01購01,0,0,0,0,0,0,0,0,0,208000,0,0,0,223000,15000,208000,208000
061596,健策永豐9A購03  ,0,0,0,0,0,0,0,0,0,207000,0,0,0,228000,21000,207000,207000
4552,力達-KY         ,212000,107000,105000,0,0,0,103000,0,103000,-1000,0,1000,-1000,0,0,0,207000
064027,義隆元大9C購01  ,0,15000,-15000,0,0,0,0,0,0,221000,0,0,0,263000,42000,221000,206000
058327,大毅統一9B購01  ,0,0,0,0,0,0,0,0,0,206000,0,0,0,336000,130000,206000,206000
061986,晶豪科元大9B購01,0,0,0,0,0,0,0,0,0,206000,0,0,0,238000,32000,206000,206000
061911,台積電中信05購04,0,0,0,0,0,0,0,0,0,206000,0,0,0,206000,0,206000,206000
063428,矽創凱基9B購02  ,0,0,0,0,0,0,0,0,0,206000,0,0,0,226000,20000,206000,206000
07713P,台郡元大9A售03  ,0,0,0,0,0,0,0,0,0,205000,0,0,0,225000,20000,205000,205000
054446,美食兆豐97購01  ,0,0,0,0,0,0,0,0,0,205000,0,0,0,255000,50000,205000,205000
058951,南電群益99購01  ,0,0,0,0,0,0,0,0,0,205000,0,0,0,264000,59000,205000,205000
057045,美律元大99購04  ,0,0,0,0,0,0,0,0,0,204000,0,0,0,341000,137000,204000,204000
061535,群創統一9C購01  ,0,0,0,0,0,0,0,0,0,204000,0,0,0,204000,0,204000,204000
058497,新日興群益9B購01,0,0,0,0,0,0,0,0,0,203000,0,0,0,303000,100000,203000,203000
063148,建準元富9B購01  ,0,0,0,0,0,0,0,0,0,203000,0,0,0,285000,82000,203000,203000
063910,漢唐凱基9C購01  ,0,0,0,0,0,0,0,0,0,202000,0,0,0,230000,28000,202000,202000
064159,新日興統一01購02,0,0,0,0,0,0,0,0,0,202000,0,0,0,268000,66000,202000,202000
056177,嘉澤元富97購01  ,0,0,0,0,0,0,0,0,0,202000,0,0,0,222000,20000,202000,202000
058963,華新科兆豐99購05,0,0,0,0,0,0,0,0,0,202000,0,0,0,202000,0,202000,202000
060037,鴻海國票99購10  ,0,0,0,0,0,0,0,0,0,202000,0,0,0,202000,0,202000,202000
057601,中磊群益98購01  ,0,0,0,0,0,0,0,0,0,202000,0,0,0,222000,20000,202000,202000
063177,友達兆豐9B購01  ,0,0,0,0,0,0,0,0,0,202000,0,0,0,210000,8000,202000,202000
2376,技嘉            ,2898000,1589000,1309000,0,0,0,40000,588000,-548000,-560000,15000,364000,-349000,9000,220000,-211000,201000
061582,麗豐元大9A購01  ,0,0,0,0,0,0,0,0,0,201000,0,0,0,434000,233000,201000,201000
061923,友達凱基9B購04  ,0,0,0,0,0,0,0,0,0,201000,0,0,0,253000,52000,201000,201000
062220,台光電統一01購01,0,30000,-30000,0,0,0,0,0,0,231000,0,0,0,249000,18000,231000,201000
07659P,中租凱基9A售02  ,0,0,0,0,0,0,0,0,0,200000,0,0,0,200000,0,200000,200000
07623P,大立光統一9B售05,0,0,0,0,0,0,0,0,0,200000,0,0,0,200000,0,200000,200000
07902P,玉晶光國票01售01,0,0,0,0,0,0,0,0,0,200000,0,0,0,200000,0,200000,200000
056215,華新科國票97購03,0,0,0,0,0,0,0,0,0,200000,0,0,0,200000,0,200000,200000
056024,大立光群益97購05,0,0,0,0,0,0,0,0,0,200000,0,0,0,200000,0,200000,200000
055089,金寶群益98購01  ,0,0,0,0,0,0,0,0,0,200000,0,0,0,200000,0,200000,200000
054971,帆宣元大97購02  ,0,0,0,0,0,0,0,0,0,200000,0,0,0,200000,0,200000,200000
054600,中壽台新97購01  ,0,0,0,0,0,0,0,0,0,200000,0,0,0,200000,0,200000,200000
051634,大立光國票96購03,0,0,0,0,0,0,0,0,0,200000,0,0,0,200000,0,200000,200000
052654,友達統一97購01  ,0,0,0,0,0,0,0,0,0,200000,0,0,0,310000,110000,200000,200000
060660,國巨凱基9B購04  ,0,0,0,0,0,0,0,0,0,200000,0,0,0,200000,0,200000,200000
061527,牧德凱基9A購02  ,2000,0,2000,0,0,0,0,0,0,198000,0,0,0,270000,72000,198000,200000
062704,大毅元大9C購01  ,0,0,0,0,0,0,0,0,0,200000,0,0,0,203000,3000,200000,200000
055502,群創元大9C購03  ,0,0,0,0,0,0,0,0,0,199000,0,0,0,200000,1000,199000,199000
062746,致伸永豐9B購01  ,0,0,0,0,0,0,0,0,0,199000,0,0,0,217000,18000,199000,199000
062908,晶豪科元大9B購03,0,0,0,0,0,0,0,0,0,199000,0,0,0,201000,2000,199000,199000
061553,南電群益9A購03  ,0,0,0,0,0,0,0,0,0,199000,0,0,0,319000,120000,199000,199000
2363,矽統            ,1490000,1291000,199000,0,0,0,0,0,0,-1000,3000,4000,-1000,0,0,0,198000
055515,聚陽中信9A購01  ,0,0,0,0,0,0,0,0,0,198000,0,0,0,198000,0,198000,198000
056286,奇鋐永豐97購01  ,0,0,0,0,0,0,0,0,0,198000,0,0,0,201000,3000,198000,198000
053889,致茂群益97購01  ,0,0,0,0,0,0,0,0,0,198000,0,0,0,198000,0,198000,198000
061147,上証2X群益9C購06,0,0,0,0,0,0,0,0,0,198000,0,0,0,198000,0,198000,198000
058973,麗豐永豐99購01  ,0,0,0,0,0,0,0,0,0,198000,0,0,0,260000,62000,198000,198000
062592,牧德統一01購01  ,0,0,0,0,0,0,0,0,0,198000,0,0,0,222000,24000,198000,198000
063484,達方元大9B購01  ,0,0,0,0,0,0,0,0,0,198000,0,0,0,358000,160000,198000,198000
063539,世紀鋼統一9B購02,0,0,0,0,0,0,0,0,0,198000,0,0,0,198000,0,198000,198000
056265,國泰金統一97購01,0,0,0,0,0,0,0,0,0,197000,0,0,0,202000,5000,197000,197000
058194,勤誠永豐99購01  ,0,0,0,0,0,0,0,0,0,197000,0,0,0,247000,50000,197000,197000
062393,智邦富邦9B購01  ,0,0,0,0,0,0,0,0,0,197000,0,0,0,249000,52000,197000,197000
055196,致新元富97購01  ,0,0,0,0,0,0,0,0,0,196000,0,0,0,222000,26000,196000,196000
059611,台積電永豐99購05,0,0,0,0,0,0,0,0,0,196000,0,0,0,301000,105000,196000,196000
057716,神達統一98購01  ,0,0,0,0,0,0,0,0,0,196000,0,0,0,196000,0,196000,196000
058506,台積電元大99購09,0,0,0,0,0,0,0,0,0,196000,0,0,0,279000,83000,196000,196000
061722,健策永豐9B購03  ,0,0,0,0,0,0,0,0,0,196000,0,0,0,239000,43000,196000,196000
061026,南電富邦9B購01  ,0,0,0,0,0,0,0,0,0,196000,0,0,0,222000,26000,196000,196000
055668,欣興群益97購01  ,0,0,0,0,0,0,0,0,0,195000,0,0,0,226000,31000,195000,195000
054890,聯鈞統一99購01  ,0,0,0,0,0,0,0,0,0,194000,0,0,0,196000,2000,194000,194000
006208,富邦台50        ,4000,4000,0,0,0,0,0,0,0,194000,0,0,0,775000,581000,194000,194000
060361,南亞科元富9A購03,0,0,0,0,0,0,0,0,0,193000,0,0,0,215000,22000,193000,193000
058173,台積電凱基99購04,0,0,0,0,0,0,0,0,0,193000,0,0,0,215000,22000,193000,193000
058145,聯茂元大99購03  ,0,0,0,0,0,0,0,0,0,193000,0,0,0,193000,0,193000,193000
061976,國巨元大9B購01  ,0,0,0,0,0,0,0,0,0,193000,0,0,0,200000,7000,193000,193000
062022,緯穎永豐9B購01  ,0,0,0,0,0,0,0,0,0,193000,0,0,0,193000,0,193000,193000
07674P,金融類元大9A售01,0,0,0,0,0,0,0,0,0,192000,0,0,0,200000,8000,192000,192000
060482,東元富邦9A購01  ,0,0,0,0,0,0,0,0,0,192000,0,0,0,192000,0,192000,192000
060307,南港永豐9A購01  ,0,0,0,0,0,0,0,0,0,192000,0,0,0,370000,178000,192000,192000
06024P,台郡國票97售05  ,0,0,0,0,0,0,0,0,0,192000,0,0,0,297000,105000,192000,192000
053294,聯發科中信9C購01,0,0,0,0,0,0,0,0,0,192000,0,0,0,222000,30000,192000,192000
063310,和大群益9B購02  ,0,0,0,0,0,0,0,0,0,191000,0,0,0,265000,74000,191000,191000
056968,揚明光永豐98購02,0,0,0,0,0,0,0,0,0,190000,0,0,0,200000,10000,190000,190000
056324,南亞科兆豐98購01,0,0,0,0,0,0,0,0,0,190000,0,0,0,200000,10000,190000,190000
055417,健策富邦98購02  ,0,0,0,0,0,0,0,0,0,190000,0,0,0,191000,1000,190000,190000
058213,欣興群益99購01  ,0,0,0,0,0,0,0,0,0,190000,0,0,0,265000,75000,190000,190000
058052,南電元大98購02  ,0,0,0,0,0,0,0,0,0,190000,0,0,0,293000,103000,190000,190000
062197,聯發科中信01購03,0,0,0,0,0,0,0,0,0,190000,0,0,0,190000,0,190000,190000
061686,SP黃豆群益9A購04,0,0,0,0,0,0,0,0,0,190000,0,0,0,190000,0,190000,190000
054185,喬山永豐96購02  ,0,0,0,0,0,0,0,0,0,189000,0,0,0,189000,0,189000,189000
058337,日月光元富99購01,0,0,0,0,0,0,0,0,0,189000,0,0,0,220000,31000,189000,189000
062906,全新元大9B購03  ,0,0,0,0,0,0,0,0,0,189000,0,0,0,234000,45000,189000,189000
054354,技嘉富邦97購01  ,0,0,0,0,0,0,0,0,0,188000,0,0,0,188000,0,188000,188000
059042,世紀鋼群益99購02,0,0,0,0,0,0,0,0,0,188000,0,0,0,248000,60000,188000,188000
062827,神基群益9B購01  ,0,0,0,0,0,0,0,0,0,188000,0,0,0,208000,20000,188000,188000
063465,友達元大9C購10  ,0,0,0,0,0,0,0,0,0,188000,0,0,0,214000,26000,188000,188000
050992,台積電元大97購01,0,0,0,0,0,0,0,0,0,187000,0,0,0,213000,26000,187000,187000
056211,南港國票98購01  ,0,0,0,0,0,0,0,0,0,187000,0,0,0,568000,381000,187000,187000
060513,緯穎元大9B購01  ,0,0,0,0,0,0,0,0,0,187000,0,0,0,240000,53000,187000,187000
057719,欣興元富02購01  ,0,0,0,0,0,0,0,0,0,187000,0,0,0,532000,345000,187000,187000
062994,祥碩群益9B購05  ,0,0,0,0,0,0,0,0,0,187000,0,0,0,244000,57000,187000,187000
062007,台光電國泰9C購01,0,0,0,0,0,0,0,0,0,187000,0,0,0,328000,141000,187000,187000
057713,美律統一99購01  ,0,0,0,0,0,0,0,0,0,186000,0,0,0,186000,0,186000,186000
062156,美律凱基9B購01  ,0,0,0,0,0,0,0,0,0,186000,0,0,0,193000,7000,186000,186000
063138,聯發科統一01購05,0,0,0,0,0,0,0,0,0,186000,0,0,0,191000,5000,186000,186000
3605,宏致            ,352000,168000,184000,0,0,0,0,0,0,2000,3000,1000,2000,0,0,0,186000
064122,國巨元大9C購17  ,0,0,0,0,0,0,0,0,0,185000,0,0,0,185000,0,185000,185000
060411,達新永豐9A購01  ,0,0,0,0,0,0,0,0,0,185000,0,0,0,329000,144000,185000,185000
051382,玉晶光群益98購02,0,0,0,0,0,0,0,0,0,185000,0,0,0,209000,24000,185000,185000
051485,玉晶光凱基97購02,0,0,0,0,0,0,0,0,0,185000,0,0,0,201000,16000,185000,185000
061106,群創元大9B購09  ,0,0,0,0,0,0,0,0,0,185000,0,0,0,185000,0,185000,185000
063091,聯電中信9B購01  ,0,0,0,0,0,0,0,0,0,185000,0,0,0,345000,160000,185000,185000
062565,漢唐中信9C購01  ,0,0,0,0,0,0,0,0,0,185000,0,0,0,185000,0,185000,185000
060503,技嘉元大9A購01  ,0,0,0,0,0,0,0,0,0,184000,0,0,0,351000,167000,184000,184000
059607,台積電富邦9C購04,0,0,0,0,0,0,0,0,0,184000,0,0,0,287000,103000,184000,184000
058656,燿華中信99購01  ,0,0,0,0,0,0,0,0,0,184000,0,0,0,465000,281000,184000,184000
062564,矽創凱基9B購01  ,0,0,0,0,0,0,0,0,0,184000,0,0,0,290000,106000,184000,184000
061295,台積電國泰9B購02,0,0,0,0,0,0,0,0,0,184000,0,0,0,205000,21000,184000,184000
07917P,可成永豐9B售01  ,0,0,0,0,0,0,0,0,0,183000,0,0,0,183000,0,183000,183000
057992,大立光日盛98購01,0,0,0,0,0,0,0,0,0,183000,0,0,0,208000,25000,183000,183000
060191,亞光元富9A購02  ,0,0,0,0,0,0,0,0,0,183000,0,0,0,235000,52000,183000,183000
061077,國巨兆豐9B購01  ,0,0,0,0,0,0,0,0,0,183000,0,0,0,201000,18000,183000,183000
055817,京鼎國票99購01  ,0,0,0,0,0,0,0,0,0,182000,0,0,0,182000,0,182000,182000
058025,聯茂國泰99購01  ,0,0,0,0,0,0,0,0,0,182000,0,0,0,248000,66000,182000,182000
062572,元金反群益9C購01,0,0,0,0,0,0,0,0,0,182000,0,0,0,198000,16000,182000,182000
06730P,祥碩元大98售07  ,0,0,0,0,0,0,0,0,0,181000,0,0,0,374000,193000,181000,181000
052653,臺股指永豐97購01,0,0,0,0,0,0,0,0,0,181000,0,0,0,181000,0,181000,181000
055259,玉晶光統一9A購01,0,0,0,0,0,0,0,0,0,181000,0,0,0,201000,20000,181000,181000
058110,光寶科元富98購01,0,0,0,0,0,0,0,0,0,181000,0,0,0,284000,103000,181000,181000
058353,國巨凱基99購09  ,0,0,0,0,0,0,0,0,0,181000,0,0,0,201000,20000,181000,181000
063944,建準元大9C購01  ,0,0,0,0,0,0,0,0,0,180000,0,0,0,180000,0,180000,180000
055244,國巨統一98購01  ,0,0,0,0,0,0,0,0,0,180000,0,0,0,180000,0,180000,180000
052838,新唐國泰98購01  ,0,0,0,0,0,0,0,0,0,180000,0,0,0,200000,20000,180000,180000
049584,台積電元大96購04,0,0,0,0,0,0,0,0,0,180000,0,0,0,591000,411000,180000,180000
03678C,臺股指凱基01牛02,0,0,0,0,0,0,0,0,0,180000,0,0,0,198000,18000,180000,180000
057340,玉晶光元富98購04,0,0,0,0,0,0,0,0,0,180000,0,0,0,269000,89000,180000,180000
061095,台積電台新9B購03,0,0,0,0,0,0,0,0,0,180000,0,0,0,190000,10000,180000,180000
062924,世紀鋼元大9C購04,0,0,0,0,0,0,0,0,0,180000,0,0,0,180000,0,180000,180000
063287,嘉澤元大9B購05  ,0,0,0,0,0,0,0,0,0,180000,0,0,0,200000,20000,180000,180000
060936,T50反1國票9A購09,0,0,0,0,0,0,0,0,0,180000,0,0,0,200000,20000,180000,180000
2704,國賓            ,73000,92000,-19000,0,0,0,0,0,0,199000,200000,1000,199000,0,0,0,180000
2727,王品            ,257000,77000,180000,0,0,0,0,0,0,0,0,0,0,0,0,0,180000
063779,華邦電永豐9B購01,0,0,0,0,0,0,0,0,0,179000,0,0,0,189000,10000,179000,179000
055380,智易元大98購02  ,0,0,0,0,0,0,0,0,0,179000,0,0,0,179000,0,179000,179000
059938,凱美永豐99購01  ,0,0,0,0,0,0,0,0,0,179000,0,0,0,179000,0,179000,179000
058931,玉晶光統一9C購01,0,0,0,0,0,0,0,0,0,179000,0,0,0,208000,29000,179000,179000
062886,中興電群益9B購01,0,0,0,0,0,0,0,0,0,179000,0,0,0,179000,0,179000,179000
07913P,友達元大01售01  ,0,0,0,0,0,0,0,0,0,178000,0,0,0,182000,4000,178000,178000
050854,世紀鋼國票97購01,0,0,0,0,0,0,0,0,0,178000,0,0,0,200000,22000,178000,178000
061939,中租國票9B購01  ,0,0,0,0,0,0,0,0,0,178000,0,0,0,178000,0,178000,178000
1604,聲寶            ,417000,245000,172000,0,0,0,0,0,0,5000,6000,1000,5000,0,0,0,177000
058193,緯穎永豐99購01  ,0,0,0,0,0,0,0,0,0,177000,0,0,0,190000,13000,177000,177000
062983,緯穎元富9B購01  ,0,0,0,0,0,0,0,0,0,177000,0,0,0,242000,65000,177000,177000
06431P,新日興元大97售05,0,0,0,0,0,0,0,0,0,176000,0,0,0,191000,15000,176000,176000
054558,劍麟群益99購01  ,0,0,0,0,0,0,0,0,0,176000,0,0,0,320000,144000,176000,176000
057592,美律兆豐99購01  ,0,0,0,0,0,0,0,0,0,176000,0,0,0,180000,4000,176000,176000
058928,國巨統一9C購01  ,0,0,0,0,0,0,0,0,0,176000,0,0,0,507000,331000,176000,176000
062269,葡萄王群益9B購01,0,0,0,0,0,0,0,0,0,176000,0,0,0,262000,86000,176000,176000
061592,義隆永豐9A購03  ,0,0,0,0,0,0,0,0,0,176000,0,0,0,307000,131000,176000,176000
00680L,元大美債20正2   ,79000,0,79000,0,0,0,0,0,0,96000,0,0,0,120000,24000,96000,175000
055252,新光金統一98購02,0,0,0,0,0,0,0,0,0,175000,0,0,0,175000,0,175000,175000
053761,健策國泰98購01  ,0,0,0,0,0,0,0,0,0,175000,0,0,0,175000,0,175000,175000
054961,玉晶光元大99購01,0,0,0,0,0,0,0,0,0,175000,0,0,0,175000,0,175000,175000
060043,全新群益9B購02  ,0,0,0,0,0,0,0,0,0,175000,0,0,0,179000,4000,175000,175000
059283,康友永豐99購02  ,0,0,0,0,0,0,0,0,0,175000,0,0,0,177000,2000,175000,175000
062654,技嘉永豐9B購01  ,0,0,0,0,0,0,0,0,0,175000,0,0,0,175000,0,175000,175000
055611,燿華國票98購02  ,0,0,0,0,0,0,0,0,0,174000,0,0,0,214000,40000,174000,174000
060653,全新群益9A購02  ,0,0,0,0,0,0,0,0,0,174000,0,0,0,174000,0,174000,174000
058522,聯茂元大99購07  ,0,0,0,0,0,0,0,0,0,174000,0,0,0,430000,256000,174000,174000
057863,美律凱基9A購01  ,0,0,0,0,0,0,0,0,0,174000,0,0,0,174000,0,174000,174000
063288,泰鼎元大9B購02  ,0,0,0,0,0,0,0,0,0,174000,0,0,0,176000,2000,174000,174000
053754,英業達元富96購02,0,0,0,0,0,0,0,0,0,173000,0,0,0,173000,0,173000,173000
062170,健策永豐9B購04  ,0,0,0,0,0,0,0,0,0,173000,0,0,0,197000,24000,173000,173000
061873,友達元大9C購07  ,0,0,0,0,0,0,0,0,0,173000,0,0,0,200000,27000,173000,173000
055039,神達富邦99購01  ,0,0,0,0,0,0,0,0,0,172000,0,0,0,177000,5000,172000,172000
057175,美律元大98購03  ,0,0,0,0,0,0,0,0,0,172000,0,0,0,513000,341000,172000,172000
062035,瑞祺群益9B購01  ,0,0,0,0,0,0,0,0,0,172000,0,0,0,280000,108000,172000,172000
062682,全新統一9B購01  ,0,0,0,0,0,0,0,0,0,172000,0,0,0,182000,10000,172000,172000
056844,欣興元富98購03  ,0,0,0,0,0,0,0,0,0,171000,0,0,0,203000,32000,171000,171000
060283,台肥元大9C購01  ,0,0,0,0,0,0,0,0,0,171000,0,0,0,176000,5000,171000,171000
056130,新日興麥證97購01,0,0,0,196000,25000,171000,0,0,0,171000,0,0,0,196000,25000,171000,171000
060230,台積電元大9A購07,0,0,0,0,0,0,0,0,0,171000,0,0,0,182000,11000,171000,171000
054291,高鐵元大97購01  ,0,0,0,0,0,0,0,0,0,171000,0,0,0,371000,200000,171000,171000
053770,元金2X元大98購01,0,0,0,0,0,0,0,0,0,170000,0,0,0,170000,0,170000,170000
056639,國產康和98購01  ,0,0,0,0,0,0,0,0,0,170000,0,0,0,297000,127000,170000,170000
060556,緯穎凱基9A購04  ,0,0,0,0,0,0,0,0,0,170000,0,0,0,285000,115000,170000,170000
059786,全新元大99購06  ,0,0,0,0,0,0,0,0,0,169000,0,0,0,169000,0,169000,169000
062655,漢唐永豐9B購01  ,0,0,0,0,0,0,0,0,0,169000,0,0,0,272000,103000,169000,169000
062948,台積電富邦01購02,0,0,0,0,0,0,0,0,0,169000,0,0,0,244000,75000,169000,169000
064108,創意兆豐9C購01  ,0,0,0,0,0,0,0,0,0,168000,0,0,0,168000,0,168000,168000
03648C,T50反1元大96牛07,0,0,0,0,0,0,0,0,0,168000,0,0,0,190000,22000,168000,168000
056589,康控統一98購01  ,0,0,0,0,0,0,0,0,0,168000,0,0,0,218000,50000,168000,168000
059277,群創元大99購05  ,0,0,0,0,0,0,0,0,0,168000,0,0,0,213000,45000,168000,168000
063709,上銀凱基9B購07  ,0,0,0,0,0,0,0,0,0,168000,0,0,0,168000,0,168000,168000
07030P,鈺齊群益99售01  ,0,0,0,0,0,0,0,0,0,167000,0,0,0,178000,11000,167000,167000
060990,新光金元大9B購03,0,0,0,0,0,0,0,0,0,167000,0,0,0,167000,0,167000,167000
056694,欣興群益98購04  ,0,0,0,0,0,0,0,0,0,166000,0,0,0,247000,81000,166000,166000
058950,國巨群益99購06  ,0,0,0,0,0,0,0,0,0,166000,0,0,0,189000,23000,166000,166000
063497,東元永豐9B購01  ,0,0,0,0,0,0,0,0,0,166000,0,0,0,166000,0,166000,166000
06891P,緯穎富邦99售03  ,0,0,0,0,0,0,0,0,0,165000,0,0,0,180000,15000,165000,165000
064351,中租元大9C購01  ,0,0,0,0,0,0,0,0,0,165000,0,0,0,167000,2000,165000,165000
053827,漢唐麥證9A購01  ,0,0,0,190000,10000,180000,0,0,0,165000,0,0,0,190000,25000,165000,165000
057972,群創富邦9C購01  ,0,0,0,0,0,0,0,0,0,165000,0,0,0,165000,0,165000,165000
063295,京元電麥證9B購01,0,0,0,165000,0,165000,0,0,0,165000,0,0,0,165000,0,165000,165000
061704,景碩國票9A購01  ,0,0,0,0,0,0,0,0,0,165000,0,0,0,348000,183000,165000,165000
056820,欣興永豐98購02  ,0,0,0,0,0,0,0,0,0,164000,0,0,0,200000,36000,164000,164000
056287,亞光永豐97購02  ,0,0,0,0,0,0,0,0,0,164000,0,0,0,164000,0,164000,164000
056068,欣興元大97購05  ,0,0,0,0,0,0,0,0,0,163000,0,0,0,204000,41000,163000,163000
060008,華邦電群益9A購01,0,0,0,0,0,0,0,0,0,163000,0,0,0,193000,30000,163000,163000
061859,勤誠國票9B購01  ,0,0,0,0,0,0,0,0,0,163000,0,0,0,163000,0,163000,163000
062264,南六元大9B購02  ,0,0,0,0,0,0,0,0,0,163000,0,0,0,202000,39000,163000,163000
062289,緯穎群益9B購01  ,0,0,0,0,0,0,0,0,0,163000,0,0,0,168000,5000,163000,163000
064409,彩晶凱基04購01  ,0,0,0,0,0,0,0,0,0,162000,0,0,0,194000,32000,162000,162000
05131P,聯詠統一97售01  ,0,0,0,0,0,0,0,0,0,162000,0,0,0,162000,0,162000,162000
061318,智邦凱基9B購01  ,0,0,0,0,0,0,0,0,0,162000,0,0,0,320000,158000,162000,162000
062596,緯穎統一01購02  ,0,0,0,0,0,0,0,0,0,162000,0,0,0,172000,10000,162000,162000
063952,玉晶光元大01購01,0,0,0,0,0,0,0,0,0,161000,0,0,0,161000,0,161000,161000
056450,可成凱基98購05  ,0,0,0,0,0,0,0,0,0,161000,0,0,0,361000,200000,161000,161000
062760,漢唐凱基9B購01  ,0,0,0,0,0,0,0,0,0,161000,0,0,0,181000,20000,161000,161000
063722,遠東新元大9B購02,0,0,0,0,0,0,0,0,0,161000,0,0,0,182000,21000,161000,161000
064036,矽創元大9C購01  ,0,0,0,0,0,0,0,0,0,160000,0,0,0,346000,186000,160000,160000
064244,GIS統一02購01   ,0,0,0,0,0,0,0,0,0,160000,0,0,0,170000,10000,160000,160000
07805P,義隆永豐9A售02  ,0,0,0,0,0,0,0,0,0,160000,0,0,0,180000,20000,160000,160000
08055P,臺股指國票9B售20,0,0,0,0,0,0,0,0,0,160000,0,0,0,192000,32000,160000,160000
054553,宏達電凱基99購01,0,0,0,0,0,0,0,0,0,160000,0,0,0,160000,0,160000,160000
053585,友達元大9C購03  ,0,0,0,0,0,0,0,0,0,160000,0,0,0,160000,0,160000,160000
059860,台積電群益9A購02,0,0,0,0,0,0,0,0,0,160000,0,0,0,183000,23000,160000,160000
057071,華擎永豐98購02  ,0,0,0,0,0,0,0,0,0,160000,0,0,0,380000,220000,160000,160000
060619,玉晶光元大9A購03,0,0,0,0,0,0,0,0,0,160000,0,0,0,170000,10000,160000,160000
063184,台光電凱基9B購03,0,0,0,0,0,0,0,0,0,160000,0,0,0,215000,55000,160000,160000
062163,大毅國泰01購01  ,0,0,0,0,0,0,0,0,0,160000,0,0,0,170000,10000,160000,160000
061882,矽創元大9B購01  ,0,0,0,0,0,0,0,0,0,160000,0,0,0,266000,106000,160000,160000
056477,欣興元大98購02  ,0,0,0,0,0,0,0,0,0,159000,0,0,0,174000,15000,159000,159000
056941,台郡元富9B購01  ,0,0,0,0,0,0,0,0,0,159000,0,0,0,169000,10000,159000,159000
060309,佳世達永豐9A購01,0,0,0,0,0,0,0,0,0,159000,0,0,0,159000,0,159000,159000
06050P,玉晶光國票98售01,0,0,0,0,0,0,0,0,0,159000,0,0,0,179000,20000,159000,159000
056906,玉晶光元大9B購01,0,0,0,0,0,0,0,0,0,159000,0,0,0,699000,540000,159000,159000
062026,華邦電群益9B購01,0,0,0,0,0,0,0,0,0,159000,0,0,0,159000,0,159000,159000
063429,南電凱基01購01  ,0,0,0,0,0,0,0,0,0,159000,0,0,0,219000,60000,159000,159000
062766,台郡凱基9B購02  ,0,0,0,0,0,0,0,0,0,159000,0,0,0,184000,25000,159000,159000
062633,亞光國票9B購01  ,0,0,0,0,0,0,0,0,0,159000,0,0,0,162000,3000,159000,159000
064176,京元電國泰01購01,0,0,0,0,0,0,0,0,0,158000,0,0,0,181000,23000,158000,158000
060280,元金2X元大9A購01,0,0,0,0,0,0,0,0,0,158000,0,0,0,158000,0,158000,158000
058927,勤誠元富99購02  ,0,0,0,0,0,0,0,0,0,158000,0,0,0,158000,0,158000,158000
062721,美律凱基9B購02  ,0,0,0,0,0,0,0,0,0,158000,0,0,0,163000,5000,158000,158000
061783,友達群益9B購01  ,0,0,0,0,0,0,0,0,0,158000,0,0,0,178000,20000,158000,158000
064135,復盛元大9C購01  ,0,0,0,0,0,0,0,0,0,157000,0,0,0,167000,10000,157000,157000
058781,康友國票9A購01  ,0,0,0,0,0,0,0,0,0,157000,0,0,0,200000,43000,157000,157000
054559,台光電群益99購01,0,0,0,0,0,0,0,0,0,156000,0,0,0,156000,0,156000,156000
058747,友達凱基9A購03  ,0,0,0,0,0,0,0,0,0,156000,0,0,0,156000,0,156000,156000
060747,聯鈞國票9A購02  ,0,0,0,0,0,0,0,0,0,156000,0,0,0,175000,19000,156000,156000
061227,日月光中信9B購01,0,0,0,0,0,0,0,0,0,156000,0,0,0,171000,15000,156000,156000
063314,美律群益9B購01  ,0,0,0,0,0,0,0,0,0,156000,0,0,0,185000,29000,156000,156000
063623,祥碩兆豐9B購02  ,0,0,0,0,0,0,0,0,0,156000,0,0,0,381000,225000,156000,156000
053805,奇鋐凱基98購02  ,0,0,0,0,0,0,0,0,0,155000,0,0,0,227000,72000,155000,155000
057525,光磊元大99購01  ,0,0,0,0,0,0,0,0,0,155000,0,0,0,155000,0,155000,155000
063405,聯發科國票9C購03,0,0,0,0,0,0,0,0,0,155000,0,0,0,194000,39000,155000,155000
062611,台灣50元大9B購18,0,0,0,0,0,0,0,0,0,155000,0,0,0,155000,0,155000,155000
062093,台積電富邦9C購11,0,0,0,0,0,0,0,0,0,155000,0,0,0,230000,75000,155000,155000
061823,勤誠群益9B購01  ,0,0,0,0,0,0,0,0,0,155000,0,0,0,155000,0,155000,155000
063846,智邦元大9C購01  ,0,0,0,0,0,0,0,0,0,154000,0,0,0,564000,410000,154000,154000
060843,大立光國票9A購06,0,0,0,0,0,0,0,0,0,154000,0,0,0,154000,0,154000,154000
062363,燿華元大9B購03  ,0,0,0,0,0,0,0,0,0,154000,0,0,0,318000,164000,154000,154000
063120,台光電元大9C購01,0,0,0,0,0,0,0,0,0,154000,0,0,0,234000,80000,154000,154000
063528,元大金凱基9B購01,0,0,0,0,0,0,0,0,0,154000,0,0,0,174000,20000,154000,154000
064026,建準元大9C購02  ,0,0,0,0,0,0,0,0,0,153000,0,0,0,154000,1000,153000,153000
058282,聯茂中信99購01  ,0,0,0,0,0,0,0,0,0,153000,0,0,0,153000,0,153000,153000
063161,祥碩富邦9B購02  ,0,0,0,0,0,0,0,0,0,153000,0,0,0,153000,0,153000,153000
062062,貿聯統一01購01  ,0,0,0,0,0,0,0,0,0,153000,0,0,0,290000,137000,153000,153000
061517,瑞祺永豐9A購03  ,0,0,0,0,0,0,0,0,0,153000,0,0,0,238000,85000,153000,153000
058263,大成鋼永豐99購01,0,0,0,0,0,0,0,0,0,152000,0,0,0,152000,0,152000,152000
057638,上銀元大99購01  ,0,0,0,0,0,0,0,0,0,152000,0,0,0,158000,6000,152000,152000
060960,金像電凱基9B購01,0,0,0,0,0,0,0,0,0,152000,0,0,0,186000,34000,152000,152000
062831,嘉澤群益9B購01  ,0,0,0,0,0,0,0,0,0,152000,0,0,0,152000,0,152000,152000
1514,亞力            ,480000,331000,149000,0,0,0,0,0,0,2000,2000,0,2000,0,0,0,151000
057690,美律凱基99購03  ,0,0,0,0,0,0,0,0,0,151000,0,0,0,151000,0,151000,151000
058134,信邦元大99購01  ,0,0,0,0,0,0,0,0,0,151000,0,0,0,162000,11000,151000,151000
062490,聯茂永豐9B購01  ,0,0,0,0,0,0,0,0,0,151000,0,0,0,161000,10000,151000,151000
063344,臺企銀統一9C購01,0,0,0,0,0,0,0,0,0,151000,0,0,0,151000,0,151000,151000
061656,華新科國票9A購08,0,0,0,0,0,0,0,0,0,151000,0,0,0,152000,1000,151000,151000
061944,聯電群益9B購01  ,0,0,0,0,0,0,0,0,0,151000,0,0,0,165000,14000,151000,151000
062426,大立光統一02購02,0,0,0,0,0,0,0,0,0,151000,0,0,0,166000,15000,151000,151000
06604P,聯發科元富02售02,0,0,0,0,0,0,0,0,0,150000,0,0,0,292000,142000,150000,150000
053627,宏碁兆豐97購01  ,0,0,0,0,0,0,0,0,0,150000,0,0,0,150000,0,150000,150000
056529,中環凱基98購01  ,0,0,0,0,0,0,0,0,0,150000,0,0,0,150000,0,150000,150000
055094,智易群益98購01  ,0,0,0,0,0,0,0,0,0,150000,0,0,0,150000,0,150000,150000
058062,上銀中信98購01  ,0,0,0,0,0,0,0,0,0,150000,0,0,0,300000,150000,150000,150000
057990,美律統一99購02  ,0,0,0,0,0,0,0,0,0,150000,0,0,0,356000,206000,150000,150000
2608,嘉里大榮        ,242000,91000,151000,0,0,0,0,0,0,-1000,0,1000,-1000,0,0,0,150000
055295,瀚宇博元大97購02,0,0,0,0,0,0,0,0,0,149000,0,0,0,149000,0,149000,149000
052853,友達日盛99購01  ,0,0,0,0,0,0,0,0,0,149000,0,0,0,260000,111000,149000,149000
057662,上銀元大9A購01  ,0,0,0,0,0,0,0,0,0,149000,0,0,0,152000,3000,149000,149000
060104,新日興元大99購03,0,0,0,0,0,0,0,0,0,149000,0,0,0,153000,4000,149000,149000
064214,群創凱基03購01  ,0,0,0,0,0,0,0,0,0,148000,0,0,0,148000,0,148000,148000
07933P,大立光富邦9C售06,0,0,0,0,0,0,0,0,0,148000,0,0,0,155000,7000,148000,148000
058809,國巨統一9B購03  ,0,0,0,0,0,0,0,0,0,148000,0,0,0,288000,140000,148000,148000
057720,日電貿元富98購01,0,0,0,0,0,0,0,0,0,148000,0,0,0,148000,0,148000,148000
060708,康友富邦9B購01  ,0,0,0,0,0,0,0,0,0,148000,0,0,0,148000,0,148000,148000
062420,台積電統一9C購08,0,0,0,0,0,0,0,0,0,148000,0,0,0,223000,75000,148000,148000
061881,緯穎元大9B購02  ,0,0,0,0,0,0,0,0,0,148000,0,0,0,206000,58000,148000,148000
053745,康友國票97購01  ,0,0,0,0,0,0,0,0,0,147000,0,0,0,147000,0,147000,147000
051486,玉晶光凱基97購03,0,0,0,0,0,0,0,0,0,147000,0,0,0,169000,22000,147000,147000
058174,台積電凱基9A購05,0,0,0,0,0,0,0,0,0,147000,0,0,0,149000,2000,147000,147000
058017,漢唐凱基99購01  ,0,0,0,0,0,0,0,0,0,147000,0,0,0,214000,67000,147000,147000
057888,貿聯群益98購02  ,0,0,0,0,0,0,0,0,0,147000,0,0,0,147000,0,147000,147000
061540,台積電群益9A購07,0,0,0,0,0,0,0,0,0,147000,0,0,0,151000,4000,147000,147000
063591,麗豐永豐9B購02  ,0,0,0,0,0,0,0,0,0,147000,0,0,0,147000,0,147000,147000
063976,正崴兆豐9C購01  ,0,0,0,0,0,0,0,0,0,146000,0,0,0,250000,104000,146000,146000
051577,台積電元大97購03,0,0,0,0,0,0,0,0,0,146000,0,0,0,155000,9000,146000,146000
054378,楠梓電群益98購01,0,0,0,0,0,0,0,0,0,146000,0,0,0,168000,22000,146000,146000
056943,華通統一99購01  ,0,0,0,0,0,0,0,0,0,146000,0,0,0,193000,47000,146000,146000
060308,劍麟永豐9A購01  ,0,0,0,0,0,0,0,0,0,146000,0,0,0,249000,103000,146000,146000
059124,台積電第一03購01,0,0,0,0,0,0,0,0,0,146000,0,0,0,146000,0,146000,146000
060144,全新國票9B購01  ,0,0,0,0,0,0,0,0,0,146000,0,0,0,188000,42000,146000,146000
063179,群創兆豐9B購01  ,0,0,0,0,0,0,0,0,0,146000,0,0,0,231000,85000,146000,146000
061207,美律元大9A購04  ,0,0,0,0,0,0,0,0,0,146000,0,0,0,164000,18000,146000,146000
07466P,亞德客元大9A售02,0,0,0,0,0,0,0,0,0,145000,0,0,0,195000,50000,145000,145000
1410,南染            ,145000,0,145000,0,0,0,0,0,0,0,0,0,0,0,0,0,145000
056939,康控元富98購01  ,0,0,0,0,0,0,0,0,0,145000,0,0,0,145000,0,145000,145000
055416,欣興富邦98購01  ,0,0,0,0,0,0,0,0,0,145000,0,0,0,145000,0,145000,145000
057048,新日興元大98購01,0,0,0,0,0,0,0,0,0,145000,0,0,0,172000,27000,145000,145000
058614,台郡元大9A購01  ,0,0,0,0,0,0,0,0,0,145000,0,0,0,182000,37000,145000,145000
058526,鈺齊元大99購02  ,0,0,0,0,0,0,0,0,0,145000,0,0,0,233000,88000,145000,145000
063305,亞光凱基9B購01  ,0,0,0,0,0,0,0,0,0,145000,0,0,0,155000,10000,145000,145000
08036P,嘉澤群益9B售03  ,0,0,0,0,0,0,0,0,0,144000,0,0,0,646000,502000,144000,144000
064212,可成凱基03購01  ,0,0,0,0,0,0,0,0,0,144000,0,0,0,246000,102000,144000,144000
060414,中興電永豐9A購01,0,0,0,0,0,0,0,0,0,144000,0,0,0,144000,0,144000,144000
056669,貿聯國票99購01  ,0,0,0,0,0,0,0,0,0,144000,0,0,0,150000,6000,144000,144000
057458,TPK富邦9A購01   ,0,0,0,0,0,0,0,0,0,144000,0,0,0,154000,10000,144000,144000
057138,亞德客兆豐98購01,0,0,0,0,0,0,0,0,0,144000,0,0,0,144000,0,144000,144000
056657,華邦電元大99購01,0,0,0,0,0,0,0,0,0,143000,0,0,0,143000,0,143000,143000
060346,華新科統一01購01,0,0,0,0,0,0,0,0,0,143000,0,0,0,153000,10000,143000,143000
060505,友達元大9C購05  ,0,0,0,0,0,0,0,0,0,143000,0,0,0,283000,140000,143000,143000
059862,全新群益99購04  ,0,0,0,0,0,0,0,0,0,143000,0,0,0,180000,37000,143000,143000
060100,新光金元大9C購01,0,0,0,0,0,0,0,0,0,143000,0,0,0,143000,0,143000,143000
08027P,嘉晶元大9B售03  ,0,0,0,0,0,0,0,0,0,142000,0,0,0,340000,198000,142000,142000
055707,聯鈞永豐98購01  ,0,0,0,0,0,0,0,0,0,142000,0,0,0,150000,8000,142000,142000
046385,群創凱基98購03  ,0,0,0,0,0,0,0,0,0,142000,0,0,0,142000,0,142000,142000
058964,群創兆豐99購01  ,0,0,0,0,0,0,0,0,0,142000,0,0,0,142000,0,142000,142000
058324,嘉聯益永豐9A購01,0,0,0,0,0,0,0,0,0,142000,0,0,0,174000,32000,142000,142000
063502,南電永豐9B購02  ,0,0,0,0,0,0,0,0,0,142000,0,0,0,216000,74000,142000,142000
062663,聯發科群益9B購07,0,0,0,0,0,0,0,0,0,142000,0,0,0,188000,46000,142000,142000
063155,緯穎元富9B購03  ,0,0,0,0,0,0,0,0,0,142000,0,0,0,209000,67000,142000,142000
063781,健策永豐9B購08  ,0,0,0,0,0,0,0,0,0,141000,0,0,0,276000,135000,141000,141000
057347,國巨統一9A購03  ,0,0,0,0,0,0,0,0,0,141000,0,0,0,500000,359000,141000,141000
062644,中環國泰9C購01  ,0,0,0,0,0,0,0,0,0,141000,0,0,0,170000,29000,141000,141000
052331,漢唐亞東97購01  ,0,0,0,0,0,0,0,0,0,140000,0,0,0,140000,0,140000,140000
056084,漢唐統一97購03  ,0,0,0,0,0,0,0,0,0,140000,0,0,0,163000,23000,140000,140000
060305,得力永豐9A購01  ,0,0,0,0,0,0,0,0,0,140000,0,0,0,145000,5000,140000,140000
056993,GIS兆豐99購01   ,0,0,0,0,0,0,0,0,0,140000,0,0,0,140000,0,140000,140000
061914,台光電中信9B購01,0,0,0,0,0,0,0,0,0,140000,0,0,0,140000,0,140000,140000
2395,研華            ,438671,294010,144661,0,0,0,0,8000,-8000,3000,3000,0,3000,0,0,0,139661
07407P,欣興凱基99售07  ,0,0,0,0,0,0,0,0,0,139000,0,0,0,448000,309000,139000,139000
064268,緯穎永豐9C購01  ,0,0,0,0,0,0,0,0,0,139000,0,0,0,139000,0,139000,139000
059943,信邦永豐99購01  ,0,0,0,0,0,0,0,0,0,139000,0,0,0,171000,32000,139000,139000
061511,緯穎富邦9B購02  ,0,0,0,0,0,0,0,0,0,139000,0,0,0,1239000,1100000,139000,139000
061719,緯穎凱基9A購06  ,0,0,0,0,0,0,0,0,0,139000,0,0,0,139000,0,139000,139000
063205,貿聯統一9C購01  ,0,0,0,0,0,0,0,0,0,139000,0,0,0,154000,15000,139000,139000
2207,和泰車          ,478000,341226,136774,0,0,0,0,6000,-6000,8000,12000,4000,8000,0,0,0,138774
064524,GIS群益02購01   ,0,0,0,0,0,0,0,0,0,138000,0,0,0,141000,3000,138000,138000
056178,嘉澤元富97購02  ,0,0,0,0,0,0,0,0,0,138000,0,0,0,156000,18000,138000,138000
058580,華新科群益99購02,0,0,0,0,0,0,0,0,0,138000,0,0,0,138000,0,138000,138000
058361,美律凱基99購06  ,0,0,0,0,0,0,0,0,0,138000,0,0,0,161000,23000,138000,138000
062976,嘉澤元富9B購01  ,0,0,0,0,0,0,0,0,0,138000,0,0,0,148000,10000,138000,138000
08184P,可成永豐9B售03  ,0,0,0,0,0,0,0,0,0,137000,0,0,0,137000,0,137000,137000
056419,欣興元富98購02  ,0,0,0,0,0,0,0,0,0,137000,0,0,0,477000,340000,137000,137000
052986,聯發科元大97購05,0,0,0,0,0,0,0,0,0,137000,0,0,0,147000,10000,137000,137000
057824,日月光元大98購01,0,0,0,0,0,0,0,0,0,137000,0,0,0,153000,16000,137000,137000
062971,英業達元富9B購01,0,0,0,0,0,0,0,0,0,137000,0,0,0,150000,13000,137000,137000
063753,矽創國票9C購01  ,0,0,0,0,0,0,0,0,0,137000,0,0,0,172000,35000,137000,137000
061584,勤誠元大9A購01  ,0,0,0,0,0,0,0,0,0,137000,0,0,0,230000,93000,137000,137000
062458,全新群益9B購03  ,0,0,0,0,0,0,0,0,0,137000,0,0,0,137000,0,137000,137000
07830P,牧德凱基9A售03  ,0,0,0,0,0,0,0,0,0,136000,0,0,0,255000,119000,136000,136000
064385,台積電富邦03購02,0,0,0,0,0,0,0,0,0,136000,0,0,0,213000,77000,136000,136000
050679,上証2X元富97購02,0,0,0,0,0,0,0,0,0,136000,0,0,0,136000,0,136000,136000
056726,友達日盛9A購01  ,0,0,0,0,0,0,0,0,0,136000,0,0,0,188000,52000,136000,136000
061941,道瓊指群益9B購01,0,0,0,0,0,0,0,0,0,136000,0,0,0,136000,0,136000,136000
061353,康控元大9A購01  ,0,0,0,0,0,0,0,0,0,136000,0,0,0,180000,44000,136000,136000
062816,華新科兆豐9B購01,0,0,0,0,0,0,0,0,0,136000,0,0,0,231000,95000,136000,136000
064145,宏碁統一02購01  ,0,0,0,0,0,0,0,0,0,135000,0,0,0,599000,464000,135000,135000
064021,國巨元大9C購15  ,0,0,0,0,0,0,0,0,0,135000,0,0,0,135000,0,135000,135000
2108,南帝            ,549000,373000,176000,0,0,0,0,0,0,-41000,0,41000,-41000,0,0,0,135000
056214,義隆國票99購01  ,0,0,0,0,0,0,0,0,0,135000,0,0,0,151000,16000,135000,135000
057355,彩晶統一98購03  ,0,0,0,0,0,0,0,0,0,135000,0,0,0,135000,0,135000,135000
059922,大立光元大99購25,0,0,0,0,0,0,0,0,0,135000,0,0,0,179000,44000,135000,135000
060061,旺宏兆豐99購02  ,0,0,0,0,0,0,0,0,0,135000,0,0,0,165000,30000,135000,135000
058122,美律國票9A購01  ,0,0,0,0,0,0,0,0,0,135000,0,0,0,135000,0,135000,135000
062293,麗豐永豐9B購01  ,0,0,0,0,0,0,0,0,0,135000,0,0,0,138000,3000,135000,135000
6196,帆宣            ,564000,380000,184000,0,0,0,0,0,0,-49000,1000,0,1000,13000,63000,-50000,135000
064100,義隆群益9C購01  ,0,0,0,0,0,0,0,0,0,134000,0,0,0,217000,83000,134000,134000
060469,台勝科元大9A購02,0,0,0,0,0,0,0,0,0,134000,0,0,0,134000,0,134000,134000
062166,致新國泰01購01  ,0,0,0,0,0,0,0,0,0,134000,0,0,0,134000,0,134000,134000
062967,上銀元富9B購01  ,0,0,0,0,0,0,0,0,0,134000,0,0,0,175000,41000,134000,134000
062891,台汽電群益9B購01,0,0,0,0,0,0,0,0,0,134000,0,0,0,294000,160000,134000,134000
063622,健策兆豐9B購01  ,0,0,0,0,0,0,0,0,0,134000,0,0,0,282000,148000,134000,134000
8926,台汽電          ,248000,87000,161000,0,0,0,0,1000,-1000,-26000,0,19000,-19000,0,7000,-7000,134000
051471,國巨凱基97購01  ,0,0,0,0,0,0,0,0,0,133000,0,0,0,133000,0,133000,133000
059728,聯鈞元大99購01  ,0,0,0,0,0,0,0,0,0,133000,0,0,0,143000,10000,133000,133000
062984,致新元富9B購01  ,0,0,0,0,0,0,0,0,0,133000,0,0,0,265000,132000,133000,133000
063049,上海銀兆豐9B購01,0,0,0,0,0,0,0,0,0,133000,0,0,0,147000,14000,133000,133000
064024,漢唐元大9C購01  ,0,0,0,0,0,0,0,0,0,132000,0,0,0,259000,127000,132000,132000
08123P,台表科國票9C售01,0,0,0,0,0,0,0,0,0,132000,0,0,0,143000,11000,132000,132000
055376,群創元大01購01  ,0,0,0,0,0,0,0,0,0,132000,0,0,0,135000,3000,132000,132000
057405,麗豐群益98購01  ,0,0,0,0,0,0,0,0,0,132000,0,0,0,132000,0,132000,132000
063055,創意統一9B購02  ,0,0,0,0,0,0,0,0,0,132000,0,0,0,363000,231000,132000,132000
063143,嘉澤統一9B購02  ,0,0,0,0,0,0,0,0,0,132000,0,0,0,153000,21000,132000,132000
062914,嘉澤元大9B購02  ,0,0,0,0,0,0,0,0,0,132000,0,0,0,137000,5000,132000,132000
061390,大立光群益9A購04,0,0,0,0,0,0,0,0,0,132000,0,0,0,132000,0,132000,132000
061703,信邦國票9A購01  ,0,0,0,0,0,0,0,0,0,132000,0,0,0,142000,10000,132000,132000
07954P,台表科元大9B售02,0,0,0,0,0,0,0,0,0,131000,0,0,0,174000,43000,131000,131000
056586,光罩統一98購02  ,0,0,0,0,0,0,0,0,0,131000,0,0,0,140000,9000,131000,131000
052317,台積電元大96購11,0,0,0,0,0,0,0,0,0,131000,0,0,0,142000,11000,131000,131000
057927,勤誠凱基98購01  ,0,0,0,0,0,0,0,0,0,131000,0,0,0,151000,20000,131000,131000
059760,楠梓電永豐99購01,0,0,0,0,0,0,0,0,0,131000,0,0,0,186000,55000,131000,131000
057196,茂林台新98購01  ,0,0,0,0,0,0,0,0,0,131000,0,0,0,250000,119000,131000,131000
057240,茂林凱基9A購01  ,0,0,0,0,0,0,0,0,0,131000,0,0,0,143000,12000,131000,131000
061896,景碩永豐9B購01  ,0,0,0,0,0,0,0,0,0,131000,0,0,0,439000,308000,131000,131000
062542,南電國泰9C購01  ,0,0,0,0,0,0,0,0,0,131000,0,0,0,631000,500000,131000,131000
063759,義隆統一9C購01  ,0,0,0,0,0,0,0,0,0,131000,0,0,0,134000,3000,131000,131000
063762,緯穎統一9C購01  ,0,0,0,0,0,0,0,0,0,131000,0,0,0,143000,12000,131000,131000
063672,GIS統一9C購01   ,0,0,0,0,0,0,0,0,0,131000,0,0,0,305000,174000,131000,131000
3557,嘉威            ,345000,214000,131000,0,0,0,0,0,0,0,0,0,0,0,0,0,131000
06848P,聯詠元大98售04  ,0,0,0,0,0,0,0,0,0,130000,0,0,0,135000,5000,130000,130000
054317,昇陽半凱基98購01,0,0,0,0,0,0,0,0,0,130000,0,0,0,150000,20000,130000,130000
056101,光磊永豐98購01  ,0,0,0,0,0,0,0,0,0,130000,0,0,0,208000,78000,130000,130000
055343,國巨凱基97購03  ,0,0,0,0,0,0,0,0,0,130000,0,0,0,130000,0,130000,130000
055710,亞德客元大97購03,0,0,0,0,0,0,0,0,0,130000,0,0,0,157000,27000,130000,130000
055775,友達凱基9A購01  ,0,0,0,0,0,0,0,0,0,130000,0,0,0,135000,5000,130000,130000
058093,神達元大9A購01  ,0,0,0,0,0,0,0,0,0,130000,0,0,0,130000,0,130000,130000
058099,鴻海國泰9A購02  ,0,0,0,0,0,0,0,0,0,130000,0,0,0,130000,0,130000,130000
060716,新唐永豐9A購01  ,0,0,0,0,0,0,0,0,0,130000,0,0,0,130000,0,130000,130000
061050,康友中信9A購01  ,0,0,0,0,0,0,0,0,0,130000,0,0,0,130000,0,130000,130000
063294,美律麥證9B購01  ,0,0,0,137000,7000,130000,0,0,0,130000,0,0,0,137000,7000,130000,130000
061241,晶技兆豐9A購01  ,0,0,0,0,0,0,0,0,0,130000,0,0,0,144000,14000,130000,130000
063975,台積電兆豐9C購01,0,0,0,0,0,0,0,0,0,129000,0,0,0,217000,88000,129000,129000
064302,美律兆豐01購01  ,0,0,0,0,0,0,0,0,0,129000,0,0,0,129000,0,129000,129000
060355,元金2X元富9C購01,0,0,0,0,0,0,0,0,0,129000,0,0,0,158000,29000,129000,129000
04854P,鴻海國泰96售04  ,0,0,0,0,0,0,0,0,0,129000,0,0,0,129000,0,129000,129000
060850,康友國票9A購03  ,0,0,0,0,0,0,0,0,0,129000,0,0,0,136000,7000,129000,129000
059198,華新科永豐99購06,0,0,0,0,0,0,0,0,0,129000,0,0,0,157000,28000,129000,129000
058009,智易國票99購01  ,0,0,0,0,0,0,0,0,0,129000,0,0,0,162000,33000,129000,129000
061463,智邦群益9A購02  ,0,0,0,0,0,0,0,0,0,129000,0,0,0,189000,60000,129000,129000
062347,台光電群益9B購02,0,0,0,0,0,0,0,0,0,129000,0,0,0,129000,0,129000,129000
3030,德律            ,939000,814000,125000,0,0,0,0,0,0,4000,12000,8000,4000,0,0,0,129000
064007,嘉澤凱基02購01  ,0,0,0,0,0,0,0,0,0,128000,0,0,0,138000,10000,128000,128000
060312,潤泰全永豐9A購01,0,0,0,0,0,0,0,0,0,128000,0,0,0,128000,0,128000,128000
056622,高鐵永豐98購01  ,0,0,0,0,0,0,0,0,0,128000,0,0,0,196000,68000,128000,128000
058731,貿聯永豐99購02  ,0,0,0,0,0,0,0,0,0,128000,0,0,0,169000,41000,128000,128000
057733,嘉聯益國泰99購01,0,0,0,0,0,0,0,0,0,128000,0,0,0,128000,0,128000,128000
059833,緯穎康和99購01  ,0,0,0,0,0,0,0,0,0,128000,0,0,0,134000,6000,128000,128000
061762,台塑元大9B購01  ,0,0,0,0,0,0,0,0,0,128000,0,0,0,139000,11000,128000,128000
061699,燿華國票9A購01  ,0,0,0,0,0,0,0,0,0,128000,0,0,0,656000,528000,128000,128000
061224,道瓊反中信01購01,0,0,0,0,0,0,0,0,0,128000,0,0,0,193000,65000,128000,128000
063283,華新科元大9C購03,0,0,0,0,0,0,0,0,0,128000,0,0,0,128000,0,128000,128000
054770,健策國票98購01  ,0,0,0,0,0,0,0,0,0,127000,0,0,0,493000,366000,127000,127000
059976,道瓊銀元大99購01,0,0,0,0,0,0,0,0,0,127000,0,0,0,211000,84000,127000,127000
058379,臺股指凱基99購14,0,0,0,0,0,0,0,0,0,127000,0,0,0,363000,236000,127000,127000
059242,南亞科凱基99購06,0,0,0,0,0,0,0,0,0,127000,0,0,0,231000,104000,127000,127000
062601,富邦金台新9B購01,0,0,0,0,0,0,0,0,0,127000,0,0,0,206000,79000,127000,127000
061347,創意元大9A購02  ,0,0,0,0,0,0,0,0,0,127000,0,0,0,127000,0,127000,127000
060995,泰鼎元大9A購03  ,0,0,0,0,0,0,0,0,0,127000,0,0,0,143000,16000,127000,127000
061469,瑞祺群益9A購02  ,0,0,0,0,0,0,0,0,0,127000,0,0,0,133000,6000,127000,127000
062047,緯穎凱基9B購01  ,0,0,0,0,0,0,0,0,0,127000,0,0,0,154000,27000,127000,127000
2505,國揚            ,1390000,1228000,162000,0,0,0,0,0,0,-35000,0,120000,-120000,112000,27000,85000,127000
1476,儒鴻            ,726025,504972,221053,0,0,0,0,1000,-1000,-94000,14000,95000,-81000,8000,21000,-13000,126053
064151,義隆統一01購01  ,0,0,0,0,0,0,0,0,0,126000,0,0,0,390000,264000,126000,126000
055335,健策兆豐98購01  ,0,0,0,0,0,0,0,0,0,126000,0,0,0,156000,30000,126000,126000
060802,道瓊指中信9C購03,0,0,0,0,0,0,0,0,0,126000,0,0,0,126000,0,126000,126000
058546,玉晶光富邦9B購01,0,0,0,0,0,0,0,0,0,126000,0,0,0,306000,180000,126000,126000
062036,致新群益9B購01  ,0,0,0,0,0,0,0,0,0,126000,0,0,0,167000,41000,126000,126000
062513,玉晶光國票9C購01,0,0,0,0,0,0,0,0,0,126000,0,0,0,148000,22000,126000,126000
063014,技嘉元大9B購03  ,0,0,0,0,0,0,0,0,0,126000,0,0,0,166000,40000,126000,126000
063641,泰鼎元大9B購04  ,0,0,0,0,0,0,0,0,0,126000,0,0,0,165000,39000,126000,126000
055257,景碩統一97購01  ,0,0,0,0,0,0,0,0,0,125000,0,0,0,125000,0,125000,125000
055197,致新元富97購02  ,0,0,0,0,0,0,0,0,0,125000,0,0,0,125000,0,125000,125000
060022,勤誠康和99購01  ,0,0,0,0,0,0,0,0,0,125000,0,0,0,125000,0,125000,125000
063661,聚陽統一9C購02  ,0,0,0,0,0,0,0,0,0,125000,0,0,0,184000,59000,125000,125000
063263,高鐵永豐9B購01  ,0,0,0,0,0,0,0,0,0,125000,0,0,0,125000,0,125000,125000
061889,祥碩富邦9B購01  ,0,0,0,0,0,0,0,0,0,125000,0,0,0,125000,0,125000,125000
062494,中石化中信9C購01,0,0,0,0,0,0,0,0,0,125000,0,0,0,125000,0,125000,125000
07008P,台郡中信99售02  ,0,0,0,0,0,0,0,0,0,124000,0,0,0,171000,47000,124000,124000
060591,富邦金台新9A購01,0,0,0,0,0,0,0,0,0,124000,0,0,0,129000,5000,124000,124000
062025,台達電群益9B購01,0,0,0,0,0,0,0,0,0,124000,0,0,0,262000,138000,124000,124000
063271,中磊兆豐9C購01  ,0,0,0,0,0,0,0,0,0,124000,0,0,0,154000,30000,124000,124000
063694,貿聯永豐9B購01  ,0,0,0,0,0,0,0,0,0,124000,0,0,0,126000,2000,124000,124000
064240,群創統一02購02  ,0,0,0,0,0,0,0,0,0,123000,0,0,0,161000,38000,123000,123000
054248,燿華元大97購02  ,0,0,0,0,0,0,0,0,0,123000,0,0,0,123000,0,123000,123000
059238,台積電凱基99購11,0,0,0,0,0,0,0,0,0,123000,0,0,0,135000,12000,123000,123000
057993,中環中信98購01  ,0,0,0,0,0,0,0,0,0,123000,0,0,0,123000,0,123000,123000
058447,玉晶光富邦9A購02,0,0,0,0,0,0,0,0,0,123000,0,0,0,123000,0,123000,123000
062876,全新兆豐9B購01  ,0,0,0,0,0,0,0,0,0,123000,0,0,0,133000,10000,123000,123000
061243,麗豐兆豐9A購01  ,0,0,0,0,0,0,0,0,0,123000,0,0,0,125000,2000,123000,123000
064238,玉晶光統一01購08,0,0,0,0,0,0,0,0,0,122000,0,0,0,126000,4000,122000,122000
064162,貿聯統一02購01  ,0,0,0,0,0,0,0,0,0,122000,0,0,0,208000,86000,122000,122000
064165,同欣電統一01購01,0,0,0,0,0,0,0,0,0,122000,0,0,0,613000,491000,122000,122000
06880P,鈺齊凱基98售03  ,0,0,0,0,0,0,0,0,0,122000,0,0,0,122000,0,122000,122000
054517,高鐵元大96購01  ,0,0,0,0,0,0,0,0,0,122000,0,0,0,122000,0,122000,122000
05888P,友達元大97售01  ,0,0,0,0,0,0,0,0,0,122000,0,0,0,123000,1000,122000,122000
058589,群創中信01購01  ,0,0,0,0,0,0,0,0,0,122000,0,0,0,182000,60000,122000,122000
057860,金寶凱基98購01  ,0,0,0,0,0,0,0,0,0,122000,0,0,0,122000,0,122000,122000
058061,貿聯元富9B購01  ,0,0,0,0,0,0,0,0,0,122000,0,0,0,129000,7000,122000,122000
061357,寶成元大9A購01  ,0,0,0,0,0,0,0,0,0,122000,0,0,0,127000,5000,122000,122000
060984,南亞科元大9A購07,0,0,0,0,0,0,0,0,0,122000,0,0,0,122000,0,122000,122000
062617,京鼎元大9B購01  ,0,0,0,0,0,0,0,0,0,122000,0,0,0,174000,52000,122000,122000
063637,聯發科元大9C購02,0,0,0,0,0,0,0,0,0,122000,0,0,0,157000,35000,122000,122000
064181,景碩富邦9C購01  ,0,0,0,0,0,0,0,0,0,121000,0,0,0,380000,259000,121000,121000
064131,群創元大01購02  ,0,0,0,0,0,0,0,0,0,121000,0,0,0,138000,17000,121000,121000
056755,聯茂兆豐98購01  ,0,0,0,0,0,0,0,0,0,121000,0,0,0,152000,31000,121000,121000
058982,台積電凱基99購08,0,0,0,0,0,0,0,0,0,121000,0,0,0,130000,9000,121000,121000
057183,玉晶光元大99購07,0,0,0,0,0,0,0,0,0,121000,0,0,0,149000,28000,121000,121000
060695,同欣電麥證9A購01,0,0,0,144000,23000,121000,0,0,0,121000,0,0,0,144000,23000,121000,121000
063703,晶豪科群益9B購02,0,0,0,0,0,0,0,0,0,121000,0,0,0,221000,100000,121000,121000
063609,南電凱基9B購05  ,0,0,0,0,0,0,0,0,0,121000,0,0,0,153000,32000,121000,121000
063333,同欣電國票9C購01,0,0,0,0,0,0,0,0,0,121000,0,0,0,152000,31000,121000,121000
063142,奇力新統一9C購04,0,0,0,0,0,0,0,0,0,121000,0,0,0,161000,40000,121000,121000
063117,聯茂麥證9B購01  ,0,0,0,129000,17000,112000,0,0,0,121000,0,0,0,139000,18000,121000,121000
060909,金像電元大9B購01,0,0,0,0,0,0,0,0,0,121000,0,0,0,271000,150000,121000,121000
6112,聚碩            ,308000,189000,119000,0,0,0,0,0,0,2000,2000,0,2000,0,0,0,121000
063833,致新國票01購01  ,0,0,0,0,0,0,0,0,0,120000,0,0,0,120000,0,120000,120000
055606,矽創元大97購01  ,0,0,0,0,0,0,0,0,0,120000,0,0,0,120000,0,120000,120000
056518,美律國票99購01  ,0,0,0,0,0,0,0,0,0,120000,0,0,0,120000,0,120000,120000
060285,聯電元大9C購01  ,0,0,0,0,0,0,0,0,0,120000,0,0,0,120000,0,120000,120000
060208,卜蜂康和9A購01  ,0,0,0,0,0,0,0,0,0,120000,0,0,0,120000,0,120000,120000
054589,聯鈞國泰99購01  ,0,0,0,0,0,0,0,0,0,120000,0,0,0,131000,11000,120000,120000
053114,聯茂兆豐97購01  ,0,0,0,0,0,0,0,0,0,120000,0,0,0,120000,0,120000,120000
059688,燿華永豐99購01  ,0,0,0,0,0,0,0,0,0,120000,0,0,0,378000,258000,120000,120000
059358,旺宏永豐99購02  ,0,0,0,0,0,0,0,0,0,120000,0,0,0,195000,75000,120000,120000
061004,友達兆豐9A購01  ,0,0,0,0,0,0,0,0,0,120000,0,0,0,120000,0,120000,120000
062012,燿華富邦9C購01  ,0,0,0,0,0,0,0,0,0,120000,0,0,0,991000,871000,120000,120000
062259,可成元大9B購03  ,0,0,0,0,0,0,0,0,0,120000,0,0,0,127000,7000,120000,120000
063299,金寶凱基9B購01  ,0,0,0,0,0,0,0,0,0,120000,0,0,0,120000,0,120000,120000
3661,世芯-KY         ,882555,672000,210555,0,0,0,0,35000,-35000,-56000,26000,60000,-34000,14000,36000,-22000,119555
063872,嘉聯益永豐9C購01,0,0,0,0,0,0,0,0,0,119000,0,0,0,119000,0,119000,119000
06999P,玉晶光國票9B售01,0,0,0,0,0,0,0,0,0,119000,0,0,0,120000,1000,119000,119000
053631,欣興兆豐97購01  ,0,0,0,0,0,0,0,0,0,119000,0,0,0,178000,59000,119000,119000
054466,欣興凱基97購03  ,0,0,0,0,0,0,0,0,0,119000,0,0,0,198000,79000,119000,119000
054387,台積電統一98購02,0,0,0,0,0,0,0,0,0,119000,0,0,0,119000,0,119000,119000
054411,光磊元大97購02  ,0,0,0,0,0,0,0,0,0,119000,0,0,0,119000,0,119000,119000
060266,潤泰全國票9A購01,0,0,0,0,0,0,0,0,0,119000,0,0,0,129000,10000,119000,119000
060394,欣興麥證9A購01  ,0,0,0,150000,31000,119000,0,0,0,119000,0,0,0,150000,31000,119000,119000
055603,超眾元大97購04  ,0,0,0,0,0,0,0,0,0,119000,0,0,0,120000,1000,119000,119000
058586,鴻海中信01購02  ,0,0,0,0,0,0,0,0,0,119000,0,0,0,380000,261000,119000,119000
058078,景碩國票99購01  ,0,0,0,0,0,0,0,0,0,119000,0,0,0,140000,21000,119000,119000
063728,國巨元大9B購21  ,30000,0,30000,0,0,0,0,0,0,89000,0,0,0,130000,41000,89000,119000
063958,瑞祺元大9C購01  ,0,0,0,0,0,0,0,0,0,118000,0,0,0,118000,0,118000,118000
2365,昆盈            ,330000,212000,118000,0,0,0,0,0,0,0,0,0,0,0,0,0,118000
07693P,群創元大9B售10  ,0,0,0,0,0,0,0,0,0,118000,0,0,0,152000,34000,118000,118000
00783,富邦中証500     ,391000,6000,385000,0,0,0,0,0,0,-267000,0,0,0,990000,1257000,-267000,118000
056665,上証2X國票99購02,0,0,0,0,0,0,0,0,0,118000,0,0,0,128000,10000,118000,118000
057087,台郡統一99購01  ,0,0,0,0,0,0,0,0,0,118000,0,0,0,118000,0,118000,118000
057640,台積電元大98購16,0,0,0,0,0,0,0,0,0,118000,0,0,0,154000,36000,118000,118000
063572,麗豐元大9B購01  ,0,0,0,0,0,0,0,0,0,118000,0,0,0,315000,197000,118000,118000
062046,矽格凱基9B購01  ,0,0,0,0,0,0,0,0,0,118000,0,0,0,180000,62000,118000,118000
061955,FANG+統一9B購01 ,0,0,0,0,0,0,0,0,0,118000,0,0,0,118000,0,118000,118000
064279,新光金元大01購01,0,0,0,0,0,0,0,0,0,117000,0,0,0,117000,0,117000,117000
059785,美律元大9A購03  ,0,0,0,0,0,0,0,0,0,117000,0,0,0,126000,9000,117000,117000
057556,智易凱基99購01  ,0,0,0,0,0,0,0,0,0,117000,0,0,0,189000,72000,117000,117000
059979,台積電元大99購49,0,0,0,0,0,0,0,0,0,117000,0,0,0,146000,29000,117000,117000
059995,南亞科元富99購01,0,0,0,0,0,0,0,0,0,117000,0,0,0,137000,20000,117000,117000
8021,尖點            ,331000,219000,112000,0,0,0,0,0,0,5000,5000,0,5000,0,0,0,117000
063940,國巨元大01購02  ,0,0,0,0,0,0,0,0,0,116000,0,0,0,126000,10000,116000,116000
063968,新光金國票01購01,0,0,0,0,0,0,0,0,0,116000,0,0,0,124000,8000,116000,116000
08219P,上銀凱基9B售08  ,0,0,0,0,0,0,0,0,0,116000,0,0,0,146000,30000,116000,116000
061309,鴻海統一9C購05  ,0,0,0,0,0,0,0,0,0,116000,0,0,0,116000,0,116000,116000
061639,晶豪科元大9A購02,0,0,0,0,0,0,0,0,0,116000,0,0,0,198000,82000,116000,116000
061720,智邦國泰9C購01  ,0,0,0,0,0,0,0,0,0,116000,0,0,0,258000,142000,116000,116000
062701,漢唐元大9B購01  ,0,0,0,0,0,0,0,0,0,116000,0,0,0,431000,315000,116000,116000
063943,台光電元大9C購02,0,0,0,0,0,0,0,0,0,115000,0,0,0,120000,5000,115000,115000
063769,玉晶光國泰02購01,0,0,0,0,0,0,0,0,0,115000,0,0,0,189000,74000,115000,115000
064352,嘉聯益元大9C購01,0,0,0,0,0,0,0,0,0,115000,0,0,0,115000,0,115000,115000
064113,新日興國票01購01,0,0,0,0,0,0,0,0,0,115000,0,0,0,115000,0,115000,115000
064237,奇鋐統一01購01  ,0,0,0,0,0,0,0,0,0,115000,0,0,0,115000,0,115000,115000
06729P,聯詠元大98售03  ,0,0,0,0,0,0,0,0,0,115000,0,0,0,115000,0,115000,115000
053092,台表科元大97購02,0,0,0,0,0,0,0,0,0,115000,0,0,0,115000,0,115000,115000
052952,矽創國票97購02  ,0,0,0,0,0,0,0,0,0,115000,0,0,0,120000,5000,115000,115000
055217,緯創凱基97購02  ,0,0,0,0,0,0,0,0,0,115000,0,0,0,150000,35000,115000,115000
055771,台積電日盛97購04,0,0,0,0,0,0,0,0,0,115000,0,0,0,115000,0,115000,115000
055754,和大兆豐97購01  ,0,0,0,0,0,0,0,0,0,115000,0,0,0,115000,0,115000,115000
056507,創意永豐98購02  ,0,0,0,0,0,0,0,0,0,115000,0,0,0,165000,50000,115000,115000
058605,華邦電元大99購04,0,0,0,0,0,0,0,0,0,115000,0,0,0,130000,15000,115000,115000
060801,滬深2X中信01購01,0,0,0,0,0,0,0,0,0,115000,0,0,0,115000,0,115000,115000
062651,世紀鋼富邦9C購01,0,0,0,0,0,0,0,0,0,115000,0,0,0,280000,165000,115000,115000
063347,祥碩統一01購03  ,0,0,0,0,0,0,0,0,0,115000,0,0,0,209000,94000,115000,115000
063453,創意統一9C購01  ,0,0,0,0,0,0,0,0,0,115000,0,0,0,323000,208000,115000,115000
061649,緯穎元大9A購06  ,0,0,0,0,0,0,0,0,0,115000,0,0,0,124000,9000,115000,115000
061928,群創凱基9B購06  ,0,0,0,0,0,0,0,0,0,115000,0,0,0,115000,0,115000,115000
060862,美律永豐9A購01  ,0,0,0,0,0,0,0,0,0,114000,0,0,0,293000,179000,114000,114000
059097,世紀鋼元大99購05,0,0,0,0,0,0,0,0,0,114000,0,0,0,215000,101000,114000,114000
061950,日月光群益9B購01,0,0,0,0,0,0,0,0,0,114000,0,0,0,133000,19000,114000,114000
062858,微星國票9B購01  ,0,0,0,0,0,0,0,0,0,114000,0,0,0,114000,0,114000,114000
064195,晶豪科群益9C購01,0,0,0,0,0,0,0,0,0,113000,0,0,0,113000,0,113000,113000
064257,台勝科國泰01購01,0,0,0,0,0,0,0,0,0,113000,0,0,0,356000,243000,113000,113000
056397,彩晶永豐99購01  ,0,0,0,0,0,0,0,0,0,113000,0,0,0,192000,79000,113000,113000
056198,台光電永豐97購02,0,0,0,0,0,0,0,0,0,113000,0,0,0,114000,1000,113000,113000
055209,勤誠康和97購01  ,0,0,0,0,0,0,0,0,0,113000,0,0,0,123000,10000,113000,113000
053569,漢唐統一98購01  ,0,0,0,0,0,0,0,0,0,113000,0,0,0,113000,0,113000,113000
052203,T50反1中信99購03,0,0,0,0,0,0,0,0,0,113000,0,0,0,205000,92000,113000,113000
060093,友達元大03購01  ,0,0,0,0,0,0,0,0,0,113000,0,0,0,168000,55000,113000,113000
063353,上銀元富9B購03  ,8000,0,8000,0,0,0,0,0,0,105000,0,0,0,132000,27000,105000,113000
063673,GIS統一9C購02   ,0,0,0,0,0,0,0,0,0,113000,0,0,0,183000,70000,113000,113000
062400,晶豪科永豐9B購02,0,0,0,0,0,0,0,0,0,113000,0,0,0,124000,11000,113000,113000
060925,華新科永豐9A購01,0,0,0,0,0,0,0,0,0,113000,0,0,0,113000,0,113000,113000
064045,南亞科統一9C購04,0,0,0,0,0,0,0,0,0,112000,0,0,0,132000,20000,112000,112000
2348,海悅            ,241000,133000,108000,0,0,0,0,0,0,4000,4000,0,4000,0,0,0,112000
1904,正隆            ,272000,1113000,-841000,0,0,0,1000000,0,1000000,-47000,1000,27000,-26000,0,21000,-21000,112000
07883P,可成凱基9B售03  ,0,0,0,0,0,0,0,0,0,112000,0,0,0,112000,0,112000,112000
056783,國巨群益99購01  ,0,0,0,0,0,0,0,0,0,112000,0,0,0,192000,80000,112000,112000
05624P,同欣電中信98售01,0,0,0,0,0,0,0,0,0,112000,0,0,0,115000,3000,112000,112000
06053P,緯穎國票97售05  ,0,0,0,0,0,0,0,0,0,112000,0,0,0,112000,0,112000,112000
059343,宏達電凱基99購04,0,0,0,0,0,0,0,0,0,112000,0,0,0,130000,18000,112000,112000
058587,台積電中信9C購03,0,0,0,0,0,0,0,0,0,112000,0,0,0,256000,144000,112000,112000
00647L,元大S&P500正2   ,43000,39000,4000,0,0,0,0,0,0,107000,0,0,0,560000,453000,107000,111000
060019,彰銀康和99購01  ,0,0,0,0,0,0,0,0,0,111000,0,0,0,119000,8000,111000,111000
060561,台積電富邦04購01,0,0,0,0,0,0,0,0,0,111000,0,0,0,201000,90000,111000,111000
061659,信邦永豐9A購01  ,0,0,0,0,0,0,0,0,0,111000,0,0,0,211000,100000,111000,111000
07744P,奇力新凱基9A售05,0,0,0,0,0,0,0,0,0,110000,0,0,0,156000,46000,110000,110000
064049,信邦統一01購01  ,0,0,0,0,0,0,0,0,0,110000,0,0,0,120000,10000,110000,110000
064022,台積電元大9C購07,0,0,0,0,0,0,0,0,0,110000,0,0,0,110000,0,110000,110000
054527,國巨統一97購03  ,0,0,0,0,0,0,0,0,0,110000,0,0,0,120000,10000,110000,110000
056081,T50反1統一99購02,0,0,0,0,0,0,0,0,0,110000,0,0,0,120000,10000,110000,110000
056913,臺股指元大99購05,0,0,0,0,0,0,0,0,0,110000,0,0,0,110000,0,110000,110000
060151,旺宏富邦9A購02  ,0,0,0,0,0,0,0,0,0,110000,0,0,0,110000,0,110000,110000
058338,康友元富99購01  ,0,0,0,0,0,0,0,0,0,110000,0,0,0,130000,20000,110000,110000
060036,上証2X國票99購03,0,0,0,0,0,0,0,0,0,110000,0,0,0,110000,0,110000,110000
059929,華新科富邦9C購03,0,0,0,0,0,0,0,0,0,110000,0,0,0,125000,15000,110000,110000
062404,新唐永豐9B購01  ,0,0,0,0,0,0,0,0,0,110000,0,0,0,110000,0,110000,110000
062137,華新科群益9B購04,0,0,0,0,0,0,0,0,0,110000,0,0,0,110000,0,110000,110000
062027,國泰金群益9B購01,0,0,0,0,0,0,0,0,0,110000,0,0,0,124000,14000,110000,110000
063693,智易永豐9B購02  ,0,0,0,0,0,0,0,0,0,110000,0,0,0,110000,0,110000,110000
062672,兆豐金中信03購01,0,0,0,0,0,0,0,0,0,110000,0,0,0,116000,6000,110000,110000
07060P,台表科國票9A售01,0,0,0,0,0,0,0,0,0,109000,0,0,0,195000,86000,109000,109000
052699,友達國票97購01  ,0,0,0,0,0,0,0,0,0,109000,0,0,0,170000,61000,109000,109000
057817,景碩元大98購01  ,0,0,0,0,0,0,0,0,0,109000,0,0,0,284000,175000,109000,109000
058257,聯陽國泰9B購01  ,0,0,0,0,0,0,0,0,0,109000,0,0,0,109000,0,109000,109000
061035,亞光永豐9A購01  ,0,0,0,0,0,0,0,0,0,109000,0,0,0,109000,0,109000,109000
062603,台化凱基9B購01  ,0,0,0,0,0,0,0,0,0,109000,0,0,0,125000,16000,109000,109000
063654,上銀元富9B購05  ,0,0,0,0,0,0,0,0,0,109000,0,0,0,109000,0,109000,109000
061830,元金2X凱基01購01,0,0,0,0,0,0,0,0,0,109000,0,0,0,109000,0,109000,109000
060978,國巨元大9A購13  ,0,0,0,0,0,0,0,0,0,109000,0,0,0,109000,0,109000,109000
063969,晶豪科國票01購01,0,0,0,0,0,0,0,0,0,108000,0,0,0,110000,2000,108000,108000
08190P,宏達電元富9B售04,0,0,0,0,0,0,0,0,0,108000,0,0,0,129000,21000,108000,108000
08202P,台表科國泰01售04,0,0,0,0,0,0,0,0,0,108000,0,0,0,108000,0,108000,108000
056673,中石化元富9B購01,0,0,0,0,0,0,0,0,0,108000,0,0,0,220000,112000,108000,108000
054221,華新科統一96購05,0,0,0,0,0,0,0,0,0,108000,0,0,0,108000,0,108000,108000
051536,玉晶光國票97購01,0,0,0,0,0,0,0,0,0,108000,0,0,0,109000,1000,108000,108000
056765,友達元大9B購05  ,0,0,0,0,0,0,0,0,0,108000,0,0,0,109000,1000,108000,108000
056418,台光電元富98購01,0,0,0,0,0,0,0,0,0,108000,0,0,0,276000,168000,108000,108000
060166,佐登永豐9A購01  ,0,0,0,0,0,0,0,0,0,108000,0,0,0,108000,0,108000,108000
059128,友達中信99購02  ,0,0,0,0,0,0,0,0,0,108000,0,0,0,153000,45000,108000,108000
058074,欣興凱基99購01  ,0,0,0,0,0,0,0,0,0,108000,0,0,0,204000,96000,108000,108000
059375,道瓊反群益9C購02,0,0,0,0,0,0,0,0,0,108000,0,0,0,119000,11000,108000,108000
064054,中租統一02購01  ,0,0,0,0,0,0,0,0,0,107000,0,0,0,157000,50000,107000,107000
06718P,聯詠元大98售01  ,0,0,0,0,0,0,0,0,0,107000,0,0,0,108000,1000,107000,107000
058790,楠梓電元大99購03,0,0,0,0,0,0,0,0,0,107000,0,0,0,107000,0,107000,107000
058704,台積電元大99購17,0,0,0,0,0,0,0,0,0,107000,0,0,0,112000,5000,107000,107000
058055,華擎統一9A購01  ,0,0,0,0,0,0,0,0,0,107000,0,0,0,135000,28000,107000,107000
057082,玉晶光統一9A購04,0,0,0,0,0,0,0,0,0,107000,0,0,0,447000,340000,107000,107000
063568,高鐵元大9B購01  ,0,0,0,0,0,0,0,0,0,107000,0,0,0,278000,171000,107000,107000
063308,緯穎凱基9B購05  ,0,0,0,0,0,0,0,0,0,107000,0,0,0,167000,60000,107000,107000
063270,喬山兆豐9C購01  ,0,0,0,0,0,0,0,0,0,107000,0,0,0,107000,0,107000,107000
06594P,立積元大98售01  ,0,0,0,0,0,0,0,0,0,106000,0,0,0,171000,65000,106000,106000
08080P,祥碩國票9B售03  ,0,0,0,0,0,0,0,0,0,106000,0,0,0,140000,34000,106000,106000
056998,麗豐康和98購01  ,0,0,0,0,0,0,0,0,0,106000,0,0,0,387000,281000,106000,106000
00728,第一金工業30    ,2000,2000,0,0,0,0,0,0,0,106000,0,0,0,351000,245000,106000,106000
050890,南電富邦99購01  ,0,0,0,0,0,0,0,0,0,106000,0,0,0,295000,189000,106000,106000
053901,T50反1凱基99購03,0,0,0,0,0,0,0,0,0,106000,0,0,0,125000,19000,106000,106000
058610,欣興元大99購05  ,0,0,0,0,0,0,0,0,0,106000,0,0,0,209000,103000,106000,106000
062521,玉晶光元大9C購05,0,0,0,0,0,0,0,0,0,106000,0,0,0,106000,0,106000,106000
062575,景碩群益9B購01  ,0,0,0,0,0,0,0,0,0,106000,0,0,0,190000,84000,106000,106000
062819,奇鋐兆豐9B購01  ,0,0,0,0,0,0,0,0,0,106000,0,0,0,315000,209000,106000,106000
060889,國泰金統一9C購01,0,0,0,0,0,0,0,0,0,106000,0,0,0,322000,216000,106000,106000
061937,聯發科國票9B購02,0,0,0,0,0,0,0,0,0,106000,0,0,0,130000,24000,106000,106000
061979,友達元大9C購08  ,0,0,0,0,0,0,0,0,0,106000,0,0,0,118000,12000,106000,106000
064076,台積電中信06購02,0,0,0,0,0,0,0,0,0,105000,0,0,0,125000,20000,105000,105000
064008,日月光凱基9C購01,0,0,0,0,0,0,0,0,0,105000,0,0,0,114000,9000,105000,105000
056662,臺股指元大9A購09,0,0,0,0,0,0,0,0,0,105000,0,0,0,121000,16000,105000,105000
054885,建準統一98購01  ,0,0,0,0,0,0,0,0,0,105000,0,0,0,105000,0,105000,105000
056361,美律元大99購02  ,0,0,0,0,0,0,0,0,0,105000,0,0,0,125000,20000,105000,105000
055962,晶豪科元大97購02,0,0,0,0,0,0,0,0,0,105000,0,0,0,115000,10000,105000,105000
058249,緯穎元大99購04  ,0,0,0,0,0,0,0,0,0,105000,0,0,0,134000,29000,105000,105000
061076,台達電兆豐9A購01,0,0,0,0,0,0,0,0,0,105000,0,0,0,120000,15000,105000,105000
062650,南電富邦01購01  ,0,0,0,0,0,0,0,0,0,105000,0,0,0,170000,65000,105000,105000
063210,百和統一9C購01  ,0,0,0,0,0,0,0,0,0,105000,0,0,0,125000,20000,105000,105000
063705,臻鼎群益9B購03  ,0,0,0,0,0,0,0,0,0,105000,0,0,0,105000,0,105000,105000
060203,緯穎元富9A購01  ,0,0,0,0,0,0,0,0,0,104000,0,0,0,319000,215000,104000,104000
063611,儒鴻群益9B購03  ,0,0,0,0,0,0,0,0,0,104000,0,0,0,104000,0,104000,104000
063245,富邦金元大9B購03,0,0,0,0,0,0,0,0,0,104000,0,0,0,176000,72000,104000,104000
063231,台泥元大9B購01  ,0,0,0,0,0,0,0,0,0,104000,0,0,0,145000,41000,104000,104000
061876,明泰元大9B購01  ,0,0,0,0,0,0,0,0,0,104000,0,0,0,146000,42000,104000,104000
062497,遠東新群益9B購01,0,0,0,0,0,0,0,0,0,104000,0,0,0,129000,25000,104000,104000
061489,高鐵兆豐9A購01  ,0,0,0,0,0,0,0,0,0,104000,0,0,0,105000,1000,104000,104000
063876,華新元富9C購01  ,0,0,0,0,0,0,0,0,0,103000,0,0,0,193000,90000,103000,103000
055905,可成兆豐97購03  ,0,0,0,0,0,0,0,0,0,103000,0,0,0,103000,0,103000,103000
058527,世紀鋼元大99購01,0,0,0,0,0,0,0,0,0,103000,0,0,0,124000,21000,103000,103000
061279,鴻海統一9C購04  ,0,0,0,0,0,0,0,0,0,103000,0,0,0,104000,1000,103000,103000
062076,美律元大9B購02  ,0,0,0,0,0,0,0,0,0,103000,0,0,0,103000,0,103000,103000
062910,亞光元大9B購01  ,0,0,0,0,0,0,0,0,0,103000,0,0,0,182000,79000,103000,103000
063144,超眾統一9C購02  ,0,0,0,0,0,0,0,0,0,103000,0,0,0,138000,35000,103000,103000
064358,台達電統一01購02,0,0,0,0,0,0,0,0,0,102000,0,0,0,247000,145000,102000,102000
064140,台達電統一01購01,0,0,0,0,0,0,0,0,0,102000,0,0,0,169000,67000,102000,102000
06864P,健策凱基98售01  ,0,0,0,0,0,0,0,0,0,102000,0,0,0,230000,128000,102000,102000
060528,友達中信9C購01  ,0,0,0,0,0,0,0,0,0,102000,0,0,0,110000,8000,102000,102000
061137,晶技統一9B購01  ,0,0,0,0,0,0,0,0,0,102000,0,0,0,117000,15000,102000,102000
063514,南電麥證9C購01  ,0,0,0,106000,10000,96000,0,0,0,102000,0,0,0,112000,10000,102000,102000
061678,玉晶光元大9B購04,0,0,0,0,0,0,0,0,0,102000,0,0,0,122000,20000,102000,102000
08061P,大毅國票9B售04  ,0,0,0,0,0,0,0,0,0,101000,0,0,0,300000,199000,101000,101000
060450,南亞元大9A購02  ,0,0,0,0,0,0,0,0,0,101000,0,0,0,105000,4000,101000,101000
055999,電子類富邦99購01,0,0,0,0,0,0,0,0,0,101000,0,0,0,101000,0,101000,101000
00851,台新全球AI      ,0,0,0,0,0,0,0,0,0,101000,0,0,0,181000,80000,101000,101000
057329,緯穎群益98購02  ,0,0,0,0,0,0,0,0,0,101000,0,0,0,190000,89000,101000,101000
059630,美律凱基99購07  ,0,0,0,0,0,0,0,0,0,101000,0,0,0,101000,0,101000,101000
07741P,滬深2X凱基9B售04,0,0,0,0,0,0,0,0,0,100000,0,0,0,100000,0,100000,100000
07880P,可成群益9B售05  ,0,0,0,0,0,0,0,0,0,100000,0,0,0,100000,0,100000,100000
07695P,台郡元大9A售02  ,0,0,0,0,0,0,0,0,0,100000,0,0,0,100000,0,100000,100000
07514P,台積電元大9A售14,0,0,0,0,0,0,0,0,0,100000,0,0,0,100000,0,100000,100000
07266P,大立光元大99售19,0,0,0,0,0,0,0,0,0,100000,0,0,0,142000,42000,100000,100000
08484P,台灣50中信96售01,0,0,0,0,0,0,0,0,0,100000,0,0,0,100000,0,100000,100000
07101P,台郡元大99售06  ,0,0,0,0,0,0,0,0,0,100000,0,0,0,100000,0,100000,100000
07205P,鴻海凱基99售11  ,0,0,0,0,0,0,0,0,0,100000,0,0,0,100000,0,100000,100000
064396,創意永豐9C購01  ,0,0,0,0,0,0,0,0,0,100000,0,0,0,100000,0,100000,100000
063829,晶技國票01購01  ,0,0,0,0,0,0,0,0,0,100000,0,0,0,140000,40000,100000,100000
063962,台達電國票01購01,0,0,0,0,0,0,0,0,0,100000,0,0,0,162000,62000,100000,100000
064084,群創中信06購02  ,0,0,0,0,0,0,0,0,0,100000,0,0,0,112000,12000,100000,100000
064048,大立光統一9C購07,0,0,0,0,0,0,0,0,0,100000,0,0,0,182000,82000,100000,100000
050983,新光金國泰97購01,0,0,0,0,0,0,0,0,0,100000,0,0,0,100000,0,100000,100000
050308,矽創中信97購01  ,0,0,0,0,0,0,0,0,0,100000,0,0,0,100000,0,100000,100000
049820,世紀鋼元大96購03,0,0,0,0,0,0,0,0,0,100000,0,0,0,100000,0,100000,100000
03049X,元展46          ,0,0,0,0,0,0,0,0,0,100000,0,0,0,100000,0,100000,100000
052094,瀚宇博元大96購02,0,0,0,0,0,0,0,0,0,100000,0,0,0,100000,0,100000,100000
054539,欣興國票98購01  ,0,0,0,0,0,0,0,0,0,100000,0,0,0,100000,0,100000,100000
054549,台積電凱基98購01,0,0,0,0,0,0,0,0,0,100000,0,0,0,100000,0,100000,100000
054342,亞光元富99購01  ,0,0,0,0,0,0,0,0,0,100000,0,0,0,100000,0,100000,100000
054263,聯茂元大96購02  ,0,0,0,0,0,0,0,0,0,100000,0,0,0,100000,0,100000,100000
054836,勤誠中信97購01  ,0,0,0,0,0,0,0,0,0,100000,0,0,0,100000,0,100000,100000
055334,禾伸堂兆豐97購01,0,0,0,0,0,0,0,0,0,100000,0,0,0,100000,0,100000,100000
055296,康舒元大97購02  ,0,0,0,0,0,0,0,0,0,100000,0,0,0,100000,0,100000,100000
055227,聯發科國票98購02,0,0,0,0,0,0,0,0,0,100000,0,0,0,100000,0,100000,100000
053814,美律群益97購02  ,0,0,0,0,0,0,0,0,0,100000,0,0,0,100000,0,100000,100000
052487,國巨國票96購07  ,0,0,0,0,0,0,0,0,0,100000,0,0,0,100000,0,100000,100000
052610,貿聯元大97購01  ,0,0,0,0,0,0,0,0,0,100000,0,0,0,100000,0,100000,100000
054205,華新國票97購02  ,0,0,0,0,0,0,0,0,0,100000,0,0,0,100000,0,100000,100000
054127,台積電元大96購21,0,0,0,0,0,0,0,0,0,100000,0,0,0,100000,0,100000,100000
056277,上銀富邦99購02  ,0,0,0,0,0,0,0,0,0,100000,0,0,0,120000,20000,100000,100000
055168,光罩統一98購01  ,0,0,0,0,0,0,0,0,0,100000,0,0,0,100000,0,100000,100000
060254,世紀鋼元大9A購01,0,0,0,0,0,0,0,0,0,100000,0,0,0,100000,0,100000,100000
056345,嘉聯益凱基99購01,0,0,0,0,0,0,0,0,0,100000,0,0,0,100000,0,100000,100000
05631P,國巨富邦9A售01  ,0,0,0,0,0,0,0,0,0,100000,0,0,0,150000,50000,100000,100000
056304,創意元大97購03  ,0,0,0,0,0,0,0,0,0,100000,0,0,0,100000,0,100000,100000
056986,超眾群益98購03  ,0,0,0,0,0,0,0,0,0,100000,0,0,0,100000,0,100000,100000
056456,群創凱基9B購01  ,0,0,0,0,0,0,0,0,0,100000,0,0,0,100000,0,100000,100000
059588,鴻海元大99購32  ,0,0,0,0,0,0,0,0,0,100000,0,0,0,100000,0,100000,100000
060649,國巨第一9A購01  ,0,0,0,0,0,0,0,0,0,100000,0,0,0,100000,0,100000,100000
060668,上証2X元大9A購02,0,0,0,0,0,0,0,0,0,100000,0,0,0,100000,0,100000,100000
058780,牧德國票9A購01  ,0,0,0,0,0,0,0,0,0,100000,0,0,0,141000,41000,100000,100000
059856,昇陽半永豐99購03,0,0,0,0,0,0,0,0,0,100000,0,0,0,100000,0,100000,100000
059924,世紀鋼元大99購06,0,0,0,0,0,0,0,0,0,100000,0,0,0,110000,10000,100000,100000
058729,國巨永豐99購03  ,0,0,0,0,0,0,0,0,0,100000,0,0,0,100000,0,100000,100000
061003,南亞科兆豐9A購01,0,0,0,0,0,0,0,0,0,100000,0,0,0,105000,5000,100000,100000
061920,台積電凱基9C購02,0,0,0,0,0,0,0,0,0,100000,0,0,0,100000,0,100000,100000
062406,臻鼎永豐9B購01  ,0,0,0,0,0,0,0,0,0,100000,0,0,0,100000,0,100000,100000
063558,聚陽元大9B購02  ,0,0,0,0,0,0,0,0,0,100000,0,0,0,113000,13000,100000,100000
063197,遠東新統一9C購01,0,0,0,0,0,0,0,0,0,100000,0,0,0,152000,52000,100000,100000
063322,台郡群益9B購02  ,0,0,0,0,0,0,0,0,0,100000,0,0,0,120000,20000,100000,100000
07792P,牧德元大9A售04  ,0,0,0,0,0,0,0,0,0,99000,0,0,0,100000,1000,99000,99000
055124,建準兆豐97購01  ,0,0,0,0,0,0,0,0,0,99000,0,0,0,99000,0,99000,99000
055579,健策統一9A購01  ,0,0,0,0,0,0,0,0,0,99000,0,0,0,931000,832000,99000,99000
053671,可成統一96購03  ,0,0,0,0,0,0,0,0,0,99000,0,0,0,99000,0,99000,99000
054779,台塑群益98購01  ,0,0,0,0,0,0,0,0,0,99000,0,0,0,99000,0,99000,99000
057833,聯發科元富02購06,0,0,0,0,0,0,0,0,0,99000,0,0,0,99000,0,99000,99000
059824,大立光凱基99購13,0,0,0,0,0,0,0,0,0,99000,0,0,0,100000,1000,99000,99000
058479,亞光凱基9A購01  ,0,0,0,0,0,0,0,0,0,99000,0,0,0,99000,0,99000,99000
059410,滬深2X國票9A購04,0,0,0,0,0,0,0,0,0,99000,0,0,0,99000,0,99000,99000
06059P,泰碩元大97售02  ,0,0,0,0,0,0,0,0,0,99000,0,0,0,107000,8000,99000,99000
057147,新日興國票99購01,0,0,0,0,0,0,0,0,0,99000,0,0,0,99000,0,99000,99000
058075,貿聯凱基99購02  ,0,0,0,0,0,0,0,0,0,99000,0,0,0,99000,0,99000,99000
063730,台積電元大9B購09,0,0,0,0,0,0,0,0,0,99000,0,0,0,99000,0,99000,99000
063061,華新科元富9B購04,0,0,0,0,0,0,0,0,0,99000,0,0,0,99000,0,99000,99000
062520,晶豪科元大9B購02,0,0,0,0,0,0,0,0,0,99000,0,0,0,105000,6000,99000,99000
061985,富邦金元大9B購01,0,0,0,0,0,0,0,0,0,99000,0,0,0,130000,31000,99000,99000
061244,和碩兆豐9A購01  ,0,0,0,0,0,0,0,0,0,99000,0,0,0,406000,307000,99000,99000
061530,智邦台新9A購02  ,0,0,0,0,0,0,0,0,0,99000,0,0,0,158000,59000,99000,99000
07634P,金像電元大9A售01,0,0,0,0,0,0,0,0,0,98000,0,0,0,248000,150000,98000,98000
063918,復盛凱基9C購01  ,0,0,0,0,0,0,0,0,0,98000,0,0,0,108000,10000,98000,98000
064349,泰鼎元大9C購02  ,0,0,0,0,0,0,0,0,0,98000,0,0,0,109000,11000,98000,98000
06899P,嘉澤群益98售01  ,0,0,0,0,0,0,0,0,0,98000,0,0,0,334000,236000,98000,98000
052702,群創國票97購03  ,0,0,0,0,0,0,0,0,0,98000,0,0,0,180000,82000,98000,98000
056971,麗豐永豐98購01  ,0,0,0,0,0,0,0,0,0,98000,0,0,0,148000,50000,98000,98000
056288,健鼎永豐97購01  ,0,0,0,0,0,0,0,0,0,98000,0,0,0,100000,2000,98000,98000
060432,達方永豐9A購01  ,0,0,0,0,0,0,0,0,0,98000,0,0,0,388000,290000,98000,98000
059121,瑞儀永豐99購01  ,0,0,0,0,0,0,0,0,0,98000,0,0,0,108000,10000,98000,98000
057959,欣興元大98購14  ,0,0,0,0,0,0,0,0,0,98000,0,0,0,154000,56000,98000,98000
059265,美律中信01購01  ,0,0,0,0,0,0,0,0,0,98000,0,0,0,98000,0,98000,98000
057642,南亞科元大98購07,0,0,0,0,0,0,0,0,0,98000,0,0,0,98000,0,98000,98000
057447,智邦元富02購01  ,0,0,0,0,0,0,0,0,0,98000,0,0,0,200000,102000,98000,98000
057403,亞光群益98購04  ,0,0,0,0,0,0,0,0,0,98000,0,0,0,98000,0,98000,98000
061266,國泰金凱基9B購01,0,0,0,0,0,0,0,0,0,98000,0,0,0,179000,81000,98000,98000
062032,崇越群益9B購01  ,0,0,0,0,0,0,0,0,0,98000,0,0,0,98000,0,98000,98000
062089,矽創元大9B購02  ,0,0,0,0,0,0,0,0,0,98000,0,0,0,218000,120000,98000,98000
061852,大立光國票9B購02,0,0,0,0,0,0,0,0,0,98000,0,0,0,135000,37000,98000,98000
062487,中興電永豐9B購01,0,0,0,0,0,0,0,0,0,98000,0,0,0,98000,0,98000,98000
062457,京元電群益9B購01,0,0,0,0,0,0,0,0,0,98000,0,0,0,98000,0,98000,98000
063678,友達國泰9C購01  ,0,0,0,0,0,0,0,0,0,98000,0,0,0,98000,0,98000,98000
063450,華新科統一02購01,0,0,0,0,0,0,0,0,0,98000,0,0,0,116000,18000,98000,98000
056977,國巨群益9A購01  ,0,0,0,0,0,0,0,0,0,97000,0,0,0,97000,0,97000,97000
055745,臻鼎元富97購01  ,0,0,0,0,0,0,0,0,0,97000,0,0,0,107000,10000,97000,97000
054164,強茂凱基98購01  ,0,0,0,0,0,0,0,0,0,97000,0,0,0,362000,265000,97000,97000
00763U,街口道瓊銅      ,0,0,0,0,0,0,0,0,0,97000,0,0,0,127000,30000,97000,97000
057422,欣興凱基98購04  ,0,0,0,0,0,0,0,0,0,97000,0,0,0,217000,120000,97000,97000
057353,玉晶光統一99購01,0,0,0,0,0,0,0,0,0,97000,0,0,0,102000,5000,97000,97000
062004,國巨國泰9C購03  ,0,0,0,0,0,0,0,0,0,97000,0,0,0,97000,0,97000,97000
06937P,GIS元大98售03   ,0,0,0,0,0,0,0,0,0,96000,0,0,0,186000,90000,96000,96000
064144,智邦統一01購02  ,0,0,0,0,0,0,0,0,0,96000,0,0,0,470000,374000,96000,96000
063942,台積電元大01購03,0,0,0,0,0,0,0,0,0,96000,0,0,0,105000,9000,96000,96000
03012X,元展12          ,0,0,0,0,0,0,0,0,0,96000,0,0,0,105000,9000,96000,96000
054627,義隆凱基98購01  ,0,0,0,0,0,0,0,0,0,96000,0,0,0,107000,11000,96000,96000
053913,華新國票97購01  ,0,0,0,0,0,0,0,0,0,96000,0,0,0,96000,0,96000,96000
056574,亞光元大99購03  ,0,0,0,0,0,0,0,0,0,96000,0,0,0,102000,6000,96000,96000
058688,矽創凱基9A購01  ,0,0,0,0,0,0,0,0,0,96000,0,0,0,200000,104000,96000,96000
058422,百和麥證99購01  ,0,0,0,96000,0,96000,0,0,0,96000,0,0,0,96000,0,96000,96000
060730,台積電群益9A購03,0,0,0,0,0,0,0,0,0,96000,0,0,0,100000,4000,96000,96000
061117,美律國泰9C購01  ,0,0,0,0,0,0,0,0,0,96000,0,0,0,125000,29000,96000,96000
057948,嘉聯益國票99購02,0,0,0,0,0,0,0,0,0,96000,0,0,0,108000,12000,96000,96000
062373,泰鼎元大9B購01  ,0,0,0,0,0,0,0,0,0,96000,0,0,0,115000,19000,96000,96000
061373,華通富邦9A購02  ,0,0,0,0,0,0,0,0,0,96000,0,0,0,434000,338000,96000,96000
063462,金像電元大9C購01,0,0,0,0,0,0,0,0,0,96000,0,0,0,156000,60000,96000,96000
063402,GIS群益9B購02   ,0,0,0,0,0,0,0,0,0,96000,0,0,0,311000,215000,96000,96000
063176,南亞科兆豐9B購01,0,0,0,0,0,0,0,0,0,96000,0,0,0,151000,55000,96000,96000
063660,儒鴻統一9C購01  ,0,0,0,0,0,0,0,0,0,96000,0,0,0,100000,4000,96000,96000
063607,中租凱基9B購02  ,0,0,0,0,0,0,0,0,0,96000,0,0,0,96000,0,96000,96000
9802,鈺齊-KY         ,747000,749000,-2000,0,0,0,489000,200000,289000,-191000,20000,212000,-192000,22000,21000,1000,96000
064033,茂林元大9C購02  ,0,0,0,0,0,0,0,0,0,95000,0,0,0,150000,55000,95000,95000
060287,燿華元大9A購01  ,0,0,0,0,0,0,0,0,0,95000,0,0,0,316000,221000,95000,95000
056900,可成元大98購02  ,0,0,0,0,0,0,0,0,0,95000,0,0,0,100000,5000,95000,95000
055106,台積電凱基98購05,0,0,0,0,0,0,0,0,0,95000,0,0,0,95000,0,95000,95000
054215,創意國票97購02  ,0,0,0,0,0,0,0,0,0,95000,0,0,0,99000,4000,95000,95000
054451,上銀亞東98購01  ,0,0,0,0,0,0,0,0,0,95000,0,0,0,100000,5000,95000,95000
060618,玉晶光元大9A購02,0,0,0,0,0,0,0,0,0,95000,0,0,0,95000,0,95000,95000
058295,欣興凱基99購02  ,0,0,0,0,0,0,0,0,0,95000,0,0,0,137000,42000,95000,95000
059400,滬深2X元富9C購04,0,0,0,0,0,0,0,0,0,95000,0,0,0,105000,10000,95000,95000
059341,台積電凱基99購15,0,0,0,0,0,0,0,0,0,95000,0,0,0,95000,0,95000,95000
060048,元金2X凱基99購03,0,0,0,0,0,0,0,0,0,95000,0,0,0,95000,0,95000,95000
059829,超眾凱基99購05  ,0,0,0,0,0,0,0,0,0,95000,0,0,0,95000,0,95000,95000
057836,南亞科國泰9A購01,0,0,0,0,0,0,0,0,0,95000,0,0,0,106000,11000,95000,95000
063593,GIS永豐9B購01   ,0,0,0,0,0,0,0,0,0,95000,0,0,0,119000,24000,95000,95000
063522,技嘉凱基9B購03  ,0,0,0,0,0,0,0,0,0,95000,0,0,0,96000,1000,95000,95000
063286,嘉澤元大9B購04  ,0,0,0,0,0,0,0,0,0,95000,0,0,0,113000,18000,95000,95000
063272,GIS兆豐9C購01   ,0,0,0,0,0,0,0,0,0,95000,0,0,0,97000,2000,95000,95000
062872,華通兆豐9C購01  ,0,0,0,0,0,0,0,0,0,95000,0,0,0,105000,10000,95000,95000
061315,滬深2X凱基9C購06,0,0,0,0,0,0,0,0,0,95000,0,0,0,95000,0,95000,95000
061705,健策國票9A購06  ,0,0,0,0,0,0,0,0,0,95000,0,0,0,109000,14000,95000,95000
4960,誠美材          ,537000,444000,93000,0,0,0,0,0,0,2000,2000,0,2000,0,0,0,95000
054898,台肥康和97購01  ,0,0,0,0,0,0,0,0,0,94000,0,0,0,94000,0,94000,94000
054908,群電康和97購01  ,0,0,0,0,0,0,0,0,0,94000,0,0,0,94000,0,94000,94000
056023,晶豪科群益97購01,0,0,0,0,0,0,0,0,0,94000,0,0,0,99000,5000,94000,94000
056160,智易凱基97購03  ,0,0,0,0,0,0,0,0,0,94000,0,0,0,94000,0,94000,94000
057823,神達元大98購01  ,0,0,0,0,0,0,0,0,0,94000,0,0,0,119000,25000,94000,94000
058293,光寶科凱基9A購01,0,0,0,0,0,0,0,0,0,94000,0,0,0,165000,71000,94000,94000
062662,友達群益9B購02  ,0,0,0,0,0,0,0,0,0,94000,0,0,0,94000,0,94000,94000
063575,矽格元大9B購02  ,0,0,0,0,0,0,0,0,0,94000,0,0,0,143000,49000,94000,94000
064156,大立光統一01購06,0,0,0,0,0,0,0,0,0,93000,0,0,0,99000,6000,93000,93000
064205,台灣50凱基01購14,0,0,0,0,0,0,0,0,0,93000,0,0,0,93000,0,93000,93000
060297,和碩元大9A購02  ,0,0,0,0,0,0,0,0,0,93000,0,0,0,135000,42000,93000,93000
020000,富邦特選蘋果N   ,0,0,0,0,0,0,0,0,0,93000,0,0,0,126000,33000,93000,93000
057335,技嘉國票99購01  ,0,0,0,0,0,0,0,0,0,93000,0,0,0,191000,98000,93000,93000
061155,華新科群益9A購06,0,0,0,0,0,0,0,0,0,93000,0,0,0,103000,10000,93000,93000
061669,崇越中信9A購01  ,0,0,0,0,0,0,0,0,0,93000,0,0,0,133000,40000,93000,93000
06535P,可成群益99售02  ,0,0,0,0,0,0,0,0,0,92000,0,0,0,92000,0,92000,92000
039212,台達電台新9A購01,0,0,0,0,0,0,0,0,0,92000,0,0,0,133000,41000,92000,92000
050220,台積電元富96購01,0,0,0,0,0,0,0,0,0,92000,0,0,0,361000,269000,92000,92000
056668,光磊國票99購01  ,0,0,0,0,0,0,0,0,0,92000,0,0,0,152000,60000,92000,92000
053095,台光電統一98購01,0,0,0,0,0,0,0,0,0,92000,0,0,0,115000,23000,92000,92000
060242,潤泰全元大9C購01,0,0,0,0,0,0,0,0,0,92000,0,0,0,135000,43000,92000,92000
056271,嘉澤統一97購01  ,0,0,0,0,0,0,0,0,0,92000,0,0,0,115000,23000,92000,92000
061067,貿聯凱基9A購03  ,0,0,0,0,0,0,0,0,0,92000,0,0,0,107000,15000,92000,92000
060557,南電凱基9A購02  ,0,0,0,0,0,0,0,0,0,92000,0,0,0,118000,26000,92000,92000
060134,鈺齊群益9A購01  ,0,0,0,0,0,0,0,0,0,92000,0,0,0,100000,8000,92000,92000
058069,美律凱基99購05  ,0,0,0,0,0,0,0,0,0,92000,0,0,0,92000,0,92000,92000
058576,南亞科群益99購01,0,0,0,0,0,0,0,0,0,92000,0,0,0,102000,10000,92000,92000
058936,國喬中信99購01  ,0,0,0,0,0,0,0,0,0,92000,0,0,0,118000,26000,92000,92000
061346,玉晶光元大9B購03,0,0,0,0,0,0,0,0,0,92000,0,0,0,100000,8000,92000,92000
062460,京鼎群益9C購01  ,0,0,0,0,0,0,0,0,0,92000,0,0,0,148000,56000,92000,92000
063506,嘉晶群益9B購01  ,0,0,0,0,0,0,0,0,0,92000,0,0,0,348000,256000,92000,92000
062758,國巨凱基9B購09  ,0,0,0,0,0,0,0,0,0,92000,0,0,0,92000,0,92000,92000
3708,上緯投控        ,301000,172000,129000,0,0,0,0,1000,-1000,-36000,0,0,0,0,36000,-36000,92000
064055,台郡統一02購01  ,0,0,0,0,0,0,0,0,0,91000,0,0,0,171000,80000,91000,91000
064005,義隆凱基01購01  ,0,0,0,0,0,0,0,0,0,91000,0,0,0,203000,112000,91000,91000
055466,台達電凱基97購03,0,0,0,0,0,0,0,0,0,91000,0,0,0,113000,22000,91000,91000
059780,滬深2X元大9C購06,0,0,0,0,0,0,0,0,0,91000,0,0,0,91000,0,91000,91000
054055,全新國票99購02  ,0,0,0,0,0,0,0,0,0,91000,0,0,0,91000,0,91000,91000
00770,國泰北美科技    ,0,23000,-23000,0,0,0,0,0,0,114000,0,0,0,205000,91000,114000,91000
058385,創意中信99購01  ,0,0,0,0,0,0,0,0,0,91000,0,0,0,91000,0,91000,91000
059923,緯穎元大99購09  ,0,0,0,0,0,0,0,0,0,91000,0,0,0,98000,7000,91000,91000
060759,南亞科元大9A購03,0,0,0,0,0,0,0,0,0,91000,0,0,0,91000,0,91000,91000
062932,滬深2X凱基01購01,0,0,0,0,0,0,0,0,0,91000,0,0,0,91000,0,91000,91000
063063,泰鼎元富9B購01  ,0,0,0,0,0,0,0,0,0,91000,0,0,0,122000,31000,91000,91000
063088,緯穎凱基9B購04  ,0,0,0,0,0,0,0,0,0,91000,0,0,0,114000,23000,91000,91000
063151,奇鋐元富9B購01  ,0,0,0,0,0,0,0,0,0,91000,0,0,0,97000,6000,91000,91000
062395,台表科富邦9C購01,0,0,0,0,0,0,0,0,0,91000,0,0,0,177000,86000,91000,91000
061996,矽格元大9B購01  ,0,0,0,0,0,0,0,0,0,91000,0,0,0,105000,14000,91000,91000
061586,智邦富邦9A購02  ,0,0,0,0,0,0,0,0,0,91000,0,0,0,422000,331000,91000,91000
063996,貿聯群益9C購01  ,0,0,0,0,0,0,0,0,0,90000,0,0,0,97000,7000,90000,90000
06652P,長榮航元大98售01,0,0,0,0,0,0,0,0,0,90000,0,0,0,90000,0,90000,90000
07129P,華新科元大99售14,0,0,0,0,0,0,0,0,0,90000,0,0,0,270000,180000,90000,90000
08077P,亞德客國票9B售02,0,0,0,0,0,0,0,0,0,90000,0,0,0,247000,157000,90000,90000
04731P,臺股指中信96售03,0,0,0,0,0,0,0,0,0,90000,0,0,0,90000,0,90000,90000
054310,牧德凱基98購01  ,0,0,0,0,0,0,0,0,0,90000,0,0,0,90000,0,90000,90000
053527,創意中信97購01  ,0,0,0,0,0,0,0,0,0,90000,0,0,0,90000,0,90000,90000
060286,佳世達元大9C購01,0,0,0,0,0,0,0,0,0,90000,0,0,0,95000,5000,90000,90000
055563,智易凱基97購02  ,0,0,0,0,0,0,0,0,0,90000,0,0,0,90000,0,90000,90000
055848,大立光元大97購11,0,0,0,0,0,0,0,0,0,90000,0,0,0,130000,40000,90000,90000
060683,泰鼎元大9A購02  ,0,0,0,0,0,0,0,0,0,90000,0,0,0,93000,3000,90000,90000
057318,台光電凱基9A購01,0,0,0,0,0,0,0,0,0,90000,0,0,0,90000,0,90000,90000
059174,訊芯凱基99購01  ,0,0,0,0,0,0,0,0,0,90000,0,0,0,90000,0,90000,90000
057089,奇力新元富98購01,0,0,0,0,0,0,0,0,0,90000,0,0,0,90000,0,90000,90000
059942,全新永豐99購04  ,0,0,0,0,0,0,0,0,0,90000,0,0,0,90000,0,90000,90000
059821,美律凱基99購08  ,0,0,0,0,0,0,0,0,0,90000,0,0,0,90000,0,90000,90000
057434,國巨國票99購03  ,0,0,0,0,0,0,0,0,0,90000,0,0,0,478000,388000,90000,90000
058788,喬山元大99購01  ,0,0,0,0,0,0,0,0,0,90000,0,0,0,97000,7000,90000,90000
058748,景碩凱基9A購01  ,0,0,0,0,0,0,0,0,0,90000,0,0,0,315000,225000,90000,90000
061666,友達中信01購01  ,0,0,0,0,0,0,0,0,0,90000,0,0,0,90000,0,90000,90000
061676,新光金元大9A購03,0,0,0,0,0,0,0,0,0,90000,0,0,0,100000,10000,90000,90000
061661,京鼎永豐9A購02  ,0,0,0,0,0,0,0,0,0,90000,0,0,0,101000,11000,90000,90000
062150,南六國票9B購01  ,0,0,0,0,0,0,0,0,0,90000,0,0,0,107000,17000,90000,90000
061910,台積電中信05購03,0,0,0,0,0,0,0,0,0,90000,0,0,0,90000,0,90000,90000
062907,可成元大9C購03  ,0,0,0,0,0,0,0,0,0,90000,0,0,0,158000,68000,90000,90000
062511,台光電國票9B購02,0,0,0,0,0,0,0,0,0,90000,0,0,0,90000,0,90000,90000
063452,創意統一01購01  ,0,0,0,0,0,0,0,0,0,90000,0,0,0,140000,50000,90000,90000
064150,全新統一01購03  ,0,0,0,0,0,0,0,0,0,89000,0,0,0,102000,13000,89000,89000
058146,勤誠元大99購01  ,0,0,0,0,0,0,0,0,0,89000,0,0,0,225000,136000,89000,89000
059293,宏達電元富9B購01,0,0,0,0,0,0,0,0,0,89000,0,0,0,328000,239000,89000,89000
062835,瑞儀群益9B購01  ,0,0,0,0,0,0,0,0,0,89000,0,0,0,179000,90000,89000,89000
062679,技嘉統一01購01  ,0,0,0,0,0,0,0,0,0,89000,0,0,0,231000,142000,89000,89000
062112,祥碩國票9C購01  ,0,0,0,0,0,0,0,0,0,89000,0,0,0,92000,3000,89000,89000
064504,玉晶光元大01購02,0,0,0,0,0,0,0,0,0,88000,0,0,0,89000,1000,88000,88000
055228,聯發科國票98購03,0,0,0,0,0,0,0,0,0,88000,0,0,0,90000,2000,88000,88000
054504,聯鈞永豐96購01  ,0,0,0,0,0,0,0,0,0,88000,0,0,0,88000,0,88000,88000
046476,鴻海統一96購01  ,0,0,0,0,0,0,0,0,0,88000,0,0,0,109000,21000,88000,88000
052104,英業達兆豐96購01,0,0,0,0,0,0,0,0,0,88000,0,0,0,98000,10000,88000,88000
059297,大立光元富9C購01,0,0,0,0,0,0,0,0,0,88000,0,0,0,202000,114000,88000,88000
061048,國巨中信9A購05  ,0,0,0,0,0,0,0,0,0,88000,0,0,0,98000,10000,88000,88000
057767,緯穎凱基98購06  ,0,0,0,0,0,0,0,0,0,88000,0,0,0,138000,50000,88000,88000
057902,嘉晶永豐98購02  ,0,0,0,0,0,0,0,0,0,88000,0,0,0,94000,6000,88000,88000
062376,中租元大9B購02  ,0,0,0,0,0,0,0,0,0,88000,0,0,0,140000,52000,88000,88000
062252,華邦電元大9C購01,0,0,0,0,0,0,0,0,0,88000,0,0,0,88000,0,88000,88000
063113,聯茂兆豐9B購01  ,0,0,0,0,0,0,0,0,0,88000,0,0,0,148000,60000,88000,88000
063202,南亞科統一9C購02,0,0,0,0,0,0,0,0,0,88000,0,0,0,214000,126000,88000,88000
064387,GIS富邦9C購01   ,0,0,0,0,0,0,0,0,0,87000,0,0,0,105000,18000,87000,87000
063882,玉晶光元富9C購01,0,0,0,0,0,0,0,0,0,87000,0,0,0,177000,90000,87000,87000
054101,茂林國票97購04  ,0,0,0,0,0,0,0,0,0,87000,0,0,0,135000,48000,87000,87000
056297,台光電元大97購04,0,0,0,0,0,0,0,0,0,87000,0,0,0,128000,41000,87000,87000
057257,台泥兆豐99購01  ,0,0,0,0,0,0,0,0,0,87000,0,0,0,104000,17000,87000,87000
058972,新日興永豐9A購01,0,0,0,0,0,0,0,0,0,87000,0,0,0,87000,0,87000,87000
063521,國巨凱基03購01  ,0,0,0,0,0,0,0,0,0,87000,0,0,0,150000,63000,87000,87000
063565,旺宏元大9B購08  ,0,0,0,0,0,0,0,0,0,87000,0,0,0,205000,118000,87000,87000
062414,臻鼎中信01購01  ,0,0,0,0,0,0,0,0,0,87000,0,0,0,87000,0,87000,87000
062501,台積電群益9C購03,0,0,0,0,0,0,0,0,0,87000,0,0,0,117000,30000,87000,87000
056919,英業達兆豐98購01,0,0,0,0,0,0,0,0,0,86000,0,0,0,86000,0,86000,86000
047547,友達凱基99購02  ,0,0,0,0,0,0,0,0,0,86000,0,0,0,86000,0,86000,86000
054272,華通中信98購01  ,0,0,0,0,0,0,0,0,0,86000,0,0,0,91000,5000,86000,86000
053378,台積電元大98購02,0,0,0,0,0,0,0,0,0,86000,0,0,0,95000,9000,86000,86000
059125,台積電第一03購02,0,0,0,0,0,0,0,0,0,86000,0,0,0,187000,101000,86000,86000
061159,同欣電群益9A購01,0,0,0,0,0,0,0,0,0,86000,0,0,0,114000,28000,86000,86000
057553,景碩凱基98購03  ,0,0,0,0,0,0,0,0,0,86000,0,0,0,465000,379000,86000,86000
057674,台郡元大99購03  ,0,0,0,0,0,0,0,0,0,86000,0,0,0,176000,90000,86000,86000
061415,健策群益9A購04  ,0,0,0,0,0,0,0,0,0,86000,0,0,0,106000,20000,86000,86000
6531,愛普            ,84000,22000,62000,0,0,0,0,0,0,24000,30000,0,30000,0,6000,-6000,86000
064082,緯創中信06購01  ,0,0,0,0,0,0,0,0,0,85000,0,0,0,85000,0,85000,85000
064129,新日興元大9C購02,0,0,0,0,0,0,0,0,0,85000,0,0,0,85000,0,85000,85000
064196,健策群益01購01  ,0,0,0,0,0,0,0,0,0,85000,0,0,0,187000,102000,85000,85000
07292P,臺股指凱基99售44,0,0,0,0,0,0,0,0,0,85000,0,0,0,155000,70000,85000,85000
054662,同欣電元大97購02,0,0,0,0,0,0,0,0,0,85000,0,0,0,85000,0,85000,85000
05589P,大立光中信9A售01,0,0,0,0,0,0,0,0,0,85000,0,0,0,85000,0,85000,85000
060248,日月光元大9A購01,0,0,0,0,0,0,0,0,0,85000,0,0,0,115000,30000,85000,85000
06046P,健策統一96售03  ,0,0,0,0,0,0,0,0,0,85000,0,0,0,95000,10000,85000,85000
057388,奇鋐永豐98購02  ,0,0,0,0,0,0,0,0,0,85000,0,0,0,85000,0,85000,85000
061072,南電凱基9B購01  ,0,0,0,0,0,0,0,0,0,85000,0,0,0,151000,66000,85000,85000
060958,儒鴻凱基9A購02  ,0,0,0,0,0,0,0,0,0,85000,0,0,0,140000,55000,85000,85000
062423,聯發科統一9C購07,0,0,0,0,0,0,0,0,0,85000,0,0,0,355000,270000,85000,85000
062353,亞德客元大9B購01,0,0,0,0,0,0,0,0,0,85000,0,0,0,85000,0,85000,85000
063764,上銀元富9B購08  ,0,0,0,0,0,0,0,0,0,85000,0,0,0,99000,14000,85000,85000
063195,訊連元富9B購01  ,0,0,0,0,0,0,0,0,0,85000,0,0,0,95000,10000,85000,85000
063284,大立光元大9B購07,0,0,0,0,0,0,0,0,0,85000,0,0,0,85000,0,85000,85000
063352,上銀元富9B購02  ,0,0,0,0,0,0,0,0,0,85000,0,0,0,105000,20000,85000,85000
063359,泰鼎國泰01購01  ,0,0,0,0,0,0,0,0,0,85000,0,0,0,104000,19000,85000,85000
062615,亞德客元大9B購02,0,0,0,0,0,0,0,0,0,85000,0,0,0,130000,45000,85000,85000
064293,勤誠元大9C購01  ,0,0,0,0,0,0,0,0,0,84000,0,0,0,209000,125000,84000,84000
060467,神基元大9A購01  ,0,0,0,0,0,0,0,0,0,84000,0,0,0,112000,28000,84000,84000
060423,智易永豐9A購01  ,0,0,0,0,0,0,0,0,0,84000,0,0,0,190000,106000,84000,84000
056129,義隆麥證97購01  ,0,0,0,84000,0,84000,0,0,0,84000,0,0,0,84000,0,84000,84000
056355,台積電元大98購08,0,0,0,0,0,0,0,0,0,84000,0,0,0,128000,44000,84000,84000
055876,美食元富9A購01  ,0,0,0,0,0,0,0,0,0,84000,0,0,0,84000,0,84000,84000
054932,台肥元大97購01  ,0,0,0,0,0,0,0,0,0,84000,0,0,0,94000,10000,84000,84000
00656R,國泰中國A50反1  ,0,0,0,0,0,0,0,0,0,84000,0,0,0,332000,248000,84000,84000
058095,昇陽半元大98購03,0,0,0,0,0,0,0,0,0,84000,0,0,0,115000,31000,84000,84000
057543,華通凱基99購02  ,0,0,0,0,0,0,0,0,0,84000,0,0,0,87000,3000,84000,84000
058955,台積電國票9A購04,0,0,0,0,0,0,0,0,0,84000,0,0,0,120000,36000,84000,84000
062148,奇鋐國票9B購01  ,0,0,0,0,0,0,0,0,0,84000,0,0,0,91000,7000,84000,84000
061626,超眾群益9A購02  ,0,0,0,0,0,0,0,0,0,84000,0,0,0,84000,0,84000,84000
6456,GIS-KY          ,3437000,948000,2489000,0,0,0,0,1484000,-1484000,-921000,17000,742000,-725000,20000,216000,-196000,84000
00706L,元大S&P日圓正2  ,0,0,0,0,0,0,0,0,0,83000,0,0,0,83000,0,83000,83000
053798,台積電中信98購02,0,0,0,0,0,0,0,0,0,83000,0,0,0,83000,0,83000,83000
055058,大毅永豐97購01  ,0,0,0,0,0,0,0,0,0,83000,0,0,0,97000,14000,83000,83000
057504,技嘉麥證98購01  ,0,0,0,83000,0,83000,0,0,0,83000,0,0,0,83000,0,83000,83000
057955,技嘉元大98購07  ,0,0,0,0,0,0,0,0,0,83000,0,0,0,208000,125000,83000,83000
060114,緯穎元大99購10  ,0,0,0,0,0,0,0,0,0,83000,0,0,0,98000,15000,83000,83000
061293,聯茂統一9A購01  ,0,0,0,0,0,0,0,0,0,83000,0,0,0,260000,177000,83000,83000
062616,玉晶光元大9C購06,0,0,0,0,0,0,0,0,0,83000,0,0,0,113000,30000,83000,83000
063481,緯穎元大9B購08  ,0,0,0,0,0,0,0,0,0,83000,0,0,0,198000,115000,83000,83000
063223,牧德群益9B購04  ,0,0,0,0,0,0,0,0,0,83000,0,0,0,84000,1000,83000,83000
06926P,可成群益9A售04  ,0,0,0,0,0,0,0,0,0,82000,0,0,0,82000,0,82000,82000
1722,台肥            ,845000,746000,99000,0,0,0,0,2000,-2000,-15000,2000,2000,0,0,15000,-15000,82000
056006,義隆亞東97購01  ,0,0,0,0,0,0,0,0,0,82000,0,0,0,112000,30000,82000,82000
056104,義隆永豐97購01  ,0,0,0,0,0,0,0,0,0,82000,0,0,0,82000,0,82000,82000
052375,奇力新元大96購02,0,0,0,0,0,0,0,0,0,82000,0,0,0,82000,0,82000,82000
058699,楠梓電元大99購02,0,0,0,0,0,0,0,0,0,82000,0,0,0,132000,50000,82000,82000
063331,瑞儀國票9C購01  ,0,0,0,0,0,0,0,0,0,82000,0,0,0,82000,0,82000,82000
063492,台積電富邦02購02,0,0,0,0,0,0,0,0,0,82000,0,0,0,178000,96000,82000,82000
061235,台積電元大9A購23,0,0,0,0,0,0,0,0,0,82000,0,0,0,92000,10000,82000,82000
062351,瑞祺群益9C購01  ,0,0,0,0,0,0,0,0,0,82000,0,0,0,123000,41000,82000,82000
08386P,臺股指群益9C售14,0,0,0,0,0,0,0,0,0,81000,0,0,0,84000,3000,81000,81000
064266,聯茂永豐9C購01  ,0,0,0,0,0,0,0,0,0,81000,0,0,0,216000,135000,81000,81000
056107,智易永豐97購02  ,0,0,0,0,0,0,0,0,0,81000,0,0,0,81000,0,81000,81000
056386,TPK國泰99購01   ,0,0,0,0,0,0,0,0,0,81000,0,0,0,336000,255000,81000,81000
056144,GIS元大98購01   ,0,0,0,0,0,0,0,0,0,81000,0,0,0,82000,1000,81000,81000
060089,台積電元大99購54,0,0,0,0,0,0,0,0,0,81000,0,0,0,81000,0,81000,81000
060886,國巨統一01購03  ,0,0,0,0,0,0,0,0,0,81000,0,0,0,88000,7000,81000,81000
063432,金寶元富9B購01  ,0,0,0,0,0,0,0,0,0,81000,0,0,0,183000,102000,81000,81000
063187,全新凱基9B購02  ,0,0,0,0,0,0,0,0,0,81000,0,0,0,114000,33000,81000,81000
062912,新日興元大9B購01,0,0,0,0,0,0,0,0,0,81000,0,0,0,81000,0,81000,81000
06967P,台郡台新99售02  ,0,0,0,0,0,0,0,0,0,80000,0,0,0,100000,20000,80000,80000
07646P,世芯元大9A售04  ,0,0,0,0,0,0,0,0,0,80000,0,0,0,155000,75000,80000,80000
055104,台達電凱基98購01,0,0,0,0,0,0,0,0,0,80000,0,0,0,87000,7000,80000,80000
052779,欣興國票97購01  ,0,0,0,0,0,0,0,0,0,80000,0,0,0,80000,0,80000,80000
053721,國泰金凱基97購01,0,0,0,0,0,0,0,0,0,80000,0,0,0,80000,0,80000,80000
054826,復盛元大9A購01  ,0,0,0,0,0,0,0,0,0,80000,0,0,0,80000,0,80000,80000
059368,T50正2元富99購02,0,0,0,0,0,0,0,0,0,80000,0,0,0,80000,0,80000,80000
059449,滬深2X永豐99購03,0,0,0,0,0,0,0,0,0,80000,0,0,0,80000,0,80000,80000
059539,緯穎凱基99購03  ,0,0,0,0,0,0,0,0,0,80000,0,0,0,112000,32000,80000,80000
058761,欣興群益99購02  ,0,0,0,0,0,0,0,0,0,80000,0,0,0,122000,42000,80000,80000
057701,嘉聯益群益98購02,0,0,0,0,0,0,0,0,0,80000,0,0,0,80000,0,80000,80000
057782,台積電國票99購07,0,0,0,0,0,0,0,0,0,80000,0,0,0,82000,2000,80000,80000
057805,華通元大98購06  ,0,0,0,0,0,0,0,0,0,80000,0,0,0,196000,116000,80000,80000
059665,嘉聯益元大99購06,0,0,0,0,0,0,0,0,0,80000,0,0,0,80000,0,80000,80000
058241,景碩元大99購05  ,0,0,0,0,0,0,0,0,0,80000,0,0,0,121000,41000,80000,80000
059064,緯穎凱基99購02  ,0,0,0,0,0,0,0,0,0,80000,0,0,0,91000,11000,80000,80000
063274,鈺齊兆豐9B購01  ,0,0,0,0,0,0,0,0,0,80000,0,0,0,130000,50000,80000,80000
061265,富邦金凱基9B購01,0,0,0,0,0,0,0,0,0,80000,0,0,0,302000,222000,80000,80000
061468,神達群益9A購01  ,0,0,0,0,0,0,0,0,0,80000,0,0,0,108000,28000,80000,80000
062121,奇鋐台新9B購01  ,0,0,0,0,0,0,0,0,0,80000,0,0,0,80000,0,80000,80000
054250,漢唐元大96購04  ,0,0,0,0,0,0,0,0,0,79000,0,0,0,79000,0,79000,79000
055963,欣興元大97購04  ,0,0,0,0,0,0,0,0,0,79000,0,0,0,280000,201000,79000,79000
058245,訊連元大99購01  ,0,0,0,0,0,0,0,0,0,79000,0,0,0,79000,0,79000,79000
059287,華通元富99購03  ,0,0,0,0,0,0,0,0,0,79000,0,0,0,79000,0,79000,79000
060056,大立光凱基9B購01,0,0,0,0,0,0,0,0,0,79000,0,0,0,110000,31000,79000,79000
061248,健策群益9A購03  ,0,0,0,0,0,0,0,0,0,79000,0,0,0,79000,0,79000,79000
061408,華新科國票9A購06,0,0,0,0,0,0,0,0,0,79000,0,0,0,79000,0,79000,79000
062558,義隆凱基9B購02  ,0,0,0,0,0,0,0,0,0,79000,0,0,0,87000,8000,79000,79000
07434P,臺股指國票9A售06,0,0,0,0,0,0,0,0,0,78000,0,0,0,96000,18000,78000,78000
08015P,可成凱基9B售05  ,0,0,0,0,0,0,0,0,0,78000,0,0,0,110000,32000,78000,78000
064296,奇鋐國票01購01  ,0,0,0,0,0,0,0,0,0,78000,0,0,0,78000,0,78000,78000
064041,國巨統一01購07  ,0,0,0,0,0,0,0,0,0,78000,0,0,0,78000,0,78000,78000
063794,亞德客凱基9C購01,0,0,0,0,0,0,0,0,0,78000,0,0,0,99000,21000,78000,78000
056272,嘉澤統一99購01  ,0,0,0,0,0,0,0,0,0,78000,0,0,0,88000,10000,78000,78000
060474,中租元大9B購01  ,0,0,0,0,0,0,0,0,0,78000,0,0,0,139000,61000,78000,78000
053867,創意元大96購04  ,0,0,0,0,0,0,0,0,0,78000,0,0,0,78000,0,78000,78000
061858,南電國票9B購02  ,0,0,0,0,0,0,0,0,0,78000,0,0,0,116000,38000,78000,78000
8499,鼎炫-KY         ,107000,28000,79000,0,0,0,0,0,0,-1000,0,1000,-1000,0,0,0,78000
2520,冠德            ,324000,410000,-86000,0,0,0,0,0,0,164000,200000,1000,199000,0,35000,-35000,78000
063937,上銀元大9C購02  ,0,0,0,0,0,0,0,0,0,77000,0,0,0,88000,11000,77000,77000
064252,嘉澤元富9C購01  ,0,0,0,0,0,0,0,0,0,77000,0,0,0,77000,0,77000,77000
06505P,康控國票99售02  ,0,0,0,0,0,0,0,0,0,77000,0,0,0,125000,48000,77000,77000
07814P,華通群益9A售06  ,0,0,0,0,0,0,0,0,0,77000,0,0,0,230000,153000,77000,77000
08302P,長榮航國泰02售01,0,0,0,0,0,0,0,0,0,77000,0,0,0,112000,35000,77000,77000
08335P,香港2X中信03售01,0,0,0,0,0,0,0,0,0,77000,0,0,0,99000,22000,77000,77000
057436,義隆國票99購02  ,0,0,0,0,0,0,0,0,0,77000,0,0,0,93000,16000,77000,77000
061957,上銀統一01購01  ,0,10000,-10000,0,0,0,0,0,0,87000,0,0,0,185000,98000,87000,77000
062052,華通統一01購01  ,0,0,0,0,0,0,0,0,0,77000,0,0,0,195000,118000,77000,77000
061206,旺宏元大9A購12  ,0,0,0,0,0,0,0,0,0,77000,0,0,0,110000,33000,77000,77000
062527,美律統一01購01  ,0,0,0,0,0,0,0,0,0,77000,0,0,0,332000,255000,77000,77000
062849,中興電永豐9B購02,0,0,0,0,0,0,0,0,0,77000,0,0,0,77000,0,77000,77000
063311,喬山群益9B購01  ,0,0,0,0,0,0,0,0,0,77000,0,0,0,87000,10000,77000,77000
8011,台通            ,152000,76000,76000,0,0,0,0,0,0,1000,1000,0,1000,0,0,0,77000
060486,中租富邦9A購01  ,0,0,0,0,0,0,0,0,0,76000,0,0,0,76000,0,76000,76000
060009,南亞科群益99購03,0,0,0,0,0,0,0,0,0,76000,0,0,0,76000,0,76000,76000
060785,國巨富邦9B購04  ,0,0,0,0,0,0,0,0,0,76000,0,0,0,80000,4000,76000,76000
060845,欣興國票9A購01  ,0,0,0,0,0,0,0,0,0,76000,0,0,0,131000,55000,76000,76000
057158,義隆永豐99購01  ,0,0,0,0,0,0,0,0,0,76000,0,0,0,108000,32000,76000,76000
057944,新日興國票99購02,0,0,0,0,0,0,0,0,0,76000,0,0,0,76000,0,76000,76000
061476,大毅元大9A購02  ,0,0,0,0,0,0,0,0,0,76000,0,0,0,104000,28000,76000,76000
062040,玉晶光凱基01購01,0,0,0,0,0,0,0,0,0,76000,0,0,0,96000,20000,76000,76000
062194,遠東新中信9C購01,0,0,0,0,0,0,0,0,0,76000,0,0,0,76000,0,76000,76000
3040,遠見            ,188000,113000,75000,0,0,0,0,0,0,1000,2000,1000,1000,0,0,0,76000
08207P,金像電群益9B售05,0,0,0,0,0,0,0,0,0,75000,0,0,0,237000,162000,75000,75000
08198P,聯發科元大9B售25,0,0,0,0,0,0,0,0,0,75000,0,0,0,100000,25000,75000,75000
08161P,台表科元富9B售02,0,0,0,0,0,0,0,0,0,75000,0,0,0,80000,5000,75000,75000
060381,元黃金凱基9A購01,0,0,0,0,0,0,0,0,0,75000,0,0,0,105000,30000,75000,75000
056333,台積電日盛9B購01,0,0,0,0,0,0,0,0,0,75000,0,0,0,75000,0,75000,75000
055014,達興元富97購01  ,0,0,0,0,0,0,0,0,0,75000,0,0,0,150000,75000,75000,75000
055365,華通元大97購03  ,0,0,0,0,0,0,0,0,0,75000,0,0,0,240000,165000,75000,75000
056772,欣興元大99購01  ,0,0,0,0,0,0,0,0,0,75000,0,0,0,124000,49000,75000,75000
053280,群創元大9C購01  ,0,0,0,0,0,0,0,0,0,75000,0,0,0,75000,0,75000,75000
057273,智邦元大98購05  ,0,0,0,0,0,0,0,0,0,75000,0,0,0,95000,20000,75000,75000
062468,台積電凱基9B購06,0,0,0,0,0,0,0,0,0,75000,0,0,0,80000,5000,75000,75000
061567,華通元大9A購11  ,0,0,0,0,0,0,0,0,0,75000,0,0,0,76000,1000,75000,75000
060965,中租凱基9B購01  ,0,0,0,0,0,0,0,0,0,75000,0,0,0,147000,72000,75000,75000
063434,和潤元富9B購01  ,0,0,0,0,0,0,0,0,0,75000,0,0,0,78000,3000,75000,75000
062693,中石化元大02購01,0,0,0,0,0,0,0,0,0,75000,0,0,0,83000,8000,75000,75000
08280P,臺股指中信02售01,0,0,0,0,0,0,0,0,0,74000,0,0,0,99000,25000,74000,74000
064306,和潤兆豐01購01  ,0,0,0,0,0,0,0,0,0,74000,0,0,0,76000,2000,74000,74000
056715,瀚宇博永豐98購01,0,0,0,0,0,0,0,0,0,74000,0,0,0,84000,10000,74000,74000
055822,臺股指國票97購09,0,0,0,0,0,0,0,0,0,74000,0,0,0,75000,1000,74000,74000
056465,臺股指凱基99購07,0,0,0,0,0,0,0,0,0,74000,0,0,0,220000,146000,74000,74000
057925,貿聯凱基99購01  ,0,0,0,0,0,0,0,0,0,74000,0,0,0,74000,0,74000,74000
063482,緯穎元大9B購09  ,0,0,0,0,0,0,0,0,0,74000,0,0,0,104000,30000,74000,74000
063337,國巨統一02購02  ,0,0,0,0,0,0,0,0,0,74000,0,0,0,90000,16000,74000,74000
061573,義隆元大9A購02  ,0,0,0,0,0,0,0,0,0,74000,0,0,0,184000,110000,74000,74000
062360,華邦電元大9B購01,0,0,0,0,0,0,0,0,0,74000,0,0,0,96000,22000,74000,74000
062048,義隆台新9B購01  ,0,0,0,0,0,0,0,0,0,74000,0,0,0,76000,2000,74000,74000
2702,華園            ,93000,19000,74000,0,0,0,0,0,0,0,0,0,0,0,0,0,74000
064360,台積電統一9C購12,0,0,0,0,0,0,0,0,0,73000,0,0,0,150000,77000,73000,73000
055639,上銀元富97購02  ,0,0,0,0,0,0,0,0,0,73000,0,0,0,73000,0,73000,73000
059873,華新科凱基99購09,0,0,0,0,0,0,0,0,0,73000,0,0,0,78000,5000,73000,73000
057664,台積電元大9A購03,0,0,0,0,0,0,0,0,0,73000,0,0,0,165000,92000,73000,73000
058547,世紀鋼富邦9A購01,0,0,0,0,0,0,0,0,0,73000,0,0,0,125000,52000,73000,73000
057109,信邦群益98購01  ,0,0,0,0,0,0,0,0,0,73000,0,0,0,100000,27000,73000,73000
061818,富邦金群益9C購01,0,0,0,0,0,0,0,0,0,73000,0,0,0,371000,298000,73000,73000
062184,奇鋐元大9B購02  ,0,0,0,0,0,0,0,0,0,73000,0,0,0,74000,1000,73000,73000
062225,華擎統一01購01  ,0,0,0,0,0,0,0,0,0,73000,0,0,0,73000,0,73000,73000
062291,力成富邦9B購01  ,0,0,0,0,0,0,0,0,0,73000,0,0,0,85000,12000,73000,73000
061477,晶豪科元大9A購01,0,0,0,0,0,0,0,0,0,73000,0,0,0,202000,129000,73000,73000
061349,嘉澤元大9A購02  ,0,0,0,0,0,0,0,0,0,73000,0,0,0,161000,88000,73000,73000
060646,南電永豐9A購01  ,0,0,0,0,0,0,0,0,0,73000,0,0,0,145000,72000,73000,73000
6525,捷敏-KY         ,107000,35000,72000,0,0,0,0,0,0,1000,1000,0,1000,0,0,0,73000
064300,英業達兆豐9C購01,0,0,0,0,0,0,0,0,0,72000,0,0,0,85000,13000,72000,72000
063870,健策永豐01購01  ,0,0,0,0,0,0,0,0,0,72000,0,0,0,236000,164000,72000,72000
07535P,上銀元富9A售03  ,0,0,0,0,0,0,0,0,0,72000,0,0,0,72000,0,72000,72000
055658,南電元富97購01  ,0,0,0,0,0,0,0,0,0,72000,0,0,0,72000,0,72000,72000
054916,聯發科凱基98購04,0,0,0,0,0,0,0,0,0,72000,0,0,0,87000,15000,72000,72000
057023,美律凱基99購02  ,0,0,0,0,0,0,0,0,0,72000,0,0,0,92000,20000,72000,72000
056624,景碩永豐98購01  ,0,0,0,0,0,0,0,0,0,72000,0,0,0,159000,87000,72000,72000
053053,京元電國票97購02,0,0,0,0,0,0,0,0,0,72000,0,0,0,72000,0,72000,72000
058440,玉晶光統一99購02,0,0,0,0,0,0,0,0,0,72000,0,0,0,84000,12000,72000,72000
058732,矽格永豐99購01  ,0,0,0,0,0,0,0,0,0,72000,0,0,0,96000,24000,72000,72000
057494,玉晶光元大99購09,0,0,0,0,0,0,0,0,0,72000,0,0,0,90000,18000,72000,72000
061381,台灣50群益9B購07,0,0,0,0,0,0,0,0,0,72000,0,0,0,72000,0,72000,72000
061668,信邦中信9B購01  ,0,0,0,0,0,0,0,0,0,72000,0,0,0,86000,14000,72000,72000
062281,奇鋐群益9B購01  ,0,0,0,0,0,0,0,0,0,72000,0,0,0,72000,0,72000,72000
061998,緯穎元大9B購03  ,0,0,0,0,0,0,0,0,0,72000,0,0,0,134000,62000,72000,72000
07576P,可成元大9A售01  ,0,0,0,0,0,0,0,0,0,71000,0,0,0,132000,61000,71000,71000
064000,台郡兆豐9C購01  ,0,0,0,0,0,0,0,0,0,71000,0,0,0,156000,85000,71000,71000
064356,矽創元大01購01  ,0,0,0,0,0,0,0,0,0,71000,0,0,0,387000,316000,71000,71000
056911,緯穎元大99購01  ,0,0,0,0,0,0,0,0,0,71000,0,0,0,347000,276000,71000,71000
058406,聯茂元大99購06  ,0,0,0,0,0,0,0,0,0,71000,0,0,0,71000,0,71000,71000
058851,大立光群益99購07,0,0,0,0,0,0,0,0,0,71000,0,0,0,81000,10000,71000,71000
058864,欣興凱基99購04  ,0,0,0,0,0,0,0,0,0,71000,0,0,0,194000,123000,71000,71000
058520,智易元大99購03  ,0,0,0,0,0,0,0,0,0,71000,0,0,0,143000,72000,71000,71000
061743,祥碩凱基9B購02  ,0,0,0,0,0,0,0,0,0,71000,0,0,0,113000,42000,71000,71000
062685,華新科統一9C購03,0,0,0,0,0,0,0,0,0,71000,0,0,0,81000,10000,71000,71000
062648,聯茂富邦9B購01  ,0,0,0,0,0,0,0,0,0,71000,0,0,0,72000,1000,71000,71000
062916,智易元大9B購01  ,0,0,0,0,0,0,0,0,0,71000,0,0,0,192000,121000,71000,71000
063012,技嘉元大9B購01  ,0,0,0,0,0,0,0,0,0,71000,0,0,0,107000,36000,71000,71000
064325,亞德客元大9C購01,0,0,0,0,0,0,0,0,0,70000,0,0,0,75000,5000,70000,70000
063956,神達元大9C購01  ,0,0,0,0,0,0,0,0,0,70000,0,0,0,109000,39000,70000,70000
063821,南亞科麥證9C購01,0,0,0,125000,55000,70000,0,0,0,70000,0,0,0,125000,55000,70000,70000
07751P,世紀鋼凱基9A售02,0,0,0,0,0,0,0,0,0,70000,0,0,0,257000,187000,70000,70000
055618,麗豐國票98購01  ,0,0,0,0,0,0,0,0,0,70000,0,0,0,70000,0,70000,70000
055725,嘉聯益元大98購03,0,0,0,0,0,0,0,0,0,70000,0,0,0,70000,0,70000,70000
057021,台積電凱基9A購02,0,0,0,0,0,0,0,0,0,70000,0,0,0,70000,0,70000,70000
056401,國巨群益98購07  ,0,0,0,0,0,0,0,0,0,70000,0,0,0,70000,0,70000,70000
047595,元石油元富97購01,0,0,0,0,0,0,0,0,0,70000,0,0,0,70000,0,70000,70000
051570,和碩富邦97購01  ,0,0,0,0,0,0,0,0,0,70000,0,0,0,120000,50000,70000,70000
059984,華新科元大99購21,0,0,0,0,0,0,0,0,0,70000,0,0,0,70000,0,70000,70000
057862,智邦凱基99購01  ,0,0,0,0,0,0,0,0,0,70000,0,0,0,138000,68000,70000,70000
057692,臺股指凱基98購10,0,0,0,0,0,0,0,0,0,70000,0,0,0,70000,0,70000,70000
057973,神達富邦9A購01  ,0,0,0,0,0,0,0,0,0,70000,0,0,0,85000,15000,70000,70000
057207,立積元富98購02  ,0,0,0,0,0,0,0,0,0,70000,0,0,0,196000,126000,70000,70000
058108,台郡台新99購01  ,0,0,0,0,0,0,0,0,0,70000,0,0,0,73000,3000,70000,70000
063640,貿聯元大9B購03  ,0,0,0,0,0,0,0,0,0,70000,0,0,0,70000,0,70000,70000
061529,國巨台新9A購02  ,0,0,0,0,0,0,0,0,0,70000,0,0,0,70000,0,70000,70000
5434,崇越            ,197000,100000,97000,0,0,0,0,0,0,-27000,2000,26000,-24000,0,3000,-3000,70000
2739,寒舍            ,91000,21000,70000,0,0,0,0,0,0,0,0,0,0,0,0,0,70000
07265P,大立光元大99售16,0,0,0,0,0,0,0,0,0,69000,0,0,0,100000,31000,69000,69000
063977,義隆兆豐9C購01  ,0,0,0,0,0,0,0,0,0,69000,0,0,0,302000,233000,69000,69000
063980,智易兆豐9C購02  ,0,0,0,0,0,0,0,0,0,69000,0,0,0,69000,0,69000,69000
051799,台積電永豐96購01,0,0,0,0,0,0,0,0,0,69000,0,0,0,69000,0,69000,69000
054258,牧德元大97購01  ,0,0,0,0,0,0,0,0,0,69000,0,0,0,109000,40000,69000,69000
054319,世紀鋼凱基96購02,0,0,0,0,0,0,0,0,0,69000,0,0,0,69000,0,69000,69000
055275,台積電元大97購19,0,0,0,0,0,0,0,0,0,69000,0,0,0,69000,0,69000,69000
056555,矽創凱基98購01  ,0,0,0,0,0,0,0,0,0,69000,0,0,0,70000,1000,69000,69000
060451,中石化元大9C購02,0,0,0,0,0,0,0,0,0,69000,0,0,0,100000,31000,69000,69000
056020,義隆群益97購01  ,0,0,0,0,0,0,0,0,0,69000,0,0,0,69000,0,69000,69000
057121,立積康和98購01  ,0,0,0,0,0,0,0,0,0,69000,0,0,0,69000,0,69000,69000
058375,群創凱基9B購04  ,0,0,0,0,0,0,0,0,0,69000,0,0,0,128000,59000,69000,69000
058262,大立光富邦9C購02,0,0,0,0,0,0,0,0,0,69000,0,0,0,69000,0,69000,69000
058896,中環元大99購03  ,0,0,0,0,0,0,0,0,0,69000,0,0,0,77000,8000,69000,69000
059510,華新科永豐99購07,0,0,0,0,0,0,0,0,0,69000,0,0,0,69000,0,69000,69000
062408,致新永豐9B購01  ,0,0,0,0,0,0,0,0,0,69000,0,0,0,84000,15000,69000,69000
063688,建準永豐9B購03  ,0,0,0,0,0,0,0,0,0,69000,0,0,0,69000,0,69000,69000
063397,廣達群益9B購02  ,0,0,0,0,0,0,0,0,0,69000,0,0,0,69000,0,69000,69000
063183,國巨凱基9B購12  ,0,0,0,0,0,0,0,0,0,69000,0,0,0,69000,0,69000,69000
063110,牧德兆豐9B購01  ,0,0,0,0,0,0,0,0,0,69000,0,0,0,79000,10000,69000,69000
063965,漢唐國票01購01  ,0,0,0,0,0,0,0,0,0,68000,0,0,0,77000,9000,68000,68000
063945,京元電元大9C購01,0,0,0,0,0,0,0,0,0,68000,0,0,0,172000,104000,68000,68000
08208P,臺股指群益9B售16,0,0,0,0,0,0,0,0,0,68000,0,0,0,86000,18000,68000,68000
056899,可成元大98購01  ,0,0,0,0,0,0,0,0,0,68000,0,0,0,69000,1000,68000,68000
056821,日電貿永豐98購01,0,0,0,0,0,0,0,0,0,68000,0,0,0,68000,0,68000,68000
056850,彩晶元富99購01  ,0,0,0,0,0,0,0,0,0,68000,0,0,0,270000,202000,68000,68000
056775,康控元大99購01  ,0,0,0,0,0,0,0,0,0,68000,0,0,0,68000,0,68000,68000
060238,強茂元大9C購01  ,0,0,0,0,0,0,0,0,0,68000,0,0,0,78000,10000,68000,68000
058513,宏達電元大99購05,0,0,0,0,0,0,0,0,0,68000,0,0,0,72000,4000,68000,68000
058266,宏達電永豐99購01,0,0,0,0,0,0,0,0,0,68000,0,0,0,68000,0,68000,68000
058372,欣興凱基99購03  ,0,0,0,0,0,0,0,0,0,68000,0,0,0,143000,75000,68000,68000
059912,國巨元大99購28  ,0,0,0,0,0,0,0,0,0,68000,0,0,0,76000,8000,68000,68000
058244,神達元大99購02  ,0,0,0,0,0,0,0,0,0,68000,0,0,0,228000,160000,68000,68000
059120,致伸永豐99購01  ,0,0,0,0,0,0,0,0,0,68000,0,0,0,68000,0,68000,68000
058047,可成元大98購11  ,0,0,0,0,0,0,0,0,0,68000,0,0,0,68000,0,68000,68000
057172,南亞科元大98購03,0,0,0,0,0,0,0,0,0,68000,0,0,0,68000,0,68000,68000
060164,合勤控永豐9A購01,0,0,0,0,0,0,0,0,0,68000,0,0,0,88000,20000,68000,68000
059284,緯穎永豐99購03  ,0,0,0,0,0,0,0,0,0,68000,0,0,0,121000,53000,68000,68000
057306,玉晶光兆豐99購01,0,0,0,0,0,0,0,0,0,68000,0,0,0,68000,0,68000,68000
060717,康控永豐9A購01  ,0,0,0,0,0,0,0,0,0,68000,0,0,0,68000,0,68000,68000
061131,崇越永豐9A購01  ,0,0,0,0,0,0,0,0,0,68000,0,0,0,68000,0,68000,68000
063027,台汽電元大9B購01,0,0,0,0,0,0,0,0,0,68000,0,0,0,77000,9000,68000,68000
062694,遠東新元大9B購01,0,0,0,0,0,0,0,0,0,68000,0,0,0,72000,4000,68000,68000
062179,旺宏元大9B購05  ,0,0,0,0,0,0,0,0,0,68000,0,0,0,68000,0,68000,68000
061899,復盛永豐9B購01  ,0,0,0,0,0,0,0,0,0,68000,0,0,0,68000,0,68000,68000
061702,奇鋐國票9A購02  ,0,0,0,0,0,0,0,0,0,68000,0,0,0,68000,0,68000,68000
061638,國泰金元大9A購03,0,0,0,0,0,0,0,0,0,68000,0,0,0,102000,34000,68000,68000
07531P,大立光國泰9B售03,0,0,0,0,0,0,0,0,0,67000,0,0,0,151000,84000,67000,67000
08054P,臺股指國票9B售19,0,0,0,0,0,0,0,0,0,67000,0,0,0,120000,53000,67000,67000
056351,鴻海元大98購06  ,0,0,0,0,0,0,0,0,0,67000,0,0,0,68000,1000,67000,67000
056762,亞德客元大98購01,0,0,0,0,0,0,0,0,0,67000,0,0,0,67000,0,67000,67000
055933,欣興群益98購02  ,0,0,0,0,0,0,0,0,0,67000,0,0,0,162000,95000,67000,67000
052530,台郡元大96購04  ,0,0,0,0,0,0,0,0,0,67000,0,0,0,67000,0,67000,67000
052277,台達電凱基97購01,0,0,0,0,0,0,0,0,0,67000,0,0,0,187000,120000,67000,67000
06068P,玉晶光康和97售01,0,0,0,0,0,0,0,0,0,67000,0,0,0,67000,0,67000,67000
057154,易華電國泰99購01,0,0,0,0,0,0,0,0,0,67000,0,0,0,67000,0,67000,67000
058707,泰鼎元大99購02  ,0,0,0,0,0,0,0,0,0,67000,0,0,0,77000,10000,67000,67000
062221,奇力新統一01購01,0,0,0,0,0,0,0,0,0,67000,0,0,0,102000,35000,67000,67000
062568,緯穎中信9C購01  ,0,0,0,0,0,0,0,0,0,67000,0,0,0,117000,50000,67000,67000
06582P,可成凱基98售06  ,0,0,0,0,0,0,0,0,0,66000,0,0,0,66000,0,66000,66000
06879P,長榮航凱基98售02,0,0,0,0,0,0,0,0,0,66000,0,0,0,81000,15000,66000,66000
054533,泰碩國泰98購01  ,0,0,0,0,0,0,0,0,0,66000,0,0,0,101000,35000,66000,66000
056851,瑞儀元富98購01  ,0,0,0,0,0,0,0,0,0,66000,0,0,0,66000,0,66000,66000
057019,台積電凱基98購14,0,0,0,0,0,0,0,0,0,66000,0,0,0,76000,10000,66000,66000
057042,台積電元大98購10,0,0,0,0,0,0,0,0,0,66000,0,0,0,77000,11000,66000,66000
056133,可成元大97購05  ,0,0,0,0,0,0,0,0,0,66000,0,0,0,77000,11000,66000,66000
057507,貿聯國票98購02  ,0,0,0,0,0,0,0,0,0,66000,0,0,0,66000,0,66000,66000
057311,玉晶光日盛9A購01,0,0,0,0,0,0,0,0,0,66000,0,0,0,66000,0,66000,66000
059290,全新元富99購01  ,0,0,0,0,0,0,0,0,0,66000,0,0,0,66000,0,66000,66000
063226,康控群益9B購03  ,0,0,0,0,0,0,0,0,0,66000,0,0,0,66000,0,66000,66000
06216P,上銀元富97售03  ,0,0,0,0,0,0,0,0,0,66000,0,0,0,66000,0,66000,66000
06234P,亞德客元大97售02,0,0,0,0,0,0,0,0,0,66000,0,0,0,67000,1000,66000,66000
061402,矽創兆豐9B購01  ,0,0,0,0,0,0,0,0,0,66000,0,0,0,99000,33000,66000,66000
061326,新日興凱基9B購01,0,0,0,0,0,0,0,0,0,66000,0,0,0,106000,40000,66000,66000
2480,敦陽科          ,136000,127000,9000,0,0,0,0,0,0,57000,57000,0,57000,0,0,0,66000
063957,臻鼎元大9C購01  ,0,0,0,0,0,0,0,0,0,65000,0,0,0,81000,16000,65000,65000
063883,超眾元富9C購02  ,0,0,0,0,0,0,0,0,0,65000,0,0,0,65000,0,65000,65000
064250,亞光元富9C購01  ,0,0,0,0,0,0,0,0,0,65000,0,0,0,65000,0,65000,65000
060548,友達凱基9B購03  ,0,0,0,0,0,0,0,0,0,65000,0,0,0,65000,0,65000,65000
056480,京鼎元大98購02  ,0,0,0,0,0,0,0,0,0,65000,0,0,0,68000,3000,65000,65000
052847,漢唐統一99購01  ,0,0,0,0,0,0,0,0,0,65000,0,0,0,98000,33000,65000,65000
058831,茂林永豐99購01  ,0,0,0,0,0,0,0,0,0,65000,0,0,0,90000,25000,65000,65000
062480,茂林國票9B購01  ,0,0,0,0,0,0,0,0,0,65000,0,0,0,169000,104000,65000,65000
061819,茂林群益9B購01  ,0,0,0,0,0,0,0,0,0,65000,0,0,0,86000,21000,65000,65000
062050,亞德客統一9C購01,0,0,0,0,0,0,0,0,0,65000,0,0,0,75000,10000,65000,65000
062070,金寶元大9B購01  ,0,0,0,0,0,0,0,0,0,65000,0,0,0,67000,2000,65000,65000
063440,上銀統一01購02  ,0,0,0,0,0,0,0,0,0,65000,0,0,0,65000,0,65000,65000
063446,台光電統一01購02,0,0,0,0,0,0,0,0,0,65000,0,0,0,85000,20000,65000,65000
062975,京鼎元富9B購01  ,0,0,0,0,0,0,0,0,0,65000,0,0,0,391000,326000,65000,65000
063896,世芯群益9C購01  ,0,0,0,0,0,0,0,0,0,64000,0,0,0,111000,47000,64000,64000
063800,玉晶光凱基9C購02,0,0,0,0,0,0,0,0,0,64000,0,0,0,131000,67000,64000,64000
064442,嘉聯益凱基9C購01,0,0,0,0,0,0,0,0,0,64000,0,0,0,72000,8000,64000,64000
2107,厚生            ,340000,275000,65000,0,0,0,0,0,0,-1000,0,1000,-1000,0,0,0,64000
052948,景碩國票97購02  ,0,0,0,0,0,0,0,0,0,64000,0,0,0,251000,187000,64000,64000
053916,漢唐國票97購04  ,0,0,0,0,0,0,0,0,0,64000,0,0,0,64000,0,64000,64000
060015,國巨康和99購03  ,0,0,0,0,0,0,0,0,0,64000,0,0,0,74000,10000,64000,64000
058802,矽創元大99購02  ,0,0,0,0,0,0,0,0,0,64000,0,0,0,156000,92000,64000,64000
058531,華通元富99購01  ,0,0,0,0,0,0,0,0,0,64000,0,0,0,65000,1000,64000,64000
057818,泰碩元大9A購01  ,0,0,0,0,0,0,0,0,0,64000,0,0,0,83000,19000,64000,64000
057614,華新科元富99購04,0,0,0,0,0,0,0,0,0,64000,0,0,0,64000,0,64000,64000
059263,瑞昱中信01購01  ,0,0,0,0,0,0,0,0,0,64000,0,0,0,110000,46000,64000,64000
060821,SP黃豆元大9A購02,0,0,0,0,0,0,0,0,0,64000,0,0,0,77000,13000,64000,64000
058033,景碩永豐98購02  ,0,0,0,0,0,0,0,0,0,64000,0,0,0,104000,40000,64000,64000
08131P,立積元大9B售02  ,0,0,0,0,0,0,0,0,0,63000,0,0,0,113000,50000,63000,63000
063838,上銀元大9C購01  ,0,0,0,0,0,0,0,0,0,63000,0,0,0,92000,29000,63000,63000
056892,旺宏元大9A購02  ,0,0,0,0,0,0,0,0,0,63000,0,0,0,63000,0,63000,63000
055713,國巨元大98購09  ,0,0,0,0,0,0,0,0,0,63000,0,0,0,65000,2000,63000,63000
057995,華新科中信98購02,0,0,0,0,0,0,0,0,0,63000,0,0,0,75000,12000,63000,63000
059166,友達凱基99購05  ,0,0,0,0,0,0,0,0,0,63000,0,0,0,81000,18000,63000,63000
060607,玉晶光凱基9A購06,0,0,0,0,0,0,0,0,0,63000,0,0,0,64000,1000,63000,63000
057883,中環群益98購01  ,0,0,0,0,0,0,0,0,0,63000,0,0,0,80000,17000,63000,63000
058483,道瓊指國票9A購01,0,0,0,0,0,0,0,0,0,63000,0,0,0,205000,142000,63000,63000
058433,台積電統一9B購04,0,0,0,0,0,0,0,0,0,63000,0,0,0,65000,2000,63000,63000
063447,聯發科統一9B購12,0,0,0,0,0,0,0,0,0,63000,0,0,0,171000,108000,63000,63000
063363,鴻海富邦9B購02  ,0,0,0,0,0,0,0,0,0,63000,0,0,0,63000,0,63000,63000
063190,聯茂凱基9B購01  ,0,0,0,0,0,0,0,0,0,63000,0,0,0,81000,18000,63000,63000
063317,大立光群益9B購06,0,0,0,0,0,0,0,0,0,63000,0,0,0,260000,197000,63000,63000
063706,台虹群益9B購01  ,0,0,0,0,0,0,0,0,0,63000,0,0,0,68000,5000,63000,63000
061953,台積電台新9B購04,0,0,0,0,0,0,0,0,0,63000,0,0,0,73000,10000,63000,63000
061405,亞德客國票9B購01,0,0,0,0,0,0,0,0,0,63000,0,0,0,63000,0,63000,63000
3042,晶技            ,1047000,805000,242000,0,0,0,50000,105000,-55000,-124000,103000,124000,-21000,18000,121000,-103000,63000
055670,矽創群益98購02  ,0,0,0,0,0,0,0,0,0,62000,0,0,0,125000,63000,62000,62000
056209,超眾永豐97購02  ,0,0,0,0,0,0,0,0,0,62000,0,0,0,62000,0,62000,62000
056723,國巨中信9A購01  ,0,0,0,0,0,0,0,0,0,62000,0,0,0,63000,1000,62000,62000
056343,高鐵凱基98購02  ,0,0,0,0,0,0,0,0,0,62000,0,0,0,87000,25000,62000,62000
058402,欣興元大99購04  ,0,0,0,0,0,0,0,0,0,62000,0,0,0,136000,74000,62000,62000
058524,超眾元大99購04  ,0,0,0,0,0,0,0,0,0,62000,0,0,0,62000,0,62000,62000
061542,旺宏群益9A購04  ,0,0,0,0,0,0,0,0,0,62000,0,0,0,67000,5000,62000,62000
063207,聯茂統一01購01  ,0,0,0,0,0,0,0,0,0,62000,0,0,0,406000,344000,62000,62000
063026,南六元大9B購04  ,0,0,0,0,0,0,0,0,0,62000,0,0,0,72000,10000,62000,62000
063880,可成元富9C購01  ,0,0,0,0,0,0,0,0,0,61000,0,0,0,73000,12000,61000,61000
056626,同欣電永豐98購01,0,0,0,0,0,0,0,0,0,61000,0,0,0,61000,0,61000,61000
051055,友達群益98購01  ,0,0,0,0,0,0,0,0,0,61000,0,0,0,61000,0,61000,61000
057526,智邦元大98購10  ,0,0,0,0,0,0,0,0,0,61000,0,0,0,80000,19000,61000,61000
059819,台積電凱基99購17,0,0,0,0,0,0,0,0,0,61000,0,0,0,91000,30000,61000,61000
060566,聯詠富邦9C購01  ,0,0,0,0,0,0,0,0,0,61000,0,0,0,115000,54000,61000,61000
058187,泰碩永豐99購01  ,0,0,0,0,0,0,0,0,0,61000,0,0,0,61000,0,61000,61000
062799,聯發科統一9C購09,0,0,0,0,0,0,0,0,0,61000,0,0,0,61000,0,61000,61000
063214,康控國票9C購01  ,0,0,0,0,0,0,0,0,0,61000,0,0,0,69000,8000,61000,61000
063647,超眾元大9B購02  ,0,0,0,0,0,0,0,0,0,61000,0,0,0,71000,10000,61000,61000
063624,GIS兆豐9B購01   ,0,0,0,0,0,0,0,0,0,61000,0,0,0,91000,30000,61000,61000
061240,華新科兆豐9A購01,0,0,0,0,0,0,0,0,0,61000,0,0,0,226000,165000,61000,61000
6166,凌華            ,103000,38000,65000,0,0,0,0,0,0,-4000,0,2000,-2000,0,2000,-2000,61000
064067,美律永豐9C購01  ,0,0,0,0,0,0,0,0,0,60000,0,0,0,60000,0,60000,60000
07914P,臺股指元大9B售20,0,0,0,0,0,0,0,0,0,60000,0,0,0,60000,0,60000,60000
07587P,台灣50國票9A售11,0,0,0,0,0,0,0,0,0,60000,0,0,0,70000,10000,60000,60000
07717P,臺股指群益9A售06,0,0,0,0,0,0,0,0,0,60000,0,0,0,60000,0,60000,60000
07287P,全新群益9B售01  ,0,0,0,0,0,0,0,0,0,60000,0,0,0,110000,50000,60000,60000
042317,台灣50永豐96購01,0,0,0,0,0,0,0,0,0,60000,0,0,0,60000,0,60000,60000
020008,元大特股高息N   ,0,0,0,0,0,0,0,0,0,60000,0,0,0,67000,7000,60000,60000
046864,和大統一97購01  ,0,0,0,0,0,0,0,0,0,60000,0,0,0,60000,0,60000,60000
055333,晶豪科兆豐97購01,0,0,0,0,0,0,0,0,0,60000,0,0,0,60000,0,60000,60000
055330,上銀兆豐98購02  ,0,0,0,0,0,0,0,0,0,60000,0,0,0,60000,0,60000,60000
056683,台積電統一98購05,0,0,0,0,0,0,0,0,0,60000,0,0,0,60000,0,60000,60000
053339,友達國票97購02  ,0,0,0,0,0,0,0,0,0,60000,0,0,0,60000,0,60000,60000
056578,智易元大99購02  ,0,0,0,0,0,0,0,0,0,60000,0,0,0,87000,27000,60000,60000
060512,祥碩元大9A購02  ,0,0,0,0,0,0,0,0,0,60000,0,0,0,67000,7000,60000,60000
056169,鴻海元富97購08  ,0,0,0,0,0,0,0,0,0,60000,0,0,0,61000,1000,60000,60000
055574,美律統一97購01  ,0,0,0,0,0,0,0,0,0,60000,0,0,0,60000,0,60000,60000
055160,玉晶光元大99購03,0,0,0,0,0,0,0,0,0,60000,0,0,0,65000,5000,60000,60000
056065,奇鋐元大97購01  ,0,0,0,0,0,0,0,0,0,60000,0,0,0,62000,2000,60000,60000
055979,聯鈞統一97購03  ,0,0,0,0,0,0,0,0,0,60000,0,0,0,320000,260000,60000,60000
060188,華新科元富9A購03,0,0,0,0,0,0,0,0,0,60000,0,0,0,78000,18000,60000,60000
059062,群創凱基99購05  ,0,0,0,0,0,0,0,0,0,60000,0,0,0,60000,0,60000,60000
060634,矽創富邦9B購01  ,0,0,0,0,0,0,0,0,0,60000,0,0,0,85000,25000,60000,60000
059268,鎧勝中信01購01  ,0,0,0,0,0,0,0,0,0,60000,0,0,0,60000,0,60000,60000
057632,傳奇永豐98購01  ,0,0,0,0,0,0,0,0,0,60000,0,0,0,100000,40000,60000,60000
057407,超眾群益99購01  ,0,0,0,0,0,0,0,0,0,60000,0,0,0,60000,0,60000,60000
059964,元金2X凱基99購02,0,0,0,0,0,0,0,0,0,60000,0,0,0,60000,0,60000,60000
058774,台郡兆豐9A購01  ,0,0,0,0,0,0,0,0,0,60000,0,0,0,60000,0,60000,60000
058737,鴻海第一01購01  ,0,0,0,0,0,0,0,0,0,60000,0,0,0,60000,0,60000,60000
061291,玉晶光統一01購05,0,0,0,0,0,0,0,0,0,60000,0,0,0,65000,5000,60000,60000
061268,玉晶光凱基9B購04,0,0,0,0,0,0,0,0,0,60000,0,0,0,60000,0,60000,60000
061563,群創國票9B購02  ,0,0,0,0,0,0,0,0,0,60000,0,0,0,80000,20000,60000,60000
06323P,台郡統一97售01  ,0,0,0,0,0,0,0,0,0,60000,0,0,0,60000,0,60000,60000
063369,聚陽永豐9B購01  ,0,0,0,0,0,0,0,0,0,60000,0,0,0,66000,6000,60000,60000
062736,漢唐國票9B購01  ,0,0,0,0,0,0,0,0,0,60000,0,0,0,69000,9000,60000,60000
063925,祥碩元富9C購01  ,0,0,0,0,0,0,0,0,0,59000,0,0,0,150000,91000,59000,59000
063787,玉晶光統一01購07,0,0,0,0,0,0,0,0,0,59000,0,0,0,95000,36000,59000,59000
064410,超眾凱基02購01  ,0,0,0,0,0,0,0,0,0,59000,0,0,0,100000,41000,59000,59000
056711,亞光永豐98購01  ,0,0,0,0,0,0,0,0,0,59000,0,0,0,59000,0,59000,59000
056739,美律凱基98購04  ,0,0,0,0,0,0,0,0,0,59000,0,0,0,60000,1000,59000,59000
060241,國泰金元大9A購01,0,0,0,0,0,0,0,0,0,59000,0,0,0,100000,41000,59000,59000
060427,聯茂永豐9A購01  ,0,0,0,0,0,0,0,0,0,59000,0,0,0,219000,160000,59000,59000
060422,台勝科永豐9A購01,0,0,0,0,0,0,0,0,0,59000,0,0,0,190000,131000,59000,59000
056649,智易凱基98購01  ,0,0,0,0,0,0,0,0,0,59000,0,0,0,59000,0,59000,59000
053072,國巨台新97購01  ,0,0,0,0,0,0,0,0,0,59000,0,0,0,59000,0,59000,59000
062861,世芯國票9C購01  ,0,0,0,0,0,0,0,0,0,59000,0,0,0,69000,10000,59000,59000
063342,台光電統一9B購02,0,0,0,0,0,0,0,0,0,59000,0,0,0,302000,243000,59000,59000
063466,美食元大9B購02  ,0,0,0,0,0,0,0,0,0,59000,0,0,0,59000,0,59000,59000
063573,茂林元大9B購06  ,0,0,0,0,0,0,0,0,0,59000,0,0,0,95000,36000,59000,59000
060956,超眾群益9A購01  ,0,0,0,0,0,0,0,0,0,59000,0,0,0,59000,0,59000,59000
061942,亞德客群益9B購01,0,0,0,0,0,0,0,0,0,59000,0,0,0,79000,20000,59000,59000
062503,玉晶光群益01購03,0,0,0,0,0,0,0,0,0,59000,0,0,0,74000,15000,59000,59000
07172P,臺股指國票99售09,0,0,0,0,0,0,0,0,0,58000,0,0,0,59000,1000,58000,58000
064332,聯發科元大01購01,0,0,0,0,0,0,0,0,0,58000,0,0,0,212000,154000,58000,58000
055261,帆宣統一98購01  ,0,0,0,0,0,0,0,0,0,58000,0,0,0,67000,9000,58000,58000
06025P,臺股指元大99售02,0,0,0,0,0,0,0,0,0,58000,0,0,0,74000,16000,58000,58000
055615,宏達電國票99購02,0,0,0,0,0,0,0,0,0,58000,0,0,0,63000,5000,58000,58000
055183,聯鈞統一97購01  ,0,0,0,0,0,0,0,0,0,58000,0,0,0,58000,0,58000,58000
057410,南電群益98購01  ,0,0,0,0,0,0,0,0,0,58000,0,0,0,58000,0,58000,58000
059848,智邦永豐99購01  ,0,0,0,0,0,0,0,0,0,58000,0,0,0,58000,0,58000,58000
057744,健策永豐98購02  ,0,0,0,0,0,0,0,0,0,58000,0,0,0,64000,6000,58000,58000
058182,日電貿國泰9A購01,0,0,0,0,0,0,0,0,0,58000,0,0,0,58000,0,58000,58000
057174,南亞科元大98購05,0,0,0,0,0,0,0,0,0,58000,0,0,0,68000,10000,58000,58000
061925,禾伸堂凱基9C購01,0,0,0,0,0,0,0,0,0,58000,0,0,0,125000,67000,58000,58000
062142,喬山國票9B購01  ,0,0,0,0,0,0,0,0,0,58000,0,0,0,60000,2000,58000,58000
061427,旭富元大9A購02  ,0,0,0,0,0,0,0,0,0,58000,0,0,0,61000,3000,58000,58000
061749,群創統一9C購02  ,0,0,0,0,0,0,0,0,0,58000,0,0,0,58000,0,58000,58000
063685,鴻海永豐9B購03  ,0,0,0,0,0,0,0,0,0,58000,0,0,0,58000,0,58000,58000
064052,創意統一01購02  ,0,0,0,0,0,0,0,0,0,57000,0,0,0,156000,99000,57000,57000
07923P,元金2X凱基02售02,0,0,0,0,0,0,0,0,0,57000,0,0,0,305000,248000,57000,57000
08264P,南電元大9C售02  ,0,0,0,0,0,0,0,0,0,57000,0,0,0,60000,3000,57000,57000
056905,欣興元大98購03  ,0,0,0,0,0,0,0,0,0,57000,0,0,0,211000,154000,57000,57000
060215,柏文康和9A購01  ,0,0,0,0,0,0,0,0,0,57000,0,0,0,60000,3000,57000,57000
053249,致伸國票97購02  ,0,0,0,0,0,0,0,0,0,57000,0,0,0,57000,0,57000,57000
060620,玉晶光元大9A購04,0,0,0,0,0,0,0,0,0,57000,0,0,0,100000,43000,57000,57000
060582,玉晶光群益9C購01,0,0,0,0,0,0,0,0,0,57000,0,0,0,90000,33000,57000,57000
060761,南亞科元大9A購05,0,0,0,0,0,0,0,0,0,57000,0,0,0,95000,38000,57000,57000
059521,南電永豐99購03  ,0,0,0,0,0,0,0,0,0,57000,0,0,0,57000,0,57000,57000
059476,道瓊指群益9C購01,0,0,0,0,0,0,0,0,0,57000,0,0,0,57000,0,57000,57000
063507,奇鋐群益9B購02  ,0,0,0,0,0,0,0,0,0,57000,0,0,0,57000,0,57000,57000
063025,超眾元大9B購01  ,0,0,0,0,0,0,0,0,0,57000,0,0,0,90000,33000,57000,57000
063096,勤誠國票9B購02  ,0,0,0,0,0,0,0,0,0,57000,0,0,0,57000,0,57000,57000
062366,義隆元大9B購04  ,0,0,0,0,0,0,0,0,0,57000,0,0,0,119000,62000,57000,57000
062380,巨大元大9B購01  ,0,0,0,0,0,0,0,0,0,57000,0,0,0,63000,6000,57000,57000
063867,全新永豐9C購01  ,0,0,0,0,0,0,0,0,0,56000,0,0,0,60000,4000,56000,56000
053111,緯創兆豐97購01  ,0,0,0,0,0,0,0,0,0,56000,0,0,0,56000,0,56000,56000
054807,台化元大9A購02  ,0,0,0,0,0,0,0,0,0,56000,0,0,0,56000,0,56000,56000
054229,超眾元富96購05  ,0,0,0,0,0,0,0,0,0,56000,0,0,0,57000,1000,56000,56000
060296,和碩元大9A購01  ,0,0,0,0,0,0,0,0,0,56000,0,0,0,111000,55000,56000,56000
056448,全新凱基99購01  ,0,0,0,0,0,0,0,0,0,56000,0,0,0,56000,0,56000,56000
056559,華通群益98購02  ,0,0,0,0,0,0,0,0,0,56000,0,0,0,726000,670000,56000,56000
056506,晶豪科永豐98購02,0,0,0,0,0,0,0,0,0,56000,0,0,0,56000,0,56000,56000
056026,智易群益97購01  ,0,0,0,0,0,0,0,0,0,56000,0,0,0,100000,44000,56000,56000
057342,玉晶光台新98購01,0,0,0,0,0,0,0,0,0,56000,0,0,0,66000,10000,56000,56000
057511,健策統一98購02  ,0,0,0,0,0,0,0,0,0,56000,0,0,0,186000,130000,56000,56000
057985,華通元富02購03  ,0,0,0,0,0,0,0,0,0,56000,0,0,0,83000,27000,56000,56000
059612,奇鋐永豐99購02  ,0,0,0,0,0,0,0,0,0,56000,0,0,0,56000,0,56000,56000
058246,帆宣元大99購01  ,0,0,0,0,0,0,0,0,0,56000,0,0,0,180000,124000,56000,56000
062088,緯穎元大9B購04  ,0,0,0,0,0,0,0,0,0,56000,0,0,0,132000,76000,56000,56000
061827,台灣50凱基02購01,0,0,0,0,0,0,0,0,0,56000,0,0,0,56000,0,56000,56000
061531,奇鋐台新9A購01  ,0,0,0,0,0,0,0,0,0,56000,0,0,0,57000,1000,56000,56000
061366,台勝科國票9A購01,0,0,0,0,0,0,0,0,0,56000,0,0,0,121000,65000,56000,56000
061228,聯茂中信9A購01  ,0,0,0,0,0,0,0,0,0,56000,0,0,0,92000,36000,56000,56000
062851,建準永豐9B購02  ,0,0,0,0,0,0,0,0,0,56000,0,0,0,56000,0,56000,56000
063733,聯發科元大9B購27,0,0,0,0,0,0,0,0,0,56000,0,0,0,211000,155000,56000,56000
064367,貿聯統一01購02  ,0,0,0,0,0,0,0,0,0,55000,0,0,0,60000,5000,55000,55000
064289,台郡元大9C購01  ,0,0,0,0,0,0,0,0,0,55000,0,0,0,55000,0,55000,55000
064287,日月光元大9C購01,0,0,0,0,0,0,0,0,0,55000,0,0,0,70000,15000,55000,55000
08090P,嘉澤統一9B售01  ,0,0,0,0,0,0,0,0,0,55000,0,0,0,197000,142000,55000,55000
07442P,華航康和9A售02  ,0,0,0,0,0,0,0,0,0,55000,0,0,0,60000,5000,55000,55000
055949,亞德客元大97購04,0,0,0,0,0,0,0,0,0,55000,0,0,0,55000,0,55000,55000
055652,聯詠元富01購01  ,0,0,0,0,0,0,0,0,0,55000,0,0,0,55000,0,55000,55000
054638,國泰金中信99購01,0,0,0,0,0,0,0,0,0,55000,0,0,0,60000,5000,55000,55000
054400,健策永豐96購02  ,0,0,0,0,0,0,0,0,0,55000,0,0,0,167000,112000,55000,55000
060688,世紀鋼元大9C購01,0,0,0,0,0,0,0,0,0,55000,0,0,0,63000,8000,55000,55000
057367,技嘉元大98購02  ,0,0,0,0,0,0,0,0,0,55000,0,0,0,55000,0,55000,55000
057745,泰鼎永豐99購01  ,0,0,0,0,0,0,0,0,0,55000,0,0,0,60000,5000,55000,55000
058259,訊連國泰9B購01  ,0,0,0,0,0,0,0,0,0,55000,0,0,0,55000,0,55000,55000
063554,GIS國票9C購03   ,0,0,0,0,0,0,0,0,0,55000,0,0,0,117000,62000,55000,55000
062870,亞德客兆豐9C購01,0,0,0,0,0,0,0,0,0,55000,0,0,0,58000,3000,55000,55000
06294P,臺股指國票97售08,0,0,0,0,0,0,0,0,0,55000,0,0,0,55000,0,55000,55000
063011,台積電元大9C購01,0,0,0,0,0,0,0,0,0,55000,0,0,0,55000,0,55000,55000
062834,立積群益9B購02  ,0,0,0,0,0,0,0,0,0,55000,0,0,0,77000,22000,55000,55000
061355,康友元大9A購03  ,0,0,0,0,0,0,0,0,0,55000,0,0,0,115000,60000,55000,55000
062003,國巨國泰01購01  ,0,0,0,0,0,0,0,0,0,55000,0,0,0,95000,40000,55000,55000
07904P,聯發科群益9B售05,0,0,0,0,0,0,0,0,0,54000,0,0,0,70000,16000,54000,54000
064038,景碩台新9C購01  ,0,0,0,0,0,0,0,0,0,54000,0,0,0,99000,45000,54000,54000
055958,台光電元大97購02,0,0,0,0,0,0,0,0,0,54000,0,0,0,62000,8000,54000,54000
059949,啟碁永豐99購01  ,0,0,0,0,0,0,0,0,0,54000,0,0,0,101000,47000,54000,54000
060732,玉晶光群益9C購02,0,0,0,0,0,0,0,0,0,54000,0,0,0,58000,4000,54000,54000
060115,南電元大99購06  ,0,0,0,0,0,0,0,0,0,54000,0,0,0,74000,20000,54000,54000
062344,力山群益9B購02  ,0,0,0,0,0,0,0,0,0,54000,0,0,0,81000,27000,54000,54000
062438,台光電元大9B購04,0,0,0,0,0,0,0,0,0,54000,0,0,0,140000,86000,54000,54000
062286,台郡群益9B購01  ,0,0,0,0,0,0,0,0,0,54000,0,0,0,104000,50000,54000,54000
063533,緯穎凱基9B購06  ,0,0,0,0,0,0,0,0,0,54000,0,0,0,105000,51000,54000,54000
063260,信邦富邦9B購01  ,0,0,0,0,0,0,0,0,0,54000,0,0,0,83000,29000,54000,54000
8163,達方            ,464000,383000,81000,0,0,0,0,0,0,-27000,14000,4000,10000,4000,41000,-37000,54000
063807,超眾兆豐01購01  ,0,0,0,0,0,0,0,0,0,53000,0,0,0,63000,10000,53000,53000
07088P,訊芯永豐99售02  ,0,0,0,0,0,0,0,0,0,53000,0,0,0,53000,0,53000,53000
055085,大毅國票97購01  ,0,0,0,0,0,0,0,0,0,53000,0,0,0,53000,0,53000,53000
054965,健策元大98購04  ,0,0,0,0,0,0,0,0,0,53000,0,0,0,53000,0,53000,53000
06021P,世紀鋼元富96售03,0,0,0,0,0,0,0,0,0,53000,0,0,0,53000,0,53000,53000
054551,聯發科凱基98購02,0,0,0,0,0,0,0,0,0,53000,0,0,0,53000,0,53000,53000
056638,臺股指日盛98購01,0,0,0,0,0,0,0,0,0,53000,0,0,0,100000,47000,53000,53000
053686,台積電元大97購08,0,0,0,0,0,0,0,0,0,53000,0,0,0,53000,0,53000,53000
053643,漢唐國票97購02  ,0,0,0,0,0,0,0,0,0,53000,0,0,0,53000,0,53000,53000
053563,台積電富邦97購01,0,0,0,0,0,0,0,0,0,53000,0,0,0,53000,0,53000,53000
053501,明泰兆豐96購01  ,0,0,0,0,0,0,0,0,0,53000,0,0,0,55000,2000,53000,53000
059114,華新科永豐99購05,0,0,0,0,0,0,0,0,0,53000,0,0,0,56000,3000,53000,53000
061082,台光電兆豐9A購01,0,0,0,0,0,0,0,0,0,53000,0,0,0,58000,5000,53000,53000
057308,同欣電兆豐99購01,0,0,0,0,0,0,0,0,0,53000,0,0,0,53000,0,53000,53000
057444,台泥元富98購01  ,0,0,0,0,0,0,0,0,0,53000,0,0,0,123000,70000,53000,53000
063256,鴻海國泰01購02  ,0,0,0,0,0,0,0,0,0,53000,0,0,0,61000,8000,53000,53000
062820,禾伸堂兆豐9B購01,0,0,0,0,0,0,0,0,0,53000,0,0,0,53000,0,53000,53000
062396,華通永豐9B購01  ,0,0,0,0,0,0,0,0,0,53000,0,0,0,53000,0,53000,53000
061543,南亞科群益9A購01,0,0,0,0,0,0,0,0,0,53000,0,0,0,53000,0,53000,53000
08177P,金像電元大9B售02,0,0,0,0,0,0,0,0,0,52000,0,0,0,139000,87000,52000,52000
020016,統一MSCI美科技N ,0,0,0,0,0,0,0,0,0,52000,0,0,0,189000,137000,52000,52000
060431,復盛永豐9A購01  ,0,0,0,0,0,0,0,0,0,52000,0,0,0,57000,5000,52000,52000
056598,京元電元富98購01,0,0,0,0,0,0,0,0,0,52000,0,0,0,52000,0,52000,52000
056777,矽力元大98購02  ,0,0,0,0,0,0,0,0,0,52000,0,0,0,52000,0,52000,52000
057445,華通元富02購01  ,0,0,0,0,0,0,0,0,0,52000,0,0,0,142000,90000,52000,52000
057915,台泥凱基98購01  ,0,0,0,0,0,0,0,0,0,52000,0,0,0,62000,10000,52000,52000
058323,泰鼎永豐9A購01  ,0,0,0,0,0,0,0,0,0,52000,0,0,0,52000,0,52000,52000
058410,國巨兆豐99購03  ,0,0,0,0,0,0,0,0,0,52000,0,0,0,65000,13000,52000,52000
058363,全新凱基9A購02  ,0,0,0,0,0,0,0,0,0,52000,0,0,0,73000,21000,52000,52000
058380,臺股指凱基99購15,0,0,0,0,0,0,0,0,0,52000,0,0,0,1563000,1511000,52000,52000
057283,欣興元大98購07  ,0,0,0,0,0,0,0,0,0,52000,0,0,0,52000,0,52000,52000
057269,鈺齊兆豐98購01  ,0,0,0,0,0,0,0,0,0,52000,0,0,0,112000,60000,52000,52000
059286,S&P正2元富01購03,0,0,0,0,0,0,0,0,0,52000,0,0,0,52000,0,52000,52000
059147,矽創國票99購01  ,0,0,0,0,0,0,0,0,0,52000,0,0,0,74000,22000,52000,52000
060835,亞德客國票9A購01,0,0,0,0,0,0,0,0,0,52000,0,0,0,57000,5000,52000,52000
060816,世紀鋼凱基9C購02,0,0,0,0,0,0,0,0,0,52000,0,0,0,52000,0,52000,52000
059629,友達凱基99購06  ,0,0,0,0,0,0,0,0,0,52000,0,0,0,52000,0,52000,52000
061020,超眾國票9A購02  ,0,0,0,0,0,0,0,0,0,52000,0,0,0,52000,0,52000,52000
062608,智易凱基9B購01  ,0,0,0,0,0,0,0,0,0,52000,0,0,0,105000,53000,52000,52000
062888,漢唐群益9B購01  ,0,0,0,0,0,0,0,0,0,52000,0,0,0,108000,56000,52000,52000
063662,上銀統一01購03  ,0,0,0,0,0,0,0,0,0,52000,0,0,0,70000,18000,52000,52000
06737P,台郡凱基98售07  ,0,0,0,0,0,0,0,0,0,51000,0,0,0,74000,23000,51000,51000
064046,聯發科統一9C購12,0,0,0,0,0,0,0,0,0,51000,0,0,0,67000,16000,51000,51000
064020,華通元大01購01  ,0,0,0,0,0,0,0,0,0,51000,0,0,0,52000,1000,51000,51000
064301,漢唐兆豐01購01  ,0,0,0,0,0,0,0,0,0,51000,0,0,0,109000,58000,51000,51000
055647,義隆元富97購01  ,0,0,0,0,0,0,0,0,0,51000,0,0,0,51000,0,51000,51000
057027,祥碩凱基98購01  ,0,0,0,0,0,0,0,0,0,51000,0,0,0,51000,0,51000,51000
00663L,國泰臺灣加權正2 ,37000,40000,-3000,0,0,0,0,0,0,54000,0,0,0,108000,54000,54000,51000
053602,台虹元大96購01  ,0,0,0,0,0,0,0,0,0,51000,0,0,0,51000,0,51000,51000
058160,奇鋐元富99購01  ,0,0,0,0,0,0,0,0,0,51000,0,0,0,54000,3000,51000,51000
057739,新日興富邦9B購01,0,0,0,0,0,0,0,0,0,51000,0,0,0,141000,90000,51000,51000
061215,健策元大9A購06  ,1000,0,1000,0,0,0,0,0,0,50000,0,0,0,140000,90000,50000,51000
061485,鴻海兆豐9A購01  ,0,0,0,0,0,0,0,0,0,51000,0,0,0,51000,0,51000,51000
064271,鴻海元大9C購08  ,0,0,0,0,0,0,0,0,0,50000,0,0,0,52000,2000,50000,50000
064380,超眾元富9C購03  ,0,0,0,0,0,0,0,0,0,50000,0,0,0,50000,0,50000,50000
064120,鴻海元大9C購07  ,0,0,0,0,0,0,0,0,0,50000,0,0,0,50000,0,50000,50000
064097,友訊群益9C購01  ,0,0,0,0,0,0,0,0,0,50000,0,0,0,116000,66000,50000,50000
063938,上銀元大9C購03  ,0,0,0,0,0,0,0,0,0,50000,0,0,0,50000,0,50000,50000
063797,台積電凱基02購02,0,0,0,0,0,0,0,0,0,50000,0,0,0,90000,40000,50000,50000
06739P,聯詠兆豐98售02  ,0,0,0,0,0,0,0,0,0,50000,0,0,0,50000,0,50000,50000
06831P,臺股指國票98售07,0,0,0,0,0,0,0,0,0,50000,0,0,0,50000,0,50000,50000
08319P,台積電統一9C售11,0,0,0,0,0,0,0,0,0,50000,0,0,0,50000,0,50000,50000
07987P,大立光統一9B售13,0,0,0,0,0,0,0,0,0,50000,0,0,0,50000,0,50000,50000
053733,華邦電中信98購01,0,0,0,0,0,0,0,0,0,50000,0,0,0,50000,0,50000,50000
052546,友達中信98購01  ,0,0,0,0,0,0,0,0,0,50000,0,0,0,50000,0,50000,50000
054099,TPK國票98購01   ,0,0,0,0,0,0,0,0,0,50000,0,0,0,100000,50000,50000,50000
056629,昇陽半永豐98購01,0,0,0,0,0,0,0,0,0,50000,0,0,0,50000,0,50000,50000
054690,新興永豐97購01  ,0,0,0,0,0,0,0,0,0,50000,0,0,0,50000,0,50000,50000
054905,國揚康和97購01  ,0,0,0,0,0,0,0,0,0,50000,0,0,0,50000,0,50000,50000
052807,貿聯元大98購01  ,0,0,0,0,0,0,0,0,0,50000,0,0,0,50000,0,50000,50000
052978,貿聯麥證97購01  ,0,0,0,50000,0,50000,0,0,0,50000,0,0,0,50000,0,50000,50000
053036,聯電凱基98購01  ,0,0,0,0,0,0,0,0,0,50000,0,0,0,120000,70000,50000,50000
054622,漢唐第一97購01  ,0,0,0,0,0,0,0,0,0,50000,0,0,0,50000,0,50000,50000
053364,友達國泰98購01  ,0,0,0,0,0,0,0,0,0,50000,0,0,0,50000,0,50000,50000
046906,新光金凱基99購02,0,0,0,0,0,0,0,0,0,50000,0,0,0,50000,0,50000,50000
051946,健策統一98購01  ,0,0,0,0,0,0,0,0,0,50000,0,0,0,50000,0,50000,50000
051432,群創元富99購03  ,0,0,0,0,0,0,0,0,0,50000,0,0,0,50000,0,50000,50000
056434,國巨凱基98購03  ,0,0,0,0,0,0,0,0,0,50000,0,0,0,155000,105000,50000,50000
056479,玉晶光元大99購05,0,0,0,0,0,0,0,0,0,50000,0,0,0,72000,22000,50000,50000
056323,旺宏兆豐98購01  ,0,0,0,0,0,0,0,0,0,50000,0,0,0,100000,50000,50000,50000
060510,大立光元大9A購03,0,0,0,0,0,0,0,0,0,50000,0,0,0,50000,0,50000,50000
060534,友達麥證9A購01  ,0,0,0,50000,0,50000,0,0,0,50000,0,0,0,50000,0,50000,50000
056150,台光電凱基98購02,0,0,0,0,0,0,0,0,0,50000,0,0,0,50000,0,50000,50000
054931,緯穎凱基98購01  ,0,0,0,0,0,0,0,0,0,50000,0,0,0,50000,0,50000,50000
055024,興勤國泰98購01  ,0,0,0,0,0,0,0,0,0,50000,0,0,0,60000,10000,50000,50000
055399,超眾統一99購01  ,0,0,0,0,0,0,0,0,0,50000,0,0,0,50000,0,50000,50000
056019,燿華群益97購02  ,0,0,0,0,0,0,0,0,0,50000,0,0,0,50000,0,50000,50000
055831,台達電元大97購01,0,0,0,0,0,0,0,0,0,50000,0,0,0,50000,0,50000,50000
055705,微星永豐97購01  ,0,0,0,0,0,0,0,0,0,50000,0,0,0,100000,50000,50000,50000
055777,冠德凱基97購01  ,0,0,0,0,0,0,0,0,0,50000,0,0,0,50000,0,50000,50000
057709,電子類群益98購01,0,0,0,0,0,0,0,0,0,50000,0,0,0,50000,0,50000,50000
058615,矽創元大99購01  ,0,0,0,0,0,0,0,0,0,50000,0,0,0,443000,393000,50000,50000
057903,聯鈞永豐99購01  ,0,0,0,0,0,0,0,0,0,50000,0,0,0,160000,110000,50000,50000
057819,新日興元大99購01,0,0,0,0,0,0,0,0,0,50000,0,0,0,50000,0,50000,50000
057791,可成統一99購01  ,0,0,0,0,0,0,0,0,0,50000,0,0,0,50000,0,50000,50000
060055,宏達電凱基99購06,0,0,0,0,0,0,0,0,0,50000,0,0,0,52000,2000,50000,50000
06010P,國泰金元富96售01,0,0,0,0,0,0,0,0,0,50000,0,0,0,50000,0,50000,50000
058895,鴻海元大99購20  ,0,0,0,0,0,0,0,0,0,50000,0,0,0,50000,0,50000,50000
058937,仁寶中信99購01  ,0,0,0,0,0,0,0,0,0,50000,0,0,0,70000,20000,50000,50000
058141,嘉聯益元大99購05,0,0,0,0,0,0,0,0,0,50000,0,0,0,50000,0,50000,50000
059310,元石油元大99購03,0,0,0,0,0,0,0,0,0,50000,0,0,0,50000,0,50000,50000
060636,大毅永豐9A購02  ,0,0,0,0,0,0,0,0,0,50000,0,0,0,55000,5000,50000,50000
060811,亞德客凱基9A購02,0,0,0,0,0,0,0,0,0,50000,0,0,0,51000,1000,50000,50000
061069,嘉聯益凱基9A購01,0,0,0,0,0,0,0,0,0,50000,0,0,0,60000,10000,50000,50000
060855,華新科富邦01購01,0,0,0,0,0,0,0,0,0,50000,0,0,0,150000,100000,50000,50000
059000,台積電元大99購25,0,0,0,0,0,0,0,0,0,50000,0,0,0,73000,23000,50000,50000
057095,祥碩元富98購02  ,0,0,0,0,0,0,0,0,0,50000,0,0,0,50000,0,50000,50000
058042,鴻海元大98購12  ,0,0,0,0,0,0,0,0,0,50000,0,0,0,50000,0,50000,50000
058043,鴻海元大98購13  ,0,0,0,0,0,0,0,0,0,50000,0,0,0,50000,0,50000,50000
057228,友達凱基9B購01  ,0,0,0,0,0,0,0,0,0,50000,0,0,0,50000,0,50000,50000
061614,亞德客群益9A購01,0,0,0,0,0,0,0,0,0,50000,0,0,0,61000,11000,50000,50000
061764,旺宏元大9B購01  ,0,0,0,0,0,0,0,0,0,50000,0,0,0,55000,5000,50000,50000
061769,晶技元大9B購03  ,0,0,0,0,0,0,0,0,0,50000,0,0,0,357000,307000,50000,50000
061791,康友群益9B購01  ,0,0,0,0,0,0,0,0,0,50000,0,0,0,50000,0,50000,50000
061662,瑞儀永豐9A購02  ,0,0,0,0,0,0,0,0,0,50000,0,0,0,66000,16000,50000,50000
061680,崇越元大9A購01  ,0,0,0,0,0,0,0,0,0,50000,0,0,0,50000,0,50000,50000
061256,亞德客凱基9B購01,0,0,0,0,0,0,0,0,0,50000,0,0,0,50000,0,50000,50000
061324,華新科凱基9C購01,0,0,0,0,0,0,0,0,0,50000,0,0,0,50000,0,50000,50000
060904,臺指反元大9C購07,0,0,0,0,0,0,0,0,0,50000,0,0,0,50000,0,50000,50000
062410,台積電第一9B購02,0,0,0,0,0,0,0,0,0,50000,0,0,0,50000,0,50000,50000
062492,牧德第一9B購01  ,0,0,0,0,0,0,0,0,0,50000,0,0,0,50000,0,50000,50000
062270,上銀群益9B購03  ,0,0,0,0,0,0,0,0,0,50000,0,0,0,50000,0,50000,50000
062081,華新科元大9B購06,0,0,0,0,0,0,0,0,0,50000,0,0,0,51000,1000,50000,50000
062119,世紀鋼中信9B購01,0,0,0,0,0,0,0,0,0,50000,0,0,0,50000,0,50000,50000
061856,台郡國票9B購02  ,0,0,0,0,0,0,0,0,0,50000,0,0,0,95000,45000,50000,50000
061857,康友國票9B購01  ,0,0,0,0,0,0,0,0,0,50000,0,0,0,74000,24000,50000,50000
061891,力山永豐9B購01  ,0,0,0,0,0,0,0,0,0,50000,0,0,0,65000,15000,50000,50000
063657,茂林元富9B購04  ,0,0,0,0,0,0,0,0,0,50000,0,0,0,75000,25000,50000,50000
063561,上銀元大9B購08  ,0,0,0,0,0,0,0,0,0,50000,0,0,0,50000,0,50000,50000
063588,華新科永豐9B購02,0,0,0,0,0,0,0,0,0,50000,0,0,0,50000,0,50000,50000
063614,美食群益9B購03  ,0,0,0,0,0,0,0,0,0,50000,0,0,0,50000,0,50000,50000
063319,神達群益9B購01  ,0,0,0,0,0,0,0,0,0,50000,0,0,0,100000,50000,50000,50000
063247,信邦元大9B購02  ,0,0,0,0,0,0,0,0,0,50000,0,0,0,50000,0,50000,50000
063196,力成元富9B購01  ,0,0,0,0,0,0,0,0,0,50000,0,0,0,50000,0,50000,50000
063472,茂林元大9B購04  ,0,0,0,0,0,0,0,0,0,50000,0,0,0,50000,0,50000,50000
062999,聯茂國票9C購01  ,0,0,0,0,0,0,0,0,0,50000,0,0,0,50000,0,50000,50000
062605,上銀凱基9B購03  ,0,0,0,0,0,0,0,0,0,50000,0,0,0,50000,0,50000,50000
06276P,臺股指凱基97售08,0,0,0,0,0,0,0,0,0,50000,0,0,0,50000,0,50000,50000
6142,友勁            ,3000,33000,-30000,0,0,0,0,0,0,80000,80000,0,80000,0,0,0,50000
3026,禾伸堂          ,257000,255000,2000,0,0,0,192000,111000,81000,-33000,1000,0,1000,8000,42000,-34000,50000
06569P,可成永豐98售01  ,0,0,0,0,0,0,0,0,0,49000,0,0,0,79000,30000,49000,49000
063871,瀚宇博永豐9C購01,0,0,0,0,0,0,0,0,0,49000,0,0,0,62000,13000,49000,49000
063914,和碩凱基9C購01  ,0,0,0,0,0,0,0,0,0,49000,0,0,0,91000,42000,49000,49000
056719,台虹永豐98購01  ,0,0,0,0,0,0,0,0,0,49000,0,0,0,49000,0,49000,49000
060246,晶相光元大9C購03,0,0,0,0,0,0,0,0,0,49000,0,0,0,92000,43000,49000,49000
060365,京鼎元富9A購01  ,0,0,0,0,0,0,0,0,0,49000,0,0,0,49000,0,49000,49000
056581,超眾元大99購01  ,0,0,0,0,0,0,0,0,0,49000,0,0,0,58000,9000,49000,49000
055249,大毅統一99購01  ,0,0,0,0,0,0,0,0,0,49000,0,0,0,54000,5000,49000,49000
057073,康控永豐98購01  ,0,0,0,0,0,0,0,0,0,49000,0,0,0,49000,0,49000,49000
057904,矽力永豐98購01  ,0,0,0,0,0,0,0,0,0,49000,0,0,0,49000,0,49000,49000
057840,健策富邦99購01  ,0,0,0,0,0,0,0,0,0,49000,0,0,0,317000,268000,49000,49000
057549,台光電凱基98購05,0,0,0,0,0,0,0,0,0,49000,0,0,0,49000,0,49000,49000
057481,技嘉元大98購04  ,0,0,0,0,0,0,0,0,0,49000,0,0,0,70000,21000,49000,49000
057636,上銀元大98購06  ,0,0,0,0,0,0,0,0,0,49000,0,0,0,67000,18000,49000,49000
062822,力成兆豐9B購01  ,0,0,0,0,0,0,0,0,0,49000,0,0,0,60000,11000,49000,49000
063348,祥碩統一01購04  ,0,0,0,0,0,0,0,0,0,49000,0,0,0,255000,206000,49000,49000
063203,華新科統一9C購04,0,0,0,0,0,0,0,0,0,49000,0,0,0,84000,35000,49000,49000
063252,緯穎元大9B購07  ,0,0,0,0,0,0,0,0,0,49000,0,0,0,470000,421000,49000,49000
063620,奇力新兆豐9B購01,0,0,0,0,0,0,0,0,0,49000,0,0,0,49000,0,49000,49000
063598,國巨凱基9B購14  ,0,0,0,0,0,0,0,0,0,49000,0,0,0,49000,0,49000,49000
063491,國巨富邦02購02  ,0,0,0,0,0,0,0,0,0,49000,0,0,0,145000,96000,49000,49000
064111,國巨國票02購02  ,0,0,0,0,0,0,0,0,0,48000,0,0,0,66000,18000,48000,48000
064180,國巨富邦02購03  ,0,0,0,0,0,0,0,0,0,48000,0,0,0,112000,64000,48000,48000
064207,國巨凱基03購02  ,0,0,0,0,0,0,0,0,0,48000,0,0,0,74000,26000,48000,48000
07865P,可成元大9B售02  ,0,0,0,0,0,0,0,0,0,48000,0,0,0,48000,0,48000,48000
056583,昇陽半元大98購02,0,0,0,0,0,0,0,0,0,48000,0,0,0,115000,67000,48000,48000
056233,超眾凱基97購02  ,0,0,0,0,0,0,0,0,0,48000,0,0,0,48000,0,48000,48000
057554,新日興凱基99購02,0,0,0,0,0,0,0,0,0,48000,0,0,0,88000,40000,48000,48000
058722,台郡元富99購01  ,0,0,0,0,0,0,0,0,0,48000,0,0,0,48000,0,48000,48000
057381,微星國泰9A購01  ,0,0,0,0,0,0,0,0,0,48000,0,0,0,56000,8000,48000,48000
058342,鴻海群益9A購01  ,0,0,0,0,0,0,0,0,0,48000,0,0,0,48000,0,48000,48000
057088,上銀元富98購01  ,0,0,0,0,0,0,0,0,0,48000,0,0,0,50000,2000,48000,48000
063634,台光電元大9B購09,0,0,0,0,0,0,0,0,0,48000,0,0,0,58000,10000,48000,48000
063201,廣達統一01購01  ,0,0,0,0,0,0,0,0,0,48000,0,0,0,58000,10000,48000,48000
063398,信邦群益9B購02  ,0,0,0,0,0,0,0,0,0,48000,0,0,0,52000,4000,48000,48000
062702,可成元大9C購01  ,0,0,0,0,0,0,0,0,0,48000,0,0,0,187000,139000,48000,48000
063018,聯發科元大9B購14,0,0,0,0,0,0,0,0,0,48000,0,0,0,69000,21000,48000,48000
062335,茂林統一01購01  ,0,0,0,0,0,0,0,0,0,48000,0,0,0,48000,0,48000,48000
08122P,晶技國票9C售01  ,0,0,0,0,0,0,0,0,0,47000,0,0,0,47000,0,47000,47000
064261,力山永豐9C購01  ,0,0,0,0,0,0,0,0,0,47000,0,0,0,47000,0,47000,47000
056767,大毅元大99購01  ,0,0,0,0,0,0,0,0,0,47000,0,0,0,109000,62000,47000,47000
055164,矽創元大98購01  ,0,0,0,0,0,0,0,0,0,47000,0,0,0,48000,1000,47000,47000
056475,宏達電元大99購02,0,0,0,0,0,0,0,0,0,47000,0,0,0,58000,11000,47000,47000
053112,中磊兆豐97購01  ,0,0,0,0,0,0,0,0,0,47000,0,0,0,47000,0,47000,47000
00666R,富邦恒生國企反1 ,0,0,0,0,0,0,0,0,0,47000,0,0,0,135000,88000,47000,47000
060812,智邦凱基9A購01  ,0,0,0,0,0,0,0,0,0,47000,0,0,0,56000,9000,47000,47000
059197,可成永豐99購02  ,0,0,0,0,0,0,0,0,0,47000,0,0,0,194000,147000,47000,47000
058320,華新科永豐99購02,0,0,0,0,0,0,0,0,0,47000,0,0,0,97000,50000,47000,47000
058793,鴻海元大99購19  ,0,0,0,0,0,0,0,0,0,47000,0,0,0,50000,3000,47000,47000
058910,泰鼎元大99購03  ,0,0,0,0,0,0,0,0,0,47000,0,0,0,197000,150000,47000,47000
057667,可成元大99購01  ,0,0,0,0,0,0,0,0,0,47000,0,0,0,51000,4000,47000,47000
062391,台達電富邦9C購01,0,0,0,0,0,0,0,0,0,47000,0,0,0,111000,64000,47000,47000
061853,晶技國票9B購02  ,0,0,0,0,0,0,0,0,0,47000,0,0,0,85000,38000,47000,47000
061798,晶豪科永豐9B購01,0,0,0,0,0,0,0,0,0,47000,0,0,0,58000,11000,47000,47000
062661,華通群益9B購05  ,0,0,0,0,0,0,0,0,0,47000,0,0,0,69000,22000,47000,47000
062509,SP黃豆國票9B購03,0,0,0,0,0,0,0,0,0,47000,0,0,0,63000,16000,47000,47000
064239,群創統一02購01  ,0,0,0,0,0,0,0,0,0,46000,0,0,0,193000,147000,46000,46000
064025,友達元大02購01  ,0,0,0,0,0,0,0,0,0,46000,0,0,0,77000,31000,46000,46000
07276P,臺股指群益99售19,0,0,0,0,0,0,0,0,0,46000,0,0,0,76000,30000,46000,46000
053587,京元電元大98購01,0,0,0,0,0,0,0,0,0,46000,0,0,0,46000,0,46000,46000
057024,義隆凱基99購01  ,0,0,0,0,0,0,0,0,0,46000,0,0,0,74000,28000,46000,46000
060240,富邦金元大9A購01,0,0,0,0,0,0,0,0,0,46000,0,0,0,146000,100000,46000,46000
058618,南電元大99購02  ,0,0,0,0,0,0,0,0,0,46000,0,0,0,64000,18000,46000,46000
057506,聯鈞國票99購02  ,0,0,0,0,0,0,0,0,0,46000,0,0,0,78000,32000,46000,46000
058274,世紀鋼永豐99購01,0,0,0,0,0,0,0,0,0,46000,0,0,0,130000,84000,46000,46000
059282,嘉聯益永豐99購01,0,0,0,0,0,0,0,0,0,46000,0,0,0,47000,1000,46000,46000
060661,台積電凱基9A購18,0,0,0,0,0,0,0,0,0,46000,0,0,0,84000,38000,46000,46000
057983,緯穎永豐98購03  ,0,0,0,0,0,0,0,0,0,46000,0,0,0,46000,0,46000,46000
062659,台灣50群益9B購10,0,0,0,0,0,0,0,0,0,46000,0,0,0,46000,0,46000,46000
063038,富邦金凱基9B購02,0,0,0,0,0,0,0,0,0,46000,0,0,0,95000,49000,46000,46000
062995,聚陽國票9C購01  ,0,0,0,0,0,0,0,0,0,46000,0,0,0,46000,0,46000,46000
062927,同欣電國票9B購02,0,0,0,0,0,0,0,0,0,46000,0,0,0,65000,19000,46000,46000
062923,緯穎元大9B購06  ,0,0,0,0,0,0,0,0,0,46000,0,0,0,56000,10000,46000,46000
062880,大立光兆豐9B購02,0,0,0,0,0,0,0,0,0,46000,0,0,0,71000,25000,46000,46000
062862,瑞儀國票9B購01  ,0,0,0,0,0,0,0,0,0,46000,0,0,0,46000,0,46000,46000
063666,京元電統一9C購01,0,0,0,0,0,0,0,0,0,46000,0,0,0,60000,14000,46000,46000
061481,嘉澤元大9A購03  ,0,0,0,0,0,0,0,0,0,46000,0,0,0,55000,9000,46000,46000
6224,聚鼎            ,121000,125000,-4000,0,0,0,0,0,0,50000,50000,0,50000,0,0,0,46000
07305P,T50正2群益99售02,0,0,0,0,0,0,0,0,0,45000,0,0,0,85000,40000,45000,45000
06638P,鴻海統一99售02  ,0,0,0,0,0,0,0,0,0,45000,0,0,0,136000,91000,45000,45000
064415,群創麥證9C購01  ,0,0,0,80000,35000,45000,0,0,0,45000,0,0,0,80000,35000,45000,45000
06783P,亞光元大98售03  ,0,0,0,0,0,0,0,0,0,45000,0,0,0,119000,74000,45000,45000
056122,勤誠群益97購02  ,0,0,0,0,0,0,0,0,0,45000,0,0,0,63000,18000,45000,45000
055816,新日興國票98購01,0,0,0,0,0,0,0,0,0,45000,0,0,0,45000,0,45000,45000
053640,上緯控永豐96購01,0,0,0,0,0,0,0,0,0,45000,0,0,0,45000,0,45000,45000
054848,群創兆豐98購01  ,0,0,0,0,0,0,0,0,0,45000,0,0,0,45000,0,45000,45000
03427B,臺股指元大9A熊02,0,0,0,0,0,0,0,0,0,45000,0,0,0,55000,10000,45000,45000
049612,香港反中信96購01,0,0,0,0,0,0,0,0,0,45000,0,0,0,45000,0,45000,45000
059671,滬深2X元富99購05,0,0,0,0,0,0,0,0,0,45000,0,0,0,65000,20000,45000,45000
060701,玉晶光國泰9C購01,0,0,0,0,0,0,0,0,0,45000,0,0,0,60000,15000,45000,45000
061064,可成凱基9B購02  ,0,0,0,0,0,0,0,0,0,45000,0,0,0,56000,11000,45000,45000
059261,華邦電中信01購01,0,0,0,0,0,0,0,0,0,45000,0,0,0,115000,70000,45000,45000
058142,瑞儀元大99購01  ,0,0,0,0,0,0,0,0,0,45000,0,0,0,62000,17000,45000,45000
059143,國巨國票9A購04  ,0,0,0,0,0,0,0,0,0,45000,0,0,0,59000,14000,45000,45000
060572,景碩永豐9A購01  ,0,0,0,0,0,0,0,0,0,45000,0,0,0,154000,109000,45000,45000
060606,玉晶光凱基9A購05,0,0,0,0,0,0,0,0,0,45000,0,0,0,46000,1000,45000,45000
057564,台積電富邦9B購03,0,0,0,0,0,0,0,0,0,45000,0,0,0,45000,0,45000,45000
057356,彩晶統一98購04  ,0,0,0,0,0,0,0,0,0,45000,0,0,0,217000,172000,45000,45000
059913,台積電元大99購44,0,0,0,0,0,0,0,0,0,45000,0,0,0,55000,10000,45000,45000
061750,台達電台新9B購01,0,0,0,0,0,0,0,0,0,45000,0,0,0,74000,29000,45000,45000
061734,全新中信9B購02  ,0,0,0,0,0,0,0,0,0,45000,0,0,0,45000,0,45000,45000
063199,台積電統一01購07,0,0,0,0,0,0,0,0,0,45000,0,0,0,45000,0,45000,45000
062636,聯鈞國票9B購01  ,0,0,0,0,0,0,0,0,0,45000,0,0,0,60000,15000,45000,45000
062718,技嘉凱基9B購01  ,0,0,0,0,0,0,0,0,0,45000,0,0,0,52000,7000,45000,45000
063895,新光金群益01購01,0,0,0,0,0,0,0,0,0,44000,0,0,0,44000,0,44000,44000
063783,儒鴻中信9C購01  ,0,0,0,0,0,0,0,0,0,44000,0,0,0,44000,0,44000,44000
047417,台塑富邦97購01  ,0,0,0,0,0,0,0,0,0,44000,0,0,0,44000,0,44000,44000
053800,華通凱基97購03  ,0,0,0,0,0,0,0,0,0,44000,0,0,0,44000,0,44000,44000
060526,台積電中信9A購02,0,0,0,0,0,0,0,0,0,44000,0,0,0,50000,6000,44000,44000
058733,同欣電永豐99購02,0,0,0,0,0,0,0,0,0,44000,0,0,0,448000,404000,44000,44000
058312,大毅國泰9B購01  ,0,0,0,0,0,0,0,0,0,44000,0,0,0,69000,25000,44000,44000
059364,昇陽半永豐99購02,0,0,0,0,0,0,0,0,0,44000,0,0,0,66000,22000,44000,44000
060624,玉晶光元大9C購02,0,0,0,0,0,0,0,0,0,44000,0,0,0,44000,0,44000,44000
057327,玉晶光群益9A購04,0,0,0,0,0,0,0,0,0,44000,0,0,0,47000,3000,44000,44000
058107,全新台新99購01  ,0,0,0,0,0,0,0,0,0,44000,0,0,0,44000,0,44000,44000
060165,上緯控永豐9A購01,0,0,0,0,0,0,0,0,0,44000,0,0,0,54000,10000,44000,44000
058977,SGBR2X凱基03購01,0,0,0,0,0,0,0,0,0,44000,0,0,0,104000,60000,44000,44000
057977,台光電永豐98購02,0,0,0,0,0,0,0,0,0,44000,0,0,0,44000,0,44000,44000
062786,立積元大9C購03  ,0,0,0,0,0,0,0,0,0,44000,0,0,0,132000,88000,44000,44000
062643,緯穎國票9B購01  ,0,0,0,0,0,0,0,0,0,44000,0,0,0,51000,7000,44000,44000
062577,泰鼎群益9B購01  ,0,0,0,0,0,0,0,0,0,44000,0,0,0,58000,14000,44000,44000
063710,光寶科凱基9C購01,0,0,0,0,0,0,0,0,0,44000,0,0,0,111000,67000,44000,44000
060923,全新永豐9A購01  ,0,0,0,0,0,0,0,0,0,44000,0,0,0,44000,0,44000,44000
061249,億豐群益9A購01  ,0,0,0,0,0,0,0,0,0,44000,0,0,0,81000,37000,44000,44000
061231,聚陽元大9A購02  ,0,0,0,0,0,0,0,0,0,44000,0,0,0,87000,43000,44000,44000
062106,華邦電國票9B購02,0,0,0,0,0,0,0,0,0,44000,0,0,0,44000,0,44000,44000
6214,精誠            ,95000,120000,-25000,0,0,0,0,0,0,69000,70000,1000,69000,0,0,0,44000
6552,易華電          ,321000,257000,64000,0,0,0,0,0,0,-20000,0,0,0,0,20000,-20000,44000
3094,聯傑            ,72000,28000,44000,0,0,0,0,0,0,0,0,0,0,0,0,0,44000
064389,台泥永豐9C購01  ,0,0,0,0,0,0,0,0,0,43000,0,0,0,43000,0,43000,43000
08057P,京鼎群益9B售01  ,0,0,0,0,0,0,0,0,0,43000,0,0,0,198000,155000,43000,43000
056596,光磊元富98購01  ,0,0,0,0,0,0,0,0,0,43000,0,0,0,43000,0,43000,43000
056879,旺宏國票99購02  ,0,0,0,0,0,0,0,0,0,43000,0,0,0,43000,0,43000,43000
057105,致茂群益9A購01  ,0,0,0,0,0,0,0,0,0,43000,0,0,0,173000,130000,43000,43000
057163,上銀元大98購04  ,0,0,0,0,0,0,0,0,0,43000,0,0,0,44000,1000,43000,43000
059096,百和元大99購04  ,0,0,0,0,0,0,0,0,0,43000,0,0,0,43000,0,43000,43000
061056,臺指反國票02購01,0,0,0,0,0,0,0,0,0,43000,0,0,0,43000,0,43000,43000
058401,華航元大9A購01  ,0,0,0,0,0,0,0,0,0,43000,0,0,0,45000,2000,43000,43000
057558,致新凱基98購01  ,0,0,0,0,0,0,0,0,0,43000,0,0,0,43000,0,43000,43000
057486,美律元大98購04  ,0,0,0,0,0,0,0,0,0,43000,0,0,0,139000,96000,43000,43000
057467,祥碩永豐98購04  ,0,0,0,0,0,0,0,0,0,43000,0,0,0,43000,0,43000,43000
057339,群創國票99購02  ,0,0,0,0,0,0,0,0,0,43000,0,0,0,43000,0,43000,43000
057618,台光電凱基99購01,0,0,0,0,0,0,0,0,0,43000,0,0,0,66000,23000,43000,43000
061940,世紀鋼國票9C購01,0,0,0,0,0,0,0,0,0,43000,0,0,0,47000,4000,43000,43000
062488,台光電永豐9B購02,0,0,0,0,0,0,0,0,0,43000,0,0,0,45000,2000,43000,43000
061732,智邦中信9B購01  ,0,0,0,0,0,0,0,0,0,43000,0,0,0,233000,190000,43000,43000
063603,友達凱基9B購05  ,0,0,0,0,0,0,0,0,0,43000,0,0,0,83000,40000,43000,43000
064328,華通元大9C購04  ,0,0,0,0,0,0,0,0,0,42000,0,0,0,42000,0,42000,42000
064263,貿聯永豐9C購01  ,0,0,0,0,0,0,0,0,0,42000,0,0,0,52000,10000,42000,42000
064232,鴻海統一01購04  ,0,0,0,0,0,0,0,0,0,42000,0,0,0,45000,3000,42000,42000
055796,南電國泰98購01  ,0,0,0,0,0,0,0,0,0,42000,0,0,0,42000,0,42000,42000
053487,台泥兆豐97購01  ,0,0,0,0,0,0,0,0,0,42000,0,0,0,42000,0,42000,42000
057705,臺股指群益98購05,0,0,0,0,0,0,0,0,0,42000,0,0,0,82000,40000,42000,42000
058912,祥碩元大99購01  ,0,0,0,0,0,0,0,0,0,42000,0,0,0,42000,0,42000,42000
059248,華新科凱基99購04,0,0,0,0,0,0,0,0,0,42000,0,0,0,42000,0,42000,42000
057328,京鼎群益99購02  ,0,0,0,0,0,0,0,0,0,42000,0,0,0,59000,17000,42000,42000
057148,玉晶光國票99購04,0,0,0,0,0,0,0,0,0,42000,0,0,0,42000,0,42000,42000
057119,微星康和98購01  ,0,0,0,0,0,0,0,0,0,42000,0,0,0,42000,0,42000,42000
057964,緯穎元大99購03  ,0,0,0,0,0,0,0,0,0,42000,0,0,0,54000,12000,42000,42000
057961,茂林元大9A購01  ,0,0,0,0,0,0,0,0,0,42000,0,0,0,182000,140000,42000,42000
062919,聯茂元大9B購01  ,0,0,0,0,0,0,0,0,0,42000,0,0,0,140000,98000,42000,42000
063006,道瓊反元大9C購01,0,0,0,0,0,0,0,0,0,42000,0,0,0,42000,0,42000,42000
063041,貿聯凱基9B購01  ,0,0,0,0,0,0,0,0,0,42000,0,0,0,42000,0,42000,42000
060955,大立光群益9A購02,0,0,0,0,0,0,0,0,0,42000,0,0,0,42000,0,42000,42000
061407,鴻海國票9A購07  ,0,0,0,0,0,0,0,0,0,42000,0,0,0,152000,110000,42000,42000
062495,友達中信01購02  ,0,0,0,0,0,0,0,0,0,42000,0,0,0,50000,8000,42000,42000
062433,上銀元大9B購05  ,0,0,0,0,0,0,0,0,0,42000,0,0,0,61000,19000,42000,42000
062203,燿華國票9C購01  ,0,0,0,0,0,0,0,0,0,42000,0,0,0,60000,18000,42000,42000
061906,統一中信9B購01  ,0,12000,-12000,0,0,0,0,0,0,54000,0,0,0,54000,0,54000,42000
062153,智邦麥證9B購01  ,0,0,0,94000,47000,47000,0,0,0,42000,0,0,0,94000,52000,42000,42000
062016,美食永豐9B購01  ,0,0,0,0,0,0,0,0,0,42000,0,0,0,85000,43000,42000,42000
062017,京鼎永豐9B購01  ,0,0,0,0,0,0,0,0,0,42000,0,0,0,42000,0,42000,42000
063780,高鐵永豐9B購02  ,0,0,0,0,0,0,0,0,0,41000,0,0,0,41000,0,41000,41000
063814,嘉晶群益9C購01  ,0,0,0,0,0,0,0,0,0,41000,0,0,0,176000,135000,41000,41000
064042,國巨統一9C購12  ,0,0,0,0,0,0,0,0,0,41000,0,0,0,47000,6000,41000,41000
07255P,國巨凱基99售15  ,0,0,0,0,0,0,0,0,0,41000,0,0,0,52000,11000,41000,41000
08168P,金像電群益9B售03,0,0,0,0,0,0,0,0,0,41000,0,0,0,162000,121000,41000,41000
054111,緯穎凱基97購01  ,0,0,0,0,0,0,0,0,0,41000,0,0,0,93000,52000,41000,41000
052681,T50反1元大98購02,0,0,0,0,0,0,0,0,0,41000,0,0,0,205000,164000,41000,41000
055400,緯穎統一97購01  ,0,0,0,0,0,0,0,0,0,41000,0,0,0,41000,0,41000,41000
055207,致新中信99購01  ,0,0,0,0,0,0,0,0,0,41000,0,0,0,83000,42000,41000,41000
060349,上証2X元富9A購04,0,0,0,0,0,0,0,0,0,41000,0,0,0,41000,0,41000,41000
057151,易華電國票99購01,0,0,0,0,0,0,0,0,0,41000,0,0,0,41000,0,41000,41000
059116,晶豪科永豐99購01,0,0,0,0,0,0,0,0,0,41000,0,0,0,41000,0,41000,41000
059140,大立光兆豐9A購02,0,0,0,0,0,0,0,0,0,41000,0,0,0,96000,55000,41000,41000
061054,台積電群益9A購04,0,0,0,0,0,0,0,0,0,41000,0,0,0,191000,150000,41000,41000
061150,國巨群益9A購09  ,0,0,0,0,0,0,0,0,0,41000,0,0,0,130000,89000,41000,41000
058480,新日興凱基9A購01,0,0,0,0,0,0,0,0,0,41000,0,0,0,41000,0,41000,41000
058371,智原凱基9A購01  ,0,0,0,0,0,0,0,0,0,41000,0,0,0,46000,5000,41000,41000
059987,大立光元大99購28,0,0,0,0,0,0,0,0,0,41000,0,0,0,41000,0,41000,41000
059852,康控永豐99購02  ,0,0,0,0,0,0,0,0,0,41000,0,0,0,126000,85000,41000,41000
061303,玉晶光永豐9B購03,0,0,0,0,0,0,0,0,0,41000,0,0,0,41000,0,41000,41000
061308,元金2X中信9A購01,0,0,0,0,0,0,0,0,0,41000,0,0,0,101000,60000,41000,41000
061799,奇鋐永豐9B購01  ,0,0,0,0,0,0,0,0,0,41000,0,0,0,41000,0,41000,41000
061747,南亞科統一01購01,0,0,0,0,0,0,0,0,0,41000,0,0,0,240000,199000,41000,41000
061590,金寶永豐9A購01  ,0,0,0,0,0,0,0,0,0,41000,0,0,0,65000,24000,41000,41000
3698,隆達            ,800000,736000,64000,0,0,0,0,0,0,-23000,3000,19000,-16000,0,7000,-7000,41000
08291P,智邦台新9C售02  ,0,0,0,0,0,0,0,0,0,40000,0,0,0,40000,0,40000,40000
07241P,台灣50國票9A售05,0,0,0,0,0,0,0,0,0,40000,0,0,0,60000,20000,40000,40000
07342P,大立光凱基99售14,0,0,0,0,0,0,0,0,0,40000,0,0,0,70000,30000,40000,40000
064107,友達兆豐01購01  ,0,0,0,0,0,0,0,0,0,40000,0,0,0,140000,100000,40000,40000
064327,金寶元大01購01  ,0,0,0,0,0,0,0,0,0,40000,0,0,0,40000,0,40000,40000
06956P,國巨日盛99售04  ,0,0,0,0,0,0,0,0,0,40000,0,0,0,40000,0,40000,40000
06603P,立積統一99售01  ,0,0,0,0,0,0,0,0,0,40000,0,0,0,52000,12000,40000,40000
056131,鴻海元大97購12  ,0,0,0,0,0,0,0,0,0,40000,0,0,0,40000,0,40000,40000
056170,鴻海元富97購09  ,0,0,0,0,0,0,0,0,0,40000,0,0,0,40000,0,40000,40000
056560,旺宏群益98購03  ,0,0,0,0,0,0,0,0,0,40000,0,0,0,40000,0,40000,40000
057003,立積國票98購01  ,0,0,0,0,0,0,0,0,0,40000,0,0,0,40000,0,40000,40000
056989,鴻海兆豐98購02  ,0,0,0,0,0,0,0,0,0,40000,0,0,0,40000,0,40000,40000
056437,台積電凱基98購11,0,0,0,0,0,0,0,0,0,40000,0,0,0,40000,0,40000,40000
054928,帆宣凱基98購01  ,0,0,0,0,0,0,0,0,0,40000,0,0,0,70000,30000,40000,40000
055812,台積電國票99購02,0,0,0,0,0,0,0,0,0,40000,0,0,0,40000,0,40000,40000
056881,台灣50康和9A購01,0,0,0,0,0,0,0,0,0,40000,0,0,0,40000,0,40000,40000
056049,奇力新國票98購01,0,0,0,0,0,0,0,0,0,40000,0,0,0,40000,0,40000,40000
054130,漢唐元大97購02  ,0,0,0,0,0,0,0,0,0,40000,0,0,0,40000,0,40000,40000
055312,台虹群益99購01  ,0,0,0,0,0,0,0,0,0,40000,0,0,0,40000,0,40000,40000
051729,華新國票96購01  ,0,0,0,0,0,0,0,0,0,40000,0,0,0,40000,0,40000,40000
053365,彩晶國泰98購01  ,0,0,0,0,0,0,0,0,0,40000,0,0,0,40000,0,40000,40000
054648,智原群益98購01  ,0,0,0,0,0,0,0,0,0,40000,0,0,0,40000,0,40000,40000
054449,中環第一96購01  ,0,0,0,0,0,0,0,0,0,40000,0,0,0,40000,0,40000,40000
050801,元金2X群益98購01,0,0,0,0,0,0,0,0,0,40000,0,0,0,40000,0,40000,40000
006207,FH滬深          ,1000,1000,0,0,0,0,0,0,0,40000,0,0,0,184000,144000,40000,40000
058698,華通元大99購05  ,0,0,0,0,0,0,0,0,0,40000,0,0,0,50000,10000,40000,40000
057758,鴻海凱基99購03  ,0,0,0,0,0,0,0,0,0,40000,0,0,0,45000,5000,40000,40000
057796,鴻海兆豐99購03  ,0,0,0,0,0,0,0,0,0,40000,0,0,0,40000,0,40000,40000
059961,T50反1凱基99購09,0,0,0,0,0,0,0,0,0,40000,0,0,0,40000,0,40000,40000
058298,聯茂凱基99購05  ,0,0,0,0,0,0,0,0,0,40000,0,0,0,60000,20000,40000,40000
058537,彩晶統一9B購01  ,0,0,0,0,0,0,0,0,0,40000,0,0,0,275000,235000,40000,40000
058934,台灣50中信03購03,0,0,0,0,0,0,0,0,0,40000,0,0,0,142000,102000,40000,40000
059443,嘉聯益元大9B購01,0,0,0,0,0,0,0,0,0,40000,0,0,0,40000,0,40000,40000
061138,晶技統一9C購01  ,0,0,0,0,0,0,0,0,0,40000,0,0,0,40000,0,40000,40000
060667,力成凱基9A購01  ,0,0,0,0,0,0,0,0,0,40000,0,0,0,82000,42000,40000,40000
058124,玉晶光國票9A購01,0,0,0,0,0,0,0,0,0,40000,0,0,0,51000,11000,40000,40000
059260,國巨中信99購05  ,0,0,0,0,0,0,0,0,0,40000,0,0,0,40000,0,40000,40000
057272,台積電元大98購14,0,0,0,0,0,0,0,0,0,40000,0,0,0,40000,0,40000,40000
06060P,玉晶光元大97售03,0,0,0,0,0,0,0,0,0,40000,0,0,0,80000,40000,40000,40000
060560,欣興國泰9C購01  ,0,0,0,0,0,0,0,0,0,40000,0,0,0,78000,38000,40000,40000
059069,臺指反元大9C購01,0,0,0,0,0,0,0,0,0,40000,0,0,0,40000,0,40000,40000
057054,立積元大98購03  ,0,0,0,0,0,0,0,0,0,40000,0,0,0,79000,39000,40000,40000
058050,台郡元大99購05  ,0,0,0,0,0,0,0,0,0,40000,0,0,0,40000,0,40000,40000
058077,超眾凱基98購02  ,0,0,0,0,0,0,0,0,0,40000,0,0,0,40000,0,40000,40000
058185,國巨永豐99購01  ,0,0,0,0,0,0,0,0,0,40000,0,0,0,40000,0,40000,40000
057947,和碩國票99購01  ,0,0,0,0,0,0,0,0,0,40000,0,0,0,78000,38000,40000,40000
058978,SGBR2X凱基9A購03,0,0,0,0,0,0,0,0,0,40000,0,0,0,40000,0,40000,40000
057218,可成群益99購03  ,0,0,0,0,0,0,0,0,0,40000,0,0,0,40000,0,40000,40000
059669,台灣50元富9B購05,0,0,0,0,0,0,0,0,0,40000,0,0,0,40000,0,40000,40000
061478,奇鋐元大9A購01  ,0,0,0,0,0,0,0,0,0,40000,0,0,0,159000,119000,40000,40000
061620,禾伸堂群益9A購02,0,0,0,0,0,0,0,0,0,40000,0,0,0,40000,0,40000,40000
061327,台郡凱基9A購02  ,0,0,0,0,0,0,0,0,0,40000,0,0,0,40000,0,40000,40000
061238,晶技元大9A購02  ,0,0,0,0,0,0,0,0,0,40000,0,0,0,41000,1000,40000,40000
060948,可成第一9A購01  ,0,0,0,0,0,0,0,0,0,40000,0,0,0,40000,0,40000,40000
062058,瑞昱統一01購01  ,0,0,0,0,0,0,0,0,0,40000,0,0,0,409000,369000,40000,40000
06186P,鴻海統一97售02  ,0,0,0,0,0,0,0,0,0,40000,0,0,0,40000,0,40000,40000
062171,中磊永豐9B購01  ,0,0,0,0,0,0,0,0,0,40000,0,0,0,53000,13000,40000,40000
062428,超眾統一9B購01  ,0,0,0,0,0,0,0,0,0,40000,0,0,0,40000,0,40000,40000
062459,聯詠群益9B購01  ,0,0,0,0,0,0,0,0,0,40000,0,0,0,40000,0,40000,40000
062498,華通群益9C購04  ,0,0,0,0,0,0,0,0,0,40000,0,0,0,49000,9000,40000,40000
063115,台積電麥證9B購02,0,0,0,60000,20000,40000,0,0,0,40000,0,0,0,60000,20000,40000,40000
062909,大立光元大9C購04,0,0,0,0,0,0,0,0,0,40000,0,0,0,50000,10000,40000,40000
062889,可成群益9C購01  ,0,0,0,0,0,0,0,0,0,40000,0,0,0,51000,11000,40000,40000
063599,智邦凱基9B購04  ,0,0,0,0,0,0,0,0,0,40000,0,0,0,40000,0,40000,40000
063489,新日興國泰01購01,0,0,0,0,0,0,0,0,0,40000,0,0,0,40000,0,40000,40000
063517,遠東新凱基01購01,0,0,0,0,0,0,0,0,0,40000,0,0,0,40000,0,40000,40000
063719,T50反1元大9B購11,0,0,0,0,0,0,0,0,0,40000,0,0,0,90000,50000,40000,40000
063642,茂林元大9B購08  ,0,0,0,0,0,0,0,0,0,40000,0,0,0,80000,40000,40000,40000
063244,華新科元大9B購11,0,0,0,0,0,0,0,0,0,40000,0,0,0,50000,10000,40000,40000
063302,國巨凱基9C購05  ,0,0,0,0,0,0,0,0,0,40000,0,0,0,40000,0,40000,40000
063457,臺指反元大02購17,0,0,0,0,0,0,0,0,0,40000,0,0,0,58000,18000,40000,40000
07006P,旺宏統一9B售03  ,0,0,0,0,0,0,0,0,0,39000,0,0,0,84000,45000,39000,39000
064382,台積電國泰01購01,0,0,0,0,0,0,0,0,0,39000,0,0,0,39000,0,39000,39000
063972,緯創國票9C購01  ,0,0,0,0,0,0,0,0,0,39000,0,0,0,74000,35000,39000,39000
063849,奇鋐元大9C購01  ,0,0,0,0,0,0,0,0,0,39000,0,0,0,40000,1000,39000,39000
07997P,上銀凱基9B售04  ,0,0,0,0,0,0,0,0,0,39000,0,0,0,69000,30000,39000,39000
07975P,國巨元大9B售15  ,0,0,0,0,0,0,0,0,0,39000,0,0,0,50000,11000,39000,39000
08211P,台表科元富9B售03,0,0,0,0,0,0,0,0,0,39000,0,0,0,61000,22000,39000,39000
050754,元金2X元富9B購01,0,0,0,0,0,0,0,0,0,39000,0,0,0,40000,1000,39000,39000
055919,景碩凱基98購02  ,0,0,0,0,0,0,0,0,0,39000,0,0,0,235000,196000,39000,39000
060456,正隆元大9A購01  ,0,0,0,0,0,0,0,0,0,39000,0,0,0,43000,4000,39000,39000
057072,日月光永豐98購01,0,0,0,0,0,0,0,0,0,39000,0,0,0,39000,0,39000,39000
060621,玉晶光元大9A購05,0,0,0,0,0,0,0,0,0,39000,0,0,0,44000,5000,39000,39000
060721,瑞儀永豐9A購01  ,0,0,0,0,0,0,0,0,0,39000,0,0,0,129000,90000,39000,39000
059360,全新永豐99購02  ,0,0,0,0,0,0,0,0,0,39000,0,0,0,39000,0,39000,39000
058559,華新科日盛99購02,0,0,0,0,0,0,0,0,0,39000,0,0,0,39000,0,39000,39000
057379,寶成元大98購02  ,0,0,0,0,0,0,0,0,0,39000,0,0,0,39000,0,39000,39000
057842,緯穎富邦99購02  ,0,0,0,0,0,0,0,0,0,39000,0,0,0,39000,0,39000,39000
063732,建準元大9B購02  ,0,0,0,0,0,0,0,0,0,39000,0,0,0,202000,163000,39000,39000
063505,奇力新群益9B購03,0,0,0,0,0,0,0,0,0,39000,0,0,0,39000,0,39000,39000
062483,致新國票9B購01  ,0,0,0,0,0,0,0,0,0,39000,0,0,0,39000,0,39000,39000
063791,玉晶光台新9C購01,0,0,0,0,0,0,0,0,0,38000,0,0,0,38000,0,38000,38000
064161,世芯統一01購02  ,0,0,0,0,0,0,0,0,0,38000,0,0,0,332000,294000,38000,38000
055996,矽力國泰99購01  ,0,0,0,0,0,0,0,0,0,38000,0,0,0,44000,6000,38000,38000
055698,茂林國票98購03  ,0,0,0,0,0,0,0,0,0,38000,0,0,0,38000,0,38000,38000
055415,禾伸堂富邦9B購01,0,0,0,0,0,0,0,0,0,38000,0,0,0,40000,2000,38000,38000
02001L,富邦蘋果正二N   ,0,0,0,0,0,0,0,0,0,38000,0,0,0,52000,14000,38000,38000
054480,和碩中信98購01  ,0,0,0,0,0,0,0,0,0,38000,0,0,0,106000,68000,38000,38000
046949,群創元大99購01  ,0,0,0,0,0,0,0,0,0,38000,0,0,0,58000,20000,38000,38000
053347,茂林國票98購01  ,0,0,0,0,0,0,0,0,0,38000,0,0,0,48000,10000,38000,38000
054767,日電貿國票98購01,0,0,0,0,0,0,0,0,0,38000,0,0,0,38000,0,38000,38000
054148,矽創元大96購03  ,0,0,0,0,0,0,0,0,0,38000,0,0,0,48000,10000,38000,38000
052703,貿聯國票97購01  ,0,0,0,0,0,0,0,0,0,38000,0,0,0,38000,0,38000,38000
053924,京鼎國票97購01  ,0,0,0,0,0,0,0,0,0,38000,0,0,0,38000,0,38000,38000
059844,大立光富邦9C購04,0,0,0,0,0,0,0,0,0,38000,0,0,0,121000,83000,38000,38000
059885,台積電國票99購12,0,0,0,0,0,0,0,0,0,38000,0,0,0,50000,12000,38000,38000
059348,日月光凱基99購01,0,0,0,0,0,0,0,0,0,38000,0,0,0,38000,0,38000,38000
060111,臻鼎元大99購04  ,0,0,0,0,0,0,0,0,0,38000,0,0,0,38000,0,38000,38000
059452,全新永豐99購03  ,0,0,0,0,0,0,0,0,0,38000,0,0,0,38000,0,38000,38000
058314,欣興富邦9B購01  ,0,0,0,0,0,0,0,0,0,38000,0,0,0,46000,8000,38000,38000
058455,玉晶光永豐99購03,0,0,0,0,0,0,0,0,0,38000,0,0,0,40000,2000,38000,38000
058865,群創凱基01購01  ,0,0,0,0,0,0,0,0,0,38000,0,0,0,55000,17000,38000,38000
061030,喬山永豐9A購01  ,0,0,0,0,0,0,0,0,0,38000,0,0,0,56000,18000,38000,38000
059296,大立光元富99購06,0,0,0,0,0,0,0,0,0,38000,0,0,0,58000,20000,38000,38000
058190,貿聯永豐99購01  ,0,0,0,0,0,0,0,0,0,38000,0,0,0,38000,0,38000,38000
061831,智邦凱基9B購02  ,0,0,0,0,0,0,0,0,0,38000,0,0,0,138000,100000,38000,38000
061297,台積電富邦9C購09,0,0,0,0,0,0,0,0,0,38000,0,0,0,38000,0,38000,38000
061601,台積電凱基9A購26,0,0,0,0,0,0,0,0,0,38000,0,0,0,38000,0,38000,38000
063625,儒鴻元大9B購03  ,0,0,0,0,0,0,0,0,0,38000,0,0,0,54000,16000,38000,38000
063249,祥碩元大9B購06  ,1000,0,1000,0,0,0,0,0,0,37000,0,0,0,465000,428000,37000,38000
062749,元金2X中信9B購01,0,0,0,0,0,0,0,0,0,38000,0,0,0,39000,1000,38000,38000
064366,群創統一01購01  ,0,0,0,0,0,0,0,0,0,37000,0,0,0,72000,35000,37000,37000
063894,漢唐群益9C購01  ,0,0,0,0,0,0,0,0,0,37000,0,0,0,139000,102000,37000,37000
064058,儒鴻麥證01購01  ,0,0,0,37000,0,37000,0,0,0,37000,0,0,0,37000,0,37000,37000
07992P,玉晶光群益01售04,0,0,0,0,0,0,0,0,0,37000,0,0,0,207000,170000,37000,37000
08037P,台表科群益9B售02,0,0,0,0,0,0,0,0,0,37000,0,0,0,126000,89000,37000,37000
053834,卜蜂永豐96購01  ,0,0,0,0,0,0,0,0,0,37000,0,0,0,47000,10000,37000,37000
052318,友達元大98購01  ,0,0,0,0,0,0,0,0,0,37000,0,0,0,37000,0,37000,37000
055153,台光電元大98購02,0,0,0,0,0,0,0,0,0,37000,0,0,0,51000,14000,37000,37000
060311,盟立永豐9A購01  ,0,0,0,0,0,0,0,0,0,37000,0,0,0,44000,7000,37000,37000
056398,南茂永豐98購01  ,0,0,0,0,0,0,0,0,0,37000,0,0,0,217000,180000,37000,37000
056983,大立光群益99購02,0,0,0,0,0,0,0,0,0,37000,0,0,0,37000,0,37000,37000
059689,南亞科永豐99購02,0,0,0,0,0,0,0,0,0,37000,0,0,0,46000,9000,37000,37000
058270,上緯控永豐99購01,1000,0,1000,0,0,0,0,0,0,36000,0,0,0,42000,6000,36000,37000
057466,泰鼎永豐98購01  ,0,0,0,0,0,0,0,0,0,37000,0,0,0,77000,40000,37000,37000
062832,嘉澤群益9B購02  ,0,0,0,0,0,0,0,0,0,37000,0,0,0,37000,0,37000,37000
062829,泰碩群益9B購01  ,0,0,0,0,0,0,0,0,0,37000,0,0,0,50000,13000,37000,37000
063745,喬山國票9C購01  ,0,0,0,0,0,0,0,0,0,37000,0,0,0,37000,0,37000,37000
063701,燿華群益9B購02  ,0,0,0,0,0,0,0,0,0,37000,0,0,0,384000,347000,37000,37000
061949,大立光群益9B購03,0,0,0,0,0,0,0,0,0,37000,0,0,0,157000,120000,37000,37000
07929P,旺宏統一9B售07  ,0,0,0,0,0,0,0,0,0,36000,0,0,0,54000,18000,36000,36000
07769P,國巨國票9A售10  ,0,0,0,0,0,0,0,0,0,36000,0,0,0,36000,0,36000,36000
06532P,友達元富98售04  ,0,0,0,0,0,0,0,0,0,36000,0,0,0,90000,54000,36000,36000
056321,創意群益98購02  ,0,0,0,0,0,0,0,0,0,36000,0,0,0,41000,5000,36000,36000
056352,鴻海元大99購01  ,0,0,0,0,0,0,0,0,0,36000,0,0,0,243000,207000,36000,36000
056556,南電凱基98購01  ,0,0,0,0,0,0,0,0,0,36000,0,0,0,80000,44000,36000,36000
056594,台積電元富98購03,0,0,0,0,0,0,0,0,0,36000,0,0,0,233000,197000,36000,36000
060209,喬山康和9A購01  ,0,0,0,0,0,0,0,0,0,36000,0,0,0,36000,0,36000,36000
055562,欣興凱基97購06  ,0,0,0,0,0,0,0,0,0,36000,0,0,0,56000,20000,36000,36000
056852,矽格元富98購01  ,0,0,0,0,0,0,0,0,0,36000,0,0,0,45000,9000,36000,36000
053310,彩晶凱基98購02  ,0,0,0,0,0,0,0,0,0,36000,0,0,0,36000,0,36000,36000
052927,友達元大98購02  ,0,0,0,0,0,0,0,0,0,36000,0,0,0,36000,0,36000,36000
050485,國巨統一96購01  ,0,0,0,0,0,0,0,0,0,36000,0,0,0,57000,21000,36000,36000
059723,美律元大9A購02  ,0,0,0,0,0,0,0,0,0,36000,0,0,0,36000,0,36000,36000
060552,群創凱基9B購05  ,0,0,0,0,0,0,0,0,0,36000,0,0,0,36000,0,36000,36000
061037,嘉澤永豐9A購01  ,0,0,0,0,0,0,0,0,0,36000,0,0,0,41000,5000,36000,36000
062133,大成鋼群益9B購01,0,0,0,0,0,0,0,0,0,36000,0,0,0,175000,139000,36000,36000
062084,台郡元大9B購04  ,0,0,0,0,0,0,0,0,0,36000,0,0,0,40000,4000,36000,36000
061336,國巨元大9A購20  ,0,0,0,0,0,0,0,0,0,36000,0,0,0,36000,0,36000,36000
063652,國泰金台新9B購01,0,0,0,0,0,0,0,0,0,36000,0,0,0,39000,3000,36000,36000
063592,瑞祺永豐9B購02  ,0,0,0,0,0,0,0,0,0,36000,0,0,0,55000,19000,36000,36000
063480,南六元大9C購01  ,0,0,0,0,0,0,0,0,0,36000,0,0,0,65000,29000,36000,36000
063553,同欣電國票9B購03,0,0,0,0,0,0,0,0,0,36000,0,0,0,101000,65000,36000,36000
063250,同欣電元大9B購03,0,0,0,0,0,0,0,0,0,36000,0,0,0,156000,120000,36000,36000
063327,燿華國票9C購02  ,0,0,0,0,0,0,0,0,0,36000,0,0,0,171000,135000,36000,36000
063130,聯茂元大9B購02  ,0,0,0,0,0,0,0,0,0,36000,0,0,0,227000,191000,36000,36000
063941,國巨元大9C購12  ,0,0,0,0,0,0,0,0,0,35000,0,0,0,35000,0,35000,35000
07459P,緯穎元大9A售01  ,0,0,0,0,0,0,0,0,0,35000,0,0,0,65000,30000,35000,35000
07643P,禾伸堂凱基9A售02,0,0,0,0,0,0,0,0,0,35000,0,0,0,35000,0,35000,35000
03670C,元油2X元富99牛01,0,0,0,0,0,0,0,0,0,35000,0,0,0,35000,0,35000,35000
00736,國泰新興市場    ,2000,0,2000,0,0,0,0,0,0,33000,0,0,0,175000,142000,33000,35000
054679,台積電康和99購01,0,0,0,0,0,0,0,0,0,35000,0,0,0,35000,0,35000,35000
056702,欣興國泰9A購01  ,0,0,0,0,0,0,0,0,0,35000,0,0,0,35000,0,35000,35000
056659,泰碩元大99購01  ,0,0,0,0,0,0,0,0,0,35000,0,0,0,72000,37000,35000,35000
054169,上緯控凱基98購01,0,0,0,0,0,0,0,0,0,35000,0,0,0,63000,28000,35000,35000
053411,深中小國票9B購01,0,0,0,0,0,0,0,0,0,35000,0,0,0,35000,0,35000,35000
055989,矽力元富9A購01  ,0,0,0,0,0,0,0,0,0,35000,0,0,0,66000,31000,35000,35000
055884,臺股指元富97購01,0,0,0,0,0,0,0,0,0,35000,0,0,0,35000,0,35000,35000
055583,國巨元大97購10  ,0,0,0,0,0,0,0,0,0,35000,0,0,0,35000,0,35000,35000
060476,瑞祺元大9A購02  ,0,0,0,0,0,0,0,0,0,35000,0,0,0,52000,17000,35000,35000
060774,南亞科凱基9A購01,0,0,0,0,0,0,0,0,0,35000,0,0,0,61000,26000,35000,35000
059206,元石油元大99購02,0,0,0,0,0,0,0,0,0,35000,0,0,0,35000,0,35000,35000
058129,國巨元大99購10  ,0,0,0,0,0,0,0,0,0,35000,0,0,0,35000,0,35000,35000
05977P,旺宏永豐96售06  ,0,0,0,0,0,0,0,0,0,35000,0,0,0,35000,0,35000,35000
059638,大立光凱基99購11,0,0,0,0,0,0,0,0,0,35000,0,0,0,35000,0,35000,35000
059038,健策群益9A購02  ,0,0,0,0,0,0,0,0,0,35000,0,0,0,41000,6000,35000,35000
058177,華新科凱基99購02,0,0,0,0,0,0,0,0,0,35000,0,0,0,35000,0,35000,35000
058067,台積電第一9C購01,0,0,0,0,0,0,0,0,0,35000,0,0,0,35000,0,35000,35000
058026,上銀富邦9A購01  ,0,0,0,0,0,0,0,0,0,35000,0,0,0,50000,15000,35000,35000
057483,微星元大98購04  ,0,0,0,0,0,0,0,0,0,35000,0,0,0,35000,0,35000,35000
059841,國巨富邦9C購01  ,0,0,0,0,0,0,0,0,0,35000,0,0,0,93000,58000,35000,35000
058437,可成統一9B購01  ,0,0,0,0,0,0,0,0,0,35000,0,0,0,35000,0,35000,35000
060014,中鋼康和99購01  ,0,0,0,0,0,0,0,0,0,35000,0,0,0,35000,0,35000,35000
059567,台積電凱基9A購12,0,0,0,0,0,0,0,0,0,35000,0,0,0,35000,0,35000,35000
060108,泰鼎元大99購04  ,0,0,0,0,0,0,0,0,0,35000,0,0,0,35000,0,35000,35000
06254P,臺股指群益97售07,0,0,0,0,0,0,0,0,0,35000,0,0,0,35000,0,35000,35000
062683,可成統一9B購04  ,4000,0,4000,0,0,0,0,0,0,31000,0,0,0,35000,4000,31000,35000
063326,正隆國票9B購01  ,0,0,0,0,0,0,0,0,0,35000,0,0,0,35000,0,35000,35000
063526,台光電凱基9B購04,0,0,0,0,0,0,0,0,0,35000,0,0,0,38000,3000,35000,35000
063714,超眾凱基9B購03  ,0,0,0,0,0,0,0,0,0,35000,0,0,0,45000,10000,35000,35000
061289,玉晶光統一01購03,0,0,0,0,0,0,0,0,0,35000,0,0,0,40000,5000,35000,35000
060977,亞德客元大9A購04,0,0,0,0,0,0,0,0,0,35000,0,0,0,40000,5000,35000,35000
061801,祥碩永豐9B購01  ,0,0,0,0,0,0,0,0,0,35000,0,0,0,36000,1000,35000,35000
062107,台光電國票9B購01,0,0,0,0,0,0,0,0,0,35000,0,0,0,58000,23000,35000,35000
061992,祥碩元大9B購02  ,0,0,0,0,0,0,0,0,0,35000,0,0,0,35000,0,35000,35000
061808,聯發科統一01購02,0,0,0,0,0,0,0,0,0,35000,0,0,0,89000,54000,35000,35000
062169,禾伸堂永豐9B購01,0,0,0,0,0,0,0,0,0,35000,0,0,0,35000,0,35000,35000
062328,南亞科統一9C購01,0,0,0,0,0,0,0,0,0,35000,0,0,0,39000,4000,35000,35000
064359,華通統一9C購05  ,0,0,0,0,0,0,0,0,0,34000,0,0,0,85000,51000,34000,34000
07086P,力成元富9C售01  ,0,0,0,0,0,0,0,0,0,34000,0,0,0,269000,235000,34000,34000
060412,儒鴻永豐9A購01  ,0,0,0,0,0,0,0,0,0,34000,0,0,0,54000,20000,34000,34000
056405,聯茂群益98購01  ,0,0,0,0,0,0,0,0,0,34000,0,0,0,34000,0,34000,34000
056312,茂林元大98購01  ,0,0,0,0,0,0,0,0,0,34000,0,0,0,34000,0,34000,34000
056011,矽力中信99購01  ,0,0,0,0,0,0,0,0,0,34000,0,0,0,44000,10000,34000,34000
055871,群創台新97購02  ,0,0,0,0,0,0,0,0,0,34000,0,0,0,34000,0,34000,34000
056895,技嘉元大98購01  ,0,0,0,0,0,0,0,0,0,34000,0,0,0,43000,9000,34000,34000
053582,英業達元大97購01,0,0,0,0,0,0,0,0,0,34000,0,0,0,73000,39000,34000,34000
054756,世紀鋼凱基99購01,0,0,0,0,0,0,0,0,0,34000,0,0,0,95000,61000,34000,34000
054739,義隆凱基98購02  ,0,0,0,0,0,0,0,0,0,34000,0,0,0,138000,104000,34000,34000
054874,帆宣群益99購02  ,0,0,0,0,0,0,0,0,0,34000,0,0,0,36000,2000,34000,34000
052942,聯發科中信97購04,0,0,0,0,0,0,0,0,0,34000,0,0,0,34000,0,34000,34000
058481,玉晶光凱基9A購04,0,0,0,0,0,0,0,0,0,34000,0,0,0,40000,6000,34000,34000
058470,台灣50日盛9B購02,0,0,0,0,0,0,0,0,0,34000,0,0,0,34000,0,34000,34000
058583,臻鼎群益99購01  ,0,0,0,0,0,0,0,0,0,34000,0,0,0,39000,5000,34000,34000
057712,南亞科統一9A購01,0,0,0,0,0,0,0,0,0,34000,0,0,0,34000,0,34000,34000
057369,奇力新元大99購05,0,0,0,0,0,0,0,0,0,34000,0,0,0,34000,0,34000,34000
058135,景碩元大99購01  ,0,0,0,0,0,0,0,0,0,34000,0,0,0,69000,35000,34000,34000
061706,旭富國票9A購02  ,0,0,0,0,0,0,0,0,0,34000,0,0,0,34000,0,34000,34000
061693,華新科群益9B購02,0,0,0,0,0,0,0,0,0,34000,0,0,0,40000,6000,34000,34000
063365,義隆富邦01購01  ,0,0,0,0,0,0,0,0,0,34000,0,0,0,34000,0,34000,34000
062547,玉晶光永豐9B購05,0,0,0,0,0,0,0,0,0,34000,0,0,0,40000,6000,34000,34000
063074,創意永豐9B購02  ,0,0,0,0,0,0,0,0,0,34000,0,0,0,34000,0,34000,34000
064394,全新永豐9C購02  ,0,0,0,0,0,0,0,0,0,33000,0,0,0,33000,0,33000,33000
064276,聯發科元大9C購07,0,0,0,0,0,0,0,0,0,33000,0,0,0,150000,117000,33000,33000
07333P,台灣50國票9B售03,0,0,0,0,0,0,0,0,0,33000,0,0,0,33000,0,33000,33000
053443,智邦凱基97購01  ,0,0,0,0,0,0,0,0,0,33000,0,0,0,49000,16000,33000,33000
055942,臺股指群益9C購01,0,0,0,0,0,0,0,0,0,33000,0,0,0,33000,0,33000,33000
055657,超眾元富97購02  ,0,0,0,0,0,0,0,0,0,33000,0,0,0,33000,0,33000,33000
060400,南電國票9A購03  ,0,0,0,0,0,0,0,0,0,33000,0,0,0,42000,9000,33000,33000
059146,貿聯國票9A購02  ,0,0,0,0,0,0,0,0,0,33000,0,0,0,38000,5000,33000,33000
058242,玉晶光元大9A購01,0,0,0,0,0,0,0,0,0,33000,0,0,0,68000,35000,33000,33000
058240,景碩元大99購04  ,0,0,0,0,0,0,0,0,0,33000,0,0,0,39000,6000,33000,33000
057150,貿聯國票99購02  ,0,0,0,0,0,0,0,0,0,33000,0,0,0,33000,0,33000,33000
058970,鴻海永豐99購02  ,0,0,0,0,0,0,0,0,0,33000,0,0,0,33000,0,33000,33000
059657,華通元大99購09  ,0,0,0,0,0,0,0,0,0,33000,0,0,0,33000,0,33000,33000
057783,台積電國票9A購01,0,0,0,0,0,0,0,0,0,33000,0,0,0,44000,11000,33000,33000
058941,華新科中信99購03,0,0,0,0,0,0,0,0,0,33000,0,0,0,96000,63000,33000,33000
058749,康控凱基99購03  ,0,0,0,0,0,0,0,0,0,33000,0,0,0,40000,7000,33000,33000
063204,高鐵統一9C購01  ,0,0,0,0,0,0,0,0,0,33000,0,0,0,100000,67000,33000,33000
061287,大立光統一9B購06,0,0,0,0,0,0,0,0,0,33000,0,0,0,33000,0,33000,33000
061275,臺股指凱基9A購25,0,0,0,0,0,0,0,0,0,33000,0,0,0,159000,126000,33000,33000
062485,華通國泰01購01  ,0,0,0,0,0,0,0,0,0,33000,0,0,0,59000,26000,33000,33000
062346,智邦群益9B購02  ,0,0,0,0,0,0,0,0,0,33000,0,0,0,62000,29000,33000,33000
6409,旭隼            ,167000,132000,35000,0,0,0,0,0,0,-2000,0,2000,-2000,0,0,0,33000
07935P,臺股指國票9B售07,0,0,0,0,0,0,0,0,0,32000,0,0,0,45000,13000,32000,32000
064402,宏碁凱基01購01  ,0,0,0,0,0,0,0,0,0,32000,0,0,0,42000,10000,32000,32000
055575,華新科統一98購01,0,0,0,0,0,0,0,0,0,32000,0,0,0,32000,0,32000,32000
054564,玉晶光群益99購01,0,0,0,0,0,0,0,0,0,32000,0,0,0,55000,23000,32000,32000
05088P,大立光富邦99售01,0,0,0,0,0,0,0,0,0,32000,0,0,0,33000,1000,32000,32000
049615,香港2X群益98購01,0,0,0,0,0,0,0,0,0,32000,0,0,0,32000,0,32000,32000
058603,台積電元大99購12,0,0,0,0,0,0,0,0,0,32000,0,0,0,65000,33000,32000,32000
059784,台光電元大9A購01,0,0,0,0,0,0,0,0,0,32000,0,0,0,55000,23000,32000,32000
057935,晶技群益98購02  ,0,0,0,0,0,0,0,0,0,32000,0,0,0,42000,10000,32000,32000
059003,中壽元大99購01  ,0,0,0,0,0,0,0,0,0,32000,0,0,0,32000,0,32000,32000
059213,國巨元大99購19  ,0,0,0,0,0,0,0,0,0,32000,0,0,0,51000,19000,32000,32000
060626,貿聯元大9A購04  ,0,0,0,0,0,0,0,0,0,32000,0,0,0,33000,1000,32000,32000
057302,福懋科中信98購01,0,0,0,0,0,0,0,0,0,32000,0,0,0,48000,16000,32000,32000
060794,景碩永豐9A購02  ,0,0,0,0,0,0,0,0,0,32000,0,0,0,37000,5000,32000,32000
060709,緯穎富邦9B購01  ,0,0,0,0,0,0,0,0,0,32000,0,0,0,94000,62000,32000,32000
062429,A50正2元大9B購01,0,0,0,0,0,0,0,0,0,32000,0,0,0,40000,8000,32000,32000
062272,鴻海群益9B購05  ,0,0,0,0,0,0,0,0,0,32000,0,0,0,62000,30000,32000,32000
061413,台勝科群益9A購01,0,0,0,0,0,0,0,0,0,32000,0,0,0,106000,74000,32000,32000
06143P,鴻海永豐97售02  ,0,0,0,0,0,0,0,0,0,32000,0,0,0,32000,0,32000,32000
062874,微星兆豐9B購01  ,0,0,0,0,0,0,0,0,0,32000,0,0,0,47000,15000,32000,32000
062719,微星凱基9B購01  ,0,0,0,0,0,0,0,0,0,32000,0,0,0,36000,4000,32000,32000
062703,可成元大9C購02  ,0,0,0,0,0,0,0,0,0,32000,0,0,0,167000,135000,32000,32000
3257,虹冠電          ,176000,124000,52000,0,0,0,0,0,0,-20000,0,20000,-20000,0,0,0,32000
6598,ABC-KY          ,62101,51000,11101,0,0,0,0,0,0,20000,20000,0,20000,0,0,0,31101
063899,同欣電群益9C購01,0,0,0,0,0,0,0,0,0,31000,0,0,0,169000,138000,31000,31000
063828,台積電國票01購02,0,0,0,0,0,0,0,0,0,31000,0,0,0,35000,4000,31000,31000
063836,台塑元大9C購01  ,0,0,0,0,0,0,0,0,0,31000,0,0,0,31000,0,31000,31000
2020,美亞            ,370000,337000,33000,0,0,0,0,0,0,-2000,0,2000,-2000,0,0,0,31000
1730,花仙子          ,143000,111000,32000,0,0,0,0,0,0,-1000,0,1000,-1000,0,0,0,31000
047004,台積電統一99購01,0,0,0,0,0,0,0,0,0,31000,0,0,0,64000,33000,31000,31000
047548,友達凱基99購03  ,0,0,0,0,0,0,0,0,0,31000,0,0,0,31000,0,31000,31000
055632,群創永豐98購01  ,0,0,0,0,0,0,0,0,0,31000,0,0,0,31000,0,31000,31000
055443,台虹國票98購01  ,0,0,0,0,0,0,0,0,0,31000,0,0,0,38000,7000,31000,31000
060228,亞德客元大9A購01,0,0,0,0,0,0,0,0,0,31000,0,0,0,89000,58000,31000,31000
056550,瑞儀凱基99購01  ,0,0,0,0,0,0,0,0,0,31000,0,0,0,115000,84000,31000,31000
060823,旺宏元大9A購05  ,0,0,0,0,0,0,0,0,0,31000,0,0,0,39000,8000,31000,31000
061175,台積電凱基9A購19,0,0,0,0,0,0,0,0,0,31000,0,0,0,42000,11000,31000,31000
058984,全新凱基9A購03  ,0,0,0,0,0,0,0,0,0,31000,0,0,0,31000,0,31000,31000
059566,台積電凱基9A購11,0,0,0,0,0,0,0,0,0,31000,0,0,0,31000,0,31000,31000
058184,鴻海永豐99購01  ,0,0,0,0,0,0,0,0,0,31000,0,0,0,36000,5000,31000,31000
058658,瑞儀中信99購01  ,0,0,0,0,0,0,0,0,0,31000,0,0,0,51000,20000,31000,31000
058782,臺股指國票99購01,0,0,0,0,0,0,0,0,0,31000,0,0,0,71000,40000,31000,31000
058485,智邦國票9A購01  ,0,0,0,0,0,0,0,0,0,31000,0,0,0,34000,3000,31000,31000
062759,旺宏凱基9B購07  ,0,0,0,0,0,0,0,0,0,31000,0,0,0,35000,4000,31000,31000
063387,台積電兆豐9B購03,0,0,0,0,0,0,0,0,0,31000,0,0,0,78000,47000,31000,31000
062277,廣達群益9B購01  ,0,0,0,0,0,0,0,0,0,31000,0,0,0,31000,0,31000,31000
062253,燿華元大9B購02  ,0,0,0,0,0,0,0,0,0,31000,0,0,0,266000,235000,31000,31000
062237,緯創凱基9B購01  ,0,0,0,0,0,0,0,0,0,31000,0,0,0,74000,43000,31000,31000
061975,華通元大9B購01  ,0,0,0,0,0,0,0,0,0,31000,0,0,0,90000,59000,31000,31000
08182P,金像電永豐9B售01,0,0,0,0,0,0,0,0,0,30000,0,0,0,30000,0,30000,30000
08203P,同欣電永豐9B售04,0,0,0,0,0,0,0,0,0,30000,0,0,0,30000,0,30000,30000
07377P,聯發科元大99售40,0,0,0,0,0,0,0,0,0,30000,0,0,0,30000,0,30000,30000
063981,貿聯兆豐9C購01  ,0,0,0,0,0,0,0,0,0,30000,0,0,0,30000,0,30000,30000
064040,鴻海統一9C購18  ,0,0,0,0,0,0,0,0,0,30000,0,0,0,46000,16000,30000,30000
064269,台灣50元大9C購38,0,0,0,0,0,0,0,0,0,30000,0,0,0,30000,0,30000,30000
064362,友達統一01購02  ,0,0,0,0,0,0,0,0,0,30000,0,0,0,30000,0,30000,30000
07210P,智邦凱基99售03  ,0,0,0,0,0,0,0,0,0,30000,0,0,0,190000,160000,30000,30000
07228P,台灣50群益9B售06,0,0,0,0,0,0,0,0,0,30000,0,0,0,31000,1000,30000,30000
056976,喬山群益98購01  ,0,0,0,0,0,0,0,0,0,30000,0,0,0,30000,0,30000,30000
060306,台肥永豐9A購01  ,0,0,0,0,0,0,0,0,0,30000,0,0,0,30000,0,30000,30000
060415,葡萄王永豐9A購01,0,0,0,0,0,0,0,0,0,30000,0,0,0,172000,142000,30000,30000
060540,南亞凱基9A購01  ,0,0,0,0,0,0,0,0,0,30000,0,0,0,30000,0,30000,30000
055359,超眾凱基97購01  ,0,0,0,0,0,0,0,0,0,30000,0,0,0,30000,0,30000,30000
054919,興富發凱基97購01,0,0,0,0,0,0,0,0,0,30000,0,0,0,30000,0,30000,30000
055093,京鼎群益98購01  ,0,0,0,0,0,0,0,0,0,30000,0,0,0,35000,5000,30000,30000
055577,晶技統一97購02  ,0,0,0,0,0,0,0,0,0,30000,0,0,0,30000,0,30000,30000
055532,中工群益98購01  ,0,0,0,0,0,0,0,0,0,30000,0,0,0,30000,0,30000,30000
05593P,鴻海國票97售03  ,0,0,0,0,0,0,0,0,0,30000,0,0,0,30000,0,30000,30000
056228,可成凱基97購03  ,0,0,0,0,0,0,0,0,0,30000,0,0,0,30000,0,30000,30000
056212,台光電國票98購03,0,0,0,0,0,0,0,0,0,30000,0,0,0,30000,0,30000,30000
056855,祥碩中信98購02  ,0,0,0,0,0,0,0,0,0,30000,0,0,0,226000,196000,30000,30000
055741,健策元富97購01  ,0,0,0,0,0,0,0,0,0,30000,0,0,0,212000,182000,30000,30000
047673,瑞昱元富96購01  ,0,0,0,0,0,0,0,0,0,30000,0,0,0,30000,0,30000,30000
051700,深中小群益99購04,0,0,0,0,0,0,0,0,0,30000,0,0,0,30000,0,30000,30000
051370,聯詠富邦97購01  ,0,0,0,0,0,0,0,0,0,30000,0,0,0,30000,0,30000,30000
00681R,元大美債20反1   ,0,3000,-3000,0,0,0,0,0,0,33000,0,0,0,40000,7000,33000,30000
0052,富邦科技        ,2000,1000,1000,0,0,0,0,0,0,29000,0,0,0,142000,113000,29000,30000
053583,漢唐元大96購03  ,0,0,0,0,0,0,0,0,0,30000,0,0,0,30000,0,30000,30000
053893,京鼎群益97購02  ,0,0,0,0,0,0,0,0,0,30000,0,0,0,30000,0,30000,30000
052220,T50反1凱基98購01,0,0,0,0,0,0,0,0,0,30000,0,0,0,35000,5000,30000,30000
054138,晶技元大98購02  ,0,0,0,0,0,0,0,0,0,30000,0,0,0,30000,0,30000,30000
054089,台積電群益96購11,0,0,0,0,0,0,0,0,0,30000,0,0,0,30000,0,30000,30000
052890,FB上証群益9B購01,0,0,0,0,0,0,0,0,0,30000,0,0,0,31000,1000,30000,30000
054749,聯茂凱基98購01  ,0,0,0,0,0,0,0,0,0,30000,0,0,0,30000,0,30000,30000
058486,大立光國票9A購01,0,0,0,0,0,0,0,0,0,30000,0,0,0,30000,0,30000,30000
058464,矽創兆豐9A購01  ,0,0,0,0,0,0,0,0,0,30000,0,0,0,100000,70000,30000,30000
058499,滬深2X元大9C購01,0,0,0,0,0,0,0,0,0,30000,0,0,0,80000,50000,30000,30000
059370,玉晶光元富99購02,0,0,0,0,0,0,0,0,0,30000,0,0,0,30000,0,30000,30000
058373,晶技凱基99購02  ,0,0,0,0,0,0,0,0,0,30000,0,0,0,40000,10000,30000,30000
059880,世紀鋼凱基99購02,0,0,0,0,0,0,0,0,0,30000,0,0,0,30000,0,30000,30000
058713,國巨統一9B購02  ,0,0,0,0,0,0,0,0,0,30000,0,0,0,30000,0,30000,30000
057794,T50反1兆豐99購02,0,0,0,0,0,0,0,0,0,30000,0,0,0,104000,74000,30000,30000
057826,祥碩元大98購08  ,0,0,0,0,0,0,0,0,0,30000,0,0,0,30000,0,30000,30000
057348,台積電統一98購09,0,0,0,0,0,0,0,0,0,30000,0,0,0,30000,0,30000,30000
057514,華新科元富99購03,0,0,0,0,0,0,0,0,0,30000,0,0,0,150000,120000,30000,30000
057083,立積統一98購01  ,0,0,0,0,0,0,0,0,0,30000,0,0,0,30000,0,30000,30000
057931,正崴群益98購02  ,0,0,0,0,0,0,0,0,0,30000,0,0,0,30000,0,30000,30000
057217,奇力新群益99購01,0,0,0,0,0,0,0,0,0,30000,0,0,0,30000,0,30000,30000
057206,立積元富98購01  ,0,0,0,0,0,0,0,0,0,30000,0,0,0,243000,213000,30000,30000
061191,可成永豐9A購02  ,0,0,0,0,0,0,0,0,0,30000,0,0,0,30000,0,30000,30000
061145,臻鼎中信9A購02  ,0,0,0,0,0,0,0,0,0,30000,0,0,0,50000,20000,30000,30000
057284,新日興元大98購03,0,0,0,0,0,0,0,0,0,30000,0,0,0,30000,0,30000,30000
057286,群創元大9B購05  ,0,0,0,0,0,0,0,0,0,30000,0,0,0,35000,5000,30000,30000
060554,中租凱基9A購01  ,0,0,0,0,0,0,0,0,0,30000,0,0,0,30000,0,30000,30000
059247,可成凱基99購05  ,0,0,0,0,0,0,0,0,0,30000,0,0,0,60000,30000,30000,30000
058102,楠梓電永豐98購04,0,0,0,0,0,0,0,0,0,30000,0,0,0,30000,0,30000,30000
062015,喬山永豐9B購01  ,0,0,0,0,0,0,0,0,0,30000,0,0,0,30000,0,30000,30000
062105,國巨國票9C購03  ,0,0,0,0,0,0,0,0,0,30000,0,0,0,30000,0,30000,30000
061966,旺宏統一01購03  ,0,0,0,0,0,0,0,0,0,30000,0,0,0,30000,0,30000,30000
062464,T50反1凱基9C購03,0,0,0,0,0,0,0,0,0,30000,0,0,0,65000,35000,30000,30000
061442,玉晶光永豐9A購07,0,0,0,0,0,0,0,0,0,30000,0,0,0,30000,0,30000,30000
061737,南亞科凱基9B購01,0,0,0,0,0,0,0,0,0,30000,0,0,0,30000,0,30000,30000
061262,智邦凱基9A購02  ,0,0,0,0,0,0,0,0,0,30000,0,0,0,30000,0,30000,30000
061225,台積電中信9A購04,0,0,0,0,0,0,0,0,0,30000,0,0,0,30000,0,30000,30000
06346P,聯鈞元富97售02  ,0,0,0,0,0,0,0,0,0,30000,0,0,0,30000,0,30000,30000
063217,元金2X群益9B購03,0,0,0,0,0,0,0,0,0,30000,0,0,0,30000,0,30000,30000
063713,麗豐凱基9B購01  ,0,0,0,0,0,0,0,0,0,30000,0,0,0,60000,30000,30000,30000
063756,鴻海統一9B購09  ,0,0,0,0,0,0,0,0,0,30000,0,0,0,33000,3000,30000,30000
062708,立積元大9B購01  ,0,0,0,0,0,0,0,0,0,30000,0,0,0,125000,95000,30000,30000
062563,緯穎凱基9B購03  ,0,0,0,0,0,0,0,0,0,30000,0,0,0,70000,40000,30000,30000
063053,聯發科統一01購04,0,0,0,0,0,0,0,0,0,30000,0,0,0,40000,10000,30000,30000
063153,南六元富9B購01  ,0,0,0,0,0,0,0,0,0,30000,0,0,0,100000,70000,30000,30000
064378,群創元富9C購01  ,0,0,0,0,0,0,0,0,0,29000,0,0,0,83000,54000,29000,29000
064336,可成元大9C購06  ,0,0,0,0,0,0,0,0,0,29000,0,0,0,85000,56000,29000,29000
064224,玉晶光國票01購04,0,0,0,0,0,0,0,0,0,29000,0,0,0,32000,3000,29000,29000
063804,華邦電兆豐01購01,0,0,0,0,0,0,0,0,0,29000,0,0,0,29000,0,29000,29000
063863,儒鴻富邦02購01  ,0,0,0,0,0,0,0,0,0,29000,0,0,0,29000,0,29000,29000
08287P,茂林凱基9C售02  ,0,0,0,0,0,0,0,0,0,29000,0,0,0,44000,15000,29000,29000
053350,台表科國票97購02,0,0,0,0,0,0,0,0,0,29000,0,0,0,30000,1000,29000,29000
053251,世紀鋼國票97購02,0,0,0,0,0,0,0,0,0,29000,0,0,0,30000,1000,29000,29000
05272P,臻鼎中信97售03  ,0,0,0,0,0,0,0,0,0,29000,0,0,0,330000,301000,29000,29000
054455,楠梓電群益98購02,0,0,0,0,0,0,0,0,0,29000,0,0,0,29000,0,29000,29000
055075,南電永豐97購01  ,0,0,0,0,0,0,0,0,0,29000,0,0,0,55000,26000,29000,29000
055136,聯發科富邦99購06,0,0,0,0,0,0,0,0,0,29000,0,0,0,68000,39000,29000,29000
057267,康控兆豐99購01  ,0,0,0,0,0,0,0,0,0,29000,0,0,0,29000,0,29000,29000
057278,可成元大98購06  ,0,0,0,0,0,0,0,0,0,29000,0,0,0,98000,69000,29000,29000
058985,可成凱基99購03  ,0,0,0,0,0,0,0,0,0,29000,0,0,0,38000,9000,29000,29000
058711,鴻海統一9A購02  ,0,0,0,0,0,0,0,0,0,29000,0,0,0,31000,2000,29000,29000
058723,元石油國泰9A購01,0,0,0,0,0,0,0,0,0,29000,0,0,0,49000,20000,29000,29000
058451,智邦永豐9A購01  ,0,0,0,0,0,0,0,0,0,29000,0,0,0,29000,0,29000,29000
058429,欣興元富99購01  ,0,0,0,0,0,0,0,0,0,29000,0,0,0,311000,282000,29000,29000
058321,大立光永豐99購01,0,0,0,0,0,0,0,0,0,29000,0,0,0,35000,6000,29000,29000
058502,鴻海元大99購13  ,0,0,0,0,0,0,0,0,0,29000,0,0,0,29000,0,29000,29000
063328,京元電國票9C購02,0,0,0,0,0,0,0,0,0,29000,0,0,0,39000,10000,29000,29000
06141P,大立光日盛97售01,0,0,0,0,0,0,0,0,0,29000,0,0,0,48000,19000,29000,29000
060901,臺股指凱基9A購13,0,0,0,0,0,0,0,0,0,29000,0,0,0,157000,128000,29000,29000
062504,旭富群益9B購02  ,0,0,0,0,0,0,0,0,0,29000,0,0,0,29000,0,29000,29000
062294,盛群永豐9B購01  ,0,0,0,0,0,0,0,0,0,29000,0,0,0,29000,0,29000,29000
062295,康友永豐9B購01  ,0,0,0,0,0,0,0,0,0,29000,0,0,0,200000,171000,29000,29000
062315,健策凱基9C購01  ,0,0,0,0,0,0,0,0,0,29000,0,0,0,116000,87000,29000,29000
8033,雷虎            ,44000,15000,29000,0,0,0,0,0,0,0,0,0,0,0,0,0,29000
063768,華新科國泰9C購03,0,0,0,0,0,0,0,0,0,28000,0,0,0,33000,5000,28000,28000
06929P,鴻海元大99售11  ,0,0,0,0,0,0,0,0,0,28000,0,0,0,65000,37000,28000,28000
055444,致新台新97購01  ,0,0,0,0,0,0,0,0,0,28000,0,0,0,28000,0,28000,28000
055388,華通統一97購03  ,0,0,0,0,0,0,0,0,0,28000,0,0,0,28000,0,28000,28000
056721,台灣50永昌9A購01,0,0,0,0,0,0,0,0,0,28000,0,0,0,38000,10000,28000,28000
056054,亞德客元大97購05,0,0,0,0,0,0,0,0,0,28000,0,0,0,28000,0,28000,28000
0054,元大台商50      ,0,0,0,0,0,0,0,0,0,28000,0,0,0,31000,3000,28000,28000
00865B,國泰US短期公債  ,0,0,0,0,0,0,0,0,0,28000,0,0,0,130000,102000,28000,28000
049335,聯電統一97購01  ,0,0,0,0,0,0,0,0,0,28000,0,0,0,33000,5000,28000,28000
054095,同欣電群益98購03,0,0,0,0,0,0,0,0,0,28000,0,0,0,28000,0,28000,28000
053904,漢唐凱基97購01  ,0,0,0,0,0,0,0,0,0,28000,0,0,0,83000,55000,28000,28000
060064,華新科兆豐99購07,0,0,0,0,0,0,0,0,0,28000,0,0,0,28000,0,28000,28000
058428,大立光元富99購02,0,0,0,0,0,0,0,0,0,28000,0,0,0,48000,20000,28000,28000
058369,亞光凱基99購02  ,0,0,0,0,0,0,0,0,0,28000,0,0,0,28000,0,28000,28000
059836,大立光國泰9B購02,0,0,0,0,0,0,0,0,0,28000,0,0,0,28000,0,28000,28000
058986,華新科凱基9A購03,0,0,0,0,0,0,0,0,0,28000,0,0,0,30000,2000,28000,28000
060129,祥碩永豐99購03  ,0,0,0,0,0,0,0,0,0,28000,0,0,0,28000,0,28000,28000
060158,廣達永豐9A購01  ,0,0,0,0,0,0,0,0,0,28000,0,0,0,79000,51000,28000,28000
059722,南亞科元大99購02,0,0,0,0,0,0,0,0,0,28000,0,0,0,28000,0,28000,28000
059647,超眾凱基99購04  ,0,0,0,0,0,0,0,0,0,28000,0,0,0,28000,0,28000,28000
057079,台積電統一9A購02,0,0,0,0,0,0,0,0,0,28000,0,0,0,28000,0,28000,28000
058010,帆宣國票98購01  ,0,0,0,0,0,0,0,0,0,28000,0,0,0,28000,0,28000,28000
060635,義隆永豐9A購01  ,0,0,0,0,0,0,0,0,0,28000,0,0,0,28000,0,28000,28000
058156,超眾統一9A購02  ,0,0,0,0,0,0,0,0,0,28000,0,0,0,28000,0,28000,28000
060856,健策富邦9B購02  ,0,0,0,0,0,0,0,0,0,28000,0,0,0,80000,52000,28000,28000
060700,華新科國泰9C購01,0,0,0,0,0,0,0,0,0,28000,0,0,0,68000,40000,28000,28000
060939,鴻海國票9A購06  ,0,0,0,0,0,0,0,0,0,28000,0,0,0,29000,1000,28000,28000
061740,華新科凱基03購01,0,0,0,0,0,0,0,0,0,28000,0,0,0,30000,2000,28000,28000
061796,興勤永豐9B購01  ,0,0,0,0,0,0,0,0,0,28000,0,0,0,28000,0,28000,28000
061646,力成元大9A購02  ,0,0,0,0,0,0,0,0,0,28000,0,0,0,33000,5000,28000,28000
061581,貿聯元大9A購05  ,0,0,0,0,0,0,0,0,0,28000,0,0,0,38000,10000,28000,28000
8411,福貞-KY         ,36000,8000,28000,0,0,0,0,0,0,0,0,0,0,0,0,0,28000
2923,鼎固-KY         ,54000,26000,28000,0,0,0,0,0,0,0,0,0,0,0,0,0,28000
6415,矽力-KY         ,411500,387110,24390,0,0,0,20000,0,20000,-17000,3000,19000,-16000,2000,3000,-1000,27390
06885P,國巨國票99售06  ,0,0,0,0,0,0,0,0,0,27000,0,0,0,27000,0,27000,27000
063820,華邦電麥證01購01,0,0,0,27000,20000,7000,0,0,0,27000,0,0,0,47000,20000,27000,27000
08277P,嘉晶元富9C售02  ,0,0,0,0,0,0,0,0,0,27000,0,0,0,44000,17000,27000,27000
054170,泰鼎凱基98購01  ,0,0,0,0,0,0,0,0,0,27000,0,0,0,27000,0,27000,27000
056680,華通統一98購04  ,0,0,0,0,0,0,0,0,0,27000,0,0,0,30000,3000,27000,27000
00686R,群益臺灣加權反1 ,0,0,0,0,0,0,0,0,0,27000,0,0,0,182000,155000,27000,27000
056203,興富發永豐97購01,0,0,0,0,0,0,0,0,0,27000,0,0,0,27000,0,27000,27000
055730,建準元富97購02  ,0,0,0,0,0,0,0,0,0,27000,0,0,0,27000,0,27000,27000
055766,臺股指群益97購04,0,0,0,0,0,0,0,0,0,27000,0,0,0,27000,0,27000,27000
056124,華通國票98購02  ,0,0,0,0,0,0,0,0,0,27000,0,0,0,50000,23000,27000,27000
056614,智邦永豐98購01  ,0,0,0,0,0,0,0,0,0,27000,0,0,0,34000,7000,27000,27000
060601,技嘉凱基9A購02  ,0,0,0,0,0,0,0,0,0,27000,0,0,0,30000,3000,27000,27000
060602,京元電凱基9A購01,0,0,0,0,0,0,0,0,0,27000,0,0,0,62000,35000,27000,27000
060604,宏達電凱基9B購01,0,0,0,0,0,0,0,0,0,27000,0,0,0,129000,102000,27000,27000
057394,台積電中信9C購02,0,0,0,0,0,0,0,0,0,27000,0,0,0,52000,25000,27000,27000
058462,台積電兆豐99購01,0,0,0,0,0,0,0,0,0,27000,0,0,0,33000,6000,27000,27000
05887P,友達元富99售03  ,0,0,0,0,0,0,0,0,0,27000,0,0,0,63000,36000,27000,27000
060983,南亞科元大9A購06,0,0,0,0,0,0,0,0,0,27000,0,0,0,47000,20000,27000,27000
062349,新日興群益9B購02,0,0,0,0,0,0,0,0,0,27000,0,0,0,27000,0,27000,27000
063029,喬山凱基9B購01  ,0,0,0,0,0,0,0,0,0,27000,0,0,0,27000,0,27000,27000
062728,健策凱基9B購04  ,0,0,0,0,0,0,0,0,0,27000,0,0,0,162000,135000,27000,27000
6414,樺漢            ,122794,140000,-17206,0,0,0,44000,0,44000,0,3000,4000,-1000,2000,1000,1000,26794
08299P,玉晶光國票02售01,0,0,0,0,0,0,0,0,0,26000,0,0,0,35000,9000,26000,26000
07420P,可成元大99售07  ,0,0,0,0,0,0,0,0,0,26000,0,0,0,36000,10000,26000,26000
063893,微星群益9C購01  ,0,0,0,0,0,0,0,0,0,26000,0,0,0,165000,139000,26000,26000
056811,健策統一9B購01  ,0,0,0,0,0,0,0,0,0,26000,0,0,0,46000,20000,26000,26000
054943,群光元大97購01  ,0,0,0,0,0,0,0,0,0,26000,0,0,0,31000,5000,26000,26000
054728,聯發科日盛97購01,0,0,0,0,0,0,0,0,0,26000,0,0,0,52000,26000,26000,26000
058881,全新永豐99購01  ,0,0,0,0,0,0,0,0,0,26000,0,0,0,26000,0,26000,26000
057376,新日興元大98購04,0,0,0,0,0,0,0,0,0,26000,0,0,0,26000,0,26000,26000
057479,致茂元大98購03  ,0,0,0,0,0,0,0,0,0,26000,0,0,0,258000,232000,26000,26000
058664,百和兆豐99購01  ,0,0,0,0,0,0,0,0,0,26000,0,0,0,64000,38000,26000,26000
059694,創意永豐99購03  ,0,0,0,0,0,0,0,0,0,26000,0,0,0,26000,0,26000,26000
062852,聯發科永豐9B購02,0,0,0,0,0,0,0,0,0,26000,0,0,0,56000,30000,26000,26000
062898,華通元大9B購05  ,0,0,0,0,0,0,0,0,0,26000,0,0,0,76000,50000,26000,26000
063257,牧德國泰01購01  ,0,0,0,0,0,0,0,0,0,26000,0,0,0,27000,1000,26000,26000
06327P,台積電中信01售01,0,0,0,0,0,0,0,0,0,26000,0,0,0,86000,60000,26000,26000
063715,鈺齊凱基9C購01  ,0,0,0,0,0,0,0,0,0,26000,0,0,0,95000,69000,26000,26000
063557,聚陽元大9B購01  ,0,0,0,0,0,0,0,0,0,26000,0,0,0,31000,5000,26000,26000
062314,玉晶光凱基9B購06,0,0,0,0,0,0,0,0,0,26000,0,0,0,62000,36000,26000,26000
062254,台光電元大9B購02,0,0,0,0,0,0,0,0,0,26000,0,0,0,64000,38000,26000,26000
063854,南電元大9C購01  ,0,0,0,0,0,0,0,0,0,25000,0,0,0,98000,73000,25000,25000
064030,泰碩元大01購01  ,0,0,0,0,0,0,0,0,0,25000,0,0,0,45000,20000,25000,25000
064155,大立光統一01購05,0,0,0,0,0,0,0,0,0,25000,0,0,0,40000,15000,25000,25000
064138,亞德客統一01購02,0,0,0,0,0,0,0,0,0,25000,0,0,0,47000,22000,25000,25000
064270,華通元大9C購03  ,0,0,0,0,0,0,0,0,0,25000,0,0,0,25000,0,25000,25000
07028P,大立光群益99售06,0,0,0,0,0,0,0,0,0,25000,0,0,0,28000,3000,25000,25000
06669P,緯穎凱基98售05  ,0,0,0,0,0,0,0,0,0,25000,0,0,0,30000,5000,25000,25000
07473P,祥碩元大9A售01  ,0,0,0,0,0,0,0,0,0,25000,0,0,0,90000,65000,25000,25000
07939P,台積電統一9B售14,0,0,0,0,0,0,0,0,0,25000,0,0,0,45000,20000,25000,25000
08196P,上銀元大9B售07  ,0,0,0,0,0,0,0,0,0,25000,0,0,0,25000,0,25000,25000
1528,恩德            ,78000,50000,28000,0,0,0,0,0,0,-3000,0,3000,-3000,0,0,0,25000
2059,川湖            ,245000,187000,58000,0,0,0,0,20000,-20000,-13000,1000,13000,-12000,0,1000,-1000,25000
056695,景碩群益99購01  ,0,0,0,0,0,0,0,0,0,25000,0,0,0,25000,0,25000,25000
056631,臺股指永豐98購03,0,0,0,0,0,0,0,0,0,25000,0,0,0,25000,0,25000,25000
055272,國巨元大98購04  ,0,0,0,0,0,0,0,0,0,25000,0,0,0,25000,0,25000,25000
053014,旺宏統一97購02  ,0,0,0,0,0,0,0,0,0,25000,0,0,0,25000,0,25000,25000
053673,超眾元富96購03  ,0,0,0,0,0,0,0,0,0,25000,0,0,0,25000,0,25000,25000
01003T,兆豐新光R1      ,25000,0,25000,0,0,0,0,0,0,0,0,0,0,0,0,0,25000
03682C,臺股指凱基9C牛07,0,0,0,0,0,0,0,0,0,25000,0,0,0,270000,245000,25000,25000
03033X,元展30          ,0,0,0,0,0,0,0,0,0,25000,0,0,0,30000,5000,25000,25000
052126,群創國票97購01  ,0,0,0,0,0,0,0,0,0,25000,0,0,0,25000,0,25000,25000
047674,群創元富96購02  ,0,0,0,0,0,0,0,0,0,25000,0,0,0,25000,0,25000,25000
054289,聯發科元大97購11,0,0,0,0,0,0,0,0,0,25000,0,0,0,25000,0,25000,25000
055398,超眾統一97購03  ,0,0,0,0,0,0,0,0,0,25000,0,0,0,25000,0,25000,25000
056738,國巨凱基9A購02  ,0,0,0,0,0,0,0,0,0,25000,0,0,0,45000,20000,25000,25000
055781,聯詠凱基98購01  ,0,0,0,0,0,0,0,0,0,25000,0,0,0,75000,50000,25000,25000
055743,TPK元富98購01   ,0,0,0,0,0,0,0,0,0,25000,0,0,0,25000,0,25000,25000
055820,矽力國票98購02  ,0,0,0,0,0,0,0,0,0,25000,0,0,0,135000,110000,25000,25000
056908,牧德元大99購03  ,0,0,0,0,0,0,0,0,0,25000,0,0,0,25000,0,25000,25000
056018,旺宏群益97購02  ,0,0,0,0,0,0,0,0,0,25000,0,0,0,25000,0,25000,25000
056511,超眾永豐98購01  ,0,0,0,0,0,0,0,0,0,25000,0,0,0,25000,0,25000,25000
060163,健策永豐9B購01  ,0,0,0,0,0,0,0,0,0,25000,0,0,0,62000,37000,25000,25000
057059,易華電元大99購01,0,0,0,0,0,0,0,0,0,25000,0,0,0,25000,0,25000,25000
058023,南電凱基98購02  ,0,0,0,0,0,0,0,0,0,25000,0,0,0,255000,230000,25000,25000
060186,義隆元富9A購01  ,0,0,0,0,0,0,0,0,0,25000,0,0,0,25000,0,25000,25000
060195,旭富元富9A購02  ,0,0,0,0,0,0,0,0,0,25000,0,0,0,25000,0,25000,25000
057304,為升兆豐99購02  ,0,0,0,0,0,0,0,0,0,25000,0,0,0,25000,0,25000,25000
060707,台郡富邦9A購01  ,0,0,0,0,0,0,0,0,0,25000,0,0,0,40000,15000,25000,25000
060846,欣興國票9A購02  ,0,0,0,0,0,0,0,0,0,25000,0,0,0,88000,63000,25000,25000
060781,台郡國泰9B購01  ,0,0,0,0,0,0,0,0,0,25000,0,0,0,25000,0,25000,25000
060752,上銀元大9A購04  ,0,0,0,0,0,0,0,0,0,25000,0,0,0,35000,10000,25000,25000
059917,華新科元大99購19,0,0,0,0,0,0,0,0,0,25000,0,0,0,35000,10000,25000,25000
057663,國巨元大99購08  ,0,0,0,0,0,0,0,0,0,25000,0,0,0,25000,0,25000,25000
057839,台積電富邦9A購02,0,0,0,0,0,0,0,0,0,25000,0,0,0,25000,0,25000,25000
057828,緯穎元大99購02  ,0,0,0,0,0,0,0,0,0,25000,0,0,0,80000,55000,25000,25000
057793,群創統一99購02  ,0,0,0,0,0,0,0,0,0,25000,0,0,0,95000,70000,25000,25000
058459,南電永豐99購01  ,0,0,0,0,0,0,0,0,0,25000,0,0,0,99000,74000,25000,25000
058265,奇力新永豐9A購01,0,0,0,0,0,0,0,0,0,25000,0,0,0,25000,0,25000,25000
060887,台積電統一01購01,0,0,0,0,0,0,0,0,0,25000,0,0,0,35000,10000,25000,25000
061400,可成兆豐9B購02  ,0,0,0,0,0,0,0,0,0,25000,0,0,0,29000,4000,25000,25000
061334,華通元大9A購09  ,0,0,0,0,0,0,0,0,0,25000,0,0,0,32000,7000,25000,25000
061335,國巨元大9A購19  ,0,0,0,0,0,0,0,0,0,25000,0,0,0,25000,0,25000,25000
061677,泰碩元大9A購05  ,0,0,0,0,0,0,0,0,0,25000,0,0,0,25000,0,25000,25000
063751,祥碩國票9C購02  ,0,0,0,0,0,0,0,0,0,25000,0,0,0,38000,13000,25000,25000
063269,儒鴻兆豐9C購01  ,0,0,0,0,0,0,0,0,0,25000,0,0,0,25000,0,25000,25000
063367,GIS富邦9B購01   ,0,0,0,0,0,0,0,0,0,25000,0,0,0,43000,18000,25000,25000
063422,奇鋐凱基9B購04  ,0,0,0,0,0,0,0,0,0,25000,0,0,0,27000,2000,25000,25000
063067,緯穎麥證9B購01  ,0,0,0,25000,0,25000,0,0,0,25000,0,0,0,25000,0,25000,25000
063095,健策國票9B購02  ,0,0,0,0,0,0,0,0,0,25000,0,0,0,25000,0,25000,25000
062729,神達凱基9B購02  ,0,0,0,0,0,0,0,0,0,25000,0,0,0,102000,77000,25000,25000
062800,奇力新統一01購02,0,0,0,0,0,0,0,0,0,25000,0,0,0,30000,5000,25000,25000
07272P,台灣50元大9C售05,0,0,0,0,0,0,0,0,0,24000,0,0,0,30000,6000,24000,24000
06863P,欣興凱基98售05  ,0,0,0,0,0,0,0,0,0,24000,0,0,0,109000,85000,24000,24000
064326,裕隆元大9C購01  ,0,0,0,0,0,0,0,0,0,24000,0,0,0,26000,2000,24000,24000
064217,GIS凱基02購02   ,0,0,0,0,0,0,0,0,0,24000,0,0,0,42000,18000,24000,24000
063851,健策元大01購01  ,0,0,0,0,0,0,0,0,0,24000,0,0,0,206000,182000,24000,24000
063887,香港2X中信02購01,0,0,0,0,0,0,0,0,0,24000,0,0,0,24000,0,24000,24000
056981,全新群益99購03  ,0,0,0,0,0,0,0,0,0,24000,0,0,0,24000,0,24000,24000
056940,嘉聯益元富98購01,0,0,0,0,0,0,0,0,0,24000,0,0,0,24000,0,24000,24000
056411,緯穎國票99購01  ,0,0,0,0,0,0,0,0,0,24000,0,0,0,141000,117000,24000,24000
056142,超眾元大97購06  ,0,0,0,0,0,0,0,0,0,24000,0,0,0,93000,69000,24000,24000
060545,台積電凱基9B購02,0,0,0,0,0,0,0,0,0,24000,0,0,0,55000,31000,24000,24000
056898,全新元大98購02  ,0,0,0,0,0,0,0,0,0,24000,0,0,0,24000,0,24000,24000
056744,麗豐凱基9A購01  ,0,0,0,0,0,0,0,0,0,24000,0,0,0,55000,31000,24000,24000
046629,群創統一98購01  ,0,0,0,0,0,0,0,0,0,24000,0,0,0,158000,134000,24000,24000
053797,台積電中信98購01,0,0,0,0,0,0,0,0,0,24000,0,0,0,58000,34000,24000,24000
054137,聯詠元大97購02  ,0,0,0,0,0,0,0,0,0,24000,0,0,0,24000,0,24000,24000
058773,和碩兆豐99購01  ,0,0,0,0,0,0,0,0,0,24000,0,0,0,148000,124000,24000,24000
058847,國巨群益99購05  ,0,0,0,0,0,0,0,0,0,24000,0,0,0,60000,36000,24000,24000
058532,禾伸堂元富99購01,0,0,0,0,0,0,0,0,0,24000,0,0,0,24000,0,24000,24000
059326,康友元大99購01  ,0,0,0,0,0,0,0,0,0,24000,0,0,0,419000,395000,24000,24000
058717,南電台新99購02  ,0,0,0,0,0,0,0,0,0,24000,0,0,0,24000,0,24000,24000
057537,聯茂元大98購04  ,0,0,0,0,0,0,0,0,0,24000,0,0,0,24000,0,24000,24000
057605,旺宏統一99購03  ,0,0,0,0,0,0,0,0,0,24000,0,0,0,30000,6000,24000,24000
057697,國巨群益98購09  ,0,0,0,0,0,0,0,0,0,24000,0,0,0,40000,16000,24000,24000
060714,晶技永豐9A購02  ,0,0,0,0,0,0,0,0,0,24000,0,0,0,24000,0,24000,24000
058222,玉晶光統一9B購01,0,0,0,0,0,0,0,0,0,24000,0,0,0,29000,5000,24000,24000
063090,道瓊反中信9C購02,0,0,0,0,0,0,0,0,0,24000,0,0,0,24000,0,24000,24000
061790,中租群益9B購01  ,0,0,0,0,0,0,0,0,0,24000,0,0,0,82000,58000,24000,24000
061246,玉晶光群益9A購08,0,0,0,0,0,0,0,0,0,24000,0,0,0,32000,8000,24000,24000
061270,彩晶凱基9A購02  ,0,0,0,0,0,0,0,0,0,24000,0,0,0,44000,20000,24000,24000
061908,台積電中信05購01,0,0,0,0,0,0,0,0,0,24000,0,0,0,32000,8000,24000,24000
063866,聯發科永豐9C購01,0,0,0,0,0,0,0,0,0,23000,0,0,0,23000,0,23000,23000
063877,鴻海元富9C購01  ,0,0,0,0,0,0,0,0,0,23000,0,0,0,25000,2000,23000,23000
064023,智邦元大9C購02  ,0,0,0,0,0,0,0,0,0,23000,0,0,0,281000,258000,23000,23000
064079,英業達中信9C購01,0,0,0,0,0,0,0,0,0,23000,0,0,0,50000,27000,23000,23000
063953,世芯元大01購01  ,0,0,0,0,0,0,0,0,0,23000,0,0,0,51000,28000,23000,23000
07773P,台灣50群益9A售15,0,0,0,0,0,0,0,0,0,23000,0,0,0,58000,35000,23000,23000
1529,樂士            ,1000,8000,-7000,0,0,0,0,0,0,30000,30000,0,30000,0,0,0,23000
052856,滬深2X凱基98購01,0,0,0,0,0,0,0,0,0,23000,0,0,0,23000,0,23000,23000
054753,復盛凱基98購01  ,0,0,0,0,0,0,0,0,0,23000,0,0,0,23000,0,23000,23000
056880,緯穎國票98購02  ,0,0,0,0,0,0,0,0,0,23000,0,0,0,33000,10000,23000,23000
055764,臺股指群益97購02,0,0,0,0,0,0,0,0,0,23000,0,0,0,23000,0,23000,23000
056200,大毅永豐98購01  ,0,0,0,0,0,0,0,0,0,23000,0,0,0,32000,9000,23000,23000
056604,鴻海富邦9A購01  ,0,0,0,0,0,0,0,0,0,23000,0,0,0,23000,0,23000,23000
061028,聚陽永豐9A購01  ,0,0,0,0,0,0,0,0,0,23000,0,0,0,35000,12000,23000,23000
057641,旺宏元大98購10  ,0,0,0,0,0,0,0,0,0,23000,0,0,0,27000,4000,23000,23000
057482,微星元大98購03  ,0,0,0,0,0,0,0,0,0,23000,0,0,0,23000,0,23000,23000
057900,南亞科永豐98購01,0,0,0,0,0,0,0,0,0,23000,0,0,0,23000,0,23000,23000
057332,旺宏國票99購03  ,0,0,0,0,0,0,0,0,0,23000,0,0,0,23000,0,23000,23000
059469,智邦元大99購03  ,0,0,0,0,0,0,0,0,0,23000,0,0,0,105000,82000,23000,23000
058552,欣興永豐99購01  ,0,0,0,0,0,0,0,0,0,23000,0,0,0,23000,0,23000,23000
060013,S&P正2康和99購01,0,0,0,0,0,0,0,0,0,23000,0,0,0,23000,0,23000,23000
062190,瀚宇博元大9B購01,0,0,0,0,0,0,0,0,0,23000,0,0,0,84000,61000,23000,23000
062413,台光電中信9B購02,0,0,0,0,0,0,0,0,0,23000,0,0,0,85000,62000,23000,23000
061380,巨大永豐9A購02  ,0,0,0,0,0,0,0,0,0,23000,0,0,0,23000,0,23000,23000
061782,智邦群益9B購01  ,0,0,0,0,0,0,0,0,0,23000,0,0,0,35000,12000,23000,23000
061466,創意群益9A購01  ,0,0,0,0,0,0,0,0,0,23000,0,0,0,51000,28000,23000,23000
061490,茂林兆豐9B購01  ,0,0,0,0,0,0,0,0,0,23000,0,0,0,23000,0,23000,23000
061502,嘉澤國票9A購02  ,0,0,0,0,0,0,0,0,0,23000,0,0,0,23000,0,23000,23000
063248,創意元大9C購01  ,0,0,0,0,0,0,0,0,0,23000,0,0,0,23000,0,23000,23000
063738,奇鋐元大9B購03  ,0,0,0,0,0,0,0,0,0,23000,0,0,0,73000,50000,23000,23000
2362,藍天            ,90000,69000,21000,0,0,0,0,0,0,1000,1000,0,1000,0,0,0,22000
08006P,長榮航中信03售01,0,0,0,0,0,0,0,0,0,22000,0,0,0,22000,0,22000,22000
063778,亞德客永豐9B購02,0,0,0,0,0,0,0,0,0,22000,0,0,0,22000,0,22000,22000
064236,奇力新統一01購04,0,0,0,0,0,0,0,0,0,22000,0,0,0,22000,0,22000,22000
064303,新光金兆豐01購01,0,0,0,0,0,0,0,0,0,22000,0,0,0,22000,0,22000,22000
064511,GIS元大9C購05   ,0,0,0,0,0,0,0,0,0,22000,0,0,0,22000,0,22000,22000
055934,景碩群益98購03  ,0,0,0,0,0,0,0,0,0,22000,0,0,0,22000,0,22000,22000
055798,聯茂富邦98購01  ,0,0,0,0,0,0,0,0,0,22000,0,0,0,22000,0,22000,22000
055814,晶豪科國票97購02,0,0,0,0,0,0,0,0,0,22000,0,0,0,22000,0,22000,22000
055591,全新元大98購01  ,0,0,0,0,0,0,0,0,0,22000,0,0,0,22000,0,22000,22000
055215,智邦凱基98購02  ,0,0,0,0,0,0,0,0,0,22000,0,0,0,52000,30000,22000,22000
054152,漢唐國泰98購02  ,0,0,0,0,0,0,0,0,0,22000,0,0,0,22000,0,22000,22000
053654,聯發科凱基98購01,0,0,0,0,0,0,0,0,0,22000,0,0,0,22000,0,22000,22000
046903,友達凱基99購01  ,0,0,0,0,0,0,0,0,0,22000,0,0,0,30000,8000,22000,22000
054554,大立光凱基98購02,0,0,0,0,0,0,0,0,0,22000,0,0,0,54000,32000,22000,22000
058345,台光電群益99購03,0,0,0,0,0,0,0,0,0,22000,0,0,0,29000,7000,22000,22000
058573,鴻海群益9A購02  ,0,0,0,0,0,0,0,0,0,22000,0,0,0,31000,9000,22000,22000
059911,國巨元大99購27  ,0,0,0,0,0,0,0,0,0,22000,0,0,0,74000,52000,22000,22000
060796,世芯永豐9A購03  ,0,0,0,0,0,0,0,0,0,22000,0,0,0,83000,61000,22000,22000
060824,旺宏元大9A購06  ,0,0,0,0,0,0,0,0,0,22000,0,0,0,47000,25000,22000,22000
057101,新光金中信9A購01,0,0,0,0,0,0,0,0,0,22000,0,0,0,22000,0,22000,22000
059631,京元電凱基99購02,0,0,0,0,0,0,0,0,0,22000,0,0,0,31000,9000,22000,22000
059624,鴻海凱基01購01  ,0,0,0,0,0,0,0,0,0,22000,0,0,0,24000,2000,22000,22000
057963,緯穎元大98購08  ,0,0,0,0,0,0,0,0,0,22000,0,0,0,81000,59000,22000,22000
063444,金像電統一03購01,0,0,0,0,0,0,0,0,0,22000,0,0,0,45000,23000,22000,22000
062969,旺宏元富9B購01  ,0,0,0,0,0,0,0,0,0,22000,0,0,0,86000,64000,22000,22000
062828,聯詠群益9B購02  ,0,0,0,0,0,0,0,0,0,22000,0,0,0,35000,13000,22000,22000
061435,元金2X凱基9C購03,0,0,0,0,0,0,0,0,0,22000,0,0,0,38000,16000,22000,22000
061753,南亞科台新9B購01,0,0,0,0,0,0,0,0,0,22000,0,0,0,32000,10000,22000,22000
061387,鴻海群益9A購05  ,0,0,0,0,0,0,0,0,0,22000,0,0,0,27000,5000,22000,22000
060991,京鼎元大9A購01  ,0,0,0,0,0,0,0,0,0,22000,0,0,0,43000,21000,22000,22000
061193,玉晶光永豐9B購02,0,0,0,0,0,0,0,0,0,22000,0,0,0,28000,6000,22000,22000
062425,可成統一01購01  ,0,0,0,0,0,0,0,0,0,22000,0,0,0,22000,0,22000,22000
062442,華新科元大9C購02,0,0,0,0,0,0,0,0,0,22000,0,0,0,69000,47000,22000,22000
062444,大立光元大9C購01,0,0,0,0,0,0,0,0,0,22000,0,0,0,55000,33000,22000,22000
06560P,台積電統一98售07,0,0,0,0,0,0,0,0,0,21000,0,0,0,21000,0,21000,21000
07181P,臺股指凱基99售23,0,0,0,0,0,0,0,0,0,21000,0,0,0,31000,10000,21000,21000
064346,貿聯元大01購01  ,0,0,0,0,0,0,0,0,0,21000,0,0,0,21000,0,21000,21000
064368,日月光統一01購01,0,0,0,0,0,0,0,0,0,21000,0,0,0,21000,0,21000,21000
063837,亞德客元大01購01,0,0,0,0,0,0,0,0,0,21000,0,0,0,50000,29000,21000,21000
064014,貿聯國票01購01  ,0,0,0,0,0,0,0,0,0,21000,0,0,0,21000,0,21000,21000
08088P,義隆凱基9B售03  ,0,0,0,0,0,0,0,0,0,21000,0,0,0,106000,85000,21000,21000
07759P,臺股指富邦9A售04,0,0,0,0,0,0,0,0,0,21000,0,0,0,21000,0,21000,21000
054330,世芯永豐96購02  ,0,0,0,0,0,0,0,0,0,21000,0,0,0,81000,60000,21000,21000
052437,聯發科富邦99購02,0,0,0,0,0,0,0,0,0,21000,0,0,0,21000,0,21000,21000
054760,台化國票9A購01  ,0,0,0,0,0,0,0,0,0,21000,0,0,0,21000,0,21000,21000
056449,義隆凱基98購03  ,0,0,0,0,0,0,0,0,0,21000,0,0,0,21000,0,21000,21000
056428,台達電凱基99購01,0,0,0,0,0,0,0,0,0,21000,0,0,0,25000,4000,21000,21000
056962,技嘉永豐98購01  ,0,0,0,0,0,0,0,0,0,21000,0,0,0,199000,178000,21000,21000
060536,祥碩麥證9A購01  ,0,0,0,21000,0,21000,0,0,0,21000,0,0,0,21000,0,21000,21000
060492,元黃金元富9A購01,0,0,0,0,0,0,0,0,0,21000,0,0,0,21000,0,21000,21000
058011,台虹國票99購01  ,0,0,0,0,0,0,0,0,0,21000,0,0,0,22000,1000,21000,21000
058085,景碩群益9A購01  ,0,0,0,0,0,0,0,0,0,21000,0,0,0,56000,35000,21000,21000
061112,台表科元大9A購03,0,0,0,0,0,0,0,0,0,21000,0,0,0,61000,40000,21000,21000
057330,台積電國票99購03,0,0,0,0,0,0,0,0,0,21000,0,0,0,24000,3000,21000,21000
059947,貿聯永豐99購03  ,0,0,0,0,0,0,0,0,0,21000,0,0,0,21000,0,21000,21000
057747,致新永豐98購01  ,0,0,0,0,0,0,0,0,0,21000,0,0,0,21000,0,21000,21000
058700,鴻海元大99購15  ,0,0,0,0,0,0,0,0,0,21000,0,0,0,21000,0,21000,21000
058693,旭富國票9A購01  ,0,0,0,0,0,0,0,0,0,21000,0,0,0,21000,0,21000,21000
058709,臺股指元大9A購22,0,0,0,0,0,0,0,0,0,21000,0,0,0,28000,7000,21000,21000
058272,超眾永豐9A購01  ,0,0,0,0,0,0,0,0,0,21000,0,0,0,21000,0,21000,21000
062505,祥碩群益9B購03  ,0,0,0,0,0,0,0,0,0,21000,0,0,0,21000,0,21000,21000
061972,華新元大9B購01  ,0,0,0,0,0,0,0,0,0,21000,0,0,0,38000,17000,21000,21000
062146,大毅國票9B購01  ,0,0,0,0,0,0,0,0,0,21000,0,0,0,23000,2000,21000,21000
061330,T50反1元大9A購14,0,0,0,0,0,0,0,0,0,21000,0,0,0,21000,0,21000,21000
060879,華新科中信9A購02,0,0,0,0,0,0,0,0,0,21000,0,0,0,21000,0,21000,21000
061391,晶技群益9A購02  ,0,0,0,0,0,0,0,0,0,21000,0,0,0,21000,0,21000,21000
061412,儒鴻群益9A購01  ,0,0,0,0,0,0,0,0,0,21000,0,0,0,29000,8000,21000,21000
061701,友達國票9B購02  ,0,0,0,0,0,0,0,0,0,21000,0,0,0,21000,0,21000,21000
062804,玉晶光統一9C購04,0,0,0,0,0,0,0,0,0,21000,0,0,0,46000,25000,21000,21000
062744,超眾國泰9C購01  ,0,0,0,0,0,0,0,0,0,21000,0,0,0,21000,0,21000,21000
062538,台積電國泰9C購02,0,0,0,0,0,0,0,0,0,21000,0,0,0,22000,1000,21000,21000
062913,創意元大9B購02  ,0,0,0,0,0,0,0,0,0,21000,0,0,0,21000,0,21000,21000
063081,技嘉凱基9B購02  ,0,0,0,0,0,0,0,0,0,21000,0,0,0,88000,67000,21000,21000
063031,鴻海凱基9C購01  ,0,0,0,0,0,0,0,0,0,21000,0,0,0,22000,1000,21000,21000
063411,和潤國票9C購01  ,0,0,0,0,0,0,0,0,0,21000,0,0,0,21000,0,21000,21000
063232,裕隆元大9B購01  ,0,0,0,0,0,0,0,0,0,21000,0,0,0,28000,7000,21000,21000
8104,錸寶            ,75000,54000,21000,0,0,0,0,0,0,0,0,0,0,0,0,0,21000
07795P,美律國票9A售03  ,0,0,0,0,0,0,0,0,0,20000,0,0,0,20000,0,20000,20000
07316P,長榮航康和99售01,0,0,0,0,0,0,0,0,0,20000,0,0,0,20000,0,20000,20000
07311P,台灣50元大99售09,0,0,0,0,0,0,0,0,0,20000,0,0,0,20000,0,20000,20000
07379P,大立光元大99售30,0,0,0,0,0,0,0,0,0,20000,0,0,0,20000,0,20000,20000
07669P,華新科元大9A售14,0,0,0,0,0,0,0,0,0,20000,0,0,0,80000,60000,20000,20000
07705P,台積電元大9A售26,0,0,0,0,0,0,0,0,0,20000,0,0,0,45000,25000,20000,20000
07571P,台灣50元大9A售14,0,0,0,0,0,0,0,0,0,20000,0,0,0,20000,0,20000,20000
08289P,智邦統一9C售01  ,0,0,0,0,0,0,0,0,0,20000,0,0,0,75000,55000,20000,20000
08292P,華新科台新9C售01,0,0,0,0,0,0,0,0,0,20000,0,0,0,20000,0,20000,20000
08304P,大立光中信02售01,0,0,0,0,0,0,0,0,0,20000,0,0,0,87000,67000,20000,20000
064010,GIS凱基02購01   ,0,0,0,0,0,0,0,0,0,20000,0,0,0,40000,20000,20000,20000
06376P,上銀統一99售01  ,0,0,0,0,0,0,0,0,0,20000,0,0,0,25000,5000,20000,20000
063869,玉晶光永豐9C購01,0,0,0,0,0,0,0,0,0,20000,0,0,0,20000,0,20000,20000
063897,神達群益9C購01  ,0,0,0,0,0,0,0,0,0,20000,0,0,0,20000,0,20000,20000
063919,大立光元富03購01,0,0,0,0,0,0,0,0,0,20000,0,0,0,37000,17000,20000,20000
06436P,台光電國票98售04,0,0,0,0,0,0,0,0,0,20000,0,0,0,20000,0,20000,20000
064329,國巨元大01購03  ,0,0,0,0,0,0,0,0,0,20000,0,0,0,30000,10000,20000,20000
064283,奇鋐元大9C購02  ,0,0,0,0,0,0,0,0,0,20000,0,0,0,20000,0,20000,20000
06806P,臺股指群益98售12,0,0,0,0,0,0,0,0,0,20000,0,0,0,30000,10000,20000,20000
06754P,台積電永豐98售03,0,0,0,0,0,0,0,0,0,20000,0,0,0,35000,15000,20000,20000
06685P,鴻海國泰9A售01  ,0,0,0,0,0,0,0,0,0,20000,0,0,0,20000,0,20000,20000
060449,元金2X元大9A購02,0,0,0,0,0,0,0,0,0,20000,0,0,0,60000,40000,20000,20000
060382,儒鴻凱基9A購01  ,0,0,0,0,0,0,0,0,0,20000,0,0,0,20000,0,20000,20000
056937,智原元富98購01  ,0,0,0,0,0,0,0,0,0,20000,0,0,0,40000,20000,20000,20000
056996,矽力日盛99購01  ,0,0,0,0,0,0,0,0,0,20000,0,0,0,90000,70000,20000,20000
056290,正文永豐98購01  ,0,0,0,0,0,0,0,0,0,20000,0,0,0,20000,0,20000,20000
056407,嘉晶國票99購01  ,0,0,0,0,0,0,0,0,0,20000,0,0,0,20000,0,20000,20000
056591,S&P正2元富9A購01,0,0,0,0,0,0,0,0,0,20000,0,0,0,20000,0,20000,20000
056094,大立光元富97購03,0,0,0,0,0,0,0,0,0,20000,0,0,0,21000,1000,20000,20000
05610P,國巨群益98售01  ,0,0,0,0,0,0,0,0,0,20000,0,0,0,20000,0,20000,20000
055188,亞翔統一97購01  ,0,0,0,0,0,0,0,0,0,20000,0,0,0,20000,0,20000,20000
055353,華新科凱基98購03,0,0,0,0,0,0,0,0,0,20000,0,0,0,20000,0,20000,20000
055342,鴻海凱基97購04  ,0,0,0,0,0,0,0,0,0,20000,0,0,0,20000,0,20000,20000
054934,金寶元大97購01  ,0,0,0,0,0,0,0,0,0,20000,0,0,0,20000,0,20000,20000
054925,神達凱基97購01  ,0,0,0,0,0,0,0,0,0,20000,0,0,0,20000,0,20000,20000
055599,TPK元大97購01   ,0,0,0,0,0,0,0,0,0,20000,0,0,0,60000,40000,20000,20000
055566,台表科凱基97購03,0,0,0,0,0,0,0,0,0,20000,0,0,0,20000,0,20000,20000
056809,旺宏統一98購03  ,0,0,0,0,0,0,0,0,0,20000,0,0,0,20000,0,20000,20000
055782,新日興凱基99購01,0,0,0,0,0,0,0,0,0,20000,0,0,0,22000,2000,20000,20000
055700,緯穎國泰98購02  ,0,0,0,0,0,0,0,0,0,20000,0,0,0,24000,4000,20000,20000
056847,佐登元富98購01  ,0,0,0,0,0,0,0,0,0,20000,0,0,0,20000,0,20000,20000
055855,牧德元大99購02  ,0,0,0,0,0,0,0,0,0,20000,0,0,0,20000,0,20000,20000
056009,奇力新中信98購03,0,0,0,0,0,0,0,0,0,20000,0,0,0,20000,0,20000,20000
054768,泰碩國票99購02  ,0,0,0,0,0,0,0,0,0,20000,0,0,0,20000,0,20000,20000
054876,群電群益97購02  ,0,0,0,0,0,0,0,0,0,20000,0,0,0,20000,0,20000,20000
053173,矽格群益97購01  ,0,0,0,0,0,0,0,0,0,20000,0,0,0,20000,0,20000,20000
053059,聯發科永昌99購01,0,0,0,0,0,0,0,0,0,20000,0,0,0,20000,0,20000,20000
052402,健策凱基97購01  ,0,0,0,0,0,0,0,0,0,20000,0,0,0,20000,0,20000,20000
052785,滬深2X中信99購03,0,0,0,0,0,0,0,0,0,20000,0,0,0,20000,0,20000,20000
052328,台表科中信99購01,0,0,0,0,0,0,0,0,0,20000,0,0,0,20000,0,20000,20000
053439,台積電凱基96購11,0,0,0,0,0,0,0,0,0,20000,0,0,0,116000,96000,20000,20000
053405,台達電兆豐96購01,0,0,0,0,0,0,0,0,0,20000,0,0,0,20000,0,20000,20000
053784,奇力新元大97購02,0,0,0,0,0,0,0,0,0,20000,0,0,0,20000,0,20000,20000
053947,義隆富邦97購01  ,0,0,0,0,0,0,0,0,0,20000,0,0,0,20000,0,20000,20000
053977,新日興元大96購03,0,0,0,0,0,0,0,0,0,20000,0,0,0,20000,0,20000,20000
054318,台虹凱基98購01  ,0,0,0,0,0,0,0,0,0,20000,0,0,0,20000,0,20000,20000
053388,群創元大9C購02  ,0,0,0,0,0,0,0,0,0,20000,0,0,0,20000,0,20000,20000
054555,欣興凱基98購01  ,0,0,0,0,0,0,0,0,0,20000,0,0,0,20000,0,20000,20000
054591,GIS國泰98購01   ,0,0,0,0,0,0,0,0,0,20000,0,0,0,20000,0,20000,20000
047213,新日興富邦97購01,0,0,0,0,0,0,0,0,0,20000,0,0,0,20000,0,20000,20000
047780,友達中信96購01  ,0,0,0,0,0,0,0,0,0,20000,0,0,0,20000,0,20000,20000
052092,貿聯元大96購02  ,0,0,0,0,0,0,0,0,0,20000,0,0,0,20000,0,20000,20000
03422B,臺股指凱基96熊28,0,0,0,0,0,0,0,0,0,20000,0,0,0,30000,10000,20000,20000
04293P,滬深2X元大96售02,0,0,0,0,0,0,0,0,0,20000,0,0,0,20000,0,20000,20000
049670,鈺齊國泰96購01  ,0,0,0,0,0,0,0,0,0,20000,0,0,0,20000,0,20000,20000
050797,聯發科中信99購01,0,0,0,0,0,0,0,0,0,20000,0,0,0,20000,0,20000,20000
050188,貿聯元大96購01  ,0,0,0,0,0,0,0,0,0,20000,0,0,0,20000,0,20000,20000
006206,元大上證50      ,8000,169000,-161000,0,0,0,0,0,0,181000,0,0,0,720000,539000,181000,20000
00711B,FH彭博新興債    ,0,0,0,0,0,0,0,0,0,20000,0,0,0,205000,185000,20000,20000
058268,泰碩永豐9A購01  ,0,0,0,0,0,0,0,0,0,20000,0,0,0,20000,0,20000,20000
058444,國巨富邦9B購01  ,0,0,0,0,0,0,0,0,0,20000,0,0,0,20000,0,20000,20000
058403,玉晶光元大99購12,0,0,0,0,0,0,0,0,0,20000,0,0,0,20000,0,20000,20000
059974,臺指反元大9C購05,0,0,0,0,0,0,0,0,0,20000,0,0,0,20000,0,20000,20000
058939,台積電中信9B購01,0,0,0,0,0,0,0,0,0,20000,0,0,0,40000,20000,20000,20000
059472,T50正2群益99購01,0,0,0,0,0,0,0,0,0,20000,0,0,0,20000,0,20000,20000
059502,台灣50台新9B購04,0,0,0,0,0,0,0,0,0,20000,0,0,0,20000,0,20000,20000
060107,旭富元大99購03  ,0,0,0,0,0,0,0,0,0,20000,0,0,0,20000,0,20000,20000
057803,上銀元大98購08  ,0,0,0,0,0,0,0,0,0,20000,0,0,0,20000,0,20000,20000
057809,英業達元大98購01,0,0,0,0,0,0,0,0,0,20000,0,0,0,30000,10000,20000,20000
057540,緯穎日盛99購01  ,0,0,0,0,0,0,0,0,0,20000,0,0,0,30000,10000,20000,20000
058697,亞德客元大99購01,0,0,0,0,0,0,0,0,0,20000,0,0,0,20000,0,20000,20000
057684,聯茂日盛99購01  ,0,0,0,0,0,0,0,0,0,20000,0,0,0,60000,40000,20000,20000
057252,牧德元富98購01  ,0,0,0,0,0,0,0,0,0,20000,0,0,0,20000,0,20000,20000
060637,玉晶光永豐9A購03,0,0,0,0,0,0,0,0,0,20000,0,0,0,20000,0,20000,20000
058111,健鼎元富98購01  ,0,0,0,0,0,0,0,0,0,20000,0,0,0,20000,0,20000,20000
058116,正崴中信99購02  ,0,0,0,0,0,0,0,0,0,20000,0,0,0,20000,0,20000,20000
061178,晶技凱基9B購01  ,0,0,0,0,0,0,0,0,0,20000,0,0,0,20000,0,20000,20000
060813,高鐵凱基9A購01  ,0,0,0,0,0,0,0,0,0,20000,0,0,0,20000,0,20000,20000
060809,康友群益9A購01  ,0,0,0,0,0,0,0,0,0,20000,0,0,0,82000,62000,20000,20000
060800,華新科第一9A購01,0,0,0,0,0,0,0,0,0,20000,0,0,0,60000,40000,20000,20000
060723,致新永豐9A購01  ,0,0,0,0,0,0,0,0,0,20000,0,0,0,22000,2000,20000,20000
060665,康控凱基9A購01  ,0,0,0,0,0,0,0,0,0,20000,0,0,0,20000,0,20000,20000
058203,信邦凱基99購01  ,0,0,0,0,0,0,0,0,0,20000,0,0,0,40000,20000,20000,20000
057070,美律永豐98購02  ,0,0,0,0,0,0,0,0,0,20000,0,0,0,20000,0,20000,20000
057230,建準凱基98購02  ,0,0,0,0,0,0,0,0,0,20000,0,0,0,20000,0,20000,20000
057152,緯穎國票99購03  ,0,0,0,0,0,0,0,0,0,20000,0,0,0,20000,0,20000,20000
057938,台表科群益98購02,0,0,0,0,0,0,0,0,0,20000,0,0,0,20000,0,20000,20000
057943,可成國票99購03  ,0,0,0,0,0,0,0,0,0,20000,0,0,0,39000,19000,20000,20000
059649,矽力凱基99購02  ,0,0,0,0,0,0,0,0,0,20000,0,0,0,20000,0,20000,20000
059654,T50反1元大99購09,0,0,0,0,0,0,0,0,0,20000,0,0,0,60000,40000,20000,20000
059708,立積凱基9A購02  ,0,0,0,0,0,0,0,0,0,20000,0,0,0,20000,0,20000,20000
063439,正隆統一01購01  ,0,0,0,0,0,0,0,0,0,20000,0,0,0,20000,0,20000,20000
063483,致新元大9B購03  ,0,1000,-1000,0,0,0,0,0,0,21000,0,0,0,206000,185000,21000,20000
06333P,臺股指群益9C售02,0,0,0,0,0,0,0,0,0,20000,0,0,0,40000,20000,20000,20000
06371P,茂林國票98售04  ,0,0,0,0,0,0,0,0,0,20000,0,0,0,20000,0,20000,20000
063711,高鐵凱基9B購01  ,0,0,0,0,0,0,0,0,0,20000,0,0,0,20000,0,20000,20000
063636,聯發科元大9B購26,0,0,0,0,0,0,0,0,0,20000,0,0,0,128000,108000,20000,20000
062956,同欣電永豐9B購02,0,0,0,0,0,0,0,0,0,20000,0,0,0,30000,10000,20000,20000
062551,緯穎永豐9B購02  ,0,0,0,0,0,0,0,0,0,20000,0,0,0,20000,0,20000,20000
061667,友達中信9A購02  ,0,0,0,0,0,0,0,0,0,20000,0,0,0,20000,0,20000,20000
061621,健策群益9A購05  ,0,0,0,0,0,0,0,0,0,20000,0,0,0,24000,4000,20000,20000
061454,國巨凱基9A購16  ,0,0,0,0,0,0,0,0,0,20000,0,0,0,30000,10000,20000,20000
060910,聯發科元大9A購05,0,0,0,0,0,0,0,0,0,20000,0,0,0,20000,0,20000,20000
061008,群創兆豐9A購02  ,0,0,0,0,0,0,0,0,0,20000,0,0,0,20000,0,20000,20000
061010,上銀麥證9A購02  ,0,0,0,26000,6000,20000,0,0,0,20000,0,0,0,26000,6000,20000,20000
061354,瑞儀元大9A購01  ,0,0,0,0,0,0,0,0,0,20000,0,0,0,20000,0,20000,20000
062147,大毅國票9B購02  ,0,0,0,0,0,0,0,0,0,20000,0,0,0,31000,11000,20000,20000
062114,GIS國票9C購01   ,0,0,0,0,0,0,0,0,0,20000,0,0,0,20000,0,20000,20000
061909,台積電中信05購02,0,0,0,0,0,0,0,0,0,20000,0,0,0,20000,0,20000,20000
061927,玉晶光凱基9C購01,0,0,0,0,0,0,0,0,0,20000,0,0,0,20000,0,20000,20000
061875,華新科元大9B購03,0,0,0,0,0,0,0,0,0,20000,0,0,0,20000,0,20000,20000
06187P,國巨統一97售05  ,0,0,0,0,0,0,0,0,0,20000,0,0,0,40000,20000,20000,20000
062470,智邦凱基9C購01  ,0,0,0,0,0,0,0,0,0,20000,0,0,0,52000,32000,20000,20000
062467,國巨凱基9B購08  ,0,0,0,0,0,0,0,0,0,20000,0,0,0,20000,0,20000,20000
062342,上証2X群益01購03,0,0,0,0,0,0,0,0,0,20000,0,0,0,20000,0,20000,20000
062316,康控凱基9B購03  ,0,0,0,0,0,0,0,0,0,20000,0,0,0,20000,0,20000,20000
4108,懷特            ,83000,63000,20000,0,0,0,0,0,0,0,0,0,0,0,0,0,20000
06439P,上銀凱基98售02  ,0,0,0,0,0,0,0,0,0,19000,0,0,0,19000,0,19000,19000
063963,鴻海國票01購01  ,0,0,0,0,0,0,0,0,0,19000,0,0,0,19000,0,19000,19000
08332P,智邦台新9C售03  ,0,0,0,0,0,0,0,0,0,19000,0,0,0,28000,9000,19000,19000
07730P,臺股指凱基9A售22,0,0,0,0,0,0,0,0,0,19000,0,0,0,19000,0,19000,19000
08016P,臺股指凱基02售02,0,0,0,0,0,0,0,0,0,19000,0,0,0,30000,11000,19000,19000
051218,聯發科元富9B購02,0,0,0,0,0,0,0,0,0,19000,0,0,0,319000,300000,19000,19000
035275,台積電台新97購01,0,0,0,0,0,0,0,0,0,19000,0,0,0,21000,2000,19000,19000
052388,旺宏群益96購05  ,0,0,0,0,0,0,0,0,0,19000,0,0,0,19000,0,19000,19000
055974,上銀統一97購05  ,0,0,0,0,0,0,0,0,0,19000,0,0,0,19000,0,19000,19000
056279,新日興富邦99購01,0,0,0,0,0,0,0,0,0,19000,0,0,0,20000,1000,19000,19000
057011,日月光中信99購01,0,0,0,0,0,0,0,0,0,19000,0,0,0,19000,0,19000,19000
056519,創意國票99購01  ,0,0,0,0,0,0,0,0,0,19000,0,0,0,30000,11000,19000,19000
056438,旺宏凱基98購05  ,0,0,0,0,0,0,0,0,0,19000,0,0,0,60000,41000,19000,19000
056301,開發金元大9A購01,0,0,0,0,0,0,0,0,0,19000,0,0,0,121000,102000,19000,19000
060459,鴻海元大9A購07  ,0,0,0,0,0,0,0,0,0,19000,0,0,0,19000,0,19000,19000
059007,南電元大99購05  ,0,0,0,0,0,0,0,0,0,19000,0,0,0,43000,24000,19000,19000
057102,亞光中信9A購01  ,0,0,0,0,0,0,0,0,0,19000,0,0,0,39000,20000,19000,19000
059109,台積電富邦9C購03,0,0,0,0,0,0,0,0,0,19000,0,0,0,20000,1000,19000,19000
059084,鴻海元大99購24  ,0,0,0,0,0,0,0,0,0,19000,0,0,0,36000,17000,19000,19000
058159,健策台新9A購01  ,0,0,0,0,0,0,0,0,0,19000,0,0,0,51000,32000,19000,19000
059155,台表科日盛99購01,0,0,0,0,0,0,0,0,0,19000,0,0,0,30000,11000,19000,19000
060650,奇力新中信9A購01,0,0,0,0,0,0,0,0,0,19000,0,0,0,19000,0,19000,19000
060651,瑞儀中信9B購01  ,0,0,0,0,0,0,0,0,0,19000,0,0,0,127000,108000,19000,19000
060570,南亞科永豐9A購01,0,0,0,0,0,0,0,0,0,19000,0,0,0,24000,5000,19000,19000
057721,華擎元富98購02  ,0,0,0,0,0,0,0,0,0,19000,0,0,0,176000,157000,19000,19000
057544,鴻海凱基02購01  ,0,0,0,0,0,0,0,0,0,19000,0,0,0,19000,0,19000,19000
057573,京鼎永豐98購02  ,0,0,0,0,0,0,0,0,0,19000,0,0,0,20000,1000,19000,19000
06214P,國巨國票98售04  ,0,0,0,0,0,0,0,0,0,19000,0,0,0,68000,49000,19000,19000
062135,國巨群益9B購05  ,0,0,0,0,0,0,0,0,0,19000,0,0,0,19000,0,19000,19000
062063,世紀鋼統一9C購01,0,0,0,0,0,0,0,0,0,19000,0,0,0,54000,35000,19000,19000
061210,玉山金元大9A購02,0,0,0,0,0,0,0,0,0,19000,0,0,0,125000,106000,19000,19000
060896,晶技凱基9A購02  ,0,0,0,0,0,0,0,0,0,19000,0,0,0,70000,51000,19000,19000
061776,晶技國票9B購01  ,0,0,0,0,0,0,0,0,0,19000,0,0,0,31000,12000,19000,19000
062723,聯發科凱基9B購09,0,0,0,0,0,0,0,0,0,19000,0,0,0,19000,0,19000,19000
062918,祥碩元大9C購02  ,0,0,0,0,0,0,0,0,0,19000,0,0,0,37000,18000,19000,19000
6235,華孚            ,112000,92000,20000,0,0,0,0,0,0,-1000,0,1000,-1000,0,0,0,19000
07373P,A50正2元大99售01,0,0,0,0,0,0,0,0,0,18000,0,0,0,18000,0,18000,18000
08312P,旺宏國票01售01  ,0,0,0,0,0,0,0,0,0,18000,0,0,0,18000,0,18000,18000
064249,聯發科元富06購01,0,0,0,0,0,0,0,0,0,18000,0,0,0,95000,77000,18000,18000
064130,創意元大9C購02  ,0,0,0,0,0,0,0,0,0,18000,0,0,0,121000,103000,18000,18000
060409,味全永豐9A購01  ,0,0,0,0,0,0,0,0,0,18000,0,0,0,18000,0,18000,18000
060253,昇陽半元大9C購01,0,0,0,0,0,0,0,0,0,18000,0,0,0,76000,58000,18000,18000
056454,欣興凱基98購02  ,0,0,0,0,0,0,0,0,0,18000,0,0,0,111000,93000,18000,18000
055902,同欣電中信99購01,0,0,0,0,0,0,0,0,0,18000,0,0,0,1716000,1698000,18000,18000
056876,群創凱基98購11  ,0,0,0,0,0,0,0,0,0,18000,0,0,0,18000,0,18000,18000
055776,宏達電凱基98購02,0,0,0,0,0,0,0,0,0,18000,0,0,0,20000,2000,18000,18000
056813,聯茂統一99購01  ,0,0,0,0,0,0,0,0,0,18000,0,0,0,75000,57000,18000,18000
055806,致新永豐97購02  ,0,0,0,0,0,0,0,0,0,18000,0,0,0,18000,0,18000,18000
055525,國巨群益98購05  ,0,0,0,0,0,0,0,0,0,18000,0,0,0,18000,0,18000,18000
055027,牧德國泰99購01  ,0,0,0,0,0,0,0,0,0,18000,0,0,0,18000,0,18000,18000
053662,矽力凱基97購01  ,0,0,0,0,0,0,0,0,0,18000,0,0,0,18000,0,18000,18000
053027,玉晶光富邦98購01,0,0,0,0,0,0,0,0,0,18000,0,0,0,18000,0,18000,18000
035277,景碩台新97購01  ,0,0,0,0,0,0,0,0,0,18000,0,0,0,18000,0,18000,18000
044864,道瓊反國票96購01,0,0,0,0,0,0,0,0,0,18000,0,0,0,18000,0,18000,18000
0053,元大電子        ,0,2000,-2000,0,0,0,0,0,0,20000,0,0,0,24000,4000,20000,18000
059870,全新凱基99購05  ,0,0,0,0,0,0,0,0,0,18000,0,0,0,48000,30000,18000,18000
058588,致茂中信9B購01  ,0,0,0,0,0,0,0,0,0,18000,0,0,0,233000,215000,18000,18000
059997,華航元富99購01  ,0,0,0,0,0,0,0,0,0,18000,0,0,0,18000,0,18000,18000
058387,國巨國票9A購03  ,0,0,0,0,0,0,0,0,0,18000,0,0,0,26000,8000,18000,18000
058248,聯茂元大99購05  ,0,0,0,0,0,0,0,0,0,18000,0,0,0,80000,62000,18000,18000
058874,聯鈞國票9A購01  ,0,0,0,0,0,0,0,0,0,18000,0,0,0,22000,4000,18000,18000
060564,南亞科富邦9C購01,0,0,0,0,0,0,0,0,0,18000,0,0,0,18000,0,18000,18000
058131,義隆元大99購02  ,0,0,0,0,0,0,0,0,0,18000,0,0,0,18000,0,18000,18000
057084,立積統一9B購01  ,0,0,0,0,0,0,0,0,0,18000,0,0,0,50000,32000,18000,18000
06284P,台積電國票98售03,0,0,0,0,0,0,0,0,0,18000,0,0,0,18000,0,18000,18000
062943,世芯凱基9B購03  ,0,0,0,0,0,0,0,0,0,18000,0,0,0,21000,3000,18000,18000
063118,中鋼元大9C購01  ,0,0,0,0,0,0,0,0,0,18000,0,0,0,18000,0,18000,18000
062645,國巨國泰9B購08  ,0,0,0,0,0,0,0,0,0,18000,0,0,0,21000,3000,18000,18000
062635,創意國票9B購01  ,0,0,0,0,0,0,0,0,0,18000,0,0,0,27000,9000,18000,18000
063627,上銀元大9B購09  ,0,0,0,0,0,0,0,0,0,18000,0,0,0,19000,1000,18000,18000
063546,國巨兆豐9C購03  ,0,0,0,0,0,0,0,0,0,18000,0,0,0,53000,35000,18000,18000
063511,南電群益9B購02  ,0,0,0,0,0,0,0,0,0,18000,0,0,0,82000,64000,18000,18000
063750,和鑫國票9B購01  ,0,0,0,0,0,0,0,0,0,18000,0,0,0,19000,1000,18000,18000
063681,深中小永豐9B購01,0,0,0,0,0,0,0,0,0,18000,0,0,0,64000,46000,18000,18000
061501,嘉澤國票9A購01  ,0,0,0,0,0,0,0,0,0,18000,0,0,0,33000,15000,18000,18000
061572,奇力新元大9A購04,0,0,0,0,0,0,0,0,0,18000,0,0,0,18000,0,18000,18000
060913,宏達電元大9A購03,0,0,0,0,0,0,0,0,0,18000,0,0,0,68000,50000,18000,18000
061816,長榮航群益9B購02,0,0,0,0,0,0,0,0,0,18000,0,0,0,30000,12000,18000,18000
062233,神隆凱基9B購01  ,0,0,0,0,0,0,0,0,0,18000,0,0,0,153000,135000,18000,18000
064201,新光金兆豐9C購01,0,0,0,0,0,0,0,0,0,17000,0,0,0,17000,0,17000,17000
064390,台塑永豐9C購01  ,0,0,0,0,0,0,0,0,0,17000,0,0,0,17000,0,17000,17000
063993,華通群益01購01  ,0,0,0,0,0,0,0,0,0,17000,0,0,0,17000,0,17000,17000
064085,儒鴻凱基9C購02  ,0,0,0,0,0,0,0,0,0,17000,0,0,0,42000,25000,17000,17000
06583P,可成凱基98售07  ,0,0,0,0,0,0,0,0,0,17000,0,0,0,40000,23000,17000,17000
08325P,臺股指凱基9C售08,0,0,0,0,0,0,0,0,0,17000,0,0,0,40000,23000,17000,17000
08002P,大毅國票9B售03  ,0,0,0,0,0,0,0,0,0,17000,0,0,0,117000,100000,17000,17000
07785P,鴻海中信04售03  ,0,0,0,0,0,0,0,0,0,17000,0,0,0,20000,3000,17000,17000
03013X,元展13          ,0,0,0,0,0,0,0,0,0,17000,0,0,0,19000,2000,17000,17000
00652,富邦印度        ,46000,5000,41000,0,0,0,0,0,0,-24000,0,0,0,89000,113000,-24000,17000
050142,聯發科元富9A購01,0,0,0,0,0,0,0,0,0,17000,0,0,0,17000,0,17000,17000
051431,群創元富99購02  ,0,0,0,0,0,0,0,0,0,17000,0,0,0,172000,155000,17000,17000
056843,冠德元富98購01  ,0,0,0,0,0,0,0,0,0,17000,0,0,0,22000,5000,17000,17000
056002,嘉晶永豐97購01  ,0,0,0,0,0,0,0,0,0,17000,0,0,0,50000,33000,17000,17000
056503,楠梓電永豐98購01,0,0,0,0,0,0,0,0,0,17000,0,0,0,64000,47000,17000,17000
057583,啟碁中信9A購01  ,0,0,0,0,0,0,0,0,0,17000,0,0,0,23000,6000,17000,17000
059025,台灣50台新9B購02,0,0,0,0,0,0,0,0,0,17000,0,0,0,17000,0,17000,17000
059788,華新科元大9A購05,0,0,0,0,0,0,0,0,0,17000,0,0,0,17000,0,17000,17000
059946,健策永豐99購05  ,0,0,0,0,0,0,0,0,0,17000,0,0,0,17000,0,17000,17000
057704,台虹群益98購03  ,0,0,0,0,0,0,0,0,0,17000,0,0,0,17000,0,17000,17000
057876,隆達元大98購01  ,0,0,0,0,0,0,0,0,0,17000,0,0,0,17000,0,17000,17000
057497,祥碩元大98購06  ,0,0,0,0,0,0,0,0,0,17000,0,0,0,17000,0,17000,17000
061916,元金2X凱基02購01,0,0,0,0,0,0,0,0,0,17000,0,0,0,17000,0,17000,17000
061973,上銀元大9B購01  ,0,0,0,0,0,0,0,0,0,17000,0,0,0,30000,13000,17000,17000
061579,京鼎元大9A購02  ,0,0,0,0,0,0,0,0,0,17000,0,0,0,41000,24000,17000,17000
06179P,國巨群益97售04  ,0,0,0,0,0,0,0,0,0,17000,0,0,0,37000,20000,17000,17000
063595,燿華中信9B購02  ,0,0,0,0,0,0,0,0,0,17000,0,0,0,305000,288000,17000,17000
062622,南電元大9B購03  ,0,0,0,0,0,0,0,0,0,17000,0,0,0,171000,154000,17000,17000
062548,智易永豐9B購01  ,0,0,0,0,0,0,0,0,0,17000,0,0,0,17000,0,17000,17000
063066,同欣電麥證9B購01,0,0,0,105000,88000,17000,0,0,0,17000,0,0,0,105000,88000,17000,17000
07807P,聯茂永豐9A售02  ,0,0,0,0,0,0,0,0,0,16000,0,0,0,60000,44000,16000,16000
07100P,華航元大99售01  ,0,0,0,0,0,0,0,0,0,16000,0,0,0,39000,23000,16000,16000
063848,大立光元大9C購09,0,0,0,0,0,0,0,0,0,16000,0,0,0,16000,0,16000,16000
057030,滬深反元大9B購01,0,0,0,0,0,0,0,0,0,16000,0,0,0,16000,0,16000,16000
056334,台積電凱基98購06,0,0,0,0,0,0,0,0,0,16000,0,0,0,32000,16000,16000,16000
060300,佐登國泰9B購01  ,0,0,0,0,0,0,0,0,0,16000,0,0,0,21000,5000,16000,16000
060314,元翎永豐9A購01  ,0,0,0,0,0,0,0,0,0,16000,0,0,0,30000,14000,16000,16000
060340,國巨統一01購02  ,0,0,0,0,0,0,0,0,0,16000,0,0,0,16000,0,16000,16000
056245,嘉澤群益97購01  ,0,0,0,0,0,0,0,0,0,16000,0,0,0,16000,0,16000,16000
055084,國巨第一97購01  ,0,0,0,0,0,0,0,0,0,16000,0,0,0,16000,0,16000,16000
055561,奇鋐凱基97購01  ,0,0,0,0,0,0,0,0,0,16000,0,0,0,40000,24000,16000,16000
054470,緯穎國票97購04  ,0,0,0,0,0,0,0,0,0,16000,0,0,0,16000,0,16000,16000
054673,京鼎國泰98購01  ,0,0,0,0,0,0,0,0,0,16000,0,0,0,16000,0,16000,16000
051078,力山富邦97購01  ,0,0,0,0,0,0,0,0,0,16000,0,0,0,16000,0,16000,16000
042793,台積電台新9C購01,0,0,0,0,0,0,0,0,0,16000,0,0,0,18000,2000,16000,16000
03425B,臺股指元大9A熊01,0,0,0,0,0,0,0,0,0,16000,0,0,0,20000,4000,16000,16000
055222,臺股指凱基97購05,0,0,0,0,0,0,0,0,0,16000,0,0,0,16000,0,16000,16000
052413,上証反中信97購01,0,0,0,0,0,0,0,0,0,16000,0,0,0,16000,0,16000,16000
054210,台光電國票97購03,0,0,0,0,0,0,0,0,0,16000,0,0,0,16000,0,16000,16000
057799,世紀鋼兆豐98購01,0,0,0,0,0,0,0,0,0,16000,0,0,0,38000,22000,16000,16000
059832,超眾康和99購01  ,0,0,0,0,0,0,0,0,0,16000,0,0,0,16000,0,16000,16000
058897,國巨元大99購17  ,0,0,0,0,0,0,0,0,0,16000,0,0,0,57000,41000,16000,16000
058930,華新科統一9B購01,0,0,0,0,0,0,0,0,0,16000,0,0,0,76000,60000,16000,16000
057216,聯發科群益99購01,0,0,0,0,0,0,0,0,0,16000,0,0,0,16000,0,16000,16000
057223,富邦金日盛99購01,0,0,0,0,0,0,0,0,0,16000,0,0,0,16000,0,16000,16000
057051,群創元大9B購03  ,0,0,0,0,0,0,0,0,0,16000,0,0,0,16000,0,16000,16000
059149,臺股指國票99購12,0,0,0,0,0,0,0,0,0,16000,0,0,0,16000,0,16000,16000
060616,宏碁元大9A購02  ,0,0,0,0,0,0,0,0,0,16000,0,0,0,130000,114000,16000,16000
057288,聯茂元大98購03  ,0,0,0,0,0,0,0,0,0,16000,0,0,0,26000,10000,16000,16000
062952,台積電永豐9B購02,0,0,0,0,0,0,0,0,0,16000,0,0,0,56000,40000,16000,16000
062977,健策元富9B購01  ,0,0,0,0,0,0,0,0,0,16000,0,0,0,16000,0,16000,16000
062514,玉晶光國票9C購02,0,0,0,0,0,0,0,0,0,16000,0,0,0,49000,33000,16000,16000
062628,廣達國票9B購01  ,0,0,0,0,0,0,0,0,0,16000,0,0,0,58000,42000,16000,16000
062815,聯發科兆豐9B購03,0,0,0,0,0,0,0,0,0,16000,0,0,0,40000,24000,16000,16000
063376,神達永豐9B購01  ,0,0,0,0,0,0,0,0,0,16000,0,0,0,33000,17000,16000,16000
061772,健策元大9B購06  ,0,0,0,0,0,0,0,0,0,16000,0,0,0,127000,111000,16000,16000
061716,瑞儀凱基9B購01  ,0,0,0,0,0,0,0,0,0,16000,0,0,0,20000,4000,16000,16000
06145P,華新科永豐97售02,0,0,0,0,0,0,0,0,0,16000,0,0,0,27000,11000,16000,16000
062140,元金2X國票9B購03,0,0,0,0,0,0,0,0,0,16000,0,0,0,26000,10000,16000,16000
062288,南六群益9B購01  ,0,0,0,0,0,0,0,0,0,16000,0,0,0,16000,0,16000,16000
062354,台達電元大9B購01,0,0,0,0,0,0,0,0,0,16000,0,0,0,77000,61000,16000,16000
062365,台光電元大9B購03,0,0,0,0,0,0,0,0,0,16000,0,0,0,97000,81000,16000,16000
3406,玉晶光          ,1111000,742000,369000,0,0,0,43000,0,43000,-396000,36000,348000,-312000,23000,107000,-84000,16000
063909,旺宏凱基02購01  ,0,0,0,0,0,0,0,0,0,15000,0,0,0,15000,0,15000,15000
063843,台積電元大9C購03,0,0,0,0,0,0,0,0,0,15000,0,0,0,15000,0,15000,15000
063949,大立光元大9C購10,0,0,0,0,0,0,0,0,0,15000,0,0,0,15000,0,15000,15000
064285,貿聯元大9C購02  ,0,0,0,0,0,0,0,0,0,15000,0,0,0,15000,0,15000,15000
064103,大立光群益9C購03,0,0,0,0,0,0,0,0,0,15000,0,0,0,211000,196000,15000,15000
07046P,大立光富邦9C售03,0,0,0,0,0,0,0,0,0,15000,0,0,0,15000,0,15000,15000
07871P,台積電群益9C售02,0,0,0,0,0,0,0,0,0,15000,0,0,0,25000,10000,15000,15000
07392P,台積電國泰02售01,0,0,0,0,0,0,0,0,0,15000,0,0,0,30000,15000,15000,15000
054057,晶豪科國票97購01,0,0,0,0,0,0,0,0,0,15000,0,0,0,15000,0,15000,15000
052367,聯茂國票96購02  ,0,0,0,0,0,0,0,0,0,15000,0,0,0,15000,0,15000,15000
052316,台積電元大96購10,0,0,0,0,0,0,0,0,0,15000,0,0,0,15000,0,15000,15000
052777,燿華國票98購01  ,0,0,0,0,0,0,0,0,0,15000,0,0,0,35000,20000,15000,15000
054043,漢唐元大97購01  ,0,0,0,0,0,0,0,0,0,15000,0,0,0,15000,0,15000,15000
053677,同欣電國泰97購01,0,0,0,0,0,0,0,0,0,15000,0,0,0,18000,3000,15000,15000
055254,聯詠統一97購03  ,0,0,0,0,0,0,0,0,0,15000,0,0,0,15000,0,15000,15000
053194,緯穎統一99購01  ,0,0,0,0,0,0,0,0,0,15000,0,0,0,15000,0,15000,15000
051939,同欣電群益97購01,0,0,0,0,0,0,0,0,0,15000,0,0,0,20000,5000,15000,15000
054408,義隆國票98購01  ,0,0,0,0,0,0,0,0,0,15000,0,0,0,15000,0,15000,15000
055578,群創統一98購03  ,0,0,0,0,0,0,0,0,0,15000,0,0,0,15000,0,15000,15000
056749,滬深2X兆豐99購01,0,0,0,0,0,0,0,0,0,15000,0,0,0,15000,0,15000,15000
054960,新日興元大97購02,0,0,0,0,0,0,0,0,0,15000,0,0,0,15000,0,15000,15000
056092,亞德客元富97購02,0,0,0,0,0,0,0,0,0,15000,0,0,0,16000,1000,15000,15000
056390,台積電富邦9B購01,0,0,0,0,0,0,0,0,0,15000,0,0,0,85000,70000,15000,15000
056395,玉晶光永豐9B購01,0,0,0,0,0,0,0,0,0,15000,0,0,0,30000,15000,15000,15000
056501,貿聯富邦99購01  ,0,0,0,0,0,0,0,0,0,15000,0,0,0,15000,0,15000,15000
059256,臺股指凱基99購34,0,0,0,0,0,0,0,0,0,15000,0,0,0,15000,0,15000,15000
059218,台積電元大99購31,0,0,0,0,0,0,0,0,0,15000,0,0,0,15000,0,15000,15000
060815,茂林凱基9B購01  ,0,0,0,0,0,0,0,0,0,15000,0,0,0,15000,0,15000,15000
060848,聯茂國票9A購02  ,0,0,0,0,0,0,0,0,0,15000,0,0,0,15000,0,15000,15000
061142,南電統一9A購01  ,0,0,0,0,0,0,0,0,0,15000,0,0,0,185000,170000,15000,15000
059129,麗豐中信99購01  ,0,0,0,0,0,0,0,0,0,15000,0,0,0,25000,10000,15000,15000
058996,台達電元大99購02,0,0,0,0,0,0,0,0,0,15000,0,0,0,16000,1000,15000,15000
057956,全新元大99購04  ,0,0,0,0,0,0,0,0,0,15000,0,0,0,15000,0,15000,15000
060128,健策永豐99購06  ,0,0,0,0,0,0,0,0,0,15000,0,0,0,89000,74000,15000,15000
058942,南茂中信99購01  ,0,0,0,0,0,0,0,0,0,15000,0,0,0,111000,96000,15000,15000
059355,國巨富邦9B購03  ,0,0,0,0,0,0,0,0,0,15000,0,0,0,15000,0,15000,15000
058364,奇力新凱基99購04,0,0,0,0,0,0,0,0,0,15000,0,0,0,15000,0,15000,15000
060017,全新康和99購01  ,0,0,0,0,0,0,0,0,0,15000,0,0,0,24000,9000,15000,15000
060025,台積電富邦9C購06,0,0,0,0,0,0,0,0,0,15000,0,0,0,15000,0,15000,15000
058855,台積電兆豐99購02,0,0,0,0,0,0,0,0,0,15000,0,0,0,15000,0,15000,15000
057751,神達國票99購02  ,0,0,0,0,0,0,0,0,0,15000,0,0,0,15000,0,15000,15000
059951,台塑康和99購01  ,0,0,0,0,0,0,0,0,0,15000,0,0,0,15000,0,15000,15000
059934,華通永豐99購02  ,0,0,0,0,0,0,0,0,0,15000,0,0,0,15000,0,15000,15000
059909,鴻海元大99購36  ,0,0,0,0,0,0,0,0,0,15000,0,0,0,71000,56000,15000,15000
057334,技嘉國票98購02  ,0,0,0,0,0,0,0,0,0,15000,0,0,0,63000,48000,15000,15000
062481,同欣電國票9B購01,0,1000,-1000,0,0,0,0,0,0,16000,0,0,0,18000,2000,16000,15000
062045,崇越凱基9B購01  ,0,0,0,0,0,0,0,0,0,15000,0,0,0,25000,10000,15000,15000
061970,大立光統一9C購03,0,0,0,0,0,0,0,0,0,15000,0,0,0,15000,0,15000,15000
061887,祥碩國泰9C購01  ,0,0,0,0,0,0,0,0,0,15000,0,0,0,15000,0,15000,15000
061874,義隆元大9B購02  ,0,0,0,0,0,0,0,0,0,15000,0,0,0,15000,0,15000,15000
061473,台積電元大9A購33,0,0,0,0,0,0,0,0,0,15000,0,0,0,15000,0,15000,15000
061751,華通台新9B購01  ,0,0,0,0,0,0,0,0,0,15000,0,0,0,15000,0,15000,15000
060638,玉晶光永豐9A購04,0,0,0,0,0,0,0,0,0,15000,0,0,0,15000,0,15000,15000
060992,健策元大9A購05  ,0,0,0,0,0,0,0,0,0,15000,0,0,0,18000,3000,15000,15000
061209,聯發科元大9A購10,0,0,0,0,0,0,0,0,0,15000,0,0,0,26000,11000,15000,15000
060962,義隆凱基9B購01  ,0,0,0,0,0,0,0,0,0,15000,0,0,0,343000,328000,15000,15000
061294,奇力新麥證9A購01,0,0,0,15000,0,15000,0,0,0,15000,0,0,0,15000,0,15000,15000
061307,和潤永豐9A購02  ,0,0,0,0,0,0,0,0,0,15000,0,0,0,28000,13000,15000,15000
063467,大立光元大9C購06,0,0,0,0,0,0,0,0,0,15000,0,0,0,50000,35000,15000,15000
063460,智邦元大9B購08  ,0,0,0,0,0,0,0,0,0,15000,0,0,0,158000,143000,15000,15000
063740,矽格元大9B購03  ,0,0,0,0,0,0,0,0,0,15000,0,0,0,20000,5000,15000,15000
062646,聯發科國泰01購02,0,0,0,0,0,0,0,0,0,15000,0,0,0,25000,10000,15000,15000
062594,祥碩統一01購02  ,0,0,0,0,0,0,0,0,0,15000,0,0,0,325000,310000,15000,15000
063007,儒鴻元大9B購01  ,0,0,0,0,0,0,0,0,0,15000,0,0,0,38000,23000,15000,15000
063068,聯發科國泰01購03,0,0,0,0,0,0,0,0,0,15000,0,0,0,20000,5000,15000,15000
063070,奇力新富邦01購01,0,0,0,0,0,0,0,0,0,15000,0,0,0,15000,0,15000,15000
2887E,台新戊特        ,0,0,0,0,0,0,0,0,0,15000,15000,0,15000,0,0,0,15000
07633P,台灣50元大9A售18,0,0,0,0,0,0,0,0,0,14000,0,0,0,15000,1000,14000,14000
07091P,SGBR2X凱基9A售02,0,0,0,0,0,0,0,0,0,14000,0,0,0,16000,2000,14000,14000
06710P,臺股指台新99售07,0,0,0,0,0,0,0,0,0,14000,0,0,0,14000,0,14000,14000
064132,神達元大9C購02  ,0,0,0,0,0,0,0,0,0,14000,0,0,0,46000,32000,14000,14000
064319,南電群益9C購01  ,0,0,0,0,0,0,0,0,0,14000,0,0,0,122000,108000,14000,14000
063908,國巨凱基9C購06  ,0,0,0,0,0,0,0,0,0,14000,0,0,0,74000,60000,14000,14000
060295,貿聯元大9A購03  ,0,0,0,0,0,0,0,0,0,14000,0,0,0,24000,10000,14000,14000
060251,易華電元大9C購01,0,0,0,0,0,0,0,0,0,14000,0,0,0,155000,141000,14000,14000
055626,力山永豐97購01  ,0,0,0,0,0,0,0,0,0,14000,0,0,0,24000,10000,14000,14000
054432,台積電台新96購05,0,0,0,0,0,0,0,0,0,14000,0,0,0,14000,0,14000,14000
054374,信邦中信96購01  ,0,0,0,0,0,0,0,0,0,14000,0,0,0,14000,0,14000,14000
00675L,富邦臺灣加權正2 ,83000,114000,-31000,0,0,0,0,0,0,45000,0,0,0,136000,91000,45000,14000
00733,富邦臺灣中小    ,0,0,0,0,0,0,0,0,0,14000,0,0,0,221000,207000,14000,14000
00645,富邦日本        ,0,0,0,0,0,0,0,0,0,14000,0,0,0,262000,248000,14000,14000
052806,玉晶光元大98購04,0,0,0,0,0,0,0,0,0,14000,0,0,0,14000,0,14000,14000
055327,致新國票98購01  ,0,0,0,0,0,0,0,0,0,14000,0,0,0,14000,0,14000,14000
055311,健策群益98購02  ,0,0,0,0,0,0,0,0,0,14000,0,0,0,79000,65000,14000,14000
052488,旺宏國票96購03  ,0,0,0,0,0,0,0,0,0,14000,0,0,0,60000,46000,14000,14000
052585,友達永豐97購01  ,0,0,0,0,0,0,0,0,0,14000,0,0,0,14000,0,14000,14000
058705,長榮航元大99購01,0,0,0,0,0,0,0,0,0,14000,0,0,0,14000,0,14000,14000
058719,智邦元富99購01  ,0,0,0,0,0,0,0,0,0,14000,0,0,0,34000,20000,14000,14000
057461,國巨永豐98購07  ,0,0,0,0,0,0,0,0,0,14000,0,0,0,14000,0,14000,14000
057547,技嘉凱基99購01  ,0,0,0,0,0,0,0,0,0,14000,0,0,0,16000,2000,14000,14000
057856,聯鈞國票99購03  ,0,0,0,0,0,0,0,0,0,14000,0,0,0,14000,0,14000,14000
059918,華新科元大99購20,0,0,0,0,0,0,0,0,0,14000,0,0,0,14000,0,14000,14000
058826,台積電永豐99購02,0,0,0,0,0,0,0,0,0,14000,0,0,0,14000,0,14000,14000
058008,禾伸堂國票99購02,0,0,0,0,0,0,0,0,0,14000,0,0,0,49000,35000,14000,14000
059498,滬深2X元富9C購06,0,0,0,0,0,0,0,0,0,14000,0,0,0,14000,0,14000,14000
059453,奇力新永豐99購01,0,0,0,0,0,0,0,0,0,14000,0,0,0,14000,0,14000,14000
059456,智易永豐99購01  ,0,0,0,0,0,0,0,0,0,14000,0,0,0,14000,0,14000,14000
059732,超眾元大9A購01  ,0,0,0,0,0,0,0,0,0,14000,0,0,0,14000,0,14000,14000
058999,台積電元大99購24,0,0,0,0,0,0,0,0,0,14000,0,0,0,50000,36000,14000,14000
057144,南電兆豐98購01  ,0,0,0,0,0,0,0,0,0,14000,0,0,0,14000,0,14000,14000
061181,牧德凱基9A購01  ,0,0,0,0,0,0,0,0,0,14000,0,0,0,34000,20000,14000,14000
060878,奇力新中信9C購01,0,0,0,0,0,0,0,0,0,14000,0,0,0,14000,0,14000,14000
063017,台光電元大9B購07,0,0,0,0,0,0,0,0,0,14000,0,0,0,55000,41000,14000,14000
063141,聯發科統一9C購10,0,0,0,0,0,0,0,0,0,14000,0,0,0,41000,27000,14000,14000
062926,嘉澤國票9B購01  ,0,0,0,0,0,0,0,0,0,14000,0,0,0,53000,39000,14000,14000
062537,聯電國泰9C購01  ,0,0,0,0,0,0,0,0,0,14000,0,0,0,14000,0,14000,14000
063542,泰鼎元富9B購02  ,0,0,0,0,0,0,0,0,0,14000,0,0,0,14000,0,14000,14000
063211,道瓊銀國票9B購01,0,0,0,0,0,0,0,0,0,14000,0,0,0,14000,0,14000,14000
063264,健策永豐9B購07  ,0,0,0,0,0,0,0,0,0,14000,0,0,0,15000,1000,14000,14000
061628,緯穎群益9A購04  ,0,0,0,0,0,0,0,0,0,14000,0,0,0,40000,26000,14000,14000
061507,南電國票9A購05  ,0,0,0,0,0,0,0,0,0,14000,0,0,0,31000,17000,14000,14000
061849,國巨國票9B購08  ,0,0,0,0,0,0,0,0,0,14000,0,0,0,14000,0,14000,14000
062205,奇力新國票9C購01,0,0,0,0,0,0,0,0,0,14000,0,0,0,14000,0,14000,14000
064083,群創中信06購01  ,0,0,0,0,0,0,0,0,0,13000,0,0,0,28000,15000,13000,13000
064136,致新元大9C購01  ,0,0,0,0,0,0,0,0,0,13000,0,0,0,137000,124000,13000,13000
064117,中興電元大9C購01,0,0,0,0,0,0,0,0,0,13000,0,0,0,13000,0,13000,13000
08115P,聯發科凱基9B售13,0,0,0,0,0,0,0,0,0,13000,0,0,0,45000,32000,13000,13000
08150P,立積國票9C售01  ,0,0,0,0,0,0,0,0,0,13000,0,0,0,23000,10000,13000,13000
052476,台光電群益98購01,0,0,0,0,0,0,0,0,0,13000,0,0,0,14000,1000,13000,13000
053522,臺股指群益99購01,0,0,0,0,0,0,0,0,0,13000,0,0,0,13000,0,13000,13000
05468P,鴻海元大96售14  ,0,0,0,0,0,0,0,0,0,13000,0,0,0,13000,0,13000,13000
054882,台光電統一97購02,0,0,0,0,0,0,0,0,0,13000,0,0,0,13000,0,13000,13000
055265,玉晶光永豐98購03,0,0,0,0,0,0,0,0,0,13000,0,0,0,63000,50000,13000,13000
055230,大毅國票98購01  ,0,0,0,0,0,0,0,0,0,13000,0,0,0,13000,0,13000,13000
055221,矽創凱基97購02  ,0,0,0,0,0,0,0,0,0,13000,0,0,0,23000,10000,13000,13000
006203,元大MSCI台灣    ,0,0,0,0,0,0,0,0,0,13000,0,0,0,20000,7000,13000,13000
054523,GIS元大96購05   ,0,0,0,0,0,0,0,0,0,13000,0,0,0,13000,0,13000,13000
046159,群創群益98購04  ,0,0,0,0,0,0,0,0,0,13000,0,0,0,13000,0,13000,13000
055589,台光電元大98購04,0,0,0,0,0,0,0,0,0,13000,0,0,0,35000,22000,13000,13000
055923,矽力凱基98購01  ,0,0,0,0,0,0,0,0,0,13000,0,0,0,53000,40000,13000,13000
056573,華新科元大99購06,0,0,0,0,0,0,0,0,0,13000,0,0,0,23000,10000,13000,13000
056366,玉晶光元大99購04,0,0,0,0,0,0,0,0,0,13000,0,0,0,22000,9000,13000,13000
056354,國巨元大98購10  ,0,0,0,0,0,0,0,0,0,13000,0,0,0,16000,3000,13000,13000
057004,滬深反中信9A購01,0,0,0,0,0,0,0,0,0,13000,0,0,0,13000,0,13000,13000
056963,建準永豐98購01  ,0,0,0,0,0,0,0,0,0,13000,0,0,0,23000,10000,13000,13000
057299,立積永豐98購02  ,0,0,0,0,0,0,0,0,0,13000,0,0,0,16000,3000,13000,13000
059080,亞泥元大99購01  ,0,0,0,0,0,0,0,0,0,13000,0,0,0,69000,56000,13000,13000
059091,中信金元大99購01,0,0,0,0,0,0,0,0,0,13000,0,0,0,13000,0,13000,13000
060169,群電永豐9A購01  ,0,0,0,0,0,0,0,0,0,13000,0,0,0,18000,5000,13000,13000
058005,茂林群益98購04  ,0,0,0,0,0,0,0,0,0,13000,0,0,0,13000,0,13000,13000
059628,智邦凱基99購04  ,0,0,0,0,0,0,0,0,0,13000,0,0,0,13000,0,13000,13000
059339,上銀凱基99購06  ,0,0,0,0,0,0,0,0,0,13000,0,0,0,13000,0,13000,13000
060060,台積電兆豐99購05,0,0,0,0,0,0,0,0,0,13000,0,0,0,13000,0,13000,13000
058622,國巨國票99購07  ,0,0,0,0,0,0,0,0,0,13000,0,0,0,26000,13000,13000,13000
058604,華邦電元大99購03,0,0,0,0,0,0,0,0,0,13000,0,0,0,13000,0,13000,13000
057857,牧德國票99購01  ,0,0,0,0,0,0,0,0,0,13000,0,0,0,13000,0,13000,13000
057428,正崴兆豐98購01  ,0,0,0,0,0,0,0,0,0,13000,0,0,0,23000,10000,13000,13000
062182,華新科元大9B購07,0,0,0,0,0,0,0,0,0,13000,0,0,0,13000,0,13000,13000
062303,台表科中信01購01,0,0,0,0,0,0,0,0,0,13000,0,0,0,33000,20000,13000,13000
061813,鴻海群益9B購02  ,0,0,0,0,0,0,0,0,0,13000,0,0,0,13000,0,13000,13000
061204,國巨元大9A購16  ,0,0,0,0,0,0,0,0,0,13000,0,0,0,13000,0,13000,13000
061255,道瓊反凱基9C購01,0,0,0,0,0,0,0,0,0,13000,0,0,0,16000,3000,13000,13000
063281,京元電元大9B購01,0,0,0,0,0,0,0,0,0,13000,0,0,0,70000,57000,13000,13000
063225,茂林群益9B購04  ,0,0,0,0,0,0,0,0,0,13000,0,0,0,13000,0,13000,13000
063408,茂林國票9C購02  ,0,0,0,0,0,0,0,0,0,13000,0,0,0,13000,0,13000,13000
062684,華新科統一01購02,0,0,0,0,0,0,0,0,0,13000,0,0,0,124000,111000,13000,13000
063058,A50正2元富02購01,0,0,0,0,0,0,0,0,0,13000,0,0,0,13000,0,13000,13000
07820P,臺股指國票9A售11,0,0,0,0,0,0,0,0,0,12000,0,0,0,50000,38000,12000,12000
064262,玉晶光永豐9C購03,0,0,0,0,0,0,0,0,0,12000,0,0,0,13000,1000,12000,12000
064398,聚陽凱基01購01  ,0,0,0,0,0,0,0,0,0,12000,0,0,0,22000,10000,12000,12000
064003,台積電凱基01購03,0,0,0,0,0,0,0,0,0,12000,0,0,0,26000,14000,12000,12000
063927,奇力新統一02購01,0,0,0,0,0,0,0,0,0,12000,0,0,0,12000,0,12000,12000
06636P,可成凱基98售08  ,0,0,0,0,0,0,0,0,0,12000,0,0,0,12000,0,12000,12000
064510,GIS元大01購01   ,0,0,0,0,0,0,0,0,0,12000,0,0,0,12000,0,12000,12000
056934,國巨元富98購04  ,0,0,0,0,0,0,0,0,0,12000,0,0,0,12000,0,12000,12000
056192,智邦富邦98購01  ,0,0,0,0,0,0,0,0,0,12000,0,0,0,12000,0,12000,12000
056162,祥碩凱基97購03  ,0,0,0,0,0,0,0,0,0,12000,0,0,0,12000,0,12000,12000
060350,元黃金元富9B購01,0,0,0,0,0,0,0,0,0,12000,0,0,0,12000,0,12000,12000
060501,鴻海元大9A購13  ,0,0,0,0,0,0,0,0,0,12000,0,0,0,12000,0,12000,12000
046061,中石化凱基98購01,0,0,0,0,0,0,0,0,0,12000,0,0,0,50000,38000,12000,12000
054344,景碩國票97購04  ,0,0,0,0,0,0,0,0,0,12000,0,0,0,12000,0,12000,12000
054347,上緯控國票96購02,0,0,0,0,0,0,0,0,0,12000,0,0,0,12000,0,12000,12000
054316,矽創凱基97購01  ,0,0,0,0,0,0,0,0,0,12000,0,0,0,60000,48000,12000,12000
050758,聯發科元富9B購01,0,0,0,0,0,0,0,0,0,12000,0,0,0,17000,5000,12000,12000
050786,健策國泰96購01  ,0,0,0,0,0,0,0,0,0,12000,0,0,0,12000,0,12000,12000
054893,帆宣統一99購01  ,0,0,0,0,0,0,0,0,0,12000,0,0,0,111000,99000,12000,12000
056641,華通凱基98購03  ,0,0,0,0,0,0,0,0,0,12000,0,0,0,29000,17000,12000,12000
056646,奇鋐凱基99購02  ,0,0,0,0,0,0,0,0,0,12000,0,0,0,12000,0,12000,12000
053660,群創凱基98購08  ,0,0,0,0,0,0,0,0,0,12000,0,0,0,12000,0,12000,12000
053971,聯發科元大97購09,0,0,0,0,0,0,0,0,0,12000,0,0,0,16000,4000,12000,12000
052748,群創元大9A購02  ,0,0,0,0,0,0,0,0,0,12000,0,0,0,12000,0,12000,12000
054208,台積電國票97購07,0,0,0,0,0,0,0,0,0,12000,0,0,0,12000,0,12000,12000
057448,致茂元富98購01  ,0,0,0,0,0,0,0,0,0,12000,0,0,0,12000,0,12000,12000
057493,聯詠元大98購02  ,0,0,0,0,0,0,0,0,0,12000,0,0,0,12000,0,12000,12000
059869,友達凱基99購07  ,0,0,0,0,0,0,0,0,0,12000,0,0,0,22000,10000,12000,12000
058684,健策凱基99購02  ,0,0,0,0,0,0,0,0,0,12000,0,0,0,42000,30000,12000,12000
060057,欣興凱基9B購01  ,0,0,0,0,0,0,0,0,0,12000,0,0,0,12000,0,12000,12000
058550,南亞科永豐99購01,0,0,0,0,0,0,0,0,0,12000,0,0,0,12000,0,12000,12000
058516,健鼎元大99購02  ,0,0,0,0,0,0,0,0,0,12000,0,0,0,50000,38000,12000,12000
058775,台積電國票9A購02,0,0,0,0,0,0,0,0,0,12000,0,0,0,16000,4000,12000,12000
058319,大毅永豐9A購01  ,0,0,0,0,0,0,0,0,0,12000,0,0,0,24000,12000,12000,12000
059650,緯穎凱基99購04  ,0,0,0,0,0,0,0,0,0,12000,0,0,0,12000,0,12000,12000
059747,台達電台新99購01,0,0,0,0,0,0,0,0,0,12000,0,0,0,12000,0,12000,12000
060145,牧德國票9A購02  ,0,0,0,0,0,0,0,0,0,12000,0,0,0,12000,0,12000,12000
057204,利勤元富98購01  ,0,0,0,0,0,0,0,0,0,12000,0,0,0,12000,0,12000,12000
059123,訊芯永豐99購03  ,0,0,0,0,0,0,0,0,0,12000,0,0,0,12000,0,12000,12000
06018P,康控凱基96售03  ,0,0,0,0,0,0,0,0,0,12000,0,0,0,12000,0,12000,12000
058080,台積電群益98購06,0,0,0,0,0,0,0,0,0,12000,0,0,0,17000,5000,12000,12000
060631,微星富邦9B購01  ,0,0,0,0,0,0,0,0,0,12000,0,0,0,42000,30000,12000,12000
059199,欣興永豐99購02  ,0,0,0,0,0,0,0,0,0,12000,0,0,0,49000,37000,12000,12000
061091,奇力新統一9C購02,0,0,0,0,0,0,0,0,0,12000,0,0,0,22000,10000,12000,12000
061149,華通群益9A購05  ,0,0,0,0,0,0,0,0,0,12000,0,0,0,12000,0,12000,12000
060782,道瓊指富邦9C購01,0,0,0,0,0,0,0,0,0,12000,0,0,0,12000,0,12000,12000
062972,京元電元富9B購01,0,0,0,0,0,0,0,0,0,12000,0,0,0,115000,103000,12000,12000
062751,華擎中信9C購01  ,0,0,0,0,0,0,0,0,0,12000,0,0,0,361000,349000,12000,12000
062700,台光電元大9B購05,0,0,0,0,0,0,0,0,0,12000,0,0,0,17000,5000,12000,12000
063396,金像電群益9C購01,0,0,0,0,0,0,0,0,0,12000,0,0,0,104000,92000,12000,12000
063385,可成中信9C購01  ,0,0,0,0,0,0,0,0,0,12000,0,0,0,33000,21000,12000,12000
063529,聯茂凱基9B購02  ,0,0,0,0,0,0,0,0,0,12000,0,0,0,30000,18000,12000,12000
061277,智邦台新9A購01  ,0,0,0,0,0,0,0,0,0,12000,0,0,0,22000,10000,12000,12000
061643,嘉澤元大9A購05  ,0,0,0,0,0,0,0,0,0,12000,0,0,0,26000,14000,12000,12000
061654,旺宏國票9A購02  ,0,0,0,0,0,0,0,0,0,12000,0,0,0,12000,0,12000,12000
061934,台積電國票9B購06,0,0,0,0,0,0,0,0,0,12000,0,0,0,187000,175000,12000,12000
061984,華新科元大9B購05,0,0,0,0,0,0,0,0,0,12000,0,0,0,12000,0,12000,12000
062213,和大統一9B購02  ,0,0,0,0,0,0,0,0,0,12000,0,0,0,178000,166000,12000,12000
910861,神州-DR         ,13000,1000,12000,0,0,0,0,0,0,0,0,0,0,0,0,0,12000
06935P,神達元大98售02  ,0,0,0,0,0,0,0,0,0,11000,0,0,0,115000,104000,11000,11000
063988,華通永豐9C購01  ,0,0,0,0,0,0,0,0,0,11000,0,0,0,11000,0,11000,11000
064090,祥碩凱基9C購03  ,0,0,0,0,0,0,0,0,0,11000,0,0,0,31000,20000,11000,11000
064141,國巨統一01購08  ,0,0,0,0,0,0,0,0,0,11000,0,0,0,18000,7000,11000,11000
08104P,晶技元大9B售06  ,0,0,0,0,0,0,0,0,0,11000,0,0,0,42000,31000,11000,11000
08040P,臺股指群益9B售13,0,0,0,0,0,0,0,0,0,11000,0,0,0,30000,19000,11000,11000
1541,錩泰            ,14000,13000,1000,0,0,0,0,0,0,10000,10000,0,10000,0,0,0,11000
052561,矽創國票97購01  ,0,0,0,0,0,0,0,0,0,11000,0,0,0,110000,99000,11000,11000
053997,健策群益97購02  ,0,0,0,0,0,0,0,0,0,11000,0,0,0,21000,10000,11000,11000
053646,臺股指國票96購09,0,0,0,0,0,0,0,0,0,11000,0,0,0,11000,0,11000,11000
056704,健策國泰99購01  ,0,0,0,0,0,0,0,0,0,11000,0,0,0,11000,0,11000,11000
052888,台表科中信9A購01,0,0,0,0,0,0,0,0,0,11000,0,0,0,11000,0,11000,11000
050077,臺股指凱基99購02,0,0,0,0,0,0,0,0,0,11000,0,0,0,11000,0,11000,11000
050402,緯穎中信96購01  ,0,0,0,0,0,0,0,0,0,11000,0,0,0,19000,8000,11000,11000
042168,台灣50凱基96購01,0,0,0,0,0,0,0,0,0,11000,0,0,0,11000,0,11000,11000
045443,群創元富98購01  ,0,0,0,0,0,0,0,0,0,11000,0,0,0,11000,0,11000,11000
03675C,臺股指元大04牛02,0,0,0,0,0,0,0,0,0,11000,0,0,0,21000,10000,11000,11000
054231,國巨群益98購03  ,0,0,0,0,0,0,0,0,0,11000,0,0,0,25000,14000,11000,11000
054479,緯創中信98購01  ,0,0,0,0,0,0,0,0,0,11000,0,0,0,20000,9000,11000,11000
060487,盛群富邦9B購01  ,0,0,0,0,0,0,0,0,0,11000,0,0,0,11000,0,11000,11000
057029,緯穎凱基98購04  ,0,0,0,0,0,0,0,0,0,11000,0,0,0,11000,0,11000,11000
055821,勤誠國票98購01  ,0,0,0,0,0,0,0,0,0,11000,0,0,0,38000,27000,11000,11000
060611,同欣電凱基9A購02,0,0,0,0,0,0,0,0,0,11000,0,0,0,33000,22000,11000,11000
060600,台積電凱基9C購01,0,0,0,0,0,0,0,0,0,11000,0,0,0,11000,0,11000,11000
058096,南電元大98購04  ,0,0,0,0,0,0,0,0,0,11000,0,0,0,81000,70000,11000,11000
059990,健策元大9A購01  ,0,0,0,0,0,0,0,0,0,11000,0,0,0,15000,4000,11000,11000
058849,奇力新群益99購02,0,0,0,0,0,0,0,0,0,11000,0,0,0,18000,7000,11000,11000
058956,健策國票9A購02  ,0,0,0,0,0,0,0,0,0,11000,0,0,0,34000,23000,11000,11000
060063,可成兆豐9B購01  ,0,0,0,0,0,0,0,0,0,11000,0,0,0,26000,15000,11000,11000
059359,精元永豐99購01  ,0,0,0,0,0,0,0,0,0,11000,0,0,0,51000,40000,11000,11000
059868,台光電凱基99購03,0,0,0,0,0,0,0,0,0,11000,0,0,0,11000,0,11000,11000
058639,南電兆豐99購01  ,0,0,0,0,0,0,0,0,0,11000,0,0,0,240000,229000,11000,11000
059834,友達國泰9B購01  ,0,0,0,0,0,0,0,0,0,11000,0,0,0,11000,0,11000,11000
057462,光磊永豐98購02  ,0,0,0,0,0,0,0,0,0,11000,0,0,0,60000,49000,11000,11000
058703,台積電元大99購16,0,0,0,0,0,0,0,0,0,11000,0,0,0,14000,3000,11000,11000
057772,台積電群益99購01,0,0,0,0,0,0,0,0,0,11000,0,0,0,15000,4000,11000,11000
062453,聚陽群益9C購01  ,0,0,0,0,0,0,0,0,0,11000,0,0,0,11000,0,11000,11000
061994,瑞儀元大9B購01  ,0,0,0,0,0,0,0,0,0,11000,0,0,0,29000,18000,11000,11000
061510,嘉澤富邦9C購01  ,0,0,0,0,0,0,0,0,0,11000,0,0,0,14000,3000,11000,11000
061264,全新凱基9B購01  ,0,0,0,0,0,0,0,0,0,11000,0,0,0,11000,0,11000,11000
061337,台積電元大9A購27,0,0,0,0,0,0,0,0,0,11000,0,0,0,11000,0,11000,11000
060929,健策永豐9A購01  ,0,0,0,0,0,0,0,0,0,11000,0,0,0,38000,27000,11000,11000
061394,FBVIX統一9B購01 ,0,0,0,0,0,0,0,0,0,11000,0,0,0,11000,0,11000,11000
063602,金像電凱基9B購04,0,0,0,0,0,0,0,0,0,11000,0,0,0,41000,30000,11000,11000
063645,瑞儀元大9B購02  ,0,0,0,0,0,0,0,0,0,11000,0,0,0,25000,14000,11000,11000
063381,和潤永豐9B購01  ,0,0,0,0,0,0,0,0,0,11000,0,0,0,11000,0,11000,11000
063178,聯發科兆豐9B購04,0,0,0,0,0,0,0,0,0,11000,0,0,0,11000,0,11000,11000
062560,奇鋐凱基9B購02  ,0,0,0,0,0,0,0,0,0,11000,0,0,0,34000,23000,11000,11000
062974,奇力新元富9B購01,0,0,0,0,0,0,0,0,0,11000,0,0,0,25000,14000,11000,11000
2881B,富邦金乙特      ,0,0,0,0,0,0,0,0,0,11000,11000,0,11000,0,0,0,11000
08238P,嘉晶永豐9B售03  ,0,0,0,0,0,0,0,0,0,10000,0,0,0,10000,0,10000,10000
08239P,南六永豐9B售03  ,0,0,0,0,0,0,0,0,0,10000,0,0,0,10000,0,10000,10000
08116P,臺股指凱基9B售17,0,0,0,0,0,0,0,0,0,10000,0,0,0,10000,0,10000,10000
07812P,大立光統一9A售06,0,0,0,0,0,0,0,0,0,10000,0,0,0,10000,0,10000,10000
07781P,高鐵凱基9A售02  ,0,0,0,0,0,0,0,0,0,10000,0,0,0,210000,200000,10000,10000
07762P,聯發科永豐9A售03,0,0,0,0,0,0,0,0,0,10000,0,0,0,90000,80000,10000,10000
07900P,臺股指凱基9B售03,0,0,0,0,0,0,0,0,0,10000,0,0,0,10000,0,10000,10000
07560P,台積電國泰9B售01,0,0,0,0,0,0,0,0,0,10000,0,0,0,125000,115000,10000,10000
07553P,嘉晶元大9A售02  ,0,0,0,0,0,0,0,0,0,10000,0,0,0,71000,61000,10000,10000
07521P,台積電中信01售05,0,0,0,0,0,0,0,0,0,10000,0,0,0,10000,0,10000,10000
07493P,台灣50元大9A售10,0,0,0,0,0,0,0,0,0,10000,0,0,0,20000,10000,10000,10000
07256P,臺股指凱基99售36,0,0,0,0,0,0,0,0,0,10000,0,0,0,10000,0,10000,10000
064128,國產元大9C購01  ,0,0,0,0,0,0,0,0,0,10000,0,0,0,60000,50000,10000,10000
064089,新日興凱基02購01,0,0,0,0,0,0,0,0,0,10000,0,0,0,10000,0,10000,10000
064121,國巨元大9C購16  ,0,0,0,0,0,0,0,0,0,10000,0,0,0,10000,0,10000,10000
064203,康控兆豐9C購02  ,0,0,0,0,0,0,0,0,0,10000,0,0,0,10000,0,10000,10000
064193,華新群益9C購01  ,0,0,0,0,0,0,0,0,0,10000,0,0,0,10000,0,10000,10000
064397,旭富永豐9C購01  ,0,0,0,0,0,0,0,0,0,10000,0,0,0,10000,0,10000,10000
064354,同欣電元大9C購05,0,0,0,0,0,0,0,0,0,10000,0,0,0,59000,49000,10000,10000
064039,亞德客統一02購01,0,0,0,0,0,0,0,0,0,10000,0,0,0,20000,10000,10000,10000
063898,旭富群益9C購01  ,0,0,0,0,0,0,0,0,0,10000,0,0,0,10000,0,10000,10000
063801,GIS凱基01購01   ,0,0,0,0,0,0,0,0,0,10000,0,0,0,10000,0,10000,10000
06773P,台灣50兆豐9A售01,0,0,0,0,0,0,0,0,0,10000,0,1000,-1000,11000,0,11000,10000
07043P,國巨元大99售14  ,0,0,0,0,0,0,0,0,0,10000,0,0,0,10000,0,10000,10000
07009P,臺股指中信9B售01,0,0,0,0,0,0,0,0,0,10000,0,0,0,80000,70000,10000,10000
07218P,臺股指凱基99售31,0,0,0,0,0,0,0,0,0,10000,0,0,0,60000,50000,10000,10000
06487P,聯發科統一99售02,0,0,0,0,0,0,0,0,0,10000,0,0,0,100000,90000,10000,10000
056832,元油2X元富98購12,0,0,0,0,0,0,0,0,0,10000,0,0,0,10000,0,10000,10000
056835,聯電元富99購01  ,0,0,0,0,0,0,0,0,0,10000,0,0,0,125000,115000,10000,10000
055852,聯鈞元大98購01  ,0,0,0,0,0,0,0,0,0,10000,0,0,0,30000,20000,10000,10000
055805,矽力永豐97購01  ,0,0,0,0,0,0,0,0,0,10000,0,0,0,10000,0,10000,10000
055755,禾伸堂兆豐97購02,0,0,0,0,0,0,0,0,0,10000,0,0,0,10000,0,10000,10000
055742,健策元富97購02  ,0,0,0,0,0,0,0,0,0,10000,0,0,0,10000,0,10000,10000
055727,矽力元大97購02  ,0,0,0,0,0,0,0,0,0,10000,0,0,0,10000,0,10000,10000
056087,世芯統一97購01  ,0,0,0,0,0,0,0,0,0,10000,0,0,0,10000,0,10000,10000
056066,奇鋐元大98購02  ,0,0,0,0,0,0,0,0,0,10000,0,0,0,10000,0,10000,10000
056231,嘉聯益凱基97購02,0,0,0,0,0,0,0,0,0,10000,0,0,0,10000,0,10000,10000
055644,致茂元富97購01  ,0,0,0,0,0,0,0,0,0,10000,0,0,0,10000,0,10000,10000
055646,漢唐元富97購01  ,0,0,0,0,0,0,0,0,0,10000,0,0,0,10000,0,10000,10000
055594,華新科元大98購02,0,0,0,0,0,0,0,0,0,10000,0,0,0,10000,0,10000,10000
055623,貿聯國泰99購01  ,0,0,0,0,0,0,0,0,0,10000,0,0,0,15000,5000,10000,10000
056754,智易兆豐99購01  ,0,0,0,0,0,0,0,0,0,10000,0,0,0,20000,10000,10000,10000
055459,建準永豐97購03  ,0,0,0,0,0,0,0,0,0,10000,0,0,0,10000,0,10000,10000
055482,聚陽元大97購02  ,0,0,0,0,0,0,0,0,0,10000,0,0,0,10000,0,10000,10000
055489,瑞昱元大97購02  ,0,0,0,0,0,0,0,0,0,10000,0,0,0,10000,0,10000,10000
055490,台光電元大97購01,0,0,0,0,0,0,0,0,0,10000,0,0,0,10000,0,10000,10000
055080,正崴中信99購01  ,0,0,0,0,0,0,0,0,0,10000,0,0,0,10000,0,10000,10000
055128,致新兆豐97購01  ,0,0,0,0,0,0,0,0,0,10000,0,0,0,10000,0,10000,10000
055344,國巨凱基97購04  ,0,0,0,0,0,0,0,0,0,10000,0,0,0,10000,0,10000,10000
055450,台積電元富97購01,0,0,0,0,0,0,0,0,0,10000,0,0,0,10000,0,10000,10000
055456,上銀富邦99購01  ,0,0,0,0,0,0,0,0,0,10000,0,0,0,10000,0,10000,10000
056524,欣興中信98購02  ,0,0,0,0,0,0,0,0,0,10000,0,0,0,10000,0,10000,10000
056436,台積電凱基98購10,0,0,0,0,0,0,0,0,0,10000,0,0,0,10000,0,10000,10000
056458,日月光凱基98購02,0,0,0,0,0,0,0,0,0,10000,0,0,0,10000,0,10000,10000
056488,致新元大99購01  ,0,0,0,0,0,0,0,0,0,10000,0,0,0,60000,50000,10000,10000
056972,祥碩永豐98購02  ,0,0,0,0,0,0,0,0,0,10000,0,0,0,10000,0,10000,10000
056325,群創兆豐9A購01  ,0,0,0,0,0,0,0,0,0,10000,0,0,0,10000,0,10000,10000
056379,玉晶光元富98購01,0,0,0,0,0,0,0,0,0,10000,0,0,0,17000,7000,10000,10000
056414,國巨中信98購02  ,0,0,0,0,0,0,0,0,0,10000,0,0,0,10000,0,10000,10000
056415,聯發科中信98購04,0,0,0,0,0,0,0,0,0,10000,0,0,0,10000,0,10000,10000
056422,全新統一98購02  ,0,0,0,0,0,0,0,0,0,10000,0,0,0,10000,0,10000,10000
060521,鴻海中信01購03  ,0,0,0,0,0,0,0,0,0,10000,0,0,0,10000,0,10000,10000
060364,奇力新元富9A購01,0,0,0,0,0,0,0,0,0,10000,0,0,0,10000,0,10000,10000
056132,台光電元大97購03,0,0,0,0,0,0,0,0,0,10000,0,0,0,12000,2000,10000,10000
056193,聯發科富邦99購08,0,0,0,0,0,0,0,0,0,10000,0,0,0,10000,0,10000,10000
058572,百和凱基9A購01  ,0,0,0,0,0,0,0,0,0,10000,0,0,0,10000,0,10000,10000
060237,友達元大9A購06  ,0,0,0,0,0,0,0,0,0,10000,0,0,0,10000,0,10000,10000
054259,健策元大97購03  ,0,0,0,0,0,0,0,0,0,10000,0,0,0,10000,0,10000,10000
054311,世芯凱基96購02  ,0,0,0,0,0,0,0,0,0,10000,0,0,0,10000,0,10000,10000
054293,健策元大98購02  ,0,0,0,0,0,0,0,0,0,10000,0,0,0,10000,0,10000,10000
054307,高鐵凱基98購01  ,0,0,0,0,0,0,0,0,0,10000,0,0,0,10000,0,10000,10000
054266,緯穎元大96購07  ,0,0,0,0,0,0,0,0,0,10000,0,0,0,10000,0,10000,10000
054375,貿聯中信99購01  ,0,0,0,0,0,0,0,0,0,10000,0,0,0,10000,0,10000,10000
051843,聯發科富邦99購01,0,0,0,0,0,0,0,0,0,10000,0,0,0,10000,0,10000,10000
051902,T50反1元大97購01,0,0,0,0,0,0,0,0,0,10000,0,0,0,10000,0,10000,10000
047342,T50反1中信99購01,0,0,0,0,0,0,0,0,0,10000,0,0,0,10000,0,10000,10000
051562,玉晶光國泰97購05,0,0,0,0,0,0,0,0,0,10000,0,0,0,30000,20000,10000,10000
047885,元金2X富邦99購01,0,0,0,0,0,0,0,0,0,10000,0,0,0,10000,0,10000,10000
047990,臺指反元大96購02,0,0,0,0,0,0,0,0,0,10000,0,0,0,10000,0,10000,10000
052006,康友富邦98購01  ,0,0,0,0,0,0,0,0,0,10000,0,0,0,10000,0,10000,10000
04373P,滬深2X元大97售01,0,0,0,0,0,0,0,0,0,10000,0,0,0,10000,0,10000,10000
050099,台積電永昌96購01,0,0,0,0,0,0,0,0,0,10000,0,0,0,10000,0,10000,10000
045055,聯發科元富98購03,0,0,0,0,0,0,0,0,0,10000,0,0,0,10000,0,10000,10000
05058P,燿華國票97售01  ,0,0,0,0,0,0,0,0,0,10000,0,0,0,10000,0,10000,10000
00715L,街口布蘭特油正2 ,0,0,0,0,0,0,0,0,0,10000,0,0,0,10000,0,10000,10000
00661,元大日經225     ,0,0,0,0,0,0,0,0,0,10000,0,0,0,10000,0,10000,10000
052944,宏達電國票97購01,0,0,0,0,0,0,0,0,0,10000,0,0,0,10000,0,10000,10000
052801,友達元大9A購01  ,0,0,0,0,0,0,0,0,0,10000,0,0,0,10000,0,10000,10000
053190,聯發科統一99購01,0,0,0,0,0,0,0,0,0,10000,0,0,0,110000,100000,10000,10000
052993,欣興台新97購01  ,0,0,0,0,0,0,0,0,0,10000,0,0,0,10000,0,10000,10000
053013,台積電統一97購01,0,0,0,0,0,0,0,0,0,10000,0,0,0,10000,0,10000,10000
052969,建準群益97購01  ,0,0,0,0,0,0,0,0,0,10000,0,0,0,10000,0,10000,10000
055280,智邦元大97購01  ,0,0,0,0,0,0,0,0,0,10000,0,0,0,10000,0,10000,10000
055313,南電群益97購01  ,0,0,0,0,0,0,0,0,0,10000,0,0,0,10000,0,10000,10000
054866,宏盛群益98購01  ,0,0,0,0,0,0,0,0,0,10000,0,0,0,10000,0,10000,10000
054867,華航群益99購01  ,0,0,0,0,0,0,0,0,0,10000,0,0,0,10000,0,10000,10000
054750,聯茂凱基98購02  ,0,0,0,0,0,0,0,0,0,10000,0,0,0,12000,2000,10000,10000
054758,南亞國票9A購01  ,0,0,0,0,0,0,0,0,0,10000,0,0,0,11000,1000,10000,10000
053925,群創國票98購01  ,0,0,0,0,0,0,0,0,0,10000,0,0,0,10000,0,10000,10000
053891,欣興群益98購01  ,0,0,0,0,0,0,0,0,0,10000,0,0,0,10000,0,10000,10000
053864,義隆元大96購01  ,0,0,0,0,0,0,0,0,0,10000,0,0,0,10000,0,10000,10000
053779,台光電元大96購02,0,0,0,0,0,0,0,0,0,10000,0,0,0,10000,0,10000,10000
053759,晶相光國泰98購01,0,0,0,0,0,0,0,0,0,10000,0,0,0,10000,0,10000,10000
053854,聯茂國泰97購02  ,0,0,0,0,0,0,0,0,0,10000,0,0,0,20000,10000,10000,10000
052523,奇力新元大97購01,0,0,0,0,0,0,0,0,0,10000,0,0,0,10000,0,10000,10000
052581,訊芯元富98購01  ,0,0,0,0,0,0,0,0,0,10000,0,0,0,10000,0,10000,10000
052766,玉晶光群益9A購01,0,0,0,0,0,0,0,0,0,10000,0,0,0,22000,12000,10000,10000
052724,力成統一97購01  ,0,0,0,0,0,0,0,0,0,10000,0,0,0,10000,0,10000,10000
052624,微星亞東97購01  ,0,0,0,0,0,0,0,0,0,10000,0,0,0,10000,0,10000,10000
054211,奇鋐國票97購03  ,0,0,0,0,0,0,0,0,0,10000,0,0,0,10000,0,10000,10000
054178,中磊台新97購01  ,0,0,0,0,0,0,0,0,0,10000,0,0,0,10000,0,10000,10000
054160,華泰凱基98購01  ,0,0,0,0,0,0,0,0,0,10000,0,0,0,10000,0,10000,10000
054091,晶豪科群益96購01,0,0,0,0,0,0,0,0,0,10000,0,0,0,10000,0,10000,10000
057391,樺漢永豐98購01  ,0,0,0,0,0,0,0,0,0,10000,0,0,0,10000,0,10000,10000
057401,晶豪科群益99購01,0,0,0,0,0,0,0,0,0,10000,0,0,0,10000,0,10000,10000
057368,微星元大98購02  ,0,0,0,0,0,0,0,0,0,10000,0,0,0,10000,0,10000,10000
057557,聯茂凱基99購04  ,0,0,0,0,0,0,0,0,0,10000,0,0,0,10000,0,10000,10000
057571,泰碩永豐98購01  ,0,0,0,0,0,0,0,0,0,10000,0,0,0,43000,33000,10000,10000
057838,台郡國泰99購01  ,0,0,0,0,0,0,0,0,0,10000,0,0,0,10000,0,10000,10000
057907,台達電亞東99購01,0,0,0,0,0,0,0,0,0,10000,0,0,0,10000,0,10000,10000
057908,國泰金亞東99購01,0,0,0,0,0,0,0,0,0,10000,0,0,0,10000,0,10000,10000
059820,南亞科凱基99購07,0,0,0,0,0,0,0,0,0,10000,0,0,0,10000,0,10000,10000
059817,華通凱基99購05  ,0,0,0,0,0,0,0,0,0,10000,0,0,0,10000,0,10000,10000
058642,旺宏麥證9A購01  ,0,0,0,20000,10000,10000,0,0,0,10000,0,0,0,20000,10000,10000,10000
059864,亞德客凱基99購01,0,0,0,0,0,0,0,0,0,10000,0,0,0,10000,0,10000,10000
059874,大立光凱基99購15,0,0,0,0,0,0,0,0,0,10000,0,0,0,10000,0,10000,10000
059907,道瓊指元大99購03,0,0,0,0,0,0,0,0,0,10000,0,0,0,10000,0,10000,10000
058671,旺宏群益9A購01  ,0,0,0,0,0,0,0,0,0,10000,0,0,0,10000,0,10000,10000
058675,康控群益9B購01  ,0,0,0,0,0,0,0,0,0,10000,0,0,0,10000,0,10000,10000
057703,矽力群益98購01  ,0,0,0,0,0,0,0,0,0,10000,0,0,0,10000,0,10000,10000
057725,台達電國泰9A購01,0,0,0,0,0,0,0,0,0,10000,0,0,0,10000,0,10000,10000
059346,新日興凱基99購03,0,0,0,0,0,0,0,0,0,10000,0,0,0,10000,0,10000,10000
059324,智易元大99購04  ,0,0,0,0,0,0,0,0,0,10000,0,0,0,10000,0,10000,10000
059513,揚明光永豐99購01,0,0,0,0,0,0,0,0,0,10000,0,0,0,10000,0,10000,10000
059570,全新凱基99購04  ,0,0,0,0,0,0,0,0,0,10000,0,0,0,10000,0,10000,10000
058884,世紀鋼永豐99購02,0,0,0,0,0,0,0,0,0,10000,0,0,0,20000,10000,10000,10000
058473,上銀凱基9A購03  ,0,0,0,0,0,0,0,0,0,10000,0,0,0,10000,0,10000,10000
058815,華新科台新99購03,0,0,0,0,0,0,0,0,0,10000,0,0,0,10000,0,10000,10000
05880P,創意康和96售01  ,0,0,0,0,0,0,0,0,0,10000,0,0,0,40000,30000,10000,10000
060011,臺股指群益9C購06,0,0,0,0,0,0,0,0,0,10000,0,0,0,13000,3000,10000,10000
059965,鴻海凱基99購16  ,0,0,0,0,0,0,0,0,0,10000,0,0,0,10000,0,10000,10000
058738,FBVIX中信03購04 ,0,0,0,0,0,0,0,0,0,10000,0,0,0,12000,2000,10000,10000
058317,國巨永豐99購02  ,0,0,0,0,0,0,0,0,0,10000,0,0,0,10000,0,10000,10000
05829P,臺股指統一96售08,0,0,0,0,0,0,0,0,0,10000,0,0,0,10000,0,10000,10000
058250,台虹元大99購01  ,0,0,0,0,0,0,0,0,0,10000,0,0,0,10000,0,10000,10000
058350,T50正2凱基9B購01,0,0,0,0,0,0,0,0,0,10000,0,0,0,10000,0,10000,10000
058389,聯茂國票9A購01  ,0,0,0,0,0,0,0,0,0,10000,0,0,0,10000,0,10000,10000
058382,S&P500中信99購01,0,0,0,0,0,0,0,0,0,10000,0,0,0,20000,10000,10000,10000
057167,台積電元大99購03,0,0,0,0,0,0,0,0,0,10000,0,0,0,10000,0,10000,10000
05709P,大立光國票97售01,0,0,0,0,0,0,0,0,0,10000,0,0,0,40000,30000,10000,10000
057104,康友中信99購01  ,0,0,0,0,0,0,0,0,0,10000,0,0,0,10000,0,10000,10000
05912P,和大元大96售01  ,0,0,0,0,0,0,0,0,0,10000,0,0,0,10000,0,10000,10000
059095,訊芯元大99購01  ,0,0,0,0,0,0,0,0,0,10000,0,0,0,10000,0,10000,10000
058228,為升元大99購01  ,0,0,0,0,0,0,0,0,0,10000,0,0,0,10000,0,10000,10000
059054,國巨凱基99購11  ,0,0,0,0,0,0,0,0,0,10000,0,0,0,10000,0,10000,10000
058218,緯穎群益99購01  ,0,0,0,0,0,0,0,0,0,10000,0,0,0,10000,0,10000,10000
057052,華擎元大98購01  ,0,0,0,0,0,0,0,0,0,10000,0,0,0,10000,0,10000,10000
057221,華通國票98購03  ,0,0,0,0,0,0,0,0,0,10000,0,0,0,10000,0,10000,10000
057173,南亞科元大98購04,0,0,0,0,0,0,0,0,0,10000,0,0,0,10000,0,10000,10000
05899P,臺股指凱基96售30,0,0,0,0,0,0,0,0,0,10000,0,0,0,10000,0,10000,10000
059027,神達台新99購02  ,0,0,0,0,0,0,0,0,0,10000,0,0,0,10000,0,10000,10000
057936,健策群益99購01  ,0,0,0,0,0,0,0,0,0,10000,0,0,0,17000,7000,10000,10000
057975,台積電永豐98購05,0,0,0,0,0,0,0,0,0,10000,0,0,0,13000,3000,10000,10000
060123,光罩永豐99購02  ,0,0,0,0,0,0,0,0,0,10000,0,0,0,25000,15000,10000,10000
060125,強茂永豐99購01  ,0,0,0,0,0,0,0,0,0,10000,0,0,0,10000,0,10000,10000
059753,貿聯群益99購06  ,0,0,0,0,0,0,0,0,0,10000,0,0,0,10000,0,10000,10000
059660,華新科元大9A購04,0,0,0,0,0,0,0,0,0,10000,0,0,0,10000,0,10000,10000
059699,華通凱基99購04  ,0,0,0,0,0,0,0,0,0,10000,0,0,0,10000,0,10000,10000
059700,鴻海凱基9A購16  ,0,0,0,0,0,0,0,0,0,10000,0,0,0,15000,5000,10000,10000
060615,T50反1元大9A購07,0,0,0,0,0,0,0,0,0,10000,0,0,0,10000,0,10000,10000
057294,台灣50永豐99購01,0,0,0,0,0,0,0,0,0,10000,0,0,0,10000,0,10000,10000
059320,華新科元大99購15,0,0,0,0,0,0,0,0,0,10000,0,0,0,10000,0,10000,10000
059171,祥碩凱基99購04  ,0,0,0,0,0,0,0,0,0,10000,0,0,0,10000,0,10000,10000
059240,台積電凱基9A購09,0,0,0,0,0,0,0,0,0,10000,0,0,0,10000,0,10000,10000
059267,群創中信01購02  ,0,0,0,0,0,0,0,0,0,10000,0,0,0,10000,0,10000,10000
059159,上銀凱基99購05  ,0,0,0,0,0,0,0,0,0,10000,0,0,0,10000,0,10000,10000
058151,台積電統一9A購04,0,0,0,0,0,0,0,0,0,10000,0,0,0,10000,0,10000,10000
058143,瑞儀元大99購02  ,0,0,0,0,0,0,0,0,0,10000,0,0,0,25000,15000,10000,10000
060831,T50反1國票9B購03,0,0,0,0,0,0,0,0,0,10000,0,0,0,20000,10000,10000,10000
060787,奇力新富邦9A購01,0,0,0,0,0,0,0,0,0,10000,0,0,0,10000,0,10000,10000
060718,中磊永豐9A購01  ,0,0,0,0,0,0,0,0,0,10000,0,0,0,39000,29000,10000,10000
060713,聯詠永豐9A購01  ,0,0,0,0,0,0,0,0,0,10000,0,0,0,10000,0,10000,10000
060749,祥碩國票9A購01  ,0,0,0,0,0,0,0,0,0,10000,0,0,0,10000,0,10000,10000
060737,瑞儀統一9C購01  ,0,0,0,0,0,0,0,0,0,10000,0,0,0,10000,0,10000,10000
061143,道瓊指中信9C購04,0,0,0,0,0,0,0,0,0,10000,0,0,0,10000,0,10000,10000
061133,玉晶光第一9A購01,0,0,0,0,0,0,0,0,0,10000,0,0,0,11000,1000,10000,10000
061120,台積電永豐9A購03,0,0,0,0,0,0,0,0,0,10000,0,0,0,10000,0,10000,10000
061111,台表科元大9A購02,0,0,0,0,0,0,0,0,0,10000,0,0,0,10000,0,10000,10000
062988,儒鴻群益9B購01  ,0,0,0,0,0,0,0,0,0,10000,0,0,0,10000,0,10000,10000
062911,聯詠元大9B購03  ,0,0,0,0,0,0,0,0,0,10000,0,0,0,14000,4000,10000,10000
062900,台積電元大9B購04,0,0,0,0,0,0,0,0,0,10000,0,0,0,13000,3000,10000,10000
062901,台積電元大9B購05,0,0,0,0,0,0,0,0,0,10000,0,0,0,10000,0,10000,10000
063079,儒鴻凱基9B購01  ,0,0,0,0,0,0,0,0,0,10000,0,0,0,10000,0,10000,10000
062584,鴻海統一9C購13  ,0,0,0,0,0,0,0,0,0,10000,0,0,0,10000,0,10000,10000
062637,智易國票9B購01  ,0,0,0,0,0,0,0,0,0,10000,0,0,0,10000,0,10000,10000
062739,嘉晶國票9B購02  ,0,0,0,0,0,0,0,0,0,10000,0,0,0,17000,7000,10000,10000
063221,京元電群益9B購02,0,0,0,0,0,0,0,0,0,10000,0,0,0,10000,0,10000,10000
063218,台塑群益9B購01  ,0,0,0,0,0,0,0,0,0,10000,0,0,0,10000,0,10000,10000
063240,聯發科元大9B購17,0,0,0,0,0,0,0,0,0,10000,0,0,0,21000,11000,10000,10000
063410,南六國票9C購01  ,0,0,0,0,0,0,0,0,0,10000,0,0,0,12000,2000,10000,10000
063729,國巨元大9C購08  ,0,0,0,0,0,0,0,0,0,10000,0,0,0,19000,9000,10000,10000
061377,聯發科永豐9A購04,0,0,0,0,0,0,0,0,0,10000,0,0,0,10000,0,10000,10000
060980,台積電元大9A購21,0,0,0,0,0,0,0,0,0,10000,0,0,0,11000,1000,10000,10000
061007,聯詠兆豐9A購01  ,0,0,0,0,0,0,0,0,0,10000,0,0,0,10000,0,10000,10000
061319,聯發科凱基9A購16,0,0,0,0,0,0,0,0,0,10000,0,0,0,20000,10000,10000,10000
060961,台光電凱基9A購03,0,0,0,0,0,0,0,0,0,10000,0,0,0,32000,22000,10000,10000
061267,玉山金凱基9B購01,0,0,0,0,0,0,0,0,0,10000,0,0,0,38000,28000,10000,10000
061216,世芯元大9A購06  ,0,0,0,0,0,0,0,0,0,10000,0,0,0,10000,0,10000,10000
061480,泰碩元大9B購01  ,0,0,0,0,0,0,0,0,0,10000,0,0,0,75000,65000,10000,10000
061482,健策元大9C購01  ,0,0,0,0,0,0,0,0,0,10000,0,0,0,14000,4000,10000,10000
061426,玉晶光元大9A購15,0,0,0,0,0,0,0,0,0,10000,0,0,0,11000,1000,10000,10000
061445,道瓊指中信9A購01,0,0,0,0,0,0,0,0,0,10000,0,0,0,10000,0,10000,10000
061713,華邦電凱基9A購01,0,0,0,0,0,0,0,0,0,10000,0,0,0,10000,0,10000,10000
062020,智伸科永豐9B購01,0,0,0,0,0,0,0,0,0,10000,0,0,0,62000,52000,10000,10000
062124,大立光統一9B購09,0,0,0,0,0,0,0,0,0,10000,0,0,0,10000,0,10000,10000
062067,滬深2X元大9B購01,0,0,0,0,0,0,0,0,0,10000,0,0,0,10000,0,10000,10000
061901,柏文永豐9B購01  ,0,0,0,0,0,0,0,0,0,10000,0,0,0,51000,41000,10000,10000
061820,康控群益9B購02  ,0,0,0,0,0,0,0,0,0,10000,0,0,0,10000,0,10000,10000
062477,聯詠國票9B購01  ,0,0,0,0,0,0,0,0,0,10000,0,0,0,10000,0,10000,10000
062499,鴻海群益01購01  ,0,0,0,0,0,0,0,0,0,10000,0,0,0,17000,7000,10000,10000
062358,國巨元大9B購12  ,0,0,0,0,0,0,0,0,0,10000,0,0,0,10000,0,10000,10000
062232,聯詠麥證9C購01  ,0,0,0,10000,0,10000,0,0,0,10000,0,0,0,10000,0,10000,10000
062176,元金2X元大9B購01,0,0,0,0,0,0,0,0,0,10000,0,0,0,10000,0,10000,10000
062195,聚陽中信9C購01  ,0,0,0,0,0,0,0,0,0,10000,0,0,0,95000,85000,10000,10000
062338,鴻海麥證9B購01  ,0,0,0,13000,3000,10000,0,0,0,10000,0,0,0,13000,3000,10000,10000
2748,雲品            ,27000,17000,10000,0,0,0,0,0,0,0,0,0,0,0,0,0,10000
06700P,臺股指統一99售05,0,0,0,0,0,0,0,0,0,9000,0,0,0,9000,0,9000,9000
07183P,臺股指凱基99售25,0,0,0,0,0,0,0,0,0,9000,0,0,0,9000,0,9000,9000
06744P,嘉聯益永豐98售03,0,0,0,0,0,0,0,0,0,9000,0,0,0,100000,91000,9000,9000
063784,華通中信06購01  ,0,0,0,0,0,0,0,0,0,9000,0,0,0,19000,10000,9000,9000
064065,大立光富邦02購02,0,0,0,0,0,0,0,0,0,9000,0,0,0,10000,1000,9000,9000
064392,喬山永豐9C購01  ,0,0,0,0,0,0,0,0,0,9000,0,0,0,16000,7000,9000,9000
064364,高鐵統一9C購02  ,0,0,0,0,0,0,0,0,0,9000,0,0,0,9000,0,9000,9000
064123,台積電元大9C購09,0,0,0,0,0,0,0,0,0,9000,0,0,0,9000,0,9000,9000
064127,聯發科元大9C購06,0,0,0,0,0,0,0,0,0,9000,0,0,0,10000,1000,9000,9000
07943P,瑞昱元大9B售02  ,0,0,0,0,0,0,0,0,0,9000,0,0,0,34000,25000,9000,9000
08263P,台表科元大9C售06,0,0,0,0,0,0,0,0,0,9000,0,0,0,50000,41000,9000,9000
08186P,泰碩永豐9B售03  ,0,0,0,0,0,0,0,0,0,9000,0,0,0,120000,111000,9000,9000
2425,承啟            ,107000,98000,9000,0,0,0,0,0,0,0,0,0,0,0,0,0,9000
052662,華新科國票97購01,0,0,0,0,0,0,0,0,0,9000,0,0,0,9000,0,9000,9000
054806,台化元大9A購01  ,0,0,0,0,0,0,0,0,0,9000,0,0,0,15000,6000,9000,9000
053022,欣興國泰98購01  ,0,0,0,0,0,0,0,0,0,9000,0,0,0,10000,1000,9000,9000
053172,瑞儀群益97購01  ,0,0,0,0,0,0,0,0,0,9000,0,0,0,9000,0,9000,9000
03009X,元展09          ,0,0,0,0,0,0,0,0,0,9000,0,0,0,9000,0,9000,9000
00743,國泰中國A150    ,0,0,0,0,0,0,0,0,0,9000,0,0,0,31000,22000,9000,9000
051087,國巨元大97購01  ,0,0,0,0,0,0,0,0,0,9000,0,0,0,10000,1000,9000,9000
045054,聯發科元富98購02,0,0,0,0,0,0,0,0,0,9000,0,0,0,9000,0,9000,9000
03421B,臺股指元大99熊01,0,0,0,0,0,0,0,0,0,9000,0,0,0,9000,0,9000,9000
060413,東元永豐9A購01  ,0,0,0,0,0,0,0,0,0,9000,0,0,0,9000,0,9000,9000
060457,中橡元大9A購02  ,0,0,0,0,0,0,0,0,0,9000,0,0,0,135000,126000,9000,9000
056295,國巨元大97購16  ,0,0,0,0,0,0,0,0,0,9000,0,0,0,9000,0,9000,9000
056572,義隆元大99購01  ,0,0,0,0,0,0,0,0,0,9000,0,0,0,13000,4000,9000,9000
056745,聯茂凱基99購03  ,0,0,0,0,0,0,0,0,0,9000,0,0,0,10000,1000,9000,9000
055477,同欣電凱基98購01,0,0,0,0,0,0,0,0,0,9000,0,0,0,39000,30000,9000,9000
05625P,國巨國票97售01  ,0,0,0,0,0,0,0,0,0,9000,0,0,0,10000,1000,9000,9000
056282,S&P反1永豐97購01,0,0,0,0,0,0,0,0,0,9000,0,0,0,11000,2000,9000,9000
056910,超眾元大99購02  ,0,0,0,0,0,0,0,0,0,9000,0,0,0,14000,5000,9000,9000
06116P,臺股指日盛97售01,0,0,0,0,0,0,0,0,0,9000,0,0,0,20000,11000,9000,9000
060705,台光電富邦9B購01,0,0,0,0,0,0,0,0,0,9000,0,0,0,24000,15000,9000,9000
059177,臺股指凱基99購28,0,0,0,0,0,0,0,0,0,9000,0,0,0,12000,3000,9000,9000
059223,大立光元大99購14,0,0,0,0,0,0,0,0,0,9000,0,0,0,9000,0,9000,9000
059702,台積電凱基9A購14,0,0,0,0,0,0,0,0,0,9000,0,0,0,10000,1000,9000,9000
057214,瑞昱群益98購01  ,0,0,0,0,0,0,0,0,0,9000,0,0,0,15000,6000,9000,9000
057046,奇力新元大99購03,0,0,0,0,0,0,0,0,0,9000,0,0,0,9000,0,9000,9000
058409,鴻海兆豐99購05  ,0,0,0,0,0,0,0,0,0,9000,0,0,0,10000,1000,9000,9000
058299,同欣電凱基9A購01,0,0,0,0,0,0,0,0,0,9000,0,0,0,34000,25000,9000,9000
058484,元金2X國票04購01,0,0,0,0,0,0,0,0,0,9000,0,0,0,15000,6000,9000,9000
059354,臺指反富邦9B購01,0,0,0,0,0,0,0,0,0,9000,0,0,0,9000,0,9000,9000
05983P,聯詠國票96售02  ,0,0,0,0,0,0,0,0,0,9000,0,0,0,9000,0,9000,9000
057602,聯茂群益98購02  ,0,0,0,0,0,0,0,0,0,9000,0,0,0,10000,1000,9000,9000
057495,牧德元大99購04  ,0,0,0,0,0,0,0,0,0,9000,0,0,0,29000,20000,9000,9000
057489,奇力新元大99購06,0,0,0,0,0,0,0,0,0,9000,0,0,0,9000,0,9000,9000
057431,京鼎兆豐98購02  ,0,0,0,0,0,0,0,0,0,9000,0,0,0,10000,1000,9000,9000
062283,玉晶光群益01購01,0,0,0,0,0,0,0,0,0,9000,0,0,0,11000,2000,9000,9000
062227,南六統一01購02  ,0,0,0,0,0,0,0,0,0,9000,0,0,0,33000,24000,9000,9000
062411,玉晶光第一9B購01,0,0,0,0,0,0,0,0,0,9000,0,0,0,21000,12000,9000,9000
061945,華通群益9B購04  ,0,0,0,0,0,0,0,0,0,9000,0,0,0,9000,0,9000,9000
062069,喬山元大9B購01  ,0,0,0,0,0,0,0,0,0,9000,0,0,0,35000,26000,9000,9000
061731,旺宏統一9B購06  ,0,0,0,0,0,0,0,0,0,9000,0,0,0,11000,2000,9000,9000
061742,奇鋐凱基9B購01  ,0,0,0,0,0,0,0,0,0,9000,0,0,0,18000,9000,9000,9000
061773,和潤元大9B購01  ,0,0,0,0,0,0,0,0,0,9000,0,0,0,77000,68000,9000,9000
061786,義隆群益9B購01  ,0,0,0,0,0,0,0,0,0,9000,0,0,0,15000,6000,9000,9000
061446,鴻海中信04購01  ,0,0,0,0,0,0,0,0,0,9000,0,0,0,10000,1000,9000,9000
063767,義隆國泰02購01  ,0,0,0,0,0,0,0,0,0,9000,0,0,0,77000,68000,9000,9000
063532,GIS凱基9B購03   ,0,0,0,0,0,0,0,0,0,9000,0,0,0,10000,1000,9000,9000
063550,可成國票9C購01  ,0,0,0,0,0,0,0,0,0,9000,0,0,0,43000,34000,9000,9000
063555,SP黃豆元大9B購01,0,0,0,0,0,0,0,0,0,9000,0,0,0,9000,0,9000,9000
063180,台塑凱基9B購01  ,0,0,0,0,0,0,0,0,0,9000,0,0,0,9000,0,9000,9000
062674,百和中信03購01  ,0,0,0,0,0,0,0,0,0,9000,0,0,0,22000,13000,9000,9000
063116,大立光麥證9C購01,0,0,0,10000,1000,9000,0,0,0,9000,0,0,0,10000,1000,9000,9000
062942,嘉澤凱基9B購02  ,0,0,0,0,0,0,0,0,0,9000,0,0,0,22000,13000,9000,9000
2539,櫻花建          ,28000,18000,10000,0,0,0,0,0,0,-1000,0,1000,-1000,0,0,0,9000
3022,威強電          ,68000,59000,9000,0,0,0,0,0,0,0,0,0,0,0,0,0,9000
4999,鑫禾            ,7000,3000,4000,0,0,0,0,0,0,5000,5000,0,5000,0,0,0,9000
2002A,中鋼特          ,0,0,0,0,0,0,0,0,0,8000,8000,0,8000,0,0,0,8000
07245P,台積電凱基99售16,0,0,0,0,0,0,0,0,0,8000,0,0,0,8000,0,8000,8000
07400P,國巨凱基99售20  ,0,0,0,0,0,0,0,0,0,8000,0,0,0,8000,0,8000,8000
07641P,上銀凱基9A售05  ,0,0,0,0,0,0,0,0,0,8000,0,0,0,11000,3000,8000,8000
064345,創意元大9C購03  ,0,0,0,0,0,0,0,0,0,8000,0,0,0,8000,0,8000,8000
064255,泰碩國泰02購01  ,0,0,0,0,0,0,0,0,0,8000,0,0,0,28000,20000,8000,8000
064311,新光金群益01購02,0,0,0,0,0,0,0,0,0,8000,0,0,0,8000,0,8000,8000
063960,南電元大9C購03  ,0,0,0,0,0,0,0,0,0,8000,0,0,0,118000,110000,8000,8000
063904,大立光麥證01購01,0,0,0,28000,20000,8000,0,0,0,8000,0,0,0,28000,20000,8000,8000
07165P,臺股指群益99售16,0,0,0,0,0,0,0,0,0,8000,0,0,0,8000,0,8000,8000
064404,奇力新凱基02購01,0,0,0,0,0,0,0,0,0,8000,0,0,0,9000,1000,8000,8000
055703,緯穎富邦98購01  ,0,0,0,0,0,0,0,0,0,8000,0,0,0,28000,20000,8000,8000
055474,欣興凱基97購05  ,0,0,0,0,0,0,0,0,0,8000,0,0,0,8000,0,8000,8000
055420,欣興永豐98購01  ,0,0,0,0,0,0,0,0,0,8000,0,0,0,8000,0,8000,8000
060351,滬深2X元富9A購01,0,0,0,0,0,0,0,0,0,8000,0,0,0,29000,21000,8000,8000
05617P,大立光統一97售02,0,0,0,0,0,0,0,0,0,8000,0,0,0,8000,0,8000,8000
03046X,元展43          ,0,0,0,0,0,0,0,0,0,8000,0,0,0,8000,0,8000,8000
049485,台積電元大96購03,0,0,0,0,0,0,0,0,0,8000,0,0,0,29000,21000,8000,8000
020004,兆豐電菁英30N   ,0,0,0,0,0,0,0,0,0,8000,0,0,0,10000,2000,8000,8000
051705,富邦金群益97購01,0,0,0,0,0,0,0,0,0,8000,0,0,0,8000,0,8000,8000
054531,聯發科國泰97購02,0,0,0,0,0,0,0,0,0,8000,0,0,0,8000,0,8000,8000
057917,台積電凱基98購17,0,0,0,0,0,0,0,0,0,8000,0,0,0,10000,2000,8000,8000
057861,台積電凱基98購16,0,0,0,0,0,0,0,0,0,8000,0,0,0,28000,20000,8000,8000
057604,鴻海統一9C購01  ,0,0,0,0,0,0,0,0,0,8000,0,0,0,12000,4000,8000,8000
057619,玉晶光凱基98購02,0,0,0,0,0,0,0,0,0,8000,0,0,0,8000,0,8000,8000
057646,玉山金元大98購01,0,0,0,0,0,0,0,0,0,8000,0,0,0,21000,13000,8000,8000
059884,鴻海國票99購09  ,0,0,0,0,0,0,0,0,0,8000,0,0,0,8000,0,8000,8000
060109,茂林元大99購05  ,0,0,0,0,0,0,0,0,0,8000,0,0,0,8000,0,8000,8000
059535,玉山金凱基99購01,0,0,0,0,0,0,0,0,0,8000,0,0,0,11000,3000,8000,8000
058905,京鼎元大99購01  ,0,0,0,0,0,0,0,0,0,8000,0,0,0,45000,37000,8000,8000
057056,立積元大99購02  ,0,0,0,0,0,0,0,0,0,8000,0,0,0,15000,7000,8000,8000
058016,智邦凱基98購06  ,0,0,0,0,0,0,0,0,0,8000,0,0,0,20000,12000,8000,8000
059262,致茂中信01購01  ,0,0,0,0,0,0,0,0,0,8000,0,0,0,51000,43000,8000,8000
058139,臻鼎元大99購01  ,0,0,0,0,0,0,0,0,0,8000,0,0,0,14000,6000,8000,8000
060559,世紀鋼凱基9C購01,0,0,0,0,0,0,0,0,0,8000,0,0,0,8000,0,8000,8000
060692,鴻海麥證9A購01  ,0,0,0,8000,0,8000,0,0,0,8000,0,0,0,8000,0,8000,8000
062642,帆宣國票9B購01  ,0,0,0,0,0,0,0,0,0,8000,0,0,0,10000,2000,8000,8000
062753,台積電麥證9B購01,0,0,0,8000,0,8000,0,0,0,8000,0,0,0,8000,0,8000,8000
063415,台積電凱基03購01,0,10000,-10000,0,0,0,0,0,0,18000,0,0,0,104000,86000,18000,8000
063424,新日興凱基01購01,0,0,0,0,0,0,0,0,0,8000,0,0,0,9000,1000,8000,8000
063389,大立光兆豐9C購02,0,0,0,0,0,0,0,0,0,8000,0,0,0,8000,0,8000,8000
063613,全新群益9C購01  ,0,0,0,0,0,0,0,0,0,8000,0,0,0,60000,52000,8000,8000
063748,台積電國票9C購05,0,0,0,0,0,0,0,0,0,8000,0,0,0,25000,17000,8000,8000
061506,瑞祺國票9A購02  ,0,0,0,0,0,0,0,0,0,8000,0,0,0,39000,31000,8000,8000
061745,南電凱基9B購02  ,0,0,0,0,0,0,0,0,0,8000,0,0,0,41000,33000,8000,8000
061741,新光金凱基9B購01,0,0,0,0,0,0,0,0,0,8000,0,0,0,10000,2000,8000,8000
061759,上証反元大02購01,0,0,0,0,0,0,0,0,0,8000,0,0,0,8000,0,8000,8000
061760,臺指反元大01購06,0,0,0,0,0,0,0,0,0,8000,0,0,0,8000,0,8000,8000
062145,億光國票9B購01  ,0,0,0,0,0,0,0,0,0,8000,0,0,0,38000,30000,8000,8000
062367,禾伸堂元大9B購02,0,0,0,0,0,0,0,0,0,8000,0,0,0,8000,0,8000,8000
062337,台表科統一01購01,0,0,0,0,0,0,0,0,0,8000,0,0,0,388000,380000,8000,8000
8422,可寧衛          ,10000,25000,-15000,0,0,0,23000,0,23000,0,0,0,0,0,0,0,8000
6591,動力-KY         ,34000,26000,8000,0,0,0,0,0,0,0,2000,2000,0,0,0,0,8000
064403,正崴凱基01購01  ,0,0,0,0,0,0,0,0,0,7000,0,0,0,7000,0,7000,7000
06964P,臺股指凱基9B售01,0,0,0,0,0,0,0,0,0,7000,0,0,0,10000,3000,7000,7000
063911,大立光凱基9C購03,0,0,0,0,0,0,0,0,0,7000,0,0,0,7000,0,7000,7000
064342,晶技元大9C購01  ,0,0,0,0,0,0,0,0,0,7000,0,0,0,7000,0,7000,7000
064134,瑞祺元大9C購02  ,0,0,0,0,0,0,0,0,0,7000,0,0,0,8000,1000,7000,7000
064098,正崴群益9C購01  ,0,0,0,0,0,0,0,0,0,7000,0,0,0,7000,0,7000,7000
064177,立積國泰01購01  ,0,0,0,0,0,0,0,0,0,7000,0,0,0,69000,62000,7000,7000
07972P,大立光統一9C售05,0,0,0,0,0,0,0,0,0,7000,0,0,0,10000,3000,7000,7000
07756P,台灣50國票04售01,0,0,0,0,0,0,0,0,0,7000,0,0,0,20000,13000,7000,7000
08216P,聯發科群益9C售05,0,0,0,0,0,0,0,0,0,7000,0,0,0,27000,20000,7000,7000
054552,聯發科凱基98購03,0,0,0,0,0,0,0,0,0,7000,0,0,0,70000,63000,7000,7000
054425,聯發科富邦99購03,0,0,0,0,0,0,0,0,0,7000,0,0,0,477000,470000,7000,7000
05212P,台積電國票96售04,0,0,0,0,0,0,0,0,0,7000,0,0,0,32000,25000,7000,7000
01002T,土銀國泰R1      ,7000,0,7000,0,0,0,0,0,0,0,0,0,0,0,0,0,7000
053174,同欣電群益98購02,0,0,0,0,0,0,0,0,0,7000,0,0,0,10000,3000,7000,7000
054076,義隆第一96購01  ,0,0,0,0,0,0,0,0,0,7000,0,0,0,7000,0,7000,7000
053648,台積電凱基97購04,0,0,0,0,0,0,0,0,0,7000,0,0,0,7000,0,7000,7000
053584,友達元大9B購02  ,0,0,0,0,0,0,0,0,0,7000,0,0,0,7000,0,7000,7000
053506,南茂兆豐97購01  ,0,0,0,0,0,0,0,0,0,7000,0,0,0,50000,43000,7000,7000
060264,華新科國票9A購02,0,0,0,0,0,0,0,0,0,7000,0,0,0,10000,3000,7000,7000
060535,群創麥證9A購01  ,0,0,0,7000,0,7000,0,0,0,7000,0,0,0,7000,0,7000,7000
056544,貿聯凱基98購03  ,0,0,0,0,0,0,0,0,0,7000,0,0,0,7000,0,7000,7000
055131,茂林康和97購01  ,0,0,0,0,0,0,0,0,0,7000,0,0,0,87000,80000,7000,7000
056894,佳世達元大99購01,0,0,0,0,0,0,0,0,0,7000,0,0,0,107000,100000,7000,7000
056925,群創兆豐98購03  ,0,0,0,0,0,0,0,0,0,7000,0,0,0,7000,0,7000,7000
056264,聯發科統一98購02,0,0,0,0,0,0,0,0,0,7000,0,0,0,12000,5000,7000,7000
056224,聯發科凱基97購08,0,0,0,0,0,0,0,0,0,7000,0,0,0,7000,0,7000,7000
060871,台灣50中信01購03,0,0,0,0,0,0,0,0,0,7000,0,0,0,10000,3000,7000,7000
060610,玉晶光凱基9B購02,0,0,0,0,0,0,0,0,0,7000,0,0,0,11000,4000,7000,7000
057239,貿聯凱基98購05  ,0,0,0,0,0,0,0,0,0,7000,0,0,0,12000,5000,7000,7000
058227,台灣50元大9C購01,0,0,0,0,0,0,0,0,0,7000,0,0,0,7000,0,7000,7000
05710P,禾伸堂國票97售02,0,0,0,0,0,0,0,0,0,7000,0,0,0,7000,0,7000,7000
059762,禾伸堂永豐99購02,0,0,0,0,0,0,0,0,0,7000,0,0,0,24000,17000,7000,7000
060146,健策國票9A購03  ,0,0,0,0,0,0,0,0,0,7000,0,0,0,7000,0,7000,7000
059500,鴻海元富99購11  ,0,0,0,0,0,0,0,0,0,7000,0,0,0,7000,0,7000,7000
058659,力成中信99購01  ,0,0,0,0,0,0,0,0,0,7000,0,0,0,7000,0,7000,7000
057491,美食元大98購03  ,0,0,0,0,0,0,0,0,0,7000,0,0,0,12000,5000,7000,7000
057374,禾伸堂元大99購03,0,0,0,0,0,0,0,0,0,7000,0,0,0,7000,0,7000,7000
058702,國巨元大99購16  ,0,0,0,0,0,0,0,0,0,7000,0,0,0,55000,48000,7000,7000
062437,廣達元大9B購01  ,0,0,0,0,0,0,0,0,0,7000,0,0,0,17000,10000,7000,7000
062334,健策統一9B購02  ,0,0,0,0,0,0,0,0,0,7000,0,0,0,40000,33000,7000,7000
062324,上銀統一9B購04  ,0,0,0,0,0,0,0,0,0,7000,0,0,0,7000,0,7000,7000
062311,奇力新凱基9B購01,0,0,0,0,0,0,0,0,0,7000,0,0,0,7000,0,7000,7000
062141,遠東新國票9B購01,0,0,0,0,0,0,0,0,0,7000,0,0,0,16000,9000,7000,7000
061345,玉晶光元大9A購14,0,0,0,0,0,0,0,0,0,7000,0,0,0,11000,4000,7000,7000
060644,泰鼎永豐9A購02  ,0,0,0,0,0,0,0,0,0,7000,0,0,0,10000,3000,7000,7000
063596,嘉澤中信9B購01  ,0,0,0,0,0,0,0,0,0,7000,0,0,0,7000,0,7000,7000
062958,長榮航麥證9B購01,0,0,0,12000,5000,7000,0,0,0,7000,0,0,0,12000,5000,7000,7000
062945,世芯國泰01購01  ,0,0,0,0,0,0,0,0,0,7000,0,0,0,27000,20000,7000,7000
062980,康控元富9B購01  ,0,0,0,0,0,0,0,0,0,7000,0,0,0,102000,95000,7000,7000
062917,旭富元大9C購03  ,0,0,0,0,0,0,0,0,0,7000,0,0,0,15000,8000,7000,7000
063036,聯發科凱基9B購11,0,0,0,0,0,0,0,0,0,7000,0,0,0,7000,0,7000,7000
9105,泰金寶-DR       ,79000,72000,7000,0,0,0,0,0,0,0,0,0,0,0,0,0,7000
5546,永固-KY         ,11000,4000,7000,0,0,0,0,0,0,0,0,0,0,0,0,0,7000
6117,迎廣            ,7000,0,7000,0,0,0,0,0,0,0,0,0,0,0,0,0,7000
2936,客思達-KY       ,11000,4000,7000,0,0,0,0,0,0,0,0,0,0,0,0,0,7000
2881A,富邦特          ,6000,0,6000,0,0,0,0,0,0,1000,1000,0,1000,0,0,0,7000
07740P,臺股指永豐9A售01,0,0,0,0,0,0,0,0,0,6000,0,0,0,6000,0,6000,6000
07901P,臺股指凱基9B售04,0,0,0,0,0,0,0,0,0,6000,0,0,0,6000,0,6000,6000
07655P,台灣50凱基01售09,0,0,0,0,0,0,0,0,0,6000,0,0,0,11000,5000,6000,6000
07618P,大立光中信9A售06,0,0,0,0,0,0,0,0,0,6000,0,0,0,16000,10000,6000,6000
07402P,瑞昱凱基99售02  ,0,0,0,0,0,0,0,0,0,6000,0,0,0,20000,14000,6000,6000
07252P,台灣50凱基99售01,0,0,0,0,0,0,0,0,0,6000,0,0,0,6000,0,6000,6000
064168,南電統一01購01  ,0,0,0,0,0,0,0,0,0,6000,0,0,0,310000,304000,6000,6000
064347,貿聯元大9C購03  ,0,0,0,0,0,0,0,0,0,6000,0,0,0,22000,16000,6000,6000
063961,世紀鋼元大9C購05,0,0,0,0,0,0,0,0,0,6000,0,0,0,30000,24000,6000,6000
063951,新日興元大9C購01,0,0,0,0,0,0,0,0,0,6000,0,0,0,50000,44000,6000,6000
07178P,臺股指凱基99售20,0,0,0,0,0,0,0,0,0,6000,0,0,0,10000,4000,6000,6000
06658P,台灣50富邦9C售01,0,0,0,0,0,0,0,0,0,6000,0,0,0,11000,5000,6000,6000
06587P,國巨元大98售13  ,0,0,0,0,0,0,0,0,0,6000,0,0,0,6000,0,6000,6000
055880,神達元富97購02  ,0,0,0,0,0,0,0,0,0,6000,0,0,0,6000,0,6000,6000
056045,勤誠凱基97購01  ,0,0,0,0,0,0,0,0,0,6000,0,0,0,6000,0,6000,6000
055717,聯發科元大97購19,0,0,0,0,0,0,0,0,0,6000,0,0,0,11000,5000,6000,6000
055774,台光電凱基97購02,0,0,0,0,0,0,0,0,0,6000,0,0,0,6000,0,6000,6000
055067,禾聯碩永豐97購01,0,0,0,0,0,0,0,0,0,6000,0,0,0,6000,0,6000,6000
055367,台積電元大97購23,0,0,0,0,0,0,0,0,0,6000,0,0,0,26000,20000,6000,6000
055460,華擎永豐97購01  ,0,0,0,0,0,0,0,0,0,6000,0,0,0,6000,0,6000,6000
056751,和大兆豐98購01  ,0,0,0,0,0,0,0,0,0,6000,0,0,0,26000,20000,6000,6000
056743,貿聯凱基98購04  ,0,0,0,0,0,0,0,0,0,6000,0,0,0,6000,0,6000,6000
056536,義隆凱基98購04  ,0,0,0,0,0,0,0,0,0,6000,0,0,0,6000,0,6000,6000
056602,嘉澤國泰99購01  ,0,0,0,0,0,0,0,0,0,6000,0,0,0,6000,0,6000,6000
060508,聯發科元大9A購04,0,0,0,0,0,0,0,0,0,6000,0,0,0,6000,0,6000,6000
060290,興富發元大9C購01,0,0,0,0,0,0,0,0,0,6000,0,0,0,10000,4000,6000,6000
057040,國巨元大98購12  ,0,0,0,0,0,0,0,0,0,6000,0,0,0,6000,0,6000,6000
053407,台積電兆豐96購02,0,0,0,0,0,0,0,0,0,6000,0,0,0,804000,798000,6000,6000
05362P,可成富邦97售02  ,0,0,0,0,0,0,0,0,0,6000,0,0,0,6000,0,6000,6000
053888,和大群益97購01  ,0,0,0,0,0,0,0,0,0,6000,0,0,0,6000,0,6000,6000
054704,玉晶光第一97購01,0,0,0,0,0,0,0,0,0,6000,0,0,0,6000,0,6000,6000
056660,臺股指元大9A購07,0,0,0,0,0,0,0,0,0,6000,0,0,0,6000,0,6000,6000
00766L,台新MSCI中國正2 ,0,0,0,0,0,0,0,0,0,6000,0,0,0,119000,113000,6000,6000
051381,玉晶光群益98購01,0,0,0,0,0,0,0,0,0,6000,0,0,0,6000,0,6000,6000
03022X,富展01          ,0,0,0,0,0,0,0,0,0,6000,0,0,0,19000,13000,6000,6000
03674C,臺股指元富9C牛02,0,0,0,0,0,0,0,0,0,6000,0,0,0,6000,0,6000,6000
05462P,美律亞東97售01  ,0,0,0,0,0,0,0,0,0,6000,0,0,0,6000,0,6000,6000
057784,台積電國票9B購01,0,0,0,0,0,0,0,0,0,6000,0,0,0,6000,0,6000,6000
057930,旺宏群益99購04  ,0,0,0,0,0,0,0,0,0,6000,0,0,0,10000,4000,6000,6000
057748,華通國票98購04  ,0,0,0,0,0,0,0,0,0,6000,0,0,0,8000,2000,6000,6000
059886,可成國票99購04  ,0,0,0,0,0,0,0,0,0,6000,0,0,0,6000,0,6000,6000
059945,嘉澤永豐99購03  ,0,0,0,0,0,0,0,0,0,6000,0,0,0,8000,2000,6000,6000
060039,大立光國票99購04,0,0,0,0,0,0,0,0,0,6000,0,0,0,6000,0,6000,6000
05830P,滬深2X元富99售03,0,0,0,0,0,0,0,0,0,6000,0,0,0,56000,50000,6000,6000
058333,鴻海元富99購04  ,0,0,0,0,0,0,0,0,0,6000,0,0,0,6000,0,6000,6000
058411,技嘉兆豐99購01  ,0,0,0,0,0,0,0,0,0,6000,0,0,0,6000,0,6000,6000
059954,華新科康和99購01,0,0,0,0,0,0,0,0,0,6000,0,0,0,21000,15000,6000,6000
059580,大立光元富99購07,0,0,0,0,0,0,0,0,0,6000,0,0,0,6000,0,6000,6000
058997,鴻海元大99購21  ,0,0,0,0,0,0,0,0,0,6000,0,0,0,9000,3000,6000,6000
059014,SGBR2X元富03購01,0,0,0,0,0,0,0,0,0,6000,0,0,0,10000,4000,6000,6000
057962,超眾元大99購03  ,0,0,0,0,0,0,0,0,0,6000,0,0,0,6000,0,6000,6000
057242,台郡凱基98購05  ,0,0,0,0,0,0,0,0,0,6000,0,0,0,6000,0,6000,6000
058048,群創元大9B購07  ,0,0,0,0,0,0,0,0,0,6000,0,0,0,68000,62000,6000,6000
057260,微星兆豐98購01  ,0,0,0,0,0,0,0,0,0,6000,0,0,0,16000,10000,6000,6000
061055,康控群益9A購01  ,0,0,0,0,0,0,0,0,0,6000,0,0,0,6000,0,6000,6000
061160,瑞祺群益9A購01  ,0,0,0,0,0,0,0,0,0,6000,0,0,0,6000,0,6000,6000
060673,旺宏元大9A購04  ,0,0,0,0,0,0,0,0,0,6000,0,0,0,11000,5000,6000,6000
060731,奇力新群益9A購01,0,0,0,0,0,0,0,0,0,6000,0,0,0,12000,6000,6000,6000
063123,聯發科元大9B購16,0,0,0,0,0,0,0,0,0,6000,0,0,0,86000,80000,6000,6000
062947,國巨富邦01購01  ,0,0,0,0,0,0,0,0,0,6000,0,0,0,61000,55000,6000,6000
062939,奇力新凱基9B購02,0,0,0,0,0,0,0,0,0,6000,0,0,0,6000,0,6000,6000
063628,華通元大9B購09  ,0,0,0,0,0,0,0,0,0,6000,0,0,0,75000,69000,6000,6000
063629,台積電元大9B購08,0,0,0,0,0,0,0,0,0,6000,0,0,0,6000,0,6000,6000
063549,國巨國票9C購05  ,0,0,0,0,0,0,0,0,0,6000,0,0,0,6000,0,6000,6000
063747,國巨國票9C購06  ,0,0,0,0,0,0,0,0,0,6000,0,0,0,6000,0,6000,6000
063758,聯發科統一9B購14,0,0,0,0,0,0,0,0,0,6000,0,0,0,124000,118000,6000,6000
063282,奇力新元大9B購06,0,0,0,0,0,0,0,0,0,6000,0,0,0,6000,0,6000,6000
061428,南六元大9A購01  ,0,0,0,0,0,0,0,0,0,6000,0,0,0,6000,0,6000,6000
061344,禾伸堂元大9A購02,0,0,0,0,0,0,0,0,0,6000,0,0,0,34000,28000,6000,6000
061198,世紀鋼永豐9A購03,0,0,0,0,0,0,0,0,0,6000,0,0,0,30000,24000,6000,6000
061585,台積電富邦9B購06,0,0,0,0,0,0,0,0,0,6000,0,0,0,6000,0,6000,6000
061549,泰碩群益9A購01  ,0,0,0,0,0,0,0,0,0,6000,0,0,0,121000,115000,6000,6000
061933,光寶科國票9B購01,0,0,0,0,0,0,0,0,0,6000,0,0,0,44000,38000,6000,6000
061878,茂林元大9B購01  ,0,0,0,0,0,0,0,0,0,6000,0,0,0,6000,0,6000,6000
062224,玉晶光統一9C購03,0,0,0,0,0,0,0,0,0,6000,0,0,0,7000,1000,6000,6000
062500,國巨群益01購01  ,0,0,0,0,0,0,0,0,0,6000,0,0,0,11000,5000,6000,6000
062379,致新元大9B購01  ,0,0,0,0,0,0,0,0,0,6000,0,0,0,65000,59000,6000,6000
06712P,臺股指台新99售09,0,0,0,0,0,0,0,0,0,5000,0,0,0,5000,0,5000,5000
07059P,華通國票9A售02  ,0,0,0,0,0,0,0,0,0,5000,0,0,0,50000,45000,5000,5000
06865P,亞德客元大98售04,0,0,0,0,0,0,0,0,0,5000,0,0,0,60000,55000,5000,5000
063970,大立光國票01購01,0,0,0,0,0,0,0,0,0,5000,0,0,0,5000,0,5000,5000
064012,泰碩國票01購02  ,0,0,0,0,0,0,0,0,0,5000,0,0,0,33000,28000,5000,5000
063917,南六凱基02購01  ,0,0,0,0,0,0,0,0,0,5000,0,0,0,5000,0,5000,5000
064321,T50反1元大9C購05,0,0,0,0,0,0,0,0,0,5000,0,0,0,5000,0,5000,5000
064334,可成元大01購01  ,0,0,0,0,0,0,0,0,0,5000,0,0,0,11000,6000,5000,5000
064391,亞德客永豐9C購01,0,0,0,0,0,0,0,0,0,5000,0,0,0,65000,60000,5000,5000
064106,國巨兆豐9C購04  ,0,0,0,0,0,0,0,0,0,5000,0,0,0,15000,10000,5000,5000
07260P,台灣50元大9A售01,0,0,0,0,0,0,0,0,0,5000,0,0,0,5000,0,5000,5000
07574P,國巨元大9A售12  ,0,0,0,0,0,0,0,0,0,5000,0,0,0,20000,15000,5000,5000
07698P,臺股指元大9A售51,0,0,0,0,0,0,0,0,0,5000,0,0,0,5000,0,5000,5000
07877P,晶技永豐9B售01  ,0,0,0,0,0,0,0,0,0,5000,0,0,0,5000,0,5000,5000
07971P,臺股指元大9B售29,0,0,0,0,0,0,0,0,0,5000,0,0,0,5000,0,5000,5000
08048P,臺股指國票9B售13,0,0,0,0,0,0,0,0,0,5000,0,0,0,25000,20000,5000,5000
1436,華友聯          ,10000,5000,5000,0,0,0,0,0,0,0,0,0,0,0,0,0,5000
1459,聯發            ,6000,1000,5000,0,0,0,0,0,0,0,0,0,0,0,0,0,5000
1466,聚隆            ,5000,0,5000,0,0,0,0,0,0,0,0,0,0,0,0,0,5000
2373,震旦行          ,7000,3000,4000,0,0,0,0,0,0,1000,1000,0,1000,0,0,0,5000
054576,健策元大98購03  ,0,0,0,0,0,0,0,0,0,5000,0,0,0,5000,0,5000,5000
054332,世芯永豐97購01  ,0,0,0,0,0,0,0,0,0,5000,0,0,0,5000,0,5000,5000
054682,東元永豐97購01  ,0,0,0,0,0,0,0,0,0,5000,0,0,0,5000,0,5000,5000
052152,創意富邦98購01  ,0,0,0,0,0,0,0,0,0,5000,0,0,0,5000,0,5000,5000
05211P,國巨國票96售05  ,0,0,0,0,0,0,0,0,0,5000,0,0,0,5000,0,5000,5000
054461,台積電凱基97購09,0,0,0,0,0,0,0,0,0,5000,0,0,0,100000,95000,5000,5000
048653,巨大元大96購02  ,0,0,0,0,0,0,0,0,0,5000,0,0,0,25000,20000,5000,5000
051830,健策元大97購01  ,0,0,0,0,0,0,0,0,0,5000,0,0,0,5000,0,5000,5000
051739,奇力新國票97購01,0,0,0,0,0,0,0,0,0,5000,0,0,0,5000,0,5000,5000
051576,台積電元大97購02,0,0,0,0,0,0,0,0,0,5000,0,0,0,15000,10000,5000,5000
051466,玉晶光富邦97購01,0,0,0,0,0,0,0,0,0,5000,0,0,0,5000,0,5000,5000
046384,群創凱基98購02  ,0,0,0,0,0,0,0,0,0,5000,0,0,0,5000,0,5000,5000
03677C,臺股指元大05牛02,0,0,0,0,0,0,0,0,0,5000,0,0,0,5000,0,5000,5000
050306,聯發科中信97購01,0,0,0,0,0,0,0,0,0,5000,0,0,0,5000,0,5000,5000
020007,凱基臺灣500N    ,0,0,0,0,0,0,0,0,0,5000,0,0,0,5000,0,5000,5000
00689R,國泰20年美債反1 ,0,19000,-19000,0,0,0,0,0,0,24000,0,0,0,127000,103000,24000,5000
055322,欣興國票97購06  ,0,0,0,0,0,0,0,0,0,5000,0,0,0,5000,0,5000,5000
054894,GIS統一97購01   ,0,0,0,0,0,0,0,0,0,5000,0,0,0,154000,149000,5000,5000
054856,得力群益99購01  ,0,0,0,0,0,0,0,0,0,5000,0,0,0,5000,0,5000,5000
05315P,鴻海永昌96售08  ,0,0,0,0,0,0,0,0,0,5000,0,0,0,5000,0,5000,5000
053236,群創永豐97購02  ,0,0,0,0,0,0,0,0,0,5000,0,0,0,10000,5000,5000,5000
053259,卜蜂群益97購01  ,0,0,0,0,0,0,0,0,0,5000,0,0,0,5000,0,5000,5000
052795,健策兆豐97購01  ,0,0,0,0,0,0,0,0,0,5000,0,0,0,25000,20000,5000,5000
052919,鈺齊富邦98購01  ,0,0,0,0,0,0,0,0,0,5000,0,0,0,10000,5000,5000,5000
052901,台達電國票97購01,0,0,0,0,0,0,0,0,0,5000,0,0,0,5000,0,5000,5000
052987,華新科元大99購01,0,0,0,0,0,0,0,0,0,5000,0,0,0,5000,0,5000,5000
053932,華新科統一96購03,0,0,0,0,0,0,0,0,0,5000,0,0,0,5000,0,5000,5000
054022,南亞康和96購01  ,0,0,0,0,0,0,0,0,0,5000,0,0,0,5000,0,5000,5000
053811,國巨群益98購02  ,0,0,0,0,0,0,0,0,0,5000,0,0,0,20000,15000,5000,5000
053513,義隆群益96購05  ,0,0,0,0,0,0,0,0,0,5000,0,0,0,20000,15000,5000,5000
053502,智伸科兆豐97購01,0,0,0,0,0,0,0,0,0,5000,0,0,0,5000,0,5000,5000
053529,國巨麥證96購01  ,0,0,0,5000,0,5000,0,0,0,5000,0,0,0,5000,0,5000,5000
053540,健策永豐96購01  ,0,0,0,0,0,0,0,0,0,5000,0,0,0,5000,0,5000,5000
052663,奇鋐國票97購01  ,0,0,0,0,0,0,0,0,0,5000,0,0,0,5000,0,5000,5000
052733,台郡國泰97購01  ,0,0,0,0,0,0,0,0,0,5000,0,0,0,5000,0,5000,5000
052522,聯發科元大96購05,0,0,0,0,0,0,0,0,0,5000,0,0,0,5000,0,5000,5000
052417,聯發科兆豐9B購01,0,0,0,0,0,0,0,0,0,5000,0,0,0,5000,0,5000,5000
056137,聯鈞元大9A購01  ,0,0,0,0,0,0,0,0,0,5000,0,0,0,5000,0,5000,5000
060218,台積電凱基9A購15,0,0,0,0,0,0,0,0,0,5000,0,0,0,5000,0,5000,5000
060532,欣興中信9A購01  ,0,0,0,0,0,0,0,0,0,5000,0,0,0,5000,0,5000,5000
060529,聯發科中信9A購04,0,0,0,0,0,0,0,0,0,5000,0,0,0,5000,0,5000,5000
060366,健策元富9A購01  ,0,0,0,0,0,0,0,0,0,5000,0,0,0,5000,0,5000,5000
056588,聯發科統一9A購02,0,0,0,0,0,0,0,0,0,5000,0,0,0,5000,0,5000,5000
056585,台積電統一9A購01,0,0,0,0,0,0,0,0,0,5000,0,0,0,5000,0,5000,5000
056608,力山永豐98購01  ,0,0,0,0,0,0,0,0,0,5000,0,0,0,5000,0,5000,5000
056455,群創凱基9A購01  ,0,0,0,0,0,0,0,0,0,5000,0,0,0,50000,45000,5000,5000
056396,祥碩永豐98購01  ,0,0,0,0,0,0,0,0,0,5000,0,0,0,5000,0,5000,5000
056763,國巨元大99購02  ,0,0,0,0,0,0,0,0,0,5000,0,0,0,6000,1000,5000,5000
055458,燿華永豐98購01  ,0,0,0,0,0,0,0,0,0,5000,0,0,0,25000,20000,5000,5000
055597,禾伸堂元大98購02,0,0,0,0,0,0,0,0,0,5000,0,0,0,5000,0,5000,5000
055428,友達群益9C購01  ,0,0,0,0,0,0,0,0,0,5000,0,0,0,5000,0,5000,5000
055166,台積電統一97購05,0,0,0,0,0,0,0,0,0,5000,0,0,0,5000,0,5000,5000
055753,貿聯第一98購01  ,0,0,0,0,0,0,0,0,0,5000,0,0,0,5000,0,5000,5000
056823,智伸科永豐98購01,0,0,0,0,0,0,0,0,0,5000,0,0,0,5000,0,5000,5000
056206,泰鼎永豐97購01  ,0,0,0,0,0,0,0,0,0,5000,0,0,0,5000,0,5000,5000
056252,聯發科兆豐97購03,0,0,0,0,0,0,0,0,0,5000,0,0,0,5000,0,5000,5000
060680,玉晶光元大9C購03,0,0,0,0,0,0,0,0,0,5000,0,0,0,35000,30000,5000,5000
060814,健策凱基9B購01  ,0,0,0,0,0,0,0,0,0,5000,0,0,0,18000,13000,5000,5000
061057,華新科國票9A購04,0,0,0,0,0,0,0,0,0,5000,0,0,0,15000,10000,5000,5000
061059,世芯國票9B購01  ,0,0,0,0,0,0,0,0,0,5000,0,0,0,15000,10000,5000,5000
057268,臻鼎兆豐99購01  ,0,0,0,0,0,0,0,0,0,5000,0,0,0,20000,15000,5000,5000
059148,百和國票9A購01  ,0,0,0,0,0,0,0,0,0,5000,0,0,0,5000,0,5000,5000
058109,台灣50元富9B購01,0,0,0,0,0,0,0,0,0,5000,0,0,0,5000,0,5000,5000
059253,康控凱基9B購02  ,0,0,0,0,0,0,0,0,0,5000,0,0,0,25000,20000,5000,5000
059276,可成元大99購06  ,0,0,0,0,0,0,0,0,0,5000,0,0,0,34000,29000,5000,5000
05919P,京鼎元大96售03  ,0,0,0,0,0,0,0,0,0,5000,0,0,0,5000,0,5000,5000
057063,立積國泰9A購01  ,0,0,0,0,0,0,0,0,0,5000,0,0,0,14000,9000,5000,5000
057212,台積電群益98購03,0,0,0,0,0,0,0,0,0,5000,0,0,0,5000,0,5000,5000
059645,祥碩凱基99購05  ,0,0,0,0,0,0,0,0,0,5000,0,0,0,12000,7000,5000,5000
059703,旺宏凱基99購11  ,0,0,0,0,0,0,0,0,0,5000,0,0,0,5000,0,5000,5000
059674,玉山金元富99購02,0,0,0,0,0,0,0,0,0,5000,0,0,0,5000,0,5000,5000
060119,上銀富邦9B購03  ,0,0,0,0,0,0,0,0,0,5000,0,0,0,5000,0,5000,5000
060120,聯電富邦9B購01  ,0,0,0,0,0,0,0,0,0,5000,0,0,0,5000,0,5000,5000
058771,神達兆豐99購01  ,0,0,0,0,0,0,0,0,0,5000,0,0,0,5000,0,5000,5000
058819,華通國泰9B購01  ,0,0,0,0,0,0,0,0,0,5000,0,0,0,5000,0,5000,5000
058812,台積電統一9B購06,0,0,0,0,0,0,0,0,0,5000,0,0,0,5000,0,5000,5000
058335,鴻海元富99購06  ,0,0,0,0,0,0,0,0,0,5000,0,0,0,5000,0,5000,5000
058960,臺股指國票99購05,0,0,0,0,0,0,0,0,0,5000,0,0,0,5000,0,5000,5000
058558,鴻海日盛9A購02  ,0,0,0,0,0,0,0,0,0,5000,0,0,0,10000,5000,5000,5000
058501,S&P正2元大99購01,0,0,0,0,0,0,0,0,0,5000,0,0,0,5000,0,5000,5000
058533,玉晶光元富99購01,0,0,0,0,0,0,0,0,0,5000,0,0,0,5000,0,5000,5000
059556,台灣50凱基9A購07,0,0,0,0,0,0,0,0,0,5000,0,0,0,5000,0,5000,5000
059473,T50反1群益99購03,0,0,0,0,0,0,0,0,0,5000,0,0,0,85000,80000,5000,5000
059490,國巨國票99購09  ,0,0,0,0,0,0,0,0,0,5000,0,0,0,5000,0,5000,5000
060097,華新科元大99購23,0,0,0,0,0,0,0,0,0,5000,0,0,0,5000,0,5000,5000
057593,聯發科兆豐98購03,0,0,0,0,0,0,0,0,0,5000,0,0,0,24000,19000,5000,5000
058592,聯發科統一9C購01,0,0,0,0,0,0,0,0,0,5000,0,0,0,6000,1000,5000,5000
058616,台虹元大9A購01  ,0,0,0,0,0,0,0,0,0,5000,0,0,0,45000,40000,5000,5000
058608,華新科元大99購13,0,0,0,0,0,0,0,0,0,5000,0,0,0,5000,0,5000,5000
058730,玉晶光永豐9A購01,0,0,0,0,0,0,0,0,0,5000,0,0,0,15000,10000,5000,5000
057866,玉山金凱基98購01,0,0,0,0,0,0,0,0,0,5000,0,0,0,14000,9000,5000,5000
057572,明泰永豐98購01  ,0,0,0,0,0,0,0,0,0,5000,0,0,0,5000,0,5000,5000
057480,技嘉元大98購03  ,0,0,0,0,0,0,0,0,0,5000,0,0,0,10000,5000,5000,5000
05778P,台積電統一96售05,0,0,0,0,0,0,0,0,0,5000,0,0,0,5000,0,5000,5000
057433,上銀國票98購04  ,0,0,0,0,0,0,0,0,0,5000,0,0,0,5000,0,5000,5000
06247P,同欣電元富97售02,0,0,0,0,0,0,0,0,0,5000,0,0,0,5000,0,5000,5000
062196,聯發科中信01購02,0,0,0,0,0,0,0,0,0,5000,0,0,0,5000,0,5000,5000
062317,祥碩凱基9B購03  ,0,0,0,0,0,0,0,0,0,5000,0,0,0,5000,0,5000,5000
062258,奇力新元大9B購03,0,0,0,0,0,0,0,0,0,5000,0,0,0,5000,0,5000,5000
061826,台郡麥證9B購01  ,0,0,0,32000,27000,5000,0,0,0,5000,0,0,0,32000,27000,5000,5000
061855,台郡國票9B購01  ,0,0,0,0,0,0,0,0,0,5000,0,0,0,5000,0,5000,5000
061842,牧德凱基9C購01  ,0,0,0,0,0,0,0,0,0,5000,0,0,0,15000,10000,5000,5000
061912,台積電中信05購05,0,0,0,0,0,0,0,0,0,5000,0,0,0,6000,1000,5000,5000
061959,鴻海統一9B購04  ,0,0,0,0,0,0,0,0,0,5000,0,0,0,127000,122000,5000,5000
062097,台光電永豐9B購01,0,0,0,0,0,0,0,0,0,5000,0,0,0,5000,0,5000,5000
061547,禾伸堂群益9A購01,0,0,0,0,0,0,0,0,0,5000,0,0,0,10000,5000,5000,5000
061566,華通元大9A購10  ,0,0,0,0,0,0,0,0,0,5000,0,0,0,26000,21000,5000,5000
061534,聯發科統一9C購04,0,0,0,0,0,0,0,0,0,5000,0,0,0,5000,0,5000,5000
061589,世紀鋼富邦9B購01,0,0,0,0,0,0,0,0,0,5000,0,0,0,83000,78000,5000,5000
061514,泰碩永豐9A購02  ,0,0,0,0,0,0,0,0,0,5000,0,0,0,5000,0,5000,5000
061711,台積電凱基9A購27,0,0,0,0,0,0,0,0,0,5000,0,0,0,5000,0,5000,5000
061797,聯發科永豐9B購01,0,0,0,0,0,0,0,0,0,5000,0,0,0,5000,0,5000,5000
061619,大立光群益9B購01,0,0,0,0,0,0,0,0,0,5000,0,0,0,14000,9000,5000,5000
061622,臻鼎群益9A購01  ,0,0,0,0,0,0,0,0,0,5000,0,0,0,20000,15000,5000,5000
061280,國巨統一9C購06  ,0,0,0,0,0,0,0,0,0,5000,0,0,0,5000,0,5000,5000
061302,晶技永豐9A購04  ,0,0,0,0,0,0,0,0,0,5000,0,0,0,5000,0,5000,5000
061361,世紀鋼兆豐9A購01,0,0,0,0,0,0,0,0,0,5000,0,0,0,105000,100000,5000,5000
061386,道瓊銀群益9A購03,0,0,0,0,0,0,0,0,0,5000,0,0,0,5000,0,5000,5000
061378,南六永豐9A購03  ,0,0,0,0,0,0,0,0,0,5000,0,0,0,5000,0,5000,5000
060905,台積電元大9A購20,0,0,0,0,0,0,0,0,0,5000,0,0,0,5000,0,5000,5000
063313,南亞科群益9B購02,0,0,0,0,0,0,0,0,0,5000,0,0,0,20000,15000,5000,5000
063301,鴻海凱基9B購08  ,0,0,0,0,0,0,0,0,0,5000,0,0,0,36000,31000,5000,5000
063235,台積電元大9B購06,0,0,0,0,0,0,0,0,0,5000,0,0,0,5000,0,5000,5000
063220,建準群益9B購01  ,0,0,0,0,0,0,0,0,0,5000,0,0,0,50000,45000,5000,5000
063648,台表科元大9C購05,0,0,0,0,0,0,0,0,0,5000,0,0,0,253000,248000,5000,5000
063621,華新科兆豐9B購02,0,0,0,0,0,0,0,0,0,5000,0,0,0,5000,0,5000,5000
062922,南六元大9B購03  ,0,0,0,0,0,0,0,0,0,5000,0,0,0,76000,71000,5000,5000
062897,上銀元大9B購06  ,0,0,0,0,0,0,0,0,0,5000,0,0,0,5000,0,5000,5000
062905,聯發科元大9B購13,0,0,0,0,0,0,0,0,0,5000,0,0,0,5000,0,5000,5000
062853,大毅永豐9B購03  ,0,0,0,0,0,0,0,0,0,5000,0,0,0,6000,1000,5000,5000
062698,台積電元大01購01,0,0,0,0,0,0,0,0,0,5000,0,0,0,424000,419000,5000,5000
062652,上証2X永豐9B購01,0,0,0,0,0,0,0,0,0,5000,0,0,0,10000,5000,5000,5000
062574,美食群益9B購02  ,0,0,0,0,0,0,0,0,0,5000,0,0,0,5000,0,5000,5000
062536,玉晶光麥證9B購01,0,0,0,5000,0,5000,0,0,0,5000,0,0,0,5000,0,5000,5000
2471,資通            ,75000,70000,5000,0,0,0,0,0,0,0,0,0,0,0,0,0,5000
2015,豐興            ,160000,110000,50000,0,0,0,0,45000,-45000,-1000,0,1000,-1000,0,0,0,4000
2302,麗正            ,4000,0,4000,0,0,0,0,0,0,0,0,0,0,0,0,0,4000
1517,利奇            ,113000,109000,4000,0,0,0,0,0,0,0,0,0,0,0,0,0,4000
07903P,台積電群益9B售03,0,0,0,0,0,0,0,0,0,4000,0,0,0,95000,91000,4000,4000
07639P,緯穎國票9A售01  ,0,0,0,0,0,0,0,0,0,4000,0,0,0,4000,0,4000,4000
07513P,台積電元大9A售13,0,0,0,0,0,0,0,0,0,4000,0,0,0,4000,0,4000,4000
07467P,上銀元大9A售03  ,0,0,0,0,0,0,0,0,0,4000,0,0,0,4000,0,4000,4000
064225,健策國票01購02  ,0,0,0,0,0,0,0,0,0,4000,0,0,0,8000,4000,4000,4000
064265,嘉聯益永豐9C購02,0,0,0,0,0,0,0,0,0,4000,0,0,0,104000,100000,4000,4000
063799,華邦電凱基9C購02,0,0,0,0,0,0,0,0,0,4000,0,0,0,4000,0,4000,4000
064035,GIS元大9C購03   ,0,0,0,0,0,0,0,0,0,4000,0,0,0,4000,0,4000,4000
06782P,大立光元大99售07,0,0,0,0,0,0,0,0,0,4000,0,0,0,4000,0,4000,4000
06780P,義隆元大98售02  ,0,0,0,0,0,0,0,0,0,4000,0,0,0,4000,0,4000,4000
06836P,玉晶光國票99售06,0,0,0,0,0,0,0,0,0,4000,0,0,0,485000,481000,4000,4000
07056P,臺股指麥證99售02,0,0,0,5000,1000,4000,0,0,0,4000,0,0,0,5000,1000,4000,4000
07005P,台積電統一9B售05,0,0,0,0,0,0,0,0,0,4000,0,0,0,26000,22000,4000,4000
07031P,台灣50中信03售02,0,0,0,0,0,0,0,0,0,4000,0,0,0,14000,10000,4000,4000
06687P,A50正2中信9A售01,0,0,0,0,0,0,0,0,0,4000,0,0,0,6000,2000,4000,4000
06500P,臺股指元大9A售05,0,0,0,0,0,0,0,0,0,4000,0,0,0,20000,16000,4000,4000
064495,南亞科元大9C購03,0,0,0,0,0,0,0,0,0,4000,0,0,0,4000,0,4000,4000
056012,勤誠中信99購01  ,0,0,0,0,0,0,0,0,0,4000,0,0,0,32000,28000,4000,4000
056842,全新元富98購01  ,0,0,0,0,0,0,0,0,0,4000,0,0,0,4000,0,4000,4000
055732,全新元富9A購01  ,0,0,0,0,0,0,0,0,0,4000,0,0,0,4000,0,4000,4000
055060,聯陽永豐97購01  ,0,0,0,0,0,0,0,0,0,4000,0,0,0,4000,0,4000,4000
054972,聯茂元大97購02  ,0,0,0,0,0,0,0,0,0,4000,0,0,0,4000,0,4000,4000
055621,國巨國泰98購03  ,0,0,0,0,0,0,0,0,0,4000,0,0,0,4000,0,4000,4000
056978,技嘉群益99購01  ,0,0,0,0,0,0,0,0,0,4000,0,0,0,17000,13000,4000,4000
060398,立積國票9B購01  ,0,0,0,0,0,0,0,0,0,4000,0,0,0,4000,0,4000,4000
060339,國巨統一01購01  ,0,0,0,0,0,0,0,0,0,4000,0,0,0,24000,20000,4000,4000
052734,台表科國泰98購02,0,0,0,0,0,0,0,0,0,4000,0,0,0,4000,0,4000,4000
054066,緯穎國票97購03  ,0,0,0,0,0,0,0,0,0,4000,0,0,0,6000,2000,4000,4000
054276,國巨群益96購07  ,0,0,0,0,0,0,0,0,0,4000,0,0,0,4000,0,4000,4000
053387,緯創元大97購01  ,0,0,0,0,0,0,0,0,0,4000,0,0,0,4000,0,4000,4000
054610,聯發科永豐97購01,0,0,0,0,0,0,0,0,0,4000,0,0,0,4000,0,4000,4000
057877,神達元大99購01  ,0,0,0,0,0,0,0,0,0,4000,0,0,0,4000,0,4000,4000
057886,聯詠群益98購01  ,0,0,0,0,0,0,0,0,0,4000,0,0,0,14000,10000,4000,4000
059787,奇力新元大9A購02,0,0,0,0,0,0,0,0,0,4000,0,0,0,5000,1000,4000,4000
058601,台積電元大99購10,0,0,0,0,0,0,0,0,0,4000,0,0,0,19000,15000,4000,4000
057651,矽力元大98購03  ,0,0,0,0,0,0,0,0,0,4000,0,0,0,5000,1000,4000,4000
057727,華邦電國泰9A購01,0,0,0,0,0,0,0,0,0,4000,0,0,0,4000,0,4000,4000
060087,鴻海元大99購43  ,0,0,0,0,0,0,0,0,0,4000,0,0,0,10000,6000,4000,4000
058518,玉晶光元大99購13,0,0,0,0,0,0,0,0,0,4000,0,0,0,76000,72000,4000,4000
058957,貿聯國票9A購01  ,0,0,0,0,0,0,0,0,0,4000,0,0,0,4000,0,4000,4000
058336,鴻海元富99購07  ,0,0,0,0,0,0,0,0,0,4000,0,0,0,4000,0,4000,4000
058783,臺股指國票99購02,0,0,0,0,0,0,0,0,0,4000,0,0,0,10000,6000,4000,4000
059966,台積電凱基99購19,0,0,0,0,0,0,0,0,0,4000,0,0,0,4000,0,4000,4000
059719,台積電元大99購42,0,0,0,0,0,0,0,0,0,4000,0,0,0,8000,4000,4000,4000
059019,元石油統一9B購03,0,0,0,0,0,0,0,0,0,4000,0,0,0,4000,0,4000,4000
05901P,臺股指凱基9C售01,0,0,0,0,0,0,0,0,0,4000,0,0,0,10000,6000,4000,4000
057958,禾伸堂元大99購05,0,0,0,0,0,0,0,0,0,4000,0,0,0,4000,0,4000,4000
057058,祥碩元大98購04  ,0,0,0,0,0,0,0,0,0,4000,0,0,0,4000,0,4000,4000
057168,旺宏元大99購03  ,0,0,0,0,0,0,0,0,0,4000,0,0,0,4000,0,4000,4000
059087,台積電元大99購26,0,0,0,0,0,0,0,0,0,4000,0,0,0,8000,4000,4000,4000
05809P,臺股指國票96售02,0,0,0,0,0,0,0,0,0,4000,0,0,0,4000,0,4000,4000
057323,智邦群益98購01  ,0,0,0,0,0,0,0,0,0,4000,0,0,0,26000,22000,4000,4000
061043,百和永豐9A購01  ,0,0,0,0,0,0,0,0,0,4000,0,0,0,5000,1000,4000,4000
061088,國巨統一9C購05  ,0,0,0,0,0,0,0,0,0,4000,0,0,0,5000,1000,4000,4000
062597,世紀鋼統一01購01,0,0,0,0,0,0,0,0,0,4000,0,0,0,56000,52000,4000,4000
062621,緯穎元大9B購05  ,0,0,0,0,0,0,0,0,0,4000,0,0,0,5000,1000,4000,4000
062774,儒鴻元大9C購01  ,0,0,0,0,0,0,0,0,0,4000,0,0,0,34000,30000,4000,4000
062855,嘉澤永豐9B購02  ,0,0,0,0,0,0,0,0,0,4000,0,0,0,8000,4000,4000,4000
062884,康控兆豐9C購01  ,0,0,0,0,0,0,0,0,0,4000,0,0,0,11000,7000,4000,4000
063159,嘉澤國泰01購01  ,0,0,0,0,0,0,0,0,0,4000,0,0,0,4000,0,4000,4000
063073,瑞昱永豐9B購01  ,0,0,0,0,0,0,0,0,0,4000,0,0,0,12000,8000,4000,4000
061410,緯穎國票9A購03  ,0,0,0,0,0,0,0,0,0,4000,0,0,0,52000,48000,4000,4000
061201,FBVIX元大01購03 ,0,0,0,0,0,0,0,0,0,4000,0,0,0,4000,0,4000,4000
061213,群創元大9A購05  ,0,0,0,0,0,0,0,0,0,4000,0,0,0,4000,0,4000,4000
061657,智原國票9A購01  ,0,0,0,0,0,0,0,0,0,4000,0,0,0,4000,0,4000,4000
061498,大立光國票9A購10,0,0,0,0,0,0,0,0,0,4000,0,0,0,4000,0,4000,4000
061432,世紀鋼元大9A購05,0,0,0,0,0,0,0,0,0,4000,0,0,0,14000,10000,4000,4000
062138,力成群益9B購01  ,0,0,0,0,0,0,0,0,0,4000,0,0,0,4000,0,4000,4000
062030,旭富群益9B購01  ,0,0,0,0,0,0,0,0,0,4000,0,0,0,4000,0,4000,4000
061879,超眾元大9C購01  ,0,0,0,0,0,0,0,0,0,4000,0,0,0,42000,38000,4000,4000
3038,全台            ,1067000,1007000,60000,0,0,0,0,0,0,-56000,86000,142000,-56000,0,0,0,4000
064526,臺股指群益9C購11,0,0,0,0,0,0,0,0,0,3000,0,0,0,4000,1000,3000,3000
064401,台達電凱基06購01,0,0,0,0,0,0,0,0,0,3000,0,0,0,3000,0,3000,3000
064462,致伸統一02購01  ,0,0,0,0,0,0,0,0,0,3000,0,0,0,3000,0,3000,3000
07090P,台灣50凱基01售01,0,0,0,0,0,0,0,0,0,3000,0,0,0,3000,0,3000,3000
06914P,南茂元大98售03  ,0,0,0,0,0,0,0,0,0,3000,0,0,0,60000,57000,3000,3000
06946P,T50正2元大9C售01,0,0,0,0,0,0,0,0,0,3000,0,0,0,3000,0,3000,3000
063805,技嘉兆豐9C購01  ,0,0,0,0,0,0,0,0,0,3000,0,0,0,282000,279000,3000,3000
063826,中興電國票01購01,0,0,0,0,0,0,0,0,0,3000,0,0,0,3000,0,3000,3000
064222,玉山金國票01購01,0,0,0,0,0,0,0,0,0,3000,0,0,0,96000,93000,3000,3000
07500P,微星元大9A售01  ,0,0,0,0,0,0,0,0,0,3000,0,0,0,5000,2000,3000,3000
07573P,國巨元大9A售11  ,0,0,0,0,0,0,0,0,0,3000,0,0,0,3000,0,3000,3000
07844P,可成國票9A售01  ,0,0,0,0,0,0,0,0,0,3000,0,0,0,63000,60000,3000,3000
07758P,台積電國票9A售06,0,0,0,0,0,0,0,0,0,3000,0,0,0,6000,3000,3000,3000
1535,中宇            ,3000,0,3000,0,0,0,0,0,0,0,0,0,0,0,0,0,3000
08357P,聯發科元大9C售09,0,0,0,0,0,0,0,0,0,3000,0,0,0,3000,0,3000,3000
1101B,台泥乙特        ,0,0,0,0,0,0,0,0,0,3000,3000,0,3000,0,0,0,3000
1110,東泥            ,8000,5000,3000,0,0,0,0,0,0,0,0,0,0,0,0,0,3000
054565,玉晶光群益99購02,0,0,0,0,0,0,0,0,0,3000,0,0,0,3000,0,3000,3000
054516,國巨元大97購02  ,0,0,0,0,0,0,0,0,0,3000,0,0,0,3000,0,3000,3000
054287,台積電元大97購11,0,0,0,0,0,0,0,0,0,3000,0,0,0,3000,0,3000,3000
051748,超眾國泰96購01  ,0,0,0,0,0,0,0,0,0,3000,0,0,0,3000,0,3000,3000
05218P,大立光永昌96售04,0,0,0,0,0,0,0,0,0,3000,0,0,0,3000,0,3000,3000
00742,新光內需收益    ,0,0,0,0,0,0,0,0,0,3000,0,0,0,245000,242000,3000,3000
03094X,大立光元大68展08,0,0,0,0,0,0,0,0,0,3000,0,0,0,3000,0,3000,3000
053817,華新科群益97購02,0,0,0,0,0,0,0,0,0,3000,0,0,0,5000,2000,3000,3000
053345,欣興國票97購02  ,0,0,0,0,0,0,0,0,0,3000,0,0,0,3000,0,3000,3000
053250,百和國票97購02  ,0,0,0,0,0,0,0,0,0,3000,0,0,0,3000,0,3000,3000
060220,華新科凱基9A購08,0,0,0,0,0,0,0,0,0,3000,0,0,0,3000,0,3000,3000
060229,楠梓電元大9C購01,0,0,0,0,0,0,0,0,0,3000,0,0,0,35000,32000,3000,3000
056152,可成凱基97購02  ,0,0,0,0,0,0,0,0,0,3000,0,0,0,3000,0,3000,3000
060408,和潤國泰9C購01  ,5000,1000,4000,0,0,0,0,0,0,-1000,0,0,0,8000,9000,-1000,3000
060504,技嘉元大9A購02  ,0,0,0,0,0,0,0,0,0,3000,0,0,0,119000,116000,3000,3000
060515,臺股指元大9B購12,0,0,0,0,0,0,0,0,0,3000,0,0,0,3000,0,3000,3000
060452,儒鴻元大9A購01  ,0,0,0,0,0,0,0,0,0,3000,0,0,0,19000,16000,3000,3000
056950,亞光統一99購01  ,0,0,0,0,0,0,0,0,0,3000,0,0,0,3000,0,3000,3000
056368,祥碩元大98購02  ,0,0,0,0,0,0,0,0,0,3000,0,0,0,3000,0,3000,3000
05648P,康控國票97售01  ,0,0,0,0,0,0,0,0,0,3000,0,0,0,3000,0,3000,3000
056551,台郡凱基98購04  ,0,0,0,0,0,0,0,0,0,3000,0,0,0,3000,0,3000,3000
055654,景碩元富97購01  ,0,0,0,0,0,0,0,0,0,3000,0,0,0,143000,140000,3000,3000
056782,鴻海群益98購04  ,0,0,0,0,0,0,0,0,0,3000,0,0,0,3000,0,3000,3000
056709,華通永豐98購01  ,0,0,0,0,0,0,0,0,0,3000,0,0,0,26000,23000,3000,3000
056707,鴻海富邦99購03  ,0,0,0,0,0,0,0,0,0,3000,0,0,0,10000,7000,3000,3000
055690,矽力凱基97購02  ,0,0,0,0,0,0,0,0,0,3000,0,0,0,92000,89000,3000,3000
055804,祥碩永豐97購02  ,0,0,0,0,0,0,0,0,0,3000,0,0,0,3000,0,3000,3000
055845,大立光元大97購08,0,0,0,0,0,0,0,0,0,3000,0,0,0,3000,0,3000,3000
055879,神達元富97購01  ,0,0,0,0,0,0,0,0,0,3000,0,0,0,10000,7000,3000,3000
060766,世芯元大9A購02  ,0,0,0,0,0,0,0,0,0,3000,0,0,0,3000,0,3000,3000
060725,台積電第一9A購01,0,0,0,0,0,0,0,0,0,3000,0,0,0,3000,0,3000,3000
059203,勤誠永豐99購02  ,0,0,0,0,0,0,0,0,0,3000,0,0,0,7000,4000,3000,3000
059219,旺宏元大99購12  ,0,0,0,0,0,0,0,0,0,3000,0,0,0,11000,8000,3000,3000
059214,國巨元大99購20  ,0,0,0,0,0,0,0,0,0,3000,0,0,0,5000,2000,3000,3000
059189,國泰金富邦9B購01,0,0,0,0,0,0,0,0,0,3000,0,0,0,107000,104000,3000,3000
058236,大立光元大99購09,0,0,0,0,0,0,0,0,0,3000,0,0,0,3000,0,3000,3000
058238,奇鋐元大99購02  ,0,0,0,0,0,0,0,0,0,3000,0,0,0,3000,0,3000,3000
057094,祥碩元富98購01  ,0,0,0,0,0,0,0,0,0,3000,0,0,0,3000,0,3000,3000
059053,鴻海凱基99購07  ,0,0,0,0,0,0,0,0,0,3000,0,0,0,3000,0,3000,3000
057086,立積統一9C購01  ,0,0,0,0,0,0,0,0,0,3000,0,0,0,3000,0,3000,3000
058018,南亞科凱基99購03,0,0,0,0,0,0,0,0,0,3000,0,0,0,3000,0,3000,3000
059672,滬深2X元富99購06,0,0,0,0,0,0,0,0,0,3000,0,0,0,5000,2000,3000,3000
059619,台積電日盛9A購04,0,0,0,0,0,0,0,0,0,3000,0,0,0,11000,8000,3000,3000
058770,貿聯兆豐9A購01  ,0,0,0,0,0,0,0,0,0,3000,0,0,0,3000,0,3000,3000
058765,緯穎群益99購03  ,0,0,0,0,0,0,0,0,0,3000,0,0,0,4000,1000,3000,3000
058750,緯穎凱基9A購03  ,0,0,0,0,0,0,0,0,0,3000,0,0,0,108000,105000,3000,3000
058322,玉晶光永豐99購02,0,0,0,0,0,0,0,0,0,3000,0,0,0,8000,5000,3000,3000
058290,南電國票9A購01  ,0,0,0,0,0,0,0,0,0,3000,0,0,0,55000,52000,3000,3000
058439,玉晶光統一01購02,0,0,0,0,0,0,0,0,0,3000,0,0,0,4000,1000,3000,3000
058442,玉晶光台新99購01,0,0,0,0,0,0,0,0,0,3000,0,0,0,3000,0,3000,3000
060042,台積電群益99購12,0,0,0,0,0,0,0,0,0,3000,0,0,0,3000,0,3000,3000
060054,華新科凱基9B購04,0,0,0,0,0,0,0,0,0,3000,0,0,0,33000,30000,3000,3000
058581,大立光群益99購05,0,0,0,0,0,0,0,0,0,3000,0,0,0,46000,43000,3000,3000
059797,大立光國票99購01,0,0,0,0,0,0,0,0,0,3000,0,0,0,3000,0,3000,3000
059803,S&P正2元富9B購03,0,0,0,0,0,0,0,0,0,3000,0,0,0,3000,0,3000,3000
059849,興勤永豐99購01  ,0,0,0,0,0,0,0,0,0,3000,0,0,0,3000,0,3000,3000
058633,台灣50兆豐99購01,0,0,0,0,0,0,0,0,0,3000,0,0,0,3000,0,3000,3000
057895,全新元富9B購01  ,0,0,0,0,0,0,0,0,0,3000,0,0,0,3000,0,3000,3000
057926,帆宣凱基98購02  ,0,0,0,0,0,0,0,0,0,3000,0,0,0,3000,0,3000,3000
057879,電子類元大99購02,0,0,0,0,0,0,0,0,0,3000,0,0,0,3000,0,3000,3000
057509,聯發科統一9A購03,0,0,0,0,0,0,0,0,0,3000,0,0,0,15000,12000,3000,3000
05780P,台積電統一96售07,0,0,0,0,0,0,0,0,0,3000,0,0,0,3000,0,3000,3000
057773,技嘉群益9A購02  ,0,0,0,0,0,0,0,0,0,3000,0,0,0,10000,7000,3000,3000
057757,鴻海凱基98購13  ,0,0,0,0,0,0,0,0,0,3000,0,0,0,3000,0,3000,3000
061884,臺股指元大9B購18,0,0,0,0,0,0,0,0,0,3000,0,0,0,3000,0,3000,3000
061885,臺股指元大9B購19,0,0,0,0,0,0,0,0,0,3000,0,0,0,3000,0,3000,3000
061817,高鐵群益9B購01  ,0,0,0,0,0,0,0,0,0,3000,0,0,0,18000,15000,3000,3000
062301,聯詠中信05購01  ,0,0,0,0,0,0,0,0,0,3000,0,0,0,10000,7000,3000,3000
062206,緯創國票9B購01  ,0,0,0,0,0,0,0,0,0,3000,0,0,0,3000,0,3000,3000
061512,國巨永豐9A購04  ,0,0,0,0,0,0,0,0,0,3000,0,0,0,3000,0,3000,3000
061272,超眾凱基9A購03  ,0,0,0,0,0,0,0,0,0,3000,0,0,0,3000,0,3000,3000
061269,嘉澤凱基9A購01  ,0,0,0,0,0,0,0,0,0,3000,0,0,0,22000,19000,3000,3000
060931,GIS永豐9A購01   ,0,0,0,0,0,0,0,0,0,3000,0,0,0,14000,11000,3000,3000
060911,大毅元大9A購01  ,0,0,0,0,0,0,0,0,0,3000,0,0,0,12000,9000,3000,3000
063033,台積電凱基9B購09,0,0,0,0,0,0,0,0,0,3000,0,0,0,7000,4000,3000,3000
063157,鴻海台新9B購02  ,0,0,0,0,0,0,0,0,0,3000,0,0,0,3000,0,3000,3000
062789,臺股指元大9B購32,0,0,0,0,0,0,0,0,0,3000,0,0,0,5000,2000,3000,3000
062688,華擎統一01購03  ,0,0,0,0,0,0,0,0,0,3000,0,0,0,217000,214000,3000,3000
062510,台積電國票01購01,0,0,0,0,0,0,0,0,0,3000,0,0,0,3000,0,3000,3000
062562,瑞儀凱基9B購02  ,0,0,0,0,0,0,0,0,0,3000,0,0,0,3000,0,3000,3000
063604,群創凱基01購02  ,0,0,0,0,0,0,0,0,0,3000,0,0,0,13000,10000,3000,3000
063752,瑞祺國票9C購01  ,0,0,0,0,0,0,0,0,0,3000,0,0,0,39000,36000,3000,3000
063725,聯電元大9C購03  ,0,0,0,0,0,0,0,0,0,3000,0,0,0,18000,15000,3000,3000
063251,同欣電元大9B購04,0,0,0,0,0,0,0,0,0,3000,0,0,0,110000,107000,3000,3000
063338,國巨統一9C購11  ,0,0,0,0,0,0,0,0,0,3000,0,0,0,3000,0,3000,3000
2597,潤弘            ,3000,28000,-25000,0,0,0,0,0,0,28000,28000,0,28000,0,0,0,3000
5515,建國            ,16000,18000,-2000,0,0,0,0,0,0,5000,5000,0,5000,0,0,0,3000
1236,宏亞            ,3000,1000,2000,0,0,0,0,0,0,0,0,0,0,0,0,0,2000
08352P,大立光群益01售02,0,0,0,0,0,0,0,0,0,2000,0,0,0,2000,0,2000,2000
1603,華電            ,10000,8000,2000,0,0,0,0,0,0,0,0,0,0,0,0,0,2000
08063P,立積國票9B售03  ,0,0,0,0,0,0,0,0,0,2000,0,0,0,2000,0,2000,2000
08114P,國巨凱基9B售11  ,0,0,0,0,0,0,0,0,0,2000,0,0,0,2000,0,2000,2000
07949P,滬深2X元大9B售04,0,0,0,0,0,0,0,0,0,2000,0,0,0,2000,0,2000,2000
07545P,玉晶光凱基9A售07,0,0,0,0,0,0,0,0,0,2000,0,0,0,92000,90000,2000,2000
07609P,台灣50國票9C售04,0,0,0,0,0,0,0,0,0,2000,0,0,0,2000,0,2000,2000
07350P,台灣50國票99售11,0,0,0,0,0,0,0,0,0,2000,0,0,0,2000,0,2000,2000
063873,南六永豐9C購01  ,0,0,0,0,0,0,0,0,0,2000,0,0,0,20000,18000,2000,2000
064069,華新科永豐9C購01,0,0,0,0,0,0,0,0,0,2000,0,0,0,2000,0,2000,2000
064011,嘉晶國票9C購01  ,0,0,0,0,0,0,0,0,0,2000,0,0,0,3000,1000,2000,2000
06826P,臺股指國票98售02,0,0,0,0,0,0,0,0,0,2000,0,0,0,75000,73000,2000,2000
07105P,大毅元富99售02  ,0,0,0,0,0,0,0,0,0,2000,0,0,0,2000,0,2000,2000
07065P,臺股指元大9A售26,0,0,0,0,0,0,0,0,0,2000,0,0,0,2000,0,2000,2000
06474P,鴻海富邦98售03  ,0,0,0,0,0,0,0,0,0,2000,0,0,0,2000,0,2000,2000
06608P,立積群益99售02  ,0,0,0,0,0,0,0,0,0,2000,0,0,0,12000,10000,2000,2000
06634P,欣興國票98售02  ,0,0,0,0,0,0,0,0,0,2000,0,0,0,4000,2000,2000,2000
055940,致新群益98購01  ,0,0,0,0,0,0,0,0,0,2000,0,0,0,2000,0,2000,2000
056857,國巨群益99購02  ,0,0,0,0,0,0,0,0,0,2000,0,0,0,2000,0,2000,2000
056870,全新日盛9A購01  ,0,0,0,0,0,0,0,0,0,2000,0,0,0,2000,0,2000,2000
055714,智邦元大97購03  ,0,0,0,0,0,0,0,0,0,2000,0,0,0,2000,0,2000,2000
055716,致茂元大97購01  ,0,0,0,0,0,0,0,0,0,2000,0,0,0,96000,94000,2000,2000
055409,元黃金富邦01購01,0,0,0,0,0,0,0,0,0,2000,0,0,0,2000,0,2000,2000
055049,智邦永豐97購01  ,0,0,0,0,0,0,0,0,0,2000,0,0,0,37000,35000,2000,2000
054980,國巨元富97購01  ,0,0,0,0,0,0,0,0,0,2000,0,0,0,383000,381000,2000,2000
055008,隆達元富97購01  ,0,0,0,0,0,0,0,0,0,2000,0,0,0,2000,0,2000,2000
05511P,T50反1台新06售01,0,0,0,0,0,0,0,0,0,2000,0,0,0,540000,538000,2000,2000
056569,T50正2元大9B購02,0,0,0,0,0,0,0,0,0,2000,0,0,0,2000,0,2000,2000
056403,茂林群益98購01  ,0,0,0,0,0,0,0,0,0,2000,0,0,0,2000,0,2000,2000
060500,鴻海元大9A購12  ,0,0,0,0,0,0,0,0,0,2000,0,0,0,2000,0,2000,2000
060392,華擎群益9C購02  ,0,0,0,0,0,0,0,0,0,2000,0,0,0,39000,37000,2000,2000
060374,儒鴻元富9A購01  ,0,0,0,0,0,0,0,0,0,2000,0,0,0,154000,152000,2000,2000
060294,嘉澤元大9A購01  ,0,0,0,0,0,0,0,0,0,2000,0,0,0,3000,1000,2000,2000
060260,京鼎凱基9C購01  ,0,0,0,0,0,0,0,0,0,2000,0,0,0,5000,3000,2000,2000
052945,嘉晶國票97購01  ,0,0,0,0,0,0,0,0,0,2000,0,0,0,2000,0,2000,2000
054873,帆宣群益99購01  ,0,0,0,0,0,0,0,0,0,2000,0,0,0,15000,13000,2000,2000
054883,億光統一97購01  ,0,0,0,0,0,0,0,0,0,2000,0,0,0,2000,0,2000,2000
054771,茂林國票98購02  ,0,0,0,0,0,0,0,0,0,2000,0,0,0,137000,135000,2000,2000
053823,茂林群益96購06  ,0,0,0,0,0,0,0,0,0,2000,0,0,0,2000,0,2000,2000
053734,友達中信98購02  ,0,0,0,0,0,0,0,0,0,2000,0,0,0,2000,0,2000,2000
053474,聯發科元大97購06,0,0,0,0,0,0,0,0,0,2000,0,0,0,3000,1000,2000,2000
053605,臺股指永昌96購01,0,0,0,0,0,0,0,0,0,2000,0,0,0,2000,0,2000,2000
053590,新光金元大9A購02,0,0,0,0,0,0,0,0,0,2000,0,0,0,2000,0,2000,2000
054074,健策富邦98購01  ,0,0,0,0,0,0,0,0,0,2000,0,0,0,2000,0,2000,2000
054213,欣興國票97購04  ,0,0,0,0,0,0,0,0,0,2000,0,0,0,11000,9000,2000,2000
050633,義隆群益96購02  ,0,0,0,0,0,0,0,0,0,2000,0,0,0,10000,8000,2000,2000
051268,創意富邦97購01  ,0,0,0,0,0,0,0,0,0,2000,0,0,0,2000,0,2000,2000
00657,國泰日經225     ,0,0,0,0,0,0,0,0,0,2000,0,0,0,109000,107000,2000,2000
049024,玉晶光群益97購01,0,0,0,0,0,0,0,0,0,2000,0,0,0,5000,3000,2000,2000
051735,台積電國票96購06,0,0,0,0,0,0,0,0,0,2000,0,0,0,2000,0,2000,2000
051614,元金2X凱基97購01,0,0,0,0,0,0,0,0,0,2000,0,0,0,3000,1000,2000,2000
054361,技嘉凱基96購01  ,0,0,0,0,0,0,0,0,0,2000,0,0,0,2000,0,2000,2000
057785,智邦國票99購02  ,0,0,0,0,0,0,0,0,0,2000,0,0,0,9000,7000,2000,2000
057820,華擎元大98購02  ,0,0,0,0,0,0,0,0,0,2000,0,0,0,77000,75000,2000,2000
057815,信邦元大98購01  ,0,0,0,0,0,0,0,0,0,2000,0,0,0,8000,6000,2000,2000
057363,華通元大99購02  ,0,0,0,0,0,0,0,0,0,2000,0,0,0,3000,1000,2000,2000
058630,日月光國票9A購01,0,0,0,0,0,0,0,0,0,2000,0,0,0,40000,38000,2000,2000
059858,台灣50群益9A購09,0,0,0,0,0,0,0,0,0,2000,0,0,0,2000,0,2000,2000
059831,聯詠康和99購01  ,0,0,0,0,0,0,0,0,0,2000,0,0,0,2000,0,2000,2000
057639,國巨元大99購07  ,0,0,0,0,0,0,0,0,0,2000,0,0,0,2000,0,2000,2000
057729,華新科國泰99購04,0,0,0,0,0,0,0,0,0,2000,0,0,0,2000,0,2000,2000
058686,祥碩凱基99購03  ,0,0,0,0,0,0,0,0,0,2000,0,0,0,26000,24000,2000,2000
058687,聯茂凱基9A購01  ,0,0,0,0,0,0,0,0,0,2000,0,0,0,40000,38000,2000,2000
059935,國巨永豐99購07  ,0,0,0,0,0,0,0,0,0,2000,0,0,0,2000,0,2000,2000
059899,上証2X元大9C購04,0,0,0,0,0,0,0,0,0,2000,0,0,0,2000,0,2000,2000
059871,義隆凱基99購03  ,0,0,0,0,0,0,0,0,0,2000,0,0,0,12000,10000,2000,2000
059405,台灣50國票01購01,0,0,0,0,0,0,0,0,0,2000,0,0,0,2000,0,2000,2000
059383,台灣50凱基99購03,0,0,0,0,0,0,0,0,0,2000,0,0,0,2000,0,2000,2000
059532,華新科凱基9B購03,0,0,0,0,0,0,0,0,0,2000,0,0,0,2000,0,2000,2000
060040,康控國票99購04  ,0,0,0,0,0,0,0,0,0,2000,0,0,0,2000,0,2000,2000
058354,台積電凱基9A購06,0,0,0,0,0,0,0,0,0,2000,0,0,0,2000,0,2000,2000
058309,大毅元大99購02  ,0,0,0,0,0,0,0,0,0,2000,0,0,0,6000,4000,2000,2000
058311,緯穎元大99購05  ,0,0,0,0,0,0,0,0,0,2000,0,0,0,2000,0,2000,2000
058334,鴻海元富99購05  ,0,0,0,0,0,0,0,0,0,2000,0,0,0,2000,0,2000,2000
058848,台積電群益99購07,0,0,0,0,0,0,0,0,0,2000,0,0,0,20000,18000,2000,2000
057998,玉晶光麥證9A購01,0,0,0,3000,0,3000,0,0,0,2000,0,0,0,3000,1000,2000,2000
057211,鴻海群益98購05  ,0,0,0,0,0,0,0,0,0,2000,0,0,0,2000,0,2000,2000
057233,聯發科凱基98購14,0,0,0,0,0,0,0,0,0,2000,0,0,0,33000,31000,2000,2000
057227,台積電凱基98購15,0,0,0,0,0,0,0,0,0,2000,0,0,0,2000,0,2000,2000
057128,台光電凱基98購03,0,0,0,0,0,0,0,0,0,2000,0,0,0,2000,0,2000,2000
059250,大立光凱基99購06,0,0,0,0,0,0,0,0,0,2000,0,0,0,2000,0,2000,2000
058136,景碩元大99購02  ,0,0,0,0,0,0,0,0,0,2000,0,0,0,227000,225000,2000,2000
059145,創意國票99購02  ,0,0,0,0,0,0,0,0,0,2000,0,0,0,2000,0,2000,2000
058162,上銀日盛9B購01  ,0,0,0,0,0,0,0,0,0,2000,0,0,0,2000,0,2000,2000
059161,鴻海凱基9A購09  ,0,0,0,0,0,0,0,0,0,2000,0,0,0,2000,0,2000,2000
057314,全新麥證98購01  ,0,0,0,10000,8000,2000,0,0,0,2000,0,0,0,10000,8000,2000,2000
060585,玉晶光元富9A購02,0,0,0,0,0,0,0,0,0,2000,0,0,0,2000,0,2000,2000
061148,道瓊反群益9A購02,0,0,0,0,0,0,0,0,0,2000,0,0,0,2000,0,2000,2000
061167,臻鼎兆豐9B購01  ,0,0,0,0,0,0,0,0,0,2000,0,0,0,2000,0,2000,2000
063380,台表科永豐9B購03,0,0,0,0,0,0,0,0,0,2000,0,0,0,5000,3000,2000,2000
063364,聯發科富邦01購02,0,0,0,0,0,0,0,0,0,2000,0,0,0,4000,2000,2000,2000
063304,大立光凱基01購02,0,0,0,0,0,0,0,0,0,2000,0,0,0,2000,0,2000,2000
063174,臺股指中信01購04,0,0,0,0,0,0,0,0,0,2000,0,0,0,20000,18000,2000,2000
063723,儒鴻元大9B購04  ,0,0,0,0,0,0,0,0,0,2000,0,0,0,28000,26000,2000,2000
063649,南六元大9C購02  ,0,0,0,0,0,0,0,0,0,2000,0,0,0,42000,40000,2000,2000
062585,鴻海統一9C購14  ,0,0,0,0,0,0,0,0,0,2000,0,0,0,3000,1000,2000,2000
06257P,臺股指群益97售10,0,0,0,0,0,0,0,0,0,2000,0,0,0,2000,0,2000,2000
062541,臻鼎國泰01購01  ,0,0,0,0,0,0,0,0,0,2000,0,0,0,2000,0,2000,2000
063122,聯發科元大9B購15,0,0,0,0,0,0,0,0,0,2000,0,0,0,87000,85000,2000,2000
06293P,臺股指國票97售07,0,0,0,0,0,0,0,0,0,2000,0,0,0,23000,21000,2000,2000
062989,鴻海群益9B購07  ,0,0,0,0,0,0,0,0,0,2000,0,0,0,2000,0,2000,2000
061396,台灣50台新9C購03,0,0,0,0,0,0,0,0,0,2000,0,0,0,2000,0,2000,2000
060897,健策凱基9A購04  ,0,0,0,0,0,0,0,0,0,2000,0,0,0,44000,42000,2000,2000
060890,大立光統一01購01,0,0,0,0,0,0,0,0,0,2000,0,0,0,24000,22000,2000,2000
060949,祥碩中信9A購01  ,0,0,0,0,0,0,0,0,0,2000,0,0,0,2000,0,2000,2000
060941,台積電國票9B購04,0,0,0,0,0,0,0,0,0,2000,0,0,0,2000,0,2000,2000
061015,旺宏麥證9A購03  ,0,0,0,2000,0,2000,0,0,0,2000,0,0,0,2000,0,2000,2000
061486,國巨兆豐9B購02  ,0,0,0,0,0,0,0,0,0,2000,0,0,0,114000,112000,2000,2000
061479,泰碩元大9A購02  ,0,0,0,0,0,0,0,0,0,2000,0,0,0,6000,4000,2000,2000
061695,群創群益9A購01  ,0,0,0,0,0,0,0,0,0,2000,0,0,0,2000,0,2000,2000
061746,國巨統一9C購07  ,0,0,0,0,0,0,0,0,0,2000,0,0,0,2000,0,2000,2000
062212,臻鼎台新9B購01  ,0,0,0,0,0,0,0,0,0,2000,0,0,0,2000,0,2000,2000
062268,力山群益9B購01  ,0,0,0,0,0,0,0,0,0,2000,0,0,0,2000,0,2000,2000
06226P,聯發科麥證97售03,0,0,0,2000,0,2000,0,0,0,2000,0,0,0,2000,0,2000,2000
062284,華擎群益9C購03  ,0,0,0,0,0,0,0,0,0,2000,0,0,0,5000,3000,2000,2000
062415,聯茂中信9C購01  ,0,0,0,0,0,0,0,0,0,2000,0,0,0,2000,0,2000,2000
061810,S&P反1群益9B購02,0,0,0,0,0,0,0,0,0,2000,0,0,0,2000,0,2000,2000
062031,臻鼎群益9B購01  ,0,0,0,0,0,0,0,0,0,2000,0,0,0,2000,0,2000,2000
062021,康控永豐9B購01  ,0,0,0,0,0,0,0,0,0,2000,0,0,0,2000,0,2000,2000
5906,台南-KY         ,2000,0,2000,0,0,0,0,0,0,0,0,0,0,0,0,0,2000
6152,百一            ,5000,3000,2000,0,0,0,0,0,0,0,0,0,0,0,0,0,2000
9912,偉聯            ,2000,0,2000,0,0,0,0,0,0,0,0,0,0,0,0,0,2000
6715,嘉基            ,94000,88000,6000,0,0,0,0,0,0,-4000,0,4000,-4000,0,0,0,2000
3054,立萬利          ,1000,0,1000,0,0,0,0,0,0,1000,1000,0,1000,0,0,0,2000
2891C,中信金丙特      ,0,0,0,0,0,0,0,0,0,2000,2000,0,2000,0,0,0,2000
2901,欣欣            ,3000,1000,2000,0,0,0,0,0,0,0,0,0,0,0,0,0,2000
3060,銘異            ,130000,130000,0,0,0,0,0,0,0,2000,2000,0,2000,0,0,0,2000
06536P,臺股指群益98售04,0,0,0,0,0,0,0,0,0,1000,0,0,0,1000,0,1000,1000
07010P,T50正2凱基9C售01,0,0,0,0,0,0,0,0,0,1000,0,0,0,1000,0,1000,1000
07138P,台灣50群益9B售04,0,0,0,0,0,0,0,0,0,1000,0,0,0,1000,0,1000,1000
06961P,台積電凱基99售05,0,0,0,0,0,0,0,0,0,1000,0,0,0,1000,0,1000,1000
063974,南電國票01購01  ,0,0,0,0,0,0,0,0,0,1000,0,0,0,28000,27000,1000,1000
063858,鴻海國泰02購01  ,0,0,0,0,0,0,0,0,0,1000,0,0,0,1000,0,1000,1000
064175,華通國泰02購01  ,0,0,0,0,0,0,0,0,0,1000,0,0,0,31000,30000,1000,1000
064280,大立光元大9C購11,0,0,0,0,0,0,0,0,0,1000,0,0,0,1000,0,1000,1000
07267P,臺股指元大99售23,0,0,0,0,0,0,0,0,0,1000,0,0,0,4000,3000,1000,1000
07580P,緯穎元大9A售03  ,0,0,0,0,0,0,0,0,0,1000,0,0,0,2000,1000,1000,1000
07946P,華通統一9B售02  ,0,0,0,0,0,0,0,0,0,1000,0,0,0,21000,20000,1000,1000
07957P,晶技群益9B售02  ,0,0,0,0,0,0,0,0,0,1000,0,0,0,48000,47000,1000,1000
08032P,台積電統一9B售16,0,0,0,0,0,0,0,0,0,1000,0,0,0,1000,0,1000,1000
07775P,國巨群益9A售10  ,0,0,0,0,0,0,0,0,0,1000,0,0,0,1000,0,1000,1000
07886P,國巨國票9B售06  ,0,0,0,0,0,0,0,0,0,1000,0,0,0,1000,0,1000,1000
07876P,台灣50國泰01售01,0,0,0,0,0,0,0,0,0,1000,0,0,0,1000,0,1000,1000
1583,程泰            ,2000,1000,1000,0,0,0,0,0,0,0,0,0,0,0,0,0,1000
1453,大將            ,1000,0,1000,0,0,0,0,0,0,0,0,0,0,0,0,0,1000
1438,裕豐            ,1000,0,1000,0,0,0,0,0,0,0,0,0,0,0,0,0,1000
1805,寶徠            ,3000,2000,1000,0,0,0,0,0,0,0,0,0,0,0,0,0,1000
1725,元禎            ,1000,0,1000,0,0,0,0,0,0,0,0,0,0,0,0,0,1000
08852P,台灣50台新01售01,1000,0,1000,0,0,0,0,0,0,0,0,0,0,0,0,0,1000
08162P,台灣50台新9C售06,0,0,0,0,0,0,0,0,0,1000,0,0,0,1000,0,1000,1000
053389,彩晶元大98購01  ,0,0,0,0,0,0,0,0,0,1000,0,0,0,1000,0,1000,1000
054268,健策第一96購01  ,0,0,0,0,0,0,0,0,0,1000,0,0,0,1000,0,1000,1000
054256,創意元大96購07  ,0,0,0,0,0,0,0,0,0,1000,0,0,0,1000,0,1000,1000
054529,T50反1國泰97購02,0,0,0,0,0,0,0,0,0,1000,0,0,0,4000,3000,1000,1000
054588,玉晶光國泰99購02,0,0,0,0,0,0,0,0,0,1000,0,0,0,1000,0,1000,1000
054626,建準凱基98購01  ,0,0,0,0,0,0,0,0,0,1000,0,0,0,1000,0,1000,1000
054607,台積電永豐97購03,0,0,0,0,0,0,0,0,0,1000,0,0,0,1000,0,1000,1000
054652,裕隆麥證97購01  ,0,0,0,1000,0,1000,0,0,0,1000,0,0,0,1000,0,1000,1000
051503,玉晶光統一97購01,0,0,0,0,0,0,0,0,0,1000,0,0,0,2000,1000,1000,1000
051539,瀚宇博國票97購01,0,0,0,0,0,0,0,0,0,1000,0,0,0,1000,0,1000,1000
051907,台積電元大97購05,0,0,0,0,0,0,0,0,0,1000,0,0,0,1000,0,1000,1000
048192,華通元大96購01  ,0,0,0,0,0,0,0,0,0,1000,0,0,0,1000,0,1000,1000
047571,滬深2X群益99購01,0,0,0,0,0,0,0,0,0,1000,0,0,0,1000,0,1000,1000
05214P,台積電國票97售02,0,0,0,0,0,0,0,0,0,1000,0,0,0,1000,0,1000,1000
054444,緯穎台新97購01  ,0,0,0,0,0,0,0,0,0,1000,0,0,0,36000,35000,1000,1000
03006X,元展06          ,0,0,0,0,0,0,0,0,0,1000,0,0,0,2000,1000,1000,1000
00709,富邦歐洲        ,0,0,0,0,0,0,0,0,0,1000,0,0,0,137000,136000,1000,1000
05062P,大立光富邦98售03,0,0,0,0,0,0,0,0,0,1000,0,0,0,1000,0,1000,1000
03078X,元展73          ,0,0,0,0,0,0,0,0,0,1000,0,0,0,1000,0,1000,1000
03810P,大立光富邦98售01,0,0,0,0,0,0,0,0,0,1000,0,0,0,1000,0,1000,1000
054204,元金2X國票9B購02,0,0,0,0,0,0,0,0,0,1000,0,0,0,1000,0,1000,1000
052237,嘉澤國票96購02  ,0,0,0,0,0,0,0,0,0,1000,0,0,0,1000,0,1000,1000
054102,百和國票97購04  ,0,0,0,0,0,0,0,0,0,1000,0,0,0,1000,0,1000,1000
053861,台光電元大98購01,0,0,0,0,0,0,0,0,0,1000,0,0,0,1000,0,1000,1000
056701,國產國泰9A購01  ,0,0,0,0,0,0,0,0,0,1000,0,0,0,1000,0,1000,1000
052846,智邦統一97購01  ,0,0,0,0,0,0,0,0,0,1000,0,0,0,1000,0,1000,1000
052951,GIS國票97購02   ,0,0,0,0,0,0,0,0,0,1000,0,0,0,1000,0,1000,1000
060301,國巨富邦9C購02  ,0,0,0,0,0,0,0,0,0,1000,0,0,0,5000,4000,1000,1000
056127,致新國票98購02  ,0,0,0,0,0,0,0,0,0,1000,0,0,0,1000,0,1000,1000
060212,華航康和9A購01  ,0,0,0,0,0,0,0,0,0,1000,0,0,0,1000,0,1000,1000
060368,緯穎元富9A購03  ,0,0,0,0,0,0,0,0,0,1000,0,0,0,2000,1000,1000,1000
060343,台積電統一9C購02,0,0,0,0,0,0,0,0,0,1000,0,0,0,1000,0,1000,1000
056966,嘉晶永豐98購01  ,0,0,0,0,0,0,0,0,0,1000,0,0,0,1000,0,1000,1000
056987,南茂群益98購01  ,0,0,0,0,0,0,0,0,0,1000,0,0,0,1000,0,1000,1000
054946,億光元大97購01  ,0,0,0,0,0,0,0,0,0,1000,0,0,0,1000,0,1000,1000
054929,群電凱基97購01  ,0,0,0,0,0,0,0,0,0,1000,0,0,0,30000,29000,1000,1000
056747,致新凱基99購01  ,0,0,0,0,0,0,0,0,0,1000,0,0,0,1000,0,1000,1000
055469,台光電凱基97購01,0,0,0,0,0,0,0,0,0,1000,0,0,0,1000,0,1000,1000
055701,亞德客富邦99購01,0,0,0,0,0,0,0,0,0,1000,0,0,0,3000,2000,1000,1000
055793,臺股指凱基97購16,0,0,0,0,0,0,0,0,0,1000,0,0,0,1000,0,1000,1000
055988,矽力元富97購01  ,0,0,0,0,0,0,0,0,0,1000,0,0,0,11000,10000,1000,1000
056240,嘉晶群益97購02  ,0,0,0,0,0,0,0,0,0,1000,0,0,0,1000,0,1000,1000
061166,玉晶光兆豐9B購01,0,0,0,0,0,0,0,0,0,1000,0,0,0,1000,0,1000,1000
061051,臺股指中信9A購06,0,0,0,0,0,0,0,0,0,1000,0,0,0,1000,0,1000,1000
061034,晶豪科永豐9A購01,0,0,0,0,0,0,0,0,0,1000,0,0,0,1000,0,1000,1000
061027,儒鴻永豐9A購02  ,0,0,0,0,0,0,0,0,0,1000,0,0,0,11000,10000,1000,1000
060678,聯詠元大9A購03  ,0,0,0,0,0,0,0,0,0,1000,0,0,0,3000,2000,1000,1000
060775,世芯凱基9A購02  ,0,0,0,0,0,0,0,0,0,1000,0,0,0,1000,0,1000,1000
06076P,大立光凱基98售03,0,0,0,0,0,0,0,0,0,1000,0,0,0,1000,0,1000,1000
060588,台灣50台新9A購03,0,0,0,0,0,0,0,0,0,1000,0,0,0,1000,0,1000,1000
060576,欣興中信9B購01  ,0,0,0,0,0,0,0,0,0,1000,0,0,0,1000,0,1000,1000
060627,國巨國泰9B購05  ,0,0,0,0,0,0,0,0,0,1000,0,0,0,1000,0,1000,1000
057309,南茂兆豐99購01  ,0,0,0,0,0,0,0,0,0,1000,0,0,0,1000,0,1000,1000
05728P,滬深2X凱基98售03,0,0,0,0,0,0,0,0,0,1000,0,0,0,1000,0,1000,1000
059319,台光電元大99購04,0,0,0,0,0,0,0,0,0,1000,0,0,0,1000,0,1000,1000
059292,華新科元富9B購02,0,0,0,0,0,0,0,0,0,1000,0,0,0,12000,11000,1000,1000
059156,台灣50凱基01購03,0,0,0,0,0,0,0,0,0,1000,0,0,0,1000,0,1000,1000
059180,祥碩元富9A購01  ,0,0,0,0,0,0,0,0,0,1000,0,0,0,1000,0,1000,1000
059170,康控凱基9B購01  ,0,0,0,0,0,0,0,0,0,1000,0,0,0,41000,40000,1000,1000
059195,國巨永豐99購04  ,0,0,0,0,0,0,0,0,0,1000,0,0,0,1000,0,1000,1000
059186,華通富邦9A購01  ,0,0,0,0,0,0,0,0,0,1000,0,0,0,1000,0,1000,1000
058237,嘉晶元大99購04  ,0,0,0,0,0,0,0,0,0,1000,0,0,0,1000,0,1000,1000
059113,群光永豐99購01  ,0,0,0,0,0,0,0,0,0,1000,0,0,0,37000,36000,1000,1000
058024,台積電國泰9A購01,0,0,0,0,0,0,0,0,0,1000,0,0,0,1000,0,1000,1000
058090,聯發科元大98購16,0,0,0,0,0,0,0,0,0,1000,0,0,0,1000,0,1000,1000
058204,世芯凱基9A購01  ,0,0,0,0,0,0,0,0,0,1000,0,0,0,1000,0,1000,1000
058163,道瓊反凱基9B購01,0,0,0,0,0,0,0,0,0,1000,0,0,0,11000,10000,1000,1000
058167,鴻海凱基9A購03  ,0,0,0,0,0,0,0,0,0,1000,0,0,0,1000,0,1000,1000
05797P,臺股指群益96售11,0,0,0,0,0,0,0,0,0,1000,0,0,0,1000,0,1000,1000
057933,聯發科群益98購06,0,0,0,0,0,0,0,0,0,1000,0,0,0,1000,0,1000,1000
059582,台灣50台新99購03,0,0,0,0,0,0,0,0,0,1000,0,0,0,1000,0,1000,1000
059590,台積電元大99購39,0,0,0,0,0,0,0,0,0,1000,0,0,0,1000,0,1000,1000
059591,台積電元大9A購04,0,0,0,0,0,0,0,0,0,1000,0,0,0,2000,1000,1000,1000
059605,臺股指元大9A購42,0,0,0,0,0,0,0,0,0,1000,0,0,0,1000,0,1000,1000
059707,健策凱基9A購03  ,0,0,0,0,0,0,0,0,0,1000,0,0,0,4000,3000,1000,1000
059767,矽力永豐99購01  ,0,0,0,0,0,0,0,0,0,1000,0,0,0,1000,0,1000,1000
059769,滬深2X群益9C購01,0,0,0,0,0,0,0,0,0,1000,0,0,0,1000,0,1000,1000
059770,A50正2群益9C購01,0,0,0,0,0,0,0,0,0,1000,0,0,0,1000,0,1000,1000
058823,聯發科富邦9C購01,0,0,0,0,0,0,0,0,0,1000,0,0,0,1000,0,1000,1000
059998,華航元富99購02  ,0,0,0,0,0,0,0,0,0,1000,0,0,0,1000,0,1000,1000
058799,晶技元大99購04  ,0,0,0,0,0,0,0,0,0,1000,0,0,0,1000,0,1000,1000
058296,明泰凱基99購01  ,0,0,0,0,0,0,0,0,0,1000,0,0,0,1000,0,1000,1000
058360,台光電凱基9A購02,0,0,0,0,0,0,0,0,0,1000,0,0,0,1000,0,1000,1000
058413,義隆兆豐99購01  ,0,0,0,0,0,0,0,0,0,1000,0,0,0,1000,0,1000,1000
05840P,臺股指富邦96售07,0,0,0,0,0,0,0,0,0,1000,0,0,0,1000,0,1000,1000
05892P,大立光中信98售03,0,0,0,0,0,0,0,0,0,1000,0,0,0,1000,0,1000,1000
058528,世紀鋼元大99購02,0,0,0,0,0,0,0,0,0,1000,0,0,0,1000,0,1000,1000
058545,義隆富邦9C購01  ,0,0,0,0,0,0,0,0,0,1000,0,0,0,1000,0,1000,1000
059494,國巨國票9C購01  ,0,0,0,0,0,0,0,0,0,1000,0,0,0,1000,0,1000,1000
059436,大立光元大99購18,0,0,0,0,0,0,0,0,0,1000,0,0,0,1000,0,1000,1000
059455,玉晶光永豐99購05,0,0,0,0,0,0,0,0,0,1000,0,0,0,1000,0,1000,1000
06005P,晶豪科永豐96售04,0,0,0,0,0,0,0,0,0,1000,0,0,0,1000,0,1000,1000
059378,台光電群益9B購01,0,0,0,0,0,0,0,0,0,1000,0,0,0,1000,0,1000,1000
060112,祥碩元大99購04  ,0,0,0,0,0,0,0,0,0,1000,0,0,0,1000,0,1000,1000
058694,鈺齊國票9A購02  ,0,0,0,0,0,0,0,0,0,1000,0,0,0,4000,3000,1000,1000
058575,智邦群益99購01  ,0,0,0,0,0,0,0,0,0,1000,0,0,0,1000,0,1000,1000
059812,上証2X凱基9A購04,0,0,0,0,0,0,0,0,0,1000,0,0,0,1000,0,1000,1000
058647,華新科永豐99購03,0,0,0,0,0,0,0,0,0,1000,0,0,0,1000,0,1000,1000
059791,超眾元大99購06  ,0,0,0,0,0,0,0,0,0,1000,0,0,0,11000,10000,1000,1000
059795,鴻海國票99購07  ,0,0,0,0,0,0,0,0,0,1000,0,0,0,2000,1000,1000,1000
057349,聯發科統一98購04,0,0,0,0,0,0,0,0,0,1000,0,0,0,1000,0,1000,1000
057822,牧德元大9A購01  ,0,0,0,0,0,0,0,0,0,1000,0,0,0,1000,0,1000,1000
057555,玉晶光凱基9A購02,0,0,0,0,0,0,0,0,0,1000,0,0,0,1000,0,1000,1000
057534,旭富元大98購01  ,0,0,0,0,0,0,0,0,0,1000,0,0,0,1000,0,1000,1000
057488,聯發科元大99購02,0,0,0,0,0,0,0,0,0,1000,0,0,0,1000,0,1000,1000
057894,華通元富02購02  ,0,0,0,0,0,0,0,0,0,1000,0,0,0,1000,0,1000,1000
062024,臺股指中信9C購05,0,0,0,0,0,0,0,0,0,1000,0,0,0,1000,0,1000,1000
062077,聯發科元大9B購04,0,0,0,0,0,0,0,0,0,1000,0,0,0,1000,0,1000,1000
06184P,大立光元大97售06,0,0,0,0,0,0,0,0,0,1000,0,0,0,1000,0,1000,1000
061880,台郡元大9B購02  ,0,0,0,0,0,0,0,0,0,1000,0,0,0,10000,9000,1000,1000
062401,信邦永豐9B購01  ,0,0,0,0,0,0,0,0,0,1000,0,0,0,128000,127000,1000,1000
062435,國巨元大9B購13  ,0,0,0,0,0,0,0,0,0,1000,0,0,0,1000,0,1000,1000
062455,鴻海群益9C購01  ,0,0,0,0,0,0,0,0,0,1000,0,0,0,1000,0,1000,1000
062443,大立光元大9B購05,0,0,0,0,0,0,0,0,0,1000,0,0,0,1000,0,1000,1000
062260,華新科元大9B購09,0,0,0,0,0,0,0,0,0,1000,0,0,0,1000,0,1000,1000
062312,大立光凱基9B購03,0,0,0,0,0,0,0,0,0,1000,0,0,0,1000,0,1000,1000
062300,T50反1中信03購02,0,0,0,0,0,0,0,0,0,1000,0,0,0,1000,0,1000,1000
062323,上銀統一9B購03  ,0,0,0,0,0,0,0,0,0,1000,0,0,0,1000,0,1000,1000
062255,聯發科元大9B購07,0,0,0,0,0,0,0,0,0,1000,0,0,0,17000,16000,1000,1000
06177P,玉晶光元大98售07,0,0,0,0,0,0,0,0,0,1000,0,0,0,1000,0,1000,1000
061471,台積電元大9A購31,0,0,0,0,0,0,0,0,0,1000,0,0,0,26000,25000,1000,1000
061504,祥碩國票9A購02  ,0,0,0,0,0,0,0,0,0,1000,0,0,0,1000,0,1000,1000
061604,台光電凱基9B購01,0,0,0,0,0,0,0,0,0,1000,0,0,0,1000,0,1000,1000
060932,南六永豐9A購02  ,0,0,0,0,0,0,0,0,0,1000,0,0,0,1000,0,1000,1000
061222,台灣50中信9A購02,0,0,0,0,0,0,0,0,0,1000,0,0,0,1000,0,1000,1000
061306,瑞祺永豐9A購02  ,0,0,0,0,0,0,0,0,0,1000,0,0,0,1000,0,1000,1000
062940,華新科凱基9C購02,0,0,0,0,0,0,0,0,0,1000,0,0,0,1000,0,1000,1000
062946,祥碩國泰9C購02  ,0,0,0,0,0,0,0,0,0,1000,0,0,0,16000,15000,1000,1000
062902,智邦元大9B購07  ,0,0,0,0,0,0,0,0,0,1000,0,0,0,55000,54000,1000,1000
063121,友達元大9C購09  ,0,0,0,0,0,0,0,0,0,1000,0,0,0,300000,299000,1000,1000
063075,祥碩永豐9B購04  ,0,0,0,0,0,0,0,0,0,1000,0,0,0,312000,311000,1000,1000
063060,華新科元富9B購03,0,0,0,0,0,0,0,0,0,1000,0,0,0,1000,0,1000,1000
062623,元金2X國票01購01,0,0,0,0,0,0,0,0,0,1000,0,0,0,1000,0,1000,1000
062599,鴻海台新9B購01  ,0,0,0,0,0,0,0,0,0,1000,0,0,0,17000,16000,1000,1000
06277P,臺股指凱基97售09,0,0,0,0,0,0,0,0,0,1000,0,0,0,1000,0,1000,1000
062769,臺股指凱基9B購13,0,0,0,0,0,0,0,0,0,1000,0,0,0,1000,0,1000,1000
062764,世芯凱基9B購02  ,0,0,0,0,0,0,0,0,0,1000,0,0,0,22000,21000,1000,1000
063736,大立光元大9B購08,0,0,0,0,0,0,0,0,0,1000,0,0,0,1000,0,1000,1000
063583,GIS國泰01購01   ,0,0,0,0,0,0,0,0,0,1000,0,0,0,72000,71000,1000,1000
063545,華通兆豐9B購03  ,0,0,0,0,0,0,0,0,0,1000,0,0,0,77000,76000,1000,1000
06355P,聯茂永豐97售02  ,0,0,0,0,0,0,0,0,0,1000,0,0,0,1000,0,1000,1000
063316,聯發科群益9C購03,0,0,0,0,0,0,0,0,0,1000,0,0,0,47000,46000,1000,1000
063427,南六凱基9B購04  ,0,0,0,0,0,0,0,0,0,1000,0,0,0,1000,0,1000,1000
3296,勝德            ,1000,1000,0,0,0,0,0,0,0,1000,1000,0,1000,0,0,0,1000
3046,建碁            ,1000,0,1000,0,0,0,0,0,0,0,0,0,0,0,0,0,1000
2438,翔耀            ,1000,0,1000,0,0,0,0,0,0,0,0,0,0,0,0,0,1000
6625,必應            ,1000,0,1000,0,0,0,0,0,0,0,0,0,0,0,0,0,1000
6201,亞弘電          ,1000,1000,0,0,0,0,0,0,0,1000,1000,0,1000,0,0,0,1000
6405,悅城            ,1000,0,1000,0,0,0,0,0,0,0,0,0,0,0,0,0,1000
8467,波力-KY         ,0,0,0,0,0,0,0,0,0,1000,1000,0,1000,0,0,0,1000
8114,振樺電          ,11000,10000,1000,0,0,0,0,0,0,0,1000,1000,0,0,0,0,1000
4439,冠星-KY         ,3000,2000,1000,0,0,0,0,0,0,0,0,0,0,0,0,0,1000
9926,新海            ,1000,0,1000,0,0,0,0,0,0,0,0,0,0,0,0,0,1000
008201,BP上證50        ,0,0,0,0,0,0,0,0,0,500,0,0,0,500,0,500,500
08185P,華新科永豐9B售01,0,0,0,0,0,0,0,0,0,0,0,0,0,60000,60000,0,0
08179P,華新科元大9B售13,0,0,0,0,0,0,0,0,0,0,0,0,0,50000,50000,0,0
1713,國化            ,1000,1000,0,0,0,0,0,0,0,0,0,0,0,0,0,0,0
1616,億泰            ,1000,1000,0,0,0,0,0,0,0,0,0,0,0,0,0,0,0
2008,高興昌          ,3000,3000,0,0,0,0,0,0,0,0,0,0,0,0,0,0,0
1423,利華            ,1000,1000,0,0,0,0,0,0,0,0,0,0,0,0,0,0,0
1516,川飛            ,2000,2000,0,0,0,0,0,0,0,0,0,0,0,0,0,0,0
2243,宏旭-KY         ,1000,1000,0,0,0,0,0,0,0,0,0,0,0,0,0,0,0
2033,佳大            ,1000,1000,0,0,0,0,0,0,0,0,0,0,0,0,0,0,0
07767P,華新科群益9A售07,0,0,0,0,0,0,0,0,0,0,0,0,0,60000,60000,0,0
07749P,台郡凱基9A售01  ,0,0,0,0,0,0,0,0,0,0,0,0,0,20000,20000,0,0
07745P,華新科凱基9A售10,0,0,0,0,0,0,0,0,0,0,0,0,0,60000,60000,0,0
07832P,台積電群益9A售08,0,0,0,0,0,0,0,0,0,0,0,0,0,5000,5000,0,0
07974P,上証2X元大9B售02,0,0,0,0,0,0,0,0,0,0,0,0,0,5000,5000,0,0
08028P,臺股指元大9B售30,0,0,0,0,0,0,0,0,0,0,0,0,0,14000,14000,0,0
07566P,台積電台新9B售02,0,0,0,0,0,0,0,0,0,0,0,0,0,10000,10000,0,0
07676P,華新科永豐9A售02,0,0,0,0,0,0,0,0,0,0,0,0,0,60000,60000,0,0
07653P,華新科群益9A售05,0,0,0,0,0,0,0,0,0,0,0,0,0,60000,60000,0,0
07690P,華新科元大9A售15,0,0,0,0,0,0,0,0,0,0,0,0,0,50000,50000,0,0
07293P,臺股指凱基99售45,0,0,0,0,0,0,0,0,0,0,0,0,0,5000,5000,0,0
07238P,台灣50國票99售07,0,0,0,0,0,0,0,0,0,0,0,0,0,25000,25000,0,0
07489P,國巨國票9A售07  ,0,0,0,0,0,0,0,0,0,0,0,0,0,20000,20000,0,0
07381P,鴻海群益99售05  ,0,0,0,0,0,0,0,0,0,0,0,0,0,30000,30000,0,0
07423P,大立光元大99售33,0,0,0,0,0,0,0,0,0,0,0,0,0,50000,50000,0,0
07390P,華新科康和99售02,0,0,0,0,0,0,0,0,0,0,0,0,0,60000,60000,0,0
07410P,鴻海元大99售44  ,0,0,0,0,0,0,0,0,0,0,0,0,0,20000,20000,0,0
06427P,鴻海元大97售13  ,0,0,0,0,0,0,0,0,0,0,0,0,0,1000,1000,0,0
064278,高鐵元大9C購02  ,0,0,0,0,0,0,0,0,0,0,0,0,0,47000,47000,0,0
064337,大毅元大01購02  ,0,0,0,0,0,0,0,0,0,0,0,0,0,3000,3000,0,0
064341,聯詠元大9C購01  ,0,0,0,0,0,0,0,0,0,0,0,0,0,6000,6000,0,0
064179,上銀富邦01購01  ,0,0,0,0,0,0,0,0,0,0,0,0,0,10000,10000,0,0
064166,和潤統一02購01  ,0,0,0,0,0,0,0,0,0,0,0,0,0,18000,18000,0,0
064198,超眾群益9C購01  ,0,0,0,0,0,0,0,0,0,0,0,0,0,5000,5000,0,0
064231,鴻海統一01購03  ,0,0,0,0,0,0,0,0,0,0,0,0,0,5000,5000,0,0
064092,世紀鋼凱基9C購03,0,0,0,0,0,0,0,0,0,0,0,0,0,11000,11000,0,0
06415P,台積電群益97售07,0,0,0,0,0,0,0,0,0,0,0,0,0,10000,10000,0,0
063841,國巨元大01購01  ,0,0,0,0,0,0,0,0,0,0,0,0,0,34000,34000,0,0
063842,國巨元大9C購10  ,0,0,0,0,0,0,0,0,0,0,0,0,0,61000,61000,0,0
063835,滬深2X元大01購04,0,0,0,0,0,0,0,0,0,0,0,0,0,10000,10000,0,0
063789,智邦台新9C購01  ,0,0,0,0,0,0,0,0,0,0,0,0,0,20000,20000,0,0
063948,高鐵元大9C購01  ,0,0,0,0,0,0,0,0,0,0,0,0,0,16000,16000,0,0
06923P,鴻海群益98售09  ,0,0,0,0,0,0,0,0,0,0,0,0,0,5000,5000,0,0
06908P,健策國泰99售02  ,0,0,0,0,0,0,0,0,0,0,0,0,0,12000,12000,0,0
06877P,台積電兆豐98售04,0,0,0,0,0,0,0,0,0,0,0,0,0,43000,43000,0,0
06856P,台灣50永豐99售03,0,0,0,0,0,0,0,0,0,0,0,0,0,2000,2000,0,0
07002P,鴻海兆豐99售04  ,0,0,0,0,0,0,0,0,0,0,0,0,0,18000,18000,0,0
06985P,華新科富邦9C售02,0,0,0,0,0,0,0,0,0,0,0,0,0,10000,10000,0,0
07045P,上銀國票9A售01  ,0,0,0,0,0,0,0,0,0,0,0,0,0,1000,1000,0,0
07050P,宏達電中信9B售01,0,0,0,0,0,0,0,0,0,0,0,0,0,1000,1000,0,0
06534P,聯發科群益98售04,0,0,0,0,0,0,0,0,0,0,0,0,0,20000,20000,0,0
06611P,祥碩國票98售01  ,0,0,0,0,0,0,0,0,0,0,0,0,0,60000,60000,0,0
06614P,祥碩永豐98售03  ,0,0,0,0,0,0,0,0,0,0,0,0,0,10000,10000,0,0
06600P,貿聯永豐98售01  ,0,0,0,0,0,0,0,0,0,0,0,0,0,20000,20000,0,0
06602P,國巨統一99售02  ,0,0,0,0,0,0,0,0,0,0,0,0,0,2000,2000,0,0
06671P,台積電群益98售04,0,0,0,0,0,0,0,0,0,0,0,0,0,10000,10000,0,0
06699P,台積電統一98售11,0,0,0,0,0,0,0,0,0,0,0,0,0,40000,40000,0,0
064483,瑞儀永豐9C購01  ,0,0,0,0,0,0,0,0,0,0,0,0,0,6000,6000,0,0
064485,儒鴻元大01購01  ,0,0,0,0,0,0,0,0,0,0,0,0,0,16000,16000,0,0
064414,臺股指凱基9C購10,0,0,0,0,0,0,0,0,0,0,0,0,0,12000,12000,0,0
064429,鴻海凱基03購03  ,0,0,0,0,0,0,0,0,0,0,0,0,0,3000,3000,0,0
064430,鴻海凱基03購04  ,0,0,0,0,0,0,0,0,0,0,0,0,0,3000,3000,0,0
064533,技嘉國票01購01  ,0,0,0,0,0,0,0,0,0,0,0,0,0,9000,9000,0,0
064536,富邦金國票01購01,0,0,0,0,0,0,0,0,0,0,0,0,0,21000,21000,0,0
064547,宏達電凱基9C購01,0,0,0,0,0,0,0,0,0,0,0,0,0,27000,27000,0,0
064499,可成元大9C購07  ,0,0,0,0,0,0,0,0,0,0,0,0,0,45000,45000,0,0
06449P,台積電元大98售09,0,0,0,0,0,0,0,0,0,0,0,0,0,484000,484000,0,0
064503,日電貿元大9C購01,0,0,0,0,0,0,0,0,0,0,0,0,0,150000,150000,0,0
064520,京鼎群益02購01  ,0,0,0,0,0,0,0,0,0,0,0,0,0,20000,20000,0,0
064570,TPK群益9C購03   ,0,0,0,0,0,0,0,0,0,0,0,0,0,89000,89000,0,0
064578,TPK國泰02購01   ,0,0,0,0,0,0,0,0,0,0,0,0,0,111000,111000,0,0
064583,光寶科永豐9C購01,0,0,0,0,0,0,0,0,0,0,0,0,0,3000,3000,0,0
064610,儒鴻元大9C購03  ,0,0,0,0,0,0,0,0,0,0,0,0,0,16000,16000,0,0
020011,統一微波高息20N ,0,0,0,0,0,0,0,0,0,0,0,0,0,3000,3000,0,0
0055,元大MSCI金融    ,0,0,0,0,0,0,0,0,0,0,0,0,0,6000,6000,0,0
0061,元大寶滬深      ,0,35000,-35000,0,0,0,0,0,0,35000,10000,10000,0,35000,0,35000,0
006204,永豐臺灣加權    ,0,0,0,0,0,0,0,0,0,0,0,0,0,23000,23000,0,0
00625K,富邦上証+R      ,0,0,0,0,0,0,0,0,0,0,0,0,0,50000,50000,0,0
00657K,國泰日經225+U   ,0,0,0,0,0,0,0,0,0,0,0,0,0,100,100,0,0
00636K,國泰中國A50+U   ,0,0,0,0,0,0,0,0,0,0,0,0,0,100,100,0,0
00707R,元大S&P日圓反1  ,0,0,0,0,0,0,0,0,0,0,0,0,0,1000,1000,0,0
00732,國泰RMB短期報酬 ,0,0,0,0,0,0,0,0,0,0,0,0,0,100000,100000,0,0
00691R,兆豐藍籌30反1   ,0,0,0,0,0,0,0,0,0,0,0,0,0,1000,1000,0,0
00668K,國泰美國道瓊+U  ,0,0,0,0,0,0,0,0,0,0,0,0,0,100,100,0,0
03052X,元展49          ,0,0,0,0,0,0,0,0,0,0,0,0,0,2000,2000,0,0
048747,華通元富97購01  ,0,0,0,0,0,0,0,0,0,0,0,0,0,36000,36000,0,0
051897,台光電國泰97購01,0,0,0,0,0,0,0,0,0,0,0,0,0,3000,3000,0,0
046191,新光金凱基98購01,0,0,0,0,0,0,0,0,0,0,0,0,0,20000,20000,0,0
051776,上証2X群益99購01,0,0,0,0,0,0,0,0,0,0,0,0,0,42000,42000,0,0
051956,滬深2X台新96購01,0,0,0,0,0,0,0,0,0,0,0,0,0,588000,588000,0,0
051971,元金2X凱基97購02,0,0,0,0,0,0,0,0,0,0,0,0,0,10000,10000,0,0
051582,聯發科元大97購02,0,0,0,0,0,0,0,0,0,0,0,0,0,1000,1000,0,0
051688,大立光凱基97購02,0,0,0,0,0,0,0,0,0,0,0,0,0,315000,315000,0,0
051755,台積電元大96購08,0,0,0,0,0,0,0,0,0,0,0,0,0,371000,371000,0,0
054547,鴻海凱基98購02  ,0,0,0,0,0,0,0,0,0,0,0,0,0,4000,4000,0,0
054292,欣興元大96購06  ,0,0,0,0,0,0,0,0,0,0,0,0,0,4000,4000,0,0
054296,世芯元大97購01  ,0,0,0,0,0,0,0,0,0,0,0,0,0,10000,10000,0,0
054299,南電元大96購03  ,0,0,0,0,0,0,0,0,0,0,0,0,0,2000,2000,0,0
054336,台積電統一96購11,0,0,0,0,0,0,0,0,0,0,0,0,0,100000,100000,0,0
053057,聯電國泰97購02  ,0,0,0,0,0,0,0,0,0,0,0,0,0,80000,80000,0,0
05305P,華新科國泰97售01,0,0,0,0,0,0,0,0,0,0,0,0,0,10000,10000,0,0
05304P,國巨國泰97售02  ,0,0,0,0,0,0,0,0,0,0,0,0,0,20000,20000,0,0
055282,聯發科元大97購15,0,0,0,0,0,0,0,0,0,0,0,0,0,6000,6000,0,0
055283,聯發科元大97購16,0,0,0,0,0,0,0,0,0,0,0,0,0,1000,1000,0,0
055232,泰碩國票98購01  ,0,0,0,0,0,0,0,0,0,0,0,0,0,37000,37000,0,0
053323,群創群益98購07  ,0,0,0,0,0,0,0,0,0,0,0,0,0,1000,1000,0,0
053212,友達凱基99購04  ,0,0,0,0,0,0,0,0,0,0,0,0,0,10000,10000,0,0
054716,緯穎康和97購01  ,0,0,0,0,0,0,0,0,0,0,0,0,0,100000,100000,0,0
056681,鴻海統一98購09  ,0,0,0,0,0,0,0,0,0,0,0,0,0,5000,5000,0,0
056682,鴻海統一98購10  ,0,0,0,0,0,0,0,0,0,0,0,0,0,4000,4000,0,0
055324,TPK國票98購03   ,0,0,0,0,0,0,0,0,0,0,0,0,0,38000,38000,0,0
054738,聯發科凱基97購01,0,0,0,0,0,0,0,0,0,0,0,0,0,20000,20000,0,0
054742,京鼎凱基99購01  ,0,0,0,0,0,0,0,0,0,0,0,0,0,4000,4000,0,0
054854,台積電麥證97購01,0,0,0,270000,0,270000,0,0,0,0,0,0,0,270000,270000,0,0
054835,致新中信97購01  ,0,0,0,0,0,0,0,0,0,0,0,0,0,50000,50000,0,0
053758,華新科國泰97購02,0,0,0,0,0,0,0,0,0,0,0,0,0,10000,10000,0,0
053842,聯發科統一96購08,0,0,0,0,0,0,0,0,0,0,0,0,0,350000,350000,0,0
053647,臺股指國票96購10,0,0,0,0,0,0,0,0,0,0,0,0,0,16000,16000,0,0
053560,漢唐國泰98購01  ,0,0,0,0,0,0,0,0,0,0,0,0,0,10000,10000,0,0
054128,台積電元大97購10,0,0,0,0,0,0,0,0,0,0,0,0,0,11000,11000,0,0
054098,嘉晶國票97購04  ,0,0,0,0,0,0,0,0,0,0,0,0,0,4000,4000,0,0
054080,微星中信98購01  ,0,0,0,0,0,0,0,0,0,0,0,0,0,20000,20000,0,0
052329,台積電亞東96購01,0,0,0,0,0,0,0,0,0,0,0,0,0,240000,240000,0,0
052338,道瓊反凱基97購02,0,0,0,0,0,0,0,0,0,0,0,0,0,10000,10000,0,0
054197,台積電永昌96購07,0,0,0,0,0,0,0,0,0,0,0,0,0,330000,330000,0,0
052635,奇力新凱基98購01,0,0,0,0,0,0,0,0,0,0,0,0,0,9000,9000,0,0
052496,華通台新96購02  ,0,0,0,0,0,0,0,0,0,0,0,0,0,400000,400000,0,0
052531,台積電國泰96購06,0,0,0,0,0,0,0,0,0,0,0,0,0,92000,92000,0,0
052556,聯發科國票97購01,0,0,0,0,0,0,0,0,0,0,0,0,0,207000,207000,0,0
052606,聯發科元大97購04,0,0,0,0,0,0,0,0,0,0,0,0,0,1000,1000,0,0
055912,宏達電凱基98購03,0,0,0,0,0,0,0,0,0,0,0,0,0,30000,30000,0,0
055862,矽力元大97購04  ,0,0,0,0,0,0,0,0,0,0,0,0,0,10000,10000,0,0
055811,國巨國票98購05  ,0,0,0,0,0,0,0,0,0,0,0,0,0,1002000,1002000,0,0
055715,智邦元大97購04  ,0,0,0,0,0,0,0,0,0,0,0,0,0,25000,25000,0,0
055686,致伸凱基97購02  ,0,0,0,0,0,0,0,0,0,0,0,0,0,50000,50000,0,0
056882,華邦電康和98購01,0,0,0,0,0,0,0,0,0,0,0,0,0,68000,68000,0,0
056836,國巨元富98購01  ,0,0,0,0,0,0,0,0,0,0,0,0,0,509000,509000,0,0
055834,國巨元大97購13  ,0,0,0,0,0,0,0,0,0,0,0,0,0,3000,3000,0,0
05582P,群創凱基98售06  ,0,0,0,0,0,0,0,0,0,0,0,0,0,77000,77000,0,0
056776,聯茂元大99購01  ,0,0,0,0,0,0,0,0,0,0,0,0,0,9000,9000,0,0
056764,友達元大9A購03  ,0,0,0,0,0,0,0,0,0,0,0,0,0,18000,18000,0,0
056746,超眾凱基99購01  ,0,0,0,0,0,0,0,0,0,0,0,0,0,19000,19000,0,0
056720,世紀鋼永豐98購01,0,0,0,0,0,0,0,0,0,0,0,0,0,74000,74000,0,0
055572,鴻海統一98購04  ,0,0,0,0,0,0,0,0,0,0,0,0,0,5000,5000,0,0
055586,旺宏元大98購06  ,0,0,0,0,0,0,0,0,0,0,0,0,0,6000,6000,0,0
055519,茂林中信99購01  ,0,0,0,0,0,0,0,0,0,0,0,0,0,20000,20000,0,0
055534,晶技群益97購03  ,0,0,0,0,0,0,0,0,0,0,0,0,0,153000,153000,0,0
054959,禾伸堂元大98購01,0,0,0,0,0,0,0,0,0,0,0,0,0,5000,5000,0,0
055176,大毅統一98購02  ,0,0,0,0,0,0,0,0,0,0,0,0,0,2000,2000,0,0
055824,臺股指國票97購11,0,0,0,0,0,0,0,0,0,0,0,0,0,145000,145000,0,0
055448,健策統一97購02  ,0,0,0,0,0,0,0,0,0,0,0,0,0,55000,55000,0,0
055341,台達電凱基97購02,0,0,0,0,0,0,0,0,0,0,0,0,0,40000,40000,0,0
056425,聯發科日盛9A購01,0,0,0,0,0,0,0,0,0,0,0,0,0,200000,200000,0,0
056593,台積電元富98購02,0,0,0,0,0,0,0,0,0,0,0,0,0,70000,70000,0,0
056595,台積電元富98購04,0,0,0,0,0,0,0,0,0,0,0,0,0,30000,30000,0,0
056552,台表科凱基99購01,0,0,0,0,0,0,0,0,0,0,0,0,0,40000,40000,0,0
056537,冠德凱基98購01  ,0,0,0,0,0,0,0,0,0,0,0,0,0,10000,10000,0,0
056543,京鼎凱基98購01  ,0,0,0,0,0,0,0,0,0,0,0,0,0,1000,1000,0,0
056532,技嘉凱基98購01  ,0,0,0,0,0,0,0,0,0,0,0,0,0,4000,4000,0,0
056471,台光電元大99購01,0,0,0,0,0,0,0,0,0,0,0,0,0,2000,2000,0,0
056469,國巨元大99購01  ,0,0,0,0,0,0,0,0,0,0,0,0,0,10000,10000,0,0
056435,台積電凱基98購09,0,0,0,0,0,0,0,0,0,0,0,0,0,4000,4000,0,0
056463,台虹凱基98購02  ,0,0,0,0,0,0,0,0,0,0,0,0,0,5000,5000,0,0
060401,世紀鋼國票9B購01,0,0,0,0,0,0,0,0,0,0,0,0,0,199000,199000,0,0
060475,瑞祺元大9A購01  ,0,0,0,0,0,0,0,0,0,0,0,0,0,14000,14000,0,0
056156,禾伸堂凱基98購04,0,0,0,0,0,0,0,0,0,0,0,0,0,19000,19000,0,0
056182,台光電統一97購03,0,0,0,0,0,0,0,0,0,0,0,0,0,10000,10000,0,0
057874,可成元大99購02  ,0,0,0,0,0,0,0,0,0,0,0,0,0,11000,11000,0,0
057859,神達康和98購01  ,0,0,0,0,0,0,0,0,0,0,0,0,0,106000,106000,0,0
057575,世紀鋼永豐98購02,0,0,0,0,0,0,0,0,0,0,0,0,0,20000,20000,0,0
057524,旺宏元大99購04  ,0,0,0,0,0,0,0,0,0,0,0,0,0,5000,5000,0,0
057810,技嘉元大98購06  ,0,0,0,0,0,0,0,0,0,0,0,0,0,54000,54000,0,0
057777,可成群益9A購03  ,0,0,0,0,0,0,0,0,0,0,0,0,0,17000,17000,0,0
057775,南亞科群益98購02,0,0,0,0,0,0,0,0,0,0,0,0,0,10000,10000,0,0
057346,鴻海統一98購13  ,0,0,0,0,0,0,0,0,0,0,0,0,0,1000,1000,0,0
059796,台積電國票99購10,0,0,0,0,0,0,0,0,0,0,0,0,0,3000,3000,0,0
058619,台灣50國票99購04,0,0,0,0,0,0,0,0,0,0,0,0,0,10000,10000,0,0
059830,台郡凱基99購05  ,0,0,0,0,0,0,0,0,0,0,0,0,0,10000,10000,0,0
059825,嘉晶凱基99購02  ,0,0,0,0,0,0,0,0,0,0,0,0,0,1000,1000,0,0
059828,健策凱基99購05  ,0,0,0,0,0,0,0,0,0,0,0,0,0,3000,3000,0,0
059863,和大凱基99購01  ,0,0,0,0,0,0,0,0,0,0,0,0,0,30000,30000,0,0
058574,台積電群益99購03,0,0,0,0,0,0,0,0,0,0,0,0,0,6000,6000,0,0
057672,茂林元大98購02  ,0,0,0,0,0,0,0,0,0,0,0,0,0,68000,68000,0,0
057658,玉晶光兆豐99購02,0,0,0,0,0,0,0,0,0,0,0,0,0,20000,20000,0,0
057627,和大永豐98購01  ,0,0,0,0,0,0,0,0,0,0,0,0,0,25000,25000,0,0
058672,可成群益9B購02  ,0,0,0,0,0,0,0,0,0,0,0,0,0,8000,8000,0,0
058654,鴻海中信03購01  ,0,0,0,0,0,0,0,0,0,0,0,0,0,3000,3000,0,0
059878,聯茂凱基99購07  ,0,0,0,0,0,0,0,0,0,0,0,0,0,7000,7000,0,0
059889,華新科國票99購04,0,0,0,0,0,0,0,0,0,0,0,0,0,4000,4000,0,0
059910,鴻海元大99購37  ,0,0,0,0,0,0,0,0,0,0,0,0,0,3000,3000,0,0
057683,技嘉日盛98購01  ,0,0,0,0,0,0,0,0,0,0,0,0,0,10000,10000,0,0
059334,A50正2國票9A購02,0,0,0,0,0,0,0,0,0,0,0,0,0,10000,10000,0,0
059347,京鼎凱基99購02  ,0,0,0,0,0,0,0,0,0,0,0,0,0,3000,3000,0,0
059369,滬深2X元富9C購01,0,0,0,0,0,0,0,0,0,0,0,0,0,30000,30000,0,0
060083,和大元大99購02  ,0,0,0,0,0,0,0,0,0,0,0,0,0,9000,9000,0,0
060086,鴻海元大99購42  ,0,0,0,0,0,0,0,0,0,0,0,0,0,2000,2000,0,0
059474,元石油群益99購01,0,0,0,0,0,0,0,0,0,0,0,0,0,35000,35000,0,0
059459,訊芯永豐99購04  ,0,0,0,0,0,0,0,0,0,0,0,0,0,3000,3000,0,0
059467,旺宏元大99購15  ,0,0,0,0,0,0,0,0,0,0,0,0,0,6000,6000,0,0
059429,台積電元大99購35,0,0,0,0,0,0,0,0,0,0,0,0,0,3000,3000,0,0
059530,華新科凱基9A購05,0,0,0,0,0,0,0,0,0,0,0,0,0,3000,3000,0,0
059563,鴻海凱基9A購14  ,0,0,0,0,0,0,0,0,0,0,0,0,0,1000,1000,0,0
059564,鴻海凱基9A購15  ,0,0,0,0,0,0,0,0,0,0,0,0,0,1000,1000,0,0
059573,健策凱基9A購02  ,0,0,0,0,0,0,0,0,0,0,0,0,0,12000,12000,0,0
058568,宏達電凱基9A購02,0,0,0,0,0,0,0,0,0,0,0,0,0,2000,2000,0,0
058505,台積電元大99購08,0,0,0,0,0,0,0,0,0,0,0,0,0,3000,3000,0,0
05850P,台積電兆豐96售06,0,0,0,0,0,0,0,0,0,0,0,0,0,20000,20000,0,0
058512,宏達電元大99購04,0,0,0,0,0,0,0,0,0,0,0,0,0,70000,70000,0,0
058471,台積電日盛9C購01,0,0,0,0,0,0,0,0,0,0,0,0,0,197000,197000,0,0
058907,健策元大99購04  ,0,0,0,0,0,0,0,0,0,0,0,0,0,8000,8000,0,0
058571,緯穎凱基9A購02  ,0,0,0,0,0,0,0,0,0,0,0,0,0,48000,48000,0,0
058436,聯發科統一9B購03,0,0,0,0,0,0,0,0,0,0,0,0,0,10000,10000,0,0
058457,創意永豐99購01  ,0,0,0,0,0,0,0,0,0,0,0,0,0,1000,1000,0,0
058344,旺宏群益99購05  ,0,0,0,0,0,0,0,0,0,0,0,0,0,10000,10000,0,0
058313,台積電富邦9B購04,0,0,0,0,0,0,0,0,0,0,0,0,0,50000,50000,0,0
058795,可成元大99購03  ,0,0,0,0,0,0,0,0,0,0,0,0,0,29000,29000,0,0
059968,世紀鋼凱基99購03,0,0,0,0,0,0,0,0,0,0,0,0,0,10000,10000,0,0
059978,國巨元大99購29  ,0,0,0,0,0,0,0,0,0,0,0,0,0,2000,2000,0,0
058743,可成康和99購01  ,0,0,0,0,0,0,0,0,0,0,0,0,0,22000,22000,0,0
060002,T50反1群益9A購01,0,0,0,0,0,0,0,0,0,0,0,0,0,35000,35000,0,0
060020,康控康和99購01  ,0,0,0,0,0,0,0,0,0,0,0,0,0,116000,116000,0,0
058832,立積永豐99購01  ,0,0,0,0,0,0,0,0,0,0,0,0,0,25000,25000,0,0
058838,國巨中信99購03  ,0,0,0,0,0,0,0,0,0,0,0,0,0,29000,29000,0,0
058830,健策永豐99購02  ,0,0,0,0,0,0,0,0,0,0,0,0,0,11000,11000,0,0
058863,可成凱基99購02  ,0,0,0,0,0,0,0,0,0,0,0,0,0,33000,33000,0,0
059772,可成群益9A購05  ,0,0,0,0,0,0,0,0,0,0,0,0,0,10000,10000,0,0
059765,嘉聯益永豐99購02,0,0,0,0,0,0,0,0,0,0,0,0,0,49000,49000,0,0
059720,台積電元大99購43,0,0,0,0,0,0,0,0,0,0,0,0,0,7000,7000,0,0
059721,旺宏元大99購16  ,0,0,0,0,0,0,0,0,0,0,0,0,0,44000,44000,0,0
059716,鴻海元大99購35  ,0,0,0,0,0,0,0,0,0,0,0,0,0,4000,4000,0,0
059717,國巨元大99購21  ,0,0,0,0,0,0,0,0,0,0,0,0,0,7000,7000,0,0
059733,緯穎元大99購08  ,0,0,0,0,0,0,0,0,0,0,0,0,0,3000,3000,0,0
06015P,大立光富邦98售04,0,0,0,0,0,0,0,0,0,0,0,0,0,16000,16000,0,0
060143,台積電國票9B購03,0,0,0,0,0,0,0,0,0,0,0,0,0,3000,3000,0,0
059693,智原永豐99購01  ,0,0,0,0,0,0,0,0,0,0,0,0,0,9000,9000,0,0
059678,鴻海國泰9A購03  ,0,0,0,0,0,0,0,0,0,0,0,0,0,3000,3000,0,0
058980,鴻海凱基99購06  ,0,0,0,0,0,0,0,0,0,0,0,0,0,2000,2000,0,0
058981,國巨凱基99購10  ,0,0,0,0,0,0,0,0,0,0,0,0,0,50000,50000,0,0
057222,鴻海國票99購04  ,0,0,0,0,0,0,0,0,0,0,0,0,0,3000,3000,0,0
057171,台光電元大9B購01,0,0,0,0,0,0,0,0,0,0,0,0,0,3000,3000,0,0
057191,祥碩元大98購05  ,0,0,0,0,0,0,0,0,0,0,0,0,0,4000,4000,0,0
057194,南電元大98購01  ,0,0,0,0,0,0,0,0,0,0,0,0,0,6000,6000,0,0
058178,國巨國泰9A購02  ,0,0,0,0,0,0,0,0,0,0,0,0,0,30000,30000,0,0
058076,神達凱基98購02  ,0,0,0,0,0,0,0,0,0,0,0,0,0,90000,90000,0,0
058060,貿聯元富98購01  ,0,0,0,0,0,0,0,0,0,0,0,0,0,40000,40000,0,0
057080,華新科統一99購02,0,0,0,0,0,0,0,0,0,0,0,0,0,20000,20000,0,0
057062,立積國泰99購01  ,0,0,0,0,0,0,0,0,0,0,0,0,0,45000,45000,0,0
059088,台積電元大99購27,0,0,0,0,0,0,0,0,0,0,0,0,0,3000,3000,0,0
059085,鴻海元大99購25  ,0,0,0,0,0,0,0,0,0,0,0,0,0,7000,7000,0,0
059077,FBVIX元大99購05 ,0,0,0,0,0,0,0,0,0,0,0,0,0,6000,6000,0,0
059058,可成凱基9B購01  ,0,0,0,0,0,0,0,0,0,0,0,0,0,9000,9000,0,0
059059,宏達電凱基99購03,0,0,0,0,0,0,0,0,0,0,0,0,0,2000,2000,0,0
057139,華新科兆豐98購02,0,0,0,0,0,0,0,0,0,0,0,0,0,43000,43000,0,0
057132,華新科凱基98購05,0,0,0,0,0,0,0,0,0,0,0,0,0,30000,30000,0,0
060185,聯發科元富04購01,0,0,0,0,0,0,0,0,0,0,0,0,0,1000,1000,0,0
059209,華通元大99購08  ,0,0,0,0,0,0,0,0,0,0,0,0,0,1000,1000,0,0
059257,臺股指凱基99購35,0,0,0,0,0,0,0,0,0,0,0,0,0,1000,1000,0,0
059237,鴻海凱基9A購10  ,0,0,0,0,0,0,0,0,0,0,0,0,0,1000,1000,0,0
059239,台積電凱基99購12,0,0,0,0,0,0,0,0,0,0,0,0,0,60000,60000,0,0
059216,台積電元大99購29,0,0,0,0,0,0,0,0,0,0,0,0,0,2000,2000,0,0
058144,聯茂元大99購02  ,0,0,0,0,0,0,0,0,0,0,0,0,0,68000,68000,0,0
059288,旺宏元富99購03  ,0,0,0,0,0,0,0,0,0,0,0,0,0,5000,5000,0,0
059317,台積電元大99購34,0,0,0,0,0,0,0,0,0,0,0,0,0,102000,102000,0,0
059318,旺宏元大99購13  ,0,0,0,0,0,0,0,0,0,0,0,0,0,5000,5000,0,0
057291,國巨國泰9A購01  ,0,0,0,0,0,0,0,0,0,0,0,0,0,150000,150000,0,0
057287,彩晶元大9C購03  ,0,0,0,0,0,0,0,0,0,0,0,0,0,100000,100000,0,0
057277,可成元大98購05  ,0,0,0,0,0,0,0,0,0,0,0,0,0,60000,60000,0,0
060577,玉晶光中信9A購02,0,0,0,0,0,0,0,0,0,0,0,0,0,1000,1000,0,0
060755,鴻海元大9A購15  ,0,0,0,0,0,0,0,0,0,0,0,0,0,1000,1000,0,0
060679,聯詠元大9A購04  ,0,0,0,0,0,0,0,0,0,0,0,0,0,4000,4000,0,0
060697,鴻海國泰9C購01  ,0,0,0,0,0,0,0,0,0,0,0,0,0,1000,1000,0,0
060666,聯茂凱基9A購02  ,0,0,0,0,0,0,0,0,0,0,0,0,0,7000,7000,0,0
060734,華通統一9C購01  ,0,0,0,0,0,0,0,0,0,0,0,0,0,5000,5000,0,0
060864,可成永豐9A購01  ,0,0,0,0,0,0,0,0,0,0,0,0,0,7000,7000,0,0
061068,祥碩凱基9B購01  ,0,0,0,0,0,0,0,0,0,0,0,0,0,7000,7000,0,0
061084,京元電兆豐9A購02,0,0,0,0,0,0,0,0,0,0,0,0,0,20000,20000,0,0
061174,鴻海凱基9A購23  ,0,0,0,0,0,0,0,0,0,0,0,0,0,1000,1000,0,0
061118,GIS富邦9A購01   ,0,0,0,0,0,0,0,0,0,0,0,0,0,1000,1000,0,0
063421,可成凱基9C購02  ,0,0,0,0,0,0,0,0,0,0,0,0,0,23000,23000,0,0
063416,台積電凱基9B購10,0,0,0,0,0,0,0,0,0,0,0,0,0,5000,5000,0,0
063417,金像電凱基9B購03,0,0,0,0,0,0,0,0,0,0,0,0,0,47000,47000,0,0
06336P,鴻海元大98售05  ,0,0,0,0,0,0,0,0,0,0,0,0,0,52000,52000,0,0
063329,健策國票9C購01  ,0,0,0,0,0,0,0,0,0,0,0,0,0,24000,24000,0,0
063212,聯發科國票9C購02,0,0,0,0,0,0,0,0,0,0,0,0,0,8000,8000,0,0
063228,聯茂群益9B購01  ,0,0,0,0,0,0,0,0,0,0,0,0,0,5000,5000,0,0
063534,鴻海統一9B購07  ,0,0,0,0,0,0,0,0,0,0,0,0,0,4000,4000,0,0
063757,鴻海統一9C購16  ,0,0,0,0,0,0,0,0,0,0,0,0,0,5000,5000,0,0
063765,上銀元富9B購09  ,0,0,0,0,0,0,0,0,0,0,0,0,0,10000,10000,0,0
063763,上銀元富9B購07  ,0,0,0,0,0,0,0,0,0,0,0,0,0,10000,10000,0,0
063653,儒鴻元富9B購01  ,0,0,0,0,0,0,0,0,0,0,0,0,0,15000,15000,0,0
063704,麗豐群益9B購01  ,0,0,0,0,0,0,0,0,0,0,0,0,0,86000,86000,0,0
063686,國巨永豐9B購04  ,0,0,0,0,0,0,0,0,0,0,0,0,0,4000,4000,0,0
062782,聯發科元大9B購12,0,0,0,0,0,0,0,0,0,0,0,0,0,72000,72000,0,0
062787,超眾元大9C購02  ,0,0,0,0,0,0,0,0,0,0,0,0,0,10000,10000,0,0
062794,鴻海統一9C購15  ,0,0,0,0,0,0,0,0,0,0,0,0,0,8000,8000,0,0
062724,可成凱基9B購04  ,0,0,0,0,0,0,0,0,0,0,0,0,0,5000,5000,0,0
062725,大立光凱基9B購06,0,0,0,0,0,0,0,0,0,0,0,0,0,62000,62000,0,0
062738,可成國票9B購02  ,0,0,0,0,0,0,0,0,0,0,0,0,0,10000,10000,0,0
062632,嘉晶國票9B購01  ,0,0,0,0,0,0,0,0,0,0,0,0,0,26000,26000,0,0
062676,南六台新9B購01  ,0,0,0,0,0,0,0,0,0,0,0,0,0,2000,2000,0,0
062524,鴻海統一9C購09  ,0,0,0,0,0,0,0,0,0,0,0,0,0,1000,1000,0,0
062525,鴻海統一9C購10  ,0,0,0,0,0,0,0,0,0,0,0,0,0,1000,1000,0,0
063094,玉晶光國票01購03,0,0,0,0,0,0,0,0,0,0,0,0,0,2000,2000,0,0
063104,大立光群益9C購02,0,0,0,0,0,0,0,0,0,0,0,0,0,51000,51000,0,0
063105,健策群益9C購01  ,0,0,0,0,0,0,0,0,0,0,0,0,0,49000,49000,0,0
062859,玉晶光國票01購02,0,0,0,0,0,0,0,0,0,0,0,0,0,70000,70000,0,0
062990,台積電群益9B購06,0,0,0,0,0,0,0,0,0,0,0,0,0,31000,31000,0,0
061313,滬深2X凱基9B購05,0,0,0,0,0,0,0,0,0,0,0,0,0,1000,1000,0,0
060966,台表科凱基9B購01,0,0,0,0,0,0,0,0,0,0,0,0,0,55000,55000,0,0
060964,日月光凱基9A購01,0,0,0,0,0,0,0,0,0,0,0,0,0,30000,30000,0,0
061205,旺宏元大9A購11  ,0,0,0,0,0,0,0,0,0,0,0,0,0,67000,67000,0,0
061245,晶技群益9A購01  ,0,0,0,0,0,0,0,0,0,0,0,0,0,10000,10000,0,0
060914,健策元大9A購03  ,0,0,0,0,0,0,0,0,0,0,0,0,0,13000,13000,0,0
061388,台積電群益9A購05,0,0,0,0,0,0,0,0,0,0,0,0,0,6000,6000,0,0
061018,台積電國票9B購05,0,0,0,0,0,0,0,0,0,0,0,0,0,3000,3000,0,0
060981,旺宏元大9A購08  ,0,0,0,0,0,0,0,0,0,0,0,0,0,6000,6000,0,0
060979,國巨元大9A購14  ,0,0,0,0,0,0,0,0,0,0,0,0,0,30000,30000,0,0
060993,健策元大9B購03  ,0,0,0,0,0,0,0,0,0,0,0,0,0,61000,61000,0,0
060903,臺指反元大9A購01,0,0,0,0,0,0,0,0,0,0,0,0,0,2000,2000,0,0
061617,微星群益9A購02  ,0,0,0,0,0,0,0,0,0,0,0,0,0,10000,10000,0,0
061574,大毅元大9B購01  ,0,0,0,0,0,0,0,0,0,0,0,0,0,1000,1000,0,0
061475,漢唐元大9A購01  ,0,0,0,0,0,0,0,0,0,0,0,0,0,10000,10000,0,0
061499,嘉晶國票9A購03  ,0,0,0,0,0,0,0,0,0,0,0,0,0,7000,7000,0,0
061452,大成鋼凱基9A購01,0,0,0,0,0,0,0,0,0,0,0,0,0,10000,10000,0,0
061674,聯發科元大9A購12,0,0,0,0,0,0,0,0,0,0,0,0,0,8000,8000,0,0
061641,玉晶光元大9A購17,0,0,0,0,0,0,0,0,0,0,0,0,0,1000,1000,0,0
062250,台積電元大9B購02,0,0,0,0,0,0,0,0,0,0,0,0,0,2000,2000,0,0
062188,貿聯元大9B購02  ,0,0,0,0,0,0,0,0,0,0,0,0,0,15000,15000,0,0
062192,南六元大9B購01  ,0,0,0,0,0,0,0,0,0,0,0,0,0,20000,20000,0,0
062325,鴻海統一9B購05  ,0,0,0,0,0,0,0,0,0,0,0,0,0,1000,1000,0,0
062236,信邦凱基9B購01  ,0,0,0,0,0,0,0,0,0,0,0,0,0,20000,20000,0,0
062287,康友群益9B購02  ,0,0,0,0,0,0,0,0,0,0,0,0,0,23000,23000,0,0
062296,南六永豐9B購02  ,0,0,0,0,0,0,0,0,0,0,0,0,0,1000,1000,0,0
062440,聯發科元大9B購11,0,0,0,0,0,0,0,0,0,0,0,0,0,3000,3000,0,0
062473,同欣電凱基9B購01,0,0,0,0,0,0,0,0,0,0,0,0,0,34000,34000,0,0
062417,鴻海統一9C購08  ,0,0,0,0,0,0,0,0,0,0,0,0,0,1000,1000,0,0
062355,華通元大9B購03  ,0,0,0,0,0,0,0,0,0,0,0,0,0,58000,58000,0,0
06236P,台積電元大97售25,0,0,0,0,0,0,0,0,0,0,0,0,0,248000,248000,0,0
061851,智邦國票9B購01  ,0,0,0,0,0,0,0,0,0,0,0,0,0,6000,6000,0,0
061958,鴻海統一01購01  ,0,0,0,0,0,0,0,0,0,0,0,0,0,5000,5000,0,0
06193P,台積電元富97售04,0,0,0,0,0,0,0,0,0,0,0,0,0,33000,33000,0,0
062094,台積電富邦9C購12,0,0,0,0,0,0,0,0,0,0,0,0,0,24000,24000,0,0
062041,華擎凱基9C購01  ,0,0,0,0,0,0,0,0,0,0,0,0,0,10000,10000,0,0
062006,瑞昱國泰9C購01  ,0,0,0,0,0,0,0,0,0,0,0,0,0,139000,139000,0,0
061978,旺宏元大9C購01  ,0,0,0,0,0,0,0,0,0,0,0,0,0,5000,5000,0,0
5533,皇鼎            ,6000,6000,0,0,0,0,0,0,0,0,0,0,0,0,0,0,0
6442,光聖            ,1000,1000,0,0,0,0,0,0,0,0,0,0,0,0,0,0,0
6206,飛捷            ,32000,34000,-2000,0,0,0,0,0,0,2000,2000,0,2000,0,0,0,0
6243,迅杰            ,5000,5000,0,0,0,0,0,0,0,0,0,0,0,0,0,0,0
6464,台數科          ,7000,7000,0,0,0,0,0,0,0,0,0,0,0,0,0,0,0
2482,連宇            ,5000,5000,0,0,0,0,0,0,0,0,0,0,0,0,0,0,0
3130,一零四          ,1000,1000,0,0,0,0,0,0,0,0,0,0,0,0,0,0,0
06469P,臺股指凱基99售09,0,0,0,0,0,0,0,0,0,-1000,0,0,0,5000,6000,-1000,-1000
06470P,臺股指凱基99售10,0,0,0,0,0,0,0,0,0,-1000,0,0,0,0,1000,-1000,-1000
06673P,大立光群益98售01,0,0,0,0,0,0,0,0,0,-1000,0,0,0,0,1000,-1000,-1000
06647P,台積電元大98售13,0,0,0,0,0,0,0,0,0,-1000,0,0,0,0,1000,-1000,-1000
06589P,台積電元大98售12,0,0,0,0,0,0,0,0,0,-1000,0,0,0,300000,301000,-1000,-1000
06478P,臺股指日盛9A售01,0,0,0,0,0,0,0,0,0,-1000,0,0,0,0,1000,-1000,-1000
07033P,大立光統一9B售03,0,0,0,0,0,0,0,0,0,-1000,0,0,0,5000,6000,-1000,-1000
07211P,南亞科凱基99售05,0,0,0,0,0,0,0,0,0,-1000,0,0,0,0,1000,-1000,-1000
07204P,鴻海凱基99售10  ,0,0,0,0,0,0,0,0,0,-1000,0,0,0,0,1000,-1000,-1000
06890P,金融類元大98售02,0,0,0,0,0,0,0,0,0,-1000,0,0,0,0,1000,-1000,-1000
06977P,臺股指元大9A售15,0,0,0,0,0,0,0,0,0,-1000,0,0,0,0,1000,-1000,-1000
06800P,台灣50群益9A售02,0,0,0,0,0,0,0,0,0,-1000,0,0,0,0,1000,-1000,-1000
06804P,臺股指群益98售10,0,0,0,0,0,0,0,0,0,-1000,0,0,0,0,1000,-1000,-1000
064016,南六國票01購01  ,0,0,0,0,0,0,0,0,0,-1000,0,0,0,2000,3000,-1000,-1000
063790,南亞科台新9C購01,0,0,0,0,0,0,0,0,0,-1000,0,0,0,0,1000,-1000,-1000
063771,T50反1富邦02購01,0,0,0,0,0,0,0,0,0,-1000,0,0,0,0,1000,-1000,-1000
064133,力成元大9C購01  ,0,0,0,0,0,0,0,0,0,-1000,0,0,0,4000,5000,-1000,-1000
064219,滬深2X國票03購01,0,0,0,0,0,0,0,0,0,-1000,0,0,0,0,1000,-1000,-1000
064317,日月光群益9C購01,0,0,0,0,0,0,0,0,0,-1000,0,0,0,8000,9000,-1000,-1000
06426P,T50正2元大9B售01,0,0,0,0,0,0,0,0,0,-1000,0,0,0,0,1000,-1000,-1000
07413P,國巨元大99售33  ,0,0,0,0,0,0,0,0,0,-1000,0,0,0,0,1000,-1000,-1000
07444P,聯發科凱基9A售10,0,0,0,0,0,0,0,0,0,-1000,0,0,0,0,1000,-1000,-1000
07271P,台灣50元大9C售04,0,0,0,0,0,0,0,0,0,-1000,0,0,0,0,1000,-1000,-1000
07702P,台積電中信9A售06,0,0,0,0,0,0,0,0,0,-1000,0,0,0,0,1000,-1000,-1000
07596P,上証2X中信01售01,0,0,0,0,0,0,0,0,0,-1000,0,0,0,0,1000,-1000,-1000
07995P,臺股指麥證9C售01,0,0,0,68000,69000,-1000,0,0,0,-1000,0,0,0,68000,69000,-1000,-1000
08034P,台積電兆豐9B售02,0,0,0,0,0,0,0,0,0,-1000,0,0,0,0,1000,-1000,-1000
08041P,臺股指群益9B售14,0,0,0,0,0,0,0,0,0,-1000,0,0,0,0,1000,-1000,-1000
07787P,國巨凱基9A售17  ,0,0,0,0,0,0,0,0,0,-1000,0,0,0,1000,2000,-1000,-1000
07757P,國巨國票9B售04  ,0,0,0,0,0,0,0,0,0,-1000,0,0,0,0,1000,-1000,-1000
07859P,台灣50麥證9A售04,0,0,0,0,1000,-1000,0,0,0,-1000,0,0,0,0,1000,-1000,-1000
07930P,聯發科統一9B售06,0,0,0,0,0,0,0,0,0,-1000,0,0,0,0,1000,-1000,-1000
2028,威致            ,0,0,0,0,0,0,0,0,0,-1000,0,1000,-1000,0,0,0,-1000
2424,隴華            ,0,1000,-1000,0,0,0,0,0,0,0,0,0,0,0,0,0,-1000
2427,三商電          ,7000,9000,-2000,0,0,0,0,0,0,1000,1000,0,1000,0,0,0,-1000
1524,耿鼎            ,6000,18000,-12000,0,0,0,0,0,0,11000,11000,0,11000,0,0,0,-1000
1441,大東            ,0,1000,-1000,0,0,0,0,0,0,0,0,0,0,0,0,0,-1000
1419,新紡            ,3000,4000,-1000,0,0,0,0,0,0,0,0,0,0,0,0,0,-1000
1456,怡華            ,0,1000,-1000,0,0,0,0,0,0,0,0,0,0,0,0,0,-1000
2012,春雨            ,0,1000,-1000,0,0,0,0,0,0,0,0,0,0,0,0,0,-1000
1617,榮星            ,0,1000,-1000,0,0,0,0,0,0,0,0,0,0,0,0,0,-1000
1618,合機            ,3000,4000,-1000,0,0,0,0,0,0,0,0,0,0,0,0,0,-1000
1726,永記            ,0,1000,-1000,0,0,0,0,0,0,0,0,0,0,0,0,0,-1000
08176P,國巨元大9B售20  ,0,0,0,0,0,0,0,0,0,-1000,0,0,0,0,1000,-1000,-1000
08232P,聯發科元富9B售06,0,0,0,0,0,0,0,0,0,-1000,0,0,0,0,1000,-1000,-1000
08273P,國巨元富9C售02  ,0,0,0,0,0,0,0,0,0,-1000,0,0,0,0,1000,-1000,-1000
08274P,台積電元富9C售02,0,0,0,0,0,0,0,0,0,-1000,0,0,0,0,1000,-1000,-1000
08307P,台積電凱基9C售03,0,0,0,0,0,0,0,0,0,-1000,0,0,0,0,1000,-1000,-1000
056128,和大中信99購01  ,0,0,0,0,0,0,0,0,0,-1000,0,0,0,10000,11000,-1000,-1000
060317,台灣50群益02購01,0,0,0,0,0,0,0,0,0,-1000,0,0,0,0,1000,-1000,-1000
060267,上緯控國票9C購01,0,0,0,0,0,0,0,0,0,-1000,0,0,0,0,1000,-1000,-1000
060258,T50反1凱基9A購06,0,0,0,0,0,0,0,0,0,-1000,0,0,0,50000,51000,-1000,-1000
060373,元金2X元富9A購01,0,0,0,0,0,0,0,0,0,-1000,0,0,0,0,1000,-1000,-1000
056592,台積電元富98購01,0,0,0,0,0,0,0,0,0,-1000,0,0,0,199000,200000,-1000,-1000
056374,聯發科統一9B購01,0,0,0,0,0,0,0,0,0,-1000,0,0,0,0,1000,-1000,-1000
055338,GIS兆豐97購01   ,0,0,0,0,0,0,0,0,0,-1000,0,0,0,10000,11000,-1000,-1000
055387,世紀鋼元大97購01,0,0,0,0,0,0,0,0,0,-1000,0,0,0,0,1000,-1000,-1000
056727,滬深反凱基9B購01,0,0,0,0,0,0,0,0,0,-1000,0,0,0,0,1000,-1000,-1000
055846,大立光元大97購09,0,0,0,0,0,0,0,0,0,-1000,0,0,0,0,1000,-1000,-1000
05689P,滬深2X中信97售02,0,0,0,0,0,0,0,0,0,-1000,0,0,0,0,1000,-1000,-1000
056883,美食康和98購01  ,0,0,0,0,0,0,0,0,0,-1000,0,0,0,0,1000,-1000,-1000
055972,GIS元大97購04   ,0,0,0,0,0,0,0,0,0,-1000,0,0,0,25000,26000,-1000,-1000
056041,禾伸堂凱基98購03,0,0,0,0,0,0,0,0,0,-1000,0,0,0,0,1000,-1000,-1000
056207,茂林永豐97購03  ,0,0,0,0,0,0,0,0,0,-1000,0,0,0,0,1000,-1000,-1000
056079,世紀鋼元大97購02,0,0,0,0,0,0,0,0,0,-1000,0,0,0,50000,51000,-1000,-1000
056250,瑞昱兆豐97購02  ,0,0,0,0,0,0,0,0,0,-1000,0,0,0,145000,146000,-1000,-1000
056918,台積電兆豐98購01,0,0,0,0,0,0,0,0,0,-1000,0,0,0,4000,5000,-1000,-1000
052325,高股息中信99購01,0,0,0,0,0,0,0,0,0,-1000,0,0,0,1000,2000,-1000,-1000
053562,玉晶光國泰98購02,0,0,0,0,0,0,0,0,0,-1000,0,0,0,0,1000,-1000,-1000
053481,同欣電元大97購01,0,0,0,0,0,0,0,0,0,-1000,0,0,0,10000,11000,-1000,-1000
053860,台積電元大98購03,0,0,0,0,0,0,0,0,0,-1000,0,0,0,52000,53000,-1000,-1000
053137,旺宏富邦98購01  ,0,0,0,0,0,0,0,0,0,-1000,0,0,0,0,1000,-1000,-1000
05331P,上証2X國票96售01,0,0,0,0,0,0,0,0,0,-1000,0,0,0,0,1000,-1000,-1000
053062,緯穎富邦97購01  ,0,0,0,0,0,0,0,0,0,-1000,0,0,0,0,1000,-1000,-1000
054370,台積電中信9A購01,0,0,0,0,0,0,0,0,0,-1000,0,0,0,59000,60000,-1000,-1000
053382,友達元大9C購02  ,0,0,0,0,0,0,0,0,0,-1000,0,0,0,0,1000,-1000,-1000
054587,玉晶光國泰99購01,0,0,0,0,0,0,0,0,0,-1000,0,0,0,0,1000,-1000,-1000
054578,世芯元大99購01  ,0,0,0,0,0,0,0,0,0,-1000,0,0,0,33000,34000,-1000,-1000
054419,嘉聯益元大98購02,0,0,0,0,0,0,0,0,0,-1000,0,0,0,0,1000,-1000,-1000
052130,國巨凱基9B購01  ,0,0,0,0,0,0,0,0,0,-1000,0,0,0,9000,10000,-1000,-1000
03047X,元展44          ,0,0,0,0,0,0,0,0,0,-1000,0,0,0,0,1000,-1000,-1000
03019X,元展19          ,0,0,0,0,0,0,0,0,0,-1000,0,0,0,0,1000,-1000,-1000
03649C,T50反1凱基99牛05,0,0,0,0,0,0,0,0,0,-1000,0,0,0,0,1000,-1000,-1000
050566,高股息中信97購02,0,0,0,0,0,0,0,0,0,-1000,0,0,0,10000,11000,-1000,-1000
0057,富邦摩台        ,0,0,0,0,0,0,0,0,0,-1000,0,0,0,31000,32000,-1000,-1000
00774B,新光中國政金綠債,0,0,0,0,0,0,0,0,0,-1000,0,0,0,0,1000,-1000,-1000
060547,瑞昱凱基9A購01  ,0,0,0,0,0,0,0,0,0,-1000,0,0,0,22000,23000,-1000,-1000
061128,大立光永豐9A購02,0,0,0,0,0,0,0,0,0,-1000,0,0,0,0,1000,-1000,-1000
061135,聯發科統一9C購03,0,0,0,0,0,0,0,0,0,-1000,0,0,0,0,1000,-1000,-1000
061032,金像電永豐9A購03,0,0,0,0,0,0,0,0,0,-1000,0,0,0,84000,85000,-1000,-1000
061044,世紀鋼永豐9A購02,0,0,0,0,0,0,0,0,0,-1000,0,0,0,0,1000,-1000,-1000
060578,臺股指中信9C購03,0,0,0,0,0,0,0,0,0,-1000,0,0,0,0,1000,-1000,-1000
060598,鴻海凱基9A購20  ,0,0,0,0,0,0,0,0,0,-1000,0,0,0,0,1000,-1000,-1000
060609,玉晶光凱基9B購01,0,0,0,0,0,0,0,0,0,-1000,0,0,0,0,1000,-1000,-1000
060612,世紀鋼凱基9A購01,0,0,0,0,0,0,0,0,0,-1000,0,0,0,0,1000,-1000,-1000
060200,同欣電元富9A購01,0,0,0,0,0,0,0,0,0,-1000,0,0,0,0,1000,-1000,-1000
057225,華新凱基98購01  ,0,0,0,0,0,0,0,0,0,-1000,0,0,0,0,1000,-1000,-1000
05802P,臺股指兆豐96售02,0,0,0,0,0,0,0,0,0,-1000,0,0,0,0,1000,-1000,-1000
05717P,鴻海元大97售07  ,0,0,0,0,0,0,0,0,0,-1000,0,0,0,0,1000,-1000,-1000
05798P,臺股指群益96售12,0,0,0,0,0,0,0,0,0,-1000,0,0,0,0,1000,-1000,-1000
059617,A50正2群益01購02,0,0,0,0,0,0,0,0,0,-1000,0,0,0,0,1000,-1000,-1000
059632,聯發科凱基01購01,0,0,0,0,0,0,0,0,0,-1000,0,0,0,4000,5000,-1000,-1000
059713,滬深2X元大9C購04,0,0,0,0,0,0,0,0,0,-1000,0,0,0,0,1000,-1000,-1000
059756,奇力新富邦9C購01,0,0,0,0,0,0,0,0,0,-1000,0,0,0,0,1000,-1000,-1000
058861,國巨凱基9A購08  ,0,0,0,0,0,0,0,0,0,-1000,0,0,0,0,1000,-1000,-1000
060027,元金2X永豐99購02,0,0,0,0,0,0,0,0,0,-1000,0,0,0,0,1000,-1000,-1000
060031,旭富永豐99購02  ,0,0,0,0,0,0,0,0,0,-1000,0,0,0,2000,3000,-1000,-1000
059972,S&P正2元大99購03,0,0,0,0,0,0,0,0,0,-1000,0,0,0,9000,10000,-1000,-1000
060044,大立光群益99購09,0,0,0,0,0,0,0,0,0,-1000,0,0,0,0,1000,-1000,-1000
058491,滬深2X群益01購01,0,0,0,0,0,0,0,0,0,-1000,0,0,0,0,1000,-1000,-1000
05855P,滬深2X中信9C售01,0,0,0,0,0,0,0,0,0,-1000,0,0,0,0,1000,-1000,-1000
059536,新光金凱基99購05,0,0,0,0,0,0,0,0,0,-1000,0,0,0,30000,31000,-1000,-1000
059427,國巨元大99購24  ,0,0,0,0,0,0,0,0,0,-1000,0,0,0,0,1000,-1000,-1000
059373,滬深2X群益01購03,0,0,0,0,0,0,0,0,0,-1000,0,0,0,0,1000,-1000,-1000
057677,臺股指元大98購07,0,0,0,0,0,0,0,0,0,-1000,0,0,0,0,1000,-1000,-1000
059883,T50反1國票99購02,0,0,0,0,0,0,0,0,0,-1000,0,0,0,0,1000,-1000,-1000
057596,聯茂兆豐99購01  ,0,0,0,0,0,0,0,0,0,-1000,0,0,0,0,1000,-1000,-1000
057665,技嘉元大99購01  ,0,0,0,0,0,0,0,0,0,-1000,0,0,0,4000,5000,-1000,-1000
057331,台積電國票99購04,0,0,0,0,0,0,0,0,0,-1000,0,0,0,22000,23000,-1000,-1000
057446,旺宏元富02購01  ,0,0,0,0,0,0,0,0,0,-1000,0,0,0,10000,11000,-1000,-1000
057776,京元電群益98購02,0,0,0,0,0,0,0,0,0,-1000,0,0,0,24000,25000,-1000,-1000
057505,健策麥證98購01  ,0,0,0,68000,229000,-161000,0,0,0,-1000,0,0,0,228000,229000,-1000,-1000
057867,大立光凱基98購17,0,0,0,0,0,0,0,0,0,-1000,0,0,0,0,1000,-1000,-1000
057872,旺宏元大99購06  ,0,0,0,0,0,0,0,0,0,-1000,0,0,0,33000,34000,-1000,-1000
057873,義隆元大98購03  ,0,0,0,0,0,0,0,0,0,-1000,0,0,0,0,1000,-1000,-1000
061980,聯發科元大9B購01,0,0,0,0,0,0,0,0,0,-1000,0,0,0,1000,2000,-1000,-1000
062083,健策元大9C購03  ,0,0,0,0,0,0,0,0,0,-1000,0,0,0,114000,115000,-1000,-1000
061938,大立光國票9B購03,0,0,0,0,0,0,0,0,0,-1000,0,0,0,0,1000,-1000,-1000
061837,華新科凱基05購02,0,0,0,0,0,0,0,0,0,-1000,0,0,0,11000,12000,-1000,-1000
062234,廣達凱基9B購01  ,0,0,0,0,0,0,0,0,0,-1000,0,0,0,29000,30000,-1000,-1000
061683,台灣50群益9B購09,0,0,0,0,0,0,0,0,0,-1000,0,0,0,0,1000,-1000,-1000
061777,臺指反群益9B購01,0,0,0,0,0,0,0,0,0,-1000,0,0,0,0,1000,-1000,-1000
061778,元金2X群益9B購02,0,0,0,0,0,0,0,0,0,-1000,0,0,0,0,1000,-1000,-1000
061794,國巨永豐9B購01  ,0,0,0,0,0,0,0,0,0,-1000,0,0,0,0,1000,-1000,-1000
061728,華新科麥證9A購02,0,0,0,12000,13000,-1000,0,0,0,-1000,0,0,0,12000,13000,-1000,-1000
061493,T50反1國票9B購04,0,0,0,0,0,0,0,0,0,-1000,0,0,0,0,1000,-1000,-1000
060900,超眾凱基9B購01  ,0,0,0,0,0,0,0,0,0,-1000,0,0,0,0,1000,-1000,-1000
061229,緯穎中信9B購01  ,0,0,0,0,0,0,0,0,0,-1000,0,0,0,152000,153000,-1000,-1000
062951,鴻海永豐9B購02  ,0,0,0,0,0,0,0,0,0,-1000,0,0,0,0,1000,-1000,-1000
062964,FBVIX元富9B購01 ,0,0,0,0,0,0,0,0,0,-1000,0,0,0,0,1000,-1000,-1000
062840,臺股指群益9B購07,0,0,0,0,0,0,0,0,0,-1000,0,0,0,0,1000,-1000,-1000
062883,智易兆豐9C購01  ,0,0,0,0,0,0,0,0,0,-1000,0,0,0,0,1000,-1000,-1000
063172,廣達中信9C購01  ,0,0,0,0,0,0,0,0,0,-1000,0,0,0,63000,64000,-1000,-1000
063086,祥碩凱基9C購01  ,0,0,0,0,0,0,0,0,0,-1000,0,0,0,101000,102000,-1000,-1000
063021,大立光元大9C購05,0,0,0,0,0,0,0,0,0,-1000,0,0,0,54000,55000,-1000,-1000
062607,美食凱基9B購01  ,0,0,0,0,0,0,0,0,0,-1000,0,0,0,2000,3000,-1000,-1000
062813,台積電兆豐9B購01,0,0,0,0,0,0,0,0,0,-1000,0,0,0,76000,77000,-1000,-1000
063543,技嘉台新9B購02  ,0,0,0,0,0,0,0,0,0,-1000,0,0,0,0,1000,-1000,-1000
06362P,臺股指麥證97售01,0,0,0,0,1000,-1000,0,0,0,-1000,0,0,0,0,1000,-1000,-1000
063192,技嘉台新9B購01  ,0,0,0,0,0,0,0,0,0,-1000,0,0,0,55000,56000,-1000,-1000
063193,聯發科台新9B購02,0,0,0,0,0,0,0,0,0,-1000,0,0,0,31000,32000,-1000,-1000
063378,茂林永豐9B購02  ,0,0,0,0,0,0,0,0,0,-1000,0,0,0,0,1000,-1000,-1000
063474,康控元大9B購04  ,0,0,0,0,0,0,0,0,0,-1000,0,0,0,84000,85000,-1000,-1000
3432,台端            ,1000,2000,-1000,0,0,0,0,0,0,0,0,0,0,0,0,0,-1000
3494,誠研            ,0,1000,-1000,0,0,0,0,0,0,0,0,0,0,0,0,0,-1000
3528,安馳            ,0,1000,-1000,0,0,0,0,0,0,0,0,0,0,0,0,0,-1000
3055,蔚華科          ,7000,8000,-1000,0,0,0,0,0,0,0,0,0,0,0,0,0,-1000
2910,統領            ,0,1000,-1000,0,0,0,0,0,0,0,0,0,0,0,0,0,-1000
2491,吉祥全          ,1000,2000,-1000,0,0,0,0,0,0,0,0,0,0,0,0,0,-1000
2509,全坤建          ,1000,2000,-1000,0,0,0,0,0,0,0,0,0,0,0,0,0,-1000
6655,科定            ,0,1000,-1000,0,0,0,0,0,0,0,0,0,0,0,0,0,-1000
6670,復盛應用        ,69000,55000,14000,0,0,0,0,0,0,-15000,15000,22000,-7000,0,8000,-8000,-1000
4755,三福化          ,1000,2000,-1000,0,0,0,0,0,0,0,0,0,0,0,0,0,-1000
4581,光隆精密-KY     ,0,1000,-1000,0,0,0,0,0,0,0,0,0,0,0,0,0,-1000
9929,秋雨            ,0,1000,-1000,0,0,0,0,0,0,0,0,0,0,0,0,0,-1000
08394P,大立光群益9C售05,0,0,0,0,0,0,0,0,0,-2000,0,0,0,0,2000,-2000,-2000
08192P,大毅國票9B售05  ,0,0,0,0,0,0,0,0,0,-2000,0,0,0,100000,102000,-2000,-2000
1776,展宇            ,1000,2000,-1000,0,0,0,0,0,0,-1000,0,1000,-1000,0,0,0,-2000
2380,虹光            ,0,2000,-2000,0,0,0,0,0,0,0,0,0,0,0,0,0,-2000
07931P,國巨元大9B售03  ,0,0,0,0,0,0,0,0,0,-2000,0,0,0,0,2000,-2000,-2000
08099P,聯發科中信9B售04,0,0,0,0,0,0,0,0,0,-2000,0,0,0,0,2000,-2000,-2000
07950P,智邦元大9B售04  ,0,0,0,0,0,0,0,0,0,-2000,0,0,0,16000,18000,-2000,-2000
07538P,玉晶光元富9A售05,0,0,0,0,0,0,0,0,0,-2000,0,0,0,0,2000,-2000,-2000
07526P,臺股指中信9B售08,0,0,0,0,0,0,0,0,0,-2000,0,0,0,0,2000,-2000,-2000
07234P,台灣50元大9B售04,0,0,0,0,0,0,0,0,0,-2000,0,0,0,0,2000,-2000,-2000
07503P,禾伸堂元大9A售01,0,0,0,0,0,0,0,0,0,-2000,0,0,0,135000,137000,-2000,-2000
07409P,台積電台新99售07,0,0,0,0,0,0,0,0,0,-2000,0,0,0,0,2000,-2000,-2000
064088,大立光凱基02購01,0,0,0,0,0,0,0,0,0,-2000,0,0,0,25000,27000,-2000,-2000
063830,智伸科國票01購01,0,0,0,0,0,0,0,0,0,-2000,0,0,0,11000,13000,-2000,-2000
063861,南亞科國泰02購01,0,0,0,0,0,0,0,0,0,-2000,0,0,0,9000,11000,-2000,-2000
06838P,台積電統一99售05,0,0,0,0,0,0,0,0,0,-2000,0,0,0,0,2000,-2000,-2000
06960P,國巨凱基99售08  ,0,0,0,0,0,0,0,0,0,-2000,0,0,0,0,2000,-2000,-2000
06945P,國巨群益99售04  ,0,0,0,0,0,0,0,0,0,-2000,0,0,0,0,2000,-2000,-2000
07186P,臺股指統一9C售02,0,0,0,0,0,0,0,0,0,-2000,0,0,0,0,2000,-2000,-2000
06546P,聯發科元大98售05,0,0,0,0,0,0,0,0,0,-2000,0,0,0,0,2000,-2000,-2000
064608,滬深2X元大9C購11,0,0,0,0,0,0,0,0,0,-2000,0,0,0,0,2000,-2000,-2000
064586,緯創永豐9C購01  ,0,0,0,0,0,0,0,0,0,-2000,0,0,0,0,2000,-2000,-2000
064435,聯發科凱基02購03,0,0,0,0,0,0,0,0,0,-2000,0,0,0,0,2000,-2000,-2000
00735,國泰臺韓科技    ,0,16000,-16000,0,0,0,0,0,0,14000,0,0,0,214000,200000,14000,-2000
050100,台積電永昌96購02,0,0,0,0,0,0,0,0,0,-2000,0,0,0,0,2000,-2000,-2000
051423,GIS國票97購01   ,0,0,0,0,0,0,0,0,0,-2000,0,0,0,0,2000,-2000,-2000
054351,華新科國泰97購03,0,0,0,0,0,0,0,0,0,-2000,0,0,0,0,2000,-2000,-2000
053316,友達群益9A購01  ,0,0,0,0,0,0,0,0,0,-2000,0,0,0,54000,56000,-2000,-2000
053220,瀚宇博凱基98購01,0,0,0,0,0,0,0,0,0,-2000,0,0,0,0,2000,-2000,-2000
054816,聯發科元大97購12,0,0,0,0,0,0,0,0,0,-2000,0,0,0,0,2000,-2000,-2000
056697,緯穎群益98購01  ,0,0,0,0,0,0,0,0,0,-2000,0,0,0,0,2000,-2000,-2000
053732,S&P反1中信9C購01,0,0,0,0,0,0,0,0,0,-2000,0,0,0,0,2000,-2000,-2000
053902,S&P反1凱基97購01,0,0,0,0,0,0,0,0,0,-2000,0,0,0,0,2000,-2000,-2000
052326,滬深反中信99購01,0,0,0,0,0,0,0,0,0,-2000,0,0,0,0,2000,-2000,-2000
054217,台表科國票97購05,0,0,0,0,0,0,0,0,0,-2000,0,0,0,136000,138000,-2000,-2000
056242,緯創群益9A購01  ,0,0,0,0,0,0,0,0,0,-2000,0,0,0,1000,3000,-2000,-2000
056029,國巨麥證98購01  ,0,0,0,4000,6000,-2000,0,0,0,-2000,0,0,0,4000,6000,-2000,-2000
055692,緯穎凱基97購03  ,0,0,0,0,0,0,0,0,0,-2000,0,0,0,6000,8000,-2000,-2000
055346,國巨凱基98購02  ,0,0,0,0,0,0,0,0,0,-2000,0,0,0,0,2000,-2000,-2000
056331,聯鈞國票99購01  ,0,0,0,0,0,0,0,0,0,-2000,0,0,0,96000,98000,-2000,-2000
056413,上証反中信9A購01,0,0,0,0,0,0,0,0,0,-2000,0,0,0,0,2000,-2000,-2000
056409,麗豐國票99購01  ,0,0,0,0,0,0,0,0,0,-2000,0,0,0,70000,72000,-2000,-2000
056959,鴻海永豐98購03  ,0,0,0,0,0,0,0,0,0,-2000,0,0,0,0,2000,-2000,-2000
057026,長榮航凱基98購01,0,0,0,0,0,0,0,0,0,-2000,0,0,0,0,2000,-2000,-2000
056457,嘉澤凱基98購01  ,0,0,0,0,0,0,0,0,0,-2000,0,0,0,0,2000,-2000,-2000
060405,中租國泰9C購01  ,0,0,0,0,0,0,0,0,0,-2000,0,0,0,0,2000,-2000,-2000
060495,台灣50元大01購13,0,0,0,0,0,0,0,0,0,-2000,0,0,0,0,2000,-2000,-2000
060180,上証2X元富9A購02,0,0,0,0,0,0,0,0,0,-2000,0,0,0,0,2000,-2000,-2000
060263,臺指反國票9C購01,0,0,0,0,0,0,0,0,0,-2000,0,0,0,0,2000,-2000,-2000
057449,華新科元富99購02,0,0,0,0,0,0,0,0,0,-2000,0,0,0,0,2000,-2000,-2000
057742,喬山永豐98購02  ,0,0,0,0,0,0,0,0,0,-2000,0,0,0,0,2000,-2000,-2000
057735,台灣50富邦9C購02,0,0,0,0,0,0,0,0,0,-2000,0,0,0,2000,4000,-2000,-2000
059537,大立光凱基99購09,0,0,0,0,0,0,0,0,0,-2000,0,0,0,0,2000,-2000,-2000
059531,華新科凱基9B購02,0,0,0,0,0,0,0,0,0,-2000,0,0,0,0,2000,-2000,-2000
058494,可成群益9B購01  ,0,0,0,0,0,0,0,0,0,-2000,0,0,0,37000,39000,-2000,-2000
060006,華通群益9A購04  ,0,0,0,0,0,0,0,0,0,-2000,0,0,0,0,2000,-2000,-2000
058310,大立光元大99購10,0,0,0,0,0,0,0,0,0,-2000,0,0,0,0,2000,-2000,-2000
058368,奇鋐凱基9A購01  ,0,0,0,0,0,0,0,0,0,-2000,0,0,0,0,2000,-2000,-2000
058378,南電凱基99購01  ,0,0,0,0,0,0,0,0,0,-2000,0,0,0,60000,62000,-2000,-2000
059779,滬深2X元大9C購05,0,0,0,0,0,0,0,0,0,-2000,0,0,0,0,2000,-2000,-2000
059744,禾伸堂元富99購02,0,0,0,0,0,0,0,0,0,-2000,0,0,0,0,2000,-2000,-2000
059673,玉山金元富99購01,0,0,0,0,0,0,0,0,0,-2000,0,0,0,18000,20000,-2000,-2000
059705,華新科凱基9A購07,0,0,0,0,0,0,0,0,0,-2000,0,0,0,1000,3000,-2000,-2000
057957,嘉晶元大98購01  ,0,0,0,0,0,0,0,0,0,-2000,0,0,0,4000,6000,-2000,-2000
05808P,臺股指國票96售01,0,0,0,0,0,0,0,0,0,-2000,0,0,0,0,2000,-2000,-2000
057142,力成兆豐98購01  ,0,0,0,0,0,0,0,0,0,-2000,0,0,0,0,2000,-2000,-2000
059056,技嘉凱基99購02  ,0,0,0,0,0,0,0,0,0,-2000,0,0,0,31000,33000,-2000,-2000
061047,大立光第一9A購01,0,0,0,0,0,0,0,0,0,-2000,0,0,0,0,2000,-2000,-2000
060852,京鼎國泰9B購01  ,0,0,0,0,0,0,0,0,0,-2000,0,0,0,0,2000,-2000,-2000
061124,微星永豐9A購02  ,0,0,0,0,0,0,0,0,0,-2000,0,0,0,96000,98000,-2000,-2000
063479,南六元大9B購06  ,0,0,0,0,0,0,0,0,0,-2000,0,0,0,27000,29000,-2000,-2000
063246,嘉晶元大9C購01  ,0,0,0,0,0,0,0,0,0,-2000,0,0,0,203000,205000,-2000,-2000
063519,聚陽凱基9B購02  ,0,0,0,0,0,0,0,0,0,-2000,0,0,0,2000,4000,-2000,-2000
063707,儒鴻凱基9C購01  ,0,0,0,0,0,0,0,0,0,-2000,0,0,0,4000,6000,-2000,-2000
063668,奇力新統一01購03,0,0,0,0,0,0,0,0,0,-2000,0,0,0,0,2000,-2000,-2000
062554,台積電凱基9B購08,0,0,0,0,0,0,0,0,0,-2000,0,0,0,3000,5000,-2000,-2000
061338,台積電元大9A購28,0,0,0,0,0,0,0,0,0,-2000,0,0,0,1000,3000,-2000,-2000
061447,鴻海中信04購02  ,0,0,0,0,0,0,0,0,0,-2000,0,0,0,0,2000,-2000,-2000
061689,國巨群益9A購12  ,0,0,0,0,0,0,0,0,0,-2000,0,0,0,6000,8000,-2000,-2000
061623,祥碩群益9A購01  ,0,0,0,0,0,0,0,0,0,-2000,0,0,0,0,2000,-2000,-2000
062168,大毅永豐9B購01  ,0,0,0,0,0,0,0,0,0,-2000,0,0,0,0,2000,-2000,-2000
062405,泰鼎永豐9B購02  ,0,0,0,0,0,0,0,0,0,-2000,0,0,0,5000,7000,-2000,-2000
062409,巨大永豐9B購02  ,0,0,0,0,0,0,0,0,0,-2000,0,0,0,78000,80000,-2000,-2000
061814,聯發科群益9B購04,0,0,0,0,0,0,0,0,0,-2000,0,0,0,26000,28000,-2000,-2000
061872,友達元大9C購06  ,0,0,0,0,0,0,0,0,0,-2000,0,0,0,120000,122000,-2000,-2000
061943,上銀群益9B購02  ,0,0,0,0,0,0,0,0,0,-2000,0,0,0,0,2000,-2000,-2000
061962,台積電統一01購03,0,0,0,0,0,0,0,0,0,-2000,0,0,0,0,2000,-2000,-2000
062125,嘉晶統一9B購01  ,0,0,0,0,0,0,0,0,0,-2000,0,0,0,0,2000,-2000,-2000
062115,臺股指國票9B購09,0,0,0,0,0,0,0,0,0,-2000,0,0,0,0,2000,-2000,-2000
4807,日成-KY         ,2000,4000,-2000,0,0,0,0,0,0,0,0,0,0,0,0,0,-2000
6671,三能-KY         ,1000,3000,-2000,0,0,0,0,0,0,0,0,0,0,0,0,0,-2000
6431,光麗-KY         ,1000,3000,-2000,0,0,0,0,0,0,0,0,0,0,0,0,0,-2000
8443,阿瘦            ,0,2000,-2000,0,0,0,0,0,0,0,0,0,0,0,0,0,-2000
2483,百容            ,1000,4000,-3000,0,0,0,0,0,0,1000,1000,0,1000,0,0,0,-2000
3002,歐格            ,1000,3000,-2000,0,0,0,0,0,0,0,0,0,0,0,0,0,-2000
064597,鴻海元富9C購03  ,0,0,0,0,0,0,0,0,0,-3000,0,0,0,0,3000,-3000,-3000
064622,晶技元大01購01  ,0,0,0,0,0,0,0,0,0,-3000,0,0,0,0,3000,-3000,-3000
06492P,上銀永豐98售01  ,0,0,0,0,0,0,0,0,0,-3000,0,0,0,227000,230000,-3000,-3000
063921,大立光元富9C購03,0,0,0,0,0,0,0,0,0,-3000,0,0,0,102000,105000,-3000,-3000
064018,儒鴻元大9C購02  ,0,0,0,0,0,0,0,0,0,-3000,0,0,0,19000,22000,-3000,-3000
064118,喬山元大01購01  ,0,0,0,0,0,0,0,0,0,-3000,0,0,0,12000,15000,-3000,-3000
064178,台郡國泰01購01  ,0,0,0,0,0,0,0,0,0,-3000,0,0,0,0,3000,-3000,-3000
07395P,台積電群益99售13,0,0,0,0,0,0,0,0,0,-3000,0,0,0,0,3000,-3000,-3000
07462P,臺股指元大9B售05,0,0,0,0,0,0,0,0,0,-3000,0,0,0,0,3000,-3000,-3000
07456P,華新科元大9A售06,0,0,0,0,0,0,0,0,0,-3000,0,0,0,60000,63000,-3000,-3000
07328P,FBVIX國泰9B售01 ,0,0,0,0,0,0,0,0,0,-3000,0,0,0,0,3000,-3000,-3000
07577P,華新科元大9A售09,0,0,0,0,0,0,0,0,0,-3000,0,0,0,60000,63000,-3000,-3000
07626P,台灣50凱基04售07,0,0,0,0,0,0,0,0,0,-3000,0,0,0,0,3000,-3000,-3000
07703P,玉晶光中信9B售03,0,0,0,0,0,0,0,0,0,-3000,0,0,0,0,3000,-3000,-3000
07668P,旺宏元大9A售10  ,0,0,0,0,0,0,0,0,0,-3000,0,0,0,0,3000,-3000,-3000
08047P,臺股指國票9B售12,0,0,0,0,0,0,0,0,0,-3000,0,0,0,0,3000,-3000,-3000
07884P,華新科凱基9B售08,0,0,0,0,0,0,0,0,0,-3000,0,0,0,50000,53000,-3000,-3000
2032,新鋼            ,0,5000,-5000,0,0,0,0,0,0,2000,2000,0,2000,0,0,0,-3000
08172P,台積電凱基03售02,0,0,0,0,0,0,0,0,0,-3000,0,0,0,20000,23000,-3000,-3000
060524,國巨中信9A購03  ,0,0,0,0,0,0,0,0,0,-3000,0,0,0,0,3000,-3000,-3000
060430,和潤永豐9A購01  ,0,0,0,0,0,0,0,0,0,-3000,0,0,0,20000,23000,-3000,-3000
060383,葡萄王凱基9A購01,0,0,0,0,0,0,0,0,0,-3000,0,0,0,63000,66000,-3000,-3000
056980,建準群益98購02  ,0,0,0,0,0,0,0,0,0,-3000,0,0,0,0,3000,-3000,-3000
055853,群創元大98購03  ,0,0,0,0,0,0,0,0,0,-3000,0,0,0,0,3000,-3000,-3000
053559,台積電國泰98購01,0,0,0,0,0,0,0,0,0,-3000,0,0,0,40000,43000,-3000,-3000
056625,致伸永豐98購01  ,0,0,0,0,0,0,0,0,0,-3000,0,0,0,5000,8000,-3000,-3000
056661,臺股指元大9A購08,0,0,0,0,0,0,0,0,0,-3000,0,0,0,0,3000,-3000,-3000
053320,華新科群益97購01,0,0,0,0,0,0,0,0,0,-3000,0,0,0,0,3000,-3000,-3000
051047,深中小群益99購01,0,0,0,0,0,0,0,0,0,-3000,0,0,0,47000,50000,-3000,-3000
03647C,T50反1元富99牛02,0,0,0,0,0,0,0,0,0,-3000,0,0,0,7000,10000,-3000,-3000
036628,統一台新99購01  ,0,0,0,0,0,0,0,0,0,-3000,0,0,0,0,3000,-3000,-3000
061184,大立光國泰9C購01,0,0,0,0,0,0,0,0,0,-3000,0,0,0,94000,97000,-3000,-3000
061080,華邦電兆豐9B購01,0,0,0,0,0,0,0,0,0,-3000,0,0,0,291000,294000,-3000,-3000
060767,世紀鋼元大9A購02,0,0,0,0,0,0,0,0,0,-3000,0,0,0,7000,10000,-3000,-3000
060769,國巨麥證9A購02  ,0,0,0,0,3000,-3000,0,0,0,-3000,0,0,0,0,3000,-3000,-3000
059299,欣興元富99購03  ,0,0,0,0,0,0,0,0,0,-3000,0,0,0,3000,6000,-3000,-3000
058133,華新科元大9A購02,0,0,0,0,0,0,0,0,0,-3000,0,0,0,2000,5000,-3000,-3000
058123,亞光國票9A購01  ,0,0,0,0,0,0,0,0,0,-3000,0,0,0,35000,38000,-3000,-3000
059187,國巨富邦9B購02  ,0,0,0,0,0,0,0,0,0,-3000,0,0,0,0,3000,-3000,-3000
059115,美食永豐99購01  ,0,0,0,0,0,0,0,0,0,-3000,0,0,0,0,3000,-3000,-3000
058212,華新科群益9A購01,0,0,0,0,0,0,0,0,0,-3000,0,0,0,0,3000,-3000,-3000
059036,可成群益9B購03  ,0,0,0,0,0,0,0,0,0,-3000,0,0,0,15000,18000,-3000,-3000
059681,華新科國泰9B購02,0,0,0,0,0,0,0,0,0,-3000,0,0,0,0,3000,-3000,-3000
059635,華新科凱基9A購06,0,0,0,0,0,0,0,0,0,-3000,0,0,0,0,3000,-3000,-3000
058347,玉晶光群益9B購01,0,0,0,0,0,0,0,0,0,-3000,0,0,0,12000,15000,-3000,-3000
058358,技嘉凱基9A購01  ,0,0,0,0,0,0,0,0,0,-3000,0,0,0,6000,9000,-3000,-3000
058275,S&P500中信9B購01,0,0,0,0,0,0,0,0,0,-3000,0,0,0,0,3000,-3000,-3000
058744,FBVIX凱基9C購03 ,0,0,0,0,0,0,0,0,0,-3000,0,0,0,0,3000,-3000,-3000
060035,臺股指永豐99購04,0,0,0,0,0,0,0,0,0,-3000,0,0,0,0,3000,-3000,-3000
058892,元油2X元大9C購08,0,0,0,0,0,0,0,0,0,-3000,0,0,0,0,3000,-3000,-3000
059435,大立光元大99購17,0,0,0,0,0,0,0,0,0,-3000,0,0,0,0,3000,-3000,-3000
059950,百和永豐99購02  ,0,0,0,0,0,0,0,0,0,-3000,0,0,0,2000,5000,-3000,-3000
059936,台積電永豐99購06,0,0,0,0,0,0,0,0,0,-3000,0,0,0,0,3000,-3000,-3000
05980P,台積電永昌96售09,0,0,0,0,0,0,0,0,0,-3000,0,0,0,0,3000,-3000,-3000
059783,旺宏元大99購17  ,0,0,0,0,0,0,0,0,0,-3000,0,0,0,5000,8000,-3000,-3000
058637,晶技兆豐99購01  ,0,0,0,0,0,0,0,0,0,-3000,0,0,0,37000,40000,-3000,-3000
057919,技嘉凱基98購03  ,0,0,0,0,0,0,0,0,0,-3000,0,0,0,22000,25000,-3000,-3000
062053,華通統一9C購02  ,0,0,0,0,0,0,0,0,0,-3000,0,0,0,191000,194000,-3000,-3000
062178,上銀元大9B購03  ,0,0,0,0,0,0,0,0,0,-3000,0,0,0,0,3000,-3000,-3000
061803,巨大永豐9B購01  ,0,0,0,0,0,0,0,0,0,-3000,0,0,0,39000,42000,-3000,-3000
060885,世紀鋼中信9A購01,0,0,0,0,0,0,0,0,0,-3000,0,0,0,30000,33000,-3000,-3000
062609,帆宣凱基9B購01  ,0,0,0,0,0,0,0,0,0,-3000,0,0,0,50000,53000,-3000,-3000
062666,和碩群益9B購01  ,0,0,0,0,0,0,0,0,0,-3000,0,0,0,197000,200000,-3000,-3000
062833,世芯群益9B購01  ,0,0,0,0,0,0,0,0,0,-3000,0,0,0,22000,25000,-3000,-3000
063699,國巨群益9B購07  ,0,0,0,0,0,0,0,0,0,-3000,0,0,0,0,3000,-3000,-3000
2506,太設            ,4000,7000,-3000,0,0,0,0,0,0,0,0,0,0,0,0,0,-3000
2460,建通            ,2000,5000,-3000,0,0,0,0,0,0,0,0,0,0,0,0,0,-3000
2630,亞航            ,0,3000,-3000,0,0,0,0,0,0,0,0,0,0,0,0,0,-3000
8201,無敵            ,2000,5000,-3000,0,0,0,0,0,0,0,0,0,0,0,0,0,-3000
6641,基士德-KY       ,0,3000,-3000,0,0,0,0,0,0,0,0,0,0,0,0,0,-3000
4562,穎漢            ,0,3000,-3000,0,0,0,0,0,0,0,0,0,0,0,0,0,-3000
08181P,華新科國泰9C售02,0,0,0,0,0,0,0,0,0,-4000,0,0,0,60000,64000,-4000,-4000
08397P,國巨元富9C售04  ,0,0,0,0,0,0,0,0,0,-4000,0,0,0,0,4000,-4000,-4000
1454,台富            ,3000,11000,-8000,0,0,0,0,0,0,4000,4000,0,4000,0,0,0,-4000
1435,中福            ,0,4000,-4000,0,0,0,0,0,0,0,0,0,0,0,0,0,-4000
07313P,台灣50元大99售11,0,0,0,0,0,0,0,0,0,-4000,0,0,0,0,4000,-4000,-4000
07445P,大立光凱基9A售08,0,0,0,0,0,0,0,0,0,-4000,0,0,0,0,4000,-4000,-4000
07470P,國巨元大9A售06  ,0,0,0,0,0,0,0,0,0,-4000,0,0,0,0,4000,-4000,-4000
064087,華新科凱基9C購03,0,0,0,0,0,0,0,0,0,-4000,0,0,0,0,4000,-4000,-4000
064374,旺宏元富9C購01  ,0,0,0,0,0,0,0,0,0,-4000,0,0,0,0,4000,-4000,-4000
064066,達新永豐9C購01  ,0,0,0,0,0,0,0,0,0,-4000,0,0,0,0,4000,-4000,-4000
063986,聯發科富邦02購01,0,0,0,0,0,0,0,0,0,-4000,0,0,0,37000,41000,-4000,-4000
06722P,臺股指中信9A售04,0,0,0,0,0,0,0,0,0,-4000,0,0,0,0,4000,-4000,-4000
064581,葡萄王永豐9C購01,0,0,0,0,0,0,0,0,0,-4000,0,0,0,0,4000,-4000,-4000
06984P,上銀富邦9B售01  ,0,0,0,0,0,0,0,0,0,-4000,0,0,0,209000,213000,-4000,-4000
07013P,玉晶光群益9A售06,0,0,0,0,0,0,0,0,0,-4000,0,0,0,0,4000,-4000,-4000
07093P,台積電凱基99售07,0,0,0,0,0,0,0,0,0,-4000,0,0,0,55000,59000,-4000,-4000
042752,台灣50元大96購03,0,0,0,0,0,0,0,0,0,-4000,0,0,0,20000,24000,-4000,-4000
049636,上証反凱基9A購01,0,0,0,0,0,0,0,0,0,-4000,0,0,0,0,4000,-4000,-4000
00685L,群益臺灣加權正2 ,0,0,0,0,0,0,0,0,0,-4000,0,0,0,6000,10000,-4000,-4000
052090,聯發科元大97購03,0,0,0,0,0,0,0,0,0,-4000,0,0,0,0,4000,-4000,-4000
056658,美食元大98購01  ,0,0,0,0,0,0,0,0,0,-4000,0,0,0,0,4000,-4000,-4000
054695,世芯永豐98購01  ,0,0,0,0,0,0,0,0,0,-4000,0,0,0,35000,39000,-4000,-4000
052313,聯電元大98購01  ,0,0,0,0,0,0,0,0,0,-4000,0,0,0,11000,15000,-4000,-4000
052572,群創凱基99購01  ,0,0,0,0,0,0,0,0,0,-4000,0,0,0,26000,30000,-4000,-4000
056903,大立光元大99購04,0,0,0,0,0,0,0,0,0,-4000,0,0,0,0,4000,-4000,-4000
056089,同欣電統一98購01,0,0,0,0,0,0,0,0,0,-4000,0,0,0,99000,103000,-4000,-4000
055182,京鼎統一98購01  ,0,0,0,0,0,0,0,0,0,-4000,0,0,0,0,4000,-4000,-4000
054923,晶技凱基98購01  ,0,0,0,0,0,0,0,0,0,-4000,0,0,0,1000,5000,-4000,-4000
055487,國巨元大98購07  ,0,0,0,0,0,0,0,0,0,-4000,0,0,0,0,4000,-4000,-4000
05749P,臺股指群益99售03,0,0,0,0,0,0,0,0,0,-4000,0,0,0,16000,20000,-4000,-4000
058718,台灣50元富03購01,0,0,0,0,0,0,0,0,0,-4000,0,0,0,8000,12000,-4000,-4000
057807,友訊元大98購02  ,0,0,0,0,0,0,0,0,0,-4000,0,0,0,135000,139000,-4000,-4000
059866,國巨凱基99購18  ,0,0,0,0,0,0,0,0,0,-4000,0,0,0,0,4000,-4000,-4000
058679,可成日盛99購01  ,0,0,0,0,0,0,0,0,0,-4000,0,0,0,0,4000,-4000,-4000
059526,鴻海凱基99購12  ,0,0,0,0,0,0,0,0,0,-4000,0,0,0,0,4000,-4000,-4000
058348,台表科群益99購01,0,0,0,0,0,0,0,0,0,-4000,0,0,0,0,4000,-4000,-4000
059594,奇力新元大9B購01,0,0,0,0,0,0,0,0,0,-4000,0,0,0,0,4000,-4000,-4000
058998,鴻海元大99購22  ,0,0,0,0,0,0,0,0,0,-4000,0,0,0,0,4000,-4000,-4000
057941,聯電國票99購01  ,0,0,0,0,0,0,0,0,0,-4000,0,0,0,0,4000,-4000,-4000
059138,台積電兆豐99購04,0,0,0,0,0,0,0,0,0,-4000,0,0,0,0,4000,-4000,-4000
057166,國巨元大99購06  ,0,0,0,0,0,0,0,0,0,-4000,0,0,0,49000,53000,-4000,-4000
059190,欣興富邦9A購01  ,0,0,0,0,0,0,0,0,0,-4000,0,0,0,7000,11000,-4000,-4000
058119,華新亞東99購01  ,0,0,0,0,0,0,0,0,0,-4000,0,0,0,0,4000,-4000,-4000
060940,國巨國票9B購03  ,0,0,0,0,0,0,0,0,0,-4000,0,0,0,11000,15000,-4000,-4000
060779,臺股指凱基9A購07,0,0,0,0,0,0,0,0,0,-4000,0,0,0,0,4000,-4000,-4000
061100,SP黃豆元大9A購04,0,0,0,0,0,0,0,0,0,-4000,0,0,0,0,4000,-4000,-4000
061161,南六群益9A購01  ,0,0,0,0,0,0,0,0,0,-4000,0,0,0,0,4000,-4000,-4000
061152,微星群益9A購01  ,0,0,0,0,0,0,0,0,0,-4000,0,0,0,41000,45000,-4000,-4000
061130,牧德永豐9A購04  ,0,0,0,0,0,0,0,0,0,-4000,0,0,0,0,4000,-4000,-4000
06368P,台積電凱基97售15,0,0,0,0,0,0,0,0,0,-4000,0,0,0,0,4000,-4000,-4000
063667,全新統一01購02  ,0,0,0,0,0,0,0,0,0,-4000,0,0,0,96000,100000,-4000,-4000
063289,台表科元大9B購07,0,0,0,0,0,0,0,0,0,-4000,0,0,0,148000,152000,-4000,-4000
062742,技嘉國泰01購01  ,0,0,0,0,0,0,0,0,0,-4000,0,0,0,103000,107000,-4000,-4000
061358,世紀鋼元大9A購04,0,0,0,0,0,0,0,0,0,-4000,0,0,0,12000,16000,-4000,-4000
061647,南六元大9A購03  ,0,0,0,0,0,0,0,0,0,-4000,0,0,0,12000,16000,-4000,-4000
06165P,臺股指凱基9A售03,0,0,0,0,0,0,0,0,0,-4000,0,0,0,0,4000,-4000,-4000
061539,國巨群益9B購03  ,0,0,0,0,0,0,0,0,0,-4000,0,0,0,9000,13000,-4000,-4000
061551,GIS群益9A購01   ,0,0,0,0,0,0,0,0,0,-4000,0,0,0,0,4000,-4000,-4000
062229,南六統一9B購01  ,0,0,0,0,0,0,0,0,0,-4000,0,0,0,10000,14000,-4000,-4000
062368,聯詠元大9B購01  ,0,0,0,0,0,0,0,0,0,-4000,0,0,0,5000,9000,-4000,-4000
061981,聯發科元大9B購02,0,0,0,0,0,0,0,0,0,-4000,0,0,0,7000,11000,-4000,-4000
062154,國巨凱基9C購02  ,0,0,0,0,0,0,0,0,0,-4000,0,0,0,0,4000,-4000,-4000
062080,奇力新元大9B購02,0,0,0,0,0,0,0,0,0,-4000,0,0,0,0,4000,-4000,-4000
061952,臺股指群益9B購01,0,0,0,0,0,0,0,0,0,-4000,0,0,0,0,4000,-4000,-4000
4557,永新-KY         ,2000,6000,-4000,0,0,0,0,0,0,0,0,0,0,0,0,0,-4000
6573,虹揚-KY         ,0,4000,-4000,0,0,0,0,0,0,0,0,0,0,0,0,0,-4000
6579,研揚            ,0,3000,-3000,0,0,0,0,0,0,-1000,0,1000,-1000,0,0,0,-4000
8442,威宏-KY         ,1000,2000,-1000,0,0,0,0,0,0,-3000,0,3000,-3000,0,0,0,-4000
911622,泰聚亨-DR       ,0,0,0,0,0,0,0,0,0,-4000,0,4000,-4000,0,0,0,-4000
2611,志信            ,0,4000,-4000,0,0,0,0,0,0,0,0,0,0,0,0,0,-4000
2613,中櫃            ,0,4000,-4000,0,0,0,0,0,0,0,0,0,0,0,0,0,-4000
2528,皇普            ,5000,8000,-3000,0,0,0,0,0,0,-1000,3000,4000,-1000,0,0,0,-4000
2891B,中信金乙特      ,0,0,0,0,0,0,0,0,0,-4000,0,4000,-4000,0,0,0,-4000
07083P,台積電統一9A售06,0,0,0,0,0,0,0,0,0,-5000,0,0,0,30000,35000,-5000,-5000
07160P,台灣50中信03售04,0,0,0,0,0,0,0,0,0,-5000,0,0,0,0,5000,-5000,-5000
06931P,大立光元大98售20,0,0,0,0,0,0,0,0,0,-5000,0,0,0,0,5000,-5000,-5000
064603,和碩元富9C購01  ,0,0,0,0,0,0,0,0,0,-5000,0,0,0,0,5000,-5000,-5000
064546,燿華凱基02購01  ,0,0,0,0,0,0,0,0,0,-5000,0,0,0,13000,18000,-5000,-5000
064437,可成凱基02購01  ,0,0,0,0,0,0,0,0,0,-5000,0,0,0,12000,17000,-5000,-5000
064416,南亞科中信01購01,0,0,0,0,0,0,0,0,0,-5000,0,0,0,0,5000,-5000,-5000
064478,聚陽富邦01購01  ,0,0,0,0,0,0,0,0,0,-5000,0,0,0,0,5000,-5000,-5000
06504P,麗豐國票99售02  ,0,0,0,0,0,0,0,0,0,-5000,0,0,0,80000,85000,-5000,-5000
06527P,T50正2富邦9C售01,0,0,0,0,0,0,0,0,0,-5000,0,0,0,0,5000,-5000,-5000
06556P,臺股指元大99售08,0,0,0,0,0,0,0,0,0,-5000,0,0,0,0,5000,-5000,-5000
064086,旺宏凱基9C購01  ,0,0,0,0,0,0,0,0,0,-5000,0,0,0,5000,10000,-5000,-5000
063878,國巨元富9C購01  ,0,0,0,0,0,0,0,0,0,-5000,0,0,0,10000,15000,-5000,-5000
063803,世紀鋼凱基01購01,0,0,0,0,0,0,0,0,0,-5000,0,0,0,16000,21000,-5000,-5000
07397P,大立光群益99售10,0,0,0,0,0,0,0,0,0,-5000,0,0,0,0,5000,-5000,-5000
07388P,臺股指群益9C售07,0,0,0,0,0,0,0,0,0,-5000,0,0,0,5000,10000,-5000,-5000
07306P,台灣50凱基9A售09,0,0,0,0,0,0,0,0,0,-5000,0,0,0,15000,20000,-5000,-5000
07264P,台積電元大99售38,0,0,0,0,0,0,0,0,0,-5000,0,0,0,0,5000,-5000,-5000
07732P,台灣50台新9A售05,0,0,0,0,0,0,0,0,0,-5000,0,0,0,0,5000,-5000,-5000
07627P,超眾凱基9A售02  ,0,0,0,0,0,0,0,0,0,-5000,0,0,0,10000,15000,-5000,-5000
07586P,FBVIX台新9A售01 ,0,0,0,0,0,0,0,0,0,-5000,0,0,0,0,5000,-5000,-5000
08042P,臺股指群益9B售15,0,0,0,0,0,0,0,0,0,-5000,0,0,0,6000,11000,-5000,-5000
07984P,臺指反元大02售08,0,0,0,0,0,0,0,0,0,-5000,0,0,0,0,5000,-5000,-5000
08322P,國巨凱基9C售08  ,0,0,0,0,0,0,0,0,0,-5000,0,0,0,0,5000,-5000,-5000
08278P,玉晶光元富9C售02,0,0,0,0,0,0,0,0,0,-5000,0,0,0,0,5000,-5000,-5000
08251P,臺股指群益9C售09,0,0,0,0,0,0,0,0,0,-5000,0,0,0,5000,10000,-5000,-5000
08249P,聯發科群益9C售06,0,0,0,0,0,0,0,0,0,-5000,0,0,0,0,5000,-5000,-5000
056722,滬深反中信9B購01,0,0,0,0,0,0,0,0,0,-5000,0,0,0,0,5000,-5000,-5000
056736,國巨凱基99購03  ,0,0,0,0,0,0,0,0,0,-5000,0,0,0,0,5000,-5000,-5000
055142,健策永豐98購01  ,0,0,0,0,0,0,0,0,0,-5000,0,0,0,18000,23000,-5000,-5000
056263,友訊統一99購01  ,0,0,0,0,0,0,0,0,0,-5000,0,0,0,0,5000,-5000,-5000
056946,國巨統一98購05  ,0,0,0,0,0,0,0,0,0,-5000,0,0,0,10000,15000,-5000,-5000
056347,GIS凱基9A購01   ,0,0,0,0,0,0,0,0,0,-5000,0,0,0,0,5000,-5000,-5000
056481,創意元大98購01  ,0,0,0,0,0,0,0,0,0,-5000,0,0,0,0,5000,-5000,-5000
057008,華新科中信99購02,0,0,0,0,0,0,0,0,0,-5000,0,0,0,0,5000,-5000,-5000
060397,群創國票9A購01  ,0,0,0,0,0,0,0,0,0,-5000,0,0,0,0,5000,-5000,-5000
060434,台汽電永豐9A購01,0,0,0,0,0,0,0,0,0,-5000,0,0,0,5000,10000,-5000,-5000
052659,上証2X國票99購01,0,0,0,0,0,0,0,0,0,-5000,0,0,0,10000,15000,-5000,-5000
054061,晶技國票97購03  ,0,0,0,0,0,0,0,0,0,-5000,0,0,0,0,5000,-5000,-5000
054090,瑞昱群益97購01  ,0,0,0,0,0,0,0,0,0,-5000,0,0,0,0,5000,-5000,-5000
053693,欣興元大96購05  ,0,0,0,0,0,0,0,0,0,-5000,0,0,0,5000,10000,-5000,-5000
053593,晶技元大98購01  ,0,0,0,0,0,0,0,0,0,-5000,0,0,0,152000,157000,-5000,-5000
056700,華新科國泰99購03,0,0,0,0,0,0,0,0,0,-5000,0,0,0,0,5000,-5000,-5000
054811,裕隆元大9A購01  ,0,0,0,0,0,0,0,0,0,-5000,0,0,0,0,5000,-5000,-5000
054784,順德群益9A購01  ,0,0,0,0,0,0,0,0,0,-5000,0,0,0,0,5000,-5000,-5000
053232,友達永豐97購02  ,0,0,0,0,0,0,0,0,0,-5000,0,0,0,30000,35000,-5000,-5000
053153,大立光元大99購02,0,0,0,0,0,0,0,0,0,-5000,0,0,0,5000,10000,-5000,-5000
055229,大毅國票97購02  ,0,0,0,0,0,0,0,0,0,-5000,0,0,0,5000,10000,-5000,-5000
048179,臻鼎富邦97購01  ,0,0,0,0,0,0,0,0,0,-5000,0,0,0,0,5000,-5000,-5000
051970,元黃金凱基98購01,0,0,0,0,0,0,0,0,0,-5000,0,0,0,0,5000,-5000,-5000
02001R,富邦蘋果反一N   ,0,0,0,0,0,0,0,0,0,-5000,0,0,0,40000,45000,-5000,-5000
035276,南亞科台新97購01,0,0,0,0,0,0,0,0,0,-5000,0,0,0,40000,45000,-5000,-5000
060861,漢唐永豐9A購01  ,0,0,0,0,0,0,0,0,0,-5000,0,0,0,88000,93000,-5000,-5000
060808,欣興群益9A購01  ,0,0,0,0,0,0,0,0,0,-5000,0,0,0,0,5000,-5000,-5000
060818,上銀統一9C購01  ,0,0,0,0,0,0,0,0,0,-5000,0,0,0,29000,34000,-5000,-5000
060744,鴻海國票9A購04  ,0,0,0,0,0,0,0,0,0,-5000,0,0,0,0,5000,-5000,-5000
058150,中502X統一9B購01,0,0,0,0,0,0,0,0,0,-5000,0,0,0,0,5000,-5000,-5000
057100,國巨中信9A購02  ,0,0,0,0,0,0,0,0,0,-5000,0,0,0,0,5000,-5000,-5000
059081,和大元大99購01  ,0,0,0,0,0,0,0,0,0,-5000,0,0,0,0,5000,-5000,-5000
059068,台虹國票9A購01  ,0,0,0,0,0,0,0,0,0,-5000,0,0,0,17000,22000,-5000,-5000
058004,大立光群益98購03,0,0,0,0,0,0,0,0,0,-5000,0,0,0,0,5000,-5000,-5000
057996,臻鼎中信98購01  ,0,0,0,0,0,0,0,0,0,-5000,0,0,0,0,5000,-5000,-5000
057178,可成元大98購03  ,0,0,0,0,0,0,0,0,0,-5000,0,0,0,4000,9000,-5000,-5000
058446,新光金富邦9C購01,0,0,0,0,0,0,0,0,0,-5000,0,0,0,0,5000,-5000,-5000
058405,訊連元大99購02  ,0,0,0,0,0,0,0,0,0,-5000,0,0,0,0,5000,-5000,-5000
058800,健策元大99購03  ,0,0,0,0,0,0,0,0,0,-5000,0,0,0,12000,17000,-5000,-5000
058843,元油2X群益9C購02,0,0,0,0,0,0,0,0,0,-5000,0,0,0,0,5000,-5000,-5000
059538,健策凱基99購03  ,0,0,0,0,0,0,0,0,0,-5000,0,0,0,13000,18000,-5000,-5000
059426,鴻海元大99購31  ,0,0,0,0,0,0,0,0,0,-5000,0,0,0,0,5000,-5000,-5000
058925,旭富元富99購02  ,0,0,0,0,0,0,0,0,0,-5000,0,0,0,0,5000,-5000,-5000
058551,義隆永豐99購03  ,0,0,0,0,0,0,0,0,0,-5000,0,0,0,1000,6000,-5000,-5000
058584,百和群益9A購01  ,0,0,0,0,0,0,0,0,0,-5000,0,0,0,5000,10000,-5000,-5000
057550,聯發科凱基02購01,0,0,0,0,0,0,0,0,0,-5000,0,0,0,0,5000,-5000,-5000
057891,華新科統一9A購01,0,0,0,0,0,0,0,0,0,-5000,0,0,0,0,5000,-5000,-5000
057577,廣宇中信9A購01  ,0,0,0,0,0,0,0,0,0,-5000,0,0,0,0,5000,-5000,-5000
061932,上銀國票9B購01  ,0,0,0,0,0,0,0,0,0,-5000,0,0,0,5000,10000,-5000,-5000
061902,百和永豐9B購01  ,0,0,0,0,0,0,0,0,0,-5000,0,0,0,5000,10000,-5000,-5000
062109,聯詠國票9C購01  ,0,0,0,0,0,0,0,0,0,-5000,0,0,0,0,5000,-5000,-5000
062149,牧德國票9B購01  ,0,0,0,0,0,0,0,0,0,-5000,0,0,0,0,5000,-5000,-5000
062054,鴻海統一9C購06  ,0,0,0,0,0,0,0,0,0,-5000,0,0,0,0,5000,-5000,-5000
062421,台積電統一9C購09,8000,0,8000,0,0,0,0,0,0,-13000,0,0,0,0,13000,-13000,-5000
062173,世紀鋼永豐9B購01,0,0,0,0,0,0,0,0,0,-5000,0,0,0,0,5000,-5000,-5000
062262,茂林元大9B購02  ,0,0,0,0,0,0,0,0,0,-5000,0,0,0,5000,10000,-5000,-5000
061615,鴻海群益9A購06  ,0,0,0,0,0,0,0,0,0,-5000,0,0,0,1000,6000,-5000,-5000
061709,SP黃豆凱基01購02,0,0,0,0,0,0,0,0,0,-5000,0,0,0,0,5000,-5000,-5000
061717,力成凱基9B購01  ,0,0,0,0,0,0,0,0,0,-5000,0,0,0,0,5000,-5000,-5000
061298,華新科富邦01購02,0,0,0,0,0,0,0,0,0,-5000,0,0,0,0,5000,-5000,-5000
060982,旺宏元大9A購09  ,0,0,0,0,0,0,0,0,0,-5000,0,0,0,8000,13000,-5000,-5000
06274P,臺股指凱基97售06,0,0,0,0,0,0,0,0,0,-5000,0,0,0,0,5000,-5000,-5000
062741,立積國票9B購02  ,0,0,0,0,0,0,0,0,0,-5000,0,0,0,0,5000,-5000,-5000
062781,微星元大9C購01  ,0,0,0,0,0,0,0,0,0,-5000,0,0,0,10000,15000,-5000,-5000
062767,GIS凱基9B購02   ,0,0,0,0,0,0,0,0,0,-5000,0,0,0,1000,6000,-5000,-5000
063019,聯發科元大9C購01,0,0,0,0,0,0,0,0,0,-5000,0,0,0,111000,116000,-5000,-5000
062857,SP黃豆國票9C購01,0,0,0,0,0,0,0,0,0,-5000,0,0,0,0,5000,-5000,-5000
062844,T50反1國泰9C購01,0,0,0,0,0,0,0,0,0,-5000,0,0,0,0,5000,-5000,-5000
06299P,可成元大97售04  ,0,0,0,0,0,0,0,0,0,-5000,0,0,0,0,5000,-5000,-5000
063321,泰鼎群益9B購03  ,0,0,0,0,0,0,0,0,0,-5000,0,0,0,0,5000,-5000,-5000
063254,臺股指元大9B購41,0,0,0,0,0,0,0,0,0,-5000,0,0,0,0,5000,-5000,-5000
063239,建準元大9B購01  ,0,0,0,0,0,0,0,0,0,-5000,0,0,0,26000,31000,-5000,-5000
06366P,鴻海凱基97售10  ,0,0,0,0,0,0,0,0,0,-5000,0,0,0,0,5000,-5000,-5000
2904,匯僑            ,3000,8000,-5000,0,0,0,0,0,0,0,0,0,0,0,0,0,-5000
3025,星通            ,1000,6000,-5000,0,0,0,0,0,0,0,0,0,0,0,0,0,-5000
3694,海華            ,10000,17000,-7000,0,0,0,0,0,0,2000,2000,0,2000,0,0,0,-5000
2882B,國泰金乙特      ,0,0,0,0,0,0,0,0,0,-5000,5000,0,5000,0,10000,-10000,-5000
2838A,聯邦銀甲特      ,0,0,0,0,0,0,0,0,0,-5000,0,0,0,0,5000,-5000,-5000
8462,柏文            ,85000,85000,0,0,0,0,0,0,0,-5000,0,0,0,0,5000,-5000,-5000
6281,全國電          ,18000,23000,-5000,0,0,0,0,0,0,0,0,0,0,0,0,0,-5000
4763,材料-KY         ,38000,42000,-4000,0,0,0,0,0,0,-1000,5000,6000,-1000,0,0,0,-5000
08215P,旺宏群益9B售04  ,0,0,0,0,0,0,0,0,0,-6000,0,0,0,5000,11000,-6000,-6000
08310P,南電凱基9C售01  ,0,0,0,0,0,0,0,0,0,-6000,0,0,0,4000,10000,-6000,-6000
08340P,聯發科元富9C售01,0,0,0,0,0,0,0,0,0,-6000,0,0,0,28000,34000,-6000,-6000
1312A,國喬特          ,0,0,0,0,0,0,0,0,0,-6000,0,6000,-6000,0,0,0,-6000
1443,立益            ,0,6000,-6000,0,0,0,0,0,0,0,0,0,0,0,0,0,-6000
1786,科妍            ,64000,72000,-8000,0,0,0,0,0,0,2000,6000,4000,2000,0,0,0,-6000
2429,銘旺科          ,0,6000,-6000,0,0,0,0,0,0,0,0,0,0,0,0,0,-6000
08051P,臺股指國票9B售16,0,0,0,0,0,0,0,0,0,-6000,0,0,0,0,6000,-6000,-6000
07818P,台積電國票9C售01,0,0,0,0,0,0,0,0,0,-6000,0,0,0,0,6000,-6000,-6000
07284P,大立光凱基99售10,0,0,0,0,0,0,0,0,0,-6000,0,0,0,1000,7000,-6000,-6000
063946,聯發科元大9C購04,0,0,0,0,0,0,0,0,0,-6000,0,0,0,55000,61000,-6000,-6000
063947,大毅元大9C購02  ,0,0,0,0,0,0,0,0,0,-6000,0,0,0,0,6000,-6000,-6000
06424P,大成鋼永豐97售01,0,0,0,0,0,0,0,0,0,-6000,0,0,0,61000,67000,-6000,-6000
064247,廣達元富9C購01  ,0,0,0,0,0,0,0,0,0,-6000,0,0,0,27000,33000,-6000,-6000
06657P,寶成元大98售01  ,0,0,0,0,0,0,0,0,0,-6000,0,0,0,86000,92000,-6000,-6000
06653P,美食元大98售02  ,0,0,0,0,0,0,0,0,0,-6000,0,0,0,333000,339000,-6000,-6000
064501,大立光元大01購02,0,0,0,0,0,0,0,0,0,-6000,0,0,0,0,6000,-6000,-6000
064607,台灣50元大9C購41,0,0,0,0,0,0,0,0,0,-6000,0,0,0,0,6000,-6000,-6000
054376,聯茂中信97購01  ,0,0,0,0,0,0,0,0,0,-6000,0,0,0,0,6000,-6000,-6000
054593,滬深2X永昌9A購01,0,0,0,0,0,0,0,0,0,-6000,0,0,0,54000,60000,-6000,-6000
055307,瑞昱群益97購02  ,0,0,0,0,0,0,0,0,0,-6000,0,0,0,0,6000,-6000,-6000
052958,T50反1凱基99購02,0,0,0,0,0,0,0,0,0,-6000,0,0,0,0,6000,-6000,-6000
057022,智邦凱基98購04  ,0,0,0,0,0,0,0,0,0,-6000,0,0,0,0,6000,-6000,-6000
056478,晶技元大99購01  ,0,0,0,0,0,0,0,0,0,-6000,0,0,0,1000,7000,-6000,-6000
056364,亞光元大99購02  ,0,0,0,0,0,0,0,0,0,-6000,0,0,0,4000,10000,-6000,-6000
056984,嘉晶群益98購01  ,0,0,0,0,0,0,0,0,0,-6000,0,0,0,30000,36000,-6000,-6000
056302,大立光元大97購17,0,0,0,0,0,0,0,0,0,-6000,0,0,0,0,6000,-6000,-6000
055900,瀚宇博中信97購01,0,0,0,0,0,0,0,0,0,-6000,0,0,0,44000,50000,-6000,-6000
055844,大毅元大98購01  ,0,0,0,0,0,0,0,0,0,-6000,0,0,0,10000,16000,-6000,-6000
055167,友訊統一97購01  ,0,0,0,0,0,0,0,0,0,-6000,0,0,0,0,6000,-6000,-6000
055112,晶豪科凱基98購01,0,0,0,0,0,0,0,0,0,-6000,0,0,0,4000,10000,-6000,-6000
058716,華新科台新99購02,0,0,0,0,0,0,0,0,0,-6000,0,0,0,100000,106000,-6000,-6000
057413,臺股指群益9C購04,0,0,0,0,0,0,0,0,0,-6000,0,0,0,0,6000,-6000,-6000
057669,嘉晶元大99購03  ,0,0,0,0,0,0,0,0,0,-6000,0,0,0,10000,16000,-6000,-6000
060016,廣達康和99購01  ,0,0,0,0,0,0,0,0,0,-6000,0,0,0,70000,76000,-6000,-6000
059973,A50正2元大99購02,0,0,0,0,0,0,0,0,0,-6000,0,0,0,0,6000,-6000,-6000
059957,中信金康和99購01,0,0,0,0,0,0,0,0,0,-6000,0,0,0,0,6000,-6000,-6000
058251,百和元大99購03  ,0,0,0,0,0,0,0,0,0,-6000,0,0,0,0,6000,-6000,-6000
059005,嘉晶元大99購06  ,0,0,0,0,0,0,0,0,0,-6000,0,0,0,20000,26000,-6000,-6000
059032,元石油群益9C購03,0,0,0,0,0,0,0,0,0,-6000,0,0,0,0,6000,-6000,-6000
059646,聯茂凱基99購06  ,0,0,0,0,0,0,0,0,0,-6000,0,0,0,26000,32000,-6000,-6000
059642,健策凱基99購04  ,0,0,0,0,0,0,0,0,0,-6000,0,0,0,3000,9000,-6000,-6000
057050,群創元大99購03  ,0,0,0,0,0,0,0,0,0,-6000,0,0,0,38000,44000,-6000,-6000
058138,晶相光元大9C購01,0,0,0,0,0,0,0,0,0,-6000,0,0,0,0,6000,-6000,-6000
061126,京元電永豐9A購02,0,0,0,0,0,0,0,0,0,-6000,0,0,0,0,6000,-6000,-6000
063655,華通元富9B購01  ,0,0,0,0,0,0,0,0,0,-6000,0,0,0,9000,15000,-6000,-6000
063761,嘉澤統一02購01  ,0,0,0,0,0,0,0,0,0,-6000,0,0,0,14000,20000,-6000,-6000
063734,可成元大9B購04  ,0,0,0,0,0,0,0,0,0,-6000,0,0,0,85000,91000,-6000,-6000
063233,國巨元大9B購19  ,0,0,0,0,0,0,0,0,0,-6000,0,0,0,0,6000,-6000,-6000
063464,廣達元大9B購02  ,0,0,0,0,0,0,0,0,0,-6000,0,0,0,42000,48000,-6000,-6000
063355,超眾元富9B購01  ,0,0,0,0,0,0,0,0,0,-6000,0,0,0,91000,97000,-6000,-6000
063069,道瓊銀富邦05購01,0,0,0,0,0,0,0,0,0,-6000,0,0,0,0,6000,-6000,-6000
062634,玉晶光國票9B購03,0,0,0,0,0,0,0,0,0,-6000,0,0,0,14000,20000,-6000,-6000
061401,華擎兆豐9B購01  ,0,0,0,0,0,0,0,0,0,-6000,0,0,0,0,6000,-6000,-6000
060915,旭富元大9A購01  ,0,0,0,0,0,0,0,0,0,-6000,0,0,0,76000,82000,-6000,-6000
061363,儒鴻國票9B購01  ,0,0,0,0,0,0,0,0,0,-6000,0,0,0,1000,7000,-6000,-6000
061263,微星凱基9A購01  ,0,0,0,0,0,0,0,0,0,-6000,0,0,0,0,6000,-6000,-6000
061541,旺宏群益9A購03  ,0,0,0,0,0,0,0,0,0,-6000,0,0,0,0,6000,-6000,-6000
06244P,智易元富97售02  ,0,0,0,0,0,0,0,0,0,-6000,0,0,0,0,6000,-6000,-6000
061840,長榮航凱基9C購01,0,0,0,0,0,0,0,0,0,-6000,0,0,0,15000,21000,-6000,-6000
911868,同方友友-DR     ,0,6000,-6000,0,0,0,0,0,0,0,0,0,0,0,0,0,-6000
910322,康師傅-DR       ,2000,8000,-6000,0,0,0,0,0,0,0,0,0,0,0,0,0,-6000
2543,皇昌            ,0,6000,-6000,0,0,0,0,0,0,0,0,0,0,0,0,0,-6000
2516,新建            ,76000,82000,-6000,0,0,0,0,0,0,0,0,0,0,0,0,0,-6000
3266,昇陽            ,8000,13000,-5000,0,0,0,0,0,0,-1000,0,1000,-1000,0,0,0,-6000
9937,全國            ,2000,8000,-6000,0,0,0,0,0,0,0,0,0,0,0,0,0,-6000
064486,聚陽元大9C購01  ,0,0,0,0,0,0,0,0,0,-7000,0,0,0,3000,10000,-7000,-7000
06676P,華新科國票98售03,0,0,0,0,0,0,0,0,0,-7000,0,0,0,2000,9000,-7000,-7000
06591P,大立光元大98售14,0,0,0,0,0,0,0,0,0,-7000,0,0,0,0,7000,-7000,-7000
07126P,台積電元大99售23,0,0,0,0,0,0,0,0,0,-7000,0,0,0,0,7000,-7000,-7000
07195P,大立光元大99售12,0,0,0,0,0,0,0,0,0,-7000,0,0,0,0,7000,-7000,-7000
064322,T50反1元大9C購06,0,0,0,0,0,0,0,0,0,-7000,0,0,0,0,7000,-7000,-7000
06396P,新日興康和97售01,0,0,0,0,0,0,0,0,0,-7000,0,0,0,59000,66000,-7000,-7000
063831,帆宣國票01購01  ,0,0,0,0,0,0,0,0,0,-7000,0,0,0,7000,14000,-7000,-7000
063930,高鐵統一02購02  ,0,0,0,0,0,0,0,0,0,-7000,0,0,0,0,7000,-7000,-7000
08017P,華新科國票9B售01,0,0,0,0,0,0,0,0,0,-7000,0,0,0,39000,46000,-7000,-7000
2428,興勤            ,107000,104000,3000,0,0,0,0,0,0,-10000,0,1000,-1000,0,9000,-9000,-7000
08320P,智邦統一9C售02  ,0,0,0,0,0,0,0,0,0,-7000,0,0,0,20000,27000,-7000,-7000
055667,致茂群益98購01  ,0,0,0,0,0,0,0,0,0,-7000,0,0,0,88000,95000,-7000,-7000
055971,矽力元大97購05  ,0,0,0,0,0,0,0,0,0,-7000,0,0,0,10000,17000,-7000,-7000
056922,全新兆豐99購01  ,0,0,0,0,0,0,0,0,0,-7000,0,0,0,13000,20000,-7000,-7000
056502,A50正2永豐98購01,0,0,0,0,0,0,0,0,0,-7000,0,0,0,0,7000,-7000,-7000
060211,智邦康和9A購01  ,0,0,0,0,0,0,0,0,0,-7000,0,0,0,0,7000,-7000,-7000
054540,泰鼎國票99購01  ,0,0,0,0,0,0,0,0,0,-7000,0,0,0,23000,30000,-7000,-7000
054357,可成兆豐97購02  ,0,0,0,0,0,0,0,0,0,-7000,0,0,0,3000,10000,-7000,-7000
0051,元大中型100     ,1000,1000,0,0,0,0,0,0,0,-7000,0,0,0,11000,18000,-7000,-7000
00650L,FH香港正2       ,0,0,0,0,0,0,0,0,0,-7000,0,0,0,909000,916000,-7000,-7000
00731,FH富時高息低波  ,2000,2000,0,0,0,0,0,0,0,-7000,0,0,0,1263000,1270000,-7000,-7000
03007X,元展07          ,0,0,0,0,0,0,0,0,0,-7000,0,0,0,0,7000,-7000,-7000
00700,富邦恒生國企    ,0,0,0,0,0,0,0,0,0,-7000,0,0,0,102000,109000,-7000,-7000
057064,華新科富邦9B購01,0,0,0,0,0,0,0,0,0,-7000,0,0,0,0,7000,-7000,-7000
059675,大立光元富99購08,0,0,0,0,0,0,0,0,0,-7000,0,0,0,0,7000,-7000,-7000
060150,華通富邦9B購01  ,0,0,0,0,0,0,0,0,0,-7000,0,0,0,29000,36000,-7000,-7000
05793P,臺股指中信99售08,0,0,0,0,0,0,0,0,0,-7000,0,0,0,8000,15000,-7000,-7000
058878,旭富國泰9B購01  ,0,0,0,0,0,0,0,0,0,-7000,0,0,0,1000,8000,-7000,-7000
058856,新光金兆豐99購01,0,0,0,0,0,0,0,0,0,-7000,0,0,0,0,7000,-7000,-7000
060105,牧德元大9B購01  ,0,0,0,0,0,0,0,0,0,-7000,0,0,0,9000,16000,-7000,-7000
057724,亞德客國泰99購01,0,0,0,0,0,0,0,0,0,-7000,0,0,0,5000,12000,-7000,-7000
057689,南亞科凱基99購02,0,0,0,0,0,0,0,0,0,-7000,0,0,0,0,7000,-7000,-7000
057375,欣興元大98購09  ,0,0,0,0,0,0,0,0,0,-7000,0,0,0,138000,145000,-7000,-7000
062091,世紀鋼元大9B購01,0,0,0,0,0,0,0,0,0,-7000,0,0,0,18000,25000,-7000,-7000
061770,泰碩元大9B購02  ,0,0,0,0,0,0,0,0,0,-7000,0,0,0,39000,46000,-7000,-7000
06271P,彩晶凱基97售01  ,0,0,0,0,0,0,0,0,0,-7000,0,0,0,0,7000,-7000,-7000
063213,智伸科國票9C購01,0,0,0,0,0,0,0,0,0,-7000,0,0,0,5000,12000,-7000,-7000
063307,同欣電凱基9B購02,0,0,0,0,0,0,0,0,0,-7000,0,0,0,133000,140000,-7000,-7000
063692,華擎永豐9B購02  ,0,0,0,0,0,0,0,0,0,-7000,0,0,0,266000,273000,-7000,-7000
063556,儒鴻元大9B購02  ,0,0,0,0,0,0,0,0,0,-7000,0,0,0,29000,36000,-7000,-7000
3167,大量            ,2000,9000,-7000,0,0,0,0,0,0,0,0,0,0,0,0,0,-7000
2540,愛山林          ,0,7000,-7000,0,0,0,0,0,0,0,0,0,0,0,0,0,-7000
8480,泰昇-KY         ,1000,8000,-7000,0,0,0,0,0,0,0,0,0,0,0,0,0,-7000
8072,陞泰            ,7000,15000,-8000,0,0,0,0,0,0,1000,1000,0,1000,0,0,0,-7000
8374,羅昇            ,11000,18000,-7000,0,0,0,0,0,0,0,1000,1000,0,0,0,0,-7000
1413,宏洲            ,0,8000,-8000,0,0,0,0,0,0,0,0,0,0,0,0,0,-8000
08135P,玉晶光國泰01售02,0,0,0,0,0,0,0,0,0,-8000,0,0,0,103000,111000,-8000,-8000
1463,強盛            ,3000,11000,-8000,0,0,0,0,0,0,0,0,0,0,0,0,0,-8000
08001P,台灣50元大9B售17,0,0,0,0,0,0,0,0,0,-8000,0,0,0,0,8000,-8000,-8000
07369P,台積電凱基99售20,0,0,0,0,0,0,0,0,0,-8000,0,0,0,0,8000,-8000,-8000
07389P,臺股指群益9C售08,0,0,0,0,0,0,0,0,0,-8000,0,0,0,2000,10000,-8000,-8000
07529P,國巨凱基9A售11  ,0,0,0,0,0,0,0,0,0,-8000,0,0,0,5000,13000,-8000,-8000
07557P,玉晶光元大9A售09,0,0,0,0,0,0,0,0,0,-8000,0,0,0,0,8000,-8000,-8000
064335,可成元大9C購05  ,0,0,0,0,0,0,0,0,0,-8000,0,0,0,8000,16000,-8000,-8000
07094P,華通國票9A售03  ,0,0,0,0,0,0,0,0,0,-8000,0,0,0,2000,10000,-8000,-8000
06841P,臺股指統一9A售02,0,0,0,0,0,0,0,0,0,-8000,0,0,0,7000,15000,-8000,-8000
064438,大立光凱基01購03,0,0,0,0,0,0,0,0,0,-8000,0,0,0,0,8000,-8000,-8000
03039X,元展36          ,0,0,0,0,0,0,0,0,0,-8000,0,0,0,0,8000,-8000,-8000
054556,世芯凱基99購01  ,0,0,0,0,0,0,0,0,0,-8000,0,0,0,4000,12000,-8000,-8000
054891,聯鈞統一99購02  ,0,0,0,0,0,0,0,0,0,-8000,0,0,0,0,8000,-8000,-8000
056651,聯茂凱基98購04  ,0,0,0,0,0,0,0,0,0,-8000,0,0,0,10000,18000,-8000,-8000
056635,亞德客日盛99購01,0,0,0,0,0,0,0,0,0,-8000,0,0,0,2000,10000,-8000,-8000
053644,台表科國票97購03,0,0,0,0,0,0,0,0,0,-8000,0,0,0,0,8000,-8000,-8000
054047,富邦金元大97購01,0,0,0,0,0,0,0,0,0,-8000,0,0,0,0,8000,-8000,-8000
054154,智易國泰97購01  ,0,0,0,0,0,0,0,0,0,-8000,0,0,0,0,8000,-8000,-8000
056534,京元電凱基98購01,0,0,0,0,0,0,0,0,0,-8000,0,0,0,6000,14000,-8000,-8000
056412,上証2X中信9A購02,0,0,0,0,0,0,0,0,0,-8000,0,0,0,2000,10000,-8000,-8000
056273,祥碩統一97購02  ,0,0,0,0,0,0,0,0,0,-8000,0,0,0,0,8000,-8000,-8000
055917,禾伸堂凱基98購02,0,0,0,0,0,0,0,0,0,-8000,0,0,0,0,8000,-8000,-8000
055858,聯茂元大97購03  ,0,0,0,0,0,0,0,0,0,-8000,0,0,0,102000,110000,-8000,-8000
05750P,臺股指群益99售04,0,0,0,0,0,0,0,0,0,-8000,0,0,0,4000,12000,-8000,-8000
057508,康控國票99購03  ,0,0,0,0,0,0,0,0,0,-8000,0,0,0,18000,26000,-8000,-8000
057750,神達國票99購01  ,0,0,0,0,0,0,0,0,0,-8000,0,0,0,10000,18000,-8000,-8000
059415,台灣50元大9A購03,0,0,0,0,0,0,0,0,0,-8000,0,0,0,0,8000,-8000,-8000
058959,南茂國票9A購01  ,0,0,0,0,0,0,0,0,0,-8000,0,0,0,12000,20000,-8000,-8000
058969,亞德客永豐99購01,0,0,0,0,0,0,0,0,0,-8000,0,0,0,2000,10000,-8000,-8000
059031,元石油中信03購01,0,0,0,0,0,0,0,0,0,-8000,0,0,0,3000,11000,-8000,-8000
058968,T50正2永豐99購01,0,0,0,0,0,0,0,0,0,-8000,0,0,0,0,8000,-8000,-8000
059596,大立光元大99購20,0,0,0,0,0,0,0,0,0,-8000,0,0,0,0,8000,-8000,-8000
05905P,晶技統一97售01  ,0,0,0,0,0,0,0,0,0,-8000,0,0,0,4000,12000,-8000,-8000
061186,牧德國泰9C購01  ,0,0,0,0,0,0,0,0,0,-8000,0,0,0,77000,85000,-8000,-8000
060656,國巨統一9C購03  ,0,0,0,0,0,0,0,0,0,-8000,0,0,0,0,8000,-8000,-8000
060685,康友元大9A購01  ,0,0,0,0,0,0,0,0,0,-8000,0,0,0,1000,9000,-8000,-8000
060569,台積電永豐9A購01,0,0,0,0,0,0,0,0,0,-8000,0,0,0,2000,10000,-8000,-8000
059312,元石油元大99購05,0,0,0,0,0,0,0,0,0,-8000,0,0,0,0,8000,-8000,-8000
063312,台積電群益9B購07,0,0,0,0,0,0,0,0,0,-8000,0,0,0,12000,20000,-8000,-8000
062871,大成鋼兆豐9B購01,0,0,0,0,0,0,0,0,0,-8000,0,0,0,50000,58000,-8000,-8000
061644,健策元大9C購02  ,0,0,0,0,0,0,0,0,0,-8000,0,0,0,139000,147000,-8000,-8000
061023,茂林國泰9B購02  ,0,0,0,0,0,0,0,0,0,-8000,0,0,0,39000,47000,-8000,-8000
061947,旺宏群益9B購02  ,0,0,0,0,0,0,0,0,0,-8000,0,0,0,35000,43000,-8000,-8000
06243P,亞光元富97售01  ,0,0,0,0,0,0,0,0,0,-8000,0,0,0,112000,120000,-8000,-8000
062266,世紀鋼元大9B購02,0,0,0,0,0,0,0,0,0,-8000,0,0,0,13000,21000,-8000,-8000
062200,臺指反國票03購01,0,0,0,0,0,0,0,0,0,-8000,0,0,0,0,8000,-8000,-8000
8222,寶一            ,5000,14000,-9000,0,0,0,0,0,0,1000,1000,0,1000,0,0,0,-8000
8103,瀚荃            ,3000,13000,-10000,0,0,0,0,0,0,2000,2000,0,2000,0,0,0,-8000
8478,東哥遊艇        ,3000,11000,-8000,0,0,0,0,0,0,0,0,0,0,0,0,0,-8000
6128,上福            ,0,9000,-9000,0,0,0,0,0,0,1000,1000,0,1000,0,0,0,-8000
2465,麗臺            ,0,8000,-8000,0,0,0,0,0,0,0,0,0,0,0,0,0,-8000
2477,美隆電          ,0,8000,-8000,0,0,0,0,0,0,0,0,0,0,0,0,0,-8000
3591,艾笛森          ,1000,9000,-8000,0,0,0,0,0,0,0,0,0,0,0,0,0,-8000
2906,高林            ,39000,47000,-8000,0,0,0,0,0,0,0,0,0,0,0,0,0,-8000
064459,創意統一02購01  ,0,0,0,0,0,0,0,0,0,-9000,0,0,0,0,9000,-9000,-9000
064568,聯鈞群益9C購01  ,0,0,0,0,0,0,0,0,0,-9000,0,0,0,0,9000,-9000,-9000
07102P,南電元大99售03  ,0,0,0,0,0,0,0,0,0,-9000,0,0,0,80000,89000,-9000,-9000
07122P,欣興凱基99售05  ,0,0,0,0,0,0,0,0,0,-9000,0,0,0,113000,122000,-9000,-9000
07114P,旺宏兆豐9A售01  ,0,0,0,0,0,0,0,0,0,-9000,0,0,0,1000,10000,-9000,-9000
07134P,臺股指元大9A售28,0,0,0,0,0,0,0,0,0,-9000,0,0,0,46000,55000,-9000,-9000
064102,宏達電群益9C購01,0,0,0,0,0,0,0,0,0,-9000,0,0,0,53000,62000,-9000,-9000
064221,華通國票01購01  ,0,0,0,0,0,0,0,0,0,-9000,0,0,0,35000,44000,-9000,-9000
07711P,世芯元大9A售07  ,0,0,0,0,0,0,0,0,0,-9000,0,0,0,150000,159000,-9000,-9000
07283P,華新科凱基99售07,0,0,0,0,0,0,0,0,0,-9000,0,0,0,0,9000,-9000,-9000
08405P,聯發科元大9C售11,0,0,0,0,0,0,0,0,0,-9000,0,0,0,0,9000,-9000,-9000
05579P,友達凱基98售03  ,0,0,0,0,0,0,0,0,0,-9000,0,0,0,0,9000,-9000,-9000
055369,友訊元大97購01  ,0,0,0,0,0,0,0,0,0,-9000,0,0,0,1000,10000,-9000,-9000
056497,GIS國泰99購01   ,0,0,0,0,0,0,0,0,0,-9000,0,0,0,16000,25000,-9000,-9000
060847,康控國票9A購01  ,0,0,0,0,0,0,0,0,0,-9000,0,0,0,26000,35000,-9000,-9000
057078,國巨統一9A購02  ,0,0,0,0,0,0,0,0,0,-9000,0,0,0,0,9000,-9000,-9000
058084,大立光群益98購04,0,0,0,0,0,0,0,0,0,-9000,0,0,0,1000,10000,-9000,-9000
059639,大立光凱基9A購06,0,0,0,0,0,0,0,0,0,-9000,0,0,0,0,9000,-9000,-9000
058835,元油2X中信9C購02,0,0,0,0,0,0,0,0,0,-9000,0,0,0,0,9000,-9000,-9000
058597,瑞昱台新99購01  ,0,0,0,0,0,0,0,0,0,-9000,0,0,0,0,9000,-9000,-9000
058631,鈺齊國票9A購01  ,0,0,0,0,0,0,0,0,0,-9000,0,0,0,11000,20000,-9000,-9000
057420,美食凱基98購01  ,0,0,0,0,0,0,0,0,0,-9000,0,0,0,1000,10000,-9000,-9000
062321,力成台新9B購01  ,0,0,0,0,0,0,0,0,0,-9000,0,0,0,21000,30000,-9000,-9000
061907,裕隆中信9B購01  ,0,0,0,0,0,0,0,0,0,-9000,0,0,0,10000,19000,-9000,-9000
060999,國巨兆豐9A購01  ,0,0,0,0,0,0,0,0,0,-9000,0,0,0,1000,10000,-9000,-9000
061019,大毅國票9A購01  ,0,0,0,0,0,0,0,0,0,-9000,0,0,0,14000,23000,-9000,-9000
061629,FBVIX元大9A購01 ,0,0,0,0,0,0,0,0,0,-9000,0,0,0,0,9000,-9000,-9000
061524,華通凱基9A購07  ,0,0,0,0,0,0,0,0,0,-9000,0,0,0,15000,24000,-9000,-9000
061616,鴻海群益9A購07  ,0,0,0,0,0,0,0,0,0,-9000,0,0,0,28000,37000,-9000,-9000
062618,祥碩元大9B購04  ,0,0,0,0,0,0,0,0,0,-9000,0,0,0,13000,22000,-9000,-9000
063436,儒鴻統一01購03  ,0,0,0,0,0,0,0,0,0,-9000,0,0,0,35000,44000,-9000,-9000
063631,燿華元大9B購06  ,0,0,0,0,0,0,0,0,0,-9000,0,0,0,228000,237000,-9000,-9000
3013,晟銘電          ,5000,14000,-9000,0,0,0,0,0,0,0,0,0,0,0,0,0,-9000
3021,鴻名            ,0,9000,-9000,0,0,0,0,0,0,0,0,0,0,0,0,0,-9000
6136,富爾特          ,2000,12000,-10000,0,0,0,0,0,0,1000,1000,0,1000,0,0,0,-9000
8482,商億-KY         ,2000,11000,-9000,0,0,0,0,0,0,0,0,0,0,0,0,0,-9000
08388P,台灣50中信03售09,0,0,0,0,0,0,0,0,0,-10000,0,0,0,0,10000,-10000,-10000
08334P,智邦永豐9C售01  ,0,0,0,0,0,0,0,0,0,-10000,0,0,0,0,10000,-10000,-10000
08350P,臺股指中信9C售06,0,0,0,0,0,0,0,0,0,-10000,0,0,0,0,10000,-10000,-10000
08137P,台灣50元大9B售24,0,0,0,0,0,0,0,0,0,-10000,0,0,0,0,10000,-10000,-10000
08166P,國巨中信9B售05  ,0,0,0,0,0,0,0,0,0,-10000,0,0,0,0,10000,-10000,-10000
08155P,聯發科元富9B售05,0,0,0,0,0,0,0,0,0,-10000,0,0,0,20000,30000,-10000,-10000
2009,第一銅          ,19000,29000,-10000,0,0,0,0,0,0,0,0,0,0,0,0,0,-10000
2034,允強            ,81000,88000,-7000,0,0,0,0,0,0,-3000,0,3000,-3000,0,0,0,-10000
07242P,台灣50凱基9A售03,0,0,0,0,0,0,0,0,0,-10000,0,0,0,0,10000,-10000,-10000
07359P,台積電元大99售45,0,0,0,0,0,0,0,0,0,-10000,0,0,0,30000,40000,-10000,-10000
07451P,鴻海元大9B售01  ,0,0,0,0,0,0,0,0,0,-10000,0,0,0,100000,110000,-10000,-10000
07490P,大立光國票9A售03,0,0,0,0,0,0,0,0,0,-10000,0,0,0,0,10000,-10000,-10000
07484P,台灣50凱基04售02,0,0,0,0,0,0,0,0,0,-10000,0,0,0,0,10000,-10000,-10000
07715P,台灣50群益9A售14,0,0,0,0,0,0,0,0,0,-10000,0,0,0,10000,20000,-10000,-10000
07737P,華通永豐9A售01  ,0,0,0,0,0,0,0,0,0,-10000,0,0,0,0,10000,-10000,-10000
07660P,聯茂凱基9A售03  ,0,0,0,0,0,0,0,0,0,-10000,0,0,0,0,10000,-10000,-10000
07664P,台灣50元大9C售30,0,0,0,0,0,0,0,0,0,-10000,0,0,0,0,10000,-10000,-10000
07651P,道瓊指中信01售01,0,0,0,0,0,0,0,0,0,-10000,0,0,0,0,10000,-10000,-10000
07555P,玉晶光元大9A售07,0,0,0,0,0,0,0,0,0,-10000,0,0,0,0,10000,-10000,-10000
07532P,台灣50中信01售02,0,0,0,0,0,0,0,0,0,-10000,0,0,0,0,10000,-10000,-10000
07523P,台積電中信9C售05,0,0,0,0,0,0,0,0,0,-10000,0,0,0,0,10000,-10000,-10000
07524P,臺股指中信9B售06,0,0,0,0,0,0,0,0,0,-10000,0,0,0,0,10000,-10000,-10000
07595P,台灣50中信03售07,0,0,0,0,0,0,0,0,0,-10000,0,0,0,0,10000,-10000,-10000
07603P,台積電統一9B售08,0,0,0,0,0,0,0,0,0,-10000,0,0,0,0,10000,-10000,-10000
07988P,台積電台新9C售03,0,0,0,0,0,0,0,0,0,-10000,0,0,0,20000,30000,-10000,-10000
08083P,健策元大9C售05  ,0,0,0,0,0,0,0,0,0,-10000,0,0,0,10000,20000,-10000,-10000
07788P,華新科群益9A售08,0,0,0,0,0,0,0,0,0,-10000,0,0,0,60000,70000,-10000,-10000
07804P,美律永豐9A售02  ,0,0,0,0,0,0,0,0,0,-10000,0,0,0,20000,30000,-10000,-10000
07765P,台積電群益9A售06,0,0,0,0,0,0,0,0,0,-10000,0,0,0,0,10000,-10000,-10000
064184,矽格富邦02購01  ,0,0,0,0,0,0,0,0,0,-10000,0,0,0,0,10000,-10000,-10000
064339,大立光元大01購01,0,0,0,0,0,0,0,0,0,-10000,0,0,0,13000,23000,-10000,-10000
064259,矽格富邦9C購01  ,0,0,0,0,0,0,0,0,0,-10000,0,0,0,0,10000,-10000,-10000
064291,南六元大9C購04  ,0,0,0,0,0,0,0,0,0,-10000,0,0,0,0,10000,-10000,-10000
064305,健鼎兆豐9C購02  ,0,0,0,0,0,0,0,0,0,-10000,0,0,0,10000,20000,-10000,-10000
063932,世芯統一01購01  ,0,0,0,0,0,0,0,0,0,-10000,0,0,0,43000,53000,-10000,-10000
063907,華通凱基9C購03  ,0,0,0,0,0,0,0,0,0,-10000,0,0,0,40000,50000,-10000,-10000
063855,臺股指元大9C購08,0,0,0,0,0,0,0,0,0,-10000,0,0,0,0,10000,-10000,-10000
064061,GIS麥證01購01   ,0,0,0,35000,45000,-10000,0,0,0,-10000,0,0,0,35000,45000,-10000,-10000
07113P,台積電兆豐99售03,0,0,0,0,0,0,0,0,0,-10000,0,0,0,0,10000,-10000,-10000
07142P,台灣50元大01售01,0,0,0,0,0,0,0,0,0,-10000,0,0,0,0,10000,-10000,-10000
07184P,台灣50元富01售01,0,0,0,0,0,0,0,0,0,-10000,0,0,0,0,10000,-10000,-10000
07192P,聯發科元大99售23,0,0,0,0,0,0,0,0,0,-10000,0,0,0,0,10000,-10000,-10000
07230P,滬深2X群益01售02,0,0,0,0,0,0,0,0,0,-10000,0,0,0,0,10000,-10000,-10000
07068P,欣興台新99售01  ,0,0,0,0,0,0,0,0,0,-10000,0,0,0,0,10000,-10000,-10000
07027P,台積電群益99售04,0,0,0,0,0,0,0,0,0,-10000,0,0,0,10000,20000,-10000,-10000
06827P,臺股指國票98售03,0,0,0,0,0,0,0,0,0,-10000,0,0,0,0,10000,-10000,-10000
06794P,臺股指凱基98售04,0,0,0,0,0,0,0,0,0,-10000,0,0,0,17000,27000,-10000,-10000
06857P,超眾永豐98售02  ,0,0,0,0,0,0,0,0,0,-10000,0,0,0,0,10000,-10000,-10000
06870P,台灣50群益9A售03,0,0,0,0,0,0,0,0,0,-10000,0,0,0,0,10000,-10000,-10000
064627,矽格元大9C購01  ,0,0,0,0,0,0,0,0,0,-10000,0,0,0,0,10000,-10000,-10000
064474,華新科麥證01購01,0,0,0,0,10000,-10000,0,0,0,-10000,0,0,0,0,10000,-10000,-10000
064480,聚陽永豐9C購01  ,0,0,0,0,0,0,0,0,0,-10000,0,0,0,0,10000,-10000,-10000
06441P,台積電凱基98售08,0,0,0,0,0,0,0,0,0,-10000,0,0,0,0,10000,-10000,-10000
06564P,國巨富邦9A售04  ,0,0,0,0,0,0,0,0,0,-10000,0,0,0,0,10000,-10000,-10000
06566P,華通永豐98售03  ,0,0,0,0,0,0,0,0,0,-10000,0,0,0,0,10000,-10000,-10000
06528P,台積電富邦99售03,0,0,0,0,0,0,0,0,0,-10000,0,0,0,0,10000,-10000,-10000
06651P,華新科元大99售09,0,0,0,0,0,0,0,0,0,-10000,0,0,0,0,10000,-10000,-10000
06643P,大立光兆豐98售01,0,0,0,0,0,0,0,0,0,-10000,0,0,0,0,10000,-10000,-10000
06622P,牧德元大98售01  ,0,0,0,0,0,0,0,0,0,-10000,0,0,0,0,10000,-10000,-10000
06692P,瑞昱凱基98售03  ,0,0,0,0,0,0,0,0,0,-10000,0,0,0,0,10000,-10000,-10000
057035,元油2X元大9B購03,0,0,0,0,0,0,0,0,0,-10000,0,0,0,0,10000,-10000,-10000
056112,勤誠永豐97購02  ,0,0,0,0,0,0,0,0,0,-10000,0,0,0,0,10000,-10000,-10000
056600,聯茂元富98購01  ,0,0,0,0,0,0,0,0,0,-10000,0,0,0,0,10000,-10000,-10000
056590,樺漢統一9A購01  ,0,0,0,0,0,0,0,0,0,-10000,0,0,0,0,10000,-10000,-10000
05639P,欣興統一97售01  ,0,0,0,0,0,0,0,0,0,-10000,0,0,0,100000,110000,-10000,-10000
056377,智伸科統一9A購01,0,0,0,0,0,0,0,0,0,-10000,0,0,0,0,10000,-10000,-10000
056339,聯發科凱基99購02,0,0,0,0,0,0,0,0,0,-10000,0,0,0,0,10000,-10000,-10000
056330,玉晶光國票99購03,0,0,0,0,0,0,0,0,0,-10000,0,0,0,20000,30000,-10000,-10000
057006,國巨中信98購03  ,0,0,0,0,0,0,0,0,0,-10000,0,0,0,0,10000,-10000,-10000
056151,建準凱基97購01  ,0,0,0,0,0,0,0,0,0,-10000,0,0,0,6000,16000,-10000,-10000
056139,貿聯元大97購04  ,0,0,0,0,0,0,0,0,0,-10000,0,0,0,0,10000,-10000,-10000
060338,鴻海統一9C購02  ,0,0,0,0,0,0,0,0,0,-10000,0,0,0,1000,11000,-10000,-10000
060316,福懋科永豐9A購01,0,0,0,0,0,0,0,0,0,-10000,0,0,0,94000,104000,-10000,-10000
060324,台積電群益9B購02,0,0,0,0,0,0,0,0,0,-10000,0,0,0,0,10000,-10000,-10000
060520,臺指2X中信01購02,0,0,0,0,0,0,0,0,0,-10000,0,0,0,0,10000,-10000,-10000
060530,聯發科中信9C購03,0,0,0,0,0,0,0,0,0,-10000,0,0,0,0,10000,-10000,-10000
060463,台積電元大9A購10,0,0,0,0,0,0,0,0,0,-10000,0,0,0,25000,35000,-10000,-10000
055200,和大群益98購01  ,0,0,0,0,0,0,0,0,0,-10000,0,0,0,0,10000,-10000,-10000
055441,緯穎國票98購01  ,0,0,0,0,0,0,0,0,0,-10000,0,0,0,0,10000,-10000,-10000
055037,宏盛富邦99購01  ,0,0,0,0,0,0,0,0,0,-10000,0,0,0,0,10000,-10000,-10000
055470,南亞科凱基97購01,0,0,0,0,0,0,0,0,0,-10000,0,0,0,0,10000,-10000,-10000
055541,聚陽凱基98購01  ,0,0,0,0,0,0,0,0,0,-10000,0,0,0,20000,30000,-10000,-10000
055587,智邦元大97購02  ,0,0,0,0,0,0,0,0,0,-10000,0,0,0,0,10000,-10000,-10000
055598,欣興元大97購03  ,0,0,0,0,0,0,0,0,0,-10000,0,0,0,0,10000,-10000,-10000
055854,群創元大98購04  ,0,0,0,0,0,0,0,0,0,-10000,0,0,0,0,10000,-10000,-10000
056875,亞光凱基98購03  ,0,0,0,0,0,0,0,0,0,-10000,0,0,0,0,10000,-10000,-10000
056858,國巨群益99購03  ,0,0,0,0,0,0,0,0,0,-10000,0,0,0,0,10000,-10000,-10000
056281,深中小永豐97購01,0,0,0,0,0,0,0,0,0,-10000,0,0,0,91000,101000,-10000,-10000
056915,上銀兆豐99購01  ,0,0,0,0,0,0,0,0,0,-10000,0,0,0,0,10000,-10000,-10000
056256,聯茂元富97購03  ,0,0,0,0,0,0,0,0,0,-10000,0,0,0,0,10000,-10000,-10000
056074,茂林元大97購04  ,0,0,0,0,0,0,0,0,0,-10000,0,0,0,0,10000,-10000,-10000
052299,T50反1台新05購03,0,0,0,0,0,0,0,0,0,-10000,0,0,0,0,10000,-10000,-10000
052619,茂林國泰99購01  ,0,0,0,0,0,0,0,0,0,-10000,0,0,0,0,10000,-10000,-10000
052434,茂林國泰97購01  ,0,0,0,0,0,0,0,0,0,-10000,0,0,0,24000,34000,-10000,-10000
053939,台表科元富96購03,0,0,0,0,0,0,0,0,0,-10000,0,0,0,0,10000,-10000,-10000
053661,嘉澤凱基97購01  ,0,0,0,0,0,0,0,0,0,-10000,0,0,0,0,10000,-10000,-10000
056644,宏達電凱基98購04,0,0,0,0,0,0,0,0,0,-10000,0,0,0,23000,33000,-10000,-10000
056628,矽創永豐98購01  ,0,0,0,0,0,0,0,0,0,-10000,0,0,0,0,10000,-10000,-10000
054717,亞德客永豐97購01,0,0,0,0,0,0,0,0,0,-10000,0,0,0,0,10000,-10000,-10000
056689,玉晶光統一9A購03,0,0,0,0,0,0,0,0,0,-10000,0,0,0,12000,22000,-10000,-10000
054864,聯發科群益97購02,0,0,0,0,0,0,0,0,0,-10000,0,0,0,0,10000,-10000,-10000
054871,明泰群益98購01  ,0,0,0,0,0,0,0,0,0,-10000,0,0,0,0,10000,-10000,-10000
054761,台光電國票98購02,0,0,0,0,0,0,0,0,0,-10000,0,0,0,0,10000,-10000,-10000
053035,台表科兆豐97購01,0,0,0,0,0,0,0,0,0,-10000,0,0,0,10000,20000,-10000,-10000
055300,緯穎元大98購01  ,0,0,0,0,0,0,0,0,0,-10000,0,0,0,0,10000,-10000,-10000
055251,華新科統一99購01,0,0,0,0,0,0,0,0,0,-10000,0,0,0,0,10000,-10000,-10000
053181,滬深2X元富99購02,0,0,0,0,0,0,0,0,0,-10000,0,0,0,0,10000,-10000,-10000
054664,台表科元大97購04,0,0,0,0,0,0,0,0,0,-10000,0,0,0,0,10000,-10000,-10000
05466P,旺宏富邦97售01  ,0,0,0,0,0,0,0,0,0,-10000,0,0,0,0,10000,-10000,-10000
051838,國巨國泰97購01  ,0,0,0,0,0,0,0,0,0,-10000,0,0,0,0,10000,-10000,-10000
047962,T50反1中信96購02,0,0,0,0,0,0,0,0,0,-10000,0,0,0,0,10000,-10000,-10000
047969,台達電富邦97購01,0,0,0,0,0,0,0,0,0,-10000,0,0,0,10000,20000,-10000,-10000
048070,聯發科元富99購03,0,0,0,0,0,0,0,0,0,-10000,0,0,0,0,10000,-10000,-10000
051157,華新科富邦98購01,0,0,0,0,0,0,0,0,0,-10000,0,0,0,0,10000,-10000,-10000
050561,上証2X元富97購01,0,0,0,0,0,0,0,0,0,-10000,0,0,0,0,10000,-10000,-10000
057440,台積電統一98購10,0,0,0,0,0,0,0,0,0,-10000,0,0,0,0,10000,-10000,-10000
057464,大立光永豐98購02,0,0,0,0,0,0,0,0,0,-10000,0,0,0,0,10000,-10000,-10000
057566,欣興富邦99購01  ,0,0,0,0,0,0,0,0,0,-10000,0,0,0,20000,30000,-10000,-10000
057897,華通富邦99購01  ,0,0,0,0,0,0,0,0,0,-10000,0,0,0,0,10000,-10000,-10000
057364,國巨元大98購18  ,0,0,0,0,0,0,0,0,0,-10000,0,0,0,10000,20000,-10000,-10000
057774,台光電群益99購02,0,0,0,0,0,0,0,0,0,-10000,0,0,0,0,10000,-10000,-10000
057808,旺宏元大99購05  ,0,0,0,0,0,0,0,0,0,-10000,0,0,0,10000,20000,-10000,-10000
058579,聯發科群益99購04,0,0,0,0,0,0,0,0,0,-10000,0,0,0,0,10000,-10000,-10000
057655,奇力新中信98購05,0,0,0,0,0,0,0,0,0,-10000,0,0,0,0,10000,-10000,-10000
060029,嘉晶永豐99購03  ,0,0,0,0,0,0,0,0,0,-10000,0,0,0,0,10000,-10000,-10000
058798,大立光元大99購11,0,0,0,0,0,0,0,0,0,-10000,0,0,0,10000,20000,-10000,-10000
058740,T50反1日盛9B購02,0,0,0,0,0,0,0,0,0,-10000,0,0,0,0,10000,-10000,-10000
058769,友達兆豐99購01  ,0,0,0,0,0,0,0,0,0,-10000,0,0,0,124000,134000,-10000,-10000
058294,華新科凱基9A購01,0,0,0,0,0,0,0,0,0,-10000,0,0,0,0,10000,-10000,-10000
058383,道瓊指中信9C購02,0,0,0,0,0,0,0,0,0,-10000,0,0,0,0,10000,-10000,-10000
060041,T50反1群益99購04,0,0,0,0,0,0,0,0,0,-10000,0,0,0,0,10000,-10000,-10000
058966,元油2X日盛99購03,0,0,0,0,0,0,0,0,0,-10000,0,0,0,0,10000,-10000,-10000
058967,可成麥證99購01  ,0,0,0,11000,23000,-12000,0,0,0,-10000,0,0,0,19000,29000,-10000,-10000
058535,玉晶光統一9A購06,0,0,0,0,0,0,0,0,0,-10000,0,0,0,1000,11000,-10000,-10000
058482,祥碩凱基99購02  ,0,0,0,0,0,0,0,0,0,-10000,0,0,0,0,10000,-10000,-10000
059431,旺宏元大99購14  ,0,0,0,0,0,0,0,0,0,-10000,0,0,0,6000,16000,-10000,-10000
059544,創意亞東99購01  ,0,0,0,0,0,0,0,0,0,-10000,0,0,0,0,10000,-10000,-10000
060085,華通元大99購10  ,0,0,0,0,0,0,0,0,0,-10000,0,0,0,0,10000,-10000,-10000
05959P,聯發科國票98售01,0,0,0,0,0,0,0,0,0,-10000,0,0,0,5000,15000,-10000,-10000
059706,嘉晶凱基99購01  ,0,0,0,0,0,0,0,0,0,-10000,0,0,0,0,10000,-10000,-10000
059692,聯詠永豐99購01  ,0,0,0,0,0,0,0,0,0,-10000,0,0,0,0,10000,-10000,-10000
059701,國巨凱基9A購09  ,0,0,0,0,0,0,0,0,0,-10000,0,0,0,0,10000,-10000,-10000
060160,聯陽永豐9A購01  ,0,0,0,0,0,0,0,0,0,-10000,0,0,0,0,10000,-10000,-10000
059034,華通群益9B購02  ,0,0,0,0,0,0,0,0,0,-10000,0,0,0,0,10000,-10000,-10000
059020,元油2X統一9B購02,0,0,0,0,0,0,0,0,0,-10000,0,0,0,30000,40000,-10000,-10000
057989,旺宏統一99購04  ,0,0,0,0,0,0,0,0,0,-10000,0,0,0,0,10000,-10000,-10000
060174,T50反1元富04購01,0,0,0,0,0,0,0,0,0,-10000,0,0,0,0,10000,-10000,-10000
057953,聚陽元大98購01  ,0,0,0,0,0,0,0,0,0,-10000,0,0,0,0,10000,-10000,-10000
058041,FBVIX元大98購02 ,0,0,0,0,0,0,0,0,0,-10000,0,0,0,0,10000,-10000,-10000
058175,旺宏凱基99購03  ,0,0,0,0,0,0,0,0,0,-10000,0,0,0,0,10000,-10000,-10000
058034,神達永豐98購02  ,0,0,0,0,0,0,0,0,0,-10000,0,0,0,0,10000,-10000,-10000
058014,上銀凱基99購02  ,0,0,0,0,0,0,0,0,0,-10000,0,0,0,0,10000,-10000,-10000
059061,晶技凱基9A購01  ,0,0,0,0,0,0,0,0,0,-10000,0,0,0,80000,90000,-10000,-10000
059126,臺指反中信9B購01,0,0,0,0,0,0,0,0,0,-10000,0,0,0,0,10000,-10000,-10000
060197,臻鼎元富9A購02  ,0,0,0,0,0,0,0,0,0,-10000,0,0,0,11000,21000,-10000,-10000
060838,華通國票9A購05  ,0,0,0,0,0,0,0,0,0,-10000,0,0,0,2000,12000,-10000,-10000
060694,旺宏麥證9A購02  ,0,0,0,0,10000,-10000,0,0,0,-10000,0,0,0,0,10000,-10000,-10000
060657,旺宏統一9B購05  ,0,0,0,0,0,0,0,0,0,-10000,0,0,0,0,10000,-10000,-10000
060745,京元電國票9A購01,0,0,0,0,0,0,0,0,0,-10000,0,0,0,0,10000,-10000,-10000
059291,華新科元富9B購01,0,0,0,0,0,0,0,0,0,-10000,0,0,0,0,10000,-10000,-10000
057303,喬山兆豐99購01  ,0,0,0,0,0,0,0,0,0,-10000,0,0,0,0,10000,-10000,-10000
060553,祥碩凱基9A購01  ,0,0,0,0,0,0,0,0,0,-10000,0,0,0,7000,17000,-10000,-10000
058121,國巨國票9A購01  ,0,0,0,0,0,0,0,0,0,-10000,0,0,0,0,10000,-10000,-10000
059162,國巨凱基99購12  ,0,0,0,0,0,0,0,0,0,-10000,0,0,0,2000,12000,-10000,-10000
059252,聯詠凱基99購03  ,0,0,0,0,0,0,0,0,0,-10000,0,0,0,0,10000,-10000,-10000
06349P,臺股指台新99售01,0,0,0,0,0,0,0,0,0,-10000,0,0,0,0,10000,-10000,-10000
063500,嘉晶永豐9B購02  ,0,0,0,0,0,0,0,0,0,-10000,0,0,0,10000,20000,-10000,-10000
063708,上銀凱基9B購06  ,0,0,0,0,0,0,0,0,0,-10000,0,0,0,1000,11000,-10000,-10000
063743,道瓊反國票9C購02,0,0,0,0,0,0,0,0,0,-10000,0,0,0,0,10000,-10000,-10000
063716,旺宏兆豐9B購01  ,0,0,0,0,0,0,0,0,0,-10000,0,0,0,0,10000,-10000,-10000
063409,GIS國票9C購02   ,0,0,0,0,0,0,0,0,0,-10000,0,0,0,2000,12000,-10000,-10000
063399,智原群益9B購01  ,5000,0,5000,0,0,0,0,0,0,-15000,0,0,0,30000,45000,-15000,-10000
063354,茂林元富9B購02  ,0,0,0,0,0,0,0,0,0,-10000,0,0,0,126000,136000,-10000,-10000
063300,華通凱基9B購05  ,0,0,0,0,0,0,0,0,0,-10000,0,0,0,0,10000,-10000,-10000
062626,台積電國票9C購04,0,0,0,0,0,0,0,0,0,-10000,0,0,0,33000,43000,-10000,-10000
062631,奇力新國票9B購01,0,0,0,0,0,0,0,0,0,-10000,0,0,0,0,10000,-10000,-10000
062669,微星中信03購01  ,0,0,0,0,0,0,0,0,0,-10000,0,0,0,85000,95000,-10000,-10000
062640,訊連國票9C購01  ,0,0,0,0,0,0,0,0,0,-10000,0,0,0,0,10000,-10000,-10000
062545,嘉晶永豐9B購01  ,0,0,0,0,0,0,0,0,0,-10000,0,0,0,0,10000,-10000,-10000
062580,華通統一9C購03  ,0,0,0,0,0,0,0,0,0,-10000,0,0,0,0,10000,-10000,-10000
062530,大立光統一01購03,0,0,0,0,0,0,0,0,0,-10000,0,0,0,0,10000,-10000,-10000
062531,大立光統一9C購06,0,0,0,0,0,0,0,0,0,-10000,0,0,0,0,10000,-10000,-10000
062552,南電永豐9B購01  ,0,0,0,0,0,0,0,0,0,-10000,0,0,0,0,10000,-10000,-10000
062715,T50反1凱基03購01,0,0,0,0,0,0,0,0,0,-10000,0,0,0,0,10000,-10000,-10000
062716,鴻海凱基9B購06  ,0,0,0,0,0,0,0,0,0,-10000,0,0,0,0,10000,-10000,-10000
062695,華通元大9C購01  ,0,0,0,0,0,0,0,0,0,-10000,0,0,0,35000,45000,-10000,-10000
062778,國巨元大9B購17  ,0,0,0,0,0,0,0,0,0,-10000,0,0,0,0,10000,-10000,-10000
062812,國巨兆豐9B購03  ,0,0,0,0,0,0,0,0,0,-10000,0,0,0,0,10000,-10000,-10000
062864,臺股指國票9B購21,0,0,0,0,0,0,0,0,0,-10000,0,0,0,10000,20000,-10000,-10000
062856,世芯永豐9B購02  ,0,0,0,0,0,0,0,0,0,-10000,0,0,0,0,10000,-10000,-10000
062953,大立光永豐9B購01,0,0,0,0,0,0,0,0,0,-10000,0,0,0,0,10000,-10000,-10000
063047,大立光兆豐9B購03,0,0,0,0,0,0,0,0,0,-10000,0,0,0,0,10000,-10000,-10000
063163,京元電永豐9B購01,0,0,0,0,0,0,0,0,0,-10000,0,0,0,0,10000,-10000,-10000
061605,華新科凱基9A購14,0,0,0,0,0,0,0,0,0,-10000,0,0,0,30000,40000,-10000,-10000
061594,玉晶光永豐9A購08,0,0,0,0,0,0,0,0,0,-10000,0,0,0,0,10000,-10000,-10000
061523,SP黃豆凱基9B購01,0,0,0,0,0,0,0,0,0,-10000,0,0,0,0,10000,-10000,-10000
061458,臻鼎凱基9A購02  ,0,0,0,0,0,0,0,0,0,-10000,0,0,0,0,10000,-10000,-10000
061513,華新科永豐9A購04,0,0,0,0,0,0,0,0,0,-10000,0,0,0,0,10000,-10000,-10000
061765,義隆元大9B購01  ,0,0,0,0,0,0,0,0,0,-10000,0,0,0,0,10000,-10000,-10000
061793,上銀永豐9B購01  ,0,0,0,0,0,0,0,0,0,-10000,0,0,0,0,10000,-10000,-10000
061730,旺宏統一01購02  ,0,0,0,0,0,0,0,0,0,-10000,0,0,0,0,10000,-10000,-10000
060918,康友國泰9C購01  ,0,0,0,0,0,0,0,0,0,-10000,0,0,0,41000,51000,-10000,-10000
06139P,台積電中信99售02,0,0,0,0,0,0,0,0,0,-10000,0,0,0,26000,36000,-10000,-10000
061422,台積電元大9A購30,0,0,0,0,0,0,0,0,0,-10000,0,0,0,0,10000,-10000,-10000
061242,玉晶光兆豐9B購02,0,0,0,0,0,0,0,0,0,-10000,0,0,0,10000,20000,-10000,-10000
061369,T50反1國泰9B購03,0,0,0,0,0,0,0,0,0,-10000,0,0,0,4000,14000,-10000,-10000
061365,國巨國票9B購05  ,0,0,0,0,0,0,0,0,0,-10000,0,0,0,4000,14000,-10000,-10000
061301,華新科永豐9A購03,0,0,0,0,0,0,0,0,0,-10000,0,0,0,0,10000,-10000,-10000
06189P,華新科永豐97售03,0,0,0,0,0,0,0,0,0,-10000,0,0,0,20000,30000,-10000,-10000
061841,晶技凱基9C購01  ,0,0,0,0,0,0,0,0,0,-10000,0,0,0,0,10000,-10000,-10000
062009,聯發科國泰01購01,0,0,0,0,0,0,0,0,0,-10000,0,0,0,5000,15000,-10000,-10000
062280,大立光群益9C購01,0,0,0,0,0,0,0,0,0,-10000,0,0,0,1000,11000,-10000,-10000
062251,旺宏元大9B購06  ,0,0,0,0,0,0,0,0,0,-10000,0,0,0,15000,25000,-10000,-10000
062482,台表科國票9B購01,0,0,0,0,0,0,0,0,0,-10000,0,0,0,6000,16000,-10000,-10000
062356,國巨元大9B購10  ,0,0,0,0,0,0,0,0,0,-10000,0,0,0,0,10000,-10000,-10000
062381,上銀國泰9C購01  ,0,0,0,0,0,0,0,0,0,-10000,0,0,0,0,10000,-10000,-10000
4952,凌通            ,30000,41000,-11000,0,0,0,0,0,0,1000,1000,0,1000,0,0,0,-10000
3550,聯穎            ,3000,13000,-10000,0,0,0,0,0,0,0,0,0,0,0,0,0,-10000
06659P,T50正2富邦9A售01,0,0,0,0,0,0,0,0,0,-11000,0,0,0,0,11000,-11000,-11000
06691P,臺股指群益9C售05,0,0,0,0,0,0,0,0,0,-11000,0,0,0,0,11000,-11000,-11000
07227P,聯發科元富99售05,0,0,0,0,0,0,0,0,0,-11000,0,0,0,485000,496000,-11000,-11000
063785,華通中信06購02  ,0,0,0,0,0,0,0,0,0,-11000,0,0,0,0,11000,-11000,-11000
064277,可成元大9C購04  ,0,0,0,0,0,0,0,0,0,-11000,0,0,0,8000,19000,-11000,-11000
07819P,旺宏國票9B售01  ,0,0,0,0,0,0,0,0,0,-11000,0,0,0,86000,97000,-11000,-11000
2405,浩鑫            ,9000,20000,-11000,0,0,0,0,0,0,0,0,0,0,0,0,0,-11000
2007,燁興            ,10000,21000,-11000,0,0,0,0,0,0,0,0,0,0,0,0,0,-11000
1525,江申            ,0,10000,-10000,0,0,0,0,0,0,-1000,0,1000,-1000,0,0,0,-11000
1219,福壽            ,3000,14000,-11000,0,0,0,0,0,0,0,0,0,0,0,0,0,-11000
1232,大統益          ,2000,13000,-11000,0,0,0,0,0,0,0,0,0,0,0,0,0,-11000
056642,旺宏凱基98購07  ,0,0,0,0,0,0,0,0,0,-11000,0,0,0,1000,12000,-11000,-11000
053994,微星群益96購01  ,0,0,0,0,0,0,0,0,0,-11000,0,0,0,0,11000,-11000,-11000
053866,景碩元大97購02  ,0,0,0,0,0,0,0,0,0,-11000,0,0,0,0,11000,-11000,-11000
052617,景碩國泰98購01  ,0,0,0,0,0,0,0,0,0,-11000,0,0,0,20000,31000,-11000,-11000
054156,聯電亞東98購01  ,0,0,0,0,0,0,0,0,0,-11000,0,0,0,19000,30000,-11000,-11000
055994,聯發科國泰99購02,0,0,0,0,0,0,0,0,0,-11000,0,0,0,0,11000,-11000,-11000
055645,技嘉元富97購01  ,0,0,0,0,0,0,0,0,0,-11000,0,0,0,12000,23000,-11000,-11000
055521,S&P反1群益01購01,0,0,0,0,0,0,0,0,0,-11000,0,0,0,2000,13000,-11000,-11000
054924,景碩凱基98購01  ,0,0,0,0,0,0,0,0,0,-11000,0,0,0,9000,20000,-11000,-11000
060471,台勝科元大9B購01,0,0,0,0,0,0,0,0,0,-11000,0,0,0,8000,19000,-11000,-11000
060183,南亞科元富9A購01,0,0,0,0,0,0,0,0,0,-11000,0,0,0,2000,13000,-11000,-11000
059153,臺股指國票99購16,0,0,0,0,0,0,0,0,0,-11000,0,0,0,10000,21000,-11000,-11000
057162,上銀元大98購03  ,0,0,0,0,0,0,0,0,0,-11000,0,0,0,0,11000,-11000,-11000
060736,旺宏統一01購01  ,0,0,0,0,0,0,0,0,0,-11000,0,0,0,60000,71000,-11000,-11000
060825,聯詠元大9A購05  ,0,0,0,0,0,0,0,0,0,-11000,0,0,0,10000,21000,-11000,-11000
059782,A50正2元大9C購04,0,0,0,0,0,0,0,0,0,-11000,0,0,0,0,11000,-11000,-11000
062471,國泰金凱基9B購02,0,0,0,0,0,0,0,0,0,-11000,0,0,0,32000,43000,-11000,-11000
062306,華通凱基9B購01  ,0,0,0,0,0,0,0,0,0,-11000,0,0,0,29000,40000,-11000,-11000
062101,T50反1國票01購01,0,0,0,0,0,0,0,0,0,-11000,0,0,0,0,11000,-11000,-11000
061230,臺指反元大01購04,0,0,0,0,0,0,0,0,0,-11000,0,0,0,5000,16000,-11000,-11000
061721,道瓊反富邦9B購01,0,0,0,0,0,0,0,0,0,-11000,0,0,0,0,11000,-11000,-11000
061625,聯茂群益9A購02  ,0,0,0,0,0,0,0,0,0,-11000,0,0,0,493000,504000,-11000,-11000
061698,智邦國票9A購04  ,0,0,0,0,0,0,0,0,0,-11000,0,0,0,11000,22000,-11000,-11000
063046,聯發科兆豐9C購01,0,0,0,0,0,0,0,0,0,-11000,0,0,0,0,11000,-11000,-11000
062553,台積電凱基9B購07,0,0,0,0,0,0,0,0,0,-11000,0,0,0,2000,13000,-11000,-11000
063236,旺宏元大9B購07  ,0,0,0,0,0,0,0,0,0,-11000,0,0,0,55000,66000,-11000,-11000
063224,泰鼎群益9B購02  ,0,0,0,0,0,0,0,0,0,-11000,0,0,0,59000,70000,-11000,-11000
063495,台光電富邦9C購01,0,0,0,0,0,0,0,0,0,-11000,0,0,0,2000,13000,-11000,-11000
2616,山隆            ,32000,41000,-9000,0,0,0,0,0,0,-2000,0,2000,-2000,0,0,0,-11000
3702A,大聯大甲特      ,0,11000,-11000,0,0,0,0,0,0,0,0,0,0,0,0,0,-11000
6172,互億            ,4000,6000,-2000,0,0,0,0,0,0,-9000,0,9000,-9000,0,0,0,-11000
6666,羅麗芬-KY       ,4000,15000,-11000,0,0,0,0,0,0,0,0,0,0,0,0,0,-11000
9927,泰銘            ,18000,29000,-11000,0,0,0,0,0,0,0,0,0,0,0,0,0,-11000
1465,偉全            ,9000,20000,-11000,0,0,0,0,0,0,-1000,0,1000,-1000,0,0,0,-12000
2397,友通            ,3000,15000,-12000,0,0,0,0,0,0,0,0,0,0,0,0,0,-12000
08084P,台表科元大9B售06,0,0,0,0,0,0,0,0,0,-12000,0,0,0,0,12000,-12000,-12000
07508P,華新科國票9A售03,0,0,0,0,0,0,0,0,0,-12000,0,0,0,0,12000,-12000,-12000
07469P,台達電元大9A售01,0,0,0,0,0,0,0,0,0,-12000,0,0,0,0,12000,-12000,-12000
07416P,台積電元大99售53,0,0,0,0,0,0,0,0,0,-12000,0,0,0,89000,101000,-12000,-12000
07362P,聯發科元大99售35,0,0,0,0,0,0,0,0,0,-12000,0,0,0,0,12000,-12000,-12000
064256,玉晶光國泰02購02,0,0,0,0,0,0,0,0,0,-12000,0,0,0,247000,259000,-12000,-12000
064251,緯創元富9C購01  ,0,0,0,0,0,0,0,0,0,-12000,0,0,0,66000,78000,-12000,-12000
06797P,臺股指凱基98售07,0,0,0,0,0,0,0,0,0,-12000,0,0,0,29000,41000,-12000,-12000
06762P,智邦元大98售11  ,0,0,0,0,0,0,0,0,0,-12000,0,0,0,0,12000,-12000,-12000
064498,可成元大01購03  ,0,0,0,0,0,0,0,0,0,-12000,0,0,0,41000,53000,-12000,-12000
060239,國揚元大9C購01  ,0,0,0,0,0,0,0,0,0,-12000,0,0,0,134000,146000,-12000,-12000
060477,和潤元大9A購01  ,0,0,0,0,0,0,0,0,0,-12000,0,0,0,0,12000,-12000,-12000
053162,緯穎元大97購01  ,0,0,0,0,0,0,0,0,0,-12000,0,0,0,20000,32000,-12000,-12000
057343,道瓊反統一9A購01,0,0,0,0,0,0,0,0,0,-12000,0,0,0,0,12000,-12000,-12000
059397,T50反1元富99購05,0,0,0,0,0,0,0,0,0,-12000,0,0,0,0,12000,-12000,-12000
059049,元油2X凱基9A購12,0,0,0,0,0,0,0,0,0,-12000,0,0,0,0,12000,-12000,-12000
060021,立積康和99購01  ,0,0,0,0,0,0,0,0,0,-12000,0,0,0,0,12000,-12000,-12000
05922P,京元電兆豐96售01,0,0,0,0,0,0,0,0,0,-12000,0,0,0,0,12000,-12000,-12000
059730,晶相光元大9C購02,0,0,0,0,0,0,0,0,0,-12000,0,0,0,20000,32000,-12000,-12000
06342P,世芯統一98售01  ,0,0,0,0,0,0,0,0,0,-12000,0,0,0,60000,72000,-12000,-12000
063468,聯詠元大9B購04  ,0,0,0,0,0,0,0,0,0,-12000,0,0,0,15000,27000,-12000,-12000
062791,臺股指元大9B購34,0,0,0,0,0,0,0,0,0,-12000,0,0,0,0,12000,-12000,-12000
062752,世芯中信9B購01  ,0,0,0,0,0,0,0,0,0,-12000,0,0,0,0,12000,-12000,-12000
061708,同欣電國票9A購02,0,0,0,0,0,0,0,0,0,-12000,0,0,0,81000,93000,-12000,-12000
061780,國巨群益9C購01  ,0,0,0,0,0,0,0,0,0,-12000,0,0,0,0,12000,-12000,-12000
061443,大立光統一9C購02,0,0,0,0,0,0,0,0,0,-12000,0,0,0,10000,22000,-12000,-12000
061569,旺宏元大9A購14  ,0,0,0,0,0,0,0,0,0,-12000,0,0,0,5000,17000,-12000,-12000
061339,京元電元大9A購05,0,0,0,0,0,0,0,0,0,-12000,0,0,0,88000,100000,-12000,-12000
061384,T50反1群益9A購04,0,0,0,0,0,0,0,0,0,-12000,0,0,0,10000,22000,-12000,-12000
062071,華通元大9B購02  ,0,0,0,0,0,0,0,0,0,-12000,0,0,0,43000,55000,-12000,-12000
062403,健策永豐9B購06  ,0,0,0,0,0,0,0,0,0,-12000,0,0,0,40000,52000,-12000,-12000
062352,南六群益9B購02  ,0,0,0,0,0,0,0,0,0,-12000,0,0,0,10000,22000,-12000,-12000
6477,安集            ,8000,20000,-12000,0,0,0,0,0,0,0,0,0,0,0,0,0,-12000
8940,新天地          ,8000,13000,-5000,0,0,0,0,0,0,-7000,0,7000,-7000,0,0,0,-12000
4737,華廣            ,2000,14000,-12000,0,0,0,0,0,0,0,0,0,0,0,0,0,-12000
2497,怡利電          ,0,12000,-12000,0,0,0,0,0,0,0,0,0,0,0,0,0,-12000
3622,洋華            ,10000,22000,-12000,0,0,0,0,0,0,0,0,0,0,0,0,0,-12000
3416,融程電          ,2000,16000,-14000,0,0,0,0,0,0,2000,0,0,0,2000,0,2000,-12000
064500,國泰金元大9C購01,0,0,0,0,0,0,0,0,0,-13000,0,0,0,8000,21000,-13000,-13000
064509,台表科元大9C購08,0,0,0,0,0,0,0,0,0,-13000,0,0,0,157000,170000,-13000,-13000
064564,義隆群益9C購02  ,0,0,0,0,0,0,0,0,0,-13000,0,0,0,0,13000,-13000,-13000
06590P,大立光元大98售13,0,0,0,0,0,0,0,0,0,-13000,0,0,0,0,13000,-13000,-13000
064154,大立光統一01購04,0,0,0,0,0,0,0,0,0,-13000,0,0,0,40000,53000,-13000,-13000
063812,智邦群益9C購02  ,0,0,0,0,0,0,0,0,0,-13000,0,0,0,93000,106000,-13000,-13000
063967,華新科國票01購01,0,0,0,0,0,0,0,0,0,-13000,0,0,0,0,13000,-13000,-13000
07387P,臺股指群益99售25,0,0,0,0,0,0,0,0,0,-13000,0,0,0,2000,15000,-13000,-13000
07873P,華新科群益9B售03,0,0,0,0,0,0,0,0,0,-13000,0,0,0,30000,43000,-13000,-13000
08153P,台表科統一9B售01,0,0,0,0,0,0,0,0,0,-13000,0,0,0,21000,34000,-13000,-13000
053256,上銀富邦98購01  ,0,0,0,0,0,0,0,0,0,-13000,0,0,0,0,13000,-13000,-13000
054831,緯穎國泰98購01  ,0,0,0,0,0,0,0,0,0,-13000,0,0,0,0,13000,-13000,-13000
054059,欣興國票97購03  ,0,0,0,0,0,0,0,0,0,-13000,0,0,0,42000,55000,-13000,-13000
00714,群益道瓊美國地產,0,120000,-120000,0,0,0,0,0,0,107000,0,0,0,1132000,1025000,107000,-13000
054510,S&P反1元大98購01,0,0,0,0,0,0,0,0,0,-13000,0,0,0,2000,15000,-13000,-13000
056291,聯茂永豐97購03  ,0,0,0,0,0,0,0,0,0,-13000,0,0,0,0,13000,-13000,-13000
058995,台達電元大99購01,0,1000,-1000,0,0,0,0,0,0,-12000,0,0,0,77000,89000,-12000,-13000
058022,樺漢凱基99購02  ,0,0,0,0,0,0,0,0,0,-13000,0,0,0,0,13000,-13000,-13000
061053,國巨群益9A購08  ,0,0,0,0,0,0,0,0,0,-13000,0,0,0,0,13000,-13000,-13000
058796,可成元大99購04  ,0,0,0,0,0,0,0,0,0,-13000,0,0,0,6000,19000,-13000,-13000
058875,台表科國票9A購02,0,0,0,0,0,0,0,0,0,-13000,0,0,0,1000,14000,-13000,-13000
058923,華新科元富99購06,0,0,0,0,0,0,0,0,0,-13000,0,0,0,7000,20000,-13000,-13000
057637,上銀元大98購07  ,0,0,0,0,0,0,0,0,0,-13000,0,0,0,19000,32000,-13000,-13000
057718,旺宏元富02購02  ,0,0,0,0,0,0,0,0,0,-13000,0,0,0,0,13000,-13000,-13000
062310,南亞科凱基9B購02,0,0,0,0,0,0,0,0,0,-13000,0,0,0,4000,17000,-13000,-13000
061931,力山國票9B購02  ,0,0,0,0,0,0,0,0,0,-13000,0,0,0,11000,24000,-13000,-13000
061017,國泰金麥證9A購01,0,0,0,9000,22000,-13000,0,0,0,-13000,0,0,0,9000,22000,-13000,-13000
061367,瑞祺國票9A購01  ,0,0,0,0,0,0,0,0,0,-13000,0,0,0,85000,98000,-13000,-13000
062717,華邦電凱基9C購01,0,0,0,0,0,0,0,0,0,-13000,0,0,0,0,13000,-13000,-13000
063108,世紀鋼群益9C購01,0,0,0,0,0,0,0,0,0,-13000,0,0,0,0,13000,-13000,-13000
063306,聯茂凱基9C購01  ,0,0,0,0,0,0,0,0,0,-13000,0,0,0,35000,48000,-13000,-13000
063608,力成凱基9B購03  ,0,0,0,0,0,0,0,0,0,-13000,0,0,0,30000,43000,-13000,-13000
2496,卓越            ,1000,14000,-13000,0,0,0,0,0,0,0,0,0,0,0,0,0,-13000
2462,良得電          ,1000,14000,-13000,0,0,0,0,0,0,0,0,0,0,0,0,0,-13000
2701,萬企            ,3000,16000,-13000,0,0,0,0,0,0,0,0,0,0,0,0,0,-13000
4912,聯德控股-KY     ,6000,19000,-13000,0,0,0,0,0,0,0,0,0,0,0,0,0,-13000
4930,燦星網          ,0,13000,-13000,0,0,0,0,0,0,0,0,0,0,0,0,0,-13000
08222P,南六凱基9B售05  ,0,0,0,0,0,0,0,0,0,-14000,0,0,0,0,14000,-14000,-14000
2029,盛餘            ,1000,14000,-13000,0,0,0,0,0,0,-1000,0,1000,-1000,0,0,0,-14000
07806P,健策永豐9A售02  ,0,0,0,0,0,0,0,0,0,-14000,0,0,0,0,14000,-14000,-14000
07772P,華新科國票9A售05,0,0,0,0,0,0,0,0,0,-14000,0,0,0,0,14000,-14000,-14000
07551P,國巨元大9A售10  ,0,0,0,0,0,0,0,0,0,-14000,0,0,0,6000,20000,-14000,-14000
07667P,亞德客元大9A售05,0,0,0,0,0,0,0,0,0,-14000,0,0,0,130000,144000,-14000,-14000
063853,同欣電元大9C購02,0,0,0,0,0,0,0,0,0,-14000,0,0,0,6000,20000,-14000,-14000
064488,台達電元大9C購01,0,0,0,0,0,0,0,0,0,-14000,0,0,0,11000,25000,-14000,-14000
064491,金像電元大9C購03,0,0,0,0,0,0,0,0,0,-14000,0,0,0,0,14000,-14000,-14000
06767P,台積電永昌99售03,0,0,0,0,0,0,0,0,0,-14000,0,0,0,30000,44000,-14000,-14000
07187P,臺股指台新99售10,0,0,0,0,0,0,0,0,0,-14000,0,0,0,0,14000,-14000,-14000
07137P,大立光中信9B售01,0,0,0,0,0,0,0,0,0,-14000,0,0,0,0,14000,-14000,-14000
056609,楠梓電永豐98購02,0,0,0,0,0,0,0,0,0,-14000,0,0,0,88000,102000,-14000,-14000
060329,鎧勝群益9B購01  ,0,0,0,0,0,0,0,0,0,-14000,0,0,0,29000,43000,-14000,-14000
055568,緯穎凱基97購02  ,0,0,0,0,0,0,0,0,0,-14000,0,0,0,40000,54000,-14000,-14000
055973,亞德客統一97購01,0,0,0,0,0,0,0,0,0,-14000,0,0,0,33000,47000,-14000,-14000
055909,大成鋼凱基98購02,0,0,0,0,0,0,0,0,0,-14000,0,0,0,0,14000,-14000,-14000
054585,禾伸堂國泰99購01,0,0,0,0,0,0,0,0,0,-14000,0,0,0,21000,35000,-14000,-14000
054463,瑞昱凱基97購01  ,0,0,0,0,0,0,0,0,0,-14000,0,0,0,0,14000,-14000,-14000
056650,彩晶凱基9A購01  ,0,0,0,0,0,0,0,0,0,-14000,0,0,0,45000,59000,-14000,-14000
057706,臺股指群益98購06,0,0,0,0,0,0,0,0,0,-14000,0,0,0,0,14000,-14000,-14000
058504,台積電元大99購07,0,0,0,0,0,0,0,0,0,-14000,0,0,0,68000,82000,-14000,-14000
058256,臺股指元大9A購20,0,0,0,0,0,0,0,0,0,-14000,0,0,0,6000,20000,-14000,-14000
05995P,T50正2中信9C售01,0,0,0,0,0,0,0,0,0,-14000,0,0,0,131000,145000,-14000,-14000
060699,華新科國泰9B購03,0,0,0,0,0,0,0,0,0,-14000,0,0,0,60000,74000,-14000,-14000
057326,景碩群益99購02  ,0,0,0,0,0,0,0,0,0,-14000,0,0,0,0,14000,-14000,-14000
058202,鴻海凱基9A購04  ,0,0,0,0,0,0,0,0,0,-14000,0,0,0,0,14000,-14000,-14000
057044,旺宏元大98購08  ,0,0,0,0,0,0,0,0,0,-14000,0,0,0,0,14000,-14000,-14000
059613,泰鼎永豐99購02  ,0,0,0,0,0,0,0,0,0,-14000,0,0,0,0,14000,-14000,-14000
063579,GIS元大9C購01   ,0,0,0,0,0,0,0,0,0,-14000,0,0,0,19000,33000,-14000,-14000
06169P,華新科元富97售02,0,0,0,0,0,0,0,0,0,-14000,0,0,0,6000,20000,-14000,-14000
061645,超眾元大9A購06  ,0,0,0,0,0,0,0,0,0,-14000,0,0,0,11000,25000,-14000,-14000
061877,貿聯元大9B購01  ,0,0,0,0,0,0,0,0,0,-14000,0,0,0,18000,32000,-14000,-14000
6164,華興            ,2000,16000,-14000,0,0,0,0,0,0,0,0,0,0,0,0,0,-14000
5525,順天            ,2000,12000,-10000,0,0,0,0,0,0,-4000,0,4000,-4000,0,0,0,-14000
2433,互盛電          ,6000,22000,-16000,0,0,0,0,0,0,2000,2000,0,2000,0,0,0,-14000
06776P,鴻海元大99售05  ,0,0,0,0,0,0,0,0,0,-15000,0,0,0,0,15000,-15000,-15000
06781P,大立光元大98售19,0,0,0,0,0,0,0,0,0,-15000,0,0,0,0,15000,-15000,-15000
06932P,大立光元大98售21,0,0,0,0,0,0,0,0,0,-15000,0,0,0,0,15000,-15000,-15000
06978P,聯發科富邦9B售02,0,0,0,0,0,0,0,0,0,-15000,0,0,0,0,15000,-15000,-15000
064556,華通群益02購02  ,0,0,0,0,0,0,0,0,0,-15000,0,0,0,0,15000,-15000,-15000
06599P,宏達電永豐98售02,0,0,0,0,0,0,0,0,0,-15000,0,0,0,37000,52000,-15000,-15000
06558P,旺宏元富98售02  ,0,0,0,0,0,0,0,0,0,-15000,0,0,0,0,15000,-15000,-15000
06548P,大立光元大98售10,0,0,0,0,0,0,0,0,0,-15000,0,0,0,0,15000,-15000,-15000
063984,華邦電國泰02購01,0,0,0,0,0,0,0,0,0,-15000,0,0,0,35000,50000,-15000,-15000
06411P,晶相光永豐97售03,0,0,0,0,0,0,0,0,0,-15000,0,0,0,22000,37000,-15000,-15000
07700P,臺股指元大9A售53,0,0,0,0,0,0,0,0,0,-15000,0,0,0,15000,30000,-15000,-15000
07352P,台積電國票99售11,0,0,0,0,0,0,0,0,0,-15000,0,0,0,0,15000,-15000,-15000
07887P,台積電國票9C售03,0,0,0,0,0,0,0,0,0,-15000,0,0,0,0,15000,-15000,-15000
07861P,台灣50中信03售08,0,0,0,0,0,0,0,0,0,-15000,0,0,0,20000,35000,-15000,-15000
08019P,緯穎國票9B售02  ,0,0,0,0,0,0,0,0,0,-15000,0,0,0,5000,20000,-15000,-15000
2233,宇隆            ,11000,27000,-16000,0,0,0,0,0,0,1000,2000,1000,1000,0,0,0,-15000
1234,黑松            ,5000,20000,-15000,0,0,0,0,0,0,0,0,0,0,0,0,0,-15000
1416,廣豐            ,8000,18000,-10000,0,0,0,0,0,0,-5000,0,5000,-5000,0,0,0,-15000
1203,味王            ,2000,17000,-15000,0,0,0,0,0,0,0,0,0,0,0,0,0,-15000
08351P,南六國票01售02  ,0,0,0,0,0,0,0,0,0,-15000,0,0,0,0,15000,-15000,-15000
052049,緯創凱基97購01  ,0,0,0,0,0,0,0,0,0,-15000,0,0,0,41000,56000,-15000,-15000
055021,亞德客國泰98購01,0,0,0,0,0,0,0,0,0,-15000,0,0,0,0,15000,-15000,-15000
060236,精元元大9C購01  ,0,0,0,0,0,0,0,0,0,-15000,0,0,0,116000,131000,-15000,-15000
056512,易華電永豐98購01,0,0,0,0,0,0,0,0,0,-15000,0,0,0,0,15000,-15000,-15000
059634,可成凱基99購07  ,0,0,0,0,0,0,0,0,0,-15000,0,0,0,5000,20000,-15000,-15000
059768,上証2X群益9C購02,0,0,0,0,0,0,0,0,0,-15000,0,0,0,0,15000,-15000,-15000
059048,元油2X凱基9A購11,0,0,0,0,0,0,0,0,0,-15000,0,0,0,0,15000,-15000,-15000
058012,鈺齊國票99購01  ,0,0,0,0,0,0,0,0,0,-15000,0,0,0,23000,38000,-15000,-15000
058071,大立光凱基98購19,0,0,0,0,0,0,0,0,0,-15000,0,0,0,0,15000,-15000,-15000
059119,華擎永豐99購02  ,0,0,0,0,0,0,0,0,0,-15000,0,0,0,0,15000,-15000,-15000
057317,技嘉凱基98購02  ,0,0,0,0,0,0,0,0,0,-15000,0,0,0,56000,71000,-15000,-15000
059215,台積電元大99購28,0,0,0,0,0,0,0,0,0,-15000,0,0,0,15000,30000,-15000,-15000
060742,臺指反國票9B購02,0,0,0,0,0,0,0,0,0,-15000,0,0,0,30000,45000,-15000,-15000
06078P,臺股指凱基9A售01,0,0,0,0,0,0,0,0,0,-15000,0,0,0,0,15000,-15000,-15000
058746,華通凱基9A購02  ,0,0,0,0,0,0,0,0,0,-15000,0,0,0,0,15000,-15000,-15000
060033,臻鼎永豐99購01  ,0,0,0,0,0,0,0,0,0,-15000,0,0,0,2000,17000,-15000,-15000
058561,T50反1凱基9A購05,0,0,0,0,0,0,0,0,0,-15000,0,0,0,0,15000,-15000,-15000
060091,技嘉元大99購03  ,0,0,0,0,0,0,0,0,0,-15000,0,0,0,43000,58000,-15000,-15000
05933P,鴻海凱基97售03  ,0,0,0,0,0,0,0,0,0,-15000,0,0,0,0,15000,-15000,-15000
057539,南茂元大98購02  ,0,0,0,0,0,0,0,0,0,-15000,0,0,0,168000,183000,-15000,-15000
057476,國巨元大98購19  ,0,0,0,0,0,0,0,0,0,-15000,0,0,0,15000,30000,-15000,-15000
057451,大立光元富9B購01,0,0,0,0,0,0,0,0,0,-15000,0,0,0,22000,37000,-15000,-15000
062113,瑞祺國票9B購01  ,0,0,0,0,0,0,0,0,0,-15000,0,0,0,8000,23000,-15000,-15000
062019,嘉澤永豐9B購01  ,0,0,0,0,0,0,0,0,0,-15000,0,0,0,55000,70000,-15000,-15000
062044,健策凱基9B購02  ,0,0,0,0,0,0,0,0,0,-15000,0,0,0,33000,48000,-15000,-15000
062161,南六凱基9C購01  ,0,0,0,0,0,0,0,0,0,-15000,0,0,0,0,15000,-15000,-15000
062387,健策國泰01購01  ,0,0,0,0,0,0,0,0,0,-15000,0,0,0,136000,151000,-15000,-15000
061526,宏達電凱基9A購04,0,0,0,0,0,0,0,0,0,-15000,0,0,0,99000,114000,-15000,-15000
060922,金像電永豐9A購01,0,0,0,0,0,0,0,0,0,-15000,0,0,0,2000,17000,-15000,-15000
063589,美食永豐9B購02  ,0,0,0,0,0,0,0,0,0,-15000,0,0,0,0,15000,-15000,-15000
06339P,上銀統一97售06  ,0,0,0,0,0,0,0,0,0,-15000,0,0,0,0,15000,-15000,-15000
063124,奇力新元大9B購05,0,0,0,0,0,0,0,0,0,-15000,0,0,0,5000,20000,-15000,-15000
063045,國巨兆豐9C購02  ,0,0,0,0,0,0,0,0,0,-15000,0,0,0,0,15000,-15000,-15000
063005,道瓊反元大9B購02,0,0,0,0,0,0,0,0,0,-15000,0,0,0,0,15000,-15000,-15000
6133,金橋            ,0,16000,-16000,0,0,0,0,0,0,1000,1000,0,1000,0,0,0,-15000
4764,雙鍵            ,3000,18000,-15000,0,0,0,0,0,0,0,0,0,0,0,0,0,-15000
4994,傳奇            ,36900,52000,-15100,0,0,0,0,0,0,0,0,0,0,0,0,0,-15100
08338P,台灣50凱基9C售11,0,0,0,0,0,0,0,0,0,-16000,0,0,0,32000,48000,-16000,-16000
08248P,旺宏群益9C售02  ,0,0,0,0,0,0,0,0,0,-16000,0,0,0,0,16000,-16000,-16000
2069,運錩            ,3000,19000,-16000,0,0,0,0,0,0,0,0,0,0,0,0,0,-16000
1521,大億            ,1000,17000,-16000,0,0,0,0,0,0,0,0,0,0,0,0,0,-16000
1568,倉佑            ,1000,17000,-16000,0,0,0,0,0,0,0,0,0,0,0,0,0,-16000
07927P,國巨統一9B售08  ,0,0,0,0,0,0,0,0,0,-16000,0,0,0,0,16000,-16000,-16000
07673P,電子類元大9A售01,0,0,0,0,0,0,0,0,0,-16000,0,0,0,49000,65000,-16000,-16000
07530P,聯發科凱基9A售11,0,0,0,0,0,0,0,0,0,-16000,0,0,0,0,16000,-16000,-16000
07614P,華新科群益9A售04,0,0,0,0,0,0,0,0,0,-16000,0,0,0,60000,76000,-16000,-16000
064037,寶成元大9C購02  ,0,0,0,0,0,0,0,0,0,-16000,0,0,0,0,16000,-16000,-16000
064490,金像電元大9C購02,0,0,0,0,0,0,0,0,0,-16000,0,0,0,18000,34000,-16000,-16000
06751P,旺宏凱基98售10  ,0,0,0,0,0,0,0,0,0,-16000,0,0,0,30000,46000,-16000,-16000
07206P,鴻海凱基9A售11  ,0,0,0,0,0,0,0,0,0,-16000,0,0,0,20000,36000,-16000,-16000
056001,美食永豐97購01  ,0,0,0,0,0,0,0,0,0,-16000,0,0,0,0,16000,-16000,-16000
059511,宏達電永豐99購02,0,0,0,0,0,0,0,0,0,-16000,0,0,0,24000,40000,-16000,-16000
058920,SGBR2X元富99購06,0,0,0,0,0,0,0,0,0,-16000,0,0,0,0,16000,-16000,-16000
058784,臺股指國票99購03,0,0,0,0,0,0,0,0,0,-16000,0,0,0,1000,17000,-16000,-16000
059107,南茂國泰9A購01  ,0,0,0,0,0,0,0,0,0,-16000,0,0,0,76000,92000,-16000,-16000
057137,鈺齊凱基98購01  ,0,0,0,0,0,0,0,0,0,-16000,0,0,0,0,16000,-16000,-16000
059044,聯電日盛99購02  ,0,0,0,0,0,0,0,0,0,-16000,0,0,0,0,16000,-16000,-16000
057201,華擎元富98購01  ,0,0,0,0,0,0,0,0,0,-16000,0,0,0,6000,22000,-16000,-16000
060133,牧德群益9B購01  ,0,0,0,0,0,0,0,0,0,-16000,0,0,0,6000,22000,-16000,-16000
063171,光寶科中信9B購01,0,0,0,0,0,0,0,0,0,-16000,0,0,0,198000,214000,-16000,-16000
063458,正隆元大9B購01  ,0,0,0,0,0,0,0,0,0,-16000,0,0,0,0,16000,-16000,-16000
063290,GIS元大9B購02   ,0,0,0,0,0,0,0,0,0,-16000,0,0,0,36000,52000,-16000,-16000
063265,瑞祺永豐9B購01  ,0,0,0,0,0,0,0,0,0,-16000,0,0,0,0,16000,-16000,-16000
063610,儒鴻群益9B購02  ,0,0,0,0,0,0,0,0,0,-16000,0,0,0,5000,21000,-16000,-16000
063498,金像電永豐9B購02,0,0,0,0,0,0,0,0,0,-16000,0,0,0,0,16000,-16000,-16000
061503,臻鼎國票9B購01  ,0,0,0,0,0,0,0,0,0,-16000,0,0,0,2000,18000,-16000,-16000
062454,華通群益9C購03  ,0,0,0,0,0,0,0,0,0,-16000,0,0,0,30000,46000,-16000,-16000
062075,智邦元大9B購03  ,0,0,0,0,0,0,0,0,0,-16000,0,0,0,172000,188000,-16000,-16000
061915,T50反1凱基02購02,0,0,0,0,0,0,0,0,0,-16000,0,0,0,121000,137000,-16000,-16000
5007,三星            ,16000,32000,-16000,0,0,0,0,0,0,0,0,0,0,0,0,0,-16000
3164,景岳            ,4000,20000,-16000,0,0,0,0,0,0,0,1000,1000,0,0,0,0,-16000
2417,圓剛            ,3718709,4048000,-329291,0,0,0,0,0,0,313000,314000,1000,313000,0,0,0,-16291
08321P,世芯永豐9C售01  ,0,0,0,0,0,0,0,0,0,-17000,0,0,0,13000,30000,-17000,-17000
1256,鮮活果汁-KY     ,6000,23000,-17000,0,0,0,0,0,0,0,0,0,0,0,0,0,-17000
07685P,玉晶光凱基9B售03,0,0,0,0,0,0,0,0,0,-17000,0,0,0,10000,27000,-17000,-17000
07977P,華新科群益01售01,0,0,0,0,0,0,0,0,0,-17000,0,0,0,60000,77000,-17000,-17000
08009P,華擎統一9B售02  ,0,0,0,0,0,0,0,0,0,-17000,0,0,0,5000,22000,-17000,-17000
07870P,鴻海群益9B售01  ,0,0,0,0,0,0,0,0,0,-17000,0,0,0,0,17000,-17000,-17000
07209P,台積電凱基9A售10,0,0,0,0,0,0,0,0,0,-17000,0,0,0,0,17000,-17000,-17000
06850P,聯茂元大98售06  ,0,0,0,0,0,0,0,0,0,-17000,0,0,0,0,17000,-17000,-17000
06515P,國巨凱基98售06  ,0,0,0,0,0,0,0,0,0,-17000,0,0,0,0,17000,-17000,-17000
064288,瀚宇博元大9C購02,0,0,0,0,0,0,0,0,0,-17000,0,0,0,78000,95000,-17000,-17000
055620,樺漢國票98購01  ,0,0,0,0,0,0,0,0,0,-17000,0,0,0,0,17000,-17000,-17000
060399,康友國票9A購02  ,0,0,0,0,0,0,0,0,0,-17000,0,0,0,0,17000,-17000,-17000
056637,台光電日盛9A購01,0,0,0,0,0,0,0,0,0,-17000,0,0,0,0,17000,-17000,-17000
057198,智伸科統一9B購01,0,0,0,0,0,0,0,0,0,-17000,0,0,0,4000,21000,-17000,-17000
060171,宏達電台新9A購01,0,0,0,0,0,0,0,0,0,-17000,0,0,0,0,17000,-17000,-17000
057127,旺宏凱基98購09  ,0,0,0,0,0,0,0,0,0,-17000,0,0,0,0,17000,-17000,-17000
058051,同欣電元大98購03,0,0,0,0,0,0,0,0,0,-17000,0,0,0,5000,22000,-17000,-17000
060793,微星永豐9A購01  ,0,0,0,0,0,0,0,0,0,-17000,0,0,0,0,17000,-17000,-17000
061169,GIS兆豐9A購01   ,0,0,0,0,0,0,0,0,0,-17000,0,0,0,0,17000,-17000,-17000
05812P,臺股指國票96售05,0,0,0,0,0,0,0,0,0,-17000,0,0,0,0,17000,-17000,-17000
060630,國巨富邦9C購03  ,0,0,0,0,0,0,0,0,0,-17000,0,0,0,0,17000,-17000,-17000
060092,瑞昱元大99購03  ,0,0,0,0,0,0,0,0,0,-17000,0,0,0,16000,33000,-17000,-17000
060066,欣興兆豐9B購01  ,0,0,0,0,0,0,0,0,0,-17000,0,0,0,3000,20000,-17000,-17000
059928,道瓊銀富邦03購01,0,0,0,0,0,0,0,0,0,-17000,0,0,0,51000,68000,-17000,-17000
058577,南亞科群益99購02,0,0,0,0,0,0,0,0,0,-17000,0,0,0,43000,60000,-17000,-17000
061922,瑞昱凱基9B購01  ,0,0,0,0,0,0,0,0,0,-17000,0,0,0,40000,57000,-17000,-17000
062096,神隆永豐9B購01  ,0,0,0,0,0,0,0,0,0,-17000,0,0,0,11000,28000,-17000,-17000
062043,牧德凱基9B購04  ,0,0,0,0,0,0,0,0,0,-17000,0,0,0,0,17000,-17000,-17000
062370,華擎元大9B購01  ,0,0,0,0,0,0,0,0,0,-17000,0,0,0,8000,25000,-17000,-17000
063064,台表科元富9B購01,0,0,0,0,0,0,0,0,0,-17000,0,0,0,153000,170000,-17000,-17000
062937,旺宏凱基9B購08  ,0,0,0,0,0,0,0,0,0,-17000,0,0,0,0,17000,-17000,-17000
062745,聯詠永豐9B購01  ,0,0,0,0,0,0,0,0,0,-17000,0,0,0,0,17000,-17000,-17000
06266P,大立光凱基97售11,0,0,0,0,0,0,0,0,0,-17000,0,0,0,0,17000,-17000,-17000
3305,昇貿            ,0,19000,-19000,0,0,0,0,0,0,2000,2000,0,2000,0,0,0,-17000
5283,禾聯碩          ,3000,21000,-18000,0,0,0,0,0,0,1000,1000,0,1000,0,0,0,-17000
4438,廣越            ,6000,28000,-22000,0,0,0,0,0,0,5000,5000,0,5000,0,0,0,-17000
9188,精熙-DR         ,0,17000,-17000,0,0,0,0,0,0,0,0,0,0,0,0,0,-17000
06437P,玉晶光國票99售01,0,0,0,0,0,0,0,0,0,-18000,0,0,0,0,18000,-18000,-18000
064163,康控統一01購01  ,0,0,0,0,0,0,0,0,0,-18000,0,0,0,0,18000,-18000,-18000
06630P,國巨群益98售08  ,0,0,0,0,0,0,0,0,0,-18000,0,0,0,0,18000,-18000,-18000
064400,大成鋼凱基01購01,0,0,0,0,0,0,0,0,0,-18000,0,0,0,2000,20000,-18000,-18000
07226P,貿聯富邦9B售01  ,0,0,0,0,0,0,0,0,0,-18000,0,0,0,2000,20000,-18000,-18000
08044P,臺股指富邦9B售03,0,0,0,0,0,0,0,0,0,-18000,0,0,0,0,18000,-18000,-18000
07341P,台積電凱基99售18,0,0,0,0,0,0,0,0,0,-18000,0,0,0,0,18000,-18000,-18000
08188P,群創群益9B售04  ,0,0,0,0,0,0,0,0,0,-18000,0,0,0,7000,25000,-18000,-18000
1432,大魯閣          ,23000,41000,-18000,0,0,0,0,0,0,0,0,0,0,0,0,0,-18000
050014,國巨富邦98購01  ,0,0,0,0,0,0,0,0,0,-18000,0,0,0,20000,38000,-18000,-18000
03681C,台灣50凱基02牛02,0,0,0,0,0,0,0,0,0,-18000,0,0,0,8000,26000,-18000,-18000
056621,宏達電永豐98購01,0,0,0,0,0,0,0,0,0,-18000,0,0,0,0,18000,-18000,-18000
056416,華新科中信98購01,0,0,0,0,0,0,0,0,0,-18000,0,0,0,2000,20000,-18000,-18000
055468,智邦凱基97購04  ,0,0,0,0,0,0,0,0,0,-18000,0,0,0,20000,38000,-18000,-18000
056742,玉晶光凱基9A購01,0,0,0,0,0,0,0,0,0,-18000,0,0,0,22000,40000,-18000,-18000
055910,瑞昱凱基98購01  ,0,0,0,0,0,0,0,0,0,-18000,0,0,0,0,18000,-18000,-18000
055779,國泰金凱基97購02,0,0,0,0,0,0,0,0,0,-18000,0,0,0,97000,115000,-18000,-18000
055788,緯穎凱基97購04  ,0,0,0,0,0,0,0,0,0,-18000,0,0,0,125000,143000,-18000,-18000
058596,旺宏台新99購01  ,0,0,0,0,0,0,0,0,0,-18000,0,0,0,0,18000,-18000,-18000
059921,大立光元大99購24,0,0,0,0,0,0,0,0,0,-18000,0,0,0,10000,28000,-18000,-18000
057685,台灣50凱基9C購01,0,0,0,0,0,0,0,0,0,-18000,0,0,0,0,18000,-18000,-18000
057923,晶豪科凱基98購02,0,0,0,0,0,0,0,0,0,-18000,0,0,0,60000,78000,-18000,-18000
057399,滬深反群益9C購01,0,0,0,0,0,0,0,0,0,-18000,0,0,0,2000,20000,-18000,-18000
059454,亞光永豐99購01  ,0,0,0,0,0,0,0,0,0,-18000,0,0,0,2000,20000,-18000,-18000
058914,元油2X元富01購02,0,0,0,0,0,0,0,0,0,-18000,0,0,0,0,18000,-18000,-18000
059264,台光電中信99購02,0,0,0,0,0,0,0,0,0,-18000,0,0,0,12000,30000,-18000,-18000
061052,和大群益9A購01  ,0,0,0,0,0,0,0,0,0,-18000,0,0,0,7000,25000,-18000,-18000
060778,臺股指凱基9A購06,0,0,0,0,0,0,0,0,0,-18000,0,0,0,7000,25000,-18000,-18000
059100,元油2X統一9C購02,0,0,0,0,0,0,0,0,0,-18000,0,0,0,122000,140000,-18000,-18000
057190,立積元大9A購02  ,0,0,0,0,0,0,0,0,0,-18000,0,0,0,42000,60000,-18000,-18000
059742,富邦金元富99購01,0,0,0,0,0,0,0,0,0,-18000,0,0,0,82000,100000,-18000,-18000
062641,瀚宇博國票9B購01,0,0,0,0,0,0,0,0,0,-18000,0,0,0,0,18000,-18000,-18000
062765,祥碩凱基9B購04  ,0,0,0,0,0,0,0,0,0,-18000,0,0,0,15000,33000,-18000,-18000
063473,茂林元大9B購05  ,0,0,0,0,0,0,0,0,0,-18000,0,0,0,0,18000,-18000,-18000
062389,台表科國泰01購01,0,0,0,0,0,0,0,0,0,-18000,0,0,0,67000,85000,-18000,-18000
061930,臺股指凱基9B購05,0,0,0,0,0,0,0,0,0,-18000,0,0,0,3000,21000,-18000,-18000
061597,南六永豐9A購04  ,0,0,0,0,0,0,0,0,0,-18000,0,0,0,12000,30000,-18000,-18000
061640,智原元大9A購01  ,0,0,0,0,0,0,0,0,0,-18000,0,0,0,23000,41000,-18000,-18000
8488,吉源-KY         ,3000,22000,-19000,0,0,0,0,0,0,1000,1000,0,1000,0,0,0,-18000
2911,麗嬰房          ,5000,23000,-18000,0,0,0,0,0,0,0,0,0,0,0,0,0,-18000
1626,艾美特-KY       ,6000,25000,-19000,0,0,0,0,0,0,0,0,0,0,0,0,0,-19000
08197P,聯發科元大9B售24,0,0,0,0,0,0,0,0,0,-19000,0,0,0,6000,25000,-19000,-19000
07457P,宏達電元大9A售01,0,0,0,0,0,0,0,0,0,-19000,0,0,0,0,19000,-19000,-19000
07994P,臺股指群益9B售04,0,0,0,0,0,0,0,0,0,-19000,0,0,0,21000,40000,-19000,-19000
06950P,鴻海統一9B售02  ,0,0,0,0,0,0,0,0,0,-19000,0,0,0,9000,28000,-19000,-19000
06933P,禾伸堂元大98售03,0,0,0,0,0,0,0,0,0,-19000,0,0,0,19000,38000,-19000,-19000
06631P,玉晶光群益9A售03,0,0,0,0,0,0,0,0,0,-19000,0,0,0,0,19000,-19000,-19000
06689P,鴻海中信9C售02  ,0,0,0,0,0,0,0,0,0,-19000,0,0,0,2000,21000,-19000,-19000
06429P,大立光元大97售15,0,0,0,0,0,0,0,0,0,-19000,0,0,0,0,19000,-19000,-19000
063839,華通元大9C購02  ,0,0,0,0,0,0,0,0,0,-19000,0,0,0,50000,69000,-19000,-19000
055911,可成凱基98購02  ,0,0,0,0,0,0,0,0,0,-19000,0,0,0,5000,24000,-19000,-19000
055384,緯穎元大98購02  ,0,0,0,0,0,0,0,0,0,-19000,0,0,0,1000,20000,-19000,-19000
06026P,華通台新97售01  ,0,0,0,0,0,0,0,0,0,-19000,0,0,0,0,19000,-19000,-19000
052536,聯茂國泰97購01  ,0,0,0,0,0,0,0,0,0,-19000,0,0,0,1000,20000,-19000,-19000
053887,聯茂兆豐97購02  ,0,0,0,0,0,0,0,0,0,-19000,0,0,0,1000,20000,-19000,-19000
057981,臻鼎永豐98購01  ,0,0,0,0,0,0,0,0,0,-19000,0,0,0,27000,46000,-19000,-19000
058036,南電永豐98購01  ,0,0,0,0,0,0,0,0,0,-19000,0,0,0,99000,118000,-19000,-19000
060867,智伸科永豐9A購01,0,0,0,0,0,0,0,0,0,-19000,0,0,0,45000,64000,-19000,-19000
060877,華邦電中信02購01,0,0,0,0,0,0,0,0,0,-19000,0,0,0,0,19000,-19000,-19000
061127,美食永豐9A購01  ,0,0,0,0,0,0,0,0,0,-19000,0,0,0,11000,30000,-19000,-19000
058118,瑞昱群益99購01  ,0,0,0,0,0,0,0,0,0,-19000,0,0,0,18000,37000,-19000,-19000
059151,臺股指國票99購14,0,0,0,0,0,0,0,0,0,-19000,0,0,0,4000,23000,-19000,-19000
059534,國泰金凱基99購01,0,0,0,0,0,0,0,0,0,-19000,0,0,0,11000,30000,-19000,-19000
058779,大立光國票9A購02,0,0,0,0,0,0,0,0,0,-19000,0,0,0,0,19000,-19000,-19000
057865,富邦金凱基98購01,0,0,0,0,0,0,0,0,0,-19000,0,0,0,44000,63000,-19000,-19000
057837,康控國泰99購02  ,0,0,0,0,0,0,0,0,0,-19000,0,0,0,340000,359000,-19000,-19000
061633,統一元大9A購01  ,0,0,0,0,0,0,0,0,0,-19000,0,0,0,3000,22000,-19000,-19000
063433,臻鼎元富9B購01  ,0,0,0,0,0,0,0,0,0,-19000,0,0,0,88000,107000,-19000,-19000
063721,道瓊銀元大9B購03,0,0,0,0,0,0,0,0,0,-19000,0,0,0,0,19000,-19000,-19000
063742,道瓊指國票9C購01,0,0,0,0,0,0,0,0,0,-19000,0,0,0,5000,24000,-19000,-19000
063696,T50反1群益9B購03,0,0,0,0,0,0,0,0,0,-19000,0,0,0,0,19000,-19000,-19000
062785,世芯元大9C購01  ,0,0,0,0,0,0,0,0,0,-19000,0,0,0,2000,21000,-19000,-19000
6205,詮欣            ,7000,27000,-20000,0,0,0,0,0,0,1000,1000,0,1000,0,0,0,-19000
064074,南茂永豐9C購01  ,0,0,0,0,0,0,0,0,0,-20000,0,0,0,13000,33000,-20000,-20000
064002,仁寶凱基9C購01  ,0,0,0,0,0,0,0,0,0,-20000,0,0,0,0,20000,-20000,-20000
064192,巨大中信9C購01  ,0,0,0,0,0,0,0,0,0,-20000,0,0,0,157000,177000,-20000,-20000
06715P,台積電元大99售04,0,0,0,0,0,0,0,0,0,-20000,0,0,0,0,20000,-20000,-20000
06493P,聯發科永豐98售02,0,0,0,0,0,0,0,0,0,-20000,0,0,0,0,20000,-20000,-20000
06488P,台積電元富98售05,0,0,0,0,0,0,0,0,0,-20000,0,0,0,0,20000,-20000,-20000
06579P,臺股指麥證98售03,0,0,0,0,40000,-40000,0,0,0,-20000,0,0,0,20000,40000,-20000,-20000
064433,金像電凱基02購01,0,0,0,0,0,0,0,0,0,-20000,0,0,0,0,20000,-20000,-20000
064475,台積電國泰02購03,0,0,0,0,0,0,0,0,0,-20000,0,0,0,0,20000,-20000,-20000
06455P,上銀統一99售03  ,0,0,0,0,0,0,0,0,0,-20000,0,0,0,0,20000,-20000,-20000
064552,巨大凱基01購01  ,0,0,0,0,0,0,0,0,0,-20000,0,0,0,0,20000,-20000,-20000
064601,嘉晶元富9C購03  ,0,0,0,0,0,0,0,0,0,-20000,0,0,0,0,20000,-20000,-20000
064631,臺股指元大9C購17,0,0,0,0,0,0,0,0,0,-20000,0,0,0,0,20000,-20000,-20000
064626,聯茂元大9C購01  ,0,0,0,0,0,0,0,0,0,-20000,0,0,0,0,20000,-20000,-20000
06854P,鴻海富邦99售05  ,0,0,0,0,0,0,0,0,0,-20000,0,0,0,0,20000,-20000,-20000
07044P,台積電元大99售13,0,0,0,0,0,0,0,0,0,-20000,0,0,0,0,20000,-20000,-20000
06994P,台光電凱基99售02,0,0,0,0,0,0,0,0,0,-20000,0,0,0,0,20000,-20000,-20000
08050P,臺股指國票9B售15,0,0,0,0,0,0,0,0,0,-20000,0,0,0,0,20000,-20000,-20000
07910P,台積電統一9C售07,0,0,0,0,0,0,0,0,0,-20000,0,0,0,0,20000,-20000,-20000
07926P,上銀統一9B售02  ,0,0,0,0,0,0,0,0,0,-20000,0,0,0,120000,140000,-20000,-20000
07770P,台積電國票9A售07,0,0,0,0,0,0,0,0,0,-20000,0,0,0,0,20000,-20000,-20000
07789P,緯穎群益9A售03  ,0,0,0,0,0,0,0,0,0,-20000,0,0,0,0,20000,-20000,-20000
07452P,國巨元大9A售05  ,0,0,0,0,0,0,0,0,0,-20000,0,0,0,0,20000,-20000,-20000
07396P,聯發科群益9B售01,0,0,0,0,0,0,0,0,0,-20000,0,0,0,0,20000,-20000,-20000
07439P,臺股指麥證9B售01,0,0,0,0,20000,-20000,0,0,0,-20000,0,0,0,0,20000,-20000,-20000
07314P,T50正2元大9C售03,0,0,0,0,0,0,0,0,0,-20000,0,0,0,20000,40000,-20000,-20000
07682P,聯發科凱基9A售15,0,0,0,0,0,0,0,0,0,-20000,0,0,0,0,20000,-20000,-20000
07600P,台灣50凱基04售06,0,0,0,0,0,0,0,0,0,-20000,0,0,0,0,20000,-20000,-20000
07631P,臺股指凱基9A售12,0,0,0,0,0,0,0,0,0,-20000,0,0,0,0,20000,-20000,-20000
07525P,臺股指中信9B售07,0,0,0,0,0,0,0,0,0,-20000,0,0,0,0,20000,-20000,-20000
08242P,聯發科凱基9C售06,0,0,0,0,0,0,0,0,0,-20000,0,0,0,0,20000,-20000,-20000
1614,三洋電          ,6000,25000,-19000,0,0,0,0,0,0,-1000,0,1000,-1000,0,0,0,-20000
053609,華新中信9A購01  ,0,0,0,0,0,0,0,0,0,-20000,0,0,0,0,20000,-20000,-20000
053413,台積電國票99購01,0,0,0,0,0,0,0,0,0,-20000,0,0,0,0,20000,-20000,-20000
052791,友達兆豐97購01  ,0,0,0,0,0,0,0,0,0,-20000,0,0,0,6000,26000,-20000,-20000
054121,奇鋐永豐96購02  ,0,0,0,0,0,0,0,0,0,-20000,0,0,0,0,20000,-20000,-20000
056691,元油2X群益9B購01,0,0,0,0,0,0,0,0,0,-20000,0,0,0,0,20000,-20000,-20000
056696,茂林群益98購02  ,0,0,0,0,0,0,0,0,0,-20000,0,0,0,0,20000,-20000,-20000
054846,瑞昱兆豐97購01  ,0,0,0,0,0,0,0,0,0,-20000,0,0,0,0,20000,-20000,-20000
054735,漢唐凱基98購01  ,0,0,0,0,0,0,0,0,0,-20000,0,0,0,20000,40000,-20000,-20000
052937,國巨兆豐97購01  ,0,0,0,0,0,0,0,0,0,-20000,0,0,0,30000,50000,-20000,-20000
045444,群創元富98購02  ,0,0,0,0,0,0,0,0,0,-20000,0,0,0,0,20000,-20000,-20000
050515,聯電元大96購01  ,0,0,0,0,0,0,0,0,0,-20000,0,0,0,35000,55000,-20000,-20000
049973,T50反1日盛9A購01,0,0,0,0,0,0,0,0,0,-20000,0,0,0,2000,22000,-20000,-20000
05207P,高股息中信97售03,0,0,0,0,0,0,0,0,0,-20000,0,0,0,0,20000,-20000,-20000
052112,滬深2X中信99購01,0,0,0,0,0,0,0,0,0,-20000,0,0,0,0,20000,-20000,-20000
051510,新光金中信97購01,0,0,0,0,0,0,0,0,0,-20000,0,0,0,0,20000,-20000,-20000
054478,可成中信97購01  ,0,0,0,0,0,0,0,0,0,-20000,0,0,0,0,20000,-20000,-20000
054550,旺宏凱基98購02  ,0,0,0,0,0,0,0,0,0,-20000,0,0,0,0,20000,-20000,-20000
053377,台積電元大98購01,0,0,0,0,0,0,0,0,0,-20000,0,0,0,0,20000,-20000,-20000
060293,緯創元大9A購01  ,0,1000,-1000,0,0,0,0,0,0,-19000,0,0,0,94000,113000,-19000,-20000
060391,華擎群益9C購01  ,0,0,0,0,0,0,0,0,0,-20000,0,0,0,0,20000,-20000,-20000
060478,南電元大9A購01  ,0,0,0,0,0,0,0,0,0,-20000,0,0,0,48000,68000,-20000,-20000
060455,葡萄王元大9A購02,0,0,0,0,0,0,0,0,0,-20000,0,0,0,176000,196000,-20000,-20000
056432,鴻海凱基98購08  ,0,0,0,0,0,0,0,0,0,-20000,0,0,0,0,20000,-20000,-20000
056433,鴻海凱基98購09  ,0,0,0,0,0,0,0,0,0,-20000,0,0,0,34000,54000,-20000,-20000
056382,道瓊反國泰9A購01,0,0,0,0,0,0,0,0,0,-20000,0,0,0,0,20000,-20000,-20000
057002,友達國票98購01  ,0,0,0,0,0,0,0,0,0,-20000,0,0,0,0,20000,-20000,-20000
056964,聯發科永豐98購03,0,0,0,0,0,0,0,0,0,-20000,0,0,0,0,20000,-20000,-20000
056566,臻鼎群益98購01  ,0,0,0,0,0,0,0,0,0,-20000,0,0,0,30000,50000,-20000,-20000
05538P,玉晶光國票97售02,0,0,0,0,0,0,0,0,0,-20000,0,0,0,0,20000,-20000,-20000
055430,宏達電群益97購01,0,0,0,0,0,0,0,0,0,-20000,0,0,0,0,20000,-20000,-20000
055439,台表科國票98購02,0,0,0,0,0,0,0,0,0,-20000,0,0,0,17000,37000,-20000,-20000
055435,佳世達中信99購01,0,0,0,0,0,0,0,0,0,-20000,0,0,0,0,20000,-20000,-20000
055360,台表科凱基97購02,0,0,0,0,0,0,0,0,0,-20000,0,0,0,10000,30000,-20000,-20000
055381,茂林元大97購02  ,0,0,0,0,0,0,0,0,0,-20000,0,0,0,0,20000,-20000,-20000
055118,嘉聯益凱基98購02,0,0,0,0,0,0,0,0,0,-20000,0,0,0,0,20000,-20000,-20000
055119,力成凱基98購01  ,0,0,0,0,0,0,0,0,0,-20000,0,0,0,0,20000,-20000,-20000
055105,鴻海凱基98購05  ,0,0,0,0,0,0,0,0,0,-20000,0,0,0,0,20000,-20000,-20000
055145,T50反1元大97購04,0,0,0,0,0,0,0,0,0,-20000,0,0,0,0,20000,-20000,-20000
056740,大立光凱基98購13,0,0,0,0,0,0,0,0,0,-20000,0,0,0,0,20000,-20000,-20000
056753,群創兆豐98購02  ,0,0,0,0,0,0,0,0,0,-20000,0,0,0,0,20000,-20000,-20000
055499,大立光元大98購05,0,0,0,0,0,0,0,0,0,-20000,0,0,0,0,20000,-20000,-20000
056789,和碩群益98購01  ,0,0,0,0,0,0,0,0,0,-20000,0,0,0,0,20000,-20000,-20000
055560,大立光凱基97購10,0,0,0,0,0,0,0,0,0,-20000,0,0,0,0,20000,-20000,-20000
056259,T50反1統一9A購01,0,0,0,0,0,0,0,0,0,-20000,0,0,0,0,20000,-20000,-20000
056819,奇力新永豐98購01,0,0,0,0,0,0,0,0,0,-20000,0,0,0,0,20000,-20000,-20000
057408,台郡群益98購01  ,0,0,0,0,0,0,0,0,0,-20000,0,0,0,10000,30000,-20000,-20000
057691,健策凱基99購01  ,0,0,0,0,0,0,0,0,0,-20000,0,0,0,66000,86000,-20000,-20000
059925,可成國泰9B購01  ,0,0,0,0,0,0,0,0,0,-20000,0,0,0,0,20000,-20000,-20000
057699,可成群益9A購02  ,0,0,0,0,0,0,0,0,0,-20000,0,0,0,57000,77000,-20000,-20000
059811,高股息凱基99購02,0,0,0,0,0,0,0,0,0,-20000,0,0,0,0,20000,-20000,-20000
059980,台積電元大99購50,0,0,0,0,0,0,0,0,0,-20000,0,0,0,0,20000,-20000,-20000
058839,瑞儀中信99購02  ,0,0,0,0,0,0,0,0,0,-20000,0,0,0,20000,40000,-20000,-20000
058297,茂林凱基9A購02  ,0,0,0,0,0,0,0,0,0,-20000,0,0,0,0,20000,-20000,-20000
058396,力山元大99購01  ,0,0,0,0,0,0,0,0,0,-20000,0,0,0,0,20000,-20000,-20000
058443,T50正2富邦01購01,0,0,0,0,0,0,0,0,0,-20000,0,0,0,0,20000,-20000,-20000
058441,T50反1台新03購01,0,0,0,0,0,0,0,0,0,-20000,0,0,0,0,20000,-20000,-20000
059335,台灣50凱基03購02,0,0,0,0,0,0,0,0,0,-20000,0,0,0,0,20000,-20000,-20000
059274,國巨元大99購22  ,0,0,0,0,0,0,0,0,0,-20000,0,0,0,0,20000,-20000,-20000
060558,億豐凱基9A購01  ,0,0,0,0,0,0,0,0,0,-20000,0,0,0,0,20000,-20000,-20000
060655,國巨統一9B購06  ,0,0,0,0,0,0,0,0,0,-20000,0,0,0,0,20000,-20000,-20000
05730P,臺股指凱基97售03,0,0,0,0,0,0,0,0,0,-20000,0,0,0,0,20000,-20000,-20000
061039,台表科永豐9A購03,0,0,0,0,0,0,0,0,0,-20000,0,0,0,0,20000,-20000,-20000
060841,宏達電國票9B購01,0,0,0,0,0,0,0,0,0,-20000,0,0,0,30000,50000,-20000,-20000
058049,帆宣元大98購01  ,0,0,0,0,0,0,0,0,0,-20000,0,0,0,80000,100000,-20000,-20000
059127,國巨中信99購04  ,0,0,0,0,0,0,0,0,0,-20000,0,0,0,0,20000,-20000,-20000
057130,全新凱基98購03  ,0,0,0,0,0,0,0,0,0,-20000,0,0,0,30000,50000,-20000,-20000
062625,華通國票9B購02  ,0,0,0,0,0,0,0,0,0,-20000,0,0,0,16000,36000,-20000,-20000
062925,建準國票9B購01  ,0,0,0,0,0,0,0,0,0,-20000,0,0,0,0,20000,-20000,-20000
063162,國喬永豐9B購01  ,0,0,0,0,0,0,0,0,0,-20000,0,0,0,0,20000,-20000,-20000
063112,祥碩兆豐9B購01  ,0,0,0,0,0,0,0,0,0,-20000,0,0,0,12000,32000,-20000,-20000
063687,金像電永豐9B購04,0,0,0,0,0,0,0,0,0,-20000,0,0,0,0,20000,-20000,-20000
063584,南六國泰01購01  ,0,0,0,0,0,0,0,0,0,-20000,0,0,0,9000,29000,-20000,-20000
063426,茂林凱基9B購03  ,0,0,0,0,0,0,0,0,0,-20000,0,0,0,0,20000,-20000,-20000
063377,泰鼎永豐9B購03  ,0,0,0,0,0,0,0,0,0,-20000,0,0,0,0,20000,-20000,-20000
061733,聯發科中信01購01,0,0,0,0,0,0,0,0,0,-20000,0,0,0,0,20000,-20000,-20000
061738,聯發科凱基9B購04,0,0,0,0,0,0,0,0,0,-20000,0,0,0,0,20000,-20000,-20000
061577,泰碩元大9A購03  ,0,0,0,0,0,0,0,0,0,-20000,0,0,0,18000,38000,-20000,-20000
061450,嘉晶中信9A購01  ,0,0,0,0,0,0,0,0,0,-20000,0,0,0,30000,50000,-20000,-20000
06087P,國巨永豐97售01  ,0,0,0,0,0,0,0,0,0,-20000,0,0,0,0,20000,-20000,-20000
061892,亞德客永豐9B購01,0,0,0,0,0,0,0,0,0,-20000,0,0,0,0,20000,-20000,-20000
062099,牧德永豐9B購01  ,0,0,0,0,0,0,0,0,0,-20000,0,0,0,0,20000,-20000,-20000
062359,旺宏元大9C購02  ,0,0,0,0,0,0,0,0,0,-20000,0,0,0,5000,25000,-20000,-20000
062159,聯詠凱基9B購01  ,0,0,0,0,0,0,0,0,0,-20000,0,0,0,0,20000,-20000,-20000
062239,台汽電凱基9B購01,0,0,0,0,0,0,0,0,0,-20000,0,0,0,0,20000,-20000,-20000
062313,聯詠凱基9C購01  ,0,0,0,0,0,0,0,0,0,-20000,0,0,0,0,20000,-20000,-20000
5284,jpp-KY          ,1000,20000,-19000,0,0,0,0,0,0,-1000,0,1000,-1000,0,0,0,-20000
6165,捷泰            ,9000,29000,-20000,0,0,0,0,0,0,0,0,0,0,0,0,0,-20000
2887F,台新戊特二      ,0,0,0,0,0,0,0,0,0,-20000,0,20000,-20000,0,0,0,-20000
07691P,宏達電元大9A售05,0,0,0,0,0,0,0,0,0,-21000,0,0,0,0,21000,-21000,-21000
08092P,仁寶元富9B售02  ,0,0,0,0,0,0,0,0,0,-21000,0,0,0,67000,88000,-21000,-21000
08018P,牧德國票9B售04  ,0,0,0,0,0,0,0,0,0,-21000,0,0,0,20000,41000,-21000,-21000
06513P,鴻海凱基98售10  ,0,0,0,0,0,0,0,0,0,-21000,0,0,0,0,21000,-21000,-21000
06723P,台灣50麥證99售01,0,0,0,0,21000,-21000,0,0,0,-21000,0,0,0,0,21000,-21000,-21000
064218,南六凱基01購01  ,0,0,0,0,0,0,0,0,0,-21000,0,0,0,0,21000,-21000,-21000
054975,福懋科元大97購01,0,0,0,0,0,0,0,0,0,-21000,0,0,0,100000,121000,-21000,-21000
051911,大立光元大98購02,0,0,0,0,0,0,0,0,0,-21000,0,0,0,0,21000,-21000,-21000
054103,T50反1凱基99購04,0,0,0,0,0,0,0,0,0,-21000,0,0,0,0,21000,-21000,-21000
059755,宏達電國泰9A購01,0,0,0,0,0,0,0,0,0,-21000,0,0,0,30000,51000,-21000,-21000
05729P,臺股指凱基97售02,0,0,0,0,0,0,0,0,0,-21000,0,0,0,35000,56000,-21000,-21000
059176,臺股指凱基99購27,0,0,0,0,0,0,0,0,0,-21000,0,0,0,6000,27000,-21000,-21000
058359,瑞昱凱基99購01  ,0,0,0,0,0,0,0,0,0,-21000,0,0,0,0,21000,-21000,-21000
058612,健策元大99購02  ,0,0,0,0,0,0,0,0,0,-21000,0,0,0,7000,28000,-21000,-21000
05859P,台表科國票97售04,0,0,0,0,0,0,0,0,0,-21000,0,0,0,0,21000,-21000,-21000
062186,晶技元大9B購05  ,0,0,0,0,0,0,0,0,0,-21000,0,0,0,67000,88000,-21000,-21000
062384,聯詠國泰9C購01  ,0,0,0,0,0,0,0,0,0,-21000,0,0,0,0,21000,-21000,-21000
061296,台積電國泰9C購01,0,0,0,0,0,0,0,0,0,-21000,0,0,0,73000,94000,-21000,-21000
061232,和大元大9A購03  ,0,0,0,0,0,0,0,0,0,-21000,0,0,0,17000,38000,-21000,-21000
062941,大立光凱基9B購07,0,0,0,0,0,0,0,0,0,-21000,0,0,0,12000,33000,-21000,-21000
062712,晶技麥證9B購02  ,0,0,0,0,21000,-21000,0,0,0,-21000,0,0,0,0,21000,-21000,-21000
2514,龍邦            ,39000,59000,-20000,0,0,0,0,0,0,-1000,0,1000,-1000,0,0,0,-21000
3058,立德            ,0,22000,-22000,0,0,0,0,0,0,1000,1000,0,1000,0,0,0,-21000
3679,新至陞          ,0,21000,-21000,0,0,0,0,0,0,0,0,0,0,0,0,0,-21000
4572,駐龍            ,12000,33000,-21000,0,0,0,0,0,0,0,0,0,0,0,0,0,-21000
8367,建新國際        ,0,21000,-21000,0,0,0,0,0,0,0,0,0,0,0,0,0,-21000
064541,元黃金凱基01購02,0,0,0,0,0,0,0,0,0,-22000,0,0,0,0,22000,-22000,-22000
064477,南六國泰02購01  ,0,0,0,0,0,0,0,0,0,-22000,0,0,0,17000,39000,-22000,-22000
08053P,臺股指國票9B售18,0,0,0,0,0,0,0,0,0,-22000,0,0,0,43000,65000,-22000,-22000
07936P,臺股指國票9B售08,0,0,0,0,0,0,0,0,0,-22000,0,0,0,0,22000,-22000,-22000
1721,三晃            ,6000,27000,-21000,0,0,0,0,0,0,-1000,0,1000,-1000,0,0,0,-22000
055271,鴻海元大98購03  ,0,0,0,0,0,0,0,0,0,-22000,0,0,0,30000,52000,-22000,-22000
03430B,臺股指元大9B熊01,0,0,0,0,0,0,0,0,0,-22000,0,0,0,3000,25000,-22000,-22000
00660,元大歐洲50      ,0,0,0,0,0,0,0,0,0,-22000,0,0,0,40000,62000,-22000,-22000
056369,彩晶元大01購01  ,0,0,0,0,0,0,0,0,0,-22000,0,0,0,0,22000,-22000,-22000
057659,台表科兆豐98購01,0,0,0,0,0,0,0,0,0,-22000,0,0,0,10000,32000,-22000,-22000
058655,鴻海中信03購02  ,0,0,0,0,0,0,0,0,0,-22000,0,0,0,0,22000,-22000,-22000
057365,智邦元大98購07  ,0,0,0,0,0,0,0,0,0,-22000,0,0,0,16000,38000,-22000,-22000
060675,南亞科元大9A購02,0,0,0,0,0,0,0,0,0,-22000,0,0,0,19000,41000,-22000,-22000
059021,台積電統一9B購07,0,0,0,0,0,0,0,0,0,-22000,0,0,0,88000,110000,-22000,-22000
062610,啟碁凱基9B購01  ,0,0,0,0,0,0,0,0,0,-22000,0,0,0,30000,52000,-22000,-22000
063371,南亞科永豐9B購01,0,0,0,0,0,0,0,0,0,-22000,0,0,0,0,22000,-22000,-22000
063600,燿華凱基9B購04  ,0,0,0,0,0,0,0,0,0,-22000,0,0,0,230000,252000,-22000,-22000
063643,臻鼎元大9B購03  ,0,0,0,0,0,0,0,0,0,-22000,0,0,0,8000,30000,-22000,-22000
060881,玉山金中信02購01,0,0,0,0,0,0,0,0,0,-22000,0,0,0,50000,72000,-22000,-22000
061694,玉山金群益9A購01,0,0,0,0,0,0,0,0,0,-22000,0,0,0,63000,85000,-22000,-22000
061969,大立光統一01購02,0,0,0,0,0,0,0,0,0,-22000,0,0,0,65000,87000,-22000,-22000
2413,環科            ,1000,24000,-23000,0,0,0,0,0,0,0,0,0,0,0,0,0,-23000
2109,華豐            ,13000,35000,-22000,0,0,0,0,0,0,-1000,0,1000,-1000,0,0,0,-23000
08341P,國泰金台新9C售01,0,0,0,0,0,0,0,0,0,-23000,0,0,0,55000,78000,-23000,-23000
07593P,臺股指凱基9A售08,0,0,0,0,0,0,0,0,0,-23000,0,0,0,85000,108000,-23000,-23000
07501P,華新科元大9A售07,0,0,0,0,0,0,0,0,0,-23000,0,0,0,50000,73000,-23000,-23000
064596,台表科統一01購03,0,0,0,0,0,0,0,0,0,-23000,0,0,0,0,23000,-23000,-23000
06430P,大立光元大97售16,0,0,0,0,0,0,0,0,0,-23000,0,0,0,0,23000,-23000,-23000
06395P,台積電元大97售29,0,0,0,0,0,0,0,0,0,-23000,0,0,0,2000,25000,-23000,-23000
063770,台灣50富邦03購01,0,0,0,0,0,0,0,0,0,-23000,0,0,0,7000,30000,-23000,-23000
060436,巨大永豐9A購01  ,0,0,0,0,0,0,0,0,0,-23000,0,0,0,0,23000,-23000,-23000
060265,宏達電國票9A購02,0,0,0,0,0,0,0,0,0,-23000,0,0,0,0,23000,-23000,-23000
054628,可成凱基98購01  ,0,0,0,0,0,0,0,0,0,-23000,0,0,0,0,23000,-23000,-23000
054151,瑞昱國泰97購01  ,0,0,0,0,0,0,0,0,0,-23000,0,0,0,1000,24000,-23000,-23000
061078,台積電兆豐9A購01,0,0,0,0,0,0,0,0,0,-23000,0,0,0,52000,75000,-23000,-23000
059169,可成凱基99購04  ,0,0,0,0,0,0,0,0,0,-23000,0,0,0,8000,31000,-23000,-23000
057913,健策日盛98購01  ,0,0,0,0,0,0,0,0,0,-23000,0,0,0,0,23000,-23000,-23000
059939,技嘉永豐99購01  ,0,0,0,0,0,0,0,0,0,-23000,0,0,0,1000,24000,-23000,-23000
058585,S&P正2中信9B購02,0,0,0,0,0,0,0,0,0,-23000,0,0,0,42000,65000,-23000,-23000
058390,樺漢國票9A購01  ,0,0,0,0,0,0,0,0,0,-23000,0,0,0,4000,27000,-23000,-23000
058517,景碩元大99購06  ,0,0,0,0,0,0,0,0,0,-23000,0,0,0,120000,143000,-23000,-23000
061917,亞德客凱基9B購02,0,0,0,0,0,0,0,0,0,-23000,0,0,0,49000,72000,-23000,-23000
062238,臻鼎凱基9C購01  ,0,0,0,0,0,0,0,0,0,-23000,0,0,0,7000,30000,-23000,-23000
061453,台達電凱基9B購01,0,0,0,0,0,0,0,0,0,-23000,0,0,0,13000,36000,-23000,-23000
061211,玉晶光元大9A購12,0,0,0,0,0,0,0,0,0,-23000,0,0,0,91000,114000,-23000,-23000
061252,臺股指群益9A購03,0,0,0,0,0,0,0,0,0,-23000,0,0,0,2000,25000,-23000,-23000
063737,大立光元大9C購07,0,0,0,0,0,0,0,0,0,-23000,0,0,0,0,23000,-23000,-23000
06262P,國巨凱基97售07  ,0,0,0,0,0,0,0,0,0,-23000,0,0,0,0,23000,-23000,-23000
4989,榮科            ,19000,41000,-22000,0,0,0,0,0,0,-1000,0,1000,-1000,0,0,0,-23000
5269,祥碩            ,435000,550000,-115000,0,0,0,120000,9000,111000,-19000,55000,51000,4000,7000,30000,-23000,-23000
2882A,國泰特          ,0,10000,-10000,0,0,0,0,0,0,-13000,9000,22000,-13000,0,0,0,-23000
3032,偉訓            ,2000,26000,-24000,0,0,0,0,0,0,1000,1000,0,1000,0,0,0,-23000
06405P,億光元富97售02  ,0,0,0,0,0,0,0,0,0,-24000,0,0,0,0,24000,-24000,-24000
06615P,鴻海元大9C售02  ,0,0,0,0,0,0,0,0,0,-24000,0,0,0,2000,26000,-24000,-24000
06613P,華新科富邦9A售03,0,0,0,0,0,0,0,0,0,-24000,0,0,0,16000,40000,-24000,-24000
07281P,鴻海凱基99售13  ,0,0,0,0,0,0,0,0,0,-24000,0,0,0,10000,34000,-24000,-24000
08074P,緯穎元富9B售02  ,0,0,0,0,0,0,0,0,0,-24000,0,0,0,30000,54000,-24000,-24000
07983P,茂林群益9B售03  ,0,0,0,0,0,0,0,0,0,-24000,0,0,0,1000,25000,-24000,-24000
052505,友達日盛9B購02  ,0,0,0,0,0,0,0,0,0,-24000,0,0,0,6000,30000,-24000,-24000
053763,T50反1富邦98購01,0,0,0,0,0,0,0,0,0,-24000,0,0,0,0,24000,-24000,-24000
06037P,超眾國票98售02  ,0,0,0,0,0,0,0,0,0,-24000,0,0,0,6000,30000,-24000,-24000
060466,玉山金元大9A購01,0,0,0,0,0,0,0,0,0,-24000,0,0,0,11000,35000,-24000,-24000
055032,億光富邦99購01  ,0,0,0,0,0,0,0,0,0,-24000,0,0,0,68000,92000,-24000,-24000
055801,景碩永豐97購02  ,0,0,0,0,0,0,0,0,0,-24000,0,0,0,341000,365000,-24000,-24000
059224,大立光元大99購15,0,0,0,0,0,0,0,0,0,-24000,0,0,0,0,24000,-24000,-24000
057282,大立光元大99購06,0,0,0,0,0,0,0,0,0,-24000,0,0,0,202000,226000,-24000,-24000
06104P,大立光凱基97售04,0,0,0,0,0,0,0,0,0,-24000,0,0,0,0,24000,-24000,-24000
058983,旺宏凱基99購05  ,0,0,0,0,0,0,0,0,0,-24000,0,0,0,0,24000,-24000,-24000
058070,華新科凱基98購07,0,0,0,0,0,0,0,0,0,-24000,0,0,0,0,24000,-24000,-24000
063020,奇力新元大9B購04,0,0,0,0,0,0,0,0,0,-24000,0,0,0,14000,38000,-24000,-24000
061214,華擎元大9A購04  ,0,0,0,0,0,0,0,0,0,-24000,0,0,0,151000,175000,-24000,-24000
062448,健策元大9C購04  ,0,0,0,0,0,0,0,0,0,-24000,0,0,0,103000,127000,-24000,-24000
5243,乙盛-KY         ,9000,48000,-39000,0,0,0,0,0,0,15000,15000,0,15000,0,0,0,-24000
4148,全宇生技-KY     ,11000,35000,-24000,0,0,0,0,0,0,0,0,0,0,0,0,0,-24000
07940P,國巨群益9B售06  ,0,0,0,0,0,0,0,0,0,-25000,0,0,0,0,25000,-25000,-25000
07863P,華新科凱基9B售07,0,0,0,0,0,0,0,0,0,-25000,0,0,0,60000,85000,-25000,-25000
07817P,同欣電群益9A售02,0,0,0,0,0,0,0,0,0,-25000,0,0,0,0,25000,-25000,-25000
07326P,大立光元大99售23,0,0,0,0,0,0,0,0,0,-25000,0,0,0,0,25000,-25000,-25000
07300P,臺股指元大9A售33,0,0,0,0,0,0,0,0,0,-25000,0,0,0,0,25000,-25000,-25000
07335P,臺股指國票99售20,0,0,0,0,0,0,0,0,0,-25000,0,0,0,0,25000,-25000,-25000
08356P,聯發科元大9C售08,0,0,0,0,0,0,0,0,0,-25000,0,0,0,0,25000,-25000,-25000
08366P,祥碩凱基9C售04  ,0,0,0,0,0,0,0,0,0,-25000,0,0,0,0,25000,-25000,-25000
08316P,祥碩元大9C售04  ,0,0,0,0,0,0,0,0,0,-25000,0,0,0,0,25000,-25000,-25000
1323,永裕            ,2000,27000,-25000,0,0,0,0,0,0,0,0,0,0,0,0,0,-25000
1108,幸福            ,9000,30000,-21000,0,0,0,0,0,0,-4000,0,4000,-4000,0,0,0,-25000
08200P,祥碩元大9B售08  ,0,0,0,0,0,0,0,0,0,-25000,0,0,0,0,25000,-25000,-25000
08204P,台灣50中信01售04,0,0,0,0,0,0,0,0,0,-25000,0,0,0,0,25000,-25000,-25000
08140P,祥碩元大9B售07  ,0,0,0,0,0,0,0,0,0,-25000,0,0,0,387000,412000,-25000,-25000
08128P,聯發科元大9B售22,0,0,0,0,0,0,0,0,0,-25000,0,0,0,5000,30000,-25000,-25000
08129P,聯發科元大9B售23,0,0,0,0,0,0,0,0,0,-25000,0,0,0,0,25000,-25000,-25000
1737,臺鹽            ,4000,30000,-26000,0,0,0,0,0,0,1000,1000,0,1000,0,0,0,-25000
06467P,旺宏統一98售01  ,0,0,0,0,0,0,0,0,0,-25000,0,0,0,40000,65000,-25000,-25000
06844P,智邦元大98售13  ,0,0,0,0,0,0,0,0,0,-25000,0,0,0,5000,30000,-25000,-25000
06761P,台積電元大99售05,0,0,0,0,0,0,0,0,0,-25000,0,0,0,0,25000,-25000,-25000
06746P,聯發科群益99售02,0,0,0,0,0,0,0,0,0,-25000,0,0,0,20000,45000,-25000,-25000
06435P,臺股指群益98售02,0,0,0,0,0,0,0,0,0,-25000,0,0,0,6000,31000,-25000,-25000
055767,臺股指群益97購05,0,0,0,0,0,0,0,0,0,-25000,0,0,0,0,25000,-25000,-25000
054976,上証2X元富9A購01,0,0,0,0,0,0,0,0,0,-25000,0,0,0,0,25000,-25000,-25000
054974,台表科元大98購02,0,0,0,0,0,0,0,0,0,-25000,0,0,0,0,25000,-25000,-25000
060362,建準元富9A購02  ,0,0,0,0,0,0,0,0,0,-25000,0,0,0,0,25000,-25000,-25000
060419,漢翔永豐9A購01  ,0,0,0,0,0,0,0,0,0,-25000,0,0,0,25000,50000,-25000,-25000
056197,友訊永豐97購01  ,0,0,0,0,0,0,0,0,0,-25000,0,0,0,35000,60000,-25000,-25000
056292,統一元大97購01  ,0,0,0,0,0,0,0,0,0,-25000,0,0,0,3000,28000,-25000,-25000
053791,同欣電元大96購05,0,0,0,0,0,0,0,0,0,-25000,0,0,0,0,25000,-25000,-25000
053882,聯發科中信98購02,0,0,0,0,0,0,0,0,0,-25000,0,0,0,75000,100000,-25000,-25000
053438,玉晶光麥證97購02,0,0,0,14000,39000,-25000,0,0,0,-25000,0,0,0,14000,39000,-25000,-25000
03448B,臺股指元大9C熊11,0,0,0,0,0,0,0,0,0,-25000,0,0,0,32000,57000,-25000,-25000
045842,T50反1台新98購01,0,0,0,0,0,0,0,0,0,-25000,0,0,0,0,25000,-25000,-25000
060184,建準元富9A購01  ,0,0,0,0,0,0,0,0,0,-25000,0,0,0,0,25000,-25000,-25000
057244,鈺齊凱基99購01  ,0,0,0,0,0,0,0,0,0,-25000,0,0,0,0,25000,-25000,-25000
059029,旺宏兆豐99購01  ,0,0,0,0,0,0,0,0,0,-25000,0,0,0,0,25000,-25000,-25000
061146,台表科中信9A購02,0,0,0,0,0,0,0,0,0,-25000,0,0,0,40000,65000,-25000,-25000
06054P,臺股指中信9A售01,0,0,0,0,0,0,0,0,0,-25000,0,0,0,0,25000,-25000,-25000
058261,大立光富邦03購01,0,0,0,0,0,0,0,0,0,-25000,0,0,0,0,25000,-25000,-25000
058814,南亞科台新99購01,0,0,0,0,0,0,0,0,0,-25000,0,0,0,0,25000,-25000,-25000
058651,FBVIX中信9C購01 ,0,0,0,0,0,0,0,0,0,-25000,0,0,0,2000,27000,-25000,-25000
062447,華擎元大9C購01  ,0,0,0,0,0,0,0,0,0,-25000,0,0,0,0,25000,-25000,-25000
061918,上銀凱基9B購02  ,0,0,0,0,0,0,0,0,0,-25000,0,0,0,0,25000,-25000,-25000
061964,台積電統一01購05,0,0,0,0,0,0,0,0,0,-25000,0,0,0,50000,75000,-25000,-25000
062051,上銀統一9C購02  ,0,0,0,0,0,0,0,0,0,-25000,0,0,0,5000,30000,-25000,-25000
063085,嘉澤凱基9C購01  ,0,0,0,0,0,0,0,0,0,-25000,0,0,0,5000,30000,-25000,-25000
062996,致茂國票9C購01  ,0,0,0,0,0,0,0,0,0,-25000,0,0,0,196000,221000,-25000,-25000
062810,華通兆豐9B購02  ,0,0,0,0,0,0,0,0,0,-25000,0,0,0,0,25000,-25000,-25000
063544,華新科台新9B購02,0,0,0,0,0,0,0,0,0,-25000,0,0,0,10000,35000,-25000,-25000
063471,泰鼎元大9C購01  ,0,0,0,0,0,0,0,0,0,-25000,0,0,0,100000,125000,-25000,-25000
5706,鳳凰            ,5000,30000,-25000,0,0,0,0,0,0,0,0,0,0,0,0,0,-25000
6115,鎰勝            ,1000,28000,-27000,0,0,0,0,0,0,2000,2000,0,2000,0,0,0,-25000
2443,億麗            ,0,25000,-25000,0,0,0,0,0,0,0,0,0,0,0,0,0,-25000
063915,祥碩凱基01購01  ,0,0,0,0,0,0,0,0,0,-26000,0,0,0,0,26000,-26000,-26000
06697P,台積電國票99售05,0,0,0,0,0,0,0,0,0,-26000,0,0,0,0,26000,-26000,-26000
1537,廣隆            ,25000,51000,-26000,0,0,0,0,0,0,0,0,0,0,0,0,0,-26000
08221P,台表科凱基9B售05,0,0,0,0,0,0,0,0,0,-26000,0,0,0,42000,68000,-26000,-26000
07962P,聯詠中信05售03  ,0,0,0,0,0,0,0,0,0,-26000,0,0,0,0,26000,-26000,-26000
00710B,FH彭博高收益債  ,0,24000,-24000,0,0,0,0,0,0,-2000,0,0,0,129000,131000,-2000,-26000
053293,聯發科中信9B購01,0,0,0,0,0,0,0,0,0,-26000,0,0,0,50000,76000,-26000,-26000
055980,祥碩統一98購01  ,0,0,0,0,0,0,0,0,0,-26000,0,0,0,0,26000,-26000,-26000
057629,泰碩永豐98購02  ,0,0,0,0,0,0,0,0,0,-26000,0,0,0,74000,100000,-26000,-26000
05873P,華通群益97售02  ,0,0,0,0,0,0,0,0,0,-26000,0,0,0,0,26000,-26000,-26000
058569,健策凱基9A購01  ,0,0,0,0,0,0,0,0,0,-26000,0,0,0,12000,38000,-26000,-26000
058946,SGBR2X群益9B購01,0,0,0,0,0,0,0,0,0,-26000,0,0,0,0,26000,-26000,-26000
059210,鴻海元大99購26  ,0,0,0,0,0,0,0,0,0,-26000,0,0,0,4000,30000,-26000,-26000
058140,臻鼎元大99購02  ,0,0,0,0,0,0,0,0,0,-26000,0,0,0,0,26000,-26000,-26000
060851,國巨國泰9C購01  ,0,0,0,0,0,0,0,0,0,-26000,0,0,0,301000,327000,-26000,-26000
059004,嘉晶元大99購05  ,0,0,0,0,0,0,0,0,0,-26000,0,0,0,29000,55000,-26000,-26000
058198,瑞昱亞東99購01  ,0,0,0,0,0,0,0,0,0,-26000,0,0,0,0,26000,-26000,-26000
063530,同欣電凱基9C購02,0,0,0,0,0,0,0,0,0,-26000,0,0,0,26000,52000,-26000,-26000
063000,緯穎國票9B購03  ,0,0,0,0,0,0,0,0,0,-26000,0,0,0,68000,94000,-26000,-26000
063135,國巨統一9B購16  ,0,0,0,0,0,0,0,0,0,-26000,0,0,0,47000,73000,-26000,-26000
062008,南亞科國泰9C購01,0,0,0,0,0,0,0,0,0,-26000,0,0,0,481000,507000,-26000,-26000
061822,和潤群益9B購01  ,0,0,0,0,0,0,0,0,0,-26000,0,0,0,24000,50000,-26000,-26000
062172,南六永豐9B購01  ,0,0,0,0,0,0,0,0,0,-26000,0,0,0,69000,95000,-26000,-26000
060906,旺宏元大9A購07  ,0,0,0,0,0,0,0,0,0,-26000,0,0,0,7000,33000,-26000,-26000
3686,達能            ,5000,31000,-26000,0,0,0,0,0,0,0,0,0,0,0,0,0,-26000
08120P,南亞科國票9C售01,0,0,0,0,0,0,0,0,0,-27000,0,0,0,0,27000,-27000,-27000
1503,士電            ,17000,31000,-14000,0,0,0,0,0,0,-13000,0,13000,-13000,0,0,0,-27000
2038,海光            ,15000,42000,-27000,0,0,0,0,0,0,0,0,0,0,0,0,0,-27000
06567P,鴻海永豐98售02  ,0,0,0,0,0,0,0,0,0,-27000,0,0,0,0,27000,-27000,-27000
06547P,大立光元大98售09,0,0,0,0,0,0,0,0,0,-27000,0,0,0,0,27000,-27000,-27000
07149P,健鼎元大99售03  ,0,0,0,0,0,0,0,0,0,-27000,0,0,0,23000,50000,-27000,-27000
063920,大立光元富03購02,0,0,0,0,0,0,0,0,0,-27000,0,0,0,67000,94000,-27000,-27000
063971,健鼎國票01購01  ,0,0,0,0,0,0,0,0,0,-27000,0,0,0,71000,98000,-27000,-27000
056890,國巨元大98購11  ,0,0,0,0,0,0,0,0,0,-27000,0,0,0,0,27000,-27000,-27000
055661,亞德客中信98購01,0,0,0,0,0,0,0,0,0,-27000,0,0,0,69000,96000,-27000,-27000
056189,樺漢統一97購02  ,0,0,0,0,0,0,0,0,0,-27000,0,0,0,0,27000,-27000,-27000
056103,聯發科永豐97購03,0,0,0,0,0,0,0,0,0,-27000,0,0,0,22000,49000,-27000,-27000
048572,美利達元大96購04,0,0,0,0,0,0,0,0,0,-27000,0,0,0,0,27000,-27000,-27000
060202,康友元富9A購01  ,0,0,0,0,0,0,0,0,0,-27000,0,0,0,15000,42000,-27000,-27000
057195,南茂元大98購01  ,0,0,0,0,0,0,0,0,0,-27000,0,0,0,252000,279000,-27000,-27000
060733,和大統一9C購01  ,0,0,0,0,0,0,0,0,0,-27000,0,0,0,156000,183000,-27000,-27000
060756,鴻海元大9A購16  ,0,0,0,0,0,0,0,0,0,-27000,0,0,0,42000,69000,-27000,-27000
058797,大毅元大99購03  ,0,0,0,0,0,0,0,0,0,-27000,0,0,0,5000,32000,-27000,-27000
058803,世紀鋼元大99購03,0,0,0,0,0,0,0,0,0,-27000,0,0,0,61000,88000,-27000,-27000
058346,嘉晶群益99購01  ,0,0,0,0,0,0,0,0,0,-27000,0,0,0,13000,40000,-27000,-27000
061254,道瓊反凱基9A購02,0,0,0,0,0,0,0,0,0,-27000,0,0,0,3000,30000,-27000,-27000
061278,和大統一9A購01  ,0,0,0,0,0,0,0,0,0,-27000,0,0,0,85000,112000,-27000,-27000
06150P,奇力新元大97售06,0,0,0,0,0,0,0,0,0,-27000,0,0,0,83000,110000,-27000,-27000
062204,京元電國票9C購01,0,0,0,0,0,0,0,0,0,-27000,0,0,0,65000,92000,-27000,-27000
063139,聯發科統一9B購07,0,0,0,0,0,0,0,0,0,-27000,0,0,0,0,27000,-27000,-27000
062978,世芯元富9B購01  ,0,0,0,0,0,0,0,0,0,-27000,0,0,0,70000,97000,-27000,-27000
062566,嘉晶中信9C購01  ,0,0,0,0,0,0,0,0,0,-27000,0,0,0,49000,76000,-27000,-27000
2450,神腦            ,11000,39000,-28000,0,0,0,0,0,0,1000,1000,0,1000,0,0,0,-27000
2530,華建            ,12000,42000,-30000,0,0,0,0,0,0,3000,4000,1000,3000,0,0,0,-27000
9905,大華            ,7000,34000,-27000,0,0,0,0,0,0,0,0,0,0,0,0,0,-27000
6216,居易            ,0,27000,-27000,0,0,0,0,0,0,0,0,0,0,0,0,0,-27000
063954,世芯元大01購02  ,0,0,0,0,0,0,0,0,0,-28000,0,0,0,19000,47000,-28000,-28000
07062P,台積電元大99售15,0,0,0,0,0,0,0,0,0,-28000,0,0,0,22000,50000,-28000,-28000
06983P,台積電國泰9A售02,0,0,0,0,0,0,0,0,0,-28000,0,0,0,10000,38000,-28000,-28000
06581P,南亞科凱基98售04,0,0,0,0,0,0,0,0,0,-28000,0,0,0,0,28000,-28000,-28000
1446,宏和            ,2000,30000,-28000,0,0,0,0,0,0,0,0,0,0,0,0,0,-28000
1467,南緯            ,98000,124000,-26000,0,0,0,0,0,0,-2000,0,2000,-2000,0,0,0,-28000
1612,宏泰            ,34000,62000,-28000,0,0,0,0,0,0,0,0,0,0,0,0,0,-28000
08160P,茂林元富9B售03  ,0,0,0,0,0,0,0,0,0,-28000,0,0,0,95000,123000,-28000,-28000
03875P,滬深2X國票05售01,0,0,0,0,0,0,0,0,0,-28000,0,0,0,3000,31000,-28000,-28000
056523,光寶科中信98購01,0,0,0,0,0,0,0,0,0,-28000,0,0,0,25000,53000,-28000,-28000
056803,群創台新99購02  ,0,0,0,0,0,0,0,0,0,-28000,0,0,0,52000,80000,-28000,-28000
055746,同欣電元富97購01,0,0,0,0,0,0,0,0,0,-28000,0,0,0,83000,111000,-28000,-28000
058556,百和永豐99購01  ,0,0,0,0,0,0,0,0,0,-28000,0,0,0,0,28000,-28000,-28000
058683,可成凱基9A購01  ,0,0,0,0,0,0,0,0,0,-28000,0,0,0,6000,34000,-28000,-28000
057552,禾伸堂凱基98購05,0,0,0,0,0,0,0,0,0,-28000,0,0,0,2000,30000,-28000,-28000
060719,瀚宇博永豐9A購01,0,0,0,0,0,0,0,0,0,-28000,0,0,0,4000,32000,-28000,-28000
058147,鈺齊元大99購01  ,0,0,0,0,0,0,0,0,0,-28000,0,0,0,110000,138000,-28000,-28000
060629,鴻海富邦9B購01  ,0,0,0,0,0,0,0,0,0,-28000,0,0,0,6000,34000,-28000,-28000
057249,華邦電統一9A購01,0,0,0,0,0,0,0,0,0,-28000,0,0,0,17000,45000,-28000,-28000
062638,茂林國票9C購01  ,0,0,0,0,0,0,0,0,0,-28000,0,0,0,8000,36000,-28000,-28000
062780,旺宏元大01購01  ,0,0,0,0,0,0,0,0,0,-28000,0,0,0,60000,88000,-28000,-28000
062128,祥碩統一01購01  ,0,0,0,0,0,0,0,0,0,-28000,0,0,0,113000,141000,-28000,-28000
6581,鋼聯            ,0,28000,-28000,0,0,0,0,0,0,0,0,0,0,0,0,0,-28000
4104,佳醫            ,86000,113000,-27000,0,0,0,0,0,0,-1000,0,1000,-1000,0,0,0,-28000
2430,燦坤            ,5000,33000,-28000,0,0,0,0,0,0,0,0,0,0,0,0,0,-28000
08259P,華新科元大9C售04,0,0,0,0,0,0,0,0,0,-29000,0,0,0,50000,79000,-29000,-29000
08085P,華通凱基9B售04  ,0,0,0,0,0,0,0,0,0,-29000,0,0,0,3000,32000,-29000,-29000
07471P,南亞科元大9A售01,0,0,0,0,0,0,0,0,0,-29000,0,0,0,4000,33000,-29000,-29000
06705P,臻鼎元富98售03  ,0,0,0,0,0,0,0,0,0,-29000,0,0,0,248000,277000,-29000,-29000
063859,國巨國泰01購03  ,0,0,0,0,0,0,0,0,0,-29000,0,0,0,82000,111000,-29000,-29000
055726,台表科元大98購03,0,0,0,0,0,0,0,0,0,-29000,0,0,0,25000,54000,-29000,-29000
056904,大立光元大99購05,0,0,0,0,0,0,0,0,0,-29000,0,0,0,11000,40000,-29000,-29000
056893,智邦元大98購02  ,0,0,0,0,0,0,0,0,0,-29000,0,0,0,0,29000,-29000,-29000
060244,大立光元大9B購02,0,0,0,0,0,0,0,0,0,-29000,0,0,0,10000,39000,-29000,-29000
060333,金寶康和9A購01  ,0,0,0,0,0,0,0,0,0,-29000,0,0,0,51000,80000,-29000,-29000
00713,元大台灣高息低波,0,0,0,0,0,0,0,0,0,-29000,0,0,0,14000,43000,-29000,-29000
054477,聯發科中信9C購02,0,0,0,0,0,0,0,0,0,-29000,0,0,0,0,29000,-29000,-29000
055291,京鼎元大97購02  ,0,0,0,0,0,0,0,0,0,-29000,0,0,0,0,29000,-29000,-29000
058727,嘉晶富邦9A購01  ,0,0,0,0,0,0,0,0,0,-29000,0,0,0,0,29000,-29000,-29000
057386,聯發科永豐98購04,0,0,0,0,0,0,0,0,0,-29000,0,0,0,37000,66000,-29000,-29000
057599,技嘉群益9A購01  ,0,0,0,0,0,0,0,0,0,-29000,0,0,0,34000,63000,-29000,-29000
062339,瑞昱麥證9C購01  ,0,0,0,50000,52000,-2000,0,0,0,-29000,0,0,0,70000,99000,-29000,-29000
062868,葡萄王中信9B購01,0,0,0,0,0,0,0,0,0,-29000,0,0,0,0,29000,-29000,-29000
063459,華通元大9B購08  ,0,0,0,0,0,0,0,0,0,-29000,0,0,0,53000,82000,-29000,-29000
064034,台表科元大9C購07,0,0,0,0,0,0,0,0,0,-30000,0,0,0,216000,246000,-30000,-30000
064043,台積電統一9C購10,0,0,0,0,0,0,0,0,0,-30000,0,0,0,238000,268000,-30000,-30000
064017,道瓊反元大9C購03,0,0,0,0,0,0,0,0,0,-30000,0,0,0,0,30000,-30000,-30000
064312,大立光群益01購01,0,0,0,0,0,0,0,0,0,-30000,0,0,0,164000,194000,-30000,-30000
064194,燿華群益9C購01  ,0,0,0,0,0,0,0,0,0,-30000,0,0,0,224000,254000,-30000,-30000
06724P,台灣50國票98售01,0,0,0,0,0,0,0,0,0,-30000,0,0,0,0,30000,-30000,-30000
06490P,鴻海富邦99售02  ,0,0,0,0,0,0,0,0,0,-30000,0,0,0,1000,31000,-30000,-30000
06453P,群創元大9B售02  ,0,0,0,0,0,0,0,0,0,-30000,0,0,0,10000,40000,-30000,-30000
064446,聚陽統一02購02  ,0,0,0,0,0,0,0,0,0,-30000,0,0,0,0,30000,-30000,-30000
064407,貿聯凱基02購02  ,0,0,0,0,0,0,0,0,0,-30000,0,0,0,7000,37000,-30000,-30000
06747P,大立光群益99售04,0,0,0,0,0,0,0,0,0,-30000,0,0,0,0,30000,-30000,-30000
06837P,上銀統一9A售02  ,0,0,0,0,0,0,0,0,0,-30000,0,0,0,0,30000,-30000,-30000
07298P,台灣50元大9C售12,0,0,0,0,0,0,0,0,0,-30000,0,0,0,0,30000,-30000,-30000
07722P,玉晶光凱基9A售10,0,0,0,0,0,0,0,0,0,-30000,0,0,0,1000,31000,-30000,-30000
07938P,國巨統一9B售10  ,0,0,0,0,0,0,0,0,0,-30000,0,0,0,20000,50000,-30000,-30000
07891P,臺股指國票9B售01,0,0,0,0,0,0,0,0,0,-30000,0,0,0,30000,60000,-30000,-30000
08228P,華擎國票9C售01  ,0,0,0,0,0,0,0,0,0,-30000,0,0,0,0,30000,-30000,-30000
08404P,技嘉元大9C售02  ,0,0,0,0,0,0,0,0,0,-30000,0,0,0,0,30000,-30000,-30000
055220,緯穎凱基98購02  ,0,0,0,0,0,0,0,0,0,-30000,0,0,0,0,30000,-30000,-30000
056685,光罩統一98購03  ,0,0,0,0,0,0,0,0,0,-30000,0,0,0,10000,40000,-30000,-30000
053524,聯電中信97購02  ,0,0,0,0,0,0,0,0,0,-30000,0,0,0,0,30000,-30000,-30000
052658,友達元富9C購01  ,0,0,0,0,0,0,0,0,0,-30000,0,0,0,0,30000,-30000,-30000
052176,景碩元大96購01  ,0,0,0,0,0,0,0,0,0,-30000,0,0,0,0,30000,-30000,-30000
060384,葡萄王凱基9B購01,0,0,0,0,0,0,0,0,0,-30000,0,0,0,10000,40000,-30000,-30000
060546,旺宏凱基9A購02  ,0,0,0,0,0,0,0,0,0,-30000,0,0,0,0,30000,-30000,-30000
057034,道瓊反元大9B購01,0,0,0,0,0,0,0,0,0,-30000,0,0,0,0,30000,-30000,-30000
056385,創意國泰99購01  ,0,0,0,0,0,0,0,0,0,-30000,0,0,0,100000,130000,-30000,-30000
055687,瀚宇博凱基97購01,0,0,0,0,0,0,0,0,0,-30000,0,0,0,0,30000,-30000,-30000
055943,瑞昱麥證97購01  ,0,0,0,0,30000,-30000,0,0,0,-30000,0,0,0,0,30000,-30000,-30000
056230,可成凱基98購03  ,0,0,0,0,0,0,0,0,0,-30000,0,0,0,1000,31000,-30000,-30000
055446,奇力新統一9A購01,0,0,0,0,0,0,0,0,0,-30000,0,0,0,0,30000,-30000,-30000
055429,華新科群益99購01,0,0,0,0,0,0,0,0,0,-30000,0,0,0,0,30000,-30000,-30000
057591,鴻海兆豐99購01  ,0,0,0,0,0,0,0,0,0,-30000,0,0,0,0,30000,-30000,-30000
057656,大成鋼兆豐98購01,0,0,0,0,0,0,0,0,0,-30000,0,0,0,0,30000,-30000,-30000
058634,可成兆豐99購03  ,0,0,0,0,0,0,0,0,0,-30000,0,0,0,0,30000,-30000,-30000
058661,臺股指中信9C購01,0,0,0,0,0,0,0,0,0,-30000,0,0,0,40000,70000,-30000,-30000
057411,臺股指群益99購05,0,0,0,0,0,0,0,0,0,-30000,0,0,0,0,30000,-30000,-30000
057843,晶技永豐98購02  ,0,0,0,0,0,0,0,0,0,-30000,0,0,0,0,30000,-30000,-30000
057471,昇陽半永豐98購02,0,0,0,0,0,0,0,0,0,-30000,0,0,0,2000,32000,-30000,-30000
058549,藍天永豐99購01  ,0,0,0,0,0,0,0,0,0,-30000,0,0,0,0,30000,-30000,-30000
060088,國巨元大99購30  ,0,0,0,0,0,0,0,0,0,-30000,0,0,0,0,30000,-30000,-30000
058391,T50反1元大99購02,0,0,0,0,0,0,0,0,0,-30000,0,0,0,0,30000,-30000,-30000
057055,立積元大99購01  ,0,0,0,0,0,0,0,0,0,-30000,0,0,0,3000,33000,-30000,-30000
057066,緯穎富邦99購01  ,0,0,0,0,0,0,0,0,0,-30000,0,0,0,0,30000,-30000,-30000
058079,鴻海群益98購08  ,0,0,0,0,0,0,0,0,0,-30000,0,0,0,0,30000,-30000,-30000
057093,臻鼎元富98購02  ,0,0,0,0,0,0,0,0,0,-30000,0,0,0,0,30000,-30000,-30000
05712P,友達統一97售03  ,0,0,0,0,0,0,0,0,0,-30000,0,0,0,50000,80000,-30000,-30000
057133,京鼎凱基98購02  ,0,0,0,0,0,0,0,0,0,-30000,0,0,0,10000,40000,-30000,-30000
057999,智邦亞東99購02  ,0,0,0,0,0,0,0,0,0,-30000,0,0,0,2000,32000,-30000,-30000
060130,瀚宇博永豐99購02,0,0,0,0,0,0,0,0,0,-30000,0,0,0,50000,80000,-30000,-30000
059683,康控富邦9C購01  ,0,0,0,0,0,0,0,0,0,-30000,0,0,0,0,30000,-30000,-30000
060550,可成凱基9A購02  ,0,0,0,0,0,0,0,0,0,-30000,0,0,0,5000,35000,-30000,-30000
059313,元石油元大99購06,0,0,0,0,0,0,0,0,0,-30000,0,0,0,0,30000,-30000,-30000
060743,鴻海國票9A購03  ,0,0,0,0,0,0,0,0,0,-30000,0,0,0,2000,32000,-30000,-30000
060754,華通元大9A購04  ,0,0,0,0,0,0,0,0,0,-30000,0,0,0,16000,46000,-30000,-30000
060798,旭富永豐9A購01  ,0,0,0,0,0,0,0,0,0,-30000,0,0,0,0,30000,-30000,-30000
061173,T50反1凱基04購01,0,0,0,0,0,0,0,0,0,-30000,0,0,0,40000,70000,-30000,-30000
063406,麗豐國票9C購01  ,0,0,0,0,0,0,0,0,0,-30000,0,0,0,7000,37000,-30000,-30000
063298,統一凱基9B購01  ,0,0,0,0,0,0,0,0,0,-30000,0,0,0,0,30000,-30000,-30000
063315,京元電群益9B購03,0,0,0,0,0,0,0,0,0,-30000,0,0,0,25000,55000,-30000,-30000
063485,巨大元大9B購04  ,0,0,0,0,0,0,0,0,0,-30000,0,0,0,300000,330000,-30000,-30000
063601,金像電凱基01購01,0,0,0,0,0,0,0,0,0,-30000,0,0,0,30000,60000,-30000,-30000
063580,立積國泰9C購01  ,0,0,0,0,0,0,0,0,0,-30000,0,0,0,0,30000,-30000,-30000
063676,上銀國泰9C購02  ,0,0,0,0,0,0,0,0,0,-30000,0,0,0,0,30000,-30000,-30000
063702,聯發科群益9C購04,0,0,0,0,0,0,0,0,0,-30000,0,0,0,86000,116000,-30000,-30000
062993,華新科群益9B購05,0,0,0,0,0,0,0,0,0,-30000,0,0,0,14000,44000,-30000,-30000
063030,華通凱基9B購03  ,0,0,0,0,0,0,0,0,0,-30000,0,0,0,0,30000,-30000,-30000
062784,世芯元大9B購01  ,0,0,0,0,0,0,0,0,0,-30000,0,0,0,5000,35000,-30000,-30000
062639,臻鼎國票9C購01  ,0,0,0,0,0,0,0,0,0,-30000,0,0,0,4000,34000,-30000,-30000
062658,聯茂第一9B購01  ,0,0,0,0,0,0,0,0,0,-30000,0,0,0,50000,80000,-30000,-30000
062302,聯詠中信05購02  ,0,0,0,0,0,0,0,0,0,-30000,0,0,0,0,30000,-30000,-30000
062158,禾伸堂凱基9B購01,0,0,0,0,0,0,0,0,0,-30000,0,0,0,0,30000,-30000,-30000
062256,聯發科元大9B購08,0,0,0,0,0,0,0,0,0,-30000,0,0,0,0,30000,-30000,-30000
061833,華新科凱基02購01,0,0,0,0,0,0,0,0,0,-30000,0,0,0,15000,45000,-30000,-30000
061846,元金2X國票9C購01,0,0,0,0,0,0,0,0,0,-30000,0,0,0,0,30000,-30000,-30000
061946,鴻海群益9B購03  ,0,0,0,0,0,0,0,0,0,-30000,0,0,0,2000,32000,-30000,-30000
061438,牧德凱基9B購02  ,0,0,0,0,0,0,0,0,0,-30000,0,0,0,0,30000,-30000,-30000
061461,元金2X群益9A購01,0,0,0,0,0,0,0,0,0,-30000,0,0,0,0,30000,-30000,-30000
061546,大立光群益9A購05,0,0,0,0,0,0,0,0,0,-30000,0,0,0,0,30000,-30000,-30000
061715,牧德凱基9B購03  ,0,0,0,0,0,0,0,0,0,-30000,0,0,0,0,30000,-30000,-30000
061288,大立光統一9C購01,0,0,0,0,0,0,0,0,0,-30000,0,0,0,0,30000,-30000,-30000
061196,世芯永豐9A購06  ,0,0,0,0,0,0,0,0,0,-30000,0,0,0,10000,40000,-30000,-30000
061342,華新科元大9A購17,0,0,0,0,0,0,0,0,0,-30000,0,0,0,90000,120000,-30000,-30000
06096P,全新永豐97售02  ,0,0,0,0,0,0,0,0,0,-30000,0,0,0,0,30000,-30000,-30000
061406,華通國票9A購06  ,0,0,0,0,0,0,0,0,0,-30000,0,0,0,0,30000,-30000,-30000
2816,旺旺保          ,18000,48000,-30000,0,0,0,0,0,0,0,0,0,0,0,0,0,-30000
3530,晶相光          ,195000,222000,-27000,0,0,0,0,0,0,-3000,1000,0,1000,11000,15000,-4000,-30000
4545,銘鈺            ,2000,33000,-31000,0,0,0,0,0,0,1000,1000,0,1000,0,0,0,-30000
08241P,微星中信06售01  ,0,0,0,0,0,0,0,0,0,-31000,0,0,0,18000,49000,-31000,-31000
07363P,大立光元大99售26,0,0,0,0,0,0,0,0,0,-31000,0,0,0,11000,42000,-31000,-31000
06828P,臺股指國票98售04,0,0,0,0,0,0,0,0,0,-31000,0,0,0,20000,51000,-31000,-31000
064422,聯發科兆豐01購02,0,0,0,0,0,0,0,0,0,-31000,0,0,0,0,31000,-31000,-31000
06485P,玉晶光群益9A售02,0,0,0,0,0,0,0,0,0,-31000,0,0,0,0,31000,-31000,-31000
064182,臻鼎富邦01購01  ,0,0,0,0,0,0,0,0,0,-31000,0,0,0,0,31000,-31000,-31000
055173,瑞昱統一97購01  ,0,0,0,0,0,0,0,0,0,-31000,0,0,0,0,31000,-31000,-31000
055874,中環元富9A購01  ,0,0,0,0,0,0,0,0,0,-31000,0,0,0,221000,252000,-31000,-31000
056571,燿華元大98購02  ,0,0,0,0,0,0,0,0,0,-31000,0,0,0,287000,318000,-31000,-31000
06051P,嘉聯益國票97售04,0,0,0,0,0,0,0,0,0,-31000,0,0,0,0,31000,-31000,-31000
05174P,元金2X富邦9B售01,0,0,0,0,0,0,0,0,0,-31000,0,0,0,0,31000,-31000,-31000
054841,亞德客兆豐97購01,0,0,0,0,0,0,0,0,0,-31000,0,0,0,0,31000,-31000,-31000
060684,同欣電元大9A購01,0,0,0,0,0,0,0,0,0,-31000,0,0,0,145000,176000,-31000,-31000
059037,宏達電群益99購02,0,0,0,0,0,0,0,0,0,-31000,0,0,0,17000,48000,-31000,-31000
058377,茂林凱基9A購03  ,0,0,0,0,0,0,0,0,0,-31000,0,0,0,0,31000,-31000,-31000
059468,智邦元大99購02  ,0,0,0,0,0,0,0,0,0,-31000,0,0,0,12000,43000,-31000,-31000
057416,T50反1凱基9C購01,0,0,0,0,0,0,0,0,0,-31000,0,0,0,0,31000,-31000,-31000
060946,世紀鋼國票9A購02,0,0,0,0,0,0,0,0,0,-31000,0,0,0,35000,66000,-31000,-31000
061305,帆宣永豐9A購01  ,0,0,0,0,0,0,0,0,0,-31000,0,0,0,0,31000,-31000,-31000
061788,信邦群益9B購01  ,0,0,0,0,0,0,0,0,0,-31000,0,0,0,45000,76000,-31000,-31000
062261,嘉晶元大9B購02  ,0,0,0,0,0,0,0,0,0,-31000,0,0,0,0,31000,-31000,-31000
062402,台勝科永豐9B購02,0,0,0,0,0,0,0,0,0,-31000,0,0,0,19000,50000,-31000,-31000
064001,華通凱基02購01  ,0,0,0,0,0,0,0,0,0,-32000,0,0,0,14000,46000,-32000,-32000
06752P,訊芯凱基98售05  ,0,0,0,0,0,0,0,0,0,-32000,0,0,0,25000,57000,-32000,-32000
07517P,台積電元大9A售17,0,0,0,0,0,0,0,0,0,-32000,0,0,0,15000,47000,-32000,-32000
08056P,華通群益9B售06  ,0,0,0,0,0,0,0,0,0,-32000,0,0,0,0,32000,-32000,-32000
07981P,上銀群益9B售04  ,0,0,0,0,0,0,0,0,0,-32000,0,0,0,117000,149000,-32000,-32000
1806,冠軍            ,11000,43000,-32000,0,0,0,0,0,0,0,0,0,0,0,0,0,-32000
1519,華城            ,355000,385000,-30000,0,0,0,0,0,0,-2000,0,2000,-2000,0,0,0,-32000
054632,緯穎凱基9A購01  ,0,0,0,0,0,0,0,0,0,-32000,0,0,0,95000,127000,-32000,-32000
054261,智伸科元大96購03,0,0,0,0,0,0,0,0,0,-32000,0,0,0,0,32000,-32000,-32000
060485,華新科富邦9C購04,0,0,0,0,0,0,0,0,0,-32000,0,0,0,0,32000,-32000,-32000
055842,建準元大98購01  ,0,0,0,0,0,0,0,0,0,-32000,0,0,0,20000,52000,-32000,-32000
055826,中石化元大97購01,0,0,0,0,0,0,0,0,0,-32000,0,0,0,0,32000,-32000,-32000
058625,旺宏國票9A購01  ,0,0,0,0,0,0,0,0,0,-32000,0,0,0,0,32000,-32000,-32000
059807,大立光元富99購09,0,0,0,0,0,0,0,0,0,-32000,0,0,0,5000,37000,-32000,-32000
058786,元黃金元大99購01,0,0,0,0,0,0,0,0,0,-32000,0,0,0,32000,64000,-32000,-32000
057949,南電國票99購01  ,0,0,0,0,0,0,0,0,0,-32000,0,0,0,51000,83000,-32000,-32000
057135,立積凱基98購01  ,0,0,0,0,0,0,0,0,0,-32000,0,0,0,0,32000,-32000,-32000
058235,大立光元大99購08,0,0,0,0,0,0,0,0,0,-32000,0,0,0,0,32000,-32000,-32000
060565,大立光富邦01購01,0,0,0,0,0,0,0,0,0,-32000,0,0,0,0,32000,-32000,-32000
062371,健策元大9B購08  ,0,0,0,0,0,0,0,0,0,-32000,0,0,0,55000,87000,-32000,-32000
061971,力山元大9C購02  ,0,0,0,0,0,0,0,0,0,-32000,0,0,0,43000,75000,-32000,-32000
061679,健策元大9B購04  ,0,0,0,0,0,0,0,0,0,-32000,0,0,0,110000,142000,-32000,-32000
061290,玉晶光統一01購04,0,0,0,0,0,0,0,0,0,-32000,0,0,0,18000,50000,-32000,-32000
063646,帆宣元大9B購02  ,0,0,0,0,0,0,0,0,0,-32000,0,0,0,30000,62000,-32000,-32000
6184,大豐電          ,7000,39000,-32000,0,0,0,0,0,0,0,0,0,0,0,0,0,-32000
2546,根基            ,10000,42000,-32000,0,0,0,0,0,0,0,0,0,0,0,0,0,-32000
9942,茂順            ,2000,36000,-34000,0,0,0,0,0,0,2000,2000,0,2000,0,0,0,-32000
2114,鑫永銓          ,3000,36705,-33705,0,0,0,0,0,0,1000,1000,0,1000,0,0,0,-32705
1817,凱撒衛          ,0,33000,-33000,0,0,0,0,0,0,0,0,0,0,0,0,0,-33000
1707,葡萄王          ,277000,302000,-25000,0,0,0,0,0,0,-8000,0,10000,-10000,6000,4000,2000,-33000
1220,台榮            ,5000,38000,-33000,0,0,0,0,0,0,0,0,0,0,0,0,0,-33000
06529P,貿聯富邦99售03  ,0,0,0,0,0,0,0,0,0,-33000,0,0,0,40000,73000,-33000,-33000
064313,嘉晶群益9C購02  ,0,0,0,0,0,0,0,0,0,-33000,0,0,0,70000,103000,-33000,-33000
064274,燿華元大9C購01  ,0,0,0,0,0,0,0,0,0,-33000,0,0,0,283000,316000,-33000,-33000
064365,美食統一01購02  ,0,0,0,0,0,0,0,0,0,-33000,0,0,0,2000,35000,-33000,-33000
056860,正崴群益98購01  ,0,0,0,0,0,0,0,0,0,-33000,0,0,0,0,33000,-33000,-33000
055696,華新科國票98購01,0,0,0,0,0,0,0,0,0,-33000,0,0,0,0,33000,-33000,-33000
055681,奇鋐凱基98購03  ,0,0,0,0,0,0,0,0,0,-33000,0,0,0,48000,81000,-33000,-33000
055763,鎧勝群益97購01  ,0,0,0,0,0,0,0,0,0,-33000,0,0,0,77000,110000,-33000,-33000
051597,T50反1中信99購02,0,0,0,0,0,0,0,0,0,-33000,0,0,0,0,33000,-33000,-33000
00662,富邦NASDAQ      ,6000,12000,-6000,0,0,0,0,0,0,-27000,50000,0,50000,154000,231000,-77000,-33000
060777,茂林凱基9C購01  ,0,0,0,0,0,0,0,0,0,-33000,0,0,0,0,33000,-33000,-33000
059086,國巨元大99購18  ,0,0,0,0,0,0,0,0,0,-33000,0,0,0,18000,51000,-33000,-33000
060154,堤維西永豐9A購01,0,0,0,0,0,0,0,0,0,-33000,0,0,0,0,33000,-33000,-33000
058325,昇陽半永豐99購01,0,0,0,0,0,0,0,0,0,-33000,0,0,0,128000,161000,-33000,-33000
05953P,台積電國票98售02,0,0,0,0,0,0,0,0,0,-33000,0,0,0,6000,39000,-33000,-33000
058938,台積電中信01購03,0,0,0,0,0,0,0,0,0,-33000,0,0,0,17000,50000,-33000,-33000
058648,聯陽永豐99購01  ,0,0,0,0,0,0,0,0,0,-33000,0,0,0,39000,72000,-33000,-33000
063630,智邦元大9B購09  ,0,0,0,0,0,0,0,0,0,-33000,0,0,0,297000,330000,-33000,-33000
063267,台表科中信01購02,0,0,0,0,0,0,0,0,0,-33000,0,0,0,285000,318000,-33000,-33000
06256P,臺股指群益97售09,0,0,0,0,0,0,0,0,0,-33000,0,0,0,2000,35000,-33000,-33000
061316,台積電凱基9A購24,0,0,0,0,0,0,0,0,0,-33000,0,0,0,37000,70000,-33000,-33000
060645,台表科永豐9A購02,0,0,0,0,0,0,0,0,0,-33000,0,0,0,10000,43000,-33000,-33000
061792,和大永豐9B購01  ,0,0,0,0,0,0,0,0,0,-33000,0,0,0,241000,274000,-33000,-33000
061870,智邦元大9B購02  ,0,0,0,0,0,0,0,0,0,-33000,0,0,0,152000,185000,-33000,-33000
064245,GIS統一02購02   ,0,0,0,0,0,0,0,0,0,-34000,0,0,0,0,34000,-34000,-34000
06789P,鴻海凱基98售12  ,0,0,0,0,0,0,0,0,0,-34000,0,0,0,11000,45000,-34000,-34000
1414,東和            ,3000,37000,-34000,0,0,0,0,0,0,0,0,0,0,0,0,0,-34000
08231P,上銀元富9B售10  ,0,0,0,0,0,0,0,0,0,-34000,0,0,0,93000,127000,-34000,-34000
07734P,台積電富邦9C售10,0,0,0,0,0,0,0,0,0,-34000,0,0,0,0,34000,-34000,-34000
00866,新光Shiller CAPE,0,0,0,0,0,0,0,0,0,-34000,0,0,0,57000,91000,-34000,-34000
055815,亞光國票99購01  ,0,0,0,0,0,0,0,0,0,-34000,0,0,0,0,34000,-34000,-34000
056376,玉晶光統一98購01,0,0,0,0,0,0,0,0,0,-34000,0,0,0,10000,44000,-34000,-34000
056992,祥碩兆豐98購01  ,0,0,0,0,0,0,0,0,0,-34000,0,0,0,0,34000,-34000,-34000
057477,智邦元大98購09  ,0,0,0,0,0,0,0,0,0,-34000,0,0,0,25000,59000,-34000,-34000
05889P,群創元大98售02  ,0,0,0,0,0,0,0,0,0,-34000,0,0,0,4000,38000,-34000,-34000
059503,大立光富邦9B購04,0,0,0,0,0,0,0,0,0,-34000,0,0,0,68000,102000,-34000,-34000
060099,宏達電元大99購09,0,0,0,0,0,0,0,0,0,-34000,0,0,0,8000,42000,-34000,-34000
059351,台虹凱基99購01  ,0,0,0,0,0,0,0,0,0,-34000,0,0,0,40000,74000,-34000,-34000
057136,立積凱基98購02  ,0,0,0,0,0,0,0,0,0,-34000,0,0,0,0,34000,-34000,-34000
058207,南茂凱基99購01  ,0,0,0,0,0,0,0,0,0,-34000,0,0,0,229000,263000,-34000,-34000
05923P,旺宏元富96售05  ,0,0,0,0,0,0,0,0,0,-34000,0,0,0,1000,35000,-34000,-34000
061775,臺指反國票9B購04,0,0,0,0,0,0,0,0,0,-34000,0,0,0,1000,35000,-34000,-34000
06359P,上銀群益97售03  ,0,0,0,0,0,0,0,0,0,-34000,0,0,0,18000,52000,-34000,-34000
3543,州巧            ,1000,35000,-34000,0,0,0,0,0,0,0,0,0,0,0,0,0,-34000
4141,龍燈-KY         ,4000,38000,-34000,0,0,0,0,0,0,0,0,0,0,0,0,0,-34000
07583P,台積電富邦9B售05,0,0,0,0,0,0,0,0,0,-35000,0,0,0,125000,160000,-35000,-35000
07965P,玉晶光群益01售02,0,0,0,0,0,0,0,0,0,-35000,0,0,0,0,35000,-35000,-35000
07892P,臺股指國票9B售02,0,0,0,0,0,0,0,0,0,-35000,0,0,0,35000,70000,-35000,-35000
08337P,台灣50凱基01售15,0,0,0,0,0,0,0,0,0,-35000,0,0,0,0,35000,-35000,-35000
1589,永冠-KY         ,30000,65000,-35000,0,0,0,0,0,0,0,0,0,0,0,0,0,-35000
2022,聚亨            ,5000,40000,-35000,0,0,0,0,0,0,0,0,0,0,0,0,0,-35000
07103P,南電元大99售04  ,0,0,0,0,0,0,0,0,0,-35000,0,0,0,56000,91000,-35000,-35000
064448,裕隆統一02購01  ,0,0,0,0,0,0,0,0,0,-35000,0,0,0,0,35000,-35000,-35000
064449,金寶統一01購02  ,0,0,0,0,0,0,0,0,0,-35000,0,0,0,0,35000,-35000,-35000
064445,聚陽統一02購01  ,0,0,0,0,0,0,0,0,0,-35000,0,0,0,0,35000,-35000,-35000
064284,京鼎元大9C購01  ,0,0,0,0,0,0,0,0,0,-35000,0,0,0,34000,69000,-35000,-35000
064172,義隆元富9C購01  ,0,0,0,0,0,0,0,0,0,-35000,0,0,0,486000,521000,-35000,-35000
064032,群創元大9C購06  ,0,0,0,0,0,0,0,0,0,-35000,0,0,0,25000,60000,-35000,-35000
056451,可成凱基99購01  ,0,0,0,0,0,0,0,0,0,-35000,0,0,0,3000,38000,-35000,-35000
060347,大立光統一02購01,0,0,0,0,0,0,0,0,0,-35000,0,0,0,0,35000,-35000,-35000
056213,建準國票98購02  ,0,0,0,0,0,0,0,0,0,-35000,0,0,0,0,35000,-35000,-35000
055318,華通國票98購01  ,0,0,0,0,0,0,0,0,0,-35000,0,0,0,16000,51000,-35000,-35000
054167,揚明光凱基98購01,0,0,0,0,0,0,0,0,0,-35000,0,0,0,35000,70000,-35000,-35000
057322,旺宏群益98購04  ,0,0,0,0,0,0,0,0,0,-35000,0,0,0,0,35000,-35000,-35000
059533,富邦金凱基99購01,0,0,0,0,0,0,0,0,0,-35000,0,0,0,52000,87000,-35000,-35000
063499,金像電永豐9B購03,0,0,0,0,0,0,0,0,0,-35000,0,0,0,0,35000,-35000,-35000
063382,南茂永豐9B購01  ,0,0,0,0,0,0,0,0,0,-35000,0,0,0,14000,49000,-35000,-35000
062522,同欣電元大9B購02,0,0,0,0,0,0,0,0,0,-35000,0,0,0,45000,80000,-35000,-35000
061552,南六群益9A購02  ,0,0,0,0,0,0,0,0,0,-35000,0,0,0,0,35000,-35000,-35000
061021,聯電國泰9B購01  ,0,0,0,0,0,0,0,0,0,-35000,0,0,0,0,35000,-35000,-35000
061362,台塑國票9B購01  ,0,0,0,0,0,0,0,0,0,-35000,0,0,0,26000,61000,-35000,-35000
062419,台積電統一9B購15,0,0,0,0,0,0,0,0,0,-35000,0,0,0,50000,85000,-35000,-35000
062331,大立光統一9B購10,0,0,0,0,0,0,0,0,0,-35000,0,0,0,0,35000,-35000,-35000
6215,和椿            ,7000,42000,-35000,0,0,0,0,0,0,0,0,0,0,0,0,0,-35000
3501,維熹            ,6000,41000,-35000,0,0,0,0,0,0,0,0,0,0,0,0,0,-35000
2468,華經            ,4000,46000,-42000,0,0,0,0,0,0,7000,7000,0,7000,0,0,0,-35000
9930,中聯資源        ,5000,39000,-34000,0,0,0,0,0,0,-1000,0,1000,-1000,0,0,0,-35000
064056,GIS統一01購02   ,0,0,0,0,0,0,0,0,0,-36000,0,0,0,43000,79000,-36000,-36000
064550,南茂凱基01購01  ,0,0,0,0,0,0,0,0,0,-36000,0,0,0,30000,66000,-36000,-36000
06592P,欣興元大98售04  ,0,0,0,0,0,0,0,0,0,-36000,0,0,0,0,36000,-36000,-36000
06690P,玉晶光群益9A售05,0,0,0,0,0,0,0,0,0,-36000,0,0,0,0,36000,-36000,-36000
2228,劍麟            ,291000,311000,-20000,0,0,0,0,0,0,-16000,0,6000,-6000,0,10000,-10000,-36000
1531,高林股          ,3000,39000,-36000,0,0,0,0,0,0,0,0,0,0,0,0,0,-36000
08145P,台灣50群益9B售11,0,0,0,0,0,0,0,0,0,-36000,0,0,0,20000,56000,-36000,-36000
08045P,健策國票9B售01  ,0,0,0,0,0,0,0,0,0,-36000,0,0,0,0,36000,-36000,-36000
03684C,臺股指元大06牛01,0,0,0,0,0,0,0,0,0,-36000,0,0,0,4000,40000,-36000,-36000
05627P,致伸國票97售01  ,0,0,0,0,0,0,0,0,0,-36000,0,0,0,0,36000,-36000,-36000
056394,晶豪科永豐98購01,0,0,0,0,0,0,0,0,0,-36000,0,0,0,122000,158000,-36000,-36000
058752,鈺齊凱基9A購01  ,0,0,0,0,0,0,0,0,0,-36000,0,0,0,289000,325000,-36000,-36000
059958,鎧勝康和99購01  ,0,0,0,0,0,0,0,0,0,-36000,0,0,0,21000,57000,-36000,-36000
059977,鴻海元大99購40  ,0,0,0,0,0,0,0,0,0,-36000,0,0,0,2000,38000,-36000,-36000
059952,旺宏康和99購01  ,0,0,0,0,0,0,0,0,0,-36000,0,0,0,1000,37000,-36000,-36000
058674,宏達電群益99購01,0,0,0,0,0,0,0,0,0,-36000,0,0,0,4000,40000,-36000,-36000
060633,玉晶光富邦02購01,0,0,0,0,0,0,0,0,0,-36000,0,0,0,51000,87000,-36000,-36000
059275,可成元大99購05  ,0,0,0,0,0,0,0,0,0,-36000,0,0,0,15000,51000,-36000,-36000
059065,南電凱基9A購01  ,0,0,0,0,0,0,0,0,0,-36000,0,0,0,184000,220000,-36000,-36000
059597,大立光元大99購21,0,0,0,0,0,0,0,0,0,-36000,0,0,0,0,36000,-36000,-36000
062231,台光電麥證9C購01,0,0,0,9000,45000,-36000,0,0,0,-36000,0,0,0,9000,45000,-36000,-36000
061570,瑞昱元大9A購05  ,0,0,0,0,0,0,0,0,0,-36000,0,0,0,124000,160000,-36000,-36000
061609,華新科統一9C購01,0,0,0,0,0,0,0,0,0,-36000,0,0,0,44000,80000,-36000,-36000
063154,南六元富9B購02  ,0,0,0,0,0,0,0,0,0,-36000,0,0,0,0,36000,-36000,-36000
063215,台表科國票9C購02,0,0,0,0,0,0,0,0,0,-36000,0,0,0,9000,45000,-36000,-36000
063670,美食統一9C購01  ,0,0,0,0,0,0,0,0,0,-36000,0,0,0,80000,116000,-36000,-36000
3027,盛達            ,3000,39000,-36000,0,0,0,0,0,0,0,0,0,0,0,0,0,-36000
8070,長華*           ,4000,41000,-37000,0,0,0,0,0,0,1000,2000,1000,1000,0,0,0,-36000
08058P,華新科元大9B售10,0,0,0,0,0,0,0,0,0,-37000,0,0,0,30000,67000,-37000,-37000
08318P,台積電台新01售01,0,0,0,0,0,0,0,0,0,-37000,0,0,0,0,37000,-37000,-37000
1472,三洋紡          ,23000,60000,-37000,0,0,0,0,0,0,0,0,0,0,0,0,0,-37000
06378P,國巨統一97售08  ,0,0,0,0,0,0,0,0,0,-37000,0,0,0,35000,72000,-37000,-37000
060299,友訊國泰9B購01  ,0,0,0,0,0,0,0,0,0,-37000,0,0,0,0,37000,-37000,-37000
056135,緯創元大98購01  ,0,0,0,0,0,0,0,0,0,-37000,0,0,0,18000,55000,-37000,-37000
056051,T50反1元大97購05,0,0,0,0,0,0,0,0,0,-37000,0,0,0,0,37000,-37000,-37000
055022,精元國泰99購01  ,0,0,0,0,0,0,0,0,0,-37000,0,0,0,185000,222000,-37000,-37000
056713,華擎永豐98購01  ,0,0,0,0,0,0,0,0,0,-37000,0,0,0,0,37000,-37000,-37000
050915,健策中信98購01  ,0,0,0,0,0,0,0,0,0,-37000,0,0,0,90000,127000,-37000,-37000
00684R,元大美元指數反1 ,0,0,0,0,0,0,0,0,0,-37000,0,0,0,0,37000,-37000,-37000
057285,群創元大98購07  ,0,0,0,0,0,0,0,0,0,-37000,0,0,0,0,37000,-37000,-37000
058649,健策永豐99購01  ,0,0,0,0,0,0,0,0,0,-37000,0,0,0,2000,39000,-37000,-37000
058264,瑞昱永豐99購01  ,0,0,0,0,0,0,0,0,0,-37000,0,0,0,0,37000,-37000,-37000
063230,緯穎群益9B購02  ,0,0,0,0,0,0,0,0,0,-37000,0,0,0,60000,97000,-37000,-37000
06259P,臺股指群益97售12,0,0,0,0,0,0,0,0,0,-37000,0,0,0,28000,65000,-37000,-37000
061684,T50反1群益9A購06,0,0,0,0,0,0,0,0,0,-37000,0,0,0,0,37000,-37000,-37000
06090P,旺宏統一97售06  ,0,0,0,0,0,0,0,0,0,-37000,0,0,0,0,37000,-37000,-37000
061824,聯電麥證9B購01  ,0,0,0,0,37000,-37000,0,0,0,-37000,0,0,0,0,37000,-37000,-37000
3028,增你強          ,2000,43000,-41000,0,0,0,0,0,0,4000,5000,1000,4000,0,0,0,-37000
3518,柏騰            ,177000,214000,-37000,0,0,0,0,0,0,0,0,0,0,0,0,0,-37000
063926,南亞科統一03購01,0,0,0,0,0,0,0,0,0,-38000,0,0,0,40000,78000,-38000,-38000
06633P,國巨國票99售01  ,0,0,0,0,0,0,0,0,0,-38000,0,0,0,32000,70000,-38000,-38000
06545P,致茂元大98售01  ,0,0,0,0,0,0,0,0,0,-38000,0,0,0,12000,50000,-38000,-38000
07099P,台積電元大99售19,0,0,0,0,0,0,0,0,0,-38000,0,0,0,72000,110000,-38000,-38000
06928P,鴻海元大99售10  ,0,0,0,0,0,0,0,0,0,-38000,0,0,0,0,38000,-38000,-38000
2358,廷鑫            ,1000,39000,-38000,0,0,0,0,0,0,0,0,0,0,0,0,0,-38000
08142P,國巨凱基9B售13  ,0,0,0,0,0,0,0,0,0,-38000,0,0,0,0,38000,-38000,-38000
08069P,大立光國泰01售02,0,0,0,0,0,0,0,0,0,-38000,0,0,0,38000,76000,-38000,-38000
07858P,旺宏永豐9A售03  ,0,0,0,0,0,0,0,0,0,-38000,0,0,0,12000,50000,-38000,-38000
054420,緯穎元大96購08  ,0,0,0,0,0,0,0,0,0,-38000,0,0,0,28000,66000,-38000,-38000
054803,味全元大9A購01  ,0,0,0,0,0,0,0,0,0,-38000,0,0,0,10000,48000,-38000,-38000
055363,緯穎凱基98購03  ,0,0,0,0,0,0,0,0,0,-38000,0,0,0,0,38000,-38000,-38000
056058,建準元大97購02  ,0,0,0,0,0,0,0,0,0,-38000,0,0,0,10000,48000,-38000,-38000
057009,信邦中信99購01  ,0,0,0,0,0,0,0,0,0,-38000,0,0,0,92000,130000,-38000,-38000
05950P,台積電國票97售04,0,0,0,0,0,0,0,0,0,-38000,0,0,0,0,38000,-38000,-38000
061190,力山永豐9A購02  ,0,0,0,0,0,0,0,0,0,-38000,0,0,0,0,38000,-38000,-38000
061991,牧德元大9C購01  ,1000,0,1000,0,0,0,0,0,0,-39000,0,0,0,105000,144000,-39000,-38000
061989,晶技元大9B購04  ,0,0,0,0,0,0,0,0,0,-38000,0,0,0,12000,50000,-38000,-38000
063056,嘉澤統一9C購02  ,0,0,0,0,0,0,0,0,0,-38000,0,0,0,6000,44000,-38000,-38000
062860,華擎國票9B購02  ,0,0,0,0,0,0,0,0,0,-38000,0,0,0,5000,43000,-38000,-38000
063741,GIS元大9B購04   ,0,0,0,0,0,0,0,0,0,-38000,0,0,0,12000,50000,-38000,-38000
063535,聯發科統一9B購13,0,0,0,0,0,0,0,0,0,-38000,0,0,0,77000,115000,-38000,-38000
08121P,聯發科國票9B售05,0,0,0,0,0,0,0,0,0,-39000,0,0,0,3000,42000,-39000,-39000
07617P,聯發科中信9C售04,0,0,0,0,0,0,0,0,0,-39000,0,0,0,47000,86000,-39000,-39000
08230P,台表科國票9C售03,0,0,0,0,0,0,0,0,0,-39000,0,0,0,33000,72000,-39000,-39000
1615,大山            ,4000,43000,-39000,0,0,0,0,0,0,0,0,0,0,0,0,0,-39000
064461,致伸統一01購01  ,0,0,0,0,0,0,0,0,0,-39000,0,0,0,0,39000,-39000,-39000
06377P,華通統一97售04  ,0,0,0,0,0,0,0,0,0,-39000,0,0,0,60000,99000,-39000,-39000
063995,健鼎群益9C購01  ,0,0,0,0,0,0,0,0,0,-39000,0,0,0,0,39000,-39000,-39000
056075,瀚宇博元大97購03,0,0,0,0,0,0,0,0,0,-39000,0,0,0,149000,188000,-39000,-39000
055787,聯茂凱基99購01  ,0,0,0,0,0,0,0,0,0,-39000,0,0,0,0,39000,-39000,-39000
059266,緯創中信01購01  ,0,0,0,0,0,0,0,0,0,-39000,0,0,0,1000,40000,-39000,-39000
059092,聯陽元大99購01  ,0,0,0,0,0,0,0,0,0,-39000,0,0,0,2000,41000,-39000,-39000
060190,國泰金元富9A購01,0,0,0,0,0,0,0,0,0,-39000,0,0,0,20000,59000,-39000,-39000
058037,台灣50元大9B購02,0,0,0,0,0,0,0,0,0,-39000,0,0,0,9000,48000,-39000,-39000
058952,南茂群益99購01  ,0,0,0,0,0,0,0,0,0,-39000,0,0,0,64000,103000,-39000,-39000
057670,欣興元大99購02  ,0,0,0,0,0,0,0,0,0,-39000,0,0,0,207000,246000,-39000,-39000
063008,華通元大9B購06  ,0,0,0,0,0,0,0,0,0,-39000,0,0,0,13000,52000,-39000,-39000
062620,台表科元大9B購04,0,0,0,0,0,0,0,0,0,-39000,0,0,0,47000,86000,-39000,-39000
062098,億光永豐9B購01  ,0,0,0,0,0,0,0,0,0,-39000,0,0,0,116000,155000,-39000,-39000
062210,聯發科台新9B購01,0,0,0,0,0,0,0,0,0,-39000,0,0,0,0,39000,-39000,-39000
061200,道瓊反元大9A購06,0,0,0,0,0,0,0,0,0,-39000,0,0,0,11000,50000,-39000,-39000
5285,界霖            ,38000,77000,-39000,0,0,0,0,0,0,0,0,0,0,0,0,0,-39000
064183,聯茂富邦01購01  ,0,0,0,0,0,0,0,0,0,-40000,0,0,0,105000,145000,-40000,-40000
064191,聯發科中信03購01,0,0,0,0,0,0,0,0,0,-40000,0,0,0,0,40000,-40000,-40000
064455,美食統一01購03  ,0,0,0,0,0,0,0,0,0,-40000,0,0,0,0,40000,-40000,-40000
064464,台郡統一01購01  ,0,0,0,0,0,0,0,0,0,-40000,0,0,0,0,40000,-40000,-40000
064421,技嘉兆豐01購01  ,0,0,0,0,0,0,0,0,0,-40000,0,0,0,10000,50000,-40000,-40000
064523,聯茂群益9C購01  ,0,0,0,0,0,0,0,0,0,-40000,0,0,0,0,40000,-40000,-40000
06471P,臺股指凱基99售11,0,0,0,0,0,0,0,0,0,-40000,0,0,0,20000,60000,-40000,-40000
064575,鈺齊群益9C購01  ,0,0,0,0,0,0,0,0,0,-40000,0,0,0,2000,42000,-40000,-40000
06627P,華新科元富99售01,0,0,0,0,0,0,0,0,0,-40000,0,0,0,6000,46000,-40000,-40000
06886P,旺宏元大99售07  ,0,0,0,0,0,0,0,0,0,-40000,0,0,0,0,40000,-40000,-40000
07189P,聯發科富邦9B售03,0,0,0,0,0,0,0,0,0,-40000,0,0,0,40000,80000,-40000,-40000
07203P,T50正2凱基9C售02,0,0,0,0,0,0,0,0,0,-40000,0,0,0,0,40000,-40000,-40000
1452,宏益            ,6000,59000,-53000,0,0,0,0,0,0,13000,13000,0,13000,0,0,0,-40000
08345P,大立光元大9C售14,0,0,0,0,0,0,0,0,0,-40000,0,0,0,0,40000,-40000,-40000
07658P,國泰金凱基9A售01,0,0,0,0,0,0,0,0,0,-40000,0,0,0,0,40000,-40000,-40000
055036,中工富邦9B購01  ,0,0,0,0,0,0,0,0,0,-40000,0,0,0,20000,60000,-40000,-40000
055029,帆宣國泰99購01  ,0,0,0,0,0,0,0,0,0,-40000,0,0,0,125000,165000,-40000,-40000
056610,鴻海永豐98購01  ,0,0,0,0,0,0,0,0,0,-40000,0,0,0,0,40000,-40000,-40000
060235,瑞昱元大9A購01  ,0,0,0,0,0,0,0,0,0,-40000,0,0,0,45000,85000,-40000,-40000
060326,群光群益9A購01  ,0,0,0,0,0,0,0,0,0,-40000,0,0,0,13000,53000,-40000,-40000
060342,台積電統一02購01,0,0,0,0,0,0,0,0,0,-40000,0,0,0,25000,65000,-40000,-40000
052458,T50反1統一97購01,0,0,0,0,0,0,0,0,0,-40000,0,0,0,0,40000,-40000,-40000
054592,美律永昌9A購01  ,0,0,0,0,0,0,0,0,0,-40000,0,0,0,0,40000,-40000,-40000
051424,緯穎國票97購01  ,0,0,0,0,0,0,0,0,0,-40000,0,0,0,0,40000,-40000,-40000
051292,牧德統一97購01  ,0,0,0,0,0,0,0,0,0,-40000,0,0,0,6000,46000,-40000,-40000
03433B,臺股指元大9C熊01,0,0,0,0,0,0,0,0,0,-40000,0,0,0,19000,59000,-40000,-40000
057771,鴻海群益99購01  ,0,0,0,0,0,0,0,0,0,-40000,0,0,0,10000,50000,-40000,-40000
060052,宏碁凱基99購01  ,0,0,0,0,0,0,0,0,0,-40000,0,0,0,0,40000,-40000,-40000
058398,中環元大99購02  ,0,0,0,0,0,0,0,0,0,-40000,0,0,0,40000,80000,-40000,-40000
057232,京元電凱基98購02,0,0,0,0,0,0,0,0,0,-40000,0,0,0,0,40000,-40000,-40000
060187,華新科元富9A購02,0,0,0,0,0,0,0,0,0,-40000,0,0,0,0,40000,-40000,-40000
057169,微星元大98購01  ,0,0,0,0,0,0,0,0,0,-40000,0,0,0,10000,50000,-40000,-40000
05958P,聯發科國票97售04,0,0,0,0,0,0,0,0,0,-40000,0,0,0,0,40000,-40000,-40000
059691,大立光永豐99購02,0,0,0,0,0,0,0,0,0,-40000,0,0,0,0,40000,-40000,-40000
058000,FBVIX群益9B購01 ,0,0,0,0,0,0,0,0,0,-40000,0,0,0,0,40000,-40000,-40000
057324,億光群益98購01  ,0,0,0,0,0,0,0,0,0,-40000,0,0,0,0,40000,-40000,-40000
060762,長榮航元大9A購02,0,0,0,0,0,0,0,0,0,-40000,0,0,0,0,40000,-40000,-40000
062068,滬深2X元大9B購02,0,0,0,0,0,0,0,0,0,-40000,0,0,0,0,40000,-40000,-40000
062059,聯發科統一9C購06,0,0,0,0,0,0,0,0,0,-40000,0,0,0,0,40000,-40000,-40000
061963,台積電統一01購04,0,0,0,0,0,0,0,0,0,-40000,0,0,0,50000,90000,-40000,-40000
062934,大成鋼凱基9B購02,0,0,0,0,0,0,0,0,0,-40000,0,0,0,12000,52000,-40000,-40000
063717,宏達電兆豐9B購02,0,0,0,0,0,0,0,0,0,-40000,0,0,0,0,40000,-40000,-40000
06370P,貿聯凱基97售03  ,0,0,0,0,0,0,0,0,0,-40000,0,0,0,160000,200000,-40000,-40000
063374,嘉澤永豐9B購04  ,0,0,0,0,0,0,0,0,0,-40000,0,0,0,5000,45000,-40000,-40000
063340,英業達統一9B購01,0,0,0,0,0,0,0,0,0,-40000,0,0,0,87000,127000,-40000,-40000
08326P,臺股指凱基9C售09,0,0,0,0,0,0,0,0,0,-41000,0,0,0,19000,60000,-41000,-41000
064411,台表科凱基02購01,0,0,0,0,0,0,0,0,0,-41000,0,0,0,77000,118000,-41000,-41000
064243,TPK統一02購02   ,0,0,0,0,0,0,0,0,0,-41000,0,0,0,16000,57000,-41000,-41000
064153,中壽統一9C購01  ,0,0,0,0,0,0,0,0,0,-41000,0,0,0,171000,212000,-41000,-41000
064062,創意國泰01購01  ,0,0,0,0,0,0,0,0,0,-41000,0,0,0,281000,322000,-41000,-41000
056670,樺漢國票99購01  ,0,0,0,0,0,0,0,0,0,-41000,0,0,0,0,41000,-41000,-41000
054725,國巨日盛97購01  ,0,0,0,0,0,0,0,0,0,-41000,0,0,0,10000,51000,-41000,-41000
060386,台勝科凱基9B購01,0,0,0,0,0,0,0,0,0,-41000,0,0,0,25000,66000,-41000,-41000
057032,A50反1元大9B購01,0,0,0,0,0,0,0,0,0,-41000,0,0,0,19000,60000,-41000,-41000
05545P,台表科國泰98售01,0,0,0,0,0,0,0,0,0,-41000,0,0,0,129000,170000,-41000,-41000
061108,臻鼎元大9A購02  ,0,0,0,0,0,0,0,0,0,-41000,0,0,0,0,41000,-41000,-41000
057111,立積群益98購02  ,0,0,0,0,0,0,0,0,0,-41000,0,0,0,9000,50000,-41000,-41000
058810,國巨統一9B購04  ,0,0,0,0,0,0,0,0,0,-41000,0,0,0,0,41000,-41000,-41000
058521,日月光元大99購01,0,0,0,0,0,0,0,0,0,-41000,0,0,0,67000,108000,-41000,-41000
06286P,世芯國票97售02  ,0,0,0,0,0,0,0,0,0,-41000,0,0,0,0,41000,-41000,-41000
06268P,聯詠凱基97售02  ,0,0,0,0,0,0,0,0,0,-41000,0,0,0,0,41000,-41000,-41000
062434,華通元大9B購04  ,0,0,0,0,0,0,0,0,0,-41000,0,0,0,18000,59000,-41000,-41000
061376,瑞昱永豐9A購02  ,0,0,0,0,0,0,0,0,0,-41000,0,0,0,11000,52000,-41000,-41000
9908,大台北          ,5000,45000,-40000,0,0,0,0,0,0,-1000,0,1000,-1000,0,0,0,-41000
9925,新保            ,14000,55000,-41000,0,0,0,0,0,0,0,0,0,0,0,0,0,-41000
3311,閎暉            ,71000,113000,-42000,0,0,0,0,0,0,1000,1000,0,1000,0,0,0,-41000
2905,三商            ,563000,580000,-17000,0,0,0,0,0,0,-24000,0,24000,-24000,0,0,0,-41000
2849,安泰銀          ,15000,56000,-41000,0,0,0,0,0,0,0,0,0,0,0,0,0,-41000
063923,世芯元富9C購01  ,0,0,0,0,0,0,0,0,0,-42000,0,0,0,33000,75000,-42000,-42000
06549P,大立光元大98售11,0,0,0,0,0,0,0,0,0,-42000,0,0,0,0,42000,-42000,-42000
08372P,大立光凱基01售04,0,0,0,0,0,0,0,0,0,-42000,0,0,0,0,42000,-42000,-42000
2374,佳能            ,2000,45000,-43000,0,0,0,0,0,0,1000,1000,0,1000,0,0,0,-42000
2062,橋椿            ,11000,53000,-42000,0,0,0,0,0,0,0,0,0,0,0,0,0,-42000
08081P,台灣50元大9B售20,0,0,0,0,0,0,0,0,0,-42000,0,0,0,0,42000,-42000,-42000
07845P,南亞科元大9A售08,0,0,0,0,0,0,0,0,0,-42000,0,0,0,18000,60000,-42000,-42000
060509,宏達電元大9A購02,0,0,0,0,0,0,0,0,0,-42000,0,0,0,72000,114000,-42000,-42000
053401,臺股指中信99購01,0,0,0,0,0,0,0,0,0,-42000,0,0,0,0,42000,-42000,-42000
060065,大立光兆豐9B購01,0,0,0,0,0,0,0,0,0,-42000,0,0,0,20000,62000,-42000,-42000
057778,大立光群益98購02,0,0,0,0,0,0,0,0,0,-42000,0,0,0,8000,50000,-42000,-42000
058053,上銀統一9B購01  ,0,0,0,0,0,0,0,0,0,-42000,0,0,0,165000,207000,-42000,-42000
060161,牧德永豐9A購02  ,0,0,0,0,0,0,0,0,0,-42000,0,0,0,0,42000,-42000,-42000
060664,聯詠凱基9A購01  ,0,0,0,0,0,0,0,0,0,-42000,0,0,0,0,42000,-42000,-42000
060953,富邦金群益9A購01,0,0,0,0,0,0,0,0,0,-42000,0,0,0,190000,232000,-42000,-42000
061448,旺宏中信9A購02  ,0,0,0,0,0,0,0,0,0,-42000,0,0,0,20000,62000,-42000,-42000
062378,台表科元大9C購01,0,0,0,0,0,0,0,0,0,-42000,0,0,0,172000,214000,-42000,-42000
06182P,群創兆豐97售03  ,0,0,0,0,0,0,0,0,0,-42000,0,0,0,18000,60000,-42000,-42000
8454,富邦媒          ,77000,105960,-28960,0,0,0,0,3000,-3000,-11000,3000,14000,-11000,0,0,0,-42960
07399P,鴻海凱基99售19  ,0,0,0,0,0,0,0,0,0,-43000,0,0,0,0,43000,-43000,-43000
064452,微星統一01購02  ,0,0,0,0,0,0,0,0,0,-43000,0,0,0,5000,48000,-43000,-43000
07071P,立積元富99售01  ,0,0,0,0,0,0,0,0,0,-43000,0,0,0,311000,354000,-43000,-43000
063850,玉晶光元大9C購07,0,0,0,0,0,0,0,0,0,-43000,0,0,0,154000,197000,-43000,-43000
056538,國泰金凱基98購01,0,0,0,0,0,0,0,0,0,-43000,0,0,0,17000,60000,-43000,-43000
056408,奇鋐國票99購01  ,0,0,0,0,0,0,0,0,0,-43000,0,0,0,14000,57000,-43000,-43000
055500,京鼎元大97購04  ,0,0,0,0,0,0,0,0,0,-43000,0,0,0,10000,53000,-43000,-43000
059618,台積電日盛99購01,0,0,0,0,0,0,0,0,0,-43000,0,0,0,73000,116000,-43000,-43000
061593,智原永豐9A購01  ,0,0,0,0,0,0,0,0,0,-43000,0,0,0,1000,44000,-43000,-43000
061258,華通凱基9A購06  ,0,0,0,0,0,0,0,0,0,-43000,0,0,0,0,43000,-43000,-43000
063001,巨大國票9B購01  ,0,0,0,0,0,0,0,0,0,-43000,0,0,0,30000,73000,-43000,-43000
3504,揚明光          ,71000,92000,-21000,0,0,0,0,0,0,-22000,0,0,0,0,22000,-22000,-43000
064229,台表科國票01購01,0,0,0,0,0,0,0,0,0,-44000,0,0,0,96000,140000,-44000,-44000
064185,裕隆永豐9C購01  ,9000,0,9000,0,0,0,0,0,0,-53000,0,0,0,22000,75000,-53000,-44000
07637P,國巨國票9A售08  ,0,0,0,0,0,0,0,0,0,-44000,0,0,0,15000,59000,-44000,-44000
08117P,聯發科元富9B售04,0,0,0,0,0,0,0,0,0,-44000,0,0,0,40000,84000,-44000,-44000
08408P,臺股指元大9C售14,0,0,0,0,0,0,0,0,0,-44000,0,0,0,0,44000,-44000,-44000
08285P,國巨凱基9C售07  ,0,0,0,0,0,0,0,0,0,-44000,0,0,0,0,44000,-44000,-44000
055651,富邦金元富97購01,0,0,0,0,0,0,0,0,0,-44000,0,0,0,0,44000,-44000,-44000
055860,啟碁元大97購04  ,0,0,0,0,0,0,0,0,0,-44000,0,0,0,0,44000,-44000,-44000
060376,瑞祺元富9A購01  ,0,0,0,0,0,0,0,0,0,-44000,0,0,0,100000,144000,-44000,-44000
054785,建準群益98購01  ,0,0,0,0,0,0,0,0,0,-44000,0,0,0,55000,99000,-44000,-44000
057179,可成元大98購04  ,0,0,0,0,0,0,0,0,0,-44000,0,0,0,80000,124000,-44000,-44000
060698,旺宏國泰9C購01  ,0,0,0,0,0,0,0,0,0,-44000,0,0,0,0,44000,-44000,-44000
06083P,華通統一98售02  ,0,0,0,0,0,0,0,0,0,-44000,0,0,0,40000,84000,-44000,-44000
060789,禾伸堂富邦9B購02,0,0,0,0,0,0,0,0,0,-44000,0,0,0,12000,56000,-44000,-44000
063016,微星元大9C購02  ,0,0,0,0,0,0,0,0,0,-44000,0,0,0,48000,92000,-44000,-44000
063133,喬山統一01購01  ,0,0,0,0,0,0,0,0,0,-44000,0,0,0,146000,190000,-44000,-44000
062710,盛群元大9B購01  ,0,0,0,0,0,0,0,0,0,-44000,0,0,0,197000,241000,-44000,-44000
061395,健策統一9C購02  ,0,0,0,0,0,0,0,0,0,-44000,0,0,0,215000,259000,-44000,-44000
061648,緯穎元大9A購04  ,0,0,0,0,0,0,0,0,0,-44000,0,0,0,10000,54000,-44000,-44000
3346,麗清            ,23000,67000,-44000,0,0,0,0,0,0,0,0,0,0,0,0,0,-44000
2706,第一店          ,8000,52000,-44000,0,0,0,0,0,0,0,0,0,0,0,0,0,-44000
08271P,華通元富9C售01  ,0,0,0,0,0,0,0,0,0,-45000,0,0,0,41000,86000,-45000,-45000
1533,車王電          ,2000,47000,-45000,0,0,0,0,0,0,0,0,0,0,0,0,0,-45000
07841P,臻鼎元大9A售04  ,0,0,0,0,0,0,0,0,0,-45000,0,0,0,15000,60000,-45000,-45000
07834P,聯詠群益9A售03  ,0,0,0,0,0,0,0,0,0,-45000,0,0,0,55000,100000,-45000,-45000
064299,宏碁兆豐9C購01  ,0,0,0,0,0,0,0,0,0,-45000,0,0,0,40000,85000,-45000,-45000
063997,泰鼎群益9C購01  ,0,0,0,0,0,0,0,0,0,-45000,0,0,0,0,45000,-45000,-45000
07049P,聯發科中信99售03,0,0,0,0,0,0,0,0,0,-45000,0,0,0,0,45000,-45000,-45000
06849P,欣興元大98售12  ,0,0,0,0,0,0,0,0,0,-45000,0,0,0,100000,145000,-45000,-45000
06525P,上証2X國泰99售01,0,0,0,0,0,0,0,0,0,-45000,0,0,0,0,45000,-45000,-45000
00688L,國泰20年美債正2 ,0,0,0,0,0,0,0,0,0,-45000,0,0,0,112000,157000,-45000,-45000
046881,智原富邦99購01  ,0,0,0,0,0,0,0,0,0,-45000,0,0,0,55000,100000,-45000,-45000
056461,樺漢凱基98購02  ,0,0,0,0,0,0,0,0,0,-45000,0,0,0,3000,48000,-45000,-45000
061767,信邦元大9B購01  ,0,0,0,0,0,0,0,0,0,-45000,0,0,0,62000,107000,-45000,-45000
060920,超眾富邦9B購01  ,0,0,0,0,0,0,0,0,0,-45000,0,0,0,0,45000,-45000,-45000
060943,宏達電國票9B購02,0,0,0,0,0,0,0,0,0,-45000,0,0,0,15000,60000,-45000,-45000
062407,同欣電永豐9B購01,0,0,0,0,0,0,0,0,0,-45000,0,0,0,90000,135000,-45000,-45000
06282P,聯鈞永豐97售02  ,0,0,0,0,0,0,0,0,0,-45000,0,0,0,0,45000,-45000,-45000
062559,嘉晶凱基9B購02  ,0,0,0,0,0,0,0,0,0,-45000,0,0,0,0,45000,-45000,-45000
063760,聯詠統一9C購02  ,0,0,0,0,0,0,0,0,0,-45000,0,0,0,0,45000,-45000,-45000
06480P,上銀凱基98售04  ,0,0,0,0,0,0,0,0,0,-46000,0,0,0,4000,50000,-46000,-46000
06477P,緯穎國票99售02  ,0,0,0,0,0,0,0,0,0,-46000,0,0,0,45000,91000,-46000,-46000
064436,聯發科凱基03購02,0,0,0,0,0,0,0,0,0,-46000,0,0,0,0,46000,-46000,-46000
1474,弘裕            ,527000,572000,-45000,0,0,0,0,0,0,-1000,0,1000,-1000,0,0,0,-46000
2206,三陽工業        ,128000,172000,-44000,0,0,0,0,0,0,-2000,0,2000,-2000,0,0,0,-46000
08298P,大立光國票9C售01,0,0,0,0,0,0,0,0,0,-46000,0,0,0,10000,56000,-46000,-46000
054789,高鐵群益98購01  ,0,0,0,0,0,0,0,0,0,-46000,0,0,0,166000,212000,-46000,-46000
052827,昇陽半永豐97購01,0,0,0,0,0,0,0,0,0,-46000,0,0,0,0,46000,-46000,-46000
057243,樺漢凱基99購01  ,0,0,0,0,0,0,0,0,0,-46000,0,0,0,0,46000,-46000,-46000
059083,華通元大99購07  ,0,0,0,0,0,0,0,0,0,-46000,0,0,0,0,46000,-46000,-46000
063727,鴻海元大9C購05  ,0,0,0,0,0,0,0,0,0,-46000,0,0,0,0,46000,-46000,-46000
063395,金像電群益9B購02,0,0,0,0,0,0,0,0,0,-46000,0,0,0,27000,73000,-46000,-46000
062771,臺股指凱基9B購15,0,0,0,0,0,0,0,0,0,-46000,0,0,0,0,46000,-46000,-46000
062474,台表科凱基9C購01,0,0,0,0,0,0,0,0,0,-46000,0,0,0,11000,57000,-46000,-46000
062235,億光凱基9B購01  ,0,0,0,0,0,0,0,0,0,-46000,0,0,0,0,46000,-46000,-46000
062129,世紀鋼統一02購01,0,0,0,0,0,0,0,0,0,-46000,0,0,0,9000,55000,-46000,-46000
061392,泰鼎群益9A購02  ,0,0,0,0,0,0,0,0,0,-46000,0,0,0,4000,50000,-46000,-46000
2524,京城            ,17000,69000,-52000,0,0,0,0,0,0,6000,7000,1000,6000,0,0,0,-46000
4190,佐登-KY         ,26000,68000,-42000,0,0,0,0,0,0,-4000,2000,1000,1000,0,5000,-5000,-46000
1225,福懋油          ,2000,49000,-47000,0,0,0,0,0,0,0,0,0,0,0,0,0,-47000
07405P,大立光凱基99售17,0,0,0,0,0,0,0,0,0,-47000,0,0,0,3000,50000,-47000,-47000
064440,大立光凱基03購03,0,0,0,0,0,0,0,0,0,-47000,0,0,0,0,47000,-47000,-47000
06568P,國巨永豐98售05  ,0,0,0,0,0,0,0,0,0,-47000,0,0,0,0,47000,-47000,-47000
06686P,麗豐永豐98售02  ,0,0,0,0,0,0,0,0,0,-47000,0,0,0,0,47000,-47000,-47000
060472,中租元大9A購02  ,0,0,0,0,0,0,0,0,0,-47000,0,0,0,15000,62000,-47000,-47000
060328,可成群益9A購06  ,0,0,0,0,0,0,0,0,0,-47000,0,0,0,22000,69000,-47000,-47000
056251,聯發科兆豐97購02,0,0,0,0,0,0,0,0,0,-47000,0,0,0,0,47000,-47000,-47000
059194,元金2X永豐99購01,0,0,0,0,0,0,0,0,0,-47000,0,0,0,115000,162000,-47000,-47000
058944,元石油群益9C購02,0,0,0,0,0,0,0,0,0,-47000,0,0,0,3000,50000,-47000,-47000
061781,台積電群益9C購01,0,0,0,0,0,0,0,0,0,-47000,0,0,0,8000,55000,-47000,-47000
061839,華新科凱基05購04,0,0,0,0,0,0,0,0,0,-47000,0,0,0,5000,52000,-47000,-47000
062748,祥碩永豐9B購02  ,0,0,0,0,0,0,0,0,0,-47000,0,0,0,62000,109000,-47000,-47000
062540,茂林國泰9C購01  ,0,0,0,0,0,0,0,0,0,-47000,0,0,0,115000,162000,-47000,-47000
3321,同泰            ,34000,81000,-47000,0,0,0,0,0,0,0,0,0,0,0,0,0,-47000
2474,可成            ,1459035,1409485,49550,0,0,0,63000,107000,-44000,-53000,28000,57000,-29000,41000,65000,-24000,-47450
063950,信邦元大9C購01  ,0,0,0,0,0,0,0,0,0,-48000,0,0,0,2000,50000,-48000,-48000
064344,緯創元大9C購01  ,0,0,0,0,0,0,0,0,0,-48000,0,0,0,30000,78000,-48000,-48000
08354P,旺宏元大9C售05  ,0,0,0,0,0,0,0,0,0,-48000,0,0,0,3000,51000,-48000,-48000
056004,南電永豐97購02  ,0,0,0,0,0,0,0,0,0,-48000,0,0,0,101000,149000,-48000,-48000
054895,南電統一97購01  ,0,0,0,0,0,0,0,0,0,-48000,0,0,0,12000,60000,-48000,-48000
057532,智原元大98購03  ,0,0,0,0,0,0,0,0,0,-48000,0,0,0,1000,49000,-48000,-48000
060704,台積電富邦01購01,0,0,0,0,0,0,0,0,0,-48000,0,0,0,42000,90000,-48000,-48000
061189,可成富邦9B購02  ,0,0,0,0,0,0,0,0,0,-48000,0,0,0,239000,287000,-48000,-48000
058021,牧德凱基98購02  ,0,0,0,0,0,0,0,0,0,-48000,0,0,0,200000,248000,-48000,-48000
062529,可成統一9C購03  ,0,0,0,0,0,0,0,0,0,-48000,0,0,0,0,48000,-48000,-48000
062619,台表科元大9B購03,0,0,0,0,0,0,0,0,0,-48000,0,0,0,85000,133000,-48000,-48000
062696,國巨元大9B購16  ,0,0,0,0,0,0,0,0,0,-48000,0,0,0,2000,50000,-48000,-48000
063131,聯茂元大9B購03  ,0,0,0,0,0,0,0,0,0,-48000,0,0,0,119000,167000,-48000,-48000
062920,康友元大9B購01  ,0,0,0,0,0,0,0,0,0,-48000,0,0,0,15000,63000,-48000,-48000
063181,聚陽凱基9B購01  ,0,0,0,0,0,0,0,0,0,-48000,0,0,0,2000,50000,-48000,-48000
062160,南六凱基9B購01  ,0,0,0,0,0,0,0,0,0,-48000,0,0,0,0,48000,-48000,-48000
061763,聯電元大9C購02  ,0,0,0,0,0,0,0,0,0,-48000,0,0,0,41000,89000,-48000,-48000
061663,南六永豐9A購05  ,0,0,0,0,0,0,0,0,0,-48000,0,0,0,20000,68000,-48000,-48000
6283,淳安            ,15000,63000,-48000,0,0,0,0,0,0,0,0,0,0,0,0,0,-48000
6449,鈺邦            ,0,53000,-53000,0,0,0,0,0,0,5000,5000,0,5000,0,0,0,-48000
08363P,南亞科凱基01售01,0,0,0,0,0,0,0,0,0,-49000,0,0,0,0,49000,-49000,-49000
08369P,鴻海凱基01售04  ,0,0,0,0,0,0,0,0,0,-49000,0,0,0,0,49000,-49000,-49000
08272P,鴻海元富9C售02  ,0,0,0,0,0,0,0,0,0,-49000,0,0,0,7000,56000,-49000,-49000
2227,裕日車          ,3000,44000,-41000,0,0,0,0,11000,-11000,3000,4000,1000,3000,0,0,0,-49000
1734,杏輝            ,1075000,1117000,-42000,0,0,0,0,0,0,-7000,0,7000,-7000,0,0,0,-49000
07932P,國巨元大9B售04  ,0,0,0,0,0,0,0,0,0,-49000,0,0,0,0,49000,-49000,-49000
052604,建準元大97購01  ,0,0,0,0,0,0,0,0,0,-49000,0,0,0,0,49000,-49000,-49000
056607,貿聯富邦99購02  ,0,0,0,0,0,0,0,0,0,-49000,0,0,0,66000,115000,-49000,-49000
056357,台積電元大9A購01,0,0,0,0,0,0,0,0,0,-49000,0,0,0,320000,369000,-49000,-49000
056942,昇陽半元富98購01,0,0,0,0,0,0,0,0,0,-49000,0,0,0,164000,213000,-49000,-49000
057092,健策元富98購01  ,0,0,0,0,0,0,0,0,0,-49000,0,0,0,202000,251000,-49000,-49000
060034,立積永豐99購04  ,0,0,0,0,0,0,0,0,0,-49000,0,0,0,11000,60000,-49000,-49000
061545,華新科群益9A購09,0,0,0,0,0,0,0,0,0,-49000,0,0,0,1000,50000,-49000,-49000
063404,金像電國票9B購01,0,0,0,0,0,0,0,0,0,-49000,0,0,0,38000,87000,-49000,-49000
063475,同欣電元大9C購01,0,0,0,0,0,0,0,0,0,-49000,0,0,0,111000,160000,-49000,-49000
6698,旭暉應材        ,76000,125000,-49000,0,0,0,0,0,0,0,0,0,0,0,0,0,-49000
07906P,中租群益9B售02  ,0,0,0,0,0,0,0,0,0,-50000,0,0,0,0,50000,-50000,-50000
07823P,國巨元大9A售23  ,0,0,0,0,0,0,0,0,0,-50000,0,0,0,0,50000,-50000,-50000
07783P,聯發科富邦9C售03,0,0,0,0,0,0,0,0,0,-50000,0,0,0,0,50000,-50000,-50000
07777P,創意元大9A售03  ,0,0,0,0,0,0,0,0,0,-50000,0,0,0,0,50000,-50000,-50000
07763P,嘉澤永豐9A售02  ,0,0,0,0,0,0,0,0,0,-50000,0,0,0,0,50000,-50000,-50000
07959P,健策永豐9B售05  ,0,0,0,0,0,0,0,0,0,-50000,0,0,0,0,50000,-50000,-50000
07976P,聯發科群益9C售02,0,0,0,0,0,0,0,0,0,-50000,0,0,0,10000,60000,-50000,-50000
07945P,上銀國票9B售02  ,0,0,0,0,0,0,0,0,0,-50000,0,0,0,0,50000,-50000,-50000
07507P,國巨國票9B售02  ,0,0,0,0,0,0,0,0,0,-50000,0,0,0,0,50000,-50000,-50000
07364P,大立光元大99售27,0,0,0,0,0,0,0,0,0,-50000,0,0,0,0,50000,-50000,-50000
08262P,茂林元大9C售01  ,0,0,0,0,0,0,0,0,0,-50000,0,0,0,0,50000,-50000,-50000
08209P,上銀元富9B售06  ,0,0,0,0,0,0,0,0,0,-50000,0,0,0,75000,125000,-50000,-50000
08199P,大毅元大9B售02  ,0,0,0,0,0,0,0,0,0,-50000,0,0,0,100000,150000,-50000,-50000
08370P,台積電凱基01售06,0,0,0,0,0,0,0,0,0,-50000,0,0,0,0,50000,-50000,-50000
08344P,旺宏元大01售02  ,0,0,0,0,0,0,0,0,0,-50000,0,0,0,0,50000,-50000,-50000
08303P,聯發科富邦9C售05,0,0,0,0,0,0,0,0,0,-50000,0,0,0,0,50000,-50000,-50000
08410P,臺股指元大9C售16,0,0,0,0,0,0,0,0,0,-50000,0,0,0,0,50000,-50000,-50000
064101,可成群益01購01  ,0,0,0,0,0,0,0,0,0,-50000,0,0,0,10000,60000,-50000,-50000
063868,嘉晶永豐9C購01  ,0,0,0,0,0,0,0,0,0,-50000,0,0,0,0,50000,-50000,-50000
06667P,鴻海凱基98售11  ,0,0,0,0,0,0,0,0,0,-50000,0,0,0,10000,60000,-50000,-50000
06632P,創意群益98售03  ,0,0,0,0,0,0,0,0,0,-50000,0,0,0,0,50000,-50000,-50000
06655P,TPK元大98售02   ,0,0,0,0,0,0,0,0,0,-50000,0,0,0,0,50000,-50000,-50000
064456,禾伸堂統一01購01,0,0,0,0,0,0,0,0,0,-50000,0,0,0,0,50000,-50000,-50000
064470,世紀鋼元富03購01,0,0,0,0,0,0,0,0,0,-50000,0,0,0,0,50000,-50000,-50000
064567,晶技群益01購01  ,0,0,0,0,0,0,0,0,0,-50000,0,0,0,0,50000,-50000,-50000
064625,健策元大01購02  ,0,0,0,0,0,0,0,0,0,-50000,0,0,0,72000,122000,-50000,-50000
064497,可成元大01購02  ,0,0,0,0,0,0,0,0,0,-50000,0,0,0,31000,81000,-50000,-50000
07133P,臺股指元大9A售27,0,0,0,0,0,0,0,0,0,-50000,0,0,0,0,50000,-50000,-50000
056100,楠梓電永豐97購02,0,0,0,0,0,0,0,0,0,-50000,0,0,0,0,50000,-50000,-50000
056498,A50正2富邦9B購01,0,0,0,0,0,0,0,0,0,-50000,0,0,0,0,50000,-50000,-50000
060249,正文元大9C購01  ,0,0,0,0,0,0,0,0,0,-50000,0,0,0,20000,70000,-50000,-50000
055970,聯茂元大97購04  ,0,0,0,0,0,0,0,0,0,-50000,0,0,0,0,50000,-50000,-50000
055885,大成鋼統一97購02,0,0,0,0,0,0,0,0,0,-50000,0,0,0,0,50000,-50000,-50000
05519P,上証2X凱基98售01,0,0,0,0,0,0,0,0,0,-50000,0,0,0,0,50000,-50000,-50000
052722,群創統一97購02  ,0,0,0,0,0,0,0,0,0,-50000,0,0,0,0,50000,-50000,-50000
053744,台郡國票97購03  ,0,0,0,0,0,0,0,0,0,-50000,0,0,0,0,50000,-50000,-50000
053821,群創群益98購08  ,0,0,0,0,0,0,0,0,0,-50000,0,0,0,0,50000,-50000,-50000
054884,友達統一99購01  ,0,0,0,0,0,0,0,0,0,-50000,0,0,0,0,50000,-50000,-50000
054778,世紀鋼國票99購01,0,0,0,0,0,0,0,0,0,-50000,0,0,0,110000,160000,-50000,-50000
056671,台灣50元富9A購01,0,0,0,0,0,0,0,0,0,-50000,0,0,0,10000,60000,-50000,-50000
056655,旺宏元大99購02  ,0,0,0,0,0,0,0,0,0,-50000,0,0,0,5000,55000,-50000,-50000
053134,南亞科國票97購01,0,0,0,0,0,0,0,0,0,-50000,0,0,0,0,50000,-50000,-50000
046375,友達凱基98購01  ,0,0,0,0,0,0,0,0,0,-50000,0,0,0,0,50000,-50000,-50000
047769,大立光元大96購01,0,0,0,0,0,0,0,0,0,-50000,0,0,0,0,50000,-50000,-50000
054586,健鼎國泰99購01  ,0,0,0,0,0,0,0,0,0,-50000,0,0,0,0,50000,-50000,-50000
03603P,群創凱基98售04  ,0,0,0,0,0,0,0,0,0,-50000,0,0,0,0,50000,-50000,-50000
058840,T50反1群益99購02,0,0,0,0,0,0,0,0,0,-50000,0,0,0,0,50000,-50000,-50000
058751,南茂凱基9A購01  ,0,0,0,0,0,0,0,0,0,-50000,0,0,0,21000,71000,-50000,-50000
059540,新光金日盛99購01,0,0,0,0,0,0,0,0,0,-50000,0,0,0,0,50000,-50000,-50000
059559,T50反1凱基99購07,0,0,0,0,0,0,0,0,0,-50000,0,0,0,150000,200000,-50000,-50000
057548,微星凱基99購01  ,0,0,0,0,0,0,0,0,0,-50000,0,0,0,27000,77000,-50000,-50000
05755P,臺股指中信99售04,0,0,0,0,0,0,0,0,0,-50000,0,0,0,294000,344000,-50000,-50000
057890,滬深反統一98購01,0,0,0,0,0,0,0,0,0,-50000,0,0,0,0,50000,-50000,-50000
057688,國巨凱基99購07  ,0,0,0,0,0,0,0,0,0,-50000,0,0,0,0,50000,-50000,-50000
057695,S&P反1群益9B購01,0,0,0,0,0,0,0,0,0,-50000,0,0,0,0,50000,-50000,-50000
058197,國巨中信99購02  ,0,0,0,0,0,0,0,0,0,-50000,0,0,0,70000,120000,-50000,-50000
058989,茂林凱基99購02  ,0,0,0,0,0,0,0,0,0,-50000,0,0,0,10000,60000,-50000,-50000
059778,上証2X元大9C購03,0,0,0,0,0,0,0,0,0,-50000,0,0,0,0,50000,-50000,-50000
058100,聯茂國泰99購02  ,0,0,0,0,0,0,0,0,0,-50000,0,0,0,19000,69000,-50000,-50000
057281,大立光元大98購16,0,0,0,0,0,0,0,0,0,-50000,0,0,0,0,50000,-50000,-50000
063679,群創國泰01購01  ,0,0,0,0,0,0,0,0,0,-50000,0,0,0,0,50000,-50000,-50000
063562,國巨元大9C購06  ,0,0,0,0,0,0,0,0,0,-50000,0,0,0,0,50000,-50000,-50000
062935,華通凱基9C購02  ,0,0,0,0,0,0,0,0,0,-50000,0,0,0,0,50000,-50000,-50000
063042,同欣電凱基9C購01,0,0,0,0,0,0,0,0,0,-50000,0,0,0,26000,76000,-50000,-50000
062783,大立光元大9C購03,0,0,0,0,0,0,0,0,0,-50000,0,0,0,0,50000,-50000,-50000
062671,國泰金中信03購01,0,0,0,0,0,0,0,0,0,-50000,0,0,0,0,50000,-50000,-50000
061419,國巨元大9A購21  ,0,0,0,0,0,0,0,0,0,-50000,0,0,0,10000,60000,-50000,-50000
06239P,奇力新元大97售08,0,0,0,0,0,0,0,0,0,-50000,0,0,0,0,50000,-50000,-50000
061829,T50反1凱基9C購02,0,0,0,0,0,0,0,0,0,-50000,0,0,0,0,50000,-50000,-50000
9911,櫻花            ,24000,74000,-50000,0,0,0,0,0,0,0,1000,1000,0,0,0,0,-50000
2466,冠西電          ,1000,51000,-50000,0,0,0,0,0,0,0,0,0,0,0,0,0,-50000
08409P,臺股指元大9C售15,0,0,0,0,0,0,0,0,0,-51000,0,0,0,0,51000,-51000,-51000
1540,喬福            ,4000,55000,-51000,0,0,0,0,0,0,0,0,0,0,0,0,0,-51000
07925P,台積電凱基9B售05,0,0,0,0,0,0,0,0,0,-51000,0,0,0,0,51000,-51000,-51000
055305,旺宏群益99購01  ,0,0,0,0,0,0,0,0,0,-51000,0,0,0,0,51000,-51000,-51000
056677,智伸科元富98購01,0,0,0,0,0,0,0,0,0,-51000,0,0,0,102000,153000,-51000,-51000
056686,可成統一98購01  ,0,0,0,0,0,0,0,0,0,-51000,0,0,0,0,51000,-51000,-51000
055899,群創中信99購01  ,0,0,0,0,0,0,0,0,0,-51000,0,0,0,0,51000,-51000,-51000
058994,道瓊指元大99購01,0,0,0,0,0,0,0,0,0,-51000,0,0,0,10000,61000,-51000,-51000
058833,台表科永豐99購01,0,0,0,0,0,0,0,0,0,-51000,0,0,0,10000,61000,-51000,-51000
058435,旺宏統一9B購02  ,0,0,0,0,0,0,0,0,0,-51000,0,0,0,0,51000,-51000,-51000
061802,勤誠永豐9B購01  ,0,0,0,0,0,0,0,0,0,-51000,0,0,0,104000,155000,-51000,-51000
063022,嘉晶元大9B購04  ,0,0,0,0,0,0,0,0,0,-51000,0,0,0,48000,99000,-51000,-51000
063119,華通元大9B購07  ,0,0,0,0,0,0,0,0,0,-51000,0,0,0,36000,87000,-51000,-51000
062938,聯發科凱基9B購10,0,0,0,0,0,0,0,0,0,-51000,0,0,0,59000,110000,-51000,-51000
4766,南寶            ,29000,80000,-51000,0,0,0,0,0,0,0,0,0,0,0,0,0,-51000
07893P,臺股指國票9B售03,0,0,0,0,0,0,0,0,0,-52000,0,0,0,0,52000,-52000,-52000
08119P,南亞科統一9C售03,0,0,0,0,0,0,0,0,0,-52000,0,0,0,0,52000,-52000,-52000
1437,勤益控          ,7000,62000,-55000,0,0,0,0,0,0,3000,3000,0,3000,0,0,0,-52000
064515,中橡群益9C購01  ,0,0,0,0,0,0,0,0,0,-52000,0,0,0,0,52000,-52000,-52000
064258,臻鼎國泰01購02  ,0,0,0,0,0,0,0,0,0,-52000,0,0,0,6000,58000,-52000,-52000
064264,智伸科永豐9C購01,0,0,0,0,0,0,0,0,0,-52000,0,0,0,0,52000,-52000,-52000
055108,智邦凱基98購01  ,0,0,0,0,0,0,0,0,0,-52000,0,0,0,15000,67000,-52000,-52000
059515,牧德永豐99購01  ,0,0,0,0,0,0,0,0,0,-52000,0,0,0,0,52000,-52000,-52000
059075,FBVIX元大99購01 ,0,0,0,0,0,0,0,0,0,-52000,0,0,0,14000,66000,-52000,-52000
059281,創意永豐99購02  ,0,0,0,0,0,0,0,0,0,-52000,0,0,0,68000,120000,-52000,-52000
062755,茂林麥證9B購01  ,0,0,0,0,52000,-52000,0,0,0,-52000,0,0,0,0,52000,-52000,-52000
063276,和大元大9B購01  ,0,0,0,0,0,0,0,0,0,-52000,0,0,0,61000,113000,-52000,-52000
061611,南六統一01購01  ,0,0,0,0,0,0,0,0,0,-52000,0,0,0,12000,64000,-52000,-52000
061612,南六統一9A購01  ,0,0,0,0,0,0,0,0,0,-52000,0,0,0,103000,155000,-52000,-52000
061000,旺宏兆豐9A購02  ,0,0,0,0,0,0,0,0,0,-52000,0,0,0,0,52000,-52000,-52000
062439,聯發科元大9B購10,0,0,0,0,0,0,0,0,0,-52000,0,0,0,11000,63000,-52000,-52000
2612,中航            ,21000,73000,-52000,0,0,0,0,0,0,0,0,0,0,0,0,0,-52000
3617,碩天            ,22000,75000,-53000,0,0,0,0,0,0,1000,1000,0,1000,0,0,0,-52000
3003,健和興          ,136000,157000,-21000,0,0,0,0,0,0,-31000,11000,50000,-39000,8000,0,8000,-52000
064060,同欣電麥證01購01,0,0,0,0,53000,-53000,0,0,0,-53000,0,0,0,0,53000,-53000,-53000
06706P,智原台新98售02  ,0,0,0,0,0,0,0,0,0,-53000,0,0,0,0,53000,-53000,-53000
1558,伸興            ,3000,56000,-53000,0,0,0,0,0,0,0,0,0,0,0,0,0,-53000
056945,鴻海統一98購12  ,0,0,0,0,0,0,0,0,0,-53000,0,0,0,5000,58000,-53000,-53000
052835,滬深2X國泰98購01,0,0,0,0,0,0,0,0,0,-53000,0,0,0,0,53000,-53000,-53000
052775,滬深2X國票99購02,0,0,0,0,0,0,0,0,0,-53000,0,0,0,20000,73000,-53000,-53000
00757,統一FANG+       ,0,0,0,0,0,0,0,0,0,-53000,0,0,0,309000,362000,-53000,-53000
060110,茂林元大99購06  ,0,0,0,0,0,0,0,0,0,-53000,0,0,0,23000,76000,-53000,-53000
058434,旺宏統一9B購01  ,0,0,0,0,0,0,0,0,0,-53000,0,0,0,0,53000,-53000,-53000
057354,聯鈞統一99購03  ,0,0,0,0,0,0,0,0,0,-53000,0,0,0,7000,60000,-53000,-53000
063658,瑞祺元富9B購01  ,0,0,0,0,0,0,0,0,0,-53000,0,0,0,158000,211000,-53000,-53000
063084,可成凱基9C購01  ,0,0,0,0,0,0,0,0,0,-53000,0,0,0,12000,65000,-53000,-53000
08254P,國巨元大9C售09  ,0,0,0,0,0,0,0,0,0,-54000,0,0,0,0,54000,-54000,-54000
08235P,南電國泰9C售03  ,0,0,0,0,0,0,0,0,0,-54000,0,0,0,0,54000,-54000,-54000
08093P,英業達元富9B售02,0,0,0,0,0,0,0,0,0,-54000,0,0,0,50000,104000,-54000,-54000
07568P,鴻海凱基9A售22  ,0,0,0,0,0,0,0,0,0,-54000,0,0,0,0,54000,-54000,-54000
07039P,南電台新99售01  ,0,0,0,0,0,0,0,0,0,-54000,0,0,0,0,54000,-54000,-54000
063885,南六元富9C購01  ,0,0,0,0,0,0,0,0,0,-54000,0,0,0,0,54000,-54000,-54000
064099,億光群益9C購01  ,0,0,0,0,0,0,0,0,0,-54000,0,0,0,0,54000,-54000,-54000
054757,南亞國票98購01  ,0,0,0,0,0,0,0,0,0,-54000,0,0,0,146000,200000,-54000,-54000
054872,瀚宇博群益98購01,0,0,0,0,0,0,0,0,0,-54000,0,0,0,0,54000,-54000,-54000
057377,康控元大99購02  ,0,0,0,0,0,0,0,0,0,-54000,0,0,0,107000,161000,-54000,-54000
058911,茂林元大99購04  ,0,0,0,0,0,0,0,0,0,-54000,0,0,0,2000,56000,-54000,-54000
06117P,臺股指日盛97售02,0,0,0,0,0,0,0,0,0,-54000,0,0,0,0,54000,-54000,-54000
061153,奇力新群益9A購02,0,0,0,0,0,0,0,0,0,-54000,0,0,0,16000,70000,-54000,-54000
060681,華擎元大9A購02  ,0,0,0,0,0,0,0,0,0,-54000,0,0,0,91000,145000,-54000,-54000
059079,SGBR2X元大99購01,0,0,0,0,0,0,0,0,0,-54000,0,0,0,76000,130000,-54000,-54000
063132,台表科元大9C購02,0,0,0,0,0,0,0,0,0,-54000,0,0,0,160000,214000,-54000,-54000
063129,祥碩元大9C購03  ,0,0,0,0,0,0,0,0,0,-54000,0,0,0,0,54000,-54000,-54000
062709,帆宣元大9B購01  ,0,0,0,0,0,0,0,0,0,-54000,0,0,0,0,54000,-54000,-54000
062557,台光電凱基9B購02,0,0,0,0,0,0,0,0,0,-54000,0,0,0,48000,102000,-54000,-54000
063618,智邦兆豐9C購01  ,0,0,0,0,0,0,0,0,0,-54000,0,0,0,1000,55000,-54000,-54000
06320P,上銀統一97售04  ,0,0,0,0,0,0,0,0,0,-54000,0,0,0,42000,96000,-54000,-54000
062361,智邦元大9B購06  ,0,0,0,0,0,0,0,0,0,-54000,0,0,0,92000,146000,-54000,-54000
062183,奇鋐元大9B購01  ,0,0,0,0,0,0,0,0,0,-54000,0,0,0,16000,70000,-54000,-54000
062320,南電凱基9B購03  ,0,0,0,0,0,0,0,0,0,-54000,0,0,0,121000,175000,-54000,-54000
061997,台郡元大9B購03  ,0,0,0,0,0,0,0,0,0,-54000,0,0,0,4000,58000,-54000,-54000
06091P,華新科統一97售01,0,0,0,0,0,0,0,0,0,-54000,0,0,0,0,54000,-54000,-54000
8463,潤泰材          ,11000,66000,-55000,0,0,0,0,0,0,1000,1000,0,1000,0,0,0,-54000
064254,景碩台新9C購02  ,0,0,0,0,0,0,0,0,0,-55000,0,0,0,125000,180000,-55000,-55000
07124P,台積電元大99售21,0,0,0,0,0,0,0,0,0,-55000,0,0,0,30000,85000,-55000,-55000
06825P,臺股指國票98售01,0,0,0,0,0,0,0,0,0,-55000,0,0,0,5000,60000,-55000,-55000
06750P,聯發科元富02售03,0,0,0,0,0,0,0,0,0,-55000,0,0,0,0,55000,-55000,-55000
06726P,欣興元富98售04  ,0,0,0,0,0,0,0,0,0,-55000,0,0,0,0,55000,-55000,-55000
06457P,玉晶光統一98售02,0,0,0,0,0,0,0,0,0,-55000,0,0,0,20000,75000,-55000,-55000
07301P,臺股指元大9A售34,0,0,0,0,0,0,0,0,0,-55000,0,0,0,0,55000,-55000,-55000
07418P,聯發科元大99售45,0,0,0,0,0,0,0,0,0,-55000,0,0,0,50000,105000,-55000,-55000
07993P,寶成群益9B售01  ,0,0,0,0,0,0,0,0,0,-55000,0,0,0,0,55000,-55000,-55000
07874P,長榮航群益9B售01,0,0,0,0,0,0,0,0,0,-55000,0,0,0,0,55000,-55000,-55000
1339,昭輝            ,36000,93000,-57000,0,0,0,0,0,0,2000,2000,0,2000,0,0,0,-55000
1906,寶隆            ,1000,56000,-55000,0,0,0,0,0,0,0,0,0,0,0,0,0,-55000
056734,國巨凱基99購01  ,0,0,0,0,0,0,0,0,0,-55000,0,0,0,0,55000,-55000,-55000
059637,大立光凱基01購01,0,0,0,0,0,0,0,0,0,-55000,0,0,0,0,55000,-55000,-55000
061156,玉晶光群益9A購07,0,0,0,0,0,0,0,0,0,-55000,0,0,0,2000,57000,-55000,-55000
059327,南茂元大99購01  ,0,0,0,0,0,0,0,0,0,-55000,0,0,0,23000,78000,-55000,-55000
060989,國泰金元大9A購02,0,0,0,0,0,0,0,0,0,-55000,0,0,0,0,55000,-55000,-55000
061226,台積電中信9A購05,0,0,0,0,0,0,0,0,0,-55000,0,0,0,0,55000,-55000,-55000
061789,群創群益9B購01  ,0,0,0,0,0,0,0,0,0,-55000,0,0,0,126000,181000,-55000,-55000
061653,上証2X國票9A購02,0,0,0,0,0,0,0,0,0,-55000,0,0,0,0,55000,-55000,-55000
061956,和大統一01購01  ,0,0,0,0,0,0,0,0,0,-55000,0,0,0,82000,137000,-55000,-55000
062528,全新統一9C購01  ,0,0,0,0,0,0,0,0,0,-55000,0,0,0,0,55000,-55000,-55000
2832,台產            ,19000,74000,-55000,0,0,0,0,0,0,0,0,0,0,0,0,0,-55000
1773,勝一            ,8000,65000,-57000,0,0,0,0,0,0,1000,1000,0,1000,0,0,0,-56000
07854P,台積電凱基9A售28,0,0,0,0,0,0,0,0,0,-56000,0,0,0,4000,60000,-56000,-56000
064476,金像電國泰02購01,0,0,0,0,0,0,0,0,0,-56000,0,0,0,18000,74000,-56000,-56000
06728P,全新元大98售03  ,0,0,0,0,0,0,0,0,0,-56000,0,0,0,20000,76000,-56000,-56000
064246,南六統一9C購02  ,0,0,0,0,0,0,0,0,0,-56000,0,0,0,9000,65000,-56000,-56000
064125,聯發科元大02購01,0,0,0,0,0,0,0,0,0,-56000,0,0,0,102000,158000,-56000,-56000
060245,聯陽元大9C購01  ,0,0,0,0,0,0,0,0,0,-56000,0,0,0,0,56000,-56000,-56000
058554,瀚宇博永豐99購01,0,0,0,0,0,0,0,0,0,-56000,0,0,0,4000,60000,-56000,-56000
063560,力山元大9B購05  ,0,0,0,0,0,0,0,0,0,-56000,0,0,0,22000,78000,-56000,-56000
061886,力山國泰01購01  ,0,0,0,0,0,0,0,0,0,-56000,0,0,0,30000,86000,-56000,-56000
061431,鈺齊元大9A購01  ,0,0,0,0,0,0,0,0,0,-56000,0,0,0,17000,73000,-56000,-56000
8473,山林水          ,14000,54000,-40000,0,0,0,0,0,0,-16000,0,16000,-16000,0,0,0,-56000
9955,佳龍            ,59000,115000,-56000,0,0,0,0,0,0,0,0,0,0,0,0,0,-56000
064361,旺宏統一01購06  ,0,0,0,0,0,0,0,0,0,-57000,0,0,0,0,57000,-57000,-57000
06959P,鴻海凱基9A售02  ,0,0,0,0,0,0,0,0,0,-57000,0,0,0,0,57000,-57000,-57000
06698P,玉晶光國票99售05,0,0,0,0,0,0,0,0,0,-57000,0,0,0,29000,86000,-57000,-57000
07824P,國巨元大9A售24  ,0,0,0,0,0,0,0,0,0,-57000,0,0,0,0,57000,-57000,-57000
07998P,聯電凱基9C售01  ,0,0,0,0,0,0,0,0,0,-57000,0,0,0,28000,85000,-57000,-57000
057582,亞光中信9A購02  ,0,0,0,0,0,0,0,0,0,-57000,0,0,0,155000,212000,-57000,-57000
00690,兆豐藍籌30      ,2000,2000,0,0,0,0,0,0,0,-57000,0,0,0,164000,221000,-57000,-57000
060032,利勤永豐99購01  ,0,0,0,0,0,0,0,0,0,-57000,0,0,0,5000,62000,-57000,-57000
058632,世紀鋼國票9A購01,0,0,0,0,0,0,0,0,0,-57000,0,0,0,0,57000,-57000,-57000
060159,健和興永豐9A購01,0,0,0,0,0,0,0,0,0,-57000,0,0,0,3000,60000,-57000,-57000
061194,聯鈞永豐9A購02  ,0,0,0,0,0,0,0,0,0,-57000,0,0,0,36000,93000,-57000,-57000
063576,台表科元大9B購08,0,0,0,0,0,0,0,0,0,-57000,0,0,0,0,57000,-57000,-57000
063683,大成鋼永豐9B購01,0,0,0,0,0,0,0,0,0,-57000,0,0,0,2000,59000,-57000,-57000
063243,聯發科元大9B購20,0,0,0,0,0,0,0,0,0,-57000,0,0,0,38000,95000,-57000,-57000
9917,中保科          ,19000,75000,-56000,0,0,0,0,0,0,-1000,0,1000,-1000,0,0,0,-57000
4155,訊映            ,100000,155000,-55000,0,0,0,0,0,0,-2000,0,2000,-2000,0,0,0,-57000
07888P,大立光國票9B售01,0,0,0,0,0,0,0,0,0,-58000,0,0,0,0,58000,-58000,-58000
07502P,美食元大9A售01  ,0,0,0,0,0,0,0,0,0,-58000,0,0,0,313000,371000,-58000,-58000
1457,宜進            ,12000,70000,-58000,0,0,0,0,0,0,0,0,0,0,0,0,0,-58000
1307,三芳            ,188000,245000,-57000,0,0,0,0,0,0,-1000,0,1000,-1000,0,0,0,-58000
08174P,國巨統一9B售17  ,0,0,0,0,0,0,0,0,0,-58000,0,0,0,0,58000,-58000,-58000
08178P,南亞科元大9B售01,0,0,0,0,0,0,0,0,0,-58000,0,0,0,1000,59000,-58000,-58000
06936P,瑞儀元大98售01  ,0,0,0,0,0,0,0,0,0,-58000,0,0,0,0,58000,-58000,-58000
06888P,日月光元大98售02,0,0,0,0,0,0,0,0,0,-58000,0,0,0,0,58000,-58000,-58000
06995P,臺股指凱基99售16,0,0,0,0,0,0,0,0,0,-58000,0,0,0,0,58000,-58000,-58000
063979,健鼎兆豐9C購01  ,0,0,0,0,0,0,0,0,0,-58000,0,0,0,122000,180000,-58000,-58000
00682U,元大美元指數    ,0,0,0,0,0,0,0,0,0,-58000,0,0,0,16000,74000,-58000,-58000
051929,GIS中信96購01   ,0,0,0,0,0,0,0,0,0,-58000,0,0,0,0,58000,-58000,-58000
05361P,聯發科富邦97售01,0,0,0,0,0,0,0,0,0,-58000,0,0,0,4000,62000,-58000,-58000
06023P,超眾國票96售03  ,0,0,0,0,0,0,0,0,0,-58000,0,0,0,0,58000,-58000,-58000
056375,玉晶光統一01購01,0,0,0,0,0,0,0,0,0,-58000,0,0,0,32000,90000,-58000,-58000
060676,京元電元大9A購03,0,0,0,0,0,0,0,0,0,-58000,0,0,0,142000,200000,-58000,-58000
060799,茂林永豐9A購01  ,0,0,0,0,0,0,0,0,0,-58000,0,0,0,66000,124000,-58000,-58000
057406,茂林群益98購03  ,0,0,0,0,0,0,0,0,0,-58000,0,0,0,50000,108000,-58000,-58000
057924,健策凱基98購02  ,0,0,0,0,0,0,0,0,0,-58000,0,0,0,35000,93000,-58000,-58000
063605,健策凱基9C購02  ,0,0,0,0,0,0,0,0,0,-58000,0,0,0,22000,80000,-58000,-58000
063158,瑞昱台新9B購02  ,0,0,0,0,0,0,0,0,0,-58000,0,0,0,10000,68000,-58000,-58000
062885,臻鼎兆豐9C購01  ,0,0,0,0,0,0,0,0,0,-58000,0,0,0,113000,171000,-58000,-58000
061606,景碩凱基9A購02  ,0,0,0,0,0,0,0,0,0,-58000,0,0,0,404000,462000,-58000,-58000
064295,聚陽國票01購01  ,0,0,0,0,0,0,0,0,0,-59000,0,0,0,35000,94000,-59000,-59000
064242,TPK統一02購01   ,0,0,0,0,0,0,0,0,0,-59000,0,0,0,40000,99000,-59000,-59000
06861P,台積電國票99售08,0,0,0,0,0,0,0,0,0,-59000,0,0,0,0,59000,-59000,-59000
07672P,南電元大9A售05  ,0,0,0,0,0,0,0,0,0,-59000,0,0,0,75000,134000,-59000,-59000
056360,智邦元大98購01  ,0,0,0,0,0,0,0,0,0,-59000,0,0,0,44000,103000,-59000,-59000
060539,道瓊反凱基9A購01,0,0,0,0,0,0,0,0,0,-59000,0,0,0,1000,60000,-59000,-59000
058567,華新科凱基9A購02,0,0,0,0,0,0,0,0,0,-59000,0,0,0,34000,93000,-59000,-59000
060819,國巨統一9C購04  ,0,0,0,0,0,0,0,0,0,-59000,0,0,0,51000,110000,-59000,-59000
061460,FBVIX群益9A購02 ,0,0,0,0,0,0,0,0,0,-59000,0,0,0,0,59000,-59000,-59000
062979,茂林元富9B購01  ,0,0,0,0,0,0,0,0,0,-59000,0,0,0,158000,217000,-59000,-59000
063191,台表科凱基9B購03,0,0,0,0,0,0,0,0,0,-59000,0,0,0,70000,129000,-59000,-59000
063425,台勝科凱基9B購02,0,0,0,0,0,0,0,0,0,-59000,0,0,0,43000,102000,-59000,-59000
6155,鈞寶            ,94000,153000,-59000,0,0,0,0,0,0,0,0,0,0,0,0,0,-59000
07612P,國巨國泰9B售06  ,0,0,0,0,0,0,0,0,0,-60000,0,0,0,48000,108000,-60000,-60000
07358P,鴻海元大99售39  ,0,0,0,0,0,0,0,0,0,-60000,0,0,0,16000,76000,-60000,-60000
07253P,台灣50凱基9A售05,0,0,0,0,0,0,0,0,0,-60000,0,0,0,0,60000,-60000,-60000
07851P,聯發科國票9A售05,0,0,0,0,0,0,0,0,0,-60000,0,0,0,5000,65000,-60000,-60000
08147P,聯發科群益9B售10,0,0,0,0,0,0,0,0,0,-60000,0,0,0,87000,147000,-60000,-60000
08224P,臺股指凱基9B售19,0,0,0,0,0,0,0,0,0,-60000,0,0,0,0,60000,-60000,-60000
08314P,國巨元大9C售14  ,0,0,0,0,0,0,0,0,0,-60000,0,0,0,25000,85000,-60000,-60000
08355P,智邦元大9C售03  ,0,0,0,0,0,0,0,0,0,-60000,0,0,0,25000,85000,-60000,-60000
07169P,臺股指國票99售06,0,0,0,0,0,0,0,0,0,-60000,0,0,0,0,60000,-60000,-60000
06716P,台積電元大9A售02,0,0,0,0,0,0,0,0,0,-60000,0,0,0,20000,80000,-60000,-60000
06598P,奇力新永豐98售02,0,0,0,0,0,0,0,0,0,-60000,0,0,0,26000,86000,-60000,-60000
063928,可成統一01購02  ,0,0,0,0,0,0,0,0,0,-60000,0,0,0,61000,121000,-60000,-60000
056141,聯茂元大97購05  ,0,0,0,0,0,0,0,0,0,-60000,0,0,0,13000,73000,-60000,-60000
056326,TPK兆豐98購01   ,0,0,0,0,0,0,0,0,0,-60000,0,0,0,0,60000,-60000,-60000
05175P,TPK富邦99售01   ,0,0,0,0,0,0,0,0,0,-60000,0,0,0,0,60000,-60000,-60000
03604P,群創凱基98售05  ,0,0,0,0,0,0,0,0,0,-60000,0,0,0,0,60000,-60000,-60000
061144,玉晶光中信9B購02,0,0,0,0,0,0,0,0,0,-60000,0,0,0,45000,105000,-60000,-60000
061139,玉晶光統一9C購02,0,0,0,0,0,0,0,0,0,-60000,0,0,0,40000,100000,-60000,-60000
057988,鈺齊元富98購02  ,0,0,0,0,0,0,0,0,0,-60000,0,0,0,0,60000,-60000,-60000
058015,旺宏凱基99購02  ,0,0,0,0,0,0,0,0,0,-60000,0,0,0,0,60000,-60000,-60000
057366,智邦元大98購08  ,0,0,0,0,0,0,0,0,0,-60000,0,0,0,27000,87000,-60000,-60000
057780,台郡群益98購02  ,0,0,0,0,0,0,0,0,0,-60000,0,0,0,0,60000,-60000,-60000
062930,旺宏統一9C購02  ,0,0,0,0,0,0,0,0,0,-60000,0,0,0,0,60000,-60000,-60000
062731,力成凱基9B購02  ,0,0,0,0,0,0,0,0,0,-60000,0,0,0,105000,165000,-60000,-60000
060967,鈺齊凱基9A購02  ,0,0,0,0,0,0,0,0,0,-60000,0,0,0,4000,64000,-60000,-60000
060963,禾伸堂凱基9A購01,0,0,0,0,0,0,0,0,0,-60000,0,0,0,36000,96000,-60000,-60000
061420,國巨元大9A購22  ,0,0,0,0,0,0,0,0,0,-60000,0,0,0,0,60000,-60000,-60000
061868,旺宏元大9B購03  ,0,0,0,0,0,0,0,0,0,-60000,0,0,0,5000,65000,-60000,-60000
062056,國巨統一9C購08  ,0,0,0,0,0,0,0,0,0,-60000,0,0,0,0,60000,-60000,-60000
062307,華通凱基9C購01  ,0,0,0,0,0,0,0,0,0,-60000,0,0,0,0,60000,-60000,-60000
062469,旺宏凱基9B購05  ,0,0,0,0,0,0,0,0,0,-60000,0,0,0,0,60000,-60000,-60000
6192,巨路            ,13000,52000,-39000,0,0,0,0,0,0,-21000,0,21000,-21000,0,0,0,-60000
4576,大銀微系統      ,30000,90000,-60000,0,0,0,0,0,0,0,0,0,0,0,0,0,-60000
2010,春源            ,19000,79398,-60398,0,0,0,0,0,0,0,0,0,0,0,0,0,-60398
08205P,智邦凱基9B售03  ,0,0,0,0,0,0,0,0,0,-61000,0,0,0,30000,91000,-61000,-61000
08098P,大立光凱基9B售09,0,0,0,0,0,0,0,0,0,-61000,0,0,0,199000,260000,-61000,-61000
08111P,臺股指中信01售06,0,0,0,0,0,0,0,0,0,-61000,0,0,0,80000,141000,-61000,-61000
07415P,台積電元大99售52,0,0,0,0,0,0,0,0,0,-61000,0,0,0,11000,72000,-61000,-61000
063845,旺宏元大9C購03  ,0,0,0,0,0,0,0,0,0,-61000,0,0,0,27000,88000,-61000,-61000
06510P,燿華永豐98售03  ,0,0,0,0,0,0,0,0,0,-61000,0,0,0,33000,94000,-61000,-61000
07217P,大立光凱基9A售05,0,0,0,0,0,0,0,0,0,-61000,0,0,0,0,61000,-61000,-61000
054912,群光凱基97購01  ,0,0,0,0,0,0,0,0,0,-61000,0,0,0,0,61000,-61000,-61000
06356P,啟碁永豐97售01  ,0,0,0,0,0,0,0,0,0,-61000,0,0,0,25000,86000,-61000,-61000
4144,康聯-KY         ,7000,58000,-51000,0,0,0,0,0,0,-10000,0,10000,-10000,0,0,0,-61000
06626P,大立光統一9A售01,0,0,0,0,0,0,0,0,0,-62000,0,0,0,0,62000,-62000,-62000
06454P,緯穎元大98售04  ,0,0,0,0,0,0,0,0,0,-62000,0,0,0,10000,72000,-62000,-62000
064357,中橡統一9C購01  ,0,0,0,0,0,0,0,0,0,-62000,0,0,0,0,62000,-62000,-62000
07370P,南亞科凱基99售08,0,0,0,0,0,0,0,0,0,-62000,0,0,0,0,62000,-62000,-62000
07312P,台灣50元大99售10,0,0,0,0,0,0,0,0,0,-62000,0,0,0,0,62000,-62000,-62000
07317P,T50正2凱基9B售02,0,0,0,0,0,0,0,0,0,-62000,0,0,0,0,62000,-62000,-62000
07803P,南亞科永豐9A售02,0,0,0,0,0,0,0,0,0,-62000,0,0,0,0,62000,-62000,-62000
08358P,大立光元大9C售18,0,0,0,0,0,0,0,0,0,-62000,0,0,0,15000,77000,-62000,-62000
1810,和成            ,6000,68000,-62000,0,0,0,0,0,0,0,0,0,0,0,0,0,-62000
056441,燿華凱基98購01  ,0,0,0,0,0,0,0,0,0,-62000,0,0,0,100000,162000,-62000,-62000
058763,和碩群益99購01  ,0,0,0,0,0,0,0,0,0,-62000,0,0,0,166000,228000,-62000,-62000
061136,可成統一9A購01  ,0,0,0,0,0,0,0,0,0,-62000,0,0,0,133000,195000,-62000,-62000
06246P,茂林元富97售03  ,0,0,0,0,0,0,0,0,0,-62000,0,0,0,183000,245000,-62000,-62000
062446,聯詠元大9B購02  ,0,0,0,0,0,0,0,0,0,-62000,0,0,0,4000,66000,-62000,-62000
06212P,華新科元大97售11,0,0,0,0,0,0,0,0,0,-62000,0,0,0,4000,66000,-62000,-62000
062087,瑞祺元大9B購02  ,0,0,0,0,0,0,0,0,0,-62000,0,0,0,122000,184000,-62000,-62000
061752,瑞昱台新9B購01  ,0,0,0,0,0,0,0,0,0,-62000,0,0,0,82000,144000,-62000,-62000
6412,群電            ,244000,297000,-53000,0,0,0,0,0,0,-9000,1000,1000,0,0,9000,-9000,-62000
2351,順德            ,139000,198000,-59000,0,0,0,0,0,0,-4000,1000,0,1000,0,5000,-5000,-63000
06458P,玉晶光統一9A售02,0,0,0,0,0,0,0,0,0,-63000,0,0,0,0,63000,-63000,-63000
06834P,訊芯群益99售02  ,0,0,0,0,0,0,0,0,0,-63000,0,0,0,92000,155000,-63000,-63000
061113,南電元大9A購03  ,0,0,0,0,0,0,0,0,0,-63000,0,0,0,144000,207000,-63000,-63000
058813,旺宏統一9B購04  ,0,0,0,0,0,0,0,0,0,-63000,0,0,0,10000,73000,-63000,-63000
057802,卜蜂元大98購01  ,0,0,0,0,0,0,0,0,0,-63000,0,0,0,208000,271000,-63000,-63000
057580,玉山金中信9A購01,0,0,0,0,0,0,0,0,0,-63000,0,0,0,0,63000,-63000,-63000
062422,億光統一01購01  ,0,0,0,0,0,0,0,0,0,-63000,0,0,0,0,63000,-63000,-63000
062377,力成元大9B購01  ,0,0,0,0,0,0,0,0,0,-63000,0,0,0,84000,147000,-63000,-63000
063574,茂林元大9B購07  ,0,0,0,0,0,0,0,0,0,-63000,0,0,0,5000,68000,-63000,-63000
062768,南電凱基9B購04  ,0,0,0,0,0,0,0,0,0,-63000,0,0,0,137000,200000,-63000,-63000
062863,聯茂國票9B購01  ,0,0,0,0,0,0,0,0,0,-63000,0,0,0,158000,221000,-63000,-63000
063168,台表科永豐9B購01,0,0,0,0,0,0,0,0,0,-63000,0,0,0,34000,97000,-63000,-63000
8429,金麗-KY         ,5000,68000,-63000,0,0,0,0,0,0,0,0,0,0,0,0,0,-63000
063886,南電元富9C購01  ,0,0,0,0,0,0,0,0,0,-64000,0,0,0,237000,301000,-64000,-64000
056856,華通群益9A購01  ,0,0,0,0,0,0,0,0,0,-64000,0,0,0,6000,70000,-64000,-64000
058278,FBVIX中信03購02 ,0,0,0,0,0,0,0,0,0,-64000,0,0,0,100000,164000,-64000,-64000
060051,台積電凱基9B購01,0,0,0,0,0,0,0,0,0,-64000,0,0,0,45000,109000,-64000,-64000
060058,牧德凱基9B購01  ,0,0,0,0,0,0,0,0,0,-64000,0,0,0,15000,79000,-64000,-64000
062775,大成鋼元大9B購02,0,0,0,0,0,0,0,0,0,-64000,0,0,0,165000,229000,-64000,-64000
061847,力山國票9B購01  ,0,0,0,0,0,0,0,0,0,-64000,0,0,0,4000,68000,-64000,-64000
6504,南六            ,381000,413000,-32000,0,0,0,30000,0,30000,-62000,0,65000,-65000,14000,11000,3000,-64000
064126,聯發科元大9C購05,0,0,0,0,0,0,0,0,0,-65000,0,0,0,8000,73000,-65000,-65000
064143,旺宏統一01購05  ,0,0,0,0,0,0,0,0,0,-65000,0,0,0,20000,85000,-65000,-65000
2305,全友            ,3000,74000,-71000,0,0,0,0,0,0,6000,6000,0,6000,0,0,0,-65000
08194P,同欣電國票9C售03,0,0,0,0,0,0,0,0,0,-65000,0,0,0,28000,93000,-65000,-65000
055839,瑞昱元大97購04  ,0,0,0,0,0,0,0,0,0,-65000,0,0,0,2000,67000,-65000,-65000
056341,宏達電凱基9A購01,0,0,0,0,0,0,0,0,0,-65000,0,0,0,45000,110000,-65000,-65000
060479,億豐元大9A購01  ,0,0,0,0,0,0,0,0,0,-65000,0,0,0,10000,75000,-65000,-65000
056684,旺宏統一98購02  ,0,0,0,0,0,0,0,0,0,-65000,0,0,0,0,65000,-65000,-65000
055246,美律統一98購01  ,0,0,0,0,0,0,0,0,0,-65000,0,0,0,0,65000,-65000,-65000
058929,可成統一9C購01  ,0,0,0,0,0,0,0,0,0,-65000,0,0,0,104000,169000,-65000,-65000
057450,國泰金元富98購01,0,0,0,0,0,0,0,0,0,-65000,0,0,0,170000,235000,-65000,-65000
062292,旭富永豐9B購01  ,0,0,0,0,0,0,0,0,0,-65000,0,0,0,20000,85000,-65000,-65000
062193,瑞昱第一9B購01  ,0,0,0,0,0,0,0,0,0,-65000,0,0,0,63000,128000,-65000,-65000
062523,世紀鋼元大9C購03,0,0,0,0,0,0,0,0,0,-65000,0,0,0,49000,114000,-65000,-65000
063114,南電兆豐9B購01  ,0,0,0,0,0,0,0,0,0,-65000,0,0,0,209000,274000,-65000,-65000
6605,帝寶            ,7000,72000,-65000,0,0,0,0,0,0,0,0,0,0,0,0,0,-65000
1447,力鵬            ,71200,137000,-65800,0,0,0,0,0,0,0,0,0,0,0,0,0,-65800
08346P,大立光元大9C售15,0,0,0,0,0,0,0,0,0,-66000,0,0,0,0,66000,-66000,-66000
07786P,南電中信9C售01  ,0,0,0,0,0,0,0,0,0,-66000,0,0,0,24000,90000,-66000,-66000
06445P,大立光凱基98售09,0,0,0,0,0,0,0,0,0,-66000,0,0,0,0,66000,-66000,-66000
054088,華新群益98購02  ,0,0,0,0,0,0,0,0,0,-66000,0,0,0,116000,182000,-66000,-66000
062770,臺股指凱基9B購14,0,0,0,0,0,0,0,0,0,-66000,0,0,0,0,66000,-66000,-66000
062398,建準永豐9B購01  ,0,0,0,0,0,0,0,0,0,-66000,0,0,0,19000,85000,-66000,-66000
061613,南六統一9C購01  ,0,0,0,0,0,0,0,0,0,-66000,0,0,0,19000,85000,-66000,-66000
4555,氣立            ,9000,73000,-64000,0,0,0,0,0,0,-2000,5000,7000,-2000,0,0,0,-66000
2444,兆勁            ,0,58000,-58000,0,0,0,0,0,0,-8000,0,8000,-8000,0,0,0,-66000
06623P,立積元大98售04  ,0,0,0,0,0,0,0,0,0,-67000,0,0,0,33000,100000,-67000,-67000
06481P,台積電凱基98售12,0,0,0,0,0,0,0,0,0,-67000,0,0,0,10000,77000,-67000,-67000
064075,台積電中信06購01,0,0,0,0,0,0,0,0,0,-67000,0,0,0,201000,268000,-67000,-67000
07815P,美律群益9A售04  ,0,0,0,0,0,0,0,0,0,-67000,0,0,0,85000,152000,-67000,-67000
08330P,聯發科統一9C售13,0,0,0,0,0,0,0,0,0,-67000,0,0,0,0,67000,-67000,-67000
056298,億光元大97購02  ,0,0,0,0,0,0,0,0,0,-67000,0,0,0,52000,119000,-67000,-67000
060567,華擎富邦9C購01  ,0,0,0,0,0,0,0,0,0,-67000,0,0,0,12000,79000,-67000,-67000
063581,同欣電國泰9C購01,0,0,0,0,0,0,0,0,0,-67000,0,0,0,247000,314000,-67000,-67000
9902,台火            ,7000,75000,-68000,0,0,0,0,0,0,1000,1000,0,1000,0,0,0,-67000
00678,群益NBI生技     ,0,67000,-67000,0,0,0,0,0,0,-118,0,0,0,301000,301118,-118,-67118
07855P,旺宏凱基9A售09  ,0,0,0,0,0,0,0,0,0,-68000,0,0,0,26000,94000,-68000,-68000
07991P,鴻海群益9C售02  ,0,0,0,0,0,0,0,0,0,-68000,0,0,0,4000,72000,-68000,-68000
07014P,華通元大99售04  ,0,0,0,0,0,0,0,0,0,-68000,0,0,0,40000,108000,-68000,-68000
054161,友訊凱基98購01  ,0,0,0,0,0,0,0,0,0,-68000,0,0,0,0,68000,-68000,-68000
060385,台勝科凱基9A購01,0,0,0,0,0,0,0,0,0,-68000,0,0,0,120000,188000,-68000,-68000
056897,南亞科元大98購02,0,0,0,0,0,0,0,0,0,-68000,0,0,0,0,68000,-68000,-68000
057371,可成元大98購08  ,0,0,0,0,0,0,0,0,0,-68000,0,0,0,38000,106000,-68000,-68000
063664,漢唐統一9C購01  ,0,0,0,0,0,0,0,0,0,-68000,0,0,0,13000,81000,-68000,-68000
063028,巨大元大9B購02  ,0,0,0,0,0,0,0,0,0,-68000,0,0,0,11000,79000,-68000,-68000
061726,台積電麥證9A購05,0,0,0,7000,75000,-68000,0,0,0,-68000,0,0,0,7000,75000,-68000,-68000
07794P,智邦國票9A售03  ,0,0,0,0,0,0,0,0,0,-69000,0,0,0,0,69000,-69000,-69000
1231,聯華食          ,30000,92000,-62000,0,0,0,0,0,0,-7000,1000,8000,-7000,0,0,0,-69000
060226,道瓊反元大9A購01,0,0,0,0,0,0,0,0,0,-69000,0,0,0,158000,227000,-69000,-69000
057298,旭富永豐98購01  ,0,0,0,0,0,0,0,0,0,-69000,0,0,0,40000,109000,-69000,-69000
062479,TPK國票9B購01   ,0,0,0,0,0,0,0,0,0,-69000,0,0,0,0,69000,-69000,-69000
063461,金像電元大9B購03,0,0,0,0,0,0,0,0,0,-69000,0,0,0,50000,119000,-69000,-69000
4566,時碩工業        ,4000,73000,-69000,0,0,0,0,0,0,0,0,0,0,0,0,0,-69000
3588,通嘉            ,72000,141000,-69000,0,0,0,0,0,0,0,0,0,0,0,0,0,-69000
3057,喬鼎            ,0,69000,-69000,0,0,0,0,0,0,0,0,0,0,0,0,0,-69000
08247P,台積電群益9C售06,0,0,0,0,0,0,0,0,0,-70000,0,0,0,110000,180000,-70000,-70000
08265P,臺股指元大9C售03,0,0,0,0,0,0,0,0,0,-70000,0,0,0,0,70000,-70000,-70000
08268P,臺股指元大9C售06,0,0,0,0,0,0,0,0,0,-70000,0,0,0,0,70000,-70000,-70000
08282P,南六群益9C售01  ,0,0,0,0,0,0,0,0,0,-70000,0,0,0,12000,82000,-70000,-70000
1451,年興            ,32000,108000,-76000,0,0,0,0,0,0,6000,8000,2000,6000,0,0,0,-70000
2423,固緯            ,6000,82000,-76000,0,0,0,0,0,0,6000,6000,0,6000,0,0,0,-70000
07825P,健策國泰9B售04  ,0,0,0,0,0,0,0,0,0,-70000,0,0,0,80000,150000,-70000,-70000
07752P,台灣50元大9C售33,0,0,0,0,0,0,0,0,0,-70000,0,0,0,0,70000,-70000,-70000
07989P,玉晶光凱基9B售07,0,0,0,0,0,0,0,0,0,-70000,0,0,0,0,70000,-70000,-70000
07141P,台灣50國票9A售03,0,0,0,0,0,0,0,0,0,-70000,0,0,0,100000,170000,-70000,-70000
06927P,台灣50元大9B售03,0,0,0,0,0,0,0,0,0,-70000,0,0,0,10000,80000,-70000,-70000
064275,台光電元大9C購03,0,0,0,0,0,0,0,0,0,-70000,0,0,0,39000,109000,-70000,-70000
055773,瑞昱凱基97購03  ,0,0,0,0,0,0,0,0,0,-70000,0,0,0,0,70000,-70000,-70000
056805,元石油統一9B購01,0,0,0,0,0,0,0,0,0,-70000,0,0,0,0,70000,-70000,-70000
055570,華通統一98購03  ,0,0,0,0,0,0,0,0,0,-70000,0,0,0,0,70000,-70000,-70000
054377,臺股指中信99購09,0,0,0,0,0,0,0,0,0,-70000,0,0,0,0,70000,-70000,-70000
058104,國巨統一9A購04  ,0,0,0,0,0,0,0,0,0,-70000,0,0,0,0,70000,-70000,-70000
060738,矽格統一9C購01  ,0,0,0,0,0,0,0,0,0,-70000,0,0,0,0,70000,-70000,-70000
057234,宏達電凱基98購05,0,0,0,0,0,0,0,0,0,-70000,0,0,0,6000,76000,-70000,-70000
057928,鈺齊凱基98購02  ,0,0,0,0,0,0,0,0,0,-70000,0,0,0,13000,83000,-70000,-70000
057741,超眾富邦98購01  ,0,0,0,0,0,0,0,0,0,-70000,0,0,0,0,70000,-70000,-70000
058305,華邦電元大99購02,0,0,0,0,0,0,0,0,0,-70000,0,0,0,0,70000,-70000,-70000
061850,國巨國票9C購02  ,0,0,0,0,0,0,0,0,0,-70000,0,0,0,0,70000,-70000,-70000
2820,華票            ,94000,164000,-70000,0,0,0,0,0,0,0,0,0,0,0,0,0,-70000
3008,大立光          ,311000,343762,-32762,0,0,0,3000,13000,-10000,-28000,5000,21000,-16000,1000,13000,-12000,-70762
07121P,華新科凱基99售03,0,0,0,0,0,0,0,0,0,-71000,0,0,0,63000,134000,-71000,-71000
07176P,臺股指凱基99售18,0,0,0,0,0,0,0,0,0,-71000,0,0,0,4000,75000,-71000,-71000
07081P,南電群益9A售01  ,0,0,0,0,0,0,0,0,0,-71000,0,0,0,17000,88000,-71000,-71000
07487P,鴻海國票9A售01  ,0,0,0,0,0,0,0,0,0,-71000,0,0,0,0,71000,-71000,-71000
07729P,臺股指凱基9A售21,0,0,0,0,0,0,0,0,0,-71000,0,0,0,50000,121000,-71000,-71000
07708P,玉晶光元大9A售13,0,0,0,0,0,0,0,0,0,-71000,0,0,0,24000,95000,-71000,-71000
05524P,瀚宇博國票97售02,0,0,0,0,0,0,0,0,0,-71000,0,0,0,0,71000,-71000,-71000
056219,T50反1日盛02購01,0,0,0,0,0,0,0,0,0,-71000,0,0,0,0,71000,-71000,-71000
060073,台積電元富99購03,0,0,0,0,0,0,0,0,0,-71000,0,0,0,0,71000,-71000,-71000
059623,聯電凱基99購02  ,0,0,0,0,0,0,0,0,0,-71000,0,0,0,0,71000,-71000,-71000
062037,華新凱基9B購01  ,0,0,0,0,0,0,0,0,0,-71000,0,0,0,0,71000,-71000,-71000
062187,台勝科元大9B購02,0,0,0,0,0,0,0,0,0,-71000,0,0,0,6000,77000,-71000,-71000
061690,旺宏群益9A購05  ,0,0,0,0,0,0,0,0,0,-71000,0,0,0,0,71000,-71000,-71000
063343,美律統一9C購01  ,0,0,0,0,0,0,0,0,0,-71000,0,0,0,174000,245000,-71000,-71000
062756,臺指反凱基9C購01,0,0,0,0,0,0,0,0,0,-71000,0,0,0,5000,76000,-71000,-71000
2939,凱羿-KY         ,38000,106000,-68000,0,0,0,0,0,0,-3000,0,3000,-3000,0,0,0,-71000
07996P,亞德客凱基9B售03,0,0,0,0,0,0,0,0,0,-72000,0,0,0,123000,195000,-72000,-72000
07964P,大立光統一9B售12,0,0,0,0,0,0,0,0,0,-72000,0,0,0,0,72000,-72000,-72000
08066P,南亞科凱基9B售04,0,0,0,0,0,0,0,0,0,-72000,0,0,0,0,72000,-72000,-72000
2023,燁輝            ,319000,387000,-68000,0,0,0,0,0,0,-4000,0,4000,-4000,0,0,0,-72000
1445,大宇            ,3000,75000,-72000,0,0,0,0,0,0,0,0,0,0,0,0,0,-72000
1338,廣華-KY         ,78000,150000,-72000,0,0,0,0,0,0,0,0,0,0,0,0,0,-72000
08361P,玉晶光永豐9C售04,0,0,0,0,0,0,0,0,0,-72000,0,0,0,0,72000,-72000,-72000
07057P,大立光康和9B售02,0,0,0,0,0,0,0,0,0,-72000,0,0,0,0,72000,-72000,-72000
064343,健鼎元大9C購01  ,0,0,0,0,0,0,0,0,0,-72000,0,0,0,87000,159000,-72000,-72000
063973,緯穎國票9C購01  ,0,0,0,0,0,0,0,0,0,-72000,0,0,0,11000,83000,-72000,-72000
048270,T50反1富邦99購01,0,0,0,0,0,0,0,0,0,-72000,0,0,0,0,72000,-72000,-72000
059008,鈺齊元大99購03  ,0,0,0,0,0,0,0,0,0,-72000,0,0,0,43000,115000,-72000,-72000
061062,和大凱基9A購02  ,0,0,0,0,0,0,0,0,0,-72000,0,0,0,25000,97000,-72000,-72000
059956,玉山金康和99購01,0,0,0,0,0,0,0,0,0,-72000,0,0,0,70000,142000,-72000,-72000
061687,大成鋼群益9A購01,0,0,0,0,0,0,0,0,0,-72000,0,0,0,0,72000,-72000,-72000
061967,旺宏統一01購04  ,0,0,0,0,0,0,0,0,0,-72000,0,0,0,4000,76000,-72000,-72000
2488,漢平            ,2000,74000,-72000,0,0,0,0,0,0,0,0,0,0,0,0,0,-72000
064081,國產中信06購01  ,0,0,0,0,0,0,0,0,0,-73000,0,0,0,20000,93000,-73000,-73000
07023P,南電永豐99售02  ,0,0,0,0,0,0,0,0,0,-73000,0,0,0,0,73000,-73000,-73000
06876P,台灣50兆豐9B售01,0,0,0,0,0,0,0,0,0,-73000,0,1000,-1000,1000,73000,-72000,-73000
08258P,旺宏元大9C售04  ,0,0,0,0,0,0,0,0,0,-73000,0,0,0,28000,101000,-73000,-73000
08134P,臺股指元大9B售40,0,0,0,0,0,0,0,0,0,-73000,0,0,0,21000,94000,-73000,-73000
1442,名軒            ,4000,77000,-73000,0,0,0,0,0,0,0,0,0,0,0,0,0,-73000
08026P,臺股指凱基9B售12,0,0,0,0,0,0,0,0,0,-73000,0,0,0,21000,94000,-73000,-73000
055653,聯詠元富01購02  ,0,0,0,0,0,0,0,0,0,-73000,0,0,0,42000,115000,-73000,-73000
060315,易華電永豐9A購01,0,0,0,0,0,0,0,0,0,-73000,0,0,0,33000,106000,-73000,-73000
056468,鴻海元大98購07  ,0,0,0,0,0,0,0,0,0,-73000,0,0,0,147000,220000,-73000,-73000
061718,GIS凱基9B購01   ,0,0,0,0,0,0,0,0,0,-73000,0,0,0,159000,232000,-73000,-73000
061253,臺股指群益9A購04,0,0,0,0,0,0,0,0,0,-73000,0,0,0,77000,150000,-73000,-73000
062968,仁寶元富9B購01  ,0,0,0,0,0,0,0,0,0,-73000,0,0,0,68000,141000,-73000,-73000
9924,福興            ,5000,78000,-73000,0,0,0,0,0,0,0,0,0,0,0,0,0,-73000
8271,宇瞻            ,137000,214000,-77000,0,0,0,0,0,0,4000,4000,0,4000,0,0,0,-73000
07968P,國巨元大9B售09  ,0,0,0,0,0,0,0,0,0,-74000,0,0,0,0,74000,-74000,-74000
08108P,聯發科元富9B售03,0,0,0,0,0,0,0,0,0,-74000,0,0,0,44000,118000,-74000,-74000
08229P,祥碩國票9B售04  ,0,0,0,0,0,0,0,0,0,-74000,0,0,0,0,74000,-74000,-74000
06447P,上銀元大98售01  ,0,0,0,0,0,0,0,0,0,-74000,0,0,0,32000,106000,-74000,-74000
057017,和大凱基98購01  ,0,0,0,0,0,0,0,0,0,-74000,0,0,0,108000,182000,-74000,-74000
00665L,富邦恒生國企正2 ,0,16000,-16000,0,0,0,0,0,0,-58000,0,0,0,605000,663000,-58000,-74000
058617,南電元大99購01  ,0,0,0,0,0,0,0,0,0,-74000,0,0,0,16000,90000,-74000,-74000
057991,健策統一9C購01  ,0,0,0,0,0,0,0,0,0,-74000,0,0,0,153000,227000,-74000,-74000
059766,同欣電永豐99購03,0,0,0,0,0,0,0,0,0,-74000,0,0,0,30000,104000,-74000,-74000
060957,SP黃豆凱基9A購04,0,0,0,0,0,0,0,0,0,-74000,0,0,0,0,74000,-74000,-74000
062086,瑞祺元大9B購01  ,0,0,0,0,0,0,0,0,0,-74000,0,0,0,3000,77000,-74000,-74000
062333,嘉晶統一9C購01  ,0,0,0,0,0,0,0,0,0,-74000,0,0,0,90000,164000,-74000,-74000
4976,佳凌            ,17000,91000,-74000,0,0,0,0,0,0,0,0,0,0,0,0,0,-74000
064420,台積電兆豐9C購03,0,0,0,0,0,0,0,0,0,-75000,0,0,0,0,75000,-75000,-75000
07024P,臺股指永豐99售02,0,0,0,0,0,0,0,0,0,-75000,0,0,0,0,75000,-75000,-75000
07852P,臺股指國票9A售13,0,0,0,0,0,0,0,0,0,-75000,0,0,0,0,75000,-75000,-75000
07686P,祥碩凱基9A售02  ,0,0,0,0,0,0,0,0,0,-75000,0,0,0,0,75000,-75000,-75000
048422,瑞昱元富96購02  ,0,0,0,0,0,0,0,0,0,-75000,0,0,0,10000,85000,-75000,-75000
057389,玉晶光永豐98購06,0,0,0,0,0,0,0,0,0,-75000,0,0,0,20000,95000,-75000,-75000
059344,長榮航凱基99購01,0,0,0,0,0,0,0,0,0,-75000,0,0,0,10000,85000,-75000,-75000
061681,南電元大9A購08  ,0,0,0,0,0,0,0,0,0,-75000,0,0,0,124000,199000,-75000,-75000
062687,華擎統一01購02  ,0,0,0,0,0,0,0,0,0,-75000,0,0,0,675000,750000,-75000,-75000
063651,金像電台新9B購01,0,0,0,0,0,0,0,0,0,-75000,0,0,0,30000,105000,-75000,-75000
063487,國巨國泰01購02  ,0,0,0,0,0,0,0,0,0,-75000,0,0,0,35000,110000,-75000,-75000
5225,東科-KY         ,11000,86000,-75000,0,0,0,0,0,0,0,0,0,0,0,0,0,-75000
2852,第一保          ,5000,80000,-75000,0,0,0,0,0,0,0,0,0,0,0,0,0,-75000
1340,勝悅-KY         ,2000,78000,-76000,0,0,0,0,0,0,0,0,0,0,0,0,0,-76000
07084P,S&P正2元富9B售02,0,0,0,0,0,0,0,0,0,-76000,0,0,0,0,76000,-76000,-76000
064489,宏碁元大9C購01  ,0,0,0,0,0,0,0,0,0,-76000,0,0,0,0,76000,-76000,-76000
06616P,國巨元大98售15  ,0,0,0,0,0,0,0,0,0,-76000,0,0,0,0,76000,-76000,-76000
00702,國泰標普低波高息,0,44000,-44000,0,0,0,0,0,0,-32000,0,0,0,0,32000,-32000,-76000
054201,聯詠富邦97購02  ,0,0,0,0,0,0,0,0,0,-76000,0,0,0,0,76000,-76000,-76000
056358,友訊元大99購01  ,0,0,0,0,0,0,0,0,0,-76000,0,0,0,13000,89000,-76000,-76000
05773P,臺股指凱基99售03,0,0,0,0,0,0,0,0,0,-76000,0,0,0,136000,212000,-76000,-76000
058180,華新科國泰9A購01,0,0,0,0,0,0,0,0,0,-76000,0,0,0,54000,130000,-76000,-76000
063494,金像電富邦9B購01,0,0,0,0,0,0,0,0,0,-76000,0,0,0,20000,96000,-76000,-76000
063524,瑞昱凱基9B購05  ,0,0,0,0,0,0,0,0,0,-76000,0,0,0,10000,86000,-76000,-76000
06192P,高股息中信98售01,0,0,0,0,0,0,0,0,0,-76000,0,0,0,73000,149000,-76000,-76000
063992,大立光中信9C購03,0,0,0,0,0,0,0,0,0,-77000,0,0,0,0,77000,-77000,-77000
2030,彰源            ,4000,81000,-77000,0,0,0,0,0,0,0,0,0,0,0,0,0,-77000
08014P,微星凱基9B售02  ,0,0,0,0,0,0,0,0,0,-77000,0,0,0,65000,142000,-77000,-77000
057396,健鼎中信99購01  ,0,0,0,0,0,0,0,0,0,-77000,0,0,0,64000,141000,-77000,-77000
063469,牧德元大9C購02  ,0,0,0,0,0,0,0,0,0,-77000,0,0,0,0,77000,-77000,-77000
07504P,聯詠元大9A售02  ,0,0,0,0,0,0,0,0,0,-78000,0,0,0,132000,210000,-78000,-78000
08149P,祥碩群益9B售07  ,0,0,0,0,0,0,0,0,0,-78000,0,0,0,0,78000,-78000,-78000
08193P,同欣電國票9C售02,0,0,0,0,0,0,0,0,0,-78000,0,0,0,20000,98000,-78000,-78000
064226,TPK國票01購01   ,0,0,0,0,0,0,0,0,0,-78000,0,0,0,0,78000,-78000,-78000
056599,臻鼎元富98購01  ,0,15000,-15000,0,0,0,0,0,0,-63000,0,0,0,17000,80000,-63000,-78000
055205,京鼎中信99購01  ,0,0,0,0,0,0,0,0,0,-78000,0,0,0,50000,128000,-78000,-78000
03857P,聯發科元富99售02,0,0,0,0,0,0,0,0,0,-78000,0,0,0,0,78000,-78000,-78000
058701,鴻海元大99購16  ,0,0,0,0,0,0,0,0,0,-78000,0,0,0,11000,89000,-78000,-78000
058900,旺宏元大99購11  ,0,0,0,0,0,0,0,0,0,-78000,0,0,0,55000,133000,-78000,-78000
060028,國揚永豐99購01  ,0,0,0,0,0,0,0,0,0,-78000,0,0,0,2000,80000,-78000,-78000
061066,嘉晶凱基9B購01  ,0,0,0,0,0,0,0,0,0,-78000,0,0,0,0,78000,-78000,-78000
062735,和大國票9B購01  ,0,0,0,0,0,0,0,0,0,-78000,0,0,0,10000,88000,-78000,-78000
8341,日友            ,16000,73000,-57000,0,0,0,0,19000,-19000,-2000,0,2000,-2000,0,0,0,-78000
9946,三發地產        ,0,78000,-78000,0,0,0,0,0,0,0,0,0,0,0,0,0,-78000
064369,彩晶統一01購01  ,0,0,0,0,0,0,0,0,0,-79000,0,0,0,198000,277000,-79000,-79000
064292,南茂元大01購01  ,0,0,0,0,0,0,0,0,0,-79000,0,0,0,148000,227000,-79000,-79000
063913,貿聯凱基02購01  ,0,0,0,0,0,0,0,0,0,-79000,0,0,0,69000,148000,-79000,-79000
07214P,聯發科凱基9A售04,0,0,0,0,0,0,0,0,0,-79000,0,0,0,0,79000,-79000,-79000
052095,彩晶元大97購01  ,0,0,0,0,0,0,0,0,0,-79000,0,0,0,121000,200000,-79000,-79000
056232,瑞儀凱基98購01  ,0,0,0,0,0,0,0,0,0,-79000,0,0,0,41000,120000,-79000,-79000
058822,樺漢國泰9B購01  ,0,0,0,0,0,0,0,0,0,-79000,0,0,0,11000,90000,-79000,-79000
062573,大毅群益9B購03  ,0,0,0,0,0,0,0,0,0,-79000,0,0,0,0,79000,-79000,-79000
062576,華擎群益9B購02  ,0,0,0,0,0,0,0,0,0,-79000,0,0,0,25000,104000,-79000,-79000
063050,葡萄王統一01購01,0,0,0,0,0,0,0,0,0,-79000,0,0,0,409000,488000,-79000,-79000
061203,國巨元大9A購15  ,0,0,0,0,0,0,0,0,0,-79000,0,0,0,0,79000,-79000,-79000
06921P,台光電凱基98售06,0,0,0,0,0,0,0,0,0,-80000,0,0,0,0,80000,-80000,-80000
06778P,台積電元大99售06,0,0,0,0,0,0,0,0,0,-80000,0,0,0,100000,180000,-80000,-80000
06845P,億光元大98售02  ,0,0,0,0,0,0,0,0,0,-80000,0,0,0,0,80000,-80000,-80000
06517P,國巨凱基98售09  ,0,0,0,0,0,0,0,0,0,-80000,0,0,0,20000,100000,-80000,-80000
063852,瀚宇博元大9C購01,0,0,0,0,0,0,0,0,0,-80000,0,0,0,75000,155000,-80000,-80000
063832,矽創國票01購01  ,0,0,0,0,0,0,0,0,0,-80000,0,0,0,106000,186000,-80000,-80000
063817,GIS群益9C購01   ,0,0,0,0,0,0,0,0,0,-80000,0,0,0,0,80000,-80000,-80000
064186,燿華永豐9C購01  ,0,0,0,0,0,0,0,0,0,-80000,0,0,0,306000,386000,-80000,-80000
08347P,大立光元大9C售16,0,0,0,0,0,0,0,0,0,-80000,0,0,0,20000,100000,-80000,-80000
07327P,台灣50群益9A售06,0,0,0,0,0,0,0,0,0,-80000,0,0,0,0,80000,-80000,-80000
07360P,台積電元大99售46,0,0,0,0,0,0,0,0,0,-80000,0,0,0,0,80000,-80000,-80000
07619P,鴻海統一9A售03  ,0,0,0,0,0,0,0,0,0,-80000,0,0,0,10000,90000,-80000,-80000
07625P,台灣50凱基01售06,0,0,0,0,0,0,0,0,0,-80000,0,0,0,0,80000,-80000,-80000
07894P,燿華元大9B售01  ,0,0,0,0,0,0,0,0,0,-80000,0,0,0,0,80000,-80000,-80000
054978,堤維西元富97購01,0,0,0,0,0,0,0,0,0,-80000,0,0,0,0,80000,-80000,-80000
056399,上証2X群益9C購01,0,0,0,0,0,0,0,0,0,-80000,0,0,0,0,80000,-80000,-80000
053510,聯電群益97購01  ,0,0,0,0,0,0,0,0,0,-80000,0,0,0,0,80000,-80000,-80000
060046,S&P反1凱基99購02,0,0,0,0,0,0,0,0,0,-80000,0,0,0,0,80000,-80000,-80000
059919,宏達電元大99購06,0,0,0,0,0,0,0,0,0,-80000,0,0,0,20000,100000,-80000,-80000
061075,亞德客兆豐9A購01,0,0,0,0,0,0,0,0,0,-80000,0,0,0,132000,212000,-80000,-80000
06167P,欣興國票97售05  ,0,0,0,0,0,0,0,0,0,-80000,0,0,0,0,80000,-80000,-80000
062057,華邦電統一01購01,0,0,0,0,0,0,0,0,0,-80000,0,0,0,100000,180000,-80000,-80000
063089,巨大凱基9C購01  ,0,0,0,0,0,0,0,0,0,-80000,0,0,0,14000,94000,-80000,-80000
06296P,燿華元大98售01  ,0,0,0,0,0,0,0,0,0,-80000,0,0,0,92000,172000,-80000,-80000
063403,鈺齊群益9B購01  ,0,0,0,0,0,0,0,0,0,-80000,0,0,0,102000,182000,-80000,-80000
063350,台表科統一02購02,0,0,0,0,0,0,0,0,0,-80000,0,0,0,100000,180000,-80000,-80000
063392,聯電群益9B購02  ,0,0,0,0,0,0,0,0,0,-80000,0,0,0,0,80000,-80000,-80000
4934,太極            ,212000,292000,-80000,0,0,0,0,0,0,0,0,0,0,0,0,0,-80000
2472,立隆電          ,217000,323000,-106000,0,0,0,0,0,0,26000,26000,0,26000,0,0,0,-80000
063862,世紀鋼國泰02購01,0,0,0,0,0,0,0,0,0,-81000,0,0,0,33000,114000,-81000,-81000
06766P,玉晶光元大99售10,0,0,0,0,0,0,0,0,0,-81000,0,0,0,142000,223000,-81000,-81000
06736P,新日興凱基98售03,0,0,0,0,0,0,0,0,0,-81000,0,0,0,22000,103000,-81000,-81000
053970,聯發科元大97購08,0,0,0,0,0,0,0,0,0,-81000,0,0,0,12000,93000,-81000,-81000
055518,華新科中信99購01,0,0,0,0,0,0,0,0,0,-81000,0,0,0,0,81000,-81000,-81000
058137,玉晶光元大99購11,0,0,0,0,0,0,0,0,0,-81000,0,0,0,422000,503000,-81000,-81000
062556,瑞昱凱基9B購02  ,0,0,0,0,0,0,0,0,0,-81000,0,0,0,2000,83000,-81000,-81000
061865,力山元大9B購01  ,0,0,0,0,0,0,0,0,0,-81000,0,0,0,55000,136000,-81000,-81000
06456P,聯發科統一98售03,0,0,0,0,0,0,0,0,0,-82000,0,0,0,0,82000,-82000,-82000
08395P,燿華永豐9C售02  ,0,0,0,0,0,0,0,0,0,-82000,0,0,0,0,82000,-82000,-82000
060313,淘帝永豐9A購01  ,0,0,0,0,0,0,0,0,0,-82000,0,0,0,0,82000,-82000,-82000
052587,景碩永豐97購01  ,0,0,0,0,0,0,0,0,0,-82000,0,0,0,0,82000,-82000,-82000
059656,T50反1元大99購11,0,0,0,0,0,0,0,0,0,-82000,0,0,0,0,82000,-82000,-82000
058007,南電群益98購02  ,0,0,0,0,0,0,0,0,0,-82000,0,0,0,106000,188000,-82000,-82000
061700,瑞昱國票9A購02  ,0,0,0,0,0,0,0,0,0,-82000,0,0,0,168000,250000,-82000,-82000
063035,燿華凱基9B購02  ,0,0,0,0,0,0,0,0,0,-82000,0,0,0,145000,227000,-82000,-82000
063325,SP黃豆國票9C購02,0,0,0,0,0,0,0,0,0,-82000,0,0,0,0,82000,-82000,-82000
1732,毛寶            ,194000,277000,-83000,0,0,0,0,0,0,0,3000,3000,0,0,0,0,-83000
07879P,瑞昱群益9C售01  ,0,0,0,0,0,0,0,0,0,-83000,0,0,0,0,83000,-83000,-83000
06677P,牧德國票98售02  ,0,0,0,0,0,0,0,0,0,-83000,0,0,0,1000,84000,-83000,-83000
06693P,臺股指凱基98售01,0,0,0,0,0,0,0,0,0,-83000,0,0,0,80000,163000,-83000,-83000
062278,聯發科群益9C購01,0,0,0,0,0,0,0,0,0,-83000,0,0,0,6000,89000,-83000,-83000
2705,六福            ,31000,114000,-83000,0,0,0,0,0,0,0,0,0,0,0,0,0,-83000
3607,谷崧            ,20000,104000,-84000,0,0,0,0,0,0,1000,1000,0,1000,0,0,0,-83000
063964,瑞昱國票01購01  ,0,0,0,0,0,0,0,0,0,-84000,0,0,0,37000,121000,-84000,-84000
08075P,聯電群益9C售01  ,0,0,0,0,0,0,0,0,0,-84000,0,0,0,22000,106000,-84000,-84000
07692P,玉晶光元大9A售11,0,0,0,0,0,0,0,0,0,-84000,0,0,0,0,84000,-84000,-84000
1903,士紙            ,18000,100000,-82000,0,0,0,0,0,0,-2000,0,2000,-2000,0,0,0,-84000
056582,易華電元大98購01,0,0,0,0,0,0,0,0,0,-84000,0,0,0,0,84000,-84000,-84000
058113,百和元富98購01  ,0,0,0,0,0,0,0,0,0,-84000,0,0,0,32000,116000,-84000,-84000
058613,茂林元大99購03  ,0,0,0,0,0,0,0,0,0,-84000,0,0,0,5000,89000,-84000,-84000
058736,鈺齊永豐99購02  ,0,0,0,0,0,0,0,0,0,-84000,0,0,0,30000,114000,-84000,-84000
2642,宅配通          ,223000,307000,-84000,0,0,0,0,0,0,0,0,0,0,0,0,0,-84000
2486,一詮            ,12000,97000,-85000,0,0,0,0,0,0,1000,1000,0,1000,0,0,0,-84000
2495,普安            ,5000,90000,-85000,0,0,0,0,0,0,1000,1000,0,1000,0,0,0,-84000
4540,全球傳動        ,97000,179000,-82000,0,0,0,0,0,0,-2000,0,2000,-2000,0,0,0,-84000
08293P,國巨元大9C售13  ,0,0,0,0,0,0,0,0,0,-85000,0,0,0,0,85000,-85000,-85000
07610P,大立光國票9A售04,0,0,0,0,0,0,0,0,0,-85000,0,0,0,44000,129000,-85000,-85000
07270P,台灣50元大01售09,0,0,0,0,0,0,0,0,0,-85000,0,0,0,0,85000,-85000,-85000
064384,聯電富邦01購01  ,0,0,0,0,0,0,0,0,0,-85000,0,0,0,10000,95000,-85000,-85000
064425,華新科兆豐9C購01,0,0,0,0,0,0,0,0,0,-85000,0,0,0,0,85000,-85000,-85000
06832P,玉晶光凱基98售03,0,0,0,0,0,0,0,0,0,-85000,0,0,0,150000,235000,-85000,-85000
060454,葡萄王元大9A購01,0,0,0,0,0,0,0,0,0,-85000,0,0,0,60000,145000,-85000,-85000
054935,華通元大98購03  ,0,0,0,0,0,0,0,0,0,-85000,0,0,0,23000,108000,-85000,-85000
055736,宏達電元富99購01,0,0,0,0,0,0,0,0,0,-85000,0,0,0,5000,90000,-85000,-85000
053965,聯電元大98購04  ,0,0,0,0,0,0,0,0,0,-85000,0,0,0,40000,125000,-85000,-85000
059882,臺股指凱基9C購06,0,0,0,0,0,0,0,0,0,-85000,0,0,0,16000,101000,-85000,-85000
061449,大立光中信9C購02,0,0,0,0,0,0,0,0,0,-85000,0,0,0,0,85000,-85000,-85000
062954,世芯永豐9B購03  ,0,0,0,0,0,0,0,0,0,-85000,0,0,0,0,85000,-85000,-85000
062904,台光電元大9B購06,0,0,0,0,0,0,0,0,0,-85000,0,0,0,163000,248000,-85000,-85000
4739,康普            ,121000,166000,-45000,0,0,0,0,40000,-40000,0,0,0,0,0,0,0,-85000
06731P,聯茂元大98售05  ,0,0,0,0,0,0,0,0,0,-86000,0,0,0,42000,128000,-86000,-86000
07644P,南電凱基9A售03  ,0,0,0,0,0,0,0,0,0,-86000,0,0,0,1000,87000,-86000,-86000
08191P,鴻海台新9B售03  ,0,0,0,0,0,0,0,0,0,-86000,0,0,0,0,86000,-86000,-86000
08376P,南亞科元富9C售03,0,0,0,0,0,0,0,0,0,-86000,0,0,0,0,86000,-86000,-86000
1513,中興電          ,367000,356000,11000,0,0,0,0,0,0,-97000,24000,9000,15000,0,112000,-112000,-86000
056191,世紀鋼統一97購01,0,0,0,0,0,0,0,0,0,-86000,0,0,0,72000,158000,-86000,-86000
059853,超眾永豐99購03  ,0,0,0,0,0,0,0,0,0,-86000,0,0,0,0,86000,-86000,-86000
060127,牧德永豐99購02  ,0,0,0,0,0,0,0,0,0,-86000,0,0,0,68000,154000,-86000,-86000
062743,微星國泰01購01  ,0,0,0,0,0,0,0,0,0,-86000,0,0,0,0,86000,-86000,-86000
063597,健策中信9B購02  ,0,0,0,0,0,0,0,0,0,-86000,0,0,0,102000,188000,-86000,-86000
4164,承業醫          ,63000,151000,-88000,0,0,0,0,0,0,2000,12000,10000,2000,0,0,0,-86000
1608,華榮            ,25000,112000,-87000,0,0,0,0,0,0,0,0,0,0,0,0,0,-87000
08175P,金像電統一9B售02,0,0,0,0,0,0,0,0,0,-87000,0,0,0,25000,112000,-87000,-87000
07257P,臺股指凱基99售37,0,0,0,0,0,0,0,0,0,-87000,0,0,0,110000,197000,-87000,-87000
07058P,台積電凱基9A售07,0,0,0,0,0,0,0,0,0,-87000,0,0,0,100000,187000,-87000,-87000
06681P,致茂元大98售02  ,0,0,0,0,0,0,0,0,0,-87000,0,0,0,13000,100000,-87000,-87000
064068,義隆永豐9C購01  ,0,0,0,0,0,0,0,0,0,-87000,0,0,0,627000,714000,-87000,-87000
056486,樺漢元大98購04  ,0,0,0,0,0,0,0,0,0,-87000,0,0,0,2000,89000,-87000,-87000
058496,文曄群益99購01  ,0,0,0,0,0,0,0,0,0,-87000,0,0,0,0,87000,-87000,-87000
063749,聯發科國票9C購04,0,75000,-75000,0,0,0,0,0,0,-12000,0,0,0,127000,139000,-12000,-87000
063034,致茂凱基9B購01  ,0,0,0,0,0,0,0,0,0,-87000,0,0,0,222000,309000,-87000,-87000
2431,聯昌            ,63000,150000,-87000,0,0,0,0,0,0,0,0,0,0,0,0,0,-87000
9943,好樂迪          ,10000,99000,-89000,0,0,0,0,0,0,2000,2000,0,2000,0,0,0,-87000
06553P,訊芯元大98售05  ,0,0,0,0,0,0,0,0,0,-88000,0,0,0,12000,100000,-88000,-88000
07247P,聯發科凱基9A售06,0,0,0,0,0,0,0,0,0,-88000,0,0,0,418000,506000,-88000,-88000
060227,和大元大9A購01  ,0,0,0,0,0,0,0,0,0,-88000,0,0,0,0,88000,-88000,-88000
060233,宏碁元大9A購01  ,0,0,0,0,0,0,0,0,0,-88000,0,0,0,93000,181000,-88000,-88000
058098,T50反1國泰9A購02,0,0,0,0,0,0,0,0,0,-88000,0,0,0,23000,111000,-88000,-88000
060826,牧德元大9B購02  ,0,0,0,0,0,0,0,0,0,-88000,0,0,0,12000,100000,-88000,-88000
06278P,臺股指凱基97售10,0,0,0,0,0,0,0,0,0,-88000,0,0,0,0,88000,-88000,-88000
063739,台勝科元大9B購03,0,0,0,0,0,0,0,0,0,-88000,0,0,0,66000,154000,-88000,-88000
063569,美食元大9B購03  ,0,0,0,0,0,0,0,0,0,-88000,0,0,0,57000,145000,-88000,-88000
061866,力山元大9C購01  ,0,0,0,0,0,0,0,0,0,-88000,0,0,0,38000,126000,-88000,-88000
5521,工信            ,368000,441000,-73000,0,0,0,0,0,0,-15000,0,15000,-15000,0,0,0,-88000
08010P,大成鋼元大9B售01,0,0,0,0,0,0,0,0,0,-89000,0,0,0,38000,127000,-89000,-89000
2017,官田鋼          ,17000,106000,-89000,0,0,0,0,0,0,0,0,0,0,0,0,0,-89000
2420,新巨            ,8000,97000,-89000,0,0,0,0,0,0,0,0,0,0,0,0,0,-89000
06867P,訊芯元大98售08  ,0,0,0,0,0,0,0,0,0,-89000,0,0,0,61000,150000,-89000,-89000
060288,群光元大9C購01  ,1000,0,1000,0,0,0,0,0,0,-90000,0,0,0,51000,141000,-90000,-89000
055408,力成國泰98購01  ,0,0,0,0,0,0,0,0,0,-89000,0,0,0,0,89000,-89000,-89000
052077,可成元富98購02  ,0,0,0,0,0,0,0,0,0,-89000,0,0,0,20000,109000,-89000,-89000
050842,旺宏國票97購01  ,0,0,0,0,0,0,0,0,0,-89000,0,0,0,45000,134000,-89000,-89000
061470,鈺齊群益9A購02  ,0,0,0,0,0,0,0,0,0,-89000,0,0,0,0,89000,-89000,-89000
06125P,楠梓電元富99售01,0,0,0,0,0,0,0,0,0,-89000,0,0,0,0,89000,-89000,-89000
060642,華擎永豐9A購02  ,0,0,0,0,0,0,0,0,0,-89000,0,0,0,26000,115000,-89000,-89000
063346,TPK統一9C購01   ,0,0,0,0,0,0,0,0,0,-89000,0,0,0,340000,429000,-89000,-89000
063082,瑞昱凱基9B購04  ,0,0,0,0,0,0,0,0,0,-89000,0,0,0,82000,171000,-89000,-89000
06980P,緯穎永豐99售02  ,0,0,0,0,0,0,0,0,0,-90000,0,0,0,30000,120000,-90000,-90000
07076P,鴻海凱基9A售08  ,0,0,0,0,0,0,0,0,0,-90000,0,0,0,53000,143000,-90000,-90000
07179P,臺股指凱基99售21,0,0,0,0,0,0,0,0,0,-90000,0,0,0,0,90000,-90000,-90000
1104,環泥            ,33000,110000,-77000,0,0,0,0,0,0,-13000,0,13000,-13000,0,0,0,-90000
07251P,台灣50元富01售04,0,0,0,0,0,0,0,0,0,-90000,0,0,0,0,90000,-90000,-90000
07427P,台積電國票9B售02,0,0,0,0,0,0,0,0,0,-90000,0,0,0,0,90000,-90000,-90000
053813,友達群益9A購03  ,0,0,0,0,0,0,0,0,0,-90000,0,0,0,0,90000,-90000,-90000
052849,可成統一97購01  ,0,0,0,0,0,0,0,0,0,-90000,0,0,0,10000,100000,-90000,-90000
060522,鴻海中信9A購03  ,0,0,0,0,0,0,0,0,0,-90000,0,0,0,0,90000,-90000,-90000
060387,盛群凱基9A購01  ,0,0,0,0,0,0,0,0,0,-90000,0,0,0,90000,180000,-90000,-90000
056470,旺宏元大99購01  ,0,0,0,0,0,0,0,0,0,-90000,0,0,0,5000,95000,-90000,-90000
059076,FBVIX元大99購04 ,0,0,0,0,0,0,0,0,0,-90000,0,0,0,0,90000,-90000,-90000
061948,美食群益9B購01  ,0,0,0,0,0,0,0,0,0,-90000,0,0,0,0,90000,-90000,-90000
062336,茂林統一01購02  ,0,0,0,0,0,0,0,0,0,-90000,0,0,0,20000,110000,-90000,-90000
062416,和大統一01購02  ,0,0,0,0,0,0,0,0,0,-90000,0,0,0,813000,903000,-90000,-90000
6108,競國            ,11000,103000,-92000,0,0,0,0,0,0,2000,4000,2000,2000,0,0,0,-90000
3149,正達            ,2000,92000,-90000,0,0,0,0,0,0,0,0,0,0,0,0,0,-90000
3024,憶聲            ,10000,100000,-90000,0,0,0,0,0,0,0,0,0,0,0,0,0,-90000
07166P,台灣50兆豐03售01,0,0,0,0,0,0,0,0,0,-91000,0,0,0,0,91000,-91000,-91000
06851P,鈺齊元大98售01  ,0,0,0,0,0,0,0,0,0,-91000,0,0,0,51000,142000,-91000,-91000
061423,廣達元大9A購01  ,0,0,0,0,0,0,0,0,0,-91000,0,0,0,46000,137000,-91000,-91000
061787,華新科群益9C購01,0,0,0,0,0,0,0,0,0,-91000,0,0,0,32000,123000,-91000,-91000
2459,敦吉            ,5000,96000,-91000,0,0,0,0,0,0,0,0,0,0,0,0,0,-91000
5607,遠雄港          ,200000,290000,-90000,0,0,0,0,0,0,-1000,0,1000,-1000,0,0,0,-91000
8261,富鼎            ,176000,266000,-90000,0,0,0,0,0,0,-1000,0,1000,-1000,0,0,0,-91000
06448P,華通元大99售01  ,0,0,0,0,0,0,0,0,0,-92000,0,0,0,27000,119000,-92000,-92000
06386P,欣興永豐97售03  ,0,0,0,0,0,0,0,0,0,-92000,0,0,0,21000,113000,-92000,-92000
063816,TPK群益9C購01   ,0,0,0,0,0,0,0,0,0,-92000,0,0,0,63000,155000,-92000,-92000
08144P,臺股指凱基02售03,0,0,0,0,0,0,0,0,0,-92000,0,0,0,10000,102000,-92000,-92000
056083,億光統一97購03  ,0,0,0,0,0,0,0,0,0,-92000,0,0,0,122000,214000,-92000,-92000
044247,道瓊反元富97購01,0,0,0,0,0,0,0,0,0,-92000,0,0,0,0,92000,-92000,-92000
061960,國巨統一01購05  ,0,0,0,0,0,0,0,0,0,-92000,0,0,0,16000,108000,-92000,-92000
062042,台勝科凱基9C購01,0,0,0,0,0,0,0,0,0,-92000,0,0,0,63000,155000,-92000,-92000
063013,技嘉元大9B購02  ,0,0,0,0,0,0,0,0,0,-92000,0,0,0,80000,172000,-92000,-92000
3535,晶彩科          ,181000,273000,-92000,0,0,0,0,0,0,0,0,0,0,0,0,0,-92000
08260P,大立光元大9C售08,0,0,0,0,0,0,0,0,0,-93000,0,0,0,0,93000,-93000,-93000
08007P,國泰金中信03售02,0,0,0,0,0,0,0,0,0,-93000,0,0,0,0,93000,-93000,-93000
07098P,台積電元大99售18,0,0,0,0,0,0,0,0,0,-93000,0,0,0,111000,204000,-93000,-93000
055030,帆宣國泰99購02  ,0,0,0,0,0,0,0,0,0,-93000,0,0,0,115000,208000,-93000,-93000
062630,全新國票9B購02  ,0,0,0,0,0,0,0,0,0,-93000,0,0,0,23000,116000,-93000,-93000
063463,瑞昱元大9B購05  ,0,0,0,0,0,0,0,0,0,-93000,0,0,0,57000,150000,-93000,-93000
3048,益登            ,22000,122000,-100000,0,0,0,0,0,0,7000,9000,2000,7000,0,0,0,-93000
064260,矽創富邦9C購01  ,0,0,0,0,0,0,0,0,0,-94000,0,0,0,75000,169000,-94000,-94000
064227,和碩國票01購01  ,0,0,0,0,0,0,0,0,0,-94000,0,0,0,22000,116000,-94000,-94000
08112P,臺股指中信01售07,0,0,0,0,0,0,0,0,0,-94000,0,0,0,399000,493000,-94000,-94000
08255P,國巨元大9C售11  ,0,0,0,0,0,0,0,0,0,-94000,0,0,0,0,94000,-94000,-94000
08139P,華新科元大9B售12,0,0,0,0,0,0,0,0,0,-94000,0,0,0,42000,136000,-94000,-94000
054481,鎧勝中信96購01  ,0,0,0,0,0,0,0,0,0,-94000,0,0,0,0,94000,-94000,-94000
062392,國巨富邦02購01  ,0,0,0,0,0,0,0,0,0,-94000,0,0,0,281000,375000,-94000,-94000
3576,聯合再生        ,1064000,1158000,-94000,0,0,0,0,0,0,0,0,0,0,0,0,0,-94000
2545,皇翔            ,18000,111000,-93000,0,0,0,0,0,0,-1000,0,1000,-1000,0,0,0,-94000
9940,信義            ,57000,215000,-158000,0,0,0,0,0,0,64000,66000,2000,64000,0,0,0,-94000
08127P,聯發科元大9B售21,0,0,0,0,0,0,0,0,0,-95000,0,0,0,6000,101000,-95000,-95000
08333P,大立光富邦02售03,0,0,0,0,0,0,0,0,0,-95000,0,0,0,30000,125000,-95000,-95000
07509P,牧德國票9A售03  ,0,0,0,0,0,0,0,0,0,-95000,0,0,0,0,95000,-95000,-95000
06862P,大立光凱基98售16,0,0,0,0,0,0,0,0,0,-95000,0,0,0,5000,100000,-95000,-95000
056335,微星凱基98購01  ,0,0,0,0,0,0,0,0,0,-95000,0,0,0,0,95000,-95000,-95000
059814,SP黃豆凱基9A購02,0,0,0,0,0,0,0,0,0,-95000,0,0,0,10000,105000,-95000,-95000
059815,SP黃豆凱基9A購03,0,0,0,0,0,0,0,0,0,-95000,0,0,0,5000,100000,-95000,-95000
057460,楠梓電永豐98購03,0,0,0,0,0,0,0,0,0,-95000,0,0,0,0,95000,-95000,-95000
063208,鈺齊統一9C購01  ,0,0,0,0,0,0,0,0,0,-95000,0,0,0,104000,199000,-95000,-95000
06353P,電子類富邦99售02,0,0,0,0,0,0,0,0,0,-95000,0,0,0,0,95000,-95000,-95000
064619,南亞科元大9C購05,0,0,0,0,0,0,0,0,0,-96000,0,0,0,0,96000,-96000,-96000
052764,景碩群益98購01  ,0,0,0,0,0,0,0,0,0,-96000,0,0,0,1000,97000,-96000,-96000
062539,可成國泰01購01  ,0,0,0,0,0,0,0,0,0,-96000,0,0,0,130000,226000,-96000,-96000
07472P,和碩元大9A售03  ,0,0,0,0,0,0,0,0,0,-97000,0,0,0,25000,122000,-97000,-97000
07808P,超眾永豐9A售04  ,0,0,0,0,0,0,0,0,0,-97000,0,0,0,1000,98000,-97000,-97000
08132P,南六元大9B售05  ,0,0,0,0,0,0,0,0,0,-97000,0,0,0,129000,226000,-97000,-97000
08169P,台光電群益9B售04,0,0,0,0,0,0,0,0,0,-97000,0,0,0,50000,147000,-97000,-97000
056168,鴻海元富97購07  ,0,0,0,0,0,0,0,0,0,-97000,0,0,0,1000,98000,-97000,-97000
062986,T50反1中信02購01,0,0,0,0,0,0,0,0,0,-97000,0,0,0,113000,210000,-97000,-97000
063361,台表科國泰01購02,0,0,0,0,0,0,0,0,0,-97000,0,0,0,196000,293000,-97000,-97000
060921,中橡永豐9A購02  ,0,0,0,0,0,0,0,0,0,-97000,0,0,0,0,97000,-97000,-97000
2851,中再保          ,9000,106000,-97000,0,0,0,0,0,0,0,0,0,0,0,0,0,-97000
2478,大毅            ,704000,542000,162000,0,0,0,0,0,0,-259000,0,0,0,2000,261000,-259000,-97000
07999P,台達電凱基9B售02,0,0,0,0,0,0,0,0,0,-98000,0,0,0,57000,155000,-98000,-98000
07225P,台積電元大99售33,0,0,0,0,0,0,0,0,0,-98000,0,0,0,10000,108000,-98000,-98000
064095,鴻海群益01購02  ,0,0,0,0,0,0,0,0,0,-98000,0,0,0,0,98000,-98000,-98000
063847,聯發科元大9C購03,0,0,0,0,0,0,0,0,0,-98000,0,0,0,24000,122000,-98000,-98000
055527,旺宏群益99購03  ,0,0,0,0,0,0,0,0,0,-98000,0,0,0,0,98000,-98000,-98000
056788,日月光群益98購01,0,0,0,0,0,0,0,0,0,-98000,0,0,0,0,98000,-98000,-98000
052076,可成元富98購01  ,0,0,0,0,0,0,0,0,0,-98000,0,0,0,5000,103000,-98000,-98000
03050X,元展47          ,0,0,0,0,0,0,0,0,0,-98000,0,0,0,75000,173000,-98000,-98000
060189,宏達電元富9B購03,0,0,0,0,0,0,0,0,0,-98000,0,0,0,0,98000,-98000,-98000
060907,金像電元大9A購02,0,0,0,0,0,0,0,0,0,-98000,0,0,0,25000,123000,-98000,-98000
061564,華擎國票9A購02  ,0,0,0,0,0,0,0,0,0,-98000,0,0,0,56000,154000,-98000,-98000
062697,國巨元大9C購01  ,0,0,0,0,0,0,0,0,0,-98000,0,0,0,0,98000,-98000,-98000
06618P,智邦元大98售04  ,0,0,0,0,0,0,0,0,0,-99000,0,0,0,112000,211000,-99000,-99000
07559P,祥碩元大9A售03  ,0,0,0,0,0,0,0,0,0,-99000,0,0,0,10000,109000,-99000,-99000
050170,臺指反元大97購02,0,0,0,0,0,0,0,0,0,-99000,0,0,0,81000,180000,-99000,-99000
054421,臺股指元大99購03,0,0,0,0,0,0,0,0,0,-99000,0,0,0,0,99000,-99000,-99000
056174,億光元富97購01  ,0,0,0,0,0,0,0,0,0,-99000,0,0,0,0,99000,-99000,-99000
062992,聯發科群益9B購09,0,0,0,0,0,0,0,0,0,-99000,0,0,0,10000,109000,-99000,-99000
062028,晶技群益9B購01  ,0,0,0,0,0,0,0,0,0,-99000,0,0,0,0,99000,-99000,-99000
4725,信昌化          ,1000,100000,-99000,0,0,0,0,0,0,0,0,0,0,0,0,0,-99000
07543P,台積電凱基9A售17,0,0,0,0,0,0,0,0,0,-100000,0,0,0,0,100000,-100000,-100000
07520P,臺股指元大9B售11,0,0,0,0,0,0,0,0,0,-100000,0,0,0,0,100000,-100000,-100000
07638P,長榮航國票9A售01,0,0,0,0,0,0,0,0,0,-100000,0,0,0,31000,131000,-100000,-100000
07688P,華通元大9A售07  ,0,0,0,0,0,0,0,0,0,-100000,0,0,0,0,100000,-100000,-100000
07706P,長榮航元大9A售03,0,0,0,0,0,0,0,0,0,-100000,0,0,0,0,100000,-100000,-100000
07710P,華擎元大9A售05  ,0,0,0,0,0,0,0,0,0,-100000,0,0,0,0,100000,-100000,-100000
07712P,茂林元大9A售03  ,0,0,0,0,0,0,0,0,0,-100000,0,0,0,0,100000,-100000,-100000
07411P,國巨元大99售31  ,0,0,0,0,0,0,0,0,0,-100000,0,0,0,0,100000,-100000,-100000
07334P,臺股指國票99售19,0,0,0,0,0,0,0,0,0,-100000,0,0,0,0,100000,-100000,-100000
07766P,美律群益9A售03  ,0,0,0,0,0,0,0,0,0,-100000,0,0,0,0,100000,-100000,-100000
07885P,長榮航凱基9B售01,0,0,0,0,0,0,0,0,0,-100000,0,0,0,0,100000,-100000,-100000
08187P,大毅群益9B售04  ,0,0,0,0,0,0,0,0,0,-100000,0,0,0,115000,215000,-100000,-100000
06617P,智邦元大98售03  ,0,0,0,0,0,0,0,0,0,-100000,0,0,0,0,100000,-100000,-100000
06483P,聯發科凱基98售10,0,0,0,0,0,0,0,0,0,-100000,0,0,0,0,100000,-100000,-100000
07109P,聯發科中信9B售02,0,0,0,0,0,0,0,0,0,-100000,0,0,0,0,100000,-100000,-100000
07069P,欣興元富99售02  ,0,0,0,0,0,0,0,0,0,-100000,0,0,0,0,100000,-100000,-100000
07051P,大立光中信99售02,0,0,0,0,0,0,0,0,0,-100000,0,0,0,0,100000,-100000,-100000
06859P,元金2X中信9C售01,0,0,0,0,0,0,0,0,0,-100000,0,0,0,1000,101000,-100000,-100000
06949P,台表科元大99售01,0,0,0,0,0,0,0,0,0,-100000,0,0,0,0,100000,-100000,-100000
063792,香港反凱基9C購01,0,0,0,0,0,0,0,0,0,-100000,0,0,0,0,100000,-100000,-100000
063901,緯穎群益9C購01  ,0,0,0,0,0,0,0,0,0,-100000,0,0,0,37000,137000,-100000,-100000
064331,微星元大9C購03  ,0,0,0,0,0,0,0,0,0,-100000,0,0,0,0,100000,-100000,-100000
060420,神基永豐9A購01  ,0,0,0,0,0,0,0,0,0,-100000,0,0,0,0,100000,-100000,-100000
057001,華邦電國票99購02,0,0,0,0,0,0,0,0,0,-100000,0,0,0,0,100000,-100000,-100000
055340,華新科日盛97購01,0,0,0,0,0,0,0,0,0,-100000,0,0,0,5993000,6093000,-100000,-100000
055373,聯詠元大97購03  ,0,0,0,0,0,0,0,0,0,-100000,0,0,0,0,100000,-100000,-100000
054237,茂林群益97購01  ,0,0,0,0,0,0,0,0,0,-100000,0,0,0,0,100000,-100000,-100000
049130,臺指反元大98購01,0,0,0,0,0,0,0,0,0,-100000,0,0,0,0,100000,-100000,-100000
052594,友訊群益98購01  ,0,0,0,0,0,0,0,0,0,-100000,0,0,0,0,100000,-100000,-100000
05413P,台郡國票96售02  ,0,0,0,0,0,0,0,0,0,-100000,0,0,0,0,100000,-100000,-100000
054037,T50反1元大96購09,0,0,0,0,0,0,0,0,0,-100000,0,0,0,0,100000,-100000,-100000
053107,旺宏兆豐97購01  ,0,0,0,0,0,0,0,0,0,-100000,0,0,0,0,100000,-100000,-100000
056678,力成元富98購01  ,0,0,0,0,0,0,0,0,0,-100000,0,0,0,0,100000,-100000,-100000
054828,正崴國泰99購01  ,0,0,0,0,0,0,0,0,0,-100000,0,0,0,0,100000,-100000,-100000
06070P,漢唐永豐97售01  ,0,0,0,0,0,0,0,0,0,-100000,0,0,0,0,100000,-100000,-100000
058125,元油2X元大9C購01,0,0,0,0,0,0,0,0,0,-100000,0,0,0,0,100000,-100000,-100000
059165,南亞科凱基99購04,0,0,0,0,0,0,0,0,0,-100000,0,0,0,0,100000,-100000,-100000
059273,臺指反元大9C購03,0,0,0,0,0,0,0,0,0,-100000,0,0,0,0,100000,-100000,-100000
057370,可成元大98購07  ,0,0,0,0,0,0,0,0,0,-100000,0,0,0,4000,104000,-100000,-100000
059895,T50反1元大99購12,0,0,0,0,0,0,0,0,0,-100000,0,0,0,0,100000,-100000,-100000
057738,旺宏富邦9A購01  ,0,0,0,0,0,0,0,0,0,-100000,0,0,0,0,100000,-100000,-100000
058279,FBVIX中信03購03 ,0,0,0,0,0,0,0,0,0,-100000,0,0,0,0,100000,-100000,-100000
061990,台勝科元大9C購01,0,0,0,0,0,0,0,0,0,-100000,0,0,0,16000,116000,-100000,-100000
06154P,超眾元大98售01  ,0,0,0,0,0,0,0,0,0,-100000,0,0,0,0,100000,-100000,-100000
062949,聯發科富邦01購01,0,0,0,0,0,0,0,0,0,-100000,0,0,0,0,100000,-100000,-100000
063076,柏文永豐9B購02  ,0,0,0,0,0,0,0,0,0,-100000,0,0,0,0,100000,-100000,-100000
063386,國巨兆豐9B購04  ,0,0,0,0,0,0,0,0,0,-100000,0,0,0,0,100000,-100000,-100000
063531,台表科凱基9B購04,0,0,0,0,0,0,0,0,0,-100000,0,0,0,0,100000,-100000,-100000
064029,宏達電元大9C購01,0,0,0,0,0,0,0,0,0,-101000,0,0,0,112000,213000,-101000,-101000
06523P,台積電麥證98售02,0,0,0,0,101000,-101000,0,0,0,-101000,0,0,0,0,101000,-101000,-101000
06593P,欣興元大98售05  ,0,0,0,0,0,0,0,0,0,-101000,0,0,0,31000,132000,-101000,-101000
064522,華擎群益01購01  ,0,0,0,0,0,0,0,0,0,-101000,0,0,0,0,101000,-101000,-101000
2415,錩新            ,18000,119000,-101000,0,0,0,0,0,0,0,0,0,0,0,0,0,-101000
07967P,力山元大9B售03  ,0,0,0,0,0,0,0,0,0,-101000,0,0,0,15000,116000,-101000,-101000
055026,健和興國泰98購01,0,0,0,0,0,0,0,0,0,-101000,0,0,0,0,101000,-101000,-101000
057849,南茂永豐98購02  ,0,0,0,0,0,0,0,0,0,-101000,0,0,0,109000,210000,-101000,-101000
058054,台積電統一9C購01,10000,0,10000,0,0,0,0,0,0,-111000,0,0,0,1578000,1689000,-111000,-101000
057197,立積台新98購01  ,0,0,0,0,0,0,0,0,0,-101000,0,0,0,13000,114000,-101000,-101000
063237,微星元大9B購02  ,0,0,0,0,0,0,0,0,0,-101000,0,0,0,69000,170000,-101000,-101000
061398,力成中信9A購01  ,0,0,0,0,0,0,0,0,0,-101000,0,0,0,105000,206000,-101000,-101000
061202,和大元大9A購02  ,0,0,0,0,0,0,0,0,0,-101000,0,0,0,29000,130000,-101000,-101000
3583,辛耘            ,7000,109000,-102000,0,0,0,0,0,0,1000,1000,0,1000,0,0,0,-101000
07365P,超眾元大99售07  ,0,0,0,0,0,0,0,0,0,-102000,0,0,0,0,102000,-102000,-102000
1527,鑽全            ,62000,164000,-102000,0,0,0,0,0,0,0,0,0,0,0,0,0,-102000
07034P,大立光元富99售03,0,0,0,0,0,0,0,0,0,-102000,0,0,0,105000,207000,-102000,-102000
058195,鈺齊永豐99購01  ,0,0,0,0,0,0,0,0,0,-102000,0,0,0,0,102000,-102000,-102000
057909,台光電兆豐98購01,0,0,0,0,0,0,0,0,0,-102000,0,0,0,7000,109000,-102000,-102000
061650,南電元大9A購07  ,0,0,0,0,0,0,0,0,0,-102000,0,0,0,166000,268000,-102000,-102000
062180,瑞昱元大9B購03  ,0,0,0,0,0,0,0,0,0,-102000,0,0,0,3000,105000,-102000,-102000
063127,TPK元大9B購02   ,0,0,0,0,0,0,0,0,0,-102000,0,0,0,170000,272000,-102000,-102000
062955,立積永豐9B購02  ,0,0,0,0,0,0,0,0,0,-102000,0,0,0,91000,193000,-102000,-102000
3047,訊舟            ,57000,158000,-101000,0,0,0,0,0,0,-1000,1000,2000,-1000,0,0,0,-102000
3004,豐達科          ,116000,218000,-102000,0,0,0,0,0,0,0,0,0,0,0,0,0,-102000
07048P,台積電中信03售01,0,0,0,0,0,0,0,0,0,-103000,0,0,0,20000,123000,-103000,-103000
064399,和大凱基02購01  ,0,0,0,0,0,0,0,0,0,-103000,0,0,0,33000,136000,-103000,-103000
1507,永大            ,39000,131000,-92000,0,0,0,0,0,0,-11000,0,11000,-11000,0,0,0,-103000
055675,亞德客凱基97購02,0,0,0,0,0,0,0,0,0,-103000,0,0,0,7000,110000,-103000,-103000
060484,聯發科富邦9C購02,0,0,0,0,0,0,0,0,0,-103000,0,0,0,60000,163000,-103000,-103000
063357,聯發科國泰01購04,0,0,0,0,0,0,0,0,0,-103000,0,0,0,33000,136000,-103000,-103000
2331,精英            ,84000,199000,-115000,0,0,0,0,0,0,11000,14000,3000,11000,0,0,0,-104000
08210P,健策元富9B售02  ,0,0,0,0,0,0,0,0,0,-104000,0,0,0,18000,122000,-104000,-104000
07590P,玉晶光國票9A售03,0,0,0,0,0,0,0,0,0,-104000,0,0,0,12000,116000,-104000,-104000
059901,滬深2X元大9C購07,0,0,0,0,0,0,0,0,0,-104000,0,0,0,0,104000,-104000,-104000
062877,可成兆豐9C購01  ,0,0,0,0,0,0,0,0,0,-104000,0,0,0,49000,153000,-104000,-104000
062162,世紀鋼凱基9B購03,0,0,0,0,0,0,0,0,0,-104000,0,0,0,0,104000,-104000,-104000
3031,佰鴻            ,7000,111000,-104000,0,0,0,0,0,0,0,1000,1000,0,0,0,0,-104000
2850,新產            ,5000,99000,-94000,0,0,0,0,0,0,-10000,0,10000,-10000,0,0,0,-104000
1321,大洋            ,1000,105000,-104000,0,0,0,0,0,0,-1000,0,1000,-1000,0,0,0,-105000
06438P,玉晶光國票99售02,0,0,0,0,0,0,0,0,0,-105000,0,0,0,78000,183000,-105000,-105000
06991P,矽創群益99售01  ,0,0,0,0,0,0,0,0,0,-105000,0,0,0,20000,125000,-105000,-105000
064616,智邦元大9C購04  ,0,0,0,0,0,0,0,0,0,-105000,0,0,0,19000,124000,-105000,-105000
056548,瀚宇博凱基98購02,0,0,0,0,0,0,0,0,0,-105000,0,0,0,28000,133000,-105000,-105000
055916,奇鋐凱基99購01  ,0,0,0,0,0,0,0,0,0,-105000,0,0,0,25000,130000,-105000,-105000
056693,國產群益98購01  ,0,0,0,0,0,0,0,0,0,-105000,0,0,0,0,105000,-105000,-105000
053651,台光電凱基98購01,0,0,0,0,0,0,0,0,0,-105000,0,0,0,0,105000,-105000,-105000
059865,國巨凱基01購01  ,0,0,0,0,0,0,0,0,0,-105000,0,0,0,235000,340000,-105000,-105000
058468,聯茂中信99購02  ,0,0,0,0,0,0,0,0,0,-105000,0,0,0,0,105000,-105000,-105000
061961,台積電統一01購02,0,0,0,0,0,0,0,0,0,-105000,0,0,0,0,105000,-105000,-105000
063039,大立光凱基9C購02,0,0,0,0,0,0,0,0,0,-105000,0,0,0,50000,155000,-105000,-105000
063253,巨大元大9B購03  ,0,0,0,0,0,0,0,0,0,-105000,0,0,0,86000,191000,-105000,-105000
063586,燿華永豐9B購02  ,0,0,0,0,0,0,0,0,0,-105000,0,0,0,213000,318000,-105000,-105000
5234,達興材料        ,26000,71000,-45000,0,0,0,0,60000,-60000,0,0,0,0,0,0,0,-105000
08380P,GIS元大9C售06   ,0,0,0,0,0,0,0,0,0,-106000,0,0,0,0,106000,-106000,-106000
054308,嘉晶凱基98購01  ,0,0,0,0,0,0,0,0,0,-106000,0,0,0,22000,128000,-106000,-106000
3010,華立            ,113000,216000,-103000,0,0,0,0,0,0,-3000,0,3000,-3000,0,0,0,-106000
08328P,國巨國票9C售07  ,0,0,0,0,0,0,0,0,0,-107000,0,0,0,0,107000,-107000,-107000
07867P,晶技元大9B售01  ,0,0,0,0,0,0,0,0,0,-107000,0,0,0,11000,118000,-107000,-107000
03669C,滬深2X元富09牛01,0,0,0,0,0,0,0,0,0,-107000,0,0,0,0,107000,-107000,-107000
053056,同欣電國票97購01,0,0,0,0,0,0,0,0,0,-107000,0,0,0,7000,114000,-107000,-107000
056584,鴻海統一9B購01  ,0,0,0,0,0,0,0,0,0,-107000,0,0,0,1468000,1575000,-107000,-107000
060435,鈺齊永豐9A購01  ,0,0,0,0,0,0,0,0,0,-107000,0,0,0,168000,275000,-107000,-107000
057074,立積永豐98購01  ,0,0,0,0,0,0,0,0,0,-107000,0,0,0,10000,117000,-107000,-107000
057325,可成群益9A購01  ,0,0,0,0,0,0,0,0,0,-107000,0,0,0,17000,124000,-107000,-107000
061180,華擎凱基9B購01  ,0,0,0,0,0,0,0,0,0,-107000,0,0,0,7000,114000,-107000,-107000
2538,基泰            ,14000,118000,-104000,0,0,0,0,0,0,-3000,0,3000,-3000,0,0,0,-107000
064482,微星永豐9C購01  ,0,0,0,0,0,0,0,0,0,-108000,0,0,0,0,108000,-108000,-108000
064469,臻鼎元富9C購01  ,0,0,0,0,0,0,0,0,0,-108000,0,0,0,0,108000,-108000,-108000
056444,南亞科凱基99購01,0,0,0,0,0,0,0,0,0,-108000,0,0,0,7000,115000,-108000,-108000
056227,奇力新凱基98購04,0,0,0,0,0,0,0,0,0,-108000,0,0,0,0,108000,-108000,-108000
056275,國巨國泰98購04  ,0,0,0,0,0,0,0,0,0,-108000,0,0,0,0,108000,-108000,-108000
052893,聯電群益98購01  ,0,0,0,0,0,0,0,0,0,-108000,0,0,0,52000,160000,-108000,-108000
060023,T50反1國泰9A購03,0,0,0,0,0,0,0,0,0,-108000,0,0,0,27000,135000,-108000,-108000
063590,華擎永豐9B購01  ,0,0,0,0,0,0,0,0,0,-108000,0,0,0,0,108000,-108000,-108000
061195,健策永豐9B購02  ,0,0,0,0,0,0,0,0,0,-108000,0,0,0,27000,135000,-108000,-108000
1303,南亞            ,3262000,3144782,117218,0,0,0,0,151000,-151000,-75000,0,65000,-65000,0,10000,-10000,-108782
07838P,泰碩元大9A售04  ,0,0,0,0,0,0,0,0,0,-109000,0,0,0,31000,140000,-109000,-109000
07754P,日月光元大9A售02,0,0,0,0,0,0,0,0,0,-109000,0,0,0,9000,118000,-109000,-109000
06496P,台灣50日盛98售01,0,0,0,0,0,0,0,0,0,-109000,0,0,0,5000,114000,-109000,-109000
06765P,欣興元大98售11  ,0,0,0,0,0,0,0,0,0,-109000,0,0,0,77000,186000,-109000,-109000
055648,可成元富97購01  ,0,0,0,0,0,0,0,0,0,-109000,0,0,0,380000,489000,-109000,-109000
060786,聯發科富邦9B購06,0,0,0,0,0,0,0,0,0,-109000,0,0,0,8000,117000,-109000,-109000
061867,旺宏元大9B購02  ,0,0,0,0,0,0,0,0,0,-109000,0,0,0,5000,114000,-109000,-109000
063442,金像電統一01購01,0,0,0,0,0,0,0,0,0,-109000,0,0,0,0,109000,-109000,-109000
06925P,致茂群益9A售02  ,0,0,0,0,0,0,0,0,0,-110000,0,0,0,0,110000,-110000,-110000
06551P,貿聯元大98售05  ,0,0,0,0,0,0,0,0,0,-110000,0,0,0,53000,163000,-110000,-110000
064466,聯電元富9C購01  ,0,0,0,0,0,0,0,0,0,-110000,0,0,0,0,110000,-110000,-110000
063860,旺宏國泰02購01  ,0,0,0,0,0,0,0,0,0,-110000,0,0,0,30000,140000,-110000,-110000
07990P,緯穎凱基9B售02  ,0,0,0,0,0,0,0,0,0,-110000,0,0,0,131000,241000,-110000,-110000
07368P,國巨凱基99售19  ,0,0,0,0,0,0,0,0,0,-110000,0,0,0,0,110000,-110000,-110000
08170P,緯穎群益9B售03  ,0,0,0,0,0,0,0,0,0,-110000,0,0,0,0,110000,-110000,-110000
055497,開發金元大97購01,0,0,0,0,0,0,0,0,0,-110000,0,0,0,0,110000,-110000,-110000
056353,鴻海元大99購02  ,0,0,0,0,0,0,0,0,0,-110000,0,0,0,0,110000,-110000,-110000
054406,旺宏國票98購01  ,0,0,0,0,0,0,0,0,0,-110000,0,0,0,0,110000,-110000,-110000
061179,華擎凱基9A購01  ,0,0,0,0,0,0,0,0,0,-110000,0,0,0,10000,120000,-110000,-110000
057275,友達元大9A購04  ,0,0,0,0,0,0,0,0,0,-110000,0,0,0,30000,140000,-110000,-110000
062228,南六統一02購01  ,0,0,0,0,0,0,0,0,0,-110000,0,0,0,0,110000,-110000,-110000
06230P,亞德客永豐97售03,0,0,0,0,0,0,0,0,0,-110000,0,0,0,0,110000,-110000,-110000
06684P,緯穎元大98售06  ,0,0,0,0,0,0,0,0,0,-111000,0,0,0,0,111000,-111000,-111000
053088,奇鋐元大98購01  ,0,0,0,0,0,0,0,0,0,-111000,0,0,0,0,111000,-111000,-111000
060470,台勝科元大9A購03,0,0,0,0,0,0,0,0,0,-111000,0,0,0,28000,139000,-111000,-111000
05677P,玉晶光群益98售03,0,0,0,0,0,0,0,0,0,-111000,0,0,0,0,111000,-111000,-111000
063493,金像電富邦01購01,0,0,0,0,0,0,0,0,0,-111000,0,0,0,50000,161000,-111000,-111000
2615,萬海            ,258000,360000,-102000,0,0,0,0,5000,-5000,-4000,0,4000,-4000,0,0,0,-111000
6024,群益期          ,19000,130000,-111000,0,0,0,0,0,0,0,0,0,0,0,0,0,-111000
06902P,聯電凱基98售02  ,0,0,0,0,0,0,0,0,0,-112000,0,0,0,22000,134000,-112000,-112000
06846P,美律元大98售05  ,0,0,0,0,0,0,0,0,0,-112000,0,0,0,0,112000,-112000,-112000
064114,南茂國票01購01  ,0,0,0,0,0,0,0,0,0,-112000,0,0,0,20000,132000,-112000,-112000
2359,所羅門          ,7000,120000,-113000,0,0,0,0,0,0,1000,1000,0,1000,0,0,0,-112000
057279,國揚元大98購01  ,0,0,0,0,0,0,0,0,0,-112000,0,0,0,11000,123000,-112000,-112000
061105,宏達電元大9A購04,0,0,0,0,0,0,0,0,0,-112000,0,0,0,0,112000,-112000,-112000
062476,神隆國票9B購01  ,0,0,0,0,0,0,0,0,0,-112000,0,0,0,38000,150000,-112000,-112000
062506,巨大群益9C購01  ,0,0,0,0,0,0,0,0,0,-112000,0,0,0,23000,135000,-112000,-112000
08220P,華邦電凱基9B售02,0,0,0,0,0,0,0,0,0,-113000,0,0,0,10000,123000,-113000,-113000
064286,TPK元大9C購02   ,0,0,0,0,0,0,0,0,0,-113000,0,0,0,111000,224000,-113000,-113000
063813,瑞昱群益9C購02  ,0,0,0,0,0,0,0,0,0,-113000,0,0,0,103000,216000,-113000,-113000
06735P,奇力新凱基98售07,0,0,0,0,0,0,0,0,0,-113000,0,0,0,8000,121000,-113000,-113000
058515,健鼎元大99購01  ,0,0,0,0,0,0,0,0,0,-113000,0,0,0,20000,133000,-113000,-113000
062246,力山元大9B購02  ,0,0,0,0,0,0,0,0,0,-113000,0,0,0,12000,125000,-113000,-113000
061370,晶技國泰9C購01  ,0,0,0,0,0,0,0,0,0,-113000,0,0,0,7000,120000,-113000,-113000
061571,奇力新元大9A購03,0,0,0,0,0,0,0,0,0,-113000,0,0,0,0,113000,-113000,-113000
3050,鈺德            ,3000,117000,-114000,0,0,0,0,0,0,1000,1000,0,1000,0,0,0,-113000
064197,智伸科群益9C購01,0,0,0,0,0,0,0,0,0,-114000,0,0,0,0,114000,-114000,-114000
07494P,葡萄王元大9A售03,0,0,0,0,0,0,0,0,0,-114000,0,0,0,0,114000,-114000,-114000
07675P,全新永豐9A售02  ,0,0,0,0,0,0,0,0,0,-114000,0,0,0,5000,119000,-114000,-114000
056202,國揚永豐97購01  ,0,0,0,0,0,0,0,0,0,-114000,0,0,0,1000,115000,-114000,-114000
056849,瀚宇博元富98購01,0,0,0,0,0,0,0,0,0,-114000,0,0,0,118000,232000,-114000,-114000
062606,聯電凱基9C購02  ,0,0,0,0,0,0,0,0,0,-114000,0,0,0,15000,129000,-114000,-114000
07889P,旭富國票9B售01  ,0,0,0,0,0,0,0,0,0,-115000,0,0,0,109000,224000,-115000,-115000
08313P,健策國票01售01  ,0,0,0,0,0,0,0,0,0,-115000,0,0,0,10000,125000,-115000,-115000
064338,美食元大9C購01  ,0,0,0,0,0,0,0,0,0,-115000,0,0,0,0,115000,-115000,-115000
06584P,欣興凱基98售03  ,0,0,0,0,0,0,0,0,0,-115000,0,0,0,0,115000,-115000,-115000
053276,友達元大9C購01  ,0,0,0,0,0,0,0,0,0,-115000,0,0,0,28000,143000,-115000,-115000
046937,聯電元大99購01  ,0,0,0,0,0,0,0,0,0,-115000,0,0,0,0,115000,-115000,-115000
063559,力山元大9B購04  ,0,0,0,0,0,0,0,0,0,-115000,0,0,0,10000,125000,-115000,-115000
1337,再生-KY         ,28200,145000,-116800,0,0,0,0,0,0,1000,2000,1000,1000,0,0,0,-115800
08146P,台積電群益9B售08,0,0,0,0,0,0,0,0,0,-116000,0,0,0,0,116000,-116000,-116000
057010,景碩中信98購01  ,0,0,0,0,0,0,0,0,0,-116000,0,0,0,249000,365000,-116000,-116000
063261,康控富邦03購01  ,0,0,0,0,0,0,0,0,0,-116000,0,0,0,10000,126000,-116000,-116000
062285,台勝科群益9B購01,0,0,0,0,0,0,0,0,0,-116000,0,0,0,43000,159000,-116000,-116000
5305,敦南            ,13000,134000,-121000,0,0,0,0,0,0,5000,7000,2000,5000,0,0,0,-116000
2707,晶華            ,16000,133347,-117347,0,0,0,0,0,0,1000,4000,3000,1000,0,0,0,-116347
08214P,南六統一9B售03  ,0,0,0,0,0,0,0,0,0,-117000,0,0,0,323000,440000,-117000,-117000
048652,巨大元大96購01  ,0,0,0,0,0,0,0,0,0,-117000,0,0,0,23000,140000,-117000,-117000
063577,台表科元大9C購04,0,0,0,0,0,0,0,0,0,-117000,0,0,0,25000,142000,-117000,-117000
063922,大立光元富9C購04,0,0,0,0,0,0,0,0,0,-118000,0,0,0,68000,186000,-118000,-118000
063998,聯發科兆豐9C購02,0,0,0,0,0,0,0,0,0,-118000,0,0,0,25000,143000,-118000,-118000
061087,國巨統一01購04  ,0,0,0,0,0,0,0,0,0,-118000,0,0,0,52000,170000,-118000,-118000
2476,鉅祥            ,0,118000,-118000,0,0,0,0,0,0,0,0,0,0,0,0,0,-118000
06432P,上銀群益98售01  ,0,0,0,0,0,0,0,0,0,-119000,0,0,0,12000,131000,-119000,-119000
07190P,臺股指富邦9C售02,0,0,0,0,0,0,0,0,0,-119000,0,0,0,1000,120000,-119000,-119000
07636P,鴻海國票9A售05  ,0,0,0,0,0,0,0,0,0,-119000,0,0,0,0,119000,-119000,-119000
03446B,臺股指元大9B熊26,0,0,0,0,0,0,0,0,0,-119000,0,0,0,47000,166000,-119000,-119000
060072,國巨元富99購04  ,0,0,0,0,0,0,0,0,0,-119000,0,0,0,0,119000,-119000,-119000
057841,茂林富邦9A購02  ,0,0,0,0,0,0,0,0,0,-119000,0,0,0,0,119000,-119000,-119000
062915,嘉澤元大9B購03  ,0,0,0,0,0,0,0,0,0,-119000,0,0,0,137000,256000,-119000,-119000
07615P,華通中信02售02  ,0,0,0,0,0,0,0,0,0,-120000,0,0,0,0,120000,-120000,-120000
1473,台南            ,19000,139000,-120000,0,0,0,0,0,0,0,0,0,0,0,0,0,-120000
06974P,臺股指元大9A售12,0,0,0,0,0,0,0,0,0,-120000,0,0,0,0,120000,-120000,-120000
063806,瀚宇博兆豐01購01,0,0,0,0,0,0,0,0,0,-120000,0,0,0,116000,236000,-120000,-120000
047504,滬深2X國票9A購01,0,0,0,0,0,0,0,0,0,-120000,0,0,0,0,120000,-120000,-120000
054158,國巨日盛99購01  ,0,0,0,0,0,0,0,0,0,-120000,0,0,0,0,120000,-120000,-120000
056774,和鑫元大98購01  ,0,0,0,0,0,0,0,0,0,-120000,0,0,0,0,120000,-120000,-120000
059944,欣興永豐99購03  ,0,0,0,0,0,0,0,0,0,-120000,0,0,0,355000,475000,-120000,-120000
058557,健策第一01購01  ,0,0,0,0,0,0,0,0,0,-120000,0,0,0,112000,232000,-120000,-120000
058273,同欣電永豐99購01,0,0,0,0,0,0,0,0,0,-120000,0,0,0,0,120000,-120000,-120000
057320,玉晶光凱基98購01,0,0,0,0,0,0,0,0,0,-120000,0,0,0,112000,232000,-120000,-120000
060162,碩天永豐9A購01  ,0,0,0,0,0,0,0,0,0,-120000,0,0,0,0,120000,-120000,-120000
3033,威健            ,35000,160000,-125000,0,0,0,0,0,0,5000,5000,0,5000,0,0,0,-120000
1449,佳和            ,75000,181000,-106000,0,0,0,0,0,0,-15000,0,15000,-15000,0,0,0,-121000
08206P,鴻海群益9C售03  ,0,0,0,0,0,0,0,0,0,-121000,0,0,0,0,121000,-121000,-121000
08348P,貿聯元大9C售01  ,0,0,0,0,0,0,0,0,0,-121000,0,0,0,0,121000,-121000,-121000
062667,立積群益9B購01  ,0,0,0,0,0,0,0,0,0,-121000,0,0,0,0,121000,-121000,-121000
060944,國泰金國票9A購01,0,0,0,0,0,0,0,0,0,-121000,0,0,0,1000,122000,-121000,-121000
4722,國精化          ,11000,132000,-121000,0,0,0,0,0,0,0,0,0,0,0,0,0,-121000
2419,仲琦            ,26000,149000,-123000,0,0,0,0,0,0,1000,1000,0,1000,0,0,0,-122000
07843P,緯穎元大9A售05  ,0,0,0,0,0,0,0,0,0,-122000,0,0,0,0,122000,-122000,-122000
07947P,國巨統一9B售12  ,0,0,0,0,0,0,0,0,0,-122000,0,0,0,0,122000,-122000,-122000
064110,國巨國票01購01  ,0,0,0,0,0,0,0,0,0,-122000,0,0,0,13000,135000,-122000,-122000
07148P,富邦金元大99售01,0,0,0,0,0,0,0,0,0,-122000,0,0,0,49000,171000,-122000,-122000
05708P,奇力新國票97售04,0,0,0,0,0,0,0,0,0,-122000,0,0,0,1000,123000,-122000,-122000
4560,強信-KY         ,211000,333000,-122000,0,0,0,0,0,0,0,0,0,0,0,0,0,-122000
07951P,智邦元大9B售05  ,0,0,0,0,0,0,0,0,0,-123000,0,0,0,0,123000,-123000,-123000
08305P,茂林群益9C售01  ,0,0,0,0,0,0,0,0,0,-123000,0,0,0,50000,173000,-123000,-123000
053400,緯穎中信9A購01  ,0,0,0,0,0,0,0,0,0,-123000,0,0,0,22000,145000,-123000,-123000
053381,友達元大9A購02  ,0,0,0,0,0,0,0,0,0,-123000,0,0,0,136000,259000,-123000,-123000
059450,和大永豐99購01  ,0,0,0,0,0,0,0,0,0,-123000,0,0,0,15000,138000,-123000,-123000
061603,瑞昱凱基9A購02  ,0,0,0,0,0,0,0,0,0,-123000,0,0,0,35000,158000,-123000,-123000
062369,創意元大9B購01  ,0,0,0,0,0,0,0,0,0,-123000,0,0,0,7000,130000,-123000,-123000
6541,泰福-KY         ,12000,131000,-119000,0,0,0,0,0,0,-4000,0,4000,-4000,0,0,0,-123000
2393,億光            ,662000,816000,-154000,0,0,0,0,0,0,30000,15000,3000,12000,39000,21000,18000,-124000
1808,潤隆            ,9000,132000,-123000,0,0,0,0,0,0,-1000,0,1000,-1000,0,0,0,-124000
08072P,祥碩永豐9B售03  ,0,0,0,0,0,0,0,0,0,-124000,0,0,0,76000,200000,-124000,-124000
07895P,美律元大9B售01  ,0,0,0,0,0,0,0,0,0,-124000,0,0,0,0,124000,-124000,-124000
07793P,同欣電元大9A售02,0,0,0,0,0,0,0,0,0,-124000,0,0,0,40000,164000,-124000,-124000
053568,智伸科富邦98購01,0,0,0,0,0,0,0,0,0,-124000,0,0,0,7000,131000,-124000,-124000
060480,億豐元大9A購02  ,0,0,0,0,0,0,0,0,0,-124000,0,0,0,10000,134000,-124000,-124000
060418,中橡永豐9A購01  ,0,0,0,0,0,0,0,0,0,-124000,0,0,0,20000,144000,-124000,-124000
059350,樺漢凱基9A購01  ,0,0,0,0,0,0,0,0,0,-124000,0,0,0,31000,155000,-124000,-124000
062711,台表科元大9B購05,0,0,0,0,0,0,0,0,0,-124000,0,0,0,302000,426000,-124000,-124000
062894,道瓊銀元大9B購02,0,0,0,0,0,0,0,0,0,-124000,0,0,0,0,124000,-124000,-124000
2316,楠梓電          ,232000,280000,-48000,0,0,0,0,0,0,-77000,32000,50000,-18000,33000,92000,-59000,-125000
06570P,大立光永豐98售01,0,0,0,0,0,0,0,0,0,-125000,0,0,0,45000,170000,-125000,-125000
055808,世紀鋼永豐97購01,0,0,0,0,0,0,0,0,0,-125000,0,0,0,15000,140000,-125000,-125000
063102,旺宏群益9B購03  ,0,0,0,0,0,0,0,0,0,-125000,0,0,0,0,125000,-125000,-125000
063571,TPK元大9B購03   ,0,0,0,0,0,0,0,0,0,-125000,0,0,0,82000,207000,-125000,-125000
062461,智伸科群益9B購01,0,0,0,0,0,0,0,0,0,-125000,0,0,0,32000,157000,-125000,-125000
062305,遠東新凱基9B購01,0,0,0,0,0,0,0,0,0,-125000,0,0,0,5000,130000,-125000,-125000
6183,關貿            ,108000,137000,-29000,0,0,0,0,0,0,-96000,1000,97000,-96000,0,0,0,-125000
064333,義隆元大9C購02  ,0,0,0,0,0,0,0,0,0,-126000,0,0,0,331000,457000,-126000,-126000
08379P,台積電國泰02售02,0,0,0,0,0,0,0,0,0,-126000,0,0,0,730000,856000,-126000,-126000
057570,技嘉永豐98購02  ,0,0,0,0,0,0,0,0,0,-126000,0,0,0,162000,288000,-126000,-126000
061092,可成統一9C購02  ,0,0,0,0,0,0,0,0,0,-126000,0,0,0,15000,141000,-126000,-126000
061580,華擎元大9A購06  ,0,0,0,0,0,0,0,0,0,-126000,0,0,0,70000,196000,-126000,-126000
061532,和大統一9C購02  ,0,0,0,0,0,0,0,0,0,-126000,0,0,0,0,126000,-126000,-126000
3645,達邁            ,92000,218000,-126000,0,0,0,0,0,0,0,0,0,0,0,0,0,-126000
064551,鈺齊凱基9C購02  ,0,0,0,0,0,0,0,0,0,-127000,0,0,0,63000,190000,-127000,-127000
07020P,玉晶光台新99售02,0,0,0,0,0,0,0,0,0,-127000,0,0,0,250000,377000,-127000,-127000
00730,富邦臺灣優質高息,7000,7000,0,0,0,0,0,0,0,-127000,0,0,0,499000,626000,-127000,-127000
00640L,富邦日本正2     ,0,3000,-3000,0,0,0,0,0,0,-124000,0,0,0,614000,738000,-124000,-127000
057437,可成國票99購01  ,0,0,0,0,0,0,0,0,0,-127000,0,0,0,32000,159000,-127000,-127000
058318,致茂永豐9A購01  ,0,0,0,0,0,0,0,0,0,-127000,0,0,0,78000,205000,-127000,-127000
063277,大成鋼元大9B購03,0,0,0,0,0,0,0,0,0,-127000,0,0,0,17000,144000,-127000,-127000
1316,上曜            ,2000,132000,-130000,0,0,0,0,0,0,2000,2000,0,2000,0,0,0,-128000
07826P,台積電富邦9B售07,0,0,0,0,0,0,0,0,0,-128000,0,0,0,0,128000,-128000,-128000
06328P,台積電中信01售02,0,0,0,0,0,0,0,0,0,-128000,0,0,0,0,128000,-128000,-128000
062806,世芯統一02購01  ,0,0,0,0,0,0,0,0,0,-128000,0,0,0,279000,407000,-128000,-128000
062111,台勝科國票9B購01,0,0,0,0,0,0,0,0,0,-128000,0,0,0,0,128000,-128000,-128000
5258,虹堡            ,18000,153000,-135000,0,0,0,0,0,0,7000,12000,5000,7000,0,0,0,-128000
8131,福懋科          ,89000,208000,-119000,0,0,0,0,0,0,-9000,4000,0,4000,7000,20000,-13000,-128000
07890P,南電國票9B售01  ,0,0,0,0,0,0,0,0,0,-129000,0,0,0,10000,139000,-129000,-129000
07944P,華新科元大9B售08,0,0,0,0,0,0,0,0,0,-129000,0,0,0,30000,159000,-129000,-129000
07719P,臺股指群益9A售08,0,0,0,0,0,0,0,0,0,-129000,0,0,0,358000,487000,-129000,-129000
2401,凌陽            ,329000,459000,-130000,0,0,0,0,0,0,1000,4000,3000,1000,0,0,0,-129000
056818,正崴永豐98購01  ,0,0,0,0,0,0,0,0,0,-129000,0,0,0,17000,146000,-129000,-129000
055887,上銀統一97購03  ,0,0,0,0,0,0,0,0,0,-129000,0,0,0,1000,130000,-129000,-129000
08381P,台灣50群益9C售06,0,0,0,0,0,0,0,0,0,-130000,0,0,0,26000,156000,-130000,-130000
07798P,同欣電國票9A售01,0,0,0,0,0,0,0,0,0,-130000,0,0,0,58000,188000,-130000,-130000
055684,京鼎凱基97購01  ,0,0,0,0,0,0,0,0,0,-130000,0,0,0,0,130000,-130000,-130000
059381,TPK亞東99購01   ,0,0,0,0,0,0,0,0,0,-130000,0,0,0,0,130000,-130000,-130000
057512,華邦電台新98購01,0,0,0,0,0,0,0,0,0,-130000,0,0,0,660000,790000,-130000,-130000
060894,奇力新凱基9A購03,0,0,0,0,0,0,0,0,0,-130000,0,0,0,0,130000,-130000,-130000
062754,台勝科麥證9B購01,0,0,0,63000,193000,-130000,0,0,0,-130000,0,0,0,63000,193000,-130000,-130000
063582,瑞祺國泰9C購01  ,0,0,0,0,0,0,0,0,0,-130000,0,0,0,32000,162000,-130000,-130000
1515,力山            ,839000,831000,8000,0,0,0,0,0,0,-139000,26000,91000,-65000,46000,120000,-74000,-131000
06461P,玉晶光國泰9A售01,0,0,0,0,0,0,0,0,0,-131000,0,0,0,6000,137000,-131000,-131000
063888,TPK中信01購01   ,0,0,0,0,0,0,0,0,0,-131000,0,0,0,30000,161000,-131000,-131000
059920,宏達電元大99購07,0,0,0,0,0,0,0,0,0,-131000,0,0,0,70000,201000,-131000,-131000
062807,和碩統一9B購01  ,0,0,0,0,0,0,0,0,0,-131000,0,0,0,676000,807000,-131000,-131000
061340,義隆元大9A購01  ,0,0,0,0,0,0,0,0,0,-131000,0,0,0,71000,202000,-131000,-131000
062309,燿華凱基9B購01  ,0,0,0,0,0,0,0,0,0,-131000,0,0,0,153000,284000,-131000,-131000
6176,瑞儀            ,628000,631000,-3000,0,0,0,0,0,0,-128000,2000,52000,-50000,3000,81000,-78000,-131000
064031,玉晶光元大02購01,0,0,0,0,0,0,0,0,0,-132000,0,0,0,108000,240000,-132000,-132000
08060P,嘉澤元大9B售01  ,0,0,0,0,0,0,0,0,0,-132000,0,0,0,30000,162000,-132000,-132000
051266,國巨富邦99購01  ,0,0,0,0,0,0,0,0,0,-132000,0,0,0,136000,268000,-132000,-132000
058598,T50反1元大99購04,0,0,0,0,0,0,0,0,0,-132000,0,0,0,50000,182000,-132000,-132000
060686,康友元大9A購02  ,0,0,0,0,0,0,0,0,0,-132000,0,0,0,105000,237000,-132000,-132000
062143,大成鋼國票9B購01,0,0,0,0,0,0,0,0,0,-132000,0,0,0,0,132000,-132000,-132000
6668,中揚光          ,17000,149000,-132000,0,0,0,0,0,0,0,0,0,0,0,0,0,-132000
3356,奇偶            ,27000,158000,-131000,0,0,0,0,0,0,-1000,0,1000,-1000,0,0,0,-132000
07780P,美律凱基9A售02  ,0,0,0,0,0,0,0,0,0,-133000,0,0,0,0,133000,-133000,-133000
08339P,上銀統一9C售04  ,0,0,0,0,0,0,0,0,0,-133000,0,0,0,61000,194000,-133000,-133000
06847P,奇力新元大98售05,0,0,0,0,0,0,0,0,0,-133000,0,0,0,87000,220000,-133000,-133000
057170,瑞昱元大98購01  ,0,0,0,0,0,0,0,0,0,-133000,0,0,0,33000,166000,-133000,-133000
057728,瑞昱國泰99購01  ,0,0,0,0,0,0,0,0,0,-133000,0,0,0,0,133000,-133000,-133000
060933,南電永豐9A購02  ,0,0,0,0,0,0,0,0,0,-133000,0,0,0,268000,401000,-133000,-133000
062677,儒鴻統一01購01  ,0,0,0,0,0,0,0,0,0,-133000,0,0,0,75000,208000,-133000,-133000
063083,聯發科凱基01購02,0,0,0,0,0,0,0,0,0,-133000,0,0,0,168000,301000,-133000,-133000
063241,聯發科元大9B購18,0,0,0,0,0,0,0,0,0,-133000,0,0,0,20000,153000,-133000,-133000
8210,勤誠            ,193000,239000,-46000,0,0,0,0,0,0,-87000,9000,5000,4000,2000,93000,-91000,-133000
9136,巨騰-DR         ,100000,288000,-188000,0,0,0,0,0,0,55000,55000,0,55000,0,0,0,-133000
2929,淘帝-KY         ,47000,180272,-133272,0,0,0,0,0,0,0,1000,0,1000,0,1000,-1000,-133272
07666P,台灣50元大9C售32,0,0,0,0,0,0,0,0,0,-134000,0,0,0,0,134000,-134000,-134000
07246P,旺宏凱基99售08  ,0,0,0,0,0,0,0,0,0,-134000,0,0,0,0,134000,-134000,-134000
062561,瀚宇博凱基9B購01,0,0,0,0,0,0,0,0,0,-134000,0,0,0,70000,204000,-134000,-134000
062364,瑞昱元大9B購04  ,0,0,0,0,0,0,0,0,0,-134000,0,0,0,33000,167000,-134000,-134000
06683P,訊芯元大98售07  ,0,0,0,0,0,0,0,0,0,-135000,0,0,0,370000,505000,-135000,-135000
054532,強茂國泰98購01  ,0,0,0,0,0,0,0,0,0,-135000,0,0,0,21000,156000,-135000,-135000
060625,華擎元大9A購01  ,0,0,0,0,0,0,0,0,0,-135000,0,0,0,72000,207000,-135000,-135000
063242,聯發科元大9B購19,0,0,0,0,0,0,0,0,0,-135000,0,0,0,20000,155000,-135000,-135000
063448,聯發科統一9C購11,0,0,0,0,0,0,0,0,0,-135000,0,0,0,178000,313000,-135000,-135000
2908,特力            ,110000,244000,-134000,0,0,0,0,0,0,-1000,0,1000,-1000,0,0,0,-135000
07208P,台積電凱基99售14,0,0,0,0,0,0,0,0,0,-136000,0,0,0,1000,137000,-136000,-136000
055306,燿華群益97購01  ,0,0,0,0,0,0,0,0,0,-136000,0,0,0,4000,140000,-136000,-136000
057161,亞德客元大98購02,0,0,0,0,0,0,0,0,0,-136000,0,0,0,4000,140000,-136000,-136000
057740,茂林富邦9A購01  ,0,0,0,0,0,0,0,0,0,-136000,0,0,0,22000,158000,-136000,-136000
07067P,旺宏台新99售02  ,0,0,0,0,0,0,0,0,0,-137000,0,0,0,47000,184000,-137000,-137000
06982P,義隆凱基99售02  ,0,0,0,0,0,0,0,0,0,-137000,0,0,0,524000,661000,-137000,-137000
07344P,鴻海富邦9A售03  ,0,0,0,0,0,0,0,0,0,-137000,0,0,0,0,137000,-137000,-137000
07575P,瑞昱元大9A售02  ,0,0,0,0,0,0,0,0,0,-137000,0,0,0,12000,149000,-137000,-137000
05537P,群創中信98售01  ,0,0,0,0,0,0,0,0,0,-137000,0,0,0,0,137000,-137000,-137000
05894P,友達群益98售02  ,0,0,0,0,0,0,0,0,0,-137000,0,0,0,0,137000,-137000,-137000
059986,宏達電元大99購08,0,0,0,0,0,0,0,0,0,-137000,0,0,0,54000,191000,-137000,-137000
062763,華擎凱基9C購02  ,0,0,0,0,0,0,0,0,0,-137000,0,0,0,3000,140000,-137000,-137000
062727,華擎凱基9B購03  ,0,0,0,0,0,0,0,0,0,-137000,0,0,0,12000,149000,-137000,-137000
061871,瑞昱元大9B購01  ,0,0,0,0,0,0,0,0,0,-137000,0,0,0,1000,138000,-137000,-137000
5288,豐祥-KY         ,18000,106000,-88000,0,0,0,0,49000,-49000,0,0,0,0,0,0,0,-137000
1109,信大            ,7000,144076,-137076,0,0,0,0,0,0,0,0,0,0,0,0,0,-137076
07579P,聯茂元大9A售01  ,0,0,0,0,0,0,0,0,0,-138000,0,0,0,50000,188000,-138000,-138000
08070P,晶技國泰9C售02  ,0,0,0,0,0,0,0,0,0,-138000,0,0,0,46000,184000,-138000,-138000
064078,台積電中信06購04,0,0,0,0,0,0,0,0,0,-138000,0,0,0,37000,175000,-138000,-138000
056768,宏達電元大99購03,0,0,0,0,0,0,0,0,0,-138000,0,0,0,82000,220000,-138000,-138000
00703,台新MSCI中國    ,4000,4000,0,0,0,0,0,0,0,-138000,0,0,0,111000,249000,-138000,-138000
061086,FBVIX統一01購01 ,0,0,0,0,0,0,0,0,0,-138000,0,0,0,0,138000,-138000,-138000
061081,宏碁兆豐9A購01  ,0,0,0,0,0,0,0,0,0,-138000,0,0,0,376000,514000,-138000,-138000
060988,華新科元大9A購12,0,0,0,0,0,0,0,0,0,-138000,0,0,0,0,138000,-138000,-138000
061600,聯電凱基9B購01  ,0,0,0,0,0,0,0,0,0,-138000,0,0,0,29000,167000,-138000,-138000
06374P,台表科元大97售06,0,0,0,0,0,0,0,0,0,-138000,0,0,0,0,138000,-138000,-138000
6451,訊芯-KY         ,122000,260000,-138000,0,0,0,0,2000,-2000,2000,2000,0,2000,1000,1000,0,-138000
3711,日月光投控      ,7832000,7751386,80614,0,0,0,0,87000,-87000,-132000,116000,156000,-40000,6000,98000,-92000,-138386
08201P,祥碩元大9B售09  ,0,0,0,0,0,0,0,0,0,-139000,0,0,0,0,139000,-139000,-139000
060784,鴻海富邦9C購01  ,0,0,0,0,0,0,0,0,0,-139000,0,0,0,99000,238000,-139000,-139000
063665,南亞科統一01購02,0,0,0,0,0,0,0,0,0,-139000,0,0,0,70000,209000,-139000,-139000
061464,瑞昱群益9A購01  ,0,0,0,0,0,0,0,0,0,-139000,0,0,0,0,139000,-139000,-139000
062085,同欣電元大9B購01,0,0,0,0,0,0,0,0,0,-139000,0,0,0,17000,156000,-139000,-139000
062345,和大群益9B購01  ,0,0,0,0,0,0,0,0,0,-139000,0,0,0,121000,260000,-139000,-139000
07128P,大毅元大99售04  ,0,0,0,0,0,0,0,0,0,-140000,0,0,0,0,140000,-140000,-140000
03657C,T50反1元大99牛01,0,0,0,0,0,0,0,0,0,-140000,0,0,0,200000,340000,-140000,-140000
060674,瑞昱元大9A購03  ,0,0,0,0,0,0,0,0,0,-140000,0,0,0,55000,195000,-140000,-140000
059006,樺漢元大99購01  ,0,0,0,0,0,0,0,0,0,-140000,0,0,0,17000,157000,-140000,-140000
062181,義隆元大9B購03  ,0,0,0,0,0,0,0,0,0,-140000,0,0,0,140000,280000,-140000,-140000
061665,旺宏中信9C購01  ,0,0,0,0,0,0,0,0,0,-140000,0,0,0,10000,150000,-140000,-140000
4551,智伸科          ,126000,384000,-258000,0,0,0,80000,0,80000,38000,57000,34000,23000,18000,3000,15000,-140000
07774P,台灣50群益9A售16,0,0,0,0,0,0,0,0,0,-141000,0,0,0,50000,191000,-141000,-141000
060804,T50反1群益9A購02,0,0,0,0,0,0,0,0,0,-141000,0,0,0,0,141000,-141000,-141000
058445,旺宏富邦9C購01  ,0,0,0,0,0,0,0,0,0,-141000,0,0,0,0,141000,-141000,-141000
063766,南茂元富9B購01  ,0,0,0,0,0,0,0,0,0,-141000,0,0,0,174000,315000,-141000,-141000
2493,揚博            ,212000,371000,-159000,0,0,0,0,0,0,18000,19000,1000,18000,0,0,0,-141000
1708,東鹼            ,29000,173000,-144000,0,0,0,0,0,0,2000,6000,4000,2000,0,0,0,-142000
063933,TPK統一01購01   ,0,0,0,0,0,0,0,0,0,-142000,0,0,0,116000,258000,-142000,-142000
049842,道瓊反中信98購01,0,0,0,0,0,0,0,0,0,-142000,0,0,0,9000,151000,-142000,-142000
061125,億光永豐9A購01  ,0,0,0,0,0,0,0,0,0,-142000,0,0,0,10000,152000,-142000,-142000
062903,燿華元大9B購04  ,0,0,0,0,0,0,0,0,0,-142000,0,0,0,226000,368000,-142000,-142000
061607,台表科凱基9B購02,0,0,0,0,0,0,0,0,0,-142000,0,0,0,48000,190000,-142000,-142000
057987,大立光元富98購02,0,0,0,0,0,0,0,0,0,-143000,0,0,0,489000,632000,-143000,-143000
064234,正崴統一01購01  ,0,0,0,0,0,0,0,0,0,-144000,0,0,0,30000,174000,-144000,-144000
057787,TPK國票99購01   ,0,0,0,0,0,0,0,0,0,-144000,0,0,0,44000,188000,-144000,-144000
07163P,臺股指群益99售14,0,0,0,0,0,0,0,0,0,-145000,0,0,0,15000,160000,-145000,-145000
2013,中鋼構          ,15000,160000,-145000,0,0,0,0,0,0,0,0,0,0,0,0,0,-145000
07482P,南亞科元富9A售04,0,0,0,0,0,0,0,0,0,-145000,0,0,0,40000,185000,-145000,-145000
061162,南電群益9A購02  ,0,0,0,0,0,0,0,0,0,-145000,0,0,0,64000,209000,-145000,-145000
3018,同開            ,52000,197000,-145000,0,0,0,0,0,0,0,0,0,0,0,0,0,-145000
1731,美吾華          ,364000,506000,-142000,0,0,0,0,0,0,-4000,0,4000,-4000,0,0,0,-146000
07127P,精元元大99售01  ,0,0,0,0,0,0,0,0,0,-146000,0,0,0,64000,210000,-146000,-146000
051484,玉晶光凱基97購01,0,0,0,0,0,0,0,0,0,-146000,0,0,0,30000,176000,-146000,-146000
060259,潤泰全凱基9C購01,0,0,0,0,0,0,0,0,0,-146000,0,0,0,156000,302000,-146000,-146000
058829,華新科永豐99購04,0,0,0,0,0,0,0,0,0,-146000,0,0,0,23000,169000,-146000,-146000
060959,金像電凱基9A購01,0,0,0,0,0,0,0,0,0,-146000,0,0,0,137000,283000,-146000,-146000
062462,GIS群益9B購01   ,0,0,0,0,0,0,0,0,0,-146000,0,0,0,17000,163000,-146000,-146000
4137,麗豐-KY         ,157000,235000,-78000,0,0,0,0,6000,-6000,-62000,0,12000,-12000,10000,60000,-50000,-146000
5534,長虹            ,149000,295000,-146000,0,0,0,0,0,0,0,1000,1000,0,0,0,0,-146000
063793,和大凱基9C購01  ,0,0,0,0,0,0,0,0,0,-147000,0,0,0,6000,153000,-147000,-147000
08124P,臻鼎群益9B售02  ,0,0,0,0,0,0,0,0,0,-147000,0,0,0,6000,153000,-147000,-147000
059298,大立光元富9C購02,0,0,0,0,0,0,0,0,0,-147000,0,0,0,202000,349000,-147000,-147000
063048,聯詠兆豐9B購01  ,0,0,0,0,0,0,0,0,0,-147000,0,0,0,10000,157000,-147000,-147000
062726,華擎凱基9B購02  ,0,0,0,0,0,0,0,0,0,-147000,0,0,0,2000,149000,-147000,-147000
6197,佳必琪          ,10000,159000,-149000,0,0,0,0,0,0,2000,2000,0,2000,0,0,0,-147000
064077,台積電中信06購03,0,0,0,0,0,0,0,0,0,-148000,0,0,0,10000,158000,-148000,-148000
061187,瀚宇博國泰9C購01,0,0,0,0,0,0,0,0,0,-148000,0,0,0,248000,396000,-148000,-148000
062987,祥碩中信01購01  ,0,0,0,0,0,0,0,0,0,-148000,0,0,0,265000,413000,-148000,-148000
064330,燿華元大9C購02  ,0,0,0,0,0,0,0,0,0,-149000,0,0,0,260000,409000,-149000,-149000
06855P,聯發科富邦9A售01,0,0,0,0,0,0,0,0,0,-149000,0,0,0,50000,199000,-149000,-149000
07259P,滬深2X國票01售01,0,0,0,0,0,0,0,0,0,-149000,0,0,0,150000,299000,-149000,-149000
058850,華新科群益99購03,0,0,0,0,0,0,0,0,0,-149000,0,0,0,20000,169000,-149000,-149000
062878,宏達電兆豐9B購01,0,0,0,0,0,0,0,0,0,-149000,0,0,0,5000,154000,-149000,-149000
062865,臺股指國票9B購22,0,0,0,0,0,0,0,0,0,-149000,0,0,0,0,149000,-149000,-149000
062451,瀚宇博元大9B購02,0,0,0,0,0,0,0,0,0,-149000,0,0,0,82000,231000,-149000,-149000
061483,TPK元大9A購01   ,0,0,0,0,0,0,0,0,0,-149000,0,0,0,82000,231000,-149000,-149000
07608P,台灣50國票9C售03,0,0,0,0,0,0,0,0,0,-150000,0,0,0,0,150000,-150000,-150000
064297,台郡國票01購01  ,0,0,0,0,0,0,0,0,0,-150000,0,0,0,35000,185000,-150000,-150000
057007,奇力新中信98購04,0,0,0,0,0,0,0,0,0,-150000,0,0,0,20000,170000,-150000,-150000
057527,億光元大98購01  ,0,0,0,0,0,0,0,0,0,-150000,0,0,0,70000,220000,-150000,-150000
060696,道瓊反國泰9C購01,0,0,0,0,0,0,0,0,0,-150000,0,0,0,100000,250000,-150000,-150000
061317,旺宏凱基9A購05  ,0,0,0,0,0,0,0,0,0,-150000,0,0,0,0,150000,-150000,-150000
062383,大立光國泰01購01,0,0,0,0,0,0,0,0,0,-150000,0,0,0,252000,402000,-150000,-150000
062532,聯詠統一9C購01  ,0,0,0,0,0,0,0,0,0,-150000,0,0,0,10000,160000,-150000,-150000
06265P,美律凱基97售01  ,0,0,0,0,0,0,0,0,0,-150000,0,0,0,0,150000,-150000,-150000
063564,台積電元大9B購07,0,0,0,0,0,0,0,0,0,-150000,0,0,0,2000,152000,-150000,-150000
4306,炎洲            ,29000,187000,-158000,0,0,0,0,0,0,8000,15000,7000,8000,0,0,0,-150000
2912,統一超          ,1120000,1251607,-131607,0,0,0,0,12000,-12000,-7000,0,6000,-6000,0,1000,-1000,-150607
064210,台光電凱基03購01,0,0,0,0,0,0,0,0,0,-151000,0,0,0,89000,240000,-151000,-151000
064517,國巨群益02購01  ,20000,0,20000,0,0,0,0,0,0,-171000,0,0,0,0,171000,-171000,-151000
08243P,祥碩凱基9C售02  ,0,0,0,0,0,0,0,0,0,-151000,0,0,0,0,151000,-151000,-151000
03444B,臺股指元大9C熊02,0,0,0,0,0,0,0,0,0,-151000,0,0,0,10000,161000,-151000,-151000
058105,旺宏統一9A購02  ,0,0,0,0,0,0,0,0,0,-151000,0,0,0,2000,153000,-151000,-151000
059872,華新科凱基01購01,0,0,0,0,0,0,0,0,0,-151000,0,0,0,41000,192000,-151000,-151000
063126,TPK元大9B購01   ,0,0,0,0,0,0,0,0,0,-151000,0,0,0,158000,309000,-151000,-151000
2636,台驊投控        ,9000,216000,-207000,0,0,0,52000,0,52000,4000,4000,0,4000,0,0,0,-151000
4536,拓凱            ,51000,147000,-96000,0,0,0,0,50000,-50000,-5000,0,0,0,0,5000,-5000,-151000
06889P,臺股指元大98售13,0,0,0,0,0,0,0,0,0,-152000,0,0,0,0,152000,-152000,-152000
064072,康友永豐9C購01  ,0,0,0,0,0,0,0,0,0,-152000,0,0,0,58000,210000,-152000,-152000
058590,南電中信9A購02  ,0,0,0,0,0,0,0,0,0,-152000,0,0,0,223000,375000,-152000,-152000
060682,牧德元大9A購03  ,0,0,0,0,0,0,0,0,0,-152000,0,0,0,198000,350000,-152000,-152000
060157,致茂永豐9A購02  ,0,0,0,0,0,0,0,0,0,-152000,0,0,0,426000,578000,-152000,-152000
062134,國巨群益9B購04  ,0,0,0,0,0,0,0,0,0,-152000,0,0,0,20000,172000,-152000,-152000
063991,南六永豐9C購02  ,0,0,0,0,0,0,0,0,0,-153000,0,0,0,0,153000,-153000,-153000
3209,全科            ,25000,181000,-156000,0,0,0,0,0,0,3000,3000,0,3000,0,0,0,-153000
063772,智邦富邦9B購02  ,0,0,0,0,0,0,0,0,0,-154000,0,0,0,15000,169000,-154000,-154000
064164,祥碩統一01購05  ,0,0,0,0,0,0,0,0,0,-154000,0,0,0,33000,187000,-154000,-154000
1709,和益            ,57000,212000,-155000,0,0,0,0,0,0,1000,2000,1000,1000,0,0,0,-154000
056464,臺股指凱基99購06,0,0,0,0,0,0,0,0,0,-154000,0,0,0,414000,568000,-154000,-154000
057219,群創群益98購10  ,0,0,0,0,0,0,0,0,0,-154000,0,0,0,0,154000,-154000,-154000
1417,嘉裕            ,23000,178000,-155000,0,0,0,0,0,0,0,0,0,0,0,0,0,-155000
08377P,臻鼎元富9C售02  ,0,0,0,0,0,0,0,0,0,-155000,0,0,0,0,155000,-155000,-155000
055437,禾伸堂中信99購01,0,0,0,0,0,0,0,0,0,-155000,0,0,0,15000,170000,-155000,-155000
05348P,美律元富98售01  ,0,0,0,0,0,0,0,0,0,-155000,0,0,0,55000,210000,-155000,-155000
05878P,創意群益98售01  ,0,0,0,0,0,0,0,0,0,-155000,0,0,0,50000,205000,-155000,-155000
063037,聯發科凱基9C購02,0,0,0,0,0,0,0,0,0,-155000,0,0,0,30000,185000,-155000,-155000
062720,南亞科凱基9B購03,0,0,0,0,0,0,0,0,0,-155000,0,0,0,14000,169000,-155000,-155000
063659,世紀鋼元富9B購01,0,0,0,0,0,0,0,0,0,-155000,0,0,0,0,155000,-155000,-155000
08367P,臺股指凱基9C售11,0,0,0,0,0,0,0,0,0,-156000,0,0,0,0,156000,-156000,-156000
064064,義隆富邦03購01  ,0,0,0,0,0,0,0,0,0,-156000,0,0,0,1187000,1343000,-156000,-156000
058836,FBVIX中信03購05 ,0,0,0,0,0,0,0,0,0,-156000,0,0,0,71000,227000,-156000,-156000
060817,華邦電台新9A購01,0,0,0,0,0,0,0,0,0,-156000,0,0,0,61000,217000,-156000,-156000
061379,鈺齊永豐9A購02  ,0,0,0,0,0,0,0,0,0,-156000,0,0,0,0,156000,-156000,-156000
2836,高雄銀          ,57000,213000,-156000,0,0,0,0,0,0,0,0,0,0,0,0,0,-156000
08270P,鴻海富邦9C售02  ,0,0,0,0,0,0,0,0,0,-157000,0,0,0,30000,187000,-157000,-157000
05722P,玉晶光國票97售03,0,0,0,0,0,0,0,0,0,-157000,0,0,0,712000,869000,-157000,-157000
058544,FBVIX富邦9B購01 ,0,0,0,0,0,0,0,0,0,-157000,0,0,0,26000,183000,-157000,-157000
062299,台積電第一9B購01,0,0,0,0,0,0,0,0,0,-157000,0,0,0,0,157000,-157000,-157000
063072,裕隆永豐9B購01  ,0,0,0,0,0,0,0,0,0,-157000,0,0,0,147000,304000,-157000,-157000
4961,天鈺            ,89000,248000,-159000,0,0,0,0,0,0,2000,2000,0,2000,0,0,0,-157000
8404,百和興業-KY     ,115000,272000,-157000,0,0,0,0,0,0,0,1000,1000,0,0,0,0,-157000
06678P,大立光統一99售01,0,0,0,0,0,0,0,0,0,-158000,0,0,0,6000,164000,-158000,-158000
06576P,台光電群益98售03,0,0,0,0,0,0,0,0,0,-158000,0,0,0,0,158000,-158000,-158000
061673,仁寶元大9B購01  ,0,0,0,0,0,0,0,0,0,-158000,0,0,0,246000,404000,-158000,-158000
063802,南茂凱基9C購01  ,0,0,0,0,0,0,0,0,0,-159000,0,0,0,122000,281000,-159000,-159000
1592,英瑞-KY         ,144000,302000,-158000,0,0,0,0,0,0,-1000,0,1000,-1000,0,0,0,-159000
055235,金寶台新98購01  ,0,0,0,0,0,0,0,0,0,-159000,0,0,0,166000,325000,-159000,-159000
07657P,技嘉凱基9A售03  ,0,0,0,0,0,0,0,0,0,-160000,0,0,0,0,160000,-160000,-160000
07743P,智邦凱基9A售03  ,0,0,0,0,0,0,0,0,0,-160000,0,0,0,2000,162000,-160000,-160000
063476,台表科元大9C購03,0,0,0,0,0,0,0,0,0,-160000,0,0,0,210000,370000,-160000,-160000
08118P,嘉澤元富9B售02  ,0,0,0,0,0,0,0,0,0,-161000,0,0,0,48000,209000,-161000,-161000
08011P,玉晶光元大9B售05,0,0,0,0,0,0,0,0,0,-161000,0,0,0,284000,445000,-161000,-161000
056308,TPK元大97購02   ,0,0,0,0,0,0,0,0,0,-161000,0,0,0,27000,188000,-161000,-161000
063570,嘉晶元大9C購02  ,0,0,0,0,0,0,0,0,0,-161000,0,0,0,51000,212000,-161000,-161000
061651,世紀鋼元大9C購02,0,0,0,0,0,0,0,0,0,-161000,0,0,0,0,161000,-161000,-161000
6672,騰輝電子-KY     ,30000,194000,-164000,0,0,0,0,0,0,3000,4000,1000,3000,0,0,0,-161000
07556P,玉晶光元大9A售08,0,0,0,0,0,0,0,0,0,-162000,0,0,0,0,162000,-162000,-162000
06232P,智易永豐97售01  ,0,0,0,0,0,0,0,0,0,-162000,0,0,0,1000,163000,-162000,-162000
06465P,國巨統一98售04  ,0,0,0,0,0,0,0,0,0,-163000,0,0,0,34000,197000,-163000,-163000
058772,茂林兆豐9A購01  ,0,0,0,0,0,0,0,0,0,-163000,0,0,0,108000,271000,-163000,-163000
07764P,世紀鋼永豐9A售04,0,0,0,0,0,0,0,0,0,-164000,0,0,0,77000,241000,-164000,-164000
1783,和康生          ,49000,213000,-164000,0,0,0,0,0,0,0,0,0,0,0,0,0,-164000
054349,同欣電國票97購02,0,0,0,0,0,0,0,0,0,-164000,0,0,0,37000,201000,-164000,-164000
062670,瑞昱中信03購01  ,0,0,0,0,0,0,0,0,0,-164000,0,0,0,51000,215000,-164000,-164000
056138,群創元大9B購01  ,0,0,0,0,0,0,0,0,0,-165000,0,0,0,0,165000,-165000,-165000
059051,和大凱基9A購01  ,0,0,0,0,0,0,0,0,0,-165000,0,0,0,9000,174000,-165000,-165000
061151,友訊群益9A購01  ,0,0,0,0,0,0,0,0,0,-165000,0,0,0,8000,173000,-165000,-165000
062836,同欣電群益9B購02,0,0,0,0,0,0,0,0,0,-165000,0,0,0,141000,306000,-165000,-165000
063633,金像電元大9B購05,0,0,0,0,0,0,0,0,0,-165000,0,0,0,0,165000,-165000,-165000
063334,復盛國票9B購01  ,0,0,0,0,0,0,0,0,0,-165000,0,0,0,60000,225000,-165000,-165000
06741P,台積電富邦98售04,0,0,0,0,0,0,0,0,0,-166000,0,0,0,1864000,2030000,-166000,-166000
07080P,健策群益9A售01  ,0,0,0,0,0,0,0,0,0,-166000,0,0,0,40000,206000,-166000,-166000
064348,TPK元大9C購03   ,0,0,0,0,0,0,0,0,0,-166000,0,0,0,100000,266000,-166000,-166000
063508,緯創群益9B購01  ,0,0,0,0,0,0,0,0,0,-166000,0,0,0,125000,291000,-166000,-166000
062275,燿華群益9B購01  ,0,0,0,0,0,0,0,0,0,-166000,0,0,0,239000,405000,-166000,-166000
3016,嘉晶            ,2312000,2293000,19000,0,0,0,0,129000,-129000,-56000,5000,42000,-37000,127000,146000,-19000,-166000
064070,祥碩永豐9C購01  ,0,0,0,0,0,0,0,0,0,-167000,0,0,0,27000,194000,-167000,-167000
07898P,國巨國泰9C售02  ,0,0,0,0,0,0,0,0,0,-167000,0,0,0,3000,170000,-167000,-167000
08003P,國巨國泰9B售07  ,0,0,0,0,0,0,0,0,0,-167000,0,0,0,45000,212000,-167000,-167000
07422P,大立光元大99售32,0,0,0,0,0,0,0,0,0,-168000,0,0,0,0,168000,-168000,-168000
1733,五鼎            ,75000,244000,-169000,0,0,0,0,0,0,1000,2000,1000,1000,0,0,0,-168000
1506,正道            ,0,168000,-168000,0,0,0,0,0,0,0,0,0,0,0,0,0,-168000
063808,台表科兆豐9C購01,0,0,0,0,0,0,0,0,0,-168000,0,0,0,10000,178000,-168000,-168000
063632,金像電元大9B購04,0,0,0,0,0,0,0,0,0,-168000,0,0,0,0,168000,-168000,-168000
062747,立積永豐9B購01  ,0,0,0,0,0,0,0,0,0,-168000,0,0,0,2000,170000,-168000,-168000
2527,宏璟            ,11000,179000,-168000,0,0,0,0,0,0,0,0,0,0,0,0,0,-168000
4414,如興            ,168000,334000,-166000,0,0,0,0,0,0,-2000,0,2000,-2000,0,0,0,-168000
06425P,TPK永豐97售02   ,0,0,0,0,0,0,0,0,0,-169000,0,0,0,0,169000,-169000,-169000
07146P,瑞昱元大99售02  ,0,0,0,0,0,0,0,0,0,-169000,0,0,0,0,169000,-169000,-169000
1809,中釉            ,14000,183000,-169000,0,0,0,0,0,0,0,0,0,0,0,0,0,-169000
07235P,T50正2元大9C售02,0,0,0,0,0,0,0,0,0,-169000,0,0,0,0,169000,-169000,-169000
2454,聯發科          ,6062706,6198948,-136242,0,0,0,75000,37000,38000,-71000,77000,67000,10000,77000,158000,-81000,-169242
08295P,長榮航元大9C售01,0,0,0,0,0,0,0,0,0,-170000,0,0,0,0,170000,-170000,-170000
054642,訊芯中信9A購01  ,0,0,0,0,0,0,0,0,0,-170000,0,0,0,0,170000,-170000,-170000
058189,嘉澤永豐99購01  ,0,0,0,0,0,0,0,0,0,-170000,0,0,0,81000,251000,-170000,-170000
062875,瑞昱兆豐9C購01  ,0,0,0,0,0,0,0,0,0,-170000,0,0,0,36000,206000,-170000,-170000
061658,聯茂富邦9A購03  ,0,0,0,0,0,0,0,0,0,-170000,0,0,0,93000,263000,-170000,-170000
08375P,聯電元富9C售02  ,0,0,0,0,0,0,0,0,0,-171000,0,0,0,0,171000,-171000,-171000
059516,TPK永豐99購01   ,0,0,0,0,0,0,0,0,0,-171000,0,0,0,14000,185000,-171000,-171000
05957P,友達國票97售04  ,0,0,0,0,0,0,0,0,0,-171000,0,0,0,0,171000,-171000,-171000
055204,宏達電中信99購01,0,0,0,0,0,0,0,0,0,-172000,0,0,0,0,172000,-172000,-172000
061374,力山永豐9A購04  ,0,0,0,0,0,0,0,0,0,-172000,0,0,0,38000,210000,-172000,-172000
063536,美食統一01購01  ,0,0,0,0,0,0,0,0,0,-172000,0,0,0,23000,195000,-172000,-172000
08353P,聯電元大9C售04  ,30000,0,30000,0,0,0,0,0,0,-203000,0,0,0,95000,298000,-203000,-173000
07919P,創意永豐9B售01  ,0,0,0,0,0,0,0,0,0,-173000,0,0,0,63000,236000,-173000,-173000
064375,智邦元富03購01  ,0,0,0,0,0,0,0,0,0,-173000,0,0,0,72000,245000,-173000,-173000
053630,奇鋐兆豐97購01  ,0,0,0,0,0,0,0,0,0,-173000,0,0,0,10000,183000,-173000,-173000
052794,群創兆豐97購01  ,0,0,0,0,0,0,0,0,0,-173000,0,0,0,25000,198000,-173000,-173000
8249,菱光            ,3000,177000,-174000,0,0,0,0,0,0,1000,1000,0,1000,0,0,0,-173000
08059P,京鼎元大9B售02  ,0,0,0,0,0,0,0,0,0,-174000,0,0,0,30000,204000,-174000,-174000
048273,南電富邦97購01  ,0,0,0,0,0,0,0,0,0,-174000,0,0,0,45000,219000,-174000,-174000
063690,健鼎永豐9B購01  ,0,0,0,0,0,0,0,0,0,-174000,0,0,0,0,174000,-174000,-174000
07694P,超眾元大9A售05  ,0,0,0,0,0,0,0,0,0,-175000,0,0,0,0,175000,-175000,-175000
1582,信錦            ,80000,222000,-142000,0,0,0,0,0,0,-33000,0,25000,-25000,0,8000,-8000,-175000
07115P,T50反1日盛9C售02,0,0,0,0,0,0,0,0,0,-175000,0,0,0,0,175000,-175000,-175000
059754,訊芯群益9A購01  ,0,0,0,0,0,0,0,0,0,-175000,0,0,0,5000,180000,-175000,-175000
2617,台航            ,68000,241000,-173000,0,0,0,0,0,0,-2000,0,2000,-2000,0,0,0,-175000
2388,威盛            ,72462,248000,-175538,0,0,0,0,0,0,0,0,0,0,0,0,0,-175538
08365P,貿聯凱基9C售01  ,0,0,0,0,0,0,0,0,0,-176000,0,0,0,0,176000,-176000,-176000
08284P,鴻海凱基01售03  ,0,0,0,0,0,0,0,0,0,-176000,0,0,0,0,176000,-176000,-176000
08159P,日月光元富9B售01,0,0,0,0,0,0,0,0,0,-176000,0,0,0,0,176000,-176000,-176000
07304P,臺股指元大9A售37,0,0,0,0,0,0,0,0,0,-176000,0,0,0,90000,266000,-176000,-176000
058841,深中小群益01購01,0,0,0,0,0,0,0,0,0,-176000,0,0,0,717000,893000,-176000,-176000
063612,金像電群益9B購04,0,0,0,0,0,0,0,0,0,-176000,0,0,0,0,176000,-176000,-176000
5907,大洋-KY         ,13000,189000,-176000,0,0,0,0,0,0,0,1000,1000,0,0,0,0,-176000
064148,瑞昱統一02購01  ,0,0,0,0,0,0,0,0,0,-177000,0,0,0,203000,380000,-177000,-177000
061122,敬鵬永豐9A購01  ,0,0,0,0,0,0,0,0,0,-177000,0,0,0,0,177000,-177000,-177000
063146,南六統一9B購02  ,0,0,0,0,0,0,0,0,0,-177000,0,0,0,72000,249000,-177000,-177000
060945,緯穎國票9A購02  ,0,0,0,0,0,0,0,0,0,-177000,0,0,0,22000,199000,-177000,-177000
2461,光群雷          ,38000,216000,-178000,0,0,0,0,0,0,1000,1000,0,1000,0,0,0,-177000
08308P,聯發科凱基01售03,0,0,0,0,0,0,0,0,0,-178000,0,0,0,9000,187000,-178000,-178000
052622,貿聯兆豐97購01  ,0,0,0,0,0,0,0,0,0,-178000,0,0,0,0,178000,-178000,-178000
061140,華擎統一9C購01  ,0,0,0,0,0,0,0,0,0,-178000,0,0,0,119000,297000,-178000,-178000
062214,金寶統一01購01  ,0,0,0,0,0,0,0,0,0,-178000,0,0,0,30000,208000,-178000,-178000
063077,巨大永豐9B購03  ,0,0,0,0,0,0,0,0,0,-178000,0,0,0,81000,259000,-178000,-178000
063400,華擎群益9B購03  ,0,0,0,0,0,0,0,0,0,-178000,0,0,0,141000,319000,-178000,-178000
063222,群創群益9B購03  ,0,0,0,0,0,0,0,0,0,-178000,0,0,0,10000,188000,-178000,-178000
4526,東台            ,10000,188000,-178000,0,0,0,0,0,0,-1000,0,1000,-1000,0,0,0,-179000
063823,T50反1國票01購02,0,0,0,0,0,0,0,0,0,-180000,0,0,0,30000,210000,-180000,-180000
061085,聯茂兆豐9A購01  ,0,0,0,0,0,0,0,0,0,-180000,0,0,0,140000,320000,-180000,-180000
058670,鴻海群益9A購03  ,0,0,0,0,0,0,0,0,0,-180000,0,0,0,30000,210000,-180000,-180000
06338P,亞德客統一97售02,0,0,0,0,0,0,0,0,0,-180000,0,0,0,125000,305000,-180000,-180000
063606,TPK凱基9C購01   ,0,0,0,0,0,0,0,0,0,-180000,0,0,0,89000,269000,-180000,-180000
062388,旭富國泰01購01  ,0,0,0,0,0,0,0,0,0,-180000,0,0,0,71000,251000,-180000,-180000
062122,國巨統一02購01  ,0,0,0,0,0,0,0,0,0,-180000,0,0,0,55000,235000,-180000,-180000
062090,南電元大9B購02  ,0,0,0,0,0,0,0,0,0,-181000,0,0,0,47000,228000,-181000,-181000
055809,T50反1國票98購02,0,0,0,0,0,0,0,0,0,-182000,0,0,0,220000,402000,-182000,-182000
056267,文曄統一97購02  ,0,0,0,0,0,0,0,0,0,-182000,0,0,0,68000,250000,-182000,-182000
058431,國巨統一9B購01  ,0,0,0,0,0,0,0,0,0,-182000,0,0,0,96000,278000,-182000,-182000
058397,大成鋼元大99購02,0,0,0,0,0,0,0,0,0,-182000,0,0,0,356000,538000,-182000,-182000
054034,景碩中信96購01  ,0,0,0,0,0,0,0,0,0,-183000,0,0,0,0,183000,-183000,-183000
062722,京元電凱基9B購02,0,0,0,0,0,0,0,0,0,-184000,0,0,0,80000,264000,-184000,-184000
5531,鄉林            ,60000,243000,-183000,0,0,0,0,0,0,-1000,0,1000,-1000,0,0,0,-184000
3419,譁裕            ,14000,198000,-184000,0,0,0,0,0,0,0,0,0,0,0,0,0,-184000
08301P,台積電兆豐9C售02,0,0,0,0,0,0,0,0,0,-185000,0,0,0,10000,195000,-185000,-185000
07842P,力成元大9A售01  ,0,0,0,0,0,0,0,0,0,-185000,0,0,0,43000,228000,-185000,-185000
055137,GIS富邦98購01   ,0,0,0,0,0,0,0,0,0,-185000,0,0,0,168000,353000,-185000,-185000
062034,同欣電群益9B購01,4000,0,4000,0,0,0,0,0,0,-189000,0,0,0,138000,327000,-189000,-185000
3312,弘憶股          ,6000,205000,-199000,0,0,0,0,0,0,14000,14000,0,14000,0,0,0,-185000
064105,南茂群益9C購01  ,0,0,0,0,0,0,0,0,0,-186000,0,0,0,4000,190000,-186000,-186000
060888,金像電統一9C購01,0,0,0,0,0,0,0,0,0,-186000,0,0,0,0,186000,-186000,-186000
061025,創意富邦9B購01  ,0,0,0,0,0,0,0,0,0,-186000,0,0,0,104000,290000,-186000,-186000
061474,瑞昱元大9A購04  ,0,0,0,0,0,0,0,0,0,-186000,0,0,0,31000,217000,-186000,-186000
063513,聯發科麥證9B購03,0,0,0,0,186000,-186000,0,0,0,-186000,0,0,0,0,186000,-186000,-186000
3454,晶睿            ,28000,214000,-186000,0,0,0,0,0,0,0,0,0,0,0,0,0,-186000
6168,宏齊            ,21000,215000,-194000,0,0,0,0,0,0,8000,8000,0,8000,0,0,0,-186000
057390,台表科永豐98購01,0,0,0,0,0,0,0,0,0,-187000,0,0,0,38000,225000,-187000,-187000
063149,聯發科元富05購02,0,0,0,0,0,0,0,0,0,-187000,0,0,0,58000,245000,-187000,-187000
064304,信邦兆豐01購01  ,0,0,0,0,0,0,0,0,0,-188000,0,0,0,144000,332000,-188000,-188000
07085P,超眾元富9C售01  ,0,0,0,0,0,0,0,0,0,-188000,0,0,0,0,188000,-188000,-188000
08225P,臺股指凱基9B售20,0,0,0,0,0,0,0,0,0,-188000,0,0,0,55000,243000,-188000,-188000
049700,瀚宇博元大97購01,0,0,0,0,0,0,0,0,0,-188000,0,0,0,30000,218000,-188000,-188000
063285,華擎元大9B購03  ,0,0,0,0,0,0,0,0,0,-188000,0,0,0,52000,240000,-188000,-188000
6189,豐藝            ,12000,209000,-197000,0,0,0,0,0,0,9000,10000,1000,9000,0,0,0,-188000
4426,利勤            ,38000,227000,-189000,0,0,0,0,0,0,1000,0,0,0,1000,0,1000,-188000
07982P,全新群益9B售04  ,0,0,0,0,0,0,0,0,0,-189000,0,0,0,20000,209000,-189000,-189000
064057,緯穎統一02購01  ,0,0,0,0,0,0,0,0,0,-189000,0,0,0,374000,563000,-189000,-189000
058267,奇鋐永豐99購01  ,0,0,0,0,0,0,0,0,0,-189000,0,0,0,1000,190000,-189000,-189000
059307,T50反1元大99購06,0,0,0,0,0,0,0,0,0,-189000,0,0,0,74000,263000,-189000,-189000
064615,智邦元大01購01  ,0,0,0,0,0,0,0,0,0,-190000,0,0,0,19000,209000,-190000,-190000
06645P,上銀元大98售05  ,0,0,0,0,0,0,0,0,0,-190000,0,0,0,17000,207000,-190000,-190000
08275P,南亞科元富9C售01,0,0,0,0,0,0,0,0,0,-190000,0,0,0,40000,230000,-190000,-190000
1522,堤維西          ,95000,290000,-195000,0,0,0,0,0,0,5000,6000,1000,5000,0,0,0,-190000
063697,香港反群益9C購01,0,0,0,0,0,0,0,0,0,-190000,0,0,0,100000,290000,-190000,-190000
062201,臺指反國票9B購05,0,0,0,0,0,0,0,0,0,-190000,0,0,0,882000,1072000,-190000,-190000
06912P,台光電元大99售02,0,0,0,0,0,0,0,0,0,-191000,0,0,0,0,191000,-191000,-191000
056520,鴻海日盛99購01  ,0,0,0,0,0,0,0,0,0,-191000,0,0,0,533000,724000,-191000,-191000
063150,聯發科元富05購03,0,0,0,0,0,0,0,0,0,-191000,0,0,0,139000,330000,-191000,-191000
064443,同欣電凱基03購01,0,0,0,0,0,0,0,0,0,-192000,0,0,0,16000,208000,-192000,-192000
07707P,玉山金元大9A售03,0,0,0,0,0,0,0,0,0,-192000,0,0,0,51000,243000,-192000,-192000
061134,大成鋼統一9C購01,0,0,0,0,0,0,0,0,0,-192000,0,0,0,3000,195000,-192000,-192000
6139,亞翔            ,208000,387000,-179000,0,0,0,0,0,0,-13000,2000,0,2000,0,15000,-15000,-192000
9941,裕融            ,19000,211000,-192000,0,0,0,0,0,0,0,1000,1000,0,0,0,0,-192000
063827,國巨國票02購01  ,0,0,0,0,0,0,0,0,0,-193000,0,0,0,7000,200000,-193000,-193000
062005,旺宏國泰01購01  ,0,0,0,0,0,0,0,0,0,-193000,0,0,0,3000,196000,-193000,-193000
056567,瀚宇博群益98購02,0,0,0,0,0,0,0,0,0,-194000,0,0,0,6000,200000,-194000,-194000
056954,聯詠富邦9A購01  ,0,0,0,0,0,0,0,0,0,-194000,0,0,0,10000,204000,-194000,-194000
056420,台表科元富98購01,0,0,0,0,0,0,0,0,0,-194000,0,0,0,1655000,1849000,-194000,-194000
00693U,街口S&P黃豆     ,98000,89000,9000,0,0,0,0,0,0,-203000,0,0,0,110000,313000,-203000,-194000
06157P,聯鈞統一97售02  ,0,0,0,0,0,0,0,0,0,-194000,0,0,0,40000,234000,-194000,-194000
06168P,台表科國票97售06,0,0,0,0,0,0,0,0,0,-194000,0,0,0,20000,214000,-194000,-194000
063384,巨大永豐9B購04  ,0,0,0,0,0,0,0,0,0,-194000,0,0,0,56000,250000,-194000,-194000
2536,宏普            ,25000,218000,-193000,0,0,0,0,0,0,-1000,0,1000,-1000,0,0,0,-194000
063916,瀚宇博凱基01購01,0,0,0,0,0,0,0,0,0,-195000,0,0,0,48000,243000,-195000,-195000
07652P,臺股指中信9A售07,0,0,0,0,0,0,0,0,0,-195000,0,0,0,144000,339000,-195000,-195000
07491P,臺股指國票9A售09,0,0,0,0,0,0,0,0,0,-195000,0,0,0,9000,204000,-195000,-195000
08065P,瑞昱凱基9B售03  ,0,0,0,0,0,0,0,0,0,-195000,0,0,0,0,195000,-195000,-195000
1532,勤美            ,40000,234000,-194000,0,0,0,0,0,0,-1000,0,1000,-1000,0,0,0,-195000
060388,世紀鋼凱基9B購01,0,0,0,0,0,0,0,0,0,-195000,0,0,0,10000,205000,-195000,-195000
055214,聯電凱基97購02  ,0,0,0,0,0,0,0,0,0,-195000,0,0,0,305000,500000,-195000,-195000
060854,台積電富邦9C購08,0,0,0,0,0,0,0,0,0,-195000,0,0,0,10000,205000,-195000,-195000
057103,禾伸堂中信9A購01,0,0,0,0,0,0,0,0,0,-195000,0,0,0,20000,215000,-195000,-195000
063200,瑞昱統一9C購01  ,0,0,0,0,0,0,0,0,0,-195000,0,0,0,66000,261000,-195000,-195000
6141,柏承            ,108000,305000,-197000,0,0,0,0,0,0,2000,2000,0,2000,0,0,0,-195000
08296P,同欣電元大9C售04,0,0,0,0,0,0,0,0,0,-196000,0,0,0,0,196000,-196000,-196000
07856P,力成凱基9A售02  ,0,0,0,0,0,0,0,0,0,-196000,0,0,0,0,196000,-196000,-196000
064377,宏達電元富9C購01,0,0,0,0,0,0,0,0,0,-196000,0,0,0,0,196000,-196000,-196000
055390,國巨統一98購03  ,0,0,0,0,0,0,0,0,0,-196000,0,0,0,72000,268000,-196000,-196000
060916,金像電國泰9C購01,0,0,0,0,0,0,0,0,0,-196000,0,0,0,206000,402000,-196000,-196000
6230,超眾            ,87000,256000,-169000,0,0,0,0,0,0,-27000,0,0,0,1000,28000,-27000,-196000
08068P,宏達電國泰9C售01,0,0,0,0,0,0,0,0,0,-197000,0,0,0,53000,250000,-197000,-197000
2328,廣宇            ,515000,659000,-144000,0,0,0,0,0,0,-53000,1000,28000,-27000,0,26000,-26000,-197000
05546P,全新元大97售01  ,0,0,0,0,0,0,0,0,0,-197000,0,0,0,4000,201000,-197000,-197000
6277,宏正            ,43000,240000,-197000,0,0,0,0,0,0,0,0,0,0,0,0,0,-197000
9910,豐泰            ,701000,840583,-139583,0,0,0,0,1000,-1000,-57000,0,57000,-57000,0,0,0,-197583
06770P,台灣50第一9C售01,0,0,0,0,0,0,0,0,0,-198000,0,0,0,0,198000,-198000,-198000
05851P,力山群益97售01  ,0,0,0,0,0,0,0,0,0,-198000,0,0,0,12000,210000,-198000,-198000
08359P,緯創元大9C售02  ,0,0,0,0,0,0,0,0,0,-199000,0,0,0,0,199000,-199000,-199000
3596,智易            ,271000,458400,-187400,0,0,0,0,0,0,-12000,7000,0,7000,11000,30000,-19000,-199400
08067P,大立光凱基9B售08,0,0,0,0,0,0,0,0,0,-200000,0,0,0,0,200000,-200000,-200000
07746P,華新科凱基9A售11,0,0,0,0,0,0,0,0,0,-200000,0,0,0,60000,260000,-200000,-200000
07492P,臺股指國票9A售10,0,0,0,0,0,0,0,0,0,-200000,0,0,0,0,200000,-200000,-200000
06904P,TPK凱基98售03   ,0,0,0,0,0,0,0,0,0,-200000,0,0,0,0,200000,-200000,-200000
07216P,大立光凱基99售08,0,0,0,0,0,0,0,0,0,-200000,0,0,0,0,200000,-200000,-200000
064080,宏達電中信06購01,0,0,0,0,0,0,0,0,0,-200000,0,0,0,0,200000,-200000,-200000
055505,新唐元大97購02  ,0,0,0,0,0,0,0,0,0,-200000,0,0,0,110000,310000,-200000,-200000
07647P,健策國票9A售04  ,0,0,0,0,0,0,0,0,0,-201000,0,0,0,0,201000,-201000,-201000
03432B,臺股指凱基98熊13,0,0,0,0,0,0,0,0,0,-201000,0,0,0,165000,366000,-201000,-201000
058643,T50正2富邦03購01,0,0,0,0,0,0,0,0,0,-201000,0,0,0,30000,231000,-201000,-201000
062127,台勝科統一01購02,0,0,0,0,0,0,0,0,0,-201000,0,0,0,41000,242000,-201000,-201000
4906,正文            ,643000,838000,-195000,0,0,0,0,0,0,-6000,38000,14000,24000,0,30000,-30000,-201000
064015,立積國票01購01  ,0,0,0,0,0,0,0,0,0,-202000,0,0,0,1000,203000,-202000,-202000
064465,台表科統一01購02,0,0,0,0,0,0,0,0,0,-202000,0,0,0,0,202000,-202000,-202000
060379,T50反1凱基9A購07,0,0,0,0,0,0,0,0,0,-202000,0,0,0,0,202000,-202000,-202000
063262,南六富邦9C購01  ,0,0,0,0,0,0,0,0,0,-202000,0,0,0,4000,206000,-202000,-202000
063955,TPK元大9C購01   ,0,0,0,0,0,0,0,0,0,-203000,0,0,0,58000,261000,-203000,-203000
07687P,上銀元大9A售06  ,0,0,0,0,0,0,0,0,0,-203000,0,0,0,34000,237000,-203000,-203000
2457,飛宏            ,121000,324000,-203000,0,0,0,0,0,0,0,1000,1000,0,0,0,0,-203000
08286P,大立光凱基9C售04,0,0,0,0,0,0,0,0,0,-204000,0,0,0,0,204000,-204000,-204000
07055P,景碩群益9A售02  ,0,0,0,0,0,0,0,0,0,-204000,0,0,0,50000,254000,-204000,-204000
062734,臺指反國票9C購03,0,0,0,0,0,0,0,0,0,-204000,0,0,0,19000,223000,-204000,-204000
06748P,智邦台新98售02  ,0,0,0,0,0,0,0,0,0,-205000,0,0,0,0,205000,-205000,-205000
06624P,訊芯元大98售06  ,0,0,0,0,0,0,0,0,0,-205000,0,0,0,116000,321000,-205000,-205000
08250P,GIS群益9C售02   ,0,0,0,0,0,0,0,0,0,-205000,0,0,0,271000,476000,-205000,-205000
08324P,大立光凱基9C售05,0,0,0,0,0,0,0,0,0,-205000,0,0,0,0,205000,-205000,-205000
062029,牧德群益9B購03  ,0,0,0,0,0,0,0,0,0,-205000,0,0,0,0,205000,-205000,-205000
061418,世紀鋼群益9A購02,0,0,0,0,0,0,0,0,0,-205000,0,0,0,232000,437000,-205000,-205000
08323P,華新科凱基9C售04,0,0,0,0,0,0,0,0,0,-206000,0,0,0,60000,266000,-206000,-206000
063023,華擎元大9B購02  ,0,0,0,0,0,0,0,0,0,-206000,0,0,0,145000,351000,-206000,-206000
062921,GIS元大9B購01   ,0,1000,-1000,0,0,0,0,0,0,-205000,0,0,0,59000,264000,-205000,-206000
08180P,聯發科國泰01售05,0,0,0,0,0,0,0,0,0,-207000,0,0,0,10000,217000,-207000,-207000
064206,鴻海凱基03購02  ,0,0,0,0,0,0,0,0,0,-207000,0,0,0,0,207000,-207000,-207000
058808,大成鋼統一9B購01,0,0,0,0,0,0,0,0,0,-207000,0,0,0,53000,260000,-207000,-207000
07026P,超眾凱基99售03  ,0,0,0,0,0,0,0,0,0,-208000,0,0,0,106000,314000,-208000,-208000
07421P,國泰金元大99售01,0,0,0,0,0,0,0,0,0,-208000,0,0,0,6000,214000,-208000,-208000
053799,矽創中信9A購01  ,0,0,0,0,0,0,0,0,0,-208000,0,0,0,577000,785000,-208000,-208000
06105P,國巨國票98售02  ,0,0,0,0,0,0,0,0,0,-208000,0,0,0,71000,279000,-208000,-208000
2484,希華            ,80000,293000,-213000,0,0,0,0,0,0,5000,5000,0,5000,0,0,0,-208000
07671P,超眾元大9A售04  ,0,0,0,0,0,0,0,0,0,-209000,0,0,0,0,209000,-209000,-209000
07106P,國巨統一9B售05  ,0,0,0,0,0,0,0,0,0,-209000,0,0,0,50000,259000,-209000,-209000
061898,茂林永豐9B購01  ,0,0,0,0,0,0,0,0,0,-209000,0,0,0,0,209000,-209000,-209000
07082P,美律元大99售06  ,0,0,0,0,0,0,0,0,0,-210000,0,0,0,55000,265000,-210000,-210000
07249P,T50正2富邦03售02,0,0,0,0,0,0,0,0,0,-211000,0,0,0,0,211000,-211000,-211000
1215,卜蜂            ,79000,272000,-193000,0,0,0,0,18000,-18000,0,26000,0,26000,21000,47000,-26000,-211000
057585,鴻海國票99購05  ,0,0,0,0,0,0,0,0,0,-211000,0,0,0,30000,241000,-211000,-211000
08674P,嘉晶元富07售02  ,0,0,0,0,0,0,0,0,0,-212000,0,0,0,0,212000,-212000,-212000
08297P,寶成元大9C售01  ,0,0,0,0,0,0,0,0,0,-212000,0,0,0,0,212000,-212000,-212000
1560,中砂            ,11000,223000,-212000,0,0,0,0,0,0,0,0,0,0,0,0,0,-212000
053291,旺宏中信9A購01  ,0,1000,-1000,0,0,0,0,0,0,-211000,0,0,0,0,211000,-211000,-212000
061429,南六元大9A購02  ,0,0,0,0,0,0,0,0,0,-212000,0,0,0,8000,220000,-212000,-212000
059023,可成統一9B購02  ,0,0,0,0,0,0,0,0,0,-213000,0,0,0,144000,357000,-213000,-213000
062982,同欣電元富9B購01,0,0,0,0,0,0,0,0,0,-213000,0,0,0,143000,356000,-213000,-213000
063167,同欣電永豐9B購03,0,0,0,0,0,0,0,0,0,-213000,0,0,0,69000,282000,-213000,-213000
2913,農林            ,86000,297000,-211000,0,0,0,0,0,0,-2000,0,2000,-2000,0,0,0,-213000
07811P,華新科統一9A售02,0,0,0,0,0,0,0,0,0,-214000,0,0,0,1000,215000,-214000,-214000
08086P,燿華凱基9B售03  ,0,0,0,0,0,0,0,0,0,-214000,0,0,0,1000,215000,-214000,-214000
06491P,台積電富邦99售02,0,0,0,0,0,0,0,0,0,-214000,0,0,0,145000,359000,-214000,-214000
060232,友訊元大9C購01  ,0,0,0,0,0,0,0,0,0,-214000,0,0,0,137000,351000,-214000,-214000
062821,華擎兆豐9C購01  ,0,0,0,0,0,0,0,0,0,-214000,0,0,0,226000,440000,-214000,-214000
064408,TPK凱基02購01   ,0,0,0,0,0,0,0,0,0,-215000,0,0,0,18000,233000,-215000,-215000
07164P,臺股指群益99售15,0,0,0,0,0,0,0,0,0,-215000,0,0,0,265000,480000,-215000,-215000
08279P,南電元富9C售02  ,0,0,0,0,0,0,0,0,0,-215000,0,0,0,206000,421000,-215000,-215000
054163,燿華凱基97購02  ,0,0,0,0,0,0,0,0,0,-215000,0,0,0,10000,225000,-215000,-215000
2399,映泰            ,143000,359000,-216000,0,0,0,0,0,0,0,0,0,0,0,0,0,-216000
060426,盛群永豐9A購01  ,0,0,0,0,0,0,0,0,0,-216000,0,0,0,16000,232000,-216000,-216000
055569,聚陽統一98購01  ,0,0,0,0,0,0,0,0,0,-216000,0,0,0,5000,221000,-216000,-216000
062647,南電國泰9C購02  ,0,0,0,0,0,0,0,0,0,-216000,0,0,0,914000,1130000,-216000,-216000
06138P,台積電中信99售01,0,0,0,0,0,0,0,0,0,-216000,0,0,0,23000,239000,-216000,-216000
08401P,玉晶光元富9C售04,0,0,0,0,0,0,0,0,0,-217000,0,0,0,0,217000,-217000,-217000
063137,瑞昱統一01購02  ,0,0,0,0,0,0,0,0,0,-217000,0,0,0,263000,480000,-217000,-217000
061038,TPK永豐9A購01   ,0,0,0,0,0,0,0,0,0,-218000,0,0,0,45000,263000,-218000,-218000
059295,大立光元富99購05,0,0,0,0,0,0,0,0,0,-218000,0,0,0,3000,221000,-218000,-218000
058328,世紀鋼統一9B購01,0,0,0,0,0,0,0,0,0,-218000,0,0,0,18000,236000,-218000,-218000
057816,欣興元大98購13  ,0,0,0,0,0,0,0,0,0,-218000,0,0,0,138000,356000,-218000,-218000
08246P,亞德客群益01售01,0,0,0,0,0,0,0,0,0,-219000,0,0,0,4000,223000,-219000,-219000
08171P,嘉澤國票9C售01  ,0,0,0,0,0,0,0,0,0,-219000,0,0,0,0,219000,-219000,-219000
06822P,上銀富邦99售03  ,0,0,0,0,0,0,0,0,0,-219000,0,0,0,133000,352000,-219000,-219000
06962P,華新科永豐99售01,0,0,0,0,0,0,0,0,0,-219000,0,0,0,113000,332000,-219000,-219000
00673R,元大S&P原油反1  ,3000,3000,0,0,0,0,0,0,0,-219000,0,0,0,56000,275000,-219000,-219000
054426,國泰金富邦97購02,0,0,0,0,0,0,0,0,0,-219000,0,0,0,15000,234000,-219000,-219000
058685,TPK凱基99購01   ,0,0,0,0,0,0,0,0,0,-219000,0,0,0,8000,227000,-219000,-219000
059425,SGBR2X元大9A購02,0,0,0,0,0,0,0,0,0,-219000,0,0,0,393000,612000,-219000,-219000
063358,華擎國泰01購01  ,0,0,0,0,0,0,0,0,0,-219000,0,0,0,172000,391000,-219000,-219000
060908,金像電元大9A購03,0,0,0,0,0,0,0,0,0,-219000,0,0,0,16000,235000,-219000,-219000
06779P,智邦元大98售12  ,0,0,0,0,0,0,0,0,0,-220000,0,0,0,0,220000,-220000,-220000
064188,玉晶光永豐9C購02,0,0,0,0,0,0,0,0,0,-220000,0,0,0,30000,250000,-220000,-220000
07969P,臺股指元大9B售27,0,0,0,0,0,0,0,0,0,-220000,0,0,0,0,220000,-220000,-220000
057395,旺宏中信98購03  ,0,0,0,0,0,0,0,0,0,-220000,0,0,0,0,220000,-220000,-220000
6226,光鼎            ,27000,235000,-208000,0,0,0,0,0,0,-12000,0,12000,-12000,0,0,0,-220000
08234P,華擎元富9B售03  ,0,0,0,0,0,0,0,0,0,-221000,0,0,0,81000,302000,-221000,-221000
064370,聯茂統一02購01  ,0,0,0,0,0,0,0,0,0,-221000,0,0,0,94000,315000,-221000,-221000
056970,TPK永豐98購01   ,0,0,0,0,0,0,0,0,0,-221000,0,0,0,78000,299000,-221000,-221000
059041,南茂群益99購02  ,0,0,0,0,0,0,0,0,0,-221000,0,0,0,52000,273000,-221000,-221000
063349,台郡統一9C購01  ,0,0,0,0,0,0,0,0,0,-221000,0,0,0,31000,252000,-221000,-221000
3563,牧德            ,43000,247000,-204000,0,0,0,0,4000,-4000,-14000,11000,10000,1000,9000,24000,-15000,-222000
9935,慶豐富          ,396000,618000,-222000,0,0,0,0,0,0,0,0,0,0,0,0,0,-222000
07563P,台灣50中信04售01,0,0,0,0,0,0,0,0,0,-223000,0,0,0,0,223000,-223000,-223000
056241,緯創群益97購01  ,0,0,0,0,0,0,0,0,0,-223000,0,0,0,89000,312000,-223000,-223000
063419,聯發科凱基03購01,0,0,0,0,0,0,0,0,0,-223000,0,0,0,214000,437000,-223000,-223000
07836P,大成鋼元大9A售01,0,0,0,0,0,0,0,0,0,-224000,0,0,0,151000,375000,-224000,-224000
07875P,祥碩群益9B售01  ,0,0,0,0,0,0,0,0,0,-224000,0,0,0,0,224000,-224000,-224000
063445,金像電統一9B購01,0,0,0,0,0,0,0,0,0,-224000,0,0,0,18000,242000,-224000,-224000
2049,上銀            ,807000,813307,-6307,0,0,0,0,141000,-141000,-77000,11000,37000,-26000,4000,55000,-51000,-224307
3665,貿聯-KY         ,291000,459000,-168000,0,0,0,50000,25000,25000,-82000,47000,30000,17000,6000,105000,-99000,-225000
4916,事欣科          ,10000,236000,-226000,0,0,0,0,0,0,1000,1000,0,1000,0,0,0,-225000
056266,開發金統一9A購01,0,0,0,0,0,0,0,0,0,-226000,0,0,0,112000,338000,-226000,-226000
3443,創意            ,185654,355000,-169346,0,0,0,10000,2000,8000,-66000,0,30000,-30000,10000,46000,-36000,-227346
1702,南僑            ,31000,258000,-227000,0,0,0,0,0,0,-1000,0,1000,-1000,0,0,0,-228000
07527P,台灣50凱基9B售02,0,0,0,0,0,0,0,0,0,-228000,0,0,0,122000,350000,-228000,-228000
056615,燿華永豐98購02  ,0,0,0,0,0,0,0,0,0,-228000,0,0,0,0,228000,-228000,-228000
054567,拓凱群益98購01  ,0,0,0,0,0,0,0,0,0,-228000,0,0,0,130000,358000,-228000,-228000
052704,TPK國票97購01   ,0,0,0,0,0,0,0,0,0,-228000,0,0,0,0,228000,-228000,-228000
054640,健策中信9B購01  ,0,0,0,0,0,0,0,0,0,-229000,0,0,0,552000,781000,-229000,-229000
060404,台勝科國泰9B購01,0,0,0,0,0,0,0,0,0,-229000,0,0,0,171000,400000,-229000,-229000
062803,嘉晶統一9B購02  ,0,0,0,0,0,0,0,0,0,-229000,0,0,0,41000,270000,-229000,-229000
2453,凌群            ,156000,389000,-233000,0,0,0,0,0,0,4000,4000,0,4000,0,0,0,-229000
054312,TPK凱基98購01   ,0,0,0,0,0,0,0,0,0,-230000,0,0,0,50000,280000,-230000,-230000
042792,T50反1台新9C購01,0,0,0,0,0,0,0,0,0,-230000,0,0,0,0,230000,-230000,-230000
058200,世芯康和99購01  ,0,0,0,0,0,0,0,0,0,-230000,0,0,0,151000,381000,-230000,-230000
058932,FBVIX台新99購01 ,0,0,0,0,0,0,0,0,0,-230000,0,0,0,0,230000,-230000,-230000
063341,燿華統一9C購01  ,0,0,0,0,0,0,0,0,0,-231000,0,0,0,410000,641000,-231000,-231000
063280,燿華元大9B購05  ,0,0,0,0,0,0,0,0,0,-231000,0,0,0,295000,526000,-231000,-231000
054467,隆達凱基97購01  ,0,0,0,0,0,0,0,0,0,-233000,0,0,0,0,233000,-233000,-233000
060406,瑞祺國泰9B購01  ,0,0,0,0,0,0,0,0,0,-233000,0,0,0,250000,483000,-233000,-233000
056554,GIS凱基99購01   ,0,0,0,0,0,0,0,0,0,-233000,0,0,0,0,233000,-233000,-233000
059181,世紀鋼元富9C購01,0,0,0,0,0,0,0,0,0,-233000,0,0,0,68000,301000,-233000,-233000
062265,南茂元大9B購01  ,0,0,0,0,0,0,0,0,0,-233000,0,0,0,195000,428000,-233000,-233000
4942,嘉彰            ,26000,260000,-234000,0,0,0,0,0,0,0,0,0,0,0,0,0,-234000
08261P,玉晶光元大9C售08,0,0,0,0,0,0,0,0,0,-235000,0,0,0,0,235000,-235000,-235000
064073,南電永豐9C購01  ,0,0,0,0,0,0,0,0,0,-235000,0,0,0,99000,334000,-235000,-235000
03840P,台積電統一99售02,0,0,0,0,0,0,0,0,0,-235000,0,0,0,0,235000,-235000,-235000
058149,百和元大99購02  ,0,0,0,0,0,0,0,0,0,-235000,0,0,0,60000,295000,-235000,-235000
058764,康友群益99購01  ,0,0,0,0,0,0,0,0,0,-235000,0,0,0,0,235000,-235000,-235000
062297,億豐永豐9B購01  ,0,0,0,0,0,0,0,0,0,-236000,0,0,0,128000,364000,-236000,-236000
2731,雄獅            ,64000,301000,-237000,0,0,0,0,0,0,0,0,0,0,0,0,0,-237000
07202P,台灣50凱基9C售04,0,0,0,0,0,0,0,0,0,-238000,0,0,0,15000,253000,-238000,-238000
2392,正崴            ,425000,652000,-227000,0,0,0,0,0,0,-11000,1000,24000,-23000,41000,29000,12000,-238000
057768,華新科中信9A購01,0,0,0,0,0,0,0,0,0,-238000,0,0,0,0,238000,-238000,-238000
063383,億豐永豐9B購02  ,0,0,0,0,0,0,0,0,0,-238000,0,0,0,6000,244000,-238000,-238000
062802,宏達電統一9B購01,0,0,0,0,0,0,0,0,0,-238000,0,0,0,0,238000,-238000,-238000
1439,中和            ,27000,267000,-240000,0,0,0,0,0,0,1000,1000,0,1000,0,0,0,-239000
062761,嘉晶凱基9C購01  ,0,0,0,0,0,0,0,0,0,-239000,0,0,0,193000,432000,-239000,-239000
07709P,創意元大9A售01  ,0,0,0,0,0,0,0,0,0,-240000,0,0,0,0,240000,-240000,-240000
056545,TPK凱基98購02   ,0,0,0,0,0,0,0,0,0,-240000,0,0,0,40000,280000,-240000,-240000
055810,T50反1國票99購01,0,0,0,0,0,0,0,0,0,-240000,0,0,0,30000,270000,-240000,-240000
07315P,台積電台新99售06,0,0,0,0,0,0,0,0,0,-241000,0,0,0,0,241000,-241000,-241000
063071,華新科富邦02購01,0,0,0,0,0,0,0,0,0,-241000,0,0,0,26000,267000,-241000,-241000
06743P,創意永豐98售03  ,0,0,0,0,0,0,0,0,0,-242000,0,0,0,48000,290000,-242000,-242000
060562,旺宏富邦9C購02  ,0,0,0,0,0,0,0,0,0,-243000,0,0,0,0,243000,-243000,-243000
08360P,國巨國泰02售01  ,0,0,0,0,0,0,0,0,0,-244000,0,0,0,0,244000,-244000,-244000
060155,友訊永豐9A購01  ,0,0,0,0,0,0,0,0,0,-244000,0,0,0,133000,377000,-244000,-244000
061414,牧德群益9B購02  ,0,0,0,0,0,0,0,0,0,-244000,0,0,0,55000,299000,-244000,-244000
08110P,臺股指中信01售05,0,0,0,0,0,0,0,0,0,-245000,0,0,0,5000,250000,-245000,-245000
06595P,祥碩元大98售03  ,0,0,0,0,0,0,0,0,0,-245000,0,0,0,70000,315000,-245000,-245000
056044,同欣電凱基97購03,0,0,0,0,0,0,0,0,0,-245000,0,0,0,91000,336000,-245000,-245000
063106,台表科群益9B購03,0,0,0,0,0,0,0,0,0,-245000,0,0,0,6000,251000,-245000,-245000
062887,台積電群益9C購05,0,0,0,0,0,0,0,0,0,-245000,0,0,0,184000,429000,-245000,-245000
2607,榮運            ,52000,295000,-243000,0,0,0,0,0,0,-2000,0,2000,-2000,0,0,0,-245000
5388,中磊            ,256000,472000,-216000,0,0,0,0,0,0,-29000,3000,16000,-13000,0,16000,-16000,-245000
6416,瑞祺電通        ,168000,246000,-78000,0,0,0,0,134000,-134000,-33000,28000,36000,-8000,20000,45000,-25000,-245000
3653,健策            ,605000,840000,-235000,0,0,0,83000,134000,-51000,40000,150000,67000,83000,198000,241000,-43000,-246000
1460,宏遠            ,40000,285000,-245000,0,0,0,0,0,0,-2000,0,2000,-2000,0,0,0,-247000
061843,億豐凱基9C購01  ,0,0,0,0,0,0,0,0,0,-247000,0,0,0,5000,252000,-247000,-247000
2031,新光鋼          ,57000,332000,-275000,0,0,0,0,0,0,27000,28000,1000,27000,0,0,0,-248000
07424P,大立光元大9B售01,0,0,0,0,0,0,0,0,0,-249000,0,0,0,57000,306000,-249000,-249000
5876,上海商銀        ,2281159,2549225,-268066,0,0,0,0,0,0,19000,35000,1000,34000,1000,16000,-15000,-249066
07966P,瑞祺群益9B售02  ,0,0,0,0,0,0,0,0,0,-250000,0,0,0,1000,251000,-250000,-250000
08406P,緯穎元大9C售01  ,0,0,0,0,0,0,0,0,0,-250000,0,0,0,35000,285000,-250000,-250000
06620P,聯發科元大98售07,0,0,0,0,0,0,0,0,0,-250000,0,0,0,0,250000,-250000,-250000
064493,南亞科元大9C購01,0,0,0,0,0,0,0,0,0,-250000,0,0,0,0,250000,-250000,-250000
07215P,大立光凱基99售07,0,0,0,0,0,0,0,0,0,-250000,0,0,0,0,250000,-250000,-250000
06434P,超眾群益98售02  ,0,0,0,0,0,0,0,0,0,-250000,0,0,0,125000,375000,-250000,-250000
6288,聯嘉            ,172000,428000,-256000,0,0,0,0,0,0,6000,8000,2000,6000,0,0,0,-250000
064388,緯穎富邦9C購01  ,0,0,0,0,0,0,0,0,0,-251000,0,0,0,559000,810000,-251000,-251000
2355,敬鵬            ,423000,636000,-213000,0,0,0,0,0,0,-38000,68000,122000,-54000,16000,0,16000,-251000
059259,FBVIX中信03購06 ,5000,0,5000,0,0,0,0,0,0,-256000,0,0,0,5000,261000,-256000,-251000
060084,聯電元大99購02  ,0,0,0,0,0,0,0,0,0,-251000,0,0,0,20000,271000,-251000,-251000
063548,同欣電兆豐9B購01,0,0,0,0,0,0,0,0,0,-251000,0,0,0,26000,277000,-251000,-251000
064248,億光元富9C購01  ,0,0,0,0,0,0,0,0,0,-252000,0,0,0,0,252000,-252000,-252000
064487,和大元大9C購01  ,0,0,0,0,0,0,0,0,0,-252000,0,0,0,2000,254000,-252000,-252000
054511,香港反元大98購01,0,0,0,0,0,0,0,0,0,-252000,0,0,0,0,252000,-252000,-252000
057261,瑞昱兆豐98購01  ,0,0,0,0,0,0,0,0,0,-252000,0,0,0,5000,257000,-252000,-252000
058216,TPK群益99購01   ,0,0,0,0,0,0,0,0,0,-252000,0,0,0,115000,367000,-252000,-252000
6209,今國光          ,162000,415000,-253000,0,0,0,0,0,0,1000,1000,0,1000,0,0,0,-252000
057835,華擎元富9B購01  ,0,0,0,0,0,0,0,0,0,-253000,0,0,0,121000,374000,-253000,-253000
2106,建大            ,195000,432000,-237000,0,0,0,0,0,0,-17000,0,17000,-17000,0,0,0,-254000
063188,TPK凱基9B購01   ,0,0,0,0,0,0,0,0,0,-254000,0,0,0,252000,506000,-254000,-254000
062543,華通富邦9C購01  ,0,0,0,0,0,0,0,0,0,-254000,0,0,0,168000,422000,-254000,-254000
06242P,大立光元富9A售02,0,0,0,0,0,0,0,0,0,-254000,0,0,0,32000,286000,-254000,-254000
08152P,祥碩統一9B售02  ,0,0,0,0,0,0,0,0,0,-255000,0,0,0,0,255000,-255000,-255000
07980P,臺股指凱基02售01,0,0,0,0,0,0,0,0,0,-255000,0,0,0,0,255000,-255000,-255000
08089P,嘉澤凱基9B售03  ,0,0,0,0,0,0,0,0,0,-256000,0,0,0,200000,456000,-256000,-256000
5608,四維航          ,80000,339000,-259000,0,0,0,0,0,0,2000,3000,1000,2000,0,0,0,-257000
06644P,亞德客元大98售03,0,0,0,0,0,0,0,0,0,-258000,0,0,0,151000,409000,-258000,-258000
08062P,華擎國票9B售03  ,0,0,0,0,0,0,0,0,0,-259000,0,0,0,20000,279000,-259000,-259000
058691,友訊國票9A購01  ,0,0,0,0,0,0,0,0,0,-259000,0,0,0,55000,314000,-259000,-259000
058623,國巨國票99購08  ,0,0,0,0,0,0,0,0,0,-259000,0,0,0,39000,298000,-259000,-259000
060712,建準永豐9A購01  ,0,0,0,0,0,0,0,0,0,-259000,0,0,0,6000,265000,-259000,-259000
1723,中碳            ,6000,266000,-260000,0,0,0,0,0,0,0,0,0,0,0,0,0,-260000
053723,奇鋐凱基98購01  ,0,0,0,0,0,0,0,0,0,-260000,0,0,0,0,260000,-260000,-260000
056828,國巨富邦9A購03  ,0,0,0,0,0,0,0,0,0,-260000,0,0,0,0,260000,-260000,-260000
063512,聯發科麥證9B購02,0,0,0,0,260000,-260000,0,0,0,-260000,0,0,0,0,260000,-260000,-260000
8105,凌巨            ,88000,349000,-261000,0,0,0,0,0,0,1000,1000,0,1000,0,0,0,-260000
2371,大同            ,2439000,2183685,255315,0,0,0,0,40000,-40000,-476000,0,476000,-476000,0,0,0,-260685
061188,大成鋼富邦9B購01,0,0,0,0,0,0,0,0,0,-261000,0,0,0,118000,379000,-261000,-261000
4720,德淵            ,18000,281000,-263000,0,0,0,0,0,0,2000,2000,0,2000,0,0,0,-261000
1526,日馳            ,325000,587000,-262000,0,0,0,0,0,0,0,0,0,0,0,0,0,-262000
063689,可成永豐9B購04  ,0,0,0,0,0,0,0,0,0,-262000,0,0,0,191000,453000,-262000,-262000
063639,華擎元大9C購03  ,0,0,0,0,0,0,0,0,0,-262000,0,0,0,107000,369000,-262000,-262000
08384P,臺股指群益9C售12,0,0,0,0,0,0,0,0,0,-263000,0,0,0,0,263000,-263000,-263000
07011P,宏達電凱基99售02,0,0,0,0,0,0,0,0,0,-263000,0,0,0,30000,293000,-263000,-263000
056296,旺宏元大97購07  ,0,0,0,0,0,0,0,0,0,-263000,0,0,0,0,263000,-263000,-263000
2314,台揚            ,163000,430000,-267000,0,0,0,0,0,0,3000,4000,1000,3000,0,0,0,-264000
06679P,旺宏元大98售09  ,0,0,0,0,0,0,0,0,0,-266000,0,0,0,17000,283000,-266000,-266000
055966,茂林元大99購01  ,0,0,0,0,0,0,0,0,0,-266000,0,0,0,25000,291000,-266000,-266000
053856,台積電富邦98購01,0,0,0,0,0,0,0,0,0,-266000,0,0,0,0,266000,-266000,-266000
05692P,聯發科中信9A售02,0,0,0,0,0,0,0,0,0,-267000,0,0,0,190000,457000,-267000,-267000
058766,力山兆豐99購01  ,0,0,0,0,0,0,0,0,0,-267000,0,0,0,17000,284000,-267000,-267000
6669,緯穎            ,343632,585501,-241869,0,0,0,29000,2000,27000,-53000,48000,37000,11000,10000,74000,-64000,-267869
06597P,國巨富邦9A售05  ,0,0,0,0,0,0,0,0,0,-268000,0,0,0,40000,308000,-268000,-268000
1701,中化            ,290000,557000,-267000,0,0,0,0,0,0,-1000,0,1000,-1000,0,0,0,-268000
057523,大成鋼元大99購01,0,0,0,0,0,0,0,0,0,-268000,0,0,0,168000,436000,-268000,-268000
064468,健策元富9C購02  ,0,0,0,0,0,0,0,0,0,-269000,0,0,0,2000,271000,-269000,-269000
058721,立積元富9C購01  ,0,0,0,0,0,0,0,0,0,-269000,0,0,0,202000,471000,-269000,-269000
063185,聯發科凱基9C購03,0,0,0,0,0,0,0,0,0,-269000,0,0,0,350000,619000,-269000,-269000
06680P,智邦元大98售06  ,0,0,0,0,0,0,0,0,0,-270000,0,0,0,0,270000,-270000,-270000
060380,T50反1凱基9A購08,0,0,0,0,0,0,0,0,0,-270000,0,0,0,0,270000,-270000,-270000
00634R,富邦上証反1     ,41000,0,41000,0,0,0,0,0,0,-311000,0,0,0,208000,519000,-311000,-270000
063125,華擎元大9C購02  ,0,0,0,0,0,0,0,0,0,-270000,0,0,0,123000,393000,-270000,-270000
07319P,台積電凱基01售02,0,0,0,0,0,0,0,0,0,-271000,0,0,0,40000,311000,-271000,-271000
07952P,富邦金元大9B售02,0,0,0,0,0,0,0,0,0,-272000,0,0,0,0,272000,-272000,-272000
07070P,晶相光元富99售01,0,0,0,0,0,0,0,0,0,-272000,0,0,0,0,272000,-272000,-272000
061457,TPK凱基9A購01   ,0,0,0,0,0,0,0,0,0,-272000,0,0,0,103000,375000,-272000,-272000
07747P,晶技凱基9A售04  ,0,0,0,0,0,0,0,0,0,-273000,0,0,0,19000,292000,-273000,-273000
054471,T50反1中信9C購01,0,0,0,0,0,0,0,0,0,-273000,0,0,0,0,273000,-273000,-273000
063773,可成富邦9C購01  ,0,0,0,0,0,0,0,0,0,-276000,0,0,0,464000,740000,-276000,-276000
058421,國泰金麥證01購01,0,0,0,10000,286000,-276000,0,0,0,-276000,0,0,0,10000,286000,-276000,-276000
063318,京鼎群益9C購02  ,0,0,0,0,0,0,0,0,0,-276000,0,0,0,39000,315000,-276000,-276000
060375,葡萄王元富9A購01,0,0,0,0,0,0,0,0,0,-277000,0,0,0,576000,853000,-277000,-277000
061129,文曄永豐9A購01  ,0,0,0,0,0,0,0,0,0,-280000,0,0,0,0,280000,-280000,-280000
06332P,世紀鋼群益98售01,0,0,0,0,0,0,0,0,0,-280000,0,0,0,20000,300000,-280000,-280000
3036,文曄            ,207000,331000,-124000,0,0,0,0,1000,-1000,-155000,4000,207000,-203000,53000,5000,48000,-280000
07839P,嘉澤元大9A售04  ,0,0,0,0,0,0,0,0,0,-281000,0,0,0,0,281000,-281000,-281000
08004P,大毅永豐9B售02  ,0,0,0,0,0,0,0,0,0,-281000,0,0,0,0,281000,-281000,-281000
08173P,金像電凱基9B售02,0,0,0,0,0,0,0,0,0,-281000,0,0,0,110000,391000,-281000,-281000
4935,茂林-KY         ,188000,371000,-183000,0,0,0,0,0,0,-98000,1000,80000,-79000,26000,45000,-19000,-281000
064521,群創群益02購01  ,0,0,0,0,0,0,0,0,0,-282000,0,0,0,20000,302000,-282000,-282000
057954,宏碁元大99購01  ,0,0,0,0,0,0,0,0,0,-283000,0,0,0,68000,351000,-283000,-283000
06953P,景碩統一9A售01  ,0,0,0,0,0,0,0,0,0,-284000,0,0,0,0,284000,-284000,-284000
07468P,聯電元大9A售02  ,0,0,0,0,0,0,0,0,0,-284000,0,0,0,260000,544000,-284000,-284000
1319,東陽            ,345409,453879,-108470,0,0,0,0,0,0,-176000,0,176000,-176000,0,0,0,-284470
07782P,寶成凱基9A售02  ,0,0,0,0,0,0,0,0,0,-285000,0,0,0,2000,287000,-285000,-285000
07171P,臺股指國票99售08,0,0,0,0,0,0,0,0,0,-285000,0,0,0,287000,572000,-285000,-285000
2501,國建            ,78000,361000,-283000,0,0,0,0,0,0,-2000,0,2000,-2000,0,0,0,-285000
5203,訊連            ,89000,386000,-297000,0,0,0,0,0,0,11000,20000,2000,18000,0,7000,-7000,-286000
061094,彩晶統一9B購02  ,0,0,0,0,0,0,0,0,0,-287000,0,0,0,625000,912000,-287000,-287000
06000P,GIS元大96售04   ,0,0,0,0,0,0,0,0,0,-287000,0,0,0,1000,288000,-287000,-287000
064513,T50反1群益9C購01,0,0,0,0,0,0,0,0,0,-288000,0,0,0,20000,308000,-288000,-288000
06399P,台表科凱基97售05,0,0,0,0,0,0,0,0,0,-290000,0,0,0,0,290000,-290000,-290000
07546P,玉晶光凱基9A售09,0,0,0,0,0,0,0,0,0,-290000,0,0,0,0,290000,-290000,-290000
2426,鼎元            ,21000,311000,-290000,0,0,0,0,0,0,0,1000,1000,0,0,0,0,-290000
060416,神隆永豐9A購01  ,0,0,0,0,0,0,0,0,0,-290000,0,0,0,157000,447000,-290000,-290000
057415,和碩日盛98購01  ,0,0,0,0,0,0,0,0,0,-292000,0,0,0,31000,323000,-292000,-292000
061364,國巨國票9A購09  ,0,0,0,0,0,0,0,0,0,-292000,0,0,0,188000,480000,-292000,-292000
062108,晶豪科國票9B購01,0,0,0,0,0,0,0,0,0,-292000,0,0,0,32000,324000,-292000,-292000
063905,健策麥證02購01  ,0,3000,-3000,43000,333000,-290000,0,0,0,-290000,0,0,0,43000,333000,-290000,-293000
06047P,聯發科富邦99售04,0,0,0,0,0,0,0,0,0,-293000,0,0,0,20000,313000,-293000,-293000
07728P,臺股指凱基9A售20,0,0,0,0,0,0,0,0,0,-294000,0,0,0,68000,362000,-294000,-294000
060758,台積電元大9A購19,0,0,0,0,0,0,0,0,0,-294000,0,0,0,135000,429000,-294000,-294000
061351,智伸科元大9A購01,0,0,0,0,0,0,0,0,0,-294000,0,0,0,65000,359000,-294000,-294000
08213P,台光電統一9B售03,0,0,0,0,0,0,0,0,0,-295000,0,0,0,23000,318000,-295000,-295000
06421P,嘉澤統一97售02  ,0,0,0,0,0,0,0,0,0,-295000,0,0,0,27000,322000,-295000,-295000
058646,聯茂富邦9A購01  ,0,0,0,0,0,0,0,0,0,-295000,0,0,0,28000,323000,-295000,-295000
07233P,台灣50元大99售04,0,0,0,0,0,0,0,0,0,-296000,0,0,0,8000,304000,-296000,-296000
057737,國巨富邦99購02  ,0,0,0,0,0,0,0,0,0,-296000,0,0,0,5000,301000,-296000,-296000
2464,盟立            ,31000,323000,-292000,0,0,0,0,0,0,-4000,0,0,0,0,4000,-4000,-296000
053486,T50反1兆豐96購01,0,0,0,0,0,0,0,0,0,-298000,0,0,0,0,298000,-298000,-298000
063675,亞德客國泰01購01,0,0,0,0,0,0,0,0,0,-298000,0,0,0,200000,498000,-298000,-298000
2838,聯邦銀          ,248000,546000,-298000,0,0,0,0,0,0,0,0,0,0,0,0,0,-298000
064309,聯發科群益9C購07,0,0,0,0,0,0,0,0,0,-299000,0,0,0,0,299000,-299000,-299000
064350,茂林元大01購01  ,0,0,0,0,0,0,0,0,0,-300000,0,0,0,0,300000,-300000,-300000
063822,聯發科麥證01購01,0,0,0,0,300000,-300000,0,0,0,-300000,0,0,0,0,300000,-300000,-300000
07371P,滬深2X元大99售07,0,0,0,0,0,0,0,0,0,-300000,0,0,0,0,300000,-300000,-300000
055234,昇陽半國票98購02,0,0,0,0,0,0,0,0,0,-300000,0,0,0,10000,310000,-300000,-300000
05052P,友達群益97售01  ,0,0,0,0,0,0,0,0,0,-300000,0,0,0,0,300000,-300000,-300000
057490,可成元大98購10  ,0,0,0,0,0,0,0,0,0,-300000,0,0,0,72000,372000,-300000,-300000
062132,神隆群益9B購01  ,0,0,0,0,0,0,0,0,0,-300000,0,0,0,217000,517000,-300000,-300000
07791P,奇鋐元大9A售02  ,0,0,0,0,0,0,0,0,0,-301000,0,0,0,0,301000,-301000,-301000
03662C,FBVIX凱基03牛01 ,0,0,0,0,0,0,0,0,0,-301000,0,0,0,20000,321000,-301000,-301000
08349P,南六元大9C售03  ,0,0,0,0,0,0,0,0,0,-302000,0,0,0,10000,312000,-302000,-302000
1455,集盛            ,50000,353000,-303000,0,0,0,0,0,0,1000,1000,0,1000,0,0,0,-302000
07145P,為升元大99售03  ,0,0,0,0,0,0,0,0,0,-302000,0,0,0,0,302000,-302000,-302000
052968,燿華群益98購01  ,0,0,0,0,0,0,0,0,0,-302000,0,0,0,0,302000,-302000,-302000
054740,強茂凱基99購01  ,0,0,0,0,0,0,0,0,0,-303000,0,0,0,7000,310000,-303000,-303000
4977,眾達-KY         ,638000,279000,359000,0,0,0,0,662000,-662000,0,7000,6000,1000,0,1000,-1000,-303000
5215,科嘉-KY         ,380000,525000,-145000,0,0,0,0,117000,-117000,-42000,1000,43000,-42000,0,0,0,-304000
4564,元翎            ,110000,410000,-300000,0,0,0,0,0,0,-4000,0,0,0,0,4000,-4000,-304000
3338,泰碩            ,203000,160000,43000,0,0,0,60000,50000,10000,-357000,1000,246000,-245000,8000,120000,-112000,-304000
2338,光罩            ,274000,425000,-151000,0,0,0,0,0,0,-155000,0,0,0,5000,160000,-155000,-306000
064463,聯茂統一01購02  ,0,0,0,0,0,0,0,0,0,-308000,0,0,0,7000,315000,-308000,-308000
057016,中石化凱基9B購01,0,0,0,0,0,0,0,0,0,-308000,0,0,0,100000,408000,-308000,-308000
063669,宏達電統一9C購01,0,0,0,0,0,0,0,0,0,-308000,0,0,0,100000,408000,-308000,-308000
4919,新唐            ,101000,379000,-278000,0,0,0,0,1000,-1000,-29000,6000,0,6000,1000,36000,-35000,-308000
060628,和大富邦9B購01  ,0,0,0,0,0,0,0,0,0,-309000,0,0,0,41000,350000,-309000,-309000
07506P,中租元大9A售01  ,0,0,0,0,0,0,0,0,0,-310000,0,0,0,0,310000,-310000,-310000
055331,國巨兆豐99購01  ,0,0,0,0,0,0,0,0,0,-310000,0,0,0,301000,611000,-310000,-310000
063065,聯發科麥證9C購01,0,0,0,0,310000,-310000,0,0,0,-310000,0,0,0,0,310000,-310000,-310000
06878P,台灣50日盛9B售01,0,0,0,0,0,0,0,0,0,-311000,0,0,0,300000,611000,-311000,-311000
060632,可成富邦9B購01  ,0,0,0,0,0,0,0,0,0,-311000,0,0,0,843000,1154000,-311000,-311000
063680,寶成富邦9C購01  ,0,0,0,0,0,0,0,0,0,-311000,0,0,0,0,311000,-311000,-311000
062341,台表科麥證9C購01,0,0,0,0,311000,-311000,0,0,0,-311000,0,0,0,0,311000,-311000,-311000
062167,燿華永豐9B購01  ,0,0,0,0,0,0,0,0,0,-311000,0,0,0,0,311000,-311000,-311000
061832,聯發科凱基9B購06,0,0,0,0,0,0,0,0,0,-313000,0,0,0,78000,391000,-313000,-313000
063786,瑞昱中信06購01  ,0,0,0,0,0,0,0,0,0,-314000,0,0,0,287000,601000,-314000,-314000
064294,和大中信9C購01  ,0,0,0,0,0,0,0,0,0,-316000,0,0,0,91000,407000,-316000,-316000
2406,國碩            ,142000,458000,-316000,0,0,0,0,0,0,0,0,0,0,0,0,0,-316000
057595,健鼎兆豐98購01  ,0,0,0,0,0,0,0,0,0,-316000,0,0,0,10000,326000,-316000,-316000
8039,台虹            ,173000,469000,-296000,0,0,0,0,0,0,-21000,2000,0,2000,0,23000,-23000,-317000
08387P,臺股指群益9C售15,0,0,0,0,0,0,0,0,0,-318000,0,0,0,0,318000,-318000,-318000
057475,聯電元大9A購01  ,0,0,0,0,0,0,0,0,0,-318000,0,0,0,465000,783000,-318000,-318000
062327,燿華統一9B購02  ,0,0,0,0,0,0,0,0,0,-318000,0,0,0,494000,812000,-318000,-318000
059183,T50反1台新03購02,0,0,0,0,0,0,0,0,0,-319000,0,0,0,25000,344000,-319000,-319000
063186,聯發科凱基9C購04,0,0,0,0,0,0,0,0,0,-319000,0,0,0,0,319000,-319000,-319000
059033,元油2X群益9C購05,0,0,0,0,0,0,0,0,0,-320000,0,0,0,0,320000,-320000,-320000
061114,南電元大9A購04  ,0,0,0,0,0,0,0,0,0,-323000,0,0,0,90000,413000,-323000,-323000
6592,和潤企業        ,48000,456000,-408000,0,0,0,0,0,0,85000,91000,1000,90000,1000,6000,-5000,-323000
1103,嘉泥            ,35000,358000,-323000,0,0,0,0,0,0,-1000,0,1000,-1000,0,0,0,-324000
3712,永崴投控        ,228000,558000,-330000,0,0,0,0,0,0,6000,6000,0,6000,0,0,0,-324000
06552P,茂林元大99售02  ,0,0,0,0,0,0,0,0,0,-325000,0,0,0,0,325000,-325000,-325000
057579,長榮航中信9A購01,0,0,0,0,0,0,0,0,0,-325000,0,0,0,132000,457000,-325000,-325000
061350,牧德元大9B購03  ,0,0,0,0,0,0,0,0,0,-326000,0,0,0,33000,359000,-326000,-326000
057581,元大金中信9A購01,0,0,0,0,0,0,0,0,0,-328000,0,0,0,498000,826000,-328000,-328000
056927,T50反1台新02購01,0,0,0,0,0,0,0,0,0,-329000,0,0,0,0,329000,-329000,-329000
1712,興農            ,34000,371000,-337000,0,0,0,0,0,0,7000,7000,0,7000,0,0,0,-330000
056430,鴻海凱基98購06  ,0,0,0,0,0,0,0,0,0,-330000,0,0,0,0,330000,-330000,-330000
00654R,富邦印度反1     ,0,1000,-1000,0,0,0,0,0,0,-329000,0,0,0,0,329000,-329000,-330000
6177,達麗            ,150000,480000,-330000,0,0,0,0,0,0,0,1000,1000,0,0,0,0,-330000
058660,樺漢中信9A購01  ,0,0,0,0,0,0,0,0,0,-333000,0,0,0,82000,415000,-333000,-333000
061795,智邦永豐9B購01  ,0,0,0,0,0,0,0,0,0,-333000,0,0,0,25000,358000,-333000,-333000
07162P,臺股指群益99售13,0,0,0,0,0,0,0,0,0,-334000,0,0,0,179000,513000,-334000,-334000
053118,大立光中信9C購01,0,0,0,0,0,0,0,0,0,-335000,0,0,0,290000,625000,-335000,-335000
062486,瑞昱富邦9B購01  ,0,0,0,0,0,0,0,0,0,-335000,0,0,0,1082000,1417000,-335000,-335000
6452,康友-KY         ,102000,428000,-326000,0,0,0,0,0,0,-9000,0,0,0,5000,14000,-9000,-335000
06668P,祥碩凱基98售02  ,0,0,0,0,0,0,0,0,0,-336000,0,0,0,0,336000,-336000,-336000
057307,瀚宇博兆豐99購01,0,0,0,0,0,0,0,0,0,-336000,0,0,0,100000,436000,-336000,-336000
3015,全漢            ,71000,408000,-337000,0,0,0,0,0,0,1000,1000,0,1000,0,0,0,-336000
2375,凱美            ,165000,410000,-245000,0,0,0,0,0,0,-93000,5000,0,5000,11000,109000,-98000,-338000
4532,瑞智            ,88000,425000,-337000,0,0,0,0,0,0,-1000,0,1000,-1000,0,0,0,-338000
058196,台塑中信99購01  ,0,0,0,0,0,0,0,0,0,-339000,0,0,0,115000,454000,-339000,-339000
06654P,欣興元大98售08  ,0,0,0,0,0,0,0,0,0,-340000,0,0,0,155000,495000,-340000,-340000
03445B,臺股指元大02熊01,5000,5000,0,0,0,0,0,0,0,-340000,0,0,0,544000,884000,-340000,-340000
05974P,國巨富邦97售03  ,0,0,0,0,0,0,0,0,0,-340000,0,0,0,0,340000,-340000,-340000
064146,瑞昱統一01購03  ,0,0,0,0,0,0,0,0,0,-341000,0,0,0,131000,472000,-341000,-341000
2231,為升            ,87000,385000,-298000,0,0,0,0,0,0,-43000,16000,37000,-21000,3000,25000,-22000,-341000
1905,華紙            ,163000,501000,-338000,0,0,0,0,0,0,-3000,0,3000,-3000,0,0,0,-341000
1308,亞聚            ,307000,644000,-337000,0,0,0,0,0,0,-6000,6000,12000,-6000,0,0,0,-343000
06468P,華新科統一98售02,0,0,0,0,0,0,0,0,0,-343000,0,0,0,42000,385000,-343000,-343000
055025,華新科國泰98購02,0,0,0,0,0,0,0,0,0,-345000,0,0,0,0,345000,-345000,-345000
07630P,臺股指凱基9A售11,0,0,0,0,0,0,0,0,0,-346000,0,0,0,18000,364000,-346000,-346000
063644,祥碩元大9B購10  ,0,0,0,0,0,0,0,0,0,-346000,0,0,0,13000,359000,-346000,-346000
08223P,臺股指凱基9B售18,0,0,0,0,0,0,0,0,0,-347000,0,0,0,5000,352000,-347000,-347000
060926,宏達電永豐9A購01,0,0,0,0,0,0,0,0,0,-347000,0,0,0,8000,355000,-347000,-347000
07948P,大成鋼凱基9B售01,0,0,0,0,0,0,0,0,0,-348000,0,0,0,128000,476000,-348000,-348000
064460,健策統一9C購03  ,0,0,0,0,0,0,0,0,0,-348000,0,0,0,36000,384000,-348000,-348000
07150P,和碩元大99售01  ,0,0,0,0,0,0,0,0,0,-349000,0,0,0,0,349000,-349000,-349000
07303P,臺股指元大9A售36,0,0,0,0,0,0,0,0,0,-349000,0,0,0,10000,359000,-349000,-349000
06682P,玉晶光元大99售08,0,0,0,0,0,0,0,0,0,-350000,0,0,0,0,350000,-350000,-350000
053782,京元電元大98購02,0,0,0,0,0,0,0,0,0,-350000,0,0,0,0,350000,-350000,-350000
2897,王道銀行        ,79000,427000,-348000,0,0,0,0,2000,-2000,0,0,0,0,0,0,0,-350000
064104,TPK群益9C購02   ,0,0,0,0,0,0,0,0,0,-352000,0,0,0,44000,396000,-352000,-352000
064053,祥碩統一02購01  ,0,0,0,0,0,0,0,0,0,-352000,0,0,0,94000,446000,-352000,-352000
06934P,聯鈞元大98售03  ,0,0,0,0,0,0,0,0,0,-353000,0,0,0,26000,379000,-353000,-353000
061521,亞光兆豐9A購02  ,0,0,0,0,0,0,0,0,0,-353000,0,0,0,392000,745000,-353000,-353000
1440,南紡            ,364000,714478,-350478,0,0,0,0,0,0,-3000,0,3000,-3000,0,0,0,-353478
6202,盛群            ,544000,904000,-360000,0,0,0,0,0,0,6000,0,0,0,7000,1000,6000,-354000
063390,嘉晶兆豐9B購01  ,0,0,0,0,0,0,0,0,0,-355000,0,0,0,5000,360000,-355000,-355000
4119,旭富            ,357000,600000,-243000,0,0,0,0,77000,-77000,-35000,2000,0,2000,2000,39000,-37000,-355000
1210,大成            ,301000,568100,-267100,0,0,0,30000,200000,-170000,82000,82000,0,82000,0,0,0,-355100
07821P,臺股指國票9A售12,0,0,0,0,0,0,0,0,0,-356000,0,0,0,218000,574000,-356000,-356000
062869,帆宣中信9B購01  ,0,0,0,0,0,0,0,0,0,-359000,0,0,0,0,359000,-359000,-359000
055438,鴻海國票98購01  ,0,0,0,0,0,0,0,0,0,-360000,0,0,0,0,360000,-360000,-360000
08336P,聯發科中信9C售05,0,0,0,0,0,0,0,0,0,-361000,0,0,0,95000,456000,-361000,-361000
1711,永光            ,110000,455000,-345000,0,0,0,0,0,0,-16000,0,16000,-16000,0,0,0,-361000
064393,友訊永豐9C購01  ,0,0,0,0,0,0,0,0,0,-361000,0,0,0,0,361000,-361000,-361000
06903P,技嘉凱基98售04  ,0,0,0,0,0,0,0,0,0,-362000,0,0,0,0,362000,-362000,-362000
3376,新日興          ,266000,258000,8000,0,0,0,0,265000,-265000,-105000,1000,5000,-4000,1000,102000,-101000,-362000
061774,T50反1國票9B購06,0,0,0,0,0,0,0,0,0,-364000,0,0,0,521000,885000,-364000,-364000
2485,兆赫            ,36000,400000,-364000,0,0,0,0,0,0,0,3000,0,3000,0,3000,-3000,-364000
08315P,台積電元大9C售08,0,0,0,0,0,0,0,0,0,-366000,0,0,0,79000,445000,-366000,-366000
064423,義隆兆豐9C購02  ,0,0,0,0,0,0,0,0,0,-367000,0,0,0,12000,379000,-367000,-367000
063674,力山國泰01購02  ,0,0,0,0,0,0,0,0,0,-367000,0,0,0,66000,433000,-367000,-367000
2535,達欣工          ,91000,750000,-659000,0,0,0,0,0,0,292000,292000,0,292000,0,0,0,-367000
6120,達運            ,209000,584000,-375000,0,0,0,0,0,0,8000,8000,0,8000,0,0,0,-367000
06755P,大立光永豐98售03,0,0,0,0,0,0,0,0,0,-370000,0,0,0,4000,374000,-370000,-370000
063394,金像電群益9B購01,0,7000,-7000,0,0,0,0,0,0,-363000,0,0,0,71000,434000,-363000,-370000
057717,友訊元富98購02  ,0,0,0,0,0,0,0,0,0,-371000,0,0,0,344000,715000,-371000,-371000
6558,興能高          ,122000,494000,-372000,0,0,0,0,0,0,0,0,0,0,0,0,0,-372000
06619P,聯發科元大98售06,0,0,0,0,0,0,0,0,0,-375000,0,0,0,1074000,1449000,-375000,-375000
00668,國泰美國道瓊    ,1000,10000,-9000,0,0,0,0,0,0,-366000,0,0,0,242000,608000,-366000,-375000
057675,同欣電元大98購02,0,0,0,0,0,0,0,0,0,-375000,0,0,0,110000,485000,-375000,-375000
057613,瑞昱元富02購02  ,0,0,0,0,0,0,0,0,0,-376000,0,0,0,15000,391000,-376000,-376000
062850,友訊永豐9B購01  ,0,0,0,0,0,0,0,0,0,-376000,0,0,0,175000,551000,-376000,-376000
6443,元晶            ,153000,529000,-376000,0,0,0,0,0,0,0,0,0,0,0,0,0,-376000
08378P,世紀鋼元富9C售02,0,0,0,0,0,0,0,0,0,-377000,0,0,0,0,377000,-377000,-377000
057568,友訊永豐99購01  ,0,0,0,0,0,0,0,0,0,-378000,0,0,0,45000,423000,-378000,-378000
2390,云辰            ,30000,409000,-379000,0,0,0,0,0,0,0,0,0,0,0,0,0,-379000
05626P,景碩國票97售03  ,0,0,0,0,0,0,0,0,0,-379000,0,0,0,0,379000,-379000,-379000
060402,神隆國泰9B購01  ,0,0,0,0,0,0,0,0,0,-379000,0,0,0,179000,558000,-379000,-379000
064157,健鼎統一01購02  ,0,0,0,0,0,0,0,0,0,-380000,0,0,0,347000,727000,-380000,-380000
07194P,聯發科元大99售25,0,0,0,0,0,0,0,0,0,-381000,0,0,0,69000,450000,-381000,-381000
1313,聯成            ,348000,724000,-376000,0,0,0,0,0,0,-5000,2000,7000,-5000,0,0,0,-381000
059560,T50反1凱基99購08,0,0,0,0,0,0,0,0,0,-381000,0,0,0,0,381000,-381000,-381000
061682,南電元大9B購01  ,0,0,0,0,0,0,0,0,0,-381000,0,0,0,42000,423000,-381000,-381000
061040,康友永豐9A購01  ,0,0,0,0,0,0,0,0,0,-382000,0,0,0,68000,450000,-382000,-382000
08309P,GIS凱基9C售01   ,0,0,0,0,0,0,0,0,0,-383000,0,0,0,60000,443000,-383000,-383000
00875,國泰網路資安    ,24000,725000,-701000,0,0,0,0,0,0,318000,0,0,0,484000,166000,318000,-383000
08094P,華新科元富9B售05,0,0,0,0,0,0,0,0,0,-384000,0,0,0,228000,612000,-384000,-384000
07035P,大立光元富99售04,0,0,0,0,0,0,0,0,0,-384000,0,0,0,38000,422000,-384000,-384000
9934,成霖            ,21000,404000,-383000,0,0,0,0,0,0,-1000,0,1000,-1000,0,0,0,-384000
063111,TPK兆豐9B購01   ,0,0,0,0,0,0,0,0,0,-385000,0,0,0,11000,396000,-385000,-385000
2458,義隆            ,3866000,3635000,231000,0,0,0,40000,207000,-167000,-451000,211000,476000,-265000,63000,249000,-186000,-387000
5871,中租-KY         ,3335000,3703622,-368622,0,0,0,0,34000,-34000,15000,56000,16000,40000,0,25000,-25000,-387622
059932,世紀鋼富邦9A購02,0,0,0,0,0,0,0,0,0,-388000,0,0,0,160000,548000,-388000,-388000
8081,致新            ,658000,606000,52000,0,0,0,0,277000,-277000,-163000,13000,89000,-76000,7000,94000,-87000,-388000
07458P,長榮航元大9A售01,0,0,0,0,0,0,0,0,0,-390000,0,0,0,10000,400000,-390000,-390000
062362,致茂元大9B購01  ,0,0,0,0,0,0,0,0,0,-393000,0,0,0,95000,488000,-393000,-393000
6269,台郡            ,1175000,1703000,-528000,0,0,0,280000,230000,50000,85000,348000,210000,138000,6000,59000,-53000,-393000
08233P,國泰金元富9B售01,0,0,0,0,0,0,0,0,0,-395000,0,0,0,70000,465000,-395000,-395000
07578P,高鐵元大9A售02  ,0,0,0,0,0,0,0,0,0,-400000,0,0,0,0,400000,-400000,-400000
06479P,聯發科中信99售02,0,0,0,0,0,0,0,0,0,-400000,0,0,0,0,400000,-400000,-400000
064532,聯茂兆豐01購01  ,0,0,0,0,0,0,0,0,0,-400000,0,0,0,0,400000,-400000,-400000
063982,TPK兆豐9C購01   ,0,0,0,0,0,0,0,0,0,-400000,0,0,0,0,400000,-400000,-400000
2441,超豐            ,122000,439000,-317000,0,0,0,0,88000,-88000,1000,3000,2000,1000,0,0,0,-404000
07955P,大成鋼群益9B售02,0,0,0,0,0,0,0,0,0,-405000,0,0,0,94000,499000,-405000,-405000
056995,華新科日盛99購01,0,0,0,0,0,0,0,0,0,-405000,0,0,0,179000,584000,-405000,-405000
059078,FBVIX元大99購06 ,0,0,0,0,0,0,0,0,0,-405000,0,0,0,0,405000,-405000,-405000
06771P,台灣50中信02售01,0,0,0,0,0,0,0,0,0,-406000,0,0,0,50000,456000,-406000,-406000
056236,台積電群益97購06,0,0,0,0,0,0,0,0,0,-409000,0,0,0,35000,444000,-409000,-409000
061170,南茂兆豐9B購01  ,0,0,0,0,0,0,0,0,0,-409000,0,0,0,214000,623000,-409000,-409000
2451,創見            ,93759,695000,-601241,0,0,0,135000,5000,130000,61000,105000,4000,101000,0,40000,-40000,-410241
046628,大立光統一98購01,0,0,0,0,0,0,0,0,0,-411000,0,0,0,220000,631000,-411000,-411000
2605,新興            ,381000,746000,-365000,0,0,0,0,0,0,-46000,25000,71000,-46000,0,0,0,-411000
057266,TPK兆豐98購02   ,0,0,0,0,0,0,0,0,0,-412000,0,0,0,262000,674000,-412000,-412000
057085,立積統一9B購02  ,0,0,0,0,0,0,0,0,0,-412000,0,0,0,41000,453000,-412000,-412000
06954P,大立光元富99售01,0,0,0,0,0,0,0,0,0,-414000,0,0,0,216000,630000,-414000,-414000
056196,聯茂富邦98購02  ,0,0,0,0,0,0,0,0,0,-414000,0,0,0,88000,502000,-414000,-414000
063128,智伸科元大9B購01,0,0,0,0,0,0,0,0,0,-414000,0,0,0,35000,449000,-414000,-414000
5519,隆大            ,12000,426000,-414000,0,0,0,0,0,0,-1000,0,1000,-1000,0,0,0,-415000
3090,日電貿          ,123000,525000,-402000,0,0,0,0,0,0,-14000,2000,0,2000,14000,30000,-16000,-416000
062382,燿華國泰9C購01  ,0,0,0,0,0,0,0,0,0,-417000,0,0,0,527000,944000,-417000,-417000
054472,道瓊反中信9A購01,0,0,0,0,0,0,0,0,0,-418000,0,0,0,265000,683000,-418000,-418000
06240P,奇力新元富97售03,0,0,0,0,0,0,0,0,0,-418000,0,0,0,100000,518000,-418000,-418000
08000P,奇鋐凱基9B售03  ,0,0,0,0,0,0,0,0,0,-419000,0,0,0,35000,454000,-419000,-419000
2723,美食-KY         ,298000,622000,-324000,0,0,0,12000,54000,-42000,-53000,0,3000,-3000,2000,52000,-50000,-419000
062823,台表科兆豐9B購01,0,0,0,0,0,0,0,0,0,-420000,0,0,0,123000,543000,-420000,-420000
061031,神隆永豐9A購02  ,0,0,0,0,0,0,0,0,0,-421000,0,0,0,190000,611000,-421000,-421000
058820,致茂國泰9B購01  ,0,0,0,0,0,0,0,0,0,-421000,0,0,0,102000,523000,-421000,-421000
063057,祥碩統一03購01  ,40000,0,40000,0,0,0,0,0,0,-462000,0,0,0,490000,952000,-462000,-422000
08371P,京元電凱基9C售01,0,0,0,0,0,0,0,0,0,-423000,0,0,0,0,423000,-423000,-423000
058706,聯鈞元大9C購01  ,0,0,0,0,0,0,0,0,0,-424000,0,0,0,0,424000,-424000,-424000
061416,聯茂群益9A購01  ,0,0,0,0,0,0,0,0,0,-424000,0,0,0,69000,493000,-424000,-424000
062033,瀚宇博群益9B購01,0,0,0,0,0,0,0,0,0,-425000,0,0,0,0,425000,-425000,-425000
2609,陽明            ,427000,854000,-427000,0,0,0,0,0,0,0,0,0,0,0,0,0,-427000
2903,遠百            ,192000,642000,-450000,0,0,0,0,0,0,17000,20000,3000,17000,0,0,0,-433000
3023,信邦            ,383000,489000,-106000,0,0,0,0,292000,-292000,-36000,11000,30000,-19000,6000,23000,-17000,-434000
3062,建漢            ,72000,528000,-456000,0,0,0,0,0,0,19000,19000,0,19000,0,0,0,-437000
063510,台表科群益9C購01,0,0,0,0,0,0,0,0,0,-439000,0,0,0,70000,509000,-439000,-439000
062290,聯發科富邦9C購04,0,0,0,0,0,0,0,0,0,-441000,0,0,0,389000,830000,-441000,-441000
07366P,國巨康和99售02  ,0,0,0,0,0,0,0,0,0,-446000,0,0,0,650000,1096000,-446000,-446000
2606,裕民            ,308000,695000,-387000,0,0,0,0,48000,-48000,-12000,0,2000,-2000,0,10000,-10000,-447000
07089P,臺指2X中信01售01,0,0,0,0,0,0,0,0,0,-449000,0,0,0,72000,521000,-449000,-449000
06801P,技嘉群益99售02  ,0,0,0,0,0,0,0,0,0,-450000,0,0,0,7000,457000,-450000,-450000
07677P,祥碩永豐9A售01  ,0,0,0,0,0,0,0,0,0,-451000,0,0,0,30000,481000,-451000,-451000
060225,S&P反1元大9A購02,0,0,0,0,0,0,0,0,0,-452000,0,0,0,0,452000,-452000,-452000
059024,大立光統一9B購04,0,0,0,0,0,0,0,0,0,-454000,0,0,0,105000,559000,-454000,-454000
07963P,智邦統一9B售01  ,0,0,0,0,0,0,0,0,0,-455000,0,0,0,59000,514000,-455000,-455000
064139,裕隆統一01購02  ,0,0,0,0,0,0,0,0,0,-456000,0,0,0,442000,898000,-456000,-456000
056810,群創統一9A購01  ,0,0,0,0,0,0,0,0,0,-457000,0,0,0,215000,672000,-457000,-457000
2855,統一證          ,260000,604000,-344000,0,0,0,0,113000,-113000,0,0,0,0,0,0,0,-457000
07800P,華新科國泰9B售04,0,0,0,0,0,0,0,0,0,-458000,0,0,0,89000,547000,-458000,-458000
063198,仁寶統一01購02  ,0,0,0,0,0,0,0,0,0,-458000,0,0,0,137000,595000,-458000,-458000
07899P,和大凱基9B售01  ,0,0,0,0,0,0,0,0,0,-460000,0,0,0,235000,695000,-460000,-460000
08105P,景碩元大9B售01  ,0,0,0,0,0,0,0,0,0,-460000,0,0,0,10000,470000,-460000,-460000
08158P,嘉澤元富9B售03  ,0,0,0,0,0,0,0,0,0,-461000,0,0,0,135000,596000,-461000,-461000
9944,新麗            ,460000,924000,-464000,0,0,0,0,0,0,-1000,0,1000,-1000,0,0,0,-465000
062928,富邦金台新9B購02,0,0,0,0,0,0,0,0,0,-468000,0,0,0,156000,624000,-468000,-468000
062350,台表科群益9B購01,0,0,0,0,0,0,0,0,0,-469000,0,0,0,174000,643000,-469000,-469000
058210,臺股指凱基9C購04,0,0,0,0,0,0,0,0,0,-470000,0,0,0,203000,673000,-470000,-470000
063345,嘉晶統一9C購02  ,0,0,0,0,0,0,0,0,0,-471000,0,0,0,59000,530000,-471000,-471000
064209,燿華凱基01購01  ,0,0,0,0,0,0,0,0,0,-474000,0,0,0,183000,657000,-474000,-474000
3052,夆典            ,55000,529000,-474000,0,0,0,0,0,0,-1000,0,1000,-1000,0,0,0,-475000
8112,至上            ,271000,750000,-479000,0,0,0,0,0,0,2000,2000,0,2000,0,0,0,-477000
08244P,同欣電凱基9C售03,0,0,0,0,0,0,0,0,0,-478000,0,0,0,74000,552000,-478000,-478000
057612,瑞昱元富02購01  ,0,0,0,0,0,0,0,0,0,-479000,0,0,0,66000,545000,-479000,-479000
3703,欣陸            ,20000,487000,-467000,0,0,0,0,0,0,-12000,0,12000,-12000,0,0,0,-479000
4927,泰鼎-KY         ,417000,707000,-290000,0,0,0,0,124000,-124000,-65000,40000,9000,31000,0,96000,-96000,-479000
4943,康控-KY         ,173000,595000,-422000,0,0,0,0,0,0,-58000,1000,0,1000,3000,62000,-59000,-480000
2412,中華電          ,2503000,3002111,-499111,0,0,0,0,16000,-16000,35000,85000,50000,35000,0,0,0,-480111
07920P,大立光中信01售01,0,0,0,0,0,0,0,0,0,-481000,0,0,0,7000,488000,-481000,-481000
055987,台表科元富97購01,0,0,0,0,0,0,0,0,0,-483000,0,0,0,0,483000,-483000,-483000
06188P,大立光元富97售01,0,0,0,0,0,0,0,0,0,-484000,0,0,0,15000,499000,-484000,-484000
060433,億豐永豐9A購01  ,0,0,0,0,0,0,0,0,0,-485000,0,0,0,10000,495000,-485000,-485000
08101P,超眾群益9B售02  ,0,0,0,0,0,0,0,0,0,-486000,0,0,0,94000,580000,-486000,-486000
058091,欣興元大99購03  ,0,0,0,0,0,0,0,0,0,-489000,0,0,0,52000,541000,-489000,-489000
061696,南茂群益9A購01  ,0,0,0,0,0,0,0,0,0,-489000,0,0,0,49000,538000,-489000,-489000
063175,燿華兆豐9C購01  ,0,0,0,0,0,0,0,0,0,-490000,0,0,0,257000,747000,-490000,-490000
07837P,華邦電元大9A售01,0,0,0,0,0,0,0,0,0,-493000,0,0,0,31000,524000,-493000,-493000
06970P,旺宏元大99售08  ,0,0,0,0,0,0,0,0,0,-493000,0,0,0,29000,522000,-493000,-493000
061411,T50反1群益9A購05,0,0,0,0,0,0,0,0,0,-493000,0,0,0,60000,553000,-493000,-493000
07635P,世芯永豐9A售05  ,0,0,0,0,0,0,0,0,0,-495000,0,0,0,50000,545000,-495000,-495000
060298,鎧勝元大9C購01  ,0,0,0,0,0,0,0,0,0,-495000,0,0,0,93000,588000,-495000,-495000
049255,旺宏元大97購02  ,0,0,0,0,0,0,0,0,0,-495000,0,0,0,10000,505000,-495000,-495000
1795,美時            ,257000,755000,-498000,0,0,0,0,0,0,0,0,0,0,0,0,0,-498000
054498,燿華永豐96購06  ,0,0,0,0,0,0,0,0,0,-498000,0,0,0,0,498000,-498000,-498000
055601,茂林元大97購03  ,0,0,0,0,0,0,0,0,0,-499000,0,0,0,0,499000,-499000,-499000
062854,日電貿永豐9B購01,0,0,0,0,0,0,0,0,0,-499000,0,0,0,0,499000,-499000,-499000
07433P,臺股指國票9A售05,0,0,0,0,0,0,0,0,0,-500000,0,0,0,0,500000,-500000,-500000
060829,T50反1國票9A購06,0,0,0,0,0,0,0,0,0,-500000,0,0,0,0,500000,-500000,-500000
056487,康友元大98購01  ,0,0,0,0,0,0,0,0,0,-501000,0,0,0,0,501000,-501000,-501000
064606,南電元富9C購03  ,0,0,0,0,0,0,0,0,0,-502000,0,0,0,0,502000,-502000,-502000
062569,南電中信01購01  ,0,0,0,0,0,0,0,0,0,-502000,0,0,0,78000,580000,-502000,-502000
5522,遠雄            ,64000,565000,-501000,0,0,0,0,0,0,-2000,0,2000,-2000,0,0,0,-503000
07263P,台積電元大99售37,0,0,0,0,0,0,0,0,0,-505000,0,0,0,155000,660000,-505000,-505000
064169,南電統一9C購01  ,0,0,0,0,0,0,0,0,0,-507000,0,0,0,464000,971000,-507000,-507000
2634,漢翔            ,75000,523000,-448000,0,0,0,0,1000,-1000,-60000,2000,62000,-60000,0,0,0,-509000
061437,燿華凱基9A購01  ,0,0,0,0,0,0,0,0,0,-510000,0,0,0,276000,786000,-510000,-510000
064450,致茂統一01購01  ,0,0,0,0,0,0,0,0,0,-511000,0,0,0,226000,737000,-511000,-511000
00641R,富邦日本反1     ,18000,34000,-16000,0,0,0,0,0,0,-495000,0,0,0,171000,666000,-495000,-511000
07032P,聯發科統一9C售02,0,0,0,0,0,0,0,0,0,-513000,0,0,0,100000,613000,-513000,-513000
1590,亞德客-KY       ,386000,704129,-318129,0,0,0,0,107000,-107000,-90000,0,55000,-55000,5000,40000,-35000,-515129
3035,智原            ,989000,1435000,-446000,0,0,0,0,0,0,-71000,6000,37000,-31000,2000,42000,-40000,-517000
056417,欣興中信98購01  ,0,0,0,0,0,0,0,0,0,-518000,0,0,0,464000,982000,-518000,-518000
060571,京元電永豐9A購01,0,0,0,0,0,0,0,0,0,-520000,0,0,0,30000,550000,-520000,-520000
061924,聯發科凱基9C購01,0,0,0,0,0,0,0,0,0,-523000,0,0,0,5000,528000,-523000,-523000
060310,瑞昱永豐9A購01  ,0,0,0,0,0,0,0,0,0,-524000,0,0,0,10000,534000,-524000,-524000
057603,樺漢群益98購02  ,0,0,0,0,0,0,0,0,0,-525000,0,0,0,32000,557000,-525000,-525000
063891,國巨群益9C購07  ,0,0,0,0,0,0,0,0,0,-526000,0,0,0,57000,583000,-526000,-526000
5469,瀚宇博          ,997000,1519000,-522000,0,0,0,0,0,0,-6000,3000,99000,-96000,159000,69000,90000,-528000
6191,精成科          ,137000,673000,-536000,0,0,0,0,0,0,8000,8000,0,8000,0,0,0,-528000
059403,T50反1台新03購03,0,0,0,0,0,0,0,0,0,-529000,0,0,0,398000,927000,-529000,-529000
054805,台苯元大9A購01  ,0,0,0,0,0,0,0,0,0,-530000,0,0,0,0,530000,-530000,-530000
07536P,華新科元富9A售04,0,0,0,0,0,0,0,0,0,-532000,0,0,0,102000,634000,-532000,-532000
063516,香港反凱基03購01,0,0,0,0,0,0,0,0,0,-532000,0,0,0,0,532000,-532000,-532000
062801,宏達電統一01購01,0,0,0,0,0,0,0,0,0,-533000,0,0,0,275000,808000,-533000,-533000
1201,味全            ,93000,617000,-524000,0,0,0,0,0,0,-10000,0,0,0,0,10000,-10000,-534000
064228,同欣電國票01購01,0,0,0,0,0,0,0,0,0,-534000,0,0,0,105000,639000,-534000,-534000
06656P,GIS元大98售02   ,0,0,0,0,0,0,0,0,0,-534000,0,0,0,541000,1075000,-534000,-534000
08148P,長榮航群益9B售03,0,0,0,0,0,0,0,0,0,-540000,0,0,0,0,540000,-540000,-540000
07833P,大立光群益9B售02,0,0,0,0,0,0,0,0,0,-548000,0,0,0,1000,549000,-548000,-548000
03658C,T50反1元大9A牛02,0,0,0,0,0,0,0,0,0,-549000,0,0,0,0,549000,-549000,-549000
063824,S&P反1國票9C購01,0,0,0,0,0,0,0,0,0,-553000,0,0,0,3000,556000,-553000,-553000
062117,燿華中信9B購01  ,0,0,0,0,0,0,0,0,0,-555000,0,0,0,60000,615000,-555000,-555000
064189,TPK永豐9C購01   ,0,0,0,0,0,0,0,0,0,-556000,0,0,0,37000,593000,-556000,-556000
061041,南電永豐9A購03  ,0,0,0,0,0,0,0,0,0,-558000,0,0,0,7000,565000,-558000,-558000
8016,矽創            ,723000,1952000,-1229000,0,0,0,800000,0,800000,-129000,2000,10000,-8000,17000,138000,-121000,-558000
059074,元油2X元大9C購15,0,0,0,0,0,0,0,0,0,-559000,0,0,0,0,559000,-559000,-559000
057696,聯電群益9A購01  ,0,0,0,0,0,0,0,0,0,-562000,0,0,0,6000,568000,-562000,-562000
063293,億豐元大9B購01  ,0,0,0,0,0,0,0,0,0,-564000,0,0,0,102000,666000,-564000,-564000
08329P,台達電統一9C售02,0,0,0,0,0,0,0,0,0,-566000,0,0,0,44000,610000,-566000,-566000
051728,道瓊反國票97購01,0,0,0,0,0,0,0,0,0,-566000,0,0,0,191000,757000,-566000,-566000
056121,勤誠群益97購01  ,0,0,0,0,0,0,0,0,0,-566000,0,0,0,89000,655000,-566000,-566000
2511,太子            ,169000,739000,-570000,0,0,0,0,0,0,-2000,0,2000,-2000,0,0,0,-572000
063054,健鼎統一01購01  ,0,0,0,0,0,0,0,0,0,-575000,0,0,0,484000,1059000,-575000,-575000
064171,燿華元富9C購01  ,0,0,0,0,0,0,0,0,0,-576000,0,0,0,575000,1151000,-576000,-576000
060303,宏達電富邦9B購01,0,0,0,0,0,0,0,0,0,-577000,0,0,0,18000,595000,-577000,-577000
06763P,技嘉元大98售05  ,0,0,0,0,0,0,0,0,0,-581000,0,0,0,66000,647000,-581000,-581000
061389,華新科群益9B購01,0,0,0,0,0,0,0,0,0,-581000,0,0,0,4000,585000,-581000,-581000
1315,達新            ,77000,631000,-554000,0,0,0,0,0,0,-30000,0,0,0,0,30000,-30000,-584000
048272,新光金富邦98購01,0,0,0,0,0,0,0,0,0,-588000,0,0,0,0,588000,-588000,-588000
00717,富邦美國特別股  ,13000,245000,-232000,0,0,0,0,0,0,-362549,0,0,0,713000,1075549,-362549,-594549
058726,宏達電富邦9A購01,0,0,0,0,0,0,0,0,0,-600000,0,0,0,0,600000,-600000,-600000
062660,神隆群益9B購02  ,0,0,0,0,0,0,0,0,0,-600000,0,0,0,129000,729000,-600000,-600000
063881,嘉晶元富9C購01  ,0,0,0,0,0,0,0,0,0,-604000,0,0,0,1000,605000,-604000,-604000
06326P,鴻海中信01售01  ,0,0,0,0,0,0,0,0,0,-609000,0,0,0,82000,691000,-609000,-609000
2357,華碩            ,1552527,2597970,-1045443,0,0,0,450000,15000,435000,-2000,11000,0,11000,0,13000,-13000,-612443
08096P,大立光元富9B售04,0,0,0,0,0,0,0,0,0,-615000,0,0,0,72000,687000,-615000,-615000
1227,佳格            ,1122000,1571615,-449615,0,0,0,30000,40000,-10000,-157000,0,157000,-157000,0,0,0,-616615
1218,泰山            ,55000,672000,-617000,0,0,0,0,0,0,0,0,0,0,0,0,0,-617000
2542,興富發          ,1040000,1561826,-521826,0,0,0,0,0,0,-96000,27000,108000,-81000,0,15000,-15000,-617826
07648P,祥碩國票9B售01  ,0,0,0,0,0,0,0,0,0,-618000,0,0,0,262000,880000,-618000,-618000
057609,友訊元富98購01  ,0,0,0,0,0,0,0,0,0,-621000,0,0,0,194000,815000,-621000,-621000
07552P,技嘉元大9A售03  ,0,0,0,0,0,0,0,0,0,-622000,0,0,0,6000,628000,-622000,-622000
060302,台積電富邦02購01,0,0,0,0,0,0,0,0,0,-625000,0,0,0,449000,1074000,-625000,-625000
08106P,聯發科統一9B售09,0,0,0,0,0,0,0,0,0,-627000,0,0,0,10000,637000,-627000,-627000
1611,中電            ,332000,952000,-620000,0,0,0,0,0,0,-7000,0,7000,-7000,0,0,0,-627000
9919,康那香          ,3033000,3003000,30000,0,0,0,0,0,0,-657000,0,350000,-350000,0,307000,-307000,-627000
08157P,大立光元富9B售06,0,0,0,0,0,0,0,0,0,-629000,0,0,0,14000,643000,-629000,-629000
038489,T50反1台新9A購01,0,0,0,0,0,0,0,0,0,-630000,0,0,0,0,630000,-630000,-630000
063671,GIS統一01購01   ,0,0,0,0,0,0,0,0,0,-631000,0,0,0,301000,932000,-631000,-631000
1229,聯華            ,238000,610000,-372000,0,0,0,0,44000,-44000,-217000,83000,300000,-217000,0,0,0,-633000
07849P,大立光群益9A售06,0,0,0,0,0,0,0,0,0,-636000,0,0,0,0,636000,-636000,-636000
07840P,康控元大9A售02  ,0,0,0,0,0,0,0,0,0,-639000,0,0,0,100000,739000,-639000,-639000
07958P,華擎群益9B售01  ,0,0,0,0,0,0,0,0,0,-643000,0,0,0,0,643000,-643000,-643000
07864P,可成元大9B售01  ,0,0,0,0,0,0,0,0,0,-644000,0,0,0,15000,659000,-644000,-644000
063324,道瓊反國票9B購03,0,0,0,0,0,0,0,0,0,-644000,0,0,0,10000,654000,-644000,-644000
2439,美律            ,716000,1177000,-461000,0,0,0,0,0,0,-183000,58000,41000,17000,19000,219000,-200000,-644000
3380,明泰            ,639000,1106000,-467000,0,0,0,0,0,0,-178000,1000,128000,-127000,0,51000,-51000,-645000
00712,FH富時不動產    ,761000,248000,513000,0,0,0,0,0,0,-1159000,0,0,0,720000,1879000,-1159000,-646000
063541,華擎元富9B購02  ,0,0,0,0,0,0,0,0,0,-647000,0,0,0,49000,696000,-647000,-647000
2547,日勝生          ,141000,791000,-650000,0,0,0,0,0,0,-2000,0,2000,-2000,0,0,0,-652000
06662P,玉晶光中信9A售01,0,0,0,0,0,0,0,0,0,-653000,0,0,0,496000,1149000,-653000,-653000
020015,統一MSCI美低波N ,0,0,0,0,0,0,0,0,0,-653000,0,0,0,56000,709000,-653000,-653000
07714P,世紀鋼元大9A售03,0,0,0,0,0,0,0,0,0,-654000,0,0,0,179000,833000,-654000,-654000
08156P,大立光元富9B售05,0,0,0,0,0,0,0,0,0,-654000,0,0,0,0,654000,-654000,-654000
08095P,大立光元富9B售03,0,0,0,0,0,0,0,0,0,-661000,0,0,0,27000,688000,-661000,-661000
07354P,臺股指國票99售22,0,0,0,0,0,0,0,0,0,-665000,0,0,0,82000,747000,-665000,-665000
9939,宏全            ,95000,588000,-493000,0,0,0,0,0,0,-172000,0,99000,-99000,0,73000,-73000,-665000
4915,致伸            ,1457000,2227699,-770699,0,0,0,272000,0,272000,-169000,1000,1000,0,81000,250000,-169000,-667699
07588P,滬深2X國票9C售01,0,0,0,0,0,0,0,0,0,-670000,0,0,0,0,670000,-670000,-670000
00701,國泰股利精選30  ,14000,47000,-33000,0,0,0,0,0,0,-640200,0,0,0,405000,1045200,-640200,-673200
062805,台勝科統一9C購01,0,0,0,0,0,0,0,0,0,-675000,0,0,0,215000,890000,-675000,-675000
2442,新美齊          ,117000,795000,-678000,0,0,0,0,0,0,2000,3000,1000,2000,0,0,0,-676000
08331P,義隆元富9C售02  ,0,0,0,0,0,0,0,0,0,-679000,0,0,0,288000,967000,-679000,-679000
043442,大立光台新01購01,0,0,0,0,0,0,0,0,0,-679000,0,0,0,30000,709000,-679000,-679000
060421,華擎永豐9A購01  ,0,0,0,0,0,0,0,0,0,-679000,0,0,0,40000,719000,-679000,-679000
058854,樺漢群益9B購01  ,0,0,0,0,0,0,0,0,0,-680000,0,0,0,11000,691000,-680000,-680000
1444,力麗            ,190000,855000,-665000,0,0,0,0,0,0,-16000,0,16000,-16000,0,0,0,-681000
06629P,台灣50第一98售01,0,0,0,0,0,0,0,0,0,-689000,0,0,0,0,689000,-689000,-689000
8110,華東            ,191000,904000,-713000,0,0,0,0,0,0,20000,36000,16000,20000,0,0,0,-693000
058315,TPK富邦9C購01   ,0,0,0,0,0,0,0,0,0,-694000,0,0,0,261000,955000,-694000,-694000
058488,華擎國票9A購01  ,0,0,0,0,0,0,0,0,0,-696000,0,0,0,0,696000,-696000,-696000
2208,台船            ,213000,759000,-546000,0,0,0,0,152000,-152000,0,1000,1000,0,0,0,0,-698000
2467,志聖            ,171000,870000,-699000,0,0,0,0,0,0,1000,1000,0,1000,0,0,0,-698000
2404,漢唐            ,223000,872000,-649000,0,0,0,50000,0,50000,-101000,11000,8000,3000,3000,107000,-104000,-700000
1304,台聚            ,60000,771000,-711000,0,0,0,0,0,0,4000,6000,2000,4000,0,0,0,-707000
07731P,臺股指凱基9A售28,0,0,0,0,0,0,0,0,0,-708000,0,0,0,263000,971000,-708000,-708000
063229,台表科群益9B購04,0,0,0,0,0,0,0,0,0,-708000,0,0,0,25000,733000,-708000,-708000
060772,FBVIX凱基9A購03 ,0,0,0,0,0,0,0,0,0,-716000,0,0,0,0,716000,-716000,-716000
2342,茂矽            ,1590000,2312000,-722000,0,0,0,0,0,0,0,0,0,0,0,0,0,-722000
2601,益航            ,80000,805000,-725000,0,0,0,0,0,0,-2000,0,2000,-2000,0,0,0,-727000
063537,華擎統一9C購03  ,0,0,0,0,0,0,0,0,0,-730000,0,0,0,276000,1006000,-730000,-730000
2537,聯上發          ,52000,788000,-736000,0,0,0,0,0,0,-1000,0,1000,-1000,0,0,0,-737000
2489,瑞軒            ,207000,961000,-754000,0,0,0,0,0,0,11000,12000,1000,11000,0,0,0,-743000
062690,華擎統一9B購01  ,0,0,0,0,0,0,0,0,0,-746000,0,0,0,464000,1210000,-746000,-746000
2102,泰豐            ,654000,1402000,-748000,0,0,0,0,0,0,1000,2000,1000,1000,0,0,0,-747000
064379,TPK元富9C購01   ,0,0,0,0,0,0,0,0,0,-750000,0,0,0,40000,790000,-750000,-750000
6285,啟碁            ,311000,993000,-682000,0,0,0,0,26000,-26000,-42000,1000,18000,-17000,0,25000,-25000,-750000
9938,百和            ,503000,607000,-104000,0,0,0,0,581000,-581000,-65000,5000,32000,-27000,0,38000,-38000,-750000
063488,金像電國泰01購01,0,0,0,0,0,0,0,0,0,-751000,0,0,0,150000,901000,-751000,-751000
060337,FBVIX統一9A購01 ,0,0,0,0,0,0,0,0,0,-754000,0,0,0,1000,755000,-754000,-754000
3056,總太            ,68000,828000,-760000,0,0,0,0,0,0,4000,4000,0,4000,0,0,0,-756000
06725P,聯電元富98售01  ,0,0,0,0,0,0,0,0,0,-759000,0,0,0,141000,900000,-759000,-759000
6257,矽格            ,805000,1781000,-976000,0,0,0,248000,0,248000,-43000,141000,68000,73000,1000,117000,-116000,-771000
2603,長榮            ,3525000,4920285,-1395285,0,0,0,0,810000,-810000,1432000,1432000,0,1432000,0,0,0,-773285
1325,恆大            ,470200,1195000,-724800,0,0,0,0,0,0,-74000,41000,110000,-69000,0,5000,-5000,-798800
00655L,國泰中國A50正2  ,20000,352000,-332000,0,0,0,0,0,0,-473000,0,0,0,1323000,1796000,-473000,-805000
057202,TPK元富98購02   ,0,0,0,0,0,0,0,0,0,-805000,0,0,0,79000,884000,-805000,-805000
063490,儒鴻富邦9C購01  ,0,0,0,0,0,0,0,0,0,-807000,0,0,0,71000,878000,-807000,-807000
00683L,元大美元指數正2 ,0,0,0,0,0,0,0,0,0,-810000,0,0,0,0,810000,-810000,-810000
058239,景碩元大99購03  ,0,0,0,0,0,0,0,0,0,-810000,0,0,0,76000,886000,-810000,-810000
051847,香港反中信99購01,0,0,0,0,0,0,0,0,0,-813000,0,0,0,126000,939000,-813000,-813000
06893P,致新元富98售02  ,0,0,0,0,0,0,0,0,0,-821000,0,0,0,87000,908000,-821000,-821000
2455,全新            ,576000,1184000,-608000,0,0,0,180000,271000,-91000,-122000,33000,67000,-34000,6000,94000,-88000,-821000
054371,台積電中信9C購01,0,0,0,0,0,0,0,0,0,-824000,0,0,0,155000,979000,-824000,-824000
063884,台表科元富03購01,0,0,0,0,0,0,0,0,0,-825000,0,0,0,228000,1053000,-825000,-825000
2014,中鴻            ,454000,1280000,-826000,0,0,0,0,0,0,-2000,0,2000,-2000,0,0,0,-828000
1464,得力            ,42000,849000,-807000,0,0,0,0,0,0,-24000,7000,1000,6000,0,30000,-30000,-831000
051369,新光金富邦9A購01,0,0,0,0,0,0,0,0,0,-839000,0,0,0,0,839000,-839000,-839000
054040,中石化元大9C購01,0,0,0,0,0,0,0,0,0,-839000,0,0,0,20000,859000,-839000,-839000
8996,高力            ,394000,1059000,-665000,0,0,0,0,178000,-178000,3000,3000,0,3000,0,0,0,-840000
07288P,台灣50凱基99售06,0,0,0,0,0,0,0,0,0,-841000,0,0,0,0,841000,-841000,-841000
4967,十銓            ,84000,936000,-852000,0,0,0,0,0,0,8000,8000,0,8000,0,0,0,-844000
063351,億豐統一9B購01  ,0,0,0,0,0,0,0,0,0,-847000,0,0,0,21000,868000,-847000,-847000
07905P,大立光群益9B售04,0,0,0,0,0,0,0,0,0,-851000,0,0,0,15000,866000,-851000,-851000
053851,鴻海國泰98購03  ,0,0,0,0,0,0,0,0,0,-857000,0,0,0,10000,867000,-857000,-857000
062061,台勝科統一01購01,0,0,0,0,0,0,0,0,0,-874000,0,0,0,189000,1063000,-874000,-874000
2421,建準            ,586000,1270000,-684000,0,0,0,0,100000,-100000,-91000,1000,11000,-10000,30000,111000,-81000,-875000
06503P,臺股指中信9A售02,0,0,0,0,0,0,0,0,0,-875000,0,0,0,395000,1270000,-875000,-875000
060764,華擎元大9A購03  ,0,0,0,0,0,0,0,0,0,-875000,0,0,0,486000,1361000,-875000,-875000
2534,宏盛            ,48000,930000,-882000,0,0,0,0,0,0,-9000,0,2000,-2000,0,7000,-7000,-891000
053025,燿華富邦98購02  ,0,0,0,0,0,0,0,0,0,-895000,0,0,0,0,895000,-895000,-895000
1907,永豐餘          ,175000,1057000,-882000,0,0,0,0,0,0,-15000,0,15000,-15000,0,0,0,-897000
064233,燿華統一9C購02  ,0,0,0,0,0,0,0,0,0,-901000,0,0,0,816000,1717000,-901000,-901000
060937,T50反1國票9A購10,0,0,0,0,0,0,0,0,0,-912000,0,0,0,249000,1161000,-912000,-912000
2498,宏達電          ,1498000,2537000,-1039000,0,0,0,0,13000,-13000,139000,7000,3000,4000,207000,72000,135000,-913000
00674R,元大S&P黃金反1  ,0,0,0,0,0,0,0,0,0,-919000,0,0,0,105000,1024000,-919000,-919000
062466,FBVIX凱基9B購01 ,0,0,0,0,0,0,0,0,0,-930000,0,0,0,168000,1098000,-930000,-930000
1310,台苯            ,44000,972000,-928000,0,0,0,0,0,0,-4000,0,1000,-1000,0,3000,-3000,-932000
2323,中環            ,1553000,1943885,-390885,0,0,0,0,0,0,-551000,10000,49000,-39000,42000,554000,-512000,-941885
07478P,南電康和9A售02  ,0,0,0,0,0,0,0,0,0,-953000,0,0,0,206000,1159000,-953000,-953000
058209,臺股指凱基01購01,0,0,0,0,0,0,0,0,0,-953000,0,0,0,581000,1534000,-953000,-953000
07922P,大立光群益9B售05,0,0,0,0,0,0,0,0,0,-962000,0,0,0,33000,995000,-962000,-962000
062215,華通統一9B購01  ,0,0,0,0,0,0,0,0,0,-963000,0,0,0,377000,1340000,-963000,-963000
2354,鴻準            ,713452,1676574,-963122,0,0,0,0,0,0,-5000,12000,17000,-5000,0,0,0,-968122
00669R,國泰美國道瓊反1 ,194000,0,194000,0,0,0,0,0,0,-1165000,0,0,0,4693000,5858000,-1165000,-971000
050283,T50反1凱基9A購01,0,0,0,0,0,0,0,0,0,-975000,0,0,0,1000,976000,-975000,-975000
2101,南港            ,806000,1743000,-937000,0,0,0,30000,0,30000,-69000,311000,71000,240000,98000,407000,-309000,-976000
3533,嘉澤            ,428000,508000,-80000,0,0,0,118000,914000,-796000,-104000,84000,169000,-85000,6000,25000,-19000,-980000
2915,潤泰全          ,406600,1278923,-872323,0,0,0,0,0,0,-108000,0,10000,-10000,0,98000,-98000,-980323
9907,統一實          ,282100,1264000,-981900,0,0,0,0,0,0,-2000,0,2000,-2000,0,0,0,-983900
1609,大亞            ,221000,1212000,-991000,0,0,0,0,0,0,-2000,5000,7000,-2000,0,0,0,-993000
08226P,台灣50元大9B售26,0,0,0,0,0,0,0,0,0,-995000,0,0,0,30000,1025000,-995000,-995000
2402,毅嘉            ,54000,1054000,-1000000,0,0,0,0,0,0,4000,5000,1000,4000,0,0,0,-996000
00646,元大S&P500      ,12000,170000,-158000,0,0,0,0,0,0,-840000,12000,137000,-125000,293000,1008000,-715000,-998000
057681,T50反1日盛9C購01,0,0,0,0,0,0,0,0,0,-998000,0,0,0,0,998000,-998000,-998000
06195P,台積電元富97售06,0,0,0,0,0,0,0,0,0,-998000,0,0,0,863000,1861000,-998000,-998000
1305,華夏            ,1841000,1189000,652000,0,0,0,0,1668000,-1668000,9000,10000,1000,9000,0,0,0,-1007000
6005,群益證          ,154000,652000,-498000,0,0,0,0,515000,-515000,0,0,0,0,0,0,0,-1013000
056846,晶相光元富98購01,0,0,0,0,0,0,0,0,0,-1015000,0,0,0,0,1015000,-1015000,-1015000
2349,錸德            ,196000,1117000,-921000,0,0,0,0,100000,-100000,0,0,0,0,0,0,0,-1021000
3019,亞光            ,404000,1283000,-879000,0,0,0,0,0,0,-143000,15000,44000,-29000,27000,141000,-114000,-1022000
6282,康舒            ,82000,1072000,-990000,0,0,0,0,0,0,-46000,6000,4000,2000,0,48000,-48000,-1036000
00633L,富邦上証正2     ,1217000,3796000,-2579000,0,0,0,0,0,0,1533950,0,0,0,4441000,2907050,1533950,-1045050
4904,遠傳            ,942000,1990662,-1048662,0,0,0,0,7000,-7000,9000,21000,10000,11000,0,2000,-2000,-1046662
00651R,FH香港反1       ,9000,365000,-356000,0,0,0,0,0,0,-693000,255000,0,255000,1047000,1995000,-948000,-1049000
061844,T50反1國票9C購02,0,0,0,0,0,0,0,0,0,-1050000,0,0,0,405000,1455000,-1050000,-1050000
3705,永信            ,350000,1414000,-1064000,0,0,0,0,0,0,-11000,0,11000,-11000,0,0,0,-1075000
3044,健鼎            ,1583000,2504895,-921895,0,0,0,75000,256000,-181000,22000,42000,35000,7000,39000,24000,15000,-1080895
059524,FBVIX凱基9A購02 ,0,0,0,0,0,0,0,0,0,-1087000,0,0,0,50000,1137000,-1087000,-1087000
2886,兆豐金          ,8154000,9617075,-1463075,0,0,0,809000,280000,529000,-162000,0,65000,-65000,0,97000,-97000,-1096075
3450,聯鈞            ,578000,1048000,-470000,0,0,0,50000,244000,-194000,-434000,15000,19000,-4000,0,430000,-430000,-1098000
00738U,元大道瓊白銀    ,13000,130000,-117000,0,0,0,0,0,0,-986000,0,0,0,138000,1124000,-986000,-1103000
058287,國巨國票9A購02  ,0,0,0,0,0,0,0,0,0,-1104000,0,0,0,11000,1115000,-1104000,-1104000
064373,和大元富03購01  ,0,0,0,0,0,0,0,0,0,-1105000,0,0,0,211000,1316000,-1105000,-1105000
9945,潤泰新          ,1549000,2667052,-1118052,0,0,0,0,0,0,6000,14000,2000,12000,0,6000,-6000,-1112052
1409,新纖            ,182000,1160000,-978000,0,0,0,0,132000,-132000,-5000,8000,13000,-5000,0,0,0,-1115000
062218,燿華統一01購01  ,0,0,0,0,0,0,0,0,0,-1150000,0,0,0,184000,1334000,-1150000,-1150000
6251,定穎            ,1099000,2252000,-1153000,0,0,0,0,0,0,1000,2000,1000,1000,0,0,0,-1152000
2841,台開            ,95000,1253000,-1158000,0,0,0,0,0,0,-1000,0,1000,-1000,0,0,0,-1159000
06839P,玉晶光統一9A售05,0,0,0,0,0,0,0,0,0,-1161000,0,0,0,52000,1213000,-1161000,-1161000
9904,寶成            ,3253000,4288036,-1035036,0,0,0,0,9000,-9000,-124000,68000,150000,-82000,71000,113000,-42000,-1168036
00771,元大US高息特別股,4000,4000,0,0,0,0,0,0,0,-1171000,0,0,0,0,1171000,-1171000,-1171000
6239,力成            ,1204000,2281990,-1077990,0,0,0,231000,279000,-48000,-65000,30000,47000,-17000,13000,61000,-48000,-1190990
8215,明基材          ,1146000,2337000,-1191000,0,0,0,0,0,0,-1000,1000,2000,-1000,0,0,0,-1192000
2889,國票金          ,202000,1339000,-1137000,0,0,0,0,0,0,-59000,0,59000,-59000,0,0,0,-1196000
1301,台塑            ,2281000,4097269,-1816269,0,0,0,670000,7000,663000,-83000,2000,59000,-57000,0,26000,-26000,-1236269
2103,台橡            ,263000,1511000,-1248000,0,0,0,0,0,0,-2000,0,2000,-2000,0,0,0,-1250000
2456,奇力新          ,266000,1345000,-1079000,0,0,0,0,54000,-54000,-134000,31000,40000,-9000,6000,131000,-125000,-1267000
1402,遠東新          ,3290000,4187976,-897976,0,0,0,0,14000,-14000,-366000,143000,91000,52000,10000,428000,-418000,-1277976
1309,台達化          ,1102000,2174000,-1072000,0,0,0,0,0,0,-212000,4000,216000,-212000,0,0,0,-1284000
3702,大聯大          ,1124000,2410907,-1286907,0,0,0,0,29000,-29000,28000,126000,5000,121000,0,93000,-93000,-1287907
062797,瑞昱統一9B購01  ,0,0,0,0,0,0,0,0,0,-1293000,0,0,0,242000,1535000,-1293000,-1293000
9958,世紀鋼          ,520000,861000,-341000,0,0,0,0,300000,-300000,-669000,111000,527000,-416000,65000,318000,-253000,-1310000
2548,華固            ,329000,1547000,-1218000,0,0,0,50000,0,50000,-165000,2000,167000,-165000,0,0,0,-1333000
2340,光磊            ,226000,1470000,-1244000,0,0,0,0,0,0,-95000,27000,42000,-15000,6000,86000,-80000,-1339000
056365,欣興元大98購01  ,0,0,0,0,0,0,0,0,0,-1339000,0,0,0,113000,1452000,-1339000,-1339000
2492,華新科          ,980000,1616042,-636042,0,0,0,0,384000,-384000,-347000,37000,103000,-66000,24000,305000,-281000,-1367042
3045,台灣大          ,1350447,2769132,-1418685,0,0,0,0,6000,-6000,38000,38000,0,38000,0,0,0,-1386685
2637,慧洋-KY         ,71000,1309000,-1238000,0,0,0,0,1000,-1000,-153000,0,153000,-153000,0,0,0,-1392000
3704,合勤控          ,187000,1256000,-1069000,0,0,0,0,0,0,-331000,3000,221000,-218000,1000,114000,-113000,-1400000
03447B,臺股指凱基9B熊16,0,0,0,0,0,0,0,0,0,-1409000,0,0,0,152000,1561000,-1409000,-1409000
6153,嘉聯益          ,646000,1305000,-659000,0,0,0,0,0,0,-752000,23000,205000,-182000,10000,580000,-570000,-1411000
063356,台表科元富02購01,0,0,0,0,0,0,0,0,0,-1417000,0,0,0,219000,1636000,-1417000,-1417000
1504,東元            ,664000,1199000,-535000,0,0,0,0,6000,-6000,-881000,0,275000,-275000,0,606000,-606000,-1422000
1718,中纖            ,268570,1673000,-1404430,0,0,0,0,0,0,-18000,0,18000,-18000,0,0,0,-1422430
1101,台泥            ,6428842,6964313,-535471,0,0,0,0,476000,-476000,-413000,0,248000,-248000,0,165000,-165000,-1424471
2301,光寶科          ,3236000,6240882,-3004882,0,0,0,1480000,5000,1475000,87000,208000,0,208000,14000,135000,-121000,-1442882
063431,神隆元富9B購01  ,0,0,0,0,0,0,0,0,0,-1445000,0,0,0,147000,1592000,-1445000,-1445000
3006,晶豪科          ,1047000,2141000,-1094000,0,0,0,0,0,0,-359000,63000,135000,-72000,0,287000,-287000,-1453000
08136P,祥碩國泰01售01  ,0,0,0,0,0,0,0,0,0,-1476000,0,0,0,455000,1931000,-1476000,-1476000
057813,京元電元大98購03,0,0,0,0,0,0,0,0,0,-1487000,0,0,0,373000,1860000,-1487000,-1487000
07505P,台勝科元大9A售01,0,25000,-25000,0,0,0,0,0,0,-1475000,0,0,0,479000,1954000,-1475000,-1500000
2352,佳世達          ,665000,1979000,-1314000,0,0,0,0,143000,-143000,-45000,33000,33000,0,0,45000,-45000,-1502000
2845,遠東銀          ,105000,1601000,-1496000,0,0,0,0,8000,-8000,0,0,0,0,0,0,0,-1504000
2329,華泰            ,266000,1769000,-1503000,0,0,0,0,0,0,-2000,4000,0,4000,0,6000,-6000,-1505000
2105,正新            ,2062000,3488402,-1426402,0,0,0,0,4000,-4000,-86000,8000,92000,-84000,0,2000,-2000,-1516402
07408P,台積電兆豐99售06,0,0,0,0,0,0,0,0,0,-1522000,0,0,0,0,1522000,-1522000,-1522000
059396,T50反1元富99購04,0,0,0,0,0,0,0,0,0,-1575000,0,0,0,0,1575000,-1575000,-1575000
2633,台灣高鐵        ,1958000,2621167,-663167,0,0,0,540000,1183000,-643000,-275000,2000,24000,-22000,14000,267000,-253000,-1581167
2383,台光電          ,512818,2495000,-1982182,0,0,0,455000,4000,451000,-58000,222000,156000,66000,26000,150000,-124000,-1589182
2104,國際中橡        ,232000,1879000,-1647000,0,0,0,0,0,0,24000,0,2000,-2000,29000,3000,26000,-1623000
3049,和鑫            ,185000,1700000,-1515000,0,0,0,0,0,0,-111000,6000,0,6000,0,117000,-117000,-1626000
06853P,華擎元富98售03  ,0,0,0,0,0,0,0,0,0,-1628000,0,0,0,330000,1958000,-1628000,-1628000
3682,亞太電          ,209000,1891000,-1682000,0,0,0,0,0,0,0,0,0,0,0,0,0,-1682000
03414B,臺股指凱基99熊01,50000,0,50000,0,0,0,0,0,0,-1742000,0,0,0,1259000,3001000,-1742000,-1692000
2337,旺宏            ,3590074,4931000,-1340926,0,0,0,0,33000,-33000,-389000,186000,450000,-264000,190000,315000,-125000,-1762926
2515,中工            ,145000,1953000,-1808000,0,0,0,0,0,0,-1000,0,9000,-9000,16000,8000,8000,-1809000
2504,國產            ,737000,2807000,-2070000,0,0,0,0,0,0,182000,0,22000,-22000,702000,498000,204000,-1888000
6505,台塑化          ,2045705,3900111,-1854406,0,0,0,0,47000,-47000,9000,27000,18000,9000,0,0,0,-1892406
00664R,國泰臺灣加權反1 ,0,0,0,0,0,0,0,0,0,-1956000,0,0,0,1058000,3014000,-1956000,-1956000
053117,大立光中信9A購02,0,0,0,0,0,0,0,0,0,-1963000,0,0,0,40000,2003000,-1963000,-1963000
08097P,嘉澤永豐9B售03  ,0,0,0,0,0,0,0,0,0,-1986000,0,0,0,20000,2006000,-1986000,-1986000
2614,東森            ,575000,2628000,-2053000,0,0,0,0,0,0,-2000,0,2000,-2000,0,0,0,-2055000
8046,南電            ,5138000,8932000,-3794000,0,0,0,2763000,250000,2513000,-837000,303000,592000,-289000,441000,989000,-548000,-2118000
062689,華擎統一02購01  ,0,0,0,0,0,0,0,0,0,-2121000,0,0,0,82000,2203000,-2121000,-2121000
062219,燿華統一9B購01  ,0,0,0,0,0,0,0,0,0,-2135000,0,0,0,722000,2857000,-2135000,-2135000
1217,愛之味          ,224000,2383000,-2159000,0,0,0,0,0,0,0,0,0,0,0,0,0,-2159000
1802,台玻            ,202000,2368000,-2166000,0,0,0,0,0,0,-5000,0,5000,-5000,0,0,0,-2171000
3706,神達            ,541000,1148322,-607322,0,0,0,0,615000,-615000,-952000,1000,665000,-664000,9000,297000,-288000,-2174322
5880,合庫金          ,5650000,7846782,-2196782,0,0,0,0,33000,-33000,44000,54000,10000,44000,0,0,0,-2185782
1710,東聯            ,269000,2452000,-2183000,0,0,0,0,1000,-1000,-3000,0,3000,-3000,0,0,0,-2187000
2812,台中銀          ,812000,3038000,-2226000,0,0,0,0,0,0,-25000,0,25000,-25000,0,0,0,-2251000
08290P,高鐵統一01售01  ,0,0,0,0,0,0,0,0,0,-2293000,0,0,0,0,2293000,-2293000,-2293000
06852P,臺股指元大98售11,0,0,0,0,0,0,0,0,0,-2305000,0,0,0,226000,2531000,-2305000,-2305000
3017,奇鋐            ,2373000,3366000,-993000,0,0,0,0,1060000,-1060000,-256000,2000,0,2000,49000,307000,-258000,-2309000
058877,T50反1國泰9B購01,0,0,0,0,0,0,0,0,0,-2339000,0,0,0,32000,2371000,-2339000,-2339000
3005,神基            ,314000,2384000,-2070000,0,0,0,0,57000,-57000,-325000,51000,266000,-215000,5000,115000,-110000,-2452000
1216,統一            ,13779000,16198643,-2419643,0,0,0,0,76000,-76000,-1000,0,0,0,0,1000,-1000,-2496643
2347,聯強            ,2132857,4138982,-2006125,0,0,0,0,25000,-25000,-474000,24000,416000,-392000,0,82000,-82000,-2505125
060047,道瓊反凱基99購01,0,0,0,0,0,0,0,0,0,-2545000,0,0,0,20000,2565000,-2545000,-2545000
2303,聯電            ,20803000,24998651,-4195651,0,0,0,0,279000,-279000,1760000,3524000,946000,2578000,34000,852000,-818000,-2714651
2327,國巨            ,1321000,2650102,-1329102,0,0,0,0,990000,-990000,-420000,94000,267000,-173000,172000,419000,-247000,-2739102
1605,華新            ,852000,3187000,-2335000,0,0,0,0,4000,-4000,-494000,4000,58000,-54000,0,440000,-440000,-2833000
07597P,臺股指中信01售02,0,0,0,0,0,0,0,0,0,-2889000,0,0,0,465000,3354000,-2889000,-2889000
2880,華南金          ,4425000,7399500,-2974500,0,0,0,0,32000,-32000,-12000,0,12000,-12000,0,0,0,-3018500
4142,國光生          ,4433000,6550000,-2117000,0,0,0,0,348000,-348000,-569000,1000,1000,0,20000,589000,-569000,-3034000
00676R,富邦臺灣加權反1 ,0,0,0,0,0,0,0,0,0,-3035000,0,0,0,685000,3720000,-3035000,-3035000
1326,台化            ,2074000,5146559,-3072559,0,0,0,0,14000,-14000,-58000,0,25000,-25000,0,33000,-33000,-3144559
2027,大成鋼          ,1414000,4432000,-3018000,0,0,0,0,0,0,-199000,6000,81000,-75000,128000,252000,-124000,-3217000
2367,燿華            ,9464000,14226000,-4762000,0,0,0,0,0,0,1543000,124000,52000,72000,2592000,1121000,1471000,-3219000
1714,和桐            ,1038000,4249000,-3211000,0,0,0,0,0,0,-10000,0,10000,-10000,0,0,0,-3221000
1102,亞泥            ,2284387,5445643,-3161256,0,0,0,0,41000,-41000,-91000,2000,2000,0,0,91000,-91000,-3293256
2312,金寶            ,247000,3564000,-3317000,0,0,0,0,0,0,19000,6000,1000,5000,60000,46000,14000,-3298000
2332,友訊            ,1774000,6108000,-4334000,0,0,0,0,0,0,1003000,201000,88000,113000,972000,82000,890000,-3331000
2369,菱生            ,582000,3996000,-3414000,0,0,0,0,0,0,6000,6000,0,6000,0,0,0,-3408000
2801,彰銀            ,3153000,6611147,-3458147,0,0,0,0,24000,-24000,-35000,0,5000,-5000,0,30000,-30000,-3517147
061536,華擎統一9C購02  ,0,0,0,0,0,0,0,0,0,-4141000,0,0,0,278000,4419000,-4141000,-4141000
2448,晶電            ,3308000,9160000,-5852000,0,0,0,650000,18000,632000,971000,1539000,556000,983000,43000,55000,-12000,-4249000
2888,新光金          ,20818048,24570254,-3752206,0,0,0,0,39000,-39000,-666000,356000,371000,-15000,871000,1522000,-651000,-4457206
2823,中壽            ,5730000,10791204,-5061204,0,0,0,0,12000,-12000,329000,8000,1000,7000,424000,102000,322000,-4744204
2368,金像電          ,4224000,7376000,-3152000,0,0,0,0,1684000,-1684000,-371000,308000,887000,-579000,247000,39000,208000,-5207000
2408,南亞科          ,2278000,7897307,-5619307,0,0,0,0,90000,-90000,-621000,286000,684000,-398000,28000,251000,-223000,-6330307
2344,華邦電          ,4659101,10354018,-5694917,0,0,0,0,58000,-58000,-781000,16000,541000,-525000,79000,335000,-256000,-6533917
2892,第一金          ,7451000,13558892,-6107892,0,0,0,0,711000,-711000,-26000,0,26000,-26000,0,0,0,-6844892
1314,中石化          ,505000,7706000,-7201000,0,0,0,0,3000,-3000,-98000,25000,5000,20000,21000,139000,-118000,-7302000
00671R,富邦NASDAQ反1   ,2000,1199000,-1197000,0,0,0,0,0,0,-6439000,0,0,0,231000,6670000,-6439000,-7636000
2881,富邦金          ,5502000,13395401,-7893401,0,0,0,0,26000,-26000,-37000,4000,12000,-8000,80000,109000,-29000,-7956401
2834,臺企銀          ,3281300,11365167,-8083867,0,0,0,0,18000,-18000,-70000,2000,1000,1000,0,71000,-71000,-8171867
2618,長榮航          ,2130050,10585252,-8455202,0,0,0,0,10000,-10000,95000,434000,4000,430000,0,335000,-335000,-8370202
2887,台新金          ,4990000,13120972,-8130972,0,0,0,0,34000,-34000,-216000,0,116000,-116000,0,100000,-100000,-8380972
2891,中信金          ,12921000,22217873,-9296873,0,0,0,492000,216000,276000,-7000,4000,1000,3000,0,10000,-10000,-9027873
2884,玉山金          ,10996000,20936912,-9940912,0,0,0,0,36000,-36000,167000,1000,4000,-3000,170000,0,170000,-9809912
2882,國泰金          ,10035000,21588226,-11553226,0,0,0,0,31000,-31000,-251000,25000,0,25000,54000,330000,-276000,-11835226
2449,京元電子        ,2105000,13742000,-11637000,0,0,0,0,20000,-20000,-658000,6000,264000,-258000,41000,441000,-400000,-12315000
2883,開發金          ,9690000,21941973,-12251973,0,0,0,0,46000,-46000,-200000,34000,92000,-58000,229000,371000,-142000,-12497973
2890,永豐金          ,21271000,32081334,-10810334,0,0,0,0,3535000,-3535000,-591000,0,489000,-489000,0,102000,-102000,-14936334
2885,元大金          ,14970000,36475770,-21505770,0,0,0,0,378000,-378000,2929000,3001000,7000,2994000,0,65000,-65000,-18954770
00637L,元大滬深300正2  ,1902000,20143000,-18241000,0,0,0,0,0,0,-13763000,0,0,0,14609000,28372000,-13763000,-32004000
00632R,元大台灣50反1   ,30107000,508000,29599000,0,0,0,0,0,0,-96528000,1421000,2122000,-701000,983000,96810000,-95827000,-66929000
00677U,富邦VIX         ,9718000,60737000,-51019000,0,0,0,0,0,0,-22191000,1675000,10462000,-8787000,25307000,38711000,-13404000,-73210000
