證券代號,證券名稱,外陸資買進股數(不含外資自營商),外陸資賣出股數(不含外資自營商),外陸資買賣超股數(不含外資自營商),外資自營商買進股數,外資自營商賣出股數,外資自營商買賣超股數,投信買進股數,投信賣出股數,投信買賣超股數,自營商買賣超股數,自營商買進股數(自行買賣),自營商賣出股數(自行買賣),自營商買賣超股數(自行買賣),自營商買進股數(避險),自營商賣出股數(避險),自營商買賣超股數(避險),三大法人買賣超股數
2330,台積電          ,28295046,12604837,15690209,0,0,0,76000,173194,-97194,1477000,286000,35000,251000,1297000,71000,1226000,17070015
2344,華邦電          ,14553841,5515000,9038841,0,0,0,0,0,0,4151000,2113000,0,2113000,2124000,86000,2038000,13189841
2884,玉山金          ,19431507,7789684,11641823,0,0,0,0,0,0,68000,13000,6000,7000,61000,0,61000,11709823
2317,鴻海            ,14031382,4976809,9054573,0,0,0,58000,0,58000,574000,204000,0,204000,596000,226000,370000,9686573
2882,國泰金          ,10921904,5421000,5500904,0,0,0,2178000,10595,2167405,366000,95000,0,95000,621000,350000,271000,8034309
2888,新光金          ,12839759,4416254,8423505,0,0,0,0,0,0,-581000,22000,432000,-410000,307000,478000,-171000,7842505
3037,欣興            ,12351000,5669000,6682000,0,0,0,95000,1300000,-1205000,470000,861000,515000,346000,318000,194000,124000,5947000
00852L,國泰美國道瓊正2 ,155000,11000,144000,0,0,0,0,0,0,5467000,200000,0,200000,18003000,12736000,5267000,5611000
2356,英業達          ,6289148,2644000,3645148,0,0,0,1548000,0,1548000,83000,13000,4000,9000,263000,189000,74000,5276148
0056,元大高股息      ,115000,97000,18000,0,0,0,74000,0,74000,5145000,10000,10000,0,5145000,0,5145000,5237000
00861,元大全球未來通訊,2612000,25000,2587000,0,0,0,0,0,0,2479000,0,0,0,3277000,798000,2479000,5066000
5880,合庫金          ,7259358,2370000,4889358,0,0,0,0,0,0,65000,85000,20000,65000,0,0,0,4954358
2883,開發金          ,11621945,7490000,4131945,0,0,0,960000,0,960000,-141000,55000,4000,51000,113000,305000,-192000,4950945
2823,中壽            ,6551286,1827000,4724286,0,0,0,0,0,0,-80000,9000,0,9000,420000,509000,-89000,4644286
2324,仁寶            ,5483248,2286000,3197248,0,0,0,1410000,0,1410000,-45000,133000,0,133000,69000,247000,-178000,4562248
2881,富邦金          ,10869337,6730000,4139337,0,0,0,0,84391,-84391,463000,101000,0,101000,453000,91000,362000,4517946
2454,聯發科          ,8113903,3761703,4352200,0,0,0,97000,5879,91121,-164000,57000,90000,-33000,45000,176000,-131000,4279321
1909,榮成            ,8901000,8268000,633000,0,0,0,3600000,0,3600000,-33000,472000,519000,-47000,16000,2000,14000,4200000
1434,福懋            ,4384950,431000,3953950,0,0,0,0,0,0,196000,196000,0,196000,0,0,0,4149950
3698,隆達            ,4541000,453000,4088000,0,0,0,0,0,0,19000,22000,3000,19000,0,0,0,4107000
2382,廣達            ,5409631,1883773,3525858,0,0,0,140000,9000,131000,285000,339000,12000,327000,24000,66000,-42000,3941858
3231,緯創            ,4703609,3007000,1696609,0,0,0,2159000,0,2159000,24000,140000,0,140000,53000,169000,-116000,3879609
2603,長榮            ,4800016,1135000,3665016,0,0,0,808000,0,808000,-608000,118000,726000,-608000,0,0,0,3865016
6213,聯茂            ,3506000,675000,2831000,0,0,0,638000,40000,598000,287000,231000,187000,44000,330000,87000,243000,3716000
2327,國巨            ,4572350,1336865,3235485,0,0,0,110000,26487,83513,339000,151000,28000,123000,435000,219000,216000,3657998
1216,統一            ,8541053,5203295,3337758,0,0,0,219000,56000,163000,147000,0,8000,-8000,158000,3000,155000,3647758
1904,正隆            ,2250000,783000,1467000,0,0,0,1784000,2000,1782000,393000,268000,1000,267000,150000,24000,126000,3642000
052296,TPK國票96購01   ,0,0,0,0,0,0,0,0,0,3496000,0,0,0,3496000,0,3496000,3496000
0050,元大台灣50      ,4500089,1451000,3049089,0,0,0,51000,27000,24000,390000,347000,0,347000,1556000,1513000,43000,3463089
2002,中鋼            ,7873791,4514000,3359791,0,0,0,0,0,0,63000,32000,40000,-8000,71000,0,71000,3422791
2376,技嘉            ,3031000,998000,2033000,0,0,0,1158000,255000,903000,398000,236000,76000,160000,423000,185000,238000,3334000
07193P,聯發科元大99售24,0,0,0,0,0,0,0,0,0,3194000,0,0,0,3444000,250000,3194000,3194000
2337,旺宏            ,6983000,5608020,1374980,0,0,0,0,200000,-200000,2003000,251000,46000,205000,2170000,372000,1798000,3177980
2886,兆豐金          ,7706637,4195000,3511637,0,0,0,932000,1355506,-423506,-117000,15000,0,15000,0,132000,-132000,2971131
2347,聯強            ,8844672,3848000,4996672,0,0,0,151000,0,151000,-2207000,29000,318000,-289000,0,1918000,-1918000,2940672
2323,中環            ,3991578,1142000,2849578,0,0,0,0,0,0,44000,15000,34000,-19000,187000,124000,63000,2893578
2308,台達電          ,5552873,3217000,2335873,0,0,0,479000,2645,476355,63000,152000,77000,75000,6000,18000,-12000,2875228
1101,台泥            ,5951923,2782175,3169748,0,0,0,200000,421840,-221840,-90000,113000,85000,28000,11000,129000,-118000,2857908
063431,神隆元富9B購01  ,0,0,0,0,0,0,0,0,0,2789000,0,0,0,3179000,390000,2789000,2789000
4927,泰鼎-KY         ,3206000,1149000,2057000,0,0,0,116000,143000,-27000,688000,161000,12000,149000,655000,116000,539000,2718000
2880,華南金          ,7648917,5042850,2606067,0,0,0,0,0,0,35000,35000,0,35000,0,0,0,2641067
3711,日月光投控      ,6129070,3575491,2553579,0,0,0,0,9000,-9000,65000,92000,154000,-62000,166000,39000,127000,2609579
2408,南亞科          ,5283541,2737000,2546541,0,0,0,0,591430,-591430,595000,261000,58000,203000,468000,76000,392000,2550111
2801,彰銀            ,4944258,2882000,2062258,0,0,0,0,0,0,421000,7000,4000,3000,420000,2000,418000,2483258
2515,中工            ,2744000,298000,2446000,0,0,0,0,0,0,35000,7000,0,7000,28000,0,28000,2481000
8150,南茂            ,1887000,1303000,584000,0,0,0,1331000,0,1331000,561000,122000,1000,121000,474000,34000,440000,2476000
00708L,元大S&P黃金正2  ,0,0,0,0,0,0,0,0,0,2453000,0,0,0,2872000,419000,2453000,2453000
2387,精元            ,1447000,1174000,273000,0,0,0,1938000,0,1938000,31000,1000,1000,0,31000,0,31000,2242000
2633,台灣高鐵        ,2830469,1092000,1738469,0,0,0,569000,100000,469000,-10000,10000,0,10000,27000,47000,-20000,2197469
3406,玉晶光          ,2829000,1372000,1457000,0,0,0,417000,0,417000,302000,280000,201000,79000,318000,95000,223000,2176000
2834,臺企銀          ,4799704,2650146,2149558,0,0,0,0,0,0,18000,19000,0,19000,39000,40000,-1000,2167558
07106P,國巨統一9B售05  ,0,0,0,0,0,0,0,0,0,2132000,0,0,0,2184000,52000,2132000,2132000
5876,上海商銀        ,3458531,1373000,2085531,0,0,0,0,4225,-4225,30000,6000,4000,2000,38000,10000,28000,2111306
2371,大同            ,3104199,1144000,1960199,0,0,0,0,0,0,135000,155000,20000,135000,0,0,0,2095199
2809,京城銀          ,2437000,726000,1711000,0,0,0,0,0,0,368000,368000,0,368000,0,0,0,2079000
051466,玉晶光富邦97購01,0,0,0,0,0,0,0,0,0,1971000,0,0,0,1971000,0,1971000,1971000
061536,華擎統一9C購02  ,0,0,0,0,0,0,0,0,0,1920000,0,0,0,1991000,71000,1920000,1920000
2887,台新金          ,6719023,4884097,1834926,0,0,0,0,0,0,-4000,40000,3000,37000,0,41000,-41000,1830926
2368,金像電          ,6815000,5759000,1056000,0,0,0,171000,0,171000,591000,729000,446000,283000,330000,22000,308000,1818000
2102,泰豐            ,2248000,474000,1774000,0,0,0,0,0,0,43000,46000,3000,43000,0,0,0,1817000
00686R,群益臺灣加權反1 ,0,0,0,0,0,0,0,0,0,1800000,0,0,0,1965000,165000,1800000,1800000
8046,南電            ,4133000,3400000,733000,0,0,0,2806000,2132000,674000,364000,427000,221000,206000,275000,117000,158000,1771000
2474,可成            ,2220354,769000,1451354,0,0,0,90000,891,89109,145000,35000,16000,19000,136000,10000,126000,1685463
3045,台灣大          ,2496067,902000,1594067,0,0,0,74000,2515,71485,18000,18000,0,18000,0,0,0,1683552
2867,三商壽          ,1848000,170000,1678000,0,0,0,0,0,0,-1000,1000,2000,-1000,0,0,0,1677000
6505,台塑化          ,3198433,1736000,1462433,0,0,0,0,2874,-2874,143000,143000,0,143000,0,0,0,1602559
3450,聯鈞            ,1589000,646000,943000,0,0,0,281000,0,281000,299000,10000,101000,-91000,399000,9000,390000,1523000
00875,國泰網路資安    ,1320000,1000,1319000,0,0,0,0,0,0,197000,0,0,0,700000,503000,197000,1516000
2820,華票            ,839000,473000,366000,0,0,0,1115000,0,1115000,0,0,0,0,0,0,0,1481000
5264,鎧勝-KY         ,3808000,2993000,815000,0,0,0,677000,0,677000,-12000,54000,1000,53000,71000,136000,-65000,1480000
2614,東森            ,2104000,638000,1466000,0,0,0,0,0,0,1000,1000,0,1000,0,0,0,1467000
1402,遠東新          ,3685690,2302000,1383690,0,0,0,40000,0,40000,40000,22000,0,22000,29000,11000,18000,1463690
062844,T50反1國泰9C購01,0,0,0,0,0,0,0,0,0,1440000,0,0,0,2785000,1345000,1440000,1440000
062846,國泰金富邦9C購01,0,0,0,0,0,0,0,0,0,1439000,0,0,0,1439000,0,1439000,1439000
058877,T50反1國泰9B購01,0,0,0,0,0,0,0,0,0,1404000,0,0,0,1832000,428000,1404000,1404000
08410P,臺股指元大9C售16,0,0,0,0,0,0,0,0,0,1402000,0,0,0,1415000,13000,1402000,1402000
060416,神隆永豐9A購01  ,0,0,0,0,0,0,0,0,0,1383000,0,0,0,1463000,80000,1383000,1383000
062096,神隆永豐9B購01  ,0,0,0,0,0,0,0,0,0,1381000,0,0,0,1409000,28000,1381000,1381000
062388,旭富國泰01購01  ,0,0,0,0,0,0,0,0,0,1317000,0,0,0,1317000,0,1317000,1317000
042315,T50反1台新96購01,0,0,0,0,0,0,0,0,0,1302000,0,0,0,1302000,0,1302000,1302000
061844,T50反1國票9C購02,0,0,0,0,0,0,0,0,0,1273000,0,0,0,2939000,1666000,1273000,1273000
2449,京元電子        ,3193000,3259817,-66817,0,0,0,829000,0,829000,494000,124000,3000,121000,525000,152000,373000,1256183
3017,奇鋐            ,1439000,448000,991000,0,0,0,115000,0,115000,147000,1000,0,1000,256000,110000,146000,1253000
1308,亞聚            ,2157000,780000,1377000,0,0,0,0,0,0,-126000,0,126000,-126000,0,0,0,1251000
2618,長榮航          ,4220920,3054000,1166920,0,0,0,0,0,0,73000,173000,185000,-12000,135000,50000,85000,1239920
2105,正新            ,1893234,653000,1240234,0,0,0,0,0,0,-38000,12000,50000,-38000,0,0,0,1202234
3682,亞太電          ,1498000,317000,1181000,0,0,0,0,0,0,1000,1000,0,1000,0,0,0,1182000
063054,健鼎統一01購01  ,0,0,0,0,0,0,0,0,0,1166000,0,0,0,1556000,390000,1166000,1166000
1440,南紡            ,1675000,511000,1164000,0,0,0,0,0,0,1000,1000,0,1000,0,0,0,1165000
2338,光罩            ,1132000,73000,1059000,0,0,0,0,0,0,81000,2000,0,2000,79000,0,79000,1140000
061915,T50反1凱基02購02,0,0,0,0,0,0,0,0,0,1135000,0,0,0,1275000,140000,1135000,1135000
064051,新日興統一01購01,0,0,0,0,0,0,0,0,0,1134000,0,0,0,1194000,60000,1134000,1134000
6153,嘉聯益          ,1620000,635000,985000,0,0,0,0,0,0,137000,115000,224000,-109000,263000,17000,246000,1122000
053118,大立光中信9C購01,0,0,0,0,0,0,0,0,0,1115000,0,0,0,2267000,1152000,1115000,1115000
07287P,全新群益9B售01  ,0,0,0,0,0,0,0,0,0,1100000,0,0,0,1100000,0,1100000,1100000
057330,台積電國票99購03,0,0,0,0,0,0,0,0,0,1093000,0,0,0,1105000,12000,1093000,1093000
00651R,FH香港反1       ,82000,7000,75000,0,0,0,0,0,0,1012000,0,0,0,1404000,392000,1012000,1087000
00830,國泰費城半導體  ,258000,74000,184000,0,0,0,0,0,0,897000,975000,0,975000,598000,676000,-78000,1081000
1304,台聚            ,1190000,118000,1072000,0,0,0,0,0,0,8000,8000,0,8000,0,0,0,1080000
060051,台積電凱基9B購01,0,0,0,0,0,0,0,0,0,1079000,0,0,0,1118000,39000,1079000,1079000
058898,台積電元大99購20,0,0,0,0,0,0,0,0,0,1063000,0,0,0,1079000,16000,1063000,1063000
06068P,玉晶光康和97售01,0,0,0,0,0,0,0,0,0,1053000,0,0,0,1053000,0,1053000,1053000
2363,矽統            ,2030000,982000,1048000,0,0,0,0,0,0,4000,4000,0,4000,0,0,0,1052000
5871,中租-KY         ,1950300,1155750,794550,0,0,0,75000,1586,73414,176000,106000,0,106000,76000,6000,70000,1043964
3059,華晶科          ,1012000,106000,906000,0,0,0,0,0,0,124000,126000,2000,124000,0,0,0,1030000
08408P,臺股指元大9C售14,0,0,0,0,0,0,0,0,0,1029000,0,0,0,1029000,0,1029000,1029000
062218,燿華統一01購01  ,0,0,0,0,0,0,0,0,0,1025000,0,0,0,1464000,439000,1025000,1025000
3661,世芯-KY         ,1434000,485000,949000,0,0,0,0,5000,-5000,77000,76000,11000,65000,37000,25000,12000,1021000
4960,誠美材          ,1189000,172000,1017000,0,0,0,0,0,0,1000,5000,4000,1000,0,0,0,1018000
2520,冠德            ,1546000,1191000,355000,0,0,0,0,0,0,662000,319000,0,319000,345000,2000,343000,1017000
2392,正崴            ,1249000,338000,911000,0,0,0,0,0,0,86000,18000,18000,0,86000,0,86000,997000
2421,建準            ,1695000,833000,862000,0,0,0,0,0,0,135000,0,0,0,194000,59000,135000,997000
00752,中信中國50      ,4000,4000,0,0,0,0,0,0,0,992000,0,0,0,1528000,536000,992000,992000
2345,智邦            ,1708329,913192,795137,0,0,0,1000,0,1000,194000,177000,34000,143000,62000,11000,51000,990137
060764,華擎元大9A購03  ,0,0,0,0,0,0,0,0,0,968000,0,0,0,994000,26000,968000,968000
3041,揚智            ,1224000,258000,966000,0,0,0,0,0,0,0,0,0,0,0,0,0,966000
059293,宏達電元富9B購01,0,0,0,0,0,0,0,0,0,964000,0,0,0,1159000,195000,964000,964000
00634R,富邦上証反1     ,83000,0,83000,0,0,0,0,0,0,877000,0,0,0,910000,33000,877000,960000
4968,立積            ,997000,422000,575000,0,0,0,188000,0,188000,187000,25000,4000,21000,183000,17000,166000,950000
5471,松翰            ,1553000,629000,924000,0,0,0,0,0,0,20000,20000,0,20000,0,0,0,944000
4958,臻鼎-KY         ,1404935,1350000,54935,0,0,0,564000,15000,549000,335000,362000,29000,333000,13000,11000,2000,938935
057776,京元電群益98購02,0,0,0,0,0,0,0,0,0,938000,0,0,0,1180000,242000,938000,938000
9907,統一實          ,1077000,147000,930000,0,0,0,0,0,0,5000,5000,0,5000,0,0,0,935000
6592,和潤企業        ,840000,45000,795000,0,0,0,123000,0,123000,16000,26000,20000,6000,23000,13000,10000,934000
2841,台開            ,1395000,458000,937000,0,0,0,0,0,0,-5000,0,5000,-5000,0,0,0,932000
08671P,友訊國票01售01  ,0,0,0,0,0,0,0,0,0,928000,0,0,0,928000,0,928000,928000
063055,創意統一9B購02  ,0,0,0,0,0,0,0,0,0,919000,0,0,0,1065000,146000,919000,919000
059395,T50反1元富99購03,0,0,0,0,0,0,0,0,0,917000,0,0,0,1179000,262000,917000,917000
06801P,技嘉群益99售02  ,0,0,0,0,0,0,0,0,0,890000,0,0,0,927000,37000,890000,890000
2108,南帝            ,1178000,1961000,-783000,0,0,0,1469000,0,1469000,203000,215000,12000,203000,0,0,0,889000
1309,台達化          ,1983000,1099000,884000,0,0,0,0,0,0,1000,2000,1000,1000,0,0,0,885000
2379,瑞昱            ,2189875,1137000,1052875,0,0,0,33000,120581,-87581,-85000,51000,101000,-50000,18000,53000,-35000,880294
3003,健和興          ,990000,155000,835000,0,0,0,0,0,0,43000,37000,35000,2000,50000,9000,41000,878000
00650L,FH香港正2       ,43000,39000,4000,0,0,0,0,0,0,873000,0,0,0,1791000,918000,873000,877000
056638,臺股指日盛98購01,0,0,0,0,0,0,0,0,0,868000,0,0,0,1081000,213000,868000,868000
2812,台中銀          ,1569000,705000,864000,0,0,0,0,0,0,3000,3000,0,3000,0,0,0,867000
08136P,祥碩國泰01售01  ,0,0,0,0,0,0,0,0,0,864000,0,0,0,1730000,866000,864000,864000
2897,王道銀行        ,891000,35000,856000,0,0,0,0,0,0,0,0,0,0,0,0,0,856000
064159,新日興統一01購02,0,0,0,0,0,0,0,0,0,851000,0,0,0,1234000,383000,851000,851000
06465P,國巨統一98售04  ,0,0,0,0,0,0,0,0,0,850000,0,0,0,1041000,191000,850000,850000
060829,T50反1國票9A購06,0,0,0,0,0,0,0,0,0,850000,0,0,0,850000,0,850000,850000
6271,同欣電          ,690000,452000,238000,0,0,0,923000,256000,667000,-56000,60000,143000,-83000,43000,16000,27000,849000
061389,華新科群益9B購01,0,0,0,0,0,0,0,0,0,825000,0,0,0,986000,161000,825000,825000
03658C,T50反1元大9A牛02,0,0,0,0,0,0,0,0,0,822000,0,0,0,1040000,218000,822000,822000
063675,亞德客國泰01購01,0,0,0,0,0,0,0,0,0,819000,0,0,0,1265000,446000,819000,819000
1722,台肥            ,343000,423000,-80000,0,0,0,883000,0,883000,15000,5000,0,5000,10000,0,10000,818000
3413,京鼎            ,766000,89000,677000,0,0,0,80000,0,80000,59000,1000,0,1000,62000,4000,58000,816000
2354,鴻準            ,1333152,385000,948152,0,0,0,0,137671,-137671,1000,7000,6000,1000,0,0,0,811481
056742,玉晶光凱基9A購01,0,0,0,0,0,0,0,0,0,809000,0,0,0,899000,90000,809000,809000
00646,元大S&P500      ,105000,13000,92000,0,0,0,0,0,0,714000,256000,0,256000,1015000,557000,458000,806000
2455,全新            ,1206000,392000,814000,0,0,0,0,245000,-245000,235000,34000,6000,28000,221000,14000,207000,804000
5521,工信            ,853000,51000,802000,0,0,0,0,0,0,0,0,0,0,0,0,0,802000
1313,聯成            ,1055000,262000,793000,0,0,0,0,0,0,4000,6000,2000,4000,0,0,0,797000
00647L,元大S&P500正2   ,62000,42000,20000,0,0,0,0,0,0,769000,0,0,0,1588000,819000,769000,789000
6669,緯穎            ,785997,234869,551128,0,0,0,134000,0,134000,102000,54000,6000,48000,57000,3000,54000,787128
2329,華泰            ,1313000,537000,776000,0,0,0,0,0,0,5000,5000,0,5000,0,0,0,781000
2889,國票金          ,1104000,263000,841000,0,0,0,0,79000,-79000,7000,8000,1000,7000,0,0,0,769000
9933,中鼎            ,872000,478000,394000,0,0,0,44000,0,44000,322000,322000,0,322000,0,0,0,760000
058706,聯鈞元大9C購01  ,0,0,0,0,0,0,0,0,0,754000,0,0,0,800000,46000,754000,754000
059883,T50反1國票99購02,0,0,0,0,0,0,0,0,0,748000,0,0,0,748000,0,748000,748000
054999,玉晶光元富97購03,0,0,0,0,0,0,0,0,0,745000,0,0,0,745000,0,745000,745000
061555,聯電國票9B購01  ,0,0,0,0,0,0,0,0,0,742000,0,0,0,922000,180000,742000,742000
054040,中石化元大9C購01,0,0,0,0,0,0,0,0,0,739000,0,0,0,789000,50000,739000,739000
061031,神隆永豐9A購02  ,0,0,0,0,0,0,0,0,0,737000,0,0,0,755000,18000,737000,737000
2511,太子            ,809000,74000,735000,0,0,0,0,0,0,1000,1000,0,1000,0,0,0,736000
05692P,聯發科中信9A售02,0,0,0,0,0,0,0,0,0,732000,0,0,0,762000,30000,732000,732000
2605,新興            ,890000,160000,730000,0,0,0,0,0,0,-3000,1000,0,1000,0,4000,-4000,727000
048383,元金2X國票99購01,0,0,0,0,0,0,0,0,0,725000,0,0,0,786000,61000,725000,725000
062476,神隆國票9B購01  ,0,0,0,0,0,0,0,0,0,718000,0,0,0,730000,12000,718000,718000
1515,力山            ,3471000,2782000,689000,0,0,0,0,0,0,20000,90000,0,90000,52000,122000,-70000,709000
061957,上銀統一01購01  ,0,0,0,0,0,0,0,0,0,709000,0,0,0,764000,55000,709000,709000
061085,聯茂兆豐9A購01  ,0,0,0,0,0,0,0,0,0,702000,0,0,0,979000,277000,702000,702000
050123,群臺反凱基96購01,0,0,0,0,0,0,0,0,0,700000,0,0,0,700000,0,700000,700000
060194,旭富元富9A購01  ,0,0,0,0,0,0,0,0,0,700000,0,0,0,728000,28000,700000,700000
08090P,嘉澤統一9B售01  ,0,0,0,0,0,0,0,0,0,697000,0,0,0,697000,0,697000,697000
064531,旭富兆豐9C購01  ,0,0,0,0,0,0,0,0,0,682000,0,0,0,1160000,478000,682000,682000
1604,聲寶            ,644000,59000,585000,0,0,0,0,0,0,95000,98000,3000,95000,0,0,0,680000
062219,燿華統一9B購01  ,0,0,0,0,0,0,0,0,0,674000,0,0,0,1281000,607000,674000,674000
4934,太極            ,781000,108000,673000,0,0,0,0,0,0,0,0,0,0,0,0,0,673000
058026,上銀富邦9A購01  ,0,0,0,0,0,0,0,0,0,672000,0,0,0,697000,25000,672000,672000
6116,彩晶            ,2607000,2055066,551934,0,0,0,0,0,0,107000,47000,0,47000,148000,88000,60000,658934
063501,旭富永豐9B購02  ,0,0,0,0,0,0,0,0,0,650000,0,0,0,660000,10000,650000,650000
061453,台達電凱基9B購01,0,0,0,0,0,0,0,0,0,648000,0,0,0,662000,14000,648000,648000
2383,台光電          ,1752700,1660000,92700,0,0,0,41000,0,41000,499000,478000,180000,298000,269000,68000,201000,632700
2014,中鴻            ,797000,173000,624000,0,0,0,0,0,0,8000,8000,0,8000,0,0,0,632000
054640,健策中信9B購01  ,0,0,0,0,0,0,0,0,0,627000,0,0,0,1478000,851000,627000,627000
062742,技嘉國泰01購01  ,0,0,0,0,0,0,0,0,0,614000,0,0,0,914000,300000,614000,614000
2352,佳世達          ,1472000,287000,1185000,0,0,0,0,645000,-645000,73000,114000,2000,112000,0,39000,-39000,613000
055653,聯詠元富01購02  ,0,0,0,0,0,0,0,0,0,605000,0,0,0,803000,198000,605000,605000
064377,宏達電元富9C購01,0,0,0,0,0,0,0,0,0,600000,0,0,0,863000,263000,600000,600000
05711P,茂林國票97售03  ,0,0,0,0,0,0,0,0,0,598000,0,0,0,598000,0,598000,598000
2369,菱生            ,736000,143000,593000,0,0,0,0,0,0,1000,3000,2000,1000,0,0,0,594000
058138,晶相光元大9C購01,0,0,0,0,0,0,0,0,0,594000,0,0,0,594000,0,594000,594000
058488,華擎國票9A購01  ,0,0,0,0,0,0,0,0,0,587000,0,0,0,594000,7000,587000,587000
059307,T50反1元大99購06,0,0,0,0,0,0,0,0,0,586000,0,0,0,589000,3000,586000,586000
053827,漢唐麥證9A購01  ,0,0,0,582000,0,582000,0,0,0,582000,0,0,0,582000,0,582000,582000
2107,厚生            ,616000,34000,582000,0,0,0,0,0,0,-2000,2000,4000,-2000,0,0,0,580000
063324,道瓊反國票9B購03,0,0,0,0,0,0,0,0,0,579000,0,0,0,1081000,502000,579000,579000
061226,台積電中信9A購05,0,0,0,0,0,0,0,0,0,574000,0,0,0,574000,0,574000,574000
00640L,富邦日本正2     ,235000,0,235000,0,0,0,0,0,0,332000,0,0,0,1144000,812000,332000,567000
07098P,台積電元大99售18,0,0,0,0,0,0,0,0,0,560000,0,0,0,660000,100000,560000,560000
056277,上銀富邦99購02  ,0,0,0,0,0,0,0,0,0,554000,0,0,0,831000,277000,554000,554000
059078,FBVIX元大99購06 ,0,0,0,0,0,0,0,0,0,552000,0,0,0,559000,7000,552000,552000
2838,聯邦銀          ,690000,142000,548000,0,0,0,0,0,0,0,0,0,0,0,0,0,548000
2472,立隆電          ,714000,75100,638900,0,0,0,0,0,0,-94000,1000,95000,-94000,0,0,0,544900
055824,臺股指國票97購11,0,0,0,0,0,0,0,0,0,543000,0,0,0,543000,0,543000,543000
3338,泰碩            ,482000,141000,341000,0,0,0,0,0,0,197000,100000,2000,98000,110000,11000,99000,538000
020015,統一MSCI美低波N ,0,0,0,0,0,0,0,0,0,537000,0,0,0,619000,82000,537000,537000
06679P,旺宏元大98售09  ,0,0,0,0,0,0,0,0,0,535000,0,0,0,573000,38000,535000,535000
3437,榮創            ,605000,73000,532000,0,0,0,0,0,0,3000,3000,0,3000,0,0,0,535000
058380,臺股指凱基99購15,0,0,0,0,0,0,0,0,0,532000,0,0,0,648000,116000,532000,532000
062591,新日興統一9C購01,0,0,0,0,0,0,0,0,0,531000,0,0,0,856000,325000,531000,531000
055639,上銀元富97購02  ,0,0,0,0,0,0,0,0,0,527000,0,0,0,527000,0,527000,527000
064233,燿華統一9C購02  ,0,0,0,0,0,0,0,0,0,526000,0,0,0,581000,55000,526000,526000
063080,裕隆凱基9B購01  ,0,0,0,0,0,0,0,0,0,525000,0,0,0,753000,228000,525000,525000
056584,鴻海統一9B購01  ,0,0,0,0,0,0,0,0,0,523000,0,0,0,1332000,809000,523000,523000
060862,美律永豐9A購01  ,0,0,0,0,0,0,0,0,0,517000,0,0,0,533000,16000,517000,517000
2006,東和鋼鐵        ,834000,458000,376000,0,0,0,76000,0,76000,59000,95000,36000,59000,0,0,0,511000
2377,微星            ,1577241,985000,592241,0,0,0,8000,116000,-108000,26000,56000,0,56000,85000,115000,-30000,510241
062233,神隆凱基9B購01  ,0,0,0,0,0,0,0,0,0,509000,0,0,0,735000,226000,509000,509000
3665,貿聯-KY         ,502000,131000,371000,0,0,0,50000,0,50000,86000,30000,23000,7000,89000,10000,79000,507000
064062,創意國泰01購01  ,0,0,0,0,0,0,0,0,0,501000,0,0,0,501000,0,501000,501000
6257,矽格            ,490000,375000,115000,0,0,0,236000,0,236000,150000,212000,40000,172000,23000,45000,-22000,501000
053354,康控兆豐97購02  ,0,0,0,0,0,0,0,0,0,499000,0,0,0,499000,0,499000,499000
050400,臻鼎中信97購01  ,0,0,0,0,0,0,0,0,0,499000,0,0,0,499000,0,499000,499000
052941,康控兆豐97購01  ,0,0,0,0,0,0,0,0,0,499000,0,0,0,499000,0,499000,499000
04788P,台積電永昌96售05,0,0,0,0,0,0,0,0,0,498000,0,0,0,498000,0,498000,498000
2436,偉詮電          ,618000,135000,483000,0,0,0,0,0,0,14000,14000,0,14000,0,0,0,497000
3703,欣陸            ,302000,23000,279000,0,0,0,0,0,0,215000,216000,1000,215000,0,0,0,494000
062660,神隆群益9B購02  ,0,0,0,0,0,0,0,0,0,491000,0,0,0,1047000,556000,491000,491000
2401,凌陽            ,480000,31000,449000,0,0,0,0,0,0,39000,47000,8000,39000,0,0,0,488000
062891,台汽電群益9B購01,0,0,0,0,0,0,0,0,0,484000,0,0,0,484000,0,484000,484000
00737,國泰AI+Robo     ,896000,0,896000,0,0,0,0,0,0,-413000,0,0,0,216000,629000,-413000,483000
063774,GIS富邦9B購02   ,0,0,0,0,0,0,0,0,0,483000,0,0,0,599000,116000,483000,483000
07597P,臺股指中信01售02,0,0,0,0,0,0,0,0,0,482000,0,0,0,2818000,2336000,482000,482000
055874,中環元富9A購01  ,0,0,0,0,0,0,0,0,0,481000,0,0,0,574000,93000,481000,481000
064095,鴻海群益01購02  ,0,0,0,0,0,0,0,0,0,481000,0,0,0,1320000,839000,481000,481000
3557,嘉威            ,581000,103000,478000,0,0,0,0,0,0,0,0,0,0,0,0,0,478000
6120,達運            ,555000,90000,465000,0,0,0,0,0,0,6000,6000,0,6000,0,0,0,471000
5469,瀚宇博          ,725000,325313,399687,0,0,0,0,0,0,69000,4000,0,4000,82000,17000,65000,468687
00670L,富邦NASDAQ正2   ,313000,0,313000,0,0,0,0,0,0,155000,174000,0,174000,700000,719000,-19000,468000
058468,聯茂中信99購02  ,0,0,0,0,0,0,0,0,0,465000,0,0,0,709000,244000,465000,465000
9914,美利達          ,1154000,752674,401326,0,0,0,113000,10000,103000,-44000,35000,79000,-44000,0,0,0,460326
057783,台積電國票9A購01,0,0,0,0,0,0,0,0,0,460000,0,0,0,474000,14000,460000,460000
08379P,台積電國泰02售02,0,0,0,0,0,0,0,0,0,455000,0,0,0,2528000,2073000,455000,455000
07071P,立積元富99售01  ,0,0,0,0,0,0,0,0,0,453000,0,0,0,484000,31000,453000,453000
3049,和鑫            ,1588000,1166000,422000,0,0,0,0,0,0,27000,6000,0,6000,21000,0,21000,449000
062466,FBVIX凱基9B購01 ,0,0,0,0,0,0,0,0,0,448000,0,0,0,1244000,796000,448000,448000
2228,劍麟            ,209000,123000,86000,0,0,0,358000,0,358000,2000,0,0,0,4000,2000,2000,446000
8011,台通            ,522000,77000,445000,0,0,0,0,0,0,1000,1000,0,1000,0,0,0,446000
07499P,台積電元大9A售12,0,0,0,0,0,0,0,0,0,444000,0,0,0,444000,0,444000,444000
060309,佳世達永豐9A購01,0,0,0,0,0,0,0,0,0,444000,0,0,0,444000,0,444000,444000
08010P,大成鋼元大9B售01,0,0,0,0,0,0,0,0,0,442000,0,0,0,442000,0,442000,442000
4935,茂林-KY         ,381000,346000,35000,0,0,0,150000,0,150000,257000,30000,85000,-55000,316000,4000,312000,442000
056269,新日興統一98購01,0,0,0,0,0,0,0,0,0,441000,0,0,0,530000,89000,441000,441000
06844P,智邦元大98售13  ,0,0,0,0,0,0,0,0,0,440000,0,0,0,450000,10000,440000,440000
063574,茂林元大9B購07  ,0,0,0,0,0,0,0,0,0,440000,0,0,0,551000,111000,440000,440000
043538,元石油國票97購01,0,0,0,0,0,0,0,0,0,439000,0,0,0,439000,0,439000,439000
2845,遠東銀          ,470000,76000,394000,0,0,0,0,0,0,44000,44000,0,44000,0,0,0,438000
058878,旭富國泰9B購01  ,0,0,0,0,0,0,0,0,0,438000,0,0,0,440000,2000,438000,438000
063320,旭富群益9B購03  ,0,0,0,0,0,0,0,0,0,438000,0,0,0,438000,0,438000,438000
2836,高雄銀          ,492000,59000,433000,0,0,0,0,0,0,0,0,0,0,0,0,0,433000
2489,瑞軒            ,654000,226000,428000,0,0,0,0,0,0,5000,17000,12000,5000,0,0,0,433000
08105P,景碩元大9B售01  ,0,0,0,0,0,0,0,0,0,433000,0,0,0,542000,109000,433000,433000
06478P,臺股指日盛9A售01,0,0,0,0,0,0,0,0,0,433000,0,0,0,488000,55000,433000,433000
054542,台表科國票98購01,0,0,0,0,0,0,0,0,0,433000,0,0,0,435000,2000,433000,433000
061374,力山永豐9A購04  ,0,0,0,0,0,0,0,0,0,433000,0,0,0,460000,27000,433000,433000
020016,統一MSCI美科技N ,0,0,0,0,0,0,0,0,0,432000,0,0,0,582000,150000,432000,432000
060107,旭富元大99購03  ,0,0,0,0,0,0,0,0,0,429000,0,0,0,465000,36000,429000,429000
1103,嘉泥            ,458000,33000,425000,0,0,0,0,0,0,3000,3000,0,3000,0,0,0,428000
1590,亞德客-KY       ,979154,466867,512287,0,0,0,0,99154,-99154,14000,0,0,0,48000,34000,14000,427133
062546,新日興永豐9B購01,0,0,0,0,0,0,0,0,0,427000,0,0,0,495000,68000,427000,427000
4967,十銓            ,532000,70000,462000,0,0,0,0,0,0,-35000,0,35000,-35000,0,0,0,427000
064043,台積電統一9C購10,0,0,0,0,0,0,0,0,0,425000,0,0,0,500000,75000,425000,425000
2360,致茂            ,815000,475000,340000,0,0,0,0,0,0,84000,42000,9000,33000,60000,9000,51000,424000
063262,南六富邦9C購01  ,0,0,0,0,0,0,0,0,0,424000,0,0,0,444000,20000,424000,424000
9938,百和            ,448000,132000,316000,0,0,0,127000,0,127000,-19000,10000,22000,-12000,6000,13000,-7000,424000
054558,劍麟群益99購01  ,0,0,0,0,0,0,0,0,0,423000,0,0,0,424000,1000,423000,423000
056464,臺股指凱基99購06,0,0,0,0,0,0,0,0,0,423000,0,0,0,446000,23000,423000,423000
062539,可成國泰01購01  ,0,0,0,0,0,0,0,0,0,417000,0,0,0,737000,320000,417000,417000
6141,柏承            ,426000,11000,415000,0,0,0,0,0,0,1000,1000,0,1000,0,0,0,416000
061427,旭富元大9A購02  ,0,0,0,0,0,0,0,0,0,415000,0,0,0,456000,41000,415000,415000
060783,亞德客富邦9B購01,0,0,0,0,0,0,0,0,0,412000,0,0,0,982000,570000,412000,412000
00766L,台新MSCI中國正2 ,0,0,0,0,0,0,0,0,0,411000,0,0,0,594000,183000,411000,411000
053297,鎧勝中信98購01  ,0,0,0,0,0,0,0,0,0,411000,0,0,0,545000,134000,411000,411000
064333,義隆元大9C購02  ,0,0,0,0,0,0,0,0,0,406000,0,0,0,450000,44000,406000,406000
058720,旭富元富99購01  ,0,0,0,0,0,0,0,0,0,406000,0,0,0,407000,1000,406000,406000
056571,燿華元大98購02  ,0,0,0,0,0,0,0,0,0,404000,0,0,0,594000,190000,404000,404000
063669,宏達電統一9C購01,0,0,0,0,0,0,0,0,0,403000,0,0,0,728000,325000,403000,403000
064230,上銀統一01購04  ,0,0,0,0,0,0,0,0,0,401000,0,0,0,404000,3000,401000,401000
3596,智易            ,462000,92000,370000,0,0,0,0,0,0,31000,5000,7000,-2000,36000,3000,33000,401000
07455P,聯發科元大9A售01,0,0,0,0,0,0,0,0,0,400000,0,0,0,400000,0,400000,400000
053814,美律群益97購02  ,0,0,0,0,0,0,0,0,0,400000,0,0,0,400000,0,400000,400000
2601,益航            ,512000,114000,398000,0,0,0,0,0,0,0,0,0,0,0,0,0,398000
063743,道瓊反國票9C購02,0,0,0,0,0,0,0,0,0,398000,0,0,0,398000,0,398000,398000
062232,聯詠麥證9C購01  ,0,0,0,419000,21000,398000,0,0,0,398000,0,0,0,419000,21000,398000,398000
064052,創意統一01購02  ,0,0,0,0,0,0,0,0,0,392000,0,0,0,392000,0,392000,392000
9921,巨大            ,921376,713000,208376,0,0,0,202000,8000,194000,-14000,15000,31000,-16000,2000,0,2000,388376
2609,陽明            ,527000,139000,388000,0,0,0,0,0,0,0,0,0,0,0,0,0,388000
054894,GIS統一97購01   ,0,0,0,0,0,0,0,0,0,386000,0,0,0,401000,15000,386000,386000
07986P,大成鋼統一9B售02,0,0,0,0,0,0,0,0,0,385000,0,0,0,385000,0,385000,385000
056794,上銀麥證98購01  ,0,0,0,383000,0,383000,0,0,0,383000,0,0,0,383000,0,383000,383000
1303,南亞            ,3714461,3203000,511461,0,0,0,0,132879,-132879,4000,7000,12000,-5000,9000,0,9000,382582
1319,東陽            ,537116,146000,391116,0,0,0,0,0,0,-10000,0,10000,-10000,0,0,0,381116
060031,旭富永豐99購02  ,0,0,0,0,0,0,0,0,0,381000,0,0,0,381000,0,381000,381000
060821,SP黃豆元大9A購02,0,0,0,0,0,0,0,0,0,380000,0,0,0,510000,130000,380000,380000
06629P,台灣50第一98售01,0,0,0,0,0,0,0,0,0,378000,0,0,0,378000,0,378000,378000
054201,聯詠富邦97購02  ,0,0,0,0,0,0,0,0,0,378000,0,0,0,389000,11000,378000,378000
058925,旭富元富99購02  ,0,0,0,0,0,0,0,0,0,377000,0,0,0,477000,100000,377000,377000
1227,佳格            ,1125516,748611,376905,0,0,0,0,0,0,-2000,0,2000,-2000,0,0,0,374905
00633L,富邦上証正2     ,2612000,2430000,182000,0,0,0,0,0,0,190000,25000,0,25000,3037000,2872000,165000,372000
062755,茂林麥證9B購01  ,0,0,0,503000,131000,372000,0,0,0,372000,0,0,0,503000,131000,372000,372000
050890,南電富邦99購01  ,0,0,0,0,0,0,0,0,0,370000,0,0,0,380000,10000,370000,370000
053337,聯電國票97購01  ,0,0,0,0,0,0,0,0,0,370000,0,0,0,505000,135000,370000,370000
062292,旭富永豐9B購01  ,0,0,0,0,0,0,0,0,0,370000,0,0,0,370000,0,370000,370000
063440,上銀統一01購02  ,0,0,0,0,0,0,0,0,0,370000,0,0,0,373000,3000,370000,370000
1609,大亞            ,408000,42000,366000,0,0,0,0,0,0,2000,2000,0,2000,0,0,0,368000
061451,南電中信9A購03  ,0,0,0,0,0,0,0,0,0,365000,0,0,0,565000,200000,365000,365000
5607,遠雄港          ,422000,57000,365000,0,0,0,0,0,0,0,0,0,0,0,0,0,365000
08329P,台達電統一9C售02,0,0,0,0,0,0,0,0,0,364000,0,0,0,364000,0,364000,364000
056995,華新科日盛99購01,0,0,0,0,0,0,0,0,0,363000,0,0,0,373000,10000,363000,363000
064397,旭富永豐9C購01  ,0,0,0,0,0,0,0,0,0,362000,0,0,0,372000,10000,362000,362000
060770,宏達電麥證9A購01,0,0,0,361000,0,361000,0,0,0,361000,0,0,0,361000,0,361000,361000
057298,旭富永豐98購01  ,0,0,0,0,0,0,0,0,0,360000,0,0,0,438000,78000,360000,360000
063676,上銀國泰9C購02  ,0,0,0,0,0,0,0,0,0,356000,0,0,0,456000,100000,356000,356000
2615,萬海            ,530000,178510,351490,0,0,0,0,0,0,2000,2000,0,2000,0,0,0,353490
058515,健鼎元大99購01  ,0,0,0,0,0,0,0,0,0,352000,0,0,0,358000,6000,352000,352000
2395,研華            ,516439,179000,337439,0,0,0,12000,484,11516,3000,4000,1000,3000,0,0,0,351955
063882,玉晶光元富9C購01,0,0,0,0,0,0,0,0,0,351000,0,0,0,351000,0,351000,351000
06529P,貿聯富邦99售03  ,0,0,0,0,0,0,0,0,0,350000,0,0,0,350000,0,350000,350000
060195,旭富元富9A購02  ,0,0,0,0,0,0,0,0,0,350000,0,0,0,393000,43000,350000,350000
062140,元金2X國票9B購03,0,0,0,0,0,0,0,0,0,350000,0,0,0,350000,0,350000,350000
064160,新日興統一01購03,0,0,0,0,0,0,0,0,0,349000,0,0,0,421000,72000,349000,349000
059365,T50反1台新99購01,0,0,0,0,0,0,0,0,0,347000,0,0,0,347000,0,347000,347000
4915,致伸            ,1166000,1041363,124637,0,0,0,193000,0,193000,27000,0,0,0,27000,0,27000,344637
2451,創見            ,132000,129000,3000,0,0,0,395000,0,395000,-56000,0,0,0,0,56000,-56000,342000
2442,新美齊          ,354000,17000,337000,0,0,0,0,0,0,5000,6000,1000,5000,0,0,0,342000
07774P,台灣50群益9A售16,0,0,0,0,0,0,0,0,0,342000,0,0,0,1118000,776000,342000,342000
055093,京鼎群益98購01  ,0,0,0,0,0,0,0,0,0,340000,0,0,0,399000,59000,340000,340000
062872,華通兆豐9C購01  ,0,0,0,0,0,0,0,0,0,340000,0,0,0,340000,0,340000,340000
062878,宏達電兆豐9B購01,0,0,0,0,0,0,0,0,0,340000,0,0,0,365000,25000,340000,340000
3576,聯合再生        ,456000,117000,339000,0,0,0,0,0,0,1000,1000,0,1000,0,0,0,340000
07010P,T50正2凱基9C售01,0,0,0,0,0,0,0,0,0,338000,0,0,0,345000,7000,338000,338000
062882,新日興兆豐9C購01,0,0,0,0,0,0,0,0,0,338000,0,0,0,368000,30000,338000,338000
063995,健鼎群益9C購01  ,0,0,0,0,0,0,0,0,0,337000,0,0,0,337000,0,337000,337000
07535P,上銀元富9A售03  ,0,0,0,0,0,0,0,0,0,335000,0,0,0,368000,33000,335000,335000
2375,凱美            ,367000,43000,324000,0,0,0,0,0,0,8000,0,0,0,8000,0,8000,332000
045873,元油2X元富98購04,0,0,0,0,0,0,0,0,0,332000,0,0,0,332000,0,332000,332000
2637,慧洋-KY         ,460000,80000,380000,0,0,0,0,0,0,-49000,1000,50000,-49000,0,0,0,331000
064245,GIS統一02購02   ,0,0,0,0,0,0,0,0,0,331000,0,0,0,336000,5000,331000,331000
058730,玉晶光永豐9A購01,0,0,0,0,0,0,0,0,0,331000,0,0,0,597000,266000,331000,331000
6414,樺漢            ,392000,78000,314000,0,0,0,0,0,0,15000,3000,13000,-10000,32000,7000,25000,329000
056266,開發金統一9A購01,0,0,0,0,0,0,0,0,0,328000,0,0,0,608000,280000,328000,328000
4906,正文            ,917000,648000,269000,0,0,0,0,0,0,59000,2000,0,2000,60000,3000,57000,328000
063522,技嘉凱基9B購03  ,0,0,0,0,0,0,0,0,0,327000,0,0,0,389000,62000,327000,327000
064259,矽格富邦9C購01  ,0,0,0,0,0,0,0,0,0,322000,0,0,0,322000,0,322000,322000
1417,嘉裕            ,395000,74000,321000,0,0,0,0,0,0,0,0,0,0,0,0,0,321000
3019,亞光            ,574000,513000,61000,0,0,0,0,0,0,258000,155000,3000,152000,132000,26000,106000,319000
056061,國泰金元大97購02,0,0,0,0,0,0,0,0,0,319000,0,0,0,623000,304000,319000,319000
020012,富邦行動通訊N   ,0,0,0,0,0,0,0,0,0,319000,0,0,0,357000,38000,319000,319000
064194,燿華群益9C購01  ,0,0,0,0,0,0,0,0,0,319000,0,0,0,319000,0,319000,319000
6177,達麗            ,646000,328000,318000,0,0,0,0,0,0,1000,1000,0,1000,0,0,0,319000
063436,儒鴻統一01購03  ,0,0,0,0,0,0,0,0,0,316000,0,0,0,469000,153000,316000,316000
060934,台汽電永豐9A購02,0,0,0,0,0,0,0,0,0,315000,0,0,0,315000,0,315000,315000
00638R,元大滬深300反1  ,14000,15000,-1000,0,0,0,0,0,0,314000,0,0,0,458000,144000,314000,313000
053573,臺股指統一99購01,0,0,0,0,0,0,0,0,0,313000,0,0,0,384000,71000,313000,313000
058768,南港兆豐99購01  ,0,0,0,0,0,0,0,0,0,313000,0,0,0,534000,221000,313000,313000
6282,康舒            ,613000,311000,302000,0,0,0,0,0,0,11000,15000,1000,14000,0,3000,-3000,313000
2349,錸德            ,439000,127000,312000,0,0,0,0,0,0,0,0,0,0,0,0,0,312000
046628,大立光統一98購01,0,0,0,0,0,0,0,0,0,312000,0,0,0,433000,121000,312000,312000
8016,矽創            ,705000,510000,195000,0,0,0,0,2000,-2000,118000,26000,5000,21000,101000,4000,97000,311000
1718,中纖            ,780000,473000,307000,0,0,0,0,0,0,3000,13000,10000,3000,0,0,0,310000
00715L,街口布蘭特油正2 ,300000,0,300000,0,0,0,0,0,0,10000,0,0,0,10000,0,10000,310000
061300,臺股指富邦9A購02,0,0,0,0,0,0,0,0,0,310000,0,0,0,330000,20000,310000,310000
2207,和泰車          ,571282,262000,309282,0,0,0,0,6549,-6549,7000,11000,4000,7000,0,0,0,309733
07840P,康控元大9A售02  ,0,0,0,0,0,0,0,0,0,309000,0,0,0,458000,149000,309000,309000
07319P,台積電凱基01售02,0,0,0,0,0,0,0,0,0,309000,0,0,0,340000,31000,309000,309000
058841,深中小群益01購01,0,0,0,0,0,0,0,0,0,309000,0,0,0,990000,681000,309000,309000
050283,T50反1凱基9A購01,0,0,0,0,0,0,0,0,0,308000,0,0,0,398000,90000,308000,308000
054709,宏達電統一97購01,0,0,0,0,0,0,0,0,0,308000,0,0,0,308000,0,308000,308000
059230,滬深2X國票9B購02,0,0,0,0,0,0,0,0,0,307000,0,0,0,309000,2000,307000,307000
063050,葡萄王統一01購01,0,0,0,0,0,0,0,0,0,304000,0,0,0,538000,234000,304000,304000
057446,旺宏元富02購01  ,0,0,0,0,0,0,0,0,0,301000,0,0,0,545000,244000,301000,301000
07258P,台灣50台新9A售01,0,0,0,0,0,0,0,0,0,300000,0,0,0,300000,0,300000,300000
06479P,聯發科中信99售02,0,0,0,0,0,0,0,0,0,300000,0,0,0,340000,40000,300000,300000
054552,聯發科凱基98購03,0,0,0,0,0,0,0,0,0,300000,0,0,0,300000,0,300000,300000
058725,美律富邦9A購01  ,0,0,0,0,0,0,0,0,0,300000,0,0,0,300000,0,300000,300000
06332P,世紀鋼群益98售01,0,0,0,0,0,0,0,0,0,300000,0,0,0,300000,0,300000,300000
4552,力達-KY         ,198000,79000,119000,0,0,0,181000,0,181000,0,60000,60000,0,0,0,0,300000
3545,敦泰            ,1110000,814000,296000,0,0,0,0,0,0,1000,1000,0,1000,0,0,0,297000
057088,上銀元富98購01  ,0,0,0,0,0,0,0,0,0,296000,0,0,0,306000,10000,296000,296000
07677P,祥碩永豐9A售01  ,0,0,0,0,0,0,0,0,0,295000,0,0,0,355000,60000,295000,295000
051728,道瓊反國票97購01,0,0,0,0,0,0,0,0,0,295000,0,0,0,305000,10000,295000,295000
064812,旭富元大9C購04  ,0,0,0,0,0,0,0,0,0,294000,0,0,0,411000,117000,294000,294000
07500P,微星元大9A售01  ,0,0,0,0,0,0,0,0,0,294000,0,0,0,330000,36000,294000,294000
059095,訊芯元大99購01  ,0,0,0,0,0,0,0,0,0,294000,0,0,0,297000,3000,294000,294000
060302,台積電富邦02購01,0,0,0,0,0,0,0,0,0,294000,0,0,0,308000,14000,294000,294000
064252,嘉澤元富9C購01  ,0,0,0,0,0,0,0,0,0,293000,0,0,0,293000,0,293000,293000
062051,上銀統一9C購02  ,0,0,0,0,0,0,0,0,0,293000,0,0,0,293000,0,293000,293000
063027,台汽電元大9B購01,0,0,0,0,0,0,0,0,0,291000,0,0,0,296000,5000,291000,291000
064204,瑞儀兆豐01購01  ,0,0,0,0,0,0,0,0,0,291000,0,0,0,417000,126000,291000,291000
064145,宏碁統一02購01  ,0,0,0,0,0,0,0,0,0,291000,0,0,0,483000,192000,291000,291000
6278,台表科          ,1234000,874000,360000,0,0,0,73000,0,73000,-142000,43000,160000,-117000,13000,38000,-25000,291000
054034,景碩中信96購01  ,0,0,0,0,0,0,0,0,0,290000,0,0,0,290000,0,290000,290000
03432B,臺股指凱基98熊13,0,0,0,0,0,0,0,0,0,289000,0,0,0,300000,11000,289000,289000
059986,宏達電元大99購08,0,0,0,0,0,0,0,0,0,289000,0,0,0,328000,39000,289000,289000
064371,矽格統一9C購02  ,0,0,0,0,0,0,0,0,0,288000,0,0,0,288000,0,288000,288000
055779,國泰金凱基97購02,0,0,0,0,0,0,0,0,0,288000,0,0,0,308000,20000,288000,288000
057570,技嘉永豐98購02  ,0,0,0,0,0,0,0,0,0,287000,0,0,0,420000,133000,287000,287000
062324,上銀統一9B購04  ,0,0,0,0,0,0,0,0,0,286000,0,0,0,286000,0,286000,286000
2478,大毅            ,807000,584000,223000,0,0,0,0,0,0,62000,1000,8000,-7000,98000,29000,69000,285000
059976,道瓊銀元大99購01,0,0,0,0,0,0,0,0,0,285000,0,0,0,285000,0,285000,285000
061891,力山永豐9B購01  ,0,0,0,0,0,0,0,0,0,285000,0,0,0,310000,25000,285000,285000
2393,億光            ,523000,219000,304000,0,0,0,0,0,0,-20000,6000,5000,1000,7000,28000,-21000,284000
056768,宏達電元大99購03,0,0,0,0,0,0,0,0,0,284000,0,0,0,475000,191000,284000,284000
2439,美律            ,469000,139000,330000,0,0,0,0,0,0,-47000,1000,40000,-39000,36000,44000,-8000,283000
2537,聯上發          ,410000,128000,282000,0,0,0,0,0,0,1000,1000,0,1000,0,0,0,283000
061699,燿華國票9A購01  ,0,0,0,0,0,0,0,0,0,282000,0,0,0,398000,116000,282000,282000
062201,臺指反國票9B購05,0,0,0,0,0,0,0,0,0,281000,0,0,0,568000,287000,281000,281000
08311P,台積電國票9C售07,0,0,0,0,0,0,0,0,0,280000,0,0,0,280000,0,280000,280000
050344,鴻海元富96購01  ,0,0,0,0,0,0,0,0,0,280000,0,0,0,280000,0,280000,280000
059128,友達中信99購02  ,0,0,0,0,0,0,0,0,0,280000,0,0,0,290000,10000,280000,280000
05977P,旺宏永豐96售06  ,0,0,0,0,0,0,0,0,0,280000,0,0,0,280000,0,280000,280000
062332,大立光統一9B購11,0,0,0,0,0,0,0,0,0,279000,0,0,0,334000,55000,279000,279000
064301,漢唐兆豐01購01  ,0,0,0,0,0,0,0,0,0,278000,0,0,0,673000,395000,278000,278000
055887,上銀統一97購03  ,0,0,0,0,0,0,0,0,0,278000,0,0,0,278000,0,278000,278000
058483,道瓊指國票9A購01,0,0,0,0,0,0,0,0,0,278000,0,0,0,279000,1000,278000,278000
057912,美律日盛99購01  ,0,0,0,0,0,0,0,0,0,276000,0,0,0,276000,0,276000,276000
063717,宏達電兆豐9B購02,0,0,0,0,0,0,0,0,0,276000,0,0,0,279000,3000,276000,276000
063341,燿華統一9C購01  ,0,0,0,0,0,0,0,0,0,276000,0,0,0,276000,0,276000,276000
056954,聯詠富邦9A購01  ,0,0,0,0,0,0,0,0,0,275000,0,0,0,428000,153000,275000,275000
8110,華東            ,619000,319000,300000,0,0,0,0,0,0,-25000,7000,32000,-25000,0,0,0,275000
07202P,台灣50凱基9C售04,0,0,0,0,0,0,0,0,0,274000,0,0,0,307000,33000,274000,274000
1444,力麗            ,308000,38000,270000,0,0,0,0,0,0,4000,4000,0,4000,0,0,0,274000
064391,亞德客永豐9C購01,0,0,0,0,0,0,0,0,0,272000,0,0,0,340000,68000,272000,272000
052968,燿華群益98購01  ,0,0,0,0,0,0,0,0,0,272000,0,0,0,272000,0,272000,272000
6288,聯嘉            ,362000,104000,258000,0,0,0,0,0,0,14000,18000,4000,14000,0,0,0,272000
06432P,上銀群益98售01  ,0,0,0,0,0,0,0,0,0,271000,0,0,0,271000,0,271000,271000
1477,聚陽            ,682000,521000,161000,0,0,0,80000,0,80000,29000,19000,18000,1000,41000,13000,28000,270000
053361,友達元富99購01  ,0,0,0,0,0,0,0,0,0,270000,0,0,0,280000,10000,270000,270000
08381P,台灣50群益9C售06,0,0,0,0,0,0,0,0,0,268000,0,0,0,328000,60000,268000,268000
00639,富邦深100       ,585000,547000,38000,0,0,0,0,0,0,230000,10000,10000,0,1321000,1091000,230000,268000
060682,牧德元大9A購03  ,0,0,0,0,0,0,0,0,0,267000,0,0,0,515000,248000,267000,267000
053088,奇鋐元大98購01  ,0,0,0,0,0,0,0,0,0,266000,0,0,0,345000,79000,266000,266000
3052,夆典            ,520000,256000,264000,0,0,0,0,0,0,1000,1000,0,1000,0,0,0,265000
056196,聯茂富邦98購02  ,0,0,0,0,0,0,0,0,0,265000,0,0,0,285000,20000,265000,265000
060402,神隆國泰9B購01  ,0,0,0,0,0,0,0,0,0,265000,0,0,0,628000,363000,265000,265000
2547,日勝生          ,321000,59000,262000,0,0,0,0,0,0,2000,4000,2000,2000,0,0,0,264000
058054,台積電統一9C購01,0,0,0,0,0,0,0,0,0,263000,0,0,0,1403000,1140000,263000,263000
057987,大立光元富98購02,0,0,0,0,0,0,0,0,0,262000,0,0,0,355000,93000,262000,262000
062013,奇鋐富邦9B購01  ,0,0,0,0,0,0,0,0,0,262000,0,0,0,267000,5000,262000,262000
4976,佳凌            ,391000,129000,262000,0,0,0,0,0,0,0,1000,1000,0,0,0,0,262000
07876P,台灣50國泰01售01,0,0,0,0,0,0,0,0,0,260000,0,0,0,300000,40000,260000,260000
064290,GIS元大9C購04   ,0,0,0,0,0,0,0,0,0,260000,0,0,0,260000,0,260000,260000
063595,燿華中信9B購02  ,0,0,0,0,0,0,0,0,0,260000,0,0,0,268000,8000,260000,260000
00762,元大全球AI      ,1000,3000,-2000,0,0,0,0,0,0,260000,0,0,0,260000,0,260000,258000
060046,S&P反1凱基99購02,0,0,0,0,0,0,0,0,0,258000,0,0,0,258000,0,258000,258000
062754,台勝科麥證9B購01,0,0,0,258000,0,258000,0,0,0,258000,0,0,0,258000,0,258000,258000
053945,國巨富邦98購02  ,0,0,0,0,0,0,0,0,0,257000,0,0,0,257000,0,257000,257000
07060P,台表科國票9A售01,0,0,0,0,0,0,0,0,0,255000,0,0,0,315000,60000,255000,255000
060337,FBVIX統一9A購01 ,0,0,0,0,0,0,0,0,0,255000,0,0,0,270000,15000,255000,255000
061452,大成鋼凱基9A購01,0,0,0,0,0,0,0,0,0,255000,0,0,0,325000,70000,255000,255000
053452,臺股指凱基97購01,0,0,0,0,0,0,0,0,0,254000,254000,0,254000,0,0,0,254000
061511,緯穎富邦9B購02  ,0,10000,-10000,0,0,0,0,0,0,264000,0,0,0,587000,323000,264000,254000
060122,亞德客永豐99購02,0,0,0,0,0,0,0,0,0,254000,0,0,0,591000,337000,254000,254000
058766,力山兆豐99購01  ,0,0,0,0,0,0,0,0,0,253000,0,0,0,292000,39000,253000,253000
057729,華新科國泰99購04,0,0,0,0,0,0,0,0,0,253000,0,0,0,358000,105000,253000,253000
1536,和大            ,564000,349000,215000,0,0,0,80000,0,80000,-43000,10000,93000,-83000,59000,19000,40000,252000
060857,旭富富邦9B購01  ,0,0,0,0,0,0,0,0,0,252000,0,0,0,263000,11000,252000,252000
064080,宏達電中信06購01,0,0,0,0,0,0,0,0,0,252000,0,0,0,363000,111000,252000,252000
059312,元石油元大99購05,0,0,0,0,0,0,0,0,0,251000,0,0,0,251000,0,251000,251000
062681,全新統一01購01  ,0,0,0,0,0,0,0,0,0,251000,0,0,0,256000,5000,251000,251000
054075,GIS富邦97購02   ,0,0,0,0,0,0,0,0,0,250000,0,0,0,250000,0,250000,250000
054198,台積電永昌96購08,0,0,0,0,0,0,0,0,0,250000,0,0,0,250000,0,250000,250000
062131,臺指反群益9B購03,0,0,0,0,0,0,0,0,0,250000,0,0,0,250000,0,250000,250000
2530,華建            ,267000,16000,251000,0,0,0,0,0,0,-2000,5000,7000,-2000,0,0,0,249000
062807,和碩統一9B購01  ,0,0,0,0,0,0,0,0,0,249000,0,0,0,381000,132000,249000,249000
062598,華通台新9B購02  ,0,0,0,0,0,0,0,0,0,249000,0,0,0,265000,16000,249000,249000
063654,上銀元富9B購05  ,0,0,0,0,0,0,0,0,0,249000,0,0,0,269000,20000,249000,249000
063353,上銀元富9B購03  ,0,0,0,0,0,0,0,0,0,249000,0,0,0,307000,58000,249000,249000
062134,國巨群益9B購04  ,0,0,0,0,0,0,0,0,0,248000,0,0,0,306000,58000,248000,248000
9935,慶豐富          ,322000,74000,248000,0,0,0,0,0,0,0,0,0,0,0,0,0,248000
2023,燁輝            ,400000,155000,245000,0,0,0,0,0,0,2000,2000,0,2000,0,0,0,247000
2461,光群雷          ,234000,19000,215000,0,0,0,0,0,0,31000,31000,0,31000,0,0,0,246000
06908P,健策國泰99售02  ,0,0,0,0,0,0,0,0,0,246000,0,0,0,279000,33000,246000,246000
056394,晶豪科永豐98購01,0,0,0,0,0,0,0,0,0,246000,0,0,0,271000,25000,246000,246000
08313P,健策國票01售01  ,0,0,0,0,0,0,0,0,0,245000,0,0,0,294000,49000,245000,245000
2464,盟立            ,245000,18000,227000,0,0,0,0,0,0,17000,3000,0,3000,14000,0,14000,244000
07545P,玉晶光凱基9A售07,0,0,0,0,0,0,0,0,0,244000,0,0,0,314000,70000,244000,244000
053294,聯發科中信9C購01,0,0,0,0,0,0,0,0,0,244000,0,0,0,398000,154000,244000,244000
060809,康友群益9A購01  ,0,0,0,0,0,0,0,0,0,244000,0,0,0,332000,88000,244000,244000
060953,富邦金群益9A購01,0,0,0,0,0,0,0,0,0,244000,0,0,0,354000,110000,244000,244000
00668,國泰美國道瓊    ,2000,80000,-78000,0,0,0,0,0,0,321000,0,0,0,411000,90000,321000,243000
057462,光磊永豐98購02  ,0,0,0,0,0,0,0,0,0,243000,0,0,0,246000,3000,243000,243000
060944,國泰金國票9A購01,0,0,0,0,0,0,0,0,0,243000,0,0,0,294000,51000,243000,243000
063670,美食統一9C購01  ,0,0,0,0,0,0,0,0,0,243000,0,0,0,249000,6000,243000,243000
063764,上銀元富9B購08  ,0,0,0,0,0,0,0,0,0,243000,0,0,0,312000,69000,243000,243000
063169,台汽電永豐9B購01,0,0,0,0,0,0,0,0,0,242000,0,0,0,242000,0,242000,242000
064579,大立光富邦03購02,0,0,0,0,0,0,0,0,0,241000,0,0,0,244000,3000,241000,241000
060099,宏達電元大99購09,0,0,0,0,0,0,0,0,0,241000,0,0,0,337000,96000,241000,241000
063195,訊連元富9B購01  ,0,0,0,0,0,0,0,0,0,241000,0,0,0,241000,0,241000,241000
062532,聯詠統一9C購01  ,0,0,0,0,0,0,0,0,0,241000,0,0,0,353000,112000,241000,241000
8464,億豐            ,342202,98000,244202,0,0,0,0,21000,-21000,17000,2000,0,2000,16000,1000,15000,240202
07024P,臺股指永豐99售02,0,0,0,0,0,0,0,0,0,240000,0,0,0,240000,0,240000,240000
5531,鄉林            ,409000,172000,237000,0,0,0,0,0,0,3000,3000,0,3000,0,0,0,240000
063786,瑞昱中信06購01  ,0,0,0,0,0,0,0,0,0,239000,0,0,0,299000,60000,239000,239000
055160,玉晶光元大99購03,0,0,0,0,0,0,0,0,0,238000,0,0,0,238000,0,238000,238000
062976,嘉澤元富9B購01  ,0,0,0,0,0,0,0,0,0,238000,0,0,0,243000,5000,238000,238000
056465,臺股指凱基99購07,0,0,0,0,0,0,0,0,0,237000,0,0,0,255000,18000,237000,237000
058221,上銀統一99購04  ,0,0,0,0,0,0,0,0,0,235000,0,0,0,235000,0,235000,235000
1307,三芳            ,259000,26000,233000,0,0,0,0,0,0,0,0,0,0,0,0,0,233000
061010,上銀麥證9A購02  ,0,0,0,233000,0,233000,0,0,0,233000,0,0,0,233000,0,233000,233000
6209,今國光          ,356000,123000,233000,0,0,0,0,0,0,-1000,0,1000,-1000,0,0,0,232000
06538P,國巨凱基98售11  ,0,0,0,0,0,0,0,0,0,231000,0,0,0,331000,100000,231000,231000
057613,瑞昱元富02購02  ,0,0,0,0,0,0,0,0,0,231000,0,0,0,260000,29000,231000,231000
062011,上銀富邦9C購01  ,0,0,0,0,0,0,0,0,0,231000,0,0,0,231000,0,231000,231000
058643,T50正2富邦03購01,0,0,0,0,0,0,0,0,0,230000,0,0,0,240000,10000,230000,230000
057780,台郡群益98購02  ,0,0,0,0,0,0,0,0,0,230000,0,0,0,240000,10000,230000,230000
061590,金寶永豐9A購01  ,0,0,0,0,0,0,0,0,0,230000,0,0,0,250000,20000,230000,230000
063865,旺宏永豐9C購01  ,0,0,0,0,0,0,0,0,0,230000,0,0,0,250000,20000,230000,230000
6191,精成科          ,535000,309000,226000,0,0,0,0,0,0,4000,4000,0,4000,0,0,0,230000
08002P,大毅國票9B售03  ,0,0,0,0,0,0,0,0,0,229000,0,0,0,340000,111000,229000,229000
06780P,義隆元大98售02  ,0,0,0,0,0,0,0,0,0,228000,0,0,0,348000,120000,228000,228000
060632,可成富邦9B購01  ,0,0,0,0,0,0,0,0,0,228000,0,0,0,457000,229000,228000,228000
058021,牧德凱基98購02  ,0,0,0,0,0,0,0,0,0,228000,0,0,0,228000,0,228000,228000
060477,和潤元大9A購01  ,0,0,0,0,0,0,0,0,0,228000,0,0,0,345000,117000,228000,228000
057681,T50反1日盛9C購01,0,0,0,0,0,0,0,0,0,227000,0,0,0,227000,0,227000,227000
060915,旭富元大9A購01  ,0,0,0,0,0,0,0,0,0,226000,0,0,0,279000,53000,226000,226000
07176P,臺股指凱基99售18,0,0,0,0,0,0,0,0,0,225000,0,0,0,225000,0,225000,225000
07852P,臺股指國票9A售13,0,0,0,0,0,0,0,0,0,225000,0,0,0,225000,0,225000,225000
1439,中和            ,235000,10000,225000,0,0,0,0,0,0,0,0,0,0,0,0,0,225000
08290P,高鐵統一01售01  ,0,0,0,0,0,0,0,0,0,224000,0,0,0,224000,0,224000,224000
03445B,臺股指元大02熊01,0,0,0,0,0,0,0,0,0,224000,0,0,0,1360000,1136000,224000,224000
061170,南茂兆豐9B購01  ,0,0,0,0,0,0,0,0,0,224000,0,0,0,275000,51000,224000,224000
06323P,台郡統一97售01  ,0,0,0,0,0,0,0,0,0,224000,0,0,0,224000,0,224000,224000
07080P,健策群益9A售01  ,0,0,0,0,0,0,0,0,0,223000,0,0,0,370000,147000,223000,223000
058189,嘉澤永豐99購01  ,0,0,0,0,0,0,0,0,0,222000,0,0,0,282000,60000,222000,222000
07145P,為升元大99售03  ,0,0,0,0,0,0,0,0,0,221000,0,0,0,249000,28000,221000,221000
06953P,景碩統一9A售01  ,0,0,0,0,0,0,0,0,0,221000,0,0,0,241000,20000,221000,221000
06624P,訊芯元大98售06  ,0,0,0,0,0,0,0,0,0,221000,0,0,0,325000,104000,221000,221000
1522,堤維西          ,267000,50000,217000,0,0,0,0,0,0,4000,4000,0,4000,0,0,0,221000
055092,開發金群益9B購01,0,0,0,0,0,0,0,0,0,221000,0,0,0,221000,0,221000,221000
2417,圓剛            ,353000,137000,216000,0,0,0,0,0,0,4000,4000,0,4000,0,0,0,220000
07657P,技嘉凱基9A售03  ,0,0,0,0,0,0,0,0,0,220000,0,0,0,220000,0,220000,220000
053723,奇鋐凱基98購01  ,0,0,0,0,0,0,0,0,0,220000,0,0,0,220000,0,220000,220000
00654R,富邦印度反1     ,47000,1000,46000,0,0,0,0,0,0,174000,0,0,0,175000,1000,174000,220000
057048,新日興元大98購01,0,0,0,0,0,0,0,0,0,220000,0,0,0,320000,100000,220000,220000
057163,上銀元大98購04  ,0,0,0,0,0,0,0,0,0,220000,0,0,0,220000,0,220000,220000
063045,國巨兆豐9C購02  ,0,0,0,0,0,0,0,0,0,220000,0,0,0,285000,65000,220000,220000
063674,力山國泰01購02  ,0,0,0,0,0,0,0,0,0,220000,0,0,0,348000,128000,220000,220000
062967,上銀元富9B購01  ,0,0,0,0,0,0,0,0,0,220000,0,0,0,380000,160000,220000,220000
1476,儒鴻            ,436241,255000,181241,0,0,0,45000,231,44769,-7000,30000,43000,-13000,18000,12000,6000,219010
2208,台船            ,275000,58000,217000,0,0,0,0,0,0,2000,2000,0,2000,0,0,0,219000
08140P,祥碩元大9B售07  ,0,0,0,0,0,0,0,0,0,218000,0,0,0,733000,515000,218000,218000
00635U,元大S&P黃金     ,0,3000,-3000,0,0,0,0,0,0,221000,0,0,0,266000,45000,221000,218000
06262P,國巨凱基97售07  ,0,0,0,0,0,0,0,0,0,217000,0,0,0,247000,30000,217000,217000
058457,創意永豐99購01  ,0,0,0,0,0,0,0,0,0,216000,0,0,0,250000,34000,216000,216000
060792,信錦永豐9A購01  ,0,0,0,0,0,0,0,0,0,216000,0,0,0,216000,0,216000,216000
063765,上銀元富9B購09  ,0,0,0,0,0,0,0,0,0,216000,0,0,0,291000,75000,216000,216000
056353,鴻海元大99購02  ,0,0,0,0,0,0,0,0,0,215000,0,0,0,215000,0,215000,215000
057992,大立光日盛98購01,0,0,0,0,0,0,0,0,0,215000,0,0,0,215000,0,215000,215000
9910,豐泰            ,488414,260500,227914,0,0,0,0,526,-526,-13000,9000,22000,-13000,0,0,0,214388
2912,統一超          ,980717,790640,190077,0,0,0,21000,0,21000,3000,3000,0,3000,0,0,0,214077
3026,禾伸堂          ,422000,231000,191000,0,0,0,8000,0,8000,15000,0,0,0,28000,13000,15000,214000
061265,富邦金凱基9B購01,0,0,0,0,0,0,0,0,0,214000,0,0,0,386000,172000,214000,214000
4540,全球傳動        ,411000,197000,214000,0,0,0,0,0,0,0,0,0,0,0,0,0,214000
07771P,義隆國票9A售01  ,0,0,0,0,0,0,0,0,0,213000,0,0,0,253000,40000,213000,213000
058305,華邦電元大99購02,0,0,0,0,0,0,0,0,0,213000,0,0,0,213000,0,213000,213000
4919,新唐            ,249000,34000,215000,0,0,0,0,0,0,-2000,3000,4000,-1000,0,1000,-1000,213000
061886,力山國泰01購01  ,0,0,0,0,0,0,0,0,0,212000,0,0,0,265000,53000,212000,212000
3257,虹冠電          ,292000,80000,212000,0,0,0,0,0,0,0,0,0,0,0,0,0,212000
6451,訊芯-KY         ,267000,56000,211000,0,0,0,0,3000,-3000,4000,3000,3000,0,6000,2000,4000,212000
07990P,緯穎凱基9B售02  ,0,0,0,0,0,0,0,0,0,211000,0,0,0,261000,50000,211000,211000
055261,帆宣統一98購01  ,0,0,0,0,0,0,0,0,0,211000,0,0,0,221000,10000,211000,211000
060457,中橡元大9A購02  ,0,0,0,0,0,0,0,0,0,211000,0,0,0,231000,20000,211000,211000
08353P,聯電元大9C售04  ,0,0,0,0,0,0,0,0,0,210000,0,0,0,210000,0,210000,210000
07082P,美律元大99售06  ,0,0,0,0,0,0,0,0,0,210000,0,0,0,212000,2000,210000,210000
056012,勤誠中信99購01  ,0,0,0,0,0,0,0,0,0,210000,0,0,0,220000,10000,210000,210000
064119,上銀元大9C購06  ,0,0,0,0,0,0,0,0,0,210000,0,0,0,235000,25000,210000,210000
1795,美時            ,464000,259000,205000,0,0,0,0,0,0,4000,16000,12000,4000,0,0,0,209000
057393,台積電中信02購01,0,0,0,0,0,0,0,0,0,209000,0,0,0,225000,16000,209000,209000
062278,聯發科群益9C購01,0,0,0,0,0,0,0,0,0,209000,0,0,0,209000,0,209000,209000
07875P,祥碩群益9B售01  ,0,0,0,0,0,0,0,0,0,208000,0,0,0,230000,22000,208000,208000
06551P,貿聯元大98售05  ,0,0,0,0,0,0,0,0,0,208000,0,0,0,208000,0,208000,208000
057454,上銀國泰99購02  ,0,0,0,0,0,0,0,0,0,208000,0,0,0,208000,0,208000,208000
059375,道瓊反群益9C購02,0,0,0,0,0,0,0,0,0,208000,0,0,0,264000,56000,208000,208000
07472P,和碩元大9A售03  ,0,0,0,0,0,0,0,0,0,207000,0,0,0,367000,160000,207000,207000
1707,葡萄王          ,571000,309000,262000,0,0,0,30000,92000,-62000,7000,5000,4000,1000,14000,8000,6000,207000
1447,力鵬            ,314000,108000,206000,0,0,0,0,0,0,0,0,0,0,0,0,0,206000
2362,藍天            ,220000,20000,200000,0,0,0,0,0,0,6000,6000,0,6000,0,0,0,206000
2505,國揚            ,511000,389000,122000,0,0,0,0,0,0,84000,43000,0,43000,41000,0,41000,206000
060189,宏達電元富9B購03,0,0,0,0,0,0,0,0,0,206000,0,0,0,502000,296000,206000,206000
063915,祥碩凱基01購01  ,0,0,0,0,0,0,0,0,0,206000,0,0,0,210000,4000,206000,206000
058053,上銀統一9B購01  ,0,0,0,0,0,0,0,0,0,205000,0,0,0,335000,130000,205000,205000
062423,聯發科統一9C購07,0,0,0,0,0,0,0,0,0,205000,0,0,0,395000,190000,205000,205000
07026P,超眾凱基99售03  ,0,0,0,0,0,0,0,0,0,204000,0,0,0,211000,7000,204000,204000
061971,力山元大9C購02  ,0,0,0,0,0,0,0,0,0,204000,0,0,0,280000,76000,204000,204000
064179,上銀富邦01購01  ,0,0,0,0,0,0,0,0,0,204000,0,0,0,768000,564000,204000,204000
059100,元油2X統一9C購02,0,0,0,0,0,0,0,0,0,203000,0,0,0,223000,20000,203000,203000
062709,帆宣元大9B購01  ,0,0,0,0,0,0,0,0,0,203000,0,0,0,223000,20000,203000,203000
2457,飛宏            ,266000,63786,202214,0,0,0,0,0,0,0,0,0,0,0,0,0,202214
06971P,台光電元大99售03,0,0,0,0,0,0,0,0,0,202000,0,0,0,202000,0,202000,202000
060782,道瓊指富邦9C購01,0,0,0,0,0,0,0,0,0,202000,0,0,0,202000,0,202000,202000
07409P,台積電台新99售07,0,0,0,0,0,0,0,0,0,201000,0,0,0,219000,18000,201000,201000
08348P,貿聯元大9C售01  ,0,0,0,0,0,0,0,0,0,201000,0,0,0,201000,0,201000,201000
063154,南六元富9B購02  ,0,0,0,0,0,0,0,0,0,201000,0,0,0,201000,0,201000,201000
08185P,華新科永豐9B售01,0,0,0,0,0,0,0,0,0,200000,0,0,0,300000,100000,200000,200000
07796P,聯發科國票9A售03,0,0,0,0,0,0,0,0,0,200000,0,0,0,200000,0,200000,200000
1218,泰山            ,328000,128000,200000,0,0,0,0,0,0,0,0,0,0,0,0,0,200000
064524,GIS群益02購01   ,0,0,0,0,0,0,0,0,0,200000,0,0,0,200000,0,200000,200000
057417,國巨凱基9A購03  ,0,0,0,0,0,0,0,0,0,200000,0,0,0,200000,0,200000,200000
057070,美律永豐98購02  ,0,0,0,0,0,0,0,0,0,200000,0,0,0,200000,0,200000,200000
056312,茂林元大98購01  ,0,0,0,0,0,0,0,0,0,200000,0,0,0,200000,0,200000,200000
050137,臺指反國票96購01,0,0,0,0,0,0,0,0,0,200000,0,0,0,200000,0,200000,200000
03657C,T50反1元大99牛01,0,0,0,0,0,0,0,0,0,200000,0,0,0,555000,355000,200000,200000
052366,聯詠國票96購01  ,0,0,0,0,0,0,0,0,0,200000,0,0,0,200000,0,200000,200000
057621,崇越凱基98購01  ,0,0,0,0,0,0,0,0,0,200000,0,0,0,200000,0,200000,200000
060277,道瓊反元大9A購02,0,0,0,0,0,0,0,0,0,200000,0,0,0,200000,0,200000,200000
061774,T50反1國票9B購06,0,0,0,0,0,0,0,0,0,200000,0,0,0,450000,250000,200000,200000
063864,健策富邦01購01  ,0,0,0,0,0,0,0,0,0,200000,0,0,0,200000,0,200000,200000
063763,上銀元富9B購07  ,0,0,0,0,0,0,0,0,0,200000,0,0,0,240000,40000,200000,200000
08130P,義隆元大9B售05  ,0,0,0,0,0,0,0,0,0,199000,0,0,0,254000,55000,199000,199000
055623,貿聯國泰99購01  ,0,0,0,0,0,0,0,0,0,199000,0,0,0,199000,0,199000,199000
063062,群創元富9B購01  ,0,0,0,0,0,0,0,0,0,199000,0,0,0,241000,42000,199000,199000
08223P,臺股指凱基9B售18,0,0,0,0,0,0,0,0,0,198000,0,0,0,278000,80000,198000,198000
061416,聯茂群益9A購01  ,0,0,0,0,0,0,0,0,0,198000,0,0,0,198000,0,198000,198000
060285,聯電元大9C購01  ,0,0,0,0,0,0,0,0,0,198000,0,0,0,300000,102000,198000,198000
059103,旭富元富99購03  ,0,0,0,0,0,0,0,0,0,198000,0,0,0,288000,90000,198000,198000
063386,國巨兆豐9B購04  ,0,0,0,0,0,0,0,0,0,198000,0,0,0,200000,2000,198000,198000
062850,友訊永豐9B購01  ,0,0,0,0,0,0,0,0,0,197000,0,0,0,250000,53000,197000,197000
1608,華榮            ,243000,47000,196000,0,0,0,0,0,0,0,0,0,0,0,0,0,196000
062958,長榮航麥證9B購01,0,0,0,196000,0,196000,0,0,0,196000,0,0,0,196000,0,196000,196000
1337,再生-KY         ,283000,83000,200000,0,0,0,0,0,0,-5000,5000,10000,-5000,0,0,0,195000
06741P,台積電富邦98售04,0,0,0,0,0,0,0,0,0,195000,0,0,0,1100000,905000,195000,195000
058702,國巨元大99購16  ,0,0,0,0,0,0,0,0,0,195000,0,0,0,273000,78000,195000,195000
060556,緯穎凱基9A購04  ,0,0,0,0,0,0,0,0,0,195000,0,0,0,275000,80000,195000,195000
061865,力山元大9B購01  ,0,0,0,0,0,0,0,0,0,194000,0,0,0,309000,115000,194000,194000
061924,聯發科凱基9C購01,0,0,0,0,0,0,0,0,0,194000,0,0,0,195000,1000,194000,194000
058322,玉晶光永豐99購02,0,0,0,0,0,0,0,0,0,193000,0,0,0,193000,0,193000,193000
058210,臺股指凱基9C購04,0,0,0,0,0,0,0,0,0,193000,0,0,0,1452000,1259000,193000,193000
2399,映泰            ,211000,19000,192000,0,0,0,0,0,0,0,1000,1000,0,0,0,0,192000
056197,友訊永豐97購01  ,0,0,0,0,0,0,0,0,0,192000,0,0,0,225000,33000,192000,192000
063352,上銀元富9B購02  ,0,0,0,0,0,0,0,0,0,192000,0,0,0,298000,106000,192000,192000
07006P,旺宏統一9B售03  ,0,0,0,0,0,0,0,0,0,191000,0,0,0,210000,19000,191000,191000
060190,國泰金元富9A購01,0,0,0,0,0,0,0,0,0,191000,0,0,0,249000,58000,191000,191000
063495,台光電富邦9C購01,0,0,0,0,0,0,0,0,0,191000,0,0,0,559000,368000,191000,191000
062871,大成鋼兆豐9B購01,0,0,0,0,0,0,0,0,0,191000,0,0,0,207000,16000,191000,191000
053457,旺宏國泰98購03  ,0,0,0,0,0,0,0,0,0,190000,0,0,0,190000,0,190000,190000
053797,台積電中信98購01,0,0,0,0,0,0,0,0,0,190000,0,0,0,200000,10000,190000,190000
046942,友達元大99購01  ,18000,0,18000,0,0,0,0,0,0,172000,0,0,0,350000,178000,172000,190000
062415,聯茂中信9C購01  ,0,0,0,0,0,0,0,0,0,190000,0,0,0,281000,91000,190000,190000
06370P,貿聯凱基97售03  ,0,0,0,0,0,0,0,0,0,190000,0,0,0,190000,0,190000,190000
07672P,南電元大9A售05  ,0,0,0,0,0,0,0,0,0,189000,0,0,0,267000,78000,189000,189000
051277,聯發科中信9A購01,0,0,0,0,0,0,0,0,0,189000,0,0,0,189000,0,189000,189000
057049,新日興元大98購02,0,0,0,0,0,0,0,0,0,189000,0,0,0,189000,0,189000,189000
05995P,T50正2中信9C售01,0,0,0,0,0,0,0,0,0,188000,0,0,0,459000,271000,188000,188000
07835P,台表科群益9A售02,0,0,0,0,0,0,0,0,0,187000,0,0,0,348000,161000,187000,187000
060708,康友富邦9B購01  ,0,0,0,0,0,0,0,0,0,187000,0,0,0,189000,2000,187000,187000
3530,晶相光          ,250000,143000,107000,0,0,0,0,0,0,80000,0,0,0,83000,3000,80000,187000
2723,美食-KY         ,830000,358000,472000,0,0,0,0,309000,-309000,23000,0,0,0,32000,9000,23000,186000
1455,集盛            ,252000,71000,181000,0,0,0,0,0,0,5000,6000,1000,5000,0,0,0,186000
057261,瑞昱兆豐98購01  ,0,0,0,0,0,0,0,0,0,186000,0,0,0,252000,66000,186000,186000
058507,美律元大9A購01  ,0,0,0,0,0,0,0,0,0,186000,0,0,0,192000,6000,186000,186000
4904,遠傳            ,2259001,2180000,79001,0,0,0,87000,2744,84256,22000,25000,1000,24000,1000,3000,-2000,185257
3024,憶聲            ,195000,10000,185000,0,0,0,0,0,0,0,0,0,0,0,0,0,185000
058172,國巨凱基9B購02  ,0,0,0,0,0,0,0,0,0,184000,0,0,0,185000,1000,184000,184000
3605,宏致            ,259000,78000,181000,0,0,0,0,0,0,3000,3000,0,3000,0,0,0,184000
053686,台積電元大97購08,0,0,0,0,0,0,0,0,0,183000,0,0,0,183000,0,183000,183000
057599,技嘉群益9A購01  ,0,0,0,0,0,0,0,0,0,183000,0,0,0,237000,54000,183000,183000
062908,晶豪科元大9B購03,0,0,0,0,0,0,0,0,0,183000,0,0,0,243000,60000,183000,183000
6412,群電            ,272000,90000,182000,0,0,0,0,0,0,1000,2000,0,2000,0,1000,-1000,183000
6416,瑞祺電通        ,218000,154000,64000,0,0,0,0,0,0,117000,93000,73000,20000,101000,4000,97000,181000
06832P,玉晶光凱基98售03,0,0,0,0,0,0,0,0,0,180000,0,0,0,370000,190000,180000,180000
056450,可成凱基98購05  ,0,0,0,0,0,0,0,0,0,180000,0,0,0,180000,0,180000,180000
060870,旭富群益9A購01  ,0,0,0,0,0,0,0,0,0,180000,0,0,0,180000,0,180000,180000
059326,康友元大99購01  ,0,0,0,0,0,0,0,0,0,180000,0,0,0,280000,100000,180000,180000
062745,聯詠永豐9B購01  ,0,0,0,0,0,0,0,0,0,180000,0,0,0,180000,0,180000,180000
062797,瑞昱統一9B購01  ,0,0,0,0,0,0,0,0,0,180000,0,0,0,418000,238000,180000,180000
063939,上銀元大9C購04  ,0,0,0,0,0,0,0,0,0,180000,0,0,0,185000,5000,180000,180000
063048,聯詠兆豐9B購01  ,0,0,0,0,0,0,0,0,0,180000,0,0,0,316000,136000,180000,180000
08300P,世芯國票01售01  ,0,0,0,0,0,0,0,0,0,179000,0,0,0,236000,57000,179000,179000
8210,勤誠            ,423000,92000,331000,0,0,0,0,30000,-30000,-122000,1000,141000,-140000,18000,0,18000,179000
064745,聯鈞國票01購01  ,0,0,0,0,0,0,0,0,0,178000,0,0,0,200000,22000,178000,178000
057787,TPK國票99購01   ,0,0,0,0,0,0,0,0,0,178000,0,0,0,178000,0,178000,178000
07744P,奇力新凱基9A售05,0,0,0,0,0,0,0,0,0,177000,0,0,0,191000,14000,177000,177000
057705,臺股指群益98購05,0,0,0,0,0,0,0,0,0,177000,0,0,0,183000,6000,177000,177000
062102,T50反1國票9B購07,0,0,0,0,0,0,0,0,0,177000,0,0,0,657000,480000,177000,177000
062215,華通統一9B購01  ,0,0,0,0,0,0,0,0,0,177000,0,0,0,213000,36000,177000,177000
056178,嘉澤元富97購02  ,0,0,0,0,0,0,0,0,0,176000,0,0,0,276000,100000,176000,176000
059093,旭富元大99購01  ,0,0,0,0,0,0,0,0,0,176000,0,0,0,212000,36000,176000,176000
060943,宏達電國票9B購02,0,0,0,0,0,0,0,0,0,176000,0,0,0,176000,0,176000,176000
061682,南電元大9B購01  ,0,0,0,0,0,0,0,0,0,176000,0,0,0,296000,120000,176000,176000
063294,美律麥證9B購01  ,0,0,0,176000,0,176000,0,0,0,176000,0,0,0,176000,0,176000,176000
07021P,台積電富邦9C售02,0,0,0,0,0,0,0,0,0,175000,0,0,0,437000,262000,175000,175000
06645P,上銀元大98售05  ,0,0,0,0,0,0,0,0,0,175000,0,0,0,175000,0,175000,175000
057329,緯穎群益98購02  ,0,0,0,0,0,0,0,0,0,175000,0,0,0,242000,67000,175000,175000
063148,建準元富9B購01  ,0,0,0,0,0,0,0,0,0,175000,0,0,0,484000,309000,175000,175000
063979,健鼎兆豐9C購01  ,0,0,0,0,0,0,0,0,0,175000,0,0,0,389000,214000,175000,175000
056468,鴻海元大98購07  ,0,0,0,0,0,0,0,0,0,174000,0,0,0,260000,86000,174000,174000
060310,瑞昱永豐9A購01  ,0,0,0,0,0,0,0,0,0,174000,0,0,0,174000,0,174000,174000
061660,禾伸堂永豐9A購01,0,0,0,0,0,0,0,0,0,174000,0,0,0,174000,0,174000,174000
062601,富邦金台新9B購01,0,0,0,0,0,0,0,0,0,174000,0,0,0,350000,176000,174000,174000
06853P,華擎元富98售03  ,0,0,0,0,0,0,0,0,0,173000,0,0,0,258000,85000,173000,173000
1714,和桐            ,419000,247000,172000,0,0,0,0,0,0,1000,4000,3000,1000,0,0,0,173000
061423,廣達元大9A購01  ,0,0,0,0,0,0,0,0,0,173000,0,0,0,185000,12000,173000,173000
6491,晶碩            ,132000,201000,-69000,0,0,0,282000,0,282000,-40000,0,40000,-40000,0,0,0,173000
057447,智邦元富02購01  ,0,0,0,0,0,0,0,0,0,172000,0,0,0,197000,25000,172000,172000
063219,友達群益9B購03  ,0,0,0,0,0,0,0,0,0,172000,0,0,0,173000,1000,172000,172000
061303,玉晶光永豐9B購03,0,0,0,0,0,0,0,0,0,171000,0,0,0,715000,544000,171000,171000
062381,上銀國泰9C購01  ,0,0,0,0,0,0,0,0,0,171000,0,0,0,216000,45000,171000,171000
062487,中興電永豐9B購01,0,0,0,0,0,0,0,0,0,171000,0,0,0,216000,45000,171000,171000
062422,億光統一01購01  ,0,0,0,0,0,0,0,0,0,171000,0,0,0,171000,0,171000,171000
062802,宏達電統一9B購01,0,0,0,0,0,0,0,0,0,171000,0,0,0,447000,276000,171000,171000
062049,亞德客統一01購01,0,0,0,0,0,0,0,0,0,171000,0,0,0,194000,23000,171000,171000
9919,康那香          ,1253000,1167000,86000,0,0,0,0,0,0,85000,75000,0,75000,10000,0,10000,171000
052025,國巨群益96購01  ,0,0,0,0,0,0,0,0,0,170000,0,0,0,170000,0,170000,170000
061763,聯電元大9C購02  ,0,0,0,0,0,0,0,0,0,170000,0,0,0,485000,315000,170000,170000
059176,臺股指凱基99購27,0,0,0,0,0,0,0,0,0,170000,0,0,0,184000,14000,170000,170000
060638,玉晶光永豐9A購04,0,0,0,0,0,0,0,0,0,170000,0,0,0,490000,320000,170000,170000
055974,上銀統一97購05  ,0,0,0,0,0,0,0,0,0,169000,0,0,0,213000,44000,169000,169000
9904,寶成            ,4227955,3845000,382955,0,0,0,0,442000,-442000,228000,6000,0,6000,225000,3000,222000,168955
08376P,南亞科元富9C售03,0,0,0,0,0,0,0,0,0,168000,0,0,0,168000,0,168000,168000
063520,上銀凱基9B購05  ,0,0,0,0,0,0,0,0,0,168000,0,0,0,182000,14000,168000,168000
063405,聯發科國票9C購03,0,0,0,0,0,0,0,0,0,168000,0,0,0,217000,49000,168000,168000
057154,易華電國泰99購01,0,0,0,0,0,0,0,0,0,167000,0,0,0,167000,0,167000,167000
06849P,欣興元大98售12  ,0,0,0,0,0,0,0,0,0,166000,0,0,0,216000,50000,166000,166000
064406,健策凱基03購01  ,0,0,0,0,0,0,0,0,0,166000,0,0,0,216000,50000,166000,166000
060284,南港元大01購01  ,0,0,0,0,0,0,0,0,0,166000,0,0,0,881000,715000,166000,166000
3535,晶彩科          ,184000,20000,164000,0,0,0,0,0,0,2000,2000,0,2000,0,0,0,166000
059189,國泰金富邦9B購01,0,0,0,0,0,0,0,0,0,165000,0,0,0,242000,77000,165000,165000
060686,康友元大9A購02  ,0,0,0,0,0,0,0,0,0,165000,0,0,0,167000,2000,165000,165000
063801,GIS凱基01購01   ,0,0,0,0,0,0,0,0,0,165000,0,0,0,290000,125000,165000,165000
3014,聯陽            ,433000,260000,173000,0,0,0,0,0,0,-9000,0,0,0,12000,21000,-9000,164000
057789,上銀統一9A購01  ,0,0,0,0,0,0,0,0,0,164000,0,0,0,199000,35000,164000,164000
060072,國巨元富99購04  ,0,0,0,0,0,0,0,0,0,164000,0,0,0,165000,1000,164000,164000
063805,技嘉兆豐9C購01  ,0,0,0,0,0,0,0,0,0,164000,0,0,0,500000,336000,164000,164000
056023,晶豪科群益97購01,0,0,0,0,0,0,0,0,0,162000,0,0,0,212000,50000,162000,162000
062917,旭富元大9C購03  ,0,0,0,0,0,0,0,0,0,162000,0,0,0,222000,60000,162000,162000
061036,晶技永豐9A購03  ,0,0,0,0,0,0,0,0,0,161000,0,0,0,161000,0,161000,161000
056739,美律凱基98購04  ,0,0,0,0,0,0,0,0,0,161000,0,0,0,161000,0,161000,161000
063660,儒鴻統一9C購01  ,0,0,0,0,0,0,0,0,0,161000,0,0,0,211000,50000,161000,161000
6415,矽力-KY         ,512092,356903,155189,0,0,0,0,0,0,5000,6000,4000,2000,3000,0,3000,160189
06471P,臺股指凱基99售11,0,0,0,0,0,0,0,0,0,160000,0,0,0,234000,74000,160000,160000
054784,順德群益9A購01  ,0,0,0,0,0,0,0,0,0,160000,0,0,0,160000,0,160000,160000
052542,友達元富98購01  ,0,0,0,0,0,0,0,0,0,160000,0,0,0,180000,20000,160000,160000
053022,欣興國泰98購01  ,0,0,0,0,0,0,0,0,0,160000,0,0,0,160000,0,160000,160000
062605,上銀凱基9B購03  ,0,0,0,0,0,0,0,0,0,160000,0,0,0,170000,10000,160000,160000
055579,健策統一9A購01  ,0,0,0,0,0,0,0,0,0,159000,0,0,0,441000,282000,159000,159000
060710,上銀永豐9A購01  ,0,0,0,0,0,0,0,0,0,159000,0,0,0,169000,10000,159000,159000
059283,康友永豐99購02  ,0,0,0,0,0,0,0,0,0,159000,0,0,0,159000,0,159000,159000
063146,南六統一9B購02  ,0,0,0,0,0,0,0,0,0,159000,0,0,0,395000,236000,159000,159000
6533,晶心科          ,167000,14000,153000,0,0,0,0,0,0,6000,6000,0,6000,0,0,0,159000
6239,力成            ,1054928,671000,383928,0,0,0,0,206000,-206000,-19000,8000,44000,-36000,43000,26000,17000,158928
056846,晶相光元富98購01,0,0,0,0,0,0,0,0,0,158000,0,0,0,158000,0,158000,158000
06125P,楠梓電元富99售01,0,0,0,0,0,0,0,0,0,158000,0,0,0,208000,50000,158000,158000
1598,岱宇            ,212000,56000,156000,0,0,0,0,0,0,1000,3000,2000,1000,0,0,0,157000
08229P,祥碩國票9B售04  ,0,0,0,0,0,0,0,0,0,157000,0,0,0,157000,0,157000,157000
063188,TPK凱基9B購01   ,0,0,0,0,0,0,0,0,0,157000,0,0,0,297000,140000,157000,157000
9136,巨騰-DR         ,216000,59000,157000,0,0,0,0,0,0,0,0,0,0,0,0,0,157000
056911,緯穎元大99購01  ,0,0,0,0,0,0,0,0,0,156000,0,0,0,205000,49000,156000,156000
060434,台汽電永豐9A購01,0,0,0,0,0,0,0,0,0,156000,0,0,0,156000,0,156000,156000
063749,聯發科國票9C購04,0,0,0,0,0,0,0,0,0,156000,0,0,0,166000,10000,156000,156000
064237,奇鋐統一01購01  ,0,0,0,0,0,0,0,0,0,156000,0,0,0,156000,0,156000,156000
6504,南六            ,377000,319000,58000,0,0,0,82000,0,82000,16000,35000,10000,25000,15000,24000,-9000,156000
064478,聚陽富邦01購01  ,0,0,0,0,0,0,0,0,0,155000,0,0,0,155000,0,155000,155000
055801,景碩永豐97購02  ,0,0,0,0,0,0,0,0,0,155000,0,0,0,155000,0,155000,155000
057355,彩晶統一98購03  ,0,0,0,0,0,0,0,0,0,155000,0,0,0,165000,10000,155000,155000
059865,國巨凱基01購01  ,0,0,0,0,0,0,0,0,0,155000,0,0,0,420000,265000,155000,155000
064112,宏碁國票01購01  ,0,0,0,0,0,0,0,0,0,155000,0,0,0,155000,0,155000,155000
062897,上銀元大9B購06  ,0,0,0,0,0,0,0,0,0,155000,0,0,0,180000,25000,155000,155000
056420,台表科元富98購01,0,0,0,0,0,0,0,0,0,154000,0,0,0,362000,208000,154000,154000
045517,元油2X元富98購01,0,0,0,0,0,0,0,0,0,154000,0,0,0,154000,0,154000,154000
058972,新日興永豐9A購01,0,0,0,0,0,0,0,0,0,154000,0,0,0,296000,142000,154000,154000
063081,技嘉凱基9B購02  ,0,0,0,0,0,0,0,0,0,154000,0,0,0,195000,41000,154000,154000
053255,貿聯國泰97購01  ,0,0,0,0,0,0,0,0,0,153000,0,0,0,153000,0,153000,153000
057958,禾伸堂元大99購05,0,0,0,0,0,0,0,0,0,153000,0,0,0,198000,45000,153000,153000
06763P,技嘉元大98售05  ,0,0,0,0,0,0,0,0,0,152000,0,0,0,260000,108000,152000,152000
08424P,群創元富9C售03  ,0,0,0,0,0,0,0,0,0,152000,0,0,0,192000,40000,152000,152000
057074,立積永豐98購01  ,0,0,0,0,0,0,0,0,0,152000,0,0,0,218000,66000,152000,152000
063238,漢唐元大9B購02  ,0,0,0,0,0,0,0,0,0,152000,0,0,0,248000,96000,152000,152000
064125,聯發科元大02購01,0,0,0,0,0,0,0,0,0,152000,0,0,0,238000,86000,152000,152000
1906,寶隆            ,287000,133000,154000,0,0,0,0,0,0,-3000,1000,4000,-3000,0,0,0,151000
064212,可成凱基03購01  ,0,0,0,0,0,0,0,0,0,151000,0,0,0,201000,50000,151000,151000
061923,友達凱基9B購04  ,0,0,0,0,0,0,0,0,0,151000,0,0,0,151000,0,151000,151000
3060,銘異            ,238000,90000,148000,0,0,0,0,0,0,2000,2000,0,2000,0,0,0,150000
08171P,嘉澤國票9C售01  ,0,0,0,0,0,0,0,0,0,150000,0,0,0,150000,0,150000,150000
06748P,智邦台新98售02  ,0,0,0,0,0,0,0,0,0,150000,0,0,0,200000,50000,150000,150000
07011P,宏達電凱基99售02,0,0,0,0,0,0,0,0,0,150000,0,0,0,171000,21000,150000,150000
057234,宏達電凱基98購05,0,0,0,0,0,0,0,0,0,150000,0,0,0,295000,145000,150000,150000
055633,牧德永豐97購02  ,0,0,0,0,0,0,0,0,0,150000,0,0,0,150000,0,150000,150000
055161,貿聯元大98購03  ,0,0,0,0,0,0,0,0,0,150000,0,0,0,150000,0,150000,150000
058049,帆宣元大98購01  ,0,0,0,0,0,0,0,0,0,150000,0,0,0,150000,0,150000,150000
058141,嘉聯益元大99購05,0,0,0,0,0,0,0,0,0,150000,0,0,0,150000,0,150000,150000
060758,台積電元大9A購19,0,0,0,0,0,0,0,0,0,150000,0,0,0,184000,34000,150000,150000
063267,台表科中信01購02,0,0,0,0,0,0,0,0,0,150000,0,0,0,300000,150000,150000,150000
063646,帆宣元大9B購02  ,0,0,0,0,0,0,0,0,0,150000,0,0,0,150000,0,150000,150000
07473P,祥碩元大9A售01  ,0,0,0,0,0,0,0,0,0,149000,0,0,0,159000,10000,149000,149000
2913,農林            ,262000,110000,152000,0,0,0,0,0,0,-3000,2000,5000,-3000,0,0,0,149000
06461P,玉晶光國泰9A售01,0,0,0,0,0,0,0,0,0,148000,0,0,0,169000,21000,148000,148000
056987,南茂群益98購01  ,0,0,0,0,0,0,0,0,0,148000,0,0,0,153000,5000,148000,148000
061059,世芯國票9B購01  ,0,0,0,0,0,0,0,0,0,148000,0,0,0,150000,2000,148000,148000
059476,道瓊指群益9C購01,0,0,0,0,0,0,0,0,0,148000,0,0,0,201000,53000,148000,148000
060841,宏達電國票9B購01,0,0,0,0,0,0,0,0,0,148000,0,0,0,285000,137000,148000,148000
07546P,玉晶光凱基9A售09,0,0,0,0,0,0,0,0,0,147000,0,0,0,225000,78000,147000,147000
063709,上銀凱基9B購07  ,0,0,0,0,0,0,0,0,0,147000,0,0,0,147000,0,147000,147000
064337,大毅元大01購02  ,0,0,0,0,0,0,0,0,0,146000,0,0,0,230000,84000,146000,146000
07883P,可成凱基9B售03  ,0,0,0,0,0,0,0,0,0,146000,0,0,0,200000,54000,146000,146000
063900,GIS群益9C購03   ,0,0,0,0,0,0,0,0,0,146000,0,0,0,156000,10000,146000,146000
063088,緯穎凱基9B購04  ,0,0,0,0,0,0,0,0,0,146000,0,0,0,270000,124000,146000,146000
8028,昇陽半導體      ,258000,123000,135000,0,0,0,0,0,0,11000,0,0,0,11000,0,11000,146000
054789,高鐵群益98購01  ,0,0,0,0,0,0,0,0,0,145000,0,0,0,199000,54000,145000,145000
054943,群光元大97購01  ,0,0,0,0,0,0,0,0,0,145000,0,0,0,145000,0,145000,145000
058979,上銀凱基99購04  ,0,0,0,0,0,0,0,0,0,145000,0,0,0,155000,10000,145000,145000
08302P,長榮航國泰02售01,0,0,0,0,0,0,0,0,0,144000,0,0,0,144000,0,144000,144000
055891,鴻海統一9A購01  ,0,0,0,0,0,0,0,0,0,144000,0,0,0,253000,109000,144000,144000
058266,宏達電永豐99購01,0,0,0,0,0,0,0,0,0,144000,0,0,0,267000,123000,144000,144000
059656,T50反1元大99購11,0,0,0,0,0,0,0,0,0,144000,0,0,0,200000,56000,144000,144000
08132P,南六元大9B售05  ,0,0,0,0,0,0,0,0,0,143000,0,0,0,238000,95000,143000,143000
058591,台灣50統一9B購02,0,0,0,0,0,0,0,0,0,143000,0,0,0,143000,0,143000,143000
063695,上銀第一9B購01  ,0,0,0,0,0,0,0,0,0,143000,0,0,0,143000,0,143000,143000
3504,揚明光          ,237000,97000,140000,0,0,0,0,0,0,3000,1000,1000,0,3000,0,3000,143000
07653P,華新科群益9A售05,0,0,0,0,0,0,0,0,0,142000,0,0,0,256000,114000,142000,142000
06949P,台表科元大99售01,0,0,0,0,0,0,0,0,0,142000,0,0,0,247000,105000,142000,142000
07235P,T50正2元大9C售02,0,0,0,0,0,0,0,0,0,141000,0,0,0,175000,34000,141000,141000
057145,上銀國票98購03  ,0,0,0,0,0,0,0,0,0,141000,0,0,0,141000,0,141000,141000
058693,旭富國票9A購01  ,0,0,0,0,0,0,0,0,0,141000,0,0,0,141000,0,141000,141000
061224,道瓊反中信01購01,0,0,0,0,0,0,0,0,0,141000,0,0,0,159000,18000,141000,141000
064171,燿華元富9C購01  ,0,0,0,0,0,0,0,0,0,141000,0,0,0,153000,12000,141000,141000
061477,晶豪科元大9A購01,0,0,0,0,0,0,0,0,0,141000,0,0,0,208000,67000,141000,141000
057211,鴻海群益98購05  ,0,0,0,0,0,0,0,0,0,140000,0,0,0,141000,1000,140000,140000
058646,聯茂富邦9A購01  ,0,0,0,0,0,0,0,0,0,140000,0,0,0,503000,363000,140000,140000
00850,元大臺灣ESG永續 ,0,5000,-5000,0,0,0,0,0,0,145000,0,0,0,707000,562000,145000,140000
061714,華新科凱基9A購15,0,0,0,0,0,0,0,0,0,140000,0,0,0,240000,100000,140000,140000
062094,台積電富邦9C購12,0,0,0,0,0,0,0,0,0,140000,0,0,0,140000,0,140000,140000
062425,可成統一01購01  ,0,0,0,0,0,0,0,0,0,140000,0,0,0,140000,0,140000,140000
063153,南六元富9B購01  ,0,0,0,0,0,0,0,0,0,140000,0,0,0,172000,32000,140000,140000
063270,喬山兆豐9C購01  ,0,0,0,0,0,0,0,0,0,140000,0,0,0,140000,0,140000,140000
054614,玉晶光永豐97購03,0,0,0,0,0,0,0,0,0,139000,0,0,0,139000,0,139000,139000
058246,帆宣元大99購01  ,0,0,0,0,0,0,0,0,0,139000,0,0,0,144000,5000,139000,139000
4564,元翎            ,201000,62000,139000,0,0,0,0,0,0,0,0,0,0,0,0,0,139000
06851P,鈺齊元大98售01  ,0,0,0,0,0,0,0,0,0,138000,0,0,0,138000,0,138000,138000
057612,瑞昱元富02購01  ,0,0,0,0,0,0,0,0,0,138000,0,0,0,241000,103000,138000,138000
056113,新日興兆豐98購01,0,0,0,0,0,0,0,0,0,138000,0,0,0,157000,19000,138000,138000
056915,上銀兆豐99購01  ,0,0,0,0,0,0,0,0,0,138000,0,0,0,185000,47000,138000,138000
060752,上銀元大9A購04  ,0,0,0,0,0,0,0,0,0,138000,0,0,0,163000,25000,138000,138000
055814,晶豪科國票97購02,0,0,0,0,0,0,0,0,0,137000,0,0,0,360000,223000,137000,137000
057579,長榮航中信9A購01,0,0,0,0,0,0,0,0,0,137000,0,0,0,237000,100000,137000,137000
055330,上銀兆豐98購02  ,0,0,0,0,0,0,0,0,0,137000,0,0,0,142000,5000,137000,137000
059351,台虹凱基99購01  ,0,0,0,0,0,0,0,0,0,137000,0,0,0,137000,0,137000,137000
063561,上銀元大9B購08  ,0,0,0,0,0,0,0,0,0,137000,0,0,0,137000,0,137000,137000
2355,敬鵬            ,437000,240000,197000,0,0,0,0,0,0,-61000,42000,109000,-67000,6000,0,6000,136000
063583,GIS國泰01購01   ,0,0,0,0,0,0,0,0,0,136000,0,0,0,258000,122000,136000,136000
063480,南六元大9C購01  ,0,0,0,0,0,0,0,0,0,136000,0,0,0,158000,22000,136000,136000
062093,台積電富邦9C購11,0,0,0,0,0,0,0,0,0,136000,0,0,0,176000,40000,136000,136000
9917,中保科          ,138000,204000,-66000,0,0,0,203000,0,203000,-1000,0,1000,-1000,0,0,0,136000
08316P,祥碩元大9C售04  ,0,0,0,0,0,0,0,0,0,135000,0,0,0,151000,16000,135000,135000
060106,旭富元大99購02  ,0,0,0,0,0,0,0,0,0,135000,0,0,0,218000,83000,135000,135000
07646P,世芯元大9A售04  ,0,0,0,0,0,0,0,0,0,134000,0,0,0,345000,211000,134000,134000
07714P,世紀鋼元大9A售03,0,0,0,0,0,0,0,0,0,134000,0,0,0,149000,15000,134000,134000
06699P,台積電統一98售11,0,0,0,0,0,0,0,0,0,134000,0,0,0,164000,30000,134000,134000
07359P,台積電元大99售45,0,0,0,0,0,0,0,0,0,134000,0,0,0,164000,30000,134000,134000
059922,大立光元大99購25,0,0,0,0,0,0,0,0,0,134000,0,0,0,155000,21000,134000,134000
08371P,京元電凱基9C售01,0,0,0,0,0,0,0,0,0,133000,0,0,0,159000,26000,133000,133000
2013,中鋼構          ,148000,15000,133000,0,0,0,0,0,0,0,0,0,0,0,0,0,133000
061973,上銀元大9B購01  ,0,0,0,0,0,0,0,0,0,133000,0,0,0,136000,3000,133000,133000
08207P,金像電群益9B售05,0,0,0,0,0,0,0,0,0,132000,0,0,0,215000,83000,132000,132000
062323,上銀統一9B購03  ,0,0,0,0,0,0,0,0,0,132000,0,0,0,187000,55000,132000,132000
2106,建大            ,243000,114000,129000,0,0,0,0,0,0,2000,3000,1000,2000,0,0,0,131000
064881,聯茂兆豐01購02  ,0,0,0,0,0,0,0,0,0,131000,0,0,0,271000,140000,131000,131000
2545,皇翔            ,174000,44000,130000,0,0,0,0,0,0,0,0,0,0,0,0,0,130000
053396,漢唐中信9A購01  ,0,0,0,0,0,0,0,0,0,130000,0,0,0,172000,42000,130000,130000
053864,義隆元大96購01  ,0,0,0,0,0,0,0,0,0,130000,0,0,0,130000,0,130000,130000
058035,旭富永豐98購02  ,0,0,0,0,0,0,0,0,0,130000,0,0,0,244000,114000,130000,130000
058228,為升元大99購01  ,0,0,0,0,0,0,0,0,0,130000,0,0,0,130000,0,130000,130000
062046,矽格凱基9B購01  ,0,0,0,0,0,0,0,0,0,130000,0,0,0,160000,30000,130000,130000
063242,聯發科元大9B購19,0,0,0,0,0,0,0,0,0,130000,0,0,0,130000,0,130000,130000
9941,裕融            ,124000,3000,121000,0,0,0,17000,8000,9000,0,0,0,0,0,0,0,130000
08243P,祥碩凱基9C售02  ,0,0,0,0,0,0,0,0,0,129000,0,0,0,129000,0,129000,129000
07792P,牧德元大9A售04  ,0,0,0,0,0,0,0,0,0,129000,0,0,0,130000,1000,129000,129000
057662,上銀元大9A購01  ,0,0,0,0,0,0,0,0,0,129000,0,0,0,129000,0,129000,129000
056942,昇陽半元富98購01,0,0,0,0,0,0,0,0,0,129000,0,0,0,134000,5000,129000,129000
061735,上銀凱基9B購01  ,0,0,0,0,0,0,0,0,0,129000,0,0,0,147000,18000,129000,129000
05950P,台積電國票97售04,0,0,0,0,0,0,0,0,0,129000,0,0,0,134000,5000,129000,129000
064228,同欣電國票01購01,0,0,0,0,0,0,0,0,0,129000,0,0,0,160000,31000,129000,129000
054961,玉晶光元大99購01,0,0,0,0,0,0,0,0,0,128000,0,0,0,172000,44000,128000,128000
3645,達邁            ,176000,48000,128000,0,0,0,0,0,0,0,0,0,0,0,0,0,128000
08054P,臺股指國票9B售19,0,0,0,0,0,0,0,0,0,127000,0,0,0,160000,33000,127000,127000
03682C,臺股指凱基9C牛07,0,0,0,0,0,0,0,0,0,127000,0,0,0,308000,181000,127000,127000
055681,奇鋐凱基98購03  ,0,0,0,0,0,0,0,0,0,127000,0,0,0,188000,61000,127000,127000
060786,聯發科富邦9B購06,0,0,0,0,0,0,0,0,0,127000,0,0,0,137000,10000,127000,127000
062288,南六群益9B購01  ,0,0,0,0,0,0,0,0,0,127000,0,0,0,127000,0,127000,127000
1108,幸福            ,161000,36000,125000,0,0,0,0,0,0,1000,1000,0,1000,0,0,0,126000
056411,緯穎國票99購01  ,0,0,0,0,0,0,0,0,0,126000,0,0,0,197000,71000,126000,126000
058651,FBVIX中信9C購01 ,0,0,0,0,0,0,0,0,0,126000,0,0,0,211000,85000,126000,126000
058883,旭富永豐99購01  ,0,0,0,0,0,0,0,0,0,126000,0,0,0,128000,2000,126000,126000
060901,臺股指凱基9A購13,0,0,0,0,0,0,0,0,0,126000,0,0,0,190000,64000,126000,126000
063937,上銀元大9C購02  ,0,0,0,0,0,0,0,0,0,126000,0,0,0,177000,51000,126000,126000
03447B,臺股指凱基9B熊16,0,0,0,0,0,0,0,0,0,125000,0,0,0,749000,624000,125000,125000
056644,宏達電凱基98購04,0,0,0,0,0,0,0,0,0,125000,0,0,0,249000,124000,125000,125000
059021,台積電統一9B購07,0,0,0,0,0,0,0,0,0,125000,0,0,0,132000,7000,125000,125000
059242,南亞科凱基99購06,0,0,0,0,0,0,0,0,0,125000,0,0,0,260000,135000,125000,125000
060156,光磊永豐9A購01  ,0,0,0,0,0,0,0,0,0,125000,0,0,0,125000,0,125000,125000
063898,旭富群益9C購01  ,0,0,0,0,0,0,0,0,0,125000,0,0,0,125000,0,125000,125000
3031,佰鴻            ,123000,1000,122000,0,0,0,0,0,0,2000,2000,0,2000,0,0,0,124000
07913P,友達元大01售01  ,0,0,0,0,0,0,0,0,0,124000,0,0,0,126000,2000,124000,124000
058648,聯陽永豐99購01  ,0,0,0,0,0,0,0,0,0,124000,0,0,0,223000,99000,124000,124000
058197,國巨中信99購02  ,0,0,0,0,0,0,0,0,0,124000,0,0,0,219000,95000,124000,124000
062221,奇力新統一01購01,0,0,0,0,0,0,0,0,0,124000,0,0,0,249000,125000,124000,124000
062172,南六永豐9B購01  ,0,0,0,0,0,0,0,0,0,124000,0,0,0,124000,0,124000,124000
07789P,緯穎群益9A售03  ,0,0,0,0,0,0,0,0,0,123000,0,0,0,123000,0,123000,123000
08093P,英業達元富9B售02,0,0,0,0,0,0,0,0,0,123000,0,0,0,123000,0,123000,123000
07334P,臺股指國票99售19,0,0,0,0,0,0,0,0,0,123000,0,0,0,278000,155000,123000,123000
06656P,GIS元大98售02   ,0,0,0,0,0,0,0,0,0,123000,0,0,0,130000,7000,123000,123000
06847P,奇力新元大98售05,0,0,0,0,0,0,0,0,0,123000,0,0,0,136000,13000,123000,123000
07022P,嘉晶永豐99售02  ,0,0,0,0,0,0,0,0,0,123000,0,0,0,194000,71000,123000,123000
058506,台積電元大99購09,0,0,0,0,0,0,0,0,0,123000,0,0,0,248000,125000,123000,123000
061349,嘉澤元大9A購02  ,0,0,0,0,0,0,0,0,0,123000,0,0,0,135000,12000,123000,123000
058950,國巨群益99購06  ,0,0,0,0,0,0,0,0,0,123000,0,0,0,235000,112000,123000,123000
062133,大成鋼群益9B購01,0,0,0,0,0,0,0,0,0,123000,0,0,0,123000,0,123000,123000
062391,台達電富邦9C購01,0,0,0,0,0,0,0,0,0,123000,0,0,0,143000,20000,123000,123000
063978,美食兆豐9C購01  ,0,0,0,0,0,0,0,0,0,123000,0,0,0,123000,0,123000,123000
063524,瑞昱凱基9B購05  ,0,0,0,0,0,0,0,0,0,123000,0,0,0,123000,0,123000,123000
07452P,國巨元大9A售05  ,0,0,0,0,0,0,0,0,0,122000,0,0,0,162000,40000,122000,122000
08365P,貿聯凱基9C售01  ,0,0,0,0,0,0,0,0,0,122000,0,0,0,122000,0,122000,122000
2486,一詮            ,138000,19000,119000,0,0,0,0,0,0,3000,3000,0,3000,0,0,0,122000
1201,味全            ,318000,196000,122000,0,0,0,0,0,0,0,0,0,0,0,0,0,122000
2015,豐興            ,183000,53000,130000,0,0,0,2000,10000,-8000,0,0,0,0,0,0,0,122000
056444,南亞科凱基99購01,0,0,0,0,0,0,0,0,0,122000,0,0,0,122000,0,122000,122000
063057,祥碩統一03購01  ,0,30000,-30000,0,0,0,0,0,0,152000,0,0,0,233000,81000,152000,122000
063965,漢唐國票01購01  ,0,0,0,0,0,0,0,0,0,122000,0,0,0,122000,0,122000,122000
3669,圓展            ,373000,257000,116000,0,0,0,0,0,0,6000,6000,0,6000,0,0,0,122000
060313,淘帝永豐9A購01  ,0,0,0,0,0,0,0,0,0,121000,0,0,0,126000,5000,121000,121000
060124,奇力新永豐99購03,0,0,0,0,0,0,0,0,0,121000,0,0,0,121000,0,121000,121000
060265,宏達電國票9A購02,0,0,0,0,0,0,0,0,0,121000,0,0,0,149000,28000,121000,121000
064199,南六群益01購01  ,0,0,0,0,0,0,0,0,0,121000,0,0,0,121000,0,121000,121000
3563,牧德            ,172000,60000,112000,0,0,0,0,9000,-9000,18000,0,18000,-18000,39000,3000,36000,121000
2412,中華電          ,1955790,1799000,156790,0,0,0,0,17339,-17339,-19000,30000,49000,-19000,2000,2000,0,120451
08186P,泰碩永豐9B售03  ,0,0,0,0,0,0,0,0,0,120000,0,0,0,120000,0,120000,120000
07988P,台積電台新9C售03,0,0,0,0,0,0,0,0,0,120000,0,0,0,120000,0,120000,120000
07989P,玉晶光凱基9B售07,0,0,0,0,0,0,0,0,0,120000,0,0,0,120000,0,120000,120000
07997P,上銀凱基9B售04  ,0,0,0,0,0,0,0,0,0,120000,0,0,0,120000,0,120000,120000
07949P,滬深2X元大9B售04,0,0,0,0,0,0,0,0,0,120000,0,0,0,150000,30000,120000,120000
06934P,聯鈞元大98售03  ,0,0,0,0,0,0,0,0,0,120000,0,0,0,120000,0,120000,120000
064581,葡萄王永豐9C購01,0,0,0,0,0,0,0,0,0,120000,0,0,0,120000,0,120000,120000
056188,晶相光統一99購01,0,0,0,0,0,0,0,0,0,120000,0,0,0,120000,0,120000,120000
057695,S&P反1群益9B購01,0,0,0,0,0,0,0,0,0,120000,0,0,0,120000,0,120000,120000
059524,FBVIX凱基9A購02 ,0,0,0,0,0,0,0,0,0,120000,0,0,0,170000,50000,120000,120000
060831,T50反1國票9B購03,0,0,0,0,0,0,0,0,0,120000,0,0,0,130000,10000,120000,120000
06005P,晶豪科永豐96售04,0,0,0,0,0,0,0,0,0,120000,0,0,0,120000,0,120000,120000
061797,聯發科永豐9B購01,0,0,0,0,0,0,0,0,0,120000,0,0,0,120000,0,120000,120000
058209,臺股指凱基01購01,0,0,0,0,0,0,0,0,0,120000,0,0,0,1838000,1718000,120000,120000
058312,大毅國泰9B購01  ,0,0,0,0,0,0,0,0,0,120000,0,0,0,224000,104000,120000,120000
062383,大立光國泰01購01,0,0,0,0,0,0,0,0,0,120000,0,0,0,220000,100000,120000,120000
3419,譁裕            ,142000,23000,119000,0,0,0,0,0,0,1000,1000,0,1000,0,0,0,120000
054511,香港反元大98購01,0,0,0,0,0,0,0,0,0,119000,0,0,0,142000,23000,119000,119000
03444B,臺股指元大9C熊02,0,0,0,0,0,0,0,0,0,119000,0,0,0,151000,32000,119000,119000
059911,國巨元大99購27  ,0,0,0,0,0,0,0,0,0,119000,0,0,0,260000,141000,119000,119000
062922,南六元大9B購03  ,0,0,0,0,0,0,0,0,0,119000,0,0,0,149000,30000,119000,119000
06600P,貿聯永豐98售01  ,0,0,0,0,0,0,0,0,0,118000,0,0,0,198000,80000,118000,118000
2428,興勤            ,162000,88000,74000,0,0,0,0,0,0,44000,0,1000,-1000,45000,0,45000,118000
1612,宏泰            ,179000,62000,117000,0,0,0,0,0,0,1000,1000,0,1000,0,0,0,118000
055318,華通國票98購01  ,0,0,0,0,0,0,0,0,0,118000,0,0,0,148000,30000,118000,118000
064107,友達兆豐01購01  ,0,0,0,0,0,0,0,0,0,118000,0,0,0,120000,2000,118000,118000
063159,嘉澤國泰01購01  ,0,0,0,0,0,0,0,0,0,118000,0,0,0,118000,0,118000,118000
063311,喬山群益9B購01  ,0,0,0,0,0,0,0,0,0,118000,0,0,0,128000,10000,118000,118000
063402,GIS群益9B購02   ,0,0,0,0,0,0,0,0,0,118000,0,0,0,218000,100000,118000,118000
1810,和成            ,121000,4000,117000,0,0,0,0,0,0,0,0,0,0,0,0,0,117000
3149,正達            ,119000,2000,117000,0,0,0,0,0,0,0,0,0,0,0,0,0,117000
07836P,大成鋼元大9A售01,0,0,0,0,0,0,0,0,0,117000,0,0,0,310000,193000,117000,117000
07342P,大立光凱基99售14,0,0,0,0,0,0,0,0,0,117000,0,0,0,167000,50000,117000,117000
058738,FBVIX中信03購04 ,0,0,0,0,0,0,0,0,0,117000,0,0,0,127000,10000,117000,117000
08214P,南六統一9B售03  ,0,0,0,0,0,0,0,0,0,116000,0,0,0,606000,490000,116000,116000
08377P,臻鼎元富9C售02  ,0,0,0,0,0,0,0,0,0,116000,0,0,0,141000,25000,116000,116000
08263P,台表科元大9C售06,0,0,0,0,0,0,0,0,0,116000,0,0,0,142000,26000,116000,116000
054088,華新群益98購02  ,0,0,0,0,0,0,0,0,0,116000,0,0,0,146000,30000,116000,116000
053438,玉晶光麥證97購02,0,0,0,116000,0,116000,0,0,0,116000,0,0,0,116000,0,116000,116000
056710,漢唐永豐98購01  ,0,0,0,0,0,0,0,0,0,116000,0,0,0,377000,261000,116000,116000
059343,宏達電凱基99購04,0,0,0,0,0,0,0,0,0,116000,0,0,0,228000,112000,116000,116000
06320P,上銀統一97售04  ,0,0,0,0,0,0,0,0,0,116000,0,0,0,116000,0,116000,116000
5434,崇越            ,291000,139000,152000,0,0,0,0,33000,-33000,-3000,1000,4000,-3000,0,0,0,116000
08334P,智邦永豐9C售01  ,0,0,0,0,0,0,0,0,0,115000,0,0,0,115000,0,115000,115000
00783,富邦中証500     ,1000,0,1000,0,0,0,0,0,0,114000,0,0,0,1047000,933000,114000,115000
058398,中環元大99購02  ,0,0,0,0,0,0,0,0,0,115000,0,0,0,115000,0,115000,115000
07085P,超眾元富9C售01  ,0,0,0,0,0,0,0,0,0,114000,0,0,0,116000,2000,114000,114000
050992,台積電元大97購01,0,0,0,0,0,0,0,0,0,114000,0,0,0,114000,0,114000,114000
060104,新日興元大99購03,0,0,0,0,0,0,0,0,0,114000,0,0,0,159000,45000,114000,114000
064146,瑞昱統一01購03  ,0,0,0,0,0,0,0,0,0,114000,0,0,0,205000,91000,114000,114000
6226,光鼎            ,153000,38000,115000,0,0,0,0,0,0,-1000,0,1000,-1000,0,0,0,114000
07131P,緯穎元大99售06  ,0,0,0,0,0,0,0,0,0,113000,0,0,0,113000,0,113000,113000
064658,喬山元大9C購01  ,0,0,0,0,0,0,0,0,0,113000,0,0,0,113000,0,113000,113000
063133,喬山統一01購01  ,0,0,0,0,0,0,0,0,0,113000,0,0,0,178000,65000,113000,113000
063645,瑞儀元大9B購02  ,0,0,0,0,0,0,0,0,0,113000,0,0,0,200000,87000,113000,113000
8261,富鼎            ,208000,96000,112000,0,0,0,0,0,0,1000,1000,0,1000,0,0,0,113000
1708,東鹼            ,161000,47104,113896,0,0,0,0,0,0,-1000,1000,2000,-1000,0,0,0,112896
07825P,健策國泰9B售04  ,0,0,0,0,0,0,0,0,0,112000,0,0,0,172000,60000,112000,112000
063438,聚陽統一9C購01  ,0,0,0,0,0,0,0,0,0,112000,0,0,0,113000,1000,112000,112000
062806,世芯統一02購01  ,0,0,0,0,0,0,0,0,0,112000,0,0,0,401000,289000,112000,112000
062268,力山群益9B購01  ,0,0,0,0,0,0,0,0,0,112000,0,0,0,177000,65000,112000,112000
2524,京城            ,139000,35000,104000,0,0,0,0,0,0,7000,7000,0,7000,0,0,0,111000
03875P,滬深2X國票05售01,0,0,0,0,0,0,0,0,0,111000,0,0,0,111000,0,111000,111000
057102,亞光中信9A購01  ,0,0,0,0,0,0,0,0,0,111000,0,0,0,111000,0,111000,111000
056251,聯發科兆豐97購02,0,0,0,0,0,0,0,0,0,111000,0,0,0,111000,0,111000,111000
060913,宏達電元大9A購03,0,0,0,0,0,0,0,0,0,111000,0,0,0,315000,204000,111000,111000
060926,宏達電永豐9A購01,0,0,0,0,0,0,0,0,0,111000,0,0,0,295000,184000,111000,111000
058188,華擎永豐99購01  ,0,0,0,0,0,0,0,0,0,111000,0,0,0,133000,22000,111000,111000
061319,聯發科凱基9A購16,0,0,0,0,0,0,0,0,0,111000,0,0,0,122000,11000,111000,111000
064118,喬山元大01購01  ,0,0,0,0,0,0,0,0,0,111000,0,0,0,120000,9000,111000,111000
07841P,臻鼎元大9A售04  ,0,0,0,0,0,0,0,0,0,110000,0,0,0,110000,0,110000,110000
08160P,茂林元富9B售03  ,0,0,0,0,0,0,0,0,0,110000,0,0,0,157000,47000,110000,110000
07437P,臺股指麥證9A售04,0,0,0,120000,10000,110000,0,0,0,110000,0,0,0,120000,10000,110000,110000
06956P,國巨日盛99售04  ,0,0,0,0,0,0,0,0,0,110000,0,0,0,142000,32000,110000,110000
055944,日月光麥證97購01,0,0,0,110000,0,110000,0,0,0,110000,0,0,0,110000,0,110000,110000
055646,漢唐元富97購01  ,0,0,0,0,0,0,0,0,0,110000,0,0,0,110000,0,110000,110000
00713,元大台灣高息低波,103000,2000,101000,0,0,0,0,0,0,9000,0,0,0,15000,6000,9000,110000
047421,聯茂富邦97購01  ,0,0,0,0,0,0,0,0,0,110000,0,0,0,110000,0,110000,110000
061174,鴻海凱基9A購23  ,0,0,0,0,0,0,0,0,0,110000,0,0,0,110000,0,110000,110000
060509,宏達電元大9A購02,0,0,0,0,0,0,0,0,0,110000,0,0,0,240000,130000,110000,110000
059424,SGBR2X元大9A購01,0,0,0,0,0,0,0,0,0,110000,0,0,0,395000,285000,110000,110000
061679,健策元大9B購04  ,0,0,0,0,0,0,0,0,0,110000,0,0,0,200000,90000,110000,110000
062208,旭富國票9C購01  ,0,0,0,0,0,0,0,0,0,110000,0,0,0,111000,1000,110000,110000
062372,旭富元大9B購01  ,0,0,0,0,0,0,0,0,0,110000,0,0,0,171000,61000,110000,110000
06864P,健策凱基98售01  ,0,0,0,0,0,0,0,0,0,109000,0,0,0,139000,30000,109000,109000
06525P,上証2X國泰99售01,0,0,0,0,0,0,0,0,0,109000,0,0,0,111000,2000,109000,109000
060251,易華電元大9C購01,0,0,0,0,0,0,0,0,0,109000,0,0,0,118000,9000,109000,109000
062504,旭富群益9B購02  ,0,0,0,0,0,0,0,0,0,109000,0,0,0,149000,40000,109000,109000
062185,禾伸堂元大9B購01,0,0,0,0,0,0,0,0,0,109000,0,0,0,118000,9000,109000,109000
061990,台勝科元大9C購01,0,0,0,0,0,0,0,0,0,109000,0,0,0,110000,1000,109000,109000
061455,京元電凱基9B購01,0,0,0,0,0,0,0,0,0,109000,0,0,0,116000,7000,109000,109000
08019P,緯穎國票9B售02  ,0,0,0,0,0,0,0,0,0,108000,0,0,0,121000,13000,108000,108000
055287,日電貿元大97購01,0,0,0,0,0,0,0,0,0,108000,0,0,0,108000,0,108000,108000
053259,卜蜂群益97購01  ,0,0,0,0,0,0,0,0,0,108000,0,0,0,108000,0,108000,108000
00753L,中信中國50正2   ,173000,320000,-147000,0,0,0,0,0,0,255000,0,0,0,719000,464000,255000,108000
061253,臺股指群益9A購04,0,0,0,0,0,0,0,0,0,108000,0,0,0,155000,47000,108000,108000
6285,啟碁            ,611000,386000,225000,0,0,0,0,115000,-115000,-2000,1000,0,1000,0,3000,-3000,108000
07694P,超眾元大9A售05  ,0,0,0,0,0,0,0,0,0,107000,0,0,0,132000,25000,107000,107000
05712P,友達統一97售03  ,0,0,0,0,0,0,0,0,0,107000,0,0,0,107000,0,107000,107000
060383,葡萄王凱基9A購01,0,0,0,0,0,0,0,0,0,107000,0,0,0,129000,22000,107000,107000
4961,天鈺            ,135000,29000,106000,0,0,0,0,0,0,1000,1000,0,1000,0,0,0,107000
08098P,大立光凱基9B售09,0,0,0,0,0,0,0,0,0,106000,0,0,0,106000,0,106000,106000
057284,新日興元大98購03,0,0,0,0,0,0,0,0,0,106000,0,0,0,106000,0,106000,106000
00643,群益深証中小    ,118000,3000,115000,0,0,0,0,0,0,-9000,20000,10000,10000,51000,70000,-19000,106000
058282,聯茂中信99購01  ,0,0,0,0,0,0,0,0,0,106000,0,0,0,126000,20000,106000,106000
063975,台積電兆豐9C購01,0,0,0,0,0,0,0,0,0,106000,0,0,0,201000,95000,106000,106000
063029,喬山凱基9B購01  ,0,0,0,0,0,0,0,0,0,106000,0,0,0,109000,3000,106000,106000
063241,聯發科元大9B購18,0,0,0,0,0,0,0,0,0,106000,0,0,0,136000,30000,106000,106000
03647C,T50反1元富99牛02,0,0,0,0,0,0,0,0,0,105000,0,0,0,105000,0,105000,105000
055901,超眾中信97購01  ,0,0,0,0,0,0,0,0,0,105000,0,0,0,105000,0,105000,105000
059194,元金2X永豐99購01,0,0,0,0,0,0,0,0,0,105000,0,0,0,105000,0,105000,105000
063345,嘉晶統一9C購02  ,0,0,0,0,0,0,0,0,0,105000,0,0,0,105000,0,105000,105000
062416,和大統一01購02  ,0,0,0,0,0,0,0,0,0,105000,0,0,0,354000,249000,105000,105000
4532,瑞智            ,153000,49000,104000,0,0,0,0,0,0,1000,1000,0,1000,0,0,0,105000
9940,信義            ,157000,53000,104000,0,0,0,0,0,0,1000,1000,0,1000,0,0,0,105000
064628,南六元大9C購05  ,0,0,0,0,0,0,0,0,0,104000,0,0,0,128000,24000,104000,104000
056301,開發金元大9A購01,0,0,0,0,0,0,0,0,0,104000,0,0,0,204000,100000,104000,104000
058516,健鼎元大99購02  ,0,0,0,0,0,0,0,0,0,104000,0,0,0,115000,11000,104000,104000
054221,華新科統一96購05,0,0,0,0,0,0,0,0,0,104000,0,0,0,104000,0,104000,104000
059662,旭富元大9C購01  ,0,0,0,0,0,0,0,0,0,104000,0,0,0,204000,100000,104000,104000
061275,臺股指凱基9A購25,0,0,0,0,0,0,0,0,0,104000,0,0,0,232000,128000,104000,104000
061481,嘉澤元大9A購03  ,0,0,0,0,0,0,0,0,0,104000,0,0,0,113000,9000,104000,104000
061616,鴻海群益9A購07  ,0,0,0,0,0,0,0,0,0,104000,0,0,0,105000,1000,104000,104000
06342P,世芯統一98售01  ,0,0,0,0,0,0,0,0,0,104000,0,0,0,464000,360000,104000,104000
2101,南港            ,1055000,1184000,-129000,0,0,0,0,0,0,232000,167000,1000,166000,317000,251000,66000,103000
2331,精英            ,156000,53000,103000,0,0,0,0,0,0,0,4000,4000,0,0,0,0,103000
060419,漢翔永豐9A購01  ,0,0,0,0,0,0,0,0,0,103000,0,0,0,103000,0,103000,103000
063762,緯穎統一9C購01  ,0,0,0,0,0,0,0,0,0,103000,0,0,0,103000,0,103000,103000
062456,台積電群益9B購05,0,0,0,0,0,0,0,0,0,103000,0,0,0,253000,150000,103000,103000
8039,台虹            ,244000,142000,102000,0,0,0,0,0,0,1000,3000,0,3000,6000,8000,-2000,103000
064668,大立光元大9C購21,0,0,0,0,0,0,0,0,0,102000,0,0,0,150000,48000,102000,102000
062264,南六元大9B購02  ,0,0,0,0,0,0,0,0,0,102000,0,0,0,126000,24000,102000,102000
061994,瑞儀元大9B購01  ,0,0,0,0,0,0,0,0,0,102000,0,0,0,102000,0,102000,102000
063158,瑞昱台新9B購02  ,0,0,0,0,0,0,0,0,0,102000,0,0,0,127000,25000,102000,102000
9105,泰金寶-DR       ,102000,0,102000,0,0,0,0,0,0,0,0,0,0,0,0,0,102000
06743P,創意永豐98售03  ,0,0,0,0,0,0,0,0,0,101000,0,0,0,120000,19000,101000,101000
1457,宜進            ,139000,38000,101000,0,0,0,0,0,0,0,0,0,0,0,0,0,101000
3040,遠見            ,118000,17000,101000,0,0,0,0,0,0,0,0,0,0,0,0,0,101000
054585,禾伸堂國泰99購01,0,0,0,0,0,0,0,0,0,101000,0,0,0,101000,0,101000,101000
057327,玉晶光群益9A購04,0,0,0,0,0,0,0,0,0,101000,0,0,0,225000,124000,101000,101000
060712,建準永豐9A購01  ,0,0,0,0,0,0,0,0,0,101000,0,0,0,159000,58000,101000,101000
3454,晶睿            ,115000,15000,100000,0,0,0,0,0,0,1000,1000,0,1000,0,0,0,101000
6668,中揚光          ,132000,31000,101000,0,0,0,0,0,0,0,0,0,0,0,0,0,101000
07608P,台灣50國票9C售03,0,0,0,0,0,0,0,0,0,100000,0,0,0,100000,0,100000,100000
07347P,上証2X凱基99售02,0,0,0,0,0,0,0,0,0,100000,0,0,0,100000,0,100000,100000
07578P,高鐵元大9A售02  ,0,0,0,0,0,0,0,0,0,100000,0,0,0,100000,0,100000,100000
064606,南電元富9C購03  ,0,0,0,0,0,0,0,0,0,100000,0,0,0,106000,6000,100000,100000
057179,可成元大98購04  ,0,0,0,0,0,0,0,0,0,100000,0,0,0,100000,0,100000,100000
058525,台虹元大99購02  ,0,0,0,0,0,0,0,0,0,100000,0,0,0,100000,0,100000,100000
055450,台積電元富97購01,0,0,0,0,0,0,0,0,0,100000,0,0,0,100000,0,100000,100000
056774,和鑫元大98購01  ,0,0,0,0,0,0,0,0,0,100000,0,0,0,100000,0,100000,100000
054163,燿華凱基97購02  ,0,0,0,0,0,0,0,0,0,100000,0,0,0,100000,0,100000,100000
053107,旺宏兆豐97購01  ,0,0,0,0,0,0,0,0,0,100000,0,0,0,100000,0,100000,100000
055174,精元統一97購01  ,0,0,0,0,0,0,0,0,0,100000,0,0,0,100000,0,100000,100000
060683,泰鼎元大9A購02  ,0,0,0,0,0,0,0,0,0,100000,0,0,0,102000,2000,100000,100000
058734,康友永豐99購01  ,0,0,0,0,0,0,0,0,0,100000,0,0,0,100000,0,100000,100000
060111,臻鼎元大99購04  ,0,0,0,0,0,0,0,0,0,100000,0,0,0,110000,10000,100000,100000
061812,臺指反群益9B購02,0,0,0,0,0,0,0,0,0,100000,0,0,0,100000,0,100000,100000
061745,南電凱基9B購02  ,0,0,0,0,0,0,0,0,0,100000,0,0,0,100000,0,100000,100000
061521,亞光兆豐9A購02  ,0,0,0,0,0,0,0,0,0,100000,0,0,0,355000,255000,100000,100000
058142,瑞儀元大99購01  ,0,0,0,0,0,0,0,0,0,100000,0,0,0,100000,0,100000,100000
063342,台光電統一9B購02,0,0,0,0,0,0,0,0,0,100000,0,0,0,110000,10000,100000,100000
062024,臺股指中信9C購05,0,0,0,0,0,0,0,0,0,100000,0,0,0,100000,0,100000,100000
062227,南六統一01購02  ,0,0,0,0,0,0,0,0,0,100000,0,0,0,102000,2000,100000,100000
5388,中磊            ,272000,180000,92000,0,0,0,0,0,0,8000,12000,0,12000,18000,22000,-4000,100000
3047,訊舟            ,198000,101359,96641,0,0,0,0,0,0,3000,3000,0,3000,0,0,0,99641
08099P,聯發科中信9B售04,0,0,0,0,0,0,0,0,0,99000,0,0,0,100000,1000,99000,99000
064554,儒鴻群益9C購01  ,0,0,0,0,0,0,0,0,0,99000,0,0,0,99000,0,99000,99000
06962P,華新科永豐99售01,0,0,0,0,0,0,0,0,0,99000,0,0,0,195000,96000,99000,99000
058113,百和元富98購01  ,0,0,0,0,0,0,0,0,0,99000,0,0,0,351000,252000,99000,99000
057721,華擎元富98購02  ,0,0,0,0,0,0,0,0,0,99000,0,0,0,99000,0,99000,99000
061470,鈺齊群益9A購02  ,0,0,0,0,0,0,0,0,0,99000,0,0,0,99000,0,99000,99000
062468,台積電凱基9B購06,0,0,0,0,0,0,0,0,0,99000,0,0,0,138000,39000,99000,99000
063758,聯發科統一9B購14,0,0,0,0,0,0,0,0,0,99000,0,0,0,193000,94000,99000,99000
6142,友勁            ,150000,51000,99000,0,0,0,0,0,0,0,0,0,0,0,0,0,99000
06970P,旺宏元大99售08  ,0,0,0,0,0,0,0,0,0,98000,0,0,0,232000,134000,98000,98000
07527P,台灣50凱基9B售02,0,0,0,0,0,0,0,0,0,98000,0,0,0,247000,149000,98000,98000
064513,T50反1群益9C購01,0,0,0,0,0,0,0,0,0,98000,0,0,0,238000,140000,98000,98000
2231,為升            ,209000,89000,120000,0,0,0,0,29000,-29000,7000,5000,0,5000,2000,0,2000,98000
047004,台積電統一99購01,0,0,0,0,0,0,0,0,0,98000,0,0,0,102000,4000,98000,98000
053627,宏碁兆豐97購01  ,0,0,0,0,0,0,0,0,0,98000,0,0,0,98000,0,98000,98000
056788,日月光群益98購01,0,0,0,0,0,0,0,0,0,98000,0,0,0,98000,0,98000,98000
056138,群創元大9B購01  ,0,0,0,0,0,0,0,0,0,98000,0,0,0,98000,0,98000,98000
061742,奇鋐凱基9B購01  ,0,0,0,0,0,0,0,0,0,98000,0,0,0,218000,120000,98000,98000
063174,臺股指中信01購04,0,0,0,0,0,0,0,0,0,98000,0,0,0,105000,7000,98000,98000
062645,國巨國泰9B購08  ,0,0,0,0,0,0,0,0,0,98000,0,0,0,108000,10000,98000,98000
062019,嘉澤永豐9B購01  ,0,0,0,0,0,0,0,0,0,98000,0,0,0,98000,0,98000,98000
2348,海悅            ,170000,132000,38000,0,0,0,0,0,0,59000,16000,6000,10000,49000,0,49000,97000
08326P,臺股指凱基9C售09,0,0,0,0,0,0,0,0,0,97000,0,0,0,375000,278000,97000,97000
07815P,美律群益9A售04  ,0,0,0,0,0,0,0,0,0,97000,0,0,0,97000,0,97000,97000
055763,鎧勝群益97購01  ,0,0,0,0,0,0,0,0,0,97000,0,0,0,214000,117000,97000,97000
062634,玉晶光國票9B購03,0,0,0,0,0,0,0,0,0,97000,0,0,0,99000,2000,97000,97000
063584,南六國泰01購01  ,0,0,0,0,0,0,0,0,0,97000,0,0,0,97000,0,97000,97000
063971,健鼎國票01購01  ,0,0,0,0,0,0,0,0,0,97000,0,0,0,173000,76000,97000,97000
6230,超眾            ,185000,100000,85000,0,0,0,0,0,0,12000,1000,0,1000,15000,4000,11000,97000
08363P,南亞科凱基01售01,0,0,0,0,0,0,0,0,0,96000,0,0,0,96000,0,96000,96000
08375P,聯電元富9C售02  ,0,0,0,0,0,0,0,0,0,96000,0,0,0,181000,85000,96000,96000
2634,漢翔            ,181000,89000,92000,0,0,0,0,0,0,4000,2000,0,2000,13000,11000,2000,96000
2425,承啟            ,183000,87000,96000,0,0,0,0,0,0,0,0,0,0,0,0,0,96000
064740,台光電國票01購01,0,0,0,0,0,0,0,0,0,96000,0,0,0,175000,79000,96000,96000
061146,台表科中信9A購02,0,0,0,0,0,0,0,0,0,96000,0,0,0,126000,30000,96000,96000
057656,大成鋼兆豐98購01,0,0,0,0,0,0,0,0,0,96000,0,0,0,296000,200000,96000,96000
058292,上銀凱基9A購01  ,0,0,0,0,0,0,0,0,0,96000,0,0,0,116000,20000,96000,96000
060920,超眾富邦9B購01  ,0,0,0,0,0,0,0,0,0,96000,0,0,0,217000,121000,96000,96000
063708,上銀凱基9B購06  ,0,0,0,0,0,0,0,0,0,96000,0,0,0,167000,71000,96000,96000
06296P,燿華元大98售01  ,0,0,0,0,0,0,0,0,0,96000,0,0,0,97000,1000,96000,96000
4526,東台            ,96000,5000,91000,0,0,0,0,0,0,5000,5000,0,5000,0,0,0,96000
06904P,TPK凱基98售03   ,0,0,0,0,0,0,0,0,0,95000,0,0,0,95000,0,95000,95000
060340,國巨統一01購02  ,0,0,0,0,0,0,0,0,0,95000,0,0,0,110000,15000,95000,95000
060989,國泰金元大9A購02,0,0,0,0,0,0,0,0,0,95000,0,0,0,110000,15000,95000,95000
061355,康友元大9A購03  ,0,0,0,0,0,0,0,0,0,95000,0,0,0,97000,2000,95000,95000
058674,宏達電群益99購01,0,0,0,0,0,0,0,0,0,95000,0,0,0,126000,31000,95000,95000
064129,新日興元大9C購02,0,0,0,0,0,0,0,0,0,95000,0,0,0,164000,69000,95000,95000
063082,瑞昱凱基9B購04  ,0,0,0,0,0,0,0,0,0,95000,0,0,0,257000,162000,95000,95000
00678,群益NBI生技     ,56000,0,56000,0,0,0,0,0,0,38000,0,0,0,38000,0,38000,94000
056383,上銀國泰99購01  ,0,0,0,0,0,0,0,0,0,94000,0,0,0,94000,0,94000,94000
061752,瑞昱台新9B購01  ,0,0,0,0,0,0,0,0,0,94000,0,0,0,131000,37000,94000,94000
063755,上銀統一9C購03  ,0,0,0,0,0,0,0,0,0,94000,0,0,0,148000,54000,94000,94000
062701,漢唐元大9B購01  ,0,0,0,0,0,0,0,0,0,94000,0,0,0,176000,82000,94000,94000
062020,智伸科永豐9B購01,0,0,0,0,0,0,0,0,0,94000,0,0,0,251000,157000,94000,94000
062030,旭富群益9B購01  ,0,0,0,0,0,0,0,0,0,94000,0,0,0,103000,9000,94000,94000
5243,乙盛-KY         ,142000,51000,91000,0,0,0,0,0,0,3000,3000,0,3000,0,0,0,94000
07164P,臺股指群益99售15,0,0,0,0,0,0,0,0,0,93000,0,0,0,329000,236000,93000,93000
2450,神腦            ,110000,20000,90000,0,0,0,0,0,0,3000,3000,0,3000,0,0,0,93000
1712,興農            ,173000,80000,93000,0,0,0,0,0,0,0,0,0,0,0,0,0,93000
3588,通嘉            ,203000,110000,93000,0,0,0,0,0,0,0,0,0,0,0,0,0,93000
2233,宇隆            ,96000,10000,86000,0,0,0,5000,0,5000,1000,1000,0,1000,0,0,0,92000
2504,國產            ,417000,79000,338000,0,0,0,0,0,0,-246000,2000,0,2000,57000,305000,-248000,92000
056120,聯茂群益97購02  ,0,0,0,0,0,0,0,0,0,92000,0,0,0,92000,0,92000,92000
061074,儒鴻兆豐9B購01  ,0,0,0,0,0,0,0,0,0,92000,0,0,0,162000,70000,92000,92000
062177,上銀元大9B購02  ,0,0,0,0,0,0,0,0,0,92000,0,0,0,92000,0,92000,92000
063220,建準群益9B購01  ,0,0,0,0,0,0,0,0,0,92000,0,0,0,351000,259000,92000,92000
063488,金像電國泰01購01,0,0,0,0,0,0,0,0,0,92000,0,0,0,417000,325000,92000,92000
5288,豐祥-KY         ,95000,3000,92000,0,0,0,0,0,0,0,0,0,0,0,0,0,92000
08210P,健策元富9B售02  ,0,0,0,0,0,0,0,0,0,91000,0,0,0,233000,142000,91000,91000
07768P,緯穎群益9A售02  ,0,0,0,0,0,0,0,0,0,91000,0,0,0,126000,35000,91000,91000
07471P,南亞科元大9A售01,0,0,0,0,0,0,0,0,0,91000,0,0,0,100000,9000,91000,91000
061229,緯穎中信9B購01  ,0,0,0,0,0,0,0,0,0,91000,0,0,0,123000,32000,91000,91000
060962,義隆凱基9B購01  ,0,0,0,0,0,0,0,0,0,91000,0,0,0,140000,49000,91000,91000
059068,台虹國票9A購01  ,0,0,0,0,0,0,0,0,0,91000,0,0,0,110000,19000,91000,91000
062052,華通統一01購01  ,0,0,0,0,0,0,0,0,0,91000,0,0,0,105000,14000,91000,91000
062881,緯創兆豐9C購01  ,0,0,0,0,0,0,0,0,0,91000,0,0,0,138000,47000,91000,91000
06746P,聯發科群益99售02,0,0,0,0,0,0,0,0,0,90000,0,0,0,95000,5000,90000,90000
07951P,智邦元大9B售05  ,0,0,0,0,0,0,0,0,0,90000,0,0,0,95000,5000,90000,90000
061125,億光永豐9A購01  ,0,0,0,0,0,0,0,0,0,90000,0,0,0,120000,30000,90000,90000
057493,聯詠元大98購02  ,0,0,0,0,0,0,0,0,0,90000,0,0,0,125000,35000,90000,90000
056851,瑞儀元富98購01  ,0,0,0,0,0,0,0,0,0,90000,0,0,0,90000,0,90000,90000
00770,國泰北美科技    ,14000,0,14000,0,0,0,0,0,0,76000,0,0,0,88000,12000,76000,90000
057669,嘉晶元大99購03  ,0,0,0,0,0,0,0,0,0,90000,0,0,0,90000,0,90000,90000
056683,台積電統一98購05,0,0,0,0,0,0,0,0,0,90000,0,0,0,155000,65000,90000,90000
058382,S&P500中信99購01,0,0,0,0,0,0,0,0,0,90000,0,0,0,100000,10000,90000,90000
058809,國巨統一9B購03  ,0,0,0,0,0,0,0,0,0,90000,0,0,0,112000,22000,90000,90000
058910,泰鼎元大99購03  ,0,0,0,0,0,0,0,0,0,90000,0,0,0,121000,31000,90000,90000
061223,T50反1中信01購01,0,0,0,0,0,0,0,0,0,90000,0,0,0,100000,10000,90000,90000
058136,景碩元大99購02  ,0,0,0,0,0,0,0,0,0,90000,0,0,0,349000,259000,90000,90000
058250,台虹元大99購01  ,0,0,0,0,0,0,0,0,0,90000,0,0,0,100000,10000,90000,90000
061164,燿華兆豐9B購01  ,0,0,0,0,0,0,0,0,0,90000,0,0,0,300000,210000,90000,90000
062815,聯發科兆豐9B購03,0,0,0,0,0,0,0,0,0,90000,0,0,0,90000,0,90000,90000
062444,大立光元大9C購01,0,0,0,0,0,0,0,0,0,90000,0,0,0,100000,10000,90000,90000
062279,晶豪科群益9B購01,0,0,0,0,0,0,0,0,0,90000,0,0,0,103000,13000,90000,90000
062242,臺指反元大02購03,0,0,0,0,0,0,0,0,0,90000,0,0,0,90000,0,90000,90000
063548,同欣電兆豐9B購01,0,0,0,0,0,0,0,0,0,90000,0,0,0,90000,0,90000,90000
056963,建準永豐98購01  ,0,0,0,0,0,0,0,0,0,89000,0,0,0,137000,48000,89000,89000
060890,大立光統一01購01,0,0,0,0,0,0,0,0,0,89000,0,0,0,108000,19000,89000,89000
062178,上銀元大9B購03  ,0,0,0,0,0,0,0,0,0,89000,0,0,0,102000,13000,89000,89000
1325,恆大            ,459000,379000,80000,0,0,0,15000,0,15000,-7000,9000,20000,-11000,4000,0,4000,88000
00703,台新MSCI中國    ,1000,0,1000,0,0,0,0,0,0,87000,0,0,0,98000,11000,87000,88000
060959,金像電凱基9A購01,0,0,0,0,0,0,0,0,0,88000,0,0,0,321000,233000,88000,88000
062427,嘉澤統一01購01  ,0,0,0,0,0,0,0,0,0,88000,0,0,0,135000,47000,88000,88000
1592,英瑞-KY         ,305000,218000,87000,0,0,0,0,0,0,0,0,0,0,0,0,0,87000
2316,楠梓電          ,435000,424000,11000,0,0,0,0,0,0,76000,38000,10000,28000,48000,0,48000,87000
2405,浩鑫            ,89000,2000,87000,0,0,0,0,0,0,0,0,0,0,0,0,0,87000
2617,台航            ,164000,79000,85000,0,0,0,0,0,0,2000,2000,0,2000,0,0,0,87000
06627P,華新科元富99售01,0,0,0,0,0,0,0,0,0,87000,0,0,0,93000,6000,87000,87000
055716,致茂元大97購01  ,0,0,0,0,0,0,0,0,0,87000,0,0,0,109000,22000,87000,87000
058969,亞德客永豐99購01,0,0,0,0,0,0,0,0,0,87000,0,0,0,139000,52000,87000,87000
064744,創意國票01購02  ,0,0,0,0,0,0,0,0,0,86000,0,0,0,210000,124000,86000,86000
064728,健策統一9C購04  ,0,0,0,0,0,0,0,0,0,86000,0,0,0,134000,48000,86000,86000
07953P,健策元大9B售07  ,0,0,0,0,0,0,0,0,0,86000,0,0,0,113000,27000,86000,86000
056356,台積電元大99購01,0,0,0,0,0,0,0,0,0,86000,0,0,0,152000,66000,86000,86000
057354,聯鈞統一99購03  ,0,0,0,0,0,0,0,0,0,86000,0,0,0,125000,39000,86000,86000
058472,亞德客凱基9A購01,0,0,0,0,0,0,0,0,0,86000,0,0,0,207000,121000,86000,86000
062801,宏達電統一01購01,0,0,0,0,0,0,0,0,0,86000,0,0,0,505000,419000,86000,86000
061449,大立光中信9C購02,0,0,0,0,0,0,0,0,0,86000,0,0,0,86000,0,86000,86000
064157,健鼎統一01購02  ,0,0,0,0,0,0,0,0,0,86000,0,0,0,122000,36000,86000,86000
8422,可寧衛          ,81000,35000,46000,0,0,0,42000,3000,39000,1000,3000,2000,1000,0,0,0,86000
2923,鼎固-KY         ,91000,5422,85578,0,0,0,0,0,0,0,0,0,0,0,0,0,85578
08276P,可成元富9C售02  ,0,0,0,0,0,0,0,0,0,85000,0,0,0,102000,17000,85000,85000
064575,鈺齊群益9C購01  ,0,0,0,0,0,0,0,0,0,85000,0,0,0,85000,0,85000,85000
064248,億光元富9C購01  ,0,0,0,0,0,0,0,0,0,85000,0,0,0,185000,100000,85000,85000
051078,力山富邦97購01  ,0,0,0,0,0,0,0,0,0,85000,0,0,0,85000,0,85000,85000
057534,旭富元大98購01  ,0,0,0,0,0,0,0,0,0,85000,0,0,0,134000,49000,85000,85000
057767,緯穎凱基98購06  ,60000,0,60000,0,0,0,0,0,0,25000,0,0,0,107000,82000,25000,85000
058327,大毅統一9B購01  ,0,0,0,0,0,0,0,0,0,85000,0,0,0,313000,228000,85000,85000
064088,大立光凱基02購01,0,0,0,0,0,0,0,0,0,85000,0,0,0,85000,0,85000,85000
064064,義隆富邦03購01  ,0,0,0,0,0,0,0,0,0,85000,0,0,0,87000,2000,85000,85000
063798,台積電凱基02購03,0,0,0,0,0,0,0,0,0,85000,0,0,0,293000,208000,85000,85000
063587,漢唐永豐9B購02  ,0,0,0,0,0,0,0,0,0,85000,0,0,0,211000,126000,85000,85000
3015,全漢            ,111000,28603,82397,0,0,0,0,0,0,2000,2000,0,2000,0,0,0,84397
3018,同開            ,92000,10000,82000,0,0,0,0,0,0,2000,2000,0,2000,0,0,0,84000
054532,強茂國泰98購01  ,0,0,0,0,0,0,0,0,0,84000,0,0,0,87000,3000,84000,84000
020000,富邦特選蘋果N   ,0,0,0,0,0,0,0,0,0,84000,0,0,0,1579000,1495000,84000,84000
057118,欣興日盛9A購01  ,0,0,0,0,0,0,0,0,0,84000,0,0,0,349000,265000,84000,84000
057092,健策元富98購01  ,0,0,0,0,0,0,0,0,0,84000,0,0,0,87000,3000,84000,84000
061764,旺宏元大9B購01  ,0,0,0,0,0,0,0,0,0,84000,0,0,0,216000,132000,84000,84000
060454,葡萄王元大9A購01,0,0,0,0,0,0,0,0,0,84000,0,0,0,144000,60000,84000,84000
060614,T50反1元大9A購06,0,0,0,0,0,0,0,0,0,84000,0,0,0,84000,0,84000,84000
064158,健鼎統一02購01  ,0,0,0,0,0,0,0,0,0,84000,0,0,0,104000,20000,84000,84000
061664,上銀中信9A購01  ,0,0,0,0,0,0,0,0,0,84000,0,0,0,84000,0,84000,84000
06278P,臺股指凱基97售10,0,0,0,0,0,0,0,0,0,84000,0,0,0,84000,0,84000,84000
062849,中興電永豐9B購02,0,0,0,0,0,0,0,0,0,84000,0,0,0,144000,60000,84000,84000
6706,惠特            ,187000,104000,83000,0,0,0,1000,0,1000,0,0,0,0,0,0,0,84000
3033,威健            ,87000,14000,73000,0,0,0,0,0,0,10000,10000,0,10000,0,0,0,83000
057109,信邦群益98購01  ,0,0,0,0,0,0,0,0,0,83000,0,0,0,83000,0,83000,83000
058788,喬山元大99購01  ,0,0,0,0,0,0,0,0,0,83000,0,0,0,93000,10000,83000,83000
059864,亞德客凱基99購01,0,0,0,0,0,0,0,0,0,83000,0,0,0,93000,10000,83000,83000
060884,超眾中信9B購01  ,0,0,0,0,0,0,0,0,0,83000,0,0,0,85000,2000,83000,83000
2546,根基            ,99000,9000,90000,0,0,0,0,0,0,-8000,1000,9000,-8000,0,0,0,82000
08177P,金像電元大9B售02,0,0,0,0,0,0,0,0,0,82000,0,0,0,90000,8000,82000,82000
07731P,臺股指凱基9A售28,0,0,0,0,0,0,0,0,0,82000,0,0,0,294000,212000,82000,82000
064276,聯發科元大9C購07,0,0,0,0,0,0,0,0,0,82000,0,0,0,182000,100000,82000,82000
055973,亞德客統一97購01,0,0,0,0,0,0,0,0,0,82000,0,0,0,419000,337000,82000,82000
056101,光磊永豐98購01  ,0,0,0,0,0,0,0,0,0,82000,0,0,0,82000,0,82000,82000
058070,華新科凱基98購07,0,0,0,0,0,0,0,0,0,82000,0,0,0,152000,70000,82000,82000
061706,旭富國票9A購02  ,0,0,0,0,0,0,0,0,0,82000,0,0,0,109000,27000,82000,82000
058399,美律元大99購05  ,0,0,0,0,0,0,0,0,0,82000,0,0,0,82000,0,82000,82000
062433,上銀元大9B購05  ,0,0,0,0,0,0,0,0,0,82000,0,0,0,82000,0,82000,82000
062277,廣達群益9B購01  ,0,0,0,0,0,0,0,0,0,82000,0,0,0,102000,20000,82000,82000
08401P,玉晶光元富9C售04,0,0,0,0,0,0,0,0,0,81000,0,0,0,102000,21000,81000,81000
08436P,TPK群益9C售04   ,0,0,0,0,0,0,0,0,0,81000,0,0,0,81000,0,81000,81000
1104,環泥            ,106000,28000,78000,0,0,0,0,0,0,3000,3000,0,3000,0,0,0,81000
055619,同欣電國票98購02,0,0,0,0,0,0,0,0,0,81000,0,0,0,103000,22000,81000,81000
057574,中磊永豐98購01  ,0,0,0,0,0,0,0,0,0,81000,0,0,0,81000,0,81000,81000
059534,國泰金凱基99購01,0,0,0,0,0,0,0,0,0,81000,0,0,0,87000,6000,81000,81000
061394,FBVIX統一9B購01 ,0,0,0,0,0,0,0,0,0,81000,0,0,0,110000,29000,81000,81000
063964,瑞昱國票01購01  ,0,0,0,0,0,0,0,0,0,81000,0,0,0,82000,1000,81000,81000
1321,大洋            ,87000,7000,80000,0,0,0,0,0,0,0,0,0,0,0,0,0,80000
07626P,台灣50凱基04售07,0,0,0,0,0,0,0,0,0,80000,0,0,0,90000,10000,80000,80000
06644P,亞德客元大98售03,0,0,0,0,0,0,0,0,0,80000,0,0,0,110000,30000,80000,80000
06592P,欣興元大98售04  ,0,0,0,0,0,0,0,0,0,80000,0,0,0,210000,130000,80000,80000
06770P,台灣50第一9C售01,0,0,0,0,0,0,0,0,0,80000,0,0,0,80000,0,80000,80000
07208P,台積電凱基99售14,0,0,0,0,0,0,0,0,0,80000,0,0,0,145000,65000,80000,80000
054037,T50反1元大96購09,0,0,0,0,0,0,0,0,0,80000,0,0,0,80000,0,80000,80000
057523,大成鋼元大99購01,0,0,0,0,0,0,0,0,0,80000,0,0,0,120000,40000,80000,80000
061429,南六元大9A購02  ,0,0,0,0,0,0,0,0,0,80000,0,0,0,84000,4000,80000,80000
06083P,華通統一98售02  ,0,0,0,0,0,0,0,0,0,80000,0,0,0,80000,0,80000,80000
060415,葡萄王永豐9A購01,0,0,0,0,0,0,0,0,0,80000,0,0,0,90000,10000,80000,80000
059906,臺指反元大9C購04,0,0,0,0,0,0,0,0,0,80000,0,0,0,80000,0,80000,80000
060228,亞德客元大9A購01,0,0,0,0,0,0,0,0,0,80000,0,0,0,114000,34000,80000,80000
057892,上証2X元富02購01,0,0,0,0,0,0,0,0,0,80000,0,0,0,80000,0,80000,80000
06067P,華新科康和97售01,0,0,0,0,0,0,0,0,0,80000,0,0,0,240000,160000,80000,80000
061441,大毅永豐9A購04  ,0,0,0,0,0,0,0,0,0,80000,0,0,0,80000,0,80000,80000
061612,南六統一9A購01  ,0,0,0,0,0,0,0,0,0,80000,0,0,0,215000,135000,80000,80000
062364,瑞昱元大9B購04  ,0,0,0,0,0,0,0,0,0,80000,0,0,0,102000,22000,80000,80000
062796,技嘉統一9C購01  ,0,0,0,0,0,0,0,0,0,80000,0,0,0,316000,236000,80000,80000
064392,喬山永豐9C購01  ,0,0,0,0,0,0,0,0,0,79000,0,0,0,79000,0,79000,79000
08331P,義隆元富9C售02  ,0,0,0,0,0,0,0,0,0,79000,0,0,0,184000,105000,79000,79000
2062,橋椿            ,85000,6000,79000,0,0,0,0,0,0,0,1000,1000,0,0,0,0,79000
061150,國巨群益9A購09  ,0,0,0,0,0,0,0,0,0,79000,0,0,0,84000,5000,79000,79000
061151,友訊群益9A購01  ,0,0,0,0,0,0,0,0,0,79000,0,0,0,79000,0,79000,79000
055627,亞德客永豐97購02,0,0,0,0,0,0,0,0,0,79000,0,0,0,79000,0,79000,79000
060616,宏碁元大9A購02  ,0,0,0,0,0,0,0,0,0,79000,0,0,0,134000,55000,79000,79000
060807,新光金群益9A購01,0,0,0,0,0,0,0,0,0,79000,0,0,0,100000,21000,79000,79000
061896,景碩永豐9B購01  ,0,0,0,0,0,0,0,0,0,79000,0,0,0,272000,193000,79000,79000
063887,香港2X中信02購01,0,0,0,0,0,0,0,0,0,79000,0,0,0,95000,16000,79000,79000
063222,群創群益9B購03  ,0,0,0,0,0,0,0,0,0,79000,0,0,0,90000,11000,79000,79000
4104,佳醫            ,110000,31000,79000,0,0,0,0,0,0,0,0,0,0,0,0,0,79000
2031,新光鋼          ,159000,81000,78000,0,0,0,0,0,0,0,1000,1000,0,0,0,0,78000
2109,華豐            ,123000,45000,78000,0,0,0,0,0,0,0,0,0,0,0,0,0,78000
2706,第一店          ,79000,2000,77000,0,0,0,0,0,0,1000,1000,0,1000,0,0,0,78000
08387P,臺股指群益9C售15,0,0,0,0,0,0,0,0,0,78000,0,0,0,220000,142000,78000,78000
057704,台虹群益98購03  ,0,0,0,0,0,0,0,0,0,78000,0,0,0,78000,0,78000,78000
053972,華新科元大96購06,0,0,0,0,0,0,0,0,0,78000,0,0,0,78000,0,78000,78000
00866,新光Shiller CAPE,0,0,0,0,0,0,0,0,0,78000,0,0,0,104000,26000,78000,78000
057862,智邦凱基99購01  ,0,0,0,0,0,0,0,0,0,78000,0,0,0,80000,2000,78000,78000
060850,康友國票9A購03  ,0,0,0,0,0,0,0,0,0,78000,0,0,0,78000,0,78000,78000
063310,和大群益9B購02  ,0,0,0,0,0,0,0,0,0,78000,0,0,0,178000,100000,78000,78000
06377P,華通統一97售04  ,0,0,0,0,0,0,0,0,0,78000,0,0,0,78000,0,78000,78000
062835,瑞儀群益9B購01  ,0,0,0,0,0,0,0,0,0,78000,0,0,0,130000,52000,78000,78000
08367P,臺股指凱基9C售11,0,0,0,0,0,0,0,0,0,77000,0,0,0,232000,155000,77000,77000
3050,鈺德            ,74000,3000,71000,0,0,0,0,0,0,6000,6000,0,6000,0,0,0,77000
049024,玉晶光群益97購01,0,0,0,0,0,0,0,0,0,77000,0,0,0,80000,3000,77000,77000
057636,上銀元大98購06  ,0,0,0,0,0,0,0,0,0,77000,0,0,0,97000,20000,77000,77000
054623,華新科第一97購01,0,0,0,0,0,0,0,0,0,77000,0,0,0,77000,0,77000,77000
059219,旺宏元大99購12  ,0,0,0,0,0,0,0,0,0,77000,0,0,0,106000,29000,77000,77000
062196,聯發科中信01購02,0,0,0,0,0,0,0,0,0,77000,0,0,0,89000,12000,77000,77000
063890,正隆群益9C購01  ,0,0,0,0,0,0,0,0,0,77000,0,0,0,175000,98000,77000,77000
063938,上銀元大9C購03  ,0,0,0,0,0,0,0,0,0,77000,0,0,0,102000,25000,77000,77000
064019,上銀元大9C購05  ,0,0,0,0,0,0,0,0,0,77000,0,0,0,143000,66000,77000,77000
4306,炎洲            ,115000,49000,66000,0,0,0,0,0,0,11000,29000,18000,11000,0,0,0,77000
08074P,緯穎元富9B售02  ,0,0,0,0,0,0,0,0,0,76000,0,0,0,96000,20000,76000,76000
06893P,致新元富98售02  ,0,0,0,0,0,0,0,0,0,76000,0,0,0,90000,14000,76000,76000
054563,泰碩群益99購01  ,0,0,0,0,0,0,0,0,0,76000,0,0,0,196000,120000,76000,76000
055288,日電貿元大97購02,0,0,0,0,0,0,0,0,0,76000,0,0,0,76000,0,76000,76000
05524P,瀚宇博國票97售02,0,0,0,0,0,0,0,0,0,76000,0,0,0,76000,0,76000,76000
060746,玉晶光國票9B購02,0,0,0,0,0,0,0,0,0,76000,0,0,0,76000,0,76000,76000
064196,健策群益01購01  ,0,0,0,0,0,0,0,0,0,76000,0,0,0,76000,0,76000,76000
063610,儒鴻群益9B購02  ,0,0,0,0,0,0,0,0,0,76000,0,0,0,109000,33000,76000,76000
061972,華新元大9B購01  ,0,0,0,0,0,0,0,0,0,76000,0,0,0,211000,135000,76000,76000
07162P,臺股指群益99售13,0,0,0,0,0,0,0,0,0,75000,0,0,0,440000,365000,75000,75000
064547,宏達電凱基9C購01,0,0,0,0,0,0,0,0,0,75000,0,0,0,256000,181000,75000,75000
08086P,燿華凱基9B售03  ,0,0,0,0,0,0,0,0,0,75000,0,0,0,145000,70000,75000,75000
08319P,台積電統一9C售11,0,0,0,0,0,0,0,0,0,75000,0,0,0,75000,0,75000,75000
054791,泰碩群益99購02  ,0,0,0,0,0,0,0,0,0,75000,0,0,0,80000,5000,75000,75000
053353,玉晶光兆豐97購03,0,0,0,0,0,0,0,0,0,75000,0,0,0,75000,0,75000,75000
058513,宏達電元大99購05,0,0,0,0,0,0,0,0,0,75000,0,0,0,171000,96000,75000,75000
061035,亞光永豐9A購01  ,0,0,0,0,0,0,0,0,0,75000,0,0,0,75000,0,75000,75000
059882,臺股指凱基9C購06,0,0,0,0,0,0,0,0,0,75000,0,0,0,115000,40000,75000,75000
061195,健策永豐9B購02  ,0,0,0,0,0,0,0,0,0,75000,0,0,0,75000,0,75000,75000
061503,臻鼎國票9B購01  ,0,0,0,0,0,0,0,0,0,75000,0,0,0,78000,3000,75000,75000
062810,華通兆豐9B購02  ,0,0,0,0,0,0,0,0,0,75000,0,0,0,85000,10000,75000,75000
062593,健策統一9B購03  ,0,0,0,0,0,0,0,0,0,75000,0,0,0,80000,5000,75000,75000
063413,台積電麥證01購01,0,0,0,75000,0,75000,0,0,0,75000,0,0,0,75000,0,75000,75000
3062,建漢            ,323000,255000,68000,0,0,0,0,0,0,6000,6000,0,6000,0,0,0,74000
064510,GIS元大01購01   ,0,0,0,0,0,0,0,0,0,74000,0,0,0,74000,0,74000,74000
064680,創意兆豐01購01  ,0,0,0,0,0,0,0,0,0,74000,0,0,0,85000,11000,74000,74000
056477,欣興元大98購02  ,0,0,0,0,0,0,0,0,0,74000,0,0,0,75000,1000,74000,74000
058010,帆宣國票98購01  ,0,0,0,0,0,0,0,0,0,74000,0,0,0,78000,4000,74000,74000
059075,FBVIX元大99購01 ,0,0,0,0,0,0,0,0,0,74000,0,0,0,79000,5000,74000,74000
061867,旺宏元大9B購02  ,0,0,0,0,0,0,0,0,0,74000,0,0,0,128000,54000,74000,74000
062197,聯發科中信01購03,0,0,0,0,0,0,0,0,0,74000,0,0,0,96000,22000,74000,74000
4141,龍燈-KY         ,83000,9000,74000,0,0,0,0,0,0,0,0,0,0,0,0,0,74000
5519,隆大            ,101000,29000,72000,0,0,0,0,0,0,2000,2000,0,2000,0,0,0,74000
8104,錸寶            ,95000,20000,75000,0,0,0,0,0,0,-1000,0,1000,-1000,0,0,0,74000
060628,和大富邦9B購01  ,0,0,0,0,0,0,0,0,0,73000,0,0,0,85000,12000,73000,73000
057720,日電貿元富98購01,0,0,0,0,0,0,0,0,0,73000,0,0,0,73000,0,73000,73000
060077,台積電台新9B購01,0,0,0,0,0,0,0,0,0,73000,0,0,0,74000,1000,73000,73000
057941,聯電國票99購01  ,0,0,0,0,0,0,0,0,0,73000,0,0,0,73000,0,73000,73000
061257,上銀凱基9A購06  ,0,0,0,0,0,0,0,0,0,73000,0,0,0,73000,0,73000,73000
2239,英利-KY         ,133000,61000,72000,0,0,0,0,0,0,0,0,0,0,0,0,0,72000
056894,佳世達元大99購01,0,0,0,0,0,0,0,0,0,72000,0,0,0,72000,0,72000,72000
057954,宏碁元大99購01  ,0,0,0,0,0,0,0,0,0,72000,0,0,0,103000,31000,72000,72000
062915,嘉澤元大9B購03  ,0,0,0,0,0,0,0,0,0,72000,0,0,0,132000,60000,72000,72000
058544,FBVIX富邦9B購01 ,0,0,0,0,0,0,0,0,0,71000,0,0,0,108000,37000,71000,71000
053736,友達麥證96購01  ,0,0,0,71000,0,71000,0,0,0,71000,0,0,0,71000,0,71000,71000
055188,亞翔統一97購01  ,0,0,0,0,0,0,0,0,0,71000,0,0,0,71000,0,71000,71000
061262,智邦凱基9A購02  ,0,0,0,0,0,0,0,0,0,71000,0,0,0,71000,0,71000,71000
058691,友訊國票9A購01  ,0,0,0,0,0,0,0,0,0,71000,0,0,0,100000,29000,71000,71000
062229,南六統一9B購01  ,0,0,0,0,0,0,0,0,0,71000,0,0,0,71000,0,71000,71000
062116,元金2X第一9B購01,0,0,0,0,0,0,0,0,0,71000,0,0,0,71000,0,71000,71000
064077,台積電中信06購03,0,0,0,0,0,0,0,0,0,71000,0,0,0,82000,11000,71000,71000
4576,大銀微系統      ,105000,34000,71000,0,0,0,0,0,0,0,0,0,0,0,0,0,71000
08341P,國泰金台新9C售01,0,0,0,0,0,0,0,0,0,70000,0,0,0,133000,63000,70000,70000
08088P,義隆凱基9B售03  ,0,0,0,0,0,0,0,0,0,70000,0,0,0,100000,30000,70000,70000
08201P,祥碩元大9B售09  ,0,0,0,0,0,0,0,0,0,70000,0,0,0,105000,35000,70000,70000
07241P,台灣50國票9A售05,0,0,0,0,0,0,0,0,0,70000,0,0,0,70000,0,70000,70000
07454P,台積電元大9A售06,0,0,0,0,0,0,0,0,0,70000,0,0,0,70000,0,70000,70000
06983P,台積電國泰9A售02,0,0,0,0,0,0,0,0,0,70000,0,0,0,71000,1000,70000,70000
06510P,燿華永豐98售03  ,0,0,0,0,0,0,0,0,0,70000,0,0,0,70000,0,70000,70000
06517P,國巨凱基98售09  ,0,0,0,0,0,0,0,0,0,70000,0,0,0,90000,20000,70000,70000
052046,漢唐凱基96購01  ,0,0,0,0,0,0,0,0,0,70000,0,0,0,70000,0,70000,70000
054451,上銀亞東98購01  ,0,0,0,0,0,0,0,0,0,70000,0,0,0,70000,0,70000,70000
054835,致新中信97購01  ,0,0,0,0,0,0,0,0,0,70000,0,0,0,70000,0,70000,70000
056658,美食元大98購01  ,0,0,0,0,0,0,0,0,0,70000,0,0,0,171000,101000,70000,70000
056668,光磊國票99購01  ,0,0,0,0,0,0,0,0,0,70000,0,0,0,70000,0,70000,70000
061086,FBVIX統一01購01 ,0,0,0,0,0,0,0,0,0,70000,0,0,0,70000,0,70000,70000
055951,大成鋼元大97購02,0,0,0,0,0,0,0,0,0,70000,0,0,0,140000,70000,70000,70000
059680,台積電國泰9A購03,0,0,0,0,0,0,0,0,0,70000,0,0,0,75000,5000,70000,70000
060604,宏達電凱基9B購01,0,0,0,0,0,0,0,0,0,70000,0,0,0,162000,92000,70000,70000
058781,康友國票9A購01  ,0,0,0,0,0,0,0,0,0,70000,0,0,0,70000,0,70000,70000
05875P,旺宏群益98售01  ,0,0,0,0,0,0,0,0,0,70000,0,0,0,70000,0,70000,70000
061030,喬山永豐9A購01  ,0,0,0,0,0,0,0,0,0,70000,0,0,0,76000,6000,70000,70000
058996,台達電元大99購02,0,0,0,0,0,0,0,0,0,70000,0,0,0,74000,4000,70000,70000
064035,GIS元大9C購03   ,0,0,0,0,0,0,0,0,0,70000,0,0,0,80000,10000,70000,70000
063287,嘉澤元大9B購05  ,0,0,0,0,0,0,0,0,0,70000,0,0,0,100000,30000,70000,70000
061648,緯穎元大9A購04  ,0,0,0,0,0,0,0,0,0,70000,0,0,0,70000,0,70000,70000
6155,鈞寶            ,89000,17000,72000,0,0,0,0,0,0,-2000,1000,3000,-2000,0,0,0,70000
6277,宏正            ,81000,11000,70000,0,0,0,0,0,0,0,0,0,0,0,0,0,70000
07122P,欣興凱基99售05  ,0,0,0,0,0,0,0,0,0,69000,0,0,0,99000,30000,69000,69000
064754,漢唐凱基02購01  ,0,0,0,0,0,0,0,0,0,69000,0,0,0,110000,41000,69000,69000
08389P,技嘉國票9C售01  ,0,0,0,0,0,0,0,0,0,69000,0,0,0,69000,0,69000,69000
3011,今皓            ,90000,21000,69000,0,0,0,0,0,0,0,0,0,0,0,0,0,69000
055933,欣興群益98購02  ,0,0,0,0,0,0,0,0,0,69000,0,0,0,86000,17000,69000,69000
052077,可成元富98購02  ,0,0,0,0,0,0,0,0,0,69000,0,0,0,70000,1000,69000,69000
060422,台勝科永豐9A購01,0,0,0,0,0,0,0,0,0,69000,0,0,0,116000,47000,69000,69000
058473,上銀凱基9A購03  ,0,0,0,0,0,0,0,0,0,69000,0,0,0,69000,0,69000,69000
06243P,亞光元富97售01  ,0,0,0,0,0,0,0,0,0,69000,0,0,0,69000,0,69000,69000
063263,高鐵永豐9B購01  ,0,0,0,0,0,0,0,0,0,69000,0,0,0,69000,0,69000,69000
063179,群創兆豐9B購01  ,0,0,0,0,0,0,0,0,0,69000,0,0,0,77000,8000,69000,69000
063171,光寶科中信9B購01,0,0,0,0,0,0,0,0,0,69000,0,0,0,221000,152000,69000,69000
063556,儒鴻元大9B購02  ,0,0,0,0,0,0,0,0,0,69000,0,0,0,74000,5000,69000,69000
2852,第一保          ,68000,0,68000,0,0,0,0,0,0,0,0,0,0,0,0,0,68000
1474,弘裕            ,262000,194000,68000,0,0,0,0,0,0,0,0,0,0,0,0,0,68000
08238P,嘉晶永豐9B售03  ,0,0,0,0,0,0,0,0,0,68000,0,0,0,68000,0,68000,68000
08241P,微星中信06售01  ,0,0,0,0,0,0,0,0,0,68000,0,0,0,68000,0,68000,68000
06933P,禾伸堂元大98售03,0,0,0,0,0,0,0,0,0,68000,0,0,0,83000,15000,68000,68000
052654,友達統一97購01  ,0,0,0,0,0,0,0,0,0,68000,0,0,0,68000,0,68000,68000
056655,旺宏元大99購02  ,0,0,0,0,0,0,0,0,0,68000,0,0,0,75000,7000,68000,68000
056308,TPK元大97購02   ,0,0,0,0,0,0,0,0,0,68000,0,0,0,68000,0,68000,68000
060718,中磊永豐9A購01  ,0,0,0,0,0,0,0,0,0,68000,0,0,0,115000,47000,68000,68000
060674,瑞昱元大9A購03  ,0,0,0,0,0,0,0,0,0,68000,0,0,0,110000,42000,68000,68000
060759,南亞科元大9A購03,0,0,0,0,0,0,0,0,0,68000,0,0,0,78000,10000,68000,68000
063162,國喬永豐9B購01  ,0,0,0,0,0,0,0,0,0,68000,0,0,0,68000,0,68000,68000
063077,巨大永豐9B購03  ,0,0,0,0,0,0,0,0,0,68000,0,0,0,68000,0,68000,68000
063303,聯發科凱基9B購14,0,0,0,0,0,0,0,0,0,68000,0,0,0,68000,0,68000,68000
064074,南茂永豐9C購01  ,0,0,0,0,0,0,0,0,0,68000,0,0,0,68000,0,68000,68000
061899,復盛永豐9B購01  ,0,0,0,0,0,0,0,0,0,68000,0,0,0,68000,0,68000,68000
062018,台勝科永豐9B購01,0,0,0,0,0,0,0,0,0,68000,0,0,0,68000,0,68000,68000
6449,鈺邦            ,74000,3000,71000,0,0,0,0,0,0,-3000,0,3000,-3000,0,0,0,68000
9955,佳龍            ,76000,8000,68000,0,0,0,0,0,0,0,0,0,0,0,0,0,68000
07270P,台灣50元大01售09,0,0,0,0,0,0,0,0,0,67000,0,0,0,102000,35000,67000,67000
064645,義隆凱基03購01  ,0,0,0,0,0,0,0,0,0,67000,0,0,0,100000,33000,67000,67000
08256P,台積電元大9C售02,0,0,0,0,0,0,0,0,0,67000,0,0,0,177000,110000,67000,67000
08234P,華擎元富9B售03  ,0,0,0,0,0,0,0,0,0,67000,0,0,0,82000,15000,67000,67000
07975P,國巨元大9B售15  ,0,0,0,0,0,0,0,0,0,67000,0,0,0,67000,0,67000,67000
1513,中興電          ,257000,114000,143000,0,0,0,0,0,0,-76000,2000,66000,-64000,0,12000,-12000,67000
05722P,玉晶光國票97售03,0,0,0,0,0,0,0,0,0,67000,0,0,0,1216000,1149000,67000,67000
060931,GIS永豐9A購01   ,0,0,0,0,0,0,0,0,0,67000,0,0,0,75000,8000,67000,67000
058104,國巨統一9A購04  ,0,0,0,0,0,0,0,0,0,67000,0,0,0,67000,0,67000,67000
062337,台表科統一01購01,0,0,0,0,0,0,0,0,0,67000,0,0,0,223000,156000,67000,67000
064076,台積電中信06購02,0,0,0,0,0,0,0,0,0,67000,0,0,0,82000,15000,67000,67000
2538,基泰            ,73000,9000,64000,0,0,0,0,0,0,2000,2000,0,2000,0,0,0,66000
07762P,聯發科永豐9A售03,0,0,0,0,0,0,0,0,0,66000,0,0,0,66000,0,66000,66000
08314P,國巨元大9C售14  ,0,0,0,0,0,0,0,0,0,66000,0,0,0,66000,0,66000,66000
08131P,立積元大9B售02  ,0,0,0,0,0,0,0,0,0,66000,0,0,0,72000,6000,66000,66000
08085P,華通凱基9B售04  ,0,0,0,0,0,0,0,0,0,66000,0,0,0,78000,12000,66000,66000
08059P,京鼎元大9B售02  ,0,0,0,0,0,0,0,0,0,66000,0,0,0,66000,0,66000,66000
058634,可成兆豐99購03  ,0,0,0,0,0,0,0,0,0,66000,0,0,0,66000,0,66000,66000
056297,台光電元大97購04,0,0,0,0,0,0,0,0,0,66000,0,0,0,80000,14000,66000,66000
05537P,群創中信98售01  ,0,0,0,0,0,0,0,0,0,66000,0,0,0,66000,0,66000,66000
058325,昇陽半永豐99購01,0,0,0,0,0,0,0,0,0,66000,0,0,0,92000,26000,66000,66000
060697,鴻海國泰9C購01  ,0,0,0,0,0,0,0,0,0,66000,0,0,0,67000,1000,66000,66000
058671,旺宏群益9A購01  ,0,0,0,0,0,0,0,0,0,66000,0,0,0,127000,61000,66000,66000
063989,大立光永豐9C購01,0,0,0,0,0,0,0,0,0,66000,0,0,0,69000,3000,66000,66000
063409,GIS國票9C購02   ,0,0,0,0,0,0,0,0,0,66000,0,0,0,121000,55000,66000,66000
4766,南寶            ,96000,30000,66000,0,0,0,0,0,0,0,1000,1000,0,0,0,0,66000
08173P,金像電凱基9B售02,0,0,0,0,0,0,0,0,0,65000,0,0,0,112000,47000,65000,65000
08384P,臺股指群益9C售12,0,0,0,0,0,0,0,0,0,65000,0,0,0,148000,83000,65000,65000
1437,勤益控          ,81000,18000,63000,0,0,0,0,0,0,2000,2000,0,2000,0,0,0,65000
2342,茂矽            ,619000,555000,64000,0,0,0,0,0,0,1000,1000,0,1000,0,0,0,65000
07304P,臺股指元大9A售37,0,0,0,0,0,0,0,0,0,65000,0,0,0,440000,375000,65000,65000
07580P,緯穎元大9A售03  ,0,0,0,0,0,0,0,0,0,65000,0,0,0,66000,1000,65000,65000
05124P,華新科富邦97售02,0,0,0,0,0,0,0,0,0,65000,0,0,0,65000,0,65000,65000
050915,健策中信98購01  ,0,0,0,0,0,0,0,0,0,65000,0,0,0,100000,35000,65000,65000
052588,玉晶光永豐98購01,0,0,0,0,0,0,0,0,0,65000,0,0,0,65000,0,65000,65000
058383,道瓊指中信9C購02,0,0,0,0,0,0,0,0,0,65000,0,0,0,98000,33000,65000,65000
059159,上銀凱基99購05  ,0,0,0,0,0,0,0,0,0,65000,0,0,0,65000,0,65000,65000
061750,台達電台新9B購01,0,0,0,0,0,0,0,0,0,65000,0,0,0,65000,0,65000,65000
063308,緯穎凱基9B購05  ,0,0,0,0,0,0,0,0,0,65000,0,0,0,65000,0,65000,65000
063021,大立光元大9C購05,0,0,0,0,0,0,0,0,0,65000,0,0,0,65000,0,65000,65000
063961,世紀鋼元大9C購05,0,0,0,0,0,0,0,0,0,65000,0,0,0,65000,0,65000,65000
062594,祥碩統一01購02  ,0,0,0,0,0,0,0,0,0,65000,0,0,0,140000,75000,65000,65000
1730,花仙子          ,88000,24000,64000,0,0,0,0,0,0,0,0,0,0,0,0,0,64000
08184P,可成永豐9B售03  ,0,0,0,0,0,0,0,0,0,64000,0,0,0,64000,0,64000,64000
053186,健策中信9C購01  ,0,0,0,0,0,0,0,0,0,64000,0,0,0,85000,21000,64000,64000
061817,高鐵群益9B購01  ,0,0,0,0,0,0,0,0,0,64000,0,0,0,115000,51000,64000,64000
059920,宏達電元大99購07,0,0,0,0,0,0,0,0,0,64000,0,0,0,298000,234000,64000,64000
057886,聯詠群益98購01  ,0,0,0,0,0,0,0,0,0,64000,0,0,0,102000,38000,64000,64000
060202,康友元富9A購01  ,0,0,0,0,0,0,0,0,0,64000,0,0,0,64000,0,64000,64000
058714,美律統一9B購01  ,0,0,0,0,0,0,0,0,0,64000,0,0,0,64000,0,64000,64000
062945,世芯國泰01購01  ,0,0,0,0,0,0,0,0,0,64000,0,0,0,118000,54000,64000,64000
061640,智原元大9A購01  ,0,0,0,0,0,0,0,0,0,64000,0,0,0,95000,31000,64000,64000
064114,南茂國票01購01  ,0,0,0,0,0,0,0,0,0,64000,0,0,0,102000,38000,64000,64000
2305,全友            ,60000,4000,56000,0,0,0,0,0,0,7000,7000,0,7000,0,0,0,63000
2444,兆勁            ,67000,1000,66000,0,0,0,0,0,0,-3000,0,3000,-3000,0,0,0,63000
064537,健鼎國票01購02  ,0,0,0,0,0,0,0,0,0,63000,0,0,0,72000,9000,63000,63000
050842,旺宏國票97購01  ,0,0,0,0,0,0,0,0,0,63000,0,0,0,155000,92000,63000,63000
03050X,元展47          ,0,0,0,0,0,0,0,0,0,63000,0,0,0,73000,10000,63000,63000
053401,臺股指中信99購01,0,0,0,0,0,0,0,0,0,63000,0,0,0,74000,11000,63000,63000
058692,華邦電國票9B購01,0,0,0,0,0,0,0,0,0,63000,0,0,0,160000,97000,63000,63000
05889P,群創元大98售02  ,0,0,0,0,0,0,0,0,0,63000,0,0,0,63000,0,63000,63000
060336,南電康和9A購01  ,0,0,0,0,0,0,0,0,0,63000,0,0,0,83000,20000,63000,63000
060381,元黃金凱基9A購01,0,0,0,0,0,0,0,0,0,63000,0,0,0,63000,0,63000,63000
063325,SP黃豆國票9C購02,0,0,0,0,0,0,0,0,0,63000,0,0,0,63000,0,63000,63000
061930,臺股指凱基9B購05,0,0,0,0,0,0,0,0,0,63000,0,0,0,80000,17000,63000,63000
062809,同欣電統一9C購01,200000,0,200000,0,0,0,0,0,0,-137000,0,0,0,235000,372000,-137000,63000
062367,禾伸堂元大9B購02,0,0,0,0,0,0,0,0,0,63000,0,0,0,68000,5000,63000,63000
064348,TPK元大9C購03   ,0,0,0,0,0,0,0,0,0,62000,0,0,0,102000,40000,62000,62000
064617,台光電元大01購01,0,0,0,0,0,0,0,0,0,62000,0,0,0,229000,167000,62000,62000
2482,連宇            ,61000,0,61000,0,0,0,0,0,0,1000,13000,12000,1000,0,0,0,62000
08351P,南六國票01售02  ,0,0,0,0,0,0,0,0,0,62000,0,0,0,70000,8000,62000,62000
05639P,欣興統一97售01  ,0,0,0,0,0,0,0,0,0,62000,0,0,0,62000,0,62000,62000
058550,南亞科永豐99購01,0,0,0,0,0,0,0,0,0,62000,0,0,0,62000,0,62000,62000
057525,光磊元大99購01  ,0,0,0,0,0,0,0,0,0,62000,0,0,0,71000,9000,62000,62000
061808,聯發科統一01購02,0,0,0,0,0,0,0,0,0,62000,0,0,0,142000,80000,62000,62000
057849,南茂永豐98購02  ,0,0,0,0,0,0,0,0,0,62000,0,0,0,68000,6000,62000,62000
059831,聯詠康和99購01  ,0,0,0,0,0,0,0,0,0,62000,0,0,0,66000,4000,62000,62000
062626,台積電國票9C購04,0,0,0,0,0,0,0,0,0,62000,0,0,0,96000,34000,62000,62000
062851,建準永豐9B購02  ,0,0,0,0,0,0,0,0,0,62000,0,0,0,62000,0,62000,62000
6525,捷敏-KY         ,61000,5000,56000,0,0,0,0,0,0,6000,6000,0,6000,0,0,0,62000
8404,百和興業-KY     ,82000,20000,62000,0,0,0,0,0,0,0,0,0,0,0,0,0,62000
2353,宏碁            ,2608372,2520320,88052,0,0,0,0,0,0,-27000,35000,10000,25000,120000,172000,-52000,61052
2534,宏盛            ,205000,146000,59000,0,0,0,0,0,0,2000,2000,0,2000,0,0,0,61000
064421,技嘉兆豐01購01  ,0,0,0,0,0,0,0,0,0,61000,0,0,0,205000,144000,61000,61000
06505P,康控國票99售02  ,0,0,0,0,0,0,0,0,0,61000,0,0,0,66000,5000,61000,61000
055943,瑞昱麥證97購01  ,0,0,0,72000,11000,61000,0,0,0,61000,0,0,0,72000,11000,61000,61000
05888P,友達元大97售01  ,0,0,0,0,0,0,0,0,0,61000,0,0,0,62000,1000,61000,61000
059370,玉晶光元富99購02,0,0,0,0,0,0,0,0,0,61000,0,0,0,61000,0,61000,61000
062711,台表科元大9B購05,0,0,0,0,0,0,0,0,0,61000,0,0,0,122000,61000,61000,61000
062171,中磊永豐9B購01  ,0,0,0,0,0,0,0,0,0,61000,0,0,0,61000,0,61000,61000
06611P,祥碩國票98售01  ,0,0,0,0,0,0,0,0,0,60000,0,0,0,60000,0,60000,60000
07490P,大立光國票9A售03,0,0,0,0,0,0,0,0,0,60000,0,0,0,60000,0,60000,60000
07509P,牧德國票9A售03  ,0,0,0,0,0,0,0,0,0,60000,0,0,0,65000,5000,60000,60000
06448P,華通元大99售01  ,0,0,0,0,0,0,0,0,0,60000,0,0,0,75000,15000,60000,60000
07639P,緯穎國票9A售01  ,0,0,0,0,0,0,0,0,0,60000,0,0,0,60000,0,60000,60000
056913,臺股指元大99購05,0,0,0,0,0,0,0,0,0,60000,0,0,0,60000,0,60000,60000
055720,宏達電元大97購05,0,0,0,0,0,0,0,0,0,60000,0,0,0,60000,0,60000,60000
055736,宏達電元富99購01,0,0,0,0,0,0,0,0,0,60000,0,0,0,70000,10000,60000,60000
055505,新唐元大97購02  ,0,0,0,0,0,0,0,0,0,60000,0,0,0,60000,0,60000,60000
057181,亞光元大98購02  ,0,0,0,0,0,0,0,0,0,60000,0,0,0,200000,140000,60000,60000
054130,漢唐元大97購02  ,0,0,0,0,0,0,0,0,0,60000,0,0,0,60000,0,60000,60000
053743,康控國票97購02  ,0,0,0,0,0,0,0,0,0,60000,0,0,0,60000,0,60000,60000
052853,友達日盛99購01  ,0,0,0,0,0,0,0,0,0,60000,0,0,0,60000,0,60000,60000
052095,彩晶元大97購01  ,0,0,0,0,0,0,0,0,0,60000,0,0,0,60000,0,60000,60000
055138,大毅永豐97購02  ,0,0,0,0,0,0,0,0,0,60000,0,0,0,60000,0,60000,60000
059059,宏達電凱基99購03,0,0,0,0,0,0,0,0,0,60000,0,0,0,118000,58000,60000,60000
060707,台郡富邦9A購01  ,0,0,0,0,0,0,0,0,0,60000,0,0,0,80000,20000,60000,60000
057734,訊芯國泰9A購01  ,0,0,0,0,0,0,0,0,0,60000,0,0,0,60000,0,60000,60000
059643,日月光凱基99購02,0,0,0,0,0,0,0,0,0,60000,0,0,0,70000,10000,60000,60000
061535,群創統一9C購01  ,0,0,0,0,0,0,0,0,0,60000,0,0,0,60000,0,60000,60000
061546,大立光群益9A購05,0,0,0,0,0,0,0,0,0,60000,0,0,0,70000,10000,60000,60000
058267,奇鋐永豐99購01  ,0,0,0,0,0,0,0,0,0,60000,0,0,0,70000,10000,60000,60000
059024,大立光統一9B購04,0,0,0,0,0,0,0,0,0,60000,0,0,0,170000,110000,60000,60000
060048,元金2X凱基99購03,0,0,0,0,0,0,0,0,0,60000,0,0,0,60000,0,60000,60000
059052,為升凱基99購01  ,0,0,0,0,0,0,0,0,0,60000,0,0,0,60000,0,60000,60000
062114,GIS國票9C購01   ,0,0,0,0,0,0,0,0,0,60000,0,0,0,60000,0,60000,60000
061944,聯電群益9B購01  ,0,0,0,0,0,0,0,0,0,60000,0,0,0,60000,0,60000,60000
062808,祥碩統一9C購01  ,0,0,0,0,0,0,0,0,0,60000,0,0,0,60000,0,60000,60000
062870,亞德客兆豐9C購01,0,0,0,0,0,0,0,0,0,60000,0,0,0,107000,47000,60000,60000
062650,南電富邦01購01  ,0,0,0,0,0,0,0,0,0,60000,0,0,0,64000,4000,60000,60000
063741,GIS元大9B購04   ,0,0,0,0,0,0,0,0,0,60000,0,0,0,242000,182000,60000,60000
4942,嘉彰            ,124000,66000,58000,0,0,0,0,0,0,2000,2000,0,2000,0,0,0,60000
08349P,南六元大9C售03  ,0,0,0,0,0,0,0,0,0,59000,0,0,0,238000,179000,59000,59000
08338P,台灣50凱基9C售11,0,0,0,0,0,0,0,0,0,59000,0,0,0,103000,44000,59000,59000
1339,昭輝            ,89000,29000,60000,0,0,0,0,0,0,-1000,1000,2000,-1000,0,0,0,59000
03604P,群創凱基98售05  ,0,0,0,0,0,0,0,0,0,59000,0,0,0,109000,50000,59000,59000
057637,上銀元大98購07  ,0,0,0,0,0,0,0,0,0,59000,0,0,0,82000,23000,59000,59000
058639,南電兆豐99購01  ,0,0,0,0,0,0,0,0,0,59000,0,0,0,108000,49000,59000,59000
056523,光寶科中信98購01,0,0,0,0,0,0,0,0,0,59000,0,0,0,61000,2000,59000,59000
061252,臺股指群益9A購03,0,0,0,0,0,0,0,0,0,59000,0,0,0,65000,6000,59000,59000
057867,大立光凱基98購17,0,0,0,0,0,0,0,0,0,59000,0,0,0,59000,0,59000,59000
060298,鎧勝元大9C購01  ,0,0,0,0,0,0,0,0,0,59000,0,0,0,101000,42000,59000,59000
063838,上銀元大9C購01  ,0,0,0,0,0,0,0,0,0,59000,0,0,0,71000,12000,59000,59000
063143,嘉澤統一9B購02  ,0,0,0,0,0,0,0,0,0,59000,0,0,0,126000,67000,59000,59000
063531,台表科凱基9B購04,0,0,0,0,0,0,0,0,0,59000,0,0,0,75000,16000,59000,59000
062562,瑞儀凱基9B購02  ,0,0,0,0,0,0,0,0,0,59000,0,0,0,95000,36000,59000,59000
062877,可成兆豐9C購01  ,0,0,0,0,0,0,0,0,0,59000,0,0,0,196000,137000,59000,59000
062912,新日興元大9B購01,0,0,0,0,0,0,0,0,0,59000,0,0,0,211000,152000,59000,59000
061918,上銀凱基9B購02  ,0,0,0,0,0,0,0,0,0,59000,0,0,0,79000,20000,59000,59000
062142,喬山國票9B購01  ,0,0,0,0,0,0,0,0,0,59000,0,0,0,59000,0,59000,59000
062204,京元電國票9C購01,0,0,0,0,0,0,0,0,0,59000,0,0,0,102000,43000,59000,59000
5907,大洋-KY         ,86000,30000,56000,0,0,0,0,0,0,3000,3000,0,3000,0,0,0,59000
9802,鈺齊-KY         ,251000,157000,94000,0,0,0,87000,80000,7000,-42000,1000,39000,-38000,6000,10000,-4000,59000
2426,鼎元            ,88000,32000,56000,0,0,0,0,0,0,2000,2000,0,2000,0,0,0,58000
08361P,玉晶光永豐9C售04,0,0,0,0,0,0,0,0,0,58000,0,0,0,58000,0,58000,58000
07811P,華新科統一9A售02,0,0,0,0,0,0,0,0,0,58000,0,0,0,58000,0,58000,58000
064373,和大元富03購01  ,0,0,0,0,0,0,0,0,0,58000,0,0,0,376000,318000,58000,58000
064384,聯電富邦01購01  ,0,0,0,0,0,0,0,0,0,58000,0,0,0,418000,360000,58000,58000
064649,同欣電凱基01購01,0,0,0,0,0,0,0,0,0,58000,0,0,0,100000,42000,58000,58000
06765P,欣興元大98售11  ,0,0,0,0,0,0,0,0,0,58000,0,0,0,145000,87000,58000,58000
05546P,全新元大97售01  ,0,0,0,0,0,0,0,0,0,58000,0,0,0,58000,0,58000,58000
061040,康友永豐9A購01  ,0,0,0,0,0,0,0,0,0,58000,0,0,0,58000,0,58000,58000
057277,可成元大98購05  ,0,0,0,0,0,0,0,0,0,58000,0,0,0,78000,20000,58000,58000
054479,緯創中信98購01  ,0,0,0,0,0,0,0,0,0,58000,0,0,0,63000,5000,58000,58000
054291,高鐵元大97購01  ,0,0,0,0,0,0,0,0,0,58000,0,0,0,65000,7000,58000,58000
060721,瑞儀永豐9A購01  ,0,0,0,0,0,0,0,0,0,58000,0,0,0,112000,54000,58000,58000
058149,百和元大99購02  ,0,0,0,0,0,0,0,0,0,58000,0,0,0,78000,20000,58000,58000
063955,TPK元大9C購01   ,0,0,0,0,0,0,0,0,0,58000,0,0,0,61000,3000,58000,58000
07779P,鴻海凱基9B售04  ,0,0,0,0,0,0,0,0,0,57000,0,0,0,57000,0,57000,57000
2705,六福            ,90000,33000,57000,0,0,0,0,0,0,0,0,0,0,0,0,0,57000
1316,上曜            ,58000,2000,56000,0,0,0,0,0,0,1000,1000,0,1000,0,0,0,57000
03678C,臺股指凱基01牛02,0,0,0,0,0,0,0,0,0,57000,0,0,0,67000,10000,57000,57000
05201P,玉晶光國泰97售02,0,0,0,0,0,0,0,0,0,57000,0,0,0,57000,0,57000,57000
00665L,富邦恒生國企正2 ,190000,0,190000,0,0,0,0,0,0,-133000,0,0,0,294000,427000,-133000,57000
006207,FH滬深          ,232000,0,232000,0,0,0,0,0,0,-175000,70000,0,70000,69000,314000,-245000,57000
060493,美律元富01購01  ,0,0,0,0,0,0,0,0,0,57000,0,0,0,206000,149000,57000,57000
058739,喬山中信99購01  ,0,0,0,0,0,0,0,0,0,57000,0,0,0,91000,34000,57000,57000
058713,國巨統一9B購02  ,0,0,0,0,0,0,0,0,0,57000,0,0,0,57000,0,57000,57000
063847,聯發科元大9C購03,0,0,0,0,0,0,0,0,0,57000,0,0,0,129000,72000,57000,57000
063594,上銀中信9C購01  ,0,0,0,0,0,0,0,0,0,57000,0,0,0,88000,31000,57000,57000
063368,遠東新永豐9B購01,0,0,0,0,0,0,0,0,0,57000,0,0,0,119000,62000,57000,57000
063226,康控群益9B購03  ,0,0,0,0,0,0,0,0,0,57000,0,0,0,112000,55000,57000,57000
3704,合勤控          ,298000,239000,59000,0,0,0,0,0,0,-2000,3000,0,3000,0,5000,-5000,57000
2049,上銀            ,891210,690000,201210,0,0,0,3000,129000,-126000,-19005,60000,10000,50000,22995,92000,-69005,56205
07383P,聯發科群益99售06,0,0,0,0,0,0,0,0,0,56000,0,0,0,56000,0,56000,56000
060520,臺指2X中信01購02,0,0,0,0,0,0,0,0,0,56000,0,0,0,58000,2000,56000,56000
058839,瑞儀中信99購02  ,0,0,0,0,0,0,0,0,0,56000,0,0,0,81000,25000,56000,56000
063204,高鐵統一9C購01  ,0,0,0,0,0,0,0,0,0,56000,0,0,0,101000,45000,56000,56000
062246,力山元大9B購02  ,0,0,0,0,0,0,0,0,0,56000,0,0,0,56000,0,56000,56000
062920,康友元大9B購01  ,0,0,0,0,0,0,0,0,0,56000,0,0,0,56000,0,56000,56000
9930,中聯資源        ,56000,0,56000,0,0,0,0,0,0,0,0,0,0,0,0,0,56000
07451P,鴻海元大9B售01  ,0,0,0,0,0,0,0,0,0,55000,0,0,0,55000,0,55000,55000
07163P,臺股指群益99售14,0,0,0,0,0,0,0,0,0,55000,0,0,0,160000,105000,55000,55000
06553P,訊芯元大98售05  ,0,0,0,0,0,0,0,0,0,55000,0,0,0,124000,69000,55000,55000
064427,喬山凱基01購01  ,0,0,0,0,0,0,0,0,0,55000,0,0,0,55000,0,55000,55000
1614,三洋電          ,55000,0,55000,0,0,0,0,0,0,0,0,0,0,0,0,0,55000
1528,恩德            ,66000,11000,55000,0,0,0,0,0,0,0,0,0,0,0,0,0,55000
2850,新產            ,92000,37000,55000,0,0,0,0,0,0,0,0,0,0,0,0,0,55000
052004,泰碩國泰97購03  ,0,0,0,0,0,0,0,0,0,55000,0,0,0,55000,0,55000,55000
054217,台表科國票97購05,0,0,0,0,0,0,0,0,0,55000,0,0,0,56000,1000,55000,55000
055025,華新科國泰98購02,0,0,0,0,0,0,0,0,0,55000,0,0,0,120000,65000,55000,55000
057547,技嘉凱基99購01  ,0,0,0,0,0,0,0,0,0,55000,0,0,0,76000,21000,55000,55000
057019,台積電凱基98購14,0,0,0,0,0,0,0,0,0,55000,0,0,0,82000,27000,55000,55000
061127,美食永豐9A購01  ,0,0,0,0,0,0,0,0,0,55000,0,0,0,82000,27000,55000,55000
05960P,欣興統一96售01  ,0,0,0,0,0,0,0,0,0,55000,0,0,0,55000,0,55000,55000
058370,聯詠凱基99購01  ,0,0,0,0,0,0,0,0,0,55000,0,0,0,55000,0,55000,55000
060484,聯發科富邦9C購02,0,0,0,0,0,0,0,0,0,55000,0,0,0,83000,28000,55000,55000
062770,臺股指凱基9B購14,0,0,0,0,0,0,0,0,0,55000,0,0,0,123000,68000,55000,55000
062543,華通富邦9C購01  ,0,0,0,0,0,0,0,0,0,55000,0,0,0,60000,5000,55000,55000
062069,喬山元大9B購01  ,0,0,0,0,0,0,0,0,0,55000,0,0,0,74000,19000,55000,55000
061922,瑞昱凱基9B購01  ,0,0,0,0,0,0,0,0,0,55000,0,0,0,55000,0,55000,55000
061489,高鐵兆豐9A購01  ,0,0,0,0,0,0,0,0,0,55000,0,0,0,55000,0,55000,55000
063782,致新永豐9B購02  ,0,0,0,0,0,0,0,0,0,55000,0,0,0,68000,13000,55000,55000
063992,大立光中信9C購03,0,0,0,0,0,0,0,0,0,55000,0,0,0,95000,40000,55000,55000
6139,亞翔            ,94000,41000,53000,0,0,0,0,0,0,2000,2000,0,2000,0,0,0,55000
2431,聯昌            ,58000,4000,54000,0,0,0,0,0,0,0,0,0,0,0,0,0,54000
1215,卜蜂            ,197000,125000,72000,0,0,0,92000,130000,-38000,20000,12000,0,12000,12000,4000,8000,54000
07704P,台積電元大9A售25,0,0,0,0,0,0,0,0,0,54000,0,0,0,54000,0,54000,54000
07921P,鴻海群益9B售04  ,0,0,0,0,0,0,0,0,0,54000,0,0,0,54000,0,54000,54000
08200P,祥碩元大9B售08  ,0,0,0,0,0,0,0,0,0,54000,0,0,0,54000,0,54000,54000
064614,友訊元大9C購02  ,0,0,0,0,0,0,0,0,0,54000,0,0,0,69000,15000,54000,54000
061136,可成統一9A購01  ,0,0,0,0,0,0,0,0,0,54000,0,0,0,214000,160000,54000,54000
057332,旺宏國票99購03  ,0,0,0,0,0,0,0,0,0,54000,0,0,0,54000,0,54000,54000
056119,欣興群益97購02  ,0,0,0,0,0,0,0,0,0,54000,0,0,0,54000,0,54000,54000
052794,群創兆豐97購01  ,0,0,0,0,0,0,0,0,0,54000,0,0,0,54000,0,54000,54000
058934,台灣50中信03購03,0,0,0,0,0,0,0,0,0,54000,0,0,0,150000,96000,54000,54000
060825,聯詠元大9A購05  ,0,0,0,0,0,0,0,0,0,54000,0,0,0,54000,0,54000,54000
061028,聚陽永豐9A購01  ,0,0,0,0,0,0,0,0,0,54000,0,0,0,94000,40000,54000,54000
063291,緯穎元大01購01  ,0,0,0,0,0,0,0,0,0,54000,0,0,0,134000,80000,54000,54000
063616,上銀兆豐9C購01  ,0,0,0,0,0,0,0,0,0,54000,0,0,0,64000,10000,54000,54000
061986,晶豪科元大9B購01,0,0,0,0,0,0,0,0,0,54000,0,0,0,114000,60000,54000,54000
062393,智邦富邦9B購01  ,0,0,0,0,0,0,0,0,0,54000,0,0,0,79000,25000,54000,54000
062771,臺股指凱基9B購15,0,0,0,0,0,0,0,0,0,54000,0,0,0,75000,21000,54000,54000
8454,富邦媒          ,137596,83000,54596,0,0,0,0,18000,-18000,17000,19000,2000,17000,0,0,0,53596
064436,聯發科凱基03購02,0,0,0,0,0,0,0,0,0,53000,0,0,0,92000,39000,53000,53000
08404P,技嘉元大9C售02  ,0,0,0,0,0,0,0,0,0,53000,0,0,0,53000,0,53000,53000
08270P,鴻海富邦9C售02  ,0,0,0,0,0,0,0,0,0,53000,0,0,0,372000,319000,53000,53000
1449,佳和            ,134000,81000,53000,0,0,0,0,0,0,0,0,0,0,0,0,0,53000
2328,廣宇            ,293000,239000,54000,0,0,0,0,0,0,-1000,1000,2000,-1000,0,0,0,53000
03669C,滬深2X元富09牛01,0,0,0,0,0,0,0,0,0,53000,0,0,0,55000,2000,53000,53000
059805,台積電元富99購02,0,0,0,0,0,0,0,0,0,53000,0,0,0,53000,0,53000,53000
057803,上銀元大98購08  ,0,0,0,0,0,0,0,0,0,53000,0,0,0,76000,23000,53000,53000
062015,喬山永豐9B購01  ,0,0,0,0,0,0,0,0,0,53000,0,0,0,53000,0,53000,53000
063605,健策凱基9C購02  ,0,0,0,0,0,0,0,0,0,53000,0,0,0,53000,0,53000,53000
063273,緯穎兆豐9C購01  ,0,0,0,0,0,0,0,0,0,53000,0,0,0,83000,30000,53000,53000
063991,南六永豐9C購02  ,0,0,0,0,0,0,0,0,0,53000,0,0,0,53000,0,53000,53000
063921,大立光元富9C購03,0,0,0,0,0,0,0,0,0,53000,0,0,0,70000,17000,53000,53000
2034,允強            ,89000,39000,50000,0,0,0,0,0,0,2000,2000,0,2000,0,0,0,52000
08378P,世紀鋼元富9C售02,0,0,0,0,0,0,0,0,0,52000,0,0,0,72000,20000,52000,52000
07910P,台積電統一9C售07,0,0,0,0,0,0,0,0,0,52000,0,0,0,52000,0,52000,52000
06453P,群創元大9B售02  ,0,0,0,0,0,0,0,0,0,52000,0,0,0,53000,1000,52000,52000
06532P,友達元富98售04  ,0,0,0,0,0,0,0,0,0,52000,0,0,0,52000,0,52000,52000
056983,大立光群益99購02,0,0,0,0,0,0,0,0,0,52000,0,0,0,52000,0,52000,52000
056508,揚明光永豐98購01,0,0,0,0,0,0,0,0,0,52000,0,0,0,52000,0,52000,52000
05730P,臺股指凱基97售03,0,0,0,0,0,0,0,0,0,52000,0,0,0,52000,0,52000,52000
058656,燿華中信99購01  ,0,0,0,0,0,0,0,0,0,52000,0,0,0,450000,398000,52000,52000
058761,欣興群益99購02  ,0,0,0,0,0,0,0,0,0,52000,0,0,0,60000,8000,52000,52000
061526,宏達電凱基9A購04,0,0,0,0,0,0,0,0,0,52000,0,0,0,181000,129000,52000,52000
060021,立積康和99購01  ,0,0,0,0,0,0,0,0,0,52000,0,0,0,81000,29000,52000,52000
063795,上銀凱基9C購01  ,0,0,0,0,0,0,0,0,0,52000,0,0,0,52000,0,52000,52000
064018,儒鴻元大9C購02  ,0,0,0,0,0,0,0,0,0,52000,0,0,0,63000,11000,52000,52000
063414,鴻海凱基03購01  ,0,0,0,0,0,0,0,0,0,52000,0,0,0,52000,0,52000,52000
062141,遠東新國票9B購01,0,0,0,0,0,0,0,0,0,52000,0,0,0,52000,0,52000,52000
062180,瑞昱元大9B購03  ,0,0,0,0,0,0,0,0,0,52000,0,0,0,82000,30000,52000,52000
061669,崇越中信9A購01  ,0,0,0,0,0,0,0,0,0,52000,0,0,0,100000,48000,52000,52000
062948,台積電富邦01購02,0,0,0,0,0,0,0,0,0,52000,0,0,0,52000,0,52000,52000
3607,谷崧            ,57000,6000,51000,0,0,0,0,0,0,1000,1000,0,1000,0,0,0,52000
07579P,聯茂元大9A售01  ,0,0,0,0,0,0,0,0,0,51000,0,0,0,113000,62000,51000,51000
064651,GIS凱基9C購02   ,0,0,0,0,0,0,0,0,0,51000,0,0,0,51000,0,51000,51000
06467P,旺宏統一98售01  ,0,0,0,0,0,0,0,0,0,51000,0,0,0,71000,20000,51000,51000
1702,南僑            ,77000,26000,51000,0,0,0,0,0,0,0,0,0,0,0,0,0,51000
057411,臺股指群益99購05,0,0,0,0,0,0,0,0,0,51000,0,0,0,146000,95000,51000,51000
061123,燿華永豐9A購01  ,0,0,0,0,0,0,0,0,0,51000,0,0,0,168000,117000,51000,51000
056526,力山凱基98購01  ,0,0,0,0,0,0,0,0,0,51000,0,0,0,51000,0,51000,51000
056845,揚明光元富98購01,0,0,0,0,0,0,0,0,0,51000,0,0,0,250000,199000,51000,51000
054749,聯茂凱基98購01  ,0,0,0,0,0,0,0,0,0,51000,0,0,0,51000,0,51000,51000
057791,可成統一99購01  ,0,0,0,0,0,0,0,0,0,51000,0,0,0,51000,0,51000,51000
062769,臺股指凱基9B購13,0,0,0,0,0,0,0,0,0,51000,0,0,0,52000,1000,51000,51000
062432,上銀元大9B購04  ,0,0,0,0,0,0,0,0,0,51000,0,0,0,51000,0,51000,51000
062592,牧德統一01購01  ,0,0,0,0,0,0,0,0,0,51000,0,0,0,51000,0,51000,51000
062287,康友群益9B購02  ,0,0,0,0,0,0,0,0,0,51000,0,0,0,59000,8000,51000,51000
061969,大立光統一01購02,0,0,0,0,0,0,0,0,0,51000,0,0,0,51000,0,51000,51000
4989,榮科            ,54000,3000,51000,0,0,0,0,0,0,0,0,0,0,0,0,0,51000
8081,致新            ,209000,189000,20000,0,0,0,0,2000,-2000,33000,1000,2000,-1000,39000,5000,34000,51000
8103,瀚荃            ,70000,22000,48000,0,0,0,0,0,0,3000,3000,0,3000,0,0,0,51000
1709,和益            ,90000,41000,49000,0,0,0,0,0,0,1000,1000,0,1000,0,0,0,50000
07847P,國巨群益9A售13  ,0,0,0,0,0,0,0,0,0,50000,0,0,0,50000,0,50000,50000
07728P,臺股指凱基9A售20,0,0,0,0,0,0,0,0,0,50000,0,0,0,246000,196000,50000,50000
08398P,台積電元富9C售04,0,0,0,0,0,0,0,0,0,50000,0,0,0,50000,0,50000,50000
08178P,南亞科元大9B售01,0,0,0,0,0,0,0,0,0,50000,0,0,0,50000,0,50000,50000
064666,華新科元大02購01,0,0,0,0,0,0,0,0,0,50000,0,0,0,100000,50000,50000,50000
064643,瑞昱凱基04購01  ,0,0,0,0,0,0,0,0,0,50000,0,0,0,74000,24000,50000,50000
064556,華通群益02購02  ,0,0,0,0,0,0,0,0,0,50000,0,0,0,50000,0,50000,50000
064508,力成元大9C購03  ,0,0,0,0,0,0,0,0,0,50000,0,0,0,59000,9000,50000,50000
064516,華通群益02購01  ,0,0,0,0,0,0,0,0,0,50000,0,0,0,50000,0,50000,50000
064340,大立光元大9C購17,0,0,0,0,0,0,0,0,0,50000,0,0,0,50000,0,50000,50000
07533P,臺股指中信9C售04,0,0,0,0,0,0,0,0,0,50000,0,0,0,50000,0,50000,50000
07468P,聯電元大9A售02  ,0,0,0,0,0,0,0,0,0,50000,0,0,0,100000,50000,50000,50000
07428P,華新科國票9A售01,0,0,0,0,0,0,0,0,0,50000,0,0,0,50000,0,50000,50000
07362P,聯發科元大99售35,0,0,0,0,0,0,0,0,0,50000,0,0,0,50000,0,50000,50000
06660P,大立光富邦9B售03,0,0,0,0,0,0,0,0,0,50000,0,0,0,50000,0,50000,50000
06735P,奇力新凱基98售07,0,0,0,0,0,0,0,0,0,50000,0,0,0,67000,17000,50000,50000
054962,玉晶光元大99購02,0,0,0,0,0,0,0,0,0,50000,0,0,0,50000,0,50000,50000
053458,聯詠國泰97購01  ,0,0,0,0,0,0,0,0,0,50000,0,0,0,50000,0,50000,50000
053561,玉晶光國泰98購01,0,0,0,0,0,0,0,0,0,50000,0,0,0,50000,0,50000,50000
054246,國巨元大96購12  ,0,0,0,0,0,0,0,0,0,50000,0,0,0,50000,0,50000,50000
054318,台虹凱基98購01  ,0,0,0,0,0,0,0,0,0,50000,0,0,0,50000,0,50000,50000
035276,南亞科台新97購01,0,0,0,0,0,0,0,0,0,50000,0,0,0,50000,0,50000,50000
042116,元油2X國票97購01,0,0,0,0,0,0,0,0,0,50000,0,0,0,50000,0,50000,50000
052476,台光電群益98購01,0,0,0,0,0,0,0,0,0,50000,0,0,0,50000,0,50000,50000
052526,智伸科元大96購02,0,0,0,0,0,0,0,0,0,50000,0,0,0,50000,0,50000,50000
051739,奇力新國票97購01,0,0,0,0,0,0,0,0,0,50000,0,0,0,50000,0,50000,50000
055290,玉晶光元大98購08,0,0,0,0,0,0,0,0,0,50000,0,0,0,50000,0,50000,50000
056146,台虹元大98購01  ,0,0,0,0,0,0,0,0,0,50000,0,0,0,50000,0,50000,50000
056222,台積電凱基9A購01,0,0,0,0,0,0,0,0,0,50000,0,0,0,50000,0,50000,50000
057405,麗豐群益98購01  ,0,0,0,0,0,0,0,0,0,50000,0,0,0,50000,0,50000,50000
057409,台虹群益98購02  ,0,0,0,0,0,0,0,0,0,50000,0,0,0,50000,0,50000,50000
057440,台積電統一98購10,0,0,0,0,0,0,0,0,0,50000,0,0,0,50000,0,50000,50000
057002,友達國票98購01  ,0,0,0,0,0,0,0,0,0,50000,0,0,0,50000,0,50000,50000
057089,奇力新元富98購01,0,0,0,0,0,0,0,0,0,50000,0,0,0,50000,0,50000,50000
057794,T50反1兆豐99購02,0,0,0,0,0,0,0,0,0,50000,0,0,0,50000,0,50000,50000
060525,台積電中信01購04,0,0,0,0,0,0,0,0,0,50000,0,0,0,50000,0,50000,50000
060287,燿華元大9A購01  ,0,0,0,0,0,0,0,0,0,50000,0,0,0,150000,100000,50000,50000
059050,元油2X凱基9B購08,0,0,0,0,0,0,0,0,0,50000,0,0,0,50000,0,50000,50000
06010P,國泰金元富96售01,0,0,0,0,0,0,0,0,0,50000,0,0,0,50000,0,50000,50000
060429,南六永豐9A購01  ,0,0,0,0,0,0,0,0,0,50000,0,0,0,50000,0,50000,50000
06042P,華新科永豐96售04,0,0,0,0,0,0,0,0,0,50000,0,0,0,50000,0,50000,50000
06182P,群創兆豐97售03  ,0,0,0,0,0,0,0,0,0,50000,0,0,0,50000,0,50000,50000
061830,元金2X凱基01購01,0,0,0,0,0,0,0,0,0,50000,0,0,0,50000,0,50000,50000
06232P,智易永豐97售01  ,0,0,0,0,0,0,0,0,0,50000,0,0,0,50000,0,50000,50000
062526,友達統一01購01  ,0,0,0,0,0,0,0,0,0,50000,0,0,0,50000,0,50000,50000
062380,巨大元大9B購01  ,0,0,0,0,0,0,0,0,0,50000,0,0,0,60000,10000,50000,50000
06234P,亞德客元大97售02,0,0,0,0,0,0,0,0,0,50000,0,0,0,100000,50000,50000,50000
062684,華新科統一01購02,0,0,0,0,0,0,0,0,0,50000,0,0,0,130000,80000,50000,50000
062965,FBVIX元富9C購01 ,0,0,0,0,0,0,0,0,0,50000,0,0,0,50000,0,50000,50000
063550,可成國票9C購01  ,0,0,0,0,0,0,0,0,0,50000,0,0,0,134000,84000,50000,50000
063284,大立光元大9B購07,0,0,0,0,0,0,0,0,0,50000,0,0,0,50000,0,50000,50000
063217,元金2X群益9B購03,0,0,0,0,0,0,0,0,0,50000,0,0,0,50000,0,50000,50000
064017,道瓊反元大9C購03,0,0,0,0,0,0,0,0,0,50000,0,0,0,50000,0,50000,50000
064007,嘉澤凱基02購01  ,0,0,0,0,0,0,0,0,0,50000,0,0,0,50000,0,50000,50000
06788P,臺股指元大98售05,0,0,0,0,0,0,0,0,0,49000,0,0,0,172000,123000,49000,49000
06424P,大成鋼永豐97售01,0,0,0,0,0,0,0,0,0,49000,0,0,0,99000,50000,49000,49000
2038,海光            ,65000,16000,49000,0,0,0,0,0,0,0,1000,1000,0,0,0,0,49000
1446,宏和            ,51000,3000,48000,0,0,0,0,0,0,1000,1000,0,1000,0,0,0,49000
2374,佳能            ,97000,54000,43000,0,0,0,0,0,0,6000,6000,0,6000,0,0,0,49000
061077,國巨兆豐9B購01  ,0,0,0,0,0,0,0,0,0,49000,0,0,0,163000,114000,49000,49000
056336,南亞科凱基98購02,0,0,0,0,0,0,0,0,0,49000,0,0,0,49000,0,49000,49000
055916,奇鋐凱基99購01  ,0,0,0,0,0,0,0,0,0,49000,0,0,0,139000,90000,49000,49000
056762,亞德客元大98購01,0,0,0,0,0,0,0,0,0,49000,0,0,0,96000,47000,49000,49000
05131P,聯詠統一97售01  ,0,0,0,0,0,0,0,0,0,49000,0,0,0,49000,0,49000,49000
061267,玉山金凱基9B購01,0,0,0,0,0,0,0,0,0,49000,0,0,0,80000,31000,49000,49000
057802,卜蜂元大98購01  ,0,0,0,0,0,0,0,0,0,49000,0,0,0,76000,27000,49000,49000
060679,聯詠元大9A購04  ,0,0,0,0,0,0,0,0,0,49000,0,0,0,54000,5000,49000,49000
063742,道瓊指國票9C購01,0,0,0,0,0,0,0,0,0,49000,0,0,0,63000,14000,49000,49000
062461,智伸科群益9B購01,0,0,0,0,0,0,0,0,0,49000,0,0,0,63000,14000,49000,49000
07814P,華通群益9A售06  ,0,0,0,0,0,0,0,0,0,48000,0,0,0,80000,32000,48000,48000
00690,兆豐藍籌30      ,0,0,0,0,0,0,0,0,0,48000,0,0,0,265000,217000,48000,48000
00656R,國泰中國A50反1  ,0,0,0,0,0,0,0,0,0,48000,0,0,0,155000,107000,48000,48000
054477,聯發科中信9C購02,0,0,0,0,0,0,0,0,0,48000,0,0,0,48000,0,48000,48000
054421,臺股指元大99購03,0,0,0,0,0,0,0,0,0,48000,0,0,0,48000,0,48000,48000
053761,健策國泰98購01  ,0,0,0,0,0,0,0,0,0,48000,0,0,0,107000,59000,48000,48000
054852,奇鋐國票98購01  ,0,0,0,0,0,0,0,0,0,48000,0,0,0,48000,0,48000,48000
055909,大成鋼凱基98購02,0,0,0,0,0,0,0,0,0,48000,0,0,0,48000,0,48000,48000
056980,建準群益98購02  ,0,0,0,0,0,0,0,0,0,48000,0,0,0,51000,3000,48000,48000
057189,康控元大98購02  ,0,0,0,0,0,0,0,0,0,48000,0,0,0,68000,20000,48000,48000
058741,欣興日盛99購01  ,0,0,0,0,0,0,0,0,0,48000,0,0,0,62000,14000,48000,48000
061431,鈺齊元大9A購01  ,0,0,0,0,0,0,0,0,0,48000,0,0,0,51000,3000,48000,48000
062344,力山群益9B購02  ,0,0,0,0,0,0,0,0,0,48000,0,0,0,79000,31000,48000,48000
062670,瑞昱中信03購01  ,0,0,0,0,0,0,0,0,0,48000,0,0,0,98000,50000,48000,48000
062319,南六凱基9B購02  ,0,0,0,0,0,0,0,0,0,48000,0,0,0,59000,11000,48000,48000
063747,國巨國票9C購06  ,0,0,0,0,0,0,0,0,0,48000,0,0,0,60000,12000,48000,48000
063767,義隆國泰02購01  ,0,0,0,0,0,0,0,0,0,48000,0,0,0,50000,2000,48000,48000
063424,新日興凱基01購01,0,0,0,0,0,0,0,0,0,48000,0,0,0,68000,20000,48000,48000
8033,雷虎            ,54000,6000,48000,0,0,0,0,0,0,0,0,0,0,0,0,0,48000
6024,群益期          ,67000,19000,48000,0,0,0,0,0,0,0,0,0,0,0,0,0,48000
3008,大立光          ,280321,224900,55421,0,0,0,0,6526,-6526,-1000,4000,1000,3000,1000,5000,-4000,47895
2702,華園            ,67000,21000,46000,0,0,0,0,0,0,1000,1000,0,1000,0,0,0,47000
2413,環科            ,50000,2000,48000,0,0,0,0,0,0,-1000,0,1000,-1000,0,0,0,47000
07721P,台積電凱基9A售22,0,0,0,0,0,0,0,0,0,47000,0,0,0,47000,0,47000,47000
07900P,臺股指凱基9B售03,0,0,0,0,0,0,0,0,0,47000,0,0,0,47000,0,47000,47000
07965P,玉晶光群益01售02,0,0,0,0,0,0,0,0,0,47000,0,0,0,50000,3000,47000,47000
08289P,智邦統一9C售01  ,0,0,0,0,0,0,0,0,0,47000,0,0,0,67000,20000,47000,47000
064332,聯發科元大01購01,0,0,0,0,0,0,0,0,0,47000,0,0,0,155000,108000,47000,47000
064640,和大凱基03購01  ,0,0,0,0,0,0,0,0,0,47000,0,0,0,51000,4000,47000,47000
07102P,南電元大99售03  ,0,0,0,0,0,0,0,0,0,47000,0,0,0,118000,71000,47000,47000
055773,瑞昱凱基97購03  ,0,0,0,0,0,0,0,0,0,47000,0,0,0,47000,0,47000,47000
056810,群創統一9A購01  ,0,0,0,0,0,0,0,0,0,47000,0,0,0,87000,40000,47000,47000
049842,道瓊反中信98購01,0,0,0,0,0,0,0,0,0,47000,0,0,0,100000,53000,47000,47000
063478,GIS元大9B購03   ,0,0,0,0,0,0,0,0,0,47000,0,0,0,47000,0,47000,47000
063336,大成鋼統一9C購02,0,0,0,0,0,0,0,0,0,47000,0,0,0,99000,52000,47000,47000
062590,亞光統一9B購01  ,0,0,0,0,0,0,0,0,0,47000,0,0,0,48000,1000,47000,47000
062373,泰鼎元大9B購01  ,1000,0,1000,0,0,0,0,0,0,46000,0,0,0,208000,162000,46000,47000
9908,大台北          ,55000,8000,47000,0,0,0,0,0,0,0,0,0,0,0,0,0,47000
08333P,大立光富邦02售03,0,0,0,0,0,0,0,0,0,46000,0,0,0,48000,2000,46000,46000
2539,櫻花建          ,81000,35000,46000,0,0,0,0,0,0,0,0,0,0,0,0,0,46000
020008,元大特股高息N   ,0,0,0,0,0,0,0,0,0,46000,0,0,0,54000,8000,46000,46000
055910,瑞昱凱基98購01  ,0,0,0,0,0,0,0,0,0,46000,0,0,0,46000,0,46000,46000
056376,玉晶光統一98購01,0,0,0,0,0,0,0,0,0,46000,0,0,0,66000,20000,46000,46000
056540,聯詠凱基98購02  ,0,0,0,0,0,0,0,0,0,46000,0,0,0,46000,0,46000,46000
061081,宏碁兆豐9A購01  ,0,0,0,0,0,0,0,0,0,46000,0,0,0,256000,210000,46000,46000
059612,奇鋐永豐99購02  ,0,0,0,0,0,0,0,0,0,46000,0,0,0,53000,7000,46000,46000
059919,宏達電元大99購06,0,0,0,0,0,0,0,0,0,46000,0,0,0,191000,145000,46000,46000
060762,長榮航元大9A購02,0,0,0,0,0,0,0,0,0,46000,0,0,0,50000,4000,46000,46000
062168,大毅永豐9B購01  ,0,0,0,0,0,0,0,0,0,46000,0,0,0,87000,41000,46000,46000
062087,瑞祺元大9B購02  ,0,0,0,0,0,0,0,0,0,46000,0,0,0,179000,133000,46000,46000
061931,力山國票9B購02  ,0,0,0,0,0,0,0,0,0,46000,0,0,0,53000,7000,46000,46000
063357,聯發科國泰01購04,0,0,0,0,0,0,0,0,0,46000,0,0,0,46000,0,46000,46000
063290,GIS元大9B購02   ,0,0,0,0,0,0,0,0,0,46000,0,0,0,86000,40000,46000,46000
064061,GIS麥證01購01   ,0,0,0,47000,1000,46000,0,0,0,46000,0,0,0,47000,1000,46000,46000
6531,愛普            ,66000,22000,44000,0,0,0,0,0,0,2000,2000,0,2000,0,0,0,46000
08426P,奇力新國票01售01,0,0,0,0,0,0,0,0,0,45000,0,0,0,55000,10000,45000,45000
08170P,緯穎群益9B售03  ,0,0,0,0,0,0,0,0,0,45000,0,0,0,50000,5000,45000,45000
08053P,臺股指國票9B售18,0,0,0,0,0,0,0,0,0,45000,0,0,0,101000,56000,45000,45000
08120P,南亞科國票9C售01,0,0,0,0,0,0,0,0,0,45000,0,0,0,45000,0,45000,45000
064412,緯穎凱基01購01  ,0,0,0,0,0,0,0,0,0,45000,0,0,0,162000,117000,45000,45000
055850,聯詠元大97購06  ,0,0,0,0,0,0,0,0,0,45000,0,0,0,51000,6000,45000,45000
00660,元大歐洲50      ,0,0,0,0,0,0,0,0,0,45000,0,0,0,46000,1000,45000,45000
05466P,旺宏富邦97售01  ,0,0,0,0,0,0,0,0,0,45000,0,0,0,50000,5000,45000,45000
058775,台積電國票9A購02,0,0,0,0,0,0,0,0,0,45000,0,0,0,70000,25000,45000,45000
061403,滬深2X國票9A購06,0,0,0,0,0,0,0,0,0,45000,0,0,0,45000,0,45000,45000
06177P,玉晶光元大98售07,0,0,0,0,0,0,0,0,0,45000,0,0,0,182000,137000,45000,45000
057998,玉晶光麥證9A購01,0,0,0,65000,60000,5000,0,0,0,45000,0,0,0,105000,60000,45000,45000
063823,T50反1國票01購02,0,0,0,0,0,0,0,0,0,45000,0,0,0,175000,130000,45000,45000
063223,牧德群益9B購04  ,0,0,0,0,0,0,0,0,0,45000,0,0,0,55000,10000,45000,45000
062377,力成元大9B購01  ,0,0,0,0,0,0,0,0,0,45000,0,0,0,65000,20000,45000,45000
062499,鴻海群益01購01  ,0,0,0,0,0,0,0,0,0,45000,0,0,0,52000,7000,45000,45000
062664,群創群益9B購02  ,0,0,0,0,0,0,0,0,0,45000,0,0,0,45000,0,45000,45000
062852,聯發科永豐9B購02,0,0,0,0,0,0,0,0,0,45000,0,0,0,45000,0,45000,45000
9927,泰銘            ,45000,0,45000,0,0,0,0,0,0,0,0,0,0,0,0,0,45000
08027P,嘉晶元大9B售03  ,0,0,0,0,0,0,0,0,0,44000,0,0,0,69000,25000,44000,44000
07999P,台達電凱基9B售02,0,0,0,0,0,0,0,0,0,44000,0,0,0,64000,20000,44000,44000
07764P,世紀鋼永豐9A售04,0,0,0,0,0,0,0,0,0,44000,0,0,0,44000,0,44000,44000
07692P,玉晶光元大9A售11,0,0,0,0,0,0,0,0,0,44000,0,0,0,45000,1000,44000,44000
07668P,旺宏元大9A售10  ,0,0,0,0,0,0,0,0,0,44000,0,0,0,74000,30000,44000,44000
2612,中航            ,65000,21000,44000,0,0,0,0,0,0,0,0,0,0,0,0,0,44000
2849,安泰銀          ,85000,41000,44000,0,0,0,0,0,0,0,0,0,0,0,0,0,44000
1589,永冠-KY         ,57000,13000,44000,0,0,0,0,0,0,0,0,0,0,0,0,0,44000
00851,台新全球AI      ,0,0,0,0,0,0,0,0,0,44000,0,0,0,74000,30000,44000,44000
058611,欣興元大99購06  ,0,0,0,0,0,0,0,0,0,44000,0,0,0,130000,86000,44000,44000
057273,智邦元大98購05  ,0,0,0,0,0,0,0,0,0,44000,0,0,0,63000,19000,44000,44000
061381,台灣50群益9B購07,0,0,0,0,0,0,0,0,0,44000,0,0,0,100000,56000,44000,44000
05830P,滬深2X元富99售03,0,0,0,0,0,0,0,0,0,44000,0,0,0,343000,299000,44000,44000
058783,臺股指國票99購02,0,0,0,0,0,0,0,0,0,44000,0,0,0,44000,0,44000,44000
062857,SP黃豆國票9C購01,0,0,0,0,0,0,0,0,0,44000,0,0,0,44000,0,44000,44000
061611,南六統一01購01  ,0,0,0,0,0,0,0,0,0,44000,0,0,0,54000,10000,44000,44000
061643,嘉澤元大9A購05  ,0,0,0,0,0,0,0,0,0,44000,0,0,0,48000,4000,44000,44000
6136,富爾特          ,51000,20000,31000,0,0,0,0,0,0,13000,13000,0,13000,0,0,0,44000
1312,國喬            ,972000,935000,37000,0,0,0,0,0,0,6000,34000,18000,16000,2000,12000,-10000,43000
07955P,大成鋼群益9B售02,0,0,0,0,0,0,0,0,0,43000,0,0,0,68000,25000,43000,43000
07568P,鴻海凱基9A售22  ,0,0,0,0,0,0,0,0,0,43000,0,0,0,43000,0,43000,43000
058498,世紀鋼群益99購01,0,0,0,0,0,0,0,0,0,43000,0,0,0,140000,97000,43000,43000
055312,台虹群益99購01  ,0,0,0,0,0,0,0,0,0,43000,0,0,0,100000,57000,43000,43000
054296,世芯元大97購01  ,0,0,0,0,0,0,0,0,0,43000,0,0,0,43000,0,43000,43000
058110,光寶科元富98購01,0,0,0,0,0,0,0,0,0,43000,0,0,0,63000,20000,43000,43000
059941,聯發科永豐99購04,0,0,0,0,0,0,0,0,0,43000,0,0,0,82000,39000,43000,43000
06082P,華通統一98售01  ,0,0,0,0,0,0,0,0,0,43000,0,0,0,65000,22000,43000,43000
062327,燿華統一9B購02  ,0,0,0,0,0,0,0,0,0,43000,0,0,0,43000,0,43000,43000
062930,旺宏統一9C購02  ,0,0,0,0,0,0,0,0,0,43000,0,0,0,65000,22000,43000,43000
063186,聯發科凱基9C購04,0,0,0,0,0,0,0,0,0,43000,0,0,0,43000,0,43000,43000
9943,好樂迪          ,59000,16000,43000,0,0,0,0,0,0,0,0,0,0,0,0,0,43000
07344P,鴻海富邦9A售03  ,0,0,0,0,0,0,0,0,0,42000,0,0,0,42000,0,42000,42000
06626P,大立光統一9A售01,0,0,0,0,0,0,0,0,0,42000,0,0,0,42000,0,42000,42000
06458P,玉晶光統一9A售02,0,0,0,0,0,0,0,0,0,42000,0,0,0,57000,15000,42000,42000
2527,宏璟            ,62000,24000,38000,0,0,0,0,0,0,4000,4000,0,4000,0,0,0,42000
056281,深中小永豐97購01,0,0,0,0,0,0,0,0,0,42000,0,0,0,42000,0,42000,42000
060432,達方永豐9A購01  ,0,0,0,0,0,0,0,0,0,42000,0,0,0,205000,163000,42000,42000
058160,奇鋐元富99購01  ,0,0,0,0,0,0,0,0,0,42000,0,0,0,107000,65000,42000,42000
063026,南六元大9B購04  ,0,0,0,0,0,0,0,0,0,42000,0,0,0,102000,60000,42000,42000
063593,GIS永豐9B購01   ,0,0,0,0,0,0,0,0,0,42000,0,0,0,51000,9000,42000,42000
064147,瑞昱統一01購04  ,0,0,0,0,0,0,0,0,0,42000,0,0,0,137000,95000,42000,42000
06259P,臺股指群益97售12,0,0,0,0,0,0,0,0,0,42000,0,0,0,65000,23000,42000,42000
062108,晶豪科國票9B購01,0,0,0,0,0,0,0,0,0,42000,0,0,0,77000,35000,42000,42000
3694,海華            ,50000,7000,43000,0,0,0,0,0,0,-1000,1000,2000,-1000,0,0,0,42000
4739,康普            ,95000,51000,44000,0,0,0,0,0,0,-2000,0,0,0,0,2000,-2000,42000
3022,威強電          ,121000,82000,39000,0,0,0,0,0,0,2000,2000,0,2000,0,0,0,41000
1506,正道            ,48000,7000,41000,0,0,0,0,0,0,0,0,0,0,0,0,0,41000
2010,春源            ,140000,99000,41000,0,0,0,0,0,0,0,0,0,0,0,0,0,41000
07966P,瑞祺群益9B售02  ,0,0,0,0,0,0,0,0,0,41000,0,0,0,51000,10000,41000,41000
08145P,台灣50群益9B售11,0,0,0,0,0,0,0,0,0,41000,0,0,0,158000,117000,41000,41000
08244P,同欣電凱基9C售03,0,0,0,0,0,0,0,0,0,41000,0,0,0,46000,5000,41000,41000
08297P,寶成元大9C售01  ,0,0,0,0,0,0,0,0,0,41000,0,0,0,41000,0,41000,41000
064311,新光金群益01購02,0,0,0,0,0,0,0,0,0,41000,0,0,0,51000,10000,41000,41000
06552P,茂林元大99售02  ,0,0,0,0,0,0,0,0,0,41000,0,0,0,46000,5000,41000,41000
07482P,南亞科元富9A售04,0,0,0,0,0,0,0,0,0,41000,0,0,0,41000,0,41000,41000
061436,上銀凱基9A購07  ,0,0,0,0,0,0,0,0,0,41000,0,0,0,66000,25000,41000,41000
061377,聯發科永豐9A購04,0,0,0,0,0,0,0,0,0,41000,0,0,0,51000,10000,41000,41000
058421,國泰金麥證01購01,0,0,0,121000,80000,41000,0,0,0,41000,0,0,0,121000,80000,41000,41000
060601,技嘉凱基9A購02  ,0,0,0,0,0,0,0,0,0,41000,0,0,0,56000,15000,41000,41000
064005,義隆凱基01購01  ,0,0,0,0,0,0,0,0,0,41000,0,0,0,71000,30000,41000,41000
063705,臻鼎群益9B購03  ,0,0,0,0,0,0,0,0,0,41000,0,0,0,55000,14000,41000,41000
063500,嘉晶永豐9B購02  ,0,0,0,0,0,0,0,0,0,41000,0,0,0,51000,10000,41000,41000
063185,聯發科凱基9C購03,0,0,0,0,0,0,0,0,0,41000,0,0,0,61000,20000,41000,41000
07088P,訊芯永豐99售02  ,0,0,0,0,0,0,0,0,0,40000,0,0,0,234000,194000,40000,40000
07191P,台積電元大99售32,0,0,0,0,0,0,0,0,0,40000,0,0,0,40000,0,40000,40000
06838P,台積電統一99售05,0,0,0,0,0,0,0,0,0,40000,0,0,0,40000,0,40000,40000
064444,聚陽統一01購02  ,0,0,0,0,0,0,0,0,0,40000,0,0,0,203000,163000,40000,40000
08068P,宏達電國泰9C售01,0,0,0,0,0,0,0,0,0,40000,0,0,0,40000,0,40000,40000
07878P,智邦群益9C售01  ,0,0,0,0,0,0,0,0,0,40000,0,0,0,40000,0,40000,40000
07819P,旺宏國票9B售01  ,0,0,0,0,0,0,0,0,0,40000,0,0,0,155000,115000,40000,40000
1340,勝悅-KY         ,58000,18000,40000,0,0,0,0,0,0,0,0,0,0,0,0,0,40000
2516,新建            ,47000,7000,40000,0,0,0,0,0,0,0,0,0,0,0,0,0,40000
061041,南電永豐9A購03  ,0,0,0,0,0,0,0,0,0,40000,0,0,0,70000,30000,40000,40000
057232,京元電凱基98購02,0,0,0,0,0,0,0,0,0,40000,0,0,0,100000,60000,40000,40000
054370,台積電中信9A購01,0,0,0,0,0,0,0,0,0,40000,0,0,0,60000,20000,40000,40000
054531,聯發科國泰97購02,0,0,0,0,0,0,0,0,0,40000,0,0,0,40000,0,40000,40000
054770,健策國票98購01  ,0,0,0,0,0,0,0,0,0,40000,0,0,0,50000,10000,40000,40000
055377,揚明光元大98購01,0,0,0,0,0,0,0,0,0,40000,0,0,0,140000,100000,40000,40000
055384,緯穎元大98購02  ,0,0,0,0,0,0,0,0,0,40000,0,0,0,40000,0,40000,40000
05316P,台積電永昌96售06,0,0,0,0,0,0,0,0,0,40000,0,0,0,40000,0,40000,40000
053092,台表科元大97購02,0,0,0,0,0,0,0,0,0,40000,0,0,0,58000,18000,40000,40000
052986,聯發科元大97購05,0,0,0,0,0,0,0,0,0,40000,0,0,0,316000,276000,40000,40000
05304P,國巨國泰97售02  ,0,0,0,0,0,0,0,0,0,40000,0,0,0,40000,0,40000,40000
051286,國巨統一97購01  ,0,0,0,0,0,0,0,0,0,40000,0,0,0,40000,0,40000,40000
051424,緯穎國票97購01  ,0,0,0,0,0,0,0,0,0,40000,0,0,0,40000,0,40000,40000
051530,鴻海國票97購01  ,0,0,0,0,0,0,0,0,0,40000,0,0,0,40000,0,40000,40000
05271P,國巨富邦97售01  ,0,0,0,0,0,0,0,0,0,40000,0,0,0,40000,0,40000,40000
060634,矽創富邦9B購01  ,0,0,0,0,0,0,0,0,0,40000,0,0,0,40000,0,40000,40000
059634,可成凱基99購07  ,0,0,0,0,0,0,0,0,0,40000,0,0,0,51000,11000,40000,40000
058484,元金2X國票04購01,0,0,0,0,0,0,0,0,0,40000,0,0,0,40000,0,40000,40000
058786,元黃金元大99購01,0,0,0,0,0,0,0,0,0,40000,0,0,0,40000,0,40000,40000
058298,聯茂凱基99購05  ,0,0,0,0,0,0,0,0,0,40000,0,0,0,92000,52000,40000,40000
060469,台勝科元大9A購02,0,0,0,0,0,0,0,0,0,40000,0,0,0,50000,10000,40000,40000
063086,祥碩凱基9C購01  ,0,0,0,0,0,0,0,0,0,40000,0,0,0,137000,97000,40000,40000
06339P,上銀統一97售06  ,0,0,0,0,0,0,0,0,0,40000,0,0,0,40000,0,40000,40000
06374P,台表科元大97售06,0,0,0,0,0,0,0,0,0,40000,0,0,0,40000,0,40000,40000
063813,瑞昱群益9C購02  ,0,0,0,0,0,0,0,0,0,40000,0,0,0,96000,56000,40000,40000
064078,台積電中信06購04,0,0,0,0,0,0,0,0,0,40000,0,0,0,41000,1000,40000,40000
062127,台勝科統一01購02,0,0,0,0,0,0,0,0,0,40000,0,0,0,40000,0,40000,40000
062313,聯詠凱基9C購01  ,0,0,0,0,0,0,0,0,0,40000,0,0,0,40000,0,40000,40000
061932,上銀國票9B購01  ,0,0,0,0,0,0,0,0,0,40000,0,0,0,40000,0,40000,40000
062556,瑞昱凱基9B購02  ,0,0,0,0,0,0,0,0,0,40000,0,0,0,141000,101000,40000,40000
062832,嘉澤群益9B購02  ,0,0,0,0,0,0,0,0,0,40000,0,0,0,50000,10000,40000,40000
4106,雃博            ,606000,566000,40000,0,0,0,0,0,0,0,0,0,0,0,0,0,40000
3583,辛耘            ,69000,30000,39000,0,0,0,0,0,0,1000,1000,0,1000,0,0,0,40000
8499,鼎炫-KY         ,50000,10000,40000,0,0,0,0,0,0,0,0,0,0,0,0,0,40000
1442,名軒            ,80000,40761,39239,0,0,0,0,0,0,0,0,0,0,0,0,0,39239
1532,勤美            ,69000,30000,39000,0,0,0,0,0,0,0,1000,1000,0,0,0,0,39000
2908,特力            ,119000,80000,39000,0,0,0,0,0,0,0,0,0,0,0,0,0,39000
07972P,大立光統一9C售05,0,0,0,0,0,0,0,0,0,39000,0,0,0,64000,25000,39000,39000
08127P,聯發科元大9B售21,0,0,0,0,0,0,0,0,0,39000,0,0,0,55000,16000,39000,39000
054472,道瓊反中信9A購01,0,0,0,0,0,0,0,0,0,39000,0,0,0,830000,791000,39000,39000
055029,帆宣國泰99購01  ,0,0,0,0,0,0,0,0,0,39000,0,0,0,141000,102000,39000,39000
055949,亞德客元大97購04,0,0,0,0,0,0,0,0,0,39000,0,0,0,63000,24000,39000,39000
060199,台郡元富9A購01  ,0,0,0,0,0,0,0,0,0,39000,0,0,0,39000,0,39000,39000
062586,國巨統一01購06  ,0,0,0,0,0,0,0,0,0,39000,0,0,0,59000,20000,39000,39000
062359,旺宏元大9C購02  ,0,0,0,0,0,0,0,0,0,39000,0,0,0,40000,1000,39000,39000
062353,亞德客元大9B購01,0,0,0,0,0,0,0,0,0,39000,0,0,0,168000,129000,39000,39000
062083,健策元大9C購03  ,0,0,0,0,0,0,0,0,0,39000,0,0,0,40000,1000,39000,39000
063837,亞德客元大01購01,0,0,0,0,0,0,0,0,0,39000,0,0,0,50000,11000,39000,39000
063884,台表科元富03購01,0,0,0,0,0,0,0,0,0,39000,0,0,0,215000,176000,39000,39000
063229,台表科群益9B購04,0,0,0,0,0,0,0,0,0,39000,0,0,0,44000,5000,39000,39000
9924,福興            ,112000,73000,39000,0,0,0,0,0,0,0,0,0,0,0,0,0,39000
5546,永固-KY         ,49000,10000,39000,0,0,0,0,0,0,0,0,0,0,0,0,0,39000
08080P,祥碩國票9B售03  ,0,0,0,0,0,0,0,0,0,38000,0,0,0,189000,151000,38000,38000
08301P,台積電兆豐9C售02,0,0,0,0,0,0,0,0,0,38000,0,0,0,50000,12000,38000,38000
07702P,台積電中信9A售06,0,0,0,0,0,0,0,0,0,38000,0,0,0,38000,0,38000,38000
1626,艾美特-KY       ,34000,1000,33000,0,0,0,0,0,0,5000,7000,2000,5000,0,0,0,38000
2351,順德            ,126000,97000,29000,0,0,0,7000,0,7000,2000,2000,0,2000,0,0,0,38000
06603P,立積統一99售01  ,0,0,0,0,0,0,0,0,0,38000,0,0,0,44000,6000,38000,38000
07070P,晶相光元富99售01,0,0,0,0,0,0,0,0,0,38000,0,0,0,38000,0,38000,38000
057226,上銀凱基98購06  ,0,0,0,0,0,0,0,0,0,38000,0,0,0,67000,29000,38000,38000
054307,高鐵凱基98購01  ,0,0,0,0,0,0,0,0,0,38000,0,0,0,48000,10000,38000,38000
059918,華新科元大99購20,0,0,0,0,0,0,0,0,0,38000,0,0,0,98000,60000,38000,38000
060315,易華電永豐9A購01,0,0,0,0,0,0,0,0,0,38000,0,0,0,38000,0,38000,38000
058936,國喬中信99購01  ,0,0,0,0,0,0,0,0,0,38000,0,0,0,101000,63000,38000,38000
058261,大立光富邦03購01,0,0,0,0,0,0,0,0,0,38000,0,0,0,38000,0,38000,38000
058123,亞光國票9A購01  ,0,0,0,0,0,0,0,0,0,38000,0,0,0,38000,0,38000,38000
063018,聯發科元大9B購14,0,0,0,0,0,0,0,0,0,38000,0,0,0,54000,16000,38000,38000
063419,聯發科凱基03購01,0,0,0,0,0,0,0,0,0,38000,0,0,0,38000,0,38000,38000
064156,大立光統一01購06,0,0,0,0,0,0,0,0,0,38000,0,0,0,38000,0,38000,38000
062004,國巨國泰9C購03  ,0,0,0,0,0,0,0,0,0,38000,0,0,0,141000,103000,38000,38000
061961,台積電統一01購02,0,0,0,0,0,0,0,0,0,38000,0,0,0,40000,2000,38000,38000
062615,亞德客元大9B購02,0,0,0,0,0,0,0,0,0,38000,0,0,0,113000,75000,38000,38000
06269P,群創凱基98售10  ,0,0,0,0,0,0,0,0,0,38000,0,0,0,38000,0,38000,38000
4144,康聯-KY         ,132000,94000,38000,0,0,0,0,0,0,0,0,0,0,0,0,0,38000
064511,GIS元大9C購05   ,0,0,0,0,0,0,0,0,0,37000,0,0,0,41000,4000,37000,37000
1618,合機            ,37000,0,37000,0,0,0,0,0,0,0,0,0,0,0,0,0,37000
2904,匯僑            ,37000,0,37000,0,0,0,0,0,0,0,0,0,0,0,0,0,37000
2423,固緯            ,44000,12000,32000,0,0,0,0,0,0,5000,5000,0,5000,0,0,0,37000
07870P,鴻海群益9B售01  ,0,0,0,0,0,0,0,0,0,37000,0,0,0,37000,0,37000,37000
054627,義隆凱基98購01  ,0,0,0,0,0,0,0,0,0,37000,0,0,0,67000,30000,37000,37000
052766,玉晶光群益9A購01,0,0,0,0,0,0,0,0,0,37000,0,0,0,42000,5000,37000,37000
00683L,元大美元指數正2 ,0,0,0,0,0,0,0,0,0,37000,0,0,0,76000,39000,37000,37000
053293,聯發科中信9B購01,0,0,0,0,0,0,0,0,0,37000,0,0,0,48000,11000,37000,37000
057374,禾伸堂元大99購03,0,0,0,0,0,0,0,0,0,37000,0,0,0,88000,51000,37000,37000
061426,玉晶光元大9A購15,0,0,0,0,0,0,0,0,0,37000,0,0,0,77000,40000,37000,37000
059926,世紀鋼國泰9B購01,0,0,0,0,0,0,0,0,0,37000,0,0,0,59000,22000,37000,37000
061913,宏碁中信9B購01  ,0,0,0,0,0,0,0,0,0,37000,0,0,0,137000,100000,37000,37000
064116,T50反1元大9C購03,0,0,0,0,0,0,0,0,0,37000,0,0,0,197000,160000,37000,37000
063382,南茂永豐9B購01  ,0,0,0,0,0,0,0,0,0,37000,0,0,0,47000,10000,37000,37000
8463,潤泰材          ,39000,2000,37000,0,0,0,0,0,0,0,0,0,0,0,0,0,37000
07864P,可成元大9B售01  ,0,0,0,0,0,0,0,0,0,36000,0,0,0,36000,0,36000,36000
07648P,祥碩國票9B售01  ,0,0,0,0,0,0,0,0,0,36000,0,0,0,70000,34000,36000,36000
08390P,旺宏凱基9C售02  ,0,0,0,0,0,0,0,0,0,36000,0,0,0,36000,0,36000,36000
2029,盛餘            ,37000,1000,36000,0,0,0,0,0,0,0,0,0,0,0,0,0,36000
057377,康控元大99購02  ,0,0,0,0,0,0,0,0,0,36000,0,0,0,207000,171000,36000,36000
053027,玉晶光富邦98購01,0,0,0,0,0,0,0,0,0,36000,0,0,0,36000,0,36000,36000
03684C,臺股指元大06牛01,0,0,0,0,0,0,0,0,0,36000,0,0,0,41000,5000,36000,36000
054704,玉晶光第一97購01,0,0,0,0,0,0,0,0,0,36000,0,0,0,36000,0,36000,36000
058435,旺宏統一9B購02  ,0,0,0,0,0,0,0,0,0,36000,0,0,0,56000,20000,36000,36000
059692,聯詠永豐99購01  ,0,0,0,0,0,0,0,0,0,36000,0,0,0,36000,0,36000,36000
057931,正崴群益98購02  ,0,0,0,0,0,0,0,0,0,36000,0,0,0,46000,10000,36000,36000
064202,景碩兆豐9C購01  ,0,0,0,0,0,0,0,0,0,36000,0,0,0,124000,88000,36000,36000
061963,台積電統一01購04,0,0,0,0,0,0,0,0,0,36000,0,0,0,115000,79000,36000,36000
062160,南六凱基9B購01  ,0,0,0,0,0,0,0,0,0,36000,0,0,0,50000,14000,36000,36000
062633,亞光國票9B購01  ,0,0,0,0,0,0,0,0,0,36000,0,0,0,147000,111000,36000,36000
6541,泰福-KY         ,83000,47000,36000,0,0,0,0,0,0,0,0,0,0,0,0,0,36000
6591,動力-KY         ,45000,8000,37000,0,0,0,0,0,0,-1000,0,1000,-1000,0,0,0,36000
2514,龍邦            ,70000,34340,35660,0,0,0,0,0,0,0,0,0,0,0,0,0,35660
08056P,華通群益9B售06  ,0,0,0,0,0,0,0,0,0,35000,0,0,0,45000,10000,35000,35000
064359,華通統一9C購05  ,0,0,0,0,0,0,0,0,0,35000,0,0,0,44000,9000,35000,35000
06539P,聯發科凱基98售12,0,0,0,0,0,0,0,0,0,35000,0,0,0,65000,30000,35000,35000
057605,旺宏統一99購03  ,0,0,0,0,0,0,0,0,0,35000,0,0,0,35000,0,35000,35000
054463,瑞昱凱基97購01  ,0,0,0,0,0,0,0,0,0,35000,0,0,0,35000,0,35000,35000
053378,台積電元大98購02,0,0,0,0,0,0,0,0,0,35000,0,0,0,35000,0,35000,35000
052777,燿華國票98購01  ,0,0,0,0,0,0,0,0,0,35000,0,0,0,35000,0,35000,35000
052604,建準元大97購01  ,0,0,0,0,0,0,0,0,0,35000,0,0,0,35000,0,35000,35000
00672L,元大S&P原油正2  ,0,0,0,0,0,0,0,0,0,35000,0,0,0,125000,90000,35000,35000
052981,鴻海元大97購05  ,0,0,0,0,0,0,0,0,0,35000,0,0,0,35000,0,35000,35000
055341,台達電凱基97購02,0,0,0,0,0,0,0,0,0,35000,0,0,0,35000,0,35000,35000
055254,聯詠統一97購03  ,0,0,0,0,0,0,0,0,0,35000,0,0,0,35000,0,35000,35000
046793,聯發科元富99購01,0,0,0,0,0,0,0,0,0,35000,0,0,0,38000,3000,35000,35000
06105P,國巨國票98售02  ,0,0,0,0,0,0,0,0,0,35000,0,0,0,131000,96000,35000,35000
061102,台積電元大9A購22,0,0,0,0,0,0,0,0,0,35000,0,0,0,35000,0,35000,35000
058599,T50反1元大99購05,0,0,0,0,0,0,0,0,0,35000,0,0,0,40000,5000,35000,35000
056177,嘉澤元富97購01  ,0,0,0,0,0,0,0,0,0,35000,0,0,0,129000,94000,35000,35000
055599,TPK元大97購01   ,0,0,0,0,0,0,0,0,0,35000,0,0,0,115000,80000,35000,35000
058906,晶相光元大99購01,0,0,0,0,0,0,0,0,0,35000,0,0,0,35000,0,35000,35000
058008,禾伸堂國票99購02,0,0,0,0,0,0,0,0,0,35000,0,0,0,35000,0,35000,35000
061190,力山永豐9A購02  ,0,0,0,0,0,0,0,0,0,35000,0,0,0,84000,49000,35000,35000
061728,華新科麥證9A購02,0,0,0,75000,40000,35000,0,0,0,35000,0,0,0,75000,40000,35000,35000
060631,微星富邦9B購01  ,0,0,0,0,0,0,0,0,0,35000,0,0,0,35000,0,35000,35000
059638,大立光凱基99購11,0,0,0,0,0,0,0,0,0,35000,0,0,0,35000,0,35000,35000
060534,友達麥證9A購01  ,0,0,0,35000,0,35000,0,0,0,35000,0,0,0,35000,0,35000,35000
058767,亞德客兆豐99購01,0,0,0,0,0,0,0,0,0,35000,0,0,0,110000,75000,35000,35000
060115,南電元大99購06  ,0,0,0,0,0,0,0,0,0,35000,0,0,0,43000,8000,35000,35000
059215,台積電元大99購28,0,0,0,0,0,0,0,0,0,35000,0,0,0,95000,60000,35000,35000
062885,臻鼎兆豐9C購01  ,0,0,0,0,0,0,0,0,0,35000,0,0,0,197000,162000,35000,35000
061457,TPK凱基9A購01   ,0,0,0,0,0,0,0,0,0,35000,0,0,0,45000,10000,35000,35000
061855,台郡國票9B購01  ,0,0,0,0,0,0,0,0,0,35000,0,0,0,35000,0,35000,35000
063580,立積國泰9C購01  ,0,0,0,0,0,0,0,0,0,35000,0,0,0,330000,295000,35000,35000
063571,TPK元大9B購03   ,0,0,0,0,0,0,0,0,0,35000,0,0,0,35000,0,35000,35000
063208,鈺齊統一9C購01  ,0,0,0,0,0,0,0,0,0,35000,0,0,0,181000,146000,35000,35000
6115,鎰勝            ,32000,0,32000,0,0,0,0,0,0,3000,3000,0,3000,0,0,0,35000
07110P,台灣50群益9B售03,0,0,0,0,0,0,0,0,0,34000,0,0,0,72000,38000,34000,34000
07688P,華通元大9A售07  ,0,0,0,0,0,0,0,0,0,34000,0,0,0,34000,0,34000,34000
2731,雄獅            ,72000,38000,34000,0,0,0,0,0,0,0,0,0,0,0,0,0,34000
1419,新紡            ,70000,36000,34000,0,0,0,0,0,0,0,0,0,0,0,0,0,34000
055603,超眾元大97購04  ,0,0,0,0,0,0,0,0,0,34000,0,0,0,35000,1000,34000,34000
061105,宏達電元大9A購04,0,0,0,0,0,0,0,0,0,34000,0,0,0,176000,142000,34000,34000
057375,欣興元大98購09  ,0,0,0,0,0,0,0,0,0,34000,0,0,0,78000,44000,34000,34000
057475,聯電元大9A購01  ,0,0,0,0,0,0,0,0,0,34000,0,0,0,862000,828000,34000,34000
057170,瑞昱元大98購01  ,0,0,0,0,0,0,0,0,0,34000,0,0,0,50000,16000,34000,34000
053971,聯發科元大97購09,0,0,0,0,0,0,0,0,0,34000,0,0,0,34000,0,34000,34000
054564,玉晶光群益99購01,0,0,0,0,0,0,0,0,0,34000,0,0,0,39000,5000,34000,34000
05887P,友達元富99售03  ,0,0,0,0,0,0,0,0,0,34000,0,0,0,44000,10000,34000,34000
058372,欣興凱基99購03  ,0,0,0,0,0,0,0,0,0,34000,0,0,0,34000,0,34000,34000
061509,SP黃豆富邦9C購01,0,0,0,0,0,0,0,0,0,34000,0,0,0,219000,185000,34000,34000
058296,明泰凱基99購01  ,0,0,0,0,0,0,0,0,0,34000,0,0,0,34000,0,34000,34000
060510,大立光元大9A購03,0,0,0,0,0,0,0,0,0,34000,0,0,0,34000,0,34000,34000
063022,嘉晶元大9B購04  ,0,0,0,0,0,0,0,0,0,34000,0,0,0,50000,16000,34000,34000
063123,聯發科元大9B購16,0,0,0,0,0,0,0,0,0,34000,0,0,0,64000,30000,34000,34000
063388,台光電兆豐9C購01,0,0,0,0,0,0,0,0,0,34000,0,0,0,275000,241000,34000,34000
062228,南六統一02購01  ,0,0,0,0,0,0,0,0,0,34000,0,0,0,34000,0,34000,34000
062911,聯詠元大9B購03  ,0,0,0,0,0,0,0,0,0,34000,0,0,0,54000,20000,34000,34000
062489,可成永豐9B購02  ,0,0,0,0,0,0,0,0,0,34000,0,0,0,34000,0,34000,34000
5225,東科-KY         ,45000,10000,35000,0,0,0,0,0,0,-1000,0,1000,-1000,0,0,0,34000
3543,州巧            ,35000,1000,34000,0,0,0,0,0,0,0,0,0,0,0,0,0,34000
3705,永信            ,196000,162000,34000,0,0,0,0,0,0,0,0,0,0,0,0,0,34000
3356,奇偶            ,59000,25000,34000,0,0,0,0,0,0,0,0,0,0,0,0,0,34000
8222,寶一            ,49000,15000,34000,0,0,0,0,0,0,0,0,0,0,0,0,0,34000
1219,福壽            ,34000,1000,33000,0,0,0,0,0,0,0,0,0,0,0,0,0,33000
1731,美吾華          ,161000,128000,33000,0,0,0,0,0,0,0,0,0,0,0,0,0,33000
07782P,寶成凱基9A售02  ,0,0,0,0,0,0,0,0,0,33000,0,0,0,40000,7000,33000,33000
07944P,華新科元大9B售08,0,0,0,0,0,0,0,0,0,33000,0,0,0,104000,71000,33000,33000
08318P,台積電台新01售01,0,0,0,0,0,0,0,0,0,33000,0,0,0,35000,2000,33000,33000
054638,國泰金中信99購01,0,0,0,0,0,0,0,0,0,33000,0,0,0,37000,4000,33000,33000
055120,南港兆豐97購01  ,0,0,0,0,0,0,0,0,0,33000,0,0,0,33000,0,33000,33000
053111,緯創兆豐97購01  ,0,0,0,0,0,0,0,0,0,33000,0,0,0,33000,0,33000,33000
059610,上銀永豐99購02  ,0,0,0,0,0,0,0,0,0,33000,0,0,0,33000,0,33000,33000
062450,臻鼎元大9B購02  ,0,0,0,0,0,0,0,0,0,33000,0,0,0,51000,18000,33000,33000
062426,大立光統一02購02,0,0,0,0,0,0,0,0,0,33000,0,0,0,45000,12000,33000,33000
061639,晶豪科元大9A購02,0,0,0,0,0,0,0,0,0,33000,0,0,0,53000,20000,33000,33000
061552,南六群益9A購02  ,0,0,0,0,0,0,0,0,0,33000,0,0,0,33000,0,33000,33000
063487,國巨國泰01購02  ,0,0,0,0,0,0,0,0,0,33000,0,0,0,151000,118000,33000,33000
063559,力山元大9B購04  ,0,0,0,0,0,0,0,0,0,33000,0,0,0,192000,159000,33000,33000
063092,聯發科中信9B購03,0,0,0,0,0,0,0,0,0,33000,0,0,0,33000,0,33000,33000
063268,GIS中信9B購01   ,0,0,0,0,0,0,0,0,0,33000,0,0,0,242000,209000,33000,33000
064068,義隆永豐9C購01  ,0,0,0,0,0,0,0,0,0,33000,0,0,0,98000,65000,33000,33000
8481,政伸            ,33000,0,33000,0,0,0,0,0,0,0,0,0,0,0,0,0,33000
4725,信昌化          ,33000,0,33000,0,0,0,0,0,0,0,0,0,0,0,0,0,33000
5706,鳳凰            ,56000,22000,34000,0,0,0,0,0,0,-1000,2000,3000,-1000,0,0,0,33000
07952P,富邦金元大9B售02,0,0,0,0,0,0,0,0,0,32000,0,0,0,52000,20000,32000,32000
07830P,牧德凱基9A售03  ,0,0,0,0,0,0,0,0,0,32000,0,0,0,87000,55000,32000,32000
3058,立德            ,28000,0,28000,0,0,0,0,0,0,4000,4000,0,4000,0,0,0,32000
06689P,鴻海中信9C售02  ,0,0,0,0,0,0,0,0,0,32000,0,0,0,362000,330000,32000,32000
056103,聯發科永豐97購03,0,0,0,0,0,0,0,0,0,32000,0,0,0,50000,18000,32000,32000
05627P,致伸國票97售01  ,0,0,0,0,0,0,0,0,0,32000,0,0,0,32000,0,32000,32000
053035,台表科兆豐97購01,0,0,0,0,0,0,0,0,0,32000,0,0,0,32000,0,32000,32000
055259,玉晶光統一9A購01,0,0,0,0,0,0,0,0,0,32000,0,0,0,33000,1000,32000,32000
049463,華新科富邦97購01,0,0,0,0,0,0,0,0,0,32000,0,0,0,45000,13000,32000,32000
058396,力山元大99購01  ,0,0,0,0,0,0,0,0,0,32000,0,0,0,32000,0,32000,32000
059819,台積電凱基99購17,0,0,0,0,0,0,0,0,0,32000,0,0,0,32000,0,32000,32000
059659,旺宏元大9A購03  ,0,0,0,0,0,0,0,0,0,32000,0,0,0,32000,0,32000,32000
058701,鴻海元大99購16  ,0,0,0,0,0,0,0,0,0,32000,0,0,0,32000,0,32000,32000
059092,聯陽元大99購01  ,0,0,0,0,0,0,0,0,0,32000,0,0,0,34000,2000,32000,32000
063968,新光金國票01購01,0,0,0,0,0,0,0,0,0,32000,0,0,0,42000,10000,32000,32000
063868,嘉晶永豐9C購01  ,0,0,0,0,0,0,0,0,0,32000,0,0,0,33000,1000,32000,32000
063248,創意元大9C購01  ,0,0,0,0,0,0,0,0,0,32000,0,0,0,132000,100000,32000,32000
062091,世紀鋼元大9B購01,0,0,0,0,0,0,0,0,0,32000,0,0,0,50000,18000,32000,32000
062481,同欣電國票9B購01,0,0,0,0,0,0,0,0,0,32000,0,0,0,32000,0,32000,32000
062512,美食國票9B購01  ,0,0,0,0,0,0,0,0,0,32000,0,0,0,64000,32000,32000,32000
5234,達興材料        ,40000,9000,31000,0,0,0,0,0,0,1000,1000,0,1000,0,0,0,32000
07284P,大立光凱基99售10,0,0,0,0,0,0,0,0,0,31000,0,0,0,31000,0,31000,31000
08325P,臺股指凱基9C售08,0,0,0,0,0,0,0,0,0,31000,0,0,0,136000,105000,31000,31000
08368P,台積電兆豐9C售04,0,0,0,0,0,0,0,0,0,31000,0,0,0,41000,10000,31000,31000
058603,台積電元大99購12,0,0,0,0,0,0,0,0,0,31000,0,0,0,101000,70000,31000,31000
057299,立積永豐98購02  ,0,0,0,0,0,0,0,0,0,31000,0,0,0,41000,10000,31000,31000
059137,電子類群益99購01,0,0,0,0,0,0,0,0,0,31000,0,0,0,31000,0,31000,31000
059673,玉山金元富99購01,0,0,0,0,0,0,0,0,0,31000,0,0,0,60000,29000,31000,31000
060551,大立光凱基9B購02,0,0,0,0,0,0,0,0,0,31000,0,0,0,40000,9000,31000,31000
059820,南亞科凱基99購07,0,0,0,0,0,0,0,0,0,31000,0,0,0,41000,10000,31000,31000
060666,聯茂凱基9A購02  ,0,0,0,0,0,0,0,0,0,31000,0,0,0,127000,96000,31000,31000
060032,利勤永豐99購01  ,0,0,0,0,0,0,0,0,0,31000,0,0,0,31000,0,31000,31000
06123P,玉晶光元大97售04,0,0,0,0,0,0,0,0,0,31000,0,0,0,389000,358000,31000,31000
062354,台達電元大9B購01,0,0,0,0,0,0,0,0,0,31000,0,0,0,31000,0,31000,31000
063010,國巨元大9C購02  ,0,0,0,0,0,0,0,0,0,31000,0,0,0,65000,34000,31000,31000
063127,TPK元大9B購02   ,0,0,0,0,0,0,0,0,0,31000,0,0,0,78000,47000,31000,31000
063407,泰鼎國票9C購01  ,0,0,0,0,0,0,0,0,0,31000,0,0,0,79000,48000,31000,31000
063715,鈺齊凱基9C購01  ,0,0,0,0,0,0,0,0,0,31000,0,0,0,31000,0,31000,31000
6152,百一            ,31000,0,31000,0,0,0,0,0,0,0,0,0,0,0,0,0,31000
4545,銘鈺            ,34000,5000,29000,0,0,0,0,0,0,2000,3000,1000,2000,0,0,0,31000
08226P,台灣50元大9B售26,0,0,0,0,0,0,0,0,0,30000,0,0,0,30000,0,30000,30000
07863P,華新科凱基9B售07,0,0,0,0,0,0,0,0,0,30000,0,0,0,115000,85000,30000,30000
07922P,大立光群益9B售05,0,0,0,0,0,0,0,0,0,30000,0,0,0,30000,0,30000,30000
07917P,可成永豐9B售01  ,0,0,0,0,0,0,0,0,0,30000,0,0,0,30000,0,30000,30000
08031P,臺股指元大9B售38,0,0,0,0,0,0,0,0,0,30000,0,0,0,30000,0,30000,30000
07748P,茂林凱基9A售04  ,0,0,0,0,0,0,0,0,0,30000,0,0,0,30000,0,30000,30000
07645P,華通元大9A售06  ,0,0,0,0,0,0,0,0,0,30000,0,0,0,30000,0,30000,30000
2704,國賓            ,65000,35000,30000,0,0,0,0,0,0,0,0,0,0,0,0,0,30000
2597,潤弘            ,30000,0,30000,0,0,0,0,0,0,0,0,0,0,0,0,0,30000
2009,第一銅          ,81000,51000,30000,0,0,0,0,0,0,0,0,0,0,0,0,0,30000
1110,東泥            ,32000,2000,30000,0,0,0,0,0,0,0,0,0,0,0,0,0,30000
1315,達新            ,65000,43000,22000,0,0,0,0,0,0,8000,1000,0,1000,7000,0,7000,30000
07292P,臺股指凱基99售44,0,0,0,0,0,0,0,0,0,30000,0,0,0,62000,32000,30000,30000
07515P,台積電元大9A售15,0,0,0,0,0,0,0,0,0,30000,0,0,0,30000,0,30000,30000
07576P,可成元大9A售01  ,0,0,0,0,0,0,0,0,0,30000,0,0,0,120000,90000,30000,30000
07314P,T50正2元大9C售03,0,0,0,0,0,0,0,0,0,30000,0,0,0,30000,0,30000,30000
06514P,國巨凱基98售05  ,0,0,0,0,0,0,0,0,0,30000,0,0,0,30000,0,30000,30000
064305,健鼎兆豐9C購02  ,0,0,0,0,0,0,0,0,0,30000,0,0,0,39000,9000,30000,30000
064297,台郡國票01購01  ,0,0,0,0,0,0,0,0,0,30000,0,0,0,65000,35000,30000,30000
064514,喬山群益9C購01  ,0,0,0,0,0,0,0,0,0,30000,0,0,0,30000,0,30000,30000
064497,可成元大01購02  ,0,0,0,0,0,0,0,0,0,30000,0,0,0,50000,20000,30000,30000
064415,群創麥證9C購01  ,0,0,0,35000,5000,30000,0,0,0,30000,0,0,0,35000,5000,30000,30000
064652,台灣50元大9C購43,0,0,0,0,0,0,0,0,0,30000,0,0,0,30000,0,30000,30000
064723,大立光統一02購04,0,0,0,0,0,0,0,0,0,30000,0,0,0,30000,0,30000,30000
064708,帆宣永豐9C購01  ,0,0,0,0,0,0,0,0,0,30000,0,0,0,30000,0,30000,30000
059611,台積電永豐99購05,0,0,0,0,0,0,0,0,0,30000,0,0,0,32000,2000,30000,30000
061047,大立光第一9A購01,0,0,0,0,0,0,0,0,0,30000,0,0,0,30000,0,30000,30000
058568,宏達電凱基9A購02,0,0,0,0,0,0,0,0,0,30000,0,0,0,60000,30000,30000,30000
056415,聯發科中信98購04,0,0,0,0,0,0,0,0,0,30000,0,0,0,30000,0,30000,30000
056028,GIS群益97購02   ,0,0,0,0,0,0,0,0,0,30000,0,0,0,60000,30000,30000,30000
055894,欣興統一97購03  ,0,0,0,0,0,0,0,0,0,30000,0,0,0,130000,100000,30000,30000
056932,T50反1元富98購01,0,0,0,0,0,0,0,0,0,30000,0,0,0,30000,0,30000,30000
056971,麗豐永豐98購01  ,0,0,0,0,0,0,0,0,0,30000,0,0,0,75000,45000,30000,30000
055446,奇力新統一9A購01,0,0,0,0,0,0,0,0,0,30000,0,0,0,30000,0,30000,30000
051432,群創元富99購03  ,0,0,0,0,0,0,0,0,0,30000,0,0,0,30000,0,30000,30000
051776,上証2X群益99購01,0,0,0,0,0,0,0,0,0,30000,0,0,0,30000,0,30000,30000
052367,聯茂國票96購02  ,0,0,0,0,0,0,0,0,0,30000,0,0,0,60000,30000,30000,30000
045053,聯發科元富98購01,0,0,0,0,0,0,0,0,0,30000,0,0,0,30000,0,30000,30000
054587,玉晶光國泰99購01,0,0,0,0,0,0,0,0,0,30000,0,0,0,30000,0,30000,30000
056650,彩晶凱基9A購01  ,0,0,0,0,0,0,0,0,0,30000,0,0,0,30000,0,30000,30000
053749,揚明光永豐97購01,0,0,0,0,0,0,0,0,0,30000,0,0,0,30000,0,30000,30000
055430,宏達電群益97購01,0,0,0,0,0,0,0,0,0,30000,0,0,0,30000,0,30000,30000
054957,興富發元大97購01,0,0,0,0,0,0,0,0,0,30000,0,0,0,30000,0,30000,30000
058274,世紀鋼永豐99購01,0,0,0,0,0,0,0,0,0,30000,0,0,0,30000,0,30000,30000
061422,台積電元大9A購30,0,0,0,0,0,0,0,0,0,30000,0,0,0,30000,0,30000,30000
058995,台達電元大99購01,0,0,0,0,0,0,0,0,0,30000,0,0,0,30000,0,30000,30000
058999,台積電元大99購24,0,0,0,0,0,0,0,0,0,30000,0,0,0,35000,5000,30000,30000
058038,滬深反元大98購01,0,0,0,0,0,0,0,0,0,30000,0,0,0,30000,0,30000,30000
060338,鴻海統一9C購02  ,0,0,0,0,0,0,0,0,0,30000,0,0,0,30000,0,30000,30000
060875,華通中信02購01  ,0,0,0,0,0,0,0,0,0,30000,0,0,0,30000,0,30000,30000
058464,矽創兆豐9A購01  ,0,0,0,0,0,0,0,0,0,30000,0,0,0,40000,10000,30000,30000
060533,臺股指中信9B購05,0,0,0,0,0,0,0,0,0,30000,0,0,0,30000,0,30000,30000
059630,美律凱基99購07  ,0,0,0,0,0,0,0,0,0,30000,0,0,0,30000,0,30000,30000
059663,旭富元大9C購02  ,0,0,0,0,0,0,0,0,0,30000,0,0,0,73000,43000,30000,30000
05915P,聯發科元大96售19,0,0,0,0,0,0,0,0,0,30000,0,0,0,30000,0,30000,30000
059117,禾伸堂永豐99購01,0,0,0,0,0,0,0,0,0,30000,0,0,0,30000,0,30000,30000
060282,聚陽元大9A購01  ,0,0,0,0,0,0,0,0,0,30000,0,0,0,30000,0,30000,30000
063794,亞德客凱基9C購01,0,0,0,0,0,0,0,0,0,30000,0,0,0,228000,198000,30000,30000
063942,台積電元大01購03,0,0,0,0,0,0,0,0,0,30000,0,0,0,34000,4000,30000,30000
063918,復盛凱基9C購01  ,0,0,0,0,0,0,0,0,0,30000,0,0,0,30000,0,30000,30000
063958,瑞祺元大9C購01  ,0,0,0,0,0,0,0,0,0,30000,0,0,0,68000,38000,30000,30000
064217,GIS凱基02購02   ,0,0,0,0,0,0,0,0,0,30000,0,0,0,70000,40000,30000,30000
063564,台積電元大9B購07,0,0,0,0,0,0,0,0,0,30000,0,0,0,34000,4000,30000,30000
063541,華擎元富9B購02  ,0,0,0,0,0,0,0,0,0,30000,0,0,0,152000,122000,30000,30000
06359P,上銀群益97售03  ,0,0,0,0,0,0,0,0,0,30000,0,0,0,30000,0,30000,30000
061847,力山國票9B購01  ,0,0,0,0,0,0,0,0,0,30000,0,0,0,72000,42000,30000,30000
6281,全國電          ,30000,0,30000,0,0,0,0,0,0,0,0,0,0,0,0,0,30000
9945,潤泰新          ,1291692,813000,478692,0,0,0,0,481600,-481600,32000,35000,4000,31000,1000,0,1000,29092
064856,GIS國泰02購01   ,0,0,0,0,0,0,0,0,0,29000,0,0,0,74000,45000,29000,29000
064299,宏碁兆豐9C購01  ,0,0,0,0,0,0,0,0,0,29000,0,0,0,164000,135000,29000,29000
06658P,台灣50富邦9C售01,0,0,0,0,0,0,0,0,0,29000,0,0,0,68000,39000,29000,29000
06677P,牧德國票98售02  ,0,0,0,0,0,0,0,0,0,29000,0,0,0,29000,0,29000,29000
07000P,T50反1元大99售03,0,0,0,0,0,0,0,0,0,29000,0,0,0,31000,2000,29000,29000
07034P,大立光元富99售03,0,0,0,0,0,0,0,0,0,29000,0,0,0,49000,20000,29000,29000
07530P,聯發科凱基9A售11,0,0,0,0,0,0,0,0,0,29000,0,0,0,41000,12000,29000,29000
07257P,臺股指凱基99售37,0,0,0,0,0,0,0,0,0,29000,0,0,0,45000,16000,29000,29000
1338,廣華-KY         ,54000,25000,29000,0,0,0,0,0,0,0,0,0,0,0,0,0,29000
2059,川湖            ,43000,25000,18000,0,0,0,11000,0,11000,0,0,0,0,0,0,0,29000
3025,星通            ,30000,4000,26000,0,0,0,0,0,0,3000,3000,0,3000,0,0,0,29000
07630P,臺股指凱基9A售11,0,0,0,0,0,0,0,0,0,29000,0,0,0,134000,105000,29000,29000
08150P,立積國票9C售01  ,0,0,0,0,0,0,0,0,0,29000,0,0,0,49000,20000,29000,29000
08075P,聯電群益9C售01  ,0,0,0,0,0,0,0,0,0,29000,0,0,0,29000,0,29000,29000
08066P,南亞科凱基9B售04,0,0,0,0,0,0,0,0,0,29000,0,0,0,49000,20000,29000,29000
05421P,鴻海元大96售12  ,0,0,0,0,0,0,0,0,0,29000,0,0,0,29000,0,29000,29000
056671,台灣50元富9A購01,0,0,0,0,0,0,0,0,0,29000,0,0,0,30000,1000,29000,29000
052437,聯發科富邦99購02,0,0,0,0,0,0,0,0,0,29000,0,0,0,29000,0,29000,29000
055417,健策富邦98購02  ,0,0,0,0,0,0,0,0,0,29000,0,0,0,30000,1000,29000,29000
058502,鴻海元大99購13  ,0,0,0,0,0,0,0,0,0,29000,0,0,0,29000,0,29000,29000
05750P,臺股指群益99售04,0,0,0,0,0,0,0,0,0,29000,0,0,0,46000,17000,29000,29000
059339,上銀凱基99購06  ,0,0,0,0,0,0,0,0,0,29000,0,0,0,29000,0,29000,29000
058929,可成統一9C購01  ,0,0,0,0,0,0,0,0,0,29000,0,0,0,176000,147000,29000,29000
061936,旺宏國票9B購03  ,0,0,0,0,0,0,0,0,0,29000,0,0,0,29000,0,29000,29000
062295,康友永豐9B購01  ,0,0,0,0,0,0,0,0,0,29000,0,0,0,59000,30000,29000,29000
06338P,亞德客統一97售02,0,0,0,0,0,0,0,0,0,29000,0,0,0,70000,41000,29000,29000
4536,拓凱            ,47000,18000,29000,0,0,0,0,0,0,0,0,0,0,0,0,0,29000
2542,興富發          ,451877,438000,13877,0,0,0,0,0,0,15000,25000,10000,15000,0,0,0,28877
2477,美隆電          ,28000,3000,25000,0,0,0,0,0,0,3000,3000,0,3000,0,0,0,28000
1540,喬福            ,30000,3000,27000,0,0,0,0,0,0,1000,1000,0,1000,0,0,0,28000
1568,倉佑            ,29000,3000,26000,0,0,0,0,0,0,2000,3000,1000,2000,0,0,0,28000
08372P,大立光凱基01售04,0,0,0,0,0,0,0,0,0,28000,0,0,0,48000,20000,28000,28000
07689P,旺宏元大9A售13  ,0,0,0,0,0,0,0,0,0,28000,0,0,0,28000,0,28000,28000
07715P,台灣50群益9A售14,0,0,0,0,0,0,0,0,0,28000,0,0,0,70000,42000,28000,28000
07178P,臺股指凱基99售20,0,0,0,0,0,0,0,0,0,28000,0,0,0,32000,4000,28000,28000
07074P,FBVIX凱基9A售01 ,0,0,0,0,0,0,0,0,0,28000,0,0,0,28000,0,28000,28000
06615P,鴻海元大9C售02  ,0,0,0,0,0,0,0,0,0,28000,0,0,0,30000,2000,28000,28000
064263,貿聯永豐9C購01  ,0,0,0,0,0,0,0,0,0,28000,0,0,0,62000,34000,28000,28000
064496,聯發科元大9C購10,0,0,0,0,0,0,0,0,0,28000,0,0,0,151000,123000,28000,28000
057396,健鼎中信99購01  ,0,0,0,0,0,0,0,0,0,28000,0,0,0,39000,11000,28000,28000
057239,貿聯凱基98購05  ,0,0,0,0,0,0,0,0,0,28000,0,0,0,30000,2000,28000,28000
056241,緯創群益97購01  ,0,0,0,0,0,0,0,0,0,28000,0,0,0,37000,9000,28000,28000
03662C,FBVIX凱基03牛01 ,0,0,0,0,0,0,0,0,0,28000,0,0,0,195000,167000,28000,28000
00728,第一金工業30    ,0,0,0,0,0,0,0,0,0,28000,0,0,0,253000,225000,28000,28000
00675L,富邦臺灣加權正2 ,0,239000,-239000,0,0,0,0,0,0,267000,0,0,0,269000,2000,267000,28000
053774,台達電元大96購04,0,0,0,0,0,0,0,0,0,28000,0,0,0,28000,0,28000,28000
058938,台積電中信01購03,0,0,0,0,0,0,0,0,0,28000,0,0,0,48000,20000,28000,28000
059925,可成國泰9B購01  ,0,0,0,0,0,0,0,0,0,28000,0,0,0,88000,60000,28000,28000
059705,華新科凱基9A購07,0,0,0,0,0,0,0,0,0,28000,0,0,0,42000,14000,28000,28000
058439,玉晶光統一01購02,0,0,0,0,0,0,0,0,0,28000,0,0,0,88000,60000,28000,28000
059771,台積電群益99購11,0,0,0,0,0,0,0,0,0,28000,0,0,0,31000,3000,28000,28000
064127,聯發科元大9C購06,0,0,0,0,0,0,0,0,0,28000,0,0,0,52000,24000,28000,28000
063959,GIS元大9C購02   ,0,0,0,0,0,0,0,0,0,28000,0,0,0,128000,100000,28000,28000
062255,聯發科元大9B購07,0,0,0,0,0,0,0,0,0,28000,0,0,0,33000,5000,28000,28000
062111,台勝科國票9B購01,0,0,0,0,0,0,0,0,0,28000,0,0,0,28000,0,28000,28000
062236,信邦凱基9B購01  ,0,0,0,0,0,0,0,0,0,28000,0,0,0,70000,42000,28000,28000
062751,華擎中信9C購01  ,0,0,0,0,0,0,0,0,0,28000,0,0,0,40000,12000,28000,28000
062804,玉晶光統一9C購04,0,0,0,0,0,0,0,0,0,28000,0,0,0,253000,225000,28000,28000
3708,上緯投控        ,45000,21000,24000,0,0,0,0,0,0,4000,0,0,0,4000,0,4000,28000
6108,競國            ,64000,41000,23000,0,0,0,0,0,0,5000,5000,0,5000,0,0,0,28000
6168,宏齊            ,72000,45000,27000,0,0,0,0,0,0,1000,1000,0,1000,0,0,0,28000
9902,台火            ,30000,2000,28000,0,0,0,0,0,0,0,0,0,0,0,0,0,28000
8105,凌巨            ,442000,428000,14000,0,0,0,0,0,0,14000,14000,0,14000,0,0,0,28000
064678,嘉晶兆豐01購01  ,0,0,0,0,0,0,0,0,0,27000,0,0,0,27000,0,27000,27000
06682P,玉晶光元大99售08,0,0,0,0,0,0,0,0,0,27000,0,0,0,71000,44000,27000,27000
07002P,鴻海兆豐99售04  ,0,0,0,0,0,0,0,0,0,27000,0,0,0,45000,18000,27000,27000
08425P,世紀鋼元富9C售03,0,0,0,0,0,0,0,0,0,27000,0,0,0,27000,0,27000,27000
08077P,亞德客國票9B售02,0,0,0,0,0,0,0,0,0,27000,0,0,0,88000,61000,27000,27000
2438,翔耀            ,39000,12000,27000,0,0,0,0,0,0,0,0,0,0,0,0,0,27000
2882A,國泰特          ,0,0,0,0,0,0,0,0,0,27000,67000,35000,32000,0,5000,-5000,27000
055689,台郡凱基99購01  ,0,0,0,0,0,0,0,0,0,27000,0,0,0,27000,0,27000,27000
057303,喬山兆豐99購01  ,0,0,0,0,0,0,0,0,0,27000,0,0,0,97000,70000,27000,27000
058425,S&P正2元富01購02,0,0,0,0,0,0,0,0,0,27000,0,0,0,27000,0,27000,27000
059319,台光電元大99購04,0,0,0,0,0,0,0,0,0,27000,0,0,0,27000,0,27000,27000
060370,滬深2X元富04購01,0,0,0,0,0,0,0,0,0,27000,0,0,0,80000,53000,27000,27000
060945,緯穎國票9A購02  ,0,0,0,0,0,0,0,0,0,27000,0,0,0,57000,30000,27000,27000
059979,台積電元大99購49,0,0,0,0,0,0,0,0,0,27000,0,0,0,30000,3000,27000,27000
058263,大成鋼永豐99購01,0,0,0,0,0,0,0,0,0,27000,0,0,0,27000,0,27000,27000
060983,南亞科元大9A購06,0,0,0,0,0,0,0,0,0,27000,0,0,0,90000,63000,27000,27000
060967,鈺齊凱基9A購02  ,0,0,0,0,0,0,0,0,0,27000,0,0,0,33000,6000,27000,27000
062774,儒鴻元大9C購01  ,0,0,0,0,0,0,0,0,0,27000,0,0,0,55000,28000,27000,27000
061647,南六元大9A購03  ,0,0,0,0,0,0,0,0,0,27000,0,0,0,138000,111000,27000,27000
063535,聯發科統一9B購13,0,0,0,0,0,0,0,0,0,27000,0,0,0,205000,178000,27000,27000
063516,香港反凱基03購01,0,0,0,0,0,0,0,0,0,27000,0,0,0,47000,20000,27000,27000
3321,同泰            ,28000,1000,27000,0,0,0,0,0,0,0,0,0,0,0,0,0,27000
2611,志信            ,39000,13000,26000,0,0,0,0,0,0,0,0,0,0,0,0,0,26000
2397,友通            ,35000,11000,24000,0,0,0,0,0,0,2000,2000,0,2000,0,0,0,26000
2007,燁興            ,28000,2000,26000,0,0,0,0,0,0,0,0,0,0,0,0,0,26000
08193P,同欣電國票9C售02,0,0,0,0,0,0,0,0,0,26000,0,0,0,31000,5000,26000,26000
08194P,同欣電國票9C售03,0,0,0,0,0,0,0,0,0,26000,0,0,0,26000,0,26000,26000
07909P,台積電統一9B售12,0,0,0,0,0,0,0,0,0,26000,0,0,0,26000,0,26000,26000
07880P,可成群益9B售05  ,0,0,0,0,0,0,0,0,0,26000,0,0,0,26000,0,26000,26000
07874P,長榮航群益9B售01,0,0,0,0,0,0,0,0,0,26000,0,0,0,26000,0,26000,26000
07276P,臺股指群益99售19,0,0,0,0,0,0,0,0,0,26000,0,0,0,30000,4000,26000,26000
057162,上銀元大98購03  ,0,0,0,0,0,0,0,0,0,26000,0,0,0,26000,0,26000,26000
057123,上銀凱基98購05  ,0,0,0,0,0,0,0,0,0,26000,0,0,0,26000,0,26000,26000
057713,美律統一99購01  ,0,0,0,0,0,0,0,0,0,26000,0,0,0,96000,70000,26000,26000
05582P,群創凱基98售06  ,0,0,0,0,0,0,0,0,0,26000,0,0,0,26000,0,26000,26000
056054,亞德客元大97購05,0,0,0,0,0,0,0,0,0,26000,0,0,0,124000,98000,26000,26000
053411,深中小國票9B購01,0,0,0,0,0,0,0,0,0,26000,0,0,0,26000,0,26000,26000
059023,可成統一9B購02  ,0,0,0,0,0,0,0,0,0,26000,0,0,0,355000,329000,26000,26000
060322,卜蜂群益9A購01  ,0,0,0,0,0,0,0,0,0,26000,0,0,0,26000,0,26000,26000
059280,台灣50永豐99購06,0,0,0,0,0,0,0,0,0,26000,0,0,0,26000,0,26000,26000
9934,成霖            ,108000,83000,25000,0,0,0,0,0,0,1000,5000,4000,1000,0,0,0,26000
07333P,台灣50國票9B售03,0,0,0,0,0,0,0,0,0,25000,0,0,0,25000,0,25000,25000
07424P,大立光元大9B售01,0,0,0,0,0,0,0,0,0,25000,0,0,0,125000,100000,25000,25000
06868P,電子類元大99售01,0,0,0,0,0,0,0,0,0,25000,0,0,0,25000,0,25000,25000
064786,GIS群益9C購04   ,0,0,0,0,0,0,0,0,0,25000,0,0,0,28000,3000,25000,25000
1460,宏遠            ,259000,235000,24000,0,0,0,0,0,0,1000,1000,0,1000,0,0,0,25000
3057,喬鼎            ,26000,1000,25000,0,0,0,0,0,0,0,0,0,0,0,0,0,25000
054446,美食兆豐97購01  ,0,0,0,0,0,0,0,0,0,25000,0,0,0,35000,10000,25000,25000
056662,臺股指元大9A購09,0,0,0,0,0,0,0,0,0,25000,0,0,0,25000,0,25000,25000
057624,新日興國泰99購01,0,0,0,0,0,0,0,0,0,25000,0,0,0,71000,46000,25000,25000
055249,大毅統一99購01  ,0,0,0,0,0,0,0,0,0,25000,0,0,0,25000,0,25000,25000
056018,旺宏群益97購02  ,0,0,0,0,0,0,0,0,0,25000,0,0,0,25000,0,25000,25000
056236,台積電群益97購06,0,0,0,0,0,0,0,0,0,25000,0,0,0,25000,0,25000,25000
05625P,國巨國票97售01  ,0,0,0,0,0,0,0,0,0,25000,0,0,0,25000,0,25000,25000
056330,玉晶光國票99購03,0,0,0,0,0,0,0,0,0,25000,0,0,0,85000,60000,25000,25000
055672,國巨日盛97購02  ,0,0,0,0,0,0,0,0,0,25000,0,0,0,25000,0,25000,25000
057199,台達電元富02購01,0,0,0,0,0,0,0,0,0,25000,0,0,0,236000,211000,25000,25000
059340,鴻海凱基9A購12  ,0,0,0,0,0,0,0,0,0,25000,0,0,0,71000,46000,25000,25000
060745,京元電國票9A購01,0,0,0,0,0,0,0,0,0,25000,0,0,0,25000,0,25000,25000
060150,華通富邦9B購01  ,0,0,0,0,0,0,0,0,0,25000,0,0,0,25000,0,25000,25000
060789,禾伸堂富邦9B購02,0,0,0,0,0,0,0,0,0,25000,0,0,0,25000,0,25000,25000
060542,上銀凱基9A購04  ,0,0,0,0,0,0,0,0,0,25000,0,0,0,25000,0,25000,25000
058052,南電元大98購02  ,0,0,0,0,0,0,0,0,0,25000,0,0,0,25000,0,25000,25000
059990,健策元大9A購01  ,0,0,0,0,0,0,0,0,0,25000,0,0,0,25000,0,25000,25000
057991,健策統一9C購01  ,0,0,0,0,0,0,0,0,0,25000,0,0,0,26000,1000,25000,25000
063643,臻鼎元大9B購03  ,0,0,0,0,0,0,0,0,0,25000,0,0,0,122000,97000,25000,25000
06307P,聚陽元富97售02  ,0,0,0,0,0,0,0,0,0,25000,0,0,0,25000,0,25000,25000
063316,聯發科群益9C購03,0,0,0,0,0,0,0,0,0,25000,0,0,0,25000,0,25000,25000
06383P,聯茂元富97售01  ,0,0,0,0,0,0,0,0,0,25000,0,0,0,25000,0,25000,25000
062349,新日興群益9B購02,0,0,0,0,0,0,0,0,0,25000,0,0,0,25000,0,25000,25000
062659,台灣50群益9B購10,0,0,0,0,0,0,0,0,0,25000,0,0,0,51000,26000,25000,25000
3311,閎暉            ,30000,6000,24000,0,0,0,0,0,0,1000,1000,0,1000,0,0,0,25000
3055,蔚華科          ,22000,0,22000,0,0,0,0,0,0,2000,2000,0,2000,0,0,0,24000
2911,麗嬰房          ,27000,3000,24000,0,0,0,0,0,0,0,0,0,0,0,0,0,24000
2509,全坤建          ,40000,16000,24000,0,0,0,0,0,0,0,0,0,0,0,0,0,24000
1560,中砂            ,51000,27000,24000,0,0,0,0,0,0,0,0,0,0,0,0,0,24000
07671P,超眾元大9A售04  ,0,0,0,0,0,0,0,0,0,24000,0,0,0,24000,0,24000,24000
064441,嘉澤凱基9C購02  ,0,0,0,0,0,0,0,0,0,24000,0,0,0,117000,93000,24000,24000
061039,台表科永豐9A購03,0,0,0,0,0,0,0,0,0,24000,0,0,0,34000,10000,24000,24000
056820,欣興永豐98購02  ,0,0,0,0,0,0,0,0,0,24000,0,0,0,24000,0,24000,24000
00763U,街口道瓊銅      ,0,0,0,0,0,0,0,0,0,24000,0,0,0,43000,19000,24000,24000
056642,旺宏凱基98購07  ,0,0,0,0,0,0,0,0,0,24000,0,0,0,95000,71000,24000,24000
059000,台積電元大99購25,0,0,0,0,0,0,0,0,0,24000,0,0,0,59000,35000,24000,24000
061232,和大元大9A購03  ,0,0,0,0,0,0,0,0,0,24000,0,0,0,30000,6000,24000,24000
058661,臺股指中信9C購01,0,0,0,0,0,0,0,0,0,24000,0,0,0,99000,75000,24000,24000
057870,大立光凱基99購02,0,0,0,0,0,0,0,0,0,24000,0,0,0,24000,0,24000,24000
062639,臻鼎國票9C購01  ,0,0,0,0,0,0,0,0,0,24000,0,0,0,39000,15000,24000,24000
062147,大毅國票9B購02  ,0,0,0,0,0,0,0,0,0,24000,0,0,0,24000,0,24000,24000
063047,大立光兆豐9B購03,0,0,0,0,0,0,0,0,0,24000,0,0,0,24000,0,24000,24000
063135,國巨統一9B購16  ,0,0,0,0,0,0,0,0,0,24000,0,0,0,145000,121000,24000,24000
063539,世紀鋼統一9B購02,0,0,0,0,0,0,0,0,0,24000,0,0,0,34000,10000,24000,24000
6165,捷泰            ,51000,27000,24000,0,0,0,0,0,0,0,0,0,0,0,0,0,24000
064532,聯茂兆豐01購01  ,0,0,0,0,0,0,0,0,0,23000,0,0,0,181000,158000,23000,23000
064291,南六元大9C購04  ,0,0,0,0,0,0,0,0,0,23000,0,0,0,93000,70000,23000,23000
064355,南六元大01購01  ,0,0,0,0,0,0,0,0,0,23000,0,0,0,105000,82000,23000,23000
06980P,緯穎永豐99售02  ,0,0,0,0,0,0,0,0,0,23000,0,0,0,43000,20000,23000,23000
07317P,T50正2凱基9B售02,0,0,0,0,0,0,0,0,0,23000,0,0,0,45000,22000,23000,23000
07858P,旺宏永豐9A售03  ,0,0,0,0,0,0,0,0,0,23000,0,0,0,25000,2000,23000,23000
3023,信邦            ,255000,106000,149000,0,0,0,0,108000,-108000,-18000,0,23000,-23000,8000,3000,5000,23000
055008,隆達元富97購01  ,0,0,0,0,0,0,0,0,0,23000,0,0,0,24000,1000,23000,23000
054157,國巨亞東96購01  ,0,0,0,0,0,0,0,0,0,23000,0,0,0,23000,0,23000,23000
054100,致伸國票97購03  ,0,0,0,0,0,0,0,0,0,23000,0,0,0,23000,0,23000,23000
057708,臺股指群益98購08,0,0,0,0,0,0,0,0,0,23000,0,0,0,23000,0,23000,23000
057373,大立光元大98購17,0,0,0,0,0,0,0,0,0,23000,0,0,0,24000,1000,23000,23000
057495,牧德元大99購04  ,0,0,0,0,0,0,0,0,0,23000,0,0,0,23000,0,23000,23000
060793,微星永豐9A購01  ,0,0,0,0,0,0,0,0,0,23000,0,0,0,23000,0,23000,23000
059525,上銀凱基99購08  ,0,0,0,0,0,0,0,0,0,23000,0,0,0,23000,0,23000,23000
058273,同欣電永豐99購01,0,0,0,0,0,0,0,0,0,23000,0,0,0,23000,0,23000,23000
058014,上銀凱基99購02  ,0,0,0,0,0,0,0,0,0,23000,0,0,0,37000,14000,23000,23000
063356,台表科元富02購01,0,0,0,0,0,0,0,0,0,23000,0,0,0,108000,85000,23000,23000
064181,景碩富邦9C購01  ,0,0,0,0,0,0,0,0,0,23000,0,0,0,23000,0,23000,23000
061901,柏文永豐9B購01  ,0,0,0,0,0,0,0,0,0,23000,0,0,0,28000,5000,23000,23000
3013,晟銘電          ,26000,3000,23000,0,0,0,0,0,0,-1000,1000,2000,-1000,0,0,0,22000
3167,大量            ,24000,2000,22000,0,0,0,0,0,0,0,0,0,0,0,0,0,22000
1503,士電            ,62000,40000,22000,0,0,0,0,0,0,0,0,0,0,0,0,0,22000
1435,中福            ,22000,0,22000,0,0,0,0,0,0,0,0,0,0,0,0,0,22000
07890P,南電國票9B售01  ,0,0,0,0,0,0,0,0,0,22000,0,0,0,76000,54000,22000,22000
08014P,微星凱基9B售02  ,0,0,0,0,0,0,0,0,0,22000,0,0,0,52000,30000,22000,22000
08051P,臺股指國票9B售16,0,0,0,0,0,0,0,0,0,22000,0,0,0,22000,0,22000,22000
08104P,晶技元大9B售06  ,0,0,0,0,0,0,0,0,0,22000,0,0,0,22000,0,22000,22000
08411P,技嘉凱基9C售01  ,0,0,0,0,0,0,0,0,0,22000,0,0,0,22000,0,22000,22000
08344P,旺宏元大01售02  ,0,0,0,0,0,0,0,0,0,22000,0,0,0,26000,4000,22000,22000
07531P,大立光國泰9B售03,0,0,0,0,0,0,0,0,0,22000,0,0,0,42000,20000,22000,22000
06564P,國巨富邦9A售04  ,0,0,0,0,0,0,0,0,0,22000,0,0,0,96000,74000,22000,22000
06583P,可成凱基98售07  ,0,0,0,0,0,0,0,0,0,22000,0,0,0,22000,0,22000,22000
064469,臻鼎元富9C購01  ,0,0,0,0,0,0,0,0,0,22000,0,0,0,142000,120000,22000,22000
057268,臻鼎兆豐99購01  ,0,0,0,0,0,0,0,0,0,22000,0,0,0,32000,10000,22000,22000
056339,聯發科凱基99購02,0,0,0,0,0,0,0,0,0,22000,0,0,0,22000,0,22000,22000
056250,瑞昱兆豐97購02  ,0,0,0,0,0,0,0,0,0,22000,0,0,0,22000,0,22000,22000
061192,奇鋐永豐9A購01  ,0,0,0,0,0,0,0,0,0,22000,0,0,0,36000,14000,22000,22000
061278,和大統一9A購01  ,0,0,0,0,0,0,0,0,0,22000,0,0,0,60000,38000,22000,22000
060784,鴻海富邦9C購01  ,0,0,0,0,0,0,0,0,0,22000,0,0,0,33000,11000,22000,22000
060290,興富發元大9C購01,0,0,0,0,0,0,0,0,0,22000,0,0,0,84000,62000,22000,22000
059702,台積電凱基9A購14,0,0,0,0,0,0,0,0,0,22000,0,0,0,24000,2000,22000,22000
058700,鴻海元大99購15  ,0,0,0,0,0,0,0,0,0,22000,0,0,0,22000,0,22000,22000
061955,FANG+統一9B購01 ,0,0,0,0,0,0,0,0,0,22000,0,0,0,22000,0,22000,22000
061478,奇鋐元大9A購01  ,0,0,0,0,0,0,0,0,0,22000,0,0,0,123000,101000,22000,22000
062269,葡萄王群益9B購01,0,0,0,0,0,0,0,0,0,22000,0,0,0,44000,22000,22000,22000
062752,世芯中信9B購01  ,0,0,0,0,0,0,0,0,0,22000,0,0,0,45000,23000,22000,22000
062858,微星國票9B購01  ,0,0,0,0,0,0,0,0,0,22000,0,0,0,35000,13000,22000,22000
064063,健策國泰01購02  ,0,0,0,0,0,0,0,0,0,22000,0,0,0,32000,10000,22000,22000
063824,S&P反1國票9C購01,0,0,0,0,0,0,0,0,0,22000,0,0,0,84000,62000,22000,22000
06378P,國巨統一97售08  ,0,0,0,0,0,0,0,0,0,22000,0,0,0,72000,50000,22000,22000
063530,同欣電凱基9C購02,0,0,0,0,0,0,0,0,0,22000,0,0,0,68000,46000,22000,22000
6235,華孚            ,63000,43000,20000,0,0,0,0,0,0,2000,4000,2000,2000,0,0,0,22000
6605,帝寶            ,33000,12000,21000,0,0,0,0,0,0,1000,1000,0,1000,0,0,0,22000
9905,大華            ,64000,42000,22000,0,0,0,0,0,0,0,0,0,0,0,0,0,22000
06914P,南茂元大98售03  ,0,0,0,0,0,0,0,0,0,21000,0,0,0,52000,31000,21000,21000
07385P,緯穎群益99售04  ,0,0,0,0,0,0,0,0,0,21000,0,0,0,21000,0,21000,21000
07040P,台灣50元大9C售02,0,0,0,0,0,0,0,0,0,21000,0,0,0,51000,30000,21000,21000
07807P,聯茂永豐9A售02  ,0,0,0,0,0,0,0,0,0,21000,0,0,0,21000,0,21000,21000
07805P,義隆永豐9A售02  ,0,0,0,0,0,0,0,0,0,21000,0,0,0,21000,0,21000,21000
1809,中釉            ,49000,27000,22000,0,0,0,0,0,0,-1000,0,1000,-1000,0,0,0,21000
3002,歐格            ,22000,0,22000,0,0,0,0,0,0,-1000,0,1000,-1000,0,0,0,21000
058608,華新科元大99購13,0,0,0,0,0,0,0,0,0,21000,0,0,0,56000,35000,21000,21000
059597,大立光元大99購21,0,0,0,0,0,0,0,0,0,21000,0,0,0,21000,0,21000,21000
057532,智原元大98購03  ,0,0,0,0,0,0,0,0,0,21000,0,0,0,21000,0,21000,21000
051927,國巨中信96購01  ,0,0,0,0,0,0,0,0,0,21000,0,0,0,21000,0,21000,21000
052060,旺宏國票96購02  ,0,0,0,0,0,0,0,0,0,21000,0,0,0,21000,0,21000,21000
059742,富邦金元富99購01,0,0,0,0,0,0,0,0,0,21000,0,0,0,118000,97000,21000,21000
058480,新日興凱基9A購01,0,0,0,0,0,0,0,0,0,21000,0,0,0,71000,50000,21000,21000
059364,昇陽半永豐99購02,0,0,0,0,0,0,0,0,0,21000,0,0,0,34000,13000,21000,21000
061816,長榮航群益9B購02,0,0,0,0,0,0,0,0,0,21000,0,0,0,114000,93000,21000,21000
061730,旺宏統一01購02  ,0,0,0,0,0,0,0,0,0,21000,0,0,0,21000,0,21000,21000
058164,FBVIX凱基03購02 ,0,0,0,0,0,0,0,0,0,21000,0,0,0,21000,0,21000,21000
063568,高鐵元大9B購01  ,0,0,0,0,0,0,0,0,0,21000,0,0,0,52000,31000,21000,21000
063256,鴻海國泰01購02  ,0,0,0,0,0,0,0,0,0,21000,0,0,0,38000,17000,21000,21000
062981,祥碩元富9B購01  ,0,0,0,0,0,0,0,0,0,21000,0,0,0,21000,0,21000,21000
062926,嘉澤國票9B購01  ,0,0,0,0,0,0,0,0,0,21000,0,0,0,62000,41000,21000,21000
061466,創意群益9A購01  ,0,0,0,0,0,0,0,0,0,21000,0,0,0,41000,20000,21000,21000
6184,大豐電          ,27000,6000,21000,0,0,0,0,0,0,0,0,0,0,0,0,0,21000
4999,鑫禾            ,21000,1000,20000,0,0,0,0,0,0,1000,1000,0,1000,0,0,0,21000
2433,互盛電          ,22000,6000,16000,0,0,0,0,0,0,4000,4000,0,4000,0,0,0,20000
2415,錩新            ,27000,7000,20000,0,0,0,0,0,0,0,0,0,0,0,0,0,20000
1732,毛寶            ,168000,148000,20000,0,0,0,0,0,0,0,2000,2000,0,0,0,0,20000
1463,強盛            ,21000,2000,19000,0,0,0,0,0,0,1000,1000,0,1000,0,0,0,20000
1465,偉全            ,22000,3000,19000,0,0,0,0,0,0,1000,1000,0,1000,0,0,0,20000
07763P,嘉澤永豐9A售02  ,0,0,0,0,0,0,0,0,0,20000,0,0,0,20000,0,20000,20000
07651P,道瓊指中信01售01,0,0,0,0,0,0,0,0,0,20000,0,0,0,50000,30000,20000,20000
07945P,上銀國票9B售02  ,0,0,0,0,0,0,0,0,0,20000,0,0,0,40000,20000,20000,20000
07888P,大立光國票9B售01,0,0,0,0,0,0,0,0,0,20000,0,0,0,20000,0,20000,20000
07842P,力成元大9A售01  ,0,0,0,0,0,0,0,0,0,20000,0,0,0,20000,0,20000,20000
08383P,智邦群益9C售03  ,0,0,0,0,0,0,0,0,0,20000,0,0,0,20000,0,20000,20000
08058P,華新科元大9B售10,0,0,0,0,0,0,0,0,0,20000,0,0,0,160000,140000,20000,20000
08062P,華擎國票9B售03  ,0,0,0,0,0,0,0,0,0,20000,0,0,0,33000,13000,20000,20000
08153P,台表科統一9B售01,0,0,0,0,0,0,0,0,0,20000,0,0,0,40000,20000,20000,20000
08165P,台表科永豐9B售02,0,0,0,0,0,0,0,0,0,20000,0,0,0,20000,0,20000,20000
08190P,宏達電元富9B售04,0,0,0,0,0,0,0,0,0,20000,0,0,0,40000,20000,20000,20000
07140P,台灣50日盛99售01,0,0,0,0,0,0,0,0,0,20000,0,0,0,560000,540000,20000,20000
07280P,FBVIX凱基99售01 ,0,0,0,0,0,0,0,0,0,20000,0,0,0,20000,0,20000,20000
07189P,聯發科富邦9B售03,0,0,0,0,0,0,0,0,0,20000,0,0,0,60000,40000,20000,20000
07466P,亞德客元大9A售02,0,0,0,0,0,0,0,0,0,20000,0,0,0,80000,60000,20000,20000
06928P,鴻海元大99售10  ,0,0,0,0,0,0,0,0,0,20000,0,0,0,35000,15000,20000,20000
06986P,台積電台新9A售01,0,0,0,0,0,0,0,0,0,20000,0,0,0,20000,0,20000,20000
06880P,鈺齊凱基98售03  ,0,0,0,0,0,0,0,0,0,20000,0,0,0,20000,0,20000,20000
06855P,聯發科富邦9A售01,0,0,0,0,0,0,0,0,0,20000,0,0,0,60000,40000,20000,20000
06825P,臺股指國票98售01,0,0,0,0,0,0,0,0,0,20000,0,0,0,20000,0,20000,20000
06773P,台灣50兆豐9A售01,0,0,0,0,0,0,0,0,0,20000,0,0,0,31000,11000,20000,20000
06569P,可成永豐98售01  ,0,0,0,0,0,0,0,0,0,20000,0,0,0,40000,20000,20000,20000
06608P,立積群益99售02  ,0,0,0,0,0,0,0,0,0,20000,0,0,0,20000,0,20000,20000
06690P,玉晶光群益9A售05,0,0,0,0,0,0,0,0,0,20000,0,0,0,78000,58000,20000,20000
06724P,台灣50國票98售01,0,0,0,0,0,0,0,0,0,20000,0,0,0,20000,0,20000,20000
064422,聯發科兆豐01購02,0,0,0,0,0,0,0,0,0,20000,0,0,0,20000,0,20000,20000
052838,新唐國泰98購01  ,0,0,0,0,0,0,0,0,0,20000,0,0,0,20000,0,20000,20000
055310,聯詠群益97購02  ,0,0,0,0,0,0,0,0,0,20000,0,0,0,20000,0,20000,20000
055217,緯創凱基97購02  ,0,0,0,0,0,0,0,0,0,20000,0,0,0,30000,10000,20000,20000
055342,鴻海凱基97購04  ,0,0,0,0,0,0,0,0,0,20000,0,0,0,20000,0,20000,20000
055403,泰鼎元富97購01  ,0,0,0,0,0,0,0,0,0,20000,0,0,0,22000,2000,20000,20000
053134,南亞科國票97購01,0,0,0,0,0,0,0,0,0,20000,0,0,0,20000,0,20000,20000
051562,玉晶光國泰97購05,0,0,0,0,0,0,0,0,0,20000,0,0,0,20000,0,20000,20000
051157,華新科富邦98購01,0,0,0,0,0,0,0,0,0,20000,0,0,0,20000,0,20000,20000
047420,全新富邦97購01  ,0,0,0,0,0,0,0,0,0,20000,0,0,0,20000,0,20000,20000
047885,元金2X富邦99購01,0,0,0,0,0,0,0,0,0,20000,0,0,0,20000,0,20000,20000
056598,京元電元富98購01,0,0,0,0,0,0,0,0,0,20000,0,0,0,20000,0,20000,20000
054883,億光統一97購01  ,0,0,0,0,0,0,0,0,0,20000,0,0,0,20000,0,20000,20000
054588,玉晶光國泰99購02,0,0,0,0,0,0,0,0,0,20000,0,0,0,20000,0,20000,20000
054712,上証2X中信98購02,0,0,0,0,0,0,0,0,0,20000,0,0,0,20000,0,20000,20000
056667,上銀國票99購01  ,0,0,0,0,0,0,0,0,0,20000,0,0,0,20000,0,20000,20000
054132,聯發科元大97購10,0,0,0,0,0,0,0,0,0,20000,0,0,0,20000,0,20000,20000
055012,茂林元富97購01  ,0,0,0,0,0,0,0,0,0,20000,0,0,0,20000,0,20000,20000
055049,智邦永豐97購01  ,0,0,0,0,0,0,0,0,0,20000,0,0,0,20000,0,20000,20000
053488,中石化兆豐97購01,0,0,0,0,0,0,0,0,0,20000,0,0,0,20000,0,20000,20000
054919,興富發凱基97購01,0,0,0,0,0,0,0,0,0,20000,0,0,0,20000,0,20000,20000
054425,聯發科富邦99購03,0,0,0,0,0,0,0,0,0,20000,0,0,0,20000,0,20000,20000
054512,元油反元大99購03,0,0,0,0,0,0,0,0,0,20000,0,0,0,20000,0,20000,20000
054279,揚明光群益98購01,0,0,0,0,0,0,0,0,0,20000,0,0,0,20000,0,20000,20000
054349,同欣電國票97購02,0,0,0,0,0,0,0,0,0,20000,0,0,0,20000,0,20000,20000
054357,可成兆豐97購02  ,0,0,0,0,0,0,0,0,0,20000,0,0,0,40000,20000,20000,20000
053904,漢唐凱基97購01  ,0,0,0,0,0,0,0,0,0,20000,0,0,0,65000,45000,20000,20000
053916,漢唐國票97購04  ,0,0,0,0,0,0,0,0,0,20000,0,0,0,50000,30000,20000,20000
053858,台達電元大96購05,0,0,0,0,0,0,0,0,0,20000,0,0,0,20000,0,20000,20000
059558,T50正2凱基9C購03,0,0,0,0,0,0,0,0,0,20000,0,0,0,20000,0,20000,20000
058569,健策凱基9A購01  ,0,0,0,0,0,0,0,0,0,20000,0,0,0,20000,0,20000,20000
057314,全新麥證98購01  ,0,0,0,20000,0,20000,0,0,0,20000,0,0,0,20000,0,20000,20000
057482,微星元大98購03  ,0,0,0,0,0,0,0,0,0,20000,0,0,0,20000,0,20000,20000
057124,為升凱基98購02  ,0,0,0,0,0,0,0,0,0,20000,0,0,0,20000,0,20000,20000
056261,台積電統一97購07,0,0,0,0,0,0,0,0,0,20000,0,0,0,20000,0,20000,20000
056362,聯發科元大99購01,0,0,0,0,0,0,0,0,0,20000,0,0,0,20000,0,20000,20000
056364,亞光元大99購02  ,0,0,0,0,0,0,0,0,0,20000,0,0,0,20000,0,20000,20000
056002,嘉晶永豐97購01  ,0,0,0,0,0,0,0,0,0,20000,0,0,0,30000,10000,20000,20000
056474,華新科元大99購05,0,0,0,0,0,0,0,0,0,20000,0,0,0,20000,0,20000,20000
056432,鴻海凱基98購08  ,0,0,0,0,0,0,0,0,0,20000,0,0,0,20000,0,20000,20000
056494,緯創國泰99購01  ,0,0,0,0,0,0,0,0,0,20000,0,0,0,20000,0,20000,20000
056553,啟碁凱基98購02  ,0,0,0,0,0,0,0,0,0,20000,0,0,0,20000,0,20000,20000
056831,元油2X元富98購11,0,0,0,0,0,0,0,0,0,20000,0,0,0,20000,0,20000,20000
056847,佐登元富98購01  ,0,0,0,0,0,0,0,0,0,20000,0,0,0,20000,0,20000,20000
056858,國巨群益99購03  ,0,0,0,0,0,0,0,0,0,20000,0,0,0,20000,0,20000,20000
055606,矽創元大97購01  ,0,0,0,0,0,0,0,0,0,20000,0,0,0,20000,0,20000,20000
055739,健鼎元富97購01  ,0,0,0,0,0,0,0,0,0,20000,0,0,0,20000,0,20000,20000
055532,中工群益98購01  ,0,0,0,0,0,0,0,0,0,20000,0,0,0,20000,0,20000,20000
055578,群創統一98購03  ,0,0,0,0,0,0,0,0,0,20000,0,0,0,20000,0,20000,20000
055912,宏達電凱基98購03,0,0,0,0,0,0,0,0,0,20000,0,0,0,30000,10000,20000,20000
058283,世紀鋼中信99購01,0,0,0,0,0,0,0,0,0,20000,0,0,0,20000,0,20000,20000
061734,全新中信9B購02  ,0,0,0,0,0,0,0,0,0,20000,0,0,0,20000,0,20000,20000
061537,SP黃豆群益9A購02,0,0,0,0,0,0,0,0,0,20000,0,0,0,20000,0,20000,20000
061235,台積電元大9A購23,0,0,0,0,0,0,0,0,0,20000,0,0,0,20000,0,20000,20000
060897,健策凱基9A購04  ,0,0,0,0,0,0,0,0,0,20000,0,0,0,20000,0,20000,20000
059033,元油2X群益9C購05,0,0,0,0,0,0,0,0,0,20000,0,0,0,20000,0,20000,20000
06043P,創意永豐96售06  ,0,0,0,0,0,0,0,0,0,20000,0,0,0,20000,0,20000,20000
059140,大立光兆豐9A購02,0,0,0,0,0,0,0,0,0,20000,0,0,0,30000,10000,20000,20000
06076P,大立光凱基98售03,0,0,0,0,0,0,0,0,0,20000,0,0,0,20000,0,20000,20000
060174,T50反1元富04購01,0,0,0,0,0,0,0,0,0,20000,0,0,0,20000,0,20000,20000
060128,健策永豐99購06  ,0,0,0,0,0,0,0,0,0,20000,0,0,0,20000,0,20000,20000
060737,瑞儀統一9C購01  ,0,0,0,0,0,0,0,0,0,20000,0,0,0,20000,0,20000,20000
058819,華通國泰9B購01  ,0,0,0,0,0,0,0,0,0,20000,0,0,0,20000,0,20000,20000
059811,高股息凱基99購02,0,0,0,0,0,0,0,0,0,20000,0,0,0,22000,2000,20000,20000
060532,欣興中信9A購01  ,0,0,0,0,0,0,0,0,0,20000,0,0,0,20000,0,20000,20000
06204P,鴻海群益97售04  ,0,0,0,0,0,0,0,0,0,20000,0,0,0,20000,0,20000,20000
061892,亞德客永豐9B購01,0,0,0,0,0,0,0,0,0,20000,0,0,0,20000,0,20000,20000
061548,聯詠群益9A購02  ,0,0,0,0,0,0,0,0,0,20000,0,0,0,20000,0,20000,20000
062270,上銀群益9B購03  ,0,0,0,0,0,0,0,0,0,20000,0,0,0,26000,6000,20000,20000
06167P,欣興國票97售05  ,0,0,0,0,0,0,0,0,0,20000,0,0,0,20000,0,20000,20000
062139,臺指反國票9C購02,0,0,0,0,0,0,0,0,0,20000,0,0,0,70000,50000,20000,20000
062059,聯發科統一9C購06,0,0,0,0,0,0,0,0,0,20000,0,0,0,40000,20000,20000,20000
062152,國巨麥證9C購01  ,0,0,0,20000,0,20000,0,0,0,20000,0,0,0,20000,0,20000,20000
062842,臺股指群益9B購09,0,0,0,0,0,0,0,0,0,20000,0,0,0,20000,0,20000,20000
062757,華通凱基9B購02  ,0,0,0,0,0,0,0,0,0,20000,0,0,0,20000,0,20000,20000
063553,同欣電國票9B購03,0,0,0,0,0,0,0,0,0,20000,0,0,0,30000,10000,20000,20000
063503,香港反中信9C購01,0,0,0,0,0,0,0,0,0,20000,0,0,0,20000,0,20000,20000
063746,上銀國票9C購01  ,0,0,0,0,0,0,0,0,0,20000,0,0,0,20000,0,20000,20000
063692,華擎永豐9B購02  ,0,0,0,0,0,0,0,0,0,20000,0,0,0,100000,80000,20000,20000
063697,香港反群益9C購01,0,0,0,0,0,0,0,0,0,20000,0,0,0,20000,0,20000,20000
063879,台積電元富9C購01,0,0,0,0,0,0,0,0,0,20000,0,0,0,20000,0,20000,20000
06391P,上銀中信97售03  ,0,0,0,0,0,0,0,0,0,20000,0,0,0,20000,0,20000,20000
064047,義隆統一02購01  ,0,0,0,0,0,0,0,0,0,20000,0,0,0,22000,2000,20000,20000
064109,上銀國票01購01  ,0,0,0,0,0,0,0,0,0,20000,0,0,0,22000,2000,20000,20000
6192,巨路            ,33000,14000,19000,0,0,0,0,0,0,1000,1000,0,1000,0,0,0,20000
4912,聯德控股-KY     ,23000,2000,21000,0,0,0,0,0,0,-1000,0,1000,-1000,0,0,0,20000
8367,建新國際        ,20000,2000,18000,0,0,0,0,0,0,2000,2000,0,2000,0,0,0,20000
06457P,玉晶光統一98售02,0,0,0,0,0,0,0,0,0,19000,0,0,0,70000,51000,19000,19000
06736P,新日興凱基98售03,0,0,0,0,0,0,0,0,0,19000,0,0,0,20000,1000,19000,19000
07135P,臺股指元大9A售29,0,0,0,0,0,0,0,0,0,19000,0,0,0,19000,0,19000,19000
08350P,臺股指中信9C售06,0,0,0,0,0,0,0,0,0,19000,0,0,0,25000,6000,19000,19000
07941P,國巨凱基9B售07  ,0,0,0,0,0,0,0,0,0,19000,0,0,0,19000,0,19000,19000
07667P,亞德客元大9A售05,0,0,0,0,0,0,0,0,0,19000,0,0,0,19000,0,19000,19000
1441,大東            ,22000,3000,19000,0,0,0,0,0,0,0,0,0,0,0,0,0,19000
1524,耿鼎            ,21000,3000,18000,0,0,0,0,0,0,1000,1000,0,1000,0,0,0,19000
2359,所羅門          ,35000,17000,18000,0,0,0,0,0,0,1000,1000,0,1000,0,0,0,19000
056945,鴻海統一98購12  ,0,0,0,0,0,0,0,0,0,19000,0,0,0,31000,12000,19000,19000
055989,矽力元富9A購01  ,0,0,0,0,0,0,0,0,0,19000,0,0,0,37000,18000,19000,19000
056169,鴻海元富97購08  ,0,0,0,0,0,0,0,0,0,19000,0,0,0,19000,0,19000,19000
061088,國巨統一9C購05  ,0,0,0,0,0,0,0,0,0,19000,0,0,0,19000,0,19000,19000
058610,欣興元大99購05  ,0,0,0,0,0,0,0,0,0,19000,0,0,0,69000,50000,19000,19000
055084,國巨第一97購01  ,0,0,0,0,0,0,0,0,0,19000,0,0,0,19000,0,19000,19000
057568,友訊永豐99購01  ,0,0,0,0,0,0,0,0,0,19000,0,0,0,157000,138000,19000,19000
03674C,臺股指元富9C牛02,0,0,0,0,0,0,0,0,0,19000,0,0,0,19000,0,19000,19000
045054,聯發科元富98購02,0,0,0,0,0,0,0,0,0,19000,0,0,0,19000,0,19000,19000
057924,健策凱基98購02  ,0,0,0,0,0,0,0,0,0,19000,0,0,0,49000,30000,19000,19000
061397,上銀台新9A購01  ,0,0,0,0,0,0,0,0,0,19000,0,0,0,19000,0,19000,19000
063997,泰鼎群益9C購01  ,0,0,0,0,0,0,0,0,0,19000,0,0,0,98000,79000,19000,19000
06165P,臺股指凱基9A售03,0,0,0,0,0,0,0,0,0,19000,0,0,0,19000,0,19000,19000
8374,羅昇            ,21000,2000,19000,0,0,0,0,0,0,0,0,0,0,0,0,0,19000
8411,福貞-KY         ,20000,1000,19000,0,0,0,0,0,0,0,0,0,0,0,0,0,19000
4581,光隆精密-KY     ,19000,0,19000,0,0,0,0,0,0,0,0,0,0,0,0,0,19000
4566,時碩工業        ,24000,5000,19000,0,0,0,0,0,0,0,0,0,0,0,0,0,19000
3679,新至陞          ,19000,0,19000,0,0,0,0,0,0,0,0,0,0,0,0,0,19000
5285,界霖            ,26000,8000,18000,0,0,0,0,0,0,1000,1000,0,1000,0,0,0,19000
6216,居易            ,14000,1000,13000,0,0,0,0,0,0,6000,6000,0,6000,0,0,0,19000
2506,太設            ,63000,45000,18000,0,0,0,0,0,0,0,0,0,0,0,0,0,18000
2939,凱羿-KY         ,29000,11000,18000,0,0,0,0,0,0,0,0,0,0,0,0,0,18000
3094,聯傑            ,50000,35000,15000,0,0,0,0,0,0,3000,3000,0,3000,0,0,0,18000
1414,東和            ,18000,0,18000,0,0,0,0,0,0,0,0,0,0,0,0,0,18000
1721,三晃            ,21000,3000,18000,0,0,0,0,0,0,0,0,0,0,0,0,0,18000
1616,億泰            ,18000,0,18000,0,0,0,0,0,0,0,0,0,0,0,0,0,18000
08205P,智邦凱基9B售03  ,0,0,0,0,0,0,0,0,0,18000,0,0,0,78000,60000,18000,18000
08094P,華新科元富9B售05,0,0,0,0,0,0,0,0,0,18000,0,0,0,38000,20000,18000,18000
07187P,臺股指台新99售10,0,0,0,0,0,0,0,0,0,18000,0,0,0,20000,2000,18000,18000
07211P,南亞科凱基99售05,0,0,0,0,0,0,0,0,0,18000,0,0,0,20000,2000,18000,18000
07506P,中租元大9A售01  ,0,0,0,0,0,0,0,0,0,18000,0,0,0,18000,0,18000,18000
064493,南亞科元大9C購01,0,0,0,0,0,0,0,0,0,18000,0,0,0,150000,132000,18000,18000
0051,元大中型100     ,1000,0,1000,0,0,0,0,0,0,17000,0,0,0,19000,2000,17000,18000
0054,元大台商50      ,0,0,0,0,0,0,0,0,0,18000,0,0,0,21000,3000,18000,18000
053489,上銀兆豐97購01  ,0,0,0,0,0,0,0,0,0,18000,0,0,0,18000,0,18000,18000
061087,國巨統一01購04  ,0,0,0,0,0,0,0,0,0,18000,0,0,0,23000,5000,18000,18000
057292,國巨國泰9B購01  ,0,0,0,0,0,0,0,0,0,18000,0,0,0,18000,0,18000,18000
056351,鴻海元大98購06  ,0,0,0,0,0,0,0,0,0,18000,0,0,0,18000,0,18000,18000
056410,康控國票99購01  ,0,0,0,0,0,0,0,0,0,18000,0,0,0,38000,20000,18000,18000
061289,玉晶光統一01購03,0,0,0,0,0,0,0,0,0,18000,0,0,0,18000,0,18000,18000
061270,彩晶凱基9A購02  ,0,0,0,0,0,0,0,0,0,18000,0,0,0,20000,2000,18000,18000
058037,台灣50元大9B購02,0,0,0,0,0,0,0,0,0,18000,0,0,0,18000,0,18000,18000
060660,國巨凱基9B購04  ,0,0,0,0,0,0,0,0,0,18000,0,0,0,148000,130000,18000,18000
057899,台積電永豐98購04,0,0,0,0,0,0,0,0,0,18000,0,0,0,20000,2000,18000,18000
057816,欣興元大98購13  ,0,0,0,0,0,0,0,0,0,18000,0,0,0,60000,42000,18000,18000
057819,新日興元大99購01,0,0,0,0,0,0,0,0,0,18000,0,0,0,18000,0,18000,18000
061685,道瓊反群益9A購03,0,0,0,0,0,0,0,0,0,18000,0,0,0,18000,0,18000,18000
061569,旺宏元大9A購14  ,0,0,0,0,0,0,0,0,0,18000,0,0,0,61000,43000,18000,18000
061933,光寶科國票9B購01,0,0,0,0,0,0,0,0,0,18000,0,0,0,18000,0,18000,18000
061960,國巨統一01購05  ,0,0,0,0,0,0,0,0,0,18000,0,0,0,38000,20000,18000,18000
062738,可成國票9B購02  ,0,0,0,0,0,0,0,0,0,18000,0,0,0,28000,10000,18000,18000
062827,神基群益9B購01  ,0,0,0,0,0,0,0,0,0,18000,0,0,0,18000,0,18000,18000
064209,燿華凱基01購01  ,0,0,0,0,0,0,0,0,0,18000,0,0,0,35000,17000,18000,18000
064207,國巨凱基03購02  ,0,0,0,0,0,0,0,0,0,18000,0,0,0,70000,52000,18000,18000
063701,燿華群益9B購02  ,0,0,0,0,0,0,0,0,0,18000,0,0,0,145000,127000,18000,18000
063398,信邦群益9B購02  ,0,0,0,0,0,0,0,0,0,18000,0,0,0,64000,46000,18000,18000
063037,聯發科凱基9C購02,0,0,0,0,0,0,0,0,0,18000,0,0,0,80000,62000,18000,18000
5525,順天            ,18000,0,18000,0,0,0,0,0,0,0,0,0,0,0,0,0,18000
3550,聯穎            ,17000,0,17000,0,0,0,0,0,0,1000,1000,0,1000,0,0,0,18000
3266,昇陽            ,18000,0,18000,0,0,0,0,0,0,0,0,0,0,0,0,0,18000
3305,昇貿            ,15000,0,15000,0,0,0,0,0,0,3000,3000,0,3000,0,0,0,18000
064468,健策元富9C購02  ,0,0,0,0,0,0,0,0,0,17000,0,0,0,19000,2000,17000,17000
06437P,玉晶光國票99售01,0,0,0,0,0,0,0,0,0,17000,0,0,0,20000,3000,17000,17000
064267,南六永豐9C購03  ,0,0,0,0,0,0,0,0,0,17000,0,0,0,37000,20000,17000,17000
064655,聚陽元大9C購02  ,0,0,0,0,0,0,0,0,0,17000,0,0,0,274000,257000,17000,17000
07407P,欣興凱基99售07  ,0,0,0,0,0,0,0,0,0,17000,0,0,0,92000,75000,17000,17000
07147P,高鐵元大99售01  ,0,0,0,0,0,0,0,0,0,17000,0,0,0,17000,0,17000,17000
07148P,富邦金元大99售01,0,0,0,0,0,0,0,0,0,17000,0,0,0,72000,55000,17000,17000
07046P,大立光富邦9C售03,0,0,0,0,0,0,0,0,0,17000,0,0,0,18000,1000,17000,17000
06652P,長榮航元大98售01,0,0,0,0,0,0,0,0,0,17000,0,0,0,17000,0,17000,17000
06654P,欣興元大98售08  ,0,0,0,0,0,0,0,0,0,17000,0,0,0,127000,110000,17000,17000
06584P,欣興凱基98售03  ,0,0,0,0,0,0,0,0,0,17000,0,0,0,17000,0,17000,17000
08233P,國泰金元富9B售01,0,0,0,0,0,0,0,0,0,17000,0,0,0,69000,52000,17000,17000
07946P,華通統一9B售02  ,0,0,0,0,0,0,0,0,0,17000,0,0,0,17000,0,17000,17000
1808,潤隆            ,48000,31000,17000,0,0,0,0,0,0,0,0,0,0,0,0,0,17000
2028,威致            ,17000,0,17000,0,0,0,0,0,0,0,0,0,0,0,0,0,17000
1416,廣豐            ,17000,0,17000,0,0,0,0,0,0,0,0,0,0,0,0,0,17000
1436,華友聯          ,20000,3000,17000,0,0,0,0,0,0,0,0,0,0,0,0,0,17000
2488,漢平            ,20000,10000,10000,0,0,0,0,0,0,7000,7000,0,7000,0,0,0,17000
2484,希華            ,114000,98000,16000,0,0,0,0,0,0,1000,1000,0,1000,0,0,0,17000
2540,愛山林          ,16000,2000,14000,0,0,0,0,0,0,3000,3000,0,3000,0,0,0,17000
2528,皇普            ,27000,10000,17000,0,0,0,0,0,0,0,0,0,0,0,0,0,17000
2608,嘉里大榮        ,94000,35000,59000,0,0,0,0,32000,-32000,-10000,0,10000,-10000,0,0,0,17000
2358,廷鑫            ,22000,3000,19000,0,0,0,0,0,0,-2000,1000,3000,-2000,0,0,0,17000
056268,新日興統一97購01,0,0,0,0,0,0,0,0,0,17000,0,0,0,142000,125000,17000,17000
057106,美律群益98購03  ,0,0,0,0,0,0,0,0,0,17000,0,0,0,117000,100000,17000,17000
057524,旺宏元大99購04  ,0,0,0,0,0,0,0,0,0,17000,0,0,0,155000,138000,17000,17000
057563,旭富國泰9A購01  ,0,0,0,0,0,0,0,0,0,17000,0,0,0,19000,2000,17000,17000
052806,玉晶光元大98購04,0,0,0,0,0,0,0,0,0,17000,0,0,0,63000,46000,17000,17000
060755,鴻海元大9A購15  ,0,0,0,0,0,0,0,0,0,17000,0,0,0,20000,3000,17000,17000
059067,上銀國票9A購02  ,0,0,0,0,0,0,0,0,0,17000,0,0,0,22000,5000,17000,17000
059297,大立光元富9C購01,0,0,0,0,0,0,0,0,0,17000,0,0,0,73000,56000,17000,17000
063427,南六凱基9B購04  ,0,0,0,0,0,0,0,0,0,17000,0,0,0,17000,0,17000,17000
063683,大成鋼永豐9B購01,0,0,0,0,0,0,0,0,0,17000,0,0,0,17000,0,17000,17000
063943,台光電元大9C購02,0,0,0,0,0,0,0,0,0,17000,0,0,0,91000,74000,17000,17000
064216,矽格凱基01購01  ,0,0,0,0,0,0,0,0,0,17000,0,0,0,92000,75000,17000,17000
064016,南六國票01購01  ,0,0,0,0,0,0,0,0,0,17000,0,0,0,17000,0,17000,17000
062798,台光電統一9B購01,0,0,0,0,0,0,0,0,0,17000,0,0,0,825000,808000,17000,17000
062596,緯穎統一01購02  ,0,0,0,0,0,0,0,0,0,17000,0,0,0,37000,20000,17000,17000
06161P,聯發科群益97售03,0,0,0,0,0,0,0,0,0,17000,0,0,0,17000,0,17000,17000
062266,世紀鋼元大9B購02,0,0,0,0,0,0,0,0,0,17000,0,0,0,17000,0,17000,17000
8462,柏文            ,42000,25000,17000,0,0,0,0,0,0,0,0,0,0,0,0,0,17000
2929,淘帝-KY         ,94000,77000,17000,0,0,0,0,0,0,-1000,1000,1000,0,0,1000,-1000,16000
07754P,日月光元大9A售02,0,0,0,0,0,0,0,0,0,16000,0,0,0,16000,0,16000,16000
08394P,大立光群益9C售05,0,0,0,0,0,0,0,0,0,16000,0,0,0,16000,0,16000,16000
06594P,立積元大98售01  ,0,0,0,0,0,0,0,0,0,16000,0,0,0,16000,0,16000,16000
06712P,臺股指台新99售09,0,0,0,0,0,0,0,0,0,16000,0,0,0,20000,4000,16000,16000
06897P,FBVIX群益01售01 ,0,0,0,0,0,0,0,0,0,16000,0,0,0,16000,0,16000,16000
052132,旺宏凱基9B購01  ,0,0,0,0,0,0,0,0,0,16000,0,0,0,26000,10000,16000,16000
00702,國泰標普低波高息,36000,0,36000,0,0,0,0,0,0,-20000,0,0,0,93000,113000,-20000,16000
057664,台積電元大9A購03,0,0,0,0,0,0,0,0,0,16000,0,0,0,47000,31000,16000,16000
053643,漢唐國票97購02  ,0,0,0,0,0,0,0,0,0,16000,0,0,0,16000,0,16000,16000
056406,建準國票99購01  ,0,0,0,0,0,0,0,0,0,16000,0,0,0,16000,0,16000,16000
060779,臺股指凱基9A購07,0,0,0,0,0,0,0,0,0,16000,0,0,0,35000,19000,16000,16000
060802,道瓊指中信9C購03,0,0,0,0,0,0,0,0,0,16000,0,0,0,41000,25000,16000,16000
059631,京元電凱基99購02,0,0,0,0,0,0,0,0,0,16000,0,0,0,16000,0,16000,16000
058792,鴻海元大99購18  ,0,0,0,0,0,0,0,0,0,16000,0,0,0,16000,0,16000,16000
058405,訊連元大99購02  ,0,0,0,0,0,0,0,0,0,16000,0,0,0,16000,0,16000,16000
061365,國巨國票9B購05  ,0,0,0,0,0,0,0,0,0,16000,0,0,0,23000,7000,16000,16000
062037,華新凱基9B購01  ,0,0,0,0,0,0,0,0,0,16000,0,0,0,113000,97000,16000,16000
064029,宏達電元大9C購01,0,0,0,0,0,0,0,0,0,16000,0,0,0,300000,284000,16000,16000
064168,南電統一01購01  ,0,0,0,0,0,0,0,0,0,16000,0,0,0,24000,8000,16000,16000
063379,帆宣永豐9B購01  ,0,0,0,0,0,0,0,0,0,16000,0,0,0,64000,48000,16000,16000
8473,山林水          ,21000,2000,19000,0,0,0,0,0,0,-3000,0,3000,-3000,0,0,0,16000
3617,碩天            ,30000,14000,16000,0,0,0,0,0,0,0,0,0,0,0,0,0,16000
4722,國精化          ,37000,21000,16000,0,0,0,0,0,0,0,0,0,0,0,0,0,16000
5515,建國            ,39000,11000,28000,0,0,0,0,0,0,-12000,9000,21000,-12000,0,0,0,16000
06887P,華新科元大98售04,0,0,0,0,0,0,0,0,0,15000,0,0,0,15000,0,15000,15000
06771P,台灣50中信02售01,0,0,0,0,0,0,0,0,0,15000,0,0,0,65000,50000,15000,15000
06995P,臺股指凱基99售16,0,0,0,0,0,0,0,0,0,15000,0,0,0,25000,10000,15000,15000
06691P,臺股指群益9C售05,0,0,0,0,0,0,0,0,0,15000,0,0,0,15000,0,15000,15000
06593P,欣興元大98售05  ,0,0,0,0,0,0,0,0,0,15000,0,0,0,15000,0,15000,15000
06567P,鴻海永豐98售02  ,0,0,0,0,0,0,0,0,0,15000,0,0,0,15000,0,15000,15000
07129P,華新科元大99售14,0,0,0,0,0,0,0,0,0,15000,0,0,0,130000,115000,15000,15000
064477,南六國泰02購01  ,0,0,0,0,0,0,0,0,0,15000,0,0,0,25000,10000,15000,15000
064485,儒鴻元大01購01  ,0,0,0,0,0,0,0,0,0,15000,0,0,0,110000,95000,15000,15000
08360P,國巨國泰02售01  ,0,0,0,0,0,0,0,0,0,15000,0,0,0,15000,0,15000,15000
08216P,聯發科群益9C售05,0,10000,-10000,0,0,0,0,0,0,25000,0,0,0,60000,35000,25000,15000
08221P,台表科凱基9B售05,0,0,0,0,0,0,0,0,0,15000,0,0,0,49000,34000,15000,15000
08159P,日月光元富9B售01,0,0,0,0,0,0,0,0,0,15000,0,0,0,50000,35000,15000,15000
07752P,台灣50元大9C售33,0,0,0,0,0,0,0,0,0,15000,0,0,0,50000,35000,15000,15000
07730P,臺股指凱基9A售22,0,0,0,0,0,0,0,0,0,15000,0,0,0,15000,0,15000,15000
07781P,高鐵凱基9A售02  ,0,0,0,0,0,0,0,0,0,15000,0,0,0,15000,0,15000,15000
07901P,臺股指凱基9B售04,0,0,0,0,0,0,0,0,0,15000,0,0,0,265000,250000,15000,15000
3164,景岳            ,15000,2000,13000,0,0,0,0,0,0,2000,4000,2000,2000,0,0,0,15000
2427,三商電          ,170000,157000,13000,0,0,0,0,0,0,2000,2000,0,2000,0,0,0,15000
1558,伸興            ,84000,69000,15000,0,0,0,0,0,0,0,0,0,0,0,0,0,15000
1539,巨庭            ,18000,3000,15000,0,0,0,0,0,0,0,0,0,0,0,0,0,15000
1903,士紙            ,49000,34000,15000,0,0,0,0,0,0,0,0,0,0,0,0,0,15000
056970,TPK永豐98購01   ,0,0,0,0,0,0,0,0,0,15000,0,0,0,25000,10000,15000,15000
056933,國巨元富98購03  ,0,0,0,0,0,0,0,0,0,15000,0,0,0,15000,0,15000,15000
055746,同欣電元富97購01,0,0,0,0,0,0,0,0,0,15000,0,0,0,15000,0,15000,15000
055605,緯穎元大97購02  ,0,0,0,0,0,0,0,0,0,15000,0,0,0,15000,0,15000,15000
058517,景碩元大99購06  ,0,0,0,0,0,0,0,0,0,15000,0,0,0,40000,25000,15000,15000
058512,宏達電元大99購04,0,0,0,0,0,0,0,0,0,15000,0,0,0,17000,2000,15000,15000
057006,國巨中信98購03  ,0,0,0,0,0,0,0,0,0,15000,0,0,0,15000,0,15000,15000
053517,崇越群益97購01  ,0,0,0,0,0,0,0,0,0,15000,0,0,0,15000,0,15000,15000
053729,聯茂凱基96購05  ,0,0,0,0,0,0,0,0,0,15000,0,0,0,15000,0,15000,15000
053825,南電群益96購02  ,0,0,0,0,0,0,0,0,0,15000,0,0,0,15000,0,15000,15000
053977,新日興元大96購03,0,0,0,0,0,0,0,0,0,15000,0,0,0,39000,24000,15000,15000
056572,義隆元大99購01  ,0,0,0,0,0,0,0,0,0,15000,0,0,0,15000,0,15000,15000
0055,元大MSCI金融    ,0,0,0,0,0,0,0,0,0,15000,0,0,0,15000,0,15000,15000
00865B,國泰US短期公債  ,0,0,0,0,0,0,0,0,0,15000,0,0,0,116000,101000,15000,15000
052522,聯發科元大96購05,0,0,0,0,0,0,0,0,0,15000,0,0,0,15000,0,15000,15000
042317,台灣50永豐96購01,0,0,0,0,0,0,0,0,0,15000,0,0,0,15000,0,15000,15000
061338,台積電元大9A購28,0,0,0,0,0,0,0,0,0,15000,0,0,0,15000,0,15000,15000
061540,台積電群益9A購07,0,0,0,0,0,0,0,0,0,15000,0,0,0,22000,7000,15000,15000
061779,上銀群益9B購01  ,0,0,0,0,0,0,0,0,0,15000,0,0,0,15000,0,15000,15000
058264,瑞昱永豐99購01  ,0,0,0,0,0,0,0,0,0,15000,0,0,0,25000,10000,15000,15000
058253,臺股指元大9A購17,0,0,0,0,0,0,0,0,0,15000,0,0,0,15000,0,15000,15000
061410,緯穎國票9A購03  ,0,0,0,0,0,0,0,0,0,15000,0,0,0,29000,14000,15000,15000
057959,欣興元大98購14  ,0,0,0,0,0,0,0,0,0,15000,0,0,0,84000,69000,15000,15000
06037P,超眾國票98售02  ,0,0,0,0,0,0,0,0,0,15000,0,0,0,15000,0,15000,15000
06038P,國泰金台新96售01,0,0,0,0,0,0,0,0,0,15000,0,0,0,15000,0,15000,15000
058367,大立光凱基9A購01,0,0,0,0,0,0,0,0,0,15000,0,0,0,15000,0,15000,15000
060701,玉晶光國泰9C購01,0,0,0,0,0,0,0,0,0,15000,0,0,0,15000,0,15000,15000
060687,GIS元大9A購01   ,0,0,0,0,0,0,0,0,0,15000,0,0,0,15000,0,15000,15000
060639,玉晶光永豐9A購05,0,0,0,0,0,0,0,0,0,15000,0,0,0,15000,0,15000,15000
059691,大立光永豐99購02,0,0,0,0,0,0,0,0,0,15000,0,0,0,25000,10000,15000,15000
060266,潤泰全國票9A購01,0,0,0,0,0,0,0,0,0,15000,0,0,0,20000,5000,15000,15000
060225,S&P反1元大9A購02,0,0,0,0,0,0,0,0,0,15000,0,0,0,15000,0,15000,15000
060233,宏碁元大9A購01  ,0,0,0,0,0,0,0,0,0,15000,0,0,0,15000,0,15000,15000
059263,瑞昱中信01購01  ,0,0,0,0,0,0,0,0,0,15000,0,0,0,26000,11000,15000,15000
059081,和大元大99購01  ,0,0,0,0,0,0,0,0,0,15000,0,0,0,15000,0,15000,15000
063385,可成中信9C購01  ,0,0,0,0,0,0,0,0,0,15000,0,0,0,52000,37000,15000,15000
063397,廣達群益9B購02  ,0,0,0,0,0,0,0,0,0,15000,0,0,0,96000,81000,15000,15000
063552,晶技國票9B購03  ,0,0,0,0,0,0,0,0,0,15000,0,0,0,161000,146000,15000,15000
063579,GIS元大9C購01   ,0,0,0,0,0,0,0,0,0,15000,0,0,0,75000,60000,15000,15000
063173,矽格中信9B購01  ,0,0,0,0,0,0,0,0,0,15000,0,0,0,100000,85000,15000,15000
063246,嘉晶元大9C購01  ,0,0,0,0,0,0,0,0,0,15000,0,0,0,90000,75000,15000,15000
063648,台表科元大9C購05,0,0,0,0,0,0,0,0,0,15000,0,0,0,127000,112000,15000,15000
063719,T50反1元大9B購11,0,0,0,0,0,0,0,0,0,15000,0,0,0,75000,60000,15000,15000
063748,台積電國票9C購05,0,0,0,0,0,0,0,0,0,15000,0,0,0,23000,8000,15000,15000
063777,儒鴻永豐9B購02  ,0,0,0,0,0,0,0,0,0,15000,0,0,0,15000,0,15000,15000
061958,鴻海統一01購01  ,0,0,0,0,0,0,0,0,0,15000,0,0,0,16000,1000,15000,15000
061908,台積電中信05購01,0,0,0,0,0,0,0,0,0,15000,0,0,0,30000,15000,15000,15000
061577,泰碩元大9A購03  ,0,0,0,0,0,0,0,0,0,15000,0,0,0,48000,33000,15000,15000
061582,麗豐元大9A購01  ,0,0,0,0,0,0,0,0,0,15000,0,0,0,80000,65000,15000,15000
061857,康友國票9B購01  ,0,0,0,0,0,0,0,0,0,15000,0,0,0,18000,3000,15000,15000
062395,台表科富邦9C購01,0,0,0,0,0,0,0,0,0,15000,0,0,0,25000,10000,15000,15000
062392,國巨富邦02購01  ,0,0,0,0,0,0,0,0,0,15000,0,0,0,150000,135000,15000,15000
062756,臺指反凱基9C購01,0,0,0,0,0,0,0,0,0,15000,0,0,0,15000,0,15000,15000
8429,金麗-KY         ,70000,56000,14000,0,0,0,0,0,0,1000,1000,0,1000,0,0,0,15000
1817,凱撒衛          ,14000,1000,13000,0,0,0,0,0,0,1000,1000,0,1000,0,0,0,14000
1582,信錦            ,62000,37000,25000,0,0,0,0,0,0,-11000,0,0,0,0,11000,-11000,14000
1323,永裕            ,12000,0,12000,0,0,0,0,0,0,2000,2000,0,2000,0,0,0,14000
2459,敦吉            ,41000,27000,14000,0,0,0,0,0,0,0,0,0,0,0,0,0,14000
2497,怡利電          ,14000,0,14000,0,0,0,0,0,0,0,0,0,0,0,0,0,14000
08187P,大毅群益9B售04  ,0,0,0,0,0,0,0,0,0,14000,0,0,0,114000,100000,14000,14000
07143P,FBVIX元大99售02 ,0,0,0,0,0,0,0,0,0,14000,0,0,0,14000,0,14000,14000
06888P,日月光元大98售02,0,0,0,0,0,0,0,0,0,14000,0,0,0,15000,1000,14000,14000
03810P,大立光富邦98售01,0,0,0,0,0,0,0,0,0,14000,0,0,0,14000,0,14000,14000
00685L,群益臺灣加權正2 ,0,0,0,0,0,0,0,0,0,14000,0,0,0,22000,8000,14000,14000
052937,國巨兆豐97購01  ,0,0,0,0,0,0,0,0,0,14000,0,0,0,14000,0,14000,14000
054090,瑞昱群益97購01  ,0,0,0,0,0,0,0,0,0,14000,0,0,0,24000,10000,14000,14000
057503,世紀鋼群益98購02,0,0,0,0,0,0,0,0,0,14000,0,0,0,14000,0,14000,14000
057505,健策麥證98購01  ,0,0,0,164000,0,164000,0,0,0,14000,0,0,0,164000,150000,14000,14000
056224,聯發科凱基97購08,0,0,0,0,0,0,0,0,0,14000,0,0,0,16000,2000,14000,14000
059056,技嘉凱基99購02  ,0,0,0,0,0,0,0,0,0,14000,0,0,0,47000,33000,14000,14000
059529,華新科凱基9A購04,0,0,0,0,0,0,0,0,0,14000,0,0,0,26000,12000,14000,14000
060164,合勤控永豐9A購01,0,0,0,0,0,0,0,0,0,14000,0,0,0,52000,38000,14000,14000
058676,聯茂群益99購01  ,0,0,0,0,0,0,0,0,0,14000,0,0,0,123000,109000,14000,14000
060385,台勝科凱基9A購01,0,0,0,0,0,0,0,0,0,14000,0,0,0,58000,44000,14000,14000
060471,台勝科元大9B購01,0,0,0,0,0,0,0,0,0,14000,0,0,0,14000,0,14000,14000
059996,美律元富99購01  ,0,0,0,0,0,0,0,0,0,14000,0,0,0,64000,50000,14000,14000
05899P,臺股指凱基96售30,0,0,0,0,0,0,0,0,0,14000,0,0,0,705000,691000,14000,14000
058290,南電國票9A購01  ,0,0,0,0,0,0,0,0,0,14000,0,0,0,15000,1000,14000,14000
061007,聯詠兆豐9A購01  ,0,0,0,0,0,0,0,0,0,14000,0,0,0,24000,10000,14000,14000
061266,國泰金凱基9B購01,0,0,0,0,0,0,0,0,0,14000,0,0,0,226000,212000,14000,14000
062938,聯發科凱基9B購10,0,0,0,0,0,0,0,0,0,14000,0,0,0,178000,164000,14000,14000
062580,華通統一9C購03  ,0,0,0,0,0,0,0,0,0,14000,0,0,0,14000,0,14000,14000
06376P,上銀統一99售01  ,0,0,0,0,0,0,0,0,0,14000,0,0,0,50000,36000,14000,14000
063820,華邦電麥證01購01,0,0,0,14000,0,14000,0,0,0,14000,0,0,0,14000,0,14000,14000
063384,巨大永豐9B購04  ,0,0,0,0,0,0,0,0,0,14000,0,0,0,14000,0,14000,14000
5007,三星            ,30000,16000,14000,0,0,0,0,0,0,0,0,0,0,0,0,0,14000
6128,上福            ,17000,5000,12000,0,0,0,0,0,0,2000,2000,0,2000,0,0,0,14000
8341,日友            ,205200,191000,14200,0,0,0,0,0,0,-1000,0,1000,-1000,0,0,0,13200
06826P,臺股指國票98售02,0,0,0,0,0,0,0,0,0,13000,0,0,0,55000,42000,13000,13000
08072P,祥碩永豐9B售03  ,0,0,0,0,0,0,0,0,0,13000,0,0,0,13000,0,13000,13000
08435P,台積電群益9C售11,0,0,0,0,0,0,0,0,0,13000,0,0,0,65000,52000,13000,13000
07799P,南電國票9A售04  ,0,0,0,0,0,0,0,0,0,13000,0,0,0,13000,0,13000,13000
2460,建通            ,10000,2000,8000,0,0,0,0,0,0,5000,5000,0,5000,0,0,0,13000
3004,豐達科          ,71000,38000,33000,0,0,0,0,0,0,-20000,0,20000,-20000,0,0,0,13000
1432,大魯閣          ,13000,0,13000,0,0,0,0,0,0,0,0,0,0,0,0,0,13000
1203,味王            ,15000,2000,13000,0,0,0,0,0,0,0,0,0,0,0,0,0,13000
1234,黑松            ,51000,38000,13000,0,0,0,0,0,0,0,0,0,0,0,0,0,13000
1456,怡華            ,13000,0,13000,0,0,0,0,0,0,0,0,0,0,0,0,0,13000
056918,台積電兆豐98購01,0,0,0,0,0,0,0,0,0,13000,0,0,0,13000,0,13000,13000
057335,技嘉國票99購01  ,0,0,0,0,0,0,0,0,0,13000,0,0,0,118000,105000,13000,13000
061042,致新永豐9A購02  ,0,0,0,0,0,0,0,0,0,13000,0,0,0,60000,47000,13000,13000
055030,帆宣國泰99購02  ,0,0,0,0,0,0,0,0,0,13000,0,0,0,80000,67000,13000,13000
053630,奇鋐兆豐97購01  ,0,0,0,0,0,0,0,0,0,13000,0,0,0,23000,10000,13000,13000
054169,上緯控凱基98購01,0,0,0,0,0,0,0,0,0,13000,0,0,0,38000,25000,13000,13000
056582,易華電元大98購01,0,0,0,0,0,0,0,0,0,13000,0,0,0,13000,0,13000,13000
056615,燿華永豐98購02  ,0,0,0,0,0,0,0,0,0,13000,0,0,0,13000,0,13000,13000
056623,禾伸堂永豐98購01,0,0,0,0,0,0,0,0,0,13000,0,0,0,23000,10000,13000,13000
057544,鴻海凱基02購01  ,0,0,0,0,0,0,0,0,0,13000,0,0,0,15000,2000,13000,13000
05306P,泰碩國泰97售01  ,0,0,0,0,0,0,0,0,0,13000,0,0,0,113000,100000,13000,13000
050673,旺宏富邦96購02  ,0,0,0,0,0,0,0,0,0,13000,0,0,0,13000,0,13000,13000
052317,台積電元大96購11,0,0,0,0,0,0,0,0,0,13000,0,0,0,13000,0,13000,13000
061373,華通富邦9A購02  ,0,0,0,0,0,0,0,0,0,13000,0,0,0,13000,0,13000,13000
060056,大立光凱基9B購01,0,0,0,0,0,0,0,0,0,13000,0,0,0,14000,1000,13000,13000
060101,大立光元大99購31,0,0,0,0,0,0,0,0,0,13000,0,0,0,13000,0,13000,13000
060889,國泰金統一9C購01,0,0,0,0,0,0,0,0,0,13000,0,0,0,674000,661000,13000,13000
057904,矽力永豐98購01  ,0,0,0,0,0,0,0,0,0,13000,0,0,0,13000,0,13000,13000
060847,康控國票9A購01  ,0,0,0,0,0,0,0,0,0,13000,0,0,0,73000,60000,13000,13000
06059P,泰碩元大97售02  ,0,0,0,0,0,0,0,0,0,13000,0,0,0,13000,0,13000,13000
058687,聯茂凱基9A購01  ,0,0,0,0,0,0,0,0,0,13000,0,0,0,115000,102000,13000,13000
059814,SP黃豆凱基9A購02,0,0,0,0,0,0,0,0,0,13000,0,0,0,73000,60000,13000,13000
057834,聯發科元富02購07,0,0,0,0,0,0,0,0,0,13000,0,0,0,13000,0,13000,13000
059275,可成元大99購05  ,0,0,0,0,0,0,0,0,0,13000,0,0,0,34000,21000,13000,13000
058851,大立光群益99購07,0,0,0,0,0,0,0,0,0,13000,0,0,0,28000,15000,13000,13000
063249,祥碩元大9B購06  ,0,0,0,0,0,0,0,0,0,13000,0,0,0,136000,123000,13000,13000
06321P,台積電統一98售03,0,0,0,0,0,0,0,0,0,13000,0,0,0,13000,0,13000,13000
063760,聯詠統一9C購02  ,0,0,0,0,0,0,0,0,0,13000,0,0,0,121000,108000,13000,13000
064226,TPK國票01購01   ,0,0,0,0,0,0,0,0,0,13000,0,0,0,38000,25000,13000,13000
062558,義隆凱基9B購02  ,0,0,0,0,0,0,0,0,0,13000,0,0,0,41000,28000,13000,13000
062663,聯發科群益9B購07,0,0,0,0,0,0,0,0,0,13000,0,0,0,30000,17000,13000,13000
062482,台表科國票9B購01,0,0,0,0,0,0,0,0,0,13000,0,0,0,18000,5000,13000,13000
9918,欣天然          ,16000,3000,13000,0,0,0,0,0,0,0,0,0,0,0,0,0,13000
4551,智伸科          ,133000,110000,23000,0,0,0,2000,0,2000,-12000,4000,18000,-14000,6000,4000,2000,13000
6598,ABC-KY          ,66000,58000,8000,0,0,0,0,0,0,4679,5000,321,4679,0,0,0,12679
1529,樂士            ,13000,11000,2000,0,0,0,0,0,0,10000,10000,0,10000,0,0,0,12000
2069,運錩            ,21000,9000,12000,0,0,0,0,0,0,0,0,0,0,0,0,0,12000
2495,普安            ,68000,61000,7000,0,0,0,0,0,0,5000,5000,0,5000,0,0,0,12000
07637P,國巨國票9A售08  ,0,0,0,0,0,0,0,0,0,12000,0,0,0,22000,10000,12000,12000
08208P,臺股指群益9B售16,0,0,0,0,0,0,0,0,0,12000,0,0,0,12000,0,12000,12000
06758P,鴻海元大98售10  ,0,0,0,0,0,0,0,0,0,12000,0,0,0,12000,0,12000,12000
06725P,聯電元富98售01  ,0,0,0,0,0,0,0,0,0,12000,0,0,0,97000,85000,12000,12000
06657P,寶成元大98售01  ,0,0,0,0,0,0,0,0,0,12000,0,0,0,22000,10000,12000,12000
07398P,鴻海凱基99售18  ,0,0,0,0,0,0,0,0,0,12000,0,0,0,12000,0,12000,12000
07399P,鴻海凱基99售19  ,0,0,0,0,0,0,0,0,0,12000,0,0,0,12000,0,12000,12000
07570P,旺宏凱基9A售04  ,0,0,0,0,0,0,0,0,0,12000,0,0,0,12000,0,12000,12000
064648,臻鼎凱基9C購02  ,0,0,0,0,0,0,0,0,0,12000,0,0,0,12000,0,12000,12000
045189,大立光元富98購01,0,0,0,0,0,0,0,0,0,12000,0,0,0,13000,1000,12000,12000
036628,統一台新99購01  ,0,0,0,0,0,0,0,0,0,12000,0,0,0,12000,0,12000,12000
03012X,元展12          ,0,0,0,0,0,0,0,0,0,12000,0,0,0,16000,4000,12000,12000
053256,上銀富邦98購01  ,0,0,0,0,0,0,0,0,0,12000,0,0,0,12000,0,12000,12000
055388,華通統一97購03  ,0,0,0,0,0,0,0,0,0,12000,0,0,0,12000,0,12000,12000
057573,京鼎永豐98購02  ,0,0,0,0,0,0,0,0,0,12000,0,0,0,12000,0,12000,12000
054751,GIS凱基98購01   ,0,0,0,0,0,0,0,0,0,12000,0,0,0,17000,5000,12000,12000
061048,國巨中信9A購05  ,0,0,0,0,0,0,0,0,0,12000,0,0,0,20000,8000,12000,12000
057342,玉晶光台新98購01,0,0,0,0,0,0,0,0,0,12000,0,0,0,12000,0,12000,12000
056165,矽力凱基98購02  ,0,0,0,0,0,0,0,0,0,12000,0,0,0,13000,1000,12000,12000
056384,玉晶光國泰9A購02,0,0,0,0,0,0,0,0,0,12000,0,0,0,12000,0,12000,12000
059202,禾聯碩永豐99購01,0,0,0,0,0,0,0,0,0,12000,0,0,0,12000,0,12000,12000
059264,台光電中信99購02,0,0,0,0,0,0,0,0,0,12000,0,0,0,32000,20000,12000,12000
059286,S&P正2元富01購03,0,0,0,0,0,0,0,0,0,12000,0,0,0,12000,0,12000,12000
059378,台光電群益9B購01,0,0,0,0,0,0,0,0,0,12000,0,0,0,12000,0,12000,12000
057724,亞德客國泰99購01,0,0,0,0,0,0,0,0,0,12000,0,0,0,16000,4000,12000,12000
058015,旺宏凱基99購02  ,0,0,0,0,0,0,0,0,0,12000,0,0,0,30000,18000,12000,12000
058011,台虹國票99購01  ,0,0,0,0,0,0,0,0,0,12000,0,0,0,13000,1000,12000,12000
061379,鈺齊永豐9A購02  ,0,0,0,0,0,0,0,0,0,12000,0,0,0,12000,0,12000,12000
061269,嘉澤凱基9A購01  ,0,0,0,0,0,0,0,0,0,12000,0,0,0,12000,0,12000,12000
061798,晶豪科永豐9B購01,0,0,0,0,0,0,0,0,0,12000,0,0,0,13000,1000,12000,12000
061778,元金2X群益9B購02,0,0,0,0,0,0,0,0,0,12000,0,0,0,12000,0,12000,12000
062859,玉晶光國票01購02,0,0,0,0,0,0,0,0,0,12000,0,0,0,87000,75000,12000,12000
062690,華擎統一9B購01  ,0,0,0,0,0,0,0,0,0,12000,0,0,0,55000,43000,12000,12000
062772,T50反1元大9B購06,0,0,0,0,0,0,0,0,0,12000,0,0,0,12000,0,12000,12000
061687,大成鋼群益9A購01,0,0,0,0,0,0,0,0,0,12000,0,0,0,50000,38000,12000,12000
062309,燿華凱基9B購01  ,0,0,0,0,0,0,0,0,0,12000,0,0,0,32000,20000,12000,12000
064140,台達電統一01購01,0,0,0,0,0,0,0,0,0,12000,0,0,0,154000,142000,12000,12000
063659,世紀鋼元富9B購01,0,0,0,0,0,0,0,0,0,12000,0,0,0,51000,39000,12000,12000
063253,巨大元大9B購03  ,0,0,0,0,0,0,0,0,0,12000,0,0,0,58000,46000,12000,12000
063053,聯發科統一01購04,0,0,0,0,0,0,0,0,0,12000,0,0,0,15000,3000,12000,12000
063087,南六凱基9C購02  ,0,0,0,0,0,0,0,0,0,12000,0,0,0,12000,0,12000,12000
5258,虹堡            ,67000,2000,65000,0,0,0,0,0,0,-53000,2000,55000,-53000,0,0,0,12000
4557,永新-KY         ,12000,0,12000,0,0,0,0,0,0,0,0,0,0,0,0,0,12000
06924P,台積電群益98售07,0,0,0,0,0,0,0,0,0,11000,0,0,0,11000,0,11000,11000
08222P,南六凱基9B售05  ,0,0,0,0,0,0,0,0,0,11000,0,0,0,31000,20000,11000,11000
08239P,南六永豐9B售03  ,0,0,0,0,0,0,0,0,0,11000,0,0,0,11000,0,11000,11000
08176P,國巨元大9B售20  ,0,0,0,0,0,0,0,0,0,11000,0,0,0,11000,0,11000,11000
07991P,鴻海群益9C售02  ,0,0,0,0,0,0,0,0,0,11000,0,0,0,81000,70000,11000,11000
2543,皇昌            ,13000,2000,11000,0,0,0,0,0,0,0,0,0,0,0,0,0,11000
2936,客思達-KY       ,11000,0,11000,0,0,0,0,0,0,0,0,0,0,0,0,0,11000
1533,車王電          ,13000,2000,11000,0,0,0,0,0,0,0,0,0,0,0,0,0,11000
1535,中宇            ,14000,3000,11000,0,0,0,0,0,0,0,0,0,0,0,0,0,11000
1454,台富            ,15000,4000,11000,0,0,0,0,0,0,0,0,0,0,0,0,0,11000
1109,信大            ,64000,53000,11000,0,0,0,0,0,0,0,0,0,0,0,0,0,11000
056457,嘉澤凱基98購01  ,0,0,0,0,0,0,0,0,0,11000,0,0,0,21000,10000,11000,11000
056991,牧德兆豐98購01  ,0,0,0,0,0,0,0,0,0,11000,0,0,0,361000,350000,11000,11000
05648P,康控國票97售01  ,0,0,0,0,0,0,0,0,0,11000,0,0,0,11000,0,11000,11000
057399,滬深反群益9C購01,0,0,0,0,0,0,0,0,0,11000,0,0,0,61000,50000,11000,11000
057433,上銀國票98購04  ,0,0,0,0,0,0,0,0,0,11000,0,0,0,11000,0,11000,11000
057075,嘉聯益永豐98購01,0,0,0,0,0,0,0,0,0,11000,0,0,0,11000,0,11000,11000
057670,欣興元大99購02  ,0,0,0,0,0,0,0,0,0,11000,0,0,0,51000,40000,11000,11000
057647,欣興元大98購10  ,0,0,0,0,0,0,0,0,0,11000,0,0,0,91000,80000,11000,11000
056719,台虹永豐98購01  ,0,0,0,0,0,0,0,0,0,11000,0,0,0,11000,0,11000,11000
053162,緯穎元大97購01  ,0,0,0,0,0,0,0,0,0,11000,0,0,0,11000,0,11000,11000
061286,大立光統一9A購05,0,0,0,0,0,0,0,0,0,11000,0,0,0,11000,0,11000,11000
061287,大立光統一9B購06,0,0,0,0,0,0,0,0,0,11000,0,0,0,17000,6000,11000,11000
058175,旺宏凱基99購03  ,0,0,0,0,0,0,0,0,0,11000,0,0,0,41000,30000,11000,11000
058150,中502X統一9B購01,0,0,0,0,0,0,0,0,0,11000,0,0,0,13000,2000,11000,11000
061433,華通麥證9A購03  ,0,0,0,12000,1000,11000,0,0,0,11000,0,0,0,12000,1000,11000,11000
060065,大立光兆豐9B購01,0,0,0,0,0,0,0,0,0,11000,0,0,0,13000,2000,11000,11000
059675,大立光元富99購08,0,0,0,0,0,0,0,0,0,11000,0,0,0,11000,0,11000,11000
060675,南亞科元大9A購02,0,0,0,0,0,0,0,0,0,11000,0,0,0,68000,57000,11000,11000
058808,大成鋼統一9B購01,0,0,0,0,0,0,0,0,0,11000,0,0,0,21000,10000,11000,11000
057847,聯茂永豐98購01  ,0,0,0,0,0,0,0,0,0,11000,0,0,0,38000,27000,11000,11000
060301,國巨富邦9C購02  ,0,0,0,0,0,0,0,0,0,11000,0,0,0,11000,0,11000,11000
060796,世芯永豐9A購03  ,0,0,0,0,0,0,0,0,0,11000,0,0,0,23000,12000,11000,11000
059539,緯穎凱基99購03  ,0,0,0,0,0,0,0,0,0,11000,0,0,0,50000,39000,11000,11000
063095,健策國票9B購02  ,0,0,0,0,0,0,0,0,0,11000,0,0,0,21000,10000,11000,11000
063312,台積電群益9B購07,0,0,0,0,0,0,0,0,0,11000,0,0,0,20000,9000,11000,11000
063387,台積電兆豐9B購03,0,0,0,0,0,0,0,0,0,11000,0,0,0,95000,84000,11000,11000
063534,鴻海統一9B購07  ,0,0,0,0,0,0,0,0,0,11000,0,0,0,11000,0,11000,11000
063699,國巨群益9B購07  ,0,0,0,0,0,0,0,0,0,11000,0,0,0,11000,0,11000,11000
062253,燿華元大9B購02  ,0,0,0,0,0,0,0,0,0,11000,0,0,0,36000,25000,11000,11000
062200,臺指反國票03購01,0,0,0,0,0,0,0,0,0,11000,0,0,0,41000,30000,11000,11000
062866,臺股指國票9B購23,0,0,0,0,0,0,0,0,0,11000,0,0,0,11000,0,11000,11000
4572,駐龍            ,15000,4000,11000,0,0,0,0,0,0,0,0,0,0,0,0,0,11000
3622,洋華            ,23000,16000,7000,0,0,0,0,0,0,4000,4000,0,4000,0,0,0,11000
8478,東哥遊艇        ,12000,1000,11000,0,0,0,0,0,0,0,0,0,0,0,0,0,11000
1233,天仁            ,10000,0,10000,0,0,0,0,0,0,0,0,0,0,0,0,0,10000
1713,國化            ,10000,0,10000,0,0,0,0,0,0,0,0,0,0,0,0,0,10000
07927P,國巨統一9B售08  ,0,0,0,0,0,0,0,0,0,10000,0,0,0,10000,0,10000,10000
07974P,上証2X元大9B售02,0,0,0,0,0,0,0,0,0,10000,0,0,0,10000,0,10000,10000
07957P,晶技群益9B售02  ,0,0,0,0,0,0,0,0,0,10000,0,0,0,10000,0,10000,10000
07964P,大立光統一9B售12,0,0,0,0,0,0,0,0,0,10000,0,0,0,10000,0,10000,10000
07832P,台積電群益9A售08,0,0,0,0,0,0,0,0,0,10000,0,0,0,15000,5000,10000,10000
07633P,台灣50元大9A售18,0,0,0,0,0,0,0,0,0,10000,0,0,0,10000,0,10000,10000
07601P,國巨統一9A售05  ,0,0,0,0,0,0,0,0,0,10000,0,0,0,10000,0,10000,10000
07785P,鴻海中信04售03  ,0,0,0,0,0,0,0,0,0,10000,0,0,0,10000,0,10000,10000
07732P,台灣50台新9A售05,0,0,0,0,0,0,0,0,0,10000,0,0,0,10000,0,10000,10000
07711P,世芯元大9A售07  ,0,0,0,0,0,0,0,0,0,10000,0,0,0,105000,95000,10000,10000
07718P,臺股指群益9A售07,0,0,0,0,0,0,0,0,0,10000,0,0,0,10000,0,10000,10000
08228P,華擎國票9C售01  ,0,0,0,0,0,0,0,0,0,10000,0,0,0,10000,0,10000,10000
08219P,上銀凱基9B售08  ,0,0,0,0,0,0,0,0,0,10000,0,0,0,10000,0,10000,10000
08116P,臺股指凱基9B售17,0,0,0,0,0,0,0,0,0,10000,0,0,0,20000,10000,10000,10000
08139P,華新科元大9B售12,0,0,0,0,0,0,0,0,0,10000,0,0,0,80000,70000,10000,10000
08407P,臺股指元大9C售13,0,0,0,0,0,0,0,0,0,10000,0,0,0,10000,0,10000,10000
08388P,台灣50中信03售09,0,0,0,0,0,0,0,0,0,10000,0,0,0,10000,0,10000,10000
08309P,GIS凱基9C售01   ,0,0,0,0,0,0,0,0,0,10000,0,0,0,34000,24000,10000,10000
08292P,華新科台新9C售01,0,0,0,0,0,0,0,0,0,10000,0,0,0,30000,20000,10000,10000
08279P,南電元富9C售02  ,0,0,0,0,0,0,0,0,0,10000,0,0,0,10000,0,10000,10000
08262P,茂林元大9C售01  ,0,0,0,0,0,0,0,0,0,10000,0,0,0,54000,44000,10000,10000
06977P,臺股指元大9A售15,0,0,0,0,0,0,0,0,0,10000,0,0,0,10000,0,10000,10000
07001P,國巨元大99售12  ,0,0,0,0,0,0,0,0,0,10000,0,0,0,10000,0,10000,10000
06898P,FBVIX群益9C售03 ,0,0,0,0,0,0,0,0,0,10000,0,0,0,10000,0,10000,10000
06726P,欣興元富98售04  ,0,0,0,0,0,0,0,0,0,10000,0,0,0,10000,0,10000,10000
06587P,國巨元大98售13  ,0,0,0,0,0,0,0,0,0,10000,0,0,0,10000,0,10000,10000
07493P,台灣50元大9A售10,0,0,0,0,0,0,0,0,0,10000,0,0,0,30000,20000,10000,10000
07456P,華新科元大9A售06,0,0,0,0,0,0,0,0,0,10000,0,0,0,110000,100000,10000,10000
07094P,華通國票9A售03  ,0,0,0,0,0,0,0,0,0,10000,0,0,0,10000,0,10000,10000
07285P,上証2X群益01售02,0,0,0,0,0,0,0,0,0,10000,0,0,0,10000,0,10000,10000
07259P,滬深2X國票01售01,0,0,0,0,0,0,0,0,0,10000,0,0,0,20000,10000,10000,10000
07253P,台灣50凱基9A售05,0,0,0,0,0,0,0,0,0,10000,0,0,0,10000,0,10000,10000
07248P,可成凱基99售06  ,0,0,0,0,0,0,0,0,0,10000,0,0,0,10000,0,10000,10000
064630,巨大元大9C購01  ,0,0,0,0,0,0,0,0,0,10000,0,0,0,30000,20000,10000,10000
064622,晶技元大01購01  ,0,0,0,0,0,0,0,0,0,10000,0,0,0,90000,80000,10000,10000
064866,義隆永豐9C購02  ,0,0,0,0,0,0,0,0,0,10000,0,0,0,32000,22000,10000,10000
064545,智邦凱基9C購02  ,0,0,0,0,0,0,0,0,0,10000,0,0,0,16000,6000,10000,10000
064379,TPK元富9C購01   ,0,0,0,0,0,0,0,0,0,10000,0,0,0,10000,0,10000,10000
053236,群創永豐97購02  ,0,0,0,0,0,0,0,0,0,10000,0,0,0,10000,0,10000,10000
053173,矽格群益97購01  ,0,0,0,0,0,0,0,0,0,10000,0,0,0,10000,0,10000,10000
052885,高鐵兆豐98購01  ,0,0,0,0,0,0,0,0,0,10000,0,0,0,90000,80000,10000,10000
053013,台積電統一97購01,0,0,0,0,0,0,0,0,0,10000,0,0,0,10000,0,10000,10000
05305P,華新科國泰97售01,0,0,0,0,0,0,0,0,0,10000,0,0,0,40000,30000,10000,10000
055362,GIS凱基97購03   ,0,0,0,0,0,0,0,0,0,10000,0,0,0,20000,10000,10000,10000
055311,健策群益98購02  ,0,0,0,0,0,0,0,0,0,10000,0,0,0,10000,0,10000,10000
050786,健策國泰96購01  ,0,0,0,0,0,0,0,0,0,10000,0,0,0,10000,0,10000,10000
050801,元金2X群益98購01,0,0,0,0,0,0,0,0,0,10000,0,0,0,10000,0,10000,10000
048273,南電富邦97購01  ,0,0,0,0,0,0,0,0,0,10000,0,0,0,10000,0,10000,10000
046061,中石化凱基98購01,0,0,0,0,0,0,0,0,0,10000,0,0,0,10000,0,10000,10000
047196,上銀統一97購01  ,0,0,0,0,0,0,0,0,0,10000,0,0,0,10000,0,10000,10000
051570,和碩富邦97購01  ,0,0,0,0,0,0,0,0,0,10000,0,0,0,10000,0,10000,10000
051462,世芯國泰97購01  ,0,0,0,0,0,0,0,0,0,10000,0,0,0,10000,0,10000,10000
051591,玉晶光元大97購01,0,0,0,0,0,0,0,0,0,10000,0,0,0,10000,0,10000,10000
055142,健策永豐98購01  ,0,0,0,0,0,0,0,0,0,10000,0,0,0,20000,10000,10000,10000
055159,玉晶光元大98購05,0,0,0,0,0,0,0,0,0,10000,0,0,0,10000,0,10000,10000
051979,群創凱基97購01  ,0,0,0,0,0,0,0,0,0,10000,0,0,0,10000,0,10000,10000
00636,國泰中國A50     ,130000,6000,124000,0,0,0,0,0,0,-114000,10000,0,10000,127000,251000,-124000,10000
052788,開發金中信98購02,0,0,0,0,0,0,0,0,0,10000,0,0,0,10000,0,10000,10000
045055,聯發科元富98購03,0,0,0,0,0,0,0,0,0,10000,0,0,0,10000,0,10000,10000
03861P,群創元富99售01  ,0,0,0,0,0,0,0,0,0,10000,0,0,0,10000,0,10000,10000
052067,中磊兆豐96購01  ,0,0,0,0,0,0,0,0,0,10000,0,0,0,10000,0,10000,10000
052532,台積電國泰96購07,0,0,0,0,0,0,0,0,0,10000,0,0,0,10000,0,10000,10000
052331,漢唐亞東97購01  ,0,0,0,0,0,0,0,0,0,10000,0,0,0,10000,0,10000,10000
052694,開發金中信98購01,0,0,0,0,0,0,0,0,0,10000,0,0,0,10000,0,10000,10000
052635,奇力新凱基98購01,0,0,0,0,0,0,0,0,0,10000,0,0,0,10000,0,10000,10000
056721,台灣50永昌9A購01,0,0,0,0,0,0,0,0,0,10000,0,0,0,10000,0,10000,10000
056722,滬深反中信9B購01,0,0,0,0,0,0,0,0,0,10000,0,0,0,10000,0,10000,10000
056726,友達日盛9A購01  ,0,0,0,0,0,0,0,0,0,10000,0,0,0,10000,0,10000,10000
057623,友訊國泰99購01  ,0,0,0,0,0,0,0,0,0,10000,0,0,0,10000,0,10000,10000
057569,光磊永豐98購03  ,0,0,0,0,0,0,0,0,0,10000,0,0,0,10000,0,10000,10000
057554,新日興凱基99購02,0,0,0,0,0,0,0,0,0,10000,0,0,0,30000,20000,10000,10000
056664,上証反中信9B購01,0,0,0,0,0,0,0,0,0,10000,0,0,0,10000,0,10000,10000
054761,台光電國票98購02,0,0,0,0,0,0,0,0,0,10000,0,0,0,10000,0,10000,10000
056588,聯發科統一9A購02,0,0,0,0,0,0,0,0,0,10000,0,0,0,11000,1000,10000,10000
056596,光磊元富98購01  ,0,0,0,0,0,0,0,0,0,10000,0,0,0,10000,0,10000,10000
056566,臻鼎群益98購01  ,0,0,0,0,0,0,0,0,0,10000,0,0,0,10000,0,10000,10000
054889,京鼎統一99購01  ,0,0,0,0,0,0,0,0,0,10000,0,0,0,10000,0,10000,10000
054817,聯發科元大97購13,0,0,0,0,0,0,0,0,0,10000,0,0,0,10000,0,10000,10000
053798,台積電中信98購02,0,0,0,0,0,0,0,0,0,10000,0,0,0,10000,0,10000,10000
053965,聯電元大98購04  ,0,0,0,0,0,0,0,0,0,10000,0,0,0,10000,0,10000,10000
053996,晶相光群益97購01,0,0,0,0,0,0,0,0,0,10000,0,0,0,10000,0,10000,10000
054256,創意元大96購07  ,0,0,0,0,0,0,0,0,0,10000,0,0,0,10000,0,10000,10000
054514,道瓊銀元大98購01,0,0,0,0,0,0,0,0,0,10000,0,0,0,10000,0,10000,10000
054504,聯鈞永豐96購01  ,0,0,0,0,0,0,0,0,0,10000,0,0,0,10000,0,10000,10000
053400,緯穎中信9A購01  ,0,0,0,0,0,0,0,0,0,10000,0,0,0,10000,0,10000,10000
053474,聯發科元大97購06,0,0,0,0,0,0,0,0,0,10000,0,0,0,10000,0,10000,10000
054996,聯陽元富97購01  ,0,0,0,0,0,0,0,0,0,10000,0,0,0,10000,0,10000,10000
054051,貿聯元大97購03  ,0,0,0,0,0,0,0,0,0,10000,0,0,0,10000,0,10000,10000
057108,潤泰全群益98購01,0,0,0,0,0,0,0,0,0,10000,0,0,0,10000,0,10000,10000
057059,易華電元大99購01,0,0,0,0,0,0,0,0,0,10000,0,0,0,10000,0,10000,10000
057215,友達群益98購03  ,0,0,0,0,0,0,0,0,0,10000,0,0,0,10000,0,10000,10000
057101,新光金中信9A購01,0,0,0,0,0,0,0,0,0,10000,0,0,0,10000,0,10000,10000
057412,臺股指群益99購06,0,0,0,0,0,0,0,0,0,10000,0,0,0,10000,0,10000,10000
057337,聯發科國票99購02,0,0,0,0,0,0,0,0,0,10000,0,0,0,10000,0,10000,10000
057316,國巨凱基99購04  ,0,0,0,0,0,0,0,0,0,10000,0,0,0,10000,0,10000,10000
061062,和大凱基9A購02  ,0,0,0,0,0,0,0,0,0,10000,0,0,0,40000,30000,10000,10000
061075,亞德客兆豐9A購01,0,0,0,0,0,0,0,0,0,10000,0,0,0,200000,190000,10000,10000
058534,友達統一9B購01  ,0,0,0,0,0,0,0,0,0,10000,0,0,0,10000,0,10000,10000
059567,台積電凱基9A購12,0,0,0,0,0,0,0,0,0,10000,0,0,0,11000,1000,10000,10000
059568,台積電凱基9A購13,0,0,0,0,0,0,0,0,0,10000,0,0,0,11000,1000,10000,10000
059540,新光金日盛99購01,0,0,0,0,0,0,0,0,0,10000,0,0,0,10000,0,10000,10000
05959P,聯發科國票98售01,0,0,0,0,0,0,0,0,0,10000,0,0,0,15000,5000,10000,10000
056516,晶豪科兆豐98購01,0,0,0,0,0,0,0,0,0,10000,0,0,0,20000,10000,10000,10000
056547,臻鼎凱基99購01  ,0,0,0,0,0,0,0,0,0,10000,0,0,0,10000,0,10000,10000
055972,GIS元大97購04   ,0,0,0,0,0,0,0,0,0,10000,0,0,0,14000,4000,10000,10000
055987,台表科元富97購01,0,0,0,0,0,0,0,0,0,10000,0,0,0,10000,0,10000,10000
056006,義隆亞東97購01  ,0,0,0,0,0,0,0,0,0,10000,0,0,0,20000,10000,10000,10000
05631P,國巨富邦9A售01  ,0,0,0,0,0,0,0,0,0,10000,0,0,0,260000,250000,10000,10000
056265,國泰金統一97購01,0,0,0,0,0,0,0,0,0,10000,0,0,0,69000,59000,10000,10000
056272,嘉澤統一99購01  ,0,0,0,0,0,0,0,0,0,10000,0,0,0,10000,0,10000,10000
056290,正文永豐98購01  ,0,0,0,0,0,0,0,0,0,10000,0,0,0,29000,19000,10000,10000
056302,大立光元大97購17,0,0,0,0,0,0,0,0,0,10000,0,0,0,10000,0,10000,10000
055771,台積電日盛97購04,0,0,0,0,0,0,0,0,0,10000,0,0,0,10000,0,10000,10000
055806,致新永豐97購02  ,0,0,0,0,0,0,0,0,0,10000,0,0,0,10000,0,10000,10000
056967,奇鋐永豐98購01  ,0,0,0,0,0,0,0,0,0,10000,0,0,0,10000,0,10000,10000
056121,勤誠群益97購01  ,0,0,0,0,0,0,0,0,0,10000,0,0,0,10000,0,10000,10000
056156,禾伸堂凱基98購04,0,0,0,0,0,0,0,0,0,10000,0,0,0,50000,40000,10000,10000
056157,聯詠凱基97購03  ,0,0,0,0,0,0,0,0,0,10000,0,0,0,10000,0,10000,10000
056812,泰鼎統一98購01  ,0,0,0,0,0,0,0,0,0,10000,0,0,0,10000,0,10000,10000
056747,致新凱基99購01  ,0,0,0,0,0,0,0,0,0,10000,0,0,0,10000,0,10000,10000
056789,和碩群益98購01  ,0,0,0,0,0,0,0,0,0,10000,0,0,0,10000,0,10000,10000
055459,建準永豐97購03  ,0,0,0,0,0,0,0,0,0,10000,0,0,0,45000,35000,10000,10000
055475,臻鼎凱基97購02  ,0,0,0,0,0,0,0,0,0,10000,0,0,0,10000,0,10000,10000
055487,國巨元大98購07  ,0,0,0,0,0,0,0,0,0,10000,0,0,0,10000,0,10000,10000
060749,祥碩國票9A購01  ,0,0,0,0,0,0,0,0,0,10000,0,0,0,10000,0,10000,10000
060757,台積電元大9A購18,0,0,0,0,0,0,0,0,0,10000,0,0,0,10000,0,10000,10000
060162,碩天永豐9A購01  ,0,0,0,0,0,0,0,0,0,10000,0,0,0,10000,0,10000,10000
060278,道瓊反元大9A購03,0,0,0,0,0,0,0,0,0,10000,0,0,0,10000,0,10000,10000
060276,S&P反1元大9A購03,0,0,0,0,0,0,0,0,0,10000,0,0,0,10000,0,10000,10000
057855,晶技國票99購01  ,0,0,0,0,0,0,0,0,0,10000,0,0,0,10000,0,10000,10000
057902,嘉晶永豐98購02  ,0,0,0,0,0,0,0,0,0,10000,0,0,0,10000,0,10000,10000
059266,緯創中信01購01  ,0,0,0,0,0,0,0,0,0,10000,0,0,0,10000,0,10000,10000
059289,瑞昱元富99購01  ,0,0,0,0,0,0,0,0,0,10000,0,0,0,10000,0,10000,10000
059311,元石油元大99購04,0,0,0,0,0,0,0,0,0,10000,0,0,0,20000,10000,10000,10000
059346,新日興凱基99購03,0,0,0,0,0,0,0,0,0,10000,0,0,0,10000,0,10000,10000
059323,新日興元大99購02,0,0,0,0,0,0,0,0,0,10000,0,0,0,10000,0,10000,10000
058800,健策元大99購03  ,0,0,0,0,0,0,0,0,0,10000,0,0,0,10000,0,10000,10000
059784,台光電元大9A購01,0,0,0,0,0,0,0,0,0,10000,0,0,0,11000,1000,10000,10000
059815,SP黃豆凱基9A購03,0,0,0,0,0,0,0,0,0,10000,0,0,0,10000,0,10000,10000
059801,T50反1元富99購10,0,0,0,0,0,0,0,0,0,10000,0,0,0,10000,0,10000,10000
059803,S&P正2元富9B購03,0,0,0,0,0,0,0,0,0,10000,0,0,0,11000,1000,10000,10000
059789,貿聯元大9A購02  ,0,0,0,0,0,0,0,0,0,10000,0,0,0,10000,0,10000,10000
059828,健策凱基99購05  ,0,0,0,0,0,0,0,0,0,10000,0,0,0,10000,0,10000,10000
059753,貿聯群益99購06  ,0,0,0,0,0,0,0,0,0,10000,0,0,0,10000,0,10000,10000
059648,台表科凱基99購03,0,0,0,0,0,0,0,0,0,10000,0,0,0,10000,0,10000,10000
059622,上銀凱基99購10  ,0,0,0,0,0,0,0,0,0,10000,0,0,0,10000,0,10000,10000
059642,健策凱基99購04  ,0,0,0,0,0,0,0,0,0,10000,0,0,0,10000,0,10000,10000
060035,臺股指永豐99購04,0,0,0,0,0,0,0,0,0,10000,0,0,0,10000,0,10000,10000
060887,台積電統一01購01,0,0,0,0,0,0,0,0,0,10000,0,0,0,71000,61000,10000,10000
059973,A50正2元大99購02,0,0,0,0,0,0,0,0,0,10000,0,0,0,10000,0,10000,10000
060836,上銀國票9A購03  ,0,0,0,0,0,0,0,0,0,10000,0,0,0,10000,0,10000,10000
057929,上銀群益98購02  ,0,0,0,0,0,0,0,0,0,10000,0,0,0,15000,5000,10000,10000
058920,SGBR2X元富99購06,0,0,0,0,0,0,0,0,0,10000,0,0,0,10000,0,10000,10000
060436,巨大永豐9A購01  ,0,0,0,0,0,0,0,0,0,10000,0,0,0,10000,0,10000,10000
060391,華擎群益9C購01  ,0,0,0,0,0,0,0,0,0,10000,0,0,0,10000,0,10000,10000
06140P,華新科群益97售06,0,0,0,0,0,0,0,0,0,10000,0,0,0,10000,0,10000,10000
061198,世紀鋼永豐9A購03,0,0,0,0,0,0,0,0,0,10000,0,0,0,10000,0,10000,10000
061189,可成富邦9B購02  ,0,0,0,0,0,0,0,0,0,10000,0,0,0,10000,0,10000,10000
058127,FBVIX元大9C購01 ,0,0,0,0,0,0,0,0,0,10000,0,0,0,11000,1000,10000,10000
058135,景碩元大99購01  ,0,0,0,0,0,0,0,0,0,10000,0,0,0,200000,190000,10000,10000
058178,國巨國泰9A購02  ,0,0,0,0,0,0,0,0,0,10000,0,0,0,30000,20000,10000,10000
058201,華通凱基9A購01  ,0,0,0,0,0,0,0,0,0,10000,0,0,0,10000,0,10000,10000
060966,台表科凱基9B購01,0,0,0,0,0,0,0,0,0,10000,0,0,0,45000,35000,10000,10000
06179P,國巨群益97售04  ,0,0,0,0,0,0,0,0,0,10000,0,0,0,10000,0,10000,10000
061733,聯發科中信01購01,0,0,0,0,0,0,0,0,0,10000,0,0,0,20000,10000,10000,10000
061722,健策永豐9B購03  ,0,0,0,0,0,0,0,0,0,10000,0,0,0,10000,0,10000,10000
062927,同欣電國票9B購02,0,0,0,0,0,0,0,0,0,10000,0,0,0,10000,0,10000,10000
06282P,聯鈞永豐97售02  ,0,0,0,0,0,0,0,0,0,10000,0,0,0,10000,0,10000,10000
062719,微星凱基9B購01  ,0,0,0,0,0,0,0,0,0,10000,0,0,0,40000,30000,10000,10000
062429,A50正2元大9B購01,0,0,0,0,0,0,0,0,0,10000,0,0,0,10000,0,10000,10000
062609,帆宣凱基9B購01  ,0,0,0,0,0,0,0,0,0,10000,0,0,0,10000,0,10000,10000
062525,鴻海統一9C購10  ,0,0,0,0,0,0,0,0,0,10000,0,0,0,10000,0,10000,10000
062193,瑞昱第一9B購01  ,0,0,0,0,0,0,0,0,0,10000,0,0,0,10000,0,10000,10000
062256,聯發科元大9B購08,0,0,0,0,0,0,0,0,0,10000,0,0,0,10000,0,10000,10000
061929,嘉澤凱基9B購01  ,0,0,0,0,0,0,0,0,0,10000,0,0,0,10000,0,10000,10000
061952,臺股指群益9B購01,0,0,0,0,0,0,0,0,0,10000,0,0,0,10000,0,10000,10000
062044,健策凱基9B購02  ,0,0,0,0,0,0,0,0,0,10000,0,0,0,10000,0,10000,10000
062028,晶技群益9B購01  ,0,0,0,0,0,0,0,0,0,10000,0,0,0,22000,12000,10000,10000
061981,聯發科元大9B購02,0,0,0,0,0,0,0,0,0,10000,0,0,0,15000,5000,10000,10000
06371P,茂林國票98售04  ,0,0,0,0,0,0,0,0,0,10000,0,0,0,20000,10000,10000,10000
063784,華通中信06購01  ,0,0,0,0,0,0,0,0,0,10000,0,0,0,30000,20000,10000,10000
063825,道瓊銀國票01購01,0,0,0,0,0,0,0,0,0,10000,0,0,0,10000,0,10000,10000
063812,智邦群益9C購02  ,0,0,0,0,0,0,0,0,0,10000,0,0,0,20000,10000,10000,10000
063866,聯發科永豐9C購01,0,0,0,0,0,0,0,0,0,10000,0,0,0,10000,0,10000,10000
063848,大立光元大9C購09,0,0,0,0,0,0,0,0,0,10000,0,0,0,10000,0,10000,10000
063922,大立光元富9C購04,0,0,0,0,0,0,0,0,0,10000,0,0,0,47000,37000,10000,10000
06411P,晶相光永豐97售03,0,0,0,0,0,0,0,0,0,10000,0,0,0,10000,0,10000,10000
064184,矽格富邦02購01  ,0,0,0,0,0,0,0,0,0,10000,0,0,0,10000,0,10000,10000
064192,巨大中信9C購01  ,0,0,0,0,0,0,0,0,0,10000,0,0,0,20000,10000,10000,10000
064082,緯創中信06購01  ,0,0,0,0,0,0,0,0,0,10000,0,0,0,10000,0,10000,10000
06405P,億光元富97售02  ,0,0,0,0,0,0,0,0,0,10000,0,0,0,10000,0,10000,10000
063644,祥碩元大9B購10  ,0,0,0,0,0,0,0,0,0,10000,0,0,0,10000,0,10000,10000
063181,聚陽凱基9B購01  ,0,0,0,0,0,0,0,0,0,10000,0,0,0,10000,0,10000,10000
063085,嘉澤凱基9C購01  ,0,0,0,0,0,0,0,0,0,10000,0,0,0,10000,0,10000,10000
063019,聯發科元大9C購01,0,0,0,0,0,0,0,0,0,10000,0,0,0,36000,26000,10000,10000
063115,台積電麥證9B購02,0,0,0,10000,0,10000,0,0,0,10000,0,0,0,10000,0,10000,10000
8201,無敵            ,16000,2000,14000,0,0,0,0,0,0,-4000,0,4000,-4000,0,0,0,10000
3346,麗清            ,15000,4000,11000,0,0,0,0,0,0,-1000,0,1000,-1000,0,0,0,10000
4916,事欣科          ,26000,19000,7000,0,0,0,0,0,0,3000,3000,0,3000,0,0,0,10000
4930,燦星網          ,10000,0,10000,0,0,0,0,0,0,0,0,0,0,0,0,0,10000
5284,jpp-KY          ,10000,0,10000,0,0,0,0,0,0,0,0,0,0,0,0,0,10000
6671,三能-KY         ,10000,0,10000,0,0,0,0,0,0,0,0,0,0,0,0,0,10000
06434P,超眾群益98售02  ,0,0,0,0,0,0,0,0,0,9000,0,0,0,258000,249000,9000,9000
064607,台灣50元大9C購41,0,0,0,0,0,0,0,0,0,9000,0,0,0,9000,0,9000,9000
07227P,聯發科元富99售05,0,0,0,0,0,0,0,0,0,9000,0,0,0,499000,490000,9000,9000
06733P,鴻海凱基99售02  ,0,0,0,0,0,0,0,0,0,9000,0,0,0,9000,0,9000,9000
08199P,大毅元大9B售02  ,0,0,0,0,0,0,0,0,0,9000,0,0,0,109000,100000,9000,9000
07845P,南亞科元大9A售08,0,0,0,0,0,0,0,0,0,9000,0,0,0,30000,21000,9000,9000
08000P,奇鋐凱基9B售03  ,0,0,0,0,0,0,0,0,0,9000,0,0,0,19000,10000,9000,9000
2024,志聯            ,9000,0,9000,0,0,0,0,0,0,0,0,0,0,0,0,0,9000
3027,盛達            ,9000,0,9000,0,0,0,0,0,0,0,0,0,0,0,0,0,9000
2462,良得電          ,8000,0,8000,0,0,0,0,0,0,1000,1000,0,1000,0,0,0,9000
055586,旺宏元大98購06  ,0,0,0,0,0,0,0,0,0,9000,0,0,0,110000,101000,9000,9000
056836,國巨元富98購01  ,0,0,0,0,0,0,0,0,0,9000,0,0,0,9000,0,9000,9000
056958,喬山永豐98購01  ,0,0,0,0,0,0,0,0,0,9000,0,0,0,9000,0,9000,9000
056890,國巨元大98購11  ,0,0,0,0,0,0,0,0,0,9000,0,0,0,55000,46000,9000,9000
05851P,力山群益97售01  ,0,0,0,0,0,0,0,0,0,9000,0,0,0,10000,1000,9000,9000
061038,TPK永豐9A購01   ,0,0,0,0,0,0,0,0,0,9000,0,0,0,9000,0,9000,9000
057078,國巨統一9A購02  ,0,0,0,0,0,0,0,0,0,9000,0,0,0,9000,0,9000,9000
057072,日月光永豐98購01,0,0,0,0,0,0,0,0,0,9000,0,0,0,50000,41000,9000,9000
054213,欣興國票97購04  ,0,0,0,0,0,0,0,0,0,9000,0,0,0,9000,0,9000,9000
052879,滬深2X凱基97購02,0,0,0,0,0,0,0,0,0,9000,0,0,0,9000,0,9000,9000
00661,元大日經225     ,0,0,0,0,0,0,0,0,0,9000,0,0,0,36000,27000,9000,9000
00739,元大MSCI A股    ,189000,0,189000,0,0,0,0,0,0,-180000,0,0,0,228000,408000,-180000,9000
00706L,元大S&P日圓正2  ,0,0,0,0,0,0,0,0,0,9000,0,0,0,20000,11000,9000,9000
058337,日月光元富99購01,0,0,0,0,0,0,0,0,0,9000,0,0,0,109000,100000,9000,9000
060410,台苯永豐9A購01  ,0,0,0,0,0,0,0,0,0,9000,0,0,0,9000,0,9000,9000
060486,中租富邦9A購01  ,0,0,0,0,0,0,0,0,0,9000,0,0,0,9000,0,9000,9000
060595,台灣50凱基04購04,0,0,0,0,0,0,0,0,0,9000,0,0,0,10000,1000,9000,9000
058442,玉晶光台新99購01,0,0,0,0,0,0,0,0,0,9000,0,0,0,9000,0,9000,9000
058463,宏達電兆豐99購02,0,0,0,0,0,0,0,0,0,9000,0,0,0,9000,0,9000,9000
064050,景碩統一01購01  ,0,0,0,0,0,0,0,0,0,9000,0,0,0,21000,12000,9000,9000
063993,華通群益01購01  ,0,0,0,0,0,0,0,0,0,9000,0,0,0,9000,0,9000,9000
063846,智邦元大9C購01  ,0,0,0,0,0,0,0,0,0,9000,0,0,0,192000,183000,9000,9000
063744,儒鴻國票9C購01  ,0,0,0,0,0,0,0,0,0,9000,0,0,0,9000,0,9000,9000
063737,大立光元大9C購07,0,0,0,0,0,0,0,0,0,9000,0,0,0,9000,0,9000,9000
063706,台虹群益9B購01  ,0,0,0,0,0,0,0,0,0,9000,0,0,0,9000,0,9000,9000
061909,台積電中信05購02,0,0,0,0,0,0,0,0,0,9000,0,0,0,11000,2000,9000,9000
061676,新光金元大9A購03,0,0,0,0,0,0,0,0,0,9000,0,0,0,58000,49000,9000,9000
062820,禾伸堂兆豐9B購01,0,0,0,0,0,0,0,0,0,9000,0,0,0,26000,17000,9000,9000
6477,安集            ,14000,5000,9000,0,0,0,0,0,0,0,0,0,0,0,0,0,9000
6215,和椿            ,16000,8000,8000,0,0,0,0,0,0,1000,1000,0,1000,0,0,0,9000
6201,亞弘電          ,8000,0,8000,0,0,0,0,0,0,1000,1000,0,1000,0,0,0,9000
6164,華興            ,10000,1000,9000,0,0,0,0,0,0,0,0,0,0,0,0,0,9000
4807,日成-KY         ,12000,3000,9000,0,0,0,0,0,0,0,0,0,0,0,0,0,9000
3021,鴻名            ,6000,0,6000,0,0,0,0,0,0,2000,2000,0,2000,0,0,0,8000
2722,夏都            ,11000,3000,8000,0,0,0,0,0,0,0,0,0,0,0,0,0,8000
2739,寒舍            ,11000,3000,8000,0,0,0,0,0,0,0,0,0,0,0,0,0,8000
2816,旺旺保          ,45000,37000,8000,0,0,0,0,0,0,0,0,0,0,0,0,0,8000
2032,新鋼            ,10000,2000,8000,0,0,0,0,0,0,0,0,0,0,0,0,0,8000
1220,台榮            ,8000,0,8000,0,0,0,0,0,0,0,0,0,0,0,0,0,8000
1443,立益            ,8000,0,8000,0,0,0,0,0,0,0,0,0,0,0,0,0,8000
1525,江申            ,7000,0,7000,0,0,0,0,0,0,1000,1000,0,1000,0,0,0,8000
07734P,台積電富邦9C售10,0,0,0,0,0,0,0,0,0,8000,0,0,0,8000,0,8000,8000
08148P,長榮航群益9B售03,0,0,0,0,0,0,0,0,0,8000,0,0,0,8000,0,8000,8000
06742P,可成富邦99售02  ,0,0,0,0,0,0,0,0,0,8000,0,0,0,8000,0,8000,8000
06659P,T50正2富邦9A售01,0,0,0,0,0,0,0,0,0,8000,0,0,0,8000,0,8000,8000
06623P,立積元大98售04  ,0,0,0,0,0,0,0,0,0,8000,0,0,0,8000,0,8000,8000
07125P,台積電元大99售22,0,0,0,0,0,0,0,0,0,8000,0,0,0,8000,0,8000,8000
064857,T50反1富邦01購02,0,0,0,0,0,0,0,0,0,8000,0,0,0,8000,0,8000,8000
052855,群創日盛99購01  ,0,0,0,0,0,0,0,0,0,8000,0,0,0,8000,0,8000,8000
055255,欣興統一97購02  ,0,0,0,0,0,0,0,0,0,8000,0,0,0,8000,0,8000,8000
054137,聯詠元大97購02  ,0,0,0,0,0,0,0,0,0,8000,0,0,0,10000,2000,8000,8000
054152,漢唐國泰98購02  ,0,0,0,0,0,0,0,0,0,8000,0,0,0,8000,0,8000,8000
056608,力山永豐98購01  ,0,0,0,0,0,0,0,0,0,8000,0,0,0,9000,1000,8000,8000
061109,臻鼎元大9A購03  ,0,0,0,0,0,0,0,0,0,8000,0,0,0,20000,12000,8000,8000
059580,大立光元富99購07,0,0,0,0,0,0,0,0,0,8000,0,0,0,8000,0,8000,8000
058631,鈺齊國票9A購01  ,0,0,0,0,0,0,0,0,0,8000,0,0,0,9000,1000,8000,8000
058623,國巨國票99購08  ,0,0,0,0,0,0,0,0,0,8000,0,0,0,60000,52000,8000,8000
058579,聯發科群益99購04,0,0,0,0,0,0,0,0,0,8000,0,0,0,8000,0,8000,8000
056273,祥碩統一97購02  ,0,0,0,0,0,0,0,0,0,8000,0,0,0,8000,0,8000,8000
056200,大毅永豐98購01  ,0,0,0,0,0,0,0,0,0,8000,0,0,0,10000,2000,8000,8000
056215,華新科國票97購03,0,0,0,0,0,0,0,0,0,8000,0,0,0,10000,2000,8000,8000
055934,景碩群益98購03  ,0,0,0,0,0,0,0,0,0,8000,0,0,0,10000,2000,8000,8000
056071,創意元大97購02  ,0,0,0,0,0,0,0,0,0,8000,0,0,0,8000,0,8000,8000
05878P,創意群益98售01  ,0,0,0,0,0,0,0,0,0,8000,0,0,0,8000,0,8000,8000
05873P,華通群益97售02  ,0,0,0,0,0,0,0,0,0,8000,0,0,0,8000,0,8000,8000
060651,瑞儀中信9B購01  ,0,0,0,0,0,0,0,0,0,8000,0,0,0,95000,87000,8000,8000
059475,元石油群益99購02,0,0,0,0,0,0,0,0,0,8000,0,0,0,8000,0,8000,8000
058884,世紀鋼永豐99購02,0,0,0,0,0,0,0,0,0,8000,0,0,0,10000,2000,8000,8000
059066,道瓊指國票04購01,0,0,0,0,0,0,0,0,0,8000,0,0,0,8000,0,8000,8000
059914,台積電元大99購47,0,0,0,0,0,0,0,0,0,8000,0,0,0,11000,3000,8000,8000
059877,康控凱基99購05  ,0,0,0,0,0,0,0,0,0,8000,0,0,0,18000,10000,8000,8000
060433,億豐永豐9A購01  ,0,0,0,0,0,0,0,0,0,8000,0,0,0,30000,22000,8000,8000
060840,可成國票9B購01  ,0,0,0,0,0,0,0,0,0,8000,0,0,0,40000,32000,8000,8000
059031,元石油中信03購01,0,0,0,0,0,0,0,0,0,8000,0,0,0,10000,2000,8000,8000
058040,FBVIX元大98購01 ,0,0,0,0,0,0,0,0,0,8000,0,0,0,8000,0,8000,8000
060992,健策元大9A購05  ,0,0,0,0,0,0,0,0,0,8000,0,0,0,8000,0,8000,8000
061772,健策元大9B購06  ,0,0,0,0,0,0,0,0,0,8000,0,0,0,68000,60000,8000,8000
061789,群創群益9B購01  ,0,0,0,0,0,0,0,0,0,8000,0,0,0,10000,2000,8000,8000
062370,華擎元大9B購01  ,0,0,0,0,0,0,0,0,0,8000,0,0,0,8000,0,8000,8000
062301,聯詠中信05購01  ,0,0,0,0,0,0,0,0,0,8000,0,0,0,106000,98000,8000,8000
062230,緯穎統一01購01  ,0,0,0,0,0,0,0,0,0,8000,0,0,0,280000,272000,8000,8000
062191,台郡元大9B購05  ,0,0,0,0,0,0,0,0,0,8000,0,0,0,8000,0,8000,8000
061447,鴻海中信04購02  ,0,0,0,0,0,0,0,0,0,8000,0,0,0,8000,0,8000,8000
063835,滬深2X元大01購04,0,0,0,0,0,0,0,0,0,8000,0,0,0,8000,0,8000,8000
063912,信邦凱基01購01  ,0,0,0,0,0,0,0,0,0,8000,0,0,0,18000,10000,8000,8000
064211,友達凱基02購01  ,0,0,0,0,0,0,0,0,0,8000,0,0,0,10000,2000,8000,8000
063175,燿華兆豐9C購01  ,0,0,0,0,0,0,0,0,0,8000,0,0,0,8000,0,8000,8000
3701,大眾控          ,9000,1000,8000,0,0,0,0,0,0,0,0,0,0,0,0,0,8000
6172,互億            ,11000,2000,9000,0,0,0,0,0,0,-1000,0,1000,-1000,0,0,0,8000
6133,金橋            ,9000,2000,7000,0,0,0,0,0,0,1000,1000,0,1000,0,0,0,8000
6117,迎廣            ,8000,1000,7000,0,0,0,0,0,0,1000,1000,0,1000,0,0,0,8000
6243,迅杰            ,9000,1000,8000,0,0,0,0,0,0,0,0,0,0,0,0,0,8000
8114,振樺電          ,7000,0,7000,0,0,0,0,0,0,1000,1000,0,1000,0,0,0,8000
064839,旭富統一9C購01  ,0,0,0,0,0,0,0,0,0,7000,0,0,0,17000,10000,7000,7000
064679,晶技兆豐9C購01  ,0,0,0,0,0,0,0,0,0,7000,0,0,0,63000,56000,7000,7000
064525,臺股指群益9C購10,0,0,0,0,0,0,0,0,0,7000,0,0,0,7000,0,7000,7000
07090P,台灣50凱基01售01,0,0,0,0,0,0,0,0,0,7000,0,0,0,10000,3000,7000,7000
06870P,台灣50群益9A售03,0,0,0,0,0,0,0,0,0,7000,0,0,0,7000,0,7000,7000
08321P,世芯永豐9C售01  ,0,0,0,0,0,0,0,0,0,7000,0,0,0,18000,11000,7000,7000
07710P,華擎元大9A售05  ,0,0,0,0,0,0,0,0,0,7000,0,0,0,7000,0,7000,7000
1527,鑽全            ,41000,34000,7000,0,0,0,0,0,0,0,0,0,0,0,0,0,7000
1452,宏益            ,12000,1000,11000,0,0,0,0,0,0,-4000,1000,5000,-4000,0,0,0,7000
2302,麗正            ,7000,0,7000,0,0,0,0,0,0,0,0,0,0,0,0,0,7000
1727,中華化          ,7000,0,7000,0,0,0,0,0,0,0,0,0,0,0,0,0,7000
1786,科妍            ,25000,17000,8000,0,0,0,0,0,0,-1000,0,1000,-1000,0,0,0,7000
2380,虹光            ,7000,0,7000,0,0,0,0,0,0,0,0,0,0,0,0,0,7000
056997,台灣50康和9A購02,0,0,0,0,0,0,0,0,0,7000,0,0,0,7000,0,7000,7000
055962,晶豪科元大97購02,0,0,0,0,0,0,0,0,0,7000,0,0,0,16000,9000,7000,7000
056377,智伸科統一9A購01,0,0,0,0,0,0,0,0,0,7000,0,0,0,10000,3000,7000,7000
055797,華通富邦98購01  ,0,0,0,0,0,0,0,0,0,7000,0,0,0,7000,0,7000,7000
056144,GIS元大98購01   ,0,0,0,0,0,0,0,0,0,7000,0,0,0,13000,6000,7000,7000
055859,啟碁元大97購03  ,0,0,0,0,0,0,0,0,0,7000,0,0,0,7000,0,7000,7000
061145,臻鼎中信9A購02  ,0,0,0,0,0,0,0,0,0,7000,0,0,0,20000,13000,7000,7000
058587,台積電中信9C購03,0,0,0,0,0,0,0,0,0,7000,0,0,0,87000,80000,7000,7000
057511,健策統一98購02  ,0,0,0,0,0,0,0,0,0,7000,0,0,0,7000,0,7000,7000
057535,泰鼎元大99購01  ,0,0,0,0,0,0,0,0,0,7000,0,0,0,7000,0,7000,7000
053413,台積電國票99購01,0,0,0,0,0,0,0,0,0,7000,0,0,0,7000,0,7000,7000
053979,健策元大98購01  ,0,0,0,0,0,0,0,0,0,7000,0,0,0,15000,8000,7000,7000
055112,晶豪科凱基98購01,0,0,0,0,0,0,0,0,0,7000,0,0,0,51000,44000,7000,7000
051381,玉晶光群益98購01,0,0,0,0,0,0,0,0,0,7000,0,0,0,7000,0,7000,7000
050719,世紀鋼群益96購01,0,0,0,0,0,0,0,0,0,7000,0,0,0,7000,0,7000,7000
052491,泰碩國票99購01  ,0,0,0,0,0,0,0,0,0,7000,0,0,0,8000,1000,7000,7000
052003,泰碩國泰97購02  ,0,0,0,0,0,0,0,0,0,7000,0,0,0,22000,15000,7000,7000
061827,台灣50凱基02購01,0,0,0,0,0,0,0,0,0,7000,0,0,0,7000,0,7000,7000
061347,創意元大9A購02  ,0,0,0,0,0,0,0,0,0,7000,0,0,0,117000,110000,7000,7000
059949,啟碁永豐99購01  ,0,0,0,0,0,0,0,0,0,7000,0,0,0,50000,43000,7000,7000
059991,超眾元大9A購02  ,0,0,0,0,0,0,0,0,0,7000,0,0,0,13000,6000,7000,7000
058012,鈺齊國票99購01  ,0,0,0,0,0,0,0,0,0,7000,0,0,0,10000,3000,7000,7000
060430,和潤永豐9A購01  ,0,0,0,0,0,0,0,0,0,7000,0,0,0,65000,58000,7000,7000
060300,佐登國泰9B購01  ,0,0,0,0,0,0,0,0,0,7000,0,0,0,7000,0,7000,7000
059199,欣興永豐99購02  ,0,0,0,0,0,0,0,0,0,7000,0,0,0,10000,3000,7000,7000
058664,百和兆豐99購01  ,0,0,0,0,0,0,0,0,0,7000,0,0,0,20000,13000,7000,7000
058750,緯穎凱基9A購03  ,0,0,0,0,0,0,0,0,0,7000,0,0,0,60000,53000,7000,7000
058469,臺股指中信9A購05,0,0,0,0,0,0,0,0,0,7000,0,0,0,7000,0,7000,7000
063359,泰鼎國泰01購01  ,0,0,0,0,0,0,0,0,0,7000,0,0,0,483000,476000,7000,7000
063364,聯發科富邦01購02,0,0,0,0,0,0,0,0,0,7000,0,0,0,280000,273000,7000,7000
063452,創意統一01購01  ,0,0,0,0,0,0,0,0,0,7000,0,0,0,15000,8000,7000,7000
064048,大立光統一9C購07,0,0,0,0,0,0,0,0,0,7000,0,0,0,20000,13000,7000,7000
061446,鴻海中信04購01  ,0,0,0,0,0,0,0,0,0,7000,0,0,0,7000,0,7000,7000
061987,大立光元大9B購03,0,0,0,0,0,0,0,0,0,7000,0,0,0,7000,0,7000,7000
062058,瑞昱統一01購01  ,0,0,0,0,0,0,0,0,0,7000,0,0,0,178000,171000,7000,7000
06186P,鴻海統一97售02  ,0,0,0,0,0,0,0,0,0,7000,0,0,0,7000,0,7000,7000
061593,智原永豐9A購01  ,0,0,0,0,0,0,0,0,0,7000,0,0,0,22000,15000,7000,7000
062306,華通凱基9B購01  ,0,0,0,0,0,0,0,0,0,7000,0,0,0,8000,1000,7000,7000
062440,聯發科元大9B購11,0,0,0,0,0,0,0,0,0,7000,0,0,0,7000,0,7000,7000
062449,臻鼎元大9B購01  ,0,0,0,0,0,0,0,0,0,7000,0,0,0,10000,3000,7000,7000
062768,南電凱基9B購04  ,0,0,0,0,0,0,0,0,0,7000,0,0,0,17000,10000,7000,7000
3229,晟鈦            ,29000,22000,7000,0,0,0,0,0,0,0,0,0,0,0,0,0,7000
3296,勝德            ,5000,0,5000,0,0,0,0,0,0,2000,2000,0,2000,0,0,0,7000
2443,億麗            ,6000,0,6000,0,0,0,0,0,0,0,0,0,0,0,0,0,6000
2465,麗臺            ,9000,2000,7000,0,0,0,0,0,0,-1000,0,1000,-1000,0,0,0,6000
2897A,王道銀甲特      ,0,0,0,0,0,0,0,0,0,6000,6000,0,6000,0,0,0,6000
2008,高興昌          ,6000,0,6000,0,0,0,0,0,0,0,0,0,0,0,0,0,6000
2115,六暉-KY         ,6000,0,6000,0,0,0,0,0,0,0,0,0,0,0,0,0,6000
1232,大統益          ,10000,4000,6000,0,0,0,0,0,0,0,0,0,0,0,0,0,6000
07995P,臺股指麥證9C售01,0,0,0,45000,39000,6000,0,0,0,6000,0,0,0,45000,39000,6000,6000
06926P,可成群益9A售04  ,0,0,0,0,0,0,0,0,0,6000,0,0,0,6000,0,6000,6000
07067P,旺宏台新99售02  ,0,0,0,0,0,0,0,0,0,6000,0,0,0,18000,12000,6000,6000
07278P,台灣50元富9C售03,0,0,0,0,0,0,0,0,0,6000,0,0,0,6000,0,6000,6000
064393,友訊永豐9C購01  ,0,0,0,0,0,0,0,0,0,6000,0,0,0,68000,62000,6000,6000
050188,貿聯元大96購01  ,0,0,0,0,0,0,0,0,0,6000,0,0,0,6000,0,6000,6000
046629,群創統一98購01  ,0,0,0,0,0,0,0,0,0,6000,0,0,0,6000,0,6000,6000
055355,大立光凱基97購05,0,0,0,0,0,0,0,0,0,6000,0,0,0,6000,0,6000,6000
053062,緯穎富邦97購01  ,0,0,0,0,0,0,0,0,0,6000,0,0,0,6000,0,6000,6000
053320,華新科群益97購01,0,0,0,0,0,0,0,0,0,6000,0,0,0,6000,0,6000,6000
053913,華新國票97購01  ,0,0,0,0,0,0,0,0,0,6000,0,0,0,126000,120000,6000,6000
053782,京元電元大98購02,0,0,0,0,0,0,0,0,0,6000,0,0,0,6000,0,6000,6000
054481,鎧勝中信96購01  ,0,0,0,0,0,0,0,0,0,6000,0,0,0,102000,96000,6000,6000
054891,聯鈞統一99購02  ,0,0,0,0,0,0,0,0,0,6000,0,0,0,6000,0,6000,6000
056619,強茂永豐98購01  ,0,0,0,0,0,0,0,0,0,6000,0,0,0,6000,0,6000,6000
05473P,聯詠統一97售02  ,0,0,0,0,0,0,0,0,0,6000,0,0,0,6000,0,6000,6000
054554,大立光凱基98購02,0,0,0,0,0,0,0,0,0,6000,0,0,0,6000,0,6000,6000
061053,國巨群益9A購08  ,0,0,0,0,0,0,0,0,0,6000,0,0,0,6000,0,6000,6000
061071,復盛凱基9A購01  ,0,0,0,0,0,0,0,0,0,6000,0,0,0,6000,0,6000,6000
059562,上銀凱基99購09  ,0,0,0,0,0,0,0,0,0,6000,0,0,0,6000,0,6000,6000
057084,立積統一9B購01  ,0,0,0,0,0,0,0,0,0,6000,0,0,0,15000,9000,6000,6000
057281,大立光元大98購16,0,0,0,0,0,0,0,0,0,6000,0,0,0,6000,0,6000,6000
055805,矽力永豐97購01  ,0,0,0,0,0,0,0,0,0,6000,0,0,0,6000,0,6000,6000
055953,上銀元大97購09  ,0,0,0,0,0,0,0,0,0,6000,0,0,0,6000,0,6000,6000
056506,晶豪科永豐98購02,0,0,0,0,0,0,0,0,0,6000,0,0,0,37000,31000,6000,6000
058347,玉晶光群益9B購01,0,0,0,0,0,0,0,0,0,6000,0,0,0,64000,58000,6000,6000
060685,康友元大9A購01  ,0,0,0,0,0,0,0,0,0,6000,0,0,0,6000,0,6000,6000
057792,群創統一99購01  ,0,0,0,0,0,0,0,0,0,6000,0,0,0,71000,65000,6000,6000
06053P,緯穎國票97售05  ,0,0,0,0,0,0,0,0,0,6000,0,0,0,6000,0,6000,6000
059115,美食永豐99購01  ,0,0,0,0,0,0,0,0,0,6000,0,0,0,20000,14000,6000,6000
059124,台積電第一03購01,0,0,0,0,0,0,0,0,0,6000,0,0,0,6000,0,6000,6000
05905P,晶技統一97售01  ,0,0,0,0,0,0,0,0,0,6000,0,0,0,6000,0,6000,6000
059386,上銀凱基99購07  ,0,0,0,0,0,0,0,0,0,6000,0,0,0,6000,0,6000,6000
060210,上銀康和9A購01  ,0,0,0,0,0,0,0,0,0,6000,0,0,0,6000,0,6000,6000
060163,健策永豐9B購01  ,0,0,0,0,0,0,0,0,0,6000,0,0,0,10000,4000,6000,6000
060368,緯穎元富9A購03  ,0,0,0,0,0,0,0,0,0,6000,0,0,0,6000,0,6000,6000
060347,大立光統一02購01,0,0,0,0,0,0,0,0,0,6000,0,0,0,14000,8000,6000,6000
061498,大立光國票9A購10,0,0,0,0,0,0,0,0,0,6000,0,0,0,6000,0,6000,6000
061520,健策中信9A購01  ,0,0,0,0,0,0,0,0,0,6000,0,0,0,6000,0,6000,6000
058101,台積電富邦9C購01,0,0,0,0,0,0,0,0,0,6000,0,0,0,6000,0,6000,6000
058328,世紀鋼統一9B購01,0,0,0,0,0,0,0,0,0,6000,0,0,0,6000,0,6000,6000
062823,台表科兆豐9B購01,0,0,0,0,0,0,0,0,0,6000,0,0,0,6000,0,6000,6000
062732,南六凱基9B購03  ,0,0,0,0,0,0,0,0,0,6000,0,0,0,6000,0,6000,6000
062434,華通元大9B購04  ,0,0,0,0,0,0,0,0,0,6000,0,0,0,31000,25000,6000,6000
062369,創意元大9B購01  ,0,0,0,0,0,0,0,0,0,6000,0,0,0,60000,54000,6000,6000
062510,台積電國票01購01,0,0,0,0,0,0,0,0,0,6000,0,0,0,6000,0,6000,6000
062671,國泰金中信03購01,0,0,0,0,0,0,0,0,0,6000,0,0,0,33000,27000,6000,6000
062283,玉晶光群益01購01,0,0,0,0,0,0,0,0,0,6000,0,0,0,25000,19000,6000,6000
062161,南六凱基9C購01  ,0,0,0,0,0,0,0,0,0,6000,0,0,0,35000,29000,6000,6000
062238,臻鼎凱基9C購01  ,0,0,0,0,0,0,0,0,0,6000,0,0,0,41000,35000,6000,6000
061893,鴻海永豐9B購01  ,0,0,0,0,0,0,0,0,0,6000,0,0,0,6000,0,6000,6000
06188P,大立光元富97售01,0,0,0,0,0,0,0,0,0,6000,0,0,0,6000,0,6000,6000
062023,寶成永豐9B購01  ,0,0,0,0,0,0,0,0,0,6000,0,0,0,6000,0,6000,6000
063883,超眾元富9C購02  ,0,0,0,0,0,0,0,0,0,6000,0,0,0,46000,40000,6000,6000
063489,新日興國泰01購01,0,0,0,0,0,0,0,0,0,6000,0,0,0,6000,0,6000,6000
063333,同欣電國票9C購01,0,0,0,0,0,0,0,0,0,6000,0,0,0,18000,12000,6000,6000
063161,祥碩富邦9B購02  ,0,0,0,0,0,0,0,0,0,6000,0,0,0,6000,0,6000,6000
063141,聯發科統一9C購10,0,0,0,0,0,0,0,0,0,6000,0,0,0,156000,150000,6000,6000
4438,廣越            ,29000,29000,0,0,0,0,0,0,0,6000,6000,0,6000,0,0,0,6000
6581,鋼聯            ,10000,4000,6000,0,0,0,0,0,0,0,0,0,0,0,0,0,6000
9925,新保            ,68000,63000,5000,0,0,0,0,0,0,1000,1000,0,1000,0,0,0,6000
9926,新海            ,6000,0,6000,0,0,0,0,0,0,0,0,0,0,0,0,0,6000
9912,偉聯            ,7000,1000,6000,0,0,0,0,0,0,0,0,0,0,0,0,0,6000
064509,台表科元大9C購08,0,0,0,0,0,0,0,0,0,5000,0,0,0,5000,0,5000,5000
07233P,台灣50元大99售04,0,0,0,0,0,0,0,0,0,5000,0,0,0,5000,0,5000,5000
07128P,大毅元大99售04  ,0,0,0,0,0,0,0,0,0,5000,0,0,0,5000,0,5000,5000
07458P,長榮航元大9A售01,0,0,0,0,0,0,0,0,0,5000,0,0,0,5000,0,5000,5000
07310P,大立光凱基99售12,0,0,0,0,0,0,0,0,0,5000,0,0,0,5000,0,5000,5000
07477P,國巨群益9A售04  ,0,0,0,0,0,0,0,0,0,5000,0,0,0,25000,20000,5000,5000
07030P,鈺齊群益99售01  ,0,0,0,0,0,0,0,0,0,5000,0,0,0,5000,0,5000,5000
06647P,台積電元大98售13,0,0,0,0,0,0,0,0,0,5000,0,0,0,5000,0,5000,5000
06697P,台積電國票99售05,0,0,0,0,0,0,0,0,0,5000,0,0,0,5000,0,5000,5000
07982P,全新群益9B售04  ,0,0,0,0,0,0,0,0,0,5000,0,0,0,5000,0,5000,5000
08271P,華通元富9C售01  ,0,0,0,0,0,0,0,0,0,5000,0,0,0,5000,0,5000,5000
08280P,臺股指中信02售01,0,0,0,0,0,0,0,0,0,5000,0,0,0,5000,0,5000,5000
08298P,大立光國票9C售01,0,0,0,0,0,0,0,0,0,5000,0,0,0,25000,20000,5000,5000
08246P,亞德客群益01售01,0,0,0,0,0,0,0,0,0,5000,0,0,0,30000,25000,5000,5000
08103P,台灣50元大9B售23,0,0,0,0,0,0,0,0,0,5000,0,0,0,5000,0,5000,5000
08047P,臺股指國票9B售12,0,0,0,0,0,0,0,0,0,5000,0,0,0,5000,0,5000,5000
1231,聯華食          ,47000,32000,15000,0,0,0,0,0,0,-10000,0,10000,-10000,0,0,0,5000
1453,大將            ,8000,3000,5000,0,0,0,0,0,0,0,0,0,0,0,0,0,5000
1521,大億            ,5000,0,5000,0,0,0,0,0,0,0,0,0,0,0,0,0,5000
1617,榮星            ,7000,2000,5000,0,0,0,0,0,0,0,0,0,0,0,0,0,5000
1615,大山            ,12000,6000,6000,0,0,0,0,0,0,-1000,0,1000,-1000,0,0,0,5000
3032,偉訓            ,26000,23000,3000,0,0,0,0,0,0,2000,2000,0,2000,0,0,0,5000
2483,百容            ,10000,5000,5000,0,0,0,0,0,0,0,0,0,0,0,0,0,5000
2440,太空梭          ,6000,1000,5000,0,0,0,0,0,0,0,0,0,0,0,0,0,5000
056074,茂林元大97購04  ,0,0,0,0,0,0,0,0,0,5000,0,0,0,5000,0,5000,5000
055929,聯發科群益97購05,0,0,0,0,0,0,0,0,0,5000,0,0,0,5000,0,5000,5000
056460,同欣電凱基99購01,0,0,0,0,0,0,0,0,0,5000,0,0,0,5000,0,5000,5000
056276,同欣電國泰98購01,0,0,0,0,0,0,0,0,0,5000,0,0,0,5000,0,5000,5000
055860,啟碁元大97購04  ,0,0,0,0,0,0,0,0,0,5000,0,0,0,5000,0,5000,5000
055896,南電統一97購02  ,0,0,0,0,0,0,0,0,0,5000,0,0,0,40000,35000,5000,5000
055903,鈺齊中信97購02  ,0,0,0,0,0,0,0,0,0,5000,0,0,0,5000,0,5000,5000
056087,世芯統一97購01  ,0,0,0,0,0,0,0,0,0,5000,0,0,0,5000,0,5000,5000
056930,晶豪科台新98購01,0,0,0,0,0,0,0,0,0,5000,0,0,0,5000,0,5000,5000
055717,聯發科元大97購19,0,0,0,0,0,0,0,0,0,5000,0,0,0,5000,0,5000,5000
055497,開發金元大97購01,0,0,0,0,0,0,0,0,0,5000,0,0,0,5000,0,5000,5000
055536,嘉聯益群益99購02,0,0,0,0,0,0,0,0,0,5000,0,0,0,7000,2000,5000,5000
057322,旺宏群益98購04  ,0,0,0,0,0,0,0,0,0,5000,0,0,0,5000,0,5000,5000
057484,南亞科元大98購06,0,0,0,0,0,0,0,0,0,5000,0,0,0,5000,0,5000,5000
057140,宏達電兆豐98購01,0,0,0,0,0,0,0,0,0,5000,0,0,0,5000,0,5000,5000
05954P,旺宏國票97售03  ,0,0,0,0,0,0,0,0,0,5000,0,0,0,5000,0,5000,5000
058583,臻鼎群益99購01  ,0,0,0,0,0,0,0,0,0,5000,0,0,0,5000,0,5000,5000
058586,鴻海中信01購02  ,0,0,0,0,0,0,0,0,0,5000,0,0,0,130000,125000,5000,5000
061111,台表科元大9A購02,0,0,0,0,0,0,0,0,0,5000,0,0,0,5000,0,5000,5000
058536,群創統一9B購01  ,0,0,0,0,0,0,0,0,0,5000,0,0,0,5000,0,5000,5000
054572,國巨元大98購03  ,0,0,0,0,0,0,0,0,0,5000,0,0,0,5000,0,5000,5000
054672,華新科國泰99購01,0,0,0,0,0,0,0,0,0,5000,0,0,0,5000,0,5000,5000
054717,亞德客永豐97購01,0,0,0,0,0,0,0,0,0,5000,0,0,0,5000,0,5000,5000
05478P,智伸科國票96售02,0,0,0,0,0,0,0,0,0,5000,0,0,0,5000,0,5000,5000
056616,台光電永豐98購01,0,0,0,0,0,0,0,0,0,5000,0,0,0,5000,0,5000,5000
056580,泰鼎元大9A購01  ,0,0,0,0,0,0,0,0,0,5000,0,0,0,5000,0,5000,5000
056663,臺股指元大9A購10,0,0,0,0,0,0,0,0,0,5000,0,0,0,5000,0,5000,5000
057606,健策統一98購03  ,0,0,0,0,0,0,0,0,0,5000,0,0,0,5000,0,5000,5000
054043,漢唐元大97購01  ,0,0,0,0,0,0,0,0,0,5000,0,0,0,5000,0,5000,5000
054976,上証2X元富9A購01,0,0,0,0,0,0,0,0,0,5000,0,0,0,5000,0,5000,5000
054311,世芯凱基96購02  ,0,0,0,0,0,0,0,0,0,5000,0,0,0,5000,0,5000,5000
053732,S&P反1中信9C購01,0,0,0,0,0,0,0,0,0,5000,0,0,0,5000,0,5000,5000
054205,華新國票97購02  ,0,0,0,0,0,0,0,0,0,5000,0,0,0,25000,20000,5000,5000
053935,華通元富96購02  ,0,0,0,0,0,0,0,0,0,5000,0,0,0,5000,0,5000,5000
053983,樺漢元大97購02  ,0,0,0,0,0,0,0,0,0,5000,0,0,0,5000,0,5000,5000
053842,聯發科統一96購08,0,0,0,0,0,0,0,0,0,5000,0,0,0,5000,0,5000,5000
053880,智邦中信96購01  ,0,0,0,0,0,0,0,0,0,5000,0,0,0,5000,0,5000,5000
053884,緯穎第一96購01  ,0,0,0,0,0,0,0,0,0,5000,0,0,0,5000,0,5000,5000
053891,欣興群益98購01  ,0,0,0,0,0,0,0,0,0,5000,0,0,0,5000,0,5000,5000
053084,國巨元大98購01  ,0,0,0,0,0,0,0,0,0,5000,0,0,0,5000,0,5000,5000
053033,智易兆豐97購01  ,0,0,0,0,0,0,0,0,0,5000,0,0,0,5000,0,5000,5000
052919,鈺齊富邦98購01  ,0,0,0,0,0,0,0,0,0,5000,0,0,0,5000,0,5000,5000
055343,國巨凱基97購03  ,0,0,0,0,0,0,0,0,0,5000,0,0,0,5000,0,5000,5000
055300,緯穎元大98購01  ,0,0,0,0,0,0,0,0,0,5000,0,0,0,5000,0,5000,5000
050895,聯發科元大97購01,0,0,0,0,0,0,0,0,0,5000,0,0,0,5000,0,5000,5000
05519P,上証2X凱基98售01,0,0,0,0,0,0,0,0,0,5000,0,0,0,5000,0,5000,5000
00731,FH富時高息低波  ,1000,1000,0,0,0,0,0,0,0,5000,0,0,0,1204000,1199000,5000,5000
00688L,國泰20年美債正2 ,0,3000,-3000,0,0,0,0,0,0,8000,0,0,0,108000,100000,8000,5000
052663,奇鋐國票97購01  ,0,0,0,0,0,0,0,0,0,5000,0,0,0,5000,0,5000,5000
052668,聯發科群益97購01,0,0,0,0,0,0,0,0,0,5000,0,0,0,5000,0,5000,5000
03677C,臺股指元大05牛02,0,0,0,0,0,0,0,0,0,5000,0,0,0,5000,0,5000,5000
058140,臻鼎元大99購02  ,0,0,0,0,0,0,0,0,0,5000,0,0,0,5000,0,5000,5000
061383,高股息群益9A購01,0,0,0,0,0,0,0,0,0,5000,0,0,0,5000,0,5000,5000
061712,旺宏凱基9A購08  ,0,0,0,0,0,0,0,0,0,5000,0,0,0,5000,0,5000,5000
061294,奇力新麥證9A購01,0,0,0,18000,13000,5000,0,0,0,5000,0,0,0,18000,13000,5000,5000
061251,臺股指群益9A購02,0,0,0,0,0,0,0,0,0,5000,0,0,0,5000,0,5000,5000
061245,晶技群益9A購01  ,0,0,0,0,0,0,0,0,0,5000,0,0,0,40000,35000,5000,5000
060373,元金2X元富9A購01,0,0,0,0,0,0,0,0,0,5000,0,0,0,5000,0,5000,5000
060395,儒鴻國票9A購01  ,0,0,0,0,0,0,0,0,0,5000,0,0,0,5000,0,5000,5000
060401,世紀鋼國票9B購01,0,0,0,0,0,0,0,0,0,5000,0,0,0,234000,229000,5000,5000
060472,中租元大9A購02  ,0,0,0,0,0,0,0,0,0,5000,0,0,0,21000,16000,5000,5000
058937,仁寶中信99購01  ,0,0,0,0,0,0,0,0,0,5000,0,0,0,33000,28000,5000,5000
057967,聯發科國泰9A購02,0,0,0,0,0,0,0,0,0,5000,0,0,0,5000,0,5000,5000
060886,國巨統一01購03  ,0,0,0,0,0,0,0,0,0,5000,0,0,0,49000,44000,5000,5000
060781,台郡國泰9B購01  ,0,0,0,0,0,0,0,0,0,5000,0,0,0,5000,0,5000,5000
060794,景碩永豐9A購02  ,0,0,0,0,0,0,0,0,0,5000,0,0,0,5000,0,5000,5000
057812,友達元大9A購05  ,0,0,0,0,0,0,0,0,0,5000,0,0,0,5000,0,5000,5000
057863,美律凱基9A購01  ,0,0,0,0,0,0,0,0,0,5000,0,0,0,5000,0,5000,5000
06023P,超眾國票96售03  ,0,0,0,0,0,0,0,0,0,5000,0,0,0,5000,0,5000,5000
060241,國泰金元大9A購01,0,0,0,0,0,0,0,0,0,5000,0,0,0,101000,96000,5000,5000
059493,國巨國票9B購01  ,0,0,0,0,0,0,0,0,0,5000,0,0,0,5000,0,5000,5000
059506,滬深2X永豐99購04,0,0,0,0,0,0,0,0,0,5000,0,0,0,10000,5000,5000,5000
059341,台積電凱基99購15,0,0,0,0,0,0,0,0,0,5000,0,0,0,5000,0,5000,5000
059309,滬深2X元大99購02,0,0,0,0,0,0,0,0,0,5000,0,0,0,5000,0,5000,5000
059218,台積電元大99購31,0,0,0,0,0,0,0,0,0,5000,0,0,0,5000,0,5000,5000
059247,可成凱基99購05  ,0,0,0,0,0,0,0,0,0,5000,0,0,0,13000,8000,5000,5000
057772,台積電群益99購01,0,0,0,0,0,0,0,0,0,5000,0,0,0,20000,15000,5000,5000
057739,新日興富邦9B購01,0,0,0,0,0,0,0,0,0,5000,0,0,0,130000,125000,5000,5000
058718,台灣50元富03購01,0,0,0,0,0,0,0,0,0,5000,0,0,0,5000,0,5000,5000
060680,玉晶光元大9C購03,0,0,0,0,0,0,0,0,0,5000,0,0,0,55000,50000,5000,5000
059780,滬深2X元大9C購06,0,0,0,0,0,0,0,0,0,5000,0,0,0,5000,0,5000,5000
058401,華航元大9A購01  ,0,0,0,0,0,0,0,0,0,5000,0,0,0,5000,0,5000,5000
063514,南電麥證9C購01  ,0,0,0,44000,35000,9000,0,0,0,5000,0,0,0,44000,39000,5000,5000
063886,南電元富9C購01  ,0,0,0,0,0,0,0,0,0,5000,0,0,0,15000,10000,5000,5000
063948,高鐵元大9C購01  ,0,0,0,0,0,0,0,0,0,5000,0,0,0,24000,19000,5000,5000
06366P,鴻海凱基97售10  ,0,0,0,0,0,0,0,0,0,5000,0,0,0,5000,0,5000,5000
063651,金像電台新9B購01,0,0,0,0,0,0,0,0,0,5000,0,0,0,5000,0,5000,5000
063759,義隆統一9C購01  ,0,0,0,0,0,0,0,0,0,5000,0,0,0,5000,0,5000,5000
061887,祥碩國泰9C購01  ,0,0,0,0,0,0,0,0,0,5000,0,0,0,5000,0,5000,5000
062192,南六元大9B購01  ,0,0,0,0,0,0,0,0,0,5000,0,0,0,9000,4000,5000,5000
062082,嘉晶元大9B購01  ,0,0,0,0,0,0,0,0,0,5000,0,0,0,5000,0,5000,5000
061684,T50反1群益9A購06,0,0,0,0,0,0,0,0,0,5000,0,0,0,30000,25000,5000,5000
062298,國巨第一9B購01  ,0,0,0,0,0,0,0,0,0,5000,0,0,0,5000,0,5000,5000
06264P,友達凱基98售06  ,0,0,0,0,0,0,0,0,0,5000,0,0,0,5000,0,5000,5000
062520,晶豪科元大9B購02,0,0,0,0,0,0,0,0,0,5000,0,0,0,40000,35000,5000,5000
062551,緯穎永豐9B購02  ,0,0,0,0,0,0,0,0,0,5000,0,0,0,20000,15000,5000,5000
062398,建準永豐9B購01  ,0,0,0,0,0,0,0,0,0,5000,0,0,0,140000,135000,5000,5000
062437,廣達元大9B購01  ,0,0,0,0,0,0,0,0,0,5000,0,0,0,28000,23000,5000,5000
062982,同欣電元富9B購01,0,0,0,0,0,0,0,0,0,5000,0,0,0,144000,139000,5000,5000
062921,GIS元大9B購01   ,0,0,0,0,0,0,0,0,0,5000,0,0,0,114000,109000,5000,5000
910861,神州-DR         ,5000,0,5000,0,0,0,0,0,0,0,0,0,0,0,0,0,5000
6674,鋐寶科技        ,8000,3000,5000,0,0,0,0,0,0,0,0,0,0,0,0,0,5000
5533,皇鼎            ,43000,38000,5000,0,0,0,0,0,0,0,0,0,0,0,0,0,5000
3046,建碁            ,7000,3000,4000,0,0,0,0,0,0,0,0,0,0,0,0,0,4000
3028,增你強          ,22000,23000,-1000,0,0,0,0,0,0,5000,5000,0,5000,0,0,0,4000
2881A,富邦特          ,1000,0,1000,0,0,0,0,0,0,3000,3000,0,3000,0,0,0,4000
2838A,聯邦銀甲特      ,0,0,0,0,0,0,0,0,0,4000,4000,0,4000,0,0,0,4000
2712,遠雄來          ,7000,3000,4000,0,0,0,0,0,0,0,0,0,0,0,0,0,4000
1530,亞崴            ,4000,0,4000,0,0,0,0,0,0,0,0,0,0,0,0,0,4000
1225,福懋油          ,37000,33000,4000,0,0,0,0,0,0,0,0,0,0,0,0,0,4000
1236,宏亞            ,4000,0,4000,0,0,0,0,0,0,0,0,0,0,0,0,0,4000
1256,鮮活果汁-KY     ,7000,4000,3000,0,0,0,0,0,0,1000,1000,0,1000,0,0,0,4000
1413,宏洲            ,4000,0,4000,0,0,0,0,0,0,0,0,0,0,0,0,0,4000
1324,地球            ,8000,4000,4000,0,0,0,0,0,0,0,0,0,0,0,0,0,4000
08248P,旺宏群益9C售02  ,0,0,0,0,0,0,0,0,0,4000,0,0,0,4000,0,4000,4000
08335P,香港2X中信03售01,0,0,0,0,0,0,0,0,0,4000,0,0,0,24000,20000,4000,4000
06988P,鴻海元富99售09  ,0,0,0,0,0,0,0,0,0,4000,0,0,0,4000,0,4000,4000
06901P,亞德客凱基98售02,0,0,0,0,0,0,0,0,0,4000,0,0,0,15000,11000,4000,4000
06752P,訊芯凱基98售05  ,0,0,0,0,0,0,0,0,0,4000,0,0,0,10000,6000,4000,4000
06789P,鴻海凱基98售12  ,0,0,0,0,0,0,0,0,0,4000,0,0,0,112000,108000,4000,4000
06804P,臺股指群益98售10,0,0,0,0,0,0,0,0,0,4000,0,0,0,4000,0,4000,4000
07361P,聯發科元大99售34,0,0,0,0,0,0,0,0,0,4000,0,0,0,4000,0,4000,4000
064625,健策元大01購02  ,0,0,0,0,0,0,0,0,0,4000,0,0,0,29000,25000,4000,4000
052135,聯發科凱基9B購01,0,0,0,0,0,0,0,0,0,4000,0,0,0,4000,0,4000,4000
00742,新光內需收益    ,0,0,0,0,0,0,0,0,0,4000,50000,50000,0,306000,302000,4000,4000
050142,聯發科元富9A購01,0,0,0,0,0,0,0,0,0,4000,0,0,0,4000,0,4000,4000
048179,臻鼎富邦97購01  ,0,0,0,0,0,0,0,0,0,4000,0,0,0,4000,0,4000,4000
055271,鴻海元大98購03  ,0,0,0,0,0,0,0,0,0,4000,0,0,0,4000,0,4000,4000
053226,國巨台新97購02  ,0,0,0,0,0,0,0,0,0,4000,0,0,0,39000,35000,4000,4000
053114,聯茂兆豐97購01  ,0,0,0,0,0,0,0,0,0,4000,0,0,0,4000,0,4000,4000
054140,智易元大97購03  ,0,0,0,0,0,0,0,0,0,4000,0,0,0,4000,0,4000,4000
057650,力成元大98購04  ,0,0,0,0,0,0,0,0,0,4000,0,0,0,68000,64000,4000,4000
060513,緯穎元大9B購01  ,0,0,0,0,0,0,0,0,0,4000,0,0,0,260000,256000,4000,4000
058598,T50反1元大99購04,0,0,0,0,0,0,0,0,0,4000,0,0,0,35000,31000,4000,4000
057237,群創凱基9B購02  ,0,0,0,0,0,0,0,0,0,4000,0,0,0,4000,0,4000,4000
057282,大立光元大99購06,0,0,0,0,0,0,0,0,0,4000,0,0,0,4000,0,4000,4000
055472,大立光凱基97購07,0,0,0,0,0,0,0,0,0,4000,0,0,0,4000,0,4000,4000
056921,京元電兆豐98購01,0,0,0,0,0,0,0,0,0,4000,0,0,0,16000,12000,4000,4000
056910,超眾元大99購02  ,0,0,0,0,0,0,0,0,0,4000,0,0,0,84000,80000,4000,4000
056245,嘉澤群益97購01  ,0,0,0,0,0,0,0,0,0,4000,0,0,0,4000,0,4000,4000
056247,台郡群益97購01  ,0,0,0,0,0,0,0,0,0,4000,0,0,0,5000,1000,4000,4000
056414,國巨中信98購02  ,0,0,0,0,0,0,0,0,0,4000,0,0,0,5000,1000,4000,4000
055993,致茂國泰99購01  ,0,0,0,0,0,0,0,0,0,4000,0,0,0,4000,0,4000,4000
056026,智易群益97購01  ,0,0,0,0,0,0,0,0,0,4000,0,0,0,4000,0,4000,4000
058411,技嘉兆豐99購01  ,0,0,0,0,0,0,0,0,0,4000,0,0,0,4000,0,4000,4000
059767,矽力永豐99購01  ,0,0,0,0,0,0,0,0,0,4000,0,0,0,4000,0,4000,4000
060702,玉晶光國泰9C購02,0,0,0,0,0,0,0,0,0,4000,0,0,0,27000,23000,4000,4000
059779,滬深2X元大9C購05,0,0,0,0,0,0,0,0,0,4000,0,0,0,4000,0,4000,4000
060645,台表科永豐9A購02,0,0,0,0,0,0,0,0,0,4000,0,0,0,14000,10000,4000,4000
059256,臺股指凱基99購34,0,0,0,0,0,0,0,0,0,4000,0,0,0,11000,7000,4000,4000
059415,台灣50元大9A購03,0,0,0,0,0,0,0,0,0,4000,0,0,0,5000,1000,4000,4000
059083,華通元大99購07  ,0,0,0,0,0,0,0,0,0,4000,0,0,0,4000,0,4000,4000
060259,潤泰全凱基9C購01,0,0,0,0,0,0,0,0,0,4000,0,0,0,24000,20000,4000,4000
059901,滬深2X元大9C購07,0,0,0,0,0,0,0,0,0,4000,0,0,0,24000,20000,4000,4000
059939,技嘉永豐99購01  ,0,0,0,0,0,0,0,0,0,4000,0,0,0,32000,28000,4000,4000
060918,康友國泰9C購01  ,0,0,0,0,0,0,0,0,0,4000,0,0,0,71000,67000,4000,4000
058009,智易國票99購01  ,0,0,0,0,0,0,0,0,0,4000,0,0,0,4000,0,4000,4000
060071,國巨元富99購03  ,0,0,0,0,0,0,0,0,0,4000,0,0,0,4000,0,4000,4000
060852,京鼎國泰9B購01  ,0,0,0,0,0,0,0,0,0,4000,0,0,0,4000,0,4000,4000
060878,奇力新中信9C購01,0,0,0,0,0,0,0,0,0,4000,0,0,0,21000,17000,4000,4000
060813,高鐵凱基9A購01  ,0,0,0,0,0,0,0,0,0,4000,0,0,0,70000,66000,4000,4000
061215,健策元大9A購06  ,0,0,0,0,0,0,0,0,0,4000,0,0,0,14000,10000,4000,4000
06152P,玉晶光元大98售06,0,0,0,0,0,0,0,0,0,4000,0,0,0,39000,35000,4000,4000
061826,台郡麥證9B購01  ,0,0,0,7000,3000,4000,0,0,0,4000,0,0,0,7000,3000,4000,4000
061390,大立光群益9A購04,0,0,0,0,0,0,0,0,0,4000,0,0,0,48000,44000,4000,4000
058278,FBVIX中信03購02 ,0,0,0,0,0,0,0,0,0,4000,0,0,0,4000,0,4000,4000
061156,玉晶光群益9A購07,0,0,0,0,0,0,0,0,0,4000,0,0,0,65000,61000,4000,4000
062676,南六台新9B購01  ,0,0,0,0,0,0,0,0,0,4000,0,0,0,4000,0,4000,4000
062348,聯發科群益9B購06,0,0,0,0,0,0,0,0,0,4000,0,0,0,6000,2000,4000,4000
062554,台積電凱基9B購08,0,0,0,0,0,0,0,0,0,4000,0,0,0,12000,8000,4000,4000
061629,FBVIX元大9A購01 ,0,0,0,0,0,0,0,0,0,4000,0,0,0,5000,1000,4000,4000
061631,SP黃豆元大9A購05,0,0,0,0,0,0,0,0,0,4000,0,0,0,5000,1000,4000,4000
061654,旺宏國票9A購02  ,0,0,0,0,0,0,0,0,0,4000,0,0,0,20000,16000,4000,4000
06191P,鴻海群益97售03  ,0,0,0,0,0,0,0,0,0,4000,0,0,0,4000,0,4000,4000
061615,鴻海群益9A購06  ,0,0,0,0,0,0,0,0,0,4000,0,0,0,17000,13000,4000,4000
061596,健策永豐9A購03  ,0,0,0,0,0,0,0,0,0,4000,0,0,0,10000,6000,4000,4000
06369P,台積電凱基97售16,0,0,0,0,0,0,0,0,0,4000,0,0,0,4000,0,4000,4000
063698,上銀群益9B購05  ,0,0,0,0,0,0,0,0,0,4000,0,0,0,55000,51000,4000,4000
063926,南亞科統一03購01,0,0,0,0,0,0,0,0,0,4000,0,0,0,27000,23000,4000,4000
064039,亞德客統一02購01,0,0,0,0,0,0,0,0,0,4000,0,0,0,4000,0,4000,4000
064090,祥碩凱基9C購03  ,0,0,0,0,0,0,0,0,0,4000,0,0,0,4000,0,4000,4000
063582,瑞祺國泰9C購01  ,0,0,0,0,0,0,0,0,0,4000,0,0,0,22000,18000,4000,4000
063391,南電兆豐9C購01  ,0,0,0,0,0,0,0,0,0,4000,0,0,0,14000,10000,4000,4000
063126,TPK元大9B購01   ,0,0,0,0,0,0,0,0,0,4000,0,0,0,4000,0,4000,4000
063024,祥碩元大9B購05  ,0,0,0,0,0,0,0,0,0,4000,0,0,0,45000,41000,4000,4000
063300,華通凱基9B購05  ,0,0,0,0,0,0,0,0,0,4000,0,0,0,4000,0,4000,4000
063301,鴻海凱基9B購08  ,0,0,0,0,0,0,0,0,0,4000,0,0,0,54000,50000,4000,4000
063272,GIS兆豐9C購01   ,0,0,0,0,0,0,0,0,0,4000,0,0,0,15000,11000,4000,4000
4994,傳奇            ,40000,35000,5000,0,0,0,0,0,0,-1000,1000,1000,0,0,1000,-1000,4000
6582,申豐            ,102000,98000,4000,0,0,0,0,0,0,0,0,0,0,0,0,0,4000
6579,研揚            ,7000,5000,2000,0,0,0,0,0,0,2000,2000,0,2000,0,0,0,4000
6442,光聖            ,3000,1000,2000,0,0,0,0,0,0,2000,2000,0,2000,0,0,0,4000
4562,穎漢            ,4000,0,4000,0,0,0,0,0,0,0,0,0,0,0,0,0,4000
4571,鈞興-KY         ,4000,0,4000,0,0,0,0,0,0,0,0,0,0,0,0,0,4000
3593,力銘            ,4000,0,4000,0,0,0,0,0,0,0,0,0,0,0,0,0,4000
064871,緯穎永豐9C購03  ,0,0,0,0,0,0,0,0,0,3000,0,0,0,3000,0,3000,3000
06490P,鴻海富邦99售02  ,0,0,0,0,0,0,0,0,0,3000,0,0,0,3000,0,3000,3000
064341,聯詠元大9C購01  ,0,0,0,0,0,0,0,0,0,3000,0,0,0,21000,18000,3000,3000
064269,台灣50元大9C購38,0,0,0,0,0,0,0,0,0,3000,0,0,0,3000,0,3000,3000
064322,T50反1元大9C購06,0,0,0,0,0,0,0,0,0,3000,0,0,0,3000,0,3000,3000
07520P,臺股指元大9B售11,0,0,0,0,0,0,0,0,0,3000,0,0,0,3000,0,3000,3000
06827P,臺股指國票98售03,0,0,0,0,0,0,0,0,0,3000,0,0,0,4000,1000,3000,3000
06935P,神達元大98售02  ,0,0,0,0,0,0,0,0,0,3000,0,0,0,218000,215000,3000,3000
07014P,華通元大99售04  ,0,0,0,0,0,0,0,0,0,3000,0,0,0,19000,16000,3000,3000
06536P,臺股指群益98售04,0,0,0,0,0,0,0,0,0,3000,0,0,0,3000,0,3000,3000
08261P,玉晶光元大9C售08,0,0,0,0,0,0,0,0,0,3000,0,0,0,146000,143000,3000,3000
07629P,臺股指凱基9A售10,0,0,0,0,0,0,0,0,0,3000,0,0,0,3000,0,3000,3000
1724,台硝            ,3000,0,3000,0,0,0,0,0,0,0,0,0,0,0,0,0,3000
2002A,中鋼特          ,0,0,0,0,0,0,0,0,0,3000,3000,0,3000,0,0,0,3000
2881B,富邦金乙特      ,0,0,0,0,0,0,0,0,0,3000,3000,0,3000,0,0,0,3000
2429,銘旺科          ,2000,1000,1000,0,0,0,0,0,0,2000,2000,0,2000,0,0,0,3000
2613,中櫃            ,3000,0,3000,0,0,0,0,0,0,0,0,0,0,0,0,0,3000
056479,玉晶光元大99購05,0,0,0,0,0,0,0,0,0,3000,0,0,0,55000,52000,3000,3000
057321,台泥群益98購01  ,0,0,0,0,0,0,0,0,0,3000,0,0,0,3000,0,3000,3000
057703,矽力群益98購01  ,0,0,0,0,0,0,0,0,0,3000,0,0,0,3000,0,3000,3000
057697,國巨群益98購09  ,0,0,0,0,0,0,0,0,0,3000,0,0,0,23000,20000,3000,3000
057491,美食元大98購03  ,0,0,0,0,0,0,0,0,0,3000,0,0,0,3000,0,3000,3000
061138,晶技統一9C購01  ,0,0,0,0,0,0,0,0,0,3000,0,0,0,3000,0,3000,3000
061082,台光電兆豐9A購01,0,0,0,0,0,0,0,0,0,3000,0,0,0,25000,22000,3000,3000
061052,和大群益9A購01  ,0,0,0,0,0,0,0,0,0,3000,0,0,0,3000,0,3000,3000
056715,瀚宇博永豐98購01,0,0,0,0,0,0,0,0,0,3000,0,0,0,35000,32000,3000,3000
056661,臺股指元大9A購08,0,0,0,0,0,0,0,0,0,3000,0,0,0,3000,0,3000,3000
054259,健策元大97購03  ,0,0,0,0,0,0,0,0,0,3000,0,0,0,3000,0,3000,3000
051231,健策群益97購01  ,0,0,0,0,0,0,0,0,0,3000,0,0,0,3000,0,3000,3000
052778,智原國票97購01  ,0,0,0,0,0,0,0,0,0,3000,0,0,0,3000,0,3000,3000
061504,祥碩國票9A購02  ,0,0,0,0,0,0,0,0,0,3000,0,0,0,3000,0,3000,3000
061741,新光金凱基9B購01,0,0,0,0,0,0,0,0,0,3000,0,0,0,61000,58000,3000,3000
061380,巨大永豐9A購02  ,0,0,0,0,0,0,0,0,0,3000,0,0,0,3000,0,3000,3000
059047,元油2X凱基9A購10,0,0,0,0,0,0,0,0,0,3000,0,0,0,5000,2000,3000,3000
059032,元石油群益9C購03,0,0,0,0,0,0,0,0,0,3000,0,0,0,3000,0,3000,3000
06094P,台達電中信97售01,0,0,0,0,0,0,0,0,0,3000,0,0,0,3000,0,3000,3000
059993,上銀元富99購01  ,0,0,0,0,0,0,0,0,0,3000,0,0,0,3000,0,3000,3000
060010,義隆群益99購02  ,0,0,0,0,0,0,0,0,0,3000,0,0,0,3000,0,3000,3000
060143,台積電國票9B購03,0,0,0,0,0,0,0,0,0,3000,0,0,0,21000,18000,3000,3000
060254,世紀鋼元大9A購01,0,0,0,0,0,0,0,0,0,3000,0,0,0,3000,0,3000,3000
058727,嘉晶富邦9A購01  ,0,0,0,0,0,0,0,0,0,3000,0,0,0,3000,0,3000,3000
059681,華新科國泰9B購02,0,0,0,0,0,0,0,0,0,3000,0,0,0,3000,0,3000,3000
057775,南亞科群益98購02,0,0,0,0,0,0,0,0,0,3000,0,0,0,3000,0,3000,3000
057733,嘉聯益國泰99購01,0,0,0,0,0,0,0,0,0,3000,0,0,0,153000,150000,3000,3000
057808,旺宏元大99購05  ,0,0,0,0,0,0,0,0,0,3000,0,0,0,23000,20000,3000,3000
060658,台灣50凱基01購04,0,0,0,0,0,0,0,0,0,3000,0,0,0,10000,7000,3000,3000
058769,友達兆豐99購01  ,0,0,0,0,0,0,0,0,0,3000,0,0,0,4000,1000,3000,3000
058445,旺宏富邦9C購01  ,0,0,0,0,0,0,0,0,0,3000,0,0,0,58000,55000,3000,3000
058375,群創凱基9B購04  ,0,0,0,0,0,0,0,0,0,3000,0,0,0,3000,0,3000,3000
058360,台光電凱基9A購02,0,0,0,0,0,0,0,0,0,3000,0,0,0,5000,2000,3000,3000
063098,台灣50群益01購02,0,0,0,0,0,0,0,0,0,3000,0,0,0,3000,0,3000,3000
064032,群創元大9C購06  ,0,0,0,0,0,0,0,0,0,3000,0,0,0,27000,24000,3000,3000
064059,新日興麥證01購01,0,0,0,47000,44000,3000,0,0,0,3000,0,0,0,47000,44000,3000,3000
064206,鴻海凱基03購02  ,0,0,0,0,0,0,0,0,0,3000,0,0,0,23000,20000,3000,3000
064240,群創統一02購02  ,0,0,0,0,0,0,0,0,0,3000,0,0,0,3000,0,3000,3000
063885,南六元富9C購01  ,0,0,0,0,0,0,0,0,0,3000,0,0,0,20000,17000,3000,3000
063857,臺股指元大9C購10,0,0,0,0,0,0,0,0,0,3000,0,0,0,6000,3000,3000,3000
063849,奇鋐元大9C購01  ,0,0,0,0,0,0,0,0,0,3000,0,0,0,143000,140000,3000,3000
063753,矽創國票9C購01  ,0,0,0,0,0,0,0,0,0,3000,0,0,0,17000,14000,3000,3000
063779,華邦電永豐9B購01,0,0,0,0,0,0,0,0,0,3000,0,0,0,71000,68000,3000,3000
061850,國巨國票9C購02  ,0,0,0,0,0,0,0,0,0,3000,0,0,0,7000,4000,3000,3000
062010,台灣50富邦9B購03,0,0,0,0,0,0,0,0,0,3000,0,0,0,6000,3000,3000,3000
061445,道瓊指中信9A購01,0,0,0,0,0,0,0,0,0,3000,0,0,0,3000,0,3000,3000
061483,TPK元大9A購01   ,0,0,0,0,0,0,0,0,0,3000,0,0,0,9000,6000,3000,3000
062368,聯詠元大9B購01  ,0,0,0,0,0,0,0,0,0,3000,0,0,0,37000,34000,3000,3000
062839,臺股指群益9B購06,0,0,0,0,0,0,0,0,0,3000,0,0,0,3000,0,3000,3000
062764,世芯凱基9B購02  ,0,0,0,0,0,0,0,0,0,3000,0,0,0,10000,7000,3000,3000
062864,臺股指國票9B購21,0,0,0,0,0,0,0,0,0,3000,0,0,0,27000,24000,3000,3000
062873,國巨兆豐9C購01  ,0,0,0,0,0,0,0,0,0,3000,0,0,0,3000,0,3000,3000
3528,安馳            ,4000,1000,3000,0,0,0,0,0,0,0,0,0,0,0,0,0,3000
3383,新世紀          ,7000,4000,3000,0,0,0,0,0,0,0,0,0,0,0,0,0,3000
3501,維熹            ,11000,8000,3000,0,0,0,0,0,0,0,0,0,0,0,0,0,3000
4755,三福化          ,3000,0,3000,0,0,0,0,0,0,0,0,0,0,0,0,0,3000
4439,冠星-KY         ,3000,0,3000,0,0,0,0,0,0,0,0,0,0,0,0,0,3000
6431,光麗-KY         ,3000,0,3000,0,0,0,0,0,0,0,0,0,0,0,0,0,3000
6672,騰輝電子-KY     ,63000,61000,2000,0,0,0,0,0,0,1000,1000,0,1000,0,0,0,3000
6655,科定            ,4000,1000,3000,0,0,0,0,0,0,0,0,0,0,0,0,0,3000
5269,祥碩            ,172000,104000,68000,0,0,0,3000,66000,-63000,-2000,1000,4000,-3000,4000,3000,1000,3000
8940,新天地          ,9000,6000,3000,0,0,0,0,0,0,0,0,0,0,0,0,0,3000
8072,陞泰            ,33000,31000,2000,0,0,0,0,0,0,1000,1000,0,1000,0,0,0,3000
9929,秋雨            ,3000,0,3000,0,0,0,0,0,0,0,0,0,0,0,0,0,3000
2887E,台新戊特        ,0,0,0,0,0,0,0,0,0,2000,2000,0,2000,0,0,0,2000
2901,欣欣            ,7000,5000,2000,0,0,0,0,0,0,0,0,0,0,0,0,0,2000
2630,亞航            ,5000,3000,2000,0,0,0,0,0,0,0,0,0,0,0,0,0,2000
3054,立萬利          ,2000,0,2000,0,0,0,0,0,0,0,0,0,0,0,0,0,2000
3130,一零四          ,2000,1000,1000,0,0,0,0,0,0,1000,1000,0,1000,0,0,0,2000
2012,春雨            ,11000,9000,2000,0,0,0,0,0,0,0,0,0,0,0,0,0,2000
1725,元禎            ,2000,0,2000,0,0,0,0,0,0,0,0,0,0,0,0,0,2000
2227,裕日車          ,78000,13000,65000,0,0,0,40000,58000,-18000,-45000,1000,46000,-45000,0,0,0,2000
1235,興泰            ,2000,0,2000,0,0,0,0,0,0,0,0,0,0,0,0,0,2000
1583,程泰            ,3000,1000,2000,0,0,0,0,0,0,0,0,0,0,0,0,0,2000
07707P,玉山金元大9A售03,0,0,0,0,0,0,0,0,0,2000,0,0,0,2000,0,2000,2000
07740P,臺股指永豐9A售01,0,0,0,0,0,0,0,0,0,2000,0,0,0,2000,0,2000,2000
08016P,臺股指凱基02售02,0,0,0,0,0,0,0,0,0,2000,0,0,0,2000,0,2000,2000
07859P,台灣50麥證9A售04,0,0,0,2000,0,2000,0,0,0,2000,0,0,0,2000,0,2000,2000
07905P,大立光群益9B售04,0,0,0,0,0,0,0,0,0,2000,0,0,0,2000,0,2000,2000
08337P,台灣50凱基01售15,0,0,0,0,0,0,0,0,0,2000,0,0,0,12000,10000,2000,2000
08373P,大立光凱基01售05,0,0,0,0,0,0,0,0,0,2000,0,0,0,3000,1000,2000,2000
08091P,A50正2元富9B售02,0,0,0,0,0,0,0,0,0,2000,0,0,0,2000,0,2000,2000
06687P,A50正2中信9A售01,0,0,0,0,0,0,0,0,0,2000,0,0,0,2000,0,2000,2000
06723P,台灣50麥證99售01,0,0,0,2000,0,2000,0,0,0,2000,0,0,0,2000,0,2000,2000
06631P,玉晶光群益9A售03,0,0,0,0,0,0,0,0,0,2000,0,0,0,2000,0,2000,2000
07445P,大立光凱基9A售08,0,0,0,0,0,0,0,0,0,2000,0,0,0,2000,0,2000,2000
07420P,可成元大99售07  ,0,0,0,0,0,0,0,0,0,2000,0,0,0,2000,0,2000,2000
07245P,台積電凱基99售16,0,0,0,0,0,0,0,0,0,2000,0,0,0,7000,5000,2000,2000
064369,彩晶統一01購01  ,0,0,0,0,0,0,0,0,0,2000,0,0,0,2000,0,2000,2000
064536,富邦金國票01購01,0,0,0,0,0,0,0,0,0,2000,0,0,0,76000,74000,2000,2000
064743,聯詠國票01購01  ,0,0,0,0,0,0,0,0,0,2000,0,0,0,2000,0,2000,2000
064674,鈺齊元大9C購01  ,0,0,0,0,0,0,0,0,0,2000,0,0,0,2000,0,2000,2000
052747,京鼎元大97購01  ,0,0,0,0,0,0,0,0,0,2000,0,0,0,2000,0,2000,2000
052624,微星亞東97購01  ,0,0,0,0,0,0,0,0,0,2000,0,0,0,2000,0,2000,2000
052363,廣達國票96購01  ,0,0,0,0,0,0,0,0,0,2000,0,0,0,2000,0,2000,2000
00743,國泰中國A150    ,22000,0,22000,0,0,0,0,0,0,-20000,0,0,0,18000,38000,-20000,2000
00684R,元大美元指數反1 ,0,0,0,0,0,0,0,0,0,2000,0,0,0,2000,0,2000,2000
020004,兆豐電菁英30N   ,0,0,0,0,0,0,0,0,0,2000,0,0,0,2000,0,2000,2000
006203,元大MSCI台灣    ,0,0,0,0,0,0,0,0,0,2000,0,0,0,2000,0,2000,2000
05145P,道瓊反元大98售01,0,0,0,0,0,0,0,0,0,2000,0,0,0,2000,0,2000,2000
055131,茂林康和97購01  ,0,0,0,0,0,0,0,0,0,2000,0,0,0,2000,0,2000,2000
055094,智易群益98購01  ,0,0,0,0,0,0,0,0,0,2000,0,0,0,2000,0,2000,2000
050099,台積電永昌96購01,0,0,0,0,0,0,0,0,0,2000,0,0,0,2000,0,2000,2000
050570,聯發科中信97購02,0,0,0,0,0,0,0,0,0,2000,0,0,0,2000,0,2000,2000
053056,同欣電國票97購01,0,0,0,0,0,0,0,0,0,2000,0,0,0,2000,0,2000,2000
055338,GIS兆豐97購01   ,0,0,0,0,0,0,0,0,0,2000,0,0,0,2000,0,2000,2000
055381,茂林元大97購02  ,0,0,0,0,0,0,0,0,0,2000,0,0,0,2000,0,2000,2000
054238,聯茂群益96購04  ,0,0,0,0,0,0,0,0,0,2000,0,0,0,2000,0,2000,2000
054276,國巨群益96購07  ,0,0,0,0,0,0,0,0,0,2000,0,0,0,2000,0,2000,2000
054470,緯穎國票97購04  ,0,0,0,0,0,0,0,0,0,2000,0,0,0,2000,0,2000,2000
054148,矽創元大96購03  ,0,0,0,0,0,0,0,0,0,2000,0,0,0,2000,0,2000,2000
054066,緯穎國票97購03  ,0,0,0,0,0,0,0,0,0,2000,0,0,0,2000,0,2000,2000
053662,矽力凱基97購01  ,0,0,0,0,0,0,0,0,0,2000,0,0,0,2000,0,2000,2000
05362P,可成富邦97售02  ,0,0,0,0,0,0,0,0,0,2000,0,0,0,2000,0,2000,2000
053381,友達元大9A購02  ,0,0,0,0,0,0,0,0,0,2000,0,0,0,10000,8000,2000,2000
055443,台虹國票98購01  ,0,0,0,0,0,0,0,0,0,2000,0,0,0,2000,0,2000,2000
057651,矽力元大98購03  ,0,0,0,0,0,0,0,0,0,2000,0,0,0,3000,1000,2000,2000
057652,欣興永昌9C購01  ,0,0,0,0,0,0,0,0,0,2000,0,0,0,2000,0,2000,2000
054841,亞德客兆豐97購01,0,0,0,0,0,0,0,0,0,2000,0,0,0,2000,0,2000,2000
054628,可成凱基98購01  ,0,0,0,0,0,0,0,0,0,2000,0,0,0,50000,48000,2000,2000
054559,台光電群益99購01,0,0,0,0,0,0,0,0,0,2000,0,0,0,32000,30000,2000,2000
061073,T50反1兆豐9A購01,0,0,0,0,0,0,0,0,0,2000,0,0,0,2000,0,2000,2000
061065,神基凱基9A購01  ,0,0,0,0,0,0,0,0,0,2000,0,0,0,2000,0,2000,2000
057509,聯發科統一9A購03,0,0,0,0,0,0,0,0,0,2000,0,0,0,12000,10000,2000,2000
058572,百和凱基9A購01  ,0,0,0,0,0,0,0,0,0,2000,0,0,0,104000,102000,2000,2000
058592,聯發科統一9C購01,0,0,0,0,0,0,0,0,0,2000,0,0,0,2000,0,2000,2000
057288,聯茂元大98購03  ,0,0,0,0,0,0,0,0,0,2000,0,0,0,18000,16000,2000,2000
057497,祥碩元大98購06  ,0,0,0,0,0,0,0,0,0,2000,0,0,0,2000,0,2000,2000
057221,華通國票98購03  ,0,0,0,0,0,0,0,0,0,2000,0,0,0,2000,0,2000,2000
057203,麗豐元富98購02  ,0,0,0,0,0,0,0,0,0,2000,0,0,0,2000,0,2000,2000
057158,義隆永豐99購01  ,0,0,0,0,0,0,0,0,0,2000,0,0,0,2000,0,2000,2000
057159,晶技永豐98購01  ,0,0,0,0,0,0,0,0,0,2000,0,0,0,2000,0,2000,2000
057081,大立光統一98購07,0,0,0,0,0,0,0,0,0,2000,0,0,0,2000,0,2000,2000
057100,國巨中信9A購02  ,0,0,0,0,0,0,0,0,0,2000,0,0,0,2000,0,2000,2000
056984,嘉晶群益98購01  ,0,0,0,0,0,0,0,0,0,2000,0,0,0,2000,0,2000,2000
056544,貿聯凱基98購03  ,0,0,0,0,0,0,0,0,0,2000,0,0,0,10000,8000,2000,2000
056471,台光電元大99購01,0,0,0,0,0,0,0,0,0,2000,0,0,0,18000,16000,2000,2000
056422,全新統一98購02  ,0,0,0,0,0,0,0,0,0,2000,0,0,0,2000,0,2000,2000
056389,鴻海富邦99購01  ,0,0,0,0,0,0,0,0,0,2000,0,0,0,2000,0,2000,2000
056243,創意群益97購03  ,0,0,0,0,0,0,0,0,0,2000,0,0,0,2000,0,2000,2000
055466,台達電凱基97購03,0,0,0,0,0,0,0,0,0,2000,0,0,0,2000,0,2000,2000
055591,全新元大98購01  ,0,0,0,0,0,0,0,0,0,2000,0,0,0,2000,0,2000,2000
055598,欣興元大97購03  ,0,0,0,0,0,0,0,0,0,2000,0,0,0,3000,1000,2000,2000
055652,聯詠元富01購01  ,0,0,0,0,0,0,0,0,0,2000,0,0,0,128000,126000,2000,2000
056844,欣興元富98購03  ,0,0,0,0,0,0,0,0,0,2000,0,0,0,6000,4000,2000,2000
056866,矽創群益98購03  ,0,0,0,0,0,0,0,0,0,2000,0,0,0,2000,0,2000,2000
060725,台積電第一9A購01,0,0,0,0,0,0,0,0,0,2000,0,0,0,2000,0,2000,2000
058433,台積電統一9B購04,0,0,0,0,0,0,0,0,0,2000,0,0,0,2000,0,2000,2000
058833,台表科永豐99購01,0,0,0,0,0,0,0,0,0,2000,0,0,0,2000,0,2000,2000
059785,美律元大9A購03  ,0,0,0,0,0,0,0,0,0,2000,0,0,0,2000,0,2000,2000
059833,緯穎康和99購01  ,0,0,0,0,0,0,0,0,0,2000,0,0,0,8000,6000,2000,2000
057735,台灣50富邦9C購02,0,0,0,0,0,0,0,0,0,2000,0,0,0,26000,24000,2000,2000
057747,致新永豐98購01  ,0,0,0,0,0,0,0,0,0,2000,0,0,0,12000,10000,2000,2000
060584,玉晶光元富9A購01,0,0,0,0,0,0,0,0,0,2000,0,0,0,2000,0,2000,2000
059688,燿華永豐99購01  ,0,0,0,0,0,0,0,0,0,2000,0,0,0,7000,5000,2000,2000
060215,柏文康和9A購01  ,0,0,0,0,0,0,0,0,0,2000,0,0,0,2000,0,2000,2000
057831,聯發科元富02購04,0,0,0,0,0,0,0,0,0,2000,0,0,0,2000,0,2000,2000
059886,可成國票99購04  ,0,0,0,0,0,0,0,0,0,2000,0,0,0,2000,0,2000,2000
059064,緯穎凱基99購02  ,0,0,0,0,0,0,0,0,0,2000,0,0,0,12000,10000,2000,2000
059109,台積電富邦9C購03,0,0,0,0,0,0,0,0,0,2000,0,0,0,2000,0,2000,2000
059138,台積電兆豐99購04,0,0,0,0,0,0,0,0,0,2000,0,0,0,2000,0,2000,2000
059224,大立光元大99購15,0,0,0,0,0,0,0,0,0,2000,0,0,0,2000,0,2000,2000
060066,欣興兆豐9B購01  ,0,0,0,0,0,0,0,0,0,2000,0,0,0,2000,0,2000,2000
060495,台灣50元大01購13,0,0,0,0,0,0,0,0,0,2000,0,0,0,2000,0,2000,2000
057988,鈺齊元富98購02  ,0,0,0,0,0,0,0,0,0,2000,0,0,0,12000,10000,2000,2000
058933,FBVIX台新9B購01 ,0,0,0,0,0,0,0,0,0,2000,0,0,0,2000,0,2000,2000
058939,台積電中信9B購01,0,0,0,0,0,0,0,0,0,2000,0,0,0,85000,83000,2000,2000
058943,元石油群益9C購01,0,0,0,0,0,0,0,0,0,2000,0,0,0,2000,0,2000,2000
061698,智邦國票9A購04  ,0,0,0,0,0,0,0,0,0,2000,0,0,0,2000,0,2000,2000
061316,台積電凱基9A購24,0,0,0,0,0,0,0,0,0,2000,0,0,0,3000,1000,2000,2000
061282,台積電統一9C購06,0,0,0,0,0,0,0,0,0,2000,0,0,0,8000,6000,2000,2000
061497,大立光國票9A購09,0,0,0,0,0,0,0,0,0,2000,0,0,0,2000,0,2000,2000
058235,大立光元大99購08,0,0,0,0,0,0,0,0,0,2000,0,0,0,2000,0,2000,2000
058195,鈺齊永豐99購01  ,0,0,0,0,0,0,0,0,0,2000,0,0,0,2000,0,2000,2000
062840,臺股指群益9B購07,0,0,0,0,0,0,0,0,0,2000,0,0,0,2000,0,2000,2000
062401,信邦永豐9B購01  ,0,0,0,0,0,0,0,0,0,2000,0,0,0,2000,0,2000,2000
062522,同欣電元大9B購02,0,0,0,0,0,0,0,0,0,2000,0,0,0,15000,13000,2000,2000
062604,東元凱基9B購01  ,0,0,0,0,0,0,0,0,0,2000,0,0,0,22000,20000,2000,2000
061443,大立光統一9C購02,0,0,0,0,0,0,0,0,0,2000,0,0,0,2000,0,2000,2000
062012,燿華富邦9C購01  ,0,0,0,0,0,0,0,0,0,2000,0,0,0,152000,150000,2000,2000
061851,智邦國票9B購01  ,0,0,0,0,0,0,0,0,0,2000,0,0,0,2000,0,2000,2000
061884,臺股指元大9B購18,0,0,0,0,0,0,0,0,0,2000,0,0,0,2000,0,2000,2000
062077,聯發科元大9B購04,0,0,0,0,0,0,0,0,0,2000,0,0,0,2000,0,2000,2000
062120,國巨台新9B購01  ,0,0,0,0,0,0,0,0,0,2000,0,0,0,2000,0,2000,2000
06215P,康控永豐97售02  ,0,0,0,0,0,0,0,0,0,2000,0,0,0,2000,0,2000,2000
062213,和大統一9B購02  ,0,0,0,0,0,0,0,0,0,2000,0,0,0,42000,40000,2000,2000
063724,亞德客元大9B購03,0,0,0,0,0,0,0,0,0,2000,0,0,0,209000,207000,2000,2000
063858,鴻海國泰02購01  ,0,0,0,0,0,0,0,0,0,2000,0,0,0,74000,72000,2000,2000
063845,旺宏元大9C購03  ,0,0,0,0,0,0,0,0,0,2000,0,0,0,212000,210000,2000,2000
063946,聯發科元大9C購04,0,0,0,0,0,0,0,0,0,2000,0,0,0,64000,62000,2000,2000
063907,華通凱基9C購03  ,0,0,0,0,0,0,0,0,0,2000,0,0,0,2000,0,2000,2000
064178,台郡國泰01購01  ,0,0,0,0,0,0,0,0,0,2000,0,0,0,2000,0,2000,2000
063974,南電國票01購01  ,0,0,0,0,0,0,0,0,0,2000,0,0,0,2000,0,2000,2000
8466,美吉吉-KY       ,6000,4000,2000,0,0,0,0,0,0,0,0,0,0,0,0,0,2000
8443,阿瘦            ,2000,0,2000,0,0,0,0,0,0,0,0,0,0,0,0,0,2000
6625,必應            ,2000,0,2000,0,0,0,0,0,0,0,0,0,0,0,0,0,2000
6641,基士德-KY       ,2000,0,2000,0,0,0,0,0,0,0,0,0,0,0,0,0,2000
3432,台端            ,4000,2000,2000,0,0,0,0,0,0,0,0,0,0,0,0,0,2000
3308,聯德            ,4000,2000,2000,0,0,0,0,0,0,0,0,0,0,0,0,0,2000
064519,聯詠群益9C購01  ,0,0,0,0,0,0,0,0,0,1000,0,0,0,1000,0,1000,1000
06446P,大立光凱基98售10,0,0,0,0,0,0,0,0,0,1000,0,0,0,1000,0,1000,1000
064439,大立光凱基03購02,0,0,0,0,0,0,0,0,0,1000,0,0,0,1000,0,1000,1000
064270,華通元大9C購03  ,0,0,0,0,0,0,0,0,0,1000,0,0,0,1000,0,1000,1000
07123P,鴻海元大99售23  ,0,0,0,0,0,0,0,0,0,1000,0,0,0,11000,10000,1000,1000
07050P,宏達電中信9B售01,0,0,0,0,0,0,0,0,0,1000,0,0,0,16000,15000,1000,1000
07093P,台積電凱基99售07,0,0,0,0,0,0,0,0,0,1000,0,0,0,1000,0,1000,1000
07467P,上銀元大9A售03  ,0,0,0,0,0,0,0,0,0,1000,0,0,0,1000,0,1000,1000
07507P,國巨國票9B售02  ,0,0,0,0,0,0,0,0,0,1000,0,0,0,1000,0,1000,1000
06638P,鴻海統一99售02  ,0,0,0,0,0,0,0,0,0,1000,0,0,0,1009000,1008000,1000,1000
06717P,可成元大98售09  ,0,0,0,0,0,0,0,0,0,1000,0,0,0,1000,0,1000,1000
07027P,台積電群益99售04,0,0,0,0,0,0,0,0,0,1000,0,0,0,11000,10000,1000,1000
06869P,金融類元大99售01,0,0,0,0,0,0,0,0,0,1000,0,0,0,1000,0,1000,1000
08128P,聯發科元大9B售22,0,0,0,0,0,0,0,0,0,1000,0,0,0,12000,11000,1000,1000
08084P,台表科元大9B售06,0,0,0,0,0,0,0,0,0,1000,0,0,0,19000,18000,1000,1000
08415P,台灣50元大9C售42,0,0,0,0,0,0,0,0,0,1000,0,0,0,1000,0,1000,1000
08345P,大立光元大9C售14,0,0,0,0,0,0,0,0,0,1000,0,0,0,6000,5000,1000,1000
07925P,台積電凱基9B售05,0,0,0,0,0,0,0,0,0,1000,0,0,0,1000,0,1000,1000
1466,聚隆            ,1000,0,1000,0,0,0,0,0,0,0,0,0,0,0,0,0,1000
1470,大統新創        ,2000,1000,1000,0,0,0,0,0,0,0,0,0,0,0,0,0,1000
1312A,國喬特          ,0,0,0,0,0,0,0,0,0,1000,1000,0,1000,0,0,0,1000
1438,裕豐            ,1000,0,1000,0,0,0,0,0,0,0,0,0,0,0,0,0,1000
1341,富林-KY         ,1000,0,1000,0,0,0,0,0,0,0,0,0,0,0,0,0,1000
2236,百達-KY         ,1000,0,1000,0,0,0,0,0,0,0,0,0,0,0,0,0,1000
2243,宏旭-KY         ,1000,0,1000,0,0,0,0,0,0,0,0,0,0,0,0,0,1000
1776,展宇            ,1000,0,1000,0,0,0,0,0,0,0,0,0,0,0,0,0,1000
1805,寶徠            ,1000,0,1000,0,0,0,0,0,0,0,0,0,0,0,0,0,1000
055738,玉山金元富97購01,0,0,0,0,0,0,0,0,0,1000,0,0,0,1000,0,1000,1000
055551,致茂凱基98購01  ,0,0,0,0,0,0,0,0,0,1000,0,0,0,1000,0,1000,1000
056940,嘉聯益元富98購01,0,0,0,0,0,0,0,0,0,1000,0,0,0,1000,0,1000,1000
056104,義隆永豐97購01  ,0,0,0,0,0,0,0,0,0,1000,0,0,0,11000,10000,1000,1000
055866,臺股指元大97購03,0,0,0,0,0,0,0,0,0,1000,0,0,0,1000,0,1000,1000
055822,臺股指國票97購09,0,0,0,0,0,0,0,0,0,1000,0,0,0,1000,0,1000,1000
055826,中石化元大97購01,0,0,0,0,0,0,0,0,0,1000,0,0,0,1000,0,1000,1000
055852,聯鈞元大98購01  ,0,0,0,0,0,0,0,0,0,1000,0,0,0,1000,0,1000,1000
056282,S&P反1永豐97購01,0,0,0,0,0,0,0,0,0,1000,0,0,0,1000,0,1000,1000
056352,鴻海元大99購01  ,0,0,0,0,0,0,0,0,0,1000,0,0,0,1000,0,1000,1000
055919,景碩凱基98購02  ,0,0,0,0,0,0,0,0,0,1000,0,0,0,1000,0,1000,1000
056007,上銀中信97購02  ,0,0,0,0,0,0,0,0,0,1000,0,0,0,1000,0,1000,1000
055994,聯發科國泰99購02,0,0,0,0,0,0,0,0,0,1000,0,0,0,38000,37000,1000,1000
056532,技嘉凱基98購01  ,0,0,0,0,0,0,0,0,0,1000,0,0,0,15000,14000,1000,1000
056554,GIS凱基99購01   ,0,0,0,0,0,0,0,0,0,1000,0,0,0,259000,258000,1000,1000
056497,GIS國泰99購01   ,0,0,0,0,0,0,0,0,0,1000,0,0,0,13000,12000,1000,1000
057027,祥碩凱基98購01  ,0,0,0,0,0,0,0,0,0,1000,0,0,0,1000,0,1000,1000
057021,台積電凱基9A購02,0,0,0,0,0,0,0,0,0,1000,0,0,0,1000,0,1000,1000
05721P,全新群益98售02  ,0,0,0,0,0,0,0,0,0,1000,0,0,0,1000,0,1000,1000
057230,建準凱基98購02  ,0,0,0,0,0,0,0,0,0,1000,0,0,0,1000,0,1000,1000
057467,祥碩永豐98購04  ,0,0,0,0,0,0,0,0,0,1000,0,0,0,1000,0,1000,1000
061142,南電統一9A購01  ,0,0,0,0,0,0,0,0,0,1000,0,0,0,46000,45000,1000,1000
059555,台灣50凱基9A購06,0,0,0,0,0,0,0,0,0,1000,0,0,0,1000,0,1000,1000
058649,健策永豐99購01  ,0,0,0,0,0,0,0,0,0,1000,0,0,0,1000,0,1000,1000
059605,臺股指元大9A購42,0,0,0,0,0,0,0,0,0,1000,0,0,0,1000,0,1000,1000
059606,上銀富邦9B購02  ,0,0,0,0,0,0,0,0,0,1000,0,0,0,1000,0,1000,1000
059591,台積電元大9A購04,0,0,0,0,0,0,0,0,0,1000,0,0,0,8000,7000,1000,1000
054811,裕隆元大9A購01  ,0,0,0,0,0,0,0,0,0,1000,0,0,0,1000,0,1000,1000
056684,旺宏統一98購02  ,0,0,0,0,0,0,0,0,0,1000,0,0,0,1000,0,1000,1000
053565,台光電富邦98購01,0,0,0,0,0,0,0,0,0,1000,0,0,0,1000,0,1000,1000
053528,南電中信9A購01  ,0,0,0,0,0,0,0,0,0,1000,0,0,0,1000,0,1000,1000
054972,聯茂元大97購02  ,0,0,0,0,0,0,0,0,0,1000,0,0,0,1000,0,1000,1000
054941,凱美元大97購01  ,0,0,0,0,0,0,0,0,0,1000,0,0,0,1000,0,1000,1000
055023,億光國泰98購01  ,0,0,0,0,0,0,0,0,0,1000,0,0,0,1000,0,1000,1000
054367,鴻海中信98購03  ,0,0,0,0,0,0,0,0,0,1000,0,0,0,1000,0,1000,1000
055367,台積電元大97購23,0,0,0,0,0,0,0,0,0,1000,0,0,0,1000,0,1000,1000
055292,聯鈞元大97購02  ,0,0,0,0,0,0,0,0,0,1000,0,0,0,1000,0,1000,1000
055167,友訊統一97購01  ,0,0,0,0,0,0,0,0,0,1000,0,0,0,1000,0,1000,1000
055229,大毅國票97購02  ,0,0,0,0,0,0,0,0,0,1000,0,0,0,11000,10000,1000,1000
053024,國巨富邦97購02  ,0,0,0,0,0,0,0,0,0,1000,0,0,0,1000,0,1000,1000
052890,FB上証群益9B購01,0,0,0,0,0,0,0,0,0,1000,0,0,0,2000,1000,1000,1000
055409,元黃金富邦01購01,0,0,0,0,0,0,0,0,0,1000,0,0,0,1000,0,1000,1000
050306,聯發科中信97購01,0,0,0,0,0,0,0,0,0,1000,0,0,0,49000,48000,1000,1000
050014,國巨富邦98購01  ,0,0,0,0,0,0,0,0,0,1000,0,0,0,1000,0,1000,1000
049255,旺宏元大97購02  ,0,0,0,0,0,0,0,0,0,1000,0,0,0,1000,0,1000,1000
051722,玉晶光永豐97購01,0,0,0,0,0,0,0,0,0,1000,0,0,0,1000,0,1000,1000
055108,智邦凱基98購01  ,0,0,0,0,0,0,0,0,0,1000,0,0,0,7000,6000,1000,1000
051657,台郡元富98購01  ,0,0,0,0,0,0,0,0,0,1000,0,0,0,1000,0,1000,1000
051577,台積電元大97購03,0,0,0,0,0,0,0,0,0,1000,0,0,0,1000,0,1000,1000
051087,國巨元大97購01  ,0,0,0,0,0,0,0,0,0,1000,0,0,0,1000,0,1000,1000
03676C,臺股指元大04牛03,0,0,0,0,0,0,0,0,0,1000,0,0,0,1000,0,1000,1000
03033X,元展30          ,0,0,0,0,0,0,0,0,0,1000,0,0,0,21000,20000,1000,1000
03039X,元展36          ,0,0,0,0,0,0,0,0,0,1000,0,0,0,1000,0,1000,1000
03047X,元展44          ,0,0,0,0,0,0,0,0,0,1000,0,0,0,1000,0,1000,1000
03071X,元展66          ,0,0,0,0,0,0,0,0,0,1000,0,0,0,1000,0,1000,1000
03670C,元油2X元富99牛01,0,0,0,0,0,0,0,0,0,1000,0,0,0,1000,0,1000,1000
058090,聯發科元大98購16,0,0,0,0,0,0,0,0,0,1000,0,0,0,1000,0,1000,1000
061414,牧德群益9B購02  ,0,0,0,0,0,0,0,0,0,1000,0,0,0,1000,0,1000,1000
06117P,臺股指日盛97售02,0,0,0,0,0,0,0,0,0,1000,0,0,0,1000,0,1000,1000
061532,和大統一9C購02  ,0,0,0,0,0,0,0,0,0,1000,0,0,0,1000,0,1000,1000
061794,國巨永豐9B購01  ,0,0,0,0,0,0,0,0,0,1000,0,0,0,1000,0,1000,1000
061310,華新科麥證9A購01,0,0,0,1000,0,1000,0,0,0,1000,0,0,0,1000,0,1000,1000
061351,智伸科元大9A購01,0,0,0,0,0,0,0,0,0,1000,0,0,0,5000,4000,1000,1000
057986,華新科元富99購05,0,0,0,0,0,0,0,0,0,1000,0,0,0,1000,0,1000,1000
060872,高股息中信02購01,0,0,0,0,0,0,0,0,0,1000,0,0,0,1000,0,1000,1000
057926,帆宣凱基98購02  ,0,0,0,0,0,0,0,0,0,1000,0,0,0,1000,0,1000,1000
060846,欣興國票9A購02  ,0,0,0,0,0,0,0,0,0,1000,0,0,0,10000,9000,1000,1000
060501,鴻海元大9A購13  ,0,0,0,0,0,0,0,0,0,1000,0,0,0,1000,0,1000,1000
060374,儒鴻元富9A購01  ,0,0,0,0,0,0,0,0,0,1000,0,0,0,2000,1000,1000,1000
060317,台灣50群益02購01,0,0,0,0,0,0,0,0,0,1000,0,0,0,1000,0,1000,1000
060042,台積電群益99購12,0,0,0,0,0,0,0,0,0,1000,0,0,0,1000,0,1000,1000
060091,技嘉元大99購03  ,0,0,0,0,0,0,0,0,0,1000,0,0,0,1000,0,1000,1000
058998,鴻海元大99購22  ,0,0,0,0,0,0,0,0,0,1000,0,0,0,2000,1000,1000,1000
059009,世紀鋼元大99購04,0,0,0,0,0,0,0,0,0,1000,0,0,0,74000,73000,1000,1000
059977,鴻海元大99購40  ,0,0,0,0,0,0,0,0,0,1000,0,0,0,1000,0,1000,1000
059133,臺股指群益99購08,0,0,0,0,0,0,0,0,0,1000,0,0,0,1000,0,1000,1000
059153,臺股指國票99購16,0,0,0,0,0,0,0,0,0,1000,0,0,0,13000,12000,1000,1000
059373,滬深2X群益01購03,0,0,0,0,0,0,0,0,0,1000,0,0,0,1000,0,1000,1000
059234,台灣50凱基9C購03,0,0,0,0,0,0,0,0,0,1000,0,0,0,1000,0,1000,1000
059240,台積電凱基9A購09,0,0,0,0,0,0,0,0,0,1000,0,0,0,5000,4000,1000,1000
059347,京鼎凱基99購02  ,0,0,0,0,0,0,0,0,0,1000,0,0,0,1000,0,1000,1000
059318,旺宏元大99購13  ,0,0,0,0,0,0,0,0,0,1000,0,0,0,53000,52000,1000,1000
059891,臺股指國票99購25,0,0,0,0,0,0,0,0,0,1000,0,0,0,1000,0,1000,1000
060125,強茂永豐99購01  ,0,0,0,0,0,0,0,0,0,1000,0,0,0,1000,0,1000,1000
057895,全新元富9B購01  ,0,0,0,0,0,0,0,0,0,1000,0,0,0,1000,0,1000,1000
057873,義隆元大98購03  ,0,0,0,0,0,0,0,0,0,1000,0,0,0,1000,0,1000,1000
060244,大立光元大9B購02,0,0,0,0,0,0,0,0,0,1000,0,0,0,6000,5000,1000,1000
059704,聯發科凱基9A購08,0,0,0,0,0,0,0,0,0,1000,0,0,0,1000,0,1000,1000
058698,華通元大99購05  ,0,0,0,0,0,0,0,0,0,1000,0,0,0,10000,9000,1000,1000
059762,禾伸堂永豐99購02,0,0,0,0,0,0,0,0,0,1000,0,0,0,37000,36000,1000,1000
060594,國巨麥證9A購01  ,0,0,0,5000,14000,-9000,0,0,0,1000,0,0,0,15000,14000,1000,1000
060537,台灣50凱基9B購01,0,0,0,0,0,0,0,0,0,1000,0,0,0,1000,0,1000,1000
060529,聯發科中信9A購04,0,0,0,0,0,0,0,0,0,1000,0,0,0,1000,0,1000,1000
057748,華通國票98購04  ,0,0,0,0,0,0,0,0,0,1000,0,0,0,2000,1000,1000,1000
059822,聯發科凱基99購19,0,0,0,0,0,0,0,0,0,1000,0,0,0,1000,0,1000,1000
058759,義隆群益99購01  ,0,0,0,0,0,0,0,0,0,1000,0,0,0,1000,0,1000,1000
058824,晶技富邦9A購01  ,0,0,0,0,0,0,0,0,0,1000,0,0,0,1000,0,1000,1000
058413,義隆兆豐99購01  ,0,0,0,0,0,0,0,0,0,1000,0,0,0,6000,5000,1000,1000
058446,新光金富邦9C購01,0,0,0,0,0,0,0,0,0,1000,0,0,0,1000,0,1000,1000
058449,台積電永豐99購01,0,0,0,0,0,0,0,0,0,1000,0,0,0,1000,0,1000,1000
058471,台積電日盛9C購01,0,0,0,0,0,0,0,0,0,1000,0,0,0,84000,83000,1000,1000
058462,台積電兆豐99購01,0,0,0,0,0,0,0,0,0,1000,0,0,0,1000,0,1000,1000
058345,台光電群益99購03,0,0,0,0,0,0,0,0,0,1000,0,0,0,1000,0,1000,1000
058359,瑞昱凱基99購01  ,0,0,0,0,0,0,0,0,0,1000,0,0,0,1000,0,1000,1000
058409,鴻海兆豐99購05  ,0,0,0,0,0,0,0,0,0,1000,0,0,0,1000,0,1000,1000
063987,台灣50永豐9C購01,0,0,0,0,0,0,0,0,0,1000,0,0,0,45000,44000,1000,1000
064182,臻鼎富邦01購01  ,0,0,0,0,0,0,0,0,0,1000,0,0,0,1000,0,1000,1000
063930,高鐵統一02購02  ,0,0,0,0,0,0,0,0,0,1000,0,0,0,1000,0,1000,1000
063736,大立光元大9B購08,0,0,0,0,0,0,0,0,0,1000,0,0,0,11000,10000,1000,1000
063689,可成永豐9B購04  ,0,0,0,0,0,0,0,0,0,1000,0,0,0,13000,12000,1000,1000
063684,上銀永豐9B購02  ,0,0,0,0,0,0,0,0,0,1000,0,0,0,1000,0,1000,1000
063285,華擎元大9B購03  ,0,0,0,0,0,0,0,0,0,1000,0,0,0,1000,0,1000,1000
06362P,臺股指麥證97售01,0,0,0,1000,0,1000,0,0,0,1000,0,0,0,1000,0,1000,1000
062144,華通國票9B購01  ,0,0,0,0,0,0,0,0,0,1000,0,0,0,1000,0,1000,1000
062065,台灣50元大9B購14,0,0,0,0,0,0,0,0,0,1000,0,0,0,1000,0,1000,1000
06162P,大立光群益97售02,0,0,0,0,0,0,0,0,0,1000,0,0,0,1000,0,1000,1000
062296,南六永豐9B購02  ,0,0,0,0,0,0,0,0,0,1000,0,0,0,1000,0,1000,1000
061683,台灣50群益9B購09,0,0,0,0,0,0,0,0,0,1000,0,0,0,1000,0,1000,1000
06187P,國巨統一97售05  ,0,0,0,0,0,0,0,0,0,1000,0,0,0,1000,0,1000,1000
062055,鴻海統一9C購07  ,0,0,0,0,0,0,0,0,0,1000,0,0,0,1000,0,1000,1000
061975,華通元大9B購01  ,0,0,0,0,0,0,0,0,0,1000,0,0,0,12000,11000,1000,1000
062531,大立光統一9C購06,0,0,0,0,0,0,0,0,0,1000,0,0,0,1000,0,1000,1000
062507,臺股指群益9B購02,0,0,0,0,0,0,0,0,0,1000,0,0,0,1000,0,1000,1000
062406,臻鼎永豐9B購01  ,0,0,0,0,0,0,0,0,0,1000,0,0,0,1000,0,1000,1000
062477,聯詠國票9B購01  ,0,0,0,0,0,0,0,0,0,1000,0,0,0,12000,11000,1000,1000
062805,台勝科統一9C購01,0,0,0,0,0,0,0,0,0,1000,0,0,0,1000,0,1000,1000
062677,儒鴻統一01購01  ,0,0,0,0,0,0,0,0,0,1000,0,0,0,13000,12000,1000,1000
062740,致伸國票9B購01  ,0,0,0,0,0,0,0,0,0,1000,0,0,0,1000,0,1000,1000
062748,祥碩永豐9B購02  ,0,0,0,0,0,0,0,0,0,1000,0,0,0,1000,0,1000,1000
062861,世芯國票9C購01  ,0,0,0,0,0,0,0,0,0,1000,0,0,0,30000,29000,1000,1000
4737,華廣            ,12000,11000,1000,0,0,0,0,0,0,0,0,0,0,0,0,0,1000
6573,虹揚-KY         ,6000,5000,1000,0,0,0,0,0,0,0,0,0,0,0,0,0,1000
6405,悅城            ,1000,0,1000,0,0,0,0,0,0,0,0,0,0,0,0,0,1000
8480,泰昇-KY         ,4000,3000,1000,0,0,0,0,0,0,0,0,0,0,0,0,0,1000
8497,格威傳媒        ,2000,1000,1000,0,0,0,0,0,0,0,0,0,0,0,0,0,1000
8482,商億-KY         ,1000,0,1000,0,0,0,0,0,0,0,0,0,0,0,0,0,1000
910322,康師傅-DR       ,1000,0,1000,0,0,0,0,0,0,0,0,0,0,0,0,0,1000
1726,永記            ,1000,1000,0,0,0,0,0,0,0,0,0,0,0,0,0,0,0
1516,川飛            ,1000,1000,0,0,0,0,0,0,0,0,0,0,0,0,0,0,0
07899P,和大凱基9B售01  ,0,0,0,0,0,0,0,0,0,0,0,0,0,10000,10000,0,0
07983P,茂林群益9B售03  ,0,0,0,0,0,0,0,0,0,0,0,0,0,5000,5000,0,0
07956P,鴻海群益9B售06  ,0,0,0,0,0,0,0,0,0,0,0,0,0,15000,15000,0,0
07745P,華新科凱基9A售10,0,0,0,0,0,0,0,0,0,0,0,0,0,100000,100000,0,0
07746P,華新科凱基9A售11,0,0,0,0,0,0,0,0,0,0,0,0,0,100000,100000,0,0
07788P,華新科群益9A售08,0,0,0,0,0,0,0,0,0,0,0,0,0,100000,100000,0,0
07767P,華新科群益9A售07,0,0,0,0,0,0,0,0,0,0,0,0,0,100000,100000,0,0
07776P,國巨群益9B售02  ,0,0,0,0,0,0,0,0,0,0,0,0,0,5000,5000,0,0
07800P,華新科國泰9B售04,0,0,0,0,0,0,0,0,0,0,0,0,0,50000,50000,0,0
07690P,華新科元大9A售15,0,0,0,0,0,0,0,0,0,0,0,0,0,90000,90000,0,0
07669P,華新科元大9A售14,0,0,0,0,0,0,0,0,0,0,0,0,0,100000,100000,0,0
07674P,金融類元大9A售01,0,0,0,0,0,0,0,0,0,0,0,0,0,5000,5000,0,0
07676P,華新科永豐9A售02,0,0,0,0,0,0,0,0,0,0,0,0,0,100000,100000,0,0
07678P,大立光群益9A售03,0,0,0,0,0,0,0,0,0,0,0,0,0,10000,10000,0,0
07614P,華新科群益9A售04,0,0,0,0,0,0,0,0,0,0,0,0,0,100000,100000,0,0
08113P,台灣50凱基02售04,0,0,0,0,0,0,0,0,0,0,0,0,0,200000,200000,0,0
08232P,聯發科元富9B售06,0,0,0,0,0,0,0,0,0,0,0,0,0,1000,1000,0,0
06854P,鴻海富邦99售05  ,0,0,0,0,0,0,0,0,0,0,0,0,0,100000,100000,0,0
06843P,鴻海元大98售11  ,0,0,0,0,0,0,0,0,0,0,0,0,0,650000,650000,0,0
06767P,台積電永昌99售03,0,0,0,0,0,0,0,0,0,0,0,0,0,30000,30000,0,0
06778P,台積電元大99售06,0,0,0,0,0,0,0,0,0,0,0,0,0,450000,450000,0,0
06985P,華新科富邦9C售02,0,0,0,0,0,0,0,0,0,0,0,0,0,20000,20000,0,0
06993P,鴻海凱基99售05  ,0,0,0,0,0,0,0,0,0,0,0,0,0,200000,200000,0,0
06911P,鴻海元大99售09  ,0,0,0,0,0,0,0,0,0,0,0,0,0,50000,50000,0,0
06950P,鴻海統一9B售02  ,0,0,0,0,0,0,0,0,0,0,0,0,0,3000,3000,0,0
06716P,台積電元大9A售02,0,0,0,0,0,0,0,0,0,0,0,0,0,18000,18000,0,0
06543P,鴻海元大98售08  ,0,0,0,0,0,0,0,0,0,0,0,0,0,50000,50000,0,0
064985,台表科元大9C購09,0,0,0,0,0,0,0,0,0,0,0,0,0,22000,22000,0,0
064987,勤誠元大9C購02  ,0,0,0,0,0,0,0,0,0,0,0,0,0,100000,100000,0,0
06589P,台積電元大98售12,0,0,0,0,0,0,0,0,0,0,0,0,0,100000,100000,0,0
06613P,華新科富邦9A售03,0,0,0,0,0,0,0,0,0,0,0,0,0,36000,36000,0,0
07489P,國巨國票9A售07  ,0,0,0,0,0,0,0,0,0,0,0,0,0,20000,20000,0,0
07501P,華新科元大9A售07,0,0,0,0,0,0,0,0,0,0,0,0,0,90000,90000,0,0
07390P,華新科康和99售02,0,0,0,0,0,0,0,0,0,0,0,0,0,100000,100000,0,0
07431P,臺股指國票9A售03,0,0,0,0,0,0,0,0,0,0,0,0,0,5000,5000,0,0
07350P,台灣50國票99售11,0,0,0,0,0,0,0,0,0,0,0,0,0,100000,100000,0,0
07057P,大立光康和9B售02,0,0,0,0,0,0,0,0,0,0,0,0,0,200000,200000,0,0
07121P,華新科凱基99售03,0,0,0,0,0,0,0,0,0,0,0,0,0,90000,90000,0,0
07266P,大立光元大99售19,0,0,0,0,0,0,0,0,0,0,0,0,0,62000,62000,0,0
07214P,聯發科凱基9A售04,0,0,0,0,0,0,0,0,0,0,0,0,0,20000,20000,0,0
07197P,臺股指元大99售13,0,0,0,0,0,0,0,0,0,0,0,0,0,16000,16000,0,0
06427P,鴻海元大97售13  ,0,0,0,0,0,0,0,0,0,0,0,0,0,12000,12000,0,0
064309,聯發科群益9C購07,35000,0,35000,0,0,0,0,0,0,-35000,0,0,0,0,35000,-35000,0
064339,大立光元大01購01,0,0,0,0,0,0,0,0,0,0,0,0,0,13000,13000,0,0
064430,鴻海凱基03購04  ,0,0,0,0,0,0,0,0,0,0,0,0,0,12000,12000,0,0
064396,創意永豐9C購01  ,0,0,0,0,0,0,0,0,0,0,0,0,0,232000,232000,0,0
06449P,台積電元大98售09,0,0,0,0,0,0,0,0,0,0,0,0,0,110000,110000,0,0
064535,國產國票01購01  ,0,0,0,0,0,0,0,0,0,0,0,0,0,35000,35000,0,0
064683,台表科兆豐9C購02,0,0,0,0,0,0,0,0,0,0,0,0,0,85000,85000,0,0
06468P,華新科統一98售02,0,0,0,0,0,0,0,0,0,0,0,0,0,6000,6000,0,0
064659,台達電元大9C購02,0,0,0,0,0,0,0,0,0,0,0,0,0,6000,6000,0,0
064667,大立光元大02購01,0,0,0,0,0,0,0,0,0,0,0,0,0,307000,307000,0,0
06469P,臺股指凱基99售09,0,0,0,0,0,0,0,0,0,0,0,0,0,12000,12000,0,0
064736,超眾元富9C購04  ,0,0,0,0,0,0,0,0,0,0,0,0,0,33000,33000,0,0
064785,康友群益9C購01  ,0,0,0,0,0,0,0,0,0,0,0,0,0,5000,5000,0,0
064803,智邦元大9C購05  ,0,0,0,0,0,0,0,0,0,0,0,0,0,22000,22000,0,0
064806,微星元大01購01  ,0,0,0,0,0,0,0,0,0,0,0,0,0,50000,50000,0,0
064797,道瓊反元大01購01,0,0,0,0,0,0,0,0,0,0,0,0,0,10000,10000,0,0
064897,宏達電群益9C購02,0,0,0,0,0,0,0,0,0,0,0,0,0,30000,30000,0,0
064898,國產群益9C購01  ,0,0,0,0,0,0,0,0,0,0,0,0,0,79000,79000,0,0
064944,亞德客凱基9C購03,0,0,0,0,0,0,0,0,0,0,0,0,0,1000,1000,0,0
064810,嘉晶元大01購01  ,12000,0,12000,0,0,0,0,0,0,-12000,0,0,0,0,12000,-12000,0
039212,台達電台新9A購01,0,0,0,0,0,0,0,0,0,0,0,0,0,1000,1000,0,0
042793,台積電台新9C購01,0,0,0,0,0,0,0,0,0,0,0,0,0,1000,1000,0,0
042953,鴻海台新01購01  ,0,0,0,0,0,0,0,0,0,0,0,0,0,1000,1000,0,0
052531,台積電國泰96購06,0,0,0,0,0,0,0,0,0,0,0,0,0,10000,10000,0,0
052325,高股息中信99購01,0,0,0,0,0,0,0,0,0,0,0,0,0,1000,1000,0,0
00636K,國泰中國A50+U   ,0,0,0,0,0,0,0,0,0,0,0,0,0,100,100,0,0
00625K,富邦上証+R      ,0,0,0,0,0,0,0,0,0,0,0,0,0,50000,50000,0,0
00657K,國泰日經225+U   ,0,0,0,0,0,0,0,0,0,0,0,0,0,100,100,0,0
00668K,國泰美國道瓊+U  ,0,0,0,0,0,0,0,0,0,0,0,0,0,100,100,0,0
00774B,新光中國政金綠債,0,0,0,0,0,0,0,0,0,0,0,0,0,2000,2000,0,0
00691R,兆豐藍籌30反1   ,0,0,0,0,0,0,0,0,0,0,0,0,0,116000,116000,0,0
00707R,元大S&P日圓反1  ,0,0,0,0,0,0,0,0,0,0,0,0,0,1000,1000,0,0
00732,國泰RMB短期報酬 ,0,0,0,0,0,0,0,0,0,0,0,0,0,100000,100000,0,0
051582,聯發科元大97購02,0,0,0,0,0,0,0,0,0,0,0,0,0,1000,1000,0,0
051659,力山國泰97購01  ,0,0,0,0,0,0,0,0,0,0,0,0,0,15000,15000,0,0
050485,國巨統一96購01  ,0,0,0,0,0,0,0,0,0,0,0,0,0,8000,8000,0,0
052942,聯發科中信97購04,0,0,0,0,0,0,0,0,0,0,0,0,0,50000,50000,0,0
053057,聯電國泰97購02  ,0,0,0,0,0,0,0,0,0,0,0,0,0,250000,250000,0,0
055220,緯穎凱基98購02  ,0,0,0,0,0,0,0,0,0,0,0,0,0,8000,8000,0,0
055245,凱美統一99購01  ,0,0,0,0,0,0,0,0,0,0,0,0,0,10000,10000,0,0
055283,聯發科元大97購16,0,0,0,0,0,0,0,0,0,0,0,0,0,44000,44000,0,0
055305,旺宏群益99購01  ,0,0,0,0,0,0,0,0,0,0,0,0,0,98000,98000,0,0
055357,欣興凱基97購04  ,0,0,0,0,0,0,0,0,0,0,0,0,0,30000,30000,0,0
054535,旺宏富邦97購02  ,0,0,0,0,0,0,0,0,0,0,0,0,0,10000,10000,0,0
054175,高鐵台新97購01  ,0,0,0,0,0,0,0,0,0,0,0,0,0,72000,72000,0,0
053848,聯發科元富96購03,0,0,0,0,0,0,0,0,0,0,0,0,0,30000,30000,0,0
053815,聯發科群益96購01,0,0,0,0,0,0,0,0,0,0,0,0,0,40000,40000,0,0
053990,晶技兆豐96購01  ,0,0,0,0,0,0,0,0,0,0,0,0,0,2000,2000,0,0
05395P,旺宏元大96售06  ,0,0,0,0,0,0,0,0,0,0,0,0,0,100000,100000,0,0
054948,聯發科元大97購14,0,0,0,0,0,0,0,0,0,0,0,0,0,40000,40000,0,0
054935,華通元大98購03  ,0,0,0,0,0,0,0,0,0,0,0,0,0,50000,50000,0,0
054069,亞光國泰98購01  ,0,0,0,0,0,0,0,0,0,0,0,0,0,80000,80000,0,0
054053,聯茂元大96購01  ,0,0,0,0,0,0,0,0,0,0,0,0,0,6000,6000,0,0
054143,茂林元大96購04  ,0,0,0,0,0,0,0,0,0,0,0,0,0,38000,38000,0,0
054098,嘉晶國票97購04  ,0,0,0,0,0,0,0,0,0,0,0,0,0,1000,1000,0,0
054121,奇鋐永豐96購02  ,0,0,0,0,0,0,0,0,0,0,0,0,0,40000,40000,0,0
054890,聯鈞統一99購01  ,0,0,0,0,0,0,0,0,0,0,0,0,0,100000,100000,0,0
053339,友達國票97購02  ,0,230000,-230000,0,0,0,0,0,0,230000,0,0,0,230000,0,230000,0
056681,鴻海統一98購09  ,0,0,0,0,0,0,0,0,0,0,0,0,0,1000,1000,0,0
056693,國產群益98購01  ,0,0,0,0,0,0,0,0,0,0,0,0,0,98000,98000,0,0
057639,國巨元大99購07  ,0,0,0,0,0,0,0,0,0,0,0,0,0,14000,14000,0,0
056636,台積電日盛9A購01,0,0,0,0,0,0,0,0,0,0,0,0,0,130000,130000,0,0
054579,聯茂元大97購01  ,0,0,0,0,0,0,0,0,0,0,0,0,0,3000,3000,0,0
054631,台郡凱基98購02  ,0,0,0,0,0,0,0,0,0,0,0,0,0,20000,20000,0,0
054632,緯穎凱基9A購01  ,0,0,0,0,0,0,0,0,0,0,0,0,0,30000,30000,0,0
054673,京鼎國泰98購01  ,0,0,0,0,0,0,0,0,0,0,0,0,0,286000,286000,0,0
054610,聯發科永豐97購01,0,0,0,0,0,0,0,0,0,0,0,0,0,30000,30000,0,0
054716,緯穎康和97購01  ,0,0,0,0,0,0,0,0,0,0,0,0,0,18000,18000,0,0
054707,聯茂亞東97購01  ,0,0,0,0,0,0,0,0,0,0,0,0,0,100000,100000,0,0
054653,聯發科麥證97購02,0,0,0,0,10000,-10000,0,0,0,0,0,0,0,10000,10000,0,0
059590,台積電元大99購39,0,0,0,0,0,0,0,0,0,0,0,0,0,1000,1000,0,0
061149,華通群益9A購05  ,0,0,0,0,0,0,0,0,0,0,0,0,0,9000,9000,0,0
058573,鴻海群益9A購02  ,0,0,0,0,0,0,0,0,0,0,0,0,0,4000,4000,0,0
058575,智邦群益99購01  ,0,0,0,0,0,0,0,0,0,0,0,0,0,4000,4000,0,0
058602,台積電元大99購11,0,0,0,0,0,0,0,0,0,0,0,0,0,4000,4000,0,0
058619,台灣50國票99購04,0,0,0,0,0,0,0,0,0,0,0,0,0,30000,30000,0,0
058519,嘉澤元大99購01  ,0,0,0,0,0,0,0,0,0,0,0,0,0,14000,14000,0,0
058505,台積電元大99購08,0,0,0,0,0,0,0,0,0,0,0,0,0,4000,4000,0,0
058571,緯穎凱基9A購02  ,0,0,0,0,0,0,0,0,0,0,0,0,0,10000,10000,0,0
061072,南電凱基9B購01  ,0,0,0,0,0,0,0,0,0,0,0,0,0,6000,6000,0,0
061078,台積電兆豐9A購01,0,0,0,0,0,0,0,0,0,0,0,0,0,10000,10000,0,0
061034,晶豪科永豐9A購01,0,0,0,0,0,0,0,0,0,0,0,0,0,55000,55000,0,0
061112,台表科元大9A購03,0,0,0,0,0,0,0,0,0,0,0,0,0,22000,22000,0,0
061089,台積電統一9C購04,0,0,0,0,0,0,0,0,0,0,0,0,0,1000,1000,0,0
057488,聯發科元大99購02,0,0,0,0,0,0,0,0,0,0,0,0,0,1000,1000,0,0
057363,華通元大99購02  ,0,0,0,0,0,0,0,0,0,0,0,0,0,1000,1000,0,0
057194,南電元大98購01  ,0,0,0,0,0,0,0,0,0,0,0,0,0,1000,1000,0,0
057023,美律凱基99購02  ,0,0,0,0,0,0,0,0,0,0,0,0,0,30000,30000,0,0
057045,美律元大99購04  ,0,0,0,0,0,0,0,0,0,0,0,0,0,68000,68000,0,0
056487,康友元大98購01  ,0,0,0,0,0,0,0,0,0,0,0,0,0,400000,400000,0,0
056079,世紀鋼元大97購02,0,0,0,0,0,0,0,0,0,0,0,0,0,1000,1000,0,0
056530,旺宏凱基98購06  ,0,0,0,0,0,0,0,0,0,0,0,0,0,50000,50000,0,0
055966,茂林元大99購01  ,0,0,0,0,0,0,0,0,0,0,0,0,0,161000,161000,0,0
05601P,鴻海元大97售04  ,0,0,0,0,0,0,0,0,0,0,0,0,0,150000,150000,0,0
056449,義隆凱基98購03  ,0,0,0,0,0,0,0,0,0,0,0,0,0,4000,4000,0,0
056435,台積電凱基98購09,0,0,0,0,0,0,0,0,0,0,0,0,0,10000,10000,0,0
056438,旺宏凱基98購05  ,0,0,0,0,0,0,0,0,0,0,0,0,0,50000,50000,0,0
056326,TPK兆豐98購01   ,0,0,0,0,0,0,0,0,0,0,0,0,0,10000,10000,0,0
056334,台積電凱基98購06,0,0,0,0,0,0,0,0,0,0,0,0,0,4000,4000,0,0
056309,合勤控元大97購01,0,0,0,0,0,0,0,0,0,0,0,0,0,68000,68000,0,0
056314,力成元大97購01  ,0,0,0,0,0,0,0,0,0,0,0,0,0,1000,1000,0,0
056331,聯鈞國票99購01  ,0,0,0,0,0,0,0,0,0,0,0,0,0,10000,10000,0,0
056323,旺宏兆豐98購01  ,0,0,0,0,0,0,0,0,0,0,0,0,0,40000,40000,0,0
056382,道瓊反國泰9A購01,0,0,0,0,0,0,0,0,0,0,0,0,0,10000,10000,0,0
056412,上証2X中信9A購02,0,0,0,0,0,0,0,0,0,0,0,0,0,10000,10000,0,0
056279,新日興富邦99購01,0,0,0,0,0,0,0,0,0,0,0,0,0,91000,91000,0,0
056263,友訊統一99購01  ,0,0,0,0,0,0,0,0,0,0,0,0,0,5000,5000,0,0
055853,群創元大98購03  ,0,0,0,0,0,0,0,0,0,0,0,0,0,3000,3000,0,0
055830,上銀元大97購07  ,0,0,0,0,0,0,0,0,0,0,0,0,0,5000,5000,0,0
056098,矽創元富97購02  ,0,0,0,0,0,0,0,0,0,0,0,0,0,200000,200000,0,0
056133,可成元大97購05  ,0,0,0,0,0,0,0,0,0,0,0,0,0,68000,68000,0,0
055776,宏達電凱基98購02,0,0,0,0,0,0,0,0,0,0,0,0,0,40000,40000,0,0
055774,台光電凱基97購02,0,0,0,0,0,0,0,0,0,0,0,0,0,10000,10000,0,0
055755,禾伸堂兆豐97購02,0,0,0,0,0,0,0,0,0,0,0,0,0,94000,94000,0,0
055572,鴻海統一98購04  ,0,0,0,0,0,0,0,0,0,0,0,0,0,2000,2000,0,0
055496,高鐵元大97購02  ,0,0,0,0,0,0,0,0,0,0,0,0,0,10000,10000,0,0
056776,聯茂元大99購01  ,0,0,0,0,0,0,0,0,0,0,0,0,0,2000,2000,0,0
055726,台表科元大98購03,0,0,0,0,0,0,0,0,0,0,0,0,0,28000,28000,0,0
055673,旺宏日盛97購01  ,0,0,0,0,0,0,0,0,0,0,0,0,0,170000,170000,0,0
056856,華通群益9A購01  ,0,0,0,0,0,0,0,0,0,0,0,0,0,1000,1000,0,0
058826,台積電永豐99購02,0,0,0,0,0,0,0,0,0,0,0,0,0,1000,1000,0,0
058815,華新科台新99購03,0,0,0,0,0,0,0,0,0,0,0,0,0,200000,200000,0,0
05880P,創意康和96售01  ,0,0,0,0,0,0,0,0,0,0,0,0,0,20000,20000,0,0
058474,鴻海凱基9A購06  ,0,0,0,0,0,0,0,0,0,0,0,0,0,11000,11000,0,0
058658,瑞儀中信99購01  ,0,0,0,0,0,0,0,0,0,0,0,0,0,20000,20000,0,0
057790,台積電統一99購04,0,0,0,0,0,0,0,0,0,0,0,0,0,3000,3000,0,0
060526,台積電中信9A購02,0,0,0,0,0,0,0,0,0,0,0,0,0,1000,1000,0,0
060527,台積電中信9C購04,0,0,0,0,0,0,0,0,0,0,0,0,0,1000,1000,0,0
059626,台積電凱基01購01,0,0,0,0,0,0,0,0,0,0,0,0,0,1000,1000,0,0
060545,台積電凱基9B購02,0,0,0,0,0,0,0,0,0,0,0,0,0,11000,11000,0,0
060600,台積電凱基9C購01,0,0,0,0,0,0,0,0,0,0,0,0,0,3000,3000,0,0
059723,美律元大9A購02  ,0,0,0,0,0,0,0,0,0,0,0,0,0,33000,33000,0,0
060655,國巨統一9B購06  ,0,0,0,0,0,0,0,0,0,0,0,0,0,2000,2000,0,0
060656,國巨統一9C購03  ,0,0,0,0,0,0,0,0,0,0,0,0,0,40000,40000,0,0
060623,玉晶光元大9C購01,0,0,0,0,0,0,0,0,0,0,0,0,0,4000,4000,0,0
059716,鴻海元大99購35  ,0,0,0,0,0,0,0,0,0,0,0,0,0,3000,3000,0,0
059717,國巨元大99購21  ,0,0,0,0,0,0,0,0,0,0,0,0,0,1000,1000,0,0
059719,台積電元大99購42,0,0,0,0,0,0,0,0,0,0,0,0,0,40000,40000,0,0
059669,台灣50元富9B購05,0,0,0,0,0,0,0,0,0,0,0,0,0,40000,40000,0,0
060218,台積電凱基9A購15,0,0,0,0,0,0,0,0,0,0,0,0,0,1000,1000,0,0
060279,SP黃豆元大9A購01,0,0,0,0,0,0,0,0,0,0,0,0,0,50000,50000,0,0
060158,廣達永豐9A購01  ,0,0,0,0,0,0,0,0,0,0,0,0,0,5000,5000,0,0
060804,T50反1群益9A購02,0,0,0,0,0,0,0,0,0,0,0,0,0,200000,200000,0,0
059893,台積電台新9A購02,0,0,0,0,0,0,0,0,0,0,0,0,0,1000,1000,0,0
059913,台積電元大99購44,0,0,0,0,0,0,0,0,0,0,0,0,0,11000,11000,0,0
059935,國巨永豐99購07  ,0,0,0,0,0,0,0,0,0,0,0,0,0,42000,42000,0,0
060743,鴻海國票9A購03  ,0,0,0,0,0,0,0,0,0,0,0,0,0,1000,1000,0,0
059299,欣興元富99購03  ,0,0,0,0,0,0,0,0,0,0,0,0,0,3000,3000,0,0
059301,華新科群益99購04,0,0,0,0,0,0,0,0,0,0,0,0,0,2000,2000,0,0
059315,鴻海元大99購30  ,0,0,0,0,0,0,0,0,0,0,0,0,0,32000,32000,0,0
059317,台積電元大99購34,0,0,0,0,0,0,0,0,0,0,0,0,0,56000,56000,0,0
059257,臺股指凱基99購35,0,0,0,0,0,0,0,0,0,0,0,0,0,1000,1000,0,0
059252,聯詠凱基99購03  ,0,0,0,0,0,0,0,0,0,0,0,0,0,30000,30000,0,0
059366,台積電台新99購04,0,0,0,0,0,0,0,0,0,0,0,0,0,1000,1000,0,0
059429,台積電元大99購35,0,0,0,0,0,0,0,0,0,0,0,0,0,3000,3000,0,0
059438,群創元大99購06  ,0,0,0,0,0,0,0,0,0,0,0,0,0,10000,10000,0,0
059440,康控元大9B購01  ,0,0,0,0,0,0,0,0,0,0,0,0,0,44000,44000,0,0
059121,瑞儀永豐99購01  ,0,0,0,0,0,0,0,0,0,0,0,0,0,17000,17000,0,0
059174,訊芯凱基99購01  ,0,0,0,0,0,0,0,0,0,0,0,0,0,26000,26000,0,0
059217,台積電元大99購30,0,0,0,0,0,0,0,0,0,0,0,0,0,6000,6000,0,0
059211,鴻海元大99購27  ,0,0,0,0,0,0,0,0,0,0,0,0,0,8000,8000,0,0
059212,鴻海元大99購28  ,0,0,0,0,0,0,0,0,0,0,0,0,0,29000,29000,0,0
059062,群創凱基99購05  ,0,0,0,0,0,0,0,0,0,0,0,0,0,5000,5000,0,0
059085,鴻海元大99購25  ,0,0,0,0,0,0,0,0,0,0,0,0,0,2000,2000,0,0
059087,台積電元大99購26,0,0,0,0,0,0,0,0,0,0,0,0,0,7000,7000,0,0
059088,台積電元大99購27,0,0,0,0,0,0,0,0,0,0,0,0,0,6000,6000,0,0
059958,鎧勝康和99購01  ,0,0,0,0,0,0,0,0,0,0,0,0,0,20000,20000,0,0
059980,台積電元大99購50,0,0,0,0,0,0,0,0,0,0,0,0,0,1000,1000,0,0
058980,鴻海凱基99購06  ,0,0,0,0,0,0,0,0,0,0,0,0,0,12000,12000,0,0
058981,國巨凱基99購10  ,0,0,0,0,0,0,0,0,0,0,0,0,0,44000,44000,0,0
060947,台積電統一9C購03,0,0,0,0,0,0,0,0,0,0,0,0,0,1000,1000,0,0
060939,鴻海國票9A購06  ,0,0,0,0,0,0,0,0,0,0,0,0,0,3000,3000,0,0
060905,台積電元大9A購20,0,0,0,0,0,0,0,0,0,0,0,0,0,2000,2000,0,0
059028,嘉聯益台新99購02,0,0,0,0,0,0,0,0,0,0,0,0,0,5000,5000,0,0
058044,鴻海元大99購07  ,0,0,0,0,0,0,0,0,0,0,0,0,0,1000,1000,0,0
058063,旺宏中信98購04  ,0,0,0,0,0,0,0,0,0,0,0,0,0,20000,20000,0,0
060083,和大元大99購02  ,0,0,0,0,0,0,0,0,0,0,0,0,0,1000,1000,0,0
060087,鴻海元大99購43  ,0,0,0,0,0,0,0,0,0,0,0,0,0,63000,63000,0,0
060108,泰鼎元大99購04  ,0,0,0,0,0,0,0,0,0,0,0,0,0,13000,13000,0,0
060055,宏達電凱基99購06,0,0,0,0,0,0,0,0,0,0,0,0,0,80000,80000,0,0
060343,台積電統一9C購02,0,0,0,0,0,0,0,0,0,0,0,0,0,1000,1000,0,0
060414,中興電永豐9A購01,0,0,0,0,0,0,0,0,0,0,0,0,0,60000,60000,0,0
060502,國巨元大9A購07  ,0,0,0,0,0,0,0,0,0,0,0,0,0,19000,19000,0,0
060464,台積電元大9A購11,0,0,0,0,0,0,0,0,0,0,0,0,0,4000,4000,0,0
060860,國巨永豐9A購02  ,0,0,0,0,0,0,0,0,0,0,0,0,0,40000,40000,0,0
060865,創意永豐9A購01  ,0,0,0,0,0,0,0,0,0,0,0,0,0,166000,166000,0,0
060818,上銀統一9C購01  ,0,0,0,0,0,0,0,0,0,0,0,0,0,5000,5000,0,0
057975,台積電永豐98購05,0,0,0,0,0,0,0,0,0,0,0,0,0,1000,1000,0,0
057980,聯詠永豐98購01  ,0,0,0,0,0,0,0,0,0,0,0,0,0,12000,12000,0,0
057981,臻鼎永豐98購01  ,0,0,0,0,0,0,0,0,0,0,0,0,0,18000,18000,0,0
057957,嘉晶元大98購01  ,0,0,0,0,0,0,0,0,0,0,0,0,0,1000,1000,0,0
057943,可成國票99購03  ,0,0,0,0,0,0,0,0,0,0,0,0,0,1000,1000,0,0
058946,SGBR2X群益9B購01,0,0,0,0,0,0,0,0,0,0,0,0,0,49000,49000,0,0
061363,儒鴻國票9B購01  ,0,0,0,0,0,0,0,0,0,0,0,0,0,1000,1000,0,0
061340,義隆元大9A購01  ,0,0,0,0,0,0,0,0,0,0,0,0,0,5000,5000,0,0
061295,台積電國泰9B購02,0,0,0,0,0,0,0,0,0,0,0,0,0,3000,3000,0,0
061296,台積電國泰9C購01,0,0,0,0,0,0,0,0,0,0,0,0,0,2000,2000,0,0
061782,智邦群益9B購01  ,0,0,0,0,0,0,0,0,0,0,0,0,0,10000,10000,0,0
061740,華新科凱基03購01,0,0,0,0,0,0,0,0,0,0,0,0,0,20000,20000,0,0
061499,嘉晶國票9A購03  ,0,0,0,0,0,0,0,0,0,0,0,0,0,1000,1000,0,0
061507,南電國票9A購05  ,0,0,0,0,0,0,0,0,0,0,0,0,0,1000,1000,0,0
061829,T50反1凱基9C購02,0,0,0,0,0,0,0,0,0,0,0,0,0,50000,50000,0,0
061175,台積電凱基9A購19,0,0,0,0,0,0,0,0,0,0,0,0,0,6000,6000,0,0
061206,旺宏元大9A購12  ,0,0,0,0,0,0,0,0,0,0,0,0,0,1000,1000,0,0
061428,南六元大9A購01  ,0,0,0,0,0,0,0,0,0,0,0,0,0,2000,2000,0,0
058230,國巨元大99購11  ,0,0,0,0,0,0,0,0,0,0,0,0,0,15000,15000,0,0
061400,可成兆豐9B購02  ,0,0,0,0,0,0,0,0,0,0,0,0,0,10000,10000,0,0
058106,神達統一98購02  ,0,0,0,0,0,0,0,0,0,0,0,0,0,30000,30000,0,0
061018,台積電國票9B購05,0,0,0,0,0,0,0,0,0,0,0,0,0,8000,8000,0,0
060980,台積電元大9A購21,0,0,0,0,0,0,0,0,0,0,0,0,0,4000,4000,0,0
062890,祥碩群益9B購04  ,0,0,0,0,0,0,0,0,0,0,0,0,0,30000,30000,0,0
062900,台積電元大9B購04,0,0,0,0,0,0,0,0,0,0,0,0,0,6000,6000,0,0
062998,泰碩國票01購01  ,0,0,0,0,0,0,0,0,0,0,0,0,0,36000,36000,0,0
062739,嘉晶國票9B購02  ,0,0,0,0,0,0,0,0,0,0,0,0,0,1000,1000,0,0
062813,台積電兆豐9B購01,0,0,0,0,0,0,0,0,0,0,0,0,0,75000,75000,0,0
062794,鴻海統一9C購15  ,0,0,0,0,0,0,0,0,0,0,0,0,0,1000,1000,0,0
062418,台積電統一01購06,0,0,0,0,0,0,0,0,0,0,0,0,0,1000,1000,0,0
062419,台積電統一9B購15,0,0,0,0,0,0,0,0,0,0,0,0,0,3000,3000,0,0
062420,台積電統一9C購08,0,0,0,0,0,0,0,0,0,0,0,0,0,3000,3000,0,0
062378,台表科元大9C購01,0,0,0,0,0,0,0,0,0,0,0,0,0,45000,45000,0,0
062371,健策元大9B購08  ,0,0,0,0,0,0,0,0,0,0,0,0,0,38000,38000,0,0
062553,台積電凱基9B購07,0,0,0,0,0,0,0,0,0,0,0,0,0,8000,8000,0,0
062567,祥碩中信9C購01  ,0,0,0,0,0,0,0,0,0,0,0,0,0,20000,20000,0,0
062618,祥碩元大9B購04  ,0,0,0,0,0,0,0,0,0,0,0,0,0,9000,9000,0,0
062619,台表科元大9B購03,0,0,0,0,0,0,0,0,0,0,0,0,0,26000,26000,0,0
061476,大毅元大9A購02  ,0,0,0,0,0,0,0,0,0,0,0,0,0,20000,20000,0,0
061953,台積電台新9B購04,0,0,0,0,0,0,0,0,0,0,0,0,0,1000,1000,0,0
061959,鴻海統一9B購04  ,0,0,0,0,0,0,0,0,0,0,0,0,0,64000,64000,0,0
061873,友達元大9C購07  ,0,0,0,0,0,0,0,0,0,0,0,0,0,50000,50000,0,0
061860,臺股指國票9B購04,0,0,0,0,0,0,0,0,0,0,0,0,0,6000,6000,0,0
061894,台積電永豐9B購01,0,0,0,0,0,0,0,0,0,0,0,0,0,1000,1000,0,0
061902,百和永豐9B購01  ,0,0,0,0,0,0,0,0,0,0,0,0,0,190000,190000,0,0
061946,鴻海群益9B購03  ,0,0,0,0,0,0,0,0,0,0,0,0,0,3000,3000,0,0
061849,國巨國票9B購08  ,0,0,0,0,0,0,0,0,0,0,0,0,0,5000,5000,0,0
061589,世紀鋼富邦9B購01,0,0,0,0,0,0,0,0,0,0,0,0,0,29000,29000,0,0
06156P,大立光統一97售05,0,0,0,0,0,0,0,0,0,0,0,0,0,10000,10000,0,0
061566,華通元大9A購10  ,0,0,0,0,0,0,0,0,0,0,0,0,0,14000,14000,0,0
062250,台積電元大9B購02,0,0,0,0,0,0,0,0,0,0,0,0,0,4000,4000,0,0
062071,華通元大9B購02  ,0,0,0,0,0,0,0,0,0,0,0,0,0,1000,1000,0,0
062145,億光國票9B購01  ,0,0,0,0,0,0,0,0,0,0,0,0,0,35000,35000,0,0
062143,大成鋼國票9B購01,0,0,0,0,0,0,0,0,0,0,0,0,0,100000,100000,0,0
062123,台積電統一9B購13,0,0,0,0,0,0,0,0,0,0,0,0,0,1000,1000,0,0
062202,國巨國票9C購04  ,0,0,0,0,0,0,0,0,0,0,0,0,0,5000,5000,0,0
063588,華新科永豐9B購02,0,0,0,0,0,0,0,0,0,0,0,0,0,7000,7000,0,0
063545,華通兆豐9B購03  ,0,0,0,0,0,0,0,0,0,0,0,0,0,21000,21000,0,0
063393,華通群益9C購05  ,0,0,0,0,0,0,0,0,0,0,0,0,0,9000,9000,0,0
063464,廣達元大9B購02  ,0,0,0,0,0,0,0,0,0,0,0,0,0,7000,7000,0,0
063416,台積電凱基9B購10,0,0,0,0,0,0,0,0,0,0,0,0,0,12000,12000,0,0
063430,台積電台新9B購07,0,0,0,0,0,0,0,0,0,0,0,0,0,1000,1000,0,0
06327P,台積電中信01售01,0,0,0,0,0,0,0,0,0,0,0,0,0,30000,30000,0,0
063274,鈺齊兆豐9B購01  ,0,0,0,0,0,0,0,0,0,0,0,0,0,60000,60000,0,0
063180,台塑凱基9B購01  ,0,0,0,0,0,0,0,0,0,0,0,0,0,50000,50000,0,0
063191,台表科凱基9B購03,0,0,0,0,0,0,0,0,0,0,0,0,0,10000,10000,0,0
063212,聯發科國票9C購02,0,0,0,0,0,0,0,0,0,0,0,0,0,8000,8000,0,0
063235,台積電元大9B購06,0,0,0,0,0,0,0,0,0,0,0,0,0,2000,2000,0,0
063052,國巨統一9C購10  ,0,0,0,0,0,0,0,0,0,0,0,0,0,2000,2000,0,0
063033,台積電凱基9B購09,0,0,0,0,0,0,0,0,0,0,0,0,0,8000,8000,0,0
063039,大立光凱基9C購02,0,0,0,0,0,0,0,0,0,0,0,0,0,62000,62000,0,0
063122,聯發科元大9B購15,0,0,0,0,0,0,0,0,0,0,0,0,0,14000,14000,0,0
063105,健策群益9C購01  ,0,0,0,0,0,0,0,0,0,0,0,0,0,3000,3000,0,0
063710,光寶科凱基9C購01,0,0,0,0,0,0,0,0,0,0,0,0,0,33000,33000,0,0
063757,鴻海統一9C購16  ,0,0,0,0,0,0,0,0,0,0,0,0,0,1000,1000,0,0
063726,鴻海元大9B購04  ,0,0,0,0,0,0,0,0,0,0,0,0,0,2000,2000,0,0
063911,大立光凱基9C購03,0,0,0,0,0,0,0,0,0,0,0,0,0,12000,12000,0,0
063840,鴻海元大01購01  ,0,0,0,0,0,0,0,0,0,0,0,0,0,2000,2000,0,0
064231,鴻海統一01購03  ,0,0,0,0,0,0,0,0,0,0,0,0,0,20000,20000,0,0
064232,鴻海統一01購04  ,0,0,0,0,0,0,0,0,0,0,0,0,0,28000,28000,0,0
06395P,台積電元大97售29,0,0,0,0,0,0,0,0,0,0,0,0,0,10000,10000,0,0
064071,台郡永豐9C購01  ,0,0,0,0,0,0,0,0,0,0,0,0,0,68000,68000,0,0
8488,吉源-KY         ,1000,1000,0,0,0,0,0,0,0,0,0,0,0,0,0,0,0
8467,波力-KY         ,1000,1000,0,0,0,0,0,0,0,0,0,0,0,0,0,0,0
6666,羅麗芬-KY       ,2000,2000,0,0,0,0,0,0,0,0,0,0,0,0,0,0,0
6189,豐藝            ,54000,26000,28000,0,0,0,0,0,0,-28000,6000,34000,-28000,0,0,0,0
4763,材料-KY         ,12000,12000,0,0,0,0,0,0,0,0,0,0,0,0,0,0,0
4190,佐登-KY         ,30000,28000,2000,0,0,0,0,0,0,-2000,0,0,0,0,2000,-2000,0
064776,金像電群益01購01,0,0,0,0,0,0,0,0,0,-1000,0,0,0,0,1000,-1000,-1000
064650,台表科凱基03購01,0,0,0,0,0,0,0,0,0,-1000,0,0,0,27000,28000,-1000,-1000
064608,滬深2X元大9C購11,0,0,0,0,0,0,0,0,0,-1000,0,0,0,0,1000,-1000,-1000
064502,大立光元大9C購19,0,0,0,0,0,0,0,0,0,-1000,0,0,0,0,1000,-1000,-1000
07166P,台灣50兆豐03售01,0,0,0,0,0,0,0,0,0,-1000,0,0,0,0,1000,-1000,-1000
07288P,台灣50凱基99售06,0,0,0,0,0,0,0,0,0,-1000,0,0,0,0,1000,-1000,-1000
07065P,臺股指元大9A售26,0,0,0,0,0,0,0,0,0,-1000,0,0,0,0,1000,-1000,-1000
07423P,大立光元大99售33,0,0,0,0,0,0,0,0,0,-1000,0,0,0,0,1000,-1000,-1000
07504P,聯詠元大9A售02  ,0,0,0,0,0,0,0,0,0,-1000,0,0,0,0,1000,-1000,-1000
07539P,玉山金台新9A售01,0,0,0,0,0,0,0,0,0,-1000,0,0,0,0,1000,-1000,-1000
06559P,玉晶光元富98售02,0,0,0,0,0,0,0,0,0,-1000,0,0,0,0,1000,-1000,-1000
06650P,聯發科元大98售09,0,0,0,0,0,0,0,0,0,-1000,0,0,0,0,1000,-1000,-1000
06961P,台積電凱基99售05,0,0,0,0,0,0,0,0,0,-1000,0,0,0,0,1000,-1000,-1000
06919P,臺股指日盛98售02,0,0,0,0,0,0,0,0,0,-1000,0,0,0,19000,20000,-1000,-1000
07016P,聯發科元大99售10,0,0,0,0,0,0,0,0,0,-1000,0,0,0,0,1000,-1000,-1000
06798P,臺股指凱基98售08,0,0,0,0,0,0,0,0,0,-1000,0,0,0,0,1000,-1000,-1000
08114P,國巨凱基9B售11  ,0,0,0,0,0,0,0,0,0,-1000,0,0,0,0,1000,-1000,-1000
08144P,臺股指凱基02售03,0,0,0,0,0,0,0,0,0,-1000,0,0,0,30000,31000,-1000,-1000
08305P,茂林群益9C售01  ,0,0,0,0,0,0,0,0,0,-1000,0,0,0,27000,28000,-1000,-1000
08284P,鴻海凱基01售03  ,0,0,0,0,0,0,0,0,0,-1000,0,0,0,20000,21000,-1000,-1000
07775P,國巨群益9A售10  ,0,0,0,0,0,0,0,0,0,-1000,0,0,0,0,1000,-1000,-1000
07865P,可成元大9B售02  ,0,0,0,0,0,0,0,0,0,-1000,0,0,0,19000,20000,-1000,-1000
2033,佳大            ,2000,3000,-1000,0,0,0,0,0,0,0,0,0,0,0,0,0,-1000
2882B,國泰金乙特      ,0,0,0,0,0,0,0,0,0,-1000,3000,0,3000,0,4000,-4000,-1000
2491,吉祥全          ,3000,4000,-1000,0,0,0,0,0,0,0,0,0,0,0,0,0,-1000
055645,技嘉元富97購01  ,0,0,0,0,0,0,0,0,0,-1000,0,0,0,1000,2000,-1000,-1000
055661,亞德客中信98購01,0,0,0,0,0,0,0,0,0,-1000,0,0,0,9000,10000,-1000,-1000
056777,矽力元大98購02  ,0,0,0,0,0,0,0,0,0,-1000,0,0,0,0,1000,-1000,-1000
05678P,群創群益97售01  ,0,0,0,0,0,0,0,0,0,-1000,0,0,0,0,1000,-1000,-1000
055457,聚陽永豐97購01  ,0,0,0,0,0,0,0,0,0,-1000,0,0,0,0,1000,-1000,-1000
056943,華通統一99購01  ,0,0,0,0,0,0,0,0,0,-1000,0,0,0,33000,34000,-1000,-1000
056142,超眾元大97購06  ,0,0,0,0,0,0,0,0,0,-1000,0,0,0,0,1000,-1000,-1000
055803,鎧勝永豐97購01  ,0,0,0,0,0,0,0,0,0,-1000,0,0,0,280000,281000,-1000,-1000
056204,嘉澤永豐97購01  ,0,0,0,0,0,0,0,0,0,-1000,0,0,0,0,1000,-1000,-1000
056021,興富發群益97購01,0,0,0,0,0,0,0,0,0,-1000,0,0,0,49000,50000,-1000,-1000
055996,矽力國泰99購01  ,0,0,0,0,0,0,0,0,0,-1000,0,0,0,1000,2000,-1000,-1000
055976,台積電統一99購03,0,0,0,0,0,0,0,0,0,-1000,0,0,0,0,1000,-1000,-1000
057069,台積電永豐98購02,0,0,0,0,0,0,0,0,0,-1000,0,0,0,0,1000,-1000,-1000
057280,大立光元大98購15,0,0,0,0,0,0,0,0,0,-1000,0,0,0,0,1000,-1000,-1000
057295,可成永豐98購02  ,0,0,0,0,0,0,0,0,0,-1000,0,0,0,0,1000,-1000,-1000
057473,T50反1元大98購08,0,0,0,0,0,0,0,0,0,-1000,0,0,0,0,1000,-1000,-1000
057527,億光元大98購01  ,0,0,0,0,0,0,0,0,0,-1000,0,0,0,40000,41000,-1000,-1000
06114P,台積電統一97售03,0,0,0,0,0,0,0,0,0,-1000,0,0,0,0,1000,-1000,-1000
059566,台積電凱基9A購11,0,0,0,0,0,0,0,0,0,-1000,0,0,0,0,1000,-1000,-1000
057640,台積電元大98購16,0,0,0,0,0,0,0,0,0,-1000,0,0,0,4000,5000,-1000,-1000
057585,鴻海國票99購05  ,0,0,0,0,0,0,0,0,0,-1000,0,0,0,0,1000,-1000,-1000
055021,亞德客國泰98購01,0,0,0,0,0,0,0,0,0,-1000,0,0,0,0,1000,-1000,-1000
055398,超眾統一97購03  ,0,0,0,0,0,0,0,0,0,-1000,0,0,0,0,1000,-1000,-1000
053137,旺宏富邦98購01  ,0,0,0,0,0,0,0,0,0,-1000,0,0,0,0,1000,-1000,-1000
047969,台達電富邦97購01,0,0,0,0,0,0,0,0,0,-1000,0,0,0,0,1000,-1000,-1000
051597,T50反1中信99購02,0,0,0,0,0,0,0,0,0,-1000,0,0,0,0,1000,-1000,-1000
055104,台達電凱基98購01,0,0,0,0,0,0,0,0,0,-1000,0,0,0,10000,11000,-1000,-1000
055133,致新康和97購01  ,0,0,0,0,0,0,0,0,0,-1000,0,0,0,1000,2000,-1000,-1000
055117,臻鼎凱基98購02  ,0,0,0,0,0,0,0,0,0,-1000,0,0,0,0,1000,-1000,-1000
055164,矽創元大98購01  ,0,0,0,0,0,0,0,0,0,-1000,0,0,0,0,1000,-1000,-1000
051576,台積電元大97購02,0,0,0,0,0,0,0,0,0,-1000,0,0,0,0,1000,-1000,-1000
051082,上証2X元大98購01,0,0,0,0,0,0,0,0,0,-1000,0,0,0,0,1000,-1000,-1000
05174P,元金2X富邦9B售01,0,0,0,0,0,0,0,0,0,-1000,0,0,0,0,1000,-1000,-1000
00689R,國泰20年美債反1 ,0,23000,-23000,0,0,0,0,0,0,22000,0,0,0,122000,100000,22000,-1000
03022X,富展01          ,0,0,0,0,0,0,0,0,0,-1000,0,0,0,0,1000,-1000,-1000
006204,永豐臺灣加權    ,0,0,0,0,0,0,0,0,0,-1000,0,0,0,21000,22000,-1000,-1000
05241P,鴻海國泰97售04  ,0,0,0,0,0,0,0,0,0,-1000,0,0,0,2000,3000,-1000,-1000
052587,景碩永豐97購01  ,0,0,0,0,0,0,0,0,0,-1000,0,0,0,0,1000,-1000,-1000
052734,台表科國泰98購02,0,0,0,0,0,0,0,0,0,-1000,0,0,0,0,1000,-1000,-1000
03421B,臺股指元大99熊01,0,0,0,0,0,0,0,0,0,-1000,0,0,0,0,1000,-1000,-1000
058217,新唐群益99購01  ,0,0,0,0,0,0,0,0,0,-1000,0,0,0,0,1000,-1000,-1000
058151,台積電統一9A購04,0,0,0,0,0,0,0,0,0,-1000,0,0,0,0,1000,-1000,-1000
058320,華新科永豐99購02,0,0,0,0,0,0,0,0,0,-1000,0,0,0,10000,11000,-1000,-1000
061207,美律元大9A購04  ,0,0,0,0,0,0,0,0,0,-1000,0,0,0,1000,2000,-1000,-1000
061533,友達統一9C購02  ,0,0,0,0,0,0,0,0,0,-1000,0,0,0,35000,36000,-1000,-1000
061810,S&P反1群益9B購02,0,0,0,0,0,0,0,0,0,-1000,0,0,0,0,1000,-1000,-1000
061313,滬深2X凱基9B購05,0,0,0,0,0,0,0,0,0,-1000,0,0,0,0,1000,-1000,-1000
061255,道瓊反凱基9C購01,0,0,0,0,0,0,0,0,0,-1000,0,0,0,0,1000,-1000,-1000
058914,元油2X元富01購02,0,0,0,0,0,0,0,0,0,-1000,0,0,0,0,1000,-1000,-1000
057934,華新科群益98購07,0,0,0,0,0,0,0,0,0,-1000,0,0,0,3000,4000,-1000,-1000
057949,南電國票99購01  ,0,0,0,0,0,0,0,0,0,-1000,0,0,0,2000,3000,-1000,-1000
057976,旺宏永豐98購03  ,0,0,0,0,0,0,0,0,0,-1000,0,0,0,0,1000,-1000,-1000
057915,台泥凱基98購01  ,0,0,0,0,0,0,0,0,0,-1000,0,0,0,10000,11000,-1000,-1000
060877,華邦電中信02購01,0,0,0,0,0,0,0,0,0,-1000,0,0,0,15000,16000,-1000,-1000
060344,聯發科統一01購01,0,0,0,0,0,0,0,0,0,-1000,0,0,0,0,1000,-1000,-1000
060314,元翎永豐9A購01  ,0,0,0,0,0,0,0,0,0,-1000,0,0,0,0,1000,-1000,-1000
060326,群光群益9A購01  ,0,0,0,0,0,0,0,0,0,-1000,0,0,0,11000,12000,-1000,-1000
060308,劍麟永豐9A購01  ,0,0,0,0,0,0,0,0,0,-1000,0,0,0,282000,283000,-1000,-1000
060033,臻鼎永豐99購01  ,0,0,0,0,0,0,0,0,0,-1000,0,0,0,10000,11000,-1000,-1000
059044,聯電日盛99購02  ,0,0,0,0,0,0,0,0,0,-1000,0,0,0,0,1000,-1000,-1000
060073,台積電元富99購03,0,0,0,0,0,0,0,0,0,-1000,0,0,0,0,1000,-1000,-1000
058067,台積電第一9C購01,0,0,0,0,0,0,0,0,0,-1000,0,0,0,0,1000,-1000,-1000
059019,元石油統一9B購03,0,0,0,0,0,0,0,0,0,-1000,0,0,0,0,1000,-1000,-1000
05901P,臺股指凱基9C售01,0,0,0,0,0,0,0,0,0,-1000,0,0,0,0,1000,-1000,-1000
058960,臺股指國票99購05,0,0,0,0,0,0,0,0,0,-1000,0,0,0,0,1000,-1000,-1000
05884P,旺宏統一96售01  ,0,0,0,0,0,0,0,0,0,-1000,0,0,0,0,1000,-1000,-1000
059163,台積電凱基99購10,0,0,0,0,0,0,0,0,0,-1000,0,0,0,45000,46000,-1000,-1000
059142,道瓊指國票9B購02,0,0,0,0,0,0,0,0,0,-1000,0,0,0,0,1000,-1000,-1000
059147,矽創國票99購01  ,0,0,0,0,0,0,0,0,0,-1000,0,0,0,9000,10000,-1000,-1000
059477,FBVIX群益99購01 ,0,0,0,0,0,0,0,0,0,-1000,0,0,0,0,1000,-1000,-1000
059489,上証2X國票9A購01,0,0,0,0,0,0,0,0,0,-1000,0,0,0,4000,5000,-1000,-1000
059391,立積凱基9A購01  ,0,0,0,0,0,0,0,0,0,-1000,0,0,0,0,1000,-1000,-1000
059377,台積電群益99購09,0,0,0,0,0,0,0,0,0,-1000,0,0,0,0,1000,-1000,-1000
059250,大立光凱基99購06,0,0,0,0,0,0,0,0,0,-1000,0,0,0,0,1000,-1000,-1000
060754,華通元大9A購04  ,0,0,0,0,0,0,0,0,0,-1000,0,0,0,0,1000,-1000,-1000
060805,國巨群益9A購06  ,0,0,0,0,0,0,0,0,0,-1000,0,0,0,0,1000,-1000,-1000
060262,臺股指凱基9B購02,0,0,0,0,0,0,0,0,0,-1000,0,0,0,0,1000,-1000,-1000
059693,智原永豐99購01  ,0,0,0,0,0,0,0,0,0,-1000,0,0,0,31000,32000,-1000,-1000
060586,玉晶光元富9A購03,0,0,0,0,0,0,0,0,0,-1000,0,0,0,10000,11000,-1000,-1000
058670,鴻海群益9A購03  ,0,0,0,0,0,0,0,0,0,-1000,0,0,0,0,1000,-1000,-1000
060723,致新永豐9A購01  ,0,0,0,0,0,0,0,0,0,-1000,0,0,0,0,1000,-1000,-1000
059770,A50正2群益9C購01,0,0,0,0,0,0,0,0,0,-1000,0,0,0,0,1000,-1000,-1000
059824,大立光凱基99購13,0,0,0,0,0,0,0,0,0,-1000,0,0,0,0,1000,-1000,-1000
059812,上証2X凱基9A購04,0,0,0,0,0,0,0,0,0,-1000,0,0,0,0,1000,-1000,-1000
064242,TPK統一02購01   ,0,0,0,0,0,0,0,0,0,-1000,0,0,0,20000,21000,-1000,-1000
064126,聯發科元大9C購05,0,0,0,0,0,0,0,0,0,-1000,0,0,0,86000,87000,-1000,-1000
063906,T50反1凱基02購03,0,0,0,0,0,0,0,0,0,-1000,0,0,0,0,1000,-1000,-1000
063114,南電兆豐9B購01  ,0,0,0,0,0,0,0,0,0,-1000,0,0,0,0,1000,-1000,-1000
063023,華擎元大9B購02  ,0,0,0,0,0,0,0,0,0,-1000,0,0,0,51000,52000,-1000,-1000
063255,臺股指元大9B購42,0,0,0,0,0,0,0,0,0,-1000,0,0,0,0,1000,-1000,-1000
063189,臻鼎凱基9B購01  ,0,0,0,0,0,0,0,0,0,-1000,0,0,0,0,1000,-1000,-1000
06331P,南亞科群益97售04,0,0,0,0,0,0,0,0,0,-1000,0,0,0,0,1000,-1000,-1000
063412,寶成國票9C購01  ,0,0,0,0,0,0,0,0,0,-1000,0,0,0,37000,38000,-1000,-1000
063338,國巨統一9C購11  ,0,0,0,0,0,0,0,0,0,-1000,0,0,0,0,1000,-1000,-1000
062254,台光電元大9B購02,0,0,0,0,0,0,0,0,0,-1000,0,0,0,12000,13000,-1000,-1000
062300,T50反1中信03購02,0,0,0,0,0,0,0,0,0,-1000,0,0,0,0,1000,-1000,-1000
061580,華擎元大9A購06  ,0,0,0,0,0,0,0,0,0,-1000,0,0,0,0,1000,-1000,-1000
06184P,大立光元大97售06,0,0,0,0,0,0,0,0,0,-1000,0,0,0,0,1000,-1000,-1000
061852,大立光國票9B購02,0,0,0,0,0,0,0,0,0,-1000,0,0,0,7000,8000,-1000,-1000
061943,上銀群益9B購02  ,0,0,0,0,0,0,0,0,0,-1000,0,0,0,101000,102000,-1000,-1000
06147P,國巨元大97售05  ,0,0,0,0,0,0,0,0,0,-1000,0,0,0,0,1000,-1000,-1000
061964,台積電統一01購05,0,0,0,0,0,0,0,0,0,-1000,0,0,0,78000,79000,-1000,-1000
062038,鴻海凱基9B購05  ,0,0,0,0,0,0,0,0,0,-1000,0,0,0,35000,36000,-1000,-1000
062600,可成台新9B購01  ,0,0,0,0,0,0,0,0,0,-1000,0,0,0,0,1000,-1000,-1000
062643,緯穎國票9B購01  ,0,0,0,0,0,0,0,0,0,-1000,0,0,0,8000,9000,-1000,-1000
062673,台新金中信03購01,0,0,0,0,0,0,0,0,0,-1000,0,0,0,12000,13000,-1000,-1000
06248P,國巨統一97售07  ,0,0,0,0,0,0,0,0,0,-1000,0,0,0,0,1000,-1000,-1000
062452,A50正2群益01購04,0,0,0,0,0,0,0,0,0,-1000,0,0,0,0,1000,-1000,-1000
062459,聯詠群益9B購01  ,0,0,0,0,0,0,0,0,0,-1000,0,0,0,62000,63000,-1000,-1000
06277P,臺股指凱基97售09,0,0,0,0,0,0,0,0,0,-1000,0,0,0,1000,2000,-1000,-1000
062789,臺股指元大9B購32,0,0,0,0,0,0,0,0,0,-1000,0,0,0,0,1000,-1000,-1000
062749,元金2X中信9B購01,0,0,0,0,0,0,0,0,0,-1000,0,0,0,0,1000,-1000,-1000
062855,嘉澤永豐9B購02  ,0,0,0,0,0,0,0,0,0,-1000,0,0,0,2000,3000,-1000,-1000
4952,凌通            ,17000,19000,-2000,0,0,0,0,0,0,1000,1000,0,1000,0,0,0,-1000
6715,嘉基            ,54000,55000,-1000,0,0,0,0,0,0,0,0,0,0,0,0,0,-1000
6409,旭隼            ,78000,79000,-1000,0,0,0,0,0,0,0,1000,1000,0,0,0,0,-1000
8442,威宏-KY         ,0,0,0,0,0,0,0,0,0,-1000,0,1000,-1000,0,0,0,-1000
9931,欣高            ,0,1000,-1000,0,0,0,0,0,0,0,0,0,0,0,0,0,-1000
2701,萬企            ,10000,12000,-2000,0,0,0,0,0,0,0,0,0,0,0,0,0,-2000
1459,聯發            ,44000,46000,-2000,0,0,0,0,0,0,0,0,0,0,0,0,0,-2000
1410,南染            ,0,2000,-2000,0,0,0,0,0,0,0,0,0,0,0,0,0,-2000
07868P,健策元大9B售05  ,0,0,0,0,0,0,0,0,0,-2000,0,0,0,18000,20000,-2000,-2000
07843P,緯穎元大9A售05  ,0,0,0,0,0,0,0,0,0,-2000,0,0,0,100000,102000,-2000,-2000
08021P,臺股指凱基9B售07,0,0,0,0,0,0,0,0,0,-2000,0,0,0,0,2000,-2000,-2000
07757P,國巨國票9B售04  ,0,0,0,0,0,0,0,0,0,-2000,0,0,0,0,2000,-2000,-2000
08346P,大立光元大9C售15,0,0,0,0,0,0,0,0,0,-2000,0,0,0,3000,5000,-2000,-2000
08445P,臺股指麥證9C售03,0,0,0,0,2000,-2000,0,0,0,-2000,0,0,0,0,2000,-2000,-2000
08359P,緯創元大9C售02  ,0,0,0,0,0,0,0,0,0,-2000,0,0,0,0,2000,-2000,-2000
08069P,大立光國泰01售02,0,0,0,0,0,0,0,0,0,-2000,0,0,0,9000,11000,-2000,-2000
08162P,台灣50台新9C售06,0,0,0,0,0,0,0,0,0,-2000,0,0,0,0,2000,-2000,-2000
06783P,亞光元大98售03  ,0,0,0,0,0,0,0,0,0,-2000,0,0,0,23000,25000,-2000,-2000
06990P,康友元富99售03  ,0,0,0,0,0,0,0,0,0,-2000,0,0,0,0,2000,-2000,-2000
06616P,國巨元大98售15  ,0,0,0,0,0,0,0,0,0,-2000,0,0,0,0,2000,-2000,-2000
07370P,南亞科凱基99售08,0,0,0,0,0,0,0,0,0,-2000,0,0,0,0,2000,-2000,-2000
07058P,台積電凱基9A售07,0,0,0,0,0,0,0,0,0,-2000,0,0,0,3000,5000,-2000,-2000
07049P,聯發科中信99售03,0,0,0,0,0,0,0,0,0,-2000,0,0,0,0,2000,-2000,-2000
064710,元金2X統一03購01,0,0,0,0,0,0,0,0,0,-2000,0,0,0,0,2000,-2000,-2000
03425B,臺股指元大9A熊01,0,0,0,0,0,0,0,0,0,-2000,0,0,0,0,2000,-2000,-2000
03094X,大立光元大68展08,0,0,0,0,0,0,0,0,0,-2000,0,0,0,0,2000,-2000,-2000
03052X,元展49          ,0,0,0,0,0,0,0,0,0,-2000,0,0,0,0,2000,-2000,-2000
03675C,臺股指元大04牛02,0,0,0,0,0,0,0,0,0,-2000,0,0,0,0,2000,-2000,-2000
03686C,臺股指元大04牛05,0,0,0,0,0,0,0,0,0,-2000,0,0,0,0,2000,-2000,-2000
00657,國泰日經225     ,136000,1000,135000,0,0,0,0,0,0,-137000,0,0,0,258000,395000,-137000,-2000
03026X,元展23          ,0,0,0,0,0,0,0,0,0,-2000,0,0,0,0,2000,-2000,-2000
03017X,元展17          ,0,0,0,0,0,0,0,0,0,-2000,0,0,0,0,2000,-2000,-2000
00736,國泰新興市場    ,148000,106000,42000,0,0,0,0,0,0,-44000,0,0,0,186000,230000,-44000,-2000
051423,GIS國票97購01   ,0,0,0,0,0,0,0,0,0,-2000,0,0,0,0,2000,-2000,-2000
053168,晶技群益98購01  ,0,0,0,0,0,0,0,0,0,-2000,0,0,0,0,2000,-2000,-2000
053069,同欣電群益98購01,0,0,0,0,0,0,0,0,0,-2000,0,0,0,0,2000,-2000,-2000
053443,智邦凱基97購01  ,0,0,0,0,0,0,0,0,0,-2000,0,0,0,0,2000,-2000,-2000
053590,新光金元大9A購02,0,0,0,0,0,0,0,0,0,-2000,0,0,0,0,2000,-2000,-2000
053818,富邦金群益98購01,0,0,0,0,0,0,0,0,0,-2000,0,0,0,15000,17000,-2000,-2000
054297,台郡元大98購01  ,0,0,0,0,0,0,0,0,0,-2000,0,0,0,0,2000,-2000,-2000
056637,台光電日盛9A購01,0,0,0,0,0,0,0,0,0,-2000,0,0,0,18000,20000,-2000,-2000
056589,康控統一98購01  ,0,0,0,0,0,0,0,0,0,-2000,0,0,0,25000,27000,-2000,-2000
054882,台光電統一97購02,0,0,0,0,0,0,0,0,0,-2000,0,0,0,21000,23000,-2000,-2000
059617,A50正2群益01購02,0,0,0,0,0,0,0,0,0,-2000,0,0,0,0,2000,-2000,-2000
05953P,台積電國票98售02,0,0,0,0,0,0,0,0,0,-2000,0,0,0,10000,12000,-2000,-2000
058570,臻鼎凱基9A購01  ,0,0,0,0,0,0,0,0,0,-2000,0,0,0,5000,7000,-2000,-2000
057444,台泥元富98購01  ,0,0,0,0,0,0,0,0,0,-2000,0,0,0,96000,98000,-2000,-2000
056441,燿華凱基98購01  ,0,0,0,0,0,0,0,0,0,-2000,0,0,0,8000,10000,-2000,-2000
056429,華通凱基98購02  ,0,0,0,0,0,0,0,0,0,-2000,0,0,0,0,2000,-2000,-2000
056419,欣興元富98購02  ,0,0,0,0,0,0,0,0,0,-2000,0,0,0,34000,36000,-2000,-2000
056455,群創凱基9A購01  ,0,0,0,0,0,0,0,0,0,-2000,0,0,0,0,2000,-2000,-2000
056981,全新群益99購03  ,0,0,0,0,0,0,0,0,0,-2000,0,0,0,98000,100000,-2000,-2000
056226,聯發科凱基97購10,0,0,0,0,0,0,0,0,0,-2000,0,0,0,0,2000,-2000,-2000
055780,禾伸堂凱基99購01,0,0,0,0,0,0,0,0,0,-2000,0,0,0,0,2000,-2000,-2000
055479,GIS凱基97購04   ,0,0,0,0,0,0,0,0,0,-2000,0,0,0,0,2000,-2000,-2000
059782,A50正2元大9C購04,0,0,0,0,0,0,0,0,0,-2000,0,0,0,3000,5000,-2000,-2000
060719,瀚宇博永豐9A購01,0,0,0,0,0,0,0,0,0,-2000,0,0,0,0,2000,-2000,-2000
058812,台積電統一9B購06,0,0,0,0,0,0,0,0,0,-2000,0,0,0,1000,3000,-2000,-2000
058830,健策永豐99購02  ,0,0,0,0,0,0,0,0,0,-2000,0,0,0,1000,3000,-2000,-2000
058420,聯發科麥證99購03,0,0,0,0,2000,-2000,0,0,0,-2000,0,0,0,0,2000,-2000,-2000
058429,欣興元富99購01  ,0,0,0,0,0,0,0,0,0,-2000,0,0,0,19000,21000,-2000,-2000
057741,超眾富邦98購01  ,0,0,0,0,0,0,0,0,0,-2000,0,0,0,0,2000,-2000,-2000
059664,立積元大9C購01  ,0,0,0,0,0,0,0,0,0,-2000,0,0,0,0,2000,-2000,-2000
060626,貿聯元大9A購04  ,0,0,0,0,0,0,0,0,0,-2000,0,0,0,23000,25000,-2000,-2000
059700,鴻海凱基9A購16  ,0,0,0,0,0,0,0,0,0,-2000,0,0,0,0,2000,-2000,-2000
060220,華新科凱基9A購08,0,0,0,0,0,0,0,0,0,-2000,0,0,0,6000,8000,-2000,-2000
060222,貿聯凱基9A購02  ,0,0,0,0,0,0,0,0,0,-2000,0,0,0,10000,12000,-2000,-2000
060200,同欣電元富9A購01,0,0,0,0,0,0,0,0,0,-2000,0,0,0,0,2000,-2000,-2000
060788,嘉晶富邦9B購01  ,0,0,0,0,0,0,0,0,0,-2000,0,0,0,0,2000,-2000,-2000
059899,上証2X元大9C購04,0,0,0,0,0,0,0,0,0,-2000,0,0,0,3000,5000,-2000,-2000
059239,台積電凱基99購12,0,0,0,0,0,0,0,0,0,-2000,0,0,0,0,2000,-2000,-2000
059349,台郡凱基99購04  ,0,0,0,0,0,0,0,0,0,-2000,0,0,0,0,2000,-2000,-2000
060891,世芯統一9A購01  ,0,0,0,0,0,0,0,0,0,-2000,0,0,0,0,2000,-2000,-2000
060903,臺指反元大9A購01,0,0,0,0,0,0,0,0,0,-2000,0,0,0,0,2000,-2000,-2000
059035,旺宏群益99購06  ,0,0,0,0,0,0,0,0,0,-2000,0,0,0,0,2000,-2000,-2000
058077,超眾凱基98購02  ,0,0,0,0,0,0,0,0,0,-2000,0,0,0,20000,22000,-2000,-2000
060102,禾伸堂元大99購06,0,0,0,0,0,0,0,0,0,-2000,0,0,0,0,2000,-2000,-2000
06087P,國巨永豐97售01  ,0,0,0,0,0,0,0,0,0,-2000,0,0,0,0,2000,-2000,-2000
057923,晶豪科凱基98購02,0,0,0,0,0,0,0,0,0,-2000,0,0,0,20000,22000,-2000,-2000
05793P,臺股指中信99售08,0,0,0,0,0,0,0,0,0,-2000,0,0,0,5000,7000,-2000,-2000
06138P,台積電中信99售01,0,0,0,0,0,0,0,0,0,-2000,0,0,0,0,2000,-2000,-2000
058265,奇力新永豐9A購01,0,0,0,0,0,0,0,0,0,-2000,0,0,0,5000,7000,-2000,-2000
062995,聚陽國票9C購01  ,0,0,0,0,0,0,0,0,0,-2000,0,0,0,0,2000,-2000,-2000
062733,巨大凱基9B購01  ,0,0,0,0,0,0,0,0,0,-2000,0,0,0,0,2000,-2000,-2000
062766,台郡凱基9B購02  ,0,0,0,0,0,0,0,0,0,-2000,0,0,0,20000,22000,-2000,-2000
062387,健策國泰01購01  ,0,0,0,0,0,0,0,0,0,-2000,0,0,0,0,2000,-2000,-2000
062657,華新科第一9B購01,0,0,0,0,0,0,0,0,0,-2000,0,0,0,0,2000,-2000,-2000
062629,聯發科國票9C購01,0,0,0,0,0,0,0,0,0,-2000,0,0,0,0,2000,-2000,-2000
061999,臺股指元大9B購23,0,0,0,0,0,0,0,0,0,-2000,0,0,0,0,2000,-2000,-2000
061980,聯發科元大9B購01,0,0,0,0,0,0,0,0,0,-2000,0,0,0,0,2000,-2000,-2000
061613,南六統一9C購01  ,0,0,0,0,0,0,0,0,0,-2000,0,0,0,39000,41000,-2000,-2000
061938,大立光國票9B購03,0,0,0,0,0,0,0,0,0,-2000,0,0,0,0,2000,-2000,-2000
062312,大立光凱基9B購03,0,0,0,0,0,0,0,0,0,-2000,0,0,0,0,2000,-2000,-2000
061680,崇越元大9A購01  ,0,0,0,0,0,0,0,0,0,-2000,0,0,0,20000,22000,-2000,-2000
062150,南六國票9B購01  ,0,0,0,0,0,0,0,0,0,-2000,0,0,0,0,2000,-2000,-2000
062173,世紀鋼永豐9B購01,0,0,0,0,0,0,0,0,0,-2000,0,0,0,0,2000,-2000,-2000
062137,華新科群益9B購04,0,0,0,0,0,0,0,0,0,-2000,0,0,0,0,2000,-2000,-2000
063639,華擎元大9C購03  ,0,0,0,0,0,0,0,0,0,-2000,0,0,0,4000,6000,-2000,-2000
063069,道瓊銀富邦05購01,0,0,0,0,0,0,0,0,0,-2000,0,0,0,0,2000,-2000,-2000
063094,玉晶光國票01購03,0,0,0,0,0,0,0,0,0,-2000,0,0,0,4000,6000,-2000,-2000
063827,國巨國票02購01  ,0,0,0,0,0,0,0,0,0,-2000,0,0,0,16000,18000,-2000,-2000
063739,台勝科元大9B購03,0,0,0,0,0,0,0,0,0,-2000,0,0,0,0,2000,-2000,-2000
063722,遠東新元大9B購02,0,0,0,0,0,0,0,0,0,-2000,0,0,0,48000,50000,-2000,-2000
064065,大立光富邦02購02,0,0,0,0,0,0,0,0,0,-2000,0,0,0,0,2000,-2000,-2000
064049,信邦統一01購01  ,0,0,0,0,0,0,0,0,0,-2000,0,0,0,10000,12000,-2000,-2000
9937,全國            ,2000,2000,0,0,0,0,0,0,0,-2000,0,2000,-2000,0,0,0,-2000
9906,欣巴巴          ,2000,4000,-2000,0,0,0,0,0,0,0,0,0,0,0,0,0,-2000
6698,旭暉應材        ,14000,16000,-2000,0,0,0,0,0,0,0,0,0,0,0,0,0,-2000
4764,雙鍵            ,7000,9000,-2000,0,0,0,0,0,0,0,0,0,0,0,0,0,-2000
4155,訊映            ,63000,68000,-5000,0,0,0,0,0,0,3000,5000,2000,3000,0,0,0,-2000
06470P,臺股指凱基99售10,0,0,0,0,0,0,0,0,0,-3000,0,0,0,0,3000,-3000,-3000
064664,微星元大9C購04  ,0,0,0,0,0,0,0,0,0,-3000,0,0,0,7000,10000,-3000,-3000
064669,健策元大01購03  ,0,0,0,0,0,0,0,0,0,-3000,0,0,0,45000,48000,-3000,-3000
064610,儒鴻元大9C購03  ,0,0,0,0,0,0,0,0,0,-3000,0,0,0,28000,31000,-3000,-3000
064952,國泰金凱基9C購01,0,0,0,0,0,0,0,0,0,-3000,0,0,0,0,3000,-3000,-3000
064363,聯發科統一9C購14,0,0,0,0,0,0,0,0,0,-3000,0,0,0,0,3000,-3000,-3000
07352P,台積電國票99售11,0,0,0,0,0,0,0,0,0,-3000,0,0,0,0,3000,-3000,-3000
07517P,台積電元大9A售17,0,0,0,0,0,0,0,0,0,-3000,0,0,0,0,3000,-3000,-3000
065011,智邦國泰02購01  ,0,0,0,0,0,0,0,0,0,-3000,0,0,0,0,3000,-3000,-3000
06666P,台積電日盛9A售02,0,0,0,0,0,0,0,0,0,-3000,0,0,0,7000,10000,-3000,-3000
06784P,臺股指元大98售01,0,0,0,0,0,0,0,0,0,-3000,0,0,0,0,3000,-3000,-3000
08063P,立積國票9B售03  ,0,0,0,0,0,0,0,0,0,-3000,0,0,0,5000,8000,-3000,-3000
08096P,大立光元富9B售04,0,0,0,0,0,0,0,0,0,-3000,0,0,0,54000,57000,-3000,-3000
08307P,台積電凱基9C售03,0,0,0,0,0,0,0,0,0,-3000,0,0,0,5000,8000,-3000,-3000
08251P,臺股指群益9C售09,0,0,0,0,0,0,0,0,0,-3000,0,0,0,7000,10000,-3000,-3000
07786P,南電中信9C售01  ,0,0,0,0,0,0,0,0,0,-3000,0,0,0,3000,6000,-3000,-3000
07609P,台灣50國票9C售04,0,0,0,0,0,0,0,0,0,-3000,0,0,0,0,3000,-3000,-3000
08004P,大毅永豐9B售02  ,0,0,0,0,0,0,0,0,0,-3000,0,0,0,77000,80000,-3000,-3000
08006P,長榮航中信03售01,0,0,0,0,0,0,0,0,0,-3000,0,0,0,22000,25000,-3000,-3000
07837P,華邦電元大9A售01,0,0,0,0,0,0,0,0,0,-3000,0,0,0,0,3000,-3000,-3000
1473,台南            ,24000,27000,-3000,0,0,0,0,0,0,0,3000,3000,0,0,0,0,-3000
1541,錩泰            ,33000,9000,24000,0,0,0,0,0,0,-27000,0,27000,-27000,0,0,0,-3000
055798,聯茂富邦98購01  ,0,0,0,0,0,0,0,0,0,-3000,0,0,0,1000,4000,-3000,-3000
056520,鴻海日盛99購01  ,0,0,0,0,0,0,0,0,0,-3000,0,0,0,2000,5000,-3000,-3000
056041,禾伸堂凱基98購03,0,0,0,0,0,0,0,0,0,-3000,0,0,0,0,3000,-3000,-3000
055988,矽力元富97購01  ,0,0,0,0,0,0,0,0,0,-3000,0,0,0,3000,6000,-3000,-3000
057466,泰鼎永豐98購01  ,0,0,0,0,0,0,0,0,0,-3000,0,0,0,93000,96000,-3000,-3000
057331,台積電國票99購04,0,0,0,0,0,0,0,0,0,-3000,0,0,0,14000,17000,-3000,-3000
058558,鴻海日盛9A購02  ,0,0,0,0,0,0,0,0,0,-3000,0,0,0,14000,17000,-3000,-3000
061103,聯發科元大9A購08,0,0,0,0,0,0,0,0,0,-3000,0,0,0,0,3000,-3000,-3000
059607,台積電富邦9C購04,0,0,0,0,0,0,0,0,0,-3000,0,0,0,7000,10000,-3000,-3000
058574,台積電群益99購03,0,0,0,0,0,0,0,0,0,-3000,0,0,0,8000,11000,-3000,-3000
056575,禾伸堂元大99購01,0,0,0,0,0,0,0,0,0,-3000,0,0,0,0,3000,-3000,-3000
052945,嘉晶國票97購01  ,0,0,0,0,0,0,0,0,0,-3000,0,0,0,1000,4000,-3000,-3000
00775B,新光投等債15+   ,12000,3000,9000,0,0,0,0,0,0,-12000,0,0,0,2000,14000,-12000,-3000
0057,富邦摩台        ,0,0,0,0,0,0,0,0,0,-3000,0,0,0,20000,23000,-3000,-3000
0053,元大電子        ,0,0,0,0,0,0,0,0,0,-3000,0,0,0,8000,11000,-3000,-3000
058108,台郡台新99購01  ,0,0,0,0,0,0,0,0,0,-3000,0,0,0,0,3000,-3000,-3000
058133,華新科元大9A購02,0,0,0,0,0,0,0,0,0,-3000,0,0,0,0,3000,-3000,-3000
058202,鴻海凱基9A購04  ,0,0,0,0,0,0,0,0,0,-3000,0,0,0,3000,6000,-3000,-3000
061777,臺指反群益9B購01,0,0,0,0,0,0,0,0,0,-3000,0,0,0,0,3000,-3000,-3000
061539,國巨群益9B購03  ,0,0,0,0,0,0,0,0,0,-3000,0,0,0,1000,4000,-3000,-3000
060405,中租國泰9C購01  ,0,0,0,0,0,0,0,0,0,-3000,0,0,0,0,3000,-3000,-3000
060431,復盛永豐9A購01  ,0,0,0,0,0,0,0,0,0,-3000,0,0,0,0,3000,-3000,-3000
058069,美律凱基99購05  ,0,0,0,0,0,0,0,0,0,-3000,0,0,0,0,3000,-3000,-3000
059038,健策群益9A購02  ,0,0,0,0,0,0,0,0,0,-3000,0,0,0,0,3000,-3000,-3000
060940,國巨國票9B購03  ,0,0,0,0,0,0,0,0,0,-3000,0,0,0,16000,19000,-3000,-3000
058004,大立光群益98購03,0,0,0,0,0,0,0,0,0,-3000,0,0,0,6000,9000,-3000,-3000
057997,旺宏第一9C購01  ,0,0,0,0,0,0,0,0,0,-3000,0,0,0,70000,73000,-3000,-3000
060025,台積電富邦9C購06,0,0,0,0,0,0,0,0,0,-3000,0,0,0,0,3000,-3000,-3000
058864,欣興凱基99購04  ,0,0,0,0,0,0,0,0,0,-3000,0,0,0,0,3000,-3000,-3000
058849,奇力新群益99購02,0,0,0,0,0,0,0,0,0,-3000,0,0,0,0,3000,-3000,-3000
059080,亞泥元大99購01  ,0,0,0,0,0,0,0,0,0,-3000,0,0,0,0,3000,-3000,-3000
059091,中信金元大99購01,0,0,0,0,0,0,0,0,0,-3000,0,0,0,0,3000,-3000,-3000
057893,亞德客元富98購03,0,0,0,0,0,0,0,0,0,-3000,0,0,0,0,3000,-3000,-3000
059755,宏達電國泰9A購01,0,0,0,0,0,0,0,0,0,-3000,0,0,0,116000,119000,-3000,-3000
059731,康控元大99購04  ,0,0,0,0,0,0,0,0,0,-3000,0,0,0,3000,6000,-3000,-3000
058697,亞德客元大99購01,0,0,0,0,0,0,0,0,0,-3000,0,0,0,0,3000,-3000,-3000
058719,智邦元富99購01  ,0,0,0,0,0,0,0,0,0,-3000,0,0,0,0,3000,-3000,-3000
057742,喬山永豐98購02  ,0,0,0,0,0,0,0,0,0,-3000,0,0,0,0,3000,-3000,-3000
058837,SGBR2X中信9C購01,0,0,0,0,0,0,0,0,0,-3000,0,0,0,0,3000,-3000,-3000
060716,新唐永豐9A購01  ,0,0,0,0,0,0,0,0,0,-3000,0,0,0,1000,4000,-3000,-3000
058349,滬深2X日盛9A購01,0,0,0,0,0,0,0,0,0,-3000,0,0,0,0,3000,-3000,-3000
063969,晶豪科國票01購01,0,0,0,0,0,0,0,0,0,-3000,0,0,0,75000,78000,-3000,-3000
064102,宏達電群益9C購01,0,0,0,0,0,0,0,0,0,-3000,0,0,0,240000,243000,-3000,-3000
06367P,台積電凱基97售14,0,0,0,0,0,0,0,0,0,-3000,0,0,0,0,3000,-3000,-3000
063797,台積電凱基02購02,0,0,0,0,0,0,0,0,0,-3000,0,0,0,4000,7000,-3000,-3000
063822,聯發科麥證01購01,0,0,0,0,3000,-3000,0,0,0,-3000,0,0,0,0,3000,-3000,-3000
063577,台表科元大9C購04,0,0,0,0,0,0,0,0,0,-3000,0,0,0,80000,83000,-3000,-3000
063600,燿華凱基9B購04  ,0,0,0,0,0,0,0,0,0,-3000,0,0,0,61000,64000,-3000,-3000
061695,群創群益9A購01  ,0,0,0,0,0,0,0,0,0,-3000,0,0,0,0,3000,-3000,-3000
062285,台勝科群益9B購01,0,0,0,0,0,0,0,0,0,-3000,0,0,0,0,3000,-3000,-3000
062249,台積電元大9B購01,0,0,0,0,0,0,0,0,0,-3000,0,0,0,4000,7000,-3000,-3000
061992,祥碩元大9B購02  ,0,0,0,0,0,0,0,0,0,-3000,0,0,0,0,3000,-3000,-3000
061479,泰碩元大9A購02  ,0,0,0,0,0,0,0,0,0,-3000,0,0,0,0,3000,-3000,-3000
062632,嘉晶國票9B購01  ,0,0,0,0,0,0,0,0,0,-3000,0,0,0,3000,6000,-3000,-3000
062464,T50反1凱基9C購03,0,0,0,0,0,0,0,0,0,-3000,0,0,0,0,3000,-3000,-3000
062767,GIS凱基9B購02   ,0,0,0,0,0,0,0,0,0,-3000,0,0,0,2000,5000,-3000,-3000
5538,東明-KY         ,0,3000,-3000,0,0,0,0,0,0,0,0,0,0,0,0,0,-3000
07666P,台灣50元大9C售32,0,0,0,0,0,0,0,0,0,-4000,0,0,0,0,4000,-4000,-4000
08273P,國巨元富9C售02  ,0,0,0,0,0,0,0,0,0,-4000,0,0,0,6000,10000,-4000,-4000
08385P,臺股指群益9C售13,0,0,0,0,0,0,0,0,0,-4000,0,0,0,0,4000,-4000,-4000
08451P,南六統一9C售06  ,0,0,0,0,0,0,0,0,0,-4000,0,0,0,0,4000,-4000,-4000
08420P,國巨群益9C售12  ,0,0,0,0,0,0,0,0,0,-4000,0,0,0,0,4000,-4000,-4000
06932P,大立光元大98售21,0,0,0,0,0,0,0,0,0,-4000,0,0,0,0,4000,-4000,-4000
064997,T50反1國票01購04,0,0,0,0,0,0,0,0,0,-4000,0,0,0,0,4000,-4000,-4000
07503P,禾伸堂元大9A售01,0,0,0,0,0,0,0,0,0,-4000,0,0,0,6000,10000,-4000,-4000
07274P,上証2X群益01售01,0,0,0,0,0,0,0,0,0,-4000,0,0,0,0,4000,-4000,-4000
07177P,臺股指凱基99售19,0,0,0,0,0,0,0,0,0,-4000,0,0,0,0,4000,-4000,-4000
064907,緯穎群益9C購02  ,0,0,0,0,0,0,0,0,0,-4000,0,0,0,0,4000,-4000,-4000
051375,道瓊反群益9A購01,0,0,0,0,0,0,0,0,0,-4000,0,0,0,0,4000,-4000,-4000
055207,致新中信99購01  ,0,0,0,0,0,0,0,0,0,-4000,0,0,0,11000,15000,-4000,-4000
056583,昇陽半元大98購02,0,0,0,0,0,0,0,0,0,-4000,0,0,0,76000,80000,-4000,-4000
056694,欣興群益98購04  ,0,0,0,0,0,0,0,0,0,-4000,0,0,0,1000,5000,-4000,-4000
058601,台積電元大99購10,0,0,0,0,0,0,0,0,0,-4000,0,0,0,4000,8000,-4000,-4000
05958P,聯發科國票97售04,0,0,0,0,0,0,0,0,0,-4000,0,0,0,72000,76000,-4000,-4000
057413,臺股指群益9C購04,0,0,0,0,0,0,0,0,0,-4000,0,0,0,0,4000,-4000,-4000
057008,華新科中信99購02,0,0,0,0,0,0,0,0,0,-4000,0,0,0,0,4000,-4000,-4000
057000,亞德客國票99購01,0,0,0,0,0,0,0,0,0,-4000,0,0,0,34000,38000,-4000,-4000
056092,亞德客元富97購02,0,0,0,0,0,0,0,0,0,-4000,0,0,0,6000,10000,-4000,-4000
055597,禾伸堂元大98購02,0,0,0,0,0,0,0,0,0,-4000,0,0,0,0,4000,-4000,-4000
059795,鴻海國票99購07  ,0,0,0,0,0,0,0,0,0,-4000,0,0,0,2000,6000,-4000,-4000
059682,可成富邦9A購01  ,0,0,0,0,0,0,0,0,0,-4000,0,0,0,6000,10000,-4000,-4000
060213,牧德康和9A購01  ,0,0,0,0,0,0,0,0,0,-4000,0,0,0,0,4000,-4000,-4000
057815,信邦元大98購01  ,0,0,0,0,0,0,0,0,0,-4000,0,0,0,0,4000,-4000,-4000
060221,大立光凱基9A購07,0,0,0,0,0,0,0,0,0,-4000,0,0,0,0,4000,-4000,-4000
060281,卜蜂元大9C購01  ,0,0,0,0,0,0,0,0,0,-4000,0,0,0,10000,14000,-4000,-4000
059903,S&P正2元大99購02,0,0,0,0,0,0,0,0,0,-4000,0,0,0,0,4000,-4000,-4000
059875,信邦凱基99購02  ,0,0,0,0,0,0,0,0,0,-4000,0,0,0,0,4000,-4000,-4000
059161,鴻海凱基9A購09  ,0,0,0,0,0,0,0,0,0,-4000,0,0,0,2000,6000,-4000,-4000
059384,上証2X凱基9B購01,0,0,0,0,0,0,0,0,0,-4000,0,0,0,0,4000,-4000,-4000
060892,超眾統一9C購01  ,0,0,0,0,0,0,0,0,0,-4000,0,0,0,0,4000,-4000,-4000
060400,南電國票9A購03  ,0,0,0,0,0,0,0,0,0,-4000,0,0,0,2000,6000,-4000,-4000
060339,國巨統一01購01  ,0,0,0,0,0,0,0,0,0,-4000,0,0,0,40000,44000,-4000,-4000
060845,欣興國票9A購01  ,0,0,0,0,0,0,0,0,0,-4000,0,0,0,10000,14000,-4000,-4000
061703,信邦國票9A購01  ,0,0,0,0,0,0,0,0,0,-4000,0,0,0,8000,12000,-4000,-4000
060986,聯發科元大9A購07,0,0,0,0,0,0,0,0,0,-4000,0,0,0,6000,10000,-4000,-4000
061407,鴻海國票9A購07  ,0,0,0,0,0,0,0,0,0,-4000,0,0,0,49000,53000,-4000,-4000
062545,嘉晶永豐9B購01  ,0,0,0,0,0,0,0,0,0,-4000,0,0,0,12000,16000,-4000,-4000
062538,台積電國泰9C購02,0,0,0,0,0,0,0,0,0,-4000,0,0,0,13000,17000,-4000,-4000
061619,大立光群益9B購01,0,0,0,0,0,0,0,0,0,-4000,0,0,0,0,4000,-4000,-4000
062284,華擎群益9C購03  ,0,0,0,0,0,0,0,0,0,-4000,0,0,0,0,4000,-4000,-4000
063603,友達凱基9B購05  ,0,0,0,0,0,0,0,0,0,-4000,0,0,0,0,4000,-4000,-4000
063375,牧德永豐9B購02  ,0,0,0,0,0,0,0,0,0,-4000,0,0,0,0,4000,-4000,-4000
063276,和大元大9B購01  ,0,0,0,0,0,0,0,0,0,-4000,0,0,0,52000,56000,-4000,-4000
064137,台泥統一02購01  ,0,0,0,0,0,0,0,0,0,-4000,0,0,0,1000,5000,-4000,-4000
064084,群創中信06購02  ,0,0,0,0,0,0,0,0,0,-4000,0,0,0,0,4000,-4000,-4000
4720,德淵            ,107000,110000,-3000,0,0,0,0,0,0,-1000,0,1000,-1000,0,0,0,-4000
3494,誠研            ,7000,11000,-4000,0,0,0,0,0,0,0,0,0,0,0,0,0,-4000
912000,晨訊科-DR       ,0,4000,-4000,0,0,0,0,0,0,0,0,0,0,0,0,0,-4000
9188,精熙-DR         ,2000,6000,-4000,0,0,0,0,0,0,0,0,0,0,0,0,0,-4000
064949,南亞科凱基9C購01,0,0,0,0,0,0,0,0,0,-5000,0,0,0,0,5000,-5000,-5000
064974,燿華元大9C購03  ,0,0,0,0,0,0,0,0,0,-5000,0,0,0,0,5000,-5000,-5000
06497P,大立光凱基98售11,0,0,0,0,0,0,0,0,0,-5000,0,0,0,0,5000,-5000,-5000
064789,和大國票01購01  ,0,0,0,0,0,0,0,0,0,-5000,0,0,0,0,5000,-5000,-5000
064602,玉晶光元富9C購03,0,0,0,0,0,0,0,0,0,-5000,0,0,0,2000,7000,-5000,-5000
064637,元金2X凱基01購02,0,0,0,0,0,0,0,0,0,-5000,0,0,0,0,5000,-5000,-5000
064320,台灣50元大9C購39,0,0,0,0,0,0,0,0,0,-5000,0,0,0,0,5000,-5000,-5000
07196P,大立光元大99售13,0,0,0,0,0,0,0,0,0,-5000,0,0,0,0,5000,-5000,-5000
07238P,台灣50國票99售07,0,0,0,0,0,0,0,0,0,-5000,0,0,0,0,5000,-5000,-5000
07251P,台灣50元富01售04,0,0,0,0,0,0,0,0,0,-5000,0,0,0,10000,15000,-5000,-5000
07069P,欣興元富99售02  ,0,0,0,0,0,0,0,0,0,-5000,0,0,0,0,5000,-5000,-5000
07077P,緯穎凱基99售01  ,0,0,0,0,0,0,0,0,0,-5000,0,0,0,0,5000,-5000,-5000
07104P,聯發科元富99售04,0,0,0,0,0,0,0,0,0,-5000,0,0,0,0,5000,-5000,-5000
07133P,臺股指元大9A售27,0,0,0,0,0,0,0,0,0,-5000,0,0,0,65000,70000,-5000,-5000
07543P,台積電凱基9A售17,0,0,0,0,0,0,0,0,0,-5000,0,0,0,0,5000,-5000,-5000
07306P,台灣50凱基9A售09,0,0,0,0,0,0,0,0,0,-5000,0,0,0,0,5000,-5000,-5000
07388P,臺股指群益9C售07,0,0,0,0,0,0,0,0,0,-5000,0,0,0,0,5000,-5000,-5000
07363P,大立光元大99售26,0,0,0,0,0,0,0,0,0,-5000,0,0,0,0,5000,-5000,-5000
06502P,A50中信98售01   ,0,0,0,0,0,0,0,0,0,-5000,0,0,0,0,5000,-5000,-5000
06534P,聯發科群益98售04,0,0,0,0,0,0,0,0,0,-5000,0,0,0,70000,75000,-5000,-5000
06599P,宏達電永豐98售02,0,0,0,0,0,0,0,0,0,-5000,0,0,0,0,5000,-5000,-5000
06590P,大立光元大98售13,0,0,0,0,0,0,0,0,0,-5000,0,0,0,0,5000,-5000,-5000
06718P,聯詠元大98售01  ,0,0,0,0,0,0,0,0,0,-5000,0,0,0,0,5000,-5000,-5000
06900P,FBVIX國票12售01 ,0,0,0,0,0,0,0,0,0,-5000,0,0,0,0,5000,-5000,-5000
06806P,臺股指群益98售12,0,0,0,0,0,0,0,0,0,-5000,0,0,0,5000,10000,-5000,-5000
08442P,臺股指麥證01售01,0,1000,-1000,1000,5000,-4000,0,0,0,-4000,0,0,0,1000,5000,-4000,-5000
08444P,臺股指麥證9C售02,0,0,0,0,5000,-5000,0,0,0,-5000,0,0,0,0,5000,-5000,-5000
08364P,聯發科凱基02售02,0,0,0,0,0,0,0,0,0,-5000,0,0,0,0,5000,-5000,-5000
08358P,大立光元大9C售18,0,0,0,0,0,0,0,0,0,-5000,0,0,0,5000,10000,-5000,-5000
08268P,臺股指元大9C售06,0,0,0,0,0,0,0,0,0,-5000,0,0,0,0,5000,-5000,-5000
08117P,聯發科元富9B售04,0,0,0,0,0,0,0,0,0,-5000,0,0,0,79000,84000,-5000,-5000
08048P,臺股指國票9B售13,0,0,0,0,0,0,0,0,0,-5000,0,0,0,0,5000,-5000,-5000
07684P,大立光凱基9A售11,0,0,0,0,0,0,0,0,0,-5000,0,0,0,0,5000,-5000,-5000
07698P,臺股指元大9A售51,0,0,0,0,0,0,0,0,0,-5000,0,0,0,0,5000,-5000,-5000
07741P,滬深2X凱基9B售04,0,0,0,0,0,0,0,0,0,-5000,0,0,0,0,5000,-5000,-5000
08028P,臺股指元大9B售30,0,0,0,0,0,0,0,0,0,-5000,0,0,0,5000,10000,-5000,-5000
056834,華新元富99購01  ,0,0,0,0,0,0,0,0,0,-5000,0,0,0,0,5000,-5000,-5000
056089,同欣電統一98購01,0,0,0,0,0,0,0,0,0,-5000,0,0,0,45000,50000,-5000,-5000
056895,技嘉元大98購01  ,0,0,0,0,0,0,0,0,0,-5000,0,0,0,76000,81000,-5000,-5000
056065,奇鋐元大97購01  ,0,0,0,0,0,0,0,0,0,-5000,0,0,0,24000,29000,-5000,-5000
056209,超眾永豐97購02  ,0,0,0,0,0,0,0,0,0,-5000,0,0,0,1000,6000,-5000,-5000
056280,上証2X永豐98購01,0,0,0,0,0,0,0,0,0,-5000,0,0,0,0,5000,-5000,-5000
056427,上銀凱基98購03  ,0,0,0,0,0,0,0,0,0,-5000,0,0,0,10000,15000,-5000,-5000
057182,禾伸堂元大99購02,0,0,0,0,0,0,0,0,0,-5000,0,0,0,4000,9000,-5000,-5000
059572,華新科凱基99購08,0,0,0,0,0,0,0,0,0,-5000,0,0,0,9000,14000,-5000,-5000
059577,旺宏元富99購04  ,0,0,0,0,0,0,0,0,0,-5000,0,0,0,0,5000,-5000,-5000
054778,世紀鋼國票99購01,0,0,0,0,0,0,0,0,0,-5000,0,0,0,5000,10000,-5000,-5000
054573,漢唐元大98購01  ,0,0,0,0,0,0,0,0,0,-5000,0,0,0,0,5000,-5000,-5000
054231,國巨群益98購03  ,0,0,0,0,0,0,0,0,0,-5000,0,0,0,8000,13000,-5000,-5000
053994,微星群益96購01  ,0,0,0,0,0,0,0,0,0,-5000,0,0,0,0,5000,-5000,-5000
053985,矽創元大96購02  ,0,0,0,0,0,0,0,0,0,-5000,0,0,0,0,5000,-5000,-5000
055439,台表科國票98購02,0,0,0,0,0,0,0,0,0,-5000,0,0,0,0,5000,-5000,-5000
055196,致新元富97購01  ,0,0,0,0,0,0,0,0,0,-5000,0,0,0,50000,55000,-5000,-5000
050493,聯發科永昌96購01,0,0,0,0,0,0,0,0,0,-5000,0,0,0,10000,15000,-5000,-5000
055345,國巨凱基98購01  ,0,0,0,0,0,0,0,0,0,-5000,0,0,0,5000,10000,-5000,-5000
055241,T50反1統一99購01,0,0,0,0,0,0,0,0,0,-5000,0,0,0,0,5000,-5000,-5000
00714,群益道瓊美國地產,0,0,0,0,0,0,0,0,0,-5000,0,0,0,1025000,1030000,-5000,-5000
00735,國泰臺韓科技    ,206000,0,206000,0,0,0,0,0,0,-211000,0,0,0,332000,543000,-211000,-5000
00674R,元大S&P黃金反1  ,0,0,0,0,0,0,0,0,0,-5000,0,0,0,30000,35000,-5000,-5000
052468,超眾統一96購02  ,0,0,0,0,0,0,0,0,0,-5000,0,0,0,0,5000,-5000,-5000
052470,華新科亞東97購01,0,0,0,0,0,0,0,0,0,-5000,0,0,0,0,5000,-5000,-5000
052326,滬深反中信99購01,0,0,0,0,0,0,0,0,0,-5000,0,0,0,0,5000,-5000,-5000
05207P,高股息中信97售03,0,0,0,0,0,0,0,0,0,-5000,0,0,0,0,5000,-5000,-5000
060968,台灣50元大9C購28,0,0,0,0,0,0,0,0,0,-5000,0,0,0,0,5000,-5000,-5000
058084,大立光群益98購04,0,0,0,0,0,0,0,0,0,-5000,0,0,0,5000,10000,-5000,-5000
058203,信邦凱基99購01  ,0,0,0,0,0,0,0,0,0,-5000,0,0,0,50000,55000,-5000,-5000
058184,鴻海永豐99購01  ,0,0,0,0,0,0,0,0,0,-5000,0,0,0,0,5000,-5000,-5000
061230,臺指反元大01購04,0,0,0,0,0,0,0,0,0,-5000,0,0,0,0,5000,-5000,-5000
061288,大立光統一9C購01,0,0,0,0,0,0,0,0,0,-5000,0,0,0,10000,15000,-5000,-5000
061825,聯發科麥證9B購01,0,0,0,0,5000,-5000,0,0,0,-5000,0,0,0,0,5000,-5000,-5000
061831,智邦凱基9B購02  ,0,0,0,0,0,0,0,0,0,-5000,0,0,0,5000,10000,-5000,-5000
061832,聯發科凱基9B購06,0,0,0,0,0,0,0,0,0,-5000,0,0,0,92000,97000,-5000,-5000
061501,嘉澤國票9A購01  ,0,0,0,0,0,0,0,0,0,-5000,0,0,0,0,5000,-5000,-5000
057955,技嘉元大98購07  ,0,0,0,0,0,0,0,0,0,-5000,0,0,0,213000,218000,-5000,-5000
057985,華通元富02購03  ,0,0,0,0,0,0,0,0,0,-5000,0,0,0,0,5000,-5000,-5000
058952,南茂群益99購01  ,0,0,0,0,0,0,0,0,0,-5000,0,0,0,68000,73000,-5000,-5000
060013,S&P正2康和99購01,0,0,0,0,0,0,0,0,0,-5000,0,0,0,0,5000,-5000,-5000
059968,世紀鋼凱基99購03,0,0,0,0,0,0,0,0,0,-5000,0,0,0,0,5000,-5000,-5000
060951,元黃金群益9A購01,0,0,0,0,0,0,0,0,0,-5000,0,0,0,0,5000,-5000,-5000
059034,華通群益9B購02  ,0,0,0,0,0,0,0,0,0,-5000,0,0,0,8000,13000,-5000,-5000
059008,鈺齊元大99購03  ,0,0,0,0,0,0,0,0,0,-5000,0,0,0,85000,90000,-5000,-5000
059427,國巨元大99購24  ,0,0,0,0,0,0,0,0,0,-5000,0,0,0,15000,20000,-5000,-5000
059500,鴻海元富99購11  ,0,0,0,0,0,0,0,0,0,-5000,0,0,0,0,5000,-5000,-5000
059127,國巨中信99購04  ,0,0,0,0,0,0,0,0,0,-5000,0,0,0,5000,10000,-5000,-5000
059216,台積電元大99購29,0,0,0,0,0,0,0,0,0,-5000,0,0,0,7000,12000,-5000,-5000
058856,新光金兆豐99購01,0,0,0,0,0,0,0,0,0,-5000,0,0,0,0,5000,-5000,-5000
059868,台光電凱基99購03,0,0,0,0,0,0,0,0,0,-5000,0,0,0,15000,20000,-5000,-5000
057833,聯發科元富02購06,0,0,0,0,0,0,0,0,0,-5000,0,0,0,1000,6000,-5000,-5000
057894,華通元富02購02  ,0,0,0,0,0,0,0,0,0,-5000,0,0,0,0,5000,-5000,-5000
060569,台積電永豐9A購01,0,0,0,0,0,0,0,0,0,-5000,0,0,0,1000,6000,-5000,-5000
060559,世紀鋼凱基9C購01,0,0,0,0,0,0,0,0,0,-5000,0,0,0,0,5000,-5000,-5000
060528,友達中信9C購01  ,0,0,0,0,0,0,0,0,0,-5000,0,0,0,15000,20000,-5000,-5000
059768,上証2X群益9C購02,0,0,0,0,0,0,0,0,0,-5000,0,0,0,0,5000,-5000,-5000
064200,華通兆豐01購01  ,0,0,0,0,0,0,0,0,0,-5000,0,0,0,95000,100000,-5000,-5000
064218,南六凱基01購01  ,0,0,0,0,0,0,0,0,0,-5000,0,0,0,0,5000,-5000,-5000
063754,道瓊指統一9B購01,0,0,0,0,0,0,0,0,0,-5000,0,0,0,0,5000,-5000,-5000
063711,高鐵凱基9B購01  ,0,0,0,0,0,0,0,0,0,-5000,0,0,0,0,5000,-5000,-5000
063696,T50反1群益9B購03,0,0,0,0,0,0,0,0,0,-5000,0,0,0,0,5000,-5000,-5000
063296,可成麥證9B購01  ,0,0,0,14000,19000,-5000,0,0,0,-5000,0,0,0,14000,19000,-5000,-5000
063369,聚陽永豐9B購01  ,0,0,0,0,0,0,0,0,0,-5000,0,0,0,45000,50000,-5000,-5000
061644,健策元大9C購02  ,0,0,0,0,0,0,0,0,0,-5000,0,0,0,55000,60000,-5000,-5000
062261,嘉晶元大9B購02  ,0,0,0,0,0,0,0,0,0,-5000,0,0,0,0,5000,-5000,-5000
062149,牧德國票9B購01  ,0,0,0,0,0,0,0,0,0,-5000,0,0,0,0,5000,-5000,-5000
062166,致新國泰01購01  ,0,0,0,0,0,0,0,0,0,-5000,0,0,0,0,5000,-5000,-5000
062211,玉晶光台新9B購01,0,0,0,0,0,0,0,0,0,-5000,0,0,0,300000,305000,-5000,-5000
062053,華通統一9C購02  ,0,0,0,0,0,0,0,0,0,-5000,0,0,0,48000,53000,-5000,-5000
061567,華通元大9A購11  ,0,0,0,0,0,0,0,0,0,-5000,0,0,0,5000,10000,-5000,-5000
062572,元金反群益9C購01,0,0,0,0,0,0,0,0,0,-5000,0,0,0,0,5000,-5000,-5000
062552,南電永豐9B購01  ,0,0,0,0,0,0,0,0,0,-5000,0,0,0,0,5000,-5000,-5000
062479,TPK國票9B購01   ,0,0,0,0,0,0,0,0,0,-5000,0,0,0,0,5000,-5000,-5000
062475,道瓊反國票9B購02,0,0,0,0,0,0,0,0,0,-5000,0,0,0,0,5000,-5000,-5000
062361,智邦元大9B購06  ,0,0,0,0,0,0,0,0,0,-5000,0,0,0,50000,55000,-5000,-5000
062366,義隆元大9B購04  ,0,0,0,0,0,0,0,0,0,-5000,0,0,0,35000,40000,-5000,-5000
062790,臺股指元大9B購33,0,0,0,0,0,0,0,0,0,-5000,0,0,0,0,5000,-5000,-5000
062946,祥碩國泰9C購02  ,0,0,0,0,0,0,0,0,0,-5000,0,0,0,10000,15000,-5000,-5000
062918,祥碩元大9C購02  ,0,0,0,0,0,0,0,0,0,-5000,0,0,0,2000,7000,-5000,-5000
9103,美德醫療-DR     ,14000,29000,-15000,0,0,0,0,0,0,10000,0,0,0,10000,0,10000,-5000
3686,達能            ,6000,11000,-5000,0,0,0,0,0,0,0,0,0,0,0,0,0,-5000
4426,利勤            ,62000,68000,-6000,0,0,0,0,0,0,1000,1000,0,1000,0,0,0,-5000
5283,禾聯碩          ,10000,9000,1000,0,0,0,0,0,0,-6000,0,6000,-6000,0,0,0,-5000
6464,台數科          ,9000,14000,-5000,0,0,0,0,0,0,0,0,0,0,0,0,0,-5000
3034,聯詠            ,741225,894711,-153486,0,0,0,194000,711,193289,-45000,7000,26000,-19000,16000,42000,-26000,-5197
2485,兆赫            ,312000,339000,-27000,0,0,0,0,0,0,21000,27000,6000,21000,0,0,0,-6000
1531,高林股          ,27000,32000,-5000,0,0,0,0,0,0,-1000,0,1000,-1000,0,0,0,-6000
07998P,聯電凱基9C售01  ,0,0,0,0,0,0,0,0,0,-6000,0,0,0,0,6000,-6000,-6000
07904P,聯發科群益9B售05,0,0,0,0,0,0,0,0,0,-6000,0,0,0,11000,17000,-6000,-6000
07665P,台灣50元大9C售31,0,0,0,0,0,0,0,0,0,-6000,0,0,0,0,6000,-6000,-6000
08161P,台表科元富9B售02,0,0,0,0,0,0,0,0,0,-6000,0,0,0,170000,176000,-6000,-6000
08247P,台積電群益9C售06,0,0,0,0,0,0,0,0,0,-6000,0,0,0,104000,110000,-6000,-6000
08287P,茂林凱基9C售02  ,0,0,0,0,0,0,0,0,0,-6000,0,0,0,0,6000,-6000,-6000
08260P,大立光元大9C售08,0,0,0,0,0,0,0,0,0,-6000,0,0,0,0,6000,-6000,-6000
06794P,臺股指凱基98售04,0,0,0,0,0,0,0,0,0,-6000,0,0,0,0,6000,-6000,-6000
06834P,訊芯群益99售02  ,0,0,0,0,0,0,0,0,0,-6000,0,0,0,58000,64000,-6000,-6000
06678P,大立光統一99售01,0,0,0,0,0,0,0,0,0,-6000,0,0,0,14000,20000,-6000,-6000
06633P,國巨國票99售01  ,0,0,0,0,0,0,0,0,0,-6000,0,0,0,0,6000,-6000,-6000
065009,勤誠國票01購01  ,0,0,0,0,0,0,0,0,0,-6000,0,0,0,0,6000,-6000,-6000
07341P,台積電凱基99售18,0,0,0,0,0,0,0,0,0,-6000,0,0,0,4000,10000,-6000,-6000
07051P,大立光中信99售02,0,0,0,0,0,0,0,0,0,-6000,0,0,0,0,6000,-6000,-6000
07190P,臺股指富邦9C售02,0,0,0,0,0,0,0,0,0,-6000,0,0,0,0,6000,-6000,-6000
064278,高鐵元大9C購02  ,0,0,0,0,0,0,0,0,0,-6000,0,0,0,18000,24000,-6000,-6000
064505,康控元大9C購01  ,0,0,0,0,0,0,0,0,0,-6000,0,0,0,0,6000,-6000,-6000
064601,嘉晶元富9C購03  ,0,0,0,0,0,0,0,0,0,-6000,0,0,0,0,6000,-6000,-6000
064808,國產元大9C購02  ,0,0,0,0,0,0,0,0,0,-6000,0,0,0,0,6000,-6000,-6000
064817,鈺齊元大9C購02  ,0,0,0,0,0,0,0,0,0,-6000,0,0,0,0,6000,-6000,-6000
064942,道瓊反凱基02購01,0,0,0,0,0,0,0,0,0,-6000,0,0,0,0,6000,-6000,-6000
020011,統一微波高息20N ,0,0,0,0,0,0,0,0,0,-6000,0,0,0,390000,396000,-6000,-6000
046476,鴻海統一96購01  ,0,0,0,0,0,0,0,0,0,-6000,0,0,0,0,6000,-6000,-6000
051614,元金2X凱基97購01,0,0,0,0,0,0,0,0,0,-6000,0,0,0,0,6000,-6000,-6000
055058,大毅永豐97購01  ,0,0,0,0,0,0,0,0,0,-6000,0,0,0,30000,36000,-6000,-6000
057222,鴻海國票99購04  ,0,0,0,0,0,0,0,0,0,-6000,0,0,0,0,6000,-6000,-6000
057024,義隆凱基99購01  ,0,0,0,0,0,0,0,0,0,-6000,0,0,0,37000,43000,-6000,-6000
057086,立積統一9C購01  ,0,0,0,0,0,0,0,0,0,-6000,0,0,0,0,6000,-6000,-6000
057376,新日興元大98購04,0,0,0,0,0,0,0,0,0,-6000,0,0,0,62000,68000,-6000,-6000
056256,聯茂元富97購03  ,0,0,0,0,0,0,0,0,0,-6000,0,0,0,0,6000,-6000,-6000
05579P,友達凱基98售03  ,0,0,0,0,0,0,0,0,0,-6000,0,0,0,9000,15000,-6000,-6000
056969,智易永豐98購01  ,0,0,0,0,0,0,0,0,0,-6000,0,0,0,10000,16000,-6000,-6000
055521,S&P反1群益01購01,0,0,0,0,0,0,0,0,0,-6000,0,0,0,4000,10000,-6000,-6000
059844,大立光富邦9C購04,0,0,0,0,0,0,0,0,0,-6000,0,0,0,4000,10000,-6000,-6000
060733,和大統一9C購01  ,0,0,0,0,0,0,0,0,0,-6000,0,0,0,17000,23000,-6000,-6000
058485,智邦國票9A購01  ,0,0,0,0,0,0,0,0,0,-6000,0,0,0,0,6000,-6000,-6000
059632,聯發科凱基01購01,0,0,0,0,0,0,0,0,0,-6000,0,0,0,0,6000,-6000,-6000
060557,南電凱基9A購02  ,0,0,0,0,0,0,0,0,0,-6000,0,0,0,20000,26000,-6000,-6000
060547,瑞昱凱基9A購01  ,0,0,0,0,0,0,0,0,0,-6000,0,0,0,5000,11000,-6000,-6000
058731,貿聯永豐99購02  ,0,0,0,0,0,0,0,0,0,-6000,0,0,0,40000,46000,-6000,-6000
060610,玉晶光凱基9B購02,0,0,0,0,0,0,0,0,0,-6000,0,0,0,12000,18000,-6000,-6000
060661,台積電凱基9A購18,0,0,0,0,0,0,0,0,0,-6000,0,0,0,5000,11000,-6000,-6000
060212,華航康和9A購01  ,0,0,0,0,0,0,0,0,0,-6000,0,0,0,0,6000,-6000,-6000
059936,台積電永豐99購06,0,0,0,0,0,0,0,0,0,-6000,0,0,0,0,6000,-6000,-6000
059255,臺股指凱基99購33,0,0,0,0,0,0,0,0,0,-6000,0,0,0,14000,20000,-6000,-6000
058025,聯茂國泰99購01  ,0,0,0,0,0,0,0,0,0,-6000,0,0,0,36000,42000,-6000,-6000
058942,南茂中信99購01  ,0,0,0,0,0,0,0,0,0,-6000,0,0,0,10000,16000,-6000,-6000
057944,新日興國票99購02,0,0,0,0,0,0,0,0,0,-6000,0,0,0,14000,20000,-6000,-6000
061280,國巨統一9C購06  ,0,0,0,0,0,0,0,0,0,-6000,0,0,0,1000,7000,-6000,-6000
061297,台積電富邦9C購09,0,0,0,0,0,0,0,0,0,-6000,0,0,0,0,6000,-6000,-6000
061358,世紀鋼元大9A購04,0,0,0,0,0,0,0,0,0,-6000,0,0,0,45000,51000,-6000,-6000
06257P,臺股指群益97售10,0,0,0,0,0,0,0,0,0,-6000,0,0,0,0,6000,-6000,-6000
062654,技嘉永豐9B購01  ,0,0,0,0,0,0,0,0,0,-6000,0,0,0,52000,58000,-6000,-6000
061991,牧德元大9C購01  ,0,0,0,0,0,0,0,0,0,-6000,0,0,0,196000,202000,-6000,-6000
062195,聚陽中信9C購01  ,0,0,0,0,0,0,0,0,0,-6000,0,0,0,89000,95000,-6000,-6000
062315,健策凱基9C購01  ,0,0,0,0,0,0,0,0,0,-6000,0,0,0,0,6000,-6000,-6000
063630,智邦元大9B購09  ,0,0,0,0,0,0,0,0,0,-6000,0,0,0,131000,137000,-6000,-6000
063508,緯創群益9B購01  ,0,0,0,0,0,0,0,0,0,-6000,0,0,0,66000,72000,-6000,-6000
063190,聯茂凱基9B購01  ,0,0,0,0,0,0,0,0,0,-6000,0,0,0,15000,21000,-6000,-6000
064197,智伸科群益9C購01,0,0,0,0,0,0,0,0,0,-6000,0,0,0,2000,8000,-6000,-6000
064120,鴻海元大9C購07  ,0,0,0,0,0,0,0,0,0,-6000,0,0,0,0,6000,-6000,-6000
3591,艾笛森          ,28000,33000,-5000,0,0,0,0,0,0,-1000,0,1000,-1000,0,0,0,-6000
064845,華通元富9C購02  ,0,0,0,0,0,0,0,0,0,-7000,0,0,0,0,7000,-7000,-7000
064639,聚陽凱基02購01  ,0,0,0,0,0,0,0,0,0,-7000,0,0,0,0,7000,-7000,-7000
064663,鴻海元大9C購11  ,0,0,0,0,0,0,0,0,0,-7000,0,0,0,0,7000,-7000,-7000
064698,致伸群益9C購01  ,0,0,0,0,0,0,0,0,0,-7000,0,0,0,0,7000,-7000,-7000
064480,聚陽永豐9C購01  ,0,0,0,0,0,0,0,0,0,-7000,0,0,0,10000,17000,-7000,-7000
065005,台光電國票01購02,0,0,0,0,0,0,0,0,0,-7000,0,0,0,0,7000,-7000,-7000
06803P,臺股指群益98售09,0,0,0,0,0,0,0,0,0,-7000,0,0,0,20000,27000,-7000,-7000
07996P,亞德客凱基9B售03,0,0,0,0,0,0,0,0,0,-7000,0,0,0,0,7000,-7000,-7000
055899,群創中信99購01  ,0,0,0,0,0,0,0,0,0,-7000,0,0,0,6000,13000,-7000,-7000
056385,創意國泰99購01  ,0,0,0,0,0,0,0,0,0,-7000,0,0,0,30000,37000,-7000,-7000
057244,鈺齊凱基99購01  ,0,0,0,0,0,0,0,0,0,-7000,0,0,0,3000,10000,-7000,-7000
057152,緯穎國票99購03  ,0,0,0,0,0,0,0,0,0,-7000,0,0,0,0,7000,-7000,-7000
061135,聯發科統一9C購03,0,0,0,0,0,0,0,0,0,-7000,0,0,0,20000,27000,-7000,-7000
061037,嘉澤永豐9A購01  ,0,0,0,0,0,0,0,0,0,-7000,0,0,0,20000,27000,-7000,-7000
058531,華通元富99購01  ,0,0,0,0,0,0,0,0,0,-7000,0,0,0,10000,17000,-7000,-7000
054418,茂林元大97購01  ,0,0,0,0,0,0,0,0,0,-7000,0,0,0,0,7000,-7000,-7000
054756,世紀鋼凱基99購01,0,0,0,0,0,0,0,0,0,-7000,0,0,0,10000,17000,-7000,-7000
054697,凌華永豐97購01  ,0,0,0,0,0,0,0,0,0,-7000,0,0,0,3000,10000,-7000,-7000
056592,台積電元富98購01,0,0,0,0,0,0,0,0,0,-7000,0,0,0,31000,38000,-7000,-7000
052130,國巨凱基9B購01  ,0,0,0,0,0,0,0,0,0,-7000,0,0,0,3000,10000,-7000,-7000
058139,臻鼎元大99購01  ,0,0,0,0,0,0,0,0,0,-7000,0,0,0,100000,107000,-7000,-7000
058249,緯穎元大99購04  ,0,0,0,0,0,0,0,0,0,-7000,0,0,0,76000,83000,-7000,-7000
060352,滬深2X元富9A購02,0,0,0,0,0,0,0,0,0,-7000,0,0,0,0,7000,-7000,-7000
060365,京鼎元富9A購01  ,0,0,0,0,0,0,0,0,0,-7000,0,0,0,0,7000,-7000,-7000
060394,欣興麥證9A購01  ,0,0,0,25000,32000,-7000,0,0,0,-7000,0,0,0,25000,32000,-7000,-7000
059027,神達台新99購02  ,0,0,0,0,0,0,0,0,0,-7000,0,0,0,0,7000,-7000,-7000
060088,國巨元大99購30  ,0,0,0,0,0,0,0,0,0,-7000,0,0,0,29000,36000,-7000,-7000
059284,緯穎永豐99購03  ,0,0,0,0,0,0,0,0,0,-7000,0,0,0,19000,26000,-7000,-7000
059296,大立光元富99購06,0,0,0,0,0,0,0,0,0,-7000,0,0,0,1000,8000,-7000,-7000
059149,臺股指國票99購12,0,0,0,0,0,0,0,0,0,-7000,0,0,0,0,7000,-7000,-7000
059924,世紀鋼元大99購06,0,0,0,0,0,0,0,0,0,-7000,0,0,0,8000,15000,-7000,-7000
059887,華新科國票99購02,0,0,0,0,0,0,0,0,0,-7000,0,0,0,0,7000,-7000,-7000
060243,潤泰全元大9C購02,0,0,0,0,0,0,0,0,0,-7000,0,0,0,8000,15000,-7000,-7000
058684,健策凱基99購02  ,0,0,0,0,0,0,0,0,0,-7000,0,0,0,0,7000,-7000,-7000
058654,鴻海中信03購01  ,0,0,0,0,0,0,0,0,0,-7000,0,0,0,1000,8000,-7000,-7000
059788,華新科元大9A購05,0,0,0,0,0,0,0,0,0,-7000,0,0,0,30000,37000,-7000,-7000
064244,GIS統一02購01   ,0,0,0,0,0,0,0,0,0,-7000,0,0,0,13000,20000,-7000,-7000
063869,玉晶光永豐9C購01,0,0,0,0,0,0,0,0,0,-7000,0,0,0,15000,22000,-7000,-7000
06355P,聯茂永豐97售02  ,0,0,0,0,0,0,0,0,0,-7000,0,0,0,0,7000,-7000,-7000
063628,華通元大9B購09  ,0,0,0,0,0,0,0,0,0,-7000,0,0,0,27000,34000,-7000,-7000
063597,健策中信9B購02  ,0,0,0,0,0,0,0,0,0,-7000,0,0,0,13000,20000,-7000,-7000
063439,正隆統一01購01  ,0,0,0,0,0,0,0,0,0,-7000,0,0,0,68000,75000,-7000,-7000
062189,康控元大9B購02  ,0,0,0,0,0,0,0,0,0,-7000,0,0,0,34000,41000,-7000,-7000
061576,華新科元大9A購21,0,0,0,0,0,0,0,0,0,-7000,0,0,0,1000,8000,-7000,-7000
061859,勤誠國票9B購01  ,0,0,0,0,0,0,0,0,0,-7000,0,0,0,0,7000,-7000,-7000
062560,奇鋐凱基9B購02  ,0,0,0,0,0,0,0,0,0,-7000,0,0,0,57000,64000,-7000,-7000
062787,超眾元大9C購02  ,0,0,0,0,0,0,0,0,0,-7000,0,0,0,17000,24000,-7000,-7000
062826,奇力新群益9C購01,0,0,0,0,0,0,0,0,0,-7000,0,0,0,10000,17000,-7000,-7000
062721,美律凱基9B購02  ,0,0,0,0,0,0,0,0,0,-7000,0,0,0,0,7000,-7000,-7000
4555,氣立            ,13000,20000,-7000,0,0,0,0,0,0,0,0,0,0,0,0,0,-7000
07920P,大立光中信01售01,0,0,0,0,0,0,0,0,0,-8000,0,0,0,1000,9000,-8000,-8000
07867P,晶技元大9B售01  ,0,0,0,0,0,0,0,0,0,-8000,0,0,0,0,8000,-8000,-8000
08374P,緯穎凱基9C售01  ,0,0,0,0,0,0,0,0,0,-8000,0,0,0,42000,50000,-8000,-8000
08393P,鴻海群益9C售05  ,0,0,0,0,0,0,0,0,0,-8000,0,0,0,6583000,6591000,-8000,-8000
08220P,華邦電凱基9B售02,0,0,0,0,0,0,0,0,0,-8000,0,0,0,2000,10000,-8000,-8000
07392P,台積電國泰02售01,0,0,0,0,0,0,0,0,0,-8000,0,0,0,2000,10000,-8000,-8000
064657,和大元大9C購02  ,0,0,0,0,0,0,0,0,0,-8000,0,0,0,0,8000,-8000,-8000
064739,智邦國票01購01  ,0,0,0,0,0,0,0,0,0,-8000,0,0,0,0,8000,-8000,-8000
03681C,台灣50凱基02牛02,0,0,0,0,0,0,0,0,0,-8000,0,0,0,0,8000,-8000,-8000
02001L,富邦蘋果正二N   ,0,0,0,0,0,0,0,0,0,-8000,0,0,0,1000,9000,-8000,-8000
00733,富邦臺灣中小    ,0,0,0,0,0,0,0,0,0,-8000,0,0,0,214000,222000,-8000,-8000
054967,神達元大97購01  ,0,0,0,0,0,0,0,0,0,-8000,0,0,0,2000,10000,-8000,-8000
054059,欣興國票97購03  ,0,0,0,0,0,0,0,0,0,-8000,0,0,0,50000,58000,-8000,-8000
054930,群電凱基98購01  ,0,0,0,0,0,0,0,0,0,-8000,0,0,0,0,8000,-8000,-8000
058585,S&P正2中信9B購02,0,0,0,0,0,0,0,0,0,-8000,0,0,0,4000,12000,-8000,-8000
057119,微星康和98購01  ,0,0,0,0,0,0,0,0,0,-8000,0,0,0,68000,76000,-8000,-8000
056428,台達電凱基99購01,0,0,0,0,0,0,0,0,0,-8000,0,0,0,0,8000,-8000,-8000
056139,貿聯元大97購04  ,0,0,0,0,0,0,0,0,0,-8000,0,0,0,68000,76000,-8000,-8000
056127,致新國票98購02  ,0,0,0,0,0,0,0,0,0,-8000,0,0,0,0,8000,-8000,-8000
055535,緯創群益98購01  ,0,0,0,0,0,0,0,0,0,-8000,0,0,0,0,8000,-8000,-8000
055589,台光電元大98購04,0,0,0,0,0,0,0,0,0,-8000,0,0,0,5000,13000,-8000,-8000
055729,金寶元富99購01  ,0,0,0,0,0,0,0,0,0,-8000,0,0,0,0,8000,-8000,-8000
060678,聯詠元大9A購03  ,0,0,0,0,0,0,0,0,0,-8000,0,0,0,0,8000,-8000,-8000
059797,大立光國票99購01,0,0,0,0,0,0,0,0,0,-8000,0,0,0,2000,10000,-8000,-8000
058403,玉晶光元大99購12,0,0,0,0,0,0,0,0,0,-8000,0,0,0,63000,71000,-8000,-8000
058669,上銀群益99購01  ,0,0,0,0,0,0,0,0,0,-8000,0,0,0,11000,19000,-8000,-8000
060621,玉晶光元大9A購05,0,0,0,0,0,0,0,0,0,-8000,0,0,0,68000,76000,-8000,-8000
058881,全新永豐99購01  ,0,0,0,0,0,0,0,0,0,-8000,0,0,0,2000,10000,-8000,-8000
059516,TPK永豐99購01   ,0,0,0,0,0,0,0,0,0,-8000,0,0,0,2000,10000,-8000,-8000
059443,嘉聯益元大9B購01,0,0,0,0,0,0,0,0,0,-8000,0,0,0,30000,38000,-8000,-8000
058074,欣興凱基99購01  ,0,0,0,0,0,0,0,0,0,-8000,0,0,0,2000,10000,-8000,-8000
060011,臺股指群益9C購06,0,0,0,0,0,0,0,0,0,-8000,0,0,0,2000,10000,-8000,-8000
060499,鴻海元大9A購11  ,0,0,0,0,0,0,0,0,0,-8000,0,0,0,1000,9000,-8000,-8000
057935,晶技群益98購02  ,0,0,0,0,0,0,0,0,0,-8000,0,0,0,10000,18000,-8000,-8000
061424,華新科元大9A購18,0,0,0,0,0,0,0,0,0,-8000,0,0,0,0,8000,-8000,-8000
061359,台灣50兆豐9C購02,0,0,0,0,0,0,0,0,0,-8000,0,0,0,0,8000,-8000,-8000
062854,日電貿永豐9B購01,0,0,0,0,0,0,0,0,0,-8000,0,0,0,0,8000,-8000,-8000
062984,致新元富9B購01  ,0,0,0,0,0,0,0,0,0,-8000,0,0,0,129000,137000,-8000,-8000
062610,啟碁凱基9B購01  ,0,0,0,0,0,0,0,0,0,-8000,0,0,0,42000,50000,-8000,-8000
062467,國巨凱基9B購08  ,0,0,0,0,0,0,0,0,0,-8000,0,0,0,37000,45000,-8000,-8000
062448,健策元大9C購04  ,0,0,0,0,0,0,0,0,0,-8000,0,0,0,58000,66000,-8000,-8000
062439,聯發科元大9B購10,0,0,0,0,0,0,0,0,0,-8000,0,0,0,16000,24000,-8000,-8000
062039,聯發科凱基9B購07,0,0,0,0,0,0,0,0,0,-8000,0,0,0,0,8000,-8000,-8000
063243,聯發科元大9B購20,0,0,0,0,0,0,0,0,0,-8000,0,0,0,5000,13000,-8000,-8000
063662,上銀統一01購03  ,0,0,0,0,0,0,0,0,0,-8000,0,0,0,32000,40000,-8000,-8000
064896,華新科群益01購02,0,0,0,0,0,0,0,0,0,-9000,0,0,0,11000,20000,-9000,-9000
064271,鴻海元大9C購08  ,0,0,0,0,0,0,0,0,0,-9000,0,0,0,0,9000,-9000,-9000
06426P,T50正2元大9B售01,0,0,0,0,0,0,0,0,0,-9000,0,0,0,0,9000,-9000,-9000
07184P,台灣50元富01售01,0,0,0,0,0,0,0,0,0,-9000,0,0,0,0,9000,-9000,-9000
07103P,南電元大99售04  ,0,0,0,0,0,0,0,0,0,-9000,0,0,0,35000,44000,-9000,-9000
07039P,南電台新99售01  ,0,0,0,0,0,0,0,0,0,-9000,0,0,0,4000,13000,-9000,-9000
06570P,大立光永豐98售01,0,0,0,0,0,0,0,0,0,-9000,0,0,0,0,9000,-9000,-9000
08156P,大立光元富9B售05,0,0,0,0,0,0,0,0,0,-9000,0,0,0,31000,40000,-9000,-9000
08081P,台灣50元大9B售20,0,0,0,0,0,0,0,0,0,-9000,0,0,0,0,9000,-9000,-9000
08396P,鴻海元富9C售04  ,0,0,0,0,0,0,0,0,0,-9000,0,0,0,12000,21000,-9000,-9000
07912P,玉晶光統一9B售02,0,0,0,0,0,0,0,0,0,-9000,0,0,0,2000,11000,-9000,-9000
07886P,國巨國票9B售06  ,0,0,0,0,0,0,0,0,0,-9000,0,0,0,1000,10000,-9000,-9000
08017P,華新科國票9B售01,0,0,0,0,0,0,0,0,0,-9000,0,0,0,0,9000,-9000,-9000
07940P,國巨群益9B售06  ,0,0,0,0,0,0,0,0,0,-9000,0,0,0,1000,10000,-9000,-9000
07655P,台灣50凱基01售09,0,0,0,0,0,0,0,0,0,-9000,0,0,0,0,9000,-9000,-9000
07722P,玉晶光凱基9A售10,0,0,0,0,0,0,0,0,0,-9000,0,0,0,21000,30000,-9000,-9000
07794P,智邦國票9A售03  ,0,0,0,0,0,0,0,0,0,-9000,0,0,0,1000,10000,-9000,-9000
2466,冠西電          ,24000,34000,-10000,0,0,0,0,0,0,1000,1000,0,1000,0,0,0,-9000
2458,義隆            ,1786000,1757000,29000,0,0,0,0,40000,-40000,2000,92000,126000,-34000,73000,37000,36000,-9000
056447,聯發科凱基98購09,0,0,0,0,0,0,0,0,0,-9000,0,0,0,0,9000,-9000,-9000
057201,華擎元富98購01  ,0,0,0,0,0,0,0,0,0,-9000,0,0,0,6000,15000,-9000,-9000
057385,光罩永豐99購01  ,0,0,0,0,0,0,0,0,0,-9000,0,0,0,1000,10000,-9000,-9000
058580,華新科群益99購02,0,0,0,0,0,0,0,0,0,-9000,0,0,0,0,9000,-9000,-9000
058497,新日興群益9B購01,0,0,0,0,0,0,0,0,0,-9000,0,0,0,69000,78000,-9000,-9000
055032,億光富邦99購01  ,0,0,0,0,0,0,0,0,0,-9000,0,0,0,1000,10000,-9000,-9000
057550,聯發科凱基02購01,0,0,0,0,0,0,0,0,0,-9000,0,0,0,4000,13000,-9000,-9000
051897,台光電國泰97購01,0,0,0,0,0,0,0,0,0,-9000,0,0,0,0,9000,-9000,-9000
00666R,富邦恒生國企反1 ,0,0,0,0,0,0,0,0,0,-9000,0,0,0,93000,102000,-9000,-9000
03683C,T50反1元大9C牛04,0,0,0,0,0,0,0,0,0,-9000,0,0,0,1000,10000,-9000,-9000
053316,友達群益9A購01  ,0,0,0,0,0,0,0,0,0,-9000,0,0,0,0,9000,-9000,-9000
061788,信邦群益9B購01  ,0,0,0,0,0,0,0,0,0,-9000,0,0,0,10000,19000,-9000,-9000
061716,瑞儀凱基9B購01  ,0,0,0,0,0,0,0,0,0,-9000,0,0,0,19000,28000,-9000,-9000
061409,力成國票9A購02  ,0,0,0,0,0,0,0,0,0,-9000,0,0,0,0,9000,-9000,-9000
061026,南電富邦9B購01  ,0,0,0,0,0,0,0,0,0,-9000,0,0,0,1000,10000,-9000,-9000
057962,超眾元大99購03  ,0,0,0,0,0,0,0,0,0,-9000,0,0,0,4000,13000,-9000,-9000
060320,元金2X群益02購01,0,0,0,0,0,0,0,0,0,-9000,0,0,0,1000,10000,-9000,-9000
059456,智易永豐99購01  ,0,0,0,0,0,0,0,0,0,-9000,0,0,0,0,9000,-9000,-9000
059474,元石油群益99購01,0,0,0,0,0,0,0,0,0,-9000,0,0,0,1000,10000,-9000,-9000
059435,大立光元大99購17,0,0,0,0,0,0,0,0,0,-9000,0,0,0,11000,20000,-9000,-9000
059082,華通元大99購06  ,0,0,0,0,0,0,0,0,0,-9000,0,0,0,1000,10000,-9000,-9000
059151,臺股指國票99購14,0,0,0,0,0,0,0,0,0,-9000,0,0,0,4000,13000,-9000,-9000
057882,華通群益9A購03  ,0,0,0,0,0,0,0,0,0,-9000,0,0,0,0,9000,-9000,-9000
057840,健策富邦99購01  ,0,0,0,0,0,0,0,0,0,-9000,0,0,0,1000,10000,-9000,-9000
060738,矽格統一9C購01  ,0,0,0,0,0,0,0,0,0,-9000,0,0,0,0,9000,-9000,-9000
059721,旺宏元大99購16  ,0,0,0,0,0,0,0,0,0,-9000,0,0,0,32000,41000,-9000,-9000
059783,旺宏元大99購17  ,0,0,0,0,0,0,0,0,0,-9000,0,0,0,8000,17000,-9000,-9000
058765,緯穎群益99購03  ,0,0,0,0,0,0,0,0,0,-9000,0,0,0,0,9000,-9000,-9000
063685,鴻海永豐9B購03  ,0,0,0,0,0,0,0,0,0,-9000,0,0,0,0,9000,-9000,-9000
063721,道瓊銀元大9B購03,0,0,0,0,0,0,0,0,0,-9000,0,0,0,1000,10000,-9000,-9000
063793,和大凱基9C購01  ,0,0,0,0,0,0,0,0,0,-9000,0,0,0,3000,12000,-9000,-9000
063950,信邦元大9C購01  ,0,0,0,0,0,0,0,0,0,-9000,0,0,0,0,9000,-9000,-9000
064227,和碩國票01購01  ,0,0,0,0,0,0,0,0,0,-9000,0,0,0,1000,10000,-9000,-9000
064103,大立光群益9C購03,0,0,0,0,0,0,0,0,0,-9000,0,0,0,11000,20000,-9000,-9000
063178,聯發科兆豐9B購04,0,0,0,0,0,0,0,0,0,-9000,0,0,0,0,9000,-9000,-9000
063543,技嘉台新9B購02  ,0,0,0,0,0,0,0,0,0,-9000,0,0,0,0,9000,-9000,-9000
061486,國巨兆豐9B購02  ,0,0,0,0,0,0,0,0,0,-9000,0,0,0,32000,41000,-9000,-9000
062128,祥碩統一01購01  ,0,0,0,0,0,0,0,0,0,-9000,0,0,0,13000,22000,-9000,-9000
062636,聯鈞國票9B購01  ,0,0,0,0,0,0,0,0,0,-9000,0,0,0,38000,47000,-9000,-9000
06284P,台積電國票98售03,0,0,0,0,0,0,0,0,0,-9000,0,0,0,1000,10000,-9000,-9000
9942,茂順            ,22000,31000,-9000,0,0,0,0,0,0,0,0,0,0,0,0,0,-9000
2707,晶華            ,26000,16000,10000,0,0,0,2000,0,2000,-22000,3000,25000,-22000,0,0,0,-10000
2017,官田鋼          ,57000,68000,-11000,0,0,0,0,0,0,1000,1000,0,1000,0,0,0,-10000
07798P,同欣電國票9A售01,0,0,0,0,0,0,0,0,0,-10000,0,0,0,0,10000,-10000,-10000
07793P,同欣電元大9A售02,0,0,0,0,0,0,0,0,0,-10000,0,0,0,10000,20000,-10000,-10000
07777P,創意元大9A售03  ,0,0,0,0,0,0,0,0,0,-10000,0,0,0,10000,20000,-10000,-10000
07717P,臺股指群益9A售06,0,0,0,0,0,0,0,0,0,-10000,0,0,0,0,10000,-10000,-10000
07683P,宏達電凱基9A售03,0,0,0,0,0,0,0,0,0,-10000,0,0,0,0,10000,-10000,-10000
07977P,華新科群益01售01,0,0,0,0,0,0,0,0,0,-10000,0,0,0,100000,110000,-10000,-10000
07931P,國巨元大9B售03  ,0,0,0,0,0,0,0,0,0,-10000,0,0,0,0,10000,-10000,-10000
08029P,臺股指元大9B售36,0,0,0,0,0,0,0,0,0,-10000,0,0,0,0,10000,-10000,-10000
07994P,臺股指群益9B售04,0,0,0,0,0,0,0,0,0,-10000,0,0,0,130000,140000,-10000,-10000
07887P,台積電國票9C售03,0,0,0,0,0,0,0,0,0,-10000,0,0,0,0,10000,-10000,-10000
07877P,晶技永豐9B售01  ,0,0,0,0,0,0,0,0,0,-10000,0,0,0,0,10000,-10000,-10000
07903P,台積電群益9B售03,0,0,0,0,0,0,0,0,0,-10000,0,0,0,10000,20000,-10000,-10000
08414P,超眾凱基9C售02  ,0,0,0,0,0,0,0,0,0,-10000,0,0,0,0,10000,-10000,-10000
08356P,聯發科元大9C售08,0,0,0,0,0,0,0,0,0,-10000,0,0,0,0,10000,-10000,-10000
08366P,祥碩凱基9C售04  ,0,0,0,0,0,0,0,0,0,-10000,0,0,0,10000,20000,-10000,-10000
08362P,國巨凱基02售01  ,0,0,0,0,0,0,0,0,0,-10000,0,0,0,0,10000,-10000,-10000
08259P,華新科元大9C售04,0,0,0,0,0,0,0,0,0,-10000,0,0,0,70000,80000,-10000,-10000
08252P,台積電國票9C售06,0,0,0,0,0,0,0,0,0,-10000,0,0,0,0,10000,-10000,-10000
08249P,聯發科群益9C售06,0,0,0,0,0,0,0,0,0,-10000,0,0,0,0,10000,-10000,-10000
08274P,台積電元富9C售02,0,0,0,0,0,0,0,0,0,-10000,0,0,0,0,10000,-10000,-10000
08328P,國巨國票9C售07  ,0,0,0,0,0,0,0,0,0,-10000,0,0,0,0,10000,-10000,-10000
08174P,國巨統一9B售17  ,0,0,0,0,0,0,0,0,0,-10000,0,0,0,0,10000,-10000,-10000
08196P,上銀元大9B售07  ,0,0,0,0,0,0,0,0,0,-10000,0,0,0,0,10000,-10000,-10000
06527P,T50正2富邦9C售01,0,0,0,0,0,0,0,0,0,-10000,0,0,0,0,10000,-10000,-10000
06655P,TPK元大98售02   ,0,0,0,0,0,0,0,0,0,-10000,0,0,0,0,10000,-10000,-10000
06955P,臻鼎元富99售01  ,0,0,0,0,0,0,0,0,0,-10000,0,0,0,0,10000,-10000,-10000
06828P,臺股指國票98售04,0,0,0,0,0,0,0,0,0,-10000,0,0,0,45000,55000,-10000,-10000
06841P,臺股指統一9A售02,0,0,0,0,0,0,0,0,0,-10000,0,0,0,0,10000,-10000,-10000
06848P,聯詠元大98售04  ,0,0,0,0,0,0,0,0,0,-10000,0,0,0,50000,60000,-10000,-10000
06863P,欣興凱基98售05  ,0,0,0,0,0,0,0,0,0,-10000,0,0,0,5000,15000,-10000,-10000
07149P,健鼎元大99售03  ,0,0,0,0,0,0,0,0,0,-10000,0,0,0,0,10000,-10000,-10000
07087P,聯發科台新99售02,0,0,0,0,0,0,0,0,0,-10000,0,0,0,0,10000,-10000,-10000
07183P,臺股指凱基99售25,0,0,0,0,0,0,0,0,0,-10000,0,0,0,20000,30000,-10000,-10000
07215P,大立光凱基99售07,0,0,0,0,0,0,0,0,0,-10000,0,0,0,0,10000,-10000,-10000
07212P,聯發科凱基99售14,0,0,0,0,0,0,0,0,0,-10000,0,0,0,20000,30000,-10000,-10000
07236P,台灣50國票99售05,0,0,0,0,0,0,0,0,0,-10000,0,0,0,0,10000,-10000,-10000
07293P,臺股指凱基99售45,0,0,0,0,0,0,0,0,0,-10000,0,0,0,5000,15000,-10000,-10000
07395P,台積電群益99售13,0,0,0,0,0,0,0,0,0,-10000,0,0,0,0,10000,-10000,-10000
07446P,台灣50元大9A售06,0,0,0,0,0,0,0,0,0,-10000,0,0,0,0,10000,-10000,-10000
07442P,華航康和9A售02  ,0,0,0,0,0,0,0,0,0,-10000,0,0,0,0,10000,-10000,-10000
07328P,FBVIX國泰9B售01 ,0,0,0,0,0,0,0,0,0,-10000,0,0,0,10000,20000,-10000,-10000
07360P,台積電元大99售46,0,0,0,0,0,0,0,0,0,-10000,0,0,0,0,10000,-10000,-10000
07529P,國巨凱基9A售11  ,0,0,0,0,0,0,0,0,0,-10000,0,0,0,0,10000,-10000,-10000
07462P,臺股指元大9B售05,0,0,0,0,0,0,0,0,0,-10000,0,0,0,0,10000,-10000,-10000
07481P,大立光台新9A售01,0,0,0,0,0,0,0,0,0,-10000,0,0,0,0,10000,-10000,-10000
064282,大立光元大9C購13,0,0,0,0,0,0,0,0,0,-10000,0,0,0,0,10000,-10000,-10000
064429,鴻海凱基03購03  ,0,0,0,0,0,0,0,0,0,-10000,0,0,0,81000,91000,-10000,-10000
064438,大立光凱基01購03,0,0,0,0,0,0,0,0,0,-10000,0,0,0,0,10000,-10000,-10000
064501,大立光元大01購02,0,0,0,0,0,0,0,0,0,-10000,0,0,0,8000,18000,-10000,-10000
064918,中信金統一02購01,0,0,0,0,0,0,0,0,0,-10000,0,0,0,0,10000,-10000,-10000
064893,金像電群益01購02,0,0,0,0,0,0,0,0,0,-10000,0,0,0,0,10000,-10000,-10000
064895,奇力新群益9C購02,0,0,0,0,0,0,0,0,0,-10000,0,0,0,0,10000,-10000,-10000
064948,致茂凱基01購01  ,0,0,0,0,0,0,0,0,0,-10000,0,0,0,0,10000,-10000,-10000
064981,致伸元大9C購01  ,0,0,0,0,0,0,0,0,0,-10000,0,0,0,0,10000,-10000,-10000
064878,大立光兆豐9C購03,0,0,0,0,0,0,0,0,0,-10000,0,0,0,0,10000,-10000,-10000
06487P,聯發科統一99售02,0,0,0,0,0,0,0,0,0,-10000,0,0,0,10000,20000,-10000,-10000
064807,義隆元大9C購03  ,0,0,0,0,0,0,0,0,0,-10000,0,0,0,24000,34000,-10000,-10000
064684,巨大兆豐9C購01  ,0,0,0,0,0,0,0,0,0,-10000,0,0,0,85000,95000,-10000,-10000
064620,大立光元大01購03,0,0,0,0,0,0,0,0,0,-10000,0,0,0,0,10000,-10000,-10000
064621,大立光元大9C購20,0,0,0,0,0,0,0,0,0,-10000,0,0,0,0,10000,-10000,-10000
064609,滬深2X元大9C購12,0,0,0,0,0,0,0,0,0,-10000,0,0,0,0,10000,-10000,-10000
055235,金寶台新98購01  ,0,0,0,0,0,0,0,0,0,-10000,0,0,0,10000,20000,-10000,-10000
055221,矽創凱基97購02  ,0,0,0,0,0,0,0,0,0,-10000,0,0,0,10000,20000,-10000,-10000
055360,台表科凱基97購02,0,0,0,0,0,0,0,0,0,-10000,0,0,0,10000,20000,-10000,-10000
055177,宏達電統一99購01,0,0,0,0,0,0,0,0,0,-10000,0,0,0,0,10000,-10000,-10000
048272,新光金富邦98購01,0,0,0,0,0,0,0,0,0,-10000,0,0,0,0,10000,-10000,-10000
048652,巨大元大96購01  ,0,0,0,0,0,0,0,0,0,-10000,0,0,0,0,10000,-10000,-10000
043642,元金2X國票97購01,0,0,0,0,0,0,0,0,0,-10000,0,0,0,0,10000,-10000,-10000
03029X,元展26          ,0,0,0,0,0,0,0,0,0,-10000,0,0,0,0,10000,-10000,-10000
03450B,臺股指元大9C熊23,0,0,0,0,0,0,0,0,0,-10000,0,0,0,0,10000,-10000,-10000
052388,旺宏群益96購05  ,0,0,0,0,0,0,0,0,0,-10000,0,0,0,0,10000,-10000,-10000
052700,奇鋐國票97購02  ,0,0,0,0,0,0,0,0,0,-10000,0,0,0,0,10000,-10000,-10000
052655,群創統一97購01  ,0,0,0,0,0,0,0,0,0,-10000,0,0,0,0,10000,-10000,-10000
057591,鴻海兆豐99購01  ,0,0,0,0,0,0,0,0,0,-10000,0,0,0,0,10000,-10000,-10000
056665,上証2X國票99購02,0,0,0,0,0,0,0,0,0,-10000,0,0,0,0,10000,-10000,-10000
057598,鴻海群益98購07  ,0,0,0,0,0,0,0,0,0,-10000,0,0,0,0,10000,-10000,-10000
056604,鴻海富邦9A購01  ,0,0,0,0,0,0,0,0,0,-10000,0,0,0,0,10000,-10000,-10000
054861,智邦群益97購01  ,0,0,0,0,0,0,0,0,0,-10000,0,0,0,0,10000,-10000,-10000
054577,世芯元大98購01  ,0,0,0,0,0,0,0,0,0,-10000,0,0,0,0,10000,-10000,-10000
054932,台肥元大97購01  ,0,0,0,0,0,0,0,0,0,-10000,0,0,0,0,10000,-10000,-10000
055426,旺宏群益99購02  ,0,0,0,0,0,0,0,0,0,-10000,0,0,0,0,10000,-10000,-10000
05347P,滬深2X元富9B售02,0,0,0,0,0,0,0,0,0,-10000,0,0,0,0,10000,-10000,-10000
053481,同欣電元大97購01,0,0,0,0,0,0,0,0,0,-10000,0,0,0,0,10000,-10000,-10000
054505,揚明光永豐97購02,0,0,0,0,0,0,0,0,0,-10000,0,0,0,0,10000,-10000,-10000
054273,宏達電中信98購01,0,0,0,0,0,0,0,0,0,-10000,0,0,0,0,10000,-10000,-10000
053784,奇力新元大97購02,0,0,0,0,0,0,0,0,0,-10000,0,0,0,10000,20000,-10000,-10000
053811,國巨群益98購02  ,0,0,0,0,0,0,0,0,0,-10000,0,0,0,10000,20000,-10000,-10000
058528,世紀鋼元大99購02,0,0,0,0,0,0,0,0,0,-10000,0,0,0,0,10000,-10000,-10000
058564,元金2X凱基9C購01,0,0,0,0,0,0,0,0,0,-10000,0,0,0,0,10000,-10000,-10000
061091,奇力新統一9C購02,0,0,0,0,0,0,0,0,0,-10000,0,0,0,0,10000,-10000,-10000
058595,T50正2元富99購01,0,0,0,0,0,0,0,0,0,-10000,0,0,0,0,10000,-10000,-10000
057464,大立光永豐98購02,0,0,0,0,0,0,0,0,0,-10000,0,0,0,0,10000,-10000,-10000
057379,寶成元大98購02  ,0,0,0,0,0,0,0,0,0,-10000,0,0,0,0,10000,-10000,-10000
057315,台灣50康和9A購03,0,0,0,0,0,0,0,0,0,-10000,0,0,0,0,10000,-10000,-10000
057214,瑞昱群益98購01  ,0,0,0,0,0,0,0,0,0,-10000,0,0,0,0,10000,-10000,-10000
057258,中環兆豐98購01  ,0,0,0,0,0,0,0,0,0,-10000,0,0,0,0,10000,-10000,-10000
057178,可成元大98購03  ,0,0,0,0,0,0,0,0,0,-10000,0,0,0,68000,78000,-10000,-10000
057142,力成兆豐98購01  ,0,0,0,0,0,0,0,0,0,-10000,0,0,0,0,10000,-10000,-10000
057064,華新科富邦9B購01,0,0,0,0,0,0,0,0,0,-10000,0,0,0,0,10000,-10000,-10000
057022,智邦凱基98購04  ,0,0,0,0,0,0,0,0,0,-10000,0,0,0,0,10000,-10000,-10000
057035,元油2X元大9B購03,0,0,0,0,0,0,0,0,0,-10000,0,0,0,0,10000,-10000,-10000
056451,可成凱基99購01  ,0,0,0,0,0,0,0,0,0,-10000,0,0,0,0,10000,-10000,-10000
055971,矽力元大97購05  ,0,0,0,0,0,0,0,0,0,-10000,0,0,0,0,10000,-10000,-10000
056076,超眾元大97購05  ,0,0,0,0,0,0,0,0,0,-10000,0,0,0,0,10000,-10000,-10000
056542,緯創凱基98購01  ,0,0,0,0,0,0,0,0,0,-10000,0,0,0,0,10000,-10000,-10000
056993,GIS兆豐99購01   ,0,0,0,0,0,0,0,0,0,-10000,0,0,0,0,10000,-10000,-10000
056340,可成凱基98購04  ,0,0,0,0,0,0,0,0,0,-10000,0,0,0,0,10000,-10000,-10000
056341,宏達電凱基9A購01,0,0,0,0,0,0,0,0,0,-10000,0,0,0,0,10000,-10000,-10000
056361,美律元大99購02  ,0,0,0,0,0,0,0,0,0,-10000,0,0,0,68000,78000,-10000,-10000
056375,玉晶光統一01購01,0,0,0,0,0,0,0,0,0,-10000,0,0,0,196000,206000,-10000,-10000
05620P,大立光富邦9B售01,0,0,0,0,0,0,0,0,0,-10000,0,0,0,0,10000,-10000,-10000
056242,緯創群益9A購01  ,0,0,0,0,0,0,0,0,0,-10000,0,0,0,0,10000,-10000,-10000
055695,大毅國票98購03  ,0,0,0,0,0,0,0,0,0,-10000,0,0,0,8000,18000,-10000,-10000
056817,國巨永豐98購04  ,0,0,0,0,0,0,0,0,0,-10000,0,0,0,0,10000,-10000,-10000
055615,宏達電國票99購02,0,0,0,0,0,0,0,0,0,-10000,0,0,0,20000,30000,-10000,-10000
055562,欣興凱基97購06  ,0,0,0,0,0,0,0,0,0,-10000,0,0,0,0,10000,-10000,-10000
055566,台表科凱基97購03,0,0,0,0,0,0,0,0,0,-10000,0,0,0,0,10000,-10000,-10000
055854,群創元大98購04  ,0,0,0,0,0,0,0,0,0,-10000,0,0,0,10000,20000,-10000,-10000
056899,可成元大98購01  ,0,0,0,0,0,0,0,0,0,-10000,0,0,0,68000,78000,-10000,-10000
056900,可成元大98購02  ,0,0,0,0,0,0,0,0,0,-10000,0,0,0,0,10000,-10000,-10000
056878,元油2X國票99購02,0,0,0,0,0,0,0,0,0,-10000,0,0,0,0,10000,-10000,-10000
056919,英業達兆豐98購01,0,0,0,0,0,0,0,0,0,-10000,0,0,0,0,10000,-10000,-10000
056920,友達兆豐98購02  ,0,0,0,0,0,0,0,0,0,-10000,0,0,0,0,10000,-10000,-10000
056936,禾伸堂元富98購01,0,0,0,0,0,0,0,0,0,-10000,0,0,0,0,10000,-10000,-10000
058736,鈺齊永豐99購02  ,0,0,0,0,0,0,0,0,0,-10000,0,0,0,0,10000,-10000,-10000
058748,景碩凱基9A購01  ,0,0,0,0,0,0,0,0,0,-10000,0,0,0,30000,40000,-10000,-10000
058749,康控凱基99購03  ,0,0,0,0,0,0,0,0,0,-10000,0,0,0,0,10000,-10000,-10000
060681,華擎元大9A購02  ,0,0,0,0,0,0,0,0,0,-10000,0,0,0,0,10000,-10000,-10000
060692,鴻海麥證9A購01  ,0,0,0,0,10000,-10000,0,0,0,-10000,0,0,0,0,10000,-10000,-10000
060693,台積電麥證9A購02,0,0,0,0,10000,-10000,0,0,0,-10000,0,0,0,0,10000,-10000,-10000
059796,台積電國票99購10,0,0,0,0,0,0,0,0,0,-10000,0,0,0,6000,16000,-10000,-10000
059821,美律凱基99購08  ,0,0,0,0,0,0,0,0,0,-10000,0,0,0,15000,25000,-10000,-10000
058408,華通兆豐99購02  ,0,0,0,0,0,0,0,0,0,-10000,0,0,0,0,10000,-10000,-10000
058348,台表科群益99購01,0,0,0,0,0,0,0,0,0,-10000,0,0,0,0,10000,-10000,-10000
058811,台積電統一9A購05,0,0,0,0,0,0,0,0,0,-10000,0,0,0,2000,12000,-10000,-10000
058703,台積電元大99購16,0,0,0,0,0,0,0,0,0,-10000,0,0,0,0,10000,-10000,-10000
059683,康控富邦9C購01  ,0,0,0,0,0,0,0,0,0,-10000,0,0,0,30000,40000,-10000,-10000
059650,緯穎凱基99購04  ,0,0,0,0,0,0,0,0,0,-10000,0,0,0,0,10000,-10000,-10000
058662,禾伸堂兆豐99購01,0,0,0,0,0,0,0,0,0,-10000,0,0,0,0,10000,-10000,-10000
057807,友訊元大98購02  ,0,0,0,0,0,0,0,0,0,-10000,0,0,0,13000,23000,-10000,-10000
057778,大立光群益98購02,0,0,0,0,0,0,0,0,0,-10000,0,0,0,0,10000,-10000,-10000
059637,大立光凱基01購01,0,0,0,0,0,0,0,0,0,-10000,0,0,0,2000,12000,-10000,-10000
060530,聯發科中信9C購03,0,0,0,0,0,0,0,0,0,-10000,0,0,0,0,10000,-10000,-10000
059928,道瓊銀富邦03購01,0,0,0,0,0,0,0,0,0,-10000,0,0,0,0,10000,-10000,-10000
059871,義隆凱基99購03  ,0,0,0,0,0,0,0,0,0,-10000,0,0,0,4000,14000,-10000,-10000
060776,世芯凱基9B購01  ,0,0,0,0,0,0,0,0,0,-10000,0,0,0,0,10000,-10000,-10000
060756,鴻海元大9A購16  ,0,0,0,0,0,0,0,0,0,-10000,0,0,0,0,10000,-10000,-10000
057883,中環群益98購01  ,0,0,0,0,0,0,0,0,0,-10000,0,0,0,10000,20000,-10000,-10000
057874,可成元大99購02  ,0,0,0,0,0,0,0,0,0,-10000,0,0,0,68000,78000,-10000,-10000
059129,麗豐中信99購01  ,0,0,0,0,0,0,0,0,0,-10000,0,0,0,10000,20000,-10000,-10000
059209,華通元大99購08  ,0,0,0,0,0,0,0,0,0,-10000,0,0,0,0,10000,-10000,-10000
059191,茂林富邦9B購01  ,0,0,0,0,0,0,0,0,0,-10000,0,0,0,0,10000,-10000,-10000
058845,元油2X群益9C購04,0,0,0,0,0,0,0,0,0,-10000,0,0,0,0,10000,-10000,-10000
059473,T50反1群益99購03,0,0,0,0,0,0,0,0,0,-10000,0,0,0,0,10000,-10000,-10000
059459,訊芯永豐99購04  ,0,0,0,0,0,0,0,0,0,-10000,0,0,0,0,10000,-10000,-10000
059450,和大永豐99購01  ,0,0,0,0,0,0,0,0,0,-10000,0,0,0,51000,61000,-10000,-10000
059334,A50正2國票9A購02,0,0,0,0,0,0,0,0,0,-10000,0,0,0,0,10000,-10000,-10000
059273,臺指反元大9C購03,0,0,0,0,0,0,0,0,0,-10000,0,0,0,0,10000,-10000,-10000
060330,台灣50麥證9A購03,0,0,0,0,10000,-10000,0,0,0,-10000,0,0,0,0,10000,-10000,-10000
060388,世紀鋼凱基9B購01,0,0,0,0,0,0,0,0,0,-10000,0,0,0,0,10000,-10000,-10000
060485,華新科富邦9C購04,0,0,0,0,0,0,0,0,0,-10000,0,0,0,5000,15000,-10000,-10000
060420,神基永豐9A購01  ,0,0,0,0,0,0,0,0,0,-10000,0,0,0,0,10000,-10000,-10000
060452,儒鴻元大9A購01  ,0,0,0,0,0,0,0,0,0,-10000,0,0,0,30000,40000,-10000,-10000
058908,貿聯元大99購03  ,0,0,0,0,0,0,0,0,0,-10000,0,0,0,180000,190000,-10000,-10000
058904,晶技元大99購05  ,0,0,0,0,0,0,0,0,0,-10000,0,0,0,0,10000,-10000,-10000
05894P,友達群益98售02  ,0,0,0,0,0,0,0,0,0,-10000,0,0,0,0,10000,-10000,-10000
058940,聯發科中信9A購03,0,0,0,0,0,0,0,0,0,-10000,0,0,0,0,10000,-10000,-10000
060833,道瓊反國票9A購01,0,0,0,0,0,0,0,0,0,-10000,0,0,0,0,10000,-10000,-10000
057925,貿聯凱基99購01  ,0,0,0,0,0,0,0,0,0,-10000,0,0,0,0,10000,-10000,-10000
060871,台灣50中信01購03,0,0,0,0,0,0,0,0,0,-10000,0,0,0,11000,21000,-10000,-10000
059987,大立光元大99購28,0,0,0,0,0,0,0,0,0,-10000,0,0,0,0,10000,-10000,-10000
058970,鴻海永豐99購02  ,0,0,0,0,0,0,0,0,0,-10000,0,0,0,0,10000,-10000,-10000
060955,大立光群益9A購02,0,0,0,0,0,0,0,0,0,-10000,0,0,0,0,10000,-10000,-10000
060929,健策永豐9A購01  ,0,0,0,0,0,0,0,0,0,-10000,0,0,0,10000,20000,-10000,-10000
060899,超眾凱基9A購01  ,0,0,0,0,0,0,0,0,0,-10000,0,0,0,0,10000,-10000,-10000
059029,旺宏兆豐99購01  ,0,0,0,0,0,0,0,0,0,-10000,0,0,0,10000,20000,-10000,-10000
058085,景碩群益9A購01  ,0,0,0,0,0,0,0,0,0,-10000,0,0,0,13000,23000,-10000,-10000
058088,鴻海元大9A購01  ,0,0,0,0,0,0,0,0,0,-10000,0,0,0,2000,12000,-10000,-10000
058111,健鼎元富98購01  ,0,0,0,0,0,0,0,0,0,-10000,0,0,0,0,10000,-10000,-10000
058144,聯茂元大99購02  ,0,0,0,0,0,0,0,0,0,-10000,0,0,0,68000,78000,-10000,-10000
061418,世紀鋼群益9A購02,0,0,0,0,0,0,0,0,0,-10000,0,0,0,398000,408000,-10000,-10000
058233,聯發科元大99購06,0,0,0,0,0,0,0,0,0,-10000,0,0,0,0,10000,-10000,-10000
058286,道瓊指國票9B購01,0,0,0,0,0,0,0,0,0,-10000,0,0,0,0,10000,-10000,-10000
061780,國巨群益9C購01  ,0,0,0,0,0,0,0,0,0,-10000,0,0,0,0,10000,-10000,-10000
061803,巨大永豐9B購01  ,0,0,0,0,0,0,0,0,0,-10000,0,0,0,0,10000,-10000,-10000
061709,SP黃豆凱基01購02,0,0,0,0,0,0,0,0,0,-10000,0,0,0,0,10000,-10000,-10000
061710,國巨凱基9A購18  ,0,0,0,0,0,0,0,0,0,-10000,0,0,0,41000,51000,-10000,-10000
061308,元金2X中信9A購01,0,0,0,0,0,0,0,0,0,-10000,0,0,0,0,10000,-10000,-10000
062987,祥碩中信01購01  ,0,0,0,0,0,0,0,0,0,-10000,0,0,0,0,10000,-10000,-10000
063005,道瓊反元大9B購02,0,0,0,0,0,0,0,0,0,-10000,0,0,0,0,10000,-10000,-10000
062964,FBVIX元富9B購01 ,0,0,0,0,0,0,0,0,0,-10000,0,0,0,0,10000,-10000,-10000
062725,大立光凱基9B購06,0,0,0,0,0,0,0,0,0,-10000,0,0,0,0,10000,-10000,-10000
062746,致伸永豐9B購01  ,0,0,0,0,0,0,0,0,0,-10000,0,0,0,0,10000,-10000,-10000
06271P,彩晶凱基97售01  ,0,0,0,0,0,0,0,0,0,-10000,0,0,0,0,10000,-10000,-10000
062821,華擎兆豐9C購01  ,0,0,0,0,0,0,0,0,0,-10000,0,0,0,85000,95000,-10000,-10000
062795,國巨統一9B購15  ,0,0,0,0,0,0,0,0,0,-10000,0,0,0,14000,24000,-10000,-10000
062620,台表科元大9B購04,0,0,0,0,0,0,0,0,0,-10000,0,0,0,5000,15000,-10000,-10000
062640,訊連國票9C購01  ,0,0,0,0,0,0,0,0,0,-10000,0,0,0,0,10000,-10000,-10000
062566,嘉晶中信9C購01  ,0,0,0,0,0,0,0,0,0,-10000,0,0,0,10000,20000,-10000,-10000
062576,華擎群益9B購02  ,0,0,0,0,0,0,0,0,0,-10000,0,0,0,109000,119000,-10000,-10000
062483,致新國票9B購01  ,0,0,0,0,0,0,0,0,0,-10000,0,0,0,0,10000,-10000,-10000
062412,道瓊指中信9C購05,0,0,0,0,0,0,0,0,0,-10000,0,0,0,0,10000,-10000,-10000
062105,國巨國票9C購03  ,0,0,0,0,0,0,0,0,0,-10000,0,0,0,4000,14000,-10000,-10000
062153,智邦麥證9B購01  ,0,0,0,5000,15000,-10000,0,0,0,-10000,0,0,0,5000,15000,-10000,-10000
062317,祥碩凱基9B購03  ,0,0,0,0,0,0,0,0,0,-10000,0,0,0,0,10000,-10000,-10000
061697,世紀鋼群益9A購03,0,0,0,0,0,0,0,0,0,-10000,0,0,0,0,10000,-10000,-10000
061757,T50反1元大9B購01,0,0,0,0,0,0,0,0,0,-10000,0,0,0,0,10000,-10000,-10000
061967,旺宏統一01購04  ,0,0,0,0,0,0,0,0,0,-10000,0,0,0,3000,13000,-10000,-10000
061599,元金反中信9C購01,0,0,0,0,0,0,0,0,0,-10000,0,0,0,0,10000,-10000,-10000
061586,智邦富邦9A購02  ,0,0,0,0,0,0,0,0,0,-10000,0,0,0,0,10000,-10000,-10000
06158P,玉晶光元富97售08,0,0,0,0,0,0,0,0,0,-10000,0,0,0,0,10000,-10000,-10000
061588,聯發科富邦9B購07,0,0,0,0,0,0,0,0,0,-10000,0,0,0,0,10000,-10000,-10000
061916,元金2X凱基02購01,0,0,0,0,0,0,0,0,0,-10000,0,0,0,0,10000,-10000,-10000
063572,麗豐元大9B購01  ,0,0,0,0,0,0,0,0,0,-10000,0,0,0,0,10000,-10000,-10000
063589,美食永豐9B購02  ,0,0,0,0,0,0,0,0,0,-10000,0,0,0,0,10000,-10000,-10000
063457,臺指反元大02購17,0,0,0,0,0,0,0,0,0,-10000,0,0,0,10000,20000,-10000,-10000
063152,健策元富9C購01  ,0,0,0,0,0,0,0,0,0,-10000,0,0,0,0,10000,-10000,-10000
063058,A50正2元富02購01,0,0,0,0,0,0,0,0,0,-10000,0,0,0,0,10000,-10000,-10000
063286,嘉澤元大9B購04  ,0,0,0,0,0,0,0,0,0,-10000,0,0,0,24000,34000,-10000,-10000
06394P,台積電元大97售28,0,0,0,0,0,0,0,0,0,-10000,0,0,0,0,10000,-10000,-10000
063920,大立光元富03購02,0,0,0,0,0,0,0,0,0,-10000,0,0,0,7000,17000,-10000,-10000
063855,臺股指元大9C購08,0,0,0,0,0,0,0,0,0,-10000,0,0,0,0,10000,-10000,-10000
063770,台灣50富邦03購01,0,0,0,0,0,0,0,0,0,-10000,0,0,0,0,10000,-10000,-10000
063712,高鐵凱基9C購01  ,0,0,0,0,0,0,0,0,0,-10000,0,0,0,50000,60000,-10000,-10000
063649,南六元大9C購02  ,0,0,0,0,0,0,0,0,0,-10000,0,0,0,76000,86000,-10000,-10000
064596,台表科統一01購03,0,0,0,0,0,0,0,0,0,-11000,0,0,0,1000,12000,-11000,-11000
06466P,台積電統一9B售01,0,0,0,0,0,0,0,0,0,-11000,0,0,0,0,11000,-11000,-11000
064980,牧德元大01購01  ,0,0,0,0,0,0,0,0,0,-11000,0,0,0,0,11000,-11000,-11000
06445P,大立光凱基98售09,0,0,0,0,0,0,0,0,0,-11000,0,0,0,0,11000,-11000,-11000
06500P,臺股指元大9A售05,0,0,0,0,0,0,0,0,0,-11000,0,0,0,0,11000,-11000,-11000
07926P,上銀統一9B售02  ,0,0,0,0,0,0,0,0,0,-11000,0,0,0,0,11000,-11000,-11000
07894P,燿華元大9B售01  ,0,0,0,0,0,0,0,0,0,-11000,0,0,0,19000,30000,-11000,-11000
056122,勤誠群益97購02  ,0,0,0,0,0,0,0,0,0,-11000,0,0,0,0,11000,-11000,-11000
057369,奇力新元大99購05,0,0,0,0,0,0,0,0,0,-11000,0,0,0,0,11000,-11000,-11000
057386,聯發科永豐98購04,0,0,0,0,0,0,0,0,0,-11000,0,0,0,0,11000,-11000,-11000
059571,奇力新凱基99購06,0,0,0,0,0,0,0,0,0,-11000,0,0,0,0,11000,-11000,-11000
054363,世芯凱基97購01  ,0,0,0,0,0,0,0,0,0,-11000,0,0,0,12000,23000,-11000,-11000
054777,昇陽半國票98購01,0,0,0,0,0,0,0,0,0,-11000,0,0,0,0,11000,-11000,-11000
057689,南亞科凱基99購02,0,0,0,0,0,0,0,0,0,-11000,0,0,0,0,11000,-11000,-11000
01003T,兆豐新光R1      ,0,11000,-11000,0,0,0,0,0,0,0,0,0,0,0,0,0,-11000
0052,富邦科技        ,2000,2000,0,0,0,0,0,0,0,-11000,0,0,0,134000,145000,-11000,-11000
052053,泰鼎凱基96購01  ,0,0,0,0,0,0,0,0,0,-11000,0,0,0,0,11000,-11000,-11000
00680L,元大美債20正2   ,33000,0,33000,0,0,0,0,0,0,-44000,0,0,0,25000,69000,-44000,-11000
055230,大毅國票98購01  ,0,0,0,0,0,0,0,0,0,-11000,0,0,0,9000,20000,-11000,-11000
061435,元金2X凱基9C購03,0,0,0,0,0,0,0,0,0,-11000,0,0,0,0,11000,-11000,-11000
059466,國巨元大99購26  ,0,0,0,0,0,0,0,0,0,-11000,0,0,0,23000,34000,-11000,-11000
060227,和大元大9A購01  ,0,0,0,0,0,0,0,0,0,-11000,0,0,0,8000,19000,-11000,-11000
057768,華新科中信9A購01,0,0,0,0,0,0,0,0,0,-11000,0,0,0,0,11000,-11000,-11000
059791,超眾元大99購06  ,0,0,0,0,0,0,0,0,0,-11000,0,0,0,10000,21000,-11000,-11000
058798,大立光元大99購11,0,0,0,0,0,0,0,0,0,-11000,0,0,0,0,11000,-11000,-11000
063723,儒鴻元大9B購04  ,0,0,0,0,0,0,0,0,0,-11000,0,0,0,66000,77000,-11000,-11000
064010,GIS凱基02購01   ,0,0,0,0,0,0,0,0,0,-11000,0,0,0,129000,140000,-11000,-11000
064011,嘉晶國票9C購01  ,0,0,0,0,0,0,0,0,0,-11000,0,0,0,1000,12000,-11000,-11000
063468,聯詠元大9B購04  ,0,0,0,0,0,0,0,0,0,-11000,0,0,0,30000,41000,-11000,-11000
063411,和潤國票9C購01  ,0,0,0,0,0,0,0,0,0,-11000,0,0,0,11000,22000,-11000,-11000
063344,臺企銀統一9C購01,0,0,0,0,0,0,0,0,0,-11000,0,0,0,141000,152000,-11000,-11000
061869,智邦元大9B購01  ,0,0,0,0,0,0,0,0,0,-11000,0,0,0,95000,106000,-11000,-11000
061559,南亞科國票9A購02,0,0,0,0,0,0,0,0,0,-11000,0,0,0,0,11000,-11000,-11000
061665,旺宏中信9C購01  ,0,0,0,0,0,0,0,0,0,-11000,0,0,0,4000,15000,-11000,-11000
061677,泰碩元大9A購05  ,0,0,0,0,0,0,0,0,0,-11000,0,0,0,0,11000,-11000,-11000
062320,南電凱基9B購03  ,0,0,0,0,0,0,0,0,0,-11000,0,0,0,23000,34000,-11000,-11000
062045,崇越凱基9B購01  ,0,0,0,0,0,0,0,0,0,-11000,0,0,0,60000,71000,-11000,-11000
06293P,臺股指國票97售07,0,0,0,0,0,0,0,0,0,-11000,0,0,0,10000,21000,-11000,-11000
062914,嘉澤元大9B購02  ,0,0,0,0,0,0,0,0,0,-11000,0,0,0,5000,16000,-11000,-11000
1737,臺鹽            ,35000,48000,-13000,0,0,0,0,0,0,1000,1000,0,1000,0,0,0,-12000
06558P,旺宏元富98售02  ,0,0,0,0,0,0,0,0,0,-12000,0,0,0,3000,15000,-12000,-12000
06693P,臺股指凱基98售01,0,0,0,0,0,0,0,0,0,-12000,0,0,0,22000,34000,-12000,-12000
07538P,玉晶光元富9A售05,0,0,0,0,0,0,0,0,0,-12000,0,0,0,0,12000,-12000,-12000
07402P,瑞昱凱基99售02  ,0,0,0,0,0,0,0,0,0,-12000,0,0,0,0,12000,-12000,-12000
07056P,臺股指麥證99售02,0,0,0,0,12000,-12000,0,0,0,-12000,0,0,0,0,12000,-12000,-12000
07059P,華通國票9A售02  ,0,0,0,0,0,0,0,0,0,-12000,0,0,0,72000,84000,-12000,-12000
064390,台塑永豐9C購01  ,0,0,0,0,0,0,0,0,0,-12000,0,0,0,0,12000,-12000,-12000
064399,和大凱基02購01  ,0,0,0,0,0,0,0,0,0,-12000,0,0,0,44000,56000,-12000,-12000
064933,矽創統一01購01  ,0,0,0,0,0,0,0,0,0,-12000,0,0,0,0,12000,-12000,-12000
064833,新光金統一02購01,0,0,0,0,0,0,0,0,0,-12000,0,0,0,0,12000,-12000,-12000
056581,超眾元大99購01  ,0,0,0,0,0,0,0,0,0,-12000,0,0,0,20000,32000,-12000,-12000
056579,麗豐元大99購01  ,0,0,0,0,0,0,0,0,0,-12000,0,0,0,411000,423000,-12000,-12000
056904,大立光元大99購05,0,0,0,0,0,0,0,0,0,-12000,0,0,0,0,12000,-12000,-12000
056744,麗豐凱基9A購01  ,0,0,0,0,0,0,0,0,0,-12000,0,0,0,43000,55000,-12000,-12000
055468,智邦凱基97購04  ,0,0,0,0,0,0,0,0,0,-12000,0,0,0,0,12000,-12000,-12000
056191,世紀鋼統一97購01,0,0,0,0,0,0,0,0,0,-12000,0,0,0,50000,62000,-12000,-12000
056552,台表科凱基99購01,0,0,0,0,0,0,0,0,0,-12000,0,0,0,0,12000,-12000,-12000
058752,鈺齊凱基9A購01  ,0,0,0,0,0,0,0,0,0,-12000,0,0,0,23000,35000,-12000,-12000
059807,大立光元富99購09,0,0,0,0,0,0,0,0,0,-12000,0,0,0,1000,13000,-12000,-12000
059732,超眾元大9A購01  ,0,0,0,0,0,0,0,0,0,-12000,0,0,0,0,12000,-12000,-12000
059528,華新科凱基99購06,0,0,0,0,0,0,0,0,0,-12000,0,0,0,34000,46000,-12000,-12000
059262,致茂中信01購01  ,0,0,0,0,0,0,0,0,0,-12000,0,0,0,12000,24000,-12000,-12000
058896,中環元大99購03  ,0,0,0,0,0,0,0,0,0,-12000,0,0,0,16000,28000,-12000,-12000
061200,道瓊反元大9A購06,0,0,0,0,0,0,0,0,0,-12000,0,0,0,0,12000,-12000,-12000
061767,信邦元大9B購01  ,0,0,0,0,0,0,0,0,0,-12000,0,0,0,45000,57000,-12000,-12000
058932,FBVIX台新99購01 ,0,0,0,0,0,0,0,0,0,-12000,0,0,0,0,12000,-12000,-12000
060480,億豐元大9A購02  ,0,0,0,0,0,0,0,0,0,-12000,0,0,0,0,12000,-12000,-12000
063008,華通元大9B購06  ,0,0,0,0,0,0,0,0,0,-12000,0,0,0,2000,14000,-12000,-12000
062830,玉晶光群益01購05,0,0,0,0,0,0,0,0,0,-12000,0,0,0,0,12000,-12000,-12000
062568,緯穎中信9C購01  ,0,0,0,0,0,0,0,0,0,-12000,0,0,0,23000,35000,-12000,-12000
062121,奇鋐台新9B購01  ,0,0,0,0,0,0,0,0,0,-12000,0,0,0,0,12000,-12000,-12000
062302,聯詠中信05購02  ,0,0,0,0,0,0,0,0,0,-12000,0,0,0,132000,144000,-12000,-12000
062258,奇力新元大9B購03,0,0,0,0,0,0,0,0,0,-12000,0,0,0,0,12000,-12000,-12000
061471,台積電元大9A購31,0,0,0,0,0,0,0,0,0,-12000,0,0,0,27000,39000,-12000,-12000
064110,國巨國票01購01  ,0,0,0,0,0,0,0,0,0,-12000,0,0,0,12000,24000,-12000,-12000
4148,全宇生技-KY     ,84000,96000,-12000,0,0,0,0,0,0,0,1000,1000,0,0,0,0,-12000
064753,英業達凱基9C購01,0,0,0,0,0,0,0,0,0,-13000,0,0,0,50000,63000,-13000,-13000
064900,景碩群益01購01  ,0,0,0,0,0,0,0,0,0,-13000,0,0,0,0,13000,-13000,-13000
07076P,鴻海凱基9A售08  ,0,0,0,0,0,0,0,0,0,-13000,0,0,0,130000,143000,-13000,-13000
06597P,國巨富邦9A售05  ,0,0,0,0,0,0,0,0,0,-13000,0,0,0,52000,65000,-13000,-13000
06861P,台積電國票99售08,0,0,0,0,0,0,0,0,0,-13000,0,0,0,0,13000,-13000,-13000
06958P,FBVIX凱基9C售02 ,0,0,0,0,0,0,0,0,0,-13000,0,0,0,0,13000,-13000,-13000
07033P,大立光統一9B售03,0,0,0,0,0,0,0,0,0,-13000,0,0,0,12000,25000,-13000,-13000
3048,益登            ,126000,56000,70000,0,0,0,0,0,0,-83000,4000,87000,-83000,0,0,0,-13000
2404,漢唐            ,609000,1317000,-708000,0,0,0,91000,0,91000,604000,157000,153000,4000,680000,80000,600000,-13000
08018P,牧德國票9B售04  ,0,0,0,0,0,0,0,0,0,-13000,0,0,0,7000,20000,-13000,-13000
08011P,玉晶光元大9B售05,0,0,0,0,0,0,0,0,0,-13000,0,0,0,77000,90000,-13000,-13000
08043P,電子類群益9B售01,0,0,0,0,0,0,0,0,0,-13000,0,0,0,0,13000,-13000,-13000
05629P,聯發科永昌99售02,0,0,0,0,0,0,0,0,0,-13000,0,0,0,0,13000,-13000,-13000
057343,道瓊反統一9A購01,0,0,0,0,0,0,0,0,0,-13000,0,0,0,0,13000,-13000,-13000
057148,玉晶光國票99購04,0,0,0,0,0,0,0,0,0,-13000,0,0,0,8000,21000,-13000,-13000
057571,泰碩永豐98購01  ,0,0,0,0,0,0,0,0,0,-13000,0,0,0,7000,20000,-13000,-13000
052775,滬深2X國票99購02,0,0,0,0,0,0,0,0,0,-13000,0,0,0,9000,22000,-13000,-13000
061341,華新科元大9A購16,0,0,0,0,0,0,0,0,0,-13000,0,0,0,1000,14000,-13000,-13000
061402,矽創兆豐9B購01  ,0,0,0,0,0,0,0,0,0,-13000,0,0,0,0,13000,-13000,-13000
058121,國巨國票9A購01  ,0,0,0,0,0,0,0,0,0,-13000,0,0,0,0,13000,-13000,-13000
059830,台郡凱基99購05  ,0,0,0,0,0,0,0,0,0,-13000,0,0,0,0,13000,-13000,-13000
064155,大立光統一01購05,0,0,0,0,0,0,0,0,0,-13000,0,0,0,0,13000,-13000,-13000
063905,健策麥證02購01  ,0,0,0,24000,37000,-13000,0,0,0,-13000,0,0,0,24000,37000,-13000,-13000
063329,健策國票9C購01  ,0,0,0,0,0,0,0,0,0,-13000,0,0,0,0,13000,-13000,-13000
063429,南電凱基01購01  ,0,0,0,0,0,0,0,0,0,-13000,0,0,0,10000,23000,-13000,-13000
063505,奇力新群益9B購03,0,0,0,0,0,0,0,0,0,-13000,0,0,0,0,13000,-13000,-13000
063200,瑞昱統一9C購01  ,0,0,0,0,0,0,0,0,0,-13000,0,0,0,155000,168000,-13000,-13000
063101,華通群益9B購07  ,0,0,0,0,0,0,0,0,0,-13000,0,0,0,0,13000,-13000,-13000
062834,立積群益9B購02  ,0,0,0,0,0,0,0,0,0,-13000,0,0,0,120000,133000,-13000,-13000
062735,和大國票9B購01  ,0,0,0,0,0,0,0,0,0,-13000,0,0,0,10000,23000,-13000,-13000
4943,康控-KY         ,393000,419000,-26000,0,0,0,0,9000,-9000,22000,3000,1000,2000,40000,20000,20000,-13000
3209,全科            ,38000,51000,-13000,0,0,0,0,0,0,0,0,0,0,0,0,0,-13000
2906,高林            ,36000,50000,-14000,0,0,0,0,0,0,0,0,0,0,0,0,0,-14000
1603,華電            ,10000,24000,-14000,0,0,0,0,0,0,0,0,0,0,0,0,0,-14000
07303P,臺股指元大9A售36,0,0,0,0,0,0,0,0,0,-14000,0,0,0,80000,94000,-14000,-14000
064877,可成兆豐9C購02  ,0,0,0,0,0,0,0,0,0,-14000,0,0,0,0,14000,-14000,-14000
064592,同欣電永豐9C購01,0,0,0,0,0,0,0,0,0,-14000,0,0,0,0,14000,-14000,-14000
064394,全新永豐9C購02  ,0,0,0,0,0,0,0,0,0,-14000,0,0,0,0,14000,-14000,-14000
035275,台積電台新97購01,0,0,0,0,0,0,0,0,0,-14000,0,0,0,1000,15000,-14000,-14000
03448B,臺股指元大9C熊11,0,0,0,0,0,0,0,0,0,-14000,0,0,0,30000,44000,-14000,-14000
052893,聯電群益98購01  ,0,0,0,0,0,0,0,0,0,-14000,0,0,0,95000,109000,-14000,-14000
050633,義隆群益96購02  ,0,0,0,0,0,0,0,0,0,-14000,0,0,0,6000,20000,-14000,-14000
055182,京鼎統一98購01  ,0,0,0,0,0,0,0,0,0,-14000,0,0,0,0,14000,-14000,-14000
056646,奇鋐凱基99購02  ,0,0,0,0,0,0,0,0,0,-14000,0,0,0,25000,39000,-14000,-14000
054917,聯發科凱基98購05,0,0,0,0,0,0,0,0,0,-14000,0,0,0,0,14000,-14000,-14000
054895,南電統一97購01  ,0,0,0,0,0,0,0,0,0,-14000,0,0,0,6000,20000,-14000,-14000
056408,奇鋐國票99購01  ,0,0,0,0,0,0,0,0,0,-14000,0,0,0,0,14000,-14000,-14000
056519,創意國票99購01  ,0,0,0,0,0,0,0,0,0,-14000,0,0,0,0,14000,-14000,-14000
058777,台光電國票9A購01,0,0,0,0,0,0,0,0,0,-14000,0,0,0,2000,16000,-14000,-14000
060734,華通統一9C購01  ,0,0,0,0,0,0,0,0,0,-14000,0,0,0,11000,25000,-14000,-14000
059860,台積電群益9A購02,0,0,0,0,0,0,0,0,0,-14000,0,0,0,81000,95000,-14000,-14000
059709,上証2X元大9C購01,0,0,0,0,0,0,0,0,0,-14000,0,0,0,0,14000,-14000,-14000
059170,康控凱基9B購01  ,0,0,0,0,0,0,0,0,0,-14000,0,0,0,10000,24000,-14000,-14000
059210,鴻海元大99購26  ,0,0,0,0,0,0,0,0,0,-14000,0,0,0,45000,59000,-14000,-14000
059515,牧德永豐99購01  ,0,0,0,0,0,0,0,0,0,-14000,0,0,0,0,14000,-14000,-14000
060299,友訊國泰9B購01  ,0,0,0,0,0,0,0,0,0,-14000,0,0,0,0,14000,-14000,-14000
061017,國泰金麥證9A購01,0,0,0,84000,98000,-14000,0,0,0,-14000,0,0,0,84000,98000,-14000,-14000
058335,鴻海元富99購06  ,0,0,0,0,0,0,0,0,0,-14000,0,0,0,0,14000,-14000,-14000
061178,晶技凱基9B購01  ,0,0,0,0,0,0,0,0,0,-14000,0,0,0,0,14000,-14000,-14000
061254,道瓊反凱基9A購02,0,0,0,0,0,0,0,0,0,-14000,0,0,0,6000,20000,-14000,-14000
058990,GIS凱基99購02   ,0,0,0,0,0,0,0,0,0,-14000,0,0,0,0,14000,-14000,-14000
062833,世芯群益9B購01  ,0,0,0,0,0,0,0,0,0,-14000,0,0,0,0,14000,-14000,-14000
063007,儒鴻元大9B購01  ,0,0,0,0,0,0,0,0,0,-14000,0,0,0,1000,15000,-14000,-14000
062924,世紀鋼元大9C購04,0,0,0,0,0,0,0,0,0,-14000,0,0,0,0,14000,-14000,-14000
062527,美律統一01購01  ,0,0,0,0,0,0,0,0,0,-14000,0,0,0,81000,95000,-14000,-14000
062341,台表科麥證9C購01,0,0,0,0,14000,-14000,0,0,0,-14000,0,0,0,0,14000,-14000,-14000
06242P,大立光元富9A售02,0,0,0,0,0,0,0,0,0,-14000,0,0,0,11000,25000,-14000,-14000
061474,瑞昱元大9A購04  ,0,0,0,0,0,0,0,0,0,-14000,0,0,0,16000,30000,-14000,-14000
061454,國巨凱基9A購16  ,0,0,0,0,0,0,0,0,0,-14000,0,0,0,84000,98000,-14000,-14000
062074,旺宏元大9B購04  ,0,0,0,0,0,0,0,0,0,-14000,0,0,0,1000,15000,-14000,-14000
062075,智邦元大9B購03  ,0,0,0,0,0,0,0,0,0,-14000,0,0,0,72000,86000,-14000,-14000
062203,燿華國票9C購01  ,0,0,0,0,0,0,0,0,0,-14000,0,0,0,50000,64000,-14000,-14000
062206,緯創國票9B購01  ,0,0,0,0,0,0,0,0,0,-14000,0,0,0,0,14000,-14000,-14000
063213,智伸科國票9C購01,0,0,0,0,0,0,0,0,0,-14000,0,0,0,0,14000,-14000,-14000
064170,儒鴻元富9C購01  ,0,0,0,0,0,0,0,0,0,-14000,0,0,0,122000,136000,-14000,-14000
4108,懷特            ,159000,173000,-14000,0,0,0,0,0,0,0,0,0,0,0,0,0,-14000
6552,易華電          ,75000,92000,-17000,0,0,0,7000,0,7000,-4000,1000,0,1000,0,5000,-5000,-14000
064586,緯創永豐9C購01  ,0,0,0,0,0,0,0,0,0,-15000,0,0,0,6000,21000,-15000,-15000
064623,創意元大9C購04  ,0,0,0,0,0,0,0,0,0,-15000,0,0,0,60000,75000,-15000,-15000
064656,聚陽元大9C購03  ,0,0,0,0,0,0,0,0,0,-15000,0,0,0,85000,100000,-15000,-15000
064771,貿聯中信01購01  ,0,0,0,0,0,0,0,0,0,-15000,0,0,0,0,15000,-15000,-15000
064814,祥碩元大9C購06  ,0,0,0,0,0,0,0,0,0,-15000,0,0,0,0,15000,-15000,-15000
07346P,FBVIX群益99售04 ,0,0,0,0,0,0,0,0,0,-15000,0,0,0,0,15000,-15000,-15000
07389P,臺股指群益9C售08,0,0,0,0,0,0,0,0,0,-15000,0,0,0,6000,21000,-15000,-15000
06761P,台積電元大99售05,0,0,0,0,0,0,0,0,0,-15000,0,0,0,0,15000,-15000,-15000
065017,和大富邦03購01  ,0,0,0,0,0,0,0,0,0,-15000,0,0,0,0,15000,-15000,-15000
2201,裕隆            ,1562000,1848000,-286000,0,0,0,25000,0,25000,246000,61000,141000,-80000,373000,47000,326000,-15000
3010,華立            ,206000,221000,-15000,0,0,0,0,0,0,0,0,0,0,0,0,0,-15000
2616,山隆            ,25000,41000,-16000,0,0,0,0,0,0,1000,1000,0,1000,0,0,0,-15000
07939P,台積電統一9B售14,0,0,0,0,0,0,0,0,0,-15000,0,0,0,0,15000,-15000,-15000
07950P,智邦元大9B售04  ,0,0,0,0,0,0,0,0,0,-15000,0,0,0,0,15000,-15000,-15000
07919P,創意永豐9B售01  ,0,0,0,0,0,0,0,0,0,-15000,0,0,0,30000,45000,-15000,-15000
07749P,台郡凱基9A售01  ,0,0,0,0,0,0,0,0,0,-15000,0,0,0,0,15000,-15000,-15000
056358,友訊元大99購01  ,0,0,0,0,0,0,0,0,0,-15000,0,0,0,0,15000,-15000,-15000
056230,可成凱基98購03  ,0,0,0,0,0,0,0,0,0,-15000,0,0,0,0,15000,-15000,-15000
057143,台郡兆豐98購01  ,0,0,0,0,0,0,0,0,0,-15000,0,0,0,0,15000,-15000,-15000
057233,聯發科凱基98購14,0,0,0,0,0,0,0,0,0,-15000,0,0,0,0,15000,-15000,-15000
057011,日月光中信99購01,0,0,0,0,0,0,0,0,0,-15000,0,0,0,0,15000,-15000,-15000
056614,智邦永豐98購01  ,0,0,0,0,0,0,0,0,0,-15000,0,0,0,8000,23000,-15000,-15000
055145,T50反1元大97購04,0,0,0,0,0,0,0,0,0,-15000,0,0,0,0,15000,-15000,-15000
055353,華新科凱基98購03,0,0,0,0,0,0,0,0,0,-15000,0,0,0,64000,79000,-15000,-15000
060921,中橡永豐9A購02  ,0,0,0,0,0,0,0,0,0,-15000,0,0,0,2000,17000,-15000,-15000
060956,超眾群益9A購01  ,0,0,0,0,0,0,0,0,0,-15000,0,0,0,0,15000,-15000,-15000
058977,SGBR2X凱基03購01,0,0,0,0,0,0,0,0,0,-15000,0,0,0,30000,45000,-15000,-15000
061753,南亞科台新9B購01,0,0,0,0,0,0,0,0,0,-15000,0,0,0,5000,20000,-15000,-15000
061815,奇力新群益9B購02,0,0,0,0,0,0,0,0,0,-15000,0,0,0,0,15000,-15000,-15000
061516,力成永豐9A購02  ,0,0,0,0,0,0,0,0,0,-15000,0,0,0,75000,90000,-15000,-15000
061828,T50反1凱基02購01,0,0,0,0,0,0,0,0,0,-15000,0,0,0,185000,200000,-15000,-15000
060238,強茂元大9C購01  ,0,0,0,0,0,0,0,0,0,-15000,0,0,0,1000,16000,-15000,-15000
060229,楠梓電元大9C購01,0,0,0,0,0,0,0,0,0,-15000,0,0,0,10000,25000,-15000,-15000
059885,台積電國票99購12,0,0,0,0,0,0,0,0,0,-15000,0,0,0,8000,23000,-15000,-15000
059726,華新科元大99購18,0,0,0,0,0,0,0,0,0,-15000,0,0,0,1000,16000,-15000,-15000
059619,台積電日盛9A購04,0,0,0,0,0,0,0,0,0,-15000,0,0,0,61000,76000,-15000,-15000
058487,晶技國票9A購01  ,0,0,0,0,0,0,0,0,0,-15000,0,0,0,0,15000,-15000,-15000
058479,亞光凱基9A購01  ,0,0,0,0,0,0,0,0,0,-15000,0,0,0,87000,102000,-15000,-15000
058828,大毅永豐99購01  ,0,0,0,0,0,0,0,0,0,-15000,0,0,0,0,15000,-15000,-15000
060731,奇力新群益9A購01,0,0,0,0,0,0,0,0,0,-15000,0,0,0,0,15000,-15000,-15000
058404,貿聯元大99購02  ,0,0,0,0,0,0,0,0,0,-15000,0,0,0,0,15000,-15000,-15000
059827,晶技凱基99購03  ,0,0,0,0,0,0,0,0,0,-15000,0,0,0,17000,32000,-15000,-15000
064073,南電永豐9C購01  ,0,0,0,0,0,0,0,0,0,-15000,0,0,0,100000,115000,-15000,-15000
063783,儒鴻中信9C購01  ,0,0,0,0,0,0,0,0,0,-15000,0,0,0,75000,90000,-15000,-15000
063147,東元元富9B購01  ,0,0,0,0,0,0,0,0,0,-15000,0,0,0,0,15000,-15000,-15000
063609,南電凱基9B購05  ,0,0,0,0,0,0,0,0,0,-15000,0,0,0,5000,20000,-15000,-15000
062290,聯發科富邦9C購04,0,0,0,0,0,0,0,0,0,-15000,0,0,0,125000,140000,-15000,-15000
062048,義隆台新9B購01  ,0,0,0,0,0,0,0,0,0,-15000,0,0,0,0,15000,-15000,-15000
062446,聯詠元大9B購02  ,0,0,0,0,0,0,0,0,0,-15000,0,0,0,67000,82000,-15000,-15000
062646,聯發科國泰01購02,0,0,0,0,0,0,0,0,0,-15000,0,0,0,35000,50000,-15000,-15000
062994,祥碩群益9B購05  ,0,0,0,0,0,0,0,0,0,-15000,0,0,0,0,15000,-15000,-15000
07760P,力山永豐9A售03  ,0,0,0,0,0,0,0,0,0,-16000,0,0,0,32000,48000,-16000,-16000
08308P,聯發科凱基01售03,0,0,0,0,0,0,0,0,0,-16000,0,0,0,4000,20000,-16000,-16000
2536,宏普            ,119000,132000,-13000,0,0,0,0,0,0,-3000,0,3000,-3000,0,0,0,-16000
06685P,鴻海國泰9A售01  ,0,0,0,0,0,0,0,0,0,-16000,0,0,0,20000,36000,-16000,-16000
07181P,臺股指凱基99售23,0,0,0,0,0,0,0,0,0,-16000,0,0,0,0,16000,-16000,-16000
07045P,上銀國票9A售01  ,0,0,0,0,0,0,0,0,0,-16000,0,0,0,0,16000,-16000,-16000
064977,玉晶光元大01購03,0,0,0,0,0,0,0,0,0,-16000,0,0,0,39000,55000,-16000,-16000
064852,智邦台新9C購04  ,0,0,0,0,0,0,0,0,0,-16000,0,0,0,0,16000,-16000,-16000
064303,新光金兆豐01購01,0,0,0,0,0,0,0,0,0,-16000,0,0,0,0,16000,-16000,-16000
064534,京元電國票01購01,0,0,0,0,0,0,0,0,0,-16000,0,0,0,0,16000,-16000,-16000
00681R,元大美債20反1   ,8000,0,8000,0,0,0,0,0,0,-24000,0,0,0,4000,28000,-24000,-16000
056685,光罩統一98購03  ,0,0,0,0,0,0,0,0,0,-16000,0,0,0,10000,26000,-16000,-16000
054376,聯茂中信97購01  ,0,0,0,0,0,0,0,0,0,-16000,0,0,0,0,16000,-16000,-16000
056271,嘉澤統一97購01  ,0,0,0,0,0,0,0,0,0,-16000,0,0,0,0,16000,-16000,-16000
056333,台積電日盛9B購01,0,0,0,0,0,0,0,0,0,-16000,0,0,0,150000,166000,-16000,-16000
055469,台光電凱基97購01,0,0,0,0,0,0,0,0,0,-16000,0,0,0,0,16000,-16000,-16000
056903,大立光元大99購04,0,0,0,0,0,0,0,0,0,-16000,0,0,0,0,16000,-16000,-16000
058785,臺股指國票99購04,0,0,0,0,0,0,0,0,0,-16000,0,0,0,4000,20000,-16000,-16000
060560,欣興國泰9C購01  ,0,0,0,0,0,0,0,0,0,-16000,0,0,0,24000,40000,-16000,-16000
058680,國巨麥證99購02  ,0,0,0,0,16000,-16000,0,0,0,-16000,0,0,0,0,16000,-16000,-16000
059200,京鼎永豐99購02  ,0,0,0,0,0,0,0,0,0,-16000,0,0,0,32000,48000,-16000,-16000
059177,臺股指凱基99購28,0,0,0,0,0,0,0,0,0,-16000,0,0,0,13000,29000,-16000,-16000
059148,百和國票9A購01  ,0,0,0,0,0,0,0,0,0,-16000,0,0,0,0,16000,-16000,-16000
058116,正崴中信99購02  ,0,0,0,0,0,0,0,0,0,-16000,0,0,0,48000,64000,-16000,-16000
058100,聯茂國泰99購02  ,0,0,0,0,0,0,0,0,0,-16000,0,0,0,114000,130000,-16000,-16000
063006,道瓊反元大9C購01,0,0,0,0,0,0,0,0,0,-16000,0,0,0,0,16000,-16000,-16000
062956,同欣電永豐9B購02,0,0,0,0,0,0,0,0,0,-16000,0,0,0,0,16000,-16000,-16000
062869,帆宣中信9B購01  ,0,0,0,0,0,0,0,0,0,-16000,0,0,0,40000,56000,-16000,-16000
062731,力成凱基9B購02  ,0,0,0,0,0,0,0,0,0,-16000,0,0,0,10000,26000,-16000,-16000
062345,和大群益9B購01  ,0,0,0,0,0,0,0,0,0,-16000,0,0,0,0,16000,-16000,-16000
061450,嘉晶中信9A購01  ,0,0,0,0,0,0,0,0,0,-16000,0,0,0,0,16000,-16000,-16000
061897,泰碩永豐9B購01  ,0,0,0,0,0,0,0,0,0,-16000,0,0,0,0,16000,-16000,-16000
063636,聯發科元大9B購26,0,0,0,0,0,0,0,0,0,-16000,0,0,0,80000,96000,-16000,-16000
063366,台表科富邦9C購02,0,0,0,0,0,0,0,0,0,-16000,0,0,0,0,16000,-16000,-16000
063096,勤誠國票9B購02  ,0,0,0,0,0,0,0,0,0,-16000,0,0,0,0,16000,-16000,-16000
063202,南亞科統一9C購02,0,0,0,0,0,0,0,0,0,-16000,0,0,0,20000,36000,-16000,-16000
064193,華新群益9C購01  ,0,0,0,0,0,0,0,0,0,-16000,0,0,0,137000,153000,-16000,-16000
3416,融程電          ,8000,24000,-16000,0,0,0,0,0,0,0,0,0,0,0,0,0,-16000
1537,廣隆            ,39000,54564,-15564,0,0,0,0,0,0,-1000,0,1000,-1000,0,0,0,-16564
08354P,旺宏元大9C售05  ,0,0,0,0,0,0,0,0,0,-17000,0,0,0,0,17000,-17000,-17000
055701,亞德客富邦99購01,0,0,0,0,0,0,0,0,0,-17000,0,0,0,3000,20000,-17000,-17000
056068,欣興元大97購05  ,0,0,0,0,0,0,0,0,0,-17000,0,0,0,18000,35000,-17000,-17000
057225,華新凱基98購01  ,0,0,0,0,0,0,0,0,0,-17000,0,0,0,61000,78000,-17000,-17000
057150,貿聯國票99購02  ,0,0,0,0,0,0,0,0,0,-17000,0,0,0,0,17000,-17000,-17000
057166,國巨元大99購06  ,0,0,0,0,0,0,0,0,0,-17000,0,0,0,3000,20000,-17000,-17000
061143,道瓊指中信9C購04,0,0,0,0,0,0,0,0,0,-17000,0,0,0,16000,33000,-17000,-17000
055063,玉晶光永豐99購01,0,0,0,0,0,0,0,0,0,-17000,0,0,0,53000,70000,-17000,-17000
00709,富邦歐洲        ,0,0,0,0,0,0,0,0,0,-17000,0,0,0,101000,118000,-17000,-17000
061395,健策統一9C購02  ,0,0,0,0,0,0,0,0,0,-17000,0,0,0,22000,39000,-17000,-17000
060876,國巨中信9A購04  ,0,0,0,0,0,0,0,0,0,-17000,0,0,0,28000,45000,-17000,-17000
057928,鈺齊凱基98購02  ,0,0,0,0,0,0,0,0,0,-17000,0,0,0,30000,47000,-17000,-17000
059934,華通永豐99購02  ,0,0,0,0,0,0,0,0,0,-17000,0,0,0,0,17000,-17000,-17000
059639,大立光凱基9A購06,0,0,0,0,0,0,0,0,0,-17000,0,0,0,20000,37000,-17000,-17000
058358,技嘉凱基9A購01  ,0,0,0,0,0,0,0,0,0,-17000,0,0,0,38000,55000,-17000,-17000
064083,群創中信06購01  ,0,0,0,0,0,0,0,0,0,-17000,0,0,0,0,17000,-17000,-17000
064040,鴻海統一9C購18  ,0,0,0,0,0,0,0,0,0,-17000,0,0,0,29000,46000,-17000,-17000
063951,新日興元大9C購01,0,0,0,0,0,0,0,0,0,-17000,0,0,0,103000,120000,-17000,-17000
063137,瑞昱統一01購02  ,0,0,0,0,0,0,0,0,0,-17000,0,0,0,138000,155000,-17000,-17000
063421,可成凱基9C購02  ,0,0,0,0,0,0,0,0,0,-17000,0,0,0,6000,23000,-17000,-17000
061592,義隆永豐9A購03  ,0,0,0,0,0,0,0,0,0,-17000,0,0,0,58000,75000,-17000,-17000
062156,美律凱基9B購01  ,0,0,0,0,0,0,0,0,0,-17000,0,0,0,30000,47000,-17000,-17000
062386,京鼎國泰9C購01  ,0,0,0,0,0,0,0,0,0,-17000,0,0,0,27000,44000,-17000,-17000
062625,華通國票9B購02  ,0,0,0,0,0,0,0,0,0,-17000,0,0,0,3000,20000,-17000,-17000
062942,嘉澤凱基9B購02  ,0,0,0,0,0,0,0,0,0,-17000,0,0,0,0,17000,-17000,-17000
5305,敦南            ,75000,92000,-17000,0,0,0,0,0,0,0,0,0,0,0,0,0,-17000
08355P,智邦元大9C售03  ,0,0,0,0,0,0,0,0,0,-18000,0,0,0,12000,30000,-18000,-18000
08403P,上銀元大9C售07  ,0,0,0,0,0,0,0,0,0,-18000,0,0,0,0,18000,-18000,-18000
08045P,健策國票9B售01  ,0,0,0,0,0,0,0,0,0,-18000,0,0,0,22000,40000,-18000,-18000
08083P,健策元大9C售05  ,0,0,0,0,0,0,0,0,0,-18000,0,0,0,0,18000,-18000,-18000
08070P,晶技國泰9C售02  ,0,0,0,0,0,0,0,0,0,-18000,0,0,0,0,18000,-18000,-18000
08172P,台積電凱基03售02,0,0,0,0,0,0,0,0,0,-18000,0,0,0,2000,20000,-18000,-18000
08230P,台表科國票9C售03,0,0,0,0,0,0,0,0,0,-18000,0,0,0,46000,64000,-18000,-18000
07780P,美律凱基9A售02  ,0,0,0,0,0,0,0,0,0,-18000,0,0,0,0,18000,-18000,-18000
07834P,聯詠群益9A售03  ,0,0,0,0,0,0,0,0,0,-18000,0,0,0,0,18000,-18000,-18000
08009P,華擎統一9B售02  ,0,0,0,0,0,0,0,0,0,-18000,0,0,0,4000,22000,-18000,-18000
2104,國際中橡        ,347000,367000,-20000,0,0,0,0,0,0,2000,5000,1000,4000,17000,19000,-2000,-18000
2114,鑫永銓          ,13000,13000,0,0,0,0,0,0,0,-18000,1000,19000,-18000,0,0,0,-18000
2496,卓越            ,2000,21000,-19000,0,0,0,0,0,0,1000,1000,0,1000,0,0,0,-18000
2390,云辰            ,0,18000,-18000,0,0,0,0,0,0,0,0,0,0,0,0,0,-18000
064442,嘉聯益凱基9C購01,0,0,0,0,0,0,0,0,0,-18000,0,0,0,22000,40000,-18000,-18000
07374P,鴻海元大99售41  ,0,0,0,0,0,0,0,0,0,-18000,0,0,0,0,18000,-18000,-18000
03428B,臺股指凱基97熊18,0,0,0,0,0,0,0,0,0,-18000,0,0,0,2000,20000,-18000,-18000
055437,禾伸堂中信99購01,0,0,0,0,0,0,0,0,0,-18000,0,0,0,85000,103000,-18000,-18000
057543,華通凱基99購02  ,0,0,0,0,0,0,0,0,0,-18000,0,0,0,0,18000,-18000,-18000
061132,志超永豐9A購01  ,0,0,0,0,0,0,0,0,0,-18000,0,0,0,16000,34000,-18000,-18000
058524,超眾元大99購04  ,0,0,0,0,0,0,0,0,0,-18000,0,0,0,0,18000,-18000,-18000
058530,為升元富99購01  ,0,0,0,0,0,0,0,0,0,-18000,0,0,0,0,18000,-18000,-18000
057003,立積國票98購01  ,0,0,0,0,0,0,0,0,0,-18000,0,0,0,0,18000,-18000,-18000
057341,技嘉台新98購01  ,0,0,0,0,0,0,0,0,0,-18000,0,0,0,0,18000,-18000,-18000
057401,晶豪科群益99購01,0,0,0,0,0,0,0,0,0,-18000,0,0,0,72000,90000,-18000,-18000
057438,禾伸堂國票99購01,0,0,0,0,0,0,0,0,0,-18000,0,0,0,0,18000,-18000,-18000
056417,欣興中信98購01  ,0,0,0,0,0,0,0,0,0,-18000,0,0,0,187000,205000,-18000,-18000
056378,欣興元富98購01  ,0,0,0,0,0,0,0,0,0,-18000,0,0,0,80000,98000,-18000,-18000
06054P,臺股指中信9A售01,0,0,0,0,0,0,0,0,0,-18000,0,0,0,0,18000,-18000,-18000
060649,國巨第一9A購01  ,0,0,0,0,0,0,0,0,0,-18000,0,0,0,5000,23000,-18000,-18000
060154,堤維西永豐9A購01,0,0,0,0,0,0,0,0,0,-18000,0,0,0,35000,53000,-18000,-18000
060178,T50反1元富04購05,0,0,0,0,0,0,0,0,0,-18000,0,0,0,0,18000,-18000,-18000
059113,群光永豐99購01  ,0,0,0,0,0,0,0,0,0,-18000,0,0,0,0,18000,-18000,-18000
059203,勤誠永豐99購02  ,0,0,0,0,0,0,0,0,0,-18000,0,0,0,22000,40000,-18000,-18000
060334,群光康和9A購01  ,0,0,0,0,0,0,0,0,0,-18000,0,0,0,6000,24000,-18000,-18000
061505,力成國票9A購03  ,0,0,0,0,0,0,0,0,0,-18000,0,0,0,0,18000,-18000,-18000
061543,南亞科群益9A購01,0,0,0,0,0,0,0,0,0,-18000,0,0,0,0,18000,-18000,-18000
061334,華通元大9A購09  ,0,0,0,0,0,0,0,0,0,-18000,0,0,0,0,18000,-18000,-18000
062777,鴻海元大9C購03  ,0,0,0,0,0,0,0,0,0,-18000,0,0,0,0,18000,-18000,-18000
062656,全新永豐9B購01  ,0,0,0,0,0,0,0,0,0,-18000,0,0,0,0,18000,-18000,-18000
062129,世紀鋼統一02購01,0,0,0,0,0,0,0,0,0,-18000,0,0,0,2000,20000,-18000,-18000
063331,瑞儀國票9C購01  ,0,0,0,0,0,0,0,0,0,-18000,0,0,0,32000,50000,-18000,-18000
063494,金像電富邦9B購01,0,0,0,0,0,0,0,0,0,-18000,0,0,0,15000,33000,-18000,-18000
063280,燿華元大9B購05  ,0,0,0,0,0,0,0,0,0,-18000,0,0,0,16000,34000,-18000,-18000
063283,華新科元大9C購03,0,0,0,0,0,0,0,0,0,-18000,0,0,0,34000,52000,-18000,-18000
6205,詮欣            ,74000,91000,-17000,0,0,0,0,0,0,-1000,1000,2000,-1000,0,0,0,-18000
8131,福懋科          ,172000,14000,158000,0,0,0,0,187000,-187000,11000,11000,0,11000,0,0,0,-18000
07242P,台灣50凱基9A售03,0,0,0,0,0,0,0,0,0,-19000,0,0,0,1000,20000,-19000,-19000
06755P,大立光永豐98售03,0,0,0,0,0,0,0,0,0,-19000,0,0,0,1000,20000,-19000,-19000
06886P,旺宏元大99售07  ,0,0,0,0,0,0,0,0,0,-19000,0,0,0,1000,20000,-19000,-19000
064676,聚陽兆豐9C購01  ,0,0,0,0,0,0,0,0,0,-19000,0,0,0,0,19000,-19000,-19000
2388,威盛            ,236000,255000,-19000,0,0,0,0,0,0,0,0,0,0,0,0,0,-19000
08061P,大毅國票9B售04  ,0,0,0,0,0,0,0,0,0,-19000,0,0,0,110000,129000,-19000,-19000
08406P,緯穎元大9C售01  ,0,0,0,0,0,0,0,0,0,-19000,0,0,0,36000,55000,-19000,-19000
057334,技嘉國票98購02  ,0,0,0,0,0,0,0,0,0,-19000,0,0,0,70000,89000,-19000,-19000
057171,台光電元大9B購01,0,0,0,0,0,0,0,0,0,-19000,0,0,0,10000,29000,-19000,-19000
057690,美律凱基99購03  ,0,0,0,0,0,0,0,0,0,-19000,0,0,0,30000,49000,-19000,-19000
054816,聯發科元大97購12,0,0,0,0,0,0,0,0,0,-19000,0,0,0,43000,62000,-19000,-19000
054799,超眾群益98購01  ,0,0,0,0,0,0,0,0,0,-19000,0,0,0,0,19000,-19000,-19000
042752,台灣50元大96購03,0,0,0,0,0,0,0,0,0,-19000,0,0,0,21000,40000,-19000,-19000
052235,聯發科國票96購02,0,0,0,0,0,0,0,0,0,-19000,0,0,0,6000,25000,-19000,-19000
055358,臻鼎凱基97購01  ,0,0,0,0,0,0,0,0,0,-19000,0,0,0,1000,20000,-19000,-19000
061378,南六永豐9A購03  ,0,0,0,0,0,0,0,0,0,-19000,0,0,0,26000,45000,-19000,-19000
061721,道瓊反富邦9B購01,0,0,0,0,0,0,0,0,0,-19000,0,0,0,0,19000,-19000,-19000
060999,國巨兆豐9A購01  ,0,0,0,0,0,0,0,0,0,-19000,0,0,0,20000,39000,-19000,-19000
060923,全新永豐9A購01  ,0,0,0,0,0,0,0,0,0,-19000,0,0,0,0,19000,-19000,-19000
059139,全新兆豐9A購01  ,0,0,0,0,0,0,0,0,0,-19000,0,0,0,132000,151000,-19000,-19000
060283,台肥元大9C購01  ,0,0,0,0,0,0,0,0,0,-19000,0,0,0,47000,66000,-19000,-19000
060171,宏達電台新9A購01,0,0,0,0,0,0,0,0,0,-19000,0,0,0,62000,81000,-19000,-19000
059689,南亞科永豐99購02,0,0,0,0,0,0,0,0,0,-19000,0,0,0,19000,38000,-19000,-19000
058790,楠梓電元大99購03,0,0,0,0,0,0,0,0,0,-19000,0,0,0,8000,27000,-19000,-19000
058803,世紀鋼元大99購03,0,0,0,0,0,0,0,0,0,-19000,0,0,0,80000,99000,-19000,-19000
063093,國產國票9B購01  ,0,0,0,0,0,0,0,0,0,-19000,0,0,0,0,19000,-19000,-19000
063504,國巨群益9C購06  ,0,0,0,0,0,0,0,0,0,-19000,0,0,0,75000,94000,-19000,-19000
063507,奇鋐群益9B購02  ,0,0,0,0,0,0,0,0,0,-19000,0,0,0,0,19000,-19000,-19000
063515,香港2X凱基01購01,0,0,0,0,0,0,0,0,0,-19000,0,0,0,30000,49000,-19000,-19000
063624,GIS兆豐9B購01   ,0,0,0,0,0,0,0,0,0,-19000,0,0,0,11000,30000,-19000,-19000
062280,大立光群益9C購01,0,0,0,0,0,0,0,0,0,-19000,0,0,0,5000,24000,-19000,-19000
061871,瑞昱元大9B購01  ,0,0,0,0,0,0,0,0,0,-19000,0,0,0,17000,36000,-19000,-19000
062022,緯穎永豐9B購01  ,0,0,0,0,0,0,0,0,0,-19000,0,0,0,1000,20000,-19000,-19000
061998,緯穎元大9B購03  ,0,0,0,0,0,0,0,0,0,-19000,0,0,0,137000,156000,-19000,-19000
062404,新唐永豐9B購01  ,0,0,0,0,0,0,0,0,0,-19000,0,0,0,1000,20000,-19000,-19000
062490,聯茂永豐9B購01  ,0,0,0,0,0,0,0,0,0,-19000,0,0,0,1000,20000,-19000,-19000
063011,台積電元大9C購01,0,0,0,0,0,0,0,0,0,-19000,0,0,0,1000,20000,-19000,-19000
08282P,南六群益9C售01  ,0,0,0,0,0,0,0,0,0,-20000,0,0,0,200000,220000,-20000,-20000
08327P,聯發科兆豐9C售03,0,0,0,0,0,0,0,0,0,-20000,0,0,0,0,20000,-20000,-20000
08320P,智邦統一9C售02  ,0,0,0,0,0,0,0,0,0,-20000,0,0,0,91000,111000,-20000,-20000
08078P,聯發科國票9B售04,0,0,0,0,0,0,0,0,0,-20000,0,0,0,0,20000,-20000,-20000
08134P,臺股指元大9B售40,0,0,0,0,0,0,0,0,0,-20000,0,0,0,85000,105000,-20000,-20000
08108P,聯發科元富9B售03,0,0,0,0,0,0,0,0,0,-20000,0,0,0,0,20000,-20000,-20000
08242P,聯發科凱基9C售06,0,0,0,0,0,0,0,0,0,-20000,0,0,0,0,20000,-20000,-20000
08154P,上銀元富9B售04  ,0,0,0,0,0,0,0,0,0,-20000,0,0,0,0,20000,-20000,-20000
08155P,聯發科元富9B售05,0,0,0,0,0,0,0,0,0,-20000,0,0,0,0,20000,-20000,-20000
08012P,台灣50凱基01售13,0,0,0,0,0,0,0,0,0,-20000,0,0,0,0,20000,-20000,-20000
07871P,台積電群益9C售02,0,0,0,0,0,0,0,0,0,-20000,0,0,0,0,20000,-20000,-20000
07838P,泰碩元大9A售04  ,0,0,0,0,0,0,0,0,0,-20000,0,0,0,82000,102000,-20000,-20000
07791P,奇鋐元大9A售02  ,0,0,0,0,0,0,0,0,0,-20000,0,0,0,0,20000,-20000,-20000
07795P,美律國票9A售03  ,0,0,0,0,0,0,0,0,0,-20000,0,0,0,0,20000,-20000,-20000
07712P,茂林元大9A售03  ,0,0,0,0,0,0,0,0,0,-20000,0,0,0,0,20000,-20000,-20000
07709P,創意元大9A售01  ,0,0,0,0,0,0,0,0,0,-20000,0,0,0,1000,21000,-20000,-20000
07627P,超眾凱基9A售02  ,0,0,0,0,0,0,0,0,0,-20000,0,0,0,0,20000,-20000,-20000
07632P,臺股指凱基9A售14,0,0,0,0,0,0,0,0,0,-20000,0,0,0,0,20000,-20000,-20000
064718,友達統一02購01  ,0,0,0,0,0,0,0,0,0,-20000,0,0,0,25000,45000,-20000,-20000
064632,臺股指元大9C購18,0,0,0,0,0,0,0,0,0,-20000,0,0,0,0,20000,-20000,-20000
064760,玉晶光凱基01購02,0,0,0,0,0,0,0,0,0,-20000,0,0,0,9000,29000,-20000,-20000
064420,台積電兆豐9C購03,0,0,0,0,0,0,0,0,0,-20000,0,0,0,75000,95000,-20000,-20000
064424,華新科兆豐01購01,0,0,0,0,0,0,0,0,0,-20000,0,0,0,0,20000,-20000,-20000
064481,技嘉永豐9C購01  ,0,0,0,0,0,0,0,0,0,-20000,0,0,0,50000,70000,-20000,-20000
064498,可成元大01購03  ,0,0,0,0,0,0,0,0,0,-20000,0,0,0,10000,30000,-20000,-20000
06999P,玉晶光國票9B售01,0,0,0,0,0,0,0,0,0,-20000,0,0,0,0,20000,-20000,-20000
06636P,可成凱基98售08  ,0,0,0,0,0,0,0,0,0,-20000,0,0,0,0,20000,-20000,-20000
06732P,台灣50日盛9A售01,0,0,0,0,0,0,0,0,0,-20000,0,0,0,0,20000,-20000,-20000
06582P,可成凱基98售06  ,0,0,0,0,0,0,0,0,0,-20000,0,0,0,0,20000,-20000,-20000
07256P,臺股指凱基99售36,0,0,0,0,0,0,0,0,0,-20000,0,0,0,0,20000,-20000,-20000
07172P,臺股指國票99售09,0,0,0,0,0,0,0,0,0,-20000,0,0,0,4000,24000,-20000,-20000
07169P,臺股指國票99售06,0,0,0,0,0,0,0,0,0,-20000,0,0,0,0,20000,-20000,-20000
07062P,台積電元大99售15,0,0,0,0,0,0,0,0,0,-20000,0,0,0,2000,22000,-20000,-20000
07307P,上証2X凱基9A售02,0,0,0,0,0,0,0,0,0,-20000,0,0,0,0,20000,-20000,-20000
07368P,國巨凱基99售19  ,0,0,0,0,0,0,0,0,0,-20000,0,0,0,50000,70000,-20000,-20000
07574P,國巨元大9A售12  ,0,0,0,0,0,0,0,0,0,-20000,0,0,0,0,20000,-20000,-20000
07487P,鴻海國票9A售01  ,0,0,0,0,0,0,0,0,0,-20000,0,0,0,10000,30000,-20000,-20000
055373,聯詠元大97購03  ,0,0,0,0,0,0,0,0,0,-20000,0,0,0,0,20000,-20000,-20000
055337,超眾兆豐98購01  ,0,0,0,0,0,0,0,0,0,-20000,0,0,0,0,20000,-20000,-20000
055334,禾伸堂兆豐97購01,0,0,0,0,0,0,0,0,0,-20000,0,0,0,0,20000,-20000,-20000
055114,新日興凱基98購01,0,0,0,0,0,0,0,0,0,-20000,0,0,0,27000,47000,-20000,-20000
051503,玉晶光統一97購01,0,0,0,0,0,0,0,0,0,-20000,0,0,0,21000,41000,-20000,-20000
051510,新光金中信97購01,0,0,0,0,0,0,0,0,0,-20000,0,0,0,0,20000,-20000,-20000
049636,上証反凱基9A購01,0,0,0,0,0,0,0,0,0,-20000,0,0,0,0,20000,-20000,-20000
048572,美利達元大96購04,0,0,0,0,0,0,0,0,0,-20000,0,0,0,0,20000,-20000,-20000
04437P,滬深2X群益98售03,0,0,0,0,0,0,0,0,0,-20000,0,0,0,0,20000,-20000,-20000
051911,大立光元大98購02,0,0,0,0,0,0,0,0,0,-20000,0,0,0,0,20000,-20000,-20000
051926,聯電中信97購01  ,0,0,0,0,0,0,0,0,0,-20000,0,0,0,0,20000,-20000,-20000
054551,聯發科凱基98購02,0,0,0,0,0,0,0,0,0,-20000,0,0,0,0,20000,-20000,-20000
054679,台積電康和99購01,0,0,0,0,0,0,0,0,0,-20000,0,0,0,0,20000,-20000,-20000
056607,貿聯富邦99購02  ,0,0,0,0,0,0,0,0,0,-20000,0,0,0,0,20000,-20000,-20000
056621,宏達電永豐98購01,0,0,0,0,0,0,0,0,0,-20000,0,0,0,40000,60000,-20000,-20000
056687,元大金統一98購01,0,0,0,0,0,0,0,0,0,-20000,0,0,0,0,20000,-20000,-20000
055429,華新科群益99購01,0,0,0,0,0,0,0,0,0,-20000,0,0,0,0,20000,-20000,-20000
053609,華新中信9A購01  ,0,0,0,0,0,0,0,0,0,-20000,0,0,0,0,20000,-20000,-20000
054977,SP黃豆元富9B購01,0,0,0,0,0,0,0,0,0,-20000,0,0,0,0,20000,-20000,-20000
054129,技嘉元大96購02  ,0,0,0,0,0,0,0,0,0,-20000,0,0,0,7000,27000,-20000,-20000
054160,華泰凱基98購01  ,0,0,0,0,0,0,0,0,0,-20000,0,0,0,0,20000,-20000,-20000
054335,緯穎永豐96購02  ,0,0,0,0,0,0,0,0,0,-20000,0,0,0,10000,30000,-20000,-20000
054301,楠梓電凱基98購01,0,0,0,0,0,0,0,0,0,-20000,0,0,0,0,20000,-20000,-20000
054538,台光電國票98購01,0,0,0,0,0,0,0,0,0,-20000,0,0,0,0,20000,-20000,-20000
053786,新日興元大96購02,0,0,0,0,0,0,0,0,0,-20000,0,0,0,0,20000,-20000,-20000
057198,智伸科統一9B購01,0,0,0,0,0,0,0,0,0,-20000,0,0,0,10000,30000,-20000,-20000
057219,群創群益98購10  ,0,0,0,0,0,0,0,0,0,-20000,0,0,0,10000,30000,-20000,-20000
057040,國巨元大98購12  ,0,0,0,0,0,0,0,0,0,-20000,0,0,0,35000,55000,-20000,-20000
057046,奇力新元大99購03,0,0,0,0,0,0,0,0,0,-20000,0,0,0,0,20000,-20000,-20000
057276,全新元大99購03  ,0,0,0,0,0,0,0,0,0,-20000,0,0,0,0,20000,-20000,-20000
057267,康控兆豐99購01  ,0,0,0,0,0,0,0,0,0,-20000,0,0,0,0,20000,-20000,-20000
057448,致茂元富98購01  ,0,0,0,0,0,0,0,0,0,-20000,0,0,0,0,20000,-20000,-20000
058549,藍天永豐99購01  ,0,0,0,0,0,0,0,0,0,-20000,0,0,0,40000,60000,-20000,-20000
061069,嘉聯益凱基9A購01,0,0,0,0,0,0,0,0,0,-20000,0,0,0,10000,30000,-20000,-20000
058576,南亞科群益99購01,0,0,0,0,0,0,0,0,0,-20000,0,0,0,0,20000,-20000,-20000
057707,臺股指群益98購07,0,0,0,0,0,0,0,0,0,-20000,0,0,0,0,20000,-20000,-20000
056321,創意群益98購02  ,0,0,0,0,0,0,0,0,0,-20000,0,0,0,5000,25000,-20000,-20000
056264,聯發科統一98購02,0,0,0,0,0,0,0,0,0,-20000,0,0,0,6000,26000,-20000,-20000
056202,國揚永豐97購01  ,0,0,0,0,0,0,0,0,0,-20000,0,0,0,0,20000,-20000,-20000
056004,南電永豐97購02  ,0,0,0,0,0,0,0,0,0,-20000,0,0,0,25000,45000,-20000,-20000
055705,微星永豐97購01  ,0,0,0,0,0,0,0,0,0,-20000,0,0,0,0,20000,-20000,-20000
055665,亞德客群益97購01,0,0,0,0,0,0,0,0,0,-20000,0,0,0,0,20000,-20000,-20000
056828,國巨富邦9A購03  ,0,0,0,0,0,0,0,0,0,-20000,0,0,0,0,20000,-20000,-20000
055515,聚陽中信9A購01  ,0,0,0,0,0,0,0,0,0,-20000,0,0,0,0,20000,-20000,-20000
056763,國巨元大99購02  ,0,0,0,0,0,0,0,0,0,-20000,0,0,0,16000,36000,-20000,-20000
056809,旺宏統一98購03  ,0,0,0,0,0,0,0,0,0,-20000,0,0,0,0,20000,-20000,-20000
055820,矽力國票98購02  ,0,0,0,0,0,0,0,0,0,-20000,0,0,0,47000,67000,-20000,-20000
058780,牧德國票9A購01  ,0,0,0,0,0,0,0,0,0,-20000,0,0,0,0,20000,-20000,-20000
060659,鴻海凱基9B購03  ,0,0,0,0,0,0,0,0,0,-20000,0,0,0,0,20000,-20000,-20000
058437,可成統一9B購01  ,0,0,0,0,0,0,0,0,0,-20000,0,0,0,0,20000,-20000,-20000
058459,南電永豐99購01  ,0,0,0,0,0,0,0,0,0,-20000,0,0,0,10000,30000,-20000,-20000
059720,台積電元大99購43,0,0,0,0,0,0,0,0,0,-20000,0,0,0,0,20000,-20000,-20000
060544,國巨凱基9B購03  ,0,0,0,0,0,0,0,0,0,-20000,0,0,0,41000,61000,-20000,-20000
060554,中租凱基9A購01  ,0,0,0,0,0,0,0,0,0,-20000,0,0,0,0,20000,-20000,-20000
060541,正隆凱基9A購01  ,0,0,0,0,0,0,0,0,0,-20000,0,0,0,71000,91000,-20000,-20000
057877,神達元大99購01  ,0,0,0,0,0,0,0,0,0,-20000,0,0,0,0,20000,-20000,-20000
060293,緯創元大9A購01  ,0,0,0,0,0,0,0,0,0,-20000,0,0,0,40000,60000,-20000,-20000
060772,FBVIX凱基9A購03 ,0,0,0,0,0,0,0,0,0,-20000,0,0,0,0,20000,-20000,-20000
060774,南亞科凱基9A購01,0,0,0,0,0,0,0,0,0,-20000,0,0,0,0,20000,-20000,-20000
059921,大立光元大99購24,0,0,0,0,0,0,0,0,0,-20000,0,0,0,0,20000,-20000,-20000
060744,鴻海國票9A購04  ,0,0,0,0,0,0,0,0,0,-20000,0,0,0,7000,27000,-20000,-20000
059155,台表科日盛99購01,0,0,0,0,0,0,0,0,0,-20000,0,0,0,0,20000,-20000,-20000
059181,世紀鋼元富9C購01,0,0,0,0,0,0,0,0,0,-20000,0,0,0,50000,70000,-20000,-20000
058843,元油2X群益9C購02,0,0,0,0,0,0,0,0,0,-20000,0,0,0,0,20000,-20000,-20000
058850,華新科群益99購03,0,0,0,0,0,0,0,0,0,-20000,0,0,0,0,20000,-20000,-20000
059333,滬深2X國票9A購03,0,0,0,0,0,0,0,0,0,-20000,0,0,0,0,20000,-20000,-20000
059327,南茂元大99購01  ,0,0,0,0,0,0,0,0,0,-20000,0,0,0,50000,70000,-20000,-20000
060933,南電永豐9A購02  ,0,0,0,0,0,0,0,0,0,-20000,0,0,0,10000,30000,-20000,-20000
058978,SGBR2X凱基9A購03,0,0,0,0,0,0,0,0,0,-20000,0,0,0,0,20000,-20000,-20000
059974,臺指反元大9C購05,0,0,0,0,0,0,0,0,0,-20000,0,0,0,0,20000,-20000,-20000
058983,旺宏凱基99購05  ,0,0,0,0,0,0,0,0,0,-20000,0,0,0,0,20000,-20000,-20000
058075,貿聯凱基99購02  ,0,0,0,0,0,0,0,0,0,-20000,0,0,0,60000,80000,-20000,-20000
058041,FBVIX元大98購02 ,0,0,0,0,0,0,0,0,0,-20000,0,0,0,0,20000,-20000,-20000
059020,元油2X統一9B購02,0,0,0,0,0,0,0,0,0,-20000,0,0,0,0,20000,-20000,-20000
060957,SP黃豆凱基9A購04,0,0,0,0,0,0,0,0,0,-20000,0,0,0,0,20000,-20000,-20000
060054,華新科凱基9B購04,0,0,0,0,0,0,0,0,0,-20000,0,0,0,0,20000,-20000,-20000
060351,滬深2X元富9A購01,0,0,0,0,0,0,0,0,0,-20000,0,0,0,14000,34000,-20000,-20000
06047P,聯發科富邦99售04,0,0,0,0,0,0,0,0,0,-20000,0,0,0,30000,50000,-20000,-20000
060473,中租元大9A購03  ,0,0,0,0,0,0,0,0,0,-20000,0,0,0,0,20000,-20000,-20000
059940,微星永豐99購01  ,0,0,0,0,0,0,0,0,0,-20000,0,0,0,10000,30000,-20000,-20000
058193,緯穎永豐99購01  ,0,0,0,0,0,0,0,0,0,-20000,0,0,0,0,20000,-20000,-20000
058268,泰碩永豐9A購01  ,0,0,0,0,0,0,0,0,0,-20000,0,0,0,0,20000,-20000,-20000
06120P,大立光凱基98售05,0,0,0,0,0,0,0,0,0,-20000,0,0,0,0,20000,-20000,-20000
061421,台積電元大9A購29,0,0,0,0,0,0,0,0,0,-20000,0,0,0,0,20000,-20000,-20000
061542,旺宏群益9A購04  ,0,0,0,0,0,0,0,0,0,-20000,0,0,0,0,20000,-20000,-20000
061530,智邦台新9A購02  ,0,0,0,0,0,0,0,0,0,-20000,0,0,0,0,20000,-20000,-20000
061345,玉晶光元大9A購14,0,0,0,0,0,0,0,0,0,-20000,0,0,0,10000,30000,-20000,-20000
061367,瑞祺國票9A購01  ,0,0,0,0,0,0,0,0,0,-20000,0,0,0,0,20000,-20000,-20000
061246,玉晶光群益9A購08,0,0,0,0,0,0,0,0,0,-20000,0,0,0,1000,21000,-20000,-20000
061216,世芯元大9A購06  ,0,0,0,0,0,0,0,0,0,-20000,0,0,0,8000,28000,-20000,-20000
061309,鴻海統一9C購05  ,0,0,0,0,0,0,0,0,0,-20000,0,0,0,0,20000,-20000,-20000
062934,大成鋼凱基9B購02,0,0,0,0,0,0,0,0,0,-20000,0,0,0,65000,85000,-20000,-20000
062874,微星兆豐9B購01  ,0,0,0,0,0,0,0,0,0,-20000,0,0,0,10000,30000,-20000,-20000
06263P,燿華凱基97售04  ,0,0,0,0,0,0,0,0,0,-20000,0,0,0,0,20000,-20000,-20000
061754,晶技麥證9B購01  ,0,0,0,0,20000,-20000,0,0,0,-20000,0,0,0,0,20000,-20000,-20000
062021,康控永豐9B購01  ,0,0,0,0,0,0,0,0,0,-20000,0,0,0,68000,88000,-20000,-20000
061940,世紀鋼國票9C購01,0,0,0,0,0,0,0,0,0,-20000,0,0,0,0,20000,-20000,-20000
061475,漢唐元大9A購01  ,0,0,0,0,0,0,0,0,0,-20000,0,0,0,10000,30000,-20000,-20000
061602,旺宏凱基9A購06  ,0,0,0,0,0,0,0,0,0,-20000,0,0,0,0,20000,-20000,-20000
061662,瑞儀永豐9A購02  ,0,0,0,0,0,0,0,0,0,-20000,0,0,0,30000,50000,-20000,-20000
062297,億豐永豐9B購01  ,0,0,0,0,0,0,0,0,0,-20000,0,0,0,5000,25000,-20000,-20000
062338,鴻海麥證9B購01  ,0,0,0,0,20000,-20000,0,0,0,-20000,0,0,0,0,20000,-20000,-20000
062122,國巨統一02購01  ,0,0,0,0,0,0,0,0,0,-20000,0,0,0,0,20000,-20000,-20000
062136,南亞科群益9B購01,0,0,0,0,0,0,0,0,0,-20000,0,0,0,0,20000,-20000,-20000
063632,金像電元大9B購04,0,0,0,0,0,0,0,0,0,-20000,0,0,0,10000,30000,-20000,-20000
063400,華擎群益9B購03  ,0,0,0,0,0,0,0,0,0,-20000,0,0,0,0,20000,-20000,-20000
063097,台灣50群益01購01,0,0,0,0,0,0,0,0,0,-20000,0,0,0,100000,120000,-20000,-20000
06328P,台積電中信01售02,0,0,0,0,0,0,0,0,0,-20000,0,0,0,10000,30000,-20000,-20000
063194,華新科台新9B購01,0,0,0,0,0,0,0,0,0,-20000,0,0,0,0,20000,-20000,-20000
063904,大立光麥證01購01,0,0,0,0,20000,-20000,0,0,0,-20000,0,0,0,0,20000,-20000,-20000
063917,南六凱基02購01  ,0,0,0,0,0,0,0,0,0,-20000,0,0,0,0,20000,-20000,-20000
064203,康控兆豐9C購02  ,0,0,0,0,0,0,0,0,0,-20000,0,0,0,0,20000,-20000,-20000
4977,眾達-KY         ,138000,158000,-20000,0,0,0,0,0,0,0,0,0,0,1000,1000,0,-20000
07521P,台積電中信01售05,0,0,0,0,0,0,0,0,0,-21000,0,0,0,0,21000,-21000,-21000
06447P,上銀元大98售01  ,0,0,0,0,0,0,0,0,0,-21000,0,0,0,8000,29000,-21000,-21000
064310,華新科群益9C購02,0,0,0,0,0,0,0,0,0,-21000,0,0,0,0,21000,-21000,-21000
064647,致伸凱基9C購01  ,0,0,0,0,0,0,0,0,0,-21000,0,0,0,0,21000,-21000,-21000
07833P,大立光群益9B售02,0,0,0,0,0,0,0,0,0,-21000,0,0,0,0,21000,-21000,-21000
1760,寶齡富錦        ,898000,699000,199000,0,0,0,0,220000,-220000,0,0,0,0,0,0,0,-21000
058596,旺宏台新99購01  ,0,0,0,0,0,0,0,0,0,-21000,0,0,0,0,21000,-21000,-21000
061084,京元電兆豐9A購02,0,0,0,0,0,0,0,0,0,-21000,0,0,0,0,21000,-21000,-21000
061093,華新科統一9B購03,0,0,0,0,0,0,0,0,0,-21000,0,0,0,0,21000,-21000,-21000
057202,TPK元富98購02   ,0,0,0,0,0,0,0,0,0,-21000,0,0,0,0,21000,-21000,-21000
056576,晶技元大99購02  ,0,0,0,0,0,0,0,0,0,-21000,0,0,0,2000,23000,-21000,-21000
049973,T50反1日盛9A購01,0,0,0,0,0,0,0,0,0,-21000,0,0,0,0,21000,-21000,-21000
061317,旺宏凱基9A購05  ,0,0,0,0,0,0,0,0,0,-21000,0,0,0,0,21000,-21000,-21000
058148,百和元大99購01  ,0,0,0,0,0,0,0,0,0,-21000,0,0,0,38000,59000,-21000,-21000
060217,國巨凱基9A購10  ,0,0,0,0,0,0,0,0,0,-21000,0,0,0,0,21000,-21000,-21000
057872,旺宏元大99購06  ,0,0,0,0,0,0,0,0,0,-21000,0,0,0,22000,43000,-21000,-21000
057835,華擎元富9B購01  ,0,0,0,0,0,0,0,0,0,-21000,0,0,0,106000,127000,-21000,-21000
058707,泰鼎元大99購02  ,0,0,0,0,0,0,0,0,0,-21000,0,0,0,138000,159000,-21000,-21000
058402,欣興元大99購04  ,0,0,0,0,0,0,0,0,0,-21000,0,0,0,16000,37000,-21000,-21000
058746,華通凱基9A購02  ,0,0,0,0,0,0,0,0,0,-21000,0,0,0,4000,25000,-21000,-21000
058799,晶技元大99購04  ,0,0,0,0,0,0,0,0,0,-21000,0,0,0,0,21000,-21000,-21000
064201,新光金兆豐9C購01,0,0,0,0,0,0,0,0,0,-21000,0,0,0,0,21000,-21000,-21000
064009,超眾凱基01購01  ,0,0,0,0,0,0,0,0,0,-21000,0,0,0,10000,31000,-21000,-21000
064014,貿聯國票01購01  ,0,0,0,0,0,0,0,0,0,-21000,0,0,0,45000,66000,-21000,-21000
063716,旺宏兆豐9B購01  ,0,0,0,0,0,0,0,0,0,-21000,0,0,0,0,21000,-21000,-21000
063121,友達元大9C購09  ,0,0,0,0,0,0,0,0,0,-21000,0,0,0,60000,81000,-21000,-21000
063647,超眾元大9B購02  ,0,0,0,0,0,0,0,0,0,-21000,0,0,0,0,21000,-21000,-21000
062321,力成台新9B購01  ,0,0,0,0,0,0,0,0,0,-21000,0,0,0,38000,59000,-21000,-21000
062720,南亞科凱基9B購03,0,0,0,0,0,0,0,0,0,-21000,0,0,0,0,21000,-21000,-21000
062716,鴻海凱基9B購06  ,0,0,0,0,0,0,0,0,0,-21000,0,0,0,44000,65000,-21000,-21000
08003P,國巨國泰9B售07  ,0,0,0,0,0,0,0,0,0,-22000,0,0,0,0,22000,-22000,-22000
07758P,台積電國票9A售06,0,0,0,0,0,0,0,0,0,-22000,0,0,0,0,22000,-22000,-22000
07756P,台灣50國票04售01,0,0,0,0,0,0,0,0,0,-22000,0,0,0,0,22000,-22000,-22000
08040P,臺股指群益9B售13,0,0,0,0,0,0,0,0,0,-22000,0,0,0,3000,25000,-22000,-22000
064380,超眾元富9C購03  ,0,0,0,0,0,0,0,0,0,-22000,0,0,0,0,22000,-22000,-22000
07583P,台積電富邦9B售05,0,0,0,0,0,0,0,0,0,-22000,0,0,0,0,22000,-22000,-22000
07081P,南電群益9A售01  ,0,0,0,0,0,0,0,0,0,-22000,0,0,0,41000,63000,-22000,-22000
064986,GIS元大9C購07   ,0,0,0,0,0,0,0,0,0,-22000,0,0,0,3000,25000,-22000,-22000
055176,大毅統一98購02  ,0,0,0,0,0,0,0,0,0,-22000,0,0,0,30000,52000,-22000,-22000
053059,聯發科永昌99購01,0,0,0,0,0,0,0,0,0,-22000,0,0,0,3000,25000,-22000,-22000
0061,元大寶滬深      ,5000,2000,3000,0,0,0,0,0,0,-25000,10000,0,10000,10000,45000,-35000,-22000
056691,元油2X群益9B購01,0,0,0,0,0,0,0,0,0,-22000,0,0,0,0,22000,-22000,-22000
054959,禾伸堂元大98購01,0,0,0,0,0,0,0,0,0,-22000,0,0,0,2000,24000,-22000,-22000
056772,欣興元大99購01  ,0,0,0,0,0,0,0,0,0,-22000,0,0,0,44000,66000,-22000,-22000
055710,亞德客元大97購03,0,0,0,0,0,0,0,0,0,-22000,0,0,0,88000,110000,-22000,-22000
060673,旺宏元大9A購04  ,0,0,0,0,0,0,0,0,0,-22000,0,0,0,1000,23000,-22000,-22000
058456,京鼎永豐99購01  ,0,0,0,0,0,0,0,0,0,-22000,0,0,0,0,22000,-22000,-22000
060646,南電永豐9A購01  ,0,0,0,0,0,0,0,0,0,-22000,0,0,0,0,22000,-22000,-22000
057718,旺宏元富02購02  ,0,0,0,0,0,0,0,0,0,-22000,0,0,0,21000,43000,-22000,-22000
060736,旺宏統一01購01  ,0,0,0,0,0,0,0,0,0,-22000,0,0,0,54000,76000,-22000,-22000
061732,智邦中信9B購01  ,0,0,0,0,0,0,0,0,0,-22000,0,0,0,100000,122000,-22000,-22000
059053,鴻海凱基99購07  ,0,0,0,0,0,0,0,0,0,-22000,0,0,0,2000,24000,-22000,-22000
060961,台光電凱基9A購03,0,0,0,0,0,0,0,0,0,-22000,0,0,0,70000,92000,-22000,-22000
059004,嘉晶元大99購05  ,0,0,0,0,0,0,0,0,0,-22000,0,0,0,58000,80000,-22000,-22000
062736,漢唐國票9B購01  ,0,0,0,0,0,0,0,0,0,-22000,0,0,0,28000,50000,-22000,-22000
062263,康控元大9B購03  ,0,0,0,0,0,0,0,0,0,-22000,0,0,0,41000,63000,-22000,-22000
062117,燿華中信9B購01  ,0,0,0,0,0,0,0,0,0,-22000,0,0,0,0,22000,-22000,-22000
063625,儒鴻元大9B購03  ,0,0,0,0,0,0,0,0,0,-22000,0,0,0,136000,158000,-22000,-22000
063066,同欣電麥證9B購01,0,0,0,10000,32000,-22000,0,0,0,-22000,0,0,0,10000,32000,-22000,-22000
3044,健鼎            ,1141600,1234000,-92400,0,0,0,14000,0,14000,56000,106000,55000,51000,38000,33000,5000,-22400
08231P,上銀元富9B售10  ,0,0,0,0,0,0,0,0,0,-23000,0,0,0,30000,53000,-23000,-23000
07821P,臺股指國票9A售12,0,0,0,0,0,0,0,0,0,-23000,0,0,0,348000,371000,-23000,-23000
07206P,鴻海凱基9A售11  ,0,0,0,0,0,0,0,0,0,-23000,0,0,0,0,23000,-23000,-23000
064347,貿聯元大9C購03  ,0,0,0,0,0,0,0,0,0,-23000,0,0,0,50000,73000,-23000,-23000
06431P,新日興元大97售05,0,0,0,0,0,0,0,0,0,-23000,0,0,0,0,23000,-23000,-23000
064261,力山永豐9C購01  ,0,0,0,0,0,0,0,0,0,-23000,0,0,0,135000,158000,-23000,-23000
064733,南六統一9C購03  ,0,0,0,0,0,0,0,0,0,-23000,0,0,0,7000,30000,-23000,-23000
057325,可成群益9A購01  ,0,0,0,0,0,0,0,0,0,-23000,0,0,0,0,23000,-23000,-23000
055075,南電永豐97購01  ,0,0,0,0,0,0,0,0,0,-23000,0,0,0,0,23000,-23000,-23000
053677,同欣電國泰97購01,0,0,0,0,0,0,0,0,0,-23000,0,0,0,4000,27000,-23000,-23000
056676,國產元富98購01  ,0,0,0,0,0,0,0,0,0,-23000,0,0,0,105000,128000,-23000,-23000
060063,可成兆豐9B購01  ,0,0,0,0,0,0,0,0,0,-23000,0,0,0,3000,26000,-23000,-23000
058982,台積電凱基99購08,0,0,0,0,0,0,0,0,0,-23000,0,0,0,7000,30000,-23000,-23000
057927,勤誠凱基98購01  ,0,0,0,0,0,0,0,0,0,-23000,0,0,0,10000,33000,-23000,-23000
061326,新日興凱基9B購01,0,0,0,0,0,0,0,0,0,-23000,0,0,0,72000,95000,-23000,-23000
060204,矽創元富9A購01  ,0,0,0,0,0,0,0,0,0,-23000,0,0,0,15000,38000,-23000,-23000
060260,京鼎凱基9C購01  ,0,0,0,0,0,0,0,0,0,-23000,0,0,0,10000,33000,-23000,-23000
059058,可成凱基9B購01  ,0,0,0,0,0,0,0,0,0,-23000,0,0,0,2000,25000,-23000,-23000
058477,億光凱基9A購01  ,0,0,0,0,0,0,0,0,0,-23000,0,0,0,28000,51000,-23000,-23000
058353,國巨凱基99購09  ,0,0,0,0,0,0,0,0,0,-23000,0,0,0,22000,45000,-23000,-23000
060694,旺宏麥證9A購02  ,0,0,0,5000,28000,-23000,0,0,0,-23000,0,0,0,5000,28000,-23000,-23000
063240,聯發科元大9B購17,0,0,0,0,0,0,0,0,0,-23000,0,0,0,6000,29000,-23000,-23000
063652,國泰金台新9B購01,0,0,0,0,0,0,0,0,0,-23000,0,0,0,34000,57000,-23000,-23000
063954,世芯元大01購02  ,0,0,0,0,0,0,0,0,0,-23000,0,0,0,97000,120000,-23000,-23000
064099,億光群益9C購01  ,0,0,0,0,0,0,0,0,0,-23000,0,0,0,14000,37000,-23000,-23000
061563,群創國票9B購02  ,0,0,0,0,0,0,0,0,0,-23000,0,0,0,27000,50000,-23000,-23000
061984,華新科元大9B購05,0,0,0,0,0,0,0,0,0,-23000,0,0,0,0,23000,-23000,-23000
064277,可成元大9C購04  ,0,0,0,0,0,0,0,0,0,-24000,0,0,0,104000,128000,-24000,-24000
06438P,玉晶光國票99售02,0,0,0,0,0,0,0,0,0,-24000,0,0,0,813000,837000,-24000,-24000
065002,致茂國票01購01  ,0,0,0,0,0,0,0,0,0,-24000,0,0,0,0,24000,-24000,-24000
064973,智邦元大9C購06  ,0,0,0,0,0,0,0,0,0,-24000,0,0,0,88000,112000,-24000,-24000
06550P,健策元大99售01  ,0,0,0,0,0,0,0,0,0,-24000,0,0,0,0,24000,-24000,-24000
06744P,嘉聯益永豐98售03,0,0,0,0,0,0,0,0,0,-24000,0,0,0,76000,100000,-24000,-24000
06686P,麗豐永豐98售02  ,0,0,0,0,0,0,0,0,0,-24000,0,0,0,0,24000,-24000,-24000
08049P,臺股指國票9B售14,0,0,0,0,0,0,0,0,0,-24000,0,0,0,20000,44000,-24000,-24000
08115P,聯發科凱基9B售13,0,0,0,0,0,0,0,0,0,-24000,0,0,0,91000,115000,-24000,-24000
057558,致新凱基98購01  ,0,0,0,0,0,0,0,0,0,-24000,0,0,0,0,24000,-24000,-24000
00700,富邦恒生國企    ,0,0,0,0,0,0,0,0,0,-24000,0,0,0,75000,99000,-24000,-24000
057346,鴻海統一98購13  ,0,0,0,0,0,0,0,0,0,-24000,0,0,0,6000,30000,-24000,-24000
057279,國揚元大98購01  ,0,0,0,0,0,0,0,0,0,-24000,0,0,0,14000,38000,-24000,-24000
056905,欣興元大98購03  ,0,0,0,0,0,0,0,0,0,-24000,0,0,0,12000,36000,-24000,-24000
056978,技嘉群益99購01  ,0,0,0,0,0,0,0,0,0,-24000,0,0,0,21000,45000,-24000,-24000
056182,台光電統一97購03,0,0,0,0,0,0,0,0,0,-24000,0,0,0,30000,54000,-24000,-24000
060730,台積電群益9A購03,0,0,0,0,0,0,0,0,0,-24000,0,0,0,6000,30000,-24000,-24000
061362,台塑國票9B購01  ,0,0,0,0,0,0,0,0,0,-24000,0,0,0,2000,26000,-24000,-24000
061263,微星凱基9A購01  ,0,0,0,0,0,0,0,0,0,-24000,0,0,0,75000,99000,-24000,-24000
061392,泰鼎群益9A購02  ,0,0,0,0,0,0,0,0,0,-24000,0,0,0,30000,54000,-24000,-24000
058299,同欣電凱基9A購01,0,0,0,0,0,0,0,0,0,-24000,0,0,0,96000,120000,-24000,-24000
058927,勤誠元富99購02  ,0,0,0,0,0,0,0,0,0,-24000,0,0,0,0,24000,-24000,-24000
061584,勤誠元大9A購01  ,0,0,0,0,0,0,0,0,0,-24000,0,0,0,50000,74000,-24000,-24000
061581,貿聯元大9A購05  ,0,0,0,0,0,0,0,0,0,-24000,0,0,0,72000,96000,-24000,-24000
062181,義隆元大9B購03  ,0,0,0,0,0,0,0,0,0,-24000,0,0,0,31000,55000,-24000,-24000
062271,華通群益9C購02  ,0,0,0,0,0,0,0,0,0,-24000,0,0,0,10000,34000,-24000,-24000
062925,建準國票9B購01  ,0,0,0,0,0,0,0,0,0,-24000,0,0,0,0,24000,-24000,-24000
062652,上証2X永豐9B購01,0,0,0,0,0,0,0,0,0,-24000,0,0,0,6000,30000,-24000,-24000
062453,聚陽群益9C購01  ,0,0,0,0,0,0,0,0,0,-24000,0,0,0,58000,82000,-24000,-24000
064097,友訊群益9C購01  ,0,0,0,0,0,0,0,0,0,-24000,0,0,0,41000,65000,-24000,-24000
064128,國產元大9C購01  ,0,0,0,0,0,0,0,0,0,-24000,0,0,0,50000,74000,-24000,-24000
063164,聯發科永豐9B購03,0,0,0,0,0,0,0,0,0,-24000,0,0,0,0,24000,-24000,-24000
063463,瑞昱元大9B購05  ,0,0,0,0,0,0,0,0,0,-24000,0,0,0,25000,49000,-24000,-24000
063479,南六元大9B購06  ,0,0,0,0,0,0,0,0,0,-24000,0,0,0,45000,69000,-24000,-24000
08211P,台表科元富9B售03,0,0,0,0,0,0,0,0,0,-25000,0,0,0,97000,122000,-25000,-25000
08175P,金像電統一9B售02,0,0,0,0,0,0,0,0,0,-25000,0,0,0,20000,45000,-25000,-25000
08330P,聯發科統一9C售13,0,0,0,0,0,0,0,0,0,-25000,0,0,0,0,25000,-25000,-25000
08015P,可成凱基9B售05  ,0,0,0,0,0,0,0,0,0,-25000,0,0,0,15000,40000,-25000,-25000
2471,資通            ,78000,104000,-26000,0,0,0,0,0,0,1000,2000,1000,1000,0,0,0,-25000
064993,嘉澤兆豐9C購01  ,0,0,0,0,0,0,0,0,0,-25000,0,0,0,0,25000,-25000,-25000
07009P,臺股指中信9B售01,0,0,0,0,0,0,0,0,0,-25000,0,0,0,52000,77000,-25000,-25000
06978P,聯發科富邦9B售02,0,0,0,0,0,0,0,0,0,-25000,0,0,0,0,25000,-25000,-25000
07194P,聯發科元大99售25,0,0,0,0,0,0,0,0,0,-25000,0,0,0,100000,125000,-25000,-25000
06436P,台光電國票98售04,0,0,0,0,0,0,0,0,0,-25000,0,0,0,20000,45000,-25000,-25000
064272,鴻海元大9C購09  ,0,0,0,0,0,0,0,0,0,-25000,0,0,0,68000,93000,-25000,-25000
064549,神基凱基9C購01  ,0,0,0,0,0,0,0,0,0,-25000,0,0,0,0,25000,-25000,-25000
064670,智伸科元大9C購01,0,0,0,0,0,0,0,0,0,-25000,0,0,0,0,25000,-25000,-25000
064742,奇鋐國票01購02  ,0,0,0,0,0,0,0,0,0,-25000,0,0,0,0,25000,-25000,-25000
064904,茂林群益9C購02  ,0,0,0,0,0,0,0,0,0,-25000,0,0,0,0,25000,-25000,-25000
056360,智邦元大98購01  ,0,0,0,0,0,0,0,0,0,-25000,0,0,0,9000,34000,-25000,-25000
055958,台光電元大97購02,0,0,0,0,0,0,0,0,0,-25000,0,0,0,23000,48000,-25000,-25000
056130,新日興麥證97購01,0,0,0,25000,50000,-25000,0,0,0,-25000,0,0,0,25000,50000,-25000,-25000
056141,聯茂元大97購05  ,0,0,0,0,0,0,0,0,0,-25000,0,0,0,6000,31000,-25000,-25000
055675,亞德客凱基97購02,0,0,0,0,0,0,0,0,0,-25000,0,0,0,45000,70000,-25000,-25000
061140,華擎統一9C購01  ,0,0,0,0,0,0,0,0,0,-25000,0,0,0,0,25000,-25000,-25000
053083,中環元大99購01  ,0,0,0,0,0,0,0,0,0,-25000,0,0,0,95000,120000,-25000,-25000
050797,聯發科中信99購01,0,0,0,0,0,0,0,0,0,-25000,0,0,0,0,25000,-25000,-25000
047211,華新科富邦99購01,0,0,0,0,0,0,0,0,0,-25000,0,0,0,0,25000,-25000,-25000
057596,聯茂兆豐99購01  ,0,0,0,0,0,0,0,0,0,-25000,0,0,0,2000,27000,-25000,-25000
054111,緯穎凱基97購01  ,0,0,0,0,0,0,0,0,0,-25000,0,0,0,31000,56000,-25000,-25000
054445,技嘉兆豐96購01  ,0,0,0,0,0,0,0,0,0,-25000,0,0,0,0,25000,-25000,-25000
060505,友達元大9C購05  ,0,0,0,0,0,0,0,0,0,-25000,0,0,0,36000,61000,-25000,-25000
058078,景碩國票99購01  ,0,0,0,0,0,0,0,0,0,-25000,0,0,0,10000,35000,-25000,-25000
058275,S&P500中信9B購01,0,0,0,0,0,0,0,0,0,-25000,0,0,0,3000,28000,-25000,-25000
058448,滬深2X永豐9A購01,0,0,0,0,0,0,0,0,0,-25000,0,0,0,0,25000,-25000,-25000
060548,友達凱基9B購03  ,0,0,0,0,0,0,0,0,0,-25000,0,0,0,0,25000,-25000,-25000
059166,友達凱基99購05  ,0,0,0,0,0,0,0,0,0,-25000,0,0,0,0,25000,-25000,-25000
059097,世紀鋼元大99購05,0,0,0,0,0,0,0,0,0,-25000,0,0,0,0,25000,-25000,-25000
060245,聯陽元大9C購01  ,0,0,0,0,0,0,0,0,0,-25000,0,0,0,0,25000,-25000,-25000
060184,建準元富9A購01  ,0,0,0,0,0,0,0,0,0,-25000,0,0,0,0,25000,-25000,-25000
063471,泰鼎元大9C購01  ,0,0,0,0,0,0,0,0,0,-25000,0,0,0,166000,191000,-25000,-25000
063631,燿華元大9B購06  ,0,0,0,0,0,0,0,0,0,-25000,0,0,0,3000,28000,-25000,-25000
063633,金像電元大9B購05,0,0,0,0,0,0,0,0,0,-25000,0,0,0,15000,40000,-25000,-25000
063168,台表科永豐9B購01,0,0,0,0,0,0,0,0,0,-25000,0,0,0,64000,89000,-25000,-25000
064117,中興電元大9C購01,0,0,0,0,0,0,0,0,0,-25000,0,0,0,46000,71000,-25000,-25000
064166,和潤統一02購01  ,0,0,0,0,0,0,0,0,0,-25000,0,0,0,91000,116000,-25000,-25000
064023,智邦元大9C購02  ,0,0,0,0,0,0,0,0,0,-25000,0,0,0,127000,152000,-25000,-25000
063880,可成元富9C購01  ,0,0,0,0,0,0,0,0,0,-25000,0,0,0,82000,107000,-25000,-25000
06239P,奇力新元大97售08,0,0,0,0,0,0,0,0,0,-25000,0,0,0,75000,100000,-25000,-25000
062669,微星中信03購01  ,0,0,0,0,0,0,0,0,0,-25000,0,0,0,85000,110000,-25000,-25000
062828,聯詠群益9B購02  ,0,0,0,0,0,0,0,0,0,-25000,0,0,0,46000,71000,-25000,-25000
061928,群創凱基9B購06  ,0,0,0,0,0,0,0,0,0,-25000,0,0,0,0,25000,-25000,-25000
061983,華新科元大9B購04,0,0,0,0,0,0,0,0,0,-25000,0,0,0,50000,75000,-25000,-25000
062003,國巨國泰01購01  ,0,0,0,0,0,0,0,0,0,-25000,0,0,0,75000,100000,-25000,-25000
8070,長華*           ,4000,32000,-28000,0,0,0,0,0,0,3000,3000,0,3000,0,0,0,-25000
064274,燿華元大9C購01  ,0,0,0,0,0,0,0,0,0,-26000,0,0,0,4000,30000,-26000,-26000
064286,TPK元大9C購02   ,0,0,0,0,0,0,0,0,0,-26000,0,0,0,0,26000,-26000,-26000
07544P,大立光凱基9A售09,0,0,0,0,0,0,0,0,0,-26000,0,0,0,0,26000,-26000,-26000
2905,三商            ,427000,457000,-30000,0,0,0,0,0,0,4000,4000,0,4000,0,0,0,-26000
08312P,旺宏國票01售01  ,0,0,0,0,0,0,0,0,0,-26000,0,0,0,9000,35000,-26000,-26000
08037P,台表科群益9B售02,0,0,0,0,0,0,0,0,0,-26000,0,0,0,31000,57000,-26000,-26000
08060P,嘉澤元大9B售01  ,0,0,0,0,0,0,0,0,0,-26000,0,0,0,6000,32000,-26000,-26000
053854,聯茂國泰97購02  ,0,0,0,0,0,0,0,0,0,-26000,0,0,0,0,26000,-26000,-26000
061114,南電元大9A購04  ,0,0,0,0,0,0,0,0,0,-26000,0,0,0,126000,152000,-26000,-26000
05729P,臺股指凱基97售02,0,0,0,0,0,0,0,0,0,-26000,0,0,0,27000,53000,-26000,-26000
057418,台光電凱基98購04,0,0,0,0,0,0,0,0,0,-26000,0,0,0,10000,36000,-26000,-26000
055713,國巨元大98購09  ,0,0,0,0,0,0,0,0,0,-26000,0,0,0,49000,75000,-26000,-26000
055692,緯穎凱基97購03  ,0,0,0,0,0,0,0,0,0,-26000,0,0,0,0,26000,-26000,-26000
056011,矽力中信99購01  ,0,0,0,0,0,0,0,0,0,-26000,0,0,0,1000,27000,-26000,-26000
056170,鴻海元富97購09  ,0,0,0,0,0,0,0,0,0,-26000,0,0,0,0,26000,-26000,-26000
059509,奇力新永豐99購02,0,0,0,0,0,0,0,0,0,-26000,0,0,0,172000,198000,-26000,-26000
059471,華新科元大99購17,0,0,0,0,0,0,0,0,0,-26000,0,0,0,6000,32000,-26000,-26000
058732,矽格永豐99購01  ,0,0,0,0,0,0,0,0,0,-26000,0,0,0,24000,50000,-26000,-26000
061364,國巨國票9A購09  ,0,0,0,0,0,0,0,0,0,-26000,0,0,0,18000,44000,-26000,-26000
062029,牧德群益9B購03  ,0,0,0,0,0,0,0,0,0,-26000,0,0,0,50000,76000,-26000,-26000
061926,晶技凱基9B購02  ,0,0,0,0,0,0,0,0,0,-26000,0,0,0,0,26000,-26000,-26000
061848,國巨國票9B購07  ,0,0,0,0,0,0,0,0,0,-26000,0,0,0,5000,31000,-26000,-26000
062272,鴻海群益9B購05  ,0,0,0,0,0,0,0,0,0,-26000,0,0,0,4000,30000,-26000,-26000
062727,華擎凱基9B購03  ,0,0,0,0,0,0,0,0,0,-26000,0,0,0,0,26000,-26000,-26000
06326P,鴻海中信01售01  ,0,0,0,0,0,0,0,0,0,-26000,0,0,0,164000,190000,-26000,-26000
063493,金像電富邦01購01,30000,0,30000,0,0,0,0,0,0,-56000,0,0,0,136000,192000,-56000,-26000
063476,台表科元大9C購03,0,0,0,0,0,0,0,0,0,-26000,0,0,0,193000,219000,-26000,-26000
063396,金像電群益9C購01,0,0,0,0,0,0,0,0,0,-26000,0,0,0,0,26000,-26000,-26000
08157P,大立光元富9B售06,0,0,0,0,0,0,0,0,0,-27000,0,0,0,18000,45000,-27000,-27000
07981P,上銀群益9B售04  ,0,0,0,0,0,0,0,0,0,-27000,0,0,0,5000,32000,-27000,-27000
06984P,上銀富邦9B售01  ,0,0,0,0,0,0,0,0,0,-27000,0,0,0,32000,59000,-27000,-27000
06867P,訊芯元大98售08  ,0,0,0,0,0,0,0,0,0,-27000,0,0,0,100000,127000,-27000,-27000
064374,旺宏元富9C購01  ,0,0,0,0,0,0,0,0,0,-27000,0,0,0,372000,399000,-27000,-27000
064357,中橡統一9C購01  ,0,0,0,0,0,0,0,0,0,-27000,0,0,0,237000,264000,-27000,-27000
064876,旺宏兆豐9C購01  ,0,0,0,0,0,0,0,0,0,-27000,0,0,0,0,27000,-27000,-27000
064686,鴻海群益01購03  ,0,0,0,0,0,0,0,0,0,-27000,0,0,0,0,27000,-27000,-27000
056295,國巨元大97購16  ,0,0,0,0,0,0,0,0,0,-27000,0,0,0,15000,42000,-27000,-27000
056511,超眾永豐98購01  ,0,0,0,0,0,0,0,0,0,-27000,0,0,0,0,27000,-27000,-27000
056135,緯創元大98購01  ,0,0,0,0,0,0,0,0,0,-27000,0,0,0,23000,50000,-27000,-27000
058526,鈺齊元大99購02  ,0,0,0,0,0,0,0,0,0,-27000,0,0,0,8000,35000,-27000,-27000
056560,旺宏群益98購03  ,0,0,0,0,0,0,0,0,0,-27000,0,0,0,1000,28000,-27000,-27000
057533,晶相光元大98購02,0,0,0,0,0,0,0,0,0,-27000,0,0,0,0,27000,-27000,-27000
00682U,元大美元指數    ,0,0,0,0,0,0,0,0,0,-27000,0,0,0,0,27000,-27000,-27000
052572,群創凱基99購01  ,0,0,0,0,0,0,0,0,0,-27000,0,0,0,0,27000,-27000,-27000
061020,超眾國票9A購02  ,0,0,0,0,0,0,0,0,0,-27000,0,0,0,0,27000,-27000,-27000
059975,元金2X元大99購02,0,0,0,0,0,0,0,0,0,-27000,0,0,0,5000,32000,-27000,-27000
057977,台光電永豐98購02,0,0,0,0,0,0,0,0,0,-27000,0,0,0,11000,38000,-27000,-27000
058361,美律凱基99購06  ,0,0,0,0,0,0,0,0,0,-27000,0,0,0,3000,30000,-27000,-27000
058406,聯茂元大99購06  ,0,0,0,0,0,0,0,0,0,-27000,0,0,0,74000,101000,-27000,-27000
059832,超眾康和99購01  ,0,0,0,0,0,0,0,0,0,-27000,0,0,0,0,27000,-27000,-27000
059467,旺宏元大99購15  ,0,0,0,0,0,0,0,0,0,-27000,0,0,0,6000,33000,-27000,-27000
063518,儒鴻凱基9B購02  ,0,0,0,0,0,0,0,0,0,-27000,0,0,0,23000,50000,-27000,-27000
063796,鴻海凱基9C購02  ,0,0,0,0,0,0,0,0,0,-27000,0,0,0,58000,85000,-27000,-27000
063962,台達電國票01購01,0,0,0,0,0,0,0,0,0,-27000,0,0,0,36000,63000,-27000,-27000
064100,義隆群益9C購01  ,0,0,0,0,0,0,0,0,0,-27000,0,0,0,28000,55000,-27000,-27000
062954,世芯永豐9B購03  ,0,0,0,0,0,0,0,0,0,-27000,0,0,0,71000,98000,-27000,-27000
062916,智易元大9B購01  ,0,0,0,0,0,0,0,0,0,-27000,0,0,0,58000,85000,-27000,-27000
062405,泰鼎永豐9B購02  ,0,0,0,0,0,0,0,0,0,-27000,0,0,0,124000,151000,-27000,-27000
062474,台表科凱基9C購01,0,0,0,0,0,0,0,0,0,-27000,0,0,0,0,27000,-27000,-27000
061624,中租群益9A購01  ,0,0,0,0,0,0,0,0,0,-27000,0,0,0,14000,41000,-27000,-27000
061907,裕隆中信9B購01  ,0,0,0,0,0,0,0,0,0,-27000,0,0,0,25000,52000,-27000,-27000
061464,瑞昱群益9A購01  ,0,0,0,0,0,0,0,0,0,-27000,0,0,0,104000,131000,-27000,-27000
6443,元晶            ,46000,73000,-27000,0,0,0,0,0,0,0,0,0,0,0,0,0,-27000
064582,裕隆永豐9C購02  ,0,0,0,0,0,0,0,0,0,-28000,0,0,0,40000,68000,-28000,-28000
064279,新光金元大01購01,0,0,0,0,0,0,0,0,0,-28000,0,0,0,42000,70000,-28000,-28000
065013,矽創國泰02購01  ,0,0,0,0,0,0,0,0,0,-28000,0,0,0,0,28000,-28000,-28000
07873P,華新科群益9B售03,0,0,0,0,0,0,0,0,0,-28000,0,0,0,60000,88000,-28000,-28000
055333,晶豪科兆豐97購01,0,0,0,0,0,0,0,0,0,-28000,0,0,0,10000,38000,-28000,-28000
054080,微星中信98購01  ,0,0,0,0,0,0,0,0,0,-28000,0,0,0,20000,48000,-28000,-28000
058522,聯茂元大99購07  ,0,0,0,0,0,0,0,0,0,-28000,0,0,0,298000,326000,-28000,-28000
057717,友訊元富98購02  ,0,0,0,0,0,0,0,0,0,-28000,0,0,0,285000,313000,-28000,-28000
057445,華通元富02購01  ,0,0,0,0,0,0,0,0,0,-28000,0,0,0,0,28000,-28000,-28000
057480,技嘉元大98購03  ,0,0,0,0,0,0,0,0,0,-28000,0,0,0,1000,29000,-28000,-28000
057507,貿聯國票98購02  ,0,0,0,0,0,0,0,0,0,-28000,0,0,0,0,28000,-28000,-28000
056164,聯茂凱基98購03  ,0,0,0,0,0,0,0,0,0,-28000,0,0,0,0,28000,-28000,-28000
056550,瑞儀凱基99購01  ,0,0,0,0,0,0,0,0,0,-28000,0,0,0,39000,67000,-28000,-28000
059866,國巨凱基99購18  ,0,0,0,0,0,0,0,0,0,-28000,0,0,0,22000,50000,-28000,-28000
060476,瑞祺元大9A購02  ,0,0,0,0,0,0,0,0,0,-28000,0,0,0,0,28000,-28000,-28000
060404,台勝科國泰9B購01,0,0,0,0,0,0,0,0,0,-28000,0,0,0,31000,59000,-28000,-28000
058967,可成麥證99購01  ,0,0,0,12000,38000,-26000,0,0,0,-28000,0,0,0,12000,40000,-28000,-28000
060041,T50反1群益99購04,0,0,0,0,0,0,0,0,0,-28000,0,0,0,0,28000,-28000,-28000
058334,鴻海元富99購05  ,0,0,0,0,0,0,0,0,0,-28000,0,0,0,0,28000,-28000,-28000
061388,台積電群益9A購05,0,0,0,0,0,0,0,0,0,-28000,0,0,0,8000,36000,-28000,-28000
061518,達方永豐9A購02  ,0,0,0,0,0,0,0,0,0,-28000,0,0,0,11000,39000,-28000,-28000
061480,泰碩元大9B購01  ,0,0,0,0,0,0,0,0,0,-28000,0,0,0,10000,38000,-28000,-28000
062325,鴻海統一9B購05  ,0,0,0,0,0,0,0,0,0,-28000,0,0,0,25000,53000,-28000,-28000
062409,巨大永豐9B購02  ,0,0,0,0,0,0,0,0,0,-28000,0,0,0,22000,50000,-28000,-28000
062728,健策凱基9B購04  ,0,0,0,0,0,0,0,0,0,-28000,0,0,0,50000,78000,-28000,-28000
062741,立積國票9B購02  ,0,0,0,0,0,0,0,0,0,-28000,0,0,0,11000,39000,-28000,-28000
063139,聯發科統一9B購07,0,0,0,0,0,0,0,0,0,-28000,0,0,0,0,28000,-28000,-28000
6183,關貿            ,24000,50000,-26000,0,0,0,0,0,0,-2000,0,2000,-2000,0,0,0,-28000
911868,同方友友-DR     ,0,28000,-28000,0,0,0,0,0,0,0,0,0,0,0,0,0,-28000
07929P,旺宏統一9B售07  ,0,0,0,0,0,0,0,0,0,-29000,0,0,0,28000,57000,-29000,-29000
07942P,健策凱基9B售03  ,0,0,0,0,0,0,0,0,0,-29000,0,0,0,0,29000,-29000,-29000
07642P,華通凱基9A售05  ,0,0,0,0,0,0,0,0,0,-29000,0,0,0,0,29000,-29000,-29000
08332P,智邦台新9C售03  ,0,0,0,0,0,0,0,0,0,-29000,0,0,0,4000,33000,-29000,-29000
07055P,景碩群益9A售02  ,0,0,0,0,0,0,0,0,0,-29000,0,0,0,206000,235000,-29000,-29000
064435,聯發科凱基02購03,0,0,0,0,0,0,0,0,0,-29000,0,0,0,24000,53000,-29000,-29000
064597,鴻海元富9C購03  ,0,0,0,0,0,0,0,0,0,-29000,0,0,0,0,29000,-29000,-29000
056821,日電貿永豐98購01,0,0,0,0,0,0,0,0,0,-29000,0,0,0,1000,30000,-29000,-29000
058622,國巨國票99購07  ,0,0,0,0,0,0,0,0,0,-29000,0,0,0,26000,55000,-29000,-29000
053340,建準國票97購01  ,0,0,0,0,0,0,0,0,0,-29000,0,0,0,0,29000,-29000,-29000
054755,世紀鋼凱基98購01,0,0,0,0,0,0,0,0,0,-29000,0,0,0,0,29000,-29000,-29000
057556,智易凱基99購01  ,0,0,0,0,0,0,0,0,0,-29000,0,0,0,66000,95000,-29000,-29000
057638,上銀元大99購01  ,0,0,0,0,0,0,0,0,0,-29000,0,0,0,21000,50000,-29000,-29000
061793,上銀永豐9B購01  ,0,0,0,0,0,0,0,0,0,-29000,0,0,0,21000,50000,-29000,-29000
060235,瑞昱元大9A購01  ,0,0,0,0,0,0,0,0,0,-29000,0,0,0,20000,49000,-29000,-29000
059281,創意永豐99購02  ,0,0,0,0,0,0,0,0,0,-29000,0,0,0,46000,75000,-29000,-29000
06386P,欣興永豐97售03  ,0,0,0,0,0,0,0,0,0,-29000,0,0,0,10000,39000,-29000,-29000
062744,超眾國泰9C購01  ,0,0,0,0,0,0,0,0,0,-29000,0,0,0,0,29000,-29000,-29000
062763,華擎凱基9C購02  ,0,0,0,0,0,0,0,0,0,-29000,0,0,0,0,29000,-29000,-29000
062417,鴻海統一9C購08  ,0,0,0,0,0,0,0,0,0,-29000,0,0,0,0,29000,-29000,-29000
064460,健策統一9C購03  ,0,0,0,0,0,0,0,0,0,-30000,0,0,0,55000,85000,-30000,-30000
064358,台達電統一01購02,0,0,0,0,0,0,0,0,0,-30000,0,0,0,135000,165000,-30000,-30000
07100P,華航元大99售01  ,0,0,0,0,0,0,0,0,0,-30000,0,0,0,0,30000,-30000,-30000
07185P,臺股指統一9C售01,0,0,0,0,0,0,0,0,0,-30000,0,0,0,0,30000,-30000,-30000
07255P,國巨凱基99售15  ,0,0,0,0,0,0,0,0,0,-30000,0,0,0,0,30000,-30000,-30000
07573P,國巨元大9A售11  ,0,0,0,0,0,0,0,0,0,-30000,0,0,0,0,30000,-30000,-30000
06622P,牧德元大98售01  ,0,0,0,0,0,0,0,0,0,-30000,0,0,0,10000,40000,-30000,-30000
06683P,訊芯元大98售07  ,0,0,0,0,0,0,0,0,0,-30000,0,0,0,210000,240000,-30000,-30000
06688P,鴻海中信02售01  ,0,0,0,0,0,0,0,0,0,-30000,0,0,0,0,30000,-30000,-30000
06692P,瑞昱凱基98售03  ,0,0,0,0,0,0,0,0,0,-30000,0,0,0,0,30000,-30000,-30000
08391P,智邦凱基02售02  ,0,0,0,0,0,0,0,0,0,-30000,0,0,0,0,30000,-30000,-30000
08112P,臺股指中信01售07,0,0,0,0,0,0,0,0,0,-30000,0,0,0,202000,232000,-30000,-30000
08180P,聯發科國泰01售05,0,0,0,0,0,0,0,0,0,-30000,0,0,0,0,30000,-30000,-30000
08071P,臺股指富邦9B售04,0,0,0,0,0,0,0,0,0,-30000,0,0,0,0,30000,-30000,-30000
08110P,臺股指中信01售05,0,0,0,0,0,0,0,0,0,-30000,0,0,0,220000,250000,-30000,-30000
07638P,長榮航國票9A售01,0,0,0,0,0,0,0,0,0,-30000,0,0,0,0,30000,-30000,-30000
07720P,臺股指群益9A售09,0,0,0,0,0,0,0,0,0,-30000,0,0,0,30000,60000,-30000,-30000
2887F,台新戊特二      ,0,0,0,0,0,0,0,0,0,-30000,0,30000,-30000,0,0,0,-30000
056682,鴻海統一98購10  ,0,0,0,0,0,0,0,0,0,-30000,0,0,0,0,30000,-30000,-30000
056733,國巨凱基98購10  ,0,0,0,0,0,0,0,0,0,-30000,0,0,0,0,30000,-30000,-30000
057545,國巨凱基99購05  ,0,0,0,0,0,0,0,0,0,-30000,0,0,0,0,30000,-30000,-30000
056622,高鐵永豐98購01  ,0,0,0,0,0,0,0,0,0,-30000,0,0,0,0,30000,-30000,-30000
056587,聯發科統一9A購01,0,0,0,0,0,0,0,0,0,-30000,0,0,0,0,30000,-30000,-30000
056591,S&P正2元富9A購01,0,0,0,0,0,0,0,0,0,-30000,0,0,0,0,30000,-30000,-30000
053398,和鑫中信99購01  ,0,0,0,0,0,0,0,0,0,-30000,0,0,0,0,30000,-30000,-30000
05348P,美律元富98售01  ,0,0,0,0,0,0,0,0,0,-30000,0,0,0,80000,110000,-30000,-30000
055037,宏盛富邦99購01  ,0,0,0,0,0,0,0,0,0,-30000,0,0,0,0,30000,-30000,-30000
055085,大毅國票97購01  ,0,0,0,0,0,0,0,0,0,-30000,0,0,0,0,30000,-30000,-30000
054928,帆宣凱基98購01  ,0,0,0,0,0,0,0,0,0,-30000,0,0,0,0,30000,-30000,-30000
053768,S&P反1元大99購01,0,0,0,0,0,0,0,0,0,-30000,0,0,0,0,30000,-30000,-30000
054167,揚明光凱基98購01,0,0,0,0,0,0,0,0,0,-30000,0,0,0,0,30000,-30000,-30000
055351,聯發科凱基97購03,0,0,0,0,0,0,0,0,0,-30000,0,0,0,0,30000,-30000,-30000
050392,群創統一96購01  ,0,0,0,0,0,0,0,0,0,-30000,0,0,0,0,30000,-30000,-30000
055124,建準兆豐97購01  ,0,0,0,0,0,0,0,0,0,-30000,0,0,0,0,30000,-30000,-30000
052617,景碩國泰98購01  ,0,0,0,0,0,0,0,0,0,-30000,0,0,0,0,30000,-30000,-30000
052827,昇陽半永豐97購01,0,0,0,0,0,0,0,0,0,-30000,0,0,0,0,30000,-30000,-30000
061134,大成鋼統一9C購01,0,0,0,0,0,0,0,0,0,-30000,0,0,0,51000,81000,-30000,-30000
061064,可成凱基9B購02  ,0,0,0,0,0,0,0,0,0,-30000,0,0,0,33000,63000,-30000,-30000
057260,微星兆豐98購01  ,0,0,0,0,0,0,0,0,0,-30000,0,0,0,10000,40000,-30000,-30000
057010,景碩中信98購01  ,0,0,0,0,0,0,0,0,0,-30000,0,0,0,10000,40000,-30000,-30000
055609,旺宏國票99購01  ,0,0,0,0,0,0,0,0,0,-30000,0,0,0,0,30000,-30000,-30000
055688,力成凱基98購02  ,0,0,0,0,0,0,0,0,0,-30000,0,0,0,0,30000,-30000,-30000
055473,禾伸堂凱基97購01,0,0,0,0,0,0,0,0,0,-30000,0,0,0,0,30000,-30000,-30000
056872,旺宏凱基98購08  ,0,0,0,0,0,0,0,0,0,-30000,0,0,0,10000,40000,-30000,-30000
056374,聯發科統一9B購01,0,0,0,0,0,0,0,0,0,-30000,0,0,0,0,30000,-30000,-30000
056355,台積電元大98購08,0,0,0,0,0,0,0,0,0,-30000,0,0,0,0,30000,-30000,-30000
056405,聯茂群益98購01  ,0,0,0,0,0,0,0,0,0,-30000,0,0,0,0,30000,-30000,-30000
057851,鴻海國票99購06  ,0,0,0,0,0,0,0,0,0,-30000,0,0,0,0,30000,-30000,-30000
059870,全新凱基99購05  ,0,0,0,0,0,0,0,0,0,-30000,0,0,0,20000,50000,-30000,-30000
059889,華新科國票99購04,0,0,0,0,0,0,0,0,0,-30000,0,0,0,2000,32000,-30000,-30000
060696,道瓊反國泰9C購01,0,0,0,0,0,0,0,0,0,-30000,0,0,0,0,30000,-30000,-30000
058743,可成康和99購01  ,0,0,0,0,0,0,0,0,0,-30000,0,0,0,8000,38000,-30000,-30000
058391,T50反1元大99購02,0,0,0,0,0,0,0,0,0,-30000,0,0,0,0,30000,-30000,-30000
058655,鴻海中信03購02  ,0,0,0,0,0,0,0,0,0,-30000,0,0,0,0,30000,-30000,-30000
061804,國巨中信9B購02  ,0,0,0,0,0,0,0,0,0,-30000,0,0,0,0,30000,-30000,-30000
058173,台積電凱基99購04,0,0,0,0,0,0,0,0,0,-30000,0,0,0,15000,45000,-30000,-30000
058208,百和凱基99購01  ,0,0,0,0,0,0,0,0,0,-30000,0,0,0,127000,157000,-30000,-30000
058055,華擎統一9A購01  ,0,0,0,0,0,0,0,0,0,-30000,0,0,0,0,30000,-30000,-30000
059945,嘉澤永豐99購03  ,0,0,0,0,0,0,0,0,0,-30000,0,0,0,0,30000,-30000,-30000
060895,華新科凱基9B購05,0,0,0,0,0,0,0,0,0,-30000,0,0,0,0,30000,-30000,-30000
060384,葡萄王凱基9B購01,0,0,0,0,0,0,0,0,0,-30000,0,0,0,1000,31000,-30000,-30000
060479,億豐元大9A購01  ,0,0,0,0,0,0,0,0,0,-30000,0,0,0,0,30000,-30000,-30000
058951,南電群益99購01  ,0,0,0,0,0,0,0,0,0,-30000,0,0,0,20000,50000,-30000,-30000
06256P,臺股指群益97售09,0,0,0,0,0,0,0,0,0,-30000,0,0,0,0,30000,-30000,-30000
062578,超眾群益9B購01  ,0,0,0,0,0,0,0,0,0,-30000,0,0,0,0,30000,-30000,-30000
062597,世紀鋼統一01購01,0,0,0,0,0,0,0,0,0,-30000,0,0,0,0,30000,-30000,-30000
062910,亞光元大9B購01  ,0,0,0,0,0,0,0,0,0,-30000,0,0,0,371000,401000,-30000,-30000
062941,大立光凱基9B購07,0,0,0,0,0,0,0,0,0,-30000,0,0,0,0,30000,-30000,-30000
061949,大立光群益9B購03,0,0,0,0,0,0,0,0,0,-30000,0,0,0,44000,74000,-30000,-30000
061917,亞德客凱基9B購02,0,0,0,0,0,0,0,0,0,-30000,0,0,0,120000,150000,-30000,-30000
064121,國巨元大9C購16  ,0,0,0,0,0,0,0,0,0,-30000,0,0,0,60000,90000,-30000,-30000
063245,富邦金元大9B購03,0,0,0,0,0,0,0,0,0,-30000,0,0,0,236000,266000,-30000,-30000
063533,緯穎凱基9B購06  ,0,0,0,0,0,0,0,0,0,-30000,0,0,0,20000,50000,-30000,-30000
063502,南電永豐9B購02  ,0,0,0,0,0,0,0,0,0,-30000,0,0,0,10000,40000,-30000,-30000
063355,超眾元富9B購01  ,0,0,0,0,0,0,0,0,0,-30000,0,0,0,33000,63000,-30000,-30000
2642,宅配通          ,72000,103000,-31000,0,0,0,0,0,0,0,1000,1000,0,0,0,0,-31000
1472,三洋紡          ,19000,50000,-31000,0,0,0,0,0,0,0,0,0,0,0,0,0,-31000
1445,大宇            ,51000,85000,-34000,0,0,0,0,0,0,3000,6000,3000,3000,0,0,0,-31000
07739P,緯穎永豐9A售01  ,0,0,0,0,0,0,0,0,0,-31000,0,0,0,0,31000,-31000,-31000
07660P,聯茂凱基9A售03  ,0,0,0,0,0,0,0,0,0,-31000,0,0,0,19000,50000,-31000,-31000
08095P,大立光元富9B售03,0,0,0,0,0,0,0,0,0,-31000,0,0,0,10000,41000,-31000,-31000
08347P,大立光元大9C售16,0,0,0,0,0,0,0,0,0,-31000,0,0,0,50000,81000,-31000,-31000
07013P,玉晶光群益9A售06,0,0,0,0,0,0,0,0,0,-31000,0,0,0,25000,56000,-31000,-31000
07023P,南電永豐99售02  ,0,0,0,0,0,0,0,0,0,-31000,0,0,0,0,31000,-31000,-31000
064890,聯電群益9C購02  ,0,0,0,0,0,0,0,0,0,-31000,0,0,0,0,31000,-31000,-31000
056423,奇鋐統一98購01  ,0,0,0,0,0,0,0,0,0,-31000,0,0,0,0,31000,-31000,-31000
056941,台郡元富9B購01  ,0,0,0,0,0,0,0,0,0,-31000,0,0,0,107000,138000,-31000,-31000
056749,滬深2X兆豐99購01,0,0,0,0,0,0,0,0,0,-31000,0,0,0,0,31000,-31000,-31000
05749P,臺股指群益99售03,0,0,0,0,0,0,0,0,0,-31000,0,0,0,30000,61000,-31000,-31000
058556,百和永豐99購01  ,0,0,0,0,0,0,0,0,0,-31000,0,0,0,37000,68000,-31000,-31000
03446B,臺股指元大9B熊26,0,0,0,0,0,0,0,0,0,-31000,0,0,0,208000,239000,-31000,-31000
054589,聯鈞國泰99購01  ,0,0,0,0,0,0,0,0,0,-31000,0,0,0,22000,53000,-31000,-31000
060900,超眾凱基9B購01  ,0,0,0,0,0,0,0,0,0,-31000,0,0,0,0,31000,-31000,-31000
060022,勤誠康和99購01  ,0,0,0,0,0,0,0,0,0,-31000,0,0,0,0,31000,-31000,-31000
058062,上銀中信98購01  ,0,0,0,0,0,0,0,0,0,-31000,0,0,0,80000,111000,-31000,-31000
061000,旺宏兆豐9A購02  ,0,0,0,0,0,0,0,0,0,-31000,0,0,0,189000,220000,-31000,-31000
061719,緯穎凱基9A購06  ,0,0,0,0,0,0,0,0,0,-31000,0,0,0,3000,34000,-31000,-31000
059635,華新科凱基9A購06,0,0,0,0,0,0,0,0,0,-31000,0,0,0,3000,34000,-31000,-31000
058876,南電國票9A購02  ,0,0,0,0,0,0,0,0,0,-31000,0,0,0,11000,42000,-31000,-31000
063655,華通元富9B購01  ,0,0,0,0,0,0,0,0,0,-31000,0,0,0,5000,36000,-31000,-31000
062996,致茂國票9C購01  ,0,0,0,0,0,0,0,0,0,-31000,0,0,0,41000,72000,-31000,-31000
6196,帆宣            ,171000,193000,-22000,0,0,0,0,0,0,-9000,2000,0,2000,18000,29000,-11000,-31000
064846,旺宏元富03購01  ,0,0,0,0,0,0,0,0,0,-32000,0,0,0,3000,35000,-32000,-32000
064719,聯發科統一02購01,0,0,0,0,0,0,0,0,0,-32000,0,0,0,0,32000,-32000,-32000
07305P,T50正2群益99售02,0,0,0,0,0,0,0,0,0,-32000,0,0,0,63000,95000,-32000,-32000
08168P,金像電群益9B售03,0,0,0,0,0,0,0,0,0,-32000,0,0,0,29000,61000,-32000,-32000
054567,拓凱群益98購01  ,0,0,0,0,0,0,0,0,0,-32000,0,0,0,147000,179000,-32000,-32000
056600,聯茂元富98購01  ,0,0,0,0,0,0,0,0,0,-32000,0,0,0,0,32000,-32000,-32000
057629,泰碩永豐98購02  ,0,0,0,0,0,0,0,0,0,-32000,0,0,0,0,32000,-32000,-32000
051292,牧德統一97購01  ,0,0,0,0,0,0,0,0,0,-32000,0,0,0,14000,46000,-32000,-32000
059594,奇力新元大9B購01,0,0,0,0,0,0,0,0,0,-32000,0,0,0,0,32000,-32000,-32000
057370,可成元大98購07  ,0,0,0,0,0,0,0,0,0,-32000,0,0,0,68000,100000,-32000,-32000
056366,玉晶光元大99購04,0,0,0,0,0,0,0,0,0,-32000,0,0,0,66000,98000,-32000,-32000
056454,欣興凱基98購02  ,0,0,0,0,0,0,0,0,0,-32000,0,0,0,0,32000,-32000,-32000
058863,可成凱基99購02  ,0,0,0,0,0,0,0,0,0,-32000,0,0,0,0,32000,-32000,-32000
059114,華新科永豐99購05,0,0,0,0,0,0,0,0,0,-32000,0,0,0,0,32000,-32000,-32000
059694,創意永豐99購03  ,0,0,0,0,0,0,0,0,0,-32000,0,0,0,11000,43000,-32000,-32000
061834,華新科凱基02購02,0,0,0,0,0,0,0,0,0,-32000,0,0,0,0,32000,-32000,-32000
061318,智邦凱基9B購01  ,0,0,0,0,0,0,0,0,0,-32000,0,0,0,81000,113000,-32000,-32000
060409,味全永豐9A購01  ,0,0,0,0,0,0,0,0,0,-32000,0,0,0,30000,62000,-32000,-32000
062865,臺股指國票9B購22,0,0,0,0,0,0,0,0,0,-32000,0,0,0,77000,109000,-32000,-32000
061876,明泰元大9B購01  ,0,0,0,0,0,0,0,0,0,-32000,0,0,0,88000,120000,-32000,-32000
062182,華新科元大9B購07,0,0,0,0,0,0,0,0,0,-32000,0,0,0,1000,33000,-32000,-32000
063751,祥碩國票9C購02  ,0,0,0,0,0,0,0,0,0,-32000,0,0,0,0,32000,-32000,-32000
063732,建準元大9B購02  ,0,0,0,0,0,0,0,0,0,-32000,0,0,0,172000,204000,-32000,-32000
063919,大立光元富03購01,0,0,0,0,0,0,0,0,0,-32000,0,0,0,0,32000,-32000,-32000
063913,貿聯凱基02購01  ,0,0,0,0,0,0,0,0,0,-32000,0,0,0,75000,107000,-32000,-32000
3443,創意            ,223000,237000,-14000,0,0,0,0,0,0,-18000,13000,10000,3000,15000,36000,-21000,-32000
07593P,臺股指凱基9A售08,0,0,0,0,0,0,0,0,0,-33000,0,0,0,67000,100000,-33000,-33000
06954P,大立光元富99售01,0,0,0,0,0,0,0,0,0,-33000,0,0,0,10000,43000,-33000,-33000
06680P,智邦元大98售06  ,0,0,0,0,0,0,0,0,0,-33000,0,0,0,0,33000,-33000,-33000
064734,大立光元富9C購05,0,0,0,0,0,0,0,0,0,-33000,0,0,0,0,33000,-33000,-33000
064265,嘉聯益永豐9C購02,0,0,0,0,0,0,0,0,0,-33000,0,0,0,50000,83000,-33000,-33000
055834,國巨元大97購13  ,0,0,0,0,0,0,0,0,0,-33000,0,0,0,9000,42000,-33000,-33000
057365,智邦元大98購07  ,0,0,0,0,0,0,0,0,0,-33000,0,0,0,0,33000,-33000,-33000
057451,大立光元富9B購01,0,0,0,0,0,0,0,0,0,-33000,0,0,0,17000,50000,-33000,-33000
057389,玉晶光永豐98購06,0,0,0,0,0,0,0,0,0,-33000,0,0,0,108000,141000,-33000,-33000
057231,美律凱基98購05  ,0,0,0,0,0,0,0,0,0,-33000,0,0,0,15000,48000,-33000,-33000
052948,景碩國票97購02  ,0,0,0,0,0,0,0,0,0,-33000,0,0,0,2000,35000,-33000,-33000
057675,同欣電元大98購02,0,0,0,0,0,0,0,0,0,-33000,0,0,0,129000,162000,-33000,-33000
056624,景碩永豐98購01  ,0,0,0,0,0,0,0,0,0,-33000,0,0,0,0,33000,-33000,-33000
057531,禾伸堂元大99購04,0,0,0,0,0,0,0,0,0,-33000,0,0,0,0,33000,-33000,-33000
060412,儒鴻永豐9A購01  ,0,0,0,0,0,0,0,0,0,-33000,0,0,0,38000,71000,-33000,-33000
060849,力成國票9A購01  ,0,0,0,0,0,0,0,0,0,-33000,0,0,0,32000,65000,-33000,-33000
060819,國巨統一9C購04  ,0,0,0,0,0,0,0,0,0,-33000,0,0,0,0,33000,-33000,-33000
060946,世紀鋼國票9A購02,0,0,0,0,0,0,0,0,0,-33000,0,0,0,251000,284000,-33000,-33000
058079,鴻海群益98購08  ,0,0,0,0,0,0,0,0,0,-33000,0,0,0,4000,37000,-33000,-33000
058118,瑞昱群益99購01  ,0,0,0,0,0,0,0,0,0,-33000,0,0,0,7000,40000,-33000,-33000
060572,景碩永豐9A購01  ,0,0,0,0,0,0,0,0,0,-33000,0,0,0,2000,35000,-33000,-33000
057758,鴻海凱基99購03  ,0,0,0,0,0,0,0,0,0,-33000,0,0,0,1000,34000,-33000,-33000
059390,華新科凱基99購05,0,0,0,0,0,0,0,0,0,-33000,0,0,0,3000,36000,-33000,-33000
060165,上緯控永豐9A購01,0,0,0,0,0,0,0,0,0,-33000,0,0,0,0,33000,-33000,-33000
063877,鴻海元富9C購01  ,0,0,0,0,0,0,0,0,0,-33000,0,0,0,0,33000,-33000,-33000
064132,神達元大9C購02  ,0,0,0,0,0,0,0,0,0,-33000,0,0,0,54000,87000,-33000,-33000
064056,GIS統一01購02   ,0,0,0,0,0,0,0,0,0,-33000,0,0,0,22000,55000,-33000,-33000
064013,創意國票01購01  ,0,0,0,0,0,0,0,0,0,-33000,0,0,0,53000,86000,-33000,-33000
063079,儒鴻凱基9B購01  ,0,0,0,0,0,0,0,0,0,-33000,0,0,0,15000,48000,-33000,-33000
062799,聯發科統一9C購09,0,0,0,0,0,0,0,0,0,-33000,0,0,0,5000,38000,-33000,-33000
062534,力成統一01購01  ,0,0,0,0,0,0,0,0,0,-33000,0,0,0,0,33000,-33000,-33000
064353,力成元大9C購02  ,0,0,0,0,0,0,0,0,0,-34000,0,0,0,0,34000,-34000,-34000
064709,瑞祺永豐9C購01  ,0,0,0,0,0,0,0,0,0,-34000,0,0,0,0,34000,-34000,-34000
06921P,台光電凱基98售06,0,0,0,0,0,0,0,0,0,-34000,0,0,0,0,34000,-34000,-34000
07558P,玉晶光元大9A售10,0,0,0,0,0,0,0,0,0,-34000,0,0,0,16000,50000,-34000,-34000
08272P,鴻海元富9C售02  ,0,0,0,0,0,0,0,0,0,-34000,0,0,0,12000,46000,-34000,-34000
08400P,美律元富9C售02  ,0,0,0,0,0,0,0,0,0,-34000,0,0,0,6000,40000,-34000,-34000
1507,永大            ,61000,95000,-34000,0,0,0,0,0,0,0,0,0,0,0,0,0,-34000
053970,聯發科元大97購08,0,0,0,0,0,0,0,0,0,-34000,0,0,0,18000,52000,-34000,-34000
057241,超眾凱基99購02  ,0,0,0,0,0,0,0,0,0,-34000,0,0,0,0,34000,-34000,-34000
059912,國巨元大99購28  ,0,0,0,0,0,0,0,0,0,-34000,0,0,0,14000,48000,-34000,-34000
060620,玉晶光元大9A購04,0,0,0,0,0,0,0,0,0,-34000,0,0,0,55000,89000,-34000,-34000
059765,嘉聯益永豐99購02,0,0,0,0,0,0,0,0,0,-34000,0,0,0,5000,39000,-34000,-34000
060722,矽格永豐9A購01  ,0,0,0,0,0,0,0,0,0,-34000,0,0,0,40000,74000,-34000,-34000
061544,大毅群益9B購02  ,0,0,0,0,0,0,0,0,0,-34000,0,0,0,26000,60000,-34000,-34000
060052,宏碁凱基99購01  ,0,0,0,0,0,0,0,0,0,-34000,0,0,0,45000,79000,-34000,-34000
060109,茂林元大99購05  ,0,0,0,0,0,0,0,0,0,-34000,0,0,0,70000,104000,-34000,-34000
060812,智邦凱基9A購01  ,0,0,0,0,0,0,0,0,0,-34000,0,0,0,17000,51000,-34000,-34000
062628,廣達國票9B購01  ,0,0,0,0,0,0,0,0,0,-34000,0,0,0,0,34000,-34000,-34000
062603,台化凱基9B購01  ,0,0,0,0,0,0,0,0,0,-34000,0,0,0,0,34000,-34000,-34000
063001,巨大國票9B購01  ,0,0,0,0,0,0,0,0,0,-34000,0,0,0,5000,39000,-34000,-34000
062085,同欣電元大9B購01,0,0,0,0,0,0,0,0,0,-34000,0,0,0,30000,64000,-34000,-34000
063102,旺宏群益9B購03  ,0,0,0,0,0,0,0,0,0,-34000,0,0,0,0,34000,-34000,-34000
2030,彰源            ,42000,78000,-36000,0,0,0,0,0,0,1000,1000,0,1000,0,0,0,-35000
2493,揚博            ,167000,173000,-6000,0,0,0,0,0,0,-29000,2000,31000,-29000,0,0,0,-35000
08181P,華新科國泰9C售02,0,0,0,0,0,0,0,0,0,-35000,0,0,0,170000,205000,-35000,-35000
07967P,力山元大9B售03  ,0,0,0,0,0,0,0,0,0,-35000,0,0,0,0,35000,-35000,-35000
07391P,台灣50國泰02售01,0,0,0,0,0,0,0,0,0,-35000,0,0,0,15000,50000,-35000,-35000
07099P,台積電元大99售19,0,0,0,0,0,0,0,0,0,-35000,0,0,0,85000,120000,-35000,-35000
064783,貿聯群益9C購03  ,0,0,0,0,0,0,0,0,0,-35000,0,0,0,0,35000,-35000,-35000
064805,金像電元大9C購04,0,0,0,0,0,0,0,0,0,-35000,0,0,0,0,35000,-35000,-35000
064792,美律國票9C購01  ,0,0,0,0,0,0,0,0,0,-35000,0,0,0,0,35000,-35000,-35000
064387,GIS富邦9C購01   ,0,0,0,0,0,0,0,0,0,-35000,0,0,0,0,35000,-35000,-35000
058630,日月光國票9A購01,0,0,0,0,0,0,0,0,0,-35000,0,0,0,22000,57000,-35000,-35000
042792,T50反1台新9C購01,0,0,0,0,0,0,0,0,0,-35000,0,0,0,0,35000,-35000,-35000
051795,T50反1台新05購02,0,0,0,0,0,0,0,0,0,-35000,0,0,0,0,35000,-35000,-35000
060828,高股息國票9A購01,0,0,0,0,0,0,0,0,0,-35000,0,0,0,0,35000,-35000,-35000
060016,廣達康和99購01  ,0,0,0,0,0,0,0,0,0,-35000,0,0,0,18000,53000,-35000,-35000
058963,華新科兆豐99購05,0,0,0,0,0,0,0,0,0,-35000,0,0,0,115000,150000,-35000,-35000
061531,奇鋐台新9A購01  ,0,0,0,0,0,0,0,0,0,-35000,0,0,0,6000,41000,-35000,-35000
061352,茂林元大9A購04  ,0,0,0,0,0,0,0,0,0,-35000,0,0,0,0,35000,-35000,-35000
061372,世紀鋼國泰9C購01,0,0,0,0,0,0,0,0,0,-35000,0,0,0,13000,48000,-35000,-35000
058122,美律國票9A購01  ,0,0,0,0,0,0,0,0,0,-35000,0,0,0,0,35000,-35000,-35000
058321,大立光永豐99購01,0,0,0,0,0,0,0,0,0,-35000,0,0,0,0,35000,-35000,-35000
058245,訊連元大99購01  ,0,0,0,0,0,0,0,0,0,-35000,0,0,0,0,35000,-35000,-35000
058428,大立光元富99購02,0,0,0,0,0,0,0,0,0,-35000,0,0,0,19000,54000,-35000,-35000
060619,玉晶光元大9A購03,0,0,0,0,0,0,0,0,0,-35000,0,0,0,68000,103000,-35000,-35000
060180,上証2X元富9A購02,0,0,0,0,0,0,0,0,0,-35000,0,0,0,0,35000,-35000,-35000
063041,貿聯凱基9B購01  ,0,0,0,0,0,0,0,0,0,-35000,0,0,0,8000,43000,-35000,-35000
063236,旺宏元大9B購07  ,0,0,0,0,0,0,0,0,0,-35000,0,0,0,124000,159000,-35000,-35000
063554,GIS國票9C購03   ,0,0,0,0,0,0,0,0,0,-35000,0,0,0,0,35000,-35000,-35000
064089,新日興凱基02購01,0,0,0,0,0,0,0,0,0,-35000,0,0,0,30000,65000,-35000,-35000
061878,茂林元大9B購01  ,0,0,0,0,0,0,0,0,0,-35000,0,0,0,0,35000,-35000,-35000
061920,台積電凱基9C購02,0,0,0,0,0,0,0,0,0,-35000,0,0,0,0,35000,-35000,-35000
062009,聯發科國泰01購01,0,0,0,0,0,0,0,0,0,-35000,0,0,0,65000,100000,-35000,-35000
062524,鴻海統一9C購09  ,0,0,0,0,0,0,0,0,0,-35000,0,0,0,0,35000,-35000,-35000
6452,康友-KY         ,59000,85000,-26000,0,0,0,0,0,0,-9000,0,0,0,1000,10000,-9000,-35000
064714,和大統一02購02  ,0,0,0,0,0,0,0,0,0,-36000,0,0,0,50000,86000,-36000,-36000
07092P,上銀凱基99售03  ,0,0,0,0,0,0,0,0,0,-36000,0,0,0,4000,40000,-36000,-36000
06937P,GIS元大98售03   ,0,0,0,0,0,0,0,0,0,-36000,0,0,0,56000,92000,-36000,-36000
07928P,國巨統一9B售09  ,0,0,0,0,0,0,0,0,0,-36000,0,0,0,0,36000,-36000,-36000
07818P,台積電國票9C售01,0,0,0,0,0,0,0,0,0,-36000,0,0,0,50000,86000,-36000,-36000
07649P,金像電永豐9A售02,0,0,0,0,0,0,0,0,0,-36000,0,0,0,30000,66000,-36000,-36000
07708P,玉晶光元大9A售13,0,0,0,0,0,0,0,0,0,-36000,0,0,0,38000,74000,-36000,-36000
08209P,上銀元富9B售06  ,0,0,0,0,0,0,0,0,0,-36000,0,0,0,24000,60000,-36000,-36000
043442,大立光台新01購01,0,0,0,0,0,0,0,0,0,-36000,0,0,0,285000,321000,-36000,-36000
051266,國巨富邦99購01  ,0,0,0,0,0,0,0,0,0,-36000,0,0,0,62000,98000,-36000,-36000
054170,泰鼎凱基98購01  ,0,0,0,0,0,0,0,0,0,-36000,0,0,0,21000,57000,-36000,-36000
054480,和碩中信98購01  ,0,0,0,0,0,0,0,0,0,-36000,0,0,0,0,36000,-36000,-36000
053654,聯發科凱基98購01,0,0,0,0,0,0,0,0,0,-36000,0,0,0,0,36000,-36000,-36000
057408,台郡群益98購01  ,0,0,0,0,0,0,0,0,0,-36000,0,0,0,0,36000,-36000,-36000
057481,技嘉元大98購04  ,0,0,0,0,0,0,0,0,0,-36000,0,0,0,27000,63000,-36000,-36000
059324,智易元大99購04  ,0,0,0,0,0,0,0,0,0,-36000,0,0,0,0,36000,-36000,-36000
058371,智原凱基9A購01  ,0,0,0,0,0,0,0,0,0,-36000,0,0,0,0,36000,-36000,-36000
061496,華新科國票9A購07,0,0,0,0,0,0,0,0,0,-36000,0,0,0,32000,68000,-36000,-36000
061820,康控群益9B購02  ,0,0,0,0,0,0,0,0,0,-36000,0,0,0,164000,200000,-36000,-36000
060333,金寶康和9A購01  ,0,0,0,0,0,0,0,0,0,-36000,0,0,0,60000,96000,-36000,-36000
062668,國巨中信9B購04  ,0,0,0,0,0,0,0,0,0,-36000,0,0,0,0,36000,-36000,-36000
062485,華通國泰01購01  ,0,0,0,0,0,0,0,0,0,-36000,0,0,0,19000,55000,-36000,-36000
062730,致伸凱基9B購01  ,5000,0,5000,0,0,0,0,0,0,-41000,0,0,0,74000,115000,-41000,-36000
064224,玉晶光國票01購04,0,0,0,0,0,0,0,0,0,-36000,0,0,0,5000,41000,-36000,-36000
063832,矽創國票01購01  ,0,0,0,0,0,0,0,0,0,-36000,0,0,0,35000,71000,-36000,-36000
063791,玉晶光台新9C購01,0,0,0,0,0,0,0,0,0,-36000,0,0,0,0,36000,-36000,-36000
063206,貿聯統一9C購02  ,0,0,0,0,0,0,0,0,0,-36000,0,0,0,55000,91000,-36000,-36000
063328,京元電國票9C購02,0,0,0,0,0,0,0,0,0,-36000,0,0,0,24000,60000,-36000,-36000
07312P,台灣50元大99售10,0,0,0,0,0,0,0,0,0,-37000,0,0,0,33000,70000,-37000,-37000
058617,南電元大99購01  ,0,0,0,0,0,0,0,0,0,-37000,0,0,0,10000,47000,-37000,-37000
061066,嘉晶凱基9B購01  ,0,0,0,0,0,0,0,0,0,-37000,0,0,0,3000,40000,-37000,-37000
056114,台達電群益97購02,0,0,0,0,0,0,0,0,0,-37000,0,0,0,61000,98000,-37000,-37000
056964,聯發科永豐98購03,0,0,0,0,0,0,0,0,0,-37000,0,0,0,34000,71000,-37000,-37000
056746,超眾凱基99購01  ,0,0,0,0,0,0,0,0,0,-37000,0,0,0,20000,57000,-37000,-37000
057672,茂林元大98購02  ,0,0,0,0,0,0,0,0,0,-37000,0,0,0,0,37000,-37000,-37000
055258,玉晶光統一97購03,350000,0,350000,0,0,0,0,0,0,-387000,0,0,0,0,387000,-387000,-37000
060425,凌華永豐9A購01  ,0,0,0,0,0,0,0,0,0,-37000,0,0,0,0,37000,-37000,-37000
061525,華新科凱基9A購13,0,0,0,0,0,0,0,0,0,-37000,0,0,0,0,37000,-37000,-37000
058225,旺宏元富99購01  ,0,0,0,0,0,0,0,0,0,-37000,0,0,0,98000,135000,-37000,-37000
058115,台光電中信99購01,0,0,0,0,0,0,0,0,0,-37000,0,0,0,0,37000,-37000,-37000
060998,華通兆豐9A購01  ,0,0,0,0,0,0,0,0,0,-37000,0,0,0,85000,122000,-37000,-37000
057743,華擎永豐98購03  ,0,0,0,0,0,0,0,0,0,-37000,0,0,0,0,37000,-37000,-37000
060126,創意永豐99購04  ,0,0,0,0,0,0,0,0,0,-37000,0,0,0,27000,64000,-37000,-37000
063768,華新科國泰9C購03,0,0,0,0,0,0,0,0,0,-37000,0,0,0,174000,211000,-37000,-37000
064195,晶豪科群益9C購01,0,0,0,0,0,0,0,0,0,-37000,0,0,0,0,37000,-37000,-37000
064222,玉山金國票01購01,0,0,0,0,0,0,0,0,0,-37000,0,0,0,3000,40000,-37000,-37000
062880,大立光兆豐9B購02,0,0,0,0,0,0,0,0,0,-37000,0,0,0,33000,70000,-37000,-37000
062909,大立光元大9C購04,0,0,0,0,0,0,0,0,0,-37000,0,0,0,20000,57000,-37000,-37000
062340,力成麥證9B購01  ,0,0,0,0,37000,-37000,0,0,0,-37000,0,0,0,0,37000,-37000,-37000
062550,啟碁永豐9B購01  ,0,0,0,0,0,0,0,0,0,-37000,0,0,0,0,37000,-37000,-37000
061947,旺宏群益9B購02  ,0,0,0,0,0,0,0,0,0,-37000,0,0,0,64000,101000,-37000,-37000
9911,櫻花            ,109000,119000,-10000,0,0,0,0,0,0,-27000,0,27000,-27000,0,0,0,-37000
06857P,超眾永豐98售02  ,0,0,0,0,0,0,0,0,0,-38000,0,0,0,30000,68000,-38000,-38000
064835,嘉晶統一02購01  ,0,0,0,0,0,0,0,0,0,-38000,0,0,0,22000,60000,-38000,-38000
1806,冠軍            ,31000,69000,-38000,0,0,0,0,0,0,0,0,0,0,0,0,0,-38000
1451,年興            ,53000,93000,-40000,0,0,0,0,0,0,2000,4000,2000,2000,0,0,0,-38000
055323,貿聯國票98購01  ,0,0,0,0,0,0,0,0,0,-38000,0,0,0,0,38000,-38000,-38000
052536,聯茂國泰97購01  ,0,0,0,0,0,0,0,0,0,-38000,0,0,0,0,38000,-38000,-38000
054065,樺漢國票97購01  ,0,0,0,0,0,0,0,0,0,-38000,0,0,0,0,38000,-38000,-38000
054420,緯穎元大96購08  ,0,0,0,0,0,0,0,0,0,-38000,0,0,0,22000,60000,-38000,-38000
056962,技嘉永豐98購01  ,0,0,0,0,0,0,0,0,0,-38000,0,0,0,37000,75000,-38000,-38000
056977,國巨群益9A購01  ,0,0,0,0,0,0,0,0,0,-38000,0,0,0,0,38000,-38000,-38000
056291,聯茂永豐97購03  ,0,0,0,0,0,0,0,0,0,-38000,0,0,0,20000,58000,-38000,-38000
058552,欣興永豐99購01  ,0,0,0,0,0,0,0,0,0,-38000,0,0,0,0,38000,-38000,-38000
059595,華新科元大9A購03,0,0,0,0,0,0,0,0,0,-38000,0,0,0,9000,47000,-38000,-38000
057289,力成元大98購03  ,0,0,0,0,0,0,0,0,0,-38000,0,0,0,30000,68000,-38000,-38000
057103,禾伸堂中信9A購01,0,0,0,0,0,0,0,0,0,-38000,0,0,0,0,38000,-38000,-38000
057856,聯鈞國票99購03  ,0,0,0,0,0,0,0,0,0,-38000,0,0,0,0,38000,-38000,-38000
057859,神達康和98購01  ,0,0,0,0,0,0,0,0,0,-38000,0,0,0,16000,54000,-38000,-38000
059238,台積電凱基99購11,0,0,0,0,0,0,0,0,0,-38000,0,0,0,5000,43000,-38000,-38000
059363,超眾永豐99購02  ,0,0,0,0,0,0,0,0,0,-38000,0,0,0,0,38000,-38000,-38000
059766,同欣電永豐99購03,0,0,0,0,0,0,0,0,0,-38000,0,0,0,18000,56000,-38000,-38000
060636,大毅永豐9A購02  ,0,0,0,0,0,0,0,0,0,-38000,0,0,0,0,38000,-38000,-38000
060664,聯詠凱基9A購01  ,0,0,0,0,0,0,0,0,0,-38000,0,0,0,12000,50000,-38000,-38000
058733,同欣電永豐99購02,0,0,0,0,0,0,0,0,0,-38000,0,0,0,33000,71000,-38000,-38000
058694,鈺齊國票9A購02  ,0,0,0,0,0,0,0,0,0,-38000,0,0,0,0,38000,-38000,-38000
061376,瑞昱永豐9A購02  ,0,0,0,0,0,0,0,0,0,-38000,0,0,0,0,38000,-38000,-38000
061344,禾伸堂元大9A購02,0,0,0,0,0,0,0,0,0,-38000,0,0,0,46000,84000,-38000,-38000
059951,台塑康和99購01  ,0,0,0,0,0,0,0,0,0,-38000,0,0,0,68000,106000,-38000,-38000
061935,台積電國票9B購07,0,0,0,0,0,0,0,0,0,-38000,0,0,0,0,38000,-38000,-38000
061866,力山元大9C購01  ,0,0,0,0,0,0,0,0,0,-38000,0,0,0,188000,226000,-38000,-38000
062031,臻鼎群益9B購01  ,0,0,0,0,0,0,0,0,0,-38000,0,0,0,48000,86000,-38000,-38000
061634,遠東新元大9A購01,0,0,0,0,0,0,0,0,0,-38000,0,0,0,21000,59000,-38000,-38000
062563,緯穎凱基9B購03  ,0,0,0,0,0,0,0,0,0,-38000,0,0,0,12000,50000,-38000,-38000
064081,國產中信06購01  ,0,0,0,0,0,0,0,0,0,-38000,0,0,0,48000,86000,-38000,-38000
063565,旺宏元大9B購08  ,0,0,0,0,0,0,0,0,0,-38000,0,0,0,79000,117000,-38000,-38000
063519,聚陽凱基9B購02  ,0,0,0,0,0,0,0,0,0,-38000,0,0,0,13000,51000,-38000,-38000
063469,牧德元大9C購02  ,0,0,0,0,0,0,0,0,0,-38000,0,0,0,10000,48000,-38000,-38000
064344,緯創元大9C購01  ,0,0,0,0,0,0,0,0,0,-39000,0,0,0,109000,148000,-39000,-39000
064319,南電群益9C購01  ,0,0,0,0,0,0,0,0,0,-39000,0,0,0,17000,56000,-39000,-39000
064454,華新科統一01購03,0,0,0,0,0,0,0,0,0,-39000,0,0,0,0,39000,-39000,-39000
064416,南亞科中信01購01,0,0,0,0,0,0,0,0,0,-39000,0,0,0,0,39000,-39000,-39000
057029,緯穎凱基98購04  ,0,0,0,0,0,0,0,0,0,-39000,0,0,0,0,39000,-39000,-39000
058514,潤泰全元大99購01,0,0,0,0,0,0,0,0,0,-39000,0,0,0,11000,50000,-39000,-39000
056354,國巨元大98購10  ,0,0,0,0,0,0,0,0,0,-39000,0,0,0,21000,60000,-39000,-39000
056769,國產元大98購01  ,0,0,0,0,0,0,0,0,0,-39000,0,0,0,76000,115000,-39000,-39000
055577,晶技統一97購02  ,0,0,0,0,0,0,0,0,0,-39000,0,0,0,0,39000,-39000,-39000
060363,美律元富9A購01  ,0,0,0,0,0,0,0,0,0,-39000,0,0,0,110000,149000,-39000,-39000
060823,旺宏元大9A購05  ,0,0,0,0,0,0,0,0,0,-39000,0,0,0,12000,51000,-39000,-39000
057974,上銀永豐98購02  ,0,0,0,0,0,0,0,0,0,-39000,0,0,0,0,39000,-39000,-39000
058081,技嘉群益9A購03  ,0,0,0,0,0,0,0,0,0,-39000,0,0,0,6000,45000,-39000,-39000
058373,晶技凱基99購02  ,0,0,0,0,0,0,0,0,0,-39000,0,0,0,10000,49000,-39000,-39000
059772,可成群益9A購05  ,0,0,0,0,0,0,0,0,0,-39000,0,0,0,0,39000,-39000,-39000
059116,晶豪科永豐99購01,0,0,0,0,0,0,0,0,0,-39000,0,0,0,0,39000,-39000,-39000
063042,同欣電凱基9C購01,0,0,0,0,0,0,0,0,0,-39000,0,0,0,60000,99000,-39000,-39000
063089,巨大凱基9C購01  ,0,0,0,0,0,0,0,0,0,-39000,0,0,0,33000,72000,-39000,-39000
064175,華通國泰02購01  ,0,0,0,0,0,0,0,0,0,-39000,0,0,0,0,39000,-39000,-39000
062469,旺宏凱基9B購05  ,0,0,0,0,0,0,0,0,0,-39000,0,0,0,88000,127000,-39000,-39000
062339,瑞昱麥證9C購01  ,0,0,0,32000,71000,-39000,0,0,0,-39000,0,0,0,52000,91000,-39000,-39000
064251,緯創元富9C購01  ,0,0,0,0,0,0,0,0,0,-40000,0,0,0,86000,126000,-40000,-40000
064587,泰碩永豐9C購01  ,0,0,0,0,0,0,0,0,0,-40000,0,0,0,0,40000,-40000,-40000
06839P,玉晶光統一9A售05,0,0,0,0,0,0,0,0,0,-40000,0,0,0,85000,125000,-40000,-40000
06885P,國巨國票99售06  ,0,0,0,0,0,0,0,0,0,-40000,0,0,0,0,40000,-40000,-40000
06602P,國巨統一99售02  ,0,0,0,0,0,0,0,0,0,-40000,0,0,0,0,40000,-40000,-40000
07375P,台積電元大99售48,0,0,0,0,0,0,0,0,0,-40000,0,0,0,0,40000,-40000,-40000
07561P,玉晶光永豐9A售02,0,0,0,0,0,0,0,0,0,-40000,0,0,0,0,40000,-40000,-40000
08458P,南電元大9C售04  ,0,0,0,0,0,0,0,0,0,-40000,0,0,0,0,40000,-40000,-40000
08215P,旺宏群益9B售04  ,0,0,0,0,0,0,0,0,0,-40000,0,0,0,0,40000,-40000,-40000
08224P,臺股指凱基9B售19,0,0,0,0,0,0,0,0,0,-40000,0,0,0,0,40000,-40000,-40000
08340P,聯發科元富9C售01,0,0,0,0,0,0,0,0,0,-40000,0,0,0,0,40000,-40000,-40000
07958P,華擎群益9B售01  ,0,0,0,0,0,0,0,0,0,-40000,0,0,0,10000,50000,-40000,-40000
056755,聯茂兆豐98購01  ,0,0,0,0,0,0,0,0,0,-40000,0,0,0,21000,61000,-40000,-40000
055635,緯穎永豐97購01  ,0,0,0,0,0,0,0,0,0,-40000,0,0,0,0,40000,-40000,-40000
055767,臺股指群益97購05,0,0,0,0,0,0,0,0,0,-40000,0,0,0,0,40000,-40000,-40000
056153,華新科凱基97購02,0,0,0,0,0,0,0,0,0,-40000,0,0,0,30000,70000,-40000,-40000
055877,奇鋐元富97購01  ,0,0,0,0,0,0,0,0,0,-40000,0,0,0,124000,164000,-40000,-40000
055885,大成鋼統一97購02,0,0,0,0,0,0,0,0,0,-40000,0,0,0,20000,60000,-40000,-40000
056324,南亞科兆豐98購01,0,0,0,0,0,0,0,0,0,-40000,0,0,0,0,40000,-40000,-40000
056416,華新科中信98購01,0,0,0,0,0,0,0,0,0,-40000,0,0,0,0,40000,-40000,-40000
056504,國巨永豐98購02  ,0,0,0,0,0,0,0,0,0,-40000,0,0,0,2000,42000,-40000,-40000
058557,健策第一01購01  ,0,0,0,0,0,0,0,0,0,-40000,0,0,0,0,40000,-40000,-40000
057270,遠東新元大98購01,0,0,0,0,0,0,0,0,0,-40000,0,0,0,0,40000,-40000,-40000
057494,玉晶光元大99購09,0,0,0,0,0,0,0,0,0,-40000,0,0,0,46000,86000,-40000,-40000
057406,茂林群益98購03  ,0,0,0,0,0,0,0,0,0,-40000,0,0,0,0,40000,-40000,-40000
056737,國巨凱基9A購01  ,0,0,0,0,0,0,0,0,0,-40000,0,0,0,43000,83000,-40000,-40000
057552,禾伸堂凱基98購05,0,0,0,0,0,0,0,0,0,-40000,0,0,0,62000,102000,-40000,-40000
057593,聯發科兆豐98購03,0,0,0,0,0,0,0,0,0,-40000,0,0,0,0,40000,-40000,-40000
054550,旺宏凱基98購02  ,0,0,0,0,0,0,0,0,0,-40000,0,0,0,0,40000,-40000,-40000
052863,友達凱基98購02  ,0,0,0,0,0,0,0,0,0,-40000,0,0,0,0,40000,-40000,-40000
057853,旺宏國票99購05  ,0,0,0,0,0,0,0,0,0,-40000,0,0,0,0,40000,-40000,-40000
059908,元金2X元大99購01,0,0,0,0,0,0,0,0,0,-40000,0,0,0,0,40000,-40000,-40000
060742,臺指反國票9B購02,0,0,0,0,0,0,0,0,0,-40000,0,0,0,0,40000,-40000,-40000
059852,康控永豐99購02  ,0,0,0,0,0,0,0,0,0,-40000,0,0,0,50000,90000,-40000,-40000
058365,奇力新凱基9A購01,0,0,0,0,0,0,0,0,0,-40000,0,0,0,0,40000,-40000,-40000
058444,國巨富邦9B購01  ,0,0,0,0,0,0,0,0,0,-40000,0,0,0,0,40000,-40000,-40000
059754,訊芯群益9A購01  ,0,0,0,0,0,0,0,0,0,-40000,0,0,0,60000,100000,-40000,-40000
058259,訊連國泰9B購01  ,0,0,0,0,0,0,0,0,0,-40000,0,0,0,15000,55000,-40000,-40000
061799,奇鋐永豐9B購01  ,0,0,0,0,0,0,0,0,0,-40000,0,0,0,1000,41000,-40000,-40000
057921,可成凱基98購09  ,0,0,0,0,0,0,0,0,0,-40000,0,0,0,0,40000,-40000,-40000
062303,台表科中信01購01,0,0,0,0,0,0,0,0,0,-40000,0,0,0,20000,60000,-40000,-40000
061650,南電元大9A購07  ,0,0,0,0,0,0,0,0,0,-40000,0,0,0,60000,100000,-40000,-40000
061997,台郡元大9B購03  ,0,0,0,0,0,0,0,0,0,-40000,0,0,0,16000,56000,-40000,-40000
062358,國巨元大9B購12  ,0,0,0,0,0,0,0,0,0,-40000,0,0,0,50000,90000,-40000,-40000
062548,智易永豐9B購01  ,0,0,0,0,0,0,0,0,0,-40000,0,0,0,0,40000,-40000,-40000
062513,玉晶光國票9C購01,13000,0,13000,0,0,0,0,0,0,-53000,0,0,0,70000,123000,-53000,-40000
062887,台積電群益9C購05,0,0,0,0,0,0,0,0,0,-40000,0,0,0,0,40000,-40000,-40000
063009,國巨元大9B購18  ,0,0,0,0,0,0,0,0,0,-40000,0,0,0,50000,90000,-40000,-40000
063000,緯穎國票9B購03  ,0,0,0,0,0,0,0,0,0,-40000,0,0,0,0,40000,-40000,-40000
063957,臻鼎元大9C購01  ,0,0,0,0,0,0,0,0,0,-40000,0,0,0,10000,50000,-40000,-40000
063166,超眾永豐9B購01  ,0,0,0,0,0,0,0,0,0,-40000,0,0,0,1000,41000,-40000,-40000
06353P,電子類富邦99售02,0,0,0,0,0,0,0,0,0,-40000,0,0,0,0,40000,-40000,-40000
08339P,上銀統一9C售04  ,0,0,0,0,0,0,0,0,0,-41000,0,0,0,0,41000,-41000,-41000
2419,仲琦            ,145000,185000,-40000,0,0,0,0,0,0,-1000,1000,2000,-1000,0,0,0,-41000
06899P,嘉澤群益98售01  ,0,0,0,0,0,0,0,0,0,-41000,0,0,0,19000,60000,-41000,-41000
06824P,台灣50國票99售02,0,0,0,0,0,0,0,0,0,-41000,0,0,0,122000,163000,-41000,-41000
064716,國巨統一9C購14  ,0,0,0,0,0,0,0,0,0,-41000,0,0,0,9000,50000,-41000,-41000
058527,世紀鋼元大99購01,0,0,0,0,0,0,0,0,0,-41000,0,0,0,19000,60000,-41000,-41000
055926,國巨群益98購06  ,0,0,0,0,0,0,0,0,0,-41000,0,0,0,40000,81000,-41000,-41000
056213,建準國票98購02  ,0,0,0,0,0,0,0,0,0,-41000,0,0,0,52000,93000,-41000,-41000
060912,華新科元大9A購10,0,0,0,0,0,0,0,0,0,-41000,0,0,0,12000,53000,-41000,-41000
060925,華新科永豐9A購01,0,0,0,0,0,0,0,0,0,-41000,0,0,0,0,41000,-41000,-41000
058272,超眾永豐9A購01  ,0,0,0,0,0,0,0,0,0,-41000,0,0,0,0,41000,-41000,-41000
058293,光寶科凱基9A購01,0,0,0,0,0,0,0,0,0,-41000,0,0,0,10000,51000,-41000,-41000
060979,國巨元大9A購14  ,0,0,0,0,0,0,0,0,0,-41000,0,0,0,85000,126000,-41000,-41000
057779,禾伸堂群益98購02,0,0,0,0,0,0,0,0,0,-41000,0,0,0,0,41000,-41000,-41000
060577,玉晶光中信9A購02,0,0,0,0,0,0,0,0,0,-41000,0,0,0,0,41000,-41000,-41000
058751,南茂凱基9A購01  ,0,0,0,0,0,0,0,0,0,-41000,0,0,0,61000,102000,-41000,-41000
063106,台表科群益9B購03,0,0,0,0,0,0,0,0,0,-41000,0,0,0,61000,102000,-41000,-41000
063112,祥碩兆豐9B購01  ,0,0,0,0,0,0,0,0,0,-41000,0,0,0,100000,141000,-41000,-41000
063830,智伸科國票01購01,0,0,0,0,0,0,0,0,0,-41000,0,0,0,39000,80000,-41000,-41000
062694,遠東新元大9B購01,0,0,0,0,0,0,0,0,0,-41000,0,0,0,18000,59000,-41000,-41000
062541,臻鼎國泰01購01  ,0,0,0,0,0,0,0,0,0,-41000,0,0,0,0,41000,-41000,-41000
062674,百和中信03購01  ,0,0,0,0,0,0,0,0,0,-41000,0,0,0,8000,49000,-41000,-41000
062033,瀚宇博群益9B購01,0,0,0,0,0,0,0,0,0,-41000,0,0,0,2000,43000,-41000,-41000
061927,玉晶光凱基9C購01,0,0,0,0,0,0,0,0,0,-41000,0,0,0,5000,46000,-41000,-41000
064992,玉晶光兆豐01購01,0,0,0,0,0,0,0,0,0,-42000,0,0,0,0,42000,-42000,-42000
08386P,臺股指群益9C售14,0,0,0,0,0,0,0,0,0,-42000,0,0,0,84000,126000,-42000,-42000
08434P,臺股指凱基03售02,0,0,0,0,0,0,0,0,0,-42000,0,0,0,23000,65000,-42000,-42000
057257,台泥兆豐99購01  ,0,0,0,0,0,0,0,0,0,-42000,0,0,0,33000,75000,-42000,-42000
057128,台光電凱基98購03,0,0,0,0,0,0,0,0,0,-42000,0,0,0,1000,43000,-42000,-42000
057555,玉晶光凱基9A購02,0,0,0,0,0,0,0,0,0,-42000,0,0,0,81000,123000,-42000,-42000
057557,聯茂凱基99購04  ,0,0,0,0,0,0,0,0,0,-42000,0,0,0,2000,44000,-42000,-42000
053901,T50反1凱基99購03,0,0,0,0,0,0,0,0,0,-42000,0,0,0,10000,52000,-42000,-42000
058424,滬深2X元富99購04,0,0,0,0,0,0,0,0,0,-42000,0,0,0,22000,64000,-42000,-42000
058387,國巨國票9A購03  ,0,0,0,0,0,0,0,0,0,-42000,0,0,0,24000,66000,-42000,-42000
058699,楠梓電元大99購02,0,0,0,0,0,0,0,0,0,-42000,0,0,0,30000,72000,-42000,-42000
060264,華新科國票9A購02,0,0,0,0,0,0,0,0,0,-42000,0,0,0,0,42000,-42000,-42000
060289,京元電元大9A購01,0,0,0,0,0,0,0,0,0,-42000,0,0,0,204000,246000,-42000,-42000
059213,國巨元大99購19  ,0,0,0,0,0,0,0,0,0,-42000,0,0,0,65000,107000,-42000,-42000
061305,帆宣永豐9A購01  ,0,0,0,0,0,0,0,0,0,-42000,0,0,0,0,42000,-42000,-42000
057909,台光電兆豐98購01,0,0,0,0,0,0,0,0,0,-42000,0,0,0,20000,62000,-42000,-42000
060413,東元永豐9A購01  ,0,0,0,0,0,0,0,0,0,-42000,0,0,0,26000,68000,-42000,-42000
061853,晶技國票9B購02  ,0,0,0,0,0,0,0,0,0,-42000,0,0,0,6000,48000,-42000,-42000
062073,國巨元大9B購06  ,0,0,0,0,0,0,0,0,0,-42000,0,0,0,38000,80000,-42000,-42000
062574,美食群益9B購02  ,0,0,0,0,0,0,0,0,0,-42000,0,0,0,20000,62000,-42000,-42000
063667,全新統一01購02  ,0,0,0,0,0,0,0,0,0,-42000,0,0,0,85000,127000,-42000,-42000
064188,玉晶光永豐9C購02,0,0,0,0,0,0,0,0,0,-42000,0,0,0,10000,52000,-42000,-42000
063165,泰碩永豐9B購02  ,0,0,0,0,0,0,0,0,0,-42000,0,0,0,0,42000,-42000,-42000
2851,中再保          ,227000,270000,-43000,0,0,0,0,0,0,0,0,0,0,0,0,0,-43000
064315,創意群益9C購01  ,0,0,0,0,0,0,0,0,0,-43000,0,0,0,7000,50000,-43000,-43000
054161,友訊凱基98購01  ,0,0,0,0,0,0,0,0,0,-43000,0,0,0,0,43000,-43000,-43000
056734,國巨凱基99購01  ,0,0,0,0,0,0,0,0,0,-43000,0,0,0,0,43000,-43000,-43000
056641,華通凱基98購03  ,0,0,0,0,0,0,0,0,0,-43000,0,0,0,6000,49000,-43000,-43000
056574,亞光元大99購03  ,0,0,0,0,0,0,0,0,0,-43000,0,0,0,117000,160000,-43000,-43000
055839,瑞昱元大97購04  ,0,0,0,0,0,0,0,0,0,-43000,0,0,0,8000,51000,-43000,-43000
060942,智邦國票9A購02  ,0,0,0,0,0,0,0,0,0,-43000,0,0,0,0,43000,-43000,-43000
059049,元油2X凱基9A購12,0,0,0,0,0,0,0,0,0,-43000,0,0,0,0,43000,-43000,-43000
061274,臺股指凱基9A購24,0,0,0,0,0,0,0,0,0,-43000,0,0,0,15000,58000,-43000,-43000
061720,智邦國泰9C購01  ,0,0,0,0,0,0,0,0,0,-43000,0,0,0,34000,77000,-43000,-43000
058143,瑞儀元大99購02  ,0,0,0,0,0,0,0,0,0,-43000,0,0,0,0,43000,-43000,-43000
058145,聯茂元大99購03  ,0,0,0,0,0,0,0,0,0,-43000,0,0,0,104000,147000,-43000,-43000
059511,宏達電永豐99購02,0,0,0,0,0,0,0,0,0,-43000,0,0,0,89000,132000,-43000,-43000
059282,嘉聯益永豐99購01,0,0,0,0,0,0,0,0,0,-43000,0,0,0,0,43000,-43000,-43000
060247,牧德元大9A購02  ,0,0,0,0,0,0,0,0,0,-43000,0,0,0,0,43000,-43000,-43000
060253,昇陽半元大9C購01,0,0,0,0,0,0,0,0,0,-43000,0,0,0,47000,90000,-43000,-43000
059535,玉山金凱基99購01,0,0,0,0,0,0,0,0,0,-43000,0,0,0,10000,53000,-43000,-43000
063167,同欣電永豐9B購03,0,0,0,0,0,0,0,0,0,-43000,0,0,0,32000,75000,-43000,-43000
063149,聯發科元富05購02,0,0,0,0,0,0,0,0,0,-43000,0,0,0,31000,74000,-43000,-43000
063606,TPK凱基9C購01   ,0,0,0,0,0,0,0,0,0,-43000,0,0,0,7000,50000,-43000,-43000
063362,台表科國泰01購03,0,0,0,0,0,0,0,0,0,-43000,0,0,0,0,43000,-43000,-43000
063390,嘉晶兆豐9B購01  ,0,0,0,0,0,0,0,0,0,-43000,0,0,0,1000,44000,-43000,-43000
062542,南電國泰9C購01  ,0,0,0,0,0,0,0,0,0,-43000,0,0,0,68000,111000,-43000,-43000
062608,智易凱基9B購01  ,0,0,0,0,0,0,0,0,0,-43000,0,0,0,0,43000,-43000,-43000
062346,智邦群益9B購02  ,0,0,0,0,0,0,0,0,0,-43000,0,0,0,18000,61000,-43000,-43000
062702,可成元大9C購01  ,0,0,0,0,0,0,0,0,0,-43000,0,0,0,172000,215000,-43000,-43000
062898,華通元大9B購05  ,0,0,0,0,0,0,0,0,0,-43000,0,0,0,20000,63000,-43000,-43000
062259,可成元大9B購03  ,0,0,0,0,0,0,0,0,0,-43000,0,0,0,67000,110000,-43000,-43000
3712,永崴投控        ,0,43000,-43000,0,0,0,0,0,0,0,0,0,0,0,0,0,-43000
064414,臺股指凱基9C購10,0,0,0,0,0,0,0,0,0,-44000,0,0,0,14000,58000,-44000,-44000
064459,創意統一02購01  ,0,0,0,0,0,0,0,0,0,-44000,0,0,0,60000,104000,-44000,-44000
06879P,長榮航凱基98售02,0,0,0,0,0,0,0,0,0,-44000,0,0,0,0,44000,-44000,-44000
1467,南緯            ,0,44000,-44000,0,0,0,0,0,0,0,0,0,0,0,0,0,-44000
08123P,台表科國票9C售01,0,0,0,0,0,0,0,0,0,-44000,0,0,0,20000,64000,-44000,-44000
053860,台積電元大98購03,0,0,0,0,0,0,0,0,0,-44000,0,0,0,0,44000,-44000,-44000
054215,創意國票97購02  ,0,0,0,0,0,0,0,0,0,-44000,0,0,0,41000,85000,-44000,-44000
054278,晶技群益97購02  ,0,0,0,0,0,0,0,0,0,-44000,0,0,0,0,44000,-44000,-44000
059165,南亞科凱基99購04,0,0,0,0,0,0,0,0,0,-44000,0,0,0,10000,54000,-44000,-44000
058874,聯鈞國票9A購01  ,0,0,0,0,0,0,0,0,0,-44000,0,0,0,38000,82000,-44000,-44000
059848,智邦永豐99購01  ,0,0,0,0,0,0,0,0,0,-44000,0,0,0,0,44000,-44000,-44000
058289,奇鋐國票9A購01  ,0,0,0,0,0,0,0,0,0,-44000,0,0,0,0,44000,-44000,-44000
060040,康控國票99購04  ,0,0,0,0,0,0,0,0,0,-44000,0,0,0,0,44000,-44000,-44000
060059,鴻海兆豐99購06  ,0,0,0,0,0,0,0,0,0,-44000,0,0,0,0,44000,-44000,-44000
058023,南電凱基98購02  ,0,0,0,0,0,0,0,0,0,-44000,0,0,0,13000,57000,-44000,-44000
062497,遠東新群益9B購01,0,0,0,0,0,0,0,0,0,-44000,0,0,0,10000,54000,-44000,-44000
063196,力成元富9B購01  ,0,0,0,0,0,0,0,0,0,-44000,0,0,0,72000,116000,-44000,-44000
08310P,南電凱基9C售01  ,0,0,0,0,0,0,0,0,0,-45000,0,0,0,2000,47000,-45000,-45000
064489,宏碁元大9C購01  ,0,0,0,0,0,0,0,0,0,-45000,0,0,0,10000,55000,-45000,-45000
064258,臻鼎國泰01購02  ,0,0,0,0,0,0,0,0,0,-45000,0,0,0,13000,58000,-45000,-45000
064629,和潤元大9C購01  ,0,0,0,0,0,0,0,0,0,-45000,0,0,0,68000,113000,-45000,-45000
06496P,台灣50日盛98售01,0,0,0,0,0,0,0,0,0,-45000,0,0,0,189000,234000,-45000,-45000
056677,智伸科元富98購01,0,0,0,0,0,0,0,0,0,-45000,0,0,0,55000,100000,-45000,-45000
05088P,大立光富邦99售01,0,0,0,0,0,0,0,0,0,-45000,0,0,0,0,45000,-45000,-45000
055848,大立光元大97購11,0,0,0,0,0,0,0,0,0,-45000,0,0,0,0,45000,-45000,-45000
056944,鴻海統一98購11  ,0,0,0,0,0,0,0,0,0,-45000,0,0,0,0,45000,-45000,-45000
057394,台積電中信9C購02,0,0,0,0,0,0,0,0,0,-45000,0,0,0,0,45000,-45000,-45000
060355,元金2X元富9C購01,0,0,0,0,0,0,0,0,0,-45000,0,0,0,18000,63000,-45000,-45000
057917,台積電凱基98購17,0,0,0,0,0,0,0,0,0,-45000,0,0,0,65000,110000,-45000,-45000
058368,奇鋐凱基9A購01  ,0,0,0,0,0,0,0,0,0,-45000,0,0,0,47000,92000,-45000,-45000
058814,南亞科台新99購01,0,0,0,0,0,0,0,0,0,-45000,0,0,0,0,45000,-45000,-45000
059647,超眾凱基99購04  ,0,0,0,0,0,0,0,0,0,-45000,0,0,0,0,45000,-45000,-45000
059536,新光金凱基99購05,0,0,0,0,0,0,0,0,0,-45000,0,0,0,0,45000,-45000,-45000
057878,台郡元大99購04  ,0,0,0,0,0,0,0,0,0,-45000,0,0,0,5000,50000,-45000,-45000
063640,貿聯元大9B購03  ,0,0,0,0,0,0,0,0,0,-45000,0,0,0,62000,107000,-45000,-45000
063546,國巨兆豐9C購03  ,0,0,0,0,0,0,0,0,0,-45000,0,0,0,0,45000,-45000,-45000
064238,玉晶光統一01購08,0,0,0,0,0,0,0,0,0,-45000,0,0,0,54000,99000,-45000,-45000
064173,國產元富9C購01  ,0,0,0,0,0,0,0,0,0,-45000,0,0,0,185000,230000,-45000,-45000
063727,鴻海元大9C購05  ,0,0,0,0,0,0,0,0,0,-45000,0,0,0,0,45000,-45000,-45000
063881,嘉晶元富9C購01  ,0,0,0,0,0,0,0,0,0,-45000,0,0,0,9000,54000,-45000,-45000
062061,台勝科統一01購01,0,0,0,0,0,0,0,0,0,-45000,0,0,0,9000,54000,-45000,-45000
061472,台積電元大9A購32,0,0,0,0,0,0,0,0,0,-45000,0,0,0,7000,52000,-45000,-45000
6283,淳安            ,33000,80000,-47000,0,0,0,0,0,0,2000,2000,0,2000,0,0,0,-45000
064818,華新統一01購01  ,0,0,0,0,0,0,0,0,0,-46000,0,0,0,60000,106000,-46000,-46000
064774,聚陽群益9C購04  ,0,0,0,0,0,0,0,0,0,-46000,0,0,0,0,46000,-46000,-46000
064451,技嘉統一01購02  ,0,0,0,0,0,0,0,0,0,-46000,0,0,0,35000,81000,-46000,-46000
057175,美律元大98購03  ,0,0,0,0,0,0,0,0,0,-46000,0,0,0,365000,411000,-46000,-46000
055923,矽力凱基98購01  ,0,0,0,0,0,0,0,0,0,-46000,0,0,0,80000,126000,-46000,-46000
03680C,臺股指凱基9A牛26,0,0,0,0,0,0,0,0,0,-46000,0,0,0,97000,143000,-46000,-46000
054354,技嘉富邦97購01  ,0,0,0,0,0,0,0,0,0,-46000,0,0,0,207000,253000,-46000,-46000
057757,鴻海凱基98購13  ,0,0,0,0,0,0,0,0,0,-46000,0,0,0,7000,53000,-46000,-46000
058455,玉晶光永豐99購03,0,0,0,0,0,0,0,0,0,-46000,0,0,0,10000,56000,-46000,-46000
061243,麗豐兆豐9A購01  ,0,0,0,0,0,0,0,0,0,-46000,0,0,0,0,46000,-46000,-46000
061238,晶技元大9A購02  ,0,0,0,0,0,0,0,0,0,-46000,0,0,0,18000,64000,-46000,-46000
062511,台光電國票9B購02,0,0,0,0,0,0,0,0,0,-46000,0,0,0,77000,123000,-46000,-46000
063833,致新國票01購01  ,0,0,0,0,0,0,0,0,0,-46000,0,0,0,1000,47000,-46000,-46000
064215,康控凱基02購01  ,0,0,0,0,0,0,0,0,0,-46000,0,0,0,34000,80000,-46000,-46000
063638,華新科元大9B購14,0,0,0,0,0,0,0,0,0,-46000,0,0,0,54000,100000,-46000,-46000
063119,華通元大9B購07  ,0,0,0,0,0,0,0,0,0,-46000,0,0,0,4000,50000,-46000,-46000
063128,智伸科元大9B購01,0,0,0,0,0,0,0,0,0,-46000,0,0,0,5000,51000,-46000,-46000
064283,奇鋐元大9C購02  ,0,0,0,0,0,0,0,0,0,-47000,0,0,0,138000,185000,-47000,-47000
064398,聚陽凱基01購01  ,0,0,0,0,0,0,0,0,0,-47000,0,0,0,30000,77000,-47000,-47000
064790,金像電國票01購01,0,0,0,0,0,0,0,0,0,-47000,0,0,0,0,47000,-47000,-47000
07577P,華新科元大9A售09,0,0,0,0,0,0,0,0,0,-47000,0,0,0,103000,150000,-47000,-47000
054740,強茂凱基99購01  ,0,0,0,0,0,0,0,0,0,-47000,0,0,0,43000,90000,-47000,-47000
052681,T50反1元大98購02,0,0,0,0,0,0,0,0,0,-47000,0,0,0,5000,52000,-47000,-47000
00645,富邦日本        ,0,0,0,0,0,0,0,0,0,-47000,0,0,0,233000,280000,-47000,-47000
057390,台表科永豐98購01,0,0,0,0,0,0,0,0,0,-47000,0,0,0,49000,96000,-47000,-47000
057367,技嘉元大98購02  ,0,0,0,0,0,0,0,0,0,-47000,0,0,0,11000,58000,-47000,-47000
061327,台郡凱基9A購02  ,0,0,0,0,0,0,0,0,0,-47000,0,0,0,11000,58000,-47000,-47000
061015,旺宏麥證9A購03  ,0,0,0,3000,50000,-47000,0,0,0,-47000,0,0,0,3000,50000,-47000,-47000
057930,旺宏群益99購04  ,0,0,0,0,0,0,0,0,0,-47000,0,0,0,113000,160000,-47000,-47000
058036,南電永豐98購01  ,0,0,0,0,0,0,0,0,0,-47000,0,0,0,1000,48000,-47000,-47000
058774,台郡兆豐9A購01  ,0,0,0,0,0,0,0,0,0,-47000,0,0,0,31000,78000,-47000,-47000
059660,華新科元大9A購04,0,0,0,0,0,0,0,0,0,-47000,0,0,0,2000,49000,-47000,-47000
058848,台積電群益99購07,0,0,0,0,0,0,0,0,0,-47000,0,0,0,3000,50000,-47000,-47000
059359,精元永豐99購01  ,0,0,0,0,0,0,0,0,0,-47000,0,0,0,3000,50000,-47000,-47000
063232,裕隆元大9B購01  ,0,0,0,0,0,0,0,0,0,-47000,0,0,0,10000,57000,-47000,-47000
064243,TPK統一02購02   ,0,0,0,0,0,0,0,0,0,-47000,0,0,0,6000,53000,-47000,-47000
064136,致新元大9C購01  ,0,0,0,0,0,0,0,0,0,-47000,0,0,0,0,47000,-47000,-47000
063983,麗豐兆豐9C購01  ,0,0,0,0,0,0,0,0,0,-47000,0,0,0,0,47000,-47000,-47000
063862,世紀鋼國泰02購01,0,0,0,0,0,0,0,0,0,-47000,0,0,0,0,47000,-47000,-47000
062478,牧德國票9B購03  ,0,0,0,0,0,0,0,0,0,-47000,0,0,0,0,47000,-47000,-47000
062707,致伸元大9B購01  ,0,0,0,0,0,0,0,0,0,-47000,0,0,0,54000,101000,-47000,-47000
064546,燿華凱基02購01  ,0,0,0,0,0,0,0,0,0,-48000,0,0,0,92000,140000,-48000,-48000
1305,華夏            ,186000,191000,-5000,0,0,0,0,0,0,-43000,10000,53000,-43000,0,0,0,-48000
057530,奇鋐元大99購01  ,0,0,0,0,0,0,0,0,0,-48000,0,0,0,2000,50000,-48000,-48000
056496,康控國泰99購01  ,0,0,0,0,0,0,0,0,0,-48000,0,0,0,39000,87000,-48000,-48000
056559,華通群益98購02  ,0,0,0,0,0,0,0,0,0,-48000,0,0,0,2000,50000,-48000,-48000
055700,緯穎國泰98購02  ,0,0,0,0,0,0,0,0,0,-48000,0,0,0,0,48000,-48000,-48000
00692,富邦公司治理    ,1000,1000,0,0,0,0,0,0,0,-48000,0,0,0,2260000,2308000,-48000,-48000
052076,可成元富98購01  ,0,0,0,0,0,0,0,0,0,-48000,0,0,0,0,48000,-48000,-48000
053132,國巨國票97購02  ,0,0,0,0,0,0,0,0,0,-48000,0,0,0,2000,50000,-48000,-48000
060286,佳世達元大9C購01,0,0,0,0,0,0,0,0,0,-48000,0,0,0,33000,81000,-48000,-48000
059917,華新科元大99購19,0,0,0,0,0,0,0,0,0,-48000,0,0,0,52000,100000,-48000,-48000
060608,玉晶光凱基9A購08,0,0,0,0,0,0,0,0,0,-48000,0,0,0,16000,64000,-48000,-48000
060617,華新科元大9A購08,0,0,0,0,0,0,0,0,0,-48000,0,0,0,12000,60000,-48000,-48000
058773,和碩兆豐99購01  ,0,0,0,0,0,0,0,0,0,-48000,0,0,0,2000,50000,-48000,-48000
058450,旺宏永豐99購01  ,0,0,0,0,0,0,0,0,0,-48000,0,0,0,12000,60000,-48000,-48000
058835,元油2X中信9C購02,0,0,0,0,0,0,0,0,0,-48000,0,0,0,0,48000,-48000,-48000
059952,旺宏康和99購01  ,0,0,0,0,0,0,0,0,0,-48000,0,0,0,61000,109000,-48000,-48000
061173,T50反1凱基04購01,0,0,0,0,0,0,0,0,0,-48000,0,0,0,32000,80000,-48000,-48000
06116P,臺股指日盛97售01,0,0,0,0,0,0,0,0,0,-48000,0,0,0,0,48000,-48000,-48000
062875,瑞昱兆豐9C購01  ,0,0,0,0,0,0,0,0,0,-48000,0,0,0,204000,252000,-48000,-48000
062355,華通元大9B購03  ,0,0,0,0,0,0,0,0,0,-48000,0,0,0,2000,50000,-48000,-48000
062647,南電國泰9C購02  ,0,0,0,0,0,0,0,0,0,-48000,0,0,0,666000,714000,-48000,-48000
062190,瀚宇博元大9B購01,0,0,0,0,0,0,0,0,0,-48000,0,0,0,62000,110000,-48000,-48000
062273,國巨群益9C購02  ,0,0,0,0,0,0,0,0,0,-48000,0,0,0,0,48000,-48000,-48000
063773,可成富邦9C購01  ,0,0,0,0,0,0,0,0,0,-48000,0,0,0,503000,551000,-48000,-48000
064060,同欣電麥證01購01,0,0,0,16000,64000,-48000,0,0,0,-48000,0,0,0,16000,64000,-48000,-48000
064235,美律統一9C購02  ,0,0,0,0,0,0,0,0,0,-48000,0,0,0,0,48000,-48000,-48000
063084,可成凱基9C購01  ,0,0,0,0,0,0,0,0,0,-48000,0,0,0,38000,86000,-48000,-48000
5608,四維航          ,110000,158000,-48000,0,0,0,0,0,0,0,0,0,0,0,0,0,-48000
1517,利奇            ,55000,104000,-49000,0,0,0,0,0,0,0,0,0,0,0,0,0,-49000
08422P,玉晶光群益02售03,0,0,0,0,0,0,0,0,0,-49000,0,0,0,10000,59000,-49000,-49000
064523,聯茂群益9C購01  ,0,0,0,0,0,0,0,0,0,-49000,0,0,0,128000,177000,-49000,-49000
064794,牧德國票01購01  ,0,0,0,0,0,0,0,0,0,-49000,0,0,0,0,49000,-49000,-49000
064751,亞德客凱基9C購02,0,0,0,0,0,0,0,0,0,-49000,0,0,0,2000,51000,-49000,-49000
064747,彩晶國票01購01  ,0,0,0,0,0,0,0,0,0,-49000,0,0,0,0,49000,-49000,-49000
064697,健策群益01購02  ,0,0,0,0,0,0,0,0,0,-49000,0,0,0,4000,53000,-49000,-49000
07265P,大立光元大99售16,0,0,0,0,0,0,0,0,0,-49000,0,0,0,1000,50000,-49000,-49000
055408,力成國泰98購01  ,0,0,0,0,0,0,0,0,0,-49000,0,0,0,78000,127000,-49000,-49000
054710,東元元富97購01  ,0,0,0,0,0,0,0,0,0,-49000,0,0,0,69000,118000,-49000,-49000
056433,鴻海凱基98購09  ,0,0,0,0,0,0,0,0,0,-49000,0,0,0,51000,100000,-49000,-49000
057340,玉晶光元富98購04,0,0,0,0,0,0,0,0,0,-49000,0,0,0,25000,74000,-49000,-49000
061025,創意富邦9B購01  ,0,0,0,0,0,0,0,0,0,-49000,0,0,0,18000,67000,-49000,-49000
058107,全新台新99購01  ,0,0,0,0,0,0,0,0,0,-49000,0,0,0,0,49000,-49000,-49000
061387,鴻海群益9A購05  ,0,0,0,0,0,0,0,0,0,-49000,0,0,0,6000,55000,-49000,-49000
058019,美律凱基99購04  ,0,0,0,0,0,0,0,0,0,-49000,0,0,0,3000,52000,-49000,-49000
058043,鴻海元大98購13  ,0,0,0,0,0,0,0,0,0,-49000,0,0,0,1000,50000,-49000,-49000
060341,國巨統一9C購02  ,0,0,0,0,0,0,0,0,0,-49000,0,0,0,41000,90000,-49000,-49000
060267,上緯控國票9C購01,0,0,0,0,0,0,0,0,0,-49000,0,0,0,0,49000,-49000,-49000
058875,台表科國票9A購02,0,0,0,0,0,0,0,0,0,-49000,0,0,0,18000,67000,-49000,-49000
063378,茂林永豐9B購02  ,0,0,0,0,0,0,0,0,0,-49000,0,0,0,0,49000,-49000,-49000
064205,台灣50凱基01購14,0,0,0,0,0,0,0,0,0,-49000,0,0,0,51000,100000,-49000,-49000
064134,瑞祺元大9C購02  ,0,0,0,0,0,0,0,0,0,-49000,0,0,0,0,49000,-49000,-49000
064034,台表科元大9C購07,0,0,0,0,0,0,0,0,0,-49000,0,0,0,65000,114000,-49000,-49000
063851,健策元大01購01  ,0,0,0,0,0,0,0,0,0,-49000,0,0,0,78000,127000,-49000,-49000
061694,玉山金群益9A購01,0,0,0,0,0,0,0,0,0,-49000,0,0,0,1000,50000,-49000,-49000
061603,瑞昱凱基9A購02  ,0,0,0,0,0,0,0,0,0,-49000,0,0,0,71000,120000,-49000,-49000
061868,旺宏元大9B購03  ,0,0,0,0,0,0,0,0,0,-49000,0,0,0,52000,101000,-49000,-49000
2204,中華            ,332000,183000,149000,0,0,0,0,199600,-199600,1000,1000,0,1000,0,0,0,-49600
07987P,大立光統一9B售13,0,0,0,0,0,0,0,0,0,-50000,0,0,0,0,50000,-50000,-50000
07923P,元金2X凱基02售02,0,0,0,0,0,0,0,0,0,-50000,0,0,0,0,50000,-50000,-50000
07891P,臺股指國票9B售01,0,0,0,0,0,0,0,0,0,-50000,0,0,0,0,50000,-50000,-50000
07783P,聯發科富邦9C售03,0,0,0,0,0,0,0,0,0,-50000,0,0,0,0,50000,-50000,-50000
07250P,台灣50永豐99售07,0,0,0,0,0,0,0,0,0,-50000,0,0,0,50000,100000,-50000,-50000
07562P,台灣50第一9A售01,0,0,0,0,0,0,0,0,0,-50000,0,0,0,0,50000,-50000,-50000
07559P,祥碩元大9A售03  ,0,0,0,0,0,0,0,0,0,-50000,0,0,0,0,50000,-50000,-50000
07532P,台灣50中信01售02,0,0,0,0,0,0,0,0,0,-50000,0,0,0,0,50000,-50000,-50000
07536P,華新科元富9A售04,0,0,0,0,0,0,0,0,0,-50000,0,0,0,20000,70000,-50000,-50000
07373P,A50正2元大99售01,0,0,0,0,0,0,0,0,0,-50000,0,0,0,0,50000,-50000,-50000
07358P,鴻海元大99售39  ,0,0,0,0,0,0,0,0,0,-50000,0,0,0,0,50000,-50000,-50000
06994P,台光電凱基99售02,0,0,0,0,0,0,0,0,0,-50000,0,0,0,0,50000,-50000,-50000
064572,同欣電群益9C購02,0,0,0,0,0,0,0,0,0,-50000,0,0,0,50000,100000,-50000,-50000
064757,義隆凱基01購02  ,0,0,0,0,0,0,0,0,0,-50000,0,0,0,0,50000,-50000,-50000
064847,金像電元富9C購01,0,0,0,0,0,0,0,0,0,-50000,0,0,0,0,50000,-50000,-50000
064841,彩晶統一02購02  ,0,0,0,0,0,0,0,0,0,-50000,0,0,0,0,50000,-50000,-50000
064413,世紀鋼凱基02購01,0,0,0,0,0,0,0,0,0,-50000,0,0,0,0,50000,-50000,-50000
064428,裕隆凱基02購01  ,0,0,0,0,0,0,0,0,0,-50000,0,0,0,0,50000,-50000,-50000
064400,大成鋼凱基01購01,0,0,0,0,0,0,0,0,0,-50000,0,0,0,15000,65000,-50000,-50000
057397,茂林中信9A購01  ,0,0,0,0,0,0,0,0,0,-50000,0,0,0,0,50000,-50000,-50000
057420,美食凱基98購01  ,0,0,0,0,0,0,0,0,0,-50000,0,0,0,0,50000,-50000,-50000
057132,華新科凱基98購05,0,0,0,0,0,0,0,0,0,-50000,0,0,0,0,50000,-50000,-50000
058529,S&P正2元富9B購01,0,0,0,0,0,0,0,0,0,-50000,0,0,0,0,50000,-50000,-50000
058567,華新科凱基9A購02,0,0,0,0,0,0,0,0,0,-50000,0,0,0,2000,52000,-50000,-50000
061067,貿聯凱基9A購03  ,0,0,0,0,0,0,0,0,0,-50000,0,0,0,54000,104000,-50000,-50000
061100,SP黃豆元大9A購04,0,0,0,0,0,0,0,0,0,-50000,0,0,0,0,50000,-50000,-50000
057699,可成群益9A購02  ,0,0,0,0,0,0,0,0,0,-50000,0,0,0,0,50000,-50000,-50000
056527,大成鋼凱基98購03,0,0,0,0,0,0,0,0,0,-50000,0,0,0,0,50000,-50000,-50000
056484,聯茂元大98購02  ,0,0,0,0,0,0,0,0,0,-50000,0,0,0,7000,57000,-50000,-50000
056205,貿聯永豐97購01  ,0,0,0,0,0,0,0,0,0,-50000,0,0,0,0,50000,-50000,-50000
05626P,景碩國票97售03  ,0,0,0,0,0,0,0,0,0,-50000,0,0,0,0,50000,-50000,-50000
055808,世紀鋼永豐97購01,0,0,0,0,0,0,0,0,0,-50000,0,0,0,0,50000,-50000,-50000
056094,大立光元富97購03,0,0,0,0,0,0,0,0,0,-50000,0,0,0,0,50000,-50000,-50000
056586,光罩統一98購02  ,0,0,0,0,0,0,0,0,0,-50000,0,0,0,0,50000,-50000,-50000
054788,華新科群益98購02,0,0,0,0,0,0,0,0,0,-50000,0,0,0,0,50000,-50000,-50000
054866,宏盛群益98購01  ,0,0,0,0,0,0,0,0,0,-50000,0,0,0,0,50000,-50000,-50000
054309,禾伸堂凱基98購01,0,0,0,0,0,0,0,0,0,-50000,0,0,0,30000,80000,-50000,-50000
054258,牧德元大97購01  ,0,0,0,0,0,0,0,0,0,-50000,0,0,0,0,50000,-50000,-50000
054386,鴻海統一98購03  ,0,0,0,0,0,0,0,0,0,-50000,0,0,0,0,50000,-50000,-50000
054530,台光電國泰97購03,0,0,0,0,0,0,0,0,0,-50000,0,0,0,0,50000,-50000,-50000
053817,華新科群益97購02,0,0,0,0,0,0,0,0,0,-50000,0,0,0,5000,55000,-50000,-50000
053661,嘉澤凱基97購01  ,0,0,0,0,0,0,0,0,0,-50000,0,0,0,0,50000,-50000,-50000
051047,深中小群益99購01,0,0,0,0,0,0,0,0,0,-50000,0,0,0,40000,90000,-50000,-50000
046191,新光金凱基98購01,0,0,0,0,0,0,0,0,0,-50000,0,0,0,0,50000,-50000,-50000
052119,漢唐國票96購01  ,0,0,0,0,0,0,0,0,0,-50000,0,0,0,0,50000,-50000,-50000
059069,臺指反元大9C購01,0,0,0,0,0,0,0,0,0,-50000,0,0,0,0,50000,-50000,-50000
059084,鴻海元大99購24  ,0,0,0,0,0,0,0,0,0,-50000,0,0,0,101000,151000,-50000,-50000
059086,國巨元大99購18  ,0,0,0,0,0,0,0,0,0,-50000,0,0,0,110000,160000,-50000,-50000
059876,智易凱基99購02  ,0,0,0,0,0,0,0,0,0,-50000,0,0,0,0,50000,-50000,-50000
058364,奇力新凱基99購04,0,0,0,0,0,0,0,0,0,-50000,0,0,0,0,50000,-50000,-50000
058344,旺宏群益99購05  ,0,0,0,0,0,0,0,0,0,-50000,0,0,0,30000,80000,-50000,-50000
059778,上証2X元大9C購03,0,0,0,0,0,0,0,0,0,-50000,0,0,0,0,50000,-50000,-50000
059722,南亞科元大99購02,0,0,0,0,0,0,0,0,0,-50000,0,0,0,2000,52000,-50000,-50000
057746,同欣電永豐98購02,0,0,0,0,0,0,0,0,0,-50000,0,0,0,0,50000,-50000,-50000
057765,康舒凱基98購01  ,0,0,0,0,0,0,0,0,0,-50000,0,0,0,0,50000,-50000,-50000
057777,可成群益9A購03  ,0,0,0,0,0,0,0,0,0,-50000,0,0,0,0,50000,-50000,-50000
057805,華通元大98購06  ,0,0,0,0,0,0,0,0,0,-50000,0,0,0,0,50000,-50000,-50000
060535,群創麥證9A購01  ,0,0,0,0,50000,-50000,0,0,0,-50000,0,0,0,0,50000,-50000,-50000
060565,大立光富邦01購01,0,0,0,0,0,0,0,0,0,-50000,0,0,0,0,50000,-50000,-50000
060379,T50反1凱基9A購07,0,0,0,0,0,0,0,0,0,-50000,0,0,0,0,50000,-50000,-50000
060427,聯茂永豐9A購01  ,0,0,0,0,0,0,0,0,0,-50000,0,0,0,44000,94000,-50000,-50000
060462,鴻海元大9A購10  ,0,0,0,0,0,0,0,0,0,-50000,0,0,0,2000,52000,-50000,-50000
060467,神基元大9A購01  ,0,0,0,0,0,0,0,0,0,-50000,0,0,0,36000,86000,-50000,-50000
060498,華通元大9A購03  ,0,0,0,0,0,0,0,0,0,-50000,0,0,0,0,50000,-50000,-50000
057922,華新科凱基99購01,0,0,0,0,0,0,0,0,0,-50000,0,0,0,30000,80000,-50000,-50000
060830,T50反1國票9A購07,0,0,0,0,0,0,0,0,0,-50000,0,0,0,0,50000,-50000,-50000
058944,元石油群益9C購02,0,0,0,0,0,0,0,0,0,-50000,0,0,0,0,50000,-50000,-50000
058042,鴻海元大98購12  ,0,0,0,0,0,0,0,0,0,-50000,0,0,0,0,50000,-50000,-50000
058984,全新凱基9A購03  ,0,0,0,0,0,0,0,0,0,-50000,0,0,0,0,50000,-50000,-50000
059016,晶相光元富99購03,0,0,0,0,0,0,0,0,0,-50000,0,0,0,50000,100000,-50000,-50000
060098,華新科元大99購24,0,0,0,0,0,0,0,0,0,-50000,0,0,0,3000,53000,-50000,-50000
061292,玉晶光統一01購06,0,0,0,0,0,0,0,0,0,-50000,0,0,0,10000,60000,-50000,-50000
061272,超眾凱基9A購03  ,0,0,0,0,0,0,0,0,0,-50000,0,0,0,0,50000,-50000,-50000
061541,旺宏群益9A購03  ,0,0,0,0,0,0,0,0,0,-50000,0,0,0,56000,106000,-50000,-50000
061493,T50反1國票9B購04,0,0,0,0,0,0,0,0,0,-50000,0,0,0,0,50000,-50000,-50000
058099,鴻海國泰9A購02  ,0,0,0,0,0,0,0,0,0,-50000,0,0,0,0,50000,-50000,-50000
058177,華新科凱基99購02,0,0,0,0,0,0,0,0,0,-50000,0,0,0,2000,52000,-50000,-50000
058183,國巨富邦9A購06  ,0,0,0,0,0,0,0,0,0,-50000,0,0,0,0,50000,-50000,-50000
061430,致新元大9A購01  ,0,0,0,0,0,0,0,0,0,-50000,0,0,0,0,50000,-50000,-50000
058284,滬深反群益01購01,0,0,0,0,0,0,0,0,0,-50000,0,0,0,0,50000,-50000,-50000
061605,華新科凱基9A購14,0,0,0,0,0,0,0,0,0,-50000,0,0,0,1000,51000,-50000,-50000
061842,牧德凱基9C購01  ,0,0,0,0,0,0,0,0,0,-50000,0,0,0,0,50000,-50000,-50000
061675,華新科元大9A購23,0,0,0,0,0,0,0,0,0,-50000,0,0,0,0,50000,-50000,-50000
062305,遠東新凱基9B購01,0,0,0,0,0,0,0,0,0,-50000,0,0,0,0,50000,-50000,-50000
062316,康控凱基9B購03  ,0,0,0,0,0,0,0,0,0,-50000,0,0,0,30000,80000,-50000,-50000
061630,FBVIX元大9A購02 ,0,0,0,0,0,0,0,0,0,-50000,0,0,0,0,50000,-50000,-50000
062235,億光凱基9B購01  ,0,0,0,0,0,0,0,0,0,-50000,0,0,0,0,50000,-50000,-50000
062867,東元中信9B購01  ,0,0,0,0,0,0,0,0,0,-50000,0,0,0,0,50000,-50000,-50000
062724,可成凱基9B購04  ,0,0,0,0,0,0,0,0,0,-50000,0,0,0,0,50000,-50000,-50000
062779,台積電元大9B購03,0,0,0,0,0,0,0,0,0,-50000,0,0,0,0,50000,-50000,-50000
063713,麗豐凱基9B購01  ,0,0,0,0,0,0,0,0,0,-50000,0,0,0,20000,70000,-50000,-50000
063687,金像電永豐9B購04,0,0,0,0,0,0,0,0,0,-50000,0,0,0,0,50000,-50000,-50000
064092,世紀鋼凱基9C購03,0,0,0,0,0,0,0,0,0,-50000,0,0,0,0,50000,-50000,-50000
063465,友達元大9C購10  ,0,0,0,0,0,0,0,0,0,-50000,0,0,0,55000,105000,-50000,-50000
063422,奇鋐凱基9B購04  ,0,0,0,0,0,0,0,0,0,-50000,0,0,0,20000,70000,-50000,-50000
063028,巨大元大9B購02  ,0,0,0,0,0,0,0,0,0,-50000,0,0,0,0,50000,-50000,-50000
063125,華擎元大9C購02  ,0,0,0,0,0,0,0,0,0,-50000,0,0,0,0,50000,-50000,-50000
063319,神達群益9B購01  ,0,0,0,0,0,0,0,0,0,-50000,0,0,0,100000,150000,-50000,-50000
3702A,大聯大甲特      ,0,0,0,0,0,0,0,0,0,-50000,0,40000,-40000,0,10000,-10000,-50000
064376,美律元富9C購01  ,0,0,0,0,0,0,0,0,0,-51000,0,0,0,137000,188000,-51000,-51000
064473,技嘉麥證9C購01  ,0,0,0,35000,86000,-51000,0,0,0,-51000,0,0,0,35000,86000,-51000,-51000
064574,達方群益01購01  ,0,0,0,0,0,0,0,0,0,-51000,0,0,0,0,51000,-51000,-51000
06579P,臺股指麥證98售03,0,0,0,0,51000,-51000,0,0,0,-51000,0,0,0,0,51000,-51000,-51000
03433B,臺股指元大9C熊01,0,0,0,0,0,0,0,0,0,-51000,0,0,0,7000,58000,-51000,-51000
055154,聯發科元大98購01,0,0,0,0,0,0,0,0,0,-51000,0,0,0,0,51000,-51000,-51000
056599,臻鼎元富98購01  ,0,0,0,0,0,0,0,0,0,-51000,0,0,0,3000,54000,-51000,-51000
056044,同欣電凱基97購03,0,0,0,0,0,0,0,0,0,-51000,0,0,0,0,51000,-51000,-51000
057164,國巨元大98購14  ,0,0,0,0,0,0,0,0,0,-51000,0,0,0,45000,96000,-51000,-51000
061273,臺股指凱基9A購23,0,0,0,0,0,0,0,0,0,-51000,0,0,0,4000,55000,-51000,-51000
060848,聯茂國票9A購02  ,0,0,0,0,0,0,0,0,0,-51000,0,0,0,49000,100000,-51000,-51000
060550,可成凱基9A購02  ,0,0,0,0,0,0,0,0,0,-51000,0,0,0,0,51000,-51000,-51000
064174,致新元富9C購02  ,0,0,0,0,0,0,0,0,0,-51000,0,0,0,105000,156000,-51000,-51000
063735,華新科元大9B購15,0,0,0,0,0,0,0,0,0,-51000,0,0,0,1000,52000,-51000,-51000
063817,GIS群益9C購01   ,0,0,0,0,0,0,0,0,0,-51000,0,0,0,198000,249000,-51000,-51000
062630,全新國票9B購02  ,0,0,0,0,0,0,0,0,0,-51000,0,0,0,0,51000,-51000,-51000
062533,嘉澤統一9C購01  ,0,0,0,0,0,0,0,0,0,-51000,0,0,0,0,51000,-51000,-51000
062472,大立光凱基9B購04,0,0,0,0,0,0,0,0,0,-51000,0,0,0,0,51000,-51000,-51000
062098,億光永豐9B購01  ,0,0,0,0,0,0,0,0,0,-51000,0,0,0,119000,170000,-51000,-51000
062276,瑞昱群益9B購01  ,0,0,0,0,0,0,0,0,0,-51000,0,0,0,43000,94000,-51000,-51000
8996,高力            ,185000,237000,-52000,0,0,0,0,0,0,1000,1000,0,1000,0,0,0,-51000
07173P,臺股指國票99售10,0,0,0,0,0,0,0,0,0,-52000,0,0,0,0,52000,-52000,-52000
06485P,玉晶光群益9A售02,0,0,0,0,0,0,0,0,0,-52000,0,0,0,0,52000,-52000,-52000
064326,裕隆元大9C購01  ,0,0,0,0,0,0,0,0,0,-52000,0,0,0,5000,57000,-52000,-52000
08055P,臺股指國票9B售20,0,0,0,0,0,0,0,0,0,-52000,0,0,0,31000,83000,-52000,-52000
056084,漢唐統一97購03  ,0,0,0,0,0,0,0,0,0,-52000,0,0,0,368000,420000,-52000,-52000
056160,智易凱基97購03  ,0,0,0,0,0,0,0,0,0,-52000,0,0,0,0,52000,-52000,-52000
054057,晶豪科國票97購01,0,0,0,0,0,0,0,0,0,-52000,0,0,0,0,52000,-52000,-52000
051560,玉晶光國泰97購03,0,0,0,0,0,0,0,0,0,-52000,0,0,0,1000,53000,-52000,-52000
055228,聯發科國票98購03,0,0,0,0,0,0,0,0,0,-52000,0,0,0,0,52000,-52000,-52000
00757,統一FANG+       ,0,0,0,0,0,0,0,0,0,-52000,0,0,0,209000,261000,-52000,-52000
060596,元黃金凱基9A購02,0,0,0,0,0,0,0,0,0,-52000,0,0,0,5000,57000,-52000,-52000
058385,創意中信99購01  ,0,0,0,0,0,0,0,0,0,-52000,0,0,0,46000,98000,-52000,-52000
061307,和潤永豐9A購02  ,0,0,0,0,0,0,0,0,0,-52000,0,0,0,79000,131000,-52000,-52000
061188,大成鋼富邦9B購01,0,0,0,0,0,0,0,0,0,-52000,0,0,0,372000,424000,-52000,-52000
058093,神達元大9A購01  ,0,0,0,0,0,0,0,0,0,-52000,0,0,0,3000,55000,-52000,-52000
062286,台郡群益9B購01  ,0,0,0,0,0,0,0,0,0,-52000,0,0,0,55000,107000,-52000,-52000
061607,台表科凱基9B購02,0,0,0,0,0,0,0,0,0,-52000,0,0,0,21000,73000,-52000,-52000
062503,玉晶光群益01購03,0,0,0,0,0,0,0,0,0,-52000,0,0,0,210000,262000,-52000,-52000
062700,台光電元大9B購05,0,0,0,0,0,0,0,0,0,-52000,0,0,0,21000,73000,-52000,-52000
063836,台塑元大9C購01  ,0,0,0,0,0,0,0,0,0,-52000,0,0,0,58000,110000,-52000,-52000
063381,和潤永豐9B購01  ,0,0,0,0,0,0,0,0,0,-52000,0,0,0,12000,64000,-52000,-52000
064293,勤誠元大9C購01  ,0,0,0,0,0,0,0,0,0,-53000,0,0,0,0,53000,-53000,-53000
07421P,國泰金元大99售01,0,0,0,0,0,0,0,0,0,-53000,0,0,0,26000,79000,-53000,-53000
06667P,鴻海凱基98售11  ,0,0,0,0,0,0,0,0,0,-53000,0,0,0,0,53000,-53000,-53000
00711B,FH彭博新興債    ,0,0,0,0,0,0,0,0,0,-53000,0,0,0,79000,132000,-53000,-53000
057604,鴻海統一9C購01  ,0,0,0,0,0,0,0,0,0,-53000,0,0,0,0,53000,-53000,-53000
057614,華新科元富99購04,0,0,0,0,0,0,0,0,0,-53000,0,0,0,0,53000,-53000,-53000
061063,國巨凱基9A購14  ,0,0,0,0,0,0,0,0,0,-53000,0,0,0,42000,95000,-53000,-53000
060867,智伸科永豐9A購01,0,0,0,0,0,0,0,0,0,-53000,0,0,0,21000,74000,-53000,-53000
060097,華新科元大99購23,0,0,0,0,0,0,0,0,0,-53000,0,0,0,3000,56000,-53000,-53000
059434,全新元大99購05  ,0,0,0,0,0,0,0,0,0,-53000,0,0,0,0,53000,-53000,-53000
063899,同欣電群益9C購01,0,0,0,0,0,0,0,0,0,-53000,0,0,0,10000,63000,-53000,-53000
061597,南六永豐9A購04  ,0,0,0,0,0,0,0,0,0,-53000,0,0,0,3000,56000,-53000,-53000
061966,旺宏統一01購03  ,0,0,0,0,0,0,0,0,0,-53000,0,0,0,6000,59000,-53000,-53000
061651,世紀鋼元大9C購02,0,0,0,0,0,0,0,0,0,-53000,0,0,0,0,53000,-53000,-53000
062183,奇鋐元大9B購01  ,0,0,0,0,0,0,0,0,0,-53000,0,0,0,88000,141000,-53000,-53000
8213,志超            ,280000,361000,-81000,0,0,0,0,0,0,28000,2000,0,2000,42000,16000,26000,-53000
9939,宏全            ,107000,54000,53000,0,0,0,0,107000,-107000,1000,1000,0,1000,0,0,0,-53000
06964P,臺股指凱基9B售01,0,0,0,0,0,0,0,0,0,-54000,0,0,0,0,54000,-54000,-54000
058504,台積電元大99購07,0,0,0,0,0,0,0,0,0,-54000,0,0,0,14000,68000,-54000,-54000
058642,旺宏麥證9A購01  ,0,0,0,0,54000,-54000,0,0,0,-54000,0,0,0,0,54000,-54000,-54000
057674,台郡元大99購03  ,0,0,0,0,0,0,0,0,0,-54000,0,0,0,3000,57000,-54000,-54000
06025P,臺股指元大99售02,0,0,0,0,0,0,0,0,0,-54000,0,0,0,49000,103000,-54000,-54000
059007,南電元大99購05  ,0,0,0,0,0,0,0,0,0,-54000,0,0,0,8000,62000,-54000,-54000
060894,奇力新凱基9A購03,0,0,0,0,0,0,0,0,0,-54000,0,0,0,51000,105000,-54000,-54000
061211,玉晶光元大9A購12,0,0,0,0,0,0,0,0,0,-54000,0,0,0,73000,127000,-54000,-54000
061738,聯發科凱基9B購04,0,0,0,0,0,0,0,0,0,-54000,0,0,0,4000,58000,-54000,-54000
061743,祥碩凱基9B購02  ,0,0,0,0,0,0,0,0,0,-54000,0,0,0,2000,56000,-54000,-54000
062107,台光電國票9B購01,0,0,0,0,0,0,0,0,0,-54000,0,0,0,10000,64000,-54000,-54000
061663,南六永豐9A購05  ,0,0,0,0,0,0,0,0,0,-54000,0,0,0,0,54000,-54000,-54000
061628,緯穎群益9A購04  ,0,0,0,0,0,0,0,0,0,-54000,0,0,0,0,54000,-54000,-54000
062336,茂林統一01購02  ,0,0,0,0,0,0,0,0,0,-54000,0,0,0,30000,84000,-54000,-54000
061962,台積電統一01購03,0,0,0,0,0,0,0,0,0,-54000,0,0,0,5000,59000,-54000,-54000
062352,南六群益9B購02  ,0,0,0,0,0,0,0,0,0,-54000,0,0,0,45000,99000,-54000,-54000
063752,瑞祺國票9C購01  ,0,0,0,0,0,0,0,0,0,-54000,0,0,0,63000,117000,-54000,-54000
063982,TPK兆豐9C購01   ,0,0,0,0,0,0,0,0,0,-54000,0,0,0,0,54000,-54000,-54000
063622,健策兆豐9B購01  ,0,0,0,0,0,0,0,0,0,-54000,0,0,0,3000,57000,-54000,-54000
063111,TPK兆豐9B購01   ,0,0,0,0,0,0,0,0,0,-54000,0,0,0,0,54000,-54000,-54000
6224,聚鼎            ,31000,86000,-55000,0,0,0,0,0,0,1000,1000,0,1000,0,0,0,-54000
07552P,技嘉元大9A售03  ,0,0,0,0,0,0,0,0,0,-55000,0,0,0,5000,60000,-55000,-55000
07486P,上証2X國票9B售02,0,0,0,0,0,0,0,0,0,-55000,0,0,0,0,55000,-55000,-55000
064257,台勝科國泰01購01,0,0,0,0,0,0,0,0,0,-55000,0,0,0,50000,105000,-55000,-55000
064458,玉晶光統一01購09,0,0,0,0,0,0,0,0,0,-55000,0,0,0,4000,59000,-55000,-55000
064784,祥碩群益9C購01  ,0,0,0,0,0,0,0,0,0,-55000,0,0,0,0,55000,-55000,-55000
052764,景碩群益98購01  ,0,0,0,0,0,0,0,0,0,-55000,0,0,0,127000,182000,-55000,-55000
050758,聯發科元富9B購01,0,0,0,0,0,0,0,0,0,-55000,0,0,0,6000,61000,-55000,-55000
059613,泰鼎永豐99購02  ,0,0,0,0,0,0,0,0,0,-55000,0,0,0,44000,99000,-55000,-55000
061076,台達電兆豐9A購01,0,0,0,0,0,0,0,0,0,-55000,0,0,0,0,55000,-55000,-55000
057165,國巨元大99購05  ,0,0,0,0,0,0,0,0,0,-55000,0,0,0,25000,80000,-55000,-55000
061184,大立光國泰9C購01,0,0,0,0,0,0,0,0,0,-55000,0,0,0,512000,567000,-55000,-55000
058194,勤誠永豐99購01  ,0,0,0,0,0,0,0,0,0,-55000,0,0,0,0,55000,-55000,-55000
058218,緯穎群益99購01  ,0,0,0,0,0,0,0,0,0,-55000,0,0,0,0,55000,-55000,-55000
059503,大立光富邦9B購04,0,0,0,0,0,0,0,0,0,-55000,0,0,0,98000,153000,-55000,-55000
059320,華新科元大99購15,0,0,0,0,0,0,0,0,0,-55000,0,0,0,0,55000,-55000,-55000
058779,大立光國票9A購02,0,0,0,0,0,0,0,0,0,-55000,0,0,0,0,55000,-55000,-55000
060570,南亞科永豐9A購01,0,0,0,0,0,0,0,0,0,-55000,0,0,0,0,55000,-55000,-55000
060609,玉晶光凱基9B購01,0,0,0,0,0,0,0,0,0,-55000,0,0,0,40000,95000,-55000,-55000
063100,聚陽群益9C購02  ,0,0,0,0,0,0,0,0,0,-55000,0,0,0,0,55000,-55000,-55000
063258,緯穎國泰9C購01  ,0,0,0,0,0,0,0,0,0,-55000,0,0,0,17000,72000,-55000,-55000
063360,茂林國泰9C購02  ,0,0,0,0,0,0,0,0,0,-55000,0,0,0,28000,83000,-55000,-55000
064026,建準元大9C購02  ,0,0,0,0,0,0,0,0,0,-55000,0,0,0,7000,62000,-55000,-55000
064214,群創凱基03購01  ,0,0,0,0,0,0,0,0,0,-55000,0,0,0,0,55000,-55000,-55000
062781,微星元大9C購01  ,0,0,0,0,0,0,0,0,0,-55000,0,0,0,15000,70000,-55000,-55000
063012,技嘉元大9B購01  ,0,0,0,0,0,0,0,0,0,-55000,0,0,0,137000,192000,-55000,-55000
061948,美食群益9B購01  ,0,0,0,0,0,0,0,0,0,-55000,0,0,0,0,55000,-55000,-55000
064487,和大元大9C購01  ,0,0,0,0,0,0,0,0,0,-56000,0,0,0,27000,83000,-56000,-56000
064389,台泥永豐9C購01  ,0,0,0,0,0,0,0,0,0,-56000,0,0,0,88000,144000,-56000,-56000
057371,可成元大98購08  ,0,0,0,0,0,0,0,0,0,-56000,0,0,0,20000,76000,-56000,-56000
061094,彩晶統一9B購02  ,0,0,0,0,0,0,0,0,0,-56000,0,0,0,12000,68000,-56000,-56000
061122,敬鵬永豐9A購01  ,0,0,0,0,0,0,0,0,0,-56000,0,0,0,53000,109000,-56000,-56000
055519,茂林中信99購01  ,0,0,0,0,0,0,0,0,0,-56000,0,0,0,15000,71000,-56000,-56000
058795,可成元大99購03  ,0,0,0,0,0,0,0,0,0,-56000,0,0,0,61000,117000,-56000,-56000
057810,技嘉元大98購06  ,0,0,0,0,0,0,0,0,0,-56000,0,0,0,121000,177000,-56000,-56000
058422,百和麥證99購01  ,0,0,0,50000,106000,-56000,0,0,0,-56000,0,0,0,50000,106000,-56000,-56000
058146,勤誠元大99購01  ,0,0,0,0,0,0,0,0,0,-56000,0,0,0,0,56000,-56000,-56000
058909,神達元大99購03  ,0,0,0,0,0,0,0,0,0,-56000,0,0,0,0,56000,-56000,-56000
061976,國巨元大9B購01  ,0,0,0,0,0,0,0,0,0,-56000,0,0,0,6000,62000,-56000,-56000
061456,玉晶光凱基9B購05,0,0,0,0,0,0,0,0,0,-56000,0,0,0,0,56000,-56000,-56000
064161,世芯統一01購02  ,0,0,0,0,0,0,0,0,0,-56000,0,0,0,195000,251000,-56000,-56000
063897,神達群益9C購01  ,0,0,0,0,0,0,0,0,0,-56000,0,0,0,0,56000,-56000,-56000
06333P,臺股指群益9C售02,0,0,0,0,0,0,0,0,0,-56000,0,0,0,56000,112000,-56000,-56000
064410,超眾凱基02購01  ,0,0,0,0,0,0,0,0,0,-57000,0,0,0,13000,70000,-57000,-57000
064796,緯穎國票01購01  ,0,0,0,0,0,0,0,0,0,-57000,0,0,0,17000,74000,-57000,-57000
07575P,瑞昱元大9A售02  ,0,0,0,0,0,0,0,0,0,-57000,0,0,0,14000,71000,-57000,-57000
065010,國巨國泰01購04  ,0,0,0,0,0,0,0,0,0,-57000,0,0,0,5000,62000,-57000,-57000
08149P,祥碩群益9B售07  ,0,0,0,0,0,0,0,0,0,-57000,0,0,0,10000,67000,-57000,-57000
08427P,義隆國票9C售01  ,0,0,0,0,0,0,0,0,0,-57000,0,0,0,37000,94000,-57000,-57000
057526,智邦元大98購10  ,0,0,0,0,0,0,0,0,0,-57000,0,0,0,9000,66000,-57000,-57000
058645,康控富邦01購01  ,0,0,0,0,0,0,0,0,0,-57000,0,0,0,541000,598000,-57000,-57000
00738U,元大道瓊白銀    ,34000,59000,-25000,0,0,0,0,0,0,-32000,0,0,0,315000,347000,-32000,-57000
054196,台光電國泰97購02,0,0,0,0,0,0,0,0,0,-57000,0,0,0,0,57000,-57000,-57000
060478,南電元大9A購01  ,0,0,0,0,0,0,0,0,0,-57000,0,0,0,4000,61000,-57000,-57000
060463,台積電元大9A購10,0,0,0,0,0,0,0,0,0,-57000,0,0,0,0,57000,-57000,-57000
059039,致伸群益99購01  ,0,0,0,0,0,0,0,0,0,-57000,0,0,0,67000,124000,-57000,-57000
060043,全新群益9B購02  ,0,0,0,0,0,0,0,0,0,-57000,0,0,0,0,57000,-57000,-57000
059932,世紀鋼富邦9A購02,0,0,0,0,0,0,0,0,0,-57000,0,0,0,0,57000,-57000,-57000
063637,聯發科元大9C購02,0,0,0,0,0,0,0,0,0,-57000,0,0,0,61000,118000,-57000,-57000
062170,健策永豐9B購04  ,0,0,0,0,0,0,0,0,0,-57000,0,0,0,10000,67000,-57000,-57000
062194,遠東新中信9C購01,0,0,0,0,0,0,0,0,0,-57000,0,0,0,17000,74000,-57000,-57000
08124P,臻鼎群益9B售02  ,0,0,0,0,0,0,0,0,0,-58000,0,0,0,20000,78000,-58000,-58000
2501,國建            ,213000,272000,-59000,0,0,0,0,0,0,1000,1000,0,1000,0,0,0,-58000
064693,玉晶光群益01購06,0,0,0,0,0,0,0,0,0,-58000,0,0,0,5000,63000,-58000,-58000
056548,瀚宇博凱基98購02,0,0,0,0,0,0,0,0,0,-58000,0,0,0,6000,64000,-58000,-58000
056472,美律元大99購03  ,0,0,0,0,0,0,0,0,0,-58000,0,0,0,10000,68000,-58000,-58000
058061,貿聯元富9B購01  ,0,0,0,0,0,0,0,0,0,-58000,0,0,0,50000,108000,-58000,-58000
060475,瑞祺元大9A購01  ,0,0,0,0,0,0,0,0,0,-58000,0,0,0,5000,63000,-58000,-58000
061768,晶技元大9B購02  ,0,0,0,0,0,0,0,0,0,-58000,0,0,0,10000,68000,-58000,-58000
061770,泰碩元大9B購02  ,0,0,0,0,0,0,0,0,0,-58000,0,0,0,69000,127000,-58000,-58000
062146,大毅國票9B購01  ,0,0,0,0,0,0,0,0,0,-58000,0,0,0,6000,64000,-58000,-58000
061645,超眾元大9A購06  ,0,0,0,0,0,0,0,0,0,-58000,0,0,0,41000,99000,-58000,-58000
061925,禾伸堂凱基9C購01,0,0,0,0,0,0,0,0,0,-58000,0,0,0,58000,116000,-58000,-58000
062471,國泰金凱基9B購02,0,0,0,0,0,0,0,0,0,-58000,0,0,0,38000,96000,-58000,-58000
063198,仁寶統一01購02  ,0,0,0,0,0,0,0,0,0,-58000,0,0,0,14000,72000,-58000,-58000
064008,日月光凱基9C購01,0,0,0,0,0,0,0,0,0,-58000,0,0,0,0,58000,-58000,-58000
064542,聯電凱基02購01  ,0,0,0,0,0,0,0,0,0,-59000,0,0,0,51000,110000,-59000,-59000
064334,可成元大01購01  ,0,0,0,0,0,0,0,0,0,-59000,0,0,0,99000,158000,-59000,-59000
064254,景碩台新9C購02  ,0,0,0,0,0,0,0,0,0,-59000,0,0,0,2000,61000,-59000,-59000
064288,瀚宇博元大9C購02,0,0,0,0,0,0,0,0,0,-59000,0,0,0,102000,161000,-59000,-59000
2430,燦坤            ,63000,122000,-59000,0,0,0,0,0,0,0,0,0,0,0,0,0,-59000
07693P,群創元大9B售10  ,0,0,0,0,0,0,0,0,0,-59000,0,0,0,81000,140000,-59000,-59000
057712,南亞科統一9A購01,0,0,0,0,0,0,0,0,0,-59000,0,0,0,48000,107000,-59000,-59000
058647,華新科永豐99購03,0,0,0,0,0,0,0,0,0,-59000,0,0,0,0,59000,-59000,-59000
061110,超眾元大9A購03  ,0,0,0,0,0,0,0,0,0,-59000,0,0,0,48000,107000,-59000,-59000
057278,可成元大98購06  ,0,0,0,0,0,0,0,0,0,-59000,0,0,0,85000,144000,-59000,-59000
053568,智伸科富邦98購01,0,0,0,0,0,0,0,0,0,-59000,0,0,0,1000,60000,-59000,-59000
056743,貿聯凱基98購04  ,0,0,0,0,0,0,0,0,0,-59000,0,0,0,10000,69000,-59000,-59000
00693U,街口S&P黃豆     ,0,149000,-149000,0,0,0,0,0,0,90000,0,0,0,139000,49000,90000,-59000
051264,道瓊反富邦97購01,0,0,0,0,0,0,0,0,0,-59000,0,0,0,0,59000,-59000,-59000
055119,力成凱基98購01  ,0,0,0,0,0,0,0,0,0,-59000,0,0,0,0,59000,-59000,-59000
061271,聯茂凱基9A購04  ,0,0,0,0,0,0,0,0,0,-59000,0,0,0,1000,60000,-59000,-59000
058180,華新科國泰9A購01,0,0,0,0,0,0,0,0,0,-59000,0,0,0,284000,343000,-59000,-59000
060019,彰銀康和99購01  ,0,0,0,0,0,0,0,0,0,-59000,0,0,0,35000,94000,-59000,-59000
059984,華新科元大99購21,0,0,0,0,0,0,0,0,0,-59000,0,0,0,1000,60000,-59000,-59000
060230,台積電元大9A購07,0,0,0,0,0,0,0,0,0,-59000,0,0,0,11000,70000,-59000,-59000
058861,國巨凱基9A購08  ,0,0,0,0,0,0,0,0,0,-59000,0,0,0,42000,101000,-59000,-59000
058342,鴻海群益9A購01  ,0,0,0,0,0,0,0,0,0,-59000,0,0,0,1000,60000,-59000,-59000
06421P,嘉澤統一97售02  ,0,0,0,0,0,0,0,0,0,-59000,0,0,0,4000,63000,-59000,-59000
062607,美食凱基9B購01  ,0,0,0,0,0,0,0,0,0,-59000,0,0,0,11000,70000,-59000,-59000
062765,祥碩凱基9B購04  ,0,0,0,0,0,0,0,0,0,-59000,0,0,0,24000,83000,-59000,-59000
062685,華新科統一9C購03,0,0,0,0,0,0,0,0,0,-59000,0,0,0,10000,69000,-59000,-59000
3518,柏騰            ,91000,152000,-61000,0,0,0,0,0,0,2000,2000,0,2000,0,0,0,-59000
8163,達方            ,242000,297000,-55000,0,0,0,0,0,0,-4000,3000,8000,-5000,8000,7000,1000,-59000
07879P,瑞昱群益9C售01  ,0,0,0,0,0,0,0,0,0,-60000,0,0,0,0,60000,-60000,-60000
07884P,華新科凱基9B售08,0,0,0,0,0,0,0,0,0,-60000,0,0,0,90000,150000,-60000,-60000
08409P,臺股指元大9C售15,0,0,0,0,0,0,0,0,0,-60000,0,0,0,20000,80000,-60000,-60000
064594,奇力新統一01購05,0,0,0,0,0,0,0,0,0,-60000,0,0,0,0,60000,-60000,-60000
064775,和大群益01購01  ,0,0,0,0,0,0,0,0,0,-60000,0,0,0,0,60000,-60000,-60000
06912P,台光電元大99售02,0,0,0,0,0,0,0,0,0,-60000,0,0,0,0,60000,-60000,-60000
06997P,台灣50中信03售01,0,0,0,0,0,0,0,0,0,-60000,0,0,0,0,60000,-60000,-60000
06845P,億光元大98售02  ,0,0,0,0,0,0,0,0,0,-60000,0,0,0,50000,110000,-60000,-60000
07551P,國巨元大9A售10  ,0,0,0,0,0,0,0,0,0,-60000,0,0,0,0,60000,-60000,-60000
055320,建準國票98購01  ,0,0,0,0,0,0,0,0,0,-60000,0,0,0,31000,91000,-60000,-60000
054060,晶技國票97購02  ,0,0,0,0,0,0,0,0,0,-60000,0,0,0,0,60000,-60000,-60000
057017,和大凱基98購01  ,0,0,0,0,0,0,0,0,0,-60000,0,0,0,40000,100000,-60000,-60000
057696,聯電群益9A購01  ,0,0,0,0,0,0,0,0,0,-60000,0,0,0,0,60000,-60000,-60000
056212,台光電國票98購03,0,0,0,0,0,0,0,0,0,-60000,0,0,0,0,60000,-60000,-60000
055594,華新科元大98購02,0,0,0,0,0,0,0,0,0,-60000,0,0,0,0,60000,-60000,-60000
058758,台積電群益99購05,0,0,0,0,0,0,0,0,0,-60000,0,0,0,13000,73000,-60000,-60000
058705,長榮航元大99購01,0,0,0,0,0,0,0,0,0,-60000,0,0,0,68000,128000,-60000,-60000
060566,聯詠富邦9C購01  ,0,0,0,0,0,0,0,0,0,-60000,0,0,0,0,60000,-60000,-60000
059246,奇力新凱基9A購02,0,0,0,0,0,0,0,0,0,-60000,0,0,0,0,60000,-60000,-60000
059259,FBVIX中信03購06 ,0,0,0,0,0,0,0,0,0,-60000,0,0,0,1000,61000,-60000,-60000
059513,揚明光永豐99購01,0,0,0,0,0,0,0,0,0,-60000,0,0,0,12000,72000,-60000,-60000
059379,聯電亞東99購02  ,0,0,0,0,0,0,0,0,0,-60000,0,0,0,0,60000,-60000,-60000
060110,茂林元大99購06  ,0,0,0,0,0,0,0,0,0,-60000,0,0,0,0,60000,-60000,-60000
058137,玉晶光元大99購11,0,0,0,0,0,0,0,0,0,-60000,0,0,0,149000,209000,-60000,-60000
061408,華新科國票9A購06,0,0,0,0,0,0,0,0,0,-60000,0,0,0,18000,78000,-60000,-60000
061715,牧德凱基9B購03  ,0,0,0,0,0,0,0,0,0,-60000,0,0,0,0,60000,-60000,-60000
061527,牧德凱基9A購02  ,0,0,0,0,0,0,0,0,0,-60000,0,0,0,0,60000,-60000,-60000
062999,聯茂國票9C購01  ,0,0,0,0,0,0,0,0,0,-60000,0,0,0,8000,68000,-60000,-60000
061839,華新科凱基05購04,0,0,0,0,0,0,0,0,0,-60000,0,0,0,0,60000,-60000,-60000
061438,牧德凱基9B購02  ,0,0,0,0,0,0,0,0,0,-60000,0,0,0,0,60000,-60000,-60000
062032,崇越群益9B購01  ,0,0,0,0,0,0,0,0,0,-60000,0,0,0,0,60000,-60000,-60000
062148,奇鋐國票9B購01  ,0,0,0,0,0,0,0,0,0,-60000,0,0,0,26000,86000,-60000,-60000
062207,牧德國票9B購02  ,0,0,0,0,0,0,0,0,0,-60000,0,0,0,28000,88000,-60000,-60000
063668,奇力新統一01購03,0,0,0,0,0,0,0,0,0,-60000,0,0,0,0,60000,-60000,-60000
063182,國巨凱基9B購10  ,0,0,0,0,0,0,0,0,0,-60000,0,0,0,0,60000,-60000,-60000
063035,燿華凱基9B購02  ,0,0,0,0,0,0,0,0,0,-60000,0,0,0,0,60000,-60000,-60000
063484,達方元大9B購01  ,0,0,0,0,0,0,0,0,0,-60000,0,0,0,50000,110000,-60000,-60000
4133,亞諾法          ,987000,1048000,-61000,0,0,0,0,0,0,1000,1000,0,1000,0,0,0,-60000
064840,彩晶統一02購01  ,0,0,0,0,0,0,0,0,0,-61000,0,0,0,0,61000,-61000,-61000
064295,聚陽國票01購01  ,0,0,0,0,0,0,0,0,0,-61000,0,0,0,69000,130000,-61000,-61000
08152P,祥碩統一9B售02  ,0,0,0,0,0,0,0,0,0,-61000,0,0,0,79000,140000,-61000,-61000
07889P,旭富國票9B售01  ,10000,0,10000,0,0,0,0,0,0,-71000,0,0,0,150000,221000,-71000,-61000
07685P,玉晶光凱基9B售03,0,0,0,0,0,0,0,0,0,-61000,0,0,0,59000,120000,-61000,-61000
056481,創意元大98購01  ,0,0,0,0,0,0,0,0,0,-61000,0,0,0,0,61000,-61000,-61000
057465,智易永豐98購02  ,0,0,0,0,0,0,0,0,0,-61000,0,0,0,6000,67000,-61000,-61000
056674,華邦電元富98購01,0,0,0,0,0,0,0,0,0,-61000,0,0,0,138000,199000,-61000,-61000
056573,華新科元大99購06,0,0,0,0,0,0,0,0,0,-61000,0,0,0,40000,101000,-61000,-61000
054750,聯茂凱基98購02  ,0,0,0,0,0,0,0,0,0,-61000,0,0,0,0,61000,-61000,-61000
046937,聯電元大99購01  ,0,0,0,0,0,0,0,0,0,-61000,0,0,0,126000,187000,-61000,-61000
061510,嘉澤富邦9C購01  ,0,0,0,0,0,0,0,0,0,-61000,0,0,0,0,61000,-61000,-61000
061781,台積電群益9C購01,0,0,0,0,0,0,0,0,0,-61000,0,0,0,62000,123000,-61000,-61000
058309,大毅元大99購02  ,0,0,0,0,0,0,0,0,0,-61000,0,0,0,15000,76000,-61000,-61000
058333,鴻海元富99購04  ,0,0,0,0,0,0,0,0,0,-61000,0,0,0,0,61000,-61000,-61000
058134,信邦元大99購01  ,0,0,0,0,0,0,0,0,0,-61000,0,0,0,0,61000,-61000,-61000
058840,T50反1群益99購02,0,0,0,0,0,0,0,0,0,-61000,0,0,0,0,61000,-61000,-61000
059162,國巨凱基99購12  ,0,0,0,0,0,0,0,0,0,-61000,0,0,0,45000,106000,-61000,-61000
058397,大成鋼元大99購02,0,0,0,0,0,0,0,0,0,-61000,0,0,0,127000,188000,-61000,-61000
064210,台光電凱基03購01,0,0,0,0,0,0,0,0,0,-61000,0,0,0,54000,115000,-61000,-61000
064044,台光電統一01購03,0,0,0,0,0,0,0,0,0,-61000,0,0,0,0,61000,-61000,-61000
062135,國巨群益9B購05  ,0,0,0,0,0,0,0,0,0,-61000,0,0,0,0,61000,-61000,-61000
061856,台郡國票9B購02  ,0,0,0,0,0,0,0,0,0,-61000,0,0,0,0,61000,-61000,-61000
062521,玉晶光元大9C購05,0,0,0,0,0,0,0,0,0,-61000,0,0,0,118000,179000,-61000,-61000
07101P,台郡元大99售06  ,0,0,0,0,0,0,0,0,0,-62000,0,0,0,148000,210000,-62000,-62000
054757,南亞國票98購01  ,0,0,0,0,0,0,0,0,0,-62000,0,0,0,0,62000,-62000,-62000
061104,華新科元大9A購13,0,0,0,0,0,0,0,0,0,-62000,0,0,0,10000,72000,-62000,-62000
056267,文曄統一97購02  ,0,0,0,0,0,0,0,0,0,-62000,0,0,0,0,62000,-62000,-62000
058389,聯茂國票9A購01  ,0,0,0,0,0,0,0,0,0,-62000,0,0,0,19000,81000,-62000,-62000
059836,大立光國泰9B購02,0,0,0,0,0,0,0,0,0,-62000,0,0,0,56000,118000,-62000,-62000
060606,玉晶光凱基9A購05,0,0,0,0,0,0,0,0,0,-62000,0,0,0,20000,82000,-62000,-62000
059074,元油2X元大9C購15,0,0,0,0,0,0,0,0,0,-62000,0,0,0,20000,82000,-62000,-62000
057887,智原群益98購04  ,0,0,0,0,0,0,0,0,0,-62000,0,0,0,115000,177000,-62000,-62000
058091,欣興元大99購03  ,0,0,0,0,0,0,0,0,0,-62000,0,0,0,29000,91000,-62000,-62000
058071,大立光凱基98購19,0,0,0,0,0,0,0,0,0,-62000,0,0,0,68000,130000,-62000,-62000
060418,中橡永豐9A購01  ,0,0,0,0,0,0,0,0,0,-62000,0,0,0,26000,88000,-62000,-62000
060398,立積國票9B購01  ,0,0,0,0,0,0,0,0,0,-62000,0,0,0,10000,72000,-62000,-62000
058957,貿聯國票9A購01  ,0,0,0,0,0,0,0,0,0,-62000,0,0,0,0,62000,-62000,-62000
062648,聯茂富邦9B購01  ,0,0,0,0,0,0,0,0,0,-62000,0,0,0,0,62000,-62000,-62000
062275,燿華群益9B購01  ,0,0,0,0,0,0,0,0,0,-62000,0,0,0,60000,122000,-62000,-62000
064072,康友永豐9C購01  ,0,0,0,0,0,0,0,0,0,-62000,0,0,0,62000,124000,-62000,-62000
064028,大毅元大01購01  ,0,0,0,0,0,0,0,0,0,-62000,0,0,0,28000,90000,-62000,-62000
064164,祥碩統一01購05  ,0,0,0,0,0,0,0,0,0,-62000,0,0,0,76000,138000,-62000,-62000
063853,同欣電元大9C購02,0,0,0,0,0,0,0,0,0,-62000,0,0,0,2000,64000,-62000,-62000
064331,微星元大9C購03  ,0,0,0,0,0,0,0,0,0,-63000,0,0,0,8000,71000,-63000,-63000
064538,鈺齊國票01購01  ,0,0,0,0,0,0,0,0,0,-63000,0,0,0,0,63000,-63000,-63000
064411,台表科凱基02購01,0,0,0,0,0,0,0,0,0,-63000,0,0,0,7000,70000,-63000,-63000
064799,裕隆元大9C購02  ,0,0,0,0,0,0,0,0,0,-63000,0,0,0,0,63000,-63000,-63000
061054,台積電群益9A購04,0,0,0,0,0,0,0,0,0,-63000,0,0,0,22000,85000,-63000,-63000
055389,國巨統一98購02  ,0,0,0,0,0,0,0,0,0,-63000,0,0,0,22000,85000,-63000,-63000
060058,牧德凱基9B購01  ,0,0,0,0,0,0,0,0,0,-63000,0,0,0,2000,65000,-63000,-63000
058096,南電元大98購04  ,0,0,0,0,0,0,0,0,0,-63000,0,0,0,0,63000,-63000,-63000
061237,晶技元大9A購01  ,0,0,0,0,0,0,0,0,0,-63000,0,0,0,15000,78000,-63000,-63000
059360,全新永豐99購02  ,0,0,0,0,0,0,0,0,0,-63000,0,0,0,32000,95000,-63000,-63000
060611,同欣電凱基9A購02,0,0,0,0,0,0,0,0,0,-63000,0,0,0,6000,69000,-63000,-63000
060650,奇力新中信9A購01,0,0,0,0,0,0,0,0,0,-63000,0,0,0,0,63000,-63000,-63000
063859,國巨國泰01購03  ,0,0,0,0,0,0,0,0,0,-63000,0,0,0,237000,300000,-63000,-63000
063839,華通元大9C購02  ,0,0,0,0,0,0,0,0,0,-63000,0,0,0,6000,69000,-63000,-63000
063714,超眾凱基9B購03  ,0,0,0,0,0,0,0,0,0,-63000,0,0,0,10000,73000,-63000,-63000
063731,台積電元大9B購10,0,0,0,0,0,0,0,0,0,-63000,0,0,0,103000,166000,-63000,-63000
064130,創意元大9C購02  ,0,0,0,0,0,0,0,0,0,-63000,0,0,0,123000,186000,-63000,-63000
062947,國巨富邦01購01  ,0,0,0,0,0,0,0,0,0,-63000,0,0,0,17000,80000,-63000,-63000
07898P,國巨國泰9C售02  ,0,0,0,0,0,0,0,0,0,-64000,0,0,0,6000,70000,-64000,-64000
00662,富邦NASDAQ      ,3000,2000,1000,0,0,0,150000,0,150000,-215000,14000,0,14000,150000,379000,-229000,-64000
057646,玉山金元大98購01,0,0,0,0,0,0,0,0,0,-64000,0,0,0,2000,66000,-64000,-64000
057416,T50反1凱基9C購01,0,0,0,0,0,0,0,0,0,-64000,0,0,0,101000,165000,-64000,-64000
057042,台積電元大98購10,0,0,0,0,0,0,0,0,0,-64000,0,0,0,40000,104000,-64000,-64000
057774,台光電群益99購02,0,0,0,0,0,0,0,0,0,-64000,0,0,0,48000,112000,-64000,-64000
059295,大立光元富99購05,0,0,0,0,0,0,0,0,0,-64000,0,0,0,16000,80000,-64000,-64000
061302,晶技永豐9A購04  ,0,0,0,0,0,0,0,0,0,-64000,0,0,0,0,64000,-64000,-64000
058216,TPK群益99購01   ,0,0,0,0,0,0,0,0,0,-64000,0,0,0,0,64000,-64000,-64000
061202,和大元大9A購02  ,0,0,0,0,0,0,0,0,0,-64000,0,0,0,0,64000,-64000,-64000
060963,禾伸堂凱基9A購01,0,0,0,0,0,0,0,0,0,-64000,0,0,0,26000,90000,-64000,-64000
060009,南亞科群益99購03,0,0,0,0,0,0,0,0,0,-64000,0,0,0,0,64000,-64000,-64000
057945,京鼎國票99購03  ,0,0,0,0,0,0,0,0,0,-64000,0,0,0,0,64000,-64000,-64000
062822,力成兆豐9B購01  ,0,0,0,0,0,0,0,0,0,-64000,0,0,0,68000,132000,-64000,-64000
062310,南亞科凱基9B購02,0,0,0,0,0,0,0,0,0,-64000,0,0,0,22000,86000,-64000,-64000
061974,光寶科元大9B購01,0,0,0,0,0,0,0,0,0,-64000,0,0,0,151000,215000,-64000,-64000
061482,健策元大9C購01  ,0,0,0,0,0,0,0,0,0,-64000,0,0,0,0,64000,-64000,-64000
064096,台積電群益9C購07,0,0,0,0,0,0,0,0,0,-64000,0,0,0,32000,96000,-64000,-64000
063854,南電元大9C購01  ,0,0,0,0,0,0,0,0,0,-64000,0,0,0,35000,99000,-64000,-64000
063910,漢唐凱基9C購01  ,0,0,0,0,0,0,0,0,0,-64000,0,0,0,70000,134000,-64000,-64000
063933,TPK統一01購01   ,0,0,0,0,0,0,0,0,0,-64000,0,0,0,2000,66000,-64000,-64000
063558,聚陽元大9B購02  ,0,0,0,0,0,0,0,0,0,-64000,0,0,0,162000,226000,-64000,-64000
063511,南電群益9B購02  ,0,0,0,0,0,0,0,0,0,-64000,0,0,0,5000,69000,-64000,-64000
063074,創意永豐9B購02  ,0,0,0,0,0,0,0,0,0,-64000,0,0,0,27000,91000,-64000,-64000
063150,聯發科元富05購03,0,10000,-10000,0,0,0,0,0,0,-54000,0,0,0,13000,67000,-54000,-64000
063302,國巨凱基9C購05  ,0,0,0,0,0,0,0,0,0,-64000,0,0,0,41000,105000,-64000,-64000
07976P,聯發科群益9C售02,0,0,0,0,0,0,0,0,0,-65000,0,0,0,100000,165000,-65000,-65000
08275P,南亞科元富9C售01,0,0,0,0,0,0,0,0,0,-65000,0,0,0,125000,190000,-65000,-65000
2420,新巨            ,36000,101000,-65000,0,0,0,0,0,0,0,0,0,0,0,0,0,-65000
064368,日月光統一01購01,0,0,0,0,0,0,0,0,0,-65000,0,0,0,61000,126000,-65000,-65000
07126P,台積電元大99售23,0,0,0,0,0,0,0,0,0,-65000,0,0,0,40000,105000,-65000,-65000
06813P,友訊元富98售03  ,0,0,0,0,0,0,0,0,0,-65000,0,0,0,156000,221000,-65000,-65000
06991P,矽創群益99售01  ,0,0,0,0,0,0,0,0,0,-65000,0,0,0,7000,72000,-65000,-65000
057044,旺宏元大98購08  ,0,0,0,0,0,0,0,0,0,-65000,0,0,0,17000,82000,-65000,-65000
057243,樺漢凱基99購01  ,0,0,0,0,0,0,0,0,0,-65000,0,0,0,9000,74000,-65000,-65000
057317,技嘉凱基98購02  ,0,0,0,0,0,0,0,0,0,-65000,0,0,0,135000,200000,-65000,-65000
056233,超眾凱基97購02  ,0,0,0,0,0,0,0,0,0,-65000,0,0,0,21000,86000,-65000,-65000
056994,緯穎兆豐98購02  ,0,0,0,0,0,0,0,0,0,-65000,0,0,0,62000,127000,-65000,-65000
050515,聯電元大96購01  ,0,0,0,0,0,0,0,0,0,-65000,0,0,0,0,65000,-65000,-65000
060909,金像電元大9B購01,0,0,0,0,0,0,0,0,0,-65000,0,0,0,31000,96000,-65000,-65000
059030,奇力新兆豐99購03,0,0,0,0,0,0,0,0,0,-65000,0,0,0,35000,100000,-65000,-65000
061776,晶技國票9B購01  ,0,0,0,0,0,0,0,0,0,-65000,0,0,0,19000,84000,-65000,-65000
059055,旺宏凱基9B購02  ,0,0,0,0,0,0,0,0,0,-65000,0,0,0,3000,68000,-65000,-65000
059533,富邦金凱基99購01,0,0,0,0,0,0,0,0,0,-65000,0,0,0,19000,84000,-65000,-65000
063999,日月光兆豐9C購01,0,0,0,0,0,0,0,0,0,-65000,0,0,0,270000,335000,-65000,-65000
06294P,臺股指國票97售08,0,0,0,0,0,0,0,0,0,-65000,0,0,0,0,65000,-65000,-65000
062903,燿華元大9B購04  ,0,0,0,0,0,0,0,0,0,-65000,0,0,0,35000,100000,-65000,-65000
062414,臻鼎中信01購01  ,0,0,0,0,0,0,0,0,0,-65000,0,0,0,10000,75000,-65000,-65000
064526,臺股指群益9C購11,0,0,0,0,0,0,0,0,0,-66000,0,0,0,24000,90000,-66000,-66000
056307,貿聯元大97購05  ,0,0,0,0,0,0,0,0,0,-66000,0,0,0,68000,134000,-66000,-66000
056843,冠德元富98購01  ,0,0,0,0,0,0,0,0,0,-66000,0,0,0,35000,101000,-66000,-66000
060768,鴻海麥證9A購02  ,0,0,0,0,66000,-66000,0,0,0,-66000,0,0,0,0,66000,-66000,-66000
060234,凱美元大9C購01  ,0,0,0,0,0,0,0,0,0,-66000,0,0,0,3000,69000,-66000,-66000
059348,日月光凱基99購01,0,0,0,0,0,0,0,0,0,-66000,0,0,0,0,66000,-66000,-66000
061233,國巨元大9A購17  ,0,0,0,0,0,0,0,0,0,-66000,0,0,0,40000,106000,-66000,-66000
061228,聯茂中信9A購01  ,0,0,0,0,0,0,0,0,0,-66000,0,0,0,155000,221000,-66000,-66000
060423,智易永豐9A購01  ,0,0,0,0,0,0,0,0,0,-66000,0,0,0,41000,107000,-66000,-66000
062635,創意國票9B購01  ,0,0,0,0,0,0,0,0,0,-66000,0,0,0,4000,70000,-66000,-66000
062743,微星國泰01購01  ,0,0,0,0,0,0,0,0,0,-66000,0,0,0,168000,234000,-66000,-66000
063326,正隆國票9B購01  ,0,0,0,0,0,0,0,0,0,-66000,0,0,0,53000,119000,-66000,-66000
064588,玉晶光永豐9C購05,0,0,0,0,0,0,0,0,0,-67000,0,0,0,0,67000,-67000,-67000
07512P,國巨元大9A售08  ,0,0,0,0,0,0,0,0,0,-67000,0,0,0,0,67000,-67000,-67000
056996,矽力日盛99購01  ,0,0,0,0,0,0,0,0,0,-67000,0,0,0,17000,84000,-67000,-67000
057477,智邦元大98購09  ,0,0,0,0,0,0,0,0,0,-67000,0,0,0,7000,74000,-67000,-67000
060015,國巨康和99購03  ,0,0,0,0,0,0,0,0,0,-67000,0,0,0,15000,82000,-67000,-67000
061837,華新科凱基05購02,0,0,0,0,0,0,0,0,0,-67000,0,0,0,2000,69000,-67000,-67000
063016,微星元大9C購02  ,0,0,0,0,0,0,0,0,0,-67000,0,0,0,5000,72000,-67000,-67000
063956,神達元大9C購01  ,0,0,0,0,0,0,0,0,0,-67000,0,0,0,50000,117000,-67000,-67000
062641,瀚宇博國票9B購01,0,0,0,0,0,0,0,0,0,-67000,0,0,0,0,67000,-67000,-67000
064853,亞德客麥證9C購01,0,0,0,0,68000,-68000,0,0,0,-68000,0,0,0,0,68000,-68000,-68000
061124,微星永豐9A購02  ,0,0,0,0,0,0,0,0,0,-68000,0,0,0,85000,153000,-68000,-68000
056365,欣興元大98購01  ,0,0,0,0,0,0,0,0,0,-68000,0,0,0,28000,96000,-68000,-68000
056852,矽格元富98購01  ,0,0,0,0,0,0,0,0,0,-68000,0,0,0,60000,128000,-68000,-68000
055500,京鼎元大97購04  ,0,0,0,0,0,0,0,0,0,-68000,0,0,0,0,68000,-68000,-68000
056132,台光電元大97購03,0,0,0,0,0,0,0,0,0,-68000,0,0,0,19000,87000,-68000,-68000
057667,可成元大99購01  ,0,0,0,0,0,0,0,0,0,-68000,0,0,0,0,68000,-68000,-68000
057536,康控元大99購03  ,0,0,0,0,0,0,0,0,0,-68000,0,0,0,0,68000,-68000,-68000
057537,聯茂元大98購04  ,0,0,0,0,0,0,0,0,0,-68000,0,0,0,0,68000,-68000,-68000
054785,建準群益98購01  ,0,0,0,0,0,0,0,0,0,-68000,0,0,0,27000,95000,-68000,-68000
058187,泰碩永豐99購01  ,0,0,0,0,0,0,0,0,0,-68000,0,0,0,0,68000,-68000,-68000
058080,台積電群益98購06,0,0,0,0,0,0,0,0,0,-68000,0,0,0,8000,76000,-68000,-68000
058050,台郡元大99購05  ,0,0,0,0,0,0,0,0,0,-68000,0,0,0,0,68000,-68000,-68000
058955,台積電國票9A購04,0,0,0,0,0,0,0,0,0,-68000,0,0,0,27000,95000,-68000,-68000
059214,國巨元大99購20  ,0,0,0,0,0,0,0,0,0,-68000,0,0,0,32000,100000,-68000,-68000
059532,華新科凱基9B購03,0,0,0,0,0,0,0,0,0,-68000,0,0,0,3000,71000,-68000,-68000
057809,英業達元大98購01,0,0,0,0,0,0,0,0,0,-68000,0,0,0,10000,78000,-68000,-68000
060618,玉晶光元大9A購02,0,0,0,0,0,0,0,0,0,-68000,0,0,0,108000,176000,-68000,-68000
060717,康控永豐9A購01  ,0,0,0,0,0,0,0,0,0,-68000,0,0,0,20000,88000,-68000,-68000
062365,台光電元大9B購03,0,0,0,0,0,0,0,0,0,-68000,0,0,0,33000,101000,-68000,-68000
062896,中興電元大9B購01,0,0,0,0,0,0,0,0,0,-68000,0,0,0,38000,106000,-68000,-68000
062992,聯發科群益9B購09,0,0,0,0,0,0,0,0,0,-68000,0,0,0,10000,78000,-68000,-68000
062293,麗豐永豐9B購01  ,0,0,0,0,0,0,0,0,0,-68000,0,0,0,0,68000,-68000,-68000
06209P,旺宏統一97售07  ,0,0,0,0,0,0,0,0,0,-68000,0,0,0,0,68000,-68000,-68000
062222,華新科統一9B購04,0,0,0,0,0,0,0,0,0,-68000,0,0,0,0,68000,-68000,-68000
062169,禾伸堂永豐9B購01,0,0,0,0,0,0,0,0,0,-68000,0,0,0,0,68000,-68000,-68000
063327,燿華國票9C購02  ,0,0,0,0,0,0,0,0,0,-68000,0,0,0,112000,180000,-68000,-68000
063289,台表科元大9B購07,0,0,0,0,0,0,0,0,0,-68000,0,0,0,0,68000,-68000,-68000
063251,同欣電元大9B購04,0,0,0,0,0,0,0,0,0,-68000,0,0,0,4000,72000,-68000,-68000
063474,康控元大9B購04  ,0,0,0,0,0,0,0,0,0,-68000,0,0,0,0,68000,-68000,-68000
063361,台表科國泰01購02,0,0,0,0,0,0,0,0,0,-68000,0,0,0,0,68000,-68000,-68000
2748,雲品            ,22000,6000,16000,0,0,0,0,0,0,-85000,0,85000,-85000,0,0,0,-69000
054378,楠梓電群益98購01,0,0,0,0,0,0,0,0,0,-69000,0,0,0,13000,82000,-69000,-69000
059569,旺宏凱基99購09  ,0,0,0,0,0,0,0,0,0,-69000,0,0,0,0,69000,-69000,-69000
060760,南亞科元大9A購04,0,0,0,0,0,0,0,0,0,-69000,0,0,0,0,69000,-69000,-69000
060100,新光金元大9C購01,0,0,0,0,0,0,0,0,0,-69000,0,0,0,32000,101000,-69000,-69000
063734,可成元大9B購04  ,0,0,0,0,0,0,0,0,0,-69000,0,0,0,10000,79000,-69000,-69000
063800,玉晶光凱基9C購02,0,0,0,0,0,0,0,0,0,-69000,0,0,0,181000,250000,-69000,-69000
064002,仁寶凱基9C購01  ,0,0,0,0,0,0,0,0,0,-69000,0,0,0,50000,119000,-69000,-69000
062294,盛群永豐9B購01  ,0,0,0,0,0,0,0,0,0,-69000,0,0,0,0,69000,-69000,-69000
061574,大毅元大9B購01  ,0,0,0,0,0,0,0,0,0,-69000,0,0,0,38000,107000,-69000,-69000
061570,瑞昱元大9A購05  ,0,0,0,0,0,0,0,0,0,-69000,0,0,0,21000,90000,-69000,-69000
2832,台產            ,114000,183725,-69725,0,0,0,0,0,0,0,0,0,0,0,0,0,-69725
2456,奇力新          ,614000,717000,-103000,0,0,0,0,125000,-125000,158000,72000,14000,58000,114000,14000,100000,-70000
08323P,華新科凱基9C售04,0,0,0,0,0,0,0,0,0,-70000,0,0,0,100000,170000,-70000,-70000
07954P,台表科元大9B售02,0,0,0,0,0,0,0,0,0,-70000,0,0,0,10000,80000,-70000,-70000
07641P,上銀凱基9A售05  ,0,0,0,0,0,0,0,0,0,-70000,0,0,0,50000,120000,-70000,-70000
07091P,SGBR2X凱基9A售02,0,0,0,0,0,0,0,0,0,-70000,0,0,0,10000,80000,-70000,-70000
06727P,台光電元大98售05,0,0,0,0,0,0,0,0,0,-70000,0,0,0,0,70000,-70000,-70000
057138,亞德客兆豐98購01,0,0,0,0,0,0,0,0,0,-70000,0,0,0,92000,162000,-70000,-70000
055911,可成凱基98購02  ,0,0,0,0,0,0,0,0,0,-70000,0,0,0,0,70000,-70000,-70000
055522,道瓊反群益01購01,0,0,0,0,0,0,0,0,0,-70000,0,0,0,10000,80000,-70000,-70000
056787,健鼎群益98購01  ,0,0,0,0,0,0,0,0,0,-70000,0,0,0,30000,100000,-70000,-70000
056255,華新科元富97購05,0,0,0,0,0,0,0,0,0,-70000,0,0,0,5000,75000,-70000,-70000
056470,旺宏元大99購01  ,0,0,0,0,0,0,0,0,0,-70000,0,0,0,11000,81000,-70000,-70000
054873,帆宣群益99購01  ,0,0,0,0,0,0,0,0,0,-70000,0,0,0,0,70000,-70000,-70000
056689,玉晶光統一9A購03,0,0,0,0,0,0,0,0,0,-70000,0,0,0,106000,176000,-70000,-70000
056696,茂林群益98購02  ,0,0,0,0,0,0,0,0,0,-70000,0,0,0,0,70000,-70000,-70000
055365,華通元大97購03  ,0,0,0,0,0,0,0,0,0,-70000,0,0,0,0,70000,-70000,-70000
052989,麗豐元大98購01  ,0,0,0,0,0,0,0,0,0,-70000,0,0,0,0,70000,-70000,-70000
058948,道瓊銀群益9C購01,0,0,0,0,0,0,0,0,0,-70000,0,0,0,0,70000,-70000,-70000
057919,技嘉凱基98購03  ,0,0,0,0,0,0,0,0,0,-70000,0,0,0,84000,154000,-70000,-70000
061203,國巨元大9A購15  ,0,0,0,0,0,0,0,0,0,-70000,0,0,0,10000,80000,-70000,-70000
060785,國巨富邦9B購04  ,0,0,0,0,0,0,0,0,0,-70000,0,0,0,0,70000,-70000,-70000
060258,T50反1凱基9A購06,0,0,0,0,0,0,0,0,0,-70000,0,0,0,0,70000,-70000,-70000
057888,貿聯群益98購02  ,0,0,0,0,0,0,0,0,0,-70000,0,0,0,0,70000,-70000,-70000
059079,SGBR2X元大99購01,0,0,0,0,0,0,0,0,0,-70000,0,0,0,40000,110000,-70000,-70000
059063,康控凱基99購04  ,0,0,0,0,0,0,0,0,0,-70000,0,0,0,0,70000,-70000,-70000
058770,貿聯兆豐9A購01  ,0,0,0,0,0,0,0,0,0,-70000,0,0,0,1000,71000,-70000,-70000
061879,超眾元大9C購01  ,0,0,0,0,0,0,0,0,0,-70000,0,0,0,53000,123000,-70000,-70000
062050,亞德客統一9C購01,0,0,0,0,0,0,0,0,0,-70000,0,0,0,56000,126000,-70000,-70000
062247,國巨元大9B購07  ,0,0,0,0,0,0,0,0,0,-70000,0,0,0,4000,74000,-70000,-70000
062248,國巨元大9B購08  ,0,0,0,0,0,0,0,0,0,-70000,0,0,0,4000,74000,-70000,-70000
062063,世紀鋼統一9C購01,0,0,0,0,0,0,0,0,0,-70000,0,0,0,0,70000,-70000,-70000
062072,國巨元大9B購05  ,0,0,0,0,0,0,0,0,0,-70000,0,0,0,4000,74000,-70000,-70000
064133,力成元大9C購01  ,0,0,0,0,0,0,0,0,0,-70000,0,0,0,4000,74000,-70000,-70000
063707,儒鴻凱基9C購01  ,0,0,0,0,0,0,0,0,0,-70000,0,0,0,10000,80000,-70000,-70000
063373,晶技永豐9B購02  ,0,0,0,0,0,0,0,0,0,-70000,0,0,0,0,70000,-70000,-70000
063599,智邦凱基9B購04  ,0,0,0,0,0,0,0,0,0,-70000,0,0,0,0,70000,-70000,-70000
063314,美律群益9B購01  ,0,0,0,0,0,0,0,0,0,-70000,0,0,0,0,70000,-70000,-70000
064375,智邦元富03購01  ,0,0,0,0,0,0,0,0,0,-71000,0,0,0,105000,176000,-71000,-71000
059853,超眾永豐99購03  ,0,0,0,0,0,0,0,0,0,-71000,0,0,0,0,71000,-71000,-71000
058673,華新科群益9A購02,0,0,0,0,0,0,0,0,0,-71000,0,0,0,26000,97000,-71000,-71000
059298,大立光元富9C購02,0,0,0,0,0,0,0,0,0,-71000,0,0,0,56000,127000,-71000,-71000
060982,旺宏元大9A購09  ,0,0,0,0,0,0,0,0,0,-71000,0,0,0,57000,128000,-71000,-71000
061823,勤誠群益9B購01  ,0,0,0,0,0,0,0,0,0,-71000,0,0,0,27000,98000,-71000,-71000
061773,和潤元大9B購01  ,0,0,0,0,0,0,0,0,0,-71000,0,0,0,55000,126000,-71000,-71000
061360,智邦兆豐9B購02  ,0,0,0,0,0,0,0,0,0,-71000,0,0,0,15000,86000,-71000,-71000
057963,緯穎元大98購08  ,0,0,0,0,0,0,0,0,0,-71000,0,0,0,5000,76000,-71000,-71000
060964,日月光凱基9A購01,0,0,0,0,0,0,0,0,0,-71000,0,0,0,15000,86000,-71000,-71000
058051,同欣電元大98購03,0,0,0,0,0,0,0,0,0,-71000,0,0,0,0,71000,-71000,-71000
063485,巨大元大9B購04  ,0,0,0,0,0,0,0,0,0,-71000,0,0,0,20000,91000,-71000,-71000
062090,南電元大9B購02  ,0,0,0,0,0,0,0,0,0,-71000,0,0,0,20000,91000,-71000,-71000
1736,喬山            ,290000,310126,-20126,0,0,0,0,0,0,-51000,0,18000,-18000,2000,35000,-33000,-71126
064335,可成元大9C購05  ,0,0,0,0,0,0,0,0,0,-72000,0,0,0,4000,76000,-72000,-72000
056603,嘉聯益國泰9A購01,0,0,0,0,0,0,0,0,0,-72000,0,0,0,5000,77000,-72000,-72000
060466,玉山金元大9A購01,0,0,0,0,0,0,0,0,0,-72000,0,0,0,6000,78000,-72000,-72000
060435,鈺齊永豐9A購01  ,0,0,0,0,0,0,0,0,0,-72000,0,0,0,0,72000,-72000,-72000
059431,旺宏元大99購14  ,0,0,0,0,0,0,0,0,0,-72000,0,0,0,32000,104000,-72000,-72000
057773,技嘉群益9A購02  ,0,0,0,0,0,0,0,0,0,-72000,0,0,0,55000,127000,-72000,-72000
062260,華新科元大9B購09,0,0,0,0,0,0,0,0,0,-72000,0,0,0,0,72000,-72000,-72000
062968,仁寶元富9B購01  ,0,0,0,0,0,0,0,0,0,-72000,0,0,0,128000,200000,-72000,-72000
063201,廣達統一01購01  ,0,0,0,0,0,0,0,0,0,-72000,0,0,0,0,72000,-72000,-72000
063927,奇力新統一02購01,0,0,0,0,0,0,0,0,0,-72000,0,0,0,0,72000,-72000,-72000
5203,訊連            ,46000,120000,-74000,0,0,0,0,0,0,2000,1000,0,1000,1000,0,1000,-72000
8021,尖點            ,163000,241000,-78000,0,0,0,0,0,0,6000,6000,0,6000,0,0,0,-72000
064540,神達麥證01購01  ,0,0,0,0,73000,-73000,0,0,0,-73000,0,0,0,0,73000,-73000,-73000
07141P,台灣50國票9A售03,0,0,0,0,0,0,0,0,0,-73000,0,0,0,31000,104000,-73000,-73000
055399,超眾統一99購01  ,0,0,0,0,0,0,0,0,0,-73000,0,0,0,37000,110000,-73000,-73000
057388,奇鋐永豐98購02  ,0,0,0,0,0,0,0,0,0,-73000,0,0,0,0,73000,-73000,-73000
059623,聯電凱基99購02  ,0,0,0,0,0,0,0,0,0,-73000,0,0,0,2000,75000,-73000,-73000
058782,臺股指國票99購01,0,0,0,0,0,0,0,0,0,-73000,0,0,0,10000,83000,-73000,-73000
059065,南電凱基9A購01  ,0,0,0,0,0,0,0,0,0,-73000,0,0,0,16000,89000,-73000,-73000
060239,國揚元大9C購01  ,0,0,0,0,0,0,0,0,0,-73000,0,0,0,5000,78000,-73000,-73000
060906,旺宏元大9A購07  ,0,0,0,0,0,0,0,0,0,-73000,0,0,0,9000,82000,-73000,-73000
061415,健策群益9A購04  ,0,0,0,0,0,0,0,0,0,-73000,0,0,0,8000,81000,-73000,-73000
061425,華新科元大9A購19,0,0,0,0,0,0,0,0,0,-73000,0,0,0,4000,77000,-73000,-73000
063034,致茂凱基9B購01  ,0,0,0,0,0,0,0,0,0,-73000,0,0,0,64000,137000,-73000,-73000
063460,智邦元大9B購08  ,0,0,0,0,0,0,0,0,0,-73000,0,0,0,47000,120000,-73000,-73000
062454,華通群益9C購03  ,0,0,0,0,0,0,0,0,0,-73000,0,0,0,9000,82000,-73000,-73000
062536,玉晶光麥證9B購01,0,0,0,18000,91000,-73000,0,0,0,-73000,0,0,0,18000,91000,-73000,-73000
061572,奇力新元大9A購04,0,0,0,0,0,0,0,0,0,-73000,0,0,0,0,73000,-73000,-73000
064843,巨大統一02購01  ,0,0,0,0,0,0,0,0,0,-74000,0,0,0,0,74000,-74000,-74000
07844P,可成國票9A售01  ,0,0,0,0,0,0,0,0,0,-74000,0,0,0,51000,125000,-74000,-74000
056602,嘉澤國泰99購01  ,0,0,0,0,0,0,0,0,0,-74000,0,0,0,14000,88000,-74000,-74000
060977,亞德客元大9A購04,0,0,0,0,0,0,0,0,0,-74000,0,0,0,73000,147000,-74000,-74000
060511,群創元大9B購08  ,0,0,0,0,0,0,0,0,0,-74000,0,0,0,18000,92000,-74000,-74000
059169,可成凱基99購04  ,0,0,0,0,0,0,0,0,0,-74000,0,0,0,1000,75000,-74000,-74000
058735,南茂永豐99購01  ,0,0,0,0,0,0,0,0,0,-74000,0,0,0,97000,171000,-74000,-74000
061583,矽創元大9A購01  ,0,0,0,0,0,0,0,0,0,-74000,0,0,0,77000,151000,-74000,-74000
061914,台光電中信9B購01,0,0,0,0,0,0,0,0,0,-74000,0,0,0,2000,76000,-74000,-74000
063451,漢翔統一9C購01  ,0,0,0,0,0,0,0,0,0,-74000,0,0,0,63000,137000,-74000,-74000
063750,和鑫國票9B購01  ,0,0,0,0,0,0,0,0,0,-74000,0,0,0,0,74000,-74000,-74000
063988,華通永豐9C購01  ,0,0,0,0,0,0,0,0,0,-74000,0,0,0,0,74000,-74000,-74000
064070,祥碩永豐9C購01  ,0,0,0,0,0,0,0,0,0,-74000,0,0,0,24000,98000,-74000,-74000
054742,京鼎凱基99購01  ,0,0,0,0,0,0,0,0,0,-75000,0,0,0,0,75000,-75000,-75000
057548,微星凱基99購01  ,0,0,0,0,0,0,0,0,0,-75000,0,0,0,135000,210000,-75000,-75000
054526,道瓊反統一98購01,0,0,0,0,0,0,0,0,0,-75000,0,0,0,0,75000,-75000,-75000
053758,華新科國泰97購02,0,0,0,0,0,0,0,0,0,-75000,0,0,0,0,75000,-75000,-75000
060573,力成永豐9A購01  ,0,0,0,0,0,0,0,0,0,-75000,0,0,0,0,75000,-75000,-75000
060411,達新永豐9A購01  ,0,0,0,0,0,0,0,0,0,-75000,0,0,0,5000,80000,-75000,-75000
058930,華新科統一9B購01,0,0,0,0,0,0,0,0,0,-75000,0,0,0,0,75000,-75000,-75000
061213,群創元大9A購05  ,0,0,0,0,0,0,0,0,0,-75000,0,0,0,11000,86000,-75000,-75000
061353,康控元大9A購01  ,0,0,0,0,0,0,0,0,0,-75000,0,0,0,6000,81000,-75000,-75000
061704,景碩國票9A購01  ,0,0,0,0,0,0,0,0,0,-75000,0,0,0,50000,125000,-75000,-75000
063925,祥碩元富9C購01  ,0,0,0,0,0,0,0,0,0,-75000,0,0,0,11000,86000,-75000,-75000
063399,智原群益9B購01  ,0,0,0,0,0,0,0,0,0,-75000,0,0,0,6000,81000,-75000,-75000
063076,柏文永豐9B購02  ,0,0,0,0,0,0,0,0,0,-75000,0,0,0,3000,78000,-75000,-75000
4560,強信-KY         ,207000,282000,-75000,0,0,0,0,0,0,0,0,0,0,0,0,0,-75000
07617P,聯發科中信9C售04,0,0,0,0,0,0,0,0,0,-76000,0,0,0,47000,123000,-76000,-76000
1210,大成            ,252000,421000,-169000,0,0,0,0,120000,-120000,213000,227000,12000,215000,0,2000,-2000,-76000
064577,大立光國泰02購01,0,0,0,0,0,0,0,0,0,-76000,0,0,0,0,76000,-76000,-76000
057601,中磊群益98購01  ,0,0,0,0,0,0,0,0,0,-76000,0,0,0,100000,176000,-76000,-76000
056735,國巨凱基99購02  ,0,0,0,0,0,0,0,0,0,-76000,0,0,0,0,76000,-76000,-76000
055415,禾伸堂富邦9B購01,0,0,0,0,0,0,0,0,0,-76000,0,0,0,70000,146000,-76000,-76000
050170,臺指反元大97購02,0,0,0,0,0,0,0,0,0,-76000,0,0,0,0,76000,-76000,-76000
056767,大毅元大99購01  ,0,0,0,0,0,0,0,0,0,-76000,0,0,0,102000,178000,-76000,-76000
060474,中租元大9B購01  ,0,0,0,0,0,0,0,0,0,-76000,0,0,0,62000,138000,-76000,-76000
060908,金像電元大9A購03,0,0,0,0,0,0,0,0,0,-76000,0,0,0,42000,118000,-76000,-76000
059042,世紀鋼群益99購02,0,0,0,0,0,0,0,0,0,-76000,0,0,0,22000,98000,-76000,-76000
059260,國巨中信99購05  ,0,0,0,0,0,0,0,0,0,-76000,0,0,0,6000,82000,-76000,-76000
063113,聯茂兆豐9B購01  ,0,0,0,0,0,0,0,0,0,-76000,0,0,0,97000,173000,-76000,-76000
063677,台光電國泰9C購02,0,0,0,0,0,0,0,0,0,-76000,0,0,0,87000,163000,-76000,-76000
061979,友達元大9C購08  ,0,0,0,0,0,0,0,0,0,-76000,0,0,0,0,76000,-76000,-76000
064589,聯鈞永豐9C購01  ,0,0,0,0,0,0,0,0,0,-77000,0,0,0,0,77000,-77000,-77000
064584,英業達永豐9C購01,0,0,0,0,0,0,0,0,0,-77000,0,0,0,0,77000,-77000,-77000
064611,亞德客元大9C購02,0,0,0,0,0,0,0,0,0,-77000,0,0,0,68000,145000,-77000,-77000
07652P,臺股指中信9A售07,0,0,0,0,0,0,0,0,0,-77000,0,0,0,193000,270000,-77000,-77000
056151,建準凱基97購01  ,0,0,0,0,0,0,0,0,0,-77000,0,0,0,46000,123000,-77000,-77000
058555,矽創永豐9A購01  ,0,0,0,0,0,0,0,0,0,-77000,0,0,0,0,77000,-77000,-77000
057633,緯穎永豐98購02  ,0,0,0,0,0,0,0,0,0,-77000,0,0,0,12000,89000,-77000,-77000
054758,南亞國票9A購01  ,0,0,0,0,0,0,0,0,0,-77000,0,0,0,58000,135000,-77000,-77000
054768,泰碩國票99購02  ,0,0,0,0,0,0,0,0,0,-77000,0,0,0,35000,112000,-77000,-77000
057843,晶技永豐98購02  ,0,0,0,0,0,0,0,0,0,-77000,0,0,0,0,77000,-77000,-77000
060995,泰鼎元大9A購03  ,0,0,0,0,0,0,0,0,0,-77000,0,0,0,100000,177000,-77000,-77000
058124,玉晶光國票9A購01,0,0,0,0,0,0,0,0,0,-77000,0,0,0,42000,119000,-77000,-77000
062025,台達電群益9B購01,0,0,0,0,0,0,0,0,0,-77000,0,0,0,243000,320000,-77000,-77000
061573,義隆元大9A購02  ,0,0,0,0,0,0,0,0,0,-77000,0,0,0,24000,101000,-77000,-77000
062473,同欣電凱基9B購01,0,0,0,0,0,0,0,0,0,-77000,0,0,0,16000,93000,-77000,-77000
062363,燿華元大9B購03  ,0,0,0,0,0,0,0,0,0,-77000,0,0,0,8000,85000,-77000,-77000
062883,智易兆豐9C購01  ,0,0,0,0,0,0,0,0,0,-77000,0,0,0,1000,78000,-77000,-77000
063703,晶豪科群益9B購02,0,0,0,0,0,0,0,0,0,-77000,0,0,0,5000,82000,-77000,-77000
063466,美食元大9B購02  ,0,0,0,0,0,0,0,0,0,-77000,0,0,0,0,77000,-77000,-77000
2476,鉅祥            ,72000,150000,-78000,0,0,0,0,0,0,0,0,0,0,0,0,0,-78000
064726,創意統一01購03  ,0,0,0,0,0,0,0,0,0,-78000,0,0,0,0,78000,-78000,-78000
061802,勤誠永豐9B購01  ,0,0,0,0,0,0,0,0,0,-78000,0,0,0,0,78000,-78000,-78000
060859,鴻海永豐9A購01  ,0,0,0,0,0,0,0,0,0,-78000,0,0,0,0,78000,-78000,-78000
060295,貿聯元大9A購03  ,0,0,0,0,0,0,0,0,0,-78000,0,0,0,18000,96000,-78000,-78000
059929,華新科富邦9C購03,0,0,0,0,0,0,0,0,0,-78000,0,0,0,1000,79000,-78000,-78000
063492,台積電富邦02購02,0,0,0,0,0,0,0,0,0,-78000,0,0,0,7000,85000,-78000,-78000
062853,大毅永豐9B購03  ,0,0,0,0,0,0,0,0,0,-78000,0,0,0,0,78000,-78000,-78000
062357,國巨元大9B購11  ,0,0,0,0,0,0,0,0,0,-78000,0,0,0,0,78000,-78000,-78000
061882,矽創元大9B購01  ,0,0,0,0,0,0,0,0,0,-78000,0,0,0,116000,194000,-78000,-78000
064619,南亞科元大9C購05,0,0,0,0,0,0,0,0,0,-79000,0,0,0,101000,180000,-79000,-79000
2402,毅嘉            ,74000,156000,-82000,0,0,0,0,0,0,3000,5000,2000,3000,0,0,0,-79000
07851P,聯發科國票9A售05,0,0,0,0,0,0,0,0,0,-79000,0,0,0,66000,145000,-79000,-79000
056458,日月光凱基98購02,0,0,0,0,0,0,0,0,0,-79000,0,0,0,7000,86000,-79000,-79000
059790,立積元大9C購02  ,0,0,0,0,0,0,0,0,0,-79000,0,0,0,0,79000,-79000,-79000
060017,全新康和99購01  ,0,0,0,0,0,0,0,0,0,-79000,0,0,0,0,79000,-79000,-79000
061439,寶成凱基9A購01  ,0,0,0,0,0,0,0,0,0,-79000,0,0,0,13000,92000,-79000,-79000
061617,微星群益9A購02  ,0,0,0,0,0,0,0,0,0,-79000,0,0,0,28000,107000,-79000,-79000
062109,聯詠國票9C購01  ,0,0,0,0,0,0,0,0,0,-79000,0,0,0,0,79000,-79000,-79000
062506,巨大群益9C購01  ,0,0,0,0,0,0,0,0,0,-79000,0,0,0,6000,85000,-79000,-79000
062672,兆豐金中信03購01,0,0,0,0,0,0,0,0,0,-79000,0,0,0,6000,85000,-79000,-79000
062606,聯電凱基9C購02  ,0,0,0,0,0,0,0,0,0,-79000,0,0,0,2000,81000,-79000,-79000
063578,瑞祺元大9B購03  ,0,0,0,0,0,0,0,0,0,-79000,0,0,0,55000,134000,-79000,-79000
063215,台表科國票9C購02,0,0,0,0,0,0,0,0,0,-79000,0,0,0,15000,94000,-79000,-79000
064085,儒鴻凱基9C購02  ,0,0,0,0,0,0,0,0,0,-79000,0,0,0,27000,106000,-79000,-79000
08264P,南電元大9C售02  ,0,0,0,0,0,0,0,0,0,-80000,0,0,0,0,80000,-80000,-80000
2206,三陽工業        ,461000,541000,-80000,0,0,0,0,0,0,0,0,0,0,0,0,0,-80000
07587P,台灣50國票9A售11,0,0,0,0,0,0,0,0,0,-80000,0,0,0,60000,140000,-80000,-80000
07426P,上証2X國票9B售01,0,0,0,0,0,0,0,0,0,-80000,0,0,0,0,80000,-80000,-80000
058535,玉晶光統一9A購06,3000,0,3000,0,0,0,0,0,0,-83000,0,0,0,27000,110000,-83000,-80000
061106,群創元大9B購09  ,0,0,0,0,0,0,0,0,0,-80000,0,0,0,0,80000,-80000,-80000
006206,元大上證50      ,0,24000,-24000,0,0,0,0,0,0,-56000,60000,0,60000,196000,312000,-116000,-80000
061342,華新科元大9A購17,0,0,0,0,0,0,0,0,0,-80000,0,0,0,0,80000,-80000,-80000
058251,百和元大99購03  ,0,0,0,0,0,0,0,0,0,-80000,0,0,0,36000,116000,-80000,-80000
058476,旺宏凱基9A購01  ,0,0,0,0,0,0,0,0,0,-80000,0,0,0,0,80000,-80000,-80000
060657,旺宏統一9B購05  ,0,0,0,0,0,0,0,0,0,-80000,0,0,0,0,80000,-80000,-80000
063700,台積電群益9B購09,0,0,0,0,0,0,0,0,0,-80000,0,0,0,0,80000,-80000,-80000
063916,瀚宇博凱基01購01,0,0,0,0,0,0,0,0,0,-80000,0,0,0,65000,145000,-80000,-80000
063032,國巨凱基9C購04  ,0,0,0,0,0,0,0,0,0,-80000,0,0,0,0,80000,-80000,-80000
063527,美食凱基01購01  ,0,0,0,0,0,0,0,0,0,-80000,0,0,0,0,80000,-80000,-80000
062649,緯穎富邦9B購03  ,0,0,0,0,0,0,0,0,0,-80000,0,0,0,25000,105000,-80000,-80000
062913,創意元大9B購02  ,0,0,0,0,0,0,0,0,0,-80000,0,0,0,61000,141000,-80000,-80000
062778,國巨元大9B購17  ,0,0,0,0,0,0,0,0,0,-80000,0,0,0,4000,84000,-80000,-80000
062089,矽創元大9B購02  ,0,0,0,0,0,0,0,0,0,-80000,0,0,0,109000,189000,-80000,-80000
062084,台郡元大9B購04  ,0,0,0,0,0,0,0,0,0,-80000,0,0,0,0,80000,-80000,-80000
061951,南電群益9B購01  ,0,0,0,0,0,0,0,0,0,-80000,0,0,0,30000,110000,-80000,-80000
062047,緯穎凱基9B購01  ,0,0,0,0,0,0,0,0,0,-80000,0,0,0,78000,158000,-80000,-80000
06618P,智邦元大98售04  ,0,0,0,0,0,0,0,0,0,-81000,0,0,0,170000,251000,-81000,-81000
064604,聯茂元富9C購01  ,0,0,0,0,0,0,0,0,0,-81000,0,0,0,20000,101000,-81000,-81000
1723,中碳            ,51000,134000,-83000,0,0,0,0,0,0,2000,2000,0,2000,0,0,0,-81000
08225P,臺股指凱基9B售20,0,0,0,0,0,0,0,0,0,-81000,0,0,0,188000,269000,-81000,-81000
07647P,健策國票9A售04  ,0,0,0,0,0,0,0,0,0,-81000,0,0,0,20000,101000,-81000,-81000
054923,晶技凱基98購01  ,0,0,0,0,0,0,0,0,0,-81000,0,0,0,4000,85000,-81000,-81000
057249,華邦電統一9A購01,0,0,0,0,0,0,0,0,0,-81000,0,0,0,0,81000,-81000,-81000
058156,超眾統一9A購02  ,0,0,0,0,0,0,0,0,0,-81000,0,0,0,2000,83000,-81000,-81000
061001,智邦兆豐9B購01  ,0,0,0,0,0,0,0,0,0,-81000,0,0,0,23000,104000,-81000,-81000
061350,牧德元大9B購03  ,0,0,0,0,0,0,0,0,0,-81000,0,0,0,36000,117000,-81000,-81000
061614,亞德客群益9A購01,0,0,0,0,0,0,0,0,0,-81000,0,0,0,114000,195000,-81000,-81000
062689,華擎統一02購01  ,0,0,0,0,0,0,0,0,0,-81000,0,0,0,7000,88000,-81000,-81000
063447,聯發科統一9B購12,0,0,0,0,0,0,0,0,0,-81000,0,0,0,31000,112000,-81000,-81000
063441,台達電統一9C購01,0,0,0,0,0,0,0,0,0,-81000,0,0,0,102000,183000,-81000,-81000
07963P,智邦統一9B售01  ,0,0,0,0,0,0,0,0,0,-82000,0,0,0,0,82000,-82000,-82000
057063,立積國泰9A購01  ,0,0,0,0,0,0,0,0,0,-82000,0,0,0,183000,265000,-82000,-82000
055541,聚陽凱基98購01  ,0,0,0,0,0,0,0,0,0,-82000,0,0,0,0,82000,-82000,-82000
054569,GIS群益98購01   ,0,0,0,0,0,0,0,0,0,-82000,0,0,0,21000,103000,-82000,-82000
059943,信邦永豐99購01  ,0,0,0,0,0,0,0,0,0,-82000,0,0,0,15000,97000,-82000,-82000
063608,力成凱基9B購03  ,0,0,0,0,0,0,0,0,0,-82000,0,0,0,67000,149000,-82000,-82000
063953,世芯元大01購01  ,0,0,0,0,0,0,0,0,0,-82000,0,0,0,4000,86000,-82000,-82000
063787,玉晶光統一01購07,0,0,0,0,0,0,0,0,0,-82000,0,0,0,24000,106000,-82000,-82000
063766,南茂元富9B購01  ,0,0,0,0,0,0,0,0,0,-82000,0,0,0,116000,198000,-82000,-82000
1514,亞力            ,109000,192000,-83000,0,0,0,0,0,0,0,0,0,0,0,0,0,-83000
2373,震旦行          ,33000,31000,2000,0,0,0,0,86000,-86000,1000,1000,0,1000,0,0,0,-83000
064402,宏碁凱基01購01  ,0,0,0,0,0,0,0,0,0,-83000,0,0,0,27000,110000,-83000,-83000
061506,瑞祺國票9A購02  ,0,0,0,0,0,0,0,0,0,-83000,0,0,0,5000,88000,-83000,-83000
059823,奇力新凱基99購07,0,0,0,0,0,0,0,0,0,-83000,0,0,0,40000,123000,-83000,-83000
064169,南電統一9C購01  ,0,0,0,0,0,0,0,0,0,-83000,0,0,0,20000,103000,-83000,-83000
063544,華新科台新9B購02,0,0,0,0,0,0,0,0,0,-83000,0,0,0,4000,87000,-83000,-83000
063491,國巨富邦02購02  ,0,0,0,0,0,0,0,0,0,-83000,0,0,0,18000,101000,-83000,-83000
063330,神達國票9C購01  ,0,0,0,0,0,0,0,0,0,-83000,0,0,0,20000,103000,-83000,-83000
063151,奇鋐元富9B購01  ,0,0,0,0,0,0,0,0,0,-83000,0,0,0,165000,248000,-83000,-83000
063269,儒鴻兆豐9C購01  ,0,0,0,0,0,0,0,0,0,-83000,0,0,0,1000,84000,-83000,-83000
064446,聚陽統一02購02  ,0,0,0,0,0,0,0,0,0,-84000,0,0,0,38000,122000,-84000,-84000
064864,金像電永豐01購01,0,0,0,0,0,0,0,0,0,-84000,0,0,0,0,84000,-84000,-84000
00641R,富邦日本反1     ,43000,43000,0,0,0,0,0,0,0,-84000,0,0,0,409000,493000,-84000,-84000
052888,台表科中信9A購01,0,0,0,0,0,0,0,0,0,-84000,0,0,0,0,84000,-84000,-84000
055745,臻鼎元富97購01  ,0,0,0,0,0,0,0,0,0,-84000,0,0,0,16000,100000,-84000,-84000
060607,玉晶光凱基9A購06,0,0,0,0,0,0,0,0,0,-84000,0,0,0,10000,94000,-84000,-84000
059507,鴻海永豐99購03  ,0,0,0,0,0,0,0,0,0,-84000,0,0,0,0,84000,-84000,-84000
059470,華新科元大99購16,0,0,0,0,0,0,0,0,0,-84000,0,0,0,0,84000,-84000,-84000
059107,南茂國泰9A購01  ,0,0,0,0,0,0,0,0,0,-84000,0,0,0,32000,116000,-84000,-84000
058238,奇鋐元大99購02  ,0,0,0,0,0,0,0,0,0,-84000,0,0,0,2000,86000,-84000,-84000
060826,牧德元大9B購02  ,0,0,0,0,0,0,0,0,0,-84000,0,0,0,40000,124000,-84000,-84000
063124,奇力新元大9B購05,0,0,0,0,0,0,0,0,0,-84000,0,0,0,33000,117000,-84000,-84000
063014,技嘉元大9B購03  ,0,0,0,0,0,0,0,0,0,-84000,0,0,0,155000,239000,-84000,-84000
062237,緯創凱基9B購01  ,0,0,0,0,0,0,0,0,0,-84000,0,0,0,67000,151000,-84000,-84000
064778,美律群益9C購01  ,0,0,0,0,0,0,0,0,0,-85000,0,0,0,0,85000,-85000,-85000
064419,鴻海兆豐9C購01  ,0,0,0,0,0,0,0,0,0,-85000,0,0,0,0,85000,-85000,-85000
064500,國泰金元大9C購01,0,0,0,0,0,0,0,0,0,-85000,0,0,0,275000,360000,-85000,-85000
07086P,力成元富9C售01  ,0,0,0,0,0,0,0,0,0,-85000,0,0,0,5000,90000,-85000,-85000
056386,TPK國泰99購01   ,0,0,0,0,0,0,0,0,0,-85000,0,0,0,37000,122000,-85000,-85000
061055,康控群益9A購01  ,0,0,0,0,0,0,0,0,0,-85000,0,0,0,26000,111000,-85000,-85000
059570,全新凱基99購04  ,0,0,0,0,0,0,0,0,0,-85000,0,0,0,0,85000,-85000,-85000
057549,台光電凱基98購05,0,0,0,0,0,0,0,0,0,-85000,0,0,0,1000,86000,-85000,-85000
060879,華新科中信9A購02,0,0,0,0,0,0,0,0,0,-85000,0,0,0,0,85000,-85000,-85000
061437,燿華凱基9A購01  ,0,0,0,0,0,0,0,0,0,-85000,0,0,0,25000,110000,-85000,-85000
061872,友達元大9C購06  ,0,0,0,0,0,0,0,0,0,-85000,0,0,0,15000,100000,-85000,-85000
061978,旺宏元大9C購01  ,0,0,0,0,0,0,0,0,0,-85000,0,0,0,6000,91000,-85000,-85000
062376,中租元大9B購02  ,0,0,0,0,0,0,0,0,0,-85000,0,0,0,95000,180000,-85000,-85000
063617,鴻海兆豐01購01  ,0,0,0,0,0,0,0,0,0,-85000,0,0,0,0,85000,-85000,-85000
063614,美食群益9B購03  ,0,0,0,0,0,0,0,0,0,-85000,0,0,0,20000,105000,-85000,-85000
064139,裕隆統一01購02  ,0,0,0,0,0,0,0,0,0,-85000,0,0,0,405000,490000,-85000,-85000
063673,GIS統一9C購02   ,0,0,0,0,0,0,0,0,0,-85000,0,0,0,43000,128000,-85000,-85000
2892,第一金          ,10574496,6984183,3590313,0,0,0,0,3688000,-3688000,12000,22000,10000,12000,0,0,0,-85687
08213P,台光電統一9B售03,0,0,0,0,0,0,0,0,0,-86000,0,0,0,274000,360000,-86000,-86000
064294,和大中信9C購01  ,0,0,0,0,0,0,0,0,0,-86000,0,0,0,85000,171000,-86000,-86000
064590,牧德永豐9C購01  ,0,0,0,0,0,0,0,0,0,-86000,0,0,0,0,86000,-86000,-86000
064712,聚陽統一02購03  ,0,0,0,0,0,0,0,0,0,-86000,0,0,0,0,86000,-86000,-86000
051382,玉晶光群益98購02,0,0,0,0,0,0,0,0,0,-86000,0,0,0,49000,135000,-86000,-86000
061043,百和永豐9A購01  ,0,0,0,0,0,0,0,0,0,-86000,0,0,0,7000,93000,-86000,-86000
056488,致新元大99購01  ,0,0,0,0,0,0,0,0,0,-86000,0,0,0,0,86000,-86000,-86000
060151,旺宏富邦9A購02  ,0,0,0,0,0,0,0,0,0,-86000,0,0,0,0,86000,-86000,-86000
060713,聯詠永豐9A購01  ,0,0,0,0,0,0,0,0,0,-86000,0,0,0,3000,89000,-86000,-86000
063665,南亞科統一01購02,0,0,0,0,0,0,0,0,0,-86000,0,0,0,138000,224000,-86000,-86000
063947,大毅元大9C購02  ,0,0,0,0,0,0,0,0,0,-86000,0,0,0,87000,173000,-86000,-86000
063860,旺宏國泰02購01  ,0,0,0,0,0,0,0,0,0,-86000,0,0,0,138000,224000,-86000,-86000
064185,裕隆永豐9C購01  ,0,0,0,0,0,0,0,0,0,-86000,0,0,0,50000,136000,-86000,-86000
064106,國巨兆豐9C購04  ,0,0,0,0,0,0,0,0,0,-86000,0,0,0,5000,91000,-86000,-86000
062983,緯穎元富9B購01  ,0,0,0,0,0,0,0,0,0,-86000,0,0,0,75000,161000,-86000,-86000
07247P,聯發科凱基9A售06,0,0,0,0,0,0,0,0,0,-87000,0,0,0,209000,296000,-87000,-87000
07560P,台積電國泰9B售01,0,0,0,0,0,0,0,0,0,-87000,0,0,0,33000,120000,-87000,-87000
08042P,臺股指群益9B售15,0,0,0,0,0,0,0,0,0,-87000,0,0,0,60000,147000,-87000,-87000
07747P,晶技凱基9A售04  ,0,0,0,0,0,0,0,0,0,-87000,0,0,0,2000,89000,-87000,-87000
1464,得力            ,103000,191000,-88000,0,0,0,0,0,0,1000,1000,0,1000,0,0,0,-87000
058802,矽創元大99購02  ,0,0,0,0,0,0,0,0,0,-87000,0,0,0,50000,137000,-87000,-87000
059872,華新科凱基01購01,0,0,0,0,0,0,0,0,0,-87000,0,0,0,67000,154000,-87000,-87000
062718,技嘉凱基9B購01  ,0,0,0,0,0,0,0,0,0,-87000,0,0,0,27000,114000,-87000,-87000
061898,茂林永豐9B購01  ,0,0,0,0,0,0,0,0,0,-87000,0,0,0,0,87000,-87000,-87000
062225,華擎統一01購01  ,0,0,0,0,0,0,0,0,0,-87000,0,0,0,0,87000,-87000,-87000
063371,南亞科永豐9B購01,0,0,0,0,0,0,0,0,0,-87000,0,0,0,0,87000,-87000,-87000
063376,神達永豐9B購01  ,0,0,0,0,0,0,0,0,0,-87000,0,0,0,0,87000,-87000,-87000
063068,聯發科國泰01購03,0,0,0,0,0,0,0,0,0,-87000,0,0,0,40000,127000,-87000,-87000
07943P,瑞昱元大9B售02  ,0,0,0,0,0,0,0,0,0,-88000,0,0,0,0,88000,-88000,-88000
064345,創意元大9C購03  ,0,0,0,0,0,0,0,0,0,-88000,0,0,0,45000,133000,-88000,-88000
055690,矽力凱基97購02  ,0,0,0,0,0,0,0,0,0,-88000,0,0,0,42000,130000,-88000,-88000
056724,臻鼎中信9A購01  ,0,0,0,0,0,0,0,0,0,-88000,0,0,0,54000,142000,-88000,-88000
060161,牧德永豐9A購02  ,0,0,0,0,0,0,0,0,0,-88000,0,0,0,3000,91000,-88000,-88000
059452,全新永豐99購03  ,0,0,0,0,0,0,0,0,0,-88000,0,0,0,0,88000,-88000,-88000
057738,旺宏富邦9A購01  ,0,0,0,0,0,0,0,0,0,-88000,0,0,0,32000,120000,-88000,-88000
061259,台積電凱基9A購21,0,0,0,0,0,0,0,0,0,-88000,0,0,0,4000,92000,-88000,-88000
061291,玉晶光統一01購05,0,0,0,0,0,0,0,0,0,-88000,0,0,0,2000,90000,-88000,-88000
060881,玉山金中信02購01,0,0,0,0,0,0,0,0,0,-88000,0,0,0,45000,133000,-88000,-88000
063036,聯發科凱基9B購11,0,0,0,0,0,0,0,0,0,-88000,0,0,0,45000,133000,-88000,-88000
063404,金像電國票9B購01,0,0,0,0,0,0,0,0,0,-88000,0,0,0,0,88000,-88000,-88000
063576,台表科元大9B購08,0,0,0,0,0,0,0,0,0,-88000,0,0,0,0,88000,-88000,-88000
064141,國巨統一01購08  ,0,0,0,0,0,0,0,0,0,-88000,0,0,0,147000,235000,-88000,-88000
064033,茂林元大9C購02  ,0,0,0,0,0,0,0,0,0,-88000,0,0,0,5000,93000,-88000,-88000
062188,貿聯元大9B購02  ,0,0,0,0,0,0,0,0,0,-88000,0,0,0,0,88000,-88000,-88000
061587,美律富邦9A購02  ,0,0,0,0,0,0,0,0,0,-88000,0,0,0,10000,98000,-88000,-88000
061977,國巨元大9B購02  ,0,0,0,0,0,0,0,0,0,-88000,0,0,0,2000,90000,-88000,-88000
062712,晶技麥證9B購02  ,0,0,0,0,88000,-88000,0,0,0,-88000,0,0,0,0,88000,-88000,-88000
062940,華新科凱基9C購02,0,0,0,0,0,0,0,0,0,-88000,0,0,0,3000,91000,-88000,-88000
062886,中興電群益9B購01,0,0,0,0,0,0,0,0,0,-88000,0,0,0,113000,201000,-88000,-88000
062494,中石化中信9C購01,0,0,0,0,0,0,0,0,0,-88000,0,0,0,0,88000,-88000,-88000
06705P,臻鼎元富98售03  ,0,0,0,0,0,0,0,0,0,-89000,0,0,0,239000,328000,-89000,-89000
057136,立積凱基98購02  ,0,0,0,0,0,0,0,0,0,-89000,0,0,0,122000,211000,-89000,-89000
057364,國巨元大98購18  ,0,0,0,0,0,0,0,0,0,-89000,0,0,0,2000,91000,-89000,-89000
059985,華新科元大99購22,0,0,0,0,0,0,0,0,0,-89000,0,0,0,24000,113000,-89000,-89000
060014,中鋼康和99購01  ,0,0,0,0,0,0,0,0,0,-89000,0,0,0,0,89000,-89000,-89000
059037,宏達電群益99購02,0,0,0,0,0,0,0,0,0,-89000,0,0,0,137000,226000,-89000,-89000
061708,同欣電國票9A購02,20000,0,20000,0,0,0,0,0,0,-109000,0,0,0,16000,125000,-109000,-89000
061005,可成兆豐9A購01  ,0,0,0,0,0,0,0,0,0,-89000,0,0,0,20000,109000,-89000,-89000
060709,緯穎富邦9B購01  ,0,0,0,0,0,0,0,0,0,-89000,0,0,0,132000,221000,-89000,-89000
062428,超眾統一9B購01  ,0,0,0,0,0,0,0,0,0,-89000,0,0,0,0,89000,-89000,-89000
062436,國巨元大9B購14  ,0,0,0,0,0,0,0,0,0,-89000,0,0,0,6000,95000,-89000,-89000
062374,茂林元大9B購03  ,0,0,0,0,0,0,0,0,0,-89000,0,0,0,2000,91000,-89000,-89000
062970,智邦元富9B購01  ,0,0,0,0,0,0,0,0,0,-89000,0,0,0,29000,118000,-89000,-89000
062729,神達凱基9B購02  ,0,0,0,0,0,0,0,0,0,-89000,0,0,0,99000,188000,-89000,-89000
062811,鴻海兆豐9B購01  ,0,0,0,0,0,0,0,0,0,-89000,0,0,0,0,89000,-89000,-89000
07134P,臺股指元大9A售28,0,0,0,0,0,0,0,0,0,-90000,0,0,0,0,90000,-90000,-90000
07130P,台郡元大9B售01  ,0,0,0,0,0,0,0,0,0,-90000,0,0,0,10000,100000,-90000,-90000
064275,台光電元大9C購03,0,0,0,0,0,0,0,0,0,-90000,0,0,0,71000,161000,-90000,-90000
064533,技嘉國票01購01  ,0,0,0,0,0,0,0,0,0,-90000,0,0,0,36000,126000,-90000,-90000
064521,群創群益02購01  ,0,0,0,0,0,0,0,0,0,-90000,0,0,0,0,90000,-90000,-90000
064528,國巨中信02購01  ,0,0,0,0,0,0,0,0,0,-90000,0,0,0,2000,92000,-90000,-90000
064801,鴻海元大9C購13  ,0,0,0,0,0,0,0,0,0,-90000,0,0,0,0,90000,-90000,-90000
064883,GIS兆豐01購01   ,0,0,0,0,0,0,0,0,0,-90000,0,0,0,0,90000,-90000,-90000
06491P,台積電富邦99售02,0,0,0,0,0,0,0,0,0,-90000,0,0,0,0,90000,-90000,-90000
07713P,台郡元大9A售03  ,0,0,0,0,0,0,0,0,0,-90000,0,0,0,30000,120000,-90000,-90000
07703P,玉晶光中信9B售03,0,0,0,0,0,0,0,0,0,-90000,0,0,0,0,90000,-90000,-90000
057508,康控國票99購03  ,0,0,0,0,0,0,0,0,0,-90000,0,0,0,0,90000,-90000,-90000
057051,群創元大9B購03  ,0,0,0,0,0,0,0,0,0,-90000,0,0,0,0,90000,-90000,-90000
055667,致茂群益98購01  ,0,0,0,0,0,0,0,0,0,-90000,0,0,0,0,90000,-90000,-90000
056543,京鼎凱基98購01  ,0,0,0,0,0,0,0,0,0,-90000,0,0,0,0,90000,-90000,-90000
056578,智易元大99購02  ,0,0,0,0,0,0,0,0,0,-90000,0,0,0,0,90000,-90000,-90000
053569,漢唐統一98購01  ,0,0,0,0,0,0,0,0,0,-90000,0,0,0,233000,323000,-90000,-90000
053331,玉晶光永豐97購02,0,0,0,0,0,0,0,0,0,-90000,0,0,0,10000,100000,-90000,-90000
052695,台表科中信98購01,0,0,0,0,0,0,0,0,0,-90000,0,0,0,0,90000,-90000,-90000
059646,聯茂凱基99購06  ,0,0,0,0,0,0,0,0,0,-90000,0,0,0,82000,172000,-90000,-90000
059530,華新科凱基9A購05,0,0,0,0,0,0,0,0,0,-90000,0,0,0,81000,171000,-90000,-90000
059168,奇力新凱基99購05,0,0,0,0,0,0,0,0,0,-90000,0,0,0,10000,100000,-90000,-90000
060208,卜蜂康和9A購01  ,0,0,0,0,0,0,0,0,0,-90000,0,0,0,32000,122000,-90000,-90000
057823,神達元大98購01  ,0,0,0,0,0,0,0,0,0,-90000,0,0,0,0,90000,-90000,-90000
059878,聯茂凱基99購07  ,0,0,0,0,0,0,0,0,0,-90000,0,0,0,103000,193000,-90000,-90000
060990,新光金元大9B購03,0,0,0,0,0,0,0,0,0,-90000,0,0,0,0,90000,-90000,-90000
058200,世芯康和99購01  ,0,20000,-20000,0,0,0,0,0,0,-70000,0,0,0,192000,262000,-70000,-90000
058987,華新科凱基9B購01,0,0,0,0,0,0,0,0,0,-90000,0,0,0,0,90000,-90000,-90000
058964,群創兆豐99購01  ,0,0,0,0,0,0,0,0,0,-90000,0,0,0,0,90000,-90000,-90000
060470,台勝科元大9A購03,0,0,0,0,0,0,0,0,0,-90000,0,0,0,50000,140000,-90000,-90000
063998,聯發科兆豐9C購02,0,0,0,0,0,0,0,0,0,-90000,0,0,0,130000,220000,-90000,-90000
063570,嘉晶元大9C購02  ,0,0,0,0,0,0,0,0,0,-90000,0,0,0,37000,127000,-90000,-90000
063260,信邦富邦9B購01  ,0,0,0,0,0,0,0,0,0,-90000,0,0,0,10000,100000,-90000,-90000
2022,聚亨            ,65000,91000,-26000,0,0,0,0,0,0,-65000,0,65000,-65000,0,0,0,-91000
064800,鴻海元大9C購12  ,0,0,0,0,0,0,0,0,0,-91000,0,0,0,0,91000,-91000,-91000
064605,GIS元富9C購01   ,0,0,0,0,0,0,0,0,0,-91000,0,0,0,94000,185000,-91000,-91000
056219,T50反1日盛02購01,0,0,0,0,0,0,0,0,0,-91000,0,0,0,0,91000,-91000,-91000
061268,玉晶光凱基9B購04,0,0,0,0,0,0,0,0,0,-91000,0,0,0,10000,101000,-91000,-91000
059728,聯鈞元大99購01  ,0,0,0,0,0,0,0,0,0,-91000,0,0,0,50000,141000,-91000,-91000
063020,奇力新元大9B購04,0,0,0,0,0,0,0,0,0,-91000,0,0,0,2000,93000,-91000,-91000
063377,泰鼎永豐9B購03  ,0,0,0,0,0,0,0,0,0,-91000,0,0,0,68000,159000,-91000,-91000
063981,貿聯兆豐9C購01  ,0,0,0,0,0,0,0,0,0,-91000,0,0,0,0,91000,-91000,-91000
063967,華新科國票01購01,0,0,0,0,0,0,0,0,0,-91000,0,0,0,2000,93000,-91000,-91000
064142,國巨統一9C購13  ,0,0,0,0,0,0,0,0,0,-91000,0,0,0,96000,187000,-91000,-91000
063826,中興電國票01購01,0,0,0,0,0,0,0,0,0,-91000,0,0,0,35000,126000,-91000,-91000
061600,聯電凱基9B購01  ,0,0,0,0,0,0,0,0,0,-91000,0,0,0,56000,147000,-91000,-91000
061881,緯穎元大9B購02  ,0,0,0,0,0,0,0,0,0,-91000,0,0,0,67000,158000,-91000,-91000
061937,聯發科國票9B購02,0,0,0,0,0,0,0,0,0,-91000,0,0,0,69000,160000,-91000,-91000
6558,興能高          ,383000,474000,-91000,0,0,0,0,0,0,0,1000,1000,0,0,0,0,-91000
1733,五鼎            ,96000,188000,-92000,0,0,0,0,0,0,0,0,0,0,0,0,0,-92000
055657,超眾元富97購02  ,0,0,0,0,0,0,0,0,0,-92000,0,0,0,0,92000,-92000,-92000
056651,聯茂凱基98購04  ,0,0,0,0,0,0,0,0,0,-92000,0,0,0,10000,102000,-92000,-92000
060252,緯穎元大9A購02  ,0,0,0,0,0,0,0,0,0,-92000,0,0,0,58000,150000,-92000,-92000
059061,晶技凱基9A購01  ,0,0,0,0,0,0,0,0,0,-92000,0,0,0,92000,184000,-92000,-92000
058897,國巨元大99購17  ,0,0,0,0,0,0,0,0,0,-92000,0,0,0,52000,144000,-92000,-92000
061019,大毅國票9A購01  ,0,0,0,0,0,0,0,0,0,-92000,0,0,0,16000,108000,-92000,-92000
058315,TPK富邦9C購01   ,0,0,0,0,0,0,0,0,0,-92000,0,0,0,8000,100000,-92000,-92000
062587,國巨統一9B購13  ,0,0,0,0,0,0,0,0,0,-92000,0,0,0,0,92000,-92000,-92000
063841,國巨元大01購01  ,0,0,0,0,0,0,0,0,0,-92000,0,0,0,55000,147000,-92000,-92000
063569,美食元大9B購03  ,0,0,0,0,0,0,0,0,0,-92000,0,0,0,15000,107000,-92000,-92000
063228,聯茂群益9B購01  ,0,0,0,0,0,0,0,0,0,-92000,0,0,0,8000,100000,-92000,-92000
07218P,臺股指凱基99售31,0,0,0,0,0,0,0,0,0,-93000,0,0,0,651000,744000,-93000,-93000
057602,聯茂群益98購02  ,0,0,0,0,0,0,0,0,0,-93000,0,0,0,49000,142000,-93000,-93000
057665,技嘉元大99購01  ,0,0,0,0,0,0,0,0,0,-93000,0,0,0,23000,116000,-93000,-93000
054819,裕民元大9A購01  ,0,0,0,0,0,0,0,0,0,-93000,0,0,0,126000,219000,-93000,-93000
00642U,元大S&P石油     ,2000,6000,-4000,0,0,0,0,0,0,-89000,0,0,0,84000,173000,-89000,-93000
056430,鴻海凱基98購06  ,0,0,0,0,0,0,0,0,0,-93000,0,0,0,27000,120000,-93000,-93000
057490,可成元大98購10  ,0,0,0,0,0,0,0,0,0,-93000,0,0,0,20000,113000,-93000,-93000
058532,禾伸堂元富99購01,0,0,0,0,0,0,0,0,0,-93000,0,0,0,37000,130000,-93000,-93000
059618,台積電日盛99購01,0,0,0,0,0,0,0,0,0,-93000,0,0,0,120000,213000,-93000,-93000
058637,晶技兆豐99購01  ,0,0,0,0,0,0,0,0,0,-93000,0,0,0,10000,103000,-93000,-93000
058242,玉晶光元大9A購01,0,0,0,0,0,0,0,0,0,-93000,0,0,0,41000,134000,-93000,-93000
058722,台郡元富99購01  ,0,0,0,0,0,0,0,0,0,-93000,0,0,0,85000,178000,-93000,-93000
058796,可成元大99購04  ,0,0,0,0,0,0,0,0,0,-93000,0,0,0,0,93000,-93000,-93000
063952,玉晶光元大01購01,0,0,0,0,0,0,0,0,0,-93000,0,0,0,110000,203000,-93000,-93000
064148,瑞昱統一02購01  ,0,0,0,0,0,0,0,0,0,-93000,0,0,0,6000,99000,-93000,-93000
061604,台光電凱基9B購01,0,0,0,0,0,0,0,0,0,-93000,0,0,0,105000,198000,-93000,-93000
061985,富邦金元大9B購01,0,0,0,0,0,0,0,0,0,-93000,0,0,0,190000,283000,-93000,-93000
07048P,台積電中信03售01,0,0,0,0,0,0,0,0,0,-94000,0,0,0,16000,110000,-94000,-94000
064701,巨大群益9C購02  ,0,0,0,0,0,0,0,0,0,-94000,0,0,0,0,94000,-94000,-94000
064764,聯茂凱基01購01  ,0,0,0,0,0,0,0,0,0,-94000,0,0,0,76000,170000,-94000,-94000
057366,智邦元大98購08  ,0,0,0,0,0,0,0,0,0,-94000,0,0,0,27000,121000,-94000,-94000
056166,微星台新97購01  ,0,0,0,0,0,0,0,0,0,-94000,0,0,0,0,94000,-94000,-94000
060644,泰鼎永豐9A購02  ,0,0,0,0,0,0,0,0,0,-94000,0,0,0,42000,136000,-94000,-94000
059120,致伸永豐99購01  ,0,0,0,0,0,0,0,0,0,-94000,0,0,0,1000,95000,-94000,-94000
059291,華新科元富9B購01,0,0,0,0,0,0,0,0,0,-94000,0,0,0,0,94000,-94000,-94000
060777,茂林凱基9C購01  ,0,0,0,0,0,0,0,0,0,-94000,0,0,0,2000,96000,-94000,-94000
061196,世芯永豐9A購06  ,0,0,0,0,0,0,0,0,0,-94000,0,0,0,61000,155000,-94000,-94000
061290,玉晶光統一01購04,0,0,0,0,0,0,0,0,0,-94000,0,0,0,80000,174000,-94000,-94000
060835,亞德客國票9A購01,0,0,0,0,0,0,0,0,0,-94000,0,0,0,86000,180000,-94000,-94000
062488,台光電永豐9B購02,0,0,0,0,0,0,0,0,0,-94000,0,0,0,10000,104000,-94000,-94000
064025,友達元大02購01  ,0,0,0,0,0,0,0,0,0,-94000,0,0,0,6000,100000,-94000,-94000
063282,奇力新元大9B購06,0,0,0,0,0,0,0,0,0,-94000,0,0,0,0,94000,-94000,-94000
6197,佳必琪          ,58000,154000,-96000,0,0,0,0,0,0,2000,2000,0,2000,0,0,0,-94000
8249,菱光            ,74000,173000,-99000,0,0,0,0,0,0,5000,5000,0,5000,0,0,0,-94000
064838,旭富統一01購01  ,0,0,0,0,0,0,0,0,0,-95000,0,0,0,38000,133000,-95000,-95000
064725,緯創統一02購01  ,0,0,0,0,0,0,0,0,0,-95000,0,0,0,64000,159000,-95000,-95000
2607,榮運            ,170000,265000,-95000,0,0,0,0,0,0,0,0,0,0,0,0,0,-95000
056534,京元電凱基98購01,0,0,0,0,0,0,0,0,0,-95000,0,0,0,4000,99000,-95000,-95000
055527,旺宏群益99購03  ,0,0,0,0,0,0,0,0,0,-95000,0,0,0,154000,249000,-95000,-95000
057553,景碩凱基98購03  ,0,0,0,0,0,0,0,0,0,-95000,0,0,0,53000,148000,-95000,-95000
054154,智易國泰97購01  ,0,0,0,0,0,0,0,0,0,-95000,0,0,0,0,95000,-95000,-95000
055036,中工富邦9B購01  ,0,0,0,0,0,0,0,0,0,-95000,0,0,0,0,95000,-95000,-95000
053889,致茂群益97購01  ,0,0,0,0,0,0,0,0,0,-95000,0,0,0,0,95000,-95000,-95000
053932,華新科統一96購03,0,0,0,0,0,0,0,0,0,-95000,0,0,0,5000,100000,-95000,-95000
061234,國巨元大9A購18  ,0,0,0,0,0,0,0,0,0,-95000,0,0,0,29000,124000,-95000,-95000
060155,友訊永豐9A購01  ,0,0,0,0,0,0,0,0,0,-95000,0,0,0,57000,152000,-95000,-95000
057852,國巨國票99購05  ,0,0,0,0,0,0,0,0,0,-95000,0,0,0,20000,115000,-95000,-95000
060524,國巨中信9A購03  ,0,0,0,0,0,0,0,0,0,-95000,0,0,0,15000,110000,-95000,-95000
060546,旺宏凱基9A購02  ,0,0,0,0,0,0,0,0,0,-95000,0,0,0,48000,143000,-95000,-95000
060704,台積電富邦01購01,0,0,0,0,0,0,0,0,0,-95000,0,0,0,0,95000,-95000,-95000
064046,聯發科統一9C購12,0,0,0,0,0,0,0,0,0,-95000,0,0,0,113000,208000,-95000,-95000
062688,華擎統一01購03  ,0,0,0,0,0,0,0,0,0,-95000,0,0,0,0,95000,-95000,-95000
07855P,旺宏凱基9A售09  ,0,0,0,0,0,0,0,0,0,-96000,0,0,0,0,96000,-96000,-96000
064247,廣達元富9C購01  ,0,0,0,0,0,0,0,0,0,-96000,0,0,0,0,96000,-96000,-96000
054210,台光電國票97購03,0,0,0,0,0,0,0,0,0,-96000,0,0,0,0,96000,-96000,-96000
056150,台光電凱基98購02,0,0,0,0,0,0,0,0,0,-96000,0,0,0,5000,101000,-96000,-96000
056518,美律國票99購01  ,0,0,0,0,0,0,0,0,0,-96000,0,0,0,38000,134000,-96000,-96000
056404,嘉聯益群益9A購01,0,0,0,0,0,0,0,0,0,-96000,0,0,0,2000,98000,-96000,-96000
057134,茂林凱基98購02  ,0,0,0,0,0,0,0,0,0,-96000,0,0,0,0,96000,-96000,-96000
057206,立積元富98購01  ,0,0,0,0,0,0,0,0,0,-96000,0,0,0,251000,347000,-96000,-96000
058369,亞光凱基99購02  ,0,0,0,0,0,0,0,0,0,-96000,0,0,0,0,96000,-96000,-96000
061204,國巨元大9A購16  ,0,0,0,0,0,0,0,0,0,-96000,0,0,0,27000,123000,-96000,-96000
058911,茂林元大99購04  ,0,0,0,0,0,0,0,0,0,-96000,0,0,0,55000,151000,-96000,-96000
057961,茂林元大9A購01  ,0,0,0,0,0,0,0,0,0,-96000,0,0,0,157000,253000,-96000,-96000
058973,麗豐永豐99購01  ,0,0,0,0,0,0,0,0,0,-96000,0,0,0,0,96000,-96000,-96000
060922,金像電永豐9A購01,0,0,0,0,0,0,0,0,0,-96000,0,0,0,34000,130000,-96000,-96000
060960,金像電凱基9B購01,0,0,0,0,0,0,0,0,0,-96000,0,0,0,3000,99000,-96000,-96000
064098,正崴群益9C購01  ,0,0,0,0,0,0,0,0,0,-96000,0,0,0,47000,143000,-96000,-96000
063170,智邦第一9B購01  ,0,0,0,0,0,0,0,0,0,-96000,0,0,0,5000,101000,-96000,-96000
057087,台郡統一99購01  ,0,0,0,0,0,0,0,0,0,-97000,0,0,0,0,97000,-97000,-97000
057368,微星元大98購02  ,0,0,0,0,0,0,0,0,0,-97000,0,0,0,0,97000,-97000,-97000
055525,國巨群益98購05  ,0,0,0,0,0,0,0,0,0,-97000,0,0,0,0,97000,-97000,-97000
056791,嘉聯益群益98購01,0,0,0,0,0,0,0,0,0,-97000,0,0,0,0,97000,-97000,-97000
055433,嘉聯益群益99購01,0,0,0,0,0,0,0,0,0,-97000,0,0,0,0,97000,-97000,-97000
057663,國巨元大99購08  ,0,0,0,0,0,0,0,0,0,-97000,0,0,0,3000,100000,-97000,-97000
058297,茂林凱基9A購02  ,0,0,0,0,0,0,0,0,0,-97000,0,0,0,50000,147000,-97000,-97000
063261,康控富邦03購01  ,0,0,0,0,0,0,0,0,0,-97000,0,0,0,10000,107000,-97000,-97000
063526,台光電凱基9B購04,0,0,0,0,0,0,0,0,0,-97000,0,0,0,0,97000,-97000,-97000
063510,台表科群益9C購01,0,0,0,0,0,0,0,0,0,-97000,0,0,0,18000,115000,-97000,-97000
063901,緯穎群益9C購01  ,0,0,0,0,0,0,0,0,0,-97000,0,0,0,19000,116000,-97000,-97000
062005,旺宏國泰01購01  ,0,0,0,0,0,0,0,0,0,-97000,0,0,0,155000,252000,-97000,-97000
062034,同欣電群益9B購01,0,0,0,0,0,0,0,0,0,-97000,0,0,0,1000,98000,-97000,-97000
06192P,高股息中信98售01,0,0,0,0,0,0,0,0,0,-97000,0,0,0,44000,141000,-97000,-97000
8271,宇瞻            ,97000,180000,-83000,0,0,0,0,0,0,-14000,0,14000,-14000,0,0,0,-97000
064766,矽創凱基9C購01  ,0,0,0,0,0,0,0,0,0,-98000,0,0,0,41000,139000,-98000,-98000
054872,瀚宇博群益98購01,0,0,0,0,0,0,0,0,0,-98000,0,0,0,0,98000,-98000,-98000
056823,智伸科永豐98購01,0,0,0,0,0,0,0,0,0,-98000,0,0,0,26000,124000,-98000,-98000
056020,義隆群益97購01  ,0,0,0,0,0,0,0,0,0,-98000,0,0,0,1000,99000,-98000,-98000
057240,茂林凱基9A購01  ,0,0,0,0,0,0,0,0,0,-98000,0,0,0,14000,112000,-98000,-98000
058577,南亞科群益99購02,0,0,0,0,0,0,0,0,0,-98000,0,0,0,0,98000,-98000,-98000
061155,華新科群益9A購06,0,0,0,0,0,0,0,0,0,-98000,0,0,0,0,98000,-98000,-98000
058112,神達元富98購01  ,0,0,0,0,0,0,0,0,0,-98000,0,0,0,0,98000,-98000,-98000
058338,康友元富99購01  ,0,0,0,0,0,0,0,0,0,-98000,0,0,0,2000,100000,-98000,-98000
058677,矽格群益99購01  ,0,0,0,0,0,0,0,0,0,-98000,0,0,0,0,98000,-98000,-98000
060624,玉晶光元大9C購02,0,0,0,0,0,0,0,0,0,-98000,0,0,0,14000,112000,-98000,-98000
059713,滬深2X元大9C購04,0,0,0,0,0,0,0,0,0,-98000,0,0,0,2000,100000,-98000,-98000
059274,國巨元大99購22  ,0,0,0,0,0,0,0,0,0,-98000,0,0,0,12000,110000,-98000,-98000
059076,FBVIX元大99購04 ,0,0,0,0,0,0,0,0,0,-98000,0,0,0,22000,120000,-98000,-98000
061626,超眾群益9A購02  ,0,0,0,0,0,0,0,0,0,-98000,0,0,0,0,98000,-98000,-98000
062902,智邦元大9B購07  ,0,0,0,0,0,0,0,0,0,-98000,0,0,0,19000,117000,-98000,-98000
063591,麗豐永豐9B購02  ,0,0,0,0,0,0,0,0,0,-98000,0,0,0,38000,136000,-98000,-98000
063332,矽格國票9B購01  ,0,0,0,0,0,0,0,0,0,-98000,0,0,0,19000,117000,-98000,-98000
064445,聚陽統一02購01  ,0,0,0,0,0,0,0,0,0,-99000,0,0,0,0,99000,-99000,-99000
058523,聯茂元大99購08  ,0,0,0,0,0,0,0,0,0,-99000,0,0,0,28000,127000,-99000,-99000
058892,元油2X元大9C購08,0,0,0,0,0,0,0,0,0,-99000,0,0,0,1000,100000,-99000,-99000
059164,旺宏凱基99購06  ,0,0,0,0,0,0,0,0,0,-99000,0,0,0,41000,140000,-99000,-99000
061346,玉晶光元大9B購03,0,0,0,0,0,0,0,0,0,-99000,0,0,0,75000,174000,-99000,-99000
058901,美律元大99購07  ,0,0,0,0,0,0,0,0,0,-99000,0,0,0,1000,100000,-99000,-99000
063234,國巨元大9C購03  ,0,0,0,0,0,0,0,0,0,-99000,0,0,0,1000,100000,-99000,-99000
062040,玉晶光凱基01購01,0,0,0,0,0,0,0,0,0,-99000,0,0,0,40000,139000,-99000,-99000
064569,群創群益9C購01  ,0,0,0,0,0,0,0,0,0,-100000,0,0,0,0,100000,-100000,-100000
064403,正崴凱基01購01  ,0,0,0,0,0,0,0,0,0,-100000,0,0,0,8000,108000,-100000,-100000
064404,奇力新凱基02購01,0,0,0,0,0,0,0,0,0,-100000,0,0,0,43000,143000,-100000,-100000
064798,道瓊反元大9C購04,0,0,0,0,0,0,0,0,0,-100000,0,0,0,0,100000,-100000,-100000
064829,義隆統一01購02  ,0,0,0,0,0,0,0,0,0,-100000,0,0,0,0,100000,-100000,-100000
06483P,聯發科凱基98售10,0,0,0,0,0,0,0,0,0,-100000,0,0,0,0,100000,-100000,-100000
064885,T50反1中信04購01,0,0,0,0,0,0,0,0,0,-100000,0,0,0,0,100000,-100000,-100000
064880,神達兆豐9C購01  ,0,0,0,0,0,0,0,0,0,-100000,0,0,0,0,100000,-100000,-100000
064978,群創元大9C購07  ,0,0,0,0,0,0,0,0,0,-100000,0,0,0,0,100000,-100000,-100000
064984,同欣電元大9C購06,0,0,0,0,0,0,0,0,0,-100000,0,0,0,0,100000,-100000,-100000
064624,群創元大02購01  ,0,0,0,0,0,0,0,0,0,-100000,0,0,0,14000,114000,-100000,-100000
064638,儒鴻凱基9C購03  ,0,0,0,0,0,0,0,0,0,-100000,0,0,0,0,100000,-100000,-100000
07150P,和碩元大99售01  ,0,0,0,0,0,0,0,0,0,-100000,0,0,0,0,100000,-100000,-100000
07146P,瑞昱元大99售02  ,0,0,0,0,0,0,0,0,0,-100000,0,0,0,36000,136000,-100000,-100000
06620P,聯發科元大98售07,0,0,0,0,0,0,0,0,0,-100000,0,0,0,0,100000,-100000,-100000
07706P,長榮航元大9A售03,0,0,0,0,0,0,0,0,0,-100000,0,0,0,0,100000,-100000,-100000
07695P,台郡元大9A售02  ,0,0,0,0,0,0,0,0,0,-100000,0,0,0,0,100000,-100000,-100000
07803P,南亞科永豐9A售02,0,0,0,0,0,0,0,0,0,-100000,0,0,0,0,100000,-100000,-100000
08179P,華新科元大9B售13,0,0,0,0,0,0,0,0,0,-100000,0,0,0,90000,190000,-100000,-100000
08295P,長榮航元大9C售01,0,0,0,0,0,0,0,0,0,-100000,0,0,0,0,100000,-100000,-100000
08428P,GIS國票01售01   ,0,0,0,0,0,0,0,0,0,-100000,0,0,0,0,100000,-100000,-100000
08461P,長榮航國票9C售01,0,0,0,0,0,0,0,0,0,-100000,0,0,0,0,100000,-100000,-100000
058503,鴻海元大99購14  ,0,0,0,0,0,0,0,0,0,-100000,0,0,0,0,100000,-100000,-100000
061095,台積電台新9B購03,0,0,0,0,0,0,0,0,0,-100000,0,0,0,1000,101000,-100000,-100000
057242,台郡凱基98購05  ,0,0,0,0,0,0,0,0,0,-100000,0,0,0,5000,105000,-100000,-100000
057110,立積群益98購01  ,0,0,0,0,0,0,0,0,0,-100000,0,0,0,0,100000,-100000,-100000
057486,美律元大98購04  ,0,0,0,0,0,0,0,0,0,-100000,0,0,0,0,100000,-100000,-100000
057404,貿聯群益99購01  ,0,0,0,0,0,0,0,0,0,-100000,0,0,0,0,100000,-100000,-100000
056998,麗豐康和98購01  ,0,0,0,0,0,0,0,0,0,-100000,0,0,0,0,100000,-100000,-100000
056803,群創台新99購02  ,0,0,0,0,0,0,0,0,0,-100000,0,0,0,0,100000,-100000,-100000
055583,國巨元大97購10  ,0,0,0,0,0,0,0,0,0,-100000,0,0,0,0,100000,-100000,-100000
056617,美律永豐98購01  ,0,0,0,0,0,0,0,0,0,-100000,0,0,0,0,100000,-100000,-100000
054642,訊芯中信9A購01  ,0,0,0,0,0,0,0,0,0,-100000,0,0,0,0,100000,-100000,-100000
057671,群創元大9B購06  ,0,0,0,0,0,0,0,0,0,-100000,0,0,0,0,100000,-100000,-100000
053584,友達元大9B購02  ,0,0,0,0,0,0,0,0,0,-100000,0,0,0,0,100000,-100000,-100000
054342,亞光元富99購01  ,0,0,0,0,0,0,0,0,0,-100000,0,0,0,0,100000,-100000,-100000
055317,金寶國票98購01  ,0,0,0,0,0,0,0,0,0,-100000,0,0,0,0,100000,-100000,-100000
055291,京鼎元大97購02  ,0,0,0,0,0,0,0,0,0,-100000,0,0,0,0,100000,-100000,-100000
058924,晶相光元富99購02,0,0,0,0,0,0,0,0,0,-100000,0,0,0,0,100000,-100000,-100000
059051,和大凱基9A購01  ,0,0,0,0,0,0,0,0,0,-100000,0,0,0,22000,122000,-100000,-100000
058985,可成凱基99購03  ,0,0,0,0,0,0,0,0,0,-100000,0,0,0,26000,126000,-100000,-100000
058048,群創元大9B購07  ,0,0,0,0,0,0,0,0,0,-100000,0,0,0,0,100000,-100000,-100000
061320,奇力新凱基9A購04,0,0,0,0,0,0,0,0,0,-100000,0,0,0,0,100000,-100000,-100000
061766,華新科元大9B購02,0,0,0,0,0,0,0,0,0,-100000,0,0,0,0,100000,-100000,-100000
058185,國巨永豐99購01  ,0,0,0,0,0,0,0,0,0,-100000,0,0,0,0,100000,-100000,-100000
059183,T50反1台新03購02,0,0,0,0,0,0,0,0,0,-100000,0,0,0,0,100000,-100000,-100000
059292,華新科元富9B購02,0,0,0,0,0,0,0,0,0,-100000,0,0,0,6000,106000,-100000,-100000
059338,滬深2X凱基9C購02,0,0,0,0,0,0,0,0,0,-100000,0,0,0,0,100000,-100000,-100000
059517,茂林永豐99購02  ,0,0,0,0,0,0,0,0,0,-100000,0,0,0,0,100000,-100000,-100000
059469,智邦元大99購03  ,0,0,0,0,0,0,0,0,0,-100000,0,0,0,12000,112000,-100000,-100000
057839,台積電富邦9A購02,0,0,0,0,0,0,0,0,0,-100000,0,0,0,0,100000,-100000,-100000
059938,凱美永豐99購01  ,0,0,0,0,0,0,0,0,0,-100000,0,0,0,48000,148000,-100000,-100000
058729,國巨永豐99購03  ,0,0,0,0,0,0,0,0,0,-100000,0,0,0,2000,102000,-100000,-100000
062043,牧德凱基9B購04  ,0,0,0,0,0,0,0,0,0,-100000,0,0,0,0,100000,-100000,-100000
062951,鴻海永豐9B購02  ,0,0,0,0,0,0,0,0,0,-100000,0,0,0,0,100000,-100000,-100000
062441,華新科元大9C購01,0,0,0,0,0,0,0,0,0,-100000,0,0,0,50000,150000,-100000,-100000
062410,台積電第一9B購02,0,0,0,0,0,0,0,0,0,-100000,0,0,0,120000,220000,-100000,-100000
063350,台表科統一02購02,0,0,0,0,0,0,0,0,0,-100000,0,0,0,0,100000,-100000,-100000
063417,金像電凱基9B購03,0,0,0,0,0,0,0,0,0,-100000,0,0,0,50000,150000,-100000,-100000
063618,智邦兆豐9C購01  ,0,0,0,0,0,0,0,0,0,-100000,0,0,0,22000,122000,-100000,-100000
063661,聚陽統一9C購02  ,0,0,0,0,0,0,0,0,0,-100000,0,0,0,136000,236000,-100000,-100000
063693,智易永豐9B購02  ,0,0,0,0,0,0,0,0,0,-100000,0,0,0,0,100000,-100000,-100000
063772,智邦富邦9B購02  ,0,0,0,0,0,0,0,0,0,-100000,0,0,0,0,100000,-100000,-100000
064105,南茂群益9C購01  ,0,0,0,0,0,0,0,0,0,-100000,0,0,0,48000,148000,-100000,-100000
08118P,嘉澤元富9B售02  ,0,0,0,0,0,0,0,0,0,-101000,0,0,0,6000,107000,-101000,-101000
07210P,智邦凱基99售03  ,0,0,0,0,0,0,0,0,0,-101000,0,0,0,0,101000,-101000,-101000
064641,神隆凱基9C購01  ,0,0,0,0,0,0,0,0,0,-101000,0,0,0,455000,556000,-101000,-101000
064642,裕隆凱基9C購01  ,0,0,0,0,0,0,0,0,0,-101000,0,0,0,0,101000,-101000,-101000
064855,聯發科國泰02購01,0,0,0,0,0,0,0,0,0,-101000,0,0,0,1000,102000,-101000,-101000
045842,T50反1台新98購01,0,0,0,0,0,0,0,0,0,-101000,0,0,0,0,101000,-101000,-101000
03679C,臺股指元大04牛04,0,0,0,0,0,0,0,0,0,-101000,0,0,0,0,101000,-101000,-101000
056155,嘉晶凱基97購01  ,0,0,0,0,0,0,0,0,0,-101000,0,0,0,124000,225000,-101000,-101000
059531,華新科凱基9B購02,0,0,0,0,0,0,0,0,0,-101000,0,0,0,25000,126000,-101000,-101000
059350,樺漢凱基9A購01  ,0,0,0,0,0,0,0,0,0,-101000,0,0,0,65000,166000,-101000,-101000
060911,大毅元大9A購01  ,0,0,0,0,0,0,0,0,0,-101000,0,0,0,2000,103000,-101000,-101000
063239,建準元大9B購01  ,0,0,0,0,0,0,0,0,0,-101000,0,0,0,112000,213000,-101000,-101000
07839P,嘉澤元大9A售04  ,0,0,0,0,0,0,0,0,0,-102000,0,0,0,8000,110000,-102000,-102000
056745,聯茂凱基99購03  ,0,0,0,0,0,0,0,0,0,-102000,0,0,0,4000,106000,-102000,-102000
057077,國巨統一98購06  ,0,0,0,0,0,0,0,0,0,-102000,0,0,0,0,102000,-102000,-102000
058584,百和群益9A購01  ,0,0,0,0,0,0,0,0,0,-102000,0,0,0,90000,192000,-102000,-102000
00730,富邦臺灣優質高息,7000,7000,0,0,0,0,0,0,0,-102000,0,0,0,400000,502000,-102000,-102000
060924,大毅永豐9A購03  ,0,0,0,0,0,0,0,0,0,-102000,0,0,0,14000,116000,-102000,-102000
058007,南電群益98購02  ,0,0,0,0,0,0,0,0,0,-102000,0,0,0,0,102000,-102000,-102000
058986,華新科凱基9A購03,0,0,0,0,0,0,0,0,0,-102000,0,0,0,4000,106000,-102000,-102000
058390,樺漢國票9A購01  ,0,0,0,0,0,0,0,0,0,-102000,0,0,0,4000,106000,-102000,-102000
062007,台光電國泰9C購01,0,0,0,0,0,0,0,0,0,-102000,0,0,0,18000,120000,-102000,-102000
061568,國巨元大9A購25  ,0,0,0,0,0,0,0,0,0,-102000,0,0,0,38000,140000,-102000,-102000
06731P,聯茂元大98售05  ,0,0,0,0,0,0,0,0,0,-103000,0,0,0,0,103000,-103000,-103000
057120,茂林康和98購01  ,0,0,0,0,0,0,0,0,0,-103000,0,0,0,0,103000,-103000,-103000
059665,嘉聯益元大99購06,0,0,0,0,0,0,0,0,0,-103000,0,0,0,0,103000,-103000,-103000
060602,京元電凱基9A購01,0,0,0,0,0,0,0,0,0,-103000,0,0,0,62000,165000,-103000,-103000
060504,技嘉元大9A購02  ,0,0,0,0,0,0,0,0,0,-103000,0,0,0,45000,148000,-103000,-103000
064346,貿聯元大01購01  ,0,0,0,0,0,0,0,0,0,-104000,0,0,0,0,104000,-104000,-104000
064329,國巨元大01購03  ,0,0,0,0,0,0,0,0,0,-104000,0,0,0,0,104000,-104000,-104000
064456,禾伸堂統一01購01,0,0,0,0,0,0,0,0,0,-104000,0,0,0,198000,302000,-104000,-104000
00771,元大US高息特別股,0,0,0,0,0,0,0,0,0,-104000,0,0,0,90000,194000,-104000,-104000
054308,嘉晶凱基98購01  ,0,0,0,0,0,0,0,0,0,-104000,0,0,0,127000,231000,-104000,-104000
058270,上緯控永豐99購01,0,0,0,0,0,0,0,0,0,-104000,0,0,0,0,104000,-104000,-104000
058355,旺宏凱基99購04  ,0,0,0,0,0,0,0,0,0,-104000,0,0,0,0,104000,-104000,-104000
060705,台光電富邦9B購01,0,0,0,0,0,0,0,0,0,-104000,0,0,0,31000,135000,-104000,-104000
061668,信邦中信9B購01  ,0,0,0,0,0,0,0,0,0,-104000,0,0,0,58000,162000,-104000,-104000
063136,智邦統一9B購02  ,0,0,0,0,0,0,0,0,0,-104000,0,0,0,158000,262000,-104000,-104000
064151,義隆統一01購01  ,0,0,0,0,0,0,0,0,0,-104000,0,0,0,308000,412000,-104000,-104000
064191,聯發科中信03購01,0,0,0,0,0,0,0,0,0,-104000,0,0,0,310000,414000,-104000,-104000
063688,建準永豐9B購03  ,0,0,0,0,0,0,0,0,0,-104000,0,0,0,0,104000,-104000,-104000
07109P,聯發科中信9B售02,0,0,0,0,0,0,0,0,0,-105000,0,0,0,0,105000,-105000,-105000
07595P,台灣50中信03售07,0,0,0,0,0,0,0,0,0,-105000,0,0,0,0,105000,-105000,-105000
05545P,台表科國泰98售01,0,0,0,0,0,0,0,0,0,-105000,0,0,0,158000,263000,-105000,-105000
056275,國巨國泰98購04  ,0,0,0,0,0,0,0,0,0,-105000,0,0,0,25000,130000,-105000,-105000
060144,全新國票9B購01  ,0,0,0,0,0,0,0,0,0,-105000,0,0,0,68000,173000,-105000,-105000
060981,旺宏元大9A購08  ,0,0,0,0,0,0,0,0,0,-105000,0,0,0,1000,106000,-105000,-105000
057973,神達富邦9A購01  ,0,0,0,0,0,0,0,0,0,-105000,0,0,0,0,105000,-105000,-105000
060002,T50反1群益9A購01,0,0,0,0,0,0,0,0,0,-105000,0,0,0,0,105000,-105000,-105000
063702,聯發科群益9C購04,0,0,0,0,0,0,0,0,0,-105000,0,0,0,0,105000,-105000,-105000
06750P,聯發科元富02售03,0,0,0,0,0,0,0,0,0,-106000,0,0,0,7000,113000,-106000,-106000
064306,和潤兆豐01購01  ,0,0,0,0,0,0,0,0,0,-106000,0,0,0,177000,283000,-106000,-106000
058600,國巨元大99購15  ,0,0,0,0,0,0,0,0,0,-106000,0,0,0,24000,130000,-106000,-106000
058533,玉晶光元富99購01,0,0,0,0,0,0,0,0,0,-106000,0,0,0,0,106000,-106000,-106000
054528,台光電統一96購02,0,0,0,0,0,0,0,0,0,-106000,0,0,0,29000,135000,-106000,-106000
061833,華新科凱基02購01,0,0,0,0,0,0,0,0,0,-106000,0,0,0,20000,126000,-106000,-106000
059344,長榮航凱基99購01,0,0,0,0,0,0,0,0,0,-106000,0,0,0,0,106000,-106000,-106000
063313,南亞科群益9B購02,0,0,0,0,0,0,0,0,0,-106000,0,0,0,15000,121000,-106000,-106000
063560,力山元大9B購05  ,0,0,0,0,0,0,0,0,0,-106000,0,0,0,154000,260000,-106000,-106000
061659,信邦永豐9A購01  ,0,0,0,0,0,0,0,0,0,-106000,0,0,0,0,106000,-106000,-106000
061649,緯穎元大9A購06  ,0,0,0,0,0,0,0,0,0,-106000,0,0,0,61000,167000,-106000,-106000
062680,微星統一01購01  ,0,0,0,0,0,0,0,0,0,-106000,0,0,0,75000,181000,-106000,-106000
064330,燿華元大9C購02  ,0,0,0,0,0,0,0,0,0,-107000,0,0,0,84000,191000,-107000,-107000
055026,健和興國泰98購01,0,0,0,0,0,0,0,0,0,-107000,0,0,0,190000,297000,-107000,-107000
056723,國巨中信9A購01  ,0,0,0,0,0,0,0,0,0,-107000,0,0,0,0,107000,-107000,-107000
062509,SP黃豆國票9B購03,0,0,0,0,0,0,0,0,0,-107000,0,0,0,0,107000,-107000,-107000
061638,國泰金元大9A購03,0,0,0,0,0,0,0,0,0,-107000,0,0,0,120000,227000,-107000,-107000
061553,南電群益9A購03  ,0,0,0,0,0,0,0,0,0,-107000,0,0,0,300000,407000,-107000,-107000
063475,同欣電元大9C購01,0,0,0,0,0,0,0,0,0,-107000,0,0,0,126000,233000,-107000,-107000
063893,微星群益9C購01  ,0,0,0,0,0,0,0,0,0,-107000,0,0,0,3000,110000,-107000,-107000
07418P,聯發科元大99售45,0,0,0,0,0,0,0,0,0,-108000,0,0,0,10000,118000,-108000,-108000
055336,茂林兆豐98購01  ,0,0,0,0,0,0,0,0,0,-108000,0,0,0,0,108000,-108000,-108000
061137,晶技統一9B購01  ,0,0,0,0,0,0,0,0,0,-108000,0,0,0,12000,120000,-108000,-108000
057062,立積國泰99購01  ,0,0,0,0,0,0,0,0,0,-108000,0,0,0,122000,230000,-108000,-108000
061836,華新科凱基05購01,0,0,0,0,0,0,0,0,0,-108000,0,0,0,5000,113000,-108000,-108000
061790,中租群益9B購01  ,0,0,0,0,0,0,0,0,0,-108000,0,0,0,80000,188000,-108000,-108000
061231,聚陽元大9A購02  ,0,0,0,0,0,0,0,0,0,-108000,0,0,0,0,108000,-108000,-108000
063740,矽格元大9B購03  ,0,0,0,0,0,0,0,0,0,-108000,0,0,0,12000,120000,-108000,-108000
063990,世芯永豐01購01  ,0,0,0,0,0,0,0,0,0,-108000,0,0,0,20000,128000,-108000,-108000
063450,華新科統一02購01,0,0,0,0,0,0,0,0,0,-108000,0,0,0,51000,159000,-108000,-108000
062382,燿華國泰9C購01  ,0,0,0,0,0,0,0,0,0,-108000,0,0,0,202000,310000,-108000,-108000
062782,聯發科元大9B購12,0,0,0,0,0,0,0,0,0,-108000,0,0,0,0,108000,-108000,-108000
062990,台積電群益9B購06,0,0,0,0,0,0,0,0,0,-108000,0,0,0,35000,143000,-108000,-108000
8926,台汽電          ,291000,94000,197000,0,0,0,0,303000,-303000,-2000,2000,15000,-13000,64000,53000,11000,-108000
056736,國巨凱基99購03  ,0,0,0,0,0,0,0,0,0,-109000,0,0,0,46000,155000,-109000,-109000
062704,大毅元大9C購01  ,0,0,0,0,0,0,0,0,0,-109000,0,0,0,22000,131000,-109000,-109000
062379,致新元大9B購01  ,0,0,0,0,0,0,0,0,0,-109000,0,0,0,22000,131000,-109000,-109000
061843,億豐凱基9C購01  ,0,0,0,0,0,0,0,0,0,-109000,0,0,0,20000,129000,-109000,-109000
063566,台光電元大9B購08,0,0,0,0,0,0,0,0,0,-109000,0,0,0,15000,124000,-109000,-109000
064004,全新凱基01購01  ,0,0,0,0,0,0,0,0,0,-109000,0,0,0,12000,121000,-109000,-109000
07264P,台積電元大99售38,0,0,0,0,0,0,0,0,0,-110000,0,0,0,0,110000,-110000,-110000
064530,康控中信9C購01  ,0,0,0,0,0,0,0,0,0,-110000,0,0,0,0,110000,-110000,-110000
064494,南亞科元大9C購02,0,0,0,0,0,0,0,0,0,-110000,0,0,0,0,110000,-110000,-110000
064618,南亞科元大9C購04,0,0,0,0,0,0,0,0,0,-110000,0,0,0,0,110000,-110000,-110000
064681,牧德兆豐01購01  ,0,0,0,0,0,0,0,0,0,-110000,0,0,0,30000,140000,-110000,-110000
07610P,大立光國票9A售04,0,0,0,0,0,0,0,0,0,-110000,0,0,0,0,110000,-110000,-110000
08121P,聯發科國票9B售05,0,0,0,0,0,0,0,0,0,-110000,0,0,0,30000,140000,-110000,-110000
08299P,玉晶光國票02售01,0,0,0,0,0,0,0,0,0,-110000,0,0,0,0,110000,-110000,-110000
046881,智原富邦99購01  ,0,0,0,0,0,0,0,0,0,-110000,0,0,0,0,110000,-110000,-110000
058196,台塑中信99購01  ,0,0,0,0,0,0,0,0,0,-110000,0,0,0,10000,120000,-110000,-110000
058997,鴻海元大99購21  ,0,0,0,0,0,0,0,0,0,-110000,0,0,0,20000,130000,-110000,-110000
060815,茂林凱基9B購01  ,0,0,0,0,0,0,0,0,0,-110000,0,0,0,0,110000,-110000,-110000
058836,FBVIX中信03購05 ,0,0,0,0,0,0,0,0,0,-110000,0,0,0,241000,351000,-110000,-110000
063472,茂林元大9B購04  ,0,0,0,0,0,0,0,0,0,-110000,0,0,0,0,110000,-110000,-110000
063132,台表科元大9C購02,0,0,0,0,0,0,0,0,0,-110000,0,0,0,0,110000,-110000,-110000
062971,英業達元富9B購01,0,0,0,0,0,0,0,0,0,-110000,0,0,0,141000,251000,-110000,-110000
064488,台達電元大9C購01,0,0,0,0,0,0,0,0,0,-111000,0,0,0,5000,116000,-111000,-111000
064418,鴻海兆豐01購02  ,0,0,0,0,0,0,0,0,0,-111000,0,0,0,0,111000,-111000,-111000
058521,日月光元大99購01,0,0,0,0,0,0,0,0,0,-111000,0,0,0,50000,161000,-111000,-111000
062458,全新群益9B購03  ,0,0,0,0,0,0,0,0,0,-111000,0,0,0,0,111000,-111000,-111000
063305,亞光凱基9B購01  ,0,0,0,0,0,0,0,0,0,-111000,0,0,0,101000,212000,-111000,-111000
063395,金像電群益9B購02,0,0,0,0,0,0,0,0,0,-111000,0,0,0,20000,131000,-111000,-111000
1701,中化            ,659000,770000,-111000,0,0,0,0,0,0,-1000,0,1000,-1000,0,0,0,-112000
056611,國巨永豐98購03  ,0,0,0,0,0,0,0,0,0,-112000,0,0,0,2000,114000,-112000,-112000
058374,玉晶光凱基9A購03,0,0,0,0,0,0,0,0,0,-112000,0,0,0,4000,116000,-112000,-112000
059043,聯電日盛99購01  ,0,0,0,0,0,0,0,0,0,-112000,0,0,0,7000,119000,-112000,-112000
060984,南亞科元大9A購07,0,0,0,0,0,0,0,0,0,-112000,0,0,0,25000,137000,-112000,-112000
061762,台塑元大9B購01  ,0,0,0,0,0,0,0,0,0,-112000,0,0,0,10000,122000,-112000,-112000
061822,和潤群益9B購01  ,0,0,0,0,0,0,0,0,0,-112000,0,0,0,54000,166000,-112000,-112000
063867,全新永豐9C購01  ,0,0,0,0,0,0,0,0,0,-112000,0,0,0,1000,113000,-112000,-112000
063013,技嘉元大9B購02  ,0,0,0,0,0,0,0,0,0,-112000,0,0,0,301000,413000,-112000,-112000
062758,國巨凱基9B購09  ,0,0,0,0,0,0,0,0,0,-112000,0,0,0,41000,153000,-112000,-112000
061690,旺宏群益9A購05  ,0,0,0,0,0,0,0,0,0,-112000,0,0,0,127000,239000,-112000,-112000
064600,技嘉元富9C購01  ,0,0,0,0,0,0,0,0,0,-113000,0,0,0,76000,189000,-113000,-113000
055153,台光電元大98購02,0,0,0,0,0,0,0,0,0,-113000,0,0,0,27000,140000,-113000,-113000
056486,樺漢元大98購04  ,0,0,0,0,0,0,0,0,0,-113000,0,0,0,14000,127000,-113000,-113000
059118,晶技永豐9A購01  ,0,0,0,0,0,0,0,0,0,-113000,0,0,0,10000,123000,-113000,-113000
060232,友訊元大9C購01  ,0,0,0,0,0,0,0,0,0,-113000,0,0,0,87000,200000,-113000,-113000
062186,晶技元大9B購05  ,0,0,0,0,0,0,0,0,0,-113000,0,0,0,19000,132000,-113000,-113000
062705,美食元大9B購01  ,0,0,0,0,0,0,0,0,0,-113000,0,0,0,0,113000,-113000,-113000
062413,台光電中信9B購02,0,0,0,0,0,0,0,0,0,-113000,0,0,0,60000,173000,-113000,-113000
063814,嘉晶群益9C購01  ,0,0,0,0,0,0,0,0,0,-113000,0,0,0,81000,194000,-113000,-113000
064236,奇力新統一01購04,0,0,0,0,0,0,0,0,0,-113000,0,0,0,13000,126000,-113000,-113000
064186,燿華永豐9C購01  ,0,0,0,0,0,0,0,0,0,-113000,0,0,0,130000,243000,-113000,-113000
063453,創意統一9C購01  ,0,0,0,0,0,0,0,0,0,-113000,0,0,0,370000,483000,-113000,-113000
064860,聯發科富邦03購01,0,0,0,0,0,0,0,0,0,-114000,0,0,0,0,114000,-114000,-114000
053347,茂林國票98購01  ,0,0,0,0,0,0,0,0,0,-114000,0,0,0,0,114000,-114000,-114000
059276,可成元大99購06  ,0,0,0,0,0,0,0,0,0,-114000,0,0,0,42000,156000,-114000,-114000
061792,和大永豐9B購01  ,0,0,0,0,0,0,0,0,0,-114000,0,0,0,13000,127000,-114000,-114000
063602,金像電凱基9B購04,0,0,0,0,0,0,0,0,0,-114000,0,0,0,75000,189000,-114000,-114000
064131,群創元大01購02  ,0,0,0,0,0,0,0,0,0,-114000,0,0,0,19000,133000,-114000,-114000
063672,GIS統一9C購01   ,0,0,0,0,0,0,0,0,0,-114000,0,0,0,165000,279000,-114000,-114000
062993,華新科群益9B購05,0,0,0,0,0,0,0,0,0,-114000,0,0,0,1000,115000,-114000,-114000
064831,宏達電統一02購01,0,0,0,0,0,0,0,0,0,-115000,0,0,0,6000,121000,-115000,-115000
064499,可成元大9C購07  ,0,0,0,0,0,0,0,0,0,-115000,0,0,0,99000,214000,-115000,-115000
064313,嘉晶群益9C購02  ,0,0,0,0,0,0,0,0,0,-115000,0,0,0,40000,155000,-115000,-115000
06730P,祥碩元大98售07  ,0,0,0,0,0,0,0,0,0,-115000,0,0,0,189000,304000,-115000,-115000
08441P,同欣電元富9C售01,0,0,0,0,0,0,0,0,0,-115000,0,0,0,0,115000,-115000,-115000
056538,國泰金凱基98購01,0,0,0,0,0,0,0,0,0,-115000,0,0,0,85000,200000,-115000,-115000
061159,同欣電群益9A購01,0,0,0,0,0,0,0,0,0,-115000,0,0,0,5000,120000,-115000,-115000
057989,旺宏統一99購04  ,0,0,0,0,0,0,0,0,0,-115000,0,0,0,20000,135000,-115000,-115000
060376,瑞祺元富9A購01  ,0,0,0,0,0,0,0,0,0,-115000,0,0,0,129000,244000,-115000,-115000
060327,美律群益9A購02  ,0,0,0,0,0,0,0,0,0,-115000,0,0,0,0,115000,-115000,-115000
060328,可成群益9A購06  ,0,0,0,0,0,0,0,0,0,-115000,0,0,0,60000,175000,-115000,-115000
060329,鎧勝群益9B購01  ,1000,0,1000,0,0,0,0,0,0,-116000,0,0,0,28000,144000,-116000,-115000
057903,聯鈞永豐99購01  ,0,0,0,0,0,0,0,0,0,-115000,0,0,0,220000,335000,-115000,-115000
060695,同欣電麥證9A購01,0,0,0,21000,136000,-115000,0,0,0,-115000,0,0,0,21000,136000,-115000,-115000
062407,同欣電永豐9B購01,0,0,0,0,0,0,0,0,0,-115000,0,0,0,45000,160000,-115000,-115000
062621,緯穎元大9B購05  ,0,0,0,0,0,0,0,0,0,-115000,0,0,0,63000,178000,-115000,-115000
063733,聯發科元大9B購27,0,0,0,0,0,0,0,0,0,-115000,0,0,0,151000,266000,-115000,-115000
063944,建準元大9C購01  ,0,0,0,0,0,0,0,0,0,-115000,0,0,0,100000,215000,-115000,-115000
061092,可成統一9C購02  ,0,0,0,0,0,0,0,0,0,-116000,0,0,0,24000,140000,-116000,-116000
057506,聯鈞國票99購02  ,0,0,0,0,0,0,0,0,0,-116000,0,0,0,0,116000,-116000,-116000
061186,牧德國泰9C購01  ,0,0,0,0,0,0,0,0,0,-116000,0,0,0,20000,136000,-116000,-116000
061800,泰鼎永豐9B購01  ,0,0,0,0,0,0,0,0,0,-116000,0,0,0,191000,307000,-116000,-116000
064031,玉晶光元大02購01,0,0,0,0,0,0,0,0,0,-116000,0,0,0,161000,277000,-116000,-116000
063192,技嘉台新9B購01  ,0,0,0,0,0,0,0,0,0,-116000,0,0,0,1000,117000,-116000,-116000
063072,裕隆永豐9B購01  ,0,0,0,0,0,0,0,0,0,-116000,0,0,0,189000,305000,-116000,-116000
062438,台光電元大9B購04,0,0,0,0,0,0,0,0,0,-116000,0,0,0,46000,162000,-116000,-116000
062314,玉晶光凱基9B購06,0,0,0,0,0,0,0,0,0,-116000,0,0,0,11000,127000,-116000,-116000
057437,可成國票99購01  ,0,0,0,0,0,0,0,0,0,-117000,0,0,0,3000,120000,-117000,-117000
054263,聯茂元大96購02  ,0,0,0,0,0,0,0,0,0,-117000,0,0,0,4000,121000,-117000,-117000
060451,中石化元大9C購02,0,0,0,0,0,0,0,0,0,-117000,0,0,0,50000,167000,-117000,-117000
060060,台積電兆豐99購05,0,0,0,0,0,0,0,0,0,-117000,0,0,0,50000,167000,-117000,-117000
060643,牧德永豐9A購03  ,0,0,0,0,0,0,0,0,0,-117000,0,0,0,0,117000,-117000,-117000
062333,嘉晶統一9C購01  ,0,0,0,0,0,0,0,0,0,-117000,0,0,0,173000,290000,-117000,-117000
063323,同欣電群益9B購03,0,0,0,0,0,0,0,0,0,-117000,0,0,0,18000,135000,-117000,-117000
064208,智邦凱基02購01  ,0,0,0,0,0,0,0,0,0,-117000,0,0,0,35000,152000,-117000,-117000
2727,王品            ,34000,153000,-119000,0,0,0,0,0,0,1000,1000,0,1000,0,0,0,-118000
064467,南亞科元富9C購02,0,0,0,0,0,0,0,0,0,-118000,0,0,0,62000,180000,-118000,-118000
051847,香港反中信99購01,0,0,0,0,0,0,0,0,0,-118000,0,0,0,0,118000,-118000,-118000
00710B,FH彭博高收益債  ,1000,0,1000,0,0,0,0,0,0,-119000,0,0,0,5000,124000,-119000,-118000
057135,立積凱基98購01  ,0,0,0,0,0,0,0,0,0,-118000,0,0,0,98000,216000,-118000,-118000
059816,聯電凱基99購03  ,0,0,0,0,0,0,0,0,0,-118000,0,0,0,76000,194000,-118000,-118000
060240,富邦金元大9A購01,0,0,0,0,0,0,0,0,0,-118000,0,0,0,65000,183000,-118000,-118000
060121,新光金富邦99購01,0,0,0,0,0,0,0,0,0,-118000,0,0,0,65000,183000,-118000,-118000
059197,可成永豐99購02  ,0,0,0,0,0,0,0,0,0,-118000,0,0,0,10000,128000,-118000,-118000
060105,牧德元大9B購01  ,0,0,0,0,0,0,0,0,0,-118000,0,0,0,0,118000,-118000,-118000
058947,SGBR2X群益9B購02,0,0,0,0,0,0,0,0,0,-118000,0,0,0,17000,135000,-118000,-118000
058295,欣興凱基99購02  ,0,0,0,0,0,0,0,0,0,-118000,0,0,0,96000,214000,-118000,-118000
063144,超眾統一9C購02  ,0,0,0,0,0,0,0,0,0,-118000,0,0,0,94000,212000,-118000,-118000
064850,智原元富9C購01  ,0,0,0,0,0,0,0,0,0,-119000,0,0,0,0,119000,-119000,-119000
054101,茂林國票97購04  ,0,0,0,0,0,0,0,0,0,-119000,0,0,0,1000,120000,-119000,-119000
061357,寶成元大9A購01  ,0,0,0,0,0,0,0,0,0,-119000,0,0,0,31000,150000,-119000,-119000
058905,京鼎元大99購01  ,0,0,0,0,0,0,0,0,0,-119000,0,0,0,8000,127000,-119000,-119000
059972,S&P正2元大99購03,0,0,0,0,0,0,0,0,0,-119000,0,0,0,1000,120000,-119000,-119000
060665,康控凱基9A購01  ,0,0,0,0,0,0,0,0,0,-119000,0,0,0,2000,121000,-119000,-119000
063075,祥碩永豐9B購04  ,0,0,0,0,0,0,0,0,0,-119000,0,0,0,0,119000,-119000,-119000
063184,台光電凱基9B購03,0,0,0,0,0,0,0,0,0,-119000,0,0,0,94000,213000,-119000,-119000
063941,國巨元大9C購12  ,0,0,0,0,0,0,0,0,0,-119000,0,0,0,50000,169000,-119000,-119000
063729,國巨元大9C購08  ,0,0,0,0,0,0,0,0,0,-119000,0,0,0,52000,171000,-119000,-119000
062281,奇鋐群益9B購01  ,0,0,0,0,0,0,0,0,0,-119000,0,0,0,70000,189000,-119000,-119000
061595,智易永豐9A購02  ,0,0,0,0,0,0,0,0,0,-119000,0,0,0,0,119000,-119000,-119000
07820P,臺股指國票9A售11,0,0,0,0,0,0,0,0,0,-120000,0,0,0,0,120000,-120000,-120000
054547,鴻海凱基98購02  ,0,0,0,0,0,0,0,0,0,-120000,0,0,0,0,120000,-120000,-120000
05268P,玉晶光元大98售01,0,0,0,0,0,0,0,0,0,-120000,0,0,0,97000,217000,-120000,-120000
055136,聯發科富邦99購06,0,0,0,0,0,0,0,0,0,-120000,0,0,0,6000,126000,-120000,-120000
05624P,同欣電中信98售01,0,0,0,0,0,0,0,0,0,-120000,0,0,0,0,120000,-120000,-120000
055698,茂林國票98購03  ,0,0,0,0,0,0,0,0,0,-120000,0,0,0,0,120000,-120000,-120000
060630,國巨富邦9C購03  ,0,0,0,0,0,0,0,0,0,-120000,0,0,0,0,120000,-120000,-120000
058683,可成凱基9A購01  ,0,0,0,0,0,0,0,0,0,-120000,0,0,0,1000,121000,-120000,-120000
058678,南亞科日盛99購01,0,0,0,0,0,0,0,0,0,-120000,0,0,0,0,120000,-120000,-120000
059248,華新科凱基99購04,0,0,0,0,0,0,0,0,0,-120000,0,0,0,1000,121000,-120000,-120000
060311,盟立永豐9A購01  ,0,0,0,0,0,0,0,0,0,-120000,0,0,0,14000,134000,-120000,-120000
061336,國巨元大9A購20  ,0,0,0,0,0,0,0,0,0,-120000,0,0,0,29000,149000,-120000,-120000
061717,力成凱基9B購01  ,0,0,0,0,0,0,0,0,0,-120000,0,0,0,0,120000,-120000,-120000
060978,國巨元大9A購13  ,0,0,0,0,0,0,0,0,0,-120000,0,0,0,14000,134000,-120000,-120000
061006,新光金兆豐9A購01,0,0,0,0,0,0,0,0,0,-120000,0,0,0,0,120000,-120000,-120000
062617,京鼎元大9B購01  ,0,0,0,0,0,0,0,0,0,-120000,0,0,0,188000,308000,-120000,-120000
063374,嘉澤永豐9B購04  ,0,0,0,0,0,0,0,0,0,-120000,0,0,0,0,120000,-120000,-120000
064437,可成凱基02購01  ,0,0,0,0,0,0,0,0,0,-121000,0,0,0,3000,124000,-121000,-121000
056783,國巨群益99購01  ,0,0,0,0,0,0,0,0,0,-121000,0,0,0,0,121000,-121000,-121000
055963,欣興元大97購04  ,0,0,0,0,0,0,0,0,0,-121000,0,0,0,5000,126000,-121000,-121000
057580,玉山金中信9A購01,0,0,0,0,0,0,0,0,0,-121000,0,0,0,33000,154000,-121000,-121000
060296,和碩元大9A購01  ,0,0,0,0,0,0,0,0,0,-121000,0,0,0,66000,187000,-121000,-121000
058481,玉晶光凱基9A購04,0,0,0,0,0,0,0,0,0,-121000,0,0,0,10000,131000,-121000,-121000
063142,奇力新統一9C購04,0,0,0,0,0,0,0,0,0,-121000,0,0,0,12000,133000,-121000,-121000
063130,聯茂元大9B購02  ,0,0,0,0,0,0,0,0,0,-121000,0,0,0,9000,130000,-121000,-121000
062651,世紀鋼富邦9C購01,0,0,0,0,0,0,0,0,0,-121000,0,0,0,9000,130000,-121000,-121000
062561,瀚宇博凱基9B購01,0,0,0,0,0,0,0,0,0,-121000,0,0,0,40000,161000,-121000,-121000
064627,矽格元大9C購01  ,0,0,0,0,0,0,0,0,0,-122000,0,0,0,0,122000,-122000,-122000
064706,嘉晶富邦01購01  ,0,0,0,0,0,0,0,0,0,-122000,0,0,0,0,122000,-122000,-122000
07035P,大立光元富99售04,0,0,0,0,0,0,0,0,0,-122000,0,0,0,12000,134000,-122000,-122000
07635P,世芯永豐9A售05  ,0,0,0,0,0,0,0,0,0,-122000,0,0,0,0,122000,-122000,-122000
056403,茂林群益98購01  ,0,0,0,0,0,0,0,0,0,-122000,0,0,0,0,122000,-122000,-122000
056909,嘉聯益元大99購03,0,0,0,0,0,0,0,0,0,-122000,0,0,0,148000,270000,-122000,-122000
061707,超眾國票9B購01  ,0,0,0,0,0,0,0,0,0,-122000,0,0,0,1000,123000,-122000,-122000
061247,玉晶光群益9A購09,0,0,0,0,0,0,0,0,0,-122000,0,0,0,16000,138000,-122000,-122000
060868,致伸永豐9A購01  ,0,0,0,0,0,0,0,0,0,-122000,0,0,0,1000,123000,-122000,-122000
061469,瑞祺群益9A購02  ,0,0,0,0,0,0,0,0,0,-122000,0,0,0,10000,132000,-122000,-122000
063725,聯電元大9C購03  ,0,0,0,0,0,0,0,0,0,-122000,0,0,0,64000,186000,-122000,-122000
2441,超豐            ,126000,243000,-117000,0,0,0,0,36000,-36000,30000,30000,0,30000,0,0,0,-123000
064715,和大統一02購03  ,0,0,0,0,0,0,0,0,0,-123000,0,0,0,35000,158000,-123000,-123000
064550,南茂凱基01購01  ,0,0,0,0,0,0,0,0,0,-123000,0,0,0,42000,165000,-123000,-123000
064262,玉晶光永豐9C購03,0,0,0,0,0,0,0,0,0,-123000,0,0,0,20000,143000,-123000,-123000
057111,立積群益98購02  ,0,0,0,0,0,0,0,0,0,-123000,0,0,0,50000,173000,-123000,-123000
054164,強茂凱基98購01  ,0,0,0,0,0,0,0,0,0,-123000,0,0,0,135000,258000,-123000,-123000
060907,金像電元大9A購02,0,0,0,0,0,0,0,0,0,-123000,0,0,0,17000,140000,-123000,-123000
5534,長虹            ,100000,322541,-222541,0,0,0,209000,100000,109000,-10000,12000,22000,-10000,0,0,0,-123541
064285,貿聯元大9C購02  ,0,0,0,0,0,0,0,0,0,-124000,0,0,0,0,124000,-124000,-124000
057641,旺宏元大98購10  ,0,0,0,0,0,0,0,0,0,-124000,0,0,0,101000,225000,-124000,-124000
058537,彩晶統一9B購01  ,0,0,0,0,0,0,0,0,0,-124000,0,0,0,40000,164000,-124000,-124000
056507,創意永豐98購02  ,0,0,0,0,0,0,0,0,0,-124000,0,0,0,55000,179000,-124000,-124000
063653,儒鴻元富9B購01  ,0,0,0,0,0,0,0,0,0,-124000,0,0,0,127000,251000,-124000,-124000
064021,國巨元大9C購15  ,0,0,0,0,0,0,0,0,0,-124000,0,0,0,8000,132000,-124000,-124000
063620,奇力新兆豐9B購01,0,0,0,0,0,0,0,0,0,-124000,0,0,0,21000,145000,-124000,-124000
061571,奇力新元大9A購03,0,0,0,0,0,0,0,0,0,-124000,0,0,0,0,124000,-124000,-124000
062308,旺宏凱基9B購04  ,0,0,0,0,0,0,0,0,0,-124000,0,0,0,0,124000,-124000,-124000
062784,世芯元大9B購01  ,0,0,0,0,0,0,0,0,0,-124000,0,0,0,16000,140000,-124000,-124000
064583,光寶科永豐9C購01,0,0,0,0,0,0,0,0,0,-125000,0,0,0,35000,160000,-125000,-125000
056418,台光電元富98購01,0,0,0,0,0,0,0,0,0,-125000,0,0,0,86000,211000,-125000,-125000
056252,聯發科兆豐97購03,0,0,0,0,0,0,0,0,0,-125000,0,0,0,21000,146000,-125000,-125000
061033,台光電永豐9A購01,0,0,0,0,0,0,0,0,0,-125000,0,0,0,235000,360000,-125000,-125000
057616,聯電凱基99購01  ,0,0,0,0,0,0,0,0,0,-125000,0,0,0,16000,141000,-125000,-125000
00655L,國泰中國A50正2  ,11000,421000,-410000,0,0,0,0,0,0,285000,100000,0,100000,1312000,1127000,185000,-125000
059950,百和永豐99購02  ,0,0,0,0,0,0,0,0,0,-125000,0,0,0,98000,223000,-125000,-125000
061003,南亞科兆豐9A購01,0,0,0,0,0,0,0,0,0,-125000,0,0,0,3000,128000,-125000,-125000
062262,茂林元大9B購02  ,0,0,0,0,0,0,0,0,0,-125000,0,0,0,10000,135000,-125000,-125000
062086,瑞祺元大9B購01  ,0,0,0,0,0,0,0,0,0,-125000,0,0,0,1000,126000,-125000,-125000
061840,長榮航凱基9C購01,0,0,0,0,0,0,0,0,0,-125000,0,0,0,9000,134000,-125000,-125000
063612,金像電群益9B購04,0,0,0,0,0,0,0,0,0,-125000,0,0,0,0,125000,-125000,-125000
2492,華新科          ,1749396,1722000,27396,0,0,0,0,396000,-396000,243000,102000,44000,58000,254000,69000,185000,-125604
2365,昆盈            ,30000,125000,-95000,0,0,0,0,0,0,-31000,0,31000,-31000,0,0,0,-126000
064559,旺宏群益01購02  ,0,0,0,0,0,0,0,0,0,-126000,0,0,0,0,126000,-126000,-126000
057609,友訊元富98購01  ,0,0,0,0,0,0,0,0,0,-126000,0,0,0,211000,337000,-126000,-126000
058831,茂林永豐99購01  ,0,0,0,0,0,0,0,0,0,-126000,0,0,0,0,126000,-126000,-126000
060571,京元電永豐9A購01,0,0,0,0,0,0,0,0,0,-126000,0,0,0,0,126000,-126000,-126000
063428,矽創凱基9B購02  ,0,0,0,0,0,0,0,0,0,-126000,0,0,0,0,126000,-126000,-126000
063682,達新永豐9B購01  ,0,0,0,0,0,0,0,0,0,-126000,0,0,0,1000,127000,-126000,-126000
063690,健鼎永豐9B購01  ,0,0,0,0,0,0,0,0,0,-126000,0,0,0,10000,136000,-126000,-126000
063896,世芯群益9C購01  ,0,0,0,0,0,0,0,0,0,-126000,0,0,0,111000,237000,-126000,-126000
3030,德律            ,83000,183000,-100000,0,0,0,0,0,0,-27000,0,27000,-27000,0,0,0,-127000
057324,億光群益98購01  ,0,0,0,0,0,0,0,0,0,-127000,0,0,0,130000,257000,-127000,-127000
057828,緯穎元大99購02  ,0,0,0,0,0,0,0,0,0,-127000,0,0,0,0,127000,-127000,-127000
061824,聯電麥證9B購01  ,0,0,0,0,127000,-127000,0,0,0,-127000,0,0,0,0,127000,-127000,-127000
060093,友達元大03購01  ,0,0,0,0,0,0,0,0,0,-127000,0,0,0,5000,132000,-127000,-127000
063346,TPK統一9C購01   ,0,0,0,0,0,0,0,0,0,-127000,0,0,0,11000,138000,-127000,-127000
062638,茂林國票9C購01  ,0,0,0,0,0,0,0,0,0,-127000,0,0,0,0,127000,-127000,-127000
2385,群光            ,1245791,1274000,-28209,0,0,0,133000,229000,-96000,-3000,19000,0,19000,35000,57000,-22000,-127209
055795,茂林國泰98購01  ,0,0,0,0,0,0,0,0,0,-128000,0,0,0,0,128000,-128000,-128000
060047,道瓊反凱基99購01,0,0,0,0,0,0,0,0,0,-128000,0,0,0,220000,348000,-128000,-128000
059957,中信金康和99購01,0,0,0,0,0,0,0,0,0,-128000,0,0,0,48000,176000,-128000,-128000
061242,玉晶光兆豐9B購02,0,0,0,0,0,0,0,0,0,-128000,0,0,0,11000,139000,-128000,-128000
061492,超眾兆豐9B購01  ,0,0,0,0,0,0,0,0,0,-128000,0,0,0,1000,129000,-128000,-128000
064848,金像電元富9C購02,0,0,0,0,0,0,0,0,0,-129000,0,0,0,0,129000,-129000,-129000
057691,健策凱基99購01  ,0,0,0,0,0,0,0,0,0,-129000,0,0,0,59000,188000,-129000,-129000
057818,泰碩元大9A購01  ,0,0,0,0,0,0,0,0,0,-129000,0,0,0,36000,165000,-129000,-129000
062435,國巨元大9B購13  ,0,0,0,0,0,0,0,0,0,-129000,0,0,0,1000,130000,-129000,-129000
062498,華通群益9C購04  ,0,0,0,0,0,0,0,0,0,-129000,0,0,0,0,129000,-129000,-129000
063434,和潤元富9B購01  ,0,0,0,0,0,0,0,0,0,-129000,0,0,0,147000,276000,-129000,-129000
6166,凌華            ,55000,186000,-131000,0,0,0,0,0,0,2000,2000,0,2000,0,0,0,-129000
064552,巨大凱基01購01  ,0,0,0,0,0,0,0,0,0,-130000,0,0,0,6000,136000,-130000,-130000
064405,美食凱基01購02  ,0,0,0,0,0,0,0,0,0,-130000,0,0,0,0,130000,-130000,-130000
07301P,臺股指元大9A售34,0,0,0,0,0,0,0,0,0,-130000,0,0,0,10000,140000,-130000,-130000
053887,聯茂兆豐97購02  ,0,0,0,0,0,0,0,0,0,-130000,0,0,0,50000,180000,-130000,-130000
056860,正崴群益98購01  ,0,0,0,0,0,0,0,0,0,-130000,0,0,0,1000,131000,-130000,-130000
061838,華新科凱基05購03,0,0,0,0,0,0,0,0,0,-130000,0,0,0,2000,132000,-130000,-130000
058129,國巨元大99購10  ,0,0,0,0,0,0,0,0,0,-130000,0,0,0,50000,180000,-130000,-130000
063592,瑞祺永豐9B購02  ,0,0,0,0,0,0,0,0,0,-130000,0,0,0,0,130000,-130000,-130000
063017,台光電元大9B購07,0,0,0,0,0,0,0,0,0,-130000,0,0,0,77000,207000,-130000,-130000
062126,創意統一9B購01  ,0,0,0,0,0,0,0,0,0,-130000,0,0,0,54000,184000,-130000,-130000
07171P,臺股指國票99售08,0,0,0,0,0,0,0,0,0,-131000,0,0,0,4000,135000,-131000,-131000
065019,華邦電富邦9C購01,0,0,0,0,0,0,0,0,0,-131000,0,0,0,0,131000,-131000,-131000
064787,和潤群益9C購01  ,0,0,0,0,0,0,0,0,0,-131000,0,0,0,10000,141000,-131000,-131000
07686P,祥碩凱基9A售02  ,0,0,0,0,0,0,0,0,0,-131000,0,0,0,1000,132000,-131000,-131000
056947,國巨統一9A購01  ,0,0,0,0,0,0,0,0,0,-131000,0,0,0,0,131000,-131000,-131000
056239,宏達電群益98購01,0,0,0,0,0,0,0,0,0,-131000,0,0,0,0,131000,-131000,-131000
061356,南電元大9A購06  ,0,0,0,0,0,0,0,0,0,-131000,0,0,0,28000,159000,-131000,-131000
060948,可成第一9A購01  ,0,0,0,0,0,0,0,0,0,-131000,0,0,0,0,131000,-131000,-131000
063461,金像電元大9B購03,0,0,0,0,0,0,0,0,0,-131000,0,0,0,12000,143000,-131000,-131000
063828,台積電國票01購02,0,0,0,0,0,0,0,0,0,-131000,0,0,0,6000,137000,-131000,-131000
056535,全新凱基99購02  ,0,0,0,0,0,0,0,0,0,-132000,0,0,0,0,132000,-132000,-132000
058244,神達元大99購02  ,0,0,0,0,0,0,0,0,0,-132000,0,0,0,0,132000,-132000,-132000
060599,國巨凱基9C購01  ,0,0,0,0,0,0,0,0,0,-132000,0,0,0,100000,232000,-132000,-132000
062113,瑞祺國票9B購01  ,0,0,0,0,0,0,0,0,0,-132000,0,0,0,35000,167000,-132000,-132000
062097,台光電永豐9B購01,0,0,0,0,0,0,0,0,0,-132000,0,0,0,2000,134000,-132000,-132000
056939,康控元富98購01  ,0,0,0,0,0,0,0,0,0,-133000,0,0,0,98000,231000,-133000,-133000
055449,超眾統一9A購01  ,0,0,0,0,0,0,0,0,0,-133000,0,0,0,0,133000,-133000,-133000
060514,南電元大9A購02  ,0,0,0,0,0,0,0,0,0,-133000,0,0,0,17000,150000,-133000,-133000
058721,立積元富9C購01  ,0,0,0,0,0,0,0,0,0,-133000,0,0,0,506000,639000,-133000,-133000
061335,國巨元大9A購19  ,0,0,0,0,0,0,0,0,0,-133000,0,0,0,25000,158000,-133000,-133000
061737,南亞科凱基9B購01,0,0,0,0,0,0,0,0,0,-133000,0,0,0,0,133000,-133000,-133000
062928,富邦金台新9B購02,0,0,0,0,0,0,0,0,0,-133000,0,0,0,0,133000,-133000,-133000
063499,金像電永豐9B購03,0,0,0,0,0,0,0,0,0,-133000,0,0,0,0,133000,-133000,-133000
08026P,臺股指凱基9B售12,0,0,0,0,0,0,0,0,0,-134000,0,0,0,4000,138000,-134000,-134000
064822,台達電統一01購03,0,0,0,0,0,0,0,0,0,-134000,0,0,0,0,134000,-134000,-134000
064636,臺股指元大9C購22,0,0,0,0,0,0,0,0,0,-134000,0,0,0,8000,142000,-134000,-134000
055931,冠德群益97購02  ,0,0,0,0,0,0,0,0,0,-134000,0,0,0,45000,179000,-134000,-134000
054058,晶豪科國票98購01,0,0,0,0,0,0,0,0,0,-134000,0,0,0,0,134000,-134000,-134000
053582,英業達元大97購01,0,0,0,0,0,0,0,0,0,-134000,0,0,0,2000,136000,-134000,-134000
051484,玉晶光凱基97購01,0,0,0,0,0,0,0,0,0,-134000,0,0,0,181000,315000,-134000,-134000
063183,國巨凱基9B購12  ,0,0,0,0,0,0,0,0,0,-134000,0,0,0,0,134000,-134000,-134000
064690,台光電群益9C購02,30000,0,30000,0,0,0,0,0,0,-165000,0,0,0,0,165000,-165000,-135000
057706,臺股指群益98購06,0,0,0,0,0,0,0,0,0,-135000,0,0,0,25000,160000,-135000,-135000
061419,國巨元大9A購21  ,0,0,0,0,0,0,0,0,0,-135000,0,0,0,0,135000,-135000,-135000
062907,可成元大9C購03  ,0,0,0,0,0,0,0,0,0,-135000,0,0,0,72000,207000,-135000,-135000
07892P,臺股指國票9B售02,0,0,0,0,0,0,0,0,0,-136000,0,0,0,0,136000,-136000,-136000
061032,金像電永豐9A購03,0,0,0,0,0,0,0,0,0,-136000,0,0,0,27000,163000,-136000,-136000
057567,嘉聯益富邦9A購01,0,0,0,0,0,0,0,0,0,-136000,0,0,0,6000,142000,-136000,-136000
058213,欣興群益99購01  ,0,0,0,0,0,0,0,0,0,-136000,0,0,0,35000,171000,-136000,-136000
058095,昇陽半元大98購03,0,0,0,0,0,0,0,0,0,-136000,0,0,0,64000,200000,-136000,-136000
061731,旺宏統一9B購06  ,0,0,0,0,0,0,0,0,0,-136000,0,0,0,0,136000,-136000,-136000
059041,南茂群益99購02  ,0,0,0,0,0,0,0,0,0,-136000,0,0,0,18000,154000,-136000,-136000
057836,南亞科國泰9A購01,0,0,0,0,0,0,0,0,0,-136000,0,0,0,63000,199000,-136000,-136000
060242,潤泰全元大9C購01,0,0,0,0,0,0,0,0,0,-136000,0,0,0,74000,210000,-136000,-136000
062500,國巨群益01購01  ,0,0,0,0,0,0,0,0,0,-136000,0,0,0,37000,173000,-136000,-136000
061875,華新科元大9B購03,0,0,0,0,0,0,0,0,0,-136000,0,0,0,68000,204000,-136000,-136000
063408,茂林國票9C購02  ,0,0,0,0,0,0,0,0,0,-136000,0,0,0,3000,139000,-136000,-136000
2636,台驊投控        ,80000,198000,-118000,0,0,0,0,0,0,-19000,0,19000,-19000,0,0,0,-137000
054578,世芯元大99購01  ,0,0,0,0,0,0,0,0,0,-137000,0,0,0,22000,159000,-137000,-137000
058022,樺漢凱基99購02  ,0,0,0,0,0,0,0,0,0,-137000,0,0,0,9000,146000,-137000,-137000
057916,國巨凱基98購13  ,0,0,0,0,0,0,0,0,0,-137000,0,0,0,0,137000,-137000,-137000
064865,美律永豐9C購02  ,0,0,0,0,0,0,0,0,0,-138000,0,0,0,0,138000,-138000,-138000
058635,華新科兆豐99購03,0,0,0,0,0,0,0,0,0,-138000,0,0,0,0,138000,-138000,-138000
059125,台積電第一03購02,0,0,0,0,0,0,0,0,0,-138000,0,0,0,17000,155000,-138000,-138000
057770,亞德客群益98購01,0,0,0,0,0,0,0,0,0,-138000,0,0,0,1000,139000,-138000,-138000
063945,京元電元大9C購01,0,0,0,0,0,0,0,0,0,-138000,0,0,0,191000,329000,-138000,-138000
055244,國巨統一98購01  ,0,0,0,0,0,0,0,0,0,-139000,0,0,0,56000,195000,-139000,-139000
061244,和碩兆豐9A購01  ,0,0,0,0,0,0,0,0,0,-139000,0,0,0,2000,141000,-139000,-139000
063529,聯茂凱基9B購02  ,0,0,0,0,0,0,0,0,0,-139000,0,0,0,5000,144000,-139000,-139000
061646,力成元大9A購02  ,0,0,0,0,0,0,0,0,0,-139000,0,0,0,0,139000,-139000,-139000
062824,國巨群益9C購03  ,0,0,0,0,0,0,0,0,0,-139000,0,0,0,0,139000,-139000,-139000
064317,日月光群益9C購01,0,0,0,0,0,0,0,0,0,-140000,0,0,0,50000,190000,-140000,-140000
061835,華新科凱基02購03,0,0,0,0,0,0,0,0,0,-140000,0,0,0,5000,145000,-140000,-140000
060456,正隆元大9A購01  ,0,0,0,0,0,0,0,0,0,-140000,0,0,0,77000,217000,-140000,-140000
060020,康控康和99購01  ,0,0,0,0,0,0,0,0,0,-140000,0,0,0,157000,297000,-140000,-140000
059288,旺宏元富99購03  ,0,0,0,0,0,0,0,0,0,-140000,0,0,0,172000,312000,-140000,-140000
061448,旺宏中信9A購02  ,0,0,0,0,0,0,0,0,0,-140000,0,0,0,0,140000,-140000,-140000
064198,超眾群益9C購01  ,0,0,0,0,0,0,0,0,0,-140000,0,0,0,10000,150000,-140000,-140000
056731,國巨凱基98購04  ,0,0,0,0,0,0,0,0,0,-141000,0,0,0,0,141000,-141000,-141000
054134,強茂元大96購01  ,0,0,0,0,0,0,0,0,0,-141000,0,0,0,4000,145000,-141000,-141000
057306,玉晶光兆豐99購01,0,0,0,0,0,0,0,0,0,-141000,0,0,0,20000,161000,-141000,-141000
063891,國巨群益9C購07  ,0,0,0,0,0,0,0,0,0,-141000,0,0,0,86000,227000,-141000,-141000
063237,微星元大9B購02  ,0,0,0,0,0,0,0,0,0,-141000,0,0,0,0,141000,-141000,-141000
063306,聯茂凱基9C購01  ,0,0,0,0,0,0,0,0,0,-141000,0,0,0,57000,198000,-141000,-141000
061841,晶技凱基9C購01  ,0,0,0,0,0,0,0,0,0,-141000,0,0,0,9000,150000,-141000,-141000
061870,智邦元大9B購02  ,0,0,0,0,0,0,0,0,0,-141000,0,0,0,10000,151000,-141000,-141000
062974,奇力新元富9B購01,0,0,0,0,0,0,0,0,0,-141000,0,0,0,18000,159000,-141000,-141000
064612,聯電元大01購01  ,0,0,0,0,0,0,0,0,0,-142000,0,0,0,0,142000,-142000,-142000
061139,玉晶光統一9C購02,0,0,0,0,0,0,0,0,0,-142000,0,0,0,8000,150000,-142000,-142000
060567,華擎富邦9C購01  ,0,0,0,0,0,0,0,0,0,-142000,0,0,0,0,142000,-142000,-142000
058820,致茂國泰9B購01  ,0,0,0,0,0,0,0,0,0,-142000,0,0,0,9000,151000,-142000,-142000
061718,GIS凱基9B購01   ,0,0,0,0,0,0,0,0,0,-142000,0,0,0,55000,197000,-142000,-142000
062565,漢唐中信9C購01  ,0,0,0,0,0,0,0,0,0,-142000,0,0,0,63000,205000,-142000,-142000
062163,大毅國泰01購01  ,0,0,0,0,0,0,0,0,0,-142000,0,0,0,150000,292000,-142000,-142000
063244,華新科元大9B購11,0,0,0,0,0,0,0,0,0,-142000,0,0,0,11000,153000,-142000,-142000
063924,致新元富9C購01  ,0,0,0,0,0,0,0,0,0,-142000,0,0,0,85000,227000,-142000,-142000
063842,國巨元大9C購10  ,0,0,0,0,0,0,0,0,0,-142000,0,0,0,40000,182000,-142000,-142000
064934,南電統一01購02  ,0,0,0,0,0,0,0,0,0,-143000,0,0,0,0,143000,-143000,-143000
057043,台積電元大99購02,0,0,0,0,0,0,0,0,0,-143000,0,0,0,199000,342000,-143000,-143000
056211,南港國票98購01  ,0,0,0,0,0,0,0,0,0,-143000,0,0,0,121000,264000,-143000,-143000
060392,華擎群益9C購02  ,0,0,0,0,0,0,0,0,0,-143000,0,0,0,0,143000,-143000,-143000
064113,新日興國票01購01,0,0,0,0,0,0,0,0,0,-143000,0,0,0,50000,193000,-143000,-143000
063277,大成鋼元大9B購03,0,0,0,0,0,0,0,0,0,-143000,0,0,0,58000,201000,-143000,-143000
064874,和大兆豐9C購01  ,0,0,0,0,0,0,0,0,0,-144000,0,0,0,0,144000,-144000,-144000
064423,義隆兆豐9C購02  ,0,0,0,0,0,0,0,0,0,-144000,0,0,0,75000,219000,-144000,-144000
060406,瑞祺國泰9B購01  ,0,0,0,0,0,0,0,0,0,-144000,0,0,0,16000,160000,-144000,-144000
063155,緯穎元富9B購03  ,0,0,0,0,0,0,0,0,0,-144000,0,0,0,21000,165000,-144000,-144000
063470,泰鼎元大9B購03  ,0,0,0,0,0,0,0,0,0,-144000,0,0,0,175000,319000,-144000,-144000
064486,聚陽元大9C購01  ,0,0,0,0,0,0,0,0,0,-145000,0,0,0,22000,167000,-145000,-145000
064917,元大金統一02購01,0,0,0,0,0,0,0,0,0,-145000,0,0,0,0,145000,-145000,-145000
064765,緯穎凱基9C購02  ,0,0,0,0,0,0,0,0,0,-145000,0,0,0,16000,161000,-145000,-145000
064615,智邦元大01購01  ,0,0,0,0,0,0,0,0,0,-145000,0,0,0,15000,160000,-145000,-145000
054471,T50反1中信9C購01,0,0,0,0,0,0,0,0,0,-145000,0,0,0,75000,220000,-145000,-145000
051939,同欣電群益97購01,0,0,0,0,0,0,0,0,0,-145000,0,0,0,0,145000,-145000,-145000
060417,正隆永豐9A購01  ,0,0,0,0,0,0,0,0,0,-145000,0,0,0,27000,172000,-145000,-145000
060991,京鼎元大9A購01  ,0,0,0,0,0,0,0,0,0,-145000,0,0,0,9000,154000,-145000,-145000
059278,群創元大9A購04  ,0,0,0,0,0,0,0,0,0,-145000,0,0,0,20000,165000,-145000,-145000
060214,茂林康和9A購01  ,0,0,0,0,0,0,0,0,0,-145000,0,0,0,0,145000,-145000,-145000
063892,旺宏群益01購01  ,0,0,0,0,0,0,0,0,0,-145000,0,0,0,0,145000,-145000,-145000
062220,台光電統一01購01,10000,0,10000,0,0,0,0,0,0,-155000,0,0,0,375000,530000,-155000,-145000
061939,中租國票9B購01  ,0,0,0,0,0,0,0,0,0,-145000,0,0,0,5000,150000,-145000,-145000
062362,致茂元大9B購01  ,0,0,0,0,0,0,0,0,0,-145000,0,0,0,14000,159000,-145000,-145000
062750,可成中信9B購01  ,0,0,0,0,0,0,0,0,0,-145000,0,0,0,55000,200000,-145000,-145000
06617P,智邦元大98售03  ,0,0,0,0,0,0,0,0,0,-146000,0,0,0,4000,150000,-146000,-146000
06706P,智原台新98售02  ,0,0,0,0,0,0,0,0,0,-146000,0,0,0,0,146000,-146000,-146000
3090,日電貿          ,104000,254000,-150000,0,0,0,0,0,0,4000,2000,0,2000,2000,0,2000,-146000
1773,勝一            ,143000,265000,-122000,0,0,0,0,0,0,-24000,1000,25000,-24000,0,0,0,-146000
053728,茂林凱基97購01  ,0,0,0,0,0,0,0,0,0,-146000,0,0,0,8000,154000,-146000,-146000
058222,玉晶光統一9B購01,0,0,0,0,0,0,0,0,0,-146000,0,0,0,288000,434000,-146000,-146000
060824,旺宏元大9A購06  ,0,0,0,0,0,0,0,0,0,-146000,0,0,0,1000,147000,-146000,-146000
057964,緯穎元大99購03  ,0,0,0,0,0,0,0,0,0,-146000,0,0,0,0,146000,-146000,-146000
062224,玉晶光統一9C購03,0,0,0,0,0,0,0,0,0,-146000,0,0,0,4000,150000,-146000,-146000
062080,奇力新元大9B購02,0,0,0,0,0,0,0,0,0,-146000,0,0,0,0,146000,-146000,-146000
063131,聯茂元大9B購03  ,0,0,0,0,0,0,0,0,0,-146000,0,0,0,46000,192000,-146000,-146000
063187,全新凱基9B購02  ,0,0,0,0,0,0,0,0,0,-146000,0,0,0,56000,202000,-146000,-146000
054540,泰鼎國票99購01  ,0,0,0,0,0,0,0,0,0,-147000,0,0,0,17000,164000,-147000,-147000
057009,信邦中信99購01  ,0,0,0,0,0,0,0,0,0,-147000,0,0,0,53000,200000,-147000,-147000
061187,瀚宇博國泰9C購01,0,0,0,0,0,0,0,0,0,-147000,0,0,0,4000,151000,-147000,-147000
058356,華邦電凱基99購01,0,0,0,0,0,0,0,0,0,-147000,0,0,0,30000,177000,-147000,-147000
057745,泰鼎永豐99購01  ,0,0,0,0,0,0,0,0,0,-147000,0,0,0,130000,277000,-147000,-147000
064055,台郡統一02購01  ,0,0,0,0,0,0,0,0,0,-147000,0,0,0,50000,197000,-147000,-147000
062937,旺宏凱基9B購08  ,0,0,0,0,0,0,0,0,0,-147000,0,0,0,22000,169000,-147000,-147000
07729P,臺股指凱基9A售21,0,0,0,0,0,0,0,0,0,-148000,0,0,0,102000,250000,-148000,-148000
057479,致茂元大98購03  ,0,0,0,0,0,0,0,0,0,-148000,0,0,0,7000,155000,-148000,-148000
054556,世芯凱基99購01  ,0,0,0,0,0,0,0,0,0,-148000,0,0,0,248000,396000,-148000,-148000
03840P,台積電統一99售02,0,0,0,0,0,0,0,0,0,-148000,0,0,0,0,148000,-148000,-148000
060133,牧德群益9B購01  ,0,0,0,0,0,0,0,0,0,-148000,0,0,0,0,148000,-148000,-148000
059358,旺宏永豐99購02  ,0,0,0,0,0,0,0,0,0,-148000,0,0,0,0,148000,-148000,-148000
058989,茂林凱基99購02  ,0,0,0,0,0,0,0,0,0,-148000,0,0,0,60000,208000,-148000,-148000
061579,京鼎元大9A購02  ,0,0,0,0,0,0,0,0,0,-148000,0,0,0,8000,156000,-148000,-148000
061462,國巨群益9A購11  ,0,0,0,0,0,0,0,0,0,-148000,0,0,0,0,148000,-148000,-148000
063231,台泥元大9B購01  ,0,0,0,0,0,0,0,0,0,-148000,0,0,0,57000,205000,-148000,-148000
064782,健策群益9C購02  ,0,0,0,0,0,0,0,0,0,-149000,0,0,0,0,149000,-149000,-149000
060988,華新科元大9A購12,0,0,0,0,0,0,0,0,0,-149000,0,0,0,1000,150000,-149000,-149000
059873,華新科凱基99購09,0,0,0,0,0,0,0,0,0,-149000,0,0,0,0,149000,-149000,-149000
059787,奇力新元大9A購02,0,0,0,0,0,0,0,0,0,-149000,0,0,0,3000,152000,-149000,-149000
063307,同欣電凱基9B購02,0,0,0,0,0,0,0,0,0,-149000,0,0,0,78000,227000,-149000,-149000
063110,牧德兆豐9B購01  ,0,0,0,0,0,0,0,0,0,-149000,0,0,0,0,149000,-149000,-149000
064162,貿聯統一02購01  ,0,0,0,0,0,0,0,0,0,-149000,0,0,0,38000,187000,-149000,-149000
061941,道瓊指群益9B購01,0,0,0,0,0,0,0,0,0,-149000,0,0,0,1000,150000,-149000,-149000
07405P,大立光凱基99售17,0,0,0,0,0,0,0,0,0,-150000,0,0,0,50000,200000,-150000,-150000
07801P,上銀永豐9A售02  ,0,0,0,0,0,0,0,0,0,-150000,0,0,0,0,150000,-150000,-150000
07612P,國巨國泰9B售06  ,0,0,0,0,0,0,0,0,0,-150000,0,0,0,115000,265000,-150000,-150000
1710,東聯            ,698000,851000,-153000,0,0,0,0,0,0,3000,3000,0,3000,0,0,0,-150000
057461,國巨永豐98購07  ,0,0,0,0,0,0,0,0,0,-150000,0,0,0,50000,200000,-150000,-150000
061101,道瓊銀元大9A購02,0,0,0,0,0,0,0,0,0,-150000,0,0,0,10000,160000,-150000,-150000
061070,超眾凱基9C購01  ,0,0,0,0,0,0,0,0,0,-150000,0,0,0,0,150000,-150000,-150000
056448,全新凱基99購01  ,0,0,0,0,0,0,0,0,0,-150000,0,0,0,0,150000,-150000,-150000
059956,玉山金康和99購01,0,0,0,0,0,0,0,0,0,-150000,0,0,0,7000,157000,-150000,-150000
060450,南亞元大9A購02  ,0,0,0,0,0,0,0,0,0,-150000,0,0,0,61000,211000,-150000,-150000
061689,國巨群益9A購12  ,0,0,0,0,0,0,0,0,0,-150000,0,0,0,25000,175000,-150000,-150000
062486,瑞昱富邦9B購01  ,0,0,0,0,0,0,0,0,0,-150000,0,0,0,559000,709000,-150000,-150000
064024,漢唐元大9C購01  ,0,0,0,0,0,0,0,0,0,-150000,0,0,0,360000,510000,-150000,-150000
063928,可成統一01購02  ,0,0,0,0,0,0,0,0,0,-150000,0,0,0,19000,169000,-150000,-150000
063850,玉晶光元大9C購07,0,0,0,0,0,0,0,0,0,-150000,0,0,0,421000,571000,-150000,-150000
057353,玉晶光統一99購01,0,0,0,0,0,0,0,0,0,-151000,0,0,0,55000,206000,-151000,-151000
059907,道瓊指元大99購03,0,0,0,0,0,0,0,0,0,-151000,0,0,0,10000,161000,-151000,-151000
064086,旺宏凱基9C購01  ,0,0,0,0,0,0,0,0,0,-151000,0,0,0,25000,176000,-151000,-151000
063634,台光電元大9B購09,0,0,0,0,0,0,0,0,0,-151000,0,0,0,26000,177000,-151000,-151000
062132,神隆群益9B購01  ,0,0,0,0,0,0,0,0,0,-151000,0,0,0,442000,593000,-151000,-151000
055858,聯茂元大97購03  ,0,0,0,0,0,0,0,0,0,-152000,0,0,0,12000,164000,-152000,-152000
057649,嘉聯益元大99購04,0,0,0,0,0,0,0,0,0,-152000,0,0,0,0,152000,-152000,-152000
060806,華新科群益9A購03,0,0,0,0,0,0,0,0,0,-152000,0,0,0,4000,156000,-152000,-152000
057865,富邦金凱基98購01,0,0,0,0,0,0,0,0,0,-152000,0,0,0,89000,241000,-152000,-152000
058379,臺股指凱基99購14,0,0,0,0,0,0,0,0,0,-152000,0,0,0,1324000,1476000,-152000,-152000
063601,金像電凱基01購01,0,0,0,0,0,0,0,0,0,-152000,0,0,0,10000,162000,-152000,-152000
058443,T50正2富邦01購01,0,0,0,0,0,0,0,0,0,-153000,0,0,0,11000,164000,-153000,-153000
058801,致伸元大99購01  ,0,0,0,0,0,0,0,0,0,-153000,0,0,0,190000,343000,-153000,-153000
058248,聯茂元大99購05  ,0,0,0,0,0,0,0,0,0,-153000,0,0,0,9000,162000,-153000,-153000
061339,京元電元大9A購05,0,0,0,0,0,0,0,0,0,-153000,0,0,0,15000,168000,-153000,-153000
064027,義隆元大9C購01  ,0,0,0,0,0,0,0,0,0,-153000,0,0,0,30000,183000,-153000,-153000
064163,康控統一01購01  ,0,0,0,0,0,0,0,0,0,-153000,0,0,0,0,153000,-153000,-153000
08202P,台表科國泰01售04,0,0,0,0,0,0,0,0,0,-154000,0,0,0,54000,208000,-154000,-154000
064682,嘉聯益兆豐01購01,0,0,0,0,0,0,0,0,0,-154000,0,0,0,67000,221000,-154000,-154000
054208,台積電國票97購07,0,0,0,0,0,0,0,0,0,-154000,0,0,0,0,154000,-154000,-154000
052434,茂林國泰97購01  ,0,0,0,0,0,0,0,0,0,-154000,0,0,0,0,154000,-154000,-154000
060896,晶技凱基9A購02  ,0,0,0,0,0,0,0,0,0,-154000,0,0,0,36000,190000,-154000,-154000
063940,國巨元大01購02  ,0,0,0,0,0,0,0,0,0,-154000,0,0,0,4000,158000,-154000,-154000
063490,儒鴻富邦9C購01  ,0,0,0,0,0,0,0,0,0,-154000,0,0,0,440000,594000,-154000,-154000
062165,聯茂國泰01購01  ,0,0,0,0,0,0,0,0,0,-154000,0,0,0,64000,218000,-154000,-154000
062978,世芯元富9B購01  ,0,0,0,0,0,0,0,0,0,-154000,0,0,0,24000,178000,-154000,-154000
054947,興勤元大97購01  ,0,0,0,0,0,0,0,0,0,-155000,0,0,0,19000,174000,-155000,-155000
058323,泰鼎永豐9A購01  ,0,0,0,0,0,0,0,0,0,-155000,0,0,0,51000,206000,-155000,-155000
060625,華擎元大9A購01  ,0,0,0,0,0,0,0,0,0,-155000,0,0,0,27000,182000,-155000,-155000
060306,台肥永豐9A購01  ,0,0,0,0,0,0,0,0,0,-155000,0,0,0,0,155000,-155000,-155000
060800,華新科第一9A購01,0,0,0,0,0,0,0,0,0,-155000,0,0,0,0,155000,-155000,-155000
08147P,聯發科群益9B售10,0,0,0,0,0,0,0,0,0,-156000,0,0,0,69000,225000,-156000,-156000
057320,玉晶光凱基98購01,0,0,0,0,0,0,0,0,0,-156000,0,0,0,113000,269000,-156000,-156000
059101,康控統一9A購01  ,0,0,0,0,0,0,0,0,0,-156000,0,0,0,4000,160000,-156000,-156000
061024,南電國泰9B購01  ,0,0,0,0,0,0,0,0,0,-156000,0,0,0,134000,290000,-156000,-156000
058212,華新科群益9A購01,0,0,0,0,0,0,0,0,0,-156000,0,0,0,5000,161000,-156000,-156000
060089,台積電元大99購54,0,0,0,0,0,0,0,0,0,-156000,0,0,0,4000,160000,-156000,-156000
062573,大毅群益9B購03  ,0,0,0,0,0,0,0,0,0,-156000,0,0,0,40000,196000,-156000,-156000
061900,志超永豐9B購01  ,0,0,0,0,0,0,0,0,0,-156000,0,0,0,30000,186000,-156000,-156000
063426,茂林凱基9B購03  ,0,0,0,0,0,0,0,0,0,-156000,0,0,0,0,156000,-156000,-156000
063197,遠東新統一9C購01,0,0,0,0,0,0,0,0,0,-156000,0,0,0,30000,186000,-156000,-156000
064409,彩晶凱基04購01  ,0,0,0,0,0,0,0,0,0,-157000,0,0,0,1000,158000,-157000,-157000
056813,聯茂統一99購01  ,0,0,0,0,0,0,0,0,0,-157000,0,0,0,109000,266000,-157000,-157000
064167,緯穎統一01購03  ,0,0,0,0,0,0,0,0,0,-157000,0,0,0,74000,231000,-157000,-157000
064057,緯穎統一02購01  ,0,0,0,0,0,0,0,0,0,-157000,0,0,0,216000,373000,-157000,-157000
061678,玉晶光元大9B購04,0,0,0,0,0,0,0,0,0,-157000,0,0,0,100000,257000,-157000,-157000
064268,緯穎永豐9C購01  ,0,0,0,0,0,0,0,0,0,-158000,0,0,0,0,158000,-158000,-158000
055777,冠德凱基97購01  ,0,0,0,0,0,0,0,0,0,-158000,0,0,0,0,158000,-158000,-158000
056379,玉晶光元富98購01,0,0,0,0,0,0,0,0,0,-158000,0,0,0,4000,162000,-158000,-158000
059942,全新永豐99購04  ,0,0,0,0,0,0,0,0,0,-158000,0,0,0,0,158000,-158000,-158000
061369,T50反1國泰9B購03,0,0,0,0,0,0,0,0,0,-158000,0,0,0,45000,203000,-158000,-158000
062658,聯茂第一9B購01  ,0,0,0,0,0,0,0,0,0,-158000,0,0,0,61000,219000,-158000,-158000
063818,矽創群益9C購01  ,0,0,0,0,0,0,0,0,0,-158000,0,0,0,148000,306000,-158000,-158000
063138,聯發科統一01購05,0,0,0,0,0,0,0,0,0,-158000,0,0,0,42000,200000,-158000,-158000
063477,訊芯元大9B購01  ,0,0,0,0,0,0,0,0,0,-158000,0,0,0,22000,180000,-158000,-158000
6670,復盛應用        ,33000,68000,-35000,0,0,0,50000,99000,-49000,-74000,3000,77000,-74000,0,0,0,-158000
056880,緯穎國票98購02  ,0,0,0,0,0,0,0,0,0,-159000,0,0,0,0,159000,-159000,-159000
055902,同欣電中信99購01,0,0,0,0,0,0,0,0,0,-159000,0,0,0,466000,625000,-159000,-159000
058588,致茂中信9B購01  ,0,0,0,0,0,0,0,0,0,-159000,0,0,0,99000,258000,-159000,-159000
056702,欣興國泰9A購01  ,0,0,0,0,0,0,0,0,0,-159000,0,0,0,0,159000,-159000,-159000
056567,瀚宇博群益98購02,0,0,0,0,0,0,0,0,0,-159000,0,0,0,0,159000,-159000,-159000
055380,智易元大98購02  ,0,0,0,0,0,0,0,0,0,-159000,0,0,0,0,159000,-159000,-159000
059096,百和元大99購04  ,0,0,0,0,0,0,0,0,0,-159000,0,0,0,78000,237000,-159000,-159000
063563,國巨元大9C購07  ,0,0,0,0,0,0,0,0,0,-159000,0,0,0,20000,179000,-159000,-159000
064183,聯茂富邦01購01  ,0,0,0,0,0,0,0,0,0,-159000,0,0,0,33000,192000,-159000,-159000
062523,世紀鋼元大9C購03,0,0,0,0,0,0,0,0,0,-159000,0,0,0,0,159000,-159000,-159000
062884,康控兆豐9C購01  ,0,0,0,0,0,0,0,0,0,-159000,0,0,0,0,159000,-159000,-159000
062311,奇力新凱基9B購01,0,0,0,0,0,0,0,0,0,-159000,0,0,0,10000,169000,-159000,-159000
4137,麗豐-KY         ,54000,139000,-85000,0,0,0,0,62000,-62000,-12000,2000,20000,-18000,7000,1000,6000,-159000
064912,國巨統一01購09  ,0,0,0,0,0,0,0,0,0,-160000,0,0,0,4000,164000,-160000,-160000
056639,國產康和98購01  ,0,0,0,0,0,0,0,0,0,-160000,0,0,0,0,160000,-160000,-160000
053805,奇鋐凱基98購02  ,0,0,0,0,0,0,0,0,0,-160000,0,0,0,0,160000,-160000,-160000
060585,玉晶光元富9A購02,0,0,0,0,0,0,0,0,0,-160000,0,0,0,22000,182000,-160000,-160000
059856,昇陽半永豐99購03,0,0,0,0,0,0,0,0,0,-160000,0,0,0,2000,162000,-160000,-160000
060667,力成凱基9A購01  ,0,0,0,0,0,0,0,0,0,-160000,0,0,0,0,160000,-160000,-160000
061398,力成中信9A購01  ,0,0,0,0,0,0,0,0,0,-160000,0,0,0,0,160000,-160000,-160000
060874,中鋼中信02購01  ,0,0,0,0,0,0,0,0,0,-160000,0,0,0,15000,175000,-160000,-160000
062251,旺宏元大9B購06  ,0,0,0,0,0,0,0,0,0,-160000,0,0,0,76000,236000,-160000,-160000
062775,大成鋼元大9B購02,0,0,0,0,0,0,0,0,0,-160000,0,0,0,8000,168000,-160000,-160000
063557,聚陽元大9B購01  ,0,0,0,0,0,0,0,0,0,-160000,0,0,0,0,160000,-160000,-160000
063542,泰鼎元富9B購02  ,0,0,0,0,0,0,0,0,0,-160000,0,0,0,660000,820000,-160000,-160000
063224,泰鼎群益9B購02  ,0,0,0,0,0,0,0,0,0,-160000,0,0,0,115000,275000,-160000,-160000
063299,金寶凱基9B購01  ,0,0,0,0,0,0,0,0,0,-160000,0,0,0,0,160000,-160000,-160000
057990,美律統一99購02  ,0,0,0,0,0,0,0,0,0,-161000,0,0,0,0,161000,-161000,-161000
061157,聯鈞群益9A購02  ,0,0,0,0,0,0,0,0,0,-161000,0,0,0,0,161000,-161000,-161000
060127,牧德永豐99購02  ,0,0,0,0,0,0,0,0,0,-161000,0,0,0,42000,203000,-161000,-161000
064837,TPK統一9C購02   ,0,0,0,0,0,0,0,0,0,-162000,0,0,0,0,162000,-162000,-162000
1519,華城            ,786000,947000,-161000,0,0,0,0,0,0,-1000,1000,2000,-1000,0,0,0,-162000
057318,台光電凱基9A購01,0,0,0,0,0,0,0,0,0,-162000,0,0,0,21000,183000,-162000,-162000
056946,國巨統一98購05  ,0,0,0,0,0,0,0,0,0,-162000,0,0,0,36000,198000,-162000,-162000
059054,國巨凱基99購11  ,0,0,0,0,0,0,0,0,0,-162000,0,0,0,1000,163000,-162000,-162000
061194,聯鈞永豐9A購02  ,0,0,0,0,0,0,0,0,0,-162000,0,0,0,78000,240000,-162000,-162000
061950,日月光群益9B購01,0,0,0,0,0,0,0,0,0,-162000,0,0,0,10000,172000,-162000,-162000
064644,台光電凱基9C購01,0,0,0,0,0,0,0,0,0,-163000,0,0,0,0,163000,-163000,-163000
057054,立積元大98購03  ,0,0,0,0,0,0,0,0,0,-163000,0,0,0,100000,263000,-163000,-163000
057516,和鑫元富98購01  ,0,0,0,0,0,0,0,0,0,-163000,0,0,0,0,163000,-163000,-163000
060987,華新科元大9A購11,0,0,0,0,0,0,0,0,0,-163000,0,0,0,74000,237000,-163000,-163000
059923,緯穎元大99購09  ,0,0,0,0,0,0,0,0,0,-163000,0,0,0,27000,190000,-163000,-163000
060640,京鼎永豐9A購01  ,0,0,0,0,0,0,0,0,0,-163000,0,0,0,0,163000,-163000,-163000
061609,華新科統一9C購01,0,0,0,0,0,0,0,0,0,-163000,0,0,0,0,163000,-163000,-163000
062653,正隆永豐9B購01  ,0,0,0,0,0,0,0,0,0,-163000,0,0,0,147000,310000,-163000,-163000
063233,國巨元大9B購19  ,0,0,0,0,0,0,0,0,0,-163000,0,0,0,2000,165000,-163000,-163000
064491,金像電元大9C購03,0,0,0,0,0,0,0,0,0,-164000,0,0,0,0,164000,-164000,-164000
058625,旺宏國票9A購01  ,0,0,0,0,0,0,0,0,0,-164000,0,0,0,26000,190000,-164000,-164000
056605,台積電富邦9B購02,0,0,0,0,0,0,0,0,0,-164000,0,0,0,73000,237000,-164000,-164000
064144,智邦統一01購02  ,0,0,0,0,0,0,0,0,0,-164000,0,0,0,122000,286000,-164000,-164000
063960,南電元大9C購03  ,0,0,0,0,0,0,0,0,0,-164000,0,0,0,4000,168000,-164000,-164000
063872,嘉聯益永豐9C購01,0,0,0,0,0,0,0,0,0,-164000,0,0,0,0,164000,-164000,-164000
059671,滬深2X元富99購05,0,0,0,0,0,0,0,0,0,-165000,0,0,0,145000,310000,-165000,-165000
060123,光罩永豐99購02  ,0,0,0,0,0,0,0,0,0,-165000,0,0,0,18000,183000,-165000,-165000
063473,茂林元大9B購05  ,0,0,0,0,0,0,0,0,0,-165000,0,0,0,0,165000,-165000,-165000
061468,神達群益9A購01  ,0,0,0,0,0,0,0,0,0,-165000,0,0,0,0,165000,-165000,-165000
060455,葡萄王元大9A購02,0,0,0,0,0,0,0,0,0,-166000,0,0,0,274000,440000,-166000,-166000
063038,富邦金凱基9B購02,0,0,0,0,0,0,0,0,0,-166000,0,0,0,51000,217000,-166000,-166000
063728,國巨元大9B購21  ,0,0,0,0,0,0,0,0,0,-166000,0,0,0,2000,168000,-166000,-166000
064152,義隆統一02購02  ,0,0,0,0,0,0,0,0,0,-166000,0,0,0,570000,736000,-166000,-166000
064253,貿聯元富9C購01  ,0,0,0,0,0,0,0,0,0,-167000,0,0,0,71000,238000,-167000,-167000
3005,神基            ,251000,324000,-73000,0,0,0,0,0,0,-94000,11000,0,11000,0,105000,-105000,-167000
08277P,嘉晶元富9C售02  ,0,0,0,0,0,0,0,0,0,-167000,0,0,0,373000,540000,-167000,-167000
052622,貿聯兆豐97購01  ,0,0,0,0,0,0,0,0,0,-167000,0,0,0,0,167000,-167000,-167000
063802,南茂凱基9C購01  ,0,0,0,0,0,0,0,0,0,-167000,0,0,0,83000,250000,-167000,-167000
063120,台光電元大9C購01,0,0,0,0,0,0,0,0,0,-167000,0,0,0,136000,303000,-167000,-167000
1783,和康生          ,87000,255000,-168000,0,0,0,0,0,0,0,1000,1000,0,0,0,0,-168000
054527,國巨統一97購03  ,0,0,0,0,0,0,0,0,0,-168000,0,0,0,41000,209000,-168000,-168000
057798,貿聯兆豐99購01  ,0,0,0,0,0,0,0,0,0,-168000,0,0,0,45000,213000,-168000,-168000
063437,聚陽統一01購01  ,0,0,0,0,0,0,0,0,0,-168000,0,0,0,167000,335000,-168000,-168000
063567,漢唐元大9B購03  ,0,0,0,0,0,0,0,0,0,-168000,0,0,0,472000,640000,-168000,-168000
2467,志聖            ,269000,439000,-170000,0,0,0,0,0,0,1000,1000,0,1000,0,0,0,-169000
08106P,聯發科統一9B售09,0,0,0,0,0,0,0,0,0,-169000,0,0,0,71000,240000,-169000,-169000
07806P,健策永豐9A售02  ,0,0,0,0,0,0,0,0,0,-169000,0,0,0,0,169000,-169000,-169000
064287,日月光元大9C購01,0,0,0,0,0,0,0,0,0,-169000,0,0,0,30000,199000,-169000,-169000
064759,景碩凱基9C購01  ,0,0,0,0,0,0,0,0,0,-169000,0,0,0,220000,389000,-169000,-169000
061747,南亞科統一01購01,0,0,0,0,0,0,0,0,0,-169000,0,0,0,50000,219000,-169000,-169000
063163,京元電永豐9B購01,0,0,0,0,0,0,0,0,0,-169000,0,0,0,100000,269000,-169000,-169000
061488,奇力新兆豐9A購01,0,0,0,0,0,0,0,0,0,-169000,0,0,0,19000,188000,-169000,-169000
062184,奇鋐元大9B購02  ,0,0,0,0,0,0,0,0,0,-169000,0,0,0,7000,176000,-169000,-169000
064567,晶技群益01購01  ,0,0,0,0,0,0,0,0,0,-170000,0,0,0,160000,330000,-170000,-170000
052629,訊芯中信99購01  ,0,0,0,0,0,0,0,0,0,-170000,0,0,0,0,170000,-170000,-170000
048414,滬深2X統一98購01,0,0,0,0,0,0,0,0,0,-170000,0,0,0,0,170000,-170000,-170000
058205,神達凱基9B購01  ,0,0,0,0,0,0,0,0,0,-170000,0,0,0,0,170000,-170000,-170000
059644,茂林凱基99購03  ,0,0,0,0,0,0,0,0,0,-170000,0,0,0,0,170000,-170000,-170000
058763,和碩群益99購01  ,0,0,0,0,0,0,0,0,0,-170000,0,0,0,78000,248000,-170000,-170000
062057,華邦電統一01購01,0,0,0,0,0,0,0,0,0,-170000,0,0,0,176000,346000,-170000,-170000
062384,聯詠國泰9C購01  ,0,0,0,0,0,0,0,0,0,-170000,0,0,0,0,170000,-170000,-170000
062856,世芯永豐9B購02  ,0,0,0,0,0,0,0,0,0,-170000,0,0,0,18000,188000,-170000,-170000
063343,美律統一9C購01  ,0,0,0,0,0,0,0,0,0,-170000,0,0,0,40000,210000,-170000,-170000
064122,國巨元大9C購17  ,0,0,0,0,0,0,0,0,0,-170000,0,0,0,0,170000,-170000,-170000
064041,國巨統一01購07  ,0,0,0,0,0,0,0,0,0,-170000,0,0,0,87000,257000,-170000,-170000
064307,聚陽群益9C購03  ,0,0,0,0,0,0,0,0,0,-171000,0,0,0,93000,264000,-171000,-171000
064772,FBVIX群益9C購04 ,0,0,0,0,0,0,0,0,0,-171000,0,0,0,30000,201000,-171000,-171000
057176,全新元大99購02  ,0,0,0,0,0,0,0,0,0,-171000,0,0,0,0,171000,-171000,-171000
060684,同欣電元大9A購01,0,0,0,0,0,0,0,0,0,-171000,0,0,0,10000,181000,-171000,-171000
058440,玉晶光統一99購02,0,0,0,0,0,0,0,0,0,-171000,0,0,0,40000,211000,-171000,-171000
060958,儒鴻凱基9A購02  ,0,0,0,0,0,0,0,0,0,-171000,0,0,0,139000,310000,-171000,-171000
063914,和碩凱基9C購01  ,0,0,0,0,0,0,0,0,0,-171000,0,0,0,84000,255000,-171000,-171000
063536,美食統一01購01  ,0,0,0,0,0,0,0,0,0,-171000,0,0,0,137000,308000,-171000,-171000
063214,康控國票9C購01  ,0,0,0,0,0,0,0,0,0,-171000,0,0,0,35000,206000,-171000,-171000
061681,南電元大9A購08  ,0,0,0,0,0,0,0,0,0,-171000,0,0,0,10000,181000,-171000,-171000
062179,旺宏元大9B購05  ,0,0,0,0,0,0,0,0,0,-172000,0,0,0,1000,173000,-172000,-172000
062888,漢唐群益9B購01  ,0,0,0,0,0,0,0,0,0,-172000,0,0,0,280000,452000,-172000,-172000
063293,億豐元大9B購01  ,0,0,0,0,0,0,0,0,0,-172000,0,0,0,75000,247000,-172000,-172000
063598,國巨凱基9B購14  ,0,0,0,0,0,0,0,0,0,-172000,0,0,0,41000,213000,-172000,-172000
063806,瀚宇博兆豐01購01,0,0,0,0,0,0,0,0,0,-172000,0,0,0,0,172000,-172000,-172000
063799,華邦電凱基9C購02,0,0,0,0,0,0,0,0,0,-172000,0,0,0,24000,196000,-172000,-172000
064465,台表科統一01購02,0,0,0,0,0,0,0,0,0,-173000,0,0,0,0,173000,-173000,-173000
059546,FBVIX群益99購03 ,0,0,0,0,0,0,0,0,0,-173000,0,0,0,8000,181000,-173000,-173000
056088,台郡統一97購02  ,0,0,0,0,0,0,0,0,0,-173000,0,0,0,0,173000,-173000,-173000
057619,玉晶光凱基98購02,0,0,0,0,0,0,0,0,0,-173000,0,0,0,15000,188000,-173000,-173000
064365,美食統一01購02  ,0,0,0,0,0,0,0,0,0,-174000,0,0,0,0,174000,-174000,-174000
08440P,玉晶光國票01售05,0,0,0,0,0,0,0,0,0,-174000,0,0,0,0,174000,-174000,-174000
056883,美食康和98購01  ,0,0,0,0,0,0,0,0,0,-174000,0,0,0,0,174000,-174000,-174000
057056,立積元大99購02  ,0,0,0,0,0,0,0,0,0,-174000,0,0,0,31000,205000,-174000,-174000
061700,瑞昱國票9A購02  ,0,0,0,0,0,0,0,0,0,-174000,0,0,0,86000,260000,-174000,-174000
063932,世芯統一01購01  ,0,0,0,0,0,0,0,0,0,-174000,0,0,0,380000,554000,-174000,-174000
062564,矽創凱基9B購01  ,0,0,0,0,0,0,0,0,0,-174000,0,0,0,70000,244000,-174000,-174000
062780,旺宏元大01購01  ,0,0,0,0,0,0,0,0,0,-175000,0,0,0,93000,268000,-175000,-175000
061996,矽格元大9B購01  ,0,0,0,0,0,0,0,0,0,-175000,0,0,0,16000,191000,-175000,-175000
063909,旺宏凱基02購01  ,0,0,0,0,0,0,0,0,0,-175000,0,0,0,12000,187000,-175000,-175000
063738,奇鋐元大9B購03  ,0,0,0,0,0,0,0,0,0,-175000,0,0,0,61000,236000,-175000,-175000
064187,亞光永豐9C購01  ,0,0,0,0,0,0,0,0,0,-175000,0,0,0,65000,240000,-175000,-175000
064819,華新統一01購02  ,0,0,0,0,0,0,0,0,0,-176000,0,0,0,0,176000,-176000,-176000
064616,智邦元大9C購04  ,0,0,0,0,0,0,0,0,0,-176000,0,0,0,44000,220000,-176000,-176000
064705,新光金富邦01購01,0,0,0,0,0,0,0,0,0,-176000,0,0,0,0,176000,-176000,-176000
057512,華邦電台新98購01,0,0,0,0,0,0,0,0,0,-176000,0,0,0,0,176000,-176000,-176000
056818,正崴永豐98購01  ,0,0,0,0,0,0,0,0,0,-176000,0,0,0,0,176000,-176000,-176000
056670,樺漢國票99購01  ,0,0,0,0,0,0,0,0,0,-176000,0,0,0,0,176000,-176000,-176000
064527,裕隆中信01購01  ,0,0,0,0,0,0,0,0,0,-177000,0,0,0,0,177000,-177000,-177000
2103,台橡            ,231000,411000,-180000,0,0,0,0,0,0,3000,3000,0,3000,0,0,0,-177000
055265,玉晶光永豐98購03,0,0,0,0,0,0,0,0,0,-177000,0,0,0,43000,220000,-177000,-177000
00663L,國泰臺灣加權正2 ,0,50000,-50000,0,0,0,0,0,0,-127000,0,0,0,310000,437000,-127000,-177000
056501,貿聯富邦99購01  ,0,0,0,0,0,0,0,0,0,-177000,0,0,0,0,177000,-177000,-177000
058318,致茂永豐9A購01  ,0,0,0,0,0,0,0,0,0,-177000,0,0,0,68000,245000,-177000,-177000
055390,國巨統一98購03  ,0,0,0,0,0,0,0,0,0,-178000,0,0,0,0,178000,-178000,-178000
063808,台表科兆豐9C購01,0,0,0,0,0,0,0,0,0,-178000,0,0,0,107000,285000,-178000,-178000
062949,聯發科富邦01購01,0,0,0,0,0,0,0,0,0,-178000,0,0,0,113000,291000,-178000,-178000
064548,漢翔凱基9C購01  ,0,0,0,0,0,0,0,0,0,-179000,0,0,0,0,179000,-179000,-179000
058832,立積永豐99購01  ,0,0,0,0,0,0,0,0,0,-179000,0,0,0,25000,204000,-179000,-179000
059425,SGBR2X元大9A購02,0,0,0,0,0,0,0,0,0,-179000,0,0,0,197000,376000,-179000,-179000
062803,嘉晶統一9B購02  ,0,0,0,0,0,0,0,0,0,-179000,0,0,0,0,179000,-179000,-179000
063642,茂林元大9B購08  ,0,0,0,0,0,0,0,0,0,-179000,0,0,0,50000,229000,-179000,-179000
064370,聯茂統一02購01  ,0,0,0,0,0,0,0,0,0,-180000,0,0,0,208000,388000,-180000,-180000
07557P,玉晶光元大9A售09,0,0,0,0,0,0,0,0,0,-180000,0,0,0,60000,240000,-180000,-180000
059329,台灣50國票99購09,0,0,0,0,0,0,0,0,0,-180000,0,0,0,0,180000,-180000,-180000
061771,玉晶光元大9C購04,0,0,0,0,0,0,0,0,0,-180000,0,0,0,88000,268000,-180000,-180000
063551,美食國票9B購02  ,0,0,0,0,0,0,0,0,0,-180000,0,0,0,38000,218000,-180000,-180000
064030,泰碩元大01購01  ,0,0,0,0,0,0,0,0,0,-180000,0,0,0,29000,209000,-180000,-180000
062919,聯茂元大9B購01  ,0,0,0,0,0,0,0,0,0,-180000,0,0,0,142000,322000,-180000,-180000
062081,華新科元大9B購06,0,0,0,0,0,0,0,0,0,-180000,0,0,0,11000,191000,-180000,-180000
4119,旭富            ,431000,430000,1000,0,0,0,0,0,0,-181000,0,18000,-18000,13000,176000,-163000,-180000
064544,國巨凱基9C購09  ,0,0,0,0,0,0,0,0,0,-181000,0,0,0,20000,201000,-181000,-181000
054807,台化元大9A購02  ,0,0,0,0,0,0,0,0,0,-181000,0,0,0,0,181000,-181000,-181000
053449,超眾凱基98購01  ,0,0,0,0,0,0,0,0,0,-181000,0,0,0,40000,221000,-181000,-181000
061485,鴻海兆豐9A購01  ,0,0,0,0,0,0,0,0,0,-181000,0,0,0,0,181000,-181000,-181000
062501,台積電群益9C購03,0,0,0,0,0,0,0,0,0,-181000,0,0,0,25000,206000,-181000,-181000
063966,大毅國票01購01  ,0,0,0,0,0,0,0,0,0,-181000,0,0,0,58000,239000,-181000,-181000
063091,聯電中信9B購01  ,0,0,0,0,0,0,0,0,0,-181000,0,0,0,174000,355000,-181000,-181000
064304,信邦兆豐01購01  ,0,0,0,0,0,0,0,0,0,-182000,0,0,0,22000,204000,-182000,-182000
056555,矽創凱基98購01  ,0,0,0,0,0,0,0,0,0,-182000,0,0,0,130000,312000,-182000,-182000
055809,T50反1國票98購02,0,0,0,0,0,0,0,0,0,-182000,0,0,0,106000,288000,-182000,-182000
059241,旺宏凱基99購07  ,0,0,0,0,0,0,0,0,0,-182000,0,0,0,46000,228000,-182000,-182000
063292,致新元大9B購02  ,0,0,0,0,0,0,0,0,0,-182000,0,0,0,68000,250000,-182000,-182000
6202,盛群            ,188000,420000,-232000,0,0,0,0,0,0,50000,0,0,0,50000,0,50000,-182000
06929P,鴻海元大99售11  ,0,0,0,0,0,0,0,0,0,-183000,0,0,0,314000,497000,-183000,-183000
059560,T50反1凱基99購08,0,0,0,0,0,0,0,0,0,-183000,0,0,0,0,183000,-183000,-183000
054916,聯發科凱基98購04,0,0,0,0,0,0,0,0,0,-183000,0,0,0,64000,247000,-183000,-183000
059253,康控凱基9B購02  ,0,0,0,0,0,0,0,0,0,-183000,0,0,0,26000,209000,-183000,-183000
062282,禾伸堂群益9B購01,0,0,0,0,0,0,0,0,0,-183000,0,0,0,0,183000,-183000,-183000
060248,日月光元大9A購01,0,0,0,0,0,0,0,0,0,-184000,0,0,0,10000,194000,-184000,-184000
061620,禾伸堂群益9A購02,0,0,0,0,0,0,0,0,0,-184000,0,0,0,0,184000,-184000,-184000
063626,聚陽元大9B購03  ,0,0,0,0,0,0,0,0,0,-184000,0,0,0,34000,218000,-184000,-184000
07459P,緯穎元大9A售01  ,0,0,0,0,0,0,0,0,0,-185000,0,0,0,100000,285000,-185000,-185000
064443,同欣電凱基03購01,0,0,0,0,0,0,0,0,0,-185000,0,0,0,4000,189000,-185000,-185000
06477P,緯穎國票99售02  ,0,0,0,0,0,0,0,0,0,-185000,0,0,0,0,185000,-185000,-185000
054533,泰碩國泰98購01  ,0,0,0,0,0,0,0,0,0,-185000,0,0,0,35000,220000,-185000,-185000
056906,玉晶光元大9B購01,0,0,0,0,0,0,0,0,0,-185000,0,0,0,488000,673000,-185000,-185000
059143,國巨國票9A購04  ,0,0,0,0,0,0,0,0,0,-185000,0,0,0,30000,215000,-185000,-185000
058410,國巨兆豐99購03  ,0,0,0,0,0,0,0,0,0,-185000,0,0,0,18000,203000,-185000,-185000
060028,國揚永豐99購01  ,0,0,0,0,0,0,0,0,0,-185000,0,0,0,0,185000,-185000,-185000
061193,玉晶光永豐9B購02,0,0,0,0,0,0,0,0,0,-186000,0,0,0,20000,206000,-186000,-186000
063420,奇力新凱基9B購03,0,0,0,0,0,0,0,0,0,-186000,0,0,0,0,186000,-186000,-186000
061490,茂林兆豐9B購01  ,0,0,0,0,0,0,0,0,0,-186000,0,0,0,0,186000,-186000,-186000
062761,嘉晶凱基9C購01  ,0,0,0,0,0,0,0,0,0,-186000,0,0,0,108000,294000,-186000,-186000
062703,可成元大9C購02  ,0,0,0,0,0,0,0,0,0,-186000,0,0,0,28000,214000,-186000,-186000
062693,中石化元大02購01,0,0,0,0,0,0,0,0,0,-186000,0,0,0,0,186000,-186000,-186000
063496,儒鴻永豐9B購01  ,0,0,0,0,0,0,0,0,0,-187000,0,0,0,0,187000,-187000,-187000
064804,英業達元大9C購01,0,0,0,0,0,0,0,0,0,-188000,0,0,0,5000,193000,-188000,-188000
064433,金像電凱基02購01,0,0,0,0,0,0,0,0,0,-188000,0,0,0,0,188000,-188000,-188000
064560,技嘉群益01購01  ,0,0,0,0,0,0,0,0,0,-188000,0,0,0,0,188000,-188000,-188000
064037,寶成元大9C購02  ,0,0,0,0,0,0,0,0,0,-188000,0,0,0,68000,256000,-188000,-188000
062785,世芯元大9C購01  ,0,0,0,0,0,0,0,0,0,-188000,0,0,0,30000,218000,-188000,-188000
062665,智易群益9B購01  ,0,0,0,0,0,0,0,0,0,-188000,0,0,0,0,188000,-188000,-188000
062212,臻鼎台新9B購01  ,0,0,0,0,0,0,0,0,0,-188000,0,0,0,0,188000,-188000,-188000
5215,科嘉-KY         ,283000,458000,-175000,0,0,0,0,0,0,-13000,0,13000,-13000,0,0,0,-188000
07416P,台積電元大99售53,0,0,0,0,0,0,0,0,0,-189000,0,0,0,35000,224000,-189000,-189000
057161,亞德客元大98購02,0,0,0,0,0,0,0,0,0,-189000,0,0,0,112000,301000,-189000,-189000
057428,正崴兆豐98購01  ,0,0,0,0,0,0,0,0,0,-189000,0,0,0,30000,219000,-189000,-189000
058181,華新科國泰9B購01,0,0,0,0,0,0,0,0,0,-189000,0,0,0,3000,192000,-189000,-189000
062231,台光電麥證9C購01,0,0,0,10000,199000,-189000,0,0,0,-189000,0,0,0,10000,199000,-189000,-189000
063615,瑞祺群益9B購03  ,0,0,0,0,0,0,0,0,0,-189000,0,0,0,0,189000,-189000,-189000
063458,正隆元大9B購01  ,0,0,0,0,0,0,0,0,0,-189000,0,0,0,73000,262000,-189000,-189000
9944,新麗            ,102000,291000,-189000,0,0,0,0,0,0,0,0,0,0,0,0,0,-189000
064495,南亞科元大9C購03,0,0,0,0,0,0,0,0,0,-190000,0,0,0,10000,200000,-190000,-190000
058518,玉晶光元大99購13,0,0,0,0,0,0,0,0,0,-190000,0,0,0,15000,205000,-190000,-190000
057618,台光電凱基99購01,0,0,0,0,0,0,0,0,0,-190000,0,0,0,30000,220000,-190000,-190000
063418,京元電凱基9B購03,0,0,0,0,0,0,0,0,0,-190000,0,0,0,0,190000,-190000,-190000
063607,中租凱基9B購02  ,0,0,0,0,0,0,0,0,0,-190000,0,0,0,10000,200000,-190000,-190000
063902,志超群益9C購01  ,0,0,0,0,0,0,0,0,0,-190000,0,0,0,10000,200000,-190000,-190000
08036P,嘉澤群益9B售03  ,0,0,0,0,0,0,0,0,0,-191000,0,0,0,94000,285000,-191000,-191000
061713,華邦電凱基9A購01,0,0,0,0,0,0,0,0,0,-191000,0,0,0,0,191000,-191000,-191000
057940,和大國票99購01  ,0,0,0,0,0,0,0,0,0,-191000,0,0,0,68000,259000,-191000,-191000
058666,上証反群益01購01,0,0,0,0,0,0,0,0,0,-191000,0,0,0,10000,201000,-191000,-191000
063586,燿華永豐9B購02  ,0,0,0,0,0,0,0,0,0,-191000,0,0,0,0,191000,-191000,-191000
063641,泰鼎元大9B購04  ,0,0,0,0,0,0,0,0,0,-191000,0,0,0,397000,588000,-191000,-191000
063462,金像電元大9C購01,0,0,0,0,0,0,0,0,0,-191000,0,0,0,50000,241000,-191000,-191000
03427B,臺股指元大9A熊02,0,0,0,0,0,0,0,0,0,-192000,0,0,0,12000,204000,-192000,-192000
056459,茂林凱基99購01  ,0,0,0,0,0,0,0,0,0,-192000,0,0,0,113000,305000,-192000,-192000
058797,大毅元大99購03  ,0,0,0,0,0,0,0,0,0,-192000,0,0,0,15000,207000,-192000,-192000
060130,瀚宇博永豐99購02,0,0,0,0,0,0,0,0,0,-192000,0,0,0,0,192000,-192000,-192000
061877,貿聯元大9B購01  ,0,0,0,0,0,0,0,0,0,-192000,0,0,0,0,192000,-192000,-192000
062708,立積元大9B購01  ,0,0,0,0,0,0,0,0,0,-192000,0,0,0,86000,278000,-192000,-192000
064613,聯電元大9C購05  ,0,0,0,0,0,0,0,0,0,-193000,0,0,0,0,193000,-193000,-193000
056058,建準元大97購02  ,0,0,0,0,0,0,0,0,0,-193000,0,0,0,10000,203000,-193000,-193000
057442,玉晶光統一98購03,0,0,0,0,0,0,0,0,0,-193000,0,0,0,726000,919000,-193000,-193000
057183,玉晶光元大99購07,0,0,0,0,0,0,0,0,0,-193000,0,0,0,238000,431000,-193000,-193000
00631L,元大台灣50正2   ,659000,834000,-175000,0,0,0,0,0,0,-18000,8000,0,8000,2779000,2805000,-26000,-193000
060747,聯鈞國票9A購02  ,0,0,0,0,0,0,0,0,0,-193000,0,0,0,11000,204000,-193000,-193000
058363,全新凱基9A購02  ,0,0,0,0,0,0,0,0,0,-193000,0,0,0,60000,253000,-193000,-193000
062666,和碩群益9B購01  ,0,0,0,0,0,0,0,0,0,-193000,0,0,0,64000,257000,-193000,-193000
063874,志超永豐9C購01  ,0,0,0,0,0,0,0,0,0,-193000,0,0,0,0,193000,-193000,-193000
064867,華新科永豐9C購03,0,0,0,0,0,0,0,0,0,-194000,0,0,0,1000,195000,-194000,-194000
062904,台光電元大9B購06,0,0,0,0,0,0,0,0,0,-194000,0,0,0,121000,315000,-194000,-194000
062017,京鼎永豐9B購01  ,0,0,0,0,0,0,0,0,0,-194000,0,0,0,0,194000,-194000,-194000
064960,世紀鋼凱基03購01,0,0,0,0,0,0,0,0,0,-195000,0,0,0,0,195000,-195000,-195000
064665,南亞科元大9C購06,0,0,0,0,0,0,0,0,0,-195000,0,0,0,0,195000,-195000,-195000
06661P,玉晶光永豐98售05,0,0,0,0,0,0,0,0,0,-195000,0,0,0,0,195000,-195000,-195000
1504,東元            ,561000,835000,-274000,0,0,0,0,0,0,79000,8000,8000,0,88000,9000,79000,-195000
054695,世芯永豐98購01  ,0,0,0,0,0,0,0,0,0,-195000,0,0,0,35000,230000,-195000,-195000
057053,立積元大98購02  ,0,0,0,0,0,0,0,0,0,-195000,0,0,0,55000,250000,-195000,-195000
059581,日月光元富99購02,0,0,0,0,0,0,0,0,0,-195000,0,0,0,307000,502000,-195000,-195000
056492,全新國泰9A購01  ,0,0,0,0,0,0,0,0,0,-195000,0,0,0,0,195000,-195000,-195000
062923,緯穎元大9B購06  ,0,0,0,0,0,0,0,0,0,-195000,0,0,0,0,195000,-195000,-195000
9958,世紀鋼          ,362000,554000,-192000,0,0,0,0,0,0,-3000,1000,20000,-19000,33000,17000,16000,-195000
064830,可成統一9C購04  ,0,0,0,0,0,0,0,0,0,-196000,0,0,0,15000,211000,-196000,-196000
064354,同欣電元大9C購05,0,0,0,0,0,0,0,0,0,-196000,0,0,0,38000,234000,-196000,-196000
054317,昇陽半凱基98購01,0,0,0,0,0,0,0,0,0,-196000,0,0,0,4000,200000,-196000,-196000
058813,旺宏統一9B購04  ,0,0,0,0,0,0,0,0,0,-196000,0,0,0,66000,262000,-196000,-196000
057837,康控國泰99購02  ,0,0,0,0,0,0,0,0,0,-196000,0,0,0,161000,357000,-196000,-196000
058926,勤誠元富99購01  ,0,0,0,0,0,0,0,0,0,-196000,0,0,0,4000,200000,-196000,-196000
059954,華新科康和99購01,0,0,0,0,0,0,0,0,0,-196000,0,0,0,215000,411000,-196000,-196000
058105,旺宏統一9A購02  ,0,0,0,0,0,0,0,0,0,-196000,0,0,0,76000,272000,-196000,-196000
062408,致新永豐9B購01  ,0,0,0,0,0,0,0,0,0,-196000,0,0,0,5000,201000,-196000,-196000
064731,台郡統一01購02  ,0,0,0,0,0,0,0,0,0,-197000,0,0,0,0,197000,-197000,-197000
055584,國巨元大97購11  ,0,0,0,0,0,0,0,0,0,-197000,0,0,0,3000,200000,-197000,-197000
062462,GIS群益9B購01   ,0,0,0,0,0,0,0,0,0,-197000,0,0,0,8000,205000,-197000,-197000
07170P,臺股指國票99售07,0,0,0,0,0,0,0,0,0,-198000,0,0,0,166000,364000,-198000,-198000
07044P,台積電元大99售13,0,0,0,0,0,0,0,0,0,-198000,0,0,0,2000,200000,-198000,-198000
055787,聯茂凱基99購01  ,0,0,0,0,0,0,0,0,0,-198000,0,0,0,143000,341000,-198000,-198000
061027,儒鴻永豐9A購02  ,0,0,0,0,0,0,0,0,0,-198000,0,0,0,0,198000,-198000,-198000
059947,貿聯永豐99購03  ,0,0,0,0,0,0,0,0,0,-198000,0,0,0,10000,208000,-198000,-198000
058838,國巨中信99購03  ,0,0,0,0,0,0,0,0,0,-198000,0,0,0,24000,222000,-198000,-198000
063298,統一凱基9B購01  ,0,0,0,0,0,0,0,0,0,-198000,0,0,0,170000,368000,-198000,-198000
058771,神達兆豐99購01  ,0,0,0,0,0,0,0,0,0,-199000,0,0,0,0,199000,-199000,-199000
058688,矽創凱基9A購01  ,0,0,0,0,0,0,0,0,0,-199000,0,0,0,2000,201000,-199000,-199000
060790,日月光富邦9A購01,0,0,0,0,0,0,0,0,0,-199000,0,0,0,336000,535000,-199000,-199000
064101,可成群益01購01  ,0,0,0,0,0,0,0,0,0,-199000,0,0,0,3000,202000,-199000,-199000
064490,金像電元大9C購02,0,0,0,0,0,0,0,0,0,-200000,0,0,0,0,200000,-200000,-200000
056979,微星群益98購01  ,0,0,0,0,0,0,0,0,0,-200000,0,0,0,0,200000,-200000,-200000
056928,旺宏台新98購01  ,0,0,0,0,0,0,0,0,0,-200000,0,0,0,0,200000,-200000,-200000
056891,國巨元大99購03  ,0,0,0,0,0,0,0,0,0,-200000,0,0,0,18000,218000,-200000,-200000
056498,A50正2富邦9B購01,0,0,0,0,0,0,0,0,0,-200000,0,0,0,0,200000,-200000,-200000
056348,S&P反1元大9A購01,0,0,0,0,0,0,0,0,0,-200000,0,0,0,0,200000,-200000,-200000
054426,國泰金富邦97購02,0,0,0,0,0,0,0,0,0,-200000,0,0,0,21000,221000,-200000,-200000
038489,T50反1台新9A購01,0,0,0,0,0,0,0,0,0,-200000,0,0,0,0,200000,-200000,-200000
053276,友達元大9C購01  ,0,0,0,0,0,0,0,0,0,-200000,0,0,0,0,200000,-200000,-200000
060575,大立光中信9B購02,0,0,0,0,0,0,0,0,0,-200000,0,0,0,0,200000,-200000,-200000
058207,南茂凱基99購01  ,0,0,0,0,0,0,0,0,0,-200000,0,0,0,121000,321000,-200000,-200000
063780,高鐵永豐9B購02  ,0,0,0,0,0,0,0,0,0,-200000,0,0,0,0,200000,-200000,-200000
063415,台積電凱基03購01,0,0,0,0,0,0,0,0,0,-200000,0,0,0,6000,206000,-200000,-200000
063358,華擎國泰01購01  ,0,0,0,0,0,0,0,0,0,-200000,0,0,0,0,200000,-200000,-200000
062868,葡萄王中信9B購01,0,0,0,0,0,0,0,0,0,-200000,0,0,0,68000,268000,-200000,-200000
062932,滬深2X凱基01購01,0,0,0,0,0,0,0,0,0,-200000,0,0,0,0,200000,-200000,-200000
062002,鴻海國泰01購01  ,0,0,0,0,0,0,0,0,0,-200000,0,0,0,40000,240000,-200000,-200000
062158,禾伸堂凱基9B購01,0,0,0,0,0,0,0,0,0,-200000,0,0,0,0,200000,-200000,-200000
062138,力成群益9B購01  ,0,0,0,0,0,0,0,0,0,-200000,0,0,0,27000,227000,-200000,-200000
2468,華經            ,127000,312000,-185000,0,0,0,0,0,0,-16000,0,16000,-16000,0,0,0,-201000
061547,禾伸堂群益9A購01,0,0,0,0,0,0,0,0,0,-201000,0,0,0,50000,251000,-201000,-201000
062060,奇鋐統一9C購01  ,0,0,0,0,0,0,0,0,0,-201000,0,0,0,222000,423000,-201000,-201000
063623,祥碩兆豐9B購02  ,0,0,0,0,0,0,0,0,0,-201000,0,0,0,145000,346000,-201000,-201000
063250,同欣電元大9B購03,0,0,0,0,0,0,0,0,0,-201000,0,0,0,15000,216000,-201000,-201000
063908,國巨凱基9C購06  ,0,0,0,0,0,0,0,0,0,-201000,0,0,0,41000,242000,-201000,-201000
07933P,大立光富邦9C售06,0,0,0,0,0,0,0,0,0,-202000,0,0,0,0,202000,-202000,-202000
064343,健鼎元大9C購01  ,0,0,0,0,0,0,0,0,0,-202000,0,0,0,114000,316000,-202000,-202000
056649,智易凱基98購01  ,0,0,0,0,0,0,0,0,0,-202000,0,0,0,0,202000,-202000,-202000
061491,嘉聯益兆豐9B購01,0,0,0,0,0,0,0,0,0,-202000,0,0,0,5000,207000,-202000,-202000
056469,國巨元大99購01  ,0,0,0,0,0,0,0,0,0,-203000,0,0,0,20000,223000,-203000,-203000
058068,旺宏凱基98購11  ,0,0,0,0,0,0,0,0,0,-203000,0,0,0,54000,257000,-203000,-203000
063322,台郡群益9B購02  ,0,0,0,0,0,0,0,0,0,-203000,0,0,0,40000,243000,-203000,-203000
061405,亞德客國票9B購01,0,0,0,0,0,0,0,0,0,-204000,0,0,0,0,204000,-204000,-204000
061549,泰碩群益9A購01  ,0,0,0,0,0,0,0,0,0,-204000,0,0,0,28000,232000,-204000,-204000
062939,奇力新凱基9B購02,0,0,0,0,0,0,0,0,0,-204000,0,0,0,25000,229000,-204000,-204000
064694,玉晶光群益02購02,0,0,0,0,0,0,0,0,0,-205000,0,0,0,97000,302000,-205000,-205000
07408P,台積電兆豐99售06,0,0,0,0,0,0,0,0,0,-205000,0,0,0,110000,315000,-205000,-205000
056917,國巨兆豐98購03  ,0,0,0,0,0,0,0,0,0,-205000,0,0,0,5000,210000,-205000,-205000
062944,茂林凱基9B購02  ,0,0,0,0,0,0,0,0,0,-205000,0,0,0,0,205000,-205000,-205000
063259,廣達富邦9C購01  ,0,0,0,0,0,0,0,0,0,-205000,0,0,0,4000,209000,-205000,-205000
064000,台郡兆豐9C購01  ,0,0,0,0,0,0,0,0,0,-205000,0,0,0,97000,302000,-205000,-205000
056475,宏達電元大99購02,0,0,0,0,0,0,0,0,0,-206000,0,0,0,257000,463000,-206000,-206000
057595,健鼎兆豐98購01  ,0,0,0,0,0,0,0,0,0,-206000,0,0,0,377000,583000,-206000,-206000
048270,T50反1富邦99購01,0,0,0,0,0,0,0,0,0,-206000,0,0,0,1000,207000,-206000,-206000
060114,緯穎元大99購10  ,0,0,0,0,0,0,0,0,0,-206000,0,0,0,31000,237000,-206000,-206000
062829,泰碩群益9B購01  ,0,0,0,0,0,0,0,0,0,-206000,0,0,0,0,206000,-206000,-206000
6176,瑞儀            ,394800,677000,-282200,0,0,0,85000,0,85000,-9000,62000,22000,40000,13000,62000,-49000,-206200
064721,國泰金統一02購01,0,0,0,0,0,0,0,0,0,-207000,0,0,0,96000,303000,-207000,-207000
055232,泰碩國票98購01  ,0,0,0,0,0,0,0,0,0,-207000,0,0,0,44000,251000,-207000,-207000
060061,旺宏兆豐99購02  ,0,0,0,0,0,0,0,0,0,-207000,0,0,0,42000,249000,-207000,-207000
06684P,緯穎元大98售06  ,0,0,0,0,0,0,0,0,0,-208000,0,0,0,42000,250000,-208000,-208000
064053,祥碩統一02購01  ,0,0,0,0,0,0,0,0,0,-208000,0,0,0,50000,258000,-208000,-208000
063281,京元電元大9B購01,0,0,0,0,0,0,0,0,0,-208000,0,0,0,122000,330000,-208000,-208000
063025,超眾元大9B購01  ,0,0,0,0,0,0,0,0,0,-208000,0,0,0,34000,242000,-208000,-208000
2314,台揚            ,378000,590000,-212000,0,0,0,0,0,0,3000,3000,0,3000,0,0,0,-209000
064464,台郡統一01購01  ,0,0,0,0,0,0,0,0,0,-210000,0,0,0,35000,245000,-210000,-210000
052699,友達國票97購01  ,0,209000,-209000,0,0,0,0,0,0,-1000,0,0,0,299000,300000,-1000,-210000
058590,南電中信9A購02  ,0,0,0,0,0,0,0,0,0,-210000,0,0,0,31000,241000,-210000,-210000
057395,旺宏中信98購03  ,0,0,0,0,0,0,0,0,0,-210000,0,0,0,0,210000,-210000,-210000
060159,健和興永豐9A購01,0,0,0,0,0,0,0,0,0,-210000,0,0,0,0,210000,-210000,-210000
060236,精元元大9C購01  ,0,0,0,0,0,0,0,0,0,-210000,0,0,0,49000,259000,-210000,-210000
059277,群創元大99購05  ,0,0,0,0,0,0,0,0,0,-210000,0,0,0,0,210000,-210000,-210000
063349,台郡統一9C購01  ,0,0,0,0,0,0,0,0,0,-210000,0,0,0,79000,289000,-210000,-210000
063347,祥碩統一01購03  ,0,0,0,0,0,0,0,0,0,-210000,0,0,0,0,210000,-210000,-210000
07263P,台積電元大99售37,0,0,0,0,0,0,0,0,0,-211000,0,0,0,44000,255000,-211000,-211000
057149,京鼎國票99購02  ,0,0,0,0,0,0,0,0,0,-211000,0,0,0,65000,276000,-211000,-211000
060676,京元電元大9A購03,0,0,0,0,0,0,0,0,0,-211000,0,0,0,3000,214000,-211000,-211000
061205,旺宏元大9A購11  ,0,0,0,0,0,0,0,0,0,-211000,0,0,0,13000,224000,-211000,-211000
06766P,玉晶光元大99售10,0,0,0,0,0,0,0,0,0,-212000,0,0,0,418000,630000,-212000,-212000
064861,緯創富邦9C購01  ,0,0,0,0,0,0,0,0,0,-212000,0,0,0,0,212000,-212000,-212000
057307,瀚宇博兆豐99購01,0,0,0,0,0,0,0,0,0,-212000,0,0,0,105000,317000,-212000,-212000
05755P,臺股指中信99售04,0,0,0,0,0,0,0,0,0,-212000,0,0,0,32000,244000,-212000,-212000
059005,嘉晶元大99購06  ,0,0,0,0,0,0,0,0,0,-212000,0,0,0,10000,222000,-212000,-212000
058434,旺宏統一9B購01  ,0,0,0,0,0,0,0,0,0,-212000,0,0,0,50000,262000,-212000,-212000
059867,華邦電凱基99購02,0,0,0,0,0,0,0,0,0,-212000,0,0,0,15000,227000,-212000,-212000
063433,臻鼎元富9B購01  ,0,0,0,0,0,0,0,0,0,-212000,0,0,0,146000,358000,-212000,-212000
064452,微星統一01購02  ,0,0,0,0,0,0,0,0,0,-213000,0,0,0,35000,248000,-213000,-213000
057450,國泰金元富98購01,0,0,0,0,0,0,0,0,0,-213000,0,0,0,455000,668000,-213000,-213000
059195,國巨永豐99購04  ,0,0,0,0,0,0,0,0,0,-213000,0,0,0,3000,216000,-213000,-213000
063145,台表科統一02購01,0,0,0,0,0,0,0,0,0,-213000,0,0,0,18000,231000,-213000,-213000
3016,嘉晶            ,1116000,1320000,-204000,0,0,0,0,205000,-205000,195000,98000,9000,89000,126000,20000,106000,-214000
056198,台光電永豐97購02,0,0,0,0,0,0,0,0,0,-214000,0,0,0,125000,339000,-214000,-214000
07719P,臺股指群益9A售08,0,0,0,0,0,0,0,0,0,-215000,0,0,0,160000,375000,-215000,-215000
059006,樺漢元大99購01  ,0,0,0,0,0,0,0,0,0,-215000,0,0,0,0,215000,-215000,-215000
059453,奇力新永豐99購01,0,0,0,0,0,0,0,0,0,-216000,0,0,0,82000,298000,-216000,-216000
051485,玉晶光凱基97購02,0,0,0,0,0,0,0,0,0,-217000,0,0,0,105000,322000,-217000,-217000
059454,亞光永豐99購01  ,0,0,0,0,0,0,0,0,0,-217000,0,0,0,144000,361000,-217000,-217000
060424,中租永豐9A購01  ,0,0,0,0,0,0,0,0,0,-217000,0,0,0,26000,243000,-217000,-217000
061210,玉山金元大9A購02,0,0,0,0,0,0,0,0,0,-217000,0,0,0,51000,268000,-217000,-217000
047564,滬深2X國票99購01,0,0,0,0,0,0,0,0,0,-218000,0,0,0,119000,337000,-218000,-218000
057347,國巨統一9A購03  ,0,0,0,0,0,0,0,0,0,-218000,0,0,0,98000,316000,-218000,-218000
058559,華新科日盛99購02,0,0,0,0,0,0,0,0,0,-218000,0,0,0,0,218000,-218000,-218000
059761,國巨永豐99購06  ,0,0,0,0,0,0,0,0,0,-218000,0,0,0,60000,278000,-218000,-218000
064006,晶技凱基9C購02  ,0,0,0,0,0,0,0,0,0,-218000,0,0,0,1000,219000,-218000,-218000
061633,統一元大9A購01  ,0,0,0,0,0,0,0,0,0,-218000,0,0,0,89000,307000,-218000,-218000
064704,嘉晶國泰01購01  ,0,0,0,0,0,0,0,0,0,-219000,0,0,0,47000,266000,-219000,-219000
056398,南茂永豐98購01  ,0,0,0,0,0,0,0,0,0,-219000,0,0,0,105000,324000,-219000,-219000
058287,國巨國票9A購02  ,0,0,0,0,0,0,0,0,0,-219000,0,0,0,20000,239000,-219000,-219000
060367,緯穎元富9A購02  ,0,0,0,0,0,0,0,0,0,-219000,0,0,0,103000,322000,-219000,-219000
063288,泰鼎元大9B購02  ,0,0,0,0,0,0,0,0,0,-219000,0,0,0,65000,284000,-219000,-219000
063221,京元電群益9B購02,0,0,0,0,0,0,0,0,0,-219000,0,0,0,0,219000,-219000,-219000
055225,華邦電國票99購01,0,0,0,0,0,0,0,0,0,-220000,0,0,0,0,220000,-220000,-220000
054237,茂林群益97購01  ,0,0,0,0,0,0,0,0,0,-220000,0,0,0,0,220000,-220000,-220000
057719,欣興元富02購01  ,0,0,0,0,0,0,0,0,0,-220000,0,0,0,280000,500000,-220000,-220000
058494,可成群益9B購01  ,0,0,0,0,0,0,0,0,0,-220000,0,0,0,39000,259000,-220000,-220000
059510,華新科永豐99購07,0,0,0,0,0,0,0,0,0,-220000,0,0,0,4000,224000,-220000,-220000
064382,台積電國泰01購01,0,0,0,0,0,0,0,0,0,-221000,0,0,0,14000,235000,-221000,-221000
056320,京鼎群益99購01  ,0,0,0,0,0,0,0,0,0,-221000,0,0,0,80000,301000,-221000,-221000
056478,晶技元大99購01  ,0,0,0,0,0,0,0,0,0,-221000,0,0,0,25000,246000,-221000,-221000
057055,立積元大99購01  ,0,0,0,0,0,0,0,0,0,-221000,0,0,0,88000,309000,-221000,-221000
063445,金像電統一9B購01,0,0,0,0,0,0,0,0,0,-221000,0,0,0,8000,229000,-221000,-221000
061696,南茂群益9A購01  ,0,0,0,0,0,0,0,0,0,-221000,0,0,0,147000,368000,-221000,-221000
049700,瀚宇博元大97購01,0,0,0,0,0,0,0,0,0,-222000,0,0,0,4000,226000,-222000,-222000
057956,全新元大99購04  ,0,0,0,0,0,0,0,0,0,-222000,0,0,0,0,222000,-222000,-222000
063619,聯發科兆豐01購01,0,0,0,0,0,0,0,0,0,-222000,0,0,0,0,222000,-222000,-222000
063976,正崴兆豐9C購01  ,0,0,0,0,0,0,0,0,0,-222000,0,0,0,0,222000,-222000,-222000
057357,超眾統一98購01  ,0,0,0,0,0,0,0,0,0,-223000,0,0,0,21000,244000,-223000,-223000
062289,緯穎群益9B購01  ,0,0,0,0,0,0,0,0,0,-223000,0,0,0,0,223000,-223000,-223000
064327,金寶元大01購01  ,0,0,0,0,0,0,0,0,0,-224000,0,0,0,0,224000,-224000,-224000
06779P,智邦元大98售12  ,0,0,0,0,0,0,0,0,0,-224000,0,0,0,110000,334000,-224000,-224000
057875,京鼎元大98購03  ,0,0,0,0,0,0,0,0,0,-224000,0,0,0,3000,227000,-224000,-224000
057751,神達國票99購02  ,0,0,0,0,0,0,0,0,0,-224000,0,0,0,5000,229000,-224000,-224000
060561,台積電富邦04購01,0,0,0,0,0,0,0,0,0,-224000,0,0,0,26000,250000,-224000,-224000
061693,華新科群益9B購02,0,0,0,0,0,0,0,0,0,-224000,0,0,0,18000,242000,-224000,-224000
063454,瑞儀統一9B購01  ,0,0,0,0,0,0,0,0,0,-224000,0,0,0,120000,344000,-224000,-224000
064518,華新科群益02購01,0,0,0,0,0,0,0,0,0,-225000,0,0,0,4000,229000,-225000,-225000
063118,中鋼元大9C購01  ,0,0,0,0,0,0,0,0,0,-225000,0,0,0,1000,226000,-225000,-225000
058247,聯茂元大99購04  ,0,0,0,0,0,0,0,0,0,-226000,0,0,0,24000,250000,-226000,-226000
063394,金像電群益9B購01,0,0,0,0,0,0,0,0,0,-226000,0,0,0,30000,256000,-226000,-226000
064012,泰碩國票01購02  ,0,0,0,0,0,0,0,0,0,-226000,0,0,0,41000,267000,-226000,-226000
064338,美食元大9C購01  ,0,0,0,0,0,0,0,0,0,-227000,0,0,0,0,227000,-227000,-227000
08125P,聯茂群益9B售02  ,0,0,0,0,0,0,0,0,0,-227000,0,0,0,0,227000,-227000,-227000
061227,日月光中信9B購01,0,0,0,0,0,0,0,0,0,-227000,0,0,0,112000,339000,-227000,-227000
064564,義隆群益9C購02  ,0,0,0,0,0,0,0,0,0,-228000,0,0,0,119000,347000,-228000,-228000
064702,百和群益01購01  ,0,0,0,0,0,0,0,0,0,-228000,0,0,0,13000,241000,-228000,-228000
064870,中租永豐9C購01  ,0,0,0,0,0,0,0,0,0,-228000,0,0,0,0,228000,-228000,-228000
058047,可成元大98購11  ,0,0,0,0,0,0,0,0,0,-228000,0,0,0,68000,296000,-228000,-228000
059400,滬深2X元富9C購04,0,0,0,0,0,0,0,0,0,-228000,0,0,0,0,228000,-228000,-228000
063815,玉晶光群益02購01,0,0,0,0,0,0,0,0,0,-228000,0,0,0,10000,238000,-228000,-228000
062036,致新群益9B購01  ,0,0,0,0,0,0,0,0,0,-228000,0,0,0,0,228000,-228000,-228000
058520,智易元大99購03  ,0,0,0,0,0,0,0,0,0,-229000,0,0,0,25000,254000,-229000,-229000
057196,茂林台新98購01  ,0,0,0,0,0,0,0,0,0,-230000,0,0,0,0,230000,-230000,-230000
061420,國巨元大9A購22  ,0,0,0,0,0,0,0,0,0,-230000,0,0,0,1000,231000,-230000,-230000
1526,日馳            ,191000,423000,-232000,0,0,0,0,0,0,1000,2000,1000,1000,0,0,0,-231000
061133,玉晶光第一9A購01,0,0,0,0,0,0,0,0,0,-231000,0,0,0,63000,294000,-231000,-231000
060375,葡萄王元富9A購01,0,0,0,0,0,0,0,0,0,-231000,0,0,0,789000,1020000,-231000,-231000
056434,國巨凱基98購03  ,0,0,0,0,0,0,0,0,0,-232000,0,0,0,24000,256000,-232000,-232000
3532,台勝科          ,304000,82000,222000,0,0,0,0,385000,-385000,-69000,11000,8000,3000,2000,74000,-72000,-232000
064407,貿聯凱基02購02  ,0,0,0,0,0,0,0,0,0,-233000,0,0,0,20000,253000,-233000,-233000
07032P,聯發科統一9C售02,0,0,0,0,0,0,0,0,0,-233000,0,0,0,67000,300000,-233000,-233000
064172,義隆元富9C購01  ,0,0,0,0,0,0,0,0,0,-233000,0,0,0,307000,540000,-233000,-233000
058847,國巨群益99購05  ,0,0,0,0,0,0,0,0,0,-234000,0,0,0,31000,265000,-234000,-234000
058377,茂林凱基9A購03  ,0,0,0,0,0,0,0,0,0,-234000,0,0,0,10000,244000,-234000,-234000
6206,飛捷            ,37000,247025,-210025,0,0,0,0,0,0,-24000,1000,25000,-24000,0,0,0,-234025
064585,中壽永豐9C購01  ,0,0,0,0,0,0,0,0,0,-235000,0,0,0,0,235000,-235000,-235000
056849,瀚宇博元富98購01,0,0,0,0,0,0,0,0,0,-235000,0,0,0,30000,265000,-235000,-235000
059003,中壽元大99購01  ,0,0,0,0,0,0,0,0,0,-235000,0,0,0,29000,264000,-235000,-235000
061711,台積電凱基9A購27,40000,0,40000,0,0,0,0,0,0,-275000,0,0,0,0,275000,-275000,-235000
064075,台積電中信06購01,0,0,0,0,0,0,0,0,0,-235000,0,0,0,15000,250000,-235000,-235000
061658,聯茂富邦9A購03  ,0,0,0,0,0,0,0,0,0,-235000,0,0,0,18000,253000,-235000,-235000
062717,華邦電凱基9C購01,0,0,0,0,0,0,0,0,0,-235000,0,0,0,80000,315000,-235000,-235000
062943,世芯凱基9B購03  ,0,0,0,0,0,0,0,0,0,-235000,0,0,0,10000,245000,-235000,-235000
062540,茂林國泰9C購01  ,0,0,0,0,0,0,0,0,0,-235000,0,0,0,43000,278000,-235000,-235000
051536,玉晶光國票97購01,0,0,0,0,0,0,0,0,0,-236000,0,0,0,462000,698000,-236000,-236000
052847,漢唐統一99購01  ,0,0,0,0,0,0,0,0,0,-236000,0,0,0,774000,1010000,-236000,-236000
056732,國巨凱基98購07  ,0,0,0,0,0,0,0,0,0,-236000,0,0,0,0,236000,-236000,-236000
061934,台積電國票9B購06,0,0,0,0,0,0,0,0,0,-236000,0,0,0,50000,286000,-236000,-236000
058615,矽創元大99購01  ,0,0,0,0,0,0,0,0,0,-237000,0,0,0,85000,322000,-237000,-237000
062975,京鼎元富9B購01  ,0,0,0,0,0,0,0,0,0,-237000,0,0,0,49000,286000,-237000,-237000
062655,漢唐永豐9B購01  ,0,0,0,0,0,0,0,0,0,-238000,0,0,0,524000,762000,-238000,-238000
063392,聯電群益9B購02  ,0,0,0,0,0,0,0,0,0,-238000,0,0,0,10000,248000,-238000,-238000
1734,杏輝            ,393000,636000,-243000,0,0,0,0,0,0,4000,6000,2000,4000,0,0,0,-239000
056577,玉晶光元大99購06,0,0,0,0,0,0,0,0,0,-239000,0,0,0,379000,618000,-239000,-239000
059855,緯穎永豐99購04  ,0,0,0,0,0,0,0,0,0,-239000,0,0,0,8000,247000,-239000,-239000
063923,世芯元富9C購01  ,0,0,0,0,0,0,0,0,0,-239000,0,0,0,96000,335000,-239000,-239000
062328,南亞科統一9C購01,0,0,0,0,0,0,0,0,0,-239000,0,0,0,31000,270000,-239000,-239000
062226,臻鼎統一9B購01  ,0,0,0,0,0,0,0,0,0,-239000,0,0,0,31000,270000,-239000,-239000
08089P,嘉澤凱基9B售03  ,0,0,0,0,0,0,0,0,0,-240000,0,0,0,140000,380000,-240000,-240000
064300,英業達兆豐9C購01,0,0,0,0,0,0,0,0,0,-240000,0,0,0,37000,277000,-240000,-240000
055268,和大元大97購01  ,0,0,0,0,0,0,0,0,0,-240000,0,0,0,0,240000,-240000,-240000
056855,祥碩中信98購02  ,0,0,0,0,0,0,0,0,0,-240000,0,0,0,57000,297000,-240000,-240000
056805,元石油統一9B購01,0,0,0,0,0,0,0,0,0,-240000,0,0,0,0,240000,-240000,-240000
060249,正文元大9C購01  ,0,0,0,0,0,0,0,0,0,-240000,0,0,0,2000,242000,-240000,-240000
062557,台光電凱基9B購02,0,0,0,0,0,0,0,0,0,-240000,0,0,0,39000,279000,-240000,-240000
063537,華擎統一9C購03  ,0,0,0,0,0,0,0,0,0,-240000,0,0,0,45000,285000,-240000,-240000
060799,茂林永豐9A購01  ,0,0,0,0,0,0,0,0,0,-241000,0,0,0,0,241000,-241000,-241000
059403,T50反1台新03購03,0,0,0,0,0,0,0,0,0,-241000,0,0,0,0,241000,-241000,-241000
064229,台表科國票01購01,0,0,0,0,0,0,0,0,0,-241000,0,0,0,14000,255000,-241000,-241000
064462,致伸統一02購01  ,0,0,0,0,0,0,0,0,0,-243000,0,0,0,55000,298000,-243000,-243000
056635,亞德客日盛99購01,0,0,0,0,0,0,0,0,0,-243000,0,0,0,279000,522000,-243000,-243000
064361,旺宏統一01購06  ,0,0,0,0,0,0,0,0,0,-244000,0,0,0,77000,321000,-244000,-244000
064724,健鼎統一02購02  ,0,0,0,0,0,0,0,0,0,-244000,0,0,0,0,244000,-244000,-244000
058431,國巨統一9B購01  ,0,0,0,0,0,0,0,0,0,-244000,0,0,0,89000,333000,-244000,-244000
064241,貿聯統一02購02  ,0,0,0,0,0,0,0,0,0,-244000,0,0,0,16000,260000,-244000,-244000
064729,聯茂統一02購02  ,0,0,0,0,0,0,0,0,0,-245000,0,0,0,191000,436000,-245000,-245000
064448,裕隆統一02購01  ,0,0,0,0,0,0,0,0,0,-245000,0,0,0,41000,286000,-245000,-245000
07174P,臺股指國票99售11,0,0,0,0,0,0,0,0,0,-245000,0,0,0,361000,606000,-245000,-245000
057658,玉晶光兆豐99購02,0,0,0,0,0,0,0,0,0,-245000,0,0,0,129000,374000,-245000,-245000
056136,京鼎元大98購01  ,0,0,0,0,0,0,0,0,0,-245000,0,0,0,0,245000,-245000,-245000
057510,泰碩統一98購02  ,0,0,0,0,0,0,0,0,0,-245000,0,0,0,20000,265000,-245000,-245000
057195,南茂元大98購01  ,0,0,0,0,0,0,0,0,0,-245000,0,0,0,126000,371000,-245000,-245000
060791,聯茂富邦9A購02  ,0,0,0,0,0,0,0,0,0,-245000,0,0,0,46000,291000,-245000,-245000
059944,欣興永豐99購03  ,0,0,0,0,0,0,0,0,0,-245000,0,0,0,1000,246000,-245000,-245000
054406,旺宏國票98購01  ,0,0,0,0,0,0,0,0,0,-246000,0,0,0,30000,276000,-246000,-246000
063209,巨大統一01購01  ,0,0,0,0,0,0,0,0,0,-246000,0,0,0,208000,454000,-246000,-246000
2903,遠百            ,421000,556000,-135000,0,0,0,0,113000,-113000,1000,1000,0,1000,0,0,0,-247000
056537,冠德凱基98購01  ,0,0,0,0,0,0,0,0,0,-247000,0,0,0,30000,277000,-247000,-247000
064015,立積國票01購01  ,0,0,0,0,0,0,0,0,0,-247000,0,0,0,258000,505000,-247000,-247000
063852,瀚宇博元大9C購01,0,0,0,0,0,0,0,0,0,-247000,0,0,0,1000,248000,-247000,-247000
054803,味全元大9A購01  ,0,0,0,0,0,0,0,0,0,-248000,0,0,0,85000,333000,-248000,-248000
060851,國巨國泰9C購01  ,0,0,0,0,0,0,0,0,0,-248000,0,0,0,365000,613000,-248000,-248000
063271,中磊兆豐9C購01  ,0,0,0,0,0,0,0,0,0,-248000,0,0,0,105000,353000,-248000,-248000
063528,元大金凱基9B購01,0,0,0,0,0,0,0,0,0,-248000,0,0,0,34000,282000,-248000,-248000
062759,旺宏凱基9B購07  ,0,0,0,0,0,0,0,0,0,-248000,0,0,0,14000,262000,-248000,-248000
058762,貿聯群益99購03  ,0,0,0,0,0,0,0,0,0,-249000,0,0,0,0,249000,-249000,-249000
063811,亞德客群益9C購01,0,0,0,0,0,0,0,0,0,-249000,0,0,0,5000,254000,-249000,-249000
07673P,電子類元大9A售01,0,0,0,0,0,0,0,0,0,-250000,0,0,0,0,250000,-250000,-250000
057483,微星元大98購04  ,0,0,0,0,0,0,0,0,0,-250000,0,0,0,0,250000,-250000,-250000
063483,致新元大9B購03  ,0,0,0,0,0,0,0,0,0,-250000,0,0,0,78000,328000,-250000,-250000
3515,華擎            ,147000,160000,-13000,0,0,0,0,202000,-202000,-35000,23000,7000,16000,32000,83000,-51000,-250000
07590P,玉晶光國票9A售03,0,0,0,0,0,0,0,0,0,-251000,0,0,0,35000,286000,-251000,-251000
054805,台苯元大9A購01  ,0,0,0,0,0,0,0,0,0,-251000,0,0,0,0,251000,-251000,-251000
053291,旺宏中信9A購01  ,0,38000,-38000,0,0,0,0,0,0,-213000,0,0,0,0,213000,-213000,-251000
07366P,國巨康和99售02  ,0,0,0,0,0,0,0,0,0,-252000,0,0,0,625000,877000,-252000,-252000
08158P,嘉澤元富9B售03  ,0,0,0,0,0,0,0,0,0,-252000,0,0,0,78000,330000,-252000,-252000
060583,南亞科元富9A購05,0,0,0,0,0,0,0,0,0,-252000,0,0,0,0,252000,-252000,-252000
1310,台苯            ,270000,522000,-252000,0,0,0,0,0,0,-1000,1000,0,1000,0,2000,-2000,-253000
064832,長榮航統一01購01,0,0,0,0,0,0,0,0,0,-253000,0,0,0,0,253000,-253000,-253000
061795,智邦永豐9B購01  ,0,0,0,0,0,0,0,0,0,-253000,0,0,0,0,253000,-253000,-253000
062969,旺宏元富9B購01  ,0,0,0,0,0,0,0,0,0,-253000,0,0,0,398000,651000,-253000,-253000
064314,信邦群益9C購01  ,0,0,0,0,0,0,0,0,0,-254000,0,0,0,0,254000,-254000,-254000
064266,聯茂永豐9C購01  ,0,0,0,0,0,0,0,0,0,-254000,0,0,0,11000,265000,-254000,-254000
1907,永豐餘          ,1103000,1289000,-186000,0,0,0,0,71000,-71000,3000,3000,0,3000,0,0,0,-254000
00652,富邦印度        ,20000,13000,7000,0,0,0,0,0,0,-261000,0,0,0,9000,270000,-261000,-254000
056800,臺股指麥證98購01,0,0,0,0,254000,-254000,0,0,0,-254000,0,0,0,0,254000,-254000,-254000
061545,華新科群益9A購09,0,0,0,0,0,0,0,0,0,-254000,0,0,0,2000,256000,-254000,-254000
061191,可成永豐9A購02  ,0,0,0,0,0,0,0,0,0,-254000,0,0,0,10000,264000,-254000,-254000
060364,奇力新元富9A購01,0,0,0,0,0,0,0,0,0,-254000,0,0,0,117000,371000,-254000,-254000
058994,道瓊指元大99購01,0,0,0,0,0,0,0,0,0,-254000,0,0,0,0,254000,-254000,-254000
6214,精誠            ,122000,379000,-257000,0,0,0,2000,0,2000,1000,1000,0,1000,0,0,0,-254000
2535,達欣工          ,142000,276045,-134045,0,0,0,0,0,0,-120000,5000,125000,-120000,0,0,0,-254045
059036,可成群益9B購03  ,0,0,0,0,0,0,0,0,0,-255000,0,0,0,31000,286000,-255000,-255000
059999,緯穎元富99購01  ,0,0,0,0,0,0,0,0,0,-255000,0,0,0,25000,280000,-255000,-255000
063435,儒鴻統一01購02  ,0,0,0,0,0,0,0,0,0,-255000,0,0,0,68000,323000,-255000,-255000
08453P,玉晶光台新9C售02,0,0,0,0,0,0,0,0,0,-256000,0,0,0,0,256000,-256000,-256000
064713,和大統一02購01  ,0,0,0,0,0,0,0,0,0,-256000,0,0,0,35000,291000,-256000,-256000
064672,同欣電元大01購01,0,0,0,0,0,0,0,0,0,-256000,0,0,0,5000,261000,-256000,-256000
06822P,上銀富邦99售03  ,0,0,0,0,0,0,0,0,0,-256000,0,0,0,70000,326000,-256000,-256000
057683,技嘉日盛98購01  ,0,0,0,0,0,0,0,0,0,-256000,0,0,0,4000,260000,-256000,-256000
063257,牧德國泰01購01  ,0,0,0,0,0,0,0,0,0,-256000,0,0,0,0,256000,-256000,-256000
062239,台汽電凱基9B購01,0,0,0,0,0,0,0,0,0,-256000,0,0,0,144000,400000,-256000,-256000
064580,統一永豐9C購01  ,0,0,0,0,0,0,0,0,0,-257000,0,0,0,0,257000,-257000,-257000
058941,華新科中信99購03,0,0,0,0,0,0,0,0,0,-257000,0,0,0,13000,270000,-257000,-257000
059786,全新元大99購06  ,0,0,0,0,0,0,0,0,0,-257000,0,0,0,64000,321000,-257000,-257000
060203,緯穎元富9A購01  ,0,0,0,0,0,0,0,0,0,-257000,0,0,0,55000,312000,-257000,-257000
059090,台新金元大99購01,0,0,0,0,0,0,0,0,0,-257000,0,0,0,23000,280000,-257000,-257000
061442,玉晶光永豐9A購07,0,0,0,0,0,0,0,0,0,-257000,0,0,0,10000,267000,-257000,-257000
063575,矽格元大9B購02  ,0,0,0,0,0,0,0,0,0,-258000,0,0,0,9000,267000,-258000,-258000
064087,華新科凱基9C購03,0,0,0,0,0,0,0,0,0,-258000,0,0,0,17000,275000,-258000,-258000
064851,勤誠元富03購01  ,0,0,0,0,0,0,0,0,0,-259000,0,0,0,0,259000,-259000,-259000
056659,泰碩元大99購01  ,0,0,0,0,0,0,0,0,0,-259000,0,0,0,33000,292000,-259000,-259000
061413,台勝科群益9A購01,0,0,0,0,0,0,0,0,0,-259000,0,0,0,18000,277000,-259000,-259000
063876,華新元富9C購01  ,0,0,0,0,0,0,0,0,0,-259000,0,0,0,446000,705000,-259000,-259000
062682,全新統一9B購01  ,0,0,0,0,0,0,0,0,0,-259000,0,0,0,0,259000,-259000,-259000
064825,英業達統一9C購01,0,0,0,0,0,0,0,0,0,-260000,0,0,0,0,260000,-260000,-260000
064517,國巨群益02購01  ,0,0,0,0,0,0,0,0,0,-260000,0,0,0,45000,305000,-260000,-260000
07502P,美食元大9A售01  ,0,0,0,0,0,0,0,0,0,-260000,0,0,0,61000,321000,-260000,-260000
064042,國巨統一9C購12  ,0,0,0,0,0,0,0,0,0,-260000,0,0,0,77000,337000,-260000,-260000
064220,力山國票01購01  ,0,0,0,0,0,0,0,0,0,-260000,0,0,0,10000,270000,-260000,-260000
063063,泰鼎元富9B購01  ,0,0,0,0,0,0,0,0,0,-260000,0,0,0,702000,962000,-260000,-260000
060880,中壽中信9C購01  ,0,0,0,0,0,0,0,0,0,-261000,0,0,0,88000,349000,-261000,-261000
060888,金像電統一9C購01,0,0,0,0,0,0,0,0,0,-261000,0,0,0,6000,267000,-261000,-261000
057841,茂林富邦9A購02  ,0,0,0,0,0,0,0,0,0,-261000,0,0,0,99000,360000,-261000,-261000
060654,大毅群益9B購01  ,0,0,0,0,0,0,0,0,0,-261000,0,0,0,88000,349000,-261000,-261000
062350,台表科群益9B購01,0,0,0,0,0,0,0,0,0,-261000,0,0,0,47000,308000,-261000,-261000
057057,立積元大9A購01  ,0,0,0,0,0,0,0,0,0,-263000,0,0,0,3000,266000,-263000,-263000
05644P,大立光中信9A售03,0,0,0,0,0,0,0,0,0,-264000,0,0,0,440000,704000,-264000,-264000
053865,欣興元大97購02  ,0,0,0,0,0,0,0,0,0,-264000,0,0,0,9000,273000,-264000,-264000
061989,晶技元大9B購04  ,0,0,0,0,0,0,0,0,0,-264000,0,0,0,7000,271000,-264000,-264000
053063,力山群益98購01  ,0,0,0,0,0,0,0,0,0,-265000,0,0,0,85000,350000,-265000,-265000
058613,茂林元大99購03  ,0,0,0,0,0,0,0,0,0,-265000,0,0,0,11000,276000,-265000,-265000
057861,台積電凱基98購16,0,0,0,0,0,0,0,0,0,-265000,0,0,0,0,265000,-265000,-265000
061911,台積電中信05購04,0,0,0,0,0,0,0,0,0,-265000,0,0,0,26000,291000,-265000,-265000
061769,晶技元大9B購03  ,0,0,0,0,0,0,0,0,0,-266000,0,0,0,22000,288000,-266000,-266000
058215,貿聯群益99購02  ,0,0,0,0,0,0,0,0,0,-267000,0,0,0,40000,307000,-267000,-267000
062411,玉晶光第一9B購01,0,0,0,0,0,0,0,0,0,-267000,0,0,0,29000,296000,-267000,-267000
061023,茂林國泰9B購02  ,0,0,0,0,0,0,0,0,0,-268000,0,0,0,0,268000,-268000,-268000
061197,矽創永豐9A購02  ,0,0,0,0,0,0,0,0,0,-268000,0,0,0,63000,331000,-268000,-268000
060540,南亞凱基9A購01  ,0,0,0,0,0,0,0,0,0,-268000,0,0,0,7000,275000,-268000,-268000
060698,旺宏國泰9C購01  ,0,0,0,0,0,0,0,0,0,-268000,0,0,0,88000,356000,-268000,-268000
061906,統一中信9B購01  ,0,0,0,0,0,0,0,0,0,-268000,0,0,0,0,268000,-268000,-268000
061642,創意元大9A購04  ,0,0,0,0,0,0,0,0,0,-268000,0,0,0,150000,418000,-268000,-268000
063934,寶成統一02購01  ,0,0,0,0,0,0,0,0,0,-268000,0,0,0,0,268000,-268000,-268000
064826,南亞科統一01購03,0,0,0,0,0,0,0,0,0,-269000,0,0,0,0,269000,-269000,-269000
061515,泰碩永豐9A購03  ,0,0,0,0,0,0,0,0,0,-269000,0,0,0,0,269000,-269000,-269000
063134,裕隆統一01購01  ,0,0,0,0,0,0,0,0,0,-269000,0,0,0,503000,772000,-269000,-269000
063363,鴻海富邦9B購02  ,0,0,0,0,0,0,0,0,0,-269000,0,0,0,0,269000,-269000,-269000
057096,緯穎元富98購01  ,0,0,0,0,0,0,0,0,0,-270000,0,0,0,38000,308000,-270000,-270000
052203,T50反1中信99購03,0,0,0,0,0,0,0,0,0,-270000,0,0,0,90000,360000,-270000,-270000
03857P,聯發科元富99售02,0,0,0,0,0,0,0,0,0,-270000,0,0,0,0,270000,-270000,-270000
06696P,台灣50國票99售01,0,0,0,0,0,0,0,0,0,-271000,0,0,0,49000,320000,-271000,-271000
06595P,祥碩元大98售03  ,0,0,0,0,0,0,0,0,0,-271000,0,0,0,310000,581000,-271000,-271000
056922,全新兆豐99購01  ,0,0,0,0,0,0,0,0,0,-271000,0,0,0,0,271000,-271000,-271000
060034,立積永豐99購04  ,0,0,0,0,0,0,0,0,0,-271000,0,0,0,34000,305000,-271000,-271000
064143,旺宏統一01購05  ,0,0,0,0,0,0,0,0,0,-271000,0,0,0,76000,347000,-271000,-271000
064746,貿聯國票01購02  ,0,0,0,0,0,0,0,0,0,-272000,0,0,0,0,272000,-272000,-272000
055707,聯鈞永豐98購01  ,0,0,0,0,0,0,0,0,0,-272000,0,0,0,0,272000,-272000,-272000
062335,茂林統一01購01  ,0,0,0,0,0,0,0,0,0,-272000,0,0,0,0,272000,-272000,-272000
07644P,南電凱基9A售03  ,0,0,0,0,0,0,0,0,0,-274000,0,0,0,50000,324000,-274000,-274000
053651,台光電凱基98購01,0,0,0,0,0,0,0,0,0,-274000,0,0,0,186000,460000,-274000,-274000
054735,漢唐凱基98購01  ,0,0,0,0,0,0,0,0,0,-274000,0,0,0,36000,310000,-274000,-274000
057626,技嘉富邦9A購01  ,0,0,0,0,0,0,0,0,0,-275000,0,0,0,333000,608000,-275000,-275000
060582,玉晶光群益9C購01,0,0,0,0,0,0,0,0,0,-275000,0,0,0,40000,315000,-275000,-275000
062480,茂林國票9B購01  ,0,0,0,0,0,0,0,0,0,-275000,0,0,0,0,275000,-275000,-275000
062722,京元電凱基9B購02,0,0,0,0,0,0,0,0,0,-275000,0,0,0,65000,340000,-275000,-275000
063691,聯鈞永豐9B購01  ,0,0,0,0,0,0,0,0,0,-275000,0,0,0,16000,291000,-275000,-275000
3376,新日興          ,119000,586000,-467000,0,0,0,0,0,0,192000,217000,0,217000,34000,59000,-25000,-275000
3006,晶豪科          ,497000,735150,-238150,0,0,0,0,0,0,-37000,19000,2000,17000,20000,74000,-54000,-275150
07992P,玉晶光群益01售04,0,0,0,0,0,0,0,0,0,-277000,0,0,0,23000,300000,-277000,-277000
08065P,瑞昱凱基9B售03  ,0,0,0,0,0,0,0,0,0,-277000,0,0,0,3000,280000,-277000,-277000
063481,緯穎元大9B購08  ,0,0,0,0,0,0,0,0,0,-277000,0,0,0,25000,302000,-277000,-277000
057207,立積元富98購02  ,0,0,0,0,0,0,0,0,0,-279000,0,0,0,40000,319000,-279000,-279000
057266,TPK兆豐98購02   ,0,0,0,0,0,0,0,0,0,-280000,0,0,0,55000,335000,-280000,-280000
055744,茂林元富97購02  ,0,0,0,0,0,0,0,0,0,-281000,0,0,0,20000,301000,-281000,-281000
062088,緯穎元大9B購04  ,0,0,0,0,0,0,0,0,0,-281000,0,0,0,87000,368000,-281000,-281000
064349,泰鼎元大9C購02  ,0,0,0,0,0,0,0,0,0,-282000,0,0,0,131000,413000,-282000,-282000
058923,華新科元富99購06,0,0,0,0,0,0,0,0,0,-282000,0,0,0,0,282000,-282000,-282000
063980,智易兆豐9C購02  ,0,0,0,0,0,0,0,0,0,-282000,0,0,0,0,282000,-282000,-282000
058547,世紀鋼富邦9A購01,0,0,0,0,0,0,0,0,0,-283000,0,0,0,0,283000,-283000,-283000
060387,盛群凱基9A購01  ,0,0,0,0,0,0,0,0,0,-283000,0,0,0,0,283000,-283000,-283000
063821,南亞科麥證9C購01,0,0,0,22000,305000,-283000,0,0,0,-283000,0,0,0,22000,305000,-283000,-283000
056189,樺漢統一97購02  ,0,0,0,0,0,0,0,0,0,-284000,0,0,0,0,284000,-284000,-284000
063383,億豐永豐9B購02  ,0,0,0,0,0,0,0,0,0,-284000,0,0,0,0,284000,-284000,-284000
059678,鴻海國泰9A購03  ,0,0,0,0,0,0,0,0,0,-286000,0,0,0,1000,287000,-286000,-286000
064058,儒鴻麥證01購01  ,0,0,0,14000,300000,-286000,0,0,0,-286000,0,0,0,14000,300000,-286000,-286000
3056,總太            ,140000,381000,-241000,0,0,0,0,0,0,-46000,1000,47000,-46000,0,0,0,-287000
07902P,玉晶光國票01售01,0,0,0,0,0,0,0,0,0,-288000,0,0,0,0,288000,-288000,-288000
064351,中租元大9C購01  ,0,0,0,0,0,0,0,0,0,-288000,0,0,0,0,288000,-288000,-288000
058900,旺宏元大99購11  ,0,0,0,0,0,0,0,0,0,-288000,0,0,0,54000,342000,-288000,-288000
055838,致茂元大97購03  ,0,0,0,0,0,0,0,0,0,-290000,0,0,0,0,290000,-290000,-290000
061130,牧德永豐9A購04  ,0,0,0,0,0,0,0,0,0,-290000,0,0,0,0,290000,-290000,-290000
3035,智原            ,1217000,1233000,-16000,0,0,0,0,280000,-280000,5000,7000,5000,2000,15000,12000,3000,-291000
060720,嘉聯益永豐9A購02,0,0,0,0,0,0,0,0,0,-291000,0,0,0,0,291000,-291000,-291000
064079,英業達中信9C購01,0,0,0,0,0,0,0,0,0,-291000,0,0,0,55000,346000,-291000,-291000
062734,臺指反國票9C購03,0,0,0,0,0,0,0,0,0,-292000,0,0,0,33000,325000,-292000,-292000
062549,中租永豐9B購01  ,0,0,0,0,0,0,0,0,0,-292000,0,0,0,20000,312000,-292000,-292000
08431P,景碩凱基9C售02  ,0,0,0,0,0,0,0,0,0,-293000,0,0,0,0,293000,-293000,-293000
064858,鴻海富邦01購01  ,0,0,0,0,0,0,0,0,0,-293000,0,0,0,0,293000,-293000,-293000
057453,矽創元富98購01  ,0,0,0,0,0,0,0,0,0,-293000,0,0,0,100000,393000,-293000,-293000
060732,玉晶光群益9C購02,0,0,0,0,0,0,0,0,0,-293000,0,0,0,100000,393000,-293000,-293000
062747,立積永豐9B購01  ,0,0,0,0,0,0,0,0,0,-293000,0,0,0,4000,297000,-293000,-293000
062879,美食兆豐9B購01  ,0,0,0,0,0,0,0,0,0,-293000,0,0,0,85000,378000,-293000,-293000
056657,華邦電元大99購01,0,0,0,0,0,0,0,0,0,-294000,0,0,0,0,294000,-294000,-294000
060246,晶相光元大9C購03,0,0,0,0,0,0,0,0,0,-294000,0,0,0,0,294000,-294000,-294000
060861,漢唐永豐9A購01  ,0,0,0,0,0,0,0,0,0,-294000,0,0,0,256000,550000,-294000,-294000
062496,矽創中信9B購01  ,0,0,0,0,0,0,0,0,0,-294000,0,0,0,215000,509000,-294000,-294000
063996,貿聯群益9C購01  ,0,0,0,0,0,0,0,0,0,-294000,0,0,0,0,294000,-294000,-294000
064292,南茂元大01購01  ,0,0,0,0,0,0,0,0,0,-295000,0,0,0,16000,311000,-295000,-295000
2340,光磊            ,170000,393419,-223419,0,0,0,0,0,0,-72000,3000,16000,-13000,0,59000,-59000,-295419
061240,華新科兆豐9A購01,0,0,0,0,0,0,0,0,0,-296000,0,0,0,50000,346000,-296000,-296000
058324,嘉聯益永豐9A購01,0,0,0,0,0,0,0,0,0,-296000,0,0,0,0,296000,-296000,-296000
063871,瀚宇博永豐9C購01,0,0,0,0,0,0,0,0,0,-296000,0,0,0,0,296000,-296000,-296000
063227,祥碩群益9B購06  ,0,0,0,0,0,0,0,0,0,-296000,0,0,0,61000,357000,-296000,-296000
1229,聯華            ,357000,431000,-74000,0,0,0,0,222000,-222000,-1000,0,1000,-1000,0,0,0,-297000
059559,T50反1凱基99購07,0,0,0,0,0,0,0,0,0,-297000,0,0,0,0,297000,-297000,-297000
058240,景碩元大99購04  ,0,0,0,0,0,0,0,0,0,-297000,0,0,0,93000,390000,-297000,-297000
060855,華新科富邦01購01,0,0,0,0,0,0,0,0,0,-297000,0,0,0,244000,541000,-297000,-297000
064352,嘉聯益元大9C購01,0,0,0,0,0,0,0,0,0,-298000,0,0,0,1000,299000,-298000,-298000
057504,技嘉麥證98購01  ,0,0,0,61000,359000,-298000,0,0,0,-298000,0,0,0,61000,359000,-298000,-298000
056075,瀚宇博元大97購03,0,0,0,0,0,0,0,0,0,-298000,0,0,0,76000,374000,-298000,-298000
060468,聯鈞元大9A購02  ,0,0,0,0,0,0,0,0,0,-298000,0,0,0,24000,322000,-298000,-298000
061701,友達國票9B購02  ,0,0,0,0,0,0,0,0,0,-298000,0,0,0,0,298000,-298000,-298000
064520,京鼎群益02購01  ,0,0,0,0,0,0,0,0,0,-299000,0,0,0,0,299000,-299000,-299000
064758,可成凱基02購02  ,0,0,0,0,0,0,0,0,0,-299000,0,0,0,3000,302000,-299000,-299000
062528,全新統一9C購01  ,0,0,0,0,0,0,0,0,0,-299000,0,0,0,0,299000,-299000,-299000
2020,美亞            ,181000,481000,-300000,0,0,0,0,0,0,0,0,0,0,0,0,0,-300000
08035P,國巨群益9C售04  ,0,0,0,0,0,0,0,0,0,-300000,0,0,0,0,300000,-300000,-300000
057328,京鼎群益99購02  ,0,0,0,0,0,0,0,0,0,-300000,0,0,0,0,300000,-300000,-300000
061119,國巨永豐9A購03  ,0,0,0,0,0,0,0,0,0,-300000,0,0,0,40000,340000,-300000,-300000
055007,晶相光元富9A購02,0,0,0,0,0,0,0,0,0,-300000,0,0,0,0,300000,-300000,-300000
058726,宏達電富邦9A購01,0,0,0,0,0,0,0,0,0,-300000,0,0,0,0,300000,-300000,-300000
062894,道瓊銀元大9B購02,0,0,0,0,0,0,0,0,0,-300000,0,0,0,20000,320000,-300000,-300000
061910,台積電中信05購03,0,0,0,0,0,0,0,0,0,-300000,0,0,0,1000,301000,-300000,-300000
063067,緯穎麥證9B購01  ,0,0,0,0,300000,-300000,0,0,0,-300000,0,0,0,0,300000,-300000,-300000
064673,南茂元大9C購01  ,0,0,0,0,0,0,0,0,0,-301000,0,0,0,58000,359000,-301000,-301000
056480,京鼎元大98購02  ,0,0,0,0,0,0,0,0,0,-301000,0,0,0,0,301000,-301000,-301000
060700,華新科國泰9C購01,0,0,0,0,0,0,0,0,0,-301000,0,0,0,137000,438000,-301000,-301000
061160,瑞祺群益9A購01  ,0,0,0,0,0,0,0,0,0,-301000,0,0,0,0,301000,-301000,-301000
060346,華新科統一01購01,0,0,0,0,0,0,0,0,0,-301000,0,0,0,7000,308000,-301000,-301000
059992,S&P正2元富9B購04,0,0,0,0,0,0,0,0,0,-301000,0,0,0,7000,308000,-301000,-301000
062027,國泰金群益9B購01,0,0,0,0,0,0,0,0,0,-301000,0,0,0,43000,344000,-301000,-301000
3533,嘉澤            ,150000,419200,-269200,0,0,0,51000,65000,-14000,-18000,9000,16000,-7000,7000,18000,-11000,-301200
064461,致伸統一01購01  ,0,0,0,0,0,0,0,0,0,-302000,0,0,0,0,302000,-302000,-302000
006205,富邦上証        ,21000,162000,-141000,0,0,0,0,0,0,-161000,70000,100000,-30000,999000,1130000,-131000,-302000
061517,瑞祺永豐9A購03  ,0,0,0,0,0,0,0,0,0,-302000,0,0,0,68000,370000,-302000,-302000
2606,裕民            ,460000,513000,-53000,0,0,0,0,256000,-256000,6000,7000,1000,6000,0,0,0,-303000
054455,楠梓電群益98購02,0,0,0,0,0,0,0,0,0,-303000,0,0,0,0,303000,-303000,-303000
063635,漢唐元大9B購04  ,0,0,0,0,0,0,0,0,0,-304000,0,0,0,268000,572000,-304000,-304000
064820,裕隆統一9C購01  ,0,0,0,0,0,0,0,0,0,-305000,0,0,0,0,305000,-305000,-305000
061113,南電元大9A購03  ,0,0,0,0,0,0,0,0,0,-305000,0,0,0,16000,321000,-305000,-305000
057403,亞光群益98購04  ,0,0,0,0,0,0,0,0,0,-305000,0,0,0,0,305000,-305000,-305000
061256,亞德客凱基9B購01,0,0,0,0,0,0,0,0,0,-305000,0,0,0,100000,405000,-305000,-305000
064671,聯茂元大9C購02  ,0,0,0,0,0,0,0,0,0,-306000,0,0,0,15000,321000,-306000,-306000
058540,嘉聯益國泰9A購02,0,0,0,0,0,0,0,0,0,-306000,0,0,0,0,306000,-306000,-306000
060084,聯電元大99購02  ,0,0,0,0,0,0,0,0,0,-307000,0,0,0,84000,391000,-307000,-307000
058931,玉晶光統一9C購01,0,0,0,0,0,0,0,0,0,-307000,0,0,0,64000,371000,-307000,-307000
060637,玉晶光永豐9A購03,0,0,0,0,0,0,0,0,0,-307000,0,0,0,10000,317000,-307000,-307000
060182,旺宏元富9A購01  ,0,0,0,0,0,0,0,0,0,-307000,0,0,0,100000,407000,-307000,-307000
062679,技嘉統一01購01  ,0,0,0,0,0,0,0,0,0,-307000,0,0,0,63000,370000,-307000,-307000
054371,台積電中信9C購01,0,0,0,0,0,0,0,0,0,-308000,0,0,0,180000,488000,-308000,-308000
056738,國巨凱基9A購02  ,0,0,0,0,0,0,0,0,0,-308000,0,0,0,3000,311000,-308000,-308000
062008,南亞科國泰9C購01,0,0,0,0,0,0,0,0,0,-308000,0,0,0,230000,538000,-308000,-308000
064717,台積電統一01購08,0,0,0,0,0,0,0,0,0,-309000,0,0,0,10000,319000,-309000,-309000
053082,聯電元大98購03  ,0,0,0,0,0,0,0,0,0,-309000,0,0,0,0,309000,-309000,-309000
057112,立積群益99購01  ,0,0,0,0,0,0,0,0,0,-309000,0,0,0,31000,340000,-309000,-309000
057740,茂林富邦9A購01  ,0,0,0,0,0,0,0,0,0,-309000,0,0,0,30000,339000,-309000,-309000
055295,瀚宇博元大97購02,0,0,0,0,0,0,0,0,0,-311000,0,0,0,5000,316000,-311000,-311000
061787,華新科群益9C購01,0,0,0,0,0,0,0,0,0,-311000,0,0,0,30000,341000,-311000,-311000
063573,茂林元大9B購06  ,0,0,0,0,0,0,0,0,0,-311000,0,0,0,5000,316000,-311000,-311000
1802,台玻            ,518000,833000,-315000,0,0,0,0,0,0,3000,3000,0,3000,0,0,0,-312000
056395,玉晶光永豐9B購01,0,0,0,0,0,0,0,0,0,-312000,0,0,0,0,312000,-312000,-312000
061368,南六國票9A購01  ,0,0,0,0,0,0,0,0,0,-312000,0,0,0,31000,343000,-312000,-312000
057960,聯鈞元大98購02  ,0,0,0,0,0,0,0,0,0,-312000,0,0,0,0,312000,-312000,-312000
063321,泰鼎群益9B購03  ,0,0,0,0,0,0,0,0,0,-312000,0,0,0,23000,335000,-312000,-312000
063318,京鼎群益9C購02  ,0,0,0,0,0,0,0,0,0,-313000,0,0,0,5000,318000,-313000,-313000
063650,矽創元大9B購03  ,0,0,0,0,0,0,0,0,0,-314000,0,0,0,6000,320000,-314000,-314000
062164,禾伸堂國泰01購01,0,0,0,0,0,0,0,0,0,-314000,0,0,0,245000,559000,-314000,-314000
059760,楠梓電永豐99購01,0,0,0,0,0,0,0,0,0,-315000,0,0,0,10000,325000,-315000,-315000
061463,智邦群益9A購02  ,0,0,0,0,0,0,0,0,0,-316000,0,0,0,103000,419000,-316000,-316000
062547,玉晶光永豐9B購05,0,0,0,0,0,0,0,0,0,-316000,0,0,0,9000,325000,-316000,-316000
060506,京元電元大9A購02,0,0,0,0,0,0,0,0,0,-317000,0,0,0,31000,348000,-317000,-317000
059948,正文永豐99購01  ,0,0,0,0,0,0,0,0,0,-318000,0,0,0,126000,444000,-318000,-318000
058017,漢唐凱基99購01  ,30000,0,30000,0,0,0,0,0,0,-348000,0,0,0,176000,524000,-348000,-318000
058343,台積電群益99購02,0,0,0,0,0,0,0,0,0,-319000,0,0,0,6000,325000,-319000,-319000
08278P,玉晶光元富9C售02,0,0,0,0,0,0,0,0,0,-320000,0,0,0,0,320000,-320000,-320000
064284,京鼎元大9C購01  ,0,30000,-30000,0,0,0,0,0,0,-290000,0,0,0,206000,496000,-290000,-320000
063103,技嘉群益9B購01  ,0,0,0,0,0,0,0,0,0,-320000,0,0,0,1000,321000,-320000,-320000
064685,裕隆群益9C購01  ,0,0,0,0,0,0,0,0,0,-321000,0,0,0,47000,368000,-321000,-321000
060183,南亞科元富9A購01,0,0,0,0,0,0,0,0,0,-321000,0,0,0,1000,322000,-321000,-321000
058190,貿聯永豐99購01  ,0,0,0,0,0,0,0,0,0,-321000,0,0,0,1000,322000,-321000,-321000
060965,中租凱基9B購01  ,0,0,0,0,0,0,0,0,0,-322000,0,0,0,348000,670000,-322000,-322000
4956,光鋐            ,148000,472000,-324000,0,0,0,0,0,0,2000,2000,0,2000,0,0,0,-322000
064308,國巨群益9C購09  ,0,0,0,0,0,0,0,0,0,-323000,0,0,0,0,323000,-323000,-323000
08336P,聯發科中信9C售05,0,0,0,0,0,0,0,0,0,-323000,0,0,0,35000,358000,-323000,-323000
063049,上海銀兆豐9B購01,0,0,0,0,0,0,0,0,0,-323000,0,0,0,0,323000,-323000,-323000
055876,美食元富9A購01  ,0,0,0,0,0,0,0,0,0,-325000,0,0,0,0,325000,-325000,-325000
064425,華新科兆豐9C購01,0,0,0,0,0,0,0,0,0,-326000,0,0,0,0,326000,-326000,-326000
057804,為升元大98購01  ,0,0,0,0,0,0,0,0,0,-326000,0,0,0,42000,368000,-326000,-326000
062106,華邦電國票9B購02,0,0,0,0,0,0,0,0,0,-326000,0,0,0,38000,364000,-326000,-326000
064677,金像電兆豐9C購01,10000,0,10000,0,0,0,0,0,0,-337000,0,0,0,0,337000,-337000,-327000
055842,建準元大98購01  ,0,0,0,0,0,0,0,0,0,-327000,0,0,0,58000,385000,-327000,-327000
062451,瀚宇博元大9B購02,0,0,0,0,0,0,0,0,0,-327000,0,0,0,62000,389000,-327000,-327000
064859,南亞科富邦01購01,0,0,0,0,0,0,0,0,0,-328000,0,0,0,0,328000,-328000,-328000
064700,致新群益9C購02  ,0,0,0,0,0,0,0,0,0,-329000,0,0,0,0,329000,-329000,-329000
056835,聯電元富99購01  ,0,0,0,0,0,0,0,0,0,-329000,0,0,0,209000,538000,-329000,-329000
056461,樺漢凱基98購02  ,0,0,0,0,0,0,0,0,0,-329000,0,0,0,0,329000,-329000,-329000
057016,中石化凱基9B購01,0,0,0,0,0,0,0,0,0,-330000,0,0,0,65000,395000,-330000,-330000
063176,南亞科兆豐9B購01,0,0,0,0,0,0,0,0,0,-330000,0,0,0,10000,340000,-330000,-330000
056206,泰鼎永豐97購01  ,0,0,0,0,0,0,0,0,0,-331000,0,0,0,93000,424000,-331000,-331000
060187,華新科元富9A購02,0,0,0,0,0,0,0,0,0,-331000,0,0,0,24000,355000,-331000,-331000
062442,華新科元大9C購02,0,0,0,0,0,0,0,0,0,-332000,0,0,0,49000,381000,-332000,-332000
064474,華新科麥證01購01,0,0,0,0,333000,-333000,0,0,0,-333000,0,0,0,0,333000,-333000,-333000
064069,華新科永豐9C購01,0,0,0,0,0,0,0,0,0,-333000,0,0,0,3000,336000,-333000,-333000
064149,美律統一02購01  ,0,0,0,0,0,0,0,0,0,-333000,0,0,0,0,333000,-333000,-333000
056707,鴻海富邦99購03  ,0,0,0,0,0,0,0,0,0,-334000,0,0,0,0,334000,-334000,-334000
056699,光罩國泰99購01  ,0,0,0,0,0,0,0,0,0,-334000,0,0,0,14000,348000,-334000,-334000
063339,智邦統一01購01  ,0,0,0,0,0,0,0,0,0,-334000,0,0,0,16000,350000,-334000,-334000
062710,盛群元大9B購01  ,0,0,0,0,0,0,0,0,0,-335000,0,0,0,12000,347000,-335000,-335000
07494P,葡萄王元大9A售03,0,0,0,0,0,0,0,0,0,-337000,0,0,0,50000,387000,-337000,-337000
060361,南亞科元富9A購03,0,0,0,0,0,0,0,0,0,-338000,0,0,0,0,338000,-338000,-338000
063497,東元永豐9B購01  ,0,0,0,0,0,0,0,0,0,-338000,0,0,0,0,338000,-338000,-338000
063819,致新群益9C購01  ,0,0,0,0,0,0,0,0,0,-338000,0,0,0,50000,388000,-338000,-338000
064504,玉晶光元大01購02,0,0,0,0,0,0,0,0,0,-340000,0,0,0,31000,371000,-340000,-340000
058772,茂林兆豐9A購01  ,0,0,0,0,0,0,0,0,0,-340000,0,0,0,0,340000,-340000,-340000
063621,華新科兆豐9B購02,0,0,0,0,0,0,0,0,0,-340000,0,0,0,0,340000,-340000,-340000
057817,景碩元大98購01  ,0,0,0,0,0,0,0,0,0,-343000,0,0,0,207000,550000,-343000,-343000
063448,聯發科統一9C購11,0,0,0,0,0,0,0,0,0,-343000,0,0,0,302000,645000,-343000,-343000
063994,台光電群益9C購01,0,0,0,0,0,0,0,0,0,-343000,0,0,0,2000,345000,-343000,-343000
062622,南電元大9B購03  ,0,0,0,0,0,0,0,0,0,-344000,0,0,0,0,344000,-344000,-344000
061673,仁寶元大9B購01  ,0,0,0,0,0,0,0,0,0,-345000,0,0,0,82000,427000,-345000,-345000
056796,國巨麥證98購02  ,0,0,0,3000,352000,-349000,0,0,0,-346000,0,0,0,6000,352000,-346000,-346000
064255,泰碩國泰02購01  ,0,0,0,0,0,0,0,0,0,-347000,0,0,0,81000,428000,-347000,-347000
053537,玉晶光永豐98購02,0,0,0,0,0,0,0,0,0,-348000,0,0,0,117000,465000,-348000,-348000
062836,同欣電群益9B購02,0,0,0,0,0,0,0,0,0,-348000,0,0,0,20000,368000,-348000,-348000
063686,國巨永豐9B購04  ,0,0,0,0,0,0,0,0,0,-348000,0,0,0,0,348000,-348000,-348000
057311,玉晶光日盛9A購01,0,0,0,0,0,0,0,0,0,-349000,0,0,0,36000,385000,-349000,-349000
061818,富邦金群益9C購01,0,0,0,0,0,0,0,0,0,-349000,0,0,0,319000,668000,-349000,-349000
064356,矽創元大01購01  ,0,0,0,0,0,0,0,0,0,-350000,0,0,0,45000,395000,-350000,-350000
059198,華新科永豐99購06,0,0,0,0,0,0,0,0,0,-351000,0,0,0,4000,355000,-351000,-351000
00701,國泰股利精選30  ,8000,64000,-56000,0,0,0,0,0,0,-296000,0,0,0,619000,915000,-296000,-352000
07634P,金像電元大9A售01,0,0,0,0,0,0,0,0,0,-353000,0,0,0,13000,366000,-353000,-353000
057190,立積元大9A購02  ,0,0,0,0,0,0,0,0,0,-354000,0,0,0,180000,534000,-354000,-354000
063666,京元電統一9C購01,0,0,0,0,0,0,0,0,0,-355000,0,0,0,0,355000,-355000,-355000
063785,華通中信06購02  ,0,0,0,0,0,0,0,0,0,-355000,0,0,0,10000,365000,-355000,-355000
061956,和大統一01購01  ,0,0,0,0,0,0,0,0,0,-356000,0,0,0,73000,429000,-356000,-356000
063694,貿聯永豐9B購01  ,0,0,0,0,0,0,0,0,0,-357000,0,0,0,10000,367000,-357000,-357000
063401,中租群益9B購03  ,0,0,0,0,0,0,0,0,0,-357000,0,0,0,230000,587000,-357000,-357000
08169P,台光電群益9B售04,0,0,0,0,0,0,0,0,0,-358000,0,0,0,0,358000,-358000,-358000
06050P,玉晶光國票98售01,0,0,0,0,0,0,0,0,0,-359000,0,0,0,0,359000,-359000,-359000
064036,矽創元大9C購01  ,0,0,0,0,0,0,0,0,0,-359000,0,0,0,49000,408000,-359000,-359000
047504,滬深2X國票9A購01,0,0,0,0,0,0,0,0,0,-360000,0,0,0,20000,380000,-360000,-360000
06721P,臺股指中信9A售03,0,0,0,0,0,0,0,0,0,-361000,0,0,0,169000,530000,-361000,-361000
063351,億豐統一9B購01  ,0,0,0,0,0,0,0,0,0,-361000,0,0,0,5000,366000,-361000,-361000
063482,緯穎元大9B購09  ,0,0,0,0,0,0,0,0,0,-361000,0,0,0,26000,387000,-361000,-361000
00673R,元大S&P原油反1  ,0,0,0,0,0,0,0,0,0,-362000,0,0,0,480000,842000,-362000,-362000
056517,茂林兆豐99購01  ,0,0,0,0,0,0,0,0,0,-362000,0,0,0,0,362000,-362000,-362000
063506,嘉晶群益9B購01  ,0,0,0,0,0,0,0,0,0,-362000,0,0,0,45000,407000,-362000,-362000
056673,中石化元富9B購01,0,0,0,0,0,0,0,0,0,-363000,0,0,0,0,363000,-363000,-363000
061594,玉晶光永豐9A購08,0,0,0,0,0,0,0,0,0,-363000,0,0,0,267000,630000,-363000,-363000
058604,華邦電元大99購03,0,0,0,0,0,0,0,0,0,-365000,0,0,0,184000,549000,-365000,-365000
063295,京元電麥證9B購01,0,0,0,124000,489000,-365000,0,0,0,-365000,0,0,0,124000,489000,-365000,-365000
062906,全新元大9B購03  ,0,0,0,0,0,0,0,0,0,-367000,0,0,0,0,367000,-367000,-367000
07300P,臺股指元大9A售33,0,0,0,0,0,0,0,0,0,-369000,0,0,0,0,369000,-369000,-369000
061121,智邦永豐9A購02  ,0,0,0,0,0,0,0,0,0,-369000,0,0,0,64000,433000,-369000,-369000
052328,台表科中信99購01,0,0,0,0,0,0,0,0,0,-369000,0,0,0,120000,489000,-369000,-369000
062062,貿聯統一01購01  ,20000,0,20000,0,0,0,0,0,0,-389000,0,0,0,83000,472000,-389000,-369000
064150,全新統一01購03  ,0,0,0,0,0,0,0,0,0,-369000,0,0,0,46000,415000,-369000,-369000
8215,明基材          ,201000,574000,-373000,0,0,0,0,0,0,3000,3000,0,3000,0,0,0,-370000
062616,玉晶光元大9C購06,0,0,0,0,0,0,0,0,0,-371000,0,0,0,60000,431000,-371000,-371000
062760,漢唐凱基9B購01  ,0,0,0,0,0,0,0,0,0,-372000,0,0,0,132000,504000,-372000,-372000
057946,晶相光國票99購01,0,0,0,0,0,0,0,0,0,-373000,0,0,0,0,373000,-373000,-373000
064466,聯電元富9C購01  ,0,0,0,0,0,0,0,0,0,-374000,0,0,0,112000,486000,-374000,-374000
057578,可成中信99購01  ,0,0,0,0,0,0,0,0,0,-374000,0,0,0,30000,404000,-374000,-374000
060735,鴻海統一9C購03  ,0,0,0,0,0,0,0,0,0,-374000,0,0,0,0,374000,-374000,-374000
2453,凌群            ,417000,794000,-377000,0,0,0,0,0,0,2000,5000,3000,2000,0,0,0,-375000
054808,東元元大9A購01  ,0,0,0,0,0,0,0,0,0,-375000,0,0,0,86000,461000,-375000,-375000
059931,緯穎富邦9A購01  ,0,0,0,0,0,0,0,0,0,-375000,0,0,0,85000,460000,-375000,-375000
063117,聯茂麥證9B購01  ,0,0,0,10000,385000,-375000,0,0,0,-375000,0,0,0,10000,385000,-375000,-375000
064342,晶技元大9C購01  ,0,0,0,0,0,0,0,0,0,-376000,0,0,0,0,376000,-376000,-376000
057197,立積台新98購01  ,0,0,0,0,0,0,0,0,0,-376000,0,0,0,0,376000,-376000,-376000
9946,三發地產        ,2000,380000,-378000,0,0,0,0,0,0,1000,1000,0,1000,0,0,0,-377000
059937,旺宏永豐99購03  ,0,0,0,0,0,0,0,0,0,-378000,0,0,0,1000,379000,-378000,-378000
063895,新光金群益01購01,0,0,0,0,0,0,0,0,0,-378000,0,0,0,42000,420000,-378000,-378000
08250P,GIS群益9C售02   ,0,0,0,0,0,0,0,0,0,-380000,0,0,0,40000,420000,-380000,-380000
061241,晶技兆豐9A購01  ,0,0,0,0,0,0,0,0,0,-380000,0,0,0,30000,410000,-380000,-380000
064555,力山群益01購01  ,0,0,0,0,0,0,0,0,0,-381000,0,0,0,128000,509000,-381000,-381000
063829,晶技國票01購01  ,0,0,0,0,0,0,0,0,0,-381000,0,0,0,150000,531000,-381000,-381000
063348,祥碩統一01購04  ,0,0,0,0,0,0,0,0,0,-382000,0,0,0,10000,392000,-382000,-382000
064475,台積電國泰02購03,0,0,0,0,0,0,0,0,0,-385000,0,0,0,97000,482000,-385000,-385000
063581,同欣電國泰9C購01,0,0,0,0,0,0,0,0,0,-386000,0,0,0,203000,589000,-386000,-386000
062644,中環國泰9C購01  ,0,0,0,0,0,0,0,0,0,-387000,0,0,0,235000,622000,-387000,-387000
057449,華新科元富99購02,0,0,0,0,0,0,0,0,0,-388000,0,0,0,22000,410000,-388000,-388000
062252,華邦電元大9C購01,0,0,0,0,0,0,0,0,0,-390000,0,0,0,6000,396000,-390000,-390000
064367,貿聯統一01購02  ,0,0,0,0,0,0,0,0,0,-391000,0,0,0,35000,426000,-391000,-391000
061661,京鼎永豐9A購02  ,0,0,0,0,0,0,0,0,0,-391000,0,0,0,0,391000,-391000,-391000
064316,貿聯群益9C購02  ,0,0,0,0,0,0,0,0,0,-392000,0,0,0,0,392000,-392000,-392000
063315,京元電群益9B購03,0,0,0,0,0,0,0,0,0,-393000,0,0,0,5000,398000,-393000,-393000
064138,亞德客統一01購02,0,0,0,0,0,0,0,0,0,-394000,0,0,0,699000,1093000,-394000,-394000
07433P,臺股指國票9A售05,0,0,0,0,0,0,0,0,0,-395000,0,0,0,5000,400000,-395000,-395000
061417,力成群益9A購01  ,0,0,0,0,0,0,0,0,0,-395000,0,0,0,0,395000,-395000,-395000
060629,鴻海富邦9B購01  ,0,0,0,0,0,0,0,0,0,-395000,0,0,0,15000,410000,-395000,-395000
062491,矽創永豐9B購01  ,0,0,0,0,0,0,0,0,0,-395000,0,0,0,100000,495000,-395000,-395000
057813,京元電元大98購03,0,0,0,0,0,0,0,0,0,-397000,0,0,0,0,397000,-397000,-397000
057581,元大金中信9A購01,0,0,0,0,0,0,0,0,0,-399000,0,0,0,333000,732000,-399000,-399000
056473,奇力新元大99購02,0,0,0,0,0,0,0,0,0,-400000,0,0,0,0,400000,-400000,-400000
060297,和碩元大9A購02  ,0,0,0,0,0,0,0,0,0,-400000,0,0,0,45000,445000,-400000,-400000
061434,國巨麥證9A購04  ,0,0,0,0,400000,-400000,0,0,0,-400000,0,0,0,0,400000,-400000,-400000
061315,滬深2X凱基9C購06,0,0,0,0,0,0,0,0,0,-400000,0,0,0,0,400000,-400000,-400000
061819,茂林群益9B購01  ,0,0,0,0,0,0,0,0,0,-400000,0,0,0,205000,605000,-400000,-400000
055006,晶相光元富9A購01,0,0,0,0,0,0,0,0,0,-403000,0,0,0,36000,439000,-403000,-403000
058660,樺漢中信9A購01  ,0,0,0,0,0,0,0,0,0,-404000,0,0,0,66000,470000,-404000,-404000
057603,樺漢群益98購02  ,0,0,0,0,0,0,0,0,0,-405000,0,0,0,0,405000,-405000,-405000
061154,可成群益9B購04  ,0,0,0,0,0,0,0,0,0,-405000,0,0,0,6000,411000,-405000,-405000
056346,聯茂凱基99購02  ,0,0,0,0,0,0,0,0,0,-406000,0,0,0,50000,456000,-406000,-406000
060188,華新科元富9A購03,0,0,0,0,0,0,0,0,0,-406000,0,0,0,10000,416000,-406000,-406000
07469P,台達電元大9A售01,0,0,0,0,0,0,0,0,0,-407000,0,0,0,104000,511000,-407000,-407000
051486,玉晶光凱基97購03,0,0,0,0,0,0,0,0,0,-407000,0,0,0,33000,440000,-407000,-407000
063861,南亞科國泰02購01,0,0,0,0,0,0,0,0,0,-407000,0,0,0,110000,517000,-407000,-407000
06653P,美食元大98售02  ,0,0,0,0,0,0,0,0,0,-410000,0,0,0,20000,430000,-410000,-410000
061283,智邦統一9A購01  ,5000,0,5000,0,0,0,0,0,0,-417000,0,0,0,570000,987000,-417000,-412000
060064,華新科兆豐99購07,0,0,0,0,0,0,0,0,0,-412000,0,0,0,10000,422000,-412000,-412000
061370,晶技國泰9C購01  ,0,0,0,0,0,0,0,0,0,-414000,0,0,0,155000,569000,-414000,-414000
062819,奇鋐兆豐9B購01  ,0,0,0,0,0,0,0,0,0,-415000,0,0,0,321000,736000,-415000,-415000
07505P,台勝科元大9A售01,0,0,0,0,0,0,0,0,0,-417000,0,0,0,320000,737000,-417000,-417000
062356,國巨元大9B購10  ,0,0,0,0,0,0,0,0,0,-417000,0,0,0,2000,419000,-417000,-417000
062070,金寶元大9B購01  ,0,0,0,0,0,0,0,0,0,-419000,0,0,0,0,419000,-419000,-419000
063225,茂林群益9B購04  ,0,0,0,0,0,0,0,0,0,-419000,0,0,0,36000,455000,-419000,-419000
064385,台積電富邦03購02,0,0,0,0,0,0,0,0,0,-420000,0,0,0,75000,495000,-420000,-420000
064431,台積電凱基01購05,0,0,0,0,0,0,0,0,0,-420000,0,0,0,0,420000,-420000,-420000
059849,興勤永豐99購01  ,0,0,0,0,0,0,0,0,0,-420000,0,0,0,110000,530000,-420000,-420000
4164,承業醫          ,150000,457000,-307000,0,0,0,0,0,0,-113000,19000,132000,-113000,0,0,0,-420000
057824,日月光元大98購01,0,0,0,0,0,0,0,0,0,-421000,0,0,0,0,421000,-421000,-421000
054771,茂林國票98購02  ,0,0,0,0,0,0,0,0,0,-422000,0,0,0,5000,427000,-422000,-422000
058229,為升元大99購02  ,0,0,0,0,0,0,0,0,0,-422000,0,0,0,37000,459000,-422000,-422000
063279,國巨元大9C購05  ,0,0,0,0,0,0,0,0,0,-422000,0,0,0,3000,425000,-422000,-422000
063532,GIS凱基9B購03   ,0,0,0,0,0,0,0,0,0,-422000,0,0,0,305000,727000,-422000,-422000
064003,台積電凱基01購03,0,0,0,0,0,0,0,0,0,-423000,0,0,0,89000,512000,-423000,-423000
06139P,台積電中信99售02,0,0,0,0,0,0,0,0,0,-424000,0,0,0,10000,434000,-424000,-424000
063657,茂林元富9B購04  ,0,0,0,0,0,0,0,0,0,-424000,0,0,0,104000,528000,-424000,-424000
062980,康控元富9B購01  ,0,0,0,0,0,0,0,0,0,-424000,0,0,0,193000,617000,-424000,-424000
060360,南亞科元富9A購02,0,0,0,0,0,0,0,0,0,-425000,0,0,0,46000,471000,-425000,-425000
063984,華邦電國泰02購01,0,0,0,0,0,0,0,0,0,-425000,0,0,0,66000,491000,-425000,-425000
060303,宏達電富邦9B購01,0,0,0,0,0,0,0,0,0,-427000,0,0,0,24000,451000,-427000,-427000
062687,華擎統一01購02  ,0,0,0,0,0,0,0,0,0,-427000,0,0,0,20000,447000,-427000,-427000
060562,旺宏富邦9C購02  ,0,0,0,0,0,0,0,0,0,-428000,0,0,0,154000,582000,-428000,-428000
063140,聯發科統一9B購08,0,0,0,0,0,0,0,0,0,-428000,0,0,0,90000,518000,-428000,-428000
059841,國巨富邦9C購01  ,0,0,0,0,0,0,0,0,0,-429000,0,0,0,241000,670000,-429000,-429000
063340,英業達統一9B購01,0,0,0,0,0,0,0,0,0,-429000,0,0,0,51000,480000,-429000,-429000
063446,台光電統一01購02,0,0,0,0,0,0,0,0,0,-429000,0,0,0,21000,450000,-429000,-429000
058928,國巨統一9C購01  ,0,0,0,0,0,0,0,0,0,-431000,0,0,0,588000,1019000,-431000,-431000
063230,緯穎群益9B購02  ,0,0,0,0,0,0,0,0,0,-431000,0,0,0,5000,436000,-431000,-431000
06619P,聯發科元大98售06,0,0,0,0,0,0,0,0,0,-432000,0,0,0,510000,942000,-432000,-432000
063788,矽創統一02購01  ,0,0,0,0,0,0,0,0,0,-434000,0,0,0,71000,505000,-434000,-434000
064780,義隆群益9C購04  ,0,0,0,0,0,0,0,0,0,-435000,0,0,0,15000,450000,-435000,-435000
060008,華邦電群益9A購01,0,0,0,0,0,0,0,0,0,-435000,0,0,0,98000,533000,-435000,-435000
062214,金寶統一01購01  ,0,0,0,0,0,0,0,0,0,-435000,0,0,0,11000,446000,-435000,-435000
1611,中電            ,106000,543000,-437000,0,0,0,0,0,0,0,0,0,0,0,0,0,-437000
063071,華新科富邦02購01,0,0,0,0,0,0,0,0,0,-437000,0,0,0,221000,658000,-437000,-437000
060380,T50反1凱基9A購08,0,0,0,0,0,0,0,0,0,-438000,0,0,0,0,438000,-438000,-438000
060699,華新科國泰9B購03,0,0,0,0,0,0,0,0,0,-438000,0,0,0,12000,450000,-438000,-438000
063538,神達統一9C購01  ,0,0,0,0,0,0,0,0,0,-440000,0,0,0,58000,498000,-440000,-440000
064626,聯茂元大9C購01  ,0,0,0,0,0,0,0,0,0,-444000,0,0,0,20000,464000,-444000,-444000
06701P,臺股指統一99售06,0,0,0,0,0,0,0,0,0,-446000,0,0,0,100000,546000,-446000,-446000
059730,晶相光元大9C購02,0,0,0,0,0,0,0,0,0,-446000,0,0,0,23000,469000,-446000,-446000
058614,台郡元大9A購01  ,0,0,0,0,0,0,0,0,0,-448000,0,0,0,0,448000,-448000,-448000
063986,聯發科富邦02購01,0,0,0,0,0,0,0,0,0,-448000,0,0,0,16000,464000,-448000,-448000
060191,亞光元富9A購02  ,0,0,0,0,0,0,0,0,0,-449000,0,0,0,322000,771000,-449000,-449000
06982P,義隆凱基99售02  ,0,0,0,0,0,0,0,0,0,-450000,0,0,0,70000,520000,-450000,-450000
064563,全新群益02購01  ,0,0,0,0,0,0,0,0,0,-450000,0,0,0,0,450000,-450000,-450000
053799,矽創中信9A購01  ,0,0,0,0,0,0,0,0,0,-450000,0,0,0,100000,550000,-450000,-450000
006208,富邦台50        ,235,0,235,0,0,0,0,0,0,-451000,0,0,0,546000,997000,-451000,-450765
059290,全新元富99購01  ,0,0,0,0,0,0,0,0,0,-451000,0,0,0,33000,484000,-451000,-451000
060390,聯鈞群益9A購01  ,0,0,0,0,0,0,0,0,0,-451000,0,0,0,0,451000,-451000,-451000
06902P,聯電凱基98售02  ,0,0,0,0,0,0,0,0,0,-452000,0,0,0,140000,592000,-452000,-452000
061942,亞德客群益9B購01,0,0,0,0,0,0,0,0,0,-454000,0,0,0,24000,478000,-454000,-454000
058154,泰碩統一9A購01  ,0,0,0,0,0,0,0,0,0,-455000,0,0,0,29000,484000,-455000,-455000
063863,儒鴻富邦02購01  ,0,0,0,0,0,0,0,0,0,-455000,0,0,0,155000,610000,-455000,-455000
060677,京元電元大9A購04,0,0,0,0,0,0,0,0,0,-456000,0,0,0,143000,599000,-456000,-456000
062421,台積電統一9C購09,0,0,0,0,0,0,0,0,0,-456000,0,0,0,30000,486000,-456000,-456000
058495,元大金群益9B購01,0,0,0,0,0,0,0,0,0,-457000,0,0,0,53000,510000,-457000,-457000
063449,全新統一9B購02  ,0,0,0,0,0,0,0,0,0,-458000,0,0,0,55000,513000,-458000,-458000
057969,緯穎國泰99購01  ,0,0,0,0,0,0,0,0,0,-459000,0,0,0,103000,562000,-459000,-459000
064695,京鼎群益02購02  ,0,0,0,0,0,0,0,0,0,-460000,0,0,0,0,460000,-460000,-460000
052313,聯電元大98購01  ,0,0,0,0,0,0,0,0,0,-461000,0,0,0,67000,528000,-461000,-461000
064094,達新群益9C購01  ,0,0,0,0,0,0,0,0,0,-461000,0,0,0,0,461000,-461000,-461000
2890,永豐金          ,7202714,5618000,1584714,0,0,0,0,0,0,-2047000,13000,2052000,-2039000,0,8000,-8000,-462286
08315P,台積電元大9C售08,0,0,0,0,0,0,0,0,0,-467000,0,0,0,136000,603000,-467000,-467000
064476,金像電國泰02購01,0,0,0,0,0,0,0,0,0,-467000,0,0,0,0,467000,-467000,-467000
4938,和碩            ,4337455,4792223,-454768,0,0,0,159000,253000,-94000,77000,47000,2000,45000,105000,73000,32000,-471768
057085,立積統一9B購02  ,0,0,0,0,0,0,0,0,0,-473000,0,0,0,265000,738000,-473000,-473000
063658,瑞祺元富9B購01  ,0,0,0,0,0,0,0,0,0,-473000,0,0,0,93000,566000,-473000,-473000
060288,群光元大9C購01  ,0,0,0,0,0,0,0,0,0,-474000,0,0,0,12000,486000,-474000,-474000
063613,全新群益9C購01  ,0,0,0,0,0,0,0,0,0,-475000,0,0,0,34000,509000,-475000,-475000
063973,緯穎國票9C購01  ,0,0,0,0,0,0,0,0,0,-476000,0,0,0,131000,607000,-476000,-476000
053095,台光電統一98購01,0,0,0,0,0,0,0,0,0,-477000,0,0,0,20000,497000,-477000,-477000
062950,貿聯富邦01購01  ,0,0,0,0,0,0,0,0,0,-477000,0,0,0,115000,592000,-477000,-477000
061144,玉晶光中信9B購02,0,0,0,0,0,0,0,0,0,-478000,0,0,0,60000,538000,-478000,-478000
057684,聯茂日盛99購01  ,0,0,0,0,0,0,0,0,0,-479000,0,0,0,11000,490000,-479000,-479000
051369,新光金富邦9A購01,0,0,0,0,0,0,0,0,0,-480000,0,0,0,0,480000,-480000,-480000
062696,國巨元大9B購16  ,0,0,0,0,0,0,0,0,0,-481000,0,0,0,81000,562000,-481000,-481000
060641,聯鈞永豐9A購01  ,0,0,0,0,0,0,0,0,0,-482000,0,0,0,0,482000,-482000,-482000
062972,京元電元富9B購01,0,0,0,0,0,0,0,0,0,-482000,0,0,0,0,482000,-482000,-482000
059862,全新群益99購04  ,0,0,0,0,0,0,0,0,0,-483000,0,0,0,29000,512000,-483000,-483000
053593,晶技元大98購01  ,0,0,0,0,0,0,0,0,0,-485000,0,0,0,40000,525000,-485000,-485000
062026,華邦電群益9B購01,0,0,0,0,0,0,0,0,0,-487000,0,0,0,30000,517000,-487000,-487000
062817,富邦金兆豐9B購01,0,0,0,0,0,0,0,0,0,-488000,0,0,0,216000,704000,-488000,-488000
061080,華邦電兆豐9B購01,0,0,0,0,0,0,0,0,0,-489000,0,0,0,312000,801000,-489000,-489000
057782,台積電國票99購07,0,0,0,0,0,0,0,0,0,-489000,0,0,0,10000,499000,-489000,-489000
062814,台光電兆豐9B購01,0,0,0,0,0,0,0,0,0,-491000,0,0,0,95000,586000,-491000,-491000
2855,統一證          ,548000,457000,91000,0,0,0,0,583000,-583000,0,0,0,0,0,0,0,-492000
059995,南亞科元富99購01,0,0,0,0,0,0,0,0,0,-493000,0,0,0,34000,527000,-493000,-493000
064976,景碩元大9C購01  ,0,0,0,0,0,0,0,0,0,-494000,0,0,0,0,494000,-494000,-494000
064325,亞德客元大9C購01,0,0,0,0,0,0,0,0,0,-495000,0,0,0,272000,767000,-495000,-495000
062457,京元電群益9B購01,0,0,0,0,0,0,0,0,0,-496000,0,0,0,0,496000,-496000,-496000
061725,國巨麥證9A購05  ,0,0,0,0,498000,-498000,0,0,0,-497000,0,0,0,1000,498000,-497000,-497000
060653,全新群益9A購02  ,0,0,0,0,0,0,0,0,0,-497000,0,0,0,0,497000,-497000,-497000
063207,聯茂統一01購01  ,0,0,0,0,0,0,0,0,0,-497000,0,0,0,138000,635000,-497000,-497000
063278,國巨元大9C購04  ,0,0,0,0,0,0,0,0,0,-497000,0,0,0,2000,499000,-497000,-497000
053117,大立光中信9A購02,0,0,0,0,0,0,0,0,0,-498000,0,0,0,0,498000,-498000,-498000
063218,台塑群益9B購01  ,0,0,0,0,0,0,0,0,0,-498000,0,0,0,0,498000,-498000,-498000
064395,華新科永豐9C購02,0,0,0,0,0,0,0,0,0,-499000,0,0,0,3000,502000,-499000,-499000
062502,旺宏群益9C購01  ,0,0,0,0,0,0,0,0,0,-499000,0,0,0,0,499000,-499000,-499000
064750,緯穎麥證9C購01  ,0,0,0,6000,515000,-509000,0,0,0,-509000,0,0,0,6000,515000,-509000,-509000
053181,滬深2X元富99購02,0,0,0,0,0,0,0,0,0,-509000,0,0,0,0,509000,-509000,-509000
063549,國巨國票9C購05  ,0,0,0,0,0,0,0,0,0,-510000,0,0,0,12000,522000,-510000,-510000
064360,台積電統一9C購12,0,0,0,0,0,0,0,0,0,-511000,0,0,0,111000,622000,-511000,-511000
06878P,台灣50日盛9B售01,0,0,0,0,0,0,0,0,0,-512000,0,0,0,43000,555000,-512000,-512000
063562,國巨元大9C購06  ,0,0,0,0,0,0,0,0,0,-513000,0,0,0,2000,515000,-513000,-513000
064165,同欣電統一01購01,0,0,0,0,0,0,0,0,0,-513000,0,0,0,138000,651000,-513000,-513000
07089P,臺指2X中信01售01,0,0,0,0,0,0,0,0,0,-514000,0,0,0,30000,544000,-514000,-514000
064603,和碩元富9C購01  ,0,0,0,0,0,0,0,0,0,-515000,0,0,0,0,515000,-515000,-515000
057514,華新科元富99購03,0,0,0,0,0,0,0,0,0,-515000,0,0,0,0,515000,-515000,-515000
062698,台積電元大01購01,0,0,0,0,0,0,0,0,0,-517000,0,0,0,199000,716000,-517000,-517000
3029,零壹            ,478000,986000,-508000,0,0,0,0,0,0,-12000,13000,25000,-12000,0,0,0,-520000
060714,晶技永豐9A購02  ,0,0,0,0,0,0,0,0,0,-520000,0,0,0,98000,618000,-520000,-520000
063354,茂林元富9B購02  ,0,0,0,0,0,0,0,0,0,-520000,0,0,0,50000,570000,-520000,-520000
061512,國巨永豐9A購04  ,0,0,0,0,0,0,0,0,0,-522000,0,0,0,0,522000,-522000,-522000
060120,聯電富邦9B購01  ,0,0,0,0,0,0,0,0,0,-524000,0,0,0,0,524000,-524000,-524000
064111,國巨國票02購02  ,0,0,0,0,0,0,0,0,0,-525000,0,0,0,13000,538000,-525000,-525000
057539,南茂元大98購02  ,0,0,0,0,0,0,0,0,0,-528000,0,0,0,89000,617000,-528000,-528000
059695,聯鈞永豐99購02  ,0,0,0,0,0,0,0,0,0,-528000,0,0,0,0,528000,-528000,-528000
060307,南港永豐9A購01  ,0,0,0,0,0,0,0,0,0,-529000,0,0,0,355000,884000,-529000,-529000
060916,金像電國泰9C購01,0,0,0,0,0,0,0,0,0,-529000,0,0,0,116000,645000,-529000,-529000
062697,國巨元大9C購01  ,0,0,0,0,0,0,0,0,0,-529000,0,0,0,30000,559000,-529000,-529000
064539,玉晶光麥證01購01,0,0,0,350000,881000,-531000,0,0,0,-531000,0,0,0,350000,881000,-531000,-531000
3653,健策            ,456000,730000,-274000,0,0,0,0,247000,-247000,-10000,48000,46000,2000,25000,37000,-12000,-531000
064450,致茂統一01購01  ,0,0,0,0,0,0,0,0,0,-532000,0,0,0,345000,877000,-532000,-532000
03650C,T50反1元大98牛05,0,0,0,0,0,0,0,0,0,-532000,0,0,0,0,532000,-532000,-532000
064599,台積電元富9C購03,0,0,0,0,0,0,0,0,0,-533000,0,0,0,598000,1131000,-533000,-533000
063060,華新科元富9B購03,0,0,0,0,0,0,0,0,0,-533000,0,0,0,3000,536000,-533000,-533000
063061,華新科元富9B購04,0,0,0,0,0,0,0,0,0,-533000,0,0,0,0,533000,-533000,-533000
06576P,台光電群益98售03,0,0,0,0,0,0,0,0,0,-536000,0,0,0,2000,538000,-536000,-536000
062016,美食永豐9B購01  ,0,0,0,0,0,0,0,0,0,-537000,0,0,0,72000,609000,-537000,-537000
07861P,台灣50中信03售08,0,0,0,0,0,0,0,0,0,-538000,0,0,0,22000,560000,-538000,-538000
052738,聯電元大98購02  ,0,0,0,0,0,0,0,0,0,-539000,0,0,0,90000,629000,-539000,-539000
061775,臺指反國票9B購04,0,0,0,0,0,0,0,0,0,-539000,0,0,0,0,539000,-539000,-539000
061293,聯茂統一9A購01  ,0,0,0,0,0,0,0,0,0,-540000,0,0,0,200000,740000,-540000,-540000
057730,聯鈞國泰9A購01  ,0,0,0,0,0,0,0,0,0,-540000,0,0,0,71000,611000,-540000,-540000
064234,正崴統一01購01  ,0,0,0,0,0,0,0,0,0,-540000,0,0,0,20000,560000,-540000,-540000
3673,TPK-KY          ,322000,953000,-631000,0,0,0,0,0,0,90000,54000,48000,6000,92000,8000,84000,-541000
063107,矽創群益9B購01  ,0,0,0,0,0,0,0,0,0,-542000,0,0,0,19000,561000,-542000,-542000
062699,台積電元大01購02,0,0,0,0,0,0,0,0,0,-542000,0,0,0,519000,1061000,-542000,-542000
064273,華邦電元大9C購02,0,0,0,0,0,0,0,0,0,-549000,0,0,0,1000,550000,-549000,-549000
061012,國巨麥證9A購03  ,0,0,0,0,550000,-550000,0,0,0,-550000,0,0,0,0,550000,-550000,-550000
07491P,臺股指國票9A售09,0,0,0,0,0,0,0,0,0,-551000,0,0,0,0,551000,-551000,-551000
062343,中石化群益9B購01,0,0,0,0,0,0,0,0,0,-551000,0,0,0,4000,555000,-551000,-551000
060954,國泰金群益9A購02,0,0,0,0,0,0,0,0,0,-553000,0,0,0,0,553000,-553000,-553000
060817,華邦電台新9A購01,0,0,0,0,0,0,0,0,0,-556000,0,0,0,186000,742000,-556000,-556000
060503,技嘉元大9A購01  ,0,0,0,0,0,0,0,0,0,-557000,0,0,0,32000,589000,-557000,-557000
064568,聯鈞群益9C購01  ,0,0,0,0,0,0,0,0,0,-559000,0,0,0,3000,562000,-559000,-559000
063663,台光電統一9C購01,0,0,0,0,0,0,0,0,0,-559000,0,0,0,60000,619000,-559000,-559000
064779,義隆群益9C購03  ,0,0,0,0,0,0,0,0,0,-560000,0,0,0,213000,773000,-560000,-560000
063051,仁寶統一01購01  ,0,0,0,0,0,0,0,0,0,-561000,0,0,0,5000,566000,-561000,-561000
062265,南茂元大9B購01  ,0,0,0,0,0,0,0,0,0,-561000,0,0,0,18000,579000,-561000,-561000
064388,緯穎富邦9C購01  ,0,0,0,0,0,0,0,0,0,-564000,0,0,0,49000,613000,-564000,-564000
062351,瑞祺群益9C購01  ,0,0,0,0,0,0,0,0,0,-564000,0,0,0,36000,600000,-564000,-564000
060769,國巨麥證9A購02  ,0,0,0,3000,571000,-568000,0,0,0,-565000,0,0,0,6000,571000,-565000,-565000
063064,台表科元富9B購01,0,0,0,0,0,0,0,0,0,-565000,0,0,0,20000,585000,-565000,-565000
06604P,聯發科元富02售02,0,0,0,0,0,0,0,0,0,-566000,0,0,0,65000,631000,-566000,-566000
063656,台光電元富03購01,0,0,0,0,0,0,0,0,0,-566000,0,0,0,303000,869000,-566000,-566000
2406,國碩            ,217000,789000,-572000,0,0,0,0,0,0,5000,5000,0,5000,0,0,0,-567000
059187,國巨富邦9B購02  ,0,0,0,0,0,0,0,0,0,-568000,0,0,0,4000,572000,-568000,-568000
062460,京鼎群益9C購01  ,0,0,0,0,0,0,0,0,0,-568000,0,0,0,10000,578000,-568000,-568000
062575,景碩群益9B購01  ,0,0,0,0,0,0,0,0,0,-568000,0,0,0,1000,569000,-568000,-568000
064472,國巨麥證9C購03  ,0,0,0,0,570000,-570000,0,0,0,-570000,0,0,0,0,570000,-570000,-570000
057105,致茂群益9A購01  ,0,0,0,0,0,0,0,0,0,-571000,0,0,0,25000,596000,-571000,-571000
5522,遠雄            ,268000,639000,-371000,0,0,0,0,232000,-232000,27000,27000,0,27000,0,0,0,-576000
064492,技嘉元大9C購01  ,0,0,0,0,0,0,0,0,0,-579000,0,0,0,121000,700000,-579000,-579000
062514,玉晶光國票9C購02,0,0,0,0,0,0,0,0,0,-580000,0,0,0,524000,1104000,-580000,-580000
062979,茂林元富9B購01  ,0,0,0,0,0,0,0,0,0,-583000,0,0,0,10000,593000,-583000,-583000
060633,玉晶光富邦02購01,0,0,0,0,0,0,0,0,0,-584000,0,0,0,57000,641000,-584000,-584000
060811,亞德客凱基9A購02,0,0,0,0,0,0,0,0,0,-585000,0,0,0,280000,865000,-585000,-585000
058239,景碩元大99購03  ,0,0,0,0,0,0,0,0,0,-589000,0,0,0,81000,670000,-589000,-589000
2548,華固            ,152000,748000,-596000,0,0,0,0,0,0,6000,6000,0,6000,0,0,0,-590000
063664,漢唐統一9C購01  ,0,0,0,0,0,0,0,0,0,-590000,0,0,0,222000,812000,-590000,-590000
061912,台積電中信05購05,0,0,0,0,0,0,0,0,0,-593000,0,0,0,18000,611000,-593000,-593000
057971,華新科富邦9B購02,0,0,0,0,0,0,0,0,0,-594000,0,0,0,3000,597000,-594000,-594000
062889,可成群益9C購01  ,0,0,0,0,0,0,0,0,0,-595000,0,0,0,83000,678000,-595000,-595000
063809,矽創兆豐01購01  ,0,0,0,0,0,0,0,0,0,-596000,0,0,0,0,596000,-596000,-596000
061168,力成兆豐9A購01  ,0,0,0,0,0,0,0,0,0,-599000,0,0,0,70000,669000,-599000,-599000
064598,國巨元富9C購03  ,0,0,0,0,0,0,0,0,0,-600000,0,0,0,33000,633000,-600000,-600000
063903,國巨麥證01購01  ,0,0,0,0,600000,-600000,0,0,0,-600000,0,0,0,0,600000,-600000,-600000
2915,潤泰全          ,276000,825000,-549000,0,0,0,1000,0,1000,-57000,1000,0,1000,10000,68000,-58000,-605000
055670,矽創群益98購02  ,0,0,0,0,0,0,0,0,0,-605000,0,0,0,19000,624000,-605000,-605000
061796,興勤永豐9B購01  ,0,0,0,0,0,0,0,0,0,-605000,0,0,0,0,605000,-605000,-605000
058822,樺漢國泰9B購01  ,0,0,0,0,0,0,0,0,0,-615000,0,0,0,1000,616000,-615000,-615000
061306,瑞祺永豐9A購02  ,0,0,0,0,0,0,0,0,0,-617000,0,0,0,85000,702000,-617000,-617000
058005,茂林群益98購04  ,0,0,0,0,0,0,0,0,0,-617000,0,0,0,0,617000,-617000,-617000
064471,國巨麥證9C購02  ,0,0,0,0,620000,-620000,0,0,0,-620000,0,0,0,0,620000,-620000,-620000
064249,聯發科元富06購01,0,0,0,0,0,0,0,0,0,-624000,0,0,0,29000,653000,-624000,-624000
061610,力成統一9C購01  ,0,0,0,0,0,0,0,0,0,-633000,0,0,0,125000,758000,-633000,-633000
6269,台郡            ,765200,1093000,-327800,0,0,0,25000,430000,-405000,97000,107000,34000,73000,32000,8000,24000,-635800
00717,富邦美國特別股  ,0,0,0,0,0,0,0,0,0,-636000,0,0,0,284000,920000,-636000,-636000
061411,T50反1群益9A購05,0,0,0,0,0,0,0,0,0,-636000,0,0,0,282000,918000,-636000,-636000
3380,明泰            ,917000,316000,601000,0,0,0,0,0,0,-1237000,545000,1235000,-690000,50000,597000,-547000,-636000
059355,國巨富邦9B購03  ,0,0,0,0,0,0,0,0,0,-653000,0,0,0,5000,658000,-653000,-653000
062667,立積群益9B購01  ,0,0,0,0,0,0,0,0,0,-653000,0,0,0,13000,666000,-653000,-653000
063878,國巨元富9C購01  ,0,0,0,0,0,0,0,0,0,-658000,0,0,0,11000,669000,-658000,-658000
061606,景碩凱基9A購02  ,0,0,0,0,0,0,0,0,0,-659000,0,0,0,90000,749000,-659000,-659000
060157,致茂永豐9A購02  ,0,0,0,0,0,0,0,0,0,-660000,0,0,0,6000,666000,-660000,-660000
08405P,聯發科元大9C售11,0,0,0,0,0,0,0,0,0,-663000,0,0,0,10000,673000,-663000,-663000
061348,聯鈞元大9A購05  ,0,0,0,0,0,0,0,0,0,-663000,0,0,0,11000,674000,-663000,-663000
062569,南電中信01購01  ,0,0,0,0,0,0,0,0,0,-665000,0,0,0,203000,868000,-665000,-665000
1217,愛之味          ,773000,1439000,-666000,0,0,0,0,0,0,0,0,0,0,0,0,0,-666000
056848,泰鼎元富98購01  ,0,0,0,0,0,0,0,0,0,-667000,0,0,0,41000,708000,-667000,-667000
064177,立積國泰01購01  ,0,0,0,0,0,0,0,0,0,-667000,0,0,0,221000,888000,-667000,-667000
057383,玉晶光富邦9A購01,0,0,0,0,0,0,0,0,0,-671000,0,0,0,20000,691000,-671000,-671000
07025P,玉晶光凱基99售01,0,0,0,0,0,0,0,0,0,-680000,0,0,0,415000,1095000,-680000,-680000
062816,華新科兆豐9B購01,0,0,0,0,0,0,0,0,0,-680000,0,0,0,0,680000,-680000,-680000
059261,華邦電中信01購01,0,0,0,0,0,0,0,0,0,-689000,0,0,0,168000,857000,-689000,-689000
063894,漢唐群益9C購01  ,0,0,0,0,0,0,0,0,0,-690000,0,0,0,291000,981000,-690000,-690000
060671,亞德客元大9A購03,0,0,0,0,0,0,0,0,0,-692000,0,0,0,184000,876000,-692000,-692000
054893,帆宣統一99購01  ,0,0,0,0,0,0,0,0,0,-701000,0,0,0,0,701000,-701000,-701000
3036,文曄            ,164000,447000,-283000,0,0,0,0,316000,-316000,-105000,14000,135000,-121000,18000,2000,16000,-704000
055810,T50反1國票99購01,0,0,0,0,0,0,0,0,0,-708000,0,0,0,23000,731000,-708000,-708000
08111P,臺股指中信01售06,0,0,0,0,0,0,0,0,0,-709000,0,0,0,31000,740000,-709000,-709000
061212,聯鈞元大9A購04  ,0,0,0,0,0,0,0,0,0,-711000,0,0,0,36000,747000,-711000,-711000
060030,晶相光永豐99購03,0,0,0,0,0,0,0,0,0,-714000,0,0,0,0,714000,-714000,-714000
060763,聯鈞元大9A購03  ,0,0,0,0,0,0,0,0,0,-714000,0,0,0,0,714000,-714000,-714000
062035,瑞祺群益9B購01  ,0,0,0,0,0,0,0,0,0,-723000,0,0,0,75000,798000,-723000,-723000
058776,台積電國票9A購03,0,0,0,0,0,0,0,0,0,-729000,0,0,0,473000,1202000,-729000,-729000
063671,GIS統一01購01   ,0,0,0,0,0,0,0,0,0,-729000,0,0,0,117000,846000,-729000,-729000
064045,南亞科統一9C購04,0,0,0,0,0,0,0,0,0,-734000,0,0,0,17000,751000,-734000,-734000
064449,金寶統一01購02  ,0,0,0,0,0,0,0,0,0,-735000,0,0,0,35000,770000,-735000,-735000
062991,台光電群益9B購03,0,0,0,0,0,0,0,0,0,-735000,0,0,0,13000,748000,-735000,-735000
1711,永光            ,126000,996000,-870000,0,0,0,0,0,0,133000,133000,0,133000,0,0,0,-737000
059685,T50正2永豐99購02,0,0,0,0,0,0,0,0,0,-741000,0,0,0,239000,980000,-741000,-741000
2313,華通            ,1789000,3499000,-1710000,0,0,0,309000,5000,304000,661000,982000,254000,728000,189000,256000,-67000,-745000
2480,敦陽科          ,66000,789706,-723706,0,0,0,0,0,0,-22000,5000,27000,-22000,0,0,0,-745706
055331,國巨兆豐99購01  ,0,0,0,0,0,0,0,0,0,-747000,0,0,0,174000,921000,-747000,-747000
060426,盛群永豐9A購01  ,0,0,0,0,0,0,0,0,0,-747000,0,0,0,0,747000,-747000,-747000
1717,長興            ,847000,1634000,-787000,0,0,0,0,0,0,26000,26000,0,26000,0,0,0,-761000
062385,玉晶光國泰01購01,0,0,0,0,0,0,0,0,0,-761000,0,0,0,170000,931000,-761000,-761000
064350,茂林元大01購01  ,0,0,0,0,0,0,0,0,0,-764000,0,0,0,48000,812000,-764000,-764000
062577,泰鼎群益9B購01  ,0,0,0,0,0,0,0,0,0,-766000,0,0,0,168000,934000,-766000,-766000
2448,晶電            ,2442000,4129000,-1687000,0,0,0,379000,0,379000,537000,820000,283000,537000,0,0,0,-771000
2357,華碩            ,2333568,3158163,-824595,0,0,0,60000,0,60000,-10000,5000,2000,3000,4000,17000,-13000,-774595
064815,台表科元大01購01,0,0,0,0,0,0,0,0,0,-777000,0,0,0,86000,863000,-777000,-777000
06698P,玉晶光國票99售05,0,0,0,0,0,0,0,0,0,-778000,0,0,0,14000,792000,-778000,-778000
060428,瑞祺永豐9A購01  ,0,0,0,0,0,0,0,0,0,-781000,0,0,0,85000,866000,-781000,-781000
07948P,大成鋼凱基9B售01,0,0,0,0,0,0,0,0,0,-803000,0,0,0,122000,925000,-803000,-803000
063769,玉晶光國泰02購01,0,0,0,0,0,0,0,0,0,-805000,0,0,0,374000,1179000,-805000,-805000
060226,道瓊反元大9A購01,0,0,0,0,0,0,0,0,0,-807000,0,0,0,15000,822000,-807000,-807000
063804,華邦電兆豐01購01,0,0,0,0,0,0,0,0,0,-807000,0,0,0,12000,819000,-807000,-807000
062986,T50反1中信02購01,0,0,0,0,0,0,0,0,0,-807000,0,0,0,134000,941000,-807000,-807000
058605,華邦電元大99購04,0,0,0,0,0,0,0,0,0,-811000,0,0,0,185000,996000,-811000,-811000
059851,晶相光永豐99購02,0,0,0,0,0,0,0,0,0,-815000,0,0,0,0,815000,-815000,-815000
058447,玉晶光富邦9A購02,0,0,0,0,0,0,0,0,0,-815000,0,0,0,0,815000,-815000,-815000
1409,新纖            ,367000,507000,-140000,0,0,0,0,684000,-684000,3000,3000,0,3000,0,0,0,-821000
063265,瑞祺永豐9B購01  ,0,0,0,0,0,0,0,0,0,-822000,0,0,0,1000,823000,-822000,-822000
2481,強茂            ,1746000,1974000,-228000,0,0,0,0,500000,-500000,-100000,19000,110000,-91000,5000,14000,-9000,-828000
058854,樺漢群益9B購01  ,0,0,0,0,0,0,0,0,0,-830000,0,0,0,17000,847000,-830000,-830000
061625,聯茂群益9A購02  ,0,0,0,0,0,0,0,0,0,-831000,0,0,0,435000,1266000,-831000,-831000
062786,立積元大9C購03  ,0,0,0,0,0,0,0,0,0,-833000,0,0,0,230000,1063000,-833000,-833000
056392,玉晶光富邦9C購01,0,0,0,0,0,0,0,0,0,-863000,0,0,0,406000,1269000,-863000,-863000
4746,台耀            ,1404000,2271000,-867000,0,0,0,0,0,0,0,1000,1000,0,0,0,0,-867000
03414B,臺股指凱基99熊01,50000,50000,0,0,0,0,0,0,0,-872000,0,0,0,2286000,3158000,-872000,-872000
064463,聯茂統一01購02  ,0,0,0,0,0,0,0,0,0,-875000,0,0,0,0,875000,-875000,-875000
059188,京元電富邦9B購01,0,0,0,0,0,0,0,0,0,-889000,0,0,0,240000,1129000,-889000,-889000
058807,和大統一9B購01  ,0,0,0,0,0,0,0,0,0,-891000,0,0,0,901000,1792000,-891000,-891000
6112,聚碩            ,181000,1187000,-1006000,0,0,0,0,0,0,104000,106000,2000,104000,0,0,0,-902000
1762,中化生          ,1407000,2478000,-1071000,0,0,0,158000,0,158000,2000,2000,0,2000,0,0,0,-911000
00676R,富邦臺灣加權反1 ,0,0,0,0,0,0,0,0,0,-913000,0,0,0,839000,1752000,-913000,-913000
062863,聯茂國票9B購01  ,0,0,0,0,0,0,0,0,0,-924000,0,0,0,49000,973000,-924000,-924000
1720,生達            ,472000,1409000,-937000,0,0,0,0,0,0,1000,3000,2000,1000,0,0,0,-936000
054546,玉晶光中信9B購01,0,0,0,0,0,0,0,0,0,-961000,0,0,0,2783000,3744000,-961000,-961000
062955,立積永豐9B購02  ,0,0,0,0,0,0,0,0,0,-961000,0,0,0,15000,976000,-961000,-961000
08432P,台勝科凱基9C售02,0,0,0,0,0,0,0,0,0,-985000,0,0,0,0,985000,-985000,-985000
057727,華邦電國泰9A購01,0,0,0,0,0,0,0,0,0,-987000,0,0,0,10000,997000,-987000,-987000
064176,京元電國泰01購01,0,0,0,0,0,0,0,0,0,-998000,0,0,0,57000,1055000,-998000,-998000
064250,亞光元富9C購01  ,0,0,0,0,0,0,0,0,0,-1004000,0,0,0,228000,1232000,-1004000,-1004000
00648R,元大S&P500反1   ,0,122000,-122000,0,0,0,0,0,0,-883000,0,0,0,1715000,2598000,-883000,-1005000
057082,玉晶光統一9A購04,0,0,0,0,0,0,0,0,0,-1005000,0,0,0,648000,1653000,-1005000,-1005000
062537,聯電國泰9C購01  ,0,0,0,0,0,0,0,0,0,-1009000,0,0,0,98000,1107000,-1009000,-1009000
06852P,臺股指元大98售11,0,0,0,0,0,0,0,0,0,-1015000,0,0,0,1468000,2483000,-1015000,-1015000
063252,緯穎元大9B購07  ,0,0,0,0,0,0,0,0,0,-1019000,0,0,0,89000,1108000,-1019000,-1019000
063680,寶成富邦9C購01  ,0,0,0,0,0,0,0,0,0,-1021000,0,0,0,0,1021000,-1021000,-1021000
064054,中租統一02購01  ,0,0,0,0,0,0,0,0,0,-1025000,0,0,0,48000,1073000,-1025000,-1025000
051849,旺宏中信98購01  ,0,0,0,0,0,0,0,0,0,-1027000,0,0,0,80000,1107000,-1027000,-1027000
07020P,玉晶光台新99售02,0,0,0,0,0,0,0,0,0,-1048000,0,0,0,1261000,2309000,-1048000,-1048000
056292,統一元大97購01  ,0,0,0,0,0,0,0,0,0,-1052000,0,0,0,17000,1069000,-1052000,-1052000
3702,大聯大          ,1036999,1622000,-585001,0,0,0,0,453000,-453000,-42000,92000,0,92000,0,134000,-134000,-1080001
061550,聯鈞群益9A購03  ,0,0,0,0,0,0,0,0,0,-1086000,0,0,0,202000,1288000,-1086000,-1086000
1314,中石化          ,1790000,2091650,-301650,0,0,0,0,720200,-720200,-118000,5000,8000,-3000,0,115000,-115000,-1139850
06836P,玉晶光國票99售06,0,0,0,0,0,0,0,0,0,-1141000,0,0,0,200000,1341000,-1141000,-1141000
063432,金寶元富9B購01  ,0,0,0,0,0,0,0,0,0,-1146000,0,0,0,85000,1231000,-1146000,-1146000
062360,華邦電元大9B購01,0,0,0,0,0,0,0,0,0,-1163000,0,0,0,148000,1311000,-1163000,-1163000
08135P,玉晶光國泰01售02,0,0,0,0,0,0,0,0,0,-1170000,0,0,0,0,1170000,-1170000,-1170000
2027,大成鋼          ,594281,1579000,-984719,0,0,0,0,0,0,-198000,29000,19000,10000,43000,251000,-208000,-1182719
1102,亞泥            ,3541739,5029250,-1487511,0,0,0,593000,199000,394000,-91000,62000,38000,24000,0,115000,-115000,-1184511
4414,如興            ,761000,1947000,-1186000,0,0,0,0,0,0,0,0,0,0,0,0,0,-1186000
06503P,臺股指中信9A售02,0,0,0,0,0,0,0,0,0,-1204000,0,0,0,305000,1509000,-1204000,-1204000
063203,華新科統一9C購04,0,0,0,0,0,0,0,0,0,-1211000,0,0,0,10000,1221000,-1211000,-1211000
8112,至上            ,212000,1458000,-1246000,0,0,0,0,0,0,3000,3000,0,3000,0,0,0,-1243000
07478P,南電康和9A售02  ,0,0,0,0,0,0,0,0,0,-1261000,0,0,0,319000,1580000,-1261000,-1261000
052113,漢唐中信98購01  ,0,0,0,0,0,0,0,0,0,-1331000,0,0,0,368000,1699000,-1331000,-1331000
059396,T50反1元富99購04,0,0,0,0,0,0,0,0,0,-1394000,0,0,0,431000,1825000,-1394000,-1394000
064180,國巨富邦02購03  ,0,0,0,0,0,0,0,0,0,-1394000,0,0,0,196000,1590000,-1394000,-1394000
00712,FH富時不動產    ,619000,65000,554000,0,0,0,0,0,0,-1957000,0,0,0,25000,1982000,-1957000,-1403000
060937,T50反1國票9A購10,0,0,0,0,0,0,0,0,0,-1406000,0,0,0,1004000,2410000,-1406000,-1406000
061021,聯電國泰9B購01  ,0,0,0,0,0,0,0,0,0,-1414000,0,0,0,23000,1437000,-1414000,-1414000
2498,宏達電          ,1342000,2372000,-1030000,0,0,0,0,0,0,-397000,67000,68000,-1000,108000,504000,-396000,-1427000
058153,景碩統一9B購01  ,0,0,0,0,0,0,0,0,0,-1473000,0,0,0,114000,1587000,-1473000,-1473000
6251,定穎            ,490000,1971000,-1481000,0,0,0,0,100000,-100000,102000,2000,0,2000,100000,0,100000,-1479000
055421,玉晶光永豐98購04,0,0,0,0,0,0,0,0,0,-1496000,0,0,0,30000,1526000,-1496000,-1496000
6005,群益證          ,1805000,1384846,420154,0,0,0,0,1943000,-1943000,0,0,0,0,0,0,0,-1522846
064738,裕隆國票01購01  ,0,0,0,0,0,0,0,0,0,-1523000,0,0,0,0,1523000,-1523000,-1523000
2301,光寶科          ,2320652,5479776,-3159124,0,0,0,1494000,88000,1406000,142000,210000,2000,208000,17000,83000,-66000,-1611124
00664R,國泰臺灣加權反1 ,0,0,0,0,0,0,0,0,0,-1671000,0,0,0,1520000,3191000,-1671000,-1671000
064256,玉晶光國泰02購02,0,0,0,0,0,0,0,0,0,-1678000,0,0,0,230000,1908000,-1678000,-1678000
064809,冠德元大9C購01  ,0,0,0,0,0,0,0,0,0,-1682000,0,0,0,21000,1703000,-1682000,-1682000
1326,台化            ,2784408,4434000,-1649592,0,0,0,0,108379,-108379,34000,75000,0,75000,0,41000,-41000,-1723971
3042,晶技            ,1358000,3690000,-2332000,0,0,0,179000,0,179000,383000,178000,76000,102000,308000,27000,281000,-1770000
06662P,玉晶光中信9A售01,0,0,0,0,0,0,0,0,0,-1780000,0,0,0,878000,2658000,-1780000,-1780000
2610,華航            ,2811000,825000,1986000,0,0,0,0,3944000,-3944000,17000,20000,3000,17000,0,0,0,-1941000
064153,中壽統一9C購01  ,0,0,0,0,0,0,0,0,0,-2143000,0,0,0,55000,2198000,-2143000,-2143000
3706,神達            ,650000,1578000,-928000,0,0,0,0,1319000,-1319000,64000,18000,34000,-16000,93000,13000,80000,-2183000
058546,玉晶光富邦9B購01,0,0,0,0,0,0,0,0,0,-2188000,0,0,0,146000,2334000,-2188000,-2188000
2367,燿華            ,4192000,6611000,-2419000,0,0,0,0,0,0,203000,506000,21000,485000,172000,454000,-282000,-2216000
1905,華紙            ,1038000,3253898,-2215898,0,0,0,0,0,0,-9000,3000,12000,-9000,0,0,0,-2224898
6456,GIS-KY          ,1203000,1971000,-768000,0,0,0,0,1399000,-1399000,-87000,6000,85000,-79000,31000,39000,-8000,-2254000
00637L,元大滬深300正2  ,7236000,7672000,-436000,0,0,0,0,0,0,-1890000,100000,598000,-498000,15973000,17365000,-1392000,-2326000
00671R,富邦NASDAQ反1   ,0,631000,-631000,0,0,0,0,0,0,-1702000,0,0,0,589000,2291000,-1702000,-2333000
2409,友達            ,10913857,11758000,-844143,0,0,0,150000,0,150000,-1729000,444000,1777000,-1333000,156000,552000,-396000,-2423143
3038,全台            ,969000,3314000,-2345000,0,0,0,0,180000,-180000,48000,204000,156000,48000,0,0,0,-2477000
1789,神隆            ,1988000,3981000,-1993000,0,0,0,0,0,0,-516000,6000,0,6000,38000,560000,-522000,-2509000
2332,友訊            ,1956000,4711000,-2755000,0,0,0,0,0,0,10000,23000,19000,4000,126000,120000,6000,-2745000
1605,華新            ,1035000,2925000,-1890000,0,0,0,0,735000,-735000,-291000,10000,3000,7000,188000,486000,-298000,-2916000
4142,國光生          ,5318000,8622000,-3304000,0,0,0,0,0,0,2000,2000,0,2000,0,0,0,-3302000
2312,金寶            ,1657000,5413000,-3756000,0,0,0,0,0,0,158000,6000,0,6000,199000,47000,152000,-3598000
3189,景碩            ,3808000,7121000,-3313000,0,0,0,203000,976000,-773000,485000,184000,104000,80000,550000,145000,405000,-3601000
3312,弘憶股          ,207000,3827079,-3620079,0,0,0,0,0,0,-2000,0,2000,-2000,0,0,0,-3622079
2891,中信金          ,22950632,27015204,-4064572,0,0,0,461000,317019,143981,47000,19000,0,19000,47000,19000,28000,-3873591
00669R,國泰美國道瓊反1 ,10000,0,10000,0,0,0,0,0,0,-4026000,0,0,0,2571000,6597000,-4026000,-4016000
1301,台塑            ,3861787,7561000,-3699213,0,0,0,112000,639642,-527642,50000,37000,2000,35000,17000,2000,15000,-4176855
2414,精技            ,34000,5101071,-5067071,0,0,0,0,0,0,17000,20000,3000,17000,0,0,0,-5050071
2885,元大金          ,9035702,14701648,-5665946,0,0,0,153000,0,153000,-30000,31000,63000,-32000,2000,0,2000,-5542946
2303,聯電            ,16910060,30118212,-13208152,0,0,0,0,31000,-31000,5941000,3736000,34000,3702000,2495000,256000,2239000,-7298152
00653L,富邦印度正2     ,1069000,1821000,-752000,0,0,0,0,0,0,-7340288,0,0,0,2594000,9934288,-7340288,-8092288
3481,群創            ,10487346,22536000,-12048654,0,0,0,0,0,0,914000,959000,65000,894000,380000,360000,20000,-11134654
00632R,元大台灣50反1   ,47357000,368000,46989000,0,0,0,0,0,0,-80089000,2114000,4234000,-2120000,2670000,80639000,-77969000,-33100000
00677U,富邦VIX         ,42500395,113527000,-71026605,0,0,0,0,0,0,-35445000,0,8832000,-8832000,29999000,56612000,-26613000,-106471605
