證券代號,證券名稱,外陸資買進股數(不含外資自營商),外陸資賣出股數(不含外資自營商),外陸資買賣超股數(不含外資自營商),外資自營商買進股數,外資自營商賣出股數,外資自營商買賣超股數,投信買進股數,投信賣出股數,投信買賣超股數,自營商買賣超股數,自營商買進股數(自行買賣),自營商賣出股數(自行買賣),自營商買賣超股數(自行買賣),自營商買進股數(避險),自營商賣出股數(避險),自營商買賣超股數(避險),三大法人買賣超股數
00637L,元大滬深300正2  ,26060000,10378000,15682000,0,0,0,0,0,0,15890000,1168000,12000,1156000,39647000,24913000,14734000,31572000
2303,聯電            ,22705362,23044000,-338638,0,0,0,16306000,317000,15989000,3117000,2335000,1019000,1316000,1993000,192000,1801000,18767362
2313,華通            ,9529000,2099000,7430000,0,0,0,1743000,122000,1621000,1666000,794000,659000,135000,1700000,169000,1531000,10717000
061297,台積電富邦9C購09,0,0,0,0,0,0,0,0,0,10560000,0,0,0,10937000,377000,10560000,10560000
2368,金像電          ,20038000,11170000,8868000,0,0,0,0,117000,-117000,969000,525000,170000,355000,1354000,740000,614000,9720000
0056,元大高股息      ,63100,89000,-25900,0,0,0,0,0,0,8132000,8000,0,8000,8470000,346000,8124000,8106100
3037,欣興            ,14664000,9534000,5130000,0,0,0,1316000,303000,1013000,418000,398000,415000,-17000,474000,39000,435000,6561000
2347,聯強            ,7691348,1724000,5967348,0,0,0,594000,0,594000,-280000,16000,311000,-295000,193000,178000,15000,6281348
00876,元大未來關鍵科技,0,50000,-50000,0,0,0,0,0,0,6124000,8000,1244000,-1236000,8084000,724000,7360000,6074000
00633L,富邦上証正2     ,4093000,965000,3128000,0,0,0,0,0,0,2915000,54000,29000,25000,7215000,4325000,2890000,6043000
00653L,富邦印度正2     ,638000,177000,461000,0,0,0,0,0,0,5012000,0,0,0,7498000,2486000,5012000,5473000
4142,國光生          ,13768000,7716000,6052000,0,0,0,0,922000,-922000,55000,0,0,0,55000,0,55000,5185000
0050,元大台灣50      ,3147031,86120,3060911,0,0,0,46000,0,46000,1966000,62000,0,62000,3138000,1234000,1904000,5072911
2504,國產            ,6361000,887000,5474000,0,0,0,0,0,0,-620000,0,565000,-565000,3000,58000,-55000,4854000
2382,廣達            ,5789408,1321802,4467606,0,0,0,364000,25000,339000,-90000,170000,155000,15000,76000,181000,-105000,4716606
2356,英業達          ,6211896,2495000,3716896,0,0,0,1022000,41000,981000,-479000,2000,76000,-74000,49000,454000,-405000,4218896
1909,榮成            ,5588000,937000,4651000,0,0,0,0,0,0,-456000,54000,510000,-456000,0,0,0,4195000
00861,元大全球未來通訊,8000,0,8000,0,0,0,0,0,0,3592000,0,0,0,3687000,95000,3592000,3600000
2883,開發金          ,6259335,4953000,1306335,0,0,0,2299000,104000,2195000,14000,14000,0,14000,0,0,0,3515335
3017,奇鋐            ,4904000,1680000,3224000,0,0,0,150000,1000,149000,-163000,149000,15000,134000,231000,528000,-297000,3210000
2337,旺宏            ,5999000,3552000,2447000,0,0,0,120000,0,120000,569000,126000,68000,58000,586000,75000,511000,3136000
3231,緯創            ,23466293,18808213,4658080,0,0,0,2464000,374000,2090000,-3809000,107000,3317000,-3210000,305000,904000,-599000,2939080
066276,敦泰元大01購01  ,0,0,0,0,0,0,0,0,0,2606000,0,0,0,2871000,265000,2606000,2606000
00655L,國泰中國A50正2  ,188000,215000,-27000,0,0,0,0,0,0,2617000,0,0,0,5434000,2817000,2617000,2590000
1904,正隆            ,2838000,558000,2280000,0,0,0,0,0,0,189000,45000,0,45000,151000,7000,144000,2469000
6176,瑞儀            ,3451056,1072000,2379056,0,0,0,175000,21000,154000,-130000,61000,120000,-59000,33000,104000,-71000,2403056
054114,新光金台新97購01,0,0,0,0,0,0,0,0,0,2347000,0,0,0,2347000,0,2347000,2347000
3029,零壹            ,2902000,588000,2314000,0,0,0,0,0,0,-55000,0,55000,-55000,0,0,0,2259000
066535,台積電兆豐01購01,0,0,0,0,0,0,0,0,0,2148000,0,0,0,2489000,341000,2148000,2148000
5264,鎧勝-KY         ,4127000,2028000,2099000,0,0,0,0,100000,-100000,133000,0,0,0,199000,66000,133000,2132000
066688,台積電元富07購01,150000,0,150000,0,0,0,0,0,0,1952000,0,0,0,2346000,394000,1952000,2102000
1504,東元            ,2754000,776000,1978000,0,0,0,0,18000,-18000,125000,2000,2000,0,145000,20000,125000,2085000
067026,群創兆豐03購01  ,0,0,0,0,0,0,0,0,0,2083000,0,0,0,2168000,85000,2083000,2083000
006205,富邦上証        ,1367000,56000,1311000,0,0,0,0,0,0,746000,0,0,0,1981000,1235000,746000,2057000
064299,宏碁兆豐9C購01  ,0,0,0,0,0,0,0,0,0,1881000,0,0,0,2446000,565000,1881000,1881000
061081,宏碁兆豐9A購01  ,0,0,0,0,0,0,0,0,0,1870000,0,0,0,1935000,65000,1870000,1870000
066998,訊芯國泰03購01  ,0,0,0,0,0,0,0,0,0,1829000,0,0,0,1996000,167000,1829000,1829000
00850,元大臺灣ESG永續 ,0,2000,-2000,0,0,0,0,0,0,1809000,0,0,0,1908000,99000,1809000,1807000
5469,瀚宇博          ,2482000,810000,1672000,0,0,0,450000,0,450000,-320000,55000,130000,-75000,72000,317000,-245000,1802000
08657P,牧德群益9C售02  ,0,0,0,0,0,0,0,0,0,1793000,0,0,0,1798000,5000,1793000,1793000
2357,華碩            ,2232914,503650,1729264,0,0,0,123000,7000,116000,-73000,0,84000,-84000,55000,44000,11000,1772264
8039,台虹            ,1212000,1149000,63000,0,0,0,1499000,0,1499000,201000,124000,279000,-155000,374000,18000,356000,1763000
08729P,創意永豐01售01  ,0,0,0,0,0,0,0,0,0,1702000,0,0,0,1998000,296000,1702000,1702000
6251,定穎            ,3303000,1564000,1739000,0,0,0,0,0,0,-50000,0,50000,-50000,0,0,0,1689000
064237,奇鋐統一01購01  ,0,0,0,0,0,0,0,0,0,1670000,0,0,0,1986000,316000,1670000,1670000
2390,云辰            ,4359000,2724000,1635000,0,0,0,0,0,0,0,0,0,0,0,0,0,1635000
00708L,元大S&P黃金正2  ,0,0,0,0,0,0,0,0,0,1633000,0,0,0,2543000,910000,1633000,1633000
053564,台積電富邦99購01,0,0,0,0,0,0,0,0,0,1605000,0,0,0,1605000,0,1605000,1605000
1309,台達化          ,1816000,224000,1592000,0,0,0,0,0,0,0,0,0,0,0,0,0,1592000
1101,台泥            ,4773115,4842564,-69449,0,0,0,1142000,25000,1117000,535000,740000,14000,726000,52000,243000,-191000,1582551
062689,華擎統一02購01  ,0,0,0,0,0,0,0,0,0,1576000,0,0,0,1586000,10000,1576000,1576000
00669R,國泰美國道瓊反1 ,836000,0,836000,0,0,0,0,0,0,739000,0,0,0,1277000,538000,739000,1575000
2881,富邦金          ,3004540,1664000,1340540,0,0,0,446000,77000,369000,-181000,0,0,0,28000,209000,-181000,1528540
1605,華新            ,2193000,245000,1948000,0,0,0,0,0,0,-434000,2000,2000,0,145000,579000,-434000,1514000
065415,台積電兆豐9C購05,0,0,0,0,0,0,0,0,0,1497000,0,0,0,1821000,324000,1497000,1497000
08636P,華通國票01售03  ,0,0,0,0,0,0,0,0,0,1480000,0,0,0,1496000,16000,1480000,1480000
9103,美德醫療-DR     ,357000,0,357000,0,0,0,0,0,0,1117000,0,0,0,1207000,90000,1117000,1474000
2367,燿華            ,2850000,1117757,1732243,0,0,0,0,0,0,-264000,10000,667000,-657000,529000,136000,393000,1468243
3042,晶技            ,2486000,1866172,619828,0,0,0,779000,77000,702000,137000,40000,70000,-30000,199000,32000,167000,1458828
03875P,滬深2X國票05售01,0,0,0,0,0,0,0,0,0,1413000,0,0,0,1413000,0,1413000,1413000
1722,台肥            ,2700054,1293000,1407054,0,0,0,0,157000,-157000,129000,0,65000,-65000,222000,28000,194000,1379054
2102,泰豐            ,2294000,865000,1429000,0,0,0,0,0,0,-70000,0,0,0,22000,92000,-70000,1359000
00852L,國泰美國道瓊正2 ,0,941000,-941000,0,0,0,0,0,0,2280000,0,0,0,5632000,3352000,2280000,1339000
062597,世紀鋼統一01購01,0,0,0,0,0,0,0,0,0,1337000,0,0,0,1512000,175000,1337000,1337000
2324,仁寶            ,9825105,3128169,6696936,0,0,0,1246000,77000,1169000,-6555000,127000,6212000,-6085000,0,470000,-470000,1310936
06139P,台積電中信99售02,0,0,0,0,0,0,0,0,0,1303000,0,0,0,1324000,21000,1303000,1303000
07590P,玉晶光國票9A售03,0,0,0,0,0,0,0,0,0,1301000,0,0,0,1301000,0,1301000,1301000
056829,台積電富邦9A購01,0,5000,-5000,0,0,0,0,0,0,1298000,0,0,0,1320000,22000,1298000,1293000
00738U,元大道瓊白銀    ,0,0,0,0,0,0,0,0,0,1285000,0,0,0,1477000,192000,1285000,1285000
08687P,南六永豐01售02  ,0,0,0,0,0,0,0,0,0,1272000,0,0,0,1278000,6000,1272000,1272000
6257,矽格            ,1672000,542000,1130000,0,0,0,300000,0,300000,-162000,85000,179000,-94000,19000,87000,-68000,1268000
08750P,台灣50群益01售04,0,0,0,0,0,0,0,0,0,1261000,0,0,0,1281000,20000,1261000,1261000
2108,南帝            ,1483000,480000,1003000,0,0,0,0,0,0,228000,10000,45000,-35000,269000,6000,263000,1231000
3576,聯合再生        ,5796000,4587000,1209000,0,0,0,0,0,0,0,0,0,0,0,0,0,1209000
057883,中環群益98購01  ,0,0,0,0,0,0,0,0,0,1200000,0,0,0,1200000,0,1200000,1200000
2376,技嘉            ,2482000,1041000,1441000,0,0,0,65000,67000,-2000,-314000,193000,150000,43000,6000,363000,-357000,1125000
066082,康友國泰03購01  ,0,0,0,0,0,0,0,0,0,1108000,0,0,0,1108000,0,1108000,1108000
08551P,台積電群益9C售12,0,0,0,0,0,0,0,0,0,1084000,0,0,0,2382000,1298000,1084000,1084000
058781,康友國票9A購01  ,0,0,0,0,0,0,0,0,0,1059000,0,0,0,1658000,599000,1059000,1059000
064145,宏碁統一02購01  ,0,0,0,0,0,0,0,0,0,1043000,0,0,0,1729000,686000,1043000,1043000
064861,緯創富邦9C購01  ,0,0,0,0,0,0,0,0,0,1027000,0,0,0,1275000,248000,1027000,1027000
065098,致伸元大9C購02  ,0,0,0,0,0,0,0,0,0,1014000,0,0,0,1024000,10000,1014000,1014000
2535,達欣工          ,354000,100000,254000,0,0,0,0,0,0,760000,778000,90000,688000,72000,0,72000,1014000
00692,富邦公司治理    ,25000,23000,2000,0,0,0,0,0,0,1011000,0,0,0,2192000,1181000,1011000,1013000
062688,華擎統一01購03  ,0,0,0,0,0,0,0,0,0,1012000,0,0,0,1012000,0,1012000,1012000
2484,希華            ,1371000,379000,992000,0,0,0,0,0,0,0,0,0,0,0,0,0,992000
3706,神達            ,1636000,370000,1266000,0,0,0,0,3000,-3000,-272000,0,51000,-51000,0,221000,-221000,991000
065519,台勝科群益9C購02,0,0,0,0,0,0,0,0,0,990000,0,0,0,1000000,10000,990000,990000
6191,精成科          ,1332000,415000,917000,0,0,0,0,0,0,70000,0,0,0,70000,0,70000,987000
2379,瑞昱            ,1966438,1017124,949314,0,0,0,0,5000,-5000,42000,107000,85000,22000,38000,18000,20000,986314
1701,中化            ,1517000,545000,972000,0,0,0,0,0,0,12000,0,0,0,12000,0,12000,984000
047564,滬深2X國票99購01,0,0,0,0,0,0,0,0,0,970000,0,0,0,3992000,3022000,970000,970000
00635U,元大S&P黃金     ,0,0,0,0,0,0,0,0,0,969000,0,0,0,971000,2000,969000,969000
3035,智原            ,1378000,699000,679000,0,0,0,100000,0,100000,156000,68000,8000,60000,153000,57000,96000,935000
08826P,健策元大01售08  ,0,0,0,0,0,0,0,0,0,931000,0,0,0,1047000,116000,931000,931000
08782P,台積電元大01售17,0,0,0,0,0,0,0,0,0,921000,0,0,0,971000,50000,921000,921000
2478,大毅            ,1130000,452000,678000,0,0,0,0,0,0,243000,0,0,0,266000,23000,243000,921000
00648R,元大S&P500反1   ,0,0,0,0,0,0,0,0,0,915000,0,0,0,1183000,268000,915000,915000
2882,國泰金          ,5312629,2051222,3261407,0,0,0,455000,97000,358000,-2705000,0,2700000,-2700000,6000,11000,-5000,914407
056605,台積電富邦9B購02,0,0,0,0,0,0,0,0,0,913000,0,0,0,1447000,534000,913000,913000
08184P,可成永豐9B售03  ,0,0,0,0,0,0,0,0,0,908000,0,0,0,908000,0,908000,908000
08758P,上証2X元大01售02,0,0,0,0,0,0,0,0,0,903000,0,0,0,933000,30000,903000,903000
08388P,台灣50中信03售09,0,0,0,0,0,0,0,0,0,899000,0,0,0,995000,96000,899000,899000
3515,華擎            ,1285000,269000,1016000,0,0,0,0,0,0,-123000,48000,73000,-25000,42000,140000,-98000,893000
063680,寶成富邦9C購01  ,0,0,0,0,0,0,0,0,0,889000,0,0,0,889000,0,889000,889000
2369,菱生            ,1331000,454000,877000,0,0,0,0,0,0,0,0,0,0,0,0,0,877000
065780,國巨富邦03購02  ,0,0,0,0,0,0,0,0,0,875000,0,0,0,1002000,127000,875000,875000
6288,聯嘉            ,982000,114000,868000,0,0,0,0,0,0,-2000,4000,6000,-2000,0,0,0,866000
067248,帆宣群益01購01  ,0,0,0,0,0,0,0,0,0,863000,0,0,0,883000,20000,863000,863000
00639,富邦深100       ,1553000,199000,1354000,0,0,0,0,0,0,-496000,10000,130000,-120000,1429000,1805000,-376000,858000
3047,訊舟            ,1204000,346000,858000,0,0,0,0,0,0,0,0,0,0,0,0,0,858000
4906,正文            ,1560000,960000,600000,0,0,0,0,0,0,255000,0,1000,-1000,256000,0,256000,855000
00636,國泰中國A50     ,663000,45000,618000,0,0,0,0,0,0,226000,50000,50000,0,436000,210000,226000,844000
2377,微星            ,2124566,1148000,976566,0,0,0,210000,2000,208000,-349000,112000,331000,-219000,8000,138000,-130000,835566
9958,世紀鋼          ,1143000,548000,595000,0,0,0,3000,0,3000,234000,15000,32000,-17000,482000,231000,251000,832000
064858,鴻海富邦01購01  ,0,0,0,0,0,0,0,0,0,820000,0,0,0,1612000,792000,820000,820000
2610,華航            ,1552941,823000,729941,0,0,0,0,0,0,86000,86000,0,86000,0,0,0,815941
066770,上証2X富邦02購02,0,0,0,0,0,0,0,0,0,811000,0,0,0,836000,25000,811000,811000
067087,帆宣元大01購03  ,0,0,0,0,0,0,0,0,0,810000,0,0,0,810000,0,810000,810000
08494P,世芯元大9C售02  ,0,0,0,0,0,0,0,0,0,809000,0,0,0,4340000,3531000,809000,809000
3034,聯詠            ,2504358,1620000,884358,0,0,0,10000,70000,-60000,-16000,70000,30000,40000,45000,101000,-56000,808358
1720,生達            ,991000,314000,677000,0,0,0,0,0,0,131000,56000,0,56000,80000,5000,75000,808000
061129,文曄永豐9A購01  ,0,0,0,0,0,0,0,0,0,790000,0,0,0,864000,74000,790000,790000
056034,華通凱基98購01  ,0,0,0,0,0,0,0,0,0,786000,0,0,0,901000,115000,786000,786000
1711,永光            ,1114000,352000,762000,0,0,0,0,0,0,22000,0,1000,-1000,23000,0,23000,784000
07060P,台表科國票9A售01,0,0,0,0,0,0,0,0,0,780000,0,0,0,1218000,438000,780000,780000
2201,裕隆            ,1308000,595000,713000,0,0,0,0,0,0,62000,0,10000,-10000,72000,0,72000,775000
059975,元金2X元大99購02,0,0,0,0,0,0,0,0,0,770000,0,0,0,770000,0,770000,770000
064112,宏碁國票01購01  ,0,0,0,0,0,0,0,0,0,761000,0,0,0,956000,195000,761000,761000
6153,嘉聯益          ,889000,345000,544000,0,0,0,0,0,0,210000,142000,62000,80000,160000,30000,130000,754000
1717,長興            ,1523000,703000,820000,0,0,0,0,29000,-29000,-39000,0,101000,-101000,62000,0,62000,752000
2441,超豐            ,870000,193000,677000,0,0,0,0,0,0,71000,71000,0,71000,0,0,0,748000
07094P,華通國票9A售03  ,0,0,0,0,0,0,0,0,0,748000,0,0,0,748000,0,748000,748000
2421,建準            ,972000,233000,739000,0,0,0,0,0,0,8000,0,0,0,75000,67000,8000,747000
06763P,技嘉元大98售05  ,0,0,0,0,0,0,0,0,0,741000,0,0,0,741000,0,741000,741000
066976,台達電群益01購01,0,0,0,0,0,0,0,0,0,738000,0,0,0,838000,100000,738000,738000
08621P,景碩群益9C售01  ,0,0,0,0,0,0,0,0,0,738000,0,0,0,748000,10000,738000,738000
0061,元大寶滬深      ,1831000,1558000,273000,0,0,0,0,0,0,454000,10000,10000,0,528000,74000,454000,727000
064935,寶成統一02購02  ,0,0,0,0,0,0,0,0,0,725000,0,0,0,778000,53000,725000,725000
2618,長榮航          ,3078075,2439553,638522,0,0,0,0,27000,-27000,110000,61000,0,61000,85000,36000,49000,721522
066773,美律富邦03購01  ,0,0,0,0,0,0,0,0,0,720000,0,0,0,857000,137000,720000,720000
066307,華城永豐01購01  ,0,0,0,0,0,0,0,0,0,720000,0,0,0,835000,115000,720000,720000
3673,TPK-KY          ,851000,345000,506000,0,0,0,0,0,0,202000,50000,58000,-8000,262000,52000,210000,708000
064153,中壽統一9C購01  ,0,0,0,0,0,0,0,0,0,700000,0,0,0,700000,0,700000,700000
056261,台積電統一97購07,0,0,0,0,0,0,0,0,0,699000,0,0,0,699000,0,699000,699000
3545,敦泰            ,2145000,847000,1298000,0,0,0,0,0,0,-600000,0,181000,-181000,26000,445000,-419000,698000
08276P,可成元富9C售02  ,0,0,0,0,0,0,0,0,0,697000,0,0,0,836000,139000,697000,697000
066196,南港統一03購01  ,0,0,0,0,0,0,0,0,0,697000,0,0,0,762000,65000,697000,697000
4746,台耀            ,1258000,580000,678000,0,0,0,0,0,0,-1000,4000,5000,-1000,0,0,0,677000
064822,台達電統一01購03,0,10000,-10000,0,0,0,0,0,0,686000,0,0,0,734000,48000,686000,676000
2208,台船            ,680000,101000,579000,0,0,0,0,0,0,96000,1000,1000,0,115000,19000,96000,675000
1760,寶齡富錦        ,3871000,3197000,674000,0,0,0,0,0,0,0,0,0,0,0,0,0,674000
1604,聲寶            ,856000,189000,667000,0,0,0,0,0,0,0,0,0,0,0,0,0,667000
063934,寶成統一02購01  ,0,0,0,0,0,0,0,0,0,659000,0,0,0,791000,132000,659000,659000
060784,鴻海富邦9C購01  ,0,0,0,0,0,0,0,0,0,658000,0,0,0,658000,0,658000,658000
065815,微星元富9C購01  ,0,0,0,0,0,0,0,0,0,656000,0,0,0,656000,0,656000,656000
065365,國巨元大9C購19  ,0,0,0,0,0,0,0,0,0,653000,0,0,0,1030000,377000,653000,653000
2349,錸德            ,1413000,765000,648000,0,0,0,0,0,0,0,0,0,0,0,0,0,648000
066610,台積電麥證01購02,0,0,0,1055000,411000,644000,0,0,0,644000,0,0,0,1055000,411000,644000,644000
066678,台達電兆豐03購01,0,0,0,0,0,0,0,0,0,640000,0,0,0,640000,0,640000,640000
8926,台汽電          ,785000,106000,679000,0,0,0,0,1000,-1000,-41000,0,1000,-1000,0,40000,-40000,637000
066240,泰鼎富邦03購01  ,0,0,0,0,0,0,0,0,0,636000,0,0,0,1325000,689000,636000,636000
2383,台光電          ,1806000,551000,1255000,0,0,0,59000,739000,-680000,53000,94000,195000,-101000,164000,10000,154000,628000
6269,台郡            ,851000,640000,211000,0,0,0,400000,3000,397000,18000,98000,79000,19000,22000,23000,-1000,626000
06529P,貿聯富邦99售03  ,0,0,0,0,0,0,0,0,0,618000,0,0,0,618000,0,618000,618000
065306,泰鼎元富9C購02  ,0,0,0,0,0,0,0,0,0,611000,0,0,0,663000,52000,611000,611000
08537P,台光電國票01售03,0,0,0,0,0,0,0,0,0,610000,0,0,0,680000,70000,610000,610000
056604,鴻海富邦9A購01  ,0,0,0,0,0,0,0,0,0,605000,0,0,0,830000,225000,605000,605000
067275,聯發科統一02購07,0,0,0,0,0,0,0,0,0,603000,0,0,0,816000,213000,603000,603000
064180,國巨富邦02購03  ,0,0,0,0,0,0,0,0,0,599000,0,0,0,614000,15000,599000,599000
8213,志超            ,698000,105000,593000,0,0,0,0,0,0,6000,0,0,0,17000,11000,6000,599000
5871,中租-KY         ,1551156,960231,590925,0,0,0,0,15000,-15000,18000,13000,0,13000,16000,11000,5000,593925
065621,聯發科第一9C購01,0,0,0,0,0,0,0,0,0,593000,0,0,0,1667000,1074000,593000,593000
066879,智伸科富邦03購01,0,0,0,0,0,0,0,0,0,589000,0,0,0,589000,0,589000,589000
08299P,玉晶光國票02售01,0,0,0,0,0,0,0,0,0,587000,0,0,0,719000,132000,587000,587000
08068P,宏達電國泰9C售01,0,0,0,0,0,0,0,0,0,586000,0,0,0,586000,0,586000,586000
08473P,康控凱基9C售01  ,0,0,0,0,0,0,0,0,0,582000,0,0,0,684000,102000,582000,582000
061210,玉山金元大9A購02,0,0,0,0,0,0,0,0,0,576000,0,0,0,595000,19000,576000,576000
08739P,台郡凱基01售03  ,0,0,0,0,0,0,0,0,0,575000,0,0,0,600000,25000,575000,575000
00701,國泰股利精選30  ,19000,10000,9000,0,0,0,0,0,0,564486,0,0,0,739000,174514,564486,573486
4977,眾達-KY         ,581000,97000,484000,0,0,0,100000,0,100000,-16000,9000,28000,-19000,7000,4000,3000,568000
08132P,南六元大9B售05  ,0,0,0,0,0,0,0,0,0,567000,0,0,0,974000,407000,567000,567000
07000P,T50反1元大99售03,0,0,0,0,0,0,0,0,0,562000,0,0,0,632000,70000,562000,562000
6669,緯穎            ,828261,576000,252261,0,0,0,236000,31000,205000,104000,19000,28000,-9000,121000,8000,113000,561261
063354,茂林元富9B購02  ,0,0,0,0,0,0,0,0,0,561000,0,0,0,646000,85000,561000,561000
067123,京鼎富邦05購01  ,0,0,0,0,0,0,0,0,0,560000,0,0,0,590000,30000,560000,560000
057727,華邦電國泰9A購01,0,0,0,0,0,0,0,0,0,553000,0,0,0,596000,43000,553000,553000
4414,如興            ,2406000,1854000,552000,0,0,0,0,0,0,1000,1000,0,1000,0,0,0,553000
064235,美律統一9C購02  ,0,0,0,0,0,0,0,0,0,551000,0,0,0,879000,328000,551000,551000
058772,茂林兆豐9A購01  ,0,0,0,0,0,0,0,0,0,543000,0,0,0,568000,25000,543000,543000
056849,瀚宇博元富98購01,0,0,0,0,0,0,0,0,0,543000,0,0,0,543000,0,543000,543000
062972,京元電元富9B購01,0,0,0,0,0,0,0,0,0,542000,0,0,0,716000,174000,542000,542000
062540,茂林國泰9C購01  ,0,0,0,0,0,0,0,0,0,540000,0,0,0,541000,1000,540000,540000
067499,帆宣元大01購04  ,0,0,0,0,0,0,0,0,0,539000,0,0,0,555000,16000,539000,539000
060884,超眾中信9B購01  ,0,0,0,0,0,0,0,0,0,539000,0,0,0,539000,0,539000,539000
058927,勤誠元富99購02  ,0,0,0,0,0,0,0,0,0,538000,0,0,0,538000,0,538000,538000
065305,泰鼎元富9C購01  ,0,0,0,0,0,0,0,0,0,538000,0,0,0,638000,100000,538000,538000
059841,國巨富邦9C購01  ,0,0,0,0,0,0,0,0,0,537000,0,0,0,539000,2000,537000,537000
08470P,世芯凱基9C售02  ,0,0,0,0,0,0,0,0,0,533000,0,0,0,704000,171000,533000,533000
064189,TPK永豐9C購01   ,0,0,0,0,0,0,0,0,0,532000,0,0,0,607000,75000,532000,532000
07643P,禾伸堂凱基9A售02,0,0,0,0,0,0,0,0,0,529000,0,0,0,530000,1000,529000,529000
056475,宏達電元大99購02,0,0,0,0,0,0,0,0,0,527000,0,0,0,800000,273000,527000,527000
08349P,南六元大9C售03  ,0,0,0,0,0,0,0,0,0,526000,0,0,0,787000,261000,526000,526000
066084,國巨富邦05購01  ,0,0,0,0,0,0,0,0,0,526000,0,0,0,528000,2000,526000,526000
1734,杏輝            ,362000,41366,320634,0,0,0,0,0,0,205000,0,1000,-1000,413000,207000,206000,525634
08627P,臺股指群益9C售22,0,0,0,0,0,0,0,0,0,525000,0,0,0,581000,56000,525000,525000
065922,鴻海麥證01購01  ,0,0,0,527000,3000,524000,0,0,0,524000,0,0,0,527000,3000,524000,524000
3533,嘉澤            ,755000,237000,518000,0,0,0,0,0,0,4000,29000,24000,5000,4000,5000,-1000,522000
07835P,台表科群益9A售02,0,0,0,0,0,0,0,0,0,520000,0,0,0,570000,50000,520000,520000
059355,國巨富邦9B購03  ,0,0,0,0,0,0,0,0,0,519000,0,0,0,521000,2000,519000,519000
066629,國揚凱基01購01  ,0,0,0,0,0,0,0,0,0,516000,0,0,0,521000,5000,516000,516000
064996,T50反1國票01購03,0,0,0,0,0,0,0,0,0,516000,0,0,0,549000,33000,516000,516000
066852,矽格元大01購03  ,0,0,0,0,0,0,0,0,0,515000,0,0,0,663000,148000,515000,515000
065943,台表科元富01購01,0,0,0,0,0,0,0,0,0,515000,0,0,0,518000,3000,515000,515000
5607,遠雄港          ,633000,118000,515000,0,0,0,0,0,0,0,0,0,0,0,0,0,515000
9935,慶豐富          ,646000,131000,515000,0,0,0,0,0,0,-1000,0,1000,-1000,0,0,0,514000
066871,台表科元富07購01,0,0,0,0,0,0,0,0,0,512000,0,0,0,1315000,803000,512000,512000
065530,亞德客統一9C購02,0,0,0,0,0,0,0,0,0,512000,0,0,0,562000,50000,512000,512000
6213,聯茂            ,1122000,460000,662000,0,0,0,215000,384000,-169000,18000,7000,4000,3000,44000,29000,15000,511000
063773,可成富邦9C購01  ,0,0,0,0,0,0,0,0,0,510000,0,0,0,560000,50000,510000,510000
9919,康那香          ,4148000,3634000,514000,0,0,0,0,1000,-1000,-3000,0,3000,-3000,0,0,0,510000
052491,泰碩國票99購01  ,0,0,0,0,0,0,0,0,0,509000,0,0,0,509000,0,509000,509000
060404,台勝科國泰9B購01,0,0,0,0,0,0,0,0,0,509000,0,0,0,621000,112000,509000,509000
2417,圓剛            ,1833000,1885000,-52000,0,0,0,560000,0,560000,0,0,0,0,0,0,0,508000
066480,國巨元富07購02  ,0,0,0,0,0,0,0,0,0,507000,0,0,0,507000,0,507000,507000
062076,美律元大9B購02  ,0,0,0,0,0,0,0,0,0,506000,0,0,0,566000,60000,506000,506000
064257,台勝科國泰01購01,0,0,0,0,0,0,0,0,0,504000,0,0,0,534000,30000,504000,504000
065356,聯發科元富03購06,4000,0,4000,0,0,0,0,0,0,500000,0,0,0,506000,6000,500000,504000
2206,三陽工業        ,617000,118000,499000,0,0,0,0,0,0,4000,4000,0,4000,0,0,0,503000
066527,泰鼎統一03購01  ,0,0,0,0,0,0,0,0,0,503000,0,0,0,507000,4000,503000,503000
067015,義隆富邦04購01  ,0,0,0,0,0,0,0,0,0,502000,0,0,0,514000,12000,502000,502000
07536P,華新科元富9A售04,0,0,0,0,0,0,0,0,0,502000,0,0,0,524000,22000,502000,502000
061587,美律富邦9A購02  ,0,0,0,0,0,0,0,0,0,501000,0,0,0,759000,258000,501000,501000
07637P,國巨國票9A售08  ,0,0,0,0,0,0,0,0,0,499000,0,0,0,499000,0,499000,499000
062986,T50反1中信02購01,0,0,0,0,0,0,0,0,0,496000,0,0,0,616000,120000,496000,496000
066826,聯發科群益02購03,0,0,0,0,0,0,0,0,0,493000,0,0,0,541000,48000,493000,493000
066651,創意康和01購04  ,0,0,0,0,0,0,0,0,0,492000,0,0,0,866000,374000,492000,492000
065355,聯發科元富03購05,0,0,0,0,0,0,0,0,0,491000,0,0,0,511000,20000,491000,491000
067267,台積電富邦05購03,25000,0,25000,0,0,0,0,0,0,465000,0,0,0,490000,25000,465000,490000
05755P,臺股指中信99售04,0,0,0,0,0,0,0,0,0,490000,0,0,0,1838000,1348000,490000,490000
08698P,可成凱基01售02  ,0,0,0,0,0,0,0,0,0,489000,0,0,0,511000,22000,489000,489000
08455P,台積電凱基9C售05,0,0,0,0,0,0,0,0,0,488000,0,0,0,612000,124000,488000,488000
1308,亞聚            ,563000,75000,488000,0,0,0,0,1000,-1000,-2000,0,0,0,5000,7000,-2000,485000
064598,國巨元富9C購03  ,0,0,0,0,0,0,0,0,0,485000,0,0,0,512000,27000,485000,485000
066479,國巨元富07購01  ,0,0,0,0,0,0,0,0,0,483000,0,0,0,499000,16000,483000,483000
060420,神基永豐9A購01  ,0,0,0,0,0,0,0,0,0,480000,0,0,0,480000,0,480000,480000
08535P,和大國票01售02  ,0,0,0,0,0,0,0,0,0,479000,0,0,0,497000,18000,479000,479000
061925,禾伸堂凱基9C購01,0,0,0,0,0,0,0,0,0,476000,0,0,0,484000,8000,476000,476000
058276,道瓊指中信9C購01,0,0,0,0,0,0,0,0,0,473000,0,0,0,489000,16000,473000,473000
08282P,南六群益9C售01  ,0,0,0,0,0,0,0,0,0,467000,0,0,0,467000,0,467000,467000
058399,美律元大99購05  ,0,0,0,0,0,0,0,0,0,467000,0,0,0,671000,204000,467000,467000
08111P,臺股指中信01售06,0,0,0,0,0,0,0,0,0,466000,0,0,0,521000,55000,466000,466000
07597P,臺股指中信01售02,50000,0,50000,0,0,0,0,0,0,416000,0,0,0,1171000,755000,416000,466000
07709P,創意元大9A售01  ,0,0,0,0,0,0,0,0,0,463000,0,0,0,563000,100000,463000,463000
08161P,台表科元富9B售02,0,0,0,0,0,0,0,0,0,463000,0,0,0,515000,52000,463000,463000
8105,凌巨            ,744000,282000,462000,0,0,0,0,0,0,-1000,0,1000,-1000,0,0,0,461000
061706,旭富國票9A購02  ,0,0,0,0,0,0,0,0,0,460000,0,0,0,520000,60000,460000,460000
060347,大立光統一02購01,0,0,0,0,0,0,0,0,0,460000,0,0,0,460000,0,460000,460000
00672L,元大S&P原油正2  ,0,8000,-8000,0,0,0,0,0,0,465000,0,0,0,1250000,785000,465000,457000
061702,奇鋐國票9A購02  ,0,0,0,0,0,0,0,0,0,456000,0,0,0,520000,64000,456000,456000
066816,泰鼎兆豐03購01  ,0,0,0,0,0,0,0,0,0,455000,0,0,0,493000,38000,455000,455000
066827,聯發科群益02購04,0,0,0,0,0,0,0,0,0,454000,0,0,0,576000,122000,454000,454000
00632R,元大台灣50反1   ,13850000,2941000,10909000,0,0,0,0,0,0,-10455000,3000,600000,-597000,7522000,17380000,-9858000,454000
063657,茂林元富9B購04  ,0,0,0,0,0,0,0,0,0,453000,0,0,0,600000,147000,453000,453000
08740P,創意康和01售03  ,0,0,0,0,0,0,0,0,0,452000,0,0,0,618000,166000,452000,452000
059187,國巨富邦9B購02  ,0,0,0,0,0,0,0,0,0,452000,0,0,0,480000,28000,452000,452000
066893,技嘉兆豐01購02  ,0,0,0,0,0,0,0,0,0,451000,0,0,0,560000,109000,451000,451000
058735,南茂永豐99購01  ,0,0,0,0,0,0,0,0,0,450000,0,0,0,600000,150000,450000,450000
060451,中石化元大9C購02,0,0,0,0,0,0,0,0,0,450000,0,0,0,450000,0,450000,450000
058881,全新永豐99購01  ,0,0,0,0,0,0,0,0,0,448000,0,0,0,448000,0,448000,448000
08606P,聯發科國票9C售05,0,0,0,0,0,0,0,0,0,446000,0,0,0,499000,53000,446000,446000
00652,富邦印度        ,189000,0,189000,0,0,0,0,0,0,255000,0,0,0,279000,24000,255000,444000
066892,台積電兆豐03購01,0,0,0,0,0,0,0,0,0,440000,0,0,0,799000,359000,440000,440000
07957P,晶技群益9B售02  ,0,0,0,0,0,0,0,0,0,439000,0,0,0,445000,6000,439000,439000
08878P,台積電凱基01售11,0,0,0,0,0,0,0,0,0,439000,0,0,0,440000,1000,439000,439000
065773,鴻海國票03購01  ,0,0,0,0,0,0,0,0,0,437000,0,0,0,500000,63000,437000,437000
1789,神隆            ,1481000,1104000,377000,0,0,0,0,0,0,58000,0,0,0,76000,18000,58000,435000
1514,亞力            ,624000,193000,431000,0,0,0,0,0,0,0,0,0,0,0,0,0,431000
00664R,國泰臺灣加權反1 ,33000,33000,0,0,0,0,0,0,0,431000,0,0,0,1203000,772000,431000,431000
07902P,玉晶光國票01售01,0,0,0,0,0,0,0,0,0,430000,0,0,0,444000,14000,430000,430000
08278P,玉晶光元富9C售02,0,0,0,0,0,0,0,0,0,430000,0,0,0,450000,20000,430000,430000
066843,台達電元大01購02,0,0,0,0,0,0,0,0,0,430000,0,0,0,430000,0,430000,430000
065908,聯發科永豐9C購04,0,0,0,0,0,0,0,0,0,427000,0,0,0,462000,35000,427000,427000
066968,技嘉元富07購01  ,0,0,0,0,0,0,0,0,0,426000,0,0,0,645000,219000,426000,426000
058522,聯茂元大99購07  ,0,0,0,0,0,0,0,0,0,426000,0,0,0,426000,0,426000,426000
062003,國巨國泰01購01  ,0,0,0,0,0,0,0,0,0,426000,0,0,0,527000,101000,426000,426000
06064P,台積電台新98售01,0,0,0,0,0,0,0,0,0,424000,0,0,0,424000,0,424000,424000
057681,T50反1日盛9C購01,0,0,0,0,0,0,0,0,0,420000,0,0,0,420000,0,420000,420000
061240,華新科兆豐9A購01,0,0,0,0,0,0,0,0,0,420000,0,0,0,420000,0,420000,420000
066277,敦泰元大01購02  ,0,0,0,0,0,0,0,0,0,420000,0,0,0,572000,152000,420000,420000
2340,光磊            ,676000,252000,424000,0,0,0,0,0,0,-5000,0,3000,-3000,0,2000,-2000,419000
06478P,臺股指日盛9A售01,0,0,0,0,0,0,0,0,0,418000,0,0,0,436000,18000,418000,418000
057837,康控國泰99購02  ,0,0,0,0,0,0,0,0,0,414000,0,0,0,424000,10000,414000,414000
00717,富邦美國特別股  ,0,0,0,0,0,0,0,0,0,414000,0,0,0,1025000,611000,414000,414000
063808,台表科兆豐9C購01,0,0,0,0,0,0,0,0,0,413000,0,0,0,413000,0,413000,413000
08762P,南六元大01售03  ,0,0,0,0,0,0,0,0,0,412000,0,0,0,687000,275000,412000,412000
3257,虹冠電          ,455000,44000,411000,0,0,0,0,0,0,1000,1000,0,1000,0,0,0,412000
08534P,玉晶光元富06售02,0,0,0,0,0,0,0,0,0,411000,0,0,0,599000,188000,411000,411000
065118,國巨富邦01購02  ,0,0,0,0,0,0,0,0,0,411000,0,0,0,746000,335000,411000,411000
065996,T50反1第一01購01,0,0,0,0,0,0,0,0,0,411000,0,0,0,648000,237000,411000,411000
063449,全新統一9B購02  ,0,0,0,0,0,0,0,0,0,409000,0,0,0,562000,153000,409000,409000
1589,永冠-KY         ,787100,497000,290100,0,0,0,60000,0,60000,58000,75000,17000,58000,0,0,0,408100
063444,金像電統一03購01,0,0,0,0,0,0,0,0,0,407000,0,0,0,837000,430000,407000,407000
065762,台表科元大9C購13,0,0,0,0,0,0,0,0,0,406000,0,0,0,508000,102000,406000,406000
065826,國巨凱基9C購12  ,0,0,0,0,0,0,0,0,0,404000,0,0,0,420000,16000,404000,404000
1325,恆大            ,1539000,981000,558000,0,0,0,0,0,0,-156000,0,171000,-171000,15000,0,15000,402000
07880P,可成群益9B售05  ,0,0,0,0,0,0,0,0,0,400000,0,0,0,400000,0,400000,400000
063563,國巨元大9C購07  ,0,0,0,0,0,0,0,0,0,400000,0,0,0,800000,400000,400000,400000
065701,聯發科群益9C購13,0,0,0,0,0,0,0,0,0,398000,0,0,0,398000,0,398000,398000
3041,揚智            ,583000,185000,398000,0,0,0,0,0,0,0,0,0,0,0,0,0,398000
07055P,景碩群益9A售02  ,0,0,0,0,0,0,0,0,0,397000,0,0,0,424000,27000,397000,397000
054471,T50反1中信9C購01,0,0,0,0,0,0,0,0,0,397000,0,0,0,599000,202000,397000,397000
058714,美律統一9B購01  ,0,0,0,0,0,0,0,0,0,397000,0,0,0,578000,181000,397000,397000
057954,宏碁元大99購01  ,0,0,0,0,0,0,0,0,0,397000,0,0,0,461000,64000,397000,397000
5388,中磊            ,517000,251000,266000,0,0,0,0,0,0,131000,49000,2000,47000,124000,40000,84000,397000
08662P,台積電國泰03售01,0,0,0,0,0,0,0,0,0,395000,0,0,0,1154000,759000,395000,395000
054427,潤泰全富邦97購01,0,0,0,0,0,0,0,0,0,395000,0,0,0,395000,0,395000,395000
08094P,華新科元富9B售05,0,0,0,0,0,0,0,0,0,394000,0,0,0,414000,20000,394000,394000
058873,美律國票9A購02  ,0,0,0,0,0,0,0,0,0,394000,0,0,0,504000,110000,394000,394000
065733,茂林凱基9C購03  ,0,0,0,0,0,0,0,0,0,394000,0,0,0,494000,100000,394000,394000
00651R,FH香港反1       ,487000,9000,478000,0,0,0,0,0,0,-88000,0,0,0,322000,410000,-88000,390000
062645,國巨國泰9B購08  ,0,0,0,0,0,0,0,0,0,390000,0,0,0,449000,59000,390000,390000
065319,鴻海凱基9C購03  ,0,0,0,0,0,0,0,0,0,390000,0,0,0,395000,5000,390000,390000
4106,雃博            ,691000,310000,381000,0,0,0,0,0,0,9000,9000,0,9000,0,0,0,390000
065021,貿聯富邦03購01  ,0,0,0,0,0,0,0,0,0,389000,0,0,0,389000,0,389000,389000
065919,禾伸堂凱基02購01,0,0,0,0,0,0,0,0,0,388000,0,0,0,403000,15000,388000,388000
6112,聚碩            ,423000,104000,319000,0,0,0,0,0,0,69000,0,0,0,80000,11000,69000,388000
066243,潤泰新富邦03購01,0,0,0,0,0,0,0,0,0,386000,0,0,0,456000,70000,386000,386000
065972,聯發科元大01購07,0,0,0,0,0,0,0,0,0,385000,0,0,0,547000,162000,385000,385000
065658,聯發科富邦03購03,0,0,0,0,0,0,0,0,0,385000,0,0,0,578000,193000,385000,385000
066967,台積電元富07購03,0,0,0,0,0,0,0,0,0,384000,0,0,0,451000,67000,384000,384000
066064,T50反1凱基03購03,0,0,0,0,0,0,0,0,0,384000,0,0,0,394000,10000,384000,384000
063208,鈺齊統一9C購01  ,0,0,0,0,0,0,0,0,0,382000,0,0,0,674000,292000,382000,382000
08868P,欣興凱基02售03  ,0,0,0,0,0,0,0,0,0,381000,0,0,0,417000,36000,381000,381000
060923,全新永豐9A購01  ,0,0,0,0,0,0,0,0,0,381000,0,0,0,381000,0,381000,381000
06705P,臻鼎元富98售03  ,0,0,0,0,0,0,0,0,0,380000,0,0,0,380000,0,380000,380000
08321P,世芯永豐9C售01  ,0,0,0,0,0,0,0,0,0,379000,0,0,0,385000,6000,379000,379000
064298,台灣50兆豐01購02,0,0,0,0,0,0,0,0,0,379000,0,0,0,556000,177000,379000,379000
057796,鴻海兆豐99購03  ,0,0,0,0,0,0,0,0,0,377000,0,0,0,449000,72000,377000,377000
046937,聯電元大99購01  ,0,0,0,0,0,0,0,0,0,374000,0,0,0,374000,0,374000,374000
08387P,臺股指群益9C售15,0,0,0,0,0,0,0,0,0,373000,0,0,0,374000,1000,373000,373000
058188,華擎永豐99購01  ,0,0,0,0,0,0,0,0,0,373000,0,0,0,463000,90000,373000,373000
066115,美律兆豐02購01  ,0,0,0,0,0,0,0,0,0,373000,0,0,0,680000,307000,373000,373000
07844P,可成國票9A售01  ,0,0,0,0,0,0,0,0,0,372000,0,0,0,373000,1000,372000,372000
058123,亞光國票9A購01  ,0,0,0,0,0,0,0,0,0,372000,0,0,0,410000,38000,372000,372000
057440,台積電統一98購10,0,0,0,0,0,0,0,0,0,372000,0,0,0,414000,42000,372000,372000
08172P,台積電凱基03售02,0,0,0,0,0,0,0,0,0,371000,0,0,0,440000,69000,371000,371000
064544,國巨凱基9C購09  ,0,0,0,0,0,0,0,0,0,371000,0,0,0,405000,34000,371000,371000
067146,台達電統一02購01,0,0,0,0,0,0,0,0,0,369000,0,0,0,369000,0,369000,369000
066623,國巨凱基04購01  ,0,0,0,0,0,0,0,0,0,366000,0,0,0,366000,0,366000,366000
066595,敦泰群益01購01  ,0,0,0,0,0,0,0,0,0,366000,0,0,0,575000,209000,366000,366000
065523,茂林群益9C購03  ,0,0,0,0,0,0,0,0,0,364000,0,0,0,364000,0,364000,364000
065978,臻鼎元大02購01  ,0,0,0,0,0,0,0,0,0,363000,0,0,0,443000,80000,363000,363000
07837P,華邦電元大9A售01,0,0,0,0,0,0,0,0,0,362000,0,0,0,562000,200000,362000,362000
063685,鴻海永豐9B購03  ,0,0,0,0,0,0,0,0,0,361000,0,0,0,467000,106000,361000,361000
065858,台表科元大03購01,0,0,0,0,0,0,0,0,0,360000,0,0,0,689000,329000,360000,360000
058616,台虹元大9A購01  ,0,0,0,0,0,0,0,0,0,359000,0,0,0,410000,51000,359000,359000
063343,美律統一9C購01  ,0,0,0,0,0,0,0,0,0,356000,0,0,0,600000,244000,356000,356000
063666,京元電統一9C購01,0,0,0,0,0,0,0,0,0,351000,0,0,0,389000,38000,351000,351000
07720P,臺股指群益9A售09,0,0,0,0,0,0,0,0,0,350000,0,0,0,350000,0,350000,350000
057105,致茂群益9A購01  ,0,0,0,0,0,0,0,0,0,350000,0,0,0,376000,26000,350000,350000
062693,中石化元大02購01,0,0,0,0,0,0,0,0,0,350000,0,0,0,350000,0,350000,350000
062458,全新群益9B購03  ,0,0,0,0,0,0,0,0,0,347000,0,0,0,352000,5000,347000,347000
061439,寶成凱基9A購01  ,0,0,0,0,0,0,0,0,0,347000,0,0,0,449000,102000,347000,347000
063613,全新群益9C購01  ,0,0,0,0,0,0,0,0,0,347000,0,0,0,383000,36000,347000,347000
065502,康友富邦03購01  ,0,0,0,0,0,0,0,0,0,346000,0,0,0,410000,64000,346000,346000
054472,道瓊反中信9A購01,0,0,0,0,0,0,0,0,0,345000,0,0,0,411000,66000,345000,345000
062561,瀚宇博凱基9B購01,0,0,0,0,0,0,0,0,0,345000,0,0,0,570000,225000,345000,345000
064037,寶成元大9C購02  ,0,0,0,0,0,0,0,0,0,344000,0,0,0,475000,131000,344000,344000
08794P,台積電兆豐01售03,0,0,0,0,0,0,0,0,0,343000,0,0,0,543000,200000,343000,343000
066819,樺漢兆豐01購01  ,0,0,0,0,0,0,0,0,0,342000,0,0,0,342000,0,342000,342000
060457,中橡元大9A購02  ,0,0,0,0,0,0,0,0,0,342000,0,0,0,362000,20000,342000,342000
067363,同欣電群益01購02,0,0,0,0,0,0,0,0,0,341000,0,0,0,341000,0,341000,341000
057269,鈺齊兆豐98購01  ,0,0,0,0,0,0,0,0,0,340000,0,0,0,340000,0,340000,340000
059375,道瓊反群益9C購02,0,0,0,0,0,0,0,0,0,340000,0,0,0,351000,11000,340000,340000
064041,國巨統一01購07  ,0,0,0,0,0,0,0,0,0,340000,0,0,0,399000,59000,340000,340000
1474,弘裕            ,982000,644000,338000,0,0,0,0,0,0,0,0,0,0,0,0,0,338000
3712,永崴投控        ,132000,20000,112000,0,0,0,0,0,0,225000,0,0,0,255000,30000,225000,337000
058270,上緯控永豐99購01,0,0,0,0,0,0,0,0,0,335000,0,0,0,475000,140000,335000,335000
08302P,長榮航國泰02售01,0,0,0,0,0,0,0,0,0,334000,0,0,0,334000,0,334000,334000
064150,全新統一01購03  ,0,0,0,0,0,0,0,0,0,334000,0,0,0,334000,0,334000,334000
6412,群電            ,579000,244000,335000,0,0,0,0,1000,-1000,0,0,0,0,0,0,0,334000
07676P,華新科永豐9A售02,0,0,0,0,0,0,0,0,0,333000,0,0,0,333000,0,333000,333000
046628,大立光統一98購01,0,0,0,0,0,0,0,0,0,333000,0,0,0,409000,76000,333000,333000
060918,康友國泰9C購01  ,0,0,0,0,0,0,0,0,0,333000,0,0,0,928000,595000,333000,333000
07013P,玉晶光群益9A售06,0,0,0,0,0,0,0,0,0,330000,0,0,0,380000,50000,330000,330000
9914,美利達          ,1065000,738000,327000,0,0,0,60000,48000,12000,-9000,8000,15000,-7000,5000,7000,-2000,330000
066788,聯發科麥證01購07,0,0,0,328000,0,328000,0,0,0,328000,0,0,0,328000,0,328000,328000
08378P,世紀鋼元富9C售02,0,0,0,0,0,0,0,0,0,328000,0,0,0,328000,0,328000,328000
062062,貿聯統一01購01  ,0,0,0,0,0,0,0,0,0,328000,0,0,0,401000,73000,328000,328000
2360,致茂            ,1416000,954535,461465,0,0,0,105000,225000,-120000,-14000,8000,8000,0,8000,22000,-14000,327465
065470,聚陽元大01購01  ,0,0,0,0,0,0,0,0,0,327000,0,0,0,433000,106000,327000,327000
066085,台積電富邦05購01,0,0,0,0,0,0,0,0,0,327000,0,0,0,550000,223000,327000,327000
2330,台積電          ,26530458,24210762,2319696,0,0,0,337000,1486000,-1149000,-844000,131000,446000,-315000,84000,613000,-529000,326696
2345,智邦            ,1488003,1146500,341503,0,0,0,134000,204000,-70000,54000,78000,76000,2000,60000,8000,52000,325503
08771P,滬深2X凱基01售02,0,0,0,0,0,0,0,0,0,325000,0,0,0,365000,40000,325000,325000
061819,茂林群益9B購01  ,0,0,0,0,0,0,0,0,0,325000,0,0,0,499000,174000,325000,325000
08816P,台積電富邦04售03,0,0,0,0,0,0,0,0,0,323000,0,0,0,430000,107000,323000,323000
053797,台積電中信98購01,0,0,0,0,0,0,0,0,0,323000,0,0,0,351000,28000,323000,323000
06822P,上銀富邦99售03  ,0,0,0,0,0,0,0,0,0,322000,0,0,0,322000,0,322000,322000
06959P,鴻海凱基9A售02  ,0,0,0,0,0,0,0,0,0,321000,0,0,0,471000,150000,321000,321000
066114,瑞昱兆豐02購01  ,0,0,0,0,0,0,0,0,0,321000,0,0,0,394000,73000,321000,321000
065819,京鼎元富03購01  ,0,0,0,0,0,0,0,0,0,319000,0,0,0,354000,35000,319000,319000
065036,世芯統一02購02  ,0,0,0,0,0,0,0,0,0,319000,0,0,0,420000,101000,319000,319000
2023,燁輝            ,449000,131000,318000,0,0,0,0,0,0,0,1000,1000,0,0,0,0,318000
066106,台郡國票02購01  ,0,0,0,0,0,0,0,0,0,318000,0,0,0,389000,71000,318000,318000
063642,茂林元大9B購08  ,0,0,0,0,0,0,0,0,0,315000,0,0,0,383000,68000,315000,315000
060867,智伸科永豐9A購01,0,0,0,0,0,0,0,0,0,314000,0,0,0,314000,0,314000,314000
066117,茂林兆豐02購01  ,0,0,0,0,0,0,0,0,0,314000,0,0,0,591000,277000,314000,314000
066603,台達電富邦05購01,0,0,0,0,0,0,0,0,0,313000,0,0,0,519000,206000,313000,313000
065097,貿聯元大9C購04  ,0,0,0,0,0,0,0,0,0,313000,0,0,0,371000,58000,313000,313000
00715L,街口布蘭特油正2 ,0,0,0,0,0,0,0,0,0,312000,0,0,0,509000,197000,312000,312000
064420,台積電兆豐9C購03,0,0,0,0,0,0,0,0,0,312000,0,0,0,412000,100000,312000,312000
063784,華通中信06購01  ,0,0,0,0,0,0,0,0,0,311000,0,0,0,549000,238000,311000,311000
066643,旺宏麥證01購01  ,0,0,0,311000,0,311000,0,0,0,311000,0,0,0,311000,0,311000,311000
4927,泰鼎-KY         ,1274000,689000,585000,0,0,0,7000,0,7000,-281000,60000,40000,20000,88000,389000,-301000,311000
1762,中化生          ,971000,649000,322000,0,0,0,0,0,0,-12000,0,8000,-8000,0,4000,-4000,310000
066151,大立光麥證01購02,0,0,0,320000,10000,310000,0,0,0,310000,0,0,0,320000,10000,310000,310000
2392,正崴            ,1039000,2674000,-1635000,0,0,0,0,0,0,1943000,0,0,0,2009000,66000,1943000,308000
08774P,華擎凱基01售02  ,0,0,0,0,0,0,0,0,0,308000,0,0,0,448000,140000,308000,308000
067202,聚陽元大01購02  ,0,1000,-1000,0,0,0,0,0,0,309000,0,0,0,511000,202000,309000,308000
058054,台積電統一9C購01,0,0,0,0,0,0,0,0,0,308000,0,0,0,374000,66000,308000,308000
065367,技嘉元大01購01  ,0,0,0,0,0,0,0,0,0,308000,0,0,0,433000,125000,308000,308000
8028,昇陽半導體      ,447000,143000,304000,0,0,0,0,0,0,4000,0,20000,-20000,26000,2000,24000,308000
061094,彩晶統一9B購02  ,0,0,0,0,0,0,0,0,0,307000,0,0,0,307000,0,307000,307000
062491,矽創永豐9B購01  ,0,0,0,0,0,0,0,0,0,305000,0,0,0,385000,80000,305000,305000
05952P,台積電國票97售06,0,0,0,0,0,0,0,0,0,304000,0,0,0,304000,0,304000,304000
063359,泰鼎國泰01購01  ,0,0,0,0,0,0,0,0,0,303000,0,0,0,343000,40000,303000,303000
056219,T50反1日盛02購01,0,0,0,0,0,0,0,0,0,302000,0,0,0,319000,17000,302000,302000
08379P,台積電國泰02售02,0,0,0,0,0,0,0,0,0,301000,0,0,0,369000,68000,301000,301000
065076,中橡元大9C購01  ,0,0,0,0,0,0,0,0,0,301000,0,0,0,310000,9000,301000,301000
08679P,台灣50元大01售15,0,0,0,0,0,0,0,0,0,300000,0,0,0,300000,0,300000,300000
08880P,全新凱基01售02  ,0,0,0,0,0,0,0,0,0,300000,0,0,0,466000,166000,300000,300000
06717P,可成元大98售09  ,0,0,0,0,0,0,0,0,0,300000,0,0,0,300000,0,300000,300000
066786,聯發科麥證01購05,0,0,0,300000,0,300000,0,0,0,300000,0,0,0,300000,0,300000,300000
06893P,致新元富98售02  ,0,0,0,0,0,0,0,0,0,300000,0,0,0,300000,0,300000,300000
061171,大立光麥證9A購01,0,0,0,300000,0,300000,0,0,0,300000,0,0,0,300000,0,300000,300000
064474,華新科麥證01購01,0,0,0,300000,0,300000,0,0,0,300000,0,0,0,300000,0,300000,300000
066152,大立光麥證01購03,0,0,0,300000,0,300000,0,0,0,300000,0,0,0,300000,0,300000,300000
066646,聯發科麥證01購03,0,0,0,300000,0,300000,0,0,0,300000,0,0,0,300000,0,300000,300000
066647,聯發科麥證01購04,0,0,0,300000,0,300000,0,0,0,300000,0,0,0,300000,0,300000,300000
066476,禾伸堂麥證01購01,0,0,0,300000,0,300000,0,0,0,300000,0,0,0,300000,0,300000,300000
065563,T50反1群益9C購04,0,0,0,0,0,0,0,0,0,300000,0,0,0,410000,110000,300000,300000
057404,貿聯群益99購01  ,0,0,0,0,0,0,0,0,0,299000,0,0,0,299000,0,299000,299000
08359P,緯創元大9C售02  ,0,0,0,0,0,0,0,0,0,298000,0,0,0,480000,182000,298000,298000
059868,台光電凱基99購03,0,0,0,0,0,0,0,0,0,298000,0,0,0,300000,2000,298000,298000
062876,全新兆豐9B購01  ,0,0,0,0,0,0,0,0,0,298000,0,0,0,298000,0,298000,298000
062707,致伸元大9B購01  ,0,0,0,0,0,0,0,0,0,298000,0,0,0,328000,30000,298000,298000
066645,聯發科麥證01購02,0,0,0,300000,2000,298000,0,0,0,298000,0,0,0,300000,2000,298000,298000
063224,泰鼎群益9B購02  ,0,0,0,0,0,0,0,0,0,296000,0,0,0,325000,29000,296000,296000
061207,美律元大9A購04  ,0,0,0,0,0,0,0,0,0,296000,0,0,0,600000,304000,296000,296000
08120P,南亞科國票9C售01,0,0,0,0,0,0,0,0,0,294000,0,0,0,400000,106000,294000,294000
059293,宏達電元富9B購01,0,0,0,0,0,0,0,0,0,294000,0,0,0,372000,78000,294000,294000
065215,義隆國泰02購02  ,0,0,0,0,0,0,0,0,0,294000,0,0,0,399000,105000,294000,294000
061344,禾伸堂元大9A購02,0,0,0,0,0,0,0,0,0,291000,0,0,0,291000,0,291000,291000
063779,華邦電永豐9B購01,0,0,0,0,0,0,0,0,0,291000,0,0,0,292000,1000,291000,291000
066270,國揚元大01購01  ,0,0,0,0,0,0,0,0,0,291000,0,0,0,320000,29000,291000,291000
08819P,上証2X凱基02售01,0,0,0,0,0,0,0,0,0,290000,0,0,0,290000,0,290000,290000
07635P,世芯永豐9A售05  ,0,0,0,0,0,0,0,0,0,290000,0,0,0,290000,0,290000,290000
2520,冠德            ,855000,523000,332000,0,0,0,0,0,0,-43000,45000,60000,-15000,0,28000,-28000,289000
06535P,可成群益99售02  ,0,0,0,0,0,0,0,0,0,288000,0,0,0,288000,0,288000,288000
6196,帆宣            ,879000,489000,390000,0,0,0,50000,0,50000,-153000,0,35000,-35000,13000,131000,-118000,287000
08443P,臺股指麥證01售02,0,0,0,1070000,784000,286000,0,0,0,286000,0,0,0,1070000,784000,286000,286000
059862,全新群益99購04  ,0,0,0,0,0,0,0,0,0,286000,0,0,0,315000,29000,286000,286000
08187P,大毅群益9B售04  ,0,0,0,0,0,0,0,0,0,283000,0,0,0,283000,0,283000,283000
067297,台積電元大02購03,0,0,0,0,0,0,0,0,0,283000,0,0,0,725000,442000,283000,283000
064107,友達兆豐01購01  ,0,0,0,0,0,0,0,0,0,283000,0,0,0,283000,0,283000,283000
07649P,金像電永豐9A售02,0,0,0,0,0,0,0,0,0,282000,0,0,0,300000,18000,282000,282000
058645,康控富邦01購01  ,0,0,0,0,0,0,0,0,0,282000,0,0,0,317000,35000,282000,282000
064429,鴻海凱基03購03  ,0,0,0,0,0,0,0,0,0,282000,0,0,0,561000,279000,282000,282000
066897,京元電康和01購01,0,0,0,0,0,0,0,0,0,281000,0,0,0,281000,0,281000,281000
3583,辛耘            ,944000,1061000,-117000,0,0,0,426000,0,426000,-28000,3000,31000,-28000,0,0,0,281000
066089,文曄永豐01購01  ,0,0,0,0,0,0,0,0,0,280000,0,0,0,464000,184000,280000,280000
063473,茂林元大9B購05  ,0,0,0,0,0,0,0,0,0,279000,0,0,0,279000,0,279000,279000
3044,健鼎            ,1543000,1488000,55000,0,0,0,193000,0,193000,31000,8000,47000,-39000,220000,150000,70000,279000
2359,所羅門          ,325000,47000,278000,0,0,0,0,0,0,0,0,0,0,0,0,0,278000
052542,友達元富98購01  ,0,0,0,0,0,0,0,0,0,278000,0,0,0,349000,71000,278000,278000
06624P,訊芯元大98售06  ,0,0,0,0,0,0,0,0,0,278000,0,0,0,279000,1000,278000,278000
066369,瀚宇博中信01購01,0,0,0,0,0,0,0,0,0,278000,0,0,0,335000,57000,278000,278000
066637,瀚宇博凱基01購02,0,0,0,0,0,0,0,0,0,278000,0,0,0,335000,57000,278000,278000
06503P,臺股指中信9A售02,0,0,0,0,0,0,0,0,0,276000,0,0,0,933000,657000,276000,276000
057787,TPK國票99購01   ,0,0,0,0,0,0,0,0,0,274000,0,0,0,274000,0,274000,274000
060432,達方永豐9A購01  ,0,0,0,0,0,0,0,0,0,273000,0,0,0,349000,76000,273000,273000
065341,華邦電統一01購02,0,0,0,0,0,0,0,0,0,273000,0,0,0,273000,0,273000,273000
066598,致新群益02購01  ,0,0,0,0,0,0,0,0,0,273000,0,0,0,280000,7000,273000,273000
06666P,台積電日盛9A售02,0,0,0,0,0,0,0,0,0,272000,0,0,0,551000,279000,272000,272000
066391,國巨凱基01購04  ,0,0,0,0,0,0,0,0,0,271000,0,0,0,272000,1000,271000,271000
067124,華擎富邦03購01  ,0,0,0,0,0,0,0,0,0,270000,0,0,0,277000,7000,270000,270000
063168,台表科永豐9B購01,0,0,0,0,0,0,0,0,0,270000,0,0,0,402000,132000,270000,270000
057397,茂林中信9A購01  ,0,0,0,0,0,0,0,0,0,270000,0,0,0,271000,1000,270000,270000
062005,旺宏國泰01購01  ,0,0,0,0,0,0,0,0,0,270000,0,0,0,270000,0,270000,270000
06984P,上銀富邦9B售01  ,0,0,0,0,0,0,0,0,0,269000,0,0,0,269000,0,269000,269000
057393,台積電中信02購01,0,0,0,0,0,0,0,0,0,269000,0,0,0,470000,201000,269000,269000
059326,康友元大99購01  ,0,0,0,0,0,0,0,0,0,269000,0,0,0,615000,346000,269000,269000
6504,南六            ,388000,451000,-63000,0,0,0,182000,10000,172000,160000,8000,6000,2000,179000,21000,158000,269000
3406,玉晶光          ,1143000,1061113,81887,0,0,0,21000,2000,19000,168000,257000,121000,136000,43000,11000,32000,268887
2401,凌陽            ,476000,215000,261000,0,0,0,0,0,0,7000,7000,0,7000,0,0,0,268000
064316,貿聯群益9C購02  ,0,0,0,0,0,0,0,0,0,268000,0,0,0,268000,0,268000,268000
064718,友達統一02購01  ,0,0,0,0,0,0,0,0,0,268000,0,0,0,378000,110000,268000,268000
065901,台積電富邦03購04,0,0,0,0,0,0,0,0,0,267000,0,0,0,267000,0,267000,267000
3705,永信            ,471000,203000,268000,0,0,0,0,0,0,-1000,0,0,0,1000,2000,-1000,267000
4133,亞諾法          ,82000,153000,-71000,0,0,0,0,0,0,338000,0,0,0,350000,12000,338000,267000
08609P,世紀鋼永豐9C售03,0,0,0,0,0,0,0,0,0,266000,0,0,0,290000,24000,266000,266000
061084,京元電兆豐9A購02,0,0,0,0,0,0,0,0,0,266000,0,0,0,302000,36000,266000,266000
058547,世紀鋼富邦9A購01,0,0,0,0,0,0,0,0,0,265000,0,0,0,265000,0,265000,265000
057485,友達元大9C購04  ,0,0,0,0,0,0,0,0,0,265000,0,0,0,265000,0,265000,265000
064160,新日興統一01購03,0,0,0,0,0,0,0,0,0,265000,0,0,0,285000,20000,265000,265000
6531,愛普            ,968000,1095000,-127000,0,0,0,390000,0,390000,2000,2000,0,2000,0,0,0,265000
066401,智伸科凱基01購02,0,0,0,0,0,0,0,0,0,264000,0,0,0,264000,0,264000,264000
8104,錸寶            ,459000,196000,263000,0,0,0,0,0,0,0,0,0,0,0,0,0,263000
07992P,玉晶光群益01售04,0,0,0,0,0,0,0,0,0,262000,0,0,0,316000,54000,262000,262000
08152P,祥碩統一9B售02  ,0,0,0,0,0,0,0,0,0,261000,0,0,0,313000,52000,261000,261000
06853P,華擎元富98售03  ,0,0,0,0,0,0,0,0,0,261000,0,0,0,261000,0,261000,261000
00875,國泰網路資安    ,0,0,0,0,0,0,0,0,0,261000,0,0,0,377000,116000,261000,261000
07547P,緯穎凱基9A售05  ,0,0,0,0,0,0,0,0,0,260000,0,0,0,260000,0,260000,260000
062449,臻鼎元大9B購01  ,0,0,0,0,0,0,0,0,0,260000,0,0,0,283000,23000,260000,260000
063573,茂林元大9B購06  ,0,0,0,0,0,0,0,0,0,260000,0,0,0,417000,157000,260000,260000
064451,技嘉統一01購02  ,0,0,0,0,0,0,0,0,0,259000,0,0,0,425000,166000,259000,259000
059086,國巨元大99購18  ,0,0,0,0,0,0,0,0,0,258000,0,0,0,258000,0,258000,258000
062020,智伸科永豐9B購01,0,0,0,0,0,0,0,0,0,258000,0,0,0,261000,3000,258000,258000
066205,京鼎統一03購01  ,0,0,0,0,0,0,0,0,0,258000,0,0,0,398000,140000,258000,258000
08136P,祥碩國泰01售01  ,0,0,0,0,0,0,0,0,0,257000,0,0,0,351000,94000,257000,257000
08615P,同欣電統一9C售02,0,0,0,0,0,0,0,0,0,257000,0,0,0,285000,28000,257000,257000
065653,同欣電元大03購01,0,0,0,0,0,0,0,0,0,256000,0,0,0,339000,83000,256000,256000
08250P,GIS群益9C售02   ,0,0,0,0,0,0,0,0,0,254000,0,0,0,274000,20000,254000,254000
06836P,玉晶光國票99售06,0,0,0,0,0,0,0,0,0,254000,0,0,0,564000,310000,254000,254000
060214,茂林康和9A購01  ,0,0,0,0,0,0,0,0,0,254000,0,0,0,314000,60000,254000,254000
065499,京元電富邦01購01,0,0,0,0,0,0,0,0,0,254000,0,0,0,642000,388000,254000,254000
065659,華新科永豐9C購04,0,0,0,0,0,0,0,0,0,253000,0,0,0,280000,27000,253000,253000
063667,全新統一01購02  ,0,0,0,0,0,0,0,0,0,253000,0,0,0,338000,85000,253000,253000
06723P,台灣50麥證99售01,0,0,0,452000,201000,251000,0,0,0,251000,0,0,0,452000,201000,251000,251000
063145,台表科統一02購01,0,0,0,0,0,0,0,0,0,251000,0,0,0,445000,194000,251000,251000
064042,國巨統一9C購12  ,0,0,0,0,0,0,0,0,0,251000,0,0,0,315000,64000,251000,251000
065905,聯茂富邦02購01  ,0,0,0,0,0,0,0,0,0,251000,0,0,0,261000,10000,251000,251000
066471,致新統一02購01  ,0,0,0,0,0,0,0,0,0,251000,0,0,0,509000,258000,251000,251000
3645,達邁            ,412000,160000,252000,0,0,0,0,0,0,-1000,0,1000,-1000,0,0,0,251000
06929P,鴻海元大99售11  ,0,0,0,0,0,0,0,0,0,250000,0,0,0,250000,0,250000,250000
062252,華邦電元大9C購01,0,0,0,0,0,0,0,0,0,250000,0,0,0,250000,0,250000,250000
08246P,亞德客群益01售01,0,0,0,0,0,0,0,0,0,249000,0,0,0,325000,76000,249000,249000
1467,南緯            ,491000,242000,249000,0,0,0,0,0,0,0,0,0,0,0,0,0,249000
062338,鴻海麥證9B購01  ,0,0,0,249000,0,249000,0,0,0,249000,0,0,0,249000,0,249000,249000
062017,京鼎永豐9B購01  ,0,0,0,0,0,0,0,0,0,249000,0,0,0,295000,46000,249000,249000
6197,佳必琪          ,352000,102000,250000,0,0,0,0,0,0,-1000,0,1000,-1000,0,0,0,249000
2486,一詮            ,397000,149000,248000,0,0,0,0,0,0,0,0,0,0,0,0,0,248000
07794P,智邦國票9A售03  ,0,0,0,0,0,0,0,0,0,248000,0,0,0,298000,50000,248000,248000
067205,台積電元大01購22,0,0,0,0,0,0,0,0,0,247000,0,0,0,1251000,1004000,247000,247000
06926P,可成群益9A售04  ,0,0,0,0,0,0,0,0,0,246000,0,0,0,247000,1000,246000,246000
2352,佳世達          ,903000,807000,96000,0,0,0,0,4000,-4000,154000,36000,0,36000,118000,0,118000,246000
064260,矽創富邦9C購01  ,0,0,0,0,0,0,0,0,0,246000,0,0,0,646000,400000,246000,246000
2412,中華電          ,2529261,966000,1563261,0,0,0,171000,88000,83000,-1401000,0,1400000,-1400000,0,1000,-1000,245261
07788P,華新科群益9A售08,0,0,0,0,0,0,0,0,0,245000,0,0,0,250000,5000,245000,245000
067298,台積電元大02購04,0,0,0,0,0,0,0,0,0,245000,0,0,0,250000,5000,245000,245000
6285,啟碁            ,372000,120000,252000,0,0,0,0,0,0,-7000,0,2000,-2000,0,5000,-5000,245000
066844,聯發科元大01購12,0,0,0,0,0,0,0,0,0,244000,0,0,0,415000,171000,244000,244000
066930,台積電國票02購01,0,0,0,0,0,0,0,0,0,244000,0,0,0,248000,4000,244000,244000
058897,國巨元大99購17  ,40000,0,40000,0,0,0,0,0,0,204000,0,0,0,292000,88000,204000,244000
066605,盟立永豐01購02  ,0,0,0,0,0,0,0,0,0,244000,0,0,0,312000,68000,244000,244000
066745,瀚宇博元大01購01,0,0,0,0,0,0,0,0,0,243000,0,0,0,515000,272000,243000,243000
06912P,台光電元大99售02,0,0,0,0,0,0,0,0,0,243000,0,0,0,243000,0,243000,243000
060862,美律永豐9A購01  ,0,0,0,0,0,0,0,0,0,243000,0,0,0,606000,363000,243000,243000
065740,聯發科麥證9C購05,0,0,0,303000,60000,243000,0,0,0,243000,0,0,0,303000,60000,243000,243000
065013,矽創國泰02購01  ,0,0,0,0,0,0,0,0,0,243000,0,0,0,614000,371000,243000,243000
064866,義隆永豐9C購02  ,0,0,0,0,0,0,0,0,0,243000,0,0,0,253000,10000,243000,243000
9902,台火            ,279000,36000,243000,0,0,0,0,0,0,0,0,0,0,0,0,0,243000
061357,寶成元大9A購01  ,0,0,0,0,0,0,0,0,0,242000,0,0,0,250000,8000,242000,242000
064253,貿聯元富9C購01  ,0,0,0,0,0,0,0,0,0,242000,0,0,0,311000,69000,242000,242000
08190P,宏達電元富9B售04,0,0,0,0,0,0,0,0,0,241000,0,0,0,242000,1000,241000,241000
065481,臻鼎元大9C購04  ,0,0,0,0,0,0,0,0,0,241000,0,0,0,315000,74000,241000,241000
066301,大成永豐01購01  ,0,0,0,0,0,0,0,0,0,241000,0,0,0,380000,139000,241000,241000
08002P,大毅國票9B售03  ,0,0,0,0,0,0,0,0,0,240000,0,0,0,252000,12000,240000,240000
07133P,臺股指元大9A售27,0,0,0,0,0,0,0,0,0,240000,0,0,0,450000,210000,240000,240000
064456,禾伸堂統一01購01,0,0,0,0,0,0,0,0,0,240000,0,0,0,327000,87000,240000,240000
4104,佳醫            ,277000,37000,240000,0,0,0,0,0,0,0,0,0,0,0,0,0,240000
8464,億豐            ,459591,229000,230591,0,0,0,0,0,0,9000,20000,7000,13000,0,4000,-4000,239591
066862,台達電台新01購01,0,0,0,0,0,0,0,0,0,239000,0,0,0,279000,40000,239000,239000
061015,旺宏麥證9A購03  ,0,0,0,286000,47000,239000,0,0,0,239000,0,0,0,286000,47000,239000,239000
060799,茂林永豐9A購01  ,0,0,0,0,0,0,0,0,0,238000,0,0,0,240000,2000,238000,238000
08015P,可成凱基9B售05  ,0,0,0,0,0,0,0,0,0,237000,0,0,0,321000,84000,237000,237000
08864P,欣興元大01售01  ,0,0,0,0,0,0,0,0,0,237000,0,0,0,287000,50000,237000,237000
058327,大毅統一9B購01  ,0,0,0,0,0,0,0,0,0,237000,0,0,0,316000,79000,237000,237000
063045,國巨兆豐9C購02  ,0,0,0,0,0,0,0,0,0,237000,0,0,0,298000,61000,237000,237000
07943P,瑞昱元大9B售02  ,0,0,0,0,0,0,0,0,0,236000,0,0,0,287000,51000,236000,236000
057956,全新元大99購04  ,0,0,0,0,0,0,0,0,0,236000,0,0,0,236000,0,236000,236000
006208,富邦台50        ,24000,27000,-3000,0,0,0,0,0,0,239000,0,0,0,627000,388000,239000,236000
065411,旺宏永豐9C購02  ,0,0,0,0,0,0,0,0,0,236000,0,0,0,348000,112000,236000,236000
06564P,國巨富邦9A售04  ,0,0,0,0,0,0,0,0,0,235000,0,0,0,235000,0,235000,235000
066081,文曄國泰03購01  ,0,0,0,0,0,0,0,0,0,234000,0,0,0,234000,0,234000,234000
3605,宏致            ,520000,248000,272000,0,0,0,0,0,0,-39000,61000,100000,-39000,0,0,0,233000
2472,立隆電          ,357000,122000,235000,0,0,0,0,0,0,-3000,3000,6000,-3000,0,0,0,232000
1907,永豐餘          ,558000,326000,232000,0,0,0,0,0,0,0,0,0,0,0,0,0,232000
07713P,台郡元大9A售03  ,0,0,0,0,0,0,0,0,0,232000,0,0,0,232000,0,232000,232000
066564,智伸科元大01購01,0,0,0,0,0,0,0,0,0,232000,0,0,0,232000,0,232000,232000
061122,敬鵬永豐9A購01  ,0,0,0,0,0,0,0,0,0,231000,0,0,0,784000,553000,231000,231000
07128P,大毅元大99售04  ,0,0,0,0,0,0,0,0,0,230000,0,0,0,230000,0,230000,230000
07457P,宏達電元大9A售01,0,0,0,0,0,0,0,0,0,230000,0,0,0,230000,0,230000,230000
058930,華新科統一9B購01,0,0,0,0,0,0,0,0,0,229000,0,0,0,231000,2000,229000,229000
066279,拓凱元大01購01  ,0,0,0,0,0,0,0,0,0,229000,0,0,0,229000,0,229000,229000
055034,建準富邦99購01  ,0,0,0,0,0,0,0,0,0,228000,0,0,0,251000,23000,228000,228000
057163,上銀元大98購04  ,0,0,0,0,0,0,0,0,0,228000,0,0,0,241000,13000,228000,228000
065174,華新科元大02購02,0,0,0,0,0,0,0,0,0,228000,0,0,0,278000,50000,228000,228000
067203,台達電元大01購03,0,0,0,0,0,0,0,0,0,227000,0,0,0,286000,59000,227000,227000
08817P,致新元富01售02  ,0,0,0,0,0,0,0,0,0,227000,0,0,0,268000,41000,227000,227000
056459,茂林凱基99購01  ,0,0,0,0,0,0,0,0,0,227000,0,0,0,227000,0,227000,227000
062033,瀚宇博群益9B購01,0,0,0,0,0,0,0,0,0,227000,0,0,0,301000,74000,227000,227000
066855,樺漢元大01購03  ,0,0,0,0,0,0,0,0,0,226000,0,0,0,339000,113000,226000,226000
061083,京元電兆豐9A購01,0,0,0,0,0,0,0,0,0,226000,0,0,0,453000,227000,226000,226000
065474,旺宏元大9C購06  ,0,0,0,0,0,0,0,0,0,226000,0,0,0,515000,289000,226000,226000
066797,台積電凱基02購09,0,0,0,0,0,0,0,0,0,225000,0,0,0,499000,274000,225000,225000
07671P,超眾元大9A售04  ,0,0,0,0,0,0,0,0,0,225000,0,0,0,330000,105000,225000,225000
059195,國巨永豐99購04  ,0,0,0,0,0,0,0,0,0,225000,0,0,0,240000,15000,225000,225000
060259,潤泰全凱基9C購01,0,0,0,0,0,0,0,0,0,225000,0,0,0,230000,5000,225000,225000
066503,台積電富邦05購02,0,0,0,0,0,0,0,0,0,225000,0,0,0,228000,3000,225000,225000
07646P,世芯元大9A售04  ,0,0,0,0,0,0,0,0,0,224000,0,0,0,249000,25000,224000,224000
067005,盟立永豐01購04  ,0,0,0,0,0,0,0,0,0,223000,0,0,0,223000,0,223000,223000
08453P,玉晶光台新9C售02,0,0,0,0,0,0,0,0,0,223000,0,0,0,981000,758000,223000,223000
058613,茂林元大99購03  ,0,0,0,0,0,0,0,0,0,223000,0,0,0,223000,0,223000,223000
057626,技嘉富邦9A購01  ,0,0,0,0,0,0,0,0,0,223000,0,0,0,308000,85000,223000,223000
08333P,大立光富邦02售03,0,0,0,0,0,0,0,0,0,222000,0,0,0,228000,6000,222000,222000
1783,和康生          ,303000,81000,222000,0,0,0,0,0,0,0,0,0,0,0,0,0,222000
8011,台通            ,420000,198000,222000,0,0,0,0,0,0,0,0,0,0,0,0,0,222000
061990,台勝科元大9C購01,0,0,0,0,0,0,0,0,0,221000,0,0,0,289000,68000,221000,221000
063614,美食群益9B購03  ,0,0,0,0,0,0,0,0,0,221000,0,0,0,234000,13000,221000,221000
2402,毅嘉            ,1204000,984000,220000,0,0,0,0,0,0,0,0,0,0,0,0,0,220000
08070P,晶技國泰9C售02  ,0,0,0,0,0,0,0,0,0,220000,0,0,0,262000,42000,220000,220000
064036,矽創元大9C購01  ,0,0,0,0,0,0,0,0,0,220000,0,0,0,327000,107000,220000,220000
065813,華擎統一03購01  ,0,0,0,0,0,0,0,0,0,220000,0,0,0,220000,0,220000,220000
08814P,世紀鋼群益01售04,0,0,0,0,0,0,0,0,0,219000,0,0,0,219000,0,219000,219000
063116,大立光麥證9C購01,0,0,0,219000,0,219000,0,0,0,219000,0,0,0,219000,0,219000,219000
054164,強茂凱基98購01  ,0,0,0,0,0,0,0,0,0,219000,0,0,0,219000,0,219000,219000
063574,茂林元大9B購07  ,0,0,0,0,0,0,0,0,0,219000,0,0,0,219000,0,219000,219000
064513,T50反1群益9C購01,0,0,0,0,0,0,0,0,0,219000,0,0,0,219000,0,219000,219000
3376,新日興          ,278000,165000,113000,0,0,0,30000,0,30000,76000,109000,0,109000,33000,66000,-33000,219000
066691,京元電台新01購01,0,0,0,0,0,0,0,0,0,218000,0,0,0,266000,48000,218000,218000
058901,美律元大99購07  ,0,0,0,0,0,0,0,0,0,218000,0,0,0,218000,0,218000,218000
2464,盟立            ,199000,53000,146000,0,0,0,0,0,0,71000,0,0,0,114000,43000,71000,217000
05887P,友達元富99售03  ,0,0,0,0,0,0,0,0,0,217000,0,0,0,227000,10000,217000,217000
065654,台表科元大9C購12,0,0,0,0,0,0,0,0,0,217000,0,0,0,610000,393000,217000,217000
08723P,臺股指元大01售04,0,0,0,0,0,0,0,0,0,216000,0,0,0,244000,28000,216000,216000
07691P,宏達電元大9A售05,0,0,0,0,0,0,0,0,0,216000,0,0,0,216000,0,216000,216000
055698,茂林國票98購03  ,0,0,0,0,0,0,0,0,0,216000,0,0,0,220000,4000,216000,216000
061512,國巨永豐9A購04  ,0,0,0,0,0,0,0,0,0,216000,0,0,0,216000,0,216000,216000
063686,國巨永豐9B購04  ,0,0,0,0,0,0,0,0,0,216000,0,0,0,216000,0,216000,216000
06826P,臺股指國票98售02,0,0,0,0,0,0,0,0,0,215000,0,0,0,231000,16000,215000,215000
057289,力成元大98購03  ,0,0,0,0,0,0,0,0,0,215000,0,0,0,515000,300000,215000,215000
061172,大立光麥證9A購02,0,0,0,215000,0,215000,0,0,0,215000,0,0,0,215000,0,215000,215000
08376P,南亞科元富9C售03,0,0,0,0,0,0,0,0,0,214000,0,0,0,215000,1000,214000,214000
062980,康控元富9B購01  ,0,0,0,0,0,0,0,0,0,213000,0,0,0,238000,25000,213000,213000
065261,技嘉元大9C購03  ,0,0,0,0,0,0,0,0,0,213000,0,0,0,240000,27000,213000,213000
066537,全新兆豐01購01  ,0,0,0,0,0,0,0,0,0,213000,0,0,0,292000,79000,213000,213000
00737,國泰AI+Robo     ,0,0,0,0,0,0,0,0,0,212000,0,0,0,299000,87000,212000,212000
064191,聯發科中信03購01,0,0,0,0,0,0,0,0,0,212000,0,0,0,212000,0,212000,212000
056673,中石化元富9B購01,0,0,0,0,0,0,0,0,0,211000,0,0,0,211000,0,211000,211000
066654,上証2X凱基03購02,0,0,0,0,0,0,0,0,0,211000,0,0,0,225000,14000,211000,211000
064421,技嘉兆豐01購01  ,0,0,0,0,0,0,0,0,0,211000,0,0,0,319000,108000,211000,211000
2457,飛宏            ,413000,203000,210000,0,0,0,0,0,0,0,0,0,0,0,0,0,210000
063853,同欣電元大9C購02,0,0,0,0,0,0,0,0,0,210000,0,0,0,215000,5000,210000,210000
066759,盟立永豐01購03  ,0,0,0,0,0,0,0,0,0,209000,0,0,0,210000,1000,209000,209000
065916,聯發科凱基01購10,0,0,0,0,0,0,0,0,0,209000,0,0,0,258000,49000,209000,209000
4564,元翎            ,371000,162000,209000,0,0,0,0,0,0,0,0,0,0,0,0,0,209000
5203,訊連            ,264000,74000,190000,0,0,0,0,0,0,19000,4000,10000,-6000,25000,0,25000,209000
2327,國巨            ,921851,739585,182266,0,0,0,54000,1000,53000,-27197,75000,21000,54000,36000,117197,-81197,208069
2059,川湖            ,289000,86000,203000,0,0,0,0,0,0,5000,1000,0,1000,4000,0,4000,208000
07865P,可成元大9B售02  ,0,0,0,0,0,0,0,0,0,208000,0,0,0,217000,9000,208000,208000
07408P,台積電兆豐99售06,0,0,0,0,0,0,0,0,0,208000,0,0,0,208000,0,208000,208000
054428,禾伸堂富邦98購01,0,0,0,0,0,0,0,0,0,208000,0,0,0,208000,0,208000,208000
057745,泰鼎永豐99購01  ,0,0,0,0,0,0,0,0,0,208000,0,0,0,303000,95000,208000,208000
062682,全新統一9B購01  ,0,0,0,0,0,0,0,0,0,208000,0,0,0,383000,175000,208000,208000
07814P,華通群益9A售06  ,0,0,0,0,0,0,0,0,0,207000,0,0,0,210000,3000,207000,207000
063366,台表科富邦9C購02,0,0,0,0,0,0,0,0,0,207000,0,0,0,218000,11000,207000,207000
062183,奇鋐元大9B購01  ,0,0,0,0,0,0,0,0,0,207000,0,0,0,257000,50000,207000,207000
060678,聯詠元大9A購03  ,0,0,0,0,0,0,0,0,0,207000,0,0,0,250000,43000,207000,207000
063806,瀚宇博兆豐01購01,0,0,0,0,0,0,0,0,0,207000,0,0,0,271000,64000,207000,207000
4119,旭富            ,360000,402000,-42000,0,0,0,0,0,0,249000,5000,0,5000,253000,9000,244000,207000
07085P,超眾元富9C售01  ,0,0,0,0,0,0,0,0,0,206000,0,0,0,276000,70000,206000,206000
059761,國巨永豐99購06  ,0,0,0,0,0,0,0,0,0,206000,0,0,0,216000,10000,206000,206000
4967,十銓            ,393000,196000,197000,0,0,0,0,0,0,9000,9000,0,9000,0,0,0,206000
06845P,億光元大98售02  ,0,0,0,0,0,0,0,0,0,205000,0,0,0,215000,10000,205000,205000
056390,台積電富邦9B購01,0,0,0,0,0,0,0,0,0,205000,0,0,0,205000,0,205000,205000
055063,玉晶光永豐99購01,0,0,0,0,0,0,0,0,0,205000,0,0,0,339000,134000,205000,205000
065550,聯發科凱基01購07,0,0,0,0,0,0,0,0,0,205000,0,0,0,310000,105000,205000,205000
066584,滬深2X群益03購01,0,0,0,0,0,0,0,0,0,204000,0,0,0,217000,13000,204000,204000
066381,景碩康和01購01  ,0,0,0,0,0,0,0,0,0,204000,0,0,0,204000,0,204000,204000
063049,上海銀兆豐9B購01,0,0,0,0,0,0,0,0,0,203000,0,0,0,223000,20000,203000,203000
061261,台積電凱基9B購03,0,0,0,0,0,0,0,0,0,203000,0,0,0,241000,38000,203000,203000
065069,臺股指群益9C購17,0,0,0,0,0,0,0,0,0,203000,0,0,0,203000,0,203000,203000
08078P,聯發科國票9B售04,0,0,0,0,0,0,0,0,0,202000,0,0,0,202000,0,202000,202000
057176,全新元大99購02  ,0,0,0,0,0,0,0,0,0,202000,0,0,0,307000,105000,202000,202000
062906,全新元大9B購03  ,0,0,0,0,0,0,0,0,0,202000,0,0,0,266000,64000,202000,202000
064829,義隆統一01購02  ,0,0,0,0,0,0,0,0,0,202000,0,0,0,355000,153000,202000,202000
061398,力成中信9A購01  ,0,0,0,0,0,0,0,0,0,201000,0,0,0,215000,14000,201000,201000
064049,信邦統一01購01  ,0,0,0,0,0,0,0,0,0,201000,0,0,0,204000,3000,201000,201000
060493,美律元富01購01  ,0,0,0,0,0,0,0,0,0,201000,0,0,0,502000,301000,201000,201000
066290,台塑化元大01購01,0,0,0,0,0,0,0,0,0,201000,0,0,0,302000,101000,201000,201000
066474,微星麥證01購01  ,0,0,0,201000,0,201000,0,0,0,201000,0,0,0,201000,0,201000,201000
08507P,臺股指國票9C售08,0,0,0,0,0,0,0,0,0,200000,0,0,0,260000,60000,200000,200000
07129P,華新科元大99售14,0,0,0,0,0,0,0,0,0,200000,0,0,0,200000,0,200000,200000
07382P,台積電群益9B售01,0,0,0,0,0,0,0,0,0,200000,0,0,0,699000,499000,200000,200000
07308P,滬深2X凱基9A售01,0,0,0,0,0,0,0,0,0,200000,0,0,0,200000,0,200000,200000
066840,臺指反元大04購05,0,0,0,0,0,0,0,0,0,200000,0,0,0,200000,0,200000,200000
067199,滬深2X元大04購02,0,0,0,0,0,0,0,0,0,200000,0,0,0,200000,0,200000,200000
056764,友達元大9A購03  ,0,0,0,0,0,0,0,0,0,200000,0,0,0,200000,0,200000,200000
055036,中工富邦9B購01  ,0,0,0,0,0,0,0,0,0,200000,0,0,0,330000,130000,200000,200000
057646,玉山金元大98購01,0,0,0,0,0,0,0,0,0,200000,0,0,0,200000,0,200000,200000
062626,台積電國票9C購04,0,0,0,0,0,0,0,0,0,200000,0,0,0,200000,0,200000,200000
062822,力成兆豐9B購01  ,0,0,0,0,0,0,0,0,0,200000,0,0,0,200000,0,200000,200000
062219,燿華統一9B購01  ,0,0,0,0,0,0,0,0,0,200000,0,0,0,262000,62000,200000,200000
064329,國巨元大01購03  ,0,0,0,0,0,0,0,0,0,200000,0,0,0,200000,0,200000,200000
061351,智伸科元大9A購01,0,0,0,0,0,0,0,0,0,200000,0,0,0,200000,0,200000,200000
060121,新光金富邦99購01,0,0,0,0,0,0,0,0,0,200000,0,0,0,200000,0,200000,200000
066241,瑞祺富邦03購01  ,0,0,0,0,0,0,0,0,0,200000,0,0,0,200000,0,200000,200000
066360,致茂中信05購01  ,0,0,0,0,0,0,0,0,0,200000,0,0,0,203000,3000,200000,200000
063823,T50反1國票01購02,0,0,0,0,0,0,0,0,0,200000,0,0,0,200000,0,200000,200000
057713,美律統一99購01  ,0,0,0,0,0,0,0,0,0,199000,0,0,0,528000,329000,199000,199000
054800,訊芯群益99購01  ,0,0,0,0,0,0,0,0,0,199000,0,0,0,211000,12000,199000,199000
00830,國泰費城半導體  ,148000,0,148000,0,0,0,0,0,0,51000,0,0,0,172000,121000,51000,199000
063491,國巨富邦02購02  ,0,0,0,0,0,0,0,0,0,199000,0,0,0,225000,26000,199000,199000
064787,和潤群益9C購01  ,0,0,0,0,0,0,0,0,0,199000,0,0,0,199000,0,199000,199000
057798,貿聯兆豐99購01  ,0,0,0,0,0,0,0,0,0,198000,0,0,0,200000,2000,198000,198000
062755,茂林麥證9B購01  ,0,0,0,296000,98000,198000,0,0,0,198000,0,0,0,296000,98000,198000,198000
064809,冠德元大9C購01  ,0,0,0,0,0,0,0,0,0,198000,0,0,0,341000,143000,198000,198000
2101,南港            ,306000,120000,186000,0,0,0,0,0,0,11000,0,0,0,30000,19000,11000,197000
061490,茂林兆豐9B購01  ,0,0,0,0,0,0,0,0,0,197000,0,0,0,197000,0,197000,197000
064386,友達富邦01購01  ,0,0,0,0,0,0,0,0,0,197000,0,0,0,272000,75000,197000,197000
08412P,群創凱基01售03  ,0,0,0,0,0,0,0,0,0,196000,0,0,0,206000,10000,196000,196000
058516,健鼎元大99購02  ,0,0,0,0,0,0,0,0,0,196000,0,0,0,221000,25000,196000,196000
063809,矽創兆豐01購01  ,0,0,0,0,0,0,0,0,0,196000,0,0,0,283000,87000,196000,196000
06837P,上銀統一9A售02  ,0,0,0,0,0,0,0,0,0,195000,0,0,0,297000,102000,195000,195000
066348,松翰永豐01購01  ,0,0,0,0,0,0,0,0,0,195000,0,0,0,369000,174000,195000,195000
064250,亞光元富9C購01  ,0,0,0,0,0,0,0,0,0,194000,0,0,0,300000,106000,194000,194000
061197,矽創永豐9A購02  ,0,0,0,0,0,0,0,0,0,194000,0,0,0,302000,108000,194000,194000
064746,貿聯國票01購02  ,0,0,0,0,0,0,0,0,0,194000,0,0,0,222000,28000,194000,194000
08305P,茂林群益9C售01  ,0,0,0,0,0,0,0,0,0,193000,0,0,0,200000,7000,193000,193000
065580,鈺齊群益01購01  ,0,0,0,0,0,0,0,0,0,193000,0,0,0,198000,5000,193000,193000
08695P,嘉晶群益01售01  ,0,0,0,0,0,0,0,0,0,192000,0,0,0,196000,4000,192000,192000
057813,京元電元大98購03,0,0,0,0,0,0,0,0,0,192000,0,0,0,269000,77000,192000,192000
062975,京鼎元富9B購01  ,0,0,0,0,0,0,0,0,0,192000,0,0,0,226000,34000,192000,192000
053798,台積電中信98購02,0,0,0,0,0,0,0,0,0,191000,0,0,0,231000,40000,191000,191000
08104P,晶技元大9B售06  ,0,0,0,0,0,0,0,0,0,190000,0,0,0,190000,0,190000,190000
067425,京元電凱基01購01,0,0,0,0,0,0,0,0,0,190000,0,0,0,260000,70000,190000,190000
067211,聯發科元大01購19,0,0,0,0,0,0,0,0,0,190000,0,0,0,190000,0,190000,190000
062156,美律凱基9B購01  ,0,0,0,0,0,0,0,0,0,190000,0,0,0,208000,18000,190000,190000
910861,神州-DR         ,190000,0,190000,0,0,0,0,0,0,0,0,0,0,0,0,0,190000
3015,全漢            ,336000,146000,190000,0,0,0,0,0,0,0,0,0,0,0,0,0,190000
08200P,祥碩元大9B售08  ,0,0,0,0,0,0,0,0,0,189000,0,0,0,474000,285000,189000,189000
06485P,玉晶光群益9A售02,0,0,0,0,0,0,0,0,0,189000,0,0,0,336000,147000,189000,189000
065371,漢唐元大01購01  ,0,0,0,0,0,0,0,0,0,189000,0,0,0,260000,71000,189000,189000
08428P,GIS國票01售01   ,0,0,0,0,0,0,0,0,0,188000,0,0,0,221000,33000,188000,188000
1731,美吾華          ,722000,534000,188000,0,0,0,0,0,0,0,0,0,0,0,0,0,188000
065714,矽創群益9C購02  ,0,0,0,0,0,0,0,0,0,188000,0,0,0,198000,10000,188000,188000
08846P,上証2X群益03售03,0,0,0,0,0,0,0,0,0,187000,0,0,0,187000,0,187000,187000
08211P,台表科元富9B售03,0,0,0,0,0,0,0,0,0,187000,0,0,0,310000,123000,187000,187000
07466P,亞德客元大9A售02,0,0,0,0,0,0,0,0,0,187000,0,0,0,187000,0,187000,187000
056922,全新兆豐99購01  ,0,0,0,0,0,0,0,0,0,187000,0,0,0,207000,20000,187000,187000
08622P,緯創群益9C售03  ,0,0,0,0,0,0,0,0,0,186000,0,0,0,215000,29000,186000,186000
057009,信邦中信99購01  ,0,0,0,0,0,0,0,0,0,186000,0,0,0,197000,11000,186000,186000
065853,智伸科元大9C購02,0,0,0,0,0,0,0,0,0,186000,0,0,0,207000,21000,186000,186000
064836,群創統一9C購04  ,0,0,0,0,0,0,0,0,0,186000,0,0,0,186000,0,186000,186000
07174P,臺股指國票99售11,0,0,0,0,0,0,0,0,0,185000,0,0,0,185000,0,185000,185000
055399,超眾統一99購01  ,0,0,0,0,0,0,0,0,0,185000,0,0,0,185000,0,185000,185000
064796,緯穎國票01購01  ,0,0,0,0,0,0,0,0,0,185000,0,0,0,620000,435000,185000,185000
067402,茂林永豐01購01  ,0,0,0,0,0,0,0,0,0,184000,0,0,0,184000,0,184000,184000
063205,貿聯統一9C購01  ,0,0,0,0,0,0,0,0,0,184000,0,0,0,281000,97000,184000,184000
06333P,臺股指群益9C售02,0,0,0,0,0,0,0,0,0,184000,0,0,0,291000,107000,184000,184000
2608,嘉里大榮        ,245000,61000,184000,0,0,0,0,0,0,0,0,0,0,0,0,0,184000
058831,茂林永豐99購01  ,0,0,0,0,0,0,0,0,0,183000,0,0,0,183000,0,183000,183000
053759,晶相光國泰98購01,0,0,0,0,0,0,0,0,0,183000,0,0,0,185000,2000,183000,183000
065180,台表科元大9C購10,0,0,0,0,0,0,0,0,0,183000,0,0,0,331000,148000,183000,183000
066138,健策群益01購05  ,0,0,0,0,0,0,0,0,0,183000,0,0,0,183000,0,183000,183000
066719,滬深2X元大01購06,0,0,0,0,0,0,0,0,0,182000,0,0,0,478000,296000,182000,182000
062528,全新統一9C購01  ,0,0,0,0,0,0,0,0,0,182000,0,0,0,182000,0,182000,182000
060435,鈺齊永豐9A購01  ,0,0,0,0,0,0,0,0,0,182000,0,0,0,185000,3000,182000,182000
067266,義隆國泰03購01  ,0,0,0,0,0,0,0,0,0,181000,0,0,0,284000,103000,181000,181000
1515,力山            ,371000,205000,166000,0,0,0,0,0,0,15000,8000,5000,3000,50000,38000,12000,181000
061660,禾伸堂永豐9A購01,0,0,0,0,0,0,0,0,0,181000,0,0,0,191000,10000,181000,181000
08160P,茂林元富9B售03  ,0,0,0,0,0,0,0,0,0,180000,0,0,0,279000,99000,180000,180000
066679,微星兆豐01購01  ,0,0,0,0,0,0,0,0,0,180000,0,0,0,220000,40000,180000,180000
054828,正崴國泰99購01  ,0,0,0,0,0,0,0,0,0,180000,0,0,0,180000,0,180000,180000
051847,香港反中信99購01,0,0,0,0,0,0,0,0,0,180000,0,0,0,180000,0,180000,180000
063528,元大金凱基9B購01,0,0,0,0,0,0,0,0,0,180000,0,0,0,180000,0,180000,180000
060821,SP黃豆元大9A購02,0,0,0,0,0,0,0,0,0,180000,0,0,0,210000,30000,180000,180000
06284P,台積電國票98售03,0,0,0,0,0,0,0,0,0,180000,0,0,0,180000,0,180000,180000
064534,京元電國票01購01,0,0,0,0,0,0,0,0,0,180000,0,0,0,250000,70000,180000,180000
1229,聯華            ,443636,257000,186636,0,0,0,0,2000,-2000,-5000,0,0,0,0,5000,-5000,179636
08377P,臻鼎元富9C售02  ,0,0,0,0,0,0,0,0,0,179000,0,0,0,217000,38000,179000,179000
067367,台積電統一01購11,0,0,0,0,0,0,0,0,0,179000,0,0,0,259000,80000,179000,179000
054418,茂林元大97購01  ,0,0,0,0,0,0,0,0,0,179000,0,0,0,179000,0,179000,179000
057844,新日興永豐99購01,0,0,0,0,0,0,0,0,0,179000,0,0,0,200000,21000,179000,179000
065709,瀚宇博群益9C購01,0,0,0,0,0,0,0,0,0,179000,0,0,0,182000,3000,179000,179000
06949P,台表科元大99售01,0,0,0,0,0,0,0,0,0,178000,0,0,0,178000,0,178000,178000
066822,泰豐群益01購01  ,0,0,0,0,0,0,0,0,0,178000,0,0,0,194000,16000,178000,178000
00739,元大MSCI A股    ,34000,34000,0,0,0,0,0,0,0,178000,0,0,0,1179000,1001000,178000,178000
064518,華新科群益02購01,0,0,0,0,0,0,0,0,0,178000,0,0,0,178000,0,178000,178000
00646,元大S&P500      ,172,0,172,0,0,0,0,0,0,177000,0,0,0,237000,60000,177000,177172
1714,和桐            ,1304000,1127000,177000,0,0,0,0,0,0,0,0,0,0,0,0,0,177000
065952,聯發科統一03購02,0,0,0,0,0,0,0,0,0,177000,0,0,0,256000,79000,177000,177000
07950P,智邦元大9B售04  ,0,0,0,0,0,0,0,0,0,176000,0,0,0,182000,6000,176000,176000
067098,台積電群益01購10,0,0,0,0,0,0,0,0,0,176000,0,0,0,221000,45000,176000,176000
065147,寶成凱基01購01  ,0,0,0,0,0,0,0,0,0,176000,0,0,0,187000,11000,176000,176000
1795,美時            ,765000,370000,395000,0,0,0,0,220000,-220000,0,0,0,0,0,0,0,175000
052847,漢唐統一99購01  ,0,0,0,0,0,0,0,0,0,175000,0,0,0,175000,0,175000,175000
063225,茂林群益9B購04  ,0,0,0,0,0,0,0,0,0,175000,0,0,0,175000,0,175000,175000
064174,致新元富9C購02  ,0,0,0,0,0,0,0,0,0,175000,0,0,0,302000,127000,175000,175000
065764,康友元大9C購02  ,0,0,0,0,0,0,0,0,0,175000,0,0,0,275000,100000,175000,175000
006207,FH滬深          ,993000,10000,983000,0,0,0,0,0,0,-808112,0,0,0,423000,1231112,-808112,174888
061306,瑞祺永豐9A購02  ,0,0,0,0,0,0,0,0,0,174000,0,0,0,280000,106000,174000,174000
3704,合勤控          ,642000,514000,128000,0,0,0,0,0,0,46000,0,0,0,74000,28000,46000,174000
065842,技嘉元大9C購05  ,0,0,0,0,0,0,0,0,0,173000,0,0,0,392000,219000,173000,173000
065372,漢唐元大9C購02  ,0,0,0,0,0,0,0,0,0,173000,0,0,0,213000,40000,173000,173000
4943,康控-KY         ,741000,558000,183000,0,0,0,0,0,0,-10000,1000,1000,0,21000,31000,-10000,173000
056657,華邦電元大99購01,0,0,0,0,0,0,0,0,0,172000,0,0,0,173000,1000,172000,172000
063407,泰鼎國票9C購01  ,0,0,0,0,0,0,0,0,0,172000,0,0,0,258000,86000,172000,172000
064906,台表科群益9C購02,0,0,0,0,0,0,0,0,0,172000,0,0,0,245000,73000,172000,172000
064460,健策統一9C購03  ,0,0,0,0,0,0,0,0,0,172000,0,0,0,172000,0,172000,172000
066767,敦泰永豐01購02  ,0,0,0,0,0,0,0,0,0,171000,0,0,0,216000,45000,171000,171000
056517,茂林兆豐99購01  ,0,0,0,0,0,0,0,0,0,171000,0,0,0,171000,0,171000,171000
064708,帆宣永豐9C購01  ,0,0,0,0,0,0,0,0,0,171000,0,0,0,202000,31000,171000,171000
065140,國巨凱基01購02  ,0,0,0,0,0,0,0,0,0,171000,0,0,0,219000,48000,171000,171000
6226,光鼎            ,244000,74000,170000,0,0,0,0,0,0,1000,1000,0,1000,0,0,0,171000
067468,鴻海元大01購17  ,0,0,0,0,0,0,0,0,0,170000,0,0,0,170000,0,170000,170000
08511P,電子類富邦9C售02,0,0,0,0,0,0,0,0,0,170000,0,0,0,170000,0,170000,170000
061516,力成永豐9A購02  ,0,0,0,0,0,0,0,0,0,170000,0,0,0,271000,101000,170000,170000
061661,京鼎永豐9A購02  ,0,0,0,0,0,0,0,0,0,170000,0,0,0,170000,0,170000,170000
064940,智伸科元富9C購01,0,0,0,0,0,0,0,0,0,169000,0,0,0,270000,101000,169000,169000
2480,敦陽科          ,233000,62000,171000,0,0,0,0,1000,-1000,-2000,5000,0,5000,1000,8000,-7000,168000
066810,瀚宇博凱基02購01,0,0,0,0,0,0,0,0,0,168000,0,0,0,309000,141000,168000,168000
063244,華新科元大9B購11,0,0,0,0,0,0,0,0,0,168000,0,0,0,168000,0,168000,168000
062367,禾伸堂元大9B購02,0,0,0,0,0,0,0,0,0,168000,0,0,0,168000,0,168000,168000
062638,茂林國票9C購01  ,0,0,0,0,0,0,0,0,0,168000,0,0,0,168000,0,168000,168000
061124,微星永豐9A購02  ,0,0,0,0,0,0,0,0,0,168000,0,0,0,189000,21000,168000,168000
063640,貿聯元大9B購03  ,0,0,0,0,0,0,0,0,0,168000,0,0,0,168000,0,168000,168000
065484,康友元大9C購01  ,0,0,0,0,0,0,0,0,0,168000,0,0,0,168000,0,168000,168000
066468,申豐統一02購01  ,0,0,0,0,0,0,0,0,0,168000,0,0,0,640000,472000,168000,168000
1609,大亞            ,434000,266720,167280,0,0,0,0,0,0,0,0,0,0,0,0,0,167280
08776P,上証2X群益03售02,0,0,0,0,0,0,0,0,0,167000,0,0,0,178000,11000,167000,167000
08080P,祥碩國票9B售03  ,0,0,0,0,0,0,0,0,0,167000,0,0,0,282000,115000,167000,167000
00783,富邦中証500     ,201000,38000,163000,0,0,0,0,0,0,4000,0,0,0,1086000,1082000,4000,167000
060643,牧德永豐9A購03  ,0,0,0,0,0,0,0,0,0,167000,0,0,0,167000,0,167000,167000
062374,茂林元大9B購03  ,0,0,0,0,0,0,0,0,0,167000,0,0,0,167000,0,167000,167000
066418,京元電元大01購02,0,0,0,0,0,0,0,0,0,167000,0,0,0,172000,5000,167000,167000
066366,信邦中信02購01  ,0,0,0,0,0,0,0,0,0,167000,0,0,0,224000,57000,167000,167000
07946P,華通統一9B售02  ,0,0,0,0,0,0,0,0,0,166000,0,0,0,198000,32000,166000,166000
061454,國巨凱基9A購16  ,0,0,0,0,0,0,0,0,0,166000,0,0,0,178000,12000,166000,166000
064275,台光電元大9C購03,0,0,0,0,0,0,0,0,0,166000,0,0,0,312000,146000,166000,166000
066016,台表科元富01購02,0,0,0,0,0,0,0,0,0,166000,0,0,0,502000,336000,166000,166000
064981,致伸元大9C購01  ,0,0,0,0,0,0,0,0,0,166000,0,0,0,276000,110000,166000,166000
065100,聯茂元大9C購04  ,0,0,0,0,0,0,0,0,0,166000,0,0,0,250000,84000,166000,166000
08186P,泰碩永豐9B售03  ,0,0,0,0,0,0,0,0,0,165000,0,0,0,178000,13000,165000,165000
08425P,世紀鋼元富9C售03,0,0,0,0,0,0,0,0,0,165000,0,0,0,165000,0,165000,165000
08576P,嘉澤凱基9C售03  ,0,0,0,0,0,0,0,0,0,165000,0,0,0,176000,11000,165000,165000
058989,茂林凱基99購02  ,0,0,0,0,0,0,0,0,0,165000,0,0,0,200000,35000,165000,165000
063541,華擎元富9B購02  ,0,0,0,0,0,0,0,0,0,165000,0,0,0,302000,137000,165000,165000
065894,漢翔統一03購01  ,0,0,0,0,0,0,0,0,0,165000,0,0,0,165000,0,165000,165000
067052,帆宣凱基02購01  ,0,0,0,0,0,0,0,0,0,164000,0,0,0,164000,0,164000,164000
060922,金像電永豐9A購01,0,0,0,0,0,0,0,0,0,164000,0,0,0,240000,76000,164000,164000
08486P,富邦金群益9C售02,0,0,0,0,0,0,0,0,0,163000,0,0,0,221000,58000,163000,163000
08168P,金像電群益9B售03,0,0,0,0,0,0,0,0,0,162000,0,0,0,255000,93000,162000,162000
063271,中磊兆豐9C購01  ,0,0,0,0,0,0,0,0,0,162000,0,0,0,461000,299000,162000,162000
066489,京鼎元富04購01  ,0,0,0,0,0,0,0,0,0,162000,0,0,0,280000,118000,162000,162000
065289,冠德群益9C購01  ,0,0,0,0,0,0,0,0,0,162000,0,0,0,235000,73000,162000,162000
064928,同欣電統一01購02,0,0,0,0,0,0,0,0,0,162000,0,0,0,175000,13000,162000,162000
063626,聚陽元大9B購03  ,0,0,0,0,0,0,0,0,0,162000,0,0,0,351000,189000,162000,162000
6414,樺漢            ,285000,99000,186000,0,0,0,0,32000,-32000,8000,35000,19000,16000,3000,11000,-8000,162000
2049,上銀            ,369667,298399,71268,0,0,0,10000,0,10000,80000,38000,10000,28000,54000,2000,52000,161268
08086P,燿華凱基9B售03  ,0,0,0,0,0,0,0,0,0,161000,0,0,0,353000,192000,161000,161000
057982,帆宣永豐98購01  ,0,0,0,0,0,0,0,0,0,161000,0,0,0,166000,5000,161000,161000
06458P,玉晶光統一9A售02,0,0,0,0,0,0,0,0,0,161000,0,0,0,164000,3000,161000,161000
066549,京元電元大01購03,0,0,0,0,0,0,0,0,0,161000,0,0,0,240000,79000,161000,161000
3189,景碩            ,2057000,2664000,-607000,0,0,0,611000,0,611000,157000,187000,116000,71000,116000,30000,86000,161000
08375P,聯電元富9C售02  ,0,0,0,0,0,0,0,0,0,160000,0,0,0,262000,102000,160000,160000
060681,華擎元大9A購02  ,0,0,0,0,0,0,0,0,0,160000,0,0,0,221000,61000,160000,160000
065806,貿聯群益9C購05  ,0,0,0,0,0,0,0,0,0,160000,0,0,0,160000,0,160000,160000
066744,和碩元大01購02  ,0,0,0,0,0,0,0,0,0,159000,0,0,0,200000,41000,159000,159000
060632,可成富邦9B購01  ,0,0,0,0,0,0,0,0,0,158000,0,0,0,189000,31000,158000,158000
061675,華新科元大9A購23,0,0,0,0,0,0,0,0,0,158000,0,0,0,158000,0,158000,158000
065827,正崴凱基9C購01  ,0,0,0,0,0,0,0,0,0,158000,0,0,0,185000,27000,158000,158000
066817,瀚宇博兆豐03購01,0,0,0,0,0,0,0,0,0,157000,0,0,0,390000,233000,157000,157000
061764,旺宏元大9B購01  ,0,0,0,0,0,0,0,0,0,157000,0,0,0,227000,70000,157000,157000
064600,技嘉元富9C購01  ,0,0,0,0,0,0,0,0,0,157000,0,0,0,310000,153000,157000,157000
063233,國巨元大9B購19  ,0,0,0,0,0,0,0,0,0,156000,0,0,0,156000,0,156000,156000
064231,鴻海統一01購03  ,0,0,0,0,0,0,0,0,0,156000,0,0,0,287000,131000,156000,156000
064986,GIS元大9C購07   ,0,0,0,0,0,0,0,0,0,156000,0,0,0,347000,191000,156000,156000
065020,友達富邦01購02  ,0,0,0,0,0,0,0,0,0,156000,0,0,0,269000,113000,156000,156000
058431,國巨統一9B購01  ,0,0,0,0,0,0,0,0,0,155000,0,0,0,557000,402000,155000,155000
065825,鴻海凱基02購02  ,0,0,0,0,0,0,0,0,0,155000,0,0,0,409000,254000,155000,155000
066945,鴻海元大01購14  ,0,0,0,0,0,0,0,0,0,154000,0,0,0,200000,46000,154000,154000
08395P,燿華永豐9C售02  ,0,0,0,0,0,0,0,0,0,154000,0,0,0,154000,0,154000,154000
07917P,可成永豐9B售01  ,0,0,0,0,0,0,0,0,0,154000,0,0,0,154000,0,154000,154000
060653,全新群益9A購02  ,0,0,0,0,0,0,0,0,0,154000,0,0,0,176000,22000,154000,154000
062778,國巨元大9B購17  ,0,0,0,0,0,0,0,0,0,154000,0,0,0,171000,17000,154000,154000
062480,茂林國票9B購01  ,0,0,0,0,0,0,0,0,0,154000,0,0,0,178000,24000,154000,154000
065646,健鼎元大9C購04  ,0,0,0,0,0,0,0,0,0,154000,0,0,0,392000,238000,154000,154000
066673,緯穎凱基02購01  ,0,0,0,0,0,0,0,0,0,153000,0,0,0,154000,1000,153000,153000
067257,帆宣國票02購01  ,0,0,0,0,0,0,0,0,0,153000,0,0,0,153000,0,153000,153000
063227,祥碩群益9B購06  ,0,0,0,0,0,0,0,0,0,153000,0,0,0,163000,10000,153000,153000
057848,台表科永豐98購02,0,0,0,0,0,0,0,0,0,153000,0,0,0,153000,0,153000,153000
065917,全新凱基02購01  ,0,0,0,0,0,0,0,0,0,153000,0,0,0,197000,44000,153000,153000
066314,台橡永豐01購01  ,0,0,0,0,0,0,0,0,0,153000,0,0,0,153000,0,153000,153000
08339P,上銀統一9C售04  ,0,0,0,0,0,0,0,0,0,152000,0,0,0,152000,0,152000,152000
060677,京元電元大9A購04,0,0,0,0,0,0,0,0,0,152000,0,0,0,222000,70000,152000,152000
061355,康友元大9A購03  ,0,0,0,0,0,0,0,0,0,152000,0,0,0,168000,16000,152000,152000
065846,華新科元大03購01,0,0,0,0,0,0,0,0,0,152000,0,0,0,220000,68000,152000,152000
064533,技嘉國票01購01  ,0,0,0,0,0,0,0,0,0,152000,0,0,0,152000,0,152000,152000
08289P,智邦統一9C售01  ,0,0,0,0,0,0,0,0,0,151000,0,0,0,151000,0,151000,151000
1513,中興電          ,527000,376000,151000,0,0,0,0,0,0,0,16000,16000,0,0,0,0,151000
063592,瑞祺永豐9B購02  ,0,0,0,0,0,0,0,0,0,151000,0,0,0,153000,2000,151000,151000
065126,世芯永豐9C購02  ,0,0,0,0,0,0,0,0,0,151000,0,0,0,276000,125000,151000,151000
8103,瀚荃            ,244000,93000,151000,0,0,0,0,0,0,0,0,0,0,0,0,0,151000
08440P,玉晶光國票01售05,0,0,0,0,0,0,0,0,0,150000,0,0,0,489000,339000,150000,150000
066943,FBVIX元大04購01 ,0,0,0,0,0,0,0,0,0,150000,0,0,0,150000,0,150000,150000
06783P,亞光元大98售03  ,0,0,0,0,0,0,0,0,0,150000,0,0,0,150000,0,150000,150000
058911,茂林元大99購04  ,0,0,0,0,0,0,0,0,0,150000,0,0,0,154000,4000,150000,150000
056955,台灣50永豐98購01,0,0,0,0,0,0,0,0,0,150000,0,0,0,150000,0,150000,150000
056089,同欣電統一98購01,0,0,0,0,0,0,0,0,0,150000,0,0,0,350000,200000,150000,150000
056138,群創元大9B購01  ,0,0,0,0,0,0,0,0,0,150000,0,0,0,150000,0,150000,150000
061069,嘉聯益凱基9A購01,0,0,0,0,0,0,0,0,0,150000,0,0,0,150000,0,150000,150000
061189,可成富邦9B購02  ,0,0,0,0,0,0,0,0,0,150000,0,0,0,150000,0,150000,150000
063516,香港反凱基03購01,0,0,0,0,0,0,0,0,0,150000,0,0,0,150000,0,150000,150000
064033,茂林元大9C購02  ,0,0,0,0,0,0,0,0,0,150000,0,0,0,238000,88000,150000,150000
065963,鴻海元大01購05  ,0,0,0,0,0,0,0,0,0,150000,0,0,0,150000,0,150000,150000
08011P,玉晶光元大9B售05,0,0,0,0,0,0,0,0,0,149000,0,0,0,274000,125000,149000,149000
08824P,微星元大01售03  ,0,0,0,0,0,0,0,0,0,149000,0,0,0,275000,126000,149000,149000
061913,宏碁中信9B購01  ,0,0,0,0,0,0,0,0,0,149000,0,0,0,185000,36000,149000,149000
065902,燿華富邦02購01  ,0,0,0,0,0,0,0,0,0,148000,0,0,0,150000,2000,148000,148000
065656,聯發科國泰03購01,0,0,0,0,0,0,0,0,0,148000,0,0,0,162000,14000,148000,148000
3023,信邦            ,298445,103000,195445,0,0,0,0,26000,-26000,-22000,10000,15000,-5000,5000,22000,-17000,147445
067206,台積電元大01購23,0,0,0,0,0,0,0,0,0,147000,0,0,0,739000,592000,147000,147000
060363,美律元富9A購01  ,0,0,0,0,0,0,0,0,0,147000,0,0,0,268000,121000,147000,147000
060130,瀚宇博永豐99購02,0,0,0,0,0,0,0,0,0,147000,0,0,0,190000,43000,147000,147000
065808,力成群益9C購02  ,0,0,0,0,0,0,0,0,0,147000,0,0,0,149000,2000,147000,147000
5215,科嘉-KY         ,533000,422000,111000,0,0,0,20000,2000,18000,18000,19000,1000,18000,0,0,0,147000
07799P,南電國票9A售04  ,0,0,0,0,0,0,0,0,0,146000,0,0,0,146000,0,146000,146000
08557P,臺股指中信01售09,0,0,0,0,0,0,0,0,0,146000,0,0,0,180000,34000,146000,146000
08595P,南電群益9C售03  ,0,0,0,0,0,0,0,0,0,146000,0,0,0,156000,10000,146000,146000
057961,茂林元大9A購01  ,0,0,0,0,0,0,0,0,0,146000,0,0,0,282000,136000,146000,146000
063321,泰鼎群益9B購03  ,0,0,0,0,0,0,0,0,0,146000,0,0,0,195000,49000,146000,146000
065791,牧德永豐9C購03  ,0,0,0,0,0,0,0,0,0,146000,0,0,0,146000,0,146000,146000
066600,瀚宇博國泰03購01,0,0,0,0,0,0,0,0,0,146000,0,0,0,221000,75000,146000,146000
064703,T50反1國泰01購01,0,0,0,0,0,0,0,0,0,146000,0,0,0,442000,296000,146000,146000
064904,茂林群益9C購02  ,0,0,0,0,0,0,0,0,0,146000,0,0,0,254000,108000,146000,146000
067009,樺漢永豐01購01  ,0,0,0,0,0,0,0,0,0,145000,0,0,0,213000,68000,145000,145000
061413,台勝科群益9A購01,0,0,0,0,0,0,0,0,0,145000,0,0,0,255000,110000,145000,145000
1216,統一            ,1621999,1424182,197817,0,0,0,0,55000,-55000,2000,4000,0,4000,0,2000,-2000,144817
08060P,嘉澤元大9B售01  ,0,0,0,0,0,0,0,0,0,144000,0,0,0,144000,0,144000,144000
057466,泰鼎永豐98購01  ,0,0,0,0,0,0,0,0,0,144000,0,0,0,176000,32000,144000,144000
00670L,富邦NASDAQ正2   ,1000,1000,0,0,0,0,0,0,0,144000,2000,0,2000,368000,226000,142000,144000
062262,茂林元大9B購02  ,0,0,0,0,0,0,0,0,0,144000,0,0,0,147000,3000,144000,144000
062633,亞光國票9B購01  ,0,0,0,0,0,0,0,0,0,144000,0,0,0,221000,77000,144000,144000
063950,信邦元大9C購01  ,0,0,0,0,0,0,0,0,0,144000,0,0,0,577000,433000,144000,144000
063804,華邦電兆豐01購01,0,0,0,0,0,0,0,0,0,144000,0,0,0,182000,38000,144000,144000
062776,鴻海元大9B購03  ,0,0,0,0,0,0,0,0,0,143000,0,0,0,302000,159000,143000,143000
061844,T50反1國票9C購02,0,0,0,0,0,0,0,0,0,142000,0,0,0,270000,128000,142000,142000
063576,台表科元大9B購08,0,0,0,0,0,0,0,0,0,142000,0,0,0,351000,209000,142000,142000
065967,國巨元大01購07  ,0,0,0,0,0,0,0,0,0,142000,0,0,0,142000,0,142000,142000
066838,致新群益02購02  ,0,0,0,0,0,0,0,0,0,141000,0,0,0,297000,156000,141000,141000
066699,台積電群益01購08,0,0,0,0,0,0,0,0,0,141000,0,0,0,246000,105000,141000,141000
058323,泰鼎永豐9A購01  ,0,0,0,0,0,0,0,0,0,141000,0,0,0,153000,12000,141000,141000
060978,國巨元大9A購13  ,0,0,0,0,0,0,0,0,0,141000,0,0,0,141000,0,141000,141000
067011,嘉基永豐01購03  ,0,0,0,0,0,0,0,0,0,140000,0,0,0,240000,100000,140000,140000
07576P,可成元大9A售01  ,0,0,0,0,0,0,0,0,0,140000,0,0,0,140000,0,140000,140000
08057P,京鼎群益9B售01  ,0,0,0,0,0,0,0,0,0,140000,0,0,0,260000,120000,140000,140000
07939P,台積電統一9B售14,0,0,0,0,0,0,0,0,0,140000,0,0,0,190000,50000,140000,140000
08207P,金像電群益9B售05,0,0,0,0,0,0,0,0,0,140000,0,0,0,296000,156000,140000,140000
058019,美律凱基99購04  ,0,0,0,0,0,0,0,0,0,140000,0,0,0,172000,32000,140000,140000
065456,義隆元富9C購03  ,0,0,0,0,0,0,0,0,0,140000,0,0,0,195000,55000,140000,140000
063997,泰鼎群益9C購01  ,0,0,0,0,0,0,0,0,0,140000,0,0,0,199000,59000,140000,140000
065079,致茂元大9C購01  ,0,0,0,0,0,0,0,0,0,140000,0,0,0,168000,28000,140000,140000
9921,巨大            ,1340776,934000,406776,0,0,0,0,261000,-261000,-6000,0,5000,-5000,7000,8000,-1000,139776
06813P,友訊元富98售03  ,0,0,0,0,0,0,0,0,0,139000,0,0,0,203000,64000,139000,139000
067055,上証2X元大01購03,0,0,0,0,0,0,0,0,0,139000,0,0,0,170000,31000,139000,139000
058351,上銀凱基9A購02  ,0,0,0,0,0,0,0,0,0,139000,0,0,0,200000,61000,139000,139000
064384,聯電富邦01購01  ,0,0,0,0,0,0,0,0,0,139000,0,0,0,139000,0,139000,139000
061259,台積電凱基9A購21,0,0,0,0,0,0,0,0,0,139000,0,0,0,140000,1000,139000,139000
066181,泰鼎凱基01購01  ,0,0,0,0,0,0,0,0,0,139000,0,0,0,161000,22000,139000,139000
07459P,緯穎元大9A售01  ,0,0,0,0,0,0,0,0,0,138000,0,0,0,218000,80000,138000,138000
056376,玉晶光統一98購01,0,0,0,0,0,0,0,0,0,138000,0,0,0,138000,0,138000,138000
062751,華擎中信9C購01  ,0,0,0,0,0,0,0,0,0,138000,0,0,0,194000,56000,138000,138000
061822,和潤群益9B購01  ,0,0,0,0,0,0,0,0,0,138000,0,0,0,143000,5000,138000,138000
065374,義隆元大9C購07  ,0,0,0,0,0,0,0,0,0,138000,0,0,0,193000,55000,138000,138000
064670,智伸科元大9C購01,0,0,0,0,0,0,0,0,0,138000,0,0,0,138000,0,138000,138000
064659,台達電元大9C購02,0,0,0,0,0,0,0,0,0,138000,0,0,0,176000,38000,138000,138000
2395,研華            ,241778,101399,140379,0,0,0,0,3000,-3000,0,0,0,0,0,0,0,137379
066783,友達中信01購04  ,0,0,0,0,0,0,0,0,0,137000,0,0,0,173000,36000,137000,137000
08752P,長榮航群益01售01,0,0,0,0,0,0,0,0,0,136000,0,0,0,136000,0,136000,136000
057390,台表科永豐98購01,0,0,0,0,0,0,0,0,0,136000,0,0,0,181000,45000,136000,136000
058456,京鼎永豐99購01  ,0,0,0,0,0,0,0,0,0,136000,0,0,0,150000,14000,136000,136000
062652,上証2X永豐9B購01,0,0,0,0,0,0,0,0,0,136000,0,0,0,236000,100000,136000,136000
066083,鴻海富邦02購01  ,0,0,0,0,0,0,0,0,0,136000,0,0,0,136000,0,136000,136000
06997P,台灣50中信03售01,0,0,0,0,0,0,0,0,0,135000,0,0,0,145000,10000,135000,135000
061694,玉山金群益9A購01,0,0,0,0,0,0,0,0,0,135000,0,0,0,192000,57000,135000,135000
064362,友達統一01購02  ,0,0,0,0,0,0,0,0,0,135000,0,0,0,138000,3000,135000,135000
060686,康友元大9A購02  ,0,0,0,0,0,0,0,0,0,135000,0,0,0,229000,94000,135000,135000
066044,京元電元大01購01,0,0,0,0,0,0,0,0,0,135000,0,0,0,248000,113000,135000,135000
064453,微星統一02購01  ,0,0,0,0,0,0,0,0,0,135000,0,0,0,417000,282000,135000,135000
064856,GIS國泰02購01   ,0,0,0,0,0,0,0,0,0,135000,0,0,0,202000,67000,135000,135000
066977,鴻海群益02購01  ,0,0,0,0,0,0,0,0,0,134000,0,0,0,206000,72000,134000,134000
08093P,英業達元富9B售02,0,0,0,0,0,0,0,0,0,134000,0,0,0,144000,10000,134000,134000
053860,台積電元大98購03,0,0,0,0,0,0,0,0,0,134000,0,0,0,134000,0,134000,134000
063450,華新科統一02購01,0,0,0,0,0,0,0,0,0,134000,0,0,0,249000,115000,134000,134000
064774,聚陽群益9C購04  ,0,0,0,0,0,0,0,0,0,134000,0,0,0,179000,45000,134000,134000
063941,國巨元大9C購12  ,0,0,0,0,0,0,0,0,0,134000,0,0,0,154000,20000,134000,134000
065934,智邦群益01購02  ,0,0,0,0,0,0,0,0,0,134000,0,0,0,134000,0,134000,134000
08056P,華通群益9B售06  ,0,0,0,0,0,0,0,0,0,133000,0,0,0,143000,10000,133000,133000
03688C,T50反1凱基03牛02,0,0,0,0,0,0,0,0,0,133000,0,0,0,375000,242000,133000,133000
057394,台積電中信9C購02,0,0,0,0,0,0,0,0,0,133000,0,0,0,154000,21000,133000,133000
057057,立積元大9A購01  ,0,0,0,0,0,0,0,0,0,133000,0,0,0,143000,10000,133000,133000
056723,國巨中信9A購01  ,0,0,0,0,0,0,0,0,0,133000,0,0,0,135000,2000,133000,133000
055415,禾伸堂富邦9B購01,0,0,0,0,0,0,0,0,0,133000,0,0,0,220000,87000,133000,133000
058655,鴻海中信03購02  ,0,0,0,0,0,0,0,0,0,133000,0,0,0,159000,26000,133000,133000
062498,華通群益9C購04  ,0,0,0,0,0,0,0,0,0,133000,0,0,0,350000,217000,133000,133000
066074,文曄凱基01購01  ,0,0,0,0,0,0,0,0,0,133000,0,0,0,340000,207000,133000,133000
064950,美律凱基02購01  ,0,0,0,0,0,0,0,0,0,133000,0,0,0,182000,49000,133000,133000
6715,嘉基            ,240000,101000,139000,0,0,0,0,0,0,-6000,0,0,0,6000,12000,-6000,133000
066831,亞光群益01購01  ,0,0,0,0,0,0,0,0,0,132000,0,0,0,132000,0,132000,132000
067172,台積電兆豐03購02,0,0,0,0,0,0,0,0,0,132000,0,0,0,328000,196000,132000,132000
063542,泰鼎元富9B購02  ,0,0,0,0,0,0,0,0,0,132000,0,0,0,271000,139000,132000,132000
08648P,健策凱基9C售05  ,0,0,0,0,0,0,0,0,0,131000,0,0,0,156000,25000,131000,131000
057570,技嘉永豐98購02  ,0,0,0,0,0,0,0,0,0,131000,0,0,0,165000,34000,131000,131000
062185,禾伸堂元大9B購01,0,0,0,0,0,0,0,0,0,131000,0,0,0,200000,69000,131000,131000
07978P,茂林群益9B售02  ,0,0,0,0,0,0,0,0,0,130000,0,0,0,140000,10000,130000,130000
08127P,聯發科元大9B售21,0,0,0,0,0,0,0,0,0,130000,0,0,0,130000,0,130000,130000
07577P,華新科元大9A售09,0,0,0,0,0,0,0,0,0,130000,0,0,0,150000,20000,130000,130000
056574,亞光元大99購03  ,0,0,0,0,0,0,0,0,0,130000,0,0,0,150000,20000,130000,130000
062308,旺宏凱基9B購04  ,0,0,0,0,0,0,0,0,0,130000,0,0,0,130000,0,130000,130000
064597,鴻海元富9C購03  ,0,0,0,0,0,0,0,0,0,130000,0,0,0,4938000,4808000,130000,130000
063670,美食統一9C購01  ,0,0,0,0,0,0,0,0,0,130000,0,0,0,130000,0,130000,130000
063692,華擎永豐9B購02  ,0,0,0,0,0,0,0,0,0,130000,0,0,0,200000,70000,130000,130000
6166,凌華            ,214000,77000,137000,0,0,0,0,0,0,-7000,0,2000,-2000,0,5000,-5000,130000
07768P,緯穎群益9A售02  ,0,0,0,0,0,0,0,0,0,129000,0,0,0,148000,19000,129000,129000
058156,超眾統一9A購02  ,0,0,0,0,0,0,0,0,0,129000,0,0,0,225000,96000,129000,129000
062750,可成中信9B購01  ,0,0,0,0,0,0,0,0,0,129000,0,0,0,129000,0,129000,129000
066604,台郡富邦04購01  ,0,0,0,0,0,0,0,0,0,129000,0,0,0,373000,244000,129000,129000
5269,祥碩            ,478000,306092,171908,0,0,0,5000,68000,-63000,20000,34000,12000,22000,1000,3000,-2000,128908
08693P,宏達電群益01售02,0,0,0,0,0,0,0,0,0,128000,0,0,0,148000,20000,128000,128000
08730P,緯穎永豐01售02  ,0,0,0,0,0,0,0,0,0,128000,0,0,0,128000,0,128000,128000
07059P,華通國票9A售02  ,0,0,0,0,0,0,0,0,0,127000,0,0,0,217000,90000,127000,127000
061379,鈺齊永豐9A購02  ,0,0,0,0,0,0,0,0,0,127000,0,0,0,196000,69000,127000,127000
066157,晶碩康和01購01  ,0,0,0,0,0,0,0,0,0,127000,0,0,0,147000,20000,127000,127000
066237,京鼎富邦04購01  ,0,0,0,0,0,0,0,0,0,127000,0,0,0,218000,91000,127000,127000
08239P,南六永豐9B售03  ,0,0,0,0,0,0,0,0,0,126000,0,0,0,139000,13000,126000,126000
062637,智易國票9B購01  ,0,0,0,0,0,0,0,0,0,126000,0,0,0,187000,61000,126000,126000
066136,景碩群益01購02  ,0,0,0,0,0,0,0,0,0,126000,0,0,0,224000,98000,126000,126000
07512P,國巨元大9A售08  ,0,0,0,0,0,0,0,0,0,125000,0,0,0,125000,0,125000,125000
00762,元大全球AI      ,0,1000,-1000,0,0,0,0,0,0,126000,0,0,0,126000,0,126000,125000
062451,瀚宇博元大9B購02,0,0,0,0,0,0,0,0,0,125000,0,0,0,125000,0,125000,125000
062419,台積電統一9B購15,0,0,0,0,0,0,0,0,0,125000,0,0,0,425000,300000,125000,125000
066449,瀚宇博群益01購01,0,0,0,0,0,0,0,0,0,125000,0,0,0,157000,32000,125000,125000
064847,金像電元富9C購01,0,0,0,0,0,0,0,0,0,125000,0,0,0,366000,241000,125000,125000
063859,國巨國泰01購03  ,0,0,0,0,0,0,0,0,0,124000,0,0,0,190000,66000,124000,124000
060364,奇力新元富9A購01,0,0,0,0,0,0,0,0,0,124000,0,0,0,195000,71000,124000,124000
065402,漢唐國泰02購01  ,0,0,0,0,0,0,0,0,0,124000,0,0,0,124000,0,124000,124000
06602P,國巨統一99售02  ,0,0,0,0,0,0,0,0,0,124000,0,0,0,124000,0,124000,124000
066991,訊芯群益01購01  ,0,0,0,0,0,0,0,0,0,123000,0,0,0,221000,98000,123000,123000
08543P,世芯國票01售02  ,0,0,0,0,0,0,0,0,0,123000,0,0,0,247000,124000,123000,123000
063139,聯發科統一9B購07,0,0,0,0,0,0,0,0,0,123000,0,0,0,134000,11000,123000,123000
058377,茂林凱基9A購03  ,0,0,0,0,0,0,0,0,0,123000,0,0,0,178000,55000,123000,123000
064162,貿聯統一02購01  ,0,0,0,0,0,0,0,0,0,123000,0,0,0,187000,64000,123000,123000
062093,台積電富邦9C購11,0,0,0,0,0,0,0,0,0,123000,0,0,0,123000,0,123000,123000
061734,全新中信9B購02  ,0,0,0,0,0,0,0,0,0,123000,0,0,0,123000,0,123000,123000
065763,台表科元大9C購14,0,0,0,0,0,0,0,0,0,123000,0,0,0,236000,113000,123000,123000
066522,建準中信01購01  ,0,0,0,0,0,0,0,0,0,123000,0,0,0,133000,10000,123000,123000
3532,台勝科          ,318000,149000,169000,0,0,0,35000,0,35000,-81904,0,2000,-2000,1000,80904,-79904,122096
066938,敦泰國票02購01  ,0,0,0,0,0,0,0,0,0,122000,0,0,0,173000,51000,122000,122000
07789P,緯穎群益9A售03  ,0,0,0,0,0,0,0,0,0,122000,0,0,0,128000,6000,122000,122000
05894P,友達群益98售02  ,0,0,0,0,0,0,0,0,0,122000,0,0,0,258000,136000,122000,122000
062407,同欣電永豐9B購01,0,0,0,0,0,0,0,0,0,122000,0,0,0,122000,0,122000,122000
063477,訊芯元大9B購01  ,0,0,0,0,0,0,0,0,0,122000,0,0,0,195000,73000,122000,122000
064222,玉山金國票01購01,0,0,0,0,0,0,0,0,0,122000,0,0,0,157000,35000,122000,122000
065551,聯發科凱基9C購11,0,0,0,0,0,0,0,0,0,122000,0,0,0,163000,41000,122000,122000
063360,茂林國泰9C購02  ,0,0,0,0,0,0,0,0,0,121000,0,0,0,167000,46000,121000,121000
063355,超眾元富9B購01  ,0,0,0,0,0,0,0,0,0,121000,0,0,0,121000,0,121000,121000
064334,可成元大01購01  ,0,0,0,0,0,0,0,0,0,121000,0,0,0,138000,17000,121000,121000
08199P,大毅元大9B售02  ,0,0,0,0,0,0,0,0,0,120000,0,0,0,120000,0,120000,120000
07989P,玉晶光凱基9B售07,0,0,0,0,0,0,0,0,0,120000,0,0,0,140000,20000,120000,120000
057835,華擎元富9B購01  ,0,0,0,0,0,0,0,0,0,120000,0,0,0,211000,91000,120000,120000
057699,可成群益9A購02  ,0,0,0,0,0,0,0,0,0,120000,0,0,0,120000,0,120000,120000
01009T,王道圓滿R1      ,0,0,0,0,0,0,0,0,0,120000,120000,0,120000,0,0,0,120000
054072,台積電富邦98購02,0,0,0,0,0,0,0,0,0,120000,0,0,0,170000,50000,120000,120000
056983,大立光群益99購02,0,0,0,0,0,0,0,0,0,120000,0,0,0,120000,0,120000,120000
056724,臻鼎中信9A購01  ,0,0,0,0,0,0,0,0,0,120000,0,0,0,313000,193000,120000,120000
060826,牧德元大9B購02  ,0,0,0,0,0,0,0,0,0,120000,0,0,0,120000,0,120000,120000
061949,大立光群益9B購03,0,0,0,0,0,0,0,0,0,120000,0,0,0,120000,0,120000,120000
066529,巨大統一03購01  ,0,0,0,0,0,0,0,0,0,120000,0,0,0,225000,105000,120000,120000
063824,S&P反1國票9C購01,0,0,0,0,0,0,0,0,0,120000,0,0,0,120000,0,120000,120000
064562,友達群益9C購03  ,0,0,0,0,0,0,0,0,0,120000,0,0,0,120000,0,120000,120000
3062,建漢            ,396000,276000,120000,0,0,0,0,0,0,0,0,0,0,0,0,0,120000
4934,太極            ,261000,141218,119782,0,0,0,0,0,0,0,0,0,0,0,0,0,119782
08300P,世芯國票01售01  ,0,0,0,0,0,0,0,0,0,119000,0,0,0,202000,83000,119000,119000
08374P,緯穎凱基9C售01  ,0,0,0,0,0,0,0,0,0,119000,0,0,0,172000,53000,119000,119000
057042,台積電元大98購10,0,0,0,0,0,0,0,0,0,119000,0,0,0,119000,0,119000,119000
00640L,富邦日本正2     ,10000,7000,3000,0,0,0,0,0,0,116000,0,0,0,196000,80000,116000,119000
065930,矽格國票02購01  ,0,0,0,0,0,0,0,0,0,119000,0,0,0,119000,0,119000,119000
4536,拓凱            ,273000,50000,223000,0,0,0,30000,20000,10000,-114000,54000,156000,-102000,2000,14000,-12000,119000
067152,義隆統一02購03  ,0,0,0,0,0,0,0,0,0,118000,0,0,0,118000,0,118000,118000
056356,台積電元大99購01,0,0,0,0,0,0,0,0,0,118000,0,0,0,123000,5000,118000,118000
061270,彩晶凱基9A購02  ,0,0,0,0,0,0,0,0,0,118000,0,0,0,218000,100000,118000,118000
061113,南電元大9A購03  ,0,0,0,0,0,0,0,0,0,118000,0,0,0,120000,2000,118000,118000
08351P,南六國票01售02  ,0,0,0,0,0,0,0,0,0,117000,0,0,0,392000,275000,117000,117000
07864P,可成元大9B售01  ,0,0,0,0,0,0,0,0,0,117000,0,0,0,117000,0,117000,117000
063283,華新科元大9C購03,0,0,0,0,0,0,0,0,0,117000,0,0,0,193000,76000,117000,117000
066414,鴻海元大01購07  ,0,0,0,0,0,0,0,0,0,117000,0,0,0,370000,253000,117000,117000
067102,聯發科群益01購03,0,0,0,0,0,0,0,0,0,116000,0,0,0,117000,1000,116000,116000
067006,德律永豐01購02  ,0,0,0,0,0,0,0,0,0,116000,0,0,0,116000,0,116000,116000
060161,牧德永豐9A購02  ,0,0,0,0,0,0,0,0,0,116000,0,0,0,116000,0,116000,116000
066204,京鼎統一02購01  ,0,0,0,0,0,0,0,0,0,116000,0,0,0,126000,10000,116000,116000
066287,訊芯元大01購01  ,0,0,0,0,0,0,0,0,0,116000,0,0,0,207000,91000,116000,116000
067304,義隆元大01購05  ,0,0,0,0,0,0,0,0,0,115000,0,0,0,120000,5000,115000,115000
056448,全新凱基99購01  ,0,0,0,0,0,0,0,0,0,115000,0,0,0,115000,0,115000,115000
00643,群益深証中小    ,429000,176000,253000,0,0,0,0,0,0,-138000,30000,30000,0,1083000,1221000,-138000,115000
050400,臻鼎中信97購01  ,0,0,0,0,0,0,0,0,0,115000,0,0,0,115000,0,115000,115000
055249,大毅統一99購01  ,0,0,0,0,0,0,0,0,0,115000,0,0,0,115000,0,115000,115000
058361,美律凱基99購06  ,0,0,0,0,0,0,0,0,0,115000,0,0,0,125000,10000,115000,115000
066806,京鼎凱基02購01  ,0,0,0,0,0,0,0,0,0,114000,0,0,0,114000,0,114000,114000
063080,裕隆凱基9B購01  ,0,0,0,0,0,0,0,0,0,114000,0,0,0,174000,60000,114000,114000
057347,國巨統一9A購03  ,0,0,0,0,0,0,0,0,0,114000,0,0,0,375000,261000,114000,114000
063295,京元電麥證9B購01,0,0,0,134000,20000,114000,0,0,0,114000,0,0,0,134000,20000,114000,114000
063739,台勝科元大9B購03,0,0,0,0,0,0,0,0,0,114000,0,0,0,213000,99000,114000,114000
3027,盛達            ,243000,129000,114000,0,0,0,0,0,0,0,0,0,0,0,0,0,114000
066856,致新元大01購01  ,0,0,0,0,0,0,0,0,0,113000,0,0,0,115000,2000,113000,113000
07559P,祥碩元大9A售03  ,0,0,0,0,0,0,0,0,0,113000,0,0,0,113000,0,113000,113000
063448,聯發科統一9C購11,0,0,0,0,0,0,0,0,0,113000,0,0,0,150000,37000,113000,113000
065333,冠德國票01購01  ,0,0,0,0,0,0,0,0,0,113000,0,0,0,134000,21000,113000,113000
066636,健策凱基01購02  ,0,0,0,0,0,0,0,0,0,113000,0,0,0,113000,0,113000,113000
057240,茂林凱基9A購01  ,0,0,0,0,0,0,0,0,0,112000,0,0,0,112000,0,112000,112000
058149,百和元大99購02  ,0,0,0,0,0,0,0,0,0,112000,0,0,0,112000,0,112000,112000
058140,臻鼎元大99購02  ,0,0,0,0,0,0,0,0,0,112000,0,0,0,150000,38000,112000,112000
062974,奇力新元富9B購01,0,0,0,0,0,0,0,0,0,112000,0,0,0,112000,0,112000,112000
061901,柏文永豐9B購01  ,0,0,0,0,0,0,0,0,0,112000,0,0,0,157000,45000,112000,112000
062336,茂林統一01購02  ,0,0,0,0,0,0,0,0,0,112000,0,0,0,112000,0,112000,112000
060017,全新康和99購01  ,0,0,0,0,0,0,0,0,0,112000,0,0,0,112000,0,112000,112000
066273,晶技元大01購02  ,0,0,0,0,0,0,0,0,0,112000,0,0,0,179000,67000,112000,112000
066265,精元元大01購01  ,0,0,0,0,0,0,0,0,0,112000,0,0,0,220000,108000,112000,112000
063664,漢唐統一9C購01  ,0,0,0,0,0,0,0,0,0,112000,0,0,0,112000,0,112000,112000
064563,全新群益02購01  ,0,0,0,0,0,0,0,0,0,112000,0,0,0,243000,131000,112000,112000
07944P,華新科元大9B售08,0,0,0,0,0,0,0,0,0,111000,0,0,0,111000,0,111000,111000
1773,勝一            ,222000,97000,125000,0,0,0,0,0,0,-14000,1000,15000,-14000,0,0,0,111000
063408,茂林國票9C購02  ,0,0,0,0,0,0,0,0,0,111000,0,0,0,146000,35000,111000,111000
059083,華通元大99購07  ,0,0,0,0,0,0,0,0,0,111000,0,0,0,121000,10000,111000,111000
060567,華擎富邦9C購01  ,0,0,0,0,0,0,0,0,0,111000,0,0,0,173000,62000,111000,111000
064560,技嘉群益01購01  ,0,0,0,0,0,0,0,0,0,111000,0,0,0,198000,87000,111000,111000
065881,京元電台新9C購01,0,0,0,0,0,0,0,0,0,111000,0,0,0,112000,1000,111000,111000
065675,茂林凱基03購01  ,0,0,0,0,0,0,0,0,0,111000,0,0,0,131000,20000,111000,111000
1517,利奇            ,338000,228000,110000,0,0,0,0,0,0,0,0,0,0,0,0,0,110000
08309P,GIS凱基9C售01   ,0,0,0,0,0,0,0,0,0,110000,0,0,0,120000,10000,110000,110000
08315P,台積電元大9C售08,0,0,0,0,0,0,0,0,0,110000,0,0,0,220000,110000,110000,110000
08393P,鴻海群益9C售05  ,0,0,0,0,0,0,0,0,0,110000,0,0,0,828000,718000,110000,110000
07834P,聯詠群益9A售03  ,0,0,0,0,0,0,0,0,0,110000,0,0,0,120000,10000,110000,110000
06999P,玉晶光國票9B售01,0,0,0,0,0,0,0,0,0,110000,0,0,0,130000,20000,110000,110000
066854,樺漢元大01購02  ,0,0,0,0,0,0,0,0,0,110000,0,0,0,110000,0,110000,110000
058832,立積永豐99購01  ,0,0,0,0,0,0,0,0,0,110000,0,0,0,114000,4000,110000,110000
058554,瀚宇博永豐99購01,0,0,0,0,0,0,0,0,0,110000,0,0,0,270000,160000,110000,110000
058499,滬深2X元大9C購01,0,0,0,0,0,0,0,0,0,110000,0,0,0,116000,6000,110000,110000
00650L,FH香港正2       ,32000,32000,0,0,0,0,0,0,0,110000,0,0,0,1545000,1435000,110000,110000
061977,國巨元大9B購02  ,0,0,0,0,0,0,0,0,0,110000,0,0,0,110000,0,110000,110000
060425,凌華永豐9A購01  ,0,0,0,0,0,0,0,0,0,110000,0,0,0,113000,3000,110000,110000
061336,國巨元大9A購20  ,0,0,0,0,0,0,0,0,0,110000,0,0,0,110000,0,110000,110000
064078,台積電中信06購04,0,0,0,0,0,0,0,0,0,110000,0,0,0,110000,0,110000,110000
065610,牧德元大02購01  ,0,0,0,0,0,0,0,0,0,110000,0,0,0,110000,0,110000,110000
065761,中租元大9C購02  ,0,0,0,0,0,0,0,0,0,110000,0,0,0,110000,0,110000,110000
063648,台表科元大9C購05,0,0,0,0,0,0,0,0,0,110000,0,0,0,262000,152000,110000,110000
064795,致伸國票01購01  ,0,0,0,0,0,0,0,0,0,110000,0,0,0,110000,0,110000,110000
4720,德淵            ,174000,64000,110000,0,0,0,0,0,0,0,0,0,0,0,0,0,110000
066809,新唐凱基01購01  ,0,0,0,0,0,0,0,0,0,109000,0,0,0,149000,40000,109000,109000
08744P,臺股指凱基02售05,0,0,0,0,0,0,0,0,0,109000,0,0,0,370000,261000,109000,109000
057841,茂林富邦9A購02  ,0,0,0,0,0,0,0,0,0,109000,0,0,0,109000,0,109000,109000
062046,矽格凱基9B購01  ,0,0,0,0,0,0,0,0,0,109000,0,0,0,140000,31000,109000,109000
07951P,智邦元大9B售05  ,0,0,0,0,0,0,0,0,0,108000,0,0,0,113000,5000,108000,108000
07054P,華新科兆豐99售04,0,0,0,0,0,0,0,0,0,108000,0,0,0,117000,9000,108000,108000
063003,滬深2X元大9B購06,0,0,0,0,0,0,0,0,0,108000,0,0,0,159000,51000,108000,108000
058515,健鼎元大99購01  ,0,0,0,0,0,0,0,0,0,108000,0,0,0,183000,75000,108000,108000
058046,國巨元大9A購01  ,0,0,0,0,0,0,0,0,0,108000,0,0,0,108000,0,108000,108000
064273,華邦電元大9C購02,0,0,0,0,0,0,0,0,0,108000,0,0,0,111000,3000,108000,108000
064894,漢唐群益9C購02  ,0,0,0,0,0,0,0,0,0,108000,0,0,0,108000,0,108000,108000
064450,致茂統一01購01  ,0,0,0,0,0,0,0,0,0,108000,0,0,0,259000,151000,108000,108000
064431,台積電凱基01購05,0,0,0,0,0,0,0,0,0,108000,0,0,0,110000,2000,108000,108000
066532,力成元富07購01  ,0,0,0,0,0,0,0,0,0,108000,0,0,0,221000,113000,108000,108000
07509P,牧德國票9A售03  ,0,0,0,0,0,0,0,0,0,107000,0,0,0,300000,193000,107000,107000
2312,金寶            ,1532000,1372000,160000,0,0,0,0,0,0,-53000,0,11000,-11000,0,42000,-42000,107000
2316,楠梓電          ,333000,227000,106000,0,0,0,0,0,0,1000,10000,0,10000,5000,14000,-9000,107000
059786,全新元大99購06  ,0,0,0,0,0,0,0,0,0,107000,0,0,0,107000,0,107000,107000
056349,道瓊銀元大9B購01,0,0,0,0,0,0,0,0,0,107000,0,0,0,107000,0,107000,107000
061075,亞德客兆豐9A購01,0,0,0,0,0,0,0,0,0,107000,0,0,0,110000,3000,107000,107000
062993,華新科群益9B購05,0,0,0,0,0,0,0,0,0,107000,0,0,0,107000,0,107000,107000
066150,國巨麥證01購02  ,0,0,0,141000,13000,128000,0,0,0,107000,0,0,0,141000,34000,107000,107000
064473,技嘉麥證9C購01  ,0,0,0,154000,47000,107000,0,0,0,107000,0,0,0,154000,47000,107000,107000
3016,嘉晶            ,527000,341000,186000,0,0,0,0,0,0,-79000,9000,9000,0,31000,110000,-79000,107000
08716P,台積電兆豐01售02,0,0,0,0,0,0,0,0,0,106000,0,0,0,126000,20000,106000,106000
067221,台表科元大01購02,0,0,0,0,0,0,0,0,0,106000,0,0,0,182000,76000,106000,106000
063013,技嘉元大9B購02  ,0,0,0,0,0,0,0,0,0,106000,0,0,0,197000,91000,106000,106000
060434,台汽電永豐9A購01,0,0,0,0,0,0,0,0,0,106000,0,0,0,113000,7000,106000,106000
060226,道瓊反元大9A購01,0,0,0,0,0,0,0,0,0,106000,0,0,0,106000,0,106000,106000
064176,京元電國泰01購01,0,0,0,0,0,0,0,0,0,106000,0,0,0,377000,271000,106000,106000
064492,技嘉元大9C購01  ,0,0,0,0,0,0,0,0,0,106000,0,0,0,342000,236000,106000,106000
065091,亞光元大9C購01  ,0,0,0,0,0,0,0,0,0,106000,0,0,0,106000,0,106000,106000
065452,康友統一02購01  ,0,0,0,0,0,0,0,0,0,106000,0,0,0,106000,0,106000,106000
6116,彩晶            ,2162000,1952000,210000,0,0,0,0,0,0,-104000,11000,11000,0,194000,298000,-104000,106000
6283,淳安            ,154000,48000,106000,0,0,0,0,0,0,0,0,0,0,0,0,0,106000
6598,ABC-KY          ,190111,85000,105111,0,0,0,0,0,0,0,0,0,0,0,0,0,105111
066724,台達電元大01購01,0,0,0,0,0,0,0,0,0,105000,0,0,0,149000,44000,105000,105000
07771P,義隆國票9A售01  ,0,0,0,0,0,0,0,0,0,105000,0,0,0,105000,0,105000,105000
08720P,台光電元大01售03,0,0,0,0,0,0,0,0,0,105000,0,0,0,122000,17000,105000,105000
08831P,台積電群益01售11,0,0,0,0,0,0,0,0,0,105000,0,0,0,225000,120000,105000,105000
08689P,高股息中信01售01,0,0,0,0,0,0,0,0,0,105000,0,0,0,105000,0,105000,105000
054807,台化元大9A購02  ,0,0,0,0,0,0,0,0,0,105000,0,0,0,105000,0,105000,105000
056677,智伸科元富98購01,0,0,0,0,0,0,0,0,0,105000,0,0,0,105000,0,105000,105000
061991,牧德元大9C購01  ,0,0,0,0,0,0,0,0,0,105000,0,0,0,105000,0,105000,105000
062096,神隆永豐9B購01  ,0,0,0,0,0,0,0,0,0,105000,0,0,0,105000,0,105000,105000
062106,華邦電國票9B購02,0,0,0,0,0,0,0,0,0,105000,0,0,0,105000,0,105000,105000
066029,神達群益02購01  ,0,0,0,0,0,0,0,0,0,105000,0,0,0,156000,51000,105000,105000
066378,超眾兆豐03購01  ,0,0,0,0,0,0,0,0,0,105000,0,0,0,106000,1000,105000,105000
066531,智伸科元富01購01,0,0,0,0,0,0,0,0,0,105000,0,0,0,105000,0,105000,105000
063671,GIS統一01購01   ,0,0,0,0,0,0,0,0,0,105000,0,0,0,180000,75000,105000,105000
5515,建國            ,66000,6000,60000,0,0,0,0,0,0,45000,45000,0,45000,0,0,0,105000
07965P,玉晶光群益01售02,0,0,0,0,0,0,0,0,0,104000,0,0,0,241000,137000,104000,104000
2485,兆赫            ,773000,759000,14000,0,0,0,0,0,0,90000,96000,6000,90000,0,0,0,104000
061491,嘉聯益兆豐9B購01,0,0,0,0,0,0,0,0,0,104000,0,0,0,157000,53000,104000,104000
064014,貿聯國票01購01  ,0,0,0,0,0,0,0,0,0,104000,0,0,0,104000,0,104000,104000
066453,嘉基群益01購01  ,0,0,0,0,0,0,0,0,0,104000,0,0,0,104000,0,104000,104000
065903,聯發科富邦02購02,0,0,0,0,0,0,0,0,0,104000,0,0,0,192000,88000,104000,104000
065453,康友統一02購02  ,0,0,0,0,0,0,0,0,0,104000,0,0,0,104000,0,104000,104000
066736,京鼎元大01購02  ,0,0,0,0,0,0,0,0,0,103000,0,0,0,141000,38000,103000,103000
00728,第一金工業30    ,0,6000,-6000,0,0,0,0,0,0,109000,0,0,0,311000,202000,109000,103000
054160,華泰凱基98購01  ,0,0,0,0,0,0,0,0,0,103000,0,0,0,103000,0,103000,103000
059785,美律元大9A購03  ,0,0,0,0,0,0,0,0,0,103000,0,0,0,198000,95000,103000,103000
058688,矽創凱基9A購01  ,0,0,0,0,0,0,0,0,0,103000,0,0,0,103000,0,103000,103000
064647,致伸凱基9C購01  ,0,0,0,0,0,0,0,0,0,103000,0,0,0,153000,50000,103000,103000
058287,國巨國票9A購02  ,0,0,0,0,0,0,0,0,0,102000,0,0,0,150000,48000,102000,102000
063237,微星元大9B購02  ,0,0,0,0,0,0,0,0,0,102000,0,0,0,123000,21000,102000,102000
058416,鴻海麥證99購01  ,0,0,0,102000,0,102000,0,0,0,102000,0,0,0,102000,0,102000,102000
053282,彩晶元大9C購01  ,0,0,0,0,0,0,0,0,0,102000,0,0,0,102000,0,102000,102000
056269,新日興統一98購01,0,0,0,0,0,0,0,0,0,102000,0,0,0,274000,172000,102000,102000
060777,茂林凱基9C購01  ,0,0,0,0,0,0,0,0,0,102000,0,0,0,105000,3000,102000,102000
062944,茂林凱基9B購02  ,0,0,0,0,0,0,0,0,0,102000,0,0,0,102000,0,102000,102000
063639,華擎元大9C購03  ,0,0,0,0,0,0,0,0,0,102000,0,0,0,181000,79000,102000,102000
065169,華邦電元大9C購03,0,0,0,0,0,0,0,0,0,102000,0,0,0,102000,0,102000,102000
6491,晶碩            ,228000,131000,97000,0,0,0,18000,14000,4000,1000,0,0,0,8000,7000,1000,102000
08571P,台積電兆豐9C售06,0,0,0,0,0,0,0,0,0,101000,0,0,0,102000,1000,101000,101000
00730,富邦臺灣優質高息,0,0,0,0,0,0,0,0,0,101000,0,0,0,360000,259000,101000,101000
058248,聯茂元大99購05  ,0,0,0,0,0,0,0,0,0,101000,0,0,0,110000,9000,101000,101000
058514,潤泰全元大99購01,0,0,0,0,0,0,0,0,0,101000,0,0,0,117000,16000,101000,101000
058615,矽創元大99購01  ,0,0,0,0,0,0,0,0,0,101000,0,0,0,177000,76000,101000,101000
063431,神隆元富9B購01  ,0,0,0,0,0,0,0,0,0,101000,0,0,0,121000,20000,101000,101000
061690,旺宏群益9A購05  ,0,0,0,0,0,0,0,0,0,101000,0,0,0,101000,0,101000,101000
065898,神基麥證9C購01  ,0,0,0,101000,0,101000,0,0,0,101000,0,0,0,101000,0,101000,101000
9911,櫻花            ,165000,59000,106000,0,0,0,0,0,0,-5000,0,5000,-5000,0,0,0,101000
3038,全台            ,652000,621000,31000,0,0,0,0,0,0,70000,70000,0,70000,0,0,0,101000
08348P,貿聯元大9C售01  ,0,0,0,0,0,0,0,0,0,100000,0,0,0,179000,79000,100000,100000
08363P,南亞科凱基01售01,0,0,0,0,0,0,0,0,0,100000,0,0,0,160000,60000,100000,100000
08055P,臺股指國票9B售20,0,0,0,0,0,0,0,0,0,100000,0,0,0,250000,150000,100000,100000
08106P,聯發科統一9B售09,0,0,0,0,0,0,0,0,0,100000,0,0,0,100000,0,100000,100000
08292P,華新科台新9C售01,0,0,0,0,0,0,0,0,0,100000,0,0,0,100000,0,100000,100000
08110P,臺股指中信01售05,0,0,0,0,0,0,0,0,0,100000,0,0,0,350000,250000,100000,100000
066949,聯發科元大01購17,0,0,0,0,0,0,0,0,0,100000,0,0,0,100000,0,100000,100000
06725P,聯電元富98售01  ,0,0,0,0,0,0,0,0,0,100000,0,0,0,200000,100000,100000,100000
067085,臻鼎元大01購02  ,0,0,0,0,0,0,0,0,0,100000,0,0,0,100000,0,100000,100000
07741P,滬深2X凱基9B售04,0,0,0,0,0,0,0,0,0,100000,0,0,0,100000,0,100000,100000
07657P,技嘉凱基9A售03  ,0,0,0,0,0,0,0,0,0,100000,0,0,0,100000,0,100000,100000
06865P,亞德客元大98售04,0,0,0,0,0,0,0,0,0,100000,0,0,0,100000,0,100000,100000
067524,元黃金群益01購01,0,0,0,0,0,0,0,0,0,100000,0,0,0,100000,0,100000,100000
057895,全新元富9B購01  ,0,0,0,0,0,0,0,0,0,100000,0,0,0,100000,0,100000,100000
057287,彩晶元大9C購03  ,0,0,0,0,0,0,0,0,0,100000,0,0,0,100000,0,100000,100000
054318,台虹凱基98購01  ,0,0,0,0,0,0,0,0,0,100000,0,0,0,100000,0,100000,100000
056354,國巨元大98購10  ,0,0,0,0,0,0,0,0,0,100000,0,0,0,100000,0,100000,100000
053194,緯穎統一99購01  ,0,0,0,0,0,0,0,0,0,100000,0,0,0,100000,0,100000,100000
053568,智伸科富邦98購01,0,0,0,0,0,0,0,0,0,100000,0,0,0,100000,0,100000,100000
054658,道瓊銀元大9A購01,0,0,0,0,0,0,0,0,0,100000,0,0,0,100000,0,100000,100000
054627,義隆凱基98購01  ,0,0,0,0,0,0,0,0,0,100000,0,0,0,100000,0,100000,100000
062182,華新科元大9B購07,0,0,0,0,0,0,0,0,0,100000,0,0,0,100000,0,100000,100000
062187,台勝科元大9B購02,0,0,0,0,0,0,0,0,0,100000,0,0,0,100000,0,100000,100000
062175,臺指反元大02購02,0,0,0,0,0,0,0,0,0,100000,0,0,0,100000,0,100000,100000
062023,寶成永豐9B購01  ,0,0,0,0,0,0,0,0,0,100000,0,0,0,100000,0,100000,100000
062027,國泰金群益9B購01,0,0,0,0,0,0,0,0,0,100000,0,0,0,100000,0,100000,100000
062036,致新群益9B購01  ,0,0,0,0,0,0,0,0,0,100000,0,0,0,100000,0,100000,100000
062072,國巨元大9B購05  ,0,0,0,0,0,0,0,0,0,100000,0,0,0,100000,0,100000,100000
062073,國巨元大9B購06  ,0,0,0,0,0,0,0,0,0,100000,0,0,0,101000,1000,100000,100000
062080,奇力新元大9B購02,0,0,0,0,0,0,0,0,0,100000,0,0,0,100000,0,100000,100000
063505,奇力新群益9B購03,0,0,0,0,0,0,0,0,0,100000,0,0,0,100000,0,100000,100000
062441,華新科元大9C購01,0,0,0,0,0,0,0,0,0,100000,0,0,0,100000,0,100000,100000
062410,台積電第一9B購02,0,0,0,0,0,0,0,0,0,100000,0,0,0,102000,2000,100000,100000
062435,國巨元大9B購13  ,0,0,0,0,0,0,0,0,0,100000,0,0,0,100000,0,100000,100000
061234,國巨元大9A購18  ,0,0,0,0,0,0,0,0,0,100000,0,0,0,100000,0,100000,100000
060470,台勝科元大9A購03,0,0,0,0,0,0,0,0,0,100000,0,0,0,110000,10000,100000,100000
062258,奇力新元大9B購03,0,0,0,0,0,0,0,0,0,100000,0,0,0,100000,0,100000,100000
062260,華新科元大9B購09,0,0,0,0,0,0,0,0,0,100000,0,0,0,100000,0,100000,100000
062442,華新科元大9C購02,0,0,0,0,0,0,0,0,0,100000,0,0,0,168000,68000,100000,100000
062450,臻鼎元大9B購02  ,0,0,0,0,0,0,0,0,0,100000,0,0,0,100000,0,100000,100000
062783,大立光元大9C購03,0,0,0,0,0,0,0,0,0,100000,0,0,0,100000,0,100000,100000
060725,台積電第一9A購01,0,0,0,0,0,0,0,0,0,100000,0,0,0,100000,0,100000,100000
060242,潤泰全元大9C購01,0,0,0,0,0,0,0,0,0,100000,0,0,0,200000,100000,100000,100000
061034,晶豪科永豐9A購01,0,0,0,0,0,0,0,0,0,100000,0,0,0,100000,0,100000,100000
064346,貿聯元大01購01  ,0,0,0,0,0,0,0,0,0,100000,0,0,0,100000,0,100000,100000
061568,國巨元大9A購25  ,0,0,0,0,0,0,0,0,0,100000,0,0,0,100000,0,100000,100000
061575,華新科元大9A購20,0,0,0,0,0,0,0,0,0,100000,0,0,0,100000,0,100000,100000
061576,華新科元大9A購21,0,0,0,0,0,0,0,0,0,100000,0,0,0,100000,0,100000,100000
064172,義隆元富9C購01  ,0,0,0,0,0,0,0,0,0,100000,0,0,0,100000,0,100000,100000
064279,新光金元大01購01,0,0,0,0,0,0,0,0,0,100000,0,0,0,100000,0,100000,100000
06427P,鴻海元大97售13  ,0,0,0,0,0,0,0,0,0,100000,0,0,0,200000,100000,100000,100000
064282,大立光元大9C購13,0,0,0,0,0,0,0,0,0,100000,0,0,0,100000,0,100000,100000
065899,神基麥證9C購02  ,0,0,0,100000,0,100000,0,0,0,100000,0,0,0,100000,0,100000,100000
066020,東元群益01購01  ,0,0,0,0,0,0,0,0,0,100000,0,0,0,100000,0,100000,100000
066059,帆宣元大01購01  ,0,0,0,0,0,0,0,0,0,100000,0,0,0,100000,0,100000,100000
065585,聯發科富邦03購02,0,0,0,0,0,0,0,0,0,100000,0,0,0,166000,66000,100000,100000
065609,嘉澤元大01購02  ,0,0,0,0,0,0,0,0,0,100000,0,0,0,252000,152000,100000,100000
065679,聯發科統一03購01,0,0,0,0,0,0,0,0,0,100000,0,0,0,128000,28000,100000,100000
066387,FBVIX凱基03購03 ,0,0,0,0,0,0,0,0,0,100000,0,0,0,100000,0,100000,100000
066324,仲琦永豐01購01  ,0,0,0,0,0,0,0,0,0,100000,0,0,0,100000,0,100000,100000
065368,技嘉元大9C購04  ,0,0,0,0,0,0,0,0,0,100000,0,0,0,178000,78000,100000,100000
064941,台積電台新9C購04,0,0,0,0,0,0,0,0,0,100000,0,0,0,100000,0,100000,100000
063728,國巨元大9B購21  ,0,0,0,0,0,0,0,0,0,100000,0,0,0,100000,0,100000,100000
063735,華新科元大9B購15,0,0,0,0,0,0,0,0,0,100000,0,0,0,100000,0,100000,100000
063798,台積電凱基02購03,0,0,0,0,0,0,0,0,0,100000,0,0,0,100000,0,100000,100000
064415,群創麥證9C購01  ,0,0,0,107000,7000,100000,0,0,0,100000,0,0,0,107000,7000,100000,100000
064528,國巨中信02購01  ,0,0,0,0,0,0,0,0,0,100000,0,0,0,108000,8000,100000,100000
064668,大立光元大9C購21,0,0,0,0,0,0,0,0,0,100000,0,0,0,100000,0,100000,100000
064553,臺指反群益9C購01,0,0,0,0,0,0,0,0,0,100000,0,0,0,150000,50000,100000,100000
4763,材料-KY         ,134000,24000,110000,0,0,0,0,10000,-10000,0,0,0,0,0,0,0,100000
2301,光寶科          ,1926157,2409489,-483332,0,0,0,1402000,20000,1382000,-799000,9000,645000,-636000,11000,174000,-163000,99668
08560P,茂林國票01售01  ,0,0,0,0,0,0,0,0,0,99000,0,0,0,127000,28000,99000,99000
07145P,為升元大99售03  ,0,0,0,0,0,0,0,0,0,99000,0,0,0,320000,221000,99000,99000
07131P,緯穎元大99售06  ,0,0,0,0,0,0,0,0,0,99000,0,0,0,146000,47000,99000,99000
050679,上証2X元富97購02,0,0,0,0,0,0,0,0,0,99000,0,0,0,99000,0,99000,99000
057552,禾伸堂凱基98購05,0,0,0,0,0,0,0,0,0,99000,0,0,0,99000,0,99000,99000
057468,台郡永豐98購01  ,0,0,0,0,0,0,0,0,0,99000,0,0,0,179000,80000,99000,99000
063395,金像電群益9B購02,0,0,0,0,0,0,0,0,0,99000,0,0,0,269000,170000,99000,99000
060798,旭富永豐9A購01  ,0,0,0,0,0,0,0,0,0,99000,0,0,0,99000,0,99000,99000
062456,台積電群益9B購05,0,0,0,0,0,0,0,0,0,99000,0,0,0,99000,0,99000,99000
062560,奇鋐凱基9B購02  ,0,0,0,0,0,0,0,0,0,99000,0,0,0,139000,40000,99000,99000
061666,友達中信01購01  ,0,0,0,0,0,0,0,0,0,99000,0,0,0,147000,48000,99000,99000
065363,國巨元大01購04  ,0,0,0,0,0,0,0,0,0,99000,0,0,0,100000,1000,99000,99000
066293,惠特元大02購01  ,0,0,0,0,0,0,0,0,0,99000,0,0,0,100000,1000,99000,99000
066028,嘉澤群益01購01  ,0,0,0,0,0,0,0,0,0,99000,0,0,0,113000,14000,99000,99000
067276,義隆統一03購01  ,0,0,0,0,0,0,0,0,0,98000,0,0,0,98000,0,98000,98000
059036,可成群益9B購03  ,0,0,0,0,0,0,0,0,0,98000,0,0,0,123000,25000,98000,98000
03449B,臺股指元大01熊01,0,0,0,0,0,0,0,0,0,98000,0,0,0,237000,139000,98000,98000
057040,國巨元大98購12  ,0,0,0,0,0,0,0,0,0,98000,0,0,0,100000,2000,98000,98000
056481,創意元大98購01  ,0,0,0,0,0,0,0,0,0,98000,0,0,0,200000,102000,98000,98000
060110,茂林元大99購06  ,0,0,0,0,0,0,0,0,0,98000,0,0,0,100000,2000,98000,98000
064369,彩晶統一01購01  ,0,0,0,0,0,0,0,0,0,98000,0,0,0,98000,0,98000,98000
065577,超眾群益9C購02  ,0,0,0,0,0,0,0,0,0,98000,0,0,0,100000,2000,98000,98000
065160,聯茂群益9C購02  ,0,0,0,0,0,0,0,0,0,98000,0,0,0,100000,2000,98000,98000
065019,華邦電富邦9C購01,0,0,0,0,0,0,0,0,0,98000,0,0,0,98000,0,98000,98000
064895,奇力新群益9C購02,0,0,0,0,0,0,0,0,0,98000,0,0,0,98000,0,98000,98000
064867,華新科永豐9C購03,0,0,0,0,0,0,0,0,0,98000,0,0,0,114000,16000,98000,98000
063766,南茂元富9B購01  ,0,0,0,0,0,0,0,0,0,98000,0,0,0,98000,0,98000,98000
3014,聯陽            ,701000,516000,185000,0,0,0,0,105000,-105000,18000,0,0,0,26000,8000,18000,98000
08271P,華通元富9C售01  ,0,0,0,0,0,0,0,0,0,97000,0,0,0,230000,133000,97000,97000
054387,台積電統一98購02,0,0,0,0,0,0,0,0,0,97000,0,0,0,97000,0,97000,97000
057945,京鼎國票99購03  ,0,0,0,0,0,0,0,0,0,97000,0,0,0,97000,0,97000,97000
058363,全新凱基9A購02  ,0,0,0,0,0,0,0,0,0,97000,0,0,0,102000,5000,97000,97000
063412,寶成國票9C購01  ,0,0,0,0,0,0,0,0,0,97000,0,0,0,195000,98000,97000,97000
063858,鴻海國泰02購01  ,0,0,0,0,0,0,0,0,0,97000,0,0,0,118000,21000,97000,97000
064086,旺宏凱基9C購01  ,0,0,0,0,0,0,0,0,0,97000,0,0,0,175000,78000,97000,97000
061659,信邦永豐9A購01  ,0,0,0,0,0,0,0,0,0,97000,0,0,0,281000,184000,97000,97000
062270,上銀群益9B購03  ,0,0,0,0,0,0,0,0,0,97000,0,0,0,98000,1000,97000,97000
064511,GIS元大9C購05   ,0,0,0,0,0,0,0,0,0,97000,0,0,0,98000,1000,97000,97000
066149,潤泰新群益01購01,0,0,0,0,0,0,0,0,0,97000,0,0,0,105000,8000,97000,97000
08737P,聯詠凱基01售01  ,0,0,0,0,0,0,0,0,0,96000,0,0,0,185000,89000,96000,96000
063061,華新科元富9B購04,0,0,0,0,0,0,0,0,0,96000,0,0,0,96000,0,96000,96000
057729,華新科國泰99購04,0,0,0,0,0,0,0,0,0,96000,0,0,0,96000,0,96000,96000
059170,康控凱基9B購01  ,0,0,0,0,0,0,0,0,0,96000,0,0,0,116000,20000,96000,96000
056890,國巨元大98購11  ,0,0,0,0,0,0,0,0,0,96000,0,0,0,96000,0,96000,96000
058190,貿聯永豐99購01  ,0,0,0,0,0,0,0,0,0,96000,0,0,0,96000,0,96000,96000
064186,燿華永豐9C購01  ,0,0,0,0,0,0,0,0,0,96000,0,0,0,113000,17000,96000,96000
060233,宏碁元大9A購01  ,0,0,0,0,0,0,0,0,0,96000,0,0,0,101000,5000,96000,96000
065559,超眾凱基9C購03  ,0,0,0,0,0,0,0,0,0,96000,0,0,0,98000,2000,96000,96000
064666,華新科元大02購01,0,0,0,0,0,0,0,0,0,96000,0,0,0,128000,32000,96000,96000
08027P,嘉晶元大9B售03  ,0,0,0,0,0,0,0,0,0,95000,0,0,0,215000,120000,95000,95000
08541P,景碩國票01售02  ,0,0,0,0,0,0,0,0,0,95000,0,0,0,140000,45000,95000,95000
057182,禾伸堂元大99購02,0,0,0,0,0,0,0,0,0,95000,0,0,0,171000,76000,95000,95000
063020,奇力新元大9B購04,0,0,0,0,0,0,0,0,0,95000,0,0,0,95000,0,95000,95000
062826,奇力新群益9C購01,0,0,0,0,0,0,0,0,0,95000,0,0,0,95000,0,95000,95000
060815,茂林凱基9B購01  ,0,0,0,0,0,0,0,0,0,95000,0,0,0,145000,50000,95000,95000
060959,金像電凱基9A購01,0,0,0,0,0,0,0,0,0,95000,0,0,0,127000,32000,95000,95000
062874,微星兆豐9B購01  ,0,0,0,0,0,0,0,0,0,95000,0,0,0,135000,40000,95000,95000
063349,台郡統一9C購01  ,0,0,0,0,0,0,0,0,0,95000,0,0,0,95000,0,95000,95000
065324,聯發科凱基9C購10,0,0,0,0,0,0,0,0,0,95000,0,0,0,152000,57000,95000,95000
066139,拓凱群益01購01  ,0,0,0,0,0,0,0,0,0,95000,0,0,0,106000,11000,95000,95000
6591,動力-KY         ,468000,373000,95000,0,0,0,0,0,0,0,0,0,0,0,0,0,95000
2891,中信金          ,9914885,9953000,-38115,0,0,0,1006000,180000,826000,-693000,14000,704000,-690000,0,3000,-3000,94885
08623P,健策群益01售04  ,0,0,0,0,0,0,0,0,0,94000,0,0,0,157000,63000,94000,94000
08435P,台積電群益9C售11,0,0,0,0,0,0,0,0,0,94000,0,0,0,213000,119000,94000,94000
2015,豐興            ,151000,57000,94000,0,0,0,0,0,0,0,0,0,0,0,0,0,94000
07688P,華通元大9A售07  ,0,0,0,0,0,0,0,0,0,94000,0,0,0,100000,6000,94000,94000
057198,智伸科統一9B購01,0,0,0,0,0,0,0,0,0,94000,0,0,0,94000,0,94000,94000
056578,智易元大99購02  ,0,0,0,0,0,0,0,0,0,94000,0,0,0,119000,25000,94000,94000
063531,台表科凱基9B購04,0,0,0,0,0,0,0,0,0,94000,0,0,0,122000,28000,94000,94000
062555,旺宏凱基9B購06  ,0,0,0,0,0,0,0,0,0,94000,0,0,0,94000,0,94000,94000
060652,滬深2X群益9C購04,0,0,0,0,0,0,0,0,0,94000,0,0,0,99000,5000,94000,94000
066576,矽創元大01購02  ,0,0,0,0,0,0,0,0,0,94000,0,0,0,401000,307000,94000,94000
065258,華邦電元大01購01,0,0,0,0,0,0,0,0,0,94000,0,0,0,200000,106000,94000,94000
063917,南六凱基02購01  ,0,0,0,0,0,0,0,0,0,94000,0,0,0,155000,61000,94000,94000
8341,日友            ,106000,12000,94000,0,0,0,0,0,0,0,0,0,0,0,0,0,94000
066846,京鼎元大01購03  ,0,0,0,0,0,0,0,0,0,93000,0,0,0,203000,110000,93000,93000
056095,臻鼎元富9A購01  ,0,0,0,0,0,0,0,0,0,93000,0,0,0,118000,25000,93000,93000
058318,致茂永豐9A購01  ,0,0,0,0,0,0,0,0,0,93000,0,0,0,246000,153000,93000,93000
064350,茂林元大01購01  ,0,0,0,0,0,0,0,0,0,93000,0,0,0,225000,132000,93000,93000
063274,鈺齊兆豐9B購01  ,0,0,0,0,0,0,0,0,0,93000,0,0,0,133000,40000,93000,93000
064430,鴻海凱基03購04  ,0,0,0,0,0,0,0,0,0,93000,0,0,0,345000,252000,93000,93000
063672,GIS統一9C購01   ,0,0,0,0,0,0,0,0,0,93000,0,0,0,309000,216000,93000,93000
065237,茂林凱基01購01  ,0,0,0,0,0,0,0,0,0,93000,0,0,0,145000,52000,93000,93000
064914,友達統一02購03  ,0,0,0,0,0,0,0,0,0,93000,0,0,0,93000,0,93000,93000
067013,致新永豐01購01  ,0,0,0,0,0,0,0,0,0,92000,0,0,0,116000,24000,92000,92000
07163P,臺股指群益99售14,0,0,0,0,0,0,0,0,0,92000,0,0,0,220000,128000,92000,92000
08332P,智邦台新9C售03  ,0,0,0,0,0,0,0,0,0,92000,0,0,0,92000,0,92000,92000
08261P,玉晶光元大9C售08,0,0,0,0,0,0,0,0,0,92000,0,0,0,102000,10000,92000,92000
08225P,臺股指凱基9B售20,0,0,0,0,0,0,0,0,0,92000,0,0,0,143000,51000,92000,92000
058293,光寶科凱基9A購01,0,0,0,0,0,0,0,0,0,92000,0,0,0,102000,10000,92000,92000
063659,世紀鋼元富9B購01,0,0,0,0,0,0,0,0,0,92000,0,0,0,246000,154000,92000,92000
07749P,台郡凱基9A售01  ,0,0,0,0,0,0,0,0,0,91000,0,0,0,101000,10000,91000,91000
067229,台達電群益01購02,0,0,0,0,0,0,0,0,0,91000,0,0,0,91000,0,91000,91000
052853,友達日盛99購01  ,0,0,0,0,0,0,0,0,0,91000,0,0,0,91000,0,91000,91000
053088,奇鋐元大98購01  ,0,0,0,0,0,0,0,0,0,91000,0,0,0,149000,58000,91000,91000
063325,SP黃豆國票9C購02,0,0,0,0,0,0,0,0,0,91000,0,0,0,91000,0,91000,91000
061489,高鐵兆豐9A購01  ,0,0,0,0,0,0,0,0,0,91000,0,0,0,147000,56000,91000,91000
064196,健策群益01購01  ,0,0,0,0,0,0,0,0,0,91000,0,0,0,99000,8000,91000,91000
063643,臻鼎元大9B購03  ,0,0,0,0,0,0,0,0,0,91000,0,0,0,141000,50000,91000,91000
06712P,臺股指台新99售09,0,0,0,0,0,0,0,0,0,90000,0,0,0,100000,10000,90000,90000
066834,泰鼎群益01購01  ,0,0,0,0,0,0,0,0,0,90000,0,0,0,188000,98000,90000,90000
07304P,臺股指元大9A售37,0,0,0,0,0,0,0,0,0,90000,0,0,0,90000,0,90000,90000
08238P,嘉晶永豐9B售03  ,0,0,0,0,0,0,0,0,0,90000,0,0,0,90000,0,90000,90000
052470,華新科亞東97購01,0,0,0,0,0,0,0,0,0,90000,0,0,0,90000,0,90000,90000
056232,瑞儀凱基98購01  ,0,0,0,0,0,0,0,0,0,90000,0,0,0,460000,370000,90000,90000
058353,國巨凱基99購09  ,0,0,0,0,0,0,0,0,0,90000,0,0,0,90000,0,90000,90000
061335,國巨元大9A購19  ,0,0,0,0,0,0,0,0,0,90000,0,0,0,107000,17000,90000,90000
062184,奇鋐元大9B購02  ,0,0,0,0,0,0,0,0,0,90000,0,0,0,102000,12000,90000,90000
062463,世紀鋼麥證9B購01,0,0,0,100000,10000,90000,0,0,0,90000,0,0,0,100000,10000,90000,90000
063729,國巨元大9C購08  ,0,0,0,0,0,0,0,0,0,90000,0,0,0,134000,44000,90000,90000
063590,華擎永豐9B購01  ,0,0,0,0,0,0,0,0,0,90000,0,0,0,90000,0,90000,90000
065216,群創國泰01購02  ,0,0,0,0,0,0,0,0,0,90000,0,0,0,90000,0,90000,90000
065214,友達國泰01購01  ,0,0,0,0,0,0,0,0,0,90000,0,0,0,188000,98000,90000,90000
066495,技嘉國泰03購01  ,0,0,0,0,0,0,0,0,0,90000,0,0,0,116000,26000,90000,90000
066242,惠特富邦03購01  ,0,0,0,0,0,0,0,0,0,90000,0,0,0,90000,0,90000,90000
063399,智原群益9B購01  ,0,0,0,0,0,0,0,0,0,89000,0,0,0,216000,127000,89000,89000
063128,智伸科元大9B購01,0,0,0,0,0,0,0,0,0,89000,0,0,0,100000,11000,89000,89000
057486,美律元大98購04  ,0,0,0,0,0,0,0,0,0,89000,0,0,0,307000,218000,89000,89000
062590,亞光統一9B購01  ,0,0,0,0,0,0,0,0,0,89000,0,0,0,102000,13000,89000,89000
061878,茂林元大9B購01  ,0,0,0,0,0,0,0,0,0,89000,0,0,0,89000,0,89000,89000
061023,茂林國泰9B購02  ,0,0,0,0,0,0,0,0,0,89000,0,0,0,89000,0,89000,89000
065475,聯發科元大01購04,0,0,0,0,0,0,0,0,0,89000,0,0,0,194000,105000,89000,89000
065134,中石化凱基01購01,0,0,0,0,0,0,0,0,0,89000,0,0,0,189000,100000,89000,89000
4952,凌通            ,134000,45000,89000,0,0,0,0,0,0,0,0,0,0,0,0,0,89000
08010P,大成鋼元大9B售01,0,0,0,0,0,0,0,0,0,88000,0,0,0,238000,150000,88000,88000
06867P,訊芯元大98售08  ,0,0,0,0,0,0,0,0,0,88000,0,0,0,200000,112000,88000,88000
066727,鴻海元大01購12  ,0,0,0,0,0,0,0,0,0,88000,0,0,0,205000,117000,88000,88000
059911,國巨元大99購27  ,0,0,0,0,0,0,0,0,0,88000,0,0,0,141000,53000,88000,88000
056659,泰碩元大99購01  ,0,0,0,0,0,0,0,0,0,88000,0,0,0,90000,2000,88000,88000
061017,國泰金麥證9A購01,0,0,0,98000,10000,88000,0,0,0,88000,0,0,0,98000,10000,88000,88000
060719,瀚宇博永豐9A購01,0,0,0,0,0,0,0,0,0,88000,0,0,0,99000,11000,88000,88000
060109,茂林元大99購05  ,0,0,0,0,0,0,0,0,0,88000,0,0,0,127000,39000,88000,88000
062360,華邦電元大9B購01,0,0,0,0,0,0,0,0,0,88000,0,0,0,100000,12000,88000,88000
060572,景碩永豐9A購01  ,0,0,0,0,0,0,0,0,0,88000,0,0,0,95000,7000,88000,88000
065253,和大元大01購02  ,0,0,0,0,0,0,0,0,0,88000,0,0,0,88000,0,88000,88000
06532P,友達元富98售04  ,0,0,0,0,0,0,0,0,0,88000,0,0,0,92000,4000,88000,88000
065350,華擎統一01購04  ,0,0,0,0,0,0,0,0,0,88000,0,0,0,108000,20000,88000,88000
063581,同欣電國泰9C購01,0,0,0,0,0,0,0,0,0,88000,0,0,0,93000,5000,88000,88000
063801,GIS凱基01購01   ,0,0,0,0,0,0,0,0,0,88000,0,0,0,120000,32000,88000,88000
063940,國巨元大01購02  ,0,0,0,0,0,0,0,0,0,88000,0,0,0,129000,41000,88000,88000
065666,旺宏凱基9C購03  ,0,0,0,0,0,0,0,0,0,88000,0,0,0,108000,20000,88000,88000
06744P,嘉聯益永豐98售03,0,0,0,0,0,0,0,0,0,87000,0,0,0,87000,0,87000,87000
08229P,祥碩國票9B售04  ,0,0,0,0,0,0,0,0,0,87000,0,0,0,235000,148000,87000,87000
08277P,嘉晶元富9C售02  ,0,0,0,0,0,0,0,0,0,87000,0,0,0,95000,8000,87000,87000
2387,精元            ,453000,419000,34000,0,0,0,0,0,0,53000,110000,61000,49000,38000,34000,4000,87000
059509,奇力新永豐99購02,0,0,0,0,0,0,0,0,0,87000,0,0,0,87000,0,87000,87000
057696,聯電群益9A購01  ,0,0,0,0,0,0,0,0,0,87000,0,0,0,87000,0,87000,87000
063076,柏文永豐9B購02  ,0,0,0,0,0,0,0,0,0,87000,0,0,0,87000,0,87000,87000
063467,大立光元大9C購06,0,0,0,0,0,0,0,0,0,87000,0,0,0,100000,13000,87000,87000
060052,宏碁凱基99購01  ,0,0,0,0,0,0,0,0,0,87000,0,0,0,87000,0,87000,87000
060640,京鼎永豐9A購01  ,0,0,0,0,0,0,0,0,0,87000,0,0,0,87000,0,87000,87000
061581,貿聯元大9A購05  ,0,0,0,0,0,0,0,0,0,87000,0,0,0,161000,74000,87000,87000
065812,寶成群益9C購02  ,0,0,0,0,0,0,0,0,0,87000,0,0,0,87000,0,87000,87000
065018,台達電富邦03購01,0,0,0,0,0,0,0,0,0,87000,0,0,0,107000,20000,87000,87000
064882,同欣電兆豐9C購01,0,0,0,0,0,0,0,0,0,87000,0,0,0,97000,10000,87000,87000
08770P,上証2X凱基03售04,0,0,0,0,0,0,0,0,0,86000,0,0,0,86000,0,86000,86000
08323P,華新科凱基9C售04,0,0,0,0,0,0,0,0,0,86000,0,0,0,88000,2000,86000,86000
08192P,大毅國票9B售05  ,0,0,0,0,0,0,0,0,0,86000,0,0,0,87000,1000,86000,86000
064401,台達電凱基06購01,0,0,0,0,0,0,0,0,0,86000,0,0,0,104000,18000,86000,86000
060288,群光元大9C購01  ,0,0,0,0,0,0,0,0,0,86000,0,0,0,186000,100000,86000,86000
060865,創意永豐9A購01  ,0,0,0,0,0,0,0,0,0,86000,0,0,0,143000,57000,86000,86000
063991,南六永豐9C購02  ,0,0,0,0,0,0,0,0,0,86000,0,0,0,86000,0,86000,86000
065431,大立光凱基02購02,0,0,0,0,0,0,0,0,0,86000,0,0,0,90000,4000,86000,86000
065568,台積電群益01購04,0,0,0,0,0,0,0,0,0,86000,0,0,0,91000,5000,86000,86000
066571,矽格元大01購02  ,0,0,0,0,0,0,0,0,0,86000,0,0,0,90000,4000,86000,86000
3312,弘憶股          ,158000,72000,86000,0,0,0,0,0,0,0,0,0,0,0,0,0,86000
6243,迅杰            ,156000,70000,86000,0,0,0,0,0,0,0,0,0,0,0,0,0,86000
08209P,上銀元富9B售06  ,0,0,0,0,0,0,0,0,0,85000,0,0,0,85000,0,85000,85000
08062P,華擎國票9B售03  ,0,0,0,0,0,0,0,0,0,85000,0,0,0,125000,40000,85000,85000
08853P,嘉晶群益02售02  ,0,0,0,0,0,0,0,0,0,85000,0,0,0,85000,0,85000,85000
067409,巨大永豐01購01  ,0,0,0,0,0,0,0,0,0,85000,0,0,0,85000,0,85000,85000
07224P,鴻海元大9A售02  ,0,0,0,0,0,0,0,0,0,85000,0,0,0,90000,5000,85000,85000
07692P,玉晶光元大9A售11,0,0,0,0,0,0,0,0,0,85000,0,0,0,100000,15000,85000,85000
07690P,華新科元大9A售15,0,0,0,0,0,0,0,0,0,85000,0,0,0,85000,0,85000,85000
067242,景碩群益01購03  ,0,0,0,0,0,0,0,0,0,85000,0,0,0,85000,0,85000,85000
067348,元金2X群益01購01,0,0,0,0,0,0,0,0,0,85000,0,0,0,85000,0,85000,85000
059623,聯電凱基99購02  ,0,0,0,0,0,0,0,0,0,85000,0,0,0,169000,84000,85000,85000
059085,鴻海元大99購25  ,0,0,0,0,0,0,0,0,0,85000,0,0,0,85000,0,85000,85000
00766L,台新MSCI中國正2 ,0,0,0,0,0,0,0,0,0,85000,0,0,0,696000,611000,85000,85000
061422,台積電元大9A購30,0,0,0,0,0,0,0,0,0,85000,0,0,0,85000,0,85000,85000
062870,亞德客兆豐9C購01,0,0,0,0,0,0,0,0,0,85000,0,0,0,85000,0,85000,85000
063426,茂林凱基9B購03  ,0,0,0,0,0,0,0,0,0,85000,0,0,0,108000,23000,85000,85000
061877,貿聯元大9B購01  ,0,0,0,0,0,0,0,0,0,85000,0,0,0,85000,0,85000,85000
062098,億光永豐9B購01  ,0,0,0,0,0,0,0,0,0,85000,0,0,0,85000,0,85000,85000
062029,牧德群益9B購03  ,0,0,0,0,0,0,0,0,0,85000,0,0,0,85000,0,85000,85000
062654,技嘉永豐9B購01  ,0,0,0,0,0,0,0,0,0,85000,0,0,0,112000,27000,85000,85000
066320,順德永豐01購01  ,0,0,0,0,0,0,0,0,0,85000,0,0,0,100000,15000,85000,85000
064529,友達中信01購03  ,0,0,0,0,0,0,0,0,0,85000,0,0,0,233000,148000,85000,85000
1231,聯華食          ,104000,20000,84000,0,0,0,0,0,0,0,0,0,0,0,0,0,84000
060571,京元電永豐9A購01,0,0,0,0,0,0,0,0,0,84000,0,0,0,114000,30000,84000,84000
063340,英業達統一9B購01,0,0,0,0,0,0,0,0,0,84000,0,0,0,92000,8000,84000,84000
065855,瀚宇博元大9C購03,0,0,0,0,0,0,0,0,0,84000,0,0,0,431000,347000,84000,84000
065938,文曄群益01購01  ,0,0,0,0,0,0,0,0,0,84000,0,0,0,387000,303000,84000,84000
1526,日馳            ,272000,189000,83000,0,0,0,0,0,0,0,0,0,0,0,0,0,83000
08685P,南電凱基01售03  ,0,0,0,0,0,0,0,0,0,83000,0,0,0,223000,140000,83000,83000
06861P,台積電國票99售08,0,0,0,0,0,0,0,0,0,83000,0,0,0,83000,0,83000,83000
059453,奇力新永豐99購01,0,0,0,0,0,0,0,0,0,83000,0,0,0,83000,0,83000,83000
058174,台積電凱基9A購05,0,0,0,0,0,0,0,0,0,83000,0,0,0,83000,0,83000,83000
056609,楠梓電永豐98購02,0,0,0,0,0,0,0,0,0,83000,0,0,0,83000,0,83000,83000
060660,國巨凱基9B購04  ,0,0,0,0,0,0,0,0,0,83000,0,0,0,91000,8000,83000,83000
061050,康友中信9A購01  ,0,0,0,0,0,0,0,0,0,83000,0,0,0,83000,0,83000,83000
065786,神基永豐9C購01  ,0,0,0,0,0,0,0,0,0,83000,0,0,0,83000,0,83000,83000
065313,聯茂國票01購01  ,0,0,0,0,0,0,0,0,0,83000,0,0,0,123000,40000,83000,83000
067406,矽格永豐01購01  ,0,0,0,0,0,0,0,0,0,82000,0,0,0,90000,8000,82000,82000
066851,瀚宇博元大01購02,0,0,0,0,0,0,0,0,0,82000,0,0,0,339000,257000,82000,82000
066988,新唐群益02購01  ,0,0,0,0,0,0,0,0,0,82000,0,0,0,209000,127000,82000,82000
08692P,國巨兆豐01售02  ,0,0,0,0,0,0,0,0,0,82000,0,0,0,82000,0,82000,82000
2481,強茂            ,656000,507000,149000,0,0,0,0,0,0,-67000,110000,70000,40000,1000,108000,-107000,82000
056552,台表科凱基99購01,0,0,0,0,0,0,0,0,0,82000,0,0,0,105000,23000,82000,82000
054532,強茂國泰98購01  ,0,0,0,0,0,0,0,0,0,82000,0,0,0,100000,18000,82000,82000
059918,華新科元大99購20,0,0,0,0,0,0,0,0,0,82000,0,0,0,82000,0,82000,82000
057876,隆達元大98購01  ,0,0,0,0,0,0,0,0,0,82000,0,0,0,122000,40000,82000,82000
063187,全新凱基9B購02  ,0,0,0,0,0,0,0,0,0,82000,0,0,0,122000,40000,82000,82000
062863,聯茂國票9B購01  ,0,0,0,0,0,0,0,0,0,82000,0,0,0,100000,18000,82000,82000
065080,燿華元大01購01  ,0,0,0,0,0,0,0,0,0,82000,0,0,0,105000,23000,82000,82000
064938,華新科元富9C購01,0,0,0,0,0,0,0,0,0,82000,0,0,0,82000,0,82000,82000
064976,景碩元大9C購01  ,0,0,0,0,0,0,0,0,0,82000,0,0,0,169000,87000,82000,82000
064004,全新凱基01購01  ,0,0,0,0,0,0,0,0,0,82000,0,0,0,104000,22000,82000,82000
065865,光寶科群益9C購02,0,0,0,0,0,0,0,0,0,82000,0,0,0,102000,20000,82000,82000
066481,華碩元富01購01  ,0,0,0,0,0,0,0,0,0,82000,0,0,0,185000,103000,82000,82000
1905,華紙            ,238000,162000,76000,0,0,0,0,0,0,5000,0,0,0,5000,0,5000,81000
1732,毛寶            ,419000,339000,80000,0,0,0,0,0,0,1000,1000,0,1000,0,0,0,81000
1416,廣豐            ,192000,111000,81000,0,0,0,0,0,0,0,0,0,0,0,0,0,81000
07634P,金像電元大9A售01,0,0,0,0,0,0,0,0,0,81000,0,0,0,160000,79000,81000,81000
052890,FB上証群益9B購01,0,0,0,0,0,0,0,0,0,81000,0,0,0,103000,22000,81000,81000
066128,台積電群益02購01,0,0,0,0,0,0,0,0,0,81000,0,0,0,253000,172000,81000,81000
066078,南電凱基02購02  ,0,0,0,0,0,0,0,0,0,81000,0,0,0,83000,2000,81000,81000
063954,世芯元大01購02  ,0,0,0,0,0,0,0,0,0,81000,0,0,0,96000,15000,81000,81000
07391P,台灣50國泰02售01,0,0,0,0,0,0,0,0,0,80000,0,0,0,100000,20000,80000,80000
06938P,南電元大98售03  ,0,0,0,0,0,0,0,0,0,80000,0,0,0,80000,0,80000,80000
066872,亞光國泰03購01  ,0,0,0,0,0,0,0,0,0,80000,0,0,0,80000,0,80000,80000
067303,聯發科元大02購03,0,0,0,0,0,0,0,0,0,80000,0,0,0,100000,20000,80000,80000
08369P,鴻海凱基01售04  ,0,0,0,0,0,0,0,0,0,80000,0,0,0,80000,0,80000,80000
08313P,健策國票01售01  ,0,0,0,0,0,0,0,0,0,80000,0,0,0,146000,66000,80000,80000
054799,超眾群益98購01  ,0,0,0,0,0,0,0,0,0,80000,0,0,0,80000,0,80000,80000
054060,晶技國票97購02  ,0,0,0,0,0,0,0,0,0,80000,0,0,0,80000,0,80000,80000
057531,禾伸堂元大99購04,0,0,0,0,0,0,0,0,0,80000,0,0,0,100000,20000,80000,80000
057535,泰鼎元大99購01  ,0,0,0,0,0,0,0,0,0,80000,0,0,0,80000,0,80000,80000
058297,茂林凱基9A購02  ,0,0,0,0,0,0,0,0,0,80000,0,0,0,80000,0,80000,80000
058924,晶相光元富99購02,0,0,0,0,0,0,0,0,0,80000,0,0,0,100000,20000,80000,80000
061547,禾伸堂群益9A購01,0,0,0,0,0,0,0,0,0,80000,0,0,0,100000,20000,80000,80000
064085,儒鴻凱基9C購02  ,0,0,0,0,0,0,0,0,0,80000,0,0,0,124000,44000,80000,80000
060896,晶技凱基9A購02  ,0,0,0,0,0,0,0,0,0,80000,0,0,0,165000,85000,80000,80000
062821,華擎兆豐9C購01  ,0,0,0,0,0,0,0,0,0,80000,0,0,0,80000,0,80000,80000
063285,華擎元大9B購03  ,0,0,0,0,0,0,0,0,0,80000,0,0,0,147000,67000,80000,80000
063959,GIS元大9C購02   ,0,0,0,0,0,0,0,0,0,80000,0,0,0,193000,113000,80000,80000
063650,矽創元大9B購03  ,0,0,0,0,0,0,0,0,0,80000,0,0,0,89000,9000,80000,80000
064759,景碩凱基9C購01  ,0,0,0,0,0,0,0,0,0,80000,0,0,0,87000,7000,80000,80000
065394,英業達群益9C購01,0,0,0,0,0,0,0,0,0,80000,0,0,0,92000,12000,80000,80000
066193,致新凱基01購01  ,0,0,0,0,0,0,0,0,0,80000,0,0,0,80000,0,80000,80000
066567,臻鼎元大01購01  ,0,0,0,0,0,0,0,0,0,80000,0,0,0,208000,128000,80000,80000
065820,瑞祺元富03購01  ,0,0,0,0,0,0,0,0,0,80000,0,0,0,95000,15000,80000,80000
6141,柏承            ,702000,622000,80000,0,0,0,0,0,0,0,0,0,0,0,0,0,80000
2468,華經            ,144000,65000,79000,0,0,0,0,0,0,0,0,0,0,0,0,0,79000
07482P,南亞科元富9A售04,0,0,0,0,0,0,0,0,0,79000,0,0,0,79000,0,79000,79000
07712P,茂林元大9A售03  ,0,0,0,0,0,0,0,0,0,79000,0,0,0,79000,0,79000,79000
059940,微星永豐99購01  ,0,0,0,0,0,0,0,0,0,79000,0,0,0,79000,0,79000,79000
056266,開發金統一9A購01,0,0,0,0,0,0,0,0,0,79000,0,0,0,79000,0,79000,79000
056466,臺股指凱基99購08,0,0,0,0,0,0,0,0,0,79000,0,0,0,100000,21000,79000,79000
062928,富邦金台新9B購02,0,0,0,0,0,0,0,0,0,79000,0,0,0,82000,3000,79000,79000
059996,美律元富99購01  ,0,0,0,0,0,0,0,0,0,79000,0,0,0,241000,162000,79000,79000
065578,台郡群益9C購02  ,0,0,0,0,0,0,0,0,0,79000,0,0,0,119000,40000,79000,79000
065351,中租統一02購02  ,0,0,0,0,0,0,0,0,0,79000,0,0,0,127000,48000,79000,79000
065119,大立光富邦03購03,0,0,0,0,0,0,0,0,0,79000,0,0,0,90000,11000,79000,79000
064815,台表科元大01購01,0,0,0,0,0,0,0,0,0,79000,0,0,0,163000,84000,79000,79000
063603,友達凱基9B購05  ,0,0,0,0,0,0,0,0,0,79000,0,0,0,82000,3000,79000,79000
07236P,台灣50國票99售05,0,0,0,0,0,0,0,0,0,78000,0,0,0,78000,0,78000,78000
08521P,台達電元大9C售03,0,0,0,0,0,0,0,0,0,78000,0,0,0,103000,25000,78000,78000
054370,台積電中信9A購01,0,0,0,0,0,0,0,0,0,78000,0,0,0,130000,52000,78000,78000
056599,臻鼎元富98購01  ,0,0,0,0,0,0,0,0,0,78000,0,0,0,78000,0,78000,78000
063197,遠東新統一9C購01,0,0,0,0,0,0,0,0,0,78000,0,0,0,165000,87000,78000,78000
063112,祥碩兆豐9B購01  ,0,0,0,0,0,0,0,0,0,78000,0,0,0,78000,0,78000,78000
064234,正崴統一01購01  ,0,0,0,0,0,0,0,0,0,78000,0,0,0,78000,0,78000,78000
061425,華新科元大9A購19,0,0,0,0,0,0,0,0,0,78000,0,0,0,78000,0,78000,78000
060513,緯穎元大9B購01  ,0,0,0,0,0,0,0,0,0,78000,0,0,0,120000,42000,78000,78000
063976,正崴兆豐9C購01  ,0,0,0,0,0,0,0,0,0,78000,0,0,0,78000,0,78000,78000
064954,奇鋐凱基9C購01  ,50000,45000,5000,0,0,0,0,0,0,73000,0,0,0,347000,274000,73000,78000
066536,漢唐兆豐03購01  ,0,0,0,0,0,0,0,0,0,78000,0,0,0,83000,5000,78000,78000
066356,嘉基永豐01購01  ,0,0,0,0,0,0,0,0,0,78000,0,0,0,161000,83000,78000,78000
8021,尖點            ,193000,115000,78000,0,0,0,0,0,0,0,0,0,0,0,0,0,78000
08763P,健策永豐01售02  ,0,0,0,0,0,0,0,0,0,77000,0,0,0,100000,23000,77000,77000
08726P,台積電群益01售07,0,0,0,0,0,0,0,0,0,77000,0,0,0,548000,471000,77000,77000
067247,瀚宇博群益01購02,0,0,0,0,0,0,0,0,0,77000,0,0,0,128000,51000,77000,77000
059313,元石油元大99購06,0,0,0,0,0,0,0,0,0,77000,0,0,0,77000,0,77000,77000
054371,台積電中信9C購01,0,0,0,0,0,0,0,0,0,77000,0,0,0,96000,19000,77000,77000
061787,華新科群益9C購01,0,0,0,0,0,0,0,0,0,77000,0,0,0,87000,10000,77000,77000
061260,台積電凱基9A購23,0,0,0,0,0,0,0,0,0,77000,0,0,0,81000,4000,77000,77000
062655,漢唐永豐9B購01  ,0,0,0,0,0,0,0,0,0,77000,0,0,0,149000,72000,77000,77000
06083P,華通統一98售02  ,0,0,0,0,0,0,0,0,0,77000,0,0,0,77000,0,77000,77000
064830,可成統一9C購04  ,0,0,0,0,0,0,0,0,0,77000,0,0,0,111000,34000,77000,77000
5434,崇越            ,242000,159000,83000,0,0,0,0,0,0,-6000,0,0,0,0,6000,-6000,77000
08590P,智邦凱基9C售04  ,0,0,0,0,0,0,0,0,0,76000,0,0,0,96000,20000,76000,76000
08059P,京鼎元大9B售02  ,0,0,0,0,0,0,0,0,0,76000,0,0,0,76000,0,76000,76000
057988,鈺齊元富98購02  ,0,0,0,0,0,0,0,0,0,76000,0,0,0,96000,20000,76000,76000
064264,智伸科永豐9C購01,0,0,0,0,0,0,0,0,0,76000,0,0,0,76000,0,76000,76000
063842,國巨元大9C購10  ,0,0,0,0,0,0,0,0,0,76000,0,0,0,100000,24000,76000,76000
064072,康友永豐9C購01  ,0,0,0,0,0,0,0,0,0,76000,0,0,0,144000,68000,76000,76000
064061,GIS麥證01購01   ,0,0,0,86000,10000,76000,0,0,0,76000,0,0,0,86000,10000,76000,76000
062362,致茂元大9B購01  ,0,0,0,0,0,0,0,0,0,76000,0,0,0,76000,0,76000,76000
064896,華新科群益01購02,0,0,0,0,0,0,0,0,0,76000,0,0,0,76000,0,76000,76000
064577,大立光國泰02購01,0,0,0,0,0,0,0,0,0,76000,0,0,0,216000,140000,76000,76000
066509,南亞永豐01購01  ,0,0,0,0,0,0,0,0,0,76000,0,0,0,77000,1000,76000,76000
066660,群光凱基01購01  ,0,0,0,0,0,0,0,0,0,76000,0,0,0,76000,0,76000,76000
065663,凌華永豐9C購01  ,0,0,0,0,0,0,0,0,0,76000,0,0,0,99000,23000,76000,76000
8454,富邦媒          ,403428,271986,131442,0,0,0,0,58000,-58000,2000,2000,0,2000,0,0,0,75442
08320P,智邦統一9C售02  ,0,0,0,0,0,0,0,0,0,75000,0,0,0,100000,25000,75000,75000
08583P,鴻海群益01售05  ,0,0,0,0,0,0,0,0,0,75000,0,0,0,80000,5000,75000,75000
08517P,奇力新群益9C售03,0,0,0,0,0,0,0,0,0,75000,0,0,0,279000,204000,75000,75000
08666P,智邦國票02售01  ,0,0,0,0,0,0,0,0,0,75000,0,0,0,78000,3000,75000,75000
1440,南紡            ,680000,606000,74000,0,0,0,0,0,0,1000,1000,0,1000,0,0,0,75000
07235P,T50正2元大9C售02,0,0,0,0,0,0,0,0,0,75000,0,0,0,75000,0,75000,75000
07294P,滬深2X元富9C售08,0,0,0,0,0,0,0,0,0,75000,0,0,0,80000,5000,75000,75000
057926,帆宣凱基98購02  ,0,0,0,0,0,0,0,0,0,75000,0,0,0,75000,0,75000,75000
059853,超眾永豐99購03  ,0,0,0,0,0,0,0,0,0,75000,0,0,0,75000,0,75000,75000
058472,亞德客凱基9A購01,0,0,0,0,0,0,0,0,0,75000,0,0,0,211000,136000,75000,75000
057048,新日興元大98購01,0,0,0,0,0,0,0,0,0,75000,0,0,0,75000,0,75000,75000
056768,宏達電元大99購03,0,0,0,0,0,0,0,0,0,75000,0,0,0,307000,232000,75000,75000
062649,緯穎富邦9B購03  ,0,0,0,0,0,0,0,0,0,75000,0,0,0,88000,13000,75000,75000
061882,矽創元大9B購01  ,0,0,0,0,0,0,0,0,0,75000,0,0,0,77000,2000,75000,75000
062061,台勝科統一01購01,0,0,0,0,0,0,0,0,0,75000,0,0,0,75000,0,75000,75000
064236,奇力新統一01購04,0,0,0,0,0,0,0,0,0,75000,0,0,0,75000,0,75000,75000
060676,京元電元大9A購03,0,0,0,0,0,0,0,0,0,75000,0,0,0,215000,140000,75000,75000
061293,聯茂統一9A購01  ,0,0,0,0,0,0,0,0,0,75000,0,0,0,75000,0,75000,75000
066470,惠特統一02購01  ,0,0,0,0,0,0,0,0,0,75000,0,0,0,75000,0,75000,75000
066182,康控凱基01購01  ,0,0,0,0,0,0,0,0,0,75000,0,0,0,76000,1000,75000,75000
066173,泰碩凱基02購01  ,0,0,0,0,0,0,0,0,0,75000,0,0,0,75000,0,75000,75000
064551,鈺齊凱基9C購02  ,0,0,0,0,0,0,0,0,0,75000,0,0,0,137000,62000,75000,75000
064957,台表科凱基02購02,0,0,0,0,0,0,0,0,0,75000,0,0,0,155000,80000,75000,75000
07103P,南電元大99售04  ,0,0,0,0,0,0,0,0,0,74000,0,0,0,84000,10000,74000,74000
066729,台積電元大01購16,0,0,0,0,0,0,0,0,0,74000,0,0,0,110000,36000,74000,74000
066669,華擎凱基02購02  ,0,0,0,0,0,0,0,0,0,74000,0,0,0,220000,146000,74000,74000
055781,聯詠凱基98購01  ,0,0,0,0,0,0,0,0,0,74000,0,0,0,107000,33000,74000,74000
03432B,臺股指凱基98熊13,0,0,0,0,0,0,0,0,0,74000,0,0,0,630000,556000,74000,74000
063142,奇力新統一9C購04,0,0,0,0,0,0,0,0,0,74000,0,0,0,74000,0,74000,74000
063063,泰鼎元富9B購01  ,0,0,0,0,0,0,0,0,0,74000,0,0,0,84000,10000,74000,74000
064215,康控凱基02購01  ,0,0,0,0,0,0,0,0,0,74000,0,0,0,86000,12000,74000,74000
064398,聚陽凱基01購01  ,0,0,0,0,0,0,0,0,0,74000,0,0,0,90000,16000,74000,74000
064522,華擎群益01購01  ,0,0,0,0,0,0,0,0,0,74000,0,0,0,84000,10000,74000,74000
066030,超眾群益01購01  ,0,0,0,0,0,0,0,0,0,74000,0,0,0,74000,0,74000,74000
066919,台積電麥證01購06,0,0,0,173000,100000,73000,0,0,0,73000,0,0,0,173000,100000,73000,73000
07886P,國巨國票9B售06  ,0,0,0,0,0,0,0,0,0,73000,0,0,0,115000,42000,73000,73000
063378,茂林永豐9B購02  ,0,0,0,0,0,0,0,0,0,73000,0,0,0,73000,0,73000,73000
058496,文曄群益99購01  ,0,0,0,0,0,0,0,0,0,73000,0,0,0,93000,20000,73000,73000
054546,玉晶光中信9B購01,10000,15000,-5000,0,0,0,0,0,0,78000,0,0,0,2428000,2350000,78000,73000
060789,禾伸堂富邦9B購02,0,0,0,0,0,0,0,0,0,73000,0,0,0,110000,37000,73000,73000
060599,國巨凱基9C購01  ,0,0,0,0,0,0,0,0,0,73000,0,0,0,130000,57000,73000,73000
062461,智伸科群益9B購01,0,0,0,0,0,0,0,0,0,73000,0,0,0,73000,0,73000,73000
066054,創意元大01購02  ,0,0,0,0,0,0,0,0,0,73000,0,0,0,83000,10000,73000,73000
065473,鴻海元大9C購14  ,0,0,0,0,0,0,0,0,0,73000,0,0,0,116000,43000,73000,73000
064763,祥碩凱基02購01  ,0,0,0,0,0,0,0,0,0,73000,0,0,0,116000,43000,73000,73000
3665,貿聯-KY         ,217000,122000,95000,0,0,0,0,13000,-13000,-9000,5000,1000,4000,5000,18000,-13000,73000
066741,華擎元大01購03  ,0,0,0,0,0,0,0,0,0,72000,0,0,0,198000,126000,72000,72000
051849,旺宏中信98購01  ,0,0,0,0,0,0,0,0,0,72000,0,0,0,190000,118000,72000,72000
046942,友達元大99購01  ,0,0,0,0,0,0,0,0,0,72000,0,0,0,72000,0,72000,72000
056276,同欣電國泰98購01,0,0,0,0,0,0,0,0,0,72000,0,0,0,79000,7000,72000,72000
059283,康友永豐99購02  ,0,0,0,0,0,0,0,0,0,72000,0,0,0,72000,0,72000,72000
056712,京鼎永豐98購01  ,0,0,0,0,0,0,0,0,0,72000,0,0,0,106000,34000,72000,72000
058677,矽格群益99購01  ,0,0,0,0,0,0,0,0,0,72000,0,0,0,109000,37000,72000,72000
061950,日月光群益9B購01,0,0,0,0,0,0,0,0,0,72000,0,0,0,98000,26000,72000,72000
062230,緯穎統一01購01  ,0,0,0,0,0,0,0,0,0,72000,0,0,0,553000,481000,72000,72000
061077,國巨兆豐9B購01  ,0,0,0,0,0,0,0,0,0,72000,0,0,0,93000,21000,72000,72000
065094,新日興元大9C購04,0,0,0,0,0,0,0,0,0,72000,0,0,0,125000,53000,72000,72000
065239,超眾凱基02購02  ,0,0,0,0,0,0,0,0,0,72000,0,0,0,100000,28000,72000,72000
063734,可成元大9B購04  ,0,0,0,0,0,0,0,0,0,72000,0,0,0,80000,8000,72000,72000
066444,華擎群益01購03  ,0,0,0,0,0,0,0,0,0,72000,0,0,0,155000,83000,72000,72000
066769,嘉基永豐01購02  ,0,0,0,0,0,0,0,0,0,71000,0,0,0,204000,133000,71000,71000
054632,緯穎凱基9A購01  ,0,0,0,0,0,0,0,0,0,71000,0,0,0,71000,0,71000,71000
066234,群光富邦04購01  ,0,0,0,0,0,0,0,0,0,71000,0,0,0,135000,64000,71000,71000
065664,矽格永豐9C購01  ,0,0,0,0,0,0,0,0,0,71000,0,0,0,87000,16000,71000,71000
064827,友達統一02購02  ,0,0,0,0,0,0,0,0,0,71000,0,0,0,71000,0,71000,71000
8046,南電            ,1444000,1479000,-35000,0,0,0,0,70000,-70000,176000,120000,11000,109000,83000,16000,67000,71000
066922,台表科麥證01購01,0,0,0,168000,98000,70000,0,0,0,70000,0,0,0,168000,98000,70000,70000
08036P,嘉澤群益9B售03  ,0,0,0,0,0,0,0,0,0,70000,0,0,0,161000,91000,70000,70000
08430P,友達凱基01售01  ,0,0,0,0,0,0,0,0,0,70000,0,0,0,70000,0,70000,70000
08745P,臺股指凱基02售06,0,0,0,0,0,0,0,0,0,70000,0,0,0,110000,40000,70000,70000
2106,建大            ,151000,81000,70000,0,0,0,0,0,0,0,0,0,0,0,0,0,70000
054928,帆宣凱基98購01  ,0,0,0,0,0,0,0,0,0,70000,0,0,0,70000,0,70000,70000
056387,智伸科國泰99購01,0,0,0,0,0,0,0,0,0,70000,0,0,0,70000,0,70000,70000
059926,世紀鋼國泰9B購01,0,0,0,0,0,0,0,0,0,70000,0,0,0,90000,20000,70000,70000
063140,聯發科統一9B購08,0,0,0,0,0,0,0,0,0,70000,0,0,0,88000,18000,70000,70000
063165,泰碩永豐9B購02  ,0,0,0,0,0,0,0,0,0,70000,0,0,0,70000,0,70000,70000
060368,緯穎元富9A購03  ,0,0,0,0,0,0,0,0,0,70000,0,0,0,70000,0,70000,70000
064283,奇鋐元大9C購02  ,0,0,0,0,0,0,0,0,0,70000,0,0,0,132000,62000,70000,70000
064288,瀚宇博元大9C購02,0,0,0,0,0,0,0,0,0,70000,0,0,0,70000,0,70000,70000
063841,國巨元大01購01  ,0,0,0,0,0,0,0,0,0,70000,0,0,0,118000,48000,70000,70000
062805,台勝科統一9C購01,0,0,0,0,0,0,0,0,0,70000,0,0,0,75000,5000,70000,70000
062971,英業達元富9B購01,0,0,0,0,0,0,0,0,0,70000,0,0,0,341000,271000,70000,70000
064934,南電統一01購02  ,0,0,0,0,0,0,0,0,0,70000,0,0,0,70000,0,70000,70000
065364,國巨元大9C購18  ,0,0,0,0,0,0,0,0,0,70000,0,0,0,100000,30000,70000,70000
064501,大立光元大01購02,0,0,0,0,0,0,0,0,0,70000,0,0,0,100000,30000,70000,70000
064010,GIS凱基02購01   ,0,0,0,0,0,0,0,0,0,70000,0,0,0,112000,42000,70000,70000
065722,緯創兆豐9C購02  ,0,0,0,0,0,0,0,0,0,70000,0,0,0,150000,80000,70000,70000
066192,嘉基凱基01購01  ,0,0,0,0,0,0,0,0,0,70000,0,0,0,100000,30000,70000,70000
066430,台郡元大01購01  ,0,0,0,0,0,0,0,0,0,70000,0,0,0,96000,26000,70000,70000
066464,台郡統一02購02  ,15000,0,15000,0,0,0,0,0,0,55000,0,0,0,508000,453000,55000,70000
6698,旭暉應材        ,74000,44000,30000,0,0,0,40000,0,40000,0,0,0,0,0,0,0,70000
4144,康聯-KY         ,146000,76000,70000,0,0,0,0,0,0,0,0,0,0,0,0,0,70000
08760P,瑞昱元大01售02  ,0,0,0,0,0,0,0,0,0,69000,0,0,0,153000,84000,69000,69000
057665,技嘉元大99購01  ,0,0,0,0,0,0,0,0,0,69000,0,0,0,94000,25000,69000,69000
053095,台光電統一98購01,0,0,0,0,0,0,0,0,0,69000,0,0,0,70000,1000,69000,69000
063492,台積電富邦02購02,0,0,0,0,0,0,0,0,0,69000,0,0,0,81000,12000,69000,69000
060561,台積電富邦04購01,0,0,0,0,0,0,0,0,0,69000,0,0,0,71000,2000,69000,69000
060999,國巨兆豐9A購01  ,0,0,0,0,0,0,0,0,0,69000,0,0,0,102000,33000,69000,69000
066457,可成統一02購01  ,0,0,0,0,0,0,0,0,0,69000,0,0,0,80000,11000,69000,69000
066429,矽格元大01購01  ,0,0,0,0,0,0,0,0,0,69000,0,0,0,112000,43000,69000,69000
065436,力成凱基02購01  ,0,0,0,0,0,0,0,0,0,69000,0,0,0,99000,30000,69000,69000
065928,創意國票02購01  ,0,0,0,0,0,0,0,0,0,69000,0,0,0,106000,37000,69000,69000
063732,建準元大9B購02  ,0,0,0,0,0,0,0,0,0,69000,0,0,0,358000,289000,69000,69000
064916,玉山金統一02購01,0,0,0,0,0,0,0,0,0,69000,0,0,0,390000,321000,69000,69000
064919,嘉晶統一02購02  ,0,0,0,0,0,0,0,0,0,69000,0,0,0,71000,2000,69000,69000
064813,祥碩元大9C購05  ,0,0,0,0,0,0,0,0,0,69000,0,0,0,70000,1000,69000,69000
064801,鴻海元大9C購13  ,0,0,0,0,0,0,0,0,0,69000,0,0,0,144000,75000,69000,69000
6024,群益期          ,105000,36000,69000,0,0,0,0,0,0,0,0,0,0,0,0,0,69000
07903P,台積電群益9B售03,0,0,0,0,0,0,0,0,0,68000,0,0,0,81000,13000,68000,68000
07084P,S&P正2元富9B售02,0,0,0,0,0,0,0,0,0,68000,0,0,0,68000,0,68000,68000
056279,新日興富邦99購01,0,0,0,0,0,0,0,0,0,68000,0,0,0,82000,14000,68000,68000
059292,華新科元富9B購02,0,0,0,0,0,0,0,0,0,68000,0,0,0,107000,39000,68000,68000
058095,昇陽半元大98購03,0,0,0,0,0,0,0,0,0,68000,0,0,0,68000,0,68000,68000
057667,可成元大99購01  ,0,0,0,0,0,0,0,0,0,68000,0,0,0,98000,30000,68000,68000
057664,台積電元大9A購03,0,0,0,0,0,0,0,0,0,68000,0,0,0,78000,10000,68000,68000
057792,群創統一99購01  ,0,0,0,0,0,0,0,0,0,68000,0,0,0,68000,0,68000,68000
057524,旺宏元大99購04  ,0,0,0,0,0,0,0,0,0,68000,0,0,0,68000,0,68000,68000
063382,南茂永豐9B購01  ,0,0,0,0,0,0,0,0,0,68000,0,0,0,78000,10000,68000,68000
063384,巨大永豐9B購04  ,0,0,0,0,0,0,0,0,0,68000,0,0,0,136000,68000,68000,68000
063409,GIS國票9C購02   ,0,0,0,0,0,0,0,0,0,68000,0,0,0,68000,0,68000,68000
059058,可成凱基9B購01  ,0,0,0,0,0,0,0,0,0,68000,0,0,0,68000,0,68000,68000
060987,華新科元大9A購11,0,0,0,0,0,0,0,0,0,68000,0,0,0,164000,96000,68000,68000
060014,中鋼康和99購01  ,0,0,0,0,0,0,0,0,0,68000,0,0,0,68000,0,68000,68000
061424,華新科元大9A購18,0,0,0,0,0,0,0,0,0,68000,0,0,0,68000,0,68000,68000
061770,泰碩元大9B購02  ,0,0,0,0,0,0,0,0,0,68000,0,0,0,68000,0,68000,68000
061898,茂林永豐9B購01  ,0,0,0,0,0,0,0,0,0,68000,0,0,0,68000,0,68000,68000
063461,金像電元大9B購03,1000,0,1000,0,0,0,0,0,0,67000,0,0,0,246000,179000,67000,68000
061875,華新科元大9B購03,0,0,0,0,0,0,0,0,0,68000,0,0,0,68000,0,68000,68000
064870,中租永豐9C購01  ,0,0,0,0,0,0,0,0,0,68000,0,0,0,68000,0,68000,68000
065310,華擎國票01購01  ,0,0,0,0,0,0,0,0,0,68000,0,0,0,96000,28000,68000,68000
064672,同欣電元大01購01,0,0,0,0,0,0,0,0,0,68000,0,0,0,178000,110000,68000,68000
066061,超眾元大01購04  ,0,0,0,0,0,0,0,0,0,68000,0,0,0,103000,35000,68000,68000
065789,泰碩永豐9C購02  ,0,0,0,0,0,0,0,0,0,68000,0,0,0,68000,0,68000,68000
066615,長榮航康和01購01,0,0,0,0,0,0,0,0,0,68000,0,0,0,68000,0,68000,68000
066758,智邦永豐01購01  ,0,0,0,0,0,0,0,0,0,67000,0,0,0,68000,1000,67000,67000
08461P,長榮航國票9C售01,0,0,0,0,0,0,0,0,0,67000,0,0,0,67000,0,67000,67000
08526P,義隆元大9C售04  ,0,0,0,0,0,0,0,0,0,67000,0,0,0,110000,43000,67000,67000
057852,國巨國票99購05  ,0,0,0,0,0,0,0,0,0,67000,0,0,0,67000,0,67000,67000
057824,日月光元大98購01,0,0,0,0,0,0,0,0,0,67000,0,0,0,67000,0,67000,67000
063050,葡萄王統一01購01,0,0,0,0,0,0,0,0,0,67000,0,0,0,70000,3000,67000,67000
063417,金像電凱基9B購03,0,0,0,0,0,0,0,0,0,67000,0,0,0,269000,202000,67000,67000
063311,喬山群益9B購01  ,0,0,0,0,0,0,0,0,0,67000,0,0,0,67000,0,67000,67000
062411,玉晶光第一9B購01,0,0,0,0,0,0,0,0,0,67000,0,0,0,67000,0,67000,67000
061601,台積電凱基9A購26,0,0,0,0,0,0,0,0,0,67000,0,0,0,67000,0,67000,67000
066574,康友元大01購01  ,0,0,0,0,0,0,0,0,0,67000,0,0,0,223000,156000,67000,67000
066060,超眾元大01購03  ,0,0,0,0,0,0,0,0,0,67000,0,0,0,93000,26000,67000,67000
3149,正達            ,82000,15000,67000,0,0,0,0,0,0,0,0,0,0,0,0,0,67000
08629P,緯創凱基9C售02  ,0,0,0,0,0,0,0,0,0,66000,0,0,0,179000,113000,66000,66000
08633P,聯發科元大9C售20,0,0,0,0,0,0,0,0,0,66000,0,0,0,106000,40000,66000,66000
066751,矽創元大01購03  ,0,0,0,0,0,0,0,0,0,66000,0,0,0,169000,103000,66000,66000
067300,金像電元大02購02,0,0,0,0,0,0,0,0,0,66000,0,0,0,72000,6000,66000,66000
067150,聯發科統一02購05,0,0,0,0,0,0,0,0,0,66000,0,0,0,66000,0,66000,66000
07764P,世紀鋼永豐9A售04,0,0,0,0,0,0,0,0,0,66000,0,0,0,66000,0,66000,66000
057740,茂林富邦9A購01  ,0,0,0,0,0,0,0,0,0,66000,0,0,0,66000,0,66000,66000
059452,全新永豐99購03  ,0,0,0,0,0,0,0,0,0,66000,0,0,0,66000,0,66000,66000
057165,國巨元大99購05  ,0,0,0,0,0,0,0,0,0,66000,0,0,0,66000,0,66000,66000
063442,金像電統一01購01,0,0,0,0,0,0,0,0,0,66000,0,0,0,132000,66000,66000,66000
066297,美利達元大01購01,0,0,0,0,0,0,0,0,0,66000,0,0,0,66000,0,66000,66000
064489,宏碁元大9C購01  ,0,0,0,0,0,0,0,0,0,66000,0,0,0,398000,332000,66000,66000
065369,瑞昱元大9C購01  ,0,0,0,0,0,0,0,0,0,66000,0,0,0,120000,54000,66000,66000
07223P,鴻海元大99售29  ,0,0,0,0,0,0,0,0,0,65000,0,0,0,65000,0,65000,65000
067128,華城永豐01購02  ,0,0,0,0,0,0,0,0,0,65000,0,0,0,283000,218000,65000,65000
08681P,台灣50凱基01售16,0,0,0,0,0,0,0,0,0,65000,0,0,0,90000,25000,65000,65000
08452P,智邦台新9C售05  ,0,0,0,0,0,0,0,0,0,65000,0,0,0,65000,0,65000,65000
056806,元油2X統一98購02,0,0,0,0,0,0,0,0,0,65000,0,0,0,65000,0,65000,65000
054589,聯鈞國泰99購01  ,0,0,0,0,0,0,0,0,0,65000,0,0,0,90000,25000,65000,65000
059870,全新凱基99購05  ,0,0,0,0,0,0,0,0,0,65000,0,0,0,65000,0,65000,65000
062395,台表科富邦9C購01,0,0,0,0,0,0,0,0,0,65000,0,0,0,65000,0,65000,65000
065596,鴻海元大9C購16  ,0,0,0,0,0,0,0,0,0,65000,0,0,0,125000,60000,65000,65000
6168,宏齊            ,167000,102000,65000,0,0,0,0,0,0,0,0,0,0,0,0,0,65000
08628P,微星中信9C售01  ,0,0,0,0,0,0,0,0,0,64000,0,0,0,277000,213000,64000,64000
08520P,和大元大9C售04  ,0,0,0,0,0,0,0,0,0,64000,0,0,0,124000,60000,64000,64000
08220P,華邦電凱基9B售02,0,0,0,0,0,0,0,0,0,64000,0,0,0,84000,20000,64000,64000
08859P,奇鋐國票03售01  ,0,0,0,0,0,0,0,0,0,64000,0,0,0,117000,53000,64000,64000
057803,上銀元大98購08  ,0,0,0,0,0,0,0,0,0,64000,0,0,0,64000,0,64000,64000
063252,緯穎元大9B購07  ,0,0,0,0,0,0,0,0,0,64000,0,0,0,70000,6000,64000,64000
03689C,T50反1元大02牛01,0,0,0,0,0,0,0,0,0,64000,0,0,0,300000,236000,64000,64000
063497,東元永豐9B購01  ,0,0,0,0,0,0,0,0,0,64000,0,0,0,64000,0,64000,64000
062236,信邦凱基9B購01  ,0,0,0,0,0,0,0,0,0,64000,0,0,0,383000,319000,64000,64000
064381,道瓊銀國泰02購01,0,0,0,0,0,0,0,0,0,64000,0,0,0,64000,0,64000,64000
060671,亞德客元大9A購03,0,0,0,0,0,0,0,0,0,64000,0,0,0,84000,20000,64000,64000
065877,TPK群益9C購05   ,0,0,0,0,0,0,0,0,0,64000,0,0,0,64000,0,64000,64000
8081,致新            ,259000,184000,75000,0,0,0,0,0,0,-11000,5000,0,5000,10000,26000,-16000,64000
08462P,臻鼎國票9C售02  ,0,0,0,0,0,0,0,0,0,63000,0,0,0,147000,84000,63000,63000
07292P,臺股指凱基99售44,0,0,0,0,0,0,0,0,0,63000,0,0,0,63000,0,63000,63000
063056,嘉澤統一9C購02  ,0,0,0,0,0,0,0,0,0,63000,0,0,0,63000,0,63000,63000
060651,瑞儀中信9B購01  ,0,0,0,0,0,0,0,0,0,63000,0,0,0,129000,66000,63000,63000
061411,T50反1群益9A購05,0,0,0,0,0,0,0,0,0,63000,0,0,0,63000,0,63000,63000
062226,臻鼎統一9B購01  ,0,0,0,0,0,0,0,0,0,63000,0,0,0,137000,74000,63000,63000
061205,旺宏元大9A購11  ,0,0,0,0,0,0,0,0,0,63000,0,0,0,163000,100000,63000,63000
065800,技嘉群益9C購01  ,0,0,0,0,0,0,0,0,0,63000,0,0,0,94000,31000,63000,63000
4540,全球傳動        ,94000,31000,63000,0,0,0,0,0,0,0,0,0,0,0,0,0,63000
067141,台表科永豐01購01,0,0,0,0,0,0,0,0,0,62000,0,0,0,182000,120000,62000,62000
07879P,瑞昱群益9C售01  ,0,0,0,0,0,0,0,0,0,62000,0,0,0,230000,168000,62000,62000
07850P,健策群益9A售06  ,0,0,0,0,0,0,0,0,0,62000,0,0,0,83000,21000,62000,62000
08800P,台積電元大01售20,0,0,0,0,0,0,0,0,0,62000,0,0,0,3755000,3693000,62000,62000
020012,富邦行動通訊N   ,0,0,0,0,0,0,0,0,0,62000,0,0,0,70000,8000,62000,62000
057328,京鼎群益99購02  ,0,0,0,0,0,0,0,0,0,62000,0,0,0,62000,0,62000,62000
060548,友達凱基9B購03  ,0,0,0,0,0,0,0,0,0,62000,0,0,0,62000,0,62000,62000
062335,茂林統一01購01  ,0,0,0,0,0,0,0,0,0,62000,0,0,0,62000,0,62000,62000
062425,可成統一01購01  ,0,0,0,0,0,0,0,0,0,62000,0,0,0,62000,0,62000,62000
061625,聯茂群益9A購02  ,0,0,0,0,0,0,0,0,0,62000,0,0,0,62000,0,62000,62000
06657P,寶成元大98售01  ,0,0,0,0,0,0,0,0,0,62000,0,0,0,62000,0,62000,62000
064930,南六統一02購02  ,0,0,0,0,0,0,0,0,0,62000,0,0,0,237000,175000,62000,62000
063761,嘉澤統一02購01  ,0,0,0,0,0,0,0,0,0,62000,0,0,0,62000,0,62000,62000
064650,台表科凱基03購01,0,0,0,0,0,0,0,0,0,62000,0,0,0,359000,297000,62000,62000
2642,宅配通          ,105000,43000,62000,0,0,0,0,0,0,0,0,0,0,0,0,0,62000
08825P,義隆元大01售04  ,0,0,0,0,0,0,0,0,0,61000,0,0,0,170000,109000,61000,61000
1733,五鼎            ,188000,124000,64000,0,0,0,0,0,0,-3000,4000,7000,-3000,0,0,0,61000
08189P,超眾群益9B售04  ,0,0,0,0,0,0,0,0,0,61000,0,0,0,161000,100000,61000,61000
08429P,台達電凱基9C售01,0,0,0,0,0,0,0,0,0,61000,0,0,0,62000,1000,61000,61000
006206,元大上證50      ,772000,314000,458000,0,0,0,0,0,0,-397000,0,0,0,1082000,1479000,-397000,61000
058328,世紀鋼統一9B購01,0,0,0,0,0,0,0,0,0,61000,0,0,0,81000,20000,61000,61000
060428,瑞祺永豐9A購01  ,0,0,0,0,0,0,0,0,0,61000,0,0,0,267000,206000,61000,61000
060183,南亞科元富9A購01,0,0,0,0,0,0,0,0,0,61000,0,0,0,61000,0,61000,61000
061304,創意永豐9A購02  ,0,0,0,0,0,0,0,0,0,61000,0,0,0,203000,142000,61000,61000
061839,華新科凱基05購04,0,0,0,0,0,0,0,0,0,61000,0,0,0,61000,0,61000,61000
062478,牧德國票9B購03  ,0,0,0,0,0,0,0,0,0,61000,0,0,0,99000,38000,61000,61000
061235,台積電元大9A購23,0,0,0,0,0,0,0,0,0,61000,0,0,0,64000,3000,61000,61000
066188,訊芯凱基01購01  ,0,0,0,0,0,0,0,0,0,61000,0,0,0,110000,49000,61000,61000
08467P,長榮航統一9C售01,0,0,0,0,0,0,0,0,0,60000,0,0,0,60000,0,60000,60000
08529P,臻鼎元大9C售03  ,0,0,0,0,0,0,0,0,0,60000,0,0,0,60000,0,60000,60000
07930P,聯發科統一9B售06,0,0,0,0,0,0,0,0,0,60000,0,0,0,60000,0,60000,60000
08006P,長榮航中信03售01,0,0,0,0,0,0,0,0,0,60000,0,0,0,60000,0,60000,60000
067084,泰鼎元大01購02  ,0,0,0,0,0,0,0,0,0,60000,0,0,0,62000,2000,60000,60000
067065,為升元大01購03  ,0,0,0,0,0,0,0,0,0,60000,0,0,0,60000,0,60000,60000
066692,T50反1群益01購04,0,0,0,0,0,0,0,0,0,60000,0,0,0,60000,0,60000,60000
07413P,國巨元大99售33  ,0,0,0,0,0,0,0,0,0,60000,0,0,0,60000,0,60000,60000
07545P,玉晶光凱基9A售07,0,0,0,0,0,0,0,0,0,60000,0,0,0,60000,0,60000,60000
06971P,台光電元大99售03,0,0,0,0,0,0,0,0,0,60000,0,0,0,60000,0,60000,60000
057925,貿聯凱基99購01  ,0,0,0,0,0,0,0,0,0,60000,0,0,0,60000,0,60000,60000
059535,玉山金凱基99購01,0,0,0,0,0,0,0,0,0,60000,0,0,0,100000,40000,60000,60000
059166,友達凱基99購05  ,0,0,0,0,0,0,0,0,0,60000,0,0,0,60000,0,60000,60000
058936,國喬中信99購01  ,0,0,0,0,0,0,0,0,0,60000,0,0,0,120000,60000,60000,60000
062912,新日興元大9B購01,0,0,0,0,0,0,0,0,0,60000,0,0,0,60000,0,60000,60000
063249,祥碩元大9B購06  ,0,0,0,0,0,0,0,0,0,60000,0,0,0,60000,0,60000,60000
063102,旺宏群益9B購03  ,0,0,0,0,0,0,0,0,0,60000,0,0,0,61000,1000,60000,60000
057780,台郡群益98購02  ,0,0,0,0,0,0,0,0,0,60000,0,0,0,60000,0,60000,60000
058477,億光凱基9A購01  ,0,0,0,0,0,0,0,0,0,60000,0,0,0,79000,19000,60000,60000
048847,A50群益98購01   ,0,0,0,0,0,0,0,0,0,60000,0,0,0,60000,0,60000,60000
052695,台表科中信98購01,0,0,0,0,0,0,0,0,0,60000,0,0,0,60000,0,60000,60000
053347,茂林國票98購01  ,0,0,0,0,0,0,0,0,0,60000,0,0,0,60000,0,60000,60000
058195,鈺齊永豐99購01  ,0,0,0,0,0,0,0,0,0,60000,0,0,0,60000,0,60000,60000
062481,同欣電國票9B購01,0,0,0,0,0,0,0,0,0,60000,0,0,0,60000,0,60000,60000
062444,大立光元大9C購01,0,0,0,0,0,0,0,0,0,60000,0,0,0,60000,0,60000,60000
062564,矽創凱基9B購01  ,0,0,0,0,0,0,0,0,0,60000,0,0,0,130000,70000,60000,60000
063476,台表科元大9C購03,0,0,0,0,0,0,0,0,0,60000,0,0,0,277000,217000,60000,60000
060952,滬深2X群益9C購05,0,0,0,0,0,0,0,0,0,60000,0,0,0,60000,0,60000,60000
060899,超眾凱基9A購01  ,0,0,0,0,0,0,0,0,0,60000,0,0,0,60000,0,60000,60000
064343,健鼎元大9C購01  ,0,0,0,0,0,0,0,0,0,60000,0,0,0,202000,142000,60000,60000
064124,台積電元大9C購10,0,0,0,0,0,0,0,0,0,60000,0,0,0,60000,0,60000,60000
066003,台表科國票02購02,0,0,0,0,0,0,0,0,0,60000,0,0,0,89000,29000,60000,60000
065669,義隆凱基01購03  ,0,0,0,0,0,0,0,0,0,60000,0,0,0,60000,0,60000,60000
065627,貿聯兆豐9C購02  ,0,0,0,0,0,0,0,0,0,60000,0,0,0,78000,18000,60000,60000
064723,大立光統一02購04,0,0,0,0,0,0,0,0,0,60000,0,0,0,60000,0,60000,60000
064554,儒鴻群益9C購01  ,0,0,0,0,0,0,0,0,0,60000,0,0,0,60000,0,60000,60000
065206,旺宏國票01購02  ,0,0,0,0,0,0,0,0,0,60000,0,0,0,60000,0,60000,60000
065083,南亞科元大01購01,0,0,0,0,0,0,0,0,0,60000,0,0,0,70000,10000,60000,60000
4956,光鋐            ,229000,169000,60000,0,0,0,0,0,0,0,0,0,0,0,0,0,60000
08458P,南電元大9C售04  ,0,0,0,0,0,0,0,0,0,59000,0,0,0,65000,6000,59000,59000
08338P,台灣50凱基9C售11,0,0,0,0,0,0,0,0,0,59000,0,0,0,60000,1000,59000,59000
059856,昇陽半永豐99購03,0,0,0,0,0,0,0,0,0,59000,0,0,0,60000,1000,59000,59000
060909,金像電元大9B購01,0,0,0,0,0,0,0,0,0,59000,0,0,0,59000,0,59000,59000
061305,帆宣永豐9A購01  ,0,0,0,0,0,0,0,0,0,59000,0,0,0,81000,22000,59000,59000
063298,統一凱基9B購01  ,0,0,0,0,0,0,0,0,0,59000,0,0,0,60000,1000,59000,59000
062204,京元電國票9C購01,0,0,0,0,0,0,0,0,0,59000,0,0,0,97000,38000,59000,59000
062548,智易永豐9B購01  ,0,0,0,0,0,0,0,0,0,59000,0,0,0,59000,0,59000,59000
065030,亞光兆豐9C購01  ,0,0,0,0,0,0,0,0,0,59000,0,0,0,84000,25000,59000,59000
063632,金像電元大9B購04,0,0,0,0,0,0,0,0,0,59000,0,0,0,186000,127000,59000,59000
08751P,友達群益01售01  ,0,0,0,0,0,0,0,0,0,58000,0,0,0,155000,97000,58000,58000
06935P,神達元大98售02  ,0,0,0,0,0,0,0,0,0,58000,0,0,0,458000,400000,58000,58000
06724P,台灣50國票98售01,0,0,0,0,0,0,0,0,0,58000,0,0,0,80000,22000,58000,58000
063372,漢翔永豐9B購01  ,0,0,0,0,0,0,0,0,0,58000,0,0,0,68000,10000,58000,58000
063025,超眾元大9B購01  ,0,0,0,0,0,0,0,0,0,58000,0,0,0,68000,10000,58000,58000
056573,華新科元大99購06,0,0,0,0,0,0,0,0,0,58000,0,0,0,88000,30000,58000,58000
062546,新日興永豐9B購01,0,0,0,0,0,0,0,0,0,58000,0,0,0,58000,0,58000,58000
061204,國巨元大9A購16  ,0,0,0,0,0,0,0,0,0,58000,0,0,0,82000,24000,58000,58000
061668,信邦中信9B購01  ,0,0,0,0,0,0,0,0,0,58000,0,0,0,66000,8000,58000,58000
060876,國巨中信9A購04  ,0,0,0,0,0,0,0,0,0,58000,0,0,0,71000,13000,58000,58000
062824,國巨群益9C購03  ,0,0,0,0,0,0,0,0,0,58000,0,0,0,118000,60000,58000,58000
066462,智伸科統一04購02,0,0,0,0,0,0,0,0,0,58000,0,0,0,58000,0,58000,58000
2308,台達電          ,4632773,3672000,960773,0,0,0,0,95000,-95000,-808000,57000,833000,-776000,12000,44000,-32000,57773
1712,興農            ,169000,112000,57000,0,0,0,0,0,0,0,0,0,0,0,0,0,57000
08441P,同欣電元富9C售01,0,0,0,0,0,0,0,0,0,57000,0,0,0,111000,54000,57000,57000
00713,元大台灣高息低波,0,0,0,0,0,0,0,0,0,57000,0,0,0,57000,0,57000,57000
064317,日月光群益9C購01,0,0,0,0,0,0,0,0,0,57000,0,0,0,124000,67000,57000,57000
066175,聯鈞凱基01購01  ,0,0,0,0,0,0,0,0,0,57000,0,0,0,98000,41000,57000,57000
065685,同欣電統一01購04,0,0,0,0,0,0,0,0,0,57000,0,0,0,57000,0,57000,57000
065811,億豐群益9C購01  ,0,0,0,0,0,0,0,0,0,57000,0,0,0,57000,0,57000,57000
064721,國泰金統一02購01,0,0,0,0,0,0,0,0,0,57000,0,0,0,57000,0,57000,57000
064781,嘉晶群益9C購04  ,0,0,0,0,0,0,0,0,0,57000,0,0,0,60000,3000,57000,57000
065102,同欣電元大9C購07,0,0,0,0,0,0,0,0,0,57000,0,0,0,57000,0,57000,57000
08000P,奇鋐凱基9B售03  ,0,0,0,0,0,0,0,0,0,56000,0,0,0,95000,39000,56000,56000
063167,同欣電永豐9B購03,0,0,0,0,0,0,0,0,0,56000,0,0,0,66000,10000,56000,56000
063202,南亞科統一9C購02,0,0,0,0,0,0,0,0,0,56000,0,0,0,56000,0,56000,56000
057507,貿聯國票98購02  ,0,0,0,0,0,0,0,0,0,56000,0,0,0,56000,0,56000,56000
058299,同欣電凱基9A購01,0,0,0,0,0,0,0,0,0,56000,0,0,0,82000,26000,56000,56000
061032,金像電永豐9A購03,0,0,0,0,0,0,0,0,0,56000,0,0,0,98000,42000,56000,56000
062952,台積電永豐9B購02,0,0,0,0,0,0,0,0,0,56000,0,0,0,56000,0,56000,56000
062619,台表科元大9B購03,0,0,0,0,0,0,0,0,0,56000,0,0,0,65000,9000,56000,56000
062345,和大群益9B購01  ,0,0,0,0,0,0,0,0,0,56000,0,0,0,56000,0,56000,56000
062690,華擎統一9B購01  ,0,0,0,0,0,0,0,0,0,56000,0,0,0,56000,0,56000,56000
064701,巨大群益9C購02  ,0,0,0,0,0,0,0,0,0,56000,0,0,0,128000,72000,56000,56000
063726,鴻海元大9B購04  ,0,0,0,0,0,0,0,0,0,56000,0,0,0,70000,14000,56000,56000
064481,技嘉永豐9C購01  ,0,0,0,0,0,0,0,0,0,56000,0,0,0,71000,15000,56000,56000
064437,可成凱基02購01  ,0,0,0,0,0,0,0,0,0,56000,0,0,0,74000,18000,56000,56000
066358,美利達永豐01購01,0,0,0,0,0,0,0,0,0,56000,0,0,0,68000,12000,56000,56000
07898P,國巨國泰9C售02  ,0,0,0,0,0,0,0,0,0,55000,0,0,0,80000,25000,55000,55000
08219P,上銀凱基9B售08  ,0,0,0,0,0,0,0,0,0,55000,0,0,0,60000,5000,55000,55000
08447P,緯穎永豐9C售02  ,0,0,0,0,0,0,0,0,0,55000,0,0,0,125000,70000,55000,55000
08613P,同欣電凱基9C售04,0,0,0,0,0,0,0,0,0,55000,0,0,0,60000,5000,55000,55000
059536,新光金凱基99購05,0,0,0,0,0,0,0,0,0,55000,0,0,0,55000,0,55000,55000
063108,世紀鋼群益9C購01,0,0,0,0,0,0,0,0,0,55000,0,0,0,55000,0,55000,55000
020016,統一MSCI美科技N ,0,0,0,0,0,0,0,0,0,55000,0,0,0,122000,67000,55000,55000
056738,國巨凱基9A購02  ,0,0,0,0,0,0,0,0,0,55000,0,0,0,85000,30000,55000,55000
056835,聯電元富99購01  ,0,0,0,0,0,0,0,0,0,55000,0,0,0,65000,10000,55000,55000
059451,國巨永豐99購05  ,0,0,0,0,0,0,0,0,0,55000,0,0,0,55000,0,55000,55000
062526,友達統一01購01  ,0,0,0,0,0,0,0,0,0,55000,0,0,0,55000,0,55000,55000
060487,盛群富邦9B購01  ,0,0,0,0,0,0,0,0,0,55000,0,0,0,115000,60000,55000,55000
060966,台表科凱基9B購01,0,0,0,0,0,0,0,0,0,55000,0,0,0,55000,0,55000,55000
064347,貿聯元大9C購03  ,0,0,0,0,0,0,0,0,0,55000,0,0,0,179000,124000,55000,55000
066338,德律永豐01購01  ,0,0,0,0,0,0,0,0,0,55000,0,0,0,55000,0,55000,55000
066588,台積電群益01購06,0,0,0,0,0,0,0,0,0,55000,0,0,0,241000,186000,55000,55000
066557,京鼎元大01購01  ,0,0,0,0,0,0,0,0,0,55000,0,0,0,167000,112000,55000,55000
065702,聯發科群益9C購14,0,0,0,0,0,0,0,0,0,55000,0,0,0,55000,0,55000,55000
063635,漢唐元大9B購04  ,0,0,0,0,0,0,0,0,0,55000,0,0,0,105000,50000,55000,55000
064918,中信金統一02購01,0,0,0,0,0,0,0,0,0,55000,0,0,0,55000,0,55000,55000
064991,友達兆豐9C購01  ,0,0,0,0,0,0,0,0,0,55000,0,0,0,85000,30000,55000,55000
3661,世芯-KY         ,1644000,1197000,447000,0,0,0,0,414000,-414000,22000,67000,49000,18000,11000,7000,4000,55000
2305,全友            ,351000,297000,54000,0,0,0,0,0,0,0,0,0,0,0,0,0,54000
056962,技嘉永豐98購01  ,0,0,0,0,0,0,0,0,0,54000,0,0,0,54000,0,54000,54000
056357,台積電元大9A購01,0,6000,-6000,0,0,0,0,0,0,60000,0,0,0,100000,40000,60000,54000
064212,可成凱基03購01  ,0,0,0,0,0,0,0,0,0,54000,0,0,0,120000,66000,54000,54000
064697,健策群益01購02  ,0,0,0,0,0,0,0,0,0,54000,0,0,0,55000,1000,54000,54000
08789P,A50正2元富01售04,0,0,0,0,0,0,0,0,0,53000,0,0,0,53000,0,53000,53000
08365P,貿聯凱基9C售01  ,0,0,0,0,0,0,0,0,0,53000,0,0,0,60000,7000,53000,53000
067259,聯茂國票02購01  ,0,0,0,0,0,0,0,0,0,53000,0,0,0,53000,0,53000,53000
066674,達方凱基01購01  ,0,0,0,0,0,0,0,0,0,53000,0,0,0,53000,0,53000,53000
066853,樺漢元大01購01  ,0,0,0,0,0,0,0,0,0,53000,0,0,0,100000,47000,53000,53000
063163,京元電永豐9B購01,0,0,0,0,0,0,0,0,0,53000,0,0,0,74000,21000,53000,53000
063916,瀚宇博凱基01購01,0,0,0,0,0,0,0,0,0,53000,0,0,0,246000,193000,53000,53000
065077,鴻海元大01購03  ,0,0,0,0,0,0,0,0,0,53000,0,0,0,58000,5000,53000,53000
065323,聯發科凱基9C購09,0,0,0,0,0,0,0,0,0,53000,0,0,0,53000,0,53000,53000
065400,華擎群益01購02  ,0,0,0,0,0,0,0,0,0,53000,0,0,0,161000,108000,53000,53000
065270,TPK元大01購01   ,0,0,0,0,0,0,0,0,0,53000,0,0,0,200000,147000,53000,53000
065831,緯創凱基9C購03  ,0,0,0,0,0,0,0,0,0,53000,0,0,0,98000,45000,53000,53000
065873,信邦群益02購01  ,0,0,0,0,0,0,0,0,0,53000,0,0,0,96000,43000,53000,53000
3504,揚明光          ,117000,65000,52000,0,0,0,0,0,0,1000,0,0,0,2000,1000,1000,53000
066748,同欣電元大01購03,20000,0,20000,0,0,0,0,0,0,32000,0,0,0,202000,170000,32000,52000
07751P,世紀鋼凱基9A售02,0,0,0,0,0,0,0,0,0,52000,0,0,0,52000,0,52000,52000
07070P,晶相光元富99售01,0,0,0,0,0,0,0,0,0,52000,0,0,0,55000,3000,52000,52000
08259P,華新科元大9C售04,0,0,0,0,0,0,0,0,0,52000,0,0,0,52000,0,52000,52000
058448,滬深2X永豐9A購01,0,0,0,0,0,0,0,0,0,52000,0,0,0,76000,24000,52000,52000
057770,亞德客群益98購01,0,0,0,0,0,0,0,0,0,52000,0,0,0,117000,65000,52000,52000
058592,聯發科統一9C購01,0,0,0,0,0,0,0,0,0,52000,0,0,0,57000,5000,52000,52000
059094,臻鼎元大99購03  ,0,0,0,0,0,0,0,0,0,52000,0,0,0,52000,0,52000,52000
056870,全新日盛9A購01  ,0,0,0,0,0,0,0,0,0,52000,0,0,0,80000,28000,52000,52000
060573,力成永豐9A購01  ,0,0,0,0,0,0,0,0,0,52000,0,0,0,67000,15000,52000,52000
062609,帆宣凱基9B購01  ,0,0,0,0,0,0,0,0,0,52000,0,0,0,60000,8000,52000,52000
062496,矽創中信9B購01  ,0,0,0,0,0,0,0,0,0,52000,0,0,0,259000,207000,52000,52000
061865,力山元大9B購01  ,0,0,0,0,0,0,0,0,0,52000,0,0,0,52000,0,52000,52000
065802,義隆群益9C購05  ,0,0,0,0,0,0,0,0,0,52000,0,0,0,52000,0,52000,52000
065785,奇力新永豐9C購02,0,0,0,0,0,0,0,0,0,52000,0,0,0,83000,31000,52000,52000
066014,嘉晶元富07購01  ,0,0,0,0,0,0,0,0,0,52000,0,0,0,102000,50000,52000,52000
065946,鴻海統一03購03  ,0,0,0,0,0,0,0,0,0,52000,0,0,0,105000,53000,52000,52000
064510,GIS元大01購01   ,0,0,0,0,0,0,0,0,0,52000,0,0,0,57000,5000,52000,52000
063575,矽格元大9B購02  ,0,0,0,0,0,0,0,0,0,52000,0,0,0,52000,0,52000,52000
08701P,景碩康和01售02  ,0,0,0,0,0,0,0,0,0,51000,0,0,0,81000,30000,51000,51000
1903,士紙            ,79000,28000,51000,0,0,0,0,0,0,0,0,0,0,0,0,0,51000
058184,鴻海永豐99購01  ,0,0,0,0,0,0,0,0,0,51000,0,0,0,237000,186000,51000,51000
056011,矽力中信99購01  ,0,0,0,0,0,0,0,0,0,51000,0,0,0,70000,19000,51000,51000
053401,臺股指中信99購01,0,0,0,0,0,0,0,0,0,51000,0,0,0,51000,0,51000,51000
046629,群創統一98購01  ,0,0,0,0,0,0,0,0,0,51000,0,0,0,51000,0,51000,51000
051911,大立光元大98購02,0,0,0,0,0,0,0,0,0,51000,0,0,0,51000,0,51000,51000
054534,台積電富邦98購03,0,0,0,0,0,0,0,0,0,51000,0,0,0,61000,10000,51000,51000
058069,美律凱基99購05  ,0,0,0,0,0,0,0,0,0,51000,0,0,0,126000,75000,51000,51000
06449P,台積電元大98售09,0,0,0,0,0,0,0,0,0,51000,0,0,0,51000,0,51000,51000
064448,裕隆統一02購01  ,0,0,0,0,0,0,0,0,0,51000,0,0,0,51000,0,51000,51000
066344,拓凱永豐01購01  ,0,0,0,0,0,0,0,0,0,51000,0,0,0,88000,37000,51000,51000
08717P,台灣50元大01售16,0,0,0,0,0,0,0,0,0,50000,0,0,0,50000,0,50000,50000
08777P,滬深2X群益03售02,0,0,0,0,0,0,0,0,0,50000,0,0,0,50000,0,50000,50000
07967P,力山元大9B售03  ,0,0,0,0,0,0,0,0,0,50000,0,0,0,186000,136000,50000,50000
07972P,大立光統一9C售05,0,0,0,0,0,0,0,0,0,50000,0,0,0,50000,0,50000,50000
07963P,智邦統一9B售01  ,0,0,0,0,0,0,0,0,0,50000,0,0,0,56000,6000,50000,50000
08099P,聯發科中信9B售04,0,0,0,0,0,0,0,0,0,50000,0,0,0,50000,0,50000,50000
08336P,聯發科中信9C售05,0,0,0,0,0,0,0,0,0,50000,0,0,0,110000,60000,50000,50000
08392P,上銀群益9C售01  ,0,0,0,0,0,0,0,0,0,50000,0,0,0,90000,40000,50000,50000
08505P,臺股指國票9C售07,0,0,0,0,0,0,0,0,0,50000,0,0,0,60000,10000,50000,50000
08552P,華新科群益9C售04,0,0,0,0,0,0,0,0,0,50000,0,0,0,50000,0,50000,50000
07218P,臺股指凱基99售31,0,0,0,0,0,0,0,0,0,50000,0,0,0,80000,30000,50000,50000
07226P,貿聯富邦9B售01  ,0,0,0,0,0,0,0,0,0,50000,0,0,0,50000,0,50000,50000
06793P,臺股指凱基98售03,0,0,0,0,0,0,0,0,0,50000,0,0,0,50000,0,50000,50000
067528,聚陽群益01購01  ,0,0,0,0,0,0,0,0,0,50000,0,0,0,50000,0,50000,50000
066811,致新凱基01購03  ,0,0,0,0,0,0,0,0,0,50000,0,0,0,50000,0,50000,50000
066915,訊芯凱基02購01  ,0,0,0,0,0,0,0,0,0,50000,0,0,0,50000,0,50000,50000
067018,FB上証中信02購01,0,0,0,0,0,0,0,0,0,50000,0,0,0,85000,35000,50000,50000
058850,華新科群益99購03,0,0,0,0,0,0,0,0,0,50000,0,0,0,50000,0,50000,50000
057943,可成國票99購03  ,0,0,0,0,0,0,0,0,0,50000,0,0,0,70000,20000,50000,50000
05957P,友達國票97售04  ,0,0,0,0,0,0,0,0,0,50000,0,0,0,50000,0,50000,50000
059791,超眾元大99購06  ,0,0,0,0,0,0,0,0,0,50000,0,0,0,75000,25000,50000,50000
057762,全新凱基99購03  ,0,0,0,0,0,0,0,0,0,50000,0,0,0,50000,0,50000,50000
057674,台郡元大99購03  ,0,0,0,0,0,0,0,0,0,50000,0,0,0,50000,0,50000,50000
063172,廣達中信9C購01  ,0,0,0,0,0,0,0,0,0,50000,0,0,0,144000,94000,50000,50000
063121,友達元大9C購09  ,0,0,0,0,0,0,0,0,0,50000,0,0,0,50000,0,50000,50000
063194,華新科台新9B購01,0,0,0,0,0,0,0,0,0,50000,0,0,0,50000,0,50000,50000
063257,牧德國泰01購01  ,0,0,0,0,0,0,0,0,0,50000,0,0,0,50000,0,50000,50000
054409,亞光國票97購02  ,0,0,0,0,0,0,0,0,0,50000,0,0,0,50000,0,50000,50000
053917,友達國票97購03  ,0,0,0,0,0,0,0,0,0,50000,0,0,0,50000,0,50000,50000
054638,國泰金中信99購01,0,0,0,0,0,0,0,0,0,50000,0,0,0,50000,0,50000,50000
054755,世紀鋼凱基98購01,0,0,0,0,0,0,0,0,0,50000,0,0,0,50000,0,50000,50000
056981,全新群益99購03  ,0,0,0,0,0,0,0,0,0,50000,0,0,0,50000,0,50000,50000
057016,中石化凱基9B購01,0,0,0,0,0,0,0,0,0,50000,0,0,0,50000,0,50000,50000
059480,美律群益9A購01  ,0,0,0,0,0,0,0,0,0,50000,0,0,0,56000,6000,50000,50000
059301,華新科群益99購04,0,0,0,0,0,0,0,0,0,50000,0,0,0,50000,0,50000,50000
055810,T50反1國票99購01,0,0,0,0,0,0,0,0,0,50000,0,0,0,50000,0,50000,50000
056735,國巨凱基99購02  ,0,0,0,0,0,0,0,0,0,50000,0,0,0,50000,0,50000,50000
057202,TPK元富98購02   ,0,0,0,0,0,0,0,0,0,50000,0,0,0,50000,0,50000,50000
056618,京元電永豐98購01,0,0,0,0,0,0,0,0,0,50000,0,0,0,50000,0,50000,50000
056619,強茂永豐98購01  ,0,0,0,0,0,0,0,0,0,50000,0,0,0,50000,0,50000,50000
063460,智邦元大9B購08  ,0,0,0,0,0,0,0,0,0,50000,0,0,0,123000,73000,50000,50000
062987,祥碩中信01購01  ,0,0,0,0,0,0,0,0,0,50000,0,0,0,65000,15000,50000,50000
061713,華邦電凱基9A購01,0,0,0,0,0,0,0,0,0,50000,0,0,0,50000,0,50000,50000
062102,T50反1國票9B購07,0,0,0,0,0,0,0,0,0,50000,0,0,0,50000,0,50000,50000
063564,台積電元大9B購07,0,0,0,0,0,0,0,0,0,50000,0,0,0,50000,0,50000,50000
062074,旺宏元大9B購04  ,0,0,0,0,0,0,0,0,0,50000,0,0,0,100000,50000,50000,50000
062081,華新科元大9B購06,0,0,0,0,0,0,0,0,0,50000,0,0,0,100000,50000,50000,50000
062547,玉晶光永豐9B購05,0,0,0,0,0,0,0,0,0,50000,0,0,0,118000,68000,50000,50000
062777,鴻海元大9C購03  ,0,0,0,0,0,0,0,0,0,50000,0,0,0,50000,0,50000,50000
062734,臺指反國票9C購03,0,0,0,0,0,0,0,0,0,50000,0,0,0,100000,50000,50000,50000
060505,友達元大9C購05  ,0,0,0,0,0,0,0,0,0,50000,0,0,0,50000,0,50000,50000
061271,聯茂凱基9A購04  ,0,0,0,0,0,0,0,0,0,50000,0,0,0,50000,0,50000,50000
064323,滬深2X元大9C購09,0,0,0,0,0,0,0,0,0,50000,0,0,0,465000,415000,50000,50000
060965,中租凱基9B購01  ,0,0,0,0,0,0,0,0,0,50000,0,0,0,50000,0,50000,50000
060657,旺宏統一9B購05  ,0,0,0,0,0,0,0,0,0,50000,0,0,0,50000,0,50000,50000
061070,超眾凱基9C購01  ,0,0,0,0,0,0,0,0,0,50000,0,0,0,50000,0,50000,50000
059985,華新科元大99購22,0,0,0,0,0,0,0,0,0,50000,0,0,0,50000,0,50000,50000
060097,華新科元大99購23,0,0,0,0,0,0,0,0,0,50000,0,0,0,51000,1000,50000,50000
060098,華新科元大99購24,0,0,0,0,0,0,0,0,0,50000,0,0,0,51000,1000,50000,50000
060244,大立光元大9B購02,0,0,0,0,0,0,0,0,0,50000,0,0,0,50000,0,50000,50000
060254,世紀鋼元大9A購01,0,0,0,0,0,0,0,0,0,50000,0,0,0,50000,0,50000,50000
060229,楠梓電元大9C購01,0,0,0,0,0,0,0,0,0,50000,0,0,0,70000,20000,50000,50000
066100,鎧勝中信05購01  ,0,0,0,0,0,0,0,0,0,50000,0,0,0,70000,20000,50000,50000
066426,台勝科元大01購02,0,0,0,0,0,0,0,0,0,50000,0,0,0,50000,0,50000,50000
066399,聯鈞凱基01購02  ,0,0,0,0,0,0,0,0,0,50000,0,0,0,50000,0,50000,50000
065965,國巨元大01購05  ,0,0,0,0,0,0,0,0,0,50000,0,0,0,50000,0,50000,50000
066063,南電元大01購04  ,0,0,0,0,0,0,0,0,0,50000,0,0,0,50000,0,50000,50000
065854,臻鼎元大9C購05  ,0,0,0,0,0,0,0,0,0,50000,0,0,0,100000,50000,50000,50000
065845,友達元大9C購12  ,0,0,0,0,0,0,0,0,0,50000,0,0,0,50000,0,50000,50000
065699,南亞科群益9C購02,0,0,0,0,0,0,0,0,0,50000,0,0,0,50000,0,50000,50000
065652,超眾元大01購02  ,0,0,0,0,0,0,0,0,0,50000,0,0,0,60000,10000,50000,50000
065495,上銀富邦01購02  ,0,0,0,0,0,0,0,0,0,50000,0,0,0,60000,10000,50000,50000
064507,臻鼎元大9C購02  ,0,0,0,0,0,0,0,0,0,50000,0,0,0,50000,0,50000,50000
063567,漢唐元大9B購03  ,0,0,0,0,0,0,0,0,0,50000,0,0,0,100000,50000,50000,50000
063638,華新科元大9B購14,0,0,0,0,0,0,0,0,0,50000,0,0,0,50000,0,50000,50000
063646,帆宣元大9B購02  ,0,0,0,0,0,0,0,0,0,50000,0,0,0,50000,0,50000,50000
063704,麗豐群益9B購01  ,0,0,0,0,0,0,0,0,0,50000,0,0,0,50000,0,50000,50000
063913,貿聯凱基02購01  ,0,0,0,0,0,0,0,0,0,50000,0,0,0,77000,27000,50000,50000
064021,國巨元大9C購15  ,0,0,0,0,0,0,0,0,0,50000,0,0,0,100000,50000,50000,50000
064689,台積電群益9C購09,0,0,0,0,0,0,0,0,0,50000,0,0,0,121000,71000,50000,50000
064664,微星元大9C購04  ,0,0,0,0,0,0,0,0,0,50000,0,0,0,50000,0,50000,50000
064731,台郡統一01購02  ,0,0,0,0,0,0,0,0,0,50000,0,0,0,50000,0,50000,50000
065232,健策凱基02購01  ,0,0,0,0,0,0,0,0,0,50000,0,0,0,50000,0,50000,50000
067446,台積電國票02購03,0,0,0,0,0,0,0,0,0,49000,0,0,0,50000,1000,49000,49000
08673P,友訊元富01售03  ,0,0,0,0,0,0,0,0,0,49000,0,0,0,312000,263000,49000,49000
08130P,義隆元大9B售05  ,0,0,0,0,0,0,0,0,0,49000,0,0,0,534000,485000,49000,49000
056096,超眾元富9A購01  ,0,0,0,0,0,0,0,0,0,49000,0,0,0,56000,7000,49000,49000
060699,華新科國泰9B購03,0,0,0,0,0,0,0,0,0,49000,0,0,0,49000,0,49000,49000
064314,信邦群益9C購01  ,0,0,0,0,0,0,0,0,0,49000,0,0,0,90000,41000,49000,49000
064284,京鼎元大9C購01  ,0,0,0,0,0,0,0,0,0,49000,0,0,0,82000,33000,49000,49000
064106,國巨兆豐9C購04  ,0,0,0,0,0,0,0,0,0,49000,0,0,0,64000,15000,49000,49000
061905,上証反中信03購01,0,0,0,0,0,0,0,0,0,49000,0,0,0,50000,1000,49000,49000
063299,金寶凱基9B購01  ,0,0,0,0,0,0,0,0,0,49000,0,0,0,99000,50000,49000,49000
064985,台表科元大9C購09,0,0,0,0,0,0,0,0,0,49000,0,0,0,139000,90000,49000,49000
063982,TPK兆豐9C購01   ,0,0,0,0,0,0,0,0,0,49000,0,0,0,200000,151000,49000,49000
065767,T50反1國票03購01,0,0,0,0,0,0,0,0,0,49000,0,0,0,50000,1000,49000,49000
066045,聯發科元大01購08,0,0,0,0,0,0,0,0,0,49000,0,0,0,169000,120000,49000,49000
9933,中鼎            ,689000,514838,174162,0,0,0,0,0,0,-126000,0,0,0,0,126000,-126000,48162
08264P,南電元大9C售02  ,0,0,0,0,0,0,0,0,0,48000,0,0,0,48000,0,48000,48000
08074P,緯穎元富9B售02  ,0,0,0,0,0,0,0,0,0,48000,0,0,0,118000,70000,48000,48000
056655,旺宏元大99購02  ,0,0,0,0,0,0,0,0,0,48000,0,0,0,68000,20000,48000,48000
055092,開發金群益9B購01,0,0,0,0,0,0,0,0,0,48000,0,0,0,48000,0,48000,48000
05644P,大立光中信9A售03,0,0,0,0,0,0,0,0,0,48000,0,0,0,272000,224000,48000,48000
00647L,元大S&P500正2   ,0,0,0,0,0,0,0,0,0,48000,0,0,0,143000,95000,48000,48000
061743,祥碩凱基9B購02  ,0,0,0,0,0,0,0,0,0,48000,0,0,0,48000,0,48000,48000
064318,彩晶群益9C購01  ,0,0,0,0,0,0,0,0,0,48000,0,0,0,48000,0,48000,48000
060666,聯茂凱基9A購02  ,0,0,0,0,0,0,0,0,0,48000,0,0,0,100000,52000,48000,48000
060851,國巨國泰9C購01  ,0,0,0,0,0,0,0,0,0,48000,0,0,0,58000,10000,48000,48000
064680,創意兆豐01購01  ,0,0,0,0,0,0,0,0,0,48000,0,0,0,108000,60000,48000,48000
065166,台達電元大9C購04,0,0,0,0,0,0,0,0,0,48000,0,0,0,50000,2000,48000,48000
9917,中保科          ,95000,59408,35592,0,0,0,0,1000,-1000,13000,13000,0,13000,0,0,0,47592
08546P,可成中信9C售02  ,0,0,0,0,0,0,0,0,0,47000,0,0,0,47000,0,47000,47000
07706P,長榮航元大9A售03,0,0,0,0,0,0,0,0,0,47000,0,0,0,47000,0,47000,47000
07639P,緯穎國票9A售01  ,0,0,0,0,0,0,0,0,0,47000,0,0,0,51000,4000,47000,47000
07670P,茂林元大9A售02  ,0,0,0,0,0,0,0,0,0,47000,0,0,0,177000,130000,47000,47000
067243,華擎群益01購04  ,0,0,0,0,0,0,0,0,0,47000,0,0,0,70000,23000,47000,47000
066928,台達電國票01購02,0,0,0,0,0,0,0,0,0,47000,0,0,0,152000,105000,47000,47000
058099,鴻海國泰9A購02  ,0,0,0,0,0,0,0,0,0,47000,0,0,0,47000,0,47000,47000
063364,聯發科富邦01購02,0,0,0,0,0,0,0,0,0,47000,0,0,0,47000,0,47000,47000
058952,南茂群益99購01  ,0,0,0,0,0,0,0,0,0,47000,0,0,0,47000,0,47000,47000
061155,華新科群益9A購06,0,0,0,0,0,0,0,0,0,47000,0,0,0,48000,1000,47000,47000
060700,華新科國泰9C購01,0,0,0,0,0,0,0,0,0,47000,0,0,0,207000,160000,47000,47000
061606,景碩凱基9A購02  ,0,0,0,0,0,0,0,0,0,47000,0,0,0,47000,0,47000,47000
064108,創意兆豐9C購01  ,0,0,0,0,0,0,0,0,0,47000,0,0,0,61000,14000,47000,47000
062722,京元電凱基9B購02,0,0,0,0,0,0,0,0,0,47000,0,0,0,262000,215000,47000,47000
062574,美食群益9B購02  ,0,0,0,0,0,0,0,0,0,47000,0,0,0,47000,0,47000,47000
062190,瀚宇博元大9B購01,0,0,0,0,0,0,0,0,0,47000,0,0,0,112000,65000,47000,47000
065297,旺宏統一02購01  ,0,0,0,0,0,0,0,0,0,47000,0,0,0,52000,5000,47000,47000
064936,世紀鋼統一9C購02,0,0,0,0,0,0,0,0,0,47000,0,0,0,176000,129000,47000,47000
064658,喬山元大9C購01  ,0,0,0,0,0,0,0,0,0,47000,0,0,0,47000,0,47000,47000
064462,致伸統一02購01  ,0,0,0,0,0,0,0,0,0,47000,0,0,0,82000,35000,47000,47000
066953,禾伸堂元大01購01,0,0,0,0,0,0,0,0,0,46000,0,0,0,101000,55000,46000,46000
07027P,台積電群益99售04,0,0,0,0,0,0,0,0,0,46000,0,0,0,220000,174000,46000,46000
08549P,大立光元大9C售25,0,0,0,0,0,0,0,0,0,46000,0,0,0,46000,0,46000,46000
059254,台表科凱基9A購02,0,0,0,0,0,0,0,0,0,46000,0,0,0,46000,0,46000,46000
056813,聯茂統一99購01  ,0,0,0,0,0,0,0,0,0,46000,0,0,0,46000,0,46000,46000
057276,全新元大99購03  ,0,0,0,0,0,0,0,0,0,46000,0,0,0,46000,0,46000,46000
056960,光罩永豐98購01  ,0,0,0,0,0,0,0,0,0,46000,0,0,0,46000,0,46000,46000
062813,台積電兆豐9B購01,0,0,0,0,0,0,0,0,0,46000,0,0,0,491000,445000,46000,46000
064055,台郡統一02購01  ,0,0,0,0,0,0,0,0,0,46000,0,0,0,55000,9000,46000,46000
060598,鴻海凱基9A購20  ,0,0,0,0,0,0,0,0,0,46000,0,0,0,46000,0,46000,46000
060857,旭富富邦9B購01  ,0,0,0,0,0,0,0,0,0,46000,0,0,0,51000,5000,46000,46000
064488,台達電元大9C購01,0,0,0,0,0,0,0,0,0,46000,0,0,0,57000,11000,46000,46000
063703,晶豪科群益9B購02,0,0,0,0,0,0,0,0,0,46000,0,0,0,46000,0,46000,46000
063619,聯發科兆豐01購01,0,0,0,0,0,0,0,0,0,46000,0,0,0,66000,20000,46000,46000
063805,技嘉兆豐9C購01  ,0,0,0,0,0,0,0,0,0,46000,0,0,0,84000,38000,46000,46000
064007,嘉澤凱基02購01  ,0,0,0,0,0,0,0,0,0,46000,0,0,0,50000,4000,46000,46000
066027,華擎群益02購01  ,0,0,0,0,0,0,0,0,0,46000,0,0,0,66000,20000,46000,46000
065728,嘉晶凱基9C購04  ,0,0,0,0,0,0,0,0,0,46000,0,0,0,58000,12000,46000,46000
066431,台郡元大02購01  ,0,0,0,0,0,0,0,0,0,46000,0,0,0,98000,52000,46000,46000
066101,微星國票02購01  ,0,0,0,0,0,0,0,0,0,46000,0,0,0,71000,25000,46000,46000
066239,拓凱富邦02購01  ,0,0,0,0,0,0,0,0,0,46000,0,0,0,46000,0,46000,46000
08795P,聯發科凱基01售11,0,0,0,0,0,0,0,0,0,45000,0,0,0,69000,24000,45000,45000
1786,科妍            ,66000,21000,45000,0,0,0,0,0,0,0,2000,2000,0,0,0,0,45000
07030P,鈺齊群益99售01  ,0,0,0,0,0,0,0,0,0,45000,0,0,0,65000,20000,45000,45000
067467,鴻海元大01購16  ,0,0,0,0,0,0,0,0,0,45000,0,0,0,50000,5000,45000,45000
07317P,T50正2凱基9B售02,0,0,0,0,0,0,0,0,0,45000,0,0,0,45000,0,45000,45000
067184,聯發科凱基01購13,0,0,0,0,0,0,0,0,0,45000,0,0,0,45000,0,45000,45000
059223,大立光元大99購14,0,0,0,0,0,0,0,0,0,45000,0,0,0,60000,15000,45000,45000
057407,超眾群益99購01  ,0,0,0,0,0,0,0,0,0,45000,0,0,0,45000,0,45000,45000
058943,元石油群益9C購01,0,0,0,0,0,0,0,0,0,45000,0,0,0,45000,0,45000,45000
059631,京元電凱基99購02,0,0,0,0,0,0,0,0,0,45000,0,0,0,65000,20000,45000,45000
057912,美律日盛99購01  ,0,0,0,0,0,0,0,0,0,45000,0,0,0,65000,20000,45000,45000
057923,晶豪科凱基98購02,0,0,0,0,0,0,0,0,0,45000,0,0,0,45000,0,45000,45000
058049,帆宣元大98購01  ,0,0,0,0,0,0,0,0,0,45000,0,0,0,96000,51000,45000,45000
063138,聯發科統一01購05,0,0,0,0,0,0,0,0,0,45000,0,0,0,96000,51000,45000,45000
060166,佐登永豐9A購01  ,0,0,0,0,0,0,0,0,0,45000,0,0,0,45000,0,45000,45000
062730,致伸凱基9B購01  ,0,0,0,0,0,0,0,0,0,45000,0,0,0,55000,10000,45000,45000
062760,漢唐凱基9B購01  ,0,0,0,0,0,0,0,0,0,45000,0,0,0,45000,0,45000,45000
062763,華擎凱基9C購02  ,0,0,0,0,0,0,0,0,0,45000,0,0,0,55000,10000,45000,45000
062610,啟碁凱基9B購01  ,0,0,0,0,0,0,0,0,0,45000,0,0,0,111000,66000,45000,45000
062553,台積電凱基9B購07,0,0,0,0,0,0,0,0,0,45000,0,0,0,49000,4000,45000,45000
061782,智邦群益9B購01  ,0,0,0,0,0,0,0,0,0,45000,0,0,0,103000,58000,45000,45000
061704,景碩國票9A購01  ,0,0,0,0,0,0,0,0,0,45000,0,0,0,45000,0,45000,45000
062937,旺宏凱基9B購08  ,0,0,0,0,0,0,0,0,0,45000,0,0,0,67000,22000,45000,45000
066199,金像電統一02購01,0,0,0,0,0,0,0,0,0,45000,0,0,0,119000,74000,45000,45000
066517,智伸科永豐01購01,0,0,0,0,0,0,0,0,0,45000,0,0,0,45000,0,45000,45000
066521,A50反1中信03購01,0,0,0,0,0,0,0,0,0,45000,0,0,0,50000,5000,45000,45000
065598,微星元大01購02  ,0,0,0,0,0,0,0,0,0,45000,0,0,0,86000,41000,45000,45000
064470,世紀鋼元富03購01,0,0,0,0,0,0,0,0,0,45000,0,0,0,172000,127000,45000,45000
065070,臺股指群益9C購18,0,0,0,0,0,0,0,0,0,45000,0,0,0,45000,0,45000,45000
065163,香港反元大03購01,0,0,0,0,0,0,0,0,0,45000,0,0,0,45000,0,45000,45000
065123,台灣50永豐9C購02,0,0,0,0,0,0,0,0,0,45000,0,0,0,45000,0,45000,45000
065110,嘉澤國票01購01  ,0,0,0,0,0,0,0,0,0,45000,0,0,0,202000,157000,45000,45000
067374,大立光統一01購08,0,0,0,0,0,0,0,0,0,44000,0,0,0,44000,0,44000,44000
063091,聯電中信9B購01  ,0,0,0,0,0,0,0,0,0,44000,0,0,0,134000,90000,44000,44000
058546,玉晶光富邦9B購01,0,0,0,0,0,0,0,0,0,44000,0,0,0,60000,16000,44000,44000
058105,旺宏統一9A購02  ,0,0,0,0,0,0,0,0,0,44000,0,0,0,62000,18000,44000,44000
059360,全新永豐99購02  ,0,0,0,0,0,0,0,0,0,44000,0,0,0,44000,0,44000,44000
060544,國巨凱基9B購03  ,0,0,0,0,0,0,0,0,0,44000,0,0,0,45000,1000,44000,44000
060342,台積電統一02購01,0,0,0,0,0,0,0,0,0,44000,0,0,0,44000,0,44000,44000
061121,智邦永豐9A購02  ,0,0,0,0,0,0,0,0,0,44000,0,0,0,76000,32000,44000,44000
064098,正崴群益9C購01  ,0,0,0,0,0,0,0,0,0,44000,0,0,0,44000,0,44000,44000
063845,旺宏元大9C購03  ,0,0,0,0,0,0,0,0,0,44000,0,0,0,103000,59000,44000,44000
063867,全新永豐9C購01  ,0,0,0,0,0,0,0,0,0,44000,0,0,0,44000,0,44000,44000
061550,聯鈞群益9A購03  ,0,0,0,0,0,0,0,0,0,44000,0,0,0,57000,13000,44000,44000
064378,群創元富9C購01  ,0,0,0,0,0,0,0,0,0,44000,0,0,0,44000,0,44000,44000
065089,大立光元大9C購23,0,0,0,0,0,0,0,0,0,44000,0,0,0,50000,6000,44000,44000
065360,和大元大01購03  ,0,0,0,0,0,0,0,0,0,44000,0,0,0,100000,56000,44000,44000
064771,貿聯中信01購01  ,0,0,0,0,0,0,0,0,0,44000,0,0,0,44000,0,44000,44000
064800,鴻海元大9C購12  ,0,0,0,0,0,0,0,0,0,44000,0,0,0,44000,0,44000,44000
064814,祥碩元大9C購06  ,0,0,0,0,0,0,0,0,0,44000,0,0,0,93000,49000,44000,44000
065688,緯創元富9C購02  ,0,0,0,0,0,0,0,0,0,44000,0,0,0,172000,128000,44000,44000
066635,敦泰凱基01購01  ,0,0,0,0,0,0,0,0,0,44000,0,0,0,80000,36000,44000,44000
066104,鎧勝國票02購01  ,0,0,0,0,0,0,0,0,0,44000,0,0,0,172000,128000,44000,44000
066112,智邦兆豐02購01  ,0,0,0,0,0,0,0,0,0,44000,0,0,0,203000,159000,44000,44000
066090,泰鼎永豐01購01  ,0,0,0,0,0,0,0,0,0,44000,0,0,0,55000,11000,44000,44000
066384,訊芯康和01購01  ,0,0,0,0,0,0,0,0,0,44000,0,0,0,74000,30000,44000,44000
3033,威健            ,88926,45000,43926,0,0,0,0,0,0,0,0,0,0,0,0,0,43926
07807P,聯茂永豐9A售02  ,0,0,0,0,0,0,0,0,0,43000,0,0,0,43000,0,43000,43000
066959,新唐元大01購01  ,0,0,0,0,0,0,0,0,0,43000,0,0,0,203000,160000,43000,43000
066796,台積電凱基02購08,0,0,0,0,0,0,0,0,0,43000,0,0,0,44000,1000,43000,43000
059241,旺宏凱基99購07  ,0,0,0,0,0,0,0,0,0,43000,0,0,0,58000,15000,43000,43000
058107,全新台新99購01  ,0,0,0,0,0,0,0,0,0,43000,0,0,0,43000,0,43000,43000
056142,超眾元大97購06  ,0,0,0,0,0,0,0,0,0,43000,0,0,0,43000,0,43000,43000
056304,創意元大97購03  ,0,0,0,0,0,0,0,0,0,43000,0,0,0,47000,4000,43000,43000
00714,群益道瓊美國地產,0,0,0,0,0,0,0,0,0,43000,0,0,0,47000,4000,43000,43000
058483,道瓊指國票9A購01,0,0,0,0,0,0,0,0,0,43000,0,0,0,43000,0,43000,43000
063143,嘉澤統一9B購02  ,0,0,0,0,0,0,0,0,0,43000,0,0,0,43000,0,43000,43000
063377,泰鼎永豐9B購03  ,0,0,0,0,0,0,0,0,0,43000,0,0,0,186000,143000,43000,43000
063077,巨大永豐9B購03  ,0,0,0,0,0,0,0,0,0,43000,0,0,0,75000,32000,43000,43000
058061,貿聯元富9B購01  ,0,0,0,0,0,0,0,0,0,43000,0,0,0,85000,42000,43000,43000
061471,台積電元大9A購31,0,0,0,0,0,0,0,0,0,43000,0,0,0,43000,0,43000,43000
061085,聯茂兆豐9A購01  ,0,0,0,0,0,0,0,0,0,43000,0,0,0,45000,2000,43000,43000
060213,牧德康和9A購01  ,0,0,0,0,0,0,0,0,0,43000,0,0,0,63000,20000,43000,43000
062251,旺宏元大9B購06  ,0,0,0,0,0,0,0,0,0,43000,0,0,0,94000,51000,43000,43000
062494,中石化中信9C購01,0,0,0,0,0,0,0,0,0,43000,0,0,0,43000,0,43000,43000
063454,瑞儀統一9B購01  ,0,0,0,0,0,0,0,0,0,43000,0,0,0,203000,160000,43000,43000
065673,嘉晶凱基01購02  ,0,0,0,0,0,0,0,0,0,43000,0,0,0,43000,0,43000,43000
066008,大立光統一03購02,0,0,0,0,0,0,0,0,0,43000,0,0,0,102000,59000,43000,43000
4148,全宇生技-KY     ,51000,8000,43000,0,0,0,0,0,0,0,0,0,0,0,0,0,43000
9924,福興            ,48000,5000,43000,0,0,0,0,0,0,0,0,0,0,0,0,0,43000
066730,致茂元大01購01  ,0,0,0,0,0,0,0,0,0,42000,0,0,0,219000,177000,42000,42000
066883,聯發科永豐01購01,0,0,0,0,0,0,0,0,0,42000,0,0,0,42000,0,42000,42000
067107,義隆群益01購02  ,0,0,0,0,0,0,0,0,0,42000,0,0,0,142000,100000,42000,42000
1809,中釉            ,48000,11000,37000,0,0,0,0,0,0,5000,5000,0,5000,0,0,0,42000
1466,聚隆            ,192000,150000,42000,0,0,0,0,0,0,0,0,0,0,0,0,0,42000
08670P,健策統一01售01  ,0,0,0,0,0,0,0,0,0,42000,0,0,0,79000,37000,42000,42000
07871P,台積電群益9C售02,0,0,0,0,0,0,0,0,0,42000,0,0,0,45000,3000,42000,42000
059917,華新科元大99購19,0,0,0,0,0,0,0,0,0,42000,0,0,0,56000,14000,42000,42000
063012,技嘉元大9B購01  ,0,0,0,0,0,0,0,0,0,42000,0,0,0,91000,49000,42000,42000
00757,統一FANG+       ,1000,0,1000,0,0,0,0,0,0,41000,0,0,0,241000,200000,41000,42000
055966,茂林元大99購01  ,0,0,0,0,0,0,0,0,0,42000,0,0,0,42000,0,42000,42000
061701,友達國票9B購02  ,0,0,0,0,0,0,0,0,0,42000,0,0,0,42000,0,42000,42000
062126,創意統一9B購01  ,0,0,0,0,0,0,0,0,0,42000,0,0,0,155000,113000,42000,42000
062305,遠東新凱基9B購01,0,0,0,0,0,0,0,0,0,42000,0,0,0,168000,126000,42000,42000
061480,泰碩元大9B購01  ,0,0,0,0,0,0,0,0,0,42000,0,0,0,62000,20000,42000,42000
064404,奇力新凱基02購01,0,0,0,0,0,0,0,0,0,42000,0,0,0,42000,0,42000,42000
065966,國巨元大01購06  ,0,0,0,0,0,0,0,0,0,42000,0,0,0,110000,68000,42000,42000
064766,矽創凱基9C購01  ,0,0,0,0,0,0,0,0,0,42000,0,0,0,72000,30000,42000,42000
065073,亞德客元大01購02,0,0,0,0,0,0,0,0,0,42000,0,0,0,44000,2000,42000,42000
065338,旺宏統一01購07  ,40000,0,40000,0,0,0,0,0,0,2000,0,0,0,42000,40000,2000,42000
08083P,健策元大9C售05  ,0,0,0,0,0,0,0,0,0,41000,0,0,0,41000,0,41000,41000
08451P,南六統一9C售06  ,0,0,0,0,0,0,0,0,0,41000,0,0,0,530000,489000,41000,41000
08401P,玉晶光元富9C售04,0,0,0,0,0,0,0,0,0,41000,0,0,0,205000,164000,41000,41000
08708P,華通台新01售01  ,0,0,0,0,0,0,0,0,0,41000,0,0,0,156000,115000,41000,41000
066821,臺指反群益01購03,0,0,0,0,0,0,0,0,0,41000,0,0,0,46000,5000,41000,41000
059162,國巨凱基99購12  ,0,0,0,0,0,0,0,0,0,41000,0,0,0,83000,42000,41000,41000
062212,臻鼎台新9B購01  ,0,0,0,0,0,0,0,0,0,41000,0,0,0,61000,20000,41000,41000
063289,台表科元大9B購07,0,0,0,0,0,0,0,0,0,41000,0,0,0,196000,155000,41000,41000
065262,義隆元大9C購06  ,0,0,0,0,0,0,0,0,0,41000,0,0,0,46000,5000,41000,41000
064468,健策元富9C購02  ,0,0,0,0,0,0,0,0,0,41000,0,0,0,44000,3000,41000,41000
064514,喬山群益9C購01  ,0,0,0,0,0,0,0,0,0,41000,0,0,0,41000,0,41000,41000
065576,泰鼎群益9C購02  ,0,0,0,0,0,0,0,0,0,41000,0,0,0,96000,55000,41000,41000
066374,臺股指中信04購01,0,0,0,0,0,0,0,0,0,41000,0,0,0,51000,10000,41000,41000
066979,國巨群益01購04  ,0,0,0,0,0,0,0,0,0,40000,0,0,0,41000,1000,40000,40000
067133,正崴永豐01購01  ,0,0,0,0,0,0,0,0,0,40000,0,0,0,40000,0,40000,40000
067017,樺漢富邦04購01  ,0,0,0,0,0,0,0,0,0,40000,0,0,0,60000,20000,40000,40000
067277,樺漢統一03購01  ,0,0,0,0,0,0,0,0,0,40000,0,0,0,40000,0,40000,40000
07293P,臺股指凱基99售45,0,0,0,0,0,0,0,0,0,40000,0,0,0,40000,0,40000,40000
07366P,國巨康和99售02  ,0,0,0,0,0,0,0,0,0,40000,0,0,0,50000,10000,40000,40000
067388,聯發科元富07購03,0,0,0,0,0,0,0,0,0,40000,0,0,0,40000,0,40000,40000
08736P,滬深2X凱基03售01,0,0,0,0,0,0,0,0,0,40000,0,0,0,40000,0,40000,40000
1220,台榮            ,46000,6000,40000,0,0,0,0,0,0,0,0,0,0,0,0,0,40000
08384P,臺股指群益9C售12,0,0,0,0,0,0,0,0,0,40000,0,0,0,40000,0,40000,40000
08350P,臺股指中信9C售06,0,0,0,0,0,0,0,0,0,40000,0,0,0,40000,0,40000,40000
08346P,大立光元大9C售15,0,0,0,0,0,0,0,0,0,40000,0,0,0,40000,0,40000,40000
08573P,台積電凱基9C售06,0,0,0,0,0,0,0,0,0,40000,0,0,0,40000,0,40000,40000
08310P,南電凱基9C售01  ,0,0,0,0,0,0,0,0,0,40000,0,0,0,40000,0,40000,40000
058355,旺宏凱基99購04  ,0,0,0,0,0,0,0,0,0,40000,0,0,0,50000,10000,40000,40000
063071,華新科富邦02購01,0,0,0,0,0,0,0,0,0,40000,0,0,0,140000,100000,40000,40000
057793,群創統一99購02  ,0,0,0,0,0,0,0,0,0,40000,0,0,0,40000,0,40000,40000
058150,中502X統一9B購01,0,0,0,0,0,0,0,0,0,40000,0,0,0,50000,10000,40000,40000
055713,國巨元大98購09  ,0,0,0,0,0,0,0,0,0,40000,0,0,0,68000,28000,40000,40000
055689,台郡凱基99購01  ,0,0,0,0,0,0,0,0,0,40000,0,0,0,40000,0,40000,40000
059425,SGBR2X元大9A購02,0,0,0,0,0,0,0,0,0,40000,0,0,0,42000,2000,40000,40000
056394,晶豪科永豐98購01,0,0,0,0,0,0,0,0,0,40000,0,0,0,40000,0,40000,40000
057041,國巨元大99購04  ,0,0,0,0,0,0,0,0,0,40000,0,0,0,91000,51000,40000,40000
053361,友達元富99購01  ,0,0,0,0,0,0,0,0,0,40000,0,0,0,50000,10000,40000,40000
053468,鴻海元大98購01  ,0,0,0,0,0,0,0,0,0,40000,0,0,0,40000,0,40000,40000
063537,華擎統一9C購03  ,0,0,0,0,0,0,0,0,0,40000,0,0,0,40000,0,40000,40000
062718,技嘉凱基9B購01  ,0,0,0,0,0,0,0,0,0,40000,0,0,0,75000,35000,40000,40000
064068,義隆永豐9C購01  ,0,0,0,0,0,0,0,0,0,40000,0,0,0,105000,65000,40000,40000
062850,友訊永豐9B購01  ,0,0,0,0,0,0,0,0,0,40000,0,0,0,112000,72000,40000,40000
060204,矽創元富9A購01  ,0,0,0,0,0,0,0,0,0,40000,0,0,0,60000,20000,40000,40000
060308,劍麟永豐9A購01  ,0,0,0,0,0,0,0,0,0,40000,0,0,0,40000,0,40000,40000
060127,牧德永豐99購02  ,0,0,0,0,0,0,0,0,0,40000,0,0,0,40000,0,40000,40000
060743,鴻海國票9A購03  ,0,0,0,0,0,0,0,0,0,40000,0,0,0,52000,12000,40000,40000
061056,臺指反國票02購01,0,0,0,0,0,0,0,0,0,40000,0,0,0,40000,0,40000,40000
060868,致伸永豐9A購01  ,0,0,0,0,0,0,0,0,0,40000,0,0,0,40000,0,40000,40000
066213,惠特統一03購01  ,0,0,0,0,0,0,0,0,0,40000,0,0,0,40000,0,40000,40000
066589,英業達群益01購01,0,0,0,0,0,0,0,0,0,40000,0,0,0,40000,0,40000,40000
065676,臻鼎凱基9C購04  ,0,0,0,0,0,0,0,0,0,40000,0,0,0,40000,0,40000,40000
065973,嘉晶元大01購03  ,0,0,0,0,0,0,0,0,0,40000,0,0,0,78000,38000,40000,40000
066022,鴻海群益01購07  ,0,0,0,0,0,0,0,0,0,40000,0,0,0,60000,20000,40000,40000
064530,康控中信9C購01  ,0,0,0,0,0,0,0,0,0,40000,0,0,0,101000,61000,40000,40000
063986,聯發科富邦02購01,0,0,0,0,0,0,0,0,0,40000,0,0,0,50000,10000,40000,40000
064811,華擎元大01購01  ,0,0,0,0,0,0,0,0,0,40000,0,0,0,193000,153000,40000,40000
8222,寶一            ,55000,15000,40000,0,0,0,0,0,0,0,0,0,0,0,0,0,40000
08210P,健策元富9B售02  ,0,0,0,0,0,0,0,0,0,39000,0,0,0,215000,176000,39000,39000
2406,國碩            ,126000,81000,45000,0,0,0,0,0,0,-6000,0,6000,-6000,0,0,0,39000
06904P,TPK凱基98售03   ,0,0,0,0,0,0,0,0,0,39000,0,0,0,39000,0,39000,39000
056939,康控元富98購01  ,0,0,0,0,0,0,0,0,0,39000,0,0,0,40000,1000,39000,39000
053805,奇鋐凱基98購02  ,0,0,0,0,0,0,0,0,0,39000,0,0,0,39000,0,39000,39000
00668,國泰美國道瓊    ,0,0,0,0,0,0,0,0,0,39000,0,0,0,76000,37000,39000,39000
055780,禾伸堂凱基99購01,0,0,0,0,0,0,0,0,0,39000,0,0,0,49000,10000,39000,39000
055104,台達電凱基98購01,0,0,0,0,0,0,0,0,0,39000,0,0,0,56000,17000,39000,39000
057743,華擎永豐98購03  ,0,0,0,0,0,0,0,0,0,39000,0,0,0,39000,0,39000,39000
058464,矽創兆豐9A購01  ,0,0,0,0,0,0,0,0,0,39000,0,0,0,151000,112000,39000,39000
063024,祥碩元大9B購05  ,0,0,0,0,0,0,0,0,0,39000,0,0,0,40000,1000,39000,39000
063398,信邦群益9B購02  ,0,0,0,0,0,0,0,0,0,39000,0,0,0,65000,26000,39000,39000
057958,禾伸堂元大99購05,0,0,0,0,0,0,0,0,0,39000,0,0,0,50000,11000,39000,39000
058721,立積元富9C購01  ,0,0,0,0,0,0,0,0,0,39000,0,0,0,39000,0,39000,39000
060745,京元電國票9A購01,0,0,0,0,0,0,0,0,0,39000,0,0,0,39000,0,39000,39000
064122,國巨元大9C購17  ,0,0,0,0,0,0,0,0,0,39000,0,0,0,51000,12000,39000,39000
064154,大立光統一01購04,0,0,0,0,0,0,0,0,0,39000,0,0,0,39000,0,39000,39000
063843,台積電元大9C購03,0,0,0,0,0,0,0,0,0,39000,0,0,0,39000,0,39000,39000
062325,鴻海統一9B購05  ,0,0,0,0,0,0,0,0,0,39000,0,0,0,96000,57000,39000,39000
062508,臺股指群益9B購03,0,0,0,0,0,0,0,0,0,39000,0,0,0,39000,0,39000,39000
063287,嘉澤元大9B購05  ,0,0,0,0,0,0,0,0,0,39000,0,0,0,90000,51000,39000,39000
062915,嘉澤元大9B購03  ,0,0,0,0,0,0,0,0,0,39000,0,0,0,51000,12000,39000,39000
062920,康友元大9B購01  ,0,0,0,0,0,0,0,0,0,39000,0,0,0,50000,11000,39000,39000
062405,泰鼎永豐9B購02  ,0,0,0,0,0,0,0,0,0,39000,0,0,0,154000,115000,39000,39000
065322,聯發科凱基01購05,0,0,0,0,0,0,0,0,0,39000,0,0,0,88000,49000,39000,39000
065390,達新群益9C購02  ,0,0,0,0,0,0,0,0,0,39000,0,0,0,44000,5000,39000,39000
066039,台積電元大01購08,0,0,0,0,0,0,0,0,0,39000,0,0,0,39000,0,39000,39000
065787,奇鋐永豐9C購01  ,0,0,0,0,0,0,0,0,0,39000,0,0,0,39000,0,39000,39000
065605,義隆元大01購02  ,0,0,0,0,0,0,0,0,0,39000,0,0,0,76000,37000,39000,39000
066174,京鼎凱基01購01  ,0,0,0,0,0,0,0,0,0,39000,0,0,0,48000,9000,39000,39000
066288,晶碩元大01購01  ,0,0,0,0,0,0,0,0,0,39000,0,0,0,275000,236000,39000,39000
3535,晶彩科          ,339000,300000,39000,0,0,0,0,0,0,0,0,0,0,0,0,0,39000
07050P,宏達電中信9B售01,0,0,0,0,0,0,0,0,0,38000,0,0,0,88000,50000,38000,38000
08806P,技嘉元富07售02  ,0,0,0,0,0,0,0,0,0,38000,0,0,0,60000,22000,38000,38000
08518P,世芯群益9C售03  ,0,0,0,0,0,0,0,0,0,38000,0,0,0,38000,0,38000,38000
058794,旺宏元大99購09  ,0,0,0,0,0,0,0,0,0,38000,0,0,0,214000,176000,38000,38000
059109,台積電富邦9C購03,0,0,0,0,0,0,0,0,0,38000,0,0,0,38000,0,38000,38000
063361,台表科國泰01購02,0,0,0,0,0,0,0,0,0,38000,0,0,0,38000,0,38000,38000
063179,群創兆豐9B購01  ,0,0,0,0,0,0,0,0,0,38000,0,0,0,38000,0,38000,38000
058624,台積電國票99購09,0,0,0,0,0,0,0,0,0,38000,0,0,0,138000,100000,38000,38000
056818,正崴永豐98購01  ,0,0,0,0,0,0,0,0,0,38000,0,0,0,38000,0,38000,38000
056490,台積電國泰99購01,0,0,0,0,0,0,0,0,0,38000,0,0,0,88000,50000,38000,38000
057391,樺漢永豐98購01  ,0,0,0,0,0,0,0,0,0,38000,0,0,0,188000,150000,38000,38000
059510,華新科永豐99購07,0,0,0,0,0,0,0,0,0,38000,0,0,0,98000,60000,38000,38000
054308,嘉晶凱基98購01  ,0,0,0,0,0,0,0,0,0,38000,0,0,0,50000,12000,38000,38000
053559,台積電國泰98購01,0,0,0,0,0,0,0,0,0,38000,0,0,0,88000,50000,38000,38000
056412,上証2X中信9A購02,0,0,0,0,0,0,0,0,0,38000,0,0,0,41000,3000,38000,38000
062926,嘉澤國票9B購01  ,0,0,0,0,0,0,0,0,0,38000,0,0,0,38000,0,38000,38000
061696,南茂群益9A購01  ,0,0,0,0,0,0,0,0,0,38000,0,0,0,38000,0,38000,38000
062149,牧德國票9B購01  ,0,0,0,0,0,0,0,0,0,38000,0,0,0,38000,0,38000,38000
062871,大成鋼兆豐9B購01,0,0,0,0,0,0,0,0,0,38000,0,0,0,38000,0,38000,38000
060785,國巨富邦9B購04  ,0,0,0,0,0,0,0,0,0,38000,0,0,0,38000,0,38000,38000
066616,創意康和01購01  ,0,0,0,0,0,0,0,0,0,38000,0,0,0,151000,113000,38000,38000
065935,金像電群益01購03,0,0,0,0,0,0,0,0,0,38000,0,0,0,38000,0,38000,38000
065920,日月光凱基02購01,0,0,0,0,0,0,0,0,0,38000,0,0,0,88000,50000,38000,38000
065288,華新科群益02購02,0,0,0,0,0,0,0,0,0,38000,0,0,0,113000,75000,38000,38000
065017,和大富邦03購01  ,0,0,0,0,0,0,0,0,0,38000,0,0,0,50000,12000,38000,38000
063783,儒鴻中信9C購01  ,0,0,0,0,0,0,0,0,0,38000,0,0,0,38000,0,38000,38000
6533,晶心科          ,248000,210000,38000,0,0,0,0,0,0,0,0,0,0,0,0,0,38000
055631,創意永豐98購01  ,0,0,0,0,0,0,0,0,0,37000,0,0,0,47000,10000,37000,37000
057071,華擎永豐98購02  ,0,0,0,0,0,0,0,0,0,37000,0,0,0,37000,0,37000,37000
057790,台積電統一99購04,0,0,0,0,0,0,0,0,0,37000,0,0,0,37000,0,37000,37000
057671,群創元大9B購06  ,0,0,0,0,0,0,0,0,0,37000,0,0,0,37000,0,37000,37000
063380,台表科永豐9B購03,0,0,0,0,0,0,0,0,0,37000,0,0,0,250000,213000,37000,37000
061476,大毅元大9A購02  ,0,0,0,0,0,0,0,0,0,37000,0,0,0,37000,0,37000,37000
064285,貿聯元大9C購02  ,0,0,0,0,0,0,0,0,0,37000,0,0,0,37000,0,37000,37000
064198,超眾群益9C購01  ,0,0,0,0,0,0,0,0,0,37000,0,0,0,47000,10000,37000,37000
062509,SP黃豆國票9B購03,0,0,0,0,0,0,0,0,0,37000,0,0,0,37000,0,37000,37000
062351,瑞祺群益9C購01  ,0,0,0,0,0,0,0,0,0,37000,0,0,0,80000,43000,37000,37000
062457,京元電群益9B購01,0,0,0,0,0,0,0,0,0,37000,0,0,0,48000,11000,37000,37000
063665,南亞科統一01購02,0,0,0,0,0,0,0,0,0,37000,0,0,0,62000,25000,37000,37000
065059,神隆群益9C購01  ,0,0,0,0,0,0,0,0,0,37000,0,0,0,38000,1000,37000,37000
065041,金像電凱基02購02,0,0,0,0,0,0,0,0,0,37000,0,0,0,53000,16000,37000,37000
064905,嘉聯益群益9C購01,0,0,0,0,0,0,0,0,0,37000,0,0,0,37000,0,37000,37000
065290,奇鋐群益9C購01  ,0,0,0,0,0,0,0,0,0,37000,0,0,0,40000,3000,37000,37000
065212,瑞儀國票01購01  ,0,0,0,0,0,0,0,0,0,37000,0,0,0,45000,8000,37000,37000
065776,鴻海國泰03購01  ,0,0,0,0,0,0,0,0,0,37000,0,0,0,200000,163000,37000,37000
065810,台表科群益9C購05,0,0,0,0,0,0,0,0,0,37000,0,0,0,137000,100000,37000,37000
066593,奇鋐群益01購01  ,0,0,0,0,0,0,0,0,0,37000,0,0,0,57000,20000,37000,37000
08528P,台勝科元大9C售02,0,0,0,0,0,0,0,0,0,36000,0,0,0,109000,73000,36000,36000
08079P,宏達電國票9B售03,0,0,0,0,0,0,0,0,0,36000,0,0,0,36000,0,36000,36000
08048P,臺股指國票9B售13,0,0,0,0,0,0,0,0,0,36000,0,0,0,36000,0,36000,36000
067368,技嘉統一03購01  ,0,0,0,0,0,0,0,0,0,36000,0,0,0,144000,108000,36000,36000
067220,台郡元大01購04  ,0,0,0,0,0,0,0,0,0,36000,0,0,0,51000,15000,36000,36000
057776,京元電群益98購02,0,0,0,0,0,0,0,0,0,36000,0,0,0,45000,9000,36000,36000
059714,A50正2元大9C購01,0,0,0,0,0,0,0,0,0,36000,0,0,0,36000,0,36000,36000
057136,立積凱基98購02  ,0,0,0,0,0,0,0,0,0,36000,0,0,0,40000,4000,36000,36000
056113,新日興兆豐98購01,0,0,0,0,0,0,0,0,0,36000,0,0,0,50000,14000,36000,36000
062703,可成元大9C購02  ,0,0,0,0,0,0,0,0,0,36000,0,0,0,200000,164000,36000,36000
061762,台塑元大9B購01  ,0,0,0,0,0,0,0,0,0,36000,0,0,0,37000,1000,36000,36000
061873,友達元大9C購07  ,0,0,0,0,0,0,0,0,0,36000,0,0,0,36000,0,36000,36000
064228,同欣電國票01購01,0,0,0,0,0,0,0,0,0,36000,0,0,0,50000,14000,36000,36000
060738,矽格統一9C購01  ,0,0,0,0,0,0,0,0,0,36000,0,0,0,61000,25000,36000,36000
066042,正崴元大02購01  ,0,0,0,0,0,0,0,0,0,36000,0,0,0,71000,35000,36000,36000
065184,和大統一02購04  ,0,0,0,0,0,0,0,0,0,36000,0,0,0,36000,0,36000,36000
065150,上銀群益9C購03  ,0,0,0,0,0,0,0,0,0,36000,0,0,0,98000,62000,36000,36000
065145,貿聯凱基9C購02  ,0,0,0,0,0,0,0,0,0,36000,0,0,0,36000,0,36000,36000
064884,台表科第一9C購01,0,0,0,0,0,0,0,0,0,36000,0,0,0,36000,0,36000,36000
064863,台積電永豐9C購01,0,0,0,0,0,0,0,0,0,36000,0,0,0,66000,30000,36000,36000
063819,致新群益9C購01  ,0,0,0,0,0,0,0,0,0,36000,0,0,0,122000,86000,36000,36000
064013,創意國票01購01  ,0,0,0,0,0,0,0,0,0,36000,0,0,0,69000,33000,36000,36000
6541,泰福-KY         ,78000,42000,36000,0,0,0,0,0,0,0,1000,1000,0,0,0,0,36000
067250,中化國票02購01  ,0,0,0,0,0,0,0,0,0,35000,0,0,0,35000,0,35000,35000
067264,美利達國票02購01,0,0,0,0,0,0,0,0,0,35000,0,0,0,35000,0,35000,35000
067284,華新科國票02購01,0,0,0,0,0,0,0,0,0,35000,0,0,0,35000,0,35000,35000
066877,奇鋐富邦03購01  ,0,0,0,0,0,0,0,0,0,35000,0,0,0,37000,2000,35000,35000
066762,總太永豐01購02  ,0,0,0,0,0,0,0,0,0,35000,0,0,0,35000,0,35000,35000
066672,瑞祺凱基03購01  ,0,0,0,0,0,0,0,0,0,35000,0,0,0,50000,15000,35000,35000
07530P,聯發科凱基9A售11,0,0,0,0,0,0,0,0,0,35000,0,0,0,35000,0,35000,35000
08301P,台積電兆豐9C售02,0,0,0,0,0,0,0,0,0,35000,0,0,0,35000,0,35000,35000
08372P,大立光凱基01售04,0,0,0,0,0,0,0,0,0,35000,0,0,0,36000,1000,35000,35000
08724P,臺股指元大01售05,0,0,0,0,0,0,0,0,0,35000,0,0,0,35000,0,35000,35000
2425,承啟            ,199000,164000,35000,0,0,0,0,0,0,0,0,0,0,0,0,0,35000
055619,同欣電國票98購02,0,0,0,0,0,0,0,0,0,35000,0,0,0,35000,0,35000,35000
058180,華新科國泰9A購01,0,0,0,0,0,0,0,0,0,35000,0,0,0,35000,0,35000,35000
056483,TPK元大98購01   ,0,0,0,0,0,0,0,0,0,35000,0,0,0,45000,10000,35000,35000
053449,超眾凱基98購01  ,0,0,0,0,0,0,0,0,0,35000,0,0,0,35000,0,35000,35000
059760,楠梓電永豐99購01,0,0,0,0,0,0,0,0,0,35000,0,0,0,85000,50000,35000,35000
059646,聯茂凱基99購06  ,0,0,0,0,0,0,0,0,0,35000,0,0,0,135000,100000,35000,35000
059872,華新科凱基01購01,0,0,0,0,0,0,0,0,0,35000,0,0,0,200000,165000,35000,35000
058801,致伸元大99購01  ,0,0,0,0,0,0,0,0,0,35000,0,0,0,40000,5000,35000,35000
058646,聯茂富邦9A購01  ,0,0,0,0,0,0,0,0,0,35000,0,0,0,60000,25000,35000,35000
063053,聯發科統一01購04,0,0,0,0,0,0,0,0,0,35000,0,0,0,58000,23000,35000,35000
063251,同欣電元大9B購04,0,0,0,0,0,0,0,0,0,35000,0,0,0,90000,55000,35000,35000
063192,技嘉台新9B購01  ,0,0,0,0,0,0,0,0,0,35000,0,0,0,38000,3000,35000,35000
060381,元黃金凱基9A購01,0,0,0,0,0,0,0,0,0,35000,0,0,0,35000,0,35000,35000
060835,亞德客國票9A購01,0,0,0,0,0,0,0,0,0,35000,0,0,0,40000,5000,35000,35000
060889,國泰金統一9C購01,0,0,0,0,0,0,0,0,0,35000,0,0,0,35000,0,35000,35000
064271,鴻海元大9C購08  ,0,0,0,0,0,0,0,0,0,35000,0,0,0,67000,32000,35000,35000
064295,聚陽國票01購01  ,0,0,0,0,0,0,0,0,0,35000,0,0,0,36000,1000,35000,35000
064109,上銀國票01購01  ,0,0,0,0,0,0,0,0,0,35000,0,0,0,37000,2000,35000,35000
064403,正崴凱基01購01  ,0,0,0,0,0,0,0,0,0,35000,0,0,0,112000,77000,35000,35000
063418,京元電凱基9B購03,0,0,0,0,0,0,0,0,0,35000,0,0,0,79000,44000,35000,35000
061970,大立光統一9C購03,0,0,0,0,0,0,0,0,0,35000,0,0,0,35000,0,35000,35000
064045,南亞科統一9C購04,0,0,0,0,0,0,0,0,0,35000,0,0,0,43000,8000,35000,35000
063818,矽創群益9C購01  ,0,0,0,0,0,0,0,0,0,35000,0,0,0,241000,206000,35000,35000
063698,上銀群益9B購05  ,0,0,0,0,0,0,0,0,0,35000,0,0,0,78000,43000,35000,35000
065208,義隆國票01購01  ,0,0,0,0,0,0,0,0,0,35000,0,0,0,35000,0,35000,35000
065950,正崴統一03購01  ,0,0,0,0,0,0,0,0,0,35000,0,0,0,46000,11000,35000,35000
065931,瑞祺國票02購01  ,0,0,0,0,0,0,0,0,0,35000,0,0,0,35000,0,35000,35000
065779,台勝科國泰01購02,0,0,0,0,0,0,0,0,0,35000,0,0,0,66000,31000,35000,35000
066566,康控元大01購01  ,0,0,0,0,0,0,0,0,0,35000,0,0,0,43000,8000,35000,35000
066538,信邦兆豐03購01  ,0,0,0,0,0,0,0,0,0,35000,0,0,0,50000,15000,35000,35000
066219,惠特元富01購01  ,0,0,0,0,0,0,0,0,0,35000,0,0,0,85000,50000,35000,35000
4976,佳凌            ,106000,72000,34000,0,0,0,0,0,0,1000,1000,0,1000,0,0,0,35000
1808,潤隆            ,46000,12000,34000,0,0,0,0,0,0,0,0,0,0,0,0,0,34000
08380P,GIS元大9C售06   ,0,0,0,0,0,0,0,0,0,34000,0,0,0,34000,0,34000,34000
08122P,晶技國票9C售01  ,0,0,0,0,0,0,0,0,0,34000,0,0,0,46000,12000,34000,34000
07777P,創意元大9A售03  ,0,0,0,0,0,0,0,0,0,34000,0,0,0,442000,408000,34000,34000
066784,滬深反中信03購01,0,0,0,0,0,0,0,0,0,34000,0,0,0,49000,15000,34000,34000
067002,生達永豐01購02  ,0,0,0,0,0,0,0,0,0,34000,0,0,0,58000,24000,34000,34000
067192,矽格凱基01購03  ,0,0,0,0,0,0,0,0,0,34000,0,0,0,37000,3000,34000,34000
063411,和潤國票9C購01  ,0,0,0,0,0,0,0,0,0,34000,0,0,0,66000,32000,34000,34000
059950,百和永豐99購02  ,0,0,0,0,0,0,0,0,0,34000,0,0,0,58000,24000,34000,34000
054088,華新群益98購02  ,0,0,0,0,0,0,0,0,0,34000,0,0,0,34000,0,34000,34000
056496,康控國泰99購01  ,0,0,0,0,0,0,0,0,0,34000,0,0,0,73000,39000,34000,34000
056637,台光電日盛9A購01,0,0,0,0,0,0,0,0,0,34000,0,0,0,34000,0,34000,34000
056726,友達日盛9A購01  ,0,0,0,0,0,0,0,0,0,34000,0,0,0,34000,0,34000,34000
058077,超眾凱基98購02  ,0,0,0,0,0,0,0,0,0,34000,0,0,0,34000,0,34000,34000
064207,國巨凱基03購02  ,0,0,0,0,0,0,0,0,0,34000,0,0,0,36000,2000,34000,34000
063846,智邦元大9C購01  ,0,0,0,0,0,0,0,0,0,34000,0,0,0,38000,4000,34000,34000
061607,台表科凱基9B購02,0,0,0,0,0,0,0,0,0,34000,0,0,0,44000,10000,34000,34000
066164,精元凱基01購01  ,0,0,0,0,0,0,0,0,0,34000,0,0,0,108000,74000,34000,34000
065981,超眾元大02購01  ,0,0,0,0,0,0,0,0,0,34000,0,0,0,85000,51000,34000,34000
065693,國巨群益9C購18  ,0,0,0,0,0,0,0,0,0,34000,0,0,0,166000,132000,34000,34000
8150,南茂            ,1164000,1103000,61000,0,0,0,0,0,0,-27000,40000,0,40000,6000,73000,-67000,34000
066845,亞光元大01購02  ,0,0,0,0,0,0,0,0,0,33000,0,0,0,33000,0,33000,33000
07011P,宏達電凱基99售02,0,0,0,0,0,0,0,0,0,33000,0,0,0,33000,0,33000,33000
08214P,南六統一9B售03  ,0,0,0,0,0,0,0,0,0,33000,0,0,0,856000,823000,33000,33000
08457P,大毅元大9C售03  ,0,0,0,0,0,0,0,0,0,33000,0,0,0,52000,19000,33000,33000
2348,海悅            ,90000,47000,43000,0,0,0,0,0,0,-10000,0,10000,-10000,0,0,0,33000
057282,大立光元大99購06,0,0,0,0,0,0,0,0,0,33000,0,0,0,123000,90000,33000,33000
056388,勤誠國泰99購01  ,0,0,0,0,0,0,0,0,0,33000,0,0,0,33000,0,33000,33000
059042,世紀鋼群益99購02,0,0,0,0,0,0,0,0,0,33000,0,0,0,33000,0,33000,33000
058623,國巨國票99購08  ,0,0,0,0,0,0,0,0,0,33000,0,0,0,43000,10000,33000,33000
058428,大立光元富99購02,0,0,0,0,0,0,0,0,0,33000,0,0,0,43000,10000,33000,33000
063483,致新元大9B購03  ,0,0,0,0,0,0,0,0,0,33000,0,0,0,61000,28000,33000,33000
060569,台積電永豐9A購01,0,0,0,0,0,0,0,0,0,33000,0,0,0,33000,0,33000,33000
062249,台積電元大9B購01,0,0,0,0,0,0,0,0,0,33000,0,0,0,33000,0,33000,33000
065725,技嘉凱基9C購03  ,0,0,0,0,0,0,0,0,0,33000,0,0,0,129000,96000,33000,33000
066134,強茂群益01購01  ,0,0,0,0,0,0,0,0,0,33000,0,0,0,100000,67000,33000,33000
066258,台積電元大01購10,0,0,0,0,0,0,0,0,0,33000,0,0,0,33000,0,33000,33000
066415,台積電元大01購11,0,0,0,0,0,0,0,0,0,33000,0,0,0,33000,0,33000,33000
066416,台積電元大01購12,0,0,0,0,0,0,0,0,0,33000,0,0,0,33000,0,33000,33000
064816,訊芯元大9C購01  ,0,0,0,0,0,0,0,0,0,33000,0,0,0,216000,183000,33000,33000
065048,世芯凱基01購01  ,0,0,0,0,0,0,0,0,0,33000,0,0,0,309000,276000,33000,33000
063730,台積電元大9B購09,0,0,0,0,0,0,0,0,0,33000,0,0,0,33000,0,33000,33000
064022,台積電元大9C購07,0,0,0,0,0,0,0,0,0,33000,0,0,0,33000,0,33000,33000
9105,泰金寶-DR       ,137000,104000,33000,0,0,0,0,0,0,0,0,0,0,0,0,0,33000
1541,錩泰            ,48000,16000,32000,0,0,0,0,0,0,0,0,0,0,0,0,0,32000
08719P,華通元大01售04  ,0,0,0,0,0,0,0,0,0,32000,0,0,0,87000,55000,32000,32000
08410P,臺股指元大9C售16,0,0,0,0,0,0,0,0,0,32000,0,0,0,52000,20000,32000,32000
08061P,大毅國票9B售04  ,0,0,0,0,0,0,0,0,0,32000,0,0,0,34000,2000,32000,32000
07032P,聯發科統一9C售02,0,0,0,0,0,0,0,0,0,32000,0,0,0,32000,0,32000,32000
067025,禾伸堂兆豐03購01,0,0,0,0,0,0,0,0,0,32000,0,0,0,127000,95000,32000,32000
057700,新日興群益9A購01,0,0,0,0,0,0,0,0,0,32000,0,0,0,32000,0,32000,32000
063084,可成凱基9C購01  ,0,0,0,0,0,0,0,0,0,32000,0,0,0,32000,0,32000,32000
063103,技嘉群益9B購01  ,0,0,0,0,0,0,0,0,0,32000,0,0,0,53000,21000,32000,32000
058342,鴻海群益9A購01  ,0,0,0,0,0,0,0,0,0,32000,0,0,0,50000,18000,32000,32000
03421B,臺股指元大99熊01,0,0,0,0,0,0,0,0,0,32000,0,0,0,55000,23000,32000,32000
03670C,元油2X元富99牛01,0,0,0,0,0,0,0,0,0,32000,0,0,0,32000,0,32000,32000
056891,國巨元大99購03  ,0,0,0,0,0,0,0,0,0,32000,0,0,0,132000,100000,32000,32000
064133,力成元大9C購01  ,0,0,0,0,0,0,0,0,0,32000,0,0,0,87000,55000,32000,32000
060685,康友元大9A購01  ,0,0,0,0,0,0,0,0,0,32000,0,0,0,100000,68000,32000,32000
060346,華新科統一01購01,0,0,0,0,0,0,0,0,0,32000,0,0,0,52000,20000,32000,32000
063908,國巨凱基9C購06  ,0,0,0,0,0,0,0,0,0,32000,0,0,0,36000,4000,32000,32000
064592,同欣電永豐9C購01,0,0,0,0,0,0,0,0,0,32000,0,0,0,34000,2000,32000,32000
065046,玉晶光凱基01購03,0,0,0,0,0,0,0,0,0,32000,0,0,0,45000,13000,32000,32000
064777,南亞科群益9C購01,0,0,0,0,0,0,0,0,0,32000,0,0,0,52000,20000,32000,32000
064890,聯電群益9C購02  ,0,0,0,0,0,0,0,0,0,32000,0,0,0,50000,18000,32000,32000
066275,台勝科元大01購01,0,0,0,0,0,0,0,0,0,32000,0,0,0,98000,66000,32000,32000
066159,寶成康和01購01  ,0,0,0,0,0,0,0,0,0,32000,0,0,0,100000,68000,32000,32000
065680,聯發科統一9C購16,0,0,0,0,0,0,0,0,0,32000,0,0,0,84000,52000,32000,32000
9955,佳龍            ,125000,93000,32000,0,0,0,0,0,0,0,0,0,0,0,0,0,32000
066908,聯發科凱基03購05,0,0,0,0,0,0,0,0,0,31000,0,0,0,56000,25000,31000,31000
066929,國巨國票02購03  ,0,0,0,0,0,0,0,0,0,31000,0,0,0,45000,14000,31000,31000
07076P,鴻海凱基9A售08  ,0,0,0,0,0,0,0,0,0,31000,0,0,0,31000,0,31000,31000
08231P,上銀元富9B售10  ,0,0,0,0,0,0,0,0,0,31000,0,0,0,31000,0,31000,31000
1736,喬山            ,276000,222000,54000,0,0,0,0,0,0,-23000,0,0,0,2000,25000,-23000,31000
059956,玉山金康和99購01,0,0,0,0,0,0,0,0,0,31000,0,0,0,340000,309000,31000,31000
058999,台積電元大99購24,0,0,0,0,0,0,0,0,0,31000,0,0,0,31000,0,31000,31000
062999,聯茂國票9C購01  ,0,0,0,0,0,0,0,0,0,31000,0,0,0,31000,0,31000,31000
057675,同欣電元大98購02,0,0,0,0,0,0,0,0,0,31000,0,0,0,31000,0,31000,31000
060133,牧德群益9B購01  ,0,0,0,0,0,0,0,0,0,31000,0,0,0,31000,0,31000,31000
064177,立積國泰01購01  ,0,0,0,0,0,0,0,0,0,31000,0,0,0,136000,105000,31000,31000
061745,南電凱基9B購02  ,0,0,0,0,0,0,0,0,0,31000,0,0,0,31000,0,31000,31000
063269,儒鴻兆豐9C購01  ,0,0,0,0,0,0,0,0,0,31000,0,0,0,31000,0,31000,31000
065635,智伸科國票01購02,0,0,0,0,0,0,0,0,0,31000,0,0,0,31000,0,31000,31000
065752,正崴元大9C購01  ,0,0,0,0,0,0,0,0,0,31000,0,0,0,60000,29000,31000,31000
065601,聯發科元大01購05,0,0,0,0,0,0,0,0,0,31000,0,0,0,171000,140000,31000,31000
066055,聯鈞元大01購01  ,0,0,0,0,0,0,0,0,0,31000,0,0,0,76000,45000,31000,31000
066573,瑞祺元大01購02  ,0,0,0,0,0,0,0,0,0,31000,0,0,0,558000,527000,31000,31000
065111,瀚宇博國票01購01,0,0,0,0,0,0,0,0,0,31000,0,0,0,72000,41000,31000,31000
064413,世紀鋼凱基02購01,0,0,0,0,0,0,0,0,0,31000,0,0,0,363000,332000,31000,31000
2427,三商電          ,27000,6000,21000,0,0,0,0,0,0,9000,9000,0,9000,0,0,0,30000
08718P,台灣50元大02售03,0,0,0,0,0,0,0,0,0,30000,0,0,0,30000,0,30000,30000
08699P,南電元大01售05  ,0,0,0,0,0,0,0,0,0,30000,0,0,0,30000,0,30000,30000
08769P,上証2X凱基01售02,0,0,0,0,0,0,0,0,0,30000,0,0,0,30000,0,30000,30000
08854P,台灣50國票01售04,0,0,0,0,0,0,0,0,0,30000,0,0,0,30000,0,30000,30000
08224P,臺股指凱基9B售19,0,0,0,0,0,0,0,0,0,30000,0,0,0,128000,98000,30000,30000
08180P,聯發科國泰01售05,0,0,0,0,0,0,0,0,0,30000,0,0,0,30000,0,30000,30000
08159P,日月光元富9B售01,0,0,0,0,0,0,0,0,0,30000,0,0,0,30000,0,30000,30000
08362P,國巨凱基02售01  ,0,0,0,0,0,0,0,0,0,30000,0,0,0,30000,0,30000,30000
07049P,聯發科中信99售03,0,0,0,0,0,0,0,0,0,30000,0,0,0,30000,0,30000,30000
07061P,台積電元大99售14,0,0,0,0,0,0,0,0,0,30000,0,0,0,30000,0,30000,30000
07189P,聯發科富邦9B售03,0,0,0,0,0,0,0,0,0,30000,0,0,0,30000,0,30000,30000
07146P,瑞昱元大99售02  ,0,0,0,0,0,0,0,0,0,30000,0,0,0,30000,0,30000,30000
07368P,國巨凱基99售19  ,0,0,0,0,0,0,0,0,0,30000,0,0,0,30000,0,30000,30000
07359P,台積電元大99售45,0,0,0,0,0,0,0,0,0,30000,0,0,0,50000,20000,30000,30000
07257P,臺股指凱基99售37,0,0,0,0,0,0,0,0,0,30000,0,0,0,30000,0,30000,30000
07729P,臺股指凱基9A售21,0,0,0,0,0,0,0,0,0,30000,0,0,0,30000,0,30000,30000
06928P,鴻海元大99售10  ,0,0,0,0,0,0,0,0,0,30000,0,0,0,130000,100000,30000,30000
06879P,長榮航凱基98售02,0,0,0,0,0,0,0,0,0,30000,0,0,0,30000,0,30000,30000
066726,鴻海元大01購11  ,0,0,0,0,0,0,0,0,0,30000,0,0,0,50000,20000,30000,30000
06728P,全新元大98售03  ,0,0,0,0,0,0,0,0,0,30000,0,0,0,30000,0,30000,30000
057611,技嘉元富98購02  ,0,0,0,0,0,0,0,0,0,30000,0,0,0,30000,0,30000,30000
058577,南亞科群益99購02,0,0,0,0,0,0,0,0,0,30000,0,0,0,50000,20000,30000,30000
057481,技嘉元大98購04  ,0,0,0,0,0,0,0,0,0,30000,0,0,0,30000,0,30000,30000
057575,世紀鋼永豐98購02,0,0,0,0,0,0,0,0,0,30000,0,0,0,61000,31000,30000,30000
063358,華擎國泰01購01  ,0,0,0,0,0,0,0,0,0,30000,0,0,0,30000,0,30000,30000
063189,臻鼎凱基9B購01  ,0,0,0,0,0,0,0,0,0,30000,0,0,0,30000,0,30000,30000
063229,台表科群益9B購04,0,0,0,0,0,0,0,0,0,30000,0,0,0,100000,70000,30000,30000
058908,貿聯元大99購03  ,0,0,0,0,0,0,0,0,0,30000,0,0,0,30000,0,30000,30000
059075,FBVIX元大99購01 ,0,0,0,0,0,0,0,0,0,30000,0,0,0,30000,0,30000,30000
059929,華新科富邦9C購03,0,0,0,0,0,0,0,0,0,30000,0,0,0,30000,0,30000,30000
059618,台積電日盛99購01,0,0,0,0,0,0,0,0,0,30000,0,0,0,30000,0,30000,30000
058035,旭富永豐98購02  ,0,0,0,0,0,0,0,0,0,30000,0,0,0,30000,0,30000,30000
058803,世紀鋼元大99購03,0,0,0,0,0,0,0,0,0,30000,0,0,0,78000,48000,30000,30000
058707,泰鼎元大99購02  ,0,0,0,0,0,0,0,0,0,30000,0,0,0,30000,0,30000,30000
057902,嘉晶永豐98購02  ,0,0,0,0,0,0,0,0,0,30000,0,0,0,39000,9000,30000,30000
059344,長榮航凱基99購01,0,0,0,0,0,0,0,0,0,30000,0,0,0,30000,0,30000,30000
057150,貿聯國票99購02  ,0,0,0,0,0,0,0,0,0,30000,0,0,0,30000,0,30000,30000
056715,瀚宇博永豐98購01,0,0,0,0,0,0,0,0,0,30000,0,0,0,72000,42000,30000,30000
054179,上海銀台新97購01,0,0,0,0,0,0,0,0,0,30000,0,0,0,30000,0,30000,30000
054301,楠梓電凱基98購01,0,0,0,0,0,0,0,0,0,30000,0,0,0,30000,0,30000,30000
056395,玉晶光永豐9B購01,0,0,0,0,0,0,0,0,0,30000,0,0,0,124000,94000,30000,30000
053276,友達元大9C購01  ,0,0,0,0,0,0,0,0,0,30000,0,0,0,30000,0,30000,30000
053882,聯發科中信98購02,0,0,0,0,0,0,0,0,0,30000,0,0,0,30000,0,30000,30000
054733,鴻海凱基98購04  ,0,0,0,0,0,0,0,0,0,30000,0,0,0,30000,0,30000,30000
056921,京元電兆豐98購01,0,0,0,0,0,0,0,0,0,30000,0,0,0,30000,0,30000,30000
063281,京元電元大9B購01,0,0,0,0,0,0,0,0,0,30000,0,0,0,30000,0,30000,30000
063465,友達元大9C購10  ,0,0,0,0,0,0,0,0,0,30000,0,0,0,48000,18000,30000,30000
062016,美食永豐9B購01  ,0,0,0,0,0,0,0,0,0,30000,0,0,0,30000,0,30000,30000
061224,道瓊反中信01購01,0,0,0,0,0,0,0,0,0,30000,0,0,0,30000,0,30000,30000
062235,億光凱基9B購01  ,0,0,0,0,0,0,0,0,0,30000,0,0,0,39000,9000,30000,30000
062717,華邦電凱基9C購01,0,0,0,0,0,0,0,0,0,30000,0,0,0,30000,0,30000,30000
062709,帆宣元大9B購01  ,0,0,0,0,0,0,0,0,0,30000,0,0,0,30000,0,30000,30000
062681,全新統一01購01  ,0,0,0,0,0,0,0,0,0,30000,0,0,0,40000,10000,30000,30000
062721,美律凱基9B購02  ,0,0,0,0,0,0,0,0,0,30000,0,0,0,73000,43000,30000,30000
064111,國巨國票02購02  ,0,0,0,0,0,0,0,0,0,30000,0,0,0,46000,16000,30000,30000
063831,帆宣國票01購01  ,0,0,0,0,0,0,0,0,0,30000,0,0,0,68000,38000,30000,30000
060626,貿聯元大9A購04  ,0,0,0,0,0,0,0,0,0,30000,0,0,0,30000,0,30000,30000
060667,力成凱基9A購01  ,0,0,0,0,0,0,0,0,0,30000,0,0,0,60000,30000,30000,30000
060904,臺指反元大9C購07,0,0,0,0,0,0,0,0,0,30000,0,0,0,50000,20000,30000,30000
063958,瑞祺元大9C購01  ,0,0,0,0,0,0,0,0,0,30000,0,0,0,54000,24000,30000,30000
065117,臺股指國票9C購14,0,0,0,0,0,0,0,0,0,30000,0,0,0,30000,0,30000,30000
065186,和大統一02購06  ,0,0,0,0,0,0,0,0,0,30000,0,0,0,30000,0,30000,30000
064885,T50反1中信04購01,0,0,0,0,0,0,0,0,0,30000,0,0,0,30000,0,30000,30000
064754,漢唐凱基02購01  ,0,0,0,0,0,0,0,0,0,30000,0,0,0,45000,15000,30000,30000
066406,南六凱基01購02  ,0,0,0,0,0,0,0,0,0,30000,0,0,0,50000,20000,30000,30000
066408,致新凱基01購02  ,0,0,0,0,0,0,0,0,0,30000,0,0,0,110000,80000,30000,30000
066110,大成鋼兆豐01購01,0,0,0,0,0,0,0,0,0,30000,0,0,0,30000,0,30000,30000
066296,昇陽半元大01購02,0,0,0,0,0,0,0,0,0,30000,0,0,0,40000,10000,30000,30000
066304,聯華永豐01購01  ,0,0,0,0,0,0,0,0,0,30000,0,0,0,33000,3000,30000,30000
065755,日電貿元大9C購02,0,0,0,0,0,0,0,0,0,30000,0,0,0,30000,0,30000,30000
065738,國巨麥證9C購04  ,0,0,0,30000,0,30000,0,0,0,30000,0,0,0,30000,0,30000,30000
2845,遠東銀          ,240000,192000,48000,0,0,0,0,19000,-19000,1000,1000,0,1000,0,0,0,30000
066944,鴻海元大01購13  ,0,0,0,0,0,0,0,0,0,29000,0,0,0,150000,121000,29000,29000
08205P,智邦凱基9B售03  ,0,0,0,0,0,0,0,0,0,29000,0,0,0,29000,0,29000,29000
03448B,臺股指元大9C熊11,0,0,0,0,0,0,0,0,0,29000,0,0,0,199000,170000,29000,29000
00690,兆豐藍籌30      ,0,0,0,0,0,0,0,0,0,29000,0,0,0,281000,252000,29000,29000
058732,矽格永豐99購01  ,0,0,0,0,0,0,0,0,0,29000,0,0,0,77000,48000,29000,29000
059056,技嘉凱基99購02  ,0,0,0,0,0,0,0,0,0,29000,0,0,0,50000,21000,29000,29000
057620,康控凱基99購01  ,0,0,0,0,0,0,0,0,0,29000,0,0,0,30000,1000,29000,29000
058631,鈺齊國票9A購01  ,0,0,0,0,0,0,0,0,0,29000,0,0,0,39000,10000,29000,29000
063877,鴻海元富9C購01  ,0,0,0,0,0,0,0,0,0,29000,0,0,0,95000,66000,29000,29000
061472,台積電元大9A購32,0,0,0,0,0,0,0,0,0,29000,0,0,0,33000,4000,29000,29000
062891,台汽電群益9B購01,0,0,0,0,0,0,0,0,0,29000,0,0,0,41000,12000,29000,29000
061964,台積電統一01購05,0,0,0,0,0,0,0,0,0,29000,0,0,0,124000,95000,29000,29000
063328,京元電國票9C購02,0,0,0,0,0,0,0,0,0,29000,0,0,0,34000,5000,29000,29000
066417,台積電元大01購13,0,0,0,0,0,0,0,0,0,29000,0,0,0,29000,0,29000,29000
064824,台積電統一02購03,0,0,0,0,0,0,0,0,0,29000,0,0,0,29000,0,29000,29000
063980,智易兆豐9C購02  ,0,0,0,0,0,0,0,0,0,29000,0,0,0,83000,54000,29000,29000
064605,GIS元富9C購01   ,0,0,0,0,0,0,0,0,0,29000,0,0,0,105000,76000,29000,29000
064411,台表科凱基02購01,0,0,0,0,0,0,0,0,0,29000,0,0,0,203000,174000,29000,29000
063731,台積電元大9B購10,0,0,0,0,0,0,0,0,0,29000,0,0,0,39000,10000,29000,29000
07981P,上銀群益9B售04  ,0,0,0,0,0,0,0,0,0,28000,0,0,0,43000,15000,28000,28000
08328P,國巨國票9C售07  ,0,0,0,0,0,0,0,0,0,28000,0,0,0,38000,10000,28000,28000
08371P,京元電凱基9C售01,0,0,0,0,0,0,0,0,0,28000,0,0,0,48000,20000,28000,28000
063177,友達兆豐9B購01  ,0,0,0,0,0,0,0,0,0,28000,0,0,0,28000,0,28000,28000
063173,矽格中信9B購01  ,0,0,0,0,0,0,0,0,0,28000,0,0,0,66000,38000,28000,28000
059675,大立光元富99購08,0,0,0,0,0,0,0,0,0,28000,0,0,0,29000,1000,28000,28000
058275,S&P500中信9B購01,0,0,0,0,0,0,0,0,0,28000,0,0,0,28000,0,28000,28000
057866,玉山金凱基98購01,0,0,0,0,0,0,0,0,0,28000,0,0,0,28000,0,28000,28000
00654R,富邦印度反1     ,55000,12000,43000,0,0,0,0,0,0,-15000,0,0,0,0,15000,-15000,28000
054923,晶技凱基98購01  ,0,0,0,0,0,0,0,0,0,28000,0,0,0,28000,0,28000,28000
056554,GIS凱基99購01   ,0,0,0,0,0,0,0,0,0,28000,0,0,0,58000,30000,28000,28000
056864,新日興群益99購01,0,0,0,0,0,0,0,0,0,28000,0,0,0,38000,10000,28000,28000
063522,技嘉凱基9B購03  ,0,0,0,0,0,0,0,0,0,28000,0,0,0,123000,95000,28000,28000
062742,技嘉國泰01購01  ,0,0,0,0,0,0,0,0,0,28000,0,0,0,30000,2000,28000,28000
061767,信邦元大9B購01  ,0,0,0,0,0,0,0,0,0,28000,0,0,0,154000,126000,28000,28000
061145,臻鼎中信9A購02  ,0,0,0,0,0,0,0,0,0,28000,0,0,0,30000,2000,28000,28000
060727,高股息中信9C購02,0,0,0,0,0,0,0,0,0,28000,0,0,0,28000,0,28000,28000
059988,大立光元大9A購02,0,0,0,0,0,0,0,0,0,28000,0,0,0,105000,77000,28000,28000
066294,嘉基元大01購01  ,0,0,0,0,0,0,0,0,0,28000,0,0,0,128000,100000,28000,28000
066322,群光永豐01購01  ,0,0,0,0,0,0,0,0,0,28000,0,0,0,35000,7000,28000,28000
065548,台達電凱基01購02,0,0,0,0,0,0,0,0,0,28000,0,0,0,28000,0,28000,28000
065424,華新凱基02購01  ,0,0,0,0,0,0,0,0,0,28000,0,0,0,70000,42000,28000,28000
3617,碩天            ,42000,14000,28000,0,0,0,0,0,0,0,0,0,0,0,0,0,28000
00678,群益NBI生技     ,3000,0,3000,0,0,0,0,0,0,24821,0,0,0,325000,300179,24821,27821
08562P,南電國票01售03  ,0,0,0,0,0,0,0,0,0,27000,0,0,0,27000,0,27000,27000
08773P,瑞昱凱基01售01  ,0,0,0,0,0,0,0,0,0,27000,0,0,0,123000,96000,27000,27000
2471,資通            ,58000,31000,27000,0,0,0,0,0,0,0,0,0,0,0,0,0,27000
06690P,玉晶光群益9A售05,0,0,0,0,0,0,0,0,0,27000,0,0,0,277000,250000,27000,27000
066681,聯發科兆豐01購04,0,0,0,0,0,0,0,0,0,27000,0,0,0,92000,65000,27000,27000
067293,智伸科兆豐03購01,0,0,0,0,0,0,0,0,0,27000,0,0,0,27000,0,27000,27000
00666R,富邦恒生國企反1 ,0,0,0,0,0,0,0,0,0,27000,0,0,0,229000,202000,27000,27000
054353,世紀鋼國泰98購01,0,0,0,0,0,0,0,0,0,27000,0,0,0,45000,18000,27000,27000
057248,台積電統一98購08,0,0,0,0,0,0,0,0,0,27000,0,0,0,28000,1000,27000,27000
057887,智原群益98購04  ,0,0,0,0,0,0,0,0,0,27000,0,0,0,47000,20000,27000,27000
057853,旺宏國票99購05  ,0,0,0,0,0,0,0,0,0,27000,0,0,0,27000,0,27000,27000
058738,FBVIX中信03購04 ,0,0,0,0,0,0,0,0,0,27000,0,0,0,28000,1000,27000,27000
063256,鴻海國泰01購02  ,0,0,0,0,0,0,0,0,0,27000,0,0,0,27000,0,27000,27000
063404,金像電國票9B購01,0,0,0,0,0,0,0,0,0,27000,0,0,0,201000,174000,27000,27000
063041,貿聯凱基9B購01  ,0,0,0,0,0,0,0,0,0,27000,0,0,0,43000,16000,27000,27000
060093,友達元大03購01  ,0,0,0,0,0,0,0,0,0,27000,0,0,0,27000,0,27000,27000
060307,南港永豐9A購01  ,0,0,0,0,0,0,0,0,0,27000,0,0,0,59000,32000,27000,27000
060316,福懋科永豐9A購01,0,0,0,0,0,0,0,0,0,27000,0,0,0,27000,0,27000,27000
061055,康控群益9A購01  ,0,0,0,0,0,0,0,0,0,27000,0,0,0,135000,108000,27000,27000
064289,台郡元大9C購01  ,0,0,0,0,0,0,0,0,0,27000,0,0,0,59000,32000,27000,27000
062630,全新國票9B購02  ,0,0,0,0,0,0,0,0,0,27000,0,0,0,67000,40000,27000,27000
063502,南電永豐9B購02  ,0,0,0,0,0,0,0,0,0,27000,0,0,0,35000,8000,27000,27000
065689,群創元富9C購04  ,0,0,0,0,0,0,0,0,0,27000,0,0,0,27000,0,27000,27000
065634,聯發科國票9C購06,0,0,0,0,0,0,0,0,0,27000,0,0,0,28000,1000,27000,27000
066125,得力群益01購01  ,0,0,0,0,0,0,0,0,0,27000,0,0,0,27000,0,27000,27000
064465,台表科統一01購02,0,0,0,0,0,0,0,0,0,27000,0,0,0,47000,20000,27000,27000
064717,台積電統一01購08,0,0,0,0,0,0,0,0,0,27000,0,0,0,132000,105000,27000,27000
3055,蔚華科          ,21000,24000,-3000,0,0,0,0,0,0,30000,30000,0,30000,0,0,0,27000
067207,微星元大01購04  ,0,0,0,0,0,0,0,0,0,26000,0,0,0,47000,21000,26000,26000
07737P,華通永豐9A售01  ,0,0,0,0,0,0,0,0,0,26000,0,0,0,56000,30000,26000,26000
07694P,超眾元大9A售05  ,0,0,0,0,0,0,0,0,0,26000,0,0,0,145000,119000,26000,26000
057919,技嘉凱基98購03  ,0,0,0,0,0,0,0,0,0,26000,0,0,0,41000,15000,26000,26000
056589,康控統一98購01  ,0,0,0,0,0,0,0,0,0,26000,0,0,0,26000,0,26000,26000
059475,元石油群益99購02,0,0,0,0,0,0,0,0,0,26000,0,0,0,26000,0,26000,26000
054640,健策中信9B購01  ,0,0,0,0,0,0,0,0,0,26000,0,0,0,27000,1000,26000,26000
054808,東元元大9A購01  ,0,0,0,0,0,0,0,0,0,26000,0,0,0,299000,273000,26000,26000
053378,台積電元大98購02,0,0,0,0,0,0,0,0,0,26000,0,0,0,27000,1000,26000,26000
062188,貿聯元大9B購02  ,0,0,0,0,0,0,0,0,0,26000,0,0,0,27000,1000,26000,26000
062673,台新金中信03購01,0,0,0,0,0,0,0,0,0,26000,0,0,0,26000,0,26000,26000
062781,微星元大9C購01  ,0,0,0,0,0,0,0,0,0,26000,0,0,0,26000,0,26000,26000
064083,群創中信06購01  ,0,0,0,0,0,0,0,0,0,26000,0,0,0,56000,30000,26000,26000
061451,南電中信9A購03  ,0,0,0,0,0,0,0,0,0,26000,0,0,0,36000,10000,26000,26000
061039,台表科永豐9A購03,0,0,0,0,0,0,0,0,0,26000,0,0,0,56000,30000,26000,26000
061120,台積電永豐9A購03,0,0,0,0,0,0,0,0,0,26000,0,0,0,36000,10000,26000,26000
060419,漢翔永豐9A購01  ,0,0,0,0,0,0,0,0,0,26000,0,0,0,36000,10000,26000,26000
064035,GIS元大9C購03   ,0,0,0,0,0,0,0,0,0,26000,0,0,0,31000,5000,26000,26000
066404,瑞祺凱基02購01  ,0,0,0,0,0,0,0,0,0,26000,0,0,0,26000,0,26000,26000
065720,義隆兆豐9C購03  ,0,0,0,0,0,0,0,0,0,26000,0,0,0,49000,23000,26000,26000
066000,奇鋐國票02購01  ,0,0,0,0,0,0,0,0,0,26000,0,0,0,64000,38000,26000,26000
065777,正崴國泰03購01  ,0,0,0,0,0,0,0,0,0,26000,0,0,0,26000,0,26000,26000
4755,三福化          ,61000,35000,26000,0,0,0,0,0,0,0,0,0,0,0,0,0,26000
5546,永固-KY         ,0,10000,-10000,0,0,0,0,0,0,36000,36000,0,36000,0,0,0,26000
6224,聚鼎            ,136000,110000,26000,0,0,0,0,0,0,0,0,0,0,0,0,0,26000
07473P,祥碩元大9A售01  ,0,0,0,0,0,0,0,0,0,25000,0,0,0,105000,80000,25000,25000
07389P,臺股指群益9C售08,0,0,0,0,0,0,0,0,0,25000,0,0,0,25000,0,25000,25000
066690,瑞昱台新01購01  ,0,0,0,0,0,0,0,0,0,25000,0,0,0,44000,19000,25000,25000
066804,緯創凱基01購01  ,0,0,0,0,0,0,0,0,0,25000,0,0,0,41000,16000,25000,25000
066903,中興電凱基01購01,0,0,0,0,0,0,0,0,0,25000,0,0,0,75000,50000,25000,25000
08706P,台積電統一02售04,0,0,0,0,0,0,0,0,0,25000,0,0,0,35000,10000,25000,25000
053821,群創群益98購08  ,0,0,0,0,0,0,0,0,0,25000,0,0,0,25000,0,25000,25000
054827,宏全元大9A購01  ,0,0,0,0,0,0,0,0,0,25000,0,0,0,55000,30000,25000,25000
056347,GIS凱基9A購01   ,0,0,0,0,0,0,0,0,0,25000,0,0,0,70000,45000,25000,25000
056262,台積電統一98購04,0,0,0,0,0,0,0,0,0,25000,0,0,0,25000,0,25000,25000
045842,T50反1台新98購01,0,0,0,0,0,0,0,0,0,25000,0,0,0,25000,0,25000,25000
046384,群創凱基98購02  ,0,0,0,0,0,0,0,0,0,25000,0,0,0,47000,22000,25000,25000
053965,聯電元大98購04  ,0,0,0,0,0,0,0,0,0,25000,0,0,0,234000,209000,25000,25000
059474,元石油群益99購01,0,0,0,0,0,0,0,0,0,25000,0,0,0,25000,0,25000,25000
059246,奇力新凱基9A購02,0,0,0,0,0,0,0,0,0,25000,0,0,0,25000,0,25000,25000
056623,禾伸堂永豐98購01,0,0,0,0,0,0,0,0,0,25000,0,0,0,25000,0,25000,25000
057241,超眾凱基99購02  ,0,0,0,0,0,0,0,0,0,25000,0,0,0,41000,16000,25000,25000
057317,技嘉凱基98購02  ,0,0,0,0,0,0,0,0,0,25000,0,0,0,154000,129000,25000,25000
055439,台表科國票98購02,0,0,0,0,0,0,0,0,0,25000,0,0,0,115000,90000,25000,25000
058731,貿聯永豐99購02  ,0,0,0,0,0,0,0,0,0,25000,0,0,0,25000,0,25000,25000
059647,超眾凱基99購04  ,0,0,0,0,0,0,0,0,0,25000,0,0,0,25000,0,25000,25000
059867,華邦電凱基99購02,0,0,0,0,0,0,0,0,0,25000,0,0,0,25000,0,25000,25000
059928,道瓊銀富邦03購01,0,0,0,0,0,0,0,0,0,25000,0,0,0,30000,5000,25000,25000
059143,國巨國票9A購04  ,0,0,0,0,0,0,0,0,0,25000,0,0,0,59000,34000,25000,25000
059533,富邦金凱基99購01,0,0,0,0,0,0,0,0,0,25000,0,0,0,31000,6000,25000,25000
058973,麗豐永豐99購01  ,0,0,0,0,0,0,0,0,0,25000,0,0,0,85000,60000,25000,25000
063038,富邦金凱基9B購02,0,0,0,0,0,0,0,0,0,25000,0,0,0,25000,0,25000,25000
063400,華擎群益9B購03  ,0,0,0,0,0,0,0,0,0,25000,0,0,0,35000,10000,25000,25000
063246,嘉晶元大9C購01  ,0,0,0,0,0,0,0,0,0,25000,0,0,0,25000,0,25000,25000
063159,嘉澤國泰01購01  ,0,0,0,0,0,0,0,0,0,25000,0,0,0,25000,0,25000,25000
063096,勤誠國票9B購02  ,0,0,0,0,0,0,0,0,0,25000,0,0,0,63000,38000,25000,25000
060289,京元電元大9A購01,0,0,0,0,0,0,0,0,0,25000,0,0,0,25000,0,25000,25000
060885,世紀鋼中信9A購01,0,0,0,0,0,0,0,0,0,25000,0,0,0,30000,5000,25000,25000
062845,微星富邦01購01  ,0,0,0,0,0,0,0,0,0,25000,0,0,0,39000,14000,25000,25000
064304,信邦兆豐01購01  ,0,0,0,0,0,0,0,0,0,25000,0,0,0,139000,114000,25000,25000
064223,日電貿國票01購01,0,0,0,0,0,0,0,0,0,25000,0,0,0,25000,0,25000,25000
060456,正隆元大9A購01  ,0,0,0,0,0,0,0,0,0,25000,0,0,0,55000,30000,25000,25000
061879,超眾元大9C購01  ,0,0,0,0,0,0,0,0,0,25000,0,0,0,25000,0,25000,25000
063472,茂林元大9B購04  ,0,0,0,0,0,0,0,0,0,25000,0,0,0,75000,50000,25000,25000
065914,智邦凱基02購03  ,0,0,0,0,0,0,0,0,0,25000,0,0,0,59000,34000,25000,25000
066058,TPK元大01購02   ,0,0,0,0,0,0,0,0,0,25000,0,0,0,137000,112000,25000,25000
065545,華通兆豐9C購03  ,0,0,0,0,0,0,0,0,0,25000,0,0,0,25000,0,25000,25000
066179,智伸科凱基01購01,0,0,0,0,0,0,0,0,0,25000,0,0,0,35000,10000,25000,25000
064025,友達元大02購01  ,0,0,0,0,0,0,0,0,0,25000,0,0,0,25000,0,25000,25000
063912,信邦凱基01購01  ,0,0,0,0,0,0,0,0,0,25000,0,0,0,54000,29000,25000,25000
064661,鴻海元大01購02  ,0,0,0,0,0,0,0,0,0,25000,0,0,0,46000,21000,25000,25000
063585,台積電永豐9B購03,0,0,0,0,0,0,0,0,0,25000,0,0,0,25000,0,25000,25000
064823,台積電統一01購09,0,0,0,0,0,0,0,0,0,25000,0,0,0,25000,0,25000,25000
065009,勤誠國票01購01  ,0,0,0,0,0,0,0,0,0,25000,0,0,0,73000,48000,25000,25000
065378,嘉澤元大01購01  ,0,0,0,0,0,0,0,0,0,25000,0,0,0,25000,0,25000,25000
6573,虹揚-KY         ,39000,14000,25000,0,0,0,0,0,0,0,0,0,0,0,0,0,25000
4155,訊映            ,78000,53000,25000,0,0,0,0,0,0,0,0,0,0,0,0,0,25000
3518,柏騰            ,123000,98000,25000,0,0,0,0,0,0,0,0,0,0,0,0,0,25000
1503,士電            ,119000,95000,24000,0,0,0,0,0,0,0,0,0,0,0,0,0,24000
2351,順德            ,132000,108000,24000,0,0,0,0,0,0,0,0,0,0,0,0,0,24000
2038,海光            ,51000,26000,25000,0,0,0,0,0,0,-1000,0,1000,-1000,0,0,0,24000
2302,麗正            ,47000,23000,24000,0,0,0,0,0,0,0,0,0,0,0,0,0,24000
066728,台積電元大01購15,0,0,0,0,0,0,0,0,0,24000,0,0,0,73000,49000,24000,24000
067254,華擎國票02購02  ,0,0,0,0,0,0,0,0,0,24000,0,0,0,33000,9000,24000,24000
063247,信邦元大9B購02  ,0,0,0,0,0,0,0,0,0,24000,0,0,0,159000,135000,24000,24000
063236,旺宏元大9B購07  ,0,0,0,0,0,0,0,0,0,24000,0,0,0,100000,76000,24000,24000
063196,力成元富9B購01  ,0,0,0,0,0,0,0,0,0,24000,0,0,0,91000,67000,24000,24000
058926,勤誠元富99購01  ,0,0,0,0,0,0,0,0,0,24000,0,0,0,25000,1000,24000,24000
058313,台積電富邦9B購04,0,0,0,0,0,0,0,0,0,24000,0,0,0,396000,372000,24000,24000
055320,建準國票98購01  ,0,0,0,0,0,0,0,0,0,24000,0,0,0,24000,0,24000,24000
020000,富邦特選蘋果N   ,0,0,0,0,0,0,0,0,0,24000,0,0,0,27000,3000,24000,24000
00674R,元大S&P黃金反1  ,0,0,0,0,0,0,0,0,0,24000,0,0,0,24000,0,24000,24000
048414,滬深2X統一98購01,0,0,0,0,0,0,0,0,0,24000,0,0,0,29000,5000,24000,24000
054287,台積電元大97購11,0,0,0,0,0,0,0,0,0,24000,0,0,0,30000,6000,24000,24000
056408,奇鋐國票99購01  ,0,0,0,0,0,0,0,0,0,24000,0,0,0,43000,19000,24000,24000
061906,統一中信9B購01  ,0,0,0,0,0,0,0,0,0,24000,0,0,0,30000,6000,24000,24000
06437P,玉晶光國票99售01,0,0,0,0,0,0,0,0,0,24000,0,0,0,47000,23000,24000,24000
061583,矽創元大9A購01  ,0,0,0,0,0,0,0,0,0,24000,0,0,0,101000,77000,24000,24000
061564,華擎國票9A購02  ,0,0,0,0,0,0,0,0,0,24000,0,0,0,24000,0,24000,24000
062869,帆宣中信9B購01  ,0,0,0,0,0,0,0,0,0,24000,0,0,0,24000,0,24000,24000
061417,力成群益9A購01  ,0,0,0,0,0,0,0,0,0,24000,0,0,0,30000,6000,24000,24000
059992,S&P正2元富9B購04,0,0,0,0,0,0,0,0,0,24000,0,0,0,24000,0,24000,24000
065274,南茂元大9C購03  ,0,0,0,0,0,0,0,0,0,24000,0,0,0,71000,47000,24000,24000
063629,台積電元大9B購08,0,0,0,0,0,0,0,0,0,24000,0,0,0,30000,6000,24000,24000
063647,超眾元大9B購02  ,0,0,0,0,0,0,0,0,0,24000,0,0,0,24000,0,24000,24000
063653,儒鴻元富9B購01  ,0,0,0,0,0,0,0,0,0,24000,0,0,0,54000,30000,24000,24000
066118,台郡兆豐01購01  ,0,0,0,0,0,0,0,0,0,24000,0,0,0,34000,10000,24000,24000
065697,旺宏群益9C購07  ,0,0,0,0,0,0,0,0,0,24000,0,0,0,79000,55000,24000,24000
065625,聯發科兆豐9C購06,0,0,0,0,0,0,0,0,0,24000,0,0,0,157000,133000,24000,24000
065784,正崴永豐9C購01  ,0,0,0,0,0,0,0,0,0,24000,0,0,0,54000,30000,24000,24000
067063,為升元大01購01  ,0,0,0,0,0,0,0,0,0,23000,0,0,0,33000,10000,23000,23000
06980P,緯穎永豐99售02  ,0,0,0,0,0,0,0,0,0,23000,0,0,0,23000,0,23000,23000
2013,中鋼構          ,129000,159000,-30000,0,0,0,0,0,0,53000,53000,0,53000,0,0,0,23000
08559P,瑞昱國票9C售01  ,0,0,0,0,0,0,0,0,0,23000,0,0,0,33000,10000,23000,23000
056213,建準國票98購02  ,0,0,0,0,0,0,0,0,0,23000,0,0,0,23000,0,23000,23000
052775,滬深2X國票99購02,0,0,0,0,0,0,0,0,0,23000,0,0,0,24000,1000,23000,23000
058854,樺漢群益9B購01  ,0,0,0,0,0,0,0,0,0,23000,0,0,0,23000,0,23000,23000
059534,國泰金凱基99購01,0,0,0,0,0,0,0,0,0,23000,0,0,0,23000,0,23000,23000
060236,精元元大9C購01  ,0,0,0,0,0,0,0,0,0,23000,0,0,0,23000,0,23000,23000
060602,京元電凱基9A購01,0,0,0,0,0,0,0,0,0,23000,0,0,0,23000,0,23000,23000
060900,超眾凱基9B購01  ,0,0,0,0,0,0,0,0,0,23000,0,0,0,68000,45000,23000,23000
060574,高股息中信9C購01,0,0,0,0,0,0,0,0,0,23000,0,0,0,23000,0,23000,23000
061192,奇鋐永豐9A購01  ,0,0,0,0,0,0,0,0,0,23000,0,0,0,559000,536000,23000,23000
062473,同欣電凱基9B購01,0,0,0,0,0,0,0,0,0,23000,0,0,0,23000,0,23000,23000
065833,中租凱基02購01  ,0,0,0,0,0,0,0,0,0,23000,0,0,0,23000,0,23000,23000
065939,創意群益01購01  ,0,0,0,0,0,0,0,0,0,23000,0,0,0,110000,87000,23000,23000
06552P,茂林元大99售02  ,0,0,0,0,0,0,0,0,0,23000,0,0,0,55000,32000,23000,23000
066398,京鼎凱基01購02  ,0,0,0,0,0,0,0,0,0,23000,0,0,0,32000,9000,23000,23000
066545,鴻海元大01購09  ,0,0,0,0,0,0,0,0,0,23000,0,0,0,67000,44000,23000,23000
06658P,台灣50富邦9C售01,0,0,0,0,0,0,0,0,0,23000,0,0,0,25000,2000,23000,23000
066590,華新科群益01購04,0,0,0,0,0,0,0,0,0,23000,0,0,0,44000,21000,23000,23000
064434,微星凱基02購01  ,0,0,0,0,0,0,0,0,0,23000,0,0,0,65000,42000,23000,23000
064443,同欣電凱基03購01,0,0,0,0,0,0,0,0,0,23000,0,0,0,25000,2000,23000,23000
064613,聯電元大9C購05  ,0,0,0,0,0,0,0,0,0,23000,0,0,0,384000,361000,23000,23000
064772,FBVIX群益9C購04 ,0,0,0,0,0,0,0,0,0,23000,0,0,0,33000,10000,23000,23000
064843,巨大統一02購01  ,0,0,0,0,0,0,0,0,0,23000,0,0,0,119000,96000,23000,23000
06834P,訊芯群益99售02  ,0,0,0,0,0,0,0,0,0,22000,0,0,0,22000,0,22000,22000
07374P,鴻海元大99售41  ,0,0,0,0,0,0,0,0,0,22000,0,0,0,22000,0,22000,22000
07782P,寶成凱基9A售02  ,0,0,0,0,0,0,0,0,0,22000,0,0,0,22000,0,22000,22000
067323,美利達元大01購04,0,0,0,0,0,0,0,0,0,22000,0,0,0,22000,0,22000,22000
066823,國巨群益02購02  ,0,0,0,0,0,0,0,0,0,22000,0,0,0,38000,16000,22000,22000
059890,大立光國票99購03,0,0,0,0,0,0,0,0,0,22000,0,0,0,22000,0,22000,22000
059742,富邦金元富99購01,0,0,0,0,0,0,0,0,0,22000,0,0,0,30000,8000,22000,22000
058722,台郡元富99購01  ,0,0,0,0,0,0,0,0,0,22000,0,0,0,32000,10000,22000,22000
063390,嘉晶兆豐9B購01  ,0,0,0,0,0,0,0,0,0,22000,0,0,0,93000,71000,22000,22000
063332,矽格國票9B購01  ,0,0,0,0,0,0,0,0,0,22000,0,0,0,22000,0,22000,22000
060642,華擎永豐9A購02  ,0,0,0,0,0,0,0,0,0,22000,0,0,0,93000,71000,22000,22000
063844,台積電元大9C購05,0,0,0,0,0,0,0,0,0,22000,0,0,0,24000,2000,22000,22000
065298,健策統一9C購06  ,0,0,0,0,0,0,0,0,0,22000,0,0,0,26000,4000,22000,22000
065245,國泰金兆豐9C購01,0,0,0,0,0,0,0,0,0,22000,0,0,0,96000,74000,22000,22000
064569,群創群益9C購01  ,0,0,0,0,0,0,0,0,0,22000,0,0,0,32000,10000,22000,22000
064416,南亞科中信01購01,0,0,0,0,0,0,0,0,0,22000,0,0,0,22000,0,22000,22000
065518,聯鈞群益9C購02  ,0,0,0,0,0,0,0,0,0,22000,0,0,0,85000,63000,22000,22000
065597,旺宏元大01購03  ,7000,0,7000,0,0,0,0,0,0,15000,0,0,0,141000,126000,15000,22000
065929,TPK國票02購01   ,0,0,0,0,0,0,0,0,0,22000,0,0,0,28000,6000,22000,22000
066050,亞光元大01購01  ,0,0,0,0,0,0,0,0,0,22000,0,0,0,50000,28000,22000,22000
065840,國巨元大03購01  ,0,0,0,0,0,0,0,0,0,22000,0,0,0,32000,10000,22000,22000
6505,台塑化          ,500618,455000,45618,0,0,0,0,28000,-28000,4000,0,4000,-4000,8000,0,8000,21618
00662,富邦NASDAQ      ,74,1000,-926,0,0,0,0,0,0,22000,114000,0,114000,140000,232000,-92000,21074
066829,奇力新群益01購01,0,0,0,0,0,0,0,0,0,21000,0,0,0,21000,0,21000,21000
066787,聯發科麥證01購06,0,0,0,27000,6000,21000,0,0,0,21000,0,0,0,27000,6000,21000,21000
066754,南電國泰02購01  ,0,0,0,0,0,0,0,0,0,21000,0,0,0,93000,72000,21000,21000
066675,滬深2X兆豐03購01,0,0,0,0,0,0,0,0,0,21000,0,0,0,119000,98000,21000,21000
067072,建準元大01購01  ,0,0,0,0,0,0,0,0,0,21000,0,0,0,394000,373000,21000,21000
067010,訊芯永豐01購01  ,0,0,0,0,0,0,0,0,0,21000,0,0,0,89000,68000,21000,21000
08424P,群創元富9C售03  ,0,0,0,0,0,0,0,0,0,21000,0,0,0,40000,19000,21000,21000
07883P,可成凱基9B售03  ,0,0,0,0,0,0,0,0,0,21000,0,0,0,137000,116000,21000,21000
07876P,台灣50國泰01售01,0,0,0,0,0,0,0,0,0,21000,0,0,0,21000,0,21000,21000
0057,富邦摩台        ,0,0,0,0,0,0,0,0,0,21000,0,0,0,42000,21000,21000,21000
048070,聯發科元富99購03,0,0,0,0,0,0,0,0,0,21000,0,0,0,29000,8000,21000,21000
056535,全新凱基99購02  ,0,0,0,0,0,0,0,0,0,21000,0,0,0,21000,0,21000,21000
056041,禾伸堂凱基98購03,0,0,0,0,0,0,0,0,0,21000,0,0,0,49000,28000,21000,21000
063006,道瓊反元大9C購01,0,0,0,0,0,0,0,0,0,21000,0,0,0,21000,0,21000,21000
058536,群創統一9B購01  ,0,0,0,0,0,0,0,0,0,21000,0,0,0,21000,0,21000,21000
057560,華新科兆豐99購01,0,0,0,0,0,0,0,0,0,21000,0,0,0,21000,0,21000,21000
057444,台泥元富98購01  ,0,0,0,0,0,0,0,0,0,21000,0,0,0,41000,20000,21000,21000
057917,台積電凱基98購17,0,0,0,0,0,0,0,0,0,21000,0,0,0,21000,0,21000,21000
058375,群創凱基9B購04  ,0,0,0,0,0,0,0,0,0,21000,0,0,0,83000,62000,21000,21000
059611,台積電永豐99購05,0,0,0,0,0,0,0,0,0,21000,0,0,0,21000,0,21000,21000
064272,鴻海元大9C購09  ,0,0,0,0,0,0,0,0,0,21000,0,0,0,25000,4000,21000,21000
064192,巨大中信9C購01  ,0,0,0,0,0,0,0,0,0,21000,0,0,0,53000,32000,21000,21000
061518,達方永豐9A購02  ,0,0,0,0,0,0,0,0,0,21000,0,0,0,51000,30000,21000,21000
062907,可成元大9C購03  ,0,0,0,0,0,0,0,0,0,21000,0,0,0,51000,30000,21000,21000
061569,旺宏元大9A購14  ,0,0,0,0,0,0,0,0,0,21000,0,0,0,96000,75000,21000,21000
060617,華新科元大9A購08,0,0,0,0,0,0,0,0,0,21000,0,0,0,109000,88000,21000,21000
061035,亞光永豐9A購01  ,0,0,0,0,0,0,0,0,0,21000,0,0,0,22000,1000,21000,21000
061066,嘉晶凱基9B購01  ,0,0,0,0,0,0,0,0,0,21000,0,0,0,21000,0,21000,21000
061870,智邦元大9B購02  ,0,0,0,0,0,0,0,0,0,21000,0,0,0,124000,103000,21000,21000
062145,億光國票9B購01  ,0,0,0,0,0,0,0,0,0,21000,0,0,0,42000,21000,21000,21000
066544,鴻海元大01購08  ,0,0,0,0,0,0,0,0,0,21000,0,0,0,67000,46000,21000,21000
066437,台泥群益02購01  ,0,0,0,0,0,0,0,0,0,21000,0,0,0,39000,18000,21000,21000
066271,東森元大01購01  ,0,0,0,0,0,0,0,0,0,21000,0,0,0,41000,20000,21000,21000
063577,台表科元大9C購04,0,0,0,0,0,0,0,0,0,21000,0,0,0,137000,116000,21000,21000
063815,玉晶光群益02購01,0,0,0,0,0,0,0,0,0,21000,0,0,0,21000,0,21000,21000
065054,百和凱基02購01  ,0,0,0,0,0,0,0,0,0,21000,0,0,0,21000,0,21000,21000
08058P,華新科元大9B售10,0,0,0,0,0,0,0,0,0,20000,0,0,0,20000,0,20000,20000
08256P,台積電元大9C售02,0,0,0,0,0,0,0,0,0,20000,0,0,0,90000,70000,20000,20000
08286P,大立光凱基9C售04,0,0,0,0,0,0,0,0,0,20000,0,0,0,20000,0,20000,20000
08419P,元金2X群益9C售01,0,0,0,0,0,0,0,0,0,20000,0,0,0,20000,0,20000,20000
08471P,日月光凱基9C售02,0,0,0,0,0,0,0,0,0,20000,0,0,0,20000,0,20000,20000
08575P,長榮航凱基9C售02,0,0,0,0,0,0,0,0,0,20000,0,0,0,20000,0,20000,20000
08649P,聯發科元大9C售21,0,0,0,0,0,0,0,0,0,20000,0,0,0,20000,0,20000,20000
08691P,鎧勝中信05售02  ,0,0,0,0,0,0,0,0,0,20000,0,0,0,20000,0,20000,20000
08688P,台灣50中信04售02,0,0,0,0,0,0,0,0,0,20000,0,0,0,20000,0,20000,20000
08785P,滬深2X元富01售04,0,0,0,0,0,0,0,0,0,20000,0,0,0,36000,16000,20000,20000
08747P,國巨元富07售06  ,0,0,0,0,0,0,0,0,0,20000,0,0,0,40000,20000,20000,20000
067174,嘉澤兆豐01購01  ,0,0,0,0,0,0,0,0,0,20000,0,0,0,20000,0,20000,20000
067224,致新元大01購03  ,0,0,0,0,0,0,0,0,0,20000,0,0,0,30000,10000,20000,20000
066946,京元電元大01購04,0,0,0,0,0,0,0,0,0,20000,0,0,0,50000,30000,20000,20000
07833P,大立光群益9B售02,0,0,0,0,0,0,0,0,0,20000,0,0,0,20000,0,20000,20000
07839P,嘉澤元大9A售04  ,0,0,0,0,0,0,0,0,0,20000,0,0,0,20000,0,20000,20000
07738P,玉晶光永豐9A售06,0,0,0,0,0,0,0,0,0,20000,0,0,0,20000,0,20000,20000
07638P,長榮航國票9A售01,0,0,0,0,0,0,0,0,0,20000,0,0,0,20000,0,20000,20000
07342P,大立光凱基99售14,0,0,0,0,0,0,0,0,0,20000,0,0,0,50000,30000,20000,20000
07125P,台積電元大99售22,0,0,0,0,0,0,0,0,0,20000,0,0,0,20000,0,20000,20000
07080P,健策群益9A售01  ,0,0,0,0,0,0,0,0,0,20000,0,0,0,20000,0,20000,20000
07020P,玉晶光台新99售02,0,0,0,0,0,0,0,0,0,20000,0,0,0,20000,0,20000,20000
06801P,技嘉群益99售02  ,0,0,0,0,0,0,0,0,0,20000,0,0,0,20000,0,20000,20000
06752P,訊芯凱基98售05  ,0,0,0,0,0,0,0,0,0,20000,0,0,0,20000,0,20000,20000
059636,宏達電凱基99購05,0,0,0,0,0,0,0,0,0,20000,0,0,0,20000,0,20000,20000
059788,華新科元大9A購05,0,0,0,0,0,0,0,0,0,20000,0,0,0,21000,1000,20000,20000
059781,A50正2元大9C購03,0,0,0,0,0,0,0,0,0,20000,0,0,0,20000,0,20000,20000
059943,信邦永豐99購01  ,0,0,0,0,0,0,0,0,0,20000,0,0,0,41000,21000,20000,20000
058972,新日興永豐9A購01,0,0,0,0,0,0,0,0,0,20000,0,0,0,30000,10000,20000,20000
059030,奇力新兆豐99購03,0,0,0,0,0,0,0,0,0,20000,0,0,0,20000,0,20000,20000
058343,台積電群益99購02,0,0,0,0,0,0,0,0,0,20000,0,0,0,26000,6000,20000,20000
059821,美律凱基99購08  ,0,0,0,0,0,0,0,0,0,20000,0,0,0,50000,30000,20000,20000
057482,微星元大98購03  ,0,0,0,0,0,0,0,0,0,20000,0,0,0,20000,0,20000,20000
057538,緯穎元大98購07  ,0,0,0,0,0,0,0,0,0,20000,0,0,0,20000,0,20000,20000
057808,旺宏元大99購05  ,0,0,0,0,0,0,0,0,0,20000,0,0,0,20000,0,20000,20000
057771,鴻海群益99購01  ,0,0,0,0,0,0,0,0,0,20000,0,0,0,25000,5000,20000,20000
063014,技嘉元大9B購03  ,0,0,0,0,0,0,0,0,0,20000,0,0,0,20000,0,20000,20000
063401,中租群益9B購03  ,0,0,0,0,0,0,0,0,0,20000,0,0,0,20000,0,20000,20000
057836,南亞科國泰9A購01,0,0,0,0,0,0,0,0,0,20000,0,0,0,20000,0,20000,20000
061180,華擎凱基9B購01  ,0,0,0,0,0,0,0,0,0,20000,0,0,0,30000,10000,20000,20000
056114,台達電群益97購02,0,0,0,0,0,0,0,0,0,20000,0,0,0,20000,0,20000,20000
059346,新日興凱基99購03,0,0,0,0,0,0,0,0,0,20000,0,0,0,20000,0,20000,20000
059307,T50反1元大99購06,0,0,0,0,0,0,0,0,0,20000,0,0,0,20000,0,20000,20000
056700,華新科國泰99購03,0,0,0,0,0,0,0,0,0,20000,0,0,0,20000,0,20000,20000
057169,微星元大98購01  ,0,0,0,0,0,0,0,0,0,20000,0,0,0,20000,0,20000,20000
057212,台積電群益98購03,0,0,0,0,0,0,0,0,0,20000,0,0,0,610000,590000,20000,20000
057231,美律凱基98購05  ,0,0,0,0,0,0,0,0,0,20000,0,0,0,120000,100000,20000,20000
055114,新日興凱基98購01,0,0,0,0,0,0,0,0,0,20000,0,0,0,20000,0,20000,20000
057368,微星元大98購02  ,0,0,0,0,0,0,0,0,0,20000,0,0,0,20000,0,20000,20000
055521,S&P反1群益01購01,0,0,0,0,0,0,0,0,0,20000,0,0,0,20000,0,20000,20000
055527,旺宏群益99購03  ,0,0,0,0,0,0,0,0,0,20000,0,0,0,20000,0,20000,20000
039212,台達電台新9A購01,0,0,0,0,0,0,0,0,0,20000,0,0,0,20000,0,20000,20000
054078,鴻海中信98購01  ,0,0,0,0,0,0,0,0,0,20000,0,0,0,20000,0,20000,20000
052475,滬深2X群益99購06,0,0,0,0,0,0,0,0,0,20000,0,0,0,20000,0,20000,20000
056202,國揚永豐97購01  ,0,0,0,0,0,0,0,0,0,20000,0,0,0,20000,0,20000,20000
056204,嘉澤永豐97購01  ,0,0,0,0,0,0,0,0,0,20000,0,0,0,20000,0,20000,20000
056980,建準群益98購02  ,0,0,0,0,0,0,0,0,0,20000,0,0,0,20000,0,20000,20000
056969,智易永豐98購01  ,0,0,0,0,0,0,0,0,0,20000,0,0,0,20000,0,20000,20000
061640,智原元大9A購01  ,0,0,0,0,0,0,0,0,0,20000,0,0,0,20000,0,20000,20000
061662,瑞儀永豐9A購02  ,0,0,0,0,0,0,0,0,0,20000,0,0,0,50000,30000,20000,20000
063519,聚陽凱基9B購02  ,0,0,0,0,0,0,0,0,0,20000,0,0,0,20000,0,20000,20000
062373,泰鼎元大9B購01  ,0,0,0,0,0,0,0,0,0,20000,0,0,0,25000,5000,20000,20000
061837,華新科凱基05購02,0,0,0,0,0,0,0,0,0,20000,0,0,0,22000,2000,20000,20000
061827,台灣50凱基02購01,0,0,0,0,0,0,0,0,0,20000,0,0,0,20000,0,20000,20000
062943,世芯凱基9B購03  ,0,0,0,0,0,0,0,0,0,20000,0,0,0,20000,0,20000,20000
062422,億光統一01購01  ,0,0,0,0,0,0,0,0,0,20000,0,0,0,35000,15000,20000,20000
062468,台積電凱基9B購06,0,0,0,0,0,0,0,0,0,20000,0,0,0,21000,1000,20000,20000
062495,友達中信01購02  ,0,0,0,0,0,0,0,0,0,20000,0,0,0,20000,0,20000,20000
062482,台表科國票9B購01,0,0,0,0,0,0,0,0,0,20000,0,0,0,20000,0,20000,20000
062620,台表科元大9B購04,0,0,0,0,0,0,0,0,0,20000,0,0,0,38000,18000,20000,20000
062786,立積元大9C購03  ,0,0,0,0,0,0,0,0,0,20000,0,0,0,30000,10000,20000,20000
062820,禾伸堂兆豐9B購01,0,0,0,0,0,0,0,0,0,20000,0,0,0,20000,0,20000,20000
062727,華擎凱基9B購03  ,0,0,0,0,0,0,0,0,0,20000,0,0,0,30000,10000,20000,20000
062674,百和中信03購01  ,0,0,0,0,0,0,0,0,0,20000,0,0,0,20000,0,20000,20000
062699,台積電元大01購02,0,0,0,0,0,0,0,0,0,20000,0,0,0,20000,0,20000,20000
062668,國巨中信9B購04  ,0,0,0,0,0,0,0,0,0,20000,0,0,0,20000,0,20000,20000
062296,南六永豐9B購02  ,0,0,0,0,0,0,0,0,0,20000,0,0,0,20000,0,20000,20000
062299,台積電第一9B購01,0,0,0,0,0,0,0,0,0,20000,0,0,0,20000,0,20000,20000
060995,泰鼎元大9A購03  ,0,0,0,0,0,0,0,0,0,20000,0,0,0,27000,7000,20000,20000
060670,臺指反元大01購03,0,0,0,0,0,0,0,0,0,20000,0,0,0,20000,0,20000,20000
060382,儒鴻凱基9A購01  ,0,0,0,0,0,0,0,0,0,20000,0,0,0,20000,0,20000,20000
060792,信錦永豐9A購01  ,0,0,0,0,0,0,0,0,0,20000,0,0,0,20000,0,20000,20000
059976,道瓊銀元大99購01,0,0,0,0,0,0,0,0,0,20000,0,0,0,50000,30000,20000,20000
060782,道瓊指富邦9C購01,0,0,0,0,0,0,0,0,0,20000,0,0,0,20000,0,20000,20000
060083,和大元大99購02  ,0,0,0,0,0,0,0,0,0,20000,0,0,0,20000,0,20000,20000
061626,超眾群益9A購02  ,0,0,0,0,0,0,0,0,0,20000,0,0,0,20000,0,20000,20000
064379,TPK元富9C購01   ,0,0,0,0,0,0,0,0,0,20000,0,0,0,156000,136000,20000,20000
064331,微星元大9C購03  ,0,0,0,0,0,0,0,0,0,20000,0,0,0,20000,0,20000,20000
062899,鴻海元大9C購04  ,0,0,0,0,0,0,0,0,0,20000,0,0,0,20000,0,20000,20000
064076,台積電中信06購02,0,0,0,0,0,0,0,0,0,20000,0,0,0,20000,0,20000,20000
06405P,億光元富97售02  ,0,0,0,0,0,0,0,0,0,20000,0,0,0,20000,0,20000,20000
064293,勤誠元大9C購01  ,0,0,0,0,0,0,0,0,0,20000,0,0,0,53000,33000,20000,20000
065025,健策永豐9C購02  ,0,0,0,0,0,0,0,0,0,20000,0,0,0,20000,0,20000,20000
064945,中橡凱基9C購01  ,0,0,0,0,0,0,0,0,0,20000,0,0,0,23000,3000,20000,20000
064966,FBVIX元大9C購03 ,0,0,0,0,0,0,0,0,0,20000,0,0,0,25000,5000,20000,20000
064794,牧德國票01購01  ,0,0,0,0,0,0,0,0,0,20000,0,0,0,22000,2000,20000,20000
065243,聯發科兆豐01購03,0,0,0,0,0,0,0,0,0,20000,0,0,0,20000,0,20000,20000
065254,大成鋼元大9C購01,0,0,0,0,0,0,0,0,0,20000,0,0,0,30000,10000,20000,20000
065303,國泰金元富9C購01,0,0,0,0,0,0,0,0,0,20000,0,0,0,36000,16000,20000,20000
063741,GIS元大9B購04   ,0,0,0,0,0,0,0,0,0,20000,0,0,0,20000,0,20000,20000
063636,聯發科元大9B購26,0,0,0,0,0,0,0,0,0,20000,0,0,0,20000,0,20000,20000
063598,國巨凱基9B購14  ,0,0,0,0,0,0,0,0,0,20000,0,0,0,21000,1000,20000,20000
064496,聯發科元大9C購10,0,0,0,0,0,0,0,0,0,20000,0,0,0,21000,1000,20000,20000
064565,高鐵群益01購01  ,0,0,0,0,0,0,0,0,0,20000,0,0,0,20000,0,20000,20000
06453P,群創元大9B售02  ,0,0,0,0,0,0,0,0,0,20000,0,0,0,20000,0,20000,20000
064005,義隆凱基01購01  ,0,0,0,0,0,0,0,0,0,20000,0,0,0,20000,0,20000,20000
063903,國巨麥證01購01  ,0,0,0,20000,0,20000,0,0,0,20000,0,0,0,20000,0,20000,20000
063972,緯創國票9C購01  ,0,0,0,0,0,0,0,0,0,20000,0,0,0,23000,3000,20000,20000
064737,中石化國票01購01,0,0,0,0,0,0,0,0,0,20000,0,0,0,20000,0,20000,20000
06625P,華新科統一98售03,0,0,0,0,0,0,0,0,0,20000,0,0,0,20000,0,20000,20000
065910,立積永豐9C購02  ,0,0,0,0,0,0,0,0,0,20000,0,0,0,20000,0,20000,20000
065832,貿聯凱基02購03  ,0,0,0,0,0,0,0,0,0,20000,0,0,0,130000,110000,20000,20000
065450,同欣電統一01購03,0,0,0,0,0,0,0,0,0,20000,0,0,0,20000,0,20000,20000
065619,金融類元大9C購02,0,0,0,0,0,0,0,0,0,20000,0,0,0,20000,0,20000,20000
065603,聯發科元大9C購16,0,0,0,0,0,0,0,0,0,20000,0,0,0,20000,0,20000,20000
3703,欣陸            ,68000,163000,-95000,0,0,0,0,0,0,115000,115000,0,115000,0,0,0,20000
3018,同開            ,41000,18000,23000,0,0,0,0,0,0,-3000,0,3000,-3000,0,0,0,20000
07187P,臺股指台新99售10,0,0,0,0,0,0,0,0,0,19000,0,0,0,19000,0,19000,19000
07206P,鴻海凱基9A售11  ,0,0,0,0,0,0,0,0,0,19000,0,0,0,19000,0,19000,19000
066983,禾伸堂群益01購01,0,0,0,0,0,0,0,0,0,19000,0,0,0,85000,66000,19000,19000
1449,佳和            ,73000,54000,19000,0,0,0,0,0,0,0,0,0,0,0,0,0,19000
1558,伸興            ,40000,21000,19000,0,0,0,0,0,0,0,0,0,0,0,0,0,19000
08578P,TPK元大9C售04   ,0,0,0,0,0,0,0,0,0,19000,0,0,0,19000,0,19000,19000
08406P,緯穎元大9C售01  ,0,0,0,0,0,0,0,0,0,19000,0,0,0,19000,0,19000,19000
08147P,聯發科群益9B售10,0,0,0,0,0,0,0,0,0,19000,0,0,0,262000,243000,19000,19000
0052,富邦科技        ,2000,5000,-3000,0,0,0,0,0,0,22000,0,0,0,124000,102000,22000,19000
00645,富邦日本        ,0,0,0,0,0,0,0,0,0,19000,0,0,0,120000,101000,19000,19000
057422,欣興凱基98購04  ,0,0,0,0,0,0,0,0,0,19000,0,0,0,44000,25000,19000,19000
058783,臺股指國票99購02,0,0,0,0,0,0,0,0,0,19000,0,0,0,25000,6000,19000,19000
063888,TPK中信01購01   ,0,0,0,0,0,0,0,0,0,19000,0,0,0,105000,86000,19000,19000
064263,貿聯永豐9C購01  ,0,0,0,0,0,0,0,0,0,19000,0,0,0,89000,70000,19000,19000
064064,義隆富邦03購01  ,0,0,0,0,0,0,0,0,0,19000,0,0,0,21000,2000,19000,19000
064197,智伸科群益9C購01,0,0,0,0,0,0,0,0,0,19000,0,0,0,19000,0,19000,19000
064349,泰鼎元大9C購02  ,0,0,0,0,0,0,0,0,0,19000,0,0,0,75000,56000,19000,19000
064358,台達電統一01購02,0,0,0,0,0,0,0,0,0,19000,0,0,0,41000,22000,19000,19000
060360,南亞科元富9A購02,0,0,0,0,0,0,0,0,0,19000,0,0,0,91000,72000,19000,19000
062615,亞德客元大9B購02,0,0,0,0,0,0,0,0,0,19000,0,0,0,54000,35000,19000,19000
065821,億豐元富03購01  ,0,0,0,0,0,0,0,0,0,19000,0,0,0,22000,3000,19000,19000
066368,聯鈞中信01購01  ,0,0,0,0,0,0,0,0,0,19000,0,0,0,19000,0,19000,19000
066167,強茂凱基01購01  ,0,0,0,0,0,0,0,0,0,19000,0,0,0,24000,5000,19000,19000
064639,聚陽凱基02購01  ,0,0,0,0,0,0,0,0,0,19000,0,0,0,65000,46000,19000,19000
063998,聯發科兆豐9C購02,0,0,0,0,0,0,0,0,0,19000,0,0,0,19000,0,19000,19000
064475,台積電國泰02購03,0,0,0,0,0,0,0,0,0,19000,0,0,0,21000,2000,19000,19000
063715,鈺齊凱基9C購01  ,0,0,0,0,0,0,0,0,0,19000,0,0,0,27000,8000,19000,19000
065316,大成鋼凱基9C購01,0,0,0,0,0,0,0,0,0,19000,0,0,0,19000,0,19000,19000
065417,嘉晶國票01購02  ,0,0,0,0,0,0,0,0,0,19000,0,0,0,38000,19000,19000,19000
065198,玉晶光元富06購01,0,0,0,0,0,0,0,0,0,19000,0,0,0,20000,1000,19000,19000
8499,鼎炫-KY         ,78000,45000,33000,0,0,0,20000,30000,-10000,-4000,0,4000,-4000,0,0,0,19000
08054P,臺股指國票9B售19,0,0,0,0,0,0,0,0,0,18000,0,0,0,58000,40000,18000,18000
08361P,玉晶光永豐9C售04,0,0,0,0,0,0,0,0,0,18000,0,0,0,20000,2000,18000,18000
066993,世紀鋼群益01購03,0,0,0,0,0,0,0,0,0,18000,0,0,0,62000,44000,18000,18000
066689,技嘉台新01購01  ,0,0,0,0,0,0,0,0,0,18000,0,0,0,56000,38000,18000,18000
067256,新唐國票02購01  ,0,0,0,0,0,0,0,0,0,18000,0,0,0,29000,11000,18000,18000
067114,京鼎群益02購04  ,0,0,0,0,0,0,0,0,0,18000,0,0,0,18000,0,18000,18000
067115,京鼎群益02購05  ,0,0,0,0,0,0,0,0,0,18000,0,0,0,18000,0,18000,18000
058723,元石油國泰9A購01,0,0,0,0,0,0,0,0,0,18000,0,0,0,18000,0,18000,18000
059878,聯茂凱基99購07  ,0,0,0,0,0,0,0,0,0,18000,0,0,0,25000,7000,18000,18000
058421,國泰金麥證01購01,0,0,0,26000,8000,18000,0,0,0,18000,0,0,0,26000,8000,18000,18000
057260,微星兆豐98購01  ,0,0,0,0,0,0,0,0,0,18000,0,0,0,20000,2000,18000,18000
057082,玉晶光統一9A購04,0,0,0,0,0,0,0,0,0,18000,0,0,0,18000,0,18000,18000
0054,元大台商50      ,0,0,0,0,0,0,0,0,0,18000,0,0,0,18000,0,18000,18000
00743,國泰中國A150    ,0,136000,-136000,0,0,0,0,0,0,154000,0,0,0,174000,20000,154000,18000
046383,群創凱基98購01  ,0,0,0,0,0,0,0,0,0,18000,0,0,0,49000,31000,18000,18000
052344,台表科凱基98購01,0,0,0,0,0,0,0,0,0,18000,0,0,0,18000,0,18000,18000
061842,牧德凱基9C購01  ,0,0,0,0,0,0,0,0,0,18000,0,0,0,18000,0,18000,18000
063302,國巨凱基9C購05  ,0,0,0,0,0,0,0,0,0,18000,0,0,0,21000,3000,18000,18000
061703,信邦國票9A購01  ,0,0,0,0,0,0,0,0,0,18000,0,0,0,23000,5000,18000,18000
062179,旺宏元大9B購05  ,0,0,0,0,0,0,0,0,0,18000,0,0,0,68000,50000,18000,18000
060058,牧德凱基9B購01  ,0,0,0,0,0,0,0,0,0,18000,0,0,0,19000,1000,18000,18000
059984,華新科元大99購21,0,0,0,0,0,0,0,0,0,18000,0,0,0,68000,50000,18000,18000
060912,華新科元大9A購10,0,0,0,0,0,0,0,0,0,18000,0,0,0,68000,50000,18000,18000
060916,金像電國泰9C購01,0,0,0,0,0,0,0,0,0,18000,0,0,0,21000,3000,18000,18000
060944,國泰金國票9A購01,0,0,0,0,0,0,0,0,0,18000,0,0,0,18000,0,18000,18000
061546,大立光群益9A購05,0,0,0,0,0,0,0,0,0,18000,0,0,0,58000,40000,18000,18000
065220,義隆富邦01購02  ,20000,0,20000,0,0,0,0,0,0,-2000,0,0,0,84000,86000,-2000,18000
065087,可成元大9C購08  ,0,0,0,0,0,0,0,0,0,18000,0,0,0,68000,50000,18000,18000
064855,聯發科國泰02購01,0,0,0,0,0,0,0,0,0,18000,0,0,0,20000,2000,18000,18000
063753,矽創國票9C購01  ,0,0,0,0,0,0,0,0,0,18000,0,0,0,98000,80000,18000,18000
064619,南亞科元大9C購05,0,0,0,0,0,0,0,0,0,18000,0,0,0,18000,0,18000,18000
066170,聯陽凱基01購01  ,0,0,0,0,0,0,0,0,0,18000,0,0,0,100000,82000,18000,18000
066176,華擎凱基01購01  ,0,0,0,0,0,0,0,0,0,18000,0,0,0,87000,69000,18000,18000
066126,南港群益01購01  ,0,0,0,0,0,0,0,0,0,18000,0,0,0,23000,5000,18000,18000
065774,旭富國票01購01  ,0,0,0,0,0,0,0,0,0,18000,0,0,0,18000,0,18000,18000
065535,健鼎統一02購03  ,0,0,0,0,0,0,0,0,0,18000,0,0,0,266000,248000,18000,18000
067103,聯發科群益01購04,0,0,0,0,0,0,0,0,0,17000,0,0,0,42000,25000,17000,17000
066771,滬深2X富邦02購01,0,0,0,0,0,0,0,0,0,17000,0,0,0,526000,509000,17000,17000
07134P,臺股指元大9A售28,0,0,0,0,0,0,0,0,0,17000,0,0,0,17000,0,17000,17000
067430,中工凱基05購01  ,0,0,0,0,0,0,0,0,0,17000,0,0,0,107000,90000,17000,17000
08869P,緯穎凱基01售02  ,0,0,0,0,0,0,0,0,0,17000,0,0,0,23000,6000,17000,17000
057106,美律群益98購03  ,0,0,0,0,0,0,0,0,0,17000,0,0,0,40000,23000,17000,17000
056777,矽力元大98購02  ,0,0,0,0,0,0,0,0,0,17000,0,0,0,17000,0,17000,17000
056848,泰鼎元富98購01  ,0,0,0,0,0,0,0,0,0,17000,0,0,0,17000,0,17000,17000
059174,訊芯凱基99購01  ,0,0,0,0,0,0,0,0,0,17000,0,0,0,19000,2000,17000,17000
058433,台積電統一9B購04,0,0,0,0,0,0,0,0,0,17000,0,0,0,17000,0,17000,17000
058635,華新科兆豐99購03,0,0,0,0,0,0,0,0,0,17000,0,0,0,20000,3000,17000,17000
063383,億豐永豐9B購02  ,0,0,0,0,0,0,0,0,0,17000,0,0,0,17000,0,17000,17000
063214,康控國票9C購01  ,0,0,0,0,0,0,0,0,0,17000,0,0,0,17000,0,17000,17000
058920,SGBR2X元富99購06,0,0,0,0,0,0,0,0,0,17000,0,0,0,17000,0,17000,17000
058036,南電永豐98購01  ,0,0,0,0,0,0,0,0,0,17000,0,0,0,35000,18000,17000,17000
061361,世紀鋼兆豐9A購01,0,0,0,0,0,0,0,0,0,17000,0,0,0,378000,361000,17000,17000
062628,廣達國票9B購01  ,0,0,0,0,0,0,0,0,0,17000,0,0,0,18000,1000,17000,17000
065540,台表科統一02購05,0,0,0,0,0,0,0,0,0,17000,0,0,0,147000,130000,17000,17000
065552,聯發科凱基9C購12,0,0,0,0,0,0,0,0,0,17000,0,0,0,42000,25000,17000,17000
065672,嘉晶凱基01購01  ,0,0,0,0,0,0,0,0,0,17000,0,0,0,74000,57000,17000,17000
063821,南亞科麥證9C購01,0,0,0,27000,10000,17000,0,0,0,17000,0,0,0,27000,10000,17000,17000
064572,同欣電群益9C購02,0,0,0,0,0,0,0,0,0,17000,0,0,0,67000,50000,17000,17000
064902,健策群益01購03  ,0,0,0,0,0,0,0,0,0,17000,0,0,0,48000,31000,17000,17000
065034,玉晶光統一01購11,0,0,0,0,0,0,0,0,0,17000,0,0,0,20000,3000,17000,17000
065002,致茂國票01購01  ,0,0,0,0,0,0,0,0,0,17000,0,0,0,41000,24000,17000,17000
065384,南電元大9C購07  ,0,0,0,0,0,0,0,0,0,17000,0,0,0,68000,51000,17000,17000
5288,豐祥-KY         ,18000,16000,2000,0,0,0,15000,0,15000,0,0,0,0,0,0,0,17000
3419,譁裕            ,66000,49000,17000,0,0,0,0,0,0,0,0,0,0,0,0,0,17000
08733P,臺股指麥證01售05,0,0,0,21000,5000,16000,0,0,0,16000,0,0,0,21000,5000,16000,16000
1587,吉茂            ,18000,15000,3000,0,0,0,0,0,0,13000,13000,0,13000,0,0,0,16000
08203P,同欣電永豐9B售04,0,0,0,0,0,0,0,0,0,16000,0,0,0,18000,2000,16000,16000
066868,聯發科元富07購01,0,0,0,0,0,0,0,0,0,16000,0,0,0,20000,4000,16000,16000
058798,大立光元大99購11,0,0,0,0,0,0,0,0,0,16000,0,0,0,16000,0,16000,16000
058875,台表科國票9A購02,0,0,0,0,0,0,0,0,0,16000,0,0,0,21000,5000,16000,16000
057972,群創富邦9C購01  ,0,0,0,0,0,0,0,0,0,16000,0,0,0,16000,0,16000,16000
059673,玉山金元富99購01,0,0,0,0,0,0,0,0,0,16000,0,0,0,26000,10000,16000,16000
063093,國產國票9B購01  ,0,0,0,0,0,0,0,0,0,16000,0,0,0,45000,29000,16000,16000
063132,台表科元大9C購02,0,0,0,0,0,0,0,0,0,16000,0,0,0,78000,62000,16000,16000
057725,台達電國泰9A購01,0,0,0,0,0,0,0,0,0,16000,0,0,0,16000,0,16000,16000
056894,佳世達元大99購01,0,0,0,0,0,0,0,0,0,16000,0,0,0,25000,9000,16000,16000
057335,技嘉國票99購01  ,0,0,0,0,0,0,0,0,0,16000,0,0,0,36000,20000,16000,16000
052328,台表科中信99購01,0,0,0,0,0,0,0,0,0,16000,0,0,0,56000,40000,16000,16000
051277,聯發科中信9A購01,0,39000,-39000,0,0,0,0,0,0,55000,0,0,0,55000,0,55000,16000
00735,國泰臺韓科技    ,0,25000,-25000,0,0,0,0,0,0,41000,0,0,0,104000,63000,41000,16000
062694,遠東新元大9B購01,0,10000,-10000,0,0,0,0,0,0,26000,0,0,0,78000,52000,26000,16000
062582,鴻海統一9C購11  ,0,0,0,0,0,0,0,0,0,16000,0,0,0,121000,105000,16000,16000
061963,台積電統一01購04,0,0,0,0,0,0,0,0,0,16000,0,0,0,102000,86000,16000,16000
061744,超眾凱基9B購02  ,0,0,0,0,0,0,0,0,0,16000,0,0,0,16000,0,16000,16000
062191,台郡元大9B購05  ,0,0,0,0,0,0,0,0,0,16000,0,0,0,16000,0,16000,16000
063428,矽創凱基9B購02  ,0,0,0,0,0,0,0,0,0,16000,0,0,0,38000,22000,16000,16000
065084,南亞科元大9C購08,0,0,0,0,0,0,0,0,0,16000,0,0,0,21000,5000,16000,16000
063827,國巨國票02購01  ,0,5000,-5000,0,0,0,0,0,0,21000,0,0,0,58000,37000,21000,16000
065880,訊芯群益9C購01  ,0,0,0,0,0,0,0,0,0,16000,0,0,0,113000,97000,16000,16000
065956,緯創統一01購01  ,0,0,0,0,0,0,0,0,0,16000,0,0,0,51000,35000,16000,16000
3311,閎暉            ,32000,16000,16000,0,0,0,0,0,0,0,0,0,0,0,0,0,16000
4737,華廣            ,19000,3000,16000,0,0,0,0,0,0,0,0,0,0,0,0,0,16000
2704,國賓            ,23000,27000,-4000,0,0,0,0,0,0,20000,20000,0,20000,0,0,0,16000
06798P,臺股指凱基98售08,0,0,0,0,0,0,0,0,0,15000,0,0,0,15000,0,15000,15000
06937P,GIS元大98售03   ,0,0,0,0,0,0,0,0,0,15000,0,0,0,25000,10000,15000,15000
07675P,全新永豐9A售02  ,0,0,0,0,0,0,0,0,0,15000,0,0,0,15000,0,15000,15000
07695P,台郡元大9A售02  ,0,0,0,0,0,0,0,0,0,15000,0,0,0,15000,0,15000,15000
08169P,台光電群益9B售04,0,0,0,0,0,0,0,0,0,15000,0,0,0,15000,0,15000,15000
08014P,微星凱基9B售02  ,0,0,0,0,0,0,0,0,0,15000,0,0,0,15000,0,15000,15000
08386P,臺股指群益9C售14,0,0,0,0,0,0,0,0,0,15000,0,0,0,15000,0,15000,15000
08459P,聯發科兆豐9C售04,0,0,0,0,0,0,0,0,0,15000,0,0,0,15000,0,15000,15000
08677P,超眾群益01售02  ,0,0,0,0,0,0,0,0,0,15000,0,0,0,82000,67000,15000,15000
08635P,大成鋼國票01售01,0,0,0,0,0,0,0,0,0,15000,0,0,0,30000,15000,15000,15000
08866P,旭富元大01售01  ,0,0,0,0,0,0,0,0,0,15000,0,0,0,28000,13000,15000,15000
052133,華邦電凱基9B購01,0,0,0,0,0,0,0,0,0,15000,0,0,0,15000,0,15000,15000
048383,元金2X國票99購01,0,0,0,0,0,0,0,0,0,15000,0,0,0,18000,3000,15000,15000
03450B,臺股指元大9C熊23,0,0,0,0,0,0,0,0,0,15000,0,0,0,15000,0,15000,15000
03454B,臺股指元大04熊06,0,0,0,0,0,0,0,0,0,15000,0,0,0,51000,36000,15000,15000
056414,國巨中信98購02  ,0,0,0,0,0,0,0,0,0,15000,0,0,0,15000,0,15000,15000
056417,欣興中信98購01  ,0,0,0,0,0,0,0,0,0,15000,0,0,0,15000,0,15000,15000
055795,茂林國泰98購01  ,0,0,0,0,0,0,0,0,0,15000,0,0,0,15000,0,15000,15000
058146,勤誠元大99購01  ,0,0,0,0,0,0,0,0,0,15000,0,0,0,15000,0,15000,15000
055916,奇鋐凱基99購01  ,0,0,0,0,0,0,0,0,0,15000,0,0,0,30000,15000,15000,15000
057711,台積電統一9A購03,0,0,0,0,0,0,0,0,0,15000,0,0,0,15000,0,15000,15000
057683,技嘉日盛98購01  ,0,0,0,0,0,0,0,0,0,15000,0,0,0,15000,0,15000,15000
058584,百和群益9A購01  ,0,0,0,0,0,0,0,0,0,15000,0,0,0,15000,0,15000,15000
063212,聯發科國票9C購02,0,0,0,0,0,0,0,0,0,15000,0,0,0,15000,0,15000,15000
063386,國巨兆豐9B購04  ,0,0,0,0,0,0,0,0,0,15000,0,0,0,38000,23000,15000,15000
059695,聯鈞永豐99購02  ,0,0,0,0,0,0,0,0,0,15000,0,0,0,112000,97000,15000,15000
059624,鴻海凱基01購01  ,0,0,0,0,0,0,0,0,0,15000,0,0,0,15000,0,15000,15000
058934,台灣50中信03購03,0,0,0,0,0,0,0,0,0,15000,0,0,0,15000,0,15000,15000
058990,GIS凱基99購02   ,0,0,0,0,0,0,0,0,0,15000,0,0,0,15000,0,15000,15000
059067,上銀國票9A購02  ,0,0,0,0,0,0,0,0,0,15000,0,0,0,15000,0,15000,15000
058008,禾伸堂國票99購02,0,0,0,0,0,0,0,0,0,15000,0,0,0,15000,0,15000,15000
057871,國巨元大99購09  ,0,0,0,0,0,0,0,0,0,15000,0,0,0,15000,0,15000,15000
063323,同欣電群益9B購03,0,0,0,0,0,0,0,0,0,15000,0,0,0,15000,0,15000,15000
063316,聯發科群益9C購03,0,0,0,0,0,0,0,0,0,15000,0,0,0,15000,0,15000,15000
061816,長榮航群益9B購02,0,0,0,0,0,0,0,0,0,15000,0,0,0,15000,0,15000,15000
061808,聯發科統一01購02,0,0,0,0,0,0,0,0,0,15000,0,0,0,24000,9000,15000,15000
063557,聚陽元大9B購01  ,0,0,0,0,0,0,0,0,0,15000,0,0,0,20000,5000,15000,15000
062032,崇越群益9B購01  ,0,0,0,0,0,0,0,0,0,15000,0,0,0,66000,51000,15000,15000
061917,亞德客凱基9B購02,0,0,0,0,0,0,0,0,0,15000,0,0,0,15000,0,15000,15000
062596,緯穎統一01購02  ,0,0,0,0,0,0,0,0,0,15000,0,0,0,15000,0,15000,15000
062533,嘉澤統一9C購01  ,0,0,0,0,0,0,0,0,0,15000,0,0,0,15000,0,15000,15000
062749,元金2X中信9B購01,0,0,0,0,0,0,0,0,0,15000,0,0,0,15000,0,15000,15000
060746,玉晶光國票9B購02,0,0,0,0,0,0,0,0,0,15000,0,0,0,15000,0,15000,15000
060215,柏文康和9A購01  ,0,0,0,0,0,0,0,0,0,15000,0,0,0,21000,6000,15000,15000
061521,亞光兆豐9A購02  ,0,0,0,0,0,0,0,0,0,15000,0,0,0,100000,85000,15000,15000
06154P,超眾元大98售01  ,0,0,0,0,0,0,0,0,0,15000,0,0,0,15000,0,15000,15000
064333,義隆元大9C購02  ,0,0,0,0,0,0,0,0,0,15000,0,0,0,20000,5000,15000,15000
061479,泰碩元大9A購02  ,0,0,0,0,0,0,0,0,0,15000,0,0,0,15000,0,15000,15000
064385,台積電富邦03購02,0,0,0,0,0,0,0,0,0,15000,0,0,0,15000,0,15000,15000
063849,奇鋐元大9C購01  ,0,0,0,0,0,0,0,0,0,15000,0,0,0,40000,25000,15000,15000
06652P,長榮航元大98售01,0,0,0,0,0,0,0,0,0,15000,0,0,0,15000,0,15000,15000
066577,巨大元大01購02  ,0,0,0,0,0,0,0,0,0,15000,0,0,0,94000,79000,15000,15000
066560,聯鈞元大01購04  ,0,0,0,0,0,0,0,0,0,15000,0,0,0,20000,5000,15000,15000
063727,鴻海元大9C購05  ,0,0,0,0,0,0,0,0,0,15000,0,0,0,42000,27000,15000,15000
063813,瑞昱群益9C購02  ,0,0,0,0,0,0,0,0,0,15000,0,0,0,24000,9000,15000,15000
06376P,上銀統一99售01  ,0,0,0,0,0,0,0,0,0,15000,0,0,0,20000,5000,15000,15000
064419,鴻海兆豐9C購01  ,0,0,0,0,0,0,0,0,0,15000,0,0,0,40000,25000,15000,15000
065131,晶技兆豐01購01  ,0,0,0,0,0,0,0,0,0,15000,0,0,0,15000,0,15000,15000
065377,群創元大02購02  ,0,0,0,0,0,0,0,0,0,15000,0,0,0,65000,50000,15000,15000
064869,景碩永豐9C購01  ,0,0,0,0,0,0,0,0,0,15000,0,0,0,68000,53000,15000,15000
5258,虹堡            ,43000,30000,13000,0,0,0,0,0,0,2000,2000,0,2000,0,0,0,15000
08442P,臺股指麥證01售01,0,0,0,14000,0,14000,0,0,0,14000,0,0,0,14000,0,14000,14000
07919P,創意永豐9B售01  ,0,0,0,0,0,0,0,0,0,14000,0,0,0,25000,11000,14000,14000
066836,樺漢群益01購01  ,0,0,0,0,0,0,0,0,0,14000,0,0,0,14000,0,14000,14000
063057,祥碩統一03購01  ,0,0,0,0,0,0,0,0,0,14000,0,0,0,311000,297000,14000,14000
059515,牧德永豐99購01  ,0,0,0,0,0,0,0,0,0,14000,0,0,0,31000,17000,14000,14000
055486,國巨元大98購06  ,0,0,0,0,0,0,0,0,0,14000,0,0,0,15000,1000,14000,14000
055271,鴻海元大98購03  ,0,0,0,0,0,0,0,0,0,14000,0,0,0,22000,8000,14000,14000
056775,康控元大99購01  ,0,0,0,0,0,0,0,0,0,14000,0,0,0,140000,126000,14000,14000
056638,臺股指日盛98購01,0,0,0,0,0,0,0,0,0,14000,0,0,0,14000,0,14000,14000
020008,元大特股高息N   ,0,0,0,0,0,0,0,0,0,14000,0,0,0,115000,101000,14000,14000
064266,聯茂永豐9C購01  ,0,0,0,0,0,0,0,0,0,14000,0,0,0,15000,1000,14000,14000
064096,台積電群益9C購07,0,0,0,0,0,0,0,0,0,14000,0,0,0,14000,0,14000,14000
061376,瑞昱永豐9A購02  ,0,0,0,0,0,0,0,0,0,14000,0,0,0,50000,36000,14000,14000
060430,和潤永豐9A購01  ,0,0,0,0,0,0,0,0,0,14000,0,0,0,27000,13000,14000,14000
061136,可成統一9A購01  ,0,0,0,0,0,0,0,0,0,14000,0,0,0,14000,0,14000,14000
060963,禾伸堂凱基9A購01,0,0,0,0,0,0,0,0,0,14000,0,0,0,19000,5000,14000,14000
062642,帆宣國票9B購01  ,0,0,0,0,0,0,0,0,0,14000,0,0,0,14000,0,14000,14000
062462,GIS群益9B購01   ,0,0,0,0,0,0,0,0,0,14000,0,0,0,14000,0,14000,14000
062352,南六群益9B購02  ,0,0,0,0,0,0,0,0,0,14000,0,0,0,128000,114000,14000,14000
062228,南六統一02購01  ,0,0,0,0,0,0,0,0,0,14000,0,0,0,160000,146000,14000,14000
063532,GIS凱基9B購03   ,0,0,0,0,0,0,0,0,0,14000,0,0,0,36000,22000,14000,14000
064755,南亞科凱基01購02,0,0,0,0,0,0,0,0,0,14000,0,0,0,14000,0,14000,14000
064764,聯茂凱基01購01  ,0,0,0,0,0,0,0,0,0,14000,0,0,0,66000,52000,14000,14000
065033,和碩兆豐9C購01  ,0,0,0,0,0,0,0,0,0,14000,0,0,0,14000,0,14000,14000
064979,華擎元大9C購04  ,0,0,0,0,0,0,0,0,0,14000,0,0,0,190000,176000,14000,14000
065241,南電凱基01購02  ,0,0,0,0,0,0,0,0,0,14000,0,0,0,15000,1000,14000,14000
063746,上銀國票9C購01  ,0,0,0,0,0,0,0,0,0,14000,0,0,0,37000,23000,14000,14000
066561,健策元大01購04  ,0,0,0,0,0,0,0,0,0,14000,0,0,0,64000,50000,14000,14000
066388,力山凱基01購02  ,0,0,0,0,0,0,0,0,0,14000,0,0,0,24000,10000,14000,14000
065795,康友永豐9C購02  ,0,0,0,0,0,0,0,0,0,14000,0,0,0,68000,54000,14000,14000
065604,聯發科元大9C購17,0,0,0,0,0,0,0,0,0,14000,0,0,0,205000,191000,14000,14000
065547,同欣電兆豐01購01,0,0,0,0,0,0,0,0,0,14000,0,0,0,24000,10000,14000,14000
6558,興能高          ,92000,78000,14000,0,0,0,0,0,0,0,0,0,0,0,0,0,14000
8261,富鼎            ,132000,118000,14000,0,0,0,0,0,0,0,0,0,0,0,0,0,14000
066794,鴻海凱基01購07  ,0,0,0,0,0,0,0,0,0,13000,0,0,0,4180000,4167000,13000,13000
06960P,國巨凱基99售08  ,0,0,0,0,0,0,0,0,0,13000,0,0,0,13000,0,13000,13000
07904P,聯發科群益9B售05,0,0,0,0,0,0,0,0,0,13000,0,0,0,14000,1000,13000,13000
08154P,上銀元富9B售04  ,0,0,0,0,0,0,0,0,0,13000,0,0,0,13000,0,13000,13000
08436P,TPK群益9C售04   ,0,0,0,0,0,0,0,0,0,13000,0,0,0,13000,0,13000,13000
08496P,金像電國票01售02,0,0,0,0,0,0,0,0,0,13000,0,0,0,20000,7000,13000,13000
01003T,兆豐新光R1      ,13000,0,13000,0,0,0,0,0,0,0,0,0,0,0,0,0,13000
00752,中信中國50      ,7000,6000,1000,0,0,0,0,0,0,12000,0,0,0,1358000,1346000,12000,13000
00709,富邦歐洲        ,0,0,0,0,0,0,0,0,0,13000,0,0,0,113000,100000,13000,13000
04023P,臺股指元富99售02,13000,0,13000,0,0,0,0,0,0,0,0,0,0,0,0,0,13000
056355,台積電元大98購08,0,0,0,0,0,0,0,0,0,13000,0,0,0,13000,0,13000,13000
059499,滬深2X元富9C購07,0,0,0,0,0,0,0,0,0,13000,0,0,0,70000,57000,13000,13000
059189,國泰金富邦9B購01,0,0,0,0,0,0,0,0,0,13000,0,0,0,13000,0,13000,13000
063215,台表科國票9C購02,0,0,0,0,0,0,0,0,0,13000,0,0,0,45000,32000,13000,13000
057453,矽創元富98購01  ,0,0,0,0,0,0,0,0,0,13000,0,0,0,73000,60000,13000,13000
057548,微星凱基99購01  ,0,0,0,0,0,0,0,0,0,13000,0,0,0,28000,15000,13000,13000
059041,南茂群益99購02  ,0,0,0,0,0,0,0,0,0,13000,0,0,0,13000,0,13000,13000
059115,美食永豐99購01  ,0,0,0,0,0,0,0,0,0,13000,0,0,0,13000,0,13000,13000
059008,鈺齊元大99購03  ,0,0,0,0,0,0,0,0,0,13000,0,0,0,13000,0,13000,13000
062116,元金2X第一9B購01,0,0,0,0,0,0,0,0,0,13000,0,0,0,13000,0,13000,13000
063272,GIS兆豐9C購01   ,0,0,0,0,0,0,0,0,0,13000,0,0,0,23000,10000,13000,13000
062460,京鼎群益9C購01  ,0,0,0,0,0,0,0,0,0,13000,0,0,0,33000,20000,13000,13000
062501,台積電群益9C購03,0,0,0,0,0,0,0,0,0,13000,0,0,0,53000,40000,13000,13000
062513,玉晶光國票9C購01,0,0,0,0,0,0,0,0,0,13000,0,0,0,15000,2000,13000,13000
062538,台積電國泰9C購02,0,0,0,0,0,0,0,0,0,13000,0,0,0,19000,6000,13000,13000
062641,瀚宇博國票9B購01,0,0,0,0,0,0,0,0,0,13000,0,0,0,61000,48000,13000,13000
062803,嘉晶統一9B購02  ,0,0,0,0,0,0,0,0,0,13000,0,0,0,145000,132000,13000,13000
061364,國巨國票9A購09  ,0,0,0,0,0,0,0,0,0,13000,0,0,0,45000,32000,13000,13000
060646,南電永豐9A購01  ,0,0,0,0,0,0,0,0,0,13000,0,0,0,25000,12000,13000,13000
061557,台積電國票9C購02,0,0,0,0,0,0,0,0,0,13000,0,0,0,13000,0,13000,13000
064173,國產元富9C購01  ,0,0,0,0,0,0,0,0,0,13000,0,0,0,37000,24000,13000,13000
064216,矽格凱基01購01  ,0,0,0,0,0,0,0,0,0,13000,0,0,0,23000,10000,13000,13000
063851,健策元大01購01  ,0,0,0,0,0,0,0,0,0,13000,0,0,0,57000,44000,13000,13000
065579,南茂群益9C購02  ,0,0,0,0,0,0,0,0,0,13000,0,0,0,13000,0,13000,13000
064432,台積電凱基9C購04,0,0,0,0,0,0,0,0,0,13000,0,0,0,17000,4000,13000,13000
064482,微星永豐9C購01  ,0,0,0,0,0,0,0,0,0,13000,0,0,0,13000,0,13000,13000
064478,聚陽富邦01購01  ,0,0,0,0,0,0,0,0,0,13000,0,0,0,120000,107000,13000,13000
063915,祥碩凱基01購01  ,0,0,0,0,0,0,0,0,0,13000,0,0,0,23000,10000,13000,13000
065242,巨大凱基01購02  ,10000,0,10000,0,0,0,0,0,0,3000,0,0,0,69000,66000,3000,13000
065353,GIS統一02購03   ,0,0,0,0,0,0,0,0,0,13000,0,0,0,334000,321000,13000,13000
065293,玉晶光群益01購07,0,0,0,0,0,0,0,0,0,13000,0,0,0,62000,49000,13000,13000
064927,瀚宇博統一02購01,0,0,0,0,0,0,0,0,0,13000,0,0,0,139000,126000,13000,13000
3008,大立光          ,141625,133411,8214,0,0,0,2000,1000,1000,3000,2000,2000,0,6000,3000,3000,12214
08449P,華新科群益9C售03,0,0,0,0,0,0,0,0,0,12000,0,0,0,12000,0,12000,12000
08171P,嘉澤國票9C售01  ,0,0,0,0,0,0,0,0,0,12000,0,0,0,123000,111000,12000,12000
08230P,台表科國票9C售03,0,0,0,0,0,0,0,0,0,12000,0,0,0,12000,0,12000,12000
1529,樂士            ,27000,15000,12000,0,0,0,0,0,0,0,0,0,0,0,0,0,12000
067399,新日興永豐01購01,0,0,0,0,0,0,0,0,0,12000,0,0,0,33000,21000,12000,12000
066815,華擎兆豐03購01  ,0,0,0,0,0,0,0,0,0,12000,0,0,0,112000,100000,12000,12000
066779,上証2X中信03購01,0,0,0,0,0,0,0,0,0,12000,0,0,0,47000,35000,12000,12000
066670,貿聯凱基01購01  ,0,0,0,0,0,0,0,0,0,12000,0,0,0,24000,12000,12000,12000
066859,華擎國票02購01  ,0,0,0,0,0,0,0,0,0,12000,0,0,0,109000,97000,12000,12000
06726P,欣興元富98售04  ,0,0,0,0,0,0,0,0,0,12000,0,0,0,60000,48000,12000,12000
067308,欣興元大01購03  ,0,0,0,0,0,0,0,0,0,12000,0,0,0,28000,16000,12000,12000
057953,聚陽元大98購01  ,0,0,0,0,0,0,0,0,0,12000,0,0,0,15000,3000,12000,12000
057448,致茂元富98購01  ,0,0,0,0,0,0,0,0,0,12000,0,0,0,12000,0,12000,12000
058511,華新科元大9B購01,0,0,0,0,0,0,0,0,0,12000,0,0,0,12000,0,12000,12000
057669,嘉晶元大99購03  ,0,0,0,0,0,0,0,0,0,12000,0,0,0,12000,0,12000,12000
057832,聯發科元富02購05,0,0,0,0,0,0,0,0,0,12000,0,0,0,12000,0,12000,12000
058210,臺股指凱基9C購04,0,0,0,0,0,0,0,0,0,12000,0,0,0,12000,0,12000,12000
057199,台達電元富02購01,0,0,0,0,0,0,0,0,0,12000,0,0,0,12000,0,12000,12000
057299,立積永豐98購02  ,0,0,0,0,0,0,0,0,0,12000,0,0,0,14000,2000,12000,12000
03425B,臺股指元大9A熊01,0,0,0,0,0,0,0,0,0,12000,0,0,0,12000,0,12000,12000
0051,元大中型100     ,4000,4000,0,0,0,0,0,0,0,12000,0,0,0,66000,54000,12000,12000
063836,台塑元大9C購01  ,0,0,0,0,0,0,0,0,0,12000,0,0,0,12000,0,12000,12000
064211,友達凱基02購01  ,0,0,0,0,0,0,0,0,0,12000,0,0,0,52000,40000,12000,12000
060398,立積國票9B購01  ,0,0,0,0,0,0,0,0,0,12000,0,0,0,12000,0,12000,12000
060343,台積電統一9C購02,0,0,0,0,0,0,0,0,0,12000,0,0,0,22000,10000,12000,12000
061038,TPK永豐9A購01   ,0,0,0,0,0,0,0,0,0,12000,0,0,0,15000,3000,12000,12000
060846,欣興國票9A購02  ,0,0,0,0,0,0,0,0,0,12000,0,0,0,12000,0,12000,12000
062758,國巨凱基9B購09  ,0,0,0,0,0,0,0,0,0,12000,0,0,0,14000,2000,12000,12000
061186,牧德國泰9C購01  ,0,0,0,0,0,0,0,0,0,12000,0,0,0,132000,120000,12000,12000
061236,台積電元大9A購24,0,0,0,0,0,0,0,0,0,12000,0,0,0,12000,0,12000,12000
063433,臻鼎元富9B購01  ,0,0,0,0,0,0,0,0,0,12000,0,0,0,199000,187000,12000,12000
062164,禾伸堂國泰01購01,0,0,0,0,0,0,0,0,0,12000,0,0,0,12000,0,12000,12000
061633,統一元大9A購01  ,0,0,0,0,0,0,0,0,0,12000,0,0,0,62000,50000,12000,12000
065266,創意元大9C購05  ,0,0,0,0,0,0,0,0,0,12000,0,0,0,12000,0,12000,12000
065325,亞光凱基9C購01  ,0,0,0,0,0,0,0,0,0,12000,0,0,0,13000,1000,12000,12000
065389,聯茂兆豐9C購01  ,0,0,0,0,0,0,0,0,0,12000,0,0,0,13000,1000,12000,12000
064595,超眾統一02購01  ,0,0,0,0,0,0,0,0,0,12000,0,0,0,12000,0,12000,12000
064709,瑞祺永豐9C購01  ,0,0,0,0,0,0,0,0,0,12000,0,0,0,62000,50000,12000,12000
064441,嘉澤凱基9C購02  ,0,0,0,0,0,0,0,0,0,12000,0,0,0,12000,0,12000,12000
06371P,茂林國票98售04  ,0,0,0,0,0,0,0,0,0,12000,0,0,0,12000,0,12000,12000
065641,台積電元大9C購12,0,0,0,0,0,0,0,0,0,12000,0,0,0,52000,40000,12000,12000
065851,京鼎元大02購01  ,0,0,0,0,0,0,0,0,0,12000,0,0,0,88000,76000,12000,12000
066038,台積電元大01購07,0,0,0,0,0,0,0,0,0,12000,0,0,0,12000,0,12000,12000
066067,台積電凱基02購05,0,0,0,0,0,0,0,0,0,12000,0,0,0,12000,0,12000,12000
3004,豐達科          ,35000,40000,-5000,0,0,0,0,0,0,17000,0,0,0,17000,0,17000,12000
2545,皇翔            ,20020,9000,11020,0,0,0,0,0,0,0,0,0,0,0,0,0,11020
067028,上海銀兆豐03購01,0,0,0,0,0,0,0,0,0,11000,0,0,0,11000,0,11000,11000
067040,鴻海凱基02購04  ,0,0,0,0,0,0,0,0,0,11000,0,0,0,4075000,4064000,11000,11000
066894,聯發科兆豐03購01,0,0,0,0,0,0,0,0,0,11000,0,0,0,11000,0,11000,11000
08588P,緯穎元富03售01  ,0,0,0,0,0,0,0,0,0,11000,0,0,0,133000,122000,11000,11000
03669C,滬深2X元富09牛01,0,0,0,0,0,0,0,0,0,11000,0,0,0,11000,0,11000,11000
056398,南茂永豐98購01  ,0,0,0,0,0,0,0,0,0,11000,0,0,0,13000,2000,11000,11000
056465,臺股指凱基99購07,0,0,0,0,0,0,0,0,0,11000,0,0,0,13000,2000,11000,11000
054873,帆宣群益99購01  ,0,0,0,0,0,0,0,0,0,11000,0,0,0,11000,0,11000,11000
054893,帆宣統一99購01  ,0,0,0,0,0,0,0,0,0,11000,0,0,0,11000,0,11000,11000
054586,健鼎國泰99購01  ,0,0,0,0,0,0,0,0,0,11000,0,0,0,11000,0,11000,11000
057243,樺漢凱基99購01  ,0,0,0,0,0,0,0,0,0,11000,0,0,0,11000,0,11000,11000
057190,立積元大9A購02  ,0,0,0,0,0,0,0,0,0,11000,0,0,0,11000,0,11000,11000
059454,亞光永豐99購01  ,0,0,0,0,0,0,0,0,0,11000,0,0,0,33000,22000,11000,11000
063410,南六國票9C購01  ,0,0,0,0,0,0,0,0,0,11000,0,0,0,32000,21000,11000,11000
058532,禾伸堂元富99購01,0,0,0,0,0,0,0,0,0,11000,0,0,0,11000,0,11000,11000
057573,京鼎永豐98購02  ,0,0,0,0,0,0,0,0,0,11000,0,0,0,12000,1000,11000,11000
058286,道瓊指國票9B購01,0,0,0,0,0,0,0,0,0,11000,0,0,0,26000,15000,11000,11000
058790,楠梓電元大99購03,0,0,0,0,0,0,0,0,0,11000,0,0,0,11000,0,11000,11000
061681,南電元大9A購08  ,0,0,0,0,0,0,0,0,0,11000,0,0,0,92000,81000,11000,11000
062414,臻鼎中信01購01  ,0,0,0,0,0,0,0,0,0,11000,0,0,0,11000,0,11000,11000
062379,致新元大9B購01  ,0,0,0,0,0,0,0,0,0,11000,0,0,0,30000,19000,11000,11000
062281,奇鋐群益9B購01  ,0,0,0,0,0,0,0,0,0,11000,0,0,0,11000,0,11000,11000
061092,可成統一9C購02  ,0,0,0,0,0,0,0,0,0,11000,0,0,0,11000,0,11000,11000
060329,鎧勝群益9B購01  ,0,0,0,0,0,0,0,0,0,11000,0,0,0,11000,0,11000,11000
060123,光罩永豐99購02  ,0,0,0,0,0,0,0,0,0,11000,0,0,0,11000,0,11000,11000
064193,華新群益9C購01  ,0,0,0,0,0,0,0,0,0,11000,0,0,0,53000,42000,11000,11000
064136,致新元大9C購01  ,0,0,0,0,0,0,0,0,0,11000,0,0,0,30000,19000,11000,11000
064394,全新永豐9C購02  ,0,0,0,0,0,0,0,0,0,11000,0,0,0,11000,0,11000,11000
061418,世紀鋼群益9A購02,0,0,0,0,0,0,0,0,0,11000,0,0,0,78000,67000,11000,11000
065852,創意元大9C購06  ,0,0,0,0,0,0,0,0,0,11000,0,0,0,27000,16000,11000,11000
06553P,訊芯元大98售05  ,0,0,0,0,0,0,0,0,0,11000,0,0,0,100000,89000,11000,11000
065520,台勝科群益9C購03,0,0,0,0,0,0,0,0,0,11000,0,0,0,25000,14000,11000,11000
065458,立積元富03購02  ,0,0,0,0,0,0,0,0,0,11000,0,0,0,11000,0,11000,11000
066323,精元永豐01購01  ,0,0,0,0,0,0,0,0,0,11000,0,0,0,197000,186000,11000,11000
066649,華新科麥證01購02,0,0,0,11000,0,11000,0,0,0,11000,0,0,0,11000,0,11000,11000
063630,智邦元大9B購09  ,0,0,0,0,0,0,0,0,0,11000,0,0,0,82000,71000,11000,11000
063691,聯鈞永豐9B購01  ,0,0,0,0,0,0,0,0,0,11000,0,0,0,61000,50000,11000,11000
064627,矽格元大9C購01  ,0,0,0,0,0,0,0,0,0,11000,0,0,0,41000,30000,11000,11000
064561,友達群益9C購02  ,0,0,0,0,0,0,0,0,0,11000,0,0,0,11000,0,11000,11000
064806,微星元大01購01  ,0,0,0,0,0,0,0,0,0,11000,0,0,0,20000,9000,11000,11000
2939,凱羿-KY         ,13000,2000,11000,0,0,0,0,0,0,0,0,0,0,0,0,0,11000
2881B,富邦金乙特      ,0,0,0,0,0,0,0,0,0,11000,31000,20000,11000,0,0,0,11000
4552,力達-KY         ,17000,6000,11000,0,0,0,0,0,0,0,0,0,0,0,0,0,11000
3588,通嘉            ,416000,405000,11000,0,0,0,0,0,0,0,0,0,0,0,0,0,11000
6525,捷敏-KY         ,42000,31000,11000,0,0,0,0,0,0,0,0,0,0,0,0,0,11000
6431,光麗-KY         ,11000,0,11000,0,0,0,0,0,0,0,0,0,0,0,0,0,11000
08680P,聯發科元大01售10,0,0,0,0,0,0,0,0,0,10000,0,0,0,10000,0,10000,10000
08383P,智邦群益9C售03  ,0,0,0,0,0,0,0,0,0,10000,0,0,0,10000,0,10000,10000
08358P,大立光元大9C售18,0,0,0,0,0,0,0,0,0,10000,0,0,0,10000,0,10000,10000
08303P,聯發科富邦9C售05,0,0,0,0,0,0,0,0,0,10000,0,0,0,10000,0,10000,10000
08295P,長榮航元大9C售01,0,0,0,0,0,0,0,0,0,10000,0,0,0,10000,0,10000,10000
08318P,台積電台新01售01,0,0,0,0,0,0,0,0,0,10000,0,0,0,10000,0,10000,10000
08148P,長榮航群益9B售03,0,0,0,0,0,0,0,0,0,10000,0,0,0,10000,0,10000,10000
08149P,祥碩群益9B售07  ,0,0,0,0,0,0,0,0,0,10000,0,0,0,10000,0,10000,10000
08124P,臻鼎群益9B售02  ,0,0,0,0,0,0,0,0,0,10000,0,0,0,10000,0,10000,10000
07874P,長榮航群益9B售01,0,0,0,0,0,0,0,0,0,10000,0,0,0,10000,0,10000,10000
2419,仲琦            ,34000,14000,20000,0,0,0,0,0,0,-10000,0,5000,-5000,0,5000,-5000,10000
08847P,滬深2X群益03售06,0,0,0,0,0,0,0,0,0,10000,0,0,0,10000,0,10000,10000
08786P,滬深2X元富01售05,0,0,0,0,0,0,0,0,0,10000,0,0,0,10000,0,10000,10000
1217,愛之味          ,200000,190000,10000,0,0,0,0,0,0,0,0,0,0,0,0,0,10000
08850P,台光電群益01售03,0,0,0,0,0,0,0,0,0,10000,0,0,0,30000,20000,10000,10000
066895,台勝科兆豐01購01,0,0,0,0,0,0,0,0,0,10000,0,0,0,10000,0,10000,10000
066913,樺漢凱基01購01  ,0,0,0,0,0,0,0,0,0,10000,0,0,0,10000,0,10000,10000
066914,樺漢凱基02購01  ,0,0,0,0,0,0,0,0,0,10000,0,0,0,10000,0,10000,10000
06685P,鴻海國泰9A售01  ,0,0,0,0,0,0,0,0,0,10000,0,0,0,10000,0,10000,10000
066963,T50反1元富07購03,0,0,0,0,0,0,0,0,0,10000,0,0,0,10000,0,10000,10000
067064,為升元大01購02  ,0,0,0,0,0,0,0,0,0,10000,0,0,0,10000,0,10000,10000
067046,聯發科凱基04購01,0,0,0,0,0,0,0,0,0,10000,0,0,0,10000,0,10000,10000
067136,京鼎永豐01購01  ,0,0,0,0,0,0,0,0,0,10000,0,0,0,10000,0,10000,10000
067122,眾達國泰03購02  ,0,0,0,0,0,0,0,0,0,10000,0,0,0,10000,0,10000,10000
067244,康控群益01購02  ,0,0,0,0,0,0,0,0,0,10000,0,0,0,10000,0,10000,10000
067245,康控群益01購03  ,0,0,0,0,0,0,0,0,0,10000,0,0,0,10000,0,10000,10000
067225,巨大元大01購03  ,0,0,0,0,0,0,0,0,0,10000,0,0,0,30000,20000,10000,10000
067198,滬深2X元大04購01,0,0,0,0,0,0,0,0,0,10000,0,0,0,10000,0,10000,10000
067422,微星凱基02購03  ,0,0,0,0,0,0,0,0,0,10000,0,0,0,10000,0,10000,10000
067359,牧德群益01購02  ,0,0,0,0,0,0,0,0,0,10000,0,0,0,10000,0,10000,10000
07001P,國巨元大99售12  ,0,0,0,0,0,0,0,0,0,10000,0,0,0,10000,0,10000,10000
06809P,電子類群益98售03,0,0,0,0,0,0,0,0,0,10000,0,0,0,10000,0,10000,10000
06759P,台積電元大98售17,0,0,0,0,0,0,0,0,0,10000,0,0,0,10000,0,10000,10000
07700P,臺股指元大9A售53,0,0,0,0,0,0,0,0,0,10000,0,0,0,10000,0,10000,10000
07693P,群創元大9B售10  ,0,0,0,0,0,0,0,0,0,10000,0,0,0,10000,0,10000,10000
07752P,台灣50元大9C售33,0,0,0,0,0,0,0,0,0,10000,0,0,0,50000,40000,10000,10000
07801P,上銀永豐9A售02  ,0,0,0,0,0,0,0,0,0,10000,0,0,0,10000,0,10000,10000
07658P,國泰金凱基9A售01,0,0,0,0,0,0,0,0,0,10000,0,0,0,10000,0,10000,10000
07603P,台積電統一9B售08,0,0,0,0,0,0,0,0,0,10000,0,0,0,10000,0,10000,10000
07494P,葡萄王元大9A售03,0,0,0,0,0,0,0,0,0,10000,0,0,0,10000,0,10000,10000
07546P,玉晶光凱基9A售09,0,0,0,0,0,0,0,0,0,10000,0,0,0,30000,20000,10000,10000
07053P,台灣50兆豐01售01,0,0,0,0,0,0,0,0,0,10000,0,0,0,10000,0,10000,10000
07334P,臺股指國票99售19,0,0,0,0,0,0,0,0,0,10000,0,0,0,10000,0,10000,10000
07284P,大立光凱基99售10,0,0,0,0,0,0,0,0,0,10000,0,0,0,10000,0,10000,10000
07250P,台灣50永豐99售07,0,0,0,0,0,0,0,0,0,10000,0,0,0,10000,0,10000,10000
07241P,台灣50國票9A售05,0,0,0,0,0,0,0,0,0,10000,0,0,0,20000,10000,10000,10000
058857,元油2X日盛99購02,0,0,0,0,0,0,0,0,0,10000,0,0,0,10000,0,10000,10000
058839,瑞儀中信99購02  ,0,0,0,0,0,0,0,0,0,10000,0,0,0,30000,20000,10000,10000
058037,台灣50元大9B購02,0,0,0,0,0,0,0,0,0,10000,0,0,0,30000,20000,10000,10000
058022,樺漢凱基99購02  ,0,0,0,0,0,0,0,0,0,10000,0,0,0,10000,0,10000,10000
058050,台郡元大99購05  ,0,0,0,0,0,0,0,0,0,10000,0,0,0,10000,0,10000,10000
058369,亞光凱基99購02  ,0,0,0,0,0,0,0,0,0,10000,0,0,0,10000,0,10000,10000
058402,欣興元大99購04  ,0,0,0,0,0,0,0,0,0,10000,0,0,0,12000,2000,10000,10000
058663,瑞儀兆豐9A購01  ,0,0,0,0,0,0,0,0,0,10000,0,0,0,10000,0,10000,10000
057955,技嘉元大98購07  ,0,0,0,0,0,0,0,0,0,10000,0,0,0,10000,0,10000,10000
057938,台表科群益98購02,0,0,0,0,0,0,0,0,0,10000,0,0,0,10000,0,10000,10000
058005,茂林群益98購04  ,0,0,0,0,0,0,0,0,0,10000,0,0,0,10000,0,10000,10000
058995,台達電元大99購01,0,0,0,0,0,0,0,0,0,10000,0,0,0,10000,0,10000,10000
058987,華新科凱基9B購01,0,0,0,0,0,0,0,0,0,10000,0,0,0,10000,0,10000,10000
059131,國巨群益99購07  ,0,0,0,0,0,0,0,0,0,10000,0,0,0,10000,0,10000,10000
059531,華新科凱基9B購02,0,0,0,0,0,0,0,0,0,10000,0,0,0,11000,1000,10000,10000
059035,旺宏群益99購06  ,0,0,0,0,0,0,0,0,0,10000,0,0,0,10000,0,10000,10000
059062,群創凱基99購05  ,0,0,0,0,0,0,0,0,0,10000,0,0,0,10000,0,10000,10000
059096,百和元大99購04  ,0,0,0,0,0,0,0,0,0,10000,0,0,0,10000,0,10000,10000
059629,友達凱基99購06  ,0,0,0,0,0,0,0,0,0,10000,0,0,0,10000,0,10000,10000
059648,台表科凱基99購03,0,0,0,0,0,0,0,0,0,10000,0,0,0,10000,0,10000,10000
059687,卜蜂永豐99購01  ,0,0,0,0,0,0,0,0,0,10000,0,0,0,10000,0,10000,10000
059869,友達凱基99購07  ,0,0,0,0,0,0,0,0,0,10000,0,0,0,10000,0,10000,10000
059939,技嘉永豐99購01  ,0,0,0,0,0,0,0,0,0,10000,0,0,0,10000,0,10000,10000
057598,鴻海群益98購07  ,0,0,0,0,0,0,0,0,0,10000,0,0,0,10000,0,10000,10000
057543,華通凱基99購02  ,0,0,0,0,0,0,0,0,0,10000,0,0,0,10000,0,10000,10000
058493,台積電群益9A購01,0,0,0,0,0,0,0,0,0,10000,0,0,0,10000,0,10000,10000
058580,華新科群益99購02,0,0,0,0,0,0,0,0,0,10000,0,0,0,10000,0,10000,10000
058570,臻鼎凱基9A購01  ,0,0,0,0,0,0,0,0,0,10000,0,0,0,10000,0,10000,10000
058605,華邦電元大99購04,0,0,0,0,0,0,0,0,0,10000,0,0,0,10000,0,10000,10000
057773,技嘉群益9A購02  ,0,0,0,0,0,0,0,0,0,10000,0,0,0,15000,5000,10000,10000
057810,技嘉元大98購06  ,0,0,0,0,0,0,0,0,0,10000,0,0,0,10000,0,10000,10000
063213,智伸科國票9C購01,0,0,0,0,0,0,0,0,0,10000,0,0,0,12000,2000,10000,10000
063221,京元電群益9B購02,0,0,0,0,0,0,0,0,0,10000,0,0,0,34000,24000,10000,10000
063182,國巨凱基9B購10  ,0,0,0,0,0,0,0,0,0,10000,0,0,0,10000,0,10000,10000
063183,國巨凱基9B購12  ,0,0,0,0,0,0,0,0,0,10000,0,0,0,12000,2000,10000,10000
058222,玉晶光統一9B購01,0,0,0,0,0,0,0,0,0,10000,0,0,0,10000,0,10000,10000
059247,可成凱基99購05  ,0,0,0,0,0,0,0,0,0,10000,0,0,0,10000,0,10000,10000
059253,康控凱基9B購02  ,0,0,0,0,0,0,0,0,0,10000,0,0,0,10000,0,10000,10000
059262,致茂中信01購01  ,0,0,0,0,0,0,0,0,0,10000,0,0,0,20000,10000,10000,10000
059359,精元永豐99購01  ,0,0,0,0,0,0,0,0,0,10000,0,0,0,10000,0,10000,10000
055975,鴻海統一98購05  ,0,0,0,0,0,0,0,0,0,10000,0,0,0,1008000,998000,10000,10000
056033,T50正2凱基99購02,0,0,0,0,0,0,0,0,0,10000,0,0,0,10000,0,10000,10000
057381,微星國泰9A購01  ,0,0,0,0,0,0,0,0,0,10000,0,0,0,10000,0,10000,10000
058104,國巨統一9A購04  ,0,0,0,0,0,0,0,0,0,10000,0,0,0,10000,0,10000,10000
057167,台積電元大99購03,0,0,0,0,0,0,0,0,0,10000,0,0,0,10000,0,10000,10000
056739,美律凱基98購04  ,0,0,0,0,0,0,0,0,0,10000,0,0,0,10000,0,10000,10000
056641,華通凱基98購03  ,0,0,0,0,0,0,0,0,0,10000,0,0,0,10000,0,10000,10000
056651,聯茂凱基98購04  ,0,0,0,0,0,0,0,0,0,10000,0,0,0,10000,0,10000,10000
056547,臻鼎凱基99購01  ,0,0,0,0,0,0,0,0,0,10000,0,0,0,10000,0,10000,10000
056501,貿聯富邦99購01  ,0,0,0,0,0,0,0,0,0,10000,0,0,0,10000,0,10000,10000
056590,樺漢統一9A購01  ,0,0,0,0,0,0,0,0,0,10000,0,0,0,10000,0,10000,10000
056598,京元電元富98購01,0,0,0,0,0,0,0,0,0,10000,0,0,0,12000,2000,10000,10000
056875,亞光凱基98購03  ,0,0,0,0,0,0,0,0,0,10000,0,0,0,10000,0,10000,10000
057330,台積電國票99購03,0,0,0,0,0,0,0,0,0,10000,0,0,0,10000,0,10000,10000
057297,新日興永豐98購01,0,0,0,0,0,0,0,0,0,10000,0,0,0,10000,0,10000,10000
055330,上銀兆豐98購02  ,0,0,0,0,0,0,0,0,0,10000,0,0,0,10000,0,10000,10000
055119,力成凱基98購01  ,0,0,0,0,0,0,0,0,0,10000,0,0,0,30000,20000,10000,10000
055093,京鼎群益98購01  ,0,0,0,0,0,0,0,0,0,10000,0,0,0,10000,0,10000,10000
055425,聚陽群益99購01  ,0,0,0,0,0,0,0,0,0,10000,0,0,0,10000,0,10000,10000
054571,楠梓電元大99購01,0,0,0,0,0,0,0,0,0,10000,0,0,0,10000,0,10000,10000
054634,FB上証中信99購01,0,0,0,0,0,0,0,0,0,10000,0,0,0,20000,10000,10000,10000
053945,國巨富邦98購02  ,0,0,0,0,0,0,0,0,0,10000,0,0,0,10000,0,10000,10000
054739,義隆凱基98購02  ,0,0,0,0,0,0,0,0,0,10000,0,0,0,10000,0,10000,10000
056926,日月光兆豐98購01,0,0,0,0,0,0,0,0,0,10000,0,0,0,10000,0,10000,10000
053212,友達凱基99購04  ,0,0,0,0,0,0,0,0,0,10000,0,0,0,10000,0,10000,10000
053316,友達群益9A購01  ,0,0,0,0,0,0,0,0,0,10000,0,0,0,10000,0,10000,10000
056469,國巨元大99購01  ,0,0,0,0,0,0,0,0,0,10000,0,0,0,18000,8000,10000,10000
056427,上銀凱基98購03  ,0,0,0,0,0,0,0,0,0,10000,0,0,0,10000,0,10000,10000
056361,美律元大99購02  ,0,0,0,0,0,0,0,0,0,10000,0,0,0,10000,0,10000,10000
056322,臺股指群益98購01,0,0,0,0,0,0,0,0,0,10000,0,0,0,10000,0,10000,10000
057019,台積電凱基98購14,0,0,0,0,0,0,0,0,0,10000,0,0,0,10000,0,10000,10000
057049,新日興元大98購02,0,0,0,0,0,0,0,0,0,10000,0,0,0,10000,0,10000,10000
054962,玉晶光元大99購02,0,0,0,0,0,0,0,0,0,10000,0,0,0,10000,0,10000,10000
056206,泰鼎永豐97購01  ,0,0,0,0,0,0,0,0,0,10000,0,0,0,10000,0,10000,10000
054930,群電凱基98購01  ,0,0,0,0,0,0,0,0,0,10000,0,0,0,10000,0,10000,10000
055024,興勤國泰98購01  ,0,0,0,0,0,0,0,0,0,10000,0,0,0,10000,0,10000,10000
036628,統一台新99購01  ,0,0,0,0,0,0,0,0,0,10000,0,0,0,10000,0,10000,10000
061458,臻鼎凱基9A購02  ,0,0,0,0,0,0,0,0,0,10000,0,0,0,20000,10000,10000,10000
062905,聯發科元大9B購13,0,0,0,0,0,0,0,0,0,10000,0,0,0,15000,5000,10000,10000
061574,大毅元大9B購01  ,0,0,0,0,0,0,0,0,0,10000,0,0,0,10000,0,10000,10000
061536,華擎統一9C購02  ,0,0,0,0,0,0,0,0,0,10000,0,0,0,10000,0,10000,10000
061541,旺宏群益9A購03  ,0,0,0,0,0,0,0,0,0,10000,0,0,0,10000,0,10000,10000
061614,亞德客群益9A購01,0,0,0,0,0,0,0,0,0,10000,0,0,0,10000,0,10000,10000
064325,亞德客元大9C購01,0,0,0,0,0,0,0,0,0,10000,0,0,0,52000,42000,10000,10000
064366,群創統一01購01  ,0,0,0,0,0,0,0,0,0,10000,0,0,0,10000,0,10000,10000
064146,瑞昱統一01購03  ,0,0,0,0,0,0,0,0,0,10000,0,0,0,10000,0,10000,10000
064182,臻鼎富邦01購01  ,0,0,0,0,0,0,0,0,0,10000,0,0,0,10000,0,10000,10000
064240,群創統一02購02  ,0,0,0,0,0,0,0,0,0,10000,0,0,0,45000,35000,10000,10000
063840,鴻海元大01購01  ,0,0,0,0,0,0,0,0,0,10000,0,0,0,27000,17000,10000,10000
063870,健策永豐01購01  ,0,0,0,0,0,0,0,0,0,10000,0,0,0,10000,0,10000,10000
063863,儒鴻富邦02購01  ,0,0,0,0,0,0,0,0,0,10000,0,0,0,223000,213000,10000,10000
063864,健策富邦01購01  ,0,0,0,0,0,0,0,0,0,10000,0,0,0,30000,20000,10000,10000
060060,台積電兆豐99購05,0,0,0,0,0,0,0,0,0,10000,0,0,0,10000,0,10000,10000
060072,國巨元富99購04  ,0,0,0,0,0,0,0,0,0,10000,0,0,0,12000,2000,10000,10000
060099,宏達電元大99購09,0,0,0,0,0,0,0,0,0,10000,0,0,0,12000,2000,10000,10000
060702,玉晶光國泰9C購02,0,0,0,0,0,0,0,0,0,10000,0,0,0,10000,0,10000,10000
060707,台郡富邦9A購01  ,0,0,0,0,0,0,0,0,0,10000,0,0,0,30000,20000,10000,10000
060717,康控永豐9A購01  ,0,0,0,0,0,0,0,0,0,10000,0,0,0,10000,0,10000,10000
060775,世芯凱基9A購02  ,0,0,0,0,0,0,0,0,0,10000,0,0,0,10000,0,10000,10000
059987,大立光元大99購28,0,0,0,0,0,0,0,0,0,10000,0,0,0,20000,10000,10000,10000
060769,國巨麥證9A購02  ,0,0,0,11000,0,11000,0,0,0,10000,0,0,0,11000,1000,10000,10000
060280,元金2X元大9A購01,0,0,0,0,0,0,0,0,0,10000,0,0,0,10000,0,10000,10000
060222,貿聯凱基9A購02  ,0,0,0,0,0,0,0,0,0,10000,0,0,0,10000,0,10000,10000
060243,潤泰全元大9C購02,0,0,0,0,0,0,0,0,0,10000,0,0,0,25000,15000,10000,10000
060383,葡萄王凱基9A購01,0,0,0,0,0,0,0,0,0,10000,0,0,0,10000,0,10000,10000
060644,泰鼎永豐9A購02  ,0,0,0,0,0,0,0,0,0,10000,0,0,0,10000,0,10000,10000
060424,中租永豐9A購01  ,0,0,0,0,0,0,0,0,0,10000,0,0,0,20000,10000,10000,10000
061150,國巨群益9A購09  ,0,0,0,0,0,0,0,0,0,10000,0,0,0,13000,3000,10000,10000
061143,道瓊指中信9C購04,0,0,0,0,0,0,0,0,0,10000,0,0,0,10000,0,10000,10000
061168,力成兆豐9A購01  ,0,0,0,0,0,0,0,0,0,10000,0,0,0,10000,0,10000,10000
061288,大立光統一9C購01,0,0,0,0,0,0,0,0,0,10000,0,0,0,10000,0,10000,10000
060961,台光電凱基9A購03,0,0,0,0,0,0,0,0,0,10000,0,0,0,10000,0,10000,10000
061012,國巨麥證9A購03  ,0,0,0,10000,0,10000,0,0,0,10000,0,0,0,10000,0,10000,10000
061928,群創凱基9B購06  ,0,0,0,0,0,0,0,0,0,10000,0,0,0,10000,0,10000,10000
061268,玉晶光凱基9B購04,0,0,0,0,0,0,0,0,0,10000,0,0,0,10000,0,10000,10000
060552,群創凱基9B購05  ,0,0,0,0,0,0,0,0,0,10000,0,0,0,10000,0,10000,10000
061725,國巨麥證9A購05  ,0,0,0,10000,0,10000,0,0,0,10000,0,0,0,10000,0,10000,10000
061774,T50反1國票9B購06,0,0,0,0,0,0,0,0,0,10000,0,0,0,10000,0,10000,10000
060443,滬深2X元大9A購03,0,0,0,0,0,0,0,0,0,10000,0,0,0,10000,0,10000,10000
060469,台勝科元大9A購02,10000,0,10000,0,0,0,0,0,0,0,0,0,0,10000,10000,0,10000
060503,技嘉元大9A購01  ,0,0,0,0,0,0,0,0,0,10000,0,0,0,10000,0,10000,10000
060504,技嘉元大9A購02  ,0,0,0,0,0,0,0,0,0,10000,0,0,0,10000,0,10000,10000
062746,致伸永豐9B購01  ,0,0,0,0,0,0,0,0,0,10000,0,0,0,40000,30000,10000,10000
062679,技嘉統一01購01  ,0,0,0,0,0,0,0,0,0,10000,0,0,0,10000,0,10000,10000
062517,滬深2X元大9B購05,0,0,0,0,0,0,0,0,0,10000,0,0,0,10000,0,10000,10000
062467,國巨凱基9B購08  ,0,0,0,0,0,0,0,0,0,10000,0,0,0,10000,0,10000,10000
062594,祥碩統一01購02  ,0,0,0,0,0,0,0,0,0,10000,0,0,0,10000,0,10000,10000
062350,台表科群益9B購01,0,0,0,0,0,0,0,0,0,10000,0,0,0,30000,20000,10000,10000
062344,力山群益9B購02  ,0,0,0,0,0,0,0,0,0,10000,0,0,0,109000,99000,10000,10000
062366,義隆元大9B購04  ,0,0,0,0,0,0,0,0,0,10000,0,0,0,10000,0,10000,10000
061872,友達元大9C購06  ,0,0,0,0,0,0,0,0,0,10000,0,0,0,10000,0,10000,10000
061834,華新科凱基02購02,0,0,0,0,0,0,0,0,0,10000,0,0,0,10000,0,10000,10000
061835,華新科凱基02購03,0,0,0,0,0,0,0,0,0,10000,0,0,0,10000,0,10000,10000
063318,京鼎群益9C購02  ,0,0,0,0,0,0,0,0,0,10000,0,0,0,10000,0,10000,10000
062940,華新科凱基9C購02,0,0,0,0,0,0,0,0,0,10000,0,0,0,12000,2000,10000,10000
063434,和潤元富9B購01  ,0,0,0,0,0,0,0,0,0,10000,0,0,0,115000,105000,10000,10000
062981,祥碩元富9B購01  ,0,0,0,0,0,0,0,0,0,10000,0,0,0,10000,0,10000,10000
061677,泰碩元大9A購05  ,0,0,0,0,0,0,0,0,0,10000,0,0,0,10000,0,10000,10000
061689,國巨群益9A購12  ,0,0,0,0,0,0,0,0,0,10000,0,0,0,17000,7000,10000,10000
062142,喬山國票9B購01  ,0,0,0,0,0,0,0,0,0,10000,0,0,0,28000,18000,10000,10000
063487,國巨國泰01購02  ,0,0,0,0,0,0,0,0,0,10000,0,0,0,18000,8000,10000,10000
062012,燿華富邦9C購01  ,0,0,0,0,0,0,0,0,0,10000,0,0,0,194000,184000,10000,10000
062001,臺股指元大9B購25,0,0,0,0,0,0,0,0,0,10000,0,0,0,10000,0,10000,10000
062041,華擎凱基9C購01  ,0,0,0,0,0,0,0,0,0,10000,0,0,0,10000,0,10000,10000
064791,友達國票9C購01  ,0,0,0,0,0,0,0,0,0,10000,0,0,0,50000,40000,10000,10000
064756,友達凱基02購02  ,0,0,0,0,0,0,0,0,0,10000,0,0,0,10000,0,10000,10000
064776,金像電群益01購01,0,0,0,0,0,0,0,0,0,10000,0,0,0,10000,0,10000,10000
064851,勤誠元富03購01  ,0,0,0,0,0,0,0,0,0,10000,0,0,0,10000,0,10000,10000
064987,勤誠元大9C購02  ,0,0,0,0,0,0,0,0,0,10000,0,0,0,10000,0,10000,10000
064969,達新元大9C購01  ,0,0,0,0,0,0,0,0,0,10000,0,0,0,10000,0,10000,10000
065039,國巨凱基02購02  ,0,0,0,0,0,0,0,0,0,10000,0,0,0,10000,0,10000,10000
065347,聯發科統一9C購15,0,0,0,0,0,0,0,0,0,10000,0,0,0,10000,0,10000,10000
065379,立積元大01購01  ,0,0,0,0,0,0,0,0,0,10000,0,0,0,10000,0,10000,10000
065299,燿華元富9C購02  ,0,0,0,0,0,0,0,0,0,10000,0,0,0,10000,0,10000,10000
065240,矽創凱基01購01  ,0,0,0,0,0,0,0,0,0,10000,0,0,0,60000,50000,10000,10000
065233,TPK凱基01購01   ,0,0,0,0,0,0,0,0,0,10000,0,0,0,62000,52000,10000,10000
065151,國巨群益9C購13  ,0,0,0,0,0,0,0,0,0,10000,0,0,0,10000,0,10000,10000
064024,漢唐元大9C購01  ,0,0,0,0,0,0,0,0,0,10000,0,0,0,10000,0,10000,10000
064630,巨大元大9C購01  ,0,0,0,0,0,0,0,0,0,10000,0,0,0,110000,100000,10000,10000
064618,南亞科元大9C購04,0,0,0,0,0,0,0,0,0,10000,0,0,0,60000,50000,10000,10000
064638,儒鴻凱基9C購03  ,0,0,0,0,0,0,0,0,0,10000,0,0,0,15000,5000,10000,10000
064623,創意元大9C購04  ,0,0,0,0,0,0,0,0,0,10000,0,0,0,27000,17000,10000,10000
064591,臻鼎永豐9C購01  ,0,0,0,0,0,0,0,0,0,10000,0,0,0,10000,0,10000,10000
064584,英業達永豐9C購01,0,0,0,0,0,0,0,0,0,10000,0,0,0,10000,0,10000,10000
064571,帆宣群益9C購01  ,0,0,0,0,0,0,0,0,0,10000,0,0,0,10000,0,10000,10000
064688,國巨群益9C購11  ,0,0,0,0,0,0,0,0,0,10000,0,0,0,10000,0,10000,10000
064743,聯詠國票01購01  ,0,0,0,0,0,0,0,0,0,10000,0,0,0,19000,9000,10000,10000
063702,聯發科群益9C購04,0,0,0,0,0,0,0,0,0,10000,0,0,0,10000,0,10000,10000
063750,和鑫國票9B購01  ,0,0,0,0,0,0,0,0,0,10000,0,0,0,45000,35000,10000,10000
06380P,臺股指統一98售02,0,0,0,0,0,0,0,0,0,10000,0,0,0,10000,0,10000,10000
063600,燿華凱基9B購04  ,0,0,0,0,0,0,0,0,0,10000,0,0,0,33000,23000,10000,10000
063604,群創凱基01購02  ,0,0,0,0,0,0,0,0,0,10000,0,0,0,10000,0,10000,10000
063569,美食元大9B購03  ,0,0,0,0,0,0,0,0,0,10000,0,0,0,10000,0,10000,10000
064523,聯茂群益9C購01  ,0,0,0,0,0,0,0,0,0,10000,0,0,0,78000,68000,10000,10000
066599,鴻海國泰03購02  ,0,0,0,0,0,0,0,0,0,10000,0,0,0,15000,5000,10000,10000
066608,國巨麥證01購03  ,0,0,0,20000,10000,10000,0,0,0,10000,0,0,0,20000,10000,10000,10000
066609,國巨麥證01購04  ,0,0,0,10000,0,10000,0,0,0,10000,0,0,0,10000,0,10000,10000
066439,信錦群益02購01  ,0,0,0,0,0,0,0,0,0,10000,0,0,0,10000,0,10000,10000
066410,潤泰新凱基01購01,0,0,0,0,0,0,0,0,0,10000,0,0,0,20000,10000,10000,10000
066072,華新科凱基01購03,0,0,0,0,0,0,0,0,0,10000,0,0,0,11000,1000,10000,10000
066190,惠特凱基01購01  ,0,0,0,0,0,0,0,0,0,10000,0,0,0,10000,0,10000,10000
066217,美利達統一03購01,0,0,0,0,0,0,0,0,0,10000,0,0,0,10000,0,10000,10000
065425,國巨凱基01購03  ,0,0,0,0,0,0,0,0,0,10000,0,0,0,12000,2000,10000,10000
065513,旺宏群益9C購05  ,0,0,0,0,0,0,0,0,0,10000,0,0,0,20000,10000,10000,10000
065606,可成元大01購05  ,0,0,0,0,0,0,0,0,0,10000,0,0,0,181000,171000,10000,10000
065686,同欣電統一03購01,0,0,0,0,0,0,0,0,0,10000,0,0,0,12000,2000,10000,10000
065691,國巨群益9C購16  ,0,0,0,0,0,0,0,0,0,10000,0,0,0,56000,46000,10000,10000
065724,國巨凱基9C購11  ,0,0,0,0,0,0,0,0,0,10000,0,0,0,10000,0,10000,10000
065870,正崴群益02購01  ,0,0,0,0,0,0,0,0,0,10000,0,0,0,10000,0,10000,10000
065897,凌華統一03購01  ,0,0,0,0,0,0,0,0,0,10000,0,0,0,20000,10000,10000,10000
065788,緯創永豐9C購02  ,0,0,0,0,0,0,0,0,0,10000,0,0,0,10000,0,10000,10000
06582P,可成凱基98售06  ,0,0,0,0,0,0,0,0,0,10000,0,0,0,10000,0,10000,10000
065805,京鼎群益01購01  ,0,0,0,0,0,0,0,0,0,10000,0,0,0,10000,0,10000,10000
066062,同欣電元大01購02,0,0,0,0,0,0,0,0,0,10000,0,0,0,10000,0,10000,10000
067483,禾伸堂元大01購02,0,0,0,0,0,0,0,0,0,9000,0,0,0,12000,3000,9000,9000
067051,泰鼎凱基02購01  ,0,0,0,0,0,0,0,0,0,9000,0,0,0,9000,0,9000,9000
067034,台郡康和01購01  ,0,0,0,0,0,0,0,0,0,9000,0,0,0,9000,0,9000,9000
066869,聯發科元富07購02,0,0,0,0,0,0,0,0,0,9000,0,0,0,14000,5000,9000,9000
06683P,訊芯元大98售07  ,0,0,0,0,0,0,0,0,0,9000,0,0,0,100000,91000,9000,9000
066795,台積電凱基02購07,0,0,0,0,0,0,0,0,0,9000,0,0,0,10000,1000,9000,9000
1419,新紡            ,27000,18000,9000,0,0,0,0,0,0,0,0,0,0,0,0,0,9000
2022,聚亨            ,102000,93000,9000,0,0,0,0,0,0,0,0,0,0,0,0,0,9000
2228,劍麟            ,68000,58000,10000,0,0,0,0,0,0,-1000,0,0,0,0,1000,-1000,9000
08434P,臺股指凱基03售02,0,0,0,0,0,0,0,0,0,9000,0,0,0,466000,457000,9000,9000
08504P,臺股指國票9C售06,0,0,0,0,0,0,0,0,0,9000,0,0,0,20000,11000,9000,9000
08645P,臺股指中信03售01,0,0,0,0,0,0,0,0,0,9000,0,0,0,25000,16000,9000,9000
042953,鴻海台新01購01  ,0,0,0,0,0,0,0,0,0,9000,0,0,0,10000,1000,9000,9000
045055,聯發科元富98購03,0,0,0,0,0,0,0,0,0,9000,0,0,0,9000,0,9000,9000
052135,聯發科凱基9B購01,0,0,0,0,0,0,0,0,0,9000,0,0,0,9000,0,9000,9000
0053,元大電子        ,0,0,0,0,0,0,0,0,0,9000,0,0,0,14000,5000,9000,9000
054917,聯發科凱基98購05,0,0,0,0,0,0,0,0,0,9000,0,0,0,9000,0,9000,9000
058124,玉晶光國票9A購01,0,0,0,0,0,0,0,0,0,9000,0,0,0,9000,0,9000,9000
055604,訊芯元大98購02  ,0,0,0,0,0,0,0,0,0,9000,0,0,0,9000,0,9000,9000
056136,京鼎元大98購01  ,0,0,0,0,0,0,0,0,0,9000,0,0,0,95000,86000,9000,9000
063113,聯茂兆豐9B購01  ,0,0,0,0,0,0,0,0,0,9000,0,0,0,19000,10000,9000,9000
063403,鈺齊群益9B購01  ,0,0,0,0,0,0,0,0,0,9000,0,0,0,40000,31000,9000,9000
057757,鴻海凱基98購13  ,0,0,0,0,0,0,0,0,0,9000,0,0,0,9000,0,9000,9000
057479,致茂元大98購03  ,0,0,0,0,0,0,0,0,0,9000,0,0,0,10000,1000,9000,9000
057493,聯詠元大98購02  ,0,0,0,0,0,0,0,0,0,9000,0,0,0,9000,0,9000,9000
059787,奇力新元大9A購02,0,0,0,0,0,0,0,0,0,9000,0,0,0,9000,0,9000,9000
059054,國巨凱基99購11  ,0,0,0,0,0,0,0,0,0,9000,0,0,0,22000,13000,9000,9000
059004,嘉晶元大99購05  ,0,0,0,0,0,0,0,0,0,9000,0,0,0,9000,0,9000,9000
059023,可成統一9B購02  ,0,0,0,0,0,0,0,0,0,9000,0,0,0,11000,2000,9000,9000
058947,SGBR2X群益9B購02,0,0,0,0,0,0,0,0,0,9000,0,0,0,10000,1000,9000,9000
058664,百和兆豐99購01  ,0,0,0,0,0,0,0,0,0,9000,0,0,0,10000,1000,9000,9000
058278,FBVIX中信03購02 ,0,0,0,0,0,0,0,0,0,9000,0,0,0,10000,1000,9000,9000
06352P,臺股指富邦99售02,0,0,0,0,0,0,0,0,0,9000,0,0,0,9000,0,9000,9000
063478,GIS元大9B購03   ,0,0,0,0,0,0,0,0,0,9000,0,0,0,65000,56000,9000,9000
063443,金像電統一01購02,0,0,0,0,0,0,0,0,0,9000,0,0,0,35000,26000,9000,9000
062423,聯發科統一9C購07,0,0,0,0,0,0,0,0,0,9000,0,0,0,10000,1000,9000,9000
063305,亞光凱基9B購01  ,0,0,0,0,0,0,0,0,0,9000,0,0,0,9000,0,9000,9000
063292,致新元大9B購02  ,0,0,0,0,0,0,0,0,0,9000,0,0,0,59000,50000,9000,9000
062726,華擎凱基9B購02  ,0,0,0,0,0,0,0,0,0,9000,0,0,0,44000,35000,9000,9000
060468,聯鈞元大9A購02  ,0,0,0,0,0,0,0,0,0,9000,0,0,0,34000,25000,9000,9000
061941,道瓊指群益9B購01,0,0,0,0,0,0,0,0,0,9000,0,0,0,21000,12000,9000,9000
060634,矽創富邦9B購01  ,0,0,0,0,0,0,0,0,0,9000,0,0,0,9000,0,9000,9000
059973,A50正2元大99購02,0,0,0,0,0,0,0,0,0,9000,0,0,0,12000,3000,9000,9000
060169,群電永豐9A購01  ,0,0,0,0,0,0,0,0,0,9000,0,0,0,21000,12000,9000,9000
060105,牧德元大9B購01  ,0,0,0,0,0,0,0,0,0,9000,0,0,0,19000,10000,9000,9000
063887,香港2X中信02購01,0,0,0,0,0,0,0,0,0,9000,0,0,0,53000,44000,9000,9000
064120,鴻海元大9C購07  ,0,0,0,0,0,0,0,0,0,9000,0,0,0,29000,20000,9000,9000
062897,上銀元大9B購06  ,0,0,0,0,0,0,0,0,0,9000,0,0,0,159000,150000,9000,9000
061501,嘉澤國票9A購01  ,0,0,0,0,0,0,0,0,0,9000,0,0,0,9000,0,9000,9000
065781,創意富邦01購01  ,0,0,0,0,0,0,0,0,0,9000,0,0,0,108000,99000,9000,9000
065642,台積電元大9C購13,0,0,0,0,0,0,0,0,0,9000,0,0,0,69000,60000,9000,9000
066137,智易群益01購01  ,0,0,0,0,0,0,0,0,0,9000,0,0,0,49000,40000,9000,9000
066140,鎧勝群益01購01  ,0,0,0,0,0,0,0,0,0,9000,0,0,0,279000,270000,9000,9000
066499,台郡國泰02購01  ,0,0,0,0,0,0,0,0,0,9000,0,0,0,46000,37000,9000,9000
064499,可成元大9C購07  ,0,0,0,0,0,0,0,0,0,9000,0,0,0,13000,4000,9000,9000
064730,超眾統一02購02  ,0,0,0,0,0,0,0,0,0,9000,0,0,0,12000,3000,9000,9000
064574,達方群益01購01  ,0,0,0,0,0,0,0,0,0,9000,0,0,0,41000,32000,9000,9000
065171,燿華元大9C購04  ,0,0,0,0,0,0,0,0,0,9000,0,0,0,71000,62000,9000,9000
064834,大立光統一02購05,0,0,0,0,0,0,0,0,0,9000,0,0,0,9000,0,9000,9000
5234,達興材料        ,42000,29000,13000,0,0,0,0,0,0,-4000,0,4000,-4000,0,0,0,9000
3346,麗清            ,12000,3000,9000,0,0,0,0,0,0,0,0,0,0,0,0,0,9000
3057,喬鼎            ,32000,23000,9000,0,0,0,0,0,0,0,0,0,0,0,0,0,9000
2886,兆豐金          ,4821718,9312000,-4490282,0,0,0,4762000,104000,4658000,-159000,44000,0,44000,0,203000,-203000,8718
07968P,國巨元大9B售09  ,0,0,0,0,0,0,0,0,0,8000,0,0,0,8000,0,8000,8000
07991P,鴻海群益9C售02  ,0,0,0,0,0,0,0,0,0,8000,0,0,0,22000,14000,8000,8000
08273P,國巨元富9C售02  ,0,0,0,0,0,0,0,0,0,8000,0,0,0,8000,0,8000,8000
1626,艾美特-KY       ,9000,30000,-21000,0,0,0,0,0,0,29000,29000,0,29000,0,0,0,8000
08741P,國巨凱基01售05  ,0,0,0,0,0,0,0,0,0,8000,0,0,0,8000,0,8000,8000
08842P,京鼎凱基01售03  ,0,0,0,0,0,0,0,0,0,8000,0,0,0,73000,65000,8000,8000
08790P,聯發科元富01售01,0,0,0,0,0,0,0,0,0,8000,0,0,0,20000,12000,8000,8000
08827P,緯穎元大01售05  ,0,0,0,0,0,0,0,0,0,8000,0,0,0,124000,116000,8000,8000
066962,致新元大01購02  ,0,0,0,0,0,0,0,0,0,8000,0,0,0,100000,92000,8000,8000
067305,國產元大01購02  ,0,0,0,0,0,0,0,0,0,8000,0,0,0,76000,68000,8000,8000
058694,鈺齊國票9A購02  ,0,0,0,0,0,0,0,0,0,8000,0,0,0,8000,0,8000,8000
058371,智原凱基9A購01  ,0,0,0,0,0,0,0,0,0,8000,0,0,0,20000,12000,8000,8000
058348,台表科群益99購01,0,0,0,0,0,0,0,0,0,8000,0,0,0,8000,0,8000,8000
057731,華擎國泰9A購02  ,0,0,0,0,0,0,0,0,0,8000,0,0,0,8000,0,8000,8000
063073,瑞昱永豐9B購01  ,0,0,0,0,0,0,0,0,0,8000,0,0,0,22000,14000,8000,8000
057411,臺股指群益99購05,0,0,0,0,0,0,0,0,0,8000,0,0,0,10000,2000,8000,8000
059181,世紀鋼元富9C購01,0,0,0,0,0,0,0,0,0,8000,0,0,0,220000,212000,8000,8000
057195,南茂元大98購01  ,0,0,0,0,0,0,0,0,0,8000,0,0,0,8000,0,8000,8000
053947,義隆富邦97購01  ,0,0,0,0,0,0,0,0,0,8000,0,0,0,8000,0,8000,8000
03674C,臺股指元富9C牛02,0,0,0,0,0,0,0,0,0,8000,0,0,0,8000,0,8000,8000
054307,高鐵凱基98購01  ,0,0,0,0,0,0,0,0,0,8000,0,0,0,8000,0,8000,8000
061446,鴻海中信04購01  ,0,0,0,0,0,0,0,0,0,8000,0,0,0,11000,3000,8000,8000
063850,玉晶光元大9C購07,0,0,0,0,0,0,0,0,0,8000,0,0,0,8000,0,8000,8000
060191,亞光元富9A購02  ,0,0,0,0,0,0,0,0,0,8000,0,0,0,8000,0,8000,8000
060281,卜蜂元大9C購01  ,0,0,0,0,0,0,0,0,0,8000,0,0,0,8000,0,8000,8000
060295,貿聯元大9A購03  ,0,0,0,0,0,0,0,0,0,8000,0,0,0,8000,0,8000,8000
061063,國巨凱基9A購14  ,0,0,0,0,0,0,0,0,0,8000,0,0,0,17000,9000,8000,8000
061263,微星凱基9A購01  ,0,0,0,0,0,0,0,0,0,8000,0,0,0,10000,2000,8000,8000
061194,聯鈞永豐9A購02  ,0,0,0,0,0,0,0,0,0,8000,0,0,0,8000,0,8000,8000
063315,京元電群益9B購03,0,0,0,0,0,0,0,0,0,8000,0,0,0,148000,140000,8000,8000
061831,智邦凱基9B購02  ,0,0,0,0,0,0,0,0,0,8000,0,0,0,8000,0,8000,8000
064891,台達電群益9C購01,0,0,0,0,0,0,0,0,0,8000,0,0,0,82000,74000,8000,8000
065038,上銀凱基9C購02  ,0,0,0,0,0,0,0,0,0,8000,0,0,0,47000,39000,8000,8000
064963,T50反1元大9C購09,0,0,0,0,0,0,0,0,0,8000,0,0,0,20000,12000,8000,8000
064003,台積電凱基01購03,0,0,0,0,0,0,0,0,0,8000,0,0,0,8000,0,8000,8000
064520,京鼎群益02購01  ,0,0,0,0,0,0,0,0,0,8000,0,0,0,74000,66000,8000,8000
063610,儒鴻群益9B購02  ,0,0,0,0,0,0,0,0,0,8000,0,0,0,38000,30000,8000,8000
063688,建準永豐9B購03  ,0,0,0,0,0,0,0,0,0,8000,0,0,0,77000,69000,8000,8000
066655,上証2X凱基03購03,0,0,0,0,0,0,0,0,0,8000,0,0,0,10000,2000,8000,8000
066160,美利達康和01購01,0,0,0,0,0,0,0,0,0,8000,0,0,0,8000,0,8000,8000
3622,洋華            ,108000,100000,8000,0,0,0,0,0,0,0,0,0,0,0,0,0,8000
6152,百一            ,11000,3000,8000,0,0,0,0,0,0,0,0,0,0,0,0,0,8000
06824P,台灣50國票99售02,0,0,0,0,0,0,0,0,0,7000,0,0,0,7000,0,7000,7000
1108,幸福            ,59000,52000,7000,0,0,0,0,0,0,0,0,0,0,0,0,0,7000
1528,恩德            ,11000,4000,7000,0,0,0,0,0,0,0,0,0,0,0,0,0,7000
08076P,國巨群益9C售05  ,0,0,0,0,0,0,0,0,0,7000,0,0,0,7000,0,7000,7000
08077P,亞德客國票9B售02,0,0,0,0,0,0,0,0,0,7000,0,0,0,20000,13000,7000,7000
08561P,台表科國票01售02,0,0,0,0,0,0,0,0,0,7000,0,0,0,8000,1000,7000,7000
00736,國泰新興市場    ,0,64000,-64000,0,0,0,0,0,0,71000,0,0,0,177000,106000,71000,7000
00733,富邦臺灣中小    ,0,0,0,0,0,0,0,0,0,7000,0,0,0,213000,206000,7000,7000
054756,世紀鋼凱基99購01,0,0,0,0,0,0,0,0,0,7000,0,0,0,22000,15000,7000,7000
056776,聯茂元大99購01  ,0,0,0,0,0,0,0,0,0,7000,0,0,0,8000,1000,7000,7000
056720,世紀鋼永豐98購01,0,0,0,0,0,0,0,0,0,7000,0,0,0,17000,10000,7000,7000
057244,鈺齊凱基99購01  ,0,0,0,0,0,0,0,0,0,7000,0,0,0,7000,0,7000,7000
055623,貿聯國泰99購01  ,0,0,0,0,0,0,0,0,0,7000,0,0,0,61000,54000,7000,7000
063027,台汽電元大9B購01,0,0,0,0,0,0,0,0,0,7000,0,0,0,20000,13000,7000,7000
058521,日月光元大99購01,0,0,0,0,0,0,0,0,0,7000,0,0,0,68000,61000,7000,7000
058861,國巨凱基9A購08  ,0,0,0,0,0,0,0,0,0,7000,0,0,0,14000,7000,7000,7000
059113,群光永豐99購01  ,0,0,0,0,0,0,0,0,0,7000,0,0,0,27000,20000,7000,7000
059901,滬深2X元大9C購07,0,0,0,0,0,0,0,0,0,7000,0,0,0,11000,4000,7000,7000
059568,台積電凱基9A購13,0,0,0,0,0,0,0,0,0,7000,0,0,0,7000,0,7000,7000
063322,台郡群益9B購02  ,0,0,0,0,0,0,0,0,0,7000,0,0,0,103000,96000,7000,7000
061798,晶豪科永豐9B購01,0,0,0,0,0,0,0,0,0,7000,0,0,0,107000,100000,7000,7000
063500,嘉晶永豐9B購02  ,0,0,0,0,0,0,0,0,0,7000,0,0,0,10000,3000,7000,7000
062094,台積電富邦9C購12,0,0,0,0,0,0,0,0,0,7000,0,0,0,7000,0,7000,7000
061646,力成元大9A購02  ,0,0,0,0,0,0,0,0,0,7000,0,0,0,10000,3000,7000,7000
062793,鴻海統一9B購06  ,0,0,0,0,0,0,0,0,0,7000,0,0,0,7000,0,7000,7000
062475,道瓊反國票9B購02,0,0,0,0,0,0,0,0,0,7000,0,0,0,7000,0,7000,7000
062520,晶豪科元大9B購02,0,0,0,0,0,0,0,0,0,7000,0,0,0,9000,2000,7000,7000
060337,FBVIX統一9A購01 ,0,0,0,0,0,0,0,0,0,7000,0,0,0,21000,14000,7000,7000
060202,康友元富9A購01  ,0,0,0,0,0,0,0,0,0,7000,0,0,0,20000,13000,7000,7000
060370,滬深2X元富04購01,0,0,0,0,0,0,0,0,0,7000,0,0,0,59000,52000,7000,7000
060159,健和興永豐9A購01,0,0,0,0,0,0,0,0,0,7000,0,0,0,10000,3000,7000,7000
060114,緯穎元大99購10  ,0,0,0,0,0,0,0,0,0,7000,0,0,0,10000,3000,7000,7000
064344,緯創元大9C購01  ,0,0,0,0,0,0,0,0,0,7000,0,0,0,13000,6000,7000,7000
066130,燿華群益01購03  ,0,0,0,0,0,0,0,0,0,7000,0,0,0,17000,10000,7000,7000
065498,台積電富邦04購02,0,0,0,0,0,0,0,0,0,7000,0,0,0,115000,108000,7000,7000
066035,南電群益01購01  ,0,0,0,0,0,0,0,0,0,7000,0,0,0,21000,14000,7000,7000
065011,智邦國泰02購01  ,0,0,0,0,0,0,0,0,0,7000,0,0,0,120000,113000,7000,7000
064872,南電永豐9C購02  ,0,0,0,0,0,0,0,0,0,7000,0,0,0,7000,0,7000,7000
065086,可成元大01購04  ,0,0,0,0,0,0,0,0,0,7000,0,0,0,36000,29000,7000,7000
065405,華新科富邦03購01,0,0,0,0,0,0,0,0,0,7000,0,0,0,7000,0,7000,7000
6139,亞翔            ,410000,403000,7000,0,0,0,0,0,0,0,0,0,0,0,0,0,7000
6449,鈺邦            ,10000,4000,6000,0,0,0,0,0,0,1000,1000,0,1000,0,0,0,7000
3028,增你強          ,13000,6000,7000,0,0,0,0,0,0,0,0,0,0,0,0,0,7000
6415,矽力-KY         ,418593,408260,10333,0,0,0,0,16000,-16000,12000,17000,4000,13000,0,1000,-1000,6333
2207,和泰車          ,155143,147000,8143,0,0,0,0,2000,-2000,0,0,0,0,0,0,0,6143
1454,台富            ,9000,3000,6000,0,0,0,0,0,0,0,0,0,0,0,0,0,6000
08833P,緯穎群益01售03  ,1000,0,1000,0,0,0,0,0,0,5000,0,0,0,48000,43000,5000,6000
08611P,聯發科凱基01售08,0,0,0,0,0,0,0,0,0,6000,0,0,0,138000,132000,6000,6000
08397P,國巨元富9C售04  ,0,0,0,0,0,0,0,0,0,6000,0,0,0,6000,0,6000,6000
08065P,瑞昱凱基9B售03  ,0,0,0,0,0,0,0,0,0,6000,0,0,0,6000,0,6000,6000
08035P,國巨群益9C售04  ,0,0,0,0,0,0,0,0,0,6000,0,0,0,6000,0,6000,6000
067383,樺漢統一03購02  ,0,0,0,0,0,0,0,0,0,6000,0,0,0,11000,5000,6000,6000
07760P,力山永豐9A售03  ,0,0,0,0,0,0,0,0,0,6000,0,0,0,12000,6000,6000,6000
059866,國巨凱基99購18  ,0,0,0,0,0,0,0,0,0,6000,0,0,0,10000,4000,6000,6000
059819,台積電凱基99購17,0,0,0,0,0,0,0,0,0,6000,0,0,0,6000,0,6000,6000
059146,貿聯國票9A購02  ,0,0,0,0,0,0,0,0,0,6000,0,0,0,10000,4000,6000,6000
058333,鴻海元富99購04  ,0,0,0,0,0,0,0,0,0,6000,0,0,0,6000,0,6000,6000
057739,新日興富邦9B購01,0,0,0,0,0,0,0,0,0,6000,0,0,0,56000,50000,6000,6000
063240,聯發科元大9B購17,0,0,0,0,0,0,0,0,0,6000,0,0,0,8000,2000,6000,6000
055594,華新科元大98購02,0,0,0,0,0,0,0,0,0,6000,0,0,0,6000,0,6000,6000
059251,大立光凱基9A購04,0,0,0,0,0,0,0,0,0,6000,0,0,0,17000,11000,6000,6000
056843,冠德元富98購01  ,0,0,0,0,0,0,0,0,0,6000,0,0,0,6000,0,6000,6000
055449,超眾統一9A購01  ,0,0,0,0,0,0,0,0,0,6000,0,0,0,6000,0,6000,6000
055797,華通富邦98購01  ,0,0,0,0,0,0,0,0,0,6000,0,0,0,6000,0,6000,6000
055532,中工群益98購01  ,0,0,0,0,0,0,0,0,0,6000,0,0,0,6000,0,6000,6000
055262,台虹國泰98購01  ,0,0,0,0,0,0,0,0,0,6000,0,0,0,6000,0,6000,6000
053297,鎧勝中信98購01  ,0,0,0,0,0,0,0,0,0,6000,0,0,0,40000,34000,6000,6000
053181,滬深2X元富99購02,0,0,0,0,0,0,0,0,0,6000,0,0,0,39000,33000,6000,6000
057023,美律凱基99購02  ,0,0,0,0,0,0,0,0,0,6000,0,0,0,156000,150000,6000,6000
048105,滬深2X群益99購02,0,0,0,0,0,0,0,0,0,6000,0,0,0,26000,20000,6000,6000
062849,中興電永豐9B購02,0,0,0,0,0,0,0,0,0,6000,0,0,0,14000,8000,6000,6000
063830,智伸科國票01購01,0,0,0,0,0,0,0,0,0,6000,0,0,0,9000,3000,6000,6000
064140,台達電統一01購01,0,0,0,0,0,0,0,0,0,6000,0,0,0,14000,8000,6000,6000
064103,大立光群益9C購03,0,0,0,0,0,0,0,0,0,6000,0,0,0,6000,0,6000,6000
060084,聯電元大99購02  ,0,0,0,0,0,0,0,0,0,6000,0,0,0,6000,0,6000,6000
060433,億豐永豐9A購01  ,0,0,0,0,0,0,0,0,0,6000,0,0,0,6000,0,6000,6000
062342,上証2X群益01購03,0,0,0,0,0,0,0,0,0,6000,0,0,0,6000,0,6000,6000
061710,國巨凱基9A購18  ,0,0,0,0,0,0,0,0,0,6000,0,0,0,17000,11000,6000,6000
062148,奇鋐國票9B購01  ,0,0,0,0,0,0,0,0,0,6000,0,0,0,8000,2000,6000,6000
063560,力山元大9B購05  ,0,0,0,0,0,0,0,0,0,6000,0,0,0,12000,6000,6000,6000
065419,立積國票01購03  ,0,0,0,0,0,0,0,0,0,6000,0,0,0,6000,0,6000,6000
065304,台勝科元富03購01,0,0,0,0,0,0,0,0,0,6000,0,0,0,6000,0,6000,6000
065197,景碩元富06購01  ,0,0,0,0,0,0,0,0,0,6000,0,0,0,6000,0,6000,6000
064835,嘉晶統一02購01  ,0,0,0,0,0,0,0,0,0,6000,0,0,0,6000,0,6000,6000
064846,旺宏元富03購01  ,0,0,0,0,0,0,0,0,0,6000,0,0,0,21000,15000,6000,6000
064736,超眾元富9C購04  ,0,0,0,0,0,0,0,0,0,6000,0,0,0,6000,0,6000,6000
063740,矽格元大9B購03  ,0,0,0,0,0,0,0,0,0,6000,0,0,0,10000,4000,6000,6000
064030,泰碩元大01購01  ,0,0,0,0,0,0,0,0,0,6000,0,0,0,69000,63000,6000,6000
063983,麗豐兆豐9C購01  ,0,0,0,0,0,0,0,0,0,6000,0,0,0,62000,56000,6000,6000
065926,金像電國票02購01,0,0,0,0,0,0,0,0,0,6000,0,0,0,88000,82000,6000,6000
065678,聯發科統一01購07,0,0,0,0,0,0,0,0,0,6000,0,0,0,60000,54000,6000,6000
066267,強茂元大01購02  ,0,0,0,0,0,0,0,0,0,6000,0,0,0,20000,14000,6000,6000
066236,潤泰全富邦01購01,0,0,0,0,0,0,0,0,0,6000,0,0,0,104000,98000,6000,6000
066452,晶碩群益01購01  ,0,0,0,0,0,0,0,0,0,6000,0,0,0,25000,19000,6000,6000
6177,達麗            ,177000,171000,6000,0,0,0,0,0,0,0,1000,1000,0,0,0,0,6000
3021,鴻名            ,3000,0,3000,0,0,0,0,0,0,3000,3000,0,3000,0,0,0,6000
07558P,玉晶光元大9A售10,0,0,0,0,0,0,0,0,0,5000,0,0,0,5000,0,5000,5000
07504P,聯詠元大9A售02  ,0,0,0,0,0,0,0,0,0,5000,0,0,0,10000,5000,5000,5000
07630P,臺股指凱基9A售11,0,0,0,0,0,0,0,0,0,5000,0,0,0,15000,10000,5000,5000
07328P,FBVIX國泰9B售01 ,0,0,0,0,0,0,0,0,0,5000,0,0,0,5000,0,5000,5000
07058P,台積電凱基9A售07,0,0,0,0,0,0,0,0,0,5000,0,0,0,5000,0,5000,5000
07081P,南電群益9A售01  ,0,0,0,0,0,0,0,0,0,5000,0,0,0,15000,10000,5000,5000
067420,國巨凱基02購03  ,0,0,0,0,0,0,0,0,0,5000,0,0,0,11000,6000,5000,5000
06990P,康友元富99售03  ,0,0,0,0,0,0,0,0,0,5000,0,0,0,5000,0,5000,5000
06993P,鴻海凱基99售05  ,0,0,0,0,0,0,0,0,0,5000,0,0,0,5000,0,5000,5000
067204,國巨元大02購02  ,0,0,0,0,0,0,0,0,0,5000,0,0,0,5000,0,5000,5000
067260,台郡國票02購02  ,0,0,0,0,0,0,0,0,0,5000,0,0,0,35000,30000,5000,5000
06700P,臺股指統一99售05,0,0,0,0,0,0,0,0,0,5000,0,0,0,5000,0,5000,5000
067050,京鼎凱基03購01  ,0,0,0,0,0,0,0,0,0,5000,0,0,0,5000,0,5000,5000
08028P,臺股指元大9B售30,0,0,0,0,0,0,0,0,0,5000,0,0,0,5000,0,5000,5000
07975P,國巨元大9B售15  ,0,0,0,0,0,0,0,0,0,5000,0,0,0,5000,0,5000,5000
08382P,國巨群益01售02  ,0,0,0,0,0,0,0,0,0,5000,0,0,0,5000,0,5000,5000
08671P,友訊國票01售01  ,0,0,0,0,0,0,0,0,0,5000,0,0,0,151000,146000,5000,5000
08830P,A50正2群益01售05,0,0,0,0,0,0,0,0,0,5000,0,0,0,5000,0,5000,5000
08844P,滬深2X元大03售03,0,0,0,0,0,0,0,0,0,5000,0,0,0,15000,10000,5000,5000
08791P,滬深2X中信03售01,0,0,0,0,0,0,0,0,0,5000,0,0,0,5000,0,5000,5000
1432,大魯閣          ,12000,7000,5000,0,0,0,0,0,0,0,0,0,0,0,0,0,5000
1906,寶隆            ,27000,22000,5000,0,0,0,0,0,0,0,0,0,0,0,0,0,5000
1614,三洋電          ,32000,27000,5000,0,0,0,0,0,0,0,0,0,0,0,0,0,5000
2497,怡利電          ,7000,2000,5000,0,0,0,0,0,0,0,0,0,0,0,0,0,5000
03686C,臺股指元大04牛05,0,0,0,0,0,0,0,0,0,5000,0,0,0,5000,0,5000,5000
054325,奇力新台新97購03,0,0,0,0,0,0,0,0,0,5000,0,0,0,5000,0,5000,5000
03039X,元展36          ,0,0,0,0,0,0,0,0,0,5000,0,0,0,5000,0,5000,5000
00763U,街口道瓊銅      ,0,0,0,0,0,0,0,0,0,5000,0,0,0,16000,11000,5000,5000
020011,統一微波高息20N ,0,0,0,0,0,0,0,0,0,5000,0,0,0,25000,20000,5000,5000
055029,帆宣國泰99購01  ,0,0,0,0,0,0,0,0,0,5000,0,0,0,10000,5000,5000,5000
056217,A50正2中信99購02,0,0,0,0,0,0,0,0,0,5000,0,0,0,30000,25000,5000,5000
056351,鴻海元大98購06  ,0,0,0,0,0,0,0,0,0,5000,0,0,0,5000,0,5000,5000
056432,鴻海凱基98購08  ,0,0,0,0,0,0,0,0,0,5000,0,0,0,20000,15000,5000,5000
052313,聯電元大98購01  ,0,0,0,0,0,0,0,0,0,5000,0,0,0,76000,71000,5000,5000
053396,漢唐中信9A購01  ,0,0,0,0,0,0,0,0,0,5000,0,0,0,10000,5000,5000,5000
053528,南電中信9A購01  ,0,0,0,0,0,0,0,0,0,5000,0,0,0,5000,0,5000,5000
054884,友達統一99購01  ,0,0,0,0,0,0,0,0,0,5000,0,0,0,5000,0,5000,5000
054821,貿聯元大9A購01  ,0,0,0,0,0,0,0,0,0,5000,0,0,0,5000,0,5000,5000
056954,聯詠富邦9A購01  ,0,0,0,0,0,0,0,0,0,5000,0,0,0,5000,0,5000,5000
056498,A50正2富邦9B購01,0,0,0,0,0,0,0,0,0,5000,0,0,0,10000,5000,5000,5000
056542,緯創凱基98購01  ,0,0,0,0,0,0,0,0,0,5000,0,0,0,5000,0,5000,5000
059198,華新科永豐99購06,0,0,0,0,0,0,0,0,0,5000,0,0,0,5000,0,5000,5000
059401,牧德元富99購01  ,0,0,0,0,0,0,0,0,0,5000,0,0,0,5000,0,5000,5000
057425,臺股指凱基9C購02,0,0,0,0,0,0,0,0,0,5000,0,0,0,5000,0,5000,5000
055942,臺股指群益9C購01,0,0,0,0,0,0,0,0,0,5000,0,0,0,5000,0,5000,5000
058155,牧德統一9A購01  ,0,0,0,0,0,0,0,0,0,5000,0,0,0,5000,0,5000,5000
058628,宏達電國票9A購01,0,0,0,0,0,0,0,0,0,5000,0,0,0,5000,0,5000,5000
058587,台積電中信9C購03,0,0,0,0,0,0,0,0,0,5000,0,0,0,25000,20000,5000,5000
058485,智邦國票9A購01  ,0,0,0,0,0,0,0,0,0,5000,0,0,0,13000,8000,5000,5000
057578,可成中信99購01  ,0,0,0,0,0,0,0,0,0,5000,0,0,0,150000,145000,5000,5000
058812,台積電統一9B購06,0,0,0,0,0,0,0,0,0,5000,0,0,0,5000,0,5000,5000
059163,台積電凱基99購10,0,0,0,0,0,0,0,0,0,5000,0,0,0,5000,0,5000,5000
059051,和大凱基9A購01  ,0,0,0,0,0,0,0,0,0,5000,0,0,0,5000,0,5000,5000
059066,道瓊指國票04購01,0,0,0,0,0,0,0,0,0,5000,0,0,0,5000,0,5000,5000
058910,泰鼎元大99購03  ,0,0,0,0,0,0,0,0,0,5000,0,0,0,5000,0,5000,5000
058899,旺宏元大99購10  ,0,0,0,0,0,0,0,0,0,5000,0,0,0,225000,220000,5000,5000
059644,茂林凱基99購03  ,0,0,0,0,0,0,0,0,0,5000,0,0,0,15000,10000,5000,5000
063554,GIS國票9C購03   ,0,0,0,0,0,0,0,0,0,5000,0,0,0,5000,0,5000,5000
063539,世紀鋼統一9B購02,0,0,0,0,0,0,0,0,0,5000,0,0,0,130000,125000,5000,5000
062122,國巨統一02購01  ,0,0,0,0,0,0,0,0,0,5000,0,0,0,5000,0,5000,5000
061635,台積電元大9A購34,0,0,0,0,0,0,0,0,0,5000,0,0,0,5000,0,5000,5000
062391,台達電富邦9C購01,0,0,0,0,0,0,0,0,0,5000,0,0,0,10000,5000,5000,5000
061911,台積電中信05購04,0,0,0,0,0,0,0,0,0,5000,0,0,0,5000,0,5000,5000
060610,玉晶光凱基9B購02,0,0,0,0,0,0,0,0,0,5000,0,0,0,5000,0,5000,5000
060389,世紀鋼凱基9B購02,0,0,0,0,0,0,0,0,0,5000,0,0,0,5000,0,5000,5000
060302,台積電富邦02購01,0,0,0,0,0,0,0,0,0,5000,0,0,0,5000,0,5000,5000
060043,全新群益9B購02  ,0,0,0,0,0,0,0,0,0,5000,0,0,0,5000,0,5000,5000
060122,亞德客永豐99購02,0,0,0,0,0,0,0,0,0,5000,0,0,0,5000,0,5000,5000
061334,華通元大9A購09  ,0,0,0,0,0,0,0,0,0,5000,0,0,0,5000,0,5000,5000
061311,元黃金凱基9A購03,0,0,0,0,0,0,0,0,0,5000,0,0,0,5000,0,5000,5000
060860,國巨永豐9A購02  ,0,0,0,0,0,0,0,0,0,5000,0,0,0,5000,0,5000,5000
064402,宏碁凱基01購01  ,0,0,0,0,0,0,0,0,0,5000,0,0,0,108000,103000,5000,5000
064165,同欣電統一01購01,0,0,0,0,0,0,0,0,0,5000,0,0,0,29000,24000,5000,5000
064169,南電統一9C購01  ,0,0,0,0,0,0,0,0,0,5000,0,0,0,5000,0,5000,5000
06428P,國巨元大97售17  ,0,0,0,0,0,0,0,0,0,5000,0,0,0,5000,0,5000,5000
062860,華擎國票9B購02  ,0,0,0,0,0,0,0,0,0,5000,0,0,0,5000,0,5000,5000
061380,巨大永豐9A購02  ,0,0,0,0,0,0,0,0,0,5000,0,0,0,5000,0,5000,5000
061406,華通國票9A購06  ,0,0,0,0,0,0,0,0,0,5000,0,0,0,5000,0,5000,5000
061445,道瓊指中信9A購01,0,0,0,0,0,0,0,0,0,5000,0,0,0,5000,0,5000,5000
066547,台積電元大01購14,0,0,0,0,0,0,0,0,0,5000,0,0,0,5000,0,5000,5000
066186,台郡凱基02購01  ,0,0,0,0,0,0,0,0,0,5000,0,0,0,5000,0,5000,5000
065718,健策中信9C購02  ,0,0,0,0,0,0,0,0,0,5000,0,0,0,25000,20000,5000,5000
065633,聯發科國票01購02,0,0,0,0,0,0,0,0,0,5000,0,0,0,6000,1000,5000,5000
065992,立積永豐01購01  ,0,0,0,0,0,0,0,0,0,5000,0,0,0,5000,0,5000,5000
064009,超眾凱基01購01  ,0,0,0,0,0,0,0,0,0,5000,0,0,0,32000,27000,5000,5000
064649,同欣電凱基01購01,0,0,0,0,0,0,0,0,0,5000,0,0,0,5000,0,5000,5000
064679,晶技兆豐9C購01  ,0,0,0,0,0,0,0,0,0,5000,0,0,0,53000,48000,5000,5000
063772,智邦富邦9B購02  ,0,0,0,0,0,0,0,0,0,5000,0,0,0,96000,91000,5000,5000
063689,可成永豐9B購04  ,0,0,0,0,0,0,0,0,0,5000,0,0,0,63000,58000,5000,5000
064532,聯茂兆豐01購01  ,0,0,0,0,0,0,0,0,0,5000,0,0,0,5000,0,5000,5000
064455,美食統一01購03  ,0,0,0,0,0,0,0,0,0,5000,0,0,0,5000,0,5000,5000
064802,台積電元大01購04,0,0,0,0,0,0,0,0,0,5000,0,0,0,5000,0,5000,5000
064852,智邦台新9C購04  ,0,0,0,0,0,0,0,0,0,5000,0,0,0,5000,0,5000,5000
06510P,燿華永豐98售03  ,0,0,0,0,0,0,0,0,0,5000,0,0,0,5000,0,5000,5000
065385,億豐元大03購01  ,0,0,0,0,0,0,0,0,0,5000,0,0,0,20000,15000,5000,5000
3022,威強電          ,28000,23000,5000,0,0,0,0,0,0,0,0,0,0,0,0,0,5000
3130,一零四          ,5000,0,5000,0,0,0,0,0,0,0,0,0,0,0,0,0,5000
4555,氣立            ,13000,8000,5000,0,0,0,0,0,0,0,0,0,0,0,0,0,5000
3679,新至陞          ,14000,9000,5000,0,0,0,0,0,0,0,0,0,0,0,0,0,5000
2397,友通            ,20000,16000,4000,0,0,0,0,0,0,0,0,0,0,0,0,0,4000
08674P,嘉晶元富07售02  ,0,0,0,0,0,0,0,0,0,4000,0,0,0,4000,0,4000,4000
08603P,電子類元大9C售02,0,0,0,0,0,0,0,0,0,4000,0,0,0,4000,0,4000,4000
08512P,玉晶光永豐9C售06,0,0,0,0,0,0,0,0,0,4000,0,0,0,4000,0,4000,4000
08324P,大立光凱基9C售05,0,0,0,0,0,0,0,0,0,4000,0,0,0,4000,0,4000,4000
08215P,旺宏群益9B售04  ,0,0,0,0,0,0,0,0,0,4000,0,0,0,50000,46000,4000,4000
067265,巨大國票02購01  ,0,0,0,0,0,0,0,0,0,4000,0,0,0,19000,15000,4000,4000
067217,康控元大01購02  ,0,0,0,0,0,0,0,0,0,4000,0,0,0,6000,2000,4000,4000
067197,上証2X元大01購05,0,0,0,0,0,0,0,0,0,4000,0,0,0,4000,0,4000,4000
066766,嘉澤永豐01購01  ,0,0,0,0,0,0,0,0,0,4000,0,0,0,4000,0,4000,4000
066768,瀚宇博永豐01購01,0,0,0,0,0,0,0,0,0,4000,0,0,0,14000,10000,4000,4000
066725,華通元大01購05  ,0,0,0,0,0,0,0,0,0,4000,0,0,0,73000,69000,4000,4000
067445,台積電國票01購06,0,0,0,0,0,0,0,0,0,4000,0,0,0,4000,0,4000,4000
07242P,台灣50凱基9A售03,0,0,0,0,0,0,0,0,0,4000,0,0,0,4000,0,4000,4000
07578P,高鐵元大9A售02  ,0,0,0,0,0,0,0,0,0,4000,0,0,0,4000,0,4000,4000
059758,滬深2X永豐99購05,0,0,0,0,0,0,0,0,0,4000,0,0,0,4000,0,4000,4000
059759,A50正2永豐99購02,0,0,0,0,0,0,0,0,0,4000,0,0,0,4000,0,4000,4000
058406,聯茂元大99購06  ,0,0,0,0,0,0,0,0,0,4000,0,0,0,92000,88000,4000,4000
057772,台積電群益99購01,0,0,0,0,0,0,0,0,0,4000,0,0,0,4000,0,4000,4000
057682,台積電日盛9A購03,0,0,0,0,0,0,0,0,0,4000,0,0,0,4000,0,4000,4000
063207,聯茂統一01購01  ,0,0,0,0,0,0,0,0,0,4000,0,0,0,4000,0,4000,4000
063100,聚陽群益9C購02  ,0,0,0,0,0,0,0,0,0,4000,0,0,0,6000,2000,4000,4000
058116,正崴中信99購02  ,0,0,0,0,0,0,0,0,0,4000,0,0,0,24000,20000,4000,4000
055703,緯穎富邦98購01  ,0,0,0,0,0,0,0,0,0,4000,0,0,0,4000,0,4000,4000
055653,聯詠元富01購02  ,0,0,0,0,0,0,0,0,0,4000,0,0,0,17000,13000,4000,4000
059240,台積電凱基9A購09,0,0,0,0,0,0,0,0,0,4000,0,0,0,4000,0,4000,4000
057183,玉晶光元大99購07,0,0,0,0,0,0,0,0,0,4000,0,0,0,4000,0,4000,4000
053400,緯穎中信9A購01  ,0,0,0,0,0,0,0,0,0,4000,0,0,0,4000,0,4000,4000
056471,台光電元大99購01,0,0,0,0,0,0,0,0,0,4000,0,0,0,10000,6000,4000,4000
00742,新光內需收益    ,0,0,0,0,0,0,0,0,0,4000,250000,250000,0,447000,443000,4000,4000
042793,台積電台新9C購01,0,0,0,0,0,0,0,0,0,4000,0,0,0,4000,0,4000,4000
061421,台積電元大9A購29,0,0,0,0,0,0,0,0,0,4000,0,0,0,63000,59000,4000,4000
062872,華通兆豐9C購01  ,0,0,0,0,0,0,0,0,0,4000,0,0,0,214000,210000,4000,4000
064244,GIS統一02購01   ,0,0,0,0,0,0,0,0,0,4000,0,0,0,95000,91000,4000,4000
064058,儒鴻麥證01購01  ,0,0,0,14000,5000,9000,0,0,0,4000,0,0,0,19000,15000,4000,4000
060956,超眾群益9A購01  ,0,0,0,0,0,0,0,0,0,4000,0,0,0,4000,0,4000,4000
061363,儒鴻國票9B購01  ,0,0,0,0,0,0,0,0,0,4000,0,0,0,39000,35000,4000,4000
061110,超眾元大9A購03  ,0,0,0,0,0,0,0,0,0,4000,0,0,0,79000,75000,4000,4000
060144,全新國票9B購01  ,0,0,0,0,0,0,0,0,0,4000,0,0,0,4000,0,4000,4000
060032,利勤永豐99購01  ,0,0,0,0,0,0,0,0,0,4000,0,0,0,17000,13000,4000,4000
060015,國巨康和99購03  ,0,0,0,0,0,0,0,0,0,4000,0,0,0,19000,15000,4000,4000
06037P,超眾國票98售02  ,0,0,0,0,0,0,0,0,0,4000,0,0,0,10000,6000,4000,4000
060369,滬深2X元富01購01,0,0,0,0,0,0,0,0,0,4000,0,0,0,4000,0,4000,4000
060414,中興電永豐9A購01,0,0,0,0,0,0,0,0,0,4000,0,0,0,4000,0,4000,4000
060423,智易永豐9A購01  ,0,0,0,0,0,0,0,0,0,4000,0,0,0,10000,6000,4000,4000
061940,世紀鋼國票9C購01,0,0,0,0,0,0,0,0,0,4000,0,0,0,66000,62000,4000,4000
060485,華新科富邦9C購04,0,0,0,0,0,0,0,0,0,4000,0,0,0,4000,0,4000,4000
061226,台積電中信9A購05,0,0,0,0,0,0,0,0,0,4000,0,0,0,4000,0,4000,4000
062669,微星中信03購01  ,0,0,0,0,0,0,0,0,0,4000,0,0,0,22000,18000,4000,4000
062650,南電富邦01購01  ,0,0,0,0,0,0,0,0,0,4000,0,0,0,14000,10000,4000,4000
062401,信邦永豐9B購01  ,0,0,0,0,0,0,0,0,0,4000,0,0,0,199000,195000,4000,4000
062942,嘉澤凱基9B購02  ,0,0,0,0,0,0,0,0,0,4000,0,0,0,4000,0,4000,4000
062150,南六國票9B購01  ,0,0,0,0,0,0,0,0,0,4000,0,0,0,38000,34000,4000,4000
063498,金像電永豐9B購02,0,0,0,0,0,0,0,0,0,4000,0,0,0,92000,88000,4000,4000
062021,康控永豐9B購01  ,0,0,0,0,0,0,0,0,0,4000,0,0,0,8000,4000,4000,4000
064857,T50反1富邦01購02,0,0,0,0,0,0,0,0,0,4000,0,0,0,4000,0,4000,4000
064860,聯發科富邦03購01,0,0,0,0,0,0,0,0,0,4000,0,0,0,6000,2000,4000,4000
064903,新唐群益9C購01  ,0,0,0,0,0,0,0,0,0,4000,0,0,0,44000,40000,4000,4000
063579,GIS元大9C購01   ,0,0,0,0,0,0,0,0,0,4000,0,0,0,15000,11000,4000,4000
064740,台光電國票01購01,0,0,0,0,0,0,0,0,0,4000,0,0,0,56000,52000,4000,4000
065958,T50反1元大01購01,0,0,0,0,0,0,0,0,0,4000,0,0,0,5000,1000,4000,4000
065797,臺指反群益9C購02,0,0,0,0,0,0,0,0,0,4000,0,0,0,4000,0,4000,4000
065660,晶豪科永豐9C購01,0,0,0,0,0,0,0,0,0,4000,0,0,0,4000,0,4000,4000
065560,同欣電麥證9C購02,0,0,0,4000,0,4000,0,0,0,4000,0,0,0,4000,0,4000,4000
066352,晶碩永豐01購01  ,0,0,0,0,0,0,0,0,0,4000,0,0,0,16000,12000,4000,4000
2722,夏都            ,22000,18000,4000,0,0,0,0,0,0,0,0,0,0,0,0,0,4000
4989,榮科            ,7000,3000,4000,0,0,0,0,0,0,0,0,0,0,0,0,0,4000
07469P,台達電元大9A售01,0,0,0,0,0,0,0,0,0,3000,0,0,0,3000,0,3000,3000
07141P,台灣50國票9A售03,0,0,0,0,0,0,0,0,0,3000,0,0,0,3000,0,3000,3000
07162P,臺股指群益99售13,0,0,0,0,0,0,0,0,0,3000,0,0,0,3000,0,3000,3000
06693P,臺股指凱基98售01,0,0,0,0,0,0,0,0,0,3000,0,0,0,3000,0,3000,3000
067014,聯發科富邦03購05,0,0,0,0,0,0,0,0,0,3000,0,0,0,3000,0,3000,3000
067096,滬深2X群益01購06,0,0,0,0,0,0,0,0,0,3000,0,0,0,5000,2000,3000,3000
08018P,牧德國票9B售04  ,0,0,0,0,0,0,0,0,0,3000,0,0,0,36000,33000,3000,3000
08096P,大立光元富9B售04,0,0,0,0,0,0,0,0,0,3000,0,0,0,47000,44000,3000,3000
08445P,臺股指麥證9C售03,0,0,0,3000,0,3000,0,0,0,3000,0,0,0,3000,0,3000,3000
08407P,臺股指元大9C售13,0,0,0,0,0,0,0,0,0,3000,0,0,0,3000,0,3000,3000
1535,中宇            ,5000,2000,3000,0,0,0,0,0,0,0,0,0,0,0,0,0,3000
2314,台揚            ,354000,351000,3000,0,0,0,0,0,0,0,0,0,0,0,0,0,3000
1459,聯發            ,3000,0,3000,0,0,0,0,0,0,0,0,0,0,0,0,0,3000
08813P,聯發科群益01售02,0,0,0,0,0,0,0,0,0,3000,0,0,0,4000,1000,3000,3000
08727P,健策群益01售07  ,0,0,0,0,0,0,0,0,0,3000,0,0,0,14000,11000,3000,3000
03453B,臺股指元大02熊02,0,0,0,0,0,0,0,0,0,3000,0,0,0,8000,5000,3000,3000
056314,力成元大97購01  ,0,0,0,0,0,0,0,0,0,3000,0,0,0,3000,0,3000,3000
056242,緯創群益9A購01  ,0,0,0,0,0,0,0,0,0,3000,0,0,0,3000,0,3000,3000
057043,台積電元大99購02,0,0,0,0,0,0,0,0,0,3000,0,0,0,3000,0,3000,3000
054769,創意國票98購01  ,0,0,0,0,0,0,0,0,0,3000,0,0,0,6000,3000,3000,3000
057161,亞德客元大98購02,0,0,0,0,0,0,0,0,0,3000,0,0,0,43000,40000,3000,3000
057149,京鼎國票99購02  ,0,0,0,0,0,0,0,0,0,3000,0,0,0,3000,0,3000,3000
056752,國巨兆豐98購02  ,0,0,0,0,0,0,0,0,0,3000,0,0,0,3000,0,3000,3000
055842,建準元大98購01  ,0,0,0,0,0,0,0,0,0,3000,0,0,0,13000,10000,3000,3000
056883,美食康和98購01  ,0,0,0,0,0,0,0,0,0,3000,0,0,0,3000,0,3000,3000
057320,玉晶光凱基98購01,0,0,0,0,0,0,0,0,0,3000,0,0,0,44000,41000,3000,3000
059209,華通元大99購08  ,0,0,0,0,0,0,0,0,0,3000,0,0,0,3000,0,3000,3000
059288,旺宏元富99購03  ,0,0,0,0,0,0,0,0,0,3000,0,0,0,5000,2000,3000,3000
059372,台灣50群益99購02,0,0,0,0,0,0,0,0,0,3000,0,0,0,3000,0,3000,3000
059312,元石油元大99購05,0,0,0,0,0,0,0,0,0,3000,0,0,0,3000,0,3000,3000
059334,A50正2國票9A購02,0,0,0,0,0,0,0,0,0,3000,0,0,0,12000,9000,3000,3000
059529,華新科凱基9A購04,0,0,0,0,0,0,0,0,0,3000,0,0,0,28000,25000,3000,3000
059506,滬深2X永豐99購04,0,0,0,0,0,0,0,0,0,3000,0,0,0,3000,0,3000,3000
057438,禾伸堂國票99購01,0,0,0,0,0,0,0,0,0,3000,0,0,0,3000,0,3000,3000
055621,國巨國泰98購03  ,0,0,0,0,0,0,0,0,0,3000,0,0,0,3000,0,3000,3000
063180,台塑凱基9B購01  ,0,0,0,0,0,0,0,0,0,3000,0,0,0,3000,0,3000,3000
063218,台塑群益9B購01  ,0,0,0,0,0,0,0,0,0,3000,0,0,0,3000,0,3000,3000
063250,同欣電元大9B購03,0,0,0,0,0,0,0,0,0,3000,0,0,0,3000,0,3000,3000
057663,國巨元大99購08  ,0,0,0,0,0,0,0,0,0,3000,0,0,0,5000,2000,3000,3000
057454,上銀國泰99購02  ,0,0,0,0,0,0,0,0,0,3000,0,0,0,3000,0,3000,3000
058752,鈺齊凱基9A購01  ,0,0,0,0,0,0,0,0,0,3000,0,0,0,27000,24000,3000,3000
057960,聯鈞元大98購02  ,0,0,0,0,0,0,0,0,0,3000,0,0,0,3000,0,3000,3000
062019,嘉澤永豐9B購01  ,0,0,0,0,0,0,0,0,0,3000,0,0,0,7000,4000,3000,3000
063510,台表科群益9C購01,0,0,0,0,0,0,0,0,0,3000,0,0,0,20000,17000,3000,3000
062165,聯茂國泰01購01  ,0,0,0,0,0,0,0,0,0,3000,0,0,0,3000,0,3000,3000
062207,牧德國票9B購02  ,0,0,0,0,0,0,0,0,0,3000,0,0,0,3000,0,3000,3000
061655,微星國票9A購01  ,0,0,0,0,0,0,0,0,0,3000,0,0,0,3000,0,3000,3000
061685,道瓊反群益9A購03,0,0,0,0,0,0,0,0,0,3000,0,0,0,5000,2000,3000,3000
062931,上証2X凱基01購01,0,0,0,0,0,0,0,0,0,3000,0,0,0,4000,1000,3000,3000
062616,玉晶光元大9C購06,0,0,0,0,0,0,0,0,0,3000,0,0,0,10000,7000,3000,3000
060596,元黃金凱基9A購02,0,0,0,0,0,0,0,0,0,3000,0,0,0,3000,0,3000,3000
061959,鴻海統一9B購04  ,0,0,0,0,0,0,0,0,0,3000,0,0,0,257000,254000,3000,3000
062282,禾伸堂群益9B購01,0,0,0,0,0,0,0,0,0,3000,0,0,0,54000,51000,3000,3000
062330,可成統一9B購03  ,0,0,0,0,0,0,0,0,0,3000,0,0,0,3000,0,3000,3000
060029,嘉晶永豐99購03  ,0,0,0,0,0,0,0,0,0,3000,0,0,0,18000,15000,3000,3000
060730,台積電群益9A購03,0,0,0,0,0,0,0,0,0,3000,0,0,0,7000,4000,3000,3000
061020,超眾國票9A購02  ,0,0,0,0,0,0,0,0,0,3000,0,0,0,3000,0,3000,3000
064393,友訊永豐9C購01  ,0,0,0,0,0,0,0,0,0,3000,0,0,0,68000,65000,3000,3000
064071,台郡永豐9C購01  ,0,0,0,0,0,0,0,0,0,3000,0,0,0,28000,25000,3000,3000
061443,大立光統一9C購02,0,0,0,0,0,0,0,0,0,3000,0,0,0,3000,0,3000,3000
064306,和潤兆豐01購01  ,0,0,0,0,0,0,0,0,0,3000,0,0,0,123000,120000,3000,3000
066280,眾達元大01購01  ,0,0,0,0,0,0,0,0,0,3000,0,0,0,100000,97000,3000,3000
06615P,鴻海元大9C售02  ,0,0,0,0,0,0,0,0,0,3000,0,0,0,10000,7000,3000,3000
065494,滬深2X富邦01購01,0,0,0,0,0,0,0,0,0,3000,0,0,0,3000,0,3000,3000
065936,聯發科群益02購01,0,0,0,0,0,0,0,0,0,3000,0,0,0,13000,10000,3000,3000
064735,群創元富9C購02  ,0,0,0,0,0,0,0,0,0,3000,0,0,0,3000,0,3000,3000
064684,巨大兆豐9C購01  ,0,0,0,0,0,0,0,0,0,3000,0,0,0,3000,0,3000,3000
064625,健策元大01購02  ,0,0,0,0,0,0,0,0,0,3000,0,0,0,6000,3000,3000,3000
063652,國泰金台新9B購01,0,0,0,0,0,0,0,0,0,3000,0,0,0,3000,0,3000,3000
064953,嘉晶凱基9C購02  ,0,0,0,0,0,0,0,0,0,3000,0,0,0,53000,50000,3000,3000
065105,巨大元大01購01  ,0,0,0,0,0,0,0,0,0,3000,0,0,0,65000,62000,3000,3000
6277,宏正            ,29000,26000,3000,0,0,0,0,0,0,0,0,0,0,0,0,0,3000
6581,鋼聯            ,3000,0,3000,0,0,0,0,0,0,0,0,0,0,0,0,0,3000
910322,康師傅-DR       ,11000,8000,3000,0,0,0,0,0,0,0,0,0,0,0,0,0,3000
9136,巨騰-DR         ,41000,43000,-2000,0,0,0,0,0,0,5000,5000,0,5000,0,0,0,3000
9927,泰銘            ,15000,12000,3000,0,0,0,0,0,0,0,0,0,0,0,0,0,3000
2838A,聯邦銀甲特      ,0,5000,-5000,0,0,0,0,0,0,8000,18000,10000,8000,0,0,0,3000
3036,文曄            ,277000,194000,83000,0,0,0,0,1000,-1000,-79000,2000,13000,-11000,26000,94000,-68000,3000
3550,聯穎            ,2000,0,2000,0,0,0,0,0,0,1000,1000,0,1000,0,0,0,3000
3432,台端            ,3000,0,3000,0,0,0,0,0,0,0,0,0,0,0,0,0,3000
08759P,滬深2X元大01售08,0,0,0,0,0,0,0,0,0,2000,0,0,0,2000,0,2000,2000
08822P,聯發科凱基01售12,0,0,0,0,0,0,0,0,0,2000,0,0,0,80000,78000,2000,2000
1414,東和            ,4000,2000,2000,0,0,0,0,0,0,0,0,0,0,0,0,0,2000
1101B,台泥乙特        ,0,0,0,0,0,0,0,0,0,2000,2000,0,2000,0,0,0,2000
1539,巨庭            ,2000,0,2000,0,0,0,0,0,0,0,0,0,0,0,0,0,2000
08092P,仁寶元富9B售02  ,0,0,0,0,0,0,0,0,0,2000,0,0,0,3000,1000,2000,2000
067241,信邦群益01購01  ,0,0,0,0,0,0,0,0,0,2000,0,0,0,7000,5000,2000,2000
066863,上証2X元富07購01,0,0,0,0,0,0,0,0,0,2000,0,0,0,2000,0,2000,2000
06670P,鴻海群益98售06  ,0,0,0,0,0,0,0,0,0,2000,0,0,0,2000,0,2000,2000
07340P,鴻海凱基99售15  ,0,0,0,0,0,0,0,0,0,2000,0,0,0,2000,0,2000,2000
07633P,台灣50元大9A售18,0,0,0,0,0,0,0,0,0,2000,0,0,0,2000,0,2000,2000
067530,國巨群益01購09  ,0,0,0,0,0,0,0,0,0,2000,0,0,0,11000,9000,2000,2000
06975P,臺股指元大9A售13,0,0,0,0,0,0,0,0,0,2000,0,0,0,2000,0,2000,2000
058795,可成元大99購03  ,0,0,0,0,0,0,0,0,0,2000,0,0,0,2000,0,2000,2000
058841,深中小群益01購01,0,0,0,0,0,0,0,0,0,2000,0,0,0,161000,159000,2000,2000
058379,臺股指凱基99購14,0,0,0,0,0,0,0,0,0,2000,0,0,0,2000,0,2000,2000
058380,臺股指凱基99購15,0,0,0,0,0,0,0,0,0,2000,0,0,0,2000,0,2000,2000
059712,滬深2X元大9C購03,0,0,0,0,0,0,0,0,0,2000,0,0,0,2000,0,2000,2000
059751,華通群益9B購03  ,0,0,0,0,0,0,0,0,0,2000,0,0,0,2000,0,2000,2000
059710,上証2X元大9C購02,0,0,0,0,0,0,0,0,0,2000,0,0,0,2000,0,2000,2000
057599,技嘉群益9A購01  ,0,0,0,0,0,0,0,0,0,2000,0,0,0,32000,30000,2000,2000
057536,康控元大99購03  ,0,0,0,0,0,0,0,0,0,2000,0,0,0,50000,48000,2000,2000
057533,晶相光元大98購02,0,0,0,0,0,0,0,0,0,2000,0,0,0,2000,0,2000,2000
058574,台積電群益99購03,0,0,0,0,0,0,0,0,0,2000,0,0,0,5000,3000,2000,2000
058571,緯穎凱基9A購02  ,0,0,0,0,0,0,0,0,0,2000,0,0,0,2000,0,2000,2000
059505,上証2X永豐99購02,0,0,0,0,0,0,0,0,0,2000,0,0,0,2000,0,2000,2000
058189,嘉澤永豐99購01  ,0,0,0,0,0,0,0,0,0,2000,0,0,0,10000,8000,2000,2000
059291,華新科元富9B購01,0,0,0,0,0,0,0,0,0,2000,0,0,0,2000,0,2000,2000
059235,鴻海凱基99購08  ,0,0,0,0,0,0,0,0,0,2000,0,0,0,2000,0,2000,2000
057331,台積電國票99購04,0,0,0,0,0,0,0,0,0,2000,0,0,0,64000,62000,2000,2000
055487,國巨元大98購07  ,0,0,0,0,0,0,0,0,0,2000,0,0,0,2000,0,2000,2000
05721P,全新群益98售02  ,0,0,0,0,0,0,0,0,0,2000,0,0,0,2000,0,2000,2000
056585,台積電統一9A購01,0,0,0,0,0,0,0,0,0,2000,0,0,0,15000,13000,2000,2000
053411,深中小國票9B購01,0,0,0,0,0,0,0,0,0,2000,0,0,0,2000,0,2000,2000
055026,健和興國泰98購01,0,0,0,0,0,0,0,0,0,2000,0,0,0,2000,0,2000,2000
03430B,臺股指元大9B熊01,0,0,0,0,0,0,0,0,0,2000,0,0,0,2000,0,2000,2000
00689R,國泰20年美債反1 ,2000,0,2000,0,0,0,0,0,0,0,0,0,0,100000,100000,0,2000
01002T,土銀國泰R1      ,2000,0,2000,0,0,0,0,0,0,0,0,0,0,0,0,0,2000
006203,元大MSCI台灣    ,0,0,0,0,0,0,0,0,0,2000,0,0,0,2000,0,2000,2000
00660,元大歐洲50      ,0,0,0,0,0,0,0,0,0,2000,0,0,0,3000,1000,2000,2000
053980,泰鼎元大97購02  ,0,0,0,0,0,0,0,0,0,2000,0,0,0,2000,0,2000,2000
063828,台積電國票01購02,0,0,0,0,0,0,0,0,0,2000,0,0,0,2000,0,2000,2000
064302,美律兆豐01購01  ,0,0,0,0,0,0,0,0,0,2000,0,0,0,102000,100000,2000,2000
064327,金寶元大01購01  ,0,0,0,0,0,0,0,0,0,2000,0,0,0,2000,0,2000,2000
064360,台積電統一9C購12,0,0,0,0,0,0,0,0,0,2000,0,0,0,2000,0,2000,2000
062861,世芯國票9C購01  ,0,0,0,0,0,0,0,0,0,2000,0,0,0,2000,0,2000,2000
064118,喬山元大01購01  ,0,0,0,0,0,0,0,0,0,2000,0,0,0,2000,0,2000,2000
063892,旺宏群益01購01  ,0,0,0,0,0,0,0,0,0,2000,0,0,0,2000,0,2000,2000
061054,台積電群益9A購04,0,0,0,0,0,0,0,0,0,2000,0,0,0,2000,0,2000,2000
061313,滬深2X凱基9B購05,0,0,0,0,0,0,0,0,0,2000,0,0,0,3000,1000,2000,2000
060962,義隆凱基9B購01  ,0,0,0,0,0,0,0,0,0,2000,0,0,0,2000,0,2000,2000
060734,華通統一9C購01  ,0,0,0,0,0,0,0,0,0,2000,0,0,0,12000,10000,2000,2000
060791,聯茂富邦9A購02  ,0,0,0,0,0,0,0,0,0,2000,0,0,0,2000,0,2000,2000
060758,台積電元大9A購19,0,0,0,0,0,0,0,0,0,2000,0,0,0,2000,0,2000,2000
060306,台肥永豐9A購01  ,0,0,0,0,0,0,0,0,0,2000,0,0,0,103000,101000,2000,2000
060275,元黃金元大9A購01,0,0,0,0,0,0,0,0,0,2000,0,0,0,2000,0,2000,2000
060455,葡萄王元大9A購02,0,0,0,0,0,0,0,0,0,2000,0,0,0,2000,0,2000,2000
062591,新日興統一9C購01,0,0,0,0,0,0,0,0,0,2000,0,0,0,2000,0,2000,2000
062452,A50正2群益01購04,0,0,0,0,0,0,0,0,0,2000,0,0,0,3000,1000,2000,2000
062624,大成鋼國票9B購02,0,0,0,0,0,0,0,0,0,2000,0,0,0,2000,0,2000,2000
062948,台積電富邦01購02,0,0,0,0,0,0,0,0,0,2000,0,0,0,2000,0,2000,2000
061859,勤誠國票9B購01  ,0,0,0,0,0,0,0,0,0,2000,0,0,0,2000,0,2000,2000
063303,聯發科凱基9B購14,0,0,0,0,0,0,0,0,0,2000,0,0,0,2000,0,2000,2000
063521,國巨凱基03購01  ,0,0,0,0,0,0,0,0,0,2000,0,0,0,9000,7000,2000,2000
062004,國巨國泰9C購03  ,0,0,0,0,0,0,0,0,0,2000,0,0,0,15000,13000,2000,2000
062050,亞德客統一9C購01,0,0,0,0,0,0,0,0,0,2000,0,0,0,101000,99000,2000,2000
06518P,奇力新兆豐99售01,0,0,0,0,0,0,0,0,0,2000,0,0,0,8000,6000,2000,2000
064749,巨大國票01購01  ,0,0,0,0,0,0,0,0,0,2000,0,0,0,2000,0,2000,2000
063633,金像電元大9B購05,0,0,0,0,0,0,0,0,0,2000,0,0,0,76000,74000,2000,2000
063661,聚陽統一9C購02  ,0,0,0,0,0,0,0,0,0,2000,0,0,0,2000,0,2000,2000
064494,南亞科元大9C購02,0,0,0,0,0,0,0,0,0,2000,0,0,0,2000,0,2000,2000
064596,台表科統一01購03,0,0,0,0,0,0,0,0,0,2000,0,0,0,66000,64000,2000,2000
064603,和碩元富9C購01  ,0,0,0,0,0,0,0,0,0,2000,0,0,0,2000,0,2000,2000
064678,嘉晶兆豐01購01  ,0,0,0,0,0,0,0,0,0,2000,0,0,0,4000,2000,2000,2000
064539,玉晶光麥證01購01,0,0,0,2000,0,2000,0,0,0,2000,0,0,0,2000,0,2000,2000
063996,貿聯群益9C購01  ,0,0,0,0,0,0,0,0,0,2000,0,0,0,32000,30000,2000,2000
063962,台達電國票01購01,0,0,0,0,0,0,0,0,0,2000,0,0,0,2000,0,2000,2000
063945,京元電元大9C購01,0,0,0,0,0,0,0,0,0,2000,0,0,0,10000,8000,2000,2000
065836,T50反1元大9C購11,0,0,0,0,0,0,0,0,0,2000,0,0,0,72000,70000,2000,2000
065429,微星凱基02購02  ,0,0,0,0,0,0,0,0,0,2000,0,0,0,2000,0,2000,2000
066507,和碩富邦03購01  ,0,0,0,0,0,0,0,0,0,2000,0,0,0,11000,9000,2000,2000
066504,全新富邦03購01  ,0,0,0,0,0,0,0,0,0,2000,0,0,0,2000,0,2000,2000
066550,國泰金元大01購01,0,0,0,0,0,0,0,0,0,2000,0,0,0,2000,0,2000,2000
4807,日成-KY         ,2000,0,2000,0,0,0,0,0,0,0,0,0,0,0,0,0,2000
3011,今皓            ,2000,0,2000,0,0,0,0,0,0,0,0,0,0,0,0,0,2000
2936,客思達-KY       ,2000,0,2000,0,0,0,0,0,0,0,0,0,0,0,0,0,2000
2905,三商            ,313000,311000,2000,0,0,0,0,0,0,0,0,0,0,0,0,0,2000
8940,新天地          ,2000,0,2000,0,0,0,0,0,0,0,0,0,0,0,0,0,2000
008201,BP上證50        ,0,0,0,0,0,0,0,0,0,1700,0,0,0,1700,0,1700,1700
07021P,台積電富邦9C售02,0,0,0,0,0,0,0,0,0,1000,0,0,0,1000,0,1000,1000
06855P,聯發科富邦9A售01,0,0,0,0,0,0,0,0,0,1000,0,0,0,1000,0,1000,1000
06807P,臺股指群益98售13,0,0,0,0,0,0,0,0,0,1000,0,0,0,12000,11000,1000,1000
067532,台積電群益01購14,0,0,0,0,0,0,0,0,0,1000,0,0,0,11000,10000,1000,1000
067462,台灣50元大01購27,0,0,0,0,0,0,0,0,0,1000,0,0,0,1000,0,1000,1000
07800P,華新科國泰9B售04,0,0,0,0,0,0,0,0,0,1000,0,0,0,21000,20000,1000,1000
07414P,台積電元大99售51,0,0,0,0,0,0,0,0,0,1000,0,0,0,1000,0,1000,1000
07123P,鴻海元大99售23  ,0,0,0,0,0,0,0,0,0,1000,0,0,0,1000,0,1000,1000
07065P,臺股指元大9A售26,0,0,0,0,0,0,0,0,0,1000,0,0,0,36000,35000,1000,1000
066825,智邦群益01購03  ,0,0,0,0,0,0,0,0,0,1000,0,0,0,1000,0,1000,1000
066848,健策元大01購05  ,0,0,0,0,0,0,0,0,0,1000,0,0,0,1000,0,1000,1000
06694P,臺股指凱基99售13,0,0,0,0,0,0,0,0,0,1000,0,0,0,1000,0,1000,1000
067116,嘉澤群益01購02  ,0,0,0,0,0,0,0,0,0,1000,0,0,0,1000,0,1000,1000
067113,京鼎群益02購03  ,0,0,0,0,0,0,0,0,0,1000,0,0,0,1000,0,1000,1000
08069P,大立光國泰01售02,0,0,0,0,0,0,0,0,0,1000,0,0,0,1000,0,1000,1000
07940P,國巨群益9B售06  ,0,0,0,0,0,0,0,0,0,1000,0,0,0,6000,5000,1000,1000
07878P,智邦群益9C售01  ,0,0,0,0,0,0,0,0,0,1000,0,0,0,1000,0,1000,1000
07842P,力成元大9A售01  ,0,0,0,0,0,0,0,0,0,1000,0,0,0,1000,0,1000,1000
08193P,同欣電國票9C售02,0,0,0,0,0,0,0,0,0,1000,0,0,0,15000,14000,1000,1000
08287P,茂林凱基9C售02  ,0,0,0,0,0,0,0,0,0,1000,0,0,0,41000,40000,1000,1000
08272P,鴻海元富9C售02  ,0,0,0,0,0,0,0,0,0,1000,0,0,0,1000,0,1000,1000
08421P,台積電群益9C售10,0,0,0,0,0,0,0,0,0,1000,0,0,0,1000,0,1000,1000
08497P,華新科國票01售02,0,0,0,0,0,0,0,0,0,1000,0,0,0,1000,0,1000,1000
08604P,金融類元大9C售01,0,0,0,0,0,0,0,0,0,1000,0,0,0,1000,0,1000,1000
1727,中華化          ,8000,7000,1000,0,0,0,0,0,0,0,0,0,0,0,0,0,1000
2029,盛餘            ,2000,1000,1000,0,0,0,0,0,0,0,0,0,0,0,0,0,1000
2420,新巨            ,11000,10000,1000,0,0,0,0,0,0,0,0,0,0,0,0,0,1000
2509,全坤建          ,1000,0,1000,0,0,0,0,0,0,0,0,0,0,0,0,0,1000
1312A,國喬特          ,0,0,0,0,0,0,0,0,0,1000,1000,0,1000,0,0,0,1000
1413,宏洲            ,2000,1000,1000,0,0,0,0,0,0,0,0,0,0,0,0,0,1000
1445,大宇            ,0,0,0,0,0,0,0,0,0,1000,1000,0,1000,0,0,0,1000
1472,三洋紡          ,2000,1000,1000,0,0,0,0,0,0,0,0,0,0,0,0,0,1000
00681R,元大美債20反1   ,0,0,0,0,0,0,0,0,0,1000,0,0,0,77000,76000,1000,1000
020007,凱基臺灣500N    ,0,0,0,0,0,0,0,0,0,1000,0,0,0,1000,0,1000,1000
054309,禾伸堂凱基98購01,0,0,0,0,0,0,0,0,0,1000,0,0,0,46000,45000,1000,1000
054297,台郡元大98購01  ,0,0,0,0,0,0,0,0,0,1000,0,0,0,1000,0,1000,1000
054419,嘉聯益元大98購02,0,0,0,0,0,0,0,0,0,1000,0,0,0,1000,0,1000,1000
052076,可成元富98購01  ,0,0,0,0,0,0,0,0,0,1000,0,0,0,1000,0,1000,1000
050758,聯發科元富9B購01,0,0,0,0,0,0,0,0,0,1000,0,0,0,1000,0,1000,1000
054931,緯穎凱基98購01  ,0,0,0,0,0,0,0,0,0,1000,0,0,0,1000,0,1000,1000
054966,貿聯元大98購02  ,0,0,0,0,0,0,0,0,0,1000,0,0,0,1000,0,1000,1000
056295,國巨元大97購16  ,0,0,0,0,0,0,0,0,0,1000,0,0,0,1000,0,1000,1000
053402,A50正2群益9A購02,0,0,0,0,0,0,0,0,0,1000,0,0,0,1000,0,1000,1000
052734,台表科國泰98購02,0,0,0,0,0,0,0,0,0,1000,0,0,0,1000,0,1000,1000
056595,台積電元富98購04,0,0,0,0,0,0,0,0,0,1000,0,0,0,2000,1000,1000,1000
056592,台積電元富98購01,0,0,0,0,0,0,0,0,0,1000,0,0,0,153000,152000,1000,1000
056610,鴻海永豐98購01  ,0,0,0,0,0,0,0,0,0,1000,0,0,0,1000,0,1000,1000
056743,貿聯凱基98購04  ,0,0,0,0,0,0,0,0,0,1000,0,0,0,1000,0,1000,1000
057138,亞德客兆豐98購01,0,0,0,0,0,0,0,0,0,1000,0,0,0,1000,0,1000,1000
057207,立積元富98購02  ,0,0,0,0,0,0,0,0,0,1000,0,0,0,1000,0,1000,1000
055456,上銀富邦99購01  ,0,0,0,0,0,0,0,0,0,1000,0,0,0,1000,0,1000,1000
055437,禾伸堂中信99購01,0,0,0,0,0,0,0,0,0,1000,0,0,0,1000,0,1000,1000
055420,欣興永豐98購01  ,0,0,0,0,0,0,0,0,0,1000,0,0,0,1000,0,1000,1000
055337,超眾兆豐98購01  ,0,0,0,0,0,0,0,0,0,1000,0,0,0,11000,10000,1000,1000
055323,貿聯國票98購01  ,0,0,0,0,0,0,0,0,0,1000,0,0,0,1000,0,1000,1000
057270,遠東新元大98購01,0,0,0,0,0,0,0,0,0,1000,0,0,0,1000,0,1000,1000
057239,貿聯凱基98購05  ,0,0,0,0,0,0,0,0,0,1000,0,0,0,1000,0,1000,1000
058211,國巨群益9A購02  ,0,0,0,0,0,0,0,0,0,1000,0,0,0,1000,0,1000,1000
058215,貿聯群益99購02  ,0,0,0,0,0,0,0,0,0,1000,0,0,0,8000,7000,1000,1000
059448,上証2X永豐99購01,0,0,0,0,0,0,0,0,0,1000,0,0,0,1000,0,1000,1000
059489,上証2X國票9A購01,0,0,0,0,0,0,0,0,0,1000,0,0,0,1000,0,1000,1000
055911,可成凱基98購02  ,0,0,0,0,0,0,0,0,0,1000,0,0,0,1000,0,1000,1000
059966,台積電凱基99購19,0,0,0,0,0,0,0,0,0,1000,0,0,0,1000,0,1000,1000
058178,國巨國泰9A購02  ,0,0,0,0,0,0,0,0,0,1000,0,0,0,1000,0,1000,1000
058537,彩晶統一9B購01  ,0,0,0,0,0,0,0,0,0,1000,0,0,0,101000,100000,1000,1000
058598,T50反1元大99購04,0,0,0,0,0,0,0,0,0,1000,0,0,0,21000,20000,1000,1000
057707,臺股指群益98購07,0,0,0,0,0,0,0,0,0,1000,0,0,0,2000,1000,1000,1000
057456,道瓊銀富邦9C購01,0,0,0,0,0,0,0,0,0,1000,0,0,0,1000,0,1000,1000
058488,華擎國票9A購01  ,0,0,0,0,0,0,0,0,0,1000,0,0,0,1000,0,1000,1000
063199,台積電統一01購07,0,0,0,0,0,0,0,0,0,1000,0,0,0,1000,0,1000,1000
063170,智邦第一9B購01  ,0,0,0,0,0,0,0,0,0,1000,0,0,0,54000,53000,1000,1000
063042,同欣電凱基9C購01,0,0,0,0,0,0,0,0,0,1000,0,0,0,1000,0,1000,1000
059851,晶相光永豐99購02,0,0,0,0,0,0,0,0,0,1000,0,0,0,1000,0,1000,1000
059874,大立光凱基99購15,0,0,0,0,0,0,0,0,0,1000,0,0,0,1000,0,1000,1000
059680,台積電國泰9A購03,0,0,0,0,0,0,0,0,0,1000,0,0,0,1000,0,1000,1000
059683,康控富邦9C購01  ,0,0,0,0,0,0,0,0,0,1000,0,0,0,1000,0,1000,1000
059607,台積電富邦9C購04,0,0,0,0,0,0,0,0,0,1000,0,0,0,1000,0,1000,1000
059814,SP黃豆凱基9A購02,0,0,0,0,0,0,0,0,0,1000,0,0,0,1000,0,1000,1000
059936,台積電永豐99購06,0,0,0,0,0,0,0,0,0,1000,0,0,0,1000,0,1000,1000
059091,中信金元大99購01,0,0,0,0,0,0,0,0,0,1000,0,0,0,1000,0,1000,1000
059043,聯電日盛99購01  ,0,0,0,0,0,0,0,0,0,1000,0,0,0,1000,0,1000,1000
058376,貿聯凱基9A購01  ,0,0,0,0,0,0,0,0,0,1000,0,0,0,17000,16000,1000,1000
058044,鴻海元大99購07  ,0,0,0,0,0,0,0,0,0,1000,0,0,0,1000,0,1000,1000
058825,同欣電富邦9A購01,0,0,0,0,0,0,0,0,0,1000,0,0,0,1000,0,1000,1000
058848,台積電群益99購07,0,0,0,0,0,0,0,0,0,1000,0,0,0,1000,0,1000,1000
058774,台郡兆豐9A購01  ,0,0,0,0,0,0,0,0,0,1000,0,0,0,1000,0,1000,1000
058777,台光電國票9A購01,0,0,0,0,0,0,0,0,0,1000,0,0,0,1000,0,1000,1000
057944,新日興國票99購02,0,0,0,0,0,0,0,0,0,1000,0,0,0,16000,15000,1000,1000
057884,華邦電群益98購02,0,0,0,0,0,0,0,0,0,1000,0,0,0,1000,0,1000,1000
062051,上銀統一9C購02  ,0,0,0,0,0,0,0,0,0,1000,0,0,0,1000,0,1000,1000
062057,華邦電統一01購01,0,0,0,0,0,0,0,0,0,1000,0,0,0,1000,0,1000,1000
061984,華新科元大9B購05,0,0,0,0,0,0,0,0,0,1000,0,0,0,1000,0,1000,1000
063535,聯發科統一9B購13,0,0,0,0,0,0,0,0,0,1000,0,0,0,1000,0,1000,1000
063347,祥碩統一01購03  ,0,0,0,0,0,0,0,0,0,1000,0,0,0,2000,1000,1000,1000
062988,儒鴻群益9B購01  ,0,0,0,0,0,0,0,0,0,1000,0,0,0,89000,88000,1000,1000
062623,元金2X國票01購01,0,0,0,0,0,0,0,0,0,1000,0,0,0,1000,0,1000,1000
06264P,友達凱基98售06  ,0,0,0,0,0,0,0,0,0,1000,0,0,0,1000,0,1000,1000
062683,可成統一9B購04  ,0,0,0,0,0,0,0,0,0,1000,0,0,0,1000,0,1000,1000
062792,臺股指元大9B購35,0,0,0,0,0,0,0,0,0,1000,0,0,0,1000,0,1000,1000
062569,南電中信01購01  ,0,1000,-1000,0,0,0,0,0,0,2000,0,0,0,2000,0,2000,1000
062600,可成台新9B購01  ,0,0,0,0,0,0,0,0,0,1000,0,0,0,1000,0,1000,1000
062559,嘉晶凱基9B購02  ,0,0,0,0,0,0,0,0,0,1000,0,0,0,1000,0,1000,1000
060497,臺指反元大01購02,0,0,0,0,0,0,0,0,0,1000,0,0,0,1000,0,1000,1000
060509,宏達電元大9A購02,0,0,0,0,0,0,0,0,0,1000,0,0,0,7000,6000,1000,1000
060450,南亞元大9A購02  ,0,0,0,0,0,0,0,0,0,1000,0,0,0,2000,1000,1000,1000
061195,健策永豐9B購02  ,0,0,0,0,0,0,0,0,0,1000,0,0,0,1000,0,1000,1000
06122P,亞光元大98售01  ,0,0,0,0,0,0,0,0,0,1000,0,0,0,1000,0,1000,1000
061253,臺股指群益9A購04,0,0,0,0,0,0,0,0,0,1000,0,0,0,1000,0,1000,1000
062316,康控凱基9B購03  ,0,0,0,0,0,0,0,0,0,1000,0,0,0,1000,0,1000,1000
060315,易華電永豐9A購01,0,0,0,0,0,0,0,0,0,1000,0,0,0,66000,65000,1000,1000
060611,同欣電凱基9A購02,0,0,0,0,0,0,0,0,0,1000,0,0,0,1000,0,1000,1000
060616,宏碁元大9A購02  ,0,0,0,0,0,0,0,0,0,1000,0,0,0,1000,0,1000,1000
060763,聯鈞元大9A購03  ,0,0,0,0,0,0,0,0,0,1000,0,0,0,1000,0,1000,1000
060779,臺股指凱基9A購07,0,0,0,0,0,0,0,0,0,1000,0,0,0,3000,2000,1000,1000
060104,新日興元大99購03,0,0,0,0,0,0,0,0,0,1000,0,0,0,1000,0,1000,1000
060882,大立光中信9A購05,0,0,0,0,0,0,0,0,0,1000,0,0,0,1000,0,1000,1000
060849,力成國票9A購01  ,0,0,0,0,0,0,0,0,0,1000,0,0,0,1000,0,1000,1000
061310,華新科麥證9A購01,0,0,0,1000,0,1000,0,0,0,1000,0,0,0,1000,0,1000,1000
061296,台積電國泰9C購01,0,0,0,0,0,0,0,0,0,1000,0,0,0,1000,0,1000,1000
061162,南電群益9A購02  ,0,0,0,0,0,0,0,0,0,1000,0,0,0,8000,7000,1000,1000
061144,玉晶光中信9B購02,0,0,0,0,0,0,0,0,0,1000,0,0,0,1000,0,1000,1000
061152,微星群益9A購01  ,0,0,0,0,0,0,0,0,0,1000,0,0,0,5000,4000,1000,1000
061095,台積電台新9B購03,0,0,0,0,0,0,0,0,0,1000,0,0,0,1000,0,1000,1000
064171,燿華元富9C購01  ,0,0,0,0,0,0,0,0,0,1000,0,0,0,1000,0,1000,1000
061385,上証2X群益9C購07,0,0,0,0,0,0,0,0,0,1000,0,0,0,1000,0,1000,1000
061447,鴻海中信04購02  ,0,0,0,0,0,0,0,0,0,1000,0,0,0,63000,62000,1000,1000
061506,瑞祺國票9A購02  ,0,0,0,0,0,0,0,0,0,1000,0,0,0,1000,0,1000,1000
061520,健策中信9A購01  ,0,0,0,0,0,0,0,0,0,1000,0,0,0,1000,0,1000,1000
06435P,臺股指群益98售02,0,0,0,0,0,0,0,0,0,1000,0,0,0,1000,0,1000,1000
061527,牧德凱基9A購02  ,0,0,0,0,0,0,0,0,0,1000,0,0,0,1000,0,1000,1000
061549,泰碩群益9A購01  ,0,0,0,0,0,0,0,0,0,1000,0,0,0,1000,0,1000,1000
066508,世紀鋼富邦03購01,0,0,0,0,0,0,0,0,0,1000,0,0,0,1000,0,1000,1000
06643P,大立光兆豐98售01,0,0,0,0,0,0,0,0,0,1000,0,0,0,1000,0,1000,1000
066578,臺股指元大01購07,0,0,0,0,0,0,0,0,0,1000,0,0,0,5000,4000,1000,1000
065567,台積電群益01購03,0,0,0,0,0,0,0,0,0,1000,0,0,0,2000,1000,1000,1000
065617,臺股指元大9C購35,0,0,0,0,0,0,0,0,0,1000,0,0,0,2000,1000,1000,1000
065618,電子類元大9C購01,0,0,0,0,0,0,0,0,0,1000,0,0,0,1000,0,1000,1000
065703,大毅群益9C購01  ,0,0,0,0,0,0,0,0,0,1000,0,0,0,65000,64000,1000,1000
065721,中壽兆豐9C購01  ,0,0,0,0,0,0,0,0,0,1000,0,0,0,1000,0,1000,1000
065778,南亞科國泰01購01,0,0,0,0,0,0,0,0,0,1000,0,0,0,43000,42000,1000,1000
065893,華新科統一02購02,0,0,0,0,0,0,0,0,0,1000,0,0,0,1000,0,1000,1000
065912,瑞祺永豐9C購02  ,0,0,0,0,0,0,0,0,0,1000,0,0,0,69000,68000,1000,1000
066015,健策元富01購01  ,0,0,0,0,0,0,0,0,0,1000,0,0,0,1000,0,1000,1000
066066,鴻海凱基01購05  ,0,0,0,0,0,0,0,0,0,1000,0,0,0,299000,298000,1000,1000
064436,聯發科凱基03購02,0,0,0,0,0,0,0,0,0,1000,0,0,0,1000,0,1000,1000
064503,日電貿元大9C購01,0,0,0,0,0,0,0,0,0,1000,0,0,0,1000,0,1000,1000
063709,上銀凱基9B購07  ,0,0,0,0,0,0,0,0,0,1000,0,0,0,1000,0,1000,1000
063645,瑞儀元大9B購02  ,0,0,0,0,0,0,0,0,0,1000,0,0,0,55000,54000,1000,1000
063781,健策永豐9B購08  ,0,0,0,0,0,0,0,0,0,1000,0,0,0,1000,0,1000,1000
064968,道瓊銀元大01購02,0,0,0,0,0,0,0,0,0,1000,0,0,0,1000,0,1000,1000
064984,同欣電元大9C購06,0,0,0,0,0,0,0,0,0,1000,0,0,0,1000,0,1000,1000
065047,群創凱基9C購01  ,0,0,0,0,0,0,0,0,0,1000,0,0,0,1000,0,1000,1000
065056,臺股指凱基9C購20,0,0,0,0,0,0,0,0,0,1000,0,0,0,1000,0,1000,1000
065107,道瓊反國票9C購03,0,0,0,0,0,0,0,0,0,1000,0,0,0,1000,0,1000,1000
065334,立積國票01購02  ,0,0,0,0,0,0,0,0,0,1000,0,0,0,1000,0,1000,1000
065342,華邦電統一02購01,0,0,0,0,0,0,0,0,0,1000,0,0,0,1000,0,1000,1000
065280,道瓊指群益9C購02,0,0,0,0,0,0,0,0,0,1000,0,0,0,1000,0,1000,1000
8478,東哥遊艇        ,1000,1000,0,0,0,0,0,0,0,1000,1000,0,1000,0,0,0,1000
8480,泰昇-KY         ,6000,5000,1000,0,0,0,0,0,0,0,0,0,0,0,0,0,1000
9941A,裕融甲特        ,0,0,0,0,0,0,0,0,0,1000,1000,0,1000,0,0,0,1000
6671,三能-KY         ,6000,5000,1000,0,0,0,0,0,0,0,0,0,0,0,0,0,1000
5525,順天            ,2000,1000,1000,0,0,0,0,0,0,0,0,0,0,0,0,0,1000
5285,界霖            ,18000,17000,1000,0,0,0,0,0,0,0,0,0,0,0,0,0,1000
4725,信昌化          ,1000,0,1000,0,0,0,0,0,0,0,0,0,0,0,0,0,1000
4576,大銀微系統      ,9000,8000,1000,0,0,0,0,0,0,0,0,0,0,0,0,0,1000
4581,光隆精密-KY     ,1000,0,1000,0,0,0,0,0,0,0,0,0,0,0,0,0,1000
3058,立德            ,2000,1000,1000,0,0,0,0,0,0,0,0,0,0,0,0,0,1000
1521,大億            ,2000,2000,0,0,0,0,0,0,0,0,0,0,0,0,0,0,0
1451,年興            ,22000,22000,0,0,0,0,0,0,0,0,0,0,0,0,0,0,0
08935P,鴻海元大01售19  ,0,0,0,0,0,0,0,0,0,0,0,0,0,100000,100000,0,0
08896P,台灣50群益01售10,0,0,0,0,0,0,0,0,0,0,0,0,0,2000,2000,0,0
08738P,TPK凱基01售02   ,0,0,0,0,0,0,0,0,0,0,0,0,0,25000,25000,0,0
2462,良得電          ,2000,2000,0,0,0,0,0,0,0,0,0,0,0,0,0,0,0
2482,連宇            ,3000,3000,0,0,0,0,0,0,0,0,0,0,0,0,0,0,0
2438,翔耀            ,2000,2000,0,0,0,0,0,0,0,0,0,0,0,0,0,0,0
1617,榮星            ,3000,3000,0,0,0,0,0,0,0,0,0,0,0,0,0,0,0
1618,合機            ,4000,4000,0,0,0,0,0,0,0,0,0,0,0,0,0,0,0
08647P,鴻海凱基9C售06  ,0,0,0,0,0,0,0,0,0,0,0,0,0,2000,2000,0,0
08558P,香港2X國票9C售01,7000,0,7000,0,0,0,0,0,0,-7000,0,0,0,0,7000,-7000,0
08532P,國巨元富06售02  ,0,0,0,0,0,0,0,0,0,0,0,0,0,5000,5000,0,0
08465P,玉晶光兆豐01售02,0,0,0,0,0,0,0,0,0,0,0,0,0,8000,8000,0,0
08131P,立積元大9B售02  ,0,0,0,0,0,0,0,0,0,0,0,0,0,10000,10000,0,0
08139P,華新科元大9B售12,0,0,0,0,0,0,0,0,0,0,0,0,0,50000,50000,0,0
07920P,大立光中信01售01,0,0,0,0,0,0,0,0,0,0,0,0,0,2000,2000,0,0
07889P,旭富國票9B售01  ,0,0,0,0,0,0,0,0,0,0,0,0,0,220000,220000,0,0
08087P,聯發科凱基9B售12,0,0,0,0,0,0,0,0,0,0,0,0,0,10000,10000,0,0
08101P,超眾群益9B售02  ,0,0,0,0,0,0,0,0,0,0,0,0,0,10000,10000,0,0
07996P,亞德客凱基9B售03,0,0,0,0,0,0,0,0,0,0,0,0,0,10000,10000,0,0
067179,健策康和01購01  ,0,0,0,0,0,0,0,0,0,0,0,0,0,49000,49000,0,0
067180,為升凱基02購01  ,0,0,0,0,0,0,0,0,0,0,0,0,0,56000,56000,0,0
06716P,台積電元大9A售02,0,0,0,0,0,0,0,0,0,0,0,0,0,15000,15000,0,0
067160,燿華國票03購01  ,0,0,0,0,0,0,0,0,0,0,0,0,0,5000,5000,0,0
067054,台積電台新01購03,0,0,0,0,0,0,0,0,0,0,0,0,0,797000,797000,0,0
067088,啟碁元大01購01  ,0,0,0,0,0,0,0,0,0,0,0,0,0,66000,66000,0,0
067190,智伸科凱基02購01,0,0,0,0,0,0,0,0,0,0,0,0,0,20000,20000,0,0
066952,亞光元大01購03  ,0,0,0,0,0,0,0,0,0,0,0,0,0,100000,100000,0,0
066864,上証2X元富07購02,0,0,0,0,0,0,0,0,0,0,0,0,0,1000,1000,0,0
066900,和潤康和07購01  ,0,0,0,0,0,0,0,0,0,0,0,0,0,40000,40000,0,0
066889,元大金中信07購01,0,0,0,0,0,0,0,0,0,0,0,0,0,30000,30000,0,0
066739,揚明光元大01購01,0,0,0,0,0,0,0,0,0,0,0,0,0,2000,2000,0,0
066749,瑞祺元大01購03  ,0,0,0,0,0,0,0,0,0,0,0,0,0,71000,71000,0,0
066708,嘉澤群益02購01  ,0,0,0,0,0,0,0,0,0,0,0,0,0,34000,34000,0,0
07148P,富邦金元大99售01,0,0,0,0,0,0,0,0,0,0,0,0,0,9000,9000,0,0
07188P,臺股指台新99售11,0,0,0,0,0,0,0,0,0,0,0,0,0,30000,30000,0,0
07198P,臺股指元大99售14,0,0,0,0,0,0,0,0,0,0,0,0,0,80000,80000,0,0
07415P,台積電元大99售52,0,0,0,0,0,0,0,0,0,0,0,0,0,10000,10000,0,0
07298P,台灣50元大9C售12,0,0,0,0,0,0,0,0,0,0,0,0,0,60000,60000,0,0
07303P,臺股指元大9A售36,0,0,0,0,0,0,0,0,0,0,0,0,0,200000,200000,0,0
07335P,臺股指國票99售20,2000,0,2000,0,0,0,0,0,0,-2000,0,0,0,0,2000,-2000,0
07825P,健策國泰9B售04  ,0,0,0,0,0,0,0,0,0,0,0,0,0,29000,29000,0,0
07818P,台積電國票9C售01,0,0,0,0,0,0,0,0,0,0,0,0,0,100000,100000,0,0
07758P,台積電國票9A售06,0,0,0,0,0,0,0,0,0,0,0,0,0,4000,4000,0,0
07587P,台灣50國票9A售11,0,0,0,0,0,0,0,0,0,0,0,0,0,160000,160000,0,0
07568P,鴻海凱基9A售22  ,0,0,0,0,0,0,0,0,0,0,0,0,0,1000,1000,0,0
067472,台積電元大03購01,0,0,0,0,0,0,0,0,0,0,0,0,0,436000,436000,0,0
067494,日月光元大01購03,0,0,0,0,0,0,0,0,0,0,0,0,0,30000,30000,0,0
067497,康控元大01購04  ,0,0,0,0,0,0,0,0,0,0,0,0,0,43000,43000,0,0
067534,億光群益01購01  ,0,0,0,0,0,0,0,0,0,0,0,0,0,9000,9000,0,0
067443,國巨國票02購04  ,0,0,0,0,0,0,0,0,0,0,0,0,0,12000,12000,0,0
067419,鴻海凱基02購06  ,0,0,0,0,0,0,0,0,0,0,0,0,0,122000,122000,0,0
067394,國巨永豐01購01  ,0,0,0,0,0,0,0,0,0,0,0,0,0,9000,9000,0,0
06735P,奇力新凱基98售07,0,0,0,0,0,0,0,0,0,0,0,0,0,20000,20000,0,0
06806P,臺股指群益98售12,0,0,0,0,0,0,0,0,0,0,0,0,0,1000,1000,0,0
067674,可成元大01購08  ,0,0,0,0,0,0,0,0,0,0,0,0,0,2000,2000,0,0
067675,中工元大03購01  ,0,0,0,0,0,0,0,0,0,0,0,0,0,72000,72000,0,0
067602,億光凱基01購01  ,0,0,0,0,0,0,0,0,0,0,0,0,0,41000,41000,0,0
067557,可成國票01購01  ,0,0,0,0,0,0,0,0,0,0,0,0,0,1000,1000,0,0
067584,技嘉群益02購01  ,0,0,0,0,0,0,0,0,0,0,0,0,0,7000,7000,0,0
067658,矽格元富04購01  ,0,0,0,0,0,0,0,0,0,0,0,0,0,20000,20000,0,0
06854P,鴻海富邦99售05  ,0,0,0,0,0,0,0,0,0,0,0,0,0,200000,200000,0,0
06844P,智邦元大98售13  ,0,0,0,0,0,0,0,0,0,0,0,0,0,50000,50000,0,0
06919P,臺股指日盛98售02,0,0,0,0,0,0,0,0,0,0,0,0,0,10000,10000,0,0
057878,台郡元大99購04  ,0,0,0,0,0,0,0,0,0,0,0,0,0,10000,10000,0,0
057924,健策凱基98購02  ,0,0,0,0,0,0,0,0,0,0,0,0,0,1000,1000,0,0
05793P,臺股指中信99售08,0,0,0,0,0,0,0,0,0,0,0,0,0,20000,20000,0,0
057957,嘉晶元大98購01  ,0,0,0,0,0,0,0,0,0,0,0,0,0,5000,5000,0,0
057984,聯發科台新98購01,0,0,0,0,0,0,0,0,0,0,0,0,0,168000,168000,0,0
058009,智易國票99購01  ,0,0,0,0,0,0,0,0,0,0,0,0,0,38000,38000,0,0
058658,瑞儀中信99購01  ,0,0,0,0,0,0,0,0,0,0,0,0,0,20000,20000,0,0
058724,大立光國泰9B購01,0,0,0,0,0,0,0,0,0,0,0,0,0,101000,101000,0,0
058729,國巨永豐99購03  ,0,0,0,0,0,0,0,0,0,0,0,0,0,13000,13000,0,0
058736,鈺齊永豐99購02  ,0,0,0,0,0,0,0,0,0,0,0,0,0,2000,2000,0,0
058766,力山兆豐99購01  ,0,0,0,0,0,0,0,0,0,0,0,0,0,1000,1000,0,0
058751,南茂凱基9A購01  ,0,0,0,0,0,0,0,0,0,0,0,0,0,12000,12000,0,0
058876,南電國票9A購02  ,0,0,0,0,0,0,0,0,0,0,0,0,0,3000,3000,0,0
058855,台積電兆豐99購02,0,0,0,0,0,0,0,0,0,0,0,0,0,100000,100000,0,0
058310,大立光元大99購10,0,0,0,0,0,0,0,0,0,0,0,0,0,10000,10000,0,0
058358,技嘉凱基9A購01  ,0,0,0,0,0,0,0,0,0,0,0,0,0,11000,11000,0,0
058387,國巨國票9A購03  ,0,0,0,0,0,0,0,0,0,0,0,0,0,10000,10000,0,0
058347,玉晶光群益9B購01,0,0,0,0,0,0,0,0,0,0,0,0,0,2000,2000,0,0
059082,華通元大99購06  ,0,0,0,0,0,0,0,0,0,0,0,0,0,7000,7000,0,0
059125,台積電第一03購02,0,0,0,0,0,0,0,0,0,0,0,0,0,150000,150000,0,0
059129,麗豐中信99購01  ,0,0,0,0,0,0,0,0,0,0,0,0,0,10000,10000,0,0
059120,致伸永豐99購01  ,0,0,0,0,0,0,0,0,0,0,0,0,0,54000,54000,0,0
059112,上銀永豐99購01  ,0,0,0,0,0,0,0,0,0,0,0,0,0,15000,15000,0,0
058938,台積電中信01購03,0,0,0,0,0,0,0,0,0,0,0,0,0,20000,20000,0,0
058983,旺宏凱基99購05  ,0,0,0,0,0,0,0,0,0,0,0,0,0,45000,45000,0,0
058977,SGBR2X凱基03購01,0,0,0,0,0,0,0,0,0,0,0,0,0,5000,5000,0,0
058956,健策國票9A購02  ,0,0,0,0,0,0,0,0,0,0,0,0,0,10000,10000,0,0
058961,台灣50兆豐9C購01,0,0,0,0,0,0,0,0,0,0,0,0,0,12000,12000,0,0
059935,國巨永豐99購07  ,0,0,0,0,0,0,0,0,0,0,0,0,0,9000,9000,0,0
059717,國巨元大99購21  ,0,0,0,0,0,0,0,0,0,0,0,0,0,4000,4000,0,0
059912,國巨元大99購28  ,0,0,0,0,0,0,0,0,0,0,0,0,0,1000,1000,0,0
059784,台光電元大9A購01,0,0,0,0,0,0,0,0,0,0,0,0,0,20000,20000,0,0
059732,超眾元大9A購01  ,0,0,0,0,0,0,0,0,0,0,0,0,0,26000,26000,0,0
059721,旺宏元大99購16  ,0,0,0,0,0,0,0,0,0,0,0,0,0,1000,1000,0,0
059726,華新科元大99購18,0,0,0,0,0,0,0,0,0,0,0,0,0,1000,1000,0,0
05961P,鴻海群益97售01  ,0,0,0,0,0,0,0,0,0,0,0,0,0,2000,2000,0,0
059661,大立光元大99購22,0,0,0,0,0,0,0,0,0,0,0,0,0,20000,20000,0,0
059875,信邦凱基99購02  ,0,0,0,0,0,0,0,0,0,0,0,0,0,10000,10000,0,0
059879,GIS凱基99購03   ,0,0,0,0,0,0,0,0,0,0,0,0,0,1000,1000,0,0
063043,台灣50兆豐9B購02,0,0,0,0,0,0,0,0,0,0,0,0,0,230000,230000,0,0
063052,國巨統一9C購10  ,0,0,0,0,0,0,0,0,0,0,0,0,0,8000,8000,0,0
063032,國巨凱基9C購04  ,0,0,0,0,0,0,0,0,0,0,0,0,0,8000,8000,0,0
063028,巨大元大9B購02  ,0,0,0,0,0,0,0,0,0,0,0,0,0,10000,10000,0,0
063018,聯發科元大9B購14,0,0,0,0,0,0,0,0,0,0,0,0,0,2000,2000,0,0
063019,聯發科元大9C購01,0,0,0,0,0,0,0,0,0,0,0,0,0,1000,1000,0,0
063007,儒鴻元大9B購01  ,0,0,0,0,0,0,0,0,0,0,0,0,0,54000,54000,0,0
063416,台積電凱基9B購10,0,0,0,0,0,0,0,0,0,0,0,0,0,3000,3000,0,0
060437,宏全永豐9A購01  ,0,0,0,0,0,0,0,0,0,0,0,0,0,10000,10000,0,0
063370,國巨永豐9B購03  ,0,0,0,0,0,0,0,0,0,0,0,0,0,6000,6000,0,0
063164,聯發科永豐9B購03,0,0,0,0,0,0,0,0,0,0,0,0,0,10000,10000,0,0
063104,大立光群益9C購02,0,0,0,0,0,0,0,0,0,0,0,0,0,42000,42000,0,0
063105,健策群益9C購01  ,0,0,0,0,0,0,0,0,0,0,0,0,0,5000,5000,0,0
063089,巨大凱基9C購01  ,0,0,0,0,0,0,0,0,0,0,0,0,0,10000,10000,0,0
063190,聯茂凱基9B購01  ,0,0,0,0,0,0,0,0,0,0,0,0,0,15000,15000,0,0
063239,建準元大9B購01  ,0,0,0,0,0,0,0,0,0,0,0,0,0,81000,81000,0,0
057455,景碩國泰99購01  ,0,0,0,0,0,0,0,0,0,0,0,0,0,20000,20000,0,0
058470,台灣50日盛9B購02,0,0,0,0,0,0,0,0,0,0,0,0,0,200000,200000,0,0
058480,新日興凱基9A購01,0,0,0,0,0,0,0,0,0,0,0,0,0,10000,10000,0,0
058418,台積電麥證99購01,0,0,0,50000,0,50000,0,0,0,0,0,0,0,50000,50000,0,0
058419,聯發科麥證99購02,0,0,0,40000,0,40000,0,0,0,0,0,0,0,40000,40000,0,0
058424,滬深2X元富99購04,0,0,0,0,0,0,0,0,0,0,0,0,0,40000,40000,0,0
059829,超眾凱基99購05  ,0,0,0,0,0,0,0,0,0,0,0,0,0,20000,20000,0,0
057585,鴻海國票99購05  ,0,0,0,0,0,0,0,0,0,0,0,0,0,97000,97000,0,0
057672,茂林元大98購02  ,0,0,0,0,0,0,0,0,0,0,0,0,0,68000,68000,0,0
057650,力成元大98購04  ,0,0,0,0,0,0,0,0,0,0,0,0,0,68000,68000,0,0
058632,世紀鋼國票9A購01,0,0,0,0,0,0,0,0,0,0,0,0,0,38000,38000,0,0
058612,健策元大99購02  ,0,0,0,0,0,0,0,0,0,0,0,0,0,1000,1000,0,0
057613,瑞昱元富02購02  ,0,0,0,0,0,0,0,0,0,0,0,0,0,3000,3000,0,0
058568,宏達電凱基9A購02,0,0,0,0,0,0,0,0,0,0,0,0,0,1000,1000,0,0
058588,致茂中信9B購01  ,0,0,0,0,0,0,0,0,0,0,0,0,0,20000,20000,0,0
058158,台積電台新99購01,0,0,0,0,0,0,0,0,0,0,0,0,0,50000,50000,0,0
058161,T50反1日盛03購01,0,0,0,0,0,0,0,0,0,0,0,0,0,400000,400000,0,0
058143,瑞儀元大99購02  ,0,0,0,0,0,0,0,0,0,0,0,0,0,7000,7000,0,0
058144,聯茂元大99購02  ,0,0,0,0,0,0,0,0,0,0,0,0,0,68000,68000,0,0
058145,聯茂元大99購03  ,0,0,0,0,0,0,0,0,0,0,0,0,0,68000,68000,0,0
058075,貿聯凱基99購02  ,0,0,0,0,0,0,0,0,0,0,0,0,0,10000,10000,0,0
055782,新日興凱基99購01,0,0,0,0,0,0,0,0,0,0,0,0,0,10000,10000,0,0
055919,景碩凱基98購02  ,0,0,0,0,0,0,0,0,0,0,0,0,0,1000,1000,0,0
055994,聯發科國泰99購02,0,0,0,0,0,0,0,0,0,0,0,0,0,63000,63000,0,0
056164,聯茂凱基98購03  ,0,0,0,0,0,0,0,0,0,0,0,0,0,20000,20000,0,0
055590,聯發科元大98購02,0,0,0,0,0,0,0,0,0,0,0,0,0,9000,9000,0,0
056171,鴻海元富97購10  ,0,0,0,0,0,0,0,0,0,0,0,0,0,26000,26000,0,0
059415,台灣50元大9A購03,0,0,0,0,0,0,0,0,0,0,0,0,0,1000,1000,0,0
059466,國巨元大99購26  ,0,0,0,0,0,0,0,0,0,0,0,0,0,2000,2000,0,0
059468,智邦元大99購02  ,0,0,0,0,0,0,0,0,0,0,0,0,0,3000,3000,0,0
059470,華新科元大99購16,0,0,0,0,0,0,0,0,0,0,0,0,0,1000,1000,0,0
059511,宏達電永豐99購02,0,0,0,0,0,0,0,0,0,0,0,0,0,20000,20000,0,0
058186,聯發科永豐99購01,0,0,0,0,0,0,0,0,0,0,0,0,0,12000,12000,0,0
058203,信邦凱基99購01  ,0,0,0,0,0,0,0,0,0,0,0,0,0,40000,40000,0,0
058204,世芯凱基9A購01  ,0,0,0,0,0,0,0,0,0,0,0,0,0,10000,10000,0,0
058237,嘉晶元大99購04  ,0,0,0,0,0,0,0,0,0,0,0,0,0,1000,1000,0,0
058266,宏達電永豐99購01,0,0,0,0,0,0,0,0,0,0,0,0,0,61000,61000,0,0
059387,華通凱基9A購03  ,0,0,0,0,0,0,0,0,0,0,0,0,0,10000,10000,0,0
059427,國巨元大99購24  ,0,0,0,0,0,0,0,0,0,0,0,0,0,1000,1000,0,0
056859,台積電群益98購02,0,0,0,0,0,0,0,0,0,0,0,0,0,99000,99000,0,0
056783,國巨群益99購01  ,0,0,0,0,0,0,0,0,0,0,0,0,0,1000,1000,0,0
057275,友達元大9A購04  ,0,0,0,0,0,0,0,0,0,0,0,0,0,1000,1000,0,0
057259,台積電兆豐98購03,0,0,0,0,0,0,0,0,0,0,0,0,0,10000,10000,0,0
057365,智邦元大98購07  ,0,0,0,0,0,0,0,0,0,0,0,0,0,4000,4000,0,0
055513,旺宏亞東98購01  ,0,0,0,0,0,0,0,0,0,0,0,0,0,300000,300000,0,0
057171,台光電元大9B購01,0,0,0,0,0,0,0,0,0,0,0,0,0,4000,4000,0,0
056771,嘉晶元大99購01  ,0,0,0,0,0,0,0,0,0,0,0,0,0,4000,4000,0,0
057236,聯詠凱基98購03  ,0,0,0,0,0,0,0,0,0,0,0,0,0,33000,33000,0,0
056719,台虹永豐98購01  ,0,0,0,0,0,0,0,0,0,0,0,0,0,67000,67000,0,0
056702,欣興國泰9A購01  ,0,0,0,0,0,0,0,0,0,0,0,0,0,10000,10000,0,0
056594,台積電元富98購03,0,0,0,0,0,0,0,0,0,0,0,0,0,101000,101000,0,0
056480,京鼎元大98購02  ,0,0,0,0,0,0,0,0,0,0,0,0,0,15000,15000,0,0
053190,聯發科統一99購01,0,0,0,0,0,0,0,0,0,0,0,0,0,10000,10000,0,0
052730,華新科國泰98購01,0,0,0,0,0,0,0,0,0,0,0,0,0,39000,39000,0,0
053377,台積電元大98購01,0,0,0,0,0,0,0,0,0,0,0,0,0,198000,198000,0,0
053764,A50正2富邦99購01,0,0,0,0,0,0,0,0,0,0,0,0,0,20000,20000,0,0
054744,晶相光凱基99購01,0,0,0,0,0,0,0,0,0,0,0,0,0,20000,20000,0,0
053891,欣興群益98購01  ,0,0,0,0,0,0,0,0,0,0,0,0,0,10000,10000,0,0
056918,台積電兆豐98購01,0,0,0,0,0,0,0,0,0,0,0,0,0,300000,300000,0,0
056464,臺股指凱基99購06,0,0,0,0,0,0,0,0,0,0,0,0,0,10000,10000,0,0
057013,聯發科麥證98購01,0,0,0,60000,0,60000,0,0,0,0,0,0,0,60000,60000,0,0
056970,TPK永豐98購01   ,0,0,0,0,0,0,0,0,0,0,0,0,0,48000,48000,0,0
056990,聯發科兆豐98購01,0,0,0,0,0,0,0,0,0,0,0,0,0,73000,73000,0,0
056236,台積電群益97購06,0,0,0,0,0,0,0,0,0,0,0,0,0,20000,20000,0,0
051432,群創元富99購03  ,0,0,0,0,0,0,0,0,0,0,0,0,0,93000,93000,0,0
03682C,臺股指凱基9C牛07,0,0,0,0,0,0,0,0,0,0,0,0,0,10000,10000,0,0
045053,聯發科元富98購01,0,0,0,0,0,0,0,0,0,0,0,0,0,70000,70000,0,0
045054,聯發科元富98購02,0,0,0,0,0,0,0,0,0,0,0,0,0,140000,140000,0,0
054425,聯發科富邦99購03,0,0,0,0,0,0,0,0,0,0,0,0,0,20000,20000,0,0
054130,漢唐元大97購02  ,0,0,0,0,0,0,0,0,0,0,0,0,0,20000,20000,0,0
054209,台積電國票97購08,0,0,0,0,0,0,0,0,0,0,0,0,0,297000,297000,0,0
054218,S&P反1統一98購02,0,0,0,0,0,0,0,0,0,0,0,0,0,2000,2000,0,0
03052X,元展49          ,0,0,0,0,0,0,0,0,0,0,0,0,0,1000,1000,0,0
054437,欣興台新97購02  ,0,0,0,0,0,0,0,0,0,0,0,0,0,1000,1000,0,0
0055,元大MSCI金融    ,0,0,0,0,0,0,0,0,0,0,0,0,0,2000,2000,0,0
006204,永豐臺灣加權    ,0,0,0,0,0,0,0,0,0,0,0,0,0,1000,1000,0,0
00625K,富邦上証+R      ,0,0,0,0,0,0,0,0,0,0,0,0,0,57000,57000,0,0
00636K,國泰中國A50+U   ,0,0,0,0,0,0,0,0,0,0,0,0,0,100,100,0,0
00668K,國泰美國道瓊+U  ,0,0,0,0,0,0,0,0,0,0,0,0,0,100,100,0,0
00657K,國泰日經225+U   ,0,0,0,0,0,0,0,0,0,0,0,0,0,100,100,0,0
00685L,群益臺灣加權正2 ,0,0,0,0,0,0,0,0,0,0,0,0,0,39000,39000,0,0
00702,國泰標普低波高息,70000,0,70000,0,0,0,0,0,0,-70000,0,0,0,6000,76000,-70000,0
00706L,元大S&P日圓正2  ,0,0,0,0,0,0,0,0,0,0,0,0,0,1000,1000,0,0
00707R,元大S&P日圓反1  ,0,0,0,0,0,0,0,0,0,0,0,0,0,1000,1000,0,0
00774B,新光中國政金綠債,0,0,0,0,0,0,0,0,0,0,0,0,0,2000,2000,0,0
00775B,新光投等債15+   ,0,0,0,0,0,0,0,0,0,0,0,0,0,2000,2000,0,0
00865B,國泰US短期公債  ,0,0,0,0,0,0,0,0,0,0,0,0,0,100000,100000,0,0
061558,旺宏國票9B購02  ,0,0,0,0,0,0,0,0,0,0,0,0,0,26000,26000,0,0
061538,SP黃豆群益9A購03,0,0,0,0,0,0,0,0,0,0,0,0,0,50000,50000,0,0
064374,旺宏元富9C購01  ,0,0,0,0,0,0,0,0,0,0,0,0,0,11000,11000,0,0
064380,超眾元富9C購03  ,0,0,0,0,0,0,0,0,0,0,0,0,0,21000,21000,0,0
064336,可成元大9C購06  ,0,0,0,0,0,0,0,0,0,0,0,0,0,4000,4000,0,0
064338,美食元大9C購01  ,0,0,0,0,0,0,0,0,0,0,0,0,0,20000,20000,0,0
064300,英業達兆豐9C購01,0,0,0,0,0,0,0,0,0,0,0,0,0,10000,10000,0,0
061624,中租群益9A購01  ,0,0,0,0,0,0,0,0,0,0,0,0,0,10000,10000,0,0
061482,健策元大9C購01  ,0,0,0,0,0,0,0,0,0,0,0,0,0,1000,1000,0,0
061499,嘉晶國票9A購03  ,0,0,0,0,0,0,0,0,0,0,0,0,0,4000,4000,0,0
061403,滬深2X國票9A購06,0,0,0,0,0,0,0,0,0,0,0,0,0,10000,10000,0,0
062889,可成群益9C購01  ,0,0,0,0,0,0,0,0,0,0,0,0,0,10000,10000,0,0
062901,台積電元大9B購05,0,0,0,0,0,0,0,0,0,0,0,0,0,3000,3000,0,0
064121,國巨元大9C購16  ,0,0,0,0,0,0,0,0,0,0,0,0,0,100000,100000,0,0
064123,台積電元大9C購09,0,0,0,0,0,0,0,0,0,0,0,0,0,143000,143000,0,0
064141,國巨統一01購08  ,0,0,0,0,0,0,0,0,0,0,0,0,0,13000,13000,0,0
064099,億光群益9C購01  ,0,0,0,0,0,0,0,0,0,0,0,0,0,10000,10000,0,0
064390,台塑永豐9C購01  ,0,0,0,0,0,0,0,0,0,0,0,0,0,20000,20000,0,0
063832,矽創國票01購01  ,0,0,0,0,0,0,0,0,0,0,0,0,0,60000,60000,0,0
064218,南六凱基01購01  ,0,0,0,0,0,0,0,0,0,0,0,0,0,2000,2000,0,0
061111,台表科元大9A購02,0,0,0,0,0,0,0,0,0,0,0,0,0,3000,3000,0,0
061101,道瓊銀元大9A購02,0,0,0,0,0,0,0,0,0,0,0,0,0,15000,15000,0,0
061125,億光永豐9A購01  ,0,0,0,0,0,0,0,0,0,0,0,0,0,14000,14000,0,0
061067,貿聯凱基9A購03  ,0,0,0,0,0,0,0,0,0,0,0,0,0,37000,37000,0,0
061142,南電統一9A購01  ,0,0,0,0,0,0,0,0,0,0,0,0,0,20000,20000,0,0
061170,南茂兆豐9B購01  ,0,0,0,0,0,0,0,0,0,0,0,0,0,10000,10000,0,0
061365,國巨國票9B購05  ,0,0,0,0,0,0,0,0,0,0,0,0,0,15000,15000,0,0
060838,華通國票9A購05  ,0,0,0,0,0,0,0,0,0,0,0,0,0,2000,2000,0,0
060844,大立光國票9A購07,0,0,0,0,0,0,0,0,0,0,0,0,0,47000,47000,0,0
060836,上銀國票9A購03  ,0,0,0,0,0,0,0,0,0,0,0,0,0,4000,4000,0,0
060823,旺宏元大9A購05  ,0,0,0,0,0,0,0,0,0,0,0,0,0,10000,10000,0,0
060656,國巨統一9C購03  ,0,0,0,0,0,0,0,0,0,0,0,0,0,8000,8000,0,0
060695,同欣電麥證9A購01,0,0,0,25000,25000,0,0,0,0,0,0,0,0,25000,25000,0,0
060892,超眾統一9C購01  ,0,0,0,0,0,0,0,0,0,0,0,0,0,10000,10000,0,0
060946,世紀鋼國票9A購02,0,0,0,0,0,0,0,0,0,0,0,0,0,15000,15000,0,0
060993,健策元大9B購03  ,0,0,0,0,0,0,0,0,0,0,0,0,0,1000,1000,0,0
060016,廣達康和99購01  ,0,0,0,0,0,0,0,0,0,0,0,0,0,9000,9000,0,0
060011,臺股指群益9C購06,0,0,0,0,0,0,0,0,0,0,0,0,0,1000,1000,0,0
060036,上証2X國票99購03,0,0,0,0,0,0,0,0,0,0,0,0,0,20000,20000,0,0
060054,華新科凱基9B購04,0,0,0,0,0,0,0,0,0,0,0,0,0,150000,150000,0,0
060055,宏達電凱基99購06,0,0,0,0,0,0,0,0,0,0,0,0,0,1000,1000,0,0
059990,健策元大9A購01  ,0,0,0,0,0,0,0,0,0,0,0,0,0,1000,1000,0,0
060722,矽格永豐9A購01  ,0,0,0,0,0,0,0,0,0,0,0,0,0,19000,19000,0,0
060621,玉晶光元大9A購05,0,0,0,0,0,0,0,0,0,0,0,0,0,1000,1000,0,0
060649,國巨第一9A購01  ,0,0,0,0,0,0,0,0,0,0,0,0,0,8000,8000,0,0
060399,康友國票9A購02  ,0,0,0,0,0,0,0,0,0,0,0,0,0,38000,38000,0,0
060310,瑞昱永豐9A購01  ,0,0,0,0,0,0,0,0,0,0,0,0,0,5000,5000,0,0
060326,群光群益9A購01  ,0,0,0,0,0,0,0,0,0,0,0,0,0,5000,5000,0,0
060340,國巨統一01購02  ,0,0,0,0,0,0,0,0,0,0,0,0,0,8000,8000,0,0
060266,潤泰全國票9A購01,0,0,0,0,0,0,0,0,0,0,0,0,0,68000,68000,0,0
060227,和大元大9A購01  ,0,0,0,0,0,0,0,0,0,0,0,0,0,10000,10000,0,0
060253,昇陽半元大9C購01,0,0,0,0,0,0,0,0,0,0,0,0,0,20000,20000,0,0
062309,燿華凱基9B購01  ,0,0,0,0,0,0,0,0,0,0,0,0,0,30000,30000,0,0
062331,大立光統一9B購10,0,0,0,0,0,0,0,0,0,0,0,0,0,60000,60000,0,0
062292,旭富永豐9B購01  ,0,0,0,0,0,0,0,0,0,0,0,0,0,40000,40000,0,0
062257,聯發科元大9B購09,0,0,0,0,0,0,0,0,0,0,0,0,0,5000,5000,0,0
062261,嘉晶元大9B購02  ,0,0,0,0,0,0,0,0,0,0,0,0,0,1000,1000,0,0
061962,台積電統一01購03,0,0,0,0,0,0,0,0,0,0,0,0,0,172000,172000,0,0
061265,富邦金凱基9B購01,0,0,0,0,0,0,0,0,0,0,0,0,0,3000,3000,0,0
061247,玉晶光群益9A購09,0,0,0,0,0,0,0,0,0,0,0,0,0,2000,2000,0,0
060462,鴻海元大9A購10  ,0,0,0,0,0,0,0,0,0,0,0,0,0,20000,20000,0,0
061781,台積電群益9C購01,0,0,0,0,0,0,0,0,0,0,0,0,0,1000,1000,0,0
061722,健策永豐9B購03  ,0,0,0,0,0,0,0,0,0,0,0,0,0,1000,1000,0,0
062535,台積電麥證02購01,0,0,0,1000,1000,0,0,0,0,0,0,0,0,1000,1000,0,0
062503,玉晶光群益01購03,0,0,0,0,0,0,0,0,0,0,0,0,0,1000,1000,0,0
062476,神隆國票9B購01  ,0,0,0,0,0,0,0,0,0,0,0,0,0,38000,38000,0,0
062817,富邦金兆豐9B購01,0,0,0,0,0,0,0,0,0,0,0,0,0,81000,81000,0,0
062795,國巨統一9B購15  ,0,0,0,0,0,0,0,0,0,0,0,0,0,9000,9000,0,0
062728,健策凱基9B購04  ,0,0,0,0,0,0,0,0,0,0,0,0,0,1000,1000,0,0
062639,臻鼎國票9C購01  ,0,0,0,0,0,0,0,0,0,0,0,0,0,2000,2000,0,0
063429,南電凱基01購01  ,0,0,0,0,0,0,0,0,0,0,0,0,0,2000,2000,0,0
063475,同欣電元大9C購01,0,0,0,0,0,0,0,0,0,0,0,0,0,95000,95000,0,0
062421,台積電統一9C購09,0,0,0,0,0,0,0,0,0,0,0,0,0,40000,40000,0,0
063327,燿華國票9C購02  ,0,0,0,0,0,0,0,0,0,0,0,0,0,5000,5000,0,0
063312,台積電群益9B購07,0,0,0,0,0,0,0,0,0,0,0,0,0,2000,2000,0,0
063293,億豐元大9B購01  ,0,0,0,0,0,0,0,0,0,0,0,0,0,50000,50000,0,0
062371,健策元大9B購08  ,0,0,0,0,0,0,0,0,0,0,0,0,0,1000,1000,0,0
061848,國巨國票9B購07  ,0,0,0,0,0,0,0,0,0,0,0,0,0,14000,14000,0,0
061833,華新科凱基02購01,0,0,0,0,0,0,0,0,0,0,0,0,0,10000,10000,0,0
061818,富邦金群益9C購01,0,0,0,0,0,0,0,0,0,0,0,0,0,5000,5000,0,0
063530,同欣電凱基9C購02,0,0,0,0,0,0,0,0,0,0,0,0,0,27000,27000,0,0
061972,華新元大9B購01  ,0,0,0,0,0,0,0,0,0,0,0,0,0,9000,9000,0,0
061995,超眾元大01購01  ,0,0,0,0,0,0,0,0,0,0,0,0,0,18000,18000,0,0
062044,健策凱基9B購02  ,0,0,0,0,0,0,0,0,0,0,0,0,0,1000,1000,0,0
062087,瑞祺元大9B購02  ,0,0,0,0,0,0,0,0,0,0,0,0,0,3000,3000,0,0
061680,崇越元大9A購01  ,0,0,0,0,0,0,0,0,0,0,0,0,0,50000,50000,0,0
061684,T50反1群益9A購06,0,0,0,0,0,0,0,0,0,0,0,0,0,30000,30000,0,0
062202,國巨國票9C購04  ,0,0,0,0,0,0,0,0,0,0,0,0,0,9000,9000,0,0
061644,健策元大9C購02  ,0,0,0,0,0,0,0,0,0,0,0,0,0,8000,8000,0,0
062170,健策永豐9B購04  ,0,0,0,0,0,0,0,0,0,0,0,0,0,1000,1000,0,0
062196,聯發科中信01購02,0,0,0,0,0,0,0,0,0,0,0,0,0,10000,10000,0,0
065283,台積電群益01購01,0,0,0,0,0,0,0,0,0,0,0,0,0,2000,2000,0,0
065314,矽創國票01購02  ,0,0,0,0,0,0,0,0,0,0,0,0,0,108000,108000,0,0
065410,國巨永豐9C購01  ,0,0,0,0,0,0,0,0,0,0,0,0,0,9000,9000,0,0
065135,和大凱基01購01  ,0,0,0,0,0,0,0,0,0,0,0,0,0,4000,4000,0,0
065142,華邦電凱基01購01,0,0,0,0,0,0,0,0,0,0,0,0,0,70000,70000,0,0
065143,聯發科凱基9C購07,0,0,0,0,0,0,0,0,0,0,0,0,0,40000,40000,0,0
065172,義隆元大9C購05  ,0,0,0,0,0,0,0,0,0,0,0,0,0,5000,5000,0,0
065179,同欣電元大02購01,0,0,0,0,0,0,0,0,0,0,0,0,0,50000,50000,0,0
065210,健策國票01購03  ,0,0,0,0,0,0,0,0,0,0,0,0,0,35000,35000,0,0
065218,世芯國泰02購02  ,0,0,0,0,0,0,0,0,0,0,0,0,0,1000,1000,0,0
065250,同欣電麥證9C購01,0,0,0,2000,2000,0,0,0,0,0,0,0,0,2000,2000,0,0
064992,玉晶光兆豐01購01,0,0,0,0,0,0,0,0,0,0,0,0,0,70000,70000,0,0
064912,國巨統一01購09  ,0,0,0,0,0,0,0,0,0,0,0,0,0,7000,7000,0,0
064901,牧德群益9C購01  ,0,0,0,0,0,0,0,0,0,0,0,0,0,98000,98000,0,0
064910,臺股指麥證9C購04,0,0,0,5000,5000,0,0,0,0,0,0,0,0,5000,5000,0,0
063799,華邦電凱基9C購02,0,0,0,0,0,0,0,0,0,0,0,0,0,18000,18000,0,0
063797,台積電凱基02購02,0,0,0,0,0,0,0,0,0,0,0,0,0,1000,1000,0,0
063812,智邦群益9C購02  ,0,0,0,0,0,0,0,0,0,0,0,0,0,30000,30000,0,0
063820,華邦電麥證01購01,0,0,0,30000,10000,20000,0,0,0,0,0,0,0,40000,40000,0,0
063747,國巨國票9C購06  ,0,0,0,0,0,0,0,0,0,0,0,0,0,22000,22000,0,0
063736,大立光元大9B購08,0,0,0,0,0,0,0,0,0,0,0,0,0,50000,50000,0,0
063625,儒鴻元大9B購03  ,0,0,0,0,0,0,0,0,0,0,0,0,0,91000,91000,0,0
06448P,華通元大99售01  ,0,0,0,0,0,0,0,0,0,0,0,0,0,125000,125000,0,0
064493,南亞科元大9C購01,0,0,0,0,0,0,0,0,0,0,0,0,0,50000,50000,0,0
063937,上銀元大9C購02  ,0,0,0,0,0,0,0,0,0,0,0,0,0,100000,100000,0,0
064558,台積電群益9C購08,0,0,0,0,0,0,0,0,0,0,0,0,0,40000,40000,0,0
064012,泰碩國票01購02  ,0,0,0,0,0,0,0,0,0,0,0,0,0,46000,46000,0,0
064681,牧德兆豐01購01  ,0,0,0,0,0,0,0,0,0,0,0,0,0,5000,5000,0,0
064694,玉晶光群益02購02,0,0,0,0,0,0,0,0,0,0,0,0,0,3000,3000,0,0
064716,國巨統一9C購14  ,0,0,0,0,0,0,0,0,0,0,0,0,0,250000,250000,0,0
064604,聯茂元富9C購01  ,0,0,0,0,0,0,0,0,0,0,0,0,0,11000,11000,0,0
064608,滬深2X元大9C購11,0,0,0,0,0,0,0,0,0,0,0,0,0,4000,4000,0,0
064609,滬深2X元大9C購12,0,0,0,0,0,0,0,0,0,0,0,0,0,7000,7000,0,0
064610,儒鴻元大9C購03  ,0,0,0,0,0,0,0,0,0,0,0,0,0,53000,53000,0,0
064624,群創元大02購01  ,0,0,0,0,0,0,0,0,0,0,0,0,0,50000,50000,0,0
066068,台積電凱基02購06,0,0,0,0,0,0,0,0,0,0,0,0,0,1000,1000,0,0
066049,奇鋐元大02購01  ,0,0,0,0,0,0,0,0,0,0,0,0,0,12000,12000,0,0
066026,泰碩群益03購01  ,0,0,0,0,0,0,0,0,0,0,0,0,0,22000,22000,0,0
065941,超眾群益02購01  ,0,0,0,0,0,0,0,0,0,0,0,0,0,10000,10000,0,0
065991,牧德永豐01購01  ,0,0,0,0,0,0,0,0,0,0,0,0,0,10000,10000,0,0
065876,牧德群益02購01  ,0,0,0,0,0,0,0,0,0,0,0,0,0,25000,25000,0,0
065735,矽格凱基01購02  ,0,0,0,0,0,0,0,0,0,0,0,0,0,10000,10000,0,0
065737,南茂凱基9C購02  ,0,0,0,0,0,0,0,0,0,0,0,0,0,48000,48000,0,0
065595,鴻海元大9C購15  ,0,0,0,0,0,0,0,0,0,0,0,0,0,37000,37000,0,0
065623,瑞昱中信04購01  ,0,0,0,0,0,0,0,0,0,0,0,0,0,20000,20000,0,0
065645,嘉晶元大01購02  ,0,0,0,0,0,0,0,0,0,0,0,0,0,64000,64000,0,0
065677,南亞科統一03購02,5000,0,5000,0,0,0,0,0,0,-5000,0,0,0,0,5000,-5000,0
06556P,臺股指元大99售08,0,0,0,0,0,0,0,0,0,0,0,0,0,1000,1000,0,0
065435,臻鼎凱基02購01  ,0,0,0,0,0,0,0,0,0,0,0,0,0,30000,30000,0,0
065507,亞德客群益01購02,0,0,0,0,0,0,0,0,0,0,0,0,0,14000,14000,0,0
066554,嘉晶元大01購05  ,0,0,0,0,0,0,0,0,0,0,0,0,0,6000,6000,0,0
066638,聚碩凱基01購01  ,0,0,0,0,0,0,0,0,0,0,0,0,0,40000,40000,0,0
066640,達麗凱基01購01  ,0,0,0,0,0,0,0,0,0,0,0,0,0,50000,50000,0,0
066445,牧德群益01購01  ,0,0,0,0,0,0,0,0,0,0,0,0,0,98000,98000,0,0
066405,晶碩凱基01購01  ,0,0,0,0,0,0,0,0,0,0,0,0,0,32000,32000,0,0
066498,康控國泰02購01  ,0,0,0,0,0,0,0,0,0,0,0,0,0,33000,33000,0,0
066189,和潤凱基01購01  ,0,0,0,0,0,0,0,0,0,0,0,0,0,4000,4000,0,0
066221,康友台新01購01  ,0,0,0,0,0,0,0,0,0,0,0,0,0,38000,38000,0,0
066216,南電統一03購01  ,0,0,0,0,0,0,0,0,0,0,0,0,0,10000,10000,0,0
066091,南電永豐01購01  ,0,0,0,0,0,0,0,0,0,0,0,0,0,10000,10000,0,0
066291,惠特元大01購01  ,0,0,0,0,0,0,0,0,0,0,0,0,0,79000,79000,0,0
066385,巨大康和01購01  ,0,0,0,0,0,0,0,0,0,0,0,0,0,68000,68000,0,0
066379,台達電康和01購01,0,0,0,0,0,0,0,0,0,0,0,0,0,68000,68000,0,0
066377,健策兆豐01購02  ,0,0,0,0,0,0,0,0,0,0,0,0,0,10000,10000,0,0
3266,昇陽            ,3000,3000,0,0,0,0,0,0,0,0,0,0,0,0,0,0,0
4557,永新-KY         ,1000,1000,0,0,0,0,0,0,0,0,0,0,0,0,0,0,0
4722,國精化          ,11000,11000,0,0,0,0,0,0,0,0,0,0,0,0,0,0,0
2739,寒舍            ,1000,1000,0,0,0,0,0,0,0,0,0,0,0,0,0,0,0
2543,皇昌            ,1000,1000,0,0,0,0,0,0,0,0,0,0,0,0,0,0,0
2611,志信            ,1000,1000,0,0,0,0,0,0,0,0,0,0,0,0,0,0,0
6117,迎廣            ,1000,1000,0,0,0,0,0,0,0,0,0,0,0,0,0,0,0
6172,互億            ,4000,4000,0,0,0,0,0,0,0,0,0,0,0,0,0,0,0
6155,鈞寶            ,21000,21000,0,0,0,0,0,0,0,0,0,0,0,0,0,0,0
5283,禾聯碩          ,8000,8000,0,0,0,0,0,0,0,0,0,0,0,0,0,0,0
9925,新保            ,5000,5000,0,0,0,0,0,0,0,0,0,0,0,0,0,0,0
8072,陞泰            ,12000,12000,0,0,0,0,0,0,0,0,0,0,0,0,0,0,0
06977P,臺股指元大9A售15,0,0,0,0,0,0,0,0,0,-1000,0,0,0,0,1000,-1000,-1000
06970P,旺宏元大99售08  ,0,0,0,0,0,0,0,0,0,-1000,0,0,0,20000,21000,-1000,-1000
067583,金像電群益01購05,0,0,0,0,0,0,0,0,0,-1000,0,0,0,0,1000,-1000,-1000
067690,惠特元大01購04  ,0,0,0,0,0,0,0,0,0,-1000,0,0,0,0,1000,-1000,-1000
06782P,大立光元大99售07,0,0,0,0,0,0,0,0,0,-1000,0,0,0,0,1000,-1000,-1000
067375,大立光統一03購03,0,0,0,0,0,0,0,0,0,-1000,0,0,0,10000,11000,-1000,-1000
067366,巨大群益01購01  ,0,0,0,0,0,0,0,0,0,-1000,0,0,0,2000,3000,-1000,-1000
067554,聚陽國票02購02  ,0,0,0,0,0,0,0,0,0,-1000,0,0,0,0,1000,-1000,-1000
067556,義隆國票02購02  ,0,0,0,0,0,0,0,0,0,-1000,0,0,0,0,1000,-1000,-1000
067565,聯發科日盛01購01,0,0,0,0,0,0,0,0,0,-1000,0,0,0,0,1000,-1000,-1000
067567,瀚宇博康和01購01,0,0,0,0,0,0,0,0,0,-1000,0,0,0,0,1000,-1000,-1000
067571,大立光麥證01購04,0,0,0,0,1000,-1000,0,0,0,-1000,0,0,0,0,1000,-1000,-1000
067579,道瓊銀群益01購03,0,0,0,0,0,0,0,0,0,-1000,0,0,0,0,1000,-1000,-1000
067517,台積電台新01購04,0,0,0,0,0,0,0,0,0,-1000,0,0,0,1000,2000,-1000,-1000
07667P,亞德客元大9A售05,0,0,0,0,0,0,0,0,0,-1000,0,0,0,0,1000,-1000,-1000
07707P,玉山金元大9A售03,0,0,0,0,0,0,0,0,0,-1000,0,0,0,0,1000,-1000,-1000
07151P,台灣50統一9B售04,0,0,0,0,0,0,0,0,0,-1000,0,0,0,4000,5000,-1000,-1000
07067P,旺宏台新99售02  ,0,0,0,0,0,0,0,0,0,-1000,0,0,0,4000,5000,-1000,-1000
06669P,緯穎凱基98售05  ,0,0,0,0,0,0,0,0,0,-1000,0,0,0,0,1000,-1000,-1000
066813,亞德客兆豐01購01,0,0,0,0,0,0,0,0,0,-1000,0,0,0,14000,15000,-1000,-1000
066849,神達元大01購01  ,0,0,0,0,0,0,0,0,0,-1000,0,0,0,100000,101000,-1000,-1000
066969,可成元富07購01  ,0,0,0,0,0,0,0,0,0,-1000,0,0,0,0,1000,-1000,-1000
067315,京鼎元大01購05  ,0,0,0,0,0,0,0,0,0,-1000,0,0,0,39000,40000,-1000,-1000
067329,巨大康和01購02  ,0,0,0,0,0,0,0,0,0,-1000,0,0,0,0,1000,-1000,-1000
067125,健策富邦03購01  ,0,0,0,0,0,0,0,0,0,-1000,0,0,0,0,1000,-1000,-1000
07899P,和大凱基9B售01  ,0,0,0,0,0,0,0,0,0,-1000,0,0,0,0,1000,-1000,-1000
07861P,台灣50中信03售08,0,0,0,0,0,0,0,0,0,-1000,0,0,0,0,1000,-1000,-1000
08314P,國巨元大9C售14  ,0,0,0,0,0,0,0,0,0,-1000,0,0,0,0,1000,-1000,-1000
08495P,同欣電元大9C售08,0,0,0,0,0,0,0,0,0,-1000,0,0,0,41000,42000,-1000,-1000
08483P,金像電群益9C售02,0,0,0,0,0,0,0,0,0,-1000,0,0,0,0,1000,-1000,-1000
08414P,超眾凱基9C售02  ,0,0,0,0,0,0,0,0,0,-1000,0,0,0,53000,54000,-1000,-1000
08431P,景碩凱基9C售02  ,0,0,0,0,0,0,0,0,0,-1000,0,0,0,1000,2000,-1000,-1000
08353P,聯電元大9C售04  ,0,0,0,0,0,0,0,0,0,-1000,0,0,0,0,1000,-1000,-1000
08547P,大立光中信9C售04,0,0,0,0,0,0,0,0,0,-1000,0,0,0,0,1000,-1000,-1000
1713,國化            ,0,1000,-1000,0,0,0,0,0,0,0,0,0,0,0,0,0,-1000
1737,臺鹽            ,16000,12000,4000,0,0,0,0,0,0,-5000,0,5000,-5000,0,0,0,-1000
1725,元禎            ,0,1000,-1000,0,0,0,0,0,0,0,0,0,0,0,0,0,-1000
1805,寶徠            ,0,1000,-1000,0,0,0,0,0,0,0,0,0,0,0,0,0,-1000
1806,冠軍            ,3000,8000,-5000,0,0,0,0,0,0,4000,4000,0,4000,0,0,0,-1000
2028,威致            ,0,1000,-1000,0,0,0,0,0,0,0,0,0,0,0,0,0,-1000
2012,春雨            ,0,1000,-1000,0,0,0,0,0,0,0,0,0,0,0,0,0,-1000
2032,新鋼            ,0,1000,-1000,0,0,0,0,0,0,0,0,0,0,0,0,0,-1000
2033,佳大            ,1000,2000,-1000,0,0,0,0,0,0,0,0,0,0,0,0,0,-1000
2236,百達-KY         ,0,0,0,0,0,0,0,0,0,-1000,0,1000,-1000,0,0,0,-1000
08778P,台積電群益01售09,0,0,0,0,0,0,0,0,0,-1000,0,0,0,0,1000,-1000,-1000
08870P,鴻海群益01售09  ,0,0,0,0,0,0,0,0,0,-1000,0,0,0,35000,36000,-1000,-1000
1453,大將            ,2000,3000,-1000,0,0,0,0,0,0,0,0,0,0,0,0,0,-1000
1418,東華            ,0,1000,-1000,0,0,0,0,0,0,0,0,0,0,0,0,0,-1000
1441,大東            ,3000,4000,-1000,0,0,0,0,0,0,0,0,0,0,0,0,0,-1000
1524,耿鼎            ,3000,4000,-1000,0,0,0,0,0,0,0,0,0,0,0,0,0,-1000
1525,江申            ,0,1000,-1000,0,0,0,0,0,0,0,0,0,0,0,0,0,-1000
1465,偉全            ,5000,6000,-1000,0,0,0,0,0,0,0,0,0,0,0,0,0,-1000
1468,昶和            ,1000,2000,-1000,0,0,0,0,0,0,0,0,0,0,0,0,0,-1000
00691R,兆豐藍籌30反1   ,0,0,0,0,0,0,0,0,0,-1000,0,0,0,0,1000,-1000,-1000
03049X,元展46          ,0,0,0,0,0,0,0,0,0,-1000,0,0,0,0,1000,-1000,-1000
03022X,富展01          ,0,0,0,0,0,0,0,0,0,-1000,0,0,0,0,1000,-1000,-1000
03419B,臺股指元富99熊03,0,0,0,0,0,0,0,0,0,-1000,0,0,0,0,1000,-1000,-1000
03455B,臺股指凱基03熊06,0,0,0,0,0,0,0,0,0,-1000,0,0,0,0,1000,-1000,-1000
054158,國巨日盛99購01  ,0,0,0,0,0,0,0,0,0,-1000,0,0,0,0,1000,-1000,-1000
03681C,台灣50凱基02牛02,0,0,0,0,0,0,0,0,0,-1000,0,0,0,0,1000,-1000,-1000
049842,道瓊反中信98購01,0,0,0,0,0,0,0,0,0,-1000,0,0,0,0,1000,-1000,-1000
057056,立積元大99購02  ,0,0,0,0,0,0,0,0,0,-1000,0,0,0,0,1000,-1000,-1000
057031,滬深反元大9B購02,0,0,0,0,0,0,0,0,0,-1000,0,0,0,0,1000,-1000,-1000
056288,健鼎永豐97購01  ,0,0,0,0,0,0,0,0,0,-1000,0,0,0,0,1000,-1000,-1000
054768,泰碩國票99購02  ,0,0,0,0,0,0,0,0,0,-1000,0,0,0,1000,2000,-1000,-1000
054679,台積電康和99購01,0,0,0,0,0,0,0,0,0,-1000,0,0,0,2000,3000,-1000,-1000
056667,上銀國票99購01  ,0,0,0,0,0,0,0,0,0,-1000,0,0,0,0,1000,-1000,-1000
057164,國巨元大98購14  ,0,0,0,0,0,0,0,0,0,-1000,0,0,0,0,1000,-1000,-1000
055503,健策元大98購05  ,0,0,0,0,0,0,0,0,0,-1000,0,0,0,0,1000,-1000,-1000
057364,國巨元大98購18  ,0,0,0,0,0,0,0,0,0,-1000,0,0,0,0,1000,-1000,-1000
057346,鴻海統一98購13  ,0,0,0,0,0,0,0,0,0,-1000,0,0,0,0,1000,-1000,-1000
059176,臺股指凱基99購27,0,0,0,0,0,0,0,0,0,-1000,0,0,0,0,1000,-1000,-1000
059242,南亞科凱基99購06,0,0,0,0,0,0,0,0,0,-1000,0,0,0,110000,111000,-1000,-1000
058230,國巨元大99購11  ,0,0,0,0,0,0,0,0,0,-1000,0,0,0,0,1000,-1000,-1000
059513,揚明光永豐99購01,0,0,0,0,0,0,0,0,0,-1000,0,0,0,0,1000,-1000,-1000
058170,國巨凱基9A購06  ,0,0,0,0,0,0,0,0,0,-1000,0,0,0,3000,4000,-1000,-1000
058173,台積電凱基99購04,0,0,0,0,0,0,0,0,0,-1000,0,0,0,44000,45000,-1000,-1000
057612,瑞昱元富02購01  ,0,0,0,0,0,0,0,0,0,-1000,0,0,0,0,1000,-1000,-1000
058610,欣興元大99購05  ,0,0,0,0,0,0,0,0,0,-1000,0,0,0,0,1000,-1000,-1000
057670,欣興元大99購02  ,0,0,0,0,0,0,0,0,0,-1000,0,0,0,0,1000,-1000,-1000
057691,健策凱基99購01  ,0,0,0,0,0,0,0,0,0,-1000,0,0,0,2000,3000,-1000,-1000
057783,台積電國票9A購01,0,0,0,0,0,0,0,0,0,-1000,0,0,0,59000,60000,-1000,-1000
057809,英業達元大98購01,0,0,0,0,0,0,0,0,0,-1000,0,0,0,0,1000,-1000,-1000
058422,百和麥證99購01  ,0,0,0,0,1000,-1000,0,0,0,-1000,0,0,0,0,1000,-1000,-1000
063144,超眾統一9C購02  ,0,0,0,0,0,0,0,0,0,-1000,0,0,0,9000,10000,-1000,-1000
063389,大立光兆豐9C購02,0,0,0,0,0,0,0,0,0,-1000,0,0,0,1000,2000,-1000,-1000
059692,聯詠永豐99購01  ,0,0,0,0,0,0,0,0,0,-1000,0,0,0,0,1000,-1000,-1000
058963,華新科兆豐99購05,0,0,0,0,0,0,0,0,0,-1000,0,0,0,0,1000,-1000,-1000
058979,上銀凱基99購04  ,0,0,0,0,0,0,0,0,0,-1000,0,0,0,3000,4000,-1000,-1000
058981,國巨凱基99購10  ,0,0,0,0,0,0,0,0,0,-1000,0,0,0,10000,11000,-1000,-1000
058997,鴻海元大99購21  ,0,0,0,0,0,0,0,0,0,-1000,0,0,0,2000,3000,-1000,-1000
059151,臺股指國票99購14,0,0,0,0,0,0,0,0,0,-1000,0,0,0,5000,6000,-1000,-1000
059165,南亞科凱基99購04,0,0,0,0,0,0,0,0,0,-1000,0,0,0,0,1000,-1000,-1000
058331,鴻海元富99購02  ,0,0,0,0,0,0,0,0,0,-1000,0,0,0,0,1000,-1000,-1000
058368,奇鋐凱基9A購01  ,0,0,0,0,0,0,0,0,0,-1000,0,0,0,1000,2000,-1000,-1000
058811,台積電統一9A購05,0,0,0,0,0,0,0,0,0,-1000,0,0,0,99000,100000,-1000,-1000
058709,臺股指元大9A購22,0,0,0,0,0,0,0,0,0,-1000,0,0,0,0,1000,-1000,-1000
058006,台郡群益98購04  ,0,0,0,0,0,0,0,0,0,-1000,0,0,0,49000,50000,-1000,-1000
061634,遠東新元大9A購01,0,0,0,0,0,0,0,0,0,-1000,0,0,0,19000,20000,-1000,-1000
061810,S&P反1群益9B購02,0,0,0,0,0,0,0,0,0,-1000,0,0,0,0,1000,-1000,-1000
061851,智邦國票9B購01  ,0,0,0,0,0,0,0,0,0,-1000,0,0,0,0,1000,-1000,-1000
063304,大立光凱基01購02,0,0,0,0,0,0,0,0,0,-1000,0,0,0,0,1000,-1000,-1000
063278,國巨元大9C購04  ,0,0,0,0,0,0,0,0,0,-1000,0,0,0,0,1000,-1000,-1000
062417,鴻海統一9C購08  ,0,0,0,0,0,0,0,0,0,-1000,0,0,0,0,1000,-1000,-1000
063468,聯詠元大9B購04  ,0,0,0,0,0,0,0,0,0,-1000,0,0,0,3000,4000,-1000,-1000
06343P,臺股指統一98售01,0,0,0,0,0,0,0,0,0,-1000,0,0,0,0,1000,-1000,-1000
062990,台積電群益9B購06,0,0,0,0,0,0,0,0,0,-1000,0,0,0,54000,55000,-1000,-1000
062743,微星國泰01購01  ,0,0,0,0,0,0,0,0,0,-1000,0,0,0,4000,5000,-1000,-1000
062768,南電凱基9B購04  ,0,0,0,0,0,0,0,0,0,-1000,0,0,0,2000,3000,-1000,-1000
062357,國巨元大9B購11  ,0,0,0,0,0,0,0,0,0,-1000,0,0,0,0,1000,-1000,-1000
061728,華新科麥證9A購02,0,0,0,0,1000,-1000,0,0,0,-1000,0,0,0,0,1000,-1000,-1000
061753,南亞科台新9B購01,0,0,0,0,0,0,0,0,0,-1000,0,0,0,0,1000,-1000,-1000
061244,和碩兆豐9A購01  ,0,0,0,0,0,0,0,0,0,-1000,0,0,0,0,1000,-1000,-1000
061229,緯穎中信9B購01  ,0,0,0,0,0,0,0,0,0,-1000,0,0,0,0,1000,-1000,-1000
060595,台灣50凱基04購04,0,0,0,0,0,0,0,0,0,-1000,0,0,0,0,1000,-1000,-1000
06054P,臺股指中信9A售01,0,0,0,0,0,0,0,0,0,-1000,0,0,0,0,1000,-1000,-1000
061955,FANG+統一9B購01 ,0,0,0,0,0,0,0,0,0,-1000,0,0,0,0,1000,-1000,-1000
061947,旺宏群益9B購02  ,0,0,0,0,0,0,0,0,0,-1000,0,0,0,0,1000,-1000,-1000
061927,玉晶光凱基9C購01,0,0,0,0,0,0,0,0,0,-1000,0,0,0,0,1000,-1000,-1000
062278,聯發科群益9C購01,0,0,0,0,0,0,0,0,0,-1000,0,0,0,0,1000,-1000,-1000
062293,麗豐永豐9B購01  ,0,0,0,0,0,0,0,0,0,-1000,0,0,0,0,1000,-1000,-1000
060350,元黃金元富9B購01,0,0,0,0,0,0,0,0,0,-1000,0,0,0,0,1000,-1000,-1000
060311,盟立永豐9A購01  ,0,0,0,0,0,0,0,0,0,-1000,0,0,0,30000,31000,-1000,-1000
060314,元翎永豐9A購01  ,0,0,0,0,0,0,0,0,0,-1000,0,0,0,0,1000,-1000,-1000
060406,瑞祺國泰9B購01  ,0,0,0,0,0,0,0,0,0,-1000,0,0,0,0,1000,-1000,-1000
060361,南亞科元富9A購03,0,0,0,0,0,0,0,0,0,-1000,0,0,0,9000,10000,-1000,-1000
060007,鴻海群益99購04  ,0,0,0,0,0,0,0,0,0,-1000,0,0,0,0,1000,-1000,-1000
060064,華新科兆豐99購07,0,0,0,0,0,0,0,0,0,-1000,0,0,0,15000,16000,-1000,-1000
060039,大立光國票99購04,0,0,0,0,0,0,0,0,0,-1000,0,0,0,49000,50000,-1000,-1000
060188,華新科元富9A購03,0,0,0,0,0,0,0,0,0,-1000,0,0,0,13000,14000,-1000,-1000
060988,華新科元大9A購12,0,0,0,0,0,0,0,0,0,-1000,0,0,0,0,1000,-1000,-1000
060975,滬深2X元大01購02,0,0,0,0,0,0,0,0,0,-1000,0,0,0,0,1000,-1000,-1000
060954,國泰金群益9A購02,0,0,0,0,0,0,0,0,0,-1000,0,0,0,3000,4000,-1000,-1000
060680,玉晶光元大9C購03,0,0,0,0,0,0,0,0,0,-1000,0,0,0,2000,3000,-1000,-1000
060672,鴻海元大9A購14  ,0,0,0,0,0,0,0,0,0,-1000,0,0,0,0,1000,-1000,-1000
060675,南亞科元大9A購02,0,0,0,0,0,0,0,0,0,-1000,0,0,0,0,1000,-1000,-1000
060861,漢唐永豐9A購01  ,0,0,0,0,0,0,0,0,0,-1000,0,0,0,0,1000,-1000,-1000
061176,聯發科凱基9A購14,0,0,0,0,0,0,0,0,0,-1000,0,0,0,0,1000,-1000,-1000
063894,漢唐群益9C購01  ,0,0,0,0,0,0,0,0,0,-1000,0,0,0,0,1000,-1000,-1000
064105,南茂群益9C購01  ,0,0,0,0,0,0,0,0,0,-1000,0,0,0,0,1000,-1000,-1000
06406P,可成元富97售04  ,0,0,0,0,0,0,0,0,0,-1000,0,0,0,0,1000,-1000,-1000
064142,國巨統一9C購13  ,0,0,0,0,0,0,0,0,0,-1000,0,0,0,13000,14000,-1000,-1000
064138,亞德客統一01購02,0,0,0,0,0,0,0,0,0,-1000,0,0,0,5000,6000,-1000,-1000
062883,智易兆豐9C購01  ,0,0,0,0,0,0,0,0,0,-1000,0,0,0,0,1000,-1000,-1000
061453,台達電凱基9B購01,0,0,0,0,0,0,0,0,0,-1000,0,0,0,0,1000,-1000,-1000
061469,瑞祺群益9A購02  ,0,0,0,0,0,0,0,0,0,-1000,0,0,0,0,1000,-1000,-1000
066121,道瓊反群益04購01,0,0,0,0,0,0,0,0,0,-1000,0,0,0,0,1000,-1000,-1000
066183,眾達凱基01購01  ,0,0,0,0,0,0,0,0,0,-1000,0,0,0,77000,78000,-1000,-1000
066664,嘉晶凱基02購01  ,0,0,0,0,0,0,0,0,0,-1000,0,0,0,0,1000,-1000,-1000
066583,上証2X群益03購01,0,0,0,0,0,0,0,0,0,-1000,0,0,0,19000,20000,-1000,-1000
065503,燿華永豐9C購04  ,0,0,0,0,0,0,0,0,0,-1000,0,0,0,0,1000,-1000,-1000
065487,臺股指元大9C購25,0,0,0,0,0,0,0,0,0,-1000,0,0,0,0,1000,-1000,-1000
06543P,鴻海元大98售08  ,0,0,0,0,0,0,0,0,0,-1000,0,0,0,0,1000,-1000,-1000
065427,台積電凱基02購04,0,0,0,0,0,0,0,0,0,-1000,0,0,0,0,1000,-1000,-1000
065581,寶成群益9C購01  ,0,0,0,0,0,0,0,0,0,-1000,0,0,0,97000,98000,-1000,-1000
065584,華通富邦01購01  ,0,0,0,0,0,0,0,0,0,-1000,0,0,0,0,1000,-1000,-1000
065592,FBVIX元大9C購06 ,0,0,0,0,0,0,0,0,0,-1000,0,0,0,0,1000,-1000,-1000
065890,台積電統一03購01,0,0,0,0,0,0,0,0,0,-1000,0,0,0,100000,101000,-1000,-1000
065856,中租元大9C購03  ,0,0,0,0,0,0,0,0,0,-1000,0,0,0,99000,100000,-1000,-1000
06578P,華新科國票98售02,0,0,0,0,0,0,0,0,0,-1000,0,0,0,0,1000,-1000,-1000
065970,燿華元大02購01  ,0,0,0,0,0,0,0,0,0,-1000,0,0,0,0,1000,-1000,-1000
064728,健策統一9C購04  ,0,0,0,0,0,0,0,0,0,-1000,0,0,0,59000,60000,-1000,-1000
064710,元金2X統一03購01,0,0,0,0,0,0,0,0,0,-1000,0,0,0,0,1000,-1000,-1000
064000,台郡兆豐9C購01  ,0,0,0,0,0,0,0,0,0,-1000,0,0,0,36000,37000,-1000,-1000
064550,南茂凱基01購01  ,0,0,0,0,0,0,0,0,0,-1000,0,0,0,6000,7000,-1000,-1000
064525,臺股指群益9C購10,0,0,0,0,0,0,0,0,0,-1000,0,0,0,0,1000,-1000,-1000
06491P,台積電富邦99售02,0,0,0,0,0,0,0,0,0,-1000,0,0,0,0,1000,-1000,-1000
065168,台積電元大02購02,0,0,0,0,0,0,0,0,0,-1000,0,0,0,0,1000,-1000,-1000
065090,大立光元大9C購24,0,9000,-9000,0,0,0,0,0,0,8000,0,0,0,9000,1000,8000,-1000
065399,新日興群益01購01,0,0,0,0,0,0,0,0,0,-1000,0,0,0,14000,15000,-1000,-1000
9906,欣巴巴          ,0,1000,-1000,0,0,0,0,0,0,0,0,0,0,0,0,0,-1000
8482,商億-KY         ,0,1000,-1000,0,0,0,0,0,0,0,0,0,0,0,0,0,-1000
8442,威宏-KY         ,0,1000,-1000,0,0,0,0,0,0,0,0,0,0,0,0,0,-1000
6183,關貿            ,28000,30000,-2000,0,0,0,0,0,0,1000,0,0,0,1000,0,1000,-1000
2712,遠雄來          ,2000,3000,-1000,0,0,0,0,0,0,0,0,0,0,0,0,0,-1000
2901,欣欣            ,0,1000,-1000,0,0,0,0,0,0,0,0,0,0,0,0,0,-1000
2929,淘帝-KY         ,59000,60000,-1000,0,0,0,0,0,0,0,0,0,0,0,0,0,-1000
3025,星通            ,0,1000,-1000,0,0,0,0,0,0,0,0,0,0,0,0,0,-1000
4764,雙鍵            ,0,1000,-1000,0,0,0,0,0,0,0,0,0,0,0,0,0,-1000
4912,聯德控股-KY     ,3000,4000,-1000,0,0,0,0,0,0,0,0,0,0,0,0,0,-1000
1507,永大            ,1000,3000,-2000,0,0,0,0,0,0,0,0,0,0,0,0,0,-2000
1410,南染            ,0,2000,-2000,0,0,0,0,0,0,0,0,0,0,0,0,0,-2000
1236,宏亞            ,0,2000,-2000,0,0,0,0,0,0,0,0,0,0,0,0,0,-2000
1233,天仁            ,0,2000,-2000,0,0,0,0,0,0,0,0,0,0,0,0,0,-2000
08796P,晶技凱基01售01  ,0,0,0,0,0,0,0,0,0,-2000,0,0,0,8000,10000,-2000,-2000
08797P,健策凱基02售03  ,0,0,0,0,0,0,0,0,0,-2000,0,0,0,123000,125000,-2000,-2000
2024,志聯            ,0,2000,-2000,0,0,0,0,0,0,0,0,0,0,0,0,0,-2000
2483,百容            ,1000,3000,-2000,0,0,0,0,0,0,0,0,0,0,0,0,0,-2000
08342P,健策永豐9C售01  ,0,0,0,0,0,0,0,0,0,-2000,0,0,0,7000,9000,-2000,-2000
08408P,臺股指元大9C售14,0,0,0,0,0,0,0,0,0,-2000,0,0,0,0,2000,-2000,-2000
08307P,台積電凱基9C售03,0,0,0,0,0,0,0,0,0,-2000,0,0,0,10000,12000,-2000,-2000
07873P,華新科群益9B售03,0,0,0,0,0,0,0,0,0,-2000,0,0,0,0,2000,-2000,-2000
07910P,台積電統一9C售07,0,0,0,0,0,0,0,0,0,-2000,0,0,0,0,2000,-2000,-2000
067126,康控富邦03購02  ,0,0,0,0,0,0,0,0,0,-2000,0,0,0,0,2000,-2000,-2000
067163,眾達國票02購01  ,0,0,0,0,0,0,0,0,0,-2000,0,0,0,35000,37000,-2000,-2000
067066,鴻海元大01購15  ,0,0,0,0,0,0,0,0,0,-2000,0,0,0,0,2000,-2000,-2000
067218,鎧勝元大01購04  ,0,0,0,0,0,0,0,0,0,-2000,0,0,0,0,2000,-2000,-2000
067239,聯陽群益01購01  ,0,0,0,0,0,0,0,0,0,-2000,0,0,0,0,2000,-2000,-2000
066695,A50正2群益03購01,0,0,0,0,0,0,0,0,0,-2000,0,0,0,0,2000,-2000,-2000
07462P,臺股指元大9B售05,0,0,0,0,0,0,0,0,0,-2000,0,0,0,0,2000,-2000,-2000
07404P,華新科凱基99售10,0,0,0,0,0,0,0,0,0,-2000,0,0,0,0,2000,-2000,-2000
07487P,鴻海國票9A售01  ,0,0,0,0,0,0,0,0,0,-2000,0,0,0,0,2000,-2000,-2000
067512,台郡統一02購03  ,0,0,0,0,0,0,0,0,0,-2000,0,0,0,0,2000,-2000,-2000
067533,瑞昱群益01購02  ,0,0,0,0,0,0,0,0,0,-2000,0,0,0,0,2000,-2000,-2000
06757P,台灣50元大9B售01,0,0,0,0,0,0,0,0,0,-2000,0,0,0,10000,12000,-2000,-2000
067555,旺宏國票02購01  ,0,0,0,0,0,0,0,0,0,-2000,0,0,0,0,2000,-2000,-2000
067631,上銀永豐01購01  ,0,0,0,0,0,0,0,0,0,-2000,0,0,0,50000,52000,-2000,-2000
067622,同欣電國泰02購01,0,0,0,0,0,0,0,0,0,-2000,0,0,0,0,2000,-2000,-2000
06838P,台積電統一99售05,0,0,0,0,0,0,0,0,0,-2000,0,0,0,0,2000,-2000,-2000
057870,大立光凱基99購02,0,0,0,0,0,0,0,0,0,-2000,0,0,0,44000,46000,-2000,-2000
058673,華新科群益9A購02,0,0,0,0,0,0,0,0,0,-2000,0,0,0,51000,53000,-2000,-2000
058768,南港兆豐99購01  ,0,0,0,0,0,0,0,0,0,-2000,0,0,0,10000,12000,-2000,-2000
058833,台表科永豐99購01,0,0,0,0,0,0,0,0,0,-2000,0,0,0,18000,20000,-2000,-2000
058311,緯穎元大99購05  ,0,0,0,0,0,0,0,0,0,-2000,0,0,0,0,2000,-2000,-2000
059145,創意國票99購02  ,0,0,0,0,0,0,0,0,0,-2000,0,0,0,1000,3000,-2000,-2000
058933,FBVIX台新9B購01 ,0,0,0,0,0,0,0,0,0,-2000,0,0,0,0,2000,-2000,-2000
058890,元油2X元大9C購06,0,0,0,0,0,0,0,0,0,-2000,0,0,0,7000,9000,-2000,-2000
059538,健策凱基99購03  ,0,0,0,0,0,0,0,0,0,-2000,0,0,0,0,2000,-2000,-2000
059905,A50正2元大9C購06,0,0,0,0,0,0,0,0,0,-2000,0,0,0,5000,7000,-2000,-2000
063022,嘉晶元大9B購04  ,0,0,0,0,0,0,0,0,0,-2000,0,0,0,31000,33000,-2000,-2000
063157,鴻海台新9B購02  ,0,0,0,0,0,0,0,0,0,-2000,0,0,0,0,2000,-2000,-2000
063245,富邦金元大9B購03,0,0,0,0,0,0,0,0,0,-2000,0,0,0,0,2000,-2000,-2000
058473,上銀凱基9A購03  ,0,0,0,0,0,0,0,0,0,-2000,0,0,0,0,2000,-2000,-2000
058468,聯茂中信99購02  ,0,0,0,0,0,0,0,0,0,-2000,0,0,0,0,2000,-2000,-2000
058437,可成統一9B購01  ,0,0,0,0,0,0,0,0,0,-2000,0,0,0,10000,12000,-2000,-2000
057586,台積電國票99購06,0,0,0,0,0,0,0,0,0,-2000,0,0,0,0,2000,-2000,-2000
057596,聯茂兆豐99購01  ,0,0,0,0,0,0,0,0,0,-2000,0,0,0,0,2000,-2000,-2000
058088,鴻海元大9A購01  ,0,0,0,0,0,0,0,0,0,-2000,0,0,0,0,2000,-2000,-2000
059259,FBVIX中信03購06 ,0,0,0,0,0,0,0,0,0,-2000,0,0,0,12000,14000,-2000,-2000
059335,台灣50凱基03購02,0,0,0,0,0,0,0,0,0,-2000,0,0,0,0,2000,-2000,-2000
057355,彩晶統一98購03  ,0,0,0,0,0,0,0,0,0,-2000,0,0,0,0,2000,-2000,-2000
055336,茂林兆豐98購01  ,0,0,0,0,0,0,0,0,0,-2000,0,0,0,8000,10000,-2000,-2000
055820,矽力國票98購02  ,0,0,0,0,0,0,0,0,0,-2000,0,0,0,0,2000,-2000,-2000
055551,致茂凱基98購01  ,0,0,0,0,0,0,0,0,0,-2000,0,0,0,0,2000,-2000,-2000
056745,聯茂凱基99購03  ,0,0,0,0,0,0,0,0,0,-2000,0,0,0,0,2000,-2000,-2000
054565,玉晶光群益99購02,0,0,0,0,0,0,0,0,0,-2000,0,0,0,0,2000,-2000,-2000
052766,玉晶光群益9A購01,0,0,0,0,0,0,0,0,0,-2000,0,0,0,0,2000,-2000,-2000
055007,晶相光元富9A購02,0,0,0,0,0,0,0,0,0,-2000,0,0,0,0,2000,-2000,-2000
056200,大毅永豐98購01  ,0,0,0,0,0,0,0,0,0,-2000,0,0,0,0,2000,-2000,-2000
051603,深中小群益99購03,0,0,0,0,0,0,0,0,0,-2000,0,0,0,11000,13000,-2000,-2000
03010X,元展10          ,0,0,0,0,0,0,0,0,0,-2000,0,0,0,0,2000,-2000,-2000
00866,新光Shiller CAPE,0,0,0,0,0,0,0,0,0,-2000,0,0,0,26000,28000,-2000,-2000
00731,FH富時高息低波  ,8000,8000,0,0,0,0,0,0,0,-2000,0,0,0,1094000,1096000,-2000,-2000
00657,國泰日經225     ,0,0,0,0,0,0,0,0,0,-2000,0,0,0,101000,103000,-2000,-2000
061468,神達群益9A購01  ,0,0,0,0,0,0,0,0,0,-2000,0,0,0,0,2000,-2000,-2000
061455,京元電凱基9B購01,0,0,0,0,0,0,0,0,0,-2000,0,0,0,789000,791000,-2000,-2000
062884,康控兆豐9C購01  ,0,0,0,0,0,0,0,0,0,-2000,0,0,0,0,2000,-2000,-2000
062862,瑞儀國票9B購01  ,0,0,0,0,0,0,0,0,0,-2000,0,0,0,0,2000,-2000,-2000
062910,亞光元大9B購01  ,0,0,0,0,0,0,0,0,0,-2000,0,0,0,26000,28000,-2000,-2000
064134,瑞祺元大9C購02  ,0,0,0,0,0,0,0,0,0,-2000,0,0,0,4000,6000,-2000,-2000
064203,康控兆豐9C購02  ,0,0,0,0,0,0,0,0,0,-2000,0,0,0,14000,16000,-2000,-2000
064074,南茂永豐9C購01  ,0,0,0,0,0,0,0,0,0,-2000,0,0,0,0,2000,-2000,-2000
064089,新日興凱基02購01,0,0,0,0,0,0,0,0,0,-2000,0,0,0,68000,70000,-2000,-2000
064410,超眾凱基02購01  ,0,0,0,0,0,0,0,0,0,-2000,0,0,0,18000,20000,-2000,-2000
064227,和碩國票01購01  ,0,0,0,0,0,0,0,0,0,-2000,0,0,0,0,2000,-2000,-2000
061059,世芯國票9B購01  ,0,0,0,0,0,0,0,0,0,-2000,0,0,0,0,2000,-2000,-2000
060872,高股息中信02購01,0,0,0,0,0,0,0,0,0,-2000,0,0,0,0,2000,-2000,-2000
060979,國巨元大9A購14  ,0,0,0,0,0,0,0,0,0,-2000,0,0,0,0,2000,-2000,-2000
060151,旺宏富邦9A購02  ,0,0,0,0,0,0,0,0,0,-2000,0,0,0,0,2000,-2000,-2000
060759,南亞科元大9A購03,0,0,0,0,0,0,0,0,0,-2000,0,0,0,1000,3000,-2000,-2000
060705,台光電富邦9B購01,0,0,0,0,0,0,0,0,0,-2000,0,0,0,0,2000,-2000,-2000
060239,國揚元大9C購01  ,0,0,0,0,0,0,0,0,0,-2000,0,0,0,0,2000,-2000,-2000
060200,同欣電元富9A購01,0,0,0,0,0,0,0,0,0,-2000,0,0,0,0,2000,-2000,-2000
062321,力成台新9B購01  ,0,0,0,0,0,0,0,0,0,-2000,0,0,0,0,2000,-2000,-2000
060519,S&P500中信01購01,0,0,0,0,0,0,0,0,0,-2000,0,0,0,0,2000,-2000,-2000
060568,SP黃豆永豐9A購01,0,0,0,0,0,0,0,0,0,-2000,0,0,0,0,2000,-2000,-2000
061741,新光金凱基9B購01,0,0,0,0,0,0,0,0,0,-2000,0,0,0,0,2000,-2000,-2000
062349,新日興群益9B購02,0,0,0,0,0,0,0,0,0,-2000,0,0,0,8000,10000,-2000,-2000
062512,美食國票9B購01  ,0,0,0,0,0,0,0,0,0,-2000,0,0,0,0,2000,-2000,-2000
062562,瑞儀凱基9B購02  ,0,0,0,0,0,0,0,0,0,-2000,0,0,0,5000,7000,-2000,-2000
062625,華通國票9B購02  ,0,0,0,0,0,0,0,0,0,-2000,0,0,0,48000,50000,-2000,-2000
062720,南亞科凱基9B購03,0,0,0,0,0,0,0,0,0,-2000,0,0,0,0,2000,-2000,-2000
062996,致茂國票9C購01  ,0,0,0,0,0,0,0,0,0,-2000,0,0,0,0,2000,-2000,-2000
063424,新日興凱基01購01,0,0,0,0,0,0,0,0,0,-2000,0,0,0,0,2000,-2000,-2000
063437,聚陽統一01購01  ,0,0,0,0,0,0,0,0,0,-2000,0,0,0,1000,3000,-2000,-2000
061811,A50正2群益01購03,0,0,0,0,0,0,0,0,0,-2000,0,0,0,0,2000,-2000,-2000
062206,緯創國票9B購01  ,0,0,0,0,0,0,0,0,0,-2000,0,0,0,0,2000,-2000,-2000
061683,台灣50群益9B購09,0,0,0,0,0,0,0,0,0,-2000,0,0,0,0,2000,-2000,-2000
062140,元金2X國票9B購03,0,0,0,0,0,0,0,0,0,-2000,0,0,0,0,2000,-2000,-2000
062037,華新凱基9B購01  ,0,0,0,0,0,0,0,0,0,-2000,0,0,0,0,2000,-2000,-2000
065373,聯發科元大01購03,0,0,0,0,0,0,0,0,0,-2000,0,0,0,0,2000,-2000,-2000
065330,億豐凱基9C購03  ,0,0,0,0,0,0,0,0,0,-2000,0,0,0,8000,10000,-2000,-2000
065284,旺宏群益9C購03  ,0,0,0,0,0,0,0,0,0,-2000,0,0,0,42000,44000,-2000,-2000
065161,矽格群益9C購01  ,0,0,0,0,0,0,0,0,0,-2000,0,0,0,0,2000,-2000,-2000
065148,滬深2X群益02購02,0,0,0,0,0,0,0,0,0,-2000,0,0,0,0,2000,-2000,-2000
065153,金像電群益9C購03,0,0,0,0,0,0,0,0,0,-2000,0,0,0,2000,4000,-2000,-2000
065209,國泰金國票01購01,0,0,0,0,0,0,0,0,0,-2000,0,0,0,1000,3000,-2000,-2000
06496P,台灣50日盛98售01,0,0,0,0,0,0,0,0,0,-2000,0,0,0,0,2000,-2000,-2000
065057,臺股指凱基9C購21,0,0,0,0,0,0,0,0,0,-2000,0,0,0,1000,3000,-2000,-2000
065060,上銀群益9C購02  ,0,0,0,0,0,0,0,0,0,-2000,0,0,0,10000,12000,-2000,-2000
064878,大立光兆豐9C購03,0,0,0,0,0,0,0,0,0,-2000,0,0,0,0,2000,-2000,-2000
064887,嘉晶中信9C購02  ,0,0,0,0,0,0,0,0,0,-2000,0,0,0,0,2000,-2000,-2000
063588,華新科永豐9B購02,0,0,0,0,0,0,0,0,0,-2000,0,0,0,6000,8000,-2000,-2000
064485,儒鴻元大01購01  ,0,0,0,0,0,0,0,0,0,-2000,0,0,0,102000,104000,-2000,-2000
063755,上銀統一9C購03  ,0,0,0,0,0,0,0,0,0,-2000,0,0,0,0,2000,-2000,-2000
064018,儒鴻元大9C購02  ,0,0,0,0,0,0,0,0,0,-2000,0,0,0,53000,55000,-2000,-2000
063928,可成統一01購02  ,0,0,0,0,0,0,0,0,0,-2000,0,0,0,4000,6000,-2000,-2000
064621,大立光元大9C購20,0,0,0,0,0,0,0,0,0,-2000,0,0,0,0,2000,-2000,-2000
064634,臺股指元大9C購20,0,0,0,0,0,0,0,0,0,-2000,0,0,0,0,2000,-2000,-2000
064662,鴻海元大9C購10  ,0,0,0,0,0,0,0,0,0,-2000,0,0,0,84000,86000,-2000,-2000
064606,南電元富9C購03  ,0,0,0,0,0,0,0,0,0,-2000,0,0,0,0,2000,-2000,-2000
065957,華擎統一03購02  ,0,0,0,0,0,0,0,0,0,-2000,0,0,0,38000,40000,-2000,-2000
065766,南電元大9C購08  ,0,0,0,0,0,0,0,0,0,-2000,0,0,0,64000,66000,-2000,-2000
065814,健策統一9C購08  ,0,0,0,0,0,0,0,0,0,-2000,0,0,0,1000,3000,-2000,-2000
065631,台積電國票9C購10,0,0,0,0,0,0,0,0,0,-2000,0,0,0,0,2000,-2000,-2000
066533,南茂元富01購01  ,0,0,0,0,0,0,0,0,0,-2000,0,0,0,0,2000,-2000,-2000
066223,拓凱國泰03購01  ,0,0,0,0,0,0,0,0,0,-2000,0,0,0,0,2000,-2000,-2000
066212,惠特統一01購01  ,0,0,0,0,0,0,0,0,0,-2000,0,0,0,0,2000,-2000,-2000
4439,冠星-KY         ,0,2000,-2000,0,0,0,0,0,0,0,0,0,0,0,0,0,-2000
3002,歐格            ,0,2000,-2000,0,0,0,0,0,0,0,0,0,0,0,0,0,-2000
2911,麗嬰房          ,0,2000,-2000,0,0,0,0,0,0,0,0,0,0,0,0,0,-2000
2707,晶華            ,45000,47000,-2000,0,0,0,0,0,0,0,0,0,0,0,0,0,-2000
2528,皇普            ,0,3000,-3000,0,0,0,0,0,0,1000,1000,0,1000,0,0,0,-2000
6133,金橋            ,0,2000,-2000,0,0,0,0,0,0,0,0,0,0,0,0,0,-2000
5305,敦南            ,10000,12000,-2000,0,0,0,0,0,0,0,0,0,0,0,0,0,-2000
6442,光聖            ,0,2000,-2000,0,0,0,0,0,0,0,0,0,0,0,0,0,-2000
6216,居易            ,0,2000,-2000,0,0,0,0,0,0,0,0,0,0,0,0,0,-2000
9926,新海            ,0,2000,-2000,0,0,0,0,0,0,0,0,0,0,0,0,0,-2000
9931,欣高            ,0,2000,-2000,0,0,0,0,0,0,0,0,0,0,0,0,0,-2000
9940,信義            ,56348,59000,-2652,0,0,0,0,0,0,0,0,0,0,0,0,0,-2652
6192,巨路            ,93000,95997,-2997,0,0,0,0,0,0,0,0,0,0,0,0,0,-2997
06847P,奇力新元大98售05,0,0,0,0,0,0,0,0,0,-3000,0,0,0,47000,50000,-3000,-3000
06878P,台灣50日盛9B售01,0,0,0,0,0,0,0,0,0,-3000,0,0,0,0,3000,-3000,-3000
067519,台灣50元富01購06,0,0,0,0,0,0,0,0,0,-3000,0,0,0,0,3000,-3000,-3000
067489,華擎元大01購06  ,0,0,0,0,0,0,0,0,0,-3000,0,0,0,0,3000,-3000,-3000
07479P,A50正2元富9A售03,0,0,0,0,0,0,0,0,0,-3000,0,0,0,0,3000,-3000,-3000
066981,聯發科群益02購07,0,0,0,0,0,0,0,0,0,-3000,0,0,0,96000,99000,-3000,-3000
066886,T50反1中信05購01,0,0,0,0,0,0,0,0,0,-3000,0,0,0,0,3000,-3000,-3000
067092,美利達元大01購03,0,0,0,0,0,0,0,0,0,-3000,0,0,0,0,3000,-3000,-3000
08456P,聯發科元大9C售13,0,0,0,0,0,0,0,0,0,-3000,0,0,0,20000,23000,-3000,-3000
08548P,台勝科凱基9C售03,0,0,0,0,0,0,0,0,0,-3000,0,0,0,0,3000,-3000,-3000
08510P,大立光富邦03售04,0,0,0,0,0,0,0,0,0,-3000,0,0,0,0,3000,-3000,-3000
08522P,智邦元大9C售08  ,0,0,0,0,0,0,0,0,0,-3000,0,0,0,0,3000,-3000,-3000
08631P,臺股指麥證9C售06,0,0,0,5000,8000,-3000,0,0,0,-3000,0,0,0,5000,8000,-3000,-3000
2415,錩新            ,23000,26000,-3000,0,0,0,0,0,0,0,0,0,0,0,0,0,-3000
2069,運錩            ,0,3000,-3000,0,0,0,0,0,0,0,0,0,0,0,0,0,-3000
1817,凱撒衛          ,0,3000,-3000,0,0,0,0,0,0,0,0,0,0,0,0,0,-3000
2007,燁興            ,0,3000,-3000,0,0,0,0,0,0,0,0,0,0,0,0,0,-3000
1568,倉佑            ,0,3000,-3000,0,0,0,0,0,0,0,0,0,0,0,0,0,-3000
1533,車王電          ,21000,24000,-3000,0,0,0,0,0,0,0,0,0,0,0,0,0,-3000
1110,東泥            ,0,3000,-3000,0,0,0,0,0,0,0,0,0,0,0,0,0,-3000
08915P,臺股指凱基01售06,0,0,0,0,0,0,0,0,0,-3000,0,0,0,0,3000,-3000,-3000
1323,永裕            ,0,3000,-3000,0,0,0,0,0,0,0,0,0,0,0,0,0,-3000
1446,宏和            ,3000,6000,-3000,0,0,0,0,0,0,0,0,0,0,0,0,0,-3000
020002,元富新中國N     ,0,0,0,0,0,0,0,0,0,-3000,0,0,0,0,3000,-3000,-3000
00688L,國泰20年美債正2 ,0,0,0,0,0,0,0,0,0,-3000,0,0,0,100000,103000,-3000,-3000
054079,鴻海中信98購02  ,0,0,0,0,0,0,0,0,0,-3000,0,0,0,179000,182000,-3000,-3000
047885,元金2X富邦99購01,0,0,0,0,0,0,0,0,0,-3000,0,0,0,1000,4000,-3000,-3000
03690C,臺股指凱基01牛13,0,0,0,0,0,0,0,0,0,-3000,0,0,0,0,3000,-3000,-3000
053186,健策中信9C購01  ,0,0,0,0,0,0,0,0,0,-3000,0,0,0,10000,13000,-3000,-3000
056782,鴻海群益98購04  ,0,0,0,0,0,0,0,0,0,-3000,0,0,0,0,3000,-3000,-3000
056703,群創國泰9A購01  ,0,0,0,0,0,0,0,0,0,-3000,0,0,0,0,3000,-3000,-3000
056593,台積電元富98購02,0,0,0,0,0,0,0,0,0,-3000,0,0,0,22000,25000,-3000,-3000
055290,玉晶光元大98購08,0,0,0,0,0,0,0,0,0,-3000,0,0,0,0,3000,-3000,-3000
056833,和大元富9B購01  ,0,0,0,0,0,0,0,0,0,-3000,0,0,0,0,3000,-3000,-3000
058175,旺宏凱基99購03  ,0,0,0,0,0,0,0,0,0,-3000,0,0,0,0,3000,-3000,-3000
058164,FBVIX凱基03購02 ,0,0,0,0,0,0,0,0,0,-3000,0,0,0,0,3000,-3000,-3000
056165,矽力凱基98購02  ,0,0,0,0,0,0,0,0,0,-3000,0,0,0,10000,13000,-3000,-3000
058520,智易元大99購03  ,0,0,0,0,0,0,0,0,0,-3000,0,0,0,24000,27000,-3000,-3000
058579,聯發科群益99購04,0,0,0,0,0,0,0,0,0,-3000,0,0,0,0,3000,-3000,-3000
059014,SGBR2X元富03購01,0,0,0,0,0,0,0,0,0,-3000,0,0,0,0,3000,-3000,-3000
058969,亞德客永豐99購01,0,0,0,0,0,0,0,0,0,-3000,0,0,0,9000,12000,-3000,-3000
059153,臺股指國票99購16,0,0,0,0,0,0,0,0,0,-3000,0,0,0,0,3000,-3000,-3000
058317,國巨永豐99購02  ,0,0,0,0,0,0,0,0,0,-3000,0,0,0,0,3000,-3000,-3000
058389,聯茂國票9A購01  ,0,0,0,0,0,0,0,0,0,-3000,0,0,0,0,3000,-3000,-3000
058856,新光金兆豐99購01,0,0,0,0,0,0,0,0,0,-3000,0,0,0,0,3000,-3000,-3000
062038,鴻海凱基9B購05  ,0,0,0,0,0,0,0,0,0,-3000,0,0,0,0,3000,-3000,-3000
061699,燿華國票9A購01  ,0,0,0,0,0,0,0,0,0,-3000,0,0,0,0,3000,-3000,-3000
062377,力成元大9B購01  ,0,0,0,0,0,0,0,0,0,-3000,0,0,0,0,3000,-3000,-3000
062918,祥碩元大9C購02  ,0,0,0,0,0,0,0,0,0,-3000,0,0,0,0,3000,-3000,-3000
062705,美食元大9B購01  ,0,0,0,0,0,0,0,0,0,-3000,0,0,0,0,3000,-3000,-3000
062823,台表科兆豐9B購01,0,0,0,0,0,0,0,0,0,-3000,0,0,0,88000,91000,-3000,-3000
062810,華通兆豐9B購02  ,0,0,0,0,0,0,0,0,0,-3000,0,0,0,0,3000,-3000,-3000
062348,聯發科群益9B購06,0,0,0,0,0,0,0,0,0,-3000,0,0,0,0,3000,-3000,-3000
062297,億豐永豐9B購01  ,0,0,0,0,0,0,0,0,0,-3000,0,0,0,17000,20000,-3000,-3000
061881,緯穎元大9B購02  ,0,0,0,0,0,0,0,0,0,-3000,0,0,0,65000,68000,-3000,-3000
061907,裕隆中信9B購01  ,0,0,0,0,0,0,0,0,0,-3000,0,0,0,0,3000,-3000,-3000
060219,聯發科凱基9A購09,0,0,0,0,0,0,0,0,0,-3000,0,0,0,0,3000,-3000,-3000
060392,華擎群益9C購02  ,0,0,0,0,0,0,0,0,0,-3000,0,0,0,0,3000,-3000,-3000
060907,金像電元大9A購02,0,0,0,0,0,0,0,0,0,-3000,0,0,0,18000,21000,-3000,-3000
061019,大毅國票9A購01  ,0,0,0,0,0,0,0,0,0,-3000,0,0,0,57000,60000,-3000,-3000
061277,智邦台新9A購01  ,0,0,0,0,0,0,0,0,0,-3000,0,0,0,0,3000,-3000,-3000
064213,大立光凱基03購01,0,0,0,0,0,0,0,0,0,-3000,0,0,0,6000,9000,-3000,-3000
061381,台灣50群益9B購07,0,0,0,0,0,0,0,0,0,-3000,0,0,0,0,3000,-3000,-3000
062890,祥碩群益9B購04  ,0,0,0,0,0,0,0,0,0,-3000,0,0,0,0,3000,-3000,-3000
062841,臺股指群益9B購08,0,0,0,0,0,0,0,0,0,-3000,0,0,0,0,3000,-3000,-3000
062843,臺股指群益9B購10,0,0,0,0,0,0,0,0,0,-3000,0,0,0,0,3000,-3000,-3000
061448,旺宏中信9A購02  ,0,0,0,0,0,0,0,0,0,-3000,0,0,0,0,3000,-3000,-3000
061507,南電國票9A購05  ,0,0,0,0,0,0,0,0,0,-3000,0,0,0,2000,5000,-3000,-3000
061517,瑞祺永豐9A購03  ,0,0,0,0,0,0,0,0,0,-3000,0,0,0,35000,38000,-3000,-3000
066278,健策元大02購01  ,0,0,0,0,0,0,0,0,0,-3000,0,0,0,23000,26000,-3000,-3000
066491,麗豐元富01購01  ,0,0,0,0,0,0,0,0,0,-3000,0,0,0,98000,101000,-3000,-3000
066657,滬深2X凱基04購01,0,0,0,0,0,0,0,0,0,-3000,0,0,0,2000,5000,-3000,-3000
065695,友訊群益01購02  ,0,0,0,0,0,0,0,0,0,-3000,0,0,0,0,3000,-3000,-3000
064615,智邦元大01購01  ,0,0,0,0,0,0,0,0,0,-3000,0,0,0,3000,6000,-3000,-3000
064734,大立光元富9C購05,0,0,0,0,0,0,0,0,0,-3000,0,0,0,0,3000,-3000,-3000
064706,嘉晶富邦01購01  ,0,0,0,0,0,0,0,0,0,-3000,0,0,0,0,3000,-3000,-3000
063974,南電國票01購01  ,0,0,0,0,0,0,0,0,0,-3000,0,0,0,0,3000,-3000,-3000
063693,智易永豐9B購02  ,0,0,0,0,0,0,0,0,0,-3000,0,0,0,10000,13000,-3000,-3000
063681,深中小永豐9B購01,0,0,0,0,0,0,0,0,0,-3000,0,0,0,0,3000,-3000,-3000
064948,致茂凱基01購01  ,0,0,0,0,0,0,0,0,0,-3000,0,0,0,52000,55000,-3000,-3000
064956,麗豐凱基9C購01  ,0,0,0,0,0,0,0,0,0,-3000,0,0,0,2000,5000,-3000,-3000
065247,聯發科麥證9C購02,0,0,0,0,3000,-3000,0,0,0,-3000,0,0,0,0,3000,-3000,-3000
065286,瑞昱群益9C購03  ,0,0,0,0,0,0,0,0,0,-3000,0,0,0,0,3000,-3000,-3000
5007,三星            ,7000,10000,-3000,0,0,0,0,0,0,0,0,0,0,0,0,0,-3000
8463,潤泰材          ,9000,12000,-3000,0,0,0,0,0,0,0,0,0,0,0,0,0,-3000
3229,晟鈦            ,0,3000,-3000,0,0,0,0,0,0,0,0,0,0,0,0,0,-3000
3164,景岳            ,11000,14000,-3000,0,0,0,0,0,0,0,0,0,0,0,0,0,-3000
3383,新世紀          ,0,3000,-3000,0,0,0,0,0,0,0,0,0,0,0,0,0,-3000
2705,六福            ,86000,89807,-3807,0,0,0,0,0,0,0,0,0,0,0,0,0,-3807
1463,強盛            ,12000,16000,-4000,0,0,0,0,0,0,0,0,0,0,0,0,0,-4000
08926P,台積電元富07售06,0,0,0,0,0,0,0,0,0,-4000,0,0,0,0,4000,-4000,-4000
08808P,台灣50群益01售06,0,0,0,0,0,0,0,0,0,-4000,0,0,0,4000,8000,-4000,-4000
08855P,台灣50國票01售05,0,0,0,0,0,0,0,0,0,-4000,0,0,0,4000,8000,-4000,-4000
08761P,聯詠元大01售02  ,0,0,0,0,0,0,0,0,0,-4000,0,0,0,238000,242000,-4000,-4000
1540,喬福            ,6000,10000,-4000,0,0,0,0,0,0,0,0,0,0,0,0,0,-4000
2243,宏旭-KY         ,0,4000,-4000,0,0,0,0,0,0,0,0,0,0,0,0,0,-4000
08579P,臺股指元大9C售27,0,0,0,0,0,0,0,0,0,-4000,0,0,0,0,4000,-4000,-4000
08581P,臺股指元大9C售29,0,0,0,0,0,0,0,0,0,-4000,0,0,0,5000,9000,-4000,-4000
067168,國巨麥證01購05  ,0,0,0,37000,14000,23000,0,0,0,-4000,0,0,0,37000,41000,-4000,-4000
07596P,上証2X中信01售01,0,0,0,0,0,0,0,0,0,-4000,0,0,0,0,4000,-4000,-4000
07748P,茂林凱基9A售04  ,0,0,0,0,0,0,0,0,0,-4000,0,0,0,11000,15000,-4000,-4000
07245P,台積電凱基99售16,0,0,0,0,0,0,0,0,0,-4000,0,0,0,0,4000,-4000,-4000
06777P,鴻海元大99售06  ,0,0,0,0,0,0,0,0,0,-4000,0,0,0,270000,274000,-4000,-4000
058791,鴻海元大99購17  ,0,0,0,0,0,0,0,0,0,-4000,0,0,0,0,4000,-4000,-4000
058648,聯陽永豐99購01  ,0,0,0,0,0,0,0,0,0,-4000,0,0,0,0,4000,-4000,-4000
058699,楠梓電元大99購02,0,0,0,0,0,0,0,0,0,-4000,0,0,0,0,4000,-4000,-4000
057892,上証2X元富02購01,0,0,0,0,0,0,0,0,0,-4000,0,0,0,3000,7000,-4000,-4000
059159,上銀凱基99購05  ,0,0,0,0,0,0,0,0,0,-4000,0,0,0,0,4000,-4000,-4000
059084,鴻海元大99購24  ,0,0,0,0,0,0,0,0,0,-4000,0,0,0,0,4000,-4000,-4000
059719,台積電元大99購42,0,0,0,0,0,0,0,0,0,-4000,0,0,0,1000,5000,-4000,-4000
058581,大立光群益99購05,0,0,0,0,0,0,0,0,0,-4000,0,0,0,60000,64000,-4000,-4000
057748,華通國票98購04  ,0,0,0,0,0,0,0,0,0,-4000,0,0,0,0,4000,-4000,-4000
057605,旺宏統一99購03  ,0,0,0,0,0,0,0,0,0,-4000,0,0,0,0,4000,-4000,-4000
063151,奇鋐元富9B購01  ,0,0,0,0,0,0,0,0,0,-4000,0,0,0,0,4000,-4000,-4000
057354,聯鈞統一99購03  ,0,0,0,0,0,0,0,0,0,-4000,0,0,0,189000,193000,-4000,-4000
055787,聯茂凱基99購01  ,0,0,0,0,0,0,0,0,0,-4000,0,0,0,0,4000,-4000,-4000
056699,光罩國泰99購01  ,0,0,0,0,0,0,0,0,0,-4000,0,0,0,70000,74000,-4000,-4000
056721,台灣50永昌9A購01,0,0,0,0,0,0,0,0,0,-4000,0,0,0,0,4000,-4000,-4000
056292,統一元大97購01  ,0,0,0,0,0,0,0,0,0,-4000,0,0,0,2000,6000,-4000,-4000
03680C,臺股指凱基9A牛26,0,0,0,0,0,0,0,0,0,-4000,0,0,0,6000,10000,-4000,-4000
064363,聯發科統一9C購14,0,0,0,0,0,0,0,0,0,-4000,0,0,0,0,4000,-4000,-4000
064195,晶豪科群益9C購01,0,0,0,0,0,0,0,0,0,-4000,0,0,0,35000,39000,-4000,-4000
064129,新日興元大9C購02,0,0,0,0,0,0,0,0,0,-4000,0,0,0,0,4000,-4000,-4000
061025,創意富邦9B購01  ,0,0,0,0,0,0,0,0,0,-4000,0,0,0,11000,15000,-4000,-4000
061036,晶技永豐9A購03  ,0,0,0,0,0,0,0,0,0,-4000,0,0,0,77000,81000,-4000,-4000
060940,國巨國票9B購03  ,0,0,0,0,0,0,0,0,0,-4000,0,0,0,24000,28000,-4000,-4000
060804,T50反1群益9A購02,0,0,0,0,0,0,0,0,0,-4000,0,0,0,0,4000,-4000,-4000
060401,世紀鋼國票9B購01,0,0,0,0,0,0,0,0,0,-4000,0,0,0,327000,331000,-4000,-4000
060234,凱美元大9C購01  ,0,0,0,0,0,0,0,0,0,-4000,0,0,0,67000,71000,-4000,-4000
060154,堤維西永豐9A購01,0,0,0,0,0,0,0,0,0,-4000,0,0,0,26000,30000,-4000,-4000
062227,南六統一01購02  ,0,0,0,0,0,0,0,0,0,-4000,0,0,0,0,4000,-4000,-4000
061794,國巨永豐9B購01  ,0,0,0,0,0,0,0,0,0,-4000,0,0,0,0,4000,-4000,-4000
062632,嘉晶國票9B購01  ,0,0,0,0,0,0,0,0,0,-4000,0,0,0,0,4000,-4000,-4000
061698,智邦國票9A購04  ,0,0,0,0,0,0,0,0,0,-4000,0,0,0,0,4000,-4000,-4000
065421,康友國票01購01  ,0,0,0,0,0,0,0,0,0,-4000,0,0,0,23000,27000,-4000,-4000
064923,牧德統一02購01  ,0,0,0,0,0,0,0,0,0,-4000,0,0,0,0,4000,-4000,-4000
063760,聯詠統一9C購02  ,0,0,0,0,0,0,0,0,0,-4000,0,0,0,0,4000,-4000,-4000
064504,玉晶光元大01購02,0,0,0,0,0,0,0,0,0,-4000,0,0,0,0,4000,-4000,-4000
064023,智邦元大9C購02  ,0,0,0,0,0,0,0,0,0,-4000,0,0,0,87000,91000,-4000,-4000
064720,長榮航統一02購01,0,0,0,0,0,0,0,0,0,-4000,0,0,0,10000,14000,-4000,-4000
064744,創意國票01購02  ,0,0,0,0,0,0,0,0,0,-4000,0,0,0,15000,19000,-4000,-4000
065622,鴻海中信06購01  ,0,0,0,0,0,0,0,0,0,-4000,0,0,0,0,4000,-4000,-4000
066551,大立光元大01購07,0,0,0,0,0,0,0,0,0,-4000,0,0,0,127000,131000,-4000,-4000
2836,高雄銀          ,15000,20000,-5000,0,0,0,0,0,0,1000,1000,0,1000,0,0,0,-4000
3501,維熹            ,10000,14000,-4000,0,0,0,0,0,0,0,0,0,0,0,0,0,-4000
8488,吉源-KY         ,1000,5000,-4000,0,0,0,0,0,0,0,0,0,0,0,0,0,-4000
9937,全國            ,0,4000,-4000,0,0,0,0,0,0,0,0,0,0,0,0,0,-4000
067633,致茂永豐01購02  ,0,0,0,0,0,0,0,0,0,-5000,0,0,0,0,5000,-5000,-5000
06991P,矽創群益99售01  ,0,0,0,0,0,0,0,0,0,-5000,0,0,0,25000,30000,-5000,-5000
06953P,景碩統一9A售01  ,0,0,0,0,0,0,0,0,0,-5000,0,0,0,0,5000,-5000,-5000
067477,億光元大01購01  ,0,0,0,0,0,0,0,0,0,-5000,0,0,0,9000,14000,-5000,-5000
07253P,台灣50凱基9A售05,0,0,0,0,0,0,0,0,0,-5000,0,0,0,8000,13000,-5000,-5000
07424P,大立光元大9B售01,0,0,0,0,0,0,0,0,0,-5000,0,0,0,0,5000,-5000,-5000
07079P,台積電群益99售06,0,0,0,0,0,0,0,0,0,-5000,0,0,0,0,5000,-5000,-5000
07100P,華航元大99售01  ,0,0,0,0,0,0,0,0,0,-5000,0,0,0,0,5000,-5000,-5000
07778P,台灣50凱基9C售08,0,0,0,0,0,0,0,0,0,-5000,0,0,0,0,5000,-5000,-5000
07822P,滬深2X元大9A售09,0,0,0,0,0,0,0,0,0,-5000,0,0,0,0,5000,-5000,-5000
07618P,大立光中信9A售06,0,0,0,0,0,0,0,0,0,-5000,0,0,0,0,5000,-5000,-5000
07527P,台灣50凱基9B售02,0,0,0,0,0,0,0,0,0,-5000,0,0,0,100000,105000,-5000,-5000
067143,台灣50統一04購01,0,0,0,0,0,0,0,0,0,-5000,0,0,0,0,5000,-5000,-5000
067043,佳世達凱基01購01,0,0,0,0,0,0,0,0,0,-5000,0,0,0,0,5000,-5000,-5000
067021,正崴中信01購01  ,0,0,0,0,0,0,0,0,0,-5000,0,0,0,0,5000,-5000,-5000
067318,康控元大01購03  ,0,0,0,0,0,0,0,0,0,-5000,0,0,0,20000,25000,-5000,-5000
067301,漢唐元大01購02  ,0,0,0,0,0,0,0,0,0,-5000,0,0,0,0,5000,-5000,-5000
066712,台灣50元大01購20,0,0,0,0,0,0,0,0,0,-5000,0,0,0,5000,10000,-5000,-5000
08487P,同欣電群益01售01,0,0,0,0,0,0,0,0,0,-5000,0,0,0,0,5000,-5000,-5000
08356P,聯發科元大9C售08,0,0,0,0,0,0,0,0,0,-5000,0,0,0,0,5000,-5000,-5000
07870P,鴻海群益9B售01  ,0,0,0,0,0,0,0,0,0,-5000,0,0,0,0,5000,-5000,-5000
1592,英瑞-KY         ,35000,40000,-5000,0,0,0,0,0,0,0,0,0,0,0,0,0,-5000
1776,展宇            ,0,5000,-5000,0,0,0,0,0,0,0,0,0,0,0,0,0,-5000
08696P,臺股指群益01售01,0,0,0,0,0,0,0,0,0,-5000,0,0,0,0,5000,-5000,-5000
08923P,聯發科統一01售13,0,0,0,0,0,0,0,0,0,-5000,0,0,0,0,5000,-5000,-5000
08874P,台積電中信07售01,0,0,0,0,0,0,0,0,0,-5000,0,0,0,0,5000,-5000,-5000
1256,鮮活果汁-KY     ,1000,6000,-5000,0,0,0,0,0,0,0,0,0,0,0,0,0,-5000
1527,鑽全            ,74000,79000,-5000,0,0,0,0,0,0,0,0,0,0,0,0,0,-5000
1437,勤益控          ,8000,13000,-5000,0,0,0,0,0,0,0,0,0,0,0,0,0,-5000
05174P,元金2X富邦9B售01,0,0,0,0,0,0,0,0,0,-5000,0,0,0,0,5000,-5000,-5000
054515,華通元大98購02  ,0,0,0,0,0,0,0,0,0,-5000,0,0,0,0,5000,-5000,-5000
00732,國泰RMB短期報酬 ,0,0,0,0,0,0,0,0,0,-5000,0,0,0,100000,105000,-5000,-5000
056197,友訊永豐97購01  ,0,0,0,0,0,0,0,0,0,-5000,0,0,0,0,5000,-5000,-5000
056984,嘉晶群益98購01  ,0,0,0,0,0,0,0,0,0,-5000,0,0,0,0,5000,-5000,-5000
053220,瀚宇博凱基98購01,0,0,0,0,0,0,0,0,0,-5000,0,0,0,5000,10000,-5000,-5000
053293,聯發科中信9B購01,0,0,0,0,0,0,0,0,0,-5000,0,0,0,0,5000,-5000,-5000
057189,康控元大98購02  ,0,0,0,0,0,0,0,0,0,-5000,0,0,0,44000,49000,-5000,-5000
056695,景碩群益99購01  ,0,0,0,0,0,0,0,0,0,-5000,0,0,0,0,5000,-5000,-5000
056701,國產國泰9A購01  ,0,0,0,0,0,0,0,0,0,-5000,0,0,0,0,5000,-5000,-5000
055228,聯發科國票98購03,0,0,0,0,0,0,0,0,0,-5000,0,0,0,0,5000,-5000,-5000
056902,大立光元大98購12,0,0,0,0,0,0,0,0,0,-5000,0,0,0,0,5000,-5000,-5000
058128,FBVIX元大9C購02 ,0,0,0,0,0,0,0,0,0,-5000,0,0,0,0,5000,-5000,-5000
059381,TPK亞東99購01   ,0,0,0,0,0,0,0,0,0,-5000,0,0,0,0,5000,-5000,-5000
059498,滬深2X元富9C購06,0,0,0,0,0,0,0,0,0,-5000,0,0,0,0,5000,-5000,-5000
058271,訊連永豐99購01  ,0,0,0,0,0,0,0,0,0,-5000,0,0,0,0,5000,-5000,-5000
063135,國巨統一9B購16  ,0,0,0,0,0,0,0,0,0,-5000,0,0,0,0,5000,-5000,-5000
05756P,臺股指中信99售05,0,0,0,0,0,0,0,0,0,-5000,0,0,0,0,5000,-5000,-5000
057513,智邦台新98購01  ,0,0,0,0,0,0,0,0,0,-5000,0,0,0,0,5000,-5000,-5000
058471,台積電日盛9C購01,0,0,0,0,0,0,0,0,0,-5000,0,0,0,0,5000,-5000,-5000
059825,嘉晶凱基99購02  ,0,0,0,0,0,0,0,0,0,-5000,0,0,0,0,5000,-5000,-5000
057645,華新科元大99購11,0,0,0,0,0,0,0,0,0,-5000,0,0,0,0,5000,-5000,-5000
059900,上証反元大99購03,0,0,0,0,0,0,0,0,0,-5000,0,0,0,0,5000,-5000,-5000
059728,聯鈞元大99購01  ,0,0,0,0,0,0,0,0,0,-5000,0,0,0,0,5000,-5000,-5000
059662,旭富元大9C購01  ,0,0,0,0,0,0,0,0,0,-5000,0,0,0,20000,25000,-5000,-5000
059164,旺宏凱基99購06  ,0,0,0,0,0,0,0,0,0,-5000,0,0,0,5000,10000,-5000,-5000
058701,鴻海元大99購16  ,0,0,0,0,0,0,0,0,0,-5000,0,0,0,0,5000,-5000,-5000
058776,台積電國票9A購03,0,0,0,0,0,0,0,0,0,-5000,0,0,0,0,5000,-5000,-5000
058015,旺宏凱基99購02  ,0,0,0,0,0,0,0,0,0,-5000,0,0,0,45000,50000,-5000,-5000
061717,力成凱基9B購01  ,0,0,0,0,0,0,0,0,0,-5000,0,0,0,123000,128000,-5000,-5000
062121,奇鋐台新9B購01  ,0,0,0,0,0,0,0,0,0,-5000,0,0,0,0,5000,-5000,-5000
062070,金寶元大9B購01  ,0,0,0,0,0,0,0,0,0,-5000,0,0,0,0,5000,-5000,-5000
063546,國巨兆豐9C購03  ,0,0,0,0,0,0,0,0,0,-5000,0,0,0,0,5000,-5000,-5000
06242P,大立光元富9A售02,0,0,0,0,0,0,0,0,0,-5000,0,0,0,0,5000,-5000,-5000
061855,台郡國票9B購01  ,0,0,0,0,0,0,0,0,0,-5000,0,0,0,0,5000,-5000,-5000
062739,嘉晶國票9B購02  ,0,0,0,0,0,0,0,0,0,-5000,0,0,0,0,5000,-5000,-5000
062581,鴻海統一01購02  ,0,0,0,0,0,0,0,0,0,-5000,0,0,0,5000,10000,-5000,-5000
062585,鴻海統一9C購14  ,0,0,0,0,0,0,0,0,0,-5000,0,0,0,0,5000,-5000,-5000
061742,奇鋐凱基9B購01  ,0,0,0,0,0,0,0,0,0,-5000,0,0,0,10000,15000,-5000,-5000
061209,聯發科元大9A購10,0,0,0,0,0,0,0,0,0,-5000,0,0,0,0,5000,-5000,-5000
062302,聯詠中信05購02  ,0,0,0,0,0,0,0,0,0,-5000,0,0,0,10000,15000,-5000,-5000
062318,台郡凱基9B購01  ,0,0,0,0,0,0,0,0,0,-5000,0,0,0,0,5000,-5000,-5000
060152,上証2X永豐9A購02,0,0,0,0,0,0,0,0,0,-5000,0,0,0,5000,10000,-5000,-5000
060741,滬深2X國票9A購05,0,0,0,0,0,0,0,0,0,-5000,0,0,0,0,5000,-5000,-5000
060767,世紀鋼元大9A購02,0,0,0,0,0,0,0,0,0,-5000,0,0,0,5000,10000,-5000,-5000
060774,南亞科凱基9A購01,0,0,0,0,0,0,0,0,0,-5000,0,0,0,0,5000,-5000,-5000
060190,國泰金元富9A購01,0,0,0,0,0,0,0,0,0,-5000,0,0,0,0,5000,-5000,-5000
060878,奇力新中信9C購01,0,0,0,0,0,0,0,0,0,-5000,0,0,0,0,5000,-5000,-5000
061040,康友永豐9A購01  ,0,0,0,0,0,0,0,0,0,-5000,0,0,0,0,5000,-5000,-5000
061028,聚陽永豐9A購01  ,0,0,0,0,0,0,0,0,0,-5000,0,0,0,0,5000,-5000,-5000
061159,同欣電群益9A購01,0,0,0,0,0,0,0,0,0,-5000,0,0,0,0,5000,-5000,-5000
061353,康控元大9A購01  ,0,0,0,0,0,0,0,0,0,-5000,0,0,0,1000,6000,-5000,-5000
064117,中興電元大9C購01,0,0,0,0,0,0,0,0,0,-5000,0,0,0,0,5000,-5000,-5000
064405,美食凱基01購02  ,0,0,0,0,0,0,0,0,0,-5000,0,0,0,0,5000,-5000,-5000
064053,祥碩統一02購01  ,0,0,0,0,0,0,0,0,0,-5000,0,0,0,25000,30000,-5000,-5000
064274,燿華元大9C購01  ,0,0,0,0,0,0,0,0,0,-5000,0,0,0,0,5000,-5000,-5000
064277,可成元大9C購04  ,0,0,0,0,0,0,0,0,0,-5000,0,0,0,0,5000,-5000,-5000
063847,聯發科元大9C購03,0,0,0,0,0,0,0,0,0,-5000,0,0,0,0,5000,-5000,-5000
061537,SP黃豆群益9A購02,0,0,0,0,0,0,0,0,0,-5000,0,0,0,0,5000,-5000,-5000
061611,南六統一01購01  ,0,0,0,0,0,0,0,0,0,-5000,0,0,0,10000,15000,-5000,-5000
061514,泰碩永豐9A購02  ,0,0,0,0,0,0,0,0,0,-5000,0,0,0,0,5000,-5000,-5000
061478,奇鋐元大9A購01  ,0,0,0,0,0,0,0,0,0,-5000,0,0,0,0,5000,-5000,-5000
061435,元金2X凱基9C購03,0,0,0,0,0,0,0,0,0,-5000,0,0,0,0,5000,-5000,-5000
066371,同欣電中信05購01,0,0,0,0,0,0,0,0,0,-5000,0,0,0,0,5000,-5000,-5000
066228,嘉基國泰02購01  ,0,0,0,0,0,0,0,0,0,-5000,0,0,0,155000,160000,-5000,-5000
066123,華夏群益01購01  ,0,0,0,0,0,0,0,0,0,-5000,0,0,0,18000,23000,-5000,-5000
066077,健策凱基01購01  ,0,0,0,0,0,0,0,0,0,-5000,0,0,0,4000,9000,-5000,-5000
065809,同欣電群益9C購03,0,0,0,0,0,0,0,0,0,-5000,0,0,0,0,5000,-5000,-5000
065871,南亞科群益9C購03,0,0,0,0,0,0,0,0,0,-5000,0,0,0,0,5000,-5000,-5000
064644,台光電凱基9C購01,0,0,0,0,0,0,0,0,0,-5000,0,0,0,11000,16000,-5000,-5000
064034,台表科元大9C購07,0,0,0,0,0,0,0,0,0,-5000,0,0,0,28000,33000,-5000,-5000
063911,大立光凱基9C購03,0,0,0,0,0,0,0,0,0,-5000,0,0,0,17000,22000,-5000,-5000
064527,裕隆中信01購01  ,0,0,0,0,0,0,0,0,0,-5000,0,0,0,5000,10000,-5000,-5000
063622,健策兆豐9B購01  ,0,0,0,0,0,0,0,0,0,-5000,0,0,0,0,5000,-5000,-5000
064917,元大金統一02購01,0,0,0,0,0,0,0,0,0,-5000,0,0,0,0,5000,-5000,-5000
064980,牧德元大01購01  ,0,0,0,0,0,0,0,0,0,-5000,0,0,0,0,5000,-5000,-5000
065040,燿華凱基9C購01  ,0,0,0,0,0,0,0,0,0,-5000,0,0,0,13000,18000,-5000,-5000
065224,和大凱基02購02  ,0,0,0,0,0,0,0,0,0,-5000,0,0,0,0,5000,-5000,-5000
065228,南亞科凱基01購03,0,0,0,0,0,0,0,0,0,-5000,0,0,0,0,5000,-5000,-5000
065157,世芯群益9C購02  ,0,0,0,0,0,0,0,0,0,-5000,0,0,0,0,5000,-5000,-5000
9918,欣天然          ,1000,2000,-1000,0,0,0,0,0,0,-4000,0,4000,-4000,0,0,0,-5000
8422,可寧衛          ,8000,13000,-5000,0,0,0,0,0,0,0,0,0,0,0,0,0,-5000
8367,建新國際        ,0,5000,-5000,0,0,0,0,0,0,0,0,0,0,0,0,0,-5000
5284,jpp-KY          ,0,5000,-5000,0,0,0,0,0,0,0,0,0,0,0,0,0,-5000
6164,華興            ,1000,7000,-6000,0,0,0,0,0,0,1000,1000,0,1000,0,0,0,-5000
3494,誠研            ,6000,11000,-5000,0,0,0,0,0,0,0,0,0,0,0,0,0,-5000
2881A,富邦特          ,4000,0,4000,0,0,0,0,0,0,-9000,1000,10000,-9000,0,0,0,-5000
1456,怡華            ,0,6000,-6000,0,0,0,0,0,0,0,0,0,0,0,0,0,-6000
1232,大統益          ,1000,7000,-6000,0,0,0,0,0,0,0,0,0,0,0,0,0,-6000
1730,花仙子          ,6000,12000,-6000,0,0,0,0,0,0,0,0,0,0,0,0,0,-6000
2433,互盛電          ,7000,13000,-6000,0,0,0,0,0,0,0,0,0,0,0,0,0,-6000
2358,廷鑫            ,7000,13000,-6000,0,0,0,0,0,0,0,0,0,0,0,0,0,-6000
2465,麗臺            ,11000,17000,-6000,0,0,0,0,0,0,0,0,0,0,0,0,0,-6000
08367P,臺股指凱基9C售11,0,0,0,0,0,0,0,0,0,-6000,0,0,0,0,6000,-6000,-6000
08509P,臺股指國票9C售10,0,0,0,0,0,0,0,0,0,-6000,0,0,0,97000,103000,-6000,-6000
08661P,台灣50麥證9C售03,0,0,0,0,6000,-6000,0,0,0,-6000,0,0,0,0,6000,-6000,-6000
06733P,鴻海凱基99售02  ,0,0,0,0,0,0,0,0,0,-6000,0,0,0,0,6000,-6000,-6000
07765P,台積電群益9A售06,0,0,0,0,0,0,0,0,0,-6000,0,0,0,24000,30000,-6000,-6000
07190P,臺股指富邦9C售02,0,0,0,0,0,0,0,0,0,-6000,0,0,0,16000,22000,-6000,-6000
07194P,聯發科元大99售25,0,0,0,0,0,0,0,0,0,-6000,0,0,0,14000,20000,-6000,-6000
058314,欣興富邦9B購01  ,0,0,0,0,0,0,0,0,0,-6000,0,0,0,4000,10000,-6000,-6000
058390,樺漢國票9A購01  ,0,0,0,0,0,0,0,0,0,-6000,0,0,0,0,6000,-6000,-6000
058700,鴻海元大99購15  ,0,0,0,0,0,0,0,0,0,-6000,0,0,0,0,6000,-6000,-6000
058737,鴻海第一01購01  ,0,0,0,0,0,0,0,0,0,-6000,0,0,0,0,6000,-6000,-6000
057964,緯穎元大99購03  ,0,0,0,0,0,0,0,0,0,-6000,0,0,0,243000,249000,-6000,-6000
059156,台灣50凱基01購03,0,0,0,0,0,0,0,0,0,-6000,0,0,0,0,6000,-6000,-6000
058941,華新科中信99購03,0,0,0,0,0,0,0,0,0,-6000,0,0,0,0,6000,-6000,-6000
059639,大立光凱基9A購06,0,0,0,0,0,0,0,0,0,-6000,0,0,0,0,6000,-6000,-6000
059882,臺股指凱基9C購06,0,0,0,0,0,0,0,0,0,-6000,0,0,0,0,6000,-6000,-6000
058552,欣興永豐99購01  ,0,0,0,0,0,0,0,0,0,-6000,0,0,0,47000,53000,-6000,-6000
058429,欣興元富99購01  ,0,0,0,0,0,0,0,0,0,-6000,0,0,0,0,6000,-6000,-6000
058481,玉晶光凱基9A購04,0,0,0,0,0,0,0,0,0,-6000,0,0,0,0,6000,-6000,-6000
063085,嘉澤凱基9C購01  ,0,0,0,0,0,0,0,0,0,-6000,0,0,0,3000,9000,-6000,-6000
063373,晶技永豐9B購02  ,0,0,0,0,0,0,0,0,0,-6000,0,0,0,78000,84000,-6000,-6000
058240,景碩元大99購04  ,0,0,0,0,0,0,0,0,0,-6000,0,0,0,0,6000,-6000,-6000
055815,亞光國票99購01  ,0,0,0,0,0,0,0,0,0,-6000,0,0,0,20000,26000,-6000,-6000
056658,美食元大98購01  ,0,0,0,0,0,0,0,0,0,-6000,0,0,0,0,6000,-6000,-6000
057225,華新凱基98購01  ,0,0,0,0,0,0,0,0,0,-6000,0,0,0,30000,36000,-6000,-6000
056263,友訊統一99購01  ,0,0,0,0,0,0,0,0,0,-6000,0,0,0,0,6000,-6000,-6000
056431,鴻海凱基98購07  ,0,0,0,0,0,0,0,0,0,-6000,0,0,0,0,6000,-6000,-6000
03094X,大立光元大68展08,0,0,0,0,0,0,0,0,0,-6000,0,0,0,0,6000,-6000,-6000
03684C,臺股指元大06牛01,0,0,0,0,0,0,0,0,0,-6000,0,0,0,1000,7000,-6000,-6000
061586,智邦富邦9A購02  ,0,0,0,0,0,0,0,0,0,-6000,0,0,0,1000,7000,-6000,-6000
061594,玉晶光永豐9A購08,0,0,0,0,0,0,0,0,0,-6000,0,0,0,22000,28000,-6000,-6000
061542,旺宏群益9A購04  ,0,0,0,0,0,0,0,0,0,-6000,0,0,0,0,6000,-6000,-6000
061565,滬深2X元大9A購08,0,0,0,0,0,0,0,0,0,-6000,0,0,0,0,6000,-6000,-6000
064255,泰碩國泰02購01  ,0,0,0,0,0,0,0,0,0,-6000,0,0,0,2000,8000,-6000,-6000
061179,華擎凱基9A購01  ,0,0,0,0,0,0,0,0,0,-6000,0,0,0,10000,16000,-6000,-6000
061134,大成鋼統一9C購01,0,0,0,0,0,0,0,0,0,-6000,0,0,0,0,6000,-6000,-6000
060980,台積電元大9A購21,0,0,0,0,0,0,0,0,0,-6000,0,0,0,0,6000,-6000,-6000
060238,強茂元大9C購01  ,0,0,0,0,0,0,0,0,0,-6000,0,0,0,0,6000,-6000,-6000
061960,國巨統一01購05  ,0,0,0,0,0,0,0,0,0,-6000,0,0,0,18000,24000,-6000,-6000
060464,台積電元大9A購11,0,0,0,0,0,0,0,0,0,-6000,0,0,0,0,6000,-6000,-6000
062474,台表科凱基9C購01,0,0,0,0,0,0,0,0,0,-6000,0,0,0,48000,54000,-6000,-6000
062724,可成凱基9B購04  ,0,0,0,0,0,0,0,0,0,-6000,0,0,0,1000,7000,-6000,-6000
062680,微星統一01購01  ,0,0,0,0,0,0,0,0,0,-6000,0,0,0,128000,134000,-6000,-6000
065085,聯發科元大01購02,0,0,0,0,0,0,0,0,0,-6000,0,0,0,0,6000,-6000,-6000
065004,瑞昱國票01購02  ,0,0,0,0,0,0,0,0,0,-6000,0,0,0,0,6000,-6000,-6000
064929,台表科統一02購03,0,0,0,0,0,0,0,0,0,-6000,0,0,0,27000,33000,-6000,-6000
063742,道瓊指國票9C購01,0,0,0,0,0,0,0,0,0,-6000,0,0,0,0,6000,-6000,-6000
063617,鴻海兆豐01購01  ,0,0,0,0,0,0,0,0,0,-6000,0,0,0,0,6000,-6000,-6000
064486,聚陽元大9C購01  ,0,0,0,0,0,0,0,0,0,-6000,0,0,0,15000,21000,-6000,-6000
064611,亞德客元大9C購02,0,0,0,0,0,0,0,0,0,-6000,0,0,0,15000,21000,-6000,-6000
064579,大立光富邦03購02,0,0,0,0,0,0,0,0,0,-6000,0,0,0,14000,20000,-6000,-6000
065847,嘉晶元大9C購03  ,0,0,0,0,0,0,0,0,0,-6000,0,0,0,8000,14000,-6000,-6000
065892,聯發科統一02購04,0,0,0,0,0,0,0,0,0,-6000,0,0,0,15000,21000,-6000,-6000
065895,台勝科統一02購01,0,0,0,0,0,0,0,0,0,-6000,0,0,0,60000,66000,-6000,-6000
065879,瑞祺群益9C購02  ,0,0,0,0,0,0,0,0,0,-6000,0,0,0,0,6000,-6000,-6000
066069,英業達凱基02購01,0,0,0,0,0,0,0,0,0,-6000,0,0,0,50000,56000,-6000,-6000
066047,嘉晶元大01購04  ,0,0,0,0,0,0,0,0,0,-6000,0,0,0,20000,26000,-6000,-6000
065620,金融類元大9C購03,0,0,0,0,0,0,0,0,0,-6000,0,0,0,3000,9000,-6000,-6000
065711,矽格群益9C購02  ,0,0,0,0,0,0,0,0,0,-6000,0,0,0,3000,9000,-6000,-6000
065684,超眾統一03購01  ,0,0,0,0,0,0,0,0,0,-6000,0,0,0,0,6000,-6000,-6000
066131,群光群益02購01  ,0,0,0,0,0,0,0,0,0,-6000,0,0,0,36000,42000,-6000,-6000
066148,美利達群益01購02,0,0,0,0,0,0,0,0,0,-6000,0,0,0,37000,43000,-6000,-6000
066220,矽格台新01購01  ,0,0,0,0,0,0,0,0,0,-6000,0,0,0,4000,10000,-6000,-6000
066375,南亞科兆豐01購01,0,0,0,0,0,0,0,0,0,-6000,0,0,0,30000,36000,-6000,-6000
2702,華園            ,12000,18000,-6000,0,0,0,0,0,0,0,0,0,0,0,0,0,-6000
3607,谷崧            ,59000,64000,-5000,0,0,0,0,0,0,-1000,0,1000,-1000,0,0,0,-6000
4916,事欣科          ,9000,15000,-6000,0,0,0,0,0,0,0,0,0,0,0,0,0,-6000
6666,羅麗芬-KY       ,2000,8000,-6000,0,0,0,0,0,0,0,0,0,0,0,0,0,-6000
9944,新麗            ,276000,282000,-6000,0,0,0,0,0,0,0,0,0,0,0,0,0,-6000
067365,美利達群益01購03,0,0,0,0,0,0,0,0,0,-7000,0,0,0,0,7000,-7000,-7000
067588,欣興群益01購04  ,0,0,0,0,0,0,0,0,0,-7000,0,0,0,0,7000,-7000,-7000
067594,國巨凱基01購06  ,0,0,0,0,0,0,0,0,0,-7000,0,0,0,0,7000,-7000,-7000
06828P,臺股指國票98售04,0,0,0,0,0,0,0,0,0,-7000,0,0,0,1000,8000,-7000,-7000
067030,南電兆豐03購01  ,0,0,0,0,0,0,0,0,0,-7000,0,0,0,10000,17000,-7000,-7000
067101,華邦電群益01購02,0,0,0,0,0,0,0,0,0,-7000,0,0,0,0,7000,-7000,-7000
08165P,台表科永豐9B售02,0,0,0,0,0,0,0,0,0,-7000,0,0,0,15000,22000,-7000,-7000
2373,震旦行          ,0,7000,-7000,0,0,0,0,0,0,0,0,0,0,0,0,0,-7000
2114,鑫永銓          ,5000,12000,-7000,0,0,0,0,0,0,0,0,0,0,0,0,0,-7000
08898P,台積電群益01售15,0,0,0,0,0,0,0,0,0,-7000,0,0,0,0,7000,-7000,-7000
08742P,友達凱基01售02  ,0,0,0,0,0,0,0,0,0,-7000,0,0,0,10000,17000,-7000,-7000
08818P,台灣50凱基01售18,0,0,0,0,0,0,0,0,0,-7000,0,0,0,0,7000,-7000,-7000
051047,深中小群益99購01,0,0,0,0,0,0,0,0,0,-7000,0,0,0,10000,17000,-7000,-7000
054080,微星中信98購01  ,0,0,0,0,0,0,0,0,0,-7000,0,0,0,0,7000,-7000,-7000
00711B,FH彭博新興債    ,0,0,0,0,0,0,0,0,0,-7000,0,0,0,101000,108000,-7000,-7000
056479,玉晶光元大99購05,0,0,0,0,0,0,0,0,0,-7000,0,0,0,2000,9000,-7000,-7000
056277,上銀富邦99購02  ,0,0,0,0,0,0,0,0,0,-7000,0,0,0,0,7000,-7000,-7000
055022,精元國泰99購01  ,0,0,0,0,0,0,0,0,0,-7000,0,0,0,139000,146000,-7000,-7000
056971,麗豐永豐98購01  ,0,0,0,0,0,0,0,0,0,-7000,0,0,0,0,7000,-7000,-7000
053294,聯發科中信9C購01,0,0,0,0,0,0,0,0,0,-7000,0,0,0,0,7000,-7000,-7000
056519,創意國票99購01  ,0,0,0,0,0,0,0,0,0,-7000,0,0,0,16000,23000,-7000,-7000
056856,華通群益9A購01  ,0,0,0,0,0,0,0,0,0,-7000,0,0,0,7000,14000,-7000,-7000
058136,景碩元大99購02  ,0,0,0,0,0,0,0,0,0,-7000,0,0,0,0,7000,-7000,-7000
058078,景碩國票99購01  ,0,0,0,0,0,0,0,0,0,-7000,0,0,0,0,7000,-7000,-7000
063379,帆宣永豐9B購01  ,0,0,0,0,0,0,0,0,0,-7000,0,0,0,61000,68000,-7000,-7000
063034,致茂凱基9B購01  ,0,0,0,0,0,0,0,0,0,-7000,0,0,0,35000,42000,-7000,-7000
058884,世紀鋼永豐99購02,0,0,0,0,0,0,0,0,0,-7000,0,0,0,1000,8000,-7000,-7000
058971,台積電永豐99購03,0,0,0,0,0,0,0,0,0,-7000,0,0,0,12000,19000,-7000,-7000
059034,華通群益9B購02  ,0,0,0,0,0,0,0,0,0,-7000,0,0,0,0,7000,-7000,-7000
058016,智邦凱基98購06  ,0,0,0,0,0,0,0,0,0,-7000,0,0,0,0,7000,-7000,-7000
062684,華新科統一01購02,0,0,0,0,0,0,0,0,0,-7000,0,0,0,26000,33000,-7000,-7000
062702,可成元大9C購01  ,0,0,0,0,0,0,0,0,0,-7000,0,0,0,72000,79000,-7000,-7000
062239,台汽電凱基9B購01,0,0,0,0,0,0,0,0,0,-7000,0,0,0,10000,17000,-7000,-7000
062376,中租元大9B購02  ,0,0,0,0,0,0,0,0,0,-7000,0,0,0,0,7000,-7000,-7000
063485,巨大元大9B購04  ,0,0,0,0,0,0,0,0,0,-7000,0,0,0,1000,8000,-7000,-7000
063481,緯穎元大9B購08  ,0,0,0,0,0,0,0,0,0,-7000,0,0,0,105000,112000,-7000,-7000
062002,鴻海國泰01購01  ,0,0,0,0,0,0,0,0,0,-7000,0,0,0,9000,16000,-7000,-7000
060265,宏達電國票9A購02,0,0,0,0,0,0,0,0,0,-7000,0,0,0,17000,24000,-7000,-7000
060225,S&P反1元大9A購02,0,0,0,0,0,0,0,0,0,-7000,0,0,0,0,7000,-7000,-7000
060905,台積電元大9A購20,0,0,0,0,0,0,0,0,0,-7000,0,0,0,0,7000,-7000,-7000
061123,燿華永豐9A購01  ,0,0,0,0,0,0,0,0,0,-7000,0,0,0,0,7000,-7000,-7000
061343,大立光元大9A購04,0,0,0,0,0,0,0,0,0,-7000,0,0,0,0,7000,-7000,-7000
062881,緯創兆豐9C購01  ,0,0,0,0,0,0,0,0,0,-7000,0,0,0,0,7000,-7000,-7000
062886,中興電群益9B購01,0,0,0,0,0,0,0,0,0,-7000,0,0,0,33000,40000,-7000,-7000
066195,臺股指凱基03購04,0,0,0,0,0,0,0,0,0,-7000,0,0,0,8000,15000,-7000,-7000
066477,鴻海元富07購01  ,0,0,0,0,0,0,0,0,0,-7000,0,0,0,0,7000,-7000,-7000
066478,鴻海元富07購02  ,0,0,0,0,0,0,0,0,0,-7000,0,0,0,13000,20000,-7000,-7000
066596,健策群益02購01  ,0,0,0,0,0,0,0,0,0,-7000,0,0,0,91000,98000,-7000,-7000
065698,旺宏群益9C購08  ,0,0,0,0,0,0,0,0,0,-7000,0,0,0,52000,59000,-7000,-7000
065651,中磊元大9C購01  ,0,0,0,0,0,0,0,0,0,-7000,0,0,0,394000,401000,-7000,-7000
065485,巨大元大9C購02  ,0,0,0,0,0,0,0,0,0,-7000,0,0,0,24000,31000,-7000,-7000
064578,TPK國泰02購01   ,0,0,0,0,0,0,0,0,0,-7000,0,0,0,309000,316000,-7000,-7000
064683,台表科兆豐9C購02,0,0,0,0,0,0,0,0,0,-7000,0,0,0,433000,440000,-7000,-7000
064669,健策元大01購03  ,0,0,0,0,0,0,0,0,0,-7000,0,0,0,3000,10000,-7000,-7000
06466P,台積電統一9B售01,0,0,0,0,0,0,0,0,0,-7000,0,0,0,45000,52000,-7000,-7000
063970,大立光國票01購01,0,0,0,0,0,0,0,0,0,-7000,0,0,0,30000,37000,-7000,-7000
064951,聯發科凱基01購04,0,0,0,0,0,0,0,0,0,-7000,0,0,0,6000,13000,-7000,-7000
064757,義隆凱基01購02  ,0,0,0,0,0,0,0,0,0,-7000,0,0,0,0,7000,-7000,-7000
065260,金像電元大9C購07,0,0,0,0,0,0,0,0,0,-7000,0,0,0,221000,228000,-7000,-7000
8101,華冠            ,0,7000,-7000,0,0,0,0,0,0,0,0,0,0,0,0,0,-7000
4164,承業醫          ,63000,74000,-11000,0,0,0,0,0,0,4000,4000,0,4000,0,0,0,-7000
3593,力銘            ,1000,8000,-7000,0,0,0,0,0,0,0,0,0,0,0,0,0,-7000
3416,融程電          ,6000,13000,-7000,0,0,0,0,0,0,0,0,0,0,0,0,0,-7000
3050,鈺德            ,3000,10000,-7000,0,0,0,0,0,0,0,0,0,0,0,0,0,-7000
3356,奇偶            ,25000,32000,-7000,0,0,0,0,0,0,0,0,0,0,0,0,0,-7000
08728P,緯穎群益01售01  ,0,0,0,0,0,0,0,0,0,-8000,0,0,0,10000,18000,-8000,-8000
2444,兆勁            ,7000,15000,-8000,0,0,0,0,0,0,0,0,0,0,0,0,0,-8000
08684P,禾伸堂凱基01售01,0,0,0,0,0,0,0,0,0,-8000,0,0,0,45000,53000,-8000,-8000
08577P,臺指2X中信03售01,0,0,0,0,0,0,0,0,0,-8000,0,0,0,2000,10000,-8000,-8000
067033,新日興康和01購01,0,0,0,0,0,0,0,0,0,-8000,0,0,0,32000,40000,-8000,-8000
067081,華擎元大01購05  ,0,0,0,0,0,0,0,0,0,-8000,0,0,0,193000,201000,-8000,-8000
067335,國產凱基02購02  ,0,0,0,0,0,0,0,0,0,-8000,0,0,0,0,8000,-8000,-8000
066803,智原凱基01購02  ,0,0,0,0,0,0,0,0,0,-8000,0,0,0,50000,58000,-8000,-8000
066947,聯發科元大01購15,0,0,0,0,0,0,0,0,0,-8000,0,0,0,0,8000,-8000,-8000
06941P,國巨統一98售07  ,0,0,0,0,0,0,0,0,0,-8000,0,0,0,0,8000,-8000,-8000
067444,國巨國票03購01  ,0,0,0,0,0,0,0,0,0,-8000,0,0,0,10000,18000,-8000,-8000
067542,旭富群益01購03  ,0,0,0,0,0,0,0,0,0,-8000,0,0,0,0,8000,-8000,-8000
07137P,大立光中信9B售01,0,0,0,0,0,0,0,0,0,-8000,0,0,0,0,8000,-8000,-8000
07593P,臺股指凱基9A售08,0,0,0,0,0,0,0,0,0,-8000,0,0,0,2000,10000,-8000,-8000
059818,鴻海凱基99購14  ,0,0,0,0,0,0,0,0,0,-8000,0,0,0,2000,10000,-8000,-8000
063086,祥碩凱基9C購01  ,0,0,0,0,0,0,0,0,0,-8000,0,0,0,66000,74000,-8000,-8000
063001,巨大國票9B購01  ,0,0,0,0,0,0,0,0,0,-8000,0,0,0,0,8000,-8000,-8000
058504,台積電元大99購07,0,0,0,0,0,0,0,0,0,-8000,0,0,0,1000,9000,-8000,-8000
058137,玉晶光元大99購11,0,0,0,0,0,0,0,0,0,-8000,0,0,0,0,8000,-8000,-8000
058127,FBVIX元大9C購01 ,0,0,0,0,0,0,0,0,0,-8000,0,0,0,0,8000,-8000,-8000
053328,滬深2X永豐99購01,0,0,0,0,0,0,0,0,0,-8000,0,0,0,0,8000,-8000,-8000
052659,上証2X國票99購01,0,0,0,0,0,0,0,0,0,-8000,0,0,0,18000,26000,-8000,-8000
052692,滬深2X中信99購02,0,0,0,0,0,0,0,0,0,-8000,0,0,0,4000,12000,-8000,-8000
062902,智邦元大9B購07  ,0,0,0,0,0,0,0,0,0,-8000,0,0,0,36000,44000,-8000,-8000
061415,健策群益9A購04  ,0,0,0,0,0,0,0,0,0,-8000,0,0,0,10000,18000,-8000,-8000
064248,億光元富9C購01  ,0,0,0,0,0,0,0,0,0,-8000,0,0,0,92000,100000,-8000,-8000
061128,大立光永豐9A購02,0,0,0,0,0,0,0,0,0,-8000,0,0,0,0,8000,-8000,-8000
060837,上銀國票9A購04  ,0,0,0,0,0,0,0,0,0,-8000,0,0,0,0,8000,-8000,-8000
061996,矽格元大9B購01  ,0,0,0,0,0,0,0,0,0,-8000,0,0,0,0,8000,-8000,-8000
062160,南六凱基9B購01  ,0,0,0,0,0,0,0,0,0,-8000,0,0,0,36000,44000,-8000,-8000
065362,華通元大9C購06  ,0,0,0,0,0,0,0,0,0,-8000,0,0,0,62000,70000,-8000,-8000
065120,臺股指富邦9C購03,0,0,0,0,0,0,0,0,0,-8000,0,0,0,0,8000,-8000,-8000
065158,和碩群益9C購01  ,0,0,0,0,0,0,0,0,0,-8000,0,0,0,2000,10000,-8000,-8000
064788,台汽電群益9C購01,0,0,0,0,0,0,0,0,0,-8000,0,0,0,10000,18000,-8000,-8000
064467,南亞科元富9C購02,0,0,0,0,0,0,0,0,0,-8000,0,0,0,0,8000,-8000,-8000
064519,聯詠群益9C購01  ,0,0,0,0,0,0,0,0,0,-8000,0,0,0,2000,10000,-8000,-8000
065497,台積電富邦03購03,0,0,0,0,0,0,0,0,0,-8000,0,0,0,0,8000,-8000,-8000
065891,聯發科統一02購03,0,0,0,0,0,0,0,0,0,-8000,0,0,0,24000,32000,-8000,-8000
066512,致茂永豐01購01  ,0,0,0,0,0,0,0,0,0,-8000,0,0,0,80000,88000,-8000,-8000
066135,潤泰全群益02購01,0,0,0,0,0,0,0,0,0,-8000,0,0,0,15000,23000,-8000,-8000
066382,拓凱康和01購01  ,0,0,0,0,0,0,0,0,0,-8000,0,0,0,68000,76000,-8000,-8000
4930,燦星網          ,1000,9000,-8000,0,0,0,0,0,0,0,0,0,0,0,0,0,-8000
2539,櫻花建          ,0,8000,-8000,0,0,0,0,0,0,0,0,0,0,0,0,0,-8000
2597,潤弘            ,0,8000,-8000,0,0,0,0,0,0,0,0,0,0,0,0,0,-8000
2923,鼎固-KY         ,2000,10000,-8000,0,0,0,0,0,0,0,0,0,0,0,0,0,-8000
6579,研揚            ,2000,10000,-8000,0,0,0,0,0,0,0,0,0,0,0,0,0,-8000
066907,聯發科凱基03購04,0,0,0,0,0,0,0,0,0,-9000,0,0,0,0,9000,-9000,-9000
2460,建通            ,0,9000,-9000,0,0,0,0,0,0,0,0,0,0,0,0,0,-9000
2493,揚博            ,114000,125000,-11000,0,0,0,0,0,0,2000,2000,0,2000,0,0,0,-9000
056428,台達電凱基99購01,0,0,0,0,0,0,0,0,0,-9000,0,0,0,1000,10000,-9000,-9000
057292,國巨國泰9B購01  ,0,0,0,0,0,0,0,0,0,-9000,0,0,0,6000,15000,-9000,-9000
057232,京元電凱基98購02,0,0,0,0,0,0,0,0,0,-9000,0,0,0,10000,19000,-9000,-9000
057147,新日興國票99購01,0,0,0,0,0,0,0,0,0,-9000,0,0,0,0,9000,-9000,-9000
063166,超眾永豐9B購01  ,0,0,0,0,0,0,0,0,0,-9000,0,0,0,59000,68000,-9000,-9000
063185,聯發科凱基9C購03,0,0,0,0,0,0,0,0,0,-9000,0,0,0,6000,15000,-9000,-9000
058717,南電台新99購02  ,0,0,0,0,0,0,0,0,0,-9000,0,0,0,0,9000,-9000,-9000
061693,華新科群益9B購02,0,0,0,0,0,0,0,0,0,-9000,0,0,0,77000,86000,-9000,-9000
062386,京鼎國泰9C購01  ,0,0,0,0,0,0,0,0,0,-9000,0,0,0,42000,51000,-9000,-9000
061800,泰鼎永豐9B購01  ,0,0,0,0,0,0,0,0,0,-9000,0,0,0,129000,138000,-9000,-9000
061935,台積電國票9B購07,0,0,0,0,0,0,0,0,0,-9000,0,0,0,481000,490000,-9000,-9000
061238,晶技元大9A購02  ,0,0,0,0,0,0,0,0,0,-9000,0,0,0,525000,534000,-9000,-9000
060546,旺宏凱基9A購02  ,0,0,0,0,0,0,0,0,0,-9000,0,0,0,51000,60000,-9000,-9000
061042,致新永豐9A購02  ,0,0,0,0,0,0,0,0,0,-9000,0,0,0,27000,36000,-9000,-9000
061326,新日興凱基9B購01,0,0,0,0,0,0,0,0,0,-9000,0,0,0,1000,10000,-9000,-9000
060248,日月光元大9A購01,0,0,0,0,0,0,0,0,0,-9000,0,0,0,0,9000,-9000,-9000
064075,台積電中信06購01,0,0,0,0,0,0,0,0,0,-9000,0,0,0,51000,60000,-9000,-9000
064127,聯發科元大9C購06,0,0,0,0,0,0,0,0,0,-9000,0,0,0,5000,14000,-9000,-9000
064309,聯發科群益9C購07,0,0,0,0,0,0,0,0,0,-9000,0,0,0,44000,53000,-9000,-9000
064335,可成元大9C購05  ,0,0,0,0,0,0,0,0,0,-9000,0,0,0,0,9000,-9000,-9000
066331,東森永豐01購01  ,0,0,0,0,0,0,0,0,0,-9000,0,0,0,1000,10000,-9000,-9000
06613P,華新科富邦9A售03,0,0,0,0,0,0,0,0,0,-9000,0,0,0,11000,20000,-9000,-9000
066492,台郡元富01購01  ,0,0,0,0,0,0,0,0,0,-9000,0,0,0,0,9000,-9000,-9000
063722,遠東新元大9B購02,0,0,0,0,0,0,0,0,0,-9000,0,0,0,77000,86000,-9000,-9000
063694,貿聯永豐9B購01  ,0,0,0,0,0,0,0,0,0,-9000,0,0,0,101000,110000,-9000,-9000
064712,聚陽統一02購03  ,0,0,0,0,0,0,0,0,0,-9000,0,0,0,8000,17000,-9000,-9000
065063,玉晶光群益02購04,0,0,0,0,0,0,0,0,0,-9000,0,0,0,9000,18000,-9000,-9000
065273,南電元大9C購06  ,0,0,0,0,0,0,0,0,0,-9000,0,0,0,0,9000,-9000,-9000
6605,帝寶            ,9000,18000,-9000,0,0,0,0,0,0,0,0,0,0,0,0,0,-9000
6215,和椿            ,14000,23000,-9000,0,0,0,0,0,0,0,0,0,0,0,0,0,-9000
6184,大豐電          ,1000,10000,-9000,0,0,0,0,0,0,0,0,0,0,0,0,0,-9000
5706,鳳凰            ,13000,23000,-10000,0,0,0,0,0,0,1000,1000,0,1000,0,0,0,-9000
6115,鎰勝            ,0,9000,-9000,0,0,0,0,0,0,0,0,0,0,0,0,0,-9000
8473,山林水          ,7000,6000,1000,0,0,0,0,0,0,-10000,0,10000,-10000,0,0,0,-9000
2634,漢翔            ,115000,99000,16000,0,0,0,0,2000,-2000,-23000,0,0,0,0,23000,-23000,-9000
3305,昇貿            ,1000,10000,-9000,0,0,0,0,0,0,0,0,0,0,0,0,0,-9000
4994,傳奇            ,41800,51000,-9200,0,0,0,0,0,0,0,0,0,0,0,0,0,-9200
2477,美隆電          ,6000,16000,-10000,0,0,0,0,0,0,0,0,0,0,0,0,0,-10000
08861P,台積電統一01售10,0,0,0,0,0,0,0,0,0,-10000,0,0,0,1231000,1241000,-10000,-10000
08829P,滬深2X群益01售07,0,0,0,0,0,0,0,0,0,-10000,0,0,0,0,10000,-10000,-10000
08875P,台積電中信07售02,0,0,0,0,0,0,0,0,0,-10000,0,0,0,0,10000,-10000,-10000
1315,達新            ,56000,66000,-10000,0,0,0,0,0,0,0,0,0,0,0,0,0,-10000
08593P,聯發科凱基9C售13,0,0,0,0,0,0,0,0,0,-10000,0,0,0,0,10000,-10000,-10000
08426P,奇力新國票01售01,0,0,0,0,0,0,0,0,0,-10000,0,0,0,46000,56000,-10000,-10000
08364P,聯發科凱基02售02,0,0,0,0,0,0,0,0,0,-10000,0,0,0,0,10000,-10000,-10000
08335P,香港2X中信03售01,0,0,0,0,0,0,0,0,0,-10000,0,0,0,0,10000,-10000,-10000
08134P,臺股指元大9B售40,0,0,0,0,0,0,0,0,0,-10000,0,0,0,0,10000,-10000,-10000
08119P,南亞科統一9C售03,0,0,0,0,0,0,0,0,0,-10000,0,0,0,0,10000,-10000,-10000
08115P,聯發科凱基9B售13,0,0,0,0,0,0,0,0,0,-10000,0,0,0,0,10000,-10000,-10000
08284P,鴻海凱基01售03  ,0,0,0,0,0,0,0,0,0,-10000,0,0,0,0,10000,-10000,-10000
08242P,聯發科凱基9C售06,0,0,0,0,0,0,0,0,0,-10000,0,0,0,0,10000,-10000,-10000
07901P,臺股指凱基9B售04,0,0,0,0,0,0,0,0,0,-10000,0,0,0,0,10000,-10000,-10000
07907P,台灣50台新9B售08,0,0,0,0,0,0,0,0,0,-10000,0,0,0,0,10000,-10000,-10000
08049P,臺股指國票9B售14,0,0,0,0,0,0,0,0,0,-10000,0,0,0,0,10000,-10000,-10000
08067P,大立光凱基9B售08,0,0,0,0,0,0,0,0,0,-10000,0,0,0,0,10000,-10000,-10000
066878,牧德富邦03購01  ,0,0,0,0,0,0,0,0,0,-10000,0,0,0,0,10000,-10000,-10000
066798,燿華凱基02購02  ,0,0,0,0,0,0,0,0,0,-10000,0,0,0,41000,51000,-10000,-10000
066696,臺指反群益01購02,0,0,0,0,0,0,0,0,0,-10000,0,0,0,0,10000,-10000,-10000
066671,TPK凱基02購02   ,0,0,0,0,0,0,0,0,0,-10000,0,0,0,50000,60000,-10000,-10000
066684,T50反1元富07購01,0,0,0,0,0,0,0,0,0,-10000,0,0,0,0,10000,-10000,-10000
067196,大立光台新01購02,0,0,0,0,0,0,0,0,0,-10000,0,0,0,0,10000,-10000,-10000
066990,啟碁群益01購01  ,0,0,0,0,0,0,0,0,0,-10000,0,0,0,0,10000,-10000,-10000
067097,為升群益01購01  ,0,0,0,0,0,0,0,0,0,-10000,0,0,0,0,10000,-10000,-10000
067134,國揚永豐01購02  ,0,0,0,0,0,0,0,0,0,-10000,0,0,0,3000,13000,-10000,-10000
067142,美利達永豐01購02,0,0,0,0,0,0,0,0,0,-10000,0,0,0,0,10000,-10000,-10000
07520P,臺股指元大9B售11,0,0,0,0,0,0,0,0,0,-10000,0,0,0,0,10000,-10000,-10000
07571P,台灣50元大9A售14,0,0,0,0,0,0,0,0,0,-10000,0,0,0,0,10000,-10000,-10000
07575P,瑞昱元大9A售02  ,0,0,0,0,0,0,0,0,0,-10000,0,0,0,0,10000,-10000,-10000
07780P,美律凱基9A售02  ,0,0,0,0,0,0,0,0,0,-10000,0,0,0,10000,20000,-10000,-10000
07747P,晶技凱基9A售04  ,0,0,0,0,0,0,0,0,0,-10000,0,0,0,0,10000,-10000,-10000
07096P,元石油元大9C售05,0,0,0,0,0,0,0,0,0,-10000,0,0,0,0,10000,-10000,-10000
07040P,台灣50元大9C售02,0,0,0,0,0,0,0,0,0,-10000,0,0,0,1420000,1430000,-10000,-10000
07421P,國泰金元大99售01,0,0,0,0,0,0,0,0,0,-10000,0,0,0,0,10000,-10000,-10000
07385P,緯穎群益99售04  ,0,0,0,0,0,0,0,0,0,-10000,0,0,0,0,10000,-10000,-10000
07252P,台灣50凱基99售01,0,0,0,0,0,0,0,0,0,-10000,0,0,0,0,10000,-10000,-10000
07319P,台積電凱基01售02,0,0,0,0,0,0,0,0,0,-10000,0,0,0,0,10000,-10000,-10000
07347P,上証2X凱基99售02,0,0,0,0,0,0,0,0,0,-10000,0,0,0,0,10000,-10000,-10000
067527,遠東新群益01購01,0,0,0,0,0,0,0,0,0,-10000,0,0,0,0,10000,-10000,-10000
067504,鴻海統一01購07  ,0,0,0,0,0,0,0,0,0,-10000,0,0,0,0,10000,-10000,-10000
06750P,聯發科元富02售03,0,0,0,0,0,0,0,0,0,-10000,0,0,0,0,10000,-10000,-10000
067461,晶碩永豐01購02  ,0,0,0,0,0,0,0,0,0,-10000,0,0,0,0,10000,-10000,-10000
067440,A50正2國票02購01,0,0,0,0,0,0,0,0,0,-10000,0,0,0,0,10000,-10000,-10000
067413,臺股指中信04購02,0,0,0,0,0,0,0,0,0,-10000,0,0,0,0,10000,-10000,-10000
07031P,台灣50中信03售02,0,0,0,0,0,0,0,0,0,-10000,0,0,0,0,10000,-10000,-10000
07005P,台積電統一9B售05,0,0,0,0,0,0,0,0,0,-10000,0,0,0,0,10000,-10000,-10000
06906P,國巨國泰99售01  ,0,0,0,0,0,0,0,0,0,-10000,0,0,0,0,10000,-10000,-10000
067670,微星元大01購06  ,0,0,0,0,0,0,0,0,0,-10000,0,0,0,0,10000,-10000,-10000
067676,大立光元大01購12,0,0,0,0,0,0,0,0,0,-10000,0,0,0,0,10000,-10000,-10000
067644,康舒統一01購01  ,0,0,0,0,0,0,0,0,0,-10000,0,0,0,0,10000,-10000,-10000
067626,聚陽永豐01購01  ,0,0,0,0,0,0,0,0,0,-10000,0,0,0,0,10000,-10000,-10000
057904,矽力永豐98購01  ,0,0,0,0,0,0,0,0,0,-10000,0,0,0,0,10000,-10000,-10000
058053,上銀統一9B購01  ,0,0,0,0,0,0,0,0,0,-10000,0,0,0,40000,50000,-10000,-10000
058073,大立光凱基99購04,0,0,0,0,0,0,0,0,0,-10000,0,0,0,0,10000,-10000,-10000
058378,南電凱基99購01  ,0,0,0,0,0,0,0,0,0,-10000,0,0,0,3000,13000,-10000,-10000
058748,景碩凱基9A購01  ,0,0,0,0,0,0,0,0,0,-10000,0,0,0,0,10000,-10000,-10000
058826,台積電永豐99購02,0,0,0,0,0,0,0,0,0,-10000,0,0,0,0,10000,-10000,-10000
058843,元油2X群益9C購02,0,0,0,0,0,0,0,0,0,-10000,0,0,0,0,10000,-10000,-10000
058820,致茂國泰9B購01  ,0,0,0,0,0,0,0,0,0,-10000,0,0,0,0,10000,-10000,-10000
059783,旺宏元大99購17  ,0,0,0,0,0,0,0,0,0,-10000,0,0,0,1000,11000,-10000,-10000
059730,晶相光元大9C購02,0,0,0,0,0,0,0,0,0,-10000,0,0,0,11000,21000,-10000,-10000
059733,緯穎元大99購08  ,0,0,0,0,0,0,0,0,0,-10000,0,0,0,5000,15000,-10000,-10000
059555,台灣50凱基9A購06,0,0,0,0,0,0,0,0,0,-10000,0,0,0,0,10000,-10000,-10000
059597,大立光元大99購21,0,0,0,0,0,0,0,0,0,-10000,0,0,0,0,10000,-10000,-10000
059707,健策凱基9A購03  ,0,0,0,0,0,0,0,0,0,-10000,0,0,0,0,10000,-10000,-10000
059689,南亞科永豐99購02,0,0,0,0,0,0,0,0,0,-10000,0,0,0,1000,11000,-10000,-10000
058967,可成麥證99購01  ,0,0,0,0,10000,-10000,0,0,0,-10000,0,0,0,0,10000,-10000,-10000
058942,南茂中信99購01  ,0,0,0,0,0,0,0,0,0,-10000,0,0,0,0,10000,-10000,-10000
058950,國巨群益99購06  ,0,0,0,0,0,0,0,0,0,-10000,0,0,0,0,10000,-10000,-10000
058929,可成統一9C購01  ,0,0,0,0,0,0,0,0,0,-10000,0,0,0,40000,50000,-10000,-10000
059168,奇力新凱基99購05,0,0,0,0,0,0,0,0,0,-10000,0,0,0,0,10000,-10000,-10000
059117,禾伸堂永豐99購01,0,0,0,0,0,0,0,0,0,-10000,0,0,0,0,10000,-10000,-10000
063222,群創群益9B購03  ,0,0,0,0,0,0,0,0,0,-10000,0,0,0,0,10000,-10000,-10000
063152,健策元富9C購01  ,0,0,0,0,0,0,0,0,0,-10000,0,0,0,0,10000,-10000,-10000
063158,瑞昱台新9B購02  ,0,0,0,0,0,0,0,0,0,-10000,0,0,0,0,10000,-10000,-10000
063090,道瓊反中信9C購02,0,0,0,0,0,0,0,0,0,-10000,0,0,0,0,10000,-10000,-10000
058476,旺宏凱基9A購01  ,0,0,0,0,0,0,0,0,0,-10000,0,0,0,0,10000,-10000,-10000
059822,聯發科凱基99購19,0,0,0,0,0,0,0,0,0,-10000,0,0,0,0,10000,-10000,-10000
059828,健策凱基99購05  ,0,0,0,0,0,0,0,0,0,-10000,0,0,0,0,10000,-10000,-10000
057600,大立光群益99購03,0,0,0,0,0,0,0,0,0,-10000,0,0,0,0,10000,-10000,-10000
057557,聯茂凱基99購04  ,0,0,0,0,0,0,0,0,0,-10000,0,0,0,0,10000,-10000,-10000
058569,健策凱基9A購01  ,0,0,0,0,0,0,0,0,0,-10000,0,0,0,0,10000,-10000,-10000
057751,神達國票99購02  ,0,0,0,0,0,0,0,0,0,-10000,0,0,0,0,10000,-10000,-10000
057784,台積電國票9B購01,0,0,0,0,0,0,0,0,0,-10000,0,0,0,0,10000,-10000,-10000
057083,立積統一98購01  ,0,0,0,0,0,0,0,0,0,-10000,0,0,0,0,10000,-10000,-10000
057230,建準凱基98購02  ,0,0,0,0,0,0,0,0,0,-10000,0,0,0,0,10000,-10000,-10000
056565,欣興群益98購03  ,0,0,0,0,0,0,0,0,0,-10000,0,0,0,0,10000,-10000,-10000
056676,國產元富98購01  ,0,0,0,0,0,0,0,0,0,-10000,0,0,0,30000,40000,-10000,-10000
057329,緯穎群益98購02  ,0,0,0,0,0,0,0,0,0,-10000,0,0,0,0,10000,-10000,-10000
057323,智邦群益98購01  ,0,0,0,0,0,0,0,0,0,-10000,0,0,0,0,10000,-10000,-10000
056855,祥碩中信98購02  ,0,0,0,0,0,0,0,0,0,-10000,0,0,0,0,10000,-10000,-10000
056811,健策統一9B購01  ,0,0,0,0,0,0,0,0,0,-10000,0,0,0,0,10000,-10000,-10000
055363,緯穎凱基98購03  ,0,0,0,0,0,0,0,0,0,-10000,0,0,0,0,10000,-10000,-10000
055443,台虹國票98購01  ,0,0,0,0,0,0,0,0,0,-10000,0,0,0,0,10000,-10000,-10000
055215,智邦凱基98購02  ,0,0,0,0,0,0,0,0,0,-10000,0,0,0,0,10000,-10000,-10000
057326,景碩群益99購02  ,0,0,0,0,0,0,0,0,0,-10000,0,0,0,0,10000,-10000,-10000
057363,華通元大99購02  ,0,0,0,0,0,0,0,0,0,-10000,0,0,0,0,10000,-10000,-10000
055108,智邦凱基98購01  ,0,0,0,0,0,0,0,0,0,-10000,0,0,0,0,10000,-10000,-10000
058176,聯發科凱基99購05,0,0,0,0,0,0,0,0,0,-10000,0,0,0,0,10000,-10000,-10000
058096,南電元大98購04  ,0,0,0,0,0,0,0,0,0,-10000,0,0,0,0,10000,-10000,-10000
056086,奇力新統一98購01,0,0,0,0,0,0,0,0,0,-10000,0,0,0,0,10000,-10000,-10000
055997,矽創國泰99購01  ,0,0,0,0,0,0,0,0,0,-10000,0,0,0,0,10000,-10000,-10000
058207,南茂凱基99購01  ,0,0,0,0,0,0,0,0,0,-10000,0,0,0,34000,44000,-10000,-10000
058197,國巨中信99購02  ,0,0,0,0,0,0,0,0,0,-10000,0,0,0,0,10000,-10000,-10000
059525,上銀凱基99購08  ,0,0,0,0,0,0,0,0,0,-10000,0,0,0,0,10000,-10000,-10000
059342,聯發科凱基9A購05,0,0,0,0,0,0,0,0,0,-10000,0,0,0,0,10000,-10000,-10000
059350,樺漢凱基9A購01  ,0,0,0,0,0,0,0,0,0,-10000,0,0,0,0,10000,-10000,-10000
059203,勤誠永豐99購02  ,0,0,0,0,0,0,0,0,0,-10000,0,0,0,0,10000,-10000,-10000
056325,群創兆豐9A購01  ,0,0,0,0,0,0,0,0,0,-10000,0,0,0,0,10000,-10000,-10000
056382,道瓊反國泰9A購01,0,0,0,0,0,0,0,0,0,-10000,0,0,0,0,10000,-10000,-10000
056986,超眾群益98購03  ,0,0,0,0,0,0,0,0,0,-10000,0,0,0,0,10000,-10000,-10000
057000,亞德客國票99購01,0,0,0,0,0,0,0,0,0,-10000,0,0,0,0,10000,-10000,-10000
057050,群創元大99購03  ,0,0,0,0,0,0,0,0,0,-10000,0,0,0,0,10000,-10000,-10000
053782,京元電元大98購02,0,0,0,0,0,0,0,0,0,-10000,0,0,0,0,10000,-10000,-10000
057375,欣興元大98購09  ,0,0,0,0,0,0,0,0,0,-10000,0,0,0,0,10000,-10000,-10000
054217,台表科國票97購05,0,30000,-30000,0,0,0,0,0,0,20000,0,0,0,30000,10000,20000,-10000
02001L,富邦蘋果正二N   ,0,0,0,0,0,0,0,0,0,-10000,0,0,0,0,10000,-10000,-10000
03064X,元展59          ,0,0,0,0,0,0,0,0,0,-10000,0,0,0,0,10000,-10000,-10000
054542,台表科國票98購01,0,0,0,0,0,0,0,0,0,-10000,0,0,0,4000,14000,-10000,-10000
051369,新光金富邦9A購01,0,0,0,0,0,0,0,0,0,-10000,0,0,0,0,10000,-10000,-10000
048505,滬深2X群益99購03,0,0,0,0,0,0,0,0,0,-10000,0,0,0,0,10000,-10000,-10000
045837,群創群益98購02  ,0,0,0,0,0,0,0,0,0,-10000,0,0,0,0,10000,-10000,-10000
046385,群創凱基98購03  ,0,0,0,0,0,0,0,0,0,-10000,0,0,0,0,10000,-10000,-10000
064337,大毅元大01購02  ,0,0,0,0,0,0,0,0,0,-10000,0,0,0,10000,20000,-10000,-10000
061543,南亞科群益9A購01,0,0,0,0,0,0,0,0,0,-10000,0,0,0,0,10000,-10000,-10000
061548,聯詠群益9A購02  ,0,0,0,0,0,0,0,0,0,-10000,0,0,0,0,10000,-10000,-10000
061599,元金反中信9C購01,0,0,0,0,0,0,0,0,0,-10000,0,0,0,0,10000,-10000,-10000
061602,旺宏凱基9A購06  ,0,0,0,0,0,0,0,0,0,-10000,0,0,0,0,10000,-10000,-10000
061456,玉晶光凱基9B購05,0,0,0,0,0,0,0,0,0,-10000,0,0,0,0,10000,-10000,-10000
061474,瑞昱元大9A購04  ,0,0,0,0,0,0,0,0,0,-10000,0,0,0,0,10000,-10000,-10000
062900,台積電元大9B購04,0,0,0,0,0,0,0,0,0,-10000,0,0,0,21000,31000,-10000,-10000
061394,FBVIX統一9B購01 ,0,0,0,0,0,0,0,0,0,-10000,0,0,0,10000,20000,-10000,-10000
061395,健策統一9C購02  ,0,0,0,0,0,0,0,0,0,-10000,0,0,0,0,10000,-10000,-10000
062829,泰碩群益9B購01  ,0,0,0,0,0,0,0,0,0,-10000,0,0,0,0,10000,-10000,-10000
064187,亞光永豐9C購01  ,0,0,0,0,0,0,0,0,0,-10000,0,0,0,58000,68000,-10000,-10000
064392,喬山永豐9C購01  ,0,0,0,0,0,0,0,0,0,-10000,0,0,0,0,10000,-10000,-10000
064294,和大中信9C購01  ,0,0,0,0,0,0,0,0,0,-10000,0,0,0,0,10000,-10000,-10000
060235,瑞昱元大9A購01  ,0,0,0,0,0,0,0,0,0,-10000,0,0,0,0,10000,-10000,-10000
060296,和碩元大9A購01  ,0,0,0,0,0,0,0,0,0,-10000,0,0,0,0,10000,-10000,-10000
060394,欣興麥證9A購01  ,0,0,0,0,10000,-10000,0,0,0,-10000,0,0,0,0,10000,-10000,-10000
060628,和大富邦9B購01  ,0,0,0,0,0,0,0,0,0,-10000,0,0,0,0,10000,-10000,-10000
060601,技嘉凱基9A購02  ,0,0,0,0,0,0,0,0,0,-10000,0,0,0,13000,23000,-10000,-10000
060723,致新永豐9A購01  ,0,0,0,0,0,0,0,0,0,-10000,0,0,0,0,10000,-10000,-10000
060708,康友富邦9B購01  ,0,0,0,0,0,0,0,0,0,-10000,0,0,0,0,10000,-10000,-10000
060116,世紀鋼元大99購07,0,0,0,0,0,0,0,0,0,-10000,0,0,0,0,10000,-10000,-10000
060128,健策永豐99購06  ,0,0,0,0,0,0,0,0,0,-10000,0,0,0,0,10000,-10000,-10000
060051,台積電凱基9B購01,0,0,0,0,0,0,0,0,0,-10000,0,0,0,0,10000,-10000,-10000
061317,旺宏凱基9A購05  ,0,0,0,0,0,0,0,0,0,-10000,0,0,0,0,10000,-10000,-10000
061164,燿華兆豐9B購01  ,0,0,0,0,0,0,0,0,0,-10000,0,0,0,0,10000,-10000,-10000
061154,可成群益9B購04  ,0,0,0,0,0,0,0,0,0,-10000,0,0,0,0,10000,-10000,-10000
061045,儒鴻第一9A購01  ,0,0,0,0,0,0,0,0,0,-10000,0,0,0,0,10000,-10000,-10000
061021,聯電國泰9B購01  ,0,0,0,0,0,0,0,0,0,-10000,0,0,0,0,10000,-10000,-10000
061100,SP黃豆元大9A購04,0,0,0,0,0,0,0,0,0,-10000,0,0,0,0,10000,-10000,-10000
060877,華邦電中信02購01,0,0,0,0,0,0,0,0,0,-10000,0,0,0,0,10000,-10000,-10000
060812,智邦凱基9A購01  ,0,0,0,0,0,0,0,0,0,-10000,0,0,0,0,10000,-10000,-10000
060814,健策凱基9B購01  ,0,0,0,0,0,0,0,0,0,-10000,0,0,0,0,10000,-10000,-10000
060694,旺宏麥證9A購02  ,0,0,0,0,10000,-10000,0,0,0,-10000,0,0,0,0,10000,-10000,-10000
060919,滬深2X富邦9B購01,0,0,0,0,0,0,0,0,0,-10000,0,0,0,3000,13000,-10000,-10000
061008,群創兆豐9A購02  ,0,0,0,0,0,0,0,0,0,-10000,0,0,0,0,10000,-10000,-10000
061182,南六凱基9A購01  ,0,0,0,0,0,0,0,0,0,-10000,0,0,0,0,10000,-10000,-10000
061201,FBVIX元大01購03 ,0,0,0,0,0,0,0,0,0,-10000,0,0,0,0,10000,-10000,-10000
061225,台積電中信9A購04,0,0,0,0,0,0,0,0,0,-10000,0,0,0,0,10000,-10000,-10000
060467,神基元大9A購01  ,0,0,0,0,0,0,0,0,0,-10000,0,0,0,0,10000,-10000,-10000
061750,台達電台新9B購01,0,0,0,0,0,0,0,0,0,-10000,0,0,0,0,10000,-10000,-10000
061763,聯電元大9C購02  ,0,0,0,0,0,0,0,0,0,-10000,0,0,0,40000,50000,-10000,-10000
062246,力山元大9B購02  ,0,0,0,0,0,0,0,0,0,-10000,0,0,0,0,10000,-10000,-10000
062315,健策凱基9C購01  ,0,0,0,0,0,0,0,0,0,-10000,0,0,0,1000,11000,-10000,-10000
062312,大立光凱基9B購03,0,0,0,0,0,0,0,0,0,-10000,0,0,0,0,10000,-10000,-10000
062675,台積電台新9B購06,0,0,0,0,0,0,0,0,0,-10000,0,0,0,0,10000,-10000,-10000
062667,立積群益9B購01  ,0,0,0,0,0,0,0,0,0,-10000,0,0,0,0,10000,-10000,-10000
062723,聯發科凱基9B購09,0,0,0,0,0,0,0,0,0,-10000,0,0,0,0,10000,-10000,-10000
062741,立積國票9B購02  ,0,0,0,0,0,0,0,0,0,-10000,0,0,0,0,10000,-10000,-10000
062764,世芯凱基9B購02  ,0,0,0,0,0,0,0,0,0,-10000,0,0,0,0,10000,-10000,-10000
062806,世芯統一02購01  ,0,0,0,0,0,0,0,0,0,-10000,0,0,0,0,10000,-10000,-10000
062794,鴻海統一9C購15  ,20000,20000,0,0,0,0,0,0,0,-10000,0,0,0,29000,39000,-10000,-10000
062479,TPK國票9B購01   ,0,0,0,0,0,0,0,0,0,-10000,0,0,0,0,10000,-10000,-10000
062355,華通元大9B購03  ,0,0,0,0,0,0,0,0,0,-10000,0,0,0,0,10000,-10000,-10000
062602,華通麥證9C購01  ,0,0,0,10000,20000,-10000,0,0,0,-10000,0,0,0,10000,20000,-10000,-10000
062605,上銀凱基9B購03  ,0,0,0,0,0,0,0,0,0,-10000,0,0,0,0,10000,-10000,-10000
062618,祥碩元大9B購04  ,0,0,0,0,0,0,0,0,0,-10000,0,0,0,0,10000,-10000,-10000
062525,鴻海統一9C購10  ,0,0,0,0,0,0,0,0,0,-10000,0,0,0,0,10000,-10000,-10000
062545,嘉晶永豐9B購01  ,0,0,0,0,0,0,0,0,0,-10000,0,0,0,21000,31000,-10000,-10000
061832,聯發科凱基9B購06,0,0,0,0,0,0,0,0,0,-10000,0,0,0,0,10000,-10000,-10000
062390,元黃金富邦9C購01,0,0,0,0,0,0,0,0,0,-10000,0,0,0,0,10000,-10000,-10000
062409,巨大永豐9B購02  ,0,0,0,0,0,0,0,0,0,-10000,0,0,0,0,10000,-10000,-10000
062946,祥碩國泰9C購02  ,0,0,0,0,0,0,0,0,0,-10000,0,0,0,0,10000,-10000,-10000
063440,上銀統一01購02  ,0,0,0,0,0,0,0,0,0,-10000,0,0,0,18000,28000,-10000,-10000
063463,瑞昱元大9B購05  ,0,0,0,0,0,0,0,0,0,-10000,0,0,0,10000,20000,-10000,-10000
061697,世紀鋼群益9A購03,0,0,0,0,0,0,0,0,0,-10000,0,0,0,30000,40000,-10000,-10000
061687,大成鋼群益9A購01,0,0,0,0,0,0,0,0,0,-10000,0,0,0,0,10000,-10000,-10000
062197,聯發科中信01購03,0,0,0,0,0,0,0,0,0,-10000,0,0,0,11000,21000,-10000,-10000
062189,康控元大9B購02  ,0,0,0,0,0,0,0,0,0,-10000,0,0,0,0,10000,-10000,-10000
062180,瑞昱元大9B購03  ,0,0,0,0,0,0,0,0,0,-10000,0,0,0,0,10000,-10000,-10000
062105,國巨國票9C購03  ,0,0,0,0,0,0,0,0,0,-10000,0,0,0,13000,23000,-10000,-10000
062086,瑞祺元大9B購01  ,0,0,0,0,0,0,0,0,0,-10000,0,0,0,44000,54000,-10000,-10000
06211P,鴻海元大98售04  ,0,0,0,0,0,0,0,0,0,-10000,0,0,0,10000,20000,-10000,-10000
062108,晶豪科國票9B購01,0,0,0,0,0,0,0,0,0,-10000,0,0,0,0,10000,-10000,-10000
063486,聚陽國泰9C購01  ,0,0,0,0,0,0,0,0,0,-10000,0,0,0,0,10000,-10000,-10000
063496,儒鴻永豐9B購01  ,0,0,0,0,0,0,0,0,0,-10000,0,0,0,0,10000,-10000,-10000
06533P,上証2X中信9B售01,0,0,0,0,0,0,0,0,0,-10000,0,0,0,0,10000,-10000,-10000
065248,聯發科麥證9C購03,0,0,0,0,10000,-10000,0,0,0,-10000,0,0,0,0,10000,-10000,-10000
065193,和大元富03購02  ,0,0,0,0,0,0,0,0,0,-10000,0,0,0,0,10000,-10000,-10000
065194,和大元富9C購01  ,0,0,0,0,0,0,0,0,0,-10000,0,0,0,0,10000,-10000,-10000
064989,鈺齊元大01購01  ,0,0,0,0,0,0,0,0,0,-10000,0,0,0,5000,15000,-10000,-10000
064769,漢翔中信9C購01  ,0,0,0,0,0,0,0,0,0,-10000,0,0,0,0,10000,-10000,-10000
064676,聚陽兆豐9C購01  ,0,0,0,0,0,0,0,0,0,-10000,0,0,0,159000,169000,-10000,-10000
063932,世芯統一01購01  ,0,0,0,0,0,0,0,0,0,-10000,0,0,0,0,10000,-10000,-10000
064047,義隆統一02購01  ,0,0,0,0,0,0,0,0,0,-10000,0,0,0,0,10000,-10000,-10000
064545,智邦凱基9C購02  ,0,0,0,0,0,0,0,0,0,-10000,0,0,0,0,10000,-10000,-10000
063660,儒鴻統一9C購01  ,0,0,0,0,0,0,0,0,0,-10000,0,0,0,20000,30000,-10000,-10000
063785,華通中信06購02  ,0,0,0,0,0,0,0,0,0,-10000,0,0,0,10000,20000,-10000,-10000
063582,瑞祺國泰9C購01  ,0,0,0,0,0,0,0,0,0,-10000,0,0,0,30000,40000,-10000,-10000
064442,嘉聯益凱基9C購01,0,0,0,0,0,0,0,0,0,-10000,0,0,0,20000,30000,-10000,-10000
066505,可成富邦03購01  ,0,0,0,0,0,0,0,0,0,-10000,0,0,0,0,10000,-10000,-10000
066407,昇陽半凱基01購01,0,0,0,0,0,0,0,0,0,-10000,0,0,0,0,10000,-10000,-10000
066422,嘉晶元大02購01  ,0,0,0,0,0,0,0,0,0,-10000,0,0,0,74000,84000,-10000,-10000
066446,健策群益01購06  ,0,0,0,0,0,0,0,0,0,-10000,0,0,0,0,10000,-10000,-10000
066591,華新科群益01購05,0,0,0,0,0,0,0,0,0,-10000,0,0,0,1000,11000,-10000,-10000
066663,達欣工凱基01購01,0,0,0,0,0,0,0,0,0,-10000,0,0,0,0,10000,-10000,-10000
066146,昇陽半群益01購02,0,0,0,0,0,0,0,0,0,-10000,0,0,0,50000,60000,-10000,-10000
066132,精元群益01購01  ,0,0,0,0,0,0,0,0,0,-10000,0,0,0,72000,82000,-10000,-10000
066361,微星中信05購01  ,0,0,0,0,0,0,0,0,0,-10000,0,0,0,10000,20000,-10000,-10000
065830,景碩凱基9C購04  ,0,0,0,0,0,0,0,0,0,-10000,0,0,0,0,10000,-10000,-10000
06581P,南亞科凱基98售04,0,0,0,0,0,0,0,0,0,-10000,0,0,0,0,10000,-10000,-10000
066004,國巨統一01購11  ,0,0,0,0,0,0,0,0,0,-10000,0,0,0,0,10000,-10000,-10000
065993,立積永豐01購02  ,0,0,0,0,0,0,0,0,0,-10000,0,0,0,0,10000,-10000,-10000
065508,大成鋼群益01購01,0,0,0,0,0,0,0,0,0,-10000,0,0,0,0,10000,-10000,-10000
065430,可成凱基02購03  ,0,0,0,0,0,0,0,0,0,-10000,0,0,0,0,10000,-10000,-10000
065462,聯發科中信03購02,0,0,0,0,0,0,0,0,0,-10000,0,0,0,0,10000,-10000,-10000
065602,聯發科元大9C購15,0,0,0,0,0,0,0,0,0,-10000,0,0,0,12000,22000,-10000,-10000
065572,泰碩群益01購01  ,0,0,0,0,0,0,0,0,0,-10000,0,0,0,41000,51000,-10000,-10000
065562,同欣電麥證9C購04,0,0,0,0,10000,-10000,0,0,0,-10000,0,0,0,0,10000,-10000,-10000
065671,大立光凱基9C購07,0,0,0,0,0,0,0,0,0,-10000,0,0,0,0,10000,-10000,-10000
6670,復盛應用        ,36000,46000,-10000,0,0,0,0,0,0,0,0,0,0,0,0,0,-10000
8114,振樺電          ,1000,11000,-10000,0,0,0,0,0,0,0,0,0,0,0,0,0,-10000
8070,長華*           ,7000,12000,-5000,0,0,0,0,0,0,-5000,0,5000,-5000,0,0,0,-10000
3591,艾笛森          ,3000,13000,-10000,0,0,0,0,0,0,0,0,0,0,0,0,0,-10000
4919,新唐            ,365000,443000,-78000,0,0,0,0,1000,-1000,69000,0,0,0,88000,19000,69000,-10000
2524,京城            ,12000,22000,-10000,0,0,0,0,0,0,0,0,0,0,0,0,0,-10000
2887E,台新戊特        ,0,0,0,0,0,0,0,10000,-10000,0,0,0,0,0,0,0,-10000
067632,台積電永豐01購03,0,0,0,0,0,0,0,0,0,-11000,0,0,0,0,11000,-11000,-11000
067683,上緯控元大01購03,0,0,0,0,0,0,0,0,0,-11000,0,0,0,0,11000,-11000,-11000
06962P,華新科永豐99售01,0,0,0,0,0,0,0,0,0,-11000,0,0,0,18000,29000,-11000,-11000
07051P,大立光中信99售02,0,0,0,0,0,0,0,0,0,-11000,0,0,0,0,11000,-11000,-11000
1225,福懋油          ,6000,17000,-11000,0,0,0,0,0,0,0,0,0,0,0,0,0,-11000
08712P,國巨元富07售03  ,0,0,0,0,0,0,0,0,0,-11000,0,0,0,0,11000,-11000,-11000
2491,吉祥全          ,2000,13000,-11000,0,0,0,0,0,0,0,0,0,0,0,0,0,-11000
052888,台表科中信9A購01,0,0,0,0,0,0,0,0,0,-11000,0,0,0,7000,18000,-11000,-11000
054926,神達凱基98購01  ,0,0,0,0,0,0,0,0,0,-11000,0,0,0,12000,23000,-11000,-11000
056346,聯茂凱基99購02  ,0,0,0,0,0,0,0,0,0,-11000,0,0,0,0,11000,-11000,-11000
059261,華邦電中信01購01,0,0,0,0,0,0,0,0,0,-11000,0,0,0,97000,108000,-11000,-11000
059507,鴻海永豐99購03  ,0,0,0,0,0,0,0,0,0,-11000,0,0,0,0,11000,-11000,-11000
055899,群創中信99購01  ,0,0,0,0,0,0,0,0,0,-11000,0,0,0,0,11000,-11000,-11000
057388,奇鋐永豐98購02  ,0,0,0,0,0,0,0,0,0,-11000,0,0,0,1000,12000,-11000,-11000
058085,景碩群益9A購01  ,0,0,0,0,0,0,0,0,0,-11000,0,0,0,0,11000,-11000,-11000
063092,聯發科中信9B購03,0,0,0,0,0,0,0,0,0,-11000,0,0,0,10000,21000,-11000,-11000
059780,滬深2X元大9C購06,0,0,0,0,0,0,0,0,0,-11000,0,0,0,0,11000,-11000,-11000
059816,聯電凱基99購03  ,0,0,0,0,0,0,0,0,0,-11000,0,0,0,12000,23000,-11000,-11000
058835,元油2X中信9C購02,0,0,0,0,0,0,0,0,0,-11000,0,0,0,0,11000,-11000,-11000
058408,華通兆豐99購02  ,0,0,0,0,0,0,0,0,0,-11000,0,0,0,197000,208000,-11000,-11000
061645,超眾元大9A購06  ,0,0,0,0,0,0,0,0,0,-11000,0,0,0,89000,100000,-11000,-11000
062568,緯穎中信9C購01  ,0,0,0,0,0,0,0,0,0,-11000,0,0,0,3000,14000,-11000,-11000
061956,和大統一01購01  ,0,0,0,0,0,0,0,0,0,-11000,0,0,0,24000,35000,-11000,-11000
060933,南電永豐9A購02  ,0,0,0,0,0,0,0,0,0,-11000,0,0,0,8000,19000,-11000,-11000
061339,京元電元大9A購05,0,0,0,0,0,0,0,0,0,-11000,0,0,0,187000,198000,-11000,-11000
064226,TPK國票01購01   ,0,0,0,0,0,0,0,0,0,-11000,0,0,0,0,11000,-11000,-11000
062873,國巨兆豐9C購01  ,0,0,0,0,0,0,0,0,0,-11000,0,0,0,9000,20000,-11000,-11000
064356,矽創元大01購01  ,0,0,0,0,0,0,0,0,0,-11000,0,0,0,85000,96000,-11000,-11000
065887,巨大元富9C購01  ,0,0,0,0,0,0,0,0,0,-11000,0,0,0,0,11000,-11000,-11000
065896,智易統一02購01  ,0,0,0,0,0,0,0,0,0,-11000,0,0,0,39000,50000,-11000,-11000
065849,景碩元大9C購03  ,0,0,0,0,0,0,0,0,0,-11000,0,0,0,108000,119000,-11000,-11000
063605,健策凱基9C購02  ,0,0,0,0,0,0,0,0,0,-11000,0,0,0,5000,16000,-11000,-11000
063699,國巨群益9B購07  ,0,0,0,0,0,0,0,0,0,-11000,0,0,0,0,11000,-11000,-11000
065051,和碩凱基02購01  ,0,0,0,0,0,0,0,0,0,-11000,0,0,0,1000,12000,-11000,-11000
065321,瑞昱凱基9C購01  ,0,0,0,0,0,0,0,0,0,-11000,0,0,0,0,11000,-11000,-11000
065354,金像電元富03購01,0,0,0,0,0,0,0,0,0,-11000,0,0,0,333000,344000,-11000,-11000
2908,特力            ,35000,46000,-11000,0,0,0,0,0,0,0,0,0,0,0,0,0,-11000
3040,遠見            ,209000,220000,-11000,0,0,0,0,0,0,0,0,0,0,0,0,0,-11000
2748,雲品            ,1000,12000,-11000,0,0,0,0,0,0,0,0,0,0,0,0,0,-11000
2832,台產            ,0,11000,-11000,0,0,0,0,0,0,0,0,0,0,0,0,0,-11000
2488,漢平            ,7000,19000,-12000,0,0,0,0,0,0,0,0,0,0,0,0,0,-12000
2453,凌群            ,102000,114000,-12000,0,0,0,0,0,0,0,0,0,0,0,0,0,-12000
1810,和成            ,116000,128000,-12000,0,0,0,0,0,0,0,0,0,0,0,0,0,-12000
08725P,臺股指元大01售06,0,0,0,0,0,0,0,0,0,-12000,0,0,0,8000,20000,-12000,-12000
1339,昭輝            ,17000,29000,-12000,0,0,0,0,0,0,0,0,0,0,0,0,0,-12000
1423,利華            ,9000,21000,-12000,0,0,0,0,0,0,0,0,0,0,0,0,0,-12000
07983P,茂林群益9B售03  ,0,0,0,0,0,0,0,0,0,-12000,0,0,0,38000,50000,-12000,-12000
07856P,力成凱基9A售02  ,0,0,0,0,0,0,0,0,0,-12000,0,0,0,18000,30000,-12000,-12000
08112P,臺股指中信01售07,0,0,0,0,0,0,0,0,0,-12000,0,0,0,83000,95000,-12000,-12000
07033P,大立光統一9B售03,0,0,0,0,0,0,0,0,0,-12000,0,0,0,0,12000,-12000,-12000
067460,晶技永豐01購02  ,0,0,0,0,0,0,0,0,0,-12000,0,0,0,0,12000,-12000,-12000
066835,台郡群益01購02  ,0,0,0,0,0,0,0,0,0,-12000,0,0,0,10000,22000,-12000,-12000
066956,華擎元大01購04  ,0,0,0,0,0,0,0,0,0,-12000,0,0,0,207000,219000,-12000,-12000
058769,友達兆豐99購01  ,0,0,0,0,0,0,0,0,0,-12000,0,0,0,88000,100000,-12000,-12000
058324,嘉聯益永豐9A購01,0,0,0,0,0,0,0,0,0,-12000,0,0,0,0,12000,-12000,-12000
058055,華擎統一9A購01  ,0,0,0,0,0,0,0,0,0,-12000,0,0,0,12000,24000,-12000,-12000
059688,燿華永豐99購01  ,0,0,0,0,0,0,0,0,0,-12000,0,0,0,10000,22000,-12000,-12000
063120,台光電元大9C購01,0,0,0,0,0,0,0,0,0,-12000,0,0,0,0,12000,-12000,-12000
059503,大立光富邦9B購04,0,0,0,0,0,0,0,0,0,-12000,0,0,0,0,12000,-12000,-12000
058247,聯茂元大99購04  ,0,0,0,0,0,0,0,0,0,-12000,0,0,0,275000,287000,-12000,-12000
059265,美律中信01購01  ,0,0,0,0,0,0,0,0,0,-12000,0,0,0,24000,36000,-12000,-12000
054152,漢唐國泰98購02  ,0,0,0,0,0,0,0,0,0,-12000,0,0,0,0,12000,-12000,-12000
062828,聯詠群益9B購02  ,0,0,0,0,0,0,0,0,0,-12000,0,0,0,6000,18000,-12000,-12000
062846,國泰金富邦9C購01,0,0,0,0,0,0,0,0,0,-12000,0,0,0,0,12000,-12000,-12000
061397,上銀台新9A購01  ,0,0,0,0,0,0,0,0,0,-12000,0,0,0,0,12000,-12000,-12000
062998,泰碩國票01購01  ,0,0,0,0,0,0,0,0,0,-12000,0,0,0,0,12000,-12000,-12000
061387,鴻海群益9A購05  ,0,0,0,0,0,0,0,0,0,-12000,0,0,0,20000,32000,-12000,-12000
061466,創意群益9A購01  ,0,0,0,0,0,0,0,0,0,-12000,0,0,0,34000,46000,-12000,-12000
064219,滬深2X國票03購01,0,0,0,0,0,0,0,0,0,-12000,0,0,0,135000,147000,-12000,-12000
063829,晶技國票01購01  ,0,0,0,0,0,0,0,0,0,-12000,0,0,0,0,12000,-12000,-12000
064073,南電永豐9C購01  ,0,0,0,0,0,0,0,0,0,-12000,0,0,0,14000,26000,-12000,-12000
060697,鴻海國泰9C購01  ,0,0,0,0,0,0,0,0,0,-12000,0,0,0,18000,30000,-12000,-12000
060847,康控國票9A購01  ,0,0,0,0,0,0,0,0,0,-12000,0,0,0,0,12000,-12000,-12000
060327,美律群益9A購02  ,0,0,0,0,0,0,0,0,0,-12000,0,0,0,4000,16000,-12000,-12000
061931,力山國票9B購02  ,0,0,0,0,0,0,0,0,0,-12000,0,0,0,0,12000,-12000,-12000
062603,台化凱基9B購01  ,0,0,0,0,0,0,0,0,0,-12000,0,0,0,0,12000,-12000,-12000
062796,技嘉統一9C購01  ,0,0,0,0,0,0,0,0,0,-12000,0,0,0,0,12000,-12000,-12000
062784,世芯元大9B購01  ,0,0,0,0,0,0,0,0,0,-12000,0,0,0,0,12000,-12000,-12000
062063,世紀鋼統一9C購01,0,0,0,0,0,0,0,0,0,-12000,0,0,0,135000,147000,-12000,-12000
063423,聯詠凱基9C購02  ,0,0,0,0,0,0,0,0,0,-12000,0,0,0,14000,26000,-12000,-12000
063420,奇力新凱基9B購03,0,0,0,0,0,0,0,0,0,-12000,0,0,0,0,12000,-12000,-12000
061853,晶技國票9B購02  ,0,0,0,0,0,0,0,0,0,-12000,0,0,0,38000,50000,-12000,-12000
065318,聯電凱基9C購03  ,0,0,0,0,0,0,0,0,0,-12000,0,0,0,0,12000,-12000,-12000
065185,和大統一02購05  ,0,0,0,0,0,0,0,0,0,-12000,0,0,0,0,12000,-12000,-12000
065128,大成鋼兆豐9C購01,0,0,0,0,0,0,0,0,0,-12000,0,0,0,0,12000,-12000,-12000
065008,TPK國票01購02   ,0,0,0,0,0,0,0,0,0,-12000,0,0,0,0,12000,-12000,-12000
064782,健策群益9C購02  ,0,0,0,0,0,0,0,0,0,-12000,0,0,0,0,12000,-12000,-12000
064768,仁寶中信03購01  ,0,0,0,0,0,0,0,0,0,-12000,0,0,0,51000,63000,-12000,-12000
063725,聯電元大9C購03  ,0,0,0,0,0,0,0,0,0,-12000,0,0,0,13000,25000,-12000,-12000
064011,嘉晶國票9C購01  ,0,0,0,0,0,0,0,0,0,-12000,0,0,0,0,12000,-12000,-12000
064589,聯鈞永豐9C購01  ,0,0,0,0,0,0,0,0,0,-12000,0,0,0,0,12000,-12000,-12000
065990,華擎永豐01購01  ,0,0,0,0,0,0,0,0,0,-12000,0,0,0,154000,166000,-12000,-12000
065681,聯發科統一9C購17,0,0,0,0,0,0,0,0,0,-12000,0,0,0,46000,58000,-12000,-12000
065434,台勝科凱基01購01,0,0,0,0,0,0,0,0,0,-12000,0,0,0,4000,16000,-12000,-12000
066285,松翰元大01購02  ,0,0,0,0,0,0,0,0,0,-12000,0,0,0,16000,28000,-12000,-12000
066102,國揚國票02購01  ,0,0,0,0,0,0,0,0,0,-12000,0,0,0,26000,38000,-12000,-12000
3694,海華            ,194000,205000,-11000,0,0,0,0,0,0,-1000,0,1000,-1000,0,0,0,-12000
3296,勝德            ,18000,33000,-15000,0,0,0,0,0,0,3000,3000,0,3000,0,0,0,-12000
8016,矽創            ,292000,272000,20000,0,0,0,0,0,0,-32000,0,0,0,19000,51000,-32000,-12000
6128,上福            ,0,12000,-12000,0,0,0,0,0,0,0,0,0,0,0,0,0,-12000
066939,TPK國票02購02   ,0,0,0,0,0,0,0,0,0,-13000,0,0,0,0,13000,-13000,-13000
066812,志超凱基01購01  ,0,0,0,0,0,0,0,0,0,-13000,0,0,0,0,13000,-13000,-13000
067151,聯發科統一02購06,0,0,0,0,0,0,0,0,0,-13000,0,0,0,0,13000,-13000,-13000
067044,華碩凱基02購01  ,0,0,0,0,0,0,0,0,0,-13000,0,0,0,0,13000,-13000,-13000
06776P,鴻海元大99售05  ,0,0,0,0,0,0,0,0,0,-13000,0,0,0,267000,280000,-13000,-13000
067587,欣興群益01購03  ,0,0,0,0,0,0,0,0,0,-13000,0,0,0,0,13000,-13000,-13000
08538P,聯發科國票01售01,0,0,0,0,0,0,0,0,0,-13000,0,0,0,211000,224000,-13000,-13000
1506,正道            ,0,13000,-13000,0,0,0,0,0,0,0,0,0,0,0,0,0,-13000
2009,第一銅          ,3000,16000,-13000,0,0,0,0,0,0,0,0,0,0,0,0,0,-13000
2431,聯昌            ,296000,309000,-13000,0,0,0,0,0,0,0,0,0,0,0,0,0,-13000
054976,上証2X元富9A購01,0,0,0,0,0,0,0,0,0,-13000,0,0,0,145000,158000,-13000,-13000
057546,台積電凱基02購01,0,0,0,0,0,0,0,0,0,-13000,0,0,0,7000,20000,-13000,-13000
058498,世紀鋼群益99購01,0,0,0,0,0,0,0,0,0,-13000,0,0,0,31000,44000,-13000,-13000
058325,昇陽半永豐99購01,0,0,0,0,0,0,0,0,0,-13000,0,0,0,10000,23000,-13000,-13000
057981,臻鼎永豐98購01  ,0,0,0,0,0,0,0,0,0,-13000,0,0,0,17000,30000,-13000,-13000
058274,世紀鋼永豐99購01,0,0,0,0,0,0,0,0,0,-13000,0,0,0,66000,79000,-13000,-13000
063435,儒鴻統一01購02  ,0,0,0,0,0,0,0,0,0,-13000,0,0,0,15000,28000,-13000,-13000
061658,聯茂富邦9A購03  ,0,0,0,0,0,0,0,0,0,-13000,0,0,0,72000,85000,-13000,-13000
062731,力成凱基9B購02  ,0,0,0,0,0,0,0,0,0,-13000,0,0,0,0,13000,-13000,-13000
060040,康控國票99購04  ,0,0,0,0,0,0,0,0,0,-13000,0,0,0,0,13000,-13000,-13000
060770,宏達電麥證9A購01,0,0,0,0,13000,-13000,0,0,0,-13000,0,0,0,0,13000,-13000,-13000
064115,高股息元大9C購01,0,0,0,0,0,0,0,0,0,-13000,0,0,0,0,13000,-13000,-13000
061497,大立光國票9A購09,0,0,0,0,0,0,0,0,0,-13000,0,0,0,10000,23000,-13000,-13000
064351,中租元大9C購01  ,0,0,0,0,0,0,0,0,0,-13000,0,0,0,2000,15000,-13000,-13000
066365,富邦金中信03購01,0,0,0,0,0,0,0,0,0,-13000,0,0,0,30000,43000,-13000,-13000
066351,關貿永豐01購01  ,0,0,0,0,0,0,0,0,0,-13000,0,0,0,0,13000,-13000,-13000
066433,南六元大02購01  ,0,0,0,0,0,0,0,0,0,-13000,0,0,0,68000,81000,-13000,-13000
065706,奇鋐群益9C購02  ,0,0,0,0,0,0,0,0,0,-13000,0,0,0,30000,43000,-13000,-13000
065921,GIS凱基01購02   ,0,0,0,0,0,0,0,0,0,-13000,0,0,0,10000,23000,-13000,-13000
066032,矽格群益01購01  ,0,0,0,0,0,0,0,0,0,-13000,0,0,0,20000,33000,-13000,-13000
065861,台汽電元大9C購01,0,0,0,0,0,0,0,0,0,-13000,0,0,0,2000,15000,-13000,-13000
065770,元黃金國票01購01,0,0,0,0,0,0,0,0,0,-13000,0,0,0,2000,15000,-13000,-13000
064645,義隆凱基03購01  ,0,0,0,0,0,0,0,0,0,-13000,0,0,0,25000,38000,-13000,-13000
063951,新日興元大9C購01,0,0,0,0,0,0,0,0,0,-13000,0,0,0,0,13000,-13000,-13000
063583,GIS國泰01購01   ,0,0,0,0,0,0,0,0,0,-13000,0,0,0,54000,67000,-13000,-13000
8374,羅昇            ,3000,17000,-14000,0,0,0,0,0,0,1000,1000,0,1000,0,0,0,-13000
9908,大台北          ,20000,33000,-13000,0,0,0,0,0,0,0,0,0,0,0,0,0,-13000
3209,全科            ,26000,39000,-13000,0,0,0,0,0,0,0,0,0,0,0,0,0,-13000
4566,時碩工業        ,1000,14000,-13000,0,0,0,0,0,0,0,0,0,0,0,0,0,-13000
1436,華友聯          ,1000,15000,-14000,0,0,0,0,0,0,0,0,0,0,0,0,0,-14000
1234,黑松            ,2000,16000,-14000,0,0,0,0,0,0,0,0,0,0,0,0,0,-14000
1203,味王            ,1000,15000,-14000,0,0,0,0,0,0,0,0,0,0,0,0,0,-14000
1219,福壽            ,8000,22000,-14000,0,0,0,0,0,0,0,0,0,0,0,0,0,-14000
08845P,友訊元大01售05  ,0,0,0,0,0,0,0,0,0,-14000,0,0,0,44000,58000,-14000,-14000
08432P,台勝科凱基9C售02,0,0,0,0,0,0,0,0,0,-14000,0,0,0,35000,49000,-14000,-14000
08118P,嘉澤元富9B售02  ,0,0,0,0,0,0,0,0,0,-14000,0,0,0,27000,41000,-14000,-14000
08143P,聯發科凱基9C售05,0,0,0,0,0,0,0,0,0,-14000,0,0,0,0,14000,-14000,-14000
08290P,高鐵統一01售01  ,0,0,0,0,0,0,0,0,0,-14000,0,0,0,1000,15000,-14000,-14000
067619,臺股指凱基04購02,0,0,0,0,0,0,0,0,0,-14000,0,0,0,0,14000,-14000,-14000
067411,矽格兆豐03購01  ,0,0,0,0,0,0,0,0,0,-14000,0,0,0,0,14000,-14000,-14000
067068,台積電元大01購21,0,0,0,0,0,0,0,0,0,-14000,0,0,0,363000,377000,-14000,-14000
066682,聯詠兆豐03購01  ,0,0,0,0,0,0,0,0,0,-14000,0,0,0,0,14000,-14000,-14000
066718,滬深2X元大01購05,0,0,0,0,0,0,0,0,0,-14000,0,0,0,8000,22000,-14000,-14000
059073,元油2X元大9C購14,0,0,0,0,0,0,0,0,0,-14000,0,0,0,0,14000,-14000,-14000
056214,義隆國票99購01  ,0,0,0,0,0,0,0,0,0,-14000,0,0,0,0,14000,-14000,-14000
056366,玉晶光元大99購04,0,0,0,0,0,0,0,0,0,-14000,0,0,0,23000,37000,-14000,-14000
055989,矽力元富9A購01  ,0,0,0,0,0,0,0,0,0,-14000,0,0,0,1000,15000,-14000,-14000
055817,京鼎國票99購01  ,0,0,0,0,0,0,0,0,0,-14000,0,0,0,61000,75000,-14000,-14000
061559,南亞科國票9A購02,0,0,0,0,0,0,0,0,0,-14000,0,0,0,0,14000,-14000,-14000
064247,廣達元富9C購01  ,0,0,0,0,0,0,0,0,0,-14000,0,0,0,135000,149000,-14000,-14000
060317,台灣50群益02購01,0,0,0,0,0,0,0,0,0,-14000,0,0,0,4000,18000,-14000,-14000
060431,復盛永豐9A購01  ,0,0,0,0,0,0,0,0,0,-14000,0,0,0,0,14000,-14000,-14000
061897,泰碩永豐9B購01  ,0,0,0,0,0,0,0,0,0,-14000,0,0,0,26000,40000,-14000,-14000
061769,晶技元大9B購03  ,0,0,0,0,0,0,0,0,0,-14000,0,0,0,45000,59000,-14000,-14000
063425,台勝科凱基9B購02,0,0,0,0,0,0,0,0,0,-14000,0,0,0,0,14000,-14000,-14000
061866,力山元大9C購01  ,0,0,0,0,0,0,0,0,0,-14000,0,0,0,0,14000,-14000,-14000
063802,南茂凱基9C購01  ,0,0,0,0,0,0,0,0,0,-14000,0,0,0,0,14000,-14000,-14000
064651,GIS凱基9C購02   ,0,0,0,0,0,0,0,0,0,-14000,0,0,0,40000,54000,-14000,-14000
065106,S&P反1國票9C購02,0,0,0,0,0,0,0,0,0,-14000,0,0,0,0,14000,-14000,-14000
065182,南電元大9C購05  ,0,0,0,0,0,0,0,0,0,-14000,0,0,0,6000,20000,-14000,-14000
065176,玉晶光元大01購04,0,0,0,0,0,0,0,0,0,-14000,0,0,0,34000,48000,-14000,-14000
065267,聯鈞元大9C購02  ,0,0,0,0,0,0,0,0,0,-14000,0,0,0,106000,120000,-14000,-14000
065589,景碩永豐9C購02  ,0,0,0,0,0,0,0,0,0,-14000,0,0,0,0,14000,-14000,-14000
066447,智伸科群益01購02,0,0,0,0,0,0,0,0,0,-14000,0,0,0,46000,60000,-14000,-14000
066611,台積電麥證01購03,0,0,0,247000,261000,-14000,0,0,0,-14000,0,0,0,247000,261000,-14000,-14000
066073,奇鋐凱基01購01  ,0,0,0,0,0,0,0,0,0,-14000,0,0,0,31000,45000,-14000,-14000
3708,上緯投控        ,420000,394000,26000,0,0,0,0,0,0,-40000,0,41000,-41000,35000,34000,1000,-14000
6108,競國            ,6000,20000,-14000,0,0,0,0,0,0,0,0,0,0,0,0,0,-14000
066918,台積電麥證01購05,0,0,0,100000,115000,-15000,0,0,0,-15000,0,0,0,100000,115000,-15000,-15000
06697P,台積電國票99售05,0,0,0,0,0,0,0,0,0,-15000,0,0,0,0,15000,-15000,-15000
066890,聯詠中信07購01  ,0,0,0,0,0,0,0,0,0,-15000,0,0,0,0,15000,-15000,-15000
067173,京鼎兆豐01購01  ,0,0,0,0,0,0,0,0,0,-15000,0,0,0,60000,75000,-15000,-15000
067352,美律群益01購01  ,0,0,0,0,0,0,0,0,0,-15000,0,0,0,495000,510000,-15000,-15000
067424,美律凱基02購02  ,0,0,0,0,0,0,0,0,0,-15000,0,0,0,0,15000,-15000,-15000
067372,聯發科統一03購03,0,0,0,0,0,0,0,0,0,-15000,0,0,0,0,15000,-15000,-15000
067654,嘉晶元富07購03  ,0,0,0,0,0,0,0,0,0,-15000,0,0,0,0,15000,-15000,-15000
067688,南六元大01購06  ,0,0,0,0,0,0,0,0,0,-15000,0,0,0,6000,21000,-15000,-15000
07274P,上証2X群益01售01,0,0,0,0,0,0,0,0,0,-15000,0,0,0,5000,20000,-15000,-15000
07743P,智邦凱基9A售03  ,0,0,0,0,0,0,0,0,0,-15000,0,0,0,0,15000,-15000,-15000
08274P,台積電元富9C售02,0,0,0,0,0,0,0,0,0,-15000,0,0,0,0,15000,-15000,-15000
08185P,華新科永豐9B售01,0,0,0,0,0,0,0,0,0,-15000,0,0,0,3000,18000,-15000,-15000
08417P,聯發科元大9C售12,0,0,0,0,0,0,0,0,0,-15000,0,0,0,50000,65000,-15000,-15000
08488P,臺股指群益9C售19,0,0,0,0,0,0,0,0,0,-15000,0,0,0,100000,115000,-15000,-15000
08476P,臺股指凱基9C售14,0,0,0,0,0,0,0,0,0,-15000,0,0,0,10000,25000,-15000,-15000
08669P,聯發科群益02售02,0,0,0,0,0,0,0,0,0,-15000,0,0,0,0,15000,-15000,-15000
08659P,聯發科統一9C售20,0,0,0,0,0,0,0,0,0,-15000,0,0,0,77000,92000,-15000,-15000
2010,春源            ,7000,22000,-15000,0,0,0,0,0,0,0,0,0,0,0,0,0,-15000
059188,京元電富邦9B購01,0,0,0,0,0,0,0,0,0,-15000,0,0,0,10000,25000,-15000,-15000
057021,台積電凱基9A購02,0,0,0,0,0,0,0,0,0,-15000,0,0,0,5000,20000,-15000,-15000
053584,友達元大9B購02  ,0,0,0,0,0,0,0,0,0,-15000,0,0,0,0,15000,-15000,-15000
053901,T50反1凱基99購03,0,0,0,0,0,0,0,0,0,-15000,0,0,0,16000,31000,-15000,-15000
058937,仁寶中信99購01  ,0,0,0,0,0,0,0,0,0,-15000,0,0,0,1000,16000,-15000,-15000
059922,大立光元大99購25,0,0,0,0,0,0,0,0,0,-15000,0,0,0,0,15000,-15000,-15000
057862,智邦凱基99購01  ,0,0,0,0,0,0,0,0,0,-15000,0,0,0,5000,20000,-15000,-15000
057738,旺宏富邦9A購01  ,0,0,0,0,0,0,0,0,0,-15000,0,0,0,0,15000,-15000,-15000
063415,台積電凱基03購01,0,0,0,0,0,0,0,0,0,-15000,0,0,0,5000,20000,-15000,-15000
062982,同欣電元富9B購01,0,0,0,0,0,0,0,0,0,-15000,0,0,0,71000,86000,-15000,-15000
062127,台勝科統一01購02,0,0,0,0,0,0,0,0,0,-15000,0,0,0,10000,25000,-15000,-15000
062178,上銀元大9B購03  ,0,0,0,0,0,0,0,0,0,-15000,0,0,0,1000,16000,-15000,-15000
060471,台勝科元大9B購01,0,0,0,0,0,0,0,0,0,-15000,0,0,0,85000,100000,-15000,-15000
062320,南電凱基9B購03  ,0,0,0,0,0,0,0,0,0,-15000,0,0,0,6000,21000,-15000,-15000
062271,華通群益9C購02  ,0,0,0,0,0,0,0,0,0,-15000,0,0,0,0,15000,-15000,-15000
062542,南電國泰9C購01  ,0,0,0,0,0,0,0,0,0,-15000,0,0,0,13000,28000,-15000,-15000
060945,緯穎國票9A購02  ,0,0,0,0,0,0,0,0,0,-15000,0,0,0,1000,16000,-15000,-15000
061003,南亞科兆豐9A購01,0,0,0,0,0,0,0,0,0,-15000,0,0,0,0,15000,-15000,-15000
061026,南電富邦9B購01  ,0,0,0,0,0,0,0,0,0,-15000,0,0,0,0,15000,-15000,-15000
066266,強茂元大01購01  ,0,0,0,0,0,0,0,0,0,-15000,0,0,0,5000,20000,-15000,-15000
06659P,T50正2富邦9A售01,0,0,0,0,0,0,0,0,0,-15000,0,0,0,0,15000,-15000,-15000
066631,聯詠凱基03購01  ,0,0,0,0,0,0,0,0,0,-15000,0,0,0,58000,73000,-15000,-15000
065816,聯發科元富03購07,0,0,0,0,0,0,0,0,0,-15000,0,0,0,58000,73000,-15000,-15000
066005,國巨統一03購01  ,0,0,0,0,0,0,0,0,0,-15000,0,0,0,18000,33000,-15000,-15000
065375,神基元大03購01  ,0,0,0,0,0,0,0,0,0,-15000,0,0,0,0,15000,-15000,-15000
065173,可成元大9C購10  ,0,0,0,0,0,0,0,0,0,-15000,0,0,0,10000,25000,-15000,-15000
065192,臺股指統一9C購03,0,0,0,0,0,0,0,0,0,-15000,0,0,0,1000,16000,-15000,-15000
065088,可成元大9C購09  ,0,0,0,0,0,0,0,0,0,-15000,0,0,0,0,15000,-15000,-15000
064750,緯穎麥證9C購01  ,0,0,0,0,15000,-15000,0,0,0,-15000,0,0,0,0,15000,-15000,-15000
064773,FBVIX群益9C購05 ,0,0,0,0,0,0,0,0,0,-15000,0,0,0,0,15000,-15000,-15000
064960,世紀鋼凱基03購01,0,0,0,0,0,0,0,0,0,-15000,0,0,0,0,15000,-15000,-15000
063904,大立光麥證01購01,0,0,0,300000,315000,-15000,0,0,0,-15000,0,0,0,300000,315000,-15000,-15000
063675,亞德客國泰01購01,0,0,0,0,0,0,0,0,0,-15000,0,0,0,105000,120000,-15000,-15000
063570,嘉晶元大9C購02  ,0,0,0,0,0,0,0,0,0,-15000,0,0,0,22000,37000,-15000,-15000
5533,皇鼎            ,1000,8000,-7000,0,0,0,0,0,0,-8000,0,8000,-8000,0,0,0,-15000
6281,全國電          ,0,15000,-15000,0,0,0,0,0,0,0,0,0,0,0,0,0,-15000
3443,創意            ,957000,979000,-22000,0,0,0,30000,150000,-120000,127000,128000,84000,44000,113000,30000,83000,-15000
2851,中再保          ,36000,50000,-14000,0,0,0,0,1000,-1000,0,0,0,0,0,0,0,-15000
08934P,鴻海元大01售18  ,0,0,0,0,0,0,0,0,0,-16000,0,0,0,7000,23000,-16000,-16000
1417,嘉裕            ,111000,127000,-16000,0,0,0,0,0,0,0,0,0,0,0,0,0,-16000
08493P,嘉澤元大9C售01  ,0,0,0,0,0,0,0,0,0,-16000,0,0,0,0,16000,-16000,-16000
067625,欣興富邦03購01  ,0,0,0,0,0,0,0,0,0,-16000,0,0,0,0,16000,-16000,-16000
067551,欣興中信02購01  ,0,0,0,0,0,0,0,0,0,-16000,0,0,0,0,16000,-16000,-16000
067263,台汽電國票01購01,0,0,0,0,0,0,0,0,0,-16000,0,0,0,0,16000,-16000,-16000
066875,臺指反富邦03購01,0,0,0,0,0,0,0,0,0,-16000,0,0,0,0,16000,-16000,-16000
063051,仁寶統一01購01  ,0,0,0,0,0,0,0,0,0,-16000,0,0,0,139000,155000,-16000,-16000
063174,臺股指中信01購04,0,0,0,0,0,0,0,0,0,-16000,0,0,0,0,16000,-16000,-16000
057604,鴻海統一9C購01  ,0,0,0,0,0,0,0,0,0,-16000,0,0,0,0,16000,-16000,-16000
056404,嘉聯益群益9A購01,0,0,0,0,0,0,0,0,0,-16000,0,0,0,0,16000,-16000,-16000
03050X,元展47          ,0,0,0,0,0,0,0,0,0,-16000,0,0,0,165000,181000,-16000,-16000
00663L,國泰臺灣加權正2 ,100000,59000,41000,0,0,0,0,0,0,-57000,0,0,0,1005000,1062000,-57000,-16000
057214,瑞昱群益98購01  ,0,0,0,0,0,0,0,0,0,-16000,0,0,0,0,16000,-16000,-16000
061132,志超永豐9A購01  ,0,0,0,0,0,0,0,0,0,-16000,0,0,0,13000,29000,-16000,-16000
061292,玉晶光統一01購06,0,0,0,0,0,0,0,0,0,-16000,0,0,0,0,16000,-16000,-16000
060958,儒鴻凱基9A購02  ,0,0,0,0,0,0,0,0,0,-16000,0,0,0,30000,46000,-16000,-16000
060874,中鋼中信02購01  ,0,0,0,0,0,0,0,0,0,-16000,0,0,0,0,16000,-16000,-16000
060747,聯鈞國票9A購02  ,0,0,0,0,0,0,0,0,0,-16000,0,0,0,10000,26000,-16000,-16000
060035,臺股指永豐99購04,0,0,0,0,0,0,0,0,0,-16000,0,0,0,0,16000,-16000,-16000
061267,玉山金凱基9B購01,0,0,0,0,0,0,0,0,0,-16000,0,0,0,80000,96000,-16000,-16000
061773,和潤元大9B購01  ,0,0,0,0,0,0,0,0,0,-16000,0,0,0,0,16000,-16000,-16000
061776,晶技國票9B購01  ,0,0,0,0,0,0,0,0,0,-16000,0,0,0,10000,26000,-16000,-16000
060597,華通凱基9A購04  ,0,0,0,0,0,0,0,0,0,-16000,0,0,0,0,16000,-16000,-16000
062034,同欣電群益9B購01,0,0,0,0,0,0,0,0,0,-16000,0,0,0,0,16000,-16000,-16000
063422,奇鋐凱基9B購04  ,0,0,0,0,0,0,0,0,0,-16000,0,0,0,68000,84000,-16000,-16000
062392,國巨富邦02購01  ,0,0,0,0,0,0,0,0,0,-16000,0,0,0,49000,65000,-16000,-16000
061823,勤誠群益9B購01  ,0,0,0,0,0,0,0,0,0,-16000,0,0,0,14000,30000,-16000,-16000
064435,聯發科凱基02購03,0,0,0,0,0,0,0,0,0,-16000,0,0,0,12000,28000,-16000,-16000
064464,台郡統一01購01  ,0,0,0,0,0,0,0,0,0,-16000,0,0,0,74000,90000,-16000,-16000
063624,GIS兆豐9B購01   ,0,0,0,0,0,0,0,0,0,-16000,0,0,0,14000,30000,-16000,-16000
063764,上銀元富9B購08  ,0,0,0,0,0,0,0,0,0,-16000,0,0,0,32000,48000,-16000,-16000
065292,緯創群益9C購01  ,0,0,0,0,0,0,0,0,0,-16000,0,0,0,4000,20000,-16000,-16000
065307,矽格元富9C購01  ,0,0,0,0,0,0,0,0,0,-16000,0,0,0,2000,18000,-16000,-16000
066024,金像電群益01購04,0,0,0,0,0,0,0,0,0,-16000,0,0,0,70000,86000,-16000,-16000
065682,健策統一9C購07  ,0,0,0,0,0,0,0,0,0,-16000,0,0,0,56000,72000,-16000,-16000
066421,國產元大01購01  ,0,0,0,0,0,0,0,0,0,-16000,0,0,0,0,16000,-16000,-16000
066496,大立光國泰03購01,0,0,0,0,0,0,0,0,0,-16000,0,0,0,0,16000,-16000,-16000
066185,松翰凱基01購01  ,0,0,0,0,0,0,0,0,0,-16000,0,0,0,26000,42000,-16000,-16000
2849,安泰銀          ,27000,40000,-13000,0,0,0,0,3000,-3000,0,0,0,0,0,0,0,-16000
2838,聯邦銀          ,213000,229000,-16000,0,0,0,0,0,0,0,0,0,0,0,0,0,-16000
3013,晟銘電          ,7000,20000,-13000,0,0,0,0,0,0,-3000,0,3000,-3000,0,0,0,-16000
066867,A50正2元富01購02,0,0,0,0,0,0,0,0,0,-17000,0,0,0,1000,18000,-17000,-17000
066747,台郡元大01購03  ,0,0,0,0,0,0,0,0,0,-17000,0,0,0,128000,145000,-17000,-17000
067233,微星群益02購02  ,0,0,0,0,0,0,0,0,0,-17000,0,0,0,5000,22000,-17000,-17000
067008,康舒永豐01購01  ,0,0,0,0,0,0,0,0,0,-17000,0,0,0,257000,274000,-17000,-17000
067385,申豐統一02購04  ,0,0,0,0,0,0,0,0,0,-17000,0,0,0,3000,20000,-17000,-17000
07652P,臺股指中信9A售07,0,0,0,0,0,0,0,0,0,-17000,0,0,0,8000,25000,-17000,-17000
055695,大毅國票98購03  ,0,0,0,0,0,0,0,0,0,-17000,0,0,0,0,17000,-17000,-17000
058586,鴻海中信01購02  ,0,0,0,0,0,0,0,0,0,-17000,0,0,0,49000,66000,-17000,-17000
057882,華通群益9A購03  ,0,0,0,0,0,0,0,0,0,-17000,0,0,0,0,17000,-17000,-17000
058273,同欣電永豐99購01,0,0,0,0,0,0,0,0,0,-17000,0,0,0,3000,20000,-17000,-17000
058051,同欣電元大98購03,0,0,0,0,0,0,0,0,0,-17000,0,0,0,4000,21000,-17000,-17000
063419,聯發科凱基03購01,0,0,0,0,0,0,0,0,0,-17000,0,0,0,33000,50000,-17000,-17000
062922,南六元大9B購03  ,0,0,0,0,0,0,0,0,0,-17000,0,0,0,267000,284000,-17000,-17000
063507,奇鋐群益9B購02  ,0,0,0,0,0,0,0,0,0,-17000,0,0,0,0,17000,-17000,-17000
062557,台光電凱基9B購02,0,0,0,0,0,0,0,0,0,-17000,0,0,0,47000,64000,-17000,-17000
062647,南電國泰9C購02  ,0,0,0,0,0,0,0,0,0,-17000,0,0,0,56000,73000,-17000,-17000
060336,南電康和9A購01  ,0,0,0,0,0,0,0,0,0,-17000,0,0,0,5000,22000,-17000,-17000
061280,國巨統一9C購06  ,0,0,0,0,0,0,0,0,0,-17000,0,0,0,8000,25000,-17000,-17000
064220,力山國票01購01  ,0,0,0,0,0,0,0,0,0,-17000,0,0,0,0,17000,-17000,-17000
064259,矽格富邦9C購01  ,0,0,0,0,0,0,0,0,0,-17000,0,0,0,3000,20000,-17000,-17000
063848,大立光元大9C購09,0,0,0,0,0,0,0,0,0,-17000,0,0,0,20000,37000,-17000,-17000
064158,健鼎統一02購01  ,0,0,0,0,0,0,0,0,0,-17000,0,0,0,189000,206000,-17000,-17000
064102,宏達電群益9C購01,0,0,0,0,0,0,0,0,0,-17000,0,0,0,34000,51000,-17000,-17000
064391,亞德客永豐9C購01,0,0,0,0,0,0,0,0,0,-17000,0,0,0,1000,18000,-17000,-17000
061545,華新科群益9A購09,0,0,0,0,0,0,0,0,0,-17000,0,0,0,0,17000,-17000,-17000
061595,智易永豐9A購02  ,0,0,0,0,0,0,0,0,0,-17000,0,0,0,0,17000,-17000,-17000
061596,健策永豐9A購03  ,0,0,0,0,0,0,0,0,0,-17000,0,0,0,10000,27000,-17000,-17000
066386,宏全康和01購01  ,0,0,0,0,0,0,0,0,0,-17000,0,0,0,8000,25000,-17000,-17000
066419,聯發科元大01購11,0,0,0,0,0,0,0,0,0,-17000,0,0,0,216000,233000,-17000,-17000
066607,台郡永豐01購01  ,0,0,0,0,0,0,0,0,0,-17000,0,0,0,7000,24000,-17000,-17000
066048,奇鋐元大01購01  ,0,0,0,0,0,0,0,0,0,-17000,0,0,0,213000,230000,-17000,-17000
065850,緯創元大9C購06  ,0,0,0,0,0,0,0,0,0,-17000,0,0,0,80000,97000,-17000,-17000
064808,國產元大9C購02  ,0,0,0,0,0,0,0,0,0,-17000,0,0,0,0,17000,-17000,-17000
3682,亞太電          ,131000,148000,-17000,0,0,0,0,0,0,0,0,0,0,0,0,0,-17000
9188,精熙-DR         ,2000,19000,-17000,0,0,0,0,0,0,0,0,0,0,0,0,0,-17000
6409,旭隼            ,11000,28500,-17500,0,0,0,0,0,0,0,0,0,0,0,0,0,-17500
07811P,華新科統一9A售02,0,0,0,0,0,0,0,0,0,-18000,0,0,0,0,18000,-18000,-18000
06789P,鴻海凱基98售12  ,0,0,0,0,0,0,0,0,0,-18000,0,0,0,2000,20000,-18000,-18000
06933P,禾伸堂元大98售03,0,0,0,0,0,0,0,0,0,-18000,0,0,0,0,18000,-18000,-18000
066891,鴻海兆豐04購01  ,0,0,0,0,0,0,0,0,0,-18000,0,0,0,2000,20000,-18000,-18000
08639P,聯發科永豐9C售03,0,0,0,0,0,0,0,0,0,-18000,0,0,0,0,18000,-18000,-18000
08523P,金像電元大9C售06,0,0,0,0,0,0,0,0,0,-18000,0,0,0,0,18000,-18000,-18000
08206P,鴻海群益9C售03  ,0,0,0,0,0,0,0,0,0,-18000,0,0,0,0,18000,-18000,-18000
08304P,大立光中信02售01,0,0,0,0,0,0,0,0,0,-18000,0,0,0,2000,20000,-18000,-18000
1457,宜進            ,17000,35000,-18000,0,0,0,0,0,0,0,0,0,0,0,0,0,-18000
1213,大飲            ,0,18000,-18000,0,0,0,0,0,0,0,0,0,0,0,0,0,-18000
058743,可成康和99購01  ,0,0,0,0,0,0,0,0,0,-18000,0,0,0,1000,19000,-18000,-18000
059886,可成國票99購04  ,0,0,0,0,0,0,0,0,0,-18000,0,0,0,21000,39000,-18000,-18000
059727,大立光元大9A購01,0,0,0,0,0,0,0,0,0,-18000,0,0,0,0,18000,-18000,-18000
059699,華通凱基99購04  ,0,0,0,0,0,0,0,0,0,-18000,0,0,0,10000,28000,-18000,-18000
057662,上銀元大9A購01  ,0,0,0,0,0,0,0,0,0,-18000,0,0,0,92000,110000,-18000,-18000
058517,景碩元大99購06  ,0,0,0,0,0,0,0,0,0,-18000,0,0,0,0,18000,-18000,-18000
064407,貿聯凱基02購02  ,0,0,0,0,0,0,0,0,0,-18000,0,0,0,107000,125000,-18000,-18000
064101,可成群益01購01  ,0,0,0,0,0,0,0,0,0,-18000,0,0,0,0,18000,-18000,-18000
064082,緯創中信06購01  ,0,0,0,0,0,0,0,0,0,-18000,0,0,0,19000,37000,-18000,-18000
061117,美律國泰9C購01  ,0,0,0,0,0,0,0,0,0,-18000,0,0,0,60000,78000,-18000,-18000
061072,南電凱基9B購01  ,0,0,0,0,0,0,0,0,0,-18000,0,0,0,0,18000,-18000,-18000
062798,台光電統一9B購01,0,0,0,0,0,0,0,0,0,-18000,0,0,0,40000,58000,-18000,-18000
062469,旺宏凱基9B購05  ,0,0,0,0,0,0,0,0,0,-18000,0,0,0,50000,68000,-18000,-18000
060551,大立光凱基9B購02,0,0,0,0,0,0,0,0,0,-18000,0,0,0,2000,20000,-18000,-18000
062268,力山群益9B購01  ,0,0,0,0,0,0,0,0,0,-18000,0,0,0,0,18000,-18000,-18000
062433,上銀元大9B購05  ,0,0,0,0,0,0,0,0,0,-18000,0,0,0,50000,68000,-18000,-18000
062434,華通元大9B購04  ,0,0,0,0,0,0,0,0,0,-18000,0,0,0,73000,91000,-18000,-18000
063288,泰鼎元大9B購02  ,0,0,0,0,0,0,0,0,0,-18000,0,0,0,65000,83000,-18000,-18000
065066,南電群益9C購02  ,0,0,0,0,0,0,0,0,0,-18000,0,0,0,16000,34000,-18000,-18000
063612,金像電群益9B購04,0,0,0,0,0,0,0,0,0,-18000,0,0,0,140000,158000,-18000,-18000
063981,貿聯兆豐9C購01  ,0,0,0,0,0,0,0,0,0,-18000,0,0,0,20000,38000,-18000,-18000
066147,美利達群益01購01,0,0,0,0,0,0,0,0,0,-18000,0,0,0,98000,116000,-18000,-18000
067668,金像電元大01購02,0,0,0,0,0,0,0,0,0,-19000,0,0,0,0,19000,-19000,-19000
063106,台表科群益9B購03,0,0,0,0,0,0,0,0,0,-19000,0,0,0,21000,40000,-19000,-19000
058984,全新凱基9A購03  ,0,0,0,0,0,0,0,0,0,-19000,0,0,0,90000,109000,-19000,-19000
055933,欣興群益98購02  ,0,0,0,0,0,0,0,0,0,-19000,0,0,0,72000,91000,-19000,-19000
057423,台郡凱基98購06  ,0,0,0,0,0,0,0,0,0,-19000,0,0,0,31000,50000,-19000,-19000
00700,富邦恒生國企    ,0,0,0,0,0,0,0,0,0,-19000,0,0,0,105000,124000,-19000,-19000
00771,元大US高息特別股,0,0,0,0,0,0,0,0,0,-19000,0,0,0,55000,74000,-19000,-19000
062378,台表科元大9C購01,0,0,0,0,0,0,0,0,0,-19000,0,0,0,2000,21000,-19000,-19000
061650,南電元大9A購07  ,0,0,0,0,0,0,0,0,0,-19000,0,0,0,13000,32000,-19000,-19000
062218,燿華統一01購01  ,0,0,0,0,0,0,0,0,0,-19000,0,0,0,5000,24000,-19000,-19000
061669,崇越中信9A購01  ,0,0,0,0,0,0,0,0,0,-19000,0,0,0,1000,20000,-19000,-19000
060881,玉山金中信02購01,0,0,0,0,0,0,0,0,0,-19000,0,0,0,1000,20000,-19000,-19000
060845,欣興國票9A購01  ,0,0,0,0,0,0,0,0,0,-19000,0,0,0,0,19000,-19000,-19000
060957,SP黃豆凱基9A購04,0,0,0,0,0,0,0,0,0,-19000,0,0,0,20000,39000,-19000,-19000
060013,S&P正2康和99購01,0,0,0,0,0,0,0,0,0,-19000,0,0,0,1000,20000,-19000,-19000
064230,上銀統一01購04  ,0,0,0,0,0,0,0,0,0,-19000,0,0,0,31000,50000,-19000,-19000
061503,臻鼎國票9B購01  ,0,0,0,0,0,0,0,0,0,-19000,0,0,0,12000,31000,-19000,-19000
066238,聯鈞富邦03購01  ,0,0,0,0,0,0,0,0,0,-19000,0,0,0,1000,20000,-19000,-19000
066497,大立光國泰03購02,0,0,0,0,0,0,0,0,0,-19000,0,0,0,0,19000,-19000,-19000
065860,南電元大02購01  ,0,0,0,0,0,0,0,0,0,-19000,0,0,0,44000,63000,-19000,-19000
065648,華擎元大01購02  ,0,0,0,0,0,0,0,0,0,-19000,0,0,0,105000,124000,-19000,-19000
063751,祥碩國票9C購02  ,0,0,0,0,0,0,0,0,0,-19000,0,0,0,0,19000,-19000,-19000
064498,可成元大01購03  ,0,0,0,0,0,0,0,0,0,-19000,0,0,0,0,19000,-19000,-19000
065167,華通元大02購01  ,0,0,0,0,0,0,0,0,0,-19000,0,0,0,20000,39000,-19000,-19000
065199,華擎元富03購01  ,0,0,0,0,0,0,0,0,0,-19000,0,0,0,437000,456000,-19000,-19000
5531,鄉林            ,86000,106000,-20000,0,0,0,0,0,0,1000,1000,0,1000,0,0,0,-19000
4999,鑫禾            ,14000,33000,-19000,0,0,0,0,0,0,0,0,0,0,0,0,0,-19000
1590,亞德客-KY       ,357441,367000,-9559,0,0,0,8000,18000,-10000,0,1000,0,1000,6000,7000,-1000,-19559
2476,鉅祥            ,0,20000,-20000,0,0,0,0,0,0,0,0,0,0,0,0,0,-20000
08837P,牧德國票03售01  ,0,0,0,0,0,0,0,0,0,-20000,0,0,0,1000,21000,-20000,-20000
08821P,旺宏凱基01售01  ,0,0,0,0,0,0,0,0,0,-20000,0,0,0,40000,60000,-20000,-20000
08170P,緯穎群益9B售03  ,0,0,0,0,0,0,0,0,0,-20000,0,0,0,8000,28000,-20000,-20000
07906P,中租群益9B售02  ,0,0,0,0,0,0,0,0,0,-20000,0,0,0,10000,30000,-20000,-20000
08081P,台灣50元大9B售20,0,0,0,0,0,0,0,0,0,-20000,0,0,0,0,20000,-20000,-20000
07998P,聯電凱基9C售01  ,0,0,0,0,0,0,0,0,0,-20000,0,0,0,30000,50000,-20000,-20000
07993P,寶成群益9B售01  ,0,0,0,0,0,0,0,0,0,-20000,0,0,0,0,20000,-20000,-20000
08515P,鴻海群益9C售06  ,0,0,0,0,0,0,0,0,0,-20000,0,0,0,0,20000,-20000,-20000
06797P,臺股指凱基98售07,0,0,0,0,0,0,0,0,0,-20000,0,0,0,0,20000,-20000,-20000
067563,上緯控國票02購01,0,0,0,0,0,0,0,0,0,-20000,0,0,0,0,20000,-20000,-20000
06839P,玉晶光統一9A售05,0,0,0,0,0,0,0,0,0,-20000,0,0,0,20000,40000,-20000,-20000
067455,T50反1國泰03購01,0,0,0,0,0,0,0,0,0,-20000,0,0,0,0,20000,-20000,-20000
07750P,台表科凱基9A售04,0,0,0,0,0,0,0,0,0,-20000,0,0,0,180000,200000,-20000,-20000
07673P,電子類元大9A售01,0,0,0,0,0,0,0,0,0,-20000,0,0,0,0,20000,-20000,-20000
07678P,大立光群益9A售03,0,0,0,0,0,0,0,0,0,-20000,0,0,0,0,20000,-20000,-20000
07685P,玉晶光凱基9B售03,0,0,0,0,0,0,0,0,0,-20000,0,0,0,0,20000,-20000,-20000
07541P,國巨凱基9A售12  ,0,0,0,0,0,0,0,0,0,-20000,0,0,0,0,20000,-20000,-20000
07526P,臺股指中信9B售08,0,0,0,0,0,0,0,0,0,-20000,0,0,0,0,20000,-20000,-20000
07531P,大立光國泰9B售03,0,0,0,0,0,0,0,0,0,-20000,0,0,0,0,20000,-20000,-20000
07434P,臺股指國票9A售06,0,0,0,0,0,0,0,0,0,-20000,0,0,0,0,20000,-20000,-20000
07209P,台積電凱基9A售10,0,0,0,0,0,0,0,0,0,-20000,0,0,0,0,20000,-20000,-20000
07211P,南亞科凱基99售05,0,0,0,0,0,0,0,0,0,-20000,0,0,0,0,20000,-20000,-20000
066714,台灣50元大01購22,0,0,0,0,0,0,0,0,0,-20000,0,0,0,0,20000,-20000,-20000
066772,友達富邦03購01  ,0,0,0,0,0,0,0,0,0,-20000,0,0,0,0,20000,-20000,-20000
066778,緯穎富邦03購01  ,0,0,0,0,0,0,0,0,0,-20000,0,0,0,0,20000,-20000,-20000
06714P,台積電元大98售15,0,0,0,0,0,0,0,0,0,-20000,0,0,0,0,20000,-20000,-20000
067106,義隆群益01購01  ,0,0,0,0,0,0,0,0,0,-20000,0,0,0,0,20000,-20000,-20000
067117,健策群益01購09  ,0,0,0,0,0,0,0,0,0,-20000,0,0,0,1000,21000,-20000,-20000
067351,國巨群益01購08  ,0,0,0,0,0,0,0,0,0,-20000,0,0,0,1000,21000,-20000,-20000
00710B,FH彭博高收益債  ,0,0,0,0,0,0,0,0,0,-20000,0,0,0,169000,189000,-20000,-20000
054223,大立光統一98購04,0,0,0,0,0,0,0,0,0,-20000,0,0,0,0,20000,-20000,-20000
054368,鴻海中信9A購02  ,0,0,0,0,0,0,0,0,0,-20000,0,0,0,0,20000,-20000,-20000
047694,SP黃豆國票9B購01,0,0,0,0,0,0,0,0,0,-20000,0,0,0,0,20000,-20000,-20000
056420,台表科元富98購01,0,0,0,0,0,0,0,0,0,-20000,0,0,0,0,20000,-20000,-20000
056413,上証反中信9A購01,0,0,0,0,0,0,0,0,0,-20000,0,0,0,0,20000,-20000,-20000
056331,聯鈞國票99購01  ,0,0,0,0,0,0,0,0,0,-20000,0,0,0,0,20000,-20000,-20000
05692P,聯發科中信9A售02,0,0,0,0,0,0,0,0,0,-20000,0,0,0,0,20000,-20000,-20000
056947,國巨統一9A購01  ,0,0,0,0,0,0,0,0,0,-20000,0,0,0,0,20000,-20000,-20000
053609,華新中信9A購01  ,0,0,0,0,0,0,0,0,0,-20000,0,0,0,0,20000,-20000,-20000
053291,旺宏中信9A購01  ,0,0,0,0,0,0,0,0,0,-20000,0,0,0,0,20000,-20000,-20000
055652,聯詠元富01購01  ,0,0,0,0,0,0,0,0,0,-20000,0,0,0,5000,25000,-20000,-20000
055681,奇鋐凱基98購03  ,0,0,0,0,0,0,0,0,0,-20000,0,0,0,25000,45000,-20000,-20000
055683,晶技凱基99購01  ,0,0,0,0,0,0,0,0,0,-20000,0,0,0,0,20000,-20000,-20000
059955,美食康和99購01  ,0,0,0,0,0,0,0,0,0,-20000,0,0,0,0,20000,-20000,-20000
059961,T50反1凱基99購09,0,0,0,0,0,0,0,0,0,-20000,0,0,0,0,20000,-20000,-20000
059249,大立光凱基99購05,0,0,0,0,0,0,0,0,0,-20000,0,0,0,0,20000,-20000,-20000
059435,大立光元大99購17,0,0,0,0,0,0,0,0,0,-20000,0,0,0,0,20000,-20000,-20000
058239,景碩元大99購03  ,0,0,0,0,0,0,0,0,0,-20000,0,0,0,0,20000,-20000,-20000
057234,宏達電凱基98購05,0,0,0,0,0,0,0,0,0,-20000,0,0,0,0,20000,-20000,-20000
057151,易華電國票99購01,0,0,0,0,0,0,0,0,0,-20000,0,0,0,0,20000,-20000,-20000
057170,瑞昱元大98購01  ,0,0,0,0,0,0,0,0,0,-20000,0,0,0,0,20000,-20000,-20000
055525,國巨群益98購05  ,0,0,0,0,0,0,0,0,0,-20000,0,0,0,1000,21000,-20000,-20000
055816,新日興國票98購01,0,0,0,0,0,0,0,0,0,-20000,0,0,0,0,20000,-20000,-20000
055874,中環元富9A購01  ,0,0,0,0,0,0,0,0,0,-20000,0,0,0,15000,35000,-20000,-20000
057314,全新麥證98購01  ,0,0,0,0,20000,-20000,0,0,0,-20000,0,0,0,0,20000,-20000,-20000
058939,台積電中信9B購01,0,0,0,0,0,0,0,0,0,-20000,0,0,0,0,20000,-20000,-20000
058944,元石油群益9C購02,0,0,0,0,0,0,0,0,0,-20000,0,0,0,0,20000,-20000,-20000
058883,旭富永豐99購01  ,0,0,0,0,0,0,0,0,0,-20000,0,0,0,0,20000,-20000,-20000
059049,元油2X凱基9A購12,0,0,0,0,0,0,0,0,0,-20000,0,0,0,0,20000,-20000,-20000
059123,訊芯永豐99購03  ,0,0,0,0,0,0,0,0,0,-20000,0,0,0,144000,164000,-20000,-20000
059103,旭富元富99購03  ,0,0,0,0,0,0,0,0,0,-20000,0,0,0,0,20000,-20000,-20000
059708,立積凱基9A購02  ,0,0,0,0,0,0,0,0,0,-20000,0,0,0,0,20000,-20000,-20000
059600,緯穎元大99購07  ,0,0,0,0,0,0,0,0,0,-20000,0,0,0,0,20000,-20000,-20000
05953P,台積電國票98售02,0,0,0,0,0,0,0,0,0,-20000,0,0,0,0,20000,-20000,-20000
059637,大立光凱基01購01,0,0,0,0,0,0,0,0,0,-20000,0,0,0,30000,50000,-20000,-20000
058874,聯鈞國票9A購01  ,0,0,0,0,0,0,0,0,0,-20000,0,0,0,17000,37000,-20000,-20000
058849,奇力新群益99購02,0,0,0,0,0,0,0,0,0,-20000,0,0,0,0,20000,-20000,-20000
058863,可成凱基99購02  ,0,0,0,0,0,0,0,0,0,-20000,0,0,0,0,20000,-20000,-20000
057856,聯鈞國票99購03  ,0,0,0,0,0,0,0,0,0,-20000,0,0,0,38000,58000,-20000,-20000
057874,可成元大99購02  ,0,0,0,0,0,0,0,0,0,-20000,0,0,0,68000,88000,-20000,-20000
057928,鈺齊凱基98購02  ,0,0,0,0,0,0,0,0,0,-20000,0,0,0,30000,50000,-20000,-20000
057980,聯詠永豐98購01  ,0,0,0,0,0,0,0,0,0,-20000,0,0,0,0,20000,-20000,-20000
057971,華新科富邦9B購02,0,0,0,0,0,0,0,0,0,-20000,0,0,0,0,20000,-20000,-20000
057968,可成國泰9A購01  ,0,0,0,0,0,0,0,0,0,-20000,0,0,0,0,20000,-20000,-20000
063069,道瓊銀富邦05購01,0,0,0,0,0,0,0,0,0,-20000,0,0,0,0,20000,-20000,-20000
063261,康控富邦03購01  ,0,0,0,0,0,0,0,0,0,-20000,0,0,0,0,20000,-20000,-20000
063015,微星元大9B購01  ,0,0,0,0,0,0,0,0,0,-20000,0,0,0,30000,50000,-20000,-20000
057843,晶技永豐98購02  ,0,0,0,0,0,0,0,0,0,-20000,0,0,0,0,20000,-20000,-20000
057556,智易凱基99購01  ,0,0,0,0,0,0,0,0,0,-20000,0,0,0,2000,22000,-20000,-20000
058585,S&P正2中信9B購02,0,0,0,0,0,0,0,0,0,-20000,0,0,0,0,20000,-20000,-20000
058608,華新科元大99購13,0,0,0,0,0,0,0,0,0,-20000,0,0,0,30000,50000,-20000,-20000
061603,瑞昱凱基9A購02  ,0,0,0,0,0,0,0,0,0,-20000,0,0,0,0,20000,-20000,-20000
064372,滬深2X元富9C購10,0,0,0,0,0,0,0,0,0,-20000,0,0,0,0,20000,-20000,-20000
06432P,上銀群益98售01  ,0,0,0,0,0,0,0,0,0,-20000,0,0,0,0,20000,-20000,-20000
064267,南六永豐9C購03  ,0,0,0,0,0,0,0,0,0,-20000,0,0,0,0,20000,-20000,-20000
064097,友訊群益9C購01  ,0,0,0,0,0,0,0,0,0,-20000,0,0,0,0,20000,-20000,-20000
060057,欣興凱基9B購01  ,0,0,0,0,0,0,0,0,0,-20000,0,0,0,0,20000,-20000,-20000
060251,易華電元大9C購01,0,0,0,0,0,0,0,0,0,-20000,0,0,0,15000,35000,-20000,-20000
060948,可成第一9A購01  ,0,0,0,0,0,0,0,0,0,-20000,0,0,0,0,20000,-20000,-20000
060871,台灣50中信01購03,0,0,0,0,0,0,0,0,0,-20000,0,0,0,0,20000,-20000,-20000
060664,聯詠凱基9A購01  ,0,0,0,0,0,0,0,0,0,-20000,0,0,0,0,20000,-20000,-20000
061177,大立光凱基9A購10,0,0,0,0,0,0,0,0,0,-20000,0,0,0,0,20000,-20000,-20000
061302,晶技永豐9A購04  ,0,0,0,0,0,0,0,0,0,-20000,0,0,0,0,20000,-20000,-20000
061303,玉晶光永豐9B購03,0,0,0,0,0,0,0,0,0,-20000,0,0,0,0,20000,-20000,-20000
061309,鴻海統一9C購05  ,0,0,0,0,0,0,0,0,0,-20000,0,0,0,0,20000,-20000,-20000
061708,同欣電國票9A購02,0,0,0,0,0,0,0,0,0,-20000,0,0,0,0,20000,-20000,-20000
061642,創意元大9A購04  ,0,0,0,0,0,0,0,0,0,-20000,0,0,0,0,20000,-20000,-20000
062039,聯發科凱基9B購07,0,0,0,0,0,0,0,0,0,-20000,0,0,0,0,20000,-20000,-20000
062054,鴻海統一9C購06  ,0,0,0,0,0,0,0,0,0,-20000,0,0,0,0,20000,-20000,-20000
062055,鴻海統一9C購07  ,0,0,0,0,0,0,0,0,0,-20000,0,0,0,0,20000,-20000,-20000
062007,台光電國泰9C購01,0,0,0,0,0,0,0,0,0,-20000,0,0,0,58000,78000,-20000,-20000
063282,奇力新元大9B購06,0,0,0,0,0,0,0,0,0,-20000,0,0,0,0,20000,-20000,-20000
063337,國巨統一02購02  ,0,0,0,0,0,0,0,0,0,-20000,0,0,0,8000,28000,-20000,-20000
06296P,燿華元大98售01  ,0,0,0,0,0,0,0,0,0,-20000,0,0,0,4000,24000,-20000,-20000
060521,鴻海中信01購03  ,0,0,0,0,0,0,0,0,0,-20000,0,0,0,0,20000,-20000,-20000
062337,台表科統一01購01,0,0,0,0,0,0,0,0,0,-20000,0,0,0,0,20000,-20000,-20000
062364,瑞昱元大9B購04  ,0,0,0,0,0,0,0,0,0,-20000,0,0,0,0,20000,-20000,-20000
062359,旺宏元大9C購02  ,0,0,0,0,0,0,0,0,0,-20000,0,0,0,30000,50000,-20000,-20000
062658,聯茂第一9B購01  ,0,0,0,0,0,0,0,0,0,-20000,0,0,0,0,20000,-20000,-20000
065178,和碩元大9C購01  ,0,0,0,0,0,0,0,0,0,-20000,0,0,0,30000,50000,-20000,-20000
065383,南電元大01購02  ,0,0,0,0,0,0,0,0,0,-20000,0,0,0,0,20000,-20000,-20000
06500P,臺股指元大9A售05,0,0,0,0,0,0,0,0,0,-20000,0,0,0,0,20000,-20000,-20000
065022,同欣電富邦01購01,0,0,0,0,0,0,0,0,0,-20000,0,0,0,0,20000,-20000,-20000
064920,景碩統一01購02  ,0,0,0,0,0,0,0,0,0,-20000,0,0,0,102000,122000,-20000,-20000
064790,金像電國票01購01,0,0,0,0,0,0,0,0,0,-20000,0,0,0,172000,192000,-20000,-20000
063984,華邦電國泰02購01,0,0,0,0,0,0,0,0,0,-20000,0,0,0,0,20000,-20000,-20000
064646,群創凱基02購01  ,0,0,0,0,0,0,0,0,0,-20000,0,0,0,0,20000,-20000,-20000
065665,鴻海凱基9C購04  ,0,0,0,0,0,0,0,0,0,-20000,0,0,0,202000,222000,-20000,-20000
065726,京元電凱基9C購02,0,0,0,0,0,0,0,0,0,-20000,0,0,0,189000,209000,-20000,-20000
065743,宏達電麥證9C購02,0,0,0,10000,40000,-30000,0,0,0,-20000,0,0,0,20000,40000,-20000,-20000
065571,神基群益01購01  ,0,0,0,0,0,0,0,0,0,-20000,0,0,0,0,20000,-20000,-20000
065888,鴻海統一03購01  ,0,0,0,0,0,0,0,0,0,-20000,0,0,0,0,20000,-20000,-20000
065913,光寶科凱基01購01,0,0,0,0,0,0,0,0,0,-20000,0,0,0,0,20000,-20000,-20000
065803,大立光群益01購03,0,0,0,0,0,0,0,0,0,-20000,0,0,0,10000,30000,-20000,-20000
065796,T50反1群益01購02,0,0,0,0,0,0,0,0,0,-20000,0,0,0,0,20000,-20000,-20000
065944,大成鋼統一02購01,0,0,0,0,0,0,0,0,0,-20000,0,0,0,0,20000,-20000,-20000
066553,大立光元大01購09,0,0,0,0,0,0,0,0,0,-20000,0,0,0,50000,70000,-20000,-20000
066619,永光凱基01購01  ,0,0,0,0,0,0,0,0,0,-20000,0,0,0,0,20000,-20000,-20000
066250,大成鋼元大01購01,0,0,0,0,0,0,0,0,0,-20000,0,0,0,0,20000,-20000,-20000
066347,鎧勝永豐01購01  ,0,0,0,0,0,0,0,0,0,-20000,0,0,0,238000,258000,-20000,-20000
066187,瑞祺凱基01購01  ,0,0,0,0,0,0,0,0,0,-20000,0,0,0,0,20000,-20000,-20000
066163,友訊凱基01購01  ,0,0,0,0,0,0,0,0,0,-20000,0,0,0,50000,70000,-20000,-20000
066197,鴻海統一02購02  ,0,0,0,0,0,0,0,0,0,-20000,0,0,0,1000,21000,-20000,-20000
3338,泰碩            ,325000,373000,-48000,0,0,0,0,0,0,28000,14000,2000,12000,31000,15000,16000,-20000
06677P,牧德國票98售02  ,0,0,0,0,0,0,0,0,0,-21000,0,0,0,0,21000,-21000,-21000
07617P,聯發科中信9C售04,0,0,0,0,0,0,0,0,0,-21000,0,0,0,0,21000,-21000,-21000
06925P,致茂群益9A售02  ,0,0,0,0,0,0,0,0,0,-21000,0,0,0,0,21000,-21000,-21000
08920P,臺股指凱基03售07,0,0,0,0,0,0,0,0,0,-21000,0,0,0,0,21000,-21000,-21000
2450,神腦            ,6000,27000,-21000,0,0,0,0,0,0,0,0,0,0,0,0,0,-21000
2380,虹光            ,0,21000,-21000,0,0,0,0,0,0,0,0,0,0,0,0,0,-21000
2020,美亞            ,29000,50000,-21000,0,0,0,0,0,0,0,0,0,0,0,0,0,-21000
057135,立積凱基98購01  ,0,0,0,0,0,0,0,0,0,-21000,0,0,0,12000,33000,-21000,-21000
058091,欣興元大99購03  ,0,0,0,0,0,0,0,0,0,-21000,0,0,0,2000,23000,-21000,-21000
057032,A50反1元大9B購01,0,0,0,0,0,0,0,0,0,-21000,0,0,0,0,21000,-21000,-21000
020015,統一MSCI美低波N ,0,0,0,0,0,0,0,0,0,-21000,0,0,0,47000,68000,-21000,-21000
062327,燿華統一9B購02  ,0,0,0,0,0,0,0,0,0,-21000,0,0,0,30000,51000,-21000,-21000
062488,台光電永豐9B購02,0,0,0,0,0,0,0,0,0,-21000,0,0,0,0,21000,-21000,-21000
061754,晶技麥證9B購01  ,0,0,0,0,21000,-21000,0,0,0,-21000,0,0,0,0,21000,-21000,-21000
062314,玉晶光凱基9B購06,0,0,0,0,0,0,0,0,0,-21000,0,0,0,3000,24000,-21000,-21000
062924,世紀鋼元大9C購04,0,0,0,0,0,0,0,0,0,-21000,0,0,0,82000,103000,-21000,-21000
062994,祥碩群益9B購05  ,0,0,0,0,0,0,0,0,0,-21000,0,0,0,6000,27000,-21000,-21000
062090,南電元大9B購02  ,0,0,0,0,0,0,0,0,0,-21000,0,0,0,2000,23000,-21000,-21000
061342,華新科元大9A購17,0,0,0,0,0,0,0,0,0,-21000,0,0,0,0,21000,-21000,-21000
060028,國揚永豐99購01  ,0,0,0,0,0,0,0,0,0,-21000,0,0,0,53000,74000,-21000,-21000
060788,嘉晶富邦9B購01  ,0,0,0,0,0,0,0,0,0,-21000,0,0,0,0,21000,-21000,-21000
064292,南茂元大01購01  ,0,0,0,0,0,0,0,0,0,-21000,0,0,0,0,21000,-21000,-21000
061442,玉晶光永豐9A購07,0,0,0,0,0,0,0,0,0,-21000,0,0,0,0,21000,-21000,-21000
062851,建準永豐9B購02  ,0,0,0,0,0,0,0,0,0,-21000,0,0,0,11000,32000,-21000,-21000
066200,建準統一02購01  ,0,0,0,0,0,0,0,0,0,-21000,0,0,0,224000,245000,-21000,-21000
066565,泰鼎元大01購01  ,0,0,0,0,0,0,0,0,0,-21000,0,0,0,207000,228000,-21000,-21000
066513,精元永豐01購02  ,0,0,0,0,0,0,0,0,0,-21000,0,0,0,107000,128000,-21000,-21000
065828,大立光凱基06購01,0,0,0,0,0,0,0,0,0,-21000,0,0,0,3000,24000,-21000,-21000
065489,臺股指元大9C購31,0,0,0,0,0,0,0,0,0,-21000,0,0,0,0,21000,-21000,-21000
065731,群創凱基03購02  ,0,0,0,0,0,0,0,0,0,-21000,0,0,0,0,21000,-21000,-21000
064700,致新群益9C購02  ,0,0,0,0,0,0,0,0,0,-21000,0,0,0,176000,197000,-21000,-21000
064008,日月光凱基9C購01,0,0,0,0,0,0,0,0,0,-21000,0,0,0,91000,112000,-21000,-21000
064955,健策凱基9C購03  ,0,0,0,0,0,0,0,0,0,-21000,0,0,0,32000,53000,-21000,-21000
065392,華通群益01購02  ,0,0,0,0,0,0,0,0,0,-21000,0,0,0,68000,89000,-21000,-21000
4438,廣越            ,1000,22000,-21000,0,0,0,0,0,0,0,0,0,0,0,0,0,-21000
9941,裕融            ,39000,60000,-21000,0,0,0,0,0,0,0,0,0,0,0,0,0,-21000
2227,裕日車          ,1000,12000,-11000,0,0,0,0,11000,-11000,0,0,0,0,0,0,0,-22000
1612,宏泰            ,12000,34000,-22000,0,0,0,0,0,0,0,0,0,0,0,0,0,-22000
1442,名軒            ,16000,38000,-22000,0,0,0,0,0,0,0,0,0,0,0,0,0,-22000
08811P,鴻海群益01售08  ,0,0,0,0,0,0,0,0,0,-22000,0,0,0,13000,35000,-22000,-22000
08710P,鴻海元富07售03  ,0,0,0,0,0,0,0,0,0,-22000,0,0,0,5000,27000,-22000,-22000
08668P,燿華群益01售01  ,0,0,0,0,0,0,0,0,0,-22000,0,0,0,48000,70000,-22000,-22000
07392P,台積電國泰02售01,0,0,0,0,0,0,0,0,0,-22000,0,0,0,3000,25000,-22000,-22000
06688P,鴻海中信02售01  ,0,0,0,0,0,0,0,0,0,-22000,0,0,0,0,22000,-22000,-22000
03427B,臺股指元大9A熊02,0,0,0,0,0,0,0,0,0,-22000,0,0,0,25000,47000,-22000,-22000
053388,群創元大9C購02  ,0,0,0,0,0,0,0,0,0,-22000,0,0,0,0,22000,-22000,-22000
058122,美律國票9A購01  ,0,0,0,0,0,0,0,0,0,-22000,0,0,0,0,22000,-22000,-22000
057421,智原凱基98購04  ,0,0,0,0,0,0,0,0,0,-22000,0,0,0,50000,72000,-22000,-22000
055923,矽力凱基98購01  ,0,0,0,0,0,0,0,0,0,-22000,0,0,0,14000,36000,-22000,-22000
057791,可成統一99購01  ,0,0,0,0,0,0,0,0,0,-22000,0,0,0,320000,342000,-22000,-22000
05750P,臺股指群益99售04,0,0,0,0,0,0,0,0,0,-22000,0,0,0,36000,58000,-22000,-22000
057494,玉晶光元大99購09,0,0,0,0,0,0,0,0,0,-22000,0,0,0,2000,24000,-22000,-22000
063374,嘉澤永豐9B購04  ,0,0,0,0,0,0,0,0,0,-22000,0,0,0,13000,35000,-22000,-22000
059778,上証2X元大9C購03,0,0,0,0,0,0,0,0,0,-22000,0,0,0,8000,30000,-22000,-22000
061388,台積電群益9A購05,0,0,0,0,0,0,0,0,0,-22000,0,0,0,102000,124000,-22000,-22000
062437,廣達元大9B購01  ,0,0,0,0,0,0,0,0,0,-22000,0,0,0,0,22000,-22000,-22000
061932,上銀國票9B購01  ,0,0,0,0,0,0,0,0,0,-22000,0,0,0,8000,30000,-22000,-22000
061772,健策元大9B購06  ,0,0,0,0,0,0,0,0,0,-22000,0,0,0,1000,23000,-22000,-22000
06178P,大立光第一99售01,0,0,0,0,0,0,0,0,0,-22000,0,0,0,0,22000,-22000,-22000
062497,遠東新群益9B購01,0,0,0,0,0,0,0,0,0,-22000,0,0,0,71000,93000,-22000,-22000
062629,聯發科國票9C購01,0,0,0,0,0,0,0,0,0,-22000,0,0,0,0,22000,-22000,-22000
062636,聯鈞國票9B購01  ,0,0,0,0,0,0,0,0,0,-22000,0,0,0,0,22000,-22000,-22000
065395,致茂群益01購01  ,0,0,0,0,0,0,0,0,0,-22000,0,0,0,128000,150000,-22000,-22000
065213,南六國票01購03  ,0,0,0,0,0,0,0,0,0,-22000,0,0,0,0,22000,-22000,-22000
065146,帆宣凱基9C購01  ,0,0,0,0,0,0,0,0,0,-22000,0,0,0,93000,115000,-22000,-22000
065053,南電凱基02購01  ,0,0,0,0,0,0,0,0,0,-22000,0,0,0,0,22000,-22000,-22000
063902,志超群益9C購01  ,0,0,0,0,0,0,0,0,0,-22000,0,0,0,78000,100000,-22000,-22000
064648,臻鼎凱基9C購02  ,0,0,0,0,0,0,0,0,0,-22000,0,0,0,28000,50000,-22000,-22000
065727,冠德凱基9C購01  ,0,0,0,0,0,0,0,0,0,-22000,0,0,0,119000,141000,-22000,-22000
065747,華通元大9C購07  ,0,0,0,0,0,0,0,0,0,-22000,0,0,0,4000,26000,-22000,-22000
065624,聯詠中信9C購01  ,0,0,0,0,0,0,0,0,0,-22000,0,0,0,0,22000,-22000,-22000
066441,聯強群益01購01  ,0,0,0,0,0,0,0,0,0,-22000,0,0,0,100000,122000,-22000,-22000
066116,宏達電兆豐01購01,0,0,0,0,0,0,0,0,0,-22000,0,0,0,0,22000,-22000,-22000
066252,南港元大01購02  ,0,0,0,0,0,0,0,0,0,-22000,0,0,0,7000,29000,-22000,-22000
6206,飛捷            ,29000,53000,-24000,0,0,0,0,0,0,2000,2000,0,2000,0,0,0,-22000
2816,旺旺保          ,4000,26000,-22000,0,0,0,0,0,0,0,0,0,0,0,0,0,-22000
066904,台積電凱基02購10,0,0,0,0,0,0,0,0,0,-23000,0,0,0,10000,33000,-23000,-23000
066965,鴻海元富07購07  ,0,0,0,0,0,0,0,0,0,-23000,0,0,0,2000,25000,-23000,-23000
067166,華通麥證01購01  ,0,0,0,0,23000,-23000,0,0,0,-23000,0,0,0,0,23000,-23000,-23000
08334P,智邦永豐9C售01  ,0,0,0,0,0,0,0,0,0,-23000,0,0,0,0,23000,-23000,-23000
08396P,鴻海元富9C售04  ,0,0,0,0,0,0,0,0,0,-23000,0,0,0,0,23000,-23000,-23000
1603,華電            ,1000,24000,-23000,0,0,0,0,0,0,0,0,0,0,0,0,0,-23000
059923,緯穎元大99購09  ,0,0,0,0,0,0,0,0,0,-23000,0,0,0,0,23000,-23000,-23000
059947,貿聯永豐99購03  ,0,0,0,0,0,0,0,0,0,-23000,0,0,0,10000,33000,-23000,-23000
057959,欣興元大98購14  ,0,0,0,0,0,0,0,0,0,-23000,0,0,0,2000,25000,-23000,-23000
057915,台泥凱基98購01  ,0,0,0,0,0,0,0,0,0,-23000,0,0,0,220000,243000,-23000,-23000
058356,華邦電凱基99購01,0,0,0,0,0,0,0,0,0,-23000,0,0,0,0,23000,-23000,-23000
063371,南亞科永豐9B購01,0,0,0,0,0,0,0,0,0,-23000,0,0,0,0,23000,-23000,-23000
063220,建準群益9B購01  ,0,0,0,0,0,0,0,0,0,-23000,0,0,0,78000,101000,-23000,-23000
059343,宏達電凱基99購04,0,0,0,0,0,0,0,0,0,-23000,0,0,0,61000,84000,-23000,-23000
055032,億光富邦99購01  ,0,0,0,0,0,0,0,0,0,-23000,0,0,0,25000,48000,-23000,-23000
05631P,國巨富邦9A售01  ,0,0,0,0,0,0,0,0,0,-23000,0,0,0,10000,33000,-23000,-23000
00683L,元大美元指數正2 ,0,0,0,0,0,0,0,0,0,-23000,0,0,0,0,23000,-23000,-23000
062811,鴻海兆豐9B購01  ,0,0,0,0,0,0,0,0,0,-23000,0,0,0,37000,60000,-23000,-23000
062263,康控元大9B購03  ,0,0,0,0,0,0,0,0,0,-23000,0,0,0,50000,73000,-23000,-23000
062919,聯茂元大9B購01  ,0,0,0,0,0,0,0,0,0,-23000,0,0,0,27000,50000,-23000,-23000
063480,南六元大9C購01  ,0,0,0,0,0,0,0,0,0,-23000,0,0,0,76000,99000,-23000,-23000
063345,嘉晶統一9C購02  ,0,0,0,0,0,0,0,0,0,-23000,0,0,0,54000,77000,-23000,-23000
063265,瑞祺永豐9B購01  ,0,0,0,0,0,0,0,0,0,-23000,0,0,0,7000,30000,-23000,-23000
061718,GIS凱基9B購01   ,0,0,0,0,0,0,0,0,0,-23000,0,0,0,3000,26000,-23000,-23000
060714,晶技永豐9A購02  ,0,0,0,0,0,0,0,0,0,-23000,0,0,0,94000,117000,-23000,-23000
060984,南亞科元大9A購07,0,0,0,0,0,0,0,0,0,-23000,0,0,0,27000,50000,-23000,-23000
066233,華碩富邦02購01  ,0,0,0,0,0,0,0,0,0,-23000,0,0,0,10000,33000,-23000,-23000
065569,智邦群益01購01  ,0,0,0,0,0,0,0,0,0,-23000,0,0,0,44000,67000,-23000,-23000
065553,聯詠凱基9C購03  ,0,0,0,0,0,0,0,0,0,-23000,0,0,0,34000,57000,-23000,-23000
064020,華通元大01購01  ,0,0,0,0,0,0,0,0,0,-23000,0,0,0,148000,171000,-23000,-23000
064568,聯鈞群益9C購01  ,0,0,0,0,0,0,0,0,0,-23000,0,0,0,20000,43000,-23000,-23000
064524,GIS群益02購01   ,0,0,0,0,0,0,0,0,0,-23000,0,0,0,30000,53000,-23000,-23000
063814,嘉晶群益9C購01  ,0,0,0,0,0,0,0,0,0,-23000,0,0,0,0,23000,-23000,-23000
063683,大成鋼永豐9B購01,0,0,0,0,0,0,0,0,0,-23000,0,0,0,27000,50000,-23000,-23000
065006,景碩國票01購01  ,0,0,0,0,0,0,0,0,0,-23000,0,0,0,0,23000,-23000,-23000
3010,華立            ,37000,60000,-23000,0,0,0,0,0,0,0,0,0,0,0,0,0,-23000
08862P,台積電元大01售24,0,0,0,0,0,0,0,0,0,-24000,0,0,0,3225000,3249000,-24000,-24000
08366P,祥碩凱基9C售04  ,0,0,0,0,0,0,0,0,0,-24000,0,0,0,103000,127000,-24000,-24000
08129P,聯發科元大9B售23,0,0,0,0,0,0,0,0,0,-24000,0,0,0,0,24000,-24000,-24000
067228,華新群益01購01  ,0,0,0,0,0,0,0,0,0,-24000,0,0,0,12000,36000,-24000,-24000
066972,滬深2X群益03購04,0,0,0,0,0,0,0,0,0,-24000,0,0,0,0,24000,-24000,-24000
066995,盟立國泰03購01  ,0,0,0,0,0,0,0,0,0,-24000,0,0,0,643000,667000,-24000,-24000
07365P,超眾元大99售07  ,0,0,0,0,0,0,0,0,0,-24000,0,0,0,134000,158000,-24000,-24000
059364,昇陽半永豐99購02,0,0,0,0,0,0,0,0,0,-24000,0,0,0,34000,58000,-24000,-24000
056869,國巨日盛99購03  ,0,0,0,0,0,0,0,0,0,-24000,0,0,0,6000,30000,-24000,-24000
057819,新日興元大99購01,0,0,0,0,0,0,0,0,0,-24000,0,0,0,40000,64000,-24000,-24000
057567,嘉聯益富邦9A購01,0,0,0,0,0,0,0,0,0,-24000,0,0,0,50000,74000,-24000,-24000
057609,友訊元富98購01  ,0,0,0,0,0,0,0,0,0,-24000,0,0,0,26000,50000,-24000,-24000
057618,台光電凱基99購01,0,0,0,0,0,0,0,0,0,-24000,0,0,0,110000,134000,-24000,-24000
057863,美律凱基9A購01  ,0,0,0,0,0,0,0,0,0,-24000,0,0,0,80000,104000,-24000,-24000
059731,康控元大99購04  ,0,0,0,0,0,0,0,0,0,-24000,0,0,0,0,24000,-24000,-24000
059006,樺漢元大99購01  ,0,0,0,0,0,0,0,0,0,-24000,0,0,0,10000,34000,-24000,-24000
064354,同欣電元大9C購05,0,0,0,0,0,0,0,0,0,-24000,0,0,0,45000,69000,-24000,-24000
063525,廣達凱基9B購02  ,0,0,0,0,0,0,0,0,0,-24000,0,0,0,0,24000,-24000,-24000
062704,大毅元大9C購01  ,0,0,0,0,0,0,0,0,0,-24000,0,0,0,0,24000,-24000,-24000
062346,智邦群益9B購02  ,0,0,0,0,0,0,0,0,0,-24000,0,0,0,8000,32000,-24000,-24000
065058,東元群益9C購01  ,0,0,0,0,0,0,0,0,0,-24000,0,0,0,98000,122000,-24000,-24000
065045,信邦凱基9C購01  ,0,0,0,0,0,0,0,0,0,-24000,0,0,0,65000,89000,-24000,-24000
064974,燿華元大9C購03  ,0,0,0,0,0,0,0,0,0,-24000,0,0,0,1000,25000,-24000,-24000
065311,TPK國票01購03   ,0,0,0,0,0,0,0,0,0,-24000,0,0,0,6000,30000,-24000,-24000
063578,瑞祺元大9B購03  ,0,0,0,0,0,0,0,0,0,-24000,0,0,0,23000,47000,-24000,-24000
064687,國巨群益9C購10  ,0,0,0,0,0,0,0,0,0,-24000,0,0,0,15000,39000,-24000,-24000
065951,聯發科統一01購08,0,0,0,0,0,0,0,0,0,-24000,0,0,0,372000,396000,-24000,-24000
2516,新建            ,0,24000,-24000,0,0,0,0,0,0,0,0,0,0,0,0,0,-24000
3563,牧德            ,214000,118000,96000,0,0,0,0,112682,-112682,-8000,0,5000,-5000,21000,24000,-3000,-24682
07416P,台積電元大99售53,0,0,0,0,0,0,0,0,0,-25000,0,0,0,5000,30000,-25000,-25000
07757P,國巨國票9B售04  ,0,0,0,0,0,0,0,0,0,-25000,0,0,0,0,25000,-25000,-25000
067687,啟碁元大01購02  ,0,0,0,0,0,0,0,0,0,-25000,0,0,0,0,25000,-25000,-25000
067510,嘉澤統一03購01  ,0,0,0,0,0,0,0,0,0,-25000,0,0,0,2000,27000,-25000,-25000
067538,晶技群益01購02  ,0,0,0,0,0,0,0,0,0,-25000,0,0,0,9000,34000,-25000,-25000
067379,新日興統一03購01,0,0,0,0,0,0,0,0,0,-25000,0,0,0,0,25000,-25000,-25000
066792,T50反1凱基01購03,0,0,0,0,0,0,0,0,0,-25000,0,0,0,2000,27000,-25000,-25000
067253,精元國票01購01  ,0,0,0,0,0,0,0,0,0,-25000,0,0,0,21000,46000,-25000,-25000
067223,嘉基元大01購02  ,0,0,0,0,0,0,0,0,0,-25000,0,0,0,0,25000,-25000,-25000
08135P,玉晶光國泰01售02,0,0,0,0,0,0,0,0,0,-25000,0,0,0,0,25000,-25000,-25000
08599P,台表科元大9C售11,0,0,0,0,0,0,0,0,0,-25000,0,0,0,22000,47000,-25000,-25000
08565P,聯發科群益9C售12,0,0,0,0,0,0,0,0,0,-25000,0,0,0,0,25000,-25000,-25000
08743P,群創凱基01售04  ,0,0,0,0,0,0,0,0,0,-25000,0,0,0,0,25000,-25000,-25000
1452,宏益            ,0,25000,-25000,0,0,0,0,0,0,0,0,0,0,0,0,0,-25000
08936P,鴻海元大01售20  ,0,0,0,0,0,0,0,0,0,-25000,0,0,0,87000,112000,-25000,-25000
08876P,台積電中信07售03,0,0,0,0,0,0,0,0,0,-25000,0,0,0,10000,35000,-25000,-25000
1307,三芳            ,57000,82000,-25000,0,0,0,0,0,0,0,0,0,0,0,0,0,-25000
2062,橋椿            ,36000,61000,-25000,0,0,0,0,0,0,0,0,0,0,0,0,0,-25000
058892,元油2X元大9C購08,0,0,0,0,0,0,0,0,0,-25000,0,0,0,0,25000,-25000,-25000
059147,矽創國票99購01  ,0,0,0,0,0,0,0,0,0,-25000,0,0,0,0,25000,-25000,-25000
059055,旺宏凱基9B購02  ,0,0,0,0,0,0,0,0,0,-25000,0,0,0,0,25000,-25000,-25000
059925,可成國泰9B購01  ,0,0,0,0,0,0,0,0,0,-25000,0,0,0,3000,28000,-25000,-25000
058739,喬山中信99購01  ,0,0,0,0,0,0,0,0,0,-25000,0,0,0,0,25000,-25000,-25000
058684,健策凱基99購02  ,0,0,0,0,0,0,0,0,0,-25000,0,0,0,0,25000,-25000,-25000
058033,景碩永豐98購02  ,0,0,0,0,0,0,0,0,0,-25000,0,0,0,6000,31000,-25000,-25000
058864,欣興凱基99購04  ,0,0,0,0,0,0,0,0,0,-25000,0,0,0,45000,70000,-25000,-25000
057637,上銀元大98購07  ,0,0,0,0,0,0,0,0,0,-25000,0,0,0,67000,92000,-25000,-25000
063026,南六元大9B購04  ,0,0,0,0,0,0,0,0,0,-25000,0,0,0,65000,90000,-25000,-25000
063133,喬山統一01購01  ,0,0,0,0,0,0,0,0,0,-25000,0,0,0,5000,30000,-25000,-25000
058246,帆宣元大99購01  ,0,0,0,0,0,0,0,0,0,-25000,0,0,0,4000,29000,-25000,-25000
058201,華通凱基9A購01  ,0,0,0,0,0,0,0,0,0,-25000,0,0,0,5000,30000,-25000,-25000
058192,訊芯永豐99購01  ,0,0,0,0,0,0,0,0,0,-25000,0,0,0,0,25000,-25000,-25000
059528,華新科凱基99購06,0,0,0,0,0,0,0,0,0,-25000,0,0,0,0,25000,-25000,-25000
00680L,元大美債20正2   ,0,0,0,0,0,0,0,0,0,-25000,0,0,0,29000,54000,-25000,-25000
057024,義隆凱基99購01  ,0,0,0,0,0,0,0,0,0,-25000,0,0,0,0,25000,-25000,-25000
052203,T50反1中信99購03,0,0,0,0,0,0,0,0,0,-25000,0,0,0,0,25000,-25000,-25000
062695,華通元大9C購01  ,0,0,0,0,0,0,0,0,0,-25000,0,0,0,2000,27000,-25000,-25000
062660,神隆群益9B購02  ,0,0,0,0,0,0,0,0,0,-25000,0,0,0,0,25000,-25000,-25000
062780,旺宏元大01購01  ,0,0,0,0,0,0,0,0,0,-25000,0,0,0,50000,75000,-25000,-25000
062259,可成元大9B購03  ,0,0,0,0,0,0,0,0,0,-25000,0,0,0,0,25000,-25000,-25000
063556,儒鴻元大9B購02  ,0,0,0,0,0,0,0,0,0,-25000,0,0,0,101000,126000,-25000,-25000
062049,亞德客統一01購01,0,0,0,0,0,0,0,0,0,-25000,0,0,0,50000,75000,-25000,-25000
061709,SP黃豆凱基01購02,0,0,0,0,0,0,0,0,0,-25000,0,0,0,0,25000,-25000,-25000
061639,晶豪科元大9A購02,20000,0,20000,0,0,0,0,0,0,-45000,0,0,0,5000,50000,-45000,-25000
061653,上証2X國票9A購02,0,0,0,0,0,0,0,0,0,-25000,0,0,0,20000,45000,-25000,-25000
063341,燿華統一9C購01  ,0,0,0,0,0,0,0,0,0,-25000,0,0,0,10000,35000,-25000,-25000
061871,瑞昱元大9B購01  ,0,0,0,0,0,0,0,0,0,-25000,0,0,0,5000,30000,-25000,-25000
062855,嘉澤永豐9B購02  ,0,0,0,0,0,0,0,0,0,-25000,0,0,0,0,25000,-25000,-25000
064224,玉晶光國票01購04,0,0,0,0,0,0,0,0,0,-25000,0,0,0,2000,27000,-25000,-25000
064081,國產中信06購01  ,0,0,0,0,0,0,0,0,0,-25000,0,0,0,40000,65000,-25000,-25000
064067,美律永豐9C購01  ,0,0,0,0,0,0,0,0,0,-25000,0,0,0,0,25000,-25000,-25000
064179,上銀富邦01購01  ,0,0,0,0,0,0,0,0,0,-25000,0,0,0,10000,35000,-25000,-25000
060920,超眾富邦9B購01  ,0,0,0,0,0,0,0,0,0,-25000,0,0,0,0,25000,-25000,-25000
060665,康控凱基9A購01  ,0,0,0,0,0,0,0,0,0,-25000,0,0,0,25000,50000,-25000,-25000
061279,鴻海統一9C購04  ,0,0,0,0,0,0,0,0,0,-25000,0,0,0,0,25000,-25000,-25000
061091,奇力新統一9C購02,0,0,0,0,0,0,0,0,0,-25000,0,0,0,0,25000,-25000,-25000
065942,燿華元富01購01  ,0,0,0,0,0,0,0,0,0,-25000,0,0,0,1000,26000,-25000,-25000
065889,鴻海統一03購02  ,0,0,0,0,0,0,0,0,0,-25000,0,0,0,0,25000,-25000,-25000
065719,T50反1兆豐9C購01,0,0,0,0,0,0,0,0,0,-25000,0,0,0,5000,30000,-25000,-25000
066155,華碩康和01購01  ,0,0,0,0,0,0,0,0,0,-25000,0,0,0,47000,72000,-25000,-25000
066133,京元電群益01購01,0,0,0,0,0,0,0,0,0,-25000,0,0,0,30000,55000,-25000,-25000
066342,上緯控永豐01購01,0,0,0,0,0,0,0,0,0,-25000,0,0,0,0,25000,-25000,-25000
066402,泰鼎凱基01購02  ,0,0,0,0,0,0,0,0,0,-25000,0,0,0,182000,207000,-25000,-25000
063593,GIS永豐9B購01   ,0,0,0,0,0,0,0,0,0,-25000,0,0,0,25000,50000,-25000,-25000
064526,臺股指群益9C購11,0,0,0,0,0,0,0,0,0,-25000,0,0,0,13000,38000,-25000,-25000
065296,國巨統一01購10  ,0,0,0,0,0,0,0,0,0,-25000,0,0,0,153000,178000,-25000,-25000
065413,玉晶光永豐9C購10,0,0,0,0,0,0,0,0,0,-25000,0,0,0,0,25000,-25000,-25000
064752,台達電凱基01購01,0,0,0,0,0,0,0,0,0,-25000,0,0,0,42000,67000,-25000,-25000
2546,根基            ,45000,65000,-20000,0,0,0,0,0,0,-5000,0,5000,-5000,0,0,0,-25000
9943,好樂迪          ,20000,45000,-25000,0,0,0,0,0,0,0,0,0,0,0,0,0,-25000
1702,南僑            ,41000,70000,-29000,0,0,0,0,0,0,3000,3000,0,3000,0,0,0,-26000
2423,固緯            ,4000,30000,-26000,0,0,0,0,0,0,0,0,0,0,0,0,0,-26000
2496,卓越            ,1000,27000,-26000,0,0,0,0,0,0,0,0,0,0,0,0,0,-26000
08705P,臺股指群益01售02,0,0,0,0,0,0,0,0,0,-26000,0,0,0,13000,39000,-26000,-26000
08610P,鴻海凱基9C售05  ,0,0,0,0,0,0,0,0,0,-26000,0,0,0,45000,71000,-26000,-26000
067236,聯發科群益01購06,0,0,0,0,0,0,0,0,0,-26000,0,0,0,56000,82000,-26000,-26000
056260,鴻海統一98購07  ,0,0,0,0,0,0,0,0,0,-26000,0,0,0,0,26000,-26000,-26000
00682U,元大美元指數    ,0,0,0,0,0,0,0,0,0,-26000,0,0,0,0,26000,-26000,-26000
048177,臺指反富邦99購01,0,0,0,0,0,0,0,0,0,-26000,0,0,0,0,26000,-26000,-26000
057325,可成群益9A購01  ,0,0,0,0,0,0,0,0,0,-26000,0,0,0,50000,76000,-26000,-26000
055230,大毅國票98購01  ,0,0,0,0,0,0,0,0,0,-26000,0,0,0,0,26000,-26000,-26000
056516,晶豪科兆豐98購01,0,0,0,0,0,0,0,0,0,-26000,0,0,0,2000,28000,-26000,-26000
056597,宏碁元富98購01  ,0,0,0,0,0,0,0,0,0,-26000,0,0,0,10000,36000,-26000,-26000
060655,國巨統一9B購06  ,0,0,0,0,0,0,0,0,0,-26000,0,0,0,8000,34000,-26000,-26000
060049,華通凱基99購06  ,0,0,0,0,0,0,0,0,0,-26000,0,0,0,0,26000,-26000,-26000
063314,美律群益9B購01  ,0,0,0,0,0,0,0,0,0,-26000,0,0,0,75000,101000,-26000,-26000
062992,聯發科群益9B購09,0,0,0,0,0,0,0,0,0,-26000,0,0,0,60000,86000,-26000,-26000
062984,致新元富9B購01  ,0,0,0,0,0,0,0,0,0,-26000,0,0,0,50000,76000,-26000,-26000
064849,大立光元富9C購06,0,0,0,0,0,0,0,0,0,-26000,0,0,0,0,26000,-26000,-26000
065249,聯發科麥證9C購04,0,0,0,0,26000,-26000,0,0,0,-26000,0,0,0,0,26000,-26000,-26000
066168,強茂凱基01購02  ,0,0,0,0,0,0,0,0,0,-26000,0,0,0,2000,28000,-26000,-26000
066207,聯鈞統一01購02  ,0,0,0,0,0,0,0,0,0,-26000,0,0,0,58000,84000,-26000,-26000
065925,鴻海國票04購01  ,0,0,0,0,0,0,0,0,0,-26000,0,0,0,100000,126000,-26000,-26000
6452,康友-KY         ,225000,181000,44000,0,0,0,0,0,0,-70000,0,0,0,18000,88000,-70000,-26000
06682P,玉晶光元大99售08,0,0,0,0,0,0,0,0,0,-27000,0,0,0,0,27000,-27000,-27000
066761,聯陽永豐01購03  ,0,0,0,0,0,0,0,0,0,-27000,0,0,0,45000,72000,-27000,-27000
066885,牧德永豐01購02  ,0,0,0,0,0,0,0,0,0,-27000,0,0,0,41000,68000,-27000,-27000
08664P,金像電凱基01售02,0,0,0,0,0,0,0,0,0,-27000,0,0,0,5000,32000,-27000,-27000
08683P,大立光凱基02售03,0,0,0,0,0,0,0,0,0,-27000,0,0,0,0,27000,-27000,-27000
08233P,國泰金元富9B售01,0,0,0,0,0,0,0,0,0,-27000,0,0,0,0,27000,-27000,-27000
08234P,華擎元富9B售03  ,0,0,0,0,0,0,0,0,0,-27000,0,0,0,187000,214000,-27000,-27000
08873P,欣興永豐01售01  ,0,0,0,0,0,0,0,0,0,-27000,0,0,0,76000,103000,-27000,-27000
1615,大山            ,12000,39000,-27000,0,0,0,0,0,0,0,0,0,0,0,0,0,-27000
1537,廣隆            ,0,27000,-27000,0,0,0,0,0,0,0,0,0,0,0,0,0,-27000
056772,欣興元大99購01  ,0,0,0,0,0,0,0,0,0,-27000,0,0,0,12000,39000,-27000,-27000
055259,玉晶光統一9A購01,0,0,0,0,0,0,0,0,0,-27000,0,0,0,0,27000,-27000,-27000
058074,欣興凱基99購01  ,0,0,0,0,0,0,0,0,0,-27000,0,0,0,40000,67000,-27000,-27000
063118,中鋼元大9C購01  ,0,0,0,0,0,0,0,0,0,-27000,0,0,0,3000,30000,-27000,-27000
058630,日月光國票9A購01,0,0,0,0,0,0,0,0,0,-27000,0,0,0,0,27000,-27000,-27000
058373,晶技凱基99購02  ,0,0,0,0,0,0,0,0,0,-27000,0,0,0,0,27000,-27000,-27000
058335,鴻海元富99購06  ,0,0,0,0,0,0,0,0,0,-27000,0,0,0,3000,30000,-27000,-27000
059118,晶技永豐9A購01  ,0,0,0,0,0,0,0,0,0,-27000,0,0,0,0,27000,-27000,-27000
061799,奇鋐永豐9B購01  ,0,0,0,0,0,0,0,0,0,-27000,0,0,0,1000,28000,-27000,-27000
061275,臺股指凱基9A購25,0,0,0,0,0,0,0,0,0,-27000,0,0,0,8000,35000,-27000,-27000
061908,台積電中信05購01,0,0,0,0,0,0,0,0,0,-27000,0,0,0,21000,48000,-27000,-27000
060591,富邦金台新9A購01,0,0,0,0,0,0,0,0,0,-27000,0,0,0,35000,62000,-27000,-27000
062797,瑞昱統一9B購01  ,0,0,0,0,0,0,0,0,0,-27000,0,0,0,0,27000,-27000,-27000
062622,南電元大9B購03  ,0,0,0,0,0,0,0,0,0,-27000,0,0,0,3000,30000,-27000,-27000
060022,勤誠康和99購01  ,0,0,0,0,0,0,0,0,0,-27000,0,0,0,3000,30000,-27000,-27000
060157,致茂永豐9A購02  ,0,0,0,0,0,0,0,0,0,-27000,0,0,0,129000,156000,-27000,-27000
060721,瑞儀永豐9A購01  ,0,0,0,0,0,0,0,0,0,-27000,0,0,0,0,27000,-27000,-27000
061410,緯穎國票9A購03  ,0,0,0,0,0,0,0,0,0,-27000,0,0,0,0,27000,-27000,-27000
065765,GIS元大9C購09   ,0,0,0,0,0,0,0,0,0,-27000,0,0,0,191000,218000,-27000,-27000
065437,台表科凱基9C購03,0,0,0,0,0,0,0,0,0,-27000,0,0,0,302000,329000,-27000,-27000
066218,美利達統一03購02,0,0,0,0,0,0,0,0,0,-27000,0,0,0,45000,72000,-27000,-27000
066327,強茂永豐01購01  ,0,0,0,0,0,0,0,0,0,-27000,0,0,0,0,27000,-27000,-27000
066313,泰豐永豐01購01  ,0,0,0,0,0,0,0,0,0,-27000,0,0,0,16000,43000,-27000,-27000
066514,盟立永豐01購01  ,0,0,0,0,0,0,0,0,0,-27000,0,0,0,10000,37000,-27000,-27000
064947,台積電凱基01購08,0,0,0,0,0,0,0,0,0,-27000,0,0,0,20000,47000,-27000,-27000
064556,華通群益02購02  ,0,0,0,0,0,0,0,0,0,-27000,0,0,0,0,27000,-27000,-27000
3380,明泰            ,742000,737000,5000,0,0,0,0,0,0,-32000,20000,62000,-42000,12000,2000,10000,-27000
08422P,玉晶光群益02售03,0,0,0,0,0,0,0,0,0,-28000,0,0,0,166000,194000,-28000,-28000
08411P,技嘉凱基9C售01  ,0,0,0,0,0,0,0,0,0,-28000,0,0,0,6000,34000,-28000,-28000
067061,亞泥元大01購01  ,0,0,0,0,0,0,0,0,0,-28000,0,0,0,2000,30000,-28000,-28000
059063,康控凱基99購04  ,0,0,0,0,0,0,0,0,0,-28000,0,0,0,22000,50000,-28000,-28000
058834,GIS永豐99購01   ,0,0,0,0,0,0,0,0,0,-28000,0,0,0,0,28000,-28000,-28000
055910,瑞昱凱基98購01  ,0,0,0,0,0,0,0,0,0,-28000,0,0,0,0,28000,-28000,-28000
059516,TPK永豐99購01   ,0,0,0,0,0,0,0,0,0,-28000,0,0,0,21000,49000,-28000,-28000
057118,欣興日盛9A購01  ,0,0,0,0,0,0,0,0,0,-28000,0,0,0,2000,30000,-28000,-28000
00712,FH富時不動產    ,37000,2000,35000,0,0,0,0,0,0,-63000,0,0,0,154000,217000,-63000,-28000
056468,鴻海元大98購07  ,0,0,0,0,0,0,0,0,0,-28000,0,0,0,2000,30000,-28000,-28000
064367,貿聯統一01購02  ,0,0,0,0,0,0,0,0,0,-28000,0,0,0,96000,124000,-28000,-28000
060232,友訊元大9C購01  ,0,0,0,0,0,0,0,0,0,-28000,0,0,0,12000,40000,-28000,-28000
061366,台勝科國票9A購01,0,0,0,0,0,0,0,0,0,-28000,0,0,0,40000,68000,-28000,-28000
061222,台灣50中信9A購02,0,0,0,0,0,0,0,0,0,-28000,0,0,0,10000,38000,-28000,-28000
061791,康友群益9B購01  ,0,0,0,0,0,0,0,0,0,-28000,0,0,0,0,28000,-28000,-28000
060454,葡萄王元大9A購01,0,0,0,0,0,0,0,0,0,-28000,0,0,0,0,28000,-28000,-28000
061720,智邦國泰9C購01  ,0,0,0,0,0,0,0,0,0,-28000,0,0,0,0,28000,-28000,-28000
062138,力成群益9B購01  ,0,0,0,0,0,0,0,0,0,-28000,0,0,0,0,28000,-28000,-28000
062186,晶技元大9B購05  ,0,0,0,0,0,0,0,0,0,-28000,0,0,0,0,28000,-28000,-28000
062085,同欣電元大9B購01,0,0,0,0,0,0,0,0,0,-28000,0,0,0,6000,34000,-28000,-28000
064643,瑞昱凱基04購01  ,0,0,0,0,0,0,0,0,0,-28000,0,0,0,0,28000,-28000,-28000
064497,可成元大01購02  ,0,0,0,0,0,0,0,0,0,-28000,0,0,0,0,28000,-28000,-28000
065753,正崴元大9C購02  ,0,0,0,0,0,0,0,0,0,-28000,0,0,0,115000,143000,-28000,-28000
065674,華擎凱基9C購03  ,0,0,0,0,0,0,0,0,0,-28000,0,0,0,164000,192000,-28000,-28000
3049,和鑫            ,1167000,1187000,-20000,0,0,0,0,0,0,-8000,1000,0,1000,0,9000,-9000,-28000
9946,三發地產        ,5000,33000,-28000,0,0,0,0,0,0,0,0,0,0,0,0,0,-28000
067390,聯詠元富07購02  ,0,0,0,0,0,0,0,0,0,-29000,0,0,0,0,29000,-29000,-29000
067603,冠德凱基02購01  ,0,0,0,0,0,0,0,0,0,-29000,0,0,0,0,29000,-29000,-29000
067630,大成鋼永豐01購01,0,0,0,0,0,0,0,0,0,-29000,0,0,0,0,29000,-29000,-29000
1707,葡萄王          ,23000,52000,-29000,0,0,0,0,0,0,0,0,0,0,0,0,0,-29000
2109,華豐            ,29000,58000,-29000,0,0,0,0,0,0,0,0,0,0,0,0,0,-29000
057730,聯鈞國泰9A購01  ,0,0,0,0,0,0,0,0,0,-29000,0,0,0,188000,217000,-29000,-29000
057718,旺宏元富02購02  ,0,0,0,0,0,0,0,0,0,-29000,0,0,0,11000,40000,-29000,-29000
057566,欣興富邦99購01  ,0,0,0,0,0,0,0,0,0,-29000,0,0,0,1000,30000,-29000,-29000
063099,臺指反群益9B購05,0,0,0,0,0,0,0,0,0,-29000,0,0,0,0,29000,-29000,-29000
063054,健鼎統一01購01  ,0,0,0,0,0,0,0,0,0,-29000,0,0,0,412000,441000,-29000,-29000
057828,緯穎元大99購02  ,0,0,0,0,0,0,0,0,0,-29000,0,0,0,25000,54000,-29000,-29000
061986,晶豪科元大9B購01,0,0,0,0,0,0,0,0,0,-29000,0,0,0,24000,53000,-29000,-29000
062644,中環國泰9C購01  ,0,0,0,0,0,0,0,0,0,-29000,0,0,0,71000,100000,-29000,-29000
06082P,華通統一98售01  ,0,0,0,0,0,0,0,0,0,-29000,0,0,0,7000,36000,-29000,-29000
064290,GIS元大9C購04   ,0,0,0,0,0,0,0,0,0,-29000,0,0,0,96000,125000,-29000,-29000
065807,智伸科群益01購01,0,0,0,0,0,0,0,0,0,-29000,0,0,0,17000,46000,-29000,-29000
065979,立積元大03購01  ,0,0,0,0,0,0,0,0,0,-29000,0,0,0,97000,126000,-29000,-29000
066519,達方永豐01購01  ,0,0,0,0,0,0,0,0,0,-29000,0,0,0,0,29000,-29000,-29000
066306,亞聚永豐01購01  ,0,0,0,0,0,0,0,0,0,-29000,0,0,0,48000,77000,-29000,-29000
064439,大立光凱基03購02,0,0,0,0,0,0,0,0,0,-29000,0,0,0,7000,36000,-29000,-29000
064552,巨大凱基01購01  ,0,0,0,0,0,0,0,0,0,-29000,0,0,0,19000,48000,-29000,-29000
064922,玉晶光統一01購10,0,0,0,0,0,0,0,0,0,-29000,0,0,0,2000,31000,-29000,-29000
065141,國巨凱基9C購10  ,0,0,0,0,0,0,0,0,0,-29000,0,0,0,35000,64000,-29000,-29000
6672,騰輝電子-KY     ,30000,59000,-29000,0,0,0,0,0,0,0,0,0,0,0,0,0,-29000
3060,銘異            ,193000,222000,-29000,0,0,0,0,0,0,0,0,0,0,0,0,0,-29000
3454,晶睿            ,12000,41000,-29000,0,0,0,0,0,0,0,0,0,0,0,0,0,-29000
4560,強信-KY         ,136000,165000,-29000,0,0,0,0,0,0,0,0,0,0,0,0,0,-29000
2612,中航            ,11000,35000,-24000,0,0,0,0,0,0,-5000,0,5000,-5000,0,0,0,-29000
08838P,台灣50麥證01售02,0,0,0,0,30000,-30000,0,0,0,-30000,0,0,0,0,30000,-30000,-30000
08828P,上証2X群益01售05,0,0,0,0,0,0,0,0,0,-30000,0,0,0,0,30000,-30000,-30000
08798P,聯發科國票01售03,0,0,0,0,0,0,0,0,0,-30000,0,0,0,0,30000,-30000,-30000
08793P,聯詠中信07售02  ,0,0,0,0,0,0,0,0,0,-30000,0,0,0,20000,50000,-30000,-30000
08514P,華新科凱基9C售05,0,0,0,0,0,0,0,0,0,-30000,0,0,0,0,30000,-30000,-30000
08608P,臺股指富邦9C售06,0,0,0,0,0,0,0,0,0,-30000,0,0,0,20000,50000,-30000,-30000
07988P,台積電台新9C售03,0,0,0,0,0,0,0,0,0,-30000,0,0,0,20000,50000,-30000,-30000
08047P,臺股指國票9B售12,0,0,0,0,0,0,0,0,0,-30000,0,0,0,70000,100000,-30000,-30000
07024P,臺股指永豐99售02,0,0,0,0,0,0,0,0,0,-30000,0,0,0,50000,80000,-30000,-30000
07595P,台灣50中信03售07,0,0,0,0,0,0,0,0,0,-30000,0,0,0,0,30000,-30000,-30000
07506P,中租元大9A售01  ,0,0,0,0,0,0,0,0,0,-30000,0,0,0,0,30000,-30000,-30000
07354P,臺股指國票99售22,0,0,0,0,0,0,0,0,0,-30000,0,0,0,0,30000,-30000,-30000
067036,南電康和01購02  ,0,0,0,0,0,0,0,0,0,-30000,0,0,0,0,30000,-30000,-30000
067165,世紀鋼國票02購02,0,0,0,0,0,0,0,0,0,-30000,0,0,0,2000,32000,-30000,-30000
067271,世紀鋼永豐01購02,0,0,0,0,0,0,0,0,0,-30000,0,0,0,0,30000,-30000,-30000
066909,義隆凱基01購04  ,0,0,0,0,0,0,0,0,0,-30000,0,0,0,0,30000,-30000,-30000
066841,臺指反元大04購06,0,0,0,0,0,0,0,0,0,-30000,0,0,0,0,30000,-30000,-30000
066994,聯發科國泰03購02,0,0,0,0,0,0,0,0,0,-30000,0,0,0,0,30000,-30000,-30000
066697,長興群益01購01  ,0,0,0,0,0,0,0,0,0,-30000,0,0,0,0,30000,-30000,-30000
063137,瑞昱統一01購02  ,0,0,0,0,0,0,0,0,0,-30000,0,0,0,0,30000,-30000,-30000
057579,長榮航中信9A購01,0,0,0,0,0,0,0,0,0,-30000,0,0,0,0,30000,-30000,-30000
058510,全新元大9B購02  ,0,0,0,0,0,0,0,0,0,-30000,0,0,0,0,30000,-30000,-30000
057763,康控凱基99購02  ,0,0,0,0,0,0,0,0,0,-30000,0,0,0,30000,60000,-30000,-30000
059762,禾伸堂永豐99購02,0,0,0,0,0,0,0,0,0,-30000,0,0,0,0,30000,-30000,-30000
059880,世紀鋼凱基99購02,0,0,0,0,0,0,0,0,0,-30000,0,0,0,0,30000,-30000,-30000
03675C,臺股指元大04牛02,0,0,0,0,0,0,0,0,0,-30000,0,0,0,0,30000,-30000,-30000
056636,台積電日盛9A購01,0,0,0,0,0,0,0,0,0,-30000,0,0,0,0,30000,-30000,-30000
055080,正崴中信99購01  ,0,0,0,0,0,0,0,0,0,-30000,0,0,0,0,30000,-30000,-30000
055522,道瓊反群益01購01,0,0,0,0,0,0,0,0,0,-30000,0,0,0,0,30000,-30000,-30000
055519,茂林中信99購01  ,0,0,0,0,0,0,0,0,0,-30000,0,0,0,20000,50000,-30000,-30000
059304,華新科兆豐99購06,0,0,0,0,0,0,0,0,0,-30000,0,0,0,47000,77000,-30000,-30000
064341,聯詠元大9C購01  ,0,0,0,0,0,0,0,0,0,-30000,0,0,0,41000,71000,-30000,-30000
061584,勤誠元大9A購01  ,0,0,0,0,0,0,0,0,0,-30000,0,0,0,10000,40000,-30000,-30000
061423,廣達元大9A購01  ,0,0,0,0,0,0,0,0,0,-30000,0,0,0,0,30000,-30000,-30000
061087,國巨統一01購04  ,0,0,0,0,0,0,0,0,0,-30000,0,0,0,0,30000,-30000,-30000
060604,宏達電凱基9B購01,0,0,0,0,0,0,0,0,0,-30000,0,0,0,5000,35000,-30000,-30000
062807,和碩統一9B購01  ,0,0,0,0,0,0,0,0,0,-30000,0,0,0,0,30000,-30000,-30000
062464,T50反1凱基9C購03,0,0,0,0,0,0,0,0,0,-30000,0,0,0,0,30000,-30000,-30000
061730,旺宏統一01購02  ,0,0,0,0,0,0,0,0,0,-30000,0,0,0,0,30000,-30000,-30000
061916,元金2X凱基02購01,0,0,0,0,0,0,0,0,0,-30000,0,0,0,0,30000,-30000,-30000
062269,葡萄王群益9B購01,0,0,0,0,0,0,0,0,0,-30000,0,0,0,0,30000,-30000,-30000
062247,國巨元大9B購07  ,0,0,0,0,0,0,0,0,0,-30000,0,0,0,0,30000,-30000,-30000
063529,聯茂凱基9B購02  ,0,0,0,0,0,0,0,0,0,-30000,0,0,0,0,30000,-30000,-30000
062146,大毅國票9B購01  ,0,0,0,0,0,0,0,0,0,-30000,0,0,0,66000,96000,-30000,-30000
062099,牧德永豐9B購01  ,0,0,0,0,0,0,0,0,0,-30000,0,0,0,0,30000,-30000,-30000
062383,大立光國泰01購01,0,0,0,0,0,0,0,0,0,-30000,0,0,0,20000,50000,-30000,-30000
063459,華通元大9B購08  ,0,0,0,0,0,0,0,0,0,-30000,0,0,0,66000,96000,-30000,-30000
062927,同欣電國票9B購02,0,0,0,0,0,0,0,0,0,-30000,0,0,0,0,30000,-30000,-30000
062436,國巨元大9B購14  ,0,0,0,0,0,0,0,0,0,-30000,0,0,0,0,30000,-30000,-30000
065226,華通凱基01購01  ,0,0,0,0,0,0,0,0,0,-30000,0,0,0,0,30000,-30000,-30000
064943,聚陽凱基9C購01  ,0,0,0,0,0,0,0,0,0,-30000,0,0,0,0,30000,-30000,-30000
064994,南電兆豐01購01  ,0,0,0,0,0,0,0,0,0,-30000,0,0,0,8000,38000,-30000,-30000
065001,中橡國票9C購01  ,0,0,0,0,0,0,0,0,0,-30000,0,0,0,43000,73000,-30000,-30000
065024,華擎永豐9C購01  ,0,0,0,0,0,0,0,0,0,-30000,0,0,0,89000,119000,-30000,-30000
064897,宏達電群益9C購02,0,0,0,0,0,0,0,0,0,-30000,0,0,0,1000,31000,-30000,-30000
064542,聯電凱基02購01  ,0,0,0,0,0,0,0,0,0,-30000,0,0,0,0,30000,-30000,-30000
064663,鴻海元大9C購11  ,0,0,0,0,0,0,0,0,0,-30000,0,0,0,10000,40000,-30000,-30000
063786,瑞昱中信06購01  ,0,0,0,0,0,0,0,0,0,-30000,0,0,0,10000,40000,-30000,-30000
066245,道瓊反元大02購01,0,0,0,0,0,0,0,0,0,-30000,0,0,0,20000,50000,-30000,-30000
066298,美利達元大01購02,0,0,0,0,0,0,0,0,0,-30000,0,0,0,20000,50000,-30000,-30000
066208,聯鈞統一02購01  ,0,0,0,0,0,0,0,0,0,-30000,0,0,0,56000,86000,-30000,-30000
066203,景碩統一03購01  ,0,0,0,0,0,0,0,0,0,-30000,0,0,0,0,30000,-30000,-30000
066526,創意統一05購01  ,0,0,0,0,0,0,0,0,0,-30000,0,0,0,72000,102000,-30000,-30000
066659,燿華凱基03購01  ,0,0,0,0,0,0,0,0,0,-30000,0,0,0,0,30000,-30000,-30000
065694,國巨群益9C購19  ,0,0,0,0,0,0,0,0,0,-30000,0,0,0,1000,31000,-30000,-30000
065555,旭富凱基01購02  ,0,0,0,0,0,0,0,0,0,-30000,0,0,0,0,30000,-30000,-30000
2534,宏盛            ,53000,83000,-30000,0,0,0,0,0,0,0,0,0,0,0,0,0,-30000
2852,第一保          ,3000,33000,-30000,0,0,0,0,0,0,0,0,0,0,0,0,0,-30000
2731,雄獅            ,11000,41000,-30000,0,0,0,0,0,0,0,0,0,0,0,0,0,-30000
9934,成霖            ,1000,31000,-30000,0,0,0,0,0,0,0,0,0,0,0,0,0,-30000
066837,樺漢群益01購02  ,0,0,0,0,0,0,0,0,0,-31000,0,0,0,24000,55000,-31000,-31000
067529,力山群益01購02  ,0,0,0,0,0,0,0,0,0,-31000,0,0,0,0,31000,-31000,-31000
058209,臺股指凱基01購01,0,0,0,0,0,0,0,0,0,-31000,0,0,0,762000,793000,-31000,-31000
056646,奇鋐凱基99購02  ,0,0,0,0,0,0,0,0,0,-31000,0,0,0,0,31000,-31000,-31000
058796,可成元大99購04  ,0,0,0,0,0,0,0,0,0,-31000,0,0,0,120000,151000,-31000,-31000
057549,台光電凱基98購05,0,0,0,0,0,0,0,0,0,-31000,0,0,0,0,31000,-31000,-31000
057542,上銀凱基99購01  ,0,0,0,0,0,0,0,0,0,-31000,0,0,0,20000,51000,-31000,-31000
063260,信邦富邦9B購01  ,0,0,0,0,0,0,0,0,0,-31000,0,0,0,279000,310000,-31000,-31000
062573,大毅群益9B購03  ,0,0,0,0,0,0,0,0,0,-31000,0,0,0,20000,51000,-31000,-31000
060908,金像電元大9A購03,0,0,0,0,0,0,0,0,0,-31000,0,0,0,8000,39000,-31000,-31000
064070,祥碩永豐9C購01  ,0,0,0,0,0,0,0,0,0,-31000,0,0,0,41000,72000,-31000,-31000
064077,台積電中信06購03,0,0,0,0,0,0,0,0,0,-31000,0,0,0,10000,41000,-31000,-31000
065760,和碩元大9C購02  ,0,0,0,0,0,0,0,0,0,-31000,0,0,0,67000,98000,-31000,-31000
065662,台勝科永豐9C購01,0,0,0,0,0,0,0,0,0,-31000,0,0,0,0,31000,-31000,-31000
065615,南電元大01購03  ,0,0,0,0,0,0,0,0,0,-31000,0,0,0,21000,52000,-31000,-31000
066006,大立光統一01購07,0,0,0,0,0,0,0,0,0,-31000,0,0,0,32000,63000,-31000,-31000
065864,光寶科群益9C購01,0,0,0,0,0,0,0,0,0,-31000,0,0,0,0,31000,-31000,-31000
064471,國巨麥證9C購02  ,0,0,0,52000,81000,-29000,0,0,0,-31000,0,0,0,52000,83000,-31000,-31000
064779,義隆群益9C購03  ,0,0,0,0,0,0,0,0,0,-31000,0,0,0,68000,99000,-31000,-31000
064978,群創元大9C購07  ,0,0,0,0,0,0,0,0,0,-31000,0,0,0,203000,234000,-31000,-31000
065159,臻鼎群益9C購02  ,0,0,0,0,0,0,0,0,0,-31000,0,0,0,52000,83000,-31000,-31000
065327,台表科凱基9C購02,0,0,0,0,0,0,0,0,0,-31000,0,0,0,62000,93000,-31000,-31000
6477,安集            ,113000,144000,-31000,0,0,0,0,0,0,0,0,0,0,0,0,0,-31000
066941,滬深2X元大03購01,0,0,0,0,0,0,0,0,0,-32000,0,0,0,7000,39000,-32000,-32000
066936,新日興國票02購01,0,0,0,0,0,0,0,0,0,-32000,0,0,0,16000,48000,-32000,-32000
058067,台積電第一9C購01,0,0,0,0,0,0,0,0,0,-32000,0,0,0,10000,42000,-32000,-32000
058268,泰碩永豐9A購01  ,0,0,0,0,0,0,0,0,0,-32000,0,0,0,18000,50000,-32000,-32000
058669,上銀群益99購01  ,0,0,0,0,0,0,0,0,0,-32000,0,0,0,2000,34000,-32000,-32000
057152,緯穎國票99購03  ,0,0,0,0,0,0,0,0,0,-32000,0,0,0,0,32000,-32000,-32000
064406,健策凱基03購01  ,0,0,0,0,0,0,0,0,0,-32000,0,0,0,41000,73000,-32000,-32000
063838,上銀元大9C購01  ,0,0,0,0,0,0,0,0,0,-32000,0,0,0,68000,100000,-32000,-32000
064355,南六元大01購01  ,0,0,0,0,0,0,0,0,0,-32000,0,0,0,68000,100000,-32000,-32000
062234,廣達凱基9B購01  ,0,0,0,0,0,0,0,0,0,-32000,0,0,0,0,32000,-32000,-32000
062151,世紀鋼國票01購01,0,0,0,0,0,0,0,0,0,-32000,0,0,0,0,32000,-32000,-32000
064892,台達電群益9C購02,0,0,0,0,0,0,0,0,0,-32000,0,0,0,47000,79000,-32000,-32000
063738,奇鋐元大9B購03  ,0,0,0,0,0,0,0,0,0,-32000,0,0,0,76000,108000,-32000,-32000
064538,鈺齊國票01購01  ,0,0,0,0,0,0,0,0,0,-32000,0,0,0,3000,35000,-32000,-32000
065983,亞德客國泰03購01,0,0,0,0,0,0,0,0,0,-32000,0,0,0,47000,79000,-32000,-32000
065573,新日興群益01購02,0,0,0,0,0,0,0,0,0,-32000,0,0,0,71000,103000,-32000,-32000
066393,華碩凱基01購01  ,0,0,0,0,0,0,0,0,0,-32000,0,0,0,0,32000,-32000,-32000
066162,泰豐凱基01購01  ,0,0,0,0,0,0,0,0,0,-32000,0,0,0,21000,53000,-32000,-32000
066109,南電國票02購01  ,0,0,0,0,0,0,0,0,0,-32000,0,0,0,39000,71000,-32000,-32000
2850,新產            ,5000,38000,-33000,0,0,0,0,0,0,1000,1000,0,1000,0,0,0,-32000
4190,佐登-KY         ,20000,48000,-28000,0,0,0,0,0,0,-4000,1000,5000,-4000,0,0,0,-32000
8404,百和興業-KY     ,18000,50094,-32094,0,0,0,0,0,0,0,0,0,0,0,0,0,-32094
1709,和益            ,43000,76000,-33000,0,0,0,0,0,0,0,0,0,0,0,0,0,-33000
2495,普安            ,0,33000,-33000,0,0,0,0,0,0,0,0,0,0,0,0,0,-33000
055570,華通統一98購03  ,0,0,0,0,0,0,0,0,0,-33000,0,0,0,0,33000,-33000,-33000
057377,康控元大99購02  ,0,0,0,0,0,0,0,0,0,-33000,0,0,0,22000,55000,-33000,-33000
03433B,臺股指元大9C熊01,0,0,0,0,0,0,0,0,0,-33000,0,0,0,19000,52000,-33000,-33000
054977,SP黃豆元富9B購01,0,0,0,0,0,0,0,0,0,-33000,0,0,0,0,33000,-33000,-33000
059580,大立光元富99購07,0,0,0,0,0,0,0,0,0,-33000,0,0,0,4000,37000,-33000,-33000
057525,光磊元大99購01  ,0,0,0,0,0,0,0,0,0,-33000,0,0,0,2000,35000,-33000,-33000
057690,美律凱基99購03  ,0,0,0,0,0,0,0,0,0,-33000,0,0,0,7000,40000,-33000,-33000
058544,FBVIX富邦9B購01 ,0,0,0,0,0,0,0,0,0,-33000,0,0,0,17000,50000,-33000,-33000
063317,大立光群益9B購06,0,0,0,0,0,0,0,0,0,-33000,0,0,0,10000,43000,-33000,-33000
062238,臻鼎凱基9C購01  ,0,0,0,0,0,0,0,0,0,-33000,0,0,0,20000,53000,-33000,-33000
062539,可成國泰01購01  ,0,0,0,0,0,0,0,0,0,-33000,0,0,0,25000,58000,-33000,-33000
062706,大立光元大9B購06,0,0,0,0,0,0,0,0,0,-33000,0,0,0,0,33000,-33000,-33000
064371,矽格統一9C購02  ,0,0,0,0,0,0,0,0,0,-33000,0,0,0,10000,43000,-33000,-33000
066097,英業達中信02購01,0,0,0,0,0,0,0,0,0,-33000,0,0,0,0,33000,-33000,-33000
065716,道瓊反中信03購01,0,0,0,0,0,0,0,0,0,-33000,0,0,0,0,33000,-33000,-33000
066002,健策國票02購01  ,0,0,0,0,0,0,0,0,0,-33000,0,0,0,5000,38000,-33000,-33000
063705,臻鼎群益9B購03  ,0,0,0,0,0,0,0,0,0,-33000,0,0,0,10000,43000,-33000,-33000
064999,T50反1國票9C購03,0,0,0,0,0,0,0,0,0,-33000,0,0,0,125000,158000,-33000,-33000
065412,金像電永豐9C購01,0,0,0,0,0,0,0,0,0,-33000,0,0,0,43000,76000,-33000,-33000
065201,世芯元富9C購02  ,0,0,0,0,0,0,0,0,0,-33000,0,0,0,26000,59000,-33000,-33000
5519,隆大            ,37000,70000,-33000,0,0,0,0,0,0,0,0,0,0,0,0,0,-33000
2342,茂矽            ,388000,422000,-34000,0,0,0,0,0,0,0,0,0,0,0,0,0,-34000
1608,華榮            ,2000,36000,-34000,0,0,0,0,0,0,0,0,0,0,0,0,0,-34000
08173P,金像電凱基9B售02,0,0,0,0,0,0,0,0,0,-34000,0,0,0,180000,214000,-34000,-34000
08652P,鴻海群益9C售09  ,0,0,0,0,0,0,0,0,0,-34000,0,0,0,30000,64000,-34000,-34000
067042,旺宏凱基01購02  ,0,0,0,0,0,0,0,0,0,-34000,0,0,0,56000,90000,-34000,-34000
067027,日月光兆豐03購01,0,0,0,0,0,0,0,0,0,-34000,0,0,0,11000,45000,-34000,-34000
067500,台表科元大01購03,0,0,0,0,0,0,0,0,0,-34000,0,0,0,128000,162000,-34000,-34000
067417,力山凱基02購01  ,0,0,0,0,0,0,0,0,0,-34000,0,0,0,0,34000,-34000,-34000
057774,台光電群益99購02,0,0,0,0,0,0,0,0,0,-34000,0,0,0,0,34000,-34000,-34000
057580,玉山金中信9A購01,0,0,0,0,0,0,0,0,0,-34000,0,0,0,8000,42000,-34000,-34000
063017,台光電元大9B購07,0,0,0,0,0,0,0,0,0,-34000,0,0,0,14000,48000,-34000,-34000
056320,京鼎群益99購01  ,0,0,0,0,0,0,0,0,0,-34000,0,0,0,101000,135000,-34000,-34000
054778,世紀鋼國票99購01,0,0,0,0,0,0,0,0,0,-34000,0,0,0,25000,59000,-34000,-34000
059295,大立光元富99購05,0,0,0,0,0,0,0,0,0,-34000,0,0,0,19000,53000,-34000,-34000
057221,華通國票98購03  ,0,0,0,0,0,0,0,0,0,-34000,0,0,0,0,34000,-34000,-34000
055205,京鼎中信99購01  ,0,0,0,0,0,0,0,0,0,-34000,0,0,0,204000,238000,-34000,-34000
064353,力成元大9C購02  ,0,0,0,0,0,0,0,0,0,-34000,0,0,0,25000,59000,-34000,-34000
064262,玉晶光永豐9C購03,0,0,0,0,0,0,0,0,0,-34000,0,0,0,37000,71000,-34000,-34000
062968,仁寶元富9B購01  ,0,0,0,0,0,0,0,0,0,-34000,0,0,0,58000,92000,-34000,-34000
062159,聯詠凱基9B購01  ,0,0,0,0,0,0,0,0,0,-34000,0,0,0,0,34000,-34000,-34000
065320,技嘉凱基9C購02  ,0,0,0,0,0,0,0,0,0,-34000,0,0,0,73000,107000,-34000,-34000
065259,燿華元大9C購05  ,0,0,0,0,0,0,0,0,0,-34000,0,0,0,2000,36000,-34000,-34000
065061,聯發科群益9C購08,0,0,0,0,0,0,0,0,0,-34000,0,0,0,2000,36000,-34000,-34000
064536,富邦金國票01購01,0,0,0,0,0,0,0,0,0,-34000,0,0,0,24000,58000,-34000,-34000
065757,新日興元大9C購06,0,0,0,0,0,0,0,0,0,-34000,0,0,0,145000,179000,-34000,-34000
065529,聯發科中信01購04,0,0,0,0,0,0,0,0,0,-34000,0,0,0,1059000,1093000,-34000,-34000
066541,南電兆豐01購02  ,0,0,0,0,0,0,0,0,0,-34000,0,0,0,13000,47000,-34000,-34000
2353,宏碁            ,27552000,25768935,1783065,0,0,0,34000,0,34000,-1852000,435000,840000,-405000,709000,2156000,-1447000,-34935
08783P,台積電元大01售18,0,0,0,0,0,0,0,0,0,-35000,0,0,0,0,35000,-35000,-35000
1338,廣華-KY         ,13000,48000,-35000,0,0,0,0,0,0,0,0,0,0,0,0,0,-35000
08316P,祥碩元大9C售04  ,0,0,0,0,0,0,0,0,0,-35000,0,0,0,446000,481000,-35000,-35000
067381,康控統一03購01  ,0,0,0,0,0,0,0,0,0,-35000,0,0,0,0,35000,-35000,-35000
067516,美利達統一03購04,0,0,0,0,0,0,0,0,0,-35000,0,0,0,0,35000,-35000,-35000
07068P,欣興台新99售01  ,0,0,0,0,0,0,0,0,0,-35000,0,0,0,200000,235000,-35000,-35000
067155,健策統一02購01  ,0,0,0,0,0,0,0,0,0,-35000,0,0,0,0,35000,-35000,-35000
067255,日月光國票02購01,0,0,0,0,0,0,0,0,0,-35000,0,0,0,0,35000,-35000,-35000
067283,南亞科國票02購01,0,0,0,0,0,0,0,0,0,-35000,0,0,0,0,35000,-35000,-35000
066920,華擎麥證01購01  ,0,0,0,0,35000,-35000,0,0,0,-35000,0,0,0,0,35000,-35000,-35000
042792,T50反1台新9C購01,0,0,0,0,0,0,0,0,0,-35000,0,0,0,0,35000,-35000,-35000
063406,麗豐國票9C購01  ,0,0,0,0,0,0,0,0,0,-35000,0,0,0,0,35000,-35000,-35000
063226,康控群益9B購03  ,0,0,0,0,0,0,0,0,0,-35000,0,0,0,6000,41000,-35000,-35000
057767,緯穎凱基98購06  ,0,0,0,0,0,0,0,0,0,-35000,0,0,0,5000,40000,-35000,-35000
059569,旺宏凱基99購09  ,0,0,0,0,0,0,0,0,0,-35000,0,0,0,0,35000,-35000,-35000
059932,世紀鋼富邦9A購02,0,0,0,0,0,0,0,0,0,-35000,0,0,0,15000,50000,-35000,-35000
058665,台灣50群益9B購02,0,0,0,0,0,0,0,0,0,-35000,0,0,0,0,35000,-35000,-35000
063526,台光電凱基9B購04,0,0,0,0,0,0,0,0,0,-35000,0,0,0,0,35000,-35000,-35000
062432,上銀元大9B購04  ,0,0,0,0,0,0,0,0,0,-35000,0,0,0,50000,85000,-35000,-35000
063277,大成鋼元大9B購03,0,0,0,0,0,0,0,0,0,-35000,0,0,0,0,35000,-35000,-35000
061206,旺宏元大9A購12  ,0,0,0,0,0,0,0,0,0,-35000,0,0,0,100000,135000,-35000,-35000
064110,國巨國票01購01  ,0,0,0,0,0,0,0,0,0,-35000,0,0,0,11000,46000,-35000,-35000
064364,高鐵統一9C購02  ,0,0,0,0,0,0,0,0,0,-35000,0,0,0,0,35000,-35000,-35000
061563,群創國票9B購02  ,0,0,0,0,0,0,0,0,0,-35000,0,0,0,0,35000,-35000,-35000
060654,大毅群益9B購01  ,0,0,0,0,0,0,0,0,0,-35000,0,0,0,0,35000,-35000,-35000
066286,瑞祺元大01購01  ,0,0,0,0,0,0,0,0,0,-35000,0,0,0,3000,38000,-35000,-35000
065463,大立光中信01購02,0,0,0,0,0,0,0,0,0,-35000,0,0,0,0,35000,-35000,-35000
065948,燿華統一01購02  ,0,0,0,0,0,0,0,0,0,-35000,0,0,0,0,35000,-35000,-35000
065829,嘉晶凱基9C購05  ,0,0,0,0,0,0,0,0,0,-35000,0,0,0,0,35000,-35000,-35000
064713,和大統一02購01  ,0,0,0,0,0,0,0,0,0,-35000,0,0,0,10000,45000,-35000,-35000
064741,南亞科國票01購01,0,0,0,0,0,0,0,0,0,-35000,0,0,0,0,35000,-35000,-35000
063737,大立光元大9C購07,0,0,0,0,0,0,0,0,0,-35000,0,0,0,10000,45000,-35000,-35000
065000,和大國票02購01  ,0,0,0,0,0,0,0,0,0,-35000,0,0,0,0,35000,-35000,-35000
064924,健策統一9C購05  ,0,0,0,0,0,0,0,0,0,-35000,0,0,0,20000,55000,-35000,-35000
064789,和大國票01購01  ,0,0,0,0,0,0,0,0,0,-35000,0,0,0,0,35000,-35000,-35000
064785,康友群益9C購01  ,0,0,0,0,0,0,0,0,0,-35000,0,0,0,35000,70000,-35000,-35000
3557,嘉威            ,212000,249000,-37000,0,0,0,0,0,0,2000,2000,0,2000,0,0,0,-35000
2514,龍邦            ,1000,36000,-35000,0,0,0,0,0,0,0,0,0,0,0,0,0,-35000
066902,台泥凱基01購01  ,0,0,0,0,0,0,0,0,0,-36000,0,0,0,51000,87000,-36000,-36000
067313,欣興元大03購01  ,0,0,0,0,0,0,0,0,0,-36000,0,0,0,0,36000,-36000,-36000
08468P,台郡統一9C售02  ,0,0,0,0,0,0,0,0,0,-36000,0,0,0,30000,66000,-36000,-36000
08779P,旺宏群益01售04  ,0,0,0,0,0,0,0,0,0,-36000,0,0,0,0,36000,-36000,-36000
2107,厚生            ,125000,161000,-36000,0,0,0,0,0,0,0,0,0,0,0,0,0,-36000
056716,康舒永豐98購01  ,0,0,0,0,0,0,0,0,0,-36000,0,0,0,169000,205000,-36000,-36000
058259,訊連國泰9B購01  ,0,0,0,0,0,0,0,0,0,-36000,0,0,0,0,36000,-36000,-36000
062835,瑞儀群益9B購01  ,0,0,0,0,0,0,0,0,0,-36000,0,0,0,4000,40000,-36000,-36000
062280,大立光群益9C購01,0,0,0,0,0,0,0,0,0,-36000,0,0,0,0,36000,-36000,-36000
062941,大立光凱基9B購07,0,0,0,0,0,0,0,0,0,-36000,0,0,0,0,36000,-36000,-36000
063561,上銀元大9B購08  ,0,0,0,0,0,0,0,0,0,-36000,0,0,0,0,36000,-36000,-36000
062058,瑞昱統一01購01  ,0,0,0,0,0,0,0,0,0,-36000,0,0,0,0,36000,-36000,-36000
063658,瑞祺元富9B購01  ,0,0,0,0,0,0,0,0,0,-36000,0,0,0,0,36000,-36000,-36000
064509,台表科元大9C購08,0,0,0,0,0,0,0,0,0,-36000,0,0,0,303000,339000,-36000,-36000
063966,大毅國票01購01  ,0,0,0,0,0,0,0,0,0,-36000,0,0,0,20000,56000,-36000,-36000
06597P,國巨富邦9A售05  ,0,0,0,0,0,0,0,0,0,-36000,0,0,0,30000,66000,-36000,-36000
2706,第一店          ,1000,37000,-36000,0,0,0,0,0,0,0,0,0,0,0,0,0,-36000
4572,駐龍            ,36000,72000,-36000,0,0,0,0,0,0,0,0,0,0,0,0,0,-36000
4961,天鈺            ,213000,249000,-36000,0,0,0,0,0,0,0,0,0,0,0,0,0,-36000
1582,信錦            ,51000,86750,-35750,0,0,0,0,0,0,-1000,0,0,0,0,1000,-1000,-36750
2430,燦坤            ,9000,46000,-37000,0,0,0,0,0,0,0,0,0,0,0,0,0,-37000
08533P,技嘉元富06售02  ,0,0,0,0,0,0,0,0,0,-37000,0,0,0,0,37000,-37000,-37000
07230P,滬深2X群益01售02,0,0,0,0,0,0,0,0,0,-37000,0,0,0,3000,40000,-37000,-37000
057370,可成元大98購07  ,0,0,0,0,0,0,0,0,0,-37000,0,0,0,0,37000,-37000,-37000
03687C,臺股指凱基9C牛22,0,0,0,0,0,0,0,0,0,-37000,0,0,0,98000,135000,-37000,-37000
063203,華新科統一9C購04,0,0,0,0,0,0,0,0,0,-37000,0,0,0,91000,128000,-37000,-37000
063087,南六凱基9C購02  ,0,0,0,0,0,0,0,0,0,-37000,0,0,0,21000,58000,-37000,-37000
06340P,鴻海統一98售06  ,0,0,0,0,0,0,0,0,0,-37000,0,0,0,0,37000,-37000,-37000
062381,上銀國泰9C購01  ,0,0,0,0,0,0,0,0,0,-37000,0,0,0,0,37000,-37000,-37000
062837,復盛群益9B購01  ,0,0,0,0,0,0,0,0,0,-37000,0,0,0,0,37000,-37000,-37000
065998,友訊國票01購02  ,0,0,0,0,0,0,0,0,0,-37000,0,0,0,0,37000,-37000,-37000
065428,旺宏凱基03購01  ,0,0,0,0,0,0,0,0,0,-37000,0,0,0,51000,88000,-37000,-37000
065461,台光電中信9C購01,0,0,0,0,0,0,0,0,0,-37000,0,0,0,3000,40000,-37000,-37000
065612,聯茂元大9C購07  ,0,0,0,0,0,0,0,0,0,-37000,0,0,0,13000,50000,-37000,-37000
063826,中興電國票01購01,0,0,0,0,0,0,0,0,0,-37000,0,0,0,1000,38000,-37000,-37000
063628,華通元大9B購09  ,0,0,0,0,0,0,0,0,0,-37000,0,0,0,36000,73000,-37000,-37000
065269,貿聯元大9C購05  ,0,0,0,0,0,0,0,0,0,-37000,0,0,0,73000,110000,-37000,-37000
065191,南電統一01購03  ,0,0,0,0,0,0,0,0,0,-37000,0,0,0,5000,42000,-37000,-37000
9905,大華            ,15000,53000,-38000,0,0,0,0,0,0,1000,1000,0,1000,0,0,0,-37000
4141,龍燈-KY         ,15000,52000,-37000,0,0,0,0,0,0,0,0,0,0,0,0,0,-37000
07423P,大立光元大99售33,0,0,0,0,0,0,0,0,0,-38000,0,0,0,11000,49000,-38000,-38000
07708P,玉晶光元大9A售13,0,0,0,0,0,0,0,0,0,-38000,0,0,0,235000,273000,-38000,-38000
06922P,元上證群益9C售01,0,0,0,0,0,0,0,0,0,-38000,0,0,0,0,38000,-38000,-38000
066791,牧德康和01購01  ,0,0,0,0,0,0,0,0,0,-38000,0,0,0,30000,68000,-38000,-38000
08201P,祥碩元大9B售09  ,0,0,0,0,0,0,0,0,0,-38000,0,0,0,122000,160000,-38000,-38000
2459,敦吉            ,16000,54000,-38000,0,0,0,0,0,0,0,0,0,0,0,0,0,-38000
057818,泰碩元大9A購01  ,0,0,0,0,0,0,0,0,0,-38000,0,0,0,52000,90000,-38000,-38000
057633,緯穎永豐98購02  ,0,0,0,0,0,0,0,0,0,-38000,0,0,0,0,38000,-38000,-38000
058487,晶技國票9A購01  ,0,0,0,0,0,0,0,0,0,-38000,0,0,0,44000,82000,-38000,-38000
057936,健策群益99購01  ,0,0,0,0,0,0,0,0,0,-38000,0,0,0,1000,39000,-38000,-38000
059060,大立光凱基9A購03,0,0,0,0,0,0,0,0,0,-38000,0,0,0,0,38000,-38000,-38000
054742,京鼎凱基99購01  ,0,0,0,0,0,0,0,0,0,-38000,0,0,0,4000,42000,-38000,-38000
056746,超眾凱基99購01  ,0,0,0,0,0,0,0,0,0,-38000,0,0,0,0,38000,-38000,-38000
060943,宏達電國票9B購02,0,0,0,0,0,0,0,0,0,-38000,0,0,0,2000,40000,-38000,-38000
061348,聯鈞元大9A購05  ,0,0,0,0,0,0,0,0,0,-38000,0,0,0,117000,155000,-38000,-38000
062332,大立光統一9B購11,0,0,0,0,0,0,0,0,0,-38000,0,0,0,20000,58000,-38000,-38000
065109,台勝科國票01購01,0,0,0,0,0,0,0,0,0,-38000,0,0,0,0,38000,-38000,-38000
064748,力成國票01購01  ,0,0,0,0,0,0,0,0,0,-38000,0,0,0,0,38000,-38000,-38000
065049,世芯凱基02購01  ,0,0,0,0,0,0,0,0,0,-38000,0,0,0,386000,424000,-38000,-38000
063993,華通群益01購01  ,0,0,0,0,0,0,0,0,0,-38000,0,0,0,8000,46000,-38000,-38000
065460,嘉聯益台新9C購01,0,0,0,0,0,0,0,0,0,-38000,0,0,0,0,38000,-38000,-38000
065883,康友台新9C購01  ,0,0,0,0,0,0,0,0,0,-38000,0,0,0,0,38000,-38000,-38000
066493,美利達元富01購01,0,0,0,0,0,0,0,0,0,-38000,0,0,0,0,38000,-38000,-38000
066420,宏達電元大02購01,0,0,0,0,0,0,0,0,0,-38000,0,0,0,399000,437000,-38000,-38000
2443,億麗            ,0,39000,-39000,0,0,0,0,0,0,0,0,0,0,0,0,0,-39000
2405,浩鑫            ,35000,74000,-39000,0,0,0,0,0,0,0,0,0,0,0,0,0,-39000
1460,宏遠            ,136000,172000,-36000,0,0,0,0,0,0,-3000,0,3000,-3000,0,0,0,-39000
08155P,聯發科元富9B售05,0,0,0,0,0,0,0,0,0,-39000,0,0,0,0,39000,-39000,-39000
066933,可成國票02購01  ,0,0,0,0,0,0,0,0,0,-39000,0,0,0,0,39000,-39000,-39000
067434,日月光凱基01購01,0,0,0,0,0,0,0,0,0,-39000,0,0,0,0,39000,-39000,-39000
07491P,臺股指國票9A售09,0,0,0,0,0,0,0,0,0,-39000,0,0,0,2000,41000,-39000,-39000
07069P,欣興元富99售02  ,0,0,0,0,0,0,0,0,0,-39000,0,0,0,69000,108000,-39000,-39000
058205,神達凱基9B購01  ,0,0,0,0,0,0,0,0,0,-39000,0,0,0,16000,55000,-39000,-39000
059202,禾聯碩永豐99購01,0,0,0,0,0,0,0,0,0,-39000,0,0,0,100000,139000,-39000,-39000
057428,正崴兆豐98購01  ,0,0,0,0,0,0,0,0,0,-39000,0,0,0,3000,42000,-39000,-39000
056963,建準永豐98購01  ,0,0,0,0,0,0,0,0,0,-39000,0,0,0,14000,53000,-39000,-39000
055030,帆宣國泰99購02  ,0,0,0,0,0,0,0,0,0,-39000,0,0,0,10000,49000,-39000,-39000
062604,東元凱基9B購01  ,0,0,0,0,0,0,0,0,0,-39000,0,0,0,9000,48000,-39000,-39000
062372,旭富元大9B購01  ,0,0,0,0,0,0,0,0,0,-39000,0,0,0,0,39000,-39000,-39000
063421,可成凱基9C購02  ,0,0,0,0,0,0,0,0,0,-39000,0,0,0,0,39000,-39000,-39000
063552,晶技國票9B購03  ,0,0,0,0,0,0,0,0,0,-39000,0,0,0,52000,91000,-39000,-39000
062177,上銀元大9B購02  ,0,0,0,0,0,0,0,0,0,-39000,0,0,0,24000,63000,-39000,-39000
066540,景碩兆豐01購02  ,0,0,0,0,0,0,0,0,0,-39000,0,0,0,85000,124000,-39000,-39000
066214,惠特統一03購02  ,0,0,0,0,0,0,0,0,0,-39000,0,0,0,0,39000,-39000,-39000
065790,創意永豐9C購02  ,0,0,0,0,0,0,0,0,0,-39000,0,0,0,9000,48000,-39000,-39000
063999,日月光兆豐9C購01,0,0,0,0,0,0,0,0,0,-39000,0,0,0,51000,90000,-39000,-39000
3031,佰鴻            ,45000,84000,-39000,0,0,0,0,0,0,0,0,0,0,0,0,0,-39000
07300P,臺股指元大9A售33,0,0,0,0,0,0,0,0,0,-40000,0,0,0,0,40000,-40000,-40000
07714P,世紀鋼元大9A售03,0,0,0,0,0,0,0,0,0,-40000,0,0,0,0,40000,-40000,-40000
067515,美利達統一03購03,0,0,0,0,0,0,0,0,0,-40000,0,0,0,0,40000,-40000,-40000
067546,世紀鋼群益01購05,0,0,0,0,0,0,0,0,0,-40000,0,0,0,0,40000,-40000,-40000
067457,FBVIX國泰03購01 ,0,0,0,0,0,0,0,0,0,-40000,0,0,0,0,40000,-40000,-40000
06880P,鈺齊凱基98售03  ,0,0,0,0,0,0,0,0,0,-40000,0,0,0,10000,50000,-40000,-40000
066955,新日興元大01購01,0,0,0,0,0,0,0,0,0,-40000,0,0,0,260000,300000,-40000,-40000
066777,群創富邦01購01  ,0,0,0,0,0,0,0,0,0,-40000,0,0,0,0,40000,-40000,-40000
067232,友訊群益01購05  ,0,0,0,0,0,0,0,0,0,-40000,0,0,0,0,40000,-40000,-40000
067183,友訊凱基02購01  ,0,0,0,0,0,0,0,0,0,-40000,0,0,0,0,40000,-40000,-40000
067016,康控富邦04購01  ,0,0,0,0,0,0,0,0,0,-40000,0,0,0,0,40000,-40000,-40000
07955P,大成鋼群益9B售02,0,0,0,0,0,0,0,0,0,-40000,0,0,0,0,40000,-40000,-40000
08872P,臺股指群益01售05,0,0,0,0,0,0,0,0,0,-40000,0,0,0,0,40000,-40000,-40000
08918P,臺股指凱基01售09,0,0,0,0,0,0,0,0,0,-40000,0,0,0,0,40000,-40000,-40000
08746P,鴻海元富07售06  ,0,0,0,0,0,0,0,0,0,-40000,0,0,0,0,40000,-40000,-40000
053789,彩晶元大9C購02  ,0,0,0,0,0,0,0,0,0,-40000,0,0,0,0,40000,-40000,-40000
052152,創意富邦98購01  ,0,0,0,0,0,0,0,0,0,-40000,0,0,0,0,40000,-40000,-40000
059294,宏達電元富9B購02,0,0,0,0,0,0,0,0,0,-40000,0,0,0,20000,60000,-40000,-40000
059443,嘉聯益元大9B購01,0,0,0,0,0,0,0,0,0,-40000,0,0,0,0,40000,-40000,-40000
056650,彩晶凱基9A購01  ,0,0,0,0,0,0,0,0,0,-40000,0,0,0,0,40000,-40000,-40000
057298,旭富永豐98購01  ,0,0,0,0,0,0,0,0,0,-40000,0,0,0,0,40000,-40000,-40000
058295,欣興凱基99購02  ,0,0,0,0,0,0,0,0,0,-40000,0,0,0,10000,50000,-40000,-40000
058681,大立光康和9B購01,0,0,0,0,0,0,0,0,0,-40000,0,0,0,0,40000,-40000,-40000
058372,欣興凱基99購03  ,0,0,0,0,0,0,0,0,0,-40000,0,0,0,0,40000,-40000,-40000
059826,欣興凱基99購06  ,0,0,0,0,0,0,0,0,0,-40000,0,0,0,0,40000,-40000,-40000
057547,技嘉凱基99購01  ,0,0,0,0,0,0,0,0,0,-40000,0,0,0,19000,59000,-40000,-40000
057716,神達統一98購01  ,0,0,0,0,0,0,0,0,0,-40000,0,0,0,0,40000,-40000,-40000
063021,大立光元大9C購05,0,0,0,0,0,0,0,0,0,-40000,0,0,0,10000,50000,-40000,-40000
062089,矽創元大9B購02  ,0,0,0,0,0,0,0,0,0,-40000,0,0,0,12000,52000,-40000,-40000
062124,大立光統一9B購09,0,0,0,0,0,0,0,0,0,-40000,0,0,0,0,40000,-40000,-40000
061648,緯穎元大9A購04  ,0,0,0,0,0,0,0,0,0,-40000,0,0,0,0,40000,-40000,-40000
062416,和大統一01購02  ,0,0,0,0,0,0,0,0,0,-40000,0,0,0,0,40000,-40000,-40000
062394,大立光富邦02購01,0,0,0,0,0,0,0,0,0,-40000,0,0,0,0,40000,-40000,-40000
061817,高鐵群益9B購01  ,0,0,0,0,0,0,0,0,0,-40000,0,0,0,20000,60000,-40000,-40000
062454,華通群益9C購03  ,0,0,0,0,0,0,0,0,0,-40000,0,0,0,0,40000,-40000,-40000
062361,智邦元大9B購06  ,0,0,0,0,0,0,0,0,0,-40000,0,0,0,43000,83000,-40000,-40000
062719,微星凱基9B購01  ,0,0,0,0,0,0,0,0,0,-40000,0,0,0,10000,50000,-40000,-40000
062762,聯詠凱基9B購02  ,0,0,0,0,0,0,0,0,0,-40000,0,0,0,0,40000,-40000,-40000
061790,中租群益9B購01  ,0,0,0,0,0,0,0,0,0,-40000,0,0,0,10000,50000,-40000,-40000
060998,華通兆豐9A購01  ,0,0,0,0,0,0,0,0,0,-40000,0,0,0,0,40000,-40000,-40000
060967,鈺齊凱基9A購02  ,0,0,0,0,0,0,0,0,0,-40000,0,0,0,40000,80000,-40000,-40000
060283,台肥元大9C購01  ,0,0,0,0,0,0,0,0,0,-40000,0,0,0,42000,82000,-40000,-40000
061416,聯茂群益9A購01  ,0,0,0,0,0,0,0,0,0,-40000,0,0,0,4000,44000,-40000,-40000
061457,TPK凱基9A購01   ,0,0,0,0,0,0,0,0,0,-40000,0,0,0,67000,107000,-40000,-40000
064062,創意國泰01購01  ,0,0,0,0,0,0,0,0,0,-40000,0,0,0,10000,50000,-40000,-40000
064063,健策國泰01購02  ,0,0,0,0,0,0,0,0,0,-40000,0,0,0,89000,129000,-40000,-40000
064208,智邦凱基02購01  ,0,0,0,0,0,0,0,0,0,-40000,0,0,0,81000,121000,-40000,-40000
064722,大立光統一02購03,0,0,0,0,0,0,0,0,0,-40000,0,0,0,0,40000,-40000,-40000
065451,台表科統一02購04,0,0,0,0,0,0,0,0,0,-40000,0,0,0,792000,832000,-40000,-40000
065512,友訊群益01購01  ,0,0,0,0,0,0,0,0,0,-40000,0,0,0,71000,111000,-40000,-40000
066194,美利達凱基01購01,0,0,0,0,0,0,0,0,0,-40000,0,0,0,10000,50000,-40000,-40000
066127,劍麟群益03購01  ,0,0,0,0,0,0,0,0,0,-40000,0,0,0,0,40000,-40000,-40000
066332,慧洋永豐01購01  ,0,0,0,0,0,0,0,0,0,-40000,0,0,0,0,40000,-40000,-40000
066488,聯詠元富07購01  ,0,0,0,0,0,0,0,0,0,-40000,0,0,0,0,40000,-40000,-40000
066465,同欣電統一01購05,0,0,0,0,0,0,0,0,0,-40000,0,0,0,0,40000,-40000,-40000
8110,華東            ,114000,154000,-40000,0,0,0,0,0,0,0,8000,8000,0,0,0,0,-40000
9930,中聯資源        ,34000,59000,-25000,0,0,0,0,0,0,-15000,0,15000,-15000,0,0,0,-40000
2375,凱美            ,217000,257000,-40000,0,0,0,0,0,0,-1000,0,0,0,0,1000,-1000,-41000
08095P,大立光元富9B售03,0,0,0,0,0,0,0,0,0,-41000,0,0,0,107000,148000,-41000,-41000
08158P,嘉澤元富9B售03  ,0,0,0,0,0,0,0,0,0,-41000,0,0,0,52000,93000,-41000,-41000
08569P,玉晶光永豐9C售09,0,0,0,0,0,0,0,0,0,-41000,0,0,0,19000,60000,-41000,-41000
067120,矽創群益01購01  ,0,0,0,0,0,0,0,0,0,-41000,0,0,0,93000,134000,-41000,-41000
067358,華擎群益01購05  ,0,0,0,0,0,0,0,0,0,-41000,0,0,0,9000,50000,-41000,-41000
066717,上証2X元大01購01,0,0,0,0,0,0,0,0,0,-41000,0,0,0,0,41000,-41000,-41000
07034P,大立光元富99售03,0,0,0,0,0,0,0,0,0,-41000,0,0,0,0,41000,-41000,-41000
063376,神達永豐9B購01  ,0,0,0,0,0,0,0,0,0,-41000,0,0,0,0,41000,-41000,-41000
058438,大立光統一9B購01,0,0,0,0,0,0,0,0,0,-41000,0,0,0,9000,50000,-41000,-41000
058290,南電國票9A購01  ,0,0,0,0,0,0,0,0,0,-41000,0,0,0,19000,60000,-41000,-41000
059643,日月光凱基99購02,0,0,0,0,0,0,0,0,0,-41000,0,0,0,13000,54000,-41000,-41000
059351,台虹凱基99購01  ,0,0,0,0,0,0,0,0,0,-41000,0,0,0,73000,114000,-41000,-41000
064251,緯創元富9C購01  ,0,0,0,0,0,0,0,0,0,-41000,0,0,0,17000,58000,-41000,-41000
060197,臻鼎元富9A購02  ,0,0,0,0,0,0,0,0,0,-41000,0,0,0,0,41000,-41000,-41000
061286,大立光統一9A購05,0,0,0,0,0,0,0,0,0,-41000,0,0,0,17000,58000,-41000,-41000
061922,瑞昱凱基9B購01  ,0,0,0,0,0,0,0,0,0,-41000,0,0,0,0,41000,-41000,-41000
062818,大立光兆豐9C購01,0,0,0,0,0,0,0,0,0,-41000,0,0,0,0,41000,-41000,-41000
062925,建準國票9B購01  ,0,0,0,0,0,0,0,0,0,-41000,0,0,0,0,41000,-41000,-41000
066438,南紡群益01購01  ,0,0,0,0,0,0,0,0,0,-41000,0,0,0,0,41000,-41000,-41000
066305,華夏永豐01購01  ,0,0,0,0,0,0,0,0,0,-41000,0,0,0,29000,70000,-41000,-41000
065644,義隆元大9C購08  ,0,0,0,0,0,0,0,0,0,-41000,0,0,0,1000,42000,-41000,-41000
065844,南亞科元大9C購09,0,0,0,0,0,0,0,0,0,-41000,0,0,0,11000,52000,-41000,-41000
065108,建準國票01購01  ,0,0,0,0,0,0,0,0,0,-41000,0,0,0,0,41000,-41000,-41000
065113,南電國票01購02  ,0,0,0,0,0,0,0,0,0,-41000,0,0,0,35000,76000,-41000,-41000
065335,玉晶光台新9C購03,0,0,0,0,0,0,0,0,0,-41000,0,0,0,4000,45000,-41000,-41000
066905,台積電凱基03購03,0,0,0,0,0,0,0,0,0,-42000,0,0,0,244000,286000,-42000,-42000
08566P,禾伸堂群益9C售01,0,0,0,0,0,0,0,0,0,-42000,0,0,0,117000,159000,-42000,-42000
07977P,華新科群益01售01,0,0,0,0,0,0,0,0,0,-42000,0,0,0,20000,62000,-42000,-42000
07875P,祥碩群益9B售01  ,0,0,0,0,0,0,0,0,0,-42000,0,0,0,0,42000,-42000,-42000
2413,環科            ,16000,59000,-43000,0,0,0,0,0,0,1000,1000,0,1000,0,0,0,-42000
08734P,創意康和01售02  ,0,0,0,0,0,0,0,0,0,-42000,0,0,0,58000,100000,-42000,-42000
059037,宏達電群益99購02,0,0,0,0,0,0,0,0,0,-42000,0,0,0,11000,53000,-42000,-42000
057582,亞光中信9A購02  ,0,0,0,0,0,0,0,0,0,-42000,0,0,0,0,42000,-42000,-42000
062970,智邦元富9B購01  ,0,0,0,0,0,0,0,0,0,-42000,0,0,0,5000,47000,-42000,-42000
061847,力山國票9B購01  ,0,0,0,0,0,0,0,0,0,-42000,0,0,0,1000,43000,-42000,-42000
062071,華通元大9B購02  ,0,0,0,0,0,0,0,0,0,-42000,0,0,0,41000,83000,-42000,-42000
061975,華通元大9B購01  ,0,0,0,0,0,0,0,0,0,-42000,0,0,0,0,42000,-42000,-42000
062328,南亞科統一9C購01,0,0,0,0,0,0,0,0,0,-42000,0,0,0,43000,85000,-42000,-42000
061930,臺股指凱基9B購05,0,0,0,0,0,0,0,0,0,-42000,0,0,0,10000,52000,-42000,-42000
061945,華通群益9B購04  ,0,0,0,0,0,0,0,0,0,-42000,0,0,0,0,42000,-42000,-42000
061138,晶技統一9C購01  ,0,0,0,0,0,0,0,0,0,-42000,0,0,0,39000,81000,-42000,-42000
061074,儒鴻兆豐9B購01  ,0,0,0,0,0,0,0,0,0,-42000,0,0,0,0,42000,-42000,-42000
060208,卜蜂康和9A購01  ,0,0,0,0,0,0,0,0,0,-42000,0,0,0,0,42000,-42000,-42000
060194,旭富元富9A購01  ,0,0,0,0,0,0,0,0,0,-42000,0,0,0,0,42000,-42000,-42000
061526,宏達電凱基9A購04,0,0,0,0,0,0,0,0,0,-42000,0,0,0,2000,44000,-42000,-42000
061593,智原永豐9A購01  ,0,0,0,0,0,0,0,0,0,-42000,0,0,0,54000,96000,-42000,-42000
065985,金像電永豐01購02,0,0,0,0,0,0,0,0,0,-42000,0,0,0,80000,122000,-42000,-42000
2727,王品            ,28000,70000,-42000,0,0,0,0,0,0,0,0,0,0,0,0,0,-42000
4526,東台            ,24000,66000,-42000,0,0,0,0,0,0,0,0,0,0,0,0,0,-42000
08877P,臺股指中信04售03,0,0,0,0,0,0,0,0,0,-43000,0,0,0,0,43000,-43000,-43000
2017,官田鋼          ,21000,64000,-43000,0,0,0,0,0,0,0,0,0,0,0,0,0,-43000
07952P,富邦金元大9B售02,0,0,0,0,0,0,0,0,0,-43000,0,0,0,0,43000,-43000,-43000
08105P,景碩元大9B售01  ,0,0,0,0,0,0,0,0,0,-43000,0,0,0,89000,132000,-43000,-43000
08003P,國巨國泰9B售07  ,0,0,0,0,0,0,0,0,0,-43000,0,0,0,27000,70000,-43000,-43000
08175P,金像電統一9B售02,0,0,0,0,0,0,0,0,0,-43000,0,0,0,245000,288000,-43000,-43000
08177P,金像電元大9B售02,0,0,0,0,0,0,0,0,0,-43000,0,0,0,50000,93000,-43000,-43000
067475,微星元大01購05  ,0,0,0,0,0,0,0,0,0,-43000,0,0,0,6000,49000,-43000,-43000
057789,上銀統一9A購01  ,0,0,0,0,0,0,0,0,0,-43000,0,0,0,12000,55000,-43000,-43000
058622,國巨國票99購07  ,0,0,0,0,0,0,0,0,0,-43000,0,0,0,39000,82000,-43000,-43000
056763,國巨元大99購02  ,0,0,0,0,0,0,0,0,0,-43000,0,0,0,7000,50000,-43000,-43000
061407,鴻海國票9A購07  ,0,0,0,0,0,0,0,0,0,-43000,0,0,0,0,43000,-43000,-43000
064159,新日興統一01購02,0,0,0,0,0,0,0,0,0,-43000,0,0,0,26000,69000,-43000,-43000
064092,世紀鋼凱基9C購03,0,0,0,0,0,0,0,0,0,-43000,0,0,0,27000,70000,-43000,-43000
060290,興富發元大9C購01,0,0,0,0,0,0,0,0,0,-43000,0,0,0,1000,44000,-43000,-43000
061936,旺宏國票9B購03  ,0,0,0,0,0,0,0,0,0,-43000,0,0,0,0,43000,-43000,-43000
062248,國巨元大9B購08  ,0,0,0,0,0,0,0,0,0,-43000,0,0,0,26000,69000,-43000,-43000
061228,聯茂中信9A購01  ,0,0,0,0,0,0,0,0,0,-43000,0,0,0,7000,50000,-43000,-43000
066490,創意元富07購01  ,0,0,0,0,0,0,0,0,0,-43000,0,0,0,35000,78000,-43000,-43000
064995,世紀鋼兆豐9C購01,0,0,0,0,0,0,0,0,0,-43000,0,0,0,13000,56000,-43000,-43000
064535,國產國票01購01  ,0,0,0,0,0,0,0,0,0,-43000,0,0,0,50000,93000,-43000,-43000
2616,山隆            ,4000,47000,-43000,0,0,0,0,0,0,0,0,0,0,0,0,0,-43000
066934,宏達電國票02購01,0,0,0,0,0,0,0,0,0,-44000,0,0,0,0,44000,-44000,-44000
08222P,南六凱基9B售05  ,0,0,0,0,0,0,0,0,0,-44000,0,0,0,251000,295000,-44000,-44000
063394,金像電群益9B購01,0,0,0,0,0,0,0,0,0,-44000,0,0,0,8000,52000,-44000,-44000
058711,鴻海統一9A購02  ,0,0,0,0,0,0,0,0,0,-44000,0,0,0,0,44000,-44000,-44000
061958,鴻海統一01購01  ,0,0,0,0,0,0,0,0,0,-44000,0,0,0,64000,108000,-44000,-44000
061971,力山元大9C購02  ,0,0,0,0,0,0,0,0,0,-44000,0,0,0,0,44000,-44000,-44000
061005,可成兆豐9A購01  ,0,0,0,0,0,0,0,0,0,-44000,0,0,0,56000,100000,-44000,-44000
063872,嘉聯益永豐9C購01,0,0,0,0,0,0,0,0,0,-44000,0,0,0,0,44000,-44000,-44000
061620,禾伸堂群益9A購02,0,0,0,0,0,0,0,0,0,-44000,0,0,0,0,44000,-44000,-44000
066086,東元永豐01購01  ,0,0,0,0,0,0,0,0,0,-44000,0,0,0,24000,68000,-44000,-44000
065866,鴻海群益9C購07  ,0,0,0,0,0,0,0,0,0,-44000,0,0,0,19000,63000,-44000,-44000
065746,光寶科元大9C購01,0,0,0,0,0,0,0,0,0,-44000,0,0,0,75000,119000,-44000,-44000
065730,新日興凱基9C購01,0,0,0,0,0,0,0,0,0,-44000,0,0,0,25000,69000,-44000,-44000
065500,健鼎富邦01購01  ,0,0,0,0,0,0,0,0,0,-44000,0,0,0,0,44000,-44000,-44000
9942,茂順            ,0,44000,-44000,0,0,0,0,0,0,0,0,0,0,0,0,0,-44000
8033,雷虎            ,1000,45000,-44000,0,0,0,0,0,0,0,0,0,0,0,0,0,-44000
6136,富爾特          ,0,44000,-44000,0,0,0,0,0,0,0,0,0,0,0,0,0,-44000
08630P,臺股指麥證9C售05,0,0,0,30000,75000,-45000,0,0,0,-45000,0,0,0,30000,75000,-45000,-45000
08347P,大立光元大9C售16,0,0,0,0,0,0,0,0,0,-45000,0,0,0,5000,50000,-45000,-45000
1340,勝悅-KY         ,19000,64000,-45000,0,0,0,0,0,0,0,0,0,0,0,0,0,-45000
1435,中福            ,14000,59000,-45000,0,0,0,0,0,0,0,0,0,0,0,0,0,-45000
067501,聚陽統一01購03  ,0,0,0,0,0,0,0,0,0,-45000,0,0,0,0,45000,-45000,-45000
06954P,大立光元富99售01,0,0,0,0,0,0,0,0,0,-45000,0,0,0,0,45000,-45000,-45000
058837,SGBR2X中信9C購01,0,0,0,0,0,0,0,0,0,-45000,0,0,0,0,45000,-45000,-45000
059080,亞泥元大99購01  ,0,0,0,0,0,0,0,0,0,-45000,0,0,0,0,45000,-45000,-45000
063402,GIS群益9B購02   ,0,0,0,0,0,0,0,0,0,-45000,0,0,0,120000,165000,-45000,-45000
062369,創意元大9B購01  ,0,0,0,0,0,0,0,0,0,-45000,0,0,0,6000,51000,-45000,-45000
063009,國巨元大9B購18  ,0,0,0,0,0,0,0,0,0,-45000,0,0,0,5000,50000,-45000,-45000
057278,可成元大98購06  ,0,0,0,0,0,0,0,0,0,-45000,0,0,0,1000,46000,-45000,-45000
055102,上銀凱基98購01  ,0,0,0,0,0,0,0,0,0,-45000,0,0,0,5000,50000,-45000,-45000
056767,大毅元大99購01  ,0,0,0,0,0,0,0,0,0,-45000,0,0,0,266000,311000,-45000,-45000
057096,緯穎元富98購01  ,0,0,0,0,0,0,0,0,0,-45000,0,0,0,0,45000,-45000,-45000
056109,彩晶永豐98購01  ,0,0,0,0,0,0,0,0,0,-45000,0,0,0,0,45000,-45000,-45000
048270,T50反1富邦99購01,0,0,0,0,0,0,0,0,0,-45000,0,0,0,5000,50000,-45000,-45000
056375,玉晶光統一01購01,0,0,0,0,0,0,0,0,0,-45000,0,0,0,37000,82000,-45000,-45000
056451,可成凱基99購01  ,0,0,0,0,0,0,0,0,0,-45000,0,0,0,4000,49000,-45000,-45000
064287,日月光元大9C購01,0,0,0,0,0,0,0,0,0,-45000,0,0,0,0,45000,-45000,-45000
060421,華擎永豐9A購01  ,0,0,0,0,0,0,0,0,0,-45000,0,0,0,90000,135000,-45000,-45000
062272,鴻海群益9B購05  ,0,0,0,0,0,0,0,0,0,-45000,0,0,0,0,45000,-45000,-45000
062511,台光電國票9B購02,0,0,0,0,0,0,0,0,0,-45000,0,0,0,0,45000,-45000,-45000
062787,超眾元大9C購02  ,0,0,0,0,0,0,0,0,0,-45000,0,0,0,34000,79000,-45000,-45000
065696,旺宏群益9C購06  ,0,0,0,0,0,0,0,0,0,-45000,0,0,0,0,45000,-45000,-45000
065909,大立光永豐9C購02,0,0,0,0,0,0,0,0,0,-45000,0,0,0,57000,102000,-45000,-45000
066143,惠特群益01購01  ,0,0,0,0,0,0,0,0,0,-45000,0,0,0,10000,55000,-45000,-45000
066376,聯詠兆豐01購01  ,0,0,0,0,0,0,0,0,0,-45000,0,0,0,1000,46000,-45000,-45000
066642,臺股指凱基04購01,0,0,0,0,0,0,0,0,0,-45000,0,0,0,11000,56000,-45000,-45000
064742,奇鋐國票01購02  ,0,0,0,0,0,0,0,0,0,-45000,0,0,0,35000,80000,-45000,-45000
064972,台積電元大9C購11,0,0,0,0,0,0,0,0,0,-45000,0,0,0,50000,95000,-45000,-45000
064925,和碩統一02購01  ,0,0,0,0,0,0,0,0,0,-45000,0,0,0,0,45000,-45000,-45000
064817,鈺齊元大9C購02  ,0,0,0,0,0,0,0,0,0,-45000,0,0,0,5000,50000,-45000,-45000
064908,世紀鋼群益01購02,0,0,0,0,0,0,0,0,0,-45000,0,0,0,0,45000,-45000,-45000
4766,南寶            ,52000,97000,-45000,0,0,0,0,0,0,0,0,0,0,0,0,0,-45000
3094,聯傑            ,268000,313000,-45000,0,0,0,0,0,0,0,0,0,0,0,0,0,-45000
1439,中和            ,91000,137000,-46000,0,0,0,0,0,0,0,0,0,0,0,0,0,-46000
08788P,A50正2元富01售03,0,0,0,0,0,0,0,0,0,-46000,0,0,0,0,46000,-46000,-46000
08585P,台表科群益9C售04,0,0,0,0,0,0,0,0,0,-46000,0,0,0,0,46000,-46000,-46000
056301,開發金元大9A購01,0,0,0,0,0,0,0,0,0,-46000,0,0,0,155000,201000,-46000,-46000
057020,台積電凱基99購02,0,0,0,0,0,0,0,0,0,-46000,0,0,0,32000,78000,-46000,-46000
057103,禾伸堂中信9A購01,0,0,0,0,0,0,0,0,0,-46000,0,0,0,30000,76000,-46000,-46000
057508,康控國票99購03  ,0,0,0,0,0,0,0,0,0,-46000,0,0,0,157000,203000,-46000,-46000
058410,國巨兆豐99購03  ,0,0,0,0,0,0,0,0,0,-46000,0,0,0,75000,121000,-46000,-46000
062485,華通國泰01購01  ,0,0,0,0,0,0,0,0,0,-46000,0,0,0,87000,133000,-46000,-46000
061858,南電國票9B購02  ,0,0,0,0,0,0,0,0,0,-46000,0,0,0,16000,62000,-46000,-46000
064270,華通元大9C購03  ,0,0,0,0,0,0,0,0,0,-46000,0,0,0,36000,82000,-46000,-46000
064291,南六元大9C購04  ,0,0,0,0,0,0,0,0,0,-46000,0,0,0,39000,85000,-46000,-46000
064163,康控統一01購01  ,0,0,0,0,0,0,0,0,0,-46000,0,0,0,10000,56000,-46000,-46000
062878,宏達電兆豐9B購01,0,0,0,0,0,0,0,0,0,-46000,0,0,0,5000,51000,-46000,-46000
065196,技嘉元富06購01  ,0,0,0,0,0,0,0,0,0,-46000,0,0,0,41000,87000,-46000,-46000
064575,鈺齊群益9C購01  ,0,50000,-50000,0,0,0,0,0,0,4000,0,0,0,82000,78000,4000,-46000
066594,聯詠群益01購01  ,0,0,0,0,0,0,0,0,0,-46000,0,0,0,0,46000,-46000,-46000
066056,聯鈞元大01購02  ,0,0,0,0,0,0,0,0,0,-46000,0,0,0,122000,168000,-46000,-46000
6165,捷泰            ,25000,71000,-46000,0,0,0,0,0,0,0,0,0,0,0,0,0,-46000
08117P,聯發科元富9B售04,0,0,0,0,0,0,0,0,0,-47000,0,0,0,0,47000,-47000,-47000
2233,宇隆            ,23000,40000,-17000,0,0,0,0,30000,-30000,0,0,0,0,0,0,0,-47000
1708,東鹼            ,43000,90000,-47000,0,0,0,0,0,0,0,0,0,0,0,0,0,-47000
066925,滬深2X國票02購03,0,0,0,0,0,0,0,0,0,-47000,0,0,0,0,47000,-47000,-47000
067067,國巨元大01購08  ,0,0,0,0,0,0,0,0,0,-47000,0,0,0,0,47000,-47000,-47000
057515,智原元富98購02  ,0,0,0,0,0,0,0,0,0,-47000,0,0,0,115000,162000,-47000,-47000
057437,可成國票99購01  ,0,0,0,0,0,0,0,0,0,-47000,0,0,0,0,47000,-47000,-47000
055615,宏達電國票99購02,0,0,0,0,0,0,0,0,0,-47000,0,0,0,8000,55000,-47000,-47000
058111,健鼎元富98購01  ,0,0,0,0,0,0,0,0,0,-47000,0,0,0,0,47000,-47000,-47000
058272,超眾永豐9A購01  ,0,0,0,0,0,0,0,0,0,-47000,0,0,0,21000,68000,-47000,-47000
056392,玉晶光富邦9C購01,0,0,0,0,0,0,0,0,0,-47000,0,0,0,11000,58000,-47000,-47000
062896,中興電元大9B購01,0,0,0,0,0,0,0,0,0,-47000,0,0,0,0,47000,-47000,-47000
064301,漢唐兆豐01購01  ,0,0,0,0,0,0,0,0,0,-47000,0,0,0,8000,55000,-47000,-47000
061041,南電永豐9A購03  ,0,0,0,0,0,0,0,0,0,-47000,0,0,0,0,47000,-47000,-47000
063352,上銀元富9B購02  ,0,0,0,0,0,0,0,0,0,-47000,0,0,0,22000,69000,-47000,-47000
062428,超眾統一9B購01  ,0,0,0,0,0,0,0,0,0,-47000,0,0,0,128000,175000,-47000,-47000
063547,大立光兆豐9B購04,0,0,0,0,0,0,0,0,0,-47000,0,0,0,0,47000,-47000,-47000
061679,健策元大9B購04  ,0,0,0,0,0,0,0,0,0,-47000,0,0,0,0,47000,-47000,-47000
062147,大毅國票9B購02  ,0,0,0,0,0,0,0,0,0,-47000,0,0,0,0,47000,-47000,-47000
062136,南亞科群益9B購01,0,0,0,0,0,0,0,0,0,-47000,0,0,0,0,47000,-47000,-47000
062254,台光電元大9B購02,0,0,0,0,0,0,0,0,0,-47000,0,0,0,8000,55000,-47000,-47000
060540,南亞凱基9A購01  ,0,0,0,0,0,0,0,0,0,-47000,0,0,0,26000,73000,-47000,-47000
061746,國巨統一9C購07  ,0,0,0,0,0,0,0,0,0,-47000,0,0,0,0,47000,-47000,-47000
065521,貿聯群益9C購04  ,0,0,0,0,0,0,0,0,0,-47000,0,0,0,57000,104000,-47000,-47000
066224,眾達國泰03購01  ,0,0,0,0,0,0,0,0,0,-47000,0,0,0,30000,77000,-47000,-47000
5225,東科-KY         ,4000,51000,-47000,0,0,0,0,0,0,0,0,0,0,0,0,0,-47000
8271,宇瞻            ,374000,421000,-47000,0,0,0,0,0,0,0,0,0,0,0,0,0,-47000
067104,聯發科群益01購05,0,0,0,0,0,0,0,0,0,-48000,0,0,0,135000,183000,-48000,-48000
066742,健策元大02購03  ,0,0,0,0,0,0,0,0,0,-48000,0,0,0,20000,68000,-48000,-48000
07105P,大毅元富99售02  ,0,0,0,0,0,0,0,0,0,-48000,0,0,0,0,48000,-48000,-48000
2030,彰源            ,0,48000,-48000,0,0,0,0,0,0,0,0,0,0,0,0,0,-48000
08860P,鴻海統一01售06  ,0,0,0,0,0,0,0,0,0,-48000,0,0,0,352000,400000,-48000,-48000
1519,華城            ,726000,643000,83000,0,0,0,0,0,0,-131000,0,0,0,43000,174000,-131000,-48000
08340P,聯發科元富9C售01,0,0,0,0,0,0,0,0,0,-48000,0,0,0,0,48000,-48000,-48000
057619,玉晶光凱基98購02,0,0,0,0,0,0,0,0,0,-48000,0,0,0,1000,49000,-48000,-48000
058985,可成凱基99購03  ,0,0,0,0,0,0,0,0,0,-48000,0,0,0,0,48000,-48000,-48000
058851,大立光群益99購07,0,0,0,0,0,0,0,0,0,-48000,0,0,0,0,48000,-48000,-48000
058062,上銀中信98購01  ,0,0,0,0,0,0,0,0,0,-48000,0,0,0,0,48000,-48000,-48000
057869,大立光凱基99購01,0,0,0,0,0,0,0,0,0,-48000,0,0,0,0,48000,-48000,-48000
062448,健策元大9C購04  ,0,0,0,0,0,0,0,0,0,-48000,0,0,0,1000,49000,-48000,-48000
062676,南六台新9B購01  ,0,0,0,0,0,0,0,0,0,-48000,0,0,0,0,48000,-48000,-48000
061976,國巨元大9B購01  ,0,0,0,0,0,0,0,0,0,-48000,0,0,0,20000,68000,-48000,-48000
063464,廣達元大9B購02  ,0,0,0,0,0,0,0,0,0,-48000,0,0,0,0,48000,-48000,-48000
064319,南電群益9C購01  ,0,0,0,0,0,0,0,0,0,-48000,0,0,0,4000,52000,-48000,-48000
064345,創意元大9C購03  ,0,0,0,0,0,0,0,0,0,-48000,0,0,0,45000,93000,-48000,-48000
063873,南六永豐9C購01  ,0,0,0,0,0,0,0,0,0,-48000,0,0,0,11000,59000,-48000,-48000
063876,華新元富9C購01  ,0,0,0,0,0,0,0,0,0,-48000,0,0,0,170000,218000,-48000,-48000
066572,台郡元大01購02  ,0,0,0,0,0,0,0,0,0,-48000,0,0,0,121000,169000,-48000,-48000
066034,南六群益02購02  ,0,0,0,0,0,0,0,0,0,-48000,0,0,0,0,48000,-48000,-48000
065915,聯發科凱基01購09,0,0,0,0,0,0,0,0,0,-48000,0,0,0,56000,104000,-48000,-48000
065799,友訊群益01購03  ,0,0,0,0,0,0,0,0,0,-48000,0,0,0,67000,115000,-48000,-48000
064629,和潤元大9C購01  ,0,0,0,0,0,0,0,0,0,-48000,0,0,0,16000,64000,-48000,-48000
064739,智邦國票01購01  ,0,0,0,0,0,0,0,0,0,-48000,0,0,0,10000,58000,-48000,-48000
064006,晶技凱基9C購02  ,0,0,0,0,0,0,0,0,0,-48000,0,0,0,58000,106000,-48000,-48000
065116,臺股指國票9C購13,0,0,0,0,0,0,0,0,0,-48000,0,0,0,0,48000,-48000,-48000
065370,瑞昱元大9C購02  ,0,0,0,0,0,0,0,0,0,-48000,0,0,0,10000,58000,-48000,-48000
064841,彩晶統一02購02  ,0,0,0,0,0,0,0,0,0,-48000,0,0,0,73000,121000,-48000,-48000
064854,祥碩麥證9C購01  ,0,0,0,55000,103000,-48000,0,0,0,-48000,0,0,0,55000,103000,-48000,-48000
06479P,聯發科中信99售02,0,0,0,0,0,0,0,0,0,-48000,0,0,0,0,48000,-48000,-48000
3530,晶相光          ,124000,138000,-14000,0,0,0,0,0,0,-34000,0,21000,-21000,0,13000,-13000,-48000
07976P,聯發科群益9C售02,0,0,0,0,0,0,0,0,0,-49000,0,0,0,741000,790000,-49000,-49000
066676,A50正2兆豐03購01,0,0,0,0,0,0,0,0,0,-49000,0,0,0,0,49000,-49000,-49000
067249,緯穎群益01購04  ,0,0,0,0,0,0,0,0,0,-49000,0,0,0,0,49000,-49000,-49000
058625,旺宏國票9A購01  ,0,0,0,0,0,0,0,0,0,-49000,0,0,0,22000,71000,-49000,-49000
058591,台灣50統一9B購02,0,0,0,0,0,0,0,0,0,-49000,0,0,0,1000,50000,-49000,-49000
058572,百和凱基9A購01  ,0,0,0,0,0,0,0,0,0,-49000,0,0,0,0,49000,-49000,-49000
05749P,臺股指群益99售03,0,0,0,0,0,0,0,0,0,-49000,0,0,0,551000,600000,-49000,-49000
063369,聚陽永豐9B購01  ,0,0,0,0,0,0,0,0,0,-49000,0,0,0,31000,80000,-49000,-49000
052572,群創凱基99購01  ,0,0,0,0,0,0,0,0,0,-49000,0,0,0,0,49000,-49000,-49000
058079,鴻海群益98購08  ,0,0,0,0,0,0,0,0,0,-49000,0,0,0,0,49000,-49000,-49000
064409,彩晶凱基04購01  ,0,0,0,0,0,0,0,0,0,-49000,0,0,0,5000,54000,-49000,-49000
060385,台勝科凱基9A購01,0,0,0,0,0,0,0,0,0,-49000,0,0,0,31000,80000,-49000,-49000
060313,淘帝永豐9A購01  ,0,0,0,0,0,0,0,0,0,-49000,0,0,0,45000,94000,-49000,-49000
062052,華通統一01購01  ,0,0,0,0,0,0,0,0,0,-49000,0,0,0,150000,199000,-49000,-49000
061938,大立光國票9B購03,0,0,0,0,0,0,0,0,0,-49000,0,0,0,0,49000,-49000,-49000
064865,美律永豐9C購02  ,0,0,0,0,0,0,0,0,0,-49000,0,0,0,410000,459000,-49000,-49000
06505P,康控國票99售02  ,0,0,0,0,0,0,0,0,0,-49000,0,0,0,87000,136000,-49000,-49000
065388,華擎兆豐01購01  ,0,0,0,0,0,0,0,0,0,-49000,0,0,0,1000,50000,-49000,-49000
065222,玉晶光永豐9C購07,0,0,0,0,0,0,0,0,0,-49000,0,0,0,1000,50000,-49000,-49000
065794,麗豐永豐9C購01  ,0,0,0,0,0,0,0,0,0,-49000,0,0,0,1000,50000,-49000,-49000
065792,TPK永豐9C購02   ,0,0,0,0,0,0,0,0,0,-49000,0,0,0,41000,90000,-49000,-49000
065636,台表科國票01購03,0,0,0,0,0,0,0,0,0,-49000,0,0,0,69000,118000,-49000,-49000
066412,神隆元大01購01  ,0,0,0,0,0,0,0,0,0,-49000,0,0,0,0,49000,-49000,-49000
067194,惠特凱基01購03  ,0,0,0,0,0,0,0,0,0,-50000,0,0,0,0,50000,-50000,-50000
067342,新日興凱基01購02,0,0,0,0,0,0,0,0,0,-50000,0,0,0,0,50000,-50000,-50000
067331,友訊凱基01購02  ,0,0,0,0,0,0,0,0,0,-50000,0,0,0,90000,140000,-50000,-50000
067296,A50正2元大01購03,0,0,0,0,0,0,0,0,0,-50000,0,0,0,0,50000,-50000,-50000
067090,南六元大01購04  ,0,0,0,0,0,0,0,0,0,-50000,0,0,0,99000,149000,-50000,-50000
067048,聯詠凱基02購02  ,0,0,0,0,0,0,0,0,0,-50000,0,0,0,0,50000,-50000,-50000
067049,明泰凱基01購01  ,0,0,0,0,0,0,0,0,0,-50000,0,0,0,0,50000,-50000,-50000
066680,友達兆豐01購02  ,0,0,0,0,0,0,0,0,0,-50000,0,0,0,0,50000,-50000,-50000
066866,滬深2X元富01購03,0,0,0,0,0,0,0,0,0,-50000,0,0,0,0,50000,-50000,-50000
07219P,臺股指凱基99售32,0,0,0,0,0,0,0,0,0,-50000,0,0,0,0,50000,-50000,-50000
07191P,台積電元大99售32,0,0,0,0,0,0,0,0,0,-50000,0,0,0,200000,250000,-50000,-50000
07528P,鴻海凱基9A售19  ,0,0,0,0,0,0,0,0,0,-50000,0,0,0,0,50000,-50000,-50000
07009P,臺股指中信9B售01,0,0,0,0,0,0,0,0,0,-50000,0,0,0,0,50000,-50000,-50000
067597,國巨凱基02購06  ,0,0,0,0,0,0,0,0,0,-50000,0,0,0,0,50000,-50000,-50000
067435,眾達凱基02購01  ,0,0,0,0,0,0,0,0,0,-50000,0,0,0,0,50000,-50000,-50000
067389,聯發科元富07購04,0,0,0,0,0,0,0,0,0,-50000,0,0,0,5000,55000,-50000,-50000
067370,南亞科統一03購03,0,0,0,0,0,0,0,0,0,-50000,0,0,0,0,50000,-50000,-50000
07953P,健策元大9B售07  ,0,0,0,0,0,0,0,0,0,-50000,0,0,0,100000,150000,-50000,-50000
07868P,健策元大9B售05  ,0,0,0,0,0,0,0,0,0,-50000,0,0,0,0,50000,-50000,-50000
08026P,臺股指凱基9B售12,0,0,0,0,0,0,0,0,0,-50000,0,0,0,0,50000,-50000,-50000
08178P,南亞科元大9B售01,0,0,0,0,0,0,0,0,0,-50000,0,0,0,0,50000,-50000,-50000
08564P,國巨群益9C售15  ,0,0,0,0,0,0,0,0,0,-50000,0,0,0,0,50000,-50000,-50000
08634P,大立光元大9C售26,0,0,0,0,0,0,0,0,0,-50000,0,0,0,0,50000,-50000,-50000
08885P,台積電國泰03售02,0,0,0,0,0,0,0,0,0,-50000,0,0,0,1697000,1747000,-50000,-50000
08893P,京元電元大01售06,0,0,0,0,0,0,0,0,0,-50000,0,0,0,0,50000,-50000,-50000
08702P,南電康和01售01  ,0,0,0,0,0,0,0,0,0,-50000,0,0,0,0,50000,-50000,-50000
058080,台積電群益98購06,0,0,0,0,0,0,0,0,0,-50000,0,0,0,26000,76000,-50000,-50000
055572,鴻海統一98購04  ,0,0,0,0,0,0,0,0,0,-50000,0,0,0,30000,80000,-50000,-50000
056156,禾伸堂凱基98購04,0,0,0,0,0,0,0,0,0,-50000,0,0,0,20000,70000,-50000,-50000
056148,臺股指日盛97購03,0,0,0,0,0,0,0,0,0,-50000,0,0,0,0,50000,-50000,-50000
055999,電子類富邦99購01,0,0,0,0,0,0,0,0,0,-50000,0,0,0,0,50000,-50000,-50000
059530,華新科凱基9A購05,0,0,0,0,0,0,0,0,0,-50000,0,0,0,1000,51000,-50000,-50000
056757,T50反1元大98購07,0,0,0,0,0,0,0,0,0,-50000,0,0,0,0,50000,-50000,-50000
057060,緯穎元大98購05  ,0,0,0,0,0,0,0,0,0,-50000,0,0,0,47000,97000,-50000,-50000
057376,新日興元大98購04,0,0,0,0,0,0,0,0,0,-50000,0,0,0,0,50000,-50000,-50000
056910,超眾元大99購02  ,0,0,0,0,0,0,0,0,0,-50000,0,0,0,0,50000,-50000,-50000
056470,旺宏元大99購01  ,0,0,0,0,0,0,0,0,0,-50000,0,0,0,0,50000,-50000,-50000
057017,和大凱基98購01  ,0,0,0,0,0,0,0,0,0,-50000,0,0,0,0,50000,-50000,-50000
053949,康控富邦9A購01  ,0,0,0,0,0,0,0,0,0,-50000,0,0,0,0,50000,-50000,-50000
057779,禾伸堂群益98購02,0,0,0,0,0,0,0,0,0,-50000,0,0,0,0,50000,-50000,-50000
063414,鴻海凱基03購01  ,0,0,0,0,0,0,0,0,0,-50000,0,0,0,0,50000,-50000,-50000
063088,緯穎凱基9B購04  ,0,0,0,0,0,0,0,0,0,-50000,0,0,0,0,50000,-50000,-50000
058450,旺宏永豐99購01  ,0,0,0,0,0,0,0,0,0,-50000,0,0,0,0,50000,-50000,-50000
057442,玉晶光統一98購03,0,0,0,0,0,0,0,0,0,-50000,0,0,0,0,50000,-50000,-50000
058657,大立光中信99購01,0,0,0,0,0,0,0,0,0,-50000,0,0,0,0,50000,-50000,-50000
058339,康友元富99購02  ,0,0,0,0,0,0,0,0,0,-50000,0,0,0,0,50000,-50000,-50000
058844,元油2X群益9C購03,0,0,0,0,0,0,0,0,0,-50000,0,0,0,0,50000,-50000,-50000
058845,元油2X群益9C購04,0,0,0,0,0,0,0,0,0,-50000,0,0,0,0,50000,-50000,-50000
058802,矽創元大99購02  ,0,0,0,0,0,0,0,0,0,-50000,0,0,0,3000,53000,-50000,-50000
059142,道瓊指國票9B購02,0,0,0,0,0,0,0,0,0,-50000,0,0,0,0,50000,-50000,-50000
059817,華通凱基99購05  ,0,0,0,0,0,0,0,0,0,-50000,0,0,0,0,50000,-50000,-50000
059815,SP黃豆凱基9A購03,0,0,0,0,0,0,0,0,0,-50000,0,0,0,0,50000,-50000,-50000
059797,大立光國票99購01,0,0,0,0,0,0,0,0,0,-50000,0,0,0,0,50000,-50000,-50000
061262,智邦凱基9A購02  ,0,0,0,0,0,0,0,0,0,-50000,0,0,0,0,50000,-50000,-50000
062775,大成鋼元大9B購02,0,0,0,0,0,0,0,0,0,-50000,0,0,0,0,50000,-50000,-50000
062358,國巨元大9B購12  ,0,0,0,0,0,0,0,0,0,-50000,0,0,0,0,50000,-50000,-50000
062499,鴻海群益01購01  ,0,0,0,0,0,0,0,0,0,-50000,0,0,0,55000,105000,-50000,-50000
061850,國巨國票9C購02  ,0,0,0,0,0,0,0,0,0,-50000,0,0,0,12000,62000,-50000,-50000
061838,華新科凱基05購03,0,0,0,0,0,0,0,0,0,-50000,0,0,0,1000,51000,-50000,-50000
060297,和碩元大9A購02  ,0,0,0,0,0,0,0,0,0,-50000,0,0,0,0,50000,-50000,-50000
061109,臻鼎元大9A購03  ,0,0,0,0,0,0,0,0,0,-50000,0,0,0,0,50000,-50000,-50000
061325,晶技凱基9A購03  ,0,0,0,0,0,0,0,0,0,-50000,0,0,0,0,50000,-50000,-50000
060964,日月光凱基9A購01,0,0,0,0,0,0,0,0,0,-50000,0,0,0,0,50000,-50000,-50000
060673,旺宏元大9A購04  ,0,0,0,0,0,0,0,0,0,-50000,0,0,0,0,50000,-50000,-50000
064281,大立光元大9C購12,0,0,0,0,0,0,0,0,0,-50000,0,0,0,0,50000,-50000,-50000
064286,TPK元大9C購02   ,0,0,0,0,0,0,0,0,0,-50000,0,0,0,150000,200000,-50000,-50000
064229,台表科國票01購01,0,0,0,0,0,0,0,0,0,-50000,0,0,0,0,50000,-50000,-50000
064130,創意元大9C購02  ,0,0,0,0,0,0,0,0,0,-50000,0,0,0,40000,90000,-50000,-50000
064339,大立光元大01購01,0,0,0,0,0,0,0,0,0,-50000,0,0,0,0,50000,-50000,-50000
061605,華新科凱基9A購14,0,0,0,0,0,0,0,0,0,-50000,0,0,0,20000,70000,-50000,-50000
061590,金寶永豐9A購01  ,0,0,0,0,0,0,0,0,0,-50000,0,0,0,0,50000,-50000,-50000
061582,麗豐元大9A購01  ,0,0,0,0,0,0,0,0,0,-50000,0,0,0,0,50000,-50000,-50000
061525,華新科凱基9A購13,0,0,0,0,0,0,0,0,0,-50000,0,0,0,0,50000,-50000,-50000
066400,健策凱基02購02  ,0,0,0,0,0,0,0,0,0,-50000,0,0,0,1000,51000,-50000,-50000
066502,國巨富邦05購02  ,0,0,0,0,0,0,0,0,0,-50000,0,0,0,65000,115000,-50000,-50000
066632,智原凱基02購01  ,0,0,0,0,0,0,0,0,0,-50000,0,0,0,0,50000,-50000,-50000
066641,台郡凱基03購01  ,0,0,0,0,0,0,0,0,0,-50000,0,0,0,0,50000,-50000,-50000
066661,友達凱基03購01  ,0,0,0,0,0,0,0,0,0,-50000,0,0,0,0,50000,-50000,-50000
066145,昇陽半群益01購01,0,0,0,0,0,0,0,0,0,-50000,0,0,0,0,50000,-50000,-50000
065670,華新科凱基01購02,0,0,0,0,0,0,0,0,0,-50000,0,0,0,0,50000,-50000,-50000
065483,聯茂元大9C購06  ,0,0,0,0,0,0,0,0,0,-50000,0,0,0,50000,100000,-50000,-50000
065231,宏達電凱基01購01,0,0,0,0,0,0,0,0,0,-50000,0,0,0,13000,63000,-50000,-50000
065238,聯茂凱基02購01  ,0,0,0,0,0,0,0,0,0,-50000,0,0,0,0,50000,-50000,-50000
065257,友訊元大01購01  ,0,0,0,0,0,0,0,0,0,-50000,0,0,0,0,50000,-50000,-50000
064939,健策元富9C購03  ,0,0,0,0,0,0,0,0,0,-50000,0,0,0,0,50000,-50000,-50000
064875,國巨兆豐01購01  ,0,0,0,0,0,0,0,0,0,-50000,0,0,0,0,50000,-50000,-50000
063956,神達元大9C購01  ,0,0,0,0,0,0,0,0,0,-50000,0,0,0,0,50000,-50000,-50000
063938,上銀元大9C購03  ,0,0,0,0,0,0,0,0,0,-50000,0,0,0,0,50000,-50000,-50000
064711,國喬統一02購01  ,0,0,0,0,0,0,0,0,0,-50000,0,0,0,0,50000,-50000,-50000
064673,南茂元大9C購01  ,0,0,0,0,0,0,0,0,0,-50000,0,0,0,11000,61000,-50000,-50000
064660,華通元大9C購05  ,0,0,0,0,0,0,0,0,0,-50000,0,0,0,50000,100000,-50000,-50000
064428,裕隆凱基02購01  ,0,0,0,0,0,0,0,0,0,-50000,0,0,0,0,50000,-50000,-50000
063713,麗豐凱基9B購01  ,0,0,0,0,0,0,0,0,0,-50000,0,0,0,0,50000,-50000,-50000
8462,柏文            ,40000,48000,-8000,0,0,0,0,0,0,-42000,0,0,0,0,42000,-42000,-50000
6456,GIS-KY          ,1698000,1489000,209000,0,0,0,201000,404000,-203000,-56000,46000,110000,-64000,103000,95000,8000,-50000
08849P,國巨群益01售07  ,0,0,0,0,0,0,0,0,0,-51000,0,0,0,6000,57000,-51000,-51000
08418P,大立光元大01售04,0,0,0,0,0,0,0,0,0,-51000,0,0,0,0,51000,-51000,-51000
08240P,華通中信06售03  ,0,0,0,0,0,0,0,0,0,-51000,0,0,0,200000,251000,-51000,-51000
07474P,滬深2X群益9C售03,0,0,0,0,0,0,0,0,0,-51000,0,0,0,120000,171000,-51000,-51000
067344,鎧勝凱基02購01  ,0,0,0,0,0,0,0,0,0,-51000,0,0,0,0,51000,-51000,-51000
059155,台表科日盛99購01,0,0,0,0,0,0,0,0,0,-51000,0,0,0,57000,108000,-51000,-51000
057931,正崴群益98購02  ,0,0,0,0,0,0,0,0,0,-51000,0,0,0,0,51000,-51000,-51000
058455,玉晶光永豐99購03,0,0,0,0,0,0,0,0,0,-51000,0,0,0,2000,53000,-51000,-51000
00665L,富邦恒生國企正2 ,27000,6000,21000,0,0,0,0,0,0,-72000,0,0,0,196000,268000,-72000,-51000
056520,鴻海日盛99購01  ,0,0,0,0,0,0,0,0,0,-51000,0,0,0,37000,88000,-51000,-51000
060783,亞德客富邦9B購01,0,0,0,0,0,0,0,0,0,-51000,0,0,0,0,51000,-51000,-51000
061849,國巨國票9B購08  ,0,0,0,0,0,0,0,0,0,-51000,0,0,0,34000,85000,-51000,-51000
063474,康控元大9B購04  ,0,0,0,0,0,0,0,0,0,-51000,0,0,0,0,51000,-51000,-51000
062979,茂林元富9B購01  ,0,0,0,0,0,0,0,0,0,-51000,0,0,0,22000,73000,-51000,-51000
062947,國巨富邦01購01  ,0,0,0,0,0,0,0,0,0,-51000,0,0,0,0,51000,-51000,-51000
062404,新唐永豐9B購01  ,0,0,0,0,0,0,0,0,0,-51000,0,0,0,159000,210000,-51000,-51000
061663,南六永豐9A購05  ,0,0,0,0,0,0,0,0,0,-51000,0,0,0,4000,55000,-51000,-51000
062577,泰鼎群益9B購01  ,0,0,0,0,0,0,0,0,0,-51000,0,0,0,0,51000,-51000,-51000
062275,燿華群益9B購01  ,0,0,0,0,0,0,0,0,0,-51000,0,0,0,0,51000,-51000,-51000
063724,亞德客元大9B購03,0,0,0,0,0,0,0,0,0,-51000,0,0,0,33000,84000,-51000,-51000
064868,嘉晶永豐9C購02  ,0,0,0,0,0,0,0,0,0,-51000,0,0,0,0,51000,-51000,-51000
065640,聯電元大01購02  ,0,0,0,0,0,0,0,0,0,-51000,0,0,0,67000,118000,-51000,-51000
065692,國巨群益9C購17  ,0,0,0,0,0,0,0,0,0,-51000,0,0,0,1000,52000,-51000,-51000
065690,台苯群益9C購01  ,0,0,0,0,0,0,0,0,0,-51000,0,0,0,0,51000,-51000,-51000
066341,永信永豐01購01  ,0,0,0,0,0,0,0,0,0,-51000,0,0,0,0,51000,-51000,-51000
3543,州巧            ,4000,55000,-51000,0,0,0,0,0,0,0,0,0,0,0,0,0,-51000
4137,麗豐-KY         ,34000,83000,-49000,0,0,0,0,0,0,-2000,0,0,0,3000,5000,-2000,-51000
4306,炎洲            ,23000,73000,-50000,0,0,0,0,0,0,-1000,4000,5000,-1000,0,0,0,-51000
07222P,台灣50元大01售04,0,0,0,0,0,0,0,0,0,-52000,0,0,0,0,52000,-52000,-52000
08181P,華新科國泰9C售02,0,0,0,0,0,0,0,0,0,-52000,0,0,0,108000,160000,-52000,-52000
08084P,台表科元大9B售06,0,0,0,0,0,0,0,0,0,-52000,0,0,0,0,52000,-52000,-52000
08478P,臺股指凱基9C售16,0,0,0,0,0,0,0,0,0,-52000,0,0,0,80000,132000,-52000,-52000
057963,緯穎元大98購08  ,0,0,0,0,0,0,0,0,0,-52000,0,0,0,57000,109000,-52000,-52000
059755,宏達電國泰9A購01,0,0,0,0,0,0,0,0,0,-52000,0,0,0,26000,78000,-52000,-52000
062708,立積元大9B購01  ,0,0,0,0,0,0,0,0,0,-52000,0,0,0,38000,90000,-52000,-52000
061967,旺宏統一01購04  ,0,0,0,0,0,0,0,0,0,-52000,0,0,0,0,52000,-52000,-52000
062923,緯穎元大9B購06  ,0,0,0,0,0,0,0,0,0,-52000,0,0,0,48000,100000,-52000,-52000
061307,和潤永豐9A購02  ,0,0,0,0,0,0,0,0,0,-52000,0,0,0,6000,58000,-52000,-52000
066653,矽格康和01購01  ,0,0,0,0,0,0,0,0,0,-52000,0,0,0,16000,68000,-52000,-52000
066559,聯鈞元大01購03  ,0,0,0,0,0,0,0,0,0,-52000,0,0,0,50000,102000,-52000,-52000
065526,台表科群益9C購03,0,0,0,0,0,0,0,0,0,-52000,0,0,0,150000,202000,-52000,-52000
065986,金像電永豐01購03,0,0,0,0,0,0,0,0,0,-52000,0,0,0,0,52000,-52000,-52000
066031,力成群益01購01  ,0,0,0,0,0,0,0,0,0,-52000,0,0,0,3000,55000,-52000,-52000
064803,智邦元大9C購05  ,0,0,0,0,0,0,0,0,0,-52000,0,0,0,3000,55000,-52000,-52000
065104,南茂元大9C購02  ,0,0,0,0,0,0,0,0,0,-52000,0,0,0,26000,78000,-52000,-52000
063615,瑞祺群益9B購03  ,0,0,0,0,0,0,0,0,0,-52000,0,0,0,0,52000,-52000,-52000
064674,鈺齊元大9C購01  ,0,0,0,0,0,0,0,0,0,-52000,0,0,0,16000,68000,-52000,-52000
2530,華建            ,2000,55000,-53000,0,0,0,0,0,0,1000,1000,0,1000,0,0,0,-52000
8411,福貞-KY         ,9000,59000,-50000,0,0,0,0,0,0,-2000,0,2000,-2000,0,0,0,-52000
08887P,聯發科富邦03售06,0,0,0,0,0,0,0,0,0,-53000,0,0,0,0,53000,-53000,-53000
066896,緯穎兆豐03購01  ,0,0,0,0,0,0,0,0,0,-53000,0,0,0,0,53000,-53000,-53000
06698P,玉晶光國票99售05,0,0,0,0,0,0,0,0,0,-53000,0,0,0,25000,78000,-53000,-53000
059865,國巨凱基01購01  ,0,0,0,0,0,0,0,0,0,-53000,0,0,0,27000,80000,-53000,-53000
058011,台虹國票99購01  ,0,0,0,0,0,0,0,0,0,-53000,0,0,0,20000,73000,-53000,-53000
058012,鈺齊國票99購01  ,0,0,0,0,0,0,0,0,0,-53000,0,0,0,0,53000,-53000,-53000
061477,晶豪科元大9A購01,0,0,0,0,0,0,0,0,0,-53000,0,0,0,7000,60000,-53000,-53000
062936,鴻海凱基9B購07  ,0,0,0,0,0,0,0,0,0,-53000,0,0,0,201000,254000,-53000,-53000
062700,台光電元大9B購05,0,0,0,0,0,0,0,0,0,-53000,0,0,0,14000,67000,-53000,-53000
061920,台積電凱基9C購02,0,0,0,0,0,0,0,0,0,-53000,0,0,0,160000,213000,-53000,-53000
061241,晶技兆豐9A購01  ,0,0,0,0,0,0,0,0,0,-53000,0,0,0,20000,73000,-53000,-53000
064671,聯茂元大9C購02  ,0,0,0,0,0,0,0,0,0,-53000,0,0,0,67000,120000,-53000,-53000
064588,玉晶光永豐9C購05,0,0,0,0,0,0,0,0,0,-53000,0,0,0,25000,78000,-53000,-53000
063914,和碩凱基9C購01  ,0,0,0,0,0,0,0,0,0,-53000,0,0,0,2000,55000,-53000,-53000
065138,上銀凱基02購01  ,0,0,0,0,0,0,0,0,0,-53000,0,0,0,10000,63000,-53000,-53000
065062,亞光群益9C購01  ,0,0,0,0,0,0,0,0,0,-53000,0,0,0,62000,115000,-53000,-53000
065052,南六凱基02購02  ,0,0,0,0,0,0,0,0,0,-53000,0,0,0,7000,60000,-53000,-53000
065466,台表科中信01購03,0,0,0,0,0,0,0,0,0,-53000,0,0,0,180000,233000,-53000,-53000
066364,可成中信03購01  ,0,0,0,0,0,0,0,0,0,-53000,0,0,0,34000,87000,-53000,-53000
6416,瑞祺電通        ,366000,247000,119000,0,0,0,0,176000,-176000,4000,19000,6000,13000,2000,11000,-9000,-53000
067450,聯發科國票02購01,0,0,0,0,0,0,0,0,0,-54000,0,0,0,0,54000,-54000,-54000
1532,勤美            ,41000,95000,-54000,0,0,0,0,0,0,0,0,0,0,0,0,0,-54000
063075,祥碩永豐9B購04  ,0,0,0,0,0,0,0,0,0,-54000,0,0,0,58000,112000,-54000,-54000
059424,SGBR2X元大9A購01,0,0,0,0,0,0,0,0,0,-54000,0,0,0,48000,102000,-54000,-54000
061841,晶技凱基9C購01  ,0,0,0,0,0,0,0,0,0,-54000,0,0,0,101000,155000,-54000,-54000
063559,力山元大9B購04  ,0,0,0,0,0,0,0,0,0,-54000,0,0,0,4000,58000,-54000,-54000
062161,南六凱基9C購01  ,0,0,0,0,0,0,0,0,0,-54000,0,0,0,0,54000,-54000,-54000
061178,晶技凱基9B購01  ,0,0,0,0,0,0,0,0,0,-54000,0,0,0,17000,71000,-54000,-54000
060309,佳世達永豐9A購01,0,0,0,0,0,0,0,0,0,-54000,0,0,0,45000,99000,-54000,-54000
060410,台苯永豐9A購01  ,0,0,0,0,0,0,0,0,0,-54000,0,0,0,0,54000,-54000,-54000
066428,健策元大02購02  ,0,0,0,0,0,0,0,0,0,-54000,0,0,0,42000,96000,-54000,-54000
065817,聯發科元富03購08,0,0,0,0,0,0,0,0,0,-54000,0,0,0,78000,132000,-54000,-54000
065403,健鼎國泰02購01  ,0,0,0,0,0,0,0,0,0,-54000,0,0,0,1430000,1484000,-54000,-54000
2527,宏璟            ,11000,66000,-55000,0,0,0,0,0,0,1000,1000,0,1000,0,0,0,-54000
1109,信大            ,19000,73435,-54435,0,0,0,0,0,0,0,0,0,0,0,0,0,-54435
1611,中電            ,31000,85000,-54000,0,0,0,0,0,0,-1000,0,1000,-1000,0,0,0,-55000
08665P,鴻海國票02售01  ,0,0,0,0,0,0,0,0,0,-55000,0,0,0,0,55000,-55000,-55000
08004P,大毅永豐9B售02  ,0,0,0,0,0,0,0,0,0,-55000,0,0,0,0,55000,-55000,-55000
08236P,國巨富邦03售01  ,0,0,0,0,0,0,0,0,0,-55000,0,0,0,20000,75000,-55000,-55000
067473,旺宏元大02購01  ,0,0,0,0,0,0,0,0,0,-55000,0,0,0,31000,86000,-55000,-55000
067531,台積電群益01購13,0,0,0,0,0,0,0,0,0,-55000,0,0,0,177000,232000,-55000,-55000
067448,華碩國票01購01  ,0,0,0,0,0,0,0,0,0,-55000,0,0,0,0,55000,-55000,-55000
07731P,臺股指凱基9A售28,0,0,0,0,0,0,0,0,0,-55000,0,0,0,85000,140000,-55000,-55000
066842,卜蜂元大01購01  ,0,0,0,0,0,0,0,0,0,-55000,0,0,0,10000,65000,-55000,-55000
067023,巨大中信01購01  ,0,0,0,0,0,0,0,0,0,-55000,0,0,0,1000,56000,-55000,-55000
063356,台表科元富02購01,0,0,0,0,0,0,0,0,0,-55000,0,0,0,160000,215000,-55000,-55000
063125,華擎元大9C購02  ,0,0,0,0,0,0,0,0,0,-55000,0,0,0,194000,249000,-55000,-55000
057601,中磊群益98購01  ,0,0,0,0,0,0,0,0,0,-55000,0,0,0,170000,225000,-55000,-55000
060811,亞德客凱基9A購02,0,0,0,0,0,0,0,0,0,-55000,0,0,0,45000,100000,-55000,-55000
061869,智邦元大9B購01  ,0,0,0,0,0,0,0,0,0,-55000,0,0,0,3000,58000,-55000,-55000
062812,國巨兆豐9B購03  ,0,0,0,0,0,0,0,0,0,-55000,0,0,0,0,55000,-55000,-55000
064933,矽創統一01購01  ,0,0,0,0,0,0,0,0,0,-55000,0,0,0,208000,263000,-55000,-55000
063774,GIS富邦9B購02   ,0,0,0,0,0,0,0,0,0,-55000,0,0,0,26000,81000,-55000,-55000
065528,FBVIX中信04購01 ,0,0,0,0,0,0,0,0,0,-55000,0,0,0,0,55000,-55000,-55000
066546,鴻海元大01購10  ,0,0,0,0,0,0,0,0,0,-55000,0,0,0,25000,80000,-55000,-55000
066336,聯陽永豐01購01  ,0,0,0,0,0,0,0,0,0,-55000,0,0,0,16000,71000,-55000,-55000
3048,益登            ,36000,95000,-59000,0,0,0,0,0,0,4000,6000,2000,4000,0,0,0,-55000
067062,神隆元大01購02  ,0,0,0,0,0,0,0,0,0,-56000,0,0,0,0,56000,-56000,-56000
2466,冠西電          ,0,56000,-56000,0,0,0,0,0,0,0,0,0,0,0,0,0,-56000
059020,元油2X統一9B購02,0,0,0,0,0,0,0,0,0,-56000,0,0,0,0,56000,-56000,-56000
055318,華通國票98購01  ,0,0,0,0,0,0,0,0,0,-56000,0,0,0,0,56000,-56000,-56000
01001T,土銀富邦R1      ,0,0,0,0,0,0,0,0,0,-56000,0,56000,-56000,0,0,0,-56000
054272,華通中信98購01  ,0,0,0,0,0,0,0,0,0,-56000,0,0,0,189000,245000,-56000,-56000
061735,上銀凱基9B購01  ,0,0,0,0,0,0,0,0,0,-56000,0,0,0,0,56000,-56000,-56000
061852,大立光國票9B購02,0,0,0,0,0,0,0,0,0,-56000,0,0,0,0,56000,-56000,-56000
063290,GIS元大9B購02   ,0,0,0,0,0,0,0,0,0,-56000,0,0,0,19000,75000,-56000,-56000
063868,嘉晶永豐9C購01  ,0,0,0,0,0,0,0,0,0,-56000,0,0,0,0,56000,-56000,-56000
063860,旺宏國泰02購01  ,0,0,0,0,0,0,0,0,0,-56000,0,0,0,187000,243000,-56000,-56000
066450,松翰群益01購01  ,0,0,0,0,0,0,0,0,0,-56000,0,0,0,100000,156000,-56000,-56000
063641,泰鼎元大9B購04  ,0,0,0,0,0,0,0,0,0,-56000,0,0,0,25000,81000,-56000,-56000
064586,緯創永豐9C購01  ,0,0,0,0,0,0,0,0,0,-56000,0,0,0,4000,60000,-56000,-56000
064686,鴻海群益01購03  ,0,0,0,0,0,0,0,0,0,-56000,0,0,0,157000,213000,-56000,-56000
065361,上銀元大9C購11  ,0,0,0,0,0,0,0,0,0,-56000,0,0,0,68000,124000,-56000,-56000
065133,SP黃豆凱基02購01,0,0,0,0,0,0,0,0,0,-56000,0,0,0,424000,480000,-56000,-56000
065093,新日興元大9C購03,0,0,0,0,0,0,0,0,0,-56000,0,0,0,20000,76000,-56000,-56000
3167,大量            ,35000,91000,-56000,0,0,0,0,0,0,0,0,0,0,0,0,0,-56000
07986P,大成鋼統一9B售02,0,0,0,0,0,0,0,0,0,-57000,0,0,0,9000,66000,-57000,-57000
067093,台灣50群益01購08,0,0,0,0,0,0,0,0,0,-57000,0,0,0,35000,92000,-57000,-57000
067384,南六統一01購03  ,0,0,0,0,0,0,0,0,0,-57000,0,0,0,18000,75000,-57000,-57000
054479,緯創中信98購01  ,0,0,0,0,0,0,0,0,0,-57000,0,0,0,0,57000,-57000,-57000
056290,正文永豐98購01  ,0,0,0,0,0,0,0,0,0,-57000,0,0,0,5000,62000,-57000,-57000
059847,喬山永豐99購01  ,0,0,0,0,0,0,0,0,0,-57000,0,0,0,0,57000,-57000,-57000
064258,臻鼎國泰01購02  ,0,0,0,0,0,0,0,0,0,-57000,0,0,0,7000,64000,-57000,-57000
064194,燿華群益9C購01  ,0,0,0,0,0,0,0,0,0,-57000,0,0,0,47000,104000,-57000,-57000
061080,華邦電兆豐9B購01,0,0,0,0,0,0,0,0,0,-57000,0,0,0,207000,264000,-57000,-57000
062991,台光電群益9B購03,0,0,0,0,0,0,0,0,0,-57000,0,0,0,11000,68000,-57000,-57000
062141,遠東新國票9B購01,0,0,0,0,0,0,0,0,0,-57000,0,0,0,16000,73000,-57000,-57000
061716,瑞儀凱基9B購01  ,0,0,0,0,0,0,0,0,0,-57000,0,0,0,24000,81000,-57000,-57000
062040,玉晶光凱基01購01,0,0,0,0,0,0,0,0,0,-57000,0,0,0,17000,74000,-57000,-57000
062643,緯穎國票9B購01  ,0,0,0,0,0,0,0,0,0,-57000,0,0,0,10000,67000,-57000,-57000
064805,金像電元大9C購04,0,0,0,0,0,0,0,0,0,-57000,0,0,0,23000,80000,-57000,-57000
066528,南電統一02購01  ,0,0,0,0,0,0,0,0,0,-57000,0,0,0,0,57000,-57000,-57000
066289,晶碩元大02購01  ,0,0,0,0,0,0,0,0,0,-57000,0,0,0,45000,102000,-57000,-57000
8249,菱光            ,7000,64000,-57000,0,0,0,0,0,0,0,0,0,0,0,0,0,-57000
067070,友訊元大01購04  ,0,0,0,0,0,0,0,0,0,-58000,0,0,0,0,58000,-58000,-58000
067312,欣興元大02購01  ,0,0,0,0,0,0,0,0,0,-58000,0,0,0,0,58000,-58000,-58000
08530P,鴻海統一9C售19  ,0,0,0,0,0,0,0,0,0,-58000,0,0,0,0,58000,-58000,-58000
2374,佳能            ,5000,63000,-58000,0,0,0,0,0,0,0,0,0,0,0,0,0,-58000
059539,緯穎凱基99購03  ,0,0,0,0,0,0,0,0,0,-58000,0,0,0,50000,108000,-58000,-58000
059754,訊芯群益9A購01  ,0,0,0,0,0,0,0,0,0,-58000,0,0,0,0,58000,-58000,-58000
057990,美律統一99購02  ,0,0,0,0,0,0,0,0,0,-58000,0,0,0,0,58000,-58000,-58000
057764,台表科凱基9A購01,0,0,0,0,0,0,0,0,0,-58000,0,0,0,243000,301000,-58000,-58000
063184,台光電凱基9B購03,0,0,0,0,0,0,0,0,0,-58000,0,0,0,14000,72000,-58000,-58000
052697,滬深2X國票98購01,0,0,0,0,0,0,0,0,0,-58000,0,0,0,20000,78000,-58000,-58000
058182,日電貿國泰9A購01,0,0,0,0,0,0,0,0,0,-58000,0,0,0,0,58000,-58000,-58000
062729,神達凱基9B購02  ,0,0,0,0,0,0,0,0,0,-58000,0,0,0,0,58000,-58000,-58000
061212,聯鈞元大9A購04  ,0,0,0,0,0,0,0,0,0,-58000,0,0,0,0,58000,-58000,-58000
063533,緯穎凱基9B購06  ,0,0,0,0,0,0,0,0,0,-58000,0,0,0,0,58000,-58000,-58000
060824,旺宏元大9A購06  ,0,0,0,0,0,0,0,0,0,-58000,0,0,0,10000,68000,-58000,-58000
062827,神基群益9B購01  ,0,0,0,0,0,0,0,0,0,-58000,0,0,0,6000,64000,-58000,-58000
060187,華新科元富9A購02,0,0,0,0,0,0,0,0,0,-58000,0,0,0,0,58000,-58000,-58000
061619,大立光群益9B購01,0,0,0,0,0,0,0,0,0,-58000,0,0,0,26000,84000,-58000,-58000
064307,聚陽群益9C購03  ,0,0,0,0,0,0,0,0,0,-58000,0,0,0,40000,98000,-58000,-58000
066303,泰山永豐01購01  ,0,0,0,0,0,0,0,0,0,-58000,0,0,0,0,58000,-58000,-58000
065911,超眾永豐9C購01  ,0,0,0,0,0,0,0,0,0,-58000,0,0,0,10000,68000,-58000,-58000
063586,燿華永豐9B購02  ,0,0,0,0,0,0,0,0,0,-58000,0,0,0,10000,68000,-58000,-58000
5907,大洋-KY         ,13000,71000,-58000,0,0,0,0,0,0,0,0,0,0,0,0,0,-58000
08890P,為升元大01售04  ,0,0,0,0,0,0,0,0,0,-59000,0,0,0,30000,89000,-59000,-59000
08703P,華碩凱基01售02  ,0,0,0,0,0,0,0,0,0,-59000,0,0,0,0,59000,-59000,-59000
067350,鴻海群益02購02  ,0,0,0,0,0,0,0,0,0,-59000,0,0,0,26000,85000,-59000,-59000
067219,瑞儀元大01購01  ,0,0,0,0,0,0,0,0,0,-59000,0,0,0,141000,200000,-59000,-59000
067428,大毅凱基01購02  ,0,0,0,0,0,0,0,0,0,-59000,0,0,0,20000,79000,-59000,-59000
067610,上緯控凱基02購01,0,0,0,0,0,0,0,0,0,-59000,0,0,0,0,59000,-59000,-59000
063710,光寶科凱基9C購01,0,0,0,0,0,0,0,0,0,-59000,0,0,0,0,59000,-59000,-59000
063676,上銀國泰9C購02  ,0,0,0,0,0,0,0,0,0,-59000,0,0,0,0,59000,-59000,-59000
063763,上銀元富9B購07  ,0,0,0,0,0,0,0,0,0,-59000,0,0,0,13000,72000,-59000,-59000
065867,鴻海群益9C購08  ,0,0,0,0,0,0,0,0,0,-59000,0,0,0,1000,60000,-59000,-59000
065843,瑞昱元大9C購03  ,0,0,0,0,0,0,0,0,0,-59000,0,0,0,35000,94000,-59000,-59000
065715,勤誠群益9C購01  ,0,0,0,0,0,0,0,0,0,-59000,0,0,0,23000,82000,-59000,-59000
3056,總太            ,150000,208000,-58000,0,0,0,0,0,0,-1000,0,0,0,0,1000,-1000,-59000
5534,長虹            ,55824,109000,-53176,0,0,0,0,0,0,-6000,2000,10000,-8000,2000,0,2000,-59176
067590,茂林群益01購01  ,0,0,0,0,0,0,0,0,0,-60000,0,0,0,0,60000,-60000,-60000
07035P,大立光元富99售04,0,0,0,0,0,0,0,0,0,-60000,0,0,0,1000,61000,-60000,-60000
06902P,聯電凱基98售02  ,0,0,0,0,0,0,0,0,0,-60000,0,0,0,0,60000,-60000,-60000
067416,南紡凱基01購01  ,0,0,0,0,0,0,0,0,0,-60000,0,0,0,0,60000,-60000,-60000
07086P,力成元富9C售01  ,0,0,0,0,0,0,0,0,0,-60000,0,0,0,0,60000,-60000,-60000
07402P,瑞昱凱基99售02  ,0,0,0,0,0,0,0,0,0,-60000,0,0,0,0,60000,-60000,-60000
066923,滬深2X國票02購01,0,0,0,0,0,0,0,0,0,-60000,0,0,0,0,60000,-60000,-60000
066731,瑞昱元大01購01  ,0,0,0,0,0,0,0,0,0,-60000,0,0,0,70000,130000,-60000,-60000
066789,聯詠麥證01購01  ,0,0,0,68000,128000,-60000,0,0,0,-60000,0,0,0,68000,128000,-60000,-60000
08556P,臺股指中信01售08,0,0,0,0,0,0,0,0,0,-60000,0,0,0,20000,80000,-60000,-60000
08574P,聯發科凱基02售04,0,0,0,0,0,0,0,0,0,-60000,0,0,0,20000,80000,-60000,-60000
058216,TPK群益99購01   ,0,0,0,0,0,0,0,0,0,-60000,0,0,0,1000,61000,-60000,-60000
055040,台虹富邦99購01  ,0,0,0,0,0,0,0,0,0,-60000,0,0,0,0,60000,-60000,-60000
057063,立積國泰9A購01  ,0,0,0,0,0,0,0,0,0,-60000,0,0,0,0,60000,-60000,-60000
057992,大立光日盛98購01,0,0,0,0,0,0,0,0,0,-60000,0,0,0,0,60000,-60000,-60000
058652,SGBR2X中信01購01,0,0,0,0,0,0,0,0,0,-60000,0,0,0,0,60000,-60000,-60000
059024,大立光統一9B購04,0,0,0,0,0,0,0,0,0,-60000,0,0,0,20000,80000,-60000,-60000
061630,FBVIX元大9A購02 ,0,0,0,0,0,0,0,0,0,-60000,0,0,0,0,60000,-60000,-60000
061544,大毅群益9B購02  ,0,0,0,0,0,0,0,0,0,-60000,0,0,0,0,60000,-60000,-60000
061464,瑞昱群益9A購01  ,0,0,0,0,0,0,0,0,0,-60000,0,0,0,0,60000,-60000,-60000
062844,T50反1國泰9C購01,0,0,0,0,0,0,0,0,0,-60000,0,0,0,210000,270000,-60000,-60000
060031,旭富永豐99購02  ,0,0,0,0,0,0,0,0,0,-60000,0,0,0,20000,80000,-60000,-60000
060756,鴻海元大9A購16  ,0,0,0,0,0,0,0,0,0,-60000,0,0,0,0,60000,-60000,-60000
060886,國巨統一01購03  ,0,0,0,0,0,0,0,0,0,-60000,0,0,0,9000,69000,-60000,-60000
061654,旺宏國票9A購02  ,0,0,0,0,0,0,0,0,0,-60000,0,0,0,0,60000,-60000,-60000
063462,金像電元大9C購01,0,0,0,0,0,0,0,0,0,-60000,0,0,0,73000,133000,-60000,-60000
063438,聚陽統一9C購01  ,0,0,0,0,0,0,0,0,0,-60000,0,0,0,42000,102000,-60000,-60000
062955,立積永豐9B購02  ,0,0,0,0,0,0,0,0,0,-60000,0,0,0,0,60000,-60000,-60000
062427,嘉澤統一01購01  ,0,0,0,0,0,0,0,0,0,-60000,0,0,0,0,60000,-60000,-60000
060559,世紀鋼凱基9C購01,0,0,0,0,0,0,0,0,0,-60000,0,0,0,0,60000,-60000,-60000
062759,旺宏凱基9B購07  ,0,0,0,0,0,0,0,0,0,-60000,0,0,0,20000,80000,-60000,-60000
065869,微星群益02購01  ,0,0,0,0,0,0,0,0,0,-60000,0,0,0,40000,100000,-60000,-60000
065804,大立光群益01購04,0,0,0,0,0,0,0,0,0,-60000,0,0,0,40000,100000,-60000,-60000
066274,景碩元大01購02  ,0,0,0,0,0,0,0,0,0,-60000,0,0,0,43000,103000,-60000,-60000
066612,台積電麥證01購04,0,0,0,40000,100000,-60000,0,0,0,-60000,0,0,0,40000,100000,-60000,-60000
064810,嘉晶元大01購01  ,0,0,0,0,0,0,0,0,0,-60000,0,0,0,32000,92000,-60000,-60000
065042,國產凱基02購01  ,0,0,0,0,0,0,0,0,0,-60000,0,0,0,50000,110000,-60000,-60000
065272,聯茂元大9C購05  ,0,0,0,0,0,0,0,0,0,-60000,0,0,0,68000,128000,-60000,-60000
08121P,聯發科國票9B售05,0,0,0,0,0,0,0,0,0,-61000,0,0,0,0,61000,-61000,-61000
1721,三晃            ,46000,107000,-61000,0,0,0,0,0,0,0,0,0,0,0,0,0,-61000
066746,聯茂元大01購01  ,0,0,0,0,0,0,0,0,0,-61000,0,0,0,107000,168000,-61000,-61000
066950,義隆元大01購03  ,0,0,0,0,0,0,0,0,0,-61000,0,0,0,12000,73000,-61000,-61000
067238,大立光群益02購03,0,0,0,0,0,0,0,0,0,-61000,0,0,0,0,61000,-61000,-61000
067349,中化群益02購01  ,0,0,0,0,0,0,0,0,0,-61000,0,0,0,0,61000,-61000,-61000
067118,上緯控群益01購01,0,0,0,0,0,0,0,0,0,-61000,0,0,0,205000,266000,-61000,-61000
057941,聯電國票99購01  ,0,0,0,0,0,0,0,0,0,-61000,35000,15000,20000,50000,131000,-81000,-61000
058068,旺宏凱基98購11  ,0,0,0,0,0,0,0,0,0,-61000,0,0,0,47000,108000,-61000,-61000
063385,可成中信9C購01  ,0,0,0,0,0,0,0,0,0,-61000,0,0,0,23000,84000,-61000,-61000
03452B,臺股指凱基03熊05,0,0,0,0,0,0,0,0,0,-61000,0,0,0,10000,71000,-61000,-61000
06138P,台積電中信99售01,0,0,0,0,0,0,0,0,0,-61000,0,0,0,0,61000,-61000,-61000
064308,國巨群益9C購09  ,0,0,0,0,0,0,0,0,0,-61000,0,0,0,108000,169000,-61000,-61000
066209,聯鈞統一03購01  ,0,0,0,0,0,0,0,0,0,-61000,0,0,0,0,61000,-61000,-61000
065906,瑞昱永豐9C購01  ,0,0,0,0,0,0,0,0,0,-61000,0,0,0,7000,68000,-61000,-61000
065705,嘉晶群益9C購05  ,0,0,0,0,0,0,0,0,0,-61000,0,0,0,54000,115000,-61000,-61000
065750,智邦元大9C購09  ,0,0,0,0,0,0,0,0,0,-61000,0,0,0,23000,84000,-61000,-61000
2451,創見            ,96000,88240,7760,0,0,0,0,0,0,-69000,1000,0,1000,0,70000,-70000,-61240
2006,東和鋼鐵        ,57134,117000,-59866,0,0,0,0,2000,-2000,0,0,0,0,0,0,0,-61866
067149,瑞昱統一03購01  ,0,0,0,0,0,0,0,0,0,-62000,0,0,0,0,62000,-62000,-62000
054890,聯鈞統一99購01  ,0,0,0,0,0,0,0,0,0,-62000,0,0,0,105000,167000,-62000,-62000
057296,智原永豐98購01  ,0,0,0,0,0,0,0,0,0,-62000,0,0,0,43000,105000,-62000,-62000
058101,台積電富邦9C購01,0,0,0,0,0,0,0,0,0,-62000,0,0,0,153000,215000,-62000,-62000
058744,FBVIX凱基9C購03 ,0,0,0,0,0,0,0,0,0,-62000,0,0,0,0,62000,-62000,-62000
064113,新日興國票01購01,0,0,0,0,0,0,0,0,0,-62000,0,0,0,25000,87000,-62000,-62000
064261,力山永豐9C購01  ,0,0,0,0,0,0,0,0,0,-62000,0,0,0,0,62000,-62000,-62000
064296,奇鋐國票01購01  ,0,0,0,0,0,0,0,0,0,-62000,0,0,0,76000,138000,-62000,-62000
063839,華通元大9C購02  ,0,0,0,0,0,0,0,0,0,-62000,0,0,0,42000,104000,-62000,-62000
060888,金像電統一9C購01,0,0,0,0,0,0,0,0,0,-62000,0,0,0,56000,118000,-62000,-62000
066328,國揚永豐01購01  ,0,0,0,0,0,0,0,0,0,-62000,0,0,0,6000,68000,-62000,-62000
066319,聯強永豐01購01  ,0,0,0,0,0,0,0,0,0,-62000,0,0,0,86000,148000,-62000,-62000
065312,日月光國票01購01,0,0,0,0,0,0,0,0,0,-62000,0,0,0,8000,70000,-62000,-62000
064048,大立光統一9C購07,0,0,0,0,0,0,0,0,0,-62000,0,0,0,20000,82000,-62000,-62000
4739,康普            ,49000,111000,-62000,0,0,0,0,0,0,0,0,0,0,0,0,0,-62000
2615,萬海            ,138000,184000,-46000,0,0,0,0,16000,-16000,0,0,0,0,0,0,0,-62000
066698,川湖群益01購01  ,0,0,0,0,0,0,0,0,0,-63000,0,0,0,0,63000,-63000,-63000
058946,SGBR2X群益9B購01,0,0,0,0,0,0,0,0,0,-63000,0,0,0,40000,103000,-63000,-63000
059093,旭富元大99購01  ,0,0,0,0,0,0,0,0,0,-63000,0,0,0,289000,352000,-63000,-63000
057451,大立光元富9B購01,0,0,0,0,0,0,0,0,0,-63000,0,0,0,5000,68000,-63000,-63000
058507,美律元大9A購01  ,0,0,0,0,0,0,0,0,0,-63000,0,0,0,526000,589000,-63000,-63000
061600,聯電凱基9B購01  ,0,0,0,0,0,0,0,0,0,-63000,0,0,0,20000,83000,-63000,-63000
062500,國巨群益01購01  ,0,0,0,0,0,0,0,0,0,-63000,0,0,0,23000,86000,-63000,-63000
062365,台光電元大9B購03,0,0,0,0,0,0,0,0,0,-63000,0,0,0,42000,105000,-63000,-63000
061789,群創群益9B購01  ,0,0,0,0,0,0,0,0,0,-63000,0,0,0,10000,73000,-63000,-63000
062047,緯穎凱基9B購01  ,0,0,0,0,0,0,0,0,0,-63000,0,0,0,210000,273000,-63000,-63000
065515,大立光群益02購01,0,0,0,0,0,0,0,0,0,-63000,0,0,0,0,63000,-63000,-63000
4551,智伸科          ,25000,41000,-16000,0,0,0,0,0,0,-47077,0,0,0,0,47077,-47077,-63077
067506,台光電統一02購04,0,0,0,0,0,0,0,0,0,-64000,0,0,0,0,64000,-64000,-64000
063393,華通群益9C購05  ,0,0,0,0,0,0,0,0,0,-64000,0,0,0,39000,103000,-64000,-64000
057930,旺宏群益99購04  ,0,0,0,0,0,0,0,0,0,-64000,0,0,0,16000,80000,-64000,-64000
058685,TPK凱基99購01   ,0,0,0,0,0,0,0,0,0,-64000,0,0,0,8000,72000,-64000,-64000
061657,智原國票9A購01  ,0,0,0,0,0,0,0,0,0,-64000,0,0,0,0,64000,-64000,-64000
061719,緯穎凱基9A購06  ,0,0,0,0,0,0,0,0,0,-64000,0,0,0,70000,134000,-64000,-64000
064382,台積電國泰01購01,0,0,0,0,0,0,0,0,0,-64000,0,0,0,70000,134000,-64000,-64000
062834,立積群益9B購02  ,0,0,0,0,0,0,0,0,0,-64000,0,0,0,90000,154000,-64000,-64000
065490,國巨國泰02購02  ,0,0,0,0,0,0,0,0,0,-64000,0,0,0,68000,132000,-64000,-64000
066071,台光電凱基02購01,0,0,0,0,0,0,0,0,0,-64000,0,0,0,22000,86000,-64000,-64000
066318,友訊永豐01購01  ,0,0,0,0,0,0,0,0,0,-64000,0,0,0,0,64000,-64000,-64000
066335,潤泰全永豐01購01,0,0,0,0,0,0,0,0,0,-64000,0,0,0,0,64000,-64000,-64000
065376,京鼎元大9C購02  ,0,0,0,0,0,0,0,0,0,-64000,0,0,0,4000,68000,-64000,-64000
065005,台光電國票01購02,0,0,0,0,0,0,0,0,0,-64000,0,0,0,0,64000,-64000,-64000
2897,王道銀行        ,61000,123000,-62000,0,0,0,0,4000,-4000,2000,2000,0,2000,0,0,0,-64000
067251,長興國票01購01  ,0,0,0,0,0,0,0,0,0,-65000,0,0,0,3000,68000,-65000,-65000
08881P,奇力新凱基01售02,0,0,0,0,0,0,0,0,0,-65000,0,0,0,0,65000,-65000,-65000
059949,啟碁永豐99購01  ,0,0,0,0,0,0,0,0,0,-65000,0,0,0,4000,69000,-65000,-65000
057576,南亞科第一9C購01,0,0,0,0,0,0,0,0,0,-65000,0,0,0,0,65000,-65000,-65000
063895,新光金群益01購01,0,0,0,0,0,0,0,0,0,-65000,0,0,0,10000,75000,-65000,-65000
061926,晶技凱基9B購02  ,0,0,0,0,0,0,0,0,0,-65000,0,0,0,13000,78000,-65000,-65000
061900,志超永豐9B購01  ,0,0,0,0,0,0,0,0,0,-65000,0,0,0,0,65000,-65000,-65000
061892,亞德客永豐9B購01,0,0,0,0,0,0,0,0,0,-65000,0,0,0,0,65000,-65000,-65000
062606,聯電凱基9C購02  ,0,0,0,0,0,0,0,0,0,-65000,0,0,0,53000,118000,-65000,-65000
06498P,臺股指元大9A售03,0,0,0,0,0,0,0,0,0,-65000,0,0,0,5000,70000,-65000,-65000
064931,南六統一9C購05  ,0,0,0,0,0,0,0,0,0,-65000,0,0,0,0,65000,-65000,-65000
064760,玉晶光凱基01購02,0,0,0,0,0,0,0,0,0,-65000,0,0,0,3000,68000,-65000,-65000
063631,燿華元大9B購06  ,0,0,0,0,0,0,0,0,0,-65000,0,0,0,0,65000,-65000,-65000
066362,瑞昱中信05購01  ,0,0,0,0,0,0,0,0,0,-65000,0,0,0,0,65000,-65000,-65000
065988,晶技永豐01購01  ,0,0,0,0,0,0,0,0,0,-65000,0,0,0,29000,94000,-65000,-65000
06586P,鴻海元大9C售01  ,0,0,0,0,0,0,0,0,0,-65000,0,0,0,30000,95000,-65000,-65000
065655,緯穎元大9C購05  ,0,0,0,0,0,0,0,0,0,-65000,0,0,0,65000,130000,-65000,-65000
2537,聯上發          ,122000,187000,-65000,0,0,0,0,0,0,0,0,0,0,0,0,0,-65000
08865P,欣興元大01售02  ,0,0,0,0,0,0,0,0,0,-66000,0,0,0,58000,124000,-66000,-66000
08516P,技嘉群益01售02  ,0,0,0,0,0,0,0,0,0,-66000,0,0,0,186000,252000,-66000,-66000
066743,和碩元大01購01  ,0,0,0,0,0,0,0,0,0,-66000,0,0,0,15000,81000,-66000,-66000
067508,奇鋐統一03購01  ,0,0,0,0,0,0,0,0,0,-66000,0,0,0,0,66000,-66000,-66000
063134,裕隆統一01購01  ,0,0,0,0,0,0,0,0,0,-66000,0,0,0,158000,224000,-66000,-66000
063230,緯穎群益9B購02  ,0,0,0,0,0,0,0,0,0,-66000,0,0,0,66000,132000,-66000,-66000
059160,華通凱基99購03  ,0,0,0,0,0,0,0,0,0,-66000,0,0,0,3000,69000,-66000,-66000
058836,FBVIX中信03購05 ,0,0,0,0,0,0,0,0,0,-66000,0,0,0,0,66000,-66000,-66000
056330,玉晶光國票99購03,0,0,0,0,0,0,0,0,0,-66000,0,0,0,2000,68000,-66000,-66000
054169,上緯控凱基98購01,0,0,0,0,0,0,0,0,0,-66000,0,0,0,86000,152000,-66000,-66000
062031,臻鼎群益9B購01  ,0,0,0,0,0,0,0,0,0,-66000,0,0,0,108000,174000,-66000,-66000
064079,英業達中信9C購01,0,0,0,0,0,0,0,0,0,-66000,0,0,0,263000,329000,-66000,-66000
060928,明泰永豐9A購01  ,0,0,0,0,0,0,0,0,0,-66000,0,0,0,0,66000,-66000,-66000
065742,宏達電麥證9C購01,0,0,0,0,76000,-76000,0,0,0,-66000,0,0,0,10000,76000,-66000,-66000
065445,台光電統一01購05,0,0,0,0,0,0,0,0,0,-66000,0,0,0,0,66000,-66000,-66000
066001,景碩國票02購01  ,0,0,0,0,0,0,0,0,0,-66000,0,0,0,68000,134000,-66000,-66000
066334,京城銀永豐01購01,0,0,0,0,0,0,0,0,0,-66000,0,0,0,378000,444000,-66000,-66000
064427,喬山凱基01購01  ,0,0,0,0,0,0,0,0,0,-66000,0,0,0,0,66000,-66000,-66000
064725,緯創統一02購01  ,2000,0,2000,0,0,0,0,0,0,-68000,0,0,0,62000,130000,-68000,-66000
6189,豐藝            ,67000,133000,-66000,0,0,0,0,0,0,0,0,0,0,0,0,0,-66000
067574,臺指反群益01購04,0,0,0,0,0,0,0,0,0,-67000,0,0,0,0,67000,-67000,-67000
067001,中化永豐01購02  ,0,0,0,0,0,0,0,0,0,-67000,0,0,0,0,67000,-67000,-67000
059044,聯電日盛99購02  ,0,0,0,0,0,0,0,0,0,-67000,0,0,0,0,67000,-67000,-67000
061974,光寶科元大9B購01,0,0,0,0,0,0,0,0,0,-67000,0,0,0,12000,79000,-67000,-67000
061793,上銀永豐9B購01  ,0,0,0,0,0,0,0,0,0,-67000,0,0,0,1000,68000,-67000,-67000
063994,台光電群益9C購01,0,0,0,0,0,0,0,0,0,-67000,0,0,0,63000,130000,-67000,-67000
063602,金像電凱基9B購04,0,0,0,0,0,0,0,0,0,-67000,0,0,0,119000,186000,-67000,-67000
063649,南六元大9C購02  ,0,0,0,0,0,0,0,0,0,-67000,0,0,0,200000,267000,-67000,-67000
064792,美律國票9C購01  ,0,0,0,0,0,0,0,0,0,-67000,0,0,0,78000,145000,-67000,-67000
064900,景碩群益01購01  ,0,0,0,0,0,0,0,0,0,-67000,0,0,0,105000,172000,-67000,-67000
065396,微星群益01購01  ,0,0,0,0,0,0,0,0,0,-67000,0,0,0,0,67000,-67000,-67000
065264,亞光元大9C購02  ,0,0,0,0,0,0,0,0,0,-67000,0,0,0,33000,100000,-67000,-67000
065130,奇鋐兆豐9C購01  ,0,0,0,0,0,0,0,0,0,-67000,0,0,0,0,67000,-67000,-67000
065127,世芯永豐9C購03  ,0,0,0,0,0,0,0,0,0,-67000,0,0,0,32000,99000,-67000,-67000
065940,立積群益02購01  ,0,0,0,0,0,0,0,0,0,-67000,0,0,0,117000,184000,-67000,-67000
06585P,鴻海元大99售04  ,0,0,0,0,0,0,0,0,0,-67000,0,0,0,128000,195000,-67000,-67000
9910,豐泰            ,608014,670000,-61986,0,0,0,0,4000,-4000,-2000,1000,0,1000,0,3000,-3000,-67986
066958,日月光元大01購02,0,0,0,0,0,0,0,0,0,-68000,0,0,0,0,68000,-68000,-68000
066884,亞光永豐01購01  ,0,0,0,0,0,0,0,0,0,-68000,0,0,0,0,68000,-68000,-68000
067287,瀚宇博國票02購01,0,0,0,0,0,0,0,0,0,-68000,0,0,0,1000,69000,-68000,-68000
067129,神隆永豐01購01  ,0,0,0,0,0,0,0,0,0,-68000,0,0,0,0,68000,-68000,-68000
07999P,台達電凱基9B售02,0,0,0,0,0,0,0,0,0,-68000,0,0,0,32000,100000,-68000,-68000
059951,台塑康和99購01  ,0,0,0,0,0,0,0,0,0,-68000,0,0,0,0,68000,-68000,-68000
057859,神達康和98購01  ,0,0,0,0,0,0,0,0,0,-68000,0,0,0,0,68000,-68000,-68000
063162,國喬永豐9B購01  ,0,0,0,0,0,0,0,0,0,-68000,0,0,0,0,68000,-68000,-68000
059298,大立光元富9C購02,0,0,0,0,0,0,0,0,0,-68000,0,0,0,219000,287000,-68000,-68000
057277,可成元大98購05  ,0,0,0,0,0,0,0,0,0,-68000,0,0,0,0,68000,-68000,-68000
057112,立積群益99購01  ,0,0,0,0,0,0,0,0,0,-68000,0,0,0,33000,101000,-68000,-68000
057178,可成元大98購03  ,0,0,0,0,0,0,0,0,0,-68000,0,0,0,0,68000,-68000,-68000
061983,華新科元大9B購04,0,0,0,0,0,0,0,0,0,-68000,0,0,0,0,68000,-68000,-68000
063326,正隆國票9B購01  ,0,0,0,0,0,0,0,0,0,-68000,0,0,0,0,68000,-68000,-68000
060386,台勝科凱基9B購01,0,0,0,0,0,0,0,0,0,-68000,0,0,0,0,68000,-68000,-68000
063861,南亞科國泰02購01,0,0,0,0,0,0,0,0,0,-68000,0,0,0,50000,118000,-68000,-68000
064361,旺宏統一01購06  ,0,0,0,0,0,0,0,0,0,-68000,0,0,0,10000,78000,-68000,-68000
065432,景碩凱基9C購03  ,0,0,0,0,0,0,0,0,0,-68000,0,0,0,20000,88000,-68000,-68000
065587,亞德客永豐9C購02,0,0,0,0,0,0,0,0,0,-68000,0,0,0,0,68000,-68000,-68000
066355,惠特永豐01購01  ,0,0,0,0,0,0,0,0,0,-68000,0,0,0,0,68000,-68000,-68000
066413,鴻海元大01購06  ,0,0,0,0,0,0,0,0,0,-68000,0,0,0,75000,143000,-68000,-68000
064825,英業達統一9C購01,0,0,0,0,0,0,0,0,0,-68000,0,0,0,1000,69000,-68000,-68000
063627,上銀元大9B購09  ,0,0,0,0,0,0,0,0,0,-68000,0,0,0,0,68000,-68000,-68000
08544P,和碩國票01售02  ,0,0,0,0,0,0,0,0,0,-69000,0,0,0,0,69000,-69000,-69000
06851P,鈺齊元大98售01  ,0,0,0,0,0,0,0,0,0,-69000,0,0,0,94000,163000,-69000,-69000
07505P,台勝科元大9A售01,0,0,0,0,0,0,0,0,0,-69000,0,0,0,31000,100000,-69000,-69000
053381,友達元大9A購02  ,0,0,0,0,0,0,0,0,0,-69000,0,0,0,201000,270000,-69000,-69000
057937,神達群益98購02  ,0,0,0,0,0,0,0,0,0,-69000,0,0,0,0,69000,-69000,-69000
061530,智邦台新9A購02  ,0,0,0,0,0,0,0,0,0,-69000,0,0,0,0,69000,-69000,-69000
061389,華新科群益9B購01,0,0,0,0,0,0,0,0,0,-69000,0,0,0,0,69000,-69000,-69000
060376,瑞祺元富9A購01  ,0,0,0,0,0,0,0,0,0,-69000,0,0,0,1000,70000,-69000,-69000
060710,上銀永豐9A購01  ,0,0,0,0,0,0,0,0,0,-69000,0,0,0,10000,79000,-69000,-69000
062935,華通凱基9C購02  ,0,0,0,0,0,0,0,0,0,-69000,0,0,0,13000,82000,-69000,-69000
062192,南六元大9B購01  ,0,0,0,0,0,0,0,0,0,-69000,0,0,0,46000,115000,-69000,-69000
062294,盛群永豐9B購01  ,0,0,0,0,0,0,0,0,0,-69000,0,0,0,68000,137000,-69000,-69000
062761,嘉晶凱基9C購01  ,0,0,0,0,0,0,0,0,0,-69000,0,0,0,10000,79000,-69000,-69000
065099,聯茂元大9C購03  ,0,0,0,0,0,0,0,0,0,-69000,0,0,0,147000,216000,-69000,-69000
8429,金麗-KY         ,29000,98000,-69000,0,0,0,0,0,0,0,0,0,0,0,0,0,-69000
07057P,大立光康和9B售02,0,0,0,0,0,0,0,0,0,-70000,0,0,0,20000,90000,-70000,-70000
067601,金像電凱基01購04,0,0,0,0,0,0,0,0,0,-70000,0,0,0,0,70000,-70000,-70000
067438,緯穎凱基01購03  ,0,0,0,0,0,0,0,0,0,-70000,0,0,0,63000,133000,-70000,-70000
066775,智原富邦03購01  ,0,0,0,0,0,0,0,0,0,-70000,0,0,0,0,70000,-70000,-70000
066828,聯發科群益02購05,0,0,0,0,0,0,0,0,0,-70000,0,0,0,28000,98000,-70000,-70000
066832,健策群益01購08  ,0,0,0,0,0,0,0,0,0,-70000,0,0,0,0,70000,-70000,-70000
08587P,聯發科中信01售05,0,0,0,0,0,0,0,0,0,-70000,0,0,0,30000,100000,-70000,-70000
08437P,台郡群益9C售01  ,0,0,0,0,0,0,0,0,0,-70000,0,0,0,0,70000,-70000,-70000
08832P,台表科群益01售01,0,0,0,0,0,0,0,0,0,-70000,0,0,0,23000,93000,-70000,-70000
059650,緯穎凱基99購04  ,0,0,0,0,0,0,0,0,0,-70000,0,0,0,0,70000,-70000,-70000
057632,傳奇永豐98購01  ,0,0,0,0,0,0,0,0,0,-70000,0,0,0,0,70000,-70000,-70000
056259,T50反1統一9A購01,0,0,0,0,0,0,0,0,0,-70000,0,0,0,0,70000,-70000,-70000
056892,旺宏元大9A購02  ,0,0,0,0,0,0,0,0,0,-70000,0,0,0,0,70000,-70000,-70000
055679,華通凱基99購01  ,0,0,0,0,0,0,0,0,0,-70000,0,0,0,22000,92000,-70000,-70000
056012,勤誠中信99購01  ,0,0,0,0,0,0,0,0,0,-70000,0,0,0,0,70000,-70000,-70000
062287,康友群益9B購02  ,0,0,0,0,0,0,0,0,0,-70000,0,0,0,0,70000,-70000,-70000
062333,嘉晶統一9C購01  ,0,0,0,0,0,0,0,0,0,-70000,0,0,0,14000,84000,-70000,-70000
061915,T50反1凱基02購02,0,0,0,0,0,0,0,0,0,-70000,0,0,0,45000,115000,-70000,-70000
061673,仁寶元大9B購01  ,0,0,0,0,0,0,0,0,0,-70000,0,0,0,163000,233000,-70000,-70000
063308,緯穎凱基9B購05  ,0,0,0,0,0,0,0,0,0,-70000,0,0,0,0,70000,-70000,-70000
060612,世紀鋼凱基9A購01,0,0,0,0,0,0,0,0,0,-70000,0,0,0,0,70000,-70000,-70000
060819,國巨統一9C購04  ,0,0,0,0,0,0,0,0,0,-70000,0,0,0,0,70000,-70000,-70000
063881,嘉晶元富9C購01  ,0,0,0,0,0,0,0,0,0,-70000,0,0,0,15000,85000,-70000,-70000
065202,南電元富06購01  ,0,0,0,0,0,0,0,0,0,-70000,0,0,0,9000,79000,-70000,-70000
064753,英業達凱基9C購01,0,0,0,0,0,0,0,0,0,-70000,0,0,0,0,70000,-70000,-70000
06477P,緯穎國票99售02  ,0,0,0,0,0,0,0,0,0,-70000,0,0,0,0,70000,-70000,-70000
064937,英業達元富9C購01,0,0,0,0,0,0,0,0,0,-70000,0,0,0,78000,148000,-70000,-70000
064971,裕隆元大01購01  ,0,0,0,0,0,0,0,0,0,-70000,0,0,0,30000,100000,-70000,-70000
064958,GIS凱基02購03   ,0,0,0,0,0,0,0,0,0,-70000,0,0,0,40000,110000,-70000,-70000
063637,聯發科元大9C購02,0,0,0,0,0,0,0,0,0,-70000,0,0,0,0,70000,-70000,-70000
063654,上銀元富9B購05  ,0,0,0,0,0,0,0,0,0,-70000,0,0,0,92000,162000,-70000,-70000
064469,臻鼎元富9C購01  ,0,0,0,0,0,0,0,0,0,-70000,0,0,0,114000,184000,-70000,-70000
064016,南六國票01購01  ,0,0,0,0,0,0,0,0,0,-70000,0,0,0,0,70000,-70000,-70000
066472,美利達統一02購01,0,0,0,0,0,0,0,0,0,-70000,0,0,0,45000,115000,-70000,-70000
066625,瑞昱凱基02購01  ,0,0,0,0,0,0,0,0,0,-70000,0,0,0,3000,73000,-70000,-70000
066281,眾達元大02購01  ,0,0,0,0,0,0,0,0,0,-70000,0,0,0,90000,160000,-70000,-70000
066229,力山富邦04購01  ,0,0,0,0,0,0,0,0,0,-70000,0,0,0,0,70000,-70000,-70000
08711P,鴻海元富07售04  ,0,0,0,0,0,0,0,0,0,-71000,0,0,0,0,71000,-71000,-71000
063169,台汽電永豐9B購01,0,0,0,0,0,0,0,0,0,-71000,0,0,0,1000,72000,-71000,-71000
059140,大立光兆豐9A購02,0,0,0,0,0,0,0,0,0,-71000,0,0,0,38000,109000,-71000,-71000
057875,京鼎元大98購03  ,0,0,0,0,0,0,0,0,0,-71000,0,0,0,45000,116000,-71000,-71000
064217,GIS凱基02購02   ,0,0,0,0,0,0,0,0,0,-71000,0,0,0,21000,92000,-71000,-71000
061086,FBVIX統一01購01 ,0,0,0,0,0,0,0,0,0,-71000,0,0,0,0,71000,-71000,-71000
063565,旺宏元大9B購08  ,0,0,0,0,0,0,0,0,0,-71000,0,0,0,230000,301000,-71000,-71000
066096,友訊中信05購02  ,0,0,0,0,0,0,0,0,0,-71000,0,0,0,1000,72000,-71000,-71000
066007,大立光統一02購06,0,0,0,0,0,0,0,0,0,-71000,0,0,0,32000,103000,-71000,-71000
064543,華通凱基02購02  ,0,0,0,0,0,0,0,0,0,-71000,0,0,0,0,71000,-71000,-71000
063687,金像電永豐9B購04,0,0,0,0,0,0,0,0,0,-71000,0,0,0,10000,81000,-71000,-71000
4958,臻鼎-KY         ,739423,803050,-63627,0,0,0,0,18000,-18000,10000,128000,88000,40000,16000,46000,-30000,-71627
08632P,聯發科元大9C售19,0,0,0,0,0,0,0,0,0,-72000,0,0,0,47000,119000,-72000,-72000
067356,欣興群益01購01  ,0,0,0,0,0,0,0,0,0,-72000,0,0,0,0,72000,-72000,-72000
06956P,國巨日盛99售04  ,0,0,0,0,0,0,0,0,0,-72000,0,0,0,0,72000,-72000,-72000
07109P,聯發科中信9B售02,0,0,0,0,0,0,0,0,0,-72000,0,0,0,0,72000,-72000,-72000
059630,美律凱基99購07  ,0,0,0,0,0,0,0,0,0,-72000,0,0,0,2000,74000,-72000,-72000
057778,大立光群益98購02,0,0,0,0,0,0,0,0,0,-72000,0,0,0,0,72000,-72000,-72000
056937,智原元富98購01  ,0,0,0,0,0,0,0,0,0,-72000,0,0,0,2000,74000,-72000,-72000
062008,南亞科國泰9C購01,0,0,0,0,0,0,0,0,0,-72000,0,0,0,64000,136000,-72000,-72000
062672,兆豐金中信03購01,0,0,0,0,0,0,0,0,0,-72000,0,0,0,72000,144000,-72000,-72000
064459,創意統一02購01  ,0,0,0,0,0,0,0,0,0,-72000,0,0,0,111000,183000,-72000,-72000
064883,GIS兆豐01購01   ,0,0,0,0,0,0,0,0,0,-72000,0,0,0,223000,295000,-72000,-72000
065357,立積元富03購01  ,0,0,0,0,0,0,0,0,0,-72000,0,0,0,0,72000,-72000,-72000
066455,聯發科統一01購10,0,0,0,0,0,0,0,0,0,-72000,0,0,0,116000,188000,-72000,-72000
2607,榮運            ,24000,97000,-73000,0,0,0,0,0,0,1000,1000,0,1000,0,0,0,-72000
2609,陽明            ,46000,118000,-72000,0,0,0,0,0,0,0,0,0,0,0,0,0,-72000
067360,日月光群益01購01,0,0,0,0,0,0,0,0,0,-73000,0,0,0,0,73000,-73000,-73000
066927,亞德客國票02購01,0,0,0,0,0,0,0,0,0,-73000,0,0,0,84000,157000,-73000,-73000
062586,國巨統一01購06  ,0,0,0,0,0,0,0,0,0,-73000,0,0,0,9000,82000,-73000,-73000
062265,南茂元大9B購01  ,0,0,0,0,0,0,0,0,0,-73000,0,0,0,8000,81000,-73000,-73000
064242,TPK統一02購01   ,0,0,0,0,0,0,0,0,0,-73000,0,0,0,73000,146000,-73000,-73000
063897,神達群益9C購01  ,0,0,0,0,0,0,0,0,0,-73000,0,0,0,11000,84000,-73000,-73000
064807,義隆元大9C購03  ,0,0,0,0,0,0,0,0,0,-73000,0,0,0,5000,78000,-73000,-73000
1104,環泥            ,33000,106337,-73337,0,0,0,0,0,0,0,0,0,0,0,0,0,-73337
08658P,聯發科統一9C售19,0,0,0,0,0,0,0,0,0,-74000,0,0,0,56000,130000,-74000,-74000
08009P,華擎統一9B售02  ,0,0,0,0,0,0,0,0,0,-74000,0,0,0,0,74000,-74000,-74000
056911,緯穎元大99購01  ,0,0,0,0,0,0,0,0,0,-74000,0,0,0,14000,88000,-74000,-74000
058474,鴻海凱基9A購06  ,0,0,0,0,0,0,0,0,0,-74000,0,0,0,180000,254000,-74000,-74000
063368,遠東新永豐9B購01,0,0,0,0,0,0,0,0,0,-74000,0,0,0,72000,146000,-74000,-74000
058675,康控群益9B購01  ,0,0,0,0,0,0,0,0,0,-74000,0,0,0,0,74000,-74000,-74000
063499,金像電永豐9B購03,0,0,0,0,0,0,0,0,0,-74000,0,0,0,41000,115000,-74000,-74000
063662,上銀統一01購03  ,0,0,0,0,0,0,0,0,0,-74000,0,0,0,0,74000,-74000,-74000
064546,燿華凱基02購01  ,0,0,0,0,0,0,0,0,0,-74000,0,0,0,0,74000,-74000,-74000
066111,上銀兆豐02購01  ,0,0,0,0,0,0,0,0,0,-74000,0,0,0,20000,94000,-74000,-74000
066161,力山凱基01購01  ,0,0,0,0,0,0,0,0,0,-74000,0,0,0,0,74000,-74000,-74000
065532,台光電統一02購02,0,0,0,0,0,0,0,0,0,-74000,0,0,0,100000,174000,-74000,-74000
065504,宏達電永豐9C購01,0,0,0,0,0,0,0,0,0,-74000,0,0,0,18000,92000,-74000,-74000
065611,嘉聯益元大9C購02,0,0,0,0,0,0,0,0,0,-74000,0,0,0,140000,214000,-74000,-74000
3030,德律            ,62000,126000,-64000,0,0,0,0,0,0,-10000,0,0,0,0,10000,-10000,-74000
08527P,大立光元大01售06,0,0,0,0,0,0,0,0,0,-75000,0,0,0,6000,81000,-75000,-75000
08391P,智邦凱基02售02  ,0,0,0,0,0,0,0,0,0,-75000,0,0,0,0,75000,-75000,-75000
08871P,大立光群益01售08,0,0,0,0,0,0,0,0,0,-75000,0,0,0,0,75000,-75000,-75000
067169,台積電麥證01購07,0,0,0,35000,110000,-75000,0,0,0,-75000,0,0,0,35000,110000,-75000,-75000
059009,世紀鋼元大99購04,0,0,0,0,0,0,0,0,0,-75000,0,0,0,72000,147000,-75000,-75000
063130,聯茂元大9B購02  ,0,0,0,0,0,0,0,0,0,-75000,0,0,0,18000,93000,-75000,-75000
058596,旺宏台新99購01  ,0,0,0,0,0,0,0,0,0,-75000,0,0,0,0,75000,-75000,-75000
060981,旺宏元大9A購08  ,0,0,0,0,0,0,0,0,0,-75000,0,0,0,50000,125000,-75000,-75000
060982,旺宏元大9A購09  ,0,0,0,0,0,0,0,0,0,-75000,0,0,0,50000,125000,-75000,-75000
060790,日月光富邦9A購01,0,0,0,0,0,0,0,0,0,-75000,0,0,0,35000,110000,-75000,-75000
064695,京鼎群益02購02  ,0,0,0,0,0,0,0,0,0,-75000,0,0,0,48000,123000,-75000,-75000
065418,緯創國票01購01  ,0,0,0,0,0,0,0,0,0,-75000,0,0,0,19000,94000,-75000,-75000
067580,亞德客群益01購03,0,0,0,0,0,0,0,0,0,-76000,0,0,0,0,76000,-76000,-76000
07974P,上証2X元大9B售02,0,0,0,0,0,0,0,0,0,-76000,0,0,0,219000,295000,-76000,-76000
00673R,元大S&P原油反1  ,2000,2000,0,0,0,0,0,0,0,-76000,0,0,0,57000,133000,-76000,-76000
061589,世紀鋼富邦9B購01,0,0,0,0,0,0,0,0,0,-76000,0,0,0,172000,248000,-76000,-76000
062313,聯詠凱基9C購01  ,0,0,0,0,0,0,0,0,0,-76000,0,0,0,14000,90000,-76000,-76000
060489,世紀鋼群益9A購01,0,0,0,0,0,0,0,0,0,-76000,0,0,0,87000,163000,-76000,-76000
064977,玉晶光元大01購03,0,0,0,0,0,0,0,0,0,-76000,0,0,0,216000,292000,-76000,-76000
064570,TPK群益9C購03   ,0,0,0,0,0,0,0,0,0,-76000,0,0,0,0,76000,-76000,-76000
063992,大立光中信9C購03,0,0,0,0,0,0,0,0,0,-76000,0,0,0,4000,80000,-76000,-76000
065859,GIS元大9C購10   ,0,0,0,0,0,0,0,0,0,-76000,0,0,0,156000,232000,-76000,-76000
065801,瑞昱群益9C購04  ,0,0,0,0,0,0,0,0,0,-76000,0,0,0,40000,116000,-76000,-76000
06653P,美食元大98售02  ,0,0,0,0,0,0,0,0,0,-76000,0,0,0,495000,571000,-76000,-76000
067415,大成凱基01購01  ,0,0,0,0,0,0,0,0,0,-77000,0,0,0,0,77000,-77000,-77000
067177,日月光麥證01購02,0,0,0,57000,134000,-77000,0,0,0,-77000,0,0,0,57000,134000,-77000,-77000
058249,緯穎元大99購04  ,0,0,0,0,0,0,0,0,0,-77000,0,0,0,39000,116000,-77000,-77000
062470,智邦凱基9C購01  ,0,0,0,0,0,0,0,0,0,-77000,0,0,0,9000,86000,-77000,-77000
062104,上証2X國票9B購03,0,0,0,0,0,0,0,0,0,-77000,0,0,0,53000,130000,-77000,-77000
061157,聯鈞群益9A購02  ,0,0,0,0,0,0,0,0,0,-77000,0,0,0,0,77000,-77000,-77000
066617,鎧勝康和01購01  ,0,0,0,0,0,0,0,0,0,-77000,0,0,0,236000,313000,-77000,-77000
066225,松翰國泰03購01  ,0,0,0,0,0,0,0,0,0,-77000,0,0,0,23000,100000,-77000,-77000
066057,華擎元大02購01  ,0,0,0,0,0,0,0,0,0,-77000,0,0,0,202000,279000,-77000,-77000
064778,美律群益9C購01  ,0,0,0,0,0,0,0,0,0,-77000,0,0,0,49000,126000,-77000,-77000
066858,聯鈞國票02購01  ,0,0,0,0,0,0,0,0,0,-78000,0,0,0,0,78000,-78000,-78000
067378,欣興統一02購02  ,0,0,0,0,0,0,0,0,0,-78000,0,0,0,19000,97000,-78000,-78000
08802P,聯發科元大01售14,0,0,0,0,0,0,0,0,0,-78000,0,0,0,27000,105000,-78000,-78000
056994,緯穎兆豐98購02  ,0,0,0,0,0,0,0,0,0,-78000,0,0,0,0,78000,-78000,-78000
059061,晶技凱基9A購01  ,0,0,0,0,0,0,0,0,0,-78000,0,0,0,73000,151000,-78000,-78000
061368,南六國票9A購01  ,0,0,0,0,0,0,0,0,0,-78000,0,0,0,6000,84000,-78000,-78000
064396,創意永豐9C購01  ,0,0,0,0,0,0,0,0,0,-78000,0,0,0,70000,148000,-78000,-78000
062522,同欣電元大9B購02,0,0,0,0,0,0,0,0,0,-78000,0,0,0,63000,141000,-78000,-78000
064732,GIS統一01購03   ,0,0,0,0,0,0,0,0,0,-78000,0,0,0,1000,79000,-78000,-78000
3032,偉訓            ,14000,92000,-78000,0,0,0,0,0,0,0,0,0,0,0,0,0,-78000
08801P,聯發科元大01售13,0,0,0,0,0,0,0,0,0,-79000,0,0,0,240000,319000,-79000,-79000
066801,奇鋐凱基01購02  ,0,0,0,0,0,0,0,0,0,-79000,0,0,0,41000,120000,-79000,-79000
063191,台表科凱基9B購03,1000,0,1000,0,0,0,0,0,0,-80000,0,0,0,197000,277000,-80000,-79000
057312,美律麥證98購01  ,0,0,0,1000,80000,-79000,0,0,0,-79000,0,0,0,1000,80000,-79000,-79000
062661,華通群益9B購05  ,0,0,0,0,0,0,0,0,0,-79000,0,0,0,0,79000,-79000,-79000
062075,智邦元大9B購03  ,0,0,0,0,0,0,0,0,0,-79000,0,0,0,56000,135000,-79000,-79000
064080,宏達電中信06購01,0,0,0,0,0,0,0,0,0,-79000,0,0,0,5000,84000,-79000,-79000
061617,微星群益9A購02  ,0,0,0,0,0,0,0,0,0,-79000,0,0,0,14000,93000,-79000,-79000
063803,世紀鋼凱基01購01,0,0,0,0,0,0,0,0,0,-79000,0,0,0,18000,97000,-79000,-79000
066177,上緯控凱基01購01,0,0,0,0,0,0,0,0,0,-79000,0,0,0,17000,96000,-79000,-79000
2913,農林            ,71000,148000,-77000,0,0,0,0,0,0,-2000,0,2000,-2000,0,0,0,-79000
2538,基泰            ,20000,99000,-79000,0,0,0,0,0,0,0,0,0,0,0,0,0,-79000
2820,華票            ,149000,225000,-76000,0,0,0,0,3000,-3000,0,0,0,0,0,0,0,-79000
8131,福懋科          ,48000,125000,-77000,0,0,0,0,1000,-1000,-1000,0,0,0,0,1000,-1000,-79000
066752,南電元大01購06  ,0,0,0,0,0,0,0,0,0,-80000,0,0,0,20000,100000,-80000,-80000
067371,聯發科統一02購08,0,0,0,0,0,0,0,0,0,-80000,0,0,0,0,80000,-80000,-80000
07369P,台積電凱基99售20,0,0,0,0,0,0,0,0,0,-80000,0,0,0,0,80000,-80000,-80000
07580P,緯穎元大9A售03  ,0,0,0,0,0,0,0,0,0,-80000,0,0,0,0,80000,-80000,-80000
08805P,台積電元富07售04,0,0,0,0,0,0,0,0,0,-80000,0,0,0,20000,100000,-80000,-80000
2239,英利-KY         ,72000,109000,-37000,0,0,0,0,43000,-43000,0,0,0,0,0,0,0,-80000
2399,映泰            ,9000,89000,-80000,0,0,0,0,0,0,0,0,0,0,0,0,0,-80000
08046P,臺股指國票9B售11,0,0,0,0,0,0,0,0,0,-80000,0,0,0,0,80000,-80000,-80000
056378,欣興元富98購01  ,0,0,0,0,0,0,0,0,0,-80000,0,0,0,0,80000,-80000,-80000
058670,鴻海群益9A購03  ,0,0,0,0,0,0,0,0,0,-80000,0,0,0,92000,172000,-80000,-80000
064397,旭富永豐9C購01  ,0,0,0,0,0,0,0,0,0,-80000,0,0,0,0,80000,-80000,-80000
062155,國巨凱基9C購03  ,0,0,0,0,0,0,0,0,0,-80000,0,0,0,0,80000,-80000,-80000
062208,旭富國票9C購01  ,0,0,0,0,0,0,0,0,0,-80000,0,0,0,0,80000,-80000,-80000
062426,大立光統一02購02,0,0,0,0,0,0,0,0,0,-80000,0,0,0,0,80000,-80000,-80000
065798,華通群益01購03  ,0,0,0,0,0,0,0,0,0,-80000,0,0,0,30000,110000,-80000,-80000
065775,神隆國泰03購01  ,0,0,0,0,0,0,0,0,0,-80000,0,0,0,55000,135000,-80000,-80000
065501,旭富富邦9C購01  ,0,0,0,0,0,0,0,0,0,-80000,0,0,0,0,80000,-80000,-80000
063901,緯穎群益9C購01  ,0,0,0,0,0,0,0,0,0,-80000,0,0,0,102000,182000,-80000,-80000
065112,台表科國票02購01,0,0,0,0,0,0,0,0,0,-80000,0,0,0,106000,186000,-80000,-80000
08553P,嘉澤群益9C售01  ,0,0,0,0,0,0,0,0,0,-81000,0,0,0,0,81000,-81000,-81000
08597P,聯發科元大9C售18,0,0,0,0,0,0,0,0,0,-81000,0,0,0,140000,221000,-81000,-81000
2511,太子            ,5000,86000,-81000,0,0,0,0,0,0,0,0,0,0,0,0,0,-81000
066830,國揚群益01購01  ,0,0,0,0,0,0,0,0,0,-81000,0,0,0,102000,183000,-81000,-81000
067306,奇鋐元大01購02  ,0,0,0,0,0,0,0,0,0,-81000,0,0,0,55000,136000,-81000,-81000
067226,台灣50群益01購09,0,0,0,0,0,0,0,0,0,-81000,0,0,0,0,81000,-81000,-81000
059493,國巨國票9B購01  ,0,0,0,0,0,0,0,0,0,-81000,0,0,0,20000,101000,-81000,-81000
055700,緯穎國泰98購02  ,0,0,0,0,0,0,0,0,0,-81000,0,0,0,22000,103000,-81000,-81000
058166,鴻海凱基9A購01  ,0,0,0,0,0,0,0,0,0,-81000,0,0,0,0,81000,-81000,-81000
062415,聯茂中信9C購01  ,0,0,0,0,0,0,0,0,0,-81000,0,0,0,25000,106000,-81000,-81000
063306,聯茂凱基9C購01  ,0,0,0,0,0,0,0,0,0,-81000,0,0,0,0,81000,-81000,-81000
061198,世紀鋼永豐9A購03,0,0,0,0,0,0,0,0,0,-81000,0,0,0,100000,181000,-81000,-81000
061918,上銀凱基9B購02  ,0,0,0,0,0,0,0,0,0,-81000,0,0,0,0,81000,-81000,-81000
064265,嘉聯益永豐9C購02,0,0,0,0,0,0,0,0,0,-81000,0,0,0,53000,134000,-81000,-81000
060718,中磊永豐9A購01  ,0,0,0,0,0,0,0,0,0,-81000,0,0,0,144000,225000,-81000,-81000
065386,華通兆豐9C購02  ,0,0,0,0,0,0,0,0,0,-81000,0,0,0,13000,94000,-81000,-81000
065032,TPK兆豐01購01   ,0,0,0,0,0,0,0,0,0,-81000,0,0,0,0,81000,-81000,-81000
063909,旺宏凱基02購01  ,0,0,0,0,0,0,0,0,0,-81000,0,0,0,46000,127000,-81000,-81000
066052,景碩元大02購01  ,0,0,0,0,0,0,0,0,0,-81000,0,0,0,51000,132000,-81000,-81000
065971,金像電元大02購01,0,0,0,0,0,0,0,0,0,-81000,0,0,0,28000,109000,-81000,-81000
066650,宏達電康和01購01,0,0,0,0,0,0,0,0,0,-81000,0,0,0,24000,105000,-81000,-81000
055265,玉晶光永豐98購03,0,0,0,0,0,0,0,0,0,-82000,0,0,0,81000,163000,-82000,-82000
063072,裕隆永豐9B購01  ,0,0,0,0,0,0,0,0,0,-82000,0,0,0,0,82000,-82000,-82000
062802,宏達電統一9B購01,0,0,0,0,0,0,0,0,0,-82000,0,0,0,146000,228000,-82000,-82000
066380,瑞昱康和01購02  ,0,0,0,0,0,0,0,0,0,-82000,0,0,0,0,82000,-82000,-82000
065593,達新元大9C購02  ,0,0,0,0,0,0,0,0,0,-82000,0,0,0,1000,83000,-82000,-82000
064704,嘉晶國泰01購01  ,0,0,0,0,0,0,0,0,0,-82000,0,0,0,50000,132000,-82000,-82000
06766P,玉晶光元大99售10,0,0,0,0,0,0,0,0,0,-83000,0,0,0,0,83000,-83000,-83000
08545P,南電國泰01售02  ,0,0,0,0,0,0,0,0,0,-83000,0,0,0,0,83000,-83000,-83000
058148,百和元大99購01  ,0,0,0,0,0,0,0,0,0,-83000,0,0,0,7000,90000,-83000,-83000
061258,華通凱基9A購06  ,0,0,0,0,0,0,0,0,0,-83000,0,0,0,5000,88000,-83000,-83000
060915,旭富元大9A購01  ,0,0,0,0,0,0,0,0,0,-83000,0,0,0,126000,209000,-83000,-83000
064848,金像電元富9C購02,0,0,0,0,0,0,0,0,0,-83000,0,0,0,428000,511000,-83000,-83000
064019,上銀元大9C購05  ,0,0,0,0,0,0,0,0,0,-83000,0,0,0,17000,100000,-83000,-83000
064877,可成兆豐9C購02  ,0,0,0,0,0,0,0,0,0,-83000,0,0,0,16000,99000,-83000,-83000
065265,景碩元大9C購02  ,0,0,0,0,0,0,0,0,0,-83000,0,0,0,60000,143000,-83000,-83000
065987,大毅永豐01購01  ,0,0,0,0,0,0,0,0,0,-83000,0,0,0,0,83000,-83000,-83000
066154,聯強康和01購01  ,0,0,0,0,0,0,0,0,0,-83000,0,0,0,68000,151000,-83000,-83000
2617,台航            ,77000,160544,-83544,0,0,0,0,0,0,0,0,0,0,0,0,0,-83544
08540P,嘉晶國票01售01  ,0,0,0,0,0,0,0,0,0,-84000,0,0,0,15000,99000,-84000,-84000
08390P,旺宏凱基9C售02  ,0,0,0,0,0,0,0,0,0,-84000,0,0,0,0,84000,-84000,-84000
067332,旺宏凱基03購02  ,0,0,0,0,0,0,0,0,0,-84000,0,0,0,20000,104000,-84000,-84000
066701,京元電群益01購02,0,0,0,0,0,0,0,0,0,-84000,0,0,0,44000,128000,-84000,-84000
057563,旭富國泰9A購01  ,0,0,0,0,0,0,0,0,0,-84000,0,0,0,5000,89000,-84000,-84000
064246,南六統一9C購02  ,0,0,0,0,0,0,0,0,0,-84000,0,0,0,0,84000,-84000,-84000
064185,裕隆永豐9C購01  ,0,0,0,0,0,0,0,0,0,-84000,0,0,0,42000,126000,-84000,-84000
061628,緯穎群益9A購04  ,0,0,0,0,0,0,0,0,0,-84000,0,0,0,31000,115000,-84000,-84000
061463,智邦群益9A購02  ,0,0,0,0,0,0,0,0,0,-84000,0,0,0,25000,109000,-84000,-84000
062143,大成鋼國票9B購01,0,0,0,0,0,0,0,0,0,-84000,0,0,0,0,84000,-84000,-84000
063484,達方元大9B購01  ,0,0,0,0,0,0,0,0,0,-84000,0,0,0,16000,100000,-84000,-84000
066326,敦陽科永豐01購01,0,0,0,0,0,0,0,0,0,-84000,0,0,0,0,84000,-84000,-84000
065339,旺宏統一01購08  ,0,0,0,0,0,0,0,0,0,-84000,0,0,0,0,84000,-84000,-84000
064426,群創兆豐9C購01  ,0,0,0,0,0,0,0,0,0,-84000,0,0,0,3000,87000,-84000,-84000
4426,利勤            ,35000,119000,-84000,0,0,0,0,0,0,0,0,0,0,0,0,0,-84000
067004,義隆永豐01購01  ,0,0,0,0,0,0,0,0,0,-85000,0,0,0,3000,88000,-85000,-85000
066986,健策群益02購02  ,0,0,0,0,0,0,0,0,0,-85000,0,0,0,1000,86000,-85000,-85000
067391,健策元富01購02  ,0,0,0,0,0,0,0,0,0,-85000,0,0,0,0,85000,-85000,-85000
067520,健策元富01購03  ,0,0,0,0,0,0,0,0,0,-85000,0,0,0,0,85000,-85000,-85000
08582P,臺股指元大9C售30,0,0,0,0,0,0,0,0,0,-85000,0,0,0,2000,87000,-85000,-85000
08179P,華新科元大9B售13,0,0,0,0,0,0,0,0,0,-85000,0,0,0,40000,125000,-85000,-85000
08216P,聯發科群益9C售05,0,0,0,0,0,0,0,0,0,-85000,0,0,0,0,85000,-85000,-85000
08775P,台灣50群益01售05,0,0,0,0,0,0,0,0,0,-85000,0,0,0,0,85000,-85000,-85000
1304,台聚            ,68000,153000,-85000,0,0,0,0,0,0,0,0,0,0,0,0,0,-85000
058010,帆宣國票98購01  ,0,0,0,0,0,0,0,0,0,-85000,0,0,0,0,85000,-85000,-85000
057987,大立光元富98購02,0,0,0,0,0,0,0,0,0,-85000,0,0,0,25000,110000,-85000,-85000
059097,世紀鋼元大99購05,0,0,0,0,0,0,0,0,0,-85000,0,0,0,75000,160000,-85000,-85000
056472,美律元大99購03  ,0,0,0,0,0,0,0,0,0,-85000,0,0,0,964000,1049000,-85000,-85000
051597,T50反1中信99購02,0,0,0,0,0,0,0,0,0,-85000,0,0,0,10000,95000,-85000,-85000
063508,緯創群益9B購01  ,0,0,0,0,0,0,0,0,0,-85000,0,0,0,11000,96000,-85000,-85000
062801,宏達電統一01購01,0,0,0,0,0,0,0,0,0,-85000,0,0,0,45000,130000,-85000,-85000
062552,南電永豐9B購01  ,0,0,0,0,0,0,0,0,0,-85000,0,0,0,0,85000,-85000,-85000
060744,鴻海國票9A購04  ,0,0,0,0,0,0,0,0,0,-85000,0,0,0,0,85000,-85000,-85000
063707,儒鴻凱基9C購01  ,0,0,0,0,0,0,0,0,0,-85000,0,0,0,60000,145000,-85000,-85000
063943,台光電元大9C購02,0,0,0,0,0,0,0,0,0,-85000,0,0,0,16000,101000,-85000,-85000
065275,台灣50群益02購02,0,0,0,0,0,0,0,0,0,-85000,0,0,0,0,85000,-85000,-85000
065221,神隆永豐9C購01  ,0,0,0,0,0,0,0,0,0,-85000,0,0,0,0,85000,-85000,-85000
066037,華通元大01購03  ,0,0,0,0,0,0,0,0,0,-85000,0,0,0,30000,115000,-85000,-85000
6205,詮欣            ,58000,147000,-89000,0,0,0,0,0,0,4000,4000,0,4000,0,0,0,-85000
08536P,台積電國票9C售08,0,0,0,0,0,0,0,0,0,-86000,0,0,0,110000,196000,-86000,-86000
07840P,康控元大9A售02  ,0,0,0,0,0,0,0,0,0,-86000,0,0,0,117000,203000,-86000,-86000
058733,同欣電永豐99購02,0,0,0,0,0,0,0,0,0,-86000,0,0,0,2000,88000,-86000,-86000
060906,旺宏元大9A購07  ,0,0,0,0,0,0,0,0,0,-86000,0,0,0,50000,136000,-86000,-86000
064175,華通國泰02購01  ,0,0,0,0,0,0,0,0,0,-86000,0,0,0,34000,120000,-86000,-86000
062579,華通統一01購02  ,0,0,0,0,0,0,0,0,0,-86000,0,0,0,83000,169000,-86000,-86000
062406,臻鼎永豐9B購01  ,0,0,0,0,0,0,0,0,0,-86000,0,0,0,112000,198000,-86000,-86000
065514,建準群益9C購01  ,0,0,0,0,0,0,0,0,0,-86000,0,0,0,39000,125000,-86000,-86000
06934P,聯鈞元大98售03  ,0,0,0,0,0,0,0,0,0,-87000,0,0,0,3000,90000,-87000,-87000
067314,新日興元大01購02,0,0,0,0,0,0,0,0,0,-87000,0,0,0,0,87000,-87000,-87000
08405P,聯發科元大9C售11,0,0,0,0,0,0,0,0,0,-87000,0,0,0,133000,220000,-87000,-87000
08863P,台積電元大01售25,0,0,0,0,0,0,0,0,0,-87000,0,0,0,3410000,3497000,-87000,-87000
2204,中華            ,86000,173000,-87000,0,0,0,0,0,0,0,0,0,0,0,0,0,-87000
063232,裕隆元大9B購01  ,0,0,0,0,0,0,0,0,0,-87000,0,0,0,0,87000,-87000,-87000
00770,國泰北美科技    ,1000,0,1000,0,0,0,0,0,0,-88000,0,0,0,53000,141000,-88000,-87000
059224,大立光元大99購15,0,0,0,0,0,0,0,0,0,-87000,0,0,0,0,87000,-87000,-87000
06326P,鴻海中信01售01  ,0,0,0,0,0,0,0,0,0,-87000,0,0,0,614000,701000,-87000,-87000
061190,力山永豐9A購02  ,0,0,0,0,0,0,0,0,0,-87000,0,0,0,38000,125000,-87000,-87000
064148,瑞昱統一02購01  ,0,0,0,0,0,0,0,0,0,-87000,0,0,0,35000,122000,-87000,-87000
053292,美律中信98購01  ,0,0,0,0,0,0,0,0,0,-88000,0,0,0,12000,100000,-88000,-88000
063082,瑞昱凱基9B購04  ,0,0,0,0,0,0,0,0,0,-88000,0,0,0,51000,139000,-88000,-88000
058345,台光電群益99購03,0,0,0,0,0,0,0,0,0,-88000,0,0,0,0,88000,-88000,-88000
058813,旺宏統一9B購04  ,0,0,0,0,0,0,0,0,0,-88000,0,0,0,0,88000,-88000,-88000
058750,緯穎凱基9A購03  ,0,0,0,0,0,0,0,0,0,-88000,0,0,0,17000,105000,-88000,-88000
06438P,玉晶光國票99售02,0,0,0,0,0,0,0,0,0,-88000,0,0,0,12000,100000,-88000,-88000
060402,神隆國泰9B購01  ,0,0,0,0,0,0,0,0,0,-88000,0,0,0,105000,193000,-88000,-88000
065454,神隆元富9C購01  ,0,0,0,0,0,0,0,0,0,-88000,0,0,0,0,88000,-88000,-88000
065989,泰碩永豐01購01  ,0,0,0,0,0,0,0,0,0,-88000,0,0,0,0,88000,-88000,-88000
066312,川湖永豐01購01  ,0,0,0,0,0,0,0,0,0,-88000,0,0,0,0,88000,-88000,-88000
066264,金像電元大01購01,0,0,0,0,0,0,0,0,0,-88000,0,0,0,110000,198000,-88000,-88000
065420,中租國票01購01  ,0,0,0,0,0,0,0,0,0,-88000,0,0,0,15000,103000,-88000,-88000
064699,臻鼎群益9C購01  ,0,0,0,0,0,0,0,0,0,-88000,0,0,0,10000,98000,-88000,-88000
08490P,上銀元大9C售08  ,0,0,0,0,0,0,0,0,0,-89000,0,0,0,11000,100000,-89000,-89000
067039,生達凱基01購01  ,0,0,0,0,0,0,0,0,0,-89000,0,0,0,0,89000,-89000,-89000
059296,大立光元富99購06,0,0,0,0,0,0,0,0,0,-89000,0,0,0,20000,109000,-89000,-89000
060413,東元永豐9A購01  ,0,0,0,0,0,0,0,0,0,-89000,0,0,0,205000,294000,-89000,-89000
060960,金像電凱基9B購01,0,0,0,0,0,0,0,0,0,-89000,0,0,0,61000,150000,-89000,-89000
062969,旺宏元富9B購01  ,0,0,0,0,0,0,0,0,0,-89000,0,0,0,54000,143000,-89000,-89000
066184,鎧勝凱基01購01  ,0,0,0,0,0,0,0,0,0,-89000,0,0,0,46000,135000,-89000,-89000
066411,南紡元大01購01  ,0,0,0,0,0,0,0,0,0,-89000,0,0,0,30000,119000,-89000,-89000
065588,聯發科永豐9C購02,0,0,0,0,0,0,0,0,0,-89000,0,0,0,2000,91000,-89000,-89000
2823,中壽            ,1244853,1329630,-84777,0,0,0,0,49000,-49000,44000,34000,1000,33000,96000,85000,11000,-89777
066899,義隆康和01購01  ,0,0,0,0,0,0,0,0,0,-90000,0,0,0,0,90000,-90000,-90000
066738,聯鈞元大01購05  ,0,0,0,0,0,0,0,0,0,-90000,0,0,0,10000,100000,-90000,-90000
06758P,鴻海元大98售10  ,0,0,0,0,0,0,0,0,0,-90000,0,0,0,444000,534000,-90000,-90000
07056P,臺股指麥證99售02,0,0,0,10000,100000,-90000,0,0,0,-90000,0,0,0,10000,100000,-90000,-90000
07184P,台灣50元富01售01,0,0,0,0,0,0,0,0,0,-90000,0,0,0,0,90000,-90000,-90000
08123P,台表科國票9C售01,0,0,0,0,0,0,0,0,0,-90000,0,0,0,60000,150000,-90000,-90000
07982P,全新群益9B售04  ,0,0,0,0,0,0,0,0,0,-90000,0,0,0,12000,102000,-90000,-90000
08784P,上証2X元富01售01,0,0,0,0,0,0,0,0,0,-90000,0,0,0,50000,140000,-90000,-90000
1316,上曜            ,67000,109000,-42000,0,0,0,0,0,0,-48000,0,48000,-48000,0,0,0,-90000
056579,麗豐元大99購01  ,0,0,0,0,0,0,0,0,0,-90000,0,0,0,110000,200000,-90000,-90000
052629,訊芯中信99購01  ,0,0,0,0,0,0,0,0,0,-90000,0,0,0,0,90000,-90000,-90000
058762,貿聯群益99購03  ,0,0,0,0,0,0,0,0,0,-90000,0,0,0,0,90000,-90000,-90000
058808,大成鋼統一9B購01,0,0,0,0,0,0,0,0,0,-90000,0,0,0,0,90000,-90000,-90000
063147,東元元富9B購01  ,0,0,0,0,0,0,0,0,0,-90000,0,0,0,91000,181000,-90000,-90000
061462,國巨群益9A購11  ,0,0,0,0,0,0,0,0,0,-90000,0,0,0,89000,179000,-90000,-90000
062877,可成兆豐9C購01  ,0,0,0,0,0,0,0,0,0,-90000,0,0,0,0,90000,-90000,-90000
066432,南六元大01購02  ,0,0,0,0,0,0,0,0,0,-90000,0,0,0,32000,122000,-90000,-90000
063973,緯穎國票9C購01  ,0,0,0,0,0,0,0,0,0,-90000,0,0,0,208000,298000,-90000,-90000
064557,鴻海群益9C購04  ,0,0,0,0,0,0,0,0,0,-90000,0,0,0,45000,135000,-90000,-90000
2636,台驊投控        ,77000,167000,-90000,0,0,0,0,0,0,0,0,0,0,0,0,0,-90000
08223P,臺股指凱基9B售18,0,0,0,0,0,0,0,0,0,-91000,0,0,0,154000,245000,-91000,-91000
067037,美利達康和01購02,0,0,0,0,0,0,0,0,0,-91000,0,0,0,0,91000,-91000,-91000
063081,技嘉凱基9B購02  ,0,0,0,0,0,0,0,0,0,-91000,0,0,0,76000,167000,-91000,-91000
057629,泰碩永豐98購02  ,0,0,0,0,0,0,0,0,0,-91000,0,0,0,64000,155000,-91000,-91000
060932,南六永豐9A購02  ,0,0,0,0,0,0,0,0,0,-91000,0,0,0,0,91000,-91000,-91000
060170,世紀鋼永豐9A購01,0,0,0,0,0,0,0,0,0,-91000,0,0,0,0,91000,-91000,-91000
063300,華通凱基9B購05  ,0,0,0,0,0,0,0,0,0,-91000,0,0,0,22000,113000,-91000,-91000
060575,大立光中信9B購02,0,0,0,0,0,0,0,0,0,-91000,0,0,0,0,91000,-91000,-91000
063606,TPK凱基9C購01   ,0,0,0,0,0,0,0,0,0,-91000,0,0,0,63000,154000,-91000,-91000
066606,聯詠永豐01購01  ,0,0,0,0,0,0,0,0,0,-91000,0,0,0,68000,159000,-91000,-91000
6120,達運            ,147000,238000,-91000,0,0,0,0,0,0,0,0,0,0,0,0,0,-91000
066756,長興永豐01購02  ,0,0,0,0,0,0,0,0,0,-92000,0,0,0,0,92000,-92000,-92000
066898,聯發科康和01購01,0,0,0,0,0,0,0,0,0,-92000,0,0,0,4000,96000,-92000,-92000
08491P,全新元大9C售01  ,0,0,0,0,0,0,0,0,0,-92000,0,0,0,0,92000,-92000,-92000
058534,友達統一9B購01  ,0,0,0,0,0,0,0,0,0,-92000,0,0,0,108000,200000,-92000,-92000
058513,宏達電元大99購05,0,0,0,0,0,0,0,0,0,-92000,0,0,0,0,92000,-92000,-92000
062237,緯創凱基9B購01  ,0,0,0,0,0,0,0,0,0,-92000,0,0,0,81000,173000,-92000,-92000
062575,景碩群益9B購01  ,0,0,0,0,0,0,0,0,0,-92000,0,0,0,18000,110000,-92000,-92000
063301,鴻海凱基9B購08  ,0,0,0,0,0,0,0,0,0,-92000,0,0,0,135000,227000,-92000,-92000
061843,億豐凱基9C購01  ,0,0,0,0,0,0,0,0,0,-92000,0,0,0,22000,114000,-92000,-92000
064724,健鼎統一02購02  ,0,0,0,0,0,0,0,0,0,-92000,0,0,0,333000,425000,-92000,-92000
5876,上海商銀        ,676504,730155,-53651,0,0,0,0,6000,-6000,-33000,0,0,0,5000,38000,-33000,-92651
2461,光群雷          ,30000,123000,-93000,0,0,0,0,0,0,0,0,0,0,0,0,0,-93000
066799,台光電凱基01購02,0,0,0,0,0,0,0,0,0,-93000,0,0,0,0,93000,-93000,-93000
057823,神達元大98購01  ,0,0,0,0,0,0,0,0,0,-93000,0,0,0,0,93000,-93000,-93000
062393,智邦富邦9B購01  ,0,0,0,0,0,0,0,0,0,-93000,0,0,0,0,93000,-93000,-93000
062438,台光電元大9B購04,0,0,0,0,0,0,0,0,0,-93000,0,0,0,62000,155000,-93000,-93000
061370,晶技國泰9C購01  ,0,0,0,0,0,0,0,0,0,-93000,0,0,0,10000,103000,-93000,-93000
065575,神達群益01購01  ,0,0,0,0,0,0,0,0,0,-93000,0,0,0,0,93000,-93000,-93000
067041,國巨凱基04購02  ,0,0,0,0,0,0,0,0,0,-94000,0,0,0,143000,237000,-94000,-94000
057733,嘉聯益國泰99購01,0,0,0,0,0,0,0,0,0,-94000,0,0,0,6000,100000,-94000,-94000
059677,大立光台新99購01,0,0,0,0,0,0,0,0,0,-94000,0,0,0,0,94000,-94000,-94000
059931,緯穎富邦9A購01  ,0,0,0,0,0,0,0,0,0,-94000,0,0,0,126000,220000,-94000,-94000
051266,國巨富邦99購01  ,0,0,0,0,0,0,0,0,0,-94000,0,0,0,15000,109000,-94000,-94000
056150,台光電凱基98購02,0,0,0,0,0,0,0,0,0,-94000,0,0,0,0,94000,-94000,-94000
061951,南電群益9B購01  ,0,0,0,0,0,0,0,0,0,-94000,0,0,0,38000,132000,-94000,-94000
065026,世紀鋼永豐9C購02,0,0,0,0,0,0,0,0,0,-94000,0,0,0,0,94000,-94000,-94000
066774,聯詠富邦03購01  ,0,0,0,0,0,0,0,0,0,-95000,0,0,0,195000,290000,-95000,-95000
07088P,訊芯永豐99售02  ,0,0,0,0,0,0,0,0,0,-95000,0,0,0,5000,100000,-95000,-95000
06755P,大立光永豐98售03,0,0,0,0,0,0,0,0,0,-95000,0,0,0,0,95000,-95000,-95000
08694P,大立光群益01售05,0,0,0,0,0,0,0,0,0,-95000,0,0,0,6000,101000,-95000,-95000
08835P,聯發科統一01售12,0,0,0,0,0,0,0,0,0,-95000,0,0,0,5000,100000,-95000,-95000
08399P,技嘉元富9C售02  ,0,0,0,0,0,0,0,0,0,-95000,0,0,0,5000,100000,-95000,-95000
059282,嘉聯益永豐99購01,0,0,0,0,0,0,0,0,0,-95000,0,0,0,32000,127000,-95000,-95000
055312,台虹群益99購01  ,0,0,0,0,0,0,0,0,0,-95000,0,0,0,0,95000,-95000,-95000
054791,泰碩群益99購02  ,0,0,0,0,0,0,0,0,0,-95000,0,0,0,30000,125000,-95000,-95000
059855,緯穎永豐99購04  ,0,0,0,0,0,0,0,0,0,-95000,0,0,0,0,95000,-95000,-95000
060637,玉晶光永豐9A購03,0,0,0,0,0,0,0,0,0,-95000,0,0,0,1000,96000,-95000,-95000
061391,晶技群益9A購02  ,0,0,0,0,0,0,0,0,0,-95000,0,0,0,20000,115000,-95000,-95000
064408,TPK凱基02購01   ,0,0,0,0,0,0,0,0,0,-95000,0,0,0,69000,164000,-95000,-95000
065713,緯穎群益9C購04  ,0,0,0,0,0,0,0,0,0,-95000,0,0,0,0,95000,-95000,-95000
066046,聯發科元大01購09,0,0,0,0,0,0,0,0,0,-95000,0,0,0,55000,150000,-95000,-95000
066144,惠特群益01購02  ,0,0,0,0,0,0,0,0,0,-95000,0,0,0,3000,98000,-95000,-95000
066255,英利元大01購01  ,0,0,0,0,0,0,0,0,0,-95000,0,0,0,0,95000,-95000,-95000
08469P,富邦金凱基9C售01,0,0,0,0,0,0,0,0,0,-96000,0,0,0,0,96000,-96000,-96000
1560,中砂            ,58000,106000,-48000,0,0,0,0,0,0,-48000,6000,54000,-48000,0,0,0,-96000
063127,TPK元大9B購02   ,0,0,0,0,0,0,0,0,0,-96000,0,0,0,116000,212000,-96000,-96000
056352,鴻海元大99購01  ,0,0,0,0,0,0,0,0,0,-96000,0,0,0,4000,100000,-96000,-96000
061400,可成兆豐9B購02  ,0,0,0,0,0,0,0,0,0,-96000,0,0,0,0,96000,-96000,-96000
059999,緯穎元富99購01  ,0,0,0,0,0,0,0,0,0,-96000,0,0,0,168000,264000,-96000,-96000
061914,台光電中信9B購01,0,0,0,0,0,0,0,0,0,-96000,0,0,0,20000,116000,-96000,-96000
062396,華通永豐9B購01  ,0,0,0,0,0,0,0,0,0,-96000,0,0,0,0,96000,-96000,-96000
062408,致新永豐9B購01  ,0,0,0,0,0,0,0,0,0,-96000,0,0,0,89000,185000,-96000,-96000
063267,台表科中信01購02,0,0,0,0,0,0,0,0,0,-96000,0,0,0,47000,143000,-96000,-96000
063319,神達群益9B購01  ,0,0,0,0,0,0,0,0,0,-96000,0,0,0,0,96000,-96000,-96000
061647,南六元大9A購03  ,0,0,0,0,0,0,0,0,0,-96000,0,0,0,146000,242000,-96000,-96000
066487,聯詠元富01購03  ,0,0,0,0,0,0,0,0,0,-96000,0,0,0,0,96000,-96000,-96000
065744,華新元大9C購01  ,0,0,0,0,0,0,0,0,0,-96000,0,0,0,9000,105000,-96000,-96000
065409,鴻海永豐9C購01  ,0,0,0,0,0,0,0,0,0,-96000,0,0,0,7000,103000,-96000,-96000
065328,緯穎凱基9C購03  ,0,0,0,0,0,0,0,0,0,-96000,0,0,0,0,96000,-96000,-96000
064508,力成元大9C購03  ,0,0,0,0,0,0,0,0,0,-96000,0,0,0,6000,102000,-96000,-96000
2031,新光鋼          ,100000,198000,-98000,0,0,0,0,0,0,1000,10000,9000,1000,0,0,0,-97000
067035,台表科康和01購01,0,0,0,0,0,0,0,0,0,-97000,0,0,0,199000,296000,-97000,-97000
058218,緯穎群益99購01  ,0,0,0,0,0,0,0,0,0,-97000,0,0,0,1000,98000,-97000,-97000
058147,鈺齊元大99購01  ,0,0,0,0,0,0,0,0,0,-97000,0,0,0,0,97000,-97000,-97000
059807,大立光元富99購09,0,0,0,0,0,0,0,0,0,-97000,0,0,0,23000,120000,-97000,-97000
061939,中租國票9B購01  ,0,0,0,0,0,0,0,0,0,-97000,0,0,0,4000,101000,-97000,-97000
061047,大立光第一9A購01,0,0,0,0,0,0,0,0,0,-97000,0,0,0,0,97000,-97000,-97000
061524,華通凱基9A購07  ,0,0,0,0,0,0,0,0,0,-97000,0,0,0,15000,112000,-97000,-97000
063880,可成元富9C購01  ,0,0,0,0,0,0,0,0,0,-97000,0,0,0,2000,99000,-97000,-97000
064780,義隆群益9C購04  ,0,0,0,0,0,0,0,0,0,-97000,0,0,0,0,97000,-97000,-97000
065449,中租統一9C購01  ,0,0,0,0,0,0,0,0,0,-97000,0,0,0,139000,236000,-97000,-97000
066070,金像電凱基01購03,0,0,0,0,0,0,0,0,0,-97000,0,0,0,116000,213000,-97000,-97000
067268,日月光永豐01購01,0,0,0,0,0,0,0,0,0,-98000,0,0,0,10000,108000,-98000,-98000
066910,華擎凱基01購03  ,0,0,0,0,0,0,0,0,0,-98000,0,0,0,193000,291000,-98000,-98000
066992,緯穎群益01購02  ,0,0,0,0,0,0,0,0,0,-98000,0,0,0,7000,105000,-98000,-98000
066997,樺漢國泰03購01  ,0,0,0,0,0,0,0,0,0,-98000,0,0,0,0,98000,-98000,-98000
08766P,臺股指中信03售03,0,0,0,0,0,0,0,0,0,-98000,0,0,0,17000,115000,-98000,-98000
058672,可成群益9B購02  ,0,0,0,0,0,0,0,0,0,-98000,0,0,0,0,98000,-98000,-98000
063030,華通凱基9B購03  ,0,0,0,0,0,0,0,0,0,-98000,0,0,0,5000,103000,-98000,-98000
057555,玉晶光凱基9A購02,0,0,0,0,0,0,0,0,0,-98000,0,0,0,155000,253000,-98000,-98000
057534,旭富元大98購01  ,0,0,0,0,0,0,0,0,0,-98000,0,0,0,2000,100000,-98000,-98000
057371,可成元大98購08  ,0,0,0,0,0,0,0,0,0,-98000,0,0,0,0,98000,-98000,-98000
046061,中石化凱基98購01,0,0,0,0,0,0,0,0,0,-98000,0,0,0,2000,100000,-98000,-98000
062867,東元中信9B購01  ,0,0,0,0,0,0,0,0,0,-98000,0,0,0,7000,105000,-98000,-98000
060061,旺宏兆豐99購02  ,0,0,0,0,0,0,0,0,0,-98000,0,0,0,0,98000,-98000,-98000
063506,嘉晶群益9B購01  ,0,0,0,0,0,0,0,0,0,-98000,0,0,0,40000,138000,-98000,-98000
063566,台光電元大9B購08,0,0,0,0,0,0,0,0,0,-98000,0,0,0,9000,107000,-98000,-98000
065570,台光電群益01購01,0,0,0,0,0,0,0,0,0,-98000,0,0,0,0,98000,-98000,-98000
066614,貿聯麥證01購01  ,0,0,0,19000,117000,-98000,0,0,0,-98000,0,0,0,19000,117000,-98000,-98000
066337,聯陽永豐01購02  ,0,0,0,0,0,0,0,0,0,-98000,0,0,0,13000,111000,-98000,-98000
065287,華新科群益01購03,0,0,0,0,0,0,0,0,0,-98000,0,0,0,0,98000,-98000,-98000
065256,上銀元大9C購10  ,0,0,0,0,0,0,0,0,0,-98000,0,0,0,200000,298000,-98000,-98000
065230,義隆凱基02購01  ,0,0,0,0,0,0,0,0,0,-98000,0,0,0,2000,100000,-98000,-98000
064491,金像電元大9C購03,0,0,0,0,0,0,0,0,0,-98000,0,0,0,87000,185000,-98000,-98000
063789,智邦台新9C購01  ,0,0,0,0,0,0,0,0,0,-98000,0,0,0,31000,129000,-98000,-98000
064620,大立光元大01購03,0,0,0,0,0,0,0,0,0,-98000,0,0,0,0,98000,-98000,-98000
3669,圓展            ,811000,909000,-98000,0,0,0,0,0,0,0,0,0,0,0,0,0,-98000
2365,昆盈            ,171000,270000,-99000,0,0,0,0,0,0,0,0,0,0,0,0,0,-99000
066887,聯發科中信02購01,0,0,0,0,0,0,0,0,0,-99000,0,0,0,352000,451000,-99000,-99000
059068,台虹國票9A購01  ,0,0,0,0,0,0,0,0,0,-99000,0,0,0,85000,184000,-99000,-99000
058955,台積電國票9A購04,0,0,0,0,0,0,0,0,0,-99000,0,0,0,20000,119000,-99000,-99000
064330,燿華元大9C購02  ,0,0,0,0,0,0,0,0,0,-99000,0,0,0,95000,194000,-99000,-99000
064747,彩晶國票01購01  ,0,0,0,0,0,0,0,0,0,-99000,0,0,0,0,99000,-99000,-99000
065271,日月光元大9C購02,0,0,0,0,0,0,0,0,0,-99000,0,0,0,176000,275000,-99000,-99000
065393,旺宏群益9C購04  ,0,0,0,0,0,0,0,0,0,-99000,0,0,0,23000,122000,-99000,-99000
065346,台光電統一02購01,0,0,0,0,0,0,0,0,0,-99000,0,0,0,0,99000,-99000,-99000
066235,大毅富邦04購01  ,0,0,0,0,0,0,0,0,0,-99000,0,0,0,30000,129000,-99000,-99000
067208,瑞昱元大01購03  ,0,0,0,0,0,0,0,0,0,-100000,0,0,0,0,100000,-100000,-100000
067209,瑞昱元大01購04  ,0,0,0,0,0,0,0,0,0,-100000,0,0,0,18000,118000,-100000,-100000
067291,可成兆豐01購01  ,0,0,0,0,0,0,0,0,0,-100000,0,0,0,0,100000,-100000,-100000
067561,晶技國票02購01  ,0,0,0,0,0,0,0,0,0,-100000,0,0,0,0,100000,-100000,-100000
067484,聯詠元大01購07  ,0,0,0,0,0,0,0,0,0,-100000,0,0,0,8000,108000,-100000,-100000
07456P,華新科元大9A售06,0,0,0,0,0,0,0,0,0,-100000,0,0,0,0,100000,-100000,-100000
07845P,南亞科元大9A售08,0,0,0,0,0,0,0,0,0,-100000,0,0,0,0,100000,-100000,-100000
07823P,國巨元大9A售23  ,0,0,0,0,0,0,0,0,0,-100000,0,0,0,0,100000,-100000,-100000
07585P,台灣50中信03售06,0,0,0,0,0,0,0,0,0,-100000,0,0,0,0,100000,-100000,-100000
07543P,台積電凱基9A售17,0,0,0,0,0,0,0,0,0,-100000,0,0,0,0,100000,-100000,-100000
07502P,美食元大9A售01  ,20000,0,20000,0,0,0,0,0,0,-120000,0,0,0,113000,233000,-120000,-100000
07475P,A50正2群益9C售02,0,0,0,0,0,0,0,0,0,-100000,0,0,0,0,100000,-100000,-100000
07669P,華新科元大9A售14,0,0,0,0,0,0,0,0,0,-100000,0,0,0,0,100000,-100000,-100000
08823P,台灣50元大01售26,0,0,0,0,0,0,0,0,0,-100000,0,0,0,0,100000,-100000,-100000
08492P,大立光元大9C售22,0,0,0,0,0,0,0,0,0,-100000,0,0,0,0,100000,-100000,-100000
08337P,台灣50凱基01售15,0,0,0,0,0,0,0,0,0,-100000,0,0,0,180000,280000,-100000,-100000
08202P,台表科國泰01售04,0,0,0,0,0,0,0,0,0,-100000,0,0,0,60000,160000,-100000,-100000
058742,鴻海康和99購01  ,0,0,0,0,0,0,0,0,0,-100000,0,0,0,0,100000,-100000,-100000
057514,華新科元富99購03,0,0,0,0,0,0,0,0,0,-100000,0,0,0,0,100000,-100000,-100000
057768,華新科中信9A購01,0,0,0,0,0,0,0,0,0,-100000,0,0,0,0,100000,-100000,-100000
045872,元油2X元富98購03,0,100000,-100000,0,0,0,0,0,0,0,0,0,0,0,0,0,-100000
056280,上証2X永豐98購01,0,0,0,0,0,0,0,0,0,-100000,0,0,0,0,100000,-100000,-100000
057286,群創元大9B購05  ,0,0,0,0,0,0,0,0,0,-100000,0,0,0,0,100000,-100000,-100000
057102,亞光中信9A購01  ,0,0,0,0,0,0,0,0,0,-100000,0,0,0,0,100000,-100000,-100000
058112,神達元富98購01  ,0,0,0,0,0,0,0,0,0,-100000,0,0,0,0,100000,-100000,-100000
058236,大立光元大99購09,0,0,0,0,0,0,0,0,0,-100000,0,0,0,0,100000,-100000,-100000
059500,鴻海元富99購11  ,0,0,0,0,0,0,0,0,0,-100000,0,0,0,0,100000,-100000,-100000
062908,晶豪科元大9B購03,0,0,0,0,0,0,0,0,0,-100000,0,0,0,0,100000,-100000,-100000
061483,TPK元大9A購01   ,0,0,0,0,0,0,0,0,0,-100000,0,0,0,31000,131000,-100000,-100000
063837,亞德客元大01購01,0,0,0,0,0,0,0,0,0,-100000,0,0,0,0,100000,-100000,-100000
064280,大立光元大9C購11,0,0,0,0,0,0,0,0,0,-100000,0,0,0,0,100000,-100000,-100000
060101,大立光元大99購31,0,0,0,0,0,0,0,0,0,-100000,0,0,0,0,100000,-100000,-100000
060833,道瓊反國票9A購01,0,0,0,0,0,0,0,0,0,-100000,0,0,0,0,100000,-100000,-100000
060859,鴻海永豐9A購01  ,0,0,0,0,0,0,0,0,0,-100000,0,0,0,0,100000,-100000,-100000
061651,世紀鋼元大9C購02,0,0,0,0,0,0,0,0,0,-100000,0,0,0,0,100000,-100000,-100000
062130,T50反1群益9B購01,0,0,0,0,0,0,0,0,0,-100000,0,0,0,0,100000,-100000,-100000
062382,燿華國泰9C購01  ,0,0,0,0,0,0,0,0,0,-100000,0,0,0,0,100000,-100000,-100000
061867,旺宏元大9B購02  ,0,0,0,0,0,0,0,0,0,-100000,0,0,0,0,100000,-100000,-100000
061868,旺宏元大9B購03  ,0,0,0,0,0,0,0,0,0,-100000,0,0,0,50000,150000,-100000,-100000
061802,勤誠永豐9B購01  ,0,0,0,0,0,0,0,0,0,-100000,0,0,0,0,100000,-100000,-100000
062221,奇力新統一01購01,0,0,0,0,0,0,0,0,0,-100000,0,0,0,0,100000,-100000,-100000
062518,臺指反元大02購07,0,0,0,0,0,0,0,0,0,-100000,0,0,0,0,100000,-100000,-100000
062774,儒鴻元大9C購01  ,0,0,0,0,0,0,0,0,0,-100000,0,0,0,41000,141000,-100000,-100000
06631P,玉晶光群益9A售03,0,0,0,0,0,0,0,0,0,-100000,0,0,0,100000,200000,-100000,-100000
066093,世紀鋼永豐01購01,0,0,0,0,0,0,0,0,0,-100000,0,0,0,10000,110000,-100000,-100000
066075,景碩凱基02購01  ,0,0,0,0,0,0,0,0,0,-100000,0,0,0,0,100000,-100000,-100000
066586,道瓊反群益01購02,0,0,0,0,0,0,0,0,0,-100000,0,0,0,0,100000,-100000,-100000
066456,全新統一02購01  ,0,0,0,0,0,0,0,0,0,-100000,0,0,0,0,100000,-100000,-100000
065594,華通元大01購02  ,0,0,0,0,0,0,0,0,0,-100000,0,0,0,0,100000,-100000,-100000
065469,FBVIX元大9C購05 ,0,0,0,0,0,0,0,0,0,-100000,0,0,0,0,100000,-100000,-100000
065707,聯詠群益9C購02  ,0,0,0,0,0,0,0,0,0,-100000,0,0,0,7000,107000,-100000,-100000
066036,神隆元大02購01  ,0,0,0,0,0,0,0,0,0,-100000,0,0,0,0,100000,-100000,-100000
064873,世紀鋼永豐9C購01,0,0,0,0,0,0,0,0,0,-100000,0,0,0,0,100000,-100000,-100000
064888,景碩中信9C購01  ,0,100000,-100000,0,0,0,0,0,0,0,0,0,0,148000,148000,0,-100000
064616,智邦元大9C購04  ,0,0,0,0,0,0,0,0,0,-100000,0,0,0,148000,248000,-100000,-100000
064590,牧德永豐9C購01  ,0,0,0,0,0,0,0,0,0,-100000,0,0,0,0,100000,-100000,-100000
063782,致新永豐9B購02  ,0,0,0,0,0,0,0,0,0,-100000,0,0,0,43000,143000,-100000,-100000
063700,台積電群益9B購09,0,0,0,0,0,0,0,0,0,-100000,0,0,0,0,100000,-100000,-100000
063568,高鐵元大9B購01  ,0,0,0,0,0,0,0,0,0,-100000,0,0,0,0,100000,-100000,-100000
063601,金像電凱基01購01,0,0,0,0,0,0,0,0,0,-100000,0,0,0,69000,169000,-100000,-100000
063572,麗豐元大9B購01  ,0,0,0,0,0,0,0,0,0,-100000,0,0,0,1000,101000,-100000,-100000
5243,乙盛-KY         ,135000,235000,-100000,0,0,0,0,0,0,0,0,0,0,0,0,0,-100000
6451,訊芯-KY         ,451000,491000,-40000,0,0,0,0,0,0,-60000,4000,16000,-12000,42000,90000,-48000,-100000
08352P,大立光群益01售02,0,0,0,0,0,0,0,0,0,-101000,0,0,0,0,101000,-101000,-101000
08815P,聯發科國泰03售03,0,0,0,0,0,0,0,0,0,-101000,0,0,0,35000,136000,-101000,-101000
07142P,台灣50元大01售01,0,0,0,0,0,0,0,0,0,-101000,0,0,0,40000,141000,-101000,-101000
06843P,鴻海元大98售11  ,0,0,0,0,0,0,0,0,0,-101000,0,0,0,95000,196000,-101000,-101000
067140,鎧勝永豐01購02  ,0,0,0,0,0,0,0,0,0,-101000,0,0,0,0,101000,-101000,-101000
056124,華通國票98購02  ,0,0,0,0,0,0,0,0,0,-101000,0,0,0,6000,107000,-101000,-101000
056411,緯穎國票99購01  ,0,0,0,0,0,0,0,0,0,-101000,0,0,0,4000,105000,-101000,-101000
063517,遠東新凱基01購01,0,0,0,0,0,0,0,0,0,-101000,0,0,0,20000,121000,-101000,-101000
065749,友訊元大9C購03  ,0,0,0,0,0,0,0,0,0,-101000,0,0,0,16000,117000,-101000,-101000
065482,立積元大01購02  ,0,0,0,0,0,0,0,0,0,-101000,0,0,0,17000,118000,-101000,-101000
066099,大立光中信05購01,0,0,0,0,0,0,0,0,0,-101000,0,0,0,20000,121000,-101000,-101000
067286,新日興國票02購02,0,0,0,0,0,0,0,0,0,-102000,0,0,0,47000,149000,-102000,-102000
066709,聚碩群益01購01  ,0,0,0,0,0,0,0,0,0,-102000,0,0,0,50000,152000,-102000,-102000
056944,鴻海統一98購11  ,0,0,0,0,0,0,0,0,0,-102000,0,0,0,0,102000,-102000,-102000
057872,旺宏元大99購06  ,0,0,0,0,0,0,0,0,0,-102000,0,0,0,1000,103000,-102000,-102000
059952,旺宏康和99購01  ,0,0,0,0,0,0,0,0,0,-102000,0,0,0,0,102000,-102000,-102000
062663,聯發科群益9B購07,0,0,0,0,0,0,0,0,0,-102000,0,0,0,3000,105000,-102000,-102000
066448,眾達群益01購01  ,0,0,0,0,0,0,0,0,0,-102000,0,0,0,80000,182000,-102000,-102000
066857,大立光國票02購02,0,0,0,0,0,0,0,0,0,-103000,0,0,0,6000,109000,-103000,-103000
066850,鎧勝元大01購03  ,0,0,0,0,0,0,0,0,0,-103000,0,0,0,6000,109000,-103000,-103000
06950P,鴻海統一9B售02  ,0,0,0,0,0,0,0,0,0,-103000,0,0,0,0,103000,-103000,-103000
07808P,超眾永豐9A售04  ,0,0,0,0,0,0,0,0,0,-103000,0,0,0,9000,112000,-103000,-103000
053537,玉晶光永豐98購02,0,0,0,0,0,0,0,0,0,-103000,0,0,0,10000,113000,-103000,-103000
057332,旺宏國票99購03  ,0,0,0,0,0,0,0,0,0,-103000,0,0,0,9000,112000,-103000,-103000
061876,明泰元大9B購01  ,0,0,0,0,0,0,0,0,0,-103000,0,0,0,0,103000,-103000,-103000
064352,嘉聯益元大9C購01,0,0,0,0,0,0,0,0,0,-103000,0,0,0,39000,142000,-103000,-103000
061577,泰碩元大9A購03  ,0,0,0,0,0,0,0,0,0,-103000,0,0,0,0,103000,-103000,-103000
066451,台郡群益01購01  ,0,0,0,0,0,0,0,0,0,-103000,0,0,0,1000,104000,-103000,-103000
066373,美利達中信01購01,0,0,0,0,0,0,0,0,0,-103000,0,0,0,8000,111000,-103000,-103000
066256,華通元大02購02  ,0,0,0,0,0,0,0,0,0,-103000,0,0,0,48000,151000,-103000,-103000
064838,旭富統一01購01  ,0,0,0,0,0,0,0,0,0,-103000,0,0,0,0,103000,-103000,-103000
064784,祥碩群益9C購01  ,0,0,0,0,0,0,0,0,0,-103000,0,0,0,5000,108000,-103000,-103000
064758,可成凱基02購02  ,0,0,0,0,0,0,0,0,0,-103000,0,0,0,66000,169000,-103000,-103000
067279,美利達統一02購02,0,0,0,0,0,0,0,0,0,-104000,0,0,0,0,104000,-104000,-104000
059691,大立光永豐99購02,0,0,0,0,0,0,0,0,0,-104000,0,0,0,0,104000,-104000,-104000
058746,華通凱基9A購02  ,0,0,0,0,0,0,0,0,0,-104000,0,0,0,5000,109000,-104000,-104000
057523,大成鋼元大99購01,0,0,0,0,0,0,0,0,0,-104000,0,0,0,0,104000,-104000,-104000
058523,聯茂元大99購08  ,0,0,0,0,0,0,0,0,0,-104000,0,0,0,71000,175000,-104000,-104000
062967,上銀元富9B購01  ,0,0,0,0,0,0,0,0,0,-104000,0,0,0,87000,191000,-104000,-104000
062011,上銀富邦9C購01  ,0,0,0,0,0,0,0,0,0,-104000,0,0,0,0,104000,-104000,-104000
063979,健鼎兆豐9C購01  ,0,0,0,0,0,0,0,0,0,-104000,0,0,0,48000,152000,-104000,-104000
066261,華碩元大01購01  ,0,0,0,0,0,0,0,0,0,-104000,0,0,0,12000,116000,-104000,-104000
066311,生達永豐01購01  ,0,0,0,0,0,0,0,0,0,-104000,0,0,0,0,104000,-104000,-104000
065937,大毅群益02購01  ,0,0,0,0,0,0,0,0,0,-104000,0,0,0,66000,170000,-104000,-104000
3596,智易            ,172000,271000,-99000,0,0,0,0,0,0,-5000,19000,3000,16000,6000,27000,-21000,-104000
067076,聯詠元大01購05  ,0,0,0,0,0,0,0,0,0,-105000,0,0,0,2000,107000,-105000,-105000
067503,聚陽統一03購01  ,0,0,0,0,0,0,0,0,0,-105000,0,0,0,0,105000,-105000,-105000
067436,訊連凱基01購01  ,0,0,0,0,0,0,0,0,0,-105000,0,0,0,10000,115000,-105000,-105000
056734,國巨凱基99購01  ,0,0,0,0,0,0,0,0,0,-105000,0,0,0,10000,115000,-105000,-105000
059358,旺宏永豐99購02  ,0,0,0,0,0,0,0,0,0,-105000,0,0,0,0,105000,-105000,-105000
060841,宏達電國票9B購01,0,0,0,0,0,0,0,0,0,-105000,0,0,0,3000,108000,-105000,-105000
061318,智邦凱基9B購01  ,2000,0,2000,0,0,0,0,0,0,-107000,0,0,0,10000,117000,-107000,-105000
060164,合勤控永豐9A購01,0,0,0,0,0,0,0,0,0,-105000,0,0,0,92000,197000,-105000,-105000
060712,建準永豐9A購01  ,0,0,0,0,0,0,0,0,0,-105000,0,0,0,101000,206000,-105000,-105000
066165,大毅凱基01購01  ,0,0,0,0,0,0,0,0,0,-105000,0,0,0,220000,325000,-105000,-105000
066539,晶技兆豐01購02  ,0,0,0,0,0,0,0,0,0,-105000,0,0,0,56000,161000,-105000,-105000
063955,TPK元大9C購01   ,0,0,0,0,0,0,0,0,0,-105000,0,0,0,111000,216000,-105000,-105000
064812,旭富元大9C購04  ,0,0,0,0,0,0,0,0,0,-105000,0,0,0,68000,173000,-105000,-105000
067581,聯電群益03購01  ,0,0,0,0,0,0,0,0,0,-106000,0,0,0,54000,160000,-106000,-106000
06771P,台灣50中信02售01,0,0,0,0,0,0,0,0,0,-106000,0,0,0,0,106000,-106000,-106000
1215,卜蜂            ,69000,180000,-111000,0,0,0,0,0,0,5000,4000,0,4000,3000,2000,1000,-106000
061350,牧德元大9B購03  ,0,0,0,0,0,0,0,0,0,-106000,0,0,0,0,106000,-106000,-106000
062732,南六凱基9B購03  ,0,0,0,0,0,0,0,0,0,-106000,0,0,0,0,106000,-106000,-106000
065729,聯詠凱基9C購04  ,0,0,0,0,0,0,0,0,0,-106000,0,0,0,56000,162000,-106000,-106000
3024,憶聲            ,356000,462000,-106000,0,0,0,0,0,0,0,0,0,0,0,0,0,-106000
1473,台南            ,0,107000,-107000,0,0,0,0,0,0,0,0,0,0,0,0,0,-107000
067386,巨大統一02購02  ,0,0,0,0,0,0,0,0,0,-107000,0,0,0,4000,111000,-107000,-107000
056903,大立光元大99購04,0,0,0,0,0,0,0,0,0,-107000,0,0,0,0,107000,-107000,-107000
063545,華通兆豐9B購03  ,0,0,0,0,0,0,0,0,0,-107000,0,0,0,6000,113000,-107000,-107000
061382,台灣50群益9C購02,0,0,0,0,0,0,0,0,0,-107000,0,0,0,0,107000,-107000,-107000
065647,健鼎元大9C購05  ,0,0,0,0,0,0,0,0,0,-107000,0,0,0,793000,900000,-107000,-107000
065511,台積電群益01購02,0,0,0,0,0,0,0,0,0,-107000,0,0,0,14000,121000,-107000,-107000
08053P,臺股指國票9B售18,0,0,0,0,0,0,0,0,0,-108000,0,0,0,142000,250000,-108000,-108000
057553,景碩凱基98購03  ,0,0,0,0,0,0,0,0,0,-108000,0,0,0,0,108000,-108000,-108000
058775,台積電國票9A購02,0,0,0,0,0,0,0,0,0,-108000,0,0,0,3000,111000,-108000,-108000
062916,智易元大9B購01  ,0,0,0,0,0,0,0,0,0,-108000,0,0,0,28000,136000,-108000,-108000
061896,景碩永豐9B購01  ,0,0,0,0,0,0,0,0,0,-108000,0,0,0,163000,271000,-108000,-108000
065524,康控群益01購01  ,0,0,0,0,0,0,0,0,0,-108000,0,0,0,10000,118000,-108000,-108000
066025,宏達電群益01購01,0,0,0,0,0,0,0,0,0,-108000,0,0,0,1000,109000,-108000,-108000
08555P,超眾國票01售01  ,0,0,0,0,0,0,0,0,0,-109000,0,0,0,27000,136000,-109000,-109000
2414,精技            ,272000,381000,-109000,0,0,0,0,0,0,0,0,0,0,0,0,0,-109000
2231,為升            ,17000,117000,-100000,0,0,0,0,0,0,-9000,0,3000,-3000,0,6000,-6000,-109000
059836,大立光國泰9B購02,0,0,0,0,0,0,0,0,0,-109000,0,0,0,28000,137000,-109000,-109000
057717,友訊元富98購02  ,0,0,0,0,0,0,0,0,0,-109000,0,0,0,78000,187000,-109000,-109000
043442,大立光台新01購01,0,0,0,0,0,0,0,0,0,-109000,0,0,0,0,109000,-109000,-109000
062253,燿華元大9B購02  ,0,0,0,0,0,0,0,0,0,-109000,0,0,0,10000,119000,-109000,-109000
063852,瀚宇博元大9C購01,0,0,0,0,0,0,0,0,0,-109000,0,0,0,142000,251000,-109000,-109000
063871,瀚宇博永豐9C購01,0,0,0,0,0,0,0,0,0,-109000,0,0,0,190000,299000,-109000,-109000
060252,緯穎元大9A購02  ,0,0,0,0,0,0,0,0,0,-109000,0,0,0,126000,235000,-109000,-109000
066367,緯創中信05購01  ,0,0,0,0,0,0,0,0,0,-109000,0,0,0,60000,169000,-109000,-109000
064751,亞德客凱基9C購02,0,0,0,0,0,0,0,0,0,-109000,0,0,0,1000,110000,-109000,-109000
065023,大毅永豐9C購01  ,0,0,0,0,0,0,0,0,0,-109000,0,0,0,0,109000,-109000,-109000
063939,上銀元大9C購04  ,0,0,0,0,0,0,0,0,0,-109000,0,0,0,50000,159000,-109000,-109000
4532,瑞智            ,50000,159000,-109000,0,0,0,0,0,0,0,0,0,0,0,0,0,-109000
6209,今國光          ,177000,286000,-109000,0,0,0,0,0,0,0,0,0,0,0,0,0,-109000
1536,和大            ,125000,234000,-109000,0,0,0,0,0,0,-1000,1000,0,1000,4000,6000,-2000,-110000
07014P,華通元大99售04  ,0,0,0,0,0,0,0,0,0,-110000,0,0,0,10000,120000,-110000,-110000
07407P,欣興凱基99售07  ,0,0,0,0,0,0,0,0,0,-110000,0,0,0,0,110000,-110000,-110000
07251P,台灣50元富01售04,0,0,0,0,0,0,0,0,0,-110000,0,0,0,0,110000,-110000,-110000
067290,金像電兆豐03購01,0,0,0,0,0,0,0,0,0,-110000,0,0,0,45000,155000,-110000,-110000
058118,瑞昱群益99購01  ,0,0,0,0,0,0,0,0,0,-110000,0,0,0,10000,120000,-110000,-110000
063396,金像電群益9C購01,0,0,0,0,0,0,0,0,0,-110000,0,0,0,64000,174000,-110000,-110000
058352,鴻海凱基9A購05  ,0,0,0,0,0,0,0,0,0,-110000,0,0,0,2000,112000,-110000,-110000
058279,FBVIX中信03購03 ,0,0,0,0,0,0,0,0,0,-110000,0,0,0,0,110000,-110000,-110000
064119,上銀元大9C購06  ,0,0,0,0,0,0,0,0,0,-110000,0,0,0,1000,111000,-110000,-110000
061946,鴻海群益9B購03  ,0,0,0,0,0,0,0,0,0,-110000,0,0,0,0,110000,-110000,-110000
062347,台光電群益9B購02,0,0,0,0,0,0,0,0,0,-110000,0,0,0,0,110000,-110000,-110000
064655,聚陽元大9C購02  ,0,0,0,0,0,0,0,0,0,-110000,0,0,0,642000,752000,-110000,-110000
064786,GIS群益9C購04   ,0,0,0,0,0,0,0,0,0,-110000,0,0,0,7000,117000,-110000,-110000
066065,東元凱基04購01  ,0,0,0,0,0,0,0,0,0,-110000,0,0,0,19000,129000,-110000,-110000
065667,台光電凱基01購01,0,0,0,0,0,0,0,0,0,-110000,0,0,0,0,110000,-110000,-110000
067341,欣興凱基03購01  ,0,0,0,0,0,0,0,0,0,-111000,0,0,0,30000,141000,-111000,-111000
07579P,聯茂元大9A售01  ,0,0,0,0,0,0,0,0,0,-111000,0,0,0,12000,123000,-111000,-111000
067481,國產元大01購03  ,0,0,0,0,0,0,0,0,0,-111000,0,0,0,2000,113000,-111000,-111000
08843P,台表科凱基01售01,0,0,0,0,0,0,0,0,0,-111000,0,0,0,34000,145000,-111000,-111000
08584P,立積群益9C售02  ,0,0,0,0,0,0,0,0,0,-111000,0,0,0,0,111000,-111000,-111000
066080,台光電國泰03購01,0,0,0,0,0,0,0,0,0,-111000,0,0,0,126000,237000,-111000,-111000
066516,智原永豐01購01  ,0,0,0,0,0,0,0,0,0,-111000,0,0,0,10000,121000,-111000,-111000
065331,亞德客國票01購01,0,0,0,0,0,0,0,0,0,-111000,0,0,0,0,111000,-111000,-111000
08329P,台達電統一9C售02,0,0,0,0,0,0,0,0,0,-112000,0,0,0,122000,234000,-112000,-112000
08019P,緯穎國票9B售02  ,0,0,0,0,0,0,0,0,0,-112000,0,0,0,13000,125000,-112000,-112000
08228P,華擎國票9C售01  ,0,0,0,0,0,0,0,0,0,-112000,0,0,0,40000,152000,-112000,-112000
059948,正文永豐99購01  ,0,0,0,0,0,0,0,0,0,-112000,0,0,0,68000,180000,-112000,-112000
062289,緯穎群益9B購01  ,0,0,0,0,0,0,0,0,0,-112000,0,0,0,56000,168000,-112000,-112000
063479,南六元大9B購06  ,0,0,0,0,0,0,0,0,0,-112000,0,0,0,28000,140000,-112000,-112000
063862,世紀鋼國泰02購01,0,0,0,0,0,0,0,0,0,-112000,0,0,0,501000,613000,-112000,-112000
060416,神隆永豐9A購01  ,0,0,0,0,0,0,0,0,0,-112000,0,0,0,40000,152000,-112000,-112000
066620,長興凱基01購01  ,0,0,0,0,0,0,0,0,0,-112000,0,0,0,0,112000,-112000,-112000
08605P,聯發科中信9C售06,0,0,0,0,0,0,0,0,0,-113000,0,0,0,232000,345000,-113000,-113000
057464,大立光永豐98購02,0,0,0,0,0,0,0,0,0,-113000,0,0,0,0,113000,-113000,-113000
057506,聯鈞國票99購02  ,0,0,0,0,0,0,0,0,0,-113000,0,0,0,0,113000,-113000,-113000
058245,訊連元大99購01  ,0,0,0,0,0,0,0,0,0,-113000,0,0,0,70000,183000,-113000,-113000
056386,TPK國泰99購01   ,0,0,0,0,0,0,0,0,0,-113000,0,0,0,0,113000,-113000,-113000
063884,台表科元富03購01,0,0,0,0,0,0,0,0,0,-113000,0,0,0,73000,186000,-113000,-113000
062885,臻鼎兆豐9C購01  ,0,0,0,0,0,0,0,0,0,-113000,0,0,0,145000,258000,-113000,-113000
062932,滬深2X凱基01購01,0,0,0,0,0,0,0,0,0,-113000,0,0,0,53000,166000,-113000,-113000
066626,盟立凱基01購01  ,0,0,0,0,0,0,0,0,0,-113000,0,0,0,133000,246000,-113000,-113000
065745,裕隆元大9C購03  ,0,0,0,0,0,0,0,0,0,-113000,0,0,0,0,113000,-113000,-113000
064677,金像電兆豐9C購01,0,0,0,0,0,0,0,0,0,-113000,0,0,0,76000,189000,-113000,-113000
064490,金像電元大9C購02,0,0,0,0,0,0,0,0,0,-113000,0,0,0,187000,300000,-113000,-113000
056584,鴻海統一9B購01  ,0,0,0,0,0,0,0,0,0,-114000,0,0,0,1916000,2030000,-114000,-114000
058651,FBVIX中信9C購01 ,0,0,0,0,0,0,0,0,0,-114000,0,0,0,10000,124000,-114000,-114000
063350,台表科統一02購02,0,0,0,0,0,0,0,0,0,-114000,0,0,0,441000,555000,-114000,-114000
060388,世紀鋼凱基9B購01,0,0,0,0,0,0,0,0,0,-114000,0,0,0,11000,125000,-114000,-114000
061000,旺宏兆豐9A購02  ,0,0,0,0,0,0,0,0,0,-114000,0,0,0,20000,134000,-114000,-114000
066394,建準凱基01購01  ,0,0,0,0,0,0,0,0,0,-114000,0,0,0,2000,116000,-114000,-114000
066343,佳醫永豐01購01  ,0,0,0,0,0,0,0,0,0,-114000,0,0,0,0,114000,-114000,-114000
1321,大洋            ,24000,139000,-115000,0,0,0,0,0,0,0,0,0,0,0,0,0,-115000
2442,新美齊          ,29000,144000,-115000,0,0,0,0,0,0,0,0,0,0,0,0,0,-115000
07815P,美律群益9A售04  ,0,0,0,0,0,0,0,0,0,-115000,0,0,0,23000,138000,-115000,-115000
07285P,上証2X群益01售02,0,0,0,0,0,0,0,0,0,-115000,0,0,0,100000,215000,-115000,-115000
067282,金像電國票02購02,0,0,0,0,0,0,0,0,0,-115000,0,0,0,33000,148000,-115000,-115000
065759,TPK元大9C購05   ,0,0,0,0,0,0,0,0,0,-115000,0,0,0,200000,315000,-115000,-115000
064506,康控元大9C購02  ,0,0,0,0,0,0,0,0,0,-115000,0,0,0,0,115000,-115000,-115000
065055,臺股指凱基02購04,0,0,0,0,0,0,0,0,0,-115000,0,0,0,58000,173000,-115000,-115000
059663,旭富元大9C購02  ,0,0,0,0,0,0,0,0,0,-116000,0,0,0,52000,168000,-116000,-116000
058553,合勤控永豐99購01,0,0,0,0,0,0,0,0,0,-116000,0,0,0,0,116000,-116000,-116000
064376,美律元富9C購01  ,0,0,0,0,0,0,0,0,0,-116000,0,0,0,303000,419000,-116000,-116000
063268,GIS中信9B購01   ,0,0,0,0,0,0,0,0,0,-116000,0,0,0,90000,206000,-116000,-116000
063291,緯穎元大01購01  ,0,0,0,0,0,0,0,0,0,-116000,0,0,0,0,116000,-116000,-116000
063471,泰鼎元大9C購01  ,0,0,0,0,0,0,0,0,0,-116000,0,0,0,353000,469000,-116000,-116000
062489,可成永豐9B購02  ,0,0,0,0,0,0,0,0,0,-116000,0,0,0,0,116000,-116000,-116000
066033,南六群益02購01  ,0,0,0,0,0,0,0,0,0,-116000,0,0,0,0,116000,-116000,-116000
067339,欣興凱基02購01  ,0,0,0,0,0,0,0,0,0,-117000,0,0,0,0,117000,-117000,-117000
067476,台光電元大01購04,0,0,0,0,0,0,0,0,0,-117000,0,0,0,43000,160000,-117000,-117000
1464,得力            ,18000,134000,-116000,0,0,0,0,0,0,-2000,0,0,0,0,2000,-2000,-118000
058494,可成群益9B購01  ,0,0,0,0,0,0,0,0,0,-118000,0,0,0,0,118000,-118000,-118000
063188,TPK凱基9B購01   ,0,0,0,0,0,0,0,0,0,-118000,0,0,0,47000,165000,-118000,-118000
054874,帆宣群益99購02  ,0,0,0,0,0,0,0,0,0,-118000,0,0,0,0,118000,-118000,-118000
062809,同欣電統一9C購01,0,0,0,0,0,0,0,0,0,-118000,0,0,0,340000,458000,-118000,-118000
063273,緯穎兆豐9C購01  ,0,0,0,0,0,0,0,0,0,-118000,0,0,0,43000,161000,-118000,-118000
061978,旺宏元大9C購01  ,0,0,0,0,0,0,0,0,0,-118000,0,0,0,50000,168000,-118000,-118000
066051,景碩元大01購01  ,0,0,0,0,0,0,0,0,0,-118000,0,0,0,35000,153000,-118000,-118000
065661,智原永豐9C購01  ,0,0,0,0,0,0,0,0,0,-118000,0,0,0,10000,128000,-118000,-118000
066597,緯穎群益02購01  ,0,0,0,0,0,0,0,0,0,-118000,0,0,0,10000,128000,-118000,-118000
065096,世芯元大9C購03  ,0,0,0,0,0,0,0,0,0,-118000,0,0,0,156000,274000,-118000,-118000
064626,聯茂元大9C購01  ,0,0,0,0,0,0,0,0,0,-118000,0,0,0,74000,192000,-118000,-118000
4960,誠美材          ,269000,387000,-118000,0,0,0,0,0,0,0,0,0,0,0,0,0,-118000
067691,台虹元大01購03  ,0,0,0,0,0,0,0,0,0,-119000,0,0,0,0,119000,-119000,-119000
066912,盛群凱基01購01  ,0,0,0,0,0,0,0,0,0,-119000,0,0,0,10000,129000,-119000,-119000
056689,玉晶光統一9A購03,0,0,0,0,0,0,0,0,0,-119000,0,0,0,0,119000,-119000,-119000
057307,瀚宇博兆豐99購01,0,0,0,0,0,0,0,0,0,-119000,0,0,0,1000,120000,-119000,-119000
058139,臻鼎元大99購01  ,0,0,0,0,0,0,0,0,0,-119000,0,0,0,310000,429000,-119000,-119000
058573,鴻海群益9A購02  ,0,0,0,0,0,0,0,0,0,-119000,0,0,0,107000,226000,-119000,-119000
062132,神隆群益9B購01  ,0,0,0,0,0,0,0,0,0,-119000,0,0,0,0,119000,-119000,-119000
064389,台泥永豐9C購01  ,0,0,0,0,0,0,0,0,0,-119000,0,0,0,0,119000,-119000,-119000
064555,力山群益01購01  ,0,0,0,0,0,0,0,0,0,-119000,0,0,0,20000,139000,-119000,-119000
066524,創意統一02購03  ,0,0,0,0,0,0,0,0,0,-119000,0,0,0,145000,264000,-119000,-119000
2601,益航            ,143000,263000,-120000,0,0,0,0,0,0,1000,1000,0,1000,0,0,0,-119000
067280,國巨第一01購01  ,0,0,0,0,0,0,0,0,0,-120000,0,0,0,0,120000,-120000,-120000
067404,盛群永豐01購01  ,0,0,0,0,0,0,0,0,0,-120000,0,0,0,0,120000,-120000,-120000
07370P,南亞科凱基99售08,0,0,0,0,0,0,0,0,0,-120000,0,0,0,0,120000,-120000,-120000
07821P,臺股指國票9A售12,0,0,0,0,0,0,0,0,0,-120000,0,0,0,0,120000,-120000,-120000
056906,玉晶光元大9B購01,0,0,0,0,0,0,0,0,0,-120000,0,0,0,1000,121000,-120000,-120000
057004,滬深反中信9A購01,0,0,0,0,0,0,0,0,0,-120000,0,0,0,0,120000,-120000,-120000
00641R,富邦日本反1     ,0,0,0,0,0,0,0,0,0,-120000,0,0,0,103000,223000,-120000,-120000
061347,創意元大9A購02  ,0,0,0,0,0,0,0,0,0,-120000,0,0,0,3000,123000,-120000,-120000
063346,TPK統一9C購01   ,0,0,0,0,0,0,0,0,0,-120000,0,0,0,35000,155000,-120000,-120000
062549,中租永豐9B購01  ,0,0,0,0,0,0,0,0,0,-120000,0,0,0,125000,245000,-120000,-120000
062551,緯穎永豐9B購02  ,0,0,0,0,0,0,0,0,0,-120000,0,0,0,0,120000,-120000,-120000
066469,申豐統一02購02  ,0,0,0,0,0,0,0,0,0,-120000,0,0,0,300000,420000,-120000,-120000
066579,臺股指元大01購08,0,0,0,0,0,0,0,0,0,-120000,0,0,0,0,120000,-120000,-120000
066628,宏達電凱基03購01,0,0,0,0,0,0,0,0,0,-120000,0,0,0,84000,204000,-120000,-120000
065736,同欣電凱基9C購05,0,0,0,0,0,0,0,0,0,-120000,0,0,0,5000,125000,-120000,-120000
064573,復盛群益9C購01  ,0,0,0,0,0,0,0,0,0,-120000,0,0,0,0,120000,-120000,-120000
064001,華通凱基02購01  ,0,0,0,0,0,0,0,0,0,-120000,0,0,0,22000,142000,-120000,-120000
064729,聯茂統一02購02  ,0,0,0,0,0,0,0,0,0,-120000,0,0,0,252000,372000,-120000,-120000
063673,GIS統一9C購02   ,0,0,0,0,0,0,0,0,0,-120000,0,0,0,30000,150000,-120000,-120000
065223,旺宏中信01購01  ,0,0,0,0,0,0,0,0,0,-120000,0,0,0,0,120000,-120000,-120000
07804P,美律永豐9A售02  ,0,0,0,0,0,0,0,0,0,-121000,0,0,0,0,121000,-121000,-121000
066921,日月光麥證01購01,0,0,0,45000,166000,-121000,0,0,0,-121000,0,0,0,45000,166000,-121000,-121000
058531,華通元富99購01  ,0,0,0,0,0,0,0,0,0,-121000,0,0,0,0,121000,-121000,-121000
062340,力成麥證9B購01  ,0,0,0,0,121000,-121000,0,0,0,-121000,0,0,0,0,121000,-121000,-121000
062363,燿華元大9B購03  ,0,0,0,0,0,0,0,0,0,-121000,0,0,0,0,121000,-121000,-121000
061105,宏達電元大9A購04,0,0,0,0,0,0,0,0,0,-121000,0,0,0,97000,218000,-121000,-121000
060341,國巨統一9C購02  ,0,0,0,0,0,0,0,0,0,-121000,0,0,0,8000,129000,-121000,-121000
060720,嘉聯益永豐9A購02,0,0,0,0,0,0,0,0,0,-121000,0,0,0,0,121000,-121000,-121000
065074,亞德客元大9C購03,0,0,0,0,0,0,0,0,0,-121000,0,0,0,59000,180000,-121000,-121000
064970,東元元大9C購01  ,0,0,0,0,0,0,0,0,0,-121000,0,0,0,135000,256000,-121000,-121000
3052,夆典            ,68000,189000,-121000,0,0,0,0,0,0,0,0,0,0,0,0,0,-121000
066824,旺宏群益02購01  ,0,0,0,0,0,0,0,0,0,-122000,0,0,0,10000,132000,-122000,-122000
067285,欣興國票02購01  ,0,0,0,0,0,0,0,0,0,-122000,0,0,0,0,122000,-122000,-122000
058779,大立光國票9A購02,0,0,0,0,0,0,0,0,0,-122000,0,0,0,4000,126000,-122000,-122000
057079,台積電統一9A購02,0,0,0,0,0,0,0,0,0,-122000,0,0,0,15000,137000,-122000,-122000
060506,京元電元大9A購02,0,0,0,0,0,0,0,0,0,-122000,0,0,0,525000,647000,-122000,-122000
064799,裕隆元大9C購02  ,0,0,0,0,0,0,0,0,0,-122000,0,0,0,55000,177000,-122000,-122000
066340,敦泰永豐01購01  ,0,0,0,0,0,0,0,0,0,-122000,0,0,0,23000,145000,-122000,-122000
3702A,大聯大甲特      ,0,0,0,0,0,0,0,0,0,-122000,6000,128000,-122000,0,0,0,-122000
2034,允強            ,10000,133000,-123000,0,0,0,0,0,0,0,0,0,0,0,0,0,-123000
00703,台新MSCI中國    ,0,0,0,0,0,0,0,0,0,-123000,0,0,0,96000,219000,-123000,-123000
058720,旭富元富99購01  ,0,0,0,0,0,0,0,0,0,-123000,0,0,0,0,123000,-123000,-123000
057693,臺股指凱基98購11,0,0,0,0,0,0,0,0,0,-123000,0,0,0,0,123000,-123000,-123000
062307,華通凱基9C購01  ,0,0,0,0,0,0,0,0,0,-123000,0,0,0,18000,141000,-123000,-123000
061820,康控群益9B購02  ,0,0,0,0,0,0,0,0,0,-123000,0,0,0,50000,173000,-123000,-123000
066246,中化元大01購01  ,0,0,0,0,0,0,0,0,0,-123000,0,0,0,40000,163000,-123000,-123000
064531,旭富兆豐9C購01  ,0,0,0,0,0,0,0,0,0,-123000,0,0,0,5000,128000,-123000,-123000
066765,揚明光永豐01購01,0,0,0,0,0,0,0,0,0,-124000,0,0,0,0,124000,-124000,-124000
067007,拓凱永豐01購02  ,0,0,0,0,0,0,0,0,0,-124000,0,0,0,12000,136000,-124000,-124000
067373,聯發科統一03購04,0,0,0,0,0,0,0,0,0,-124000,0,0,0,0,124000,-124000,-124000
067649,台積電元富07購05,152000,0,152000,0,0,0,0,0,0,-276000,0,0,0,0,276000,-276000,-124000
063148,建準元富9B購01  ,0,0,0,0,0,0,0,0,0,-124000,0,0,0,105000,229000,-124000,-124000
063362,台表科國泰01購03,0,0,0,0,0,0,0,0,0,-124000,0,0,0,91000,215000,-124000,-124000
061998,緯穎元大9B購03  ,0,0,0,0,0,0,0,0,0,-124000,0,0,0,2000,126000,-124000,-124000
063765,上銀元富9B購09  ,0,0,0,0,0,0,0,0,0,-124000,0,0,0,0,124000,-124000,-124000
064682,嘉聯益兆豐01購01,0,0,0,0,0,0,0,0,0,-124000,0,0,0,50000,174000,-124000,-124000
065539,瑞儀統一01購01  ,0,0,0,0,0,0,0,0,0,-124000,0,0,0,115000,239000,-124000,-124000
08904P,為升國票03售01  ,0,0,0,0,0,0,0,0,0,-125000,0,0,0,0,125000,-125000,-125000
08641P,台灣50群益9C售08,0,0,0,0,0,0,0,0,0,-125000,0,0,0,5000,130000,-125000,-125000
07958P,華擎群益9B售01  ,0,0,0,0,0,0,0,0,0,-125000,0,0,0,0,125000,-125000,-125000
063000,緯穎國票9B購03  ,0,0,0,0,0,0,0,0,0,-125000,0,0,0,34000,159000,-125000,-125000
061237,晶技元大9A購01  ,0,0,0,0,0,0,0,0,0,-125000,0,0,0,60000,185000,-125000,-125000
060870,旭富群益9A購01  ,0,0,0,0,0,0,0,0,0,-125000,0,0,0,0,125000,-125000,-125000
064135,復盛元大9C購01  ,0,0,0,0,0,0,0,0,0,-125000,0,0,0,10000,135000,-125000,-125000
065211,世芯國票01購03  ,0,0,0,0,0,0,0,0,0,-125000,0,0,0,47000,172000,-125000,-125000
1477,聚陽            ,1636000,1811200,-175200,0,0,0,0,200000,-200000,250000,290000,79000,211000,78000,39000,39000,-125200
1531,高林股          ,6000,132000,-126000,0,0,0,0,0,0,0,0,0,0,0,0,0,-126000
066763,創意永豐01購02  ,0,0,0,0,0,0,0,0,0,-126000,0,0,0,175000,301000,-126000,-126000
067338,欣興凱基01購02  ,0,0,0,0,0,0,0,0,0,-126000,0,0,0,0,126000,-126000,-126000
067319,眾達元大01購02  ,0,0,0,0,0,0,0,0,0,-126000,0,0,0,71000,197000,-126000,-126000
067273,台積電統一02購05,0,0,0,0,0,0,0,0,0,-126000,0,0,0,948000,1074000,-126000,-126000
063064,台表科元富9B購01,0,0,0,0,0,0,0,0,0,-126000,0,0,0,60000,186000,-126000,-126000
057595,健鼎兆豐98購01  ,0,0,0,0,0,0,0,0,0,-126000,0,0,0,29000,155000,-126000,-126000
059765,嘉聯益永豐99購02,0,0,0,0,0,0,0,0,0,-126000,0,0,0,35000,161000,-126000,-126000
057389,玉晶光永豐98購06,0,0,0,0,0,0,0,0,0,-126000,0,0,0,175000,301000,-126000,-126000
060911,大毅元大9A購01  ,0,0,0,0,0,0,0,0,0,-126000,0,0,0,7000,133000,-126000,-126000
059986,宏達電元大99購08,0,0,0,0,0,0,0,0,0,-126000,0,0,0,108000,234000,-126000,-126000
060107,旭富元大99購03  ,0,0,0,0,0,0,0,0,0,-126000,0,0,0,5000,131000,-126000,-126000
060510,大立光元大9A購03,0,0,0,0,0,0,0,0,0,-126000,0,0,0,0,126000,-126000,-126000
062687,華擎統一01購02  ,0,0,0,0,0,0,0,0,0,-126000,0,0,0,39000,165000,-126000,-126000
065326,華擎凱基02購01  ,0,0,0,0,0,0,0,0,0,-126000,0,0,0,171000,297000,-126000,-126000
064898,國產群益9C購01  ,0,0,0,0,0,0,0,0,0,-126000,0,0,0,120000,246000,-126000,-126000
067380,華擎統一02購02  ,0,0,0,0,0,0,0,0,0,-127000,0,0,0,194000,321000,-127000,-127000
08690P,友訊中信05售03  ,0,0,0,0,0,0,0,0,0,-127000,0,0,0,78000,205000,-127000,-127000
058337,日月光元富99購01,0,0,0,0,0,0,0,0,0,-127000,0,0,0,239000,366000,-127000,-127000
060541,正隆凱基9A購01  ,0,0,0,0,0,0,0,0,0,-127000,0,0,0,0,127000,-127000,-127000
066180,正文凱基01購01  ,0,0,0,0,0,0,0,0,0,-127000,0,0,0,0,127000,-127000,-127000
6582,申豐            ,443000,615000,-172000,0,0,0,0,0,0,45000,0,0,0,66000,21000,45000,-127000
057929,上銀群益98購02  ,0,0,0,0,0,0,0,0,0,-128000,0,0,0,0,128000,-128000,-128000
056146,台虹元大98購01  ,0,0,0,0,0,0,0,0,0,-128000,0,0,0,12000,140000,-128000,-128000
061707,超眾國票9B購01  ,0,0,0,0,0,0,0,0,0,-128000,0,0,0,5000,133000,-128000,-128000
065387,台光電兆豐9C購02,0,0,0,0,0,0,0,0,0,-128000,0,0,0,3000,131000,-128000,-128000
2723,美食-KY         ,342000,455000,-113000,0,0,0,0,0,0,-15000,0,0,0,1000,16000,-15000,-128000
08296P,同欣電元大9C售04,0,0,0,0,0,0,0,0,0,-129000,0,0,0,171000,300000,-129000,-129000
060390,聯鈞群益9A購01  ,0,0,0,0,0,0,0,0,0,-129000,0,0,0,0,129000,-129000,-129000
063922,大立光元富9C購04,0,0,0,0,0,0,0,0,0,-129000,0,0,0,20000,149000,-129000,-129000
064463,聯茂統一01購02  ,0,0,0,0,0,0,0,0,0,-129000,0,0,0,167000,296000,-129000,-129000
066443,智原群益01購01  ,0,0,0,0,0,0,0,0,0,-129000,0,0,0,6000,135000,-129000,-129000
065522,旭富群益9C購03  ,0,0,0,0,0,0,0,0,0,-129000,0,0,0,85000,214000,-129000,-129000
065933,鴻海群益01購06  ,0,0,0,0,0,0,0,0,0,-129000,0,0,0,19000,148000,-129000,-129000
07766P,美律群益9A售03  ,0,0,0,0,0,0,0,0,0,-130000,0,0,0,0,130000,-130000,-130000
066685,T50反1元富07購02,0,0,0,0,0,0,0,0,0,-130000,0,0,0,20000,150000,-130000,-130000
056841,友達元富98購03  ,0,0,0,0,0,0,0,0,0,-130000,0,0,0,0,130000,-130000,-130000
064342,晶技元大9C購01  ,0,0,0,0,0,0,0,0,0,-130000,0,0,0,110000,240000,-130000,-130000
066662,建準凱基02購01  ,0,0,0,0,0,0,0,0,0,-130000,0,0,0,0,130000,-130000,-130000
066308,中化永豐01購01  ,0,0,0,0,0,0,0,0,0,-130000,0,0,0,0,130000,-130000,-130000
063717,宏達電兆豐9B購02,0,0,0,0,0,0,0,0,0,-130000,0,0,0,0,130000,-130000,-130000
065170,智邦元大9C購07  ,0,0,0,0,0,0,0,0,0,-130000,0,0,0,163000,293000,-130000,-130000
064845,華通元富9C購02  ,0,0,0,0,0,0,0,0,0,-130000,0,0,0,0,130000,-130000,-130000
056410,康控國票99購01  ,0,0,0,0,0,0,0,0,0,-131000,0,0,0,103000,234000,-131000,-131000
063248,創意元大9C購01  ,0,0,0,0,0,0,0,0,0,-131000,0,0,0,95000,226000,-131000,-131000
061613,南六統一9C購01  ,0,0,0,0,0,0,0,0,0,-131000,0,0,0,66000,197000,-131000,-131000
061509,SP黃豆富邦9C購01,0,0,0,0,0,0,0,0,0,-131000,0,0,0,0,131000,-131000,-131000
064054,中租統一02購01  ,0,0,0,0,0,0,0,0,0,-131000,0,0,0,177000,308000,-131000,-131000
064461,致伸統一01購01  ,0,0,0,0,0,0,0,0,0,-131000,0,0,0,255000,386000,-131000,-131000
066397,智原凱基01購01  ,0,0,0,0,0,0,0,0,0,-131000,0,0,0,11000,142000,-131000,-131000
066755,永光永豐01購02  ,0,0,0,0,0,0,0,0,0,-132000,0,0,0,0,132000,-132000,-132000
08617P,緯創元富9C售03  ,0,0,0,0,0,0,0,0,0,-132000,0,0,0,217000,349000,-132000,-132000
1409,新纖            ,104000,237000,-133000,0,0,0,0,0,0,1000,1000,0,1000,0,0,0,-132000
059064,緯穎凱基99購02  ,0,0,0,0,0,0,0,0,0,-132000,0,0,0,35000,167000,-132000,-132000
057166,國巨元大99購06  ,0,0,0,0,0,0,0,0,0,-132000,0,0,0,0,132000,-132000,-132000
062172,南六永豐9B購01  ,0,0,0,0,0,0,0,0,0,-132000,0,0,0,0,132000,-132000,-132000
061723,嘉聯益永豐9A購03,0,0,0,0,0,0,0,0,0,-132000,0,0,0,5000,137000,-132000,-132000
066309,永光永豐01購01  ,0,0,0,0,0,0,0,0,0,-132000,0,0,0,0,132000,-132000,-132000
064583,光寶科永豐9C購01,0,0,0,0,0,0,0,0,0,-132000,0,0,0,0,132000,-132000,-132000
08596P,聯發科國泰02售02,0,0,0,0,0,0,0,0,0,-133000,0,0,0,5000,138000,-133000,-133000
059219,旺宏元大99購12  ,0,0,0,0,0,0,0,0,0,-133000,0,0,0,58000,191000,-133000,-133000
057638,上銀元大99購01  ,0,0,0,0,0,0,0,0,0,-133000,0,0,0,0,133000,-133000,-133000
062716,鴻海凱基9B購06  ,0,0,0,0,0,0,0,0,0,-133000,0,0,0,16000,149000,-133000,-133000
064690,台光電群益9C購02,0,0,0,0,0,0,0,0,0,-133000,0,0,0,0,133000,-133000,-133000
063817,GIS群益9C購01   ,0,0,0,0,0,0,0,0,0,-133000,0,0,0,53000,186000,-133000,-133000
056550,瑞儀凱基99購01  ,0,0,0,0,0,0,0,0,0,-134000,0,0,0,6000,140000,-134000,-134000
063495,台光電富邦9C購01,0,0,0,0,0,0,0,0,0,-134000,0,0,0,167000,301000,-134000,-134000
064622,晶技元大01購01  ,0,0,0,0,0,0,0,0,0,-134000,0,0,0,157000,291000,-134000,-134000
065882,景碩台新9C購03  ,0,0,0,0,0,0,0,0,0,-134000,0,0,0,1000,135000,-134000,-134000
3003,健和興          ,187000,320000,-133000,0,0,0,0,0,0,-1000,0,0,0,0,1000,-1000,-134000
08156P,大立光元富9B售05,0,0,0,0,0,0,0,0,0,-135000,0,0,0,20000,155000,-135000,-135000
07895P,美律元大9B售01  ,0,0,0,0,0,0,0,0,0,-135000,0,0,0,12000,147000,-135000,-135000
067269,眾達永豐01購02  ,0,0,0,0,0,0,0,0,0,-135000,0,0,0,0,135000,-135000,-135000
067130,泰豐永豐01購02  ,0,0,0,0,0,0,0,0,0,-135000,0,0,0,0,135000,-135000,-135000
054559,台光電群益99購01,0,0,0,0,0,0,0,0,0,-135000,0,0,0,98000,233000,-135000,-135000
063353,上銀元富9B購03  ,0,0,0,0,0,0,0,0,0,-135000,0,0,0,34000,169000,-135000,-135000
065964,鴻海元大02購01  ,0,0,0,0,0,0,0,0,0,-135000,0,0,0,700000,835000,-135000,-135000
066486,台光電元富01購02,0,0,0,0,0,0,0,0,0,-135000,0,0,0,5000,140000,-135000,-135000
065200,健策元富9C購04  ,0,0,0,0,0,0,0,0,0,-135000,0,0,0,1000,136000,-135000,-135000
057267,康控兆豐99購01  ,0,0,0,0,0,0,0,0,0,-136000,0,0,0,102000,238000,-136000,-136000
058072,大立光凱基98購20,0,0,0,0,0,0,0,0,0,-136000,0,0,0,0,136000,-136000,-136000
061747,南亞科統一01購01,0,0,0,0,0,0,0,0,0,-136000,0,0,0,30000,166000,-136000,-136000
064204,瑞儀兆豐01購01  ,0,0,0,0,0,0,0,0,0,-136000,0,0,0,240000,376000,-136000,-136000
066644,瑞昱麥證01購01  ,0,0,0,42000,178000,-136000,0,0,0,-136000,0,0,0,42000,178000,-136000,-136000
058193,緯穎永豐99購01  ,0,0,0,0,0,0,0,0,0,-137000,0,0,0,0,137000,-137000,-137000
057417,國巨凱基9A購03  ,0,0,0,0,0,0,0,0,0,-137000,0,0,0,0,137000,-137000,-137000
061942,亞德客群益9B購01,0,0,0,0,0,0,0,0,0,-137000,0,0,0,0,137000,-137000,-137000
062537,聯電國泰9C購01  ,0,0,0,0,0,0,0,0,0,-137000,0,0,0,81000,218000,-137000,-137000
063961,世紀鋼元大9C購05,0,0,0,0,0,0,0,0,0,-137000,0,0,0,129000,266000,-137000,-137000
07795P,美律國票9A售03  ,0,0,0,0,0,0,0,0,0,-138000,0,0,0,0,138000,-138000,-138000
067369,瑞昱統一01購07  ,0,0,0,0,0,0,0,0,0,-138000,0,0,0,0,138000,-138000,-138000
063550,可成國票9C購01  ,0,0,0,0,0,0,0,0,0,-138000,0,0,0,249000,387000,-138000,-138000
064864,金像電永豐01購01,0,0,0,0,0,0,0,0,0,-138000,0,0,0,78000,216000,-138000,-138000
064907,緯穎群益9C購02  ,0,0,0,0,0,0,0,0,0,-138000,0,0,0,0,138000,-138000,-138000
062324,上銀統一9B購04  ,0,0,0,0,0,0,0,0,0,-139000,0,0,0,0,139000,-139000,-139000
062898,華通元大9B購05  ,0,0,0,0,0,0,0,0,0,-139000,0,0,0,60000,199000,-139000,-139000
061137,晶技統一9B購01  ,0,0,0,0,0,0,0,0,0,-139000,0,0,0,95000,234000,-139000,-139000
066012,友訊元富01購01  ,0,0,0,0,0,0,0,0,0,-139000,0,0,0,92000,231000,-139000,-139000
065712,緯穎群益9C購03  ,0,0,0,0,0,0,0,0,0,-139000,0,0,0,18000,157000,-139000,-139000
3090,日電貿          ,106000,202000,-96000,0,0,0,0,0,0,-43000,0,2000,-2000,5000,46000,-41000,-139000
07655P,台灣50凱基01售09,0,0,0,0,0,0,0,0,0,-140000,0,0,0,0,140000,-140000,-140000
067181,華通凱基01購02  ,0,0,0,0,0,0,0,0,0,-140000,0,0,0,18000,158000,-140000,-140000
08389P,技嘉國票9C售01  ,0,0,0,0,0,0,0,0,0,-140000,0,0,0,60000,200000,-140000,-140000
057357,超眾統一98購01  ,0,0,0,0,0,0,0,0,0,-140000,0,0,0,10000,150000,-140000,-140000
057581,元大金中信9A購01,0,0,0,0,0,0,0,0,0,-140000,0,0,0,0,140000,-140000,-140000
063119,華通元大9B購07  ,0,0,0,0,0,0,0,0,0,-140000,0,0,0,37000,177000,-140000,-140000
061604,台光電凱基9B購01,0,0,0,0,0,0,0,0,0,-140000,0,0,0,30000,170000,-140000,-140000
064370,聯茂統一02購01  ,0,0,0,0,0,0,0,0,0,-140000,0,0,0,170000,310000,-140000,-140000
062022,緯穎永豐9B購01  ,0,0,0,0,0,0,0,0,0,-140000,0,0,0,0,140000,-140000,-140000
065818,奇鋐元富9C購01  ,0,0,0,0,0,0,0,0,0,-140000,0,0,0,1000,141000,-140000,-140000
065235,旭富凱基02購01  ,0,0,0,0,0,0,0,0,0,-140000,0,0,0,0,140000,-140000,-140000
063651,金像電台新9B購01,0,0,0,0,0,0,0,0,0,-140000,0,0,0,601000,741000,-140000,-140000
2328,廣宇            ,115000,254000,-139000,0,0,0,0,0,0,-2000,0,2000,-2000,0,0,0,-141000
07229P,T50正2群益9A售01,0,0,0,0,0,0,0,0,0,-141000,0,0,0,10000,151000,-141000,-141000
061498,大立光國票9A購10,0,0,0,0,0,0,0,0,0,-141000,0,0,0,26000,167000,-141000,-141000
065751,台光電元大9C購06,0,0,0,0,0,0,0,0,0,-141000,0,0,0,55000,196000,-141000,-141000
07792P,牧德元大9A售04  ,0,0,0,0,0,0,0,0,0,-142000,0,0,0,61000,203000,-142000,-142000
08867P,欣興凱基01售03  ,0,0,0,0,0,0,0,0,0,-142000,0,0,0,44000,186000,-142000,-142000
059919,宏達電元大99購06,0,0,0,0,0,0,0,0,0,-142000,0,0,0,55000,197000,-142000,-142000
064245,GIS統一02購02   ,0,0,0,0,0,0,0,0,0,-142000,0,0,0,100000,242000,-142000,-142000
066454,金像電統一01購03,0,0,0,0,0,0,0,0,0,-142000,0,0,0,336000,478000,-142000,-142000
064029,宏達電元大9C購01,0,0,0,0,0,0,0,0,0,-142000,0,0,0,43000,185000,-142000,-142000
4545,銘鈺            ,174000,316000,-142000,0,0,0,0,0,0,0,0,0,0,0,0,0,-142000
08482P,亞德客群益9C售02,0,0,0,0,0,0,0,0,0,-143000,0,0,0,0,143000,-143000,-143000
08213P,台光電統一9B售03,0,0,0,0,0,0,0,0,0,-143000,0,0,0,4000,147000,-143000,-143000
067077,智原元大01購04  ,0,0,0,0,0,0,0,0,0,-143000,0,0,0,0,143000,-143000,-143000
058693,旭富國票9A購01  ,0,0,0,0,0,0,0,0,0,-143000,0,0,0,0,143000,-143000,-143000
062757,華通凱基9B購02  ,0,0,0,0,0,0,0,0,0,-143000,0,0,0,0,143000,-143000,-143000
064839,旭富統一9C購01  ,0,0,0,0,0,0,0,0,0,-143000,0,0,0,24000,167000,-143000,-143000
5521,工信            ,120000,263000,-143000,0,0,0,0,0,0,0,0,0,0,0,0,0,-143000
067246,鎧勝群益01購02  ,0,0,0,0,0,0,0,0,0,-144000,0,0,0,0,144000,-144000,-144000
066935,奇鋐國票02購02  ,0,0,0,0,0,0,0,0,0,-144000,0,0,0,0,144000,-144000,-144000
057568,友訊永豐99購01  ,0,0,0,0,0,0,0,0,0,-144000,0,0,0,24000,168000,-144000,-144000
055331,國巨兆豐99購01  ,0,0,0,0,0,0,0,0,0,-144000,0,0,0,105000,249000,-144000,-144000
061184,大立光國泰9C購01,0,0,0,0,0,0,0,0,0,-144000,0,0,0,34000,178000,-144000,-144000
061227,日月光中信9B購01,0,0,0,0,0,0,0,0,0,-144000,0,0,0,77000,221000,-144000,-144000
060955,大立光群益9A購02,0,0,0,0,0,0,0,0,0,-144000,0,0,0,0,144000,-144000,-144000
063571,TPK元大9B購03   ,0,0,0,0,0,0,0,0,0,-144000,0,0,0,52000,196000,-144000,-144000
066269,宏達電元大01購03,0,0,0,0,0,0,0,0,0,-144000,0,0,0,11000,155000,-144000,-144000
6443,元晶            ,0,144000,-144000,0,0,0,0,0,0,0,0,0,0,0,0,0,-144000
066876,大立光富邦05購01,0,0,0,0,0,0,0,0,0,-145000,0,0,0,35000,180000,-145000,-145000
061031,神隆永豐9A購02  ,0,0,0,0,0,0,0,0,0,-145000,0,0,0,109000,254000,-145000,-145000
066569,帆宣元大01購02  ,0,0,0,0,0,0,0,0,0,-145000,0,0,0,273000,418000,-145000,-145000
065012,燿華國泰02購01  ,0,0,0,0,0,0,0,0,0,-145000,0,0,0,297000,442000,-145000,-145000
067523,上証反群益06購01,0,0,0,0,0,0,0,0,0,-146000,0,0,0,0,146000,-146000,-146000
08297P,寶成元大9C售01  ,0,0,0,0,0,0,0,0,0,-146000,0,0,0,67000,213000,-146000,-146000
08820P,台積電凱基01售10,0,0,0,0,0,0,0,0,0,-146000,0,0,0,116000,262000,-146000,-146000
057257,台泥兆豐99購01  ,0,0,0,0,0,0,0,0,0,-146000,0,0,0,124000,270000,-146000,-146000
051887,上証2X元富98購01,0,0,0,0,0,0,0,0,0,-146000,0,0,0,20000,166000,-146000,-146000
060890,大立光統一01購01,0,0,0,0,0,0,0,0,0,-146000,0,0,0,13000,159000,-146000,-146000
064144,智邦統一01購02  ,0,0,0,0,0,0,0,0,0,-146000,0,0,0,87000,233000,-146000,-146000
064104,TPK群益9C購02   ,0,0,0,0,0,0,0,0,0,-146000,0,0,0,215000,361000,-146000,-146000
063920,大立光元富03購02,0,0,0,0,0,0,0,0,0,-146000,0,0,0,261000,407000,-146000,-146000
08884P,義隆國票02售01  ,0,0,0,0,0,0,0,0,0,-147000,0,0,0,0,147000,-147000,-147000
1718,中纖            ,236000,389000,-153000,0,0,0,0,0,0,6000,6000,0,6000,0,0,0,-147000
08157P,大立光元富9B售06,0,0,0,0,0,0,0,0,0,-147000,0,0,0,20000,167000,-147000,-147000
08097P,嘉澤永豐9B售03  ,0,0,0,0,0,0,0,0,0,-147000,0,0,0,0,147000,-147000,-147000
064221,華通國票01購01  ,0,0,0,0,0,0,0,0,0,-147000,0,0,0,30000,177000,-147000,-147000
062814,台光電兆豐9B購01,0,0,0,0,0,0,0,0,0,-147000,0,0,0,0,147000,-147000,-147000
065525,瑞儀群益01購01  ,0,0,0,0,0,0,0,0,0,-147000,0,0,0,35000,182000,-147000,-147000
08275P,南亞科元富9C售01,0,0,0,0,0,0,0,0,0,-148000,0,0,0,12000,160000,-148000,-148000
08792P,聯發科中信02售02,0,0,0,0,0,0,0,0,0,-148000,0,0,0,0,148000,-148000,-148000
067170,台積電麥證01購08,0,0,0,105000,253000,-148000,0,0,0,-148000,0,0,0,105000,253000,-148000,-148000
00675L,富邦臺灣加權正2 ,79000,108000,-29000,0,0,0,0,0,0,-119000,0,0,0,260000,379000,-119000,-148000
064348,TPK元大9C購03   ,0,0,0,0,0,0,0,0,0,-148000,0,0,0,51000,199000,-148000,-148000
061044,世紀鋼永豐9A購02,0,0,0,0,0,0,0,0,0,-148000,0,0,0,0,148000,-148000,-148000
061360,智邦兆豐9B購02  ,0,0,0,0,0,0,0,0,0,-148000,0,0,0,0,148000,-148000,-148000
065078,台積電元大02購01,0,0,0,0,0,0,0,0,0,-148000,0,0,0,425000,573000,-148000,-148000
066686,鴻海元富07購05  ,0,0,0,0,0,0,0,0,0,-149000,0,0,0,31000,180000,-149000,-149000
067362,眾達群益01購02  ,0,0,0,0,0,0,0,0,0,-149000,0,0,0,0,149000,-149000,-149000
08765P,鴻海富邦01售02  ,0,0,0,0,0,0,0,0,0,-149000,0,0,0,51000,200000,-149000,-149000
055541,聚陽凱基98購01  ,0,0,0,0,0,0,0,0,0,-149000,0,0,0,40000,189000,-149000,-149000
057510,泰碩統一98購02  ,0,0,0,0,0,0,0,0,0,-149000,0,0,0,0,149000,-149000,-149000
6552,易華電          ,107000,235000,-128000,0,0,0,0,0,0,-21000,0,0,0,0,21000,-21000,-149000
5608,四維航          ,85000,238000,-153000,0,0,0,0,0,0,4000,4000,0,4000,0,0,0,-149000
3413,京鼎            ,352000,465000,-113000,0,0,0,0,0,0,-36000,15000,16000,-1000,7000,42000,-35000,-149000
08221P,台表科凱基9B售05,0,0,0,0,0,0,0,0,0,-150000,0,0,0,30000,180000,-150000,-150000
067615,鈺齊凱基01購01  ,0,0,0,0,0,0,0,0,0,-150000,0,0,0,0,150000,-150000,-150000
06914P,南茂元大98售03  ,0,0,0,0,0,0,0,0,0,-150000,0,0,0,0,150000,-150000,-150000
067099,友訊群益01購04  ,0,0,0,0,0,0,0,0,0,-150000,0,0,0,0,150000,-150000,-150000
058308,全新元大9B購01  ,0,0,0,0,0,0,0,0,0,-150000,0,0,0,50000,200000,-150000,-150000
058877,T50反1國泰9B購01,0,0,0,0,0,0,0,0,0,-150000,0,0,0,0,150000,-150000,-150000
061432,世紀鋼元大9A購05,0,0,0,0,0,0,0,0,0,-150000,0,0,0,50000,200000,-150000,-150000
064249,聯發科元富06購01,0,0,0,0,0,0,0,0,0,-150000,0,0,0,2000,152000,-150000,-150000
061961,台積電統一01購02,0,0,0,0,0,0,0,0,0,-150000,0,0,0,150000,300000,-150000,-150000
064820,裕隆統一9C購01  ,0,0,0,0,0,0,0,0,0,-150000,0,0,0,0,150000,-150000,-150000
065976,牧德元大02購02  ,0,0,0,0,0,0,0,0,0,-150000,0,0,0,0,150000,-150000,-150000
4942,嘉彰            ,34000,184000,-150000,0,0,0,0,0,0,0,0,0,0,0,0,0,-150000
2426,鼎元            ,70000,221000,-151000,0,0,0,0,0,0,0,0,0,0,0,0,0,-151000
063126,TPK元大9B購01   ,0,0,0,0,0,0,0,0,0,-151000,0,0,0,115000,266000,-151000,-151000
059297,大立光元富9C購01,0,0,0,0,0,0,0,0,0,-151000,0,0,0,230000,381000,-151000,-151000
00753L,中信中國50正2   ,0,0,0,0,0,0,0,0,0,-151000,0,0,0,1352000,1503000,-151000,-151000
062233,神隆凱基9B購01  ,0,0,0,0,0,0,0,0,0,-151000,0,0,0,0,151000,-151000,-151000
066040,友訊元大01購02  ,0,0,0,0,0,0,0,0,0,-151000,0,0,0,0,151000,-151000,-151000
064476,金像電國泰02購01,0,0,0,0,0,0,0,0,0,-151000,0,0,0,678000,829000,-151000,-151000
08714P,華碩元富01售03  ,0,0,0,0,0,0,0,0,0,-152000,0,0,0,192000,344000,-152000,-152000
00851,台新全球AI      ,0,0,0,0,0,0,0,0,0,-152000,0,0,0,76000,228000,-152000,-152000
062651,世紀鋼富邦9C購01,0,0,0,0,0,0,0,0,0,-152000,0,0,0,48000,200000,-152000,-152000
064921,景碩統一02購01  ,0,0,0,0,0,0,0,0,0,-152000,0,0,0,0,152000,-152000,-152000
065984,緯創富邦03購01  ,0,0,0,0,0,0,0,0,0,-152000,0,0,0,97000,249000,-152000,-152000
08427P,義隆國票9C售01  ,0,0,0,0,0,0,0,0,0,-153000,0,0,0,2000,155000,-153000,-153000
062621,緯穎元大9B購05  ,0,0,0,0,0,0,0,0,0,-153000,0,0,0,25000,178000,-153000,-153000
065717,創意中信9C購02  ,0,0,0,0,0,0,0,0,0,-153000,0,0,0,140000,293000,-153000,-153000
08262P,茂林元大9C售01  ,0,0,0,0,0,0,0,0,0,-154000,0,0,0,73000,227000,-154000,-154000
03662C,FBVIX凱基03牛01 ,0,0,0,0,0,0,0,0,0,-154000,0,0,0,118000,272000,-154000,-154000
062678,華通統一9C購04  ,0,0,0,0,0,0,0,0,0,-154000,0,0,0,4000,158000,-154000,-154000
061553,南電群益9A購03  ,0,0,0,0,0,0,0,0,0,-154000,0,0,0,46000,200000,-154000,-154000
065448,緯創統一9C購01  ,0,0,0,0,0,0,0,0,0,-155000,0,0,0,238000,393000,-155000,-155000
066113,金像電兆豐01購01,0,0,0,0,0,0,0,0,0,-155000,0,0,0,26000,181000,-155000,-155000
065217,世芯國泰02購01  ,0,0,0,0,0,0,0,0,0,-155000,0,0,0,20000,175000,-155000,-155000
6235,華孚            ,112000,267000,-155000,0,0,0,0,0,0,0,0,0,0,0,0,0,-155000
067144,上銀統一02購01  ,0,0,0,0,0,0,0,0,0,-156000,0,0,0,0,156000,-156000,-156000
062580,華通統一9C購03  ,0,0,0,0,0,0,0,0,0,-156000,0,0,0,19000,175000,-156000,-156000
065165,上銀元大9C購09  ,0,0,0,0,0,0,0,0,0,-156000,0,0,0,62000,218000,-156000,-156000
066105,松翰國票01購01  ,0,0,0,0,0,0,0,0,0,-156000,0,0,0,125000,281000,-156000,-156000
065464,健鼎中信9C購01  ,0,0,0,0,0,0,0,0,0,-156000,0,0,0,218000,374000,-156000,-156000
065961,東元元大04購01  ,0,0,0,0,0,0,0,0,0,-156000,0,0,0,139000,295000,-156000,-156000
067337,欣興凱基01購01  ,0,0,0,0,0,0,0,0,0,-157000,0,0,0,129000,286000,-157000,-157000
07890P,南電國票9B售01  ,0,0,0,0,0,0,0,0,0,-157000,0,0,0,70000,227000,-157000,-157000
059403,T50反1台新03購03,0,0,0,0,0,0,0,0,0,-157000,0,0,0,0,157000,-157000,-157000
064368,日月光統一01購01,0,0,0,0,0,0,0,0,0,-157000,0,0,0,30000,187000,-157000,-157000
08252P,台積電國票9C售06,0,0,0,0,0,0,0,0,0,-158000,0,0,0,0,158000,-158000,-158000
057447,智邦元富02購01  ,0,0,0,0,0,0,0,0,0,-158000,0,0,0,15000,173000,-158000,-158000
061786,義隆群益9B購01  ,0,0,0,0,0,0,0,0,0,-158000,0,0,0,0,158000,-158000,-158000
062194,遠東新中信9C購01,0,0,0,0,0,0,0,0,0,-158000,0,0,0,217000,375000,-158000,-158000
065433,緯創凱基9C購01  ,0,0,0,0,0,0,0,0,0,-158000,0,0,0,30000,188000,-158000,-158000
2362,藍天            ,34000,188000,-154000,0,0,0,0,0,0,-5000,0,5000,-5000,0,0,0,-159000
062563,緯穎凱基9B購03  ,0,0,0,0,0,0,0,0,0,-159000,0,0,0,0,159000,-159000,-159000
4108,懷特            ,785000,944000,-159000,0,0,0,0,0,0,0,0,0,0,0,0,0,-159000
067214,聯陽元大01購02  ,0,0,0,0,0,0,0,0,0,-160000,0,0,0,40000,200000,-160000,-160000
066263,華碩元大02購01  ,0,0,0,0,0,0,0,0,0,-160000,0,0,0,0,160000,-160000,-160000
058540,嘉聯益國泰9A購02,0,0,0,0,0,0,0,0,0,-161000,0,0,0,0,161000,-161000,-161000
065381,緯穎元大9C購03  ,0,0,0,0,0,0,0,0,0,-161000,0,0,0,5000,166000,-161000,-161000
1710,東聯            ,175000,337000,-162000,0,0,0,0,0,0,0,0,0,0,0,0,0,-162000
055176,大毅統一98購02  ,0,0,0,0,0,0,0,0,0,-162000,0,0,0,0,162000,-162000,-162000
062319,南六凱基9B購02  ,0,0,0,0,0,0,0,0,0,-162000,0,0,0,34000,196000,-162000,-162000
063536,美食統一01購01  ,0,0,0,0,0,0,0,0,0,-162000,0,0,0,5000,167000,-162000,-162000
061969,大立光統一01購02,0,0,0,0,0,0,0,0,0,-162000,0,0,0,30000,192000,-162000,-162000
063944,建準元大9C購01  ,0,0,0,0,0,0,0,0,0,-162000,0,0,0,146000,308000,-162000,-162000
064656,聚陽元大9C購03  ,0,0,0,0,0,0,0,0,0,-162000,0,0,0,202000,364000,-162000,-162000
1447,力鵬            ,64000,229000,-165000,0,0,0,0,0,0,2000,2000,0,2000,0,0,0,-163000
066980,台光電群益01購02,0,0,0,0,0,0,0,0,0,-163000,0,0,0,11000,174000,-163000,-163000
060636,大毅永豐9A購02  ,0,0,0,0,0,0,0,0,0,-163000,0,0,0,0,163000,-163000,-163000
065380,緯穎元大9C購02  ,0,0,0,0,0,0,0,0,0,-163000,0,0,0,8000,171000,-163000,-163000
066087,大毅永豐01購02  ,0,0,0,0,0,0,0,0,0,-163000,0,0,0,1000,164000,-163000,-163000
065556,旭富凱基9C購02  ,0,0,0,0,0,0,0,0,0,-163000,0,0,0,0,163000,-163000,-163000
8996,高力            ,374000,537000,-163000,0,0,0,0,0,0,0,0,0,0,0,0,0,-163000
066753,聯鈞國泰03購01  ,0,0,0,0,0,0,0,0,0,-164000,0,0,0,79000,243000,-164000,-164000
063493,金像電富邦01購01,0,0,0,0,0,0,0,0,0,-164000,0,0,0,180000,344000,-164000,-164000
065536,健鼎統一02購04  ,0,0,0,0,0,0,0,0,0,-164000,0,0,0,60000,224000,-164000,-164000
066021,華通群益02購03  ,0,0,0,0,0,0,0,0,0,-164000,0,0,0,0,164000,-164000,-164000
08568P,臺股指富邦9C售05,0,0,0,0,0,0,0,0,0,-165000,0,0,0,5000,170000,-165000,-165000
063231,台泥元大9B購01  ,0,0,0,0,0,0,0,0,0,-165000,0,0,0,161000,326000,-165000,-165000
062088,緯穎元大9B購04  ,0,0,0,0,0,0,0,0,0,-165000,0,0,0,84000,249000,-165000,-165000
065234,旭富凱基01購01  ,0,0,0,0,0,0,0,0,0,-165000,0,0,0,10000,175000,-165000,-165000
064516,華通群益02購01  ,0,0,0,0,0,0,0,0,0,-165000,0,0,0,5000,170000,-165000,-165000
3006,晶豪科          ,477000,624000,-147000,0,0,0,0,0,0,-18000,2000,0,2000,5000,25000,-20000,-165000
08472P,和碩凱基9C售02  ,0,0,0,0,0,0,0,0,0,-166000,0,0,0,75000,241000,-166000,-166000
067577,FBVIX群益01購02 ,0,0,0,0,0,0,0,0,0,-166000,0,0,0,0,166000,-166000,-166000
063388,台光電兆豐9C購01,0,0,0,0,0,0,0,0,0,-166000,0,0,0,40000,206000,-166000,-166000
055891,鴻海統一9A購01  ,0,0,0,0,0,0,0,0,0,-166000,0,0,0,80000,246000,-166000,-166000
063874,志超永豐9C購01  ,0,0,0,0,0,0,0,0,0,-166000,0,0,0,0,166000,-166000,-166000
064582,裕隆永豐9C購02  ,0,0,0,0,0,0,0,0,0,-166000,0,0,0,0,166000,-166000,-166000
065081,金像電元大9C購05,0,0,0,0,0,0,0,0,0,-166000,0,0,0,216000,382000,-166000,-166000
059284,緯穎永豐99購03  ,0,0,0,0,0,0,0,0,0,-167000,0,0,0,39000,206000,-167000,-167000
066018,南六元富03購02  ,0,0,0,0,0,0,0,0,0,-167000,0,0,0,85000,252000,-167000,-167000
064326,裕隆元大9C購01  ,0,0,0,0,0,0,0,0,0,-168000,0,0,0,1000,169000,-168000,-168000
065068,臺股指群益9C購16,0,0,0,0,0,0,0,0,0,-168000,0,0,0,0,168000,-168000,-168000
063921,大立光元富9C購03,0,0,0,0,0,0,0,0,0,-168000,0,0,0,217000,385000,-168000,-168000
08463P,台灣50國泰02售02,0,0,0,0,0,0,0,0,0,-169000,0,0,0,195000,364000,-169000,-169000
055890,鴻海統一99購01  ,0,0,0,0,0,0,0,0,0,-169000,0,0,0,299000,468000,-169000,-169000
063117,聯茂麥證9B購01  ,0,0,0,29000,198000,-169000,0,0,0,-169000,0,0,0,29000,198000,-169000,-169000
061269,嘉澤凱基9A購01  ,0,0,0,0,0,0,0,0,0,-169000,0,0,0,0,169000,-169000,-169000
065438,緯穎凱基9C購04  ,0,0,0,0,0,0,0,0,0,-169000,0,0,0,70000,239000,-169000,-169000
08438P,鴻海國票01售02  ,0,0,0,0,0,0,0,0,0,-170000,0,0,0,0,170000,-170000,-170000
07264P,台積電元大99售38,0,0,0,0,0,0,0,0,0,-170000,0,0,0,0,170000,-170000,-170000
07358P,鴻海元大99售39  ,0,0,0,0,0,0,0,0,0,-170000,0,0,0,40000,210000,-170000,-170000
058666,上証反群益01購01,0,0,0,0,0,0,0,0,0,-170000,0,0,0,0,170000,-170000,-170000
056353,鴻海元大99購02  ,0,0,0,0,0,0,0,0,0,-170000,0,0,0,408000,578000,-170000,-170000
062523,世紀鋼元大9C購03,0,0,0,0,0,0,0,0,0,-170000,0,0,0,50000,220000,-170000,-170000
060189,宏達電元富9B購03,0,0,0,0,0,0,0,0,0,-170000,0,0,0,0,170000,-170000,-170000
067031,華擎元富01購01  ,0,0,0,0,0,0,0,0,0,-171000,0,0,0,20000,191000,-171000,-171000
061378,南六永豐9A購03  ,0,0,0,0,0,0,0,0,0,-171000,0,0,0,46000,217000,-171000,-171000
059100,元油2X統一9C購02,0,0,0,0,0,0,0,0,0,-172000,0,0,0,73000,245000,-172000,-172000
061886,力山國泰01購01  ,0,0,0,0,0,0,0,0,0,-172000,0,0,0,2000,174000,-172000,-172000
063452,創意統一01購01  ,0,0,0,0,0,0,0,0,0,-172000,0,0,0,10000,182000,-172000,-172000
065974,智原元大01購01  ,0,0,0,0,0,0,0,0,0,-172000,0,0,0,276000,448000,-172000,-172000
066283,鎧勝元大01購02  ,0,0,0,0,0,0,0,0,0,-172000,0,0,0,71000,243000,-172000,-172000
066363,美律中信05購01  ,0,0,0,0,0,0,0,0,0,-172000,0,0,0,89000,261000,-172000,-172000
064831,宏達電統一02購01,0,0,0,0,0,0,0,0,0,-172000,0,0,0,14000,186000,-172000,-172000
06721P,臺股指中信9A售03,0,0,0,0,0,0,0,0,0,-173000,0,0,0,167000,340000,-173000,-173000
063397,廣達群益9B購02  ,0,0,0,0,0,0,0,0,0,-173000,0,0,0,14000,187000,-173000,-173000
062398,建準永豐9B購01  ,0,0,0,0,0,0,0,0,0,-173000,0,0,0,57000,230000,-173000,-173000
062229,南六統一9B購01  ,0,0,0,0,0,0,0,0,0,-173000,0,0,0,50000,223000,-173000,-173000
065329,億豐凱基9C購02  ,0,0,0,0,0,0,0,0,0,-173000,0,0,0,27000,200000,-173000,-173000
066262,華碩元大01購02  ,0,0,0,0,0,0,0,0,0,-173000,0,0,0,23000,196000,-173000,-173000
066555,聯詠元大01購01  ,0,0,0,0,0,0,0,0,0,-173000,0,0,0,55000,228000,-173000,-173000
066622,南帝凱基01購01  ,0,0,0,0,0,0,0,0,0,-173000,0,0,0,0,173000,-173000,-173000
066013,友訊元富01購02  ,0,0,0,0,0,0,0,0,0,-173000,0,0,0,81000,254000,-173000,-173000
065533,台光電統一02購03,0,0,0,0,0,0,0,0,0,-173000,0,0,0,2000,175000,-173000,-173000
065687,華通元富9C購03  ,0,0,0,0,0,0,0,0,0,-173000,0,0,0,0,173000,-173000,-173000
08524P,奇力新元大9C售01,0,0,0,0,0,0,0,0,0,-174000,0,0,0,67000,241000,-174000,-174000
07949P,滬深2X元大9B售04,0,0,0,0,0,0,0,0,0,-174000,0,0,0,0,174000,-174000,-174000
058526,鈺齊元大99購02  ,0,0,0,0,0,0,0,0,0,-174000,0,0,0,2000,176000,-174000,-174000
065472,華新元大01購01  ,0,0,0,0,0,0,0,0,0,-174000,0,0,0,0,174000,-174000,-174000
066166,大毅凱基02購01  ,0,0,0,0,0,0,0,0,0,-174000,0,0,0,20000,194000,-174000,-174000
063591,麗豐永豐9B購02  ,0,0,0,0,0,0,0,0,0,-174000,0,0,0,0,174000,-174000,-174000
07774P,台灣50群益9A售16,0,0,0,0,0,0,0,0,0,-175000,0,0,0,50000,225000,-175000,-175000
063947,大毅元大9C購02  ,0,0,0,0,0,0,0,0,0,-175000,0,0,0,54000,229000,-175000,-175000
1319,東陽            ,14000,200000,-186000,0,0,0,0,0,0,10000,10000,0,10000,0,0,0,-176000
058949,上銀群益99購02  ,0,0,0,0,0,0,0,0,0,-176000,0,0,0,0,176000,-176000,-176000
063446,台光電統一01購02,0,0,0,0,0,0,0,0,0,-176000,0,0,0,10000,186000,-176000,-176000
064850,智原元富9C購01  ,0,0,0,0,0,0,0,0,0,-176000,0,0,0,120000,296000,-176000,-176000
066011,華通元富01購01  ,0,0,0,0,0,0,0,0,0,-176000,0,0,0,0,176000,-176000,-176000
057868,大立光凱基98購18,0,0,0,0,0,0,0,0,0,-177000,0,0,0,0,177000,-177000,-177000
065340,旺宏統一9C購04  ,0,0,0,0,0,0,0,0,0,-177000,0,0,0,0,177000,-177000,-177000
07922P,大立光群益9B售05,0,0,0,0,0,0,0,0,0,-178000,0,0,0,0,178000,-178000,-178000
062306,華通凱基9B購01  ,0,0,0,0,0,0,0,0,0,-178000,0,0,0,2000,180000,-178000,-178000
064305,健鼎兆豐9C購02  ,0,0,0,0,0,0,0,0,0,-178000,0,0,0,30000,208000,-178000,-178000
065092,健鼎元大9C購02  ,0,0,0,0,0,0,0,0,0,-178000,0,0,0,320000,498000,-178000,-178000
064576,世紀鋼群益01購01,0,0,0,0,0,0,0,0,0,-178000,0,0,0,104000,282000,-178000,-178000
065782,健策富邦01購02  ,0,0,0,0,0,0,0,0,0,-178000,0,0,0,154000,332000,-178000,-178000
065543,緯穎元富01購01  ,0,0,0,0,0,0,0,0,0,-178000,0,0,0,79000,257000,-178000,-178000
055701,亞德客富邦99購01,0,0,0,0,0,0,0,0,0,-179000,0,0,0,195000,374000,-179000,-179000
061612,南六統一9A購01  ,0,0,0,0,0,0,0,0,0,-179000,0,0,0,335000,514000,-179000,-179000
061223,T50反1中信01購01,0,0,0,0,0,0,0,0,0,-179000,0,0,0,20000,199000,-179000,-179000
066325,可成永豐01購01  ,0,0,0,0,0,0,0,0,0,-179000,0,0,0,83000,262000,-179000,-179000
08385P,臺股指群益9C售13,0,0,0,0,0,0,0,0,0,-180000,0,0,0,5000,185000,-180000,-180000
066870,宏達電元富01購01,0,0,0,0,0,0,0,0,0,-180000,0,0,0,0,180000,-180000,-180000
059072,元油2X元大9C購13,0,0,0,0,0,0,0,0,0,-180000,0,0,0,0,180000,-180000,-180000
058528,世紀鋼元大99購02,0,0,0,0,0,0,0,0,0,-180000,0,0,0,103000,283000,-180000,-180000
062264,南六元大9B購02  ,0,0,0,0,0,0,0,0,0,-180000,0,0,0,15000,195000,-180000,-180000
060284,南港元大01購01  ,0,0,0,0,0,0,0,0,0,-180000,0,0,0,100000,280000,-180000,-180000
066424,晶技元大01購03  ,0,0,0,0,0,0,0,0,0,-180000,0,0,0,279000,459000,-180000,-180000
065904,群創富邦02購01  ,0,0,0,0,0,0,0,0,0,-180000,0,0,0,0,180000,-180000,-180000
064667,大立光元大02購01,0,0,0,0,0,0,0,0,0,-180000,0,0,0,0,180000,-180000,-180000
063611,儒鴻群益9B購03  ,0,0,0,0,0,0,0,0,0,-181000,0,0,0,18000,199000,-181000,-181000
063669,宏達電統一9C購01,0,0,0,0,0,0,0,0,0,-181000,0,0,0,0,181000,-181000,-181000
065537,健鼎統一02購05  ,0,0,0,0,0,0,0,0,0,-181000,0,0,0,132000,313000,-181000,-181000
066483,瑞昱元富01購01  ,0,0,0,0,0,0,0,0,0,-181000,0,0,0,59000,240000,-181000,-181000
066618,南六康和01購01  ,0,0,0,0,0,0,0,0,0,-181000,0,0,0,0,181000,-181000,-181000
066974,SP黃豆群益03購01,0,0,0,0,0,0,0,0,0,-182000,0,0,0,0,182000,-182000,-182000
08107P,聯發科統一9B售10,0,0,0,0,0,0,0,0,0,-182000,0,0,0,0,182000,-182000,-182000
062466,FBVIX凱基9B購01 ,0,0,0,0,0,0,0,0,0,-182000,0,0,0,3000,185000,-182000,-182000
065975,緯創元大02購01  ,0,0,0,0,0,0,0,0,0,-182000,0,0,0,236000,418000,-182000,-182000
065416,華通國票01購02  ,10000,0,10000,0,0,0,0,0,0,-192000,0,0,0,72000,264000,-192000,-182000
8112,至上            ,279000,461000,-182000,0,0,0,0,0,0,0,0,0,0,0,0,0,-182000
066706,揚明光群益01購01,0,0,0,0,0,0,0,0,0,-183000,0,0,0,0,183000,-183000,-183000
066534,華通台新01購02  ,0,0,0,0,0,0,0,0,0,-183000,0,0,0,100000,283000,-183000,-183000
08066P,南亞科凱基9B售04,0,0,0,0,0,0,0,0,0,-184000,0,0,0,16000,200000,-184000,-184000
062819,奇鋐兆豐9B購01  ,0,0,0,0,0,0,0,0,0,-184000,0,0,0,150000,334000,-184000,-184000
061732,智邦中信9B購01  ,0,0,0,0,0,0,0,0,0,-184000,0,0,0,31000,215000,-184000,-184000
065945,鴻海統一02購01  ,0,0,0,0,0,0,0,0,0,-184000,0,0,0,4660000,4844000,-184000,-184000
2536,宏普            ,76000,260000,-184000,0,0,0,0,0,0,0,0,0,0,0,0,0,-184000
063198,仁寶統一01購02  ,0,0,0,0,0,0,0,0,0,-185000,0,0,0,70000,255000,-185000,-185000
065614,緯穎元大01購02  ,0,0,0,0,0,0,0,0,0,-185000,0,0,0,0,185000,-185000,-185000
066525,創意統一03購01  ,0,0,0,0,0,0,0,0,0,-185000,0,0,0,114000,299000,-185000,-185000
08037P,台表科群益9B售02,0,0,0,0,0,0,0,0,0,-186000,0,0,0,60000,246000,-186000,-186000
060417,正隆永豐9A購01  ,0,0,0,0,0,0,0,0,0,-186000,0,0,0,13000,199000,-186000,-186000
064206,鴻海凱基03購02  ,0,0,0,0,0,0,0,0,0,-186000,0,0,0,17000,203000,-186000,-186000
066253,泰豐元大01購01  ,0,0,0,0,0,0,0,0,0,-186000,0,0,0,203000,389000,-186000,-186000
063154,南六元富9B購02  ,0,0,0,0,0,0,0,0,0,-187000,0,0,0,0,187000,-187000,-187000
065037,緯穎統一02購02  ,0,0,0,0,0,0,0,0,0,-187000,0,0,0,30000,217000,-187000,-187000
063988,華通永豐9C購01  ,0,0,0,0,0,0,0,0,0,-187000,0,0,0,134000,321000,-187000,-187000
2890,永豐金          ,7410842,9038326,-1627484,0,0,0,1546000,104000,1442000,-2000,1000,0,1000,0,3000,-3000,-187484
064200,華通兆豐01購01  ,0,0,0,0,0,0,0,0,0,-188000,0,0,0,67000,255000,-188000,-188000
060556,緯穎凱基9A購04  ,0,0,0,0,0,0,0,0,0,-188000,0,0,0,50000,238000,-188000,-188000
066206,聯鈞統一01購01  ,0,0,0,0,0,0,0,0,0,-188000,0,0,0,99000,287000,-188000,-188000
062323,上銀統一9B購03  ,0,0,0,0,0,0,0,0,0,-189000,0,0,0,0,189000,-189000,-189000
065874,智原群益9C購01  ,0,0,0,0,0,0,0,0,0,-189000,0,0,0,84000,273000,-189000,-189000
08326P,臺股指凱基9C售09,0,0,0,0,0,0,0,0,0,-190000,0,0,0,10000,200000,-190000,-190000
08140P,祥碩元大9B售07  ,0,0,0,0,0,0,0,0,0,-190000,0,0,0,196000,386000,-190000,-190000
08454P,台灣50凱基9C售12,0,0,0,0,0,0,0,0,0,-190000,0,0,0,420000,610000,-190000,-190000
08550P,台灣50群益02售04,0,0,0,0,0,0,0,0,0,-190000,0,0,0,10000,200000,-190000,-190000
066776,創意富邦03購02  ,0,0,0,0,0,0,0,0,0,-190000,0,0,0,31000,221000,-190000,-190000
063209,巨大統一01購01  ,0,0,0,0,0,0,0,0,0,-190000,0,0,0,21000,211000,-190000,-190000
065255,上銀元大01購01  ,0,0,0,0,0,0,0,0,0,-190000,0,0,0,150000,340000,-190000,-190000
066665,聯詠凱基02購01  ,0,0,0,0,0,0,0,0,0,-191000,0,0,0,108000,299000,-191000,-191000
1337,再生-KY         ,37000,228000,-191000,0,0,0,0,0,0,0,0,0,0,0,0,0,-191000
054819,裕民元大9A購01  ,0,0,0,0,0,0,0,0,0,-191000,0,0,0,0,191000,-191000,-191000
064167,緯穎統一01購03  ,0,0,0,0,0,0,0,0,0,-191000,0,0,0,15000,206000,-191000,-191000
061428,南六元大9A購01  ,0,0,0,0,0,0,0,0,0,-191000,0,0,0,76000,267000,-191000,-191000
064973,智邦元大9C購06  ,0,0,0,0,0,0,0,0,0,-191000,0,0,0,39000,230000,-191000,-191000
064727,群創統一02購03  ,0,0,0,0,0,0,0,0,0,-191000,0,0,0,9000,200000,-191000,-191000
063677,台光電國泰9C購02,0,0,0,0,0,0,0,0,0,-191000,0,0,0,28000,219000,-191000,-191000
2393,億光            ,429000,607000,-178000,0,0,0,0,0,0,-14000,0,8000,-8000,2000,8000,-6000,-192000
04006P,滬深2X國票9B售01,0,0,0,0,0,0,0,0,0,-192000,0,0,0,0,192000,-192000,-192000
058026,上銀富邦9A購01  ,0,0,0,0,0,0,0,0,0,-192000,0,0,0,100000,292000,-192000,-192000
6706,惠特            ,509000,421000,88000,0,0,0,0,277000,-277000,-3000,0,0,0,3000,6000,-3000,-192000
1598,岱宇            ,558000,808000,-250000,0,0,0,0,0,0,57000,58000,1000,57000,0,0,0,-193000
067185,宏達電凱基02購01,0,0,0,0,0,0,0,0,0,-193000,0,0,0,30000,223000,-193000,-193000
065953,宏達電統一03購01,0,0,0,0,0,0,0,0,0,-193000,0,0,0,50000,243000,-193000,-193000
066284,松翰元大01購01  ,0,0,0,0,0,0,0,0,0,-193000,0,0,0,20000,213000,-193000,-193000
2892,第一金          ,5035370,6376555,-1341185,0,0,0,929000,83000,846000,302000,302000,0,302000,0,0,0,-193185
08464P,牧德永豐9C售02  ,0,0,0,0,0,0,0,0,0,-194000,0,0,0,36000,230000,-194000,-194000
064188,玉晶光永豐9C購02,0,0,0,0,0,0,0,0,0,-194000,0,0,0,9000,203000,-194000,-194000
066247,中化元大01購02  ,0,0,0,0,0,0,0,0,0,-194000,0,0,0,1000,195000,-194000,-194000
08598P,立積元大9C售04  ,0,0,0,0,0,0,0,0,0,-195000,0,0,0,10000,205000,-195000,-195000
067193,台表科凱基03購02,0,0,0,0,0,0,0,0,0,-195000,0,0,0,135000,330000,-195000,-195000
064297,台郡國票01購01  ,0,0,0,0,0,0,0,0,0,-195000,0,0,0,0,195000,-195000,-195000
063338,國巨統一9C購11  ,0,0,0,0,0,0,0,0,0,-195000,0,0,0,0,195000,-195000,-195000
063706,台虹群益9B購01  ,0,0,0,0,0,0,0,0,0,-195000,0,0,0,1000,196000,-195000,-195000
067178,京鼎康和01購01  ,0,0,0,0,0,0,0,0,0,-196000,0,0,0,154000,350000,-196000,-196000
08563P,金像電元富9C售03,0,0,0,0,0,0,0,0,0,-196000,0,0,0,205000,401000,-196000,-196000
063107,矽創群益9B購01  ,0,0,0,0,0,0,0,0,0,-196000,0,0,0,78000,274000,-196000,-196000
057758,鴻海凱基99購03  ,0,0,0,0,0,0,0,0,0,-196000,0,0,0,4000,200000,-196000,-196000
058267,奇鋐永豐99購01  ,0,0,0,0,0,0,0,0,0,-196000,0,0,0,87000,283000,-196000,-196000
062904,台光電元大9B購06,0,0,0,0,0,0,0,0,0,-196000,0,0,0,62000,258000,-196000,-196000
065626,華新科兆豐9C購02,0,0,0,0,0,0,0,0,0,-196000,0,0,0,0,196000,-196000,-196000
065723,新日興兆豐01購01,0,0,0,0,0,0,0,0,0,-197000,0,0,0,59000,256000,-197000,-197000
065446,宏達電統一9C購02,0,0,0,0,0,0,0,0,0,-197000,0,0,0,0,197000,-197000,-197000
064719,聯發科統一02購01,0,0,0,0,0,0,0,0,0,-197000,0,0,0,1006000,1203000,-197000,-197000
067164,台虹國票02購01  ,0,0,0,0,0,0,0,0,0,-198000,0,0,0,35000,233000,-198000,-198000
067340,欣興凱基02購02  ,0,0,0,0,0,0,0,0,0,-198000,0,0,0,0,198000,-198000,-198000
063427,南六凱基9B購04  ,0,0,0,0,0,0,0,0,0,-198000,0,0,0,0,198000,-198000,-198000
065834,億豐凱基03購01  ,0,0,0,0,0,0,0,0,0,-198000,0,0,0,2000,200000,-198000,-198000
058900,旺宏元大99購11  ,0,0,0,0,0,0,0,0,0,-199000,0,0,0,1000,200000,-199000,-199000
063618,智邦兆豐9C購01  ,0,0,0,0,0,0,0,0,0,-199000,0,0,0,6000,205000,-199000,-199000
065366,英業達元大9C購02,0,0,0,0,0,0,0,0,0,-199000,0,0,0,36000,235000,-199000,-199000
067324,巨大元大01購04  ,0,0,0,0,0,0,0,0,0,-200000,0,0,0,0,200000,-200000,-200000
06730P,祥碩元大98售07  ,0,0,0,0,0,0,0,0,0,-200000,0,0,0,0,200000,-200000,-200000
067182,鴻海凱基02購05  ,0,0,0,0,0,0,0,0,0,-200000,0,0,0,116000,316000,-200000,-200000
066723,聯電元大02購01  ,0,0,0,0,0,0,0,0,0,-200000,0,0,0,150000,350000,-200000,-200000
07836P,大成鋼元大9A售01,0,0,0,0,0,0,0,0,0,-200000,0,0,0,9000,209000,-200000,-200000
07202P,台灣50凱基9C售04,0,0,0,0,0,0,0,0,0,-200000,0,0,0,0,200000,-200000,-200000
067441,儒鴻國票02購01  ,0,0,0,0,0,0,0,0,0,-200000,0,0,0,30000,230000,-200000,-200000
067617,臺股指凱基01購12,0,0,0,0,0,0,0,0,0,-200000,0,0,0,0,200000,-200000,-200000
067685,瀚宇博元大01購03,0,0,0,0,0,0,0,0,0,-200000,0,0,0,16000,216000,-200000,-200000
067680,聯詠元大01購08  ,0,0,0,0,0,0,0,0,0,-200000,0,0,0,9000,209000,-200000,-200000
059564,鴻海凱基9A購15  ,0,0,0,0,0,0,0,0,0,-200000,0,0,0,0,200000,-200000,-200000
056603,嘉聯益國泰9A購01,0,0,0,0,0,0,0,0,0,-200000,0,0,0,0,200000,-200000,-200000
057181,亞光元大98購02  ,0,0,0,0,0,0,0,0,0,-200000,0,0,0,0,200000,-200000,-200000
056959,鴻海永豐98購03  ,0,0,0,0,0,0,0,0,0,-200000,0,0,0,0,200000,-200000,-200000
062413,台光電中信9B購02,0,0,0,0,0,0,0,0,0,-200000,0,0,0,0,200000,-200000,-200000
061256,亞德客凱基9B購01,0,0,0,0,0,0,0,0,0,-200000,0,0,0,0,200000,-200000,-200000
060037,鴻海國票99購10  ,0,0,0,0,0,0,0,0,0,-200000,0,0,0,0,200000,-200000,-200000
064840,彩晶統一02購01  ,0,0,0,0,0,0,0,0,0,-200000,0,0,0,84000,284000,-200000,-200000
066300,潤泰新元大01購02,0,0,0,0,0,0,0,0,0,-200000,0,0,0,200000,400000,-200000,-200000
066442,華碩群益01購01  ,0,0,0,0,0,0,0,0,0,-200000,0,0,0,0,200000,-200000,-200000
067328,鎧勝康和01購02  ,0,0,0,0,0,0,0,0,0,-201000,0,0,0,0,201000,-201000,-201000
067258,盛群國票01購01  ,0,0,0,0,0,0,0,0,0,-201000,0,0,0,102000,303000,-201000,-201000
060926,宏達電永豐9A購01,0,0,0,0,0,0,0,0,0,-201000,0,0,0,9000,210000,-201000,-201000
063919,大立光元富03購01,0,0,0,0,0,0,0,0,0,-201000,0,0,0,47000,248000,-201000,-201000
08799P,台積電元大01售19,0,0,0,0,0,0,0,0,0,-202000,0,0,0,3445000,3647000,-202000,-202000
065884,智原元富9C購02  ,0,0,0,0,0,0,0,0,0,-202000,0,0,0,100000,302000,-202000,-202000
2492,華新科          ,885640,1063000,-177360,0,0,0,0,6000,-6000,-19000,61000,45000,16000,52000,87000,-35000,-202360
058565,鴻海凱基9A購07  ,0,0,0,0,0,0,0,0,0,-203000,0,0,0,0,203000,-203000,-203000
061957,上銀統一01購01  ,0,0,0,0,0,0,0,0,0,-203000,0,0,0,0,203000,-203000,-203000
063924,致新元富9C購01  ,0,0,0,0,0,0,0,0,0,-203000,0,0,0,1000,204000,-203000,-203000
063816,TPK群益9C購01   ,0,0,0,0,0,0,0,0,0,-203000,0,0,0,18000,221000,-203000,-203000
065295,旭富群益9C購02  ,0,0,0,0,0,0,0,0,0,-203000,0,0,0,0,203000,-203000,-203000
062288,南六群益9B購01  ,0,0,0,0,0,0,0,0,0,-204000,0,0,0,1000,205000,-204000,-204000
063342,台光電統一9B購02,0,0,0,0,0,0,0,0,0,-204000,0,0,0,40000,244000,-204000,-204000
061649,緯穎元大9A購06  ,0,0,0,0,0,0,0,0,0,-204000,0,0,0,0,204000,-204000,-204000
062909,大立光元大9C購04,0,0,0,0,0,0,0,0,0,-204000,0,0,0,0,204000,-204000,-204000
066222,生達國泰02購01  ,0,0,0,0,0,0,0,0,0,-204000,0,0,0,30000,234000,-204000,-204000
2027,大成鋼          ,767059,869000,-101941,0,0,0,0,0,0,-102280,4000,9000,-5000,6000,103280,-97280,-204221
061724,訊芯永豐9A購01  ,0,0,0,0,0,0,0,0,0,-205000,0,0,0,10000,215000,-205000,-205000
065607,聯詠元大9C購02  ,0,0,0,0,0,0,0,0,0,-205000,0,0,0,60000,265000,-205000,-205000
058525,台虹元大99購02  ,0,0,0,0,0,0,0,0,0,-206000,0,0,0,178000,384000,-206000,-206000
05995P,T50正2中信9C售01,0,0,0,0,0,0,0,0,0,-206000,0,0,0,150000,356000,-206000,-206000
064205,台灣50凱基01購14,0,0,0,0,0,0,0,0,0,-206000,0,0,0,228000,434000,-206000,-206000
064733,南六統一9C購03  ,0,0,0,0,0,0,0,0,0,-206000,0,0,0,337000,543000,-206000,-206000
058797,大毅元大99購03  ,0,0,0,0,0,0,0,0,0,-207000,0,0,0,0,207000,-207000,-207000
061508,南六國泰9C購02  ,0,0,0,0,0,0,0,0,0,-207000,0,0,0,4000,211000,-207000,-207000
063885,南六元富9C購01  ,0,0,0,0,0,0,0,0,0,-208000,0,0,0,124000,332000,-208000,-208000
062060,奇鋐統一9C購01  ,0,0,0,0,0,0,0,0,0,-208000,0,0,0,73000,281000,-208000,-208000
063515,香港2X凱基01購01,0,0,0,0,0,0,0,0,0,-208000,0,0,0,1000,209000,-208000,-208000
065510,鴻海群益01購04  ,0,0,0,0,0,0,0,0,0,-208000,0,0,0,210000,418000,-208000,-208000
067395,金像電永豐01購04,0,0,0,0,0,0,0,0,0,-209000,0,0,0,20000,229000,-209000,-209000
057649,嘉聯益元大99購04,0,0,0,0,0,0,0,0,0,-209000,0,0,0,2000,211000,-209000,-209000
065700,京元電群益9C購01,0,0,0,0,0,0,0,0,0,-209000,0,0,0,60000,269000,-209000,-209000
066621,川湖凱基01購01  ,0,0,0,0,0,0,0,0,0,-209000,0,0,0,0,209000,-209000,-209000
066627,大毅凱基03購01  ,0,0,0,0,0,0,0,0,0,-209000,0,0,0,0,209000,-209000,-209000
08404P,技嘉元大9C售02  ,0,0,0,0,0,0,0,0,0,-210000,0,0,0,17000,227000,-210000,-210000
058319,大毅永豐9A購01  ,0,0,0,0,0,0,0,0,0,-210000,0,0,0,200000,410000,-210000,-210000
056317,華通群益99購02  ,0,0,0,0,0,0,0,0,0,-210000,0,0,0,0,210000,-210000,-210000
061174,鴻海凱基9A購23  ,0,0,0,0,0,0,0,0,0,-210000,0,0,0,0,210000,-210000,-210000
066129,佳世達群益01購01,0,0,0,0,0,0,0,0,0,-210000,0,0,0,10000,220000,-210000,-210000
066346,眾達永豐01購01  ,0,0,0,0,0,0,0,0,0,-210000,0,0,0,120000,330000,-210000,-210000
065516,健鼎群益9C購02  ,0,0,0,0,0,0,0,0,0,-211000,0,0,0,60000,271000,-211000,-211000
08753P,群創群益01售01  ,0,0,0,0,0,0,0,0,0,-212000,0,0,0,76000,288000,-212000,-212000
067361,旭富群益01購02  ,0,0,0,0,0,0,0,0,0,-212000,0,0,0,0,212000,-212000,-212000
067604,晶技凱基01購02  ,0,0,0,0,0,0,0,0,0,-212000,0,0,0,0,212000,-212000,-212000
064377,宏達電元富9C購01,0,0,0,0,0,0,0,0,0,-212000,0,0,0,0,212000,-212000,-212000
065857,嘉聯益元大9C購03,0,0,0,0,0,0,0,0,0,-212000,0,0,0,0,212000,-212000,-212000
063674,力山國泰01購02  ,0,0,0,0,0,0,0,0,0,-212000,0,0,0,20000,232000,-212000,-212000
1723,中碳            ,26000,239000,-213000,0,0,0,0,0,0,0,0,0,0,0,0,0,-213000
061374,力山永豐9A購04  ,0,0,0,0,0,0,0,0,0,-213000,0,0,0,42000,255000,-213000,-213000
6230,超眾            ,113000,257000,-144000,0,0,0,0,0,0,-70000,0,58000,-58000,9000,21000,-12000,-214000
066707,揚明光群益01購02,0,0,0,0,0,0,0,0,0,-215000,0,0,0,5000,220000,-215000,-215000
062028,晶技群益9B購01  ,0,0,0,0,0,0,0,0,0,-215000,0,0,0,8000,223000,-215000,-215000
9938,百和            ,251000,383000,-132000,0,0,0,0,0,0,-83000,2000,58000,-56000,0,27000,-27000,-215000
2436,偉詮電          ,352000,567000,-215000,0,0,0,0,0,0,-1000,0,1000,-1000,0,0,0,-216000
1444,力麗            ,65000,282000,-217000,0,0,0,0,0,0,1000,1000,0,1000,0,0,0,-216000
056909,嘉聯益元大99購03,0,0,0,0,0,0,0,0,0,-216000,0,0,0,0,216000,-216000,-216000
00656R,國泰中國A50反1  ,0,4000,-4000,0,0,0,0,0,0,-212000,0,0,0,882000,1094000,-212000,-216000
057719,欣興元富02購01  ,0,0,0,0,0,0,0,0,0,-216000,0,0,0,299000,515000,-216000,-216000
061944,聯電群益9B購01  ,0,0,0,0,0,0,0,0,0,-216000,0,0,0,24000,240000,-216000,-216000
067119,泰鼎群益01購02  ,0,0,0,0,0,0,0,0,0,-217000,0,0,0,80000,297000,-217000,-217000
00686R,群益臺灣加權反1 ,0,0,0,0,0,0,0,0,0,-217000,0,0,0,11000,228000,-217000,-217000
063995,健鼎群益9C購01  ,0,0,0,0,0,0,0,0,0,-217000,0,0,0,61000,278000,-217000,-217000
066764,聯鈞永豐01購01  ,0,0,0,0,0,0,0,0,0,-218000,0,0,0,17000,235000,-218000,-218000
065082,台光電元大9C購04,0,0,0,0,0,0,0,0,0,-218000,0,0,0,171000,389000,-218000,-218000
07048P,台積電中信03售01,0,0,0,0,0,0,0,0,0,-219000,0,0,0,6000,225000,-219000,-219000
066434,台虹元大01購01  ,0,0,0,0,0,0,0,0,0,-219000,0,0,0,72000,291000,-219000,-219000
067364,緯穎群益01購05  ,0,0,0,0,0,0,0,0,0,-220000,0,0,0,8000,228000,-220000,-220000
066668,揚明光凱基01購01,0,0,0,0,0,0,0,0,0,-220000,0,0,0,40000,260000,-220000,-220000
066494,旺宏國泰03購01  ,0,0,0,0,0,0,0,0,0,-220000,0,0,0,172000,392000,-220000,-220000
064210,台光電凱基03購01,0,0,0,0,0,0,0,0,0,-221000,0,0,0,73000,294000,-221000,-221000
064537,健鼎國票01購02  ,0,0,0,0,0,0,0,0,0,-221000,0,0,0,166000,387000,-221000,-221000
063762,緯穎統一9C購01  ,0,0,0,0,0,0,0,0,0,-221000,0,0,0,0,221000,-221000,-221000
3653,健策            ,257000,226000,31000,0,0,0,0,215000,-215000,-37000,1000,40000,-39000,28000,26000,2000,-221000
07451P,鴻海元大9B售01  ,0,0,0,0,0,0,0,0,0,-222000,0,0,0,0,222000,-222000,-222000
056900,可成元大98購02  ,0,0,0,0,0,0,0,0,0,-222000,0,0,0,0,222000,-222000,-222000
066226,惠特國泰03購01  ,0,0,0,0,0,0,0,0,0,-222000,0,0,0,52000,274000,-222000,-222000
066041,台光電元大01購02,0,0,0,0,0,0,0,0,0,-222000,0,0,0,200000,422000,-222000,-222000
065608,緯創元大9C購04  ,0,10000,-10000,0,0,0,0,0,0,-212000,0,0,0,48000,260000,-212000,-222000
08803P,鴻海元富07售08  ,0,0,0,0,0,0,0,0,0,-223000,0,0,0,10000,233000,-223000,-223000
1210,大成            ,414000,612000,-198000,0,0,0,0,0,0,-26000,21000,0,21000,13000,60000,-47000,-224000
066987,旭富群益01購01  ,0,0,0,0,0,0,0,0,0,-225000,0,0,0,85000,310000,-225000,-225000
067357,欣興群益01購02  ,0,0,0,0,0,0,0,0,0,-225000,0,0,0,0,225000,-225000,-225000
046949,群創元大99購01  ,0,0,0,0,0,0,0,0,0,-225000,0,0,0,237000,462000,-225000,-225000
066095,友訊中信05購01  ,0,0,0,0,0,0,0,0,0,-225000,0,0,0,84000,309000,-225000,-225000
064893,金像電群益01購02,0,0,0,0,0,0,0,0,0,-226000,0,0,0,113000,339000,-226000,-226000
063111,TPK兆豐9B購01   ,0,0,0,0,0,0,0,0,0,-227000,0,0,0,0,227000,-227000,-227000
065927,智原國票02購01  ,0,0,0,0,0,0,0,0,0,-227000,0,0,0,35000,262000,-227000,-227000
2809,京城銀          ,631000,645783,-14783,0,0,0,0,2000,-2000,-211000,0,37000,-37000,74000,248000,-174000,-227783
058309,大毅元大99購02  ,0,0,0,0,0,0,0,0,0,-229000,0,0,0,7000,236000,-229000,-229000
062769,臺股指凱基9B購13,0,0,0,0,0,0,0,0,0,-229000,0,0,0,0,229000,-229000,-229000
061813,鴻海群益9B購02  ,0,0,0,0,0,0,0,0,0,-229000,0,0,0,0,229000,-229000,-229000
066392,聯強凱基01購01  ,0,0,0,0,0,0,0,0,0,-229000,0,0,0,18000,247000,-229000,-229000
3059,華晶科          ,203000,406000,-203000,0,0,0,0,0,0,-26000,0,26000,-26000,0,0,0,-229000
067307,聯詠元大01購06  ,0,0,0,0,0,0,0,0,0,-230000,0,0,0,2000,232000,-230000,-230000
08607P,聯發科富邦03售04,0,0,0,0,0,0,0,0,0,-230000,0,0,0,24000,254000,-230000,-230000
058167,鴻海凱基9A購03  ,0,0,0,0,0,0,0,0,0,-230000,0,0,0,0,230000,-230000,-230000
060716,新唐永豐9A購01  ,0,0,0,0,0,0,0,0,0,-230000,0,0,0,162000,392000,-230000,-230000
066390,鴻海凱基02購03  ,0,0,0,0,0,0,0,0,0,-230000,0,0,0,5000,235000,-230000,-230000
065132,臻鼎兆豐01購01  ,0,0,0,0,0,0,0,0,0,-230000,0,0,0,125000,355000,-230000,-230000
067294,中磊兆豐03購01  ,0,0,0,0,0,0,0,0,0,-231000,0,0,0,137000,368000,-231000,-231000
046881,智原富邦99購01  ,0,0,0,0,0,0,0,0,0,-231000,0,0,0,0,231000,-231000,-231000
060735,鴻海統一9C購03  ,0,0,0,0,0,0,0,0,0,-231000,0,0,0,10000,241000,-231000,-231000
060249,正文元大9C購01  ,0,0,0,0,0,0,0,0,0,-232000,0,0,0,0,232000,-232000,-232000
064040,鴻海統一9C購18  ,0,0,0,0,0,0,0,0,0,-232000,0,0,0,3000,235000,-232000,-232000
2637,慧洋-KY         ,14000,245000,-231000,0,0,0,0,1000,-1000,0,0,0,0,0,0,0,-232000
063470,泰鼎元大9B購03  ,0,0,0,0,0,0,0,0,0,-233000,0,0,0,371000,604000,-233000,-233000
063482,緯穎元大9B購09  ,0,0,0,0,0,0,0,0,0,-233000,0,0,0,0,233000,-233000,-233000
066017,南六元富03購01  ,0,0,0,0,0,0,0,0,0,-233000,0,0,0,0,233000,-233000,-233000
06799P,臺股指凱基98售09,0,0,0,0,0,0,0,0,0,-234000,0,0,0,665000,899000,-234000,-234000
2467,志聖            ,684000,918000,-234000,0,0,0,0,0,0,0,0,0,0,0,0,0,-234000
063008,華通元大9B購06  ,0,0,0,0,0,0,0,0,0,-234000,0,0,0,67000,301000,-234000,-234000
07503P,禾伸堂元大9A售01,0,0,0,0,0,0,0,0,0,-235000,0,0,0,25000,260000,-235000,-235000
059053,鴻海凱基99購07  ,0,0,0,0,0,0,0,0,0,-235000,0,0,0,0,235000,-235000,-235000
064256,玉晶光國泰02購02,0,0,0,0,0,0,0,0,0,-235000,0,0,0,55000,290000,-235000,-235000
065557,中磊凱基9C購01  ,0,0,0,0,0,0,0,0,0,-235000,0,0,0,312000,547000,-235000,-235000
066202,大立光統一02購07,0,0,0,0,0,0,0,0,0,-235000,0,0,0,0,235000,-235000,-235000
2456,奇力新          ,315815,542000,-226185,0,0,0,0,0,0,-9000,23000,7000,16000,1000,26000,-25000,-235185
07082P,美律元大99售06  ,0,0,0,0,0,0,0,0,0,-236000,0,0,0,20000,256000,-236000,-236000
066141,盛群群益01購01  ,0,0,0,0,0,0,0,0,0,-236000,0,0,0,38000,274000,-236000,-236000
08643P,和碩群益9C售02  ,0,0,0,0,0,0,0,0,0,-237000,0,0,0,3000,240000,-237000,-237000
08331P,義隆元富9C售02  ,0,0,0,0,0,0,0,0,0,-237000,0,0,0,3000,240000,-237000,-237000
064137,台泥統一02購01  ,0,0,0,0,0,0,0,0,0,-237000,0,0,0,238000,475000,-237000,-237000
063548,同欣電兆豐9B購01,0,0,0,0,0,0,0,0,0,-237000,0,0,0,159000,396000,-237000,-237000
066440,南帝群益01購01  ,0,0,0,0,0,0,0,0,0,-237000,0,0,0,0,237000,-237000,-237000
064911,光寶科統一02購01,0,0,0,0,0,0,0,0,0,-238000,0,0,0,24000,262000,-238000,-238000
064983,力成元大9C購04  ,0,0,0,0,0,0,0,0,0,-238000,0,0,0,0,238000,-238000,-238000
2428,興勤            ,273000,585000,-312000,0,0,0,0,0,0,73000,15000,3000,12000,64000,3000,61000,-239000
08892P,台積電元大01售27,0,0,0,0,0,0,0,0,0,-239000,0,0,0,3096000,3335000,-239000,-239000
060106,旭富元大99購02  ,0,0,0,0,0,0,0,0,0,-239000,0,0,0,0,239000,-239000,-239000
066272,聯陽元大01購01  ,0,0,0,0,0,0,0,0,0,-239000,0,0,0,87000,326000,-239000,-239000
2548,華固            ,51000,308000,-257000,0,0,0,0,0,0,18000,21000,3000,18000,0,0,0,-239000
08672P,聯發科統一01售09,0,0,0,0,0,0,0,0,0,-240000,0,0,0,30000,270000,-240000,-240000
07150P,和碩元大99售01  ,0,0,0,0,0,0,0,0,0,-240000,0,0,0,60000,300000,-240000,-240000
07341P,台積電凱基99售18,0,0,0,0,0,0,0,0,0,-240000,0,0,0,0,240000,-240000,-240000
067326,世紀鋼元大01購02,0,0,0,0,0,0,0,0,0,-240000,0,0,0,60000,300000,-240000,-240000
054058,晶豪科國票98購01,0,0,0,0,0,0,0,0,0,-240000,0,0,0,0,240000,-240000,-240000
058154,泰碩統一9A購01  ,0,0,0,0,0,0,0,0,0,-240000,0,0,0,20000,260000,-240000,-240000
057318,台光電凱基9A購01,0,0,0,0,0,0,0,0,0,-240000,0,0,0,4000,244000,-240000,-240000
060303,宏達電富邦9B購01,0,0,0,0,0,0,0,0,0,-240000,0,0,0,0,240000,-240000,-240000
061665,旺宏中信9C購01  ,0,0,0,0,0,0,0,0,0,-240000,0,0,0,0,240000,-240000,-240000
061768,晶技元大9B購02  ,0,0,0,0,0,0,0,0,0,-240000,0,0,0,47000,287000,-240000,-240000
066734,聯詠元大01購03  ,0,0,0,0,0,0,0,0,0,-241000,0,0,0,45000,286000,-241000,-241000
063549,國巨國票9C購05  ,0,0,0,0,0,0,0,0,0,-241000,0,0,0,317000,558000,-241000,-241000
08644P,臺股指中信02售02,0,0,0,0,0,0,0,0,0,-242000,0,0,0,140000,382000,-242000,-242000
065613,GIS元大9C購08   ,25000,0,25000,0,0,0,0,0,0,-267000,0,0,0,64000,331000,-267000,-242000
057045,美律元大99購04  ,0,0,0,0,0,0,0,0,0,-244000,0,0,0,62000,306000,-244000,-244000
066570,力成元大02購01  ,0,0,0,0,0,0,0,0,0,-244000,0,0,0,116000,360000,-244000,-244000
3019,亞光            ,297000,522000,-225000,0,0,0,0,0,0,-19000,52000,58000,-6000,10000,23000,-13000,-244000
063458,正隆元大9B購01  ,0,0,0,0,0,0,0,0,0,-245000,0,0,0,66000,311000,-245000,-245000
062770,臺股指凱基9B購14,0,0,0,0,0,0,0,0,0,-245000,0,0,0,0,245000,-245000,-245000
2385,群光            ,1402590,1944250,-541660,0,0,0,420000,2000,418000,-122000,0,12000,-12000,0,110000,-110000,-245660
1455,集盛            ,36000,283000,-247000,0,0,0,0,0,0,1000,1000,0,1000,0,0,0,-246000
066720,滬深2X元大01購07,0,0,0,0,0,0,0,0,0,-246000,0,0,0,40000,286000,-246000,-246000
065886,中磊元富9C購01  ,0,0,0,0,0,0,0,0,0,-246000,0,0,0,349000,595000,-246000,-246000
064745,聯鈞國票01購01  ,0,0,0,0,0,0,0,0,0,-246000,0,0,0,204000,450000,-246000,-246000
067024,旺宏兆豐03購01  ,0,0,0,0,0,0,0,0,0,-247000,0,0,0,11000,258000,-247000,-247000
060937,T50反1國票9A購10,0,0,0,0,0,0,0,0,0,-247000,0,0,0,23000,270000,-247000,-247000
066043,美律元大01購01  ,0,0,0,0,0,0,0,0,0,-247000,0,0,0,547000,794000,-247000,-247000
066482,華碩元富01購02  ,0,0,0,0,0,0,0,0,0,-247000,0,0,0,163000,410000,-247000,-247000
066310,長興永豐01購01  ,0,0,0,0,0,0,0,0,0,-247000,0,0,0,20000,267000,-247000,-247000
065227,金像電凱基9C購01,0,0,0,0,0,0,0,0,0,-248000,0,0,0,223000,471000,-248000,-248000
066814,健鼎兆豐01購01  ,0,0,0,0,0,0,0,0,0,-249000,0,0,0,64000,313000,-249000,-249000
1802,台玻            ,505000,752000,-247000,0,0,0,0,0,0,-2000,0,2000,-2000,0,0,0,-249000
064157,健鼎統一01購02  ,0,0,0,0,0,0,0,0,0,-249000,0,0,0,415000,664000,-249000,-249000
061552,南六群益9A購02  ,0,0,0,0,0,0,0,0,0,-249000,0,0,0,0,249000,-249000,-249000
065252,玉晶光永豐9C購08,0,0,0,0,0,0,0,0,0,-249000,0,0,0,29000,278000,-249000,-249000
065756,緯創元大9C購05  ,0,0,0,0,0,0,0,0,0,-249000,0,0,0,121000,370000,-249000,-249000
065496,裕隆富邦9C購01  ,0,0,0,0,0,0,0,0,0,-249000,0,0,0,10000,259000,-249000,-249000
6005,群益證          ,180000,404000,-224000,0,0,0,0,25000,-25000,0,0,0,0,0,0,0,-249000
066683,和碩兆豐01購01  ,0,0,0,0,0,0,0,0,0,-250000,0,0,0,0,250000,-250000,-250000
07248P,可成凱基99售06  ,0,0,0,0,0,0,0,0,0,-250000,0,0,0,0,250000,-250000,-250000
07130P,台郡元大9B售01  ,0,0,0,0,0,0,0,0,0,-250000,0,0,0,0,250000,-250000,-250000
065683,嘉聯益統一03購01,0,0,0,0,0,0,0,0,0,-250000,0,0,0,0,250000,-250000,-250000
066750,緯穎元大01購04  ,0,0,0,0,0,0,0,0,0,-251000,0,0,0,100000,351000,-251000,-251000
08834P,聯發科統一01售11,0,0,0,0,0,0,0,0,0,-251000,0,0,0,15000,266000,-251000,-251000
058828,大毅永豐99購01  ,0,0,0,0,0,0,0,0,0,-251000,0,0,0,50000,301000,-251000,-251000
6214,精誠            ,501000,128000,373000,0,0,0,0,0,0,-624000,19000,643000,-624000,0,0,0,-251000
066916,台虹凱基01購01  ,0,0,0,0,0,0,0,0,0,-252000,0,0,0,0,252000,-252000,-252000
067108,大毅群益01購01  ,0,0,0,0,0,0,0,0,0,-252000,0,0,0,20000,272000,-252000,-252000
067407,南六永豐01購03  ,0,0,0,0,0,0,0,0,0,-252000,0,0,0,0,252000,-252000,-252000
065643,聯發科元大01購06,0,0,0,0,0,0,0,0,0,-252000,0,0,0,82000,334000,-252000,-252000
065075,葡萄王元大01購01,0,0,0,0,0,0,0,0,0,-253000,0,0,0,0,253000,-253000,-253000
067486,新日興元大01購03,0,0,0,0,0,0,0,0,0,-254000,0,0,0,16000,270000,-254000,-254000
065344,瑞昱統一01購05  ,0,0,0,0,0,0,0,0,0,-255000,0,0,0,98000,353000,-255000,-255000
063716,旺宏兆豐9B購01  ,0,0,0,0,0,0,0,0,0,-255000,0,0,0,0,255000,-255000,-255000
066231,友訊富邦02購01  ,0,0,0,0,0,0,0,0,0,-255000,0,0,0,0,255000,-255000,-255000
2501,國建            ,11000,266300,-255300,0,0,0,0,0,0,0,0,0,0,0,0,0,-255300
07966P,瑞祺群益9B售02  ,0,0,0,0,0,0,0,0,0,-256000,0,0,0,7000,263000,-256000,-256000
061358,世紀鋼元大9A購04,0,0,0,0,0,0,0,0,0,-256000,0,0,0,226000,482000,-256000,-256000
067661,大成元大01購01  ,0,0,0,0,0,0,0,0,0,-257000,0,0,0,0,257000,-257000,-257000
065408,華通永豐9C購02  ,0,0,0,0,0,0,0,0,0,-257000,0,0,0,77000,334000,-257000,-257000
057532,智原元大98購03  ,0,0,0,0,0,0,0,0,0,-258000,0,0,0,1000,259000,-258000,-258000
060698,旺宏國泰9C購01  ,0,0,0,0,0,0,0,0,0,-258000,0,0,0,19000,277000,-258000,-258000
064765,緯穎凱基9C購02  ,0,0,0,0,0,0,0,0,0,-258000,0,0,0,66000,324000,-258000,-258000
065848,聯詠元大9C購03  ,0,0,0,0,0,0,0,0,0,-258000,0,0,0,18000,276000,-258000,-258000
6592,和潤企業        ,53122,303000,-249878,0,0,0,0,0,0,-9000,0,0,0,4000,13000,-9000,-258878
066694,深中小群益03購01,0,0,0,0,0,0,0,0,0,-259000,0,0,0,113000,372000,-259000,-259000
057985,華通元富02購03  ,0,0,0,0,0,0,0,0,0,-259000,0,0,0,52000,311000,-259000,-259000
062640,訊連國票9C購01  ,0,0,0,0,0,0,0,0,0,-259000,0,0,0,0,259000,-259000,-259000
065599,台光電元大9C購05,0,0,0,0,0,0,0,0,0,-259000,0,0,0,83000,342000,-259000,-259000
062220,台光電統一01購01,0,0,0,0,0,0,0,0,0,-260000,0,0,0,5000,265000,-260000,-260000
062056,國巨統一9C購08  ,0,0,0,0,0,0,0,0,0,-260000,0,0,0,0,260000,-260000,-260000
064238,玉晶光統一01購08,0,0,0,0,0,0,0,0,0,-260000,0,0,0,0,260000,-260000,-260000
065279,T50反1群益9C購03,0,0,0,0,0,0,0,0,0,-260000,0,0,0,988000,1248000,-260000,-260000
064052,創意統一01購02  ,0,0,0,0,0,0,0,0,0,-261000,0,0,0,176000,437000,-261000,-261000
060153,A50正2永豐9A購01,0,0,0,0,0,0,0,0,0,-261000,0,0,0,8000,269000,-261000,-261000
064026,建準元大9C購02  ,0,0,0,0,0,0,0,0,0,-261000,0,0,0,50000,311000,-261000,-261000
062653,正隆永豐9B購01  ,0,0,0,0,0,0,0,0,0,-262000,0,0,0,10000,272000,-262000,-262000
064726,創意統一01購03  ,0,0,0,0,0,0,0,0,0,-262000,0,0,0,504000,766000,-262000,-262000
3005,神基            ,444000,597000,-153000,0,0,0,0,1000,-1000,-108000,15000,0,15000,0,123000,-123000,-262000
063656,台光電元富03購01,0,0,0,0,0,0,0,0,0,-264000,0,0,0,139000,403000,-264000,-264000
9939,宏全            ,28154,282081,-253927,0,0,0,0,0,0,-11000,1000,10000,-9000,0,2000,-2000,-264927
07719P,臺股指群益9A售08,0,0,0,0,0,0,0,0,0,-265000,0,0,0,5000,270000,-265000,-265000
062598,華通台新9B購02  ,0,0,0,0,0,0,0,0,0,-265000,0,0,0,0,265000,-265000,-265000
063262,南六富邦9C購01  ,0,0,0,0,0,0,0,0,0,-265000,0,0,0,21000,286000,-265000,-265000
07612P,國巨國泰9B售06  ,0,0,0,0,0,0,0,0,0,-266000,0,0,0,0,266000,-266000,-266000
066833,正文群益01購01  ,0,0,0,0,0,0,0,0,0,-266000,0,0,0,0,266000,-266000,-266000
066423,智原元大01購02  ,0,0,0,0,0,0,0,0,0,-266000,0,0,0,126000,392000,-266000,-266000
07791P,奇鋐元大9A售02  ,0,0,0,0,0,0,0,0,0,-267000,0,0,0,35000,302000,-267000,-267000
057977,台光電永豐98購02,0,0,0,0,0,0,0,0,0,-267000,0,0,0,0,267000,-267000,-267000
059101,康控統一9A購01  ,0,0,0,0,0,0,0,0,0,-267000,0,0,0,85000,352000,-267000,-267000
060659,鴻海凱基9B購03  ,0,0,0,0,0,0,0,0,0,-267000,0,0,0,0,267000,-267000,-267000
2547,日勝生          ,49000,316600,-267600,0,0,0,0,0,0,0,0,0,0,0,0,0,-267600
063865,旺宏永豐9C購01  ,0,0,0,0,0,0,0,0,0,-268000,0,0,0,0,268000,-268000,-268000
065382,緯穎元大9C購04  ,0,0,0,0,0,0,0,0,0,-268000,0,0,0,46000,314000,-268000,-268000
067053,申豐凱基02購01  ,0,0,0,0,0,0,0,0,0,-269000,0,0,0,30000,299000,-269000,-269000
063971,健鼎國票01購01  ,0,0,0,0,0,0,0,0,0,-269000,0,0,0,35000,304000,-269000,-269000
066425,創意元大01購03  ,0,0,0,0,0,0,0,0,0,-269000,0,0,0,66000,335000,-269000,-269000
065457,旭富元富03購01  ,0,0,0,0,0,0,0,0,0,-269000,0,0,0,1000,270000,-269000,-269000
06593P,欣興元大98售05  ,0,0,0,0,0,0,0,0,0,-269000,0,0,0,16000,285000,-269000,-269000
08249P,聯發科群益9C售06,0,0,0,0,0,0,0,0,0,-270000,0,0,0,20000,290000,-270000,-270000
064095,鴻海群益01購02  ,0,0,0,0,0,0,0,0,0,-270000,0,0,0,138000,408000,-270000,-270000
061033,台光電永豐9A購01,0,0,0,0,0,0,0,0,0,-270000,0,0,0,98000,368000,-270000,-270000
06334P,臺股指群益9C售03,0,0,0,0,0,0,0,0,0,-270000,0,0,0,217000,487000,-270000,-270000
062030,旭富群益9B購01  ,0,0,0,0,0,0,0,0,0,-270000,0,0,0,2000,272000,-270000,-270000
064417,創意中信9C購01  ,0,0,0,0,0,0,0,0,0,-271000,0,0,0,55000,326000,-271000,-271000
064612,聯電元大01購01  ,0,0,0,0,0,0,0,0,0,-272000,0,0,0,253000,525000,-272000,-272000
057539,南茂元大98購02  ,0,0,0,0,0,0,0,0,0,-273000,0,0,0,0,273000,-273000,-273000
065492,台灣50富邦03購02,0,0,0,0,0,0,0,0,0,-273000,0,0,0,50000,323000,-273000,-273000
065480,旭富元大9C購06  ,0,0,0,0,0,0,0,0,0,-273000,0,0,0,0,273000,-273000,-273000
057540,緯穎日盛99購01  ,0,0,0,0,0,0,0,0,0,-274000,0,0,0,11000,285000,-274000,-274000
057694,臺股指凱基98購12,0,0,0,0,0,0,0,0,0,-274000,0,0,0,378000,652000,-274000,-274000
063031,鴻海凱基9C購01  ,0,0,0,0,0,0,0,0,0,-274000,0,0,0,3000,277000,-274000,-274000
061375,華通永豐9A購02  ,0,0,0,0,0,0,0,0,0,-274000,0,0,0,0,274000,-274000,-274000
067086,中磊元大01購01  ,0,0,0,0,0,0,0,0,0,-275000,0,0,0,439000,714000,-275000,-275000
059920,宏達電元大99購07,0,0,0,0,0,0,0,0,0,-275000,0,0,0,158000,433000,-275000,-275000
065103,南六元大9C購06  ,0,0,0,0,0,0,0,0,0,-275000,0,0,0,157000,432000,-275000,-275000
066677,台泥兆豐03購01  ,0,0,0,0,0,0,0,0,0,-276000,0,0,0,67000,343000,-276000,-276000
2605,新興            ,105000,381000,-276000,0,0,0,0,0,0,0,0,0,0,0,0,0,-276000
062771,臺股指凱基9B購15,0,0,0,0,0,0,0,0,0,-277000,0,0,0,0,277000,-277000,-277000
065546,景碩兆豐01購01  ,0,0,0,0,0,0,0,0,0,-277000,0,0,0,2000,279000,-277000,-277000
062266,世紀鋼元大9B購02,0,0,0,0,0,0,0,0,0,-278000,0,0,0,78000,356000,-278000,-278000
066484,瑞昱元富07購01  ,0,0,0,0,0,0,0,0,0,-278000,0,0,0,31000,309000,-278000,-278000
064617,台光電元大01購01,0,0,0,0,0,0,0,0,0,-278000,0,0,0,131000,409000,-278000,-278000
053394,鴻海中信9A購01  ,0,0,0,0,0,0,0,0,0,-279000,0,0,0,0,279000,-279000,-279000
03451B,臺股指凱基9C熊23,0,0,0,0,0,0,0,0,0,-279000,0,0,0,253000,532000,-279000,-279000
2454,聯發科          ,3814617,4111268,-296651,0,0,0,57000,31000,26000,-9000,132000,141000,-9000,43000,43000,0,-279651
059833,緯穎康和99購01  ,0,0,0,0,0,0,0,0,0,-280000,0,0,0,0,280000,-280000,-280000
061372,世紀鋼國泰9C購01,0,0,0,0,0,0,0,0,0,-281000,0,0,0,224000,505000,-281000,-281000
4968,立積            ,125000,529000,-404000,0,0,0,0,0,0,123000,72000,11000,61000,66000,4000,62000,-281000
063788,矽創統一02購01  ,0,0,0,0,0,0,0,0,0,-282000,0,0,0,143000,425000,-282000,-282000
08642P,華新科群益9C售06,0,0,0,0,0,0,0,0,0,-283000,0,0,0,17000,300000,-283000,-283000
063155,緯穎元富9B購03  ,0,0,0,0,0,0,0,0,0,-283000,0,0,0,0,283000,-283000,-283000
065188,玉晶光統一02購01,0,0,0,0,0,0,0,0,0,-283000,0,0,0,10000,293000,-283000,-283000
08381P,台灣50群益9C售06,0,0,0,0,0,0,0,0,0,-284000,0,0,0,308000,592000,-284000,-284000
08400P,美律元富9C售02  ,0,0,0,0,0,0,0,0,0,-286000,0,0,0,120000,406000,-286000,-286000
064239,群創統一02購01  ,0,0,0,0,0,0,0,0,0,-286000,0,0,0,45000,331000,-286000,-286000
060387,盛群凱基9A購01  ,0,0,0,0,0,0,0,0,0,-287000,0,0,0,20000,307000,-287000,-287000
065236,旭富凱基9C購01  ,0,0,0,0,0,0,0,0,0,-287000,0,0,0,0,287000,-287000,-287000
066467,晶碩統一03購01  ,0,0,0,0,0,0,0,0,0,-287000,0,0,0,0,287000,-287000,-287000
065538,健鼎統一9C購01  ,0,0,0,0,0,0,0,0,0,-289000,0,0,0,598000,887000,-289000,-289000
03840P,台積電統一99售02,0,0,0,0,0,0,0,0,0,-290000,0,0,0,0,290000,-290000,-290000
062295,康友永豐9B購01  ,0,0,0,0,0,0,0,0,0,-290000,0,0,0,0,290000,-290000,-290000
064547,宏達電凱基9C購01,0,0,0,0,0,0,0,0,0,-290000,0,0,0,25000,315000,-290000,-290000
2439,美律            ,1316000,1571000,-255000,0,0,0,65000,0,65000,-103000,570000,610000,-40000,85000,148000,-63000,-293000
067513,南六統一01購04  ,0,0,0,0,0,0,0,0,0,-294000,0,0,0,97000,391000,-294000,-294000
065443,智邦統一9C購03  ,0,0,0,0,0,0,0,0,0,-294000,0,0,0,28000,322000,-294000,-294000
065565,神隆群益01購01  ,0,0,0,0,0,0,0,0,0,-295000,0,0,0,65000,360000,-295000,-295000
066506,宏達電富邦03購01,0,0,0,0,0,0,0,0,0,-295000,0,0,0,1000,296000,-295000,-295000
062455,鴻海群益9C購01  ,0,0,0,0,0,0,0,0,0,-296000,0,0,0,101000,397000,-296000,-296000
065010,國巨國泰01購04  ,0,0,0,0,0,0,0,0,0,-296000,0,0,0,507000,803000,-296000,-296000
07830P,牧德凱基9A售03  ,0,0,0,0,0,0,0,0,0,-297000,0,0,0,151000,448000,-297000,-297000
061989,晶技元大9B購04  ,0,0,0,0,0,0,0,0,0,-297000,0,0,0,0,297000,-297000,-297000
065352,GIS統一01購04   ,0,0,0,0,0,0,0,0,0,-297000,0,0,0,159000,456000,-297000,-297000
1313,聯成            ,155000,453042,-298042,0,0,0,0,0,0,1000,1000,0,1000,0,0,0,-297042
066321,華碩永豐01購01  ,0,0,0,0,0,0,0,0,0,-298000,0,0,0,0,298000,-298000,-298000
063296,可成麥證9B購01  ,0,0,0,1000,300000,-299000,0,0,0,-299000,0,0,0,1000,300000,-299000,-299000
064871,緯穎永豐9C購03  ,0,0,0,0,0,0,0,0,0,-299000,0,0,0,11000,310000,-299000,-299000
064466,聯電元富9C購01  ,0,0,0,0,0,0,0,0,0,-299000,0,0,0,214000,513000,-299000,-299000
07703P,玉晶光中信9B售03,0,0,0,0,0,0,0,0,0,-300000,0,0,0,0,300000,-300000,-300000
07471P,南亞科元大9A售01,0,0,0,0,0,0,0,0,0,-300000,0,0,0,0,300000,-300000,-300000
067069,友訊元大01購03  ,0,0,0,0,0,0,0,0,0,-300000,0,0,0,0,300000,-300000,-300000
056364,亞光元大99購02  ,0,0,0,0,0,0,0,0,0,-300000,0,0,0,0,300000,-300000,-300000
063067,緯穎麥證9B購01  ,0,0,0,0,300000,-300000,0,0,0,-300000,0,0,0,0,300000,-300000,-300000
057689,南亞科凱基99購02,0,0,0,0,0,0,0,0,0,-300000,0,0,0,0,300000,-300000,-300000
062097,台光電永豐9B購01,0,0,0,0,0,0,0,0,0,-300000,0,0,0,10000,310000,-300000,-300000
061795,智邦永豐9B購01  ,0,0,0,0,0,0,0,0,0,-300000,0,0,0,0,300000,-300000,-300000
06638P,鴻海統一99售02  ,0,0,0,0,0,0,0,0,0,-300000,0,0,0,0,300000,-300000,-300000
060543,鴻海凱基9B購02  ,0,0,0,0,0,0,0,0,0,-301000,0,0,0,38000,339000,-301000,-301000
064183,聯茂富邦01購01  ,0,0,0,0,0,0,0,0,0,-301000,0,0,0,0,301000,-301000,-301000
066648,可成麥證01購01  ,0,0,0,13000,314000,-301000,0,0,0,-301000,0,0,0,13000,314000,-301000,-301000
07841P,臻鼎元大9A售04  ,0,0,0,0,0,0,0,0,0,-302000,0,0,0,218000,520000,-302000,-302000
055902,同欣電中信99購01,0,0,0,0,0,0,0,0,0,-302000,0,0,0,1513000,1815000,-302000,-302000
08325P,臺股指凱基9C售08,0,0,0,0,0,0,0,0,0,-305000,0,0,0,3000,308000,-305000,-305000
064982,新唐元大9C購01  ,0,0,0,0,0,0,0,0,0,-305000,0,0,0,137000,442000,-305000,-305000
065541,GIS統一01購05   ,0,0,0,0,0,0,0,0,0,-306000,0,0,0,189000,495000,-306000,-306000
067400,華擎永豐01購02  ,0,0,0,0,0,0,0,0,0,-307000,0,0,0,0,307000,-307000,-307000
066459,智原統一01購01  ,0,0,0,0,0,0,0,0,0,-307000,0,0,0,236000,543000,-307000,-307000
9907,統一實          ,137000,442100,-305100,0,0,0,0,0,0,-2000,1000,3000,-2000,0,0,0,-307100
6282,康舒            ,843120,1140000,-296880,0,0,0,0,0,0,-11000,14000,19000,-5000,43000,49000,-6000,-307880
065477,健鼎元大9C購03  ,0,0,0,0,0,0,0,0,0,-308000,0,0,0,435000,743000,-308000,-308000
065014,南電國泰01購01  ,0,0,0,0,0,0,0,0,0,-308000,0,0,0,25000,333000,-308000,-308000
063907,華通凱基9C購03  ,0,0,0,0,0,0,0,0,0,-308000,0,0,0,16000,324000,-308000,-308000
053799,矽創中信9A購01  ,0,0,0,0,0,0,0,0,0,-309000,0,0,0,0,309000,-309000,-309000
058650,台虹永豐9A購01  ,0,0,0,0,0,0,0,0,0,-309000,0,0,0,10000,319000,-309000,-309000
065027,玉晶光中信03購01,0,0,0,0,0,0,0,0,0,-309000,0,0,0,40000,349000,-309000,-309000
9802,鈺齊-KY         ,186000,920000,-734000,0,0,0,418000,1000,417000,8000,80000,33000,47000,21000,60000,-39000,-309000
066960,盛群元大01購01  ,0,0,0,0,0,0,0,0,0,-310000,0,0,0,100000,410000,-310000,-310000
057592,美律兆豐99購01  ,0,0,0,0,0,0,0,0,0,-310000,0,0,0,45000,355000,-310000,-310000
064387,GIS富邦9C購01   ,0,0,0,0,0,0,0,0,0,-310000,0,0,0,45000,355000,-310000,-310000
060367,緯穎元富9A購02  ,0,0,0,0,0,0,0,0,0,-310000,0,0,0,23000,333000,-310000,-310000
061245,晶技群益9A購01  ,0,0,0,0,0,0,0,0,0,-310000,0,0,0,1000,311000,-310000,-310000
065358,台灣50元大9C購48,0,0,0,0,0,0,0,0,0,-310000,0,0,0,0,310000,-310000,-310000
064039,亞德客統一02購01,0,0,0,0,0,0,0,0,0,-310000,0,0,0,11000,321000,-310000,-310000
060688,世紀鋼元大9C購01,0,0,0,0,0,0,0,0,0,-311000,0,0,0,36000,347000,-311000,-311000
067270,精成科永豐01購01,0,0,0,0,0,0,0,0,0,-313000,0,0,0,42000,355000,-313000,-313000
063494,金像電富邦9B購01,0,0,0,0,0,0,0,0,0,-313000,0,0,0,868000,1181000,-313000,-313000
064567,晶技群益01購01  ,0,0,0,0,0,0,0,0,0,-313000,0,0,0,22000,335000,-313000,-313000
064593,鈺齊永豐9C購01  ,0,0,0,0,0,0,0,0,0,-315000,0,0,0,216000,531000,-315000,-315000
064477,南六國泰02購01  ,0,0,0,0,0,0,0,0,0,-315000,0,0,0,10000,325000,-315000,-315000
1476,儒鴻            ,377505,687140,-309635,0,0,0,0,2000,-2000,-6000,0,20000,-20000,16000,2000,14000,-317635
2912,統一超          ,316622,628000,-311378,0,0,0,0,7000,-7000,0,0,0,0,0,0,0,-318378
066268,宏達電元大01購02,0,0,0,0,0,0,0,0,0,-319000,0,0,0,8000,327000,-319000,-319000
066357,昇陽半永豐01購01,0,0,0,0,0,0,0,0,0,-321000,0,0,0,0,321000,-321000,-321000
066785,台光電麥證01購01,0,0,0,0,322000,-322000,0,0,0,-322000,0,0,0,0,322000,-322000,-322000
061505,力成國票9A購03  ,0,0,0,0,0,0,0,0,0,-322000,0,0,0,0,322000,-322000,-322000
065343,智邦統一01購03  ,0,0,0,0,0,0,0,0,0,-322000,0,0,0,123000,445000,-322000,-322000
065177,旭富元大9C購05  ,0,0,0,0,0,0,0,0,0,-322000,0,0,0,100000,422000,-322000,-322000
066760,大立光永豐01購01,0,0,0,0,0,0,0,0,0,-324000,0,0,0,0,324000,-324000,-324000
060913,宏達電元大9A購03,0,0,0,0,0,0,0,0,0,-324000,0,0,0,126000,450000,-324000,-324000
3698,隆達            ,349000,691000,-342000,0,0,0,0,0,0,18000,37000,2000,35000,0,17000,-17000,-324000
066700,瑞昱群益01購01  ,0,0,0,0,0,0,0,0,0,-325000,0,0,0,40000,365000,-325000,-325000
067355,大立光群益01購07,0,0,0,0,0,0,0,0,0,-325000,0,0,0,0,325000,-325000,-325000
067327,聯詠康和01購01  ,0,0,0,0,0,0,0,0,0,-327000,0,0,0,0,327000,-327000,-327000
058405,訊連元大99購02  ,0,0,0,0,0,0,0,0,0,-327000,0,0,0,0,327000,-327000,-327000
062710,盛群元大9B購01  ,0,0,0,0,0,0,0,0,0,-327000,0,0,0,201000,528000,-327000,-327000
08542P,台勝科國票02售01,0,0,0,0,0,0,0,0,0,-328000,0,0,0,121000,449000,-328000,-328000
063989,大立光永豐9C購01,0,0,0,0,0,0,0,0,0,-328000,0,0,0,9000,337000,-328000,-328000
066153,南帝康和01購01  ,0,0,0,0,0,0,0,0,0,-328000,0,0,0,10000,338000,-328000,-328000
065708,中磊群益9C購01  ,0,0,0,0,0,0,0,0,0,-328000,0,0,0,671000,999000,-328000,-328000
066901,台虹康和01購01  ,0,0,0,0,0,0,0,0,0,-329000,0,0,0,10000,339000,-329000,-329000
063153,南六元富9B購01  ,0,0,0,0,0,0,0,0,0,-329000,0,0,0,10000,339000,-329000,-329000
061384,T50反1群益9A購04,0,0,0,0,0,0,0,0,0,-330000,0,0,0,0,330000,-330000,-330000
08360P,國巨國泰02售01  ,0,0,0,0,0,0,0,0,0,-332000,0,0,0,263000,595000,-332000,-332000
066251,川湖元大01購01  ,0,0,0,0,0,0,0,0,0,-332000,0,0,0,55000,387000,-332000,-332000
2515,中工            ,935000,1182000,-247000,0,0,0,0,0,0,-85000,7000,0,7000,12000,104000,-92000,-332000
066735,智原元大01購03  ,0,0,0,0,0,0,0,0,0,-333000,0,0,0,275000,608000,-333000,-333000
065478,緯創元大9C購03  ,0,0,0,0,0,0,0,0,0,-333000,0,0,0,105000,438000,-333000,-333000
064446,聚陽統一02購02  ,0,0,0,0,0,0,0,0,0,-333000,0,0,0,391000,724000,-333000,-333000
07894P,燿華元大9B售01  ,0,0,0,0,0,0,0,0,0,-334000,0,0,0,99000,433000,-334000,-334000
065336,華新統一02購01  ,0,0,0,0,0,0,0,0,0,-334000,0,0,0,0,334000,-334000,-334000
062635,創意國票9B購01  ,0,0,0,0,0,0,0,0,0,-335000,0,0,0,66000,401000,-335000,-335000
067121,台虹群益01購01  ,0,0,0,0,0,0,0,0,0,-336000,0,0,0,0,336000,-336000,-336000
061796,興勤永豐9B購01  ,0,0,0,0,0,0,0,0,0,-336000,0,0,0,314000,650000,-336000,-336000
063900,GIS群益9C購03   ,0,0,0,0,0,0,0,0,0,-336000,0,0,0,100000,436000,-336000,-336000
067154,華擎統一03購03  ,0,0,0,0,0,0,0,0,0,-337000,0,0,0,115000,452000,-337000,-337000
063488,金像電國泰01購01,0,0,0,0,0,0,0,0,0,-337000,0,0,0,519000,856000,-337000,-337000
060158,廣達永豐9A購01  ,0,0,0,0,0,0,0,0,0,-338000,0,0,0,91000,429000,-338000,-338000
065345,台光電統一01購04,0,0,0,0,0,0,0,0,0,-338000,0,0,0,149000,487000,-338000,-338000
063634,台光電元大9B購09,0,0,0,0,0,0,0,0,0,-338000,0,0,0,68000,406000,-338000,-338000
066558,創意元大01購04  ,0,0,0,0,0,0,0,0,0,-341000,0,0,0,253000,594000,-341000,-341000
6271,同欣電          ,533000,805000,-272000,0,0,0,20000,0,20000,-89000,75000,104000,-29000,20000,80000,-60000,-341000
067022,台虹中信01購01  ,0,0,0,0,0,0,0,0,0,-342000,0,0,0,85000,427000,-342000,-342000
062215,華通統一9B購01  ,0,0,0,0,0,0,0,0,0,-342000,0,0,0,689000,1031000,-342000,-342000
067623,台積電富邦04購05,0,0,0,0,0,0,0,0,0,-343000,0,0,0,0,343000,-343000,-343000
058443,T50正2富邦01購01,0,0,0,0,0,0,0,0,0,-343000,0,0,0,17000,360000,-343000,-343000
062504,旭富群益9B購02  ,0,0,0,0,0,0,0,0,0,-344000,0,0,0,0,344000,-344000,-344000
065949,瑞昱統一01購06  ,0,0,0,0,0,0,0,0,0,-344000,0,0,0,218000,562000,-344000,-344000
060924,大毅永豐9A購03  ,0,0,0,0,0,0,0,0,0,-345000,0,0,0,0,345000,-345000,-345000
062983,緯穎元富9B購01  ,0,0,0,0,0,0,0,0,0,-346000,0,0,0,21000,367000,-346000,-346000
08146P,台積電群益9B售08,0,0,0,0,0,0,0,0,0,-349000,0,0,0,0,349000,-349000,-349000
066530,美律元富04購01  ,0,0,0,0,0,0,0,0,0,-349000,0,0,0,65000,414000,-349000,-349000
064926,臻鼎統一02購01  ,0,0,0,0,0,0,0,0,0,-349000,0,0,0,208000,557000,-349000,-349000
05348P,美律元富98售01  ,0,0,0,0,0,0,0,0,0,-351000,0,0,0,50000,401000,-351000,-351000
07149P,健鼎元大99售03  ,0,0,0,0,0,0,0,0,0,-352000,0,0,0,179000,531000,-352000,-352000
065251,宏達電國泰02購01,0,0,0,0,0,0,0,0,0,-352000,0,0,0,110000,462000,-352000,-352000
2606,裕民            ,69000,309000,-240000,0,0,0,0,2000,-2000,-110000,0,108000,-108000,0,2000,-2000,-352000
062091,世紀鋼元大9B購01,0,0,0,0,0,0,0,0,0,-353000,0,0,0,79000,432000,-353000,-353000
067147,台積電統一04購01,0,0,0,0,0,0,0,0,0,-354000,0,0,0,915000,1269000,-354000,-354000
064232,鴻海統一01購04  ,0,0,0,0,0,0,0,0,0,-355000,0,0,0,30000,385000,-355000,-355000
064414,臺股指凱基9C購10,0,0,0,0,0,0,0,0,0,-357000,0,0,0,24000,381000,-357000,-357000
065650,旭富元大9C購07  ,0,0,0,0,0,0,0,0,0,-357000,0,0,0,123000,480000,-357000,-357000
1218,泰山            ,93000,453000,-360000,0,0,0,0,0,0,2000,0,0,0,2000,0,2000,-358000
058656,燿華中信99購01  ,0,0,0,0,0,0,0,0,0,-358000,0,0,0,304000,662000,-358000,-358000
064359,華通統一9C購05  ,0,0,0,0,0,0,0,0,0,-358000,0,0,0,347000,705000,-358000,-358000
066299,潤泰新元大01購01,0,0,0,0,0,0,0,0,0,-358000,0,0,0,0,358000,-358000,-358000
063898,旭富群益9C購01  ,0,0,0,0,0,0,0,0,0,-362000,0,0,0,2000,364000,-362000,-362000
066349,聚碩永豐01購01  ,0,0,0,0,0,0,0,0,0,-364000,0,0,0,45000,409000,-364000,-364000
064881,聯茂兆豐01購02  ,0,0,0,0,0,0,0,0,0,-364000,0,0,0,203000,567000,-364000,-364000
066466,晶碩統一02購01  ,0,0,0,0,0,0,0,0,0,-366000,0,0,0,68000,434000,-366000,-366000
061567,華通元大9A購11  ,0,0,0,0,0,0,0,0,0,-368000,0,0,0,62000,430000,-368000,-368000
063294,美律麥證9B購01  ,0,0,0,48000,416000,-368000,0,0,0,-368000,0,0,0,48000,416000,-368000,-368000
067393,欣興國泰03購02  ,0,0,0,0,0,0,0,0,0,-371000,0,0,0,0,371000,-371000,-371000
065582,景碩國泰01購01  ,0,0,0,0,0,0,0,0,0,-372000,0,0,0,56000,428000,-372000,-372000
064804,英業達元大9C購01,0,0,0,0,0,0,0,0,0,-372000,0,0,0,143000,515000,-372000,-372000
057894,華通元富02購02  ,0,0,0,0,0,0,0,0,0,-373000,0,0,0,0,373000,-373000,-373000
054040,中石化元大9C購01,0,0,0,0,0,0,0,0,0,-373000,0,0,0,0,373000,-373000,-373000
061006,新光金兆豐9A購01,0,0,0,0,0,0,0,0,0,-375000,0,0,0,0,375000,-375000,-375000
065783,友訊永豐9C購02  ,0,0,0,0,0,0,0,0,0,-376000,0,0,0,0,376000,-376000,-376000
066780,上証反中信04購01,0,0,0,0,0,0,0,0,0,-378000,0,0,0,60000,438000,-378000,-378000
060426,盛群永豐9A購01  ,0,0,0,0,0,0,0,0,0,-378000,0,0,0,185000,563000,-378000,-378000
064028,大毅元大01購01  ,0,0,0,0,0,0,0,0,0,-378000,0,0,0,28000,406000,-378000,-378000
08091P,A50正2元富9B售02,0,0,0,0,0,0,0,0,0,-379000,0,0,0,13000,392000,-379000,-379000
064483,瑞儀永豐9C購01  ,0,0,0,0,0,0,0,0,0,-379000,0,0,0,0,379000,-379000,-379000
065862,世紀鋼元大9C購06,0,0,0,0,0,0,0,0,0,-380000,0,0,0,25000,405000,-380000,-380000
066248,長興元大01購01  ,0,0,0,0,0,0,0,0,0,-381000,0,0,0,123000,504000,-381000,-381000
063663,台光電統一9C購01,0,0,0,0,0,0,0,0,0,-381000,0,0,0,0,381000,-381000,-381000
054803,味全元大9A購01  ,0,0,0,0,0,0,0,0,0,-383000,0,0,0,90000,473000,-383000,-383000
062917,旭富元大9C購03  ,0,0,0,0,0,0,0,0,0,-383000,0,0,0,102000,485000,-383000,-383000
067539,緯創群益01購01  ,0,0,0,0,0,0,0,0,0,-384000,0,0,0,5000,389000,-384000,-384000
058202,鴻海凱基9A購04  ,0,0,0,0,0,0,0,0,0,-385000,0,0,0,43000,428000,-385000,-385000
065139,華通凱基03購01  ,0,0,0,0,0,0,0,0,0,-385000,0,0,0,23000,408000,-385000,-385000
055907,台虹兆豐98購01  ,0,0,0,0,0,0,0,0,0,-386000,0,0,0,94000,480000,-386000,-386000
066230,南帝富邦02購01  ,0,0,0,0,0,0,0,0,0,-386000,0,0,0,11000,397000,-386000,-386000
063890,正隆群益9C購01  ,0,0,0,0,0,0,0,0,0,-387000,0,0,0,25000,412000,-387000,-387000
066563,日月光元大01購01,0,0,0,0,0,0,0,0,0,-387000,0,0,0,0,387000,-387000,-387000
2855,統一證          ,381926,767000,-385074,0,0,0,0,2000,-2000,0,0,0,0,0,0,0,-387074
063933,TPK統一01購01   ,0,0,0,0,0,0,0,0,0,-388000,0,0,0,67000,455000,-388000,-388000
065337,華通統一01購03  ,0,0,0,0,0,0,0,0,0,-389000,0,0,0,0,389000,-389000,-389000
1522,堤維西          ,35000,426000,-391000,0,0,0,0,0,0,0,0,0,0,0,0,0,-391000
055518,華新科中信99購01,0,0,0,0,0,0,0,0,0,-391000,0,0,0,0,391000,-391000,-391000
064818,華新統一01購01  ,0,0,0,0,0,0,0,0,0,-391000,0,0,0,10000,401000,-391000,-391000
064480,聚陽永豐9C購01  ,0,0,0,0,0,0,0,0,0,-392000,0,0,0,28000,420000,-392000,-392000
066704,創意群益01購02  ,0,0,0,0,0,0,0,0,0,-393000,0,0,0,99000,492000,-393000,-393000
063136,智邦統一9B購02  ,0,0,0,0,0,0,0,0,0,-394000,0,0,0,279000,673000,-394000,-394000
066562,上緯控元大01購01,0,0,0,0,0,0,0,0,0,-394000,0,0,0,501000,895000,-394000,-394000
061597,南六永豐9A購04  ,0,0,0,0,0,0,0,0,0,-395000,0,0,0,25000,420000,-395000,-395000
065793,旭富永豐9C購02  ,0,0,0,0,0,0,0,0,0,-395000,0,0,0,0,395000,-395000,-395000
06443P,台積電凱基99售01,0,0,0,0,0,0,0,0,0,-395000,0,0,0,0,395000,-395000,-395000
1312,國喬            ,436000,833000,-397000,0,0,0,0,0,0,1000,1000,0,1000,0,0,0,-396000
064837,TPK統一9C購02   ,0,0,0,0,0,0,0,0,0,-396000,0,0,0,12000,408000,-396000,-396000
064056,GIS統一01購02   ,0,0,0,0,0,0,0,0,0,-399000,0,0,0,76000,475000,-399000,-399000
060120,聯電富邦9B購01  ,0,0,0,0,0,0,0,0,0,-399000,0,0,0,1000,400000,-399000,-399000
065868,燿華群益02購01  ,0,0,0,0,0,0,0,0,0,-399000,0,0,0,20000,419000,-399000,-399000
057903,聯鈞永豐99購01  ,0,0,0,0,0,0,0,0,0,-400000,0,0,0,80000,480000,-400000,-400000
066259,聯強元大01購01  ,0,0,0,0,0,0,0,0,0,-400000,0,0,0,34000,434000,-400000,-400000
065152,燿華群益9C購02  ,0,0,0,0,0,0,0,0,0,-400000,0,0,0,211000,611000,-400000,-400000
066873,健策國泰02購01  ,0,0,0,0,0,0,0,0,0,-402000,0,0,0,87000,489000,-402000,-402000
063258,緯穎國泰9C購01  ,0,0,0,0,0,0,0,0,0,-402000,0,0,0,0,402000,-402000,-402000
060203,緯穎元富9A購01  ,0,0,0,0,0,0,0,0,0,-402000,0,0,0,0,402000,-402000,-402000
064149,美律統一02購01  ,0,0,0,0,0,0,0,0,0,-402000,0,0,0,462000,864000,-402000,-402000
058445,旺宏富邦9C購01  ,0,0,0,0,0,0,0,0,0,-406000,0,0,0,20000,426000,-406000,-406000
057839,台積電富邦9A購02,0,0,0,0,0,0,0,0,0,-408000,0,0,0,533000,941000,-408000,-408000
8210,勤誠            ,96000,295000,-199000,0,0,0,0,124000,-124000,-85000,0,53000,-53000,2000,34000,-32000,-408000
065995,台虹永豐01購01  ,0,0,0,0,0,0,0,0,0,-409000,0,0,0,7000,416000,-409000,-409000
2014,中鴻            ,95000,536000,-441000,0,0,0,0,0,0,31000,31000,0,31000,0,0,0,-410000
064990,世紀鋼元大01購01,0,0,0,0,0,0,0,0,0,-410000,0,0,0,42000,452000,-410000,-410000
065044,大立光凱基9C購06,0,0,0,0,0,0,0,0,0,-411000,0,0,0,430000,841000,-411000,-411000
064057,緯穎統一02購01  ,0,0,0,0,0,0,0,0,0,-412000,0,0,0,11000,423000,-412000,-412000
059849,興勤永豐99購01  ,0,0,0,0,0,0,0,0,0,-413000,0,0,0,195000,608000,-413000,-413000
063195,訊連元富9B購01  ,0,0,0,0,0,0,0,0,0,-414000,0,0,0,277000,691000,-414000,-414000
064819,華新統一01購02  ,0,0,0,0,0,0,0,0,0,-414000,0,0,0,0,414000,-414000,-414000
1305,華夏            ,177000,602000,-425000,0,0,0,0,0,0,9000,1000,0,1000,11000,3000,8000,-416000
2882A,國泰特          ,0,9000,-9000,0,0,0,0,50000,-50000,-358000,4000,362000,-358000,0,0,0,-417000
06901P,亞德客凱基98售02,0,0,0,0,0,0,0,0,0,-418000,0,0,0,0,418000,-418000,-418000
057445,華通元富02購01  ,0,0,0,0,0,0,0,0,0,-420000,0,0,0,75000,495000,-420000,-420000
064375,智邦元富03購01  ,0,0,0,0,0,0,0,0,0,-420000,0,0,0,96000,516000,-420000,-420000
08153P,台表科統一9B售01,0,0,0,0,0,0,0,0,0,-421000,0,0,0,47000,468000,-421000,-421000
00642U,元大S&P石油     ,22000,76000,-54000,0,0,0,0,0,0,-368000,0,0,0,1272000,1640000,-368000,-422000
066954,聯詠元大01購04  ,0,0,0,0,0,0,0,0,0,-423000,0,0,0,6000,429000,-423000,-423000
08754P,臺股指群益01售04,0,0,0,0,0,0,0,0,0,-426000,0,0,0,73000,499000,-426000,-426000
055976,台積電統一99購03,0,0,0,0,0,0,0,0,0,-426000,0,0,0,0,426000,-426000,-426000
066575,緯穎元大01購03  ,0,0,0,0,0,0,0,0,0,-426000,0,0,0,69000,495000,-426000,-426000
066316,台船永豐01購01  ,0,0,0,0,0,0,0,0,0,-427000,0,0,0,126000,553000,-427000,-427000
061610,力成統一9C購01  ,0,0,0,0,0,0,0,0,0,-428000,0,0,0,20000,448000,-428000,-428000
067091,台虹元大01購02  ,0,0,0,0,0,0,0,0,0,-429000,0,0,0,0,429000,-429000,-429000
3450,聯鈞            ,326000,802000,-476000,0,0,0,0,0,0,47000,0,12000,-12000,94000,35000,59000,-429000
067083,正文元大01購01  ,0,0,0,0,0,0,0,0,0,-430000,0,0,0,100000,530000,-430000,-430000
063594,上銀中信9C購01  ,0,0,0,0,0,0,0,0,0,-430000,0,0,0,15000,445000,-430000,-430000
067200,深中小元大03購01,0,0,0,0,0,0,0,0,0,-431000,0,0,0,17000,448000,-431000,-431000
08247P,台積電群益9C售06,0,0,0,0,0,0,0,0,0,-434000,0,0,0,100000,534000,-434000,-434000
064433,金像電凱基02購01,0,0,0,0,0,0,0,0,0,-434000,0,0,0,104000,538000,-434000,-434000
2906,高林            ,24000,458000,-434000,0,0,0,0,0,0,0,0,0,0,0,0,0,-434000
067397,欣興永豐01購03  ,0,0,0,0,0,0,0,0,0,-442000,0,0,0,0,442000,-442000,-442000
065447,緯創統一02購02  ,0,0,0,0,0,0,0,0,0,-442000,0,0,0,95000,537000,-442000,-442000
066587,台船群益01購01  ,0,0,0,0,0,0,0,0,0,-443000,0,0,0,0,443000,-443000,-443000
065190,緯穎統一9C購02  ,0,0,0,0,0,0,0,0,0,-443000,0,0,0,0,443000,-443000,-443000
057399,滬深反群益9C購01,0,0,0,0,0,0,0,0,0,-445000,0,0,0,77000,522000,-445000,-445000
060709,緯穎富邦9B購01  ,0,0,0,0,0,0,0,0,0,-445000,0,0,0,98000,543000,-445000,-445000
5471,松翰            ,982000,1362000,-380000,0,0,0,0,0,0,-67000,0,102000,-102000,58000,23000,35000,-447000
059924,世紀鋼元大99購06,0,0,0,0,0,0,0,0,0,-448000,0,0,0,3000,451000,-448000,-448000
065397,宏達電群益9C購03,0,0,0,0,0,0,0,0,0,-450000,0,0,0,118000,568000,-450000,-450000
064876,旺宏兆豐9C購01  ,0,0,0,0,0,0,0,0,0,-450000,0,0,0,36000,486000,-450000,-450000
067195,台虹凱基02購01  ,0,0,0,0,0,0,0,0,0,-453000,0,0,0,20000,473000,-453000,-453000
060286,佳世達元大9C購01,0,0,0,0,0,0,0,0,0,-453000,0,0,0,131000,584000,-453000,-453000
067060,A50正2元大01購02,0,0,0,0,0,0,0,0,0,-454000,0,0,0,0,454000,-454000,-454000
062725,大立光凱基9B購06,0,0,0,0,0,0,0,0,0,-456000,0,0,0,0,456000,-456000,-456000
066458,大毅統一02購02  ,0,0,0,0,0,0,0,0,0,-456000,0,0,0,30000,486000,-456000,-456000
058706,聯鈞元大9C購01  ,0,0,0,0,0,0,0,0,0,-458000,0,0,0,52000,510000,-458000,-458000
065149,遠東新群益9C購01,40000,0,40000,0,0,0,0,0,0,-499000,0,0,0,35000,534000,-499000,-459000
066781,滬深2X中信04購01,0,0,0,0,0,0,0,0,0,-461000,0,0,0,545000,1006000,-461000,-461000
066460,智原統一03購01  ,0,0,0,0,0,0,0,0,0,-465000,0,0,0,54000,519000,-465000,-465000
2841,台開            ,223000,690000,-467000,0,0,0,0,0,0,1000,1000,0,1000,0,0,0,-466000
07990P,緯穎凱基9B售02  ,0,0,0,0,0,0,0,0,0,-468000,0,0,0,372000,840000,-468000,-468000
066345,正文永豐01購01  ,0,0,0,0,0,0,0,0,0,-468000,0,0,0,0,468000,-468000,-468000
067396,欣興永豐01購02  ,0,0,0,0,0,0,0,0,0,-469000,0,0,0,0,469000,-469000,-469000
064915,美律統一02購02  ,0,0,0,0,0,0,0,0,0,-469000,0,0,0,656000,1125000,-469000,-469000
08709P,台積電台新01售02,0,0,0,0,0,0,0,0,0,-470000,0,0,0,105000,575000,-470000,-470000
064842,南六統一9C購04  ,0,0,0,0,0,0,0,0,0,-471000,0,0,0,335000,806000,-471000,-471000
064988,志超元大9C購01  ,0,0,0,0,0,0,0,0,0,-472000,0,0,0,109000,581000,-472000,-472000
07838P,泰碩元大9A售04  ,40000,0,40000,0,0,0,0,0,0,-513000,0,0,0,211000,724000,-513000,-473000
067138,正文永豐01購02  ,0,0,0,0,0,0,0,0,0,-473000,0,0,0,0,473000,-473000,-473000
062195,聚陽中信9C購01  ,0,0,0,0,0,0,0,0,0,-474000,0,0,0,75000,549000,-474000,-474000
067201,A50正2元大03購01,0,0,0,0,0,0,0,0,0,-475000,0,0,0,0,475000,-475000,-475000
08567P,台勝科群益9C售01,0,0,0,0,0,0,0,0,0,-476000,0,0,0,32000,508000,-476000,-476000
065219,緯穎國泰01購01  ,0,0,0,0,0,0,0,0,0,-481000,0,0,0,248000,729000,-481000,-481000
00631L,元大台灣50正2   ,225000,81000,144000,0,0,0,0,0,0,-626000,0,513000,-513000,1887000,2000000,-113000,-482000
2371,大同            ,998000,1467000,-469000,0,0,0,0,0,0,-14000,6000,20000,-14000,0,0,0,-483000
08749P,鴻海台新01售02  ,0,0,0,0,0,0,0,0,0,-485000,0,0,0,0,485000,-485000,-485000
065517,緯創群益9C購02  ,0,0,0,0,0,0,0,0,0,-486000,0,0,0,74000,560000,-486000,-486000
064614,友訊元大9C購02  ,0,0,0,0,0,0,0,0,0,-488000,0,0,0,35000,523000,-488000,-488000
062527,美律統一01購01  ,0,0,0,0,0,0,0,0,0,-489000,0,0,0,209000,698000,-489000,-489000
064170,儒鴻元富9C購01  ,0,0,0,0,0,0,0,0,0,-489000,0,0,0,31000,520000,-489000,-489000
065754,健鼎元大9C購06  ,0,0,0,0,0,0,0,0,0,-489000,0,0,0,243000,732000,-489000,-489000
065838,鴻海元大03購01  ,0,0,0,0,0,0,0,0,0,-491000,0,0,0,220000,711000,-491000,-491000
066201,大毅統一02購01  ,0,0,0,0,0,0,0,0,0,-494000,0,0,0,0,494000,-494000,-494000
067463,T50反1元大01購04,0,0,0,0,0,0,0,0,0,-496000,0,0,0,0,496000,-496000,-496000
066463,鎧勝統一02購01  ,0,0,0,0,0,0,0,0,0,-496000,0,0,0,484000,980000,-496000,-496000
063339,智邦統一01購01  ,0,0,0,0,0,0,0,0,0,-497000,0,0,0,29000,526000,-497000,-497000
056211,南港國票98購01  ,0,0,0,0,0,0,0,0,0,-498000,0,0,0,2000,500000,-498000,-498000
067620,聚陽國泰02購01  ,0,0,0,0,0,0,0,0,0,-499000,0,0,0,0,499000,-499000,-499000
063436,儒鴻統一01購03  ,0,0,0,0,0,0,0,0,0,-499000,0,0,0,100000,599000,-499000,-499000
063723,儒鴻元大9B購04  ,0,0,0,0,0,0,0,0,0,-499000,0,0,0,56000,555000,-499000,-499000
3026,禾伸堂          ,456000,1100000,-644000,0,0,0,200000,0,200000,-55000,0,0,0,5000,60000,-55000,-499000
07739P,緯穎永豐9A售01  ,0,0,0,0,0,0,0,0,0,-500000,0,0,0,0,500000,-500000,-500000
08715P,創意元富07售02  ,0,0,0,0,0,0,0,0,0,-501000,0,0,0,100000,601000,-501000,-501000
065136,正隆凱基9C購01  ,0,0,0,0,0,0,0,0,0,-506000,0,0,0,30000,536000,-506000,-506000
1103,嘉泥            ,21000,528000,-507000,0,0,0,0,0,0,0,0,0,0,0,0,0,-507000
08682P,鴻海凱基01售06  ,0,0,0,0,0,0,0,0,0,-510000,0,0,0,70000,580000,-510000,-510000
067392,欣興國泰03購01  ,0,0,0,0,0,0,0,0,0,-512000,0,0,0,189000,701000,-512000,-512000
08883P,台積電國票02售02,0,0,0,0,0,0,0,0,0,-513000,0,0,0,0,513000,-513000,-513000
064268,緯穎永豐9C購01  ,0,0,0,0,0,0,0,0,0,-513000,0,0,0,0,513000,-513000,-513000
2355,敬鵬            ,2024000,2437000,-413000,0,0,0,0,0,0,-103000,34000,119000,-85000,53000,71000,-18000,-516000
061126,京元電永豐9A購02,0,0,0,0,0,0,0,0,0,-516000,0,0,0,79000,595000,-516000,-516000
064233,燿華統一9C購02  ,0,0,0,0,0,0,0,0,0,-520000,0,0,0,8000,528000,-520000,-520000
065955,健鼎統一01購03  ,0,0,0,0,0,0,0,0,0,-520000,0,0,0,375000,895000,-520000,-520000
064821,聯電統一02購01  ,0,0,0,0,0,0,0,0,0,-524000,0,0,0,138000,662000,-524000,-524000
062013,奇鋐富邦9B購01  ,0,0,0,0,0,0,0,0,0,-525000,0,0,0,188000,713000,-525000,-525000
6142,友勁            ,100000,627000,-527000,0,0,0,0,0,0,0,0,0,0,0,0,0,-527000
08858P,台積電國票01售05,0,0,0,0,0,0,0,0,0,-530000,0,0,0,97000,627000,-530000,-530000
2404,漢唐            ,168000,650000,-482000,0,0,0,0,0,0,-49000,1000,8000,-7000,1000,43000,-42000,-531000
07472P,和碩元大9A售03  ,0,0,0,0,0,0,0,0,0,-533000,0,0,0,10000,543000,-533000,-533000
067387,智邦元富04購01  ,0,0,0,0,0,0,0,0,0,-536000,0,0,0,0,536000,-536000,-536000
064445,聚陽統一02購01  ,0,0,0,0,0,0,0,0,0,-541000,0,0,0,61000,602000,-541000,-541000
057544,鴻海凱基02購01  ,0,0,0,0,0,0,0,0,0,-542000,0,0,0,342000,884000,-542000,-542000
00671R,富邦NASDAQ反1   ,51000,12000,39000,0,0,0,0,0,0,-582000,0,0,0,781000,1363000,-582000,-543000
00693U,街口S&P黃豆     ,0,69000,-69000,0,0,0,0,0,0,-474000,0,0,0,2182000,2656000,-474000,-543000
063320,旭富群益9B購03  ,0,0,0,0,0,0,0,0,0,-543000,0,0,0,0,543000,-543000,-543000
2338,光罩            ,384000,929000,-545000,0,0,0,0,0,0,0,0,0,0,16000,16000,0,-545000
067320,訊連元大01購01  ,0,0,0,0,0,0,0,0,0,-547000,0,0,0,87000,634000,-547000,-547000
066713,台灣50元大01購21,0,0,0,0,0,0,0,0,0,-549000,0,0,0,51000,600000,-549000,-549000
067514,申豐統一02購05  ,0,0,0,0,0,0,0,0,0,-549000,0,0,0,0,549000,-549000,-549000
058284,滬深反群益01購01,0,0,0,0,0,0,0,0,0,-549000,0,0,0,399000,948000,-549000,-549000
058814,南亞科台新99購01,0,0,0,0,0,0,0,0,0,-550000,0,0,0,0,550000,-550000,-550000
065994,南六永豐01購01  ,0,0,0,0,0,0,0,0,0,-550000,0,0,0,36000,586000,-550000,-550000
063201,廣達統一01購01  ,0,0,0,0,0,0,0,0,0,-551000,0,0,0,62000,613000,-551000,-551000
066315,南帝永豐01購01  ,0,0,0,0,0,0,0,0,0,-553000,0,0,0,85000,638000,-553000,-553000
067281,T50反1國票01購05,0,0,0,0,0,0,0,0,0,-554000,0,0,0,35000,589000,-554000,-554000
067139,訊連永豐01購01  ,0,0,0,0,0,0,0,0,0,-555000,0,0,0,0,555000,-555000,-555000
058527,世紀鋼元大99購01,0,0,0,0,0,0,0,0,0,-558000,0,0,0,199000,757000,-558000,-558000
6202,盛群            ,571000,1444000,-873000,0,0,0,30000,0,30000,285000,205000,0,205000,89000,9000,80000,-558000
065977,旭富元大02購01  ,0,0,0,0,0,0,0,0,0,-559000,0,0,0,165000,724000,-559000,-559000
064147,瑞昱統一01購04  ,0,0,0,0,0,0,0,0,0,-562000,0,0,0,182000,744000,-562000,-562000
066282,鎧勝元大01購01  ,0,0,0,0,0,0,0,0,0,-562000,0,0,0,173000,735000,-562000,-562000
066501,鴻海富邦03購01  ,0,0,0,0,0,0,0,0,0,-562000,0,0,0,415000,977000,-562000,-562000
066329,達欣工永豐01購01,0,0,0,0,0,0,0,0,0,-564000,0,0,0,0,564000,-564000,-564000
064412,緯穎凱基01購01  ,0,0,0,0,0,0,0,0,0,-565000,0,0,0,15000,580000,-565000,-565000
065534,台光電統一9C購02,0,0,0,0,0,0,0,0,0,-566000,0,0,0,67000,633000,-566000,-566000
062543,華通富邦9C購01  ,0,0,0,0,0,0,0,0,0,-570000,0,0,0,0,570000,-570000,-570000
065285,宏碁群益01購01  ,0,0,0,0,0,0,0,0,0,-572000,0,0,0,388000,960000,-572000,-572000
067398,欣興永豐01購04  ,0,0,0,0,0,0,0,0,0,-574000,0,0,0,0,574000,-574000,-574000
061775,臺指反國票9B購04,0,0,0,0,0,0,0,0,0,-574000,0,0,0,0,574000,-574000,-574000
061373,華通富邦9A購02  ,0,0,0,0,0,0,0,0,0,-578000,0,0,0,110000,688000,-578000,-578000
063259,廣達富邦9C購01  ,0,0,0,0,0,0,0,0,0,-581000,0,0,0,289000,870000,-581000,-581000
066485,台光電元富01購01,0,0,0,0,0,0,0,0,0,-584000,0,0,0,194000,778000,-584000,-584000
2867,三商壽          ,111000,693000,-582000,0,0,0,0,4000,-4000,1000,1000,0,1000,0,0,0,-585000
07710P,華擎元大9A售05  ,0,0,0,0,0,0,0,0,0,-586000,0,0,0,0,586000,-586000,-586000
056904,大立光元大99購05,0,0,0,0,0,0,0,0,0,-587000,0,0,0,5000,592000,-587000,-587000
1227,佳格            ,102621,650000,-547379,0,0,0,0,0,0,-41000,0,37000,-37000,0,4000,-4000,-588379
08899P,台積電群益01售16,0,0,0,0,0,0,0,0,0,-589000,0,0,0,30000,619000,-589000,-589000
057385,光罩永豐99購01  ,0,0,0,0,0,0,0,0,0,-590000,0,0,0,211000,801000,-590000,-590000
03683C,T50反1元大9C牛04,0,0,0,0,0,0,0,0,0,-593000,0,0,0,397000,990000,-593000,-593000
067012,台虹永豐01購02  ,0,0,0,0,0,0,0,0,0,-597000,0,0,0,0,597000,-597000,-597000
063392,聯電群益9B購02  ,0,0,0,0,0,0,0,0,0,-598000,0,0,0,2000,600000,-598000,-598000
066354,緯穎永豐01購01  ,0,0,0,0,0,0,0,0,0,-599000,0,0,0,21000,620000,-599000,-599000
1326,台化            ,1107043,1667000,-559957,0,0,0,0,45000,-45000,5434,4000,30000,-26000,32000,566,31434,-599523
057281,大立光元大98購16,0,0,0,0,0,0,0,0,0,-600000,0,0,0,0,600000,-600000,-600000
05830P,滬深2X元富99售03,0,0,0,0,0,0,0,0,0,-601000,0,0,0,455000,1056000,-601000,-601000
061165,美律兆豐9A購01  ,0,0,0,0,0,0,0,0,0,-602000,0,0,0,33000,635000,-602000,-602000
3711,日月光投控      ,3202099,4051500,-849401,0,0,0,0,76000,-76000,317000,113000,2000,111000,227000,21000,206000,-608401
8163,達方            ,72000,639000,-567000,0,0,0,0,0,0,-42000,8000,4000,4000,3000,49000,-46000,-609000
066232,聯強富邦03購01  ,0,0,0,0,0,0,0,0,0,-610000,0,0,0,407000,1017000,-610000,-610000
065246,旭富兆豐01購01  ,0,0,0,0,0,0,0,0,0,-613000,0,0,0,0,613000,-613000,-613000
08748P,台積電元富07售02,0,0,0,0,0,0,0,0,0,-617000,0,0,0,238000,855000,-617000,-617000
2363,矽統            ,588000,1207000,-619000,0,0,0,0,0,0,0,0,0,0,0,0,0,-619000
057616,聯電凱基99購01  ,0,0,0,0,0,0,0,0,0,-622000,0,0,0,18000,640000,-622000,-622000
067471,台積電元大01購26,0,0,0,0,0,0,0,0,0,-624000,0,0,0,383000,1007000,-624000,-624000
065505,健鼎永豐9C購01  ,0,0,0,0,0,0,0,0,0,-626000,0,0,0,60000,686000,-626000,-626000
064243,TPK統一02購02   ,0,0,0,0,0,0,0,0,0,-636000,0,0,0,12000,648000,-636000,-636000
054633,臺股指凱基9A購02,0,0,0,0,0,0,0,0,0,-637000,0,0,0,214000,851000,-637000,-637000
053082,聯電元大98購03  ,0,0,0,0,0,0,0,0,0,-637000,0,0,0,252000,889000,-637000,-637000
08676P,泰碩群益04售01  ,0,0,0,0,0,0,0,0,0,-638000,0,0,0,125000,763000,-638000,-638000
066737,創意元大01購05  ,0,0,0,0,0,0,0,0,0,-643000,0,0,0,90000,733000,-643000,-643000
058312,大毅國泰9B購01  ,0,0,0,0,0,0,0,0,0,-646000,0,0,0,0,646000,-646000,-646000
067377,欣興統一02購01  ,0,0,0,0,0,0,0,0,0,-648000,0,0,0,0,648000,-648000,-648000
2474,可成            ,575018,1234200,-659182,0,0,0,0,20000,-20000,28000,21000,2000,19000,52000,43000,9000,-651182
08355P,智邦元大9C售03  ,0,0,0,0,0,0,0,0,0,-656000,0,0,0,50000,706000,-656000,-656000
08090P,嘉澤統一9B售01  ,0,0,0,0,0,0,0,0,0,-657000,0,0,0,3000,660000,-657000,-657000
067376,欣興統一01購01  ,0,0,0,0,0,0,0,0,0,-657000,0,0,0,0,657000,-657000,-657000
065542,緯穎統一01購05  ,0,0,0,0,0,0,0,0,0,-658000,0,0,0,0,658000,-658000,-658000
067029,台表科兆豐03購01,0,0,0,0,0,0,0,0,0,-663000,0,0,0,342000,1005000,-663000,-663000
2103,台橡            ,98232,741000,-642768,0,0,0,0,0,0,-21000,1000,0,1000,0,22000,-22000,-663768
2408,南亞科          ,3135868,4308000,-1172132,0,0,0,515000,13000,502000,2480,96000,66000,30000,16000,43520,-27520,-667652
067278,申豐統一02購03  ,0,0,0,0,0,0,0,0,0,-684000,0,0,0,1000,685000,-684000,-684000
066098,華碩中信02購01  ,0,0,0,0,0,0,0,0,0,-686000,0,0,0,19000,705000,-686000,-686000
066249,生達元大01購01  ,0,0,0,0,0,0,0,0,0,-687000,0,0,0,200000,887000,-687000,-687000
058558,鴻海日盛9A購02  ,0,0,0,0,0,0,0,0,0,-689000,0,0,0,107000,796000,-689000,-689000
2889,國票金          ,66000,766310,-700310,0,0,0,0,0,0,1000,1000,0,1000,0,0,0,-699310
058463,宏達電兆豐99購02,0,0,0,0,0,0,0,0,0,-705000,0,0,0,0,705000,-705000,-705000
064388,緯穎富邦9C購01  ,0,0,0,0,0,0,0,0,0,-707000,0,0,0,65000,772000,-707000,-707000
2542,興富發          ,666762,1443000,-776238,0,0,0,0,0,0,69000,98000,7000,91000,0,22000,-22000,-707238
06770P,台灣50第一9C售01,0,0,0,0,0,0,0,0,0,-710000,0,0,0,400000,1110000,-710000,-710000
053118,大立光中信9C購01,0,0,0,0,0,0,0,0,0,-710000,0,0,0,0,710000,-710000,-710000
066023,燿華群益01購02  ,0,0,0,0,0,0,0,0,0,-712000,0,0,0,218000,930000,-712000,-712000
8215,明基材          ,127000,844000,-717000,0,0,0,0,0,0,-3000,0,3000,-3000,0,0,0,-720000
066260,聯強元大01購02  ,0,0,0,0,0,0,0,0,0,-721000,0,0,0,31000,752000,-721000,-721000
08886P,台積電富邦04售04,0,0,0,0,0,0,0,0,0,-723000,0,0,0,4000,727000,-723000,-723000
2388,威盛            ,485000,1214458,-729458,0,0,0,0,0,0,0,0,0,0,0,0,0,-729458
2105,正新            ,1329830,2857000,-1527170,0,0,0,870000,35000,835000,-38000,46000,72000,-26000,0,12000,-12000,-730170
056943,華通統一99購01  ,0,0,0,0,0,0,0,0,0,-737000,0,0,0,245000,982000,-737000,-737000
6668,中揚光          ,487000,1220000,-733000,0,0,0,0,0,0,-5000,2000,7000,-5000,0,0,0,-738000
066568,聚碩元大01購01  ,0,0,0,0,0,0,0,0,0,-747000,0,0,0,51000,798000,-747000,-747000
062163,大毅國泰01購01  ,0,0,0,0,0,0,0,0,0,-750000,0,0,0,24000,774000,-750000,-750000
2633,台灣高鐵        ,494957,1061000,-566043,0,0,0,0,180000,-180000,-16000,16000,0,16000,24000,56000,-32000,-762043
2915,潤泰全          ,175000,760883,-585883,0,0,0,0,0,0,-180000,5000,6000,-1000,3000,182000,-179000,-765883
062171,中磊永豐9B購01  ,0,0,0,0,0,0,0,0,0,-768000,0,0,0,124000,892000,-768000,-768000
07111P,台積電群益99售08,0,0,0,0,0,0,0,0,0,-769000,0,0,0,60000,829000,-769000,-769000
5522,遠雄            ,77000,914000,-837000,0,0,0,0,0,0,60000,60000,0,60000,0,0,0,-777000
059074,元油2X元大9C購15,0,0,0,0,0,0,0,0,0,-783000,0,0,0,720000,1503000,-783000,-783000
08243P,祥碩凱基9C售02  ,0,0,0,0,0,0,0,0,0,-791000,0,0,0,420000,1211000,-791000,-791000
064932,緯穎統一01購04  ,0,0,0,0,0,0,0,0,0,-793000,0,0,0,0,793000,-793000,-793000
3437,榮創            ,393000,1191000,-798000,0,0,0,0,0,0,3000,3000,0,3000,0,0,0,-795000
4915,致伸            ,6437000,5372000,1065000,0,0,0,0,1000,-1000,-1861000,0,138000,-138000,40000,1763000,-1723000,-797000
4935,茂林-KY         ,237000,819000,-582000,0,0,0,0,16000,-16000,-200000,0,1000,-1000,10000,209000,-199000,-798000
061027,儒鴻永豐9A購02  ,0,0,0,0,0,0,0,0,0,-799000,0,0,0,10000,809000,-799000,-799000
4904,遠傳            ,256439,1330000,-1073561,0,0,0,292000,18000,274000,0,3000,0,3000,0,3000,-3000,-799561
058928,國巨統一9C購01  ,0,0,0,0,0,0,0,0,0,-806000,0,0,0,646000,1452000,-806000,-806000
061427,旭富元大9A購02  ,0,0,0,0,0,0,0,0,0,-814000,0,0,0,5000,819000,-814000,-814000
2812,台中銀          ,81000,897000,-816000,0,0,0,0,7000,-7000,1000,1000,0,1000,0,0,0,-822000
06327P,台積電中信01售01,0,0,0,0,0,0,0,0,0,-823000,0,0,0,40000,863000,-823000,-823000
063146,南六統一9B購02  ,0,0,0,0,0,0,0,0,0,-826000,0,0,0,75000,901000,-826000,-826000
08554P,玉晶光國票01售06,0,0,0,0,0,0,0,0,0,-828000,0,0,0,567000,1395000,-828000,-828000
059581,日月光元富99購02,0,0,0,0,0,0,0,0,0,-828000,0,0,0,109000,937000,-828000,-828000
063655,華通元富9B購01  ,0,0,0,0,0,0,0,0,0,-834000,0,0,0,0,834000,-834000,-834000
065404,玉晶光國泰02購03,0,0,0,0,0,0,0,0,0,-837000,0,0,0,205000,1042000,-837000,-837000
1201,味全            ,91000,940000,-849000,0,0,0,0,0,0,10000,0,0,0,10000,0,10000,-839000
063690,健鼎永豐9B購01  ,0,0,0,0,0,0,0,0,0,-847000,0,0,0,478000,1325000,-847000,-847000
067145,南港統一03購02  ,0,0,0,0,0,0,0,0,0,-865000,0,0,0,0,865000,-865000,-865000
2104,國際中橡        ,298000,1079000,-781000,0,0,0,0,0,0,-88000,1000,1000,0,0,88000,-88000,-869000
08263P,台表科元大9C售06,0,0,0,0,0,0,0,0,0,-870000,0,0,0,12000,882000,-870000,-870000
2458,義隆            ,741531,1484023,-742492,0,0,0,83000,1000,82000,-214000,64000,191000,-127000,41000,128000,-87000,-874492
08638P,泰碩國票9C售01  ,1000,0,1000,0,0,0,0,0,0,-889000,0,0,0,1245000,2134000,-889000,-888000
058692,華邦電國票9B購01,0,0,0,0,0,0,0,0,0,-890000,0,0,0,59000,949000,-890000,-890000
058878,旭富國泰9B購01  ,0,0,0,0,0,0,0,0,0,-895000,0,0,0,11000,906000,-895000,-895000
063445,金像電統一9B購01,0,0,0,0,0,0,0,0,0,-906000,0,0,0,358000,1264000,-906000,-906000
067478,興勤元大01購01  ,20000,0,20000,0,0,0,0,0,0,-930000,0,0,0,219000,1149000,-930000,-910000
066882,A50正2永豐01購01,0,0,0,0,0,0,0,0,0,-918000,0,0,0,10000,928000,-918000,-918000
063219,友達群益9B購03  ,0,0,0,0,0,0,0,0,0,-924000,0,0,0,39000,963000,-924000,-924000
063439,正隆統一01購01  ,0,0,0,0,0,0,0,0,0,-930000,0,0,0,12000,942000,-930000,-930000
067309,欣興元大01購04  ,0,0,0,0,0,0,0,0,0,-936000,0,0,0,0,936000,-936000,-936000
067127,台虹富邦03購01  ,0,0,0,0,0,0,0,0,0,-941000,0,0,0,99000,1040000,-941000,-941000
2801,彰銀            ,1738700,2592109,-853409,0,0,0,0,68000,-68000,-20000,0,20000,-20000,5000,5000,0,-941409
9945,潤泰新          ,672556,1608920,-936364,0,0,0,0,0,0,-7000,2000,14000,-12000,54000,49000,5000,-943364
03414B,臺股指凱基99熊01,30000,0,30000,0,0,0,0,0,0,-976000,0,0,0,3425000,4401000,-976000,-946000
063344,臺企銀統一9C購01,0,0,0,0,0,0,0,0,0,-956000,0,0,0,91000,1047000,-956000,-956000
6278,台表科          ,1481000,2491875,-1010875,0,0,0,47000,0,47000,6000,313000,204000,109000,193000,296000,-103000,-957875
2323,中環            ,715000,1643000,-928000,0,0,0,0,0,0,-30000,5000,0,5000,48000,83000,-35000,-958000
07124P,台積電元大99售21,0,0,0,0,0,0,0,0,0,-961000,0,0,0,0,961000,-961000,-961000
06025P,臺股指元大99售02,0,0,0,0,0,0,0,0,0,-990000,0,0,0,30000,1020000,-990000,-990000
00676R,富邦臺灣加權反1 ,7000,7000,0,0,0,0,0,0,0,-992000,0,0,0,1816000,2808000,-992000,-992000
058807,和大統一9B購01  ,0,0,0,0,0,0,0,0,0,-1003000,0,0,0,507000,1510000,-1003000,-1003000
065962,鴻海元大01購04  ,0,0,0,0,0,0,0,0,0,-1004000,0,0,0,26000,1030000,-1004000,-1004000
07662P,台積電兆豐9A售03,0,0,0,0,0,0,0,0,0,-1008000,0,0,0,0,1008000,-1008000,-1008000
050077,臺股指凱基99購02,0,0,0,0,0,0,0,0,0,-1016000,0,0,0,383000,1399000,-1016000,-1016000
065839,鴻海元大9C購17  ,0,0,0,0,0,0,0,0,0,-1038000,0,0,0,332000,1370000,-1038000,-1038000
1310,台苯            ,5000,1050500,-1045500,0,0,0,0,0,0,-1000,0,0,0,0,1000,-1000,-1046500
1301,台塑            ,897751,1813000,-915249,0,0,0,0,71000,-71000,-62000,0,62000,-62000,0,0,0,-1048249
059095,訊芯元大99購01  ,0,0,0,0,0,0,0,0,0,-1067000,0,0,0,391000,1458000,-1067000,-1067000
2455,全新            ,231000,1162000,-931000,0,0,0,0,0,0,-138000,0,0,0,8000,146000,-138000,-1069000
1303,南亞            ,1744397,3412260,-1667863,0,0,0,617000,56000,561000,36000,36000,0,36000,0,0,0,-1070863
08807P,可成元富07售02  ,0,0,0,0,0,0,0,0,0,-1073000,0,0,0,0,1073000,-1073000,-1073000
067222,申豐元大01購01  ,0,0,0,0,0,0,0,0,0,-1098000,0,0,0,50000,1148000,-1098000,-1098000
065349,玉晶光統一9C購05,0,0,0,0,0,0,0,0,0,-1099000,0,0,0,112000,1211000,-1099000,-1099000
07071P,立積元富99售01  ,0,0,0,0,0,0,0,0,0,-1100000,0,0,0,0,1100000,-1100000,-1100000
061511,緯穎富邦9B購02  ,0,0,0,0,0,0,0,0,0,-1104000,0,0,0,79000,1183000,-1104000,-1104000
067310,欣興元大01購05  ,0,0,0,0,0,0,0,0,0,-1106000,0,0,0,14000,1120000,-1106000,-1106000
2331,精英            ,916000,2099000,-1183000,0,0,0,0,0,0,37000,59000,22000,37000,0,0,0,-1146000
2880,華南金          ,2744049,3828327,-1084278,0,0,0,0,84000,-84000,18000,0,0,0,18000,0,18000,-1150278
2354,鴻準            ,516548,1954818,-1438270,0,0,0,266000,0,266000,15000,22000,7000,15000,0,0,0,-1157270
1314,中石化          ,549000,1552000,-1003000,0,0,0,0,0,0,-173000,0,2000,-2000,0,171000,-171000,-1176000
2329,華泰            ,314000,1487000,-1173000,0,0,0,0,0,0,-6000,0,0,0,0,6000,-6000,-1179000
057969,緯穎國泰99購01  ,0,0,0,0,0,0,0,0,0,-1190000,0,0,0,38000,1228000,-1190000,-1190000
3702,大聯大          ,912206,2492897,-1580691,0,0,0,711000,4000,707000,-335000,17000,145000,-128000,0,207000,-207000,-1208691
2498,宏達電          ,1234000,3026087,-1792087,0,0,0,0,0,0,577000,130000,85000,45000,576000,44000,532000,-1215087
066254,南帝元大01購01  ,0,0,0,0,0,0,0,0,0,-1218000,0,0,0,86000,1304000,-1218000,-1218000
067311,欣興元大01購06  ,0,0,0,0,0,0,0,0,0,-1220000,0,0,0,10000,1230000,-1220000,-1220000
2614,東森            ,336000,1523000,-1187000,0,0,0,0,0,0,-39000,1000,0,1000,0,40000,-40000,-1226000
063584,南六國泰01購01  ,0,0,0,0,0,0,0,0,0,-1256000,0,0,0,31000,1287000,-1256000,-1256000
066198,華碩統一03購01  ,0,0,0,0,0,0,0,0,0,-1268000,0,0,0,166000,1434000,-1268000,-1268000
2332,友訊            ,2685000,4417000,-1732000,0,0,0,0,0,0,444000,40000,36000,4000,459000,19000,440000,-1288000
2903,遠百            ,234000,1608000,-1374000,0,0,0,0,0,0,50000,50000,0,50000,0,0,0,-1324000
062388,旭富國泰01購01  ,0,0,0,0,0,0,0,0,0,-1404000,0,0,0,31000,1435000,-1404000,-1404000
6239,力成            ,903732,2467000,-1563268,0,0,0,200000,76000,124000,12000,22000,0,22000,2000,12000,-10000,-1427268
08167P,台積電兆豐9B售04,0,0,0,0,0,0,0,0,0,-1477000,0,0,0,0,1477000,-1477000,-1477000
2489,瑞軒            ,1238000,2704000,-1466000,0,0,0,0,0,0,-14000,19000,33000,-14000,0,0,0,-1480000
06983P,台積電國泰9A售02,0,0,0,0,0,0,0,0,0,-1496000,0,0,0,0,1496000,-1496000,-1496000
061555,聯電國票9B購01  ,0,0,0,0,0,0,0,0,0,-1497000,0,0,0,1000,1498000,-1497000,-1497000
064444,聚陽統一01購02  ,0,0,0,0,0,0,0,0,0,-1520000,0,0,0,88000,1608000,-1520000,-1520000
1402,遠東新          ,2554798,4341000,-1786202,0,0,0,0,47000,-47000,192000,73000,2000,71000,189000,68000,121000,-1641202
2603,長榮            ,801971,2638436,-1836465,0,0,0,0,133000,-133000,212000,212000,0,212000,0,0,0,-1757465
00634R,富邦上証反1     ,201000,722000,-521000,0,0,0,0,0,0,-1237000,0,0,0,917000,2154000,-1237000,-1758000
2884,玉山金          ,8878708,10484263,-1605555,0,0,0,0,68000,-68000,-102580,10000,0,10000,0,112580,-112580,-1776135
061824,聯電麥證9B購01  ,0,0,0,43000,1855000,-1812000,0,0,0,-1812000,0,0,0,43000,1855000,-1812000,-1812000
3045,台灣大          ,905513,2864000,-1958487,0,0,0,177000,33000,144000,-57000,22000,79000,-57000,0,0,0,-1871487
00638R,元大滬深300反1  ,152000,1075000,-923000,0,0,0,0,0,0,-978000,0,0,0,1161000,2139000,-978000,-1901000
2002,中鋼            ,3308840,5124000,-1815160,0,0,0,0,141000,-141000,-3000,9000,12000,-3000,0,0,0,-1959160
2505,國揚            ,721000,2626441,-1905441,0,0,0,0,0,0,-86000,0,0,0,17000,103000,-86000,-1991441
2448,晶電            ,2192000,3246000,-1054000,0,0,0,0,932000,-932000,-187000,292000,467000,-175000,0,12000,-12000,-2173000
5880,合庫金          ,1316945,3443361,-2126416,0,0,0,0,88000,-88000,2000,2000,0,2000,0,0,0,-2212416
066932,京元電國票02購01,0,0,0,0,0,0,0,0,0,-2277000,0,0,0,14000,2291000,-2277000,-2277000
2449,京元電子        ,5082000,6744000,-1662000,0,0,0,0,246000,-246000,-487000,33000,284000,-251000,357000,593000,-236000,-2395000
1434,福懋            ,394700,2631000,-2236300,0,0,0,0,3000,-3000,-223000,1000,0,1000,0,224000,-224000,-2462300
2834,臺企銀          ,1687992,10054440,-8366448,0,0,0,0,50000,-50000,5560760,251000,0,251000,5310000,240,5309760,-2855688
057475,聯電元大9A購01  ,0,0,0,0,0,0,0,0,0,-3004000,0,0,0,212000,3216000,-3004000,-3004000
066009,創意統一02購02  ,0,0,0,0,0,0,0,0,0,-3161000,0,0,0,746000,3907000,-3161000,-3161000
2888,新光金          ,5095332,8107758,-3012426,0,0,0,0,130000,-130000,-42000,10000,8000,2000,102000,146000,-44000,-3184426
2887,台新金          ,1851022,5034299,-3183277,0,0,0,0,100000,-100000,57000,0,0,0,57000,0,57000,-3226277
9904,寶成            ,834964,4755000,-3920036,0,0,0,422000,22000,400000,-299000,1000,28000,-27000,17000,289000,-272000,-3819036
1102,亞泥            ,4219615,9779000,-5559385,0,0,0,1129000,26000,1103000,-138000,84000,4000,80000,0,218000,-218000,-4594385
2885,元大金          ,6530035,11165000,-4634965,0,0,0,50000,125000,-75000,50000,67000,0,67000,0,17000,-17000,-4659965
2344,華邦電          ,3710703,9288000,-5577297,0,0,0,0,0,0,-116000,196000,172000,24000,59000,199000,-140000,-5693297
3481,群創            ,13211232,18074985,-4863753,0,0,0,0,0,0,-886000,349000,111000,238000,434000,1558000,-1124000,-5749753
4938,和碩            ,2347458,8837000,-6489542,0,0,0,426000,50000,376000,-451000,0,334000,-334000,13000,130000,-117000,-6564542
2409,友達            ,4607852,11341000,-6733148,0,0,0,285000,0,285000,-1659000,223000,975000,-752000,328000,1235000,-907000,-8107148
2317,鴻海            ,19827479,35067936,-15240457,0,0,0,15000,58000,-43000,1560000,84000,695000,-611000,3083000,912000,2171000,-13723457
00878,國泰永續高股息  ,108000,6576000,-6468000,0,0,0,0,0,0,-33600000,0,0,0,567000,34167000,-33600000,-40068000
00677U,富邦VIX         ,7529000,34059000,-26530000,0,0,0,0,0,0,-53015000,0,728000,-728000,401000,52688000,-52287000,-79545000
