證券代號,證券名稱,外陸資買進股數(不含外資自營商),外陸資賣出股數(不含外資自營商),外陸資買賣超股數(不含外資自營商),外資自營商買進股數,外資自營商賣出股數,外資自營商買賣超股數,投信買進股數,投信賣出股數,投信買賣超股數,自營商買賣超股數,自營商買進股數(自行買賣),自營商賣出股數(自行買賣),自營商買賣超股數(自行買賣),自營商買進股數(避險),自營商賣出股數(避險),自營商買賣超股數(避險),三大法人買賣超股數
2303,聯電            ,65822750,69131762,-3309012,0,0,0,10742000,277000,10465000,11736000,12659000,1357000,11302000,2368000,1934000,434000,18891988
2330,台積電          ,56959442,38141561,18817881,0,0,0,349000,1903369,-1554369,864987,607000,578000,29000,1341987,506000,835987,18128499
3711,日月光投控      ,19085260,5434224,13651036,0,0,0,106000,86000,20000,1123000,613000,52000,561000,695000,133000,562000,14794036
2448,晶電            ,16306000,5864000,10442000,0,0,0,2180000,0,2180000,1000,556000,555000,1000,0,0,0,12623000
0050,元大台灣50      ,11385077,543000,10842077,0,0,0,0,30000,-30000,901000,0,0,0,5338000,4437000,901000,11713077
00876,元大未來關鍵科技,0,0,0,0,0,0,0,0,0,7230000,0,0,0,8436000,1206000,7230000,7230000
053856,台積電富邦98購01,0,0,0,0,0,0,0,0,0,6338000,0,0,0,6671000,333000,6338000,6338000
2327,國巨            ,7129257,1872664,5256593,0,0,0,78000,499,77501,692000,402000,91000,311000,444000,63000,381000,6026094
2884,玉山金          ,7424277,20821480,-13397203,0,0,0,0,90000,-90000,19252000,1320000,200000,1120000,18373000,241000,18132000,5764797
00850,元大臺灣ESG永續 ,1000,0,1000,0,0,0,0,0,0,5146000,0,0,0,5437000,291000,5146000,5147000
3231,緯創            ,9206610,6683184,2523426,0,0,0,2310000,22000,2288000,-334000,0,186000,-186000,60000,208000,-148000,4477426
2368,金像電          ,11414000,6632000,4782000,0,0,0,0,556000,-556000,189000,374000,213000,161000,194000,166000,28000,4415000
00861,元大全球未來通訊,1027000,83000,944000,0,0,0,0,0,0,3335000,0,0,0,4004000,669000,3335000,4279000
2409,友達            ,26996028,20108944,6887084,0,0,0,0,2286000,-2286000,-375000,53000,372000,-319000,647000,703000,-56000,4226084
3037,欣興            ,10629000,7500000,3129000,0,0,0,387000,27000,360000,701000,497000,118000,379000,527000,205000,322000,4190000
050077,臺股指凱基99購02,0,0,0,0,0,0,0,0,0,3901000,0,0,0,4106000,205000,3901000,3901000
2377,微星            ,5752470,2349536,3402934,0,0,0,235000,1000,234000,-62000,100000,182000,-82000,47000,27000,20000,3574934
2353,宏碁            ,8608033,4480696,4127337,0,0,0,0,18000,-18000,-587000,0,219000,-219000,45000,413000,-368000,3522337
2382,廣達            ,5153016,2783568,2369448,0,0,0,548000,23000,525000,627000,625000,42000,583000,68000,24000,44000,3521448
053564,台積電富邦99購01,0,0,0,0,0,0,0,0,0,3312000,0,0,0,3362000,50000,3312000,3312000
00669R,國泰美國道瓊反1 ,0,0,0,0,0,0,0,0,0,3010000,0,0,0,3559000,549000,3010000,3010000
1101,台泥            ,4207232,3010424,1196808,0,0,0,1640000,46982,1593018,135000,534000,344000,190000,19000,74000,-55000,2924826
6176,瑞儀            ,2181000,424000,1757000,0,0,0,744000,1000,743000,315000,382000,34000,348000,26000,59000,-33000,2815000
07032P,聯發科統一9C售02,0,0,0,0,0,0,0,0,0,2707000,0,0,0,3954000,1247000,2707000,2707000
6257,矽格            ,4311000,1425000,2886000,0,0,0,0,0,0,-463000,446000,466000,-20000,240000,683000,-443000,2423000
00692,富邦公司治理    ,10000,784000,-774000,0,0,0,0,0,0,3055000,0,0,0,4775000,1720000,3055000,2281000
08416P,T50反1元大9C售07,0,0,0,0,0,0,0,0,0,2269000,0,0,0,2269000,0,2269000,2269000
3042,晶技            ,3049000,1693000,1356000,0,0,0,1184000,300000,884000,-13000,200000,221000,-21000,44000,36000,8000,2227000
08227P,T50反1元大9B售09,0,0,0,0,0,0,0,0,0,2226000,0,0,0,2226000,0,2226000,2226000
3545,敦泰            ,2827000,724000,2103000,0,0,0,0,0,0,-1000,0,0,0,48000,49000,-1000,2102000
00638R,元大滬深300反1  ,135000,94000,41000,0,0,0,0,0,0,1955000,0,0,0,2298000,343000,1955000,1996000
4927,泰鼎-KY         ,3125000,978294,2146706,0,0,0,0,0,0,-155000,82000,66000,16000,16000,187000,-171000,1991706
00631L,元大台灣50正2   ,910000,221000,689000,0,0,0,0,0,0,1284000,78000,70000,8000,2508000,1232000,1276000,1973000
3698,隆達            ,2458000,548000,1910000,0,0,0,0,0,0,41000,52000,11000,41000,0,0,0,1951000
00634R,富邦上証反1     ,328000,134000,194000,0,0,0,0,0,0,1715000,0,0,0,1812000,97000,1715000,1909000
066852,矽格元大01購03  ,0,0,0,0,0,0,0,0,0,1877000,0,0,0,1995000,118000,1877000,1877000
08211P,台表科元富9B售03,0,0,0,0,0,0,0,0,0,1824000,0,0,0,2082000,258000,1824000,1824000
054633,臺股指凱基9A購02,0,0,0,0,0,0,0,0,0,1796000,0,0,0,1803000,7000,1796000,1796000
1904,正隆            ,2689000,929000,1760000,0,0,0,0,0,0,18000,0,0,0,19000,1000,18000,1778000
064361,旺宏統一01購06  ,0,0,0,0,0,0,0,0,0,1758000,0,0,0,1758000,0,1758000,1758000
060736,旺宏統一01購01  ,0,0,0,0,0,0,0,0,0,1733000,0,0,0,1733000,0,1733000,1733000
6278,台表科          ,7196000,3215300,3980700,0,0,0,288000,2140000,-1852000,-407000,229000,684000,-455000,110000,62000,48000,1721700
3023,信邦            ,2266000,769000,1497000,0,0,0,253000,3000,250000,-48000,10000,96000,-86000,65000,27000,38000,1699000
9958,世紀鋼          ,1885000,487000,1398000,0,0,0,0,0,0,292000,0,0,0,322000,30000,292000,1690000
2363,矽統            ,3053000,1383000,1670000,0,0,0,0,0,0,-10000,0,10000,-10000,0,0,0,1660000
2454,聯發科          ,5343517,4429701,913816,0,0,0,247000,45925,201075,464000,805000,337000,468000,122000,126000,-4000,1578891
03451B,臺股指凱基9C熊23,0,0,0,0,0,0,0,0,0,1575000,0,0,0,2014000,439000,1575000,1575000
3515,華擎            ,1591000,229000,1362000,0,0,0,20000,2000,18000,187000,41000,32000,9000,185000,7000,178000,1567000
3653,健策            ,1119000,333000,786000,0,0,0,636000,70000,566000,182000,104000,23000,81000,130000,29000,101000,1534000
058977,SGBR2X凱基03購01,0,0,0,0,0,0,0,0,0,1485000,0,0,0,1558000,73000,1485000,1485000
058920,SGBR2X元富99購06,0,0,0,0,0,0,0,0,0,1448000,0,0,0,1448000,0,1448000,1448000
055063,玉晶光永豐99購01,0,0,0,0,0,0,0,0,0,1417000,0,0,0,2403000,986000,1417000,1417000
066932,京元電國票02購01,0,0,0,0,0,0,0,0,0,1353000,0,0,0,1572000,219000,1353000,1353000
058209,臺股指凱基01購01,0,0,0,0,0,0,0,0,0,1278000,0,0,0,1621000,343000,1278000,1278000
08638P,泰碩國票9C售01  ,0,0,0,0,0,0,0,0,0,1267000,0,0,0,1360000,93000,1267000,1267000
08464P,牧德永豐9C售02  ,0,0,0,0,0,0,0,0,0,1264000,0,0,0,1570000,306000,1264000,1264000
00671R,富邦NASDAQ反1   ,25000,5000,20000,0,0,0,0,0,0,1218000,0,0,0,1959000,741000,1218000,1238000
054471,T50反1中信9C購01,0,0,0,0,0,0,0,0,0,1236000,0,0,0,1833000,597000,1236000,1236000
067508,奇鋐統一03購01  ,0,0,0,0,0,0,0,0,0,1229000,0,0,0,1314000,85000,1229000,1229000
07792P,牧德元大9A售04  ,0,0,0,0,0,0,0,0,0,1212000,0,0,0,1532000,320000,1212000,1212000
6282,康舒            ,1718000,498000,1220000,0,0,0,0,0,0,-8000,3000,10000,-7000,47000,48000,-1000,1212000
058896,中環元大99購03  ,0,0,0,0,0,0,0,0,0,1200000,0,0,0,1200000,0,1200000,1200000
08161P,台表科元富9B售02,0,0,0,0,0,0,0,0,0,1198000,0,0,0,1733000,535000,1198000,1198000
2347,聯強            ,1737929,759008,978921,0,0,0,479000,0,479000,-270000,1000,272000,-271000,11000,10000,1000,1187921
065678,聯發科統一01購07,0,0,0,0,0,0,0,0,0,1164000,0,0,0,2524000,1360000,1164000,1164000
2375,凱美            ,1462000,219000,1243000,0,0,0,0,0,0,-84000,29000,0,29000,0,113000,-113000,1159000
051849,旺宏中信98購01  ,0,0,0,0,0,0,0,0,0,1112000,0,0,0,1302000,190000,1112000,1112000
067214,聯陽元大01購02  ,0,0,0,0,0,0,0,0,0,1109000,0,0,0,1486000,377000,1109000,1109000
066941,滬深2X元大03購01,0,0,0,0,0,0,0,0,0,1071000,0,0,0,1121000,50000,1071000,1071000
00708L,元大S&P黃金正2  ,31000,340000,-309000,0,0,0,0,0,0,1359000,0,0,0,5215000,3856000,1359000,1050000
062359,旺宏元大9C購02  ,0,0,0,0,0,0,0,0,0,1042000,0,0,0,1077000,35000,1042000,1042000
062819,奇鋐兆豐9B購01  ,0,0,0,0,0,0,0,0,0,1024000,0,0,0,1136000,112000,1024000,1024000
2458,義隆            ,2226060,1668000,558060,0,0,0,372000,121000,251000,212000,173000,108000,65000,241000,94000,147000,1021060
07750P,台表科凱基9A售04,0,0,0,0,0,0,0,0,0,998000,0,0,0,998000,0,998000,998000
07962P,聯詠中信05售03  ,0,0,0,0,0,0,0,0,0,998000,0,0,0,998000,0,998000,998000
6443,元晶            ,1007000,30000,977000,0,0,0,0,0,0,20000,20000,0,20000,0,0,0,997000
07060P,台表科國票9A售01,0,0,0,0,0,0,0,0,0,990000,0,0,0,1400000,410000,990000,990000
07100P,華航元大99售01  ,0,0,0,0,0,0,0,0,0,989000,0,0,0,989000,0,989000,989000
08758P,上証2X元大01售02,0,0,0,0,0,0,0,0,0,989000,0,0,0,999000,10000,989000,989000
066892,台積電兆豐03購01,0,0,0,0,0,0,0,0,0,976000,0,0,0,1080000,104000,976000,976000
059326,康友元大99購01  ,0,0,0,0,0,0,0,0,0,968000,0,0,0,1031000,63000,968000,968000
064257,台勝科國泰01購01,0,0,0,0,0,0,0,0,0,954000,0,0,0,988000,34000,954000,954000
08682P,鴻海凱基01售06  ,0,0,0,0,0,0,0,0,0,942000,0,0,0,975000,33000,942000,942000
06392P,T50反1元大9A售01,0,0,0,0,0,0,0,0,0,936000,0,0,0,936000,0,936000,936000
07042P,T50反1元大9C售02,0,0,0,0,0,0,0,0,0,930000,0,0,0,930000,0,930000,930000
07503P,禾伸堂元大9A售01,0,0,0,0,0,0,0,0,0,930000,0,0,0,930000,0,930000,930000
00636,國泰中國A50     ,134000,6000,128000,0,0,0,0,0,0,798000,50000,0,50000,870000,122000,748000,926000
07041P,T50反1元大9C售01,0,0,0,0,0,0,0,0,0,917000,0,0,0,917000,0,917000,917000
08955P,台灣50凱基04售09,0,0,0,0,0,0,0,0,0,913000,0,0,0,1002000,89000,913000,913000
08491P,全新元大9C售01  ,0,0,0,0,0,0,0,0,0,902000,0,0,0,905000,3000,902000,902000
058919,SGBR2X元富99購05,0,0,0,0,0,0,0,0,0,898000,0,0,0,998000,100000,898000,898000
05755P,臺股指中信99售04,0,0,0,0,0,0,0,0,0,897000,0,0,0,1192000,295000,897000,897000
059074,元油2X元大9C購15,0,0,0,0,0,0,0,0,0,892000,0,0,0,1497000,605000,892000,892000
066775,智原富邦03購01  ,0,0,0,0,0,0,0,0,0,868000,0,0,0,1038000,170000,868000,868000
2603,長榮            ,3007675,1789376,1218299,0,0,0,0,8000,-8000,-346000,252000,601000,-349000,3000,0,3000,864299
05830P,滬深2X元富99售03,0,0,0,0,0,0,0,0,0,862000,0,0,0,1422000,560000,862000,862000
3576,聯合再生        ,2980000,2078000,902000,0,0,0,0,0,0,-50000,0,50000,-50000,0,0,0,852000
07719P,臺股指群益9A售08,0,0,0,0,0,0,0,0,0,849000,0,0,0,849000,0,849000,849000
3443,創意            ,1420810,616000,804810,0,0,0,58000,0,58000,-16000,68000,69000,-1000,14000,29000,-15000,846810
06529P,貿聯富邦99售03  ,0,0,0,0,0,0,0,0,0,844000,0,0,0,1104000,260000,844000,844000
057848,台表科永豐98購02,0,0,0,0,0,0,0,0,0,836000,0,0,0,876000,40000,836000,836000
065529,聯發科中信01購04,0,0,0,0,0,0,0,0,0,835000,0,0,0,1850000,1015000,835000,835000
066869,聯發科元富07購02,0,0,0,0,0,0,0,0,0,828000,0,0,0,1536000,708000,828000,828000
058443,T50正2富邦01購01,0,0,0,0,0,0,0,0,0,826000,0,0,0,982000,156000,826000,826000
057555,玉晶光凱基9A購02,0,0,0,0,0,0,0,0,0,824000,0,0,0,2049000,1225000,824000,824000
07000P,T50反1元大99售03,0,0,0,0,0,0,0,0,0,817000,0,0,0,890000,73000,817000,817000
054860,台積電群益98購01,0,0,0,0,0,0,0,0,0,803000,0,0,0,803000,0,803000,803000
067011,嘉基永豐01購03  ,0,0,0,0,0,0,0,0,0,800000,0,0,0,801000,1000,800000,800000
063548,同欣電兆豐9B購01,0,0,0,0,0,0,0,0,0,794000,0,0,0,1012000,218000,794000,794000
08516P,技嘉群益01售02  ,0,0,0,0,0,0,0,0,0,792000,0,0,0,991000,199000,792000,792000
067513,南六統一01購04  ,0,0,0,0,0,0,0,0,0,778000,0,0,0,843000,65000,778000,778000
03688C,T50反1凱基03牛02,0,0,0,0,0,0,0,0,0,777000,0,0,0,1278000,501000,777000,777000
065044,大立光凱基9C購06,0,0,0,0,0,0,0,0,0,777000,0,0,0,810000,33000,777000,777000
066883,聯發科永豐01購01,0,0,0,0,0,0,0,0,0,775000,0,0,0,788000,13000,775000,775000
067309,欣興元大01購04  ,0,0,0,0,0,0,0,0,0,772000,0,0,0,1222000,450000,772000,772000
07149P,健鼎元大99售03  ,0,0,0,0,0,0,0,0,0,770000,0,0,0,790000,20000,770000,770000
3024,憶聲            ,896000,127000,769000,0,0,0,0,0,0,0,0,0,0,0,0,0,769000
066688,台積電元富07購01,50000,0,50000,0,0,0,0,0,0,714000,0,0,0,900000,186000,714000,764000
065816,聯發科元富03購07,0,0,0,0,0,0,0,0,0,764000,0,0,0,959000,195000,764000,764000
067077,智原元大01購04  ,0,0,0,0,0,0,0,0,0,760000,0,0,0,1104000,344000,760000,760000
066272,聯陽元大01購01  ,0,0,0,0,0,0,0,0,0,758000,0,0,0,925000,167000,758000,758000
067147,台積電統一04購01,0,0,0,0,0,0,0,0,0,754000,0,0,0,871000,117000,754000,754000
065933,鴻海群益01購06  ,0,0,0,0,0,0,0,0,0,748000,0,0,0,759000,11000,748000,748000
064976,景碩元大9C購01  ,0,0,0,0,0,0,0,0,0,737000,0,0,0,827000,90000,737000,737000
066819,樺漢兆豐01購01  ,0,0,0,0,0,0,0,0,0,736000,0,0,0,741000,5000,736000,736000
03448B,臺股指元大9C熊11,0,0,0,0,0,0,0,0,0,724000,0,0,0,784000,60000,724000,724000
067310,欣興元大01購05  ,0,0,0,0,0,0,0,0,0,723000,0,0,0,1343000,620000,723000,723000
055976,台積電統一99購03,0,0,0,0,0,0,0,0,0,717000,0,0,0,746000,29000,717000,717000
065297,旺宏統一02購01  ,0,0,0,0,0,0,0,0,0,711000,0,0,0,731000,20000,711000,711000
060915,旭富元大9A購01  ,0,0,0,0,0,0,0,0,0,709000,0,0,0,799000,90000,709000,709000
063584,南六國泰01購01  ,0,0,0,0,0,0,0,0,0,707000,0,0,0,732000,25000,707000,707000
08710P,鴻海元富07售03  ,0,0,0,0,0,0,0,0,0,706000,0,0,0,878000,172000,706000,706000
064205,台灣50凱基01購14,0,0,0,0,0,0,0,0,0,703000,0,0,0,748000,45000,703000,703000
065340,旺宏統一9C購04  ,0,0,0,0,0,0,0,0,0,703000,0,0,0,727000,24000,703000,703000
08584P,立積群益9C售02  ,0,0,0,0,0,0,0,0,0,699000,0,0,0,1103000,404000,699000,699000
066229,力山富邦04購01  ,0,0,0,0,0,0,0,0,0,697000,0,0,0,777000,80000,697000,697000
065961,東元元大04購01  ,0,0,0,0,0,0,0,0,0,695000,0,0,0,763000,68000,695000,695000
07148P,富邦金元大99售01,0,0,0,0,0,0,0,0,0,688000,0,0,0,689000,1000,688000,688000
051277,聯發科中信9A購01,0,0,0,0,0,0,0,0,0,688000,0,0,0,688000,0,688000,688000
2492,華新科          ,1280219,783664,496555,0,0,0,0,76000,-76000,248000,173000,109000,64000,239000,55000,184000,668555
065531,聯電統一01購01  ,0,0,0,0,0,0,0,0,0,663000,0,0,0,663000,0,663000,663000
08657P,牧德群益9C售02  ,0,0,0,0,0,0,0,0,0,662000,0,0,0,987000,325000,662000,662000
08615P,同欣電統一9C售02,0,0,0,0,0,0,0,0,0,656000,0,0,0,656000,0,656000,656000
067735,聯電元大03購01  ,0,0,0,0,0,0,0,0,0,656000,0,0,0,1116000,460000,656000,656000
065849,景碩元大9C購03  ,0,0,0,0,0,0,0,0,0,652000,0,0,0,686000,34000,652000,652000
061706,旭富國票9A購02  ,0,0,0,0,0,0,0,0,0,651000,0,0,0,939000,288000,651000,651000
064438,大立光凱基01購03,0,0,0,0,0,0,0,0,0,646000,0,0,0,650000,4000,646000,646000
061593,智原永豐9A購01  ,0,0,0,0,0,0,0,0,0,645000,0,0,0,774000,129000,645000,645000
058723,元石油國泰9A購01,0,0,0,0,0,0,0,0,0,643000,0,0,0,643000,0,643000,643000
063262,南六富邦9C購01  ,0,0,0,0,0,0,0,0,0,641000,0,0,0,641000,0,641000,641000
066459,智原統一01購01  ,0,0,0,0,0,0,0,0,0,639000,0,0,0,1020000,381000,639000,639000
067003,聯發科永豐01購02,0,0,0,0,0,0,0,0,0,636000,0,0,0,849000,213000,636000,636000
064719,聯發科統一02購01,0,0,0,0,0,0,0,0,0,636000,0,0,0,754000,118000,636000,636000
063936,道瓊反元大9C購02,0,0,0,0,0,0,0,0,0,626000,0,0,0,626000,0,626000,626000
064517,國巨群益02購01  ,0,0,0,0,0,0,0,0,0,624000,0,0,0,635000,11000,624000,624000
8021,尖點            ,1445000,759000,686000,0,0,0,0,0,0,-66000,0,66000,-66000,0,0,0,620000
08600P,臺股指元大9C售32,0,0,0,0,0,0,0,0,0,619000,0,0,0,620000,1000,619000,619000
3029,零壹            ,751000,142000,609000,0,0,0,0,0,0,5000,6000,1000,5000,0,0,0,614000
055519,茂林中信99購01  ,0,0,0,0,0,0,0,0,0,613000,0,0,0,693000,80000,613000,613000
064887,嘉晶中信9C購02  ,0,0,0,0,0,0,0,0,0,613000,0,0,0,613000,0,613000,613000
2376,技嘉            ,3192000,2624000,568000,0,0,0,875000,1254000,-379000,422000,650000,322000,328000,156000,62000,94000,611000
6251,定穎            ,995000,958000,37000,0,0,0,500000,0,500000,71000,130000,59000,71000,0,0,0,608000
060745,京元電國票9A購01,0,0,0,0,0,0,0,0,0,605000,0,0,0,653000,48000,605000,605000
08393P,鴻海群益9C售05  ,0,0,0,0,0,0,0,0,0,603000,0,0,0,669000,66000,603000,603000
060234,凱美元大9C購01  ,0,0,0,0,0,0,0,0,0,603000,0,0,0,774000,171000,603000,603000
067494,日月光元大01購03,0,0,0,0,0,0,0,0,0,600000,0,0,0,1254000,654000,600000,600000
08730P,緯穎永豐01售02  ,0,0,0,0,0,0,0,0,0,599000,0,0,0,619000,20000,599000,599000
6269,台郡            ,1260000,705000,555000,0,0,0,74000,37000,37000,3000,72000,95000,-23000,44000,18000,26000,595000
067068,台積電元大01購21,0,0,0,0,0,0,0,0,0,593000,0,0,0,611000,18000,593000,593000
07294P,滬深2X元富9C售08,0,0,0,0,0,0,0,0,0,589000,0,0,0,596000,7000,589000,589000
054406,旺宏國票98購01  ,0,0,0,0,0,0,0,0,0,589000,0,0,0,589000,0,589000,589000
05644P,大立光中信9A售03,0,0,0,0,0,0,0,0,0,582000,0,0,0,912000,330000,582000,582000
063231,台泥元大9B購01  ,0,0,0,0,0,0,0,0,0,578000,0,0,0,725000,147000,578000,578000
3450,聯鈞            ,1156000,412000,744000,0,0,0,0,0,0,-167000,0,73000,-73000,19000,113000,-94000,577000
066828,聯發科群益02購05,0,0,0,0,0,0,0,0,0,576000,0,0,0,770000,194000,576000,576000
066414,鴻海元大01購07  ,0,0,0,0,0,0,0,0,0,575000,0,0,0,584000,9000,575000,575000
057393,台積電中信02購01,0,0,0,0,0,0,0,0,0,574000,0,0,0,598000,24000,574000,574000
067267,台積電富邦05購03,0,0,0,0,0,0,0,0,0,571000,0,0,0,593000,22000,571000,571000
067185,宏達電凱基02購01,0,0,0,0,0,0,0,0,0,570000,0,0,0,934000,364000,570000,570000
066274,景碩元大01購02  ,0,0,0,0,0,0,0,0,0,570000,0,0,0,875000,305000,570000,570000
08118P,嘉澤元富9B售02  ,0,0,0,0,0,0,0,0,0,565000,0,0,0,580000,15000,565000,565000
063931,牧德統一01購02  ,0,0,0,0,0,0,0,0,0,560000,0,0,0,560000,0,560000,560000
063383,億豐永豐9B購02  ,0,0,0,0,0,0,0,0,0,557000,0,0,0,565000,8000,557000,557000
057982,帆宣永豐98購01  ,0,0,0,0,0,0,0,0,0,556000,0,0,0,658000,102000,556000,556000
020012,富邦行動通訊N   ,0,0,0,0,0,0,0,0,0,546000,0,0,0,647000,101000,546000,546000
1762,中化生          ,910000,372000,538000,0,0,0,0,0,0,6000,0,0,0,6000,0,6000,544000
066906,聯發科凱基03購03,0,0,0,0,0,0,0,0,0,541000,0,0,0,602000,61000,541000,541000
059242,南亞科凱基99購06,0,0,0,0,0,0,0,0,0,541000,0,0,0,541000,0,541000,541000
066816,泰鼎兆豐03購01  ,0,0,0,0,0,0,0,0,0,538000,0,0,0,558000,20000,538000,538000
4919,新唐            ,637000,256000,381000,0,0,0,0,1000,-1000,157000,8000,1000,7000,160000,10000,150000,537000
060404,台勝科國泰9B購01,0,0,0,0,0,0,0,0,0,528000,0,0,0,628000,100000,528000,528000
066850,鎧勝元大01購03  ,0,0,0,0,0,0,0,0,0,528000,0,0,0,592000,64000,528000,528000
065951,聯發科統一01購08,0,0,0,0,0,0,0,0,0,528000,0,0,0,657000,129000,528000,528000
3708,上緯投控        ,712000,391000,321000,0,0,0,15000,0,15000,189000,51000,1000,50000,143000,4000,139000,525000
065566,裕隆群益9C購02  ,0,0,0,0,0,0,0,0,0,508000,0,0,0,508000,0,508000,508000
067327,聯詠康和01購01  ,0,0,0,0,0,0,0,0,0,507000,0,0,0,798000,291000,507000,507000
5434,崇越            ,974000,501000,473000,0,0,0,1000,0,1000,32000,6000,2000,4000,35000,7000,28000,506000
00675L,富邦臺灣加權正2 ,451000,123000,328000,0,0,0,0,0,0,172000,0,0,0,289000,117000,172000,500000
052491,泰碩國票99購01  ,0,0,0,0,0,0,0,0,0,500000,0,0,0,500000,0,500000,500000
060176,T50反1元富04購03,0,0,0,0,0,0,0,0,0,500000,0,0,0,500000,0,500000,500000
066202,大立光統一02購07,0,0,0,0,0,0,0,0,0,500000,0,0,0,500000,0,500000,500000
2379,瑞昱            ,1481336,1123940,357396,0,0,0,37000,7595,29405,113000,80000,21000,59000,56000,2000,54000,499801
08031P,臺股指元大9B售38,0,0,0,0,0,0,0,0,0,499000,0,0,0,499000,0,499000,499000
07822P,滬深2X元大9A售09,0,0,0,0,0,0,0,0,0,499000,0,0,0,499000,0,499000,499000
058225,旺宏元富99購01  ,0,0,0,0,0,0,0,0,0,499000,0,0,0,499000,0,499000,499000
058916,SGBR2X元富99購02,0,0,0,0,0,0,0,0,0,499000,0,0,0,499000,0,499000,499000
065279,T50反1群益9C購03,0,0,0,0,0,0,0,0,0,498000,0,0,0,1611000,1113000,498000,498000
08299P,玉晶光國票02售01,0,0,0,0,0,0,0,0,0,497000,0,0,0,986000,489000,497000,497000
067600,台積電凱基01購15,0,0,0,0,0,0,0,0,0,495000,0,0,0,520000,25000,495000,495000
058105,旺宏統一9A購02  ,0,0,0,0,0,0,0,0,0,494000,0,0,0,621000,127000,494000,494000
08404P,技嘉元大9C售02  ,0,0,0,0,0,0,0,0,0,493000,0,0,0,702000,209000,493000,493000
060120,聯電富邦9B購01  ,0,0,0,0,0,0,0,0,0,493000,0,0,0,493000,0,493000,493000
08798P,聯發科國票01售03,0,0,0,0,0,0,0,0,0,490000,0,0,0,490000,0,490000,490000
067666,國巨元大02購03  ,0,0,0,0,0,0,0,0,0,489000,0,0,0,815000,326000,489000,489000
065055,臺股指凱基02購04,0,0,0,0,0,0,0,0,0,489000,0,0,0,1067000,578000,489000,489000
08158P,嘉澤元富9B售03  ,0,0,0,0,0,0,0,0,0,488000,0,0,0,529000,41000,488000,488000
064238,玉晶光統一01購08,0,0,0,0,0,0,0,0,0,486000,0,0,0,1309000,823000,486000,486000
061087,國巨統一01購04  ,0,0,0,0,0,0,0,0,0,485000,0,0,0,539000,54000,485000,485000
064261,力山永豐9C購01  ,0,0,0,0,0,0,0,0,0,485000,0,0,0,552000,67000,485000,485000
058546,玉晶光富邦9B購01,0,0,0,0,0,0,0,0,0,484000,0,0,0,506000,22000,484000,484000
1789,神隆            ,1165000,709000,456000,0,0,0,0,0,0,28000,0,4000,-4000,53000,21000,32000,484000
06935P,神達元大98售02  ,0,0,0,0,0,0,0,0,0,480000,0,0,0,500000,20000,480000,480000
07838P,泰碩元大9A售04  ,0,0,0,0,0,0,0,0,0,479000,0,0,0,842000,363000,479000,479000
064244,GIS統一02購01   ,0,0,0,0,0,0,0,0,0,477000,0,0,0,1344000,867000,477000,477000
063492,台積電富邦02購02,0,0,0,0,0,0,0,0,0,475000,0,0,0,567000,92000,475000,475000
057282,大立光元大99購06,0,0,0,0,0,0,0,0,0,471000,0,0,0,524000,53000,471000,471000
054527,國巨統一97購03  ,0,0,0,0,0,0,0,0,0,465000,0,0,0,465000,0,465000,465000
066128,台積電群益02購01,0,0,0,0,0,0,0,0,0,465000,0,0,0,516000,51000,465000,465000
08567P,台勝科群益9C售01,0,0,0,0,0,0,0,0,0,459000,0,0,0,499000,40000,459000,459000
08214P,南六統一9B售03  ,0,0,0,0,0,0,0,0,0,458000,0,0,0,761000,303000,458000,458000
062049,亞德客統一01購01,0,0,0,0,0,0,0,0,0,454000,0,0,0,478000,24000,454000,454000
065984,緯創富邦03購01  ,0,0,0,0,0,0,0,0,0,454000,0,0,0,546000,92000,454000,454000
3257,虹冠電          ,899000,561000,338000,0,0,0,0,0,0,115000,115000,0,115000,0,0,0,453000
066735,智原元大01購03  ,0,0,0,0,0,0,0,0,0,452000,0,0,0,531000,79000,452000,452000
067298,台積電元大02購04,0,0,0,0,0,0,0,0,0,451000,0,0,0,488000,37000,451000,451000
064796,緯穎國票01購01  ,0,0,0,0,0,0,0,0,0,450000,0,0,0,499000,49000,450000,450000
065727,冠德凱基9C購01  ,0,1000,-1000,0,0,0,0,0,0,446000,0,0,0,448000,2000,446000,445000
058435,旺宏統一9B購02  ,0,0,0,0,0,0,0,0,0,441000,0,0,0,499000,58000,441000,441000
065355,聯發科元富03購05,0,0,0,0,0,0,0,0,0,441000,0,0,0,500000,59000,441000,441000
2421,建準            ,721000,249000,472000,0,0,0,0,0,0,-32000,0,15000,-15000,26000,43000,-17000,440000
054472,道瓊反中信9A購01,0,0,0,0,0,0,0,0,0,438000,0,0,0,680000,242000,438000,438000
058779,大立光國票9A購02,0,0,0,0,0,0,0,0,0,438000,0,0,0,464000,26000,438000,438000
06832P,玉晶光凱基98售03,0,0,0,0,0,0,0,0,0,436000,0,0,0,436000,0,436000,436000
08316P,祥碩元大9C售04  ,0,0,0,0,0,0,0,0,0,436000,0,0,0,1127000,691000,436000,436000
08153P,台表科統一9B售01,0,0,0,0,0,0,0,0,0,436000,0,0,0,460000,24000,436000,436000
060162,碩天永豐9A購01  ,0,0,0,0,0,0,0,0,0,436000,0,0,0,436000,0,436000,436000
08469P,富邦金凱基9C售01,0,0,0,0,0,0,0,0,0,435000,0,0,0,485000,50000,435000,435000
067458,台積電永豐01購02,0,0,0,0,0,0,0,0,0,434000,0,0,0,465000,31000,434000,434000
063435,儒鴻統一01購02  ,0,0,0,0,0,0,0,0,0,433000,0,0,0,545000,112000,433000,433000
3094,聯傑            ,549000,118000,431000,0,0,0,0,0,0,0,0,0,0,0,0,0,431000
048105,滬深2X群益99購02,0,0,0,0,0,0,0,0,0,430000,0,0,0,430000,0,430000,430000
065220,義隆富邦01購02  ,0,30000,-30000,0,0,0,0,0,0,460000,0,0,0,493000,33000,460000,430000
067009,樺漢永豐01購01  ,0,0,0,0,0,0,0,0,0,428000,0,0,0,496000,68000,428000,428000
065817,聯發科元富03購08,0,0,0,0,0,0,0,0,0,426000,0,0,0,614000,188000,426000,426000
058811,台積電統一9A購05,0,0,0,0,0,0,0,0,0,422000,0,0,0,422000,0,422000,422000
08360P,國巨國泰02售01  ,0,0,0,0,0,0,0,0,0,421000,0,0,0,826000,405000,421000,421000
08576P,嘉澤凱基9C售03  ,0,0,0,0,0,0,0,0,0,415000,0,0,0,430000,15000,415000,415000
064885,T50反1中信04購01,0,0,0,0,0,0,0,0,0,415000,0,0,0,530000,115000,415000,415000
3533,嘉澤            ,639000,289000,350000,0,0,0,150000,136000,14000,51000,62000,39000,23000,29000,1000,28000,415000
063380,台表科永豐9B購03,0,0,0,0,0,0,0,0,0,412000,0,0,0,423000,11000,412000,412000
1760,寶齡富錦        ,1104000,692000,412000,0,0,0,0,0,0,0,0,0,0,0,0,0,412000
067106,義隆群益01購01  ,0,0,0,0,0,0,0,0,0,411000,0,0,0,631000,220000,411000,411000
065251,宏達電國泰02購01,0,0,0,0,0,0,0,0,0,411000,0,0,0,516000,105000,411000,411000
058149,百和元大99購02  ,0,0,0,0,0,0,0,0,0,409000,0,0,0,409000,0,409000,409000
07285P,上証2X群益01售02,0,0,0,0,0,0,0,0,0,408000,0,0,0,608000,200000,408000,408000
067894,玉晶光群益02購08,0,0,0,0,0,0,0,0,0,407000,0,0,0,434000,27000,407000,407000
03019P,全新群益01售01  ,0,0,0,0,0,0,0,0,0,407000,0,0,0,520000,113000,407000,407000
066294,嘉基元大01購01  ,0,0,0,0,0,0,0,0,0,406000,0,0,0,438000,32000,406000,406000
059938,凱美永豐99購01  ,0,0,0,0,0,0,0,0,0,404000,0,0,0,441000,37000,404000,404000
061780,國巨群益9C購01  ,0,0,0,0,0,0,0,0,0,404000,0,0,0,536000,132000,404000,404000
066675,滬深2X兆豐03購01,0,0,0,0,0,0,0,0,0,404000,0,0,0,522000,118000,404000,404000
4108,懷特            ,803000,399000,404000,0,0,0,0,0,0,0,0,0,0,0,0,0,404000
067311,欣興元大01購06  ,16000,0,16000,0,0,0,0,0,0,387000,0,0,0,1198000,811000,387000,403000
064384,聯電富邦01購01  ,0,0,0,0,0,0,0,0,0,403000,0,0,0,803000,400000,403000,403000
064680,創意兆豐01購01  ,0,0,0,0,0,0,0,0,0,402000,0,0,0,443000,41000,402000,402000
06532P,友達元富98售04  ,0,0,0,0,0,0,0,0,0,401000,0,0,0,401000,0,401000,401000
066285,松翰元大01購02  ,0,0,0,0,0,0,0,0,0,401000,0,0,0,425000,24000,401000,401000
064156,大立光統一01購06,0,0,0,0,0,0,0,0,0,399000,0,0,0,400000,1000,399000,399000
08095P,大立光元富9B售03,0,0,0,0,0,0,0,0,0,398000,0,0,0,879000,481000,398000,398000
065780,國巨富邦03購02  ,0,0,0,0,0,0,0,0,0,398000,0,0,0,872000,474000,398000,398000
066493,美利達元富01購01,0,0,0,0,0,0,0,0,0,397000,0,0,0,456000,59000,397000,397000
08715P,創意元富07售02  ,0,0,0,0,0,0,0,0,0,395000,0,0,0,438000,43000,395000,395000
062630,全新國票9B購02  ,0,0,0,0,0,0,0,0,0,395000,0,0,0,422000,27000,395000,395000
067638,台積電統一03購02,0,0,0,0,0,0,0,0,0,392000,0,0,0,712000,320000,392000,392000
064387,GIS富邦9C購01   ,0,0,0,0,0,0,0,0,0,392000,0,0,0,468000,76000,392000,392000
066228,嘉基國泰02購01  ,0,0,0,0,0,0,0,0,0,391000,0,0,0,419000,28000,391000,391000
066998,訊芯國泰03購01  ,0,0,0,0,0,0,0,0,0,388000,0,0,0,500000,112000,388000,388000
07989P,玉晶光凱基9B售07,0,0,0,0,0,0,0,0,0,388000,0,0,0,388000,0,388000,388000
3189,景碩            ,2121000,1451000,670000,0,0,0,0,0,0,-282000,108000,219000,-111000,25000,196000,-171000,388000
08454P,台灣50凱基9C售12,0,0,0,0,0,0,0,0,0,385000,0,0,0,585000,200000,385000,385000
065746,光寶科元大9C購01,0,0,0,0,0,0,0,0,0,385000,0,0,0,400000,15000,385000,385000
06922P,元上證群益9C售01,0,0,0,0,0,0,0,0,0,384000,0,0,0,384000,0,384000,384000
07836P,大成鋼元大9A售01,0,0,0,0,0,0,0,0,0,383000,0,0,0,766000,383000,383000,383000
067087,帆宣元大01購03  ,0,0,0,0,0,0,0,0,0,382000,0,0,0,633000,251000,382000,382000
067084,泰鼎元大01購02  ,0,0,0,0,0,0,0,0,0,380000,0,0,0,404000,24000,380000,380000
056829,台積電富邦9A購01,0,0,0,0,0,0,0,0,0,380000,0,0,0,480000,100000,380000,380000
03449B,臺股指元大01熊01,0,0,0,0,0,0,0,0,0,379000,0,0,0,734000,355000,379000,379000
058732,矽格永豐99購01  ,0,0,0,0,0,0,0,0,0,378000,0,0,0,522000,144000,378000,378000
065884,智原元富9C購02  ,0,0,0,0,0,0,0,0,0,377000,0,0,0,406000,29000,377000,377000
6165,捷泰            ,424000,49000,375000,0,0,0,0,0,0,0,0,0,0,0,0,0,375000
3209,全科            ,931000,561000,370000,0,0,0,0,0,0,0,0,0,0,0,0,0,370000
066908,聯發科凱基03購05,0,0,0,0,0,0,0,0,0,368000,0,0,0,451000,83000,368000,368000
065718,健策中信9C購02  ,0,0,0,0,0,0,0,0,0,368000,0,0,0,372000,4000,368000,368000
063169,台汽電永豐9B購01,0,0,0,0,0,0,0,0,0,366000,0,0,0,370000,4000,366000,366000
065711,矽格群益9C購02  ,0,0,0,0,0,0,0,0,0,365000,0,0,0,377000,12000,365000,365000
04023P,臺股指元富99售02,0,0,0,0,0,0,0,0,0,364000,364000,0,364000,0,0,0,364000
064613,聯電元大9C購05  ,0,0,0,0,0,0,0,0,0,363000,0,0,0,373000,10000,363000,363000
057694,臺股指凱基98購12,0,0,0,0,0,0,0,0,0,361000,0,0,0,535000,174000,361000,361000
057564,台積電富邦9B購03,0,0,0,0,0,0,0,0,0,360000,0,0,0,425000,65000,360000,360000
066767,敦泰永豐01購02  ,0,0,0,0,0,0,0,0,0,357000,0,0,0,486000,129000,357000,357000
068089,T50反1群益01購08,0,0,0,0,0,0,0,0,0,356000,0,0,0,450000,94000,356000,356000
06783P,亞光元大98售03  ,0,0,0,0,0,0,0,0,0,355000,0,0,0,355000,0,355000,355000
063229,台表科群益9B購04,0,0,0,0,0,0,0,0,0,353000,0,0,0,363000,10000,353000,353000
1731,美吾華          ,576000,222000,354000,0,0,0,0,0,0,-1000,0,1000,-1000,0,0,0,353000
066052,景碩元大02購01  ,0,0,0,0,0,0,0,0,0,352000,0,0,0,386000,34000,352000,352000
08493P,嘉澤元大9C售01  ,0,0,0,0,0,0,0,0,0,350000,0,0,0,380000,30000,350000,350000
060314,元翎永豐9A購01  ,0,0,0,0,0,0,0,0,0,350000,0,0,0,370000,20000,350000,350000
066769,嘉基永豐01購02  ,0,0,0,0,0,0,0,0,0,348000,0,0,0,416000,68000,348000,348000
057730,聯鈞國泰9A購01  ,0,0,0,0,0,0,0,0,0,345000,0,0,0,350000,5000,345000,345000
066704,創意群益01購02  ,0,0,0,0,0,0,0,0,0,341000,0,0,0,414000,73000,341000,341000
056352,鴻海元大99購01  ,0,0,0,0,0,0,0,0,0,340000,0,0,0,450000,110000,340000,340000
061350,牧德元大9B購03  ,0,0,0,0,0,0,0,0,0,340000,0,0,0,350000,10000,340000,340000
067046,聯發科凱基04購01,0,0,0,0,0,0,0,0,0,339000,0,0,0,947000,608000,339000,339000
065882,景碩台新9C購03  ,0,0,0,0,0,0,0,0,0,338000,0,0,0,444000,106000,338000,338000
00648R,元大S&P500反1   ,0,0,0,0,0,0,0,0,0,337000,0,0,0,444000,107000,337000,337000
08060P,嘉澤元大9B售01  ,0,0,0,0,0,0,0,0,0,335000,0,0,0,353000,18000,335000,335000
03048P,南電國票03售01  ,0,0,0,0,0,0,0,0,0,335000,0,0,0,400000,65000,335000,335000
2481,強茂            ,1400000,1145000,255000,0,0,0,0,30000,-30000,110000,133000,1000,132000,43000,65000,-22000,335000
2357,華碩            ,1042491,799993,242498,0,0,0,139000,5000,134000,-44000,5000,42000,-37000,6000,13000,-7000,332498
042792,T50反1台新9C購01,0,0,0,0,0,0,0,0,0,332000,0,0,0,332000,0,332000,332000
6452,康友-KY         ,772000,425000,347000,0,0,0,0,0,0,-15000,0,0,0,21000,36000,-15000,332000
067141,台表科永豐01購01,0,0,0,0,0,0,0,0,0,331000,0,0,0,351000,20000,331000,331000
00728,第一金工業30    ,22000,22000,0,0,0,0,0,0,0,330000,0,0,0,400000,70000,330000,330000
006208,富邦台50        ,32002,47000,-14998,0,0,0,0,0,0,343000,0,0,0,1149000,806000,343000,328002
057737,國巨富邦99購02  ,0,0,0,0,0,0,0,0,0,327000,0,0,0,327000,0,327000,327000
5469,瀚宇博          ,1658000,774000,884000,0,0,0,50000,0,50000,-609000,15000,665000,-650000,75000,34000,41000,325000
065149,遠東新群益9C購01,0,0,0,0,0,0,0,0,0,323000,0,0,0,337000,14000,323000,323000
065345,台光電統一01購04,0,0,0,0,0,0,0,0,0,322000,0,0,0,394000,72000,322000,322000
064618,南亞科元大9C購04,0,0,0,0,0,0,0,0,0,321000,0,0,0,331000,10000,321000,321000
08530P,鴻海統一9C售19  ,0,0,0,0,0,0,0,0,0,320000,0,0,0,320000,0,320000,320000
056202,國揚永豐97購01  ,0,0,0,0,0,0,0,0,0,320000,0,0,0,320000,0,320000,320000
1513,中興電          ,679000,372000,307000,0,0,0,0,0,0,13000,30000,8000,22000,1000,10000,-9000,320000
08799P,台積電元大01售19,0,0,0,0,0,0,0,0,0,319000,0,0,0,880000,561000,319000,319000
063516,香港反凱基03購01,0,0,0,0,0,0,0,0,0,319000,0,0,0,319000,0,319000,319000
061969,大立光統一01購02,0,0,0,0,0,0,0,0,0,318000,0,0,0,565000,247000,318000,318000
066397,智原凱基01購01  ,0,0,0,0,0,0,0,0,0,317000,0,0,0,423000,106000,317000,317000
061962,台積電統一01購03,0,0,0,0,0,0,0,0,0,316000,0,0,0,380000,64000,316000,316000
059730,晶相光元大9C購02,0,0,0,0,0,0,0,0,0,315000,0,0,0,327000,12000,315000,315000
058422,百和麥證99購01  ,0,0,0,318000,5000,313000,0,0,0,313000,0,0,0,318000,5000,313000,313000
064323,滬深2X元大9C購09,0,0,0,0,0,0,0,0,0,313000,0,0,0,402000,89000,313000,313000
2101,南港            ,910000,553000,357000,0,0,0,0,0,0,-45000,0,6000,-6000,13000,52000,-39000,312000
062344,力山群益9B購02  ,0,0,0,0,0,0,0,0,0,311000,0,0,0,341000,30000,311000,311000
08147P,聯發科群益9B售10,0,0,0,0,0,0,0,0,0,310000,0,0,0,370000,60000,310000,310000
08443P,臺股指麥證01售02,0,0,0,1358000,1049000,309000,0,0,0,309000,0,0,0,1358000,1049000,309000,309000
08992P,牧德元大01售02  ,0,0,0,0,0,0,0,0,0,309000,0,0,0,329000,20000,309000,309000
2345,智邦            ,1142350,832230,310120,0,0,0,2000,7000,-5000,3000,102000,100000,2000,19000,18000,1000,308120
059375,道瓊反群益9C購02,0,0,0,0,0,0,0,0,0,308000,0,0,0,309000,1000,308000,308000
066905,台積電凱基03購03,0,0,0,0,0,0,0,0,0,306000,0,0,0,360000,54000,306000,306000
054079,鴻海中信98購02  ,0,0,0,0,0,0,0,0,0,306000,0,0,0,306000,0,306000,306000
058054,台積電統一9C購01,0,0,0,0,0,0,0,0,0,305000,0,0,0,324000,19000,305000,305000
066046,聯發科元大01購09,0,0,0,0,0,0,0,0,0,304000,0,0,0,711000,407000,304000,304000
063491,國巨富邦02購02  ,0,0,0,0,0,0,0,0,0,303000,0,0,0,350000,47000,303000,303000
067215,亞光元大01購05  ,0,0,0,0,0,0,0,0,0,300000,0,0,0,300000,0,300000,300000
07952P,富邦金元大9B售02,0,0,0,0,0,0,0,0,0,300000,0,0,0,300000,0,300000,300000
06952P,大立光統一9A售03,0,0,0,0,0,0,0,0,0,300000,0,0,0,300000,0,300000,300000
054466,欣興凱基97購03  ,0,0,0,0,0,0,0,0,0,300000,0,0,0,300000,0,300000,300000
062908,晶豪科元大9B購03,0,0,0,0,0,0,0,0,0,300000,0,0,0,300000,0,300000,300000
08728P,緯穎群益01售01  ,0,0,0,0,0,0,0,0,0,299000,0,0,0,309000,10000,299000,299000
064863,台積電永豐9C購01,0,0,0,0,0,0,0,0,0,299000,0,0,0,299000,0,299000,299000
066822,泰豐群益01購01  ,0,0,0,0,0,0,0,0,0,297000,0,0,0,297000,0,297000,297000
057023,美律凱基99購02  ,0,0,0,0,0,0,0,0,0,295000,0,0,0,295000,0,295000,295000
066505,可成富邦03購01  ,0,0,0,0,0,0,0,0,0,295000,0,0,0,315000,20000,295000,295000
3557,嘉威            ,411000,116000,295000,0,0,0,0,0,0,0,0,0,0,0,0,0,295000
067151,聯發科統一02購06,0,0,0,0,0,0,0,0,0,294000,0,0,0,312000,18000,294000,294000
06717P,可成元大98售09  ,0,0,0,0,0,0,0,0,0,292000,0,0,0,293000,1000,292000,292000
064711,國喬統一02購01  ,0,0,0,0,0,0,0,0,0,292000,0,0,0,292000,0,292000,292000
063415,台積電凱基03購01,0,0,0,0,0,0,0,0,0,291000,0,0,0,348000,57000,291000,291000
066643,旺宏麥證01購01  ,0,0,0,291000,0,291000,0,0,0,291000,0,0,0,291000,0,291000,291000
063559,力山元大9B購04  ,0,0,0,0,0,0,0,0,0,286000,0,0,0,506000,220000,286000,286000
064708,帆宣永豐9C購01  ,0,0,0,0,0,0,0,0,0,286000,0,0,0,436000,150000,286000,286000
07363P,大立光元大99售26,0,0,0,0,0,0,0,0,0,285000,0,0,0,285000,0,285000,285000
055331,國巨兆豐99購01  ,0,0,0,0,0,0,0,0,0,285000,0,0,0,801000,516000,285000,285000
8046,南電            ,1358000,1986000,-628000,0,0,0,593000,0,593000,320000,306000,50000,256000,87000,23000,64000,285000
067101,華邦電群益01購02,0,0,0,0,0,0,0,0,0,282000,0,0,0,289000,7000,282000,282000
08123P,台表科國票9C售01,0,0,0,0,0,0,0,0,0,281000,0,0,0,380000,99000,281000,281000
055022,精元國泰99購01  ,0,0,0,0,0,0,0,0,0,280000,0,0,0,385000,105000,280000,280000
060712,建準永豐9A購01  ,0,0,0,0,0,0,0,0,0,280000,0,0,0,280000,0,280000,280000
062305,遠東新凱基9B購01,0,0,0,0,0,0,0,0,0,280000,0,0,0,367000,87000,280000,280000
06766P,玉晶光元大99售10,0,0,0,0,0,0,0,0,0,279000,0,0,0,506000,227000,279000,279000
065307,矽格元富9C購01  ,0,0,0,0,0,0,0,0,0,279000,0,0,0,397000,118000,279000,279000
06698P,玉晶光國票99售05,0,0,0,0,0,0,0,0,0,278000,0,0,0,425000,147000,278000,278000
067222,申豐元大01購01  ,0,0,0,0,0,0,0,0,0,278000,0,0,0,428000,150000,278000,278000
058702,國巨元大99購16  ,0,0,0,0,0,0,0,0,0,278000,0,0,0,278000,0,278000,278000
066635,敦泰凱基01購01  ,0,0,0,0,0,0,0,0,0,277000,0,0,0,490000,213000,277000,277000
058936,國喬中信99購01  ,0,0,0,0,0,0,0,0,0,276000,0,0,0,340000,64000,276000,276000
062604,東元凱基9B購01  ,0,0,0,0,0,0,0,0,0,275000,0,0,0,279000,4000,275000,275000
065356,聯發科元富03購06,0,0,0,0,0,0,0,0,0,275000,0,0,0,355000,80000,275000,275000
061550,聯鈞群益9A購03  ,0,0,0,0,0,0,0,0,0,273000,0,0,0,349000,76000,273000,273000
064963,T50反1元大9C購09,0,0,0,0,0,0,0,0,0,273000,0,0,0,273000,0,273000,273000
066282,鎧勝元大01購01  ,0,0,0,0,0,0,0,0,0,273000,0,0,0,366000,93000,273000,273000
6153,嘉聯益          ,1097000,852000,245000,0,0,0,0,0,0,28000,107000,65000,42000,1000,15000,-14000,273000
058410,國巨兆豐99購03  ,0,0,0,0,0,0,0,0,0,272000,0,0,0,598000,326000,272000,272000
056470,旺宏元大99購01  ,0,0,0,0,0,0,0,0,0,272000,0,0,0,272000,0,272000,272000
060467,神基元大9A購01  ,0,0,0,0,0,0,0,0,0,272000,0,0,0,282000,10000,272000,272000
064061,GIS麥證01購01   ,0,0,0,271000,0,271000,0,0,0,271000,0,0,0,271000,0,271000,271000
066356,嘉基永豐01購01  ,0,0,0,0,0,0,0,0,0,271000,0,0,0,331000,60000,271000,271000
067205,台積電元大01購22,0,0,0,0,0,0,0,0,0,270000,0,0,0,412000,142000,270000,270000
067652,義隆元富01購01  ,0,0,0,0,0,0,0,0,0,270000,0,0,0,876000,606000,270000,270000
067619,臺股指凱基04購02,0,0,0,0,0,0,0,0,0,270000,0,0,0,607000,337000,270000,270000
03001P,玉晶光群益02售17,0,0,0,0,0,0,0,0,0,270000,0,0,0,461000,191000,270000,270000
061938,大立光國票9B購03,0,0,0,0,0,0,0,0,0,270000,0,0,0,380000,110000,270000,270000
6591,動力-KY         ,664000,393000,271000,0,0,0,0,0,0,-1000,0,1000,-1000,0,0,0,270000
067471,台積電元大01購26,0,0,0,0,0,0,0,0,0,268000,0,0,0,373000,105000,268000,268000
1609,大亞            ,776000,507000,269000,0,0,0,0,0,0,-2000,0,2000,-2000,0,0,0,267000
067529,力山群益01購02  ,0,0,0,0,0,0,0,0,0,264000,0,0,0,322000,58000,264000,264000
08833P,緯穎群益01售03  ,0,0,0,0,0,0,0,0,0,264000,0,0,0,292000,28000,264000,264000
063269,儒鴻兆豐9C購01  ,0,0,0,0,0,0,0,0,0,263000,0,0,0,303000,40000,263000,263000
07145P,為升元大99售03  ,0,0,0,0,0,0,0,0,0,262000,0,0,0,524000,262000,262000,262000
066170,聯陽凱基01購01  ,0,0,0,0,0,0,0,0,0,262000,0,0,0,364000,102000,262000,262000
064759,景碩凱基9C購01  ,0,0,0,0,0,0,0,0,0,261000,0,0,0,286000,25000,261000,261000
067568,台積電麥證01購09,0,0,0,270000,10000,260000,0,0,0,260000,0,0,0,270000,10000,260000,260000
063991,南六永豐9C購02  ,0,0,0,0,0,0,0,0,0,260000,0,0,0,262000,2000,260000,260000
08597P,聯發科元大9C售18,5000,0,5000,0,0,0,0,0,0,254000,0,0,0,492000,238000,254000,259000
08282P,南六群益9C售01  ,0,0,0,0,0,0,0,0,0,259000,0,0,0,282000,23000,259000,259000
05887P,友達元富99售03  ,0,0,0,0,0,0,0,0,0,259000,0,0,0,480000,221000,259000,259000
066031,力成群益01購01  ,0,0,0,0,0,0,0,0,0,259000,0,0,0,266000,7000,259000,259000
066411,南紡元大01購01  ,0,0,0,0,0,0,0,0,0,259000,0,0,0,309000,50000,259000,259000
066718,滬深2X元大01購05,0,0,0,0,0,0,0,0,0,259000,0,0,0,300000,41000,259000,259000
065708,中磊群益9C購01  ,0,0,0,0,0,0,0,0,0,258000,0,0,0,317000,59000,258000,258000
5269,祥碩            ,439000,218000,221000,0,0,0,40000,57000,-17000,54000,53000,2000,51000,7000,4000,3000,258000
067472,台積電元大03購01,0,0,0,0,0,0,0,0,0,257000,0,0,0,379000,122000,257000,257000
067365,美利達群益01購03,0,0,0,0,0,0,0,0,0,257000,0,0,0,267000,10000,257000,257000
067223,嘉基元大01購02  ,0,0,0,0,0,0,0,0,0,255000,0,0,0,255000,0,255000,255000
057839,台積電富邦9A購02,0,0,0,0,0,0,0,0,0,255000,0,0,0,255000,0,255000,255000
064921,景碩統一02購01  ,0,0,0,0,0,0,0,0,0,255000,0,0,0,255000,0,255000,255000
065208,義隆國票01購01  ,0,0,0,0,0,0,0,0,0,254000,0,0,0,334000,80000,254000,254000
065621,聯發科第一9C購01,0,0,0,0,0,0,0,0,0,252000,0,0,0,1267000,1015000,252000,252000
063110,牧德兆豐9B購01  ,0,0,0,0,0,0,0,0,0,251000,0,0,0,251000,0,251000,251000
08203P,同欣電永豐9B售04,0,0,0,0,0,0,0,0,0,250000,0,0,0,374000,124000,250000,250000
08318P,台積電台新01售01,0,0,0,0,0,0,0,0,0,250000,0,0,0,260000,10000,250000,250000
08042P,臺股指群益9B售15,0,0,0,0,0,0,0,0,0,250000,0,0,0,300000,50000,250000,250000
07741P,滬深2X凱基9B售04,0,0,0,0,0,0,0,0,0,250000,0,0,0,250000,0,250000,250000
057577,廣宇中信9A購01  ,0,0,0,0,0,0,0,0,0,250000,0,0,0,260000,10000,250000,250000
063146,南六統一9B購02  ,0,0,0,0,0,0,0,0,0,250000,0,0,0,412000,162000,250000,250000
063469,牧德元大9C購02  ,0,0,0,0,0,0,0,0,0,250000,0,0,0,250000,0,250000,250000
060164,合勤控永豐9A購01,0,0,0,0,0,0,0,0,0,250000,0,0,0,250000,0,250000,250000
061605,華新科凱基9A購14,0,0,0,0,0,0,0,0,0,250000,0,0,0,250000,0,250000,250000
06728P,全新元大98售03  ,0,0,0,0,0,0,0,0,0,249000,0,0,0,350000,101000,249000,249000
062770,臺股指凱基9B購14,0,0,0,0,0,0,0,0,0,249000,0,0,0,249000,0,249000,249000
066184,鎧勝凱基01購01  ,0,0,0,0,0,0,0,0,0,249000,0,0,0,284000,35000,249000,249000
067184,聯發科凱基01購13,0,0,0,0,0,0,0,0,0,248000,0,0,0,339000,91000,248000,248000
06716P,台積電元大9A售02,0,0,0,0,0,0,0,0,0,248000,0,0,0,942000,694000,248000,248000
063290,GIS元大9B購02   ,0,0,0,0,0,0,0,0,0,248000,0,0,0,303000,55000,248000,248000
058688,矽創凱基9A購01  ,0,0,0,0,0,0,0,0,0,248000,0,0,0,250000,2000,248000,248000
056871,新日興日盛99購01,0,0,0,0,0,0,0,0,0,248000,0,0,0,248000,0,248000,248000
065654,台表科元大9C購12,0,0,0,0,0,0,0,0,0,248000,0,0,0,359000,111000,248000,248000
2855,統一證          ,1698000,1448000,250000,0,0,0,0,2000,-2000,0,0,0,0,0,0,0,248000
07889P,旭富國票9B售01  ,0,0,0,0,0,0,0,0,0,247000,0,0,0,382000,135000,247000,247000
063379,帆宣永豐9B購01  ,0,0,0,0,0,0,0,0,0,247000,0,0,0,354000,107000,247000,247000
054874,帆宣群益99購02  ,0,0,0,0,0,0,0,0,0,246000,0,0,0,274000,28000,246000,246000
060432,達方永豐9A購01  ,0,0,0,0,0,0,0,0,0,246000,0,0,0,246000,0,246000,246000
08337P,台灣50凱基01售15,0,0,0,0,0,0,0,0,0,245000,0,0,0,631000,386000,245000,245000
08441P,同欣電元富9C售01,0,0,0,0,0,0,0,0,0,245000,0,0,0,336000,91000,245000,245000
062650,南電富邦01購01  ,0,0,0,0,0,0,0,0,0,245000,0,0,0,438000,193000,245000,245000
065022,同欣電富邦01購01,0,0,0,0,0,0,0,0,0,245000,0,0,0,270000,25000,245000,245000
063995,健鼎群益9C購01  ,0,0,0,0,0,0,0,0,0,244000,0,0,0,244000,0,244000,244000
060561,台積電富邦04購01,0,0,0,0,0,0,0,0,0,243000,0,0,0,313000,70000,243000,243000
07837P,華邦電元大9A售01,0,0,0,0,0,0,0,0,0,242000,0,0,0,242000,0,242000,242000
00701,國泰股利精選30  ,49000,77000,-28000,0,0,0,0,0,0,270000,0,0,0,589000,319000,270000,242000
08880P,全新凱基01售02  ,0,0,0,0,0,0,0,0,0,241000,0,0,0,251000,10000,241000,241000
8081,致新            ,605000,132000,473000,0,0,0,0,230000,-230000,-2000,0,1000,-1000,3000,4000,-1000,241000
065375,神基元大03購01  ,0,0,0,0,0,0,0,0,0,240000,0,0,0,240000,0,240000,240000
067302,聯發科元大01購20,0,0,0,0,0,0,0,0,0,239000,0,0,0,331000,92000,239000,239000
055205,京鼎中信99購01  ,0,0,0,0,0,0,0,0,0,239000,0,0,0,517000,278000,239000,239000
057385,光罩永豐99購01  ,0,0,0,0,0,0,0,0,0,239000,0,0,0,805000,566000,239000,239000
9940,信義            ,349000,138000,211000,0,0,0,0,0,0,28000,30000,2000,28000,0,0,0,239000
064856,GIS國泰02購01   ,0,0,0,0,0,0,0,0,0,238000,0,0,0,288000,50000,238000,238000
054808,東元元大9A購01  ,0,0,0,0,0,0,0,0,0,237000,0,0,0,301000,64000,237000,237000
061015,旺宏麥證9A購03  ,0,0,0,237000,0,237000,0,0,0,237000,0,0,0,237000,0,237000,237000
066664,嘉晶凱基02購01  ,0,0,0,0,0,0,0,0,0,237000,0,0,0,292000,55000,237000,237000
067658,矽格元富04購01  ,0,0,0,0,0,0,0,0,0,236000,0,0,0,425000,189000,236000,236000
065896,智易統一02購01  ,0,0,0,0,0,0,0,0,0,236000,0,0,0,236000,0,236000,236000
4915,致伸            ,805000,1043000,-238000,0,0,0,500000,0,500000,-26000,0,2000,-2000,0,24000,-24000,236000
055697,牧德國票98購01  ,0,0,0,0,0,0,0,0,0,235000,0,0,0,235000,0,235000,235000
064239,群創統一02購01  ,0,0,0,0,0,0,0,0,0,235000,0,0,0,256000,21000,235000,235000
065306,泰鼎元富9C購02  ,0,0,0,0,0,0,0,0,0,235000,0,0,0,311000,76000,235000,235000
061899,復盛永豐9B購01  ,0,0,0,0,0,0,0,0,0,234000,0,0,0,234000,0,234000,234000
062307,華通凱基9C購01  ,0,0,0,0,0,0,0,0,0,234000,0,0,0,343000,109000,234000,234000
066877,奇鋐富邦03購01  ,0,0,0,0,0,0,0,0,0,234000,0,0,0,254000,20000,234000,234000
063550,可成國票9C購01  ,0,0,0,0,0,0,0,0,0,233000,0,0,0,300000,67000,233000,233000
063808,台表科兆豐9C購01,0,0,0,0,0,0,0,0,0,233000,0,0,0,337000,104000,233000,233000
07777P,創意元大9A售03  ,0,0,0,0,0,0,0,0,0,231000,0,0,0,393000,162000,231000,231000
060732,玉晶光群益9C購02,0,0,0,0,0,0,0,0,0,231000,0,0,0,246000,15000,231000,231000
064330,燿華元大9C購02  ,0,0,0,0,0,0,0,0,0,231000,0,0,0,249000,18000,231000,231000
07558P,玉晶光元大9A售10,0,0,0,0,0,0,0,0,0,230000,0,0,0,230000,0,230000,230000
08641P,台灣50群益9C售08,0,0,0,0,0,0,0,0,0,230000,0,0,0,250000,20000,230000,230000
059564,鴻海凱基9A購15  ,0,0,0,0,0,0,0,0,0,230000,0,0,0,230000,0,230000,230000
061866,力山元大9C購01  ,0,0,0,0,0,0,0,0,0,230000,0,0,0,255000,25000,230000,230000
066374,臺股指中信04購01,0,0,0,0,0,0,0,0,0,229000,0,0,0,413000,184000,229000,229000
065118,國巨富邦01購02  ,0,0,0,0,0,0,0,0,0,228000,0,0,0,385000,157000,228000,228000
067916,敬鵬永豐01購01  ,0,0,0,0,0,0,0,0,0,227000,0,0,0,239000,12000,227000,227000
068030,台積電元富07購10,0,0,0,0,0,0,0,0,0,227000,0,0,0,413000,186000,227000,227000
065030,亞光兆豐9C購01  ,0,0,0,0,0,0,0,0,0,227000,0,0,0,227000,0,227000,227000
059920,宏達電元大99購07,0,0,0,0,0,0,0,0,0,226000,0,0,0,369000,143000,226000,226000
060708,康友富邦9B購01  ,0,0,0,0,0,0,0,0,0,225000,0,0,0,230000,5000,225000,225000
065605,義隆元大01購02  ,0,0,0,0,0,0,0,0,0,225000,0,0,0,434000,209000,225000,225000
067192,矽格凱基01購03  ,0,0,0,0,0,0,0,0,0,223000,0,0,0,292000,69000,223000,223000
062527,美律統一01購01  ,0,0,0,0,0,0,0,0,0,223000,0,0,0,602000,379000,223000,223000
3661,世芯-KY         ,1063000,904000,159000,0,0,0,64000,1000,63000,1000,27000,34000,-7000,11000,3000,8000,223000
056604,鴻海富邦9A購01  ,0,0,0,0,0,0,0,0,0,222000,0,0,0,282000,60000,222000,222000
065313,聯茂國票01購01  ,0,0,0,0,0,0,0,0,0,222000,0,0,0,250000,28000,222000,222000
067045,聯發科凱基02購05,0,0,0,0,0,0,0,0,0,221000,0,0,0,444000,223000,221000,221000
066250,大成鋼元大01購01,0,0,0,0,0,0,0,0,0,221000,0,0,0,235000,14000,221000,221000
066918,台積電麥證01購05,0,0,0,229000,0,229000,0,0,0,220000,0,0,0,229000,9000,220000,220000
067705,遠東新元富01購01,0,0,0,0,0,0,0,0,0,220000,0,0,0,315000,95000,220000,220000
058514,潤泰全元大99購01,0,0,0,0,0,0,0,0,0,220000,0,0,0,320000,100000,220000,220000
064555,力山群益01購01  ,0,0,0,0,0,0,0,0,0,220000,0,0,0,220000,0,220000,220000
066995,盟立國泰03購01  ,0,0,0,0,0,0,0,0,0,219000,0,0,0,375000,156000,219000,219000
055249,大毅統一99購01  ,0,0,0,0,0,0,0,0,0,219000,0,0,0,300000,81000,219000,219000
063560,力山元大9B購05  ,0,0,0,0,0,0,0,0,0,219000,0,0,0,343000,124000,219000,219000
066612,台積電麥證01購04,0,0,0,234000,16000,218000,0,0,0,219000,0,0,0,235000,16000,219000,219000
08802P,聯發科元大01售14,0,0,0,0,0,0,0,0,0,218000,0,0,0,373000,155000,218000,218000
08702P,南電康和01售01  ,0,0,0,0,0,0,0,0,0,217000,0,0,0,222000,5000,217000,217000
067836,聯發科統一03購05,0,0,0,0,0,0,0,0,0,217000,0,0,0,456000,239000,217000,217000
1476,儒鴻            ,459134,323512,135622,0,0,0,86000,2237,83763,-4000,0,1000,-1000,10000,13000,-3000,215385
067733,力山元大01購01  ,0,0,0,0,0,0,0,0,0,215000,0,0,0,549000,334000,215000,215000
067890,華新科群益01購06,0,0,0,0,0,0,0,0,0,215000,0,0,0,331000,116000,215000,215000
067169,台積電麥證01購07,0,0,0,215000,0,215000,0,0,0,215000,0,0,0,215000,0,215000,215000
057713,美律統一99購01  ,0,0,0,0,0,0,0,0,0,213000,0,0,0,228000,15000,213000,213000
3665,貿聯-KY         ,620000,266000,354000,0,0,0,0,64000,-64000,-78000,0,71000,-71000,7000,14000,-7000,212000
066161,力山凱基01購01  ,0,0,0,0,0,0,0,0,0,211000,0,0,0,316000,105000,211000,211000
06765P,欣興元大98售11  ,0,0,0,0,0,0,0,0,0,210000,0,0,0,210000,0,210000,210000
067549,聯電中信03購01  ,0,0,0,0,0,0,0,0,0,210000,0,0,0,293000,83000,210000,210000
08019P,緯穎國票9B售02  ,0,0,0,0,0,0,0,0,0,210000,0,0,0,218000,8000,210000,210000
058468,聯茂中信99購02  ,0,0,0,0,0,0,0,0,0,210000,0,0,0,220000,10000,210000,210000
056320,京鼎群益99購01  ,0,0,0,0,0,0,0,0,0,210000,0,0,0,210000,0,210000,210000
062674,百和中信03購01  ,0,0,0,0,0,0,0,0,0,210000,0,0,0,230000,20000,210000,210000
061569,旺宏元大9A購14  ,0,0,0,0,0,0,0,0,0,210000,0,0,0,210000,0,210000,210000
07990P,緯穎凱基9B售02  ,0,0,0,0,0,0,0,0,0,209000,0,0,0,285000,76000,209000,209000
067139,訊連永豐01購01  ,0,0,0,0,0,0,0,0,0,209000,0,0,0,227000,18000,209000,209000
066991,訊芯群益01購01  ,0,0,0,0,0,0,0,0,0,208000,0,0,0,208000,0,208000,208000
08669P,聯發科群益02售02,0,0,0,0,0,0,0,0,0,208000,0,0,0,848000,640000,208000,208000
066571,矽格元大01購02  ,0,0,0,0,0,0,0,0,0,205000,0,0,0,209000,4000,205000,205000
064560,技嘉群益01購01  ,0,0,0,0,0,0,0,0,0,205000,0,0,0,236000,31000,205000,205000
065253,和大元大01購02  ,0,0,0,0,0,0,0,0,0,205000,0,0,0,205000,0,205000,205000
3406,玉晶光          ,2398020,2378000,20020,0,0,0,35000,182000,-147000,331000,295000,63000,232000,124000,25000,99000,204020
07731P,臺股指凱基9A售28,0,0,0,0,0,0,0,0,0,204000,0,0,0,337000,133000,204000,204000
063295,京元電麥證9B購01,0,0,0,214000,6000,208000,0,0,0,204000,0,0,0,220000,16000,204000,204000
063774,GIS富邦9B購02   ,0,0,0,0,0,0,0,0,0,204000,0,0,0,349000,145000,204000,204000
065855,瀚宇博元大9C購03,0,0,0,0,0,0,0,0,0,204000,0,0,0,234000,30000,204000,204000
066855,樺漢元大01購03  ,0,0,0,0,0,0,0,0,0,203000,0,0,0,390000,187000,203000,203000
062466,FBVIX凱基9B購01 ,0,0,0,0,0,0,0,0,0,202000,0,0,0,202000,0,202000,202000
066797,台積電凱基02購09,0,0,0,0,0,0,0,0,0,202000,0,0,0,202000,0,202000,202000
066569,帆宣元大01購02  ,0,0,0,0,0,0,0,0,0,202000,0,0,0,213000,11000,202000,202000
066388,力山凱基01購02  ,0,0,0,0,0,0,0,0,0,202000,0,0,0,294000,92000,202000,202000
066134,強茂群益01購01  ,0,0,0,0,0,0,0,0,0,202000,0,0,0,251000,49000,202000,202000
060743,鴻海國票9A購03  ,0,0,0,0,0,0,0,0,0,201000,0,0,0,201000,0,201000,201000
065625,聯發科兆豐9C購06,0,50000,-50000,0,0,0,0,0,0,251000,0,0,0,489000,238000,251000,201000
066723,聯電元大02購01  ,0,0,0,0,0,0,0,0,0,201000,0,0,0,368000,167000,201000,201000
067197,上証2X元大01購05,0,0,0,0,0,0,0,0,0,200000,0,0,0,200000,0,200000,200000
067199,滬深2X元大04購02,0,0,0,0,0,0,0,0,0,200000,0,0,0,200000,0,200000,200000
067661,大成元大01購01  ,0,0,0,0,0,0,0,0,0,200000,0,0,0,200000,0,200000,200000
067686,矽格元大01購04  ,0,0,0,0,0,0,0,0,0,200000,0,0,0,204000,4000,200000,200000
058245,訊連元大99購01  ,0,0,0,0,0,0,0,0,0,200000,0,0,0,207000,7000,200000,200000
057163,上銀元大98購04  ,0,0,0,0,0,0,0,0,0,200000,0,0,0,200000,0,200000,200000
057281,大立光元大98購16,0,0,0,0,0,0,0,0,0,200000,0,0,0,200000,0,200000,200000
057017,和大凱基98購01  ,0,0,0,0,0,0,0,0,0,200000,0,0,0,200000,0,200000,200000
052344,台表科凱基98購01,0,0,0,0,0,0,0,0,0,200000,0,0,0,200000,0,200000,200000
052269,T50反1日盛9B購01,0,0,0,0,0,0,0,0,0,200000,0,0,0,200000,0,200000,200000
063878,國巨元富9C購01  ,0,0,0,0,0,0,0,0,0,200000,0,0,0,200000,0,200000,200000
065899,神基麥證9C購02  ,0,0,0,200000,0,200000,0,0,0,200000,0,0,0,200000,0,200000,200000
064987,勤誠元大9C購02  ,0,0,0,0,0,0,0,0,0,200000,0,0,0,300000,100000,200000,200000
064966,FBVIX元大9C購03 ,0,0,0,0,0,0,0,0,0,200000,0,0,0,215000,15000,200000,200000
064816,訊芯元大9C購01  ,0,0,0,0,0,0,0,0,0,200000,0,0,0,305000,105000,200000,200000
053883,大立光中信98購02,0,0,0,0,0,0,0,0,0,199000,0,0,0,199000,0,199000,199000
062878,宏達電兆豐9B購01,0,0,0,0,0,0,0,0,0,199000,0,0,0,199000,0,199000,199000
065975,緯創元大02購01  ,0,0,0,0,0,0,0,0,0,199000,0,0,0,258000,59000,199000,199000
066565,泰鼎元大01購01  ,0,0,0,0,0,0,0,0,0,199000,0,0,0,217000,18000,199000,199000
066450,松翰群益01購01  ,0,0,0,0,0,0,0,0,0,199000,0,0,0,199000,0,199000,199000
1734,杏輝            ,4000,60000,-56000,0,0,0,0,0,0,255000,0,0,0,440000,185000,255000,199000
07094P,華通國票9A售03  ,0,0,0,0,0,0,0,0,0,198000,0,0,0,198000,0,198000,198000
063846,智邦元大9C購01  ,0,0,0,0,0,0,0,0,0,198000,0,0,0,213000,15000,198000,198000
08633P,聯發科元大9C售20,0,0,0,0,0,0,0,0,0,197000,0,0,0,272000,75000,197000,197000
067569,台積電麥證01購10,0,0,0,228000,31000,197000,0,0,0,197000,0,0,0,228000,31000,197000,197000
067278,申豐統一02購03  ,0,0,0,0,0,0,0,0,0,196000,0,0,0,196000,0,196000,196000
07639P,緯穎國票9A售01  ,0,0,0,0,0,0,0,0,0,196000,0,0,0,200000,4000,196000,196000
055998,臺股指富邦99購01,0,0,0,0,0,0,0,0,0,196000,0,0,0,196000,0,196000,196000
059014,SGBR2X元富03購01,0,0,0,0,0,0,0,0,0,196000,0,0,0,201000,5000,196000,196000
066452,晶碩群益01購01  ,0,0,0,0,0,0,0,0,0,196000,0,0,0,196000,0,196000,196000
066836,樺漢群益01購01  ,0,0,0,0,0,0,0,0,0,196000,0,0,0,196000,0,196000,196000
068020,玉晶光國票02購07,0,0,0,0,0,0,0,0,0,195000,0,0,0,205000,10000,195000,195000
058327,大毅統一9B購01  ,0,0,0,0,0,0,0,0,0,195000,0,0,0,216000,21000,195000,195000
063133,喬山統一01購01  ,0,0,0,0,0,0,0,0,0,195000,0,0,0,205000,10000,195000,195000
064547,宏達電凱基9C購01,0,0,0,0,0,0,0,0,0,195000,0,0,0,266000,71000,195000,195000
067570,台積電麥證01購11,0,0,0,378000,184000,194000,0,0,0,194000,0,0,0,378000,184000,194000,194000
066919,台積電麥證01購06,0,0,0,194000,0,194000,0,0,0,194000,0,0,0,194000,0,194000,194000
060347,大立光統一02購01,0,0,0,0,0,0,0,0,0,194000,0,0,0,224000,30000,194000,194000
064986,GIS元大9C購07   ,0,0,0,0,0,0,0,0,0,194000,0,0,0,234000,40000,194000,194000
054467,隆達凱基97購01  ,0,0,0,0,0,0,0,0,0,193000,0,0,0,193000,0,193000,193000
059279,台灣50富邦9C購03,0,0,0,0,0,0,0,0,0,192000,0,0,0,334000,142000,192000,192000
067436,訊連凱基01購01  ,0,0,0,0,0,0,0,0,0,191000,0,0,0,237000,46000,191000,191000
058293,光寶科凱基9A購01,0,0,0,0,0,0,0,0,0,191000,0,0,0,211000,20000,191000,191000
053036,聯電凱基98購01  ,0,0,0,0,0,0,0,0,0,191000,0,0,0,191000,0,191000,191000
3034,聯詠            ,1209402,1093033,116369,0,0,0,61000,14729,46271,28000,31000,64000,-33000,74000,13000,61000,190640
054541,康控國票98購01  ,0,0,0,0,0,0,0,0,0,190000,0,0,0,190000,0,190000,190000
062817,富邦金兆豐9B購01,0,0,0,0,0,0,0,0,0,190000,0,0,0,252000,62000,190000,190000
066438,南紡群益01購01  ,0,0,0,0,0,0,0,0,0,190000,0,0,0,190000,0,190000,190000
055029,帆宣國泰99購01  ,0,0,0,0,0,0,0,0,0,189000,0,0,0,189000,0,189000,189000
061260,台積電凱基9A購23,0,0,0,0,0,0,0,0,0,189000,0,0,0,215000,26000,189000,189000
066051,景碩元大01購01  ,0,0,0,0,0,0,0,0,0,188000,0,0,0,247000,59000,188000,188000
058010,帆宣國票98購01  ,0,0,0,0,0,0,0,0,0,187000,0,0,0,308000,121000,187000,187000
00717,富邦美國特別股  ,44000,0,44000,0,0,0,0,0,0,143000,0,0,0,631000,488000,143000,187000
00712,FH富時不動產    ,299000,309000,-10000,0,0,0,0,0,0,197000,0,0,0,417000,220000,197000,187000
064204,瑞儀兆豐01購01  ,0,0,0,0,0,0,0,0,0,187000,0,0,0,770000,583000,187000,187000
063085,嘉澤凱基9C購01  ,0,0,0,0,0,0,0,0,0,187000,0,0,0,216000,29000,187000,187000
061886,力山國泰01購01  ,0,0,0,0,0,0,0,0,0,186000,0,0,0,204000,18000,186000,186000
064593,鈺齊永豐9C購01  ,0,0,0,0,0,0,0,0,0,186000,0,0,0,189000,3000,186000,186000
066301,大成永豐01購01  ,0,0,0,0,0,0,0,0,0,185000,0,0,0,200000,15000,185000,185000
067128,華城永豐01購02  ,0,0,0,0,0,0,0,0,0,184000,0,0,0,296000,112000,184000,184000
063665,南亞科統一01購02,0,0,0,0,0,0,0,0,0,183000,0,0,0,203000,20000,183000,183000
066572,台郡元大01購02  ,0,0,0,0,0,0,0,0,0,182000,0,0,0,303000,121000,182000,182000
067275,聯發科統一02購07,0,0,0,0,0,0,0,0,0,181000,0,0,0,445000,264000,181000,181000
00663L,國泰臺灣加權正2 ,17000,3000,14000,0,0,0,0,0,0,167000,0,0,0,329000,162000,167000,181000
057969,緯穎國泰99購01  ,0,0,0,0,0,0,0,0,0,181000,0,0,0,192000,11000,181000,181000
061865,力山元大9B購01  ,0,0,0,0,0,0,0,0,0,181000,0,0,0,181000,0,181000,181000
065892,聯發科統一02購04,0,0,0,0,0,0,0,0,0,181000,0,0,0,276000,95000,181000,181000
067443,國巨國票02購04  ,0,0,0,0,0,0,0,0,0,180000,0,0,0,273000,93000,180000,180000
065686,同欣電統一03購01,0,0,0,0,0,0,0,0,0,180000,0,0,0,315000,135000,180000,180000
066280,眾達元大01購01  ,0,0,0,0,0,0,0,0,0,180000,0,0,0,216000,36000,180000,180000
064385,台積電富邦03購02,0,0,0,0,0,0,0,0,0,180000,0,0,0,180000,0,180000,180000
064374,旺宏元富9C購01  ,0,0,0,0,0,0,0,0,0,180000,0,0,0,180000,0,180000,180000
066907,聯發科凱基03購04,0,0,0,0,0,0,0,0,0,179000,0,0,0,475000,296000,179000,179000
08581P,臺股指元大9C售29,0,0,0,0,0,0,0,0,0,179000,0,0,0,189000,10000,179000,179000
061896,景碩永豐9B購01  ,0,0,0,0,0,0,0,0,0,179000,0,0,0,212000,33000,179000,179000
061724,訊芯永豐9A購01  ,0,0,0,0,0,0,0,0,0,179000,0,0,0,221000,42000,179000,179000
062702,可成元大9C購01  ,0,0,0,0,0,0,0,0,0,179000,0,0,0,212000,33000,179000,179000
061746,國巨統一9C購07  ,0,0,0,0,0,0,0,0,0,178000,0,0,0,178000,0,178000,178000
061961,台積電統一01購02,0,0,0,0,0,0,0,0,0,178000,0,0,0,180000,2000,178000,178000
064314,信邦群益9C購01  ,0,0,0,0,0,0,0,0,0,178000,0,0,0,515000,337000,178000,178000
065539,瑞儀統一01購01  ,0,0,0,0,0,0,0,0,0,178000,0,0,0,205000,27000,178000,178000
066284,松翰元大01購01  ,0,0,0,0,0,0,0,0,0,177000,0,0,0,197000,20000,177000,177000
067417,力山凱基02購01  ,0,0,0,0,0,0,0,0,0,176000,0,0,0,351000,175000,176000,176000
066281,眾達元大02購01  ,0,0,0,0,0,0,0,0,0,176000,0,0,0,244000,68000,176000,176000
065766,南電元大9C購08  ,0,0,0,0,0,0,0,0,0,176000,0,0,0,205000,29000,176000,176000
067218,鎧勝元大01購04  ,0,0,0,0,0,0,0,0,0,175000,0,0,0,264000,89000,175000,175000
067170,台積電麥證01購08,0,0,0,182000,17000,165000,0,0,0,175000,0,0,0,192000,17000,175000,175000
059950,百和永豐99購02  ,0,0,0,0,0,0,0,0,0,175000,0,0,0,212000,37000,175000,175000
064291,南六元大9C購04  ,0,0,0,0,0,0,0,0,0,175000,0,0,0,267000,92000,175000,175000
061122,敬鵬永豐9A購01  ,0,0,0,0,0,0,0,0,0,174000,0,0,0,181000,7000,174000,174000
061212,聯鈞元大9A購04  ,0,0,0,0,0,0,0,0,0,174000,0,0,0,197000,23000,174000,174000
064396,創意永豐9C購01  ,0,0,0,0,0,0,0,0,0,174000,0,0,0,207000,33000,174000,174000
067815,玉晶光凱基01購04,0,0,0,0,0,0,0,0,0,173000,0,0,0,290000,117000,173000,173000
061190,力山永豐9A購02  ,0,0,0,0,0,0,0,0,0,173000,0,0,0,185000,12000,173000,173000
061971,力山元大9C購02  ,0,0,0,0,0,0,0,0,0,173000,0,0,0,318000,145000,173000,173000
065606,可成元大01購05  ,0,0,0,0,0,0,0,0,0,173000,0,0,0,306000,133000,173000,173000
067120,矽創群益01購01  ,0,0,0,0,0,0,0,0,0,172000,0,0,0,172000,0,172000,172000
067070,友訊元大01購04  ,0,0,0,0,0,0,0,0,0,172000,0,0,0,172000,0,172000,172000
063980,智易兆豐9C購02  ,0,0,0,0,0,0,0,0,0,171000,0,0,0,201000,30000,171000,171000
061075,亞德客兆豐9A購01,0,0,0,0,0,0,0,0,0,171000,0,0,0,213000,42000,171000,171000
064469,臻鼎元富9C購01  ,0,0,0,0,0,0,0,0,0,171000,0,0,0,171000,0,171000,171000
066085,台積電富邦05購01,0,0,0,0,0,0,0,0,0,171000,0,0,0,575000,404000,171000,171000
065945,鴻海統一02購01  ,0,0,0,0,0,0,0,0,0,171000,0,0,0,353000,182000,171000,171000
066337,聯陽永豐01購02  ,0,0,0,0,0,0,0,0,0,171000,0,0,0,187000,16000,171000,171000
053568,智伸科富邦98購01,0,0,0,0,0,0,0,0,0,170000,0,0,0,170000,0,170000,170000
057515,智原元富98購02  ,0,0,0,0,0,0,0,0,0,170000,0,0,0,170000,0,170000,170000
066240,泰鼎富邦03購01  ,0,0,0,0,0,0,0,0,0,170000,0,0,0,170000,0,170000,170000
064838,旭富統一01購01  ,0,0,0,0,0,0,0,0,0,170000,0,0,0,170000,0,170000,170000
08053P,臺股指國票9B售18,0,0,0,0,0,0,0,0,0,169000,0,0,0,182000,13000,169000,169000
065738,國巨麥證9C購04  ,0,0,0,170000,1000,169000,0,0,0,169000,0,0,0,170000,1000,169000,169000
1732,毛寶            ,134000,72000,62000,0,0,0,0,0,0,107000,0,0,0,107000,0,107000,169000
061796,興勤永豐9B購01  ,0,0,0,0,0,0,0,0,0,168000,0,0,0,301000,133000,168000,168000
063344,臺企銀統一9C購01,0,0,0,0,0,0,0,0,0,168000,0,0,0,178000,10000,168000,168000
064287,日月光元大9C購01,0,0,0,0,0,0,0,0,0,168000,0,0,0,234000,66000,168000,168000
065305,泰鼎元富9C購01  ,0,0,0,0,0,0,0,0,0,168000,0,0,0,183000,15000,168000,168000
08140P,祥碩元大9B售07  ,0,0,0,0,0,0,0,0,0,167000,0,0,0,868000,701000,167000,167000
03433B,臺股指元大9C熊01,0,0,0,0,0,0,0,0,0,167000,0,0,0,595000,428000,167000,167000
065285,宏碁群益01購01  ,0,0,0,0,0,0,0,0,0,167000,0,0,0,192000,25000,167000,167000
3006,晶豪科          ,490000,264000,226000,0,0,0,0,0,0,-59000,3000,1000,2000,0,61000,-61000,167000
062185,禾伸堂元大9B購01,0,0,0,0,0,0,0,0,0,166000,0,0,0,167000,1000,166000,166000
067807,京元電凱基01購02,0,0,0,0,0,0,0,0,0,165000,0,0,0,200000,35000,165000,165000
060922,金像電永豐9A購01,0,0,0,0,0,0,0,0,0,165000,0,0,0,167000,2000,165000,165000
066516,智原永豐01購01  ,0,0,0,0,0,0,0,0,0,165000,0,0,0,166000,1000,165000,165000
067599,台積電凱基01購14,0,0,0,0,0,0,0,0,0,164000,0,0,0,230000,66000,164000,164000
07693P,群創元大9B售10  ,0,0,0,0,0,0,0,0,0,164000,0,0,0,200000,36000,164000,164000
066448,眾達群益01購01  ,0,0,0,0,0,0,0,0,0,164000,0,0,0,202000,38000,164000,164000
064460,健策統一9C購03  ,0,0,0,0,0,0,0,0,0,164000,0,0,0,777000,613000,164000,164000
064627,矽格元大9C購01  ,0,0,0,0,0,0,0,0,0,164000,0,0,0,364000,200000,164000,164000
2049,上銀            ,850031,731656,118375,0,0,0,30000,21000,9000,36000,80000,57000,23000,27000,14000,13000,163375
057508,康控國票99購03  ,0,0,0,0,0,0,0,0,0,163000,0,0,0,208000,45000,163000,163000
058645,康控富邦01購01  ,0,0,0,0,0,0,0,0,0,163000,0,0,0,188000,25000,163000,163000
3026,禾伸堂          ,466000,390000,76000,0,0,0,54000,0,54000,32000,0,1000,-1000,40000,7000,33000,162000
06845P,億光元大98售02  ,0,0,0,0,0,0,0,0,0,161000,0,0,0,186000,25000,161000,161000
08263P,台表科元大9C售06,0,0,0,0,0,0,0,0,0,161000,0,0,0,323000,162000,161000,161000
067905,台積電國泰02購04,0,0,0,0,0,0,0,0,0,161000,0,0,0,223000,62000,161000,161000
064954,奇鋐凱基9C購01  ,50000,50000,0,0,0,0,0,0,0,161000,0,0,0,333000,172000,161000,161000
066931,友達國票02購01  ,0,0,0,0,0,0,0,0,0,160000,0,0,0,160000,0,160000,160000
08486P,富邦金群益9C售02,0,0,0,0,0,0,0,0,0,160000,0,0,0,220000,60000,160000,160000
08595P,南電群益9C售03  ,0,0,0,0,0,0,0,0,0,160000,0,0,0,170000,10000,160000,160000
056911,緯穎元大99購01  ,0,0,0,0,0,0,0,0,0,160000,0,0,0,166000,6000,160000,160000
057276,全新元大99購03  ,0,0,0,0,0,0,0,0,0,160000,0,0,0,160000,0,160000,160000
064095,鴻海群益01購02  ,0,0,0,0,0,0,0,0,0,160000,0,0,0,259000,99000,160000,160000
066419,聯發科元大01購11,0,0,0,0,0,0,0,0,0,160000,0,0,0,218000,58000,160000,160000
065502,康友富邦03購01  ,0,0,0,0,0,0,0,0,0,159000,0,0,0,209000,50000,159000,159000
064876,旺宏兆豐9C購01  ,0,0,0,0,0,0,0,0,0,159000,0,0,0,159000,0,159000,159000
058796,可成元大99購04  ,0,0,0,0,0,0,0,0,0,158000,0,0,0,159000,1000,158000,158000
03427B,臺股指元大9A熊02,0,0,0,0,0,0,0,0,0,158000,0,0,0,524000,366000,158000,158000
6669,緯穎            ,634555,460367,174188,0,0,0,2000,28000,-26000,9000,0,9000,-9000,22000,4000,18000,157188
061634,遠東新元大9A購01,0,0,0,0,0,0,0,0,0,157000,0,0,0,222000,65000,157000,157000
061697,世紀鋼群益9A購03,0,0,0,0,0,0,0,0,0,157000,0,0,0,316000,159000,157000,157000
4106,雃博            ,350000,193000,157000,0,0,0,0,0,0,0,0,0,0,0,0,0,157000
5521,工信            ,489000,352000,137000,0,0,0,0,0,0,20000,20000,0,20000,0,0,0,157000
056280,上証2X永豐98購01,0,0,0,0,0,0,0,0,0,156000,0,0,0,156000,0,156000,156000
066968,技嘉元富07購01  ,0,0,0,0,0,0,0,0,0,155000,0,0,0,183000,28000,155000,155000
065225,神隆凱基01購01  ,0,0,0,0,0,0,0,0,0,155000,0,0,0,155000,0,155000,155000
066361,微星中信05購01  ,0,0,0,0,0,0,0,0,0,155000,0,0,0,170000,15000,155000,155000
067802,台積電凱基07購01,0,0,0,0,0,0,0,0,0,154000,0,0,0,407000,253000,154000,154000
08521P,台達電元大9C售03,0,0,0,0,0,0,0,0,0,154000,0,0,0,237000,83000,154000,154000
057079,台積電統一9A購02,0,0,0,0,0,0,0,0,0,154000,0,0,0,159000,5000,154000,154000
4961,天鈺            ,287000,133000,154000,0,0,0,0,0,0,0,0,0,0,0,0,0,154000
3518,柏騰            ,209000,54000,155000,0,0,0,0,0,0,-1000,0,1000,-1000,0,0,0,154000
058299,同欣電凱基9A購01,0,0,0,0,0,0,0,0,0,153000,0,0,0,173000,20000,153000,153000
063517,遠東新凱基01購01,0,0,0,0,0,0,0,0,0,153000,0,0,0,153000,0,153000,153000
064145,宏碁統一02購01  ,0,0,0,0,0,0,0,0,0,153000,0,0,0,154000,1000,153000,153000
065588,聯發科永豐9C購02,0,0,0,0,0,0,0,0,0,153000,0,0,0,173000,20000,153000,153000
065563,T50反1群益9C購04,0,0,0,0,0,0,0,0,0,153000,0,0,0,453000,300000,153000,153000
08832P,台表科群益01售01,0,0,0,0,0,0,0,0,0,152000,0,0,0,232000,80000,152000,152000
066761,聯陽永豐01購03  ,0,0,0,0,0,0,0,0,0,152000,0,0,0,218000,66000,152000,152000
065972,聯發科元大01購07,0,0,0,0,0,0,0,0,0,152000,0,0,0,277000,125000,152000,152000
07843P,緯穎元大9A售05  ,0,0,0,0,0,0,0,0,0,151000,0,0,0,151000,0,151000,151000
062547,玉晶光永豐9B購05,0,0,0,0,0,0,0,0,0,151000,0,0,0,161000,10000,151000,151000
065962,鴻海元大01購04  ,0,0,0,0,0,0,0,0,0,151000,0,0,0,151000,0,151000,151000
065783,友訊永豐9C購02  ,0,0,0,0,0,0,0,0,0,151000,0,0,0,163000,12000,151000,151000
066443,智原群益01購01  ,0,0,0,0,0,0,0,0,0,151000,0,0,0,151000,0,151000,151000
065078,台積電元大02購01,0,0,0,0,0,0,0,0,0,151000,0,0,0,238000,87000,151000,151000
064489,宏碁元大9C購01  ,0,0,0,0,0,0,0,0,0,151000,0,0,0,166000,15000,151000,151000
06991P,矽創群益99售01  ,0,0,0,0,0,0,0,0,0,150000,0,0,0,150000,0,150000,150000
07685P,玉晶光凱基9B售03,0,0,0,0,0,0,0,0,0,150000,0,0,0,150000,0,150000,150000
067996,南亞科元大01購02,0,0,0,0,0,0,0,0,0,150000,0,0,0,160000,10000,150000,150000
066916,台虹凱基01購01  ,0,0,0,0,0,0,0,0,0,150000,0,0,0,150000,0,150000,150000
057579,長榮航中信9A購01,0,0,0,0,0,0,0,0,0,150000,0,0,0,700000,550000,150000,150000
04273P,上証反凱基99售01,0,0,0,0,0,0,0,0,0,150000,0,0,0,150000,0,150000,150000
061901,柏文永豐9B購01  ,0,0,0,0,0,0,0,0,0,150000,0,0,0,150000,0,150000,150000
060212,華航康和9A購01  ,0,0,0,0,0,0,0,0,0,150000,0,0,0,150000,0,150000,150000
060279,SP黃豆元大9A購01,0,0,0,0,0,0,0,0,0,150000,0,0,0,150000,0,150000,150000
03072P,台積電國泰03售04,0,0,0,0,0,0,0,0,0,149000,0,0,0,149000,0,149000,149000
056813,聯茂統一99購01  ,0,0,0,0,0,0,0,0,0,149000,0,0,0,149000,0,149000,149000
053294,聯發科中信9C購01,0,0,0,0,0,0,0,0,0,149000,0,0,0,200000,51000,149000,149000
063818,矽創群益9C購01  ,0,0,0,0,0,0,0,0,0,149000,0,0,0,162000,13000,149000,149000
061800,泰鼎永豐9B購01  ,0,0,0,0,0,0,0,0,0,149000,0,0,0,238000,89000,149000,149000
063414,鴻海凱基03購01  ,0,0,0,0,0,0,0,0,0,149000,0,0,0,218000,69000,149000,149000
058738,FBVIX中信03購04 ,0,0,0,0,0,0,0,0,0,148000,0,0,0,149000,1000,148000,148000
061297,台積電富邦9C購09,0,0,0,0,0,0,0,0,0,148000,0,0,0,200000,52000,148000,148000
064575,鈺齊群益9C購01  ,0,0,0,0,0,0,0,0,0,148000,0,0,0,148000,0,148000,148000
066610,台積電麥證01購02,0,0,0,154000,11000,143000,0,0,0,148000,0,0,0,164000,16000,148000,148000
066241,瑞祺富邦03購01  ,0,0,0,0,0,0,0,0,0,148000,0,0,0,148000,0,148000,148000
4133,亞諾法          ,38000,44000,-6000,0,0,0,0,0,0,154000,0,3000,-3000,157000,0,157000,148000
9914,美利達          ,647000,311000,336000,0,0,0,0,86000,-86000,-102000,0,95000,-95000,2000,9000,-7000,148000
067130,泰豐永豐01購02  ,0,0,0,0,0,0,0,0,0,147000,0,0,0,435000,288000,147000,147000
07879P,瑞昱群益9C售01  ,0,0,0,0,0,0,0,0,0,147000,0,0,0,150000,3000,147000,147000
066803,智原凱基01購02  ,0,0,0,0,0,0,0,0,0,147000,0,0,0,153000,6000,147000,147000
08036P,嘉澤群益9B售03  ,0,0,0,0,0,0,0,0,0,146000,0,0,0,150000,4000,146000,146000
064875,國巨兆豐01購01  ,0,0,0,0,0,0,0,0,0,145000,0,0,0,235000,90000,145000,145000
064278,高鐵元大9C購02  ,0,0,0,0,0,0,0,0,0,145000,0,0,0,200000,55000,145000,145000
2006,東和鋼鐵        ,405000,265000,140000,0,0,0,0,1000,-1000,6000,30000,24000,6000,0,0,0,145000
08991P,玉晶光元大01售06,0,0,0,0,0,0,0,0,0,145000,0,0,0,226000,81000,145000,145000
067738,技嘉元大01購02  ,0,0,0,0,0,0,0,0,0,144000,0,0,0,196000,52000,144000,144000
053797,台積電中信98購01,0,0,0,0,0,0,0,0,0,144000,0,0,0,147000,3000,144000,144000
061555,聯電國票9B購01  ,0,0,0,0,0,0,0,0,0,144000,0,0,0,158000,14000,144000,144000
068035,聯詠元富07購03  ,0,0,0,0,0,0,0,0,0,143000,0,0,0,329000,186000,143000,143000
067294,中磊兆豐03購01  ,0,0,0,0,0,0,0,0,0,143000,0,0,0,153000,10000,143000,143000
063542,泰鼎元富9B購02  ,0,0,0,0,0,0,0,0,0,143000,0,0,0,212000,69000,143000,143000
064685,裕隆群益9C購01  ,0,0,0,0,0,0,0,0,0,143000,0,0,0,143000,0,143000,143000
065532,台光電統一02購02,0,0,0,0,0,0,0,0,0,143000,0,0,0,235000,92000,143000,143000
2395,研華            ,676680,503592,173088,0,0,0,0,35496,-35496,5000,3000,4000,-1000,8000,2000,6000,142592
067810,聯發科凱基02購06,0,0,0,0,0,0,0,0,0,142000,0,0,0,527000,385000,142000,142000
067792,GIS群益02購02   ,0,0,0,0,0,0,0,0,0,142000,0,0,0,178000,36000,142000,142000
067628,力山永豐01購01  ,0,0,0,0,0,0,0,0,0,142000,0,0,0,142000,0,142000,142000
056977,國巨群益9A購01  ,0,0,0,0,0,0,0,0,0,142000,0,0,0,147000,5000,142000,142000
064733,南六統一9C購03  ,0,0,0,0,0,0,0,0,0,142000,0,0,0,308000,166000,142000,142000
065974,智原元大01購01  ,0,0,0,0,0,0,0,0,0,142000,0,0,0,178000,36000,142000,142000
03017P,深中小群益01售02,0,0,0,0,0,0,0,0,0,141000,0,0,0,201000,60000,141000,141000
059051,和大凱基9A購01  ,0,0,0,0,0,0,0,0,0,141000,0,0,0,141000,0,141000,141000
062268,力山群益9B購01  ,0,0,0,0,0,0,0,0,0,141000,0,0,0,190000,49000,141000,141000
066437,台泥群益02購01  ,0,0,0,0,0,0,0,0,0,141000,0,0,0,151000,10000,141000,141000
08047P,臺股指國票9B售12,0,0,0,0,0,0,0,0,0,140000,0,0,0,150000,10000,140000,140000
07106P,國巨統一9B售05  ,0,0,0,0,0,0,0,0,0,140000,0,0,0,160000,20000,140000,140000
08662P,台積電國泰03售01,0,0,0,0,0,0,0,0,0,140000,0,0,0,140000,0,140000,140000
058947,SGBR2X群益9B購02,0,0,0,0,0,0,0,0,0,140000,0,0,0,295000,155000,140000,140000
054055,全新國票99購02  ,0,0,0,0,0,0,0,0,0,140000,0,0,0,160000,20000,140000,140000
6412,群電            ,307000,134000,173000,0,0,0,0,32000,-32000,-1000,0,1000,-1000,0,0,0,140000
056574,亞光元大99購03  ,0,0,0,0,0,0,0,0,0,139000,0,0,0,139000,0,139000,139000
065081,金像電元大9C購05,0,0,0,0,0,0,0,0,0,138000,0,0,0,211000,73000,138000,138000
2504,國產            ,2284000,1557000,727000,0,0,0,0,589000,-589000,0,0,71000,-71000,72000,1000,71000,138000
062460,京鼎群益9C購01  ,0,0,0,0,0,0,0,0,0,136000,0,0,0,151000,15000,136000,136000
066402,泰鼎凱基01購02  ,0,0,0,0,0,0,0,0,0,136000,0,0,0,176000,40000,136000,136000
06631P,玉晶光群益9A售03,0,0,0,0,0,0,0,0,0,136000,0,0,0,136000,0,136000,136000
08074P,緯穎元富9B售02  ,0,0,0,0,0,0,0,0,0,135000,0,0,0,135000,0,135000,135000
063444,金像電統一03購01,0,0,0,0,0,0,0,0,0,135000,0,0,0,249000,114000,135000,135000
060550,可成凱基9A購02  ,0,0,0,0,0,0,0,0,0,135000,0,0,0,185000,50000,135000,135000
064160,新日興統一01購03,0,0,0,0,0,0,0,0,0,135000,0,0,0,139000,4000,135000,135000
066795,台積電凱基02購07,0,0,0,0,0,0,0,0,0,135000,0,0,0,157000,22000,135000,135000
066834,泰鼎群益01購01  ,0,0,0,0,0,0,0,0,0,135000,0,0,0,196000,61000,135000,135000
064431,台積電凱基01購05,0,0,0,0,0,0,0,0,0,135000,0,0,0,135000,0,135000,135000
2467,志聖            ,244000,107000,137000,0,0,0,0,0,0,-2000,0,2000,-2000,0,0,0,135000
067830,帆宣兆豐03購01  ,0,0,0,0,0,0,0,0,0,134000,0,0,0,248000,114000,134000,134000
067867,冠德元大01購01  ,0,0,0,0,0,0,0,0,0,134000,0,0,0,257000,123000,134000,134000
067187,聯陽凱基01購02  ,0,0,0,0,0,0,0,0,0,134000,0,0,0,255000,121000,134000,134000
065159,臻鼎群益9C購02  ,0,0,0,0,0,0,0,0,0,134000,0,0,0,207000,73000,134000,134000
065058,東元群益9C購01  ,0,0,0,0,0,0,0,0,0,134000,0,0,0,134000,0,134000,134000
054803,味全元大9A購01  ,0,0,0,0,0,0,0,0,0,133000,0,0,0,233000,100000,133000,133000
059379,聯電亞東99購02  ,0,0,0,0,0,0,0,0,0,133000,0,0,0,133000,0,133000,133000
061094,彩晶統一9B購02  ,0,0,0,0,0,0,0,0,0,133000,0,0,0,133000,0,133000,133000
066065,東元凱基04購01  ,0,0,0,0,0,0,0,0,0,133000,0,0,0,146000,13000,133000,133000
2402,毅嘉            ,574000,439000,135000,0,0,0,0,0,0,-2000,0,2000,-2000,0,0,0,133000
6477,安集            ,222000,89000,133000,0,0,0,0,0,0,0,0,0,0,0,0,0,133000
061025,創意富邦9B購01  ,0,0,0,0,0,0,0,0,0,132000,0,0,0,132000,0,132000,132000
063823,T50反1國票01購02,0,0,0,0,0,0,0,0,0,132000,0,0,0,132000,0,132000,132000
057102,亞光中信9A購01  ,0,0,0,0,0,0,0,0,0,131000,0,0,0,201000,70000,131000,131000
064450,致茂統一01購01  ,0,0,0,0,0,0,0,0,0,131000,0,0,0,141000,10000,131000,131000
6209,今國光          ,417000,285000,132000,0,0,0,0,0,0,-1000,0,1000,-1000,0,0,0,131000
3003,健和興          ,278000,146000,132000,0,0,0,0,0,0,-1000,0,0,0,0,1000,-1000,131000
06726P,欣興元富98售04  ,0,0,0,0,0,0,0,0,0,130000,0,0,0,140000,10000,130000,130000
055233,康友國票98購01  ,0,0,0,0,0,0,0,0,0,130000,0,0,0,130000,0,130000,130000
056465,臺股指凱基99購07,0,0,0,0,0,0,0,0,0,130000,0,0,0,131000,1000,130000,130000
061944,聯電群益9B購01  ,0,0,0,0,0,0,0,0,0,130000,0,0,0,209000,79000,130000,130000
060381,元黃金凱基9A購01,0,0,0,0,0,0,0,0,0,130000,0,0,0,159000,29000,130000,130000
064511,GIS元大9C購05   ,0,1000,-1000,0,0,0,0,0,0,131000,0,0,0,342000,211000,131000,130000
064946,台積電凱基01購07,0,0,0,0,0,0,0,0,0,130000,0,0,0,130000,0,130000,130000
064915,美律統一02購02  ,0,0,0,0,0,0,0,0,0,130000,0,0,0,175000,45000,130000,130000
065432,景碩凱基9C購03  ,0,0,0,0,0,0,0,0,0,130000,0,0,0,180000,50000,130000,130000
065608,緯創元大9C購04  ,0,0,0,0,0,0,0,0,0,130000,0,0,0,164000,34000,130000,130000
066515,強茂永豐01購02  ,0,0,0,0,0,0,0,0,0,130000,0,0,0,232000,102000,130000,130000
067425,京元電凱基01購01,0,0,0,0,0,0,0,0,0,129000,0,0,0,161000,32000,129000,129000
054534,台積電富邦98購03,0,0,0,0,0,0,0,0,0,129000,0,0,0,159000,30000,129000,129000
063515,香港2X凱基01購01,0,0,0,0,0,0,0,0,0,129000,0,0,0,135000,6000,129000,129000
065352,GIS統一01購04   ,0,0,0,0,0,0,0,0,0,129000,0,0,0,187000,58000,129000,129000
07954P,台表科元大9B售02,0,0,0,0,0,0,0,0,0,128000,0,0,0,418000,290000,128000,128000
06937P,GIS元大98售03   ,0,0,0,0,0,0,0,0,0,128000,0,0,0,133000,5000,128000,128000
08683P,大立光凱基02售03,0,0,0,0,0,0,0,0,0,128000,0,0,0,161000,33000,128000,128000
056550,瑞儀凱基99購01  ,0,0,0,0,0,0,0,0,0,128000,0,0,0,148000,20000,128000,128000
061177,大立光凱基9A購10,0,0,0,0,0,0,0,0,0,128000,0,0,0,128000,0,128000,128000
08309P,GIS凱基9C售01   ,0,0,0,0,0,0,0,0,0,127000,0,0,0,180000,53000,127000,127000
067972,玉晶光群益02購22,0,0,0,0,0,0,0,0,0,127000,0,0,0,127000,0,127000,127000
056329,上銀國票98購02  ,0,0,0,0,0,0,0,0,0,127000,0,0,0,127000,0,127000,127000
053413,台積電國票99購01,0,0,0,0,0,0,0,0,0,127000,0,0,0,247000,120000,127000,127000
063136,智邦統一9B購02  ,0,0,0,0,0,0,0,0,0,127000,0,0,0,221000,94000,127000,127000
057475,聯電元大9A購01  ,0,0,0,0,0,0,0,0,0,126000,0,0,0,251000,125000,126000,126000
058648,聯陽永豐99購01  ,0,0,0,0,0,0,0,0,0,126000,0,0,0,126000,0,126000,126000
059841,國巨富邦9C購01  ,0,0,0,0,0,0,0,0,0,126000,0,0,0,332000,206000,126000,126000
063419,聯發科凱基03購01,0,0,0,0,0,0,0,0,0,126000,0,0,0,151000,25000,126000,126000
065979,立積元大03購01  ,0,0,0,0,0,0,0,0,0,126000,0,0,0,139000,13000,126000,126000
067061,亞泥元大01購01  ,0,0,0,0,0,0,0,0,0,125000,0,0,0,202000,77000,125000,125000
066953,禾伸堂元大01購01,0,0,0,0,0,0,0,0,0,125000,0,0,0,125000,0,125000,125000
058794,旺宏元大99購09  ,0,0,0,0,0,0,0,0,0,125000,0,0,0,145000,20000,125000,125000
058499,滬深2X元大9C購01,0,0,0,0,0,0,0,0,0,125000,0,0,0,147000,22000,125000,125000
062696,國巨元大9B購16  ,0,0,0,0,0,0,0,0,0,125000,0,0,0,130000,5000,125000,125000
062642,帆宣國票9B購01  ,0,0,0,0,0,0,0,0,0,125000,0,0,0,125000,0,125000,125000
064933,矽創統一01購01  ,0,0,0,0,0,0,0,0,0,125000,0,0,0,150000,25000,125000,125000
2852,第一保          ,362000,234000,128000,0,0,0,0,0,0,-3000,0,3000,-3000,0,0,0,125000
9911,櫻花            ,255000,120000,135000,0,0,0,0,0,0,-10000,0,10000,-10000,0,0,0,125000
08825P,義隆元大01售04  ,0,0,0,0,0,0,0,0,0,124000,0,0,0,192000,68000,124000,124000
08177P,金像電元大9B售02,0,0,0,0,0,0,0,0,0,124000,0,0,0,124000,0,124000,124000
054169,上緯控凱基98購01,0,0,0,0,0,0,0,0,0,124000,0,0,0,124000,0,124000,124000
052152,創意富邦98購01  ,0,0,0,0,0,0,0,0,0,124000,0,0,0,125000,1000,124000,124000
063674,力山國泰01購02  ,0,0,0,0,0,0,0,0,0,124000,0,0,0,1633000,1509000,124000,124000
061974,光寶科元大9B購01,0,0,0,0,0,0,0,0,0,124000,0,0,0,141000,17000,124000,124000
065543,緯穎元富01購01  ,0,0,0,0,0,0,0,0,0,124000,0,0,0,252000,128000,124000,124000
064212,可成凱基03購01  ,0,0,0,0,0,0,0,0,0,124000,0,0,0,181000,57000,124000,124000
066020,東元群益01購01  ,0,0,0,0,0,0,0,0,0,124000,0,0,0,134000,10000,124000,124000
066398,京鼎凱基01購02  ,0,0,0,0,0,0,0,0,0,124000,0,0,0,210000,86000,124000,124000
067321,南六元大01購05  ,0,0,0,0,0,0,0,0,0,123000,0,0,0,169000,46000,123000,123000
057531,禾伸堂元大99購04,0,0,0,0,0,0,0,0,0,123000,0,0,0,133000,10000,123000,123000
064549,神基凱基9C購01  ,0,0,0,0,0,0,0,0,0,123000,0,0,0,170000,47000,123000,123000
065084,南亞科元大9C購08,0,0,0,0,0,0,0,0,0,123000,0,0,0,125000,2000,123000,123000
08221P,台表科凱基9B售05,0,0,0,0,0,0,0,0,0,122000,0,0,0,250000,128000,122000,122000
058584,百和群益9A購01  ,0,0,0,0,0,0,0,0,0,122000,0,0,0,130000,8000,122000,122000
061990,台勝科元大9C購01,0,0,0,0,0,0,0,0,0,122000,0,0,0,132000,10000,122000,122000
063597,健策中信9B購02  ,0,0,0,0,0,0,0,0,0,122000,0,0,0,141000,19000,122000,122000
06453P,群創元大9B售02  ,0,0,0,0,0,0,0,0,0,122000,0,0,0,170000,48000,122000,122000
066611,台積電麥證01購03,0,0,0,138000,21000,117000,0,0,0,122000,0,0,0,148000,26000,122000,122000
065712,緯穎群益9C購03  ,0,0,0,0,0,0,0,0,0,122000,0,0,0,152000,30000,122000,122000
1325,恆大            ,199000,81000,118000,0,0,0,0,0,0,4000,10000,10000,0,4000,0,4000,122000
067963,宏碁群益02購01  ,0,0,0,0,0,0,0,0,0,121000,0,0,0,125000,4000,121000,121000
060284,南港元大01購01  ,0,0,0,0,0,0,0,0,0,121000,0,0,0,122000,1000,121000,121000
063859,國巨國泰01購03  ,0,0,0,0,0,0,0,0,0,121000,0,0,0,169000,48000,121000,121000
066283,鎧勝元大01購02  ,0,0,0,0,0,0,0,0,0,121000,0,0,0,236000,115000,121000,121000
08515P,鴻海群益9C售06  ,0,0,0,0,0,0,0,0,0,120000,0,0,0,120000,0,120000,120000
057802,卜蜂元大98購01  ,0,0,0,0,0,0,0,0,0,120000,0,0,0,120000,0,120000,120000
053297,鎧勝中信98購01  ,0,0,0,0,0,0,0,0,0,120000,0,0,0,120000,0,120000,120000
049842,道瓊反中信98購01,0,0,0,0,0,0,0,0,0,120000,0,0,0,120000,0,120000,120000
054873,帆宣群益99購01  ,0,0,0,0,0,0,0,0,0,120000,0,0,0,126000,6000,120000,120000
060197,臻鼎元富9A購02  ,0,0,0,0,0,0,0,0,0,120000,0,0,0,120000,0,120000,120000
066619,永光凱基01購01  ,0,0,0,0,0,0,0,0,0,120000,0,0,0,120000,0,120000,120000
064970,東元元大9C購01  ,0,0,0,0,0,0,0,0,0,120000,0,0,0,170000,50000,120000,120000
07506P,中租元大9A售01  ,0,0,0,0,0,0,0,0,0,119000,0,0,0,120000,1000,119000,119000
067246,鎧勝群益01購02  ,0,0,0,0,0,0,0,0,0,119000,0,0,0,125000,6000,119000,119000
046629,群創統一98購01  ,0,0,0,0,0,0,0,0,0,119000,0,0,0,149000,30000,119000,119000
00706L,元大S&P日圓正2  ,0,0,0,0,0,0,0,0,0,119000,0,0,0,152000,33000,119000,119000
057394,台積電中信9C購02,0,0,0,0,0,0,0,0,0,119000,0,0,0,177000,58000,119000,119000
063208,鈺齊統一9C購01  ,0,0,0,0,0,0,0,0,0,119000,0,0,0,119000,0,119000,119000
058763,和碩群益99購01  ,0,0,0,0,0,0,0,0,0,119000,0,0,0,119000,0,119000,119000
064781,嘉晶群益9C購04  ,0,0,0,0,0,0,0,0,0,119000,0,0,0,202000,83000,119000,119000
066449,瀚宇博群益01購01,0,0,0,0,0,0,0,0,0,119000,0,0,0,119000,0,119000,119000
065877,TPK群益9C購05   ,0,0,0,0,0,0,0,0,0,119000,0,0,0,119000,0,119000,119000
2457,飛宏            ,391000,271000,120000,0,0,0,0,0,0,-1000,0,1000,-1000,0,0,0,119000
059008,鈺齊元大99購03  ,0,0,0,0,0,0,0,0,0,118000,0,0,0,128000,10000,118000,118000
056375,玉晶光統一01購01,0,0,0,0,0,0,0,0,0,118000,0,0,0,247000,129000,118000,118000
062179,旺宏元大9B購05  ,0,0,0,0,0,0,0,0,0,118000,0,0,0,118000,0,118000,118000
064421,技嘉兆豐01購01  ,0,0,0,0,0,0,0,0,0,118000,0,0,0,190000,72000,118000,118000
3044,健鼎            ,1100000,967302,132698,0,0,0,3000,0,3000,-18000,1000,8000,-7000,14000,25000,-11000,117698
067206,台積電元大01購23,0,0,0,0,0,0,0,0,0,117000,0,0,0,122000,5000,117000,117000
08909P,華新科凱基01售04,0,0,0,0,0,0,0,0,0,117000,0,0,0,159000,42000,117000,117000
063147,東元元富9B購01  ,0,0,0,0,0,0,0,0,0,117000,0,0,0,212000,95000,117000,117000
062396,華通永豐9B購01  ,0,0,0,0,0,0,0,0,0,117000,0,0,0,118000,1000,117000,117000
00739,元大MSCI A股    ,37000,14000,23000,0,0,0,0,0,0,93000,0,0,0,617000,524000,93000,116000
063433,臻鼎元富9B購01  ,0,0,0,0,0,0,0,0,0,116000,0,0,0,249000,133000,116000,116000
06334P,臺股指群益9C售03,0,0,0,0,0,0,0,0,0,116000,0,0,0,488000,372000,116000,116000
066249,生達元大01購01  ,0,0,0,0,0,0,0,0,0,116000,0,0,0,422000,306000,116000,116000
4536,拓凱            ,324000,78000,246000,0,0,0,0,80000,-80000,-50000,0,72000,-72000,23000,1000,22000,116000
07366P,國巨康和99售02  ,0,0,0,0,0,0,0,0,0,115000,0,0,0,115000,0,115000,115000
065905,聯茂富邦02購01  ,0,0,0,0,0,0,0,0,0,115000,0,0,0,125000,10000,115000,115000
064354,同欣電元大9C購05,0,0,0,0,0,0,0,0,0,115000,0,0,0,120000,5000,115000,115000
064651,GIS凱基9C購02   ,0,0,0,0,0,0,0,0,0,115000,0,0,0,186000,71000,115000,115000
07894P,燿華元大9B售01  ,0,0,0,0,0,0,0,0,0,114000,0,0,0,114000,0,114000,114000
062047,緯穎凱基9B購01  ,0,0,0,0,0,0,0,0,0,114000,0,0,0,230000,116000,114000,114000
064159,新日興統一01購02,0,0,0,0,0,0,0,0,0,114000,0,0,0,114000,0,114000,114000
2365,昆盈            ,210000,146000,64000,0,0,0,0,0,0,50000,50000,0,50000,0,0,0,114000
08617P,緯創元富9C售03  ,0,0,0,0,0,0,0,0,0,113000,0,0,0,202000,89000,113000,113000
055966,茂林元大99購01  ,0,0,0,0,0,0,0,0,0,113000,0,0,0,165000,52000,113000,113000
063479,南六元大9B購06  ,0,0,0,0,0,0,0,0,0,113000,0,0,0,150000,37000,113000,113000
067086,中磊元大01購01  ,0,0,0,0,0,0,0,0,0,112000,0,0,0,128000,16000,112000,112000
054827,宏全元大9A購01  ,0,0,0,0,0,0,0,0,0,112000,0,0,0,142000,30000,112000,112000
057045,美律元大99購04  ,0,0,0,0,0,0,0,0,0,112000,0,0,0,120000,8000,112000,112000
053945,國巨富邦98購02  ,0,0,0,0,0,0,0,0,0,112000,0,0,0,112000,0,112000,112000
059294,宏達電元富9B購02,0,0,0,0,0,0,0,0,0,112000,0,0,0,217000,105000,112000,112000
063471,泰鼎元大9C購01  ,0,0,0,0,0,0,0,0,0,112000,0,0,0,373000,261000,112000,112000
063438,聚陽統一9C購01  ,0,0,0,0,0,0,0,0,0,112000,0,0,0,112000,0,112000,112000
063673,GIS統一9C購02   ,0,0,0,0,0,0,0,0,0,112000,0,0,0,160000,48000,112000,112000
062171,中磊永豐9B購01  ,0,0,0,0,0,0,0,0,0,112000,0,0,0,112000,0,112000,112000
063091,聯電中信9B購01  ,0,0,0,0,0,0,0,0,0,112000,0,0,0,215000,103000,112000,112000
063076,柏文永豐9B購02  ,0,0,0,0,0,0,0,0,0,112000,0,0,0,112000,0,112000,112000
065526,台表科群益9C購03,0,0,0,0,0,0,0,0,0,112000,0,0,0,183000,71000,112000,112000
066913,樺漢凱基01購01  ,0,0,0,0,0,0,0,0,0,111000,0,0,0,137000,26000,111000,111000
057020,台積電凱基99購02,0,0,0,0,0,0,0,0,0,111000,0,0,0,222000,111000,111000,111000
006206,元大上證50      ,22000,202000,-180000,0,0,0,0,0,0,291000,0,0,0,982000,691000,291000,111000
062676,南六台新9B購01  ,0,0,0,0,0,0,0,0,0,111000,0,0,0,111000,0,111000,111000
060851,國巨國泰9C購01  ,0,0,0,0,0,0,0,0,0,111000,0,0,0,121000,10000,111000,111000
065403,健鼎國泰02購01  ,0,0,0,0,0,0,0,0,0,111000,0,0,0,165000,54000,111000,111000
06485P,玉晶光群益9A售02,0,0,0,0,0,0,0,0,0,111000,0,0,0,134000,23000,111000,111000
065865,光寶科群益9C購02,0,0,0,0,0,0,0,0,0,111000,0,0,0,123000,12000,111000,111000
066946,京元電元大01購04,0,0,0,0,0,0,0,0,0,110000,0,0,0,466000,356000,110000,110000
067244,康控群益01購02  ,0,0,0,0,0,0,0,0,0,110000,0,0,0,110000,0,110000,110000
08270P,鴻海富邦9C售02  ,0,0,0,0,0,0,0,0,0,110000,0,0,0,120000,10000,110000,110000
07955P,大成鋼群益9B售02,0,0,0,0,0,0,0,0,0,110000,0,0,0,130000,20000,110000,110000
08084P,台表科元大9B售06,0,0,0,0,0,0,0,0,0,110000,0,0,0,400000,290000,110000,110000
053891,欣興群益98購01  ,0,0,0,0,0,0,0,0,0,110000,0,0,0,200000,90000,110000,110000
054624,台積電凱基98購03,0,0,0,0,0,0,0,0,0,110000,0,0,0,110000,0,110000,110000
057442,玉晶光統一98購03,0,0,0,0,0,0,0,0,0,110000,0,0,0,386000,276000,110000,110000
060246,晶相光元大9C購03,0,0,0,0,0,0,0,0,0,110000,0,0,0,125000,15000,110000,110000
063021,大立光元大9C購05,0,0,0,0,0,0,0,0,0,110000,0,0,0,110000,0,110000,110000
065908,聯發科永豐9C購04,0,0,0,0,0,0,0,0,0,110000,0,0,0,130000,20000,110000,110000
065940,立積群益02購01  ,10000,0,10000,0,0,0,0,0,0,100000,0,0,0,255000,155000,100000,110000
066181,泰鼎凱基01購01  ,0,0,0,0,0,0,0,0,0,110000,0,0,0,145000,35000,110000,110000
066632,智原凱基02購01  ,0,0,0,0,0,0,0,0,0,110000,0,0,0,110000,0,110000,110000
066661,友達凱基03購01  ,0,0,0,0,0,0,0,0,0,110000,0,0,0,110000,0,110000,110000
064738,裕隆國票01購01  ,0,0,0,0,0,0,0,0,0,110000,0,0,0,110000,0,110000,110000
064461,致伸統一01購01  ,0,0,0,0,0,0,0,0,0,110000,0,0,0,110000,0,110000,110000
065170,智邦元大9C購07  ,0,0,0,0,0,0,0,0,0,110000,0,0,0,111000,1000,110000,110000
068107,台灣50台新01購06,0,0,0,0,0,0,0,0,0,109000,0,0,0,110000,1000,109000,109000
055160,玉晶光元大99購03,0,0,0,0,0,0,0,0,0,109000,0,0,0,109000,0,109000,109000
061986,晶豪科元大9B購01,0,0,0,0,0,0,0,0,0,109000,0,0,0,109000,0,109000,109000
061305,帆宣永豐9A購01  ,0,0,0,0,0,0,0,0,0,109000,0,0,0,109000,0,109000,109000
064845,華通元富9C購02  ,0,0,0,0,0,0,0,0,0,109000,0,0,0,109000,0,109000,109000
067449,微星國票02購02  ,0,0,0,0,0,0,0,0,0,108000,0,0,0,193000,85000,108000,108000
067071,燿華元大01購02  ,0,0,0,0,0,0,0,0,0,108000,0,0,0,108000,0,108000,108000
054156,聯電亞東98購01  ,0,0,0,0,0,0,0,0,0,108000,0,0,0,108000,0,108000,108000
061077,國巨兆豐9B購01  ,0,0,0,0,0,0,0,0,0,108000,0,0,0,229000,121000,108000,108000
063826,中興電國票01購01,0,0,0,0,0,0,0,0,0,108000,0,0,0,157000,49000,108000,108000
062697,國巨元大9C購01  ,0,0,0,0,0,0,0,0,0,108000,0,0,0,200000,92000,108000,108000
063630,智邦元大9B購09  ,0,0,0,0,0,0,0,0,0,108000,0,0,0,149000,41000,108000,108000
063494,金像電富邦9B購01,0,0,0,0,0,0,0,0,0,108000,0,0,0,180000,72000,108000,108000
067933,微星凱基02購04  ,0,0,0,0,0,0,0,0,0,107000,0,0,0,150000,43000,107000,107000
065085,聯發科元大01購02,0,0,0,0,0,0,0,0,0,107000,0,0,0,119000,12000,107000,107000
3622,洋華            ,209000,101000,108000,0,0,0,0,0,0,-1000,0,1000,-1000,0,0,0,107000
8454,富邦媒          ,166030,57000,109030,0,0,0,0,0,0,-3000,0,3000,-3000,0,0,0,106030
067389,聯發科元富07購04,0,0,0,0,0,0,0,0,0,106000,0,0,0,322000,216000,106000,106000
08010P,大成鋼元大9B售01,0,0,0,0,0,0,0,0,0,106000,0,0,0,170000,64000,106000,106000
061339,京元電元大9A購05,0,0,0,0,0,0,0,0,0,106000,0,0,0,113000,7000,106000,106000
061047,大立光第一9A購01,0,0,0,0,0,0,0,0,0,106000,0,0,0,106000,0,106000,106000
066363,美律中信05購01  ,0,0,0,0,0,0,0,0,0,106000,0,0,0,106000,0,106000,106000
8271,宇瞻            ,327000,221000,106000,0,0,0,0,0,0,0,0,0,0,0,0,0,106000
08264P,南電元大9C售02  ,0,0,0,0,0,0,0,0,0,105000,0,0,0,105000,0,105000,105000
067037,美利達康和01購02,0,0,0,0,0,0,0,0,0,105000,0,0,0,223000,118000,105000,105000
067164,台虹國票02購01  ,0,0,0,0,0,0,0,0,0,105000,0,0,0,117000,12000,105000,105000
067843,聯發科元富07購05,50000,0,50000,0,0,0,0,0,0,55000,0,0,0,215000,160000,55000,105000
03084P,鴻海元大01售23  ,0,0,0,0,0,0,0,0,0,105000,0,0,0,200000,95000,105000,105000
062141,遠東新國票9B購01,0,5000,-5000,0,0,0,0,0,0,110000,0,0,0,110000,0,110000,105000
062616,玉晶光元大9C購06,0,0,0,0,0,0,0,0,0,105000,0,0,0,163000,58000,105000,105000
066320,順德永豐01購01  ,0,0,0,0,0,0,0,0,0,105000,0,0,0,107000,2000,105000,105000
06652P,長榮航元大98售01,0,0,0,0,0,0,0,0,0,105000,0,0,0,105000,0,105000,105000
066763,創意永豐01購02  ,0,0,0,0,0,0,0,0,0,105000,0,0,0,176000,71000,105000,105000
064529,友達中信01購03  ,0,0,0,0,0,0,0,0,0,105000,0,0,0,105000,0,105000,105000
064267,南六永豐9C購03  ,0,0,0,0,0,0,0,0,0,105000,0,0,0,105000,0,105000,105000
08698P,可成凱基01售02  ,0,0,0,0,0,0,0,0,0,104000,0,0,0,151000,47000,104000,104000
054378,楠梓電群益98購01,0,0,0,0,0,0,0,0,0,104000,0,0,0,104000,0,104000,104000
058067,台積電第一9C購01,0,0,0,0,0,0,0,0,0,104000,0,0,0,104000,0,104000,104000
057570,技嘉永豐98購02  ,0,0,0,0,0,0,0,0,0,104000,0,0,0,113000,9000,104000,104000
062046,矽格凱基9B購01  ,0,0,0,0,0,0,0,0,0,104000,0,0,0,189000,85000,104000,104000
058664,百和兆豐99購01  ,0,0,0,0,0,0,0,0,0,104000,0,0,0,104000,0,104000,104000
062204,京元電國票9C購01,0,0,0,0,0,0,0,0,0,104000,0,0,0,137000,33000,104000,104000
063844,台積電元大9C購05,0,0,0,0,0,0,0,0,0,104000,0,0,0,115000,11000,104000,104000
066687,國巨元富07購05  ,0,0,0,0,0,0,0,0,0,104000,0,0,0,305000,201000,104000,104000
066275,台勝科元大01購01,0,0,0,0,0,0,0,0,0,104000,0,0,0,150000,46000,104000,104000
065700,京元電群益9C購01,0,0,0,0,0,0,0,0,0,104000,0,0,0,196000,92000,104000,104000
8464,億豐            ,460112,323368,136744,0,0,0,0,30000,-30000,-3000,6000,3000,3000,0,6000,-6000,103744
08380P,GIS元大9C售06   ,0,0,0,0,0,0,0,0,0,103000,0,0,0,155000,52000,103000,103000
059955,美食康和99購01  ,0,0,0,0,0,0,0,0,0,103000,0,0,0,103000,0,103000,103000
061639,晶豪科元大9A購02,0,0,0,0,0,0,0,0,0,103000,0,0,0,108000,5000,103000,103000
062200,臺指反國票03購01,0,0,0,0,0,0,0,0,0,103000,0,0,0,103000,0,103000,103000
06638P,鴻海統一99售02  ,0,0,0,0,0,0,0,0,0,103000,0,0,0,103000,0,103000,103000
066660,群光凱基01購01  ,0,0,0,0,0,0,0,0,0,103000,0,0,0,105000,2000,103000,103000
066783,友達中信01購04  ,0,0,0,0,0,0,0,0,0,103000,0,0,0,133000,30000,103000,103000
064678,嘉晶兆豐01購01  ,0,0,0,0,0,0,0,0,0,103000,0,0,0,103000,0,103000,103000
065415,台積電兆豐9C購05,0,0,0,0,0,0,0,0,0,103000,0,0,0,111000,8000,103000,103000
07864P,可成元大9B售01  ,0,0,0,0,0,0,0,0,0,102000,0,0,0,260000,158000,102000,102000
067903,申豐群益01購01  ,0,0,0,0,0,0,0,0,0,102000,0,0,0,202000,100000,102000,102000
066904,台積電凱基02購10,0,0,0,0,0,0,0,0,0,102000,0,0,0,113000,11000,102000,102000
059884,鴻海國票99購09  ,0,0,0,0,0,0,0,0,0,102000,0,0,0,102000,0,102000,102000
062520,晶豪科元大9B購02,0,0,0,0,0,0,0,0,0,102000,0,0,0,102000,0,102000,102000
061931,力山國票9B購02  ,0,0,0,0,0,0,0,0,0,102000,0,0,0,113000,11000,102000,102000
066548,燿華元大02購02  ,0,0,0,0,0,0,0,0,0,102000,0,0,0,102000,0,102000,102000
066481,華碩元富01購01  ,0,0,0,0,0,0,0,0,0,102000,0,0,0,152000,50000,102000,102000
910861,神州-DR         ,102000,0,102000,0,0,0,0,0,0,0,0,0,0,0,0,0,102000
2231,為升            ,375000,247000,128000,0,0,0,0,18000,-18000,-8000,0,0,0,1000,9000,-8000,102000
2472,立隆電          ,351000,248000,103000,0,0,0,0,0,0,-1000,4000,5000,-1000,0,0,0,102000
067111,聯詠群益01購03  ,0,0,0,0,0,0,0,0,0,101000,0,0,0,101000,0,101000,101000
067517,台積電台新01購04,0,0,0,0,0,0,0,0,0,101000,0,0,0,101000,0,101000,101000
08865P,欣興元大01售02  ,0,0,0,0,0,0,0,0,0,101000,0,0,0,111000,10000,101000,101000
055032,億光富邦99購01  ,0,0,0,0,0,0,0,0,0,101000,0,0,0,159000,58000,101000,101000
051266,國巨富邦99購01  ,0,0,0,0,0,0,0,0,0,101000,0,0,0,117000,16000,101000,101000
059037,宏達電群益99購02,0,0,0,0,0,0,0,0,0,101000,0,0,0,105000,4000,101000,101000
064050,景碩統一01購01  ,0,0,0,0,0,0,0,0,0,101000,0,0,0,101000,0,101000,101000
064763,祥碩凱基02購01  ,0,0,0,0,0,0,0,0,0,101000,0,0,0,324000,223000,101000,101000
064782,健策群益9C購02  ,0,0,0,0,0,0,0,0,0,101000,0,0,0,106000,5000,101000,101000
3437,榮創            ,812000,711000,101000,0,0,0,0,0,0,0,0,0,0,0,0,0,101000
08852P,台灣50台新01售01,0,0,0,0,0,0,0,0,0,100000,0,0,0,100000,0,100000,100000
08508P,臺股指國票9C售09,0,0,0,0,0,0,0,0,0,100000,0,0,0,100000,0,100000,100000
07407P,欣興凱基99售07  ,0,0,0,0,0,0,0,0,0,100000,0,0,0,100000,0,100000,100000
07253P,台灣50凱基9A售05,0,0,0,0,0,0,0,0,0,100000,0,0,0,100000,0,100000,100000
07645P,華通元大9A售06  ,0,0,0,0,0,0,0,0,0,100000,0,0,0,100000,0,100000,100000
06863P,欣興凱基98售05  ,0,0,0,0,0,0,0,0,0,100000,0,0,0,100000,0,100000,100000
07117P,SGBR2X凱基9C售01,0,0,0,0,0,0,0,0,0,100000,0,0,0,100000,0,100000,100000
067325,巨大元大01購05  ,0,0,0,0,0,0,0,0,0,100000,0,0,0,100000,0,100000,100000
067050,京鼎凱基03購01  ,0,0,0,0,0,0,0,0,0,100000,0,0,0,150000,50000,100000,100000
06689P,鴻海中信9C售02  ,0,0,0,0,0,0,0,0,0,100000,0,0,0,100000,0,100000,100000
067966,聯發科群益01購09,0,0,0,0,0,0,0,0,0,100000,0,0,0,100000,0,100000,100000
067614,台汽電凱基01購01,0,0,0,0,0,0,0,0,0,100000,0,0,0,100000,0,100000,100000
067684,康控元大01購05  ,0,0,0,0,0,0,0,0,0,100000,0,0,0,100000,0,100000,100000
058736,鈺齊永豐99購02  ,0,0,0,0,0,0,0,0,0,100000,0,0,0,100000,0,100000,100000
058665,台灣50群益9B購02,0,0,0,0,0,0,0,0,0,100000,0,0,0,145000,45000,100000,100000
058600,國巨元大99購15  ,0,0,0,0,0,0,0,0,0,100000,0,0,0,130000,30000,100000,100000
058450,旺宏永豐99購01  ,0,0,0,0,0,0,0,0,0,100000,0,0,0,100000,0,100000,100000
059096,百和元大99購04  ,0,0,0,0,0,0,0,0,0,100000,0,0,0,100000,0,100000,100000
057641,旺宏元大98購10  ,0,0,0,0,0,0,0,0,0,100000,0,0,0,100000,0,100000,100000
057346,鴻海統一98購13  ,0,0,0,0,0,0,0,0,0,100000,0,0,0,100000,0,100000,100000
057032,A50反1元大9B購01,0,0,0,0,0,0,0,0,0,100000,0,0,0,100000,0,100000,100000
052888,台表科中信9A購01,0,0,0,0,0,0,0,0,0,100000,0,0,0,100000,0,100000,100000
055377,揚明光元大98購01,0,0,0,0,0,0,0,0,0,100000,0,0,0,100000,0,100000,100000
057997,旺宏第一9C購01  ,0,0,0,0,0,0,0,0,0,100000,0,0,0,100000,0,100000,100000
057964,緯穎元大99購03  ,0,0,0,0,0,0,0,0,0,100000,0,0,0,150000,50000,100000,100000
063934,寶成統一02購01  ,0,0,0,0,0,0,0,0,0,100000,0,0,0,120000,20000,100000,100000
063832,矽創國票01購01  ,0,0,0,0,0,0,0,0,0,100000,0,0,0,100000,0,100000,100000
061587,美律富邦9A購02  ,0,0,0,0,0,0,0,0,0,100000,0,0,0,100000,0,100000,100000
060419,漢翔永豐9A購01  ,0,0,0,0,0,0,0,0,0,100000,0,0,0,100000,0,100000,100000
061712,旺宏凱基9A購08  ,0,0,0,0,0,0,0,0,0,100000,0,0,0,100000,0,100000,100000
061714,華新科凱基9A購15,0,0,0,0,0,0,0,0,0,100000,0,0,0,100000,0,100000,100000
062367,禾伸堂元大9B購02,0,0,0,0,0,0,0,0,0,100000,0,0,0,100000,0,100000,100000
063455,T50反1元大9B購07,0,0,0,0,0,0,0,0,0,100000,0,0,0,100000,0,100000,100000
063216,元黃金群益9B購02,0,0,0,0,0,0,0,0,0,100000,0,0,0,100000,0,100000,100000
062603,台化凱基9B購01  ,0,0,0,0,0,0,0,0,0,100000,0,0,0,100000,0,100000,100000
062941,大立光凱基9B購07,0,0,0,0,0,0,0,0,0,100000,0,0,0,100000,0,100000,100000
064795,致伸國票01購01  ,0,0,0,0,0,0,0,0,0,100000,0,0,0,100000,0,100000,100000
064750,緯穎麥證9C購01  ,0,0,0,100000,0,100000,0,0,0,100000,0,0,0,100000,0,100000,100000
064620,大立光元大01購03,0,0,0,0,0,0,0,0,0,100000,0,0,0,100000,0,100000,100000
064375,智邦元富03購01  ,0,0,0,0,0,0,0,0,0,100000,0,0,0,208000,108000,100000,100000
064326,裕隆元大9C購01  ,0,0,0,0,0,0,0,0,0,100000,0,0,0,100000,0,100000,100000
065349,玉晶光統一9C購05,0,0,0,0,0,0,0,0,0,100000,0,0,0,538000,438000,100000,100000
06525P,上証2X國泰99售01,0,0,0,0,0,0,0,0,0,100000,0,0,0,100000,0,100000,100000
065601,聯發科元大01購05,0,0,0,0,0,0,0,0,0,100000,0,0,0,132000,32000,100000,100000
066324,仲琦永豐01購01  ,0,0,0,0,0,0,0,0,0,100000,0,0,0,100000,0,100000,100000
066738,聯鈞元大01購05  ,0,0,0,0,0,0,0,0,0,100000,0,0,0,100000,0,100000,100000
06657P,寶成元大98售01  ,0,0,0,0,0,0,0,0,0,100000,0,0,0,105000,5000,100000,100000
066059,帆宣元大01購01  ,0,0,0,0,0,0,0,0,0,100000,0,0,0,124000,24000,100000,100000
5546,永固-KY         ,103000,3000,100000,0,0,0,0,0,0,0,0,0,0,0,0,0,100000
067808,聯發科凱基01購16,0,0,0,0,0,0,0,0,0,99000,0,0,0,119000,20000,99000,99000
057973,神達富邦9A購01  ,0,0,0,0,0,0,0,0,0,99000,0,0,0,99000,0,99000,99000
057162,上銀元大98購03  ,0,0,0,0,0,0,0,0,0,99000,0,0,0,100000,1000,99000,99000
056892,旺宏元大9A購02  ,0,0,0,0,0,0,0,0,0,99000,0,0,0,230000,131000,99000,99000
058625,旺宏國票9A購01  ,0,0,0,0,0,0,0,0,0,99000,0,0,0,100000,1000,99000,99000
063573,茂林元大9B購06  ,0,0,0,0,0,0,0,0,0,99000,0,0,0,134000,35000,99000,99000
060651,瑞儀中信9B購01  ,0,0,0,0,0,0,0,0,0,99000,0,0,0,120000,21000,99000,99000
066720,滬深2X元大01購07,0,0,0,0,0,0,0,0,0,99000,0,0,0,169000,70000,99000,99000
066434,台虹元大01購01  ,0,0,0,0,0,0,0,0,0,99000,0,0,0,185000,86000,99000,99000
065576,泰鼎群益9C購02  ,0,0,0,0,0,0,0,0,0,99000,0,0,0,141000,42000,99000,99000
064327,金寶元大01購01  ,0,0,0,0,0,0,0,0,0,99000,0,0,0,180000,81000,99000,99000
064217,GIS凱基02購02   ,0,0,0,0,0,0,0,0,0,99000,0,0,0,194000,95000,99000,99000
064724,健鼎統一02購02  ,0,0,0,0,0,0,0,0,0,99000,0,0,0,99000,0,99000,99000
067416,南紡凱基01購01  ,0,0,0,0,0,0,0,0,0,98000,0,0,0,118000,20000,98000,98000
08517P,奇力新群益9C售03,0,0,0,0,0,0,0,0,0,98000,0,0,0,108000,10000,98000,98000
063315,京元電群益9B購03,0,0,0,0,0,0,0,0,0,98000,0,0,0,104000,6000,98000,98000
03421B,臺股指元大99熊01,0,0,0,0,0,0,0,0,0,98000,0,0,0,261000,163000,98000,98000
059917,華新科元大99購19,0,0,0,0,0,0,0,0,0,98000,0,0,0,120000,22000,98000,98000
060760,南亞科元大9A購04,0,0,0,0,0,0,0,0,0,98000,0,0,0,98000,0,98000,98000
064206,鴻海凱基03購02  ,0,0,0,0,0,0,0,0,0,98000,0,0,0,100000,2000,98000,98000
062352,南六群益9B購02  ,0,0,0,0,0,0,0,0,0,98000,0,0,0,98000,0,98000,98000
064355,南六元大01購01  ,0,0,0,0,0,0,0,0,0,98000,0,0,0,128000,30000,98000,98000
065561,同欣電麥證9C購03,0,0,0,98000,0,98000,0,0,0,98000,0,0,0,98000,0,98000,98000
065507,亞德客群益01購02,0,0,0,0,0,0,0,0,0,98000,0,0,0,167000,69000,98000,98000
064972,台積電元大9C購11,0,0,0,0,0,0,0,0,0,98000,0,0,0,170000,72000,98000,98000
066596,健策群益02購01  ,0,0,0,0,0,0,0,0,0,98000,0,0,0,101000,3000,98000,98000
066130,燿華群益01購03  ,0,0,0,0,0,0,0,0,0,98000,0,0,0,128000,30000,98000,98000
08329P,台達電統一9C售02,0,0,0,0,0,0,0,0,0,97000,0,0,0,177000,80000,97000,97000
067006,德律永豐01購02  ,0,0,0,0,0,0,0,0,0,97000,0,0,0,97000,0,97000,97000
060340,國巨統一01購02  ,0,0,0,0,0,0,0,0,0,97000,0,0,0,194000,97000,97000,97000
066490,創意元富07購01  ,0,0,0,0,0,0,0,0,0,97000,0,0,0,105000,8000,97000,97000
064520,京鼎群益02購01  ,0,0,0,0,0,0,0,0,0,97000,0,0,0,135000,38000,97000,97000
067426,聯發科凱基01購14,0,0,0,0,0,0,0,0,0,96000,0,0,0,341000,245000,96000,96000
067247,瀚宇博群益01購02,0,0,0,0,0,0,0,0,0,96000,0,0,0,118000,22000,96000,96000
067581,聯電群益03購01  ,0,0,0,0,0,0,0,0,0,96000,0,0,0,113000,17000,96000,96000
064149,美律統一02購01  ,0,0,0,0,0,0,0,0,0,96000,0,0,0,148000,52000,96000,96000
063876,華新元富9C購01  ,0,0,0,0,0,0,0,0,0,96000,0,0,0,100000,4000,96000,96000
066346,眾達永豐01購01  ,0,0,0,0,0,0,0,0,0,96000,0,0,0,358000,262000,96000,96000
6533,晶心科          ,298000,201000,97000,0,0,0,0,0,0,-1000,0,1000,-1000,0,0,0,96000
067514,申豐統一02購05  ,0,0,0,0,0,0,0,0,0,95000,0,0,0,133000,38000,95000,95000
08471P,日月光凱基9C售02,0,0,0,0,0,0,0,0,0,95000,0,0,0,136000,41000,95000,95000
08090P,嘉澤統一9B售01  ,0,0,0,0,0,0,0,0,0,95000,0,0,0,100000,5000,95000,95000
055701,亞德客富邦99購01,0,0,0,0,0,0,0,0,0,95000,0,0,0,110000,15000,95000,95000
057269,鈺齊兆豐98購01  ,0,0,0,0,0,0,0,0,0,95000,0,0,0,95000,0,95000,95000
060978,國巨元大9A購13  ,0,0,0,0,0,0,0,0,0,95000,0,0,0,161000,66000,95000,95000
062745,聯詠永豐9B購01  ,0,0,0,0,0,0,0,0,0,95000,0,0,0,95000,0,95000,95000
06626P,大立光統一9A售01,0,0,0,0,0,0,0,0,0,95000,0,0,0,100000,5000,95000,95000
064766,矽創凱基9C購01  ,0,0,0,0,0,0,0,0,0,95000,0,0,0,100000,5000,95000,95000
065160,聯茂群益9C購02  ,0,0,0,0,0,0,0,0,0,95000,0,0,0,95000,0,95000,95000
08004P,大毅永豐9B售02  ,0,0,0,0,0,0,0,0,0,94000,0,0,0,97000,3000,94000,94000
067454,矽格國票02購02  ,0,0,0,0,0,0,0,0,0,94000,0,0,0,141000,47000,94000,94000
067540,新日興群益02購01,0,0,0,0,0,0,0,0,0,94000,0,0,0,98000,4000,94000,94000
056408,奇鋐國票99購01  ,0,0,0,0,0,0,0,0,0,94000,0,0,0,96000,2000,94000,94000
055907,台虹兆豐98購01  ,0,0,0,0,0,0,0,0,0,94000,0,0,0,94000,0,94000,94000
057126,台積電凱基99購03,0,0,0,0,0,0,0,0,0,94000,0,0,0,117000,23000,94000,94000
063164,聯發科永豐9B購03,0,0,0,0,0,0,0,0,0,94000,0,0,0,96000,2000,94000,94000
058371,智原凱基9A購01  ,0,0,0,0,0,0,0,0,0,94000,0,0,0,113000,19000,94000,94000
061544,大毅群益9B購02  ,0,0,0,0,0,0,0,0,0,94000,0,0,0,293000,199000,94000,94000
063703,晶豪科群益9B購02,0,0,0,0,0,0,0,0,0,94000,0,0,0,94000,0,94000,94000
063377,泰鼎永豐9B購03  ,0,0,0,0,0,0,0,0,0,94000,0,0,0,99000,5000,94000,94000
065087,可成元大9C購08  ,0,0,0,0,0,0,0,0,0,94000,0,0,0,144000,50000,94000,94000
065497,台積電富邦03購03,0,0,0,0,0,0,0,0,0,94000,0,0,0,94000,0,94000,94000
065482,立積元大01購02  ,0,0,0,0,0,0,0,0,0,94000,0,0,0,186000,92000,94000,94000
064809,冠德元大9C購01  ,0,0,0,0,0,0,0,0,0,94000,0,0,0,127000,33000,94000,94000
064568,聯鈞群益9C購01  ,0,0,0,0,0,0,0,0,0,94000,0,0,0,202000,108000,94000,94000
066433,南六元大02購01  ,0,0,0,0,0,0,0,0,0,94000,0,0,0,231000,137000,94000,94000
066194,美利達凱基01購01,0,0,0,0,0,0,0,0,0,94000,0,0,0,94000,0,94000,94000
1472,三洋紡          ,109000,15000,94000,0,0,0,0,0,0,0,0,0,0,0,0,0,94000
067649,台積電元富07購05,0,1000,-1000,0,0,0,0,0,0,94000,0,0,0,156000,62000,94000,93000
067121,台虹群益01購01  ,0,0,0,0,0,0,0,0,0,93000,0,0,0,108000,15000,93000,93000
063314,美律群益9B購01  ,0,0,0,0,0,0,0,0,0,93000,0,0,0,128000,35000,93000,93000
062666,和碩群益9B購01  ,0,0,0,0,0,0,0,0,0,93000,0,0,0,108000,15000,93000,93000
060763,聯鈞元大9A購03  ,0,0,0,0,0,0,0,0,0,93000,0,0,0,98000,5000,93000,93000
061590,金寶永豐9A購01  ,0,0,0,0,0,0,0,0,0,93000,0,0,0,93000,0,93000,93000
064031,玉晶光元大02購01,0,0,0,0,0,0,0,0,0,93000,0,0,0,105000,12000,93000,93000
03687C,臺股指凱基9C牛22,0,0,0,0,0,0,0,0,0,92000,0,0,0,196000,104000,92000,92000
057267,康控兆豐99購01  ,0,0,0,0,0,0,0,0,0,92000,0,0,0,93000,1000,92000,92000
062850,友訊永豐9B購01  ,0,0,0,0,0,0,0,0,0,92000,0,0,0,105000,13000,92000,92000
063633,金像電元大9B購05,0,0,0,0,0,0,0,0,0,92000,0,0,0,104000,12000,92000,92000
07128P,大毅元大99售04  ,0,0,0,0,0,0,0,0,0,91000,0,0,0,91000,0,91000,91000
058766,力山兆豐99購01  ,0,0,0,0,0,0,0,0,0,91000,0,0,0,91000,0,91000,91000
065812,寶成群益9C購02  ,0,0,0,0,0,0,0,0,0,91000,0,0,0,98000,7000,91000,91000
08395P,燿華永豐9C售02  ,0,0,0,0,0,0,0,0,0,90000,0,0,0,90000,0,90000,90000
067079,聯鈞元大02購01  ,0,0,0,0,0,0,0,0,0,90000,0,0,0,100000,10000,90000,90000
06793P,臺股指凱基98售03,0,0,0,0,0,0,0,0,0,90000,0,0,0,90000,0,90000,90000
058170,國巨凱基9A購06  ,0,0,0,0,0,0,0,0,0,90000,0,0,0,90000,0,90000,90000
061389,華新科群益9B購01,0,0,0,0,0,0,0,0,0,90000,0,0,0,98000,8000,90000,90000
058900,旺宏元大99購11  ,0,0,0,0,0,0,0,0,0,90000,0,0,0,125000,35000,90000,90000
063622,健策兆豐9B購01  ,0,0,0,0,0,0,0,0,0,90000,0,0,0,195000,105000,90000,90000
06211P,鴻海元大98售04  ,0,0,0,0,0,0,0,0,0,90000,0,0,0,90000,0,90000,90000
060072,國巨元富99購04  ,0,0,0,0,0,0,0,0,0,90000,0,0,0,120000,30000,90000,90000
060027,元金2X永豐99購02,0,0,0,0,0,0,0,0,0,90000,0,0,0,90000,0,90000,90000
065886,中磊元富9C購01  ,0,0,0,0,0,0,0,0,0,90000,0,0,0,100000,10000,90000,90000
065656,聯發科國泰03購01,0,0,0,0,0,0,0,0,0,90000,0,0,0,212000,122000,90000,90000
064589,聯鈞永豐9C購01  ,0,0,0,0,0,0,0,0,0,90000,0,0,0,90000,0,90000,90000
064337,大毅元大01購02  ,0,0,0,0,0,0,0,0,0,90000,0,0,0,180000,90000,90000,90000
064293,勤誠元大9C購01  ,0,0,0,0,0,0,0,0,0,90000,0,0,0,90000,0,90000,90000
065520,台勝科群益9C購03,0,0,0,0,0,0,0,0,0,90000,0,0,0,122000,32000,90000,90000
2609,陽明            ,562000,472000,90000,0,0,0,0,0,0,0,0,0,0,0,0,0,90000
067667,台積電元大02購05,0,0,0,0,0,0,0,0,0,89000,0,0,0,99000,10000,89000,89000
067352,美律群益01購01  ,0,0,0,0,0,0,0,0,0,89000,0,0,0,99000,10000,89000,89000
06957P,FBVIX凱基01售01 ,0,0,0,0,0,0,0,0,0,89000,0,0,0,89000,0,89000,89000
07965P,玉晶光群益01售02,0,0,0,0,0,0,0,0,0,89000,0,0,0,197000,108000,89000,89000
055999,電子類富邦99購01,0,0,0,0,0,0,0,0,0,89000,0,0,0,89000,0,89000,89000
056200,大毅永豐98購01  ,0,0,0,0,0,0,0,0,0,89000,0,0,0,89000,0,89000,89000
056366,玉晶光元大99購04,0,0,0,0,0,0,0,0,0,89000,0,0,0,102000,13000,89000,89000
056943,華通統一99購01  ,0,0,0,0,0,0,0,0,0,89000,0,0,0,284000,195000,89000,89000
03028P,玉晶光元大01售11,0,0,0,0,0,0,0,0,0,89000,0,0,0,170000,81000,89000,89000
064051,新日興統一01購01,0,0,0,0,0,0,0,0,0,89000,0,0,0,101000,12000,89000,89000
063480,南六元大9C購01  ,0,0,0,0,0,0,0,0,0,88000,0,0,0,168000,80000,88000,88000
062297,億豐永豐9B購01  ,0,0,0,0,0,0,0,0,0,88000,0,0,0,94000,6000,88000,88000
065611,嘉聯益元大9C購02,0,0,0,0,0,0,0,0,0,88000,0,0,0,90000,2000,88000,88000
065719,T50反1兆豐9C購01,0,0,0,0,0,0,0,0,0,88000,0,0,0,559000,471000,88000,88000
065767,T50反1國票03購01,0,0,0,0,0,0,0,0,0,88000,0,0,0,275000,187000,88000,88000
065987,大毅永豐01購01  ,0,0,0,0,0,0,0,0,0,88000,0,0,0,96000,8000,88000,88000
066339,總太永豐01購01  ,0,0,0,0,0,0,0,0,0,88000,0,0,0,88000,0,88000,88000
066789,聯詠麥證01購01  ,0,0,0,98000,10000,88000,0,0,0,88000,0,0,0,98000,10000,88000,88000
067136,京鼎永豐01購01  ,0,0,0,0,0,0,0,0,0,87000,0,0,0,161000,74000,87000,87000
056955,台灣50永豐98購01,0,0,0,0,0,0,0,0,0,87000,0,0,0,87000,0,87000,87000
057485,友達元大9C購04  ,0,0,0,0,0,0,0,0,0,87000,0,0,0,120000,33000,87000,87000
057667,可成元大99購01  ,0,0,0,0,0,0,0,0,0,87000,0,0,0,155000,68000,87000,87000
063225,茂林群益9B購04  ,0,0,0,0,0,0,0,0,0,87000,0,0,0,87000,0,87000,87000
064195,晶豪科群益9C購01,0,0,0,0,0,0,0,0,0,87000,0,0,0,87000,0,87000,87000
061245,晶技群益9A購01  ,0,0,0,0,0,0,0,0,0,87000,0,0,0,99000,12000,87000,87000
060987,華新科元大9A購11,0,0,0,0,0,0,0,0,0,87000,0,0,0,87000,0,87000,87000
066485,台光電元富01購01,0,0,0,0,0,0,0,0,0,87000,0,0,0,87000,0,87000,87000
066007,大立光統一02購06,0,0,0,0,0,0,0,0,0,87000,0,0,0,141000,54000,87000,87000
065477,健鼎元大9C購03  ,0,0,0,0,0,0,0,0,0,87000,0,0,0,87000,0,87000,87000
08238P,嘉晶永豐9B售03  ,0,0,0,0,0,0,0,0,0,86000,0,0,0,86000,0,86000,86000
08632P,聯發科元大9C售19,0,0,0,0,0,0,0,0,0,86000,0,0,0,86000,0,86000,86000
060671,亞德客元大9A購03,0,0,0,0,0,0,0,0,0,86000,0,0,0,161000,75000,86000,86000
052132,旺宏凱基9B購01  ,0,0,0,0,0,0,0,0,0,86000,0,0,0,86000,0,86000,86000
066116,宏達電兆豐01購01,0,0,0,0,0,0,0,0,0,86000,0,0,0,86000,0,86000,86000
065750,智邦元大9C購09  ,0,0,0,0,0,0,0,0,0,86000,0,0,0,143000,57000,86000,86000
07823P,國巨元大9A售23  ,0,0,0,0,0,0,0,0,0,85000,0,0,0,100000,15000,85000,85000
067539,緯創群益01購01  ,0,0,0,0,0,0,0,0,0,85000,0,0,0,99000,14000,85000,85000
067543,臻鼎群益01購01  ,0,0,0,0,0,0,0,0,0,85000,0,0,0,85000,0,85000,85000
067825,南港兆豐03購01  ,0,0,0,0,0,0,0,0,0,85000,0,0,0,85000,0,85000,85000
067770,台積電統一03購03,0,0,0,0,0,0,0,0,0,85000,0,0,0,105000,20000,85000,85000
058856,新光金兆豐99購01,0,0,0,0,0,0,0,0,0,85000,0,0,0,100000,15000,85000,85000
061186,牧德國泰9C購01  ,0,0,0,0,0,0,0,0,0,85000,0,0,0,119000,34000,85000,85000
062345,和大群益9B購01  ,0,0,0,0,0,0,0,0,0,85000,0,0,0,85000,0,85000,85000
065736,同欣電凱基9C購05,0,0,0,0,0,0,0,0,0,85000,0,0,0,85000,0,85000,85000
065728,嘉晶凱基9C購04  ,0,0,0,0,0,0,0,0,0,85000,0,0,0,104000,19000,85000,85000
065832,貿聯凱基02購03  ,0,0,0,0,0,0,0,0,0,85000,0,0,0,85000,0,85000,85000
065577,超眾群益9C購02  ,0,0,0,0,0,0,0,0,0,85000,0,0,0,103000,18000,85000,85000
065281,和大群益01購02  ,0,0,0,0,0,0,0,0,0,85000,0,0,0,85000,0,85000,85000
065333,冠德國票01購01  ,0,0,0,0,0,0,0,0,0,85000,0,0,0,108000,23000,85000,85000
065103,南六元大9C購06  ,0,0,0,0,0,0,0,0,0,85000,0,0,0,209000,124000,85000,85000
064523,聯茂群益9C購01  ,0,0,0,0,0,0,0,0,0,85000,0,0,0,85000,0,85000,85000
064735,群創元富9C購02  ,0,0,0,0,0,0,0,0,0,85000,0,0,0,98000,13000,85000,85000
064775,和大群益01購01  ,0,0,0,0,0,0,0,0,0,85000,0,0,0,85000,0,85000,85000
067413,臺股指中信04購02,0,0,0,0,0,0,0,0,0,84000,0,0,0,84000,0,84000,84000
08652P,鴻海群益9C售09  ,0,0,0,0,0,0,0,0,0,84000,0,0,0,153000,69000,84000,84000
058851,大立光群益99購07,0,0,0,0,0,0,0,0,0,84000,0,0,0,84000,0,84000,84000
058216,TPK群益99購01   ,0,0,0,0,0,0,0,0,0,84000,0,0,0,84000,0,84000,84000
061920,台積電凱基9C購02,0,0,0,0,0,0,0,0,0,84000,0,0,0,94000,10000,84000,84000
060251,易華電元大9C購01,0,0,0,0,0,0,0,0,0,84000,0,0,0,99000,15000,84000,84000
065161,矽格群益9C購01  ,0,0,0,0,0,0,0,0,0,84000,0,0,0,111000,27000,84000,84000
066588,台積電群益01購06,0,0,0,0,0,0,0,0,0,84000,0,0,0,123000,39000,84000,84000
06962P,華新科永豐99售01,0,0,0,0,0,0,0,0,0,83000,0,0,0,83000,0,83000,83000
067115,京鼎群益02購05  ,0,0,0,0,0,0,0,0,0,83000,0,0,0,98000,15000,83000,83000
057672,茂林元大98購02  ,0,0,0,0,0,0,0,0,0,83000,0,0,0,83000,0,83000,83000
060722,矽格永豐9A購01  ,0,0,0,0,0,0,0,0,0,83000,0,0,0,96000,13000,83000,83000
063154,南六元富9B購02  ,0,0,0,0,0,0,0,0,0,83000,0,0,0,100000,17000,83000,83000
059901,滬深2X元大9C購07,0,0,0,0,0,0,0,0,0,83000,0,0,0,91000,8000,83000,83000
061003,南亞科兆豐9A購01,0,0,0,0,0,0,0,0,0,83000,0,0,0,187000,104000,83000,83000
061764,旺宏元大9B購01  ,0,0,0,0,0,0,0,0,0,83000,0,0,0,93000,10000,83000,83000
063222,群創群益9B購03  ,0,0,0,0,0,0,0,0,0,83000,0,0,0,83000,0,83000,83000
063218,台塑群益9B購01  ,0,0,0,0,0,0,0,0,0,83000,0,0,0,83000,0,83000,83000
066853,樺漢元大01購01  ,0,0,0,0,0,0,0,0,0,83000,0,0,0,100000,17000,83000,83000
065858,台表科元大03購01,0,0,0,0,0,0,0,0,0,83000,0,0,0,316000,233000,83000,83000
065723,新日興兆豐01購01,0,0,0,0,0,0,0,0,0,83000,0,0,0,92000,9000,83000,83000
065397,宏達電群益9C購03,0,0,0,0,0,0,0,0,0,83000,0,0,0,83000,0,83000,83000
064296,奇鋐國票01購01  ,0,0,0,0,0,0,0,0,0,83000,0,0,0,84000,1000,83000,83000
08191P,鴻海台新9B售03  ,0,0,0,0,0,0,0,0,0,82000,0,0,0,125000,43000,82000,82000
08110P,臺股指中信01售05,0,0,0,0,0,0,0,0,0,82000,0,0,0,205000,123000,82000,82000
08808P,台灣50群益01售06,0,0,0,0,0,0,0,0,0,82000,0,0,0,95000,13000,82000,82000
063583,GIS國泰01購01   ,0,0,0,0,0,0,0,0,0,82000,0,0,0,185000,103000,82000,82000
063646,帆宣元大9B購02  ,0,0,0,0,0,0,0,0,0,82000,0,0,0,82000,0,82000,82000
062183,奇鋐元大9B購01  ,0,0,0,0,0,0,0,0,0,82000,0,0,0,82000,0,82000,82000
063100,聚陽群益9C購02  ,0,0,0,0,0,0,0,0,0,82000,0,0,0,114000,32000,82000,82000
065054,百和凱基02購01  ,0,0,0,0,0,0,0,0,0,82000,0,0,0,100000,18000,82000,82000
2431,聯昌            ,178000,84000,94000,0,0,0,0,0,0,-12000,0,12000,-12000,0,0,0,82000
3380,明泰            ,1401000,1094000,307000,0,0,0,0,0,0,-225000,240000,443000,-203000,0,22000,-22000,82000
08806P,技嘉元富07售02  ,0,0,0,0,0,0,0,0,0,81000,0,0,0,101000,20000,81000,81000
07861P,台灣50中信03售08,0,0,0,0,0,0,0,0,0,81000,0,0,0,178000,97000,81000,81000
056136,京鼎元大98購01  ,0,0,0,0,0,0,0,0,0,81000,0,0,0,183000,102000,81000,81000
057745,泰鼎永豐99購01  ,0,0,0,0,0,0,0,0,0,81000,0,0,0,144000,63000,81000,81000
065196,技嘉元富06購01  ,0,0,0,0,0,0,0,0,0,81000,0,0,0,107000,26000,81000,81000
065335,玉晶光台新9C購03,0,0,0,0,0,0,0,0,0,81000,0,0,0,155000,74000,81000,81000
066139,拓凱群益01購01  ,0,0,0,0,0,0,0,0,0,81000,0,0,0,85000,4000,81000,81000
066854,樺漢元大01購02  ,0,0,0,0,0,0,0,0,0,81000,0,0,0,100000,19000,81000,81000
07737P,華通永豐9A售01  ,0,0,0,0,0,0,0,0,0,80000,0,0,0,80000,0,80000,80000
08216P,聯發科群益9C售05,0,0,0,0,0,0,0,0,0,80000,0,0,0,280000,200000,80000,80000
067457,FBVIX國泰03購01 ,0,0,0,0,0,0,0,0,0,80000,0,0,0,80000,0,80000,80000
067693,滬深2X中信04購02,0,0,0,0,0,0,0,0,0,80000,0,0,0,85000,5000,80000,80000
061407,鴻海國票9A購07  ,0,0,0,0,0,0,0,0,0,80000,0,0,0,80000,0,80000,80000
059996,美律元富99購01  ,0,0,0,0,0,0,0,0,0,80000,0,0,0,90000,10000,80000,80000
058123,亞光國票9A購01  ,0,0,0,0,0,0,0,0,0,80000,0,0,0,80000,0,80000,80000
046061,中石化凱基98購01,0,0,0,0,0,0,0,0,0,80000,0,0,0,240000,160000,80000,80000
062142,喬山國票9B購01  ,0,0,0,0,0,0,0,0,0,80000,0,0,0,100000,20000,80000,80000
061584,勤誠元大9A購01  ,0,0,0,0,0,0,0,0,0,80000,0,0,0,133000,53000,80000,80000
060039,大立光國票99購04,0,0,0,0,0,0,0,0,0,80000,0,0,0,80000,0,80000,80000
063717,宏達電兆豐9B購02,0,0,0,0,0,0,0,0,0,80000,0,0,0,85000,5000,80000,80000
063821,南亞科麥證9C購01,0,0,0,80000,0,80000,0,0,0,80000,0,0,0,80000,0,80000,80000
064023,智邦元大9C購02  ,0,0,0,0,0,0,0,0,0,80000,0,0,0,82000,2000,80000,80000
063900,GIS群益9C購03   ,0,0,0,0,0,0,0,0,0,80000,0,0,0,300000,220000,80000,80000
066133,京元電群益01購01,0,0,0,0,0,0,0,0,0,80000,0,0,0,188000,108000,80000,80000
065927,智原國票02購01  ,0,0,0,0,0,0,0,0,0,80000,0,0,0,105000,25000,80000,80000
058184,鴻海永豐99購01  ,0,0,0,0,0,0,0,0,0,79000,0,0,0,100000,21000,79000,79000
062561,瀚宇博凱基9B購01,0,0,0,0,0,0,0,0,0,79000,0,0,0,219000,140000,79000,79000
063475,同欣電元大9C購01,0,0,0,0,0,0,0,0,0,79000,0,0,0,123000,44000,79000,79000
063451,漢翔統一9C購01  ,0,0,0,0,0,0,0,0,0,79000,0,0,0,79000,0,79000,79000
065109,台勝科國票01購01,0,0,0,0,0,0,0,0,0,79000,0,0,0,80000,1000,79000,79000
1592,英瑞-KY         ,211000,132000,79000,0,0,0,0,0,0,0,0,0,0,0,0,0,79000
07764P,世紀鋼永豐9A售04,0,0,0,0,0,0,0,0,0,78000,0,0,0,78000,0,78000,78000
07958P,華擎群益9B售01  ,0,0,0,0,0,0,0,0,0,78000,0,0,0,80000,2000,78000,78000
062100,矽格永豐9B購01  ,0,0,0,0,0,0,0,0,0,78000,0,0,0,98000,20000,78000,78000
056404,嘉聯益群益9A購01,0,0,0,0,0,0,0,0,0,78000,0,0,0,78000,0,78000,78000
062405,泰鼎永豐9B購02  ,0,0,0,0,0,0,0,0,0,78000,0,0,0,114000,36000,78000,78000
062991,台光電群益9B購03,0,0,0,0,0,0,0,0,0,78000,0,0,0,95000,17000,78000,78000
061647,南六元大9A購03  ,0,0,0,0,0,0,0,0,0,78000,0,0,0,95000,17000,78000,78000
065005,台光電國票01購02,0,0,0,0,0,0,0,0,0,78000,0,0,0,117000,39000,78000,78000
065259,燿華元大9C購05  ,0,0,0,0,0,0,0,0,0,78000,0,0,0,81000,3000,78000,78000
065510,鴻海群益01購04  ,0,0,0,0,0,0,0,0,0,78000,0,0,0,150000,72000,78000,78000
066160,美利達康和01購01,0,0,0,0,0,0,0,0,0,78000,0,0,0,150000,72000,78000,78000
5234,達興材料        ,105000,26000,79000,0,0,0,0,0,0,-1000,0,1000,-1000,0,0,0,78000
6288,聯嘉            ,252000,174000,78000,0,0,0,0,0,0,0,2000,2000,0,0,0,0,78000
067531,台積電群益01購13,0,0,0,0,0,0,0,0,0,77000,0,0,0,149000,72000,77000,77000
066930,台積電國票02購01,0,0,0,0,0,0,0,0,0,77000,0,0,0,90000,13000,77000,77000
056726,友達日盛9A購01  ,0,0,0,0,0,0,0,0,0,77000,0,0,0,77000,0,77000,77000
063163,京元電永豐9B購01,0,0,0,0,0,0,0,0,0,77000,0,0,0,119000,42000,77000,77000
059123,訊芯永豐99購03  ,0,0,0,0,0,0,0,0,0,77000,0,0,0,146000,69000,77000,77000
059188,京元電富邦9B購01,0,0,0,0,0,0,0,0,0,77000,0,0,0,137000,60000,77000,77000
060422,台勝科永豐9A購01,0,0,0,0,0,0,0,0,0,77000,0,0,0,77000,0,77000,77000
063610,儒鴻群益9B購02  ,0,0,0,0,0,0,0,0,0,77000,0,0,0,80000,3000,77000,77000
066655,上証2X凱基03購03,0,0,0,0,0,0,0,0,0,77000,0,0,0,80000,3000,77000,77000
066460,智原統一03購01  ,0,0,0,0,0,0,0,0,0,77000,0,0,0,295000,218000,77000,77000
065195,國巨元富06購01  ,0,0,0,0,0,0,0,0,0,77000,0,0,0,78000,1000,77000,77000
067052,帆宣凱基02購01  ,0,0,0,0,0,0,0,0,0,76000,0,0,0,108000,32000,76000,76000
067415,大成凱基01購01  ,0,0,0,0,0,0,0,0,0,76000,0,0,0,100000,24000,76000,76000
08461P,長榮航國票9C售01,0,0,0,0,0,0,0,0,0,76000,0,0,0,402000,326000,76000,76000
059391,立積凱基9A購01  ,0,0,0,0,0,0,0,0,0,76000,0,0,0,80000,4000,76000,76000
059755,宏達電國泰9A購01,0,0,0,0,0,0,0,0,0,76000,0,0,0,151000,75000,76000,76000
059044,聯電日盛99購02  ,0,0,0,0,0,0,0,0,0,76000,0,0,0,142000,66000,76000,76000
058675,康控群益9B購01  ,0,0,0,0,0,0,0,0,0,76000,0,0,0,86000,10000,76000,76000
00766L,台新MSCI中國正2 ,0,0,0,0,0,0,0,0,0,76000,0,0,0,200000,124000,76000,76000
056518,美律國票99購01  ,0,0,0,0,0,0,0,0,0,76000,0,0,0,76000,0,76000,76000
062870,亞德客兆豐9C購01,0,0,0,0,0,0,0,0,0,76000,0,0,0,86000,10000,76000,76000
060641,聯鈞永豐9A購01  ,0,0,0,0,0,0,0,0,0,76000,0,0,0,76000,0,76000,76000
061773,和潤元大9B購01  ,0,0,0,0,0,0,0,0,0,76000,0,0,0,76000,0,76000,76000
063917,南六凱基02購01  ,0,0,0,0,0,0,0,0,0,76000,0,0,0,101000,25000,76000,76000
065197,景碩元富06購01  ,250000,0,250000,0,0,0,0,0,0,-174000,0,0,0,76000,250000,-174000,76000
065582,景碩國泰01購01  ,0,0,0,0,0,0,0,0,0,76000,0,0,0,666000,590000,76000,76000
066464,台郡統一02購02  ,0,0,0,0,0,0,0,0,0,76000,0,0,0,98000,22000,76000,76000
066540,景碩兆豐01購02  ,0,0,0,0,0,0,0,0,0,76000,0,0,0,85000,9000,76000,76000
066593,奇鋐群益01購01  ,0,0,0,0,0,0,0,0,0,76000,0,0,0,113000,37000,76000,76000
4938,和碩            ,1756363,1968276,-211913,0,0,0,477000,22000,455000,-168000,0,165000,-165000,29000,32000,-3000,75087
07974P,上証2X元大9B售02,0,0,0,0,0,0,0,0,0,75000,0,0,0,80000,5000,75000,75000
067506,台光電統一02購04,0,0,0,0,0,0,0,0,0,75000,0,0,0,75000,0,75000,75000
067572,FB上証群益01購01,0,0,0,0,0,0,0,0,0,75000,0,0,0,85000,10000,75000,75000
058783,臺股指國票99購02,0,0,0,0,0,0,0,0,0,75000,0,0,0,75000,0,75000,75000
063837,亞德客元大01購01,0,0,0,0,0,0,0,0,0,75000,0,0,0,118000,43000,75000,75000
060556,緯穎凱基9A購04  ,0,0,0,0,0,0,0,0,0,75000,0,0,0,75000,0,75000,75000
063460,智邦元大9B購08  ,0,0,0,0,0,0,0,0,0,75000,0,0,0,81000,6000,75000,75000
066206,聯鈞統一01購01  ,0,0,0,0,0,0,0,0,0,75000,0,0,0,135000,60000,75000,75000
065386,華通兆豐9C購02  ,0,0,0,0,0,0,0,0,0,75000,0,0,0,85000,10000,75000,75000
064313,嘉晶群益9C購02  ,0,0,0,0,0,0,0,0,0,75000,0,0,0,75000,0,75000,75000
064245,GIS統一02購02   ,0,0,0,0,0,0,0,0,0,75000,0,0,0,267000,192000,75000,75000
064253,貿聯元富9C購01  ,0,0,0,0,0,0,0,0,0,75000,0,0,0,85000,10000,75000,75000
064742,奇鋐國票01購02  ,0,0,0,0,0,0,0,0,0,75000,0,0,0,75000,0,75000,75000
067186,晶豪科凱基01購02,0,0,0,0,0,0,0,0,0,74000,0,0,0,113000,39000,74000,74000
058049,帆宣元大98購01  ,0,0,0,0,0,0,0,0,0,74000,0,0,0,74000,0,74000,74000
020000,富邦特選蘋果N   ,0,0,0,0,0,0,0,0,0,74000,0,0,0,95000,21000,74000,74000
050797,聯發科中信99購01,0,0,0,0,0,0,0,0,0,74000,0,0,0,74000,0,74000,74000
058296,明泰凱基99購01  ,0,0,0,0,0,0,0,0,0,74000,0,0,0,79000,5000,74000,74000
059169,可成凱基99購04  ,0,0,0,0,0,0,0,0,0,74000,0,0,0,74000,0,74000,74000
061753,南亞科台新9B購01,0,0,0,0,0,0,0,0,0,74000,0,0,0,75000,1000,74000,74000
063809,矽創兆豐01購01  ,0,0,0,0,0,0,0,0,0,74000,0,0,0,74000,0,74000,74000
064053,祥碩統一02購01  ,0,0,0,0,0,0,0,0,0,74000,0,0,0,74000,0,74000,74000
064174,致新元富9C購02  ,0,0,0,0,0,0,0,0,0,74000,0,0,0,83000,9000,74000,74000
064125,聯發科元大02購01,0,0,0,0,0,0,0,0,0,74000,0,0,0,75000,1000,74000,74000
066129,佳世達群益01購01,0,0,0,0,0,0,0,0,0,74000,0,0,0,74000,0,74000,74000
065720,義隆兆豐9C購03  ,0,0,0,0,0,0,0,0,0,74000,0,0,0,95000,21000,74000,74000
2208,台船            ,280000,236000,44000,0,0,0,0,0,0,30000,0,0,0,31000,1000,30000,74000
067798,GIS中信03購01   ,0,0,0,0,0,0,0,0,0,73000,0,0,0,236000,163000,73000,73000
08577P,臺指2X中信03售01,0,0,0,0,0,0,0,0,0,73000,0,0,0,90000,17000,73000,73000
08348P,貿聯元大9C售01  ,0,0,0,0,0,0,0,0,0,73000,0,0,0,188000,115000,73000,73000
08754P,臺股指群益01售04,0,0,0,0,0,0,0,0,0,73000,0,0,0,466000,393000,73000,73000
057823,神達元大98購01  ,0,0,0,0,0,0,0,0,0,73000,0,0,0,73000,0,73000,73000
046903,友達凱基99購01  ,0,0,0,0,0,0,0,0,0,73000,0,0,0,73000,0,73000,73000
064014,貿聯國票01購01  ,0,0,0,0,0,0,0,0,0,73000,0,0,0,73000,0,73000,73000
061964,台積電統一01購05,0,0,0,0,0,0,0,0,0,73000,0,0,0,73000,0,73000,73000
060546,旺宏凱基9A購02  ,0,0,0,0,0,0,0,0,0,73000,0,0,0,73000,0,73000,73000
060955,大立光群益9A購02,0,0,0,0,0,0,0,0,0,73000,0,0,0,73000,0,73000,73000
060375,葡萄王元富9A購01,0,0,0,0,0,0,0,0,0,73000,0,0,0,100000,27000,73000,73000
060054,華新科凱基9B購04,0,0,0,0,0,0,0,0,0,73000,0,0,0,81000,8000,73000,73000
060506,京元電元大9A購02,0,0,0,0,0,0,0,0,0,73000,0,0,0,90000,17000,73000,73000
061518,達方永豐9A購02  ,0,0,0,0,0,0,0,0,0,73000,0,0,0,75000,2000,73000,73000
066547,台積電元大01購14,0,0,0,0,0,0,0,0,0,73000,0,0,0,73000,0,73000,73000
066276,敦泰元大01購01  ,0,0,0,0,0,0,0,0,0,73000,0,0,0,201000,128000,73000,73000
064499,可成元大9C購07  ,0,0,0,0,0,0,0,0,0,73000,0,0,0,81000,8000,73000,73000
065226,華通凱基01購01  ,0,0,0,0,0,0,0,0,0,73000,0,0,0,73000,0,73000,73000
8028,昇陽半導體      ,418000,540000,-122000,0,0,0,0,40000,-40000,235000,52000,4000,48000,189000,2000,187000,73000
056947,國巨統一9A購01  ,0,0,0,0,0,0,0,0,0,72000,0,0,0,72000,0,72000,72000
062081,華新科元大9B購06,0,0,0,0,0,0,0,0,0,72000,0,0,0,72000,0,72000,72000
059626,台積電凱基01購01,0,0,0,0,0,0,0,0,0,72000,0,0,0,72000,0,72000,72000
058284,滬深反群益01購01,0,0,0,0,0,0,0,0,0,72000,0,0,0,120000,48000,72000,72000
061574,大毅元大9B購01  ,0,0,0,0,0,0,0,0,0,72000,0,0,0,148000,76000,72000,72000
060945,緯穎國票9A購02  ,0,0,0,0,0,0,0,0,0,72000,0,0,0,73000,1000,72000,72000
063497,東元永豐9B購01  ,0,0,0,0,0,0,0,0,0,72000,0,0,0,72000,0,72000,72000
061084,京元電兆豐9A購02,0,0,0,0,0,0,0,0,0,72000,0,0,0,143000,71000,72000,72000
065006,景碩國票01購01  ,0,0,0,0,0,0,0,0,0,72000,0,0,0,74000,2000,72000,72000
064846,旺宏元富03購01  ,0,0,0,0,0,0,0,0,0,72000,0,0,0,82000,10000,72000,72000
065997,元黃金國票03購01,0,0,0,0,0,0,0,0,0,72000,0,0,0,215000,143000,72000,72000
8039,台虹            ,454000,384000,70000,0,0,0,0,0,0,2000,56000,18000,38000,8000,44000,-36000,72000
067992,宏碁元大01購01  ,0,0,0,0,0,0,0,0,0,71000,0,0,0,115000,44000,71000,71000
067193,台表科凱基03購02,0,0,0,0,0,0,0,0,0,71000,0,0,0,71000,0,71000,71000
063294,美律麥證9B購01  ,0,0,0,71000,0,71000,0,0,0,71000,0,0,0,71000,0,71000,71000
057523,大成鋼元大99購01,0,0,0,0,0,0,0,0,0,71000,0,0,0,71000,0,71000,71000
047885,元金2X富邦99購01,0,0,0,0,0,0,0,0,0,71000,0,0,0,72000,1000,71000,71000
055271,鴻海元大98購03  ,0,0,0,0,0,0,0,0,0,71000,0,0,0,71000,0,71000,71000
061959,鴻海統一9B購04  ,0,0,0,0,0,0,0,0,0,71000,0,0,0,231000,160000,71000,71000
063495,台光電富邦9C購01,0,0,0,0,0,0,0,0,0,71000,0,0,0,91000,20000,71000,71000
062952,台積電永豐9B購02,0,0,0,0,0,0,0,0,0,71000,0,0,0,83000,12000,71000,71000
062801,宏達電統一01購01,0,0,0,0,0,0,0,0,0,71000,0,0,0,224000,153000,71000,71000
066597,緯穎群益02購01  ,0,0,0,0,0,0,0,0,0,71000,0,0,0,110000,39000,71000,71000
064494,南亞科元大9C購02,0,0,0,0,0,0,0,0,0,71000,0,0,0,112000,41000,71000,71000
065216,群創國泰01購02  ,0,0,0,0,0,0,0,0,0,71000,0,0,0,72000,1000,71000,71000
065130,奇鋐兆豐9C購01  ,0,0,0,0,0,0,0,0,0,71000,0,0,0,99000,28000,71000,71000
065132,臻鼎兆豐01購01  ,0,0,0,0,0,0,0,0,0,71000,0,0,0,148000,77000,71000,71000
066897,京元電康和01購01,0,0,0,0,0,0,0,0,0,70000,0,0,0,225000,155000,70000,70000
07922P,大立光群益9B售05,0,0,0,0,0,0,0,0,0,70000,0,0,0,70000,0,70000,70000
07845P,南亞科元大9A售08,0,0,0,0,0,0,0,0,0,70000,0,0,0,100000,30000,70000,70000
07994P,臺股指群益9B售04,0,0,0,0,0,0,0,0,0,70000,0,0,0,70000,0,70000,70000
07164P,臺股指群益99售15,0,0,0,0,0,0,0,0,0,70000,0,0,0,70000,0,70000,70000
07475P,A50正2群益9C售02,0,0,0,0,0,0,0,0,0,70000,0,0,0,100000,30000,70000,70000
054638,國泰金中信99購01,0,0,0,0,0,0,0,0,0,70000,0,0,0,80000,10000,70000,70000
056369,彩晶元大01購01  ,0,0,0,0,0,0,0,0,0,70000,0,0,0,70000,0,70000,70000
053381,友達元大9A購02  ,0,0,0,0,0,0,0,0,0,70000,0,0,0,290000,220000,70000,70000
057796,鴻海兆豐99購03  ,0,0,0,0,0,0,0,0,0,70000,0,0,0,90000,20000,70000,70000
058439,玉晶光統一01購02,0,0,0,0,0,0,0,0,0,70000,0,0,0,70000,0,70000,70000
059343,宏達電凱基99購04,0,0,0,0,0,0,0,0,0,70000,0,0,0,75000,5000,70000,70000
058229,為升元大99購02  ,0,0,0,0,0,0,0,0,0,70000,0,0,0,70000,0,70000,70000
063051,仁寶統一01購01  ,0,0,0,0,0,0,0,0,0,70000,0,0,0,70000,0,70000,70000
063845,旺宏元大9C購03  ,0,0,0,0,0,0,0,0,0,70000,0,0,0,92000,22000,70000,70000
064036,矽創元大9C購01  ,0,0,0,0,0,0,0,0,0,70000,0,0,0,70000,0,70000,70000
061100,SP黃豆元大9A購04,0,0,0,0,0,0,0,0,0,70000,0,0,0,120000,50000,70000,70000
061005,可成兆豐9A購01  ,0,0,0,0,0,0,0,0,0,70000,0,0,0,108000,38000,70000,70000
061048,國巨中信9A購05  ,0,0,0,0,0,0,0,0,0,70000,0,0,0,150000,80000,70000,70000
061228,聯茂中信9A購01  ,0,0,0,0,0,0,0,0,0,70000,0,0,0,100000,30000,70000,70000
060386,台勝科凱基9B購01,0,0,0,0,0,0,0,0,0,70000,0,0,0,70000,0,70000,70000
065090,大立光元大9C購24,0,0,0,0,0,0,0,0,0,70000,0,0,0,70000,0,70000,70000
065330,億豐凱基9C購03  ,0,0,0,0,0,0,0,0,0,70000,0,0,0,80000,10000,70000,70000
066392,聯強凱基01購01  ,0,0,0,0,0,0,0,0,0,70000,0,0,0,151000,81000,70000,70000
066029,神達群益02購01  ,0,0,0,0,0,0,0,0,0,70000,0,0,0,70000,0,70000,70000
08636P,華通國票01售03  ,0,0,0,0,0,0,0,0,0,69000,0,0,0,93000,24000,69000,69000
067073,國揚元大01購02  ,0,0,0,0,0,0,0,0,0,69000,0,0,0,76000,7000,69000,69000
068026,華通元富07購01  ,0,0,0,0,0,0,0,0,0,69000,0,0,0,87000,18000,69000,69000
057447,智邦元富02購01  ,0,0,0,0,0,0,0,0,0,69000,0,0,0,69000,0,69000,69000
060429,南六永豐9A購01  ,0,0,0,0,0,0,0,0,0,69000,0,0,0,70000,1000,69000,69000
060450,南亞元大9A購02  ,0,0,0,0,0,0,0,0,0,69000,0,0,0,69000,0,69000,69000
061348,聯鈞元大9A購05  ,0,0,0,0,0,0,0,0,0,69000,0,0,0,91000,22000,69000,69000
061869,智邦元大9B購01  ,0,0,0,0,0,0,0,0,0,69000,0,0,0,96000,27000,69000,69000
063705,臻鼎群益9B購03  ,0,0,0,0,0,0,0,0,0,69000,0,0,0,91000,22000,69000,69000
061529,國巨台新9A購02  ,0,0,0,0,0,0,0,0,0,69000,0,0,0,74000,5000,69000,69000
063332,矽格國票9B購01  ,0,0,0,0,0,0,0,0,0,69000,0,0,0,171000,102000,69000,69000
061689,國巨群益9A購12  ,0,0,0,0,0,0,0,0,0,69000,0,0,0,92000,23000,69000,69000
066225,松翰國泰03購01  ,0,0,0,0,0,0,0,0,0,69000,0,0,0,74000,5000,69000,69000
065765,GIS元大9C購09   ,0,0,0,0,0,0,0,0,0,69000,0,0,0,75000,6000,69000,69000
064466,聯電元富9C購01  ,0,0,0,0,0,0,0,0,0,69000,0,0,0,301000,232000,69000,69000
064379,TPK元富9C購01   ,0,0,0,0,0,0,0,0,0,69000,0,0,0,69000,0,69000,69000
064732,GIS統一01購03   ,0,0,0,0,0,0,0,0,0,69000,0,0,0,431000,362000,69000,69000
2207,和泰車          ,253209,176456,76753,0,0,0,0,1563,-1563,-7000,0,5000,-5000,0,2000,-2000,68190
067870,玉晶光元大01購07,0,0,0,0,0,0,0,0,0,68000,0,0,0,77000,9000,68000,68000
067140,鎧勝永豐01購02  ,0,0,0,0,0,0,0,0,0,68000,0,0,0,68000,0,68000,68000
067012,台虹永豐01購02  ,0,0,0,0,0,0,0,0,0,68000,0,0,0,68000,0,68000,68000
067033,新日興康和01購01,0,0,0,0,0,0,0,0,0,68000,0,0,0,90000,22000,68000,68000
06837P,上銀統一9A售02  ,0,0,0,0,0,0,0,0,0,68000,0,0,0,306000,238000,68000,68000
057604,鴻海統一9C購01  ,0,0,0,0,0,0,0,0,0,68000,0,0,0,68000,0,68000,68000
060677,京元電元大9A購04,0,0,0,0,0,0,0,0,0,68000,0,0,0,98000,30000,68000,68000
058144,聯茂元大99購02  ,0,0,0,0,0,0,0,0,0,68000,0,0,0,68000,0,68000,68000
00763U,街口道瓊銅      ,0,11000,-11000,0,0,0,0,0,0,79000,0,0,0,82000,3000,79000,68000
061661,京鼎永豐9A購02  ,0,0,0,0,0,0,0,0,0,68000,0,0,0,163000,95000,68000,68000
062956,同欣電永豐9B購02,0,0,0,0,0,0,0,0,0,68000,0,0,0,68000,0,68000,68000
064072,康友永豐9C購01  ,0,0,0,0,0,0,0,0,0,68000,0,0,0,68000,0,68000,68000
061792,和大永豐9B購01  ,0,0,0,0,0,0,0,0,0,68000,0,0,0,68000,0,68000,68000
061353,康控元大9A購01  ,0,0,0,0,0,0,0,0,0,68000,0,0,0,148000,80000,68000,68000
064581,葡萄王永豐9C購01,0,0,0,0,0,0,0,0,0,68000,0,0,0,68000,0,68000,68000
065267,聯鈞元大9C購02  ,0,0,0,0,0,0,0,0,0,68000,0,0,0,118000,50000,68000,68000
065505,健鼎永豐9C購01  ,0,0,0,0,0,0,0,0,0,68000,0,0,0,68000,0,68000,68000
064944,亞德客凱基9C購03,0,0,0,0,0,0,0,0,0,68000,0,0,0,68000,0,68000,68000
065754,健鼎元大9C購06  ,0,0,0,0,0,0,0,0,0,68000,0,0,0,68000,0,68000,68000
065795,康友永豐9C購02  ,0,0,0,0,0,0,0,0,0,68000,0,0,0,68000,0,68000,68000
066025,宏達電群益01購01,0,0,0,0,0,0,0,0,0,68000,0,0,0,73000,5000,68000,68000
065970,燿華元大02購01  ,0,0,0,0,0,0,0,0,0,68000,0,0,0,68000,0,68000,68000
066277,敦泰元大01購02  ,0,0,0,0,0,0,0,0,0,68000,0,0,0,170000,102000,68000,68000
066518,惠特永豐01購02  ,0,0,0,0,0,0,0,0,0,68000,0,0,0,68000,0,68000,68000
2455,全新            ,461000,416000,45000,0,0,0,0,0,0,23000,48000,35000,13000,17000,7000,10000,68000
8499,鼎炫-KY         ,100000,32000,68000,0,0,0,0,0,0,0,0,0,0,0,0,0,68000
5203,訊連            ,257000,191000,66000,0,0,0,0,0,0,2000,0,0,0,13000,11000,2000,68000
067500,台表科元大01購03,0,0,0,0,0,0,0,0,0,67000,0,0,0,108000,41000,67000,67000
059875,信邦凱基99購02  ,0,0,0,0,0,0,0,0,0,67000,0,0,0,70000,3000,67000,67000
057874,可成元大99購02  ,0,0,0,0,0,0,0,0,0,67000,0,0,0,80000,13000,67000,67000
066539,晶技兆豐01購02  ,0,0,0,0,0,0,0,0,0,67000,0,0,0,149000,82000,67000,67000
065912,瑞祺永豐9C購02  ,0,0,0,0,0,0,0,0,0,67000,0,0,0,68000,1000,67000,67000
065706,奇鋐群益9C購02  ,0,0,0,0,0,0,0,0,0,67000,0,0,0,123000,56000,67000,67000
2436,偉詮電          ,346000,279000,67000,0,0,0,0,0,0,0,0,0,0,0,0,0,67000
067688,南六元大01購06  ,0,0,0,0,0,0,0,0,0,66000,0,0,0,146000,80000,66000,66000
061657,智原國票9A購01  ,0,0,0,0,0,0,0,0,0,66000,0,0,0,80000,14000,66000,66000
061207,美律元大9A購04  ,0,0,0,0,0,0,0,0,0,66000,0,0,0,66000,0,66000,66000
060303,宏達電富邦9B購01,0,0,0,0,0,0,0,0,0,66000,0,0,0,85000,19000,66000,66000
061517,瑞祺永豐9A購03  ,0,0,0,0,0,0,0,0,0,66000,0,0,0,68000,2000,66000,66000
062489,可成永豐9B購02  ,0,0,0,0,0,0,0,0,0,66000,0,0,0,66000,0,66000,66000
063226,康控群益9B購03  ,0,0,0,0,0,0,0,0,0,66000,0,0,0,66000,0,66000,66000
066035,南電群益01購01  ,0,0,0,0,0,0,0,0,0,66000,0,0,0,119000,53000,66000,66000
064957,台表科凱基02購02,0,0,0,0,0,0,0,0,0,66000,0,0,0,116000,50000,66000,66000
064984,同欣電元大9C購06,0,0,0,0,0,0,0,0,0,66000,0,0,0,68000,2000,66000,66000
067797,臺股指群益01購09,0,0,0,0,0,0,0,0,0,65000,0,0,0,65000,0,65000,65000
068025,聯電元富02購01  ,0,0,0,0,0,0,0,0,0,65000,0,0,0,102000,37000,65000,65000
06813P,友訊元富98售03  ,0,0,0,0,0,0,0,0,0,65000,0,0,0,65000,0,65000,65000
067217,康控元大01購02  ,0,0,0,0,0,0,0,0,0,65000,0,0,0,173000,108000,65000,65000
07891P,臺股指國票9B售01,0,0,0,0,0,0,0,0,0,65000,0,0,0,75000,10000,65000,65000
057738,旺宏富邦9A購01  ,0,0,0,0,0,0,0,0,0,65000,0,0,0,70000,5000,65000,65000
057636,上銀元大98購06  ,0,0,0,0,0,0,0,0,0,65000,0,0,0,112000,47000,65000,65000
058525,台虹元大99購02  ,0,0,0,0,0,0,0,0,0,65000,0,0,0,217000,152000,65000,65000
058855,台積電兆豐99購02,0,0,0,0,0,0,0,0,0,65000,0,0,0,65000,0,65000,65000
054371,台積電中信9C購01,0,0,0,0,0,0,0,0,0,65000,0,0,0,99000,34000,65000,65000
056555,矽創凱基98購01  ,0,0,0,0,0,0,0,0,0,65000,0,0,0,65000,0,65000,65000
057227,台積電凱基98購15,0,0,0,0,0,0,0,0,0,65000,0,0,0,65000,0,65000,65000
056946,國巨統一98購05  ,0,0,0,0,0,0,0,0,0,65000,0,0,0,65000,0,65000,65000
062947,國巨富邦01購01  ,0,0,0,0,0,0,0,0,0,65000,0,0,0,131000,66000,65000,65000
063998,聯發科兆豐9C購02,0,0,0,0,0,0,0,0,0,65000,0,0,0,65000,0,65000,65000
065019,華邦電富邦9C購01,0,0,0,0,0,0,0,0,0,65000,0,0,0,110000,45000,65000,65000
065092,健鼎元大9C購02  ,0,0,0,0,0,0,0,0,0,65000,0,0,0,65000,0,65000,65000
065289,冠德群益9C購01  ,0,0,0,0,0,0,0,0,0,65000,0,0,0,65000,0,65000,65000
064571,帆宣群益9C購01  ,0,0,0,0,0,0,0,0,0,65000,0,0,0,77000,12000,65000,65000
1714,和桐            ,901000,836000,65000,0,0,0,0,0,0,0,0,0,0,0,0,0,65000
1541,錩泰            ,96000,30000,66000,0,0,0,0,0,0,-1000,0,1000,-1000,0,0,0,65000
067264,美利達國票02購01,0,0,0,0,0,0,0,0,0,64000,0,0,0,128000,64000,64000,64000
067919,玉晶光永豐01購03,0,0,0,0,0,0,0,0,0,64000,0,0,0,95000,31000,64000,64000
058615,矽創元大99購01  ,0,0,0,0,0,0,0,0,0,64000,0,0,0,170000,106000,64000,64000
061400,可成兆豐9B購02  ,0,0,0,0,0,0,0,0,0,64000,0,0,0,64000,0,64000,64000
061894,台積電永豐9B購01,0,0,0,0,0,0,0,0,0,64000,0,0,0,64000,0,64000,64000
062867,東元中信9B購01  ,0,0,0,0,0,0,0,0,0,64000,0,0,0,85000,21000,64000,64000
066982,嘉晶群益02購01  ,0,0,0,0,0,0,0,0,0,63000,0,0,0,63000,0,63000,63000
08655P,大立光群益02售02,0,0,0,0,0,0,0,0,0,63000,0,0,0,75000,12000,63000,63000
058323,泰鼎永豐9A購01  ,0,0,0,0,0,0,0,0,0,63000,0,0,0,71000,8000,63000,63000
059293,宏達電元富9B購01,0,0,0,0,0,0,0,0,0,63000,0,0,0,113000,50000,63000,63000
054675,美律台新98購01  ,0,0,0,0,0,0,0,0,0,63000,0,0,0,63000,0,63000,63000
058033,景碩永豐98購02  ,0,0,0,0,0,0,0,0,0,63000,0,0,0,65000,2000,63000,63000
061963,台積電統一01購04,0,0,0,0,0,0,0,0,0,63000,0,0,0,75000,12000,63000,63000
060355,元金2X元富9C購01,0,0,0,0,0,0,0,0,0,63000,0,0,0,66000,3000,63000,63000
061378,南六永豐9A購03  ,0,0,0,0,0,0,0,0,0,63000,0,0,0,148000,85000,63000,63000
064334,可成元大01購01  ,0,0,0,0,0,0,0,0,0,63000,0,0,0,121000,58000,63000,63000
064225,健策國票01購02  ,0,0,0,0,0,0,0,0,0,63000,0,0,0,150000,87000,63000,63000
064290,GIS元大9C購04   ,0,0,0,0,0,0,0,0,0,63000,0,0,0,72000,9000,63000,63000
065377,群創元大02購02  ,0,0,0,0,0,0,0,0,0,63000,0,0,0,110000,47000,63000,63000
065091,亞光元大9C購01  ,0,0,0,0,0,0,0,0,0,63000,0,0,0,63000,0,63000,63000
065955,健鼎統一01購03  ,0,0,0,0,0,0,0,0,0,63000,0,0,0,75000,12000,63000,63000
065660,晶豪科永豐9C購01,0,0,0,0,0,0,0,0,0,63000,0,0,0,63000,0,63000,63000
066560,聯鈞元大01購04  ,0,0,0,0,0,0,0,0,0,63000,0,0,0,68000,5000,63000,63000
06933P,禾伸堂元大98售03,0,0,0,0,0,0,0,0,0,62000,0,0,0,62000,0,62000,62000
053291,旺宏中信9A購01  ,82000,0,82000,0,0,0,0,0,0,-20000,0,0,0,0,20000,-20000,62000
061192,奇鋐永豐9A購01  ,0,0,0,0,0,0,0,0,0,62000,0,0,0,103000,41000,62000,62000
061914,台光電中信9B購01,0,0,0,0,0,0,0,0,0,62000,0,0,0,85000,23000,62000,62000
062994,祥碩群益9B購05  ,0,0,0,0,0,0,0,0,0,62000,0,0,0,86000,24000,62000,62000
060885,世紀鋼中信9A購01,0,0,0,0,0,0,0,0,0,62000,0,0,0,72000,10000,62000,62000
066137,智易群益01購01  ,0,0,0,0,0,0,0,0,0,62000,0,0,0,62000,0,62000,62000
065116,臺股指國票9C購13,0,0,0,0,0,0,0,0,0,62000,0,0,0,62000,0,62000,62000
064906,台表科群益9C購02,0,0,0,0,0,0,0,0,0,62000,0,0,0,64000,2000,62000,62000
065578,台郡群益9C購02  ,0,0,0,0,0,0,0,0,0,62000,0,0,0,62000,0,62000,62000
064617,台光電元大01購01,0,0,0,0,0,0,0,0,0,62000,0,0,0,132000,70000,62000,62000
08565P,聯發科群益9C售12,0,0,0,0,0,0,0,0,0,61000,0,0,0,69000,8000,61000,61000
08510P,大立光富邦03售04,0,0,0,0,0,0,0,0,0,61000,0,0,0,61000,0,61000,61000
08488P,臺股指群益9C售19,0,0,0,0,0,0,0,0,0,61000,0,0,0,61000,0,61000,61000
067329,巨大康和01購02  ,0,0,0,0,0,0,0,0,0,61000,0,0,0,76000,15000,61000,61000
067290,金像電兆豐03購01,0,0,0,0,0,0,0,0,0,61000,0,0,0,80000,19000,61000,61000
067700,緯創國票02購01  ,0,0,0,0,0,0,0,0,0,61000,0,0,0,61000,0,61000,61000
056922,全新兆豐99購01  ,0,0,0,0,0,0,0,0,0,61000,0,0,0,61000,0,61000,61000
059988,大立光元大9A購02,0,0,0,0,0,0,0,0,0,61000,0,0,0,81000,20000,61000,61000
060913,宏達電元大9A購03,0,0,0,0,0,0,0,0,0,61000,0,0,0,84000,23000,61000,61000
061526,宏達電凱基9A購04,0,0,0,0,0,0,0,0,0,61000,0,0,0,65000,4000,61000,61000
063279,國巨元大9C購05  ,0,0,0,0,0,0,0,0,0,61000,0,0,0,125000,64000,61000,61000
063831,帆宣國票01購01  ,0,0,0,0,0,0,0,0,0,61000,0,0,0,122000,61000,61000,61000
064249,聯發科元富06購01,0,0,0,0,0,0,0,0,0,61000,0,0,0,71000,10000,61000,61000
065567,台積電群益01購03,0,0,0,0,0,0,0,0,0,61000,0,0,0,61000,0,61000,61000
065418,緯創國票01購01  ,0,0,0,0,0,0,0,0,0,61000,0,0,0,167000,106000,61000,61000
065864,光寶科群益9C購01,0,0,0,0,0,0,0,0,0,61000,0,0,0,66000,5000,61000,61000
08986P,聯發科元富07售06,0,0,0,0,0,0,0,0,0,61000,0,0,0,100000,39000,61000,61000
4141,龍燈-KY         ,181000,120000,61000,0,0,0,0,0,0,0,0,0,0,0,0,0,61000
9919,康那香          ,1338000,1270000,68000,0,0,0,0,0,0,-7000,0,7000,-7000,0,0,0,61000
067958,中磊永豐01購01  ,0,0,0,0,0,0,0,0,0,60000,0,0,0,80000,20000,60000,60000
067248,帆宣群益01購01  ,0,0,0,0,0,0,0,0,0,60000,0,0,0,173000,113000,60000,60000
066889,元大金中信07購01,0,0,0,0,0,0,0,0,0,60000,0,0,0,90000,30000,60000,60000
08292P,華新科台新9C售01,0,0,0,0,0,0,0,0,0,60000,0,0,0,60000,0,60000,60000
08904P,為升國票03售01  ,0,0,0,0,0,0,0,0,0,60000,0,0,0,204000,144000,60000,60000
08908P,義隆凱基01售05  ,0,0,0,0,0,0,0,0,0,60000,0,0,0,110000,50000,60000,60000
06856P,台灣50永豐99售03,0,0,0,0,0,0,0,0,0,60000,0,0,0,60000,0,60000,60000
07173P,臺股指國票99售10,0,0,0,0,0,0,0,0,0,60000,0,0,0,60000,0,60000,60000
057453,矽創元富98購01  ,0,0,0,0,0,0,0,0,0,60000,0,0,0,60000,0,60000,60000
056894,佳世達元大99購01,0,0,0,0,0,0,0,0,0,60000,0,0,0,155000,95000,60000,60000
006203,元大MSCI台灣    ,0,0,0,0,0,0,0,0,0,60000,0,0,0,60000,0,60000,60000
057891,華新科統一9A購01,0,0,0,0,0,0,0,0,0,60000,0,0,0,60000,0,60000,60000
05579P,友達凱基98售03  ,0,0,0,0,0,0,0,0,0,60000,0,0,0,60000,0,60000,60000
056125,旺宏國票98購02  ,0,0,0,0,0,0,0,0,0,60000,0,0,0,60000,0,60000,60000
061948,美食群益9B購01  ,0,0,0,0,0,0,0,0,0,60000,0,0,0,81000,21000,60000,60000
064133,力成元大9C購01  ,0,0,0,0,0,0,0,0,0,60000,0,0,0,60000,0,60000,60000
061308,元金2X中信9A購01,0,0,0,0,0,0,0,0,0,60000,0,0,0,60000,0,60000,60000
060761,南亞科元大9A購05,0,0,0,0,0,0,0,0,0,60000,0,0,0,60000,0,60000,60000
063611,儒鴻群益9B購03  ,0,0,0,0,0,0,0,0,0,60000,0,0,0,70000,10000,60000,60000
063019,聯發科元大9C購01,0,0,0,0,0,0,0,0,0,60000,0,0,0,70000,10000,60000,60000
065878,麗豐群益02購01  ,0,0,0,0,0,0,0,0,0,60000,0,0,0,60000,0,60000,60000
065680,聯發科統一9C購16,0,0,0,0,0,0,0,0,0,60000,0,0,0,91000,31000,60000,60000
065683,嘉聯益統一03購01,0,0,0,0,0,0,0,0,0,60000,0,0,0,60000,0,60000,60000
065760,和碩元大9C購02  ,0,0,0,0,0,0,0,0,0,60000,0,0,0,60000,0,60000,60000
066141,盛群群益01購01  ,0,0,0,0,0,0,0,0,0,60000,0,0,0,60000,0,60000,60000
066523,智原統一02購01  ,0,0,0,0,0,0,0,0,0,60000,0,0,0,60000,0,60000,60000
066559,聯鈞元大01購03  ,0,0,0,0,0,0,0,0,0,60000,0,0,0,60000,0,60000,60000
066801,奇鋐凱基01購02  ,0,0,0,0,0,0,0,0,0,60000,0,0,0,69000,9000,60000,60000
065395,致茂群益01購01  ,0,0,0,0,0,0,0,0,0,60000,0,0,0,77000,17000,60000,60000
064623,創意元大9C購04  ,0,0,0,0,0,0,0,0,0,60000,0,0,0,80000,20000,60000,60000
064634,臺股指元大9C購20,0,0,0,0,0,0,0,0,0,60000,0,0,0,60000,0,60000,60000
08432P,台勝科凱基9C售02,0,0,0,0,0,0,0,0,0,59000,0,0,0,90000,31000,59000,59000
067987,台積電元大01購29,0,0,0,0,0,0,0,0,0,59000,0,0,0,59000,0,59000,59000
054742,京鼎凱基99購01  ,0,0,0,0,0,0,0,0,0,59000,0,0,0,69000,10000,59000,59000
062562,瑞儀凱基9B購02  ,0,0,0,0,0,0,0,0,0,59000,0,0,0,78000,19000,59000,59000
065207,奇力新國票9C購02,0,0,0,0,0,0,0,0,0,59000,0,0,0,232000,173000,59000,59000
065739,正崴麥證9C購01  ,0,0,0,59000,0,59000,0,0,0,59000,0,0,0,59000,0,59000,59000
065834,億豐凱基03購01  ,0,0,0,0,0,0,0,0,0,59000,0,0,0,163000,104000,59000,59000
08901P,台表科群益01售02,0,0,0,0,0,0,0,0,0,58000,0,0,0,83000,25000,58000,58000
054569,GIS群益98購01   ,0,0,0,0,0,0,0,0,0,58000,0,0,0,91000,33000,58000,58000
056334,台積電凱基98購06,0,0,0,0,0,0,0,0,0,58000,0,0,0,58000,0,58000,58000
00783,富邦中証500     ,224000,60000,164000,0,0,0,0,257000,-257000,151000,0,0,0,990000,839000,151000,58000
00762,元大全球AI      ,0,0,0,0,0,0,0,0,0,58000,0,0,0,132000,74000,58000,58000
056994,緯穎兆豐98購02  ,0,0,0,0,0,0,0,0,0,58000,0,0,0,58000,0,58000,58000
048414,滬深2X統一98購01,0,0,0,0,0,0,0,0,0,58000,0,0,0,63000,5000,58000,58000
057542,上銀凱基99購01  ,0,0,0,0,0,0,0,0,0,58000,0,0,0,80000,22000,58000,58000
058174,台積電凱基9A購05,0,0,0,0,0,0,0,0,0,58000,0,0,0,77000,19000,58000,58000
062124,大立光統一9B購09,0,0,0,0,0,0,0,0,0,58000,0,0,0,110000,52000,58000,58000
063504,國巨群益9C購06  ,0,0,0,0,0,0,0,0,0,58000,0,0,0,82000,24000,58000,58000
063265,瑞祺永豐9B購01  ,0,0,0,0,0,0,0,0,0,58000,0,0,0,110000,52000,58000,58000
062383,大立光國泰01購01,0,0,0,0,0,0,0,0,0,58000,0,0,0,170000,112000,58000,58000
062454,華通群益9C購03  ,0,0,0,0,0,0,0,0,0,58000,0,0,0,82000,24000,58000,58000
063988,華通永豐9C購01  ,0,0,0,0,0,0,0,0,0,58000,0,0,0,60000,2000,58000,58000
063901,緯穎群益9C購01  ,0,0,0,0,0,0,0,0,0,58000,0,0,0,58000,0,58000,58000
065909,大立光永豐9C購02,0,0,0,0,0,0,0,0,0,58000,0,0,0,68000,10000,58000,58000
065930,矽格國票02購01  ,0,0,0,0,0,0,0,0,0,58000,0,0,0,136000,78000,58000,58000
065688,緯創元富9C購02  ,0,0,0,0,0,0,0,0,0,58000,0,0,0,84000,26000,58000,58000
066234,群光富邦04購01  ,0,0,0,0,0,0,0,0,0,58000,0,0,0,71000,13000,58000,58000
066606,聯詠永豐01購01  ,0,0,0,0,0,0,0,0,0,58000,0,0,0,68000,10000,58000,58000
065557,中磊凱基9C購01  ,0,0,0,0,0,0,0,0,0,58000,0,0,0,84000,26000,58000,58000
064841,彩晶統一02購02  ,0,0,0,0,0,0,0,0,0,58000,0,0,0,58000,0,58000,58000
6152,百一            ,86000,28000,58000,0,0,0,0,0,0,0,0,0,0,0,0,0,58000
08457P,大毅元大9C售03  ,0,0,0,0,0,0,0,0,0,57000,0,0,0,82000,25000,57000,57000
07991P,鴻海群益9C售02  ,0,0,0,0,0,0,0,0,0,57000,0,0,0,128000,71000,57000,57000
067639,奇力新統一01購06,0,0,0,0,0,0,0,0,0,57000,0,0,0,136000,79000,57000,57000
067166,華通麥證01購01  ,0,0,0,57000,0,57000,0,0,0,57000,0,0,0,57000,0,57000,57000
067102,聯發科群益01購03,0,0,0,0,0,0,0,0,0,57000,0,0,0,115000,58000,57000,57000
067479,京元電元大01購05,0,0,0,0,0,0,0,0,0,57000,0,0,0,249000,192000,57000,57000
056719,台虹永豐98購01  ,0,0,0,0,0,0,0,0,0,57000,0,0,0,57000,0,57000,57000
03063P,臺股指凱基04售03,0,0,0,0,0,0,0,0,0,57000,0,0,0,427000,370000,57000,57000
054893,帆宣統一99購01  ,0,0,0,0,0,0,0,0,0,57000,0,0,0,174000,117000,57000,57000
060309,佳世達永豐9A購01,0,0,0,0,0,0,0,0,0,57000,0,0,0,63000,6000,57000,57000
062264,南六元大9B購02  ,0,0,0,0,0,0,0,0,0,57000,0,0,0,137000,80000,57000,57000
061552,南六群益9A購02  ,0,0,0,0,0,0,0,0,0,57000,0,0,0,62000,5000,57000,57000
065476,聯發科元大9C購14,0,0,0,0,0,0,0,0,0,57000,0,0,0,77000,20000,57000,57000
065365,國巨元大9C購19  ,0,0,0,0,0,0,0,0,0,57000,0,0,0,141000,84000,57000,57000
065018,台達電富邦03購01,0,0,0,0,0,0,0,0,0,57000,0,0,0,57000,0,57000,57000
066576,矽創元大01購02  ,0,0,0,0,0,0,0,0,0,57000,0,0,0,260000,203000,57000,57000
067328,鎧勝康和01購02  ,0,0,0,0,0,0,0,0,0,56000,0,0,0,56000,0,56000,56000
08793P,聯詠中信07售02  ,0,0,0,0,0,0,0,0,0,56000,0,0,0,86000,30000,56000,56000
056469,國巨元大99購01  ,0,0,0,0,0,0,0,0,0,56000,0,0,0,158000,102000,56000,56000
057958,禾伸堂元大99購05,0,0,0,0,0,0,0,0,0,56000,0,0,0,177000,121000,56000,56000
054158,國巨日盛99購01  ,0,0,0,0,0,0,0,0,0,56000,0,0,0,56000,0,56000,56000
062834,立積群益9B購02  ,0,0,0,0,0,0,0,0,0,56000,0,0,0,56000,0,56000,56000
062653,正隆永豐9B購01  ,0,0,0,0,0,0,0,0,0,56000,0,0,0,56000,0,56000,56000
063802,南茂凱基9C購01  ,0,0,0,0,0,0,0,0,0,56000,0,0,0,103000,47000,56000,56000
061772,健策元大9B購06  ,0,0,0,0,0,0,0,0,0,56000,0,0,0,58000,2000,56000,56000
060413,東元永豐9A購01  ,0,0,0,0,0,0,0,0,0,56000,0,0,0,138000,82000,56000,56000
060449,元金2X元大9A購02,0,0,0,0,0,0,0,0,0,56000,0,0,0,69000,13000,56000,56000
065679,聯發科統一03購01,0,0,0,0,0,0,0,0,0,56000,0,0,0,110000,54000,56000,56000
065915,聯發科凱基01購09,0,0,0,0,0,0,0,0,0,56000,0,0,0,79000,23000,56000,56000
065391,和大群益01購03  ,0,0,0,0,0,0,0,0,0,56000,0,0,0,56000,0,56000,56000
065270,TPK元大01購01   ,0,0,0,0,0,0,0,0,0,56000,0,0,0,56000,0,56000,56000
08843P,台表科凱基01售01,0,0,0,0,0,0,0,0,0,55000,0,0,0,204000,149000,55000,55000
08213P,台光電統一9B售03,0,0,0,0,0,0,0,0,0,55000,0,0,0,81000,26000,55000,55000
08178P,南亞科元大9B售01,0,0,0,0,0,0,0,0,0,55000,0,0,0,55000,0,55000,55000
066891,鴻海兆豐04購01  ,0,0,0,0,0,0,0,0,0,55000,0,0,0,101000,46000,55000,55000
059851,晶相光永豐99購02,0,0,0,0,0,0,0,0,0,55000,0,0,0,55000,0,55000,55000
059872,華新科凱基01購01,0,0,0,0,0,0,0,0,0,55000,0,0,0,60000,5000,55000,55000
058549,藍天永豐99購01  ,0,0,0,0,0,0,0,0,0,55000,0,0,0,55000,0,55000,55000
057717,友訊元富98購02  ,0,0,0,0,0,0,0,0,0,55000,0,0,0,55000,0,55000,55000
064010,GIS凱基02購01   ,0,0,0,0,0,0,0,0,0,55000,0,0,0,74000,19000,55000,55000
062682,全新統一9B購01  ,0,0,0,0,0,0,0,0,0,55000,0,0,0,60000,5000,55000,55000
062126,創意統一9B購01  ,0,0,0,0,0,0,0,0,0,55000,0,0,0,59000,4000,55000,55000
062757,華通凱基9B購02  ,0,0,0,0,0,0,0,0,0,55000,0,0,0,65000,10000,55000,55000
061663,南六永豐9A購05  ,0,0,0,0,0,0,0,0,0,55000,0,0,0,55000,0,55000,55000
061742,奇鋐凱基9B購01  ,0,0,0,0,0,0,0,0,0,55000,0,0,0,55000,0,55000,55000
062319,南六凱基9B購02  ,0,0,0,0,0,0,0,0,0,55000,0,0,0,55000,0,55000,55000
065168,台積電元大02購02,0,0,0,0,0,0,0,0,0,55000,0,0,0,58000,3000,55000,55000
065146,帆宣凱基9C購01  ,0,0,0,0,0,0,0,0,0,55000,0,0,0,88000,33000,55000,55000
064713,和大統一02購01  ,0,0,0,0,0,0,0,0,0,55000,0,0,0,55000,0,55000,55000
066439,信錦群益02購01  ,0,0,0,0,0,0,0,0,0,55000,0,0,0,55000,0,55000,55000
2939,凱羿-KY         ,164000,106000,58000,0,0,0,0,0,0,-3000,0,3000,-3000,0,0,0,55000
067755,大立光國泰03購03,0,0,0,0,0,0,0,0,0,54000,0,0,0,65000,11000,54000,54000
067975,茂林群益04購01  ,0,0,0,0,0,0,0,0,0,54000,0,0,0,90000,36000,54000,54000
07982P,全新群益9B售04  ,0,0,0,0,0,0,0,0,0,54000,0,0,0,164000,110000,54000,54000
08277P,嘉晶元富9C售02  ,0,0,0,0,0,0,0,0,0,54000,0,0,0,55000,1000,54000,54000
058987,華新科凱基9B購01,0,0,0,0,0,0,0,0,0,54000,0,0,0,55000,1000,54000,54000
057663,國巨元大99購08  ,0,0,0,0,0,0,0,0,0,54000,0,0,0,54000,0,54000,54000
057527,億光元大98購01  ,0,0,0,0,0,0,0,0,0,54000,0,0,0,121000,67000,54000,54000
054774,同欣電國票98購01,0,0,0,0,0,0,0,0,0,54000,0,0,0,54000,0,54000,54000
063251,同欣電元大9B購04,0,0,0,0,0,0,0,0,0,54000,0,0,0,54000,0,54000,54000
063680,寶成富邦9C購01  ,0,0,0,0,0,0,0,0,0,54000,0,0,0,60000,6000,54000,54000
063336,大成鋼統一9C購02,0,0,0,0,0,0,0,0,0,54000,0,0,0,54000,0,54000,54000
063729,國巨元大9C購08  ,0,0,0,0,0,0,0,0,0,54000,0,0,0,80000,26000,54000,54000
061204,國巨元大9A購16  ,0,0,0,0,0,0,0,0,0,54000,0,0,0,59000,5000,54000,54000
061763,聯電元大9C購02  ,0,0,0,0,0,0,0,0,0,54000,0,0,0,74000,20000,54000,54000
066628,宏達電凱基03購01,0,0,0,0,0,0,0,0,0,54000,0,0,0,66000,12000,54000,54000
064727,群創統一02購03  ,0,0,0,0,0,0,0,0,0,54000,0,0,0,64000,10000,54000,54000
064612,聯電元大01購01  ,0,0,0,0,0,0,0,0,0,54000,0,0,0,279000,225000,54000,54000
07906P,中租群益9B售02  ,0,0,0,0,0,0,0,0,0,53000,0,0,0,83000,30000,53000,53000
067943,矽格凱基01購04  ,0,0,0,0,0,0,0,0,0,53000,0,0,0,107000,54000,53000,53000
00673R,元大S&P原油反1  ,2000,2000,0,0,0,0,0,0,0,53000,0,0,0,121000,68000,53000,53000
056850,彩晶元富99購01  ,0,0,0,0,0,0,0,0,0,53000,0,0,0,53000,0,53000,53000
057629,泰碩永豐98購02  ,0,0,0,0,0,0,0,0,0,53000,0,0,0,53000,0,53000,53000
060425,凌華永豐9A購01  ,0,0,0,0,0,0,0,0,0,53000,0,0,0,80000,27000,53000,53000
060609,玉晶光凱基9B購01,0,0,0,0,0,0,0,0,0,53000,0,0,0,55000,2000,53000,53000
064067,美律永豐9C購01  ,0,0,0,0,0,0,0,0,0,53000,0,0,0,71000,18000,53000,53000
062439,聯發科元大9B購10,0,0,0,0,0,0,0,0,0,53000,0,0,0,53000,0,53000,53000
062408,致新永豐9B購01  ,0,0,0,0,0,0,0,0,0,53000,0,0,0,54000,1000,53000,53000
062920,康友元大9B購01  ,0,0,0,0,0,0,0,0,0,53000,0,0,0,165000,112000,53000,53000
064850,智原元富9C購01  ,0,0,0,0,0,0,0,0,0,53000,0,0,0,53000,0,53000,53000
064774,聚陽群益9C購04  ,0,0,0,0,0,0,0,0,0,53000,0,0,0,87000,34000,53000,53000
065049,世芯凱基02購01  ,0,0,0,0,0,0,0,0,0,53000,0,0,0,949000,896000,53000,53000
065373,聯發科元大01購03,0,0,0,0,0,0,0,0,0,53000,0,0,0,114000,61000,53000,53000
065524,康控群益01購01  ,0,0,0,0,0,0,0,0,0,53000,0,0,0,65000,12000,53000,53000
066595,敦泰群益01購01  ,0,0,0,0,0,0,0,0,0,53000,0,0,0,219000,166000,53000,53000
066810,瀚宇博凱基02購01,0,0,0,0,0,0,0,0,0,53000,0,0,0,63000,10000,53000,53000
066332,慧洋永豐01購01  ,0,0,0,0,0,0,0,0,0,53000,0,0,0,55000,2000,53000,53000
065998,友訊國票01購02  ,0,0,0,0,0,0,0,0,0,53000,0,0,0,53000,0,53000,53000
058706,聯鈞元大9C購01  ,0,0,0,0,0,0,0,0,0,52000,0,0,0,177000,125000,52000,52000
058714,美律統一9B購01  ,0,0,0,0,0,0,0,0,0,52000,0,0,0,450000,398000,52000,52000
056349,道瓊銀元大9B購01,0,0,0,0,0,0,0,0,0,52000,0,0,0,52000,0,52000,52000
056304,創意元大97購03  ,0,0,0,0,0,0,0,0,0,52000,0,0,0,52000,0,52000,52000
060912,華新科元大9A購10,0,0,0,0,0,0,0,0,0,52000,0,0,0,53000,1000,52000,52000
062573,大毅群益9B購03  ,0,0,0,0,0,0,0,0,0,52000,0,0,0,126000,74000,52000,52000
063942,台積電元大01購03,0,0,0,0,0,0,0,0,0,52000,0,0,0,103000,51000,52000,52000
063740,矽格元大9B購03  ,0,0,0,0,0,0,0,0,0,52000,0,0,0,106000,54000,52000,52000
060288,群光元大9C購01  ,0,0,0,0,0,0,0,0,0,52000,0,0,0,79000,27000,52000,52000
061817,高鐵群益9B購01  ,0,0,0,0,0,0,0,0,0,52000,0,0,0,52000,0,52000,52000
061841,晶技凱基9C購01  ,0,0,0,0,0,0,0,0,0,52000,0,0,0,73000,21000,52000,52000
061635,台積電元大9A購34,0,0,0,0,0,0,0,0,0,52000,0,0,0,52000,0,52000,52000
061304,創意永豐9A購02  ,0,0,0,0,0,0,0,0,0,52000,0,0,0,239000,187000,52000,52000
06597P,國巨富邦9A售05  ,0,0,0,0,0,0,0,0,0,52000,0,0,0,200000,148000,52000,52000
066032,矽格群益01購01  ,0,0,0,0,0,0,0,0,0,52000,0,0,0,103000,51000,52000,52000
066827,聯發科群益02購04,0,0,0,0,0,0,0,0,0,52000,0,0,0,60000,8000,52000,52000
065597,旺宏元大01購03  ,0,0,0,0,0,0,0,0,0,52000,0,0,0,90000,38000,52000,52000
065214,友達國泰01購01  ,0,0,0,0,0,0,0,0,0,52000,0,0,0,148000,96000,52000,52000
067468,鴻海元大01購17  ,0,0,0,0,0,0,0,0,0,51000,0,0,0,51000,0,51000,51000
07966P,瑞祺群益9B售02  ,0,0,0,0,0,0,0,0,0,51000,0,0,0,61000,10000,51000,51000
07683P,宏達電凱基9A售03,0,0,0,0,0,0,0,0,0,51000,0,0,0,51000,0,51000,51000
061421,台積電元大9A購29,0,0,0,0,0,0,0,0,0,51000,0,0,0,73000,22000,51000,51000
061424,華新科元大9A購18,0,0,0,0,0,0,0,0,0,51000,0,0,0,53000,2000,51000,51000
061958,鴻海統一01購01  ,0,0,0,0,0,0,0,0,0,51000,0,0,0,81000,30000,51000,51000
064191,聯發科中信03購01,0,0,0,0,0,0,0,0,0,51000,0,0,0,51000,0,51000,51000
062467,國巨凱基9B購08  ,0,0,0,0,0,0,0,0,0,51000,0,0,0,105000,54000,51000,51000
063650,矽創元大9B購03  ,0,0,0,0,0,0,0,0,0,51000,0,0,0,51000,0,51000,51000
064974,燿華元大9C購03  ,0,0,0,0,0,0,0,0,0,51000,0,0,0,51000,0,51000,51000
064980,牧德元大01購01  ,0,0,0,0,0,0,0,0,0,51000,0,0,0,66000,15000,51000,51000
064300,英業達兆豐9C購01,0,0,0,0,0,0,0,0,0,51000,0,0,0,64000,13000,51000,51000
066453,嘉基群益01購01  ,0,0,0,0,0,0,0,0,0,51000,0,0,0,161000,110000,51000,51000
07550P,國巨元大9A售09  ,0,0,0,0,0,0,0,0,0,50000,0,0,0,50000,0,50000,50000
07865P,可成元大9B售02  ,0,0,0,0,0,0,0,0,0,50000,0,0,0,50000,0,50000,50000
07835P,台表科群益9A售02,0,0,0,0,0,0,0,0,0,50000,0,0,0,50000,0,50000,50000
08202P,台表科國泰01售04,0,0,0,0,0,0,0,0,0,50000,0,0,0,573000,523000,50000,50000
08701P,景碩康和01售02  ,0,0,0,0,0,0,0,0,0,50000,0,0,0,63000,13000,50000,50000
067409,巨大永豐01購01  ,0,0,0,0,0,0,0,0,0,50000,0,0,0,150000,100000,50000,50000
067437,瑞祺凱基02購02  ,0,0,0,0,0,0,0,0,0,50000,0,0,0,50000,0,50000,50000
067342,新日興凱基01購02,0,0,0,0,0,0,0,0,0,50000,0,0,0,50000,0,50000,50000
067262,嘉基國票02購01  ,0,0,0,0,0,0,0,0,0,50000,0,0,0,60000,10000,50000,50000
067060,A50正2元大01購02,0,0,0,0,0,0,0,0,0,50000,0,0,0,50000,0,50000,50000
067039,生達凱基01購01  ,0,0,0,0,0,0,0,0,0,50000,0,0,0,50000,0,50000,50000
067953,京元電永豐01購02,0,0,0,0,0,0,0,0,0,50000,0,0,0,120000,70000,50000,50000
06755P,大立光永豐98售03,0,0,0,0,0,0,0,0,0,50000,0,0,0,50000,0,50000,50000
060676,京元電元大9A購03,0,0,0,0,0,0,0,0,0,50000,0,0,0,157000,107000,50000,50000
061477,晶豪科元大9A購01,0,0,0,0,0,0,0,0,0,50000,0,0,0,50000,0,50000,50000
063187,全新凱基9B購02  ,0,0,0,0,0,0,0,0,0,50000,0,0,0,63000,13000,50000,50000
063191,台表科凱基9B購03,0,0,0,0,0,0,0,0,0,50000,0,0,0,50000,0,50000,50000
057535,泰鼎元大99購01  ,0,0,0,0,0,0,0,0,0,50000,0,0,0,50000,0,50000,50000
057538,緯穎元大98購07  ,0,0,0,0,0,0,0,0,0,50000,0,0,0,50000,0,50000,50000
057716,神達統一98購01  ,0,0,0,0,0,0,0,0,0,50000,0,0,0,50000,0,50000,50000
057758,鴻海凱基99購03  ,0,0,0,0,0,0,0,0,0,50000,0,0,0,50000,0,50000,50000
057803,上銀元大98購08  ,0,0,0,0,0,0,0,0,0,50000,0,0,0,50000,0,50000,50000
058577,南亞科群益99購02,0,0,0,0,0,0,0,0,0,50000,0,0,0,50000,0,50000,50000
058268,泰碩永豐9A購01  ,0,0,0,0,0,0,0,0,0,50000,0,0,0,200000,150000,50000,50000
059460,GIS永豐99購02   ,0,0,0,0,0,0,0,0,0,50000,0,0,0,50000,0,50000,50000
059555,台灣50凱基9A購06,0,0,0,0,0,0,0,0,0,50000,0,0,0,50000,0,50000,50000
057244,鈺齊凱基99購01  ,0,0,0,0,0,0,0,0,0,50000,0,0,0,50000,0,50000,50000
055161,貿聯元大98購03  ,0,0,0,0,0,0,0,0,0,50000,0,0,0,50000,0,50000,50000
055729,金寶元富99購01  ,0,0,0,0,0,0,0,0,0,50000,0,0,0,50000,0,50000,50000
055256,日電貿統一99購01,0,0,0,0,0,0,0,0,0,50000,0,0,0,50000,0,50000,50000
054318,台虹凱基98購01  ,0,0,0,0,0,0,0,0,0,50000,0,0,0,50000,0,50000,50000
054461,台積電凱基97購09,0,0,0,0,0,0,0,0,0,50000,0,0,0,50000,0,50000,50000
056846,晶相光元富98購01,0,0,0,0,0,0,0,0,0,50000,0,0,0,50000,0,50000,50000
052755,滬深2X群益9A購01,0,0,0,0,0,0,0,0,0,50000,0,0,0,50000,0,50000,50000
063230,緯穎群益9B購02  ,0,0,0,0,0,0,0,0,0,50000,0,0,0,112000,62000,50000,50000
061680,崇越元大9A購01  ,0,0,0,0,0,0,0,0,0,50000,0,0,0,60000,10000,50000,50000
061511,緯穎富邦9B購02  ,0,0,0,0,0,0,0,0,0,50000,0,0,0,100000,50000,50000,50000
062783,大立光元大9C購03,0,0,0,0,0,0,0,0,0,50000,0,0,0,50000,0,50000,50000
062189,康控元大9B購02  ,0,0,0,0,0,0,0,0,0,50000,0,0,0,91000,41000,50000,50000
062161,南六凱基9C購01  ,0,0,0,0,0,0,0,0,0,50000,0,0,0,50000,0,50000,50000
062678,華通統一9C購04  ,0,0,0,0,0,0,0,0,0,50000,0,0,0,75000,25000,50000,50000
063115,台積電麥證9B購02,0,0,0,50000,0,50000,0,0,0,50000,0,0,0,50000,0,50000,50000
062904,台光電元大9B購06,0,0,0,0,0,0,0,0,0,50000,0,0,0,53000,3000,50000,50000
062883,智易兆豐9C購01  ,0,0,0,0,0,0,0,0,0,50000,0,0,0,50000,0,50000,50000
063026,南六元大9B購04  ,0,0,0,0,0,0,0,0,0,50000,0,0,0,134000,84000,50000,50000
063016,微星元大9C購02  ,0,0,0,0,0,0,0,0,0,50000,0,0,0,50000,0,50000,50000
064110,國巨國票01購01  ,0,0,0,0,0,0,0,0,0,50000,0,0,0,78000,28000,50000,50000
061926,晶技凱基9B購02  ,0,0,0,0,0,0,0,0,0,50000,0,0,0,50000,0,50000,50000
062014,牧德富邦9C購01  ,0,0,0,0,0,0,0,0,0,50000,0,0,0,50000,0,50000,50000
061171,大立光麥證9A購01,0,0,0,50000,0,50000,0,0,0,50000,0,0,0,50000,0,50000,50000
061879,超眾元大9C購01  ,0,0,0,0,0,0,0,0,0,50000,0,0,0,50000,0,50000,50000
060433,億豐永豐9A購01  ,0,0,0,0,0,0,0,0,0,50000,0,0,0,50000,0,50000,50000
060470,台勝科元大9A購03,0,0,0,0,0,0,0,0,0,50000,0,0,0,50000,0,50000,50000
061205,旺宏元大9A購11  ,0,0,0,0,0,0,0,0,0,50000,0,0,0,50000,0,50000,50000
060505,友達元大9C購05  ,0,0,0,0,0,0,0,0,0,50000,0,0,0,50000,0,50000,50000
066563,日月光元大01購01,0,0,0,0,0,0,0,0,0,50000,0,0,0,301000,251000,50000,50000
066553,大立光元大01購09,0,0,0,0,0,0,0,0,0,50000,0,0,0,50000,0,50000,50000
066833,正文群益01購01  ,0,0,0,0,0,0,0,0,0,50000,0,0,0,50000,0,50000,50000
066798,燿華凱基02購02  ,0,0,0,0,0,0,0,0,0,50000,0,0,0,68000,18000,50000,50000
066027,華擎群益02購01  ,0,0,0,0,0,0,0,0,0,50000,0,0,0,50000,0,50000,50000
066115,美律兆豐02購01  ,0,0,0,0,0,0,0,0,0,50000,0,0,0,50000,0,50000,50000
065615,南電元大01購03  ,0,0,0,0,0,0,0,0,0,50000,0,0,0,53000,3000,50000,50000
065730,新日興凱基9C購01,0,0,0,0,0,0,0,0,0,50000,0,0,0,50000,0,50000,50000
064299,宏碁兆豐9C購01  ,0,0,0,0,0,0,0,0,0,50000,0,0,0,260000,210000,50000,50000
064260,矽創富邦9C購01  ,0,0,0,0,0,0,0,0,0,50000,0,0,0,50000,0,50000,50000
064495,南亞科元大9C購03,0,0,0,0,0,0,0,0,0,50000,0,0,0,50000,0,50000,50000
064437,可成凱基02購01  ,0,0,0,0,0,0,0,0,0,50000,0,0,0,50000,0,50000,50000
064638,儒鴻凱基9C購03  ,0,0,0,0,0,0,0,0,0,50000,0,0,0,50000,0,50000,50000
064646,群創凱基02購01  ,0,0,0,0,0,0,0,0,0,50000,0,0,0,50000,0,50000,50000
065263,國泰金元大9C購02,0,0,0,0,0,0,0,0,0,50000,0,0,0,50000,0,50000,50000
08966P,臺指反元大04售07,0,0,0,0,0,0,0,0,0,50000,0,0,0,50000,0,50000,50000
911616,杜康-DR         ,50000,0,50000,0,0,0,0,0,0,0,0,0,0,0,0,0,50000
067113,京鼎群益02購03  ,0,0,0,0,0,0,0,0,0,49000,0,0,0,157000,108000,49000,49000
066955,新日興元大01購01,0,0,0,0,0,0,0,0,0,49000,0,0,0,64000,15000,49000,49000
067528,聚陽群益01購01  ,0,0,0,0,0,0,0,0,0,49000,0,0,0,87000,38000,49000,49000
057189,康控元大98購02  ,0,0,0,0,0,0,0,0,0,49000,0,0,0,49000,0,49000,49000
056317,華通群益99購02  ,0,0,0,0,0,0,0,0,0,49000,0,0,0,49000,0,49000,49000
058733,同欣電永豐99購02,0,0,0,0,0,0,0,0,0,49000,0,0,0,69000,20000,49000,49000
057506,聯鈞國票99購02  ,0,0,0,0,0,0,0,0,0,49000,0,0,0,63000,14000,49000,49000
063285,華擎元大9B購03  ,0,0,0,0,0,0,0,0,0,49000,0,0,0,180000,131000,49000,49000
060735,鴻海統一9C購03  ,0,0,0,0,0,0,0,0,0,49000,0,0,0,50000,1000,49000,49000
061036,晶技永豐9A購03  ,0,0,0,0,0,0,0,0,0,49000,0,0,0,50000,1000,49000,49000
061976,國巨元大9B購01  ,0,0,0,0,0,0,0,0,0,49000,0,0,0,97000,48000,49000,49000
064089,新日興凱基02購01,0,0,0,0,0,0,0,0,0,49000,0,0,0,50000,1000,49000,49000
062496,矽創中信9B購01  ,0,0,0,0,0,0,0,0,0,49000,0,0,0,316000,267000,49000,49000
065481,臻鼎元大9C購04  ,0,0,0,0,0,0,0,0,0,49000,0,0,0,167000,118000,49000,49000
064672,同欣電元大01購01,0,0,0,0,0,0,0,0,0,49000,0,0,0,87000,38000,49000,49000
064830,可成統一9C購04  ,0,0,0,0,0,0,0,0,0,49000,0,0,0,49000,0,49000,49000
066336,聯陽永豐01購01  ,0,0,0,0,0,0,0,0,0,49000,0,0,0,117000,68000,49000,49000
067452,台勝科國票02購02,0,0,0,0,0,0,0,0,0,48000,0,0,0,48000,0,48000,48000
067430,中工凱基05購01  ,0,0,0,0,0,0,0,0,0,48000,0,0,0,99000,51000,48000,48000
068039,鎧勝元富07購01  ,0,0,0,0,0,0,0,0,0,48000,0,0,0,119000,71000,48000,48000
058069,美律凱基99購05  ,0,0,0,0,0,0,0,0,0,48000,0,0,0,48000,0,48000,48000
052987,華新科元大99購01,0,0,0,0,0,0,0,0,0,48000,0,0,0,53000,5000,48000,48000
062537,聯電國泰9C購01  ,0,0,0,0,0,0,0,0,0,48000,0,0,0,54000,6000,48000,48000
063694,貿聯永豐9B購01  ,0,0,0,0,0,0,0,0,0,48000,0,0,0,48000,0,48000,48000
064083,群創中信06購01  ,0,0,0,0,0,0,0,0,0,48000,0,0,0,48000,0,48000,48000
064054,中租統一02購01  ,0,0,0,0,0,0,0,0,0,48000,0,0,0,142000,94000,48000,48000
061617,微星群益9A購02  ,0,0,0,0,0,0,0,0,0,48000,0,0,0,49000,1000,48000,48000
061259,台積電凱基9A購21,0,0,0,0,0,0,0,0,0,48000,0,0,0,62000,14000,48000,48000
06627P,華新科元富99售01,0,0,0,0,0,0,0,0,0,48000,0,0,0,48000,0,48000,48000
066770,上証2X富邦02購02,0,0,0,0,0,0,0,0,0,48000,0,0,0,70000,22000,48000,48000
066729,台積電元大01購16,0,0,0,0,0,0,0,0,0,48000,0,0,0,57000,9000,48000,48000
2313,華通            ,3194000,3299000,-105000,0,0,0,602000,877000,-275000,428000,834000,442000,392000,243000,207000,36000,48000
067805,宏碁凱基01購02  ,0,0,0,0,0,0,0,0,0,47000,0,0,0,67000,20000,47000,47000
061410,緯穎國票9A購03  ,0,0,0,0,0,0,0,0,0,47000,0,0,0,47000,0,47000,47000
060747,聯鈞國票9A購02  ,0,0,0,0,0,0,0,0,0,47000,0,0,0,81000,34000,47000,47000
058526,鈺齊元大99購02  ,0,0,0,0,0,0,0,0,0,47000,0,0,0,100000,53000,47000,47000
064022,台積電元大9C購07,0,0,0,0,0,0,0,0,0,47000,0,0,0,47000,0,47000,47000
063873,南六永豐9C購01  ,0,0,0,0,0,0,0,0,0,47000,0,0,0,47000,0,47000,47000
060114,緯穎元大99購10  ,0,0,0,0,0,0,0,0,0,47000,0,0,0,47000,0,47000,47000
063116,大立光麥證9C購01,0,0,0,58000,11000,47000,0,0,0,47000,0,0,0,58000,11000,47000,47000
062665,智易群益9B購01  ,0,0,0,0,0,0,0,0,0,47000,0,0,0,47000,0,47000,47000
060886,國巨統一01購03  ,0,0,0,0,0,0,0,0,0,47000,0,0,0,59000,12000,47000,47000
066806,京鼎凱基02購01  ,0,0,0,0,0,0,0,0,0,47000,0,0,0,109000,62000,47000,47000
066307,華城永豐01購01  ,0,0,0,0,0,0,0,0,0,47000,0,0,0,59000,12000,47000,47000
065825,鴻海凱基02購02  ,0,0,0,0,0,0,0,0,0,47000,0,0,0,50000,3000,47000,47000
065428,旺宏凱基03購01  ,0,0,0,0,0,0,0,0,0,47000,0,0,0,55000,8000,47000,47000
065002,致茂國票01購01  ,0,0,0,0,0,0,0,0,0,47000,0,0,0,64000,17000,47000,47000
08994P,台灣50群益01售11,0,0,0,0,0,0,0,0,0,47000,0,0,0,70000,23000,47000,47000
067803,台積電凱基07購02,0,0,0,0,0,0,0,0,0,46000,0,0,0,90000,44000,46000,46000
067538,晶技群益01購02  ,0,0,0,0,0,0,0,0,0,46000,0,0,0,63000,17000,46000,46000
067015,義隆富邦04購01  ,0,0,0,0,0,0,0,0,0,46000,0,0,0,70000,24000,46000,46000
066927,亞德客國票02購01,0,0,0,0,0,0,0,0,0,46000,0,0,0,80000,34000,46000,46000
08566P,禾伸堂群益9C售01,0,0,0,0,0,0,0,0,0,46000,0,0,0,60000,14000,46000,46000
07714P,世紀鋼元大9A售03,0,0,0,0,0,0,0,0,0,46000,0,0,0,46000,0,46000,46000
08119P,南亞科統一9C售03,0,0,0,0,0,0,0,0,0,46000,0,0,0,46000,0,46000,46000
053401,臺股指中信99購01,0,0,0,0,0,0,0,0,0,46000,0,0,0,46000,0,46000,46000
00656R,國泰中國A50反1  ,0,0,0,0,0,0,0,0,0,46000,0,0,0,459000,413000,46000,46000
056390,台積電富邦9B購01,0,0,0,0,0,0,0,0,0,46000,0,0,0,93000,47000,46000,46000
062855,嘉澤永豐9B購02  ,0,0,0,0,0,0,0,0,0,46000,0,0,0,91000,45000,46000,46000
062280,大立光群益9C購01,0,0,0,0,0,0,0,0,0,46000,0,0,0,46000,0,46000,46000
063257,牧德國泰01購01  ,0,0,0,0,0,0,0,0,0,46000,0,0,0,80000,34000,46000,46000
063214,康控國票9C購01  ,0,0,0,0,0,0,0,0,0,46000,0,0,0,66000,20000,46000,46000
064098,正崴群益9C購01  ,0,0,0,0,0,0,0,0,0,46000,0,0,0,46000,0,46000,46000
064182,臻鼎富邦01購01  ,0,0,0,0,0,0,0,0,0,46000,0,0,0,48000,2000,46000,46000
065060,上銀群益9C購02  ,0,0,0,0,0,0,0,0,0,46000,0,0,0,70000,24000,46000,46000
065265,景碩元大9C購02  ,0,0,0,0,0,0,0,0,0,46000,0,0,0,100000,54000,46000,46000
065861,台汽電元大9C購01,0,0,0,0,0,0,0,0,0,46000,0,0,0,46000,0,46000,46000
065687,華通元富9C購03  ,0,0,0,0,0,0,0,0,0,46000,0,0,0,46000,0,46000,46000
066132,精元群益01購01  ,0,0,0,0,0,0,0,0,0,46000,0,0,0,159000,113000,46000,46000
066162,泰豐凱基01購01  ,0,0,0,0,0,0,0,0,0,46000,0,0,0,50000,4000,46000,46000
066327,強茂永豐01購01  ,0,0,0,0,0,0,0,0,0,46000,0,0,0,124000,78000,46000,46000
07919P,創意永豐9B售01  ,0,0,0,0,0,0,0,0,0,45000,0,0,0,45000,0,45000,45000
06934P,聯鈞元大98售03  ,0,0,0,0,0,0,0,0,0,45000,0,0,0,100000,55000,45000,45000
08495P,同欣電元大9C售08,0,0,0,0,0,0,0,0,0,45000,0,0,0,145000,100000,45000,45000
08284P,鴻海凱基01售03  ,0,0,0,0,0,0,0,0,0,45000,0,0,0,74000,29000,45000,45000
08708P,華通台新01售01  ,0,0,0,0,0,0,0,0,0,45000,0,0,0,45000,0,45000,45000
08650P,臺股指元大9C售36,0,0,0,0,0,0,0,0,0,45000,0,0,0,227000,182000,45000,45000
066979,國巨群益01購04  ,0,0,0,0,0,0,0,0,0,45000,0,0,0,75000,30000,45000,45000
059867,華邦電凱基99購02,0,0,0,0,0,0,0,0,0,45000,0,0,0,45000,0,45000,45000
03058P,台積電凱基01售18,0,0,0,0,0,0,0,0,0,45000,0,0,0,50000,5000,45000,45000
057043,台積電元大99購02,0,0,0,0,0,0,0,0,0,45000,0,0,0,45000,0,45000,45000
057078,國巨統一9A購02  ,0,0,0,0,0,0,0,0,0,45000,0,0,0,46000,1000,45000,45000
061413,台勝科群益9A購01,0,0,0,0,0,0,0,0,0,45000,0,0,0,45000,0,45000,45000
060695,同欣電麥證9A購01,0,0,0,55000,10000,45000,0,0,0,45000,0,0,0,55000,10000,45000,45000
05748P,臺股指群益99售02,0,0,0,0,0,0,0,0,0,45000,0,0,0,45000,0,45000,45000
061853,晶技國票9B購02  ,0,0,0,0,0,0,0,0,0,45000,0,0,0,134000,89000,45000,45000
063582,瑞祺國泰9C購01  ,0,0,0,0,0,0,0,0,0,45000,0,0,0,90000,45000,45000,45000
063641,泰鼎元大9B購04  ,0,0,0,0,0,0,0,0,0,45000,0,0,0,55000,10000,45000,45000
061707,超眾國票9B購01  ,0,0,0,0,0,0,0,0,0,45000,0,0,0,50000,5000,45000,45000
062413,台光電中信9B購02,0,0,0,0,0,0,0,0,0,45000,0,0,0,87000,42000,45000,45000
062215,華通統一9B購01  ,0,0,0,0,0,0,0,0,0,45000,0,0,0,231000,186000,45000,45000
066399,聯鈞凱基01購02  ,0,0,0,0,0,0,0,0,0,45000,0,0,0,50000,5000,45000,45000
066837,樺漢群益01購02  ,0,0,0,0,0,0,0,0,0,45000,0,0,0,158000,113000,45000,45000
066185,松翰凱基01購01  ,0,0,0,0,0,0,0,0,0,45000,0,0,0,50000,5000,45000,45000
065953,宏達電統一03購01,0,0,0,0,0,0,0,0,0,45000,0,0,0,45000,0,45000,45000
065346,台光電統一02購01,0,0,0,0,0,0,0,0,0,45000,0,0,0,46000,1000,45000,45000
064380,超眾元富9C購03  ,0,0,0,0,0,0,0,0,0,45000,0,0,0,45000,0,45000,45000
3617,碩天            ,225000,160000,65000,0,0,0,0,0,0,-20000,0,0,0,0,20000,-20000,45000
067036,南電康和01購02  ,0,0,0,0,0,0,0,0,0,44000,0,0,0,129000,85000,44000,44000
057466,泰鼎永豐98購01  ,0,0,0,0,0,0,0,0,0,44000,0,0,0,48000,4000,44000,44000
063139,聯發科統一9B購07,0,0,0,0,0,0,0,0,0,44000,0,0,0,169000,125000,44000,44000
059360,全新永豐99購02  ,0,0,0,0,0,0,0,0,0,44000,0,0,0,44000,0,44000,44000
059116,晶豪科永豐99購01,0,0,0,0,0,0,0,0,0,44000,0,0,0,59000,15000,44000,44000
063452,創意統一01購01  ,0,0,0,0,0,0,0,0,0,44000,0,0,0,65000,21000,44000,44000
064123,台積電元大9C購09,0,0,0,0,0,0,0,0,0,44000,0,0,0,44000,0,44000,44000
064282,大立光元大9C購13,0,0,0,0,0,0,0,0,0,44000,0,0,0,44000,0,44000,44000
064433,金像電凱基02購01,0,0,0,0,0,0,0,0,0,44000,0,0,0,154000,110000,44000,44000
065973,嘉晶元大01購03  ,0,0,0,0,0,0,0,0,0,44000,0,0,0,71000,27000,44000,44000
065613,GIS元大9C購08   ,0,0,0,0,0,0,0,0,0,44000,0,0,0,50000,6000,44000,44000
065900,瑞祺國泰02購01  ,0,0,0,0,0,0,0,0,0,44000,0,0,0,98000,54000,44000,44000
5871,中租-KY         ,1360865,1233998,126867,0,0,0,0,11690,-11690,-72000,0,60000,-60000,4000,16000,-12000,43177
059086,國巨元大99購18  ,0,0,0,0,0,0,0,0,0,43000,0,0,0,60000,17000,43000,43000
057664,台積電元大9A購03,0,0,0,0,0,0,0,0,0,43000,0,0,0,46000,3000,43000,43000
058077,超眾凱基98購02  ,0,0,0,0,0,0,0,0,0,43000,0,0,0,43000,0,43000,43000
057928,鈺齊凱基98購02  ,0,0,0,0,0,0,0,0,0,43000,0,0,0,43000,0,43000,43000
056211,南港國票98購01  ,0,0,0,0,0,0,0,0,0,43000,0,0,0,44000,1000,43000,43000
061824,聯電麥證9B購01  ,0,0,0,44000,1000,43000,0,0,0,43000,0,0,0,44000,1000,43000,43000
061318,智邦凱基9B購01  ,0,0,0,0,0,0,0,0,0,43000,0,0,0,53000,10000,43000,43000
061033,台光電永豐9A購01,0,0,0,0,0,0,0,0,0,43000,0,0,0,43000,0,43000,43000
061241,晶技兆豐9A購01  ,0,0,0,0,0,0,0,0,0,43000,0,0,0,48000,5000,43000,43000
061188,大成鋼富邦9B購01,0,0,0,0,0,0,0,0,0,43000,0,0,0,46000,3000,43000,43000
063643,臻鼎元大9B購03  ,0,0,0,0,0,0,0,0,0,43000,0,0,0,50000,7000,43000,43000
061666,友達中信01購01  ,0,0,0,0,0,0,0,0,0,43000,0,0,0,96000,53000,43000,43000
063246,嘉晶元大9C購01  ,0,0,0,0,0,0,0,0,0,43000,0,0,0,63000,20000,43000,43000
062310,南亞科凱基9B購02,0,0,0,0,0,0,0,0,0,43000,0,0,0,50000,7000,43000,43000
062739,嘉晶國票9B購02  ,0,0,0,0,0,0,0,0,0,43000,0,0,0,54000,11000,43000,43000
062707,致伸元大9B購01  ,0,0,0,0,0,0,0,0,0,43000,0,0,0,51000,8000,43000,43000
062992,聯發科群益9B購09,0,0,0,0,0,0,0,0,0,43000,0,0,0,61000,18000,43000,43000
066159,寶成康和01購01  ,0,0,0,0,0,0,0,0,0,43000,0,0,0,68000,25000,43000,43000
066509,南亞永豐01購01  ,0,0,0,0,0,0,0,0,0,43000,0,0,0,43000,0,43000,43000
064254,景碩台新9C購02  ,0,0,0,0,0,0,0,0,0,43000,0,0,0,44000,1000,43000,43000
064802,台積電元大01購04,0,0,0,0,0,0,0,0,0,43000,0,0,0,53000,10000,43000,43000
067395,金像電永豐01購04,0,0,0,0,0,0,0,0,0,42000,0,0,0,48000,6000,42000,42000
067654,嘉晶元富07購03  ,0,0,0,0,0,0,0,0,0,42000,0,0,0,175000,133000,42000,42000
056095,臻鼎元富9A購01  ,0,0,0,0,0,0,0,0,0,42000,0,0,0,72000,30000,42000,42000
056906,玉晶光元大9B購01,0,0,0,0,0,0,0,0,0,42000,0,0,0,170000,128000,42000,42000
03002P,玉晶光群益02售18,0,0,0,0,0,0,0,0,0,42000,0,0,0,85000,43000,42000,42000
00710B,FH彭博高收益債  ,68000,0,68000,0,0,0,0,0,0,-26000,0,0,0,88000,114000,-26000,42000
059501,可成元富99購01  ,0,0,0,0,0,0,0,0,0,42000,0,0,0,62000,20000,42000,42000
058246,帆宣元大99購01  ,0,0,0,0,0,0,0,0,0,42000,0,0,0,42000,0,42000,42000
062907,可成元大9C購03  ,0,0,0,0,0,0,0,0,0,42000,0,0,0,47000,5000,42000,42000
063215,台表科國票9C購02,0,0,0,0,0,0,0,0,0,42000,0,0,0,42000,0,42000,42000
061637,華新科元大9A購22,0,0,0,0,0,0,0,0,0,42000,0,0,0,43000,1000,42000,42000
063872,嘉聯益永豐9C購01,0,0,0,0,0,0,0,0,0,42000,0,0,0,68000,26000,42000,42000
063887,香港2X中信02購01,0,0,0,0,0,0,0,0,0,42000,0,0,0,42000,0,42000,42000
063997,泰鼎群益9C購01  ,0,0,0,0,0,0,0,0,0,42000,0,0,0,74000,32000,42000,42000
060133,牧德群益9B購01  ,0,0,0,0,0,0,0,0,0,42000,0,0,0,42000,0,42000,42000
064746,貿聯國票01購02  ,0,0,0,0,0,0,0,0,0,42000,0,0,0,44000,2000,42000,42000
6183,關貿            ,71000,27000,44000,0,0,0,0,0,0,-2000,0,2000,-2000,0,0,0,42000
08983P,玉晶光凱基01售06,0,0,0,0,0,0,0,0,0,42000,0,0,0,53000,11000,42000,42000
07059P,華通國票9A售02  ,0,0,0,0,0,0,0,0,0,41000,0,0,0,50000,9000,41000,41000
07531P,大立光國泰9B售03,0,0,0,0,0,0,0,0,0,41000,0,0,0,50000,9000,41000,41000
07948P,大成鋼凱基9B售01,0,0,0,0,0,0,0,0,0,41000,0,0,0,140000,99000,41000,41000
057468,台郡永豐98購01  ,0,0,0,0,0,0,0,0,0,41000,0,0,0,42000,1000,41000,41000
057000,亞德客國票99購01,0,0,0,0,0,0,0,0,0,41000,0,0,0,41000,0,41000,41000
057182,禾伸堂元大99購02,0,0,0,0,0,0,0,0,0,41000,0,0,0,110000,69000,41000,41000
061991,牧德元大9C購01  ,0,0,0,0,0,0,0,0,0,41000,0,0,0,41000,0,41000,41000
063986,聯發科富邦02購01,0,0,0,0,0,0,0,0,0,41000,0,0,0,41000,0,41000,41000
064058,儒鴻麥證01購01  ,0,0,0,105000,59000,46000,0,0,0,41000,0,0,0,105000,64000,41000,41000
06082P,華通統一98售01  ,0,0,0,0,0,0,0,0,0,41000,0,0,0,41000,0,41000,41000
06326P,鴻海中信01售01  ,0,0,0,0,0,0,0,0,0,41000,0,0,0,86000,45000,41000,41000
065498,台積電富邦04購02,0,0,0,0,0,0,0,0,0,41000,0,0,0,64000,23000,41000,41000
066831,亞光群益01購01  ,0,0,0,0,0,0,0,0,0,41000,0,0,0,41000,0,41000,41000
066156,建準康和01購01  ,0,0,0,0,0,0,0,0,0,41000,0,0,0,48000,7000,41000,41000
07830P,牧德凱基9A售03  ,0,0,0,0,0,0,0,0,0,40000,0,0,0,234000,194000,40000,40000
08049P,臺股指國票9B售14,0,0,0,0,0,0,0,0,0,40000,0,0,0,40000,0,40000,40000
07474P,滬深2X群益9C售03,0,0,0,0,0,0,0,0,0,40000,0,0,0,40000,0,40000,40000
07391P,台灣50國泰02售01,0,0,0,0,0,0,0,0,0,40000,0,0,0,100000,60000,40000,40000
07358P,鴻海元大99售39  ,0,0,0,0,0,0,0,0,0,40000,0,0,0,60000,20000,40000,40000
08933P,上銀元大01售02  ,0,0,0,0,0,0,0,0,0,40000,0,0,0,40000,0,40000,40000
08374P,緯穎凱基9C售01  ,0,0,0,0,0,0,0,0,0,40000,0,0,0,90000,50000,40000,40000
08487P,同欣電群益01售01,0,0,0,0,0,0,0,0,0,40000,0,0,0,50000,10000,40000,40000
08427P,義隆國票9C售01  ,0,0,0,0,0,0,0,0,0,40000,0,0,0,100000,60000,40000,40000
067839,臺股指統一01購01,0,0,0,0,0,0,0,0,0,40000,0,0,0,40000,0,40000,40000
067345,美利達凱基02購01,0,0,0,0,0,0,0,0,0,40000,0,0,0,40000,0,40000,40000
067055,上証2X元大01購03,0,0,0,0,0,0,0,0,0,40000,0,0,0,50000,10000,40000,40000
057231,美律凱基98購05  ,0,0,0,0,0,0,0,0,0,40000,0,0,0,40000,0,40000,40000
057232,京元電凱基98購02,0,0,0,0,0,0,0,0,0,40000,0,0,0,40000,0,40000,40000
054308,嘉晶凱基98購01  ,0,0,0,0,0,0,0,0,0,40000,0,0,0,61000,21000,40000,40000
054280,牧德群益98購01  ,0,0,0,0,0,0,0,0,0,40000,0,0,0,40000,0,40000,40000
057287,彩晶元大9C購03  ,0,0,0,0,0,0,0,0,0,40000,0,0,0,50000,10000,40000,40000
057149,京鼎國票99購02  ,0,0,0,0,0,0,0,0,0,40000,0,0,0,40000,0,40000,40000
056835,聯電元富99購01  ,0,0,0,0,0,0,0,0,0,40000,0,0,0,40000,0,40000,40000
01009T,王道圓滿R1      ,0,0,0,0,0,0,0,0,0,40000,40000,0,40000,0,0,0,40000
053292,美律中信98購01  ,0,0,0,0,0,0,0,0,0,40000,0,0,0,40000,0,40000,40000
057490,可成元大98購10  ,0,0,0,0,0,0,0,0,0,40000,0,0,0,40000,0,40000,40000
057330,台積電國票99購03,0,0,0,0,0,0,0,0,0,40000,0,0,0,40000,0,40000,40000
057408,台郡群益98購01  ,0,0,0,0,0,0,0,0,0,40000,0,0,0,40000,0,40000,40000
057773,技嘉群益9A購02  ,0,0,0,0,0,0,0,0,0,40000,0,0,0,40000,0,40000,40000
058122,美律國票9A購01  ,0,0,0,0,0,0,0,0,0,40000,0,0,0,40000,0,40000,40000
058397,大成鋼元大99購02,0,0,0,0,0,0,0,0,0,40000,0,0,0,40000,0,40000,40000
058572,百和凱基9A購01  ,0,0,0,0,0,0,0,0,0,40000,0,0,0,50000,10000,40000,40000
062295,康友永豐9B購01  ,0,0,0,0,0,0,0,0,0,40000,0,0,0,270000,230000,40000,40000
062309,燿華凱基9B購01  ,0,0,0,0,0,0,0,0,0,40000,0,0,0,40000,0,40000,40000
063603,友達凱基9B購05  ,0,0,0,0,0,0,0,0,0,40000,0,0,0,51000,11000,40000,40000
063446,台光電統一01購02,0,0,0,0,0,0,0,0,0,40000,0,0,0,40000,0,40000,40000
063500,嘉晶永豐9B購02  ,0,0,0,0,0,0,0,0,0,40000,0,0,0,44000,4000,40000,40000
062648,聯茂富邦9B購01  ,0,0,0,0,0,0,0,0,0,40000,0,0,0,40000,0,40000,40000
061514,泰碩永豐9A購02  ,0,0,0,0,0,0,0,0,0,40000,0,0,0,40000,0,40000,40000
061538,SP黃豆群益9A購03,0,0,0,0,0,0,0,0,0,40000,0,0,0,40000,0,40000,40000
062569,南電中信01購01  ,0,0,0,0,0,0,0,0,0,40000,0,0,0,60000,20000,40000,40000
061839,華新科凱基05購04,0,0,0,0,0,0,0,0,0,40000,0,0,0,92000,52000,40000,40000
061178,晶技凱基9B購01  ,0,0,0,0,0,0,0,0,0,40000,0,0,0,50000,10000,40000,40000
061127,美食永豐9A購01  ,0,0,0,0,0,0,0,0,0,40000,0,0,0,40000,0,40000,40000
060390,聯鈞群益9A購01  ,0,0,0,0,0,0,0,0,0,40000,0,0,0,40000,0,40000,40000
064134,瑞祺元大9C購02  ,0,0,0,0,0,0,0,0,0,40000,0,0,0,40000,0,40000,40000
064193,華新群益9C購01  ,0,0,0,0,0,0,0,0,0,40000,0,0,0,65000,25000,40000,40000
063913,貿聯凱基02購01  ,0,0,0,0,0,0,0,0,0,40000,0,0,0,40000,0,40000,40000
061916,元金2X凱基02購01,0,0,0,0,0,0,0,0,0,40000,0,0,0,40000,0,40000,40000
066214,惠特統一03購02  ,0,0,0,0,0,0,0,0,0,40000,0,0,0,40000,0,40000,40000
066197,鴻海統一02購02  ,0,0,0,0,0,0,0,0,0,40000,0,0,0,40000,0,40000,40000
065994,南六永豐01購01  ,0,0,0,0,0,0,0,0,0,40000,0,0,0,98000,58000,40000,40000
066087,大毅永豐01購02  ,0,0,0,0,0,0,0,0,0,40000,0,0,0,61000,21000,40000,40000
065919,禾伸堂凱基02購01,0,0,0,0,0,0,0,0,0,40000,0,0,0,50000,10000,40000,40000
065831,緯創凱基9C購03  ,0,0,0,0,0,0,0,0,0,40000,0,0,0,73000,33000,40000,40000
065629,台積電國票01購04,0,0,0,0,0,0,0,0,0,40000,0,0,0,45000,5000,40000,40000
066474,微星麥證01購01  ,0,0,0,50000,10000,40000,0,0,0,40000,0,0,0,50000,10000,40000,40000
066341,永信永豐01購01  ,0,0,0,0,0,0,0,0,0,40000,0,0,0,40000,0,40000,40000
065536,健鼎統一02購04  ,0,0,0,0,0,0,0,0,0,40000,0,0,0,40000,0,40000,40000
065537,健鼎統一02購05  ,0,0,0,0,0,0,0,0,0,40000,0,0,0,40000,0,40000,40000
064911,光寶科統一02購01,0,0,0,0,0,0,0,0,0,40000,0,0,0,60000,20000,40000,40000
064820,裕隆統一9C購01  ,0,0,0,0,0,0,0,0,0,40000,0,0,0,40000,0,40000,40000
064689,台積電群益9C購09,0,0,0,0,0,0,0,0,0,40000,0,0,0,44000,4000,40000,40000
064455,美食統一01購03  ,0,0,0,0,0,0,0,0,0,40000,0,0,0,40000,0,40000,40000
067142,美利達永豐01購02,0,0,0,0,0,0,0,0,0,39000,0,0,0,107000,68000,39000,39000
067672,聯發科元大01購21,0,0,0,0,0,0,0,0,0,39000,0,0,0,203000,164000,39000,39000
058573,鴻海群益9A購02  ,0,0,0,0,0,0,0,0,0,39000,0,0,0,175000,136000,39000,39000
058158,台積電台新99購01,0,0,0,0,0,0,0,0,0,39000,0,0,0,442000,403000,39000,39000
006207,FH滬深          ,136000,102000,34000,0,0,0,0,0,0,5000,0,10000,-10000,578000,563000,15000,39000
056376,玉晶光統一98購01,0,0,0,0,0,0,0,0,0,39000,0,0,0,39000,0,39000,39000
061831,智邦凱基9B購02  ,0,0,0,0,0,0,0,0,0,39000,0,0,0,49000,10000,39000,39000
060889,國泰金統一9C購01,0,0,0,0,0,0,0,0,0,39000,0,0,0,40000,1000,39000,39000
062891,台汽電群益9B購01,0,0,0,0,0,0,0,0,0,39000,0,0,0,49000,10000,39000,39000
064259,矽格富邦9C購01  ,0,0,0,0,0,0,0,0,0,39000,0,0,0,69000,30000,39000,39000
064660,華通元大9C購05  ,0,0,0,0,0,0,0,0,0,39000,0,0,0,40000,1000,39000,39000
066373,美利達中信01購01,0,0,0,0,0,0,0,0,0,39000,0,0,0,59000,20000,39000,39000
066395,可成凱基01購03  ,0,0,0,0,0,0,0,0,0,39000,0,0,0,70000,31000,39000,39000
066665,聯詠凱基02購01  ,0,0,0,0,0,0,0,0,0,39000,0,0,0,306000,267000,39000,39000
065818,奇鋐元富9C購01  ,0,0,0,0,0,0,0,0,0,39000,0,0,0,54000,15000,39000,39000
065874,智原群益9C購01  ,0,0,0,0,0,0,0,0,0,39000,0,0,0,137000,98000,39000,39000
4766,南寶            ,86000,47000,39000,0,0,0,0,0,0,0,0,0,0,0,0,0,39000
067834,台積電統一03購04,0,0,0,0,0,0,0,0,0,38000,0,0,0,50000,12000,38000,38000
066993,世紀鋼群益01購03,0,0,0,0,0,0,0,0,0,38000,0,0,0,38000,0,38000,38000
08761P,聯詠元大01售02  ,0,0,0,0,0,0,0,0,0,38000,0,0,0,38000,0,38000,38000
059922,大立光元大99購25,0,0,0,0,0,0,0,0,0,38000,0,0,0,38000,0,38000,38000
00737,國泰AI+Robo     ,2000,188000,-186000,0,0,0,0,0,0,224000,0,0,0,314000,90000,224000,38000
00690,兆豐藍籌30      ,4000,4000,0,0,0,0,0,0,0,38000,0,0,0,298000,260000,38000,38000
053770,元金2X元大98購01,0,0,0,0,0,0,0,0,0,38000,0,0,0,38000,0,38000,38000
03662C,FBVIX凱基03牛01 ,0,0,0,0,0,0,0,0,0,38000,0,0,0,146000,108000,38000,38000
058554,瀚宇博永豐99購01,0,0,0,0,0,0,0,0,0,38000,0,0,0,43000,5000,38000,38000
058631,鈺齊國票9A購01  ,0,0,0,0,0,0,0,0,0,38000,0,0,0,38000,0,38000,38000
058694,鈺齊國票9A購02  ,0,0,0,0,0,0,0,0,0,38000,0,0,0,38000,0,38000,38000
063196,力成元富9B購01  ,0,0,0,0,0,0,0,0,0,38000,0,0,0,50000,12000,38000,38000
062239,台汽電凱基9B購01,0,0,0,0,0,0,0,0,0,38000,0,0,0,58000,20000,38000,38000
062705,美食元大9B購01  ,0,0,0,0,0,0,0,0,0,38000,0,0,0,38000,0,38000,38000
062476,神隆國票9B購01  ,0,0,0,0,0,0,0,0,0,38000,0,0,0,38000,0,38000,38000
062481,同欣電國票9B購01,0,0,0,0,0,0,0,0,0,38000,0,0,0,38000,0,38000,38000
061808,聯發科統一01購02,0,0,0,0,0,0,0,0,0,38000,0,0,0,42000,4000,38000,38000
063744,儒鴻國票9C購01  ,0,0,0,0,0,0,0,0,0,38000,0,0,0,38000,0,38000,38000
063916,瀚宇博凱基01購01,0,0,0,0,0,0,0,0,0,38000,0,0,0,58000,20000,38000,38000
064208,智邦凱基02購01  ,0,0,0,0,0,0,0,0,0,38000,0,0,0,52000,14000,38000,38000
065870,正崴群益02購01  ,0,0,0,0,0,0,0,0,0,38000,0,0,0,38000,0,38000,38000
066813,亞德客兆豐01購01,0,0,0,0,0,0,0,0,0,38000,0,0,0,48000,10000,38000,38000
066495,技嘉國泰03購01  ,0,0,0,0,0,0,0,0,0,38000,0,0,0,48000,10000,38000,38000
064748,力成國票01購01  ,0,0,0,0,0,0,0,0,0,38000,0,0,0,76000,38000,38000,38000
065003,燿華國票01購01  ,0,0,0,0,0,0,0,0,0,38000,0,0,0,38000,0,38000,38000
064989,鈺齊元大01購01  ,0,0,0,0,0,0,0,0,0,38000,0,0,0,38000,0,38000,38000
065012,燿華國泰02購01  ,0,0,0,0,0,0,0,0,0,38000,0,0,0,147000,109000,38000,38000
065460,嘉聯益台新9C購01,0,0,0,0,0,0,0,0,0,38000,0,0,0,38000,0,38000,38000
065308,葡萄王國票01購01,0,0,0,0,0,0,0,0,0,38000,0,0,0,38000,0,38000,38000
2465,麗臺            ,69000,31000,38000,0,0,0,0,0,0,0,0,0,0,0,0,0,38000
6415,矽力-KY         ,477851,441452,36399,0,0,0,2000,1000,1000,0,0,0,0,1000,1000,0,37399
08795P,聯發科凱基01售11,0,0,0,0,0,0,0,0,0,37000,0,0,0,115000,78000,37000,37000
066965,鴻海元富07購07  ,0,0,0,0,0,0,0,0,0,37000,0,0,0,45000,8000,37000,37000
067957,玉晶光永豐01購09,0,0,0,0,0,0,0,0,0,37000,0,0,0,95000,58000,37000,37000
058517,景碩元大99購06  ,0,0,0,0,0,0,0,0,0,37000,0,0,0,37000,0,37000,37000
03681C,台灣50凱基02牛02,0,0,0,0,0,0,0,0,0,37000,0,0,0,43000,6000,37000,37000
03022X,富展01          ,0,0,0,0,0,0,0,0,0,37000,0,0,0,38000,1000,37000,37000
058137,玉晶光元大99購11,0,0,0,0,0,0,0,0,0,37000,0,0,0,37000,0,37000,37000
054425,聯發科富邦99購03,0,0,0,0,0,0,0,0,0,37000,0,0,0,37000,0,37000,37000
057917,台積電凱基98購17,0,0,0,0,0,0,0,0,0,37000,0,0,0,37000,0,37000,37000
058797,大毅元大99購03  ,0,0,0,0,0,0,0,0,0,37000,0,0,0,52000,15000,37000,37000
055245,凱美統一99購01  ,0,0,0,0,0,0,0,0,0,37000,0,0,0,37000,0,37000,37000
061847,力山國票9B購01  ,0,0,0,0,0,0,0,0,0,37000,0,0,0,116000,79000,37000,37000
061123,燿華永豐9A購01  ,0,0,0,0,0,0,0,0,0,37000,0,0,0,37000,0,37000,37000
061234,國巨元大9A購18  ,0,0,0,0,0,0,0,0,0,37000,0,0,0,63000,26000,37000,37000
061063,國巨凱基9A購14  ,0,0,0,0,0,0,0,0,0,37000,0,0,0,81000,44000,37000,37000
062416,和大統一01購02  ,0,0,0,0,0,0,0,0,0,37000,0,0,0,97000,60000,37000,37000
062897,上銀元大9B購06  ,0,0,0,0,0,0,0,0,0,37000,0,0,0,100000,63000,37000,37000
062679,技嘉統一01購01  ,0,0,0,0,0,0,0,0,0,37000,0,0,0,65000,28000,37000,37000
060934,台汽電永豐9A購02,0,0,0,0,0,0,0,0,0,37000,0,0,0,37000,0,37000,37000
065286,瑞昱群益9C購03  ,0,0,0,0,0,0,0,0,0,37000,0,0,0,37000,0,37000,37000
064477,南六國泰02購01  ,0,0,0,0,0,0,0,0,0,37000,0,0,0,40000,3000,37000,37000
065893,華新科統一02購02,0,0,0,0,0,0,0,0,0,37000,0,0,0,37000,0,37000,37000
065803,大立光群益01購03,0,0,0,0,0,0,0,0,0,37000,0,0,0,507000,470000,37000,37000
066188,訊芯凱基01購01  ,0,0,0,0,0,0,0,0,0,37000,0,0,0,60000,23000,37000,37000
068053,玉晶光統一03購03,0,0,0,0,0,0,0,0,0,36000,0,0,0,40000,4000,36000,36000
067097,為升群益01購01  ,0,0,0,0,0,0,0,0,0,36000,0,0,0,61000,25000,36000,36000
08742P,友達凱基01售02  ,0,0,0,0,0,0,0,0,0,36000,0,0,0,61000,25000,36000,36000
07884P,華新科凱基9B售08,0,0,0,0,0,0,0,0,0,36000,0,0,0,36000,0,36000,36000
056357,台積電元大9A購01,0,0,0,0,0,0,0,0,0,36000,0,0,0,54000,18000,36000,36000
03071P,GIS群益01售02   ,0,0,0,0,0,0,0,0,0,36000,0,0,0,106000,70000,36000,36000
053882,聯發科中信98購02,0,0,0,0,0,0,0,0,0,36000,0,0,0,36000,0,36000,36000
057021,台積電凱基9A購02,0,0,0,0,0,0,0,0,0,36000,0,0,0,58000,22000,36000,36000
056939,康控元富98購01  ,0,0,0,0,0,0,0,0,0,36000,0,0,0,36000,0,36000,36000
062909,大立光元大9C購04,0,0,0,0,0,0,0,0,0,36000,0,0,0,36000,0,36000,36000
062993,華新科群益9B購05,0,0,0,0,0,0,0,0,0,36000,0,0,0,48000,12000,36000,36000
062148,奇鋐國票9B購01  ,0,0,0,0,0,0,0,0,0,36000,0,0,0,39000,3000,36000,36000
063388,台光電兆豐9C購01,0,0,0,0,0,0,0,0,0,36000,0,0,0,63000,27000,36000,36000
061222,台灣50中信9A購02,0,0,0,0,0,0,0,0,0,36000,0,0,0,36000,0,36000,36000
061275,臺股指凱基9A購25,0,0,0,0,0,0,0,0,0,36000,0,0,0,41000,5000,36000,36000
066423,智原元大01購02  ,0,0,0,0,0,0,0,0,0,36000,0,0,0,112000,76000,36000,36000
066620,長興凱基01購01  ,0,0,0,0,0,0,0,0,0,36000,0,0,0,86000,50000,36000,36000
065283,台積電群益01購01,0,0,0,0,0,0,0,0,0,36000,0,0,0,70000,34000,36000,36000
065447,緯創統一02購02  ,0,0,0,0,0,0,0,0,0,36000,0,0,0,37000,1000,36000,36000
4725,信昌化          ,36000,0,36000,0,0,0,0,0,0,0,0,0,0,0,0,0,36000
2428,興勤            ,89000,48000,41000,0,0,0,0,0,0,-5000,0,1000,-1000,4000,8000,-4000,36000
2838A,聯邦銀甲特      ,55000,0,55000,0,0,0,0,0,0,-19000,2000,21000,-19000,0,0,0,36000
1539,巨庭            ,108000,71000,37000,0,0,0,0,0,0,-1000,0,1000,-1000,0,0,0,36000
07318P,鴻海凱基01售02  ,0,0,0,0,0,0,0,0,0,35000,0,0,0,40000,5000,35000,35000
08206P,鴻海群益9C售03  ,0,0,0,0,0,0,0,0,0,35000,0,0,0,35000,0,35000,35000
067157,惠特統一03購03  ,0,0,0,0,0,0,0,0,0,35000,0,0,0,35000,0,35000,35000
067174,嘉澤兆豐01購01  ,0,0,0,0,0,0,0,0,0,35000,0,0,0,85000,50000,35000,35000
066933,可成國票02購01  ,0,0,0,0,0,0,0,0,0,35000,0,0,0,35000,0,35000,35000
067379,新日興統一03購01,0,0,0,0,0,0,0,0,0,35000,0,0,0,35000,0,35000,35000
067451,嘉晶國票02購01  ,0,0,0,0,0,0,0,0,0,35000,0,0,0,73000,38000,35000,35000
067913,華城永豐01購03  ,0,0,0,0,0,0,0,0,0,35000,0,0,0,76000,41000,35000,35000
068048,美律統一03購01  ,0,0,0,0,0,0,0,0,0,35000,0,0,0,35000,0,35000,35000
067989,台積電元大01購31,0,0,0,0,0,0,0,0,0,35000,0,0,0,50000,15000,35000,35000
067857,百和國票02購01  ,0,0,0,0,0,0,0,0,0,35000,0,0,0,35000,0,35000,35000
067715,泰豐凱基02購01  ,0,0,0,0,0,0,0,0,0,35000,0,0,0,35000,0,35000,35000
067547,儒鴻中信01購01  ,0,0,0,0,0,0,0,0,0,35000,0,0,0,85000,50000,35000,35000
067559,高鐵國票02購01  ,0,0,0,0,0,0,0,0,0,35000,0,0,0,35000,0,35000,35000
047676,臺股指元富99購01,0,0,0,0,0,0,0,0,0,35000,0,0,0,35000,0,35000,35000
03033X,元展30          ,0,0,0,0,0,0,0,0,0,35000,0,0,0,57000,22000,35000,35000
058801,致伸元大99購01  ,0,0,0,0,0,0,0,0,0,35000,0,0,0,35000,0,35000,35000
054514,道瓊銀元大98購01,0,0,0,0,0,0,0,0,0,35000,0,0,0,85000,50000,35000,35000
058148,百和元大99購01  ,0,0,0,0,0,0,0,0,0,35000,0,0,0,35000,0,35000,35000
059259,FBVIX中信03購06 ,0,0,0,0,0,0,0,0,0,35000,0,0,0,45000,10000,35000,35000
060734,華通統一9C購01  ,0,0,0,0,0,0,0,0,0,35000,0,0,0,35000,0,35000,35000
061403,滬深2X國票9A購06,0,0,0,0,0,0,0,0,0,35000,0,0,0,35000,0,35000,35000
057674,台郡元大99購03  ,0,0,0,0,0,0,0,0,0,35000,0,0,0,35000,0,35000,35000
064203,康控兆豐9C購02  ,0,0,0,0,0,0,0,0,0,35000,0,0,0,41000,6000,35000,35000
060280,元金2X元大9A購01,0,0,0,0,0,0,0,0,0,35000,0,0,0,35000,0,35000,35000
061716,瑞儀凱基9B購01  ,0,0,0,0,0,0,0,0,0,35000,0,0,0,135000,100000,35000,35000
062731,力成凱基9B購02  ,0,0,0,0,0,0,0,0,0,35000,0,0,0,35000,0,35000,35000
062794,鴻海統一9C購15  ,30000,10000,20000,0,0,0,0,0,0,15000,0,0,0,45000,30000,15000,35000
062983,緯穎元富9B購01  ,0,0,0,0,0,0,0,0,0,35000,0,0,0,50000,15000,35000,35000
065442,健鼎麥證9C購01  ,0,0,0,35000,0,35000,0,0,0,35000,0,0,0,35000,0,35000,35000
065504,宏達電永豐9C購01,0,0,0,0,0,0,0,0,0,35000,0,0,0,38000,3000,35000,35000
065594,華通元大01購02  ,0,0,0,0,0,0,0,0,0,35000,0,0,0,45000,10000,35000,35000
064913,燿華統一02購01  ,0,0,0,0,0,0,0,0,0,35000,0,0,0,35000,0,35000,35000
064454,華新科統一01購03,0,0,0,0,0,0,0,0,0,35000,0,0,0,35000,0,35000,35000
064277,可成元大9C購04  ,0,0,0,0,0,0,0,0,0,35000,0,0,0,50000,15000,35000,35000
064357,中橡統一9C購01  ,0,0,0,0,0,0,0,0,0,35000,0,0,0,35000,0,35000,35000
064827,友達統一02購02  ,0,0,0,0,0,0,0,0,0,35000,0,0,0,35000,0,35000,35000
064714,和大統一02購02  ,0,0,0,0,0,0,0,0,0,35000,0,0,0,35000,0,35000,35000
066696,臺指反群益01購02,0,0,0,0,0,0,0,0,0,35000,0,0,0,35000,0,35000,35000
066757,南港永豐01購01  ,0,0,0,0,0,0,0,0,0,35000,0,0,0,93000,58000,35000,35000
066396,可成凱基01購04  ,0,0,0,0,0,0,0,0,0,35000,0,0,0,40000,5000,35000,35000
066221,康友台新01購01  ,0,0,0,0,0,0,0,0,0,35000,0,0,0,75000,40000,35000,35000
066169,晶豪科凱基01購01,0,0,0,0,0,0,0,0,0,35000,0,0,0,55000,20000,35000,35000
065966,國巨元大01購06  ,0,0,0,0,0,0,0,0,0,35000,0,0,0,61000,26000,35000,35000
065872,漢翔群益9C購01  ,0,0,0,0,0,0,0,0,0,35000,0,0,0,35000,0,35000,35000
065604,聯發科元大9C購17,0,0,0,0,0,0,0,0,0,35000,0,0,0,137000,102000,35000,35000
065673,嘉晶凱基01購02  ,0,0,0,0,0,0,0,0,0,35000,0,0,0,39000,4000,35000,35000
065749,友訊元大9C購03  ,0,0,0,0,0,0,0,0,0,35000,0,0,0,50000,15000,35000,35000
067235,正崴群益02購02  ,0,0,0,0,0,0,0,0,0,34000,0,0,0,39000,5000,34000,34000
08296P,同欣電元大9C售04,0,0,0,0,0,0,0,0,0,34000,0,0,0,134000,100000,34000,34000
08401P,玉晶光元富9C售04,0,0,0,0,0,0,0,0,0,34000,0,0,0,152000,118000,34000,34000
07229P,T50正2群益9A售01,0,0,0,0,0,0,0,0,0,34000,0,0,0,34000,0,34000,34000
08027P,嘉晶元大9B售03  ,0,0,0,0,0,0,0,0,0,34000,0,0,0,34000,0,34000,34000
057616,聯電凱基99購01  ,0,0,0,0,0,0,0,0,0,34000,0,0,0,105000,71000,34000,34000
057532,智原元大98購03  ,0,0,0,0,0,0,0,0,0,34000,0,0,0,35000,1000,34000,34000
057770,亞德客群益98購01,0,0,0,0,0,0,0,0,0,34000,0,0,0,70000,36000,34000,34000
059975,元金2X元大99購02,0,0,0,0,0,0,0,0,0,34000,0,0,0,34000,0,34000,34000
058309,大毅元大99購02  ,0,0,0,0,0,0,0,0,0,34000,0,0,0,69000,35000,34000,34000
054367,鴻海中信98購03  ,0,0,0,0,0,0,0,0,0,34000,0,0,0,34000,0,34000,34000
056466,臺股指凱基99購08,0,0,0,0,0,0,0,0,0,34000,0,0,0,34000,0,34000,34000
063663,台光電統一9C購01,0,0,0,0,0,0,0,0,0,34000,0,0,0,34000,0,34000,34000
063399,智原群益9B購01  ,0,0,0,0,0,0,0,0,0,34000,0,0,0,51000,17000,34000,34000
063418,京元電凱基9B購03,0,0,0,0,0,0,0,0,0,34000,0,0,0,75000,41000,34000,34000
066077,健策凱基01購01  ,0,0,0,0,0,0,0,0,0,34000,0,0,0,179000,145000,34000,34000
066148,美利達群益01購02,0,0,0,0,0,0,0,0,0,34000,0,0,0,64000,30000,34000,34000
066149,潤泰新群益01購01,0,0,0,0,0,0,0,0,0,34000,0,0,0,34000,0,34000,34000
066297,美利達元大01購01,0,0,0,0,0,0,0,0,0,34000,0,0,0,166000,132000,34000,34000
066800,晶豪科凱基02購01,0,0,0,0,0,0,0,0,0,34000,0,0,0,34000,0,34000,34000
066824,旺宏群益02購01  ,0,0,0,0,0,0,0,0,0,34000,0,0,0,242000,208000,34000,34000
064777,南亞科群益9C購01,0,0,0,0,0,0,0,0,0,34000,0,0,0,34000,0,34000,34000
064797,道瓊反元大01購01,0,0,0,0,0,0,0,0,0,34000,0,0,0,34000,0,34000,34000
065211,世芯國票01購03  ,0,0,0,0,0,0,0,0,0,34000,0,0,0,47000,13000,34000,34000
065565,神隆群益01購01  ,0,0,0,0,0,0,0,0,0,34000,0,0,0,34000,0,34000,34000
6491,晶碩            ,149000,35000,114000,0,0,0,0,80000,-80000,0,0,0,0,0,0,0,34000
08003P,國巨國泰9B售07  ,0,0,0,0,0,0,0,0,0,33000,0,0,0,52000,19000,33000,33000
07471P,南亞科元大9A售01,0,0,0,0,0,0,0,0,0,33000,0,0,0,34000,1000,33000,33000
066938,敦泰國票02購01  ,0,0,0,0,0,0,0,0,0,33000,0,0,0,33000,0,33000,33000
057243,樺漢凱基99購01  ,0,0,0,0,0,0,0,0,0,33000,0,0,0,33000,0,33000,33000
056262,台積電統一98購04,0,0,0,0,0,0,0,0,0,33000,0,0,0,35000,2000,33000,33000
059159,上銀凱基99購05  ,0,0,0,0,0,0,0,0,0,33000,0,0,0,58000,25000,33000,33000
062916,智易元大9B購01  ,0,0,0,0,0,0,0,0,0,33000,0,0,0,43000,10000,33000,33000
063086,祥碩凱基9C購01  ,0,0,0,0,0,0,0,0,0,33000,0,0,0,63000,30000,33000,33000
062132,神隆群益9B購01  ,0,0,0,0,0,0,0,0,0,33000,0,0,0,33000,0,33000,33000
062220,台光電統一01購01,0,0,0,0,0,0,0,0,0,33000,0,0,0,204000,171000,33000,33000
063735,華新科元大9B購15,0,0,0,0,0,0,0,0,0,33000,0,0,0,61000,28000,33000,33000
063938,上銀元大9C購03  ,0,0,0,0,0,0,0,0,0,33000,0,0,0,58000,25000,33000,33000
060326,群光群益9A購01  ,0,0,0,0,0,0,0,0,0,33000,0,0,0,38000,5000,33000,33000
064662,鴻海元大9C購10  ,0,0,0,0,0,0,0,0,0,33000,0,0,0,83000,50000,33000,33000
066304,聯華永豐01購01  ,0,0,0,0,0,0,0,0,0,33000,0,0,0,33000,0,33000,33000
066522,建準中信01購01  ,0,0,0,0,0,0,0,0,0,33000,0,0,0,88000,55000,33000,33000
06653P,美食元大98售02  ,0,0,0,0,0,0,0,0,0,33000,0,0,0,33000,0,33000,33000
066042,正崴元大02購01  ,0,0,0,0,0,0,0,0,0,33000,0,0,0,37000,4000,33000,33000
066945,鴻海元大01購14  ,0,0,0,0,0,0,0,0,0,32000,0,0,0,44000,12000,32000,32000
067318,康控元大01購03  ,0,0,0,0,0,0,0,0,0,32000,0,0,0,100000,68000,32000,32000
07856P,力成凱基9A售02  ,0,0,0,0,0,0,0,0,0,32000,0,0,0,102000,70000,32000,32000
08355P,智邦元大9C售03  ,0,0,0,0,0,0,0,0,0,32000,0,0,0,32000,0,32000,32000
08771P,滬深2X凱基01售02,0,0,0,0,0,0,0,0,0,32000,0,0,0,32000,0,32000,32000
058769,友達兆豐99購01  ,0,0,0,0,0,0,0,0,0,32000,0,0,0,64000,32000,32000,32000
058748,景碩凱基9A購01  ,0,0,0,0,0,0,0,0,0,32000,0,0,0,52000,20000,32000,32000
058527,世紀鋼元大99購01,0,0,0,0,0,0,0,0,0,32000,0,0,0,44000,12000,32000,32000
00743,國泰中國A150    ,0,207000,-207000,0,0,0,0,0,0,239000,0,0,0,265000,26000,239000,32000
061081,宏碁兆豐9A購01  ,0,0,0,0,0,0,0,0,0,32000,0,0,0,32000,0,32000,32000
062246,力山元大9B購02  ,0,0,0,0,0,0,0,0,0,32000,0,0,0,32000,0,32000,32000
062979,茂林元富9B購01  ,0,0,0,0,0,0,0,0,0,32000,0,0,0,57000,25000,32000,32000
063506,嘉晶群益9B購01  ,0,0,0,0,0,0,0,0,0,32000,0,0,0,75000,43000,32000,32000
062358,國巨元大9B購12  ,0,0,0,0,0,0,0,0,0,32000,0,0,0,33000,1000,32000,32000
065748,台積電元大01購05,0,0,0,0,0,0,0,0,0,32000,0,0,0,32000,0,32000,32000
064694,玉晶光群益02購02,0,0,0,0,0,0,0,0,0,32000,0,0,0,43000,11000,32000,32000
064586,緯創永豐9C購01  ,0,0,0,0,0,0,0,0,0,32000,0,0,0,32000,0,32000,32000
064862,創意富邦03購01  ,0,0,0,0,0,0,0,0,0,32000,0,0,0,32000,0,32000,32000
064536,富邦金國票01購01,0,0,0,0,0,0,0,0,0,32000,0,0,0,38000,6000,32000,32000
1410,南染            ,35000,3000,32000,0,0,0,0,0,0,0,0,0,0,0,0,0,32000
08790P,聯發科元富01售01,0,0,0,0,0,0,0,0,0,31000,0,0,0,41000,10000,31000,31000
08338P,台灣50凱基9C售11,0,0,0,0,0,0,0,0,0,31000,0,0,0,31000,0,31000,31000
08490P,上銀元大9C售08  ,0,0,0,0,0,0,0,0,0,31000,0,0,0,31000,0,31000,31000
07469P,台達電元大9A售01,0,0,0,0,0,0,0,0,0,31000,0,0,0,31000,0,31000,31000
067005,盟立永豐01購04  ,0,0,0,0,0,0,0,0,0,31000,0,0,0,60000,29000,31000,31000
067796,臺股指群益01購08,0,0,0,0,0,0,0,0,0,31000,0,0,0,36000,5000,31000,31000
055969,彩晶元大99購02  ,0,0,0,0,0,0,0,0,0,31000,0,0,0,31000,0,31000,31000
058093,神達元大9A購01  ,0,0,0,0,0,0,0,0,0,31000,0,0,0,31000,0,31000,31000
057575,世紀鋼永豐98購02,0,0,0,0,0,0,0,0,0,31000,0,0,0,31000,0,31000,31000
063298,統一凱基9B購01  ,0,0,0,0,0,0,0,0,0,31000,0,0,0,51000,20000,31000,31000
062922,南六元大9B購03  ,0,0,0,0,0,0,0,0,0,31000,0,0,0,142000,111000,31000,31000
061606,景碩凱基9A購02  ,0,0,0,0,0,0,0,0,0,31000,0,0,0,64000,33000,31000,31000
06037P,超眾國票98售02  ,0,0,0,0,0,0,0,0,0,31000,0,0,0,31000,0,31000,31000
064818,華新統一01購01  ,0,0,0,0,0,0,0,0,0,31000,0,0,0,41000,10000,31000,31000
06477P,緯穎國票99售02  ,0,0,0,0,0,0,0,0,0,31000,0,0,0,51000,20000,31000,31000
065173,可成元大9C購10  ,0,0,0,0,0,0,0,0,0,31000,0,0,0,48000,17000,31000,31000
066045,聯發科元大01購08,0,0,0,0,0,0,0,0,0,31000,0,0,0,54000,23000,31000,31000
066219,惠特元富01購01  ,0,0,0,0,0,0,0,0,0,31000,0,0,0,146000,115000,31000,31000
066846,京鼎元大01購03  ,0,0,0,0,0,0,0,0,0,31000,0,0,0,843000,812000,31000,31000
066701,京元電群益01購02,60000,0,60000,0,0,0,0,0,0,-29000,0,0,0,45000,74000,-29000,31000
6715,嘉基            ,68000,61000,7000,0,0,0,28000,0,28000,-4000,23000,0,23000,1000,28000,-27000,31000
067841,A50正2元富04購01,0,0,0,0,0,0,0,0,0,30000,0,0,0,30000,0,30000,30000
067687,啟碁元大01購02  ,0,0,0,0,0,0,0,0,0,30000,0,0,0,73000,43000,30000,30000
06799P,臺股指凱基98售09,0,0,0,0,0,0,0,0,0,30000,0,0,0,35000,5000,30000,30000
06803P,臺股指群益98售09,0,0,0,0,0,0,0,0,0,30000,0,0,0,30000,0,30000,30000
06801P,技嘉群益99售02  ,0,0,0,0,0,0,0,0,0,30000,0,0,0,40000,10000,30000,30000
067314,新日興元大01購02,0,0,0,0,0,0,0,0,0,30000,0,0,0,31000,1000,30000,30000
067216,健策元大01購09  ,0,0,0,0,0,0,0,0,0,30000,0,0,0,34000,4000,30000,30000
067455,T50反1國泰03購01,0,0,0,0,0,0,0,0,0,30000,0,0,0,90000,60000,30000,30000
07527P,台灣50凱基9B售02,0,0,0,0,0,0,0,0,0,30000,0,0,0,250000,220000,30000,30000
07462P,臺股指元大9B售05,0,0,0,0,0,0,0,0,0,30000,0,0,0,45000,15000,30000,30000
06925P,致茂群益9A售02  ,0,0,0,0,0,0,0,0,0,30000,0,0,0,126000,96000,30000,30000
06929P,鴻海元大99售11  ,0,0,0,0,0,0,0,0,0,30000,0,0,0,30000,0,30000,30000
07025P,玉晶光凱基99售01,0,0,0,0,0,0,0,0,0,30000,0,0,0,30000,0,30000,30000
07833P,大立光群益9B售02,0,0,0,0,0,0,0,0,0,30000,0,0,0,30000,0,30000,30000
07788P,華新科群益9A售08,0,0,0,0,0,0,0,0,0,30000,0,0,0,30000,0,30000,30000
08156P,大立光元富9B售05,0,0,0,0,0,0,0,0,0,30000,0,0,0,35000,5000,30000,30000
08582P,臺股指元大9C售30,0,0,0,0,0,0,0,0,0,30000,0,0,0,92000,62000,30000,30000
08280P,臺股指中信02售01,0,0,0,0,0,0,0,0,0,30000,0,0,0,30000,0,30000,30000
08772P,滬深2X凱基03售03,0,0,0,0,0,0,0,0,0,30000,0,0,0,30000,0,30000,30000
08609P,世紀鋼永豐9C售03,0,0,0,0,0,0,0,0,0,30000,0,0,0,30000,0,30000,30000
061414,牧德群益9B購02  ,0,0,0,0,0,0,0,0,0,30000,0,0,0,30000,0,30000,30000
061461,元金2X群益9A購01,0,0,0,0,0,0,0,0,0,30000,0,0,0,30000,0,30000,30000
057603,樺漢群益98購02  ,0,0,0,0,0,0,0,0,0,30000,0,0,0,30000,0,30000,30000
057486,美律元大98購04  ,0,0,0,0,0,0,0,0,0,30000,0,0,0,74000,44000,30000,30000
057723,臺股指元富98購02,0,0,0,0,0,0,0,0,0,30000,0,0,0,30000,0,30000,30000
057872,旺宏元大99購06  ,0,0,0,0,0,0,0,0,0,30000,0,0,0,45000,15000,30000,30000
058910,泰鼎元大99購03  ,0,0,0,0,0,0,0,0,0,30000,0,0,0,30000,0,30000,30000
059250,大立光凱基99購06,0,0,0,0,0,0,0,0,0,30000,0,0,0,30000,0,30000,30000
058240,景碩元大99購04  ,0,0,0,0,0,0,0,0,0,30000,0,0,0,31000,1000,30000,30000
059480,美律群益9A購01  ,0,0,0,0,0,0,0,0,0,30000,0,0,0,30000,0,30000,30000
059313,元石油元大99購06,0,0,0,0,0,0,0,0,0,30000,0,0,0,30000,0,30000,30000
059631,京元電凱基99購02,0,0,0,0,0,0,0,0,0,30000,0,0,0,30000,0,30000,30000
058106,神達統一98購02  ,0,0,0,0,0,0,0,0,0,30000,0,0,0,140000,110000,30000,30000
058140,臻鼎元大99購02  ,0,0,0,0,0,0,0,0,0,30000,0,0,0,30000,0,30000,30000
058068,旺宏凱基98購11  ,0,0,0,0,0,0,0,0,0,30000,0,0,0,30000,0,30000,30000
059921,大立光元大99購24,0,0,0,0,0,0,0,0,0,30000,0,0,0,83000,53000,30000,30000
058834,GIS永豐99購01   ,0,0,0,0,0,0,0,0,0,30000,0,0,0,31000,1000,30000,30000
057329,緯穎群益98購02  ,0,0,0,0,0,0,0,0,0,30000,0,0,0,30000,0,30000,30000
057923,晶豪科凱基98購02,0,0,0,0,0,0,0,0,0,30000,0,0,0,30000,0,30000,30000
056118,聯詠群益97購03  ,0,0,0,0,0,0,0,0,0,30000,0,0,0,30000,0,30000,30000
056261,台積電統一97購07,0,0,0,0,0,0,0,0,0,30000,0,0,0,30000,0,30000,30000
055589,台光電元大98購04,0,0,0,0,0,0,0,0,0,30000,0,0,0,30000,0,30000,30000
055619,同欣電國票98購02,0,0,0,0,0,0,0,0,0,30000,0,0,0,30000,0,30000,30000
055136,聯發科富邦99購06,0,0,0,0,0,0,0,0,0,30000,0,0,0,30000,0,30000,30000
03010P,國巨國泰03售01  ,0,0,0,0,0,0,0,0,0,30000,0,0,0,30000,0,30000,30000
03011P,臺股指富邦01售01,0,0,0,0,0,0,0,0,0,30000,0,0,0,30000,0,30000,30000
053573,臺股指統一99購01,0,0,0,0,0,0,0,0,0,30000,0,0,0,50000,20000,30000,30000
053220,瀚宇博凱基98購01,0,0,0,0,0,0,0,0,0,30000,0,0,0,30000,0,30000,30000
046942,友達元大99購01  ,0,0,0,0,0,0,0,0,0,30000,0,0,0,30000,0,30000,30000
050014,國巨富邦98購01  ,0,0,0,0,0,0,0,0,0,30000,0,0,0,30000,0,30000,30000
04006P,滬深2X國票9B售01,0,0,0,0,0,0,0,0,0,30000,0,0,0,30000,0,30000,30000
056734,國巨凱基99購01  ,0,0,0,0,0,0,0,0,0,30000,0,0,0,56000,26000,30000,30000
060337,FBVIX統一9A購01 ,0,0,0,0,0,0,0,0,0,30000,0,0,0,30000,0,30000,30000
060933,南電永豐9A購02  ,0,0,0,0,0,0,0,0,0,30000,0,0,0,76000,46000,30000,30000
061640,智原元大9A購01  ,0,0,0,0,0,0,0,0,0,30000,0,0,0,30000,0,30000,30000
06165P,臺股指凱基9A售03,0,0,0,0,0,0,0,0,0,30000,0,0,0,30000,0,30000,30000
060826,牧德元大9B購02  ,0,0,0,0,0,0,0,0,0,30000,0,0,0,30000,0,30000,30000
063910,漢唐凱基9C購01  ,0,0,0,0,0,0,0,0,0,30000,0,0,0,80000,50000,30000,30000
064080,宏達電中信06購01,0,0,0,0,0,0,0,0,0,30000,0,0,0,30000,0,30000,30000
060290,興富發元大9C購01,0,0,0,0,0,0,0,0,0,30000,0,0,0,66000,36000,30000,30000
061925,禾伸堂凱基9C購01,0,0,0,0,0,0,0,0,0,30000,0,0,0,50000,20000,30000,30000
062906,全新元大9B購03  ,0,0,0,0,0,0,0,0,0,30000,0,0,0,30000,0,30000,30000
062862,瑞儀國票9B購01  ,0,0,0,0,0,0,0,0,0,30000,0,0,0,50000,20000,30000,30000
062681,全新統一01購01  ,0,0,0,0,0,0,0,0,0,30000,0,0,0,30000,0,30000,30000
063689,可成永豐9B購04  ,0,0,0,0,0,0,0,0,0,30000,0,0,0,30000,0,30000,30000
063272,GIS兆豐9C購01   ,0,0,0,0,0,0,0,0,0,30000,0,0,0,30000,0,30000,30000
061696,南茂群益9A購01  ,0,0,0,0,0,0,0,0,0,30000,0,0,0,139000,109000,30000,30000
062480,茂林國票9B購01  ,0,0,0,0,0,0,0,0,0,30000,0,0,0,30000,0,30000,30000
063496,儒鴻永豐9B購01  ,0,0,0,0,0,0,0,0,0,30000,0,0,0,30000,0,30000,30000
063219,友達群益9B購03  ,0,0,0,0,0,0,0,0,0,30000,0,0,0,30000,0,30000,30000
063616,上銀兆豐9C購01  ,0,0,0,0,0,0,0,0,0,30000,0,0,0,30000,0,30000,30000
06667P,鴻海凱基98售11  ,0,0,0,0,0,0,0,0,0,30000,0,0,0,30000,0,30000,30000
066876,大立光富邦05購01,0,0,0,0,0,0,0,0,0,30000,0,0,0,110000,80000,30000,30000
066802,亞光凱基02購01  ,0,0,0,0,0,0,0,0,0,30000,0,0,0,30000,0,30000,30000
06613P,華新科富邦9A售03,0,0,0,0,0,0,0,0,0,30000,0,0,0,30000,0,30000,30000
065237,茂林凱基01購01  ,0,0,0,0,0,0,0,0,0,30000,0,0,0,30000,0,30000,30000
065240,矽創凱基01購01  ,0,0,0,0,0,0,0,0,0,30000,0,0,0,30000,0,30000,30000
065137,中鋼凱基01購01  ,0,0,0,0,0,0,0,0,0,30000,0,0,0,30000,0,30000,30000
064994,南電兆豐01購01  ,0,0,0,0,0,0,0,0,0,30000,0,0,0,30000,0,30000,30000
065062,亞光群益9C購01  ,0,0,0,0,0,0,0,0,0,30000,0,0,0,30000,0,30000,30000
065450,同欣電統一01購03,0,0,0,0,0,0,0,0,0,30000,0,0,0,95000,65000,30000,30000
3059,華晶科          ,179000,142000,37000,0,0,0,0,0,0,-7000,1000,8000,-7000,0,0,0,30000
07917P,可成永豐9B售01  ,0,0,0,0,0,0,0,0,0,29000,0,0,0,50000,21000,29000,29000
068095,GIS群益01購01   ,0,0,0,0,0,0,0,0,0,29000,0,0,0,140000,111000,29000,29000
053082,聯電元大98購03  ,0,0,0,0,0,0,0,0,0,29000,0,0,0,64000,35000,29000,29000
055787,聯茂凱基99購01  ,0,0,0,0,0,0,0,0,0,29000,0,0,0,40000,11000,29000,29000
059919,宏達電元大99購06,0,0,0,0,0,0,0,0,0,29000,0,0,0,42000,13000,29000,29000
059766,同欣電永豐99購03,0,0,0,0,0,0,0,0,0,29000,0,0,0,39000,10000,29000,29000
058244,神達元大99購02  ,0,0,0,0,0,0,0,0,0,29000,0,0,0,54000,25000,29000,29000
059274,國巨元大99購22  ,0,0,0,0,0,0,0,0,0,29000,0,0,0,29000,0,29000,29000
059241,旺宏凱基99購07  ,0,0,0,0,0,0,0,0,0,29000,0,0,0,29000,0,29000,29000
058406,聯茂元大99購06  ,0,0,0,0,0,0,0,0,0,29000,0,0,0,115000,86000,29000,29000
063427,南六凱基9B購04  ,0,0,0,0,0,0,0,0,0,29000,0,0,0,47000,18000,29000,29000
062335,茂林統一01購01  ,0,0,0,0,0,0,0,0,0,29000,0,0,0,29000,0,29000,29000
060434,台汽電永豐9A購01,0,0,0,0,0,0,0,0,0,29000,0,0,0,31000,2000,29000,29000
064874,和大兆豐9C購01  ,0,0,0,0,0,0,0,0,0,29000,0,0,0,29000,0,29000,29000
064699,臻鼎群益9C購01  ,0,0,0,0,0,0,0,0,0,29000,0,0,0,30000,1000,29000,29000
06438P,玉晶光國票99售02,0,0,0,0,0,0,0,0,0,29000,0,0,0,391000,362000,29000,29000
066150,國巨麥證01購02  ,0,0,0,68000,90000,-22000,0,0,0,29000,0,0,0,119000,90000,29000,29000
066126,南港群益01購01  ,0,0,0,0,0,0,0,0,0,29000,0,0,0,35000,6000,29000,29000
066257,台積電元大01購09,0,0,0,0,0,0,0,0,0,29000,0,0,0,29000,0,29000,29000
065995,台虹永豐01購01  ,0,0,0,0,0,0,0,0,0,29000,0,0,0,31000,2000,29000,29000
065992,立積永豐01購01  ,0,0,0,0,0,0,0,0,0,29000,0,0,0,65000,36000,29000,29000
066647,聯發科麥證01購04,0,0,0,30000,1000,29000,0,0,0,29000,0,0,0,30000,1000,29000,29000
066313,泰豐永豐01購01  ,0,0,0,0,0,0,0,0,0,29000,0,0,0,45000,16000,29000,29000
07800P,華新科國泰9B售04,0,0,0,0,0,0,0,0,0,28000,0,0,0,28000,0,28000,28000
08465P,玉晶光兆豐01售02,0,0,0,0,0,0,0,0,0,28000,0,0,0,42000,14000,28000,28000
062074,旺宏元大9B購04  ,0,0,0,0,0,0,0,0,0,28000,0,0,0,28000,0,28000,28000
063201,廣達統一01購01  ,0,0,0,0,0,0,0,0,0,28000,0,0,0,188000,160000,28000,28000
063189,臻鼎凱基9B購01  ,0,0,0,0,0,0,0,0,0,28000,0,0,0,30000,2000,28000,28000
058865,群創凱基01購01  ,0,0,0,0,0,0,0,0,0,28000,0,0,0,38000,10000,28000,28000
054377,臺股指中信99購09,0,0,0,0,0,0,0,0,0,28000,0,0,0,38000,10000,28000,28000
054572,國巨元大98購03  ,0,0,0,0,0,0,0,0,0,28000,0,0,0,28000,0,28000,28000
056459,茂林凱基99購01  ,0,0,0,0,0,0,0,0,0,28000,0,0,0,41000,13000,28000,28000
056590,樺漢統一9A購01  ,0,0,0,0,0,0,0,0,0,28000,0,0,0,28000,0,28000,28000
061913,宏碁中信9B購01  ,0,0,0,0,0,0,0,0,0,28000,0,0,0,170000,142000,28000,28000
064064,義隆富邦03購01  ,0,0,0,0,0,0,0,0,0,28000,0,0,0,28000,0,28000,28000
064127,聯發科元大9C購06,0,0,0,0,0,0,0,0,0,28000,0,0,0,77000,49000,28000,28000
063704,麗豐群益9B購01  ,0,0,0,0,0,0,0,0,0,28000,0,0,0,28000,0,28000,28000
063488,金像電國泰01購01,0,0,0,0,0,0,0,0,0,28000,0,0,0,104000,76000,28000,28000
061508,南六國泰9C購02  ,0,0,0,0,0,0,0,0,0,28000,0,0,0,28000,0,28000,28000
066092,億豐永豐01購01  ,0,0,0,0,0,0,0,0,0,28000,0,0,0,28000,0,28000,28000
066247,中化元大01購02  ,0,0,0,0,0,0,0,0,0,28000,0,0,0,29000,1000,28000,28000
065745,裕隆元大9C購03  ,0,0,0,0,0,0,0,0,0,28000,0,0,0,54000,26000,28000,28000
065821,億豐元富03購01  ,0,0,0,0,0,0,0,0,0,28000,0,0,0,141000,113000,28000,28000
064339,大立光元大01購01,0,0,0,0,0,0,0,0,0,28000,0,0,0,50000,22000,28000,28000
065603,聯發科元大9C購16,0,0,0,0,0,0,0,0,0,28000,0,0,0,55000,27000,28000,28000
6277,宏正            ,249000,220000,29000,0,0,0,0,0,0,-1000,0,1000,-1000,0,0,0,28000
08378P,世紀鋼元富9C售02,0,0,0,0,0,0,0,0,0,27000,0,0,0,77000,50000,27000,27000
08814P,世紀鋼群益01售04,0,0,0,0,0,0,0,0,0,27000,0,0,0,27000,0,27000,27000
08087P,聯發科凱基9B售12,0,0,0,0,0,0,0,0,0,27000,0,0,0,27000,0,27000,27000
067998,聯發科元大01購22,0,0,0,0,0,0,0,0,0,27000,0,0,0,91000,64000,27000,27000
067988,台積電元大01購30,0,0,0,0,0,0,0,0,0,27000,0,0,0,30000,3000,27000,27000
067271,世紀鋼永豐01購02,0,0,0,0,0,0,0,0,0,27000,0,0,0,36000,9000,27000,27000
067163,眾達國票02購01  ,0,0,0,0,0,0,0,0,0,27000,0,0,0,27000,0,27000,27000
067092,美利達元大01購03,0,0,0,0,0,0,0,0,0,27000,0,0,0,285000,258000,27000,27000
058347,玉晶光群益9B購01,0,0,0,0,0,0,0,0,0,27000,0,0,0,61000,34000,27000,27000
059061,晶技凱基9A購01  ,0,0,0,0,0,0,0,0,0,27000,0,0,0,63000,36000,27000,27000
060932,南六永豐9A購02  ,0,0,0,0,0,0,0,0,0,27000,0,0,0,27000,0,27000,27000
062888,漢唐群益9B購01  ,0,0,0,0,0,0,0,0,0,27000,0,0,0,30000,3000,27000,27000
063404,金像電國票9B購01,0,0,0,0,0,0,0,0,0,27000,0,0,0,132000,105000,27000,27000
063354,茂林元富9B購02  ,0,0,0,0,0,0,0,0,0,27000,0,0,0,27000,0,27000,27000
062411,玉晶光第一9B購01,0,0,0,0,0,0,0,0,0,27000,0,0,0,40000,13000,27000,27000
064035,GIS元大9C購03   ,0,0,0,0,0,0,0,0,0,27000,0,0,0,37000,10000,27000,27000
061072,南電凱基9B購01  ,0,0,0,0,0,0,0,0,0,27000,0,0,0,27000,0,27000,27000
061270,彩晶凱基9A購02  ,0,0,0,0,0,0,0,0,0,27000,0,0,0,42000,15000,27000,27000
065586,嘉聯益富邦03購01,0,0,0,0,0,0,0,0,0,27000,0,0,0,30000,3000,27000,27000
065353,GIS統一02購03   ,0,0,0,0,0,0,0,0,0,27000,0,0,0,27000,0,27000,27000
064890,聯電群益9C購02  ,0,0,0,0,0,0,0,0,0,27000,0,0,0,27000,0,27000,27000
065848,聯詠元大9C購03  ,0,0,0,0,0,0,0,0,0,27000,0,0,0,27000,0,27000,27000
065799,友訊群益01購03  ,0,0,0,0,0,0,0,0,0,27000,0,0,0,48000,21000,27000,27000
066061,超眾元大01購04  ,0,0,0,0,0,0,0,0,0,27000,0,0,0,78000,51000,27000,27000
066311,生達永豐01購01  ,0,0,0,0,0,0,0,0,0,27000,0,0,0,27000,0,27000,27000
066416,台積電元大01購12,0,0,0,0,0,0,0,0,0,27000,0,0,0,27000,0,27000,27000
08999P,玉晶光群益02售16,0,0,0,0,0,0,0,0,0,27000,0,0,0,149000,122000,27000,27000
067030,南電兆豐03購01  ,0,0,0,0,0,0,0,0,0,26000,0,0,0,57000,31000,26000,26000
066911,牧德凱基02購01  ,0,0,0,0,0,0,0,0,0,26000,0,0,0,26000,0,26000,26000
067231,台積電群益01購12,0,0,0,0,0,0,0,0,0,26000,0,0,0,26000,0,26000,26000
067289,燿華兆豐03購01  ,0,0,0,0,0,0,0,0,0,26000,0,0,0,46000,20000,26000,26000
059148,百和國票9A購01  ,0,0,0,0,0,0,0,0,0,26000,0,0,0,26000,0,26000,26000
059630,美律凱基99購07  ,0,0,0,0,0,0,0,0,0,26000,0,0,0,26000,0,26000,26000
059452,全新永豐99購03  ,0,0,0,0,0,0,0,0,0,26000,0,0,0,26000,0,26000,26000
063183,國巨凱基9B購12  ,0,0,0,0,0,0,0,0,0,26000,0,0,0,60000,34000,26000,26000
063197,遠東新統一9C購01,0,0,0,0,0,0,0,0,0,26000,0,0,0,26000,0,26000,26000
063303,聯發科凱基9B購14,0,0,0,0,0,0,0,0,0,26000,0,0,0,26000,0,26000,26000
056598,京元電元富98購01,0,0,0,0,0,0,0,0,0,26000,0,0,0,26000,0,26000,26000
054468,台郡凱基98購01  ,0,0,0,0,0,0,0,0,0,26000,0,0,0,42000,16000,26000,26000
060824,旺宏元大9A購06  ,0,0,0,0,0,0,0,0,0,26000,0,0,0,41000,15000,26000,26000
063959,GIS元大9C購02   ,0,0,0,0,0,0,0,0,0,26000,0,0,0,60000,34000,26000,26000
060306,台肥永豐9A購01  ,0,0,0,0,0,0,0,0,0,26000,0,0,0,46000,20000,26000,26000
063811,亞德客群益9C購01,0,0,0,0,0,0,0,0,0,26000,0,0,0,26000,0,26000,26000
063408,茂林國票9C購02  ,0,0,0,0,0,0,0,0,0,26000,0,0,0,55000,29000,26000,26000
066711,臺股指群益01購03,0,0,0,0,0,0,0,0,0,26000,0,0,0,29000,3000,26000,26000
065540,台表科統一02購05,0,0,0,0,0,0,0,0,0,26000,0,0,0,98000,72000,26000,26000
067090,南六元大01購04  ,0,0,0,0,0,0,0,0,0,25000,0,0,0,84000,59000,25000,25000
067640,欣興統一02購03  ,0,0,0,0,0,0,0,0,0,25000,0,0,0,26000,1000,25000,25000
067753,臺股指元大01購17,0,0,0,0,0,0,0,0,0,25000,0,0,0,30000,5000,25000,25000
07950P,智邦元大9B售04  ,0,0,0,0,0,0,0,0,0,25000,0,0,0,25000,0,25000,25000
07964P,大立光統一9B售12,0,0,0,0,0,0,0,0,0,25000,0,0,0,25000,0,25000,25000
08827P,緯穎元大01售05  ,0,0,0,0,0,0,0,0,0,25000,0,0,0,145000,120000,25000,25000
08250P,GIS群益9C售02   ,0,0,0,0,0,0,0,0,0,25000,0,0,0,273000,248000,25000,25000
08492P,大立光元大9C售22,0,0,0,0,0,0,0,0,0,25000,0,0,0,32000,7000,25000,25000
05620P,大立光富邦9B售01,0,0,0,0,0,0,0,0,0,25000,0,0,0,25000,0,25000,25000
053811,國巨群益98購02  ,0,0,0,0,0,0,0,0,0,25000,0,0,0,55000,30000,25000,25000
056582,易華電元大98購01,0,0,0,0,0,0,0,0,0,25000,0,0,0,25000,0,25000,25000
053276,友達元大9C購01  ,0,0,0,0,0,0,0,0,0,25000,0,0,0,90000,65000,25000,25000
051970,元黃金凱基98購01,0,0,0,0,0,0,0,0,0,25000,0,0,0,25000,0,25000,25000
057425,臺股指凱基9C購02,0,0,0,0,0,0,0,0,0,25000,0,0,0,25000,0,25000,25000
057388,奇鋐永豐98購02  ,0,0,0,0,0,0,0,0,0,25000,0,0,0,25000,0,25000,25000
059695,聯鈞永豐99購02  ,0,0,0,0,0,0,0,0,0,25000,0,0,0,25000,0,25000,25000
058761,欣興群益99購02  ,0,0,0,0,0,0,0,0,0,25000,0,0,0,25000,0,25000,25000
063220,建準群益9B購01  ,0,0,0,0,0,0,0,0,0,25000,0,0,0,69000,44000,25000,25000
063553,同欣電國票9B購03,0,0,0,0,0,0,0,0,0,25000,0,0,0,25000,0,25000,25000
062525,鴻海統一9C購10  ,0,0,0,0,0,0,0,0,0,25000,0,0,0,30000,5000,25000,25000
063671,GIS統一01購01   ,0,0,0,0,0,0,0,0,0,25000,0,0,0,680000,655000,25000,25000
062695,華通元大9C購01  ,0,0,0,0,0,0,0,0,0,25000,0,0,0,109000,84000,25000,25000
061531,奇鋐台新9A購01  ,0,0,0,0,0,0,0,0,0,25000,0,0,0,25000,0,25000,25000
062780,旺宏元大01購01  ,0,0,0,0,0,0,0,0,0,25000,0,0,0,82000,57000,25000,25000
061978,旺宏元大9C購01  ,0,0,0,0,0,0,0,0,0,25000,0,0,0,25000,0,25000,25000
064122,國巨元大9C購17  ,0,0,0,0,0,0,0,0,0,25000,0,0,0,51000,26000,25000,25000
060845,欣興國票9A購01  ,0,0,0,0,0,0,0,0,0,25000,0,0,0,30000,5000,25000,25000
060428,瑞祺永豐9A購01  ,0,0,0,0,0,0,0,0,0,25000,0,0,0,40000,15000,25000,25000
060657,旺宏統一9B購05  ,0,0,0,0,0,0,0,0,0,25000,0,0,0,240000,215000,25000,25000
061034,晶豪科永豐9A購01,0,0,0,0,0,0,0,0,0,25000,0,0,0,60000,35000,25000,25000
060982,旺宏元大9A購09  ,0,0,0,0,0,0,0,0,0,25000,0,0,0,25000,0,25000,25000
065363,國巨元大01購04  ,0,0,0,0,0,0,0,0,0,25000,0,0,0,111000,86000,25000,25000
065185,和大統一02購05  ,0,0,0,0,0,0,0,0,0,25000,0,0,0,35000,10000,25000,25000
065187,聯發科統一02購02,0,0,0,0,0,0,0,0,0,25000,0,0,0,25000,0,25000,25000
064578,TPK國泰02購01   ,0,0,0,0,0,0,0,0,0,25000,0,0,0,41000,16000,25000,25000
066469,申豐統一02購02  ,0,0,0,0,0,0,0,0,0,25000,0,0,0,84000,59000,25000,25000
066099,大立光中信05購01,0,0,0,0,0,0,0,0,0,25000,0,0,0,155000,130000,25000,25000
066109,南電國票02購01  ,0,0,0,0,0,0,0,0,0,25000,0,0,0,65000,40000,25000,25000
066123,華夏群益01購01  ,0,0,0,0,0,0,0,0,0,25000,0,0,0,25000,0,25000,25000
065787,奇鋐永豐9C購01  ,0,0,0,0,0,0,0,0,0,25000,0,0,0,25000,0,25000,25000
065916,聯發科凱基01購10,0,0,0,0,0,0,0,0,0,25000,0,0,0,30000,5000,25000,25000
065931,瑞祺國票02購01  ,0,0,0,0,0,0,0,0,0,25000,0,0,0,70000,45000,25000,25000
07015P,國巨元大99售13  ,0,0,0,0,0,0,0,0,0,24000,0,0,0,25000,1000,24000,24000
067809,聯發科凱基01購17,0,0,0,0,0,0,0,0,0,24000,0,0,0,142000,118000,24000,24000
067644,康舒統一01購01  ,0,0,0,0,0,0,0,0,0,24000,0,0,0,80000,56000,24000,24000
058613,茂林元大99購03  ,0,0,0,0,0,0,0,0,0,24000,0,0,0,24000,0,24000,24000
059624,鴻海凱基01購01  ,0,0,0,0,0,0,0,0,0,24000,0,0,0,24000,0,24000,24000
062080,奇力新元大9B購02,0,0,0,0,0,0,0,0,0,24000,0,0,0,50000,26000,24000,24000
056712,京鼎永豐98購01  ,0,0,0,0,0,0,0,0,0,24000,0,0,0,24000,0,24000,24000
054924,景碩凱基98購01  ,0,0,0,0,0,0,0,0,0,24000,0,0,0,26000,2000,24000,24000
061055,康控群益9A購01  ,0,0,0,0,0,0,0,0,0,24000,0,0,0,29000,5000,24000,24000
061121,智邦永豐9A購02  ,0,0,0,0,0,0,0,0,0,24000,0,0,0,85000,61000,24000,24000
064121,國巨元大9C購16  ,0,0,0,0,0,0,0,0,0,24000,0,0,0,82000,58000,24000,24000
060225,S&P反1元大9A購02,0,0,0,0,0,0,0,0,0,24000,0,0,0,24000,0,24000,24000
062012,燿華富邦9C購01  ,0,0,0,0,0,0,0,0,0,24000,0,0,0,33000,9000,24000,24000
062793,鴻海統一9B購06  ,0,0,0,0,0,0,0,0,0,24000,0,0,0,27000,3000,24000,24000
062732,南六凱基9B購03  ,0,0,0,0,0,0,0,0,0,24000,0,0,0,24000,0,24000,24000
060947,台積電統一9C購03,0,0,0,0,0,0,0,0,0,24000,0,0,0,24000,0,24000,24000
060951,元黃金群益9A購01,0,0,0,0,0,0,0,0,0,24000,0,0,0,24000,0,24000,24000
062996,致茂國票9C購01  ,0,0,0,0,0,0,0,0,0,24000,0,0,0,83000,59000,24000,24000
063579,GIS元大9C購01   ,0,0,0,0,0,0,0,0,0,24000,0,0,0,40000,16000,24000,24000
065936,聯發科群益02購01,0,0,0,0,0,0,0,0,0,24000,0,0,0,72000,48000,24000,24000
065695,友訊群益01購02  ,0,0,0,0,0,0,0,0,0,24000,0,0,0,24000,0,24000,24000
066386,宏全康和01購01  ,0,0,0,0,0,0,0,0,0,24000,0,0,0,24000,0,24000,24000
066653,矽格康和01購01  ,0,0,0,0,0,0,0,0,0,24000,0,0,0,124000,100000,24000,24000
065516,健鼎群益9C購02  ,0,0,0,0,0,0,0,0,0,24000,0,0,0,24000,0,24000,24000
067615,鈺齊凱基01購01  ,0,0,0,0,0,0,0,0,0,23000,0,0,0,123000,100000,23000,23000
067603,冠德凱基02購01  ,0,0,0,0,0,0,0,0,0,23000,0,0,0,23000,0,23000,23000
06888P,日月光元大98售02,0,0,0,0,0,0,0,0,0,23000,0,0,0,25000,2000,23000,23000
08196P,上銀元大9B售07  ,0,0,0,0,0,0,0,0,0,23000,0,0,0,23000,0,23000,23000
08472P,和碩凱基9C售02  ,0,0,0,0,0,0,0,0,0,23000,0,0,0,43000,20000,23000,23000
08784P,上証2X元富01售01,0,0,0,0,0,0,0,0,0,23000,0,0,0,23000,0,23000,23000
08674P,嘉晶元富07售02  ,0,0,0,0,0,0,0,0,0,23000,0,0,0,24000,1000,23000,23000
059914,台積電元大99購47,0,0,0,0,0,0,0,0,0,23000,0,0,0,23000,0,23000,23000
058008,禾伸堂國票99購02,0,0,0,0,0,0,0,0,0,23000,0,0,0,73000,50000,23000,23000
058101,台積電富邦9C購01,0,0,0,0,0,0,0,0,0,23000,0,0,0,395000,372000,23000,23000
058437,可成統一9B購01  ,0,0,0,0,0,0,0,0,0,23000,0,0,0,67000,44000,23000,23000
063602,金像電凱基9B購04,0,0,0,0,0,0,0,0,0,23000,0,0,0,54000,31000,23000,23000
063498,金像電永豐9B購02,0,0,0,0,0,0,0,0,0,23000,0,0,0,23000,0,23000,23000
062415,聯茂中信9C購01  ,0,0,0,0,0,0,0,0,0,23000,0,0,0,108000,85000,23000,23000
062837,復盛群益9B購01  ,0,0,0,0,0,0,0,0,0,23000,0,0,0,155000,132000,23000,23000
063072,裕隆永豐9B購01  ,0,0,0,0,0,0,0,0,0,23000,0,0,0,68000,45000,23000,23000
062134,國巨群益9B購04  ,0,0,0,0,0,0,0,0,0,23000,0,0,0,24000,1000,23000,23000
062706,大立光元大9B購06,0,0,0,0,0,0,0,0,0,23000,0,0,0,23000,0,23000,23000
061546,大立光群益9A購05,0,0,0,0,0,0,0,0,0,23000,0,0,0,23000,0,23000,23000
060316,福懋科永豐9A購01,0,0,0,0,0,0,0,0,0,23000,0,0,0,23000,0,23000,23000
063920,大立光元富03購02,0,0,0,0,0,0,0,0,0,23000,0,0,0,50000,27000,23000,23000
061768,晶技元大9B購02  ,0,0,0,0,0,0,0,0,0,23000,0,0,0,65000,42000,23000,23000
065461,台光電中信9C購01,0,0,0,0,0,0,0,0,0,23000,0,0,0,224000,201000,23000,23000
065322,聯發科凱基01購05,0,0,0,0,0,0,0,0,0,23000,0,0,0,23000,0,23000,23000
065186,和大統一02購06  ,0,0,0,0,0,0,0,0,0,23000,0,0,0,23000,0,23000,23000
065041,金像電凱基02購02,0,0,0,0,0,0,0,0,0,23000,0,0,0,45000,22000,23000,23000
064569,群創群益9C購01  ,0,0,0,0,0,0,0,0,0,23000,0,0,0,23000,0,23000,23000
064682,嘉聯益兆豐01購01,0,0,0,0,0,0,0,0,0,23000,0,0,0,80000,57000,23000,23000
066358,美利達永豐01購01,0,0,0,0,0,0,0,0,0,23000,0,0,0,48000,25000,23000,23000
065681,聯發科統一9C購17,0,0,0,0,0,0,0,0,0,23000,0,0,0,180000,157000,23000,23000
065707,聯詠群益9C購02  ,0,0,0,0,0,0,0,0,0,23000,0,0,0,23000,0,23000,23000
066218,美利達統一03購02,0,0,0,0,0,0,0,0,0,23000,0,0,0,121000,98000,23000,23000
066086,東元永豐01購01  ,0,0,0,0,0,0,0,0,0,23000,0,0,0,53000,30000,23000,23000
2369,菱生            ,289000,265000,24000,0,0,0,0,0,0,-1000,0,1000,-1000,0,0,0,23000
6525,捷敏-KY         ,91000,68000,23000,0,0,0,0,0,0,0,0,0,0,0,0,0,23000
9921,巨大            ,536209,388472,147737,0,0,0,0,56000,-56000,-69000,24000,96000,-72000,9000,6000,3000,22737
067332,旺宏凱基03購02  ,0,0,0,0,0,0,0,0,0,22000,0,0,0,82000,60000,22000,22000
067221,台表科元大01購02,0,0,0,0,0,0,0,0,0,22000,0,0,0,132000,110000,22000,22000
067366,巨大群益01購01  ,0,0,0,0,0,0,0,0,0,22000,0,0,0,22000,0,22000,22000
058438,大立光統一9B購01,0,0,0,0,0,0,0,0,0,22000,0,0,0,22000,0,22000,22000
059223,大立光元大99購14,0,0,0,0,0,0,0,0,0,22000,0,0,0,25000,3000,22000,22000
058985,可成凱基99購03  ,0,0,0,0,0,0,0,0,0,22000,0,0,0,74000,52000,22000,22000
057609,友訊元富98購01  ,0,0,0,0,0,0,0,0,0,22000,0,0,0,22000,0,22000,22000
058955,台積電國票9A購04,0,0,0,0,0,0,0,0,0,22000,0,0,0,78000,56000,22000,22000
057706,臺股指群益98購06,0,0,0,0,0,0,0,0,0,22000,0,0,0,22000,0,22000,22000
057318,台光電凱基9A購01,0,0,0,0,0,0,0,0,0,22000,0,0,0,93000,71000,22000,22000
046937,聯電元大99購01  ,0,0,0,0,0,0,0,0,0,22000,0,0,0,32000,10000,22000,22000
052893,聯電群益98購01  ,0,0,0,0,0,0,0,0,0,22000,0,0,0,22000,0,22000,22000
061367,瑞祺國票9A購01  ,0,0,0,0,0,0,0,0,0,22000,0,0,0,22000,0,22000,22000
060540,南亞凱基9A購01  ,0,1000,-1000,0,0,0,0,0,0,23000,0,0,0,23000,0,23000,22000
061187,瀚宇博國泰9C購01,0,0,0,0,0,0,0,0,0,22000,0,0,0,22000,0,22000,22000
064177,立積國泰01購01  ,0,0,0,0,0,0,0,0,0,22000,0,0,0,22000,0,22000,22000
061539,國巨群益9B購03  ,0,0,0,0,0,0,0,0,0,22000,0,0,0,22000,0,22000,22000
063006,道瓊反元大9C購01,0,0,0,0,0,0,0,0,0,22000,0,0,0,22000,0,22000,22000
063243,聯發科元大9B購20,0,0,0,0,0,0,0,0,0,22000,0,0,0,22000,0,22000,22000
062390,元黃金富邦9C購01,0,0,0,0,0,0,0,0,0,22000,0,0,0,22000,0,22000,22000
066168,強茂凱基01購02  ,0,0,0,0,0,0,0,0,0,22000,0,0,0,63000,41000,22000,22000
066384,訊芯康和01購01  ,0,0,0,0,0,0,0,0,0,22000,0,0,0,90000,68000,22000,22000
066578,臺股指元大01購07,0,0,0,0,0,0,0,0,0,22000,0,0,0,22000,0,22000,22000
064877,可成兆豐9C購02  ,0,0,0,0,0,0,0,0,0,22000,0,0,0,42000,20000,22000,22000
064224,玉晶光國票01購04,0,0,0,0,0,0,0,0,0,22000,0,0,0,63000,41000,22000,22000
065175,大立光元大01購05,0,0,0,0,0,0,0,0,0,22000,0,0,0,22000,0,22000,22000
065525,瑞儀群益01購01  ,0,0,0,0,0,0,0,0,0,22000,0,0,0,527000,505000,22000,22000
9917,中保科          ,113000,103000,10000,0,0,0,0,2000,-2000,14000,15000,1000,14000,0,0,0,22000
067344,鎧勝凱基02購01  ,0,0,0,0,0,0,0,0,0,21000,0,0,0,111000,90000,21000,21000
067411,矽格兆豐03購01  ,0,0,0,0,0,0,0,0,0,21000,0,0,0,101000,80000,21000,21000
066926,聚陽國票02購01  ,0,0,0,0,0,0,0,0,0,21000,0,0,0,73000,52000,21000,21000
066972,滬深2X群益03購04,0,0,0,0,0,0,0,0,0,21000,0,0,0,21000,0,21000,21000
07547P,緯穎凱基9A售05  ,0,0,0,0,0,0,0,0,0,21000,0,0,0,21000,0,21000,21000
07568P,鴻海凱基9A售22  ,0,0,0,0,0,0,0,0,0,21000,0,0,0,21000,0,21000,21000
00702,國泰標普低波高息,2000,5000,-3000,0,0,0,0,0,0,24000,0,0,0,30000,6000,24000,21000
056605,台積電富邦9B購02,0,0,0,0,0,0,0,0,0,21000,0,0,0,62000,41000,21000,21000
058775,台積電國票9A購02,0,0,0,0,0,0,0,0,0,21000,0,0,0,21000,0,21000,21000
054785,建準群益98購01  ,0,0,0,0,0,0,0,0,0,21000,0,0,0,21000,0,21000,21000
058944,元石油群益9C購02,0,0,0,0,0,0,0,0,0,21000,0,0,0,21000,0,21000,21000
057582,亞光中信9A購02  ,0,0,0,0,0,0,0,0,0,21000,0,0,0,31000,10000,21000,21000
059687,卜蜂永豐99購01  ,0,0,0,0,0,0,0,0,0,21000,0,0,0,21000,0,21000,21000
058314,欣興富邦9B購01  ,0,0,0,0,0,0,0,0,0,21000,0,0,0,21000,0,21000,21000
058718,台灣50元富03購01,0,0,0,0,0,0,0,0,0,21000,0,0,0,21000,0,21000,21000
062487,中興電永豐9B購01,0,0,0,0,0,0,0,0,0,21000,0,0,0,21000,0,21000,21000
063651,金像電台新9B購01,0,0,0,0,0,0,0,0,0,21000,0,0,0,727000,706000,21000,21000
062575,景碩群益9B購01  ,0,0,0,0,0,0,0,0,0,21000,0,0,0,68000,47000,21000,21000
063739,台勝科元大9B購03,0,0,0,0,0,0,0,0,0,21000,0,0,0,106000,85000,21000,21000
060084,聯電元大99購02  ,0,0,0,0,0,0,0,0,0,21000,0,0,0,21000,0,21000,21000
061136,可成統一9A購01  ,0,0,0,0,0,0,0,0,0,21000,0,0,0,40000,19000,21000,21000
061150,國巨群益9A購09  ,0,0,0,0,0,0,0,0,0,21000,0,0,0,38000,17000,21000,21000
061613,南六統一9C購01  ,0,0,0,0,0,0,0,0,0,21000,0,0,0,24000,3000,21000,21000
065552,聯發科凱基9C購12,0,0,0,0,0,0,0,0,0,21000,0,0,0,22000,1000,21000,21000
065474,旺宏元大9C購06  ,0,0,0,0,0,0,0,0,0,21000,0,0,0,147000,126000,21000,21000
064276,聯發科元大9C購07,0,0,0,0,0,0,0,0,0,21000,0,0,0,22000,1000,21000,21000
064262,玉晶光永豐9C購03,0,0,0,0,0,0,0,0,0,21000,0,0,0,35000,14000,21000,21000
064417,創意中信9C購01  ,0,0,0,0,0,0,0,0,0,21000,0,0,0,32000,11000,21000,21000
064786,GIS群益9C購04   ,0,0,0,0,0,0,0,0,0,21000,0,0,0,175000,154000,21000,21000
066594,聯詠群益01購01  ,0,0,0,0,0,0,0,0,0,21000,0,0,0,98000,77000,21000,21000
066415,台積電元大01購11,0,0,0,0,0,0,0,0,0,21000,0,0,0,21000,0,21000,21000
066348,松翰永豐01購01  ,0,0,0,0,0,0,0,0,0,21000,0,0,0,93000,72000,21000,21000
066555,聯詠元大01購01  ,0,0,0,0,0,0,0,0,0,21000,0,0,0,76000,55000,21000,21000
066252,南港元大01購02  ,0,0,0,0,0,0,0,0,0,21000,0,0,0,21000,0,21000,21000
066006,大立光統一01購07,0,0,0,0,0,0,0,0,0,21000,0,0,0,61000,40000,21000,21000
066008,大立光統一03購02,0,0,0,0,0,0,0,0,0,21000,0,0,0,36000,15000,21000,21000
065839,鴻海元大9C購17  ,0,0,0,0,0,0,0,0,0,21000,0,0,0,150000,129000,21000,21000
910322,康師傅-DR       ,21000,0,21000,0,0,0,0,0,0,0,0,0,0,0,0,0,21000
07536P,華新科元富9A售04,0,0,0,0,0,0,0,0,0,20000,0,0,0,20000,0,20000,20000
07651P,道瓊指中信01售01,0,0,0,0,0,0,0,0,0,20000,0,0,0,20000,0,20000,20000
07415P,台積電元大99售52,0,0,0,0,0,0,0,0,0,20000,0,0,0,20000,0,20000,20000
07030P,鈺齊群益99售01  ,0,0,0,0,0,0,0,0,0,20000,0,0,0,20000,0,20000,20000
06993P,鴻海凱基99售05  ,0,0,0,0,0,0,0,0,0,20000,0,0,0,20000,0,20000,20000
07054P,華新科兆豐99售04,0,0,0,0,0,0,0,0,0,20000,0,0,0,20000,0,20000,20000
07096P,元石油元大9C售05,0,0,0,0,0,0,0,0,0,20000,0,0,0,20000,0,20000,20000
08108P,聯發科元富9B售03,0,0,0,0,0,0,0,0,0,20000,0,0,0,20000,0,20000,20000
08014P,微星凱基9B售02  ,0,0,0,0,0,0,0,0,0,20000,0,0,0,20000,0,20000,20000
07977P,華新科群益01售01,0,0,0,0,0,0,0,0,0,20000,0,0,0,20000,0,20000,20000
07946P,華通統一9B售02  ,0,0,0,0,0,0,0,0,0,20000,0,0,0,20000,0,20000,20000
07920P,大立光中信01售01,0,0,0,0,0,0,0,0,0,20000,0,0,0,20000,0,20000,20000
07863P,華新科凱基9B售07,0,0,0,0,0,0,0,0,0,20000,0,0,0,20000,0,20000,20000
07754P,日月光元大9A售02,0,0,0,0,0,0,0,0,0,20000,0,0,0,50000,30000,20000,20000
08751P,友達群益01售01  ,0,0,0,0,0,0,0,0,0,20000,0,0,0,20000,0,20000,20000
08417P,聯發科元大9C售12,0,0,0,0,0,0,0,0,0,20000,0,0,0,110000,90000,20000,20000
08511P,電子類富邦9C售02,0,0,0,0,0,0,0,0,0,20000,0,0,0,100000,80000,20000,20000
08260P,大立光元大9C售08,0,0,0,0,0,0,0,0,0,20000,0,0,0,20000,0,20000,20000
08291P,智邦台新9C售02  ,0,0,0,0,0,0,0,0,0,20000,0,0,0,20000,0,20000,20000
08220P,華邦電凱基9B售02,0,0,0,0,0,0,0,0,0,20000,0,0,0,21000,1000,20000,20000
08241P,微星中信06售01  ,0,0,0,0,0,0,0,0,0,20000,0,0,0,20000,0,20000,20000
08323P,華新科凱基9C售04,0,0,0,0,0,0,0,0,0,20000,0,0,0,20000,0,20000,20000
066929,國巨國票02購03  ,0,0,0,0,0,0,0,0,0,20000,0,0,0,62000,42000,20000,20000
067114,京鼎群益02購04  ,0,0,0,0,0,0,0,0,0,20000,0,0,0,118000,98000,20000,20000
067335,國產凱基02購02  ,0,0,0,0,0,0,0,0,0,20000,0,0,0,70000,50000,20000,20000
067590,茂林群益01購01  ,0,0,0,0,0,0,0,0,0,20000,0,0,0,20000,0,20000,20000
067875,百和元大01購01  ,0,0,0,0,0,0,0,0,0,20000,0,0,0,20000,0,20000,20000
067743,緯創元大01購02  ,0,0,0,0,0,0,0,0,0,20000,0,0,0,29000,9000,20000,20000
068008,聯茂元大01購02  ,0,0,0,0,0,0,0,0,0,20000,0,0,0,20000,0,20000,20000
067956,玉晶光永豐01購08,0,0,0,0,0,0,0,0,0,20000,0,0,0,30000,10000,20000,20000
058725,美律富邦9A購01  ,0,0,0,0,0,0,0,0,0,20000,0,0,0,20000,0,20000,20000
058689,元油2X國票99購03,0,0,0,0,0,0,0,0,0,20000,0,0,0,20000,0,20000,20000
059028,嘉聯益台新99購02,0,0,0,0,0,0,0,0,0,20000,0,0,0,30000,10000,20000,20000
058570,臻鼎凱基9A購01  ,0,0,0,0,0,0,0,0,0,20000,0,0,0,20000,0,20000,20000
058305,華邦電元大99購02,0,0,0,0,0,0,0,0,0,20000,0,0,0,20000,0,20000,20000
058263,大成鋼永豐99購01,0,0,0,0,0,0,0,0,0,20000,0,0,0,20000,0,20000,20000
058447,玉晶光富邦9A購02,0,0,0,0,0,0,0,0,0,20000,0,0,0,20000,0,20000,20000
058518,玉晶光元大99購13,0,0,0,0,0,0,0,0,0,20000,0,0,0,20000,0,20000,20000
059661,大立光元大99購22,0,0,0,0,0,0,0,0,0,20000,0,0,0,20000,0,20000,20000
059475,元石油群益99購02,0,0,0,0,0,0,0,0,0,20000,0,0,0,20000,0,20000,20000
059569,旺宏凱基99購09  ,0,0,0,0,0,0,0,0,0,20000,0,0,0,20000,0,20000,20000
059277,群創元大99購05  ,0,0,0,0,0,0,0,0,0,20000,0,0,0,20000,0,20000,20000
058239,景碩元大99購03  ,0,0,0,0,0,0,0,0,0,20000,0,0,0,20000,0,20000,20000
057592,美律兆豐99購01  ,0,0,0,0,0,0,0,0,0,20000,0,0,0,20000,0,20000,20000
057618,台光電凱基99購01,0,0,0,0,0,0,0,0,0,20000,0,0,0,80000,60000,20000,20000
058882,晶相光永豐99購01,0,0,0,0,0,0,0,0,0,20000,0,0,0,20000,0,20000,20000
058950,國巨群益99購06  ,0,0,0,0,0,0,0,0,0,20000,0,0,0,25000,5000,20000,20000
057739,新日興富邦9B購01,0,0,0,0,0,0,0,0,0,20000,0,0,0,20000,0,20000,20000
057753,臺股指國票98購09,0,0,0,0,0,0,0,0,0,20000,0,0,0,20000,0,20000,20000
057817,景碩元大98購01  ,0,0,0,0,0,0,0,0,0,20000,0,0,0,20000,0,20000,20000
060723,致新永豐9A購01  ,0,0,0,0,0,0,0,0,0,20000,0,0,0,20000,0,20000,20000
061429,南六元大9A購02  ,0,0,0,0,0,0,0,0,0,20000,0,0,0,20000,0,20000,20000
061387,鴻海群益9A購05  ,0,0,0,0,0,0,0,0,0,20000,0,0,0,25000,5000,20000,20000
062073,國巨元大9B購06  ,0,0,0,0,0,0,0,0,0,20000,0,0,0,26000,6000,20000,20000
062068,滬深2X元大9B購02,0,0,0,0,0,0,0,0,0,20000,0,0,0,20000,0,20000,20000
062043,牧德凱基9B購04  ,0,0,0,0,0,0,0,0,0,20000,0,0,0,20000,0,20000,20000
055030,帆宣國泰99購02  ,0,0,0,0,0,0,0,0,0,20000,0,0,0,112000,92000,20000,20000
055696,華新科國票98購01,0,0,0,0,0,0,0,0,0,20000,0,0,0,20000,0,20000,20000
055876,美食元富9A購01  ,0,0,0,0,0,0,0,0,0,20000,0,0,0,30000,10000,20000,20000
055329,百和國票98購01  ,0,0,0,0,0,0,0,0,0,20000,0,0,0,20000,0,20000,20000
056279,新日興富邦99購01,0,0,0,0,0,0,0,0,0,20000,0,0,0,20000,0,20000,20000
057241,超眾凱基99購02  ,0,0,0,0,0,0,0,0,0,20000,0,0,0,20000,0,20000,20000
057990,美律統一99購02  ,0,0,0,0,0,0,0,0,0,20000,0,0,0,20000,0,20000,20000
057985,華通元富02購03  ,0,0,0,0,0,0,0,0,0,20000,0,0,0,20000,0,20000,20000
058790,楠梓電元大99購03,0,0,0,0,0,0,0,0,0,20000,0,0,0,20000,0,20000,20000
057892,上証2X元富02購01,0,0,0,0,0,0,0,0,0,20000,0,0,0,40000,20000,20000,20000
057931,正崴群益98購02  ,0,0,0,0,0,0,0,0,0,20000,0,0,0,22000,2000,20000,20000
057299,立積永豐98購02  ,0,0,0,0,0,0,0,0,0,20000,0,0,0,20000,0,20000,20000
057291,國巨國泰9A購01  ,0,0,0,0,0,0,0,0,0,20000,0,0,0,20000,0,20000,20000
054426,國泰金富邦97購02,0,0,0,0,0,0,0,0,0,20000,0,0,0,20000,0,20000,20000
059869,友達凱基99購07  ,0,0,0,0,0,0,0,0,0,20000,0,0,0,20000,0,20000,20000
059843,華新科富邦9B購03,0,0,0,0,0,0,0,0,0,20000,0,0,0,20000,0,20000,20000
058839,瑞儀中信99購02  ,0,0,0,0,0,0,0,0,0,20000,0,0,0,20000,0,20000,20000
056646,奇鋐凱基99購02  ,0,0,0,0,0,0,0,0,0,20000,0,0,0,20000,0,20000,20000
045444,群創元富98購02  ,0,0,0,0,0,0,0,0,0,20000,0,0,0,20000,0,20000,20000
045837,群創群益98購02  ,0,0,0,0,0,0,0,0,0,20000,0,0,0,20000,0,20000,20000
03680C,臺股指凱基9A牛26,0,0,0,0,0,0,0,0,0,20000,0,0,0,21000,1000,20000,20000
053868,群創元大99購02  ,0,0,0,0,0,0,0,0,0,20000,0,0,0,30000,10000,20000,20000
056806,元油2X統一98購02,0,0,0,0,0,0,0,0,0,20000,0,0,0,20000,0,20000,20000
056811,健策統一9B購01  ,0,0,0,0,0,0,0,0,0,20000,0,0,0,20000,0,20000,20000
056963,建準永豐98購01  ,0,0,0,0,0,0,0,0,0,20000,0,0,0,20000,0,20000,20000
057050,群創元大99購03  ,0,0,0,0,0,0,0,0,0,20000,0,0,0,20000,0,20000,20000
053569,漢唐統一98購01  ,0,0,0,0,0,0,0,0,0,20000,0,0,0,20000,0,20000,20000
061625,聯茂群益9A購02  ,0,0,0,0,0,0,0,0,0,20000,0,0,0,20000,0,20000,20000
061144,玉晶光中信9B購02,0,0,0,0,0,0,0,0,0,20000,0,0,0,20000,0,20000,20000
061101,道瓊銀元大9A購02,0,0,0,0,0,0,0,0,0,20000,0,0,0,25000,5000,20000,20000
06079P,燿華群益98售02  ,0,0,0,0,0,0,0,0,0,20000,0,0,0,20000,0,20000,20000
061281,台積電統一9C購05,0,0,0,0,0,0,0,0,0,20000,0,0,0,20000,0,20000,20000
061341,華新科元大9A購16,0,0,0,0,0,0,0,0,0,20000,0,0,0,22000,2000,20000,20000
060057,欣興凱基9B購01  ,0,0,0,0,0,0,0,0,0,20000,0,0,0,20000,0,20000,20000
060061,旺宏兆豐99購02  ,0,0,0,0,0,0,0,0,0,20000,0,0,0,20000,0,20000,20000
060520,臺指2X中信01購02,0,0,0,0,0,0,0,0,0,20000,0,0,0,20000,0,20000,20000
060981,旺宏元大9A購08  ,0,0,0,0,0,0,0,0,0,20000,0,0,0,120000,100000,20000,20000
060482,東元富邦9A購01  ,0,0,0,0,0,0,0,0,0,20000,0,0,0,20000,0,20000,20000
060602,京元電凱基9A購01,0,0,0,0,0,0,0,0,0,20000,0,0,0,30000,10000,20000,20000
060624,玉晶光元大9C購02,0,0,0,0,0,0,0,0,0,20000,0,0,0,30000,10000,20000,20000
060322,卜蜂群益9A購01  ,0,0,0,0,0,0,0,0,0,20000,0,0,0,22000,2000,20000,20000
060958,儒鴻凱基9A購02  ,0,0,0,0,0,0,0,0,0,20000,0,0,0,20000,0,20000,20000
060548,友達凱基9B購03  ,0,0,0,0,0,0,0,0,0,20000,0,0,0,30000,10000,20000,20000
060296,和碩元大9A購01  ,0,0,0,0,0,0,0,0,0,20000,0,0,0,50000,30000,20000,20000
063805,技嘉兆豐9C購01  ,0,0,0,0,0,0,0,0,0,20000,0,0,0,20000,0,20000,20000
064075,台積電中信06購01,0,0,0,0,0,0,0,0,0,20000,0,0,0,30000,10000,20000,20000
063860,旺宏國泰02購01  ,0,0,0,0,0,0,0,0,0,20000,0,0,0,20000,0,20000,20000
063981,貿聯兆豐9C購01  ,0,0,0,0,0,0,0,0,0,20000,0,0,0,20000,0,20000,20000
064052,創意統一01購02  ,0,0,0,0,0,0,0,0,0,20000,0,0,0,42000,22000,20000,20000
062229,南六統一9B購01  ,0,0,0,0,0,0,0,0,0,20000,0,0,0,20000,0,20000,20000
061559,南亞科國票9A購02,0,0,0,0,0,0,0,0,0,20000,0,0,0,20000,0,20000,20000
062272,鴻海群益9B購05  ,0,0,0,0,0,0,0,0,0,20000,0,0,0,20000,0,20000,20000
062746,致伸永豐9B購01  ,0,0,0,0,0,0,0,0,0,20000,0,0,0,20000,0,20000,20000
062822,力成兆豐9B購01  ,0,0,0,0,0,0,0,0,0,20000,0,0,0,20000,0,20000,20000
063028,巨大元大9B購02  ,0,0,0,0,0,0,0,0,0,20000,0,0,0,20000,0,20000,20000
063042,同欣電凱基9C購01,0,0,0,0,0,0,0,0,0,20000,0,0,0,20000,0,20000,20000
062949,聯發科富邦01購01,0,0,0,0,0,0,0,0,0,20000,0,0,0,20000,0,20000,20000
060907,金像電元大9A購02,0,0,0,0,0,0,0,0,0,20000,0,0,0,20000,0,20000,20000
063457,臺指反元大02購17,0,0,0,0,0,0,0,0,0,20000,0,0,0,20000,0,20000,20000
063477,訊芯元大9B購01  ,0,0,0,0,0,0,0,0,0,20000,0,0,0,20000,0,20000,20000
062373,泰鼎元大9B購01  ,0,0,0,0,0,0,0,0,0,20000,0,0,0,20000,0,20000,20000
063672,GIS統一9C購01   ,0,0,0,0,0,0,0,0,0,20000,0,0,0,20000,0,20000,20000
06586P,鴻海元大9C售01  ,0,0,0,0,0,0,0,0,0,20000,0,0,0,20000,0,20000,20000
065703,大毅群益9C購01  ,0,0,0,0,0,0,0,0,0,20000,0,0,0,172000,152000,20000,20000
065632,正崴國票01購01  ,0,0,0,0,0,0,0,0,0,20000,0,0,0,20000,0,20000,20000
066018,南六元富03購02  ,0,0,0,0,0,0,0,0,0,20000,0,0,0,20000,0,20000,20000
066090,泰鼎永豐01購01  ,0,0,0,0,0,0,0,0,0,20000,0,0,0,20000,0,20000,20000
066048,奇鋐元大01購01  ,0,0,0,0,0,0,0,0,0,20000,0,0,0,38000,18000,20000,20000
066222,生達國泰02購01  ,0,0,0,0,0,0,0,0,0,20000,0,0,0,20000,0,20000,20000
066630,東森凱基01購01  ,0,0,0,0,0,0,0,0,0,20000,0,0,0,20000,0,20000,20000
066659,燿華凱基03購01  ,0,0,0,0,0,0,0,0,0,20000,0,0,0,70000,50000,20000,20000
066807,揚明光凱基01購02,0,0,0,0,0,0,0,0,0,20000,0,0,0,20000,0,20000,20000
066762,總太永豐01購02  ,0,0,0,0,0,0,0,0,0,20000,0,0,0,20000,0,20000,20000
064878,大立光兆豐9C購03,0,0,0,0,0,0,0,0,0,20000,0,0,0,20000,0,20000,20000
064720,長榮航統一02購01,0,0,0,0,0,0,0,0,0,20000,0,0,0,20000,0,20000,20000
064597,鴻海元富9C購03  ,0,0,0,0,0,0,0,0,0,20000,0,0,0,20000,0,20000,20000
064550,南茂凱基01購01  ,0,0,0,0,0,0,0,0,0,20000,0,0,0,20000,0,20000,20000
064530,康控中信9C購01  ,0,0,0,0,0,0,0,0,0,20000,0,0,0,20000,0,20000,20000
064232,鴻海統一01購04  ,0,0,0,0,0,0,0,0,0,20000,0,0,0,30000,10000,20000,20000
064246,南六統一9C購02  ,0,0,0,0,0,0,0,0,0,20000,0,0,0,20000,0,20000,20000
064345,創意元大9C購03  ,0,0,0,0,0,0,0,0,0,20000,0,0,0,20000,0,20000,20000
065493,T50反1富邦03購01,0,0,0,0,0,0,0,0,0,20000,0,0,0,20000,0,20000,20000
065551,聯發科凱基9C購11,0,0,0,0,0,0,0,0,0,20000,0,0,0,20000,0,20000,20000
065323,聯發科凱基9C購09,0,0,0,0,0,0,0,0,0,20000,0,0,0,89000,69000,20000,20000
065413,玉晶光永豐9C購10,0,0,0,0,0,0,0,0,0,20000,0,0,0,30000,10000,20000,20000
065405,華新科富邦03購01,0,0,0,0,0,0,0,0,0,20000,0,0,0,20000,0,20000,20000
065206,旺宏國票01購02  ,0,0,0,0,0,0,0,0,0,20000,0,0,0,20000,0,20000,20000
2002A,中鋼特          ,0,0,0,0,0,0,0,0,0,20000,25000,5000,20000,0,0,0,20000
067400,華擎永豐01購02  ,0,0,0,0,0,0,0,0,0,19000,0,0,0,120000,101000,19000,19000
067178,京鼎康和01購01  ,0,0,0,0,0,0,0,0,0,19000,0,0,0,44000,25000,19000,19000
08194P,同欣電國票9C售03,0,0,0,0,0,0,0,0,0,19000,0,0,0,79000,60000,19000,19000
08676P,泰碩群益04售01  ,0,0,0,0,0,0,0,0,0,19000,0,0,0,70000,51000,19000,19000
07442P,華航康和9A售02  ,0,0,0,0,0,0,0,0,0,19000,0,0,0,19000,0,19000,19000
03042P,玉晶光國票04售01,0,0,0,0,0,0,0,0,0,19000,0,0,0,42000,23000,19000,19000
059967,聯發科凱基99購20,0,0,0,0,0,0,0,0,0,19000,0,0,0,20000,1000,19000,19000
060718,中磊永豐9A購01  ,0,0,0,0,0,0,0,0,0,19000,0,0,0,63000,44000,19000,19000
063192,技嘉台新9B購01  ,0,0,0,0,0,0,0,0,0,19000,0,0,0,19000,0,19000,19000
058672,可成群益9B購02  ,0,0,0,0,0,0,0,0,0,19000,0,0,0,20000,1000,19000,19000
063585,台積電永豐9B購03,0,0,0,0,0,0,0,0,0,19000,0,0,0,19000,0,19000,19000
062247,國巨元大9B購07  ,0,0,0,0,0,0,0,0,0,19000,0,0,0,51000,32000,19000,19000
064082,緯創中信06購01  ,0,0,0,0,0,0,0,0,0,19000,0,0,0,40000,21000,19000,19000
060468,聯鈞元大9A購02  ,0,0,0,0,0,0,0,0,0,19000,0,0,0,30000,11000,19000,19000
061247,玉晶光群益9A購09,0,0,0,0,0,0,0,0,0,19000,0,0,0,28000,9000,19000,19000
065271,日月光元大9C購02,0,0,0,0,0,0,0,0,0,19000,0,0,0,131000,112000,19000,19000
065593,達新元大9C購02  ,0,0,0,0,0,0,0,0,0,19000,0,0,0,19000,0,19000,19000
064216,矽格凱基01購01  ,0,0,0,0,0,0,0,0,0,19000,0,0,0,39000,20000,19000,19000
064268,緯穎永豐9C購01  ,0,0,0,0,0,0,0,0,0,19000,0,0,0,19000,0,19000,19000
064572,同欣電群益9C購02,0,0,0,0,0,0,0,0,0,19000,0,0,0,81000,62000,19000,19000
066788,聯發科麥證01購07,0,0,0,40000,21000,19000,0,0,0,19000,0,0,0,40000,21000,19000,19000
066584,滬深2X群益03購01,0,0,0,0,0,0,0,0,0,19000,0,0,0,112000,93000,19000,19000
065677,南亞科統一03購02,1000,0,1000,0,0,0,0,0,0,18000,0,0,0,20000,2000,18000,19000
065744,華新元大9C購01  ,0,0,0,0,0,0,0,0,0,19000,0,0,0,19000,0,19000,19000
065847,嘉晶元大9C購03  ,0,0,0,0,0,0,0,0,0,19000,0,0,0,68000,49000,19000,19000
065784,正崴永豐9C購01  ,0,0,0,0,0,0,0,0,0,19000,0,0,0,30000,11000,19000,19000
08246P,亞德客群益01售01,0,0,0,0,0,0,0,0,0,18000,0,0,0,103000,85000,18000,18000
08509P,臺股指國票9C售10,0,0,0,0,0,0,0,0,0,18000,0,0,0,113000,95000,18000,18000
08562P,南電國票01售03  ,0,0,0,0,0,0,0,0,0,18000,0,0,0,18000,0,18000,18000
067104,聯發科群益01購05,0,0,0,0,0,0,0,0,0,18000,0,0,0,389000,371000,18000,18000
067507,南亞科統一01購04,0,0,0,0,0,0,0,0,0,18000,0,0,0,20000,2000,18000,18000
058428,大立光元富99購02,0,0,0,0,0,0,0,0,0,18000,0,0,0,48000,30000,18000,18000
058343,台積電群益99購02,0,0,0,0,0,0,0,0,0,18000,0,0,0,18000,0,18000,18000
062110,華擎國票9B購01  ,0,0,0,0,0,0,0,0,0,18000,0,0,0,18000,0,18000,18000
062089,矽創元大9B購02  ,0,0,0,0,0,0,0,0,0,18000,0,0,0,18000,0,18000,18000
058019,美律凱基99購04  ,0,0,0,0,0,0,0,0,0,18000,0,0,0,18000,0,18000,18000
059832,超眾康和99購01  ,0,0,0,0,0,0,0,0,0,18000,0,0,0,35000,17000,18000,18000
055220,緯穎凱基98購02  ,0,0,0,0,0,0,0,0,0,18000,0,0,0,18000,0,18000,18000
047004,台積電統一99購01,0,0,0,0,0,0,0,0,0,18000,0,0,0,18000,0,18000,18000
056578,智易元大99購02  ,0,0,0,0,0,0,0,0,0,18000,0,0,0,25000,7000,18000,18000
050754,元金2X元富9B購01,0,0,0,0,0,0,0,0,0,18000,0,0,0,18000,0,18000,18000
060379,T50反1凱基9A購07,0,0,0,0,0,0,0,0,0,18000,0,0,0,18000,0,18000,18000
061791,康友群益9B購01  ,0,0,0,0,0,0,0,0,0,18000,0,0,0,18000,0,18000,18000
063738,奇鋐元大9B購03  ,0,0,0,0,0,0,0,0,0,18000,0,0,0,26000,8000,18000,18000
062251,旺宏元大9B購06  ,0,0,0,0,0,0,0,0,0,18000,0,0,0,18000,0,18000,18000
062279,晶豪科群益9B購01,0,0,0,0,0,0,0,0,0,18000,0,0,0,22000,4000,18000,18000
062661,華通群益9B購05  ,0,0,0,0,0,0,0,0,0,18000,0,0,0,18000,0,18000,18000
065735,矽格凱基01購02  ,0,0,0,0,0,0,0,0,0,18000,0,0,0,80000,62000,18000,18000
065614,緯穎元大01購02  ,0,0,0,0,0,0,0,0,0,18000,0,0,0,18000,0,18000,18000
065642,台積電元大9C購13,0,0,0,0,0,0,0,0,0,18000,0,0,0,18000,0,18000,18000
066211,瑞祺統一04購01  ,0,0,0,0,0,0,0,0,0,18000,0,0,0,18000,0,18000,18000
066787,聯發科麥證01購06,0,0,0,20000,2000,18000,0,0,0,18000,0,0,0,20000,2000,18000,18000
066829,奇力新群益01購01,0,0,0,0,0,0,0,0,0,18000,0,0,0,98000,80000,18000,18000
066512,致茂永豐01購01  ,0,0,0,0,0,0,0,0,0,18000,0,0,0,18000,0,18000,18000
066442,華碩群益01購01  ,0,0,0,0,0,0,0,0,0,18000,0,0,0,40000,22000,18000,18000
066261,華碩元大01購01  ,0,0,0,0,0,0,0,0,0,18000,0,0,0,18000,0,18000,18000
064566,大立光群益9C購04,0,0,0,0,0,0,0,0,0,18000,0,0,0,18000,0,18000,18000
064740,台光電國票01購01,0,0,0,0,0,0,0,0,0,18000,0,0,0,20000,2000,18000,18000
065325,亞光凱基9C購01  ,0,0,0,0,0,0,0,0,0,18000,0,0,0,18000,0,18000,18000
1316,上曜            ,36000,18000,18000,0,0,0,0,0,0,0,0,0,0,0,0,0,18000
3040,遠見            ,55000,37000,18000,0,0,0,0,0,0,0,0,0,0,0,0,0,18000
067017,樺漢富邦04購01  ,0,0,0,0,0,0,0,0,0,17000,0,0,0,37000,20000,17000,17000
067990,台積電元大01購32,0,0,0,0,0,0,0,0,0,17000,0,0,0,23000,6000,17000,17000
08546P,可成中信9C售02  ,0,0,0,0,0,0,0,0,0,17000,0,0,0,33000,16000,17000,17000
08336P,聯發科中信9C售05,0,0,0,0,0,0,0,0,0,17000,0,0,0,65000,48000,17000,17000
08739P,台郡凱基01售03  ,0,0,0,0,0,0,0,0,0,17000,0,0,0,104000,87000,17000,17000
056859,台積電群益98購02,0,0,0,0,0,0,0,0,0,17000,0,0,0,17000,0,17000,17000
03014P,玉晶光永豐01售05,0,0,0,0,0,0,0,0,0,17000,0,0,0,17000,0,17000,17000
054658,道瓊銀元大9A購01,0,0,0,0,0,0,0,0,0,17000,0,0,0,17000,0,17000,17000
058014,上銀凱基99購02  ,0,0,0,0,0,0,0,0,0,17000,0,0,0,49000,32000,17000,17000
053979,健策元大98購01  ,0,0,0,0,0,0,0,0,0,17000,0,0,0,17000,0,17000,17000
061417,力成群益9A購01  ,0,0,0,0,0,0,0,0,0,17000,0,0,0,41000,24000,17000,17000
063186,聯發科凱基9C購04,0,0,0,0,0,0,0,0,0,17000,0,0,0,32000,15000,17000,17000
063284,大立光元大9B購07,0,0,0,0,0,0,0,0,0,17000,0,0,0,17000,0,17000,17000
058473,上銀凱基9A購03  ,0,0,0,0,0,0,0,0,0,17000,0,0,0,49000,32000,17000,17000
059296,大立光元富99購06,0,0,0,0,0,0,0,0,0,17000,0,0,0,20000,3000,17000,17000
063000,緯穎國票9B購03  ,0,0,0,0,0,0,0,0,0,17000,0,0,0,38000,21000,17000,17000
061375,華通永豐9A購02  ,0,0,0,0,0,0,0,0,0,17000,0,0,0,17000,0,17000,17000
061165,美律兆豐9A購01  ,0,0,0,0,0,0,0,0,0,17000,0,0,0,18000,1000,17000,17000
065272,聯茂元大9C購05  ,0,0,0,0,0,0,0,0,0,17000,0,0,0,50000,33000,17000,17000
065580,鈺齊群益01購01  ,0,0,0,0,0,0,0,0,0,17000,0,0,0,17000,0,17000,17000
064778,美律群益9C購01  ,0,0,0,0,0,0,0,0,0,17000,0,0,0,161000,144000,17000,17000
064860,聯發科富邦03購01,0,0,0,0,0,0,0,0,0,17000,0,0,0,17000,0,17000,17000
064219,滬深2X國票03購01,0,0,0,0,0,0,0,0,0,17000,0,0,0,17000,0,17000,17000
066235,大毅富邦04購01  ,0,0,0,0,0,0,0,0,0,17000,0,0,0,40000,23000,17000,17000
066016,台表科元富01購02,0,0,0,0,0,0,0,0,0,17000,0,0,0,50000,33000,17000,17000
065792,TPK永豐9C購02   ,0,0,0,0,0,0,0,0,0,17000,0,0,0,22000,5000,17000,17000
08910P,宏達電凱基01售02,0,0,0,0,0,0,0,0,0,16000,0,0,0,26000,10000,16000,16000
08522P,智邦元大9C售08  ,0,0,0,0,0,0,0,0,0,16000,0,0,0,16000,0,16000,16000
08429P,台達電凱基9C售01,0,0,0,0,0,0,0,0,0,16000,0,0,0,16000,0,16000,16000
067613,康舒凱基01購01  ,0,0,0,0,0,0,0,0,0,16000,0,0,0,101000,85000,16000,16000
067069,友訊元大01購03  ,0,0,0,0,0,0,0,0,0,16000,0,0,0,68000,52000,16000,16000
059262,致茂中信01購01  ,0,0,0,0,0,0,0,0,0,16000,0,0,0,28000,12000,16000,16000
058270,上緯控永豐99購01,0,0,0,0,0,0,0,0,0,16000,0,0,0,65000,49000,16000,16000
054370,台積電中信9A購01,0,0,0,0,0,0,0,0,0,16000,0,0,0,21000,5000,16000,16000
058061,貿聯元富9B購01  ,0,0,0,0,0,0,0,0,0,16000,0,0,0,16000,0,16000,16000
055164,矽創元大98購01  ,0,0,0,0,0,0,0,0,0,16000,0,0,0,16000,0,16000,16000
053723,奇鋐凱基98購01  ,0,0,0,0,0,0,0,0,0,16000,0,0,0,20000,4000,16000,16000
047505,元金2X國票9B購01,0,0,0,0,0,0,0,0,0,16000,0,0,0,16000,0,16000,16000
03430B,臺股指元大9B熊01,0,0,0,0,0,0,0,0,0,16000,0,0,0,16000,0,16000,16000
060469,台勝科元大9A購02,0,0,0,0,0,0,0,0,0,16000,0,0,0,16000,0,16000,16000
060571,京元電永豐9A購01,0,0,0,0,0,0,0,0,0,16000,0,0,0,88000,72000,16000,16000
061053,國巨群益9A購08  ,0,0,0,0,0,0,0,0,0,16000,0,0,0,42000,26000,16000,16000
064200,華通兆豐01購01  ,0,0,0,0,0,0,0,0,0,16000,0,0,0,85000,69000,16000,16000
063027,台汽電元大9B購01,0,0,0,0,0,0,0,0,0,16000,0,0,0,36000,20000,16000,16000
062761,嘉晶凱基9C購01  ,0,0,0,0,0,0,0,0,0,16000,0,0,0,30000,14000,16000,16000
066055,聯鈞元大01購01  ,0,0,0,0,0,0,0,0,0,16000,0,0,0,20000,4000,16000,16000
066067,台積電凱基02購05,0,0,0,0,0,0,0,0,0,16000,0,0,0,16000,0,16000,16000
066646,聯發科麥證01購03,0,0,0,16000,0,16000,0,0,0,16000,0,0,0,16000,0,16000,16000
064349,泰鼎元大9C購02  ,0,0,0,0,0,0,0,0,0,16000,0,0,0,131000,115000,16000,16000
064892,台達電群益9C購02,0,0,0,0,0,0,0,0,0,16000,0,0,0,74000,58000,16000,16000
064751,亞德客凱基9C購02,0,0,0,0,0,0,0,0,0,16000,0,0,0,24000,8000,16000,16000
065599,台光電元大9C購05,0,0,0,0,0,0,0,0,0,16000,0,0,0,125000,109000,16000,16000
8940,新天地          ,21000,5000,16000,0,0,0,0,0,0,0,0,0,0,0,0,0,16000
067024,旺宏兆豐03購01  ,0,1000,-1000,0,0,0,0,0,0,16000,0,0,0,16000,0,16000,15000
066901,台虹康和01購01  ,0,0,0,0,0,0,0,0,0,15000,0,0,0,39000,24000,15000,15000
067195,台虹凱基02購01  ,0,0,0,0,0,0,0,0,0,15000,0,0,0,43000,28000,15000,15000
08585P,台表科群益9C售04,0,0,0,0,0,0,0,0,0,15000,0,0,0,40000,25000,15000,15000
08257P,台積電元大9C售04,0,0,0,0,0,0,0,0,0,15000,0,0,0,15000,0,15000,15000
08840P,臺股指麥證01售07,0,0,0,141000,126000,15000,0,0,0,15000,0,0,0,141000,126000,15000,15000
07172P,臺股指國票99售09,0,0,0,0,0,0,0,0,0,15000,0,0,0,15000,0,15000,15000
06940P,旺宏永豐98售05  ,0,0,0,0,0,0,0,0,0,15000,0,0,0,15000,0,15000,15000
03682C,臺股指凱基9C牛07,0,0,0,0,0,0,0,0,0,15000,0,0,0,25000,10000,15000,15000
03077P,臺股指富邦01售03,0,0,0,0,0,0,0,0,0,15000,0,0,0,25000,10000,15000,15000
057105,致茂群益9A購01  ,0,0,0,0,0,0,0,0,0,15000,0,0,0,121000,106000,15000,15000
056925,群創兆豐98購03  ,0,0,0,0,0,0,0,0,0,15000,0,0,0,15000,0,15000,15000
053764,A50正2富邦99購01,0,0,0,0,0,0,0,0,0,15000,0,0,0,25000,10000,15000,15000
055034,建準富邦99購01  ,0,0,0,0,0,0,0,0,0,15000,0,0,0,16000,1000,15000,15000
057270,遠東新元大98購01,0,0,0,0,0,0,0,0,0,15000,0,0,0,15000,0,15000,15000
057981,臻鼎永豐98購01  ,0,0,0,0,0,0,0,0,0,15000,0,0,0,15000,0,15000,15000
058278,FBVIX中信03購02 ,0,0,0,0,0,0,0,0,0,15000,0,0,0,17000,2000,15000,15000
058324,嘉聯益永豐9A購01,0,0,0,0,0,0,0,0,0,15000,0,0,0,15000,0,15000,15000
058475,台積電凱基99購06,0,0,0,0,0,0,0,0,0,15000,0,0,0,117000,102000,15000,15000
058663,瑞儀兆豐9A購01  ,0,0,0,0,0,0,0,0,0,15000,0,0,0,15000,0,15000,15000
058181,華新科國泰9B購01,0,0,0,0,0,0,0,0,0,15000,0,0,0,15000,0,15000,15000
059068,台虹國票9A購01  ,0,0,0,0,0,0,0,0,0,15000,0,0,0,30000,15000,15000,15000
063316,聯發科群益9C購03,0,0,0,0,0,0,0,0,0,15000,0,0,0,15000,0,15000,15000
063198,仁寶統一01購02  ,0,0,0,0,0,0,0,0,0,15000,0,0,0,25000,10000,15000,15000
063210,百和統一9C購01  ,0,0,0,0,0,0,0,0,0,15000,0,0,0,15000,0,15000,15000
058981,國巨凱基99購10  ,0,0,0,0,0,0,0,0,0,15000,0,0,0,33000,18000,15000,15000
057649,嘉聯益元大99購04,0,0,0,0,0,0,0,0,0,15000,0,0,0,15000,0,15000,15000
057467,祥碩永豐98購04  ,0,0,0,0,0,0,0,0,0,15000,0,0,0,15000,0,15000,15000
05749P,臺股指群益99售03,0,0,0,0,0,0,0,0,0,15000,0,0,0,25000,10000,15000,15000
062581,鴻海統一01購02  ,0,0,0,0,0,0,0,0,0,15000,0,0,0,15000,0,15000,15000
063015,微星元大9B購01  ,0,0,0,0,0,0,0,0,0,15000,0,0,0,30000,15000,15000,15000
060919,滬深2X富邦9B購01,0,0,0,0,0,0,0,0,0,15000,0,0,0,15000,0,15000,15000
060906,旺宏元大9A購07  ,0,0,0,0,0,0,0,0,0,15000,0,0,0,15000,0,15000,15000
060928,明泰永豐9A購01  ,0,0,0,0,0,0,0,0,0,15000,0,0,0,41000,26000,15000,15000
063596,嘉澤中信9B購01  ,0,0,0,0,0,0,0,0,0,15000,0,0,0,150000,135000,15000,15000
063337,國巨統一02購02  ,0,0,0,0,0,0,0,0,0,15000,0,0,0,45000,30000,15000,15000
063698,上銀群益9B購05  ,0,0,0,0,0,0,0,0,0,15000,0,0,0,35000,20000,15000,15000
063699,國巨群益9B購07  ,0,0,0,0,0,0,0,0,0,15000,0,0,0,15000,0,15000,15000
062445,大立光元大9C購02,0,0,0,0,0,0,0,0,0,15000,0,0,0,15000,0,15000,15000
061701,友達國票9B購02  ,0,0,0,0,0,0,0,0,0,15000,0,0,0,50000,35000,15000,15000
064062,創意國泰01購01  ,0,0,0,0,0,0,0,0,0,15000,0,0,0,15000,0,15000,15000
060130,瀚宇博永豐99購02,0,0,0,0,0,0,0,0,0,15000,0,0,0,15000,0,15000,15000
061951,南電群益9B購01  ,0,0,0,0,0,0,0,0,0,15000,0,0,0,17000,2000,15000,15000
060436,巨大永豐9A購01  ,0,0,0,0,0,0,0,0,0,15000,0,0,0,15000,0,15000,15000
060649,國巨第一9A購01  ,0,0,0,0,0,0,0,0,0,15000,0,0,0,19000,4000,15000,15000
061120,台積電永豐9A購03,0,0,0,0,0,0,0,0,0,15000,0,0,0,15000,0,15000,15000
061856,台郡國票9B購02  ,0,0,0,0,0,0,0,0,0,15000,0,0,0,15000,0,15000,15000
065452,康友統一02購01  ,0,0,0,0,0,0,0,0,0,15000,0,0,0,15000,0,15000,15000
065139,華通凱基03購01  ,0,0,0,0,0,0,0,0,0,15000,0,0,0,45000,30000,15000,15000
064744,創意國票01購02  ,0,0,0,0,0,0,0,0,0,15000,0,0,0,15000,0,15000,15000
064865,美律永豐9C購02  ,0,0,0,0,0,0,0,0,0,15000,0,0,0,38000,23000,15000,15000
064343,健鼎元大9C購01  ,0,0,0,0,0,0,0,0,0,15000,0,0,0,16000,1000,15000,15000
064284,京鼎元大9C購01  ,0,0,0,0,0,0,0,0,0,15000,0,0,0,19000,4000,15000,15000
066637,瀚宇博凱基01購02,0,0,0,0,0,0,0,0,0,15000,0,0,0,25000,10000,15000,15000
066270,國揚元大01購01  ,0,0,0,0,0,0,0,0,0,15000,0,0,0,34000,19000,15000,15000
066102,國揚國票02購01  ,0,0,0,0,0,0,0,0,0,15000,0,0,0,24000,9000,15000,15000
066075,景碩凱基02購01  ,0,0,0,0,0,0,0,0,0,15000,0,0,0,141000,126000,15000,15000
065944,大成鋼統一02購01,0,0,0,0,0,0,0,0,0,15000,0,0,0,15000,0,15000,15000
065854,臻鼎元大9C購05  ,0,0,0,0,0,0,0,0,0,15000,0,0,0,88000,73000,15000,15000
065699,南亞科群益9C購02,0,0,0,0,0,0,0,0,0,15000,0,0,0,45000,30000,15000,15000
065627,貿聯兆豐9C購02  ,0,0,0,0,0,0,0,0,0,15000,0,0,0,15000,0,15000,15000
6431,光麗-KY         ,17000,2000,15000,0,0,0,0,0,0,0,0,0,0,0,0,0,15000
6166,凌華            ,99377,82000,17377,0,0,0,0,0,0,-3000,0,0,0,2000,5000,-3000,14377
07424P,大立光元大9B售01,0,0,0,0,0,0,0,0,0,14000,0,0,0,24000,10000,14000,14000
07352P,台積電國票99售11,0,0,0,0,0,0,0,0,0,14000,0,0,0,15000,1000,14000,14000
08222P,南六凱基9B售05  ,0,0,0,0,0,0,0,0,0,14000,0,0,0,226000,212000,14000,14000
06688P,鴻海中信02售01  ,0,0,0,0,0,0,0,0,0,14000,0,0,0,20000,6000,14000,14000
068113,台光電元富07購01,0,0,0,0,0,0,0,0,0,14000,0,0,0,19000,5000,14000,14000
057711,台積電統一9A購03,0,0,0,0,0,0,0,0,0,14000,0,0,0,14000,0,14000,14000
058553,合勤控永豐99購01,0,0,0,0,0,0,0,0,0,14000,0,0,0,51000,37000,14000,14000
058547,世紀鋼富邦9A購01,0,0,0,0,0,0,0,0,0,14000,0,0,0,14000,0,14000,14000
058490,元黃金群益9B購01,0,0,0,0,0,0,0,0,0,14000,0,0,0,14000,0,14000,14000
058841,深中小群益01購01,0,0,0,0,0,0,0,0,0,14000,0,0,0,33000,19000,14000,14000
053377,台積電元大98購01,0,0,0,0,0,0,0,0,0,14000,0,0,0,29000,15000,14000,14000
02001L,富邦蘋果正二N   ,0,0,0,0,0,0,0,0,0,14000,0,0,0,14000,0,14000,14000
057084,立積統一9B購01  ,0,0,0,0,0,0,0,0,0,14000,0,0,0,14000,0,14000,14000
057085,立積統一9B購02  ,0,0,0,0,0,0,0,0,0,14000,0,0,0,106000,92000,14000,14000
056571,燿華元大98購02  ,0,0,0,0,0,0,0,0,0,14000,0,0,0,14000,0,14000,14000
056579,麗豐元大99購01  ,0,0,0,0,0,0,0,0,0,14000,0,0,0,14000,0,14000,14000
060157,致茂永豐9A購02  ,0,0,0,0,0,0,0,0,0,14000,0,0,0,66000,52000,14000,14000
063741,GIS元大9B購04   ,0,0,0,0,0,0,0,0,0,14000,0,0,0,20000,6000,14000,14000
060317,台灣50群益02購01,0,0,0,0,0,0,0,0,0,14000,0,0,0,18000,4000,14000,14000
063941,國巨元大9C購12  ,0,0,0,0,0,0,0,0,0,14000,0,0,0,15000,1000,14000,14000
062302,聯詠中信05購02  ,0,0,0,0,0,0,0,0,0,14000,0,0,0,16000,2000,14000,14000
063531,台表科凱基9B購04,0,0,0,0,0,0,0,0,0,14000,0,0,0,14000,0,14000,14000
063054,健鼎統一01購01  ,0,0,0,0,0,0,0,0,0,14000,0,0,0,14000,0,14000,14000
062590,亞光統一9B購01  ,0,0,0,0,0,0,0,0,0,14000,0,0,0,14000,0,14000,14000
061499,嘉晶國票9A購03  ,0,0,0,0,0,0,0,0,0,14000,0,0,0,19000,5000,14000,14000
065643,聯發科元大01購06,0,0,0,0,0,0,0,0,0,14000,0,0,0,31000,17000,14000,14000
065859,GIS元大9C購10   ,0,0,0,0,0,0,0,0,0,14000,0,0,0,30000,16000,14000,14000
064251,緯創元富9C購01  ,0,0,0,0,0,0,0,0,0,14000,0,0,0,32000,18000,14000,14000
064397,旭富永豐9C購01  ,0,0,0,0,0,0,0,0,0,14000,0,0,0,15000,1000,14000,14000
064880,神達兆豐9C購01  ,0,0,0,0,0,0,0,0,0,14000,0,0,0,14000,0,14000,14000
065059,神隆群益9C購01  ,0,0,0,0,0,0,0,0,0,14000,0,0,0,14000,0,14000,14000
065560,同欣電麥證9C購02,0,0,0,14000,0,14000,0,0,0,14000,0,0,0,14000,0,14000,14000
6230,超眾            ,129000,94000,35000,0,0,0,0,0,0,-21000,0,25000,-25000,11000,7000,4000,14000
066884,亞光永豐01購01  ,0,0,0,0,0,0,0,0,0,13000,0,0,0,13000,0,13000,13000
067172,台積電兆豐03購02,0,0,0,0,0,0,0,0,0,13000,0,0,0,63000,50000,13000,13000
067210,聯發科元大01購18,0,0,0,0,0,0,0,0,0,13000,0,0,0,295000,282000,13000,13000
067240,聯陽群益01購02  ,0,0,0,0,0,0,0,0,0,13000,0,0,0,40000,27000,13000,13000
08452P,智邦台新9C售05  ,0,0,0,0,0,0,0,0,0,13000,0,0,0,83000,70000,13000,13000
07691P,宏達電元大9A售05,0,0,0,0,0,0,0,0,0,13000,0,0,0,43000,30000,13000,13000
07195P,大立光元大99售12,0,0,0,0,0,0,0,0,0,13000,0,0,0,13000,0,13000,13000
07986P,大成鋼統一9B售02,0,0,0,0,0,0,0,0,0,13000,0,0,0,46000,33000,13000,13000
056962,技嘉永豐98購01  ,0,0,0,0,0,0,0,0,0,13000,0,0,0,13000,0,13000,13000
03009P,玉晶光凱基01售08,0,0,0,0,0,0,0,0,0,13000,0,0,0,69000,56000,13000,13000
059865,國巨凱基01購01  ,0,0,0,0,0,0,0,0,0,13000,0,0,0,220000,207000,13000,13000
059911,國巨元大99購27  ,0,0,0,0,0,0,0,0,0,13000,0,0,0,37000,24000,13000,13000
056455,群創凱基9A購01  ,0,0,0,0,0,0,0,0,0,13000,0,0,0,13000,0,13000,13000
055989,矽力元富9A購01  ,0,0,0,0,0,0,0,0,0,13000,0,0,0,15000,2000,13000,13000
055523,道瓊銀群益9A購01,0,0,0,0,0,0,0,0,0,13000,0,0,0,23000,10000,13000,13000
059424,SGBR2X元大9A購01,0,0,0,0,0,0,0,0,0,13000,0,0,0,13000,0,13000,13000
059675,大立光元富99購08,0,0,0,0,0,0,0,0,0,13000,0,0,0,13000,0,13000,13000
058909,神達元大99購03  ,0,0,0,0,0,0,0,0,0,13000,0,0,0,13000,0,13000,13000
057543,華通凱基99購02  ,0,0,0,0,0,0,0,0,0,13000,0,0,0,49000,36000,13000,13000
060738,矽格統一9C購01  ,0,0,0,0,0,0,0,0,0,13000,0,0,0,23000,10000,13000,13000
062710,盛群元大9B購01  ,0,0,0,0,0,0,0,0,0,13000,0,0,0,50000,37000,13000,13000
062190,瀚宇博元大9B購01,0,0,0,0,0,0,0,0,0,13000,0,0,0,13000,0,13000,13000
062869,帆宣中信9B購01  ,0,0,0,0,0,0,0,0,0,13000,0,0,0,30000,17000,13000,13000
063412,寶成國票9C購01  ,0,0,0,0,0,0,0,0,0,13000,0,0,0,51000,38000,13000,13000
062362,致茂元大9B購01  ,0,0,0,0,0,0,0,0,0,13000,0,0,0,15000,2000,13000,13000
061675,華新科元大9A購23,0,0,0,0,0,0,0,0,0,13000,0,0,0,13000,0,13000,13000
062450,臻鼎元大9B購02  ,0,0,0,0,0,0,0,0,0,13000,0,0,0,13000,0,13000,13000
064186,燿華永豐9C購01  ,0,0,0,0,0,0,0,0,0,13000,0,0,0,24000,11000,13000,13000
060311,盟立永豐9A購01  ,0,0,0,0,0,0,0,0,0,13000,0,0,0,70000,57000,13000,13000
063733,聯發科元大9B購27,0,0,0,0,0,0,0,0,0,13000,0,0,0,14000,1000,13000,13000
061787,華新科群益9C購01,0,0,0,0,0,0,0,0,0,13000,0,0,0,33000,20000,13000,13000
060455,葡萄王元大9A購02,0,0,0,0,0,0,0,0,0,13000,0,0,0,20000,7000,13000,13000
060463,台積電元大9A購10,0,0,0,0,0,0,0,0,0,13000,0,0,0,21000,8000,13000,13000
060471,台勝科元大9B購01,0,0,0,0,0,0,0,0,0,13000,0,0,0,13000,0,13000,13000
060572,景碩永豐9A購01  ,0,0,0,0,0,0,0,0,0,13000,0,0,0,14000,1000,13000,13000
065558,嘉聯益凱基9C購02,0,0,0,0,0,0,0,0,0,13000,0,0,0,13000,0,13000,13000
065319,鴻海凱基9C購03  ,0,0,0,0,0,0,0,0,0,13000,0,0,0,65000,52000,13000,13000
064988,志超元大9C購01  ,0,0,0,0,0,0,0,0,0,13000,0,0,0,43000,30000,13000,13000
065212,瑞儀國票01購01  ,0,0,0,0,0,0,0,0,0,13000,0,0,0,73000,60000,13000,13000
064872,南電永豐9C購02  ,0,0,0,0,0,0,0,0,0,13000,0,0,0,17000,4000,13000,13000
064883,GIS兆豐01購01   ,0,0,0,0,0,0,0,0,0,13000,0,0,0,13000,0,13000,13000
064712,聚陽統一02購03  ,0,0,0,0,0,0,0,0,0,13000,0,0,0,13000,0,13000,13000
065918,可成凱基01購01  ,0,0,0,0,0,0,0,0,0,13000,0,0,0,18000,5000,13000,13000
065842,技嘉元大9C購05  ,0,0,0,0,0,0,0,0,0,13000,0,0,0,30000,17000,13000,13000
066353,台塑化永豐01購01,0,0,0,0,0,0,0,0,0,13000,0,0,0,13000,0,13000,13000
066426,台勝科元大01購02,0,0,0,0,0,0,0,0,0,13000,0,0,0,13000,0,13000,13000
066728,台積電元大01購15,0,0,0,0,0,0,0,0,0,13000,0,0,0,197000,184000,13000,13000
066741,華擎元大01購03  ,0,0,0,0,0,0,0,0,0,13000,0,0,0,63000,50000,13000,13000
3321,同泰            ,13000,0,13000,0,0,0,0,0,0,0,0,0,0,0,0,0,13000
08244P,同欣電凱基9C售03,0,0,0,0,0,0,0,0,0,12000,0,0,0,65000,53000,12000,12000
066914,樺漢凱基02購01  ,0,0,0,0,0,0,0,0,0,12000,0,0,0,42000,30000,12000,12000
057411,臺股指群益99購05,0,0,0,0,0,0,0,0,0,12000,0,0,0,15000,3000,12000,12000
058911,茂林元大99購04  ,0,0,0,0,0,0,0,0,0,12000,0,0,0,20000,8000,12000,12000
059436,大立光元大99購18,0,0,0,0,0,0,0,0,0,12000,0,0,0,12000,0,12000,12000
059503,大立光富邦9B購04,0,0,0,0,0,0,0,0,0,12000,0,0,0,12000,0,12000,12000
059142,道瓊指國票9B購02,0,0,0,0,0,0,0,0,0,12000,0,0,0,24000,12000,12000,12000
058685,TPK凱基99購01   ,0,0,0,0,0,0,0,0,0,12000,0,0,0,12000,0,12000,12000
058832,立積永豐99購01  ,0,0,0,0,0,0,0,0,0,12000,0,0,0,63000,51000,12000,12000
057894,華通元富02購02  ,0,0,0,0,0,0,0,0,0,12000,0,0,0,12000,0,12000,12000
057298,旭富永豐98購01  ,0,0,0,0,0,0,0,0,0,12000,0,0,0,12000,0,12000,12000
053095,台光電統一98購01,0,0,0,0,0,0,0,0,0,12000,0,0,0,12000,0,12000,12000
053522,臺股指群益99購01,0,0,0,0,0,0,0,0,0,12000,0,0,0,12000,0,12000,12000
00753L,中信中國50正2   ,610000,0,610000,0,0,0,0,0,0,-598000,0,0,0,373000,971000,-598000,12000
00711B,FH彭博新興債    ,0,0,0,0,0,0,0,0,0,12000,0,0,0,110000,98000,12000,12000
048070,聯發科元富99購03,0,0,0,0,0,0,0,0,0,12000,0,0,0,12000,0,12000,12000
03456B,臺股指元大03熊03,0,0,0,0,0,0,0,0,0,12000,0,0,0,12000,0,12000,12000
061789,群創群益9B購01  ,0,0,0,0,0,0,0,0,0,12000,0,0,0,12000,0,12000,12000
063827,國巨國票02購01  ,0,0,0,0,0,0,0,0,0,12000,0,0,0,67000,55000,12000,12000
064152,義隆統一02購02  ,0,0,0,0,0,0,0,0,0,12000,0,0,0,12000,0,12000,12000
063905,健策麥證02購01  ,0,0,0,12000,0,12000,0,0,0,12000,0,0,0,12000,0,12000,12000
062436,國巨元大9B購14  ,0,0,0,0,0,0,0,0,0,12000,0,0,0,39000,27000,12000,12000
062388,旭富國泰01購01  ,0,0,0,0,0,0,0,0,0,12000,0,0,0,20000,8000,12000,12000
063586,燿華永豐9B購02  ,0,0,0,0,0,0,0,0,0,12000,0,0,0,12000,0,12000,12000
060918,康友國泰9C購01  ,0,0,0,0,0,0,0,0,0,12000,0,0,0,774000,762000,12000,12000
062231,台光電麥證9C購01,0,0,0,12000,0,12000,0,0,0,12000,0,0,0,12000,0,12000,12000
066744,和碩元大01購02  ,0,0,0,0,0,0,0,0,0,12000,0,0,0,22000,10000,12000,12000
066592,大立光群益01購06,0,0,0,0,0,0,0,0,0,12000,0,0,0,12000,0,12000,12000
066418,京元電元大01購02,0,0,0,0,0,0,0,0,0,12000,0,0,0,39000,27000,12000,12000
066528,南電統一02購01  ,0,0,0,0,0,0,0,0,0,12000,0,0,0,12000,0,12000,12000
066058,TPK元大01購02   ,0,0,0,0,0,0,0,0,0,12000,0,0,0,18000,6000,12000,12000
066050,亞光元大01購01  ,0,0,0,0,0,0,0,0,0,12000,0,0,0,101000,89000,12000,12000
064480,聚陽永豐9C購01  ,0,0,0,0,0,0,0,0,0,12000,0,0,0,68000,56000,12000,12000
064315,創意群益9C購01  ,0,0,0,0,0,0,0,0,0,12000,0,0,0,24000,12000,12000,12000
067040,鴻海凱基02購04  ,0,0,0,0,0,0,0,0,0,11000,0,0,0,21000,10000,11000,11000
067253,精元國票01購01  ,0,0,0,0,0,0,0,0,0,11000,0,0,0,11000,0,11000,11000
067585,大毅群益01購02  ,0,0,0,0,0,0,0,0,0,11000,0,0,0,124000,113000,11000,11000
08346P,大立光元大9C售15,0,0,0,0,0,0,0,0,0,11000,0,0,0,14000,3000,11000,11000
07791P,奇鋐元大9A售02  ,0,0,0,0,0,0,0,0,0,11000,0,0,0,95000,84000,11000,11000
07544P,大立光凱基9A售09,0,0,0,0,0,0,0,0,0,11000,0,0,0,21000,10000,11000,11000
056921,京元電兆豐98購01,0,0,0,0,0,0,0,0,0,11000,0,0,0,11000,0,11000,11000
057082,玉晶光統一9A購04,0,0,0,0,0,0,0,0,0,11000,0,0,0,250000,239000,11000,11000
057042,台積電元大98購10,0,0,0,0,0,0,0,0,0,11000,0,0,0,11000,0,11000,11000
053860,台積電元大98購03,0,0,0,0,0,0,0,0,0,11000,0,0,0,11000,0,11000,11000
051843,聯發科富邦99購01,0,0,0,0,0,0,0,0,0,11000,0,0,0,11000,0,11000,11000
053088,奇鋐元大98購01  ,0,0,0,0,0,0,0,0,0,11000,0,0,0,46000,35000,11000,11000
053559,台積電國泰98購01,0,0,0,0,0,0,0,0,0,11000,0,0,0,14000,3000,11000,11000
054204,元金2X國票9B購02,0,0,0,0,0,0,0,0,0,11000,0,0,0,11000,0,11000,11000
054421,臺股指元大99購03,0,0,0,0,0,0,0,0,0,11000,0,0,0,31000,20000,11000,11000
059912,國巨元大99購28  ,0,0,0,0,0,0,0,0,0,11000,0,0,0,30000,19000,11000,11000
059951,台塑康和99購01  ,0,0,0,0,0,0,0,0,0,11000,0,0,0,88000,77000,11000,11000
054739,義隆凱基98購02  ,0,0,0,0,0,0,0,0,0,11000,0,0,0,11000,0,11000,11000
056164,聯茂凱基98購03  ,0,0,0,0,0,0,0,0,0,11000,0,0,0,11000,0,11000,11000
059474,元石油群益99購01,0,0,0,0,0,0,0,0,0,11000,0,0,0,11000,0,11000,11000
057493,聯詠元大98購02  ,0,0,0,0,0,0,0,0,0,11000,0,0,0,11000,0,11000,11000
061416,聯茂群益9A購01  ,0,0,0,0,0,0,0,0,0,11000,0,0,0,53000,42000,11000,11000
063463,瑞昱元大9B購05  ,0,0,0,0,0,0,0,0,0,11000,0,0,0,20000,9000,11000,11000
063448,聯發科統一9C購11,0,0,0,0,0,0,0,0,0,11000,0,0,0,11000,0,11000,11000
062392,國巨富邦02購01  ,0,0,0,0,0,0,0,0,0,11000,0,0,0,15000,4000,11000,11000
063669,宏達電統一9C購01,0,0,0,0,0,0,0,0,0,11000,0,0,0,11000,0,11000,11000
063249,祥碩元大9B購06  ,0,0,0,0,0,0,0,0,0,11000,0,0,0,11000,0,11000,11000
063274,鈺齊兆豐9B購01  ,0,0,0,0,0,0,0,0,0,11000,0,0,0,11000,0,11000,11000
063268,GIS中信9B購01   ,0,0,0,0,0,0,0,0,0,11000,0,0,0,57000,46000,11000,11000
063867,全新永豐9C購01  ,0,0,0,0,0,0,0,0,0,11000,0,0,0,11000,0,11000,11000
063890,正隆群益9C購01  ,0,0,0,0,0,0,0,0,0,11000,0,0,0,11000,0,11000,11000
064126,聯發科元大9C購05,0,0,0,0,0,0,0,0,0,11000,0,0,0,23000,12000,11000,11000
060315,易華電永豐9A購01,0,0,0,0,0,0,0,0,0,11000,0,0,0,16000,5000,11000,11000
060283,台肥元大9C購01  ,0,0,0,0,0,0,0,0,0,11000,0,0,0,11000,0,11000,11000
060209,喬山康和9A購01  ,0,0,0,0,0,0,0,0,0,11000,0,0,0,22000,11000,11000,11000
061085,聯茂兆豐9A購01  ,0,0,0,0,0,0,0,0,0,11000,0,0,0,430000,419000,11000,11000
060643,牧德永豐9A購03  ,0,0,0,0,0,0,0,0,0,11000,0,0,0,11000,0,11000,11000
060653,全新群益9A購02  ,0,0,0,0,0,0,0,0,0,11000,0,0,0,11000,0,11000,11000
060344,聯發科統一01購01,0,0,0,0,0,0,0,0,0,11000,0,0,0,11000,0,11000,11000
060327,美律群益9A購02  ,0,0,0,0,0,0,0,0,0,11000,0,0,0,11000,0,11000,11000
061236,台積電元大9A購24,0,0,0,0,0,0,0,0,0,11000,0,0,0,22000,11000,11000,11000
064393,友訊永豐9C購01  ,0,0,0,0,0,0,0,0,0,11000,0,0,0,22000,11000,11000,11000
064564,義隆群益9C購02  ,0,0,0,0,0,0,0,0,0,11000,0,0,0,11000,0,11000,11000
064574,達方群益01購01  ,0,0,0,0,0,0,0,0,0,11000,0,0,0,51000,40000,11000,11000
064622,晶技元大01購01  ,0,0,0,0,0,0,0,0,0,11000,0,0,0,11000,0,11000,11000
065117,臺股指國票9C購14,0,0,0,0,0,0,0,0,0,11000,0,0,0,11000,0,11000,11000
065122,電子類富邦9C購01,0,0,0,0,0,0,0,0,0,11000,0,0,0,11000,0,11000,11000
065260,金像電元大9C購07,0,0,0,0,0,0,0,0,0,11000,0,0,0,11000,0,11000,11000
066231,友訊富邦02購01  ,0,0,0,0,0,0,0,0,0,11000,0,0,0,63000,52000,11000,11000
065648,華擎元大01購02  ,0,0,0,0,0,0,0,0,0,11000,0,0,0,11000,0,11000,11000
066583,上証2X群益03購01,0,0,0,0,0,0,0,0,0,11000,0,0,0,11000,0,11000,11000
066603,台達電富邦05購01,0,0,0,0,0,0,0,0,0,11000,0,0,0,38000,27000,11000,11000
066579,臺股指元大01購08,0,0,0,0,0,0,0,0,0,11000,0,0,0,12000,1000,11000,11000
066690,瑞昱台新01購01  ,0,0,0,0,0,0,0,0,0,11000,0,0,0,207000,196000,11000,11000
066794,鴻海凱基01購07  ,0,0,0,0,0,0,0,0,0,11000,0,0,0,20000,9000,11000,11000
3588,通嘉            ,311000,300000,11000,0,0,0,0,0,0,0,0,0,0,0,0,0,11000
6405,悅城            ,17000,6000,11000,0,0,0,0,0,0,0,0,0,0,0,0,0,11000
08972P,義隆永豐01售02  ,0,0,0,0,0,0,0,0,0,11000,0,0,0,31000,20000,11000,11000
07672P,南電元大9A售05  ,0,0,0,0,0,0,0,0,0,10000,0,0,0,10000,0,10000,10000
07427P,台積電國票9B售02,0,0,0,0,0,0,0,0,0,10000,0,0,0,10000,0,10000,10000
07483P,國巨台新9A售01  ,0,0,0,0,0,0,0,0,0,10000,0,0,0,10000,0,10000,10000
07342P,大立光凱基99售14,0,0,0,0,0,0,0,0,0,10000,0,0,0,25000,15000,10000,10000
07050P,宏達電中信9B售01,0,0,0,0,0,0,0,0,0,10000,0,0,0,40000,30000,10000,10000
07074P,FBVIX凱基9A售01 ,0,0,0,0,0,0,0,0,0,10000,0,0,0,10000,0,10000,10000
07065P,臺股指元大9A售26,0,0,0,0,0,0,0,0,0,10000,0,0,0,50000,40000,10000,10000
07068P,欣興台新99售01  ,0,0,0,0,0,0,0,0,0,10000,0,0,0,10000,0,10000,10000
06919P,臺股指日盛98售02,0,0,0,0,0,0,0,0,0,10000,0,0,0,30000,20000,10000,10000
06999P,玉晶光國票9B售01,0,0,0,0,0,0,0,0,0,10000,0,0,0,90000,80000,10000,10000
07035P,大立光元富99售04,0,0,0,0,0,0,0,0,0,10000,0,0,0,10000,0,10000,10000
07815P,美律群益9A售04  ,0,0,0,0,0,0,0,0,0,10000,0,0,0,10000,0,10000,10000
07850P,健策群益9A售06  ,0,0,0,0,0,0,0,0,0,10000,0,0,0,30000,20000,10000,10000
07789P,緯穎群益9A售03  ,0,0,0,0,0,0,0,0,0,10000,0,0,0,10000,0,10000,10000
07785P,鴻海中信04售03  ,0,0,0,0,0,0,0,0,0,10000,0,0,0,10000,0,10000,10000
07932P,國巨元大9B售04  ,0,0,0,0,0,0,0,0,0,10000,0,0,0,10000,0,10000,10000
07943P,瑞昱元大9B售02  ,0,0,0,0,0,0,0,0,0,10000,0,0,0,10000,0,10000,10000
08000P,奇鋐凱基9B售03  ,0,0,0,0,0,0,0,0,0,10000,0,0,0,10000,0,10000,10000
08345P,大立光元大9C售14,0,0,0,0,0,0,0,0,0,10000,0,0,0,10000,0,10000,10000
08459P,聯發科兆豐9C售04,0,0,0,0,0,0,0,0,0,10000,0,0,0,50000,40000,10000,10000
08413P,臻鼎凱基9C售03  ,0,0,0,0,0,0,0,0,0,10000,0,0,0,10000,0,10000,10000
08612P,嘉晶凱基9C售03  ,0,0,0,0,0,0,0,0,0,10000,0,0,0,10000,0,10000,10000
067571,大立光麥證01購04,0,0,0,10000,0,10000,0,0,0,10000,0,0,0,10000,0,10000,10000
067742,大立光元大01購16,0,0,0,0,0,0,0,0,0,10000,0,0,0,30000,20000,10000,10000
068087,臺股指凱基04購04,0,0,0,0,0,0,0,0,0,10000,0,0,0,10000,0,10000,10000
068019,玉晶光國票02購06,0,0,0,0,0,0,0,0,0,10000,0,0,0,20000,10000,10000,10000
068036,緯創元富02購01  ,0,0,0,0,0,0,0,0,0,10000,0,0,0,10000,0,10000,10000
067242,景碩群益01購03  ,0,0,0,0,0,0,0,0,0,10000,0,0,0,10000,0,10000,10000
067228,華新群益01購01  ,0,0,0,0,0,0,0,0,0,10000,0,0,0,10000,0,10000,10000
067353,可成群益02購01  ,0,0,0,0,0,0,0,0,0,10000,0,0,0,16000,6000,10000,10000
067283,南亞科國票02購01,0,0,0,0,0,0,0,0,0,10000,0,0,0,10000,0,10000,10000
067438,緯穎凱基01購03  ,0,0,0,0,0,0,0,0,0,10000,0,0,0,10000,0,10000,10000
067424,美律凱基02購02  ,0,0,0,0,0,0,0,0,0,10000,0,0,0,15000,5000,10000,10000
067059,A50正2元大01購01,0,0,0,0,0,0,0,0,0,10000,0,0,0,20000,10000,10000,10000
067098,台積電群益01購10,0,0,0,0,0,0,0,0,0,10000,0,0,0,10000,0,10000,10000
066912,盛群凱基01購01  ,0,0,0,0,0,0,0,0,0,10000,0,0,0,10000,0,10000,10000
066895,台勝科兆豐01購01,0,0,0,0,0,0,0,0,0,10000,0,0,0,10000,0,10000,10000
066978,國巨群益01購03  ,0,0,0,0,0,0,0,0,0,10000,0,0,0,10000,0,10000,10000
066992,緯穎群益01購02  ,0,0,0,0,0,0,0,0,0,10000,0,0,0,39000,29000,10000,10000
08939P,緯穎元大01售06  ,0,0,0,0,0,0,0,0,0,10000,0,0,0,10000,0,10000,10000
062094,台積電富邦9C購12,0,0,0,0,0,0,0,0,0,10000,0,0,0,10000,0,10000,10000
060730,台積電群益9A購03,0,0,0,0,0,0,0,0,0,10000,0,0,0,16000,6000,10000,10000
063141,聯發科統一9C購10,0,0,0,0,0,0,0,0,0,10000,0,0,0,10000,0,10000,10000
063305,亞光凱基9B購01  ,0,0,0,0,0,0,0,0,0,10000,0,0,0,10000,0,10000,10000
063307,同欣電凱基9B購02,0,0,0,0,0,0,0,0,0,10000,0,0,0,10000,0,10000,10000
057339,群創國票99購02  ,0,0,0,0,0,0,0,0,0,10000,0,0,0,10000,0,10000,10000
057541,台灣50康和9A購04,0,0,0,0,0,0,0,0,0,10000,0,0,0,10000,0,10000,10000
057553,景碩凱基98購03  ,0,0,0,0,0,0,0,0,0,10000,0,0,0,20000,10000,10000,10000
057566,欣興富邦99購01  ,0,0,0,0,0,0,0,0,0,10000,0,0,0,10000,0,10000,10000
057568,友訊永豐99購01  ,0,0,0,0,0,0,0,0,0,10000,0,0,0,10000,0,10000,10000
057675,同欣電元大98購02,0,0,0,0,0,0,0,0,0,10000,0,0,0,10000,0,10000,10000
057689,南亞科凱基99購02,0,0,0,0,0,0,0,0,0,10000,0,0,0,10000,0,10000,10000
057878,台郡元大99購04  ,0,0,0,0,0,0,0,0,0,10000,0,0,0,10000,0,10000,10000
058989,茂林凱基99購02  ,0,0,0,0,0,0,0,0,0,10000,0,0,0,15000,5000,10000,10000
057757,鴻海凱基98購13  ,0,0,0,0,0,0,0,0,0,10000,0,0,0,10000,0,10000,10000
057700,新日興群益9A購01,0,0,0,0,0,0,0,0,0,10000,0,0,0,10000,0,10000,10000
057810,技嘉元大98購06  ,0,0,0,0,0,0,0,0,0,10000,0,0,0,13000,3000,10000,10000
059390,華新科凱基99購05,0,0,0,0,0,0,0,0,0,10000,0,0,0,21000,11000,10000,10000
059350,樺漢凱基9A購01  ,0,0,0,0,0,0,0,0,0,10000,0,0,0,10000,0,10000,10000
059493,國巨國票9B購01  ,0,0,0,0,0,0,0,0,0,10000,0,0,0,10000,0,10000,10000
059131,國巨群益99購07  ,0,0,0,0,0,0,0,0,0,10000,0,0,0,10000,0,10000,10000
059065,南電凱基9A購01  ,0,0,0,0,0,0,0,0,0,10000,0,0,0,10000,0,10000,10000
059224,大立光元大99購15,0,0,0,0,0,0,0,0,0,10000,0,0,0,16000,6000,10000,10000
058703,台積電元大99購16,0,0,0,0,0,0,0,0,0,10000,0,0,0,10000,0,10000,10000
059055,旺宏凱基9B購02  ,0,0,0,0,0,0,0,0,0,10000,0,0,0,10000,0,10000,10000
058592,聯發科統一9C購01,0,0,0,0,0,0,0,0,0,10000,0,0,0,10000,0,10000,10000
058463,宏達電兆豐99購02,0,0,0,0,0,0,0,0,0,10000,0,0,0,10000,0,10000,10000
058385,創意中信99購01  ,0,0,0,0,0,0,0,0,0,10000,0,0,0,10000,0,10000,10000
058349,滬深2X日盛9A購01,0,0,0,0,0,0,0,0,0,10000,0,0,0,10000,0,10000,10000
058259,訊連國泰9B購01  ,0,0,0,0,0,0,0,0,0,10000,0,0,0,123000,113000,10000,10000
055997,矽創國泰99購01  ,0,0,0,0,0,0,0,0,0,10000,0,0,0,10000,0,10000,10000
055933,欣興群益98購02  ,0,0,0,0,0,0,0,0,0,10000,0,0,0,53000,43000,10000,10000
057228,友達凱基9B購01  ,0,0,0,0,0,0,0,0,0,10000,0,0,0,10000,0,10000,10000
057176,全新元大99購02  ,0,0,0,0,0,0,0,0,0,10000,0,0,0,10000,0,10000,10000
056538,國泰金凱基98購01,0,0,0,0,0,0,0,0,0,10000,0,0,0,10000,0,10000,10000
054771,茂林國票98購02  ,0,0,0,0,0,0,0,0,0,10000,0,0,0,10000,0,10000,10000
054961,玉晶光元大99購01,0,0,0,0,0,0,0,0,0,10000,0,0,0,10000,0,10000,10000
054800,訊芯群益99購01  ,0,0,0,0,0,0,0,0,0,10000,0,0,0,10000,0,10000,10000
05511P,T50反1台新06售01,0,0,0,0,0,0,0,0,0,10000,0,0,0,10000,0,10000,10000
055093,京鼎群益98購01  ,0,0,0,0,0,0,0,0,0,10000,0,0,0,10000,0,10000,10000
055507,樺漢元大98購02  ,0,0,0,0,0,0,0,0,0,10000,0,0,0,10000,0,10000,10000
055261,帆宣統一98購01  ,0,0,0,0,0,0,0,0,0,10000,0,0,0,10000,0,10000,10000
055421,玉晶光永豐98購04,0,0,0,0,0,0,0,0,0,10000,0,0,0,10000,0,10000,10000
055426,旺宏群益99購02  ,0,0,0,0,0,0,0,0,0,10000,0,0,0,10000,0,10000,10000
055541,聚陽凱基98購01  ,0,0,0,0,0,0,0,0,0,10000,0,0,0,10000,0,10000,10000
058135,景碩元大99購01  ,0,0,0,0,0,0,0,0,0,10000,0,0,0,10000,0,10000,10000
058136,景碩元大99購02  ,0,0,0,0,0,0,0,0,0,10000,0,0,0,10000,0,10000,10000
059855,緯穎永豐99購04  ,0,0,0,0,0,0,0,0,0,10000,0,0,0,10000,0,10000,10000
058838,國巨中信99購03  ,0,0,0,0,0,0,0,0,0,10000,0,0,0,10000,0,10000,10000
058788,喬山元大99購01  ,0,0,0,0,0,0,0,0,0,10000,0,0,0,10000,0,10000,10000
053585,友達元大9C購03  ,0,0,0,0,0,0,0,0,0,10000,0,0,0,10000,0,10000,10000
053651,台光電凱基98購01,0,0,0,0,0,0,0,0,0,10000,0,0,0,10000,0,10000,10000
053400,緯穎中信9A購01  ,0,0,0,0,0,0,0,0,0,10000,0,0,0,10000,0,10000,10000
052775,滬深2X國票99購02,0,0,0,0,0,0,0,0,0,10000,0,0,0,10000,0,10000,10000
052697,滬深2X國票98購01,0,0,0,0,0,0,0,0,0,10000,0,0,0,10000,0,10000,10000
00682U,元大美元指數    ,0,0,0,0,0,0,0,0,0,10000,0,0,0,26000,16000,10000,10000
020015,統一MSCI美低波N ,0,0,0,0,0,0,0,0,0,10000,0,0,0,10000,0,10000,10000
056735,國巨凱基99購02  ,0,0,0,0,0,0,0,0,0,10000,0,0,0,10000,0,10000,10000
056675,聯發科元富02購01,0,0,0,0,0,0,0,0,0,10000,0,0,0,10000,0,10000,10000
056776,聯茂元大99購01  ,0,0,0,0,0,0,0,0,0,10000,0,0,0,10000,0,10000,10000
057133,京鼎凱基98購02  ,0,0,0,0,0,0,0,0,0,10000,0,0,0,10000,0,10000,10000
056999,元油2X國票98購02,0,0,0,0,0,0,0,0,0,10000,0,0,0,10000,0,10000,10000
048847,A50群益98購01   ,0,0,0,0,0,0,0,0,0,10000,0,0,0,10000,0,10000,10000
056583,昇陽半元大98購02,0,0,0,0,0,0,0,0,0,10000,0,0,0,10000,0,10000,10000
056608,力山永豐98購01  ,0,0,0,0,0,0,0,0,0,10000,0,0,0,10000,0,10000,10000
056557,世紀鋼凱基98購02,0,0,0,0,0,0,0,0,0,10000,0,0,0,10000,0,10000,10000
061244,和碩兆豐9A購01  ,0,0,0,0,0,0,0,0,0,10000,0,0,0,10000,0,10000,10000
061258,華通凱基9A購06  ,0,0,0,0,0,0,0,0,0,10000,0,0,0,10000,0,10000,10000
061197,矽創永豐9A購02  ,0,0,0,0,0,0,0,0,0,10000,0,0,0,10000,0,10000,10000
061182,南六凱基9A購01  ,0,0,0,0,0,0,0,0,0,10000,0,0,0,10000,0,10000,10000
060993,健策元大9B購03  ,0,0,0,0,0,0,0,0,0,10000,0,0,0,11000,1000,10000,10000
061000,旺宏兆豐9A購02  ,0,0,0,0,0,0,0,0,0,10000,0,0,0,260000,250000,10000,10000
060967,鈺齊凱基9A購02  ,0,0,0,0,0,0,0,0,0,10000,0,0,0,20000,10000,10000,10000
060798,旭富永豐9A購01  ,0,0,0,0,0,0,0,0,0,10000,0,0,0,10000,0,10000,10000
060758,台積電元大9A購19,0,0,0,0,0,0,0,0,0,10000,0,0,0,10000,0,10000,10000
061757,T50反1元大9B購01,0,0,0,0,0,0,0,0,0,10000,0,0,0,30000,20000,10000,10000
061612,南六統一9A購01  ,0,0,0,0,0,0,0,0,0,10000,0,0,0,20000,10000,10000,10000
061655,微星國票9A購01  ,0,0,0,0,0,0,0,0,0,10000,0,0,0,10000,0,10000,10000
060128,健策永豐99購06  ,0,0,0,0,0,0,0,0,0,10000,0,0,0,11000,1000,10000,10000
061918,上銀凱基9B購02  ,0,0,0,0,0,0,0,0,0,10000,0,0,0,10000,0,10000,10000
060242,潤泰全元大9C購01,0,0,0,0,0,0,0,0,0,10000,0,0,0,10000,0,10000,10000
063715,鈺齊凱基9C購01  ,0,0,0,0,0,0,0,0,0,10000,0,0,0,10000,0,10000,10000
064153,中壽統一9C購01  ,0,0,0,0,0,0,0,0,0,10000,0,0,0,10000,0,10000,10000
06418P,T50反1統一9A售02,0,0,0,0,0,0,0,0,0,10000,0,0,0,10000,0,10000,10000
064157,健鼎統一01購02  ,0,0,0,0,0,0,0,0,0,10000,0,0,0,190000,180000,10000,10000
063868,嘉晶永豐9C購01  ,0,0,0,0,0,0,0,0,0,10000,0,0,0,10000,0,10000,10000
063273,緯穎兆豐9C購01  ,0,0,0,0,0,0,0,0,0,10000,0,0,0,10000,0,10000,10000
062349,新日興群益9B購02,0,0,0,0,0,0,0,0,0,10000,0,0,0,14000,4000,10000,10000
062322,元金2X統一01購01,0,0,0,0,0,0,0,0,0,10000,0,0,0,10000,0,10000,10000
062427,嘉澤統一01購01  ,0,0,0,0,0,0,0,0,0,10000,0,0,0,28000,18000,10000,10000
062499,鴻海群益01購01  ,0,0,0,0,0,0,0,0,0,10000,0,0,0,10000,0,10000,10000
063425,台勝科凱基9B購02,0,0,0,0,0,0,0,0,0,10000,0,0,0,10000,0,10000,10000
063609,南電凱基9B購05  ,0,0,0,0,0,0,0,0,0,10000,0,0,0,10000,0,10000,10000
063619,聯發科兆豐01購01,0,0,0,0,0,0,0,0,0,10000,0,0,0,10000,0,10000,10000
063341,燿華統一9C購01  ,0,0,0,0,0,0,0,0,0,10000,0,0,0,43000,33000,10000,10000
063367,GIS富邦9B購01   ,0,0,0,0,0,0,0,0,0,10000,0,0,0,11000,1000,10000,10000
062196,聯發科中信01購02,0,0,0,0,0,0,0,0,0,10000,0,0,0,10000,0,10000,10000
061496,華新科國票9A購07,0,0,0,0,0,0,0,0,0,10000,0,0,0,30000,20000,10000,10000
062135,國巨群益9B購05  ,0,0,0,0,0,0,0,0,0,10000,0,0,0,11000,1000,10000,10000
062720,南亞科凱基9B購03,0,0,0,0,0,0,0,0,0,10000,0,0,0,10000,0,10000,10000
062798,台光電統一9B購01,0,0,0,0,0,0,0,0,0,10000,0,0,0,25000,15000,10000,10000
060896,晶技凱基9A購02  ,0,0,0,0,0,0,0,0,0,10000,0,0,0,30000,20000,10000,10000
062673,台新金中信03購01,0,0,0,0,0,0,0,0,0,10000,0,0,0,10000,0,10000,10000
062667,立積群益9B購01  ,0,0,0,0,0,0,0,0,0,10000,0,0,0,10000,0,10000,10000
063129,祥碩元大9C購03  ,0,0,0,0,0,0,0,0,0,10000,0,0,0,10000,0,10000,10000
063118,中鋼元大9C購01  ,0,0,0,0,0,0,0,0,0,10000,0,0,0,10000,0,10000,10000
062848,臺股指富邦9B購02,0,0,0,0,0,0,0,0,0,10000,0,0,0,11000,1000,10000,10000
062987,祥碩中信01購01  ,0,0,0,0,0,0,0,0,0,10000,0,0,0,15000,5000,10000,10000
062935,華通凱基9C購02  ,0,0,0,0,0,0,0,0,0,10000,0,0,0,10000,0,10000,10000
062971,英業達元富9B購01,0,0,0,0,0,0,0,0,0,10000,0,0,0,10000,0,10000,10000
066874,A50正2富邦02購01,0,0,0,0,0,0,0,0,0,10000,0,0,0,47000,37000,10000,10000
066586,道瓊反群益01購02,0,0,0,0,0,0,0,0,0,10000,0,0,0,10000,0,10000,10000
066365,富邦金中信03購01,0,0,0,0,0,0,0,0,0,10000,0,0,0,10000,0,10000,10000
066390,鴻海凱基02購03  ,0,0,0,0,0,0,0,0,0,10000,0,0,0,37000,27000,10000,10000
065634,聯發科國票9C購06,0,0,0,0,0,0,0,0,0,10000,0,0,0,10000,0,10000,10000
065666,旺宏凱基9C購03  ,0,0,0,0,0,0,0,0,0,10000,0,0,0,10000,0,10000,10000
065667,台光電凱基01購01,0,0,0,0,0,0,0,0,0,10000,0,0,0,10000,0,10000,10000
065737,南茂凱基9C購02  ,0,0,0,0,0,0,0,0,0,10000,0,0,0,20000,10000,10000,10000
065743,宏達電麥證9C購02,0,0,0,25000,15000,10000,0,0,0,10000,0,0,0,25000,15000,10000,10000
065757,新日興元大9C購06,0,0,0,0,0,0,0,0,0,10000,0,0,0,11000,1000,10000,10000
065731,群創凱基03購02  ,0,0,0,0,0,0,0,0,0,10000,0,0,0,10000,0,10000,10000
065802,義隆群益9C購05  ,0,0,0,0,0,0,0,0,0,10000,0,0,0,92000,82000,10000,10000
065924,東元國票02購01  ,0,0,0,0,0,0,0,0,0,10000,0,0,0,10000,0,10000,10000
066230,南帝富邦02購01  ,0,0,0,0,0,0,0,0,0,10000,0,0,0,10000,0,10000,10000
066224,眾達國泰03購01  ,0,0,0,0,0,0,0,0,0,10000,0,0,0,30000,20000,10000,10000
066242,惠特富邦03購01  ,0,0,0,0,0,0,0,0,0,10000,0,0,0,10000,0,10000,10000
066163,友訊凱基01購01  ,0,0,0,0,0,0,0,0,0,10000,0,0,0,10000,0,10000,10000
066062,同欣電元大01購02,0,0,0,0,0,0,0,0,0,10000,0,0,0,15000,5000,10000,10000
066093,世紀鋼永豐01購01,0,0,0,0,0,0,0,0,0,10000,0,0,0,10000,0,10000,10000
06610P,台積電凱基9A售03,0,0,0,0,0,0,0,0,0,10000,0,0,0,10000,0,10000,10000
066005,國巨統一03購01  ,0,0,0,0,0,0,0,0,0,10000,0,0,0,10000,0,10000,10000
066001,景碩國票02購01  ,0,0,0,0,0,0,0,0,0,10000,0,0,0,12000,2000,10000,10000
065328,緯穎凱基9C購03  ,0,0,0,0,0,0,0,0,0,10000,0,0,0,10000,0,10000,10000
065401,立積群益9C購01  ,0,0,0,0,0,0,0,0,0,10000,0,0,0,10000,0,10000,10000
065541,GIS統一01購05   ,0,0,0,0,0,0,0,0,0,10000,0,0,0,10000,0,10000,10000
065533,台光電統一02購03,0,0,0,0,0,0,0,0,0,10000,0,0,0,10000,0,10000,10000
065589,景碩永豐9C購02  ,0,0,0,0,0,0,0,0,0,10000,0,0,0,13000,3000,10000,10000
06556P,臺股指元大99售08,0,0,0,0,0,0,0,0,0,10000,0,0,0,10000,0,10000,10000
065475,聯發科元大01購04,0,0,0,0,0,0,0,0,0,10000,0,0,0,15000,5000,10000,10000
065115,臺股指國票9C購12,0,0,0,0,0,0,0,0,0,10000,0,0,0,10000,0,10000,10000
065097,貿聯元大9C購04  ,0,0,0,0,0,0,0,0,0,10000,0,0,0,78000,68000,10000,10000
064452,微星統一01購02  ,0,0,0,0,0,0,0,0,0,10000,0,0,0,10000,0,10000,10000
06448P,華通元大99售01  ,0,0,0,0,0,0,0,0,0,10000,0,0,0,10000,0,10000,10000
064285,貿聯元大9C購02  ,0,0,0,0,0,0,0,0,0,10000,0,0,0,10000,0,10000,10000
064288,瀚宇博元大9C購02,0,0,0,0,0,0,0,0,0,10000,0,0,0,10000,0,10000,10000
1730,花仙子          ,29000,18000,11000,0,0,0,0,0,0,-1000,0,1000,-1000,0,0,0,10000
2636,台驊投控        ,73000,63000,10000,0,0,0,0,0,0,0,0,0,0,0,0,0,10000
07996P,亞德客凱基9B售03,0,0,0,0,0,0,0,0,0,9000,0,0,0,28000,19000,9000,9000
08096P,大立光元富9B售04,0,0,0,0,0,0,0,0,0,9000,0,0,0,23000,14000,9000,9000
06977P,臺股指元大9A售15,0,0,0,0,0,0,0,0,0,9000,0,0,0,10000,1000,9000,9000
056775,康控元大99購01  ,0,0,0,0,0,0,0,0,0,9000,0,0,0,9000,0,9000,9000
056671,台灣50元富9A購01,0,0,0,0,0,0,0,0,0,9000,0,0,0,59000,50000,9000,9000
056720,世紀鋼永豐98購01,0,0,0,0,0,0,0,0,0,9000,0,0,0,10000,1000,9000,9000
01002T,土銀國泰R1      ,10000,1000,9000,0,0,0,0,0,0,0,0,0,0,0,0,0,9000
059847,喬山永豐99購01  ,0,0,0,0,0,0,0,0,0,9000,0,0,0,12000,3000,9000,9000
058074,欣興凱基99購01  ,0,0,0,0,0,0,0,0,0,9000,0,0,0,9000,0,9000,9000
056011,矽力中信99購01  ,0,0,0,0,0,0,0,0,0,9000,0,0,0,9000,0,9000,9000
059204,台灣50元大01購02,0,0,0,0,0,0,0,0,0,9000,0,0,0,9000,0,9000,9000
059125,台積電第一03購02,0,0,0,0,0,0,0,0,0,9000,0,0,0,9000,0,9000,9000
057638,上銀元大99購01  ,0,0,0,0,0,0,0,0,0,9000,0,0,0,49000,40000,9000,9000
063300,華通凱基9B購05  ,0,0,0,0,0,0,0,0,0,9000,0,0,0,10000,1000,9000,9000
060705,台光電富邦9B購01,0,0,0,0,0,0,0,0,0,9000,0,0,0,10000,1000,9000,9000
061396,台灣50台新9C購03,0,0,0,0,0,0,0,0,0,9000,0,0,0,9000,0,9000,9000
062040,玉晶光凱基01購01,0,0,0,0,0,0,0,0,0,9000,0,0,0,85000,76000,9000,9000
062889,可成群益9C購01  ,0,0,0,0,0,0,0,0,0,9000,0,0,0,10000,1000,9000,9000
062708,立積元大9B購01  ,0,0,0,0,0,0,0,0,0,9000,0,0,0,10000,1000,9000,9000
062728,健策凱基9B購04  ,0,0,0,0,0,0,0,0,0,9000,0,0,0,37000,28000,9000,9000
062146,大毅國票9B購01  ,0,0,0,0,0,0,0,0,0,9000,0,0,0,12000,3000,9000,9000
061478,奇鋐元大9A購01  ,0,0,0,0,0,0,0,0,0,9000,0,0,0,10000,1000,9000,9000
062498,華通群益9C購04  ,0,0,0,0,0,0,0,0,0,9000,0,0,0,9000,0,9000,9000
061683,台灣50群益9B購09,0,0,0,0,0,0,0,0,0,9000,0,0,0,39000,30000,9000,9000
063897,神達群益9C購01  ,0,0,0,0,0,0,0,0,0,9000,0,0,0,10000,1000,9000,9000
063943,台光電元大9C購02,0,0,0,0,0,0,0,0,0,9000,0,0,0,12000,3000,9000,9000
063972,緯創國票9C購01  ,0,0,0,0,0,0,0,0,0,9000,0,0,0,9000,0,9000,9000
064187,亞光永豐9C購01  ,0,0,0,0,0,0,0,0,0,9000,0,0,0,21000,12000,9000,9000
064078,台積電中信06購04,0,0,0,0,0,0,0,0,0,9000,0,0,0,31000,22000,9000,9000
060281,卜蜂元大9C購01  ,0,0,0,0,0,0,0,0,0,9000,0,0,0,9000,0,9000,9000
060169,群電永豐9A購01  ,0,0,0,0,0,0,0,0,0,9000,0,0,0,20000,11000,9000,9000
061261,台積電凱基9B購03,0,0,0,0,0,0,0,0,0,9000,0,0,0,109000,100000,9000,9000
064344,緯創元大9C購01  ,0,0,0,0,0,0,0,0,0,9000,0,0,0,14000,5000,9000,9000
064408,TPK凱基02購01   ,0,0,0,0,0,0,0,0,0,9000,0,0,0,12000,3000,9000,9000
065192,臺股指統一9C購03,0,0,0,0,0,0,0,0,0,9000,0,0,0,10000,1000,9000,9000
06498P,臺股指元大9A售03,0,0,0,0,0,0,0,0,0,9000,0,0,0,30000,21000,9000,9000
065464,健鼎中信9C購01  ,0,0,0,0,0,0,0,0,0,9000,0,0,0,9000,0,9000,9000
065287,華新科群益01購03,0,0,0,0,0,0,0,0,0,9000,0,0,0,53000,44000,9000,9000
066100,鎧勝中信05購01  ,0,0,0,0,0,0,0,0,0,9000,0,0,0,9000,0,9000,9000
066131,群光群益02購01  ,0,0,0,0,0,0,0,0,0,9000,0,0,0,18000,9000,9000,9000
066217,美利達統一03購01,0,0,0,0,0,0,0,0,0,9000,0,0,0,9000,0,9000,9000
066567,臻鼎元大01購01  ,0,0,0,0,0,0,0,0,0,9000,0,0,0,68000,59000,9000,9000
066552,大立光元大01購08,0,0,0,0,0,0,0,0,0,9000,0,0,0,10000,1000,9000,9000
066622,南帝凱基01購01  ,0,0,0,0,0,0,0,0,0,9000,0,0,0,89000,80000,9000,9000
066670,貿聯凱基01購01  ,0,0,0,0,0,0,0,0,0,9000,0,0,0,16000,7000,9000,9000
2891B,中信金乙特      ,0,0,0,0,0,0,0,0,0,9000,9000,0,9000,0,0,0,9000
2425,承啟            ,129000,120000,9000,0,0,0,0,0,0,0,0,0,0,0,0,0,9000
6582,申豐            ,144000,122000,22000,0,0,0,0,0,0,-13000,0,0,0,1000,14000,-13000,9000
07660P,聯茂凱基9A售03  ,0,0,0,0,0,0,0,0,0,8000,0,0,0,18000,10000,8000,8000
08125P,聯茂群益9B售02  ,0,0,0,0,0,0,0,0,0,8000,0,0,0,8000,0,8000,8000
08091P,A50正2元富9B售02,0,0,0,0,0,0,0,0,0,8000,0,0,0,10000,2000,8000,8000
07798P,同欣電國票9A售01,0,0,0,0,0,0,0,0,0,8000,0,0,0,8000,0,8000,8000
08664P,金像電凱基01售02,0,0,0,0,0,0,0,0,0,8000,0,0,0,30000,22000,8000,8000
08778P,台積電群益01售09,0,0,0,0,0,0,0,0,0,8000,0,0,0,101000,93000,8000,8000
067402,茂林永豐01購01  ,0,0,0,0,0,0,0,0,0,8000,0,0,0,10000,2000,8000,8000
067486,新日興元大01購03,0,0,0,0,0,0,0,0,0,8000,0,0,0,18000,10000,8000,8000
067306,奇鋐元大01購02  ,0,0,0,0,0,0,0,0,0,8000,0,0,0,274000,266000,8000,8000
067232,友訊群益01購05  ,0,0,0,0,0,0,0,0,0,8000,0,0,0,10000,2000,8000,8000
067261,樺漢國票02購01  ,0,0,0,0,0,0,0,0,0,8000,0,0,0,59000,51000,8000,8000
067910,玉晶光國泰03購03,0,0,0,0,0,0,0,0,0,8000,0,0,0,28000,20000,8000,8000
067900,玉晶光群益02購14,0,0,0,0,0,0,0,0,0,8000,0,0,0,9000,1000,8000,8000
067898,玉晶光群益02購12,0,0,0,0,0,0,0,0,0,8000,0,0,0,12000,4000,8000,8000
067765,百和永豐01購01  ,0,0,0,0,0,0,0,0,0,8000,0,0,0,8000,0,8000,8000
060721,瑞儀永豐9A購01  ,0,0,0,0,0,0,0,0,0,8000,0,0,0,35000,27000,8000,8000
057335,技嘉國票99購01  ,0,0,0,0,0,0,0,0,0,8000,0,0,0,8000,0,8000,8000
059145,創意國票99購02  ,0,0,0,0,0,0,0,0,0,8000,0,0,0,14000,6000,8000,8000
059153,臺股指國票99購16,0,0,0,0,0,0,0,0,0,8000,0,0,0,8000,0,8000,8000
059597,大立光元大99購21,0,0,0,0,0,0,0,0,0,8000,0,0,0,10000,2000,8000,8000
059985,華新科元大99購22,0,0,0,0,0,0,0,0,0,8000,0,0,0,17000,9000,8000,8000
058472,亞德客凱基9A購01,0,0,0,0,0,0,0,0,0,8000,0,0,0,35000,27000,8000,8000
058504,台積電元大99購07,0,0,0,0,0,0,0,0,0,8000,0,0,0,11000,3000,8000,8000
058742,鴻海康和99購01  ,0,0,0,0,0,0,0,0,0,8000,0,0,0,8000,0,8000,8000
056219,T50反1日盛02購01,0,0,0,0,0,0,0,0,0,8000,0,0,0,40000,32000,8000,8000
055264,國巨永豐98購01  ,0,0,0,0,0,0,0,0,0,8000,0,0,0,8000,0,8000,8000
058835,元油2X中信9C購02,0,0,0,0,0,0,0,0,0,8000,0,0,0,18000,10000,8000,8000
057942,可成國票99購02  ,0,0,0,0,0,0,0,0,0,8000,0,0,0,8000,0,8000,8000
057294,台灣50永豐99購01,0,0,0,0,0,0,0,0,0,8000,0,0,0,8000,0,8000,8000
00685L,群益臺灣加權正2 ,0,0,0,0,0,0,0,0,0,8000,0,0,0,52000,44000,8000,8000
052890,FB上証群益9B購01,0,0,0,0,0,0,0,0,0,8000,0,0,0,50000,42000,8000,8000
05348P,美律元富98售01  ,0,0,0,0,0,0,0,0,0,8000,0,0,0,8000,0,8000,8000
03012X,元展12          ,0,0,0,0,0,0,0,0,0,8000,0,0,0,8000,0,8000,8000
056768,宏達電元大99購03,0,0,0,0,0,0,0,0,0,8000,0,0,0,8000,0,8000,8000
057028,台郡凱基99購02  ,0,0,0,0,0,0,0,0,0,8000,0,0,0,18000,10000,8000,8000
061042,致新永豐9A購02  ,0,0,0,0,0,0,0,0,0,8000,0,0,0,19000,11000,8000,8000
060060,台積電兆豐99購05,0,0,0,0,0,0,0,0,0,8000,0,0,0,8000,0,8000,8000
060557,南電凱基9A購02  ,0,0,0,0,0,0,0,0,0,8000,0,0,0,8000,0,8000,8000
060295,貿聯元大9A購03  ,0,0,0,0,0,0,0,0,0,8000,0,0,0,8000,0,8000,8000
063721,道瓊銀元大9B購03,0,0,0,0,0,0,0,0,0,8000,0,0,0,31000,23000,8000,8000
06242P,大立光元富9A售02,0,0,0,0,0,0,0,0,0,8000,0,0,0,8000,0,8000,8000
062188,貿聯元大9B購02  ,0,0,0,0,0,0,0,0,0,8000,0,0,0,8000,0,8000,8000
062894,道瓊銀元大9B購02,0,0,0,0,0,0,0,0,0,8000,0,0,0,10000,2000,8000,8000
062877,可成兆豐9C購01  ,0,0,0,0,0,0,0,0,0,8000,0,0,0,8000,0,8000,8000
066482,華碩元富01購02  ,0,0,0,0,0,0,0,0,0,8000,0,0,0,106000,98000,8000,8000
066080,台光電國泰03購01,0,0,0,0,0,0,0,0,0,8000,0,0,0,8000,0,8000,8000
065729,聯詠凱基9C購04  ,0,0,0,0,0,0,0,0,0,8000,0,0,0,147000,139000,8000,8000
065753,正崴元大9C購02  ,0,0,0,0,0,0,0,0,0,8000,0,0,0,10000,2000,8000,8000
065053,南電凱基02購01  ,0,0,0,0,0,0,0,0,0,8000,0,0,0,12000,4000,8000,8000
065255,上銀元大01購01  ,0,0,0,0,0,0,0,0,0,8000,0,0,0,108000,100000,8000,8000
064475,台積電國泰02購03,0,0,0,0,0,0,0,0,0,8000,0,0,0,8000,0,8000,8000
06463P,大立光富邦9A售01,0,0,0,0,0,0,0,0,0,8000,0,0,0,8000,0,8000,8000
064824,台積電統一02購03,0,0,0,0,0,0,0,0,0,8000,0,0,0,8000,0,8000,8000
064799,裕隆元大9C購02  ,0,0,0,0,0,0,0,0,0,8000,0,0,0,8000,0,8000,8000
6666,羅麗芬-KY       ,13000,5000,8000,0,0,0,0,0,0,0,0,0,0,0,0,0,8000
6139,亞翔            ,648000,640000,8000,0,0,0,0,0,0,0,0,0,0,0,0,0,8000
3679,新至陞          ,26000,17000,9000,0,0,0,0,0,0,-1000,0,1000,-1000,0,0,0,8000
2438,翔耀            ,13000,5000,8000,0,0,0,0,0,0,0,0,0,0,0,0,0,8000
2387,精元            ,1047000,755000,292000,0,0,0,0,0,0,-284000,0,492000,-492000,267000,59000,208000,8000
2881B,富邦金乙特      ,0,0,0,0,0,0,0,0,0,8000,8000,0,8000,0,0,0,8000
3004,豐達科          ,46000,38000,8000,0,0,0,0,0,0,0,0,0,0,0,0,0,8000
067482,高鐵元大01購01  ,0,0,0,0,0,0,0,0,0,7000,0,0,0,68000,61000,7000,7000
066917,美利達凱基01購02,0,0,0,0,0,0,0,0,0,7000,0,0,0,69000,62000,7000,7000
08905P,金像電群益01售06,0,0,0,0,0,0,0,0,0,7000,0,0,0,10000,3000,7000,7000
08687P,南六永豐01售02  ,0,0,0,0,0,0,0,0,0,7000,0,0,0,54000,47000,7000,7000
08085P,華通凱基9B售04  ,0,0,0,0,0,0,0,0,0,7000,0,0,0,17000,10000,7000,7000
06928P,鴻海元大99售10  ,0,0,0,0,0,0,0,0,0,7000,0,0,0,7000,0,7000,7000
056742,玉晶光凱基9A購01,0,0,0,0,0,0,0,0,0,7000,0,0,0,45000,38000,7000,7000
042793,台積電台新9C購01,0,0,0,0,0,0,0,0,0,7000,0,0,0,7000,0,7000,7000
0054,元大台商50      ,0,0,0,0,0,0,0,0,0,7000,0,0,0,8000,1000,7000,7000
057945,京鼎國票99購03  ,0,0,0,0,0,0,0,0,0,7000,0,0,0,7000,0,7000,7000
057954,宏碁元大99購01  ,0,0,0,0,0,0,0,0,0,7000,0,0,0,7000,0,7000,7000
058806,道瓊銀統一9B購01,0,0,0,0,0,0,0,0,0,7000,0,0,0,10000,3000,7000,7000
058746,華通凱基9A購02  ,0,0,0,0,0,0,0,0,0,7000,0,0,0,10000,3000,7000,7000
058480,新日興凱基9A購01,0,0,0,0,0,0,0,0,0,7000,0,0,0,16000,9000,7000,7000
059118,晶技永豐9A購01  ,0,0,0,0,0,0,0,0,0,7000,0,0,0,10000,3000,7000,7000
057546,台積電凱基02購01,0,0,0,0,0,0,0,0,0,7000,0,0,0,21000,14000,7000,7000
057876,隆達元大98購01  ,0,0,0,0,0,0,0,0,0,7000,0,0,0,9000,2000,7000,7000
058931,玉晶光統一9C購01,0,0,0,0,0,0,0,0,0,7000,0,0,0,39000,32000,7000,7000
062097,台光電永豐9B購01,0,0,0,0,0,0,0,0,0,7000,0,0,0,7000,0,7000,7000
063320,旭富群益9B購03  ,0,0,0,0,0,0,0,0,0,7000,0,0,0,64000,57000,7000,7000
062840,臺股指群益9B購07,0,0,0,0,0,0,0,0,0,7000,0,0,0,7000,0,7000,7000
062995,聚陽國票9C購01  ,0,0,0,0,0,0,0,0,0,7000,0,0,0,7000,0,7000,7000
063049,上海銀兆豐9B購01,0,0,0,0,0,0,0,0,0,7000,0,0,0,7000,0,7000,7000
063014,技嘉元大9B購03  ,0,0,0,0,0,0,0,0,0,7000,0,0,0,10000,3000,7000,7000
062184,奇鋐元大9B購02  ,0,0,0,0,0,0,0,0,0,7000,0,0,0,8000,1000,7000,7000
062456,台積電群益9B購05,0,0,0,0,0,0,0,0,0,7000,0,0,0,7000,0,7000,7000
061681,南電元大9A購08  ,0,0,0,0,0,0,0,0,0,7000,0,0,0,7000,0,7000,7000
062328,南亞科統一9C購01,0,0,0,0,0,0,0,0,0,7000,0,0,0,7000,0,7000,7000
062393,智邦富邦9B購01  ,0,0,0,0,0,0,0,0,0,7000,0,0,0,10000,3000,7000,7000
063634,台光電元大9B購09,0,0,0,0,0,0,0,0,0,7000,0,0,0,83000,76000,7000,7000
063637,聯發科元大9C購02,0,0,0,0,0,0,0,0,0,7000,0,0,0,7000,0,7000,7000
063629,台積電元大9B購08,0,0,0,0,0,0,0,0,0,7000,0,0,0,10000,3000,7000,7000
063467,大立光元大9C購06,0,0,0,0,0,0,0,0,0,7000,0,0,0,35000,28000,7000,7000
063824,S&P反1國票9C購01,0,0,0,0,0,0,0,0,0,7000,0,0,0,10000,3000,7000,7000
063797,台積電凱基02購02,0,0,0,0,0,0,0,0,0,7000,0,0,0,7000,0,7000,7000
060360,南亞科元富9A購02,0,0,0,0,0,0,0,0,0,7000,0,0,0,107000,100000,7000,7000
060370,滬深2X元富04購01,0,0,0,0,0,0,0,0,0,7000,0,0,0,7000,0,7000,7000
060777,茂林凱基9C購01  ,0,0,0,0,0,0,0,0,0,7000,0,0,0,7000,0,7000,7000
061840,長榮航凱基9C購01,0,0,0,0,0,0,0,0,0,7000,0,0,0,7000,0,7000,7000
064600,技嘉元富9C購01  ,0,0,0,0,0,0,0,0,0,7000,0,0,0,112000,105000,7000,7000
064649,同欣電凱基01購01,0,0,0,0,0,0,0,0,0,7000,0,0,0,50000,43000,7000,7000
064487,和大元大9C購01  ,0,0,0,0,0,0,0,0,0,7000,0,0,0,10000,3000,7000,7000
064540,神達麥證01購01  ,0,0,0,43000,36000,7000,0,0,0,7000,0,0,0,43000,36000,7000,7000
064505,康控元大9C購01  ,0,0,0,0,0,0,0,0,0,7000,0,0,0,7000,0,7000,7000
064992,玉晶光兆豐01購01,0,0,0,0,0,0,0,0,0,7000,0,0,0,82000,75000,7000,7000
064905,嘉聯益群益9C購01,0,0,0,0,0,0,0,0,0,7000,0,0,0,11000,4000,7000,7000
064958,GIS凱基02購03   ,0,0,0,0,0,0,0,0,0,7000,0,0,0,73000,66000,7000,7000
064956,麗豐凱基9C購01  ,0,0,0,0,0,0,0,0,0,7000,0,0,0,10000,3000,7000,7000
065311,TPK國票01購03   ,0,0,0,0,0,0,0,0,0,7000,0,0,0,7000,0,7000,7000
065456,義隆元富9C購03  ,0,0,0,0,0,0,0,0,0,7000,0,0,0,119000,112000,7000,7000
066380,瑞昱康和01購02  ,0,0,0,0,0,0,0,0,0,7000,0,0,0,97000,90000,7000,7000
066263,華碩元大02購01  ,0,0,0,0,0,0,0,0,0,7000,0,0,0,46000,39000,7000,7000
1340,勝悅-KY         ,32000,25000,7000,0,0,0,0,0,0,0,0,0,0,0,0,0,7000
07665P,台灣50元大9C售31,0,0,0,0,0,0,0,0,0,6000,0,0,0,6000,0,6000,6000
07340P,鴻海凱基99售15  ,0,0,0,0,0,0,0,0,0,6000,0,0,0,6000,0,6000,6000
07766P,美律群益9A售03  ,0,0,0,0,0,0,0,0,0,6000,0,0,0,6000,0,6000,6000
08694P,大立光群益01售05,0,0,0,0,0,0,0,0,0,6000,0,0,0,6000,0,6000,6000
08660P,台灣50麥證9C售02,0,0,0,6000,0,6000,0,0,0,6000,0,0,0,6000,0,6000,6000
08661P,台灣50麥證9C售03,0,0,0,6000,0,6000,0,0,0,6000,0,0,0,6000,0,6000,6000
08626P,臺股指群益9C售21,0,0,0,0,0,0,0,0,0,6000,0,0,0,6000,0,6000,6000
066967,台積電元富07購03,0,0,0,0,0,0,0,0,0,6000,0,0,0,17000,11000,6000,6000
067462,台灣50元大01購27,0,0,0,0,0,0,0,0,0,6000,0,0,0,11000,5000,6000,6000
067207,微星元大01購04  ,0,0,0,0,0,0,0,0,0,6000,0,0,0,99000,93000,6000,6000
067858,上証2X元大01購06,0,0,0,0,0,0,0,0,0,6000,0,0,0,17000,11000,6000,6000
067793,鈺齊群益01購02  ,0,0,0,0,0,0,0,0,0,6000,0,0,0,6000,0,6000,6000
061435,元金2X凱基9C購03,0,0,0,0,0,0,0,0,0,6000,0,0,0,6000,0,6000,6000
057677,臺股指元大98購07,0,0,0,0,0,0,0,0,0,6000,190000,0,190000,456000,640000,-184000,6000
059761,國巨永豐99購06  ,0,0,0,0,0,0,0,0,0,6000,0,0,0,6000,0,6000,6000
059516,TPK永豐99購01   ,0,0,0,0,0,0,0,0,0,6000,0,0,0,10000,4000,6000,6000
058741,欣興日盛99購01  ,0,0,0,0,0,0,0,0,0,6000,0,0,0,6000,0,6000,6000
059021,台積電統一9B購07,0,0,0,0,0,0,0,0,0,6000,0,0,0,6000,0,6000,6000
057926,帆宣凱基98購02  ,0,0,0,0,0,0,0,0,0,6000,0,0,0,48000,42000,6000,6000
058127,FBVIX元大9C購01 ,0,0,0,0,0,0,0,0,0,6000,0,0,0,6000,0,6000,6000
056290,正文永豐98購01  ,0,0,0,0,0,0,0,0,0,6000,0,0,0,10000,4000,6000,6000
056144,GIS元大98購01   ,0,0,0,0,0,0,0,0,0,6000,0,0,0,36000,30000,6000,6000
00684R,元大美元指數反1 ,0,0,0,0,0,0,0,0,0,6000,0,0,0,46000,40000,6000,6000
00680L,元大美債20正2   ,0,0,0,0,0,0,0,0,0,6000,0,0,0,22000,16000,6000,6000
00666R,富邦恒生國企反1 ,0,0,0,0,0,0,0,0,0,6000,0,0,0,88000,82000,6000,6000
056569,T50正2元大9B購02,0,0,0,0,0,0,0,0,0,6000,0,0,0,6000,0,6000,6000
056944,鴻海統一98購11  ,0,0,0,0,0,0,0,0,0,6000,0,0,0,10000,4000,6000,6000
061642,創意元大9A購04  ,0,0,0,0,0,0,0,0,0,6000,0,0,0,16000,10000,6000,6000
060035,臺股指永豐99購04,0,0,0,0,0,0,0,0,0,6000,0,0,0,6000,0,6000,6000
063843,台積電元大9C購03,0,0,0,0,0,0,0,0,0,6000,0,0,0,6000,0,6000,6000
060191,亞光元富9A購02  ,0,0,0,0,0,0,0,0,0,6000,0,0,0,6000,0,6000,6000
060202,康友元富9A購01  ,0,0,0,0,0,0,0,0,0,6000,0,0,0,6000,0,6000,6000
061935,台積電國票9B購07,0,0,0,0,0,0,0,0,0,6000,0,0,0,7000,1000,6000,6000
064086,旺宏凱基9C購01  ,0,0,0,0,0,0,0,0,0,6000,0,0,0,44000,38000,6000,6000
064196,健策群益01購01  ,0,0,0,0,0,0,0,0,0,6000,0,0,0,48000,42000,6000,6000
063402,GIS群益9B購02   ,0,0,0,0,0,0,0,0,0,6000,0,0,0,16000,10000,6000,6000
063343,美律統一9C購01  ,0,0,0,0,0,0,0,0,0,6000,0,0,0,28000,22000,6000,6000
062514,玉晶光國票9C購02,0,0,0,0,0,0,0,0,0,6000,0,0,0,6000,0,6000,6000
062716,鴻海凱基9B購06  ,0,0,0,0,0,0,0,0,0,6000,0,0,0,8000,2000,6000,6000
062585,鴻海統一9C購14  ,0,0,0,0,0,0,0,0,0,6000,0,0,0,7000,1000,6000,6000
062937,旺宏凱基9B購08  ,0,0,0,0,0,0,0,0,0,6000,0,0,0,16000,10000,6000,6000
062835,瑞儀群益9B購01  ,0,0,0,0,0,0,0,0,0,6000,0,0,0,7000,1000,6000,6000
062910,亞光元大9B購01  ,0,0,0,0,0,0,0,0,0,6000,0,0,0,6000,0,6000,6000
063090,道瓊反中信9C購02,0,0,0,0,0,0,0,0,0,6000,0,0,0,6000,0,6000,6000
066338,德律永豐01購01  ,0,0,0,0,0,0,0,0,0,6000,0,0,0,27000,21000,6000,6000
066717,上証2X元大01購01,0,0,0,0,0,0,0,0,0,6000,0,0,0,6000,0,6000,6000
066826,聯發科群益02購03,0,0,0,0,0,0,0,0,0,6000,0,0,0,6000,0,6000,6000
065701,聯發科群益9C購13,0,0,0,0,0,0,0,0,0,6000,0,0,0,6000,0,6000,6000
065636,台表科國票01購03,0,0,0,0,0,0,0,0,0,6000,0,0,0,6000,0,6000,6000
065841,國巨元大9C購20  ,0,0,0,0,0,0,0,0,0,6000,0,0,0,6000,0,6000,6000
065581,寶成群益9C購01  ,0,0,0,0,0,0,0,0,0,6000,0,0,0,10000,4000,6000,6000
065550,聯發科凱基01購07,0,0,0,0,0,0,0,0,0,6000,0,0,0,10000,4000,6000,6000
065238,聯茂凱基02購01  ,0,0,0,0,0,0,0,0,0,6000,0,0,0,6000,0,6000,6000
064376,美律元富9C購01  ,0,0,0,0,0,0,0,0,0,6000,0,0,0,100000,94000,6000,6000
064695,京鼎群益02購02  ,0,0,0,0,0,0,0,0,0,6000,0,0,0,125000,119000,6000,6000
064588,玉晶光永豐9C購05,0,0,0,0,0,0,0,0,0,6000,0,0,0,8000,2000,6000,6000
2348,海悅            ,67000,63000,4000,0,0,0,0,0,0,2000,2000,0,2000,0,0,0,6000
6409,旭隼            ,154000,148000,6000,0,0,0,0,0,0,0,0,0,0,0,0,0,6000
4930,燦星網          ,12000,6000,6000,0,0,0,0,0,0,0,0,0,0,0,0,0,6000
067604,晶技凱基01購02  ,0,0,0,0,0,0,0,0,0,5000,0,0,0,5000,0,5000,5000
067952,台光電永豐01購01,0,0,0,0,0,0,0,0,0,5000,0,0,0,5000,0,5000,5000
067450,聯發科國票02購01,0,0,0,0,0,0,0,0,0,5000,0,0,0,227000,222000,5000,5000
08847P,滬深2X群益03售06,0,0,0,0,0,0,0,0,0,5000,0,0,0,15000,10000,5000,5000
08882P,上証2X國票02售02,0,0,0,0,0,0,0,0,0,5000,0,0,0,5000,0,5000,5000
08789P,A50正2元富01售04,0,0,0,0,0,0,0,0,0,5000,0,0,0,8000,3000,5000,5000
08818P,台灣50凱基01售18,0,0,0,0,0,0,0,0,0,5000,0,0,0,15000,10000,5000,5000
08431P,景碩凱基9C售02  ,0,0,0,0,0,0,0,0,0,5000,0,0,0,7000,2000,5000,5000
08569P,玉晶光永豐9C售09,0,0,0,0,0,0,0,0,0,5000,0,0,0,5000,0,5000,5000
08328P,國巨國票9C售07  ,0,0,0,0,0,0,0,0,0,5000,0,0,0,5000,0,5000,5000
07774P,台灣50群益9A售16,0,0,0,0,0,0,0,0,0,5000,0,0,0,45000,40000,5000,5000
08009P,華擎統一9B售02  ,0,0,0,0,0,0,0,0,0,5000,0,0,0,5000,0,5000,5000
08045P,健策國票9B售01  ,0,0,0,0,0,0,0,0,0,5000,0,0,0,5000,0,5000,5000
07256P,臺股指凱基99售36,0,0,0,0,0,0,0,0,0,5000,0,0,0,5000,0,5000,5000
06854P,鴻海富邦99售05  ,0,0,0,0,0,0,0,0,0,5000,0,0,0,5000,0,5000,5000
07033P,大立光統一9B售03,0,0,0,0,0,0,0,0,0,5000,0,0,0,5000,0,5000,5000
056723,國巨中信9A購01  ,0,0,0,0,0,0,0,0,0,5000,0,0,0,5000,0,5000,5000
053789,彩晶元大9C購02  ,0,0,0,0,0,0,0,0,0,5000,0,0,0,5000,0,5000,5000
056777,矽力元大98購02  ,0,0,0,0,0,0,0,0,0,5000,0,0,0,5000,0,5000,5000
056828,國巨富邦9A購03  ,0,0,0,0,0,0,0,0,0,5000,0,0,0,20000,15000,5000,5000
056860,正崴群益98購01  ,0,0,0,0,0,0,0,0,0,5000,0,0,0,5000,0,5000,5000
049200,元黃金群益98購01,0,0,0,0,0,0,0,0,0,5000,0,0,0,5000,0,5000,5000
050142,聯發科元富9A購01,0,0,0,0,0,0,0,0,0,5000,0,0,0,5000,0,5000,5000
03007P,玉晶光永豐01售01,0,0,0,0,0,0,0,0,0,5000,0,0,0,5000,0,5000,5000
03047X,元展44          ,0,0,0,0,0,0,0,0,0,5000,0,0,0,5000,0,5000,5000
053388,群創元大9C購02  ,0,0,0,0,0,0,0,0,0,5000,0,0,0,5000,0,5000,5000
053293,聯發科中信9B購01,0,0,0,0,0,0,0,0,0,5000,0,0,0,5000,0,5000,5000
056222,台積電凱基9A購01,0,0,0,0,0,0,0,0,0,5000,0,0,0,5000,0,5000,5000
057198,智伸科統一9B購01,0,0,0,0,0,0,0,0,0,5000,0,0,0,5000,0,5000,5000
057199,台達電元富02購01,0,0,0,0,0,0,0,0,0,5000,0,0,0,5000,0,5000,5000
055235,金寶台新98購01  ,0,0,0,0,0,0,0,0,0,5000,0,0,0,5000,0,5000,5000
055522,道瓊反群益01購01,0,0,0,0,0,0,0,0,0,5000,0,0,0,5000,0,5000,5000
055759,技嘉群益98購02  ,0,0,0,0,0,0,0,0,0,5000,0,0,0,5000,0,5000,5000
055224,鴻海國票99購02  ,0,0,0,0,0,0,0,0,0,5000,0,0,0,5000,0,5000,5000
058129,國巨元大99購10  ,0,0,0,0,0,0,0,0,0,5000,0,0,0,5000,0,5000,5000
058829,華新科永豐99購04,0,0,0,0,0,0,0,0,0,5000,0,0,0,43000,38000,5000,5000
058874,聯鈞國票9A購01  ,0,0,0,0,0,0,0,0,0,5000,0,0,0,5000,0,5000,5000
059864,亞德客凱基99購01,0,0,0,0,0,0,0,0,0,5000,0,0,0,5000,0,5000,5000
057907,台達電亞東99購01,0,0,0,0,0,0,0,0,0,5000,0,0,0,15000,10000,5000,5000
058812,台積電統一9B購06,0,0,0,0,0,0,0,0,0,5000,0,0,0,6000,1000,5000,5000
054385,矽創群益98購01  ,0,0,0,0,0,0,0,0,0,5000,0,0,0,5000,0,5000,5000
058686,祥碩凱基99購03  ,0,0,0,0,0,0,0,0,0,5000,0,0,0,5000,0,5000,5000
058603,台積電元大99購12,0,0,0,0,0,0,0,0,0,5000,0,0,0,5000,0,5000,5000
058590,南電中信9A購02  ,0,0,0,0,0,0,0,0,0,5000,0,0,0,5000,0,5000,5000
058506,台積電元大99購09,0,0,0,0,0,0,0,0,0,5000,0,0,0,5000,0,5000,5000
059537,大立光凱基99購09,0,0,0,0,0,0,0,0,0,5000,0,0,0,5000,0,5000,5000
059733,緯穎元大99購08  ,0,0,0,0,0,0,0,0,0,5000,0,0,0,5000,0,5000,5000
059723,美律元大9A購02  ,0,0,0,0,0,0,0,0,0,5000,0,0,0,5000,0,5000,5000
059638,大立光凱基99購11,0,0,0,0,0,0,0,0,0,5000,0,0,0,5000,0,5000,5000
058227,台灣50元大9C購01,0,0,0,0,0,0,0,0,0,5000,0,0,0,185000,180000,5000,5000
058162,上銀日盛9B購01  ,0,0,0,0,0,0,0,0,0,5000,0,0,0,5000,0,5000,5000
057637,上銀元大98購07  ,0,0,0,0,0,0,0,0,0,5000,0,0,0,49000,44000,5000,5000
057563,旭富國泰9A購01  ,0,0,0,0,0,0,0,0,0,5000,0,0,0,5000,0,5000,5000
060673,旺宏元大9A購04  ,0,0,0,0,0,0,0,0,0,5000,0,0,0,105000,100000,5000,5000
057799,世紀鋼兆豐98購01,0,0,0,0,0,0,0,0,0,5000,0,0,0,5000,0,5000,5000
057708,臺股指群益98購08,0,0,0,0,0,0,0,0,0,5000,0,0,0,5000,0,5000,5000
057754,臺股指國票98購10,0,0,0,0,0,0,0,0,0,5000,0,0,0,5000,0,5000,5000
057731,華擎國泰9A購02  ,0,0,0,0,0,0,0,0,0,5000,0,0,0,5000,0,5000,5000
057772,台積電群益99購01,0,0,0,0,0,0,0,0,0,5000,0,0,0,5000,0,5000,5000
062062,貿聯統一01購01  ,0,0,0,0,0,0,0,0,0,5000,0,0,0,5000,0,5000,5000
062048,義隆台新9B購01  ,0,0,0,0,0,0,0,0,0,5000,0,0,0,5000,0,5000,5000
061427,旭富元大9A購02  ,0,0,0,0,0,0,0,0,0,5000,0,0,0,10000,5000,5000,5000
063092,聯發科中信9B購03,0,0,0,0,0,0,0,0,0,5000,0,0,0,10000,5000,5000,5000
060898,世芯凱基9A購03  ,0,0,0,0,0,0,0,0,0,5000,0,0,0,10000,5000,5000,5000
062919,聯茂元大9B購01  ,0,0,0,0,0,0,0,0,0,5000,0,0,0,5000,0,5000,5000
062591,新日興統一9C購01,0,0,0,0,0,0,0,0,0,5000,0,0,0,5000,0,5000,5000
062597,世紀鋼統一01購01,0,0,0,0,0,0,0,0,0,5000,0,0,0,10000,5000,5000,5000
062619,台表科元大9B購03,0,0,0,0,0,0,0,0,0,5000,0,0,0,39000,34000,5000,5000
061547,禾伸堂群益9A購01,0,0,0,0,0,0,0,0,0,5000,0,0,0,5000,0,5000,5000
061551,GIS群益9A購01   ,0,0,0,0,0,0,0,0,0,5000,0,0,0,5000,0,5000,5000
062759,旺宏凱基9B購07  ,0,0,0,0,0,0,0,0,0,5000,0,0,0,10000,5000,5000,5000
062162,世紀鋼凱基9B購03,0,0,0,0,0,0,0,0,0,5000,0,0,0,5000,0,5000,5000
062136,南亞科群益9B購01,0,0,0,0,0,0,0,0,0,5000,0,0,0,47000,42000,5000,5000
062288,南六群益9B購01  ,0,0,0,0,0,0,0,0,0,5000,0,0,0,15000,10000,5000,5000
062299,台積電第一9B購01,0,0,0,0,0,0,0,0,0,5000,0,0,0,5000,0,5000,5000
063261,康控富邦03購01  ,0,0,0,0,0,0,0,0,0,5000,0,0,0,10000,5000,5000,5000
063241,聯發科元大9B購18,0,0,0,0,0,0,0,0,0,5000,0,0,0,5000,0,5000,5000
063662,上銀統一01購03  ,0,0,0,0,0,0,0,0,0,5000,0,0,0,5000,0,5000,5000
063366,台表科富邦9C購02,0,0,0,0,0,0,0,0,0,5000,0,0,0,49000,44000,5000,5000
063461,金像電元大9B購03,0,0,0,0,0,0,0,0,0,5000,0,0,0,5000,0,5000,5000
063537,華擎統一9C購03  ,0,0,0,0,0,0,0,0,0,5000,0,0,0,5000,0,5000,5000
063564,台積電元大9B購07,0,0,0,0,0,0,0,0,0,5000,0,0,0,5000,0,5000,5000
064130,創意元大9C購02  ,0,0,0,0,0,0,0,0,0,5000,0,0,0,25000,20000,5000,5000
064003,台積電凱基01購03,0,0,0,0,0,0,0,0,0,5000,0,0,0,5000,0,5000,5000
063926,南亞科統一03購01,0,0,0,0,0,0,0,0,0,5000,0,0,0,5000,0,5000,5000
063863,儒鴻富邦02購01  ,0,0,0,0,0,0,0,0,0,5000,0,0,0,25000,20000,5000,5000
061932,上銀國票9B購01  ,0,0,0,0,0,0,0,0,0,5000,0,0,0,5000,0,5000,5000
060125,強茂永豐99購01  ,0,0,0,0,0,0,0,0,0,5000,0,0,0,5000,0,5000,5000
060109,茂林元大99購05  ,0,0,0,0,0,0,0,0,0,5000,0,0,0,15000,10000,5000,5000
060100,新光金元大9C購01,0,0,0,0,0,0,0,0,0,5000,0,0,0,5000,0,5000,5000
063806,瀚宇博兆豐01購01,0,0,0,0,0,0,0,0,0,5000,0,0,0,20000,15000,5000,5000
061202,和大元大9A購02  ,0,0,0,0,0,0,0,0,0,5000,0,0,0,9000,4000,5000,5000
060604,宏達電凱基9B購01,0,0,0,0,0,0,0,0,0,5000,0,0,0,9000,4000,5000,5000
060836,上銀國票9A購03  ,0,0,0,0,0,0,0,0,0,5000,0,0,0,5000,0,5000,5000
061843,億豐凱基9C購01  ,0,0,0,0,0,0,0,0,0,5000,0,0,0,40000,35000,5000,5000
060779,臺股指凱基9A購07,0,0,0,0,0,0,0,0,0,5000,0,0,0,5000,0,5000,5000
060785,國巨富邦9B購04  ,0,0,0,0,0,0,0,0,0,5000,0,0,0,10000,5000,5000,5000
061117,美律國泰9C購01  ,0,0,0,0,0,0,0,0,0,5000,0,0,0,5000,0,5000,5000
061302,晶技永豐9A購04  ,0,0,0,0,0,0,0,0,0,5000,0,0,0,22000,17000,5000,5000
061090,奇力新統一9C購01,0,0,0,0,0,0,0,0,0,5000,0,0,0,5000,0,5000,5000
064610,儒鴻元大9C購03  ,0,0,0,0,0,0,0,0,0,5000,0,0,0,52000,47000,5000,5000
064734,大立光元富9C購05,0,0,0,0,0,0,0,0,0,5000,0,0,0,5000,0,5000,5000
064788,台汽電群益9C購01,0,0,0,0,0,0,0,0,0,5000,0,0,0,7000,2000,5000,5000
064737,中石化國票01購01,0,0,0,0,0,0,0,0,0,5000,0,0,0,5000,0,5000,5000
064817,鈺齊元大9C購02  ,0,0,0,0,0,0,0,0,0,5000,0,0,0,5000,0,5000,5000
064365,美食統一01購02  ,0,0,0,0,0,0,0,0,0,5000,0,0,0,5000,0,5000,5000
064310,華新科群益9C購02,0,0,0,0,0,0,0,0,0,5000,0,0,0,5000,0,5000,5000
064506,康控元大9C購02  ,0,0,0,0,0,0,0,0,0,5000,0,0,0,30000,25000,5000,5000
064525,臺股指群益9C購10,0,0,0,0,0,0,0,0,0,5000,0,0,0,5000,0,5000,5000
064382,台積電國泰01購01,0,0,0,0,0,0,0,0,0,5000,0,0,0,5000,0,5000,5000
065082,台光電元大9C購04,0,0,0,0,0,0,0,0,0,5000,0,0,0,170000,165000,5000,5000
065436,力成凱基02購01  ,0,0,0,0,0,0,0,0,0,5000,0,0,0,5000,0,5000,5000
065359,台灣50元大9C購49,0,0,0,0,0,0,0,0,0,5000,0,0,0,5000,0,5000,5000
065645,嘉晶元大01購02  ,0,0,0,0,0,0,0,0,0,5000,0,0,0,84000,79000,5000,5000
065725,技嘉凱基9C購03  ,0,0,0,0,0,0,0,0,0,5000,0,0,0,56000,51000,5000,5000
066220,矽格台新01購01  ,0,0,0,0,0,0,0,0,0,5000,0,0,0,25000,20000,5000,5000
066208,聯鈞統一02購01  ,0,0,0,0,0,0,0,0,0,5000,0,0,0,5000,0,5000,5000
066136,景碩群益01購02  ,0,0,0,0,0,0,0,0,0,5000,0,0,0,12000,7000,5000,5000
066725,華通元大01購05  ,0,0,0,0,0,0,0,0,0,5000,0,0,0,12000,7000,5000,5000
066627,大毅凱基03購01  ,0,0,0,0,0,0,0,0,0,5000,0,0,0,36000,31000,5000,5000
066521,A50反1中信03購01,0,0,0,0,0,0,0,0,0,5000,0,0,0,5000,0,5000,5000
1451,年興            ,51000,46000,5000,0,0,0,0,0,0,0,0,0,0,0,0,0,5000
07057P,大立光康和9B售02,0,0,0,0,0,0,0,0,0,4000,0,0,0,42000,38000,4000,4000
07643P,禾伸堂凱基9A售02,0,0,0,0,0,0,0,0,0,4000,0,0,0,4000,0,4000,4000
08762P,南六元大01售03  ,0,0,0,0,0,0,0,0,0,4000,0,0,0,66000,62000,4000,4000
067234,正崴群益01購01  ,0,0,0,0,0,0,0,0,0,4000,0,0,0,20000,16000,4000,4000
067051,泰鼎凱基02購01  ,0,0,0,0,0,0,0,0,0,4000,0,0,0,24000,20000,4000,4000
067762,康舒永豐01購02  ,0,0,0,0,0,0,0,0,0,4000,0,0,0,4000,0,4000,4000
061431,鈺齊元大9A購01  ,0,0,0,0,0,0,0,0,0,4000,0,0,0,4000,0,4000,4000
063185,聯發科凱基9C購03,0,0,0,0,0,0,0,0,0,4000,0,0,0,4000,0,4000,4000
057682,台積電日盛9A購03,0,0,0,0,0,0,0,0,0,4000,0,0,0,54000,50000,4000,4000
057383,玉晶光富邦9A購01,0,0,0,0,0,0,0,0,0,4000,0,0,0,7000,3000,4000,4000
058151,台積電統一9A購04,0,0,0,0,0,0,0,0,0,4000,0,0,0,4000,0,4000,4000
059261,華邦電中信01購01,0,0,0,0,0,0,0,0,0,4000,0,0,0,24000,20000,4000,4000
059127,國巨中信99購04  ,0,0,0,0,0,0,0,0,0,4000,0,0,0,4000,0,4000,4000
059093,旭富元大99購01  ,0,0,0,0,0,0,0,0,0,4000,0,0,0,5000,1000,4000,4000
059494,國巨國票9C購01  ,0,0,0,0,0,0,0,0,0,4000,0,0,0,4000,0,4000,4000
059489,上証2X國票9A購01,0,0,0,0,0,0,0,0,0,4000,0,0,0,7000,3000,4000,4000
058474,鴻海凱基9A購06  ,0,0,0,0,0,0,0,0,0,4000,0,0,0,4000,0,4000,4000
058313,台積電富邦9B購04,0,0,0,0,0,0,0,0,0,4000,0,0,0,4000,0,4000,4000
054477,聯發科中信9C購02,0,0,0,0,0,0,0,0,0,4000,0,0,0,4000,0,4000,4000
057941,聯電國票99購01  ,0,0,0,0,0,0,0,0,0,4000,0,0,0,185000,181000,4000,4000
058116,正崴中信99購02  ,0,0,0,0,0,0,0,0,0,4000,0,0,0,17000,13000,4000,4000
055682,智原凱基98購02  ,0,0,0,0,0,0,0,0,0,4000,0,0,0,4000,0,4000,4000
057257,台泥兆豐99購01  ,0,0,0,0,0,0,0,0,0,4000,0,0,0,4000,0,4000,4000
056471,台光電元大99購01,0,0,0,0,0,0,0,0,0,4000,0,0,0,4000,0,4000,4000
052437,聯發科富邦99購02,0,0,0,0,0,0,0,0,0,4000,0,0,0,4000,0,4000,4000
053732,S&P反1中信9C購01,0,0,0,0,0,0,0,0,0,4000,0,0,0,4000,0,4000,4000
056721,台灣50永昌9A購01,0,0,0,0,0,0,0,0,0,4000,0,0,0,6000,2000,4000,4000
056718,GIS永豐98購01   ,0,0,0,0,0,0,0,0,0,4000,0,0,0,4000,0,4000,4000
061855,台郡國票9B購01  ,0,0,0,0,0,0,0,0,0,4000,0,0,0,4000,0,4000,4000
060477,和潤元大9A購01  ,0,0,0,0,0,0,0,0,0,4000,0,0,0,4000,0,4000,4000
060339,國巨統一01購01  ,0,0,0,0,0,0,0,0,0,4000,0,0,0,4000,0,4000,4000
063782,致新永豐9B購02  ,0,0,0,0,0,0,0,0,0,4000,0,0,0,42000,38000,4000,4000
060308,劍麟永豐9A購01  ,0,0,0,0,0,0,0,0,0,4000,0,0,0,9000,5000,4000,4000
060235,瑞昱元大9A購01  ,0,0,0,0,0,0,0,0,0,4000,0,0,0,4000,0,4000,4000
063847,聯發科元大9C購03,0,0,0,0,0,0,0,0,0,4000,0,0,0,6000,2000,4000,4000
064077,台積電中信06購03,0,0,0,0,0,0,0,0,0,4000,0,0,0,15000,11000,4000,4000
063466,美食元大9B購02  ,0,0,0,0,0,0,0,0,0,4000,0,0,0,4000,0,4000,4000
063403,鈺齊群益9B購01  ,0,0,0,0,0,0,0,0,0,4000,0,0,0,4000,0,4000,4000
063640,貿聯元大9B購03  ,0,0,0,0,0,0,0,0,0,4000,0,0,0,4000,0,4000,4000
062491,矽創永豐9B購01  ,0,0,0,0,0,0,0,0,0,4000,0,0,0,4000,0,4000,4000
062901,台積電元大9B購05,0,0,0,0,0,0,0,0,0,4000,0,0,0,4000,0,4000,4000
063001,巨大國票9B購01  ,0,0,0,0,0,0,0,0,0,4000,0,0,0,4000,0,4000,4000
063031,鴻海凱基9C購01  ,0,0,0,0,0,0,0,0,0,4000,0,0,0,5000,1000,4000,4000
062699,台積電元大01購02,0,0,0,0,0,0,0,0,0,4000,0,0,0,4000,0,4000,4000
066306,亞聚永豐01購01  ,0,0,0,0,0,0,0,0,0,4000,0,0,0,30000,26000,4000,4000
066322,群光永豐01購01  ,0,0,0,0,0,0,0,0,0,4000,0,0,0,4000,0,4000,4000
066289,晶碩元大02購01  ,0,0,0,0,0,0,0,0,0,4000,0,0,0,4000,0,4000,4000
066259,聯強元大01購01  ,0,0,0,0,0,0,0,0,0,4000,0,0,0,4000,0,4000,4000
065968,國巨元大02購01  ,0,0,0,0,0,0,0,0,0,4000,0,0,0,13000,9000,4000,4000
065713,緯穎群益9C購04  ,0,0,0,0,0,0,0,0,0,4000,0,0,0,10000,6000,4000,4000
065751,台光電元大9C購06,0,0,0,0,0,0,0,0,0,4000,0,0,0,17000,13000,4000,4000
065624,聯詠中信9C購01  ,0,0,0,0,0,0,0,0,0,4000,0,0,0,11000,7000,4000,4000
065697,旺宏群益9C購07  ,0,0,0,0,0,0,0,0,0,4000,0,0,0,4000,0,4000,4000
065937,大毅群益02購01  ,0,0,0,0,0,0,0,0,0,4000,0,0,0,120000,116000,4000,4000
065921,GIS凱基01購02   ,0,0,0,0,0,0,0,0,0,4000,0,0,0,4000,0,4000,4000
065503,燿華永豐9C購04  ,0,0,0,0,0,0,0,0,0,4000,0,0,0,4000,0,4000,4000
065544,和大兆豐01購01  ,0,0,0,0,0,0,0,0,0,4000,0,0,0,89000,85000,4000,4000
065241,南電凱基01購02  ,0,0,0,0,0,0,0,0,0,4000,0,0,0,17000,13000,4000,4000
064371,矽格統一9C購02  ,0,0,0,0,0,0,0,0,0,4000,0,0,0,75000,71000,4000,4000
064864,金像電永豐01購01,0,0,0,0,0,0,0,0,0,4000,0,0,0,4000,0,4000,4000
5264,鎧勝-KY         ,1192000,1100000,92000,0,0,0,0,0,0,-88000,0,1000,-1000,43000,130000,-87000,4000
06776P,鴻海元大99售05  ,0,0,0,0,0,0,0,0,0,3000,0,0,0,25000,22000,3000,3000
067881,香港2X群益01購02,0,0,0,0,0,0,0,0,0,3000,0,0,0,3000,0,3000,3000
067565,聯發科日盛01購01,0,0,0,0,0,0,0,0,0,3000,0,0,0,33000,30000,3000,3000
066969,可成元富07購01  ,0,0,0,0,0,0,0,0,0,3000,0,0,0,3000,0,3000,3000
066925,滬深2X國票02購03,0,0,0,0,0,0,0,0,0,3000,0,0,0,3000,0,3000,3000
066939,TPK國票02購02   ,0,0,0,0,0,0,0,0,0,3000,0,0,0,3000,0,3000,3000
067505,微星統一03購01  ,0,0,0,0,0,0,0,0,0,3000,0,0,0,46000,43000,3000,3000
067435,眾達凱基02購01  ,0,0,0,0,0,0,0,0,0,3000,0,0,0,30000,27000,3000,3000
08603P,電子類元大9C售02,0,0,0,0,0,0,0,0,0,3000,0,0,0,30000,27000,3000,3000
08821P,旺宏凱基01售01  ,0,0,0,0,0,0,0,0,0,3000,0,0,0,40000,37000,3000,3000
07603P,台積電統一9B售08,0,0,0,0,0,0,0,0,0,3000,0,0,0,3000,0,3000,3000
07248P,可成凱基99售06  ,0,0,0,0,0,0,0,0,0,3000,0,0,0,3000,0,3000,3000
08065P,瑞昱凱基9B售03  ,0,0,0,0,0,0,0,0,0,3000,0,0,0,3000,0,3000,3000
08115P,聯發科凱基9B售13,0,0,0,0,0,0,0,0,0,3000,0,0,0,3000,0,3000,3000
08113P,台灣50凱基02售04,0,0,0,0,0,0,0,0,0,3000,0,0,0,3000,0,3000,3000
08179P,華新科元大9B售13,0,0,0,0,0,0,0,0,0,3000,0,0,0,13000,10000,3000,3000
08159P,日月光元富9B售01,0,0,0,0,0,0,0,0,0,3000,0,0,0,180000,177000,3000,3000
07987P,大立光統一9B售13,0,0,0,0,0,0,0,0,0,3000,0,0,0,3000,0,3000,3000
056904,大立光元大99購05,0,0,0,0,0,0,0,0,0,3000,0,0,0,6000,3000,3000,3000
057057,立積元大9A購01  ,0,0,0,0,0,0,0,0,0,3000,0,0,0,3000,0,3000,3000
052130,國巨凱基9B購01  ,0,0,0,0,0,0,0,0,0,3000,0,0,0,52000,49000,3000,3000
053565,台光電富邦98購01,0,0,0,0,0,0,0,0,0,3000,0,0,0,3000,0,3000,3000
00654R,富邦印度反1     ,0,0,0,0,0,0,0,0,0,3000,0,0,0,39000,36000,3000,3000
056356,台積電元大99購01,0,0,0,0,0,0,0,0,0,3000,0,0,0,22000,19000,3000,3000
056241,緯創群益97購01  ,0,0,0,0,0,0,0,0,0,3000,0,0,0,3000,0,3000,3000
056245,嘉澤群益97購01  ,0,0,0,0,0,0,0,0,0,3000,0,0,0,3000,0,3000,3000
056346,聯茂凱基99購02  ,0,0,0,0,0,0,0,0,0,3000,0,0,0,22000,19000,3000,3000
055433,嘉聯益群益99購01,0,0,0,0,0,0,0,0,0,3000,0,0,0,48000,45000,3000,3000
055184,群創統一98購02  ,0,0,0,0,0,0,0,0,0,3000,0,0,0,3000,0,3000,3000
054769,創意國票98購01  ,0,0,0,0,0,0,0,0,0,3000,0,0,0,3000,0,3000,3000
054587,玉晶光國泰99購01,0,0,0,0,0,0,0,0,0,3000,0,0,0,3000,0,3000,3000
057977,台光電永豐98購02,0,0,0,0,0,0,0,0,0,3000,0,0,0,3000,0,3000,3000
057904,矽力永豐98購01  ,0,0,0,0,0,0,0,0,0,3000,0,0,0,3000,0,3000,3000
057940,和大國票99購01  ,0,0,0,0,0,0,0,0,0,3000,0,0,0,3000,0,3000,3000
054555,欣興凱基98購01  ,0,0,0,0,0,0,0,0,0,3000,0,0,0,3000,0,3000,3000
057292,國巨國泰9B購01  ,0,0,0,0,0,0,0,0,0,3000,0,0,0,3000,0,3000,3000
057308,同欣電兆豐99購01,0,0,0,0,0,0,0,0,0,3000,0,0,0,3000,0,3000,3000
058363,全新凱基9A購02  ,0,0,0,0,0,0,0,0,0,3000,0,0,0,3000,0,3000,3000
058418,台積電麥證99購01,0,0,0,3000,0,3000,0,0,0,3000,0,0,0,3000,0,3000,3000
058587,台積電中信9C購03,0,0,0,0,0,0,0,0,0,3000,0,0,0,3000,0,3000,3000
058567,華新科凱基9A購02,0,0,0,0,0,0,0,0,0,3000,0,0,0,3000,0,3000,3000
058633,台灣50兆豐99購01,0,0,0,0,0,0,0,0,0,3000,0,0,0,24000,21000,3000,3000
059524,FBVIX凱基9A購02 ,0,0,0,0,0,0,0,0,0,3000,0,0,0,5000,2000,3000,3000
059814,SP黃豆凱基9A購02,0,0,0,0,0,0,0,0,0,3000,0,0,0,3000,0,3000,3000
059251,大立光凱基9A購04,0,0,0,0,0,0,0,0,0,3000,0,0,0,3000,0,3000,3000
059281,創意永豐99購02  ,0,0,0,0,0,0,0,0,0,3000,0,0,0,3000,0,3000,3000
057353,玉晶光統一99購01,0,0,0,0,0,0,0,0,0,3000,0,0,0,3000,0,3000,3000
057357,超眾統一98購01  ,0,0,0,0,0,0,0,0,0,3000,0,0,0,3000,0,3000,3000
057585,鴻海國票99購05  ,0,0,0,0,0,0,0,0,0,3000,0,0,0,93000,90000,3000,3000
057709,電子類群益98購01,0,0,0,0,0,0,0,0,0,3000,0,0,0,3000,0,3000,3000
058969,亞德客永豐99購01,0,0,0,0,0,0,0,0,0,3000,0,0,0,3000,0,3000,3000
062111,台勝科國票9B購01,0,0,0,0,0,0,0,0,0,3000,0,0,0,3000,0,3000,3000
063313,南亞科群益9B購02,0,0,0,0,0,0,0,0,0,3000,0,0,0,39000,36000,3000,3000
061423,廣達元大9A購01  ,0,0,0,0,0,0,0,0,0,3000,0,0,0,3000,0,3000,3000
061415,健策群益9A購04  ,0,0,0,0,0,0,0,0,0,3000,0,0,0,3000,0,3000,3000
060746,玉晶光國票9B購02,0,0,0,0,0,0,0,0,0,3000,0,0,0,3000,0,3000,3000
062096,神隆永豐9B購01  ,0,0,0,0,0,0,0,0,0,3000,0,0,0,3000,0,3000,3000
060909,金像電元大9B購01,0,0,0,0,0,0,0,0,0,3000,0,0,0,3000,0,3000,3000
063012,技嘉元大9B購01  ,0,0,0,0,0,0,0,0,0,3000,0,0,0,10000,7000,3000,3000
062879,美食兆豐9B購01  ,0,0,0,0,0,0,0,0,0,3000,0,0,0,3000,0,3000,3000
062917,旭富元大9C購03  ,0,0,0,0,0,0,0,0,0,3000,0,0,0,3000,0,3000,3000
062165,聯茂國泰01購01  ,0,0,0,0,0,0,0,0,0,3000,0,0,0,3000,0,3000,3000
062181,義隆元大9B購03  ,0,0,0,0,0,0,0,0,0,3000,0,0,0,3000,0,3000,3000
062709,帆宣元大9B購01  ,0,0,0,0,0,0,0,0,0,3000,0,0,0,3000,0,3000,3000
062250,台積電元大9B購02,0,0,0,0,0,0,0,0,0,3000,0,0,0,3000,0,3000,3000
062482,台表科國票9B購01,0,0,0,0,0,0,0,0,0,3000,0,0,0,3000,0,3000,3000
063235,台積電元大9B購06,0,0,0,0,0,0,0,0,0,3000,0,0,0,3000,0,3000,3000
062348,聯發科群益9B購06,0,0,0,0,0,0,0,0,0,3000,0,0,0,3000,0,3000,3000
063631,燿華元大9B購06  ,0,0,0,0,0,0,0,0,0,3000,0,0,0,3000,0,3000,3000
063618,智邦兆豐9C購01  ,0,0,0,0,0,0,0,0,0,3000,0,0,0,4000,1000,3000,3000
062633,亞光國票9B購01  ,0,0,0,0,0,0,0,0,0,3000,0,0,0,3000,0,3000,3000
064175,華通國泰02購01  ,0,0,0,0,0,0,0,0,0,3000,0,0,0,3000,0,3000,3000
063940,國巨元大01購02  ,0,0,0,0,0,0,0,0,0,3000,0,0,0,17000,14000,3000,3000
063970,大立光國票01購01,0,0,0,0,0,0,0,0,0,3000,0,0,0,3000,0,3000,3000
062021,康控永豐9B購01  ,0,0,0,0,0,0,0,0,0,3000,0,0,0,3000,0,3000,3000
061912,台積電中信05購05,0,0,0,0,0,0,0,0,0,3000,0,0,0,3000,0,3000,3000
061965,台積電統一02購02,0,0,0,0,0,0,0,0,0,3000,0,0,0,3000,0,3000,3000
061256,亞德客凱基9B購01,0,0,0,0,0,0,0,0,0,3000,0,0,0,9000,6000,3000,3000
061611,南六統一01購01  ,0,0,0,0,0,0,0,0,0,3000,0,0,0,20000,17000,3000,3000
061279,鴻海統一9C購04  ,0,0,0,0,0,0,0,0,0,3000,0,0,0,13000,10000,3000,3000
064567,晶技群益01購01  ,0,0,0,0,0,0,0,0,0,3000,0,0,0,3000,0,3000,3000
064250,亞光元富9C購01  ,0,0,0,0,0,0,0,0,0,3000,0,0,0,13000,10000,3000,3000
064538,鈺齊國票01購01  ,0,0,0,0,0,0,0,0,0,3000,0,0,0,38000,35000,3000,3000
064478,聚陽富邦01購01  ,0,0,0,0,0,0,0,0,0,3000,0,0,0,115000,112000,3000,3000
065249,聯發科麥證9C購04,0,0,0,26000,23000,3000,0,0,0,3000,0,0,0,26000,23000,3000,3000
065128,大成鋼兆豐9C購01,0,0,0,0,0,0,0,0,0,3000,0,0,0,4000,1000,3000,3000
064962,台灣50元大9C購45,0,0,0,0,0,0,0,0,0,3000,0,0,0,3000,0,3000,3000
065066,南電群益9C購02  ,0,0,0,0,0,0,0,0,0,3000,0,0,0,5000,2000,3000,3000
065427,台積電凱基02購04,0,0,0,0,0,0,0,0,0,3000,0,0,0,3000,0,3000,3000
065389,聯茂兆豐9C購01  ,0,0,0,0,0,0,0,0,0,3000,0,0,0,13000,10000,3000,3000
066286,瑞祺元大01購01  ,0,0,0,0,0,0,0,0,0,3000,0,0,0,71000,68000,3000,3000
066316,台船永豐01購01  ,0,0,0,0,0,0,0,0,0,3000,0,0,0,3000,0,3000,3000
066406,南六凱基01購02  ,0,0,0,0,0,0,0,0,0,3000,0,0,0,3000,0,3000,3000
066468,申豐統一02購01  ,0,0,0,0,0,0,0,0,0,3000,0,0,0,3000,0,3000,3000
066427,牧德元大02購03  ,0,0,0,0,0,0,0,0,0,3000,0,0,0,3000,0,3000,3000
6243,迅杰            ,22000,19000,3000,0,0,0,0,0,0,0,0,0,0,0,0,0,3000
8201,無敵            ,7000,4000,3000,0,0,0,0,0,0,0,0,0,0,0,0,0,3000
1438,裕豐            ,3000,0,3000,0,0,0,0,0,0,0,0,0,0,0,0,0,3000
2429,銘旺科          ,8000,5000,3000,0,0,0,0,0,0,0,0,0,0,0,0,0,3000
2882B,國泰金乙特      ,0,0,0,0,0,0,0,0,0,3000,3000,0,3000,0,0,0,3000
07886P,國巨國票9B售06  ,0,0,0,0,0,0,0,0,0,2000,0,0,0,10000,8000,2000,2000
07807P,聯茂永豐9A售02  ,0,0,0,0,0,0,0,0,0,2000,0,0,0,2000,0,2000,2000
08154P,上銀元富9B售04  ,0,0,0,0,0,0,0,0,0,2000,0,0,0,100000,98000,2000,2000
07226P,貿聯富邦9B售01  ,0,0,0,0,0,0,0,0,0,2000,0,0,0,2000,0,2000,2000
07459P,緯穎元大9A售01  ,0,0,0,0,0,0,0,0,0,2000,0,0,0,2000,0,2000,2000
06956P,國巨日盛99售04  ,0,0,0,0,0,0,0,0,0,2000,0,0,0,2000,0,2000,2000
08846P,上証2X群益03售03,0,0,0,0,0,0,0,0,0,2000,0,0,0,186000,184000,2000,2000
08785P,滬深2X元富01售04,0,0,0,0,0,0,0,0,0,2000,0,0,0,20000,18000,2000,2000
08787P,滬深2X元富01售06,0,0,0,0,0,0,0,0,0,2000,0,0,0,14000,12000,2000,2000
08321P,世芯永豐9C售01  ,0,0,0,0,0,0,0,0,0,2000,0,0,0,2000,0,2000,2000
08559P,瑞昱國票9C售01  ,0,0,0,0,0,0,0,0,0,2000,0,0,0,2000,0,2000,2000
066949,聯發科元大01購17,0,0,0,0,0,0,0,0,0,2000,0,0,0,326000,324000,2000,2000
067021,正崴中信01購01  ,0,0,0,0,0,0,0,0,0,2000,0,0,0,2000,0,2000,2000
067016,康控富邦04購01  ,0,0,0,0,0,0,0,0,0,2000,0,0,0,10000,8000,2000,2000
06706P,智原台新98售02  ,0,0,0,0,0,0,0,0,0,2000,0,0,0,2000,0,2000,2000
067116,嘉澤群益01購02  ,0,0,0,0,0,0,0,0,0,2000,0,0,0,68000,66000,2000,2000
067557,可成國票01購01  ,0,0,0,0,0,0,0,0,0,2000,0,0,0,5000,3000,2000,2000
060684,同欣電元大9A購01,0,0,0,0,0,0,0,0,0,2000,0,0,0,2000,0,2000,2000
063317,大立光群益9B購06,0,0,0,0,0,0,0,0,0,2000,0,0,0,2000,0,2000,2000
062629,聯發科國票9C購01,0,0,0,0,0,0,0,0,0,2000,0,0,0,3000,1000,2000,2000
063167,同欣電永豐9B購03,0,0,0,0,0,0,0,0,0,2000,0,0,0,2000,0,2000,2000
058952,南茂群益99購01  ,0,0,0,0,0,0,0,0,0,2000,0,0,0,50000,48000,2000,2000
05894P,友達群益98售02  ,0,0,0,0,0,0,0,0,0,2000,0,0,0,2000,0,2000,2000
058999,台積電元大99購24,0,0,0,0,0,0,0,0,0,2000,0,0,0,2000,0,2000,2000
058939,台積電中信9B購01,0,0,0,0,0,0,0,0,0,2000,0,0,0,2000,0,2000,2000
057783,台積電國票9A購01,0,0,0,0,0,0,0,0,0,2000,0,0,0,2000,0,2000,2000
057595,健鼎兆豐98購01  ,0,0,0,0,0,0,0,0,0,2000,0,0,0,3000,1000,2000,2000
057524,旺宏元大99購04  ,0,0,0,0,0,0,0,0,0,2000,0,0,0,2000,0,2000,2000
057513,智邦台新98購01  ,0,0,0,0,0,0,0,0,0,2000,0,0,0,2000,0,2000,2000
059282,嘉聯益永豐99購01,0,0,0,0,0,0,0,0,0,2000,0,0,0,4000,2000,2000,2000
058204,世芯凱基9A購01  ,0,0,0,0,0,0,0,0,0,2000,0,0,0,2000,0,2000,2000
059218,台積電元大99購31,0,0,0,0,0,0,0,0,0,2000,0,0,0,2000,0,2000,2000
059164,旺宏凱基99購06  ,0,0,0,0,0,0,0,0,0,2000,0,0,0,2000,0,2000,2000
059088,台積電元大99購27,0,0,0,0,0,0,0,0,0,2000,0,0,0,2000,0,2000,2000
059060,大立光凱基9A購03,0,0,0,0,0,0,0,0,0,2000,0,0,0,2000,0,2000,2000
059780,滬深2X元大9C購06,0,0,0,0,0,0,0,0,0,2000,0,0,0,2000,0,2000,2000
059705,華新科凱基9A購07,0,0,0,0,0,0,0,0,0,2000,0,0,0,24000,22000,2000,2000
059649,矽力凱基99購02  ,0,0,0,0,0,0,0,0,0,2000,0,0,0,2000,0,2000,2000
059681,華新科國泰9B購02,0,0,0,0,0,0,0,0,0,2000,0,0,0,36000,34000,2000,2000
059636,宏達電凱基99購05,0,0,0,0,0,0,0,0,0,2000,0,0,0,2000,0,2000,2000
058574,台積電群益99購03,0,0,0,0,0,0,0,0,0,2000,0,0,0,2000,0,2000,2000
058737,鴻海第一01購01  ,0,0,0,0,0,0,0,0,0,2000,0,0,0,10000,8000,2000,2000
058471,台積電日盛9C購01,0,0,0,0,0,0,0,0,0,2000,0,0,0,12000,10000,2000,2000
059986,宏達電元大99購08,0,0,0,0,0,0,0,0,0,2000,0,0,0,82000,80000,2000,2000
059976,道瓊銀元大99購01,0,0,0,0,0,0,0,0,0,2000,0,0,0,2000,0,2000,2000
054159,T50正2凱基99購01,0,0,0,0,0,0,0,0,0,2000,0,0,0,15000,13000,2000,2000
054552,聯發科凱基98購03,0,0,0,0,0,0,0,0,0,2000,0,0,0,2000,0,2000,2000
054387,台積電統一98購02,0,0,0,0,0,0,0,0,0,2000,0,0,0,2000,0,2000,2000
054353,世紀鋼國泰98購01,0,0,0,0,0,0,0,0,0,2000,0,0,0,10000,8000,2000,2000
058786,元黃金元大99購01,0,0,0,0,0,0,0,0,0,2000,0,0,0,43000,41000,2000,2000
058138,晶相光元大9C購01,0,0,0,0,0,0,0,0,0,2000,0,0,0,2000,0,2000,2000
059973,A50正2元大99購02,0,0,0,0,0,0,0,0,0,2000,0,0,0,9000,7000,2000,2000
058037,台灣50元大9B購02,0,0,0,0,0,0,0,0,0,2000,0,0,0,2000,0,2000,2000
059936,台積電永豐99購06,0,0,0,0,0,0,0,0,0,2000,0,0,0,2000,0,2000,2000
058826,台積電永豐99購02,0,0,0,0,0,0,0,0,0,2000,0,0,0,2000,0,2000,2000
056146,台虹元大98購01  ,0,0,0,0,0,0,0,0,0,2000,0,0,0,12000,10000,2000,2000
056041,禾伸堂凱基98購03,0,0,0,0,0,0,0,0,0,2000,0,0,0,10000,8000,2000,2000
056165,矽力凱基98購02  ,0,0,0,0,0,0,0,0,0,2000,0,0,0,12000,10000,2000,2000
056398,南茂永豐98購01  ,0,0,0,0,0,0,0,0,0,2000,0,0,0,3000,1000,2000,2000
056498,A50正2富邦9B購01,0,0,0,0,0,0,0,0,0,2000,0,0,0,37000,35000,2000,2000
057222,鴻海國票99購04  ,0,0,0,0,0,0,0,0,0,2000,0,0,0,2000,0,2000,2000
006204,永豐臺灣加權    ,0,0,0,0,0,0,0,0,0,2000,0,0,0,305000,303000,2000,2000
020004,兆豐電菁英30N   ,0,0,0,0,0,0,0,0,0,2000,0,0,0,26000,24000,2000,2000
00865B,國泰US短期公債  ,0,0,0,0,0,0,0,0,0,2000,0,0,0,102000,100000,2000,2000
03009X,元展09          ,0,0,0,0,0,0,0,0,0,2000,0,0,0,2000,0,2000,2000
057003,立積國票98購01  ,0,0,0,0,0,0,0,0,0,2000,0,0,0,2000,0,2000,2000
057138,亞德客兆豐98購01,0,0,0,0,0,0,0,0,0,2000,0,0,0,2000,0,2000,2000
057074,立積永豐98購01  ,0,0,0,0,0,0,0,0,0,2000,0,0,0,2000,0,2000,2000
056918,台積電兆豐98購01,0,0,0,0,0,0,0,0,0,2000,0,0,0,2000,0,2000,2000
03684C,臺股指元大06牛01,0,0,0,0,0,0,0,0,0,2000,0,0,0,2000,0,2000,2000
03686C,臺股指元大04牛05,0,0,0,0,0,0,0,0,0,2000,0,0,0,2000,0,2000,2000
061095,台積電台新9B購03,0,0,0,0,0,0,0,0,0,2000,0,0,0,2000,0,2000,2000
061092,可成統一9C購02  ,0,0,0,0,0,0,0,0,0,2000,0,0,0,2000,0,2000,2000
061155,華新科群益9A購06,0,0,0,0,0,0,0,0,0,2000,0,0,0,2000,0,2000,2000
061827,台灣50凱基02購01,0,0,0,0,0,0,0,0,0,2000,0,0,0,2000,0,2000,2000
061794,國巨永豐9B購01  ,0,0,0,0,0,0,0,0,0,2000,0,0,0,2000,0,2000,2000
061225,台積電中信9A購04,0,0,0,0,0,0,0,0,0,2000,0,0,0,2000,0,2000,2000
060033,臻鼎永豐99購01  ,0,0,0,0,0,0,0,0,0,2000,0,0,0,12000,10000,2000,2000
061013,台積電麥證9A購03,0,0,0,2000,0,2000,0,0,0,2000,0,0,0,2000,0,2000,2000
060990,新光金元大9B購03,0,0,0,0,0,0,0,0,0,2000,0,0,0,2000,0,2000,2000
060640,京鼎永豐9A購01  ,0,0,0,0,0,0,0,0,0,2000,0,0,0,2000,0,2000,2000
061882,矽創元大9B購01  ,0,0,0,0,0,0,0,0,0,2000,0,0,0,50000,48000,2000,2000
060105,牧德元大9B購01  ,0,0,0,0,0,0,0,0,0,2000,0,0,0,6000,4000,2000,2000
060185,聯發科元富04購01,0,0,0,0,0,0,0,0,0,2000,0,0,0,2000,0,2000,2000
060230,台積電元大9A購07,0,0,0,0,0,0,0,0,0,2000,0,0,0,2000,0,2000,2000
063731,台積電元大9B購10,0,0,0,0,0,0,0,0,0,2000,0,0,0,2000,0,2000,2000
063976,正崴兆豐9C購01  ,0,0,0,0,0,0,0,0,0,2000,0,0,0,2000,0,2000,2000
063911,大立光凱基9C購03,0,0,0,0,0,0,0,0,0,2000,0,0,0,2000,0,2000,2000
063849,奇鋐元大9C購01  ,0,0,0,0,0,0,0,0,0,2000,0,0,0,2000,0,2000,2000
064166,和潤統一02購01  ,0,0,0,0,0,0,0,0,0,2000,0,0,0,2000,0,2000,2000
063485,巨大元大9B購04  ,0,0,0,0,0,0,0,0,0,2000,0,0,0,2000,0,2000,2000
063238,漢唐元大9B購02  ,0,0,0,0,0,0,0,0,0,2000,0,0,0,2000,0,2000,2000
063242,聯發科元大9B購19,0,0,0,0,0,0,0,0,0,2000,0,0,0,14000,12000,2000,2000
063666,京元電統一9C購01,0,0,0,0,0,0,0,0,0,2000,0,0,0,2000,0,2000,2000
062479,TPK國票9B購01   ,0,0,0,0,0,0,0,0,0,2000,0,0,0,2000,0,2000,2000
062468,台積電凱基9B購06,0,0,0,0,0,0,0,0,0,2000,0,0,0,2000,0,2000,2000
062423,聯發科統一9C購07,0,0,0,0,0,0,0,0,0,2000,0,0,0,2000,0,2000,2000
061719,緯穎凱基9A購06  ,0,0,0,0,0,0,0,0,0,2000,0,0,0,40000,38000,2000,2000
062623,元金2X國票01購01,0,0,0,0,0,0,0,0,0,2000,0,0,0,2000,0,2000,2000
062572,元金反群益9C購01,0,0,0,0,0,0,0,0,0,2000,0,0,0,2000,0,2000,2000
062810,華通兆豐9B購02  ,0,0,0,0,0,0,0,0,0,2000,0,0,0,2000,0,2000,2000
062830,玉晶光群益01購05,0,0,0,0,0,0,0,0,0,2000,0,0,0,2000,0,2000,2000
062832,嘉澤群益9B購02  ,0,0,0,0,0,0,0,0,0,2000,0,0,0,56000,54000,2000,2000
060888,金像電統一9C購01,0,0,0,0,0,0,0,0,0,2000,0,0,0,12000,10000,2000,2000
063103,技嘉群益9B購01  ,0,0,0,0,0,0,0,0,0,2000,0,0,0,2000,0,2000,2000
066417,台積電元大01購13,0,0,0,0,0,0,0,0,0,2000,0,0,0,2000,0,2000,2000
066343,佳醫永豐01購01  ,0,0,0,0,0,0,0,0,0,2000,0,0,0,2000,0,2000,2000
066321,華碩永豐01購01  ,0,0,0,0,0,0,0,0,0,2000,0,0,0,35000,33000,2000,2000
066581,臺股指元大01購10,0,0,0,0,0,0,0,0,0,2000,0,0,0,2000,0,2000,2000
066714,台灣50元大01購22,0,0,0,0,0,0,0,0,0,2000,0,0,0,2000,0,2000,2000
065869,微星群益02購01  ,0,0,0,0,0,0,0,0,0,2000,0,0,0,62000,60000,2000,2000
065668,南亞科凱基9C購02,0,0,0,0,0,0,0,0,0,2000,0,0,0,73000,71000,2000,2000
06575P,大立光永昌99售02,0,0,0,0,0,0,0,0,0,2000,0,0,0,2000,0,2000,2000
065770,元黃金國票01購01,0,0,0,0,0,0,0,0,0,2000,0,0,0,10000,8000,2000,2000
066167,強茂凱基01購01  ,0,0,0,0,0,0,0,0,0,2000,0,0,0,108000,106000,2000,2000
065383,南電元大01購02  ,0,0,0,0,0,0,0,0,0,2000,0,0,0,7000,5000,2000,2000
065347,聯發科統一9C購15,0,0,0,0,0,0,0,0,0,2000,0,0,0,2000,0,2000,2000
065562,同欣電麥證9C購04,0,0,0,2000,0,2000,0,0,0,2000,0,0,0,2000,0,2000,2000
065587,亞德客永豐9C購02,0,0,0,0,0,0,0,0,0,2000,0,0,0,2000,0,2000,2000
065039,國巨凱基02購02  ,0,0,0,0,0,0,0,0,0,2000,0,0,0,319000,317000,2000,2000
065015,上証2X富邦01購01,0,0,0,0,0,0,0,0,0,2000,0,0,0,2000,0,2000,2000
065079,致茂元大9C購01  ,0,0,0,0,0,0,0,0,0,2000,0,0,0,26000,24000,2000,2000
065250,同欣電麥證9C購01,0,0,0,2000,0,2000,0,0,0,2000,0,0,0,2000,0,2000,2000
065231,宏達電凱基01購01,0,0,0,0,0,0,0,0,0,2000,0,0,0,3000,1000,2000,2000
064458,玉晶光統一01購09,0,0,0,0,0,0,0,0,0,2000,0,0,0,20000,18000,2000,2000
064491,金像電元大9C購03,0,0,0,0,0,0,0,0,0,2000,0,0,0,32000,30000,2000,2000
064496,聯發科元大9C購10,0,0,0,0,0,0,0,0,0,2000,0,0,0,4000,2000,2000,2000
064551,鈺齊凱基9C購02  ,0,0,0,0,0,0,0,0,0,2000,0,0,0,27000,25000,2000,2000
064283,奇鋐元大9C購02  ,0,0,0,0,0,0,0,0,0,2000,0,0,0,2000,0,2000,2000
064332,聯發科元大01購01,0,0,0,0,0,0,0,0,0,2000,0,0,0,23000,21000,2000,2000
064309,聯發科群益9C購07,0,0,0,0,0,0,0,0,0,2000,0,0,0,2000,0,2000,2000
064516,華通群益02購01  ,0,0,0,0,0,0,0,0,0,2000,0,0,0,6000,4000,2000,2000
064573,復盛群益9C購01  ,0,0,0,0,0,0,0,0,0,2000,0,0,0,130000,128000,2000,2000
064869,景碩永豐9C購01  ,0,0,0,0,0,0,0,0,0,2000,0,0,0,73000,71000,2000,2000
064755,南亞科凱基01購02,0,0,0,0,0,0,0,0,0,2000,0,0,0,26000,24000,2000,2000
08962P,大立光凱基03售05,0,0,0,0,0,0,0,0,0,2000,0,0,0,8000,6000,2000,2000
1783,和康生          ,64000,62000,2000,0,0,0,0,0,0,0,0,0,0,0,0,0,2000
1533,車王電          ,5000,3000,2000,0,0,0,0,0,0,0,0,0,0,0,0,0,2000
6674,鋐寶科技        ,6000,5000,1000,0,0,0,0,0,0,1000,1000,0,1000,0,0,0,2000
9941A,裕融甲特        ,0,0,0,0,0,0,0,0,0,2000,2000,0,2000,0,0,0,2000
4572,駐龍            ,17000,15000,2000,0,0,0,0,0,0,0,0,0,0,0,0,0,2000
3130,一零四          ,3000,0,3000,0,0,0,0,0,0,-1000,0,1000,-1000,0,0,0,2000
06758P,鴻海元大98售10  ,0,0,0,0,0,0,0,0,0,1000,0,0,0,49000,48000,1000,1000
067883,元金2X群益01購02,0,0,0,0,0,0,0,0,0,1000,0,0,0,1000,0,1000,1000
067761,致伸永豐01購01  ,0,0,0,0,0,0,0,0,0,1000,0,0,0,1000,0,1000,1000
067709,大立光元富07購01,0,0,0,0,0,0,0,0,0,1000,0,0,0,2000,1000,1000,1000
067897,玉晶光群益02購11,0,0,0,0,0,0,0,0,0,1000,0,0,0,68000,67000,1000,1000
067920,玉晶光永豐01購04,0,0,0,0,0,0,0,0,0,1000,0,0,0,1000,0,1000,1000
06835P,台灣50國票9A售01,0,0,0,0,0,0,0,0,0,1000,0,0,0,1000,0,1000,1000
066900,和潤康和07購01  ,0,0,0,0,0,0,0,0,0,1000,0,0,0,21000,20000,1000,1000
067263,台汽電國票01購01,0,0,0,0,0,0,0,0,0,1000,0,0,0,1000,0,1000,1000
067273,台積電統一02購05,0,0,0,0,0,0,0,0,0,1000,0,0,0,1000,0,1000,1000
08558P,香港2X國票9C售01,0,0,0,0,0,0,0,0,0,1000,0,0,0,1000,0,1000,1000
08564P,國巨群益9C售15  ,0,0,0,0,0,0,0,0,0,1000,0,0,0,1000,0,1000,1000
08285P,國巨凱基9C售07  ,0,0,0,0,0,0,0,0,0,1000,0,0,0,1000,0,1000,1000
08767P,台灣50凱基01售17,0,0,0,0,0,0,0,0,0,1000,0,0,0,1000,0,1000,1000
08616P,聯發科元富9C售02,0,0,0,0,0,0,0,0,0,1000,0,0,0,1000,0,1000,1000
08760P,瑞昱元大01售02  ,0,0,0,0,0,0,0,0,0,1000,0,0,0,26000,25000,1000,1000
06843P,鴻海元大98售11  ,0,0,0,0,0,0,0,0,0,1000,0,0,0,1000,0,1000,1000
07196P,大立光元大99售13,0,0,0,0,0,0,0,0,0,1000,0,0,0,1000,0,1000,1000
07310P,大立光凱基99售12,0,0,0,0,0,0,0,0,0,1000,0,0,0,1000,0,1000,1000
07667P,亞德客元大9A售05,0,0,0,0,0,0,0,0,0,1000,0,0,0,58000,57000,1000,1000
08097P,嘉澤永豐9B售03  ,0,0,0,0,0,0,0,0,0,1000,0,0,0,1000,0,1000,1000
08148P,長榮航群益9B售03,0,0,0,0,0,0,0,0,0,1000,0,0,0,1000,0,1000,1000
07804P,美律永豐9A售02  ,0,0,0,0,0,0,0,0,0,1000,0,0,0,1000,0,1000,1000
03071X,元展66          ,0,0,0,0,0,0,0,0,0,1000,0,0,0,1000,0,1000,1000
03089P,華擎元大01售07  ,0,0,0,0,0,0,0,0,0,1000,0,0,0,8000,7000,1000,1000
051381,玉晶光群益98購01,0,0,0,0,0,0,0,0,0,1000,0,0,0,1000,0,1000,1000
056592,台積電元富98購01,0,0,0,0,0,0,0,0,0,1000,0,0,0,1000,0,1000,1000
056586,光罩統一98購02  ,0,0,0,0,0,0,0,0,0,1000,0,0,0,1000,0,1000,1000
056941,台郡元富9B購01  ,0,0,0,0,0,0,0,0,0,1000,0,0,0,1000,0,1000,1000
053965,聯電元大98購04  ,0,0,0,0,0,0,0,0,0,1000,0,0,0,2000,1000,1000,1000
057018,亞德客凱基98購01,0,0,0,0,0,0,0,0,0,1000,0,0,0,1000,0,1000,1000
056810,群創統一9A購01  ,0,0,0,0,0,0,0,0,0,1000,0,0,0,1000,0,1000,1000
03064X,元展59          ,0,0,0,0,0,0,0,0,0,1000,0,0,0,1000,0,1000,1000
052135,聯發科凱基9B購01,0,0,0,0,0,0,0,0,0,1000,0,0,0,1000,0,1000,1000
052142,滬深2X群益99購04,0,0,0,0,0,0,0,0,0,1000,0,0,0,1000,0,1000,1000
052788,開發金中信98購02,0,0,0,0,0,0,0,0,0,1000,0,0,0,1000,0,1000,1000
052828,滬深2X群益9A購02,0,0,0,0,0,0,0,0,0,1000,0,0,0,1000,0,1000,1000
052695,台表科中信98購01,0,0,0,0,0,0,0,0,0,1000,0,0,0,1000,0,1000,1000
052676,聯發科永昌98購01,0,0,0,0,0,0,0,0,0,1000,0,0,0,1000,0,1000,1000
00851,台新全球AI      ,0,0,0,0,0,0,0,0,0,1000,0,0,0,123000,122000,1000,1000
01003T,兆豐新光R1      ,4000,3000,1000,0,0,0,0,0,0,0,0,0,0,0,0,0,1000
00689R,國泰20年美債反1 ,0,0,0,0,0,0,0,0,0,1000,0,0,0,101000,100000,1000,1000
057266,TPK兆豐98購02   ,0,0,0,0,0,0,0,0,0,1000,0,0,0,1000,0,1000,1000
05721P,全新群益98售02  ,0,0,0,0,0,0,0,0,0,1000,0,0,0,1000,0,1000,1000
056354,國巨元大98購10  ,0,0,0,0,0,0,0,0,0,1000,0,0,0,1000,0,1000,1000
055106,台積電凱基98購05,0,0,0,0,0,0,0,0,0,1000,0,0,0,1000,0,1000,1000
055244,國巨統一98購01  ,0,0,0,0,0,0,0,0,0,1000,0,0,0,2000,1000,1000,1000
055305,旺宏群益99購01  ,0,0,0,0,0,0,0,0,0,1000,0,0,0,1000,0,1000,1000
055312,台虹群益99購01  ,0,0,0,0,0,0,0,0,0,1000,0,0,0,1000,0,1000,1000
055590,聯發科元大98購02,0,0,0,0,0,0,0,0,0,1000,0,0,0,1000,0,1000,1000
055820,矽力國票98購02  ,0,0,0,0,0,0,0,0,0,1000,0,0,0,1000,0,1000,1000
059945,嘉澤永豐99購03  ,0,0,0,0,0,0,0,0,0,1000,0,0,0,1000,0,1000,1000
057992,大立光日盛98購01,0,0,0,0,0,0,0,0,0,1000,0,0,0,1000,0,1000,1000
058024,台積電國泰9A購01,0,0,0,0,0,0,0,0,0,1000,0,0,0,1000,0,1000,1000
059964,元金2X凱基99購02,0,0,0,0,0,0,0,0,0,1000,0,0,0,1000,0,1000,1000
059952,旺宏康和99購01  ,0,0,0,0,0,0,0,0,0,1000,0,0,0,1000,0,1000,1000
058083,聯發科群益98購08,0,0,0,0,0,0,0,0,0,1000,0,0,0,1000,0,1000,1000
058029,台灣50永豐9A購01,0,0,0,0,0,0,0,0,0,1000,0,0,0,1000,0,1000,1000
057987,大立光元富98購02,0,0,0,0,0,0,0,0,0,1000,0,0,0,1000,0,1000,1000
057908,國泰金亞東99購01,0,0,0,0,0,0,0,0,0,1000,0,0,0,1000,0,1000,1000
057315,台灣50康和9A購03,0,0,0,0,0,0,0,0,0,1000,0,0,0,311000,310000,1000,1000
058469,臺股指中信9A購05,0,0,0,0,0,0,0,0,0,1000,0,0,0,1000,0,1000,1000
058721,立積元富9C購01  ,0,0,0,0,0,0,0,0,0,1000,0,0,0,11000,10000,1000,1000
059030,奇力新兆豐99購03,0,0,0,0,0,0,0,0,0,1000,0,0,0,1000,0,1000,1000
058773,和碩兆豐99購01  ,0,0,0,0,0,0,0,0,0,1000,0,0,0,1000,0,1000,1000
058591,台灣50統一9B購02,0,0,0,0,0,0,0,0,0,1000,0,0,0,1000,0,1000,1000
058616,台虹元大9A購01  ,0,0,0,0,0,0,0,0,0,1000,0,0,0,1000,0,1000,1000
059605,臺股指元大9A購42,0,0,0,0,0,0,0,0,0,1000,0,0,0,1000,0,1000,1000
059415,台灣50元大9A購03,0,0,0,0,0,0,0,0,0,1000,0,0,0,4000,3000,1000,1000
059080,亞泥元大99購01  ,0,0,0,0,0,0,0,0,0,1000,0,0,0,3000,2000,1000,1000
059115,美食永豐99購01  ,0,0,0,0,0,0,0,0,0,1000,0,0,0,1000,0,1000,1000
059176,臺股指凱基99購27,0,0,0,0,0,0,0,0,0,1000,0,0,0,1000,0,1000,1000
059215,台積電元大99購28,0,0,0,0,0,0,0,0,0,1000,0,0,0,1000,0,1000,1000
059232,台灣50凱基03購01,0,0,0,0,0,0,0,0,0,1000,0,0,0,1000,0,1000,1000
058217,新唐群益99購01  ,0,0,0,0,0,0,0,0,0,1000,0,0,0,1000,0,1000,1000
057670,欣興元大99購02  ,0,0,0,0,0,0,0,0,0,1000,0,0,0,2000,1000,1000,1000
057764,台表科凱基9A購01,0,0,0,0,0,0,0,0,0,1000,0,0,0,12000,11000,1000,1000
058898,台積電元大99購20,0,0,0,0,0,0,0,0,0,1000,0,0,0,1000,0,1000,1000
058943,元石油群益9C購01,0,0,0,0,0,0,0,0,0,1000,0,0,0,1000,0,1000,1000
058975,台灣50凱基01購02,0,0,0,0,0,0,0,0,0,1000,0,0,0,1000,0,1000,1000
063173,矽格中信9B購01  ,0,0,0,0,0,0,0,0,0,1000,0,0,0,21000,20000,1000,1000
062107,台光電國票9B購01,0,0,0,0,0,0,0,0,0,1000,0,0,0,1000,0,1000,1000
062108,晶豪科國票9B購01,0,0,0,0,0,0,0,0,0,1000,0,0,0,11000,10000,1000,1000
063204,高鐵統一9C購01  ,0,0,0,0,0,0,0,0,0,1000,0,0,0,1000,0,1000,1000
063293,億豐元大9B購01  ,0,0,0,0,0,0,0,0,0,1000,0,0,0,1000,0,1000,1000
060702,玉晶光國泰9C購02,0,0,0,0,0,0,0,0,0,1000,0,0,0,1000,0,1000,1000
060704,台積電富邦01購01,0,0,0,0,0,0,0,0,0,1000,0,0,0,1000,0,1000,1000
060752,上銀元大9A購04  ,0,0,0,0,0,0,0,0,0,1000,0,0,0,1000,0,1000,1000
062069,喬山元大9B購01  ,0,0,0,0,0,0,0,0,0,1000,0,0,0,1000,0,1000,1000
062038,鴻海凱基9B購05  ,0,0,0,0,0,0,0,0,0,1000,0,0,0,13000,12000,1000,1000
061470,鈺齊群益9A購02  ,0,0,0,0,0,0,0,0,0,1000,0,0,0,1000,0,1000,1000
063104,大立光群益9C購02,0,0,0,0,0,0,0,0,0,1000,0,0,0,1000,0,1000,1000
063105,健策群益9C購01  ,0,0,0,0,0,0,0,0,0,1000,0,0,0,2000,1000,1000,1000
063094,玉晶光國票01購03,0,0,0,0,0,0,0,0,0,1000,0,0,0,1000,0,1000,1000
063126,TPK元大9B購01   ,0,0,0,0,0,0,0,0,0,1000,0,0,0,6000,5000,1000,1000
062634,玉晶光國票9B購03,0,0,0,0,0,0,0,0,0,1000,0,0,0,1000,0,1000,1000
062663,聯發科群益9B購07,0,0,0,0,0,0,0,0,0,1000,0,0,0,3000,2000,1000,1000
060916,金像電國泰9C購01,0,0,0,0,0,0,0,0,0,1000,0,0,0,1000,0,1000,1000
060926,宏達電永豐9A購01,0,0,0,0,0,0,0,0,0,1000,0,0,0,7000,6000,1000,1000
062847,臺股指富邦9B購01,0,0,0,0,0,0,0,0,0,1000,0,0,0,1000,0,1000,1000
062893,元金2X元大9C購01,0,0,0,0,0,0,0,0,0,1000,0,0,0,1000,0,1000,1000
063034,致茂凱基9B購01  ,0,0,0,0,0,0,0,0,0,1000,0,0,0,1000,0,1000,1000
062792,臺股指元大9B購35,0,0,0,0,0,0,0,0,0,1000,0,0,0,1000,0,1000,1000
062186,晶技元大9B購05  ,0,0,0,0,0,0,0,0,0,1000,0,0,0,1000,0,1000,1000
062565,漢唐中信9C購01  ,0,0,0,0,0,0,0,0,0,1000,0,0,0,36000,35000,1000,1000
062577,泰鼎群益9B購01  ,0,0,0,0,0,0,0,0,0,1000,0,0,0,1000,0,1000,1000
062578,超眾群益9B購01  ,0,0,0,0,0,0,0,0,0,1000,0,0,0,21000,20000,1000,1000
062579,華通統一01購02  ,0,0,0,0,0,0,0,0,0,1000,0,0,0,1000,0,1000,1000
062249,台積電元大9B購01,0,0,0,0,0,0,0,0,0,1000,0,0,0,1000,0,1000,1000
061718,GIS凱基9B購01   ,0,0,0,0,0,0,0,0,0,1000,0,0,0,3000,2000,1000,1000
062526,友達統一01購01  ,0,0,0,0,0,0,0,0,0,1000,0,0,0,1000,0,1000,1000
062535,台積電麥證02購01,0,0,0,1000,0,1000,0,0,0,1000,0,0,0,1000,0,1000,1000
062536,玉晶光麥證9B購01,0,0,0,1000,0,1000,0,0,0,1000,0,0,0,1000,0,1000,1000
062444,大立光元大9C購01,0,0,0,0,0,0,0,0,0,1000,0,0,0,1000,0,1000,1000
063507,奇鋐群益9B購02  ,0,0,0,0,0,0,0,0,0,1000,0,0,0,1000,0,1000,1000
063588,華新科永豐9B購02,0,0,0,0,0,0,0,0,0,1000,0,0,0,1000,0,1000,1000
063385,可成中信9C購01  ,0,0,0,0,0,0,0,0,0,1000,0,0,0,1000,0,1000,1000
063349,台郡統一9C購01  ,0,0,0,0,0,0,0,0,0,1000,0,0,0,1000,0,1000,1000
063437,聚陽統一01購01  ,0,0,0,0,0,0,0,0,0,1000,0,0,0,1000,0,1000,1000
064192,巨大中信9C購01  ,0,0,0,0,0,0,0,0,0,1000,0,0,0,1000,0,1000,1000
064087,華新科凱基9C購03,0,0,0,0,0,0,0,0,0,1000,0,0,0,3000,2000,1000,1000
063882,玉晶光元富9C購01,0,0,0,0,0,0,0,0,0,1000,0,0,0,1000,0,1000,1000
063946,聯發科元大9C購04,0,0,0,0,0,0,0,0,0,1000,0,0,0,1000,0,1000,1000
063955,TPK元大9C購01   ,0,0,0,0,0,0,0,0,0,1000,0,0,0,7000,6000,1000,1000
064055,台郡統一02購01  ,0,0,0,0,0,0,0,0,0,1000,0,0,0,1000,0,1000,1000
064029,宏達電元大9C購01,0,0,0,0,0,0,0,0,0,1000,0,0,0,41000,40000,1000,1000
060301,國巨富邦9C購02  ,0,0,0,0,0,0,0,0,0,1000,0,0,0,1000,0,1000,1000
060275,元黃金元大9A購01,0,0,0,0,0,0,0,0,0,1000,0,0,0,1000,0,1000,1000
063800,玉晶光凱基9C購02,0,0,0,0,0,0,0,0,0,1000,0,0,0,12000,11000,1000,1000
060228,亞德客元大9A購01,0,0,0,0,0,0,0,0,0,1000,0,0,0,1000,0,1000,1000
061953,台積電台新9B購04,0,0,0,0,0,0,0,0,0,1000,0,0,0,1000,0,1000,1000
061955,FANG+統一9B購01 ,0,0,0,0,0,0,0,0,0,1000,0,0,0,5000,4000,1000,1000
060622,玉晶光元大9B購02,0,0,0,0,0,0,0,0,0,1000,0,0,0,1000,0,1000,1000
060607,玉晶光凱基9A購06,0,0,0,0,0,0,0,0,0,1000,0,0,0,1000,0,1000,1000
060581,玉晶光群益9B購02,0,0,0,0,0,0,0,0,0,1000,0,0,0,1000,0,1000,1000
060451,中石化元大9C購02,0,0,0,0,0,0,0,0,0,1000,0,0,0,1000,0,1000,1000
060430,和潤永豐9A購01  ,0,0,0,0,0,0,0,0,0,1000,0,0,0,2000,1000,1000,1000
060959,金像電凱基9A購01,0,0,0,0,0,0,0,0,0,1000,0,0,0,1000,0,1000,1000
060373,元金2X元富9A購01,0,0,0,0,0,0,0,0,0,1000,0,0,0,1000,0,1000,1000
060558,億豐凱基9A購01  ,0,0,0,0,0,0,0,0,0,1000,0,0,0,1000,0,1000,1000
060392,華擎群益9C購02  ,0,0,0,0,0,0,0,0,0,1000,0,0,0,1000,0,1000,1000
060526,台積電中信9A購02,0,0,0,0,0,0,0,0,0,1000,0,0,0,1000,0,1000,1000
060493,美律元富01購01  ,0,0,0,0,0,0,0,0,0,1000,0,0,0,1000,0,1000,1000
061037,嘉澤永豐9A購01  ,0,0,0,0,0,0,0,0,0,1000,0,0,0,1000,0,1000,1000
060044,大立光群益99購09,0,0,0,0,0,0,0,0,0,1000,0,0,0,1000,0,1000,1000
061774,T50反1國票9B購06,0,0,0,0,0,0,0,0,0,1000,0,0,0,1000,0,1000,1000
061615,鴻海群益9A購06  ,0,0,0,0,0,0,0,0,0,1000,0,0,0,1000,0,1000,1000
06110P,國巨國泰98售02  ,0,0,0,0,0,0,0,0,0,1000,0,0,0,1000,0,1000,1000
060765,世芯元大9A購01  ,0,0,0,0,0,0,0,0,0,1000,0,0,0,1000,0,1000,1000
061274,臺股指凱基9A購24,0,0,0,0,0,0,0,0,0,1000,0,0,0,1000,0,1000,1000
061295,台積電國泰9B購02,0,0,0,0,0,0,0,0,0,1000,0,0,0,1000,0,1000,1000
061326,新日興凱基9B購01,0,0,0,0,0,0,0,0,0,1000,0,0,0,1000,0,1000,1000
061349,嘉澤元大9A購02  ,0,0,0,0,0,0,0,0,0,1000,0,0,0,18000,17000,1000,1000
061346,玉晶光元大9B購03,0,0,0,0,0,0,0,0,0,1000,0,0,0,1000,0,1000,1000
064741,南亞科國票01購01,0,0,0,0,0,0,0,0,0,1000,0,0,0,14000,13000,1000,1000
064271,鴻海元大9C購08  ,0,0,0,0,0,0,0,0,0,1000,0,0,0,1000,0,1000,1000
064231,鴻海統一01購03  ,0,0,0,0,0,0,0,0,0,1000,0,0,0,1000,0,1000,1000
064442,嘉聯益凱基9C購01,0,0,0,0,0,0,0,0,0,1000,0,0,0,15000,14000,1000,1000
064432,台積電凱基9C購04,0,0,0,0,0,0,0,0,0,1000,0,0,0,10000,9000,1000,1000
065068,臺股指群益9C購16,0,0,0,0,0,0,0,0,0,1000,0,0,0,1000,0,1000,1000
065098,致伸元大9C購02  ,0,0,0,0,0,0,0,0,0,1000,0,0,0,1000,0,1000,1000
06499P,臺股指元大9A售04,0,0,0,0,0,0,0,0,0,1000,0,0,0,50000,49000,1000,1000
065457,旭富元富03購01  ,0,0,0,0,0,0,0,0,0,1000,0,0,0,1000,0,1000,1000
065462,聯發科中信03購02,0,0,0,0,0,0,0,0,0,1000,0,0,0,1000,0,1000,1000
065511,台積電群益01購02,0,0,0,0,0,0,0,0,0,1000,0,0,0,1000,0,1000,1000
06548P,大立光元大98售10,0,0,0,0,0,0,0,0,0,1000,0,0,0,1000,0,1000,1000
065334,立積國票01購02  ,0,0,0,0,0,0,0,0,0,1000,0,0,0,1000,0,1000,1000
066095,友訊中信05購01  ,0,0,0,0,0,0,0,0,0,1000,0,0,0,1000,0,1000,1000
066038,台積電元大01購07,0,0,0,0,0,0,0,0,0,1000,0,0,0,2000,1000,1000,1000
066039,台積電元大01購08,0,0,0,0,0,0,0,0,0,1000,0,0,0,1000,0,1000,1000
065759,TPK元大9C購05   ,0,0,0,0,0,0,0,0,0,1000,0,0,0,3000,2000,1000,1000
065761,中租元大9C購02  ,0,0,0,0,0,0,0,0,0,1000,0,0,0,54000,53000,1000,1000
065702,聯發科群益9C購14,0,0,0,0,0,0,0,0,0,1000,0,0,0,39000,38000,1000,1000
065671,大立光凱基9C購07,0,0,0,0,0,0,0,0,0,1000,0,0,0,1000,0,1000,1000
065661,智原永豐9C購01  ,0,0,0,0,0,0,0,0,0,1000,0,0,0,189000,188000,1000,1000
065827,正崴凱基9C購01  ,0,0,0,0,0,0,0,0,0,1000,0,0,0,6000,5000,1000,1000
06663P,鴻海兆豐98售03  ,0,0,0,0,0,0,0,0,0,1000,0,0,0,1000,0,1000,1000
066872,亞光國泰03購01  ,0,0,0,0,0,0,0,0,0,1000,0,0,0,1000,0,1000,1000
066751,矽創元大01購03  ,0,0,0,0,0,0,0,0,0,1000,0,0,0,12000,11000,1000,1000
06673P,大立光群益98售01,0,0,0,0,0,0,0,0,0,1000,0,0,0,1000,0,1000,1000
066554,嘉晶元大01購05  ,0,0,0,0,0,0,0,0,0,1000,0,0,0,90000,89000,1000,1000
3494,誠研            ,2000,1000,1000,0,0,0,0,0,0,0,0,0,0,0,0,0,1000
5515,建國            ,119000,118000,1000,0,0,0,0,0,0,0,0,0,0,0,0,0,1000
9188,精熙-DR         ,5000,4000,1000,0,0,0,0,0,0,0,0,0,0,0,0,0,1000
8467,波力-KY         ,1000,0,1000,0,0,0,0,0,0,0,0,0,0,0,0,0,1000
1530,亞崴            ,1000,0,1000,0,0,0,0,0,0,0,0,0,0,0,0,0,1000
1721,三晃            ,32000,30000,2000,0,0,0,0,0,0,-1000,0,1000,-1000,0,0,0,1000
08942P,上証2X國票02售04,0,0,0,0,0,0,0,0,0,1000,0,0,0,1000,0,1000,1000
2491,吉祥全          ,11000,10000,1000,0,0,0,0,0,0,0,0,0,0,0,0,0,1000
2236,百達-KY         ,3000,2000,1000,0,0,0,0,0,0,0,0,0,0,0,0,0,1000
008201,BP上證50        ,0,0,0,0,0,0,0,0,0,400,0,0,0,700,300,400,400
07797P,大立光國票9A售08,0,0,0,0,0,0,0,0,0,0,0,0,0,3000,3000,0,0
07772P,華新科國票9A售05,0,0,0,0,0,0,0,0,0,0,0,0,0,36000,36000,0,0
07905P,大立光群益9B售04,0,0,0,0,0,0,0,0,0,0,0,0,0,3000,3000,0,0
07888P,大立光國票9B售01,0,0,0,0,0,0,0,0,0,0,0,0,0,26000,26000,0,0
07983P,茂林群益9B售03  ,0,0,0,0,0,0,0,0,0,0,0,0,0,10000,10000,0,0
07936P,臺股指國票9B售08,0,0,0,0,0,0,0,0,0,0,0,0,0,100000,100000,0,0
08067P,大立光凱基9B售08,0,0,0,0,0,0,0,0,0,0,0,0,0,5000,5000,0,0
08059P,京鼎元大9B售02  ,0,0,0,0,0,0,0,0,0,0,0,0,0,50000,50000,0,0
07611P,大立光國票9A售05,0,0,0,0,0,0,0,0,0,0,0,0,0,5000,5000,0,0
07678P,大立光群益9A售03,0,0,0,0,0,0,0,0,0,0,0,0,0,5000,5000,0,0
07335P,臺股指國票99售20,0,1000,-1000,0,0,0,0,0,0,1000,0,0,0,1000,0,1000,0
07305P,T50正2群益99售02,0,0,0,0,0,0,0,0,0,0,0,0,0,60000,60000,0,0
07198P,臺股指元大99售14,0,0,0,0,0,0,0,0,0,0,0,0,0,70000,70000,0,0
07081P,南電群益9A售01  ,0,0,0,0,0,0,0,0,0,0,0,0,0,20000,20000,0,0
06839P,玉晶光統一9A售05,0,0,0,0,0,0,0,0,0,0,0,0,0,30000,30000,0,0
07006P,旺宏統一9B售03  ,0,0,0,0,0,0,0,0,0,0,0,0,0,1000,1000,0,0
07034P,大立光元富99售03,0,0,0,0,0,0,0,0,0,0,0,0,0,3000,3000,0,0
06970P,旺宏元大99售08  ,0,0,0,0,0,0,0,0,0,0,0,0,0,2000,2000,0,0
07014P,華通元大99售04  ,0,0,0,0,0,0,0,0,0,0,0,0,0,10000,10000,0,0
08667P,大立光國票02售01,0,0,0,0,0,0,0,0,0,0,0,0,0,5000,5000,0,0
08782P,台積電元大01售17,0,0,0,0,0,0,0,0,0,0,0,0,0,99000,99000,0,0
08855P,台灣50國票01售05,0,0,0,0,0,0,0,0,0,0,0,0,0,10000,10000,0,0
08310P,南電凱基9C售01  ,0,0,0,0,0,0,0,0,0,0,0,0,0,70000,70000,0,0
08389P,技嘉國票9C售01  ,0,0,0,0,0,0,0,0,0,0,0,0,0,74000,74000,0,0
08507P,臺股指國票9C售08,0,0,0,0,0,0,0,0,0,0,0,0,0,90000,90000,0,0
08425P,世紀鋼元富9C售03,0,0,0,0,0,0,0,0,0,0,0,0,0,50000,50000,0,0
067249,緯穎群益01購04  ,0,0,0,0,0,0,0,0,0,0,0,0,0,14000,14000,0,0
067299,燿華元大01購03  ,0,0,0,0,0,0,0,0,0,0,0,0,0,8000,8000,0,0
067287,瀚宇博國票02購01,0,0,0,0,0,0,0,0,0,0,0,0,0,38000,38000,0,0
067354,國揚群益01購03  ,0,0,0,0,0,0,0,0,0,0,0,0,0,7000,7000,0,0
067316,嘉澤元大01購03  ,0,0,0,0,0,0,0,0,0,0,0,0,0,15000,15000,0,0
06750P,聯發科元富02售03,0,0,0,0,0,0,0,0,0,0,0,0,0,5000,5000,0,0
06744P,嘉聯益永豐98售03,0,0,0,0,0,0,0,0,0,0,0,0,0,2000,2000,0,0
067446,台積電國票02購03,0,0,0,0,0,0,0,0,0,0,0,0,0,10000,10000,0,0
06691P,臺股指群益9C售05,0,0,0,0,0,0,0,0,0,0,0,0,0,2000,2000,0,0
067160,燿華國票03購01  ,0,0,0,0,0,0,0,0,0,0,0,0,0,22000,22000,0,0
06825P,臺股指國票98售01,0,0,0,0,0,0,0,0,0,0,0,0,0,50000,50000,0,0
068243,聯電元大02購02  ,0,0,0,0,0,0,0,0,0,0,0,0,0,50000,50000,0,0
068201,玉晶光凱基02購07,0,0,0,0,0,0,0,0,0,0,0,0,0,10000,10000,0,0
068078,緯創凱基02購01  ,0,0,0,0,0,0,0,0,0,0,0,0,0,2000,2000,0,0
068100,喬山永豐01購01  ,0,0,0,0,0,0,0,0,0,0,0,0,0,1000,1000,0,0
068122,彩晶元富03購01  ,0,0,0,0,0,0,0,0,0,0,0,0,0,10000,10000,0,0
067944,緯穎凱基01購04  ,0,0,0,0,0,0,0,0,0,0,0,0,0,10000,10000,0,0
067926,嘉晶兆豐01購02  ,0,0,0,0,0,0,0,0,0,0,0,0,0,3000,3000,0,0
067931,旺宏凱基01購05  ,0,0,0,0,0,0,0,0,0,0,0,0,0,4000,4000,0,0
067936,泰碩凱基01購02  ,0,0,0,0,0,0,0,0,0,0,0,0,0,30000,30000,0,0
06797P,臺股指凱基98售07,0,0,0,0,0,0,0,0,0,0,0,0,0,10000,10000,0,0
067692,鈺齊元大01購02  ,0,0,0,0,0,0,0,0,0,0,0,0,0,2000,2000,0,0
067727,聯茂凱基01購02  ,0,0,0,0,0,0,0,0,0,0,0,0,0,23000,23000,0,0
067769,國巨統一02購04  ,0,0,0,0,0,0,0,0,0,0,0,0,0,64000,64000,0,0
067747,同欣電元大01購04,0,0,0,0,0,0,0,0,0,0,0,0,0,5000,5000,0,0
067737,英業達元大01購01,0,0,0,0,0,0,0,0,0,0,0,0,0,8000,8000,0,0
067864,台光電元大01購05,0,0,0,0,0,0,0,0,0,0,0,0,0,3000,3000,0,0
067851,華邦電國票02購01,0,0,0,0,0,0,0,0,0,0,0,0,0,35000,35000,0,0
067786,緯創群益04購01  ,0,0,0,0,0,0,0,0,0,0,0,0,0,13000,13000,0,0
067813,晶技凱基01購03  ,0,0,0,0,0,0,0,0,0,0,0,0,0,10000,10000,0,0
067814,緯創凱基01購02  ,0,0,0,0,0,0,0,0,0,0,0,0,0,53000,53000,0,0
067827,富邦金兆豐03購01,0,0,0,0,0,0,0,0,0,0,0,0,0,4000,4000,0,0
067828,聯鈞兆豐03購01  ,0,0,0,0,0,0,0,0,0,0,0,0,0,31000,31000,0,0
067605,新日興凱基02購02,0,0,0,0,0,0,0,0,0,0,0,0,0,1000,1000,0,0
067550,燿華中信02購01  ,0,0,0,0,0,0,0,0,0,0,0,0,0,13000,13000,0,0
067564,訊芯國票02購01  ,0,0,0,0,0,0,0,0,0,0,0,0,0,35000,35000,0,0
00774B,新光中國政金綠債,0,0,0,0,0,0,0,0,0,0,0,0,0,2000,2000,0,0
00625K,富邦上証+R      ,0,0,0,0,0,0,0,0,0,0,0,0,0,50000,50000,0,0
00636K,國泰中國A50+U   ,0,0,0,0,0,0,0,0,0,0,0,0,0,100,100,0,0
00668K,國泰美國道瓊+U  ,0,0,0,0,0,0,0,0,0,0,0,0,0,100,100,0,0
00657K,國泰日經225+U   ,0,0,0,0,0,0,0,0,0,0,0,0,0,100,100,0,0
00707R,元大S&P日圓反1  ,0,0,0,0,0,0,0,0,0,0,0,0,0,87000,87000,0,0
052692,滬深2X中信99購02,0,0,0,0,0,0,0,0,0,0,0,0,0,2000,2000,0,0
052299,T50反1台新05購03,0,0,0,0,0,0,0,0,0,0,0,0,0,20000,20000,0,0
053378,台積電元大98購02,0,0,0,0,0,0,0,0,0,0,0,0,0,40000,40000,0,0
03061P,南電凱基01售05  ,0,0,0,0,0,0,0,0,0,0,0,0,0,15000,15000,0,0
03024P,南六群益01售02  ,0,0,0,0,0,0,0,0,0,0,0,0,0,17000,17000,0,0
053654,聯發科凱基98購01,0,0,0,0,0,0,0,0,0,0,0,0,0,1000,1000,0,0
056677,智伸科元富98購01,0,0,0,0,0,0,0,0,0,0,0,0,0,50000,50000,0,0
053818,富邦金群益98購01,0,0,0,0,0,0,0,0,0,0,0,0,0,10000,10000,0,0
056746,超眾凱基99購01  ,0,0,0,0,0,0,0,0,0,0,0,0,0,10000,10000,0,0
056997,台灣50康和9A購02,0,0,0,0,0,0,0,0,0,0,0,0,0,10000,10000,0,0
056990,聯發科兆豐98購01,0,0,0,0,0,0,0,0,0,0,0,0,0,10000,10000,0,0
056909,嘉聯益元大99購03,0,0,0,0,0,0,0,0,0,0,0,0,0,1000,1000,0,0
056585,台積電統一9A購01,0,0,0,0,0,0,0,0,0,0,0,0,0,101000,101000,0,0
056636,台積電日盛9A購01,0,0,0,0,0,0,0,0,0,0,0,0,0,50000,50000,0,0
056637,台光電日盛9A購01,0,0,0,0,0,0,0,0,0,0,0,0,0,8000,8000,0,0
050801,元金2X群益98購01,0,0,0,0,0,0,0,0,0,0,0,0,0,775000,775000,0,0
046881,智原富邦99購01  ,0,0,0,0,0,0,0,0,0,0,0,0,0,385000,385000,0,0
03108P,台積電元大01售40,0,0,0,0,0,0,0,0,0,0,0,0,0,50000,50000,0,0
03678C,臺股指凱基01牛02,0,0,0,0,0,0,0,0,0,0,0,0,0,9000,9000,0,0
057317,技嘉凱基98購02  ,0,0,0,0,0,0,0,0,0,0,0,0,0,2000,2000,0,0
054293,健策元大98購02  ,0,0,0,0,0,0,0,0,0,0,0,0,0,3000,3000,0,0
057325,可成群益9A購01  ,0,0,0,0,0,0,0,0,0,0,0,0,0,98000,98000,0,0
054437,欣興台新97購02  ,0,0,0,0,0,0,0,0,0,0,0,0,0,119000,119000,0,0
057919,技嘉凱基98購03  ,0,0,0,0,0,0,0,0,0,0,0,0,0,13000,13000,0,0
057925,貿聯凱基99購01  ,0,0,0,0,0,0,0,0,0,0,0,0,0,50000,50000,0,0
057943,可成國票99購03  ,0,0,0,0,0,0,0,0,0,0,0,0,0,20000,20000,0,0
057965,臺股指元大98購14,0,2000,-2000,0,0,0,0,0,0,2000,0,0,0,2000,0,2000,0
059949,啟碁永豐99購01  ,0,0,0,0,0,0,0,0,0,0,0,0,0,55000,55000,0,0
058078,景碩國票99購01  ,0,0,0,0,0,0,0,0,0,0,0,0,0,4000,4000,0,0
058810,國巨統一9B購04  ,0,0,0,0,0,0,0,0,0,0,0,0,0,50000,50000,0,0
055782,新日興凱基99購01,0,0,0,0,0,0,0,0,0,0,0,0,0,1000,1000,0,0
055530,聯發科群益98購01,0,0,0,0,0,0,0,0,0,0,0,0,0,40000,40000,0,0
055631,創意永豐98購01  ,0,0,0,0,0,0,0,0,0,0,0,0,0,5000,5000,0,0
057164,國巨元大98購14  ,0,0,0,0,0,0,0,0,0,0,0,0,0,1000,1000,0,0
056333,台積電日盛9B購01,0,0,0,0,0,0,0,0,0,0,0,0,0,10000,10000,0,0
056264,聯發科統一98購02,0,0,0,0,0,0,0,0,0,0,0,0,0,2000,2000,0,0
056114,台達電群益97購02,0,0,0,0,0,0,0,0,0,0,0,0,0,170000,170000,0,0
056096,超眾元富9A購01  ,0,0,0,0,0,0,0,0,0,0,0,0,0,30000,30000,0,0
055948,道瓊銀元大98購02,0,0,0,0,0,0,0,0,0,0,0,0,0,90000,90000,0,0
055919,景碩凱基98購02  ,0,0,0,0,0,0,0,0,0,0,0,0,0,5000,5000,0,0
057263,可成兆豐99購01  ,0,0,0,0,0,0,0,0,0,0,0,0,0,17000,17000,0,0
057259,台積電兆豐98購03,0,0,0,0,0,0,0,0,0,0,0,0,0,6000,6000,0,0
056412,上証2X中信9A購02,0,0,0,0,0,0,0,0,0,0,0,0,0,3000,3000,0,0
056425,聯發科日盛9A購01,0,0,0,0,0,0,0,0,0,0,0,0,0,1000,1000,0,0
056428,台達電凱基99購01,0,0,0,0,0,0,0,0,0,0,0,0,0,100000,100000,0,0
056385,創意國泰99購01  ,0,0,0,0,0,0,0,0,0,0,0,0,0,16000,16000,0,0
061474,瑞昱元大9A購04  ,0,0,0,0,0,0,0,0,0,0,0,0,0,10000,10000,0,0
061462,國巨群益9A購11  ,0,0,0,0,0,0,0,0,0,0,0,0,0,4000,4000,0,0
062071,華通元大9B購02  ,0,0,0,0,0,0,0,0,0,0,0,0,0,59000,59000,0,0
062083,健策元大9C購03  ,0,0,0,0,0,0,0,0,0,0,0,0,0,4000,4000,0,0
061398,力成中信9A購01  ,0,0,0,0,0,0,0,0,0,0,0,0,0,48000,48000,0,0
061409,力成國票9A購02  ,0,0,0,0,0,0,0,0,0,0,0,0,0,38000,38000,0,0
063306,聯茂凱基9C購01  ,0,0,0,0,0,0,0,0,0,0,0,0,0,21000,21000,0,0
063281,京元電元大9B購01,0,0,0,0,0,0,0,0,0,0,0,0,0,13000,13000,0,0
063140,聯發科統一9B購08,0,0,0,0,0,0,0,0,0,0,0,0,0,62000,62000,0,0
058958,台表科國票9A購03,0,0,0,0,0,0,0,0,0,0,0,0,0,5000,5000,0,0
060666,聯茂凱基9A購02  ,0,0,0,0,0,0,0,0,0,0,0,0,0,50000,50000,0,0
060678,聯詠元大9A購03  ,0,0,0,0,0,0,0,0,0,0,0,0,0,17000,17000,0,0
060679,聯詠元大9A購04  ,0,0,0,0,0,0,0,0,0,0,0,0,0,2000,2000,0,0
057786,聯發科國票98購05,0,0,0,0,0,0,0,0,0,0,0,0,0,1000,1000,0,0
057861,台積電凱基98購16,0,0,0,0,0,0,0,0,0,0,0,0,0,1000,1000,0,0
057843,晶技永豐98購02  ,0,0,0,0,0,0,0,0,0,0,0,0,0,1000,1000,0,0
057669,嘉晶元大99購03  ,0,0,0,0,0,0,0,0,0,0,0,0,0,16000,16000,0,0
057557,聯茂凱基99購04  ,0,0,0,0,0,0,0,0,0,0,0,0,0,16000,16000,0,0
057547,技嘉凱基99購01  ,0,0,0,0,0,0,0,0,0,0,0,0,0,1000,1000,0,0
057450,國泰金元富98購01,0,0,0,0,0,0,0,0,0,0,0,0,0,50000,50000,0,0
057480,技嘉元大98購03  ,0,0,0,0,0,0,0,0,0,0,0,0,0,1000,1000,0,0
057363,華通元大99購02  ,0,0,0,0,0,0,0,0,0,0,0,0,0,1000,1000,0,0
059817,華通凱基99購05  ,0,0,0,0,0,0,0,0,0,0,0,0,0,10000,10000,0,0
059825,嘉晶凱基99購02  ,0,0,0,0,0,0,0,0,0,0,0,0,0,5000,5000,0,0
058241,景碩元大99購05  ,0,0,0,0,0,0,0,0,0,0,0,0,0,1000,1000,0,0
058186,聯發科永豐99購01,0,0,0,0,0,0,0,0,0,0,0,0,0,68000,68000,0,0
059253,康控凱基9B購02  ,0,0,0,0,0,0,0,0,0,0,0,0,0,21000,21000,0,0
059247,可成凱基99購05  ,0,0,0,0,0,0,0,0,0,0,0,0,0,5000,5000,0,0
059214,國巨元大99購20  ,0,0,0,0,0,0,0,0,0,0,0,0,0,7000,7000,0,0
059172,台郡凱基99購03  ,0,0,0,0,0,0,0,0,0,0,0,0,0,10000,10000,0,0
059195,國巨永豐99購04  ,0,0,0,0,0,0,0,0,0,0,0,0,0,30000,30000,0,0
059067,上銀國票9A購02  ,0,0,0,0,0,0,0,0,0,0,0,0,0,25000,25000,0,0
059443,嘉聯益元大9B購01,0,0,0,0,0,0,0,0,0,0,0,0,0,1000,1000,0,0
059389,國巨凱基99購14  ,0,0,0,0,0,0,0,0,0,0,0,0,0,8000,8000,0,0
059334,A50正2國票9A購02,0,0,0,0,0,0,0,0,0,0,0,0,0,5000,5000,0,0
059341,台積電凱基99購15,0,0,0,0,0,0,0,0,0,0,0,0,0,1000,1000,0,0
059528,華新科凱基99購06,0,0,0,0,0,0,0,0,0,0,0,0,0,1000,1000,0,0
059530,華新科凱基9A購05,0,0,0,0,0,0,0,0,0,0,0,0,0,1000,1000,0,0
059531,華新科凱基9B購02,0,0,0,0,0,0,0,0,0,0,0,0,0,1000,1000,0,0
059625,國巨凱基99購17  ,0,0,0,0,0,0,0,0,0,0,0,0,0,8000,8000,0,0
059595,華新科元大9A購03,0,0,0,0,0,0,0,0,0,0,0,0,0,5000,5000,0,0
059699,華通凱基99購04  ,0,0,0,0,0,0,0,0,0,0,0,0,0,10000,10000,0,0
059662,旭富元大9C購01  ,0,0,0,0,0,0,0,0,0,0,0,0,0,9000,9000,0,0
059783,旺宏元大99購17  ,0,0,0,0,0,0,0,0,0,0,0,0,0,2000,2000,0,0
058611,欣興元大99購06  ,0,0,0,0,0,0,0,0,0,0,0,0,0,1000,1000,0,0
058612,健策元大99購02  ,0,0,0,0,0,0,0,0,0,0,0,0,0,8000,8000,0,0
058594,台灣50元富9B購03,0,0,0,0,0,0,0,0,0,0,0,0,0,120000,120000,0,0
058602,台積電元大99購11,0,0,0,0,0,0,0,0,0,0,0,0,0,1000,1000,0,0
058649,健策永豐99購01  ,0,0,0,0,0,0,0,0,0,0,0,0,0,2000,2000,0,0
058568,宏達電凱基9A購02,0,0,0,0,0,0,0,0,0,0,0,0,0,6000,6000,0,0
058579,聯發科群益99購04,0,0,0,0,0,0,0,0,0,0,0,0,0,2000,2000,0,0
059036,可成群益9B購03  ,0,0,0,0,0,0,0,0,0,0,0,0,0,39000,39000,0,0
058752,鈺齊凱基9A購01  ,0,0,0,0,0,0,0,0,0,0,0,0,0,6000,6000,0,0
058730,玉晶光永豐9A購01,0,0,0,0,0,0,0,0,0,0,0,0,0,10000,10000,0,0
058693,旭富國票9A購01  ,0,0,0,0,0,0,0,0,0,0,0,0,0,35000,35000,0,0
058470,台灣50日盛9B購02,0,0,0,0,0,0,0,0,0,0,0,0,0,150000,150000,0,0
058464,矽創兆豐9A購01  ,0,0,0,0,0,0,0,0,0,0,0,0,0,25000,25000,0,0
058455,玉晶光永豐99購03,0,0,0,0,0,0,0,0,0,0,0,0,0,1000,1000,0,0
058487,晶技國票9A購01  ,0,0,0,0,0,0,0,0,0,0,0,0,0,4000,4000,0,0
058419,聯發科麥證99購02,0,0,0,322000,0,322000,0,0,0,0,0,0,0,322000,322000,0,0
058420,聯發科麥證99購03,0,0,0,40000,0,40000,0,0,0,0,0,0,0,40000,40000,0,0
058403,玉晶光元大99購12,0,0,0,0,0,0,0,0,0,0,0,0,0,33000,33000,0,0
058432,台積電統一9B購03,0,0,0,0,0,0,0,0,0,0,0,0,0,60000,60000,0,0
058448,滬深2X永豐9A購01,0,0,0,0,0,0,0,0,0,0,0,0,0,21000,21000,0,0
058249,緯穎元大99購04  ,0,0,0,0,0,0,0,0,0,0,0,0,0,79000,79000,0,0
058367,大立光凱基9A購01,0,0,0,0,0,0,0,0,0,0,0,0,0,10000,10000,0,0
061303,玉晶光永豐9B購03,0,0,0,0,0,0,0,0,0,0,0,0,0,10000,10000,0,0
061325,晶技凱基9A購03  ,0,0,0,0,0,0,0,0,0,0,0,0,0,10000,10000,0,0
061619,大立光群益9B購01,0,0,0,0,0,0,0,0,0,0,0,0,0,2000,2000,0,0
061643,嘉澤元大9A購05  ,0,0,0,0,0,0,0,0,0,0,0,0,0,2000,2000,0,0
061586,智邦富邦9A購02  ,0,0,0,0,0,0,0,0,0,0,0,0,0,3000,3000,0,0
061799,奇鋐永豐9B購01  ,0,0,0,0,0,0,0,0,0,0,0,0,0,55000,55000,0,0
061229,緯穎中信9B購01  ,0,0,0,0,0,0,0,0,0,0,0,0,0,3000,3000,0,0
061215,健策元大9A購06  ,0,0,0,0,0,0,0,0,0,0,0,0,0,1000,1000,0,0
061038,TPK永豐9A購01   ,0,0,0,0,0,0,0,0,0,0,0,0,0,4000,4000,0,0
061018,台積電國票9B購05,0,0,0,0,0,0,0,0,0,0,0,0,0,5000,5000,0,0
061020,超眾國票9A購02  ,0,0,0,0,0,0,0,0,0,0,0,0,0,30000,30000,0,0
060965,中租凱基9B購01  ,0,0,0,0,0,0,0,0,0,0,0,0,0,10000,10000,0,0
060350,元黃金元富9B購01,0,0,0,0,0,0,0,0,0,0,0,0,0,1000,1000,0,0
060456,正隆元大9A購01  ,0,0,0,0,0,0,0,0,0,0,0,0,0,5000,5000,0,0
060610,玉晶光凱基9B購02,0,0,0,0,0,0,0,0,0,0,0,0,0,10000,10000,0,0
060621,玉晶光元大9A購05,0,0,0,0,0,0,0,0,0,0,0,0,0,10000,10000,0,0
060630,國巨富邦9C購03  ,0,0,0,0,0,0,0,0,0,0,0,0,0,4000,4000,0,0
061907,裕隆中信9B購01  ,0,0,0,0,0,0,0,0,0,0,0,0,0,10000,10000,0,0
060220,華新科凱基9A購08,0,0,0,0,0,0,0,0,0,0,0,0,0,21000,21000,0,0
060156,光磊永豐9A購01  ,0,0,0,0,0,0,0,0,0,0,0,0,0,5000,5000,0,0
063798,台積電凱基02購03,0,0,0,0,0,0,0,0,0,0,0,0,0,1000,1000,0,0
063790,南亞科台新9C購01,0,0,0,0,0,0,0,0,0,0,0,0,0,3000,3000,0,0
063783,儒鴻中信9C購01  ,0,0,0,0,0,0,0,0,0,0,0,0,0,48000,48000,0,0
063816,TPK群益9C購01   ,0,0,0,0,0,0,0,0,0,0,0,0,0,6000,6000,0,0
063714,超眾凱基9B購03  ,0,0,0,0,0,0,0,0,0,0,0,0,0,9000,9000,0,0
064009,超眾凱基01購01  ,0,0,0,0,0,0,0,0,0,0,0,0,0,10000,10000,0,0
063971,健鼎國票01購01  ,0,0,0,0,0,0,0,0,0,0,0,0,0,25000,25000,0,0
064001,華通凱基02購01  ,0,0,0,0,0,0,0,0,0,0,0,0,0,15000,15000,0,0
063993,華通群益01購01  ,0,0,0,0,0,0,0,0,0,0,0,0,0,39000,39000,0,0
064081,國產中信06購01  ,0,0,0,0,0,0,0,0,0,0,0,0,0,20000,20000,0,0
064120,鴻海元大9C購07  ,0,0,0,0,0,0,0,0,0,0,0,0,0,6000,6000,0,0
064113,新日興國票01購01,0,0,0,0,0,0,0,0,0,0,0,0,0,6000,6000,0,0
064185,裕隆永豐9C購01  ,0,0,0,0,0,0,0,0,0,0,0,0,0,68000,68000,0,0
064173,國產元富9C購01  ,0,0,0,0,0,0,0,0,0,0,0,0,0,10000,10000,0,0
063424,新日興凱基01購01,0,0,0,0,0,0,0,0,0,0,0,0,0,2000,2000,0,0
063422,奇鋐凱基9B購04  ,0,0,0,0,0,0,0,0,0,0,0,0,0,16000,16000,0,0
063431,神隆元富9B購01  ,0,0,0,0,0,0,0,0,0,0,0,0,0,10000,10000,0,0
063416,台積電凱基9B購10,0,0,0,0,0,0,0,0,0,0,0,0,0,23000,23000,0,0
063328,京元電國票9C購02,0,0,0,0,0,0,0,0,0,0,0,0,0,4000,4000,0,0
063329,健策國票9C購01  ,0,0,0,0,0,0,0,0,0,0,0,0,0,28000,28000,0,0
063608,力成凱基9B購03  ,0,0,0,0,0,0,0,0,0,0,0,0,0,20000,20000,0,0
063392,聯電群益9B購02  ,0,0,0,0,0,0,0,0,0,0,0,0,0,1000,1000,0,0
063594,上銀中信9C購01  ,0,0,0,0,0,0,0,0,0,0,0,0,0,18000,18000,0,0
063529,聯茂凱基9B購02  ,0,0,0,0,0,0,0,0,0,0,0,0,0,18000,18000,0,0
063530,同欣電凱基9C購02,0,0,0,0,0,0,0,0,0,0,0,0,0,10000,10000,0,0
06350P,臺股指台新99售02,0,0,0,0,0,0,0,0,0,0,0,0,0,250000,250000,0,0
062438,台光電元大9B購04,0,0,0,0,0,0,0,0,0,0,0,0,0,3000,3000,0,0
062455,鴻海群益9C購01  ,0,0,0,0,0,0,0,0,0,0,0,0,0,3000,3000,0,0
062448,健策元大9C購04  ,0,0,0,0,0,0,0,0,0,0,0,0,0,1000,1000,0,0
062457,京元電群益9B購01,0,0,0,0,0,0,0,0,0,0,0,0,0,21000,21000,0,0
062538,台積電國泰9C購02,0,0,0,0,0,0,0,0,0,0,0,0,0,22000,22000,0,0
061481,嘉澤元大9A購03  ,0,0,0,0,0,0,0,0,0,0,0,0,0,4000,4000,0,0
061482,健策元大9C購01  ,0,0,0,0,0,0,0,0,0,0,0,0,0,3000,3000,0,0
061704,景碩國票9A購01  ,0,0,0,0,0,0,0,0,0,0,0,0,0,3000,3000,0,0
062403,健策永豐9B購06  ,0,0,0,0,0,0,0,0,0,0,0,0,0,1000,1000,0,0
062387,健策國泰01購01  ,0,0,0,0,0,0,0,0,0,0,0,0,0,4000,4000,0,0
062371,健策元大9B購08  ,0,0,0,0,0,0,0,0,0,0,0,0,0,9000,9000,0,0
062356,國巨元大9B購10  ,0,0,0,0,0,0,0,0,0,0,0,0,0,1000,1000,0,0
062357,國巨元大9B購11  ,0,0,0,0,0,0,0,0,0,0,0,0,0,1000,1000,0,0
062252,華邦電元大9C購01,0,0,0,0,0,0,0,0,0,0,0,0,0,50000,50000,0,0
062254,台光電元大9B購02,0,0,0,0,0,0,0,0,0,0,0,0,0,3000,3000,0,0
062203,燿華國票9C購01  ,0,0,0,0,0,0,0,0,0,0,0,0,0,400000,400000,0,0
062553,台積電凱基9B購07,0,0,0,0,0,0,0,0,0,0,0,0,0,11000,11000,0,0
061573,義隆元大9A購02  ,0,0,0,0,0,0,0,0,0,0,0,0,0,15000,15000,0,0
061567,華通元大9A購11  ,0,0,0,0,0,0,0,0,0,0,0,0,0,9000,9000,0,0
061524,華通凱基9A購07  ,0,0,0,0,0,0,0,0,0,0,0,0,0,20000,20000,0,0
062191,台郡元大9B購05  ,0,0,0,0,0,0,0,0,0,0,0,0,0,16000,16000,0,0
062116,元金2X第一9B購01,0,0,0,0,0,0,0,0,0,0,0,0,0,62000,62000,0,0
062261,嘉晶元大9B購02  ,0,0,0,0,0,0,0,0,0,0,0,0,0,15000,15000,0,0
062796,技嘉統一9C購01  ,0,0,0,0,0,0,0,0,0,0,0,0,0,43000,43000,0,0
062804,玉晶光統一9C購04,0,0,0,0,0,0,0,0,0,0,0,0,0,20000,20000,0,0
063043,台灣50兆豐9B購02,0,0,0,0,0,0,0,0,0,0,0,0,0,450000,450000,0,0
063062,群創元富9B購01  ,0,0,0,0,0,0,0,0,0,0,0,0,0,10000,10000,0,0
063033,台積電凱基9B購09,0,0,0,0,0,0,0,0,0,0,0,0,0,2000,2000,0,0
062986,T50反1中信02購01,0,0,0,0,0,0,0,0,0,0,0,0,0,1938000,1938000,0,0
062940,華新科凱基9C購02,0,0,0,0,0,0,0,0,0,0,0,0,0,2000,2000,0,0
062943,世芯凱基9B購03  ,0,0,0,0,0,0,0,0,0,0,0,0,0,10000,10000,0,0
060876,國巨中信9A購04  ,0,0,0,0,0,0,0,0,0,0,0,0,0,5000,5000,0,0
062669,微星中信03購01  ,0,0,0,0,0,0,0,0,0,0,0,0,0,20000,20000,0,0
062641,瀚宇博國票9B購01,0,0,0,0,0,0,0,0,0,0,0,0,0,38000,38000,0,0
063127,TPK元大9B購02   ,0,0,0,0,0,0,0,0,0,0,0,0,0,3000,3000,0,0
063132,台表科元大9C購02,0,0,0,0,0,0,0,0,0,0,0,0,0,27000,27000,0,0
063084,可成凱基9C購01  ,0,0,0,0,0,0,0,0,0,0,0,0,0,3000,3000,0,0
063087,南六凱基9C購02  ,0,0,0,0,0,0,0,0,0,0,0,0,0,8000,8000,0,0
066519,達方永豐01購01  ,0,0,0,0,0,0,0,0,0,0,0,0,0,15000,15000,0,0
066329,達欣工永豐01購01,0,0,0,0,0,0,0,0,0,0,0,0,0,30000,30000,0,0
066290,台塑化元大01購01,0,0,0,0,0,0,0,0,0,0,0,0,0,2000,2000,0,0
066298,美利達元大01購02,0,0,0,0,0,0,0,0,0,0,0,0,0,60000,60000,0,0
066354,緯穎永豐01購01  ,0,0,0,0,0,0,0,0,0,0,0,0,0,2000,2000,0,0
066381,景碩康和01購01  ,0,0,0,0,0,0,0,0,0,0,0,0,0,2000,2000,0,0
066804,緯創凱基01購01  ,0,0,0,0,0,0,0,0,0,0,0,0,0,53000,53000,0,0
066858,聯鈞國票02購01  ,0,0,0,0,0,0,0,0,0,0,0,0,0,38000,38000,0,0
066613,燿華麥證01購01  ,0,0,0,10000,0,10000,0,0,0,0,0,0,0,10000,10000,0,0
066732,可成元大01購06  ,0,0,0,0,0,0,0,0,0,0,0,0,0,3000,3000,0,0
066691,京元電台新01購01,0,0,0,0,0,0,0,0,0,0,0,0,0,31000,31000,0,0
066667,群創凱基03購03  ,0,0,0,0,0,0,0,0,0,0,0,0,0,5000,5000,0,0
065845,友達元大9C購12  ,0,0,0,0,0,0,0,0,0,0,0,0,0,40000,40000,0,0
065788,緯創永豐9C購02  ,0,0,0,0,0,0,0,0,0,0,0,0,0,3000,3000,0,0
065868,燿華群益02購01  ,0,0,0,0,0,0,0,0,0,0,0,0,0,49000,49000,0,0
065879,瑞祺群益9C購02  ,0,0,0,0,0,0,0,0,0,0,0,0,0,3000,3000,0,0
065901,台積電富邦03購04,0,0,0,0,0,0,0,0,0,0,0,0,0,10000,10000,0,0
065650,旭富元大9C購07  ,0,0,0,0,0,0,0,0,0,0,0,0,0,68000,68000,0,0
065709,瀚宇博群益9C購01,0,0,0,0,0,0,0,0,0,0,0,0,0,20000,20000,0,0
065763,台表科元大9C購14,0,0,0,0,0,0,0,0,0,0,0,0,0,1000,1000,0,0
065969,台積電元大01購06,0,0,0,0,0,0,0,0,0,0,0,0,0,1000,1000,0,0
065956,緯創統一01購01  ,0,0,0,0,0,0,0,0,0,0,0,0,0,40000,40000,0,0
065965,國巨元大01購05  ,0,0,0,0,0,0,0,0,0,0,0,0,0,1000,1000,0,0
065991,牧德永豐01購01  ,0,0,0,0,0,0,0,0,0,0,0,0,0,10000,10000,0,0
066155,華碩康和01購01  ,0,0,0,0,0,0,0,0,0,0,0,0,0,25000,25000,0,0
066158,惠特康和01購01  ,0,0,0,0,0,0,0,0,0,0,0,0,0,68000,68000,0,0
066147,美利達群益01購01,0,0,0,0,0,0,0,0,0,0,0,0,0,5000,5000,0,0
066144,惠特群益01購02  ,0,0,0,0,0,0,0,0,0,0,0,0,0,5000,5000,0,0
065304,台勝科元富03購01,0,0,0,0,0,0,0,0,0,0,0,0,0,50000,50000,0,0
065282,國巨群益9C購14  ,0,0,0,0,0,0,0,0,0,0,0,0,0,3000,3000,0,0
065268,嘉澤元大9C購02  ,0,0,0,0,0,0,0,0,0,0,0,0,0,4000,4000,0,0
065275,台灣50群益02購02,0,0,0,0,0,0,0,0,0,0,0,0,0,25000,25000,0,0
065276,台灣50群益02購03,0,0,0,0,0,0,0,0,0,0,0,0,0,45000,45000,0,0
065399,新日興群益01購01,0,0,0,0,0,0,0,0,0,0,0,0,0,4000,4000,0,0
065491,華新科國泰02購01,0,0,0,0,0,0,0,0,0,0,0,0,0,13000,13000,0,0
065484,康友元大9C購01  ,0,0,0,0,0,0,0,0,0,0,0,0,0,68000,68000,0,0
065435,臻鼎凱基02購01  ,0,0,0,0,0,0,0,0,0,0,0,0,0,9000,9000,0,0
065426,台積電凱基01購09,0,0,0,0,0,0,0,0,0,0,0,0,0,7000,7000,0,0
065568,台積電群益01購04,0,0,0,0,0,0,0,0,0,0,0,0,0,64000,64000,0,0
065534,台光電統一9C購02,0,0,0,0,0,0,0,0,0,0,0,0,0,40000,40000,0,0
064985,台表科元大9C購09,0,0,0,0,0,0,0,0,0,0,0,0,0,1000,1000,0,0
064973,智邦元大9C購06  ,0,0,0,0,0,0,0,0,0,0,0,0,0,11000,11000,0,0
064900,景碩群益01購01  ,0,0,0,0,0,0,0,0,0,0,0,0,0,42000,42000,0,0
064901,牧德群益9C購01  ,0,0,0,0,0,0,0,0,0,0,0,0,0,56000,56000,0,0
064937,英業達元富9C購01,0,0,0,0,0,0,0,0,0,0,0,0,0,26000,26000,0,0
065244,聯發科兆豐9C購05,0,0,0,0,0,0,0,0,0,0,0,0,0,20000,20000,0,0
064427,喬山凱基01購01  ,0,0,0,0,0,0,0,0,0,0,0,0,0,5000,5000,0,0
064398,聚陽凱基01購01  ,0,0,0,0,0,0,0,0,0,0,0,0,0,70000,70000,0,0
064514,喬山群益9C購01  ,0,0,0,0,0,0,0,0,0,0,0,0,0,4000,4000,0,0
064498,可成元大01購03  ,0,0,0,0,0,0,0,0,0,0,0,0,0,9000,9000,0,0
064275,台光電元大9C購03,0,0,0,0,0,0,0,0,0,0,0,0,0,26000,26000,0,0
064281,大立光元大9C購12,0,0,0,0,0,0,0,0,0,0,0,0,0,68000,68000,0,0
064307,聚陽群益9C購03  ,0,0,0,0,0,0,0,0,0,0,0,0,0,2000,2000,0,0
064333,義隆元大9C購02  ,0,0,0,0,0,0,0,0,0,0,0,0,0,1000,1000,0,0
064381,道瓊銀國泰02購01,0,0,0,0,0,0,0,0,0,0,0,0,0,13000,13000,0,0
064790,金像電國票01購01,0,0,0,0,0,0,0,0,0,0,0,0,0,21000,21000,0,0
064886,燿華中信01購01  ,0,0,0,0,0,0,0,0,0,0,0,0,0,10000,10000,0,0
064898,國產群益9C購01  ,0,0,0,0,0,0,0,0,0,0,0,0,0,1000,1000,0,0
064831,宏達電統一02購01,0,0,0,0,0,0,0,0,0,0,0,0,0,85000,85000,0,0
064858,鴻海富邦01購01  ,0,0,0,0,0,0,0,0,0,0,0,0,0,10000,10000,0,0
064852,智邦台新9C購04  ,0,0,0,0,0,0,0,0,0,0,0,0,0,10000,10000,0,0
064608,滬深2X元大9C購11,0,0,0,0,0,0,0,0,0,0,0,0,0,20000,20000,0,0
064609,滬深2X元大9C購12,0,0,0,0,0,0,0,0,0,0,0,0,0,21000,21000,0,0
064615,智邦元大01購01  ,0,0,0,0,0,0,0,0,0,0,0,0,0,1000,1000,0,0
064736,超眾元富9C購04  ,0,0,0,0,0,0,0,0,0,0,0,0,0,5000,5000,0,0
064693,玉晶光群益01購06,0,0,0,0,0,0,0,0,0,0,0,0,0,11000,11000,0,0
2702,華園            ,23000,23000,0,0,0,0,0,0,0,0,0,0,0,0,0,0,0
2712,遠雄來          ,1000,2000,-1000,0,0,0,0,0,0,1000,1000,0,1000,0,0,0,0
2910,統領            ,2000,2000,0,0,0,0,0,0,0,0,0,0,0,0,0,0,0
08954P,台灣50凱基04售08,0,0,0,0,0,0,0,0,0,0,0,0,0,20000,20000,0,0
6172,互億            ,2000,1000,1000,0,0,0,0,0,0,-1000,0,1000,-1000,0,0,0,0
4557,永新-KY         ,4000,4000,0,0,0,0,0,0,0,0,0,0,0,0,0,0,0
067606,京鼎凱基01購04  ,0,0,0,0,0,0,0,0,0,-1000,0,0,0,38000,39000,-1000,-1000
067822,同欣電凱基01購02,0,0,0,0,0,0,0,0,0,-1000,0,0,0,0,1000,-1000,-1000
067934,美律凱基01購01  ,0,0,0,0,0,0,0,0,0,-1000,0,0,0,40000,41000,-1000,-1000
068136,香港2X元大01購01,0,0,0,0,0,0,0,0,0,-1000,0,0,0,0,1000,-1000,-1000
068114,富邦金元富07購01,0,0,0,0,0,0,0,0,0,-1000,0,0,0,0,1000,-1000,-1000
068116,欣興元富07購01  ,0,0,0,0,0,0,0,0,0,-1000,0,0,0,45000,46000,-1000,-1000
068237,滬深2X元大03購08,0,0,0,0,0,0,0,0,0,-1000,0,0,0,0,1000,-1000,-1000
066888,長榮航中信07購01,0,0,0,0,0,0,0,0,0,-1000,0,0,0,1000,2000,-1000,-1000
067013,致新永豐01購01  ,0,0,0,0,0,0,0,0,0,-1000,0,0,0,0,1000,-1000,-1000
067476,台光電元大01購04,0,0,0,0,0,0,0,0,0,-1000,0,0,0,142000,143000,-1000,-1000
067431,新光金凱基01購01,0,0,0,0,0,0,0,0,0,-1000,0,0,0,9000,10000,-1000,-1000
067387,智邦元富04購01  ,0,0,0,0,0,0,0,0,0,-1000,0,0,0,0,1000,-1000,-1000
067363,同欣電群益01購02,0,0,0,0,0,0,0,0,0,-1000,0,0,0,20000,21000,-1000,-1000
067324,巨大元大01購04  ,0,0,0,0,0,0,0,0,0,-1000,0,0,0,100000,101000,-1000,-1000
067297,台積電元大02購03,0,0,0,0,0,0,0,0,0,-1000,0,0,0,352000,353000,-1000,-1000
08408P,臺股指元大9C售14,0,0,0,0,0,0,0,0,0,-1000,0,0,0,0,1000,-1000,-1000
08537P,台光電國票01售03,0,0,0,0,0,0,0,0,0,-1000,0,0,0,0,1000,-1000,-1000
08857P,台灣50國票01售07,0,0,0,0,0,0,0,0,0,-1000,0,0,0,0,1000,-1000,-1000
08891P,國巨元大01售11  ,0,0,0,0,0,0,0,0,0,-1000,0,0,0,0,1000,-1000,-1000
08919P,臺股指凱基01售10,0,0,0,0,0,0,0,0,0,-1000,0,0,0,0,1000,-1000,-1000
08839P,臺股指麥證01售06,0,0,0,0,1000,-1000,0,0,0,-1000,0,0,0,0,1000,-1000,-1000
08829P,滬深2X群益01售07,0,0,0,0,0,0,0,0,0,-1000,0,0,0,2000,3000,-1000,-1000
08830P,A50正2群益01售05,0,0,0,0,0,0,0,0,0,-1000,0,0,0,2000,3000,-1000,-1000
06931P,大立光元大98售20,0,0,0,0,0,0,0,0,0,-1000,0,0,0,0,1000,-1000,-1000
07129P,華新科元大99售14,0,0,0,0,0,0,0,0,0,-1000,0,0,0,20000,21000,-1000,-1000
07228P,台灣50群益9B售06,0,0,0,0,0,0,0,0,0,-1000,0,0,0,0,1000,-1000,-1000
07451P,鴻海元大9B售01  ,0,0,0,0,0,0,0,0,0,-1000,0,0,0,0,1000,-1000,-1000
07668P,旺宏元大9A售10  ,0,0,0,0,0,0,0,0,0,-1000,0,0,0,0,1000,-1000,-1000
08075P,聯電群益9C售01  ,0,0,0,0,0,0,0,0,0,-1000,0,0,0,21000,22000,-1000,-1000
08162P,台灣50台新9C售06,0,0,0,0,0,0,0,0,0,-1000,0,0,0,0,1000,-1000,-1000
07900P,臺股指凱基9B售03,0,0,0,0,0,0,0,0,0,-1000,0,0,0,0,1000,-1000,-1000
07876P,台灣50國泰01售01,0,0,0,0,0,0,0,0,0,-1000,0,0,0,0,1000,-1000,-1000
07786P,南電中信9C售01  ,0,0,0,0,0,0,0,0,0,-1000,0,0,0,64000,65000,-1000,-1000
07752P,台灣50元大9C售33,0,0,0,0,0,0,0,0,0,-1000,0,0,0,9000,10000,-1000,-1000
08938P,大立光元大01售15,0,0,0,0,0,0,0,0,0,-1000,0,0,0,0,1000,-1000,-1000
058331,鴻海元富99購02  ,0,0,0,0,0,0,0,0,0,-1000,0,0,0,0,1000,-1000,-1000
060011,臺股指群益9C購06,0,0,0,0,0,0,0,0,0,-1000,0,0,0,0,1000,-1000,-1000
058292,上銀凱基9A購01  ,0,0,0,0,0,0,0,0,0,-1000,0,0,0,0,1000,-1000,-1000
058449,台積電永豐99購01,0,0,0,0,0,0,0,0,0,-1000,0,0,0,0,1000,-1000,-1000
058421,國泰金麥證01購01,0,0,0,0,1000,-1000,0,0,0,-1000,0,0,0,0,1000,-1000,-1000
05875P,旺宏群益98售01  ,0,0,0,0,0,0,0,0,0,-1000,0,0,0,0,1000,-1000,-1000
058743,可成康和99購01  ,0,0,0,0,0,0,0,0,0,-1000,0,0,0,0,1000,-1000,-1000
059064,緯穎凱基99購02  ,0,0,0,0,0,0,0,0,0,-1000,0,0,0,0,1000,-1000,-1000
059717,國巨元大99購21  ,0,0,0,0,0,0,0,0,0,-1000,0,0,0,3000,4000,-1000,-1000
059727,大立光元大9A購01,0,0,0,0,0,0,0,0,0,-1000,0,0,0,0,1000,-1000,-1000
059650,緯穎凱基99購04  ,0,0,0,0,0,0,0,0,0,-1000,0,0,0,0,1000,-1000,-1000
059700,鴻海凱基9A購16  ,0,0,0,0,0,0,0,0,0,-1000,0,0,0,0,1000,-1000,-1000
059688,燿華永豐99購01  ,0,0,0,0,0,0,0,0,0,-1000,0,0,0,0,1000,-1000,-1000
059571,奇力新凱基99購06,0,0,0,0,0,0,0,0,0,-1000,0,0,0,0,1000,-1000,-1000
059160,華通凱基99購03  ,0,0,0,0,0,0,0,0,0,-1000,0,0,0,0,1000,-1000,-1000
057514,華新科元富99購03,0,0,0,0,0,0,0,0,0,-1000,0,0,0,0,1000,-1000,-1000
057549,台光電凱基98購05,0,0,0,0,0,0,0,0,0,-1000,0,0,0,0,1000,-1000,-1000
057589,超眾國票9A購01  ,0,0,0,0,0,0,0,0,0,-1000,0,0,0,0,1000,-1000,-1000
057685,台灣50凱基9C購01,0,0,0,0,0,0,0,0,0,-1000,0,0,0,103000,104000,-1000,-1000
057718,旺宏元富02購02  ,0,0,0,0,0,0,0,0,0,-1000,0,0,0,2000,3000,-1000,-1000
058925,旭富元富99購02  ,0,0,0,0,0,0,0,0,0,-1000,0,0,0,4000,5000,-1000,-1000
063212,聯發科國票9C購02,0,0,0,0,0,0,0,0,0,-1000,0,0,0,0,1000,-1000,-1000
061428,南六元大9A購01  ,0,0,0,0,0,0,0,0,0,-1000,0,0,0,3000,4000,-1000,-1000
062086,瑞祺元大9B購01  ,0,0,0,0,0,0,0,0,0,-1000,0,0,0,74000,75000,-1000,-1000
062060,奇鋐統一9C購01  ,0,0,0,0,0,0,0,0,0,-1000,0,0,0,114000,115000,-1000,-1000
061475,漢唐元大9A購01  ,0,0,0,0,0,0,0,0,0,-1000,0,0,0,0,1000,-1000,-1000
057260,微星兆豐98購01  ,0,0,0,0,0,0,0,0,0,-1000,0,0,0,0,1000,-1000,-1000
054589,聯鈞國泰99購01  ,0,0,0,0,0,0,0,0,0,-1000,0,0,0,0,1000,-1000,-1000
055228,聯發科國票98購03,0,0,0,0,0,0,0,0,0,-1000,0,0,0,3000,4000,-1000,-1000
054935,華通元大98購03  ,0,0,0,0,0,0,0,0,0,-1000,0,0,0,0,1000,-1000,-1000
058831,茂林永豐99購01  ,0,0,0,0,0,0,0,0,0,-1000,0,0,0,1000,2000,-1000,-1000
059836,大立光國泰9B購02,0,0,0,0,0,0,0,0,0,-1000,0,0,0,0,1000,-1000,-1000
059941,聯發科永豐99購04,0,0,0,0,0,0,0,0,0,-1000,0,0,0,0,1000,-1000,-1000
058015,旺宏凱基99購02  ,0,0,0,0,0,0,0,0,0,-1000,0,0,0,0,1000,-1000,-1000
057902,嘉晶永豐98購02  ,0,0,0,0,0,0,0,0,0,-1000,0,0,0,51000,52000,-1000,-1000
054509,上証反元大99購01,0,0,0,0,0,0,0,0,0,-1000,0,0,0,0,1000,-1000,-1000
057327,玉晶光群益9A購04,0,0,0,0,0,0,0,0,0,-1000,0,0,0,0,1000,-1000,-1000
03675C,臺股指元大04牛02,0,0,0,0,0,0,0,0,0,-1000,0,0,0,0,1000,-1000,-1000
03109P,台積電元大01售41,0,0,0,0,0,0,0,0,0,-1000,0,0,0,0,1000,-1000,-1000
046793,聯發科元富99購01,0,0,0,0,0,0,0,0,0,-1000,0,0,0,270000,271000,-1000,-1000
056881,台灣50康和9A購01,0,0,0,0,0,0,0,0,0,-1000,0,0,0,40000,41000,-1000,-1000
03039X,元展36          ,0,0,0,0,0,0,0,0,0,-1000,0,0,0,0,1000,-1000,-1000
053185,友達中信99購01  ,0,0,0,0,0,0,0,0,0,-1000,0,0,0,0,1000,-1000,-1000
052619,茂林國泰99購01  ,0,0,0,0,0,0,0,0,0,-1000,0,0,0,0,1000,-1000,-1000
00732,國泰RMB短期報酬 ,0,0,0,0,0,0,0,0,0,-1000,0,0,0,100000,101000,-1000,-1000
00735,國泰臺韓科技    ,124000,10000,114000,0,0,0,0,0,0,-115000,0,0,0,58000,173000,-115000,-1000
00736,國泰新興市場    ,1000,1000,0,0,0,0,0,0,0,-1000,0,0,0,101000,102000,-1000,-1000
00657,國泰日經225     ,0,0,0,0,0,0,0,0,0,-1000,0,0,0,100000,101000,-1000,-1000
0057,富邦摩台        ,0,0,0,0,0,0,0,0,0,-1000,0,0,0,153000,154000,-1000,-1000
062649,緯穎富邦9B購03  ,0,0,0,0,0,0,0,0,0,-1000,0,0,0,4000,5000,-1000,-1000
060905,台積電元大9A購20,0,0,0,0,0,0,0,0,0,-1000,0,0,0,0,1000,-1000,-1000
062868,葡萄王中信9B購01,0,0,0,0,0,0,0,0,0,-1000,0,0,0,0,1000,-1000,-1000
062775,大成鋼元大9B購02,0,0,0,0,0,0,0,0,0,-1000,0,0,0,0,1000,-1000,-1000
061498,大立光國票9A購10,0,0,0,0,0,0,0,0,0,-1000,0,0,0,1000,2000,-1000,-1000
062551,緯穎永豐9B購02  ,0,0,0,0,0,0,0,0,0,-1000,0,0,0,0,1000,-1000,-1000
062602,華通麥證9C購01  ,0,0,0,0,1000,-1000,0,0,0,-1000,0,0,0,0,1000,-1000,-1000
062582,鴻海統一9C購11  ,0,0,0,0,0,0,0,0,0,-1000,0,0,0,0,1000,-1000,-1000
063691,聯鈞永豐9B購01  ,0,0,0,0,0,0,0,0,0,-1000,0,0,0,62000,63000,-1000,-1000
063683,大成鋼永豐9B購01,0,0,0,0,0,0,0,0,0,-1000,0,0,0,0,1000,-1000,-1000
063677,台光電國泰9C購02,0,0,0,0,0,0,0,0,0,-1000,0,0,0,1000,2000,-1000,-1000
063256,鴻海國泰01購02  ,0,0,0,0,0,0,0,0,0,-1000,0,0,0,0,1000,-1000,-1000
063592,瑞祺永豐9B購02  ,0,0,0,0,0,0,0,0,0,-1000,0,0,0,0,1000,-1000,-1000
063221,京元電群益9B購02,0,0,0,0,0,0,0,0,0,-1000,0,0,0,0,1000,-1000,-1000
063565,旺宏元大9B購08  ,0,0,0,0,0,0,0,0,0,-1000,0,0,0,24000,25000,-1000,-1000
060755,鴻海元大9A購15  ,0,0,0,0,0,0,0,0,0,-1000,0,0,0,0,1000,-1000,-1000
064132,神達元大9C購02  ,0,0,0,0,0,0,0,0,0,-1000,0,0,0,0,1000,-1000,-1000
064056,GIS統一01購02   ,0,0,0,0,0,0,0,0,0,-1000,0,0,0,4000,5000,-1000,-1000
063852,瀚宇博元大9C購01,0,0,0,0,0,0,0,0,0,-1000,0,0,0,6000,7000,-1000,-1000
063865,旺宏永豐9C購01  ,0,0,0,0,0,0,0,0,0,-1000,0,0,0,0,1000,-1000,-1000
060165,上緯控永豐9A購01,0,0,0,0,0,0,0,0,0,-1000,0,0,0,0,1000,-1000,-1000
060149,元金2X富邦04購01,0,0,0,0,0,0,0,0,0,-1000,0,0,0,0,1000,-1000,-1000
060153,A50正2永豐9A購01,0,0,0,0,0,0,0,0,0,-1000,0,0,0,0,1000,-1000,-1000
060608,玉晶光凱基9A購08,0,0,0,0,0,0,0,0,0,-1000,0,0,0,10000,11000,-1000,-1000
060568,SP黃豆永豐9A購01,0,0,0,0,0,0,0,0,0,-1000,0,0,0,0,1000,-1000,-1000
060369,滬深2X元富01購01,0,0,0,0,0,0,0,0,0,-1000,0,0,0,1000,2000,-1000,-1000
060975,滬深2X元大01購02,0,0,0,0,0,0,0,0,0,-1000,0,0,0,0,1000,-1000,-1000
060983,南亞科元大9A購06,0,0,0,0,0,0,0,0,0,-1000,0,0,0,0,1000,-1000,-1000
061045,儒鴻第一9A購01  ,0,0,0,0,0,0,0,0,0,-1000,0,0,0,0,1000,-1000,-1000
060040,康控國票99購04  ,0,0,0,0,0,0,0,0,0,-1000,0,0,0,10000,11000,-1000,-1000
061062,和大凱基9A購02  ,0,0,0,0,0,0,0,0,0,-1000,0,0,0,0,1000,-1000,-1000
061849,國巨國票9B購08  ,0,0,0,0,0,0,0,0,0,-1000,0,0,0,0,1000,-1000,-1000
061875,華新科元大9B購03,0,0,0,0,0,0,0,0,0,-1000,0,0,0,0,1000,-1000,-1000
061778,元金2X群益9B購02,0,0,0,0,0,0,0,0,0,-1000,0,0,0,0,1000,-1000,-1000
061597,南六永豐9A購04  ,0,0,0,0,0,0,0,0,0,-1000,0,0,0,0,1000,-1000,-1000
060864,可成永豐9A購01  ,0,0,0,0,0,0,0,0,0,-1000,0,0,0,0,1000,-1000,-1000
061366,台勝科國票9A購01,0,0,0,0,0,0,0,0,0,-1000,0,0,0,0,1000,-1000,-1000
061328,T50反1元大9A購12,0,0,0,0,0,0,0,0,0,-1000,0,0,0,0,1000,-1000,-1000
064604,聯茂元富9C購01  ,0,0,0,0,0,0,0,0,0,-1000,0,0,0,0,1000,-1000,-1000
064836,群創統一9C購04  ,0,0,0,0,0,0,0,0,0,-1000,0,0,0,0,1000,-1000,-1000
064439,大立光凱基03購02,0,0,0,0,0,0,0,0,0,-1000,0,0,0,0,1000,-1000,-1000
065247,聯發科麥證9C購02,0,0,0,0,1000,-1000,0,0,0,-1000,0,0,0,0,1000,-1000,-1000
065222,玉晶光永豐9C購07,0,0,0,0,0,0,0,0,0,-1000,0,0,0,10000,11000,-1000,-1000
064923,牧德統一02購01  ,0,0,0,0,0,0,0,0,0,-1000,0,0,0,1000,2000,-1000,-1000
064953,嘉晶凱基9C購02  ,0,0,0,0,0,0,0,0,0,-1000,0,0,0,71000,72000,-1000,-1000
064993,嘉澤兆豐9C購01  ,0,0,0,0,0,0,0,0,0,-1000,0,0,0,0,1000,-1000,-1000
065040,燿華凱基9C購01  ,0,0,0,0,0,0,0,0,0,-1000,0,0,0,1000,2000,-1000,-1000
065057,臺股指凱基9C購21,0,0,0,0,0,0,0,0,0,-1000,0,0,0,0,1000,-1000,-1000
065564,臺指反群益02購01,0,0,0,0,0,0,0,0,0,-1000,0,0,0,0,1000,-1000,-1000
065419,立積國票01購03  ,0,0,0,0,0,0,0,0,0,-1000,0,0,0,0,1000,-1000,-1000
066125,得力群益01購01  ,0,0,0,0,0,0,0,0,0,-1000,0,0,0,0,1000,-1000,-1000
066183,眾達凱基01購01  ,0,0,0,0,0,0,0,0,0,-1000,0,0,0,25000,26000,-1000,-1000
065986,金像電永豐01購03,0,0,0,0,0,0,0,0,0,-1000,0,0,0,0,1000,-1000,-1000
065988,晶技永豐01購01  ,0,0,0,0,0,0,0,0,0,-1000,0,0,0,9000,10000,-1000,-1000
066096,友訊中信05購02  ,0,0,0,0,0,0,0,0,0,-1000,0,0,0,1000,2000,-1000,-1000
065705,嘉晶群益9C購05  ,0,0,0,0,0,0,0,0,0,-1000,0,0,0,100000,101000,-1000,-1000
065662,台勝科永豐9C購01,0,0,0,0,0,0,0,0,0,-1000,0,0,0,0,1000,-1000,-1000
065622,鴻海中信06購01  ,0,0,0,0,0,0,0,0,0,-1000,0,0,0,0,1000,-1000,-1000
065860,南電元大02購01  ,0,0,0,0,0,0,0,0,0,-1000,0,0,0,0,1000,-1000,-1000
066716,高股息元大01購01,0,0,0,0,0,0,0,0,0,-1000,0,0,0,2000,3000,-1000,-1000
066601,上証2X富邦02購01,0,0,0,0,0,0,0,0,0,-1000,0,0,0,9000,10000,-1000,-1000
066383,臻鼎康和01購01  ,0,0,0,0,0,0,0,0,0,-1000,0,0,0,34000,35000,-1000,-1000
066326,敦陽科永豐01購01,0,0,0,0,0,0,0,0,0,-1000,0,0,0,0,1000,-1000,-1000
4562,穎漢            ,3000,4000,-1000,0,0,0,0,0,0,0,0,0,0,0,0,0,-1000
5906,台南-KY         ,0,1000,-1000,0,0,0,0,0,0,0,0,0,0,0,0,0,-1000
5538,東明-KY         ,0,1000,-1000,0,0,0,0,0,0,0,0,0,0,0,0,0,-1000
8443,阿瘦            ,3000,4000,-1000,0,0,0,0,0,0,0,0,0,0,0,0,0,-1000
6625,必應            ,0,1000,-1000,0,0,0,0,0,0,0,0,0,0,0,0,0,-1000
6671,三能-KY         ,1000,1000,0,0,0,0,0,0,0,-1000,0,1000,-1000,0,0,0,-1000
8497,格威傳媒        ,0,1000,-1000,0,0,0,0,0,0,0,0,0,0,0,0,0,-1000
9927,泰銘            ,60000,60000,0,0,0,0,0,0,0,-1000,0,1000,-1000,0,0,0,-1000
1453,大將            ,4000,5000,-1000,0,0,0,0,0,0,0,0,0,0,0,0,0,-1000
1341,富林-KY         ,0,1000,-1000,0,0,0,0,0,0,0,0,0,0,0,0,0,-1000
1235,興泰            ,0,1000,-1000,0,0,0,0,0,0,0,0,0,0,0,0,0,-1000
1312A,國喬特          ,0,0,0,0,0,0,0,0,0,-1000,3000,4000,-1000,0,0,0,-1000
1535,中宇            ,0,0,0,0,0,0,0,0,0,-1000,0,1000,-1000,0,0,0,-1000
1470,大統新創        ,3000,4000,-1000,0,0,0,0,0,0,0,0,0,0,0,0,0,-1000
2024,志聯            ,2000,3000,-1000,0,0,0,0,0,0,0,0,0,0,0,0,0,-1000
2936,客思達-KY       ,7000,7000,0,0,0,0,0,0,0,-1000,0,1000,-1000,0,0,0,-1000
2891C,中信金丙特      ,0,0,0,0,0,0,0,0,0,-1000,2000,3000,-1000,0,0,0,-1000
2243,宏旭-KY         ,4000,5000,-1000,0,0,0,0,0,0,0,0,0,0,0,0,0,-1000
2462,良得電          ,6000,6000,0,0,0,0,0,0,0,-1000,0,1000,-1000,0,0,0,-1000
07868P,健策元大9B售05  ,0,0,0,0,0,0,0,0,0,-2000,0,0,0,0,2000,-2000,-2000
07700P,臺股指元大9A售53,0,0,0,0,0,0,0,0,0,-2000,0,0,0,0,2000,-2000,-2000
08639P,聯發科永豐9C售03,0,0,0,0,0,0,0,0,0,-2000,0,0,0,5000,7000,-2000,-2000
08579P,臺股指元大9C售27,0,0,0,0,0,0,0,0,0,-2000,0,0,0,0,2000,-2000,-2000
08759P,滬深2X元大01售08,0,0,0,0,0,0,0,0,0,-2000,0,0,0,0,2000,-2000,-2000
08689P,高股息中信01售01,0,0,0,0,0,0,0,0,0,-2000,0,0,0,0,2000,-2000,-2000
08545P,南電國泰01售02  ,0,0,0,0,0,0,0,0,0,-2000,0,0,0,0,2000,-2000,-2000
08514P,華新科凱基9C售05,0,0,0,0,0,0,0,0,0,-2000,0,0,0,40000,42000,-2000,-2000
08428P,GIS國票01售01   ,0,0,0,0,0,0,0,0,0,-2000,0,0,0,36000,38000,-2000,-2000
067382,康控統一03購02  ,0,0,0,0,0,0,0,0,0,-2000,0,0,0,0,2000,-2000,-2000
067445,台積電國票01購06,0,0,0,0,0,0,0,0,0,-2000,0,0,0,4000,6000,-2000,-2000
066977,鴻海群益02購01  ,0,0,0,0,0,0,0,0,0,-2000,0,0,0,1000,3000,-2000,-2000
066935,奇鋐國票02購02  ,0,0,0,0,0,0,0,0,0,-2000,0,0,0,38000,40000,-2000,-2000
067138,正文永豐01購02  ,0,0,0,0,0,0,0,0,0,-2000,0,0,0,8000,10000,-2000,-2000
068173,友達中信01購05  ,0,0,0,0,0,0,0,0,0,-2000,0,0,0,0,2000,-2000,-2000
067758,儒鴻永豐01購01  ,0,0,0,0,0,0,0,0,0,-2000,0,0,0,0,2000,-2000,-2000
067703,臺股指國票01購11,0,0,0,0,0,0,0,0,0,-2000,0,0,0,21000,23000,-2000,-2000
00775B,新光投等債15+   ,0,0,0,0,0,0,0,0,0,-2000,0,0,0,2000,4000,-2000,-2000
03006X,元展06          ,0,0,0,0,0,0,0,0,0,-2000,0,0,0,0,2000,-2000,-2000
056890,國巨元大98購11  ,0,0,0,0,0,0,0,0,0,-2000,0,0,0,0,2000,-2000,-2000
056856,華通群益9A購01  ,0,0,0,0,0,0,0,0,0,-2000,0,0,0,0,2000,-2000,-2000
057069,台積電永豐98購02,0,0,0,0,0,0,0,0,0,-2000,0,0,0,0,2000,-2000,-2000
046383,群創凱基98購01  ,0,0,0,0,0,0,0,0,0,-2000,0,0,0,0,2000,-2000,-2000
050566,高股息中信97購02,0,0,0,0,0,0,0,0,0,-2000,0,0,0,0,2000,-2000,-2000
03088P,大立光元大01售17,0,0,0,0,0,0,0,0,0,-2000,0,0,0,0,2000,-2000,-2000
03093P,台灣50凱基04售10,0,0,0,0,0,0,0,0,0,-2000,0,0,0,0,2000,-2000,-2000
03076P,台積電富邦03售06,0,0,0,0,0,0,0,0,0,-2000,0,0,0,0,2000,-2000,-2000
054479,緯創中信98購01  ,0,0,0,0,0,0,0,0,0,-2000,0,0,0,29000,31000,-2000,-2000
057957,嘉晶元大98購01  ,0,0,0,0,0,0,0,0,0,-2000,0,0,0,8000,10000,-2000,-2000
058776,台積電國票9A購03,0,0,0,0,0,0,0,0,0,-2000,0,0,0,0,2000,-2000,-2000
058791,鴻海元大99購17  ,0,0,0,0,0,0,0,0,0,-2000,0,0,0,0,2000,-2000,-2000
059926,世紀鋼國泰9B購01,0,0,0,0,0,0,0,0,0,-2000,0,0,0,28000,30000,-2000,-2000
059886,可成國票99購04  ,0,0,0,0,0,0,0,0,0,-2000,0,0,0,18000,20000,-2000,-2000
059899,上証2X元大9C購04,0,0,0,0,0,0,0,0,0,-2000,0,0,0,0,2000,-2000,-2000
058847,國巨群益99購05  ,0,0,0,0,0,0,0,0,0,-2000,0,0,0,18000,20000,-2000,-2000
055218,彩晶凱基99購01  ,0,0,0,0,0,0,0,0,0,-2000,0,0,0,0,2000,-2000,-2000
055899,群創中信99購01  ,0,0,0,0,0,0,0,0,0,-2000,0,0,0,18000,20000,-2000,-2000
056347,GIS凱基9A購01   ,0,0,0,0,0,0,0,0,0,-2000,0,0,0,30000,32000,-2000,-2000
062063,世紀鋼統一9C購01,0,0,0,0,0,0,0,0,0,-2000,0,0,0,8000,10000,-2000,-2000
063207,聯茂統一01購01  ,0,0,0,0,0,0,0,0,0,-2000,0,0,0,0,2000,-2000,-2000
063282,奇力新元大9B購06,0,0,0,0,0,0,0,0,0,-2000,0,0,0,50000,52000,-2000,-2000
063286,嘉澤元大9B購04  ,0,0,0,0,0,0,0,0,0,-2000,0,0,0,30000,32000,-2000,-2000
063181,聚陽凱基9B購01  ,0,0,0,0,0,0,0,0,0,-2000,0,0,0,7000,9000,-2000,-2000
058941,華新科中信99購03,0,0,0,0,0,0,0,0,0,-2000,0,0,0,0,2000,-2000,-2000
057355,彩晶統一98購03  ,0,0,0,0,0,0,0,0,0,-2000,0,0,0,2000,4000,-2000,-2000
057397,茂林中信9A購01  ,0,0,0,0,0,0,0,0,0,-2000,0,0,0,0,2000,-2000,-2000
057428,正崴兆豐98購01  ,0,0,0,0,0,0,0,0,0,-2000,0,0,0,0,2000,-2000,-2000
057437,可成國票99購01  ,0,0,0,0,0,0,0,0,0,-2000,0,0,0,0,2000,-2000,-2000
059174,訊芯凱基99購01  ,0,0,0,0,0,0,0,0,0,-2000,0,0,0,3000,5000,-2000,-2000
059704,聯發科凱基9A購08,0,0,0,0,0,0,0,0,0,-2000,0,0,0,0,2000,-2000,-2000
058670,鴻海群益9A購03  ,0,0,0,0,0,0,0,0,0,-2000,0,0,0,0,2000,-2000,-2000
061282,台積電統一9C購06,0,0,0,0,0,0,0,0,0,-2000,0,0,0,1000,3000,-2000,-2000
061176,聯發科凱基9A購14,0,0,0,0,0,0,0,0,0,-2000,0,0,0,0,2000,-2000,-2000
061134,大成鋼統一9C購01,0,0,0,0,0,0,0,0,0,-2000,0,0,0,0,2000,-2000,-2000
061645,超眾元大9A購06  ,0,0,0,0,0,0,0,0,0,-2000,0,0,0,18000,20000,-2000,-2000
061759,上証反元大02購01,0,0,0,0,0,0,0,0,0,-2000,0,0,0,0,2000,-2000,-2000
061867,旺宏元大9B購02  ,0,0,0,0,0,0,0,0,0,-2000,0,0,0,133000,135000,-2000,-2000
060110,茂林元大99購06  ,0,0,0,0,0,0,0,0,0,-2000,0,0,0,0,2000,-2000,-2000
061888,元金2X富邦9C購01,0,0,0,0,0,0,0,0,0,-2000,0,0,0,0,2000,-2000,-2000
061960,國巨統一01購05  ,0,0,0,0,0,0,0,0,0,-2000,0,0,0,0,2000,-2000,-2000
063707,儒鴻凱基9C購01  ,0,0,0,0,0,0,0,0,0,-2000,0,0,0,46000,48000,-2000,-2000
063861,南亞科國泰02購01,0,10000,-10000,0,0,0,0,0,0,8000,0,0,0,23000,15000,8000,-2000
064006,晶技凱基9C購02  ,0,0,0,0,0,0,0,0,0,-2000,0,0,0,31000,33000,-2000,-2000
064165,同欣電統一01購01,0,0,0,0,0,0,0,0,0,-2000,0,0,0,95000,97000,-2000,-2000
063389,大立光兆豐9C購02,0,0,0,0,0,0,0,0,0,-2000,0,0,0,2000,4000,-2000,-2000
063364,聯發科富邦01購02,0,0,0,0,0,0,0,0,0,-2000,0,0,0,10000,12000,-2000,-2000
063371,南亞科永豐9B購01,0,0,0,0,0,0,0,0,0,-2000,0,0,0,10000,12000,-2000,-2000
063324,道瓊反國票9B購03,0,0,0,0,0,0,0,0,0,-2000,0,0,0,0,2000,-2000,-2000
063351,億豐統一9B購01  ,0,0,0,0,0,0,0,0,0,-2000,0,0,0,0,2000,-2000,-2000
063566,台光電元大9B購08,0,0,0,0,0,0,0,0,0,-2000,0,0,0,3000,5000,-2000,-2000
063536,美食統一01購01  ,0,0,0,0,0,0,0,0,0,-2000,0,0,0,0,2000,-2000,-2000
062354,台達電元大9B購01,0,0,0,0,0,0,0,0,0,-2000,0,0,0,0,2000,-2000,-2000
062363,燿華元大9B購03  ,0,0,0,0,0,0,0,0,0,-2000,0,0,0,44000,46000,-2000,-2000
061702,奇鋐國票9A購02  ,0,0,0,0,0,0,0,0,0,-2000,0,0,0,14000,16000,-2000,-2000
062513,玉晶光國票9C購01,0,0,0,0,0,0,0,0,0,-2000,0,0,0,35000,37000,-2000,-2000
062451,瀚宇博元大9B購02,0,0,0,0,0,0,0,0,0,-2000,0,0,0,0,2000,-2000,-2000
061541,旺宏群益9A購03  ,0,0,0,0,0,0,0,0,0,-2000,0,0,0,2000,4000,-2000,-2000
062843,臺股指群益9B購10,0,0,0,0,0,0,0,0,0,-2000,0,0,0,0,2000,-2000,-2000
062950,貿聯富邦01購01  ,0,0,0,0,0,0,0,0,0,-2000,0,0,0,0,2000,-2000,-2000
063003,滬深2X元大9B購06,0,0,0,0,0,0,0,0,0,-2000,0,0,0,8000,10000,-2000,-2000
060878,奇力新中信9C購01,0,0,0,0,0,0,0,0,0,-2000,0,0,0,0,2000,-2000,-2000
066477,鴻海元富07購01  ,0,0,0,0,0,0,0,0,0,-2000,0,0,0,0,2000,-2000,-2000
066697,長興群益01購01  ,0,0,0,0,0,0,0,0,0,-2000,0,0,0,0,2000,-2000,-2000
066880,上証2X永豐01購01,0,0,0,0,0,0,0,0,0,-2000,0,0,0,2000,4000,-2000,-2000
066851,瀚宇博元大01購02,0,0,0,0,0,0,0,0,0,-2000,0,0,0,18000,20000,-2000,-2000
065623,瑞昱中信04購01  ,0,0,0,0,0,0,0,0,0,-2000,0,0,0,42000,44000,-2000,-2000
066108,惠特國票02購02  ,0,0,0,0,0,0,0,0,0,-2000,0,0,0,0,2000,-2000,-2000
066074,文曄凱基01購01  ,0,0,0,0,0,0,0,0,0,-2000,0,0,0,1000,3000,-2000,-2000
065999,燿華國票02購01  ,0,0,0,0,0,0,0,0,0,-2000,0,0,0,0,2000,-2000,-2000
065388,華擎兆豐01購01  ,0,0,0,0,0,0,0,0,0,-2000,0,0,0,0,2000,-2000,-2000
065318,聯電凱基9C購03  ,0,0,0,0,0,0,0,0,0,-2000,0,0,0,0,2000,-2000,-2000
065572,泰碩群益01購01  ,0,0,0,0,0,0,0,0,0,-2000,0,0,0,30000,32000,-2000,-2000
065494,滬深2X富邦01購01,0,0,0,0,0,0,0,0,0,-2000,0,0,0,0,2000,-2000,-2000
064951,聯發科凱基01購04,0,0,0,0,0,0,0,0,0,-2000,0,0,0,0,2000,-2000,-2000
065209,國泰金國票01購01,0,0,0,0,0,0,0,0,0,-2000,0,0,0,38000,40000,-2000,-2000
064403,正崴凱基01購01  ,0,0,0,0,0,0,0,0,0,-2000,0,0,0,6000,8000,-2000,-2000
064240,群創統一02購02  ,0,0,0,0,0,0,0,0,0,-2000,0,0,0,43000,45000,-2000,-2000
064803,智邦元大9C購05  ,0,0,0,0,0,0,0,0,0,-2000,0,0,0,86000,88000,-2000,-2000
064590,牧德永豐9C購01  ,0,0,0,0,0,0,0,0,0,-2000,0,0,0,2000,4000,-2000,-2000
2482,連宇            ,0,2000,-2000,0,0,0,0,0,0,0,0,0,0,0,0,0,-2000
2901,欣欣            ,0,2000,-2000,0,0,0,0,0,0,0,0,0,0,0,0,0,-2000
3002,歐格            ,2000,4000,-2000,0,0,0,0,0,0,0,0,0,0,0,0,0,-2000
2611,志信            ,1000,3000,-2000,0,0,0,0,0,0,0,0,0,0,0,0,0,-2000
1776,展宇            ,0,2000,-2000,0,0,0,0,0,0,0,0,0,0,0,0,0,-2000
1617,榮星            ,3000,4000,-1000,0,0,0,0,0,0,-1000,0,1000,-1000,0,0,0,-2000
1324,地球            ,0,2000,-2000,0,0,0,0,0,0,0,0,0,0,0,0,0,-2000
1436,華友聯          ,0,1000,-1000,0,0,0,0,0,0,-1000,0,1000,-1000,0,0,0,-2000
08969P,臺股指元大01售12,0,0,0,0,0,0,0,0,0,-2000,0,0,0,39000,41000,-2000,-2000
9929,秋雨            ,0,2000,-2000,0,0,0,0,0,0,0,0,0,0,0,0,0,-2000
9136,巨騰-DR         ,188000,200000,-12000,0,0,0,0,0,0,10000,61000,51000,10000,0,0,0,-2000
8488,吉源-KY         ,0,1000,-1000,0,0,0,0,0,0,-1000,0,1000,-1000,0,0,0,-2000
8481,政伸            ,0,2000,-2000,0,0,0,0,0,0,0,0,0,0,0,0,0,-2000
6641,基士德-KY       ,0,1000,-1000,0,0,0,0,0,0,-1000,0,1000,-1000,0,0,0,-2000
4807,日成-KY         ,2000,4000,-2000,0,0,0,0,0,0,0,0,0,0,0,0,0,-2000
4764,雙鍵            ,1000,4000,-3000,0,0,0,0,0,0,1000,1000,0,1000,0,0,0,-2000
6442,光聖            ,2000,4000,-2000,0,0,0,0,0,0,0,0,0,0,0,0,0,-2000
4571,鈞興-KY         ,3000,2000,1000,0,0,0,0,0,0,-3000,0,3000,-3000,0,0,0,-2000
3046,建碁            ,0,2000,-2000,0,0,0,0,0,0,0,0,0,0,0,0,0,-2000
068177,台積電群益02購04,0,0,0,0,0,0,0,0,0,-3000,0,0,0,0,3000,-3000,-3000
068258,可成國泰03購01  ,0,0,0,0,0,0,0,0,0,-3000,0,0,0,0,3000,-3000,-3000
067964,燿華群益02購02  ,0,0,0,0,0,0,0,0,0,-3000,0,0,0,0,3000,-3000,-3000
067044,華碩凱基02購01  ,0,0,0,0,0,0,0,0,0,-3000,0,0,0,0,3000,-3000,-3000
066966,國巨元富07購07  ,0,0,0,0,0,0,0,0,0,-3000,0,0,0,10000,13000,-3000,-3000
067239,聯陽群益01購01  ,0,0,0,0,0,0,0,0,0,-3000,0,0,0,0,3000,-3000,-3000
08379P,台積電國泰02售02,0,0,0,0,0,0,0,0,0,-3000,0,0,0,0,3000,-3000,-3000
08236P,國巨富邦03售01  ,0,0,0,0,0,0,0,0,0,-3000,0,0,0,0,3000,-3000,-3000
08239P,南六永豐9B售03  ,0,0,0,0,0,0,0,0,0,-3000,0,0,0,0,3000,-3000,-3000
08725P,臺股指元大01售06,0,0,0,0,0,0,0,0,0,-3000,0,0,0,8000,11000,-3000,-3000
07165P,臺股指群益99售16,0,0,0,0,0,0,0,0,0,-3000,0,0,0,0,3000,-3000,-3000
07095P,台灣50元大9C售03,0,0,0,0,0,0,0,0,0,-3000,0,0,0,0,3000,-3000,-3000
06879P,長榮航凱基98售02,0,0,0,0,0,0,0,0,0,-3000,0,0,0,8000,11000,-3000,-3000
07883P,可成凱基9B售03  ,0,0,0,0,0,0,0,0,0,-3000,0,0,0,24000,27000,-3000,-3000
07912P,玉晶光統一9B售02,0,0,0,0,0,0,0,0,0,-3000,0,0,0,0,3000,-3000,-3000
07824P,國巨元大9A售24  ,0,0,0,0,0,0,0,0,0,-3000,0,0,0,0,3000,-3000,-3000
058651,FBVIX中信9C購01 ,0,0,0,0,0,0,0,0,0,-3000,0,0,0,0,3000,-3000,-3000
058771,神達兆豐99購01  ,0,0,0,0,0,0,0,0,0,-3000,0,0,0,0,3000,-3000,-3000
058311,緯穎元大99購05  ,0,0,0,0,0,0,0,0,0,-3000,0,0,0,0,3000,-3000,-3000
059768,上証2X群益9C購02,0,0,0,0,0,0,0,0,0,-3000,0,0,0,0,3000,-3000,-3000
059694,創意永豐99購03  ,0,0,0,0,0,0,0,0,0,-3000,0,0,0,0,3000,-3000,-3000
059109,台積電富邦9C購03,0,0,0,0,0,0,0,0,0,-3000,0,0,0,0,3000,-3000,-3000
058190,貿聯永豐99購01  ,0,0,0,0,0,0,0,0,0,-3000,0,0,0,0,3000,-3000,-3000
058180,華新科國泰9A購01,0,0,0,0,0,0,0,0,0,-3000,0,0,0,2000,5000,-3000,-3000
059006,樺漢元大99購01  ,0,0,0,0,0,0,0,0,0,-3000,0,0,0,4000,7000,-3000,-3000
057693,臺股指凱基98購11,0,0,0,0,0,0,0,0,0,-3000,0,0,0,6000,9000,-3000,-3000
063299,金寶凱基9B購01  ,0,0,0,0,0,0,0,0,0,-3000,0,0,0,0,3000,-3000,-3000
056497,GIS國泰99購01   ,0,0,0,0,0,0,0,0,0,-3000,0,0,0,0,3000,-3000,-3000
056552,台表科凱基99購01,0,0,0,0,0,0,0,0,0,-3000,0,0,0,2000,5000,-3000,-3000
056517,茂林兆豐99購01  ,0,0,0,0,0,0,0,0,0,-3000,0,0,0,0,3000,-3000,-3000
055439,台表科國票98購02,0,0,0,0,0,0,0,0,0,-3000,0,0,0,0,3000,-3000,-3000
055003,群創元富99購05  ,0,0,0,0,0,0,0,0,0,-3000,0,0,0,0,3000,-3000,-3000
059882,臺股指凱基9C購06,0,0,0,0,0,0,0,0,0,-3000,0,0,0,3000,6000,-3000,-3000
045053,聯發科元富98購01,0,0,0,0,0,0,0,0,0,-3000,0,0,0,140000,143000,-3000,-3000
056797,台積電麥證98購01,0,0,0,0,3000,-3000,0,0,0,-3000,0,0,0,0,3000,-3000,-3000
053186,健策中信9C購01  ,0,0,0,0,0,0,0,0,0,-3000,0,0,0,11000,14000,-3000,-3000
00866,新光Shiller CAPE,0,0,0,0,0,0,0,0,0,-3000,0,0,0,26000,29000,-3000,-3000
051695,元金2X中信98購01,0,0,0,0,0,0,0,0,0,-3000,0,0,0,0,3000,-3000,-3000
062694,遠東新元大9B購01,0,0,0,0,0,0,0,0,0,-3000,0,0,0,11000,14000,-3000,-3000
062887,台積電群益9C購05,0,0,0,0,0,0,0,0,0,-3000,0,0,0,0,3000,-3000,-3000
062601,富邦金台新9B購01,0,0,0,0,0,0,0,0,0,-3000,0,0,0,0,3000,-3000,-3000
062620,台表科元大9B購04,0,0,0,0,0,0,0,0,0,-3000,0,0,0,5000,8000,-3000,-3000
062765,祥碩凱基9B購04  ,0,0,0,0,0,0,0,0,0,-3000,0,0,0,0,3000,-3000,-3000
062117,燿華中信9B購01  ,0,0,0,0,0,0,0,0,0,-3000,0,0,0,0,3000,-3000,-3000
062495,友達中信01購02  ,0,0,0,0,0,0,0,0,0,-3000,0,0,0,10000,13000,-3000,-3000
062326,國巨統一9C購09  ,0,0,0,0,0,0,0,0,0,-3000,0,0,0,0,3000,-3000,-3000
063468,聯詠元大9B購04  ,0,0,0,0,0,0,0,0,0,-3000,0,0,0,0,3000,-3000,-3000
063369,聚陽永豐9B購01  ,0,0,0,0,0,0,0,0,0,-3000,0,0,0,27000,30000,-3000,-3000
063395,金像電群益9B購02,0,0,0,0,0,0,0,0,0,-3000,0,0,0,1000,4000,-3000,-3000
064102,宏達電群益9C購01,0,0,0,0,0,0,0,0,0,-3000,0,0,0,7000,10000,-3000,-3000
062028,晶技群益9B購01  ,0,0,0,0,0,0,0,0,0,-3000,0,0,0,2000,5000,-3000,-3000
060219,聯發科凱基9A購09,0,0,0,0,0,0,0,0,0,-3000,0,0,0,0,3000,-3000,-3000
061762,台塑元大9B購01  ,0,0,0,0,0,0,0,0,0,-3000,0,0,0,0,3000,-3000,-3000
06178P,大立光第一99售01,0,0,0,0,0,0,0,0,0,-3000,0,0,0,0,3000,-3000,-3000
060843,大立光國票9A購06,0,0,0,0,0,0,0,0,0,-3000,0,0,0,0,3000,-3000,-3000
061344,禾伸堂元大9A購02,0,0,0,0,0,0,0,0,0,-3000,0,0,0,105000,108000,-3000,-3000
060362,建準元富9A購02  ,0,0,0,0,0,0,0,0,0,-3000,0,0,0,0,3000,-3000,-3000
064698,致伸群益9C購01  ,0,0,0,0,0,0,0,0,0,-3000,0,0,0,0,3000,-3000,-3000
064665,南亞科元大9C購06,0,0,0,0,0,0,0,0,0,-3000,0,0,0,0,3000,-3000,-3000
064273,華邦電元大9C購02,0,0,0,0,0,0,0,0,0,-3000,0,0,0,50000,53000,-3000,-3000
065094,新日興元大9C購04,0,0,0,0,0,0,0,0,0,-3000,0,0,0,0,3000,-3000,-3000
065102,同欣電元大9C購07,0,0,0,0,0,0,0,0,0,-3000,0,0,0,13000,16000,-3000,-3000
065514,建準群益9C購01  ,0,0,0,0,0,0,0,0,0,-3000,0,0,0,2000,5000,-3000,-3000
065309,亞光國票01購01  ,0,0,0,0,0,0,0,0,0,-3000,0,0,0,35000,38000,-3000,-3000
065412,金像電永豐9C購01,0,0,0,0,0,0,0,0,0,-3000,0,0,0,0,3000,-3000,-3000
065342,華邦電統一02購01,0,0,0,0,0,0,0,0,0,-3000,0,0,0,0,3000,-3000,-3000
065985,金像電永豐01購02,0,0,0,0,0,0,0,0,0,-3000,0,0,0,14000,17000,-3000,-3000
066236,潤泰全富邦01購01,0,0,0,0,0,0,0,0,0,-3000,0,0,0,0,3000,-3000,-3000
065871,南亞科群益9C購03,0,0,0,0,0,0,0,0,0,-3000,0,0,0,9000,12000,-3000,-3000
065943,台表科元富01購01,0,0,0,0,0,0,0,0,0,-3000,0,0,0,22000,25000,-3000,-3000
066812,志超凱基01購01  ,0,0,0,0,0,0,0,0,0,-3000,0,0,0,0,3000,-3000,-3000
066875,臺指反富邦03購01,0,0,0,0,0,0,0,0,0,-3000,0,0,0,11000,14000,-3000,-3000
066768,瀚宇博永豐01購01,0,0,0,0,0,0,0,0,0,-3000,0,0,0,0,3000,-3000,-3000
066673,緯穎凱基02購01  ,0,0,0,0,0,0,0,0,0,-3000,0,0,0,10000,13000,-3000,-3000
066292,惠特元大01購02  ,0,0,0,0,0,0,0,0,0,-3000,0,0,0,68000,71000,-3000,-3000
3229,晟鈦            ,0,3000,-3000,0,0,0,0,0,0,0,0,0,0,0,0,0,-3000
3308,聯德            ,0,3000,-3000,0,0,0,0,0,0,0,0,0,0,0,0,0,-3000
4976,佳凌            ,102000,105000,-3000,0,0,0,0,0,0,0,0,0,0,0,0,0,-3000
8466,美吉吉-KY       ,1000,4000,-3000,0,0,0,0,0,0,0,0,0,0,0,0,0,-3000
8427,基勝-KY         ,1000,4000,-3000,0,0,0,0,0,0,0,0,0,0,0,0,0,-3000
8478,東哥遊艇        ,0,3000,-3000,0,0,0,0,0,0,0,0,0,0,0,0,0,-3000
08979P,電子類群益01售01,0,0,0,0,0,0,0,0,0,-3000,0,0,0,0,3000,-3000,-3000
1456,怡華            ,1000,4000,-3000,0,0,0,0,0,0,0,0,0,0,0,0,0,-3000
1713,國化            ,5000,7000,-2000,0,0,0,0,0,0,-1000,0,1000,-1000,0,0,0,-3000
1477,聚陽            ,839000,637000,202000,0,0,0,87000,492000,-405000,200000,161000,9000,152000,59000,11000,48000,-3000
1805,寶徠            ,0,3000,-3000,0,0,0,0,0,0,0,0,0,0,0,0,0,-3000
3025,星通            ,5000,8000,-3000,0,0,0,0,0,0,0,0,0,0,0,0,0,-3000
07744P,奇力新凱基9A售05,0,0,0,0,0,0,0,0,0,-4000,0,0,0,0,4000,-4000,-4000
07923P,元金2X凱基02售02,0,0,0,0,0,0,0,0,0,-4000,0,0,0,1000,5000,-4000,-4000
08121P,聯發科國票9B售05,0,0,0,0,0,0,0,0,0,-4000,0,0,0,69000,73000,-4000,-4000
07190P,臺股指富邦9C售02,0,0,0,0,0,0,0,0,0,-4000,0,0,0,0,4000,-4000,-4000
07532P,台灣50中信01售02,0,0,0,0,0,0,0,0,0,-4000,0,0,0,499000,503000,-4000,-4000
07272P,台灣50元大9C售05,0,0,0,0,0,0,0,0,0,-4000,0,0,0,6000,10000,-4000,-4000
07255P,國巨凱基99售15  ,0,0,0,0,0,0,0,0,0,-4000,0,0,0,6000,10000,-4000,-4000
08613P,同欣電凱基9C售04,0,0,0,0,0,0,0,0,0,-4000,0,0,0,58000,62000,-4000,-4000
08868P,欣興凱基02售03  ,0,0,0,0,0,0,0,0,0,-4000,0,0,0,0,4000,-4000,-4000
08387P,臺股指群益9C售15,0,0,0,0,0,0,0,0,0,-4000,0,0,0,8000,12000,-4000,-4000
08305P,茂林群益9C售01  ,0,0,0,0,0,0,0,0,0,-4000,0,0,0,0,4000,-4000,-4000
08331P,義隆元富9C售02  ,0,0,0,0,0,0,0,0,0,-4000,0,0,0,131000,135000,-4000,-4000
066984,總太群益02購01  ,0,0,0,0,0,0,0,0,0,-4000,0,0,0,0,4000,-4000,-4000
067022,台虹中信01購01  ,0,0,0,0,0,0,0,0,0,-4000,0,0,0,10000,14000,-4000,-4000
067976,訊連群益01購01  ,0,0,0,0,0,0,0,0,0,-4000,0,0,0,0,4000,-4000,-4000
068234,T50反1元大01購07,0,0,0,0,0,0,0,0,0,-4000,0,0,0,0,4000,-4000,-4000
067855,達方國票02購01  ,0,0,0,0,0,0,0,0,0,-4000,0,0,0,0,4000,-4000,-4000
067577,FBVIX群益01購02 ,0,0,0,0,0,0,0,0,0,-4000,0,0,0,17000,21000,-4000,-4000
067676,大立光元大01購12,0,0,0,0,0,0,0,0,0,-4000,0,0,0,0,4000,-4000,-4000
067669,金像電元大02購03,0,0,0,0,0,0,0,0,0,-4000,0,0,0,100000,104000,-4000,-4000
00731,FH富時高息低波  ,0,0,0,0,0,0,0,0,0,-4000,0,0,0,1081000,1085000,-4000,-4000
056577,玉晶光元大99購06,0,0,0,0,0,0,0,0,0,-4000,0,0,0,0,4000,-4000,-4000
059907,道瓊指元大99購03,0,0,0,0,0,0,0,0,0,-4000,0,0,0,6000,10000,-4000,-4000
058036,南電永豐98購01  ,0,0,0,0,0,0,0,0,0,-4000,0,0,0,7000,11000,-4000,-4000
054549,台積電凱基98購01,0,0,0,0,0,0,0,0,0,-4000,0,0,0,6000,10000,-4000,-4000
054631,台郡凱基98購02  ,0,0,0,0,0,0,0,0,0,-4000,0,0,0,0,4000,-4000,-4000
056322,臺股指群益98購01,0,0,0,0,0,0,0,0,0,-4000,0,0,0,0,4000,-4000,-4000
063322,台郡群益9B購02  ,5000,0,5000,0,0,0,0,0,0,-9000,0,0,0,216000,225000,-9000,-4000
057761,聯發科凱基99購04,0,0,0,0,0,0,0,0,0,-4000,0,0,0,0,4000,-4000,-4000
057790,台積電統一99購04,0,0,0,0,0,0,0,0,0,-4000,0,0,0,1000,5000,-4000,-4000
058884,世紀鋼永豐99購02,0,0,0,0,0,0,0,0,0,-4000,0,0,0,31000,35000,-4000,-4000
057617,國巨凱基99購06  ,0,0,0,0,0,0,0,0,0,-4000,0,0,0,0,4000,-4000,-4000
057605,旺宏統一99購03  ,0,0,0,0,0,0,0,0,0,-4000,0,0,0,0,4000,-4000,-4000
059146,貿聯國票9A購02  ,0,0,0,0,0,0,0,0,0,-4000,0,0,0,0,4000,-4000,-4000
059539,緯穎凱基99購03  ,0,0,0,0,0,0,0,0,0,-4000,0,0,0,3000,7000,-4000,-4000
059532,華新科凱基9B購03,0,0,0,0,0,0,0,0,0,-4000,0,0,0,2000,6000,-4000,-4000
059351,台虹凱基99購01  ,0,0,0,0,0,0,0,0,0,-4000,0,0,0,1000,5000,-4000,-4000
059058,可成凱基9B購01  ,0,0,0,0,0,0,0,0,0,-4000,0,0,0,0,4000,-4000,-4000
058731,貿聯永豐99購02  ,0,0,0,0,0,0,0,0,0,-4000,0,0,0,14000,18000,-4000,-4000
058585,S&P正2中信9B購02,0,0,0,0,0,0,0,0,0,-4000,0,0,0,0,4000,-4000,-4000
060335,明泰康和9A購01  ,0,0,0,0,0,0,0,0,0,-4000,0,0,0,6000,10000,-4000,-4000
060414,中興電永豐9A購01,0,0,0,0,0,0,0,0,0,-4000,0,0,0,32000,36000,-4000,-4000
061189,可成富邦9B購02  ,0,0,0,0,0,0,0,0,0,-4000,0,0,0,0,4000,-4000,-4000
060519,S&P500中信01購01,0,0,0,0,0,0,0,0,0,-4000,0,0,0,0,4000,-4000,-4000
061263,微星凱基9A購01  ,0,0,0,0,0,0,0,0,0,-4000,0,0,0,7000,11000,-4000,-4000
061364,國巨國票9A購09  ,0,0,0,0,0,0,0,0,0,-4000,0,0,0,43000,47000,-4000,-4000
060757,台積電元大9A購18,0,0,0,0,0,0,0,0,0,-4000,0,0,0,5000,9000,-4000,-4000
061581,貿聯元大9A購05  ,0,0,0,0,0,0,0,0,0,-4000,0,0,0,0,4000,-4000,-4000
061601,台積電凱基9A購26,0,0,0,0,0,0,0,0,0,-4000,0,0,0,1000,5000,-4000,-4000
060152,上証2X永豐9A購02,0,0,0,0,0,0,0,0,0,-4000,0,0,0,1000,5000,-4000,-4000
061998,緯穎元大9B購03  ,0,0,0,0,0,0,0,0,0,-4000,0,0,0,4000,8000,-4000,-4000
061878,茂林元大9B購01  ,0,0,0,0,0,0,0,0,0,-4000,0,0,0,0,4000,-4000,-4000
061939,中租國票9B購01  ,0,0,0,0,0,0,0,0,0,-4000,0,0,0,0,4000,-4000,-4000
060239,國揚元大9C購01  ,0,0,0,0,0,0,0,0,0,-4000,0,0,0,15000,19000,-4000,-4000
063648,台表科元大9C購05,0,0,0,0,0,0,0,0,0,-4000,0,0,0,132000,136000,-4000,-4000
063478,GIS元大9B購03   ,0,0,0,0,0,0,0,0,0,-4000,0,0,0,0,4000,-4000,-4000
063552,晶技國票9B購03  ,0,0,0,0,0,0,0,0,0,-4000,0,0,0,0,4000,-4000,-4000
063227,祥碩群益9B購06  ,0,0,0,0,0,0,0,0,0,-4000,0,0,0,0,4000,-4000,-4000
063601,金像電凱基01購01,0,0,0,0,0,0,0,0,0,-4000,0,0,0,0,4000,-4000,-4000
063267,台表科中信01購02,0,0,0,0,0,0,0,0,0,-4000,0,0,0,1000,5000,-4000,-4000
062433,上銀元大9B購05  ,0,0,0,0,0,0,0,0,0,-4000,0,0,0,0,4000,-4000,-4000
061672,臺指反元大01購05,0,0,0,0,0,0,0,0,0,-4000,0,0,0,0,4000,-4000,-4000
061545,華新科群益9A購09,0,0,0,0,0,0,0,0,0,-4000,0,0,0,76000,80000,-4000,-4000
062931,上証2X凱基01購01,0,0,0,0,0,0,0,0,0,-4000,0,0,0,1000,5000,-4000,-4000
062990,台積電群益9B購06,0,0,0,0,0,0,0,0,0,-4000,0,0,0,30000,34000,-4000,-4000
062703,可成元大9C購02  ,0,0,0,0,0,0,0,0,0,-4000,0,0,0,199000,203000,-4000,-4000
066698,川湖群益01購01  ,0,0,0,0,0,0,0,0,0,-4000,0,0,0,0,4000,-4000,-4000
065698,旺宏群益9C購08  ,0,0,0,0,0,0,0,0,0,-4000,0,0,0,0,4000,-4000,-4000
066124,台化群益01購01  ,0,0,0,0,0,0,0,0,0,-4000,0,0,0,1000,5000,-4000,-4000
065327,台表科凱基9C購02,0,0,0,0,0,0,0,0,0,-4000,0,0,0,0,4000,-4000,-4000
065020,友達富邦01購02  ,0,0,0,0,0,0,0,0,0,-4000,0,0,0,0,4000,-4000,-4000
064366,群創統一01購01  ,0,0,0,0,0,0,0,0,0,-4000,0,0,0,0,4000,-4000,-4000
064370,聯茂統一02購01  ,0,0,0,0,0,0,0,0,0,-4000,0,0,0,6000,10000,-4000,-4000
064541,元黃金凱基01購02,0,0,0,0,0,0,0,0,0,-4000,0,0,0,0,4000,-4000,-4000
064826,南亞科統一01購03,0,0,0,0,0,0,0,0,0,-4000,0,0,0,0,4000,-4000,-4000
3021,鴻名            ,3000,7000,-4000,0,0,0,0,0,0,0,0,0,0,0,0,0,-4000
2483,百容            ,3000,5000,-2000,0,0,0,0,0,0,-2000,0,2000,-2000,0,0,0,-4000
2444,兆勁            ,0,4000,-4000,0,0,0,0,0,0,0,0,0,0,0,0,0,-4000
1516,川飛            ,0,1000,-1000,0,0,0,0,0,0,-3000,0,3000,-3000,0,0,0,-4000
1583,程泰            ,0,4000,-4000,0,0,0,0,0,0,0,0,0,0,0,0,0,-4000
1725,元禎            ,0,4000,-4000,0,0,0,0,0,0,0,0,0,0,0,0,0,-4000
1468,昶和            ,0,4000,-4000,0,0,0,0,0,0,0,0,0,0,0,0,0,-4000
1441,大東            ,3000,7000,-4000,0,0,0,0,0,0,0,0,0,0,0,0,0,-4000
1443,立益            ,0,4000,-4000,0,0,0,0,0,0,0,0,0,0,0,0,0,-4000
1236,宏亞            ,1000,5000,-4000,0,0,0,0,0,0,0,0,0,0,0,0,0,-4000
8222,寶一            ,7000,10000,-3000,0,0,0,0,0,0,-1000,0,1000,-1000,0,0,0,-4000
4916,事欣科          ,15000,18000,-3000,0,0,0,0,0,0,-1000,0,1000,-1000,0,0,0,-4000
5484,慧友            ,0,4000,-4000,0,0,0,0,0,0,0,0,0,0,0,0,0,-4000
5284,jpp-KY          ,0,4000,-4000,0,0,0,0,0,0,0,0,0,0,0,0,0,-4000
6201,亞弘電          ,0,3000,-3000,0,0,0,0,0,0,-1000,0,1000,-1000,0,0,0,-4000
6205,詮欣            ,57000,58000,-1000,0,0,0,0,0,0,-3000,0,3000,-3000,0,0,0,-4000
6117,迎廣            ,0,4000,-4000,0,0,0,0,0,0,0,0,0,0,0,0,0,-4000
3296,勝德            ,0,4000,-4000,0,0,0,0,0,0,0,0,0,0,0,0,0,-4000
067626,聚陽永豐01購01  ,0,0,0,0,0,0,0,0,0,-5000,0,0,0,10000,15000,-5000,-5000
067787,致伸群益03購01  ,0,0,0,0,0,0,0,0,0,-5000,0,0,0,0,5000,-5000,-5000
067719,旺宏凱基01購03  ,0,0,0,0,0,0,0,0,0,-5000,0,0,0,0,5000,-5000,-5000
067745,泰鼎元大01購03  ,0,0,0,0,0,0,0,0,0,-5000,0,0,0,6000,11000,-5000,-5000
067751,臺股指元大01購15,0,0,0,0,0,0,0,0,0,-5000,0,0,0,5000,10000,-5000,-5000
068225,華通元富07購02  ,0,0,0,0,0,0,0,0,0,-5000,0,0,0,0,5000,-5000,-5000
068191,台積電凱基01購21,0,0,0,0,0,0,0,0,0,-5000,0,0,0,0,5000,-5000,-5000
068205,京鼎凱基01購05  ,0,0,0,0,0,0,0,0,0,-5000,0,0,0,0,5000,-5000,-5000
068134,上証反元大04購01,0,0,0,0,0,0,0,0,0,-5000,0,0,0,0,5000,-5000,-5000
068123,嘉聯益元富07購01,0,0,0,0,0,0,0,0,0,-5000,0,0,0,0,5000,-5000,-5000
068063,大立光兆豐01購02,0,0,0,0,0,0,0,0,0,-5000,0,0,0,0,5000,-5000,-5000
067999,大毅元大01購03  ,0,0,0,0,0,0,0,0,0,-5000,0,0,0,61000,66000,-5000,-5000
067941,鎧勝凱基01購02  ,0,0,0,0,0,0,0,0,0,-5000,0,0,0,6000,11000,-5000,-5000
067042,旺宏凱基01購02  ,0,0,0,0,0,0,0,0,0,-5000,0,0,0,10000,15000,-5000,-5000
067096,滬深2X群益01購06,0,0,0,0,0,0,0,0,0,-5000,0,0,0,0,5000,-5000,-5000
067226,台灣50群益01購09,0,0,0,0,0,0,0,0,0,-5000,0,0,0,25000,30000,-5000,-5000
067467,鴻海元大01購16  ,0,0,0,0,0,0,0,0,0,-5000,0,0,0,0,5000,-5000,-5000
067404,盛群永豐01購01  ,0,0,0,0,0,0,0,0,0,-5000,0,0,0,0,5000,-5000,-5000
08356P,聯發科元大9C售08,0,0,0,0,0,0,0,0,0,-5000,0,0,0,108000,113000,-5000,-5000
08468P,台郡統一9C售02  ,0,0,0,0,0,0,0,0,0,-5000,0,0,0,55000,60000,-5000,-5000
08819P,上証2X凱基02售01,0,0,0,0,0,0,0,0,0,-5000,0,0,0,0,5000,-5000,-5000
08775P,台灣50群益01售05,0,0,0,0,0,0,0,0,0,-5000,0,0,0,40000,45000,-5000,-5000
08646P,臺股指中信03售02,0,0,0,0,0,0,0,0,0,-5000,0,0,0,0,5000,-5000,-5000
08755P,台灣50元大01售17,0,0,0,0,0,0,0,0,0,-5000,0,0,0,0,5000,-5000,-5000
08746P,鴻海元富07售06  ,0,0,0,0,0,0,0,0,0,-5000,0,0,0,64000,69000,-5000,-5000
07292P,臺股指凱基99售44,0,0,0,0,0,0,0,0,0,-5000,0,0,0,0,5000,-5000,-5000
07485P,台灣50凱基04售03,0,0,0,0,0,0,0,0,0,-5000,0,0,0,0,5000,-5000,-5000
07649P,金像電永豐9A售02,0,0,0,0,0,0,0,0,0,-5000,0,0,0,0,5000,-5000,-5000
07181P,臺股指凱基99售23,0,0,0,0,0,0,0,0,0,-5000,0,0,0,0,5000,-5000,-5000
06878P,台灣50日盛9B售01,0,0,0,0,0,0,0,0,0,-5000,0,0,0,0,5000,-5000,-5000
07021P,台積電富邦9C售02,0,0,0,0,0,0,0,0,0,-5000,0,0,0,0,5000,-5000,-5000
08055P,臺股指國票9B售20,0,0,0,0,0,0,0,0,0,-5000,0,0,0,10000,15000,-5000,-5000
07720P,臺股指群益9A售09,0,0,0,0,0,0,0,0,0,-5000,0,0,0,178000,183000,-5000,-5000
07790P,台灣50元大9A售19,0,0,0,0,0,0,0,0,0,-5000,0,0,0,0,5000,-5000,-5000
058310,大立光元大99購10,0,0,0,0,0,0,0,0,0,-5000,0,0,0,0,5000,-5000,-5000
059588,鴻海元大99購32  ,0,0,0,0,0,0,0,0,0,-5000,0,0,0,1000,6000,-5000,-5000
059789,貿聯元大9A購02  ,0,0,0,0,0,0,0,0,0,-5000,0,0,0,0,5000,-5000,-5000
059728,聯鈞元大99購01  ,0,0,0,0,0,0,0,0,0,-5000,0,0,0,0,5000,-5000,-5000
059073,元油2X元大9C購14,0,0,0,0,0,0,0,0,0,-5000,0,0,0,0,5000,-5000,-5000
059189,國泰金富邦9B購01,0,0,0,0,0,0,0,0,0,-5000,0,0,0,0,5000,-5000,-5000
060672,鴻海元大9A購14  ,0,0,0,0,0,0,0,0,0,-5000,0,0,0,0,5000,-5000,-5000
057784,台積電國票9B購01,0,0,0,0,0,0,0,0,0,-5000,0,0,0,0,5000,-5000,-5000
062092,臺指反富邦9C購02,0,0,0,0,0,0,0,0,0,-5000,0,0,0,0,5000,-5000,-5000
061446,鴻海中信04購01  ,0,0,0,0,0,0,0,0,0,-5000,0,0,0,0,5000,-5000,-5000
060714,晶技永豐9A購02  ,0,0,0,0,0,0,0,0,0,-5000,0,0,0,2000,7000,-5000,-5000
056173,廣達元富97購01  ,0,0,0,0,0,0,0,0,0,-5000,0,0,0,5000,10000,-5000,-5000
055259,玉晶光統一9A購01,0,0,0,0,0,0,0,0,0,-5000,0,0,0,45000,50000,-5000,-5000
058063,旺宏中信98購04  ,0,0,0,0,0,0,0,0,0,-5000,0,0,0,0,5000,-5000,-5000
058873,美律國票9A購02  ,0,0,0,0,0,0,0,0,0,-5000,0,0,0,0,5000,-5000,-5000
058854,樺漢群益9B購01  ,0,0,0,0,0,0,0,0,0,-5000,0,0,0,0,5000,-5000,-5000
03080P,台灣50元大01售32,0,0,0,0,0,0,0,0,0,-5000,0,0,0,0,5000,-5000,-5000
03083P,鴻海元大01售22  ,0,0,0,0,0,0,0,0,0,-5000,0,0,0,0,5000,-5000,-5000
03101P,GIS凱基01售04   ,0,0,0,0,0,0,0,0,0,-5000,0,0,0,0,5000,-5000,-5000
057150,貿聯國票99購02  ,0,0,0,0,0,0,0,0,0,-5000,0,0,0,0,5000,-5000,-5000
057001,華邦電國票99購02,0,0,0,0,0,0,0,0,0,-5000,0,0,0,0,5000,-5000,-5000
056937,智原元富98購01  ,0,0,0,0,0,0,0,0,0,-5000,0,0,0,15000,20000,-5000,-5000
00681R,元大美債20反1   ,0,0,0,0,0,0,0,0,0,-5000,0,0,0,5000,10000,-5000,-5000
020011,統一微波高息20N ,0,0,0,0,0,0,0,0,0,-5000,0,0,0,35000,40000,-5000,-5000
05349P,可成元富98售03  ,0,0,0,0,0,0,0,0,0,-5000,0,0,0,0,5000,-5000,-5000
052694,開發金中信98購01,0,0,0,0,0,0,0,0,0,-5000,0,0,0,0,5000,-5000,-5000
03013P,華新科永豐01售01,0,0,0,0,0,0,0,0,0,-5000,0,0,0,0,5000,-5000,-5000
03030P,玉晶光元大03售01,0,0,0,0,0,0,0,0,0,-5000,0,0,0,0,5000,-5000,-5000
03062P,世紀鋼凱基02售02,0,0,0,0,0,0,0,0,0,-5000,0,0,0,0,5000,-5000,-5000
062698,台積電元大01購01,0,0,0,0,0,0,0,0,0,-5000,0,0,0,6000,11000,-5000,-5000
060942,智邦國票9A購02  ,0,0,0,0,0,0,0,0,0,-5000,0,0,0,0,5000,-5000,-5000
063117,聯茂麥證9B購01  ,0,0,0,2000,7000,-5000,0,0,0,-5000,0,0,0,2000,7000,-5000,-5000
062982,同欣電元富9B購01,0,0,0,0,0,0,0,0,0,-5000,0,0,0,21000,26000,-5000,-5000
062902,智邦元大9B購07  ,0,0,0,0,0,0,0,0,0,-5000,0,0,0,2000,7000,-5000,-5000
062558,義隆凱基9B購02  ,0,0,0,0,0,0,0,0,0,-5000,0,0,0,0,5000,-5000,-5000
062609,帆宣凱基9B購01  ,0,0,0,0,0,0,0,0,0,-5000,0,0,0,1000,6000,-5000,-5000
062223,大立光統一9C購04,0,0,0,0,0,0,0,0,0,-5000,0,0,0,0,5000,-5000,-5000
062225,華擎統一01購01  ,0,0,0,0,0,0,0,0,0,-5000,0,0,0,0,5000,-5000,-5000
062753,台積電麥證9B購01,0,0,0,0,5000,-5000,0,0,0,-5000,0,0,0,0,5000,-5000,-5000
062717,華邦電凱基9C購01,0,0,0,0,0,0,0,0,0,-5000,0,0,0,25000,30000,-5000,-5000
062540,茂林國泰9C購01  ,0,0,0,0,0,0,0,0,0,-5000,0,0,0,5000,10000,-5000,-5000
062437,廣達元大9B購01  ,0,0,0,0,0,0,0,0,0,-5000,0,0,0,7000,12000,-5000,-5000
063679,群創國泰01購01  ,0,0,0,0,0,0,0,0,0,-5000,0,0,0,0,5000,-5000,-5000
062366,義隆元大9B購04  ,0,0,0,0,0,0,0,0,0,-5000,0,0,0,0,5000,-5000,-5000
062342,上証2X群益01購03,0,0,0,0,0,0,0,0,0,-5000,0,0,0,0,5000,-5000,-5000
063600,燿華凱基9B購04  ,0,0,0,0,0,0,0,0,0,-5000,0,0,0,0,5000,-5000,-5000
063538,神達統一9C購01  ,0,0,0,0,0,0,0,0,0,-5000,0,0,0,0,5000,-5000,-5000
063357,聯發科國泰01購04,0,0,0,0,0,0,0,0,0,-5000,0,0,0,0,5000,-5000,-5000
063326,正隆國票9B購01  ,0,0,0,0,0,0,0,0,0,-5000,0,0,0,0,5000,-5000,-5000
063710,光寶科凱基9C購01,0,0,0,0,0,0,0,0,0,-5000,0,0,0,0,5000,-5000,-5000
060190,國泰金元富9A購01,0,0,0,0,0,0,0,0,0,-5000,0,0,0,0,5000,-5000,-5000
063858,鴻海國泰02購01  ,0,0,0,0,0,0,0,0,0,-5000,0,0,0,0,5000,-5000,-5000
061650,南電元大9A購07  ,0,0,0,0,0,0,0,0,0,-5000,0,0,0,0,5000,-5000,-5000
061592,義隆永豐9A購03  ,0,0,0,0,0,0,0,0,0,-5000,0,0,0,13000,18000,-5000,-5000
061114,南電元大9A購04  ,0,0,0,0,0,0,0,0,0,-5000,0,0,0,0,5000,-5000,-5000
061290,玉晶光統一01購04,0,0,0,0,0,0,0,0,0,-5000,0,0,0,0,5000,-5000,-5000
060545,台積電凱基9B購02,0,0,0,0,0,0,0,0,0,-5000,0,0,0,0,5000,-5000,-5000
060966,台表科凱基9B購01,0,0,0,0,0,0,0,0,0,-5000,0,0,0,0,5000,-5000,-5000
060032,利勤永豐99購01  ,0,0,0,0,0,0,0,0,0,-5000,0,0,0,0,5000,-5000,-5000
061233,國巨元大9A購17  ,0,0,0,0,0,0,0,0,0,-5000,0,0,0,5000,10000,-5000,-5000
064806,微星元大01購01  ,0,0,0,0,0,0,0,0,0,-5000,0,0,0,0,5000,-5000,-5000
064800,鴻海元大9C購12  ,0,0,0,0,0,0,0,0,0,-5000,0,0,0,0,5000,-5000,-5000
064792,美律國票9C購01  ,0,0,0,0,0,0,0,0,0,-5000,0,0,0,0,5000,-5000,-5000
064595,超眾統一02購01  ,0,0,0,0,0,0,0,0,0,-5000,0,0,0,0,5000,-5000,-5000
064531,旭富兆豐9C購01  ,0,0,0,0,0,0,0,0,0,-5000,0,0,0,0,5000,-5000,-5000
064526,臺股指群益9C購11,0,0,0,0,0,0,0,0,0,-5000,0,0,0,10000,15000,-5000,-5000
064372,滬深2X元富9C購10,0,0,0,0,0,0,0,0,0,-5000,0,0,0,5000,10000,-5000,-5000
064318,彩晶群益9C購01  ,0,0,0,0,0,0,0,0,0,-5000,0,0,0,5000,10000,-5000,-5000
064272,鴻海元大9C購09  ,0,0,0,0,0,0,0,0,0,-5000,0,0,0,0,5000,-5000,-5000
064995,世紀鋼兆豐9C購01,0,0,0,0,0,0,0,0,0,-5000,0,0,0,5000,10000,-5000,-5000
064919,嘉晶統一02購02  ,0,0,0,0,0,0,0,0,0,-5000,0,0,0,0,5000,-5000,-5000
065069,臺股指群益9C購17,0,0,0,0,0,0,0,0,0,-5000,0,0,0,20000,25000,-5000,-5000
065217,世芯國泰02購01  ,0,0,0,0,0,0,0,0,0,-5000,0,0,0,0,5000,-5000,-5000
065338,旺宏統一01購07  ,0,0,0,0,0,0,0,0,0,-5000,0,0,0,0,5000,-5000,-5000
065262,義隆元大9C購06  ,0,0,0,0,0,0,0,0,0,-5000,0,0,0,27000,32000,-5000,-5000
065517,緯創群益9C購02  ,0,0,0,0,0,0,0,0,0,-5000,0,0,0,69000,74000,-5000,-5000
065438,緯穎凱基9C購04  ,0,0,0,0,0,0,0,0,0,-5000,0,0,0,0,5000,-5000,-5000
066171,德律凱基01購01  ,0,0,0,0,0,0,0,0,0,-5000,0,0,0,19000,24000,-5000,-5000
066182,康控凱基01購01  ,0,0,0,0,0,0,0,0,0,-5000,0,0,0,0,5000,-5000,-5000
066238,聯鈞富邦03購01  ,0,0,0,0,0,0,0,0,0,-5000,0,0,0,0,5000,-5000,-5000
066199,金像電統一02購01,0,0,0,0,0,0,0,0,0,-5000,0,0,0,7000,12000,-5000,-5000
066073,奇鋐凱基01購01  ,0,0,0,0,0,0,0,0,0,-5000,0,0,0,5000,10000,-5000,-5000
066101,微星國票02購01  ,0,0,0,0,0,0,0,0,0,-5000,0,0,0,0,5000,-5000,-5000
065633,聯發科國票01購02,0,0,0,0,0,0,0,0,0,-5000,0,0,0,20000,25000,-5000,-5000
065902,燿華富邦02購01  ,0,0,0,0,0,0,0,0,0,-5000,0,0,0,0,5000,-5000,-5000
065866,鴻海群益9C購07  ,0,0,0,0,0,0,0,0,0,-5000,0,0,0,0,5000,-5000,-5000
065810,台表科群益9C購05,0,0,0,0,0,0,0,0,0,-5000,0,0,0,5000,10000,-5000,-5000
065844,南亞科元大9C購09,0,0,0,0,0,0,0,0,0,-5000,0,0,0,15000,20000,-5000,-5000
066721,臺指反元大04購03,0,0,0,0,0,0,0,0,0,-5000,0,0,0,0,5000,-5000,-5000
066599,鴻海國泰03購02  ,0,0,0,0,0,0,0,0,0,-5000,0,0,0,0,5000,-5000,-5000
066638,聚碩凱基01購01  ,0,0,0,0,0,0,0,0,0,-5000,0,0,0,0,5000,-5000,-5000
066739,揚明光元大01購01,0,0,0,0,0,0,0,0,0,-5000,0,0,0,0,5000,-5000,-5000
8442,威宏-KY         ,0,2000,-2000,0,0,0,0,0,0,-3000,0,3000,-3000,0,0,0,-5000
1315,達新            ,22000,66000,-44000,0,0,0,0,0,0,39000,0,1000,-1000,40000,0,40000,-5000
1445,大宇            ,0,5000,-5000,0,0,0,0,0,0,0,0,0,0,0,0,0,-5000
08970P,臺股指元大01售13,0,0,0,0,0,0,0,0,0,-5000,0,0,0,0,5000,-5000,-5000
1540,喬福            ,4000,4000,0,0,0,0,0,0,0,-5000,0,5000,-5000,0,0,0,-5000
1525,江申            ,0,5000,-5000,0,0,0,0,0,0,0,0,0,0,0,0,0,-5000
2033,佳大            ,0,5000,-5000,0,0,0,0,0,0,0,0,0,0,0,0,0,-5000
2069,運錩            ,1000,6000,-5000,0,0,0,0,0,0,0,0,0,0,0,0,0,-5000
2393,億光            ,1465000,1516000,-51000,0,0,0,0,0,0,46000,37000,4000,33000,16000,3000,13000,-5000
2904,匯僑            ,0,3000,-3000,0,0,0,0,0,0,-2000,0,2000,-2000,0,0,0,-5000
08165P,台表科永豐9B售02,0,0,0,0,0,0,0,0,0,-6000,0,0,0,10000,16000,-6000,-6000
08200P,祥碩元大9B售08  ,0,0,0,0,0,0,0,0,0,-6000,0,0,0,4000,10000,-6000,-6000
08185P,華新科永豐9B售01,0,0,0,0,0,0,0,0,0,-6000,0,0,0,0,6000,-6000,-6000
06981P,台灣50麥證99售02,0,0,0,0,6000,-6000,0,0,0,-6000,0,0,0,0,6000,-6000,-6000
06886P,旺宏元大99售07  ,0,0,0,0,0,0,0,0,0,-6000,0,0,0,0,6000,-6000,-6000
068277,緯穎永豐01購03  ,0,0,0,0,0,0,0,0,0,-6000,0,0,0,0,6000,-6000,-6000
07191P,台積電元大99售32,0,0,0,0,0,0,0,0,0,-6000,0,0,0,0,6000,-6000,-6000
07245P,台積電凱基99售16,0,0,0,0,0,0,0,0,0,-6000,0,0,0,0,6000,-6000,-6000
08877P,臺股指中信04售03,0,0,0,0,0,0,0,0,0,-6000,0,0,0,9000,15000,-6000,-6000
08889P,台灣50元大01售28,0,0,0,0,0,0,0,0,0,-6000,0,0,0,0,6000,-6000,-6000
08902P,台灣50中信05售01,0,0,0,0,0,0,0,0,0,-6000,0,0,0,0,6000,-6000,-6000
08536P,台積電國票9C售08,0,0,0,0,0,0,0,0,0,-6000,0,0,0,367000,373000,-6000,-6000
08342P,健策永豐9C售01  ,0,0,0,0,0,0,0,0,0,-6000,0,0,0,0,6000,-6000,-6000
067362,眾達群益01購02  ,0,0,0,0,0,0,0,0,0,-6000,0,0,0,0,6000,-6000,-6000
068027,國巨元富07購11  ,0,0,0,0,0,0,0,0,0,-6000,0,0,0,5000,11000,-6000,-6000
06807P,臺股指群益98售13,0,0,0,0,0,0,0,0,0,-6000,0,0,0,0,6000,-6000,-6000
067884,鴻海群益02購03  ,0,0,0,0,0,0,0,0,0,-6000,0,0,0,0,6000,-6000,-6000
067852,大毅國票02購01  ,0,0,0,0,0,0,0,0,0,-6000,0,0,0,22000,28000,-6000,-6000
052313,聯電元大98購01  ,0,0,0,0,0,0,0,0,0,-6000,0,0,0,14000,20000,-6000,-6000
00688L,國泰20年美債正2 ,0,5000,-5000,0,0,0,0,0,0,-1000,0,0,0,123000,124000,-1000,-6000
056793,臺股指群益98購03,0,0,0,0,0,0,0,0,0,-6000,0,0,0,0,6000,-6000,-6000
03073P,大立光國泰03售04,0,0,0,0,0,0,0,0,0,-6000,0,0,0,0,6000,-6000,-6000
057968,可成國泰9A購01  ,0,0,0,0,0,0,0,0,0,-6000,0,0,0,27000,33000,-6000,-6000
057119,微星康和98購01  ,0,0,0,0,0,0,0,0,0,-6000,0,0,0,0,6000,-6000,-6000
061466,創意群益9A購01  ,0,0,0,0,0,0,0,0,0,-6000,0,0,0,112000,118000,-6000,-6000
058878,旭富國泰9B購01  ,0,0,0,0,0,0,0,0,0,-6000,0,0,0,5000,11000,-6000,-6000
057691,健策凱基99購01  ,0,0,0,0,0,0,0,0,0,-6000,0,0,0,20000,26000,-6000,-6000
058375,群創凱基9B購04  ,0,0,0,0,0,0,0,0,0,-6000,0,0,0,8000,14000,-6000,-6000
058655,鴻海中信03購02  ,0,0,0,0,0,0,0,0,0,-6000,0,0,0,0,6000,-6000,-6000
060980,台積電元大9A購21,0,0,0,0,0,0,0,0,0,-6000,0,0,0,1000,7000,-6000,-6000
060490,華新科台新9A購01,0,0,0,0,0,0,0,0,0,-6000,0,0,0,0,6000,-6000,-6000
060960,金像電凱基9B購01,0,0,0,0,0,0,0,0,0,-6000,0,0,0,34000,40000,-6000,-6000
060957,SP黃豆凱基9A購04,0,0,0,0,0,0,0,0,0,-6000,0,0,0,0,6000,-6000,-6000
060423,智易永豐9A購01  ,0,0,0,0,0,0,0,0,0,-6000,0,0,0,0,6000,-6000,-6000
061604,台光電凱基9B購01,0,0,0,0,0,0,0,0,0,-6000,0,0,0,0,6000,-6000,-6000
061870,智邦元大9B購02  ,0,0,0,0,0,0,0,0,0,-6000,0,0,0,12000,18000,-6000,-6000
063891,國巨群益9C購07  ,0,0,0,0,0,0,0,0,0,-6000,0,0,0,4000,10000,-6000,-6000
063904,大立光麥證01購01,0,0,0,0,6000,-6000,0,0,0,-6000,0,0,0,0,6000,-6000,-6000
064189,TPK永豐9C購01   ,0,0,0,0,0,0,0,0,0,-6000,0,0,0,6000,12000,-6000,-6000
060200,同欣電元富9A購01,0,0,0,0,0,0,0,0,0,-6000,0,0,0,0,6000,-6000,-6000
061905,上証反中信03購01,0,0,0,0,0,0,0,0,0,-6000,0,0,0,5000,11000,-6000,-6000
061994,瑞儀元大9B購01  ,0,0,0,0,0,0,0,0,0,-6000,0,0,0,11000,17000,-6000,-6000
063742,道瓊指國票9C購01,0,0,0,0,0,0,0,0,0,-6000,0,0,0,0,6000,-6000,-6000
063779,華邦電永豐9B購01,0,0,0,0,0,0,0,0,0,-6000,0,0,0,0,6000,-6000,-6000
063340,英業達統一9B購01,0,0,0,0,0,0,0,0,0,-6000,0,0,0,0,6000,-6000,-6000
063483,致新元大9B購03  ,0,0,0,0,0,0,0,0,0,-6000,0,0,0,8000,14000,-6000,-6000
063217,元金2X群益9B購03,0,0,0,0,0,0,0,0,0,-6000,0,0,0,0,6000,-6000,-6000
062361,智邦元大9B購06  ,0,0,0,0,0,0,0,0,0,-6000,0,0,0,2000,8000,-6000,-6000
063245,富邦金元大9B購03,0,0,0,0,0,0,0,0,0,-6000,0,0,0,0,6000,-6000,-6000
063236,旺宏元大9B購07  ,0,0,0,0,0,0,0,0,0,-6000,0,0,0,48000,54000,-6000,-6000
062530,大立光統一01購03,0,0,0,0,0,0,0,0,0,-6000,0,0,0,0,6000,-6000,-6000
061488,奇力新兆豐9A購01,0,0,0,0,0,0,0,0,0,-6000,0,0,0,0,6000,-6000,-6000
061490,茂林兆豐9B購01  ,0,0,0,0,0,0,0,0,0,-6000,0,0,0,4000,10000,-6000,-6000
061735,上銀凱基9B購01  ,0,0,0,0,0,0,0,0,0,-6000,0,0,0,0,6000,-6000,-6000
062177,上銀元大9B購02  ,0,0,0,0,0,0,0,0,0,-6000,0,0,0,0,6000,-6000,-6000
062147,大毅國票9B購02  ,0,0,0,0,0,0,0,0,0,-6000,0,0,0,41000,47000,-6000,-6000
061542,旺宏群益9A購04  ,0,0,0,0,0,0,0,0,0,-6000,0,0,0,0,6000,-6000,-6000
061507,南電國票9A購05  ,0,0,0,0,0,0,0,0,0,-6000,0,0,0,20000,26000,-6000,-6000
063107,矽創群益9B購01  ,0,0,0,0,0,0,0,0,0,-6000,0,0,0,110000,116000,-6000,-6000
062683,可成統一9B購04  ,0,0,0,0,0,0,0,0,0,-6000,0,0,0,0,6000,-6000,-6000
066713,台灣50元大01購21,0,0,0,0,0,0,0,0,0,-6000,0,0,0,0,6000,-6000,-6000
066319,聯強永豐01購01  ,0,0,0,0,0,0,0,0,0,-6000,0,0,0,15000,21000,-6000,-6000
066472,美利達統一02購01,0,0,0,0,0,0,0,0,0,-6000,0,0,0,22000,28000,-6000,-6000
066503,台積電富邦05購02,0,70000,-70000,0,0,0,0,0,0,64000,0,0,0,120000,56000,64000,-6000
066524,創意統一02購03  ,0,0,0,0,0,0,0,0,0,-6000,0,0,0,46000,52000,-6000,-6000
066566,康控元大01購01  ,0,0,0,0,0,0,0,0,0,-6000,0,0,0,54000,60000,-6000,-6000
065843,瑞昱元大9C購03  ,0,0,0,0,0,0,0,0,0,-6000,0,0,0,58000,64000,-6000,-6000
065789,泰碩永豐9C購02  ,0,0,0,0,0,0,0,0,0,-6000,0,0,0,0,6000,-6000,-6000
065938,文曄群益01購01  ,0,0,0,0,0,0,0,0,0,-6000,0,0,0,11000,17000,-6000,-6000
066014,嘉晶元富07購01  ,0,0,0,0,0,0,0,0,0,-6000,0,0,0,149000,155000,-6000,-6000
066178,拓凱凱基01購01  ,0,0,0,0,0,0,0,0,0,-6000,0,0,0,0,6000,-6000,-6000
065441,義隆麥證9C購01  ,0,0,0,97000,113000,-16000,0,0,0,-6000,0,0,0,107000,113000,-6000,-6000
065374,義隆元大9C購07  ,0,0,0,0,0,0,0,0,0,-6000,0,0,0,20000,26000,-6000,-6000
064964,T50反1元大9C購10,0,0,0,0,0,0,0,0,0,-6000,0,0,0,4000,10000,-6000,-6000
064234,正崴統一01購01  ,0,0,0,0,0,0,0,0,0,-6000,0,0,0,0,6000,-6000,-6000
064666,華新科元大02購01,0,0,0,0,0,0,0,0,0,-6000,0,0,0,0,6000,-6000,-6000
064648,臻鼎凱基9C購02  ,0,0,0,0,0,0,0,0,0,-6000,0,0,0,0,6000,-6000,-6000
064668,大立光元大9C購21,0,0,0,0,0,0,0,0,0,-6000,0,0,0,0,6000,-6000,-6000
064787,和潤群益9C購01  ,0,0,0,0,0,0,0,0,0,-6000,0,0,0,0,6000,-6000,-6000
3011,今皓            ,0,6000,-6000,0,0,0,0,0,0,0,0,0,0,0,0,0,-6000
2613,中櫃            ,0,6000,-6000,0,0,0,0,0,0,0,0,0,0,0,0,0,-6000
2528,皇普            ,4000,11000,-7000,0,0,0,0,0,0,1000,2000,1000,1000,0,0,0,-6000
1727,中華化          ,0,6000,-6000,0,0,0,0,0,0,0,0,0,0,0,0,0,-6000
1521,大億            ,0,5000,-5000,0,0,0,0,0,0,-1000,0,1000,-1000,0,0,0,-6000
1529,樂士            ,8000,14000,-6000,0,0,0,0,0,0,0,0,0,0,0,0,0,-6000
1233,天仁            ,0,6000,-6000,0,0,0,0,0,0,0,0,0,0,0,0,0,-6000
1413,宏洲            ,1000,7000,-6000,0,0,0,0,0,0,0,0,0,0,0,0,0,-6000
6655,科定            ,0,6000,-6000,0,0,0,0,0,0,0,0,0,0,0,0,0,-6000
9926,新海            ,0,6000,-6000,0,0,0,0,0,0,0,0,0,0,0,0,0,-6000
3432,台端            ,0,6000,-6000,0,0,0,0,0,0,0,0,0,0,0,0,0,-6000
3528,安馳            ,0,6000,-6000,0,0,0,0,0,0,0,0,0,0,0,0,0,-6000
3054,立萬利          ,0,5000,-5000,0,0,0,0,0,0,-1000,0,1000,-1000,0,0,0,-6000
4737,華廣            ,28000,34000,-6000,0,0,0,0,0,0,0,0,0,0,0,0,0,-6000
4148,全宇生技-KY     ,32000,37000,-5000,0,0,0,0,0,0,-1000,0,1000,-1000,0,0,0,-6000
3593,力銘            ,0,6000,-6000,0,0,0,0,0,0,0,0,0,0,0,0,0,-6000
4763,材料-KY         ,25000,30000,-5000,0,0,0,0,0,0,-1000,0,1000,-1000,0,0,0,-6000
067718,鴻海凱基01購09  ,0,0,0,0,0,0,0,0,0,-7000,0,0,0,20000,27000,-7000,-7000
067573,滬深反群益02購01,0,0,0,0,0,0,0,0,0,-7000,0,0,0,0,7000,-7000,-7000
068102,晶豪科永豐01購01,0,0,0,0,0,0,0,0,0,-7000,0,0,0,0,7000,-7000,-7000
067099,友訊群益01購04  ,0,0,0,0,0,0,0,0,0,-7000,0,0,0,23000,30000,-7000,-7000
08369P,鴻海凱基01售04  ,0,0,0,0,0,0,0,0,0,-7000,0,0,0,0,7000,-7000,-7000
08688P,台灣50中信04售02,0,0,0,0,0,0,0,0,0,-7000,0,0,0,1000,8000,-7000,-7000
07055P,景碩群益9A售02  ,0,0,0,0,0,0,0,0,0,-7000,0,0,0,0,7000,-7000,-7000
07031P,台灣50中信03售02,0,0,0,0,0,0,0,0,0,-7000,0,0,0,0,7000,-7000,-7000
08069P,大立光國泰01售02,0,0,0,0,0,0,0,0,0,-7000,0,0,0,0,7000,-7000,-7000
08080P,祥碩國票9B售03  ,0,0,0,0,0,0,0,0,0,-7000,0,0,0,296000,303000,-7000,-7000
07842P,力成元大9A售01  ,0,0,0,0,0,0,0,0,0,-7000,0,0,0,10000,17000,-7000,-7000
058390,樺漢國票9A購01  ,0,0,0,0,0,0,0,0,0,-7000,0,0,0,1000,8000,-7000,-7000
058446,新光金富邦9C購01,0,0,0,0,0,0,0,0,0,-7000,0,0,0,0,7000,-7000,-7000
058368,奇鋐凱基9A購01  ,0,0,0,0,0,0,0,0,0,-7000,0,0,0,0,7000,-7000,-7000
058956,健策國票9A購02  ,0,0,0,0,0,0,0,0,0,-7000,0,0,0,1000,8000,-7000,-7000
062034,同欣電群益9B購01,0,0,0,0,0,0,0,0,0,-7000,0,0,0,10000,17000,-7000,-7000
063292,致新元大9B購02  ,0,0,0,0,0,0,0,0,0,-7000,0,0,0,0,7000,-7000,-7000
055781,聯詠凱基98購01  ,0,0,0,0,0,0,0,0,0,-7000,0,0,0,13000,20000,-7000,-7000
059966,台積電凱基99購19,0,0,0,0,0,0,0,0,0,-7000,0,0,0,3000,10000,-7000,-7000
00660,元大歐洲50      ,0,0,0,0,0,0,0,0,0,-7000,0,0,0,3000,10000,-7000,-7000
00709,富邦歐洲        ,0,0,0,0,0,0,0,0,0,-7000,0,0,0,110000,117000,-7000,-7000
062684,華新科統一01購02,0,0,0,0,0,0,0,0,0,-7000,0,0,0,0,7000,-7000,-7000
062644,中環國泰9C購01  ,0,0,0,0,0,0,0,0,0,-7000,0,0,0,3000,10000,-7000,-7000
062861,世芯國票9C購01  ,0,0,0,0,0,0,0,0,0,-7000,0,0,0,0,7000,-7000,-7000
062560,奇鋐凱基9B購02  ,0,0,0,0,0,0,0,0,0,-7000,0,0,0,36000,43000,-7000,-7000
062289,緯穎群益9B購01  ,0,0,0,0,0,0,0,0,0,-7000,0,0,0,40000,47000,-7000,-7000
062144,華通國票9B購01  ,0,0,0,0,0,0,0,0,0,-7000,0,0,0,0,7000,-7000,-7000
062485,華通國泰01購01  ,0,0,0,0,0,0,0,0,0,-7000,0,0,0,0,7000,-7000,-7000
063570,嘉晶元大9C購02  ,0,0,0,0,0,0,0,0,0,-7000,0,0,0,3000,10000,-7000,-7000
063520,上銀凱基9B購05  ,0,0,0,0,0,0,0,0,0,-7000,0,0,0,0,7000,-7000,-7000
063645,瑞儀元大9B購02  ,0,0,0,0,0,0,0,0,0,-7000,0,0,0,3000,10000,-7000,-7000
060243,潤泰全元大9C購02,0,0,0,0,0,0,0,0,0,-7000,0,0,0,71000,78000,-7000,-7000
061124,微星永豐9A購02  ,0,0,0,0,0,0,0,0,0,-7000,0,0,0,50000,57000,-7000,-7000
060628,和大富邦9B購01  ,0,0,0,0,0,0,0,0,0,-7000,0,0,0,10000,17000,-7000,-7000
060500,鴻海元大9A購12  ,0,0,0,0,0,0,0,0,0,-7000,0,0,0,0,7000,-7000,-7000
060049,華通凱基99購06  ,0,0,0,0,0,0,0,0,0,-7000,0,0,0,3000,10000,-7000,-7000
064486,聚陽元大9C購01  ,0,0,0,0,0,0,0,0,0,-7000,0,0,0,0,7000,-7000,-7000
065171,燿華元大9C購04  ,0,0,0,0,0,0,0,0,0,-7000,0,0,0,3000,10000,-7000,-7000
065602,聯發科元大9C購15,0,0,0,0,0,0,0,0,0,-7000,0,0,0,80000,87000,-7000,-7000
066127,劍麟群益03購01  ,0,0,0,0,0,0,0,0,0,-7000,0,0,0,3000,10000,-7000,-7000
066113,金像電兆豐01購01,0,0,0,0,0,0,0,0,0,-7000,0,0,0,0,7000,-7000,-7000
066421,國產元大01購01  ,0,0,0,0,0,0,0,0,0,-7000,0,0,0,2000,9000,-7000,-7000
6133,金橋            ,9000,16000,-7000,0,0,0,0,0,0,0,0,0,0,0,0,0,-7000
9906,欣巴巴          ,1000,8000,-7000,0,0,0,0,0,0,0,0,0,0,0,0,0,-7000
1414,東和            ,6000,11000,-5000,0,0,0,0,0,0,-2000,0,2000,-2000,0,0,0,-7000
1724,台硝            ,0,6000,-6000,0,0,0,0,0,0,-1000,0,1000,-1000,0,0,0,-7000
1735,日勝化          ,0,7000,-7000,0,0,0,0,0,0,0,0,0,0,0,0,0,-7000
2008,高興昌          ,0,7000,-7000,0,0,0,0,0,0,0,0,0,0,0,0,0,-7000
2540,愛山林          ,0,5000,-5000,0,0,0,0,0,0,-2000,0,2000,-2000,0,0,0,-7000
2497,怡利電          ,0,7000,-7000,0,0,0,0,0,0,0,0,0,0,0,0,0,-7000
2509,全坤建          ,0,7000,-7000,0,0,0,0,0,0,0,0,0,0,0,0,0,-7000
2440,太空梭          ,0,7000,-7000,0,0,0,0,0,0,0,0,0,0,0,0,0,-7000
08181P,華新科國泰9C售02,0,0,0,0,0,0,0,0,0,-8000,0,0,0,2000,10000,-8000,-8000
07078P,鴻海群益99售02  ,0,0,0,0,0,0,0,0,0,-8000,0,0,0,0,8000,-8000,-8000
08690P,友訊中信05售03  ,0,0,0,0,0,0,0,0,0,-8000,0,0,0,0,8000,-8000,-8000
08924P,鴻海元富07售10  ,0,0,0,0,0,0,0,0,0,-8000,0,0,0,0,8000,-8000,-8000
08240P,華通中信06售03  ,0,0,0,0,0,0,0,0,0,-8000,0,0,0,2000,10000,-8000,-8000
08403P,上銀元大9C售07  ,0,0,0,0,0,0,0,0,0,-8000,0,0,0,19000,27000,-8000,-8000
067119,泰鼎群益01購02  ,0,0,0,0,0,0,0,0,0,-8000,0,0,0,1000,9000,-8000,-8000
066951,長榮航元大01購01,0,0,0,0,0,0,0,0,0,-8000,0,0,0,0,8000,-8000,-8000
067439,巨大凱基02購02  ,0,0,0,0,0,0,0,0,0,-8000,0,0,0,2000,10000,-8000,-8000
06806P,臺股指群益98售12,0,0,0,0,0,0,0,0,0,-8000,0,0,0,1000,9000,-8000,-8000
068148,台積電元大02購07,0,0,0,0,0,0,0,0,0,-8000,0,0,0,13000,21000,-8000,-8000
068198,奇力新凱基02購02,0,0,0,0,0,0,0,0,0,-8000,0,0,0,0,8000,-8000,-8000
068199,大立光凱基02購04,0,0,0,0,0,0,0,0,0,-8000,0,0,0,0,8000,-8000,-8000
06789P,鴻海凱基98售12  ,0,0,0,0,0,0,0,0,0,-8000,0,0,0,12000,20000,-8000,-8000
067726,帆宣凱基01購01  ,0,0,0,0,0,0,0,0,0,-8000,0,0,0,23000,31000,-8000,-8000
067729,台灣50元大01購29,0,0,0,0,0,0,0,0,0,-8000,0,0,0,1000,9000,-8000,-8000
067853,京鼎國票02購01  ,0,0,0,0,0,0,0,0,0,-8000,0,0,0,2000,10000,-8000,-8000
049759,元黃金富邦9A購01,0,0,0,0,0,0,0,0,0,-8000,0,0,0,5000,13000,-8000,-8000
057924,健策凱基98購02  ,0,0,0,0,0,0,0,0,0,-8000,0,0,0,0,8000,-8000,-8000
058777,台光電國票9A購01,0,0,0,0,0,0,0,0,0,-8000,0,0,0,0,8000,-8000,-8000
055689,台郡凱基99購01  ,0,0,0,0,0,0,0,0,0,-8000,0,0,0,0,8000,-8000,-8000
058937,仁寶中信99購01  ,0,0,0,0,0,0,0,0,0,-8000,0,0,0,12000,20000,-8000,-8000
060014,中鋼康和99購01  ,0,0,0,0,0,0,0,0,0,-8000,0,0,0,60000,68000,-8000,-8000
059990,健策元大9A購01  ,0,0,0,0,0,0,0,0,0,-8000,0,0,0,14000,22000,-8000,-8000
058521,日月光元大99購01,0,0,0,0,0,0,0,0,0,-8000,0,0,0,49000,57000,-8000,-8000
058536,群創統一9B購01  ,0,0,0,0,0,0,0,0,0,-8000,0,0,0,0,8000,-8000,-8000
059634,可成凱基99購07  ,0,0,0,0,0,0,0,0,0,-8000,0,0,0,0,8000,-8000,-8000
059563,鴻海凱基9A購14  ,0,0,0,0,0,0,0,0,0,-8000,0,0,0,0,8000,-8000,-8000
061032,金像電永豐9A購03,0,0,0,0,0,0,0,0,0,-8000,0,0,0,5000,13000,-8000,-8000
061105,宏達電元大9A購04,0,0,0,0,0,0,0,0,0,-8000,0,0,0,54000,62000,-8000,-8000
060815,茂林凱基9B購01  ,0,0,0,0,0,0,0,0,0,-8000,0,0,0,0,8000,-8000,-8000
061365,國巨國票9B購05  ,0,0,0,0,0,0,0,0,0,-8000,0,0,0,26000,34000,-8000,-8000
061357,寶成元大9A購01  ,0,0,0,0,0,0,0,0,0,-8000,0,0,0,45000,53000,-8000,-8000
063871,瀚宇博永豐9C購01,0,0,0,0,0,0,0,0,0,-8000,0,0,0,61000,69000,-8000,-8000
064037,寶成元大9C購02  ,0,0,0,0,0,0,0,0,0,-8000,0,0,0,118000,126000,-8000,-8000
064033,茂林元大9C購02  ,0,0,0,0,0,0,0,0,0,-8000,0,0,0,0,8000,-8000,-8000
063454,瑞儀統一9B購01  ,0,0,0,0,0,0,0,0,0,-8000,0,0,0,31000,39000,-8000,-8000
063578,瑞祺元大9B購03  ,0,0,0,0,0,0,0,0,0,-8000,0,0,0,44000,52000,-8000,-8000
062474,台表科凱基9C購01,0,0,0,0,0,0,0,0,0,-8000,0,0,0,4000,12000,-8000,-8000
062511,台光電國票9B購02,0,0,0,0,0,0,0,0,0,-8000,0,0,0,0,8000,-8000,-8000
061703,信邦國票9A購01  ,0,0,0,0,0,0,0,0,0,-8000,0,0,0,0,8000,-8000,-8000
062337,台表科統一01購01,0,0,0,0,0,0,0,0,0,-8000,0,0,0,2000,10000,-8000,-8000
062580,華通統一9C購03  ,0,0,0,0,0,0,0,0,0,-8000,0,0,0,0,8000,-8000,-8000
062622,南電元大9B購03  ,0,0,0,0,0,0,0,0,0,-8000,0,0,0,3000,11000,-8000,-8000
066273,晶技元大01購02  ,0,0,0,0,0,0,0,0,0,-8000,0,0,0,55000,63000,-8000,-8000
066385,巨大康和01購01  ,0,0,0,0,0,0,0,0,0,-8000,0,0,0,18000,26000,-8000,-8000
066814,健鼎兆豐01購01  ,0,0,0,0,0,0,0,0,0,-8000,0,0,0,42000,50000,-8000,-8000
066112,智邦兆豐02購01  ,0,0,0,0,0,0,0,0,0,-8000,0,0,0,117000,125000,-8000,-8000
066026,泰碩群益03購01  ,0,0,0,0,0,0,0,0,0,-8000,0,0,0,0,8000,-8000,-8000
065926,金像電國票02購01,0,0,0,0,0,0,0,0,0,-8000,0,0,0,0,8000,-8000,-8000
065609,嘉澤元大01購02  ,0,0,0,0,0,0,0,0,0,-8000,0,0,0,43000,51000,-8000,-8000
065658,聯發科富邦03購03,0,0,0,0,0,0,0,0,0,-8000,0,0,0,430000,438000,-8000,-8000
065724,國巨凱基9C購11  ,0,0,0,0,0,0,0,0,0,-8000,0,0,0,44000,52000,-8000,-8000
065086,可成元大01購04  ,0,0,0,0,0,0,0,0,0,-8000,0,0,0,14000,22000,-8000,-8000
064927,瀚宇博統一02購01,0,0,0,0,0,0,0,0,0,-8000,0,0,0,12000,20000,-8000,-8000
064325,亞德客元大9C購01,0,0,0,0,0,0,0,0,0,-8000,0,0,0,38000,46000,-8000,-8000
064808,國產元大9C購02  ,0,0,0,0,0,0,0,0,0,-8000,0,0,0,0,8000,-8000,-8000
064563,全新群益02購01  ,0,0,0,0,0,0,0,0,0,-8000,0,0,0,10000,18000,-8000,-8000
2471,資通            ,25000,33000,-8000,0,0,0,0,0,0,0,0,0,0,0,0,0,-8000
2882A,國泰特          ,0,0,0,0,0,0,0,0,0,-8000,2000,10000,-8000,0,0,0,-8000
2816,旺旺保          ,41000,49000,-8000,0,0,0,0,0,0,0,0,0,0,0,0,0,-8000
2038,海光            ,16000,24000,-8000,0,0,0,0,0,0,0,0,0,0,0,0,0,-8000
1707,葡萄王          ,165000,168000,-3000,0,0,0,0,0,0,-5000,0,2000,-2000,0,3000,-3000,-8000
08998P,玉晶光群益02售15,0,0,0,0,0,0,0,0,0,-8000,0,0,0,10000,18000,-8000,-8000
08993P,彩晶元大01售02  ,0,0,0,0,0,0,0,0,0,-8000,0,0,0,11000,19000,-8000,-8000
9931,欣高            ,1000,9000,-8000,0,0,0,0,0,0,0,0,0,0,0,0,0,-8000
6579,研揚            ,1000,7000,-6000,0,0,0,0,0,0,-2000,0,2000,-2000,0,0,0,-8000
4989,榮科            ,4000,12000,-8000,0,0,0,0,0,0,0,0,0,0,0,0,0,-8000
067945,台積電國泰03購03,0,0,0,0,0,0,0,0,0,-9000,0,0,0,1000,10000,-9000,-9000
068163,緯穎元大01購07  ,0,0,0,0,0,0,0,0,0,-9000,0,0,0,0,9000,-9000,-9000
068103,松翰永豐01購02  ,0,0,0,0,0,0,0,0,0,-9000,0,0,0,0,9000,-9000,-9000
068106,南電永豐01購02  ,0,0,0,0,0,0,0,0,0,-9000,0,0,0,0,9000,-9000,-9000
068119,健鼎元富07購01  ,0,0,0,0,0,0,0,0,0,-9000,0,0,0,0,9000,-9000,-9000
067227,T50反1群益01購06,0,0,0,0,0,0,0,0,0,-9000,0,0,0,0,9000,-9000,-9000
067091,台虹元大01購02  ,0,0,0,0,0,0,0,0,0,-9000,0,0,0,6000,15000,-9000,-9000
08350P,臺股指中信9C售06,0,0,0,0,0,0,0,0,0,-9000,0,0,0,80000,89000,-9000,-9000
08835P,聯發科統一01售12,0,0,0,0,0,0,0,0,0,-9000,0,0,0,14000,23000,-9000,-9000
07944P,華新科元大9B售08,0,0,0,0,0,0,0,0,0,-9000,0,0,0,0,9000,-9000,-9000
059358,旺宏永豐99購02  ,0,0,0,0,0,0,0,0,0,-9000,0,0,0,35000,44000,-9000,-9000
059632,聯發科凱基01購01,0,0,0,0,0,0,0,0,0,-9000,0,0,0,1000,10000,-9000,-9000
059788,華新科元大9A購05,0,0,0,0,0,0,0,0,0,-9000,0,0,0,2000,11000,-9000,-9000
058588,致茂中信9B購01  ,0,0,0,0,0,0,0,0,0,-9000,0,0,0,12000,21000,-9000,-9000
058581,大立光群益99購05,0,0,0,0,0,0,0,0,0,-9000,0,0,0,1000,10000,-9000,-9000
056519,創意國票99購01  ,0,0,0,0,0,0,0,0,0,-9000,0,0,0,0,9000,-9000,-9000
053181,滬深2X元富99購02,0,0,0,0,0,0,0,0,0,-9000,0,0,0,50000,59000,-9000,-9000
03046P,緯穎國票03售01  ,0,0,0,0,0,0,0,0,0,-9000,0,0,0,10000,19000,-9000,-9000
062207,牧德國票9B購02  ,0,0,0,0,0,0,0,0,0,-9000,0,0,0,1000,10000,-9000,-9000
062156,美律凱基9B購01  ,0,0,0,0,0,0,0,0,0,-9000,0,0,0,4000,13000,-9000,-9000
062928,富邦金台新9B購02,0,0,0,0,0,0,0,0,0,-9000,0,0,0,14000,23000,-9000,-9000
063473,茂林元大9B購05  ,0,0,0,0,0,0,0,0,0,-9000,0,0,0,0,9000,-9000,-9000
063632,金像電元大9B購04,0,0,0,0,0,0,0,0,0,-9000,0,0,0,79000,88000,-9000,-9000
063638,華新科元大9B購14,0,0,0,0,0,0,0,0,0,-9000,0,0,0,1000,10000,-9000,-9000
060297,和碩元大9A購02  ,0,0,0,0,0,0,0,0,0,-9000,0,0,0,0,9000,-9000,-9000
063784,華通中信06購01  ,0,0,0,0,0,0,0,0,0,-9000,0,0,0,6000,15000,-9000,-9000
061370,晶技國泰9C購01  ,0,0,0,0,0,0,0,0,0,-9000,0,0,0,1000,10000,-9000,-9000
061858,南電國票9B購02  ,0,0,0,0,0,0,0,0,0,-9000,0,0,0,4000,13000,-9000,-9000
061811,A50正2群益01購03,0,0,0,0,0,0,0,0,0,-9000,0,0,0,1000,10000,-9000,-9000
060065,大立光兆豐9B購01,0,0,0,0,0,0,0,0,0,-9000,0,0,0,0,9000,-9000,-9000
061237,晶技元大9A購01  ,0,0,0,0,0,0,0,0,0,-9000,0,0,0,18000,27000,-9000,-9000
060352,滬深2X元富9A購02,0,0,0,0,0,0,0,0,0,-9000,0,0,0,0,9000,-9000,-9000
064592,同欣電永豐9C購01,0,0,0,0,0,0,0,0,0,-9000,0,0,0,0,9000,-9000,-9000
064305,健鼎兆豐9C購02  ,0,0,0,0,0,0,0,0,0,-9000,0,0,0,1000,10000,-9000,-9000
064367,貿聯統一01購02  ,0,0,0,0,0,0,0,0,0,-9000,0,0,0,1000,10000,-9000,-9000
064406,健策凱基03購01  ,0,0,0,0,0,0,0,0,0,-9000,0,0,0,77000,86000,-9000,-9000
065023,大毅永豐9C購01  ,0,0,0,0,0,0,0,0,0,-9000,0,0,0,30000,39000,-9000,-9000
065061,聯發科群益9C購08,0,0,0,0,0,0,0,0,0,-9000,0,0,0,6000,15000,-9000,-9000
065093,新日興元大9C購03,0,0,0,0,0,0,0,0,0,-9000,0,0,0,1000,10000,-9000,-9000
065382,緯穎元大9C購04  ,0,0,0,0,0,0,0,0,0,-9000,0,0,0,0,9000,-9000,-9000
065385,億豐元大03購01  ,0,0,0,0,0,0,0,0,0,-9000,0,0,0,71000,80000,-9000,-9000
065836,T50反1元大9C購11,0,0,0,0,0,0,0,0,0,-9000,0,0,0,0,9000,-9000,-9000
066779,上証2X中信03購01,0,0,0,0,0,0,0,0,0,-9000,0,0,0,10000,19000,-9000,-9000
066393,華碩凱基01購01  ,0,0,0,0,0,0,0,0,0,-9000,0,0,0,0,9000,-9000,-9000
066489,京鼎元富04購01  ,0,0,0,0,0,0,0,0,0,-9000,0,0,0,73000,82000,-9000,-9000
3701,大眾控          ,0,9000,-9000,0,0,0,0,0,0,0,0,0,0,0,0,0,-9000
3383,新世紀          ,0,9000,-9000,0,0,0,0,0,0,0,0,0,0,0,0,0,-9000
3416,融程電          ,2000,11000,-9000,0,0,0,0,0,0,0,0,0,0,0,0,0,-9000
8411,福貞-KY         ,2000,9000,-7000,0,0,0,0,0,0,-2000,0,2000,-2000,0,0,0,-9000
9918,欣天然          ,0,9000,-9000,0,0,0,0,0,0,0,0,0,0,0,0,0,-9000
2032,新鋼            ,1000,10000,-9000,0,0,0,0,0,0,0,0,0,0,0,0,0,-9000
1810,和成            ,57000,66000,-9000,0,0,0,0,0,0,0,0,0,0,0,0,0,-9000
2460,建通            ,1000,9000,-8000,0,0,0,0,0,0,-1000,0,1000,-1000,0,0,0,-9000
07935P,臺股指國票9B售07,0,0,0,0,0,0,0,0,0,-10000,0,0,0,0,10000,-10000,-10000
07821P,臺股指國票9A售12,0,0,0,0,0,0,0,0,0,-10000,0,0,0,0,10000,-10000,-10000
08101P,超眾群益9B售02  ,0,0,0,0,0,0,0,0,0,-10000,0,0,0,0,10000,-10000,-10000
08133P,臺股指元大9B售39,0,0,0,0,0,0,0,0,0,-10000,0,0,0,0,10000,-10000,-10000
08056P,華通群益9B售06  ,0,0,0,0,0,0,0,0,0,-10000,0,0,0,10000,20000,-10000,-10000
08058P,華新科元大9B售10,0,0,0,0,0,0,0,0,0,-10000,0,0,0,11000,21000,-10000,-10000
08028P,臺股指元大9B售30,0,0,0,0,0,0,0,0,0,-10000,0,0,0,0,10000,-10000,-10000
08016P,臺股指凱基02售02,0,0,0,0,0,0,0,0,0,-10000,0,0,0,0,10000,-10000,-10000
07079P,台積電群益99售06,0,0,0,0,0,0,0,0,0,-10000,0,0,0,0,10000,-10000,-10000
07107P,臺股指統一99售07,0,0,0,0,0,0,0,0,0,-10000,0,0,0,0,10000,-10000,-10000
07110P,台灣50群益9B售03,0,0,0,0,0,0,0,0,0,-10000,0,0,0,0,10000,-10000,-10000
07177P,臺股指凱基99售19,0,0,0,0,0,0,0,0,0,-10000,0,0,0,0,10000,-10000,-10000
07178P,臺股指凱基99售20,0,0,0,0,0,0,0,0,0,-10000,0,0,0,0,10000,-10000,-10000
07203P,T50正2凱基9C售02,0,0,0,0,0,0,0,0,0,-10000,0,0,0,0,10000,-10000,-10000
07024P,臺股指永豐99售02,0,0,0,0,0,0,0,0,0,-10000,0,0,0,0,10000,-10000,-10000
06987P,鴻海元富99售08  ,0,0,0,0,0,0,0,0,0,-10000,0,0,0,0,10000,-10000,-10000
07387P,臺股指群益99售25,0,0,0,0,0,0,0,0,0,-10000,0,0,0,0,10000,-10000,-10000
07514P,台積電元大9A售14,0,0,0,0,0,0,0,0,0,-10000,0,0,0,0,10000,-10000,-10000
07496P,鴻海元大9A售05  ,0,0,0,0,0,0,0,0,0,-10000,0,0,0,0,10000,-10000,-10000
08834P,聯發科統一01售11,0,0,0,0,0,0,0,0,0,-10000,0,0,0,10000,20000,-10000,-10000
08774P,華擎凱基01售02  ,0,0,0,0,0,0,0,0,0,-10000,0,0,0,85000,95000,-10000,-10000
08781P,台灣50元大01售25,0,0,0,0,0,0,0,0,0,-10000,0,0,0,0,10000,-10000,-10000
08925P,國巨元富07售10  ,0,0,0,0,0,0,0,0,0,-10000,0,0,0,0,10000,-10000,-10000
08936P,鴻海元大01售20  ,0,0,0,0,0,0,0,0,0,-10000,0,0,0,15000,25000,-10000,-10000
08916P,臺股指凱基01售07,0,0,0,0,0,0,0,0,0,-10000,0,0,0,0,10000,-10000,-10000
08894P,台灣50元富01售07,0,0,0,0,0,0,0,0,0,-10000,0,0,0,0,10000,-10000,-10000
08681P,台灣50凱基01售16,0,0,0,0,0,0,0,0,0,-10000,0,0,0,0,10000,-10000,-10000
08733P,臺股指麥證01售05,0,0,0,16000,26000,-10000,0,0,0,-10000,0,0,0,16000,26000,-10000,-10000
08335P,香港2X中信03售01,0,0,0,0,0,0,0,0,0,-10000,0,0,0,0,10000,-10000,-10000
08208P,臺股指群益9B售16,0,0,0,0,0,0,0,0,0,-10000,0,0,0,0,10000,-10000,-10000
08265P,臺股指元大9C售03,0,0,0,0,0,0,0,0,0,-10000,0,0,0,0,10000,-10000,-10000
08513P,聯發科凱基9C售08,0,0,0,0,0,0,0,0,0,-10000,0,0,0,0,10000,-10000,-10000
08505P,臺股指國票9C售07,0,0,0,0,0,0,0,0,0,-10000,0,0,0,0,10000,-10000,-10000
08550P,台灣50群益02售04,0,0,0,0,0,0,0,0,0,-10000,0,0,0,0,10000,-10000,-10000
067126,康控富邦03購02  ,0,0,0,0,0,0,0,0,0,-10000,0,0,0,0,10000,-10000,-10000
067175,國巨麥證01購06  ,0,0,0,0,10000,-10000,0,0,0,-10000,0,0,0,0,10000,-10000,-10000
067188,日電貿凱基01購02,0,0,0,0,0,0,0,0,0,-10000,0,0,0,0,10000,-10000,-10000
067023,巨大中信01購01  ,0,0,0,0,0,0,0,0,0,-10000,0,0,0,0,10000,-10000,-10000
06693P,臺股指凱基98售01,0,0,0,0,0,0,0,0,0,-10000,0,0,0,0,10000,-10000,-10000
066940,T50反1元大01購03,0,0,0,0,0,0,0,0,0,-10000,0,0,0,0,10000,-10000,-10000
066890,聯詠中信07購01  ,0,0,0,0,0,0,0,0,0,-10000,0,0,0,0,10000,-10000,-10000
06690P,玉晶光群益9A售05,0,0,0,0,0,0,0,0,0,-10000,0,0,0,91000,101000,-10000,-10000
067322,達方元大01購01  ,0,0,0,0,0,0,0,0,0,-10000,0,0,0,100000,110000,-10000,-10000
067370,南亞科統一03購03,0,0,0,0,0,0,0,0,0,-10000,0,0,0,0,10000,-10000,-10000
067492,健策元大01購11  ,0,0,0,0,0,0,0,0,0,-10000,0,0,0,1000,11000,-10000,-10000
068124,康友元富07購01  ,0,0,0,0,0,0,0,0,0,-10000,0,0,0,0,10000,-10000,-10000
068099,GIS富邦01購01   ,0,0,0,0,0,0,0,0,0,-10000,0,0,0,0,10000,-10000,-10000
068093,達欣工群益01購01,0,0,0,0,0,0,0,0,0,-10000,0,0,0,0,10000,-10000,-10000
068068,瑞昱凱基01購03  ,0,0,0,0,0,0,0,0,0,-10000,0,0,0,0,10000,-10000,-10000
068077,晶技凱基02購01  ,0,0,0,0,0,0,0,0,0,-10000,0,0,0,0,10000,-10000,-10000
068176,滬深2X群益01購10,0,0,0,0,0,0,0,0,0,-10000,0,0,0,0,10000,-10000,-10000
068223,京鼎統一03購02  ,0,0,0,0,0,0,0,0,0,-10000,0,0,0,0,10000,-10000,-10000
068251,大立光元大01購18,0,0,0,0,0,0,0,0,0,-10000,0,0,0,0,10000,-10000,-10000
067947,京鼎國泰03購01  ,0,0,0,0,0,0,0,0,0,-10000,0,0,0,58000,68000,-10000,-10000
067918,玉晶光永豐01購02,0,0,0,0,0,0,0,0,0,-10000,0,0,0,0,10000,-10000,-10000
068012,台虹元大01購04  ,0,0,0,0,0,0,0,0,0,-10000,0,0,0,81000,91000,-10000,-10000
068044,寶成元富07購01  ,0,0,0,0,0,0,0,0,0,-10000,0,0,0,5000,15000,-10000,-10000
067978,緯穎群益01購06  ,0,0,0,0,0,0,0,0,0,-10000,0,0,0,15000,25000,-10000,-10000
067791,康舒群益01購01  ,0,0,0,0,0,0,0,0,0,-10000,0,0,0,0,10000,-10000,-10000
067723,國揚凱基01購02  ,0,0,0,0,0,0,0,0,0,-10000,0,0,0,0,10000,-10000,-10000
06773P,台灣50兆豐9A售01,0,0,0,0,0,0,0,0,0,-10000,0,0,0,0,10000,-10000,-10000
067757,元金2X永豐01購01,0,0,0,0,0,0,0,0,0,-10000,0,0,0,0,10000,-10000,-10000
067781,SP黃豆群益01購02,0,0,0,0,0,0,0,0,0,-10000,0,0,0,0,10000,-10000,-10000
067578,SP黃豆群益01購01,0,0,0,0,0,0,0,0,0,-10000,0,0,0,0,10000,-10000,-10000
067607,聯鈞凱基01購04  ,0,0,0,0,0,0,0,0,0,-10000,0,0,0,33000,43000,-10000,-10000
067612,超眾凱基02購03  ,0,0,0,0,0,0,0,0,0,-10000,0,0,0,0,10000,-10000,-10000
03043P,健策國票03售01  ,0,0,0,0,0,0,0,0,0,-10000,0,0,0,0,10000,-10000,-10000
03034P,欣興國票03售01  ,0,0,0,0,0,0,0,0,0,-10000,0,0,0,0,10000,-10000,-10000
053402,A50正2群益9A購02,0,0,0,0,0,0,0,0,0,-10000,0,0,0,0,10000,-10000,-10000
052936,華通兆豐98購01  ,0,0,0,0,0,0,0,0,0,-10000,0,0,0,0,10000,-10000,-10000
056619,強茂永豐98購01  ,0,0,0,0,0,0,0,0,0,-10000,0,0,0,0,10000,-10000,-10000
03107P,台積電元大01售39,0,0,0,0,0,0,0,0,0,-10000,0,0,0,0,10000,-10000,-10000
03686P,大立光統一98售02,0,0,0,0,0,0,0,0,0,-10000,0,0,0,0,10000,-10000,-10000
056867,華通麥證98購01  ,0,0,0,0,10000,-10000,0,0,0,-10000,0,0,0,0,10000,-10000,-10000
056919,英業達兆豐98購01,0,0,0,0,0,0,0,0,0,-10000,0,0,0,0,10000,-10000,-10000
057180,華新科元大99購08,0,0,0,0,0,0,0,0,0,-10000,0,0,0,0,10000,-10000,-10000
056464,臺股指凱基99購06,0,0,0,0,0,0,0,0,0,-10000,0,0,0,0,10000,-10000,-10000
055892,國巨統一99購01  ,0,0,0,0,0,0,0,0,0,-10000,0,0,0,20000,30000,-10000,-10000
056363,華新科元大99購04,0,0,0,0,0,0,0,0,0,-10000,0,0,0,0,10000,-10000,-10000
055655,群創元富99購07  ,0,0,0,0,0,0,0,0,0,-10000,0,0,0,0,10000,-10000,-10000
055242,道瓊銀統一98購01,0,0,0,0,0,0,0,0,0,-10000,0,0,0,10000,20000,-10000,-10000
055330,上銀兆豐98購02  ,0,0,0,0,0,0,0,0,0,-10000,0,0,0,0,10000,-10000,-10000
054756,世紀鋼凱基99購01,0,0,0,0,0,0,0,0,0,-10000,0,0,0,0,10000,-10000,-10000
054784,順德群益9A購01  ,0,0,0,0,0,0,0,0,0,-10000,0,0,0,0,10000,-10000,-10000
054928,帆宣凱基98購01  ,0,0,0,0,0,0,0,0,0,-10000,0,0,0,0,10000,-10000,-10000
058781,康友國票9A購01  ,0,0,0,0,0,0,0,0,0,-10000,0,0,0,0,10000,-10000,-10000
057971,華新科富邦9B購02,0,0,0,0,0,0,0,0,0,-10000,0,0,0,10000,20000,-10000,-10000
058813,旺宏統一9B購04  ,0,0,0,0,0,0,0,0,0,-10000,0,0,0,0,10000,-10000,-10000
057915,台泥凱基98購01  ,0,0,0,0,0,0,0,0,0,-10000,0,0,0,0,10000,-10000,-10000
059974,臺指反元大9C購05,0,0,0,0,0,0,0,0,0,-10000,0,0,0,0,10000,-10000,-10000
058012,鈺齊國票99購01  ,0,0,0,0,0,0,0,0,0,-10000,0,0,0,2000,12000,-10000,-10000
058849,奇力新群益99購02,0,0,0,0,0,0,0,0,0,-10000,0,0,0,10000,20000,-10000,-10000
058828,大毅永豐99購01  ,0,0,0,0,0,0,0,0,0,-10000,0,0,0,100000,110000,-10000,-10000
058836,FBVIX中信03購05 ,0,0,0,0,0,0,0,0,0,-10000,0,0,0,50000,60000,-10000,-10000
059879,GIS凱基99購03   ,0,0,0,0,0,0,0,0,0,-10000,0,0,0,0,10000,-10000,-10000
059934,華通永豐99購02  ,0,0,0,0,0,0,0,0,0,-10000,0,0,0,0,10000,-10000,-10000
058659,力成中信99購01  ,0,0,0,0,0,0,0,0,0,-10000,0,0,0,0,10000,-10000,-10000
058662,禾伸堂兆豐99購01,0,0,0,0,0,0,0,0,0,-10000,0,0,0,0,10000,-10000,-10000
058610,欣興元大99購05  ,0,0,0,0,0,0,0,0,0,-10000,0,0,0,0,10000,-10000,-10000
058713,國巨統一9B購02  ,0,0,0,0,0,0,0,0,0,-10000,0,0,0,10000,20000,-10000,-10000
058679,可成日盛99購01  ,0,0,0,0,0,0,0,0,0,-10000,0,0,0,0,10000,-10000,-10000
058505,台積電元大99購08,0,0,0,0,0,0,0,0,0,-10000,0,0,0,0,10000,-10000,-10000
058433,台積電統一9B購04,0,0,0,0,0,0,0,0,0,-10000,0,0,0,0,10000,-10000,-10000
058436,聯發科統一9B購03,0,0,0,0,0,0,0,0,0,-10000,0,0,0,0,10000,-10000,-10000
058431,國巨統一9B購01  ,0,0,0,0,0,0,0,0,0,-10000,0,0,0,347000,357000,-10000,-10000
059979,台積電元大99購49,0,0,0,0,0,0,0,0,0,-10000,0,0,0,1000,11000,-10000,-10000
059980,台積電元大99購50,0,0,0,0,0,0,0,0,0,-10000,0,0,0,0,10000,-10000,-10000
058295,欣興凱基99購02  ,0,0,0,0,0,0,0,0,0,-10000,0,0,0,0,10000,-10000,-10000
058365,奇力新凱基9A購01,0,0,0,0,0,0,0,0,0,-10000,0,0,0,20000,30000,-10000,-10000
058373,晶技凱基99購02  ,0,0,0,0,0,0,0,0,0,-10000,0,0,0,1000,11000,-10000,-10000
059786,全新元大99購06  ,0,0,0,0,0,0,0,0,0,-10000,0,0,0,28000,38000,-10000,-10000
059778,上証2X元大9C購03,0,0,0,0,0,0,0,0,0,-10000,0,0,0,0,10000,-10000,-10000
059726,華新科元大99購18,0,0,0,0,0,0,0,0,0,-10000,0,0,0,0,10000,-10000,-10000
059629,友達凱基99購06  ,0,0,0,0,0,0,0,0,0,-10000,0,0,0,10000,20000,-10000,-10000
059686,上証2X永豐9A購01,0,0,0,0,0,0,0,0,0,-10000,0,0,0,0,10000,-10000,-10000
059701,國巨凱基9A購09  ,0,0,0,0,0,0,0,0,0,-10000,0,0,0,7000,17000,-10000,-10000
059386,上銀凱基99購07  ,0,0,0,0,0,0,0,0,0,-10000,0,0,0,0,10000,-10000,-10000
059387,華通凱基9A購03  ,0,0,0,0,0,0,0,0,0,-10000,0,0,0,0,10000,-10000,-10000
059466,國巨元大99購26  ,0,0,0,0,0,0,0,0,0,-10000,0,0,0,1000,11000,-10000,-10000
059538,健策凱基99購03  ,0,0,0,0,0,0,0,0,0,-10000,0,0,0,12000,22000,-10000,-10000
059572,華新科凱基99購08,0,0,0,0,0,0,0,0,0,-10000,0,0,0,10000,20000,-10000,-10000
059565,國巨凱基99購16  ,0,0,0,0,0,0,0,0,0,-10000,0,0,0,8000,18000,-10000,-10000
059567,台積電凱基9A購12,0,0,0,0,0,0,0,0,0,-10000,0,0,0,0,10000,-10000,-10000
059568,台積電凱基9A購13,0,0,0,0,0,0,0,0,0,-10000,0,0,0,0,10000,-10000,-10000
059194,元金2X永豐99購01,0,0,0,0,0,0,0,0,0,-10000,0,0,0,0,10000,-10000,-10000
059236,鴻海凱基99購09  ,0,0,0,0,0,0,0,0,0,-10000,0,0,0,0,10000,-10000,-10000
058169,國巨凱基9A購05  ,0,0,0,0,0,0,0,0,0,-10000,0,0,0,0,10000,-10000,-10000
058207,南茂凱基99購01  ,0,0,0,0,0,0,0,0,0,-10000,0,0,0,0,10000,-10000,-10000
058208,百和凱基99購01  ,0,0,0,0,0,0,0,0,0,-10000,0,0,0,0,10000,-10000,-10000
058946,SGBR2X群益9B購01,0,0,0,0,0,0,0,0,0,-10000,0,0,0,0,10000,-10000,-10000
058924,晶相光元富99購02,0,0,0,0,0,0,0,0,0,-10000,0,0,0,0,10000,-10000,-10000
060680,玉晶光元大9C購03,0,0,0,0,0,0,0,0,0,-10000,0,0,0,10000,20000,-10000,-10000
060660,國巨凱基9B購04  ,0,0,0,0,0,0,0,0,0,-10000,0,0,0,2000,12000,-10000,-10000
060665,康控凱基9A購01  ,0,0,0,0,0,0,0,0,0,-10000,0,0,0,0,10000,-10000,-10000
057862,智邦凱基99購01  ,0,0,0,0,0,0,0,0,0,-10000,0,0,0,0,10000,-10000,-10000
057863,美律凱基9A購01  ,0,0,0,0,0,0,0,0,0,-10000,0,0,0,50000,60000,-10000,-10000
057725,台達電國泰9A購01,0,0,0,0,0,0,0,0,0,-10000,0,0,0,0,10000,-10000,-10000
057591,鴻海兆豐99購01  ,0,0,0,0,0,0,0,0,0,-10000,0,0,0,0,10000,-10000,-10000
05756P,臺股指中信99售05,0,0,0,0,0,0,0,0,0,-10000,0,0,0,10000,20000,-10000,-10000
059819,台積電凱基99購17,0,0,0,0,0,0,0,0,0,-10000,0,0,0,0,10000,-10000,-10000
057391,樺漢永豐98購01  ,0,0,0,0,0,0,0,0,0,-10000,0,0,0,0,10000,-10000,-10000
063152,健策元富9C購01  ,0,0,0,0,0,0,0,0,0,-10000,0,0,0,0,10000,-10000,-10000
063153,南六元富9B購01  ,0,0,0,0,0,0,0,0,0,-10000,0,0,0,40000,50000,-10000,-10000
061439,寶成凱基9A購01  ,0,0,0,0,0,0,0,0,0,-10000,0,0,0,157000,167000,-10000,-10000
061453,台達電凱基9B購01,0,0,0,0,0,0,0,0,0,-10000,0,0,0,0,10000,-10000,-10000
060715,日電貿永豐9A購01,0,0,0,0,0,0,0,0,0,-10000,0,0,0,0,10000,-10000,-10000
061412,儒鴻群益9A購01  ,0,0,0,0,0,0,0,0,0,-10000,0,0,0,0,10000,-10000,-10000
060741,滬深2X國票9A購05,0,0,0,0,0,0,0,0,0,-10000,0,0,0,10000,20000,-10000,-10000
060333,金寶康和9A購01  ,0,0,0,0,0,0,0,0,0,-10000,0,0,0,0,10000,-10000,-10000
060409,味全永豐9A購01  ,0,0,0,0,0,0,0,0,0,-10000,0,0,0,0,10000,-10000,-10000
060389,世紀鋼凱基9B購02,0,0,0,0,0,0,0,0,0,-10000,0,0,0,0,10000,-10000,-10000
060612,世紀鋼凱基9A購01,0,0,0,0,0,0,0,0,0,-10000,0,0,0,0,10000,-10000,-10000
060435,鈺齊永豐9A購01  ,0,0,0,0,0,0,0,0,0,-10000,0,0,0,10000,20000,-10000,-10000
060444,滬深2X元大9A購04,0,0,0,0,0,0,0,0,0,-10000,0,0,0,0,10000,-10000,-10000
061191,可成永豐9A購02  ,0,0,0,0,0,0,0,0,0,-10000,0,0,0,0,10000,-10000,-10000
060063,可成兆豐9B購01  ,0,0,0,0,0,0,0,0,0,-10000,0,0,0,1000,11000,-10000,-10000
060016,廣達康和99購01  ,0,0,0,0,0,0,0,0,0,-10000,0,0,0,0,10000,-10000,-10000
061012,國巨麥證9A購03  ,0,0,0,0,11000,-11000,0,0,0,-10000,0,0,0,1000,11000,-10000,-10000
060502,國巨元大9A購07  ,0,0,0,0,0,0,0,0,0,-10000,0,0,0,0,10000,-10000,-10000
060489,世紀鋼群益9A購01,0,0,0,0,0,0,0,0,0,-10000,0,0,0,0,10000,-10000,-10000
061818,富邦金群益9C購01,0,0,0,0,0,0,0,0,0,-10000,0,0,0,0,10000,-10000,-10000
061835,華新科凱基02購03,0,0,0,0,0,0,0,0,0,-10000,0,0,0,0,10000,-10000,-10000
061838,華新科凱基05購03,0,0,0,0,0,0,0,0,0,-10000,0,0,0,1000,11000,-10000,-10000
061599,元金反中信9C購01,0,0,0,0,0,0,0,0,0,-10000,0,0,0,0,10000,-10000,-10000
061607,台表科凱基9B購02,0,0,0,0,0,0,0,0,0,-10000,0,0,0,0,10000,-10000,-10000
061373,華通富邦9A購02  ,0,0,0,0,0,0,0,0,0,-10000,0,0,0,0,10000,-10000,-10000
061091,奇力新統一9C購02,0,0,0,0,0,0,0,0,0,-10000,0,0,0,0,10000,-10000,-10000
061286,大立光統一9A購05,0,0,0,0,0,0,0,0,0,-10000,0,0,0,0,10000,-10000,-10000
060799,茂林永豐9A購01  ,0,0,0,0,0,0,0,0,0,-10000,0,0,0,0,10000,-10000,-10000
060774,南亞科凱基9A購01,0,0,0,0,0,0,0,0,0,-10000,0,0,0,10000,20000,-10000,-10000
063747,國巨國票9C購06  ,0,0,0,0,0,0,0,0,0,-10000,0,0,0,10000,20000,-10000,-10000
063814,嘉晶群益9C購01  ,0,0,0,0,0,0,0,0,0,-10000,0,0,0,11000,21000,-10000,-10000
060265,宏達電國票9A購02,0,0,0,0,0,0,0,0,0,-10000,0,0,0,0,10000,-10000,-10000
060285,聯電元大9C購01  ,0,0,0,0,0,0,0,0,0,-10000,0,0,0,0,10000,-10000,-10000
060260,京鼎凱基9C購01  ,0,0,0,0,0,0,0,0,0,-10000,0,0,0,0,10000,-10000,-10000
061929,嘉澤凱基9B購01  ,0,0,0,0,0,0,0,0,0,-10000,0,0,0,0,10000,-10000,-10000
061927,玉晶光凱基9C購01,0,0,0,0,0,0,0,0,0,-10000,0,0,0,10000,20000,-10000,-10000
060218,台積電凱基9A購15,0,0,0,0,0,0,0,0,0,-10000,0,0,0,0,10000,-10000,-10000
060184,建準元富9A購01  ,0,0,0,0,0,0,0,0,0,-10000,0,0,0,0,10000,-10000,-10000
064048,大立光統一9C購07,0,0,0,0,0,0,0,0,0,-10000,0,0,0,50000,60000,-10000,-10000
063892,旺宏群益01購01  ,0,0,0,0,0,0,0,0,0,-10000,0,0,0,0,10000,-10000,-10000
063899,同欣電群益9C購01,0,0,0,0,0,0,0,0,0,-10000,0,0,0,30000,40000,-10000,-10000
064194,燿華群益9C購01  ,0,0,0,0,0,0,0,0,0,-10000,0,0,0,0,10000,-10000,-10000
064101,可成群益01購01  ,0,0,0,0,0,0,0,0,0,-10000,0,0,0,3000,13000,-10000,-10000
063644,祥碩元大9B購10  ,0,0,0,0,0,0,0,0,0,-10000,0,0,0,5000,15000,-10000,-10000
063432,金寶元富9B購01  ,0,0,0,0,0,0,0,0,0,-10000,0,0,0,0,10000,-10000,-10000
063359,泰鼎國泰01購01  ,0,0,0,0,0,0,0,0,0,-10000,0,0,0,52000,62000,-10000,-10000
063518,儒鴻凱基9B購02  ,0,0,0,0,0,0,0,0,0,-10000,0,0,0,10000,20000,-10000,-10000
063575,矽格元大9B購02  ,0,0,0,0,0,0,0,0,0,-10000,0,0,0,10000,20000,-10000,-10000
063576,台表科元大9B購08,0,0,0,0,0,0,0,0,0,-10000,0,0,0,41000,51000,-10000,-10000
063693,智易永豐9B購02  ,0,0,0,0,0,0,0,0,0,-10000,0,0,0,0,10000,-10000,-10000
062312,大立光凱基9B購03,0,0,0,0,0,0,0,0,0,-10000,0,0,0,0,10000,-10000,-10000
062368,聯詠元大9B購01  ,0,0,0,0,0,0,0,0,0,-10000,0,0,0,0,10000,-10000,-10000
063237,微星元大9B購02  ,0,0,0,0,0,0,0,0,0,-10000,0,0,0,13000,23000,-10000,-10000
063700,台積電群益9B購09,0,0,0,0,0,0,0,0,0,-10000,0,0,0,0,10000,-10000,-10000
061736,國巨凱基9B購05  ,0,0,0,0,0,0,0,0,0,-10000,0,0,0,0,10000,-10000,-10000
062461,智伸科群益9B購01,0,0,0,0,0,0,0,0,0,-10000,0,0,0,90000,100000,-10000,-10000
062446,聯詠元大9B購02  ,0,0,0,0,0,0,0,0,0,-10000,0,0,0,20000,30000,-10000,-10000
062912,新日興元大9B購01,0,0,0,0,0,0,0,0,0,-10000,0,0,0,0,10000,-10000,-10000
062821,華擎兆豐9C購01  ,0,0,0,0,0,0,0,0,0,-10000,0,0,0,0,10000,-10000,-10000
062849,中興電永豐9B購02,0,0,0,0,0,0,0,0,0,-10000,0,0,0,0,10000,-10000,-10000
062967,上銀元富9B購01  ,0,0,0,0,0,0,0,0,0,-10000,0,0,0,82000,92000,-10000,-10000
063007,儒鴻元大9B購01  ,0,0,0,0,0,0,0,0,0,-10000,0,0,0,3000,13000,-10000,-10000
063036,聯發科凱基9B購11,0,0,0,0,0,0,0,0,0,-10000,0,0,0,0,10000,-10000,-10000
063109,T50反1兆豐9B購01,0,0,0,0,0,0,0,0,0,-10000,0,0,0,0,10000,-10000,-10000
063089,巨大凱基9C購01  ,0,0,0,0,0,0,0,0,0,-10000,0,0,0,0,10000,-10000,-10000
063080,裕隆凱基9B購01  ,0,0,0,0,0,0,0,0,0,-10000,0,0,0,10000,20000,-10000,-10000
062690,華擎統一9B購01  ,0,0,0,0,0,0,0,0,0,-10000,0,0,0,10000,20000,-10000,-10000
060877,華邦電中信02購01,0,0,0,0,0,0,0,0,0,-10000,0,0,0,20000,30000,-10000,-10000
060903,臺指反元大9A購01,0,0,0,0,0,0,0,0,0,-10000,0,0,0,0,10000,-10000,-10000
062152,國巨麥證9C購01  ,0,0,0,0,10000,-10000,0,0,0,-10000,0,0,0,0,10000,-10000,-10000
062155,國巨凱基9C購03  ,0,0,0,0,0,0,0,0,0,-10000,0,0,0,0,10000,-10000,-10000
062262,茂林元大9B購02  ,0,0,0,0,0,0,0,0,0,-10000,0,0,0,0,10000,-10000,-10000
062273,國巨群益9C購02  ,0,0,0,0,0,0,0,0,0,-10000,0,0,0,1000,11000,-10000,-10000
062733,巨大凱基9B購01  ,0,0,0,0,0,0,0,0,0,-10000,0,0,0,0,10000,-10000,-10000
062749,元金2X中信9B購01,0,0,0,0,0,0,0,0,0,-10000,0,0,0,0,10000,-10000,-10000
062802,宏達電統一9B購01,0,0,0,0,0,0,0,0,0,-10000,0,0,0,12000,22000,-10000,-10000
062222,華新科統一9B購04,0,0,0,0,0,0,0,0,0,-10000,0,0,0,0,10000,-10000,-10000
062248,國巨元大9B購08  ,0,0,0,0,0,0,0,0,0,-10000,0,0,0,51000,61000,-10000,-10000
062596,緯穎統一01購02  ,0,0,0,0,0,0,0,0,0,-10000,0,0,0,20000,30000,-10000,-10000
062598,華通台新9B購02  ,0,0,0,0,0,0,0,0,0,-10000,0,0,0,0,10000,-10000,-10000
062564,矽創凱基9B購01  ,0,0,0,0,0,0,0,0,0,-10000,0,0,0,20000,30000,-10000,-10000
066551,大立光元大01購07,0,0,0,0,0,0,0,0,0,-10000,0,0,0,0,10000,-10000,-10000
066496,大立光國泰03購01,0,0,0,0,0,0,0,0,0,-10000,0,0,0,12000,22000,-10000,-10000
06645P,上銀元大98售05  ,0,0,0,0,0,0,0,0,0,-10000,0,0,0,0,10000,-10000,-10000
066389,南港凱基01購01  ,0,0,0,0,0,0,0,0,0,-10000,0,0,0,0,10000,-10000,-10000
066342,上緯控永豐01購01,0,0,0,0,0,0,0,0,0,-10000,0,0,0,0,10000,-10000,-10000
066287,訊芯元大01購01  ,0,0,0,0,0,0,0,0,0,-10000,0,0,0,119000,129000,-10000,-10000
066743,和碩元大01購01  ,0,0,0,0,0,0,0,0,0,-10000,0,0,0,0,10000,-10000,-10000
066756,長興永豐01購02  ,0,0,0,0,0,0,0,0,0,-10000,0,0,0,0,10000,-10000,-10000
066882,A50正2永豐01購01,0,0,0,0,0,0,0,0,0,-10000,0,0,0,0,10000,-10000,-10000
066689,技嘉台新01購01  ,0,0,0,0,0,0,0,0,0,-10000,0,0,0,0,10000,-10000,-10000
06581P,南亞科凱基98售04,0,0,0,0,0,0,0,0,0,-10000,0,0,0,0,10000,-10000,-10000
065856,中租元大9C購03  ,0,0,0,0,0,0,0,0,0,-10000,0,0,0,40000,50000,-10000,-10000
065791,牧德永豐9C購03  ,0,0,0,0,0,0,0,0,0,-10000,0,0,0,0,10000,-10000,-10000
065808,力成群益9C購02  ,0,0,0,0,0,0,0,0,0,-10000,0,0,0,0,10000,-10000,-10000
065917,全新凱基02購01  ,0,0,0,0,0,0,0,0,0,-10000,0,0,0,10000,20000,-10000,-10000
065894,漢翔統一03購01  ,0,0,0,0,0,0,0,0,0,-10000,0,0,0,0,10000,-10000,-10000
065777,正崴國泰03購01  ,0,0,0,0,0,0,0,0,0,-10000,0,0,0,10000,20000,-10000,-10000
065752,正崴元大9C購01  ,0,0,0,0,0,0,0,0,0,-10000,0,0,0,0,10000,-10000,-10000
065675,茂林凱基03購01  ,0,0,0,0,0,0,0,0,0,-10000,0,0,0,0,10000,-10000,-10000
065696,旺宏群益9C購06  ,0,0,0,0,0,0,0,0,0,-10000,0,0,0,0,10000,-10000,-10000
065618,電子類元大9C購01,0,0,0,0,0,0,0,0,0,-10000,0,0,0,0,10000,-10000,-10000
065640,聯電元大01購02  ,0,0,0,0,0,0,0,0,0,-10000,0,0,0,0,10000,-10000,-10000
065989,泰碩永豐01購01  ,0,0,0,0,0,0,0,0,0,-10000,0,0,0,0,10000,-10000,-10000
066098,華碩中信02購01  ,0,0,0,0,0,0,0,0,0,-10000,0,0,0,20000,30000,-10000,-10000
066066,鴻海凱基01購05  ,0,0,0,0,0,0,0,0,0,-10000,0,0,0,0,10000,-10000,-10000
066172,日電貿凱基01購01,0,0,0,0,0,0,0,0,0,-10000,0,0,0,0,10000,-10000,-10000
065264,亞光元大9C購02  ,0,0,0,0,0,0,0,0,0,-10000,0,0,0,0,10000,-10000,-10000
065257,友訊元大01購01  ,0,0,0,0,0,0,0,0,0,-10000,0,0,0,0,10000,-10000,-10000
065273,南電元大9C購06  ,0,0,0,0,0,0,0,0,0,-10000,0,0,0,0,10000,-10000,-10000
065317,上銀凱基9C購03  ,0,0,0,0,0,0,0,0,0,-10000,0,0,0,24000,34000,-10000,-10000
065430,可成凱基02購03  ,0,0,0,0,0,0,0,0,0,-10000,0,0,0,3000,13000,-10000,-10000
065515,大立光群益02購01,0,0,0,0,0,0,0,0,0,-10000,0,0,0,75000,85000,-10000,-10000
065071,電子類群益9C購01,0,0,0,0,0,0,0,0,0,-10000,0,0,0,0,10000,-10000,-10000
065194,和大元富9C購01  ,0,0,0,0,0,0,0,0,0,-10000,0,0,0,0,10000,-10000,-10000
065188,玉晶光統一02購01,0,0,0,0,0,0,0,0,0,-10000,0,0,0,129000,139000,-10000,-10000
065228,南亞科凱基01購03,0,0,0,0,0,0,0,0,0,-10000,0,0,0,0,10000,-10000,-10000
06504P,麗豐國票99售02  ,0,0,0,0,0,0,0,0,0,-10000,0,0,0,0,10000,-10000,-10000
065043,新光金凱基02購01,0,0,0,0,0,0,0,0,0,-10000,0,0,0,0,10000,-10000,-10000
064415,群創麥證9C購01  ,0,0,0,0,10000,-10000,0,0,0,-10000,0,0,0,0,10000,-10000,-10000
064420,台積電兆豐9C購03,0,0,0,0,0,0,0,0,0,-10000,0,0,0,0,10000,-10000,-10000
064410,超眾凱基02購01  ,0,0,0,0,0,0,0,0,0,-10000,0,0,0,40000,50000,-10000,-10000
064411,台表科凱基02購01,0,0,0,0,0,0,0,0,0,-10000,0,0,0,25000,35000,-10000,-10000
064412,緯穎凱基01購01  ,0,0,0,0,0,0,0,0,0,-10000,0,0,0,0,10000,-10000,-10000
064392,喬山永豐9C購01  ,0,0,0,0,0,0,0,0,0,-10000,0,0,0,0,10000,-10000,-10000
064493,南亞科元大9C購01,0,0,0,0,0,0,0,0,0,-10000,0,0,0,0,10000,-10000,-10000
064543,華通凱基02購02  ,0,0,0,0,0,0,0,0,0,-10000,0,0,0,0,10000,-10000,-10000
064369,彩晶統一01購01  ,0,0,0,0,0,0,0,0,0,-10000,0,0,0,40000,50000,-10000,-10000
064223,日電貿國票01購01,0,0,0,0,0,0,0,0,0,-10000,0,0,0,14000,24000,-10000,-10000
064614,友訊元大9C購02  ,0,0,0,0,0,0,0,0,0,-10000,0,0,0,13000,23000,-10000,-10000
064545,智邦凱基9C購02  ,0,0,0,0,0,0,0,0,0,-10000,0,0,0,0,10000,-10000,-10000
064687,國巨群益9C購10  ,0,0,0,0,0,0,0,0,0,-10000,0,0,0,40000,50000,-10000,-10000
064643,瑞昱凱基04購01  ,0,0,0,0,0,0,0,0,0,-10000,0,0,0,10000,20000,-10000,-10000
064654,元金2X元大9C購03,0,0,0,0,0,0,0,0,0,-10000,0,0,0,0,10000,-10000,-10000
064706,嘉晶富邦01購01  ,0,0,0,0,0,0,0,0,0,-10000,0,0,0,0,10000,-10000,-10000
064794,牧德國票01購01  ,0,0,0,0,0,0,0,0,0,-10000,0,0,0,0,10000,-10000,-10000
064743,聯詠國票01購01  ,0,0,0,0,0,0,0,0,0,-10000,0,0,0,0,10000,-10000,-10000
064749,巨大國票01購01  ,0,0,0,0,0,0,0,0,0,-10000,0,0,0,0,10000,-10000,-10000
064758,可成凱基02購02  ,0,0,0,0,0,0,0,0,0,-10000,0,0,0,0,10000,-10000,-10000
064769,漢翔中信9C購01  ,0,0,0,0,0,0,0,0,0,-10000,0,0,0,0,10000,-10000,-10000
064899,大立光群益9C購06,0,0,0,0,0,0,0,0,0,-10000,0,0,0,0,10000,-10000,-10000
064873,世紀鋼永豐9C購01,0,0,0,0,0,0,0,0,0,-10000,0,0,0,0,10000,-10000,-10000
2543,皇昌            ,0,10000,-10000,0,0,0,0,0,0,0,0,0,0,0,0,0,-10000
2630,亞航            ,3000,13000,-10000,0,0,0,0,0,0,0,0,0,0,0,0,0,-10000
2722,夏都            ,9000,19000,-10000,0,0,0,0,0,0,0,0,0,0,0,0,0,-10000
2748,雲品            ,22000,24000,-2000,0,0,0,0,1000,-1000,-7000,0,7000,-7000,0,0,0,-10000
1626,艾美特-KY       ,4000,11000,-7000,0,0,0,0,0,0,-3000,0,3000,-3000,0,0,0,-10000
08960P,聯發科凱基01售15,0,0,0,0,0,0,0,0,0,-10000,0,0,0,0,10000,-10000,-10000
911608,明輝-DR         ,0,10000,-10000,0,0,0,0,0,0,0,0,0,0,0,0,0,-10000
8473,山林水          ,18000,28000,-10000,0,0,0,0,0,0,0,0,0,0,0,0,0,-10000
3055,蔚華科          ,22000,38000,-16000,0,0,0,0,0,0,6000,8000,2000,6000,0,0,0,-10000
067823,台表科凱基01購02,0,0,0,0,0,0,0,0,0,-11000,0,0,0,1000,12000,-11000,-11000
067994,技嘉元大01購03  ,0,0,0,0,0,0,0,0,0,-11000,0,0,0,47000,58000,-11000,-11000
068169,臺股指元大01購22,0,0,0,0,0,0,0,0,0,-11000,0,0,0,0,11000,-11000,-11000
067225,巨大元大01購03  ,0,0,0,0,0,0,0,0,0,-11000,0,0,0,50000,61000,-11000,-11000
08677P,超眾群益01售02  ,0,0,0,0,0,0,0,0,0,-11000,0,0,0,5000,16000,-11000,-11000
08803P,鴻海元富07售08  ,0,0,0,0,0,0,0,0,0,-11000,0,0,0,0,11000,-11000,-11000
062075,智邦元大9B購03  ,0,0,0,0,0,0,0,0,0,-11000,0,0,0,1000,12000,-11000,-11000
063205,貿聯統一9C購01  ,0,0,0,0,0,0,0,0,0,-11000,0,0,0,0,11000,-11000,-11000
057389,玉晶光永豐98購06,0,0,0,0,0,0,0,0,0,-11000,0,0,0,125000,136000,-11000,-11000
057838,台郡國泰99購01  ,0,0,0,0,0,0,0,0,0,-11000,0,0,0,0,11000,-11000,-11000
058202,鴻海凱基9A購04  ,0,0,0,0,0,0,0,0,0,-11000,0,0,0,10000,21000,-11000,-11000
059363,超眾永豐99購02  ,0,0,0,0,0,0,0,0,0,-11000,0,0,0,0,11000,-11000,-11000
059784,台光電元大9A購01,0,0,0,0,0,0,0,0,0,-11000,0,0,0,0,11000,-11000,-11000
058824,晶技富邦9A購01  ,0,0,0,0,0,0,0,0,0,-11000,0,0,0,24000,35000,-11000,-11000
056655,旺宏元大99購02  ,0,0,0,0,0,0,0,0,0,-11000,0,0,0,81000,92000,-11000,-11000
03052X,元展49          ,0,0,0,0,0,0,0,0,0,-11000,0,0,0,0,11000,-11000,-11000
063077,巨大永豐9B購03  ,0,0,0,0,0,0,0,0,0,-11000,0,0,0,30000,41000,-11000,-11000
062463,世紀鋼麥證9B購01,0,0,0,0,11000,-11000,0,0,0,-11000,0,0,0,0,11000,-11000,-11000
063657,茂林元富9B購04  ,0,0,0,0,0,0,0,0,0,-11000,0,0,0,24000,35000,-11000,-11000
062369,創意元大9B購01  ,0,0,0,0,0,0,0,0,0,-11000,0,0,0,33000,44000,-11000,-11000
062364,瑞昱元大9B購04  ,0,0,0,0,0,0,0,0,0,-11000,0,0,0,0,11000,-11000,-11000
063384,巨大永豐9B購04  ,0,0,0,0,0,0,0,0,0,-11000,0,0,0,78000,89000,-11000,-11000
064111,國巨國票02購02  ,0,0,0,0,0,0,0,0,0,-11000,0,0,0,77000,88000,-11000,-11000
063907,華通凱基9C購03  ,0,0,0,0,0,0,0,0,0,-11000,0,0,0,40000,51000,-11000,-11000
063928,可成統一01購02  ,0,0,0,0,0,0,0,0,0,-11000,0,0,0,12000,23000,-11000,-11000
064047,義隆統一02購01  ,0,0,0,0,0,0,0,0,0,-11000,0,0,0,10000,21000,-11000,-11000
060229,楠梓電元大9C購01,0,0,0,0,0,0,0,0,0,-11000,0,0,0,0,11000,-11000,-11000
060122,亞德客永豐99購02,0,0,0,0,0,0,0,0,0,-11000,0,0,0,1000,12000,-11000,-11000
063819,致新群益9C購01  ,0,0,0,0,0,0,0,0,0,-11000,0,0,0,0,11000,-11000,-11000
064221,華通國票01購01  ,0,0,0,0,0,0,0,0,0,-11000,0,0,0,5000,16000,-11000,-11000
064214,群創凱基03購01  ,0,0,0,0,0,0,0,0,0,-11000,0,0,0,0,11000,-11000,-11000
064237,奇鋐統一01購01  ,0,0,0,0,0,0,0,0,0,-11000,0,0,0,82000,93000,-11000,-11000
064429,鴻海凱基03購03  ,0,0,0,0,0,0,0,0,0,-11000,0,0,0,0,11000,-11000,-11000
065046,玉晶光凱基01購03,0,0,0,0,0,0,0,0,0,-11000,0,0,0,55000,66000,-11000,-11000
065288,華新科群益02購02,0,0,0,0,0,0,0,0,0,-11000,0,0,0,0,11000,-11000,-11000
066121,道瓊反群益04購01,0,0,0,0,0,0,0,0,0,-11000,0,0,0,0,11000,-11000,-11000
066187,瑞祺凱基01購01  ,0,0,0,0,0,0,0,0,0,-11000,0,0,0,3000,14000,-11000,-11000
065672,嘉晶凱基01購01  ,0,0,0,0,0,0,0,0,0,-11000,0,0,0,0,11000,-11000,-11000
065809,同欣電群益9C購03,0,0,0,0,0,0,0,0,0,-11000,0,0,0,10000,21000,-11000,-11000
066683,和碩兆豐01購01  ,0,0,0,0,0,0,0,0,0,-11000,0,0,0,90000,101000,-11000,-11000
066614,貿聯麥證01購01  ,0,0,0,0,11000,-11000,0,0,0,-11000,0,0,0,0,11000,-11000,-11000
6164,華興            ,0,11000,-11000,0,0,0,0,0,0,0,0,0,0,0,0,0,-11000
6216,居易            ,0,11000,-11000,0,0,0,0,0,0,0,0,0,0,0,0,0,-11000
1435,中福            ,0,11000,-11000,0,0,0,0,0,0,0,0,0,0,0,0,0,-11000
1506,正道            ,11000,22000,-11000,0,0,0,0,0,0,0,0,0,0,0,0,0,-11000
2302,麗正            ,1000,12000,-11000,0,0,0,0,0,0,0,0,0,0,0,0,0,-11000
00645,富邦日本        ,0,0,0,0,0,0,0,0,0,-11780,0,0,0,105220,117000,-11780,-11780
08844P,滬深2X元大03售03,0,0,0,0,0,0,0,0,0,-12000,0,0,0,0,12000,-12000,-12000
08853P,嘉晶群益02售02  ,0,0,0,0,0,0,0,0,0,-12000,0,0,0,10000,22000,-12000,-12000
08407P,臺股指元大9C售13,0,0,0,0,0,0,0,0,0,-12000,0,0,0,0,12000,-12000,-12000
08433P,臺股指凱基03售01,0,0,0,0,0,0,0,0,0,-12000,0,0,0,168000,180000,-12000,-12000
08390P,旺宏凱基9C售02  ,0,0,0,0,0,0,0,0,0,-12000,0,0,0,0,12000,-12000,-12000
08015P,可成凱基9B售05  ,0,0,0,0,0,0,0,0,0,-12000,0,0,0,50000,62000,-12000,-12000
08006P,長榮航中信03售01,0,0,0,0,0,0,0,0,0,-12000,0,0,0,8000,20000,-12000,-12000
066980,台光電群益01購02,0,0,0,0,0,0,0,0,0,-12000,0,0,0,110000,122000,-12000,-12000
068108,台積電台新01購05,0,0,0,0,0,0,0,0,0,-12000,0,0,0,9000,21000,-12000,-12000
068138,道瓊銀元大01購03,0,0,0,0,0,0,0,0,0,-12000,0,0,0,0,12000,-12000,-12000
067728,南亞科台新01購01,0,0,0,0,0,0,0,0,0,-12000,0,0,0,13000,25000,-12000,-12000
058091,欣興元大99購03  ,0,0,0,0,0,0,0,0,0,-12000,0,0,0,0,12000,-12000,-12000
055681,奇鋐凱基98購03  ,0,0,0,0,0,0,0,0,0,-12000,0,0,0,0,12000,-12000,-12000
057183,玉晶光元大99購07,0,0,0,0,0,0,0,0,0,-12000,0,0,0,0,12000,-12000,-12000
059706,嘉晶凱基99購01  ,0,0,0,0,0,0,0,0,0,-12000,0,0,0,0,12000,-12000,-12000
058154,泰碩統一9A購01  ,0,0,0,0,0,0,0,0,0,-12000,0,0,0,50000,62000,-12000,-12000
058481,玉晶光凱基9A購04,0,0,0,0,0,0,0,0,0,-12000,0,0,0,10000,22000,-12000,-12000
058593,大立光統一9B購02,0,0,0,0,0,0,0,0,0,-12000,0,0,0,0,12000,-12000,-12000
058622,國巨國票99購07  ,0,0,0,0,0,0,0,0,0,-12000,0,0,0,157000,169000,-12000,-12000
059827,晶技凱基99購03  ,0,0,0,0,0,0,0,0,0,-12000,0,0,0,0,12000,-12000,-12000
061437,燿華凱基9A購01  ,0,0,0,0,0,0,0,0,0,-12000,0,0,0,0,12000,-12000,-12000
061923,友達凱基9B購04  ,0,0,0,0,0,0,0,0,0,-12000,0,0,0,13000,25000,-12000,-12000
064137,台泥統一02購01  ,0,0,0,0,0,0,0,0,0,-12000,0,0,0,0,12000,-12000,-12000
060818,上銀統一9C購01  ,0,0,0,0,0,0,0,0,0,-12000,0,0,0,0,12000,-12000,-12000
061017,國泰金麥證9A購01,0,0,0,0,12000,-12000,0,0,0,-12000,0,0,0,0,12000,-12000,-12000
060051,台積電凱基9B購01,0,0,0,0,0,0,0,0,0,-12000,0,0,0,0,12000,-12000,-12000
063593,GIS永豐9B購01   ,0,0,0,0,0,0,0,0,0,-12000,0,0,0,454000,466000,-12000,-12000
063474,康控元大9B購04  ,0,0,0,0,0,0,0,0,0,-12000,0,0,0,51000,63000,-12000,-12000
063462,金像電元大9C購01,0,0,0,0,0,0,0,0,0,-12000,0,0,0,12000,24000,-12000,-12000
062298,國巨第一9B購01  ,0,0,0,0,0,0,0,0,0,-12000,0,0,0,9000,21000,-12000,-12000
062441,華新科元大9C購01,0,0,0,0,0,0,0,0,0,-12000,0,0,0,2000,14000,-12000,-12000
060911,大毅元大9A購01  ,0,0,0,0,0,0,0,0,0,-12000,0,0,0,54000,66000,-12000,-12000
062820,禾伸堂兆豐9B購01,0,0,0,0,0,0,0,0,0,-12000,0,0,0,63000,75000,-12000,-12000
066362,瑞昱中信05購01  ,0,0,0,0,0,0,0,0,0,-12000,0,0,0,30000,42000,-12000,-12000
066520,大立光第一01購01,0,0,0,0,0,0,0,0,0,-12000,0,0,0,4000,16000,-12000,-12000
065887,巨大元富9C購01  ,0,0,0,0,0,0,0,0,0,-12000,0,0,0,10000,22000,-12000,-12000
066154,聯強康和01購01  ,0,0,0,0,0,0,0,0,0,-12000,0,0,0,1000,13000,-12000,-12000
066091,南電永豐01購01  ,0,0,0,0,0,0,0,0,0,-12000,0,0,0,15000,27000,-12000,-12000
066024,金像電群益01購04,0,0,0,0,0,0,0,0,0,-12000,0,0,0,0,12000,-12000,-12000
065252,玉晶光永豐9C購08,0,0,0,0,0,0,0,0,0,-12000,0,0,0,45000,57000,-12000,-12000
064391,亞德客永豐9C購01,0,0,0,0,0,0,0,0,0,-12000,0,0,0,25000,37000,-12000,-12000
064893,金像電群益01購02,0,0,0,0,0,0,0,0,0,-12000,0,0,0,25000,37000,-12000,-12000
064828,聯發科統一01購06,0,0,0,0,0,0,0,0,0,-12000,0,0,0,0,12000,-12000,-12000
064677,金像電兆豐9C購01,0,0,0,0,0,0,0,0,0,-12000,0,0,0,0,12000,-12000,-12000
2397,友通            ,2000,12000,-10000,0,0,0,0,0,0,-2000,0,2000,-2000,0,0,0,-12000
1616,億泰            ,0,12000,-12000,0,0,0,0,0,0,0,0,0,0,0,0,0,-12000
6283,淳安            ,38000,51000,-13000,0,0,0,0,0,0,1000,1000,0,1000,0,0,0,-12000
8367,建新國際        ,10000,21000,-11000,0,0,0,0,0,0,-1000,0,1000,-1000,0,0,0,-12000
6581,鋼聯            ,1000,12000,-11000,0,0,0,0,0,0,-1000,0,1000,-1000,0,0,0,-12000
067748,GIS元大01購02   ,0,0,0,0,0,0,0,0,0,-13000,0,0,0,252000,265000,-13000,-13000
067749,申豐元大01購02  ,0,0,0,0,0,0,0,0,0,-13000,0,0,0,1000,14000,-13000,-13000
068204,玉晶光凱基03購05,0,0,0,0,0,0,0,0,0,-13000,0,0,0,0,13000,-13000,-13000
066885,牧德永豐01購02  ,0,0,0,0,0,0,0,0,0,-13000,0,0,0,55000,68000,-13000,-13000
066922,台表科麥證01購01,0,0,0,0,13000,-13000,0,0,0,-13000,0,0,0,0,13000,-13000,-13000
067103,聯發科群益01購04,0,0,0,0,0,0,0,0,0,-13000,0,0,0,88000,101000,-13000,-13000
067515,美利達統一03購03,0,0,0,0,0,0,0,0,0,-13000,0,0,0,63000,76000,-13000,-13000
067410,聚陽兆豐01購01  ,0,0,0,0,0,0,0,0,0,-13000,0,0,0,38000,51000,-13000,-13000
07076P,鴻海凱基9A售08  ,0,0,0,0,0,0,0,0,0,-13000,0,0,0,0,13000,-13000,-13000
060709,緯穎富邦9B購01  ,0,0,0,0,0,0,0,0,0,-13000,0,0,0,50000,63000,-13000,-13000
057445,華通元富02購01  ,0,0,0,0,0,0,0,0,0,-13000,0,0,0,0,13000,-13000,-13000
058467,日月光中信9A購01,0,0,0,0,0,0,0,0,0,-13000,0,0,0,0,13000,-13000,-13000
059166,友達凱基99購05  ,0,0,0,0,0,0,0,0,0,-13000,0,0,0,40000,53000,-13000,-13000
059639,大立光凱基9A購06,0,0,0,0,0,0,0,0,0,-13000,0,0,0,0,13000,-13000,-13000
056468,鴻海元大98購07  ,0,0,0,0,0,0,0,0,0,-13000,0,0,0,0,13000,-13000,-13000
056668,光磊國票99購01  ,0,0,0,0,0,0,0,0,0,-13000,0,0,0,24000,37000,-13000,-13000
062721,美律凱基9B購02  ,0,0,0,0,0,0,0,0,0,-13000,0,0,0,17000,30000,-13000,-13000
062568,緯穎中信9C購01  ,0,0,0,0,0,0,0,0,0,-13000,0,0,0,0,13000,-13000,-13000
061528,超眾凱基9A購04  ,0,0,0,0,0,0,0,0,0,-13000,0,0,0,0,13000,-13000,-13000
062237,緯創凱基9B購01  ,0,0,0,0,0,0,0,0,0,-13000,0,0,0,39000,52000,-13000,-13000
063058,A50正2元富02購01,0,0,0,0,0,0,0,0,0,-13000,0,0,0,0,13000,-13000,-13000
062386,京鼎國泰9C購01  ,0,0,0,0,0,0,0,0,0,-13000,0,0,0,27000,40000,-13000,-13000
063470,泰鼎元大9B購03  ,0,0,0,0,0,0,0,0,0,-13000,0,0,0,242000,255000,-13000,-13000
063521,國巨凱基03購01  ,0,0,0,0,0,0,0,0,0,-13000,0,0,0,14000,27000,-13000,-13000
063490,儒鴻富邦9C購01  ,0,0,0,0,0,0,0,0,0,-13000,0,0,0,440000,453000,-13000,-13000
060618,玉晶光元大9A購02,0,0,0,0,0,0,0,0,0,-13000,0,0,0,5000,18000,-13000,-13000
061873,友達元大9C購07  ,0,0,0,0,0,0,0,0,0,-13000,0,0,0,0,13000,-13000,-13000
064172,義隆元富9C購01  ,0,0,0,0,0,0,0,0,0,-13000,0,0,0,5000,18000,-13000,-13000
064030,泰碩元大01購01  ,0,0,0,0,0,0,0,0,0,-13000,0,0,0,10000,23000,-13000,-13000
061996,矽格元大9B購01  ,0,0,0,0,0,0,0,0,0,-13000,0,0,0,9000,22000,-13000,-13000
060154,堤維西永豐9A購01,0,0,0,0,0,0,0,0,0,-13000,0,0,0,0,13000,-13000,-13000
064616,智邦元大9C購04  ,0,0,0,0,0,0,0,0,0,-13000,0,0,0,1000,14000,-13000,-13000
064630,巨大元大9C購01  ,0,0,0,0,0,0,0,0,0,-13000,0,0,0,7000,20000,-13000,-13000
064897,宏達電群益9C購02,0,0,0,0,0,0,0,0,0,-13000,0,0,0,37000,50000,-13000,-13000
064754,漢唐凱基02購01  ,0,0,0,0,0,0,0,0,0,-13000,0,0,0,77000,90000,-13000,-13000
064341,聯詠元大9C購01  ,0,0,0,0,0,0,0,0,0,-13000,0,0,0,89000,102000,-13000,-13000
064328,華通元大9C購04  ,0,0,0,0,0,0,0,0,0,-13000,0,0,0,0,13000,-13000,-13000
065017,和大富邦03購01  ,0,0,0,0,0,0,0,0,0,-13000,0,0,0,0,13000,-13000,-13000
065433,緯創凱基9C購01  ,0,0,0,0,0,0,0,0,0,-13000,0,0,0,20000,33000,-13000,-13000
065573,新日興群益01購02,0,0,0,0,0,0,0,0,0,-13000,0,0,0,11000,24000,-13000,-13000
066047,嘉晶元大01購04  ,0,0,0,0,0,0,0,0,0,-13000,0,0,0,4000,17000,-13000,-13000
065850,緯創元大9C購06  ,0,0,0,0,0,0,0,0,0,-13000,0,0,0,45000,58000,-13000,-13000
065773,鴻海國票03購01  ,0,0,0,0,0,0,0,0,0,-13000,0,0,0,1000,14000,-13000,-13000
4755,三福化          ,122000,141000,-19000,0,0,0,26000,0,26000,-20000,0,20000,-20000,0,0,0,-13000
3167,大量            ,12000,25000,-13000,0,0,0,0,0,0,0,0,0,0,0,0,0,-13000
3702A,大聯大甲特      ,0,13000,-13000,0,0,0,0,0,0,0,0,0,0,0,0,0,-13000
2115,六暉-KY         ,1000,14000,-13000,0,0,0,0,0,0,0,0,0,0,0,0,0,-13000
1423,利華            ,4000,17000,-13000,0,0,0,0,0,0,0,0,0,0,0,0,0,-13000
08989P,玉晶光國票03售01,0,0,0,0,0,0,0,0,0,-13000,0,0,0,1000,14000,-13000,-13000
1232,大統益          ,0,13000,-13000,0,0,0,0,0,0,0,0,0,0,0,0,0,-13000
2443,億麗            ,2000,15000,-13000,0,0,0,0,0,0,0,0,0,0,0,0,0,-13000
2468,華經            ,0,13000,-13000,0,0,0,0,0,0,0,0,0,0,0,0,0,-13000
2373,震旦行          ,1000,13000,-12000,0,0,0,0,0,0,-1000,0,1000,-1000,0,0,0,-13000
07274P,上証2X群益01售01,0,0,0,0,0,0,0,0,0,-14000,0,0,0,6000,20000,-14000,-14000
07855P,旺宏凱基9A售09  ,0,0,0,0,0,0,0,0,0,-14000,0,0,0,0,14000,-14000,-14000
08349P,南六元大9C售03  ,0,0,0,0,0,0,0,0,0,-14000,0,0,0,116000,130000,-14000,-14000
08466P,旺宏統一9C售03  ,0,0,0,0,0,0,0,0,0,-14000,0,0,0,0,14000,-14000,-14000
08555P,超眾國票01售01  ,0,0,0,0,0,0,0,0,0,-14000,0,0,0,40000,54000,-14000,-14000
067408,達方永豐01購02  ,0,0,0,0,0,0,0,0,0,-14000,0,0,0,0,14000,-14000,-14000
068215,潤泰新凱基01購02,0,0,0,0,0,0,0,0,0,-14000,0,0,0,0,14000,-14000,-14000
068067,台積電凱基01購17,0,0,0,0,0,0,0,0,0,-14000,0,0,0,0,14000,-14000,-14000
067983,SP黃豆元大01購03,0,0,0,0,0,0,0,0,0,-14000,0,0,0,0,14000,-14000,-14000
068009,矽格元大01購05  ,0,0,0,0,0,0,0,0,0,-14000,0,0,0,43000,57000,-14000,-14000
056782,鴻海群益98購04  ,0,0,0,0,0,0,0,0,0,-14000,0,0,0,0,14000,-14000,-14000
03094X,大立光元大68展08,0,0,0,0,0,0,0,0,0,-14000,0,0,0,0,14000,-14000,-14000
03068P,美律群益01售03  ,0,0,0,0,0,0,0,0,0,-14000,0,0,0,0,14000,-14000,-14000
055150,台積電元大98購04,0,0,0,0,0,0,0,0,0,-14000,0,0,0,0,14000,-14000,-14000
057975,台積電永豐98購05,0,0,0,0,0,0,0,0,0,-14000,0,0,0,6000,20000,-14000,-14000
059594,奇力新元大9B購01,0,0,0,0,0,0,0,0,0,-14000,0,0,0,8000,22000,-14000,-14000
058402,欣興元大99購04  ,0,0,0,0,0,0,0,0,0,-14000,0,0,0,6000,20000,-14000,-14000
057440,台積電統一98購10,0,0,0,0,0,0,0,0,0,-14000,0,0,0,0,14000,-14000,-14000
062033,瀚宇博群益9B購01,0,0,0,0,0,0,0,0,0,-14000,0,0,0,0,14000,-14000,-14000
063966,大毅國票01購01  ,0,0,0,0,0,0,0,0,0,-14000,0,0,0,30000,44000,-14000,-14000
063958,瑞祺元大9C購01  ,0,0,0,0,0,0,0,0,0,-14000,0,0,0,16000,30000,-14000,-14000
061648,緯穎元大9A購04  ,0,0,0,0,0,0,0,0,0,-14000,0,0,0,0,14000,-14000,-14000
060874,中鋼中信02購01  ,0,0,0,0,0,0,0,0,0,-14000,0,0,0,0,14000,-14000,-14000
060631,微星富邦9B購01  ,0,0,0,0,0,0,0,0,0,-14000,0,0,0,6000,20000,-14000,-14000
060048,元金2X凱基99購03,0,0,0,0,0,0,0,0,0,-14000,0,0,0,1000,15000,-14000,-14000
060543,鴻海凱基9B購02  ,0,0,0,0,0,0,0,0,0,-14000,0,0,0,0,14000,-14000,-14000
063323,同欣電群益9B購03,0,0,0,0,0,0,0,0,0,-14000,0,0,0,36000,50000,-14000,-14000
063656,台光電元富03購01,0,0,0,0,0,0,0,0,0,-14000,0,0,0,14000,28000,-14000,-14000
063063,泰鼎元富9B購01  ,0,0,0,0,0,0,0,0,0,-14000,0,0,0,0,14000,-14000,-14000
062925,建準國票9B購01  ,0,0,0,0,0,0,0,0,0,-14000,0,0,0,0,14000,-14000,-14000
060940,國巨國票9B購03  ,0,0,0,0,0,0,0,0,0,-14000,0,0,0,61000,75000,-14000,-14000
062260,華新科元大9B購09,0,0,0,0,0,0,0,0,0,-14000,0,0,0,2000,16000,-14000,-14000
062182,華新科元大9B購07,0,0,0,0,0,0,0,0,0,-14000,0,0,0,2000,16000,-14000,-14000
065716,道瓊反中信03購01,0,0,0,0,0,0,0,0,0,-14000,0,0,0,2000,16000,-14000,-14000
065689,群創元富9C購04  ,0,0,0,0,0,0,0,0,0,-14000,0,0,0,0,14000,-14000,-14000
065976,牧德元大02購02  ,0,0,0,0,0,0,0,0,0,-14000,0,0,0,100000,114000,-14000,-14000
066315,南帝永豐01購01  ,0,0,0,0,0,0,0,0,0,-14000,0,0,0,0,14000,-14000,-14000
066693,T50反1群益02購03,0,0,0,0,0,0,0,0,0,-14000,0,0,0,0,14000,-14000,-14000
065258,華邦電元大01購01,0,0,0,0,0,0,0,0,0,-14000,0,0,0,165000,179000,-14000,-14000
065261,技嘉元大9C購03  ,0,0,0,0,0,0,0,0,0,-14000,0,0,0,1000,15000,-14000,-14000
065368,技嘉元大9C購04  ,0,0,0,0,0,0,0,0,0,-14000,0,0,0,19000,33000,-14000,-14000
065014,南電國泰01購01  ,0,0,0,0,0,0,0,0,0,-14000,0,0,0,0,14000,-14000,-14000
064928,同欣電統一01購02,0,0,0,0,0,0,0,0,0,-14000,0,0,0,40000,54000,-14000,-14000
064289,台郡元大9C購01  ,0,0,0,0,0,0,0,0,0,-14000,0,0,0,1000,15000,-14000,-14000
08941P,臺股指中信04售04,0,0,0,0,0,0,0,0,0,-14000,0,0,0,5000,19000,-14000,-14000
2015,豐興            ,73000,85000,-12000,0,0,0,0,0,0,-2000,0,2000,-2000,0,0,0,-14000
3550,聯穎            ,6000,18000,-12000,0,0,0,0,0,0,-2000,0,2000,-2000,0,0,0,-14000
8070,長華*           ,3000,17000,-14000,0,0,0,0,0,0,0,0,0,0,0,0,0,-14000
067704,台表科麥證01購02,0,0,0,0,15000,-15000,0,0,0,-15000,0,0,0,0,15000,-15000,-15000
067598,台積電凱基01購13,0,0,0,0,0,0,0,0,0,-15000,0,0,0,50000,65000,-15000,-15000
067653,可成元富07購03  ,0,0,0,0,0,0,0,0,0,-15000,0,0,0,0,15000,-15000,-15000
067384,南六統一01購03  ,0,0,0,0,0,0,0,0,0,-15000,0,0,0,43000,58000,-15000,-15000
067448,華碩國票01購01  ,0,0,0,0,0,0,0,0,0,-15000,0,0,0,0,15000,-15000,-15000
08399P,技嘉元富9C售02  ,0,0,0,0,0,0,0,0,0,-15000,0,0,0,129000,144000,-15000,-15000
08627P,臺股指群益9C售22,0,0,0,0,0,0,0,0,0,-15000,0,0,0,0,15000,-15000,-15000
063288,泰鼎元大9B購02  ,0,0,0,0,0,0,0,0,0,-15000,0,0,0,19000,34000,-15000,-15000
059785,美律元大9A購03  ,0,0,0,0,0,0,0,0,0,-15000,0,0,0,10000,25000,-15000,-15000
059295,大立光元富99購05,0,0,0,0,0,0,0,0,0,-15000,0,0,0,137000,152000,-15000,-15000
055290,玉晶光元大98購08,0,0,0,0,0,0,0,0,0,-15000,0,0,0,5000,20000,-15000,-15000
055437,禾伸堂中信99購01,0,0,0,0,0,0,0,0,0,-15000,0,0,0,52000,67000,-15000,-15000
056453,禾伸堂凱基99購02,0,0,0,0,0,0,0,0,0,-15000,0,0,0,0,15000,-15000,-15000
056213,建準國票98購02  ,0,0,0,0,0,0,0,0,0,-15000,0,0,0,8000,23000,-15000,-15000
051047,深中小群益99購01,0,0,0,0,0,0,0,0,0,-15000,0,0,0,0,15000,-15000,-15000
056676,國產元富98購01  ,0,0,0,0,0,0,0,0,0,-15000,0,0,0,0,15000,-15000,-15000
056685,光罩統一98購03  ,0,0,0,0,0,0,0,0,0,-15000,0,0,0,5000,20000,-15000,-15000
056903,大立光元大99購04,0,0,0,0,0,0,0,0,0,-15000,0,0,0,0,15000,-15000,-15000
00742,新光內需收益    ,43000,34000,9000,0,0,0,0,0,0,-24000,50000,50000,0,192000,216000,-24000,-15000
03035P,玉晶光國票01售07,0,0,0,0,0,0,0,0,0,-15000,0,0,0,0,15000,-15000,-15000
03003P,京鼎群益01售02  ,0,0,0,0,0,0,0,0,0,-15000,0,0,0,0,15000,-15000,-15000
061501,嘉澤國票9A購01  ,0,0,0,0,0,0,0,0,0,-15000,0,0,0,29000,44000,-15000,-15000
062836,同欣電群益9B購02,0,0,0,0,0,0,0,0,0,-15000,0,0,0,10000,25000,-15000,-15000
062845,微星富邦01購01  ,0,0,0,0,0,0,0,0,0,-15000,0,0,0,0,15000,-15000,-15000
062824,國巨群益9C購03  ,0,0,0,0,0,0,0,0,0,-15000,0,0,0,5000,20000,-15000,-15000
063050,葡萄王統一01購01,0,0,0,0,0,0,0,0,0,-15000,0,0,0,0,15000,-15000,-15000
063053,聯發科統一01購04,0,0,0,0,0,0,0,0,0,-15000,0,0,0,0,15000,-15000,-15000
063013,技嘉元大9B購02  ,0,0,0,0,0,0,0,0,0,-15000,0,0,0,3000,18000,-15000,-15000
063248,創意元大9C購01  ,0,0,0,0,0,0,0,0,0,-15000,0,0,0,53000,68000,-15000,-15000
062320,南電凱基9B購03  ,0,0,0,0,0,0,0,0,0,-15000,0,0,0,3000,18000,-15000,-15000
062434,華通元大9B購04  ,0,0,0,0,0,0,0,0,0,-15000,0,0,0,19000,34000,-15000,-15000
062509,SP黃豆國票9B購03,0,0,0,0,0,0,0,0,0,-15000,0,0,0,0,15000,-15000,-15000
063400,華擎群益9B購03  ,0,0,0,0,0,0,0,0,0,-15000,0,0,0,0,15000,-15000,-15000
06344P,臺股指統一99售03,0,0,0,0,0,0,0,0,0,-15000,0,0,0,0,15000,-15000,-15000
060595,台灣50凱基04購04,0,0,0,0,0,0,0,0,0,-15000,0,0,0,0,15000,-15000,-15000
060962,義隆凱基9B購01  ,0,0,0,0,0,0,0,0,0,-15000,0,0,0,21000,36000,-15000,-15000
060963,禾伸堂凱基9A購01,0,0,0,0,0,0,0,0,0,-15000,0,0,0,50000,65000,-15000,-15000
060817,華邦電台新9A購01,0,0,0,0,0,0,0,0,0,-15000,0,0,0,3000,18000,-15000,-15000
061110,超眾元大9A購03  ,0,0,0,0,0,0,0,0,0,-15000,0,0,0,0,15000,-15000,-15000
064015,立積國票01購01  ,0,0,0,0,0,0,0,0,0,-15000,0,0,0,0,15000,-15000,-15000
064155,大立光統一01購05,0,0,0,0,0,0,0,0,0,-15000,0,0,0,0,15000,-15000,-15000
060244,大立光元大9B購02,0,0,0,0,0,0,0,0,0,-15000,0,0,0,18000,33000,-15000,-15000
064270,華通元大9C購03  ,0,0,0,0,0,0,0,0,0,-15000,0,0,0,9000,24000,-15000,-15000
064390,台塑永豐9C購01  ,0,0,0,0,0,0,0,0,0,-15000,0,0,0,5000,20000,-15000,-15000
064488,台達電元大9C購01,0,0,0,0,0,0,0,0,0,-15000,0,0,0,25000,40000,-15000,-15000
064546,燿華凱基02購01  ,0,0,0,0,0,0,0,0,0,-15000,0,0,0,0,15000,-15000,-15000
065547,同欣電兆豐01購01,0,0,0,0,0,0,0,0,0,-15000,0,0,0,0,15000,-15000,-15000
065490,國巨國泰02購02  ,0,0,0,0,0,0,0,0,0,-15000,0,0,0,245000,260000,-15000,-15000
065485,巨大元大9C購02  ,0,0,0,0,0,0,0,0,0,-15000,0,0,0,65000,80000,-15000,-15000
066602,滬深2X富邦03購01,0,0,0,0,0,0,0,0,0,-15000,0,0,0,0,15000,-15000,-15000
066589,英業達群益01購01,0,0,0,0,0,0,0,0,0,-15000,0,0,0,0,15000,-15000,-15000
066868,聯發科元富07購01,50000,0,50000,0,0,0,0,0,0,-65000,0,0,0,167000,232000,-65000,-15000
066754,南電國泰02購01  ,0,0,0,0,0,0,0,0,0,-15000,0,0,0,41000,56000,-15000,-15000
066300,潤泰新元大01購02,0,0,0,0,0,0,0,0,0,-15000,0,0,0,0,15000,-15000,-15000
066355,惠特永豐01購01  ,0,0,0,0,0,0,0,0,0,-15000,0,0,0,0,15000,-15000,-15000
066409,勤誠凱基01購01  ,0,0,0,0,0,0,0,0,0,-15000,0,0,0,0,15000,-15000,-15000
066568,聚碩元大01購01  ,0,0,0,0,0,0,0,0,0,-15000,0,0,0,0,15000,-15000,-15000
066072,華新科凱基01購03,0,0,0,0,0,0,0,0,0,-15000,0,0,0,22000,37000,-15000,-15000
8341,日友            ,39000,53000,-14000,0,0,0,0,0,0,-1000,0,1000,-1000,0,0,0,-15000
3058,立德            ,3000,18000,-15000,0,0,0,0,0,0,0,0,0,0,0,0,0,-15000
08977P,臺股指群益01售11,0,0,0,0,0,0,0,0,0,-15000,0,0,0,0,15000,-15000,-15000
2496,卓越            ,22000,37000,-15000,0,0,0,0,0,0,0,0,0,0,0,0,0,-15000
00771,元大US高息特別股,0,0,0,0,0,0,0,0,0,-15850,0,0,0,22150,38000,-15850,-15850
08668P,燿華群益01售01  ,0,0,0,0,0,0,0,0,0,-16000,0,0,0,10000,26000,-16000,-16000
08373P,大立光凱基01售05,0,0,0,0,0,0,0,0,0,-16000,0,0,0,28000,44000,-16000,-16000
08367P,臺股指凱基9C售11,0,0,0,0,0,0,0,0,0,-16000,0,0,0,105000,121000,-16000,-16000
08311P,台積電國票9C售07,0,0,0,0,0,0,0,0,0,-16000,0,0,0,393000,409000,-16000,-16000
08312P,旺宏國票01售01  ,0,0,0,0,0,0,0,0,0,-16000,0,0,0,1000,17000,-16000,-16000
067459,微星永豐01購01  ,0,0,0,0,0,0,0,0,0,-16000,0,0,0,68000,84000,-16000,-16000
067488,群創元大03購01  ,0,0,0,0,0,0,0,0,0,-16000,0,0,0,0,16000,-16000,-16000
067368,技嘉統一03購01  ,0,0,0,0,0,0,0,0,0,-16000,0,0,0,526000,542000,-16000,-16000
067158,T50反1國票02購02,0,0,0,0,0,0,0,0,0,-16000,0,0,0,0,16000,-16000,-16000
067842,微星元富07購01  ,0,0,0,0,0,0,0,0,0,-16000,0,0,0,79000,95000,-16000,-16000
068070,友達凱基05購01  ,0,0,0,0,0,0,0,0,0,-16000,0,0,0,0,16000,-16000,-16000
068154,聯發科元大01購23,0,0,0,0,0,0,0,0,0,-16000,0,0,0,109000,125000,-16000,-16000
068145,台積電元大01購35,0,0,0,0,0,0,0,0,0,-16000,0,0,0,4000,20000,-16000,-16000
056763,國巨元大99購02  ,0,0,0,0,0,0,0,0,0,-16000,0,0,0,61000,77000,-16000,-16000
056266,開發金統一9A購01,0,0,0,0,0,0,0,0,0,-16000,0,0,0,0,16000,-16000,-16000
055916,奇鋐凱基99購01  ,0,0,0,0,0,0,0,0,0,-16000,0,0,0,70000,86000,-16000,-16000
063302,國巨凱基9C購05  ,0,0,0,0,0,0,0,0,0,-16000,0,0,0,93000,109000,-16000,-16000
057331,台積電國票99購04,0,0,0,0,0,0,0,0,0,-16000,0,0,0,66000,82000,-16000,-16000
063745,喬山國票9C購01  ,0,0,0,0,0,0,0,0,0,-16000,0,0,0,2000,18000,-16000,-16000
061891,力山永豐9B購01  ,0,0,0,0,0,0,0,0,0,-16000,0,0,0,20000,36000,-16000,-16000
064068,義隆永豐9C購01  ,0,0,0,0,0,0,0,0,0,-16000,0,0,0,164000,180000,-16000,-16000
063918,復盛凱基9C購01  ,0,0,0,0,0,0,0,0,0,-16000,0,0,0,11000,27000,-16000,-16000
060862,美律永豐9A購01  ,0,0,0,0,0,0,0,0,0,-16000,0,0,0,1000,17000,-16000,-16000
060402,神隆國泰9B購01  ,0,0,0,0,0,0,0,0,0,-16000,0,0,0,124000,140000,-16000,-16000
063381,和潤永豐9B購01  ,0,0,0,0,0,0,0,0,0,-16000,0,0,0,0,16000,-16000,-16000
063356,台表科元富02購01,0,0,0,0,0,0,0,0,0,-16000,0,0,0,25000,41000,-16000,-16000
062501,台積電群益9C購03,0,0,0,0,0,0,0,0,0,-16000,0,0,0,15000,31000,-16000,-16000
062407,同欣電永豐9B購01,0,0,0,0,0,0,0,0,0,-16000,0,0,0,11000,27000,-16000,-16000
062545,嘉晶永豐9B購01  ,0,0,0,0,0,0,0,0,0,-16000,0,0,0,38000,54000,-16000,-16000
062828,聯詠群益9B購02  ,0,0,0,0,0,0,0,0,0,-16000,0,0,0,4000,20000,-16000,-16000
062559,嘉晶凱基9B購02  ,0,0,0,0,0,0,0,0,0,-16000,0,0,0,0,16000,-16000,-16000
065822,緯創台新9C購01  ,0,0,0,0,0,0,0,0,0,-16000,0,0,0,33000,49000,-16000,-16000
065807,智伸科群益01購01,0,0,0,0,0,0,0,0,0,-16000,0,0,0,0,16000,-16000,-16000
064978,群創元大9C購07  ,0,0,0,0,0,0,0,0,0,-16000,0,0,0,30000,46000,-16000,-16000
064556,華通群益02購02  ,0,0,0,0,0,0,0,0,0,-16000,0,0,0,50000,66000,-16000,-16000
064625,健策元大01購02  ,0,0,0,0,0,0,0,0,0,-16000,0,0,0,95000,111000,-16000,-16000
2524,京城            ,20000,36000,-16000,0,0,0,0,0,0,0,0,0,0,0,0,0,-16000
2358,廷鑫            ,8000,24000,-16000,0,0,0,0,0,0,0,0,0,0,0,0,0,-16000
1466,聚隆            ,31000,44000,-13000,0,0,0,0,0,0,-3000,0,3000,-3000,0,0,0,-16000
3346,麗清            ,7000,23000,-16000,0,0,0,0,0,0,0,0,0,0,0,0,0,-16000
8429,金麗-KY         ,64000,79000,-15000,0,0,0,0,0,0,-1000,0,1000,-1000,0,0,0,-16000
066983,禾伸堂群益01購01,0,0,0,0,0,0,0,0,0,-17000,0,0,0,23000,40000,-17000,-17000
067477,億光元大01購01  ,0,0,0,0,0,0,0,0,0,-17000,0,0,0,8000,25000,-17000,-17000
08258P,旺宏元大9C售04  ,0,0,0,0,0,0,0,0,0,-17000,0,0,0,30000,47000,-17000,-17000
08482P,亞德客群益9C售02,0,0,0,0,0,0,0,0,0,-17000,0,0,0,30000,47000,-17000,-17000
08720P,台光電元大01售03,0,0,0,0,0,0,0,0,0,-17000,0,0,0,85000,102000,-17000,-17000
08002P,大毅國票9B售03  ,0,0,0,0,0,0,0,0,0,-17000,0,0,0,0,17000,-17000,-17000
07509P,牧德國票9A售03  ,0,0,0,0,0,0,0,0,0,-17000,0,0,0,8000,25000,-17000,-17000
062057,華邦電統一01購01,0,0,0,0,0,0,0,0,0,-17000,0,0,0,1000,18000,-17000,-17000
059297,大立光元富9C購01,0,0,0,0,0,0,0,0,0,-17000,0,0,0,110000,127000,-17000,-17000
058157,華通台新99購01  ,0,0,0,0,0,0,0,0,0,-17000,0,0,0,0,17000,-17000,-17000
059203,勤誠永豐99購02  ,0,0,0,0,0,0,0,0,0,-17000,0,0,0,16000,33000,-17000,-17000
059121,瑞儀永豐99購01  ,0,0,0,0,0,0,0,0,0,-17000,0,0,0,0,17000,-17000,-17000
03102P,臺股指凱基03售08,0,0,0,0,0,0,0,0,0,-17000,0,0,0,0,17000,-17000,-17000
062233,神隆凱基9B購01  ,0,0,0,0,0,0,0,0,0,-17000,0,0,0,43000,60000,-17000,-17000
063067,緯穎麥證9B購01  ,0,0,0,0,17000,-17000,0,0,0,-17000,0,0,0,0,17000,-17000,-17000
062680,微星統一01購01  ,0,0,0,0,0,0,0,0,0,-17000,0,0,0,0,17000,-17000,-17000
062647,南電國泰9C購02  ,0,0,0,0,0,0,0,0,0,-17000,0,0,0,0,17000,-17000,-17000
063642,茂林元大9B購08  ,0,0,0,0,0,0,0,0,0,-17000,0,0,0,71000,88000,-17000,-17000
060342,台積電統一02購01,0,0,0,0,0,0,0,0,0,-17000,0,0,0,0,17000,-17000,-17000
060457,中橡元大9A購02  ,0,0,0,0,0,0,0,0,0,-17000,0,0,0,43000,60000,-17000,-17000
061066,嘉晶凱基9B購01  ,0,0,0,0,0,0,0,0,0,-17000,0,0,0,8000,25000,-17000,-17000
060835,亞德客國票9A購01,0,0,0,0,0,0,0,0,0,-17000,0,0,0,0,17000,-17000,-17000
061819,茂林群益9B購01  ,0,0,0,0,0,0,0,0,0,-17000,0,0,0,96000,113000,-17000,-17000
061145,臻鼎中信9A購02  ,0,0,0,0,0,0,0,0,0,-17000,0,0,0,18000,35000,-17000,-17000
063851,健策元大01購01  ,0,0,0,0,0,0,0,0,0,-17000,0,0,0,12000,29000,-17000,-17000
063833,致新國票01購01  ,0,0,0,0,0,0,0,0,0,-17000,0,0,0,18000,35000,-17000,-17000
064640,和大凱基03購01  ,0,0,0,0,0,0,0,0,0,-17000,0,0,0,0,17000,-17000,-17000
064286,TPK元大9C購02   ,0,0,0,0,0,0,0,0,0,-17000,0,0,0,25000,42000,-17000,-17000
064950,美律凱基02購01  ,0,0,0,0,0,0,0,0,0,-17000,0,0,0,3000,20000,-17000,-17000
064929,台表科統一02購03,0,0,0,0,0,0,0,0,0,-17000,0,0,0,5000,22000,-17000,-17000
065080,燿華元大01購01  ,0,0,0,0,0,0,0,0,0,-17000,0,0,0,51000,68000,-17000,-17000
065890,台積電統一03購01,0,0,0,0,0,0,0,0,0,-17000,0,0,0,97000,114000,-17000,-17000
065758,嘉澤元大9C購03  ,0,0,0,0,0,0,0,0,0,-17000,0,0,0,44000,61000,-17000,-17000
066097,英業達中信02購01,0,0,0,0,0,0,0,0,0,-17000,0,0,0,0,17000,-17000,-17000
066445,牧德群益01購01  ,0,0,0,0,0,0,0,0,0,-17000,0,0,0,7000,24000,-17000,-17000
066394,建準凱基01購01  ,0,0,0,0,0,0,0,0,0,-17000,0,0,0,0,17000,-17000,-17000
066364,可成中信03購01  ,0,0,0,0,0,0,0,0,0,-17000,0,0,0,0,17000,-17000,-17000
066305,華夏永豐01購01  ,0,0,0,0,0,0,0,0,0,-17000,0,0,0,23000,40000,-17000,-17000
8482,商億-KY         ,164000,180000,-16000,0,0,0,0,0,0,-1000,0,1000,-1000,0,0,0,-17000
3501,維熹            ,18000,35000,-17000,0,0,0,0,0,0,0,0,0,0,0,0,0,-17000
1432,大魯閣          ,0,17000,-17000,0,0,0,0,0,0,0,0,0,0,0,0,0,-17000
1726,永記            ,1000,16000,-15000,0,0,0,0,0,0,-2000,0,2000,-2000,0,0,0,-17000
2881A,富邦特          ,0,0,0,0,0,0,0,0,0,-17000,3000,20000,-17000,0,0,0,-17000
2911,麗嬰房          ,0,16000,-16000,0,0,0,0,0,0,-1000,0,1000,-1000,0,0,0,-17000
08749P,鴻海台新01售02  ,0,0,0,0,0,0,0,0,0,-18000,0,0,0,0,18000,-18000,-18000
08911P,力成凱基01售01  ,0,0,0,0,0,0,0,0,0,-18000,0,0,0,2000,20000,-18000,-18000
068072,聯發科凱基01購18,0,0,0,0,0,0,0,0,0,-18000,0,0,0,0,18000,-18000,-18000
067691,台虹元大01購03  ,0,0,0,0,0,0,0,0,0,-18000,0,0,0,0,18000,-18000,-18000
067697,致茂國票02購01  ,0,0,0,0,0,0,0,0,0,-18000,0,0,0,1000,19000,-18000,-18000
03419B,臺股指元富99熊03,0,0,0,0,0,0,0,0,0,-18000,0,0,0,5000,23000,-18000,-18000
03037P,玉晶光國票02售02,0,0,0,0,0,0,0,0,0,-18000,0,0,0,0,18000,-18000,-18000
059871,義隆凱基99購03  ,0,0,0,0,0,0,0,0,0,-18000,0,0,0,12000,30000,-18000,-18000
059090,台新金元大99購01,0,0,0,0,0,0,0,0,0,-18000,0,0,0,2000,20000,-18000,-18000
059388,國巨凱基99購13  ,0,0,0,0,0,0,0,0,0,-18000,0,0,0,2000,20000,-18000,-18000
059534,國泰金凱基99購01,0,0,0,0,0,0,0,0,0,-18000,0,0,0,0,18000,-18000,-18000
058377,茂林凱基9A購03  ,0,0,0,0,0,0,0,0,0,-18000,0,0,0,4000,22000,-18000,-18000
058372,欣興凱基99購03  ,0,0,0,0,0,0,0,0,0,-18000,0,0,0,0,18000,-18000,-18000
061454,國巨凱基9A購16  ,0,0,0,0,0,0,0,0,0,-18000,0,0,0,22000,40000,-18000,-18000
06380P,臺股指統一98售02,0,0,0,0,0,0,0,0,0,-18000,0,0,0,219000,237000,-18000,-18000
063789,智邦台新9C購01  ,0,0,0,0,0,0,0,0,0,-18000,0,0,0,28000,46000,-18000,-18000
061983,華新科元大9B購04,0,0,0,0,0,0,0,0,0,-18000,0,0,0,50000,68000,-18000,-18000
063963,鴻海國票01購01  ,0,0,0,0,0,0,0,0,0,-18000,0,0,0,2000,20000,-18000,-18000
061137,晶技統一9B購01  ,0,0,0,0,0,0,0,0,0,-18000,0,0,0,101000,119000,-18000,-18000
061781,台積電群益9C購01,0,0,0,0,0,0,0,0,0,-18000,0,0,0,5000,23000,-18000,-18000
061600,聯電凱基9B購01  ,0,0,0,0,0,0,0,0,0,-18000,0,0,0,162000,180000,-18000,-18000
061052,和大群益9A購01  ,0,0,0,0,0,0,0,0,0,-18000,0,0,0,0,18000,-18000,-18000
061710,國巨凱基9A購18  ,0,0,0,0,0,0,0,0,0,-18000,0,0,0,22000,40000,-18000,-18000
063688,建準永豐9B購03  ,0,0,0,0,0,0,0,0,0,-18000,0,0,0,4000,22000,-18000,-18000
063032,國巨凱基9C購04  ,0,0,0,0,0,0,0,0,0,-18000,0,0,0,4000,22000,-18000,-18000
062884,康控兆豐9C購01  ,0,0,0,0,0,0,0,0,0,-18000,0,0,0,168000,186000,-18000,-18000
062588,國巨統一9B購14  ,0,0,0,0,0,0,0,0,0,-18000,0,0,0,0,18000,-18000,-18000
061510,嘉澤富邦9C購01  ,0,0,0,0,0,0,0,0,0,-18000,0,0,0,0,18000,-18000,-18000
062294,盛群永豐9B購01  ,0,0,0,0,0,0,0,0,0,-18000,0,0,0,0,18000,-18000,-18000
066648,可成麥證01購01  ,0,0,0,100000,118000,-18000,0,0,0,-18000,0,0,0,100000,118000,-18000,-18000
066049,奇鋐元大02購01  ,0,0,0,0,0,0,0,0,0,-18000,0,0,0,3000,21000,-18000,-18000
065721,中壽兆豐9C購01  ,0,0,0,0,0,0,0,0,0,-18000,0,0,0,0,18000,-18000,-18000
065569,智邦群益01購01  ,0,0,0,0,0,0,0,0,0,-18000,0,0,0,0,18000,-18000,-18000
065341,華邦電統一01購02,0,0,0,0,0,0,0,0,0,-18000,0,0,0,24000,42000,-18000,-18000
065269,貿聯元大9C購05  ,0,0,0,0,0,0,0,0,0,-18000,0,0,0,50000,68000,-18000,-18000
064263,貿聯永豐9C購01  ,0,0,0,0,0,0,0,0,0,-18000,0,0,0,2000,20000,-18000,-18000
064359,華通統一9C購05  ,0,0,0,0,0,0,0,0,0,-18000,0,0,0,17000,35000,-18000,-18000
064688,國巨群益9C購11  ,0,0,0,0,0,0,0,0,0,-18000,0,0,0,0,18000,-18000,-18000
2114,鑫永銓          ,8000,26000,-18000,0,0,0,0,0,0,0,0,0,0,0,0,0,-18000
1419,新紡            ,1000,19000,-18000,0,0,0,0,0,0,0,0,0,0,0,0,0,-18000
4438,廣越            ,8000,26000,-18000,0,0,0,0,0,0,0,0,0,0,0,0,0,-18000
6281,全國電          ,2000,33000,-31000,0,0,0,0,0,0,13000,15000,2000,13000,0,0,0,-18000
067838,玉晶光統一01購12,0,0,0,0,0,0,0,0,0,-19000,0,0,0,0,19000,-19000,-19000
06798P,臺股指凱基98售08,0,0,0,0,0,0,0,0,0,-19000,0,0,0,0,19000,-19000,-19000
067925,可成兆豐02購01  ,0,0,0,0,0,0,0,0,0,-19000,0,0,0,0,19000,-19000,-19000
067282,金像電國票02購02,0,0,0,0,0,0,0,0,0,-19000,0,0,0,63000,82000,-19000,-19000
066962,致新元大01購02  ,0,0,0,0,0,0,0,0,0,-19000,0,0,0,68000,87000,-19000,-19000
07819P,旺宏國票9B售01  ,0,0,0,0,0,0,0,0,0,-19000,0,0,0,0,19000,-19000,-19000
062041,華擎凱基9C購01  ,0,0,0,0,0,0,0,0,0,-19000,0,0,0,0,19000,-19000,-19000
057828,緯穎元大99購02  ,0,0,0,0,0,0,0,0,0,-19000,0,0,0,13000,32000,-19000,-19000
058424,滬深2X元富99購04,0,0,0,0,0,0,0,0,0,-19000,0,0,0,111000,130000,-19000,-19000
058498,世紀鋼群益99購01,0,0,0,0,0,0,0,0,0,-19000,0,0,0,25000,44000,-19000,-19000
058751,南茂凱基9A購01  ,0,0,0,0,0,0,0,0,0,-19000,0,0,0,15000,34000,-19000,-19000
055910,瑞昱凱基98購01  ,0,0,0,0,0,0,0,0,0,-19000,0,0,0,0,19000,-19000,-19000
052203,T50反1中信99購03,0,0,0,0,0,0,0,0,0,-19000,0,0,0,11000,30000,-19000,-19000
057051,群創元大9B購03  ,0,0,0,0,0,0,0,0,0,-19000,0,0,0,0,19000,-19000,-19000
062736,漢唐國票9B購01  ,0,0,0,0,0,0,0,0,0,-19000,0,0,0,0,19000,-19000,-19000
061520,健策中信9A購01  ,0,0,0,0,0,0,0,0,0,-19000,0,0,0,0,19000,-19000,-19000
062999,聯茂國票9C購01  ,0,0,0,0,0,0,0,0,0,-19000,0,0,0,0,19000,-19000,-19000
063113,聯茂兆豐9B購01  ,0,0,0,0,0,0,0,0,0,-19000,0,0,0,0,19000,-19000,-19000
062503,玉晶光群益01購03,0,0,0,0,0,0,0,0,0,-19000,0,0,0,53000,72000,-19000,-19000
063442,金像電統一01購01,0,0,0,0,0,0,0,0,0,-19000,0,0,0,31000,50000,-19000,-19000
061594,玉晶光永豐9A購08,0,0,0,0,0,0,0,0,0,-19000,0,0,0,0,19000,-19000,-19000
063722,遠東新元大9B購02,0,0,0,0,0,0,0,0,0,-19000,0,0,0,7000,26000,-19000,-19000
064667,大立光元大02購01,0,0,0,0,0,0,0,0,0,-19000,0,0,0,0,19000,-19000,-19000
064621,大立光元大9C購20,0,0,0,0,0,0,0,0,0,-19000,0,0,0,1000,20000,-19000,-19000
064553,臺指反群益9C購01,0,0,0,0,0,0,0,0,0,-19000,0,0,0,31000,50000,-19000,-19000
064791,友達國票9C購01  ,0,0,0,0,0,0,0,0,0,-19000,0,0,0,45000,64000,-19000,-19000
065726,京元電凱基9C購02,0,0,0,0,0,0,0,0,0,-19000,0,0,0,50000,69000,-19000,-19000
065626,華新科兆豐9C購02,0,0,0,0,0,0,0,0,0,-19000,0,0,0,1000,20000,-19000,-19000
065785,奇力新永豐9C購02,0,0,0,0,0,0,0,0,0,-19000,0,0,0,31000,50000,-19000,-19000
066213,惠特統一03購01  ,0,0,0,0,0,0,0,0,0,-19000,0,0,0,7000,26000,-19000,-19000
066656,滬深2X凱基03購02,0,0,0,0,0,0,0,0,0,-19000,0,0,0,1000,20000,-19000,-19000
066730,致茂元大01購01  ,0,0,0,0,0,0,0,0,0,-19000,0,0,0,354000,373000,-19000,-19000
6197,佳必琪          ,113000,131000,-18000,0,0,0,0,0,0,-1000,0,1000,-1000,0,0,0,-19000
6128,上福            ,1000,20000,-19000,0,0,0,0,0,0,0,0,0,0,0,0,0,-19000
5283,禾聯碩          ,1000,20000,-19000,0,0,0,0,0,0,0,0,0,0,0,0,0,-19000
4137,麗豐-KY         ,10000,30000,-20000,0,0,0,1000,0,1000,0,0,1000,-1000,2000,1000,1000,-19000
8072,陞泰            ,50000,67000,-17000,0,0,0,0,0,0,-2000,0,2000,-2000,0,0,0,-19000
2413,環科            ,21000,40000,-19000,0,0,0,0,0,0,0,0,0,0,0,0,0,-19000
07757P,國巨國票9B售04  ,0,0,0,0,0,0,0,0,0,-20000,0,0,0,0,20000,-20000,-20000
07742P,台積電凱基9A售25,0,0,0,0,0,0,0,0,0,-20000,0,0,0,0,20000,-20000,-20000
07898P,國巨國泰9C售02  ,0,0,0,0,0,0,0,0,0,-20000,0,0,0,0,20000,-20000,-20000
08081P,台灣50元大9B售20,0,0,0,0,0,0,0,0,0,-20000,0,0,0,0,20000,-20000,-20000
08129P,聯發科元大9B售23,0,0,0,0,0,0,0,0,0,-20000,0,0,0,0,20000,-20000,-20000
08114P,國巨凱基9B售11  ,0,0,0,0,0,0,0,0,0,-20000,0,0,0,0,20000,-20000,-20000
07515P,台積電元大9A售15,0,0,0,0,0,0,0,0,0,-20000,0,0,0,0,20000,-20000,-20000
07526P,臺股指中信9B售08,0,0,0,0,0,0,0,0,0,-20000,0,0,0,0,20000,-20000,-20000
07528P,鴻海凱基9A售19  ,0,0,0,0,0,0,0,0,0,-20000,0,0,0,0,20000,-20000,-20000
07575P,瑞昱元大9A售02  ,0,0,0,0,0,0,0,0,0,-20000,0,0,0,10000,30000,-20000,-20000
07644P,南電凱基9A售03  ,0,0,0,0,0,0,0,0,0,-20000,0,0,0,0,20000,-20000,-20000
07703P,玉晶光中信9B售03,0,0,0,0,0,0,0,0,0,-20000,0,0,0,40000,60000,-20000,-20000
07233P,台灣50元大99售04,0,0,0,0,0,0,0,0,0,-20000,0,0,0,0,20000,-20000,-20000
07388P,臺股指群益9C售07,0,0,0,0,0,0,0,0,0,-20000,0,0,0,0,20000,-20000,-20000
07402P,瑞昱凱基99售02  ,0,0,0,0,0,0,0,0,0,-20000,0,0,0,0,20000,-20000,-20000
07416P,台積電元大99售53,0,0,0,0,0,0,0,0,0,-20000,0,0,0,0,20000,-20000,-20000
07092P,上銀凱基99售03  ,0,0,0,0,0,0,0,0,0,-20000,0,0,0,0,20000,-20000,-20000
07199P,臺股指元大99售15,0,0,0,0,0,0,0,0,0,-20000,0,0,0,0,20000,-20000,-20000
07125P,台積電元大99售22,0,0,0,0,0,0,0,0,0,-20000,0,0,0,0,20000,-20000,-20000
07103P,南電元大99售04  ,0,0,0,0,0,0,0,0,0,-20000,0,0,0,0,20000,-20000,-20000
06944P,健鼎元富98售02  ,0,0,0,0,0,0,0,0,0,-20000,0,0,0,0,20000,-20000,-20000
08788P,A50正2元富01售03,0,0,0,0,0,0,0,0,0,-20000,0,0,0,0,20000,-20000,-20000
08766P,臺股指中信03售03,0,0,0,0,0,0,0,0,0,-20000,0,0,0,6000,26000,-20000,-20000
08697P,臺股指麥證01售03,0,0,0,20000,40000,-20000,0,0,0,-20000,0,0,0,20000,40000,-20000,-20000
08675P,旺宏群益01售03  ,0,0,0,0,0,0,0,0,0,-20000,0,0,0,0,20000,-20000,-20000
08640P,台灣50群益9C售07,0,0,0,0,0,0,0,0,0,-20000,0,0,0,0,20000,-20000,-20000
08422P,玉晶光群益02售03,0,0,0,0,0,0,0,0,0,-20000,0,0,0,55000,75000,-20000,-20000
08512P,玉晶光永豐9C售06,0,0,0,0,0,0,0,0,0,-20000,0,0,0,0,20000,-20000,-20000
08523P,金像電元大9C售06,0,0,0,0,0,0,0,0,0,-20000,0,0,0,0,20000,-20000,-20000
08363P,南亞科凱基01售01,0,0,0,0,0,0,0,0,0,-20000,0,0,0,13000,33000,-20000,-20000
066902,台泥凱基01購01  ,0,0,0,0,0,0,0,0,0,-20000,0,0,0,0,20000,-20000,-20000
067145,南港統一03購02  ,0,0,0,0,0,0,0,0,0,-20000,0,0,0,0,20000,-20000,-20000
067182,鴻海凱基02購05  ,0,0,0,0,0,0,0,0,0,-20000,0,0,0,14000,34000,-20000,-20000
067230,國巨群益01購05  ,0,0,0,0,0,0,0,0,0,-20000,0,0,0,0,20000,-20000,-20000
067923,台勝科中信01購01,0,0,0,0,0,0,0,0,0,-20000,0,0,0,10000,30000,-20000,-20000
068066,亞德客凱基03購01,0,0,0,0,0,0,0,0,0,-20000,0,0,0,10000,30000,-20000,-20000
068202,玉晶光凱基03購02,0,0,0,0,0,0,0,0,0,-20000,0,0,0,0,20000,-20000,-20000
068203,玉晶光凱基03購03,0,0,0,0,0,0,0,0,0,-20000,0,0,0,0,20000,-20000,-20000
068224,健策統一03購01  ,0,0,0,0,0,0,0,0,0,-20000,0,0,0,0,20000,-20000,-20000
067840,滬深2X元富04購02,0,0,0,0,0,0,0,0,0,-20000,0,0,0,0,20000,-20000,-20000
067618,臺股指凱基01購14,0,0,0,0,0,0,0,0,0,-20000,0,0,0,0,20000,-20000,-20000
057093,臻鼎元富98購02  ,0,0,0,0,0,0,0,0,0,-20000,0,0,0,0,20000,-20000,-20000
056747,致新凱基99購01  ,0,0,0,0,0,0,0,0,0,-20000,0,0,0,0,20000,-20000,-20000
048505,滬深2X群益99購03,0,0,0,0,0,0,0,0,0,-20000,0,0,0,0,20000,-20000,-20000
052477,美律群益98購01  ,0,0,0,0,0,0,0,0,0,-20000,0,0,0,0,20000,-20000,-20000
03060P,微星凱基01售01  ,0,0,0,0,0,0,0,0,0,-20000,0,0,0,0,20000,-20000,-20000
03020P,大立光群益01售11,0,0,0,0,0,0,0,0,0,-20000,0,0,0,0,20000,-20000,-20000
055683,晶技凱基99購01  ,0,0,0,0,0,0,0,0,0,-20000,0,0,0,0,20000,-20000,-20000
055551,致茂凱基98購01  ,0,0,0,0,0,0,0,0,0,-20000,0,0,0,10000,30000,-20000,-20000
055080,正崴中信99購01  ,0,0,0,0,0,0,0,0,0,-20000,0,0,0,0,20000,-20000,-20000
054564,玉晶光群益99購01,0,0,0,0,0,0,0,0,0,-20000,0,0,0,20000,40000,-20000,-20000
056034,華通凱基98購01  ,0,0,0,0,0,0,0,0,0,-20000,0,0,0,0,20000,-20000,-20000
056414,國巨中信98購02  ,0,0,0,0,0,0,0,0,0,-20000,0,0,0,0,20000,-20000,-20000
058142,瑞儀元大99購01  ,0,0,0,0,0,0,0,0,0,-20000,0,0,0,0,20000,-20000,-20000
058022,樺漢凱基99購02  ,0,0,0,0,0,0,0,0,0,-20000,0,0,0,0,20000,-20000,-20000
057962,超眾元大99購03  ,0,0,0,0,0,0,0,0,0,-20000,0,0,0,0,20000,-20000,-20000
054480,和碩中信98購01  ,0,0,0,0,0,0,0,0,0,-20000,0,0,0,0,20000,-20000,-20000
054428,禾伸堂富邦98購01,0,0,0,0,0,0,0,0,0,-20000,0,0,0,100000,120000,-20000,-20000
057320,玉晶光凱基98購01,0,0,0,0,0,0,0,0,0,-20000,0,0,0,13000,33000,-20000,-20000
058697,亞德客元大99購01,0,0,0,0,0,0,0,0,0,-20000,0,0,0,0,20000,-20000,-20000
058652,SGBR2X中信01購01,0,0,0,0,0,0,0,0,0,-20000,0,0,0,0,20000,-20000,-20000
058634,可成兆豐99購03  ,0,0,0,0,0,0,0,0,0,-20000,0,0,0,32000,52000,-20000,-20000
058532,禾伸堂元富99購01,0,0,0,0,0,0,0,0,0,-20000,0,0,0,0,20000,-20000,-20000
058434,旺宏統一9B購01  ,0,0,0,0,0,0,0,0,0,-20000,0,0,0,0,20000,-20000,-20000
058260,華新科富邦9C購01,0,0,0,0,0,0,0,0,0,-20000,0,0,0,0,20000,-20000,-20000
059811,高股息凱基99購02,0,0,0,0,0,0,0,0,0,-20000,0,0,0,10000,30000,-20000,-20000
059707,健策凱基9A購03  ,0,0,0,0,0,0,0,0,0,-20000,0,0,0,13000,33000,-20000,-20000
059641,群創凱基99購06  ,0,0,0,0,0,0,0,0,0,-20000,0,0,0,0,20000,-20000,-20000
059124,台積電第一03購01,0,0,0,0,0,0,0,0,0,-20000,0,0,0,0,20000,-20000,-20000
059230,滬深2X國票9B購02,0,0,0,0,0,0,0,0,0,-20000,0,0,0,0,20000,-20000,-20000
059170,康控凱基9B購01  ,0,0,0,0,0,0,0,0,0,-20000,0,0,0,0,20000,-20000,-20000
058189,嘉澤永豐99購01  ,0,0,0,0,0,0,0,0,0,-20000,0,0,0,0,20000,-20000,-20000
058195,鈺齊永豐99購01  ,0,0,0,0,0,0,0,0,0,-20000,0,0,0,0,20000,-20000,-20000
057816,欣興元大98購13  ,0,0,0,0,0,0,0,0,0,-20000,0,0,0,0,20000,-20000,-20000
058995,台達電元大99購01,0,0,0,0,0,0,0,0,0,-20000,0,0,0,0,20000,-20000,-20000
058972,新日興永豐9A購01,0,0,0,0,0,0,0,0,0,-20000,0,0,0,0,20000,-20000,-20000
058942,南茂中信99購01  ,0,0,0,0,0,0,0,0,0,-20000,0,0,0,0,20000,-20000,-20000
059829,超眾凱基99購05  ,0,0,0,0,0,0,0,0,0,-20000,0,0,0,0,20000,-20000,-20000
057423,台郡凱基98購06  ,0,0,0,0,0,0,0,0,0,-20000,0,0,0,10000,30000,-20000,-20000
061472,台積電元大9A購32,0,0,0,0,0,0,0,0,0,-20000,0,0,0,0,20000,-20000,-20000
060694,旺宏麥證9A購02  ,0,0,0,0,20000,-20000,0,0,0,-20000,0,0,0,0,20000,-20000,-20000
060238,強茂元大9C購01  ,0,0,0,0,0,0,0,0,0,-20000,0,0,0,0,20000,-20000,-20000
060289,京元電元大9A購01,0,0,0,0,0,0,0,0,0,-20000,0,0,0,0,20000,-20000,-20000
06376P,上銀統一99售01  ,0,0,0,0,0,0,0,0,0,-20000,0,0,0,20000,40000,-20000,-20000
063793,和大凱基9C購01  ,0,0,0,0,0,0,0,0,0,-20000,0,0,0,0,20000,-20000,-20000
063786,瑞昱中信06購01  ,0,0,0,0,0,0,0,0,0,-20000,0,0,0,25000,45000,-20000,-20000
060088,國巨元大99購30  ,0,0,0,0,0,0,0,0,0,-20000,0,0,0,1000,21000,-20000,-20000
060093,友達元大03購01  ,0,0,0,0,0,0,0,0,0,-20000,0,0,0,0,20000,-20000,-20000
060097,華新科元大99購23,0,0,0,0,0,0,0,0,0,-20000,0,0,0,16000,36000,-20000,-20000
060213,牧德康和9A購01  ,0,0,0,0,0,0,0,0,0,-20000,0,0,0,0,20000,-20000,-20000
061928,群創凱基9B購06  ,0,0,0,0,0,0,0,0,0,-20000,0,0,0,0,20000,-20000,-20000
060841,宏達電國票9B購01,0,0,0,0,0,0,0,0,0,-20000,0,0,0,0,20000,-20000,-20000
060857,旭富富邦9B購01  ,0,0,0,0,0,0,0,0,0,-20000,0,0,0,0,20000,-20000,-20000
061603,瑞昱凱基9A購02  ,0,0,0,0,0,0,0,0,0,-20000,0,0,0,0,20000,-20000,-20000
061830,元金2X凱基01購01,0,0,0,0,0,0,0,0,0,-20000,0,0,0,0,20000,-20000,-20000
061129,文曄永豐9A購01  ,0,0,0,0,0,0,0,0,0,-20000,0,0,0,0,20000,-20000,-20000
061041,南電永豐9A購03  ,0,0,0,0,0,0,0,0,0,-20000,0,0,0,20000,40000,-20000,-20000
061039,台表科永豐9A購03,0,0,0,0,0,0,0,0,0,-20000,0,0,0,0,20000,-20000,-20000
060515,臺股指元大9B購12,0,0,0,0,0,0,0,0,0,-20000,0,0,0,0,20000,-20000,-20000
061067,貿聯凱基9A購03  ,0,0,0,0,0,0,0,0,0,-20000,0,0,0,50000,70000,-20000,-20000
060606,玉晶光凱基9A購05,0,0,0,0,0,0,0,0,0,-20000,0,0,0,0,20000,-20000,-20000
060559,世紀鋼凱基9C購01,0,0,0,0,0,0,0,0,0,-20000,0,0,0,0,20000,-20000,-20000
060387,盛群凱基9A購01  ,0,0,0,0,0,0,0,0,0,-20000,0,0,0,50000,70000,-20000,-20000
063361,台表科國泰01購02,0,0,0,0,0,0,0,0,0,-20000,0,0,0,17000,37000,-20000,-20000
063338,國巨統一9C購11  ,0,0,0,0,0,0,0,0,0,-20000,0,0,0,0,20000,-20000,-20000
063604,群創凱基01購02  ,0,0,0,0,0,0,0,0,0,-20000,0,0,0,0,20000,-20000,-20000
063493,金像電富邦01購01,0,0,0,0,0,0,0,0,0,-20000,0,0,0,26000,46000,-20000,-20000
063522,技嘉凱基9B購03  ,0,0,0,0,0,0,0,0,0,-20000,0,0,0,11000,31000,-20000,-20000
063587,漢唐永豐9B購02  ,0,0,0,0,0,0,0,0,0,-20000,0,0,0,68000,88000,-20000,-20000
063577,台表科元大9C購04,0,0,0,0,0,0,0,0,0,-20000,0,0,0,1000,21000,-20000,-20000
062462,GIS群益9B購01   ,0,0,0,0,0,0,0,0,0,-20000,0,0,0,0,20000,-20000,-20000
062429,A50正2元大9B購01,0,0,0,0,0,0,0,0,0,-20000,0,0,0,0,20000,-20000,-20000
063696,T50反1群益9B購03,0,0,0,0,0,0,0,0,0,-20000,0,0,0,0,20000,-20000,-20000
063099,臺指反群益9B購05,0,0,0,0,0,0,0,0,0,-20000,0,0,0,0,20000,-20000,-20000
06269P,群創凱基98售10  ,0,0,0,0,0,0,0,0,0,-20000,0,0,0,0,20000,-20000,-20000
061512,國巨永豐9A購04  ,0,0,0,0,0,0,0,0,0,-20000,0,0,0,0,20000,-20000,-20000
062592,牧德統一01購01  ,0,0,0,0,0,0,0,0,0,-20000,0,0,0,0,20000,-20000,-20000
062605,上銀凱基9B購03  ,0,0,0,0,0,0,0,0,0,-20000,0,0,0,0,20000,-20000,-20000
062738,可成國票9B購02  ,0,0,0,0,0,0,0,0,0,-20000,0,0,0,0,20000,-20000,-20000
062718,技嘉凱基9B購01  ,0,0,0,0,0,0,0,0,0,-20000,0,0,0,22000,42000,-20000,-20000
062767,GIS凱基9B購02   ,0,0,0,0,0,0,0,0,0,-20000,0,0,0,0,20000,-20000,-20000
062795,國巨統一9B購15  ,0,0,0,0,0,0,0,0,0,-20000,0,0,0,4000,24000,-20000,-20000
062143,大成鋼國票9B購01,0,0,0,0,0,0,0,0,0,-20000,0,0,0,0,20000,-20000,-20000
066727,鴻海元大01購12  ,0,0,0,0,0,0,0,0,0,-20000,0,0,0,0,20000,-20000,-20000
066680,友達兆豐01購02  ,0,0,0,0,0,0,0,0,0,-20000,0,0,0,0,20000,-20000,-20000
066587,台船群益01購01  ,0,0,0,0,0,0,0,0,0,-20000,0,0,0,33000,53000,-20000,-20000
066832,健策群益01購08  ,0,0,0,0,0,0,0,0,0,-20000,0,0,0,0,20000,-20000,-20000
066299,潤泰新元大01購01,0,0,0,0,0,0,0,0,0,-20000,0,0,0,0,20000,-20000,-20000
066542,臺指反元大04購02,0,0,0,0,0,0,0,0,0,-20000,0,0,0,0,20000,-20000,-20000
065883,康友台新9C購01  ,0,0,0,0,0,0,0,0,0,-20000,0,0,0,0,20000,-20000,-20000
065691,國巨群益9C購16  ,0,0,0,0,0,0,0,0,0,-20000,0,0,0,0,20000,-20000,-20000
064747,彩晶國票01購01  ,0,0,0,0,0,0,0,0,0,-20000,0,0,0,11000,31000,-20000,-20000
064681,牧德兆豐01購01  ,0,0,0,0,0,0,0,0,0,-20000,0,0,0,2000,22000,-20000,-20000
064700,致新群益9C購02  ,0,0,0,0,0,0,0,0,0,-20000,0,0,0,80000,100000,-20000,-20000
064722,大立光統一02購03,0,0,0,0,0,0,0,0,0,-20000,0,0,0,200000,220000,-20000,-20000
064447,喬山統一02購01  ,0,0,0,0,0,0,0,0,0,-20000,0,0,0,0,20000,-20000,-20000
06527P,T50正2富邦9C售01,0,0,0,0,0,0,0,0,0,-20000,0,0,0,5000,25000,-20000,-20000
065339,旺宏統一01購08  ,0,0,0,0,0,0,0,0,0,-20000,0,0,0,10000,30000,-20000,-20000
065512,友訊群益01購01  ,0,0,0,0,0,0,0,0,0,-20000,0,0,0,0,20000,-20000,-20000
065072,和大元大9C購03  ,0,0,0,0,0,0,0,0,0,-20000,0,0,0,0,20000,-20000,-20000
065088,可成元大9C購09  ,0,0,0,0,0,0,0,0,0,-20000,0,0,0,3000,23000,-20000,-20000
065166,台達電元大9C購04,0,0,0,0,0,0,0,0,0,-20000,0,0,0,0,20000,-20000,-20000
065245,國泰金兆豐9C購01,0,0,0,0,0,0,0,0,0,-20000,0,0,0,0,20000,-20000,-20000
065182,南電元大9C購05  ,0,0,0,0,0,0,0,0,0,-20000,0,0,0,0,20000,-20000,-20000
065158,和碩群益9C購01  ,0,0,0,0,0,0,0,0,0,-20000,0,0,0,0,20000,-20000,-20000
064912,國巨統一01購09  ,0,0,0,0,0,0,0,0,0,-20000,0,0,0,4000,24000,-20000,-20000
2433,互盛電          ,16000,35000,-19000,0,0,0,0,0,0,-1000,0,1000,-1000,0,0,0,-20000
1446,宏和            ,3000,23000,-20000,0,0,0,0,0,0,0,0,0,0,0,0,0,-20000
1256,鮮活果汁-KY     ,1000,9000,-8000,0,0,0,0,12000,-12000,0,0,0,0,0,0,0,-20000
08971P,臺股指元大01售14,0,0,0,0,0,0,0,0,0,-20000,0,0,0,0,20000,-20000,-20000
1110,東泥            ,0,20000,-20000,0,0,0,0,0,0,0,0,0,0,0,0,0,-20000
2028,威致            ,2000,22000,-20000,0,0,0,0,0,0,0,0,0,0,0,0,0,-20000
1906,寶隆            ,4000,14000,-10000,0,0,0,0,0,0,-10000,0,10000,-10000,0,0,0,-20000
6464,台數科          ,0,7000,-7000,0,0,0,0,0,0,-13000,0,13000,-13000,0,0,0,-20000
4190,佐登-KY         ,13000,36000,-23000,0,0,0,0,0,0,3000,3000,0,3000,0,0,0,-20000
067647,鴻海元富07購09  ,0,0,0,0,0,0,0,0,0,-21000,0,0,0,0,21000,-21000,-21000
067554,聚陽國票02購02  ,0,0,0,0,0,0,0,0,0,-21000,0,0,0,0,21000,-21000,-21000
067885,台積電群益02購02,0,0,0,0,0,0,0,0,0,-21000,0,0,0,0,21000,-21000,-21000
067717,聯電凱基03購01  ,0,0,0,0,0,0,0,0,0,-21000,0,0,0,126000,147000,-21000,-21000
067909,玉晶光國泰03購02,0,0,0,0,0,0,0,0,0,-21000,0,0,0,16000,37000,-21000,-21000
067211,聯發科元大01購19,0,0,0,0,0,0,0,0,0,-21000,0,0,0,238000,259000,-21000,-21000
08623P,健策群益01售04  ,0,0,0,0,0,0,0,0,0,-21000,0,0,0,50000,71000,-21000,-21000
08928P,漢唐元富07售02  ,0,0,0,0,0,0,0,0,0,-21000,0,0,0,60000,81000,-21000,-21000
063157,鴻海台新9B購02  ,0,0,0,0,0,0,0,0,0,-21000,0,0,0,0,21000,-21000,-21000
059762,禾伸堂永豐99購02,0,0,0,0,0,0,0,0,0,-21000,0,0,0,20000,41000,-21000,-21000
058544,FBVIX富邦9B購01 ,0,0,0,0,0,0,0,0,0,-21000,0,0,0,58000,79000,-21000,-21000
058564,元金2X凱基9C購01,0,0,0,0,0,0,0,0,0,-21000,0,0,0,9000,30000,-21000,-21000
059918,華新科元大99購20,0,0,0,0,0,0,0,0,0,-21000,0,0,0,2000,23000,-21000,-21000
056413,上証反中信9A購01,0,0,0,0,0,0,0,0,0,-21000,0,0,0,0,21000,-21000,-21000
03036P,玉晶光國票01售08,0,0,0,0,0,0,0,0,0,-21000,0,0,0,0,21000,-21000,-21000
052766,玉晶光群益9A購01,0,0,0,0,0,0,0,0,0,-21000,0,0,0,0,21000,-21000,-21000
03074P,大立光國泰03售05,0,0,0,0,0,0,0,0,0,-21000,0,0,0,17000,38000,-21000,-21000
056767,大毅元大99購01  ,0,0,0,0,0,0,0,0,0,-21000,0,0,0,0,21000,-21000,-21000
062744,超眾國泰9C購01  ,0,0,0,0,0,0,0,0,0,-21000,0,0,0,0,21000,-21000,-21000
062823,台表科兆豐9B購01,0,0,0,0,0,0,0,0,0,-21000,0,0,0,0,21000,-21000,-21000
063678,友達國泰9C購01  ,0,0,0,0,0,0,0,0,0,-21000,0,0,0,0,21000,-21000,-21000
062314,玉晶光凱基9B購06,0,0,0,0,0,0,0,0,0,-21000,0,0,0,21000,42000,-21000,-21000
062418,台積電統一01購06,0,0,0,0,0,0,0,0,0,-21000,0,0,0,4000,25000,-21000,-21000
060633,玉晶光富邦02購01,0,0,0,0,0,0,0,0,0,-21000,0,0,0,0,21000,-21000,-21000
061071,復盛凱基9A購01  ,0,0,0,0,0,0,0,0,0,-21000,0,0,0,20000,41000,-21000,-21000
061347,創意元大9A購02  ,0,0,0,0,0,0,0,0,0,-21000,0,0,0,0,21000,-21000,-21000
061868,旺宏元大9B購03  ,0,0,0,0,0,0,0,0,0,-21000,0,0,0,28000,49000,-21000,-21000
062026,華邦電群益9B購01,0,0,0,0,0,0,0,0,0,-21000,0,0,0,0,21000,-21000,-21000
063841,國巨元大01購01  ,0,0,0,0,0,0,0,0,0,-21000,0,0,0,1000,22000,-21000,-21000
064073,南電永豐9C購01  ,0,0,0,0,0,0,0,0,0,-21000,0,0,0,10000,31000,-21000,-21000
064109,上銀國票01購01  ,0,0,0,0,0,0,0,0,0,-21000,0,0,0,11000,32000,-21000,-21000
065021,貿聯富邦03購01  ,0,0,0,0,0,0,0,0,0,-21000,0,0,0,0,21000,-21000,-21000
065025,健策永豐9C購02  ,0,0,0,0,0,0,0,0,0,-21000,0,0,0,15000,36000,-21000,-21000
065242,巨大凱基01購02  ,0,0,0,0,0,0,0,0,0,-21000,0,0,0,4000,25000,-21000,-21000
065362,華通元大9C購06  ,0,0,0,0,0,0,0,0,0,-21000,0,0,0,39000,60000,-21000,-21000
065298,健策統一9C購06  ,0,0,0,0,0,0,0,0,0,-21000,0,0,0,20000,41000,-21000,-21000
064363,聯發科統一9C購14,0,0,0,0,0,0,0,0,0,-21000,0,0,0,0,21000,-21000,-21000
065806,貿聯群益9C購05  ,0,0,0,0,0,0,0,0,0,-21000,0,0,0,40000,61000,-21000,-21000
066864,上証2X元富07購02,0,0,0,0,0,0,0,0,0,-21000,0,0,0,0,21000,-21000,-21000
066742,健策元大02購03  ,0,0,0,0,0,0,0,0,0,-21000,0,0,0,85000,106000,-21000,-21000
3376,新日興          ,933000,614000,319000,0,0,0,0,341000,-341000,1000,78000,32000,46000,1000,46000,-45000,-21000
3164,景岳            ,10000,31000,-21000,0,0,0,0,0,0,0,0,0,0,0,0,0,-21000
1603,華電            ,0,21000,-21000,0,0,0,0,0,0,0,0,0,0,0,0,0,-21000
1507,永大            ,18000,37000,-19000,0,0,0,0,0,0,-2000,0,2000,-2000,0,0,0,-21000
2608,嘉里大榮        ,62000,82000,-20000,0,0,0,0,0,0,-1000,0,1000,-1000,0,0,0,-21000
08888P,台積電永豐01售01,0,0,0,0,0,0,0,0,0,-22000,0,0,0,0,22000,-22000,-22000
08665P,鴻海國票02售01  ,0,0,0,0,0,0,0,0,0,-22000,0,0,0,0,22000,-22000,-22000
08358P,大立光元大9C售18,0,0,0,0,0,0,0,0,0,-22000,0,0,0,9000,31000,-22000,-22000
08186P,泰碩永豐9B售03  ,0,0,0,0,0,0,0,0,0,-22000,0,0,0,10000,32000,-22000,-22000
07947P,國巨統一9B售12  ,0,0,0,0,0,0,0,0,0,-22000,0,0,0,0,22000,-22000,-22000
067150,聯發科統一02購05,0,0,0,0,0,0,0,0,0,-22000,0,0,0,113000,135000,-22000,-22000
066985,牧德群益02購02  ,0,0,0,0,0,0,0,0,0,-22000,0,0,0,20000,42000,-22000,-22000
068162,GIS元大02購01   ,0,0,0,0,0,0,0,0,0,-22000,0,0,0,34000,56000,-22000,-22000
053411,深中小國票9B購01,0,0,0,0,0,0,0,0,0,-22000,0,0,0,0,22000,-22000,-22000
01001T,土銀富邦R1      ,0,0,0,0,0,0,0,0,0,-22000,0,22000,-22000,0,0,0,-22000
054819,裕民元大9A購01  ,0,0,0,0,0,0,0,0,0,-22000,0,0,0,98000,120000,-22000,-22000
058088,鴻海元大9A購01  ,0,0,0,0,0,0,0,0,0,-22000,0,0,0,0,22000,-22000,-22000
058374,玉晶光凱基9A購03,0,0,0,0,0,0,0,0,0,-22000,0,0,0,0,22000,-22000,-22000
059765,嘉聯益永豐99購02,0,0,0,0,0,0,0,0,0,-22000,0,0,0,5000,27000,-22000,-22000
058230,國巨元大99購11  ,0,0,0,0,0,0,0,0,0,-22000,0,0,0,0,22000,-22000,-22000
058168,國巨凱基9A購04  ,0,0,0,0,0,0,0,0,0,-22000,0,0,0,0,22000,-22000,-22000
059165,南亞科凱基99購04,0,0,0,0,0,0,0,0,0,-22000,0,0,0,20000,42000,-22000,-22000
059117,禾伸堂永豐99購01,0,0,0,0,0,0,0,0,0,-22000,0,0,0,0,22000,-22000,-22000
063211,道瓊銀國票9B購01,0,0,0,0,0,0,0,0,0,-22000,0,0,0,0,22000,-22000,-22000
063177,友達兆豐9B購01  ,0,0,0,0,0,0,0,0,0,-22000,0,0,0,0,22000,-22000,-22000
063195,訊連元富9B購01  ,0,0,0,0,0,0,0,0,0,-22000,0,0,0,287000,309000,-22000,-22000
057548,微星凱基99購01  ,0,0,0,0,0,0,0,0,0,-22000,0,0,0,12000,34000,-22000,-22000
058970,鴻海永豐99購02  ,0,0,0,0,0,0,0,0,0,-22000,0,0,0,0,22000,-22000,-22000
057837,康控國泰99購02  ,0,0,0,0,0,0,0,0,0,-22000,0,0,0,25000,47000,-22000,-22000
063973,緯穎國票9C購01  ,0,0,0,0,0,0,0,0,0,-22000,0,0,0,36000,58000,-22000,-22000
060583,南亞科元富9A購05,0,0,0,0,0,0,0,0,0,-22000,0,0,0,0,22000,-22000,-22000
060412,儒鴻永豐9A購01  ,0,0,0,0,0,0,0,0,0,-22000,0,0,0,0,22000,-22000,-22000
060376,瑞祺元富9A購01  ,0,0,0,0,0,0,0,0,0,-22000,0,0,0,0,22000,-22000,-22000
062422,億光統一01購01  ,0,0,0,0,0,0,0,0,0,-22000,0,0,0,0,22000,-22000,-22000
063421,可成凱基9C購02  ,0,0,0,0,0,0,0,0,0,-22000,0,0,0,0,22000,-22000,-22000
063628,華通元大9B購09  ,0,0,0,0,0,0,0,0,0,-22000,0,0,0,18000,40000,-22000,-22000
063093,國產國票9B購01  ,0,0,0,0,0,0,0,0,0,-22000,0,0,0,0,22000,-22000,-22000
063128,智伸科元大9B購01,0,0,0,0,0,0,0,0,0,-22000,0,0,0,140000,162000,-22000,-22000
066860,健策國票02購02  ,0,0,0,0,0,0,0,0,0,-22000,0,0,0,0,22000,-22000,-22000
065710,嘉聯益群益9C購02,0,0,0,0,0,0,0,0,0,-22000,0,0,0,0,22000,-22000,-22000
064312,大立光群益01購01,0,0,0,0,0,0,0,0,0,-22000,0,0,0,0,22000,-22000,-22000
064591,臻鼎永豐9C購01  ,0,0,0,0,0,0,0,0,0,-22000,0,0,0,1000,23000,-22000,-22000
065089,大立光元大9C購23,0,0,0,0,0,0,0,0,0,-22000,0,0,0,28000,50000,-22000,-22000
2612,中航            ,1000,23000,-22000,0,0,0,0,0,0,0,0,0,0,0,0,0,-22000
4999,鑫禾            ,12000,34000,-22000,0,0,0,0,0,0,0,0,0,0,0,0,0,-22000
07246P,旺宏凱基99售08  ,0,0,0,0,0,0,0,0,0,-23000,0,0,0,0,23000,-23000,-23000
08396P,鴻海元富9C售04  ,0,0,0,0,0,0,0,0,0,-23000,0,0,0,0,23000,-23000,-23000
08451P,南六統一9C售06  ,10000,0,10000,0,0,0,0,0,0,-33000,0,0,0,30000,63000,-33000,-23000
08711P,鴻海元富07售04  ,0,0,0,0,0,0,0,0,0,-23000,0,0,0,1000,24000,-23000,-23000
057364,國巨元大98購18  ,0,0,0,0,0,0,0,0,0,-23000,0,0,0,50000,73000,-23000,-23000
061443,大立光統一9C購02,0,0,0,0,0,0,0,0,0,-23000,0,0,0,0,23000,-23000,-23000
058150,中502X統一9B購01,0,0,0,0,0,0,0,0,0,-23000,0,0,0,0,23000,-23000,-23000
057936,健策群益99購01  ,0,0,0,0,0,0,0,0,0,-23000,0,0,0,10000,33000,-23000,-23000
056554,GIS凱基99購01   ,0,0,0,0,0,0,0,0,0,-23000,0,0,0,0,23000,-23000,-23000
062635,創意國票9B購01  ,0,0,0,0,0,0,0,0,0,-23000,0,0,0,4000,27000,-23000,-23000
062926,嘉澤國票9B購01  ,0,0,0,0,0,0,0,0,0,-23000,0,0,0,20000,43000,-23000,-23000
063563,國巨元大9C購07  ,0,0,0,0,0,0,0,0,0,-23000,0,0,0,3000,26000,-23000,-23000
062313,聯詠凱基9C購01  ,0,0,0,0,0,0,0,0,0,-23000,0,0,0,0,23000,-23000,-23000
060043,全新群益9B購02  ,0,0,0,0,0,0,0,0,0,-23000,0,0,0,0,23000,-23000,-23000
061235,台積電元大9A購23,0,0,0,0,0,0,0,0,0,-23000,0,0,0,2000,25000,-23000,-23000
063778,亞德客永豐9B購02,0,0,0,0,0,0,0,0,0,-23000,0,0,0,0,23000,-23000,-23000
063766,南茂元富9B購01  ,0,0,0,0,0,0,0,0,0,-23000,0,0,0,27000,50000,-23000,-23000
060307,南港永豐9A購01  ,0,0,0,0,0,0,0,0,0,-23000,0,0,0,0,23000,-23000,-23000
063728,國巨元大9B購21  ,0,0,0,0,0,0,0,0,0,-23000,0,0,0,3000,26000,-23000,-23000
065112,台表科國票02購01,0,0,0,0,0,0,0,0,0,-23000,0,0,0,8000,31000,-23000,-23000
065204,神隆國票01購01  ,0,0,0,0,0,0,0,0,0,-23000,0,0,0,24000,47000,-23000,-23000
064801,鴻海元大9C購13  ,0,0,0,0,0,0,0,0,0,-23000,0,0,0,22000,45000,-23000,-23000
064857,T50反1富邦01購02,0,0,0,0,0,0,0,0,0,-23000,0,0,0,0,23000,-23000,-23000
066204,京鼎統一02購01  ,0,0,0,0,0,0,0,0,0,-23000,0,0,0,35000,58000,-23000,-23000
065948,燿華統一01購02  ,0,0,0,0,0,0,0,0,0,-23000,0,0,0,0,23000,-23000,-23000
066785,台光電麥證01購01,0,0,0,0,23000,-23000,0,0,0,-23000,0,0,0,0,23000,-23000,-23000
066672,瑞祺凱基03購01  ,0,0,0,0,0,0,0,0,0,-23000,0,0,0,12000,35000,-23000,-23000
3057,喬鼎            ,2000,25000,-23000,0,0,0,0,0,0,0,0,0,0,0,0,0,-23000
4545,銘鈺            ,75000,63000,12000,0,0,0,0,0,0,-35000,0,35000,-35000,0,0,0,-23000
9937,全國            ,5000,28000,-23000,0,0,0,0,0,0,0,0,0,0,0,0,0,-23000
1524,耿鼎            ,19000,34000,-15000,0,0,0,0,0,0,-8000,0,8000,-8000,0,0,0,-23000
1219,福壽            ,3000,26000,-23000,0,0,0,0,0,0,0,0,0,0,0,0,0,-23000
08974P,可成群益02售02  ,0,0,0,0,0,0,0,0,0,-23000,0,0,0,43000,66000,-23000,-23000
08347P,大立光元大9C售16,0,0,0,0,0,0,0,0,0,-24000,0,0,0,8000,32000,-24000,-24000
07902P,玉晶光國票01售01,0,0,0,0,0,0,0,0,0,-24000,0,0,0,291000,315000,-24000,-24000
068086,世紀鋼凱基03購02,0,0,0,0,0,0,0,0,0,-24000,0,0,0,15000,39000,-24000,-24000
067710,同欣電元富04購01,0,0,0,0,0,0,0,0,0,-24000,0,0,0,85000,109000,-24000,-24000
067663,神隆元大01購03  ,0,0,0,0,0,0,0,0,0,-24000,0,0,0,0,24000,-24000,-24000
067066,鴻海元大01購15  ,0,0,0,0,0,0,0,0,0,-24000,0,0,0,0,24000,-24000,-24000
067346,巨大凱基02購01  ,0,0,0,0,0,0,0,0,0,-24000,0,0,0,1000,25000,-24000,-24000
054585,禾伸堂國泰99購01,0,0,0,0,0,0,0,0,0,-24000,0,0,0,0,24000,-24000,-24000
020016,統一MSCI美科技N ,0,0,0,0,0,0,0,0,0,-24000,0,0,0,5000,29000,-24000,-24000
059637,大立光凱基01購01,0,0,0,0,0,0,0,0,0,-24000,0,0,0,10000,34000,-24000,-24000
058582,禾伸堂群益99購02,0,0,0,0,0,0,0,0,0,-24000,0,0,0,0,24000,-24000,-24000
058701,鴻海元大99購16  ,0,0,0,0,0,0,0,0,0,-24000,0,0,0,30000,54000,-24000,-24000
060737,瑞儀統一9C購01  ,0,0,0,0,0,0,0,0,0,-24000,0,0,0,0,24000,-24000,-24000
061979,友達元大9C購08  ,0,0,0,0,0,0,0,0,0,-24000,0,0,0,0,24000,-24000,-24000
060416,神隆永豐9A購01  ,0,0,0,0,0,0,0,0,0,-24000,0,0,0,0,24000,-24000,-24000
061776,晶技國票9B購01  ,0,0,0,0,0,0,0,0,0,-24000,0,0,0,6000,30000,-24000,-24000
061720,智邦國泰9C購01  ,0,0,0,0,0,0,0,0,0,-24000,0,0,0,0,24000,-24000,-24000
063224,泰鼎群益9B購02  ,0,0,0,0,0,0,0,0,0,-24000,0,0,0,78000,102000,-24000,-24000
063331,瑞儀國票9C購01  ,0,0,0,0,0,0,0,0,0,-24000,0,0,0,46000,70000,-24000,-24000
062846,國泰金富邦9C購01,0,0,0,0,0,0,0,0,0,-24000,0,0,0,0,24000,-24000,-24000
062972,京元電元富9B購01,0,0,0,0,0,0,0,0,0,-24000,0,0,0,134000,158000,-24000,-24000
062610,啟碁凱基9B購01  ,0,0,0,0,0,0,0,0,0,-24000,0,0,0,21000,45000,-24000,-24000
066777,群創富邦01購01  ,0,0,0,0,0,0,0,0,0,-24000,0,0,0,1000,25000,-24000,-24000
065983,亞德客國泰03購01,0,0,0,0,0,0,0,0,0,-24000,0,0,0,51000,75000,-24000,-24000
064709,瑞祺永豐9C購01  ,0,0,0,0,0,0,0,0,0,-24000,0,0,0,20000,44000,-24000,-24000
065063,玉晶光群益02購04,0,0,0,0,0,0,0,0,0,-24000,0,0,0,61000,85000,-24000,-24000
064955,健策凱基9C購03  ,0,0,0,0,0,0,0,0,0,-24000,0,0,0,14000,38000,-24000,-24000
1817,凱撒衛          ,1000,23000,-22000,0,0,0,0,0,0,-2000,0,2000,-2000,0,0,0,-24000
2546,根基            ,39000,52000,-13000,0,0,0,0,0,0,-11000,0,11000,-11000,0,0,0,-24000
6698,旭暉應材        ,85000,109000,-24000,0,0,0,0,0,0,0,0,0,0,0,0,0,-24000
067333,凌陽凱基02購01  ,0,0,0,0,0,0,0,0,0,-25000,0,0,0,5000,30000,-25000,-25000
067291,可成兆豐01購01  ,0,0,0,0,0,0,0,0,0,-25000,0,0,0,1000,26000,-25000,-25000
067412,玉山金中信07購01,0,0,0,0,0,0,0,0,0,-25000,0,0,0,0,25000,-25000,-25000
067630,大成鋼永豐01購01,0,0,0,0,0,0,0,0,0,-25000,0,0,0,0,25000,-25000,-25000
068220,聯發科統一04購01,0,0,0,0,0,0,0,0,0,-25000,0,0,0,0,25000,-25000,-25000
067937,玉晶光凱基02購04,0,0,0,0,0,0,0,0,0,-25000,0,0,0,497000,522000,-25000,-25000
068045,滬深2X統一03購01,0,0,0,0,0,0,0,0,0,-25000,0,0,0,0,25000,-25000,-25000
07839P,嘉澤元大9A售04  ,0,0,0,0,0,0,0,0,0,-25000,0,0,0,0,25000,-25000,-25000
07626P,台灣50凱基04售07,0,0,0,0,0,0,0,0,0,-25000,0,0,0,0,25000,-25000,-25000
08332P,智邦台新9C售03  ,0,0,0,0,0,0,0,0,0,-25000,0,0,0,60000,85000,-25000,-25000
08372P,大立光凱基01售04,0,0,0,0,0,0,0,0,0,-25000,0,0,0,25000,50000,-25000,-25000
08262P,茂林元大9C售01  ,0,0,0,0,0,0,0,0,0,-25000,0,0,0,10000,35000,-25000,-25000
08430P,友達凱基01售01  ,0,0,0,0,0,0,0,0,0,-25000,0,0,0,40000,65000,-25000,-25000
08876P,台積電中信07售03,0,0,0,0,0,0,0,0,0,-25000,0,0,0,3000,28000,-25000,-25000
08773P,瑞昱凱基01售01  ,0,0,0,0,0,0,0,0,0,-25000,0,0,0,68000,93000,-25000,-25000
059823,奇力新凱基99購07,0,0,0,0,0,0,0,0,0,-25000,0,0,0,0,25000,-25000,-25000
060015,國巨康和99購03  ,0,0,0,0,0,0,0,0,0,-25000,0,0,0,51000,76000,-25000,-25000
058456,京鼎永豐99購01  ,0,0,0,0,0,0,0,0,0,-25000,0,0,0,5000,30000,-25000,-25000
059721,旺宏元大99購16  ,0,0,0,0,0,0,0,0,0,-25000,0,0,0,1000,26000,-25000,-25000
059529,華新科凱基9A購04,0,0,0,0,0,0,0,0,0,-25000,0,0,0,72000,97000,-25000,-25000
059359,精元永豐99購01  ,0,0,0,0,0,0,0,0,0,-25000,0,0,0,5000,30000,-25000,-25000
053449,超眾凱基98購01  ,0,0,0,0,0,0,0,0,0,-25000,0,0,0,15000,40000,-25000,-25000
03029P,玉晶光元大02售05,0,0,0,0,0,0,0,0,0,-25000,0,0,0,0,25000,-25000,-25000
056325,群創兆豐9A購01  ,0,0,0,0,0,0,0,0,0,-25000,0,0,0,0,25000,-25000,-25000
057972,群創富邦9C購01  ,0,0,0,0,0,0,0,0,0,-25000,0,0,0,0,25000,-25000,-25000
058875,台表科國票9A購02,0,0,0,0,0,0,0,0,0,-25000,0,0,0,10000,35000,-25000,-25000
062552,南電永豐9B購01  ,0,0,0,0,0,0,0,0,0,-25000,0,0,0,0,25000,-25000,-25000
062778,國巨元大9B購17  ,0,0,0,0,0,0,0,0,0,-25000,0,0,0,32000,57000,-25000,-25000
062122,國巨統一02購01  ,0,0,0,0,0,0,0,0,0,-25000,0,0,0,9000,34000,-25000,-25000
063045,國巨兆豐9C購02  ,0,0,0,0,0,0,0,0,0,-25000,0,0,0,5000,30000,-25000,-25000
063334,復盛國票9B購01  ,0,0,0,0,0,0,0,0,0,-25000,0,0,0,0,25000,-25000,-25000
06340P,鴻海統一98售06  ,0,0,0,0,0,0,0,0,0,-25000,0,0,0,0,25000,-25000,-25000
063562,國巨元大9C購06  ,0,0,0,0,0,0,0,0,0,-25000,0,0,0,0,25000,-25000,-25000
063464,廣達元大9B購02  ,0,0,0,0,0,0,0,0,0,-25000,0,0,0,74000,99000,-25000,-25000
061754,晶技麥證9B購01  ,0,0,0,20000,47000,-27000,0,0,0,-25000,0,0,0,22000,47000,-25000,-25000
061628,緯穎群益9A購04  ,0,0,0,0,0,0,0,0,0,-25000,0,0,0,20000,45000,-25000,-25000
061633,統一元大9A購01  ,0,0,0,0,0,0,0,0,0,-25000,0,0,0,55000,80000,-25000,-25000
060871,台灣50中信01購03,0,0,0,0,0,0,0,0,0,-25000,0,0,0,0,25000,-25000,-25000
061083,京元電兆豐9A購01,0,0,0,0,0,0,0,0,0,-25000,0,0,0,15000,40000,-25000,-25000
060388,世紀鋼凱基9B購01,0,0,0,0,0,0,0,0,0,-25000,0,0,0,10000,35000,-25000,-25000
060052,宏碁凱基99購01  ,0,0,0,0,0,0,0,0,0,-25000,0,0,0,0,25000,-25000,-25000
060050,鴻海凱基9B購01  ,0,0,0,0,0,0,0,0,0,-25000,0,0,0,0,25000,-25000,-25000
060098,華新科元大99購24,0,0,0,0,0,0,0,0,0,-25000,0,0,0,1000,26000,-25000,-25000
063723,儒鴻元大9B購04  ,0,0,0,0,0,0,0,0,0,-25000,0,0,0,52000,77000,-25000,-25000
065169,華邦電元大9C購03,0,0,0,0,0,0,0,0,0,-25000,0,0,0,113000,138000,-25000,-25000
064789,和大國票01購01  ,0,0,0,0,0,0,0,0,0,-25000,0,0,0,105000,130000,-25000,-25000
064215,康控凱基02購01  ,0,0,0,0,0,0,0,0,0,-25000,0,0,0,0,25000,-25000,-25000
064423,義隆兆豐9C購02  ,0,0,0,0,0,0,0,0,0,-25000,0,0,0,0,25000,-25000,-25000
065967,國巨元大01購07  ,0,0,0,0,0,0,0,0,0,-25000,0,0,0,15000,40000,-25000,-25000
066040,友訊元大01購02  ,0,0,0,0,0,0,0,0,0,-25000,0,0,0,3000,28000,-25000,-25000
066117,茂林兆豐02購01  ,0,0,0,0,0,0,0,0,0,-25000,0,0,0,160000,185000,-25000,-25000
066506,宏達電富邦03購01,0,0,0,0,0,0,0,0,0,-25000,0,0,0,0,25000,-25000,-25000
066360,致茂中信05購01  ,0,0,0,0,0,0,0,0,0,-25000,0,0,0,13000,38000,-25000,-25000
066412,神隆元大01購01  ,0,0,0,0,0,0,0,0,0,-25000,0,0,0,0,25000,-25000,-25000
2227,裕日車          ,20000,44000,-24000,0,0,0,0,1000,-1000,0,0,0,0,0,0,0,-25000
1203,味王            ,7000,32000,-25000,0,0,0,0,0,0,0,0,0,0,0,0,0,-25000
08805P,台積電元富07售04,0,0,0,0,0,0,0,0,0,-26000,0,0,0,290000,316000,-26000,-26000
08624P,力成群益9C售01  ,0,0,0,0,0,0,0,0,0,-26000,0,0,0,0,26000,-26000,-26000
08547P,大立光中信9C售04,0,0,0,0,0,0,0,0,0,-26000,0,0,0,0,26000,-26000,-26000
07692P,玉晶光元大9A售11,0,0,0,0,0,0,0,0,0,-26000,0,0,0,20000,46000,-26000,-26000
07114P,旺宏兆豐9A售01  ,0,0,0,0,0,0,0,0,0,-26000,0,0,0,0,26000,-26000,-26000
067642,貿聯統一01購03  ,0,0,0,0,0,0,0,0,0,-26000,0,0,0,9000,35000,-26000,-26000
067480,可成元大01購07  ,0,0,0,0,0,0,0,0,0,-26000,0,0,0,42000,68000,-26000,-26000
067049,明泰凱基01購01  ,0,0,0,0,0,0,0,0,0,-26000,0,0,0,170000,196000,-26000,-26000
067180,為升凱基02購01  ,0,0,0,0,0,0,0,0,0,-26000,0,0,0,20000,46000,-26000,-26000
057306,玉晶光兆豐99購01,0,0,0,0,0,0,0,0,0,-26000,0,0,0,0,26000,-26000,-26000
055780,禾伸堂凱基99購01,0,0,0,0,0,0,0,0,0,-26000,0,0,0,20000,46000,-26000,-26000
03015X,元展15          ,0,0,0,0,0,0,0,0,0,-26000,0,0,0,0,26000,-26000,-26000
053782,京元電元大98購02,0,0,0,0,0,0,0,0,0,-26000,0,0,0,78000,104000,-26000,-26000
050758,聯發科元富9B購01,0,0,0,0,0,0,0,0,0,-26000,0,0,0,34000,60000,-26000,-26000
059573,健策凱基9A購02  ,0,0,0,0,0,0,0,0,0,-26000,0,0,0,19000,45000,-26000,-26000
057792,群創統一99購01  ,0,0,0,0,0,0,0,0,0,-26000,0,0,0,150000,176000,-26000,-26000
062088,緯穎元大9B購04  ,0,0,0,0,0,0,0,0,0,-26000,0,0,0,32000,58000,-26000,-26000
061987,大立光元大9B購03,0,0,0,0,0,0,0,0,0,-26000,0,0,0,37000,63000,-26000,-26000
064091,台郡凱基01購01  ,0,0,0,0,0,0,0,0,0,-26000,0,0,0,0,26000,-26000,-26000
063524,瑞昱凱基9B購05  ,0,0,0,0,0,0,0,0,0,-26000,0,0,0,9000,35000,-26000,-26000
063396,金像電群益9C購01,0,0,0,0,0,0,0,0,0,-26000,0,0,0,1000,27000,-26000,-26000
062425,可成統一01購01  ,0,0,0,0,0,0,0,0,0,-26000,0,0,0,10000,36000,-26000,-26000
062178,上銀元大9B購03  ,0,0,0,0,0,0,0,0,0,-26000,0,0,0,0,26000,-26000,-26000
064218,南六凱基01購01  ,0,0,0,0,0,0,0,0,0,-26000,0,0,0,0,26000,-26000,-26000
064347,貿聯元大9C購03  ,0,0,0,0,0,0,0,0,0,-26000,0,0,0,5000,31000,-26000,-26000
064813,祥碩元大9C購05  ,0,0,0,0,0,0,0,0,0,-26000,0,0,0,39000,65000,-26000,-26000
064948,致茂凱基01購01  ,0,0,0,0,0,0,0,0,0,-26000,0,0,0,57000,83000,-26000,-26000
065310,華擎國票01購01  ,0,0,0,0,0,0,0,0,0,-26000,0,0,0,48000,74000,-26000,-26000
1459,聯發            ,0,26000,-26000,0,0,0,0,0,0,0,0,0,0,0,0,0,-26000
1454,台富            ,1000,24000,-23000,0,0,0,0,0,0,-3000,0,3000,-3000,0,0,0,-26000
2029,盛餘            ,8000,34000,-26000,0,0,0,0,0,0,0,0,0,0,0,0,0,-26000
2642,宅配通          ,34000,60000,-26000,0,0,0,0,0,0,0,0,0,0,0,0,0,-26000
067171,聯發科麥證01購08,0,0,0,76000,103000,-27000,0,0,0,-27000,0,0,0,76000,103000,-27000,-27000
067143,台灣50統一04購01,0,0,0,0,0,0,0,0,0,-27000,0,0,0,1000,28000,-27000,-27000
067818,玉晶光凱基02購02,0,0,0,0,0,0,0,0,0,-27000,0,0,0,103000,130000,-27000,-27000
07903P,台積電群益9B售03,0,0,0,0,0,0,0,0,0,-27000,0,0,0,140000,167000,-27000,-27000
08128P,聯發科元大9B售22,0,0,0,0,0,0,0,0,0,-27000,0,0,0,0,27000,-27000,-27000
08923P,聯發科統一01售13,0,0,0,0,0,0,0,0,0,-27000,0,0,0,60000,87000,-27000,-27000
060707,台郡富邦9A購01  ,0,0,0,0,0,0,0,0,0,-27000,0,0,0,6000,33000,-27000,-27000
063168,台表科永豐9B購01,0,0,0,0,0,0,0,0,0,-27000,0,0,0,30000,57000,-27000,-27000
057578,可成中信99購01  ,0,0,0,0,0,0,0,0,0,-27000,0,0,0,128000,155000,-27000,-27000
057671,群創元大9B購06  ,0,0,0,0,0,0,0,0,0,-27000,0,0,0,0,27000,-27000,-27000
059453,奇力新永豐99購01,0,0,0,0,0,0,0,0,0,-27000,0,0,0,0,27000,-27000,-27000
058750,緯穎凱基9A購03  ,0,0,0,0,0,0,0,0,0,-27000,0,0,0,28000,55000,-27000,-27000
057296,智原永豐98購01  ,0,0,0,0,0,0,0,0,0,-27000,0,0,0,0,27000,-27000,-27000
062719,微星凱基9B購01  ,0,0,0,0,0,0,0,0,0,-27000,0,0,0,3000,30000,-27000,-27000
062235,億光凱基9B購01  ,0,0,0,0,0,0,0,0,0,-27000,0,0,0,56000,83000,-27000,-27000
063423,聯詠凱基9C購02  ,0,0,0,0,0,0,0,0,0,-27000,0,0,0,0,27000,-27000,-27000
064105,南茂群益9C購01  ,0,0,0,0,0,0,0,0,0,-27000,0,0,0,34000,61000,-27000,-27000
063909,旺宏凱基02購01  ,0,0,0,0,0,0,0,0,0,-27000,0,0,0,33000,60000,-27000,-27000
061892,亞德客永豐9B購01,0,0,0,0,0,0,0,0,0,-27000,0,0,0,3000,30000,-27000,-27000
060601,技嘉凱基9A購02  ,0,0,0,0,0,0,0,0,0,-27000,0,0,0,30000,57000,-27000,-27000
061595,智易永豐9A購02  ,0,0,0,0,0,0,0,0,0,-27000,0,0,0,0,27000,-27000,-27000
064443,同欣電凱基03購01,0,0,0,0,0,0,0,0,0,-27000,0,0,0,1000,28000,-27000,-27000
066328,國揚永豐01購01  ,0,0,0,0,0,0,0,0,0,-27000,0,0,0,0,27000,-27000,-27000
066428,健策元大02購02  ,0,0,0,0,0,0,0,0,0,-27000,0,0,0,65000,92000,-27000,-27000
066844,聯發科元大01購12,0,0,0,0,0,0,0,0,0,-27000,0,0,0,476000,503000,-27000,-27000
066699,台積電群益01購08,0,0,0,0,0,0,0,0,0,-27000,0,0,0,49000,76000,-27000,-27000
065779,台勝科國泰01購02,0,0,0,0,0,0,0,0,0,-27000,0,0,0,49000,76000,-27000,-27000
1558,伸興            ,5000,29000,-24000,0,0,0,0,0,0,-3000,0,3000,-3000,0,0,0,-27000
6668,中揚光          ,128000,158000,-30000,0,0,0,0,0,0,3000,6000,3000,3000,0,0,0,-27000
8996,高力            ,132000,194000,-62000,0,0,0,0,0,0,35000,35000,0,35000,0,0,0,-27000
4555,氣立            ,2000,22000,-20000,0,0,0,0,0,0,-7000,0,7000,-7000,0,0,0,-27000
3266,昇陽            ,2000,23000,-21000,0,0,0,0,0,0,-6000,0,6000,-6000,0,0,0,-27000
08837P,牧德國票03售01  ,0,0,0,0,0,0,0,0,0,-28000,0,0,0,2000,30000,-28000,-28000
08699P,南電元大01售05  ,0,0,0,0,0,0,0,0,0,-28000,0,0,0,0,28000,-28000,-28000
08737P,聯詠凱基01售01  ,0,0,0,0,0,0,0,0,0,-28000,0,0,0,0,28000,-28000,-28000
08409P,臺股指元大9C售15,0,0,0,0,0,0,0,0,0,-28000,0,0,0,22000,50000,-28000,-28000
08467P,長榮航統一9C售01,0,0,0,0,0,0,0,0,0,-28000,0,0,0,0,28000,-28000,-28000
08314P,國巨元大9C售14  ,0,0,0,0,0,0,0,0,0,-28000,0,0,0,0,28000,-28000,-28000
07940P,國巨群益9B售06  ,0,0,0,0,0,0,0,0,0,-28000,0,0,0,59000,87000,-28000,-28000
067699,奇鋐國票02購03  ,0,0,0,0,0,0,0,0,0,-28000,0,0,0,0,28000,-28000,-28000
068240,道瓊銀元大01購05,0,0,0,0,0,0,0,0,0,-28000,0,0,0,0,28000,-28000,-28000
067224,致新元大01購03  ,0,0,0,0,0,0,0,0,0,-28000,0,0,0,40000,68000,-28000,-28000
056124,華通國票98購02  ,0,0,0,0,0,0,0,0,0,-28000,0,0,0,31000,59000,-28000,-28000
03040P,玉晶光國票03售02,0,0,0,0,0,0,0,0,0,-28000,0,0,0,0,28000,-28000,-28000
0053,元大電子        ,1000,1000,0,0,0,0,0,0,0,-28000,0,0,0,0,28000,-28000,-28000
058358,技嘉凱基9A購01  ,0,0,0,0,0,0,0,0,0,-28000,0,0,0,6000,34000,-28000,-28000
057779,禾伸堂群益98購02,0,0,0,0,0,0,0,0,0,-28000,0,0,0,0,28000,-28000,-28000
060637,玉晶光永豐9A購03,0,0,0,0,0,0,0,0,0,-28000,0,0,0,0,28000,-28000,-28000
063765,上銀元富9B購09  ,0,0,0,0,0,0,0,0,0,-28000,0,0,0,0,28000,-28000,-28000
064170,儒鴻元富9C購01  ,0,0,0,0,0,0,0,0,0,-28000,0,0,0,40000,68000,-28000,-28000
062600,可成台新9B購01  ,0,0,0,0,0,0,0,0,0,-28000,0,0,0,2000,30000,-28000,-28000
062741,立積國票9B購02  ,0,0,0,0,0,0,0,0,0,-28000,0,0,0,1000,29000,-28000,-28000
060895,華新科凱基9B購05,0,0,0,0,0,0,0,0,0,-28000,0,0,0,0,28000,-28000,-28000
065939,創意群益01購01  ,0,0,0,0,0,0,0,0,0,-28000,0,0,0,98000,126000,-28000,-28000
066216,南電統一03購01  ,0,0,0,0,0,0,0,0,0,-28000,0,0,0,16000,44000,-28000,-28000
066662,建準凱基02購01  ,0,0,0,0,0,0,0,0,0,-28000,0,0,0,3000,31000,-28000,-28000
066431,台郡元大02購01  ,0,0,0,0,0,0,0,0,0,-28000,0,0,0,45000,73000,-28000,-28000
066335,潤泰全永豐01購01,0,0,0,0,0,0,0,0,0,-28000,0,0,0,32000,60000,-28000,-28000
064402,宏碁凱基01購01  ,0,0,0,0,0,0,0,0,0,-28000,0,0,0,87000,115000,-28000,-28000
064508,力成元大9C購03  ,0,0,0,0,0,0,0,0,0,-28000,0,0,0,10000,38000,-28000,-28000
064669,健策元大01購03  ,0,0,0,0,0,0,0,0,0,-28000,0,0,0,8000,36000,-28000,-28000
064557,鴻海群益9C購04  ,0,0,0,0,0,0,0,0,0,-28000,0,0,0,75000,103000,-28000,-28000
065392,華通群益01購02  ,0,0,0,0,0,0,0,0,0,-28000,0,0,0,3000,31000,-28000,-28000
065227,金像電凱基9C購01,0,0,0,0,0,0,0,0,0,-28000,0,0,0,140000,168000,-28000,-28000
065215,義隆國泰02購02  ,0,0,0,0,0,0,0,0,0,-28000,0,0,0,111000,139000,-28000,-28000
8463,潤泰材          ,8000,33000,-25000,0,0,0,0,0,0,-3000,0,3000,-3000,0,0,0,-28000
1532,勤美            ,45000,73000,-28000,0,0,0,0,0,0,0,0,0,0,0,0,0,-28000
2414,精技            ,85000,113000,-28000,0,0,0,0,0,0,0,0,0,0,0,0,0,-28000
2415,錩新            ,27000,55000,-28000,0,0,0,0,0,0,0,0,0,0,0,0,0,-28000
068055,鎧勝統一02購02  ,0,0,0,0,0,0,0,0,0,-29000,0,0,0,33000,62000,-29000,-29000
07707P,玉山金元大9A售03,0,0,0,0,0,0,0,0,0,-29000,0,0,0,0,29000,-29000,-29000
08190P,宏達電元富9B售04,0,0,0,0,0,0,0,0,0,-29000,0,0,0,40000,69000,-29000,-29000
063155,緯穎元富9B購03  ,0,0,0,0,0,0,0,0,0,-29000,0,0,0,51000,80000,-29000,-29000
060719,瀚宇博永豐9A購01,0,0,0,0,0,0,0,0,0,-29000,0,0,0,41000,70000,-29000,-29000
058318,致茂永豐9A購01  ,0,0,0,0,0,0,0,0,0,-29000,0,0,0,207000,236000,-29000,-29000
058729,國巨永豐99購03  ,0,0,0,0,0,0,0,0,0,-29000,0,0,0,1000,30000,-29000,-29000
059866,國巨凱基99購18  ,0,0,0,0,0,0,0,0,0,-29000,0,0,0,11000,40000,-29000,-29000
058118,瑞昱群益99購01  ,0,0,0,0,0,0,0,0,0,-29000,0,0,0,1000,30000,-29000,-29000
062914,嘉澤元大9B購02  ,0,0,0,0,0,0,0,0,0,-29000,0,0,0,13000,42000,-29000,-29000
062382,燿華國泰9C購01  ,0,0,0,0,0,0,0,0,0,-29000,0,0,0,23000,52000,-29000,-29000
060401,世紀鋼國票9B購01,0,0,0,0,0,0,0,0,0,-29000,0,0,0,221000,250000,-29000,-29000
064605,GIS元富9C購01   ,0,0,0,0,0,0,0,0,0,-29000,0,0,0,135000,164000,-29000,-29000
064485,儒鴻元大01購01  ,0,0,0,0,0,0,0,0,0,-29000,0,0,0,51000,80000,-29000,-29000
066842,卜蜂元大01購01  ,0,0,0,0,0,0,0,0,0,-29000,0,0,0,0,29000,-29000,-29000
066209,聯鈞統一03購01  ,0,0,0,0,0,0,0,0,0,-29000,0,0,0,0,29000,-29000,-29000
1903,士紙            ,37000,66000,-29000,0,0,0,0,0,0,0,0,0,0,0,0,0,-29000
8374,羅昇            ,3000,32000,-29000,0,0,0,0,0,0,0,0,0,0,0,0,0,-29000
08183P,聯發科永豐9B售04,0,0,0,0,0,0,0,0,0,-30000,0,0,0,0,30000,-30000,-30000
08088P,義隆凱基9B售03  ,0,0,0,0,0,0,0,0,0,-30000,0,0,0,0,30000,-30000,-30000
07997P,上銀凱基9B售04  ,0,0,0,0,0,0,0,0,0,-30000,0,0,0,0,30000,-30000,-30000
08033P,台灣50兆豐9C售03,0,0,0,0,0,0,0,0,0,-30000,0,0,0,0,30000,-30000,-30000
07090P,台灣50凱基01售01,0,0,0,0,0,0,0,0,0,-30000,0,0,0,0,30000,-30000,-30000
07067P,旺宏台新99售02  ,0,0,0,0,0,0,0,0,0,-30000,0,0,0,10000,40000,-30000,-30000
06891P,緯穎富邦99售03  ,0,0,0,0,0,0,0,0,0,-30000,0,0,0,0,30000,-30000,-30000
07673P,電子類元大9A售01,0,0,0,0,0,0,0,0,0,-30000,0,0,0,0,30000,-30000,-30000
07466P,亞德客元大9A售02,0,0,0,0,0,0,0,0,0,-30000,0,0,0,20000,50000,-30000,-30000
07389P,臺股指群益9C售08,0,0,0,0,0,0,0,0,0,-30000,0,0,0,0,30000,-30000,-30000
08351P,南六國票01售02  ,0,0,0,0,0,0,0,0,0,-30000,0,0,0,0,30000,-30000,-30000
08294P,台積電元大9C售06,0,0,0,0,0,0,0,0,0,-30000,0,0,0,0,30000,-30000,-30000
08287P,茂林凱基9C售02  ,0,0,0,0,0,0,0,0,0,-30000,0,0,0,70000,100000,-30000,-30000
08410P,臺股指元大9C售16,0,0,0,0,0,0,0,0,0,-30000,0,0,0,52000,82000,-30000,-30000
08534P,玉晶光元富06售02,0,0,0,0,0,0,0,0,0,-30000,0,0,0,223000,253000,-30000,-30000
08634P,大立光元大9C售26,0,0,0,0,0,0,0,0,0,-30000,0,0,0,6000,36000,-30000,-30000
08659P,聯發科統一9C售20,0,0,0,0,0,0,0,0,0,-30000,0,0,0,0,30000,-30000,-30000
08828P,上証2X群益01售05,0,0,0,0,0,0,0,0,0,-30000,0,0,0,0,30000,-30000,-30000
08856P,台灣50國票01售06,0,0,0,0,0,0,0,0,0,-30000,0,0,0,0,30000,-30000,-30000
08859P,奇鋐國票03售01  ,0,0,0,0,0,0,0,0,0,-30000,0,0,0,0,30000,-30000,-30000
068133,鎧勝統一03購01  ,0,0,0,0,0,0,0,0,0,-30000,0,0,0,0,30000,-30000,-30000
068022,聯發科台新01購01,0,0,0,0,0,0,0,0,0,-30000,0,0,0,13000,43000,-30000,-30000
067548,亞德客中信03購01,0,0,0,0,0,0,0,0,0,-30000,0,0,0,0,30000,-30000,-30000
067536,大立光群益01購09,0,0,0,0,0,0,0,0,0,-30000,0,0,0,50000,80000,-30000,-30000
067213,大立光元大01購11,0,0,0,0,0,0,0,0,0,-30000,0,0,0,0,30000,-30000,-30000
06733P,鴻海凱基99售02  ,0,0,0,0,0,0,0,0,0,-30000,0,0,0,0,30000,-30000,-30000
067348,元金2X群益01購01,0,0,0,0,0,0,0,0,0,-30000,0,0,0,0,30000,-30000,-30000
067403,眾達永豐01購03  ,0,0,0,0,0,0,0,0,0,-30000,0,0,0,0,30000,-30000,-30000
06697P,台積電國票99售05,0,0,0,0,0,0,0,0,0,-30000,0,0,0,0,30000,-30000,-30000
054532,強茂國泰98購01  ,0,0,0,0,0,0,0,0,0,-30000,0,0,0,0,30000,-30000,-30000
056156,禾伸堂凱基98購04,0,0,0,0,0,0,0,0,0,-30000,0,0,0,0,30000,-30000,-30000
056012,勤誠中信99購01  ,0,0,0,0,0,0,0,0,0,-30000,0,0,0,0,30000,-30000,-30000
056460,同欣電凱基99購01,0,0,0,0,0,0,0,0,0,-30000,0,0,0,40000,70000,-30000,-30000
055874,中環元富9A購01  ,0,0,0,0,0,0,0,0,0,-30000,0,0,0,70000,100000,-30000,-30000
054892,彩晶統一99購01  ,0,0,0,0,0,0,0,0,0,-30000,0,0,0,20000,50000,-30000,-30000
051431,群創元富99購02  ,0,0,0,0,0,0,0,0,0,-30000,0,0,0,0,30000,-30000,-30000
051887,上証2X元富98購01,0,0,0,0,0,0,0,0,0,-30000,0,0,0,0,30000,-30000,-30000
00713,元大台灣高息低波,4000,5000,-1000,0,0,0,0,0,0,-29000,0,0,0,0,29000,-29000,-30000
053282,彩晶元大9C購01  ,0,0,0,0,0,0,0,0,0,-30000,0,0,0,23000,53000,-30000,-30000
053361,友達元富99購01  ,0,0,0,0,0,0,0,0,0,-30000,0,0,0,0,30000,-30000,-30000
053798,台積電中信98購02,0,0,0,0,0,0,0,0,0,-30000,0,0,0,15000,45000,-30000,-30000
056857,國巨群益99購02  ,0,0,0,0,0,0,0,0,0,-30000,0,0,0,0,30000,-30000,-30000
058338,康友元富99購01  ,0,0,0,0,0,0,0,0,0,-30000,0,0,0,0,30000,-30000,-30000
058351,上銀凱基9A購02  ,0,0,0,0,0,0,0,0,0,-30000,0,0,0,0,30000,-30000,-30000
058287,國巨國票9A購02  ,0,0,0,0,0,0,0,0,0,-30000,0,0,0,675000,705000,-30000,-30000
058510,全新元大9B購02  ,0,0,0,0,0,0,0,0,0,-30000,0,0,0,0,30000,-30000,-30000
059515,牧德永豐99購01  ,0,0,0,0,0,0,0,0,0,-30000,0,0,0,0,30000,-30000,-30000
061392,泰鼎群益9A購02  ,0,0,0,0,0,0,0,0,0,-30000,0,0,0,0,30000,-30000,-30000
061425,華新科元大9A購19,0,0,0,0,0,0,0,0,0,-30000,0,0,0,27000,57000,-30000,-30000
061456,玉晶光凱基9B購05,0,0,0,0,0,0,0,0,0,-30000,0,0,0,1000,31000,-30000,-30000
058934,台灣50中信03購03,0,0,0,0,0,0,0,0,0,-30000,0,0,0,0,30000,-30000,-30000
057887,智原群益98購04  ,0,0,0,0,0,0,0,0,0,-30000,0,0,0,0,30000,-30000,-30000
057596,聯茂兆豐99購01  ,0,0,0,0,0,0,0,0,0,-30000,0,0,0,0,30000,-30000,-30000
061644,健策元大9C購02  ,0,0,0,0,0,0,0,0,0,-30000,0,0,0,27000,57000,-30000,-30000
064090,祥碩凱基9C購03  ,0,0,0,0,0,0,0,0,0,-30000,0,0,0,0,30000,-30000,-30000
063965,漢唐國票01購01  ,0,0,0,0,0,0,0,0,0,-30000,0,0,0,0,30000,-30000,-30000
064028,大毅元大01購01  ,0,0,0,0,0,0,0,0,0,-30000,0,0,0,36000,66000,-30000,-30000
064039,亞德客統一02購01,0,0,0,0,0,0,0,0,0,-30000,0,0,0,30000,60000,-30000,-30000
060249,正文元大9C購01  ,0,0,0,0,0,0,0,0,0,-30000,0,0,0,0,30000,-30000,-30000
060203,緯穎元富9A購01  ,0,0,0,0,0,0,0,0,0,-30000,0,0,0,50000,80000,-30000,-30000
062315,健策凱基9C購01  ,0,0,0,0,0,0,0,0,0,-30000,0,0,0,4000,34000,-30000,-30000
062471,國泰金凱基9B購02,0,0,0,0,0,0,0,0,0,-30000,0,0,0,0,30000,-30000,-30000
062546,新日興永豐9B購01,0,0,0,0,0,0,0,0,0,-30000,0,0,0,0,30000,-30000,-30000
063426,茂林凱基9B購03  ,0,0,0,0,0,0,0,0,0,-30000,0,0,0,0,30000,-30000,-30000
063649,南六元大9C購02  ,0,0,0,0,0,0,0,0,0,-30000,0,0,0,143000,173000,-30000,-30000
063409,GIS國票9C購02   ,0,0,0,0,0,0,0,0,0,-30000,0,0,0,10000,40000,-30000,-30000
063571,TPK元大9B購03   ,0,0,0,0,0,0,0,0,0,-30000,0,0,0,0,30000,-30000,-30000
060904,臺指反元大9C購07,0,0,0,0,0,0,0,0,0,-30000,0,0,0,0,30000,-30000,-30000
062774,儒鴻元大9C購01  ,0,0,0,0,0,0,0,0,0,-30000,0,0,0,2000,32000,-30000,-30000
062138,力成群益9B購01  ,0,0,0,0,0,0,0,0,0,-30000,0,0,0,97000,127000,-30000,-30000
066152,大立光麥證01購03,0,0,0,0,30000,-30000,0,0,0,-30000,0,0,0,0,30000,-30000,-30000
066021,華通群益02購03  ,0,0,0,0,0,0,0,0,0,-30000,0,0,0,55000,85000,-30000,-30000
065911,超眾永豐9C購01  ,0,0,0,0,0,0,0,0,0,-30000,0,0,0,0,30000,-30000,-30000
065891,聯發科統一02購03,0,0,0,0,0,0,0,0,0,-30000,0,0,0,57000,87000,-30000,-30000
065655,緯穎元大9C購05  ,0,0,0,0,0,0,0,0,0,-30000,0,0,0,20000,50000,-30000,-30000
066359,潤泰新永豐01購01,0,0,0,0,0,0,0,0,0,-30000,0,0,0,0,30000,-30000,-30000
066457,可成統一02購01  ,0,0,0,0,0,0,0,0,0,-30000,0,0,0,0,30000,-30000,-30000
064492,技嘉元大9C購01  ,0,0,0,0,0,0,0,0,0,-30000,0,0,0,10000,40000,-30000,-30000
064490,金像電元大9C購02,0,0,0,0,0,0,0,0,0,-30000,0,0,0,128000,158000,-30000,-30000
064265,嘉聯益永豐9C購02,0,0,0,0,0,0,0,0,0,-30000,0,0,0,0,30000,-30000,-30000
064628,南六元大9C購05  ,0,0,0,0,0,0,0,0,0,-30000,0,0,0,57000,87000,-30000,-30000
064679,晶技兆豐9C購01  ,0,0,0,0,0,0,0,0,0,-30000,0,0,0,2000,32000,-30000,-30000
064884,台表科第一9C購01,0,0,0,0,0,0,0,0,0,-30000,0,0,0,0,30000,-30000,-30000
065100,聯茂元大9C購04  ,0,0,0,0,0,0,0,0,0,-30000,0,0,0,41000,71000,-30000,-30000
065350,華擎統一01購04  ,0,0,0,0,0,0,0,0,0,-30000,0,0,0,0,30000,-30000,-30000
065316,大成鋼凱基9C購01,0,0,0,0,0,0,0,0,0,-30000,0,0,0,0,30000,-30000,-30000
065509,上銀群益9C購04  ,0,0,0,0,0,0,0,0,0,-30000,0,0,0,30000,60000,-30000,-30000
065571,神基群益01購01  ,0,0,0,0,0,0,0,0,0,-30000,0,0,0,0,30000,-30000,-30000
6184,大豐電          ,5000,35000,-30000,0,0,0,0,0,0,0,0,0,0,0,0,0,-30000
2007,燁興            ,0,30000,-30000,0,0,0,0,0,0,0,0,0,0,0,0,0,-30000
1568,倉佑            ,0,29000,-29000,0,0,0,0,0,0,-1000,0,1000,-1000,0,0,0,-30000
08987P,臻鼎元富07售02  ,0,0,0,0,0,0,0,0,0,-30000,0,0,0,0,30000,-30000,-30000
08949P,臺股指國票01售06,0,0,0,0,0,0,0,0,0,-30000,0,0,0,0,30000,-30000,-30000
067343,嘉澤凱基01購01  ,0,0,0,0,0,0,0,0,0,-31000,0,0,0,0,31000,-31000,-31000
067330,台達電凱基02購01,0,0,0,0,0,0,0,0,0,-31000,0,0,0,50000,81000,-31000,-31000
067713,聚陽凱基01購02  ,0,0,0,0,0,0,0,0,0,-31000,0,0,0,0,31000,-31000,-31000
08302P,長榮航國泰02售01,0,0,0,0,0,0,0,0,0,-31000,0,0,0,5000,36000,-31000,-31000
08371P,京元電凱基9C售01,0,0,0,0,0,0,0,0,0,-31000,0,0,0,40000,71000,-31000,-31000
062052,華通統一01購01  ,0,0,0,0,0,0,0,0,0,-31000,0,0,0,12000,43000,-31000,-31000
063194,華新科台新9B購01,0,0,0,0,0,0,0,0,0,-31000,0,0,0,0,31000,-31000,-31000
057963,緯穎元大98購08  ,0,0,0,0,0,0,0,0,0,-31000,0,0,0,69000,100000,-31000,-31000
058863,可成凱基99購02  ,0,0,0,0,0,0,0,0,0,-31000,0,0,0,73000,104000,-31000,-31000
063484,達方元大9B購01  ,0,0,0,0,0,0,0,0,0,-31000,0,0,0,50000,81000,-31000,-31000
061679,健策元大9B購04  ,0,0,0,0,0,0,0,0,0,-31000,0,0,0,17000,48000,-31000,-31000
061940,世紀鋼國票9C購01,0,0,0,0,0,0,0,0,0,-31000,0,0,0,45000,76000,-31000,-31000
060984,南亞科元大9A購07,0,0,0,0,0,0,0,0,0,-31000,0,0,0,0,31000,-31000,-31000
064866,義隆永豐9C購02  ,0,0,0,0,0,0,0,0,0,-31000,0,0,0,61000,92000,-31000,-31000
065950,正崴統一03購01  ,0,0,0,0,0,0,0,0,0,-31000,0,0,0,0,31000,-31000,-31000
1225,福懋油          ,2000,33000,-31000,0,0,0,0,0,0,0,0,0,0,0,0,0,-31000
6215,和椿            ,28000,59000,-31000,0,0,0,0,0,0,0,0,0,0,0,0,0,-31000
8103,瀚荃            ,224000,255000,-31000,0,0,0,0,0,0,0,0,0,0,0,0,0,-31000
8033,雷虎            ,6000,37000,-31000,0,0,0,0,0,0,0,0,0,0,0,0,0,-31000
912000,晨訊科-DR       ,0,31000,-31000,0,0,0,0,0,0,0,0,0,0,0,0,0,-31000
08445P,臺股指麥證9C售03,0,0,0,0,32000,-32000,0,0,0,-32000,0,0,0,0,32000,-32000,-32000
08780P,聯發科群益02售06,0,0,0,0,0,0,0,0,0,-32000,0,0,0,18000,50000,-32000,-32000
068011,台表科元大01購05,0,0,0,0,0,0,0,0,0,-32000,0,0,0,37000,69000,-32000,-32000
068075,欣興凱基01購04  ,0,0,0,0,0,0,0,0,0,-32000,0,0,0,0,32000,-32000,-32000
067371,聯發科統一02購08,0,0,0,0,0,0,0,0,0,-32000,0,0,0,375000,407000,-32000,-32000
067516,美利達統一03購04,0,0,0,0,0,0,0,0,0,-32000,0,0,0,39000,71000,-32000,-32000
058877,T50反1國泰9B購01,0,0,0,0,0,0,0,0,0,-32000,0,0,0,58000,90000,-32000,-32000
054640,健策中信9B購01  ,0,0,0,0,0,0,0,0,0,-32000,0,0,0,65000,97000,-32000,-32000
061468,神達群益9A購01  ,0,0,0,0,0,0,0,0,0,-32000,0,0,0,0,32000,-32000,-32000
058201,華通凱基9A購01  ,0,0,0,0,0,0,0,0,0,-32000,0,0,0,10000,42000,-32000,-32000
059120,致伸永豐99購01  ,0,0,0,0,0,0,0,0,0,-32000,0,0,0,0,32000,-32000,-32000
060424,中租永豐9A購01  ,0,0,0,0,0,0,0,0,0,-32000,0,0,0,34000,66000,-32000,-32000
061876,明泰元大9B購01  ,0,0,0,0,0,0,0,0,0,-32000,0,0,0,55000,87000,-32000,-32000
061093,華新科統一9B購03,0,0,0,0,0,0,0,0,0,-32000,0,0,0,0,32000,-32000,-32000
063915,祥碩凱基01購01  ,0,0,0,0,0,0,0,0,0,-32000,0,0,0,55000,87000,-32000,-32000
063574,茂林元大9B購07  ,0,0,0,0,0,0,0,0,0,-32000,0,0,0,5000,37000,-32000,-32000
063561,上銀元大9B購08  ,0,0,0,0,0,0,0,0,0,-32000,0,0,0,0,32000,-32000,-32000
063232,裕隆元大9B購01  ,0,0,0,0,0,0,0,0,0,-32000,0,0,0,0,32000,-32000,-32000
063401,中租群益9B購03  ,0,0,0,0,0,0,0,0,0,-32000,0,0,0,0,32000,-32000,-32000
063627,上銀元大9B購09  ,0,0,0,0,0,0,0,0,0,-32000,0,0,0,68000,100000,-32000,-32000
065857,嘉聯益元大9C購03,0,0,0,0,0,0,0,0,0,-32000,0,0,0,0,32000,-32000,-32000
066863,上証2X元富07購01,0,0,0,0,0,0,0,0,0,-32000,0,0,0,0,32000,-32000,-32000
066702,開發金群益03購01,0,0,0,0,0,0,0,0,0,-32000,0,0,0,0,32000,-32000,-32000
066641,台郡凱基03購01  ,0,0,0,0,0,0,0,0,0,-32000,0,0,0,49000,81000,-32000,-32000
064467,南亞科元富9C購02,0,0,0,0,0,0,0,0,0,-32000,0,0,0,18000,50000,-32000,-32000
065492,台灣50富邦03購02,0,0,0,0,0,0,0,0,0,-32000,0,0,0,74000,106000,-32000,-32000
065293,玉晶光群益01購07,0,0,0,0,0,0,0,0,0,-32000,0,0,0,73000,105000,-32000,-32000
065393,旺宏群益9C購04  ,0,0,0,0,0,0,0,0,0,-32000,0,0,0,5000,37000,-32000,-32000
065184,和大統一02購04  ,0,0,0,0,0,0,0,0,0,-32000,0,0,0,68000,100000,-32000,-32000
065210,健策國票01購03  ,0,0,0,0,0,0,0,0,0,-32000,0,0,0,2000,34000,-32000,-32000
065004,瑞昱國票01購02  ,0,0,0,0,0,0,0,0,0,-32000,0,0,0,0,32000,-32000,-32000
8480,泰昇-KY         ,1000,33000,-32000,0,0,0,0,0,0,0,0,0,0,0,0,0,-32000
9943,好樂迪          ,33000,65000,-32000,0,0,0,0,0,0,0,0,0,0,0,0,0,-32000
4912,聯德控股-KY     ,55000,86000,-31000,0,0,0,0,0,0,-1000,0,1000,-1000,0,0,0,-32000
5525,順天            ,0,27000,-27000,0,0,0,0,0,0,-5000,0,5000,-5000,0,0,0,-32000
3050,鈺德            ,5000,37000,-32000,0,0,0,0,0,0,0,0,0,0,0,0,0,-32000
08963P,牧德凱基01售02  ,0,0,0,0,0,0,0,0,0,-32000,0,0,0,0,32000,-32000,-32000
067162,康控國票02購01  ,0,0,0,0,0,0,0,0,0,-33000,0,0,0,2000,35000,-33000,-33000
068216,國巨台新01購01  ,0,0,0,0,0,0,0,0,0,-33000,0,0,0,0,33000,-33000,-33000
068023,聚陽元富07購01  ,0,0,0,0,0,0,0,0,0,-33000,0,0,0,30000,63000,-33000,-33000
068046,台積電統一03購05,0,0,0,0,0,0,0,0,0,-33000,0,0,0,21000,54000,-33000,-33000
067886,台積電群益02購03,0,0,0,0,0,0,0,0,0,-33000,0,0,0,2000,35000,-33000,-33000
057662,上銀元大9A購01  ,0,0,0,0,0,0,0,0,0,-33000,0,0,0,60000,93000,-33000,-33000
058929,可成統一9C購01  ,0,0,0,0,0,0,0,0,0,-33000,0,0,0,66000,99000,-33000,-33000
057794,T50反1兆豐99購02,0,0,0,0,0,0,0,0,0,-33000,0,0,0,0,33000,-33000,-33000
054791,泰碩群益99購02  ,0,0,0,0,0,0,0,0,0,-33000,0,0,0,0,33000,-33000,-33000
059954,華新科康和99購01,0,0,0,0,0,0,0,0,0,-33000,0,0,0,37000,70000,-33000,-33000
058055,華擎統一9A購01  ,0,0,0,0,0,0,0,0,0,-33000,0,0,0,1000,34000,-33000,-33000
063647,超眾元大9B購02  ,0,0,0,0,0,0,0,0,0,-33000,0,0,0,66000,99000,-33000,-33000
063450,華新科統一02購01,0,0,0,0,0,0,0,0,0,-33000,0,0,0,95000,128000,-33000,-33000
063921,大立光元富9C購03,0,0,0,0,0,0,0,0,0,-33000,0,0,0,0,33000,-33000,-33000
061967,旺宏統一01購04  ,0,0,0,0,0,0,0,0,0,-33000,0,0,0,10000,43000,-33000,-33000
066570,力成元大02購01  ,0,0,0,0,0,0,0,0,0,-33000,0,0,0,115000,148000,-33000,-33000
066825,智邦群益01購03  ,0,0,0,0,0,0,0,0,0,-33000,0,0,0,0,33000,-33000,-33000
066745,瀚宇博元大01購01,0,0,0,0,0,0,0,0,0,-33000,0,0,0,28000,61000,-33000,-33000
065762,台表科元大9C購13,0,0,0,0,0,0,0,0,0,-33000,0,0,0,174000,207000,-33000,-33000
066232,聯強富邦03購01  ,0,0,0,0,0,0,0,0,0,-33000,0,0,0,10000,43000,-33000,-33000
2597,潤弘            ,7000,40000,-33000,0,0,0,0,0,0,0,0,0,0,0,0,0,-33000
4552,力達-KY         ,25000,58000,-33000,0,0,0,0,0,0,0,0,0,0,0,0,0,-33000
8104,錸寶            ,63000,95000,-32000,0,0,0,0,0,0,-1000,0,1000,-1000,0,0,0,-33000
8422,可寧衛          ,38000,74000,-36000,0,0,0,2000,0,2000,1000,2000,1000,1000,0,0,0,-33000
067601,金像電凱基01購04,0,0,0,0,0,0,0,0,0,-34000,0,0,0,46000,80000,-34000,-34000
08811P,鴻海群益01售08  ,0,0,0,0,0,0,0,0,0,-34000,0,0,0,0,34000,-34000,-34000
08860P,鴻海統一01售06  ,0,0,0,0,0,0,0,0,0,-34000,0,0,0,0,34000,-34000,-34000
08734P,創意康和01售02  ,0,0,0,0,0,0,0,0,0,-34000,0,0,0,20000,54000,-34000,-34000
08752P,長榮航群益01售01,0,0,0,0,0,0,0,0,0,-34000,0,0,0,0,34000,-34000,-34000
08207P,金像電群益9B售05,0,0,0,0,0,0,0,0,0,-34000,0,0,0,26000,60000,-34000,-34000
07978P,茂林群益9B售02  ,0,0,0,0,0,0,0,0,0,-34000,0,0,0,20000,54000,-34000,-34000
055623,貿聯國泰99購01  ,0,0,0,0,0,0,0,0,0,-34000,0,0,0,0,34000,-34000,-34000
03064P,台灣50群益01售14,0,0,0,0,0,0,0,0,0,-34000,0,0,0,2000,36000,-34000,-34000
064180,國巨富邦02購03  ,0,0,0,0,0,0,0,0,0,-34000,0,0,0,238000,272000,-34000,-34000
061782,智邦群益9B購01  ,0,0,0,0,0,0,0,0,0,-34000,0,0,0,0,34000,-34000,-34000
062727,華擎凱基9B購03  ,0,0,0,0,0,0,0,0,0,-34000,0,0,0,0,34000,-34000,-34000
061536,華擎統一9C購02  ,0,0,0,0,0,0,0,0,0,-34000,0,0,0,0,34000,-34000,-34000
060929,健策永豐9A購01  ,0,0,0,0,0,0,0,0,0,-34000,0,0,0,2000,36000,-34000,-34000
066237,京鼎富邦04購01  ,140000,0,140000,0,0,0,0,0,0,-174000,0,0,0,50000,224000,-174000,-34000
065664,矽格永豐9C購01  ,0,0,0,0,0,0,0,0,0,-34000,0,0,0,6000,40000,-34000,-34000
065693,國巨群益9C購18  ,0,0,0,0,0,0,0,0,0,-34000,0,0,0,40000,74000,-34000,-34000
065873,信邦群益02購01  ,0,0,0,0,0,0,0,0,0,-34000,0,0,0,20000,54000,-34000,-34000
065906,瑞昱永豐9C購01  ,0,0,0,0,0,0,0,0,0,-34000,0,0,0,0,34000,-34000,-34000
066639,彩晶凱基05購01  ,0,0,0,0,0,0,0,0,0,-34000,0,0,0,41000,75000,-34000,-34000
065096,世芯元大9C購03  ,0,0,0,0,0,0,0,0,0,-34000,0,0,0,36000,70000,-34000,-34000
065370,瑞昱元大9C購02  ,0,0,0,0,0,0,0,0,0,-34000,0,0,0,25000,59000,-34000,-34000
065331,亞德客國票01購01,0,0,0,0,0,0,0,0,0,-34000,0,0,0,0,34000,-34000,-34000
065546,景碩兆豐01購01  ,0,0,0,0,0,0,0,0,0,-34000,0,0,0,61000,95000,-34000,-34000
064348,TPK元大9C購03   ,0,0,0,0,0,0,0,0,0,-34000,0,0,0,8000,42000,-34000,-34000
2012,春雨            ,0,31000,-31000,0,0,0,0,0,0,-3000,0,3000,-3000,0,0,0,-34000
07999P,台達電凱基9B售02,0,0,0,0,0,0,0,0,0,-35000,0,0,0,0,35000,-35000,-35000
08157P,大立光元富9B售06,0,0,0,0,0,0,0,0,0,-35000,0,0,0,5000,40000,-35000,-35000
07687P,上銀元大9A售06  ,0,0,0,0,0,0,0,0,0,-35000,0,0,0,0,35000,-35000,-35000
08691P,鎧勝中信05售02  ,0,0,0,0,0,0,0,0,0,-35000,0,0,0,10000,45000,-35000,-35000
08628P,微星中信9C售01  ,0,0,0,0,0,0,0,0,0,-35000,0,0,0,200000,235000,-35000,-35000
08885P,台積電國泰03售02,0,0,0,0,0,0,0,0,0,-35000,0,0,0,0,35000,-35000,-35000
067562,牧德國票02購01  ,0,0,0,0,0,0,0,0,0,-35000,0,0,0,0,35000,-35000,-35000
067690,惠特元大01購04  ,0,0,0,0,0,0,0,0,0,-35000,0,0,0,13000,48000,-35000,-35000
067862,泰豐元大01購02  ,0,0,0,0,0,0,0,0,0,-35000,0,0,0,102000,137000,-35000,-35000
066934,宏達電國票02購01,0,0,0,0,0,0,0,0,0,-35000,0,0,0,0,35000,-35000,-35000
056386,TPK國泰99購01   ,0,0,0,0,0,0,0,0,0,-35000,0,0,0,40000,75000,-35000,-35000
058852,貿聯群益99購04  ,0,0,0,0,0,0,0,0,0,-35000,0,0,0,0,35000,-35000,-35000
058967,可成麥證99購01  ,0,0,0,12000,47000,-35000,0,0,0,-35000,0,0,0,12000,47000,-35000,-35000
062037,華新凱基9B購01  ,0,0,0,0,0,0,0,0,0,-35000,0,0,0,0,35000,-35000,-35000
058192,訊芯永豐99購01  ,0,0,0,0,0,0,0,0,0,-35000,0,0,0,0,35000,-35000,-35000
058676,聯茂群益99購01  ,0,0,0,0,0,0,0,0,0,-35000,0,0,0,71000,106000,-35000,-35000
062638,茂林國票9C購01  ,0,0,0,0,0,0,0,0,0,-35000,0,0,0,0,35000,-35000,-35000
062639,臻鼎國票9C購01  ,0,0,0,0,0,0,0,0,0,-35000,0,0,0,0,35000,-35000,-35000
061572,奇力新元大9A購04,0,0,0,0,0,0,0,0,0,-35000,0,0,0,46000,81000,-35000,-35000
062259,可成元大9B購03  ,0,0,0,0,0,0,0,0,0,-35000,0,0,0,61000,96000,-35000,-35000
062145,億光國票9B購01  ,0,0,0,0,0,0,0,0,0,-35000,0,0,0,43000,78000,-35000,-35000
062195,聚陽中信9C購01  ,0,0,0,0,0,0,0,0,0,-35000,0,0,0,22000,57000,-35000,-35000
063465,友達元大9C購10  ,0,0,0,0,0,0,0,0,0,-35000,0,0,0,0,35000,-35000,-35000
063347,祥碩統一01購03  ,0,0,0,0,0,0,0,0,0,-35000,0,0,0,201000,236000,-35000,-35000
061656,華新科國票9A購08,0,0,0,0,0,0,0,0,0,-35000,0,0,0,0,35000,-35000,-35000
061583,矽創元大9A購01  ,0,0,0,0,0,0,0,0,0,-35000,0,0,0,50000,85000,-35000,-35000
060811,亞德客凱基9A購02,0,0,0,0,0,0,0,0,0,-35000,0,0,0,0,35000,-35000,-35000
061949,大立光群益9B購03,0,0,0,0,0,0,0,0,0,-35000,0,0,0,0,35000,-35000,-35000
062027,國泰金群益9B購01,0,0,0,0,0,0,0,0,0,-35000,0,0,0,0,35000,-35000,-35000
063753,矽創國票9C購01  ,0,0,0,0,0,0,0,0,0,-35000,0,0,0,0,35000,-35000,-35000
064228,同欣電國票01購01,0,0,0,0,0,0,0,0,0,-35000,0,0,0,5000,40000,-35000,-35000
064704,嘉晶國泰01購01  ,0,0,0,0,0,0,0,0,0,-35000,0,0,0,23000,58000,-35000,-35000
065585,聯發科富邦03購02,0,0,0,0,0,0,0,0,0,-35000,0,0,0,435000,470000,-35000,-35000
064983,力成元大9C購04  ,0,0,0,0,0,0,0,0,0,-35000,0,0,0,5000,40000,-35000,-35000
064975,南亞科元大9C購07,0,0,0,0,0,0,0,0,0,-35000,0,0,0,0,35000,-35000,-35000
066861,致新國票02購01  ,0,0,0,0,0,0,0,0,0,-35000,0,0,0,0,35000,-35000,-35000
066309,永光永豐01購01  ,0,0,0,0,0,0,0,0,0,-35000,0,0,0,0,35000,-35000,-35000
06564P,國巨富邦9A售04  ,0,0,0,0,0,0,0,0,0,-35000,0,0,0,20000,55000,-35000,-35000
066207,聯鈞統一01購02  ,0,0,0,0,0,0,0,0,0,-35000,0,0,0,40000,75000,-35000,-35000
08976P,臺股指群益01售10,0,0,0,0,0,0,0,0,0,-35000,0,0,0,44000,79000,-35000,-35000
1109,信大            ,7000,42000,-35000,0,0,0,0,0,0,0,0,0,0,0,0,0,-35000
1201,味全            ,250000,285000,-35000,0,0,0,0,0,0,0,0,0,0,0,0,0,-35000
2539,櫻花建          ,40000,75000,-35000,0,0,0,0,0,0,0,0,0,0,0,0,0,-35000
2239,英利-KY         ,11000,46000,-35000,0,0,0,0,0,0,0,0,0,0,0,0,0,-35000
4739,康普            ,61000,96000,-35000,0,0,0,0,0,0,0,0,0,0,0,0,0,-35000
6192,巨路            ,46000,80000,-34000,0,0,0,0,0,0,-1000,0,1000,-1000,0,0,0,-35000
06721P,臺股指中信9A售03,0,0,0,0,0,0,0,0,0,-36000,0,0,0,199000,235000,-36000,-36000
067969,玉晶光群益02購19,0,0,0,0,0,0,0,0,0,-36000,0,0,0,10000,46000,-36000,-36000
068105,GIS永豐01購01   ,0,0,0,0,0,0,0,0,0,-36000,0,0,0,2000,38000,-36000,-36000
08842P,京鼎凱基01售03  ,0,0,0,0,0,0,0,0,0,-36000,0,0,0,94000,130000,-36000,-36000
08629P,緯創凱基9C售02  ,0,0,0,0,0,0,0,0,0,-36000,0,0,0,50000,86000,-36000,-36000
08275P,南亞科元富9C售01,0,0,0,0,0,0,0,0,0,-36000,0,0,0,101000,137000,-36000,-36000
07510P,台灣50元富04售02,0,0,0,0,0,0,0,0,0,-36000,0,0,0,0,36000,-36000,-36000
08066P,南亞科凱基9B售04,0,0,0,0,0,0,0,0,0,-36000,0,0,0,0,36000,-36000,-36000
059995,南亞科元富99購01,0,0,0,0,0,0,0,0,0,-36000,0,0,0,10000,46000,-36000,-36000
059425,SGBR2X元大9A購02,0,0,0,0,0,0,0,0,0,-36000,0,0,0,5000,41000,-36000,-36000
062058,瑞昱統一01購01  ,0,0,0,0,0,0,0,0,0,-36000,0,0,0,0,36000,-36000,-36000
057421,智原凱基98購04  ,0,0,0,0,0,0,0,0,0,-36000,0,0,0,0,36000,-36000,-36000
056214,義隆國票99購01  ,0,0,0,0,0,0,0,0,0,-36000,0,0,0,19000,55000,-36000,-36000
060264,華新科國票9A購02,0,0,0,0,0,0,0,0,0,-36000,0,0,0,0,36000,-36000,-36000
061180,華擎凱基9B購01  ,0,0,0,0,0,0,0,0,0,-36000,0,0,0,0,36000,-36000,-36000
063605,健策凱基9C購02  ,0,0,0,0,0,0,0,0,0,-36000,0,0,0,42000,78000,-36000,-36000
063022,嘉晶元大9B購04  ,0,0,0,0,0,0,0,0,0,-36000,0,0,0,54000,90000,-36000,-36000
066429,矽格元大01購01  ,0,0,0,0,0,0,0,0,0,-36000,0,0,0,41000,77000,-36000,-36000
066849,神達元大01購01  ,0,0,0,0,0,0,0,0,0,-36000,0,0,0,68000,104000,-36000,-36000
066708,嘉澤群益02購01  ,0,0,0,0,0,0,0,0,0,-36000,0,0,0,19000,55000,-36000,-36000
065400,華擎群益01購02  ,0,0,0,0,0,0,0,0,0,-36000,0,0,0,0,36000,-36000,-36000
065421,康友國票01購01  ,0,0,0,0,0,0,0,0,0,-36000,0,0,0,0,36000,-36000,-36000
064562,友達群益9C購03  ,0,0,0,0,0,0,0,0,0,-36000,0,0,0,10000,46000,-36000,-36000
064507,臻鼎元大9C購02  ,0,0,0,0,0,0,0,0,0,-36000,0,0,0,14000,50000,-36000,-36000
3311,閎暉            ,18000,43000,-25000,0,0,0,0,0,0,-11000,0,11000,-11000,0,0,0,-36000
9946,三發地產        ,0,36000,-36000,0,0,0,0,0,0,0,0,0,0,0,0,0,-36000
2305,全友            ,18000,54000,-36000,0,0,0,0,0,0,0,0,0,0,0,0,0,-36000
08234P,華擎元富9B售03  ,0,0,0,0,0,0,0,0,0,-37000,0,0,0,43000,80000,-37000,-37000
08548P,台勝科凱基9C售03,0,0,0,0,0,0,0,0,0,-37000,0,0,0,20000,57000,-37000,-37000
08596P,聯發科國泰02售02,0,0,0,0,0,0,0,0,0,-37000,0,0,0,41000,78000,-37000,-37000
067756,奇鋐國泰03購01  ,0,0,0,0,0,0,0,0,0,-37000,0,0,0,3000,40000,-37000,-37000
067641,群創統一01購02  ,0,0,0,0,0,0,0,0,0,-37000,0,0,0,1000,38000,-37000,-37000
067510,嘉澤統一03購01  ,0,0,0,0,0,0,0,0,0,-37000,0,0,0,5000,42000,-37000,-37000
067406,矽格永豐01購01  ,0,0,0,0,0,0,0,0,0,-37000,0,0,0,21000,58000,-37000,-37000
061455,京元電凱基9B購01,0,0,0,0,0,0,0,0,0,-37000,0,0,0,52000,89000,-37000,-37000
058272,超眾永豐9A購01  ,0,0,0,0,0,0,0,0,0,-37000,0,0,0,0,37000,-37000,-37000
060946,世紀鋼國票9A購02,0,0,0,0,0,0,0,0,0,-37000,0,0,0,238000,275000,-37000,-37000
062133,大成鋼群益9B購01,0,0,0,0,0,0,0,0,0,-37000,0,0,0,0,37000,-37000,-37000
061521,亞光兆豐9A購02  ,0,0,0,0,0,0,0,0,0,-37000,0,0,0,53000,90000,-37000,-37000
063443,金像電統一01購02,0,0,0,0,0,0,0,0,0,-37000,0,0,0,1000,38000,-37000,-37000
062113,瑞祺國票9B購01  ,0,0,0,0,0,0,0,0,0,-37000,0,0,0,0,37000,-37000,-37000
063499,金像電永豐9B購03,0,0,0,0,0,0,0,0,0,-37000,0,0,0,0,37000,-37000,-37000
061678,玉晶光元大9B購04,0,0,0,0,0,0,0,0,0,-37000,0,0,0,1000,38000,-37000,-37000
060573,力成永豐9A購01  ,0,0,0,0,0,0,0,0,0,-37000,0,0,0,10000,47000,-37000,-37000
061074,儒鴻兆豐9B購01  ,0,0,0,0,0,0,0,0,0,-37000,0,0,0,10000,47000,-37000,-37000
063763,上銀元富9B購07  ,0,0,0,0,0,0,0,0,0,-37000,0,0,0,0,37000,-37000,-37000
063801,GIS凱基01購01   ,0,0,0,0,0,0,0,0,0,-37000,0,0,0,31000,68000,-37000,-37000
063939,上銀元大9C購04  ,0,0,0,0,0,0,0,0,0,-37000,0,0,0,0,37000,-37000,-37000
064018,儒鴻元大9C購02  ,0,0,0,0,0,0,0,0,0,-37000,0,0,0,3000,40000,-37000,-37000
064644,台光電凱基9C購01,0,0,0,0,0,0,0,0,0,-37000,0,0,0,13000,50000,-37000,-37000
064960,世紀鋼凱基03購01,0,0,0,0,0,0,0,0,0,-37000,0,0,0,0,37000,-37000,-37000
065111,瀚宇博國票01購01,0,0,0,0,0,0,0,0,0,-37000,0,0,0,8000,45000,-37000,-37000
066425,創意元大01購03  ,0,0,0,0,0,0,0,0,0,-37000,0,0,0,37000,74000,-37000,-37000
066255,英利元大01購01  ,0,0,0,0,0,0,0,0,0,-37000,0,0,0,0,37000,-37000,-37000
065828,大立光凱基06購01,0,0,0,0,0,0,0,0,0,-37000,0,0,0,40000,77000,-37000,-37000
1323,永裕            ,0,37000,-37000,0,0,0,0,0,0,0,0,0,0,0,0,0,-37000
8462,柏文            ,9000,42000,-33000,0,0,0,0,0,0,-4000,0,0,0,0,4000,-4000,-37000
067428,大毅凱基01購02  ,0,0,0,0,0,0,0,0,0,-38000,0,0,0,111000,149000,-38000,-38000
067336,中信金凱基01購01,0,0,0,0,0,0,0,0,0,-38000,0,0,0,0,38000,-38000,-38000
066981,聯發科群益02購07,0,0,0,0,0,0,0,0,0,-38000,0,0,0,32000,70000,-38000,-38000
067072,建準元大01購01  ,0,0,0,0,0,0,0,0,0,-38000,0,0,0,81000,119000,-38000,-38000
068146,台積電元大01購36,0,0,0,0,0,0,0,0,0,-38000,0,0,0,99000,137000,-38000,-38000
08187P,大毅群益9B售04  ,0,0,0,0,0,0,0,0,0,-38000,0,0,0,62000,100000,-38000,-38000
055449,超眾統一9A購01  ,0,0,0,0,0,0,0,0,0,-38000,0,0,0,0,38000,-38000,-38000
063804,華邦電兆豐01購01,0,0,0,0,0,0,0,0,0,-38000,0,0,0,1000,39000,-38000,-38000
062016,美食永豐9B購01  ,0,0,0,0,0,0,0,0,0,-38000,0,0,0,10000,48000,-38000,-38000
061360,智邦兆豐9B購02  ,0,0,0,0,0,0,0,0,0,-38000,0,0,0,0,38000,-38000,-38000
060850,康友國票9A購03  ,0,0,0,0,0,0,0,0,0,-38000,0,0,0,0,38000,-38000,-38000
061027,儒鴻永豐9A購02  ,0,0,0,0,0,0,0,0,0,-38000,0,0,0,0,38000,-38000,-38000
063547,大立光兆豐9B購04,0,0,0,0,0,0,0,0,0,-38000,0,0,0,3000,41000,-38000,-38000
063410,南六國票9C購01  ,0,0,0,0,0,0,0,0,0,-38000,0,0,0,0,38000,-38000,-38000
061732,智邦中信9B購01  ,0,0,0,0,0,0,0,0,0,-38000,0,0,0,2000,40000,-38000,-38000
062593,健策統一9B購03  ,0,0,0,0,0,0,0,0,0,-38000,0,0,0,0,38000,-38000,-38000
062149,牧德國票9B購01  ,0,0,0,0,0,0,0,0,0,-38000,0,0,0,0,38000,-38000,-38000
062747,立積永豐9B購01  ,0,0,0,0,0,0,0,0,0,-38000,0,0,0,145000,183000,-38000,-38000
062672,兆豐金中信03購01,0,0,0,0,0,0,0,0,0,-38000,0,0,0,38000,76000,-38000,-38000
062984,致新元富9B購01  ,0,0,0,0,0,0,0,0,0,-38000,0,0,0,0,38000,-38000,-38000
065829,嘉晶凱基9C購05  ,0,0,0,0,0,0,0,0,0,-38000,0,0,0,42000,80000,-38000,-38000
066143,惠特群益01購01  ,0,0,0,0,0,0,0,0,0,-38000,0,0,0,82000,120000,-38000,-38000
066103,神基國票02購01  ,0,0,0,0,0,0,0,0,0,-38000,0,0,0,0,38000,-38000,-38000
065083,南亞科元大01購01,0,0,0,0,0,0,0,0,0,-38000,0,0,0,30000,68000,-38000,-38000
065074,亞德客元大9C購03,0,0,0,0,0,0,0,0,0,-38000,0,0,0,62000,100000,-38000,-38000
065179,同欣電元大02購01,0,0,0,0,0,0,0,0,0,-38000,0,0,0,50000,88000,-38000,-38000
065254,大成鋼元大9C購01,0,0,0,0,0,0,0,0,0,-38000,0,0,0,0,38000,-38000,-38000
064848,金像電元富9C購02,0,0,0,0,0,0,0,0,0,-38000,0,0,0,51000,89000,-38000,-38000
064739,智邦國票01購01  ,0,0,0,0,0,0,0,0,0,-38000,0,0,0,0,38000,-38000,-38000
064470,世紀鋼元富03購01,0,0,0,0,0,0,0,0,0,-38000,0,0,0,1000,39000,-38000,-38000
064472,國巨麥證9C購03  ,0,0,0,45000,84000,-39000,0,0,0,-38000,0,0,0,46000,84000,-38000,-38000
4722,國精化          ,2000,40000,-38000,0,0,0,0,0,0,0,0,0,0,0,0,0,-38000
08940P,聯發科第一01售01,0,0,0,0,0,0,0,0,0,-38000,0,0,0,0,38000,-38000,-38000
1528,恩德            ,11000,41000,-30000,0,0,0,0,0,0,-8000,0,8000,-8000,0,0,0,-38000
08122P,晶技國票9C售01  ,0,0,0,0,0,0,0,0,0,-39000,0,0,0,1000,40000,-39000,-39000
08598P,立積元大9C售04  ,0,0,0,0,0,0,0,0,0,-39000,0,0,0,200000,239000,-39000,-39000
067951,宏碁永豐01購02  ,0,0,0,0,0,0,0,0,0,-39000,0,0,0,0,39000,-39000,-39000
067694,聚陽中信03購01  ,0,0,0,0,0,0,0,0,0,-39000,0,0,0,0,39000,-39000,-39000
067407,南六永豐01購03  ,0,0,0,0,0,0,0,0,0,-39000,0,0,0,20000,59000,-39000,-39000
054740,強茂凱基99購01  ,0,0,0,0,0,0,0,0,0,-39000,0,0,0,1000,40000,-39000,-39000
057930,旺宏群益99購04  ,0,0,0,0,0,0,0,0,0,-39000,0,0,0,0,39000,-39000,-39000
051597,T50反1中信99購02,0,0,0,0,0,0,0,0,0,-39000,0,0,0,0,39000,-39000,-39000
00642U,元大S&P石油     ,0,0,0,0,0,0,0,0,0,-39000,0,0,0,44000,83000,-39000,-39000
058586,鴻海中信01購02  ,0,0,0,0,0,0,0,0,0,-39000,0,0,0,41000,80000,-39000,-39000
058623,國巨國票99購08  ,0,0,0,0,0,0,0,0,0,-39000,0,0,0,55000,94000,-39000,-39000
062776,鴻海元大9B購03  ,0,0,0,0,0,0,0,0,0,-39000,0,0,0,44000,83000,-39000,-39000
062219,燿華統一9B購01  ,0,0,0,0,0,0,0,0,0,-39000,0,0,0,3000,42000,-39000,-39000
062497,遠東新群益9B購01,0,0,0,0,0,0,0,0,0,-39000,0,0,0,0,39000,-39000,-39000
062500,國巨群益01購01  ,0,0,0,0,0,0,0,0,0,-39000,0,0,0,26000,65000,-39000,-39000
062449,臻鼎元大9B購01  ,0,0,0,0,0,0,0,0,0,-39000,0,0,0,11000,50000,-39000,-39000
063994,台光電群益9C購01,0,0,0,0,0,0,0,0,0,-39000,0,0,0,0,39000,-39000,-39000
063937,上銀元大9C購02  ,0,0,0,0,0,0,0,0,0,-39000,0,0,0,50000,89000,-39000,-39000
064352,嘉聯益元大9C購01,0,0,0,0,0,0,0,0,0,-39000,0,0,0,0,39000,-39000,-39000
065067,億豐群益01購01  ,0,0,0,0,0,0,0,0,0,-39000,0,0,0,74000,113000,-39000,-39000
065527,巨大群益9C購03  ,0,0,0,0,0,0,0,0,0,-39000,0,0,0,0,39000,-39000,-39000
066223,拓凱國泰03購01  ,0,0,0,0,0,0,0,0,0,-39000,0,0,0,0,39000,-39000,-39000
1618,合機            ,2000,36000,-34000,0,0,0,0,0,0,-5000,0,5000,-5000,0,0,0,-39000
08973P,聯發科群益01售08,0,0,0,0,0,0,0,0,0,-39000,0,0,0,0,39000,-39000,-39000
1220,台榮            ,2000,41000,-39000,0,0,0,0,0,0,0,0,0,0,0,0,0,-39000
1463,強盛            ,0,36000,-36000,0,0,0,0,0,0,-3000,0,3000,-3000,0,0,0,-39000
4576,大銀微系統      ,15000,54000,-39000,0,0,0,0,0,0,0,0,0,0,0,0,0,-39000
3591,艾笛森          ,9000,48000,-39000,0,0,0,0,0,0,0,0,0,0,0,0,0,-39000
067679,奇鋐元大02購02  ,0,0,0,0,0,0,0,0,0,-40000,0,0,0,263000,303000,-40000,-40000
068117,欣興元富07購02  ,0,0,0,0,0,0,0,0,0,-40000,0,0,0,13000,53000,-40000,-40000
08593P,聯發科凱基9C售13,0,0,0,0,0,0,0,0,0,-40000,0,0,0,0,40000,-40000,-40000
08792P,聯發科中信02售02,0,0,0,0,0,0,0,0,0,-40000,0,0,0,197000,237000,-40000,-40000
08907P,奇鋐群益01售03  ,0,0,0,0,0,0,0,0,0,-40000,0,0,0,84000,124000,-40000,-40000
08357P,聯發科元大9C售09,0,0,0,0,0,0,0,0,0,-40000,0,0,0,20000,60000,-40000,-40000
08313P,健策國票01售01  ,0,0,0,0,0,0,0,0,0,-40000,0,0,0,11000,51000,-40000,-40000
08057P,京鼎群益9B售01  ,0,0,0,0,0,0,0,0,0,-40000,0,0,0,13000,53000,-40000,-40000
08018P,牧德國票9B售04  ,0,0,0,0,0,0,0,0,0,-40000,0,0,0,0,40000,-40000,-40000
07882P,台灣50凱基01售12,0,0,0,0,0,0,0,0,0,-40000,0,0,0,0,40000,-40000,-40000
07293P,臺股指凱基99售45,0,0,0,0,0,0,0,0,0,-40000,0,0,0,10000,50000,-40000,-40000
07070P,晶相光元富99售01,0,0,0,0,0,0,0,0,0,-40000,0,0,0,50000,90000,-40000,-40000
058560,T50反1凱基9A購04,0,0,0,0,0,0,0,0,0,-40000,0,0,0,0,40000,-40000,-40000
059009,世紀鋼元大99購04,0,0,0,0,0,0,0,0,0,-40000,0,0,0,12000,52000,-40000,-40000
058398,中環元大99購02  ,0,0,0,0,0,0,0,0,0,-40000,0,0,0,0,40000,-40000,-40000
059398,滬深2X元富9C購02,0,0,0,0,0,0,0,0,0,-40000,0,0,0,0,40000,-40000,-40000
062099,牧德永豐9B購01  ,0,0,0,0,0,0,0,0,0,-40000,0,0,0,0,40000,-40000,-40000
057813,京元電元大98購03,0,0,0,0,0,0,0,0,0,-40000,0,0,0,10000,50000,-40000,-40000
057809,英業達元大98購01,0,0,0,0,0,0,0,0,0,-40000,0,0,0,0,40000,-40000,-40000
00733,富邦臺灣中小    ,0,0,0,0,0,0,0,0,0,-40000,0,0,0,213000,253000,-40000,-40000
057103,禾伸堂中信9A購01,0,0,0,0,0,0,0,0,0,-40000,0,0,0,20000,60000,-40000,-40000
03103P,聯發科元富01售02,0,0,0,0,0,0,0,0,0,-40000,0,0,0,0,40000,-40000,-40000
03100P,玉晶光凱基03售04,0,0,0,0,0,0,0,0,0,-40000,0,0,0,0,40000,-40000,-40000
03692C,T50反1元大05牛01,0,0,0,0,0,0,0,0,0,-40000,0,0,0,0,40000,-40000,-40000
057959,欣興元大98購14  ,0,0,0,0,0,0,0,0,0,-40000,0,0,0,4000,44000,-40000,-40000
054152,漢唐國泰98購02  ,0,0,0,0,0,0,0,0,0,-40000,0,0,0,2000,42000,-40000,-40000
059873,華新科凱基99購09,0,0,0,0,0,0,0,0,0,-40000,0,0,0,10000,50000,-40000,-40000
059957,中信金康和99購01,0,0,0,0,0,0,0,0,0,-40000,0,0,0,0,40000,-40000,-40000
054559,台光電群益99購01,0,0,0,0,0,0,0,0,0,-40000,0,0,0,45000,85000,-40000,-40000
054890,聯鈞統一99購01  ,0,0,0,0,0,0,0,0,0,-40000,0,0,0,60000,100000,-40000,-40000
055812,台積電國票99購02,0,0,0,0,0,0,0,0,0,-40000,0,0,0,25000,65000,-40000,-40000
055817,京鼎國票99購01  ,0,0,0,0,0,0,0,0,0,-40000,0,0,0,0,40000,-40000,-40000
064116,T50反1元大9C購03,0,0,0,0,0,0,0,0,0,-40000,0,0,0,0,40000,-40000,-40000
061897,泰碩永豐9B購01  ,0,0,0,0,0,0,0,0,0,-40000,0,0,0,0,40000,-40000,-40000
061915,T50反1凱基02購02,0,0,0,0,0,0,0,0,0,-40000,0,0,0,71000,111000,-40000,-40000
063752,瑞祺國票9C購01  ,0,0,0,0,0,0,0,0,0,-40000,0,0,0,0,40000,-40000,-40000
061179,華擎凱基9A購01  ,0,0,0,0,0,0,0,0,0,-40000,0,0,0,0,40000,-40000,-40000
061269,嘉澤凱基9A購01  ,0,0,0,0,0,0,0,0,0,-40000,0,0,0,0,40000,-40000,-40000
060821,SP黃豆元大9A購02,0,0,0,0,0,0,0,0,0,-40000,0,0,0,0,40000,-40000,-40000
061660,禾伸堂永豐9A購01,0,0,0,0,0,0,0,0,0,-40000,0,0,0,0,40000,-40000,-40000
063505,奇力新群益9B購03,0,0,0,0,0,0,0,0,0,-40000,0,0,0,0,40000,-40000,-40000
062814,台光電兆豐9B購01,0,0,0,0,0,0,0,0,0,-40000,0,0,0,0,40000,-40000,-40000
062758,國巨凱基9B購09  ,0,0,0,0,0,0,0,0,0,-40000,0,0,0,13000,53000,-40000,-40000
066196,南港統一03購01  ,0,0,0,0,0,0,0,0,0,-40000,0,0,0,60000,100000,-40000,-40000
066151,大立光麥證01購02,0,0,0,0,40000,-40000,0,0,0,-40000,0,0,0,0,40000,-40000,-40000
066019,T50反1群益01購03,0,0,0,0,0,0,0,0,0,-40000,0,0,0,0,40000,-40000,-40000
065733,茂林凱基9C購03  ,0,0,0,0,0,0,0,0,0,-40000,0,0,0,13000,53000,-40000,-40000
065740,聯發科麥證9C購05,0,0,0,15000,55000,-40000,0,0,0,-40000,0,0,0,15000,55000,-40000,-40000
066467,晶碩統一03購01  ,0,0,0,0,0,0,0,0,0,-40000,0,0,0,0,40000,-40000,-40000
066679,微星兆豐01購01  ,0,0,0,0,0,0,0,0,0,-40000,0,0,0,38000,78000,-40000,-40000
066618,南六康和01購01  ,0,0,0,0,0,0,0,0,0,-40000,0,0,0,10000,50000,-40000,-40000
066857,大立光國票02購02,0,0,0,0,0,0,0,0,0,-40000,0,0,0,0,40000,-40000,-40000
065429,微星凱基02購02  ,0,0,0,0,0,0,0,0,0,-40000,0,0,0,0,40000,-40000,-40000
065424,華新凱基02購01  ,0,0,0,0,0,0,0,0,0,-40000,0,0,0,30000,70000,-40000,-40000
065329,億豐凱基9C購02  ,0,0,0,0,0,0,0,0,0,-40000,0,0,0,92000,132000,-40000,-40000
06505P,康控國票99售02  ,0,0,0,0,0,0,0,0,0,-40000,0,0,0,20000,60000,-40000,-40000
064943,聚陽凱基9C購01  ,0,0,0,0,0,0,0,0,0,-40000,0,0,0,0,40000,-40000,-40000
065076,中橡元大9C購01  ,0,0,0,0,0,0,0,0,0,-40000,0,0,0,0,40000,-40000,-40000
064462,致伸統一02購01  ,0,0,0,0,0,0,0,0,0,-40000,0,0,0,0,40000,-40000,-40000
064819,華新統一01購02  ,0,0,0,0,0,0,0,0,0,-40000,0,0,0,0,40000,-40000,-40000
064657,和大元大9C購02  ,0,0,0,0,0,0,0,0,0,-40000,0,0,0,0,40000,-40000,-40000
064577,大立光國泰02購01,0,0,0,0,0,0,0,0,0,-40000,0,0,0,10000,50000,-40000,-40000
1465,偉全            ,0,40000,-40000,0,0,0,0,0,0,0,0,0,0,0,0,0,-40000
08984P,玉晶光凱基02售03,0,0,0,0,0,0,0,0,0,-40000,0,0,0,20000,60000,-40000,-40000
2486,一詮            ,139000,179000,-40000,0,0,0,0,0,0,0,0,0,0,0,0,0,-40000
08723P,臺股指元大01售04,0,0,0,0,0,0,0,0,0,-41000,0,0,0,4000,45000,-41000,-41000
068081,GIS凱基01購03   ,0,0,0,0,0,0,0,0,0,-41000,0,0,0,11000,52000,-41000,-41000
067491,健策元大01購10  ,0,0,0,0,0,0,0,0,0,-41000,0,0,0,76000,117000,-41000,-41000
067286,新日興國票02購02,0,0,0,0,0,0,0,0,0,-41000,0,0,0,5000,46000,-41000,-41000
067194,惠特凱基01購03  ,0,0,0,0,0,0,0,0,0,-41000,0,0,0,9000,50000,-41000,-41000
056395,玉晶光永豐9B購01,0,0,0,0,0,0,0,0,0,-41000,0,0,0,28000,69000,-41000,-41000
058139,臻鼎元大99購01  ,0,0,0,0,0,0,0,0,0,-41000,0,0,0,50000,91000,-41000,-41000
057278,可成元大98購06  ,0,0,0,0,0,0,0,0,0,-41000,0,0,0,54000,95000,-41000,-41000
051375,道瓊反群益9A購01,0,0,0,0,0,0,0,0,0,-41000,0,0,0,1000,42000,-41000,-41000
057112,立積群益99購01  ,0,0,0,0,0,0,0,0,0,-41000,0,0,0,0,41000,-41000,-41000
03015P,玉晶光永豐01售06,0,0,0,0,0,0,0,0,0,-41000,0,0,0,16000,57000,-41000,-41000
057567,嘉聯益富邦9A購01,0,0,0,0,0,0,0,0,0,-41000,0,0,0,0,41000,-41000,-41000
063291,緯穎元大01購01  ,0,0,0,0,0,0,0,0,0,-41000,0,0,0,50000,91000,-41000,-41000
061522,元黃金凱基01購01,0,0,0,0,0,0,0,0,0,-41000,0,0,0,10000,51000,-41000,-41000
063213,智伸科國票9C購01,0,0,0,0,0,0,0,0,0,-41000,0,0,0,302000,343000,-41000,-41000
063654,上銀元富9B購05  ,0,0,0,0,0,0,0,0,0,-41000,0,0,0,81000,122000,-41000,-41000
061374,力山永豐9A購04  ,0,0,0,0,0,0,0,0,0,-41000,0,0,0,95000,136000,-41000,-41000
064176,京元電國泰01購01,0,0,0,0,0,0,0,0,0,-41000,0,0,0,67000,108000,-41000,-41000
063850,玉晶光元大9C購07,0,0,0,0,0,0,0,0,0,-41000,0,0,0,0,41000,-41000,-41000
063996,貿聯群益9C購01  ,0,0,0,0,0,0,0,0,0,-41000,0,0,0,10000,51000,-41000,-41000
064725,緯創統一02購01  ,0,0,0,0,0,0,0,0,0,-41000,0,0,0,10000,51000,-41000,-41000
064220,力山國票01購01  ,0,0,0,0,0,0,0,0,0,-41000,0,0,0,17000,58000,-41000,-41000
065145,貿聯凱基9C購02  ,0,0,0,0,0,0,0,0,0,-41000,0,0,0,0,41000,-41000,-41000
065478,緯創元大9C購03  ,0,0,0,0,0,0,0,0,0,-41000,0,0,0,57000,98000,-41000,-41000
066644,瑞昱麥證01購01  ,0,0,0,53000,109000,-56000,0,0,0,-41000,0,0,0,68000,109000,-41000,-41000
066334,京城銀永豐01購01,0,0,0,0,0,0,0,0,0,-41000,0,0,0,39000,80000,-41000,-41000
065964,鴻海元大02購01  ,0,0,0,0,0,0,0,0,0,-41000,0,0,0,33000,74000,-41000,-41000
066057,華擎元大02購01  ,0,0,0,0,0,0,0,0,0,-41000,0,0,0,59000,100000,-41000,-41000
066226,惠特國泰03購01  ,0,0,0,0,0,0,0,0,0,-41000,0,0,0,12000,53000,-41000,-41000
2427,三商電          ,0,40000,-40000,0,0,0,0,0,0,-1000,0,1000,-1000,0,0,0,-41000
2506,太設            ,3000,44000,-41000,0,0,0,0,0,0,0,0,0,0,0,0,0,-41000
3018,同開            ,12000,53000,-41000,0,0,0,0,0,0,0,0,0,0,0,0,0,-41000
1437,勤益控          ,7000,46000,-39000,0,0,0,0,0,0,-2000,0,2000,-2000,0,0,0,-41000
3305,昇貿            ,1000,42000,-41000,0,0,0,0,0,0,0,0,0,0,0,0,0,-41000
6115,鎰勝            ,10000,50000,-40000,0,0,0,0,0,0,-1000,0,1000,-1000,0,0,0,-41000
067711,緯穎元富05購01  ,0,0,0,0,0,0,0,0,0,-42000,0,0,0,78000,120000,-42000,-42000
08866P,旭富元大01售01  ,0,0,0,0,0,0,0,0,0,-42000,0,0,0,150000,192000,-42000,-42000
063137,瑞昱統一01購02  ,0,0,0,0,0,0,0,0,0,-42000,0,0,0,10000,52000,-42000,-42000
057696,聯電群益9A購01  ,0,0,0,0,0,0,0,0,0,-42000,0,0,0,62000,104000,-42000,-42000
057699,可成群益9A購02  ,0,0,0,0,0,0,0,0,0,-42000,0,0,0,0,42000,-42000,-42000
058712,鴻海統一9B購03  ,0,0,0,0,0,0,0,0,0,-42000,0,0,0,40000,82000,-42000,-42000
056724,臻鼎中信9A購01  ,0,0,0,0,0,0,0,0,0,-42000,0,0,0,87000,129000,-42000,-42000
059924,世紀鋼元大99購06,0,0,0,0,0,0,0,0,0,-42000,0,0,0,8000,50000,-42000,-42000
061184,大立光國泰9C購01,0,0,0,0,0,0,0,0,0,-42000,0,0,0,0,42000,-42000,-42000
063252,緯穎元大9B購07  ,0,0,0,0,0,0,0,0,0,-42000,0,0,0,35000,77000,-42000,-42000
062378,台表科元大9C購01,0,0,0,0,0,0,0,0,0,-42000,0,0,0,48000,90000,-42000,-42000
063345,嘉晶統一9C購02  ,0,0,0,0,0,0,0,0,0,-42000,0,0,0,0,42000,-42000,-42000
066157,晶碩康和01購01  ,0,0,0,0,0,0,0,0,0,-42000,0,0,0,0,42000,-42000,-42000
066012,友訊元富01購01  ,0,0,0,0,0,0,0,0,0,-42000,0,0,0,11000,53000,-42000,-42000
066269,宏達電元大01購03,0,0,0,0,0,0,0,0,0,-42000,0,0,0,61000,103000,-42000,-42000
066458,大毅統一02購02  ,0,0,0,0,0,0,0,0,0,-42000,0,0,0,22000,64000,-42000,-42000
066510,堤維西永豐01購01,0,0,0,0,0,0,0,0,0,-42000,0,0,0,0,42000,-42000,-42000
065303,國泰金元富9C購01,0,0,0,0,0,0,0,0,0,-42000,0,0,0,15000,57000,-42000,-42000
065013,矽創國泰02購01  ,0,0,0,0,0,0,0,0,0,-42000,0,0,0,25000,67000,-42000,-42000
4566,時碩工業        ,0,42000,-42000,0,0,0,0,0,0,0,0,0,0,0,0,0,-42000
2020,美亞            ,78000,120000,-42000,0,0,0,0,0,0,0,0,0,0,0,0,0,-42000
08797P,健策凱基02售03  ,0,0,0,0,0,0,0,0,0,-43000,0,0,0,10000,53000,-43000,-43000
08684P,禾伸堂凱基01售01,0,0,0,0,0,0,0,0,0,-43000,0,0,0,2000,45000,-43000,-43000
08604P,金融類元大9C售01,0,0,0,0,0,0,0,0,0,-43000,0,0,0,105000,148000,-43000,-43000
08621P,景碩群益9C售01  ,0,0,0,0,0,0,0,0,0,-43000,0,0,0,0,43000,-43000,-43000
08560P,茂林國票01售01  ,0,0,0,0,0,0,0,0,0,-43000,0,0,0,0,43000,-43000,-43000
08418P,大立光元大01售04,0,0,0,0,0,0,0,0,0,-43000,0,0,0,8000,51000,-43000,-43000
07655P,台灣50凱基01售09,0,0,0,0,0,0,0,0,0,-43000,0,0,0,0,43000,-43000,-43000
07734P,台積電富邦9C售10,0,0,0,0,0,0,0,0,0,-43000,0,0,0,0,43000,-43000,-43000
08171P,嘉澤國票9C售01  ,0,0,0,0,0,0,0,0,0,-43000,0,0,0,19000,62000,-43000,-43000
067722,國產凱基01購01  ,0,0,0,0,0,0,0,0,0,-43000,0,0,0,0,43000,-43000,-43000
068144,台積電元大01購33,0,0,0,0,0,0,0,0,0,-43000,0,0,0,27000,70000,-43000,-43000
067942,瑞儀凱基02購01  ,0,0,0,0,0,0,0,0,0,-43000,0,0,0,70000,113000,-43000,-43000
067442,南港國票02購01  ,0,0,0,0,0,0,0,0,0,-43000,0,0,0,10000,53000,-43000,-43000
058687,聯茂凱基9A購01  ,0,0,0,0,0,0,0,0,0,-43000,0,0,0,0,43000,-43000,-43000
059450,和大永豐99購01  ,0,0,0,0,0,0,0,0,0,-43000,0,0,0,0,43000,-43000,-43000
063567,漢唐元大9B購03  ,0,0,0,0,0,0,0,0,0,-43000,0,0,0,113000,156000,-43000,-43000
061687,大成鋼群益9A購01,0,0,0,0,0,0,0,0,0,-43000,0,0,0,0,43000,-43000,-43000
062557,台光電凱基9B購02,0,0,0,0,0,0,0,0,0,-43000,0,0,0,33000,76000,-43000,-43000
063081,技嘉凱基9B購02  ,0,0,0,0,0,0,0,0,0,-43000,0,0,0,27000,70000,-43000,-43000
064000,台郡兆豐9C購01  ,0,0,0,0,0,0,0,0,0,-43000,0,0,0,30000,73000,-43000,-43000
064151,義隆統一01購01  ,0,0,0,0,0,0,0,0,0,-43000,0,0,0,0,43000,-43000,-43000
063815,玉晶光群益02購01,0,0,0,0,0,0,0,0,0,-43000,0,0,0,11000,54000,-43000,-43000
062023,寶成永豐9B購01  ,0,0,0,0,0,0,0,0,0,-43000,0,0,0,17000,60000,-43000,-43000
065038,上銀凱基9C購02  ,0,0,0,0,0,0,0,0,0,-43000,0,0,0,8000,51000,-43000,-43000
065167,華通元大02購01  ,0,0,0,0,0,0,0,0,0,-43000,0,0,0,7000,50000,-43000,-43000
065314,矽創國票01購02  ,0,0,0,0,0,0,0,0,0,-43000,0,0,0,38000,81000,-43000,-43000
065470,聚陽元大01購01  ,0,0,0,0,0,0,0,0,0,-43000,0,0,0,57000,100000,-43000,-43000
065458,立積元富03購02  ,0,0,0,0,0,0,0,0,0,-43000,0,0,0,0,43000,-43000,-43000
065575,神達群益01購01  ,0,0,0,0,0,0,0,0,0,-43000,0,0,0,0,43000,-43000,-43000
064351,中租元大9C購01  ,0,0,0,0,0,0,0,0,0,-43000,0,0,0,18000,61000,-43000,-43000
064730,超眾統一02購02  ,0,0,0,0,0,0,0,0,0,-43000,0,0,0,35000,78000,-43000,-43000
064690,台光電群益9C購02,0,0,0,0,0,0,0,0,0,-43000,0,0,0,7000,50000,-43000,-43000
066310,長興永豐01購01  ,0,0,0,0,0,0,0,0,0,-43000,0,0,0,0,43000,-43000,-43000
066011,華通元富01購01  ,0,0,0,0,0,0,0,0,0,-43000,0,0,0,46000,89000,-43000,-43000
4119,旭富            ,111000,145000,-34000,0,0,0,0,1000,-1000,-8000,0,2000,-2000,7000,13000,-6000,-43000
6573,虹揚-KY         ,99000,140000,-41000,0,0,0,0,0,0,-2000,0,2000,-2000,0,0,0,-43000
067305,國產元大01購02  ,0,0,0,0,0,0,0,0,0,-44000,0,0,0,119000,163000,-44000,-44000
067161,嘉澤國票02購01  ,0,0,0,0,0,0,0,0,0,-44000,0,0,0,38000,82000,-44000,-44000
067018,FB上証中信02購01,0,0,0,0,0,0,0,0,0,-44000,0,0,0,0,44000,-44000,-44000
067906,國揚國泰02購01  ,0,0,0,0,0,0,0,0,0,-44000,0,0,0,101000,145000,-44000,-44000
07709P,創意元大9A售01  ,0,0,0,0,0,0,0,0,0,-44000,0,0,0,110000,154000,-44000,-44000
08424P,群創元富9C售03  ,0,0,0,0,0,0,0,0,0,-44000,0,0,0,2000,46000,-44000,-44000
08631P,臺股指麥證9C售06,0,0,0,0,44000,-44000,0,0,0,-44000,0,0,0,0,44000,-44000,-44000
08719P,華通元大01售04  ,0,0,0,0,0,0,0,0,0,-44000,0,0,0,10000,54000,-44000,-44000
062066,元黃金元大9B購01,0,0,0,0,0,0,0,0,0,-44000,0,0,0,3000,47000,-44000,-44000
061469,瑞祺群益9A購02  ,0,0,0,0,0,0,0,0,0,-44000,0,0,0,0,44000,-44000,-44000
061395,健策統一9C購02  ,0,0,0,0,0,0,0,0,0,-44000,0,0,0,2000,46000,-44000,-44000
059928,道瓊銀富邦03購01,0,0,0,0,0,0,0,0,0,-44000,0,0,0,51000,95000,-44000,-44000
03069P,大毅群益01售04  ,0,0,0,0,0,0,0,0,0,-44000,0,0,0,0,44000,-44000,-44000
03032P,華通國票03售01  ,0,0,0,0,0,0,0,0,0,-44000,0,0,0,55000,99000,-44000,-44000
060252,緯穎元大9A購02  ,0,0,0,0,0,0,0,0,0,-44000,0,0,0,6000,50000,-44000,-44000
064065,大立光富邦02購02,0,0,0,0,0,0,0,0,0,-44000,0,0,0,0,44000,-44000,-44000
063373,晶技永豐9B購02  ,0,0,0,0,0,0,0,0,0,-44000,0,0,0,62000,106000,-44000,-44000
064783,貿聯群益9C購03  ,0,0,0,0,0,0,0,0,0,-44000,0,0,0,54000,98000,-44000,-44000
064457,禾伸堂統一01購02,0,0,0,0,0,0,0,0,0,-44000,0,0,0,46000,90000,-44000,-44000
064386,友達富邦01購01  ,0,0,0,0,0,0,0,0,0,-44000,0,0,0,0,44000,-44000,-44000
065445,台光電統一01購05,0,0,0,0,0,0,0,0,0,-44000,0,0,0,10000,54000,-44000,-44000
065337,華通統一01購03  ,0,0,0,0,0,0,0,0,0,-44000,0,0,0,66000,110000,-44000,-44000
065110,嘉澤國票01購01  ,0,0,0,0,0,0,0,0,0,-44000,0,0,0,60000,104000,-44000,-44000
6706,惠特            ,257000,226000,31000,0,0,0,0,94000,-94000,19000,0,0,0,30000,11000,19000,-44000
8114,振樺電          ,3000,47000,-44000,0,0,0,0,0,0,0,0,0,0,0,0,0,-44000
08608P,臺股指富邦9C售06,0,0,0,0,0,0,0,0,0,-45000,0,0,0,5000,50000,-45000,-45000
08935P,鴻海元大01售19  ,0,0,0,0,0,0,0,0,0,-45000,0,0,0,0,45000,-45000,-45000
08527P,大立光元大01售06,0,0,0,0,0,0,0,0,0,-45000,0,0,0,6000,51000,-45000,-45000
08278P,玉晶光元富9C售02,0,0,0,0,0,0,0,0,0,-45000,0,0,0,67000,112000,-45000,-45000
07751P,世紀鋼凱基9A售02,0,0,0,0,0,0,0,0,0,-45000,0,0,0,5000,50000,-45000,-45000
07753P,台灣50元大9C售34,0,0,0,0,0,0,0,0,0,-45000,0,0,0,0,45000,-45000,-45000
08189P,超眾群益9B售04  ,0,0,0,0,0,0,0,0,0,-45000,0,0,0,5000,50000,-45000,-45000
07671P,超眾元大9A售04  ,0,0,0,0,0,0,0,0,0,-45000,0,0,0,0,45000,-45000,-45000
07400P,國巨凱基99售20  ,0,0,0,0,0,0,0,0,0,-45000,0,0,0,0,45000,-45000,-45000
067871,玉晶光元大01購08,0,0,0,0,0,0,0,0,0,-45000,0,0,0,30000,75000,-45000,-45000
067833,台積電統一02購06,0,0,0,0,0,0,0,0,0,-45000,0,0,0,0,45000,-45000,-45000
067821,力成凱基01購02  ,0,0,0,0,0,0,0,0,0,-45000,0,0,0,0,45000,-45000,-45000
066936,新日興國票02購01,0,0,0,0,0,0,0,0,0,-45000,0,0,0,6000,51000,-45000,-45000
067279,美利達統一02購02,0,0,0,0,0,0,0,0,0,-45000,0,0,0,33000,78000,-45000,-45000
052521,友達元大9B購01  ,0,0,0,0,0,0,0,0,0,-45000,0,0,0,0,45000,-45000,-45000
00700,富邦恒生國企    ,0,0,0,0,0,0,0,0,0,-45000,0,0,0,100000,145000,-45000,-45000
056597,宏碁元富98購01  ,0,0,0,0,0,0,0,0,0,-45000,0,0,0,0,45000,-45000,-45000
055993,致茂國泰99購01  ,0,0,0,0,0,0,0,0,0,-45000,0,0,0,5000,50000,-45000,-45000
061408,華新科國票9A購06,0,0,0,0,0,0,0,0,0,-45000,0,0,0,0,45000,-45000,-45000
061436,上銀凱基9A購07  ,0,0,0,0,0,0,0,0,0,-45000,0,0,0,0,45000,-45000,-45000
062030,旭富群益9B購01  ,0,0,0,0,0,0,0,0,0,-45000,0,0,0,2000,47000,-45000,-45000
059807,大立光元富99購09,0,0,0,0,0,0,0,0,0,-45000,0,0,0,5000,50000,-45000,-45000
063557,聚陽元大9B購01  ,0,0,0,0,0,0,0,0,0,-45000,0,0,0,11000,56000,-45000,-45000
063233,國巨元大9B購19  ,0,0,0,0,0,0,0,0,0,-45000,0,0,0,6000,51000,-45000,-45000
062212,臻鼎台新9B購01  ,0,0,0,0,0,0,0,0,0,-45000,0,0,0,71000,116000,-45000,-45000
064169,南電統一9C購01  ,0,0,0,0,0,0,0,0,0,-45000,0,0,0,0,45000,-45000,-45000
063908,國巨凱基9C購06  ,0,0,0,0,0,0,0,0,0,-45000,0,0,0,20000,65000,-45000,-45000
061040,康友永豐9A購01  ,0,0,0,0,0,0,0,0,0,-45000,0,0,0,0,45000,-45000,-45000
060782,道瓊指富邦9C購01,0,0,0,0,0,0,0,0,0,-45000,0,0,0,0,45000,-45000,-45000
061133,玉晶光第一9A購01,0,0,0,0,0,0,0,0,0,-45000,0,0,0,0,45000,-45000,-45000
061848,國巨國票9B購07  ,0,0,0,0,0,0,0,0,0,-45000,0,0,0,12000,57000,-45000,-45000
065230,義隆凱基02購01  ,0,0,0,0,0,0,0,0,0,-45000,0,0,0,13000,58000,-45000,-45000
064407,貿聯凱基02購02  ,0,0,0,0,0,0,0,0,0,-45000,0,0,0,5000,50000,-45000,-45000
064861,緯創富邦9C購01  ,0,0,0,0,0,0,0,0,0,-45000,0,0,0,2000,47000,-45000,-45000
066174,京鼎凱基01購01  ,0,0,0,0,0,0,0,0,0,-45000,0,0,0,19000,64000,-45000,-45000
065644,義隆元大9C購08  ,0,0,0,0,0,0,0,0,0,-45000,0,0,0,54000,99000,-45000,-45000
066271,東森元大01購01  ,0,0,0,0,0,0,0,0,0,-45000,0,0,0,0,45000,-45000,-45000
9924,福興            ,38000,74000,-36000,0,0,0,0,0,0,-9000,0,9000,-9000,0,0,0,-45000
1604,聲寶            ,180000,225000,-45000,0,0,0,0,0,0,0,0,0,0,0,0,0,-45000
067685,瀚宇博元大01購03,0,0,0,0,0,0,0,0,0,-46000,0,0,0,25000,71000,-46000,-46000
08671P,友訊國票01售01  ,0,0,0,0,0,0,0,0,0,-46000,0,0,0,1000,47000,-46000,-46000
08738P,TPK凱基01售02   ,0,0,0,0,0,0,0,0,0,-46000,0,0,0,28000,74000,-46000,-46000
058203,信邦凱基99購01  ,0,0,0,0,0,0,0,0,0,-46000,0,0,0,10000,56000,-46000,-46000
058496,文曄群益99購01  ,0,0,0,0,0,0,0,0,0,-46000,0,0,0,0,46000,-46000,-46000
057733,嘉聯益國泰99購01,0,0,0,0,0,0,0,0,0,-46000,0,0,0,0,46000,-46000,-46000
056520,鴻海日盛99購01  ,0,0,0,0,0,0,0,0,0,-46000,0,0,0,25000,71000,-46000,-46000
03425B,臺股指元大9A熊01,0,0,0,0,0,0,0,0,0,-46000,0,0,0,0,46000,-46000,-46000
00703,台新MSCI中國    ,0,0,0,0,0,0,0,0,0,-46000,0,0,0,63000,109000,-46000,-46000
060756,鴻海元大9A購16  ,0,0,0,0,0,0,0,0,0,-46000,0,0,0,30000,76000,-46000,-46000
060759,南亞科元大9A購03,0,0,0,0,0,0,0,0,0,-46000,0,0,0,4000,50000,-46000,-46000
064211,友達凱基02購01  ,0,0,0,0,0,0,0,0,0,-46000,0,0,0,46000,92000,-46000,-46000
061943,上銀群益9B購02  ,0,0,0,0,0,0,0,0,0,-46000,0,0,0,0,46000,-46000,-46000
061503,臻鼎國票9B購01  ,0,0,0,0,0,0,0,0,0,-46000,0,0,0,0,46000,-46000,-46000
063078,元金2X凱基02購03,0,0,0,0,0,0,0,0,0,-46000,0,0,0,0,46000,-46000,-46000
063635,漢唐元大9B購04  ,0,0,0,0,0,0,0,0,0,-46000,0,0,0,79000,125000,-46000,-46000
063626,聚陽元大9B購03  ,0,0,0,0,0,0,0,0,0,-46000,0,0,0,22000,68000,-46000,-46000
062488,台光電永豐9B購02,0,0,0,0,0,0,0,0,0,-46000,0,0,0,9000,55000,-46000,-46000
066262,華碩元大01購02  ,0,0,0,0,0,0,0,0,0,-46000,0,0,0,57000,103000,-46000,-46000
066629,國揚凱基01購01  ,0,0,0,0,0,0,0,0,0,-46000,0,0,0,20000,66000,-46000,-46000
066669,華擎凱基02購02  ,0,0,0,0,0,0,0,0,0,-46000,0,0,0,43000,89000,-46000,-46000
066650,宏達電康和01購01,0,0,0,0,0,0,0,0,0,-46000,0,0,0,98000,144000,-46000,-46000
1416,廣豐            ,61000,127000,-66000,0,0,0,0,0,0,20000,20000,0,20000,0,0,0,-46000
4994,傳奇            ,27000,71000,-44000,0,0,0,0,0,0,-2000,0,1000,-1000,0,1000,-1000,-46000
2308,台達電          ,4347215,4720980,-373765,0,0,0,0,19709,-19709,347000,208000,19000,189000,187000,29000,158000,-46474
07009P,臺股指中信9B售01,0,0,0,0,0,0,0,0,0,-47000,0,0,0,0,47000,-47000,-47000
08132P,南六元大9B售05  ,0,0,0,0,0,0,0,0,0,-47000,0,0,0,151000,198000,-47000,-47000
054565,玉晶光群益99購02,0,0,0,0,0,0,0,0,0,-47000,0,0,0,5000,52000,-47000,-47000
058762,貿聯群益99購03  ,0,0,0,0,0,0,0,0,0,-47000,0,0,0,0,47000,-47000,-47000
059787,奇力新元大9A購02,0,0,0,0,0,0,0,0,0,-47000,0,0,0,0,47000,-47000,-47000
063544,華新科台新9B購02,0,0,0,0,0,0,0,0,0,-47000,0,0,0,40000,87000,-47000,-47000
062019,嘉澤永豐9B購01  ,0,0,0,0,0,0,0,0,0,-47000,0,0,0,72000,119000,-47000,-47000
060101,大立光元大99購31,0,0,0,0,0,0,0,0,0,-47000,0,0,0,0,47000,-47000,-47000
064112,宏碁國票01購01  ,0,0,0,0,0,0,0,0,0,-47000,0,0,0,55000,102000,-47000,-47000
066367,緯創中信05購01  ,0,0,0,0,0,0,0,0,0,-47000,0,0,0,3000,50000,-47000,-47000
066535,台積電兆豐01購01,0,0,0,0,0,0,0,0,0,-47000,0,0,0,3000,50000,-47000,-47000
065742,宏達電麥證9C購01,0,0,0,12000,59000,-47000,0,0,0,-47000,0,0,0,12000,59000,-47000,-47000
065786,神基永豐9C購01  ,0,0,0,0,0,0,0,0,0,-47000,0,0,0,0,47000,-47000,-47000
066176,華擎凱基01購01  ,0,0,0,0,0,0,0,0,0,-47000,0,0,0,23000,70000,-47000,-47000
064771,貿聯中信01購01  ,0,0,0,0,0,0,0,0,0,-47000,0,0,0,1000,48000,-47000,-47000
064673,南茂元大9C購01  ,0,0,0,0,0,0,0,0,0,-47000,0,0,0,44000,91000,-47000,-47000
064674,鈺齊元大9C購01  ,0,0,0,0,0,0,0,0,0,-47000,0,0,0,52000,99000,-47000,-47000
064255,泰碩國泰02購01  ,0,0,0,0,0,0,0,0,0,-47000,0,0,0,86000,133000,-47000,-47000
2430,燦坤            ,0,46000,-46000,0,0,0,0,0,0,-1000,0,1000,-1000,0,0,0,-47000
2908,特力            ,13000,60000,-47000,0,0,0,0,0,0,0,0,0,0,0,0,0,-47000
2516,新建            ,3000,48000,-45000,0,0,0,0,0,0,-2000,0,2000,-2000,0,0,0,-47000
5285,界霖            ,33000,80000,-47000,0,0,0,0,0,0,0,0,0,0,0,0,0,-47000
3712,永崴投控        ,1170000,1196000,-26000,0,0,0,0,0,0,-21000,0,21000,-21000,0,0,0,-47000
8926,台汽電          ,346000,366000,-20000,0,0,0,0,1000,-1000,-26000,0,7000,-7000,0,19000,-19000,-47000
07225P,台積電元大99售33,0,0,0,0,0,0,0,0,0,-48000,0,0,0,0,48000,-48000,-48000
066886,T50反1中信05購01,0,0,0,0,0,0,0,0,0,-48000,0,0,0,0,48000,-48000,-48000
067100,華邦電群益01購01,0,0,0,0,0,0,0,0,0,-48000,0,0,0,100000,148000,-48000,-48000
059660,華新科元大9A購04,0,0,0,0,0,0,0,0,0,-48000,0,0,0,25000,73000,-48000,-48000
058540,嘉聯益國泰9A購02,0,0,0,0,0,0,0,0,0,-48000,0,0,0,0,48000,-48000,-48000
055652,聯詠元富01購01  ,0,0,0,0,0,0,0,0,0,-48000,0,0,0,52000,100000,-48000,-48000
056917,國巨兆豐98購03  ,0,0,0,0,0,0,0,0,0,-48000,0,0,0,2000,50000,-48000,-48000
063546,國巨兆豐9C購03  ,0,0,0,0,0,0,0,0,0,-48000,0,0,0,37000,85000,-48000,-48000
062263,康控元大9B購03  ,0,0,0,0,0,0,0,0,0,-48000,0,0,0,0,48000,-48000,-48000
064938,華新科元富9C購01,0,0,0,0,0,0,0,0,0,-48000,0,0,0,0,48000,-48000,-48000
066500,T50反1富邦03購02,0,0,0,0,0,0,0,0,0,-48000,0,0,0,0,48000,-48000,-48000
066432,南六元大01購02  ,0,0,0,0,0,0,0,0,0,-48000,0,0,0,60000,108000,-48000,-48000
066325,可成永豐01購01  ,0,0,0,0,0,0,0,0,0,-48000,0,0,0,0,48000,-48000,-48000
066649,華新科麥證01購02,0,0,0,0,48000,-48000,0,0,0,-48000,0,0,0,0,48000,-48000,-48000
066636,健策凱基01購02  ,0,0,0,0,0,0,0,0,0,-48000,0,0,0,50000,98000,-48000,-48000
066766,嘉澤永豐01購01  ,0,0,0,0,0,0,0,0,0,-48000,0,0,0,0,48000,-48000,-48000
9905,大華            ,5000,53000,-48000,0,0,0,0,0,0,0,0,0,0,0,0,0,-48000
6224,聚鼎            ,183000,227000,-44000,0,0,0,0,0,0,-4000,0,4000,-4000,0,0,0,-48000
067668,金像電元大01購02,0,0,0,0,0,0,0,0,0,-49000,0,0,0,71000,120000,-49000,-49000
068141,鴻海元大01購25  ,0,0,0,0,0,0,0,0,0,-49000,0,0,0,0,49000,-49000,-49000
06923P,鴻海群益98售09  ,0,0,0,0,0,0,0,0,0,-49000,0,0,0,0,49000,-49000,-49000
08822P,聯發科凱基01售12,0,0,0,0,0,0,0,0,0,-49000,0,0,0,693000,742000,-49000,-49000
03004P,華擎群益02售02  ,0,100000,-100000,0,0,0,0,0,0,51000,0,0,0,251000,200000,51000,-49000
056276,同欣電國泰98購01,0,0,0,0,0,0,0,0,0,-49000,0,0,0,0,49000,-49000,-49000
058673,華新科群益9A購02,0,0,0,0,0,0,0,0,0,-49000,0,0,0,11000,60000,-49000,-49000
062968,仁寶元富9B購01  ,0,0,0,0,0,0,0,0,0,-49000,0,0,0,0,49000,-49000,-49000
063355,超眾元富9B購01  ,0,0,0,0,0,0,0,0,0,-49000,0,0,0,51000,100000,-49000,-49000
062521,玉晶光元大9C購05,0,0,0,0,0,0,0,0,0,-49000,0,0,0,1000,50000,-49000,-49000
062308,旺宏凱基9B購04  ,0,0,0,0,0,0,0,0,0,-49000,0,0,0,0,49000,-49000,-49000
063922,大立光元富9C購04,0,0,0,0,0,0,0,0,0,-49000,0,0,0,30000,79000,-49000,-49000
063947,大毅元大9C購02  ,0,0,0,0,0,0,0,0,0,-49000,0,0,0,24000,73000,-49000,-49000
060028,國揚永豐99購01  ,0,0,0,0,0,0,0,0,0,-49000,0,0,0,5000,54000,-49000,-49000
066549,京元電元大01購03,0,0,0,0,0,0,0,0,0,-49000,0,0,0,85000,134000,-49000,-49000
066140,鎧勝群益01購01  ,0,0,0,0,0,0,0,0,0,-49000,0,0,0,36000,85000,-49000,-49000
065665,鴻海凱基9C購04  ,0,0,0,0,0,0,0,0,0,-49000,0,0,0,30000,79000,-49000,-49000
065344,瑞昱統一01購05  ,0,0,0,0,0,0,0,0,0,-49000,0,0,0,2000,51000,-49000,-49000
064745,聯鈞國票01購01  ,0,0,0,0,0,0,0,0,0,-49000,0,0,0,100000,149000,-49000,-49000
064853,亞德客麥證9C購01,0,0,0,0,49000,-49000,0,0,0,-49000,0,0,0,0,49000,-49000,-49000
4952,凌通            ,3000,51000,-48000,0,0,0,0,0,0,-1000,0,1000,-1000,0,0,0,-49000
08985P,台表科兆豐03售02,0,0,0,0,0,0,0,0,0,-49000,0,0,0,453000,502000,-49000,-49000
08753P,群創群益01售01  ,0,0,0,0,0,0,0,0,0,-50000,0,0,0,18000,68000,-50000,-50000
08607P,聯發科富邦03售04,0,0,0,0,0,0,0,0,0,-50000,0,0,0,10000,60000,-50000,-50000
08605P,聯發科中信9C售06,0,0,0,0,0,0,0,0,0,-50000,0,0,0,279000,329000,-50000,-50000
08574P,聯發科凱基02售04,0,0,0,0,0,0,0,0,0,-50000,0,0,0,0,50000,-50000,-50000
08437P,台郡群益9C售01  ,0,0,0,0,0,0,0,0,0,-50000,0,0,0,0,50000,-50000,-50000
07036P,台灣50台新9C售01,0,0,0,0,0,0,0,0,0,-50000,0,0,0,0,50000,-50000,-50000
07123P,鴻海元大99售23  ,0,0,0,0,0,0,0,0,0,-50000,0,0,0,200000,250000,-50000,-50000
07131P,緯穎元大99售06  ,0,0,0,0,0,0,0,0,0,-50000,0,0,0,0,50000,-50000,-50000
07243P,台灣50凱基9A售04,0,0,0,0,0,0,0,0,0,-50000,0,0,0,0,50000,-50000,-50000
08099P,聯發科中信9B售04,0,0,0,0,0,0,0,0,0,-50000,0,0,0,0,50000,-50000,-50000
08184P,可成永豐9B售03  ,0,0,0,0,0,0,0,0,0,-50000,0,0,0,0,50000,-50000,-50000
08199P,大毅元大9B售02  ,0,0,0,0,0,0,0,0,0,-50000,0,0,0,0,50000,-50000,-50000
07728P,臺股指凱基9A售20,0,0,0,0,0,0,0,0,0,-50000,0,0,0,5000,55000,-50000,-50000
07860P,臺股指麥證9A售06,0,0,0,0,50000,-50000,0,0,0,-50000,0,0,0,0,50000,-50000,-50000
07794P,智邦國票9A售03  ,0,0,0,0,0,0,0,0,0,-50000,0,0,0,0,50000,-50000,-50000
07981P,上銀群益9B售04  ,0,0,0,0,0,0,0,0,0,-50000,0,0,0,0,50000,-50000,-50000
068085,寶成凱基02購01  ,0,0,0,0,0,0,0,0,0,-50000,0,0,0,0,50000,-50000,-50000
068074,玉山金凱基01購01,0,0,0,0,0,0,0,0,0,-50000,0,0,0,3000,53000,-50000,-50000
067907,緯創國泰03購01  ,0,0,0,0,0,0,0,0,0,-50000,0,0,0,6000,56000,-50000,-50000
067877,T50反1群益01購07,0,0,0,0,0,0,0,0,0,-50000,0,0,0,0,50000,-50000,-50000
067670,微星元大01購06  ,0,0,0,0,0,0,0,0,0,-50000,0,0,0,40000,90000,-50000,-50000
067545,矽格群益01購02  ,0,0,0,0,0,0,0,0,0,-50000,0,0,0,92000,142000,-50000,-50000
067611,拓凱凱基02購01  ,0,0,0,0,0,0,0,0,0,-50000,0,0,0,50000,100000,-50000,-50000
067716,台船凱基01購01  ,0,0,0,0,0,0,0,0,0,-50000,0,0,0,94000,144000,-50000,-50000
067470,國巨元大01購10  ,0,0,0,0,0,0,0,0,0,-50000,0,0,0,14000,64000,-50000,-50000
067523,上証反群益06購01,0,0,0,0,0,0,0,0,0,-50000,0,0,0,20000,70000,-50000,-50000
067421,華邦電凱基01購02,0,0,0,0,0,0,0,0,0,-50000,0,0,0,0,50000,-50000,-50000
058522,聯茂元大99購07  ,0,0,0,0,0,0,0,0,0,-50000,0,0,0,0,50000,-50000,-50000
058488,華擎國票9A購01  ,0,0,0,0,0,0,0,0,0,-50000,0,0,0,0,50000,-50000,-50000
058297,茂林凱基9A購02  ,0,0,0,0,0,0,0,0,0,-50000,0,0,0,0,50000,-50000,-50000
058248,聯茂元大99購05  ,0,0,0,0,0,0,0,0,0,-50000,0,0,0,0,50000,-50000,-50000
059744,禾伸堂元富99購02,0,0,0,0,0,0,0,0,0,-50000,0,0,0,0,50000,-50000,-50000
059308,T50反1元大99購07,0,0,0,0,0,0,0,0,0,-50000,0,0,0,0,50000,-50000,-50000
058147,鈺齊元大99購01  ,0,0,0,0,0,0,0,0,0,-50000,0,0,0,12000,62000,-50000,-50000
060733,和大統一9C購01  ,0,0,0,0,0,0,0,0,0,-50000,0,0,0,0,50000,-50000,-50000
062631,奇力新國票9B購01,0,0,0,0,0,0,0,0,0,-50000,0,0,0,0,50000,-50000,-50000
055446,奇力新統一9A購01,0,0,0,0,0,0,0,0,0,-50000,0,0,0,0,50000,-50000,-50000
055241,T50反1統一99購01,0,0,0,0,0,0,0,0,0,-50000,0,0,0,0,50000,-50000,-50000
055168,光罩統一98購01  ,0,0,0,0,0,0,0,0,0,-50000,0,0,0,0,50000,-50000,-50000
058098,T50反1國泰9A購02,0,0,0,0,0,0,0,0,0,-50000,0,0,0,0,50000,-50000,-50000
058051,同欣電元大98購03,0,0,0,0,0,0,0,0,0,-50000,0,0,0,0,50000,-50000,-50000
058075,貿聯凱基99購02  ,0,0,0,0,0,0,0,0,0,-50000,0,0,0,0,50000,-50000,-50000
058017,漢唐凱基99購01  ,0,0,0,0,0,0,0,0,0,-50000,0,0,0,0,50000,-50000,-50000
054040,中石化元大9C購01,0,0,0,0,0,0,0,0,0,-50000,0,0,0,0,50000,-50000,-50000
057948,嘉聯益國票99購02,0,0,0,0,0,0,0,0,0,-50000,0,0,0,0,50000,-50000,-50000
058798,大立光元大99購11,0,0,0,0,0,0,0,0,0,-50000,0,0,0,0,50000,-50000,-50000
052659,上証2X國票99購01,0,0,0,0,0,0,0,0,0,-50000,0,0,0,0,50000,-50000,-50000
060492,元黃金元富9A購01,0,0,0,0,0,0,0,0,0,-50000,0,0,0,0,50000,-50000,-50000
060605,大立光凱基9C購01,0,0,0,0,0,0,0,0,0,-50000,0,0,0,0,50000,-50000,-50000
060562,旺宏富邦9C購02  ,0,0,0,0,0,0,0,0,0,-50000,0,0,0,100000,150000,-50000,-50000
060800,華新科第一9A購01,0,0,0,0,0,0,0,0,0,-50000,0,0,0,0,50000,-50000,-50000
060804,T50反1群益9A購02,0,0,0,0,0,0,0,0,0,-50000,0,0,0,0,50000,-50000,-50000
061271,聯茂凱基9A購04  ,0,0,0,0,0,0,0,0,0,-50000,0,0,0,0,50000,-50000,-50000
061834,華新科凱基02購02,0,0,0,0,0,0,0,0,0,-50000,0,0,0,0,50000,-50000,-50000
061857,康友國票9B購01  ,0,0,0,0,0,0,0,0,0,-50000,0,0,0,38000,88000,-50000,-50000
061766,華新科元大9B購02,0,0,0,0,0,0,0,0,0,-50000,0,0,0,0,50000,-50000,-50000
064013,創意國票01購01  ,0,0,0,0,0,0,0,0,0,-50000,0,0,0,14000,64000,-50000,-50000
064119,上銀元大9C購06  ,0,0,0,0,0,0,0,0,0,-50000,0,0,0,0,50000,-50000,-50000
064092,世紀鋼凱基9C購03,0,0,0,0,0,0,0,0,0,-50000,0,0,0,0,50000,-50000,-50000
060254,世紀鋼元大9A購01,0,0,0,0,0,0,0,0,0,-50000,0,0,0,0,50000,-50000,-50000
063709,上銀凱基9B購07  ,0,0,0,0,0,0,0,0,0,-50000,0,0,0,0,50000,-50000,-50000
063842,國巨元大9C購10  ,0,0,0,0,0,0,0,0,0,-50000,0,0,0,1000,51000,-50000,-50000
063795,上銀凱基9C購01  ,0,0,0,0,0,0,0,0,0,-50000,0,0,0,0,50000,-50000,-50000
062508,臺股指群益9B購03,0,0,0,0,0,0,0,0,0,-50000,0,0,0,0,50000,-50000,-50000
063482,緯穎元大9B購09  ,0,0,0,0,0,0,0,0,0,-50000,0,0,0,10000,60000,-50000,-50000
063528,元大金凱基9B購01,0,0,0,0,0,0,0,0,0,-50000,0,0,0,0,50000,-50000,-50000
062932,滬深2X凱基01購01,0,0,0,0,0,0,0,0,0,-50000,0,0,0,2000,52000,-50000,-50000
062885,臻鼎兆豐9C購01  ,0,0,0,0,0,0,0,0,0,-50000,0,0,0,197000,247000,-50000,-50000
060894,奇力新凱基9A購03,0,0,0,0,0,0,0,0,0,-50000,0,0,0,0,50000,-50000,-50000
062176,元金2X元大9B購01,0,0,0,0,0,0,0,0,0,-50000,0,0,0,0,50000,-50000,-50000
061571,奇力新元大9A購03,0,0,0,0,0,0,0,0,0,-50000,0,0,0,5000,55000,-50000,-50000
064896,華新科群益01購02,0,0,0,0,0,0,0,0,0,-50000,0,0,0,9000,59000,-50000,-50000
064583,光寶科永豐9C購01,0,0,0,0,0,0,0,0,0,-50000,0,0,0,0,50000,-50000,-50000
064306,和潤兆豐01購01  ,0,0,0,0,0,0,0,0,0,-50000,0,0,0,0,50000,-50000,-50000
064434,微星凱基02購01  ,0,0,0,0,0,0,0,0,0,-50000,0,0,0,25000,75000,-50000,-50000
064471,國巨麥證9C購02  ,0,0,0,0,51000,-51000,0,0,0,-50000,0,0,0,1000,51000,-50000,-50000
064500,國泰金元大9C購01,0,0,0,0,0,0,0,0,0,-50000,0,0,0,0,50000,-50000,-50000
065378,嘉澤元大01購01  ,0,0,0,0,0,0,0,0,0,-50000,0,0,0,8000,58000,-50000,-50000
065367,技嘉元大01購01  ,0,0,0,0,0,0,0,0,0,-50000,0,0,0,5000,55000,-50000,-50000
064920,景碩統一01購02  ,0,0,0,0,0,0,0,0,0,-50000,0,0,0,2000,52000,-50000,-50000
065234,旭富凱基01購01  ,0,0,0,0,0,0,0,0,0,-50000,0,0,0,0,50000,-50000,-50000
065105,巨大元大01購01  ,0,0,0,0,0,0,0,0,0,-50000,0,0,0,11000,61000,-50000,-50000
065811,億豐群益9C購01  ,0,0,0,0,0,0,0,0,0,-50000,0,0,0,66000,116000,-50000,-50000
065833,中租凱基02購01  ,0,0,0,0,0,0,0,0,0,-50000,0,0,0,10000,60000,-50000,-50000
066179,智伸科凱基01購01,0,0,0,0,0,0,0,0,0,-50000,0,0,0,0,50000,-50000,-50000
066246,中化元大01購01  ,0,0,0,0,0,0,0,0,0,-50000,0,0,0,0,50000,-50000,-50000
066201,大毅統一02購01  ,0,0,0,0,0,0,0,0,0,-50000,0,0,0,5000,55000,-50000,-50000
066013,友訊元富01購02  ,0,0,0,0,0,0,0,0,0,-50000,0,0,0,0,50000,-50000,-50000
065947,國巨統一02購03  ,0,0,0,0,0,0,0,0,0,-50000,0,0,0,0,50000,-50000,-50000
066063,南電元大01購04  ,0,0,0,0,0,0,0,0,0,-50000,0,0,0,13000,63000,-50000,-50000
066531,智伸科元富01購01,0,0,0,0,0,0,0,0,0,-50000,0,0,0,0,50000,-50000,-50000
066330,新興永豐01購01  ,0,0,0,0,0,0,0,0,0,-50000,0,0,0,10000,60000,-50000,-50000
066786,聯發科麥證01購05,0,0,0,10000,60000,-50000,0,0,0,-50000,0,0,0,10000,60000,-50000,-50000
066865,滬深2X元富01購02,0,0,0,0,0,0,0,0,0,-50000,0,0,0,0,50000,-50000,-50000
066866,滬深2X元富01購03,0,0,0,0,0,0,0,0,0,-50000,0,0,0,0,50000,-50000,-50000
066879,智伸科富邦03購01,0,0,0,0,0,0,0,0,0,-50000,0,0,0,166000,216000,-50000,-50000
066671,TPK凱基02購02   ,0,0,0,0,0,0,0,0,0,-50000,0,0,0,0,50000,-50000,-50000
066707,揚明光群益01購02,0,0,0,0,0,0,0,0,0,-50000,0,0,0,0,50000,-50000,-50000
2477,美隆電          ,0,48000,-48000,0,0,0,0,0,0,-2000,0,2000,-2000,0,0,0,-50000
2406,國碩            ,96887,147000,-50113,0,0,0,0,0,0,0,0,0,0,0,0,0,-50113
067469,國巨元大01購09  ,0,0,0,0,0,0,0,0,0,-51000,0,0,0,18000,69000,-51000,-51000
067245,康控群益01購03  ,0,0,0,0,0,0,0,0,0,-51000,0,0,0,0,51000,-51000,-51000
067323,美利達元大01購04,0,0,0,0,0,0,0,0,0,-51000,0,0,0,122000,173000,-51000,-51000
067848,臻鼎元富07購01  ,0,0,0,0,0,0,0,0,0,-51000,0,0,0,106000,157000,-51000,-51000
067537,大立光群益02購04,0,0,0,0,0,0,0,0,0,-51000,0,0,0,54000,105000,-51000,-51000
067879,元黃金群益01購02,0,0,0,0,0,0,0,0,0,-51000,0,0,0,0,51000,-51000,-51000
08450P,台積電統一9C售14,0,0,0,0,0,0,0,0,0,-51000,0,0,0,0,51000,-51000,-51000
03050X,元展47          ,0,0,0,0,0,0,0,0,0,-51000,0,0,0,0,51000,-51000,-51000
054104,T50反1凱基9A購02,0,0,0,0,0,0,0,0,0,-51000,0,0,0,0,51000,-51000,-51000
059828,健策凱基99購05  ,0,0,0,0,0,0,0,0,0,-51000,0,0,0,23000,74000,-51000,-51000
059403,T50反1台新03購03,0,0,0,0,0,0,0,0,0,-51000,0,0,0,0,51000,-51000,-51000
058328,世紀鋼統一9B購01,0,0,0,0,0,0,0,0,0,-51000,0,0,0,56000,107000,-51000,-51000
063676,上銀國泰9C購02  ,0,0,0,0,0,0,0,0,0,-51000,0,0,0,0,51000,-51000,-51000
064025,友達元大02購01  ,0,0,0,0,0,0,0,0,0,-51000,0,0,0,27000,78000,-51000,-51000
064045,南亞科統一9C購04,0,0,0,0,0,0,0,0,0,-51000,0,0,0,0,51000,-51000,-51000
060513,緯穎元大9B購01  ,0,0,0,0,0,0,0,0,0,-51000,0,0,0,21000,72000,-51000,-51000
066654,上証2X凱基03購02,0,0,0,0,0,0,0,0,0,-51000,0,0,0,6000,57000,-51000,-51000
066839,台灣50元大01購24,0,0,0,0,0,0,0,0,0,-51000,0,0,0,2000,53000,-51000,-51000
065178,和碩元大9C購01  ,0,0,0,0,0,0,0,0,0,-51000,0,0,0,0,51000,-51000,-51000
064917,元大金統一02購01,0,0,0,0,0,0,0,0,0,-51000,0,0,0,3000,54000,-51000,-51000
065598,微星元大01購02  ,0,0,0,0,0,0,0,0,0,-51000,0,0,0,0,51000,-51000,-51000
064691,友達群益9C購04  ,0,0,0,0,0,0,0,0,0,-51000,0,0,0,0,51000,-51000,-51000
064811,華擎元大01購01  ,0,0,0,0,0,0,0,0,0,-51000,0,0,0,10000,61000,-51000,-51000
2476,鉅祥            ,1000,52000,-51000,0,0,0,0,0,0,0,0,0,0,0,0,0,-51000
2466,冠西電          ,1000,49000,-48000,0,0,0,0,0,0,-3000,0,3000,-3000,0,0,0,-51000
08958P,鴻海凱基01售08  ,0,0,0,0,0,0,0,0,0,-51000,0,0,0,8000,59000,-51000,-51000
2108,南帝            ,357000,414000,-57000,0,0,0,4000,0,4000,2000,10000,8000,2000,0,0,0,-51000
08376P,南亞科元富9C售03,0,0,0,0,0,0,0,0,0,-52000,0,0,0,32000,84000,-52000,-52000
067179,健策康和01購01  ,0,0,0,0,0,0,0,0,0,-52000,0,0,0,5000,57000,-52000,-52000
058495,元大金群益9B購01,0,0,0,0,0,0,0,0,0,-52000,0,0,0,0,52000,-52000,-52000
059509,奇力新永豐99購02,0,0,0,0,0,0,0,0,0,-52000,0,0,0,9000,61000,-52000,-52000
059284,緯穎永豐99購03  ,0,0,0,0,0,0,0,0,0,-52000,0,0,0,0,52000,-52000,-52000
058899,旺宏元大99購10  ,0,0,0,0,0,0,0,0,0,-52000,0,0,0,50000,102000,-52000,-52000
061458,臻鼎凱基9A購02  ,0,0,0,0,0,0,0,0,0,-52000,0,0,0,0,52000,-52000,-52000
059925,可成國泰9B購01  ,0,0,0,0,0,0,0,0,0,-52000,0,0,0,38000,90000,-52000,-52000
057175,美律元大98購03  ,0,0,0,0,0,0,0,0,0,-52000,0,0,0,0,52000,-52000,-52000
060351,滬深2X元富9A購01,0,0,0,0,0,0,0,0,0,-52000,0,0,0,0,52000,-52000,-52000
063750,和鑫國票9B購01  ,0,0,0,0,0,0,0,0,0,-52000,0,0,0,65000,117000,-52000,-52000
063737,大立光元大9C購07,0,0,0,0,0,0,0,0,0,-52000,0,0,0,0,52000,-52000,-52000
060127,牧德永豐99購02  ,0,0,0,0,0,0,0,0,0,-52000,0,0,0,0,52000,-52000,-52000
062377,力成元大9B購01  ,0,0,0,0,0,0,0,0,0,-52000,0,0,0,41000,93000,-52000,-52000
062410,台積電第一9B購02,0,0,0,0,0,0,0,0,0,-52000,0,0,0,0,52000,-52000,-52000
062625,華通國票9B購02  ,0,0,0,0,0,0,0,0,0,-52000,0,0,0,0,52000,-52000,-52000
062640,訊連國票9C購01  ,0,0,0,0,0,0,0,0,0,-52000,0,0,0,128000,180000,-52000,-52000
064895,奇力新群益9C購02,0,0,0,0,0,0,0,0,0,-52000,0,0,0,0,52000,-52000,-52000
064482,微星永豐9C購01  ,0,0,0,0,0,0,0,0,0,-52000,0,0,0,10000,62000,-52000,-52000
064979,華擎元大9C購04  ,0,0,0,0,0,0,0,0,0,-52000,0,0,0,23000,75000,-52000,-52000
065200,健策元富9C購04  ,0,0,0,0,0,0,0,0,0,-52000,0,0,0,32000,84000,-52000,-52000
06624P,訊芯元大98售06  ,0,0,0,0,0,0,0,0,0,-52000,0,0,0,8000,60000,-52000,-52000
2059,川湖            ,23000,75000,-52000,0,0,0,0,1000,-1000,1000,1000,0,1000,0,0,0,-52000
5533,皇鼎            ,0,33000,-33000,0,0,0,0,0,0,-19000,0,19000,-19000,0,0,0,-52000
08352P,大立光群益01售02,0,0,0,0,0,0,0,0,0,-53000,0,0,0,0,53000,-53000,-53000
08168P,金像電群益9B售03,0,0,0,0,0,0,0,0,0,-53000,0,0,0,0,53000,-53000,-53000
055923,矽力凱基98購01  ,0,0,0,0,0,0,0,0,0,-53000,0,0,0,14000,67000,-53000,-53000
055572,鴻海統一98購04  ,0,0,0,0,0,0,0,0,0,-53000,0,0,0,0,53000,-53000,-53000
053537,玉晶光永豐98購02,0,0,0,0,0,0,0,0,0,-53000,0,0,0,7000,60000,-53000,-53000
03082P,鴻海元大01售21  ,0,0,0,0,0,0,0,0,0,-53000,0,0,0,0,53000,-53000,-53000
057494,玉晶光元大99購09,0,0,0,0,0,0,0,0,0,-53000,0,0,0,11000,64000,-53000,-53000
058684,健策凱基99購02  ,0,0,0,0,0,0,0,0,0,-53000,0,0,0,21000,74000,-53000,-53000
062628,廣達國票9B購01  ,0,0,0,0,0,0,0,0,0,-53000,0,0,0,0,53000,-53000,-53000
063325,SP黃豆國票9C購02,0,0,0,0,0,0,0,0,0,-53000,0,0,0,0,53000,-53000,-53000
064019,上銀元大9C購05  ,0,0,0,0,0,0,0,0,0,-53000,0,0,0,56000,109000,-53000,-53000
064099,億光群益9C購01  ,0,0,0,0,0,0,0,0,0,-53000,0,0,0,14000,67000,-53000,-53000
060544,國巨凱基9B購03  ,0,0,0,0,0,0,0,0,0,-53000,0,0,0,2000,55000,-53000,-53000
061266,國泰金凱基9B購01,0,0,0,0,0,0,0,0,0,-53000,0,0,0,0,53000,-53000,-53000
060788,嘉晶富邦9B購01  ,0,0,0,0,0,0,0,0,0,-53000,0,0,0,1000,54000,-53000,-53000
066302,卜蜂永豐01購01  ,0,0,0,0,0,0,0,0,0,-53000,0,0,0,22000,75000,-53000,-53000
065354,金像電元富03購01,0,0,0,0,0,0,0,0,0,-53000,0,0,0,6000,59000,-53000,-53000
1806,冠軍            ,19000,72000,-53000,0,0,0,0,0,0,0,0,0,0,0,0,0,-53000
1321,大洋            ,19000,72000,-53000,0,0,0,0,0,0,0,0,0,0,0,0,0,-53000
2484,希華            ,305000,354000,-49000,0,0,0,0,0,0,-4000,0,4000,-4000,0,0,0,-53000
2731,雄獅            ,22000,75000,-53000,0,0,0,0,0,0,0,0,0,0,0,0,0,-53000
07414P,台積電元大99售51,0,0,0,0,0,0,0,0,0,-54000,0,0,0,6000,60000,-54000,-54000
07634P,金像電元大9A售01,0,0,0,0,0,0,0,0,0,-54000,0,0,0,13000,67000,-54000,-54000
08695P,嘉晶群益01售01  ,0,0,0,0,0,0,0,0,0,-54000,0,0,0,10000,64000,-54000,-54000
066994,聯發科國泰03購02,0,0,0,0,0,0,0,0,0,-54000,0,0,0,107000,161000,-54000,-54000
067561,晶技國票02購01  ,0,0,0,0,0,0,0,0,0,-54000,0,0,0,18000,72000,-54000,-54000
054231,國巨群益98購03  ,0,0,0,0,0,0,0,0,0,-54000,0,0,0,0,54000,-54000,-54000
058822,樺漢國泰9B購01  ,0,0,0,0,0,0,0,0,0,-54000,0,0,0,2000,56000,-54000,-54000
064076,台積電中信06購02,0,0,0,0,0,0,0,0,0,-54000,0,0,0,31000,85000,-54000,-54000
064144,智邦統一01購02  ,0,0,0,0,0,0,0,0,0,-54000,0,0,0,13000,67000,-54000,-54000
063836,台塑元大9C購01  ,0,0,0,0,0,0,0,0,0,-54000,0,0,0,1000,55000,-54000,-54000
065420,中租國票01購01  ,0,0,0,0,0,0,0,0,0,-54000,0,0,0,0,54000,-54000,-54000
064451,技嘉統一01購02  ,0,0,0,0,0,0,0,0,0,-54000,0,0,0,84000,138000,-54000,-54000
066455,聯發科統一01購10,0,0,0,0,0,0,0,0,0,-54000,0,0,0,31000,85000,-54000,-54000
066598,致新群益02購01  ,0,0,0,0,0,0,0,0,0,-54000,0,0,0,12000,66000,-54000,-54000
066056,聯鈞元大01購02  ,0,0,0,0,0,0,0,0,0,-54000,0,0,0,0,54000,-54000,-54000
2701,萬企            ,1000,55000,-54000,0,0,0,0,0,0,0,0,0,0,0,0,0,-54000
1449,佳和            ,50000,104000,-54000,0,0,0,0,0,0,0,0,0,0,0,0,0,-54000
5706,鳳凰            ,15000,69000,-54000,0,0,0,0,0,0,0,0,0,0,0,0,0,-54000
067819,健策凱基01購03  ,0,0,0,0,0,0,0,0,0,-55000,0,0,0,22000,77000,-55000,-55000
067970,玉晶光群益02購20,0,0,0,0,0,0,0,0,0,-55000,0,0,0,31000,86000,-55000,-55000
067181,華通凱基01購02  ,0,0,0,0,0,0,0,0,0,-55000,0,0,0,15000,70000,-55000,-55000
067351,國巨群益01購08  ,0,0,0,0,0,0,0,0,0,-55000,0,0,0,70000,125000,-55000,-55000
08770P,上証2X凱基03售04,0,0,0,0,0,0,0,0,0,-55000,0,0,0,29000,84000,-55000,-55000
08307P,台積電凱基9C售03,0,0,0,0,0,0,0,0,0,-55000,0,0,0,0,55000,-55000,-55000
08447P,緯穎永豐9C售02  ,0,0,0,0,0,0,0,0,0,-55000,0,0,0,0,55000,-55000,-55000
08563P,金像電元富9C售03,0,0,0,0,0,0,0,0,0,-55000,0,0,0,278000,333000,-55000,-55000
056700,華新科國泰99購03,0,0,0,0,0,0,0,0,0,-55000,0,0,0,0,55000,-55000,-55000
052328,台表科中信99購01,0,0,0,0,0,0,0,0,0,-55000,0,0,0,40000,95000,-55000,-55000
059307,T50反1元大99購06,0,0,0,0,0,0,0,0,0,-55000,0,0,0,0,55000,-55000,-55000
059143,國巨國票9A購04  ,0,0,0,0,0,0,0,0,0,-55000,0,0,0,67000,122000,-55000,-55000
059454,亞光永豐99購01  ,0,0,0,0,0,0,0,0,0,-55000,0,0,0,12000,67000,-55000,-55000
057540,緯穎日盛99購01  ,0,0,0,0,0,0,0,0,0,-55000,0,0,0,0,55000,-55000,-55000
057818,泰碩元大9A購01  ,0,0,0,0,0,0,0,0,0,-55000,0,0,0,53000,108000,-55000,-55000
060236,精元元大9C購01  ,0,0,0,0,0,0,0,0,0,-55000,0,0,0,2000,57000,-55000,-55000
061198,世紀鋼永豐9A購03,0,0,0,0,0,0,0,0,0,-55000,0,0,0,54000,109000,-55000,-55000
063407,泰鼎國票9C購01  ,0,0,0,0,0,0,0,0,0,-55000,0,0,0,0,55000,-55000,-55000
063568,高鐵元大9B購01  ,0,0,0,0,0,0,0,0,0,-55000,0,0,0,5000,60000,-55000,-55000
062435,國巨元大9B購13  ,0,0,0,0,0,0,0,0,0,-55000,0,0,0,36000,91000,-55000,-55000
062293,麗豐永豐9B購01  ,0,0,0,0,0,0,0,0,0,-55000,0,0,0,0,55000,-55000,-55000
062700,台光電元大9B購05,0,0,0,0,0,0,0,0,0,-55000,0,0,0,3000,58000,-55000,-55000
066253,泰豐元大01購01  ,0,0,0,0,0,0,0,0,0,-55000,0,0,0,15000,70000,-55000,-55000
066403,台郡凱基01購02  ,0,0,0,0,0,0,0,0,0,-55000,0,0,0,10000,65000,-55000,-55000
064383,SP黃豆富邦01購01,0,0,0,0,0,0,0,0,0,-55000,0,0,0,0,55000,-55000,-55000
064481,技嘉永豐9C購01  ,0,0,0,0,0,0,0,0,0,-55000,0,0,0,69000,124000,-55000,-55000
9955,佳龍            ,61000,116000,-55000,0,0,0,0,0,0,0,0,0,0,0,0,0,-55000
08950P,臺股指國票01售07,0,0,0,0,0,0,0,0,0,-55000,0,0,0,50000,105000,-55000,-55000
2453,凌群            ,19000,70000,-51000,0,0,0,0,0,0,-4000,0,4000,-4000,0,0,0,-55000
2420,新巨            ,2000,56000,-54000,0,0,0,0,0,0,-1000,0,1000,-1000,0,0,0,-55000
07007P,台灣50台新01售02,0,0,0,0,0,0,0,0,0,-56000,0,0,0,0,56000,-56000,-56000
067888,奇力新群益01購02,0,0,0,0,0,0,0,0,0,-56000,0,0,0,60000,116000,-56000,-56000
067589,拓凱群益02購01  ,0,0,0,0,0,0,0,0,0,-56000,0,0,0,0,56000,-56000,-56000
067582,華通群益02購04  ,0,0,0,0,0,0,0,0,0,-56000,0,0,0,0,56000,-56000,-56000
063106,台表科群益9B購03,0,0,0,0,0,0,0,0,0,-56000,0,0,0,0,56000,-56000,-56000
061690,旺宏群益9A購05  ,0,0,0,0,0,0,0,0,0,-56000,0,0,0,0,56000,-56000,-56000
062406,臻鼎永豐9B購01  ,0,0,0,0,0,0,0,0,0,-56000,0,0,0,1000,57000,-56000,-56000
061306,瑞祺永豐9A購02  ,0,0,0,0,0,0,0,0,0,-56000,0,0,0,0,56000,-56000,-56000
063760,聯詠統一9C購02  ,0,0,0,0,0,0,0,0,0,-56000,0,0,0,1000,57000,-56000,-56000
064425,華新科兆豐9C購01,0,0,0,0,0,0,0,0,0,-56000,0,0,0,0,56000,-56000,-56000
064710,元金2X統一03購01,0,0,0,0,0,0,0,0,0,-56000,0,0,0,17000,73000,-56000,-56000
065394,英業達群益9C購01,0,0,0,0,0,0,0,0,0,-56000,0,0,0,25000,81000,-56000,-56000
065417,嘉晶國票01購02  ,0,0,0,0,0,0,0,0,0,-56000,0,0,0,2000,58000,-56000,-56000
065172,義隆元大9C購05  ,0,0,0,0,0,0,0,0,0,-56000,0,0,0,56000,112000,-56000,-56000
065150,上銀群益9C購03  ,0,0,0,0,0,0,0,0,0,-56000,0,0,0,42000,98000,-56000,-56000
066478,鴻海元富07購02  ,0,0,0,0,0,0,0,0,0,-56000,0,0,0,1000,57000,-56000,-56000
06682P,玉晶光元大99售08,0,0,0,0,0,0,0,0,0,-56000,0,0,0,0,56000,-56000,-56000
065704,華新科群益9C購05,0,0,0,0,0,0,0,0,0,-56000,0,0,0,0,56000,-56000,-56000
2459,敦吉            ,2000,57000,-55000,0,0,0,0,0,0,-1000,0,1000,-1000,0,0,0,-56000
1339,昭輝            ,8000,64000,-56000,0,0,0,0,0,0,0,0,0,0,0,0,0,-56000
1615,大山            ,8000,64000,-56000,0,0,0,0,0,0,0,0,0,0,0,0,0,-56000
6155,鈞寶            ,38000,93000,-55000,0,0,0,0,0,0,-1000,0,1000,-1000,0,0,0,-56000
067137,健策永豐01購03  ,0,0,0,0,0,0,0,0,0,-57000,0,0,0,10000,67000,-57000,-57000
08764P,台灣50富邦03售03,0,0,0,0,0,0,0,0,0,-57000,0,0,0,0,57000,-57000,-57000
057789,上銀統一9A購01  ,0,0,0,0,0,0,0,0,0,-57000,0,0,0,29000,86000,-57000,-57000
060675,南亞科元大9A購02,0,0,0,0,0,0,0,0,0,-57000,0,0,0,5000,62000,-57000,-57000
05750P,臺股指群益99售04,0,0,0,0,0,0,0,0,0,-57000,0,0,0,0,57000,-57000,-57000
063176,南亞科兆豐9B購01,0,0,0,0,0,0,0,0,0,-57000,0,0,0,0,57000,-57000,-57000
064007,嘉澤凱基02購01  ,0,0,0,0,0,0,0,0,0,-57000,0,0,0,59000,116000,-57000,-57000
063358,華擎國泰01購01  ,0,0,0,0,0,0,0,0,0,-57000,0,0,0,10000,67000,-57000,-57000
062226,臻鼎統一9B購01  ,0,0,0,0,0,0,0,0,0,-57000,0,0,0,0,57000,-57000,-57000
066165,大毅凱基01購01  ,0,0,0,0,0,0,0,0,0,-57000,0,0,0,303000,360000,-57000,-57000
064764,聯茂凱基01購01  ,0,0,0,0,0,0,0,0,0,-57000,0,0,0,0,57000,-57000,-57000
064441,嘉澤凱基9C購02  ,0,0,0,0,0,0,0,0,0,-57000,0,0,0,17000,74000,-57000,-57000
064552,巨大凱基01購01  ,0,0,0,0,0,0,0,0,0,-57000,0,0,0,15000,72000,-57000,-57000
1587,吉茂            ,32000,87000,-55000,0,0,0,0,0,0,-2000,0,2000,-2000,0,0,0,-57000
08952P,台積電元富07售08,0,0,0,0,0,0,0,0,0,-57000,0,0,0,109000,166000,-57000,-57000
2929,淘帝-KY         ,250000,307000,-57000,0,0,0,0,0,0,0,0,0,0,0,0,0,-57000
2832,台產            ,1000,58000,-57000,0,0,0,0,0,0,0,0,0,0,0,0,0,-57000
08703P,華碩凱基01售02  ,0,0,0,0,0,0,0,0,0,-58000,0,0,0,12000,70000,-58000,-58000
08845P,友訊元大01售05  ,0,0,0,0,0,0,0,0,0,-58000,0,0,0,15000,73000,-58000,-58000
08061P,大毅國票9B售04  ,0,0,0,0,0,0,0,0,0,-58000,0,0,0,0,58000,-58000,-58000
07756P,台灣50國票04售01,0,0,0,0,0,0,0,0,0,-58000,0,0,0,50000,108000,-58000,-58000
057824,日月光元大98購01,0,0,0,0,0,0,0,0,0,-58000,0,0,0,60000,118000,-58000,-58000
059754,訊芯群益9A購01  ,0,0,0,0,0,0,0,0,0,-58000,0,0,0,0,58000,-58000,-58000
058145,聯茂元大99購03  ,0,0,0,0,0,0,0,0,0,-58000,0,0,0,0,58000,-58000,-58000
058677,矽格群益99購01  ,0,0,0,0,0,0,0,0,0,-58000,0,0,0,40000,98000,-58000,-58000
058387,國巨國票9A購03  ,0,0,0,0,0,0,0,0,0,-58000,0,0,0,17000,75000,-58000,-58000
03057P,亞德客凱基01售02,0,0,0,0,0,0,0,0,0,-58000,0,0,0,0,58000,-58000,-58000
03027P,玉晶光元大01售09,0,0,0,0,0,0,0,0,0,-58000,0,0,0,96000,154000,-58000,-58000
062806,世芯統一02購01  ,0,0,0,0,0,0,0,0,0,-58000,0,0,0,0,58000,-58000,-58000
062324,上銀統一9B購04  ,0,0,0,0,0,0,0,0,0,-58000,0,0,0,0,58000,-58000,-58000
061745,南電凱基9B購02  ,0,0,0,0,0,0,0,0,0,-58000,0,0,0,0,58000,-58000,-58000
062432,上銀元大9B購04  ,0,0,0,0,0,0,0,0,0,-58000,0,0,0,0,58000,-58000,-58000
060367,緯穎元富9A購02  ,0,0,0,0,0,0,0,0,0,-58000,0,0,0,70000,128000,-58000,-58000
064230,上銀統一01購04  ,0,0,0,0,0,0,0,0,0,-58000,0,0,0,0,58000,-58000,-58000
064266,聯茂永豐9C購01  ,0,0,0,0,0,0,0,0,0,-58000,0,0,0,22000,80000,-58000,-58000
064596,台表科統一01購03,0,0,0,0,0,0,0,0,0,-58000,0,0,0,16000,74000,-58000,-58000
066193,致新凱基01購01  ,0,0,0,0,0,0,0,0,0,-58000,0,0,0,0,58000,-58000,-58000
06658P,台灣50富邦9C售01,0,0,0,0,0,0,0,0,0,-58000,0,0,0,192000,250000,-58000,-58000
066529,巨大統一03購01  ,0,0,0,0,0,0,0,0,0,-58000,0,0,0,88000,146000,-58000,-58000
1234,黑松            ,1000,59000,-58000,0,0,0,0,0,0,0,0,0,0,0,0,0,-58000
08648P,健策凱基9C售05  ,0,0,0,0,0,0,0,0,0,-59000,0,0,0,5000,64000,-59000,-59000
08498P,大立光國票01售02,0,0,0,0,0,0,0,0,0,-59000,0,0,0,0,59000,-59000,-59000
08455P,台積電凱基9C售05,0,0,0,0,0,0,0,0,0,-59000,0,0,0,73000,132000,-59000,-59000
067485,緯創元大01購01  ,0,0,0,0,0,0,0,0,0,-59000,0,0,0,107000,166000,-59000,-59000
057927,勤誠凱基98購01  ,0,0,0,0,0,0,0,0,0,-59000,0,0,0,0,59000,-59000,-59000
058507,美律元大9A購01  ,0,0,0,0,0,0,0,0,0,-59000,0,0,0,0,59000,-59000,-59000
058658,瑞儀中信99購01  ,0,0,0,0,0,0,0,0,0,-59000,0,0,0,20000,79000,-59000,-59000
058242,玉晶光元大9A購01,0,0,0,0,0,0,0,0,0,-59000,0,0,0,162000,221000,-59000,-59000
059643,日月光凱基99購02,0,0,0,0,0,0,0,0,0,-59000,0,0,0,20000,79000,-59000,-59000
061463,智邦群益9A購02  ,0,0,0,0,0,0,0,0,0,-59000,0,0,0,0,59000,-59000,-59000
061388,台積電群益9A購05,0,0,0,0,0,0,0,0,0,-59000,0,0,0,13000,72000,-59000,-59000
060410,台苯永豐9A購01  ,0,0,0,0,0,0,0,0,0,-59000,0,0,0,0,59000,-59000,-59000
061609,華新科統一9C購01,0,0,0,0,0,0,0,0,0,-59000,0,0,0,100000,159000,-59000,-59000
063893,微星群益9C購01  ,0,0,0,0,0,0,0,0,0,-59000,0,0,0,0,59000,-59000,-59000
066796,台積電凱基02購08,0,0,0,0,0,0,0,0,0,-59000,0,0,0,112000,171000,-59000,-59000
066771,滬深2X富邦02購01,0,0,0,0,0,0,0,0,0,-59000,0,0,0,1000,60000,-59000,-59000
065781,創意富邦01購01  ,0,0,0,0,0,0,0,0,0,-59000,0,0,0,403000,462000,-59000,-59000
065881,京元電台新9C購01,0,0,0,0,0,0,0,0,0,-59000,0,0,0,39000,98000,-59000,-59000
065129,上銀兆豐01購01  ,0,0,0,0,0,0,0,0,0,-59000,0,0,0,0,59000,-59000,-59000
065366,英業達元大9C購02,0,0,0,0,0,0,0,0,0,-59000,0,0,0,62000,121000,-59000,-59000
065343,智邦統一01購03  ,0,0,0,0,0,0,0,0,0,-59000,0,0,0,0,59000,-59000,-59000
2405,浩鑫            ,9000,68000,-59000,0,0,0,0,0,0,0,0,0,0,0,0,0,-59000
2423,固緯            ,4000,59000,-55000,0,0,0,0,0,0,-4000,0,4000,-4000,0,0,0,-59000
6142,友勁            ,82000,141000,-59000,0,0,0,0,0,0,0,0,0,0,0,0,0,-59000
5225,東科-KY         ,8000,67000,-59000,0,0,0,0,0,0,0,0,0,0,0,0,0,-59000
067064,為升元大01購02  ,0,0,0,0,0,0,0,0,0,-60000,0,0,0,0,60000,-60000,-60000
066896,緯穎兆豐03購01  ,0,0,0,0,0,0,0,0,0,-60000,0,0,0,2000,62000,-60000,-60000
067584,技嘉群益02購01  ,0,0,0,0,0,0,0,0,0,-60000,0,0,0,75000,135000,-60000,-60000
067591,聚陽凱基02購02  ,0,0,0,0,0,0,0,0,0,-60000,0,0,0,2000,62000,-60000,-60000
068076,欣興凱基01購05  ,0,0,0,0,0,0,0,0,0,-60000,0,0,0,4000,64000,-60000,-60000
08578P,TPK元大9C售04   ,0,0,0,0,0,0,0,0,0,-60000,0,0,0,22000,82000,-60000,-60000
08705P,臺股指群益01售02,0,0,0,0,0,0,0,0,0,-60000,0,0,0,5000,65000,-60000,-60000
08879P,台積電凱基01售12,0,0,0,0,0,0,0,0,0,-60000,0,0,0,135000,195000,-60000,-60000
07870P,鴻海群益9B售01  ,0,0,0,0,0,0,0,0,0,-60000,0,0,0,1000,61000,-60000,-60000
08062P,華擎國票9B售03  ,0,0,0,0,0,0,0,0,0,-60000,0,0,0,0,60000,-60000,-60000
08098P,大立光凱基9B售09,0,0,0,0,0,0,0,0,0,-60000,0,0,0,10000,70000,-60000,-60000
07085P,超眾元富9C售01  ,0,0,0,0,0,0,0,0,0,-60000,0,0,0,20000,80000,-60000,-60000
057763,康控凱基99購02  ,0,0,0,0,0,0,0,0,0,-60000,0,0,0,20000,80000,-60000,-60000
057377,康控元大99購02  ,0,0,0,0,0,0,0,0,0,-60000,0,0,0,0,60000,-60000,-60000
057422,欣興凱基98購04  ,0,0,0,0,0,0,0,0,0,-60000,0,0,0,0,60000,-60000,-60000
059301,華新科群益99購04,0,0,0,0,0,0,0,0,0,-60000,0,0,0,0,60000,-60000,-60000
058182,日電貿國泰9A購01,0,0,0,0,0,0,0,0,0,-60000,0,0,0,0,60000,-60000,-60000
058552,欣興永豐99購01  ,0,0,0,0,0,0,0,0,0,-60000,0,0,0,25000,85000,-60000,-60000
058722,台郡元富99購01  ,0,0,0,0,0,0,0,0,0,-60000,0,0,0,1000,61000,-60000,-60000
058401,華航元大9A購01  ,0,0,0,0,0,0,0,0,0,-60000,0,0,0,0,60000,-60000,-60000
056451,可成凱基99購01  ,0,0,0,0,0,0,0,0,0,-60000,0,0,0,0,60000,-60000,-60000
03017X,元展17          ,0,0,0,0,0,0,0,0,0,-60000,0,0,0,0,60000,-60000,-60000
00635U,元大S&P黃金     ,7000,1000,6000,0,0,0,0,0,0,-66000,0,0,0,1034000,1100000,-66000,-60000
006205,富邦上証        ,78000,116000,-38000,0,0,0,0,0,0,-22000,0,0,0,1304000,1326000,-22000,-60000
0061,元大寶滬深      ,82000,51000,31000,0,0,0,0,0,0,-91000,10000,123000,-113000,169000,147000,22000,-60000
056584,鴻海統一9B購01  ,0,0,0,0,0,0,0,0,0,-60000,0,0,0,1935000,1995000,-60000,-60000
047571,滬深2X群益99購01,0,0,0,0,0,0,0,0,0,-60000,0,0,0,0,60000,-60000,-60000
060814,健策凱基9B購01  ,0,0,0,0,0,0,0,0,0,-60000,0,0,0,14000,74000,-60000,-60000
062528,全新統一9C購01  ,0,0,0,0,0,0,0,0,0,-60000,0,0,0,0,60000,-60000,-60000
062574,美食群益9B購02  ,0,0,0,0,0,0,0,0,0,-60000,0,0,0,0,60000,-60000,-60000
063079,儒鴻凱基9B購01  ,0,0,0,0,0,0,0,0,0,-60000,0,0,0,0,60000,-60000,-60000
063064,台表科元富9B購01,0,0,0,0,0,0,0,0,0,-60000,0,0,0,0,60000,-60000,-60000
065099,聯茂元大9C購03  ,0,0,0,0,0,0,0,0,0,-60000,0,0,0,25000,85000,-60000,-60000
064949,南亞科凱基9C購01,0,0,0,0,0,0,0,0,0,-60000,0,0,0,18000,78000,-60000,-60000
064671,聯茂元大9C購02  ,0,0,0,0,0,0,0,0,0,-60000,0,0,0,23000,83000,-60000,-60000
064762,致伸凱基9C購02  ,0,0,0,0,0,0,0,0,0,-60000,0,0,0,0,60000,-60000,-60000
064465,台表科統一01購02,0,0,0,0,0,0,0,0,0,-60000,0,0,0,16000,76000,-60000,-60000
066078,南電凱基02購02  ,0,0,0,0,0,0,0,0,0,-60000,0,0,0,0,60000,-60000,-60000
067608,嘉澤凱基01購02  ,0,0,0,0,0,0,0,0,0,-61000,0,0,0,9000,70000,-61000,-61000
067689,惠特元大01購03  ,0,0,0,0,0,0,0,0,0,-61000,0,0,0,0,61000,-61000,-61000
067799,玉晶光康和01購01,0,0,0,0,0,0,0,0,0,-61000,0,0,0,40000,101000,-61000,-61000
067806,宏碁凱基02購01  ,0,0,0,0,0,0,0,0,0,-61000,0,0,0,114000,175000,-61000,-61000
067527,遠東新群益01購01,0,0,0,0,0,0,0,0,0,-61000,0,0,0,70000,131000,-61000,-61000
058646,聯茂富邦9A購01  ,0,0,0,0,0,0,0,0,0,-61000,0,0,0,0,61000,-61000,-61000
060944,國泰金國票9A購01,0,0,0,0,0,0,0,0,0,-61000,0,0,0,0,61000,-61000,-61000
062398,建準永豐9B購01  ,0,0,0,0,0,0,0,0,0,-61000,0,0,0,14000,75000,-61000,-61000
061257,上銀凱基9A購06  ,0,0,0,0,0,0,0,0,0,-61000,0,0,0,27000,88000,-61000,-61000
060541,正隆凱基9A購01  ,0,0,0,0,0,0,0,0,0,-61000,0,0,0,0,61000,-61000,-61000
064103,大立光群益9C購03,0,0,0,0,0,0,0,0,0,-61000,0,0,0,0,61000,-61000,-61000
066530,美律元富04購01  ,0,0,0,0,0,0,0,0,0,-61000,0,0,0,80000,141000,-61000,-61000
064504,玉晶光元大01購02,0,0,0,0,0,0,0,0,0,-61000,0,0,0,6000,67000,-61000,-61000
065104,南茂元大9C購02  ,0,0,0,0,0,0,0,0,0,-61000,0,0,0,61000,122000,-61000,-61000
6108,競國            ,3000,61000,-58000,0,0,0,0,0,0,-3000,0,3000,-3000,0,0,0,-61000
3013,晟銘電          ,3000,64000,-61000,0,0,0,0,0,0,0,0,0,0,0,0,0,-61000
1537,廣隆            ,36000,94000,-58000,0,0,0,0,0,0,-3000,0,3000,-3000,0,0,0,-61000
067350,鴻海群益02購02  ,0,0,0,0,0,0,0,0,0,-62000,0,0,0,175000,237000,-62000,-62000
067168,國巨麥證01購05  ,0,0,0,7000,86000,-79000,0,0,0,-62000,0,0,0,24000,86000,-62000,-62000
07150P,和碩元大99售01  ,0,0,0,0,0,0,0,0,0,-62000,0,0,0,40000,102000,-62000,-62000
08934P,鴻海元大01售18  ,0,0,0,0,0,0,0,0,0,-62000,0,0,0,0,62000,-62000,-62000
08779P,旺宏群益01售04  ,0,0,0,0,0,0,0,0,0,-62000,0,0,0,0,62000,-62000,-62000
08647P,鴻海凱基9C售06  ,0,0,0,0,0,0,0,0,0,-62000,0,0,0,0,62000,-62000,-62000
08298P,大立光國票9C售01,0,0,0,0,0,0,0,0,0,-62000,0,0,0,0,62000,-62000,-62000
058555,矽創永豐9A購01  ,0,0,0,0,0,0,0,0,0,-62000,0,0,0,0,62000,-62000,-62000
063296,可成麥證9B購01  ,0,0,0,0,62000,-62000,0,0,0,-62000,0,0,0,0,62000,-62000,-62000
064117,中興電元大9C購01,0,0,0,0,0,0,0,0,0,-62000,0,0,0,7000,69000,-62000,-62000
063927,奇力新統一02購01,0,0,0,0,0,0,0,0,0,-62000,0,0,0,10000,72000,-62000,-62000
060188,華新科元富9A購03,0,0,0,0,0,0,0,0,0,-62000,0,0,0,0,62000,-62000,-62000
061790,中租群益9B購01  ,0,0,0,0,0,0,0,0,0,-62000,0,0,0,0,62000,-62000,-62000
061717,力成凱基9B購01  ,0,0,0,0,0,0,0,0,0,-62000,0,0,0,0,62000,-62000,-62000
063082,瑞昱凱基9B購04  ,0,0,0,0,0,0,0,0,0,-62000,0,0,0,3000,65000,-62000,-62000
063073,瑞昱永豐9B購01  ,0,0,0,0,0,0,0,0,0,-62000,0,0,0,0,62000,-62000,-62000
062652,上証2X永豐9B購01,0,0,0,0,0,0,0,0,0,-62000,0,0,0,33000,95000,-62000,-62000
064918,中信金統一02購01,0,0,0,0,0,0,0,0,0,-62000,0,0,0,2000,64000,-62000,-62000
065570,台光電群益01購01,0,0,0,0,0,0,0,0,0,-62000,0,0,0,88000,150000,-62000,-62000
066454,金像電統一01購03,0,0,0,0,0,0,0,0,0,-62000,0,0,0,15000,77000,-62000,-62000
066094,元黃金中信03購01,0,0,0,0,0,0,0,0,0,-62000,0,0,0,0,62000,-62000,-62000
066166,大毅凱基02購01  ,0,0,0,0,0,0,0,0,0,-62000,0,0,0,83000,145000,-62000,-62000
066173,泰碩凱基02購01  ,0,0,0,0,0,0,0,0,0,-62000,0,0,0,0,62000,-62000,-62000
1808,潤隆            ,15000,76000,-61000,0,0,0,0,0,0,-1000,0,1000,-1000,0,0,0,-62000
08261P,玉晶光元大9C售08,0,0,0,0,0,0,0,0,0,-63000,0,0,0,35000,98000,-63000,-63000
06950P,鴻海統一9B售02  ,0,0,0,0,0,0,0,0,0,-63000,0,0,0,0,63000,-63000,-63000
07595P,台灣50中信03售07,0,0,0,0,0,0,0,0,0,-63000,0,0,0,0,63000,-63000,-63000
08192P,大毅國票9B售05  ,0,0,0,0,0,0,0,0,0,-63000,0,0,0,0,63000,-63000,-63000
067629,亞德客永豐01購01,0,0,0,0,0,0,0,0,0,-63000,0,0,0,0,63000,-63000,-63000
058188,華擎永豐99購01  ,0,0,0,0,0,0,0,0,0,-63000,0,0,0,35000,98000,-63000,-63000
062606,聯電凱基9C購02  ,0,0,0,0,0,0,0,0,0,-63000,0,0,0,3000,66000,-63000,-63000
063339,智邦統一01購01  ,0,0,0,0,0,0,0,0,0,-63000,0,0,0,2000,65000,-63000,-63000
063481,緯穎元大9B購08  ,0,0,0,0,0,0,0,0,0,-63000,0,0,0,8000,71000,-63000,-63000
063803,世紀鋼凱基01購01,0,0,0,0,0,0,0,0,0,-63000,0,0,0,2000,65000,-63000,-63000
063952,玉晶光元大01購01,0,0,0,0,0,0,0,0,0,-63000,0,0,0,10000,73000,-63000,-63000
064021,國巨元大9C購15  ,0,0,0,0,0,0,0,0,0,-63000,0,0,0,13000,76000,-63000,-63000
066268,宏達電元大01購02,0,0,0,0,0,0,0,0,0,-63000,0,0,0,2000,65000,-63000,-63000
065530,亞德客統一9C購02,0,0,0,0,0,0,0,0,0,-63000,0,0,0,25000,88000,-63000,-63000
065437,台表科凱基9C購03,0,0,0,0,0,0,0,0,0,-63000,0,0,0,43000,106000,-63000,-63000
065036,世芯統一02購02  ,0,0,0,0,0,0,0,0,0,-63000,0,0,0,26000,89000,-63000,-63000
064419,鴻海兆豐9C購01  ,0,0,0,0,0,0,0,0,0,-63000,0,0,0,15000,78000,-63000,-63000
2530,華建            ,8000,71000,-63000,0,0,0,0,0,0,0,0,0,0,0,0,0,-63000
068118,欣興元富07購03  ,0,0,0,0,0,0,0,0,0,-64000,0,0,0,4000,68000,-64000,-64000
057771,鴻海群益99購01  ,0,0,0,0,0,0,0,0,0,-64000,0,0,0,40000,104000,-64000,-64000
062164,禾伸堂國泰01購01,0,0,0,0,0,0,0,0,0,-64000,0,0,0,0,64000,-64000,-64000
064377,宏達電元富9C購01,0,0,0,0,0,0,0,0,0,-64000,0,0,0,49000,113000,-64000,-64000
064882,同欣電兆豐9C購01,0,0,0,0,0,0,0,0,0,-64000,0,0,0,1000,65000,-64000,-64000
066577,巨大元大01購02  ,0,0,0,0,0,0,0,0,0,-64000,0,0,0,52000,116000,-64000,-64000
066731,瑞昱元大01購01  ,0,0,0,0,0,0,0,0,0,-64000,0,0,0,49000,113000,-64000,-64000
068029,台積電元富07購09,0,0,0,0,0,0,0,0,0,-65000,0,0,0,188000,253000,-65000,-65000
06822P,上銀富邦99售03  ,0,0,0,0,0,0,0,0,0,-65000,0,0,0,200000,265000,-65000,-65000
067927,瑞祺兆豐01購01  ,0,0,0,0,0,0,0,0,0,-65000,0,0,0,0,65000,-65000,-65000
067656,新日興元富07購01,0,0,0,0,0,0,0,0,0,-65000,0,0,0,85000,150000,-65000,-65000
067831,聯電統一03購01  ,0,0,0,0,0,0,0,0,0,-65000,0,0,0,1148000,1213000,-65000,-65000
067108,大毅群益01購01  ,0,0,0,0,0,0,0,0,0,-65000,0,0,0,92000,157000,-65000,-65000
067233,微星群益02購02  ,0,0,0,0,0,0,0,0,0,-65000,0,0,0,0,65000,-65000,-65000
08670P,健策統一01售01  ,0,0,0,0,0,0,0,0,0,-65000,0,0,0,104000,169000,-65000,-65000
08813P,聯發科群益01售02,0,0,0,0,0,0,0,0,0,-65000,0,0,0,15000,80000,-65000,-65000
062755,茂林麥證9B購01  ,0,0,0,0,65000,-65000,0,0,0,-65000,0,0,0,0,65000,-65000,-65000
063125,華擎元大9C購02  ,0,0,0,0,0,0,0,0,0,-65000,0,0,0,23000,88000,-65000,-65000
063598,國巨凱基9B購14  ,0,0,0,0,0,0,0,0,0,-65000,0,0,0,34000,99000,-65000,-65000
061722,健策永豐9B購03  ,0,0,0,0,0,0,0,0,0,-65000,0,0,0,6000,71000,-65000,-65000
060259,潤泰全凱基9C購01,0,0,0,0,0,0,0,0,0,-65000,0,0,0,35000,100000,-65000,-65000
066037,華通元大01購03  ,0,0,0,0,0,0,0,0,0,-65000,0,0,0,0,65000,-65000,-65000
065903,聯發科富邦02購02,0,0,0,0,0,0,0,0,0,-65000,0,0,0,352000,417000,-65000,-65000
064891,台達電群益9C購01,0,0,0,0,0,0,0,0,0,-65000,0,0,0,10000,75000,-65000,-65000
064810,嘉晶元大01購01  ,0,0,0,0,0,0,0,0,0,-65000,0,0,0,3000,68000,-65000,-65000
064338,美食元大9C購01  ,0,0,0,0,0,0,0,0,0,-65000,0,0,0,0,65000,-65000,-65000
064936,世紀鋼統一9C購02,0,0,0,0,0,0,0,0,0,-65000,0,0,0,140000,205000,-65000,-65000
065095,玉晶光元大02購02,0,0,0,0,0,0,0,0,0,-65000,0,0,0,29000,94000,-65000,-65000
065193,和大元富03購02  ,0,0,0,0,0,0,0,0,0,-65000,0,0,0,20000,85000,-65000,-65000
3032,偉訓            ,26000,91000,-65000,0,0,0,0,0,0,0,0,0,0,0,0,0,-65000
6541,泰福-KY         ,31000,96000,-65000,0,0,0,0,0,0,0,0,0,0,0,0,0,-65000
067089,瑞祺元大01購04  ,0,0,0,0,0,0,0,0,0,-66000,0,0,0,2000,68000,-66000,-66000
067583,金像電群益01購05,0,0,0,0,0,0,0,0,0,-66000,0,0,0,28000,94000,-66000,-66000
068065,京鼎兆豐01購02  ,0,0,0,0,0,0,0,0,0,-66000,0,0,0,0,66000,-66000,-66000
059198,華新科永豐99購06,0,0,0,0,0,0,0,0,0,-66000,0,0,0,0,66000,-66000,-66000
058405,訊連元大99購02  ,0,0,0,0,0,0,0,0,0,-66000,0,0,0,30000,96000,-66000,-66000
060819,國巨統一9C購04  ,0,0,0,0,0,0,0,0,0,-66000,0,0,0,16000,82000,-66000,-66000
061206,旺宏元大9A購12  ,0,0,0,0,0,0,0,0,0,-66000,0,0,0,2000,68000,-66000,-66000
063374,嘉澤永豐9B購04  ,0,0,0,0,0,0,0,0,0,-66000,0,0,0,16000,82000,-66000,-66000
063368,遠東新永豐9B購01,0,0,0,0,0,0,0,0,0,-66000,0,0,0,9000,75000,-66000,-66000
063621,華新科兆豐9B購02,0,0,0,0,0,0,0,0,0,-66000,0,0,0,0,66000,-66000,-66000
062643,緯穎國票9B購01  ,0,0,0,0,0,0,0,0,0,-66000,0,0,0,0,66000,-66000,-66000
065101,力成元大9C購05  ,0,0,0,0,0,0,0,0,0,-66000,0,0,0,50000,116000,-66000,-66000
064931,南六統一9C購05  ,0,0,0,0,0,0,0,0,0,-66000,0,0,0,99000,165000,-66000,-66000
065495,上銀富邦01購02  ,0,0,0,0,0,0,0,0,0,-66000,0,0,0,101000,167000,-66000,-66000
064292,南茂元大01購01  ,0,0,0,0,0,0,0,0,0,-66000,0,0,0,0,66000,-66000,-66000
064483,瑞儀永豐9C購01  ,0,0,0,0,0,0,0,0,0,-66000,0,0,0,188000,254000,-66000,-66000
066138,健策群益01購05  ,0,0,0,0,0,0,0,0,0,-66000,0,0,0,38000,104000,-66000,-66000
066856,致新元大01購01  ,0,0,0,0,0,0,0,0,0,-66000,0,0,0,5000,71000,-66000,-66000
066347,鎧勝永豐01購01  ,0,0,0,0,0,0,0,0,0,-66000,0,0,0,34000,100000,-66000,-66000
6605,帝寶            ,15000,79000,-64000,0,0,0,0,0,0,-2000,0,2000,-2000,0,0,0,-66000
4746,台耀            ,287000,342000,-55000,0,0,0,0,0,0,-11000,4000,15000,-11000,0,0,0,-66000
2706,第一店          ,3000,68000,-65000,0,0,0,0,0,0,-1000,0,1000,-1000,0,0,0,-66000
2109,華豐            ,5000,71000,-66000,0,0,0,0,0,0,0,0,0,0,0,0,0,-66000
1337,再生-KY         ,45000,111000,-66000,0,0,0,0,0,0,0,0,0,0,0,0,0,-66000
066988,新唐群益02購01  ,0,0,0,0,0,0,0,0,0,-67000,0,0,0,0,67000,-67000,-67000
067429,國揚凱基02購01  ,0,0,0,0,0,0,0,0,0,-67000,0,0,0,10000,77000,-67000,-67000
07222P,台灣50元大01售04,0,0,0,0,0,0,0,0,0,-67000,0,0,0,0,67000,-67000,-67000
058650,台虹永豐9A購01  ,0,0,0,0,0,0,0,0,0,-67000,0,0,0,78000,145000,-67000,-67000
058156,超眾統一9A購02  ,0,0,0,0,0,0,0,0,0,-67000,0,0,0,36000,103000,-67000,-67000
057740,茂林富邦9A購01  ,0,0,0,0,0,0,0,0,0,-67000,0,0,0,46000,113000,-67000,-67000
060698,旺宏國泰9C購01  ,0,0,0,0,0,0,0,0,0,-67000,0,0,0,23000,90000,-67000,-67000
055486,國巨元大98購06  ,0,0,0,0,0,0,0,0,0,-67000,0,0,0,65000,132000,-67000,-67000
062763,華擎凱基9C購02  ,0,0,0,0,0,0,0,0,0,-67000,0,0,0,10000,77000,-67000,-67000
060509,宏達電元大9A購02,0,0,0,0,0,0,0,0,0,-67000,0,0,0,4000,71000,-67000,-67000
060790,日月光富邦9A購01,0,0,0,0,0,0,0,0,0,-67000,0,0,0,357000,424000,-67000,-67000
063884,台表科元富03購01,0,0,0,0,0,0,0,0,0,-67000,0,0,0,4000,71000,-67000,-67000
066600,瀚宇博國泰03購01,0,0,0,0,0,0,0,0,0,-67000,0,0,0,29000,96000,-67000,-67000
065674,華擎凱基9C購03  ,0,0,0,0,0,0,0,0,0,-67000,0,0,0,70000,137000,-67000,-67000
064473,技嘉麥證9C購01  ,0,0,0,51000,118000,-67000,0,0,0,-67000,0,0,0,51000,118000,-67000,-67000
08849P,國巨群益01售07  ,0,0,0,0,0,0,0,0,0,-68000,0,0,0,0,68000,-68000,-68000
08366P,祥碩凱基9C售04  ,0,0,0,0,0,0,0,0,0,-68000,0,0,0,4000,72000,-68000,-68000
067326,世紀鋼元大01購02,0,0,0,0,0,0,0,0,0,-68000,0,0,0,68000,136000,-68000,-68000
067284,華新科國票02購01,0,0,0,0,0,0,0,0,0,-68000,0,0,0,35000,103000,-68000,-68000
067078,京鼎元大01購04  ,0,0,0,0,0,0,0,0,0,-68000,0,0,0,100000,168000,-68000,-68000
067065,為升元大01購03  ,0,0,0,0,0,0,0,0,0,-68000,0,0,0,0,68000,-68000,-68000
068142,鴻海元大02購02  ,0,0,0,0,0,0,0,0,0,-68000,0,0,0,0,68000,-68000,-68000
067973,玉晶光群益02購23,0,0,0,0,0,0,0,0,0,-68000,0,0,0,10000,78000,-68000,-68000
067816,玉晶光凱基01購05,0,0,0,0,0,0,0,0,0,-68000,0,0,0,0,68000,-68000,-68000
067772,超眾統一03購02  ,0,0,0,0,0,0,0,0,0,-68000,0,0,0,0,68000,-68000,-68000
03092P,臺股指元大01售21,0,0,0,0,0,0,0,0,0,-68000,0,0,0,0,68000,-68000,-68000
00665L,富邦恒生國企正2 ,14000,72000,-58000,0,0,0,0,0,0,-10000,0,0,0,201000,211000,-10000,-68000
057536,康控元大99購03  ,0,0,0,0,0,0,0,0,0,-68000,0,0,0,0,68000,-68000,-68000
059298,大立光元富9C購02,0,0,0,0,0,0,0,0,0,-68000,0,0,0,46000,114000,-68000,-68000
058236,大立光元大99購09,0,0,0,0,0,0,0,0,0,-68000,0,0,0,0,68000,-68000,-68000
059756,奇力新富邦9C購01,0,0,0,0,0,0,0,0,0,-68000,0,0,0,0,68000,-68000,-68000
064071,台郡永豐9C購01  ,0,0,0,0,0,0,0,0,0,-68000,0,0,0,66000,134000,-68000,-68000
063724,亞德客元大9B購03,0,0,0,0,0,0,0,0,0,-68000,0,0,0,0,68000,-68000,-68000
060022,勤誠康和99購01  ,0,0,0,0,0,0,0,0,0,-68000,0,0,0,0,68000,-68000,-68000
062886,中興電群益9B購01,0,0,0,0,0,0,0,0,0,-68000,0,0,0,55000,123000,-68000,-68000
063472,茂林元大9B購04  ,0,0,0,0,0,0,0,0,0,-68000,0,0,0,0,68000,-68000,-68000
063258,緯穎國泰9C購01  ,0,0,0,0,0,0,0,0,0,-68000,0,0,0,50000,118000,-68000,-68000
064497,可成元大01購02  ,0,0,0,0,0,0,0,0,0,-68000,0,0,0,4000,72000,-68000,-68000
064812,旭富元大9C購04  ,0,0,0,0,0,0,0,0,0,-68000,0,0,0,0,68000,-68000,-68000
065480,旭富元大9C購06  ,0,0,0,0,0,0,0,0,0,-68000,0,0,0,0,68000,-68000,-68000
065914,智邦凱基02購03  ,0,0,0,0,0,0,0,0,0,-68000,0,0,0,36000,104000,-68000,-68000
066848,健策元大01購05  ,0,0,0,0,0,0,0,0,0,-68000,0,0,0,0,68000,-68000,-68000
066746,聯茂元大01購01  ,0,0,0,0,0,0,0,0,0,-68000,0,0,0,144000,212000,-68000,-68000
066749,瑞祺元大01購03  ,0,0,0,0,0,0,0,0,0,-68000,0,0,0,0,68000,-68000,-68000
066811,致新凱基01購03  ,0,0,0,0,0,0,0,0,0,-68000,0,0,0,0,68000,-68000,-68000
066404,瑞祺凱基02購01  ,0,0,0,0,0,0,0,0,0,-68000,0,0,0,0,68000,-68000,-68000
066312,川湖永豐01購01  ,0,0,0,0,0,0,0,0,0,-68000,0,0,0,0,68000,-68000,-68000
066333,晶華永豐01購01  ,0,0,0,0,0,0,0,0,0,-68000,0,0,0,10000,78000,-68000,-68000
2351,順德            ,89000,157000,-68000,0,0,0,0,0,0,0,0,0,0,0,0,0,-68000
2380,虹光            ,35000,103000,-68000,0,0,0,0,0,0,0,0,0,0,0,0,0,-68000
5305,敦南            ,78000,143000,-65000,0,0,0,0,0,0,-3000,0,3000,-3000,0,0,0,-68000
067544,超眾群益03購01  ,0,0,0,0,0,0,0,0,0,-69000,0,0,0,10000,79000,-69000,-69000
068007,玉晶光元大03購04,0,0,0,0,0,0,0,0,0,-69000,0,0,0,3000,72000,-69000,-69000
068207,日月光凱基01購02,0,0,0,0,0,0,0,0,0,-69000,0,0,0,0,69000,-69000,-69000
08826P,健策元大01售08  ,0,0,0,0,0,0,0,0,0,-69000,0,0,0,190000,259000,-69000,-69000
08666P,智邦國票02售01  ,0,0,0,0,0,0,0,0,0,-69000,0,0,0,1000,70000,-69000,-69000
08094P,華新科元富9B售05,0,0,0,0,0,0,0,0,0,-69000,0,0,0,39000,108000,-69000,-69000
060686,康友元大9A購02  ,0,0,0,0,0,0,0,0,0,-69000,0,0,0,0,69000,-69000,-69000
00652,富邦印度        ,47000,94000,-47000,0,0,0,0,0,0,-22000,100000,0,100000,8000,130000,-122000,-69000
056783,國巨群益99購01  ,0,0,0,0,0,0,0,0,0,-69000,0,0,0,32000,101000,-69000,-69000
059908,元金2X元大99購01,0,0,0,0,0,0,0,0,0,-69000,0,0,0,20000,89000,-69000,-69000
063508,緯創群益9B購01  ,0,0,0,0,0,0,0,0,0,-69000,0,0,0,41000,110000,-69000,-69000
060897,健策凱基9A購04  ,0,0,0,0,0,0,0,0,0,-69000,0,0,0,9000,78000,-69000,-69000
060920,超眾富邦9B購01  ,0,0,0,0,0,0,0,0,0,-69000,0,0,0,94000,163000,-69000,-69000
061565,滬深2X元大9A購08,0,0,0,0,0,0,0,0,0,-69000,0,0,0,0,69000,-69000,-69000
066657,滬深2X凱基04購01,0,0,0,0,0,0,0,0,0,-69000,0,0,0,11000,80000,-69000,-69000
065978,臻鼎元大02購01  ,0,0,0,0,0,0,0,0,0,-69000,0,0,0,35000,104000,-69000,-69000
065416,華通國票01購02  ,0,0,0,0,0,0,0,0,0,-69000,0,0,0,61000,130000,-69000,-69000
064815,台表科元大01購01,0,0,0,0,0,0,0,0,0,-69000,0,0,0,154000,223000,-69000,-69000
064701,巨大群益9C購02  ,0,0,0,0,0,0,0,0,0,-69000,0,0,0,5000,74000,-69000,-69000
064389,台泥永豐9C購01  ,0,0,0,0,0,0,0,0,0,-69000,0,0,0,0,69000,-69000,-69000
064294,和大中信9C購01  ,0,0,0,0,0,0,0,0,0,-69000,0,0,0,19000,88000,-69000,-69000
2616,山隆            ,1000,70000,-69000,0,0,0,0,0,0,0,0,0,0,0,0,0,-69000
1809,中釉            ,154000,215000,-61000,0,0,0,0,0,0,-8000,0,8000,-8000,0,0,0,-69000
08134P,臺股指元大9B售40,0,0,0,0,0,0,0,0,0,-70000,0,0,0,0,70000,-70000,-70000
07069P,欣興元富99售02  ,0,0,0,0,0,0,0,0,0,-70000,0,0,0,0,70000,-70000,-70000
08679P,台灣50元大01售15,0,0,0,0,0,0,0,0,0,-70000,0,0,0,0,70000,-70000,-70000
08740P,創意康和01售03  ,0,0,0,0,0,0,0,0,0,-70000,0,0,0,210000,280000,-70000,-70000
08458P,南電元大9C售04  ,0,0,0,0,0,0,0,0,0,-70000,0,0,0,0,70000,-70000,-70000
068266,國巨永豐01購02  ,0,0,0,0,0,0,0,0,0,-70000,0,0,0,0,70000,-70000,-70000
068129,宏碁統一03購01  ,0,0,0,0,0,0,0,0,0,-70000,0,0,0,0,70000,-70000,-70000
067082,健策元大01購07  ,0,0,0,0,0,0,0,0,0,-70000,0,0,0,1000,71000,-70000,-70000
067285,欣興國票02購01  ,0,0,0,0,0,0,0,0,0,-70000,0,0,0,43000,113000,-70000,-70000
067331,友訊凱基01購02  ,0,0,0,0,0,0,0,0,0,-70000,0,0,0,10000,80000,-70000,-70000
059948,正文永豐99購01  ,0,0,0,0,0,0,0,0,0,-70000,0,0,0,3000,73000,-70000,-70000
056738,國巨凱基9A購02  ,0,0,0,0,0,0,0,0,0,-70000,0,0,0,41000,111000,-70000,-70000
058215,貿聯群益99購02  ,0,0,0,0,0,0,0,0,0,-70000,0,0,0,0,70000,-70000,-70000
058511,華新科元大9B購01,0,0,0,0,0,0,0,0,0,-70000,0,0,0,0,70000,-70000,-70000
059984,華新科元大99購21,0,0,0,0,0,0,0,0,0,-70000,0,0,0,70000,140000,-70000,-70000
061693,華新科群益9B購02,0,0,0,0,0,0,0,0,0,-70000,0,0,0,11000,81000,-70000,-70000
061065,神基凱基9A購01  ,0,0,0,0,0,0,0,0,0,-70000,0,0,0,0,70000,-70000,-70000
061320,奇力新凱基9A購04,0,0,0,0,0,0,0,0,0,-70000,0,0,0,0,70000,-70000,-70000
063813,瑞昱群益9C購02  ,0,0,0,0,0,0,0,0,0,-70000,0,0,0,0,70000,-70000,-70000
060214,茂林康和9A購01  ,0,0,0,0,0,0,0,0,0,-70000,0,0,0,0,70000,-70000,-70000
060170,世紀鋼永豐9A購01,0,0,0,0,0,0,0,0,0,-70000,0,0,0,0,70000,-70000,-70000
064413,世紀鋼凱基02購01,0,0,0,0,0,0,0,0,0,-70000,0,0,0,100000,170000,-70000,-70000
066400,健策凱基02購02  ,0,0,0,0,0,0,0,0,0,-70000,0,0,0,7000,77000,-70000,-70000
3028,增你強          ,1000,71000,-70000,0,0,0,0,0,0,0,0,0,0,0,0,0,-70000
9934,成霖            ,106000,189000,-83000,0,0,0,0,0,0,13000,13000,0,13000,0,0,0,-70000
067493,健策元大01購12  ,0,0,0,0,0,0,0,0,0,-71000,0,0,0,106000,177000,-71000,-71000
068110,華新元富03購01  ,0,0,0,0,0,0,0,0,0,-71000,0,0,0,14000,85000,-71000,-71000
067891,玉晶光群益02購05,0,0,0,0,0,0,0,0,0,-71000,0,0,0,122000,193000,-71000,-71000
08611P,聯發科凱基01售08,0,0,0,0,0,0,0,0,0,-71000,0,0,0,60000,131000,-71000,-71000
07899P,和大凱基9B售01  ,0,0,0,0,0,0,0,0,0,-71000,0,0,0,60000,131000,-71000,-71000
059999,緯穎元富99購01  ,0,0,0,0,0,0,0,0,0,-71000,0,0,0,7000,78000,-71000,-71000
059100,元油2X統一9C購02,0,0,0,0,0,0,0,0,0,-71000,0,0,0,36000,107000,-71000,-71000
00647L,元大S&P500正2   ,8000,0,8000,0,0,0,0,0,0,-79000,0,0,0,88000,167000,-79000,-71000
060769,國巨麥證9A購02  ,0,0,0,31000,117000,-86000,0,0,0,-71000,0,0,0,46000,117000,-71000,-71000
061877,貿聯元大9B購01  ,0,0,0,0,0,0,0,0,0,-71000,0,0,0,0,71000,-71000,-71000
060551,大立光凱基9B購02,0,0,0,0,0,0,0,0,0,-71000,0,0,0,0,71000,-71000,-71000
066278,健策元大02購01  ,0,0,0,0,0,0,0,0,0,-71000,0,0,0,24000,95000,-71000,-71000
066575,緯穎元大01購03  ,0,0,0,0,0,0,0,0,0,-71000,0,0,0,43000,114000,-71000,-71000
066625,瑞昱凱基02購01  ,0,0,0,0,0,0,0,0,0,-71000,0,0,0,31000,102000,-71000,-71000
065790,創意永豐9C購02  ,0,0,0,0,0,0,0,0,0,-71000,0,0,0,20000,91000,-71000,-71000
065548,台達電凱基01購02,0,0,0,0,0,0,0,0,0,-71000,0,0,0,6000,77000,-71000,-71000
6672,騰輝電子-KY     ,26000,97000,-71000,0,0,0,0,0,0,0,0,0,0,0,0,0,-71000
6136,富爾特          ,3000,72000,-69000,0,0,0,0,0,0,-2000,0,2000,-2000,0,0,0,-71000
1473,台南            ,13000,84000,-71000,0,0,0,0,0,0,0,0,0,0,0,0,0,-71000
08982P,泰碩凱基01售01  ,0,0,0,0,0,0,0,0,0,-71000,0,0,0,110000,181000,-71000,-71000
068006,玉晶光元大03購03,0,0,0,0,0,0,0,0,0,-72000,0,0,0,0,72000,-72000,-72000
067427,奇力新凱基01購01,0,0,0,0,0,0,0,0,0,-72000,0,0,0,43000,115000,-72000,-72000
00678,群益NBI生技     ,0,51000,-51000,0,0,0,0,0,0,-21000,0,0,0,300000,321000,-21000,-72000
057777,可成群益9A購03  ,0,0,0,0,0,0,0,0,0,-72000,0,0,0,0,72000,-72000,-72000
057875,京鼎元大98購03  ,0,0,0,0,0,0,0,0,0,-72000,0,0,0,30000,102000,-72000,-72000
060599,國巨凱基9C購01  ,0,0,0,0,0,0,0,0,0,-72000,0,0,0,32000,104000,-72000,-72000
061138,晶技統一9C購01  ,0,0,0,0,0,0,0,0,0,-72000,0,0,0,20000,92000,-72000,-72000
061280,國巨統一9C購06  ,0,0,0,0,0,0,0,0,0,-72000,0,0,0,4000,76000,-72000,-72000
063839,華通元大9C購02  ,0,0,0,0,0,0,0,0,0,-72000,0,0,0,5000,77000,-72000,-72000
064085,儒鴻凱基9C購02  ,0,0,0,0,0,0,0,0,0,-72000,0,0,0,35000,107000,-72000,-72000
063397,廣達群益9B購02  ,0,0,0,0,0,0,0,0,0,-72000,0,0,0,12000,84000,-72000,-72000
066041,台光電元大01購02,0,0,0,0,0,0,0,0,0,-72000,0,0,0,140000,212000,-72000,-72000
066069,英業達凱基02購01,0,0,0,0,0,0,0,0,0,-72000,0,0,0,28000,100000,-72000,-72000
6598,ABC-KY          ,18000,89000,-71000,0,0,0,0,0,0,-1000,0,1000,-1000,0,0,0,-72000
9908,大台北          ,2000,67000,-65000,0,0,0,0,0,0,-7000,0,7000,-7000,0,0,0,-72000
067254,華擎國票02購02  ,0,0,0,0,0,0,0,0,0,-73000,0,0,0,5000,78000,-73000,-73000
066948,聯發科元大01購16,0,0,0,0,0,0,0,0,0,-73000,0,0,0,278000,351000,-73000,-73000
067940,健策凱基01購04  ,0,0,0,0,0,0,0,0,0,-73000,0,0,0,31000,104000,-73000,-73000
067533,瑞昱群益01購02  ,0,0,0,0,0,0,0,0,0,-73000,0,0,0,4000,77000,-73000,-73000
08881P,奇力新凱基01售02,0,0,0,0,0,0,0,0,0,-73000,0,0,0,0,73000,-73000,-73000
058222,玉晶光統一9B購01,0,0,0,0,0,0,0,0,0,-73000,0,0,0,584000,657000,-73000,-73000
060009,南亞科群益99購03,0,0,0,0,0,0,0,0,0,-73000,0,0,0,5000,78000,-73000,-73000
03039P,玉晶光國票02售04,0,0,0,0,0,0,0,0,0,-73000,0,0,0,0,73000,-73000,-73000
061564,華擎國票9A購02  ,0,0,0,0,0,0,0,0,0,-73000,0,0,0,0,73000,-73000,-73000
062787,超眾元大9C購02  ,0,0,0,0,0,0,0,0,0,-73000,0,0,0,0,73000,-73000,-73000
060867,智伸科永豐9A購01,0,0,0,0,0,0,0,0,0,-73000,0,0,0,0,73000,-73000,-73000
060019,彰銀康和99購01  ,0,0,0,0,0,0,0,0,0,-73000,0,0,0,1000,74000,-73000,-73000
065732,健策凱基9C購04  ,0,0,0,0,0,0,0,0,0,-73000,0,0,0,29000,102000,-73000,-73000
066484,瑞昱元富07購01  ,0,0,0,0,0,0,0,0,0,-73000,0,0,0,20000,93000,-73000,-73000
6141,柏承            ,112000,215000,-103000,0,0,0,0,0,0,30000,30000,0,30000,0,0,0,-73000
3036,文曄            ,232000,291000,-59000,0,0,0,0,2000,-2000,-12000,3000,13000,-10000,0,2000,-2000,-73000
2374,佳能            ,5000,71000,-66000,0,0,0,0,0,0,-7000,0,7000,-7000,0,0,0,-73000
2450,神腦            ,17000,88000,-71000,0,0,0,0,0,0,-2000,0,2000,-2000,0,0,0,-73000
3008,大立光          ,197680,263091,-65411,0,0,0,5000,17130,-12130,4000,3000,2000,1000,4000,1000,3000,-73541
068250,聯發科元大02購04,0,0,0,0,0,0,0,0,0,-74000,0,0,0,0,74000,-74000,-74000
059623,聯電凱基99購02  ,0,0,0,0,0,0,0,0,0,-74000,0,0,0,3000,77000,-74000,-74000
060682,牧德元大9A購03  ,0,0,0,0,0,0,0,0,0,-74000,0,0,0,6000,80000,-74000,-74000
062050,亞德客統一9C購01,0,0,0,0,0,0,0,0,0,-74000,0,0,0,0,74000,-74000,-74000
060806,華新科群益9A購03,0,0,0,0,0,0,0,0,0,-74000,0,0,0,9000,83000,-74000,-74000
064024,漢唐元大9C購01  ,0,0,0,0,0,0,0,0,0,-74000,0,0,0,136000,210000,-74000,-74000
066790,健策麥證01購01  ,0,0,0,0,74000,-74000,0,0,0,-74000,0,0,0,0,74000,-74000,-74000
066203,景碩統一03購01  ,0,0,0,0,0,0,0,0,0,-74000,0,0,0,0,74000,-74000,-74000
065448,緯創統一9C購01  ,0,0,0,0,0,0,0,0,0,-74000,0,0,0,50000,124000,-74000,-74000
065326,華擎凱基02購01  ,0,0,0,0,0,0,0,0,0,-74000,0,0,0,21000,95000,-74000,-74000
064409,彩晶凱基04購01  ,0,0,0,0,0,0,0,0,0,-74000,0,0,0,23000,97000,-74000,-74000
064697,健策群益01購02  ,0,0,0,0,0,0,0,0,0,-74000,0,0,0,44000,118000,-74000,-74000
2514,龍邦            ,4000,75000,-71000,0,0,0,0,0,0,-3000,0,3000,-3000,0,0,0,-74000
1503,士電            ,85000,157000,-72000,0,0,0,0,0,0,-2000,0,2000,-2000,0,0,0,-74000
067971,玉晶光群益02購21,0,0,0,0,0,0,0,0,0,-75000,0,0,0,10000,85000,-75000,-75000
067048,聯詠凱基02購02  ,0,0,0,0,0,0,0,0,0,-75000,0,0,0,73000,148000,-75000,-75000
067129,神隆永豐01購01  ,0,0,0,0,0,0,0,0,0,-75000,0,0,0,0,75000,-75000,-75000
067453,嘉澤國票02購02  ,0,0,0,0,0,0,0,0,0,-75000,0,0,0,0,75000,-75000,-75000
08878P,台積電凱基01售11,0,0,0,0,0,0,0,0,0,-75000,0,0,0,0,75000,-75000,-75000
08586P,台積電第一9C售02,0,0,0,0,0,0,0,0,0,-75000,0,0,0,0,75000,-75000,-75000
08587P,聯發科中信01售05,0,0,0,0,0,0,0,0,0,-75000,0,0,0,15000,90000,-75000,-75000
08193P,同欣電國票9C售02,0,0,0,0,0,0,0,0,0,-75000,0,0,0,0,75000,-75000,-75000
07011P,宏達電凱基99售02,0,0,0,0,0,0,0,0,0,-75000,0,0,0,60000,135000,-75000,-75000
0055,元大MSCI金融    ,0,25000,-25000,0,0,0,0,0,0,-50000,0,0,0,6000,56000,-50000,-75000
03690C,臺股指凱基01牛13,0,0,0,0,0,0,0,0,0,-75000,0,0,0,10000,85000,-75000,-75000
049973,T50反1日盛9A購01,0,0,0,0,0,0,0,0,0,-75000,0,0,0,0,75000,-75000,-75000
056657,華邦電元大99購01,0,0,0,0,0,0,0,0,0,-75000,0,0,0,0,75000,-75000,-75000
064198,超眾群益9C購01  ,0,0,0,0,0,0,0,0,0,-75000,0,0,0,0,75000,-75000,-75000
061379,鈺齊永豐9A購02  ,0,0,0,0,0,0,0,0,0,-75000,0,0,0,20000,95000,-75000,-75000
061589,世紀鋼富邦9B購01,0,0,0,0,0,0,0,0,0,-75000,0,0,0,31000,106000,-75000,-75000
061881,緯穎元大9B購02  ,0,0,0,0,0,0,0,0,0,-75000,0,0,0,0,75000,-75000,-75000
064835,嘉晶統一02購01  ,0,0,0,0,0,0,0,0,0,-75000,0,0,0,33000,108000,-75000,-75000
066243,潤泰新富邦03購01,0,0,0,0,0,0,0,0,0,-75000,0,0,0,11000,86000,-75000,-75000
065610,牧德元大02購01  ,0,0,0,0,0,0,0,0,0,-75000,0,0,0,30000,105000,-75000,-75000
066784,滬深反中信03購01,0,0,0,0,0,0,0,0,0,-75000,0,0,0,5000,80000,-75000,-75000
2390,云辰            ,1119000,1193000,-74000,0,0,0,0,0,0,-1000,0,1000,-1000,0,0,0,-75000
067932,技嘉凱基01購01  ,0,0,0,0,0,0,0,0,0,-76000,0,0,0,1000,77000,-76000,-76000
059219,旺宏元大99購12  ,0,0,0,0,0,0,0,0,0,-76000,0,0,0,0,76000,-76000,-76000
064040,鴻海統一9C購18  ,0,0,0,0,0,0,0,0,0,-76000,0,0,0,42000,118000,-76000,-76000
066446,健策群益01購06  ,0,0,0,0,0,0,0,0,0,-76000,0,0,0,61000,137000,-76000,-76000
066441,聯強群益01購01  ,0,0,0,0,0,0,0,0,0,-76000,0,0,0,24000,100000,-76000,-76000
066331,東森永豐01購01  ,0,0,0,0,0,0,0,0,0,-76000,0,0,0,33000,109000,-76000,-76000
064805,金像電元大9C購04,0,0,0,0,0,0,0,0,0,-76000,0,0,0,20000,96000,-76000,-76000
08951P,臺股指國票01售08,0,0,0,0,0,0,0,0,0,-76000,0,0,0,100000,176000,-76000,-76000
08980P,華通凱基01售03  ,0,0,0,0,0,0,0,0,0,-76000,0,0,0,0,76000,-76000,-76000
3454,晶睿            ,14000,89000,-75000,0,0,0,0,0,0,-1000,0,1000,-1000,0,0,0,-76000
068049,玉晶光統一01購13,0,0,0,0,0,0,0,0,0,-77000,0,0,0,188000,265000,-77000,-77000
067532,台積電群益01購14,0,0,0,0,0,0,0,0,0,-77000,0,0,0,25000,102000,-77000,-77000
067334,漢唐凱基01購01  ,0,0,0,0,0,0,0,0,0,-77000,0,0,0,0,77000,-77000,-77000
067165,世紀鋼國票02購02,0,0,0,0,0,0,0,0,0,-77000,0,0,0,202000,279000,-77000,-77000
066944,鴻海元大01購13  ,0,0,0,0,0,0,0,0,0,-77000,0,0,0,70000,147000,-77000,-77000
066996,拓凱國泰03購02  ,0,0,0,0,0,0,0,0,0,-77000,0,0,0,0,77000,-77000,-77000
08290P,高鐵統一01售01  ,0,0,0,0,0,0,0,0,0,-77000,0,0,0,0,77000,-77000,-77000
08862P,台積電元大01售24,0,0,0,0,0,0,0,0,0,-77000,0,0,0,70000,147000,-77000,-77000
063321,泰鼎群益9B購03  ,0,0,0,0,0,0,0,0,0,-77000,0,0,0,52000,129000,-77000,-77000
057060,緯穎元大98購05  ,0,0,0,0,0,0,0,0,0,-77000,0,0,0,23000,100000,-77000,-77000
063025,超眾元大9B購01  ,0,0,0,0,0,0,0,0,0,-77000,0,0,0,0,77000,-77000,-77000
064358,台達電統一01購02,0,0,0,0,0,0,0,0,0,-77000,0,0,0,0,77000,-77000,-77000
065804,大立光群益01購04,0,0,0,0,0,0,0,0,0,-77000,0,0,0,31000,108000,-77000,-77000
1417,嘉裕            ,43000,120000,-77000,0,0,0,0,0,0,0,0,0,0,0,0,0,-77000
2739,寒舍            ,12000,89000,-77000,0,0,0,0,0,0,0,0,0,0,0,0,0,-77000
08863P,台積電元大01售25,0,0,0,0,0,0,0,0,0,-78000,0,0,0,123000,201000,-78000,-78000
08271P,華通元富9C售01  ,0,0,0,0,0,0,0,0,0,-78000,0,0,0,59000,137000,-78000,-78000
07505P,台勝科元大9A售01,0,0,0,0,0,0,0,0,0,-78000,0,0,0,50000,128000,-78000,-78000
067131,為升永豐01購01  ,0,0,0,0,0,0,0,0,0,-78000,0,0,0,0,78000,-78000,-78000
067269,眾達永豐01購02  ,0,0,0,0,0,0,0,0,0,-78000,0,0,0,0,78000,-78000,-78000
067440,A50正2國票02購01,0,0,0,0,0,0,0,0,0,-78000,0,0,0,0,78000,-78000,-78000
067631,上銀永豐01購01  ,0,0,0,0,0,0,0,0,0,-78000,0,0,0,0,78000,-78000,-78000
062106,華邦電國票9B購02,0,0,0,0,0,0,0,0,0,-78000,0,0,0,0,78000,-78000,-78000
065980,中租元大02購01  ,0,0,0,0,0,0,0,0,0,-78000,0,0,0,53000,131000,-78000,-78000
066369,瀚宇博中信01購01,0,0,0,0,0,0,0,0,0,-78000,0,0,0,27000,105000,-78000,-78000
066422,嘉晶元大02購01  ,0,0,0,0,0,0,0,0,0,-78000,0,0,0,0,78000,-78000,-78000
064350,茂林元大01購01  ,0,0,0,0,0,0,0,0,0,-78000,0,0,0,0,78000,-78000,-78000
064779,義隆群益9C購03  ,0,0,0,0,0,0,0,0,0,-78000,0,0,0,68000,146000,-78000,-78000
9942,茂順            ,5000,83000,-78000,0,0,0,0,0,0,0,0,0,0,0,0,0,-78000
067861,聚陽元大01購04  ,0,0,0,0,0,0,0,0,0,-79000,0,0,0,50000,129000,-79000,-79000
067948,群創國泰03購01  ,0,0,0,0,0,0,0,0,0,-79000,0,0,0,0,79000,-79000,-79000
068079,瑞儀凱基01購01  ,0,0,0,0,0,0,0,0,0,-79000,0,0,0,93000,172000,-79000,-79000
067496,拓凱元大01購02  ,0,0,0,0,0,0,0,0,0,-79000,0,0,0,112000,191000,-79000,-79000
066910,華擎凱基01購03  ,0,0,0,0,0,0,0,0,0,-79000,0,0,0,42000,121000,-79000,-79000
08150P,立積國票9C售01  ,0,0,0,0,0,0,0,0,0,-79000,0,0,0,50000,129000,-79000,-79000
059181,世紀鋼元富9C購01,0,0,0,0,0,0,0,0,0,-79000,0,0,0,169000,248000,-79000,-79000
055265,玉晶光永豐98購03,0,0,0,0,0,0,0,0,0,-79000,0,0,0,11000,90000,-79000,-79000
063612,金像電群益9B購04,0,0,0,0,0,0,0,0,0,-79000,0,0,0,142000,221000,-79000,-79000
063880,可成元富9C購01  ,0,0,0,0,0,0,0,0,0,-79000,0,0,0,36000,115000,-79000,-79000
064655,聚陽元大9C購02  ,0,0,0,0,0,0,0,0,0,-79000,0,0,0,21000,100000,-79000,-79000
064401,台達電凱基06購01,0,0,0,0,0,0,0,0,0,-79000,0,0,0,1000,80000,-79000,-79000
065163,香港反元大03購01,0,0,0,0,0,0,0,0,0,-79000,0,0,0,31000,110000,-79000,-79000
066533,南茂元富01購01  ,0,0,0,0,0,0,0,0,0,-79000,0,0,0,20000,99000,-79000,-79000
2849,安泰銀          ,54000,127000,-73000,0,0,0,0,2000,-2000,-4000,0,4000,-4000,0,0,0,-79000
08037P,台表科群益9B售02,0,0,0,0,0,0,0,0,0,-80000,0,0,0,20000,100000,-80000,-80000
07539P,玉山金台新9A售01,0,0,0,0,0,0,0,0,0,-80000,0,0,0,0,80000,-80000,-80000
07249P,T50正2富邦03售02,0,0,0,0,0,0,0,0,0,-80000,0,0,0,0,80000,-80000,-80000
08499P,臺股指國票9C售01,0,0,0,0,0,0,0,0,0,-80000,0,0,0,20000,100000,-80000,-80000
068092,聯發科群益01購10,0,0,0,0,0,0,0,0,0,-80000,0,0,0,59000,139000,-80000,-80000
068235,T50反1元大01購08,0,0,0,0,0,0,0,0,0,-80000,0,0,0,0,80000,-80000,-80000
067778,A50群益01購01   ,0,0,0,0,0,0,0,0,0,-80000,0,0,0,0,80000,-80000,-80000
058837,SGBR2X中信9C購01,0,0,0,0,0,0,0,0,0,-80000,0,0,0,0,80000,-80000,-80000
056858,國巨群益99購03  ,0,0,0,0,0,0,0,0,0,-80000,0,0,0,0,80000,-80000,-80000
059642,健策凱基99購04  ,0,0,0,0,0,0,0,0,0,-80000,0,0,0,10000,90000,-80000,-80000
058312,大毅國泰9B購01  ,0,0,0,0,0,0,0,0,0,-80000,0,0,0,0,80000,-80000,-80000
058656,燿華中信99購01  ,0,0,0,0,0,0,0,0,0,-80000,0,0,0,0,80000,-80000,-80000
058735,南茂永豐99購01  ,0,0,0,0,0,0,0,0,0,-80000,0,0,0,60000,140000,-80000,-80000
060685,康友元大9A購01  ,0,0,0,0,0,0,0,0,0,-80000,0,0,0,18000,98000,-80000,-80000
063762,緯穎統一9C購01  ,0,0,0,0,0,0,0,0,0,-80000,0,0,0,0,80000,-80000,-80000
063785,華通中信06購02  ,0,0,0,0,0,0,0,0,0,-80000,0,0,0,100000,180000,-80000,-80000
061080,華邦電兆豐9B購01,0,0,0,0,0,0,0,0,0,-80000,0,0,0,130000,210000,-80000,-80000
061368,南六國票9A購01  ,0,0,0,0,0,0,0,0,0,-80000,0,0,0,0,80000,-80000,-80000
060789,禾伸堂富邦9B購02,0,0,0,0,0,0,0,0,0,-80000,0,0,0,0,80000,-80000,-80000
060411,達新永豐9A購01  ,0,0,0,0,0,0,0,0,0,-80000,0,0,0,0,80000,-80000,-80000
060346,華新科統一01購01,0,0,0,0,0,0,0,0,0,-80000,0,0,0,0,80000,-80000,-80000
062873,國巨兆豐9C購01  ,0,0,0,0,0,0,0,0,0,-80000,0,0,0,5000,85000,-80000,-80000
060953,富邦金群益9A購01,0,0,0,0,0,0,0,0,0,-80000,0,0,0,0,80000,-80000,-80000
062724,可成凱基9B購04  ,0,0,0,0,0,0,0,0,0,-80000,0,0,0,0,80000,-80000,-80000
066590,華新科群益01購04,0,0,0,0,0,0,0,0,0,-80000,0,0,0,12000,92000,-80000,-80000
066186,台郡凱基02購01  ,0,0,0,0,0,0,0,0,0,-80000,0,0,0,78000,158000,-80000,-80000
065180,台表科元大9C購10,0,0,0,0,0,0,0,0,0,-80000,0,0,0,8000,88000,-80000,-80000
065048,世芯凱基01購01  ,0,0,0,0,0,0,0,0,0,-80000,0,0,0,21000,101000,-80000,-80000
065396,微星群益01購01  ,0,0,0,0,0,0,0,0,0,-80000,0,0,0,0,80000,-80000,-80000
064770,開發金中信01購01,0,0,0,0,0,0,0,0,0,-80000,0,0,0,0,80000,-80000,-80000
3583,辛耘            ,431000,559000,-128000,0,0,0,50000,0,50000,-2000,0,2000,-2000,0,0,0,-80000
067938,玉晶光凱基02購05,0,0,0,0,0,0,0,0,0,-81000,0,0,0,230000,311000,-81000,-81000
068004,玉晶光元大02購04,0,0,0,0,0,0,0,0,0,-81000,0,0,0,0,81000,-81000,-81000
08724P,臺股指元大01售05,0,0,0,0,0,0,0,0,0,-81000,0,0,0,10000,91000,-81000,-81000
047482,新光金凱基99購03,0,0,0,0,0,0,0,0,0,-81000,0,0,0,0,81000,-81000,-81000
062726,華擎凱基9B購02  ,0,0,0,0,0,0,0,0,0,-81000,0,0,0,0,81000,-81000,-81000
062543,華通富邦9C購01  ,0,0,0,0,0,0,0,0,0,-81000,0,0,0,247000,328000,-81000,-81000
062381,上銀國泰9C購01  ,0,0,0,0,0,0,0,0,0,-81000,0,0,0,2000,83000,-81000,-81000
064005,義隆凱基01購01  ,0,0,0,0,0,0,0,0,0,-81000,0,0,0,81000,162000,-81000,-81000
064780,義隆群益9C購04  ,0,0,0,0,0,0,0,0,0,-81000,0,0,0,48000,129000,-81000,-81000
065694,國巨群益9C購19  ,0,0,0,0,0,0,0,0,0,-81000,0,0,0,30000,111000,-81000,-81000
3504,揚明光          ,63000,144000,-81000,0,0,0,0,0,0,0,0,0,0,0,0,0,-81000
5258,虹堡            ,3000,80000,-77000,0,0,0,0,0,0,-4000,0,4000,-4000,0,0,0,-81000
08965P,台灣50元大01售30,0,0,0,0,0,0,0,0,0,-81000,0,0,0,192000,273000,-81000,-81000
1611,中電            ,17000,98000,-81000,0,0,0,0,0,0,0,0,0,0,0,0,0,-81000
08339P,上銀統一9C售04  ,0,0,0,0,0,0,0,0,0,-82000,0,0,0,0,82000,-82000,-82000
08111P,臺股指中信01售06,0,0,0,0,0,0,0,0,0,-82000,0,0,0,25000,107000,-82000,-82000
08112P,臺股指中信01售07,0,0,0,0,0,0,0,0,0,-82000,0,0,0,196000,278000,-82000,-82000
067008,康舒永豐01購01  ,0,0,0,0,0,0,0,0,0,-82000,0,0,0,259000,341000,-82000,-82000
066961,超眾元大01購05  ,0,0,0,0,0,0,0,0,0,-82000,0,0,0,22000,104000,-82000,-82000
067422,微星凱基02購03  ,0,0,0,0,0,0,0,0,0,-82000,0,0,0,35000,117000,-82000,-82000
067303,聯發科元大02購03,0,0,0,0,0,0,0,0,0,-82000,0,0,0,585000,667000,-82000,-82000
057165,國巨元大99購05  ,0,0,0,0,0,0,0,0,0,-82000,0,0,0,38000,120000,-82000,-82000
062360,華邦電元大9B購01,0,0,0,0,0,0,0,0,0,-82000,0,0,0,20000,102000,-82000,-82000
062170,健策永豐9B購04  ,0,0,0,0,0,0,0,0,0,-82000,0,0,0,32000,114000,-82000,-82000
066104,鎧勝國票02購01  ,0,0,0,0,0,0,0,0,0,-82000,0,0,0,10000,92000,-82000,-82000
066345,正文永豐01購01  ,0,0,0,0,0,0,0,0,0,-82000,0,0,0,0,82000,-82000,-82000
064258,臻鼎國泰01購02  ,0,0,0,0,0,0,0,0,0,-82000,0,0,0,33000,115000,-82000,-82000
065518,聯鈞群益9C購02  ,0,0,0,0,0,0,0,0,0,-82000,0,0,0,0,82000,-82000,-82000
065522,旭富群益9C購03  ,0,0,0,0,0,0,0,0,0,-82000,0,0,0,0,82000,-82000,-82000
1614,三洋電          ,13000,95000,-82000,0,0,0,0,0,0,0,0,0,0,0,0,0,-82000
8261,富鼎            ,17000,99000,-82000,0,0,0,0,0,0,0,0,0,0,0,0,0,-82000
07381P,鴻海群益99售05  ,0,0,0,0,0,0,0,0,0,-83000,0,0,0,20000,103000,-83000,-83000
07557P,玉晶光元大9A售09,0,0,0,0,0,0,0,0,0,-83000,0,0,0,20000,103000,-83000,-83000
08903P,台積電兆豐01售04,0,0,0,0,0,0,0,0,0,-83000,0,0,0,61000,144000,-83000,-83000
059833,緯穎康和99購01  ,0,0,0,0,0,0,0,0,0,-83000,0,0,0,0,83000,-83000,-83000
03455B,臺股指凱基03熊06,0,0,0,0,0,0,0,0,0,-83000,0,0,0,13000,96000,-83000,-83000
062809,同欣電統一9C購01,0,0,0,0,0,0,0,0,0,-83000,0,0,0,11000,94000,-83000,-83000
064147,瑞昱統一01購04  ,0,0,0,0,0,0,0,0,0,-83000,0,0,0,3000,86000,-83000,-83000
063764,上銀元富9B購08  ,0,0,0,0,0,0,0,0,0,-83000,0,0,0,4000,87000,-83000,-83000
063777,儒鴻永豐9B購02  ,0,0,0,0,0,0,0,0,0,-83000,0,0,0,0,83000,-83000,-83000
065202,南電元富06購01  ,0,0,0,0,0,0,0,0,0,-83000,0,0,0,10000,93000,-83000,-83000
4540,全球傳動        ,99000,182000,-83000,0,0,0,0,0,0,0,0,0,0,0,0,0,-83000
1531,高林股          ,0,50000,-50000,0,0,0,0,0,0,-33000,0,33000,-33000,0,0,0,-83000
2233,宇隆            ,16000,99000,-83000,0,0,0,0,0,0,0,0,0,0,0,0,0,-83000
08642P,華新科群益9C售06,0,0,0,0,0,0,0,0,0,-84000,0,0,0,90000,174000,-84000,-84000
08544P,和碩國票01售02  ,0,0,0,0,0,0,0,0,0,-84000,0,0,0,0,84000,-84000,-84000
067968,大立光群益01購10,0,0,0,0,0,0,0,0,0,-84000,0,0,0,1000,85000,-84000,-84000
067775,GIS統一02購04   ,0,0,0,0,0,0,0,0,0,-84000,0,0,0,853000,937000,-84000,-84000
067622,同欣電國泰02購01,0,0,0,0,0,0,0,0,0,-84000,0,0,0,90000,174000,-84000,-84000
056736,國巨凱基99購03  ,0,0,0,0,0,0,0,0,0,-84000,0,0,0,1000,85000,-84000,-84000
054072,台積電富邦98購02,0,30000,-30000,0,0,0,0,0,0,-54000,0,0,0,9554000,9608000,-54000,-84000
059265,美律中信01購01  ,0,0,0,0,0,0,0,0,0,-84000,0,0,0,8000,92000,-84000,-84000
061376,瑞昱永豐9A購02  ,0,0,0,0,0,0,0,0,0,-84000,0,0,0,0,84000,-84000,-84000
062654,技嘉永豐9B購01  ,0,0,0,0,0,0,0,0,0,-84000,0,0,0,65000,149000,-84000,-84000
064509,台表科元大9C購08,0,0,0,0,0,0,0,0,0,-84000,0,0,0,56000,140000,-84000,-84000
064524,GIS群益02購01   ,0,0,0,0,0,0,0,0,0,-84000,0,0,0,182000,266000,-84000,-84000
064670,智伸科元大9C購01,0,0,0,0,0,0,0,0,0,-84000,0,0,0,134000,218000,-84000,-84000
066817,瀚宇博兆豐03購01,0,0,0,0,0,0,0,0,0,-84000,0,0,0,21000,105000,-84000,-84000
066033,南六群益02購01  ,0,0,0,0,0,0,0,0,0,-84000,0,0,0,5000,89000,-84000,-84000
066122,卜蜂群益03購01  ,0,0,0,0,0,0,0,0,0,-84000,0,0,0,14000,98000,-84000,-84000
065934,智邦群益01購02  ,0,0,0,0,0,0,0,0,0,-84000,0,0,0,20000,104000,-84000,-84000
2009,第一銅          ,4000,88000,-84000,0,0,0,0,0,0,0,0,0,0,0,0,0,-84000
4943,康控-KY         ,313000,398000,-85000,0,0,0,0,0,0,1000,0,1000,-1000,22000,20000,2000,-84000
5531,鄉林            ,146000,230000,-84000,0,0,0,0,0,0,0,0,0,0,0,0,0,-84000
067849,瀚宇博元富04購01,0,0,0,0,0,0,0,0,0,-85000,0,0,0,0,85000,-85000,-85000
067835,微星統一02購02  ,0,0,0,0,0,0,0,0,0,-85000,0,0,0,80000,165000,-85000,-85000
068112,宏碁元富07購01  ,0,0,0,0,0,0,0,0,0,-85000,0,0,0,0,85000,-85000,-85000
066960,盛群元大01購01  ,0,0,0,0,0,0,0,0,0,-85000,0,0,0,115000,200000,-85000,-85000
067026,群創兆豐03購01  ,0,0,0,0,0,0,0,0,0,-85000,0,0,0,0,85000,-85000,-85000
067127,台虹富邦03購01  ,0,0,0,0,0,0,0,0,0,-85000,0,0,0,0,85000,-85000,-85000
08553P,嘉澤群益9C售01  ,0,0,0,0,0,0,0,0,0,-85000,0,0,0,0,85000,-85000,-85000
08807P,可成元富07售02  ,0,0,0,0,0,0,0,0,0,-85000,0,0,0,26000,111000,-85000,-85000
05631P,國巨富邦9A售01  ,0,0,0,0,0,0,0,0,0,-85000,0,0,0,5000,90000,-85000,-85000
062660,神隆群益9B購02  ,0,0,0,0,0,0,0,0,0,-85000,0,0,0,0,85000,-85000,-85000
062163,大毅國泰01購01  ,0,0,0,0,0,0,0,0,0,-85000,0,0,0,35000,120000,-85000,-85000
063278,國巨元大9C購04  ,0,0,0,0,0,0,0,0,0,-85000,0,0,0,1000,86000,-85000,-85000
063615,瑞祺群益9B購03  ,0,0,0,0,0,0,0,0,0,-85000,0,0,0,0,85000,-85000,-85000
066015,健策元富01購01  ,0,0,0,0,0,0,0,0,0,-85000,0,0,0,244000,329000,-85000,-85000
066750,緯穎元大01購04  ,0,0,0,0,0,0,0,0,0,-85000,0,0,0,50000,135000,-85000,-85000
064235,美律統一9C購02  ,0,0,0,0,0,0,0,0,0,-85000,0,0,0,210000,295000,-85000,-85000
065454,神隆元富9C購01  ,0,0,0,0,0,0,0,0,0,-85000,0,0,0,0,85000,-85000,-85000
07957P,晶技群益9B售02  ,0,0,0,0,0,0,0,0,0,-86000,0,0,0,14000,100000,-86000,-86000
067117,健策群益01購09  ,0,0,0,0,0,0,0,0,0,-86000,0,0,0,6000,92000,-86000,-86000
058809,國巨統一9B購03  ,0,0,0,0,0,0,0,0,0,-86000,0,0,0,29000,115000,-86000,-86000
058523,聯茂元大99購08  ,0,0,0,0,0,0,0,0,0,-86000,0,0,0,0,86000,-86000,-86000
064138,亞德客統一01購02,0,0,0,0,0,0,0,0,0,-86000,0,0,0,6000,92000,-86000,-86000
064163,康控統一01購01  ,0,0,0,0,0,0,0,0,0,-86000,0,0,0,1000,87000,-86000,-86000
065521,貿聯群益9C購04  ,0,0,0,0,0,0,0,0,0,-86000,0,0,0,14000,100000,-86000,-86000
065651,中磊元大9C購01  ,0,0,0,0,0,0,0,0,0,-86000,0,0,0,75000,161000,-86000,-86000
5534,長虹            ,59000,151000,-92000,0,0,0,5000,0,5000,1000,2000,1000,1000,0,0,0,-86000
067355,大立光群益01購07,0,0,0,0,0,0,0,0,0,-87000,0,0,0,43000,130000,-87000,-87000
068016,宏碁國票02購01  ,0,0,0,0,0,0,0,0,0,-87000,0,0,0,80000,167000,-87000,-87000
067899,玉晶光群益02購13,0,0,0,0,0,0,0,0,0,-87000,0,0,0,7000,94000,-87000,-87000
059155,台表科日盛99購01,0,0,0,0,0,0,0,0,0,-87000,0,0,0,9000,96000,-87000,-87000
056479,玉晶光元大99購05,0,0,0,0,0,0,0,0,0,-87000,0,0,0,21000,108000,-87000,-87000
064026,建準元大9C購02  ,0,0,0,0,0,0,0,0,0,-87000,0,0,0,0,87000,-87000,-87000
061598,南電永豐9A購04  ,0,0,0,0,0,0,0,0,0,-87000,0,0,0,10000,97000,-87000,-87000
060361,南亞科元富9A購03,0,0,0,0,0,0,0,0,0,-87000,0,0,0,0,87000,-87000,-87000
062192,南六元大9B購01  ,0,0,0,0,0,0,0,0,0,-87000,0,0,0,64000,151000,-87000,-87000
061543,南亞科群益9A購01,0,0,0,0,0,0,0,0,0,-87000,0,0,0,0,87000,-87000,-87000
066616,創意康和01購01  ,0,0,0,0,0,0,0,0,0,-87000,0,0,0,104000,191000,-87000,-87000
2480,敦陽科          ,40000,129000,-89000,0,0,0,0,0,0,2000,2000,0,2000,0,0,0,-87000
068126,樺漢元富07購01  ,0,0,0,0,0,0,0,0,0,-88000,0,0,0,0,88000,-88000,-88000
067483,禾伸堂元大01購02,0,0,0,0,0,0,0,0,0,-88000,0,0,0,274000,362000,-88000,-88000
067053,申豐凱基02購01  ,0,0,0,0,0,0,0,0,0,-88000,0,0,0,7000,95000,-88000,-88000
07993P,寶成群益9B售01  ,0,0,0,0,0,0,0,0,0,-88000,0,0,0,10000,98000,-88000,-88000
08864P,欣興元大01售01  ,0,0,0,0,0,0,0,0,0,-88000,0,0,0,2000,90000,-88000,-88000
059187,國巨富邦9B購02  ,0,0,0,0,0,0,0,0,0,-88000,0,0,0,104000,192000,-88000,-88000
059348,日月光凱基99購01,0,0,0,0,0,0,0,0,0,-88000,0,0,0,1000,89000,-88000,-88000
058494,可成群益9B購01  ,0,0,0,0,0,0,0,0,0,-88000,0,0,0,10000,98000,-88000,-88000
063209,巨大統一01購01  ,0,0,0,0,0,0,0,0,0,-88000,0,0,0,2000,90000,-88000,-88000
062898,華通元大9B購05  ,0,0,0,0,0,0,0,0,0,-88000,0,0,0,0,88000,-88000,-88000
060617,華新科元大9A購08,0,0,0,0,0,0,0,0,0,-88000,0,0,0,12000,100000,-88000,-88000
065000,和大國票02購01  ,0,0,0,0,0,0,0,0,0,-88000,0,0,0,50000,138000,-88000,-88000
064316,貿聯群益9C購02  ,0,0,0,0,0,0,0,0,0,-88000,0,0,0,10000,98000,-88000,-88000
064426,群創兆豐9C購01  ,0,0,0,0,0,0,0,0,0,-88000,0,0,0,94000,182000,-88000,-88000
064881,聯茂兆豐01購02  ,0,0,0,0,0,0,0,0,0,-88000,0,0,0,66000,154000,-88000,-88000
1786,科妍            ,1000,93000,-92000,0,0,0,0,0,0,4000,4000,0,4000,0,0,0,-88000
1612,宏泰            ,15000,103000,-88000,0,0,0,0,0,0,0,0,0,0,0,0,0,-88000
08219P,上銀凱基9B售08  ,0,0,0,0,0,0,0,0,0,-89000,0,0,0,0,89000,-89000,-89000
067260,台郡國票02購02  ,0,0,0,0,0,0,0,0,0,-89000,0,0,0,0,89000,-89000,-89000
067754,元金2X元大01購02,0,0,0,0,0,0,0,0,0,-89000,0,0,0,0,89000,-89000,-89000
063289,台表科元大9B購07,0,0,0,0,0,0,0,0,0,-89000,0,0,0,7000,96000,-89000,-89000
058197,國巨中信99購02  ,0,0,0,0,0,0,0,0,0,-89000,0,0,0,11000,100000,-89000,-89000
06025P,臺股指元大99售02,0,0,0,0,0,0,0,0,0,-89000,0,0,0,15000,104000,-89000,-89000
064503,日電貿元大9C購01,0,0,0,0,0,0,0,0,0,-89000,0,0,0,11000,100000,-89000,-89000
066288,晶碩元大01購01  ,0,0,0,0,0,0,0,0,0,-89000,0,0,0,11000,100000,-89000,-89000
066573,瑞祺元大01購02  ,0,0,0,0,0,0,0,0,0,-89000,0,0,0,716000,805000,-89000,-89000
065647,健鼎元大9C購05  ,0,0,0,0,0,0,0,0,0,-89000,0,0,0,177000,266000,-89000,-89000
066028,嘉澤群益01購01  ,0,0,0,0,0,0,0,0,0,-89000,0,0,0,46000,135000,-89000,-89000
066118,台郡兆豐01購01  ,0,0,0,0,0,0,0,0,0,-89000,0,0,0,13000,102000,-89000,-89000
067889,大毅群益01購03  ,0,0,0,0,0,0,0,0,0,-90000,0,0,0,80000,170000,-90000,-90000
067695,國產中信05購01  ,0,0,0,0,0,0,0,0,0,-90000,0,0,0,0,90000,-90000,-90000
067200,深中小元大03購01,0,0,0,0,0,0,0,0,0,-90000,0,0,0,58000,148000,-90000,-90000
066894,聯發科兆豐03購01,0,0,0,0,0,0,0,0,0,-90000,0,0,0,77000,167000,-90000,-90000
08205P,智邦凱基9B售03  ,0,0,0,0,0,0,0,0,0,-90000,0,0,0,0,90000,-90000,-90000
08007P,國泰金中信03售02,0,0,0,0,0,0,0,0,0,-90000,0,0,0,0,90000,-90000,-90000
07579P,聯茂元大9A售01  ,0,0,0,0,0,0,0,0,0,-90000,0,0,0,0,90000,-90000,-90000
07500P,微星元大9A售01  ,0,0,0,0,0,0,0,0,0,-90000,0,0,0,30000,120000,-90000,-90000
058441,T50反1台新03購01,0,0,0,0,0,0,0,0,0,-90000,0,0,0,0,90000,-90000,-90000
056269,新日興統一98購01,0,0,0,0,0,0,0,0,0,-90000,0,0,0,10000,100000,-90000,-90000
057991,健策統一9C購01  ,0,0,0,0,0,0,0,0,0,-90000,0,0,0,0,90000,-90000,-90000
056833,和大元富9B購01  ,0,0,0,0,0,0,0,0,0,-90000,0,0,0,0,90000,-90000,-90000
057016,中石化凱基9B購01,0,0,0,0,0,0,0,0,0,-90000,0,0,0,0,90000,-90000,-90000
061238,晶技元大9A購02  ,0,0,0,0,0,0,0,0,0,-90000,0,0,0,104000,194000,-90000,-90000
060999,國巨兆豐9A購01  ,0,0,0,0,0,0,0,0,0,-90000,0,0,0,30000,120000,-90000,-90000
061088,國巨統一9C購05  ,0,0,0,0,0,0,0,0,0,-90000,0,0,0,17000,107000,-90000,-90000
061164,燿華兆豐9B購01  ,0,0,0,0,0,0,0,0,0,-90000,0,0,0,10000,100000,-90000,-90000
061676,新光金元大9A購03,0,0,0,0,0,0,0,0,0,-90000,0,0,0,0,90000,-90000,-90000
065897,凌華統一03購01  ,0,0,0,0,0,0,0,0,0,-90000,0,0,0,0,90000,-90000,-90000
065819,京鼎元富03購01  ,0,0,0,0,0,0,0,0,0,-90000,0,0,0,23000,113000,-90000,-90000
064656,聚陽元大9C購03  ,30000,0,30000,0,0,0,0,0,0,-120000,0,0,0,35000,155000,-120000,-90000
064603,和碩元富9C購01  ,0,0,0,0,0,0,0,0,0,-90000,0,0,0,0,90000,-90000,-90000
065052,南六凱基02購02  ,0,0,0,0,0,0,0,0,0,-90000,0,0,0,50000,140000,-90000,-90000
064925,和碩統一02購01  ,0,0,0,0,0,0,0,0,0,-90000,0,0,0,10000,100000,-90000,-90000
064902,健策群益01購03  ,0,0,0,0,0,0,0,0,0,-90000,0,0,0,24000,114000,-90000,-90000
5907,大洋-KY         ,24000,114000,-90000,0,0,0,0,0,0,0,0,0,0,0,0,0,-90000
5007,三星            ,7000,97000,-90000,0,0,0,0,0,0,0,0,0,0,0,0,0,-90000
6531,愛普            ,452000,538000,-86000,0,0,0,0,0,0,-4000,1000,5000,-4000,0,0,0,-90000
067707,奇力新元富04購01,0,0,0,0,0,0,0,0,0,-91000,0,0,0,0,91000,-91000,-91000
067993,宏碁元大01購02  ,0,0,0,0,0,0,0,0,0,-91000,0,0,0,148000,239000,-91000,-91000
056699,光罩國泰99購01  ,20000,0,20000,0,0,0,0,0,0,-111000,0,0,0,113000,224000,-111000,-91000
00641R,富邦日本反1     ,23000,96000,-73000,0,0,0,0,0,0,-18000,0,0,0,281000,299000,-18000,-91000
058267,奇鋐永豐99購01  ,0,0,0,0,0,0,0,0,0,-91000,0,0,0,146000,237000,-91000,-91000
065232,健策凱基02購01  ,0,0,0,0,0,0,0,0,0,-91000,0,0,0,22000,113000,-91000,-91000
066724,台達電元大01購01,0,0,0,0,0,0,0,0,0,-91000,0,0,0,15000,106000,-91000,-91000
066736,京鼎元大01購02  ,0,0,0,0,0,0,0,0,0,-91000,0,0,0,99000,190000,-91000,-91000
6552,易華電          ,54000,143000,-89000,0,0,0,0,0,0,-2000,0,0,0,0,2000,-2000,-91000
08884P,義隆國票02售01  ,0,0,0,0,0,0,0,0,0,-92000,0,0,0,0,92000,-92000,-92000
057776,京元電群益98購02,0,0,0,0,0,0,0,0,0,-92000,0,0,0,65000,157000,-92000,-92000
03454B,臺股指元大04熊06,0,0,0,0,0,0,0,0,0,-92000,0,0,0,58000,150000,-92000,-92000
056330,玉晶光國票99購03,0,0,0,0,0,0,0,0,0,-92000,0,0,0,58000,150000,-92000,-92000
065907,南亞科永豐9C購01,0,0,0,0,0,0,0,0,0,-92000,0,0,0,21000,113000,-92000,-92000
065381,緯穎元大9C購03  ,0,0,0,0,0,0,0,0,0,-92000,0,0,0,12000,104000,-92000,-92000
5608,四維航          ,59000,151000,-92000,0,0,0,0,0,0,0,0,0,0,0,0,0,-92000
3543,州巧            ,3000,98000,-95000,0,0,0,0,0,0,3000,3000,0,3000,0,0,0,-92000
2495,普安            ,4000,94000,-90000,0,0,0,0,0,0,-2000,0,2000,-2000,0,0,0,-92000
07670P,茂林元大9A售02  ,0,0,0,0,0,0,0,0,0,-93000,0,0,0,8000,101000,-93000,-93000
067460,晶技永豐01購02  ,0,0,0,0,0,0,0,0,0,-93000,0,0,0,2000,95000,-93000,-93000
0051,元大中型100     ,3000,1000,2000,0,0,0,0,0,0,-95000,0,0,0,27000,122000,-95000,-93000
062797,瑞昱統一9B購01  ,0,0,0,0,0,0,0,0,0,-93000,0,0,0,0,93000,-93000,-93000
065138,上銀凱基02購01  ,0,0,0,0,0,0,0,0,0,-93000,0,0,0,0,93000,-93000,-93000
064752,台達電凱基01購01,0,0,0,0,0,0,0,0,0,-93000,0,0,0,10000,103000,-93000,-93000
064518,華新科群益02購01,0,0,0,0,0,0,0,0,0,-93000,0,0,0,86000,179000,-93000,-93000
064510,GIS元大01購01   ,0,0,0,0,0,0,0,0,0,-93000,0,0,0,63000,156000,-93000,-93000
08953P,大立光元富07售02,0,0,0,0,0,0,0,0,0,-93000,0,0,0,0,93000,-93000,-93000
067773,台郡統一02購04  ,0,0,0,0,0,0,0,0,0,-94000,0,0,0,0,94000,-94000,-94000
020008,元大特股高息N   ,0,0,0,0,0,0,0,0,0,-94000,0,0,0,114000,208000,-94000,-94000
063145,台表科統一02購01,0,0,0,0,0,0,0,0,0,-94000,0,0,0,13000,107000,-94000,-94000
058534,友達統一9B購01  ,0,0,0,0,0,0,0,0,0,-94000,0,0,0,6000,100000,-94000,-94000
058569,健策凱基9A購01  ,0,0,0,0,0,0,0,0,0,-94000,0,0,0,9000,103000,-94000,-94000
060954,國泰金群益9A購02,0,0,0,0,0,0,0,0,0,-94000,0,0,0,4000,98000,-94000,-94000
063420,奇力新凱基9B購03,0,0,0,0,0,0,0,0,0,-94000,0,0,0,0,94000,-94000,-94000
061168,力成兆豐9A購01  ,0,0,0,0,0,0,0,0,0,-94000,0,0,0,0,94000,-94000,-94000
060017,全新康和99購01  ,0,0,0,0,0,0,0,0,0,-94000,0,0,0,0,94000,-94000,-94000
063769,玉晶光國泰02購01,0,0,0,0,0,0,0,0,0,-94000,0,0,0,10000,104000,-94000,-94000
066382,拓凱康和01購01  ,0,0,0,0,0,0,0,0,0,-94000,0,0,0,0,94000,-94000,-94000
1519,華城            ,1051000,1053000,-2000,0,0,0,0,0,0,-92000,0,30000,-30000,1000,63000,-62000,-94000
1434,福懋            ,910528,992200,-81672,0,0,0,0,7000,-7000,-6000,0,7000,-7000,16000,15000,1000,-94672
067915,宏碁永豐01購01  ,0,0,0,0,0,0,0,0,0,-95000,0,0,0,6000,101000,-95000,-95000
067252,智邦國票02購02  ,0,0,0,0,0,0,0,0,0,-95000,0,0,0,0,95000,-95000,-95000
07317P,T50正2凱基9B售02,0,0,0,0,0,0,0,0,0,-95000,0,0,0,25000,120000,-95000,-95000
08341P,國泰金台新9C售01,0,0,0,0,0,0,0,0,0,-95000,0,0,0,204000,299000,-95000,-95000
058608,華新科元大99購13,0,0,0,0,0,0,0,0,0,-95000,0,0,0,25000,120000,-95000,-95000
058178,國巨國泰9A購02  ,0,0,0,0,0,0,0,0,0,-95000,0,0,0,0,95000,-95000,-95000
058053,上銀統一9B購01  ,0,0,0,0,0,0,0,0,0,-95000,0,0,0,10000,105000,-95000,-95000
064179,上銀富邦01購01  ,0,0,0,0,0,0,0,0,0,-95000,0,0,0,80000,175000,-95000,-95000
064210,台光電凱基03購01,0,0,0,0,0,0,0,0,0,-95000,0,0,0,105000,200000,-95000,-95000
060431,復盛永豐9A購01  ,0,0,0,0,0,0,0,0,0,-95000,0,0,0,0,95000,-95000,-95000
063486,聚陽國泰9C購01  ,0,0,0,0,0,0,0,0,0,-95000,0,0,0,35000,130000,-95000,-95000
061665,旺宏中信9C購01  ,0,0,0,0,0,0,0,0,0,-95000,0,0,0,5000,100000,-95000,-95000
063071,華新科富邦02購01,0,0,0,0,0,0,0,0,0,-95000,0,0,0,15000,110000,-95000,-95000
066486,台光電元富01購02,0,0,0,0,0,0,0,0,0,-95000,0,0,0,55000,150000,-95000,-95000
066835,台郡群益01購02  ,0,0,0,0,0,0,0,0,0,-95000,0,0,0,201000,296000,-95000,-95000
065776,鴻海國泰03購01  ,0,0,0,0,0,0,0,0,0,-95000,0,0,0,5000,100000,-95000,-95000
064528,國巨中信02購01  ,0,0,0,0,0,0,0,0,0,-95000,0,0,0,0,95000,-95000,-95000
064308,國巨群益9C購09  ,0,0,0,0,0,0,0,0,0,-95000,0,0,0,1000,96000,-95000,-95000
064342,晶技元大9C購01  ,0,0,0,0,0,0,0,0,0,-95000,0,0,0,4000,99000,-95000,-95000
06461P,玉晶光國泰9A售01,0,0,0,0,0,0,0,0,0,-95000,0,0,0,0,95000,-95000,-95000
065387,台光電兆豐9C購02,0,0,0,0,0,0,0,0,0,-95000,0,0,0,0,95000,-95000,-95000
1231,聯華食          ,25000,149000,-124000,0,0,0,0,0,0,29000,30000,1000,29000,0,0,0,-95000
07235P,T50正2元大9C售02,0,0,0,0,0,0,0,0,0,-96000,0,0,0,28000,124000,-96000,-96000
066958,日月光元大01購02,8000,0,8000,0,0,0,0,0,0,-104000,0,0,0,142000,246000,-104000,-96000
067896,玉晶光群益02購10,0,0,0,0,0,0,0,0,0,-96000,0,0,0,51000,147000,-96000,-96000
068101,奇力新永豐01購01,0,0,0,0,0,0,0,0,0,-96000,0,0,0,0,96000,-96000,-96000
057690,美律凱基99購03  ,0,0,0,0,0,0,0,0,0,-96000,0,0,0,0,96000,-96000,-96000
062974,奇力新元富9B購01,0,0,0,0,0,0,0,0,0,-96000,0,0,0,78000,174000,-96000,-96000
063686,國巨永豐9B購04  ,0,0,0,0,0,0,0,0,0,-96000,0,0,0,0,96000,-96000,-96000
063525,廣達凱基9B購02  ,0,0,0,0,0,0,0,0,0,-96000,0,0,0,73000,169000,-96000,-96000
060417,正隆永豐9A購01  ,0,0,0,0,0,0,0,0,0,-96000,0,0,0,2000,98000,-96000,-96000
065219,緯穎國泰01購01  ,0,0,0,0,0,0,0,0,0,-96000,0,0,0,270000,366000,-96000,-96000
065045,信邦凱基9C購01  ,0,0,0,0,0,0,0,0,0,-96000,0,0,0,43000,139000,-96000,-96000
065715,勤誠群益9C購01  ,0,0,0,0,0,0,0,0,0,-96000,0,0,0,0,96000,-96000,-96000
08765P,鴻海富邦01售02  ,0,0,0,0,0,0,0,0,0,-97000,0,0,0,3000,100000,-97000,-97000
061822,和潤群益9B購01  ,0,0,0,0,0,0,0,0,0,-97000,0,0,0,0,97000,-97000,-97000
062722,京元電凱基9B購02,0,0,0,0,0,0,0,0,0,-97000,0,0,0,289000,386000,-97000,-97000
062194,遠東新中信9C購01,0,0,0,0,0,0,0,0,0,-97000,0,0,0,0,97000,-97000,-97000
065579,南茂群益9C購02  ,0,0,0,0,0,0,0,0,0,-97000,0,0,0,0,97000,-97000,-97000
1526,日馳            ,98000,194000,-96000,0,0,0,0,0,0,-1000,0,1000,-1000,0,0,0,-97000
2488,漢平            ,0,97000,-97000,0,0,0,0,0,0,0,0,0,0,0,0,0,-97000
3356,奇偶            ,57000,154000,-97000,0,0,0,0,0,0,0,0,0,0,0,0,0,-97000
067063,為升元大01購01  ,0,0,0,0,0,0,0,0,0,-98000,0,0,0,128000,226000,-98000,-98000
057404,貿聯群益99購01  ,0,0,0,0,0,0,0,0,0,-98000,0,0,0,0,98000,-98000,-98000
063166,超眾永豐9B購01  ,0,0,0,0,0,0,0,0,0,-98000,0,0,0,21000,119000,-98000,-98000
062031,臻鼎群益9B購01  ,0,0,0,0,0,0,0,0,0,-98000,0,0,0,2000,100000,-98000,-98000
058537,彩晶統一9B購01  ,0,0,0,0,0,0,0,0,0,-98000,0,0,0,272000,370000,-98000,-98000
058046,國巨元大9A購01  ,0,0,0,0,0,0,0,0,0,-98000,0,0,0,140000,238000,-98000,-98000
055713,國巨元大98購09  ,0,0,0,0,0,0,0,0,0,-98000,0,0,0,102000,200000,-98000,-98000
062942,嘉澤凱基9B購02  ,0,0,0,0,0,0,0,0,0,-98000,0,0,0,10000,108000,-98000,-98000
062522,同欣電元大9B購02,0,0,0,0,0,0,0,0,0,-98000,0,0,0,23000,121000,-98000,-98000
060421,華擎永豐9A購01  ,0,0,0,0,0,0,0,0,0,-98000,0,0,0,46000,144000,-98000,-98000
063825,道瓊銀國票01購01,0,0,0,0,0,0,0,0,0,-98000,0,0,0,0,98000,-98000,-98000
065372,漢唐元大9C購02  ,0,0,0,0,0,0,0,0,0,-98000,0,0,0,103000,201000,-98000,-98000
065414,立積永豐9C購01  ,0,0,0,0,0,0,0,0,0,-98000,0,0,0,2000,100000,-98000,-98000
065156,可成群益01購02  ,0,0,0,0,0,0,0,0,0,-98000,0,0,0,3000,101000,-98000,-98000
064726,創意統一01購03  ,0,0,0,0,0,0,0,0,0,-98000,0,0,0,140000,238000,-98000,-98000
064716,國巨統一9C購14  ,0,0,0,0,0,0,0,0,0,-98000,0,0,0,321000,419000,-98000,-98000
065652,超眾元大01購02  ,0,0,0,0,0,0,0,0,0,-98000,0,0,0,61000,159000,-98000,-98000
065942,燿華元富01購01  ,0,0,0,0,0,0,0,0,0,-98000,0,0,0,0,98000,-98000,-98000
065867,鴻海群益9C購08  ,0,0,0,0,0,0,0,0,0,-98000,0,0,0,0,98000,-98000,-98000
066002,健策國票02購01  ,0,0,0,0,0,0,0,0,0,-98000,0,0,0,10000,108000,-98000,-98000
067475,微星元大01購05  ,0,0,0,0,0,0,0,0,0,-99000,0,0,0,0,99000,-99000,-99000
067869,玉晶光元大01購05,0,0,0,0,0,0,0,0,0,-99000,0,0,0,0,99000,-99000,-99000
07327P,台灣50群益9A售06,0,0,0,0,0,0,0,0,0,-99000,0,0,0,0,99000,-99000,-99000
07061P,台積電元大99售14,0,0,0,0,0,0,0,0,0,-99000,0,0,0,0,99000,-99000,-99000
07880P,可成群益9B售05  ,0,0,0,0,0,0,0,0,0,-99000,0,0,0,0,99000,-99000,-99000
058808,大成鋼統一9B購01,0,0,0,0,0,0,0,0,0,-99000,0,0,0,0,99000,-99000,-99000
03453B,臺股指元大02熊02,0,0,0,0,0,0,0,0,0,-99000,0,0,0,24000,123000,-99000,-99000
058727,嘉晶富邦9A購01  ,0,0,0,0,0,0,0,0,0,-99000,0,0,0,0,99000,-99000,-99000
061418,世紀鋼群益9A購02,0,0,0,0,0,0,0,0,0,-99000,0,0,0,10000,109000,-99000,-99000
057556,智易凱基99購01  ,0,0,0,0,0,0,0,0,0,-99000,0,0,0,0,99000,-99000,-99000
060380,T50反1凱基9A購08,0,0,0,0,0,0,0,0,0,-99000,0,0,0,0,99000,-99000,-99000
060364,奇力新元富9A購01,0,0,0,0,0,0,0,0,0,-99000,0,0,0,57000,156000,-99000,-99000
063697,香港反群益9C購01,0,0,0,0,0,0,0,0,0,-99000,0,0,0,0,99000,-99000,-99000
062323,上銀統一9B購03  ,0,0,0,0,0,0,0,0,0,-99000,0,0,0,10000,109000,-99000,-99000
063556,儒鴻元大9B購02  ,0,0,0,0,0,0,0,0,0,-99000,0,0,0,51000,150000,-99000,-99000
062651,世紀鋼富邦9C購01,0,0,0,0,0,0,0,0,0,-99000,0,0,0,10000,109000,-99000,-99000
062234,廣達凱基9B購01  ,0,0,0,0,0,0,0,0,0,-99000,0,0,0,73000,172000,-99000,-99000
065830,景碩凱基9C購04  ,0,0,0,0,0,0,0,0,0,-99000,0,0,0,51000,150000,-99000,-99000
066514,盟立永豐01購01  ,0,0,0,0,0,0,0,0,0,-99000,0,0,0,3000,102000,-99000,-99000
064554,儒鴻群益9C購01  ,0,0,0,0,0,0,0,0,0,-99000,0,0,0,50000,149000,-99000,-99000
065320,技嘉凱基9C購02  ,0,0,0,0,0,0,0,0,0,-99000,0,0,0,4000,103000,-99000,-99000
2417,圓剛            ,2700000,2810000,-110000,0,0,0,0,0,0,11000,12000,1000,11000,0,0,0,-99000
07712P,茂林元大9A售03  ,0,0,0,0,0,0,0,0,0,-100000,0,0,0,0,100000,-100000,-100000
07142P,台灣50元大01售01,0,0,0,0,0,0,0,0,0,-100000,0,0,0,111000,211000,-100000,-100000
06901P,亞德客凱基98售02,0,0,0,0,0,0,0,0,0,-100000,0,0,0,0,100000,-100000,-100000
07694P,超眾元大9A售05  ,0,0,0,0,0,0,0,0,0,-100000,0,0,0,0,100000,-100000,-100000
08731P,台灣50麥證01售01,0,0,0,0,100000,-100000,0,0,0,-100000,0,0,0,0,100000,-100000,-100000
08645P,臺股指中信03售01,0,0,0,0,0,0,0,0,0,-100000,0,0,0,10000,110000,-100000,-100000
08242P,聯發科凱基9C售06,0,0,0,0,0,0,0,0,0,-100000,0,0,0,0,100000,-100000,-100000
08412P,群創凱基01售03  ,0,0,0,0,0,0,0,0,0,-100000,0,0,0,0,100000,-100000,-100000
068143,國巨元大01購14  ,0,0,0,0,0,0,0,0,0,-100000,0,0,0,1000,101000,-100000,-100000
067917,冠德永豐01購01  ,0,0,0,0,0,0,0,0,0,-100000,0,0,0,0,100000,-100000,-100000
067981,上証2X元大03購03,0,0,0,0,0,0,0,0,0,-100000,0,0,0,0,100000,-100000,-100000
067478,興勤元大01購01  ,120000,0,120000,0,0,0,0,0,0,-220000,0,0,0,0,220000,-220000,-100000
067474,華邦電元大01購02,0,0,0,0,0,0,0,0,0,-100000,0,0,0,0,100000,-100000,-100000
067259,聯茂國票02購01  ,0,0,0,0,0,0,0,0,0,-100000,0,0,0,40000,140000,-100000,-100000
067056,上証2X元大01購04,0,0,0,0,0,0,0,0,0,-100000,0,0,0,0,100000,-100000,-100000
067038,滬深2X凱基04購02,0,0,0,0,0,0,0,0,0,-100000,0,0,0,20000,120000,-100000,-100000
067190,智伸科凱基02購01,0,0,0,0,0,0,0,0,0,-100000,0,0,0,0,100000,-100000,-100000
057729,華新科國泰99購04,0,0,0,0,0,0,0,0,0,-100000,0,0,0,0,100000,-100000,-100000
057812,友達元大9A購05  ,0,0,0,0,0,0,0,0,0,-100000,0,0,0,0,100000,-100000,-100000
060668,上証2X元大9A購02,0,0,0,0,0,0,0,0,0,-100000,0,0,0,0,100000,-100000,-100000
058906,晶相光元大99購01,0,0,0,0,0,0,0,0,0,-100000,0,0,0,0,100000,-100000,-100000
059635,華新科凱基9A購06,0,0,0,0,0,0,0,0,0,-100000,0,0,0,4000,104000,-100000,-100000
03669C,滬深2X元富09牛01,0,0,0,0,0,0,0,0,0,-100000,0,0,0,0,100000,-100000,-100000
056905,欣興元大98購03  ,0,0,0,0,0,0,0,0,0,-100000,0,0,0,0,100000,-100000,-100000
05174P,元金2X富邦9B售01,0,0,0,0,0,0,0,0,0,-100000,0,0,0,20000,120000,-100000,-100000
058026,上銀富邦9A購01  ,0,0,0,0,0,0,0,0,0,-100000,0,0,0,10000,110000,-100000,-100000
062213,和大統一9B購02  ,0,0,0,0,0,0,0,0,0,-100000,0,0,0,0,100000,-100000,-100000
061525,華新科凱基9A購13,0,0,0,0,0,0,0,0,0,-100000,0,0,0,20000,120000,-100000,-100000
062270,上銀群益9B購03  ,0,0,0,0,0,0,0,0,0,-100000,0,0,0,20000,120000,-100000,-100000
062130,T50反1群益9B購01,0,0,0,0,0,0,0,0,0,-100000,0,0,0,0,100000,-100000,-100000
063102,旺宏群益9B購03  ,0,0,0,0,0,0,0,0,0,-100000,0,0,0,100000,200000,-100000,-100000
063653,儒鴻元富9B購01  ,0,0,0,0,0,0,0,0,0,-100000,0,0,0,40000,140000,-100000,-100000
062523,世紀鋼元大9C購03,0,0,0,0,0,0,0,0,0,-100000,0,0,0,10000,110000,-100000,-100000
061211,玉晶光元大9A購12,0,0,0,0,0,0,0,0,0,-100000,0,0,0,0,100000,-100000,-100000
060522,鴻海中信9A購03  ,0,0,0,0,0,0,0,0,0,-100000,0,0,0,0,100000,-100000,-100000
061795,智邦永豐9B購01  ,0,0,0,0,0,0,0,0,0,-100000,0,0,0,0,100000,-100000,-100000
061828,T50反1凱基02購01,0,0,0,0,0,0,0,0,0,-100000,0,0,0,0,100000,-100000,-100000
061170,南茂兆豐9B購01  ,0,0,0,0,0,0,0,0,0,-100000,0,0,0,0,100000,-100000,-100000
063838,上銀元大9C購01  ,0,0,0,0,0,0,0,0,0,-100000,0,0,0,68000,168000,-100000,-100000
063807,超眾兆豐01購01  ,0,0,0,0,0,0,0,0,0,-100000,0,0,0,0,100000,-100000,-100000
060258,T50反1凱基9A購06,0,0,0,0,0,0,0,0,0,-100000,0,0,0,0,100000,-100000,-100000
062003,國巨國泰01購01  ,0,0,0,0,0,0,0,0,0,-100000,0,0,0,18000,118000,-100000,-100000
063944,建準元大9C購01  ,0,0,0,0,0,0,0,0,0,-100000,0,0,0,32000,132000,-100000,-100000
065380,緯穎元大9C購02  ,0,0,0,0,0,0,0,0,0,-100000,0,0,0,15000,115000,-100000,-100000
065176,玉晶光元大01購04,0,0,0,0,0,0,0,0,0,-100000,0,0,0,67000,167000,-100000,-100000
064904,茂林群益9C購02  ,0,0,0,0,0,0,0,0,0,-100000,0,0,0,5000,105000,-100000,-100000
064965,臺指反元大03購02,0,0,0,0,0,0,0,0,0,-100000,0,0,0,0,100000,-100000,-100000
064971,裕隆元大01購01  ,0,0,0,0,0,0,0,0,0,-100000,0,0,0,0,100000,-100000,-100000
064561,友達群益9C購02  ,0,0,0,0,0,0,0,0,0,-100000,0,0,0,98000,198000,-100000,-100000
064404,奇力新凱基02購01,0,0,0,0,0,0,0,0,0,-100000,0,0,0,0,100000,-100000,-100000
066504,全新富邦03購01  ,0,0,0,0,0,0,0,0,0,-100000,0,0,0,0,100000,-100000,-100000
066410,潤泰新凱基01購01,0,0,0,0,0,0,0,0,0,-100000,0,0,0,25000,125000,-100000,-100000
066279,拓凱元大01購01  ,0,0,0,0,0,0,0,0,0,-100000,0,0,0,0,100000,-100000,-100000
066821,臺指反群益01購03,0,0,0,0,0,0,0,0,0,-100000,0,0,0,5000,105000,-100000,-100000
066615,長榮航康和01購01,0,0,0,0,0,0,0,0,0,-100000,0,0,0,300000,400000,-100000,-100000
066060,超眾元大01購03  ,0,0,0,0,0,0,0,0,0,-100000,0,0,0,0,100000,-100000,-100000
2493,揚博            ,83000,180000,-97000,0,0,0,0,0,0,-3000,0,3000,-3000,0,0,0,-100000
2851,中再保          ,26000,123000,-97000,0,0,0,0,2000,-2000,-1000,0,1000,-1000,0,0,0,-100000
067341,欣興凱基03購01  ,0,0,0,0,0,0,0,0,0,-101000,0,0,0,4000,105000,-101000,-101000
08838P,台灣50麥證01售02,0,0,0,0,101000,-101000,0,0,0,-101000,0,0,0,0,101000,-101000,-101000
059856,昇陽半永豐99購03,0,0,0,0,0,0,0,0,0,-101000,0,0,0,1000,102000,-101000,-101000
00662,富邦NASDAQ      ,0,0,0,0,0,0,0,0,0,-101000,0,40000,-40000,143000,204000,-61000,-101000
063417,金像電凱基9B購03,0,0,0,0,0,0,0,0,0,-101000,0,0,0,0,101000,-101000,-101000
063362,台表科國泰01購03,0,0,0,0,0,0,0,0,0,-101000,0,0,0,0,101000,-101000,-101000
063476,台表科元大9C購03,0,0,0,0,0,0,0,0,0,-101000,0,0,0,158000,259000,-101000,-101000
066444,華擎群益01購03  ,0,0,0,0,0,0,0,0,0,-101000,0,0,0,45000,146000,-101000,-101000
064476,金像電國泰02購01,0,0,0,0,0,0,0,0,0,-101000,0,0,0,161000,262000,-101000,-101000
064317,日月光群益9C購01,0,0,0,0,0,0,0,0,0,-101000,0,0,0,31000,132000,-101000,-101000
07967P,力山元大9B售03  ,0,0,0,0,0,0,0,0,0,-102000,0,0,0,38000,140000,-102000,-102000
067908,玉晶光國泰03購01,0,0,0,0,0,0,0,0,0,-102000,0,0,0,1000,103000,-102000,-102000
067594,國巨凱基01購06  ,0,0,0,0,0,0,0,0,0,-102000,0,0,0,36000,138000,-102000,-102000
053799,矽創中信9A購01  ,0,0,0,0,0,0,0,0,0,-102000,0,0,0,0,102000,-102000,-102000
059673,玉山金元富99購01,0,0,0,0,0,0,0,0,0,-102000,0,0,0,0,102000,-102000,-102000
061673,仁寶元大9B購01  ,0,0,0,0,0,0,0,0,0,-102000,0,0,0,74000,176000,-102000,-102000
061725,國巨麥證9A購05  ,0,0,0,0,103000,-103000,0,0,0,-102000,0,0,0,1000,103000,-102000,-102000
063658,瑞祺元富9B購01  ,0,0,0,0,0,0,0,0,0,-102000,0,0,0,0,102000,-102000,-102000
065755,日電貿元大9C購02,0,0,0,0,0,0,0,0,0,-102000,0,0,0,0,102000,-102000,-102000
066989,聯茂群益01購01  ,0,0,0,0,0,0,0,0,0,-103000,0,0,0,0,103000,-103000,-103000
057161,亞德客元大98購02,0,0,0,0,0,0,0,0,0,-103000,0,0,0,45000,148000,-103000,-103000
062751,華擎中信9C購01  ,0,0,0,0,0,0,0,0,0,-103000,0,0,0,68000,171000,-103000,-103000
062816,華新科兆豐9B購01,0,0,0,0,0,0,0,0,0,-103000,0,0,0,0,103000,-103000,-103000
062615,亞德客元大9B購02,0,0,0,0,0,0,0,0,0,-103000,0,0,0,6000,109000,-103000,-103000
062004,國巨國泰9C購03  ,0,0,0,0,0,0,0,0,0,-103000,0,0,0,15000,118000,-103000,-103000
066340,敦泰永豐01購01  ,0,0,0,0,0,0,0,0,0,-103000,0,0,0,198000,301000,-103000,-103000
064785,康友群益9C購01  ,0,0,0,0,0,0,0,0,0,-103000,0,0,0,10000,113000,-103000,-103000
00757,統一FANG+       ,0,0,0,0,0,0,0,0,0,-104000,0,0,0,200000,304000,-104000,-104000
065223,旺宏中信01購01  ,0,0,0,0,0,0,0,0,0,-104000,0,0,0,0,104000,-104000,-104000
066291,惠特元大01購01  ,0,0,0,0,0,0,0,0,0,-104000,0,0,0,24000,128000,-104000,-104000
066734,聯詠元大01購03  ,0,0,0,0,0,0,0,0,0,-104000,0,0,0,114000,218000,-104000,-104000
066692,T50反1群益01購04,0,0,0,0,0,0,0,0,0,-104000,0,0,0,0,104000,-104000,-104000
065778,南亞科國泰01購01,0,5000,-5000,0,0,0,0,0,0,-99000,0,0,0,23000,122000,-99000,-104000
065925,鴻海國票04購01  ,0,0,0,0,0,0,0,0,0,-104000,0,0,0,36000,140000,-104000,-104000
066254,南帝元大01購01  ,0,0,0,0,0,0,0,0,0,-104000,0,0,0,0,104000,-104000,-104000
066260,聯強元大01購02  ,0,0,0,0,0,0,0,0,0,-104000,0,0,0,6000,110000,-104000,-104000
066903,中興電凱基01購01,0,0,0,0,0,0,0,0,0,-105000,0,0,0,30000,135000,-105000,-105000
067574,臺指反群益01購04,0,0,0,0,0,0,0,0,0,-105000,0,0,0,0,105000,-105000,-105000
068031,致茂元富07購01  ,0,0,0,0,0,0,0,0,0,-105000,0,0,0,0,105000,-105000,-105000
07300P,臺股指元大9A售33,0,0,0,0,0,0,0,0,0,-105000,0,0,0,0,105000,-105000,-105000
054164,強茂凱基98購01  ,0,0,0,0,0,0,0,0,0,-105000,0,0,0,0,105000,-105000,-105000
063440,上銀統一01購02  ,0,0,0,0,0,0,0,0,0,-105000,0,0,0,0,105000,-105000,-105000
065229,友達凱基02購03  ,0,0,0,0,0,0,0,0,0,-105000,0,0,0,0,105000,-105000,-105000
065361,上銀元大9C購11  ,0,0,0,0,0,0,0,0,0,-105000,0,0,0,0,105000,-105000,-105000
08990P,台積電元大01售28,0,0,0,0,0,0,0,0,0,-105000,0,0,0,102000,207000,-105000,-105000
9930,中聯資源        ,1000,106000,-105000,0,0,0,0,0,0,0,0,0,0,0,0,0,-105000
08672P,聯發科統一01售09,0,0,0,0,0,0,0,0,0,-106000,0,0,0,8000,114000,-106000,-106000
08590P,智邦凱基9C售04  ,0,0,0,0,0,0,0,0,0,-106000,0,0,0,20000,126000,-106000,-106000
00730,富邦臺灣優質高息,0,0,0,0,0,0,0,0,0,-106000,0,0,0,575000,681000,-106000,-106000
063487,國巨國泰01購02  ,0,0,0,0,0,0,0,0,0,-106000,0,0,0,153000,259000,-106000,-106000
061553,南電群益9A購03  ,0,0,0,0,0,0,0,0,0,-106000,0,0,0,16000,122000,-106000,-106000
062923,緯穎元大9B購06  ,0,0,0,0,0,0,0,0,0,-106000,0,0,0,0,106000,-106000,-106000
061253,臺股指群益9A購04,0,0,0,0,0,0,0,0,0,-106000,0,0,0,0,106000,-106000,-106000
060596,元黃金凱基9A購02,0,0,0,0,0,0,0,0,0,-106000,0,0,0,120000,226000,-106000,-106000
064832,長榮航統一01購01,0,0,0,0,0,0,0,0,0,-106000,0,0,0,0,106000,-106000,-106000
064448,裕隆統一02購01  ,0,0,0,0,0,0,0,0,0,-106000,0,0,0,0,106000,-106000,-106000
08359P,緯創元大9C售02  ,0,0,0,0,0,0,0,0,0,-107000,0,0,0,16000,123000,-107000,-107000
08900P,聯發科群益01售07,0,0,0,0,0,0,0,0,0,-107000,0,0,0,3000,110000,-107000,-107000
068000,聯詠元大01購09  ,0,0,0,0,0,0,0,0,0,-107000,0,0,0,99000,206000,-107000,-107000
067032,致新元富01購01  ,0,0,0,0,0,0,0,0,0,-107000,0,0,0,0,107000,-107000,-107000
059959,訊芯康和99購01  ,0,0,0,0,0,0,0,0,0,-107000,0,0,0,0,107000,-107000,-107000
063924,致新元富9C購01  ,0,0,0,0,0,0,0,0,0,-107000,0,0,0,85000,192000,-107000,-107000
063342,台光電統一9B購02,0,0,0,0,0,0,0,0,0,-107000,0,0,0,7000,114000,-107000,-107000
063239,建準元大9B購01  ,0,0,0,0,0,0,0,0,0,-107000,0,0,0,25000,132000,-107000,-107000
064639,聚陽凱基02購01  ,0,0,0,0,0,0,0,0,0,-107000,0,0,0,10000,117000,-107000,-107000
068131,聯發科統一02購09,0,0,0,0,0,0,0,0,0,-108000,0,0,0,0,108000,-108000,-108000
067648,國巨元富07購09  ,0,0,0,0,0,0,0,0,0,-108000,0,0,0,20000,128000,-108000,-108000
08249P,聯發科群益9C售06,0,0,0,0,0,0,0,0,0,-108000,0,0,0,100000,208000,-108000,-108000
064207,國巨凱基03購02  ,0,0,0,0,0,0,0,0,0,-108000,0,0,0,3000,111000,-108000,-108000
060840,可成國票9B購01  ,0,0,0,0,0,0,0,0,0,-108000,0,0,0,0,108000,-108000,-108000
064870,中租永豐9C購01  ,0,0,0,0,0,0,0,0,0,-108000,0,0,0,11000,119000,-108000,-108000
065274,南茂元大9C購03  ,0,0,0,0,0,0,0,0,0,-108000,0,0,0,39000,147000,-108000,-108000
066244,臺指反元大04購01,0,0,0,0,0,0,0,0,0,-108000,0,0,0,0,108000,-108000,-108000
066525,創意統一03購01  ,0,0,0,0,0,0,0,0,0,-108000,0,0,0,6000,114000,-108000,-108000
08922P,京元電永豐01售01,0,0,0,0,0,0,0,0,0,-109000,0,0,0,85000,194000,-109000,-109000
067229,台達電群益01購02,0,0,0,0,0,0,0,0,0,-109000,0,0,0,123000,232000,-109000,-109000
054778,世紀鋼國票99購01,0,0,0,0,0,0,0,0,0,-109000,0,0,0,15000,124000,-109000,-109000
052542,友達元富98購01  ,0,0,0,0,0,0,0,0,0,-109000,0,0,0,10000,119000,-109000,-109000
064197,智伸科群益9C購01,0,0,0,0,0,0,0,0,0,-109000,0,0,0,0,109000,-109000,-109000
062812,國巨兆豐9B購03  ,0,0,0,0,0,0,0,0,0,-109000,0,0,0,14000,123000,-109000,-109000
066106,台郡國票02購01  ,0,0,0,0,0,0,0,0,0,-109000,0,0,0,0,109000,-109000,-109000
064922,玉晶光統一01購10,0,0,0,0,0,0,0,0,0,-109000,0,0,0,17000,126000,-109000,-109000
2062,橋椿            ,21000,130000,-109000,0,0,0,0,0,0,0,0,0,0,0,0,0,-109000
067301,漢唐元大01購02  ,0,0,0,0,0,0,0,0,0,-110000,0,0,0,69000,179000,-110000,-110000
067085,臻鼎元大01購02  ,0,0,0,0,0,0,0,0,0,-110000,0,0,0,0,110000,-110000,-110000
068032,大毅元富07購01  ,0,0,0,0,0,0,0,0,0,-110000,0,0,0,28000,138000,-110000,-110000
08869P,緯穎凱基01售02  ,0,0,0,0,0,0,0,0,0,-110000,0,0,0,30000,140000,-110000,-110000
08304P,大立光中信02售01,0,0,0,0,0,0,0,0,0,-110000,0,0,0,0,110000,-110000,-110000
07612P,國巨國泰9B售06  ,0,0,0,0,0,0,0,0,0,-110000,0,0,0,0,110000,-110000,-110000
06861P,台積電國票99售08,0,0,0,0,0,0,0,0,0,-110000,0,0,0,0,110000,-110000,-110000
00770,國泰北美科技    ,0,48000,-48000,0,0,0,0,0,0,-62000,0,0,0,1000,63000,-62000,-110000
055415,禾伸堂富邦9B購01,0,0,0,0,0,0,0,0,0,-110000,0,0,0,0,110000,-110000,-110000
058325,昇陽半永豐99購01,0,0,0,0,0,0,0,0,0,-110000,0,0,0,10000,120000,-110000,-110000
062056,國巨統一9C購08  ,0,0,0,0,0,0,0,0,0,-110000,0,0,0,0,110000,-110000,-110000
063617,鴻海兆豐01購01  ,0,0,0,0,0,0,0,0,0,-110000,0,0,0,0,110000,-110000,-110000
063639,華擎元大9C購03  ,0,0,0,0,0,0,0,0,0,-110000,0,0,0,0,110000,-110000,-110000
063903,國巨麥證01購01  ,0,0,0,0,110000,-110000,0,0,0,-110000,0,0,0,0,110000,-110000,-110000
063992,大立光中信9C購03,0,0,0,0,0,0,0,0,0,-110000,0,0,0,0,110000,-110000,-110000
060183,南亞科元富9A購01,0,0,0,0,0,0,0,0,0,-110000,0,0,0,0,110000,-110000,-110000
061596,健策永豐9A購03  ,0,0,0,0,0,0,0,0,0,-110000,0,0,0,15000,125000,-110000,-110000
060988,華新科元大9A購12,0,0,0,0,0,0,0,0,0,-110000,0,0,0,15000,125000,-110000,-110000
064940,智伸科元富9C購01,0,0,0,0,0,0,0,0,0,-110000,0,0,0,14000,124000,-110000,-110000
065332,漢唐國票01購02  ,0,0,0,0,0,0,0,0,0,-110000,0,0,0,0,110000,-110000,-110000
066377,健策兆豐01購02  ,0,0,0,0,0,0,0,0,0,-110000,0,0,0,90000,200000,-110000,-110000
6206,飛捷            ,20000,129000,-109000,0,0,0,0,0,0,-1000,0,1000,-1000,0,0,0,-110000
07874P,長榮航群益9B售01,0,0,0,0,0,0,0,0,0,-111000,0,0,0,0,111000,-111000,-111000
067034,台郡康和01購01  ,0,0,0,0,0,0,0,0,0,-111000,0,0,0,9000,120000,-111000,-111000
062087,瑞祺元大9B購02  ,0,0,0,0,0,0,0,0,0,-111000,0,0,0,3000,114000,-111000,-111000
066557,京鼎元大01購01  ,0,0,0,0,0,0,0,0,0,-111000,0,0,0,88000,199000,-111000,-111000
064626,聯茂元大9C購01  ,0,0,0,0,0,0,0,0,0,-111000,0,0,0,9000,120000,-111000,-111000
3419,譁裕            ,13000,121000,-108000,0,0,0,0,0,0,-3000,0,3000,-3000,0,0,0,-111000
07089P,臺指2X中信01售01,0,0,0,0,0,0,0,0,0,-112000,0,0,0,0,112000,-112000,-112000
08871P,大立光群益01售08,0,0,0,0,0,0,0,0,0,-112000,0,0,0,0,112000,-112000,-112000
054451,上銀亞東98購01  ,0,0,0,0,0,0,0,0,0,-112000,0,0,0,0,112000,-112000,-112000
02001R,富邦蘋果反一N   ,0,0,0,0,0,0,0,0,0,-112000,0,0,0,0,112000,-112000,-112000
062539,可成國泰01購01  ,0,0,0,0,0,0,0,0,0,-112000,0,0,0,22000,134000,-112000,-112000
062621,緯穎元大9B購05  ,0,0,0,0,0,0,0,0,0,-112000,0,0,0,15000,127000,-112000,-112000
065990,華擎永豐01購01  ,0,0,0,0,0,0,0,0,0,-112000,0,0,0,0,112000,-112000,-112000
2013,中鋼構          ,41000,153000,-112000,0,0,0,0,0,0,0,0,0,0,0,0,0,-112000
1522,堤維西          ,39000,151000,-112000,0,0,0,0,0,0,0,0,0,0,0,0,0,-112000
1709,和益            ,28000,138000,-110000,0,0,0,0,0,0,-2000,0,2000,-2000,0,0,0,-112000
2419,仲琦            ,12000,119000,-107000,0,0,0,0,0,0,-5000,0,5000,-5000,0,0,0,-112000
067892,玉晶光群益02購06,0,0,0,0,0,0,0,0,0,-113000,0,0,0,492000,605000,-113000,-113000
061747,南亞科統一01購01,0,0,0,0,0,0,0,0,0,-113000,0,0,0,80000,193000,-113000,-113000
060385,台勝科凱基9A購01,0,0,0,0,0,0,0,0,0,-113000,0,0,0,7000,120000,-113000,-113000
06679P,旺宏元大98售09  ,0,0,0,0,0,0,0,0,0,-113000,0,0,0,0,113000,-113000,-113000
067255,日月光國票02購01,0,0,0,0,0,0,0,0,0,-114000,0,0,0,143000,257000,-114000,-114000
063335,道瓊銀統一9C購01,0,0,0,0,0,0,0,0,0,-114000,0,0,0,60000,174000,-114000,-114000
065797,臺指反群益9C購02,0,0,0,0,0,0,0,0,0,-114000,0,0,0,0,114000,-114000,-114000
065127,世芯永豐9C購03  ,0,0,0,0,0,0,0,0,0,-114000,0,0,0,23000,137000,-114000,-114000
3669,圓展            ,2468000,2589000,-121000,0,0,0,0,0,0,7000,18000,11000,7000,0,0,0,-114000
3645,達邁            ,205000,357000,-152000,0,0,0,0,0,0,38000,40000,2000,38000,0,0,0,-114000
8249,菱光            ,0,114000,-114000,0,0,0,0,0,0,0,0,0,0,0,0,0,-114000
067319,眾達元大01購02  ,0,0,0,0,0,0,0,0,0,-115000,0,0,0,307000,422000,-115000,-115000
067357,欣興群益01購02  ,0,0,0,0,0,0,0,0,0,-115000,0,0,0,22000,137000,-115000,-115000
066986,健策群益02購02  ,0,0,0,0,0,0,0,0,0,-115000,0,0,0,13000,128000,-115000,-115000
067617,臺股指凱基01購12,0,0,0,0,0,0,0,0,0,-115000,0,0,0,40000,155000,-115000,-115000
067774,同欣電統一02購01,0,0,0,0,0,0,0,0,0,-115000,0,0,0,20000,135000,-115000,-115000
08887P,聯發科富邦03售06,0,0,0,0,0,0,0,0,0,-115000,0,0,0,146000,261000,-115000,-115000
08301P,台積電兆豐9C售02,0,0,0,0,0,0,0,0,0,-115000,0,0,0,0,115000,-115000,-115000
07359P,台積電元大99售45,0,0,0,0,0,0,0,0,0,-115000,0,0,0,0,115000,-115000,-115000
03114P,台灣50富邦03售05,0,0,0,0,0,0,0,0,0,-115000,0,0,0,0,115000,-115000,-115000
062927,同欣電國票9B購02,0,0,0,0,0,0,0,0,0,-115000,0,0,0,0,115000,-115000,-115000
065928,創意國票02購01  ,0,0,0,0,0,0,0,0,0,-115000,0,0,0,1000,116000,-115000,-115000
066623,國巨凱基04購01  ,0,0,0,0,0,0,0,0,0,-115000,0,0,0,75000,190000,-115000,-115000
4942,嘉彰            ,33000,148000,-115000,0,0,0,0,0,0,0,0,0,0,0,0,0,-115000
2707,晶華            ,10000,123000,-113000,0,0,0,0,0,0,-2000,0,2000,-2000,0,0,0,-115000
08344P,旺宏元大01售02  ,0,0,0,0,0,0,0,0,0,-116000,0,0,0,0,116000,-116000,-116000
08622P,緯創群益9C售03  ,0,0,0,0,0,0,0,0,0,-116000,0,0,0,9000,125000,-116000,-116000
059935,國巨永豐99購07  ,0,0,0,0,0,0,0,0,0,-116000,0,0,0,16000,132000,-116000,-116000
060286,佳世達元大9C購01,0,0,0,0,0,0,0,0,0,-116000,0,0,0,2000,118000,-116000,-116000
063732,建準元大9B購02  ,0,0,0,0,0,0,0,0,0,-116000,0,0,0,199000,315000,-116000,-116000
06371P,茂林國票98售04  ,0,0,0,0,0,0,0,0,0,-116000,0,0,0,75000,191000,-116000,-116000
064297,台郡國票01購01  ,0,0,0,0,0,0,0,0,0,-116000,0,0,0,30000,146000,-116000,-116000
3005,神基            ,509000,635000,-126000,0,0,0,3000,1000,2000,8000,10000,2000,8000,7000,7000,0,-116000
08610P,鴻海凱基9C售05  ,0,0,0,0,0,0,0,0,0,-117000,0,0,0,69000,186000,-117000,-117000
08743P,群創凱基01售04  ,0,0,0,0,0,0,0,0,0,-117000,0,0,0,20000,137000,-117000,-117000
063162,國喬永豐9B購01  ,0,0,0,0,0,0,0,0,0,-117000,0,0,0,0,117000,-117000,-117000
057451,大立光元富9B購01,0,0,0,0,0,0,0,0,0,-117000,0,0,0,4000,121000,-117000,-117000
059535,玉山金凱基99購01,0,0,0,0,0,0,0,0,0,-117000,0,0,0,55000,172000,-117000,-117000
063912,信邦凱基01購01  ,0,0,0,0,0,0,0,0,0,-117000,0,0,0,30000,147000,-117000,-117000
064079,英業達中信9C購01,0,0,0,0,0,0,0,0,0,-117000,0,0,0,20000,137000,-117000,-117000
060865,創意永豐9A購01  ,0,0,0,0,0,0,0,0,0,-117000,0,0,0,82000,199000,-117000,-117000
2705,六福            ,15000,132000,-117000,0,0,0,0,0,0,0,0,0,0,0,0,0,-117000
2017,官田鋼          ,11000,128309,-117309,0,0,0,0,0,0,0,0,0,0,0,0,0,-117309
067924,台積電兆豐03購03,0,0,0,0,0,0,0,0,0,-118000,0,0,0,677000,795000,-118000,-118000
068054,玉晶光統一03購04,0,0,0,0,0,0,0,0,0,-118000,0,0,0,42000,160000,-118000,-118000
067498,臻鼎元大01購03  ,0,0,0,0,0,0,0,0,0,-118000,0,0,0,50000,168000,-118000,-118000
064353,力成元大9C購02  ,0,0,0,0,0,0,0,0,0,-118000,0,0,0,50000,168000,-118000,-118000
065499,京元電富邦01購01,0,0,0,0,0,0,0,0,0,-118000,0,0,0,445000,563000,-118000,-118000
066550,國泰金元大01購01,0,0,0,0,0,0,0,0,0,-118000,0,0,0,0,118000,-118000,-118000
065876,牧德群益02購01  ,0,0,0,0,0,0,0,0,0,-118000,0,0,0,0,118000,-118000,-118000
065692,國巨群益9C購17  ,0,0,0,0,0,0,0,0,0,-118000,0,0,0,60000,178000,-118000,-118000
066111,上銀兆豐02購01  ,0,0,0,0,0,0,0,0,0,-118000,0,0,0,50000,168000,-118000,-118000
057844,新日興永豐99購01,0,0,0,0,0,0,0,0,0,-119000,0,0,0,11000,130000,-119000,-119000
0052,富邦科技        ,18000,15000,3000,0,0,0,4000,0,4000,-126000,0,0,0,148000,274000,-126000,-119000
062980,康控元富9B購01  ,0,0,0,0,0,0,0,0,0,-119000,0,0,0,60000,179000,-119000,-119000
063009,國巨元大9B購18  ,0,0,0,0,0,0,0,0,0,-119000,0,0,0,1000,120000,-119000,-119000
063124,奇力新元大9B購05,0,0,0,0,0,0,0,0,0,-119000,0,0,0,50000,169000,-119000,-119000
062351,瑞祺群益9C購01  ,0,0,0,0,0,0,0,0,0,-119000,0,0,0,5000,124000,-119000,-119000
064513,T50反1群益9C購01,0,0,0,0,0,0,0,0,0,-119000,0,0,0,300000,419000,-119000,-119000
064584,英業達永豐9C購01,0,0,0,0,0,0,0,0,0,-119000,0,0,0,0,119000,-119000,-119000
2206,三陽工業        ,122000,241000,-119000,0,0,0,0,0,0,0,0,0,0,0,0,0,-119000
067177,日月光麥證01購02,0,0,0,118000,238000,-120000,0,0,0,-120000,0,0,0,118000,238000,-120000,-120000
07953P,健策元大9B售07  ,0,0,0,0,0,0,0,0,0,-120000,0,0,0,0,120000,-120000,-120000
053584,友達元大9B購02  ,0,0,0,0,0,0,0,0,0,-120000,0,0,0,0,120000,-120000,-120000
056353,鴻海元大99購02  ,0,0,0,0,0,0,0,0,0,-120000,0,0,0,1000,121000,-120000,-120000
063182,國巨凱基9B購10  ,0,0,0,0,0,0,0,0,0,-120000,0,0,0,1000,121000,-120000,-120000
058768,南港兆豐99購01  ,0,0,0,0,0,0,0,0,0,-120000,0,0,0,0,120000,-120000,-120000
062701,漢唐元大9B購01  ,0,0,0,0,0,0,0,0,0,-120000,0,0,0,6000,126000,-120000,-120000
060772,FBVIX凱基9A購03 ,0,0,0,0,0,0,0,0,0,-120000,0,0,0,0,120000,-120000,-120000
064135,復盛元大9C購01  ,0,0,0,0,0,0,0,0,0,-120000,0,0,0,130000,250000,-120000,-120000
060221,大立光凱基9A購07,0,0,0,0,0,0,0,0,0,-120000,0,0,0,0,120000,-120000,-120000
065815,微星元富9C購01  ,0,0,0,0,0,0,0,0,0,-120000,0,0,0,137000,257000,-120000,-120000
066617,鎧勝康和01購01  ,0,0,0,0,0,0,0,0,0,-120000,0,0,0,147000,267000,-120000,-120000
066759,盟立永豐01購03  ,0,0,0,0,0,0,0,0,0,-120000,0,0,0,0,120000,-120000,-120000
4532,瑞智            ,20000,128000,-108000,0,0,0,0,0,0,-12000,0,12000,-12000,0,0,0,-120000
4306,炎洲            ,18000,142000,-124000,0,0,0,0,0,0,4000,8000,4000,4000,0,0,0,-120000
08230P,台表科國票9C售03,0,0,0,0,0,0,0,0,0,-121000,0,0,0,3000,124000,-121000,-121000
068038,康控元富03購01  ,0,0,0,0,0,0,0,0,0,-121000,0,0,0,0,121000,-121000,-121000
063894,漢唐群益9C購01  ,0,0,0,0,0,0,0,0,0,-121000,0,0,0,10000,131000,-121000,-121000
060437,宏全永豐9A購01  ,0,0,0,0,0,0,0,0,0,-121000,0,0,0,0,121000,-121000,-121000
068047,台積電統一03購06,0,0,0,0,0,0,0,0,0,-122000,0,0,0,114000,236000,-122000,-122000
058274,世紀鋼永豐99購01,0,0,0,0,0,0,0,0,0,-122000,0,0,0,37000,159000,-122000,-122000
03033P,微星國票03售01  ,0,0,0,0,0,0,0,0,0,-122000,0,0,0,28000,150000,-122000,-122000
060654,大毅群益9B購01  ,0,0,0,0,0,0,0,0,0,-122000,0,0,0,0,122000,-122000,-122000
063625,儒鴻元大9B購03  ,0,0,0,0,0,0,0,0,0,-122000,0,0,0,4000,126000,-122000,-122000
064879,健策兆豐01購01  ,0,0,0,0,0,0,0,0,0,-122000,0,0,0,1000,123000,-122000,-122000
5243,乙盛-KY         ,37000,179869,-142869,0,0,0,0,0,0,20000,20000,0,20000,0,0,0,-122869
00640L,富邦日本正2     ,0,244000,-244000,0,0,0,0,0,0,121000,0,0,0,342000,221000,121000,-123000
062227,南六統一01購02  ,0,0,0,0,0,0,0,0,0,-123000,0,0,0,0,123000,-123000,-123000
060341,國巨統一9C購02  ,0,0,0,0,0,0,0,0,0,-123000,0,0,0,4000,127000,-123000,-123000
08988P,華碩國票01售02  ,0,0,0,0,0,0,0,0,0,-123000,0,0,0,23000,146000,-123000,-123000
1474,弘裕            ,87000,208000,-121000,0,0,0,0,0,0,-2000,0,2000,-2000,0,0,0,-123000
1452,宏益            ,3000,126000,-123000,0,0,0,0,0,0,0,0,0,0,0,0,0,-123000
06824P,台灣50國票99售02,0,0,0,0,0,0,0,0,0,-124000,0,0,0,0,124000,-124000,-124000
067602,億光凱基01購01  ,0,0,0,0,0,0,0,0,0,-124000,0,0,0,60000,184000,-124000,-124000
08377P,臻鼎元富9C售02  ,0,0,0,0,0,0,0,0,0,-124000,0,0,0,6000,130000,-124000,-124000
07392P,台積電國泰02售01,0,0,0,0,0,0,0,0,0,-124000,0,0,0,0,124000,-124000,-124000
063961,世紀鋼元大9C購05,0,0,0,0,0,0,0,0,0,-124000,0,0,0,98000,222000,-124000,-124000
060313,淘帝永豐9A購01  ,0,0,0,0,0,0,0,0,0,-124000,0,0,0,240000,364000,-124000,-124000
065853,智伸科元大9C購02,0,0,0,0,0,0,0,0,0,-124000,0,0,0,0,124000,-124000,-124000
065932,世紀鋼國票02購01,0,0,0,0,0,0,0,0,0,-124000,0,0,0,76000,200000,-124000,-124000
07887P,台積電國票9C售03,0,0,0,0,0,0,0,0,0,-125000,0,0,0,0,125000,-125000,-125000
067801,台達電凱基01購03,0,0,0,0,0,0,0,0,0,-125000,0,0,0,20000,145000,-125000,-125000
06712P,臺股指台新99售09,0,0,0,0,0,0,0,0,0,-125000,20000,0,20000,140000,285000,-145000,-125000
056737,國巨凱基9A購01  ,0,0,0,0,0,0,0,0,0,-125000,0,0,0,15000,140000,-125000,-125000
059023,可成統一9B購02  ,0,0,0,0,0,0,0,0,0,-125000,0,0,0,27000,152000,-125000,-125000
062807,和碩統一9B購01  ,0,0,0,0,0,0,0,0,0,-125000,0,0,0,0,125000,-125000,-125000
062896,中興電元大9B購01,0,0,0,0,0,0,0,0,0,-125000,0,0,0,15000,140000,-125000,-125000
062331,大立光統一9B購10,0,0,0,0,0,0,0,0,0,-125000,0,0,0,24000,149000,-125000,-125000
064843,巨大統一02購01  ,0,0,0,0,0,0,0,0,0,-125000,0,0,0,51000,176000,-125000,-125000
3031,佰鴻            ,3000,127000,-124000,0,0,0,0,0,0,-1000,0,1000,-1000,0,0,0,-125000
068153,美律元大01購04  ,0,0,0,0,0,0,0,0,0,-126000,0,0,0,0,126000,-126000,-126000
068028,國巨元富07購12  ,0,0,0,0,0,0,0,0,0,-126000,0,0,0,0,126000,-126000,-126000
08588P,緯穎元富03售01  ,0,0,0,0,0,0,0,0,0,-126000,0,0,0,139000,265000,-126000,-126000
03081P,華通元大01售06  ,0,0,0,0,0,0,0,0,0,-126000,0,0,0,91000,217000,-126000,-126000
060427,聯茂永豐9A購01  ,0,0,0,0,0,0,0,0,0,-126000,0,0,0,35000,161000,-126000,-126000
061813,鴻海群益9B購02  ,0,0,0,0,0,0,0,0,0,-126000,0,0,0,23000,149000,-126000,-126000
066499,台郡國泰02購01  ,0,0,0,0,0,0,0,0,0,-126000,0,0,0,0,126000,-126000,-126000
3607,谷崧            ,14000,137000,-123000,0,0,0,0,0,0,-3000,0,3000,-3000,0,0,0,-126000
068005,玉晶光元大03購02,0,0,0,0,0,0,0,0,0,-127000,0,0,0,0,127000,-127000,-127000
057719,欣興元富02購01  ,0,0,0,0,0,0,0,0,0,-127000,0,0,0,229000,356000,-127000,-127000
066424,晶技元大01購03  ,0,0,0,0,0,0,0,0,0,-127000,0,0,0,41000,168000,-127000,-127000
064959,巨大凱基9C購02  ,0,0,0,0,0,0,0,0,0,-127000,0,0,0,282000,409000,-127000,-127000
8210,勤誠            ,148000,265000,-117000,0,0,0,0,0,0,-10000,0,8000,-8000,3000,5000,-2000,-127000
9935,慶豐富          ,67000,194000,-127000,0,0,0,0,0,0,0,0,0,0,0,0,0,-127000
1460,宏遠            ,57000,184000,-127000,0,0,0,0,0,0,0,0,0,0,0,0,0,-127000
1108,幸福            ,73000,200000,-127000,0,0,0,0,0,0,0,0,0,0,0,0,0,-127000
08673P,友訊元富01售03  ,0,0,0,0,0,0,0,0,0,-128000,0,0,0,0,128000,-128000,-128000
057166,國巨元大99購06  ,0,0,0,0,0,0,0,0,0,-128000,0,0,0,42000,170000,-128000,-128000
058795,可成元大99購03  ,0,0,0,0,0,0,0,0,0,-128000,0,0,0,89000,217000,-128000,-128000
065321,瑞昱凱基9C購01  ,0,0,0,0,0,0,0,0,0,-128000,0,0,0,20000,148000,-128000,-128000
064236,奇力新統一01購04,0,0,0,0,0,0,0,0,0,-128000,0,0,0,0,128000,-128000,-128000
066871,台表科元富07購01,0,0,0,0,0,0,0,0,0,-128000,0,0,0,2000,130000,-128000,-128000
066700,瑞昱群益01購01  ,0,0,0,0,0,0,0,0,0,-128000,0,0,0,22000,150000,-128000,-128000
2545,皇翔            ,44000,172000,-128000,0,0,0,0,0,0,0,0,0,0,0,0,0,-128000
07200P,臺股指元大99售16,0,0,0,0,0,0,0,0,0,-129000,0,0,0,1000,130000,-129000,-129000
065741,聯發科麥證9C購06,0,0,0,61000,190000,-129000,0,0,0,-129000,0,0,0,61000,190000,-129000,-129000
06458P,玉晶光統一9A售02,0,0,0,0,0,0,0,0,0,-129000,0,0,0,0,129000,-129000,-129000
2228,劍麟            ,65000,197000,-132000,0,0,0,0,0,0,3000,0,0,0,3000,0,3000,-129000
1457,宜進            ,0,128000,-128000,0,0,0,0,0,0,-1000,0,1000,-1000,0,0,0,-129000
5288,豐祥-KY         ,46000,136000,-90000,0,0,0,0,38000,-38000,-1000,0,1000,-1000,0,0,0,-129000
6449,鈺邦            ,73000,199000,-126000,0,0,0,0,0,0,-3000,6000,9000,-3000,0,0,0,-129000
07086P,力成元富9C售01  ,0,0,0,0,0,0,0,0,0,-130000,0,0,0,128000,258000,-130000,-130000
07088P,訊芯永豐99售02  ,0,0,0,0,0,0,0,0,0,-130000,0,0,0,0,130000,-130000,-130000
07027P,台積電群益99售04,0,0,0,0,0,0,0,0,0,-130000,0,0,0,0,130000,-130000,-130000
07521P,台積電中信01售05,0,0,0,0,0,0,0,0,0,-130000,0,0,0,0,130000,-130000,-130000
08127P,聯發科元大9B售21,0,0,0,0,0,0,0,0,0,-130000,0,0,0,60000,190000,-130000,-130000
08776P,上証2X群益03售02,0,0,0,0,0,0,0,0,0,-130000,0,0,0,187000,317000,-130000,-130000
06715P,台積電元大99售04,0,0,0,0,0,0,0,0,0,-130000,0,0,0,0,130000,-130000,-130000
067201,A50正2元大03購01,0,0,0,0,0,0,0,0,0,-130000,0,0,0,0,130000,-130000,-130000
067243,華擎群益01購04  ,0,0,0,0,0,0,0,0,0,-130000,0,0,0,100000,230000,-130000,-130000
055487,國巨元大98購07  ,0,0,0,0,0,0,0,0,0,-130000,0,0,0,20000,150000,-130000,-130000
055653,聯詠元富01購02  ,0,0,0,0,0,0,0,0,0,-130000,0,0,0,155000,285000,-130000,-130000
059816,聯電凱基99購03  ,0,0,0,0,0,0,0,0,0,-130000,0,0,0,26000,156000,-130000,-130000
059097,世紀鋼元大99購05,0,0,0,0,0,0,0,0,0,-130000,0,0,0,0,130000,-130000,-130000
062013,奇鋐富邦9B購01  ,0,0,0,0,0,0,0,0,0,-130000,0,0,0,100000,230000,-130000,-130000
063881,嘉晶元富9C購01  ,0,0,0,0,0,0,0,0,0,-130000,0,0,0,20000,150000,-130000,-130000
063434,和潤元富9B購01  ,0,0,0,0,0,0,0,0,0,-130000,0,0,0,0,130000,-130000,-130000
063353,上銀元富9B購03  ,0,0,0,0,0,0,0,0,0,-130000,0,0,0,8000,138000,-130000,-130000
063386,國巨兆豐9B購04  ,0,0,0,0,0,0,0,0,0,-130000,0,0,0,0,130000,-130000,-130000
066212,惠特統一01購01  ,0,0,0,0,0,0,0,0,0,-130000,0,0,0,0,130000,-130000,-130000
6670,復盛應用        ,234000,359000,-125000,0,0,0,0,0,0,-5000,0,0,0,3000,8000,-5000,-130000
2022,聚亨            ,7000,137000,-130000,0,0,0,0,0,0,0,0,0,0,0,0,0,-130000
08817P,致新元富01售02  ,0,0,0,0,0,0,0,0,0,-131000,0,0,0,105000,236000,-131000,-131000
08635P,大成鋼國票01售01,0,0,0,0,0,0,0,0,0,-131000,0,0,0,0,131000,-131000,-131000
08276P,可成元富9C售02  ,0,0,0,0,0,0,0,0,0,-131000,0,0,0,16000,147000,-131000,-131000
065685,同欣電統一01購04,0,0,0,0,0,0,0,0,0,-131000,0,0,0,0,131000,-131000,-131000
066758,智邦永豐01購01  ,0,0,0,0,0,0,0,0,0,-131000,0,0,0,0,131000,-131000,-131000
066408,致新凱基01購02  ,0,0,0,0,0,0,0,0,0,-131000,0,0,0,0,131000,-131000,-131000
1733,五鼎            ,26000,162000,-136000,0,0,0,0,0,0,5000,8000,3000,5000,0,0,0,-131000
067895,玉晶光群益02購09,0,0,0,0,0,0,0,0,0,-132000,0,0,0,125000,257000,-132000,-132000
058317,國巨永豐99購02  ,0,0,0,0,0,0,0,0,0,-132000,0,0,0,3000,135000,-132000,-132000
056259,T50反1統一9A購01,0,0,0,0,0,0,0,0,0,-132000,0,0,0,150000,282000,-132000,-132000
066574,康友元大01購01  ,0,0,0,0,0,0,0,0,0,-132000,0,0,0,69000,201000,-132000,-132000
066684,T50反1元富07購01,0,0,0,0,0,0,0,0,0,-132000,0,0,0,20000,152000,-132000,-132000
065607,聯詠元大9C購02  ,0,0,0,0,0,0,0,0,0,-132000,0,0,0,159000,291000,-132000,-132000
3027,盛達            ,40000,172000,-132000,0,0,0,0,0,0,0,0,0,0,0,0,0,-132000
062426,大立光統一02購02,0,0,0,0,0,0,0,0,0,-133000,0,0,0,35000,168000,-133000,-133000
064100,義隆群益9C購01  ,0,0,0,0,0,0,0,0,0,-133000,0,0,0,16000,149000,-133000,-133000
064909,華擎麥證9C購01  ,0,0,0,0,133000,-133000,0,0,0,-133000,0,0,0,0,133000,-133000,-133000
066266,強茂元大01購01  ,0,0,0,0,0,0,0,0,0,-133000,0,0,0,115000,248000,-133000,-133000
2010,春源            ,0,124779,-124779,0,0,0,0,0,0,-9000,0,9000,-9000,0,0,0,-133779
067636,復盛永豐01購01  ,0,0,0,0,0,0,0,0,0,-134000,0,0,0,0,134000,-134000,-134000
08526P,義隆元大9C售04  ,0,0,0,0,0,0,0,0,0,-134000,0,0,0,89000,223000,-134000,-134000
056689,玉晶光統一9A購03,0,0,0,0,0,0,0,0,0,-134000,0,0,0,1000,135000,-134000,-134000
063390,嘉晶兆豐9B購01  ,0,0,0,0,0,0,0,0,0,-134000,0,0,0,0,134000,-134000,-134000
065070,臺股指群益9C購18,0,0,0,0,0,0,0,0,0,-134000,0,0,0,71000,205000,-134000,-134000
6112,聚碩            ,52000,186000,-134000,0,0,0,0,0,0,0,0,0,0,0,0,0,-134000
5607,遠雄港          ,62000,196000,-134000,0,0,0,0,0,0,0,0,0,0,0,0,0,-134000
4426,利勤            ,46000,180000,-134000,0,0,0,0,0,0,0,0,0,0,0,0,0,-134000
08549P,大立光元大9C售25,0,0,0,0,0,0,0,0,0,-135000,0,0,0,11000,146000,-135000,-135000
08228P,華擎國票9C售01  ,0,0,0,0,0,0,0,0,0,-135000,0,0,0,90000,225000,-135000,-135000
07706P,長榮航元大9A售03,0,0,0,0,0,0,0,0,0,-135000,0,0,0,5000,140000,-135000,-135000
067829,鎧勝兆豐03購01  ,0,0,0,0,0,0,0,0,0,-135000,0,0,0,10000,145000,-135000,-135000
067125,健策富邦03購01  ,0,0,0,0,0,0,0,0,0,-135000,0,0,0,25000,160000,-135000,-135000
064279,新光金元大01購01,0,0,0,0,0,0,0,0,0,-135000,0,0,0,0,135000,-135000,-135000
066401,智伸科凱基01購02,0,0,0,0,0,0,0,0,0,-135000,0,0,0,0,135000,-135000,-135000
066755,永光永豐01購02  ,0,0,0,0,0,0,0,0,0,-135000,0,0,0,120000,255000,-135000,-135000
065880,訊芯群益9C購01  ,0,0,0,0,0,0,0,0,0,-135000,0,0,0,195000,330000,-135000,-135000
4977,眾達-KY         ,407000,187000,220000,0,0,0,0,300000,-300000,-55000,0,30000,-30000,1000,26000,-25000,-135000
1464,得力            ,30000,165000,-135000,0,0,0,0,0,0,0,0,0,0,0,0,0,-135000
061664,上銀中信9A購01  ,0,0,0,0,0,0,0,0,0,-136000,0,0,0,0,136000,-136000,-136000
062549,中租永豐9B購01  ,0,0,0,0,0,0,0,0,0,-136000,0,0,0,118000,254000,-136000,-136000
066556,和鑫元大01購01  ,0,0,0,0,0,0,0,0,0,-136000,0,0,0,12000,148000,-136000,-136000
064894,漢唐群益9C購02  ,0,0,0,0,0,0,0,0,0,-136000,0,0,0,34000,170000,-136000,-136000
065147,寶成凱基01購01  ,0,0,0,0,0,0,0,0,0,-136000,0,0,0,0,136000,-136000,-136000
1229,聯華            ,430000,588000,-158000,0,0,0,0,2000,-2000,24000,30000,3000,27000,0,3000,-3000,-136000
067420,國巨凱基02購03  ,0,0,0,0,0,0,0,0,0,-137000,0,0,0,56000,193000,-137000,-137000
067946,聯發科國泰03購04,0,0,0,0,0,0,0,0,0,-137000,0,0,0,4000,141000,-137000,-137000
068010,台郡元大01購06  ,0,0,0,0,0,0,0,0,0,-137000,0,0,0,41000,178000,-137000,-137000
055585,國巨元大98購08  ,0,0,0,0,0,0,0,0,0,-137000,0,0,0,0,137000,-137000,-137000
059943,信邦永豐99購01  ,0,0,0,0,0,0,0,0,0,-137000,0,0,0,0,137000,-137000,-137000
065190,緯穎統一9C購02  ,0,0,0,0,0,0,0,0,0,-137000,0,0,0,56000,193000,-137000,-137000
065472,華新元大01購01  ,0,0,0,0,0,0,0,0,0,-137000,0,0,0,48000,185000,-137000,-137000
064468,健策元富9C購02  ,0,0,0,0,0,0,0,0,0,-137000,0,0,0,8000,145000,-137000,-137000
066502,國巨富邦05購02  ,0,0,0,0,0,0,0,0,0,-137000,0,0,0,94000,231000,-137000,-137000
066752,南電元大01購06  ,0,0,0,0,0,0,0,0,0,-137000,0,0,0,262000,399000,-137000,-137000
2607,榮運            ,31000,168000,-137000,0,0,0,0,0,0,0,0,0,0,0,0,0,-137000
8213,志超            ,287000,421000,-134000,0,0,0,0,0,0,-3000,0,0,0,0,3000,-3000,-137000
9802,鈺齊-KY         ,99000,289000,-190000,0,0,0,0,0,0,53000,79000,15000,64000,1000,12000,-11000,-137000
067720,瑞昱凱基01購02  ,0,0,0,0,0,0,0,0,0,-138000,0,0,0,144000,282000,-138000,-138000
067680,聯詠元大01購08  ,0,0,0,0,0,0,0,0,0,-138000,0,0,0,141000,279000,-138000,-138000
08474P,臺股指凱基9C售12,0,0,0,0,0,0,0,0,0,-138000,0,0,0,0,138000,-138000,-138000
057613,瑞昱元富02購02  ,0,0,0,0,0,0,0,0,0,-138000,0,0,0,0,138000,-138000,-138000
063549,國巨國票9C購05  ,0,0,0,0,0,0,0,0,0,-138000,0,0,0,19000,157000,-138000,-138000
066251,川湖元大01購01  ,0,0,0,0,0,0,0,0,0,-138000,0,0,0,53000,191000,-138000,-138000
065026,世紀鋼永豐9C購02,0,0,0,0,0,0,0,0,0,-138000,0,0,0,10000,148000,-138000,-138000
2359,所羅門          ,54000,192000,-138000,0,0,0,0,0,0,0,0,0,0,0,0,0,-138000
08528P,台勝科元大9C售02,0,0,0,0,0,0,0,0,0,-139000,0,0,0,25000,164000,-139000,-139000
08809P,台灣50群益01售07,0,0,0,0,0,0,0,0,0,-139000,0,0,0,0,139000,-139000,-139000
08079P,宏達電國票9B售03,0,0,0,0,0,0,0,0,0,-139000,0,0,0,0,139000,-139000,-139000
068249,聯發科元大01購25,0,0,0,0,0,0,0,0,0,-139000,0,0,0,0,139000,-139000,-139000
061662,瑞儀永豐9A購02  ,0,0,0,0,0,0,0,0,0,-139000,0,0,0,42000,181000,-139000,-139000
062939,奇力新凱基9B購02,0,0,0,0,0,0,0,0,0,-139000,0,0,0,0,139000,-139000,-139000
064903,新唐群益9C購01  ,0,0,0,0,0,0,0,0,0,-139000,0,0,0,8000,147000,-139000,-139000
065840,國巨元大03購01  ,0,0,0,0,0,0,0,0,0,-139000,0,0,0,36000,175000,-139000,-139000
067817,玉晶光凱基02購01,0,0,0,0,0,0,0,0,0,-140000,0,0,0,13000,153000,-140000,-140000
067358,華擎群益01購05  ,0,0,0,0,0,0,0,0,0,-140000,0,0,0,98000,238000,-140000,-140000
07695P,台郡元大9A售02  ,0,0,0,0,0,0,0,0,0,-140000,0,0,0,0,140000,-140000,-140000
07133P,臺股指元大9A售27,0,0,0,0,0,0,0,0,0,-140000,0,0,0,0,140000,-140000,-140000
08654P,台積電群益9C售13,0,0,0,0,0,0,0,0,0,-140000,0,0,0,0,140000,-140000,-140000
062760,漢唐凱基9B購01  ,0,0,0,0,0,0,0,0,0,-140000,0,0,0,10000,150000,-140000,-140000
060320,元金2X群益02購01,0,0,0,0,0,0,0,0,0,-140000,0,0,0,8000,148000,-140000,-140000
061384,T50反1群益9A購04,0,0,0,0,0,0,0,0,0,-140000,0,0,0,10000,150000,-140000,-140000
066694,深中小群益03購01,0,0,0,0,0,0,0,0,0,-140000,0,0,0,10000,150000,-140000,-140000
08763P,健策永豐01售02  ,0,0,0,0,0,0,0,0,0,-141000,0,0,0,0,141000,-141000,-141000
057961,茂林元大9A購01  ,0,0,0,0,0,0,0,0,0,-141000,0,0,0,0,141000,-141000,-141000
063581,同欣電國泰9C購01,0,0,0,0,0,0,0,0,0,-141000,0,0,0,40000,181000,-141000,-141000
066471,致新統一02購01  ,0,0,0,0,0,0,0,0,0,-141000,0,0,0,0,141000,-141000,-141000
066413,鴻海元大01購06  ,0,0,0,0,0,0,0,0,0,-141000,0,0,0,200000,341000,-141000,-141000
2527,宏璟            ,1000,142000,-141000,0,0,0,0,0,0,0,0,0,0,0,0,0,-141000
8011,台通            ,134000,272000,-138000,0,0,0,0,0,0,-3000,0,3000,-3000,0,0,0,-141000
057681,T50反1日盛9C購01,0,0,0,0,0,0,0,0,0,-142000,0,0,0,101000,243000,-142000,-142000
059054,國巨凱基99購11  ,0,0,0,0,0,0,0,0,0,-142000,0,0,0,45000,187000,-142000,-142000
062008,南亞科國泰9C購01,0,0,0,0,0,0,0,0,0,-142000,0,0,0,21000,163000,-142000,-142000
066200,建準統一02購01  ,0,0,0,0,0,0,0,0,0,-142000,0,0,0,0,142000,-142000,-142000
064939,健策元富9C購03  ,0,0,0,0,0,0,0,0,0,-142000,0,0,0,0,142000,-142000,-142000
064659,台達電元大9C購02,0,0,0,0,0,0,0,0,0,-142000,0,0,0,84000,226000,-142000,-142000
2617,台航            ,20000,162000,-142000,0,0,0,0,0,0,0,0,0,0,0,0,0,-142000
066954,聯詠元大01購04  ,0,0,0,0,0,0,0,0,0,-143000,0,0,0,207000,350000,-143000,-143000
03053P,台灣50中信04售03,0,0,0,0,0,0,0,0,0,-143000,0,0,0,0,143000,-143000,-143000
061850,國巨國票9C購02  ,0,0,0,0,0,0,0,0,0,-143000,0,0,0,35000,178000,-143000,-143000
063532,GIS凱基9B購03   ,0,0,0,0,0,0,0,0,0,-143000,0,0,0,190000,333000,-143000,-143000
064924,健策統一9C購05  ,0,0,0,0,0,0,0,0,0,-143000,0,0,0,66000,209000,-143000,-143000
066044,京元電元大01購01,0,0,0,0,0,0,0,0,0,-143000,0,0,0,166000,309000,-143000,-143000
2850,新產            ,14000,157000,-143000,0,0,0,0,0,0,0,0,0,0,0,0,0,-143000
066920,華擎麥證01購01  ,0,0,0,0,144000,-144000,0,0,0,-144000,0,0,0,0,144000,-144000,-144000
08229P,祥碩國票9B售04  ,0,0,0,0,0,0,0,0,0,-144000,0,0,0,0,144000,-144000,-144000
054297,台郡元大98購01  ,0,0,0,0,0,0,0,0,0,-144000,0,0,0,53000,197000,-144000,-144000
063247,信邦元大9B購02  ,0,0,0,0,0,0,0,0,0,-144000,0,0,0,10000,154000,-144000,-144000
063020,奇力新元大9B購04,0,0,0,0,0,0,0,0,0,-144000,0,0,0,1000,145000,-144000,-144000
061358,世紀鋼元大9A購04,0,0,0,0,0,0,0,0,0,-144000,0,0,0,268000,412000,-144000,-144000
1736,喬山            ,100000,242000,-142000,0,0,0,0,0,0,-2000,0,2000,-2000,2000,2000,0,-144000
066963,T50反1元富07購03,0,0,0,0,0,0,0,0,0,-145000,0,0,0,10000,155000,-145000,-145000
066605,盟立永豐01購02  ,0,0,0,0,0,0,0,0,0,-145000,0,0,0,0,145000,-145000,-145000
3022,威強電          ,47000,192000,-145000,0,0,0,0,0,0,0,0,0,0,0,0,0,-145000
5471,松翰            ,605000,711000,-106000,0,0,0,0,0,0,-39000,0,0,0,3000,42000,-39000,-145000
057449,華新科元富99購02,0,0,0,0,0,0,0,0,0,-146000,0,0,0,0,146000,-146000,-146000
058973,麗豐永豐99購01  ,0,0,0,0,0,0,0,0,0,-146000,0,0,0,0,146000,-146000,-146000
062072,國巨元大9B購05  ,0,0,0,0,0,0,0,0,0,-146000,0,0,0,1000,147000,-146000,-146000
066465,同欣電統一01購05,0,0,0,0,0,0,0,0,0,-146000,0,0,0,0,146000,-146000,-146000
065820,瑞祺元富03購01  ,0,0,0,0,0,0,0,0,0,-146000,0,0,0,0,146000,-146000,-146000
06904P,TPK凱基98售03   ,0,0,0,0,0,0,0,0,0,-147000,0,0,0,0,147000,-147000,-147000
00683L,元大美元指數正2 ,0,0,0,0,0,0,0,0,0,-147000,0,0,0,28000,175000,-147000,-147000
061125,億光永豐9A購01  ,0,0,0,0,0,0,0,0,0,-147000,0,0,0,8000,155000,-147000,-147000
062353,亞德客元大9B購01,0,0,0,0,0,0,0,0,0,-147000,0,0,0,50000,197000,-147000,-147000
065775,神隆國泰03購01  ,0,0,0,0,0,0,0,0,0,-147000,0,0,0,5000,152000,-147000,-147000
4155,訊映            ,82000,229000,-147000,0,0,0,0,0,0,0,0,0,0,0,0,0,-147000
3694,海華            ,249000,396000,-147000,0,0,0,0,0,0,0,0,0,0,0,0,0,-147000
068257,聯發科國泰03購05,0,0,0,0,0,0,0,0,0,-148000,0,0,0,0,148000,-148000,-148000
057009,信邦中信99購01  ,0,0,0,0,0,0,0,0,0,-148000,0,0,0,37000,185000,-148000,-148000
059510,華新科永豐99購07,0,0,0,0,0,0,0,0,0,-148000,0,0,0,93000,241000,-148000,-148000
063135,國巨統一9B購16  ,0,0,0,0,0,0,0,0,0,-148000,0,0,0,263000,411000,-148000,-148000
066071,台光電凱基02購01,0,0,0,0,0,0,0,0,0,-148000,0,0,0,2000,150000,-148000,-148000
066023,燿華群益01購02  ,0,0,0,0,0,0,0,0,0,-148000,0,0,0,0,148000,-148000,-148000
064999,T50反1國票9C購03,0,0,0,0,0,0,0,0,0,-148000,0,0,0,60000,208000,-148000,-148000
064784,祥碩群益9C購01  ,0,0,0,0,0,0,0,0,0,-148000,0,0,0,59000,207000,-148000,-148000
064804,英業達元大9C購01,0,0,0,0,0,0,0,0,0,-148000,0,0,0,67000,215000,-148000,-148000
3530,晶相光          ,110000,229000,-119000,0,0,0,0,0,0,-29000,0,1000,-1000,0,28000,-28000,-148000
2456,奇力新          ,477000,652000,-175000,0,0,0,0,0,0,26843,71000,54000,17000,33000,23157,9843,-148157
067928,華城凱基01購01  ,0,0,0,0,0,0,0,0,0,-149000,0,0,0,304000,453000,-149000,-149000
067633,致茂永豐01購02  ,0,0,0,0,0,0,0,0,0,-149000,0,0,0,9000,158000,-149000,-149000
06615P,鴻海元大9C售02  ,0,0,0,0,0,0,0,0,0,-149000,0,0,0,1000,150000,-149000,-149000
067566,台積電康和01購01,0,0,0,0,0,0,0,0,0,-150000,0,0,0,0,150000,-150000,-150000
067518,大立光台新01購03,0,0,0,0,0,0,0,0,0,-150000,0,0,0,0,150000,-150000,-150000
067317,嘉澤元大02購01  ,0,0,0,0,0,0,0,0,0,-150000,0,0,0,14000,164000,-150000,-150000
07183P,臺股指凱基99售25,0,0,0,0,0,0,0,0,0,-150000,0,0,0,0,150000,-150000,-150000
07600P,台灣50凱基04售06,0,0,0,0,0,0,0,0,0,-150000,0,0,0,0,150000,-150000,-150000
07564P,臺股指中信01售01,0,0,0,0,0,0,0,0,0,-150000,0,0,0,0,150000,-150000,-150000
07885P,長榮航凱基9B售01,0,0,0,0,0,0,0,0,0,-150000,0,0,0,0,150000,-150000,-150000
07832P,台積電群益9A售08,0,0,0,0,0,0,0,0,0,-150000,0,0,0,0,150000,-150000,-150000
08326P,臺股指凱基9C售09,0,0,0,0,0,0,0,0,0,-150000,0,0,0,10000,160000,-150000,-150000
057852,國巨國票99購05  ,0,0,0,0,0,0,0,0,0,-150000,0,0,0,0,150000,-150000,-150000
053523,T50反1中信9A購01,0,0,0,0,0,0,0,0,0,-150000,0,0,0,0,150000,-150000,-150000
062311,奇力新凱基9B購01,0,0,0,0,0,0,0,0,0,-150000,0,0,0,0,150000,-150000,-150000
061837,華新科凱基05購02,0,0,0,0,0,0,0,0,0,-150000,0,0,0,1000,151000,-150000,-150000
062011,上銀富邦9C購01  ,0,0,0,0,0,0,0,0,0,-150000,0,0,0,0,150000,-150000,-150000
066494,旺宏國泰03購01  ,0,0,0,0,0,0,0,0,0,-150000,0,0,0,155000,305000,-150000,-150000
066591,華新科群益01購05,0,0,0,0,0,0,0,0,0,-150000,0,0,0,15000,165000,-150000,-150000
065024,華擎永豐9C購01  ,0,0,0,0,0,0,0,0,0,-150000,0,0,0,0,150000,-150000,-150000
065033,和碩兆豐9C購01  ,0,0,0,0,0,0,0,0,0,-150000,0,0,0,0,150000,-150000,-150000
1307,三芳            ,37000,185000,-148000,0,0,0,0,0,0,-2000,0,2000,-2000,0,0,0,-150000
4720,德淵            ,71000,178000,-107000,0,0,0,0,0,0,-43000,0,43000,-43000,0,0,0,-150000
08233P,國泰金元富9B售01,0,0,0,0,0,0,0,0,0,-151000,0,0,0,99000,250000,-151000,-151000
08414P,超眾凱基9C售02  ,0,0,0,0,0,0,0,0,0,-151000,0,0,0,100000,251000,-151000,-151000
067766,上銀統一02購02  ,0,0,0,0,0,0,0,0,0,-151000,0,0,0,0,151000,-151000,-151000
068147,台積電元大02購06,0,0,0,0,0,0,0,0,0,-151000,0,0,0,18000,169000,-151000,-151000
059364,昇陽半永豐99購02,0,0,0,0,0,0,0,0,0,-151000,0,0,0,61000,212000,-151000,-151000
062020,智伸科永豐9B購01,0,0,0,0,0,0,0,0,0,-151000,0,0,0,0,151000,-151000,-151000
063761,嘉澤統一02購01  ,0,0,0,0,0,0,0,0,0,-151000,0,0,0,0,151000,-151000,-151000
063382,南茂永豐9B購01  ,0,0,0,0,0,0,0,0,0,-151000,0,0,0,0,151000,-151000,-151000
065669,義隆凱基01購03  ,0,0,0,0,0,0,0,0,0,-151000,0,0,0,16000,167000,-151000,-151000
4526,東台            ,7000,158000,-151000,0,0,0,0,0,0,0,0,0,0,0,0,0,-151000
067664,台船元大01購01  ,0,0,0,0,0,0,0,0,0,-152000,0,0,0,123000,275000,-152000,-152000
062017,京鼎永豐9B購01  ,0,0,0,0,0,0,0,0,0,-152000,0,0,0,8000,160000,-152000,-152000
060855,華新科富邦01購01,0,0,0,0,0,0,0,0,0,-152000,0,0,0,50000,202000,-152000,-152000
061293,聯茂統一9A購01  ,0,0,0,0,0,0,0,0,0,-152000,0,0,0,104000,256000,-152000,-152000
065764,康友元大9C購02  ,0,0,0,0,0,0,0,0,0,-152000,0,0,0,16000,168000,-152000,-152000
066192,嘉基凱基01購01  ,0,0,0,0,0,0,0,0,0,-152000,0,0,0,138000,290000,-152000,-152000
066747,台郡元大01購03  ,0,0,0,0,0,0,0,0,0,-152000,0,0,0,53000,205000,-152000,-152000
08981P,台積電凱基01售16,0,0,0,0,0,0,0,0,0,-152000,0,0,0,25000,177000,-152000,-152000
067401,嘉澤永豐01購02  ,0,0,0,0,0,0,0,0,0,-153000,0,0,0,0,153000,-153000,-153000
059076,FBVIX元大99購04 ,0,0,0,0,0,0,0,0,0,-153000,0,0,0,0,153000,-153000,-153000
058744,FBVIX凱基9C購03 ,0,0,0,0,0,0,0,0,0,-153000,0,0,0,76000,229000,-153000,-153000
061922,瑞昱凱基9B購01  ,0,0,0,0,0,0,0,0,0,-153000,0,0,0,23000,176000,-153000,-153000
066430,台郡元大01購01  ,0,0,0,0,0,0,0,0,0,-153000,0,0,0,123000,276000,-153000,-153000
065553,聯詠凱基9C購03  ,0,0,0,0,0,0,0,0,0,-153000,0,0,0,50000,203000,-153000,-153000
9941,裕融            ,74000,179000,-105000,0,0,0,0,0,0,-48000,0,48000,-48000,0,0,0,-153000
08054P,臺股指國票9B售19,0,0,0,0,0,0,0,0,0,-154000,0,0,0,140000,294000,-154000,-154000
065165,上銀元大9C購09  ,0,0,0,0,0,0,0,0,0,-154000,0,0,0,40000,194000,-154000,-154000
064544,國巨凱基9C購09  ,0,0,0,0,0,0,0,0,0,-154000,0,0,0,40000,194000,-154000,-154000
066809,新唐凱基01購01  ,0,0,0,0,0,0,0,0,0,-154000,0,0,0,0,154000,-154000,-154000
3605,宏致            ,67000,170000,-103000,0,0,0,0,0,0,-51000,0,51000,-51000,0,0,0,-154000
1104,環泥            ,27000,181000,-154000,0,0,0,0,0,0,0,0,0,0,0,0,0,-154000
1708,東鹼            ,30000,183000,-153000,0,0,0,0,0,0,-1000,0,1000,-1000,0,0,0,-154000
067712,惠特元富04購01  ,0,0,0,0,0,0,0,0,0,-155000,0,0,0,63000,218000,-155000,-155000
061988,大立光元大9B購04,0,0,0,0,0,0,0,0,0,-155000,0,0,0,0,155000,-155000,-155000
065952,聯發科統一03購02,1000,0,1000,0,0,0,0,0,0,-156000,0,0,0,188000,344000,-156000,-155000
065198,玉晶光元富06購01,0,0,0,0,0,0,0,0,0,-155000,0,0,0,24000,179000,-155000,-155000
065364,國巨元大9C購18  ,0,0,0,0,0,0,0,0,0,-155000,0,0,0,1000,156000,-155000,-155000
08092P,仁寶元富9B售02  ,0,0,0,0,0,0,0,0,0,-156000,0,0,0,0,156000,-156000,-156000
08504P,臺股指國票9C售06,0,0,0,0,0,0,0,0,0,-156000,0,0,0,0,156000,-156000,-156000
08874P,台積電中信07售01,0,0,0,0,0,0,0,0,0,-156000,0,0,0,41000,197000,-156000,-156000
061028,聚陽永豐9A購01  ,0,0,0,0,0,0,0,0,0,-156000,0,0,0,0,156000,-156000,-156000
06152P,玉晶光元大98售06,0,0,0,0,0,0,0,0,0,-156000,0,0,0,0,156000,-156000,-156000
065351,中租統一02購02  ,0,0,0,0,0,0,0,0,0,-156000,0,0,0,147000,303000,-156000,-156000
066256,華通元大02購02  ,0,0,0,0,0,0,0,0,0,-156000,0,0,0,7000,163000,-156000,-156000
066463,鎧勝統一02購01  ,0,0,0,0,0,0,0,0,0,-156000,0,0,0,91000,247000,-156000,-156000
067135,聯詠永豐01購02  ,0,0,0,0,0,0,0,0,0,-157000,0,0,0,59000,216000,-157000,-157000
062851,建準永豐9B購02  ,0,0,0,0,0,0,0,0,0,-157000,0,0,0,40000,197000,-157000,-157000
066534,華通台新01購02  ,0,0,0,0,0,0,0,0,0,-157000,0,0,0,50000,207000,-157000,-157000
066773,美律富邦03購01  ,0,0,0,0,0,0,0,0,0,-157000,0,0,0,83000,240000,-157000,-157000
065814,健策統一9C購08  ,0,0,0,0,0,0,0,0,0,-157000,0,0,0,0,157000,-157000,-157000
065801,瑞昱群益9C購04  ,0,0,0,0,0,0,0,0,0,-157000,0,0,0,52000,209000,-157000,-157000
064580,統一永豐9C購01  ,0,0,0,0,0,0,0,0,0,-157000,0,0,0,68000,225000,-157000,-157000
3038,全台            ,194000,376000,-182000,0,0,0,0,0,0,25000,31000,6000,25000,0,0,0,-157000
062265,南茂元大9B購01  ,0,0,0,0,0,0,0,0,0,-158000,0,0,0,25000,183000,-158000,-158000
063445,金像電統一9B購01,0,0,0,0,0,0,0,0,0,-158000,0,0,0,77000,235000,-158000,-158000
062336,茂林統一01購02  ,0,0,0,0,0,0,0,0,0,-158000,0,0,0,0,158000,-158000,-158000
3149,正達            ,6000,164000,-158000,0,0,0,0,0,0,0,0,0,0,0,0,0,-158000
2030,彰源            ,5000,164000,-159000,0,0,0,0,0,0,0,0,0,0,0,0,0,-159000
08319P,台積電統一9C售11,0,0,0,0,0,0,0,0,0,-160000,0,0,0,0,160000,-160000,-160000
056607,貿聯富邦99購02  ,0,0,0,0,0,0,0,0,0,-160000,0,0,0,0,160000,-160000,-160000
063352,上銀元富9B購02  ,0,0,0,0,0,0,0,0,0,-160000,0,0,0,5000,165000,-160000,-160000
062151,世紀鋼國票01購01,0,0,0,0,0,0,0,0,0,-160000,0,0,0,53000,213000,-160000,-160000
065425,國巨凱基01購03  ,0,0,0,0,0,0,0,0,0,-160000,0,0,0,2000,162000,-160000,-160000
08964P,美律台新01售01  ,0,0,0,0,0,0,0,0,0,-160000,0,0,0,0,160000,-160000,-160000
1338,廣華-KY         ,46000,208000,-162000,0,0,0,0,0,0,2000,2000,0,2000,0,0,0,-160000
058928,國巨統一9C購01  ,0,0,0,0,0,0,0,0,0,-161000,0,0,0,1911000,2072000,-161000,-161000
057354,聯鈞統一99購03  ,0,0,0,0,0,0,0,0,0,-161000,0,0,0,140000,301000,-161000,-161000
068167,世紀鋼元大02購01,0,0,0,0,0,0,0,0,0,-162000,0,0,0,8000,170000,-162000,-162000
068241,力山元大01購02  ,0,0,0,0,0,0,0,0,0,-162000,0,0,0,0,162000,-162000,-162000
058897,國巨元大99購17  ,0,0,0,0,0,0,0,0,0,-162000,0,0,0,20000,182000,-162000,-162000
059304,華新科兆豐99購06,0,0,0,0,0,0,0,0,0,-162000,0,0,0,0,162000,-162000,-162000
053827,漢唐麥證9A購01  ,0,0,0,0,162000,-162000,0,0,0,-162000,0,0,0,0,162000,-162000,-162000
064356,矽創元大01購01  ,0,0,0,0,0,0,0,0,0,-162000,0,0,0,0,162000,-162000,-162000
066470,惠特統一02購01  ,0,0,0,0,0,0,0,0,0,-162000,0,0,0,0,162000,-162000,-162000
6024,群益期          ,18000,180000,-162000,0,0,0,0,0,0,0,0,0,0,0,0,0,-162000
6235,華孚            ,70000,232000,-162000,0,0,0,0,0,0,0,0,0,0,0,0,0,-162000
068033,國產元富01購01  ,0,0,0,0,0,0,0,0,0,-163000,0,0,0,0,163000,-163000,-163000
067732,遠東新元大01購01,0,0,0,0,0,0,0,0,0,-163000,0,0,0,238000,401000,-163000,-163000
056891,國巨元大99購03  ,0,0,0,0,0,0,0,0,0,-163000,0,0,0,45000,208000,-163000,-163000
062218,燿華統一01購01  ,0,0,0,0,0,0,0,0,0,-163000,0,0,0,8000,171000,-163000,-163000
067134,國揚永豐01購02  ,0,0,0,0,0,0,0,0,0,-164000,0,0,0,1000,165000,-164000,-164000
08160P,茂林元富9B售03  ,0,0,0,0,0,0,0,0,0,-164000,0,0,0,162000,326000,-164000,-164000
065852,創意元大9C購06  ,0,0,0,0,0,0,0,0,0,-164000,0,0,0,156000,320000,-164000,-164000
067558,中工國票02購01  ,0,0,0,0,0,0,0,0,0,-165000,0,0,0,135000,300000,-165000,-165000
048383,元金2X國票99購01,0,0,0,0,0,0,0,0,0,-165000,0,0,0,39000,204000,-165000,-165000
057438,禾伸堂國票99購01,0,0,0,0,0,0,0,0,0,-165000,0,0,0,3000,168000,-165000,-165000
066561,健策元大01購04  ,0,0,0,0,0,0,0,0,0,-165000,0,0,0,36000,201000,-165000,-165000
066815,華擎兆豐03購01  ,0,0,0,0,0,0,0,0,0,-165000,0,0,0,0,165000,-165000,-165000
064532,聯茂兆豐01購01  ,0,0,0,0,0,0,0,0,0,-165000,0,0,0,13000,178000,-165000,-165000
9939,宏全            ,63000,224000,-161000,0,0,0,0,0,0,-4000,2000,5000,-3000,0,1000,-1000,-165000
2535,達欣工          ,192000,835000,-643000,0,0,0,0,0,0,478000,480000,1000,479000,2000,3000,-1000,-165000
063287,嘉澤元大9B購05  ,0,0,0,0,0,0,0,0,0,-166000,0,0,0,26000,192000,-166000,-166000
063170,智邦第一9B購01  ,0,0,0,0,0,0,0,0,0,-166000,0,0,0,17000,183000,-166000,-166000
058104,國巨統一9A購04  ,0,0,0,0,0,0,0,0,0,-166000,0,0,0,45000,211000,-166000,-166000
063260,信邦富邦9B購01  ,0,0,0,0,0,0,0,0,0,-166000,0,0,0,23000,189000,-166000,-166000
064579,大立光富邦03購02,0,0,0,0,0,0,0,0,0,-166000,0,0,0,370000,536000,-166000,-166000
2464,盟立            ,265000,461000,-196000,0,0,0,0,0,0,30000,0,0,0,98000,68000,30000,-166000
3535,晶彩科          ,54000,220000,-166000,0,0,0,0,0,0,0,0,0,0,0,0,0,-166000
056397,彩晶永豐99購01  ,0,0,0,0,0,0,0,0,0,-167000,0,0,0,43000,210000,-167000,-167000
059101,康控統一9A購01  ,0,0,0,0,0,0,0,0,0,-167000,0,0,0,145000,312000,-167000,-167000
062915,嘉澤元大9B購03  ,0,0,0,0,0,0,0,0,0,-167000,0,0,0,4000,171000,-167000,-167000
061355,康友元大9A購03  ,0,0,0,0,0,0,0,0,0,-167000,0,0,0,28000,195000,-167000,-167000
064446,聚陽統一02購02  ,0,0,0,0,0,0,0,0,0,-167000,0,0,0,0,167000,-167000,-167000
066737,創意元大01購05  ,0,0,0,0,0,0,0,0,0,-167000,0,0,0,112000,279000,-167000,-167000
067010,訊芯永豐01購01  ,0,0,0,0,0,0,0,0,0,-168000,0,0,0,0,168000,-168000,-168000
07939P,台積電統一9B售14,0,0,0,0,0,0,0,0,0,-168000,0,0,0,0,168000,-168000,-168000
08824P,微星元大01售03  ,0,0,0,0,0,0,0,0,0,-168000,0,0,0,271000,439000,-168000,-168000
058221,上銀統一99購04  ,0,0,0,0,0,0,0,0,0,-168000,0,0,0,2000,170000,-168000,-168000
063788,矽創統一02購01  ,0,0,0,0,0,0,0,0,0,-168000,0,0,0,91000,259000,-168000,-168000
064807,義隆元大9C購03  ,0,0,0,0,0,0,0,0,0,-168000,0,0,0,39000,207000,-168000,-168000
2547,日勝生          ,124000,292000,-168000,0,0,0,0,0,0,0,0,0,0,0,0,0,-168000
08077P,亞德客國票9B售02,0,0,0,0,0,0,0,0,0,-169000,0,0,0,27000,196000,-169000,-169000
067551,欣興中信02購01  ,0,0,0,0,0,0,0,0,0,-169000,0,0,0,25000,194000,-169000,-169000
06770P,台灣50第一9C售01,0,0,0,0,0,0,0,0,0,-169000,0,0,0,1796000,1965000,-169000,-169000
00686R,群益臺灣加權反1 ,0,0,0,0,0,0,0,0,0,-169000,0,0,0,298000,467000,-169000,-169000
060253,昇陽半元大9C購01,0,0,0,0,0,0,0,0,0,-169000,0,0,0,20000,189000,-169000,-169000
064645,義隆凱基03購01  ,0,0,0,0,0,0,0,0,0,-169000,0,0,0,29000,198000,-169000,-169000
067597,國巨凱基02購06  ,0,0,0,0,0,0,0,0,0,-170000,0,0,0,105000,275000,-170000,-170000
068267,台積電永豐01購04,0,0,0,0,0,0,0,0,0,-170000,0,0,0,10000,180000,-170000,-170000
08658P,聯發科統一9C售19,0,0,0,0,0,0,0,0,0,-170000,0,0,0,191000,361000,-170000,-170000
055151,台積電元大98購05,0,0,0,0,0,0,0,0,0,-170000,0,0,0,120000,290000,-170000,-170000
059140,大立光兆豐9A購02,0,0,0,0,0,0,0,0,0,-170000,0,0,0,70000,240000,-170000,-170000
064821,聯電統一02購01  ,0,0,0,0,0,0,0,0,0,-170000,0,0,0,478000,648000,-170000,-170000
065312,日月光國票01購01,0,0,0,0,0,0,0,0,0,-170000,0,0,0,30000,200000,-170000,-170000
058366,元大金凱基99購01,0,0,0,0,0,0,0,0,0,-171000,0,0,0,0,171000,-171000,-171000
060861,漢唐永豐9A購01  ,0,0,0,0,0,0,0,0,0,-171000,0,0,0,0,171000,-171000,-171000
061844,T50反1國票9C購02,0,0,0,0,0,0,0,0,0,-171000,0,0,0,0,171000,-171000,-171000
066379,台達電康和01購01,0,0,0,0,0,0,0,0,0,-171000,0,0,0,0,171000,-171000,-171000
066030,超眾群益01購01  ,0,0,0,0,0,0,0,0,0,-171000,0,0,0,0,171000,-171000,-171000
08392P,上銀群益9C售01  ,0,0,0,0,0,0,0,0,0,-172000,0,0,0,0,172000,-172000,-172000
07949P,滬深2X元大9B售04,0,0,0,0,0,0,0,0,0,-172000,0,0,0,550000,722000,-172000,-172000
3563,牧德            ,200000,279000,-79000,0,0,0,0,105000,-105000,12000,0,7000,-7000,39000,20000,19000,-172000
00646,元大S&P500      ,18000,11000,7000,0,0,0,0,0,0,-180000,0,799000,-799000,726000,107000,619000,-173000
9925,新保            ,9000,167000,-158000,0,0,0,0,0,0,-15000,0,15000,-15000,0,0,0,-173000
00653L,富邦印度正2     ,198000,1191000,-993000,0,0,0,0,0,0,819000,0,0,0,3202000,2383000,819000,-174000
062044,健策凱基9B購02  ,0,0,0,0,0,0,0,0,0,-174000,0,0,0,10000,184000,-174000,-174000
061616,鴻海群益9A購07  ,0,0,0,0,0,0,0,0,0,-174000,0,0,0,4000,178000,-174000,-174000
066487,聯詠元富01購03  ,0,0,0,0,0,0,0,0,0,-174000,0,0,0,0,174000,-174000,-174000
067444,國巨國票03購01  ,0,0,0,0,0,0,0,0,0,-175000,0,0,0,9000,184000,-175000,-175000
062230,緯穎統一01購01  ,0,0,0,0,0,0,0,0,0,-175000,0,0,0,74000,249000,-175000,-175000
066564,智伸科元大01購01,0,0,0,0,0,0,0,0,0,-175000,0,0,0,0,175000,-175000,-175000
066626,盟立凱基01購01  ,0,0,0,0,0,0,0,0,0,-175000,0,0,0,277000,452000,-175000,-175000
06552P,茂林元大99售02  ,0,0,0,0,0,0,0,0,0,-175000,0,0,0,0,175000,-175000,-175000
2704,國賓            ,8000,183000,-175000,0,0,0,0,0,0,0,0,0,0,0,0,0,-175000
067176,健策麥證02購02  ,0,0,0,1000,177000,-176000,0,0,0,-176000,0,0,0,1000,177000,-176000,-176000
062051,上銀統一9C購02  ,0,0,0,0,0,0,0,0,0,-176000,0,0,0,3000,179000,-176000,-176000
063148,建準元富9B購01  ,0,0,0,0,0,0,0,0,0,-176000,0,0,0,12000,188000,-176000,-176000
3030,德律            ,32000,201000,-169000,0,0,0,0,0,0,-7000,0,2000,-2000,0,5000,-5000,-176000
066997,樺漢國泰03購01  ,0,0,0,0,0,0,0,0,0,-177000,0,0,0,218000,395000,-177000,-177000
062688,華擎統一01購03  ,0,0,0,0,0,0,0,0,0,-177000,0,0,0,0,177000,-177000,-177000
065466,台表科中信01購03,0,0,0,0,0,0,0,0,0,-177000,0,0,0,120000,297000,-177000,-177000
065131,晶技兆豐01購01  ,0,0,0,0,0,0,0,0,0,-177000,0,0,0,0,177000,-177000,-177000
08745P,臺股指凱基02售06,0,0,0,0,0,0,0,0,0,-178000,0,0,0,40000,218000,-178000,-178000
061957,上銀統一01購01  ,0,0,0,0,0,0,0,0,0,-178000,0,0,0,9000,187000,-178000,-178000
4164,承業醫          ,55000,274417,-219417,0,0,0,0,0,0,41000,56000,15000,41000,0,0,0,-178417
3702,大聯大          ,1845110,2665776,-820666,0,0,0,693000,3000,690000,-48000,14000,62000,-48000,14000,14000,0,-178666
03070P,台表科群益01售04,0,0,0,0,0,0,0,0,0,-179000,0,0,0,1000,180000,-179000,-179000
058124,玉晶光國票9A購01,0,0,0,0,0,0,0,0,0,-179000,0,0,0,21000,200000,-179000,-179000
064020,華通元大01購01  ,0,0,0,0,0,0,0,0,0,-179000,0,0,0,0,179000,-179000,-179000
065449,中租統一9C購01  ,0,0,0,0,0,0,0,0,0,-179000,0,0,0,0,179000,-179000,-179000
067922,玉晶光中信04購01,0,0,0,0,0,0,0,0,0,-180000,0,0,0,253000,433000,-180000,-180000
056444,南亞科凱基99購01,0,0,0,0,0,0,0,0,0,-180000,0,0,0,0,180000,-180000,-180000
063436,儒鴻統一01購03  ,0,0,0,0,0,0,0,0,0,-180000,0,0,0,0,180000,-180000,-180000
064329,國巨元大01購03  ,0,0,0,0,0,0,0,0,0,-180000,0,0,0,5000,185000,-180000,-180000
066248,長興元大01購01  ,0,0,0,0,0,0,0,0,0,-180000,0,0,0,242000,422000,-180000,-180000
067288,為升兆豐03購01  ,0,0,0,0,0,0,0,0,0,-181000,0,0,0,0,181000,-181000,-181000
06984P,上銀富邦9B售01  ,0,0,0,0,0,0,0,0,0,-181000,0,0,0,264000,445000,-181000,-181000
066054,創意元大01購02  ,0,0,0,0,0,0,0,0,0,-181000,0,0,0,35000,216000,-181000,-181000
1720,生達            ,89000,269000,-180000,0,0,0,0,0,0,-1000,0,0,0,0,1000,-1000,-181000
1582,信錦            ,25000,198000,-173000,0,0,0,0,0,0,-8000,0,1000,-1000,0,7000,-7000,-181000
08867P,欣興凱基01售03  ,0,0,0,0,0,0,0,0,0,-182000,0,0,0,143000,325000,-182000,-182000
066205,京鼎統一03購01  ,100000,0,100000,0,0,0,0,0,0,-282000,0,0,0,0,282000,-282000,-182000
06437P,玉晶光國票99售01,0,0,0,0,0,0,0,0,0,-182000,0,0,0,82000,264000,-182000,-182000
06990P,康友元富99售03  ,0,0,0,0,0,0,0,0,0,-183000,0,0,0,2000,185000,-183000,-183000
067503,聚陽統一03購01  ,0,0,0,0,0,0,0,0,0,-183000,0,0,0,30000,213000,-183000,-183000
03079P,台灣50元大01售31,0,0,0,0,0,0,0,0,0,-183000,0,0,0,118000,301000,-183000,-183000
062863,聯茂國票9B購01  ,0,0,0,0,0,0,0,0,0,-183000,0,0,0,17000,200000,-183000,-183000
065295,旭富群益9C購02  ,0,0,0,0,0,0,0,0,0,-183000,0,0,0,0,183000,-183000,-183000
065140,國巨凱基01購02  ,0,0,0,0,0,0,0,0,0,-184000,0,0,0,64000,248000,-184000,-184000
1701,中化            ,256000,440000,-184000,0,0,0,0,0,0,0,0,0,0,0,0,0,-184000
4551,智伸科          ,91000,42000,49000,0,0,0,0,229000,-229000,-4000,2000,20000,-18000,14000,0,14000,-184000
06885P,國巨國票99售06  ,0,0,0,0,0,0,0,0,0,-185000,0,0,0,135000,320000,-185000,-185000
07840P,康控元大9A售02  ,0,0,0,0,0,0,0,0,0,-185000,0,0,0,33000,218000,-185000,-185000
064008,日月光凱基9C購01,0,0,0,0,0,0,0,0,0,-185000,0,0,0,74000,259000,-185000,-185000
066177,上緯控凱基01購01,0,0,0,0,0,0,0,0,0,-185000,0,0,0,10000,195000,-185000,-185000
067360,日月光群益01購01,0,0,0,0,0,0,0,0,0,-186000,0,0,0,53000,239000,-186000,-186000
03085P,台積電元大01售34,0,0,0,0,0,0,0,0,0,-186000,0,0,0,172000,358000,-186000,-186000
059355,國巨富邦9B購03  ,0,0,0,0,0,0,0,0,0,-186000,0,0,0,44000,230000,-186000,-186000
063716,旺宏兆豐9B購01  ,0,0,0,0,0,0,0,0,0,-186000,0,0,0,4000,190000,-186000,-186000
065199,華擎元富03購01  ,0,0,0,0,0,0,0,0,0,-186000,0,0,0,85000,271000,-186000,-186000
6414,樺漢            ,426000,196000,230000,0,0,0,0,440000,-440000,24000,59000,26000,33000,6000,15000,-9000,-186000
1439,中和            ,65000,251000,-186000,0,0,0,0,0,0,0,0,0,0,0,0,0,-186000
08256P,台積電元大9C售02,0,0,0,0,0,0,0,0,0,-187000,0,0,0,5000,192000,-187000,-187000
061651,世紀鋼元大9C購02,0,0,0,0,0,0,0,0,0,-187000,0,0,0,13000,200000,-187000,-187000
064650,台表科凱基03購01,0,0,0,0,0,0,0,0,0,-187000,0,0,0,214000,401000,-187000,-187000
058210,臺股指凱基9C購04,0,0,0,0,0,0,0,0,0,-188000,0,0,0,49000,237000,-188000,-188000
060642,華擎永豐9A購02  ,0,0,0,0,0,0,0,0,0,-188000,0,0,0,11000,199000,-188000,-188000
066527,泰鼎統一03購01  ,0,0,0,0,0,0,0,0,0,-188000,0,0,0,35000,223000,-188000,-188000
9944,新麗            ,99000,286000,-187000,0,0,0,0,0,0,-1000,0,1000,-1000,0,0,0,-188000
2385,群光            ,218408,739896,-521488,0,0,0,353000,4000,349000,-16000,0,3000,-3000,10000,23000,-13000,-188488
058353,國巨凱基99購09  ,0,0,0,0,0,0,0,0,0,-189000,0,0,0,1000,190000,-189000,-189000
064069,華新科永豐9C購01,0,0,0,0,0,0,0,0,0,-189000,0,0,0,0,189000,-189000,-189000
064718,友達統一02購01  ,0,0,0,0,0,0,0,0,0,-189000,0,0,0,355000,544000,-189000,-189000
3338,泰碩            ,250000,405000,-155000,0,0,0,0,0,0,-34000,5000,12000,-7000,1000,28000,-27000,-189000
08929P,可成元富07售04  ,0,0,0,0,0,0,0,0,0,-190000,0,0,0,93000,283000,-190000,-190000
06834P,訊芯群益99售02  ,0,0,0,0,0,0,0,0,0,-190000,0,0,0,0,190000,-190000,-190000
063172,廣達中信9C購01  ,0,0,0,0,0,0,0,0,0,-190000,0,0,0,0,190000,-190000,-190000
6168,宏齊            ,34000,224000,-190000,0,0,0,0,0,0,0,0,0,0,0,0,0,-190000
5522,遠雄            ,73000,357000,-284000,0,0,0,0,0,0,94000,109000,15000,94000,0,0,0,-190000
067256,新唐國票02購01  ,0,0,0,0,0,0,0,0,0,-191000,0,0,0,38000,229000,-191000,-191000
065011,智邦國泰02購01  ,0,0,0,0,0,0,0,0,0,-191000,0,0,0,14000,205000,-191000,-191000
066526,創意統一05購01  ,0,0,0,0,0,0,0,0,0,-191000,0,0,0,87000,278000,-191000,-191000
067624,微星富邦04購01  ,0,0,0,0,0,0,0,0,0,-192000,0,0,0,111000,303000,-192000,-192000
064139,裕隆統一01購02  ,0,0,0,0,0,0,0,0,0,-193000,0,0,0,0,193000,-193000,-193000
064760,玉晶光凱基01購02,0,0,0,0,0,0,0,0,0,-193000,0,0,0,234000,427000,-193000,-193000
4934,太極            ,98000,291000,-193000,0,0,0,0,0,0,0,0,0,0,0,0,0,-193000
067874,台郡元大01購05  ,0,0,0,0,0,0,0,0,0,-194000,0,0,0,65000,259000,-194000,-194000
067985,聚陽元大02購01  ,0,0,0,0,0,0,0,0,0,-194000,0,0,0,0,194000,-194000,-194000
067132,瑞昱永豐01購01  ,0,0,0,0,0,0,0,0,0,-194000,0,0,0,0,194000,-194000,-194000
061126,京元電永豐9A購02,0,0,0,0,0,0,0,0,0,-194000,0,0,0,71000,265000,-194000,-194000
065141,國巨凱基9C購10  ,0,0,0,0,0,0,0,0,0,-194000,0,0,0,11000,205000,-194000,-194000
065584,華通富邦01購01  ,0,0,0,0,0,0,0,0,0,-194000,0,0,0,12000,206000,-194000,-194000
067257,帆宣國票02購01  ,0,0,0,0,0,0,0,0,0,-195000,0,0,0,280000,475000,-195000,-195000
062687,華擎統一01購02  ,0,0,0,0,0,0,0,0,0,-195000,0,0,0,5000,200000,-195000,-195000
063398,信邦群益9B購02  ,0,0,0,0,0,0,0,0,0,-195000,0,0,0,5000,200000,-195000,-195000
066607,台郡永豐01購01  ,0,0,0,0,0,0,0,0,0,-195000,0,0,0,52000,247000,-195000,-195000
066859,華擎國票02購01  ,0,0,0,0,0,0,0,0,0,-195000,0,0,0,0,195000,-195000,-195000
6214,精誠            ,247000,393000,-146000,0,0,0,1000,0,1000,-50000,0,50000,-50000,0,0,0,-195000
063350,台表科統一02購02,0,0,0,0,0,0,0,0,0,-196000,0,0,0,38000,234000,-196000,-196000
063439,正隆統一01購01  ,0,0,0,0,0,0,0,0,0,-196000,0,0,0,16000,212000,-196000,-196000
061669,崇越中信9A購01  ,0,0,0,0,0,0,0,0,0,-196000,0,0,0,106000,302000,-196000,-196000
066823,國巨群益02購02  ,0,0,0,0,0,0,0,0,0,-196000,0,0,0,10000,206000,-196000,-196000
064463,聯茂統一01購02  ,0,0,0,0,0,0,0,0,0,-196000,0,0,0,30000,226000,-196000,-196000
3015,全漢            ,97000,292000,-195000,0,0,0,0,0,0,-1000,0,1000,-1000,0,0,0,-196000
08926P,台積電元富07售06,0,0,0,0,0,0,0,0,0,-197000,0,0,0,0,197000,-197000,-197000
058628,宏達電國票9A購01,0,0,0,0,0,0,0,0,0,-197000,0,0,0,3000,200000,-197000,-197000
063554,GIS國票9C購03   ,0,0,0,0,0,0,0,0,0,-197000,0,0,0,6000,203000,-197000,-197000
063075,祥碩永豐9B購04  ,0,0,0,0,0,0,0,0,0,-197000,0,0,0,135000,332000,-197000,-197000
060567,華擎富邦9C購01  ,0,0,0,0,0,0,0,0,0,-197000,0,0,0,14000,211000,-197000,-197000
065981,超眾元大02購01  ,0,0,0,0,0,0,0,0,0,-197000,0,0,0,74000,271000,-197000,-197000
07058P,台積電凱基9A售07,0,0,0,0,0,0,0,0,0,-198000,0,0,0,30000,228000,-198000,-198000
066488,聯詠元富07購01  ,0,0,0,0,0,0,0,0,0,-198000,0,0,0,0,198000,-198000,-198000
08599P,台表科元大9C售11,0,0,0,0,0,0,0,0,0,-199000,0,0,0,280000,479000,-199000,-199000
066541,南電兆豐01購02  ,0,0,0,0,0,0,0,0,0,-199000,0,0,0,39000,238000,-199000,-199000
064935,寶成統一02購02  ,0,0,0,0,0,0,0,0,0,-199000,0,0,0,96000,295000,-199000,-199000
3010,華立            ,16000,223000,-207000,0,0,0,0,0,0,8000,8000,0,8000,0,0,0,-199000
6558,興能高          ,49000,248000,-199000,0,0,0,0,0,0,0,0,0,0,0,0,0,-199000
2451,創見            ,96000,294330,-198330,0,0,0,0,0,0,-1000,0,2000,-2000,5000,4000,1000,-199330
08858P,台積電國票01售05,0,0,0,0,0,0,0,0,0,-200000,0,0,0,114000,314000,-200000,-200000
06949P,台表科元大99售01,0,0,0,0,0,0,0,0,0,-200000,0,0,0,0,200000,-200000,-200000
07491P,臺股指國票9A售09,0,0,0,0,0,0,0,0,0,-200000,0,0,0,0,200000,-200000,-200000
07461P,臺股指元大9B售04,0,0,0,0,0,0,0,0,0,-200000,0,0,0,0,200000,-200000,-200000
07841P,臻鼎元大9A售04  ,0,0,0,0,0,0,0,0,0,-200000,0,0,0,0,200000,-200000,-200000
07748P,茂林凱基9A售04  ,0,0,0,0,0,0,0,0,0,-200000,0,0,0,0,200000,-200000,-200000
067293,智伸科兆豐03購01,0,0,0,0,0,0,0,0,0,-200000,0,0,0,0,200000,-200000,-200000
067419,鴻海凱基02購06  ,0,0,0,0,0,0,0,0,0,-200000,0,0,0,0,200000,-200000,-200000
067739,微星元大01購07  ,0,0,0,0,0,0,0,0,0,-200000,0,0,0,0,200000,-200000,-200000
059760,楠梓電永豐99購01,0,0,0,0,0,0,0,0,0,-200000,0,0,0,69000,269000,-200000,-200000
057871,國巨元大99購09  ,0,0,0,0,0,0,0,0,0,-200000,0,0,0,10000,210000,-200000,-200000
056109,彩晶永豐98購01  ,0,0,0,0,0,0,0,0,0,-200000,0,0,0,0,200000,-200000,-200000
054806,台化元大9A購01  ,0,0,0,0,0,0,0,0,0,-200000,0,0,0,0,200000,-200000,-200000
058850,華新科群益99購03,0,0,0,0,0,0,0,0,0,-200000,0,0,0,7000,207000,-200000,-200000
060816,世紀鋼凱基9C購02,0,0,0,0,0,0,0,0,0,-200000,0,0,0,0,200000,-200000,-200000
061917,亞德客凱基9B購02,0,0,0,0,0,0,0,0,0,-200000,0,0,0,0,200000,-200000,-200000
062805,台勝科統一9C購01,0,0,0,0,0,0,0,0,0,-200000,0,0,0,0,200000,-200000,-200000
065134,中石化凱基01購01,0,0,0,0,0,0,0,0,0,-200000,0,0,0,0,200000,-200000,-200000
064521,群創群益02購01  ,0,0,0,0,0,0,0,0,0,-200000,0,0,0,0,200000,-200000,-200000
066387,FBVIX凱基03購03 ,0,0,0,0,0,0,0,0,0,-200000,0,0,0,0,200000,-200000,-200000
066642,臺股指凱基04購01,0,0,0,0,0,0,0,0,0,-200000,0,0,0,69000,269000,-200000,-200000
066198,華碩統一03購01  ,0,0,0,0,0,0,0,0,0,-200000,0,0,0,75000,275000,-200000,-200000
1527,鑽全            ,32000,232000,-200000,0,0,0,0,0,0,0,0,0,0,0,0,0,-200000
067974,玉晶光群益02購24,0,0,0,0,0,0,0,0,0,-201000,0,0,0,20000,221000,-201000,-201000
068056,台表科統一03購01,0,0,0,0,0,0,0,0,0,-201000,0,0,0,1000,202000,-201000,-201000
07457P,宏達電元大9A售01,0,0,0,0,0,0,0,0,0,-201000,0,0,0,0,201000,-201000,-201000
053901,T50反1凱基99購03,0,0,0,0,0,0,0,0,0,-201000,0,0,0,30000,231000,-201000,-201000
059291,華新科元富9B購01,0,0,0,0,0,0,0,0,0,-201000,0,0,0,0,201000,-201000,-201000
068017,玉晶光國票01購09,0,0,0,0,0,0,0,0,0,-202000,0,0,0,30000,232000,-202000,-202000
066893,技嘉兆豐01購02  ,0,0,0,0,0,0,0,0,0,-202000,0,0,0,215000,417000,-202000,-202000
066447,智伸科群益01購02,0,0,0,0,0,0,0,0,0,-202000,0,0,0,0,202000,-202000,-202000
1517,利奇            ,59000,259000,-200000,0,0,0,0,0,0,-2000,0,2000,-2000,0,0,0,-202000
2836,高雄銀          ,69000,271000,-202000,0,0,0,0,0,0,0,0,0,0,0,0,0,-202000
063885,南六元富9C購01  ,0,0,0,0,0,0,0,0,0,-203000,0,0,0,47000,250000,-203000,-203000
2439,美律            ,534000,791000,-257000,0,0,0,2000,0,2000,52000,155000,116000,39000,53000,40000,13000,-203000
08175P,金像電統一9B售02,0,0,0,0,0,0,0,0,0,-204000,0,0,0,6000,210000,-204000,-204000
066195,臺股指凱基03購04,0,0,0,0,0,0,0,0,0,-204000,0,0,0,66000,270000,-204000,-204000
07758P,台積電國票9A售06,0,0,0,0,0,0,0,0,0,-205000,0,0,0,0,205000,-205000,-205000
07307P,上証2X凱基9A售02,0,0,0,0,0,0,0,0,0,-205000,0,0,0,0,205000,-205000,-205000
066678,台達電兆豐03購01,0,0,0,0,0,0,0,0,0,-206000,0,0,0,48000,254000,-206000,-206000
2461,光群雷          ,80000,286000,-206000,0,0,0,0,0,0,0,0,0,0,0,0,0,-206000
8404,百和興業-KY     ,68000,254000,-186000,0,0,0,0,0,0,-20000,0,20000,-20000,0,0,0,-206000
08729P,創意永豐01售01  ,0,0,0,0,0,0,0,0,0,-207000,0,0,0,142000,349000,-207000,-207000
067490,嘉澤元大01購04  ,0,0,0,0,0,0,0,0,0,-207000,0,0,0,4000,211000,-207000,-207000
068151,瑞昱元大01購05  ,0,0,0,0,0,0,0,0,0,-207000,0,0,0,0,207000,-207000,-207000
063950,信邦元大9C購01  ,0,0,0,0,0,0,0,0,0,-207000,0,0,0,33000,240000,-207000,-207000
1737,臺鹽            ,2000,209000,-207000,0,0,0,0,0,0,0,0,0,0,0,0,0,-207000
067313,欣興元大03購01  ,0,0,0,0,0,0,0,0,0,-209000,0,0,0,68000,277000,-209000,-209000
08411P,技嘉凱基9C售01  ,0,0,0,0,0,0,0,0,0,-209000,0,0,0,0,209000,-209000,-209000
08093P,英業達元富9B售02,0,0,0,0,0,0,0,0,0,-209000,0,0,0,12000,221000,-209000,-209000
1444,力麗            ,190000,399000,-209000,0,0,0,0,0,0,0,0,0,0,0,0,0,-209000
067144,上銀統一02購01  ,0,0,0,0,0,0,0,0,0,-210000,0,0,0,0,210000,-210000,-210000
067155,健策統一02購01  ,0,0,0,0,0,0,0,0,0,-210000,0,0,0,64000,274000,-210000,-210000
056790,彩晶群益98購03  ,0,0,0,0,0,0,0,0,0,-210000,0,0,0,0,210000,-210000,-210000
060121,新光金富邦99購01,0,0,0,0,0,0,0,0,0,-210000,0,0,0,0,210000,-210000,-210000
066631,聯詠凱基03購01  ,0,0,0,0,0,0,0,0,0,-210000,0,0,0,152000,362000,-210000,-210000
066420,宏達電元大02購01,0,0,0,0,0,0,0,0,0,-210000,0,0,0,102000,312000,-210000,-210000
066164,精元凱基01購01  ,0,0,0,0,0,0,0,0,0,-210000,0,0,0,11000,221000,-210000,-210000
065756,緯創元大9C購05  ,0,1000,-1000,0,0,0,0,0,0,-209000,0,0,0,119000,328000,-209000,-210000
064914,友達統一02購03  ,0,0,0,0,0,0,0,0,0,-210000,0,0,0,1000,211000,-210000,-210000
059162,國巨凱基99購12  ,0,0,0,0,0,0,0,0,0,-211000,0,0,0,105000,316000,-211000,-211000
066651,創意康和01購04  ,0,0,0,0,0,0,0,0,0,-211000,0,0,0,258000,469000,-211000,-211000
1773,勝一            ,316000,525000,-209000,0,0,0,0,0,0,-2000,0,2000,-2000,0,0,0,-211000
2031,新光鋼          ,141000,369000,-228000,0,0,0,0,0,0,17000,23000,6000,17000,0,0,0,-211000
08932P,矽格元富01售01  ,0,0,0,0,0,0,0,0,0,-212000,0,0,0,1396000,1608000,-212000,-212000
08365P,貿聯凱基9C售01  ,0,0,0,0,0,0,0,0,0,-213000,0,0,0,464000,677000,-213000,-213000
07904P,聯發科群益9B售05,0,0,0,0,0,0,0,0,0,-213000,0,0,0,0,213000,-213000,-213000
063159,嘉澤國泰01購01  ,0,0,0,0,0,0,0,0,0,-213000,0,0,0,30000,243000,-213000,-213000
066376,聯詠兆豐01購01  ,0,0,0,0,0,0,0,0,0,-213000,0,0,0,0,213000,-213000,-213000
065371,漢唐元大01購01  ,0,0,0,0,0,0,0,0,0,-213000,0,0,0,76000,289000,-213000,-213000
067466,元金2X元大03購01,0,0,0,0,0,0,0,0,0,-214000,0,0,0,1000,215000,-214000,-214000
068064,欣興兆豐03購02  ,0,0,0,0,0,0,0,0,0,-214000,0,0,0,16000,230000,-214000,-214000
067662,聚陽元大01購03  ,0,0,0,0,0,0,0,0,0,-214000,0,0,0,0,214000,-214000,-214000
065051,和碩凱基02購01  ,0,0,0,0,0,0,0,0,0,-214000,0,0,0,10000,224000,-214000,-214000
2107,厚生            ,119000,316000,-197000,0,0,0,0,0,0,-17000,0,17000,-17000,0,0,0,-214000
06914P,南茂元大98售03  ,0,0,0,0,0,0,0,0,0,-215000,0,0,0,85000,300000,-215000,-215000
08643P,和碩群益9C售02  ,0,0,0,0,0,0,0,0,0,-215000,0,0,0,55000,270000,-215000,-215000
064183,聯茂富邦01購01  ,0,0,0,0,0,0,0,0,0,-215000,0,0,0,0,215000,-215000,-215000
066180,正文凱基01購01  ,0,0,0,0,0,0,0,0,0,-215000,0,0,0,15000,230000,-215000,-215000
2534,宏盛            ,109000,352000,-243000,0,0,0,0,0,0,28000,28000,0,28000,0,0,0,-215000
08568P,臺股指富邦9C售05,0,0,0,0,0,0,0,0,0,-216000,0,0,0,10000,226000,-216000,-216000
067007,拓凱永豐01購02  ,0,0,0,0,0,0,0,0,0,-216000,0,0,0,68000,284000,-216000,-216000
060699,華新科國泰9B購03,0,0,0,0,0,0,0,0,0,-216000,0,0,0,0,216000,-216000,-216000
00752,中信中國50      ,0,0,0,0,0,0,0,0,0,-216000,0,0,0,243000,459000,-216000,-216000
065659,華新科永豐9C購04,0,0,0,0,0,0,0,0,0,-216000,0,0,0,13000,229000,-216000,-216000
06867P,訊芯元大98售08  ,0,0,0,0,0,0,0,0,0,-217000,0,0,0,0,217000,-217000,-217000
06054P,臺股指中信9A售01,0,0,0,0,0,0,0,0,0,-217000,0,0,0,41000,258000,-217000,-217000
064840,彩晶統一02購01  ,0,0,0,0,0,0,0,0,0,-217000,0,0,0,61000,278000,-217000,-217000
08968P,台表科元大01售04,0,0,0,0,0,0,0,0,0,-217000,0,0,0,34000,251000,-217000,-217000
08300P,世芯國票01售01  ,0,0,0,0,0,0,0,0,0,-218000,0,0,0,38000,256000,-218000,-218000
061646,力成元大9A購02  ,0,0,0,0,0,0,0,0,0,-218000,0,0,0,10000,228000,-218000,-218000
063870,健策永豐01購01  ,0,0,0,0,0,0,0,0,0,-218000,0,0,0,1000,219000,-218000,-218000
061950,日月光群益9B購01,0,0,0,0,0,0,0,0,0,-218000,0,0,0,79000,297000,-218000,-218000
062140,元金2X國票9B購03,0,0,0,0,0,0,0,0,0,-218000,0,0,0,5000,223000,-218000,-218000
08478P,臺股指凱基9C售16,0,0,0,0,0,0,0,0,0,-219000,0,0,0,35000,254000,-219000,-219000
08479P,臺股指凱基9C售17,0,0,0,0,0,0,0,0,0,-219000,0,0,0,0,219000,-219000,-219000
067076,聯詠元大01購05  ,0,0,0,0,0,0,0,0,0,-219000,0,0,0,234000,453000,-219000,-219000
064464,台郡統一01購01  ,0,0,0,0,0,0,0,0,0,-219000,0,0,0,0,219000,-219000,-219000
067396,欣興永豐01購02  ,0,0,0,0,0,0,0,0,0,-220000,0,0,0,0,220000,-220000,-220000
03691C,T50反1元大01牛05,0,0,0,0,0,0,0,0,0,-220000,0,0,0,10000,230000,-220000,-220000
054586,健鼎國泰99購01  ,0,0,0,0,0,0,0,0,0,-220000,0,0,0,0,220000,-220000,-220000
062091,世紀鋼元大9B購01,0,0,0,0,0,0,0,0,0,-220000,0,0,0,331000,551000,-220000,-220000
064676,聚陽兆豐9C購01  ,0,0,0,0,0,0,0,0,0,-220000,0,0,0,114000,334000,-220000,-220000
064990,世紀鋼元大01購01,0,0,0,0,0,0,0,0,0,-220000,0,0,0,95000,315000,-220000,-220000
2905,三商            ,89000,307000,-218000,0,0,0,0,0,0,-2000,0,2000,-2000,0,0,0,-220000
8131,福懋科          ,89000,313000,-224000,0,0,0,0,1000,-1000,5000,18000,12000,6000,0,1000,-1000,-220000
4956,光鋐            ,385000,603000,-218000,0,0,0,0,0,0,-2000,0,2000,-2000,0,0,0,-220000
067241,信邦群益01購01  ,0,0,0,0,0,0,0,0,0,-221000,0,0,0,20000,241000,-221000,-221000
067872,玉晶光元大02購03,0,0,0,0,0,0,0,0,0,-221000,0,0,0,54000,275000,-221000,-221000
066479,國巨元富07購01  ,0,0,0,0,0,0,0,0,0,-221000,0,0,0,50000,271000,-221000,-221000
067123,京鼎富邦05購01  ,0,0,0,0,0,0,0,0,0,-222000,0,0,0,0,222000,-222000,-222000
064542,聯電凱基02購01  ,0,0,0,0,0,0,0,0,0,-222000,0,0,0,93000,315000,-222000,-222000
08295P,長榮航元大9C售01,0,0,0,0,0,0,0,0,0,-223000,0,0,0,0,223000,-223000,-223000
060688,世紀鋼元大9C購01,0,0,0,0,0,0,0,0,0,-223000,0,0,0,52000,275000,-223000,-223000
061432,世紀鋼元大9A購05,0,0,0,0,0,0,0,0,0,-223000,0,0,0,90000,313000,-223000,-223000
063069,道瓊銀富邦05購01,0,0,0,0,0,0,0,0,0,-223000,0,0,0,107000,330000,-223000,-223000
067093,台灣50群益01購08,0,0,0,0,0,0,0,0,0,-224000,0,0,0,25000,249000,-224000,-224000
067534,億光群益01購01  ,0,0,0,0,0,0,0,0,0,-224000,0,0,0,165000,389000,-224000,-224000
068248,美律元大01購05  ,0,0,0,0,0,0,0,0,0,-224000,0,0,0,0,224000,-224000,-224000
067340,欣興凱基02購02  ,0,0,0,0,0,0,0,0,0,-225000,0,0,0,109000,334000,-225000,-225000
07504P,聯詠元大9A售02  ,0,0,0,0,0,0,0,0,0,-225000,0,0,0,0,225000,-225000,-225000
07765P,台積電群益9A售06,0,0,0,0,0,0,0,0,0,-225000,0,0,0,0,225000,-225000,-225000
08068P,宏達電國泰9C售01,0,0,0,0,0,0,0,0,0,-225000,0,0,0,45000,270000,-225000,-225000
2355,敬鵬            ,292000,522000,-230000,0,0,0,0,0,0,5000,114000,49000,65000,0,60000,-60000,-225000
5215,科嘉-KY         ,205000,344000,-139000,0,0,0,0,52425,-52425,-34000,0,34000,-34000,0,0,0,-225425
067655,晶技元富07購01  ,0,0,0,0,0,0,0,0,0,-226000,0,0,0,20000,246000,-226000,-226000
064814,祥碩元大9C購06  ,0,0,0,0,0,0,0,0,0,-226000,0,0,0,10000,236000,-226000,-226000
2392,正崴            ,489000,692000,-203000,0,0,0,0,0,0,-23000,0,5000,-5000,2000,20000,-18000,-226000
067949,緯穎國泰03購01  ,0,0,0,0,0,0,0,0,0,-227000,0,0,0,14000,241000,-227000,-227000
067081,華擎元大01購05  ,0,0,0,0,0,0,0,0,0,-227000,0,0,0,127000,354000,-227000,-227000
08135P,玉晶光國泰01售02,0,0,0,0,0,0,0,0,0,-227000,0,0,0,138000,365000,-227000,-227000
08727P,健策群益01售07  ,0,0,0,0,0,0,0,0,0,-227000,0,0,0,2000,229000,-227000,-227000
056472,美律元大99購03  ,0,0,0,0,0,0,0,0,0,-227000,0,0,0,10000,237000,-227000,-227000
08400P,美律元富9C售02  ,0,0,0,0,0,0,0,0,0,-228000,0,0,0,25000,253000,-228000,-228000
3312,弘憶股          ,4000,232000,-228000,0,0,0,0,0,0,0,0,0,0,0,0,0,-228000
08470P,世芯凱基9C售02  ,0,0,0,0,0,0,0,0,0,-229000,0,0,0,331000,560000,-229000,-229000
067212,聯發科元大02購02,0,0,0,0,0,0,0,0,0,-229000,0,0,0,559000,788000,-229000,-229000
067377,欣興統一02購01  ,0,0,0,0,0,0,0,0,0,-229000,0,0,0,0,229000,-229000,-229000
00651R,FH香港反1       ,0,0,0,0,0,0,0,0,0,-229000,0,0,0,392000,621000,-229000,-229000
057835,華擎元富9B購01  ,0,0,0,0,0,0,0,0,0,-229000,0,0,0,55000,284000,-229000,-229000
063590,華擎永豐9B購01  ,0,0,0,0,0,0,0,0,0,-229000,0,0,0,0,229000,-229000,-229000
063661,聚陽統一9C購02  ,0,0,0,0,0,0,0,0,0,-229000,0,0,0,0,229000,-229000,-229000
2401,凌陽            ,424000,617000,-193000,0,0,0,0,0,0,-36000,0,36000,-36000,0,0,0,-229000
066959,新唐元大01購01  ,0,0,0,0,0,0,0,0,0,-230000,0,0,0,23000,253000,-230000,-230000
067610,上緯控凱基02購01,0,0,0,0,0,0,0,0,0,-230000,0,0,0,0,230000,-230000,-230000
1711,永光            ,292000,519000,-227000,0,0,0,0,0,0,-3000,0,4000,-4000,1000,0,1000,-230000
067643,台郡統一03購01  ,0,0,0,0,0,0,0,0,0,-231000,0,0,0,0,231000,-231000,-231000
053396,漢唐中信9A購01  ,0,0,0,0,0,0,0,0,0,-231000,0,0,0,5000,236000,-231000,-231000
060485,華新科富邦9C購04,0,0,0,0,0,0,0,0,0,-231000,0,0,0,0,231000,-231000,-231000
065296,國巨統一01購10  ,0,0,0,0,0,0,0,0,0,-231000,0,0,0,241000,472000,-231000,-231000
067721,義隆凱基01購06  ,0,0,0,0,0,0,0,0,0,-232000,0,0,0,101000,333000,-232000,-232000
062221,奇力新統一01購01,0,0,0,0,0,0,0,0,0,-232000,0,0,0,0,232000,-232000,-232000
1590,亞德客-KY       ,561923,772501,-210578,0,0,0,0,30158,-30158,8000,10000,9000,1000,13000,6000,7000,-232736
065256,上銀元大9C購10  ,0,0,0,0,0,0,0,0,0,-233000,0,0,0,20000,253000,-233000,-233000
066476,禾伸堂麥證01購01,0,0,0,0,233000,-233000,0,0,0,-233000,0,0,0,0,233000,-233000,-233000
066536,漢唐兆豐03購01  ,0,0,0,0,0,0,0,0,0,-233000,0,0,0,0,233000,-233000,-233000
2314,台揚            ,181000,415000,-234000,0,0,0,0,0,0,1000,1000,0,1000,0,0,0,-233000
07593P,臺股指凱基9A售08,0,0,0,0,0,0,0,0,0,-234000,0,0,0,40000,274000,-234000,-234000
058583,臻鼎群益99購01  ,0,0,0,0,0,0,0,0,0,-234000,0,0,0,0,234000,-234000,-234000
062266,世紀鋼元大9B購02,0,0,0,0,0,0,0,0,0,-234000,0,0,0,85000,319000,-234000,-234000
066682,聯詠兆豐03購01  ,0,0,0,0,0,0,0,0,0,-234000,0,0,0,104000,338000,-234000,-234000
065136,正隆凱基9C購01  ,0,0,0,0,0,0,0,0,0,-235000,0,0,0,25000,260000,-235000,-235000
00650L,FH香港正2       ,109000,109000,0,0,0,0,0,0,0,-236000,0,0,0,423000,659000,-236000,-236000
063134,裕隆統一01購01  ,0,0,0,0,0,0,0,0,0,-236000,0,0,0,60000,296000,-236000,-236000
2404,漢唐            ,431000,719000,-288000,0,0,0,3000,0,3000,49000,6000,8000,-2000,65000,14000,51000,-236000
08886P,台積電富邦04售04,0,0,0,0,0,0,0,0,0,-237000,0,0,0,3000,240000,-237000,-237000
067414,嘉澤康和01購01  ,0,0,0,0,0,0,0,0,0,-237000,0,0,0,0,237000,-237000,-237000
065463,大立光中信01購02,0,0,0,0,0,0,0,0,0,-237000,0,0,0,0,237000,-237000,-237000
066947,聯發科元大01購15,0,0,0,0,0,0,0,0,0,-238000,0,0,0,624000,862000,-238000,-238000
3090,日電貿          ,96000,332000,-236000,0,0,0,0,0,0,-2000,0,1000,-1000,4000,5000,-1000,-238000
08680P,聯發科元大01售10,0,0,0,0,0,0,0,0,0,-239000,0,0,0,0,239000,-239000,-239000
07494P,葡萄王元大9A售03,0,0,0,0,0,0,0,0,0,-239000,0,0,0,0,239000,-239000,-239000
064141,國巨統一01購08  ,0,0,0,0,0,0,0,0,0,-239000,0,0,0,21000,260000,-239000,-239000
066558,創意元大01購04  ,0,0,0,0,0,0,0,0,0,-239000,0,0,0,94000,333000,-239000,-239000
065920,日月光凱基02購01,0,0,0,0,0,0,0,0,0,-239000,0,0,0,50000,289000,-239000,-239000
08172P,台積電凱基03售02,0,0,0,0,0,0,0,0,0,-240000,0,0,0,0,240000,-240000,-240000
067337,欣興凱基01購01  ,0,0,0,0,0,0,0,0,0,-240000,0,0,0,160000,400000,-240000,-240000
063667,全新統一01購02  ,0,0,0,0,0,0,0,0,0,-240000,0,0,0,0,240000,-240000,-240000
06333P,臺股指群益9C售02,0,0,0,0,0,0,0,0,0,-240000,0,0,0,100000,340000,-240000,-240000
067863,國巨元大02購05  ,0,0,0,0,0,0,0,0,0,-241000,0,0,0,791000,1032000,-241000,-241000
07708P,玉晶光元大9A售13,0,0,0,0,0,0,0,0,0,-241000,0,0,0,272000,513000,-241000,-241000
059931,緯穎富邦9A購01  ,0,0,0,0,0,0,0,0,0,-241000,0,0,0,0,241000,-241000,-241000
061372,世紀鋼國泰9C購01,0,0,0,0,0,0,0,0,0,-241000,0,0,0,93000,334000,-241000,-241000
2906,高林            ,21000,262000,-241000,0,0,0,0,0,0,0,0,0,0,0,0,0,-241000
1442,名軒            ,8000,241000,-233000,0,0,0,0,0,0,-8000,0,8000,-8000,0,0,0,-241000
057798,貿聯兆豐99購01  ,0,0,0,0,0,0,0,0,0,-242000,0,0,0,81000,323000,-242000,-242000
060158,廣達永豐9A購01  ,0,0,0,0,0,0,0,0,0,-242000,0,0,0,47000,289000,-242000,-242000
064252,嘉澤元富9C購01  ,0,0,0,0,0,0,0,0,0,-242000,0,0,0,8000,250000,-242000,-242000
08130P,義隆元大9B售05  ,0,0,0,0,0,0,0,0,0,-243000,0,0,0,102000,345000,-243000,-243000
066957,健策元大01購06  ,0,0,0,0,0,0,0,0,0,-243000,0,0,0,63000,306000,-243000,-243000
064842,南六統一9C購04  ,0,0,0,0,0,0,0,0,0,-243000,0,0,0,99000,342000,-243000,-243000
067620,聚陽國泰02購01  ,0,0,0,0,0,0,0,0,0,-244000,0,0,0,50000,294000,-244000,-244000
058445,旺宏富邦9C購01  ,0,0,0,0,0,0,0,0,0,-244000,0,0,0,56000,300000,-244000,-244000
064247,廣達元富9C購01  ,0,0,0,0,0,0,0,0,0,-244000,0,0,0,0,244000,-244000,-244000
2102,泰豐            ,765000,939000,-174000,0,0,0,0,0,0,-70000,40000,31000,9000,29000,108000,-79000,-244000
6120,達運            ,135000,373000,-238000,0,0,0,0,0,0,-6000,0,6000,-6000,0,0,0,-244000
07202P,台灣50凱基9C售04,0,0,0,0,0,0,0,0,0,-245000,0,0,0,0,245000,-245000,-245000
08583P,鴻海群益01售05  ,0,0,0,0,0,0,0,0,0,-245000,0,0,0,0,245000,-245000,-245000
062236,信邦凱基9B購01  ,1000,0,1000,0,0,0,0,0,0,-246000,0,0,0,82000,328000,-246000,-245000
066862,台達電台新01購01,0,0,0,0,0,0,0,0,0,-245000,0,0,0,3000,248000,-245000,-245000
3048,益登            ,30000,260000,-230000,0,0,0,0,0,0,-15000,0,15000,-15000,0,0,0,-245000
08685P,南電凱基01售03  ,0,0,0,0,0,0,0,0,0,-246000,0,0,0,54000,300000,-246000,-246000
068034,國揚元富07購01  ,0,0,0,0,0,0,0,0,0,-247000,0,0,0,0,247000,-247000,-247000
063541,華擎元富9B購02  ,0,0,0,0,0,0,0,0,0,-247000,0,0,0,3000,250000,-247000,-247000
065174,華新科元大02購02,0,0,0,0,0,0,0,0,0,-247000,0,0,0,73000,320000,-247000,-247000
067499,帆宣元大01購04  ,1000,0,1000,0,0,0,0,0,0,-249000,0,0,0,560000,809000,-249000,-248000
2727,王品            ,15000,263000,-248000,0,0,0,0,0,0,0,0,0,0,0,0,0,-248000
06700P,臺股指統一99售05,0,0,0,0,0,0,0,0,0,-249000,0,0,0,1000,250000,-249000,-249000
08131P,立積元大9B售02  ,0,0,0,0,0,0,0,0,0,-249000,0,0,0,199000,448000,-249000,-249000
03066P,台積電群益01售19,0,0,0,0,0,0,0,0,0,-249000,0,0,0,24000,273000,-249000,-249000
07429P,臺股指國票9A售01,0,0,0,0,0,0,0,0,0,-250000,0,0,0,0,250000,-250000,-250000
07288P,台灣50凱基99售06,0,0,0,0,0,0,0,0,0,-250000,0,0,0,0,250000,-250000,-250000
067736,國巨元大02購04  ,0,0,0,0,0,0,0,0,0,-250000,0,0,0,1000,251000,-250000,-250000
065407,世紀鋼富邦01購01,0,0,0,0,0,0,0,0,0,-250000,0,0,0,0,250000,-250000,-250000
066532,力成元富07購01  ,0,0,0,0,0,0,0,0,0,-250000,0,0,0,45000,295000,-250000,-250000
2399,映泰            ,120000,370000,-250000,0,0,0,0,0,0,0,0,0,0,0,0,0,-250000
2331,精英            ,42000,287000,-245000,0,0,0,0,0,0,-6000,0,6000,-6000,0,0,0,-251000
068195,瑞昱凱基02購02  ,0,0,0,0,0,0,0,0,0,-252000,0,0,0,0,252000,-252000,-252000
067520,健策元富01購03  ,0,0,0,0,0,0,0,0,0,-252000,0,0,0,24000,276000,-252000,-252000
3532,台勝科          ,75000,270000,-195000,0,0,0,0,0,0,-57000,0,2000,-2000,6000,61000,-55000,-252000
068253,玉晶光元大01購13,0,0,0,0,0,0,0,0,0,-253000,0,0,0,0,253000,-253000,-253000
061195,健策永豐9B購02  ,0,0,0,0,0,0,0,0,0,-253000,0,0,0,16000,269000,-253000,-253000
5519,隆大            ,2000,255000,-253000,0,0,0,0,0,0,0,0,0,0,0,0,0,-253000
1455,集盛            ,54000,285000,-231000,0,0,0,0,0,0,-22000,0,22000,-22000,0,0,0,-253000
08542P,台勝科國票02售01,0,0,0,0,0,0,0,0,0,-254000,0,0,0,0,254000,-254000,-254000
064696,群創群益9C購02  ,0,0,0,0,0,0,0,0,0,-254000,0,0,0,1000,255000,-254000,-254000
060655,國巨統一9B購06  ,0,0,0,0,0,0,0,0,0,-255000,0,0,0,4000,259000,-255000,-255000
066778,緯穎富邦03購01  ,0,0,0,0,0,0,0,0,0,-255000,0,0,0,0,255000,-255000,-255000
1598,岱宇            ,347000,588000,-241000,0,0,0,0,0,0,-15000,30000,45000,-15000,0,0,0,-256000
067398,欣興永豐01購04  ,0,0,0,0,0,0,0,0,0,-257000,0,0,0,50000,307000,-257000,-257000
061267,玉山金凱基9B購01,0,0,0,0,0,0,0,0,0,-257000,0,0,0,0,257000,-257000,-257000
2442,新美齊          ,8000,243000,-235000,0,0,0,0,0,0,-22000,0,22000,-22000,0,0,0,-257000
1319,東陽            ,122423,346000,-223577,0,0,0,0,0,0,-34000,0,34000,-34000,0,0,0,-257577
00668,國泰美國道瓊    ,0,69000,-69000,0,0,0,0,0,0,-189000,0,0,0,33000,222000,-189000,-258000
063772,智邦富邦9B購02  ,0,0,0,0,0,0,0,0,0,-258000,0,0,0,0,258000,-258000,-258000
1712,興農            ,140000,398000,-258000,0,0,0,0,0,0,0,0,0,0,0,0,0,-258000
06959P,鴻海凱基9A售02  ,0,0,0,0,0,0,0,0,0,-260000,0,0,0,0,260000,-260000,-260000
064867,華新科永豐9C購03,0,0,0,0,0,0,0,0,0,-260000,0,0,0,1000,261000,-260000,-260000
2809,京城銀          ,207000,464000,-257000,0,0,0,0,2000,-2000,-1000,0,3000,-3000,14000,12000,2000,-260000
00643,群益深証中小    ,199000,72000,127000,0,0,0,0,0,0,-388000,0,100000,-100000,218000,506000,-288000,-261000
00875,國泰網路資安    ,1000,951000,-950000,0,0,0,0,0,0,689000,0,0,0,1244000,555000,689000,-261000
066676,A50正2兆豐03購01,0,0,0,0,0,0,0,0,0,-261000,0,0,0,41000,302000,-261000,-261000
2548,華固            ,90000,349842,-259842,0,0,0,0,0,0,-3000,0,3000,-3000,0,0,0,-262842
07890P,南電國票9B售01  ,0,0,0,0,0,0,0,0,0,-263000,0,0,0,53000,316000,-263000,-263000
03008P,玉晶光中信01售01,0,0,0,0,0,0,0,0,0,-264000,0,0,0,16000,280000,-264000,-264000
066407,昇陽半凱基01購01,0,0,0,0,0,0,0,0,0,-264000,0,0,0,10000,274000,-264000,-264000
066344,拓凱永豐01購01  ,0,0,0,0,0,0,0,0,0,-265000,0,0,0,27000,292000,-265000,-265000
066227,惠特國泰03購02  ,0,0,0,0,0,0,0,0,0,-265000,0,0,0,4000,269000,-265000,-265000
08816P,台積電富邦04售03,0,0,0,0,0,0,0,0,0,-266000,0,0,0,900000,1166000,-266000,-266000
063203,華新科統一9C購04,0,0,0,0,0,0,0,0,0,-266000,0,0,0,0,266000,-266000,-266000
046949,群創元大99購01  ,0,0,0,0,0,0,0,0,0,-267000,0,0,0,23000,290000,-267000,-267000
066686,鴻海元富07購05  ,0,0,0,0,0,0,0,0,0,-267000,0,0,0,182000,449000,-267000,-267000
6592,和潤企業        ,28000,296000,-268000,0,0,0,0,0,0,1000,0,0,0,7000,6000,1000,-267000
1215,卜蜂            ,189000,412000,-223000,0,0,0,0,0,0,-46000,0,10000,-10000,4000,40000,-36000,-269000
067484,聯詠元大01購07  ,0,0,0,0,0,0,0,0,0,-270000,0,0,0,698000,968000,-270000,-270000
067339,欣興凱基02購01  ,0,0,0,0,0,0,0,0,0,-270000,0,0,0,82000,352000,-270000,-270000
068024,聚陽元富07購02  ,0,0,0,0,0,0,0,0,0,-270000,0,0,0,30000,300000,-270000,-270000
1608,華榮            ,45000,315000,-270000,0,0,0,0,0,0,0,0,0,0,0,0,0,-270000
08594P,台積電群益01售05,0,0,0,0,0,0,0,0,0,-272000,0,0,0,101000,373000,-272000,-272000
066748,同欣電元大01購03,0,0,0,0,0,0,0,0,0,-272000,0,0,0,145000,417000,-272000,-272000
08209P,上銀元富9B售06  ,0,0,0,0,0,0,0,0,0,-273000,0,0,0,45000,318000,-273000,-273000
062428,超眾統一9B購01  ,0,0,0,0,0,0,0,0,0,-273000,0,0,0,0,273000,-273000,-273000
3052,夆典            ,148000,414000,-266000,0,0,0,0,0,0,-7000,0,7000,-7000,0,0,0,-273000
067650,技嘉元富07購03  ,0,0,0,0,0,0,0,0,0,-274000,0,0,0,94000,368000,-274000,-274000
065042,國產凱基02購01  ,0,0,0,0,0,0,0,0,0,-274000,0,0,0,55000,329000,-274000,-274000
2536,宏普            ,51000,325000,-274000,0,0,0,0,0,0,0,0,0,0,0,0,0,-274000
067790,台表科群益01購03,0,0,0,0,0,0,0,0,0,-275000,0,0,0,0,275000,-275000,-275000
068231,聯詠元富07購04  ,0,0,0,0,0,0,0,0,0,-275000,0,0,0,0,275000,-275000,-275000
064042,國巨統一9C購12  ,0,0,0,0,0,0,0,0,0,-275000,0,0,0,21000,296000,-275000,-275000
08836P,滬深2X國票02售04,0,0,0,0,0,0,0,0,0,-276000,0,0,0,23000,299000,-276000,-276000
063675,亞德客國泰01購01,0,0,0,0,0,0,0,0,0,-276000,0,0,0,72000,348000,-276000,-276000
062404,新唐永豐9B購01  ,0,0,0,0,0,0,0,0,0,-276000,0,0,0,18000,294000,-276000,-276000
6202,盛群            ,280000,556000,-276000,0,0,0,1000,0,1000,-1000,0,0,0,0,1000,-1000,-276000
067939,玉晶光凱基02購06,0,0,0,0,0,0,0,0,0,-277000,0,0,0,230000,507000,-277000,-277000
6189,豐藝            ,9000,287000,-278000,0,0,0,0,0,0,0,0,0,0,0,0,0,-278000
057903,聯鈞永豐99購01  ,0,0,0,0,0,0,0,0,0,-279000,0,0,0,0,279000,-279000,-279000
060964,日月光凱基9A購01,0,0,0,0,0,0,0,0,0,-279000,0,0,0,55000,334000,-279000,-279000
1723,中碳            ,17000,295000,-278000,0,0,0,0,0,0,-1000,0,1000,-1000,0,0,0,-279000
08800P,台積電元大01售20,0,0,0,0,0,0,0,0,0,-280000,0,0,0,251000,531000,-280000,-280000
066640,達麗凱基01購01  ,0,0,0,0,0,0,0,0,0,-280000,0,0,0,10000,290000,-280000,-280000
9902,台火            ,9000,278000,-269000,0,0,0,0,0,0,-11000,0,11000,-11000,0,0,0,-280000
060123,光罩永豐99購02  ,0,0,0,0,0,0,0,0,0,-281000,0,0,0,180000,461000,-281000,-281000
064996,T50反1國票01購03,0,0,0,0,0,0,0,0,0,-281000,0,0,0,36000,317000,-281000,-281000
064414,臺股指凱基9C購10,0,0,0,0,0,0,0,0,0,-281000,0,0,0,214000,495000,-281000,-281000
1467,南緯            ,52000,333000,-281000,0,0,0,0,0,0,0,0,0,0,0,0,0,-281000
067511,拓凱統一01購01  ,0,0,0,0,0,0,0,0,0,-283000,0,0,0,1000,284000,-283000,-283000
064301,漢唐兆豐01購01  ,0,0,0,0,0,0,0,0,0,-283000,0,0,0,264000,547000,-283000,-283000
059880,世紀鋼凱基99購02,0,0,0,0,0,0,0,0,0,-284000,0,0,0,1000,285000,-284000,-284000
060064,華新科兆豐99購07,0,0,0,0,0,0,0,0,0,-284000,0,0,0,147000,431000,-284000,-284000
2723,美食-KY         ,249000,512000,-263000,0,0,0,0,0,0,-21000,0,0,0,0,21000,-21000,-284000
2485,兆赫            ,111000,388000,-277000,0,0,0,0,0,0,-7000,2000,9000,-7000,0,0,0,-284000
08872P,臺股指群益01售05,0,0,0,0,0,0,0,0,0,-285000,0,0,0,2000,287000,-285000,-285000
2342,茂矽            ,1681000,1966000,-285000,0,0,0,0,0,0,0,0,0,0,0,0,0,-285000
08714P,華碩元富01售03  ,0,0,0,0,0,0,0,0,0,-286000,0,0,0,0,286000,-286000,-286000
064967,道瓊銀元大01購01,0,0,0,0,0,0,0,0,0,-286000,0,0,0,18000,304000,-286000,-286000
07230P,滬深2X群益01售02,0,0,0,0,0,0,0,0,0,-287000,0,0,0,30000,317000,-287000,-287000
057626,技嘉富邦9A購01  ,0,0,0,0,0,0,0,0,0,-287000,0,0,0,55000,342000,-287000,-287000
067392,欣興國泰03購01  ,0,0,0,0,0,0,0,0,0,-288000,0,0,0,242000,530000,-288000,-288000
067378,欣興統一02購02  ,0,0,0,0,0,0,0,0,0,-288000,0,0,0,124000,412000,-288000,-288000
061930,臺股指凱基9B購05,0,0,0,0,0,0,0,0,0,-288000,0,0,0,0,288000,-288000,-288000
066357,昇陽半永豐01購01,0,0,0,0,0,0,0,0,0,-288000,0,0,0,0,288000,-288000,-288000
2362,藍天            ,53000,337000,-284000,0,0,0,0,0,0,-4000,0,4000,-4000,0,0,0,-288000
067683,上緯控元大01購03,0,0,0,0,0,0,0,0,0,-289000,0,0,0,268000,557000,-289000,-289000
057011,日月光中信99購01,0,0,0,0,0,0,0,0,0,-289000,0,0,0,86000,375000,-289000,-289000
067481,國產元大01購03  ,0,0,0,0,0,0,0,0,0,-290000,0,0,0,68000,358000,-290000,-290000
07472P,和碩元大9A售03  ,0,0,0,0,0,0,0,0,0,-290000,0,0,0,10000,300000,-290000,-290000
08696P,臺股指群益01售01,0,0,0,0,0,0,0,0,0,-290000,0,0,0,0,290000,-290000,-290000
067495,日月光元大01購04,0,0,0,0,0,0,0,0,0,-291000,0,0,0,77000,368000,-291000,-291000
067202,聚陽元大01購02  ,105000,0,105000,0,0,0,0,0,0,-396000,0,0,0,0,396000,-396000,-291000
064188,玉晶光永豐9C購02,0,0,0,0,0,0,0,0,0,-291000,0,0,0,0,291000,-291000,-291000
067560,聯詠國票02購01  ,0,0,0,0,0,0,0,0,0,-292000,0,0,0,22000,314000,-292000,-292000
067338,欣興凱基01購02  ,0,0,0,0,0,0,0,0,0,-293000,0,0,0,66000,359000,-293000,-293000
062045,崇越凱基9B購01  ,0,0,0,0,0,0,0,0,0,-293000,0,0,0,11000,304000,-293000,-293000
064728,健策統一9C購04  ,0,0,0,0,0,0,0,0,0,-293000,0,0,0,164000,457000,-293000,-293000
3062,建漢            ,207000,499000,-292000,0,0,0,0,0,0,-1000,0,1000,-1000,0,0,0,-293000
03059P,台積電凱基01售19,0,0,0,0,0,0,0,0,0,-294000,0,0,0,9000,303000,-294000,-294000
4560,強信-KY         ,228000,521000,-293000,0,0,0,0,0,0,-1000,0,1000,-1000,0,0,0,-294000
067504,鴻海統一01購07  ,0,0,0,0,0,0,0,0,0,-295000,0,0,0,108000,403000,-295000,-295000
058477,億光凱基9A購01  ,0,0,0,0,0,0,0,0,0,-295000,0,0,0,415000,710000,-295000,-295000
067312,欣興元大02購01  ,0,0,0,0,0,0,0,0,0,-296000,0,0,0,271000,567000,-296000,-296000
056481,創意元大98購01  ,0,0,0,0,0,0,0,0,0,-296000,0,0,0,102000,398000,-296000,-296000
066267,強茂元大01購02  ,0,0,0,0,0,0,0,0,0,-296000,0,0,0,230000,526000,-296000,-296000
07895P,美律元大9B售01  ,0,0,0,0,0,0,0,0,0,-297000,0,0,0,3000,300000,-297000,-297000
3060,銘異            ,38000,335000,-297000,0,0,0,0,0,0,0,0,0,0,0,0,0,-297000
063283,華新科元大9C購03,0,0,0,0,0,0,0,0,0,-298000,0,0,0,77000,375000,-298000,-298000
065846,華新科元大03購01,0,0,0,0,0,0,0,0,0,-298000,0,0,0,150000,448000,-298000,-298000
064444,聚陽統一01購02  ,0,0,0,0,0,0,0,0,0,-299000,0,0,0,114000,413000,-299000,-299000
07585P,台灣50中信03售06,0,0,0,0,0,0,0,0,0,-300000,0,0,0,0,300000,-300000,-300000
07552P,技嘉元大9A售03  ,0,0,0,0,0,0,0,0,0,-300000,0,0,0,0,300000,-300000,-300000
07652P,臺股指中信9A售07,0,0,0,0,0,0,0,0,0,-300000,0,0,0,0,300000,-300000,-300000
063687,金像電永豐9B購04,0,0,0,0,0,0,0,0,0,-300000,0,0,0,0,300000,-300000,-300000
064388,緯穎富邦9C購01  ,0,0,0,0,0,0,0,0,0,-300000,0,0,0,109000,409000,-300000,-300000
064303,新光金兆豐01購01,0,0,0,0,0,0,0,0,0,-300000,0,0,0,0,300000,-300000,-300000
065489,臺股指元大9C購31,0,0,0,0,0,0,0,0,0,-300000,0,0,0,0,300000,-300000,-300000
063304,大立光凱基01購02,0,0,0,0,0,0,0,0,0,-301000,0,0,0,0,301000,-301000,-301000
4967,十銓            ,213000,510000,-297000,0,0,0,0,0,0,-5000,0,5000,-5000,0,0,0,-302000
067397,欣興永豐01購03  ,0,0,0,0,0,0,0,0,0,-304000,0,0,0,88000,392000,-304000,-304000
058861,國巨凱基9A購08  ,0,0,0,0,0,0,0,0,0,-305000,0,0,0,4000,309000,-305000,-305000
062442,華新科元大9C購02,0,0,0,0,0,0,0,0,0,-305000,0,0,0,53000,358000,-305000,-305000
2601,益航            ,162000,467000,-305000,0,0,0,0,0,0,0,0,0,0,0,0,0,-305000
2820,華票            ,157000,456000,-299000,0,0,0,0,2000,-2000,-4000,0,4000,-4000,0,0,0,-305000
066323,精元永豐01購01  ,0,0,0,0,0,0,0,0,0,-306000,0,0,0,12000,318000,-306000,-306000
066366,信邦中信02購01  ,0,0,0,0,0,0,0,0,0,-306000,0,0,0,127000,433000,-306000,-306000
062655,漢唐永豐9B購01  ,0,0,0,0,0,0,0,0,0,-307000,0,0,0,45000,352000,-307000,-307000
067209,瑞昱元大01購04  ,0,0,0,0,0,0,0,0,0,-308000,0,0,0,225000,533000,-308000,-308000
08243P,祥碩凱基9C售02  ,0,0,0,0,0,0,0,0,0,-308000,0,0,0,50000,358000,-308000,-308000
067220,台郡元大01購04  ,0,0,0,0,0,0,0,0,0,-309000,0,0,0,31000,340000,-309000,-309000
052572,群創凱基99購01  ,0,0,0,0,0,0,0,0,0,-309000,0,0,0,0,309000,-309000,-309000
062032,崇越群益9B購01  ,0,0,0,0,0,0,0,0,0,-309000,0,0,0,19000,328000,-309000,-309000
062131,臺指反群益9B購03,0,0,0,0,0,0,0,0,0,-309000,0,0,0,0,309000,-309000,-309000
068262,南電富邦03購01  ,0,0,0,0,0,0,0,0,0,-310000,0,0,0,0,310000,-310000,-310000
07113P,台積電兆豐99售03,0,0,0,0,0,0,0,0,0,-310000,0,0,0,0,310000,-310000,-310000
059292,華新科元富9B購02,0,0,0,0,0,0,0,0,0,-310000,0,0,0,18000,328000,-310000,-310000
065826,國巨凱基9C購12  ,0,0,0,0,0,0,0,0,0,-310000,0,0,0,35000,345000,-310000,-310000
065838,鴻海元大03購01  ,0,0,0,0,0,0,0,0,0,-310000,0,0,0,200000,510000,-310000,-310000
065722,緯創兆豐9C購02  ,0,0,0,0,0,0,0,0,0,-310000,0,0,0,88000,398000,-310000,-310000
3056,總太            ,109000,394000,-285000,0,0,0,0,0,0,-25000,0,17000,-17000,0,8000,-8000,-310000
067563,上緯控國票02購01,0,0,0,0,0,0,0,0,0,-312000,0,0,0,35000,347000,-312000,-312000
058630,日月光國票9A購01,0,0,0,0,0,0,0,0,0,-313000,0,0,0,0,313000,-313000,-313000
067434,日月光凱基01購01,0,0,0,0,0,0,0,0,0,-314000,0,0,0,32000,346000,-314000,-314000
067152,義隆統一02購03  ,0,0,0,0,0,0,0,0,0,-314000,0,0,0,240000,554000,-314000,-314000
066899,義隆康和01購01  ,0,0,0,0,0,0,0,0,0,-314000,0,0,0,417000,731000,-314000,-314000
08026P,臺股指凱基9B售12,0,0,0,0,0,0,0,0,0,-314000,0,0,0,10000,324000,-314000,-314000
063143,嘉澤統一9B購02  ,0,0,0,0,0,0,0,0,0,-314000,0,0,0,12000,326000,-314000,-314000
061694,玉山金群益9A購01,0,0,0,0,0,0,0,0,0,-314000,0,0,0,14000,328000,-314000,-314000
060187,華新科元富9A購02,0,0,0,0,0,0,0,0,0,-314000,0,0,0,17000,331000,-314000,-314000
07782P,寶成凱基9A售02  ,0,0,0,0,0,0,0,0,0,-316000,0,0,0,26000,342000,-316000,-316000
067665,台達電元大01購04,0,0,0,0,0,0,0,0,0,-317000,0,0,0,205000,522000,-317000,-317000
062704,大毅元大9C購01  ,0,0,0,0,0,0,0,0,0,-317000,0,0,0,70000,387000,-317000,-317000
067031,華擎元富01購01  ,0,0,0,0,0,0,0,0,0,-318000,0,0,0,406000,724000,-318000,-318000
063458,正隆元大9B購01  ,0,0,0,0,0,0,0,0,0,-318000,0,0,0,0,318000,-318000,-318000
059024,大立光統一9B購04,0,0,0,0,0,0,0,0,0,-319000,0,0,0,76000,395000,-319000,-319000
055890,鴻海統一99購01  ,0,0,0,0,0,0,0,0,0,-319000,0,0,0,0,319000,-319000,-319000
066190,惠特凱基01購01  ,0,0,0,0,0,0,0,0,0,-319000,0,0,0,0,319000,-319000,-319000
067651,漢唐元富07購01  ,0,0,0,0,0,0,0,0,0,-320000,0,0,0,0,320000,-320000,-320000
07844P,可成國票9A售01  ,0,0,0,0,0,0,0,0,0,-320000,0,0,0,0,320000,-320000,-320000
061031,神隆永豐9A購02  ,0,0,0,0,0,0,0,0,0,-320000,0,0,0,10000,330000,-320000,-320000
067673,義隆元大01購06  ,0,0,0,0,0,0,0,0,0,-321000,0,0,0,203000,524000,-321000,-321000
067004,義隆永豐01購01  ,0,0,0,0,0,0,0,0,0,-322000,0,0,0,12000,334000,-322000,-322000
08011P,玉晶光元大9B售05,0,0,0,0,0,0,0,0,0,-322000,0,0,0,50000,372000,-322000,-322000
061793,上銀永豐9B購01  ,0,0,0,0,0,0,0,0,0,-322000,0,0,0,0,322000,-322000,-322000
066703,聯詠群益01購02  ,0,0,0,0,0,0,0,0,0,-322000,0,0,0,33000,355000,-322000,-322000
056232,瑞儀凱基98購01  ,0,0,0,0,0,0,0,0,0,-323000,0,0,0,0,323000,-323000,-323000
058558,鴻海日盛9A購02  ,0,0,0,0,0,0,0,0,0,-323000,0,0,0,188000,511000,-323000,-323000
066009,創意統一02購02  ,0,0,0,0,0,0,0,0,0,-323000,0,0,0,665000,988000,-323000,-323000
07929P,旺宏統一9B售07  ,0,0,0,0,0,0,0,0,0,-324000,0,0,0,25000,349000,-324000,-324000
03090P,臺股指元大01售19,2000,0,2000,0,0,0,0,0,0,-326000,0,0,0,6000,332000,-326000,-324000
067995,瑞昱元大02購01  ,0,0,0,0,0,0,0,0,0,-325000,0,0,0,183000,508000,-325000,-325000
064142,國巨統一9C購13  ,0,0,0,0,0,0,0,0,0,-325000,0,0,0,12000,337000,-325000,-325000
064107,友達兆豐01購01  ,0,0,0,0,0,0,0,0,0,-325000,0,0,0,200000,525000,-325000,-325000
061709,SP黃豆凱基01購02,0,0,0,0,0,0,0,0,0,-325000,0,0,0,0,325000,-325000,-325000
064264,智伸科永豐9C購01,0,0,0,0,0,0,0,0,0,-325000,0,0,0,0,325000,-325000,-325000
4564,元翎            ,47000,337000,-290000,0,0,0,0,0,0,-35000,0,0,0,0,35000,-35000,-325000
067173,京鼎兆豐01購01  ,0,0,0,0,0,0,0,0,0,-326000,0,0,0,1000,327000,-326000,-326000
067681,嘉澤元大01購05  ,0,0,0,0,0,0,0,0,0,-327000,0,0,0,18000,345000,-327000,-327000
03452B,臺股指凱基03熊05,0,0,0,0,0,0,0,0,0,-327000,0,0,0,9000,336000,-327000,-327000
064070,祥碩永豐9C購01  ,0,0,0,0,0,0,0,0,0,-328000,0,0,0,88000,416000,-328000,-328000
4935,茂林-KY         ,218000,373000,-155000,0,0,0,0,21000,-21000,-152000,1000,141000,-140000,16000,28000,-12000,-328000
056573,華新科元大99購06,0,0,0,0,0,0,0,0,0,-330000,0,0,0,30000,360000,-330000,-330000
064041,國巨統一01購07  ,0,0,0,0,0,0,0,0,0,-330000,0,0,0,12000,342000,-330000,-330000
064456,禾伸堂統一01購01,0,0,0,0,0,0,0,0,0,-330000,0,0,0,65000,395000,-330000,-330000
066350,達麗永豐01購01  ,0,0,0,0,0,0,0,0,0,-330000,0,0,0,1000,331000,-330000,-330000
067588,欣興群益01購04  ,0,0,0,0,0,0,0,0,0,-331000,0,0,0,47000,378000,-331000,-331000
067509,京鼎統一01購01  ,0,0,0,0,0,0,0,0,0,-331000,0,0,0,45000,376000,-331000,-331000
053390,彩晶元大9A購01  ,0,0,0,0,0,0,0,0,0,-331000,0,0,0,33000,364000,-331000,-331000
058261,大立光富邦03購01,0,0,0,0,0,0,0,0,0,-331000,0,0,0,0,331000,-331000,-331000
061852,大立光國票9B購02,0,0,0,0,0,0,0,0,0,-331000,0,0,0,19000,350000,-331000,-331000
065800,技嘉群益9C購01  ,0,0,0,0,0,0,0,0,0,-331000,0,0,0,29000,360000,-331000,-331000
2103,台橡            ,242000,573000,-331000,0,0,0,0,0,0,0,0,0,0,0,0,0,-331000
067876,世紀鋼元大01購03,0,0,0,0,0,0,0,0,0,-332000,0,0,0,16000,348000,-332000,-332000
052847,漢唐統一99購01  ,0,0,0,0,0,0,0,0,0,-332000,0,0,0,133000,465000,-332000,-332000
062976,嘉澤元富9B購01  ,0,0,0,0,0,0,0,0,0,-332000,0,0,0,126000,458000,-332000,-332000
067708,華新科元富01購01,0,0,0,0,0,0,0,0,0,-333000,0,0,0,0,333000,-333000,-333000
07617P,聯發科中信9C售04,0,0,0,0,0,0,0,0,0,-333000,0,0,0,0,333000,-333000,-333000
056869,國巨日盛99購03  ,0,0,0,0,0,0,0,0,0,-333000,0,0,0,138000,471000,-333000,-333000
08449P,華新科群益9C售03,0,0,0,0,0,0,0,0,0,-334000,0,0,0,20000,354000,-334000,-334000
067487,京鼎元大01購06  ,0,0,0,0,0,0,0,0,0,-334000,0,0,0,42000,376000,-334000,-334000
068001,欣興元大01購08  ,0,0,0,0,0,0,0,0,0,-335000,0,0,0,45000,380000,-335000,-335000
066492,台郡元富01購01  ,0,0,0,0,0,0,0,0,0,-335000,0,0,0,0,335000,-335000,-335000
6226,光鼎            ,18000,353000,-335000,0,0,0,0,0,0,-1000,0,1000,-1000,0,0,0,-336000
6271,同欣電          ,620000,763000,-143000,0,0,0,0,118044,-118044,-75000,57000,106000,-49000,26000,52000,-26000,-336044
08918P,臺股指凱基01售09,0,0,0,0,0,0,0,0,0,-337000,0,0,0,0,337000,-337000,-337000
067308,欣興元大01購03  ,0,0,0,0,0,0,0,0,0,-338000,0,0,0,17000,355000,-338000,-338000
065451,台表科統一02購04,0,0,0,0,0,0,0,0,0,-338000,0,0,0,9000,347000,-338000,-338000
08561P,台表科國票01售02,0,0,0,0,0,0,0,0,0,-339000,0,0,0,13000,352000,-339000,-339000
08592P,聯發科凱基01售06,0,0,0,0,0,0,0,0,0,-340000,0,0,0,0,340000,-340000,-340000
08606P,聯發科國票9C售05,0,0,0,0,0,0,0,0,0,-340000,0,0,0,364000,704000,-340000,-340000
2106,建大            ,156000,495000,-339000,0,0,0,0,0,0,-1000,1000,2000,-1000,0,0,0,-340000
08453P,玉晶光台新9C售02,0,14000,-14000,0,0,0,0,0,0,-328000,0,0,0,314000,642000,-328000,-342000
067041,國巨凱基04購02  ,10000,0,10000,0,0,0,0,0,0,-352000,0,0,0,105000,457000,-352000,-342000
067025,禾伸堂兆豐03購01,0,0,0,0,0,0,0,0,0,-342000,0,0,0,38000,380000,-342000,-342000
066685,T50反1元富07購02,0,0,0,0,0,0,0,0,0,-342000,0,0,0,0,342000,-342000,-342000
2605,新興            ,27000,419000,-392000,0,0,0,0,0,0,50000,50000,0,50000,0,0,0,-342000
061268,玉晶光凱基9B購04,0,0,0,0,0,0,0,0,0,-343000,0,0,0,19000,362000,-343000,-343000
064304,信邦兆豐01購01  ,0,0,0,0,0,0,0,0,0,-343000,0,0,0,40000,383000,-343000,-343000
064854,祥碩麥證9C購01  ,0,0,0,49000,450000,-401000,0,0,0,-344000,0,0,0,106000,450000,-344000,-344000
066145,昇陽半群益01購01,0,0,0,0,0,0,0,0,0,-344000,0,0,0,46000,390000,-344000,-344000
063539,世紀鋼統一9B購02,0,0,0,0,0,0,0,0,0,-346000,0,0,0,11000,357000,-346000,-346000
2538,基泰            ,3000,330000,-327000,0,0,0,0,0,0,-20000,0,20000,-20000,0,0,0,-347000
8105,凌巨            ,89000,432000,-343000,0,0,0,0,0,0,-4000,0,4000,-4000,0,0,0,-347000
08557P,臺股指中信01售09,0,0,0,0,0,0,0,0,0,-348000,0,0,0,10000,358000,-348000,-348000
1560,中砂            ,209000,540000,-331000,0,0,0,0,0,0,-17000,0,17000,-17000,0,0,0,-348000
067596,國巨凱基02購05  ,0,0,0,0,0,0,0,0,0,-349000,0,0,0,39000,388000,-349000,-349000
066295,昇陽半元大01購01,0,0,0,0,0,0,0,0,0,-349000,0,0,0,18000,367000,-349000,-349000
07577P,華新科元大9A售09,0,0,0,0,0,0,0,0,0,-350000,0,0,0,50000,400000,-350000,-350000
00672L,元大S&P原油正2  ,0,0,0,0,0,0,0,0,0,-350000,0,0,0,40000,390000,-350000,-350000
08890P,為升元大01售04  ,0,0,0,0,0,0,0,0,0,-353000,0,0,0,350000,703000,-353000,-353000
03006P,華通永豐01售01  ,0,0,0,0,0,0,0,0,0,-354000,0,0,0,26000,380000,-354000,-354000
065126,世芯永豐9C購02  ,0,0,0,0,0,0,0,0,0,-354000,0,0,0,70000,424000,-354000,-354000
06125P,楠梓電元富99售01,0,0,0,0,0,0,0,0,0,-355000,0,0,0,0,355000,-355000,-355000
067696,欣興兆豐03購01  ,0,0,0,0,0,0,0,0,0,-356000,0,0,0,50000,406000,-356000,-356000
062924,世紀鋼元大9C購04,0,0,0,0,0,0,0,0,0,-356000,0,0,0,8000,364000,-356000,-356000
2388,威盛            ,675000,1031000,-356000,0,0,0,0,0,0,0,0,0,0,0,0,0,-356000
00639,富邦深100       ,311000,280000,31000,0,0,0,0,0,0,-387181,0,37000,-37000,757819,1108000,-350181,-356181
066956,華擎元大01購04  ,0,0,0,0,0,0,0,0,0,-358000,0,0,0,111000,469000,-358000,-358000
065119,大立光富邦03購03,0,0,0,0,0,0,0,0,0,-358000,0,0,0,0,358000,-358000,-358000
068088,台灣50群益01購13,0,0,0,0,0,0,0,0,0,-359000,0,0,0,45000,404000,-359000,-359000
066681,聯發科兆豐01購04,0,11000,-11000,0,0,0,0,0,0,-348000,0,0,0,596000,944000,-348000,-359000
064148,瑞昱統一02購01  ,0,0,0,0,0,0,0,0,0,-360000,0,0,0,62000,422000,-360000,-360000
065653,同欣電元大03購01,0,0,0,0,0,0,0,0,0,-360000,0,0,0,97000,457000,-360000,-360000
1514,亞力            ,306000,666000,-360000,0,0,0,0,0,0,0,0,0,0,0,0,0,-360000
08419P,元金2X群益9C售01,0,0,0,0,0,0,0,0,0,-361000,0,0,0,10000,371000,-361000,-361000
061361,世紀鋼兆豐9A購01,0,0,0,0,0,0,0,0,0,-361000,0,0,0,99000,460000,-361000,-361000
064932,緯穎統一01購04  ,0,0,0,0,0,0,0,0,0,-361000,0,0,0,35000,396000,-361000,-361000
6416,瑞祺電通        ,340000,303000,37000,0,0,0,0,327000,-327000,-71000,47000,117000,-70000,6000,7000,-1000,-361000
067356,欣興群益01購01  ,0,0,0,0,0,0,0,0,0,-362000,0,0,0,108000,470000,-362000,-362000
057580,玉山金中信9A購01,0,0,0,0,0,0,0,0,0,-362000,0,0,0,10000,372000,-362000,-362000
061173,T50反1凱基04購01,0,0,0,0,0,0,0,0,0,-363000,0,0,0,2000,365000,-363000,-363000
061977,國巨元大9B購02  ,0,0,0,0,0,0,0,0,0,-363000,0,0,0,67000,430000,-363000,-363000
065717,創意中信9C購02  ,0,0,0,0,0,0,0,0,0,-363000,0,0,0,156000,519000,-363000,-363000
08709P,台積電台新01售02,0,0,0,0,0,0,0,0,0,-365000,0,0,0,0,365000,-365000,-365000
057041,國巨元大99購04  ,0,0,0,0,0,0,0,0,0,-365000,0,0,0,51000,416000,-365000,-365000
065782,健策富邦01購02  ,0,0,0,0,0,0,0,0,0,-365000,0,0,0,281000,646000,-365000,-365000
065949,瑞昱統一01購06  ,0,0,0,0,0,0,0,0,0,-367000,0,0,0,674000,1041000,-367000,-367000
8110,華東            ,99000,491000,-392000,0,0,0,0,0,0,25000,25000,0,25000,0,0,0,-367000
067367,台積電統一01購11,0,0,0,0,0,0,0,0,0,-370000,0,0,0,275000,645000,-370000,-370000
058319,大毅永豐9A購01  ,0,0,0,0,0,0,0,0,0,-370000,0,0,0,20000,390000,-370000,-370000
065016,臺指反富邦01購01,0,0,0,0,0,0,0,0,0,-370000,0,0,0,0,370000,-370000,-370000
067556,義隆國票02購02  ,0,0,0,0,0,0,0,0,0,-371000,0,0,0,36000,407000,-371000,-371000
2478,大毅            ,650000,1097000,-447000,0,0,0,0,0,0,76000,55000,1000,54000,144000,122000,22000,-371000
058692,華邦電國票9B購01,0,0,0,0,0,0,0,0,0,-373000,0,0,0,126000,499000,-373000,-373000
065862,世紀鋼元大9C購06,0,0,0,0,0,0,0,0,0,-373000,0,0,0,93000,466000,-373000,-373000
2637,慧洋-KY         ,47000,400000,-353000,0,0,0,0,1000,-1000,-19000,0,17000,-17000,0,2000,-2000,-373000
6505,台塑化          ,744795,951916,-207121,0,0,0,0,26944,-26944,-139000,0,132000,-132000,0,7000,-7000,-373065
063684,上銀永豐9B購02  ,0,0,0,0,0,0,0,0,0,-374000,0,0,0,0,374000,-374000,-374000
1905,華紙            ,97000,492000,-395000,0,0,0,0,0,0,21000,0,0,0,21000,0,21000,-374000
067850,台郡元富07購01  ,0,0,0,0,0,0,0,0,0,-375000,0,0,0,0,375000,-375000,-375000
068152,美律元大01購03  ,0,0,0,0,0,0,0,0,0,-375000,0,0,0,0,375000,-375000,-375000
3033,威健            ,281000,656000,-375000,0,0,0,0,0,0,-1000,0,1000,-1000,0,0,0,-376000
056926,日月光兆豐98購01,0,0,0,0,0,0,0,0,0,-378000,0,0,0,17000,395000,-378000,-378000
067203,台達電元大01購03,0,0,0,0,0,0,0,0,0,-380000,0,0,0,131000,511000,-380000,-380000
055902,同欣電中信99購01,0,0,0,0,0,0,0,0,0,-381000,0,0,0,169000,550000,-381000,-381000
08440P,玉晶光國票01售05,0,0,0,0,0,0,0,0,0,-382000,0,0,0,795000,1177000,-382000,-382000
064445,聚陽統一02購01  ,0,0,0,0,0,0,0,0,0,-382000,0,0,0,29000,411000,-382000,-382000
067083,正文元大01購01  ,0,0,0,0,0,0,0,0,0,-383000,0,0,0,39000,422000,-383000,-383000
066843,台達電元大01購02,0,0,0,0,0,0,0,0,0,-383000,0,0,0,150000,533000,-383000,-383000
066498,康控國泰02購01  ,0,0,0,0,0,0,0,0,0,-383000,0,0,0,57000,440000,-383000,-383000
066004,國巨統一01購11  ,0,0,0,0,0,0,0,0,0,-384000,0,0,0,100000,484000,-384000,-384000
08957P,聯電凱基03售02  ,5000,0,5000,0,0,0,0,0,0,-389000,0,0,0,225000,614000,-389000,-384000
08556P,臺股指中信01售08,0,0,0,0,0,0,0,0,0,-385000,0,0,0,20000,405000,-385000,-385000
07992P,玉晶光群益01售04,0,0,0,0,0,0,0,0,0,-385000,0,0,0,7000,392000,-385000,-385000
060656,國巨統一9C購03  ,0,0,0,0,0,0,0,0,0,-385000,0,0,0,15000,400000,-385000,-385000
065590,元黃金元大9C購01,0,0,0,0,0,0,0,0,0,-385000,0,0,0,22000,407000,-385000,-385000
064598,國巨元富9C購03  ,0,0,0,0,0,0,0,0,0,-387000,0,0,0,29000,416000,-387000,-387000
066781,滬深2X中信04購01,0,0,0,0,0,0,0,0,0,-387000,0,0,0,115000,502000,-387000,-387000
2023,燁輝            ,235000,623000,-388000,0,0,0,0,0,0,0,0,0,0,0,0,0,-388000
3703,欣陸            ,42000,472000,-430000,0,0,0,0,0,0,40000,40000,0,40000,0,0,0,-390000
08783P,台積電元大01售18,0,0,0,0,0,0,0,0,0,-392000,0,0,0,244000,636000,-392000,-392000
060700,華新科國泰9C購01,0,0,0,0,0,0,0,0,0,-392000,0,0,0,169000,561000,-392000,-392000
3596,智易            ,90000,469000,-379000,0,0,0,0,0,0,-13000,7000,2000,5000,1000,19000,-18000,-392000
067146,台達電統一02購01,0,0,0,0,0,0,0,0,0,-393000,0,0,0,89000,482000,-393000,-393000
064057,緯穎統一02購01  ,0,0,0,0,0,0,0,0,0,-393000,0,0,0,106000,499000,-393000,-393000
060881,玉山金中信02購01,0,0,0,0,0,0,0,0,0,-394000,0,0,0,124000,518000,-394000,-394000
1309,台達化          ,627000,826000,-199000,0,0,0,0,0,0,-195000,5000,200000,-195000,0,0,0,-394000
2441,超豐            ,223000,620000,-397000,0,0,0,0,0,0,2000,5000,3000,2000,0,0,0,-395000
2349,錸德            ,192000,587000,-395000,0,0,0,0,0,0,0,0,0,0,0,0,0,-395000
057576,南亞科第一9C購01,0,0,0,0,0,0,0,0,0,-396000,0,0,0,13000,409000,-396000,-396000
068187,南電群益01購02  ,0,0,0,0,0,0,0,0,0,-397000,0,0,0,0,397000,-397000,-397000
054976,上証2X元富9A購01,0,0,0,0,0,0,0,0,0,-398000,0,0,0,198000,596000,-398000,-398000
066921,日月光麥證01購01,0,0,0,98000,547000,-449000,0,0,0,-399000,0,0,0,148000,547000,-399000,-399000
08167P,台積電兆豐9B售04,0,0,0,0,0,0,0,0,0,-400000,0,0,0,0,400000,-400000,-400000
07543P,台積電凱基9A售17,0,0,0,0,0,0,0,0,0,-400000,0,0,0,0,400000,-400000,-400000
07647P,健策國票9A售04  ,0,0,0,0,0,0,0,0,0,-400000,0,0,0,0,400000,-400000,-400000
07347P,上証2X凱基99售02,0,0,0,0,0,0,0,0,0,-400000,0,0,0,0,400000,-400000,-400000
059397,T50反1元富99購05,0,0,0,0,0,0,0,0,0,-400000,0,0,0,0,400000,-400000,-400000
060531,大立光中信9A購04,0,0,0,0,0,0,0,0,0,-400000,0,0,0,0,400000,-400000,-400000
066950,義隆元大01購03  ,0,0,0,0,0,0,0,0,0,-401000,0,0,0,322000,723000,-401000,-401000
067027,日月光兆豐03購01,0,0,0,0,0,0,0,0,0,-402000,0,0,0,89000,491000,-402000,-402000
00830,國泰費城半導體  ,5000,227000,-222000,0,0,0,0,0,0,-180000,0,898000,-898000,1015000,297000,718000,-402000
1447,力鵬            ,161000,549000,-388000,0,0,0,0,0,0,-14000,0,14000,-14000,0,0,0,-402000
067304,義隆元大01購05  ,0,0,0,0,0,0,0,0,0,-404000,0,0,0,371000,775000,-404000,-404000
066114,瑞昱兆豐02購01  ,0,0,0,0,0,0,0,0,0,-404000,0,0,0,0,404000,-404000,-404000
08473P,康控凱基9C售01  ,0,0,0,0,0,0,0,0,0,-405000,0,0,0,45000,450000,-405000,-405000
08231P,上銀元富9B售10  ,0,0,0,0,0,0,0,0,0,-405000,0,0,0,166000,571000,-405000,-405000
2537,聯上發          ,18000,421000,-403000,0,0,0,0,0,0,-2000,0,2000,-2000,0,0,0,-405000
08224P,臺股指凱基9B售19,0,0,0,0,0,0,0,0,0,-406000,0,0,0,77000,483000,-406000,-406000
08820P,台積電凱基01售10,0,0,0,0,0,0,0,0,0,-406000,0,0,0,5000,411000,-406000,-406000
068159,華擎元大01購08  ,0,0,0,0,0,0,0,0,0,-406000,0,0,0,37000,443000,-406000,-406000
067029,台表科兆豐03購01,0,0,0,0,0,0,0,0,0,-407000,0,0,0,455000,862000,-407000,-407000
08651P,台灣50群益02售05,0,0,0,0,0,0,0,0,0,-407000,0,0,0,58000,465000,-407000,-407000
08893P,京元電元大01售06,0,0,0,0,0,0,0,0,0,-408000,0,0,0,60000,468000,-408000,-408000
055891,鴻海統一9A購01  ,0,0,0,0,0,0,0,0,0,-408000,0,0,0,1000,409000,-408000,-408000
063259,廣達富邦9C購01  ,0,0,0,0,0,0,0,0,0,-408000,0,0,0,116000,524000,-408000,-408000
062401,信邦永豐9B購01  ,0,0,0,0,0,0,0,0,0,-408000,0,0,0,2000,410000,-408000,-408000
2371,大同            ,46000,451248,-405248,0,0,0,0,0,0,-3000,4000,7000,-3000,0,0,0,-408248
08210P,健策元富9B售02  ,0,0,0,0,0,0,0,0,0,-409000,0,0,0,8000,417000,-409000,-409000
03689C,T50反1元大02牛01,0,0,0,0,0,0,0,0,0,-409000,0,0,0,504000,913000,-409000,-409000
08423P,台積電統一9C售13,0,0,0,0,0,0,0,0,0,-410000,0,0,0,100000,510000,-410000,-410000
067107,義隆群益01購02  ,0,0,0,0,0,0,0,0,0,-410000,0,0,0,113000,523000,-410000,-410000
068239,道瓊銀元大01購04,0,0,0,0,0,0,0,0,0,-410000,0,0,0,68000,478000,-410000,-410000
059581,日月光元富99購02,0,0,0,0,0,0,0,0,0,-410000,0,0,0,566000,976000,-410000,-410000
2501,國建            ,95000,501000,-406000,0,0,0,0,0,0,-5000,0,5000,-5000,0,0,0,-411000
068165,南電元大01購08  ,0,0,0,0,0,0,0,0,0,-412000,0,0,0,0,412000,-412000,-412000
064430,鴻海凱基03購04  ,0,0,0,0,0,0,0,0,0,-412000,0,0,0,101000,513000,-412000,-412000
066538,信邦兆豐03購01  ,0,0,0,0,0,0,0,0,0,-413000,0,0,0,38000,451000,-413000,-413000
03047P,矽創國票03售01  ,0,0,0,0,0,0,0,0,0,-414000,0,0,0,0,414000,-414000,-414000
08796P,晶技凱基01售01  ,0,0,0,0,0,0,0,0,0,-415000,0,0,0,0,415000,-415000,-415000
067300,金像電元大02購02,0,0,0,0,0,0,0,0,0,-417000,0,0,0,111000,528000,-417000,-417000
08801P,聯發科元大01售13,0,0,0,0,0,0,0,0,0,-418000,0,0,0,541000,959000,-418000,-418000
064522,華擎群益01購01  ,0,0,0,0,0,0,0,0,0,-418000,0,0,0,50000,468000,-418000,-418000
065376,京鼎元大9C購02  ,0,0,0,0,0,0,0,0,0,-418000,0,0,0,2000,420000,-418000,-418000
8016,矽創            ,186000,564000,-378000,0,0,0,0,0,0,-40000,0,7000,-7000,3000,36000,-33000,-418000
063659,世紀鋼元富9B購01,0,0,0,0,0,0,0,0,0,-419000,0,0,0,104000,523000,-419000,-419000
08223P,臺股指凱基9B售18,0,0,0,0,0,0,0,0,0,-420000,0,0,0,0,420000,-420000,-420000
067961,台達電群益01購03,0,0,0,0,0,0,0,0,0,-421000,0,0,0,0,421000,-421000,-421000
2204,中華            ,23000,445000,-422000,0,0,0,0,0,0,0,0,0,0,0,0,0,-422000
067587,欣興群益01購03  ,0,0,0,0,0,0,0,0,0,-423000,0,0,0,9000,432000,-423000,-423000
067960,帆宣永豐01購01  ,0,0,0,0,0,0,0,0,0,-424000,0,0,0,2000,426000,-424000,-424000
03110P,聯發科元大01售26,0,0,0,0,0,0,0,0,0,-425000,0,0,0,0,425000,-425000,-425000
060716,新唐永豐9A購01  ,0,0,0,0,0,0,0,0,0,-426000,0,0,0,103000,529000,-426000,-426000
066513,精元永豐01購02  ,0,0,0,0,0,0,0,0,0,-427000,0,0,0,13000,440000,-427000,-427000
062769,臺股指凱基9B購13,0,0,0,0,0,0,0,0,0,-429000,0,0,0,60000,489000,-429000,-429000
062844,T50反1國泰9C購01,0,0,0,0,0,0,0,0,0,-430000,0,0,0,0,430000,-430000,-430000
064926,臻鼎統一02購01  ,0,0,0,0,0,0,0,0,0,-430000,0,0,0,123000,553000,-430000,-430000
068062,瑞昱兆豐03購01  ,0,0,0,0,0,0,0,0,0,-431000,0,0,0,0,431000,-431000,-431000
08247P,台積電群益9C售06,0,0,0,0,0,0,0,0,0,-432000,0,0,0,8000,440000,-432000,-432000
067541,華擎群益01購06  ,0,0,0,0,0,0,0,0,0,-436000,0,0,0,0,436000,-436000,-436000
066483,瑞昱元富01購01  ,0,0,0,0,0,0,0,0,0,-437000,0,0,0,15000,452000,-437000,-437000
064248,億光元富9C購01  ,0,0,0,0,0,0,0,0,0,-438000,0,0,0,0,438000,-438000,-438000
06478P,臺股指日盛9A售01,20000,0,20000,0,0,0,0,0,0,-461000,0,0,0,449000,910000,-461000,-441000
066391,國巨凱基01購04  ,0,0,0,0,0,0,0,0,0,-441000,0,0,0,85000,526000,-441000,-441000
068228,聯發科元富07購08,0,0,0,0,0,0,0,0,0,-442000,0,0,0,0,442000,-442000,-442000
3682,亞太電          ,272000,714000,-442000,0,0,0,0,0,0,0,0,0,0,0,0,0,-442000
067204,國巨元大02購02  ,0,0,0,0,0,0,0,0,0,-445000,0,0,0,41000,486000,-445000,-445000
08325P,臺股指凱基9C售08,0,0,0,0,0,0,0,0,0,-446000,0,0,0,0,446000,-446000,-446000
08435P,台積電群益9C售11,0,0,0,0,0,0,0,0,0,-446000,0,0,0,222000,668000,-446000,-446000
060890,大立光統一01購01,0,0,0,0,0,0,0,0,0,-449000,0,0,0,125000,574000,-449000,-449000
08070P,晶技國泰9C售02  ,0,0,0,0,0,0,0,0,0,-450000,0,0,0,20000,470000,-450000,-450000
067646,元金2X元富01購01,0,0,0,0,0,0,0,0,0,-450000,0,0,0,0,450000,-450000,-450000
067376,欣興統一01購01  ,0,0,0,0,0,0,0,0,0,-451000,0,0,0,119000,570000,-451000,-451000
067489,華擎元大01購06  ,0,0,0,0,0,0,0,0,0,-452000,0,0,0,87000,539000,-452000,-452000
067657,日月光元富01購01,0,0,0,0,0,0,0,0,0,-453000,0,0,0,71000,524000,-453000,-453000
057914,日月光日盛9A購01,0,0,0,0,0,0,0,0,0,-453000,0,0,0,0,453000,-453000,-453000
067740,精元元大01購02  ,0,0,0,0,0,0,0,0,0,-455000,0,0,0,43000,498000,-455000,-455000
063692,華擎永豐9B購02  ,0,0,0,0,0,0,0,0,0,-455000,0,0,0,30000,485000,-455000,-455000
2913,農林            ,58000,515000,-457000,0,0,0,0,0,0,0,2000,0,2000,0,2000,-2000,-457000
3705,永信            ,125000,580293,-455293,0,0,0,0,0,0,-3000,0,0,0,0,3000,-3000,-458293
03065P,台積電群益01售18,0,0,0,0,0,0,0,0,0,-461000,0,0,0,200000,661000,-461000,-461000
068221,聯發科統一05購01,0,0,0,0,0,0,0,0,0,-463000,0,0,0,0,463000,-463000,-463000
2520,冠德            ,1067000,1151000,-84000,0,0,0,0,108000,-108000,-273000,20000,190000,-170000,0,103000,-103000,-465000
067307,聯詠元大01購06  ,0,0,0,0,0,0,0,0,0,-466000,0,0,0,100000,566000,-466000,-466000
08368P,台積電兆豐9C售04,0,0,0,0,0,0,0,0,0,-470000,0,0,0,0,470000,-470000,-470000
03091P,臺股指元大01售20,0,0,0,0,0,0,0,0,0,-470000,0,0,0,10000,480000,-470000,-470000
066774,聯詠富邦03購01  ,0,0,0,0,0,0,0,0,0,-471000,0,0,0,307000,778000,-471000,-471000
063660,儒鴻統一9C購01  ,0,0,0,0,0,0,0,0,0,-472000,0,0,0,34000,506000,-472000,-472000
08815P,聯發科國泰03售03,0,20000,-20000,0,0,0,0,0,0,-453000,0,0,0,150000,603000,-453000,-473000
2034,允強            ,34000,465084,-431084,0,0,0,0,0,0,-42000,0,42000,-42000,0,0,0,-473084
066239,拓凱富邦02購01  ,0,0,0,0,0,0,0,0,0,-474000,0,0,0,30000,504000,-474000,-474000
2615,萬海            ,41000,505000,-464000,0,0,0,0,5000,-5000,-5000,0,5000,-5000,0,0,0,-474000
065056,臺股指凱基9C購20,0,0,0,0,0,0,0,0,0,-475000,0,0,0,1000,476000,-475000,-475000
2338,光罩            ,1062000,1609000,-547000,0,0,0,0,0,0,72000,0,1000,-1000,118000,45000,73000,-475000
08535P,和大國票01售02  ,0,0,0,0,0,0,0,0,0,-477000,0,0,0,60000,537000,-477000,-477000
07224P,鴻海元大9A售02  ,0,0,0,0,0,0,0,0,0,-477000,0,0,0,150000,627000,-477000,-477000
068042,GIS元富07購01   ,0,0,0,0,0,0,0,0,0,-478000,0,0,0,86000,564000,-478000,-478000
068060,聯發科中信04購01,0,0,0,0,0,0,0,0,0,-481000,0,0,0,16000,497000,-481000,-481000
064453,微星統一02購01  ,0,0,0,0,0,0,0,0,0,-481000,0,0,0,192000,673000,-481000,-481000
066562,上緯控元大01購01,0,0,0,0,0,0,0,0,0,-483000,0,0,0,155000,638000,-483000,-483000
2505,國揚            ,266000,798000,-532000,0,0,0,0,0,0,46000,10000,2000,8000,44000,6000,38000,-486000
063244,華新科元大9B購11,0,0,0,0,0,0,0,0,0,-487000,0,0,0,3000,490000,-487000,-487000
9103,美德醫療-DR     ,296000,783000,-487000,0,0,0,0,0,0,0,0,0,0,0,0,0,-487000
6451,訊芯-KY         ,473000,494000,-21000,0,0,0,0,400000,-400000,-68000,0,3000,-3000,7000,72000,-65000,-489000
067904,SP黃豆國泰03購01,0,0,0,0,0,0,0,0,0,-490000,0,0,0,0,490000,-490000,-490000
065959,T50反1元大01購02,0,0,0,0,0,0,0,0,0,-490000,0,0,0,10000,500000,-490000,-490000
062645,國巨國泰9B購08  ,0,0,0,0,0,0,0,0,0,-491000,0,0,0,184000,675000,-491000,-491000
067530,國巨群益01購09  ,0,0,0,0,0,0,0,0,0,-492000,0,0,0,114000,606000,-492000,-492000
063999,日月光兆豐9C購01,0,0,0,0,0,0,0,0,0,-492000,0,0,0,262000,754000,-492000,-492000
9910,豐泰            ,441230,911164,-469934,0,0,0,0,2539,-2539,-20000,0,18000,-18000,0,2000,-2000,-492473
067463,T50反1元大01購04,0,0,0,0,0,0,0,0,0,-493000,0,0,0,190000,683000,-493000,-493000
2360,致茂            ,414000,852876,-438876,0,0,0,0,49000,-49000,-6000,14000,15000,-1000,5000,10000,-5000,-493876
08124P,臻鼎群益9B售02  ,0,0,0,0,0,0,0,0,0,-494000,0,0,0,0,494000,-494000,-494000
063864,健策富邦01購01  ,0,0,0,0,0,0,0,0,0,-494000,0,0,0,29000,523000,-494000,-494000
064378,群創元富9C購01  ,0,0,0,0,0,0,0,0,0,-494000,0,0,0,0,494000,-494000,-494000
3014,聯陽            ,455000,781000,-326000,0,0,0,0,0,0,-169000,13000,3000,10000,6000,185000,-179000,-495000
4104,佳醫            ,15000,510000,-495000,0,0,0,0,0,0,0,0,0,0,0,0,0,-495000
08917P,臺股指凱基01售08,0,0,0,0,0,0,0,0,0,-498000,0,0,0,0,498000,-498000,-498000
06963P,鴻海凱基99售04  ,0,0,0,0,0,0,0,0,0,-499000,0,0,0,0,499000,-499000,-499000
068213,台塑化凱基01購01,0,0,0,0,0,0,0,0,0,-499000,0,0,0,0,499000,-499000,-499000
07130P,台郡元大9B售01  ,0,0,0,0,0,0,0,0,0,-500000,0,0,0,0,500000,-500000,-500000
057307,瀚宇博兆豐99購01,0,0,0,0,0,0,0,0,0,-500000,0,0,0,0,500000,-500000,-500000
066480,國巨元富07購02  ,0,0,0,0,0,0,0,0,0,-500000,0,0,0,0,500000,-500000,-500000
066909,義隆凱基01購04  ,0,0,0,0,0,0,0,0,0,-502000,0,0,0,66000,568000,-502000,-502000
2426,鼎元            ,47000,551000,-504000,0,0,0,0,0,0,0,0,0,0,0,0,0,-504000
066604,台郡富邦04購01  ,0,0,0,0,0,0,0,0,0,-505000,0,0,0,190000,695000,-505000,-505000
067390,聯詠元富07購02  ,0,0,0,0,0,0,0,0,0,-507000,0,0,0,431000,938000,-507000,-507000
066082,康友國泰03購01  ,0,0,0,0,0,0,0,0,0,-507000,0,0,0,80000,587000,-507000,-507000
6213,聯茂            ,436000,618050,-182050,0,0,0,0,223000,-223000,-102000,8000,111000,-103000,26000,25000,1000,-507050
067208,瑞昱元大01購03  ,0,0,0,0,0,0,0,0,0,-508000,0,0,0,149000,657000,-508000,-508000
3673,TPK-KY          ,206000,627000,-421000,0,0,0,0,0,0,-87000,50000,73000,-23000,4000,68000,-64000,-508000
064757,義隆凱基01購02  ,0,0,0,0,0,0,0,0,0,-509000,0,0,0,41000,550000,-509000,-509000
2340,光磊            ,307000,799000,-492000,0,0,0,0,0,0,-17000,0,15000,-15000,0,2000,-2000,-509000
067632,台積電永豐01購03,0,0,0,0,0,0,0,0,0,-511000,0,0,0,156000,667000,-511000,-511000
08405P,聯發科元大9C售11,0,0,0,0,0,0,0,0,0,-512000,0,0,0,236000,748000,-512000,-512000
067391,健策元富01購02  ,0,0,0,0,0,0,0,0,0,-514000,0,0,0,3000,517000,-514000,-514000
058161,T50反1日盛03購01,0,0,0,0,0,0,0,0,0,-514000,0,0,0,184000,698000,-514000,-514000
03049P,台積電元富07售11,0,0,0,0,0,0,0,0,0,-516000,0,0,0,8000,524000,-516000,-516000
065958,T50反1元大01購01,0,0,0,0,0,0,0,0,0,-519000,0,0,0,0,519000,-519000,-519000
03045P,台表科國票03售01,0,0,0,0,0,0,0,0,0,-520000,0,0,0,0,520000,-520000,-520000
064889,T50反1群益9C購02,0,0,0,0,0,0,0,0,0,-520000,0,0,0,0,520000,-520000,-520000
066451,台郡群益01購01  ,0,0,0,0,0,0,0,0,0,-522000,0,0,0,112000,634000,-522000,-522000
8150,南茂            ,997000,1574000,-577000,0,0,0,0,0,0,55000,0,3000,-3000,101000,43000,58000,-522000
068057,惠特統一02購02  ,0,0,0,0,0,0,0,0,0,-523000,0,0,0,35000,558000,-523000,-523000
066084,國巨富邦05購01  ,0,0,0,0,0,0,0,0,0,-523000,0,0,0,163000,686000,-523000,-523000
065037,緯穎統一02購02  ,0,0,0,0,0,0,0,0,0,-523000,0,0,0,105000,628000,-523000,-523000
1702,南僑            ,23000,495000,-472000,0,0,0,0,0,0,-51000,0,0,0,0,51000,-51000,-523000
2316,楠梓電          ,124000,630000,-506000,0,0,0,0,0,0,-19000,0,0,0,23000,42000,-19000,-525000
06986P,台積電台新9A售01,0,0,0,0,0,0,0,0,0,-527000,0,0,0,0,527000,-527000,-527000
051369,新光金富邦9A購01,0,0,0,0,0,0,0,0,0,-529000,0,0,0,0,529000,-529000,-529000
063781,健策永豐9B購08  ,0,0,0,0,0,0,0,0,0,-530000,0,0,0,7000,537000,-530000,-530000
2489,瑞軒            ,444000,936000,-492000,0,0,0,0,0,0,-38000,2000,40000,-38000,0,0,0,-530000
068164,南電元大01購07  ,0,0,0,0,0,0,0,0,0,-532000,0,0,0,0,532000,-532000,-532000
08252P,台積電國票9C售06,0,0,0,0,0,0,0,0,0,-533000,0,0,0,0,533000,-533000,-533000
08225P,臺股指凱基9B售20,0,0,0,0,0,0,0,0,0,-538000,0,0,0,60000,598000,-538000,-538000
07502P,美食元大9A售01  ,0,0,0,0,0,0,0,0,0,-539000,0,0,0,105000,644000,-539000,-539000
056392,玉晶光富邦9C購01,0,0,0,0,0,0,0,0,0,-540000,0,0,0,97000,637000,-540000,-540000
06836P,玉晶光國票99售06,0,0,0,0,0,0,0,0,0,-543000,0,0,0,95000,638000,-543000,-543000
00670L,富邦NASDAQ正2   ,4000,4000,0,0,0,0,0,0,0,-544000,0,44000,-44000,165000,665000,-500000,-544000
057581,元大金中信9A購01,0,0,0,0,0,0,0,0,0,-545000,0,0,0,0,545000,-545000,-545000
07976P,聯發科群益9C售02,0,0,0,0,0,0,0,0,0,-546000,0,0,0,665000,1211000,-546000,-546000
2367,燿華            ,1345000,1708000,-363000,0,0,0,0,0,0,-184000,0,3000,-3000,74000,255000,-181000,-547000
4904,遠傳            ,753111,1692496,-939385,0,0,0,362000,18811,343189,45000,71000,14000,57000,0,12000,-12000,-551196
068043,GIS元富07購02   ,0,0,0,0,0,0,0,0,0,-552000,0,0,0,85000,637000,-552000,-552000
057544,鴻海凱基02購01  ,0,0,0,0,0,0,0,0,0,-554000,0,0,0,76000,630000,-554000,-554000
07875P,祥碩群益9B售01  ,0,0,0,0,0,0,0,0,0,-555000,0,0,0,200000,755000,-555000,-555000
065957,華擎統一03購02  ,0,0,0,0,0,0,0,0,0,-555000,0,0,0,0,555000,-555000,-555000
067868,欣興元大01購07  ,0,0,0,0,0,0,0,0,0,-557000,0,0,0,19000,576000,-557000,-557000
067149,瑞昱統一03購01  ,0,0,0,0,0,0,0,0,0,-558000,0,0,0,5000,563000,-558000,-558000
067776,巨大統一03購02  ,0,0,0,0,0,0,0,0,0,-559000,0,0,0,0,559000,-559000,-559000
057347,國巨統一9A購03  ,0,0,0,0,0,0,0,0,0,-559000,0,0,0,402000,961000,-559000,-559000
061668,信邦中信9B購01  ,0,0,0,0,0,0,0,0,0,-559000,0,0,0,81000,640000,-559000,-559000
3413,京鼎            ,626000,1302000,-676000,0,0,0,168000,0,168000,-51000,20000,79000,-59000,51000,43000,8000,-559000
063862,世紀鋼國泰02購01,0,0,0,0,0,0,0,0,0,-561000,0,0,0,11000,572000,-561000,-561000
1409,新纖            ,43000,609000,-566000,0,0,0,0,0,0,0,0,0,0,0,0,0,-566000
066976,台達電群益01購01,0,0,0,0,0,0,0,0,0,-567000,0,0,0,0,567000,-567000,-567000
061509,SP黃豆富邦9C購01,0,0,0,0,0,0,0,0,0,-567000,0,0,0,0,567000,-567000,-567000
07013P,玉晶光群益9A售06,0,0,0,0,0,0,0,0,0,-568000,0,0,0,406000,974000,-568000,-568000
065851,京鼎元大02購01  ,0,0,0,0,0,0,0,0,0,-569000,0,0,0,95000,664000,-569000,-569000
08538P,聯發科國票01售01,0,0,0,0,0,0,0,0,0,-570000,0,0,0,20000,590000,-570000,-570000
03096P,台積電凱基03售05,0,0,0,0,0,0,0,0,0,-570000,0,0,0,0,570000,-570000,-570000
03075P,泰碩國泰03售01  ,0,0,0,0,0,0,0,0,0,-570000,0,0,0,0,570000,-570000,-570000
061684,T50反1群益9A購06,0,0,0,0,0,0,0,0,0,-570000,0,0,0,0,570000,-570000,-570000
2634,漢翔            ,107000,653000,-546000,0,0,0,0,2000,-2000,-25000,0,2000,-2000,1000,24000,-23000,-573000
061227,日月光中信9B購01,0,0,0,0,0,0,0,0,0,-574000,0,0,0,160000,734000,-574000,-574000
03840P,台積電統一99售02,0,0,0,0,0,0,0,0,0,-575000,0,0,0,0,575000,-575000,-575000
3016,嘉晶            ,451000,903000,-452000,0,0,0,0,0,0,-123000,0,88000,-88000,26000,61000,-35000,-575000
06723P,台灣50麥證99售01,0,0,0,8000,814000,-806000,0,0,0,-576000,0,0,0,238000,814000,-576000,-576000
6504,南六            ,165000,445000,-280000,0,0,0,0,249000,-249000,-47000,2000,0,2000,17000,66000,-49000,-576000
05995P,T50正2中信9C售01,0,0,0,0,0,0,0,0,0,-577000,0,0,0,309000,886000,-577000,-577000
064063,健策國泰01購02  ,0,0,0,0,0,0,0,0,0,-578000,0,0,0,50000,628000,-578000,-578000
2105,正新            ,567240,1782736,-1215496,0,0,0,655000,11000,644000,-10000,76000,76000,0,0,10000,-10000,-581496
07998P,聯電凱基9C售01  ,0,0,0,0,0,0,0,0,0,-583000,0,0,0,30000,613000,-583000,-583000
061659,信邦永豐9A購01  ,0,0,0,0,0,0,0,0,0,-584000,0,0,0,50000,634000,-584000,-584000
055036,中工富邦9B購01  ,0,0,0,0,0,0,0,0,0,-585000,0,0,0,125000,710000,-585000,-585000
058337,日月光元富99購01,0,0,0,0,0,0,0,0,0,-586000,0,0,0,459000,1045000,-586000,-586000
2328,廣宇            ,175000,763000,-588000,0,0,0,0,0,0,-1000,2000,3000,-1000,0,0,0,-589000
05953P,台積電國票98售02,0,0,0,0,0,0,0,0,0,-590000,0,0,0,20000,610000,-590000,-590000
043442,大立光台新01購01,0,0,0,0,0,0,0,0,0,-590000,0,0,0,0,590000,-590000,-590000
061223,T50反1中信01購01,0,0,0,0,0,0,0,0,0,-590000,0,0,0,0,590000,-590000,-590000
1710,東聯            ,89000,676000,-587000,0,0,0,0,0,0,-3000,0,3000,-3000,0,0,0,-590000
08543P,世芯國票01售02  ,0,0,0,0,0,0,0,0,0,-592000,0,0,0,94000,686000,-592000,-592000
067270,精成科永豐01購01,0,0,0,0,0,0,0,0,0,-594000,0,0,0,46000,640000,-594000,-594000
064049,信邦統一01購01  ,0,0,0,0,0,0,0,0,0,-594000,0,0,0,278000,872000,-594000,-594000
6177,達麗            ,88000,703133,-615133,0,0,0,0,0,0,19000,0,0,0,19000,0,19000,-596133
065404,玉晶光國泰02購03,0,0,0,0,0,0,0,0,0,-597000,0,0,0,749000,1346000,-597000,-597000
067219,瑞儀元大01購01  ,0,0,0,0,0,0,0,0,0,-599000,0,0,0,51000,650000,-599000,-599000
068260,道瓊銀富邦07購01,0,0,0,0,0,0,0,0,0,-600000,0,0,0,0,600000,-600000,-600000
06327P,台積電中信01售01,0,0,0,0,0,0,0,0,0,-602000,0,0,0,0,602000,-602000,-602000
067315,京鼎元大01購05  ,0,0,0,0,0,0,0,0,0,-605000,0,0,0,90000,695000,-605000,-605000
067320,訊連元大01購01  ,0,0,0,0,0,0,0,0,0,-606000,0,0,0,115000,721000,-606000,-606000
063056,嘉澤統一9C購02  ,0,0,0,0,0,0,0,0,0,-606000,0,0,0,1000,607000,-606000,-606000
067893,玉晶光群益02購07,0,0,0,0,0,0,0,0,0,-607000,0,0,0,71000,678000,-607000,-607000
1718,中纖            ,359000,939000,-580000,0,0,0,0,0,0,-32000,0,26000,-26000,0,6000,-6000,-612000
1589,永冠-KY         ,437000,1049000,-612000,0,0,0,0,0,0,0,0,0,0,0,0,0,-612000
08315P,台積電元大9C售08,0,0,0,0,0,0,0,0,0,-619000,0,0,0,100000,719000,-619000,-619000
063664,漢唐統一9C購01  ,0,0,0,0,0,0,0,0,0,-621000,0,0,0,18000,639000,-621000,-621000
066898,聯發科康和01購01,0,0,0,0,0,0,0,0,0,-623000,0,0,0,841000,1464000,-623000,-623000
08896P,台灣50群益01售10,0,0,0,0,0,0,0,0,0,-624000,0,0,0,44000,668000,-624000,-624000
065682,健策統一9C購07  ,0,0,0,0,0,0,0,0,0,-634000,0,0,0,136000,770000,-634000,-634000
08706P,台積電統一02售04,0,0,0,0,0,0,0,0,0,-635000,0,0,0,60000,695000,-635000,-635000
066105,松翰國票01購01  ,0,0,0,0,0,0,0,0,0,-635000,0,0,0,35000,670000,-635000,-635000
067067,國巨元大01購08  ,0,0,0,0,0,0,0,0,0,-640000,0,0,0,15000,655000,-640000,-640000
1210,大成            ,348000,856000,-508000,0,0,0,0,0,0,-134000,38000,151000,-113000,0,21000,-21000,-642000
07825P,健策國泰9B售04  ,0,0,0,0,0,0,0,0,0,-647000,0,0,0,25000,672000,-647000,-647000
064829,義隆統一01購02  ,0,0,0,0,0,0,0,0,0,-649000,0,0,0,464000,1113000,-649000,-649000
064982,新唐元大9C購01  ,0,0,0,0,0,0,0,0,0,-652000,0,0,0,260000,912000,-652000,-652000
08744P,臺股指凱基02售05,0,0,0,0,0,0,0,0,0,-653000,0,0,0,224000,877000,-653000,-653000
1217,愛之味          ,118000,771000,-653000,0,0,0,0,0,0,0,0,0,0,0,0,0,-653000
08997P,台積電群益01售17,0,0,0,0,0,0,0,0,0,-655000,0,0,0,487000,1142000,-655000,-655000
08995P,台灣50群益01售12,0,0,0,0,0,0,0,0,0,-657000,0,0,0,7000,664000,-657000,-657000
066873,健策國泰02購01  ,0,0,0,0,0,0,0,0,0,-658000,0,0,0,210000,868000,-658000,-658000
068227,聯發科元富07購07,0,0,0,0,0,0,0,0,0,-660000,0,0,0,0,660000,-660000,-660000
3019,亞光            ,265000,904000,-639000,0,0,0,0,0,0,-25000,58000,53000,5000,0,30000,-30000,-664000
08180P,聯發科國泰01售05,0,0,0,0,0,0,0,0,0,-669000,0,0,0,30000,699000,-669000,-669000
067236,聯發科群益01購06,0,0,0,0,0,0,0,0,0,-672000,0,0,0,148000,820000,-672000,-672000
067369,瑞昱統一01購07  ,0,0,0,0,0,0,0,0,0,-676000,0,0,0,30000,706000,-676000,-676000
063773,可成富邦9C購01  ,0,0,0,0,0,0,0,0,0,-683000,0,0,0,13000,696000,-683000,-683000
2606,裕民            ,396000,1076000,-680000,0,0,0,0,3000,-3000,-2000,0,2000,-2000,0,0,0,-685000
061006,新光金兆豐9A購01,0,0,0,0,0,0,0,0,0,-686000,0,0,0,21000,707000,-686000,-686000
06503P,臺股指中信9A售02,0,0,0,0,0,0,0,0,0,-686000,0,0,0,1029000,1715000,-686000,-686000
067118,上緯控群益01購01,0,0,0,0,0,0,0,0,0,-694000,0,0,0,55000,749000,-694000,-694000
066146,昇陽半群益01購02,0,0,0,0,0,0,0,0,0,-695000,0,0,0,89000,784000,-695000,-695000
067372,聯發科統一03購03,0,0,0,0,0,0,0,0,0,-696000,0,0,0,258000,954000,-696000,-696000
066296,昇陽半元大01購02,0,0,0,0,0,0,0,0,0,-699000,0,0,0,52000,751000,-699000,-699000
062689,華擎統一02購01  ,0,0,0,0,0,0,0,0,0,-703000,0,0,0,0,703000,-703000,-703000
1536,和大            ,138000,711000,-573000,0,0,0,0,98000,-98000,-37000,2000,23000,-21000,42000,58000,-16000,-708000
08204P,台灣50中信01售04,0,0,0,0,0,0,0,0,0,-711000,0,0,0,0,711000,-711000,-711000
8163,達方            ,132000,804000,-672000,0,0,0,0,0,0,-41000,0,1000,-1000,0,40000,-40000,-713000
07319P,台積電凱基01售02,0,0,0,0,0,0,0,0,0,-717000,0,0,0,0,717000,-717000,-717000
067276,義隆統一03購01  ,0,0,0,0,0,0,0,0,0,-724000,0,0,0,342000,1066000,-724000,-724000
2614,東森            ,306000,1041000,-735000,0,0,0,0,0,0,11000,0,1000,-1000,12000,0,12000,-724000
9907,統一實          ,99000,825000,-726000,0,0,0,0,0,0,0,0,0,0,0,0,0,-726000
9105,泰金寶-DR       ,12000,738000,-726000,0,0,0,0,0,0,0,0,0,0,0,0,0,-726000
6191,精成科          ,979000,1811000,-832000,0,0,0,0,0,0,106000,0,10000,-10000,122000,6000,116000,-726000
2201,裕隆            ,1125000,1755000,-630000,0,0,0,0,0,0,-98000,0,5000,-5000,7000,100000,-93000,-728000
2610,華航            ,813811,1524056,-710245,0,0,0,0,0,0,-19000,1000,0,1000,0,20000,-20000,-729245
06771P,台灣50中信02售01,100000,0,100000,0,0,0,0,0,0,-830000,0,0,0,50000,880000,-830000,-730000
068128,台積電統一03購07,0,0,0,0,0,0,0,0,0,-731000,0,0,0,0,731000,-731000,-731000
067280,國巨第一01購01  ,0,0,0,0,0,0,0,0,0,-731000,0,0,0,10000,741000,-731000,-731000
2449,京元電子        ,6768000,7119000,-351000,0,0,0,0,16000,-16000,-365000,288000,338000,-50000,75000,390000,-315000,-732000
5388,中磊            ,202000,904178,-702178,0,0,0,0,0,0,-36000,0,1000,-1000,1000,36000,-35000,-738178
067501,聚陽統一01購03  ,0,0,0,0,0,0,0,0,0,-739000,0,0,0,35000,774000,-739000,-739000
08520P,和大元大9C售04  ,0,0,0,0,0,0,0,0,0,-739000,0,0,0,51000,790000,-739000,-739000
064368,日月光統一01購01,0,0,0,0,0,0,0,0,0,-740000,0,0,0,450000,1190000,-740000,-740000
1722,台肥            ,827000,1438000,-611000,0,0,0,0,5000,-5000,-125000,2000,123000,-121000,0,4000,-4000,-741000
068097,台積電富邦03購05,0,0,0,0,0,0,0,0,0,-743000,0,0,0,30000,773000,-743000,-743000
065402,漢唐國泰02購01  ,0,0,0,0,0,0,0,0,0,-747000,0,0,0,137000,884000,-747000,-747000
9938,百和            ,48000,787000,-739000,0,0,0,0,0,0,-9000,10000,1000,9000,0,18000,-18000,-748000
0056,元大高股息      ,64000,833000,-769000,0,0,0,0,0,0,15000,6000,0,6000,274000,265000,9000,-754000
2014,中鴻            ,51000,806000,-755000,0,0,0,0,0,0,0,0,0,0,0,0,0,-755000
067268,日月光永豐01購01,0,0,0,0,0,0,0,0,0,-756000,0,0,0,53000,809000,-756000,-756000
064106,國巨兆豐9C購04  ,0,0,0,0,0,0,0,0,0,-757000,0,0,0,139000,896000,-757000,-757000
1795,美時            ,154000,912000,-758000,0,0,0,0,0,0,0,0,0,0,0,0,0,-758000
07382P,台積電群益9B售01,0,0,0,0,0,0,0,0,0,-760000,0,0,0,0,760000,-760000,-760000
1802,台玻            ,172000,919000,-747000,0,0,0,0,0,0,-15000,0,15000,-15000,0,0,0,-762000
08297P,寶成元大9C售01  ,0,0,0,0,0,0,0,0,0,-763000,0,0,0,167000,930000,-763000,-763000
065133,SP黃豆凱基02購01,0,0,0,0,0,0,0,0,0,-766000,0,0,0,0,766000,-766000,-766000
066776,創意富邦03購02  ,0,0,0,0,0,0,0,0,0,-768000,0,0,0,525000,1293000,-768000,-768000
9945,潤泰新          ,1798384,2534896,-736512,0,0,0,0,0,0,-36000,36000,66000,-30000,0,6000,-6000,-772512
08898P,台積電群益01售15,0,0,0,0,0,0,0,0,0,-777000,0,0,0,328000,1105000,-777000,-777000
08920P,臺股指凱基03售07,0,0,0,0,0,0,0,0,0,-777000,0,0,0,397000,1174000,-777000,-777000
08201P,祥碩元大9B售09  ,0,0,0,0,0,0,0,0,0,-778000,0,0,0,180000,958000,-778000,-778000
08494P,世芯元大9C售02  ,0,0,0,0,0,0,0,0,0,-779000,0,0,0,956000,1735000,-779000,-779000
6285,啟碁            ,109000,876000,-767000,0,0,0,0,0,0,-17000,0,4000,-4000,0,13000,-13000,-784000
08434P,臺股指凱基03售02,0,0,0,0,0,0,0,0,0,-788000,0,0,0,221000,1009000,-788000,-788000
065073,亞德客元大01購02,0,0,0,0,0,0,0,0,0,-788000,0,0,0,2000,790000,-788000,-788000
062332,大立光統一9B購11,0,0,0,0,0,0,0,0,0,-789000,0,0,0,2268000,3057000,-789000,-789000
066792,T50反1凱基01購03,0,0,0,0,0,0,0,0,0,-789000,0,0,0,264000,1053000,-789000,-789000
056954,聯詠富邦9A購01  ,0,0,0,0,0,0,0,0,0,-792000,0,0,0,0,792000,-792000,-792000
066508,世紀鋼富邦03購01,0,0,0,0,0,0,0,0,0,-797000,0,0,0,0,797000,-797000,-797000
067675,中工元大03購01  ,0,0,0,0,0,0,0,0,0,-800000,0,0,0,560000,1360000,-800000,-800000
2841,台開            ,100000,902000,-802000,0,0,0,0,0,0,0,0,0,0,0,0,0,-802000
061131,崇越永豐9A購01  ,0,0,0,0,0,0,0,0,0,-803000,0,0,0,27000,830000,-803000,-803000
08892P,台積電元大01售27,0,0,0,0,0,0,0,0,0,-828000,0,0,0,301000,1129000,-828000,-828000
063057,祥碩統一03購01  ,30000,30000,0,0,0,0,0,0,0,-836000,0,0,0,426000,1262000,-836000,-836000
067595,國巨凱基02購04  ,0,0,0,0,0,0,0,0,0,-837000,0,0,0,24000,861000,-837000,-837000
03044P,康控國票03售01  ,0,0,0,0,0,0,0,0,0,-841000,0,0,0,15000,856000,-841000,-841000
2897,王道銀行        ,97000,927000,-830000,0,0,0,0,5000,-5000,-8000,0,8000,-8000,0,0,0,-843000
4958,臻鼎-KY         ,797408,1562320,-764912,0,0,0,115000,204000,-89000,8000,74000,59000,15000,14000,21000,-7000,-845912
3706,神達            ,920000,1732000,-812000,0,0,0,0,2000,-2000,-36000,2000,4000,-2000,9000,43000,-34000,-850000
066820,南茂兆豐03購01  ,0,0,0,0,0,0,0,0,0,-851000,0,0,0,0,851000,-851000,-851000
1907,永豐餘          ,222000,1069000,-847000,0,0,0,0,0,0,-4000,0,4000,-4000,0,0,0,-851000
067625,欣興富邦03購01  ,0,0,0,0,0,0,0,0,0,-863000,0,0,0,51000,914000,-863000,-863000
08152P,祥碩統一9B售02  ,0,0,0,0,0,0,0,0,0,-874000,0,0,0,185000,1059000,-874000,-874000
5876,上海商銀        ,1741338,2605332,-863994,0,0,0,0,4328,-4328,-7000,0,8000,-8000,20000,19000,1000,-875322
2881,富邦金          ,2775629,4023392,-1247763,0,0,0,500000,73620,426380,-56000,0,18000,-18000,28000,66000,-38000,-877383
2838,聯邦銀          ,33000,907000,-874000,0,0,0,0,0,0,-10000,0,10000,-10000,0,0,0,-884000
064977,玉晶光元大01購03,0,0,0,0,0,0,0,0,0,-893000,0,0,0,446000,1339000,-893000,-893000
061056,臺指反國票02購01,0,0,0,0,0,0,0,0,0,-899000,0,0,0,0,899000,-899000,-899000
066370,帆宣中信01購01  ,0,0,0,0,0,0,0,0,0,-900000,0,0,0,565000,1465000,-900000,-900000
067124,華擎富邦03購01  ,0,0,0,0,0,0,0,0,0,-901000,0,0,0,15000,916000,-901000,-901000
4968,立積            ,569000,1433500,-864500,0,0,0,72000,0,72000,-109000,12000,89000,-77000,23000,55000,-32000,-901500
1308,亞聚            ,200000,1100000,-900000,0,0,0,0,0,0,-4000,0,2000,-2000,0,2000,-2000,-904000
067380,華擎統一02購02  ,0,0,0,0,0,0,0,0,0,-907000,0,0,0,60000,967000,-907000,-907000
3047,訊舟            ,507000,1443000,-936000,0,0,0,0,0,0,27000,27000,0,27000,0,0,0,-909000
066974,SP黃豆群益03購01,0,0,0,0,0,0,0,0,0,-910000,0,0,0,0,910000,-910000,-910000
065027,玉晶光中信03購01,20000,0,20000,0,0,0,0,0,0,-937000,0,0,0,34000,971000,-937000,-917000
066043,美律元大01購01  ,0,0,0,0,0,0,0,0,0,-925000,0,0,0,176000,1101000,-925000,-925000
2383,台光電          ,532110,1373000,-840890,0,0,0,0,4000,-4000,-86000,52000,128000,-76000,9000,19000,-10000,-930890
08381P,台灣50群益9C售06,0,0,0,0,0,0,0,0,0,-941000,0,0,0,20000,961000,-941000,-941000
065431,大立光凱基02購02,0,0,0,0,0,0,0,0,0,-941000,0,0,0,197000,1138000,-941000,-941000
9933,中鼎            ,60000,1002000,-942000,0,0,0,0,0,0,-1000,0,1000,-1000,9000,9000,0,-943000
067281,T50反1國票01購05,0,0,0,0,0,0,0,0,0,-951000,0,0,0,655000,1606000,-951000,-951000
6239,力成            ,1879515,4044328,-2164813,0,0,0,1244000,12000,1232000,-24000,0,1000,-1000,7000,30000,-23000,-956813
068096,聯電富邦03購01  ,0,0,0,0,0,0,0,0,0,-959000,0,0,0,1087000,2046000,-959000,-959000
061476,大毅元大9A購02  ,0,0,0,0,0,0,0,0,0,-961000,0,0,0,195000,1156000,-961000,-961000
1103,嘉泥            ,44000,1004000,-960000,0,0,0,0,0,0,-8000,0,8000,-8000,0,0,0,-968000
064683,台表科兆豐9C購02,0,0,0,0,0,0,0,0,0,-970000,0,0,0,11000,981000,-970000,-970000
4960,誠美材          ,429000,1368000,-939000,0,0,0,0,0,0,-34000,0,34000,-34000,0,0,0,-973000
1304,台聚            ,270000,1243682,-973682,0,0,0,0,0,0,0,0,0,0,0,0,0,-973682
1218,泰山            ,78000,1073000,-995000,0,0,0,0,0,0,7000,0,0,0,7000,0,7000,-988000
1227,佳格            ,246286,1279672,-1033386,0,0,0,0,0,0,42000,50000,8000,42000,0,0,0,-991386
1515,力山            ,858000,1706000,-848000,0,0,0,50000,0,50000,-200000,83000,54000,29000,57000,286000,-229000,-998000
056945,鴻海統一98購12  ,0,0,0,0,0,0,0,0,0,-1000000,0,0,0,0,1000000,-1000000,-1000000
08883P,台積電國票02售02,10000,0,10000,0,0,0,0,0,0,-1018000,0,0,0,121000,1139000,-1018000,-1008000
3704,合勤控          ,228000,1090000,-862000,0,0,0,0,0,0,-148000,0,74000,-74000,0,74000,-74000,-1010000
1313,聯成            ,106000,1117071,-1011071,0,0,0,0,0,0,0,0,0,0,0,0,0,-1011071
068229,聯發科元富07購09,0,0,0,0,0,0,0,0,0,-1016000,0,0,0,0,1016000,-1016000,-1016000
066928,台達電國票01購02,0,0,0,0,0,0,0,0,0,-1039000,0,0,0,0,1039000,-1039000,-1039000
08644P,臺股指中信02售02,0,0,0,0,0,0,0,0,0,-1041000,0,0,0,395000,1436000,-1041000,-1041000
2324,仁寶            ,1671914,4248576,-2576662,0,0,0,1547000,34000,1513000,10000,20000,10000,10000,29000,29000,0,-1053662
07206P,鴻海凱基9A售11  ,0,0,0,0,0,0,0,0,0,-1060000,0,0,0,0,1060000,-1060000,-1060000
08831P,台積電群益01售11,0,0,0,0,0,0,0,0,0,-1061000,0,0,0,95000,1156000,-1061000,-1061000
066501,鴻海富邦03購01  ,0,0,0,0,0,0,0,0,0,-1065000,0,0,0,299000,1364000,-1065000,-1065000
08353P,聯電元大9C售04  ,0,0,0,0,0,0,0,0,0,-1091000,0,0,0,90000,1181000,-1091000,-1091000
068003,玉晶光元大01購12,0,0,0,0,0,0,0,0,0,-1091000,0,0,0,16000,1107000,-1091000,-1091000
063624,GIS兆豐9B購01   ,0,0,0,0,0,0,0,0,0,-1093000,0,0,0,208000,1301000,-1093000,-1093000
2354,鴻準            ,579640,2063064,-1483424,0,0,0,411000,1712,409288,-27000,14000,41000,-27000,0,0,0,-1101136
067997,美律元大01購02  ,0,0,0,0,0,0,0,0,0,-1105000,0,0,0,18000,1123000,-1105000,-1105000
1310,台苯            ,51000,1161000,-1110000,0,0,0,0,0,0,3000,0,4000,-4000,7000,0,7000,-1107000
2903,遠百            ,302000,1448000,-1146000,0,0,0,0,0,0,17000,20000,3000,17000,0,0,0,-1129000
2915,潤泰全          ,134000,1201000,-1067000,0,0,0,0,0,0,-63000,0,16000,-16000,11000,58000,-47000,-1130000
1440,南紡            ,238000,1313000,-1075000,0,0,0,0,0,0,-61000,0,0,0,0,61000,-61000,-1136000
068058,聯電中信03購02  ,10000,0,10000,0,0,0,0,0,0,-1159000,0,0,0,178000,1337000,-1159000,-1149000
060466,玉山金元大9A購01,0,0,0,0,0,0,0,0,0,-1151000,0,0,0,92000,1243000,-1151000,-1151000
08750P,台灣50群益01售04,0,0,0,0,0,0,0,0,0,-1160000,0,0,0,160000,1320000,-1160000,-1160000
3045,台灣大          ,728148,2101740,-1373592,0,0,0,220000,18576,201424,2000,12000,6000,6000,0,4000,-4000,-1170168
064822,台達電統一01購03,0,0,0,0,0,0,0,0,0,-1184000,0,0,0,144000,1328000,-1184000,-1184000
066265,精元元大01購01  ,0,0,0,0,0,0,0,0,0,-1185000,0,0,0,67000,1252000,-1185000,-1185000
063817,GIS群益9C購01   ,0,0,0,0,0,0,0,0,0,-1197000,0,0,0,137000,1334000,-1197000,-1197000
8215,明基材          ,91000,1288000,-1197000,0,0,0,0,0,0,-1000,0,1000,-1000,0,0,0,-1198000
2104,國際中橡        ,129000,1314000,-1185000,0,0,0,0,0,0,-14000,0,2000,-2000,0,12000,-12000,-1199000
2498,宏達電          ,716000,1747000,-1031000,0,0,0,0,0,0,-181000,106000,108000,-2000,10000,189000,-179000,-1212000
1303,南亞            ,1567587,3101714,-1534127,0,0,0,444000,57046,386954,-69000,0,29000,-29000,0,40000,-40000,-1216173
08794P,台積電兆豐01售03,0,0,0,0,0,0,0,0,0,-1219000,0,0,0,10000,1229000,-1219000,-1219000
1305,華夏            ,124000,1336000,-1212000,0,0,0,0,0,0,-14000,0,5000,-5000,1000,10000,-9000,-1226000
6456,GIS-KY          ,2020000,3140000,-1120000,0,0,0,130000,251000,-121000,9000,57000,42000,15000,137000,143000,-6000,-1232000
2511,太子            ,0,1232370,-1232370,0,0,0,0,0,0,0,0,0,0,0,0,0,-1232370
08861P,台積電統一01售10,0,0,0,0,0,0,0,0,0,-1235000,0,0,0,180000,1415000,-1235000,-1235000
06965P,台積電台新99售02,0,0,0,0,0,0,0,0,0,-1258000,0,0,0,0,1258000,-1258000,-1258000
1909,榮成            ,199000,1470000,-1271000,0,0,0,0,0,0,7000,10000,3000,7000,0,0,0,-1264000
2515,中工            ,499000,1801000,-1302000,0,0,0,0,0,0,34000,4000,48000,-44000,203000,125000,78000,-1268000
2912,統一超          ,209397,1496308,-1286911,0,0,0,0,6000,-6000,14000,26000,9000,17000,0,3000,-3000,-1278911
067388,聯發科元富07購03,0,0,0,0,0,0,0,0,0,-1283000,0,0,0,372000,1655000,-1283000,-1283000
07590P,玉晶光國票9A售03,0,0,0,0,0,0,0,0,0,-1290000,0,0,0,350000,1640000,-1290000,-1290000
064256,玉晶光國泰02購02,0,0,0,0,0,0,0,0,0,-1295000,0,0,0,303000,1598000,-1295000,-1295000
066719,滬深2X元大01購06,0,0,0,0,0,0,0,0,0,-1320000,0,0,0,847000,2167000,-1320000,-1320000
065315,玉晶光中信03購02,0,0,0,0,0,0,0,0,0,-1322000,0,0,0,611000,1933000,-1322000,-1322000
2542,興富發          ,317488,1696633,-1379145,0,0,0,0,0,0,20000,36000,16000,20000,0,0,0,-1359145
08462P,臻鼎國票9C售02  ,0,0,0,0,0,0,0,0,0,-1368000,0,0,0,110000,1478000,-1368000,-1368000
1326,台化            ,1111447,2423880,-1312433,0,0,0,24000,37510,-13510,-47000,2000,39000,-37000,6000,16000,-10000,-1372943
2633,台灣高鐵        ,1644371,2975904,-1331533,0,0,0,0,18000,-18000,-25000,16000,12000,4000,7000,36000,-29000,-1374533
00674R,元大S&P黃金反1  ,0,0,0,0,0,0,0,0,0,-1375000,0,0,0,84000,1459000,-1375000,-1375000
067014,聯發科富邦03購05,0,0,0,0,0,0,0,0,0,-1390000,0,0,0,349000,1739000,-1390000,-1390000
08063P,立積國票9B售03  ,0,0,0,0,0,0,0,0,0,-1399000,0,0,0,270000,1669000,-1399000,-1399000
2329,華泰            ,189000,1612000,-1423000,0,0,0,0,0,0,-2000,0,2000,-2000,0,0,0,-1425000
068018,玉晶光國票02購05,0,0,0,0,0,0,0,0,0,-1430000,0,0,0,10000,1440000,-1430000,-1430000
067373,聯發科統一03購04,0,0,0,0,0,0,0,0,0,-1442000,0,0,0,1495000,2937000,-1442000,-1442000
2317,鴻海            ,25962949,25076100,886849,0,0,0,0,501484,-501484,-1855000,80000,263000,-183000,1123000,2795000,-1672000,-1469635
1605,華新            ,1557000,3517000,-1960000,0,0,0,0,0,0,489000,522000,11000,511000,86000,108000,-22000,-1471000
066064,T50反1凱基03購03,0,0,0,0,0,0,0,0,0,-1475000,0,0,0,0,1475000,-1475000,-1475000
2889,國票金          ,354000,1834000,-1480000,0,0,0,0,0,0,0,0,0,0,0,0,0,-1480000
1504,東元            ,1233000,2390000,-1157000,0,0,0,0,16000,-16000,-315000,0,14000,-14000,39000,340000,-301000,-1488000
067154,華擎統一03購03  ,0,0,0,0,0,0,0,0,0,-1505000,0,0,0,21000,1526000,-1505000,-1505000
067706,台積電元富07購07,0,0,0,0,0,0,0,0,0,-1510000,0,0,0,460000,1970000,-1510000,-1510000
065034,玉晶光統一01購11,0,0,0,0,0,0,0,0,0,-1513000,0,0,0,179000,1692000,-1513000,-1513000
065996,T50反1第一01購01,0,0,0,0,0,0,0,0,0,-1540000,0,0,0,0,1540000,-1540000,-1540000
03086P,台積電元大01售37,0,0,0,0,0,0,0,0,0,-1550000,0,0,0,188000,1738000,-1550000,-1550000
07251P,台灣50元富01售04,0,0,0,0,0,0,0,0,0,-1578000,0,0,0,0,1578000,-1578000,-1578000
03050P,台積電統一01售12,0,0,0,0,0,0,0,0,0,-1602000,0,0,0,38000,1640000,-1602000,-1602000
00655L,國泰中國A50正2  ,31000,1385000,-1354000,0,0,0,0,0,0,-278000,0,0,0,1267000,1545000,-278000,-1632000
2027,大成鋼          ,491000,2109724,-1618724,0,0,0,0,0,0,-18000,20000,9000,11000,9000,38000,-29000,-1636724
3017,奇鋐            ,2550000,2583000,-33000,0,0,0,90000,1180000,-1090000,-519000,152000,227000,-75000,83000,527000,-444000,-1642000
2312,金寶            ,248000,1901000,-1653000,0,0,0,0,0,0,-5000,1000,0,1000,0,6000,-6000,-1658000
2867,三商壽          ,332000,1993000,-1661000,0,0,0,0,4000,-4000,-11000,0,11000,-11000,0,0,0,-1676000
4142,國光生          ,3944000,5656000,-1712000,0,0,0,0,0,0,25000,0,0,0,35000,10000,25000,-1687000
08967P,聯電元大01售03  ,0,0,0,0,0,0,0,0,0,-1689000,0,0,0,550000,2239000,-1689000,-1689000
4906,正文            ,591000,2320000,-1729000,0,0,0,0,0,0,37000,25000,5000,20000,21000,4000,17000,-1692000
6196,帆宣            ,791000,2848000,-2057000,0,0,0,359000,0,359000,3000,102000,1000,101000,118000,216000,-98000,-1695000
08388P,台灣50中信03售09,0,0,0,0,0,0,0,0,0,-1728000,0,0,0,20000,1748000,-1728000,-1728000
067266,義隆國泰03購01  ,0,0,0,0,0,0,0,0,0,-1741000,0,0,0,1302000,3043000,-1741000,-1741000
00693U,街口S&P黃豆     ,253000,278000,-25000,0,0,0,0,0,0,-1720000,0,0,0,1205000,2925000,-1720000,-1745000
2845,遠東銀          ,236000,1980000,-1744000,0,0,0,0,19000,-19000,-10000,0,10000,-10000,0,0,0,-1773000
2474,可成            ,845482,2989056,-2143574,0,0,0,256000,5913,250087,95000,157000,65000,92000,16000,13000,3000,-1798487
08571P,台積電兆豐9C售06,0,0,0,0,0,0,0,0,0,-1799000,0,0,0,0,1799000,-1799000,-1799000
3049,和鑫            ,2360000,4172000,-1812000,0,0,0,0,0,0,0,0,0,0,0,0,0,-1812000
1717,長興            ,477000,2248000,-1771000,0,0,0,0,7000,-7000,-40000,0,22000,-22000,0,18000,-18000,-1818000
8112,至上            ,229000,2050000,-1821000,0,0,0,3000,0,3000,-8000,0,8000,-8000,0,0,0,-1826000
064703,T50反1國泰01購01,0,0,0,0,0,0,0,0,0,-1834000,0,0,0,153000,1987000,-1834000,-1834000
065010,國巨國泰01購04  ,0,0,0,0,0,0,0,0,0,-1913000,0,0,0,351000,2264000,-1913000,-1913000
2332,友訊            ,1633000,3595000,-1962000,0,0,0,0,0,0,-9000,25000,6000,19000,42000,70000,-28000,-1971000
08106P,聯發科統一9B售09,0,0,0,0,0,0,0,0,0,-1984000,0,0,0,0,1984000,-1984000,-1984000
2356,英業達          ,4674747,6464936,-1790189,0,0,0,1268000,1525000,-257000,24000,23000,49000,-26000,77000,27000,50000,-2023189
2352,佳世達          ,167000,2168000,-2001000,0,0,0,0,4000,-4000,-24000,8000,21000,-13000,0,11000,-11000,-2029000
048270,T50反1富邦99購01,0,0,0,0,0,0,0,0,0,-2035000,0,0,0,20000,2055000,-2035000,-2035000
08899P,台積電群益01售16,0,0,0,0,0,0,0,0,0,-2047000,0,0,0,1213000,3260000,-2047000,-2047000
1216,統一            ,10995719,12856204,-1860485,0,0,0,0,166146,-166146,-40000,11000,28000,-17000,14000,37000,-23000,-2066631
08554P,玉晶光國票01售06,0,0,0,0,0,0,0,0,0,-2081000,0,0,0,716000,2797000,-2081000,-2081000
067967,玉山金群益01購01,0,0,0,0,0,0,0,0,0,-2114000,0,0,0,315000,2429000,-2114000,-2114000
4414,如興            ,2249000,4390000,-2141000,0,0,0,0,0,0,0,0,0,0,0,0,0,-2141000
08375P,聯電元富9C售02  ,0,0,0,0,0,0,0,0,0,-2148000,0,0,0,360000,2508000,-2148000,-2148000
2323,中環            ,845000,2670000,-1825000,0,0,0,0,0,0,-363000,19000,8000,11000,3000,377000,-374000,-2188000
2301,光寶科          ,1082472,3712585,-2630113,0,0,0,646000,13000,633000,-225000,12000,219000,-207000,12000,30000,-18000,-2222113
03432B,臺股指凱基98熊13,0,0,0,0,0,0,0,0,0,-2231000,0,0,0,521000,2752000,-2231000,-2231000
07048P,台積電中信03售01,0,0,0,0,0,0,0,0,0,-2304000,0,0,0,0,2304000,-2304000,-2304000
3035,智原            ,2183000,1896000,287000,0,0,0,100000,2267000,-2167000,-431000,18000,257000,-239000,17000,209000,-192000,-2311000
3041,揚智            ,1282000,3649000,-2367000,0,0,0,0,0,0,-1000,56000,57000,-1000,0,0,0,-2368000
2618,長榮航          ,1461621,3582200,-2120579,0,0,0,0,24000,-24000,-337000,189000,348000,-159000,76000,254000,-178000,-2481579
5880,合庫金          ,3073606,5397184,-2323578,0,0,0,0,81000,-81000,-78000,0,32000,-32000,0,46000,-46000,-2482578
067682,上緯控元大01購02,0,0,0,0,0,0,0,0,0,-2492000,0,0,0,40000,2532000,-2492000,-2492000
08726P,台積電群益01售07,0,0,0,0,0,0,0,0,0,-2554000,0,0,0,209000,2763000,-2554000,-2554000
068127,台積電統一02購07,0,0,0,0,0,0,0,0,0,-2603000,0,0,0,5000,2608000,-2603000,-2603000
08573P,台積電凱基9C售06,0,0,0,0,0,0,0,0,0,-2660000,0,0,0,0,2660000,-2660000,-2660000
064916,玉山金統一02購01,0,0,0,0,0,0,0,0,0,-2687000,0,0,0,0,2687000,-2687000,-2687000
1301,台塑            ,1601064,4268740,-2667676,0,0,0,20000,17803,2197,-58000,2000,37000,-35000,0,23000,-23000,-2723479
08716P,台積電兆豐01售02,0,0,0,0,0,0,0,0,0,-2727000,0,0,0,0,2727000,-2727000,-2727000
1402,遠東新          ,14532049,8218736,6313313,0,0,0,0,34000,-34000,-9049000,91000,2265000,-2174000,16000,6891000,-6875000,-2769687
07597P,臺股指中信01售02,0,0,0,0,0,0,0,0,0,-2913000,0,0,0,1434000,4347000,-2913000,-2913000
067623,台積電富邦04購05,110000,0,110000,0,0,0,0,0,0,-3182000,0,0,0,665000,3847000,-3182000,-3072000
1312,國喬            ,198000,3387000,-3189000,0,0,0,0,0,0,14000,1000,3000,-2000,16000,0,16000,-3175000
059956,玉山金康和99購01,0,0,0,0,0,0,0,0,0,-3249000,0,0,0,200000,3449000,-3249000,-3249000
1102,亞泥            ,3504521,6202488,-2697967,0,0,0,36000,141000,-105000,-542000,49000,507000,-458000,15000,99000,-84000,-3344967
06328P,台積電中信01售02,0,0,0,0,0,0,0,0,0,-3582000,0,0,0,0,3582000,-3582000,-3582000
00852L,國泰美國道瓊正2 ,0,3203000,-3203000,0,0,0,0,0,0,-609000,0,0,0,5172000,5781000,-609000,-3812000
1314,中石化          ,269000,4125000,-3856000,0,0,0,0,0,0,-19000,0,19000,-19000,0,0,0,-3875000
061210,玉山金元大9A購02,0,0,0,0,0,0,0,0,0,-4130000,0,0,0,200000,4330000,-4130000,-4130000
2812,台中銀          ,215000,4417000,-4202000,0,0,0,0,6000,-6000,-12000,0,12000,-12000,0,0,0,-4220000
00664R,國泰臺灣加權反1 ,32000,28000,4000,0,0,0,0,0,0,-4295000,0,0,0,835000,5130000,-4295000,-4291000
057646,玉山金元大98購01,0,0,0,0,0,0,0,0,0,-4507000,0,0,0,100000,4607000,-4507000,-4507000
058807,和大統一9B購01  ,0,0,0,0,0,0,0,0,0,-4516000,0,0,0,1352000,5868000,-4516000,-4516000
2823,中壽            ,915864,7085792,-6169928,0,0,0,0,27000,-27000,1482000,14000,15000,-1000,1499000,16000,1483000,-4714928
00676R,富邦臺灣加權反1 ,0,0,0,0,0,0,0,0,0,-4865000,0,0,0,1603000,6468000,-4865000,-4865000
2882,國泰金          ,4393498,7853811,-3460313,0,0,0,511000,84853,426147,-1909000,100000,2032000,-1932000,112000,89000,23000,-4943166
068115,玉山金元富07購01,0,0,0,0,0,0,0,0,0,-4995000,0,0,0,0,4995000,-4995000,-4995000
2801,彰銀            ,983474,5919552,-4936078,0,0,0,0,56000,-56000,-20000,0,39000,-39000,49000,30000,19000,-5012078
2883,開發金          ,5450852,12861108,-7410256,0,0,0,2577000,113000,2464000,-155000,2000,31000,-29000,0,126000,-126000,-5101256
2880,華南金          ,1998506,6931452,-4932946,0,0,0,0,79000,-79000,-102000,0,49000,-49000,0,53000,-53000,-5113946
066887,聯發科中信02購01,0,0,0,0,0,0,0,0,0,-5320000,0,0,0,772000,6092000,-5320000,-5320000
00738U,元大道瓊白銀    ,423000,2567000,-2144000,0,0,0,0,0,0,-3216000,0,0,0,2484000,5700000,-3216000,-5360000
6005,群益證          ,1913000,7334000,-5421000,0,0,0,0,17000,-17000,0,0,0,0,0,0,0,-5438000
2408,南亞科          ,1307855,5906856,-4599001,0,0,0,470000,652465,-182465,-717000,89000,704000,-615000,29000,131000,-102000,-5498466
2002,中鋼            ,2153809,7469900,-5316091,0,0,0,0,108000,-108000,-79000,20000,39000,-19000,0,60000,-60000,-5503091
2890,永豐金          ,4229058,11985900,-7756842,0,0,0,1734000,86000,1648000,-24000,0,19000,-19000,20000,25000,-5000,-6132842
2412,中華電          ,832962,5762320,-4929358,0,0,0,191000,44493,146507,-1470000,152000,1580000,-1428000,0,42000,-42000,-6252851
2892,第一金          ,2760937,10992628,-8231691,0,0,0,1042000,87000,955000,966000,1056000,43000,1013000,0,47000,-47000,-6310691
3481,群創            ,18720743,25109528,-6388785,0,0,0,0,0,0,-150000,365000,252000,113000,494000,757000,-263000,-6538785
2337,旺宏            ,1558000,7672000,-6114000,0,0,0,0,0,0,-1273000,40000,178000,-138000,130000,1265000,-1135000,-7387000
00633L,富邦上証正2     ,158000,4024000,-3866000,0,0,0,0,0,0,-3608000,0,0,0,2274000,5882000,-3608000,-7474000
2891,中信金          ,12629210,18186721,-5557511,0,0,0,1128000,172604,955396,-3760000,22000,3698000,-3676000,6000,90000,-84000,-8362115
2886,兆豐金          ,6296571,16175758,-9879187,0,0,0,855000,106835,748165,169000,250000,30000,220000,14000,65000,-51000,-8962022
2888,新光金          ,5796638,16339936,-10543298,0,0,0,0,98000,-98000,1175425,776000,0,776000,824000,424575,399425,-9465873
6116,彩晶            ,2233000,12728000,-10495000,0,0,0,0,0,0,-487000,30000,460000,-430000,116000,173000,-57000,-10982000
2344,華邦電          ,2790077,13751133,-10961056,0,0,0,0,0,0,-219000,52000,164000,-112000,33000,140000,-107000,-11180056
2887,台新金          ,3201675,14621448,-11419773,0,0,0,0,82000,-82000,190000,0,20000,-20000,259000,49000,210000,-11311773
2885,元大金          ,4926496,16327664,-11401168,0,0,0,0,91000,-91000,168963,252000,0,252000,0,83037,-83037,-11323205
2834,臺企銀          ,1011000,13726187,-12715187,0,0,0,0,44000,-44000,-68000,0,35000,-35000,0,33000,-33000,-12827187
08748P,台積電元富07售02,0,0,0,0,0,0,0,0,0,-14018000,0,0,0,0,14018000,-14018000,-14018000
00637L,元大滬深300正2  ,7272000,5717000,1555000,0,0,0,0,0,0,-15934000,0,1170000,-1170000,18791000,33555000,-14764000,-14379000
9904,寶成            ,2110641,22230576,-20119935,0,0,0,898000,22000,876000,-352000,290000,200000,90000,1000,443000,-442000,-19595935
00715L,街口布蘭特油正2 ,0,3844000,-3844000,0,0,0,0,0,0,-16287000,0,0,0,96000,16383000,-16287000,-20131000
00878,國泰永續高股息  ,34081,15317000,-15282919,0,0,0,0,0,0,-34358000,0,0,0,50000,34408000,-34358000,-49640919
00632R,元大台灣50反1   ,82648000,2849000,79799000,0,0,0,0,0,0,-139233000,454000,17798000,-17344000,7115000,129004000,-121889000,-59434000
00677U,富邦VIX         ,8156000,42990000,-34834000,0,0,0,0,0,0,-33257000,800000,0,800000,5338000,39395000,-34057000,-68091000
