證券代號,證券名稱,外陸資買進股數(不含外資自營商),外陸資賣出股數(不含外資自營商),外陸資買賣超股數(不含外資自營商),外資自營商買進股數,外資自營商賣出股數,外資自營商買賣超股數,投信買進股數,投信賣出股數,投信買賣超股數,自營商買賣超股數,自營商買進股數(自行買賣),自營商賣出股數(自行買賣),自營商買賣超股數(自行買賣),自營商買進股數(避險),自營商賣出股數(避險),自營商買賣超股數(避險),三大法人買賣超股數
2317,鴻海            ,42388717,10668552,31720165,0,0,0,264000,54000,210000,3376000,857000,252000,605000,3411000,640000,2771000,35306165
00637L,元大滬深300正2  ,18752000,4545000,14207000,0,0,0,0,0,0,17523000,200000,0,200000,22099000,4776000,17323000,31730000
2330,台積電          ,35970485,11922760,24047725,0,0,0,208000,375000,-167000,716000,1416000,567000,849000,338000,471000,-133000,24596725
2885,元大金          ,14730000,7143188,7586812,0,0,0,307000,36000,271000,2435000,1718000,0,1718000,824000,107000,717000,10292812
2449,京元電子        ,6088000,4567958,1520042,0,0,0,3006000,0,3006000,1053000,485000,8000,477000,604000,28000,576000,5579042
0050,元大台灣50      ,6264125,1397000,4867125,0,0,0,0,35000,-35000,-130000,343000,106000,237000,1148000,1515000,-367000,4702125
2886,兆豐金          ,9437000,5046187,4390813,0,0,0,354000,70000,284000,-22000,56000,78000,-22000,0,0,0,4652813
00708L,元大S&P黃金正2  ,1000,1000,0,0,0,0,0,0,0,4623000,0,15000,-15000,6363000,1725000,4638000,4623000
2610,華航            ,7091000,2834000,4257000,0,0,0,0,9000,-9000,254000,5000,0,5000,259000,10000,249000,4502000
00861,元大全球未來通訊,2564000,12000,2552000,0,0,0,0,0,0,1698000,0,0,0,1982000,284000,1698000,4250000
2308,台達電          ,5790056,1743000,4047056,0,0,0,100000,6000,94000,91000,712000,594000,118000,29000,56000,-27000,4232056
00633L,富邦上証正2     ,3554000,1571000,1983000,0,0,0,0,0,0,2089000,50000,0,50000,2808000,769000,2039000,4072000
2881,富邦金          ,7053000,3424111,3628889,0,0,0,217000,46000,171000,220000,234000,49000,185000,78000,43000,35000,4019889
054546,玉晶光中信9B購01,0,0,0,0,0,0,0,0,0,3993000,0,0,0,6675000,2682000,3993000,3993000
2882,國泰金          ,9061000,5576904,3484096,0,0,0,120000,54000,66000,327000,436000,63000,373000,114000,160000,-46000,3877096
00653L,富邦印度正2     ,2284000,1276000,1008000,0,0,0,0,0,0,2789000,0,0,0,7865000,5076000,2789000,3797000
8046,南電            ,4340000,1275109,3064891,0,0,0,329000,0,329000,281000,390000,20000,370000,29000,118000,-89000,3674891
00655L,國泰中國A50正2  ,164000,62000,102000,0,0,0,0,0,0,2956000,0,0,0,3335000,379000,2956000,3058000
1101,台泥            ,6580112,2848757,3731355,0,0,0,522000,111743,410257,-1087000,87000,1160000,-1073000,3000,17000,-14000,3054612
2313,華通            ,6038000,3108928,2929072,0,0,0,0,13000,-13000,96000,408000,535000,-127000,280000,57000,223000,3012072
2458,義隆            ,2918000,2792000,126000,0,0,0,2968000,101000,2867000,-58000,41000,66000,-25000,37000,70000,-33000,2935000
2347,聯強            ,5144000,1208273,3935727,0,0,0,21000,1172000,-1151000,1000,12000,9000,3000,0,2000,-2000,2785727
2887,台新金          ,5379000,2797358,2581642,0,0,0,179000,19000,160000,-57000,0,51000,-51000,38000,44000,-6000,2684642
2809,京城銀          ,1515000,9486000,-7971000,0,0,0,11049000,2000,11047000,-503000,32000,535000,-503000,0,0,0,2573000
00752,中信中國50      ,26000,25000,1000,0,0,0,0,0,0,2489000,0,0,0,2796000,307000,2489000,2490000
5880,合庫金          ,6154000,3826229,2327771,0,0,0,123000,48000,75000,-62000,0,62000,-62000,0,0,0,2340771
3014,聯陽            ,2284000,43000,2241000,0,0,0,0,0,0,69000,30000,2000,28000,50000,9000,41000,2310000
4968,立積            ,2862000,1107000,1755000,0,0,0,0,1000,-1000,541000,121000,33000,88000,508000,55000,453000,2295000
1434,福懋            ,2672000,11847000,-9175000,0,0,0,11397000,11000,11386000,26000,45000,19000,26000,0,0,0,2237000
2356,英業達          ,5199000,7719569,-2520569,0,0,0,3854000,8000,3846000,876000,883000,23000,860000,28000,12000,16000,2201431
053564,台積電富邦99購01,0,0,0,0,0,0,0,0,0,2191000,0,0,0,2191000,0,2191000,2191000
07366P,國巨康和99售02  ,0,0,0,0,0,0,0,0,0,2144000,0,0,0,2776000,632000,2144000,2144000
064760,玉晶光凱基01購02,0,0,0,0,0,0,0,0,0,1944000,0,0,0,2010000,66000,1944000,1944000
063050,葡萄王統一01購01,0,0,0,0,0,0,0,0,0,1928000,0,0,0,1933000,5000,1928000,1928000
07505P,台勝科元大9A售01,0,0,0,0,0,0,0,0,0,1884000,0,0,0,1884000,0,1884000,1884000
3413,京鼎            ,2185000,293000,1892000,0,0,0,0,102000,-102000,40000,20000,17000,3000,86000,49000,37000,1830000
2412,中華電          ,4076112,2618041,1458071,0,0,0,76000,16000,60000,248000,300000,37000,263000,0,15000,-15000,1766071
5471,松翰            ,2151000,430000,1721000,0,0,0,0,0,0,20000,21000,1000,20000,0,0,0,1741000
058656,燿華中信99購01  ,0,0,0,0,0,0,0,0,0,1715000,0,0,0,1954000,239000,1715000,1715000
6416,瑞祺電通        ,2639000,1154000,1485000,0,0,0,85000,11000,74000,129000,132000,161000,-29000,183000,25000,158000,1688000
058325,昇陽半永豐99購01,0,0,0,0,0,0,0,0,0,1675000,0,0,0,1777000,102000,1675000,1675000
057555,玉晶光凱基9A購02,0,0,0,0,0,0,0,0,0,1592000,0,0,0,1834000,242000,1592000,1592000
3711,日月光投控      ,3324228,2048430,1275798,0,0,0,234000,14000,220000,86000,144000,24000,120000,44000,78000,-34000,1581798
6269,台郡            ,1800194,495000,1305194,0,0,0,0,0,0,267000,205000,67000,138000,163000,34000,129000,1572194
00850,元大臺灣ESG永續 ,20000,4000,16000,0,0,0,0,0,0,1522000,0,0,0,1678000,156000,1522000,1538000
06619P,聯發科元大98售06,0,0,0,0,0,0,0,0,0,1535000,0,0,0,1635000,100000,1535000,1535000
2408,南亞科          ,9517000,2965471,6551529,0,0,0,0,5163000,-5163000,139000,0,83000,-83000,327000,105000,222000,1527529
060375,葡萄王元富9A購01,0,0,0,0,0,0,0,0,0,1513000,0,0,0,1953000,440000,1513000,1513000
3673,TPK-KY          ,1533000,137836,1395164,0,0,0,0,0,0,114000,46000,70000,-24000,193000,55000,138000,1509164
2352,佳世達          ,2126000,714000,1412000,0,0,0,20000,4000,16000,41000,0,15000,-15000,64000,8000,56000,1469000
056605,台積電富邦9B購02,0,0,0,0,0,0,0,0,0,1455000,0,0,0,1953000,498000,1455000,1455000
061081,宏碁兆豐9A購01  ,0,0,0,0,0,0,0,0,0,1408000,0,0,0,1564000,156000,1408000,1408000
3706,神達            ,2234000,587272,1646728,0,0,0,0,540000,-540000,285000,6000,8000,-2000,303000,16000,287000,1391728
064157,健鼎統一01購02  ,0,0,0,0,0,0,0,0,0,1369000,0,0,0,1918000,549000,1369000,1369000
044864,道瓊反國票96購01,0,0,0,0,0,0,0,0,0,1367000,0,0,0,1367000,0,1367000,1367000
2316,楠梓電          ,1480000,156000,1324000,0,0,0,0,0,0,33000,5000,2000,3000,53000,23000,30000,1357000
07408P,台積電兆豐99售06,0,0,0,0,0,0,0,0,0,1348000,0,0,0,1348000,0,1348000,1348000
006205,富邦上証        ,1137000,137000,1000000,0,0,0,0,0,0,344000,0,0,0,1362000,1018000,344000,1344000
058209,臺股指凱基01購01,0,0,0,0,0,0,0,0,0,1323000,0,0,0,2380000,1057000,1323000,1323000
063356,台表科元富02購01,0,0,0,0,0,0,0,0,0,1323000,0,0,0,1703000,380000,1323000,1323000
2603,長榮            ,2154000,549000,1605000,0,0,0,0,254000,-254000,-32000,0,32000,-32000,0,0,0,1319000
3189,景碩            ,2355000,1023000,1332000,0,0,0,0,0,0,-16000,133000,89000,44000,19000,79000,-60000,1316000
056189,樺漢統一97購02  ,0,0,0,0,0,0,0,0,0,1313000,0,0,0,1313000,0,1313000,1313000
2201,裕隆            ,2786000,1317000,1469000,0,0,0,0,0,0,-163000,0,187000,-187000,49000,25000,24000,1306000
063453,創意統一9C購01  ,0,0,0,0,0,0,0,0,0,1303000,0,0,0,1517000,214000,1303000,1303000
055501,創意元大97購01  ,0,0,0,0,0,0,0,0,0,1255000,0,0,0,1325000,70000,1255000,1255000
065118,國巨富邦01購02  ,0,0,0,0,0,0,0,0,0,1208000,0,0,0,1310000,102000,1208000,1208000
3231,緯創            ,8912000,10426886,-1514886,0,0,0,3402000,5000,3397000,-678000,51000,223000,-172000,101000,607000,-506000,1204114
2823,中壽            ,2470000,1220000,1250000,0,0,0,0,19000,-19000,-39000,0,33000,-33000,18000,24000,-6000,1192000
07630P,臺股指凱基9A售11,0,0,0,0,0,0,0,0,0,1187000,0,0,0,1220000,33000,1187000,1187000
8215,明基材          ,1318000,137000,1181000,0,0,0,0,0,0,0,0,0,0,0,0,0,1181000
054383,傳奇群益97購01  ,0,0,0,0,0,0,0,0,0,1178000,0,0,0,1189000,11000,1178000,1178000
020012,富邦行動通訊N   ,0,0,0,0,0,0,0,0,0,1176000,0,0,0,1197000,21000,1176000,1176000
058095,昇陽半元大98購03,0,0,0,0,0,0,0,0,0,1170000,0,0,0,1254000,84000,1170000,1170000
063850,玉晶光元大9C購07,0,0,0,0,0,0,0,0,0,1166000,0,0,0,1411000,245000,1166000,1166000
3450,聯鈞            ,1300000,305000,995000,0,0,0,70000,0,70000,68000,18000,0,18000,104000,54000,50000,1133000
064725,緯創統一02購01  ,0,0,0,0,0,0,0,0,0,1106000,0,0,0,1152000,46000,1106000,1106000
061407,鴻海國票9A購07  ,0,0,0,0,0,0,0,0,0,1062000,0,0,0,1062000,0,1062000,1062000
3041,揚智            ,2318000,1247000,1071000,0,0,0,0,0,0,-20000,0,20000,-20000,0,0,0,1051000
047504,滬深2X國票9A購01,0,0,0,0,0,0,0,0,0,1025000,0,0,0,1045000,20000,1025000,1025000
060937,T50反1國票9A購10,0,0,0,0,0,0,0,0,0,1025000,0,0,0,1035000,10000,1025000,1025000
2880,華南金          ,3697000,2688232,1008768,0,0,0,120000,46000,74000,-58000,0,58000,-58000,0,0,0,1024768
062869,帆宣中信9B購01  ,0,0,0,0,0,0,0,0,0,1001000,0,0,0,1050000,49000,1001000,1001000
056829,台積電富邦9A購01,0,0,0,0,0,0,0,0,0,989000,0,0,0,989000,0,989000,989000
055723,康控元大97購04  ,0,0,0,0,0,0,0,0,0,986000,0,0,0,986000,0,986000,986000
057049,新日興元大98購02,0,0,0,0,0,0,0,0,0,981000,0,0,0,1041000,60000,981000,981000
065448,緯創統一9C購01  ,0,17000,-17000,0,0,0,0,0,0,988000,0,0,0,1031000,43000,988000,971000
2338,光罩            ,1020000,81000,939000,0,0,0,0,0,0,24000,7000,0,7000,21000,4000,17000,963000
058972,新日興永豐9A購01,0,0,0,0,0,0,0,0,0,961000,0,0,0,962000,1000,961000,961000
8021,尖點            ,1006000,46000,960000,0,0,0,0,0,0,0,0,0,0,0,0,0,960000
060355,元金2X元富9C購01,0,0,0,0,0,0,0,0,0,943000,0,0,0,957000,14000,943000,943000
057307,瀚宇博兆豐99購01,0,0,0,0,0,0,0,0,0,933000,0,0,0,1129000,196000,933000,933000
3029,零壹            ,3319000,2406000,913000,0,0,0,0,0,0,19000,27000,8000,19000,0,0,0,932000
064052,創意統一01購02  ,0,0,0,0,0,0,0,0,0,930000,0,0,0,1407000,477000,930000,930000
062591,新日興統一9C購01,0,15000,-15000,0,0,0,0,0,0,942000,0,0,0,1108000,166000,942000,927000
060425,凌華永豐9A購01  ,0,0,0,0,0,0,0,0,0,912000,0,0,0,1040000,128000,912000,912000
061006,新光金兆豐9A購01,0,0,0,0,0,0,0,0,0,912000,0,0,0,912000,0,912000,912000
056920,友達兆豐98購02  ,0,0,0,0,0,0,0,0,0,904000,0,0,0,904000,0,904000,904000
6282,康舒            ,1357000,558000,799000,0,0,0,0,0,0,104000,117000,13000,104000,0,0,0,903000
062345,和大群益9B購01  ,0,0,0,0,0,0,0,0,0,901000,0,0,0,905000,4000,901000,901000
063055,創意統一9B購02  ,0,0,0,0,0,0,0,0,0,897000,0,0,0,1012000,115000,897000,897000
062819,奇鋐兆豐9B購01  ,0,0,0,0,0,0,0,0,0,893000,0,0,0,914000,21000,893000,893000
064151,義隆統一01購01  ,0,0,0,0,0,0,0,0,0,870000,0,0,0,1000000,130000,870000,870000
063451,漢翔統一9C購01  ,0,0,0,0,0,0,0,0,0,868000,0,0,0,948000,80000,868000,868000
064343,健鼎元大9C購01  ,0,0,0,0,0,0,0,0,0,867000,0,0,0,1053000,186000,867000,867000
9914,美利達          ,692000,728000,-36000,0,0,0,782000,0,782000,113000,128000,15000,113000,0,0,0,859000
054072,台積電富邦98購02,0,0,0,0,0,0,0,0,0,857000,0,0,0,887000,30000,857000,857000
08334P,智邦永豐9C售01  ,0,0,0,0,0,0,0,0,0,847000,0,0,0,883000,36000,847000,847000
064850,智原元富9C購01  ,0,0,0,0,0,0,0,0,0,845000,0,0,0,1436000,591000,845000,845000
065292,緯創群益9C購01  ,0,0,0,0,0,0,0,0,0,839000,0,0,0,871000,32000,839000,839000
00635U,元大S&P黃金     ,0,7000,-7000,0,0,0,0,0,0,846000,0,0,0,1124000,278000,846000,839000
064517,國巨群益02購01  ,0,0,0,0,0,0,0,0,0,837000,0,0,0,857000,20000,837000,837000
2354,鴻準            ,1703000,965141,737859,0,0,0,17000,0,17000,81000,99000,16000,83000,0,2000,-2000,835859
062033,瀚宇博群益9B購01,0,0,0,0,0,0,0,0,0,834000,0,0,0,932000,98000,834000,834000
00636,國泰中國A50     ,1170000,71000,1099000,0,0,0,0,0,0,-279000,10000,10000,0,56000,335000,-279000,820000
08057P,京鼎群益9B售01  ,0,0,0,0,0,0,0,0,0,819000,0,0,0,821000,2000,819000,819000
062647,南電國泰9C購02  ,0,0,0,0,0,0,0,0,0,806000,0,0,0,1131000,325000,806000,806000
063197,遠東新統一9C購01,0,0,0,0,0,0,0,0,0,803000,0,0,0,803000,0,803000,803000
055377,揚明光元大98購01,0,0,0,0,0,0,0,0,0,800000,0,0,0,800000,0,800000,800000
064581,葡萄王永豐9C購01,0,0,0,0,0,0,0,0,0,800000,0,0,0,800000,0,800000,800000
061815,奇力新群益9B購02,0,0,0,0,0,0,0,0,0,798000,0,0,0,798000,0,798000,798000
057595,健鼎兆豐98購01  ,0,0,0,0,0,0,0,0,0,790000,0,0,0,844000,54000,790000,790000
062950,貿聯富邦01購01  ,0,0,0,0,0,0,0,0,0,789000,0,0,0,866000,77000,789000,789000
3045,台灣大          ,1283256,505043,778213,0,0,0,37000,7000,30000,-20000,0,16000,-16000,0,4000,-4000,788213
2382,廣達            ,3164000,2651398,512602,0,0,0,80000,6000,74000,194000,254000,18000,236000,17000,59000,-42000,780602
062020,智伸科永豐9B購01,0,0,0,0,0,0,0,0,0,778000,0,0,0,1055000,277000,778000,778000
064670,智伸科元大9C購01,0,0,0,0,0,0,0,0,0,772000,0,0,0,1190000,418000,772000,772000
5215,科嘉-KY         ,827000,986000,-159000,0,0,0,911000,0,911000,16000,17000,1000,16000,0,0,0,768000
064423,義隆兆豐9C購02  ,0,0,0,0,0,0,0,0,0,767000,0,0,0,790000,23000,767000,767000
064251,緯創元富9C購01  ,0,0,0,0,0,0,0,0,0,766000,0,0,0,909000,143000,766000,766000
064197,智伸科群益9C購01,0,0,0,0,0,0,0,0,0,764000,0,0,0,894000,130000,764000,764000
058738,FBVIX中信03購04 ,0,0,0,0,0,0,0,0,0,763000,0,0,0,793000,30000,763000,763000
00692,富邦公司治理    ,13215,13000,215,0,0,0,0,0,0,760000,0,0,0,2035000,1275000,760000,760215
064051,新日興統一01購01,0,0,0,0,0,0,0,0,0,740000,0,0,0,766000,26000,740000,740000
08289P,智邦統一9C售01  ,0,0,0,0,0,0,0,0,0,737000,0,0,0,837000,100000,737000,737000
062105,國巨國票9C購03  ,0,0,0,0,0,0,0,0,0,729000,0,0,0,756000,27000,729000,729000
064318,彩晶群益9C購01  ,0,0,0,0,0,0,0,0,0,727000,0,0,0,727000,0,727000,727000
063806,瀚宇博兆豐01購01,0,0,0,0,0,0,0,0,0,723000,0,0,0,869000,146000,723000,723000
2455,全新            ,760000,186000,574000,0,0,0,0,0,0,146000,0,3000,-3000,159000,10000,149000,720000
08275P,南亞科元富9C售01,0,0,0,0,0,0,0,0,0,715000,0,0,0,715000,0,715000,715000
057203,麗豐元富98購02  ,0,0,0,0,0,0,0,0,0,715000,0,0,0,747000,32000,715000,715000
063183,國巨凱基9B購12  ,0,0,0,0,0,0,0,0,0,711000,0,0,0,712000,1000,711000,711000
062758,國巨凱基9B購09  ,0,0,0,0,0,0,0,0,0,709000,0,0,0,728000,19000,709000,709000
063971,健鼎國票01購01  ,0,0,0,0,0,0,0,0,0,705000,0,0,0,752000,47000,705000,705000
057626,技嘉富邦9A購01  ,0,0,0,0,0,0,0,0,0,696000,0,0,0,765000,69000,696000,696000
054614,玉晶光永豐97購03,0,0,0,0,0,0,0,0,0,694000,0,0,0,694000,0,694000,694000
9921,巨大            ,1084000,513000,571000,0,0,0,85000,1000,84000,38000,15000,8000,7000,31000,0,31000,693000
2481,強茂            ,1370000,856000,514000,0,0,0,0,0,0,178000,50000,24000,26000,157000,5000,152000,692000
07060P,台表科國票9A售01,0,0,0,0,0,0,0,0,0,691000,0,0,0,791000,100000,691000,691000
064333,義隆元大9C購02  ,0,0,0,0,0,0,0,0,0,691000,0,0,0,703000,12000,691000,691000
065200,健策元富9C購04  ,0,0,0,0,0,0,0,0,0,690000,0,0,0,690000,0,690000,690000
00648R,元大S&P500反1   ,100000,0,100000,0,0,0,0,0,0,589000,0,0,0,961000,372000,589000,689000
062126,創意統一9B購01  ,0,0,0,0,0,0,0,0,0,685000,0,0,0,1211000,526000,685000,685000
00736,國泰新興市場    ,70000,79000,-9000,0,0,0,0,0,0,689000,0,0,0,724000,35000,689000,680000
062534,力成統一01購01  ,10000,0,10000,0,0,0,0,0,0,663000,0,0,0,723000,60000,663000,673000
063747,國巨國票9C購06  ,0,0,0,0,0,0,0,0,0,662000,0,0,0,715000,53000,662000,662000
6257,矽格            ,1701000,931581,769419,0,0,0,112000,0,112000,-229000,57000,273000,-216000,81000,94000,-13000,652419
062163,大毅國泰01購01  ,0,0,0,0,0,0,0,0,0,651000,0,0,0,738000,87000,651000,651000
2390,云辰            ,708000,109000,599000,0,0,0,0,0,0,50000,0,0,0,50000,0,50000,649000
00738U,元大道瓊白銀    ,59000,62000,-3000,0,0,0,0,0,0,651000,0,0,0,1105000,454000,651000,648000
064130,創意元大9C購02  ,0,0,0,0,0,0,0,0,0,643000,0,0,0,865000,222000,643000,643000
065075,葡萄王元大01購01,0,0,0,0,0,0,0,0,0,636000,0,0,0,896000,260000,636000,636000
064746,貿聯國票01購02  ,0,0,0,0,0,0,0,0,0,633000,0,0,0,750000,117000,633000,633000
062846,國泰金富邦9C購01,0,0,0,0,0,0,0,0,0,633000,0,0,0,633000,0,633000,633000
060383,葡萄王凱基9A購01,0,0,0,0,0,0,0,0,0,631000,0,0,0,631000,0,631000,631000
1474,弘裕            ,587000,6000,581000,0,0,0,0,0,0,47000,0,0,0,47000,0,47000,628000
2379,瑞昱            ,2027000,1823447,203553,0,0,0,315000,0,315000,106000,63000,44000,19000,103000,16000,87000,624553
056672,元油2X元富98購10,0,0,0,0,0,0,0,0,0,622000,0,0,0,622000,0,622000,622000
08410P,臺股指元大9C售16,0,0,0,0,0,0,0,0,0,620000,0,0,0,640000,20000,620000,620000
060965,中租凱基9B購01  ,0,0,0,0,0,0,0,0,0,609000,0,0,0,620000,11000,609000,609000
2467,志聖            ,674000,66000,608000,0,0,0,0,0,0,0,0,0,0,0,0,0,608000
065196,技嘉元富06購01  ,0,0,0,0,0,0,0,0,0,605000,0,0,0,755000,150000,605000,605000
060811,亞德客凱基9A購02,0,0,0,0,0,0,0,0,0,603000,0,0,0,625000,22000,603000,603000
054980,國巨元富97購01  ,0,0,0,0,0,0,0,0,0,602000,0,0,0,602000,0,602000,602000
07192P,聯發科元大99售23,0,0,0,0,0,0,0,0,0,600000,0,0,0,600000,0,600000,600000
07407P,欣興凱基99售07  ,0,0,0,0,0,0,0,0,0,600000,0,0,0,664000,64000,600000,600000
064473,技嘉麥證9C購01  ,0,0,0,600000,0,600000,0,0,0,600000,0,0,0,600000,0,600000,600000
2324,仁寶            ,5875000,7695400,-1820400,0,0,0,2564000,55000,2509000,-96000,2000,87000,-85000,35000,46000,-11000,592600
2515,中工            ,1007000,422000,585000,0,0,0,0,0,0,0,0,0,0,12000,12000,0,585000
065460,嘉聯益台新9C購01,0,0,0,0,0,0,0,0,0,585000,0,0,0,688000,103000,585000,585000
062464,T50反1凱基9C購03,0,0,0,0,0,0,0,0,0,585000,0,0,0,605000,20000,585000,585000
053965,聯電元大98購04  ,0,0,0,0,0,0,0,0,0,581000,0,0,0,591000,10000,581000,581000
064358,台達電統一01購02,0,0,0,0,0,0,0,0,0,580000,0,0,0,667000,87000,580000,580000
063262,南六富邦9C購01  ,0,0,0,0,0,0,0,0,0,579000,0,0,0,584000,5000,579000,579000
08432P,台勝科凱基9C售02,0,0,0,0,0,0,0,0,0,575000,0,0,0,575000,0,575000,575000
052937,國巨兆豐97購01  ,0,0,0,0,0,0,0,0,0,575000,0,0,0,663000,88000,575000,575000
064465,台表科統一01購02,0,0,0,0,0,0,0,0,0,575000,0,0,0,889000,314000,575000,575000
065308,葡萄王國票01購01,0,0,0,0,0,0,0,0,0,573000,0,0,0,584000,11000,573000,573000
00639,富邦深100       ,575000,249000,326000,0,0,0,0,0,0,244349,0,0,0,1286349,1042000,244349,570349
065282,國巨群益9C購14  ,0,0,0,0,0,0,0,0,0,569000,0,0,0,569000,0,569000,569000
062293,麗豐永豐9B購01  ,0,0,0,0,0,0,0,0,0,563000,0,0,0,603000,40000,563000,563000
9933,中鼎            ,755000,6880000,-6125000,0,0,0,6671000,0,6671000,17000,52000,35000,17000,0,0,0,563000
061294,奇力新麥證9A購01,0,0,0,559000,0,559000,0,0,0,559000,0,0,0,559000,0,559000,559000
064744,創意國票01購02  ,0,0,0,0,0,0,0,0,0,557000,0,0,0,1241000,684000,557000,557000
058973,麗豐永豐99購01  ,0,0,0,0,0,0,0,0,0,555000,0,0,0,585000,30000,555000,555000
06025P,臺股指元大99售02,0,0,0,0,0,0,0,0,0,552000,0,0,0,712000,160000,552000,552000
048383,元金2X國票99購01,0,0,0,0,0,0,0,0,0,550000,0,0,0,814000,264000,550000,550000
056787,健鼎群益98購01  ,0,0,0,0,0,0,0,0,0,548000,0,0,0,554000,6000,548000,548000
063895,新光金群益01購01,0,0,0,0,0,0,0,0,0,547000,0,0,0,547000,0,547000,547000
055602,康控元大97購03  ,0,0,0,0,0,0,0,0,0,545000,0,0,0,545000,0,545000,545000
00631L,元大台灣50正2   ,251000,246000,5000,0,0,0,0,0,0,539000,228000,0,228000,1554000,1243000,311000,544000
2867,三商壽          ,1103000,544511,558489,0,0,0,0,0,0,-17000,0,17000,-17000,0,0,0,541489
6005,群益證          ,678000,144000,534000,0,0,0,5000,0,5000,0,0,0,0,0,0,0,539000
058312,大毅國泰9B購01  ,0,0,0,0,0,0,0,0,0,538000,0,0,0,538000,0,538000,538000
063362,台表科國泰01購03,0,0,0,0,0,0,0,0,0,538000,0,0,0,540000,2000,538000,538000
061415,健策群益9A購04  ,0,0,0,0,0,0,0,0,0,530000,0,0,0,584000,54000,530000,530000
061072,南電凱基9B購01  ,0,0,0,0,0,0,0,0,0,526000,0,0,0,536000,10000,526000,526000
07879P,瑞昱群益9C售01  ,0,0,0,0,0,0,0,0,0,525000,0,0,0,565000,40000,525000,525000
062295,康友永豐9B購01  ,0,0,0,0,0,0,0,0,0,524000,0,0,0,568000,44000,524000,524000
05692P,聯發科中信9A售02,0,0,0,0,0,0,0,0,0,523000,0,0,0,533000,10000,523000,523000
064838,旭富統一01購01  ,0,0,0,0,0,0,0,0,0,522000,0,0,0,530000,8000,522000,522000
00670L,富邦NASDAQ正2   ,36000,18000,18000,0,0,0,0,0,0,503000,0,0,0,645000,142000,503000,521000
057289,力成元大98購03  ,0,0,0,0,0,0,0,0,0,519000,0,0,0,587000,68000,519000,519000
063686,國巨永豐9B購04  ,0,0,0,0,0,0,0,0,0,518000,0,0,0,523000,5000,518000,518000
060809,康友群益9A購01  ,0,0,0,0,0,0,0,0,0,516000,0,0,0,516000,0,516000,516000
060686,康友元大9A購02  ,0,0,0,0,0,0,0,0,0,513000,0,0,0,641000,128000,513000,513000
059281,創意永豐99購02  ,0,0,0,0,0,0,0,0,0,508000,0,0,0,549000,41000,508000,508000
064822,台達電統一01購03,0,0,0,0,0,0,0,0,0,508000,0,0,0,576000,68000,508000,508000
062120,國巨台新9B購01  ,0,0,0,0,0,0,0,0,0,507000,0,0,0,510000,3000,507000,507000
059364,昇陽半永豐99購02,0,0,0,0,0,0,0,0,0,505000,0,0,0,552000,47000,505000,505000
061417,力成群益9A購01  ,0,0,0,0,0,0,0,0,0,503000,0,0,0,553000,50000,503000,503000
053563,台積電富邦97購01,0,0,0,0,0,0,0,0,0,502000,0,0,0,502000,0,502000,502000
055975,鴻海統一98購05  ,0,0,0,0,0,0,0,0,0,500000,0,0,0,500000,0,500000,500000
060772,FBVIX凱基9A購03 ,0,0,0,0,0,0,0,0,0,499000,0,0,0,499000,0,499000,499000
064381,道瓊銀國泰02購01,0,0,0,0,0,0,0,0,0,497000,0,0,0,499000,2000,497000,497000
056119,欣興群益97購02  ,0,0,0,0,0,0,0,0,0,496000,0,0,0,551000,55000,496000,496000
063932,世芯統一01購01  ,0,0,0,0,0,0,0,0,0,496000,0,0,0,575000,79000,496000,496000
054588,玉晶光國泰99購02,0,0,0,0,0,0,0,0,0,493000,0,0,0,504000,11000,493000,493000
055433,嘉聯益群益99購01,0,0,0,0,0,0,0,0,0,493000,0,0,0,505000,12000,493000,493000
047564,滬深2X國票99購01,0,0,0,0,0,0,0,0,0,488000,0,0,0,588000,100000,488000,488000
054704,玉晶光第一97購01,599000,0,599000,0,0,0,0,0,0,-111000,0,0,0,490000,601000,-111000,488000
054623,華新科第一97購01,0,0,0,0,0,0,0,0,0,487000,0,0,0,487000,0,487000,487000
08130P,義隆元大9B售05  ,0,0,0,0,0,0,0,0,0,486000,0,0,0,701000,215000,486000,486000
056604,鴻海富邦9A購01  ,0,0,0,0,0,0,0,0,0,486000,0,0,0,612000,126000,486000,486000
060708,康友富邦9B購01  ,0,0,0,0,0,0,0,0,0,483000,0,0,0,483000,0,483000,483000
3380,明泰            ,522000,53000,469000,0,0,0,0,132,-132,14000,100000,0,100000,0,86000,-86000,482868
058200,世芯康和99購01  ,0,0,0,0,0,0,0,0,0,480000,0,0,0,480000,0,480000,480000
8271,宇瞻            ,729000,145000,584000,0,0,0,0,0,0,-105000,4000,109000,-105000,0,0,0,479000
062467,國巨凱基9B購08  ,0,0,0,0,0,0,0,0,0,478000,0,0,0,481000,3000,478000,478000
058197,國巨中信99購02  ,0,0,0,0,0,0,0,0,0,477000,0,0,0,610000,133000,477000,477000
5434,崇越            ,544086,64280,479806,0,0,0,2000,0,2000,-5000,0,4000,-4000,0,1000,-1000,476806
055891,鴻海統一9A購01  ,0,0,0,0,0,0,0,0,0,476000,0,0,0,1130000,654000,476000,476000
00875,國泰網路資安    ,0,0,0,0,0,0,0,0,0,476000,0,0,0,580000,104000,476000,476000
064180,國巨富邦02購03  ,0,0,0,0,0,0,0,0,0,476000,0,0,0,689000,213000,476000,476000
3090,日電貿          ,551000,88000,463000,0,0,0,0,0,0,11000,0,1000,-1000,72000,60000,12000,474000
07817P,同欣電群益9A售02,0,0,0,0,0,0,0,0,0,474000,0,0,0,509000,35000,474000,474000
057840,健策富邦99購01  ,0,0,0,0,0,0,0,0,0,474000,0,0,0,520000,46000,474000,474000
063027,台汽電元大9B購01,0,0,0,0,0,0,0,0,0,473000,0,0,0,527000,54000,473000,473000
064159,新日興統一01購02,0,0,0,0,0,0,0,0,0,472000,0,0,0,891000,419000,472000,472000
056871,新日興日盛99購01,0,0,0,0,0,0,0,0,0,465000,0,0,0,465000,0,465000,465000
063380,台表科永豐9B購03,0,0,0,0,0,0,0,0,0,464000,0,0,0,465000,1000,464000,464000
062882,新日興兆豐9C購01,0,0,0,0,0,0,0,0,0,464000,0,0,0,464000,0,464000,464000
057082,玉晶光統一9A購04,0,0,0,0,0,0,0,0,0,463000,0,0,0,947000,484000,463000,463000
064108,創意兆豐9C購01  ,0,0,0,0,0,0,0,0,0,463000,0,0,0,540000,77000,463000,463000
2328,廣宇            ,828000,431000,397000,0,0,0,0,0,0,65000,68000,3000,65000,0,0,0,462000
056942,昇陽半元富98購01,0,0,0,0,0,0,0,0,0,461000,0,0,0,561000,100000,461000,461000
059975,元金2X元大99購02,0,0,0,0,0,0,0,0,0,460000,0,0,0,542000,82000,460000,460000
6196,帆宣            ,633000,243000,390000,0,0,0,0,0,0,70000,20000,3000,17000,82000,29000,53000,460000
061518,達方永豐9A購02  ,0,0,0,0,0,0,0,0,0,459000,0,0,0,460000,1000,459000,459000
065287,華新科群益01購03,0,0,0,0,0,0,0,0,0,458000,0,0,0,476000,18000,458000,458000
060253,昇陽半元大9C購01,0,0,0,0,0,0,0,0,0,455000,0,0,0,492000,37000,455000,455000
060889,國泰金統一9C購01,0,0,0,0,0,0,0,0,0,455000,0,0,0,493000,38000,455000,455000
1720,生達            ,728000,270000,458000,0,0,0,0,0,0,-4000,0,4000,-4000,0,0,0,454000
063884,台表科元富03購01,0,0,0,0,0,0,0,0,0,454000,0,0,0,454000,0,454000,454000
07652P,臺股指中信9A售07,0,0,0,0,0,0,0,0,0,453000,0,0,0,453000,0,453000,453000
056998,麗豐康和98購01  ,0,0,0,0,0,0,0,0,0,452000,0,0,0,452000,0,452000,452000
06082P,華通統一98售01  ,0,0,0,0,0,0,0,0,0,452000,0,0,0,452000,0,452000,452000
059856,昇陽半永豐99購03,0,0,0,0,0,0,0,0,0,451000,0,0,0,641000,190000,451000,451000
060404,台勝科國泰9B購01,0,0,0,0,0,0,0,0,0,451000,0,0,0,635000,184000,451000,451000
06839P,玉晶光統一9A售05,0,0,0,0,0,0,0,0,0,450000,0,0,0,531000,81000,450000,450000
056232,瑞儀凱基98購01  ,0,0,0,0,0,0,0,0,0,450000,0,0,0,460000,10000,450000,450000
064299,宏碁兆豐9C購01  ,0,0,0,0,0,0,0,0,0,450000,0,0,0,513000,63000,450000,450000
064477,南六國泰02購01  ,0,0,0,0,0,0,0,0,0,450000,0,0,0,456000,6000,450000,450000
064531,旭富兆豐9C購01  ,0,0,0,0,0,0,0,0,0,447000,0,0,0,667000,220000,447000,447000
060455,葡萄王元大9A購02,0,0,0,0,0,0,0,0,0,445000,0,0,0,497000,52000,445000,445000
064110,國巨國票01購01  ,0,0,0,0,0,0,0,0,0,445000,0,0,0,484000,39000,445000,445000
07774P,台灣50群益9A售16,0,0,0,0,0,0,0,0,0,444000,0,0,0,474000,30000,444000,444000
07218P,臺股指凱基99售31,0,0,0,0,0,0,0,0,0,444000,0,0,0,594000,150000,444000,444000
055614,華新科國票97購02,0,0,0,0,0,0,0,0,0,440000,0,0,0,440000,0,440000,440000
063891,國巨群益9C購07  ,0,0,0,0,0,0,0,0,0,440000,0,0,0,495000,55000,440000,440000
3704,合勤控          ,259000,292000,-33000,0,0,0,0,0,0,473000,0,4000,-4000,499000,22000,477000,440000
064788,台汽電群益9C購01,0,0,0,0,0,0,0,0,0,439000,0,0,0,485000,46000,439000,439000
056113,新日興兆豐98購01,0,0,0,0,0,0,0,0,0,438000,0,0,0,438000,0,438000,438000
061550,聯鈞群益9A購03  ,0,0,0,0,0,0,0,0,0,438000,0,0,0,1172000,734000,438000,438000
060121,新光金富邦99購01,0,0,0,0,0,0,0,0,0,438000,0,0,0,438000,0,438000,438000
061717,力成凱基9B購01  ,0,0,0,0,0,0,0,0,0,438000,0,0,0,438000,0,438000,438000
08331P,義隆元富9C售02  ,0,0,0,0,0,0,0,0,0,437000,0,0,0,470000,33000,437000,437000
059006,樺漢元大99購01  ,0,0,0,0,0,0,0,0,0,436000,0,0,0,436000,0,436000,436000
063128,智伸科元大9B購01,0,60000,-60000,0,0,0,0,0,0,495000,0,0,0,801000,306000,495000,435000
3034,聯詠            ,1498000,1624000,-126000,0,0,0,597000,7000,590000,-30000,108000,139000,-31000,28000,27000,1000,434000
057579,長榮航中信9A購01,0,0,0,0,0,0,0,0,0,434000,0,0,0,525000,91000,434000,434000
058210,臺股指凱基9C購04,0,0,0,0,0,0,0,0,0,431000,0,0,0,698000,267000,431000,431000
064068,義隆永豐9C購01  ,0,0,0,0,0,0,0,0,0,430000,0,0,0,552000,122000,430000,430000
064815,台表科元大01購01,0,0,0,0,0,0,0,0,0,428000,0,0,0,601000,173000,428000,428000
058877,T50反1國泰9B購01,0,0,0,0,0,0,0,0,0,427000,0,0,0,430000,3000,427000,427000
063133,喬山統一01購01  ,0,0,0,0,0,0,0,0,0,427000,0,0,0,626000,199000,427000,427000
064212,可成凱基03購01  ,0,0,0,0,0,0,0,0,0,426000,0,0,0,553000,127000,426000,426000
053107,旺宏兆豐97購01  ,0,0,0,0,0,0,0,0,0,422000,0,0,0,422000,0,422000,422000
064392,喬山永豐9C購01  ,0,0,0,0,0,0,0,0,0,421000,0,0,0,421000,0,421000,421000
054406,旺宏國票98購01  ,0,0,0,0,0,0,0,0,0,420000,0,0,0,480000,60000,420000,420000
063656,台光電元富03購01,0,0,0,0,0,0,0,0,0,420000,0,0,0,539000,119000,420000,420000
057927,勤誠凱基98購01  ,0,0,0,0,0,0,0,0,0,419000,0,0,0,427000,8000,419000,419000
058781,康友國票9A購01  ,0,0,0,0,0,0,0,0,0,418000,0,0,0,878000,460000,418000,418000
061435,元金2X凱基9C購03,0,0,0,0,0,0,0,0,0,417000,0,0,0,453000,36000,417000,417000
058385,創意中信99購01  ,0,0,0,0,0,0,0,0,0,417000,0,0,0,479000,62000,417000,417000
062369,創意元大9B購01  ,0,0,0,0,0,0,0,0,0,415000,0,0,0,419000,4000,415000,415000
064351,中租元大9C購01  ,0,20000,-20000,0,0,0,0,0,0,433000,0,0,0,433000,0,433000,413000
3661,世芯-KY         ,2767000,2104950,662050,0,0,0,0,158000,-158000,-92000,10000,74000,-64000,12000,40000,-28000,412050
056147,鴻海日盛97購05  ,0,0,0,0,0,0,0,0,0,411000,0,0,0,411000,0,411000,411000
059061,晶技凱基9A購01  ,0,0,0,0,0,0,0,0,0,411000,0,0,0,447000,36000,411000,411000
08490P,上銀元大9C售08  ,0,0,0,0,0,0,0,0,0,410000,0,0,0,410000,0,410000,410000
060918,康友國泰9C購01  ,0,0,0,0,0,0,0,0,0,409000,0,0,0,471000,62000,409000,409000
064325,亞德客元大9C購01,0,0,0,0,0,0,0,0,0,409000,0,0,0,459000,50000,409000,409000
062497,遠東新群益9B購01,0,0,0,0,0,0,0,0,0,409000,0,0,0,409000,0,409000,409000
2520,冠德            ,748000,342527,405473,0,0,0,0,0,0,3000,10000,0,10000,42000,49000,-7000,408473
3698,隆達            ,1137000,643000,494000,0,0,0,0,0,0,-86000,2000,18000,-16000,0,70000,-70000,408000
08271P,華通元富9C售01  ,0,0,0,0,0,0,0,0,0,407000,0,0,0,532000,125000,407000,407000
3038,全台            ,692000,164000,528000,0,0,0,0,0,0,-122000,118000,240000,-122000,0,0,0,406000
061610,力成統一9C購01  ,0,0,0,0,0,0,0,0,0,406000,0,0,0,496000,90000,406000,406000
052637,欣興凱基97購01  ,0,0,0,0,0,0,0,0,0,404000,0,0,0,404000,0,404000,404000
08375P,聯電元富9C售02  ,0,0,0,0,0,0,0,0,0,401000,0,0,0,412000,11000,401000,401000
065130,奇鋐兆豐9C購01  ,0,0,0,0,0,0,0,0,0,401000,0,0,0,411000,10000,401000,401000
060807,新光金群益9A購01,0,0,0,0,0,0,0,0,0,401000,0,0,0,499000,98000,401000,401000
07222P,台灣50元大01售04,0,0,0,0,0,0,0,0,0,400000,0,0,0,400000,0,400000,400000
055744,茂林元富97購02  ,0,0,0,0,0,0,0,0,0,400000,0,0,0,400000,0,400000,400000
053401,臺股指中信99購01,0,0,0,0,0,0,0,0,0,400000,0,0,0,400000,0,400000,400000
07876P,台灣50國泰01售01,0,0,0,0,0,0,0,0,0,399000,0,0,0,400000,1000,399000,399000
052951,GIS國票97購02   ,0,0,0,0,0,0,0,0,0,399000,0,0,0,399000,0,399000,399000
057404,貿聯群益99購01  ,0,0,0,0,0,0,0,0,0,399000,0,0,0,399000,0,399000,399000
060865,創意永豐9A購01  ,0,0,0,0,0,0,0,0,0,399000,0,0,0,556000,157000,399000,399000
055500,京鼎元大97購04  ,0,0,0,0,0,0,0,0,0,398000,0,0,0,398000,0,398000,398000
064253,貿聯元富9C購01  ,0,0,0,0,0,0,0,0,0,398000,0,0,0,536000,138000,398000,398000
063954,世芯元大01購02  ,0,0,0,0,0,0,0,0,0,396000,0,0,0,494000,98000,396000,396000
052328,台表科中信99購01,0,0,0,0,0,0,0,0,0,395000,0,0,0,492000,97000,395000,395000
00647L,元大S&P500正2   ,40000,27000,13000,0,0,0,0,0,0,382000,0,0,0,462000,80000,382000,395000
064939,健策元富9C購03  ,0,0,0,0,0,0,0,0,0,393000,0,0,0,434000,41000,393000,393000
064345,創意元大9C購03  ,0,0,0,0,0,0,0,0,0,393000,0,0,0,537000,144000,393000,393000
2014,中鴻            ,504000,112000,392000,0,0,0,0,0,0,0,0,0,0,0,0,0,392000
064373,和大元富03購01  ,0,0,0,0,0,0,0,0,0,392000,0,0,0,392000,0,392000,392000
064247,廣達元富9C購01  ,0,0,0,0,0,0,0,0,0,392000,0,0,0,445000,53000,392000,392000
1760,寶齡富錦        ,853000,277000,576000,0,0,0,0,185000,-185000,0,0,0,0,0,0,0,391000
062891,台汽電群益9B購01,0,0,0,0,0,0,0,0,0,391000,0,0,0,516000,125000,391000,391000
063168,台表科永豐9B購01,0,0,0,0,0,0,0,0,0,391000,0,0,0,391000,0,391000,391000
3257,虹冠電          ,442000,51000,391000,0,0,0,0,0,0,-1000,0,1000,-1000,0,0,0,390000
08581P,臺股指元大9C售29,0,0,0,0,0,0,0,0,0,390000,0,0,0,400000,10000,390000,390000
060817,華邦電台新9A購01,0,0,0,0,0,0,0,0,0,390000,0,0,0,390000,0,390000,390000
08377P,臻鼎元富9C售02  ,0,0,0,0,0,0,0,0,0,388000,0,0,0,418000,30000,388000,388000
06902P,聯電凱基98售02  ,0,0,0,0,0,0,0,0,0,387000,0,0,0,402000,15000,387000,387000
062060,奇鋐統一9C購01  ,0,0,0,0,0,0,0,0,0,387000,0,0,0,437000,50000,387000,387000
061101,道瓊銀元大9A購02,0,0,0,0,0,0,0,0,0,384000,0,0,0,384000,0,384000,384000
063908,國巨凱基9C購06  ,0,0,0,0,0,0,0,0,0,384000,0,0,0,387000,3000,384000,384000
054201,聯詠富邦97購02  ,0,0,0,0,0,0,0,0,0,383000,0,0,0,400000,17000,383000,383000
063950,信邦元大9C購01  ,0,0,0,0,0,0,0,0,0,383000,0,0,0,534000,151000,383000,383000
057954,宏碁元大99購01  ,0,0,0,0,0,0,0,0,0,382000,0,0,0,403000,21000,382000,382000
064207,國巨凱基03購02  ,0,0,0,0,0,0,0,0,0,381000,0,0,0,561000,180000,381000,381000
062868,葡萄王中信9B購01,0,0,0,0,0,0,0,0,0,381000,0,0,0,474000,93000,381000,381000
055198,奇力新第一97購01,0,0,0,0,0,0,0,0,0,380000,0,0,0,380000,0,380000,380000
055435,佳世達中信99購01,0,0,0,0,0,0,0,0,0,380000,0,0,0,400000,20000,380000,380000
063704,麗豐群益9B購01  ,0,0,0,0,0,0,0,0,0,379000,0,0,0,390000,11000,379000,379000
2812,台中銀          ,390000,46000,344000,0,0,0,34000,0,34000,0,0,0,0,0,0,0,378000
00651R,FH香港反1       ,14000,15000,-1000,0,0,0,0,0,0,379000,0,0,0,1077000,698000,379000,378000
064862,創意富邦03購01  ,0,0,0,0,0,0,0,0,0,377000,0,0,0,754000,377000,377000,377000
063151,奇鋐元富9B購01  ,0,0,0,0,0,0,0,0,0,377000,0,0,0,400000,23000,377000,377000
05306P,泰碩國泰97售01  ,0,0,0,0,0,0,0,0,0,376000,0,0,0,376000,0,376000,376000
064861,緯創富邦9C購01  ,0,0,0,0,0,0,0,0,0,374000,0,0,0,394000,20000,374000,374000
8081,致新            ,531000,219572,311428,0,0,0,0,0,0,62000,10000,0,10000,66000,14000,52000,373428
059074,元油2X元大9C購15,0,0,0,0,0,0,0,0,0,372000,0,0,0,402000,30000,372000,372000
1325,恆大            ,966000,601000,365000,0,0,0,0,12000,-12000,18000,28000,10000,18000,0,0,0,371000
065218,世芯國泰02購02  ,0,0,0,0,0,0,0,0,0,371000,0,0,0,435000,64000,371000,371000
061215,健策元大9A購06  ,0,0,0,0,0,0,0,0,0,371000,0,0,0,477000,106000,371000,371000
064697,健策群益01購02  ,0,0,0,0,0,0,0,0,0,371000,0,0,0,466000,95000,371000,371000
057656,大成鋼兆豐98購01,0,0,0,0,0,0,0,0,0,370000,0,0,0,420000,50000,370000,370000
062269,葡萄王群益9B購01,0,0,0,0,0,0,0,0,0,370000,0,0,0,454000,84000,370000,370000
055701,亞德客富邦99購01,0,0,0,0,0,0,0,0,0,369000,0,0,0,370000,1000,369000,369000
064705,新光金富邦01購01,0,0,0,0,0,0,0,0,0,369000,0,0,0,415000,46000,369000,369000
055234,昇陽半國票98購02,0,0,0,0,0,0,0,0,0,368000,0,0,0,442000,74000,368000,368000
063357,聯發科國泰01購04,0,0,0,0,0,0,0,0,0,368000,0,0,0,476000,108000,368000,368000
07948P,大成鋼凱基9B售01,0,0,0,0,0,0,0,0,0,365000,0,0,0,378000,13000,365000,365000
063863,儒鴻富邦02購01  ,0,0,0,0,0,0,0,0,0,365000,0,0,0,477000,112000,365000,365000
062796,技嘉統一9C購01  ,0,0,0,0,0,0,0,0,0,363000,0,0,0,435000,72000,363000,363000
07906P,中租群益9B售02  ,0,0,0,0,0,0,0,0,0,362000,0,0,0,362000,0,362000,362000
07695P,台郡元大9A售02  ,0,0,0,0,0,0,0,0,0,362000,0,0,0,362000,0,362000,362000
059509,奇力新永豐99購02,0,0,0,0,0,0,0,0,0,361000,0,0,0,361000,0,361000,361000
062461,智伸科群益9B購01,0,0,0,0,0,0,0,0,0,361000,0,0,0,361000,0,361000,361000
064417,創意中信9C購01  ,0,0,0,0,0,0,0,0,0,361000,0,0,0,388000,27000,361000,361000
2340,光磊            ,1061000,695000,366000,0,0,0,0,0,0,-6000,0,28000,-28000,22000,0,22000,360000
054999,玉晶光元富97購03,0,0,0,0,0,0,0,0,0,360000,0,0,0,360000,0,360000,360000
054600,中壽台新97購01  ,0,0,0,0,0,0,0,0,0,360000,0,0,0,360000,0,360000,360000
061844,T50反1國票9C購02,0,0,0,0,0,0,0,0,0,360000,0,0,0,420000,60000,360000,360000
064548,漢翔凱基9C購01  ,0,0,0,0,0,0,0,0,0,360000,0,0,0,377000,17000,360000,360000
055265,玉晶光永豐98購03,0,0,0,0,0,0,0,0,0,359000,0,0,0,563000,204000,359000,359000
9910,豐泰            ,1007000,498900,508100,0,0,0,7000,147000,-140000,-10000,0,3000,-3000,0,7000,-7000,358100
063361,台表科國泰01購02,0,0,0,0,0,0,0,0,0,358000,0,0,0,408000,50000,358000,358000
064344,緯創元大9C購01  ,0,0,0,0,0,0,0,0,0,357000,0,0,0,436000,79000,357000,357000
064906,台表科群益9C購02,0,0,0,0,0,0,0,0,0,356000,0,0,0,376000,20000,356000,356000
060419,漢翔永豐9A購01  ,0,0,0,0,0,0,0,0,0,356000,0,0,0,356000,0,356000,356000
063398,信邦群益9B購02  ,0,0,0,0,0,0,0,0,0,355000,0,0,0,493000,138000,355000,355000
4977,眾達-KY         ,379000,205000,174000,0,0,0,191000,0,191000,-10000,40000,47000,-7000,0,3000,-3000,355000
4919,新唐            ,418000,74000,344000,0,0,0,0,1000,-1000,11000,0,4000,-4000,20000,5000,15000,354000
00646,元大S&P500      ,116000,0,116000,0,0,0,0,0,0,237000,0,0,0,280000,43000,237000,353000
055972,GIS元大97購04   ,0,0,0,0,0,0,0,0,0,352000,0,0,0,392000,40000,352000,352000
063572,麗豐元大9B購01  ,0,0,0,0,0,0,0,0,0,350000,0,0,0,434000,84000,350000,350000
6412,群電            ,368000,16103,351897,0,0,0,0,1000,-1000,-2000,0,2000,-2000,0,0,0,348897
061347,創意元大9A購02  ,0,0,0,0,0,0,0,0,0,348000,0,0,0,477000,129000,348000,348000
059453,奇力新永豐99購01,0,0,0,0,0,0,0,0,0,348000,0,0,0,348000,0,348000,348000
01003T,兆豐新光R1      ,347278,0,347278,0,0,0,0,0,0,0,0,0,0,0,0,0,347278
056327,樺漢兆豐98購01  ,0,0,0,0,0,0,0,0,0,346000,0,0,0,451000,105000,346000,346000
6533,晶心科          ,864000,526000,338000,0,0,0,8000,0,8000,0,0,0,0,0,0,0,346000
058397,大成鋼元大99購02,0,0,0,0,0,0,0,0,0,345000,0,0,0,357000,12000,345000,345000
059475,元石油群益99購02,0,0,0,0,0,0,0,0,0,344000,0,0,0,344000,0,344000,344000
058841,深中小群益01購01,0,0,0,0,0,0,0,0,0,344000,0,0,0,1006000,662000,344000,344000
062824,國巨群益9C購03  ,0,0,0,0,0,0,0,0,0,341000,0,0,0,342000,1000,341000,341000
06730P,祥碩元大98售07  ,0,0,0,0,0,0,0,0,0,339000,0,0,0,359000,20000,339000,339000
061488,奇力新兆豐9A購01,0,0,0,0,0,0,0,0,0,339000,0,0,0,339000,0,339000,339000
056583,昇陽半元大98購02,0,40000,-40000,0,0,0,0,0,0,379000,0,0,0,379000,0,379000,339000
1598,岱宇            ,422000,69000,353000,0,0,0,0,0,0,-15000,4000,19000,-15000,0,0,0,338000
063963,鴻海國票01購01  ,0,0,0,0,0,0,0,0,0,338000,0,0,0,700000,362000,338000,338000
057696,聯電群益9A購01  ,0,0,0,0,0,0,0,0,0,337000,0,0,0,337000,0,337000,337000
063680,寶成富邦9C購01  ,0,0,0,0,0,0,0,0,0,337000,0,0,0,436000,99000,337000,337000
057782,台積電國票99購07,0,0,0,0,0,0,0,0,0,336000,0,0,0,636000,300000,336000,336000
057632,傳奇永豐98購01  ,0,0,0,0,0,0,0,0,0,335000,0,0,0,683000,348000,335000,335000
061701,友達國票9B購02  ,0,0,0,0,0,0,0,0,0,334000,0,0,0,366000,32000,334000,334000
064121,國巨元大9C購16  ,0,0,0,0,0,0,0,0,0,333000,0,0,0,406000,73000,333000,333000
061355,康友元大9A購03  ,0,0,0,0,0,0,0,0,0,332000,0,0,0,438000,106000,332000,332000
1201,味全            ,515000,188000,327000,0,0,0,0,0,0,4000,0,0,0,4000,0,4000,331000
07557P,玉晶光元大9A售09,0,0,0,0,0,0,0,0,0,329000,0,0,0,469000,140000,329000,329000
060384,葡萄王凱基9B購01,0,0,0,0,0,0,0,0,0,329000,0,0,0,329000,0,329000,329000
064304,信邦兆豐01購01  ,0,0,0,0,0,0,0,0,0,329000,0,0,0,577000,248000,329000,329000
00739,元大MSCI A股    ,18000,0,18000,0,0,0,0,0,0,310000,0,0,0,680000,370000,310000,328000
063591,麗豐永豐9B購02  ,0,0,0,0,0,0,0,0,0,328000,0,0,0,328000,0,328000,328000
057405,麗豐群益98購01  ,0,0,0,0,0,0,0,0,0,327000,0,0,0,327000,0,327000,327000
059581,日月光元富99購02,0,0,0,0,0,0,0,0,0,326000,0,0,0,388000,62000,326000,326000
053282,彩晶元大9C購01  ,0,0,0,0,0,0,0,0,0,324000,0,0,0,324000,0,324000,324000
063349,台郡統一9C購01  ,0,0,0,0,0,0,0,0,0,324000,0,0,0,608000,284000,324000,324000
3712,永崴投控        ,355000,33000,322000,0,0,0,0,0,0,0,0,0,0,0,0,0,322000
06684P,緯穎元大98售06  ,0,0,0,0,0,0,0,0,0,321000,0,0,0,351000,30000,321000,321000
08513P,聯發科凱基9C售08,0,0,0,0,0,0,0,0,0,321000,0,0,0,345000,24000,321000,321000
062913,創意元大9B購02  ,0,0,0,0,0,0,0,0,0,318000,0,0,0,368000,50000,318000,318000
060768,鴻海麥證9A購02  ,0,0,0,317000,0,317000,0,0,0,317000,0,0,0,317000,0,317000,317000
061466,創意群益9A購01  ,0,0,0,0,0,0,0,0,0,316000,0,0,0,440000,124000,316000,316000
064152,義隆統一02購02  ,0,0,0,0,0,0,0,0,0,316000,0,0,0,421000,105000,316000,316000
07713P,台郡元大9A售03  ,0,0,0,0,0,0,0,0,0,315000,0,0,0,315000,0,315000,315000
064726,創意統一01購03  ,0,0,0,0,0,0,0,0,0,315000,0,0,0,500000,185000,315000,315000
063452,創意統一01購01  ,0,0,0,0,0,0,0,0,0,315000,0,0,0,727000,412000,315000,315000
07506P,中租元大9A售01  ,0,0,0,0,0,0,0,0,0,313000,0,0,0,313000,0,313000,313000
064160,新日興統一01購03,0,0,0,0,0,0,0,0,0,313000,0,0,0,543000,230000,313000,313000
064669,健策元大01購03  ,0,0,0,0,0,0,0,0,0,311000,0,0,0,526000,215000,311000,311000
3406,玉晶光          ,2194000,2603000,-409000,0,0,0,274000,0,274000,445000,422000,122000,300000,189000,44000,145000,310000
060990,新光金元大9B購03,0,0,0,0,0,0,0,0,0,310000,0,0,0,310000,0,310000,310000
064539,玉晶光麥證01購01,0,0,0,384000,74000,310000,0,0,0,310000,0,0,0,384000,74000,310000,310000
062712,晶技麥證9B購02  ,0,0,0,391000,73000,318000,0,0,0,310000,0,0,0,391000,81000,310000,310000
08065P,瑞昱凱基9B售03  ,0,0,0,0,0,0,0,0,0,309000,0,0,0,321000,12000,309000,309000
065151,國巨群益9C購13  ,0,0,0,0,0,0,0,0,0,309000,0,0,0,312000,3000,309000,309000
056589,康控統一98購01  ,0,0,0,0,0,0,0,0,0,309000,0,0,0,499000,190000,309000,309000
064288,瀚宇博元大9C購02,0,0,0,0,0,0,0,0,0,309000,0,0,0,381000,72000,309000,309000
056158,新日興凱基98購02,0,0,0,0,0,0,0,0,0,308000,0,0,0,308000,0,308000,308000
063504,國巨群益9C購06  ,0,0,0,0,0,0,0,0,0,308000,0,0,0,314000,6000,308000,308000
060434,台汽電永豐9A購01,0,0,0,0,0,0,0,0,0,307000,0,0,0,323000,16000,307000,307000
064468,健策元富9C購02  ,0,0,0,0,0,0,0,0,0,306000,0,0,0,401000,95000,306000,306000
060541,正隆凱基9A購01  ,0,0,0,0,0,0,0,0,0,305000,0,0,0,310000,5000,305000,305000
056677,智伸科元富98購01,0,0,0,0,0,0,0,0,0,304000,0,0,0,828000,524000,304000,304000
064600,技嘉元富9C購01  ,0,0,0,0,0,0,0,0,0,304000,0,0,0,463000,159000,304000,304000
058732,矽格永豐99購01  ,0,0,0,0,0,0,0,0,0,303000,0,0,0,471000,168000,303000,303000
065294,創意群益9C購03  ,0,0,0,0,0,0,0,0,0,302000,0,0,0,379000,77000,302000,302000
059849,興勤永豐99購01  ,0,0,0,0,0,0,0,0,0,301000,0,0,0,400000,99000,301000,301000
057001,華邦電國票99購02,0,0,0,0,0,0,0,0,0,300000,0,0,0,300000,0,300000,300000
055214,聯電凱基97購02  ,0,0,0,0,0,0,0,0,0,300000,0,0,0,300000,0,300000,300000
052855,群創日盛99購01  ,0,0,0,0,0,0,0,0,0,300000,0,0,0,300000,0,300000,300000
061012,國巨麥證9A購03  ,0,0,0,301000,0,301000,0,0,0,300000,0,0,0,301000,1000,300000,300000
059964,元金2X凱基99購02,0,0,0,0,0,0,0,0,0,300000,0,0,0,300000,0,300000,300000
060770,宏達電麥證9A購01,0,0,0,300000,0,300000,0,0,0,300000,0,0,0,300000,0,300000,300000
059618,台積電日盛99購01,0,0,0,0,0,0,0,0,0,300000,0,0,0,428000,128000,300000,300000
058221,上銀統一99購04  ,0,0,0,0,0,0,0,0,0,300000,0,0,0,300000,0,300000,300000
059097,世紀鋼元大99購05,0,0,0,0,0,0,0,0,0,300000,0,0,0,318000,18000,300000,300000
064513,T50反1群益9C購01,0,0,0,0,0,0,0,0,0,300000,0,0,0,300000,0,300000,300000
064303,新光金兆豐01購01,0,0,0,0,0,0,0,0,0,300000,0,0,0,300000,0,300000,300000
064201,新光金兆豐9C購01,0,0,0,0,0,0,0,0,0,300000,0,0,0,300000,0,300000,300000
063903,國巨麥證01購01  ,0,0,0,300000,0,300000,0,0,0,300000,0,0,0,300000,0,300000,300000
061728,華新科麥證9A購02,0,0,0,300000,0,300000,0,0,0,300000,0,0,0,300000,0,300000,300000
061876,明泰元大9B購01  ,0,0,0,0,0,0,0,0,0,299000,0,0,0,360000,61000,299000,299000
057181,亞光元大98購02  ,0,0,0,0,0,0,0,0,0,298000,0,0,0,298000,0,298000,298000
061544,大毅群益9B購02  ,0,0,0,0,0,0,0,0,0,298000,0,0,0,300000,2000,298000,298000
08158P,嘉澤元富9B售03  ,0,0,0,0,0,0,0,0,0,297000,0,0,0,433000,136000,297000,297000
060934,台汽電永豐9A購02,0,0,0,0,0,0,0,0,0,297000,0,0,0,297000,0,297000,297000
07478P,南電康和9A售02  ,0,0,0,0,0,0,0,0,0,296000,0,0,0,297000,1000,296000,296000
060234,凱美元大9C購01  ,0,0,0,0,0,0,0,0,0,296000,0,0,0,310000,14000,296000,296000
064237,奇鋐統一01購01  ,0,0,0,0,0,0,0,0,0,296000,0,0,0,296000,0,296000,296000
064733,南六統一9C購03  ,0,0,0,0,0,0,0,0,0,296000,0,0,0,297000,1000,296000,296000
064993,嘉澤兆豐9C購01  ,0,0,0,0,0,0,0,0,0,294000,0,0,0,366000,72000,294000,294000
2417,圓剛            ,348000,53000,295000,0,0,0,0,0,0,-1000,0,1000,-1000,0,0,0,294000
063269,儒鴻兆豐9C購01  ,0,0,0,0,0,0,0,0,0,293000,0,0,0,331000,38000,293000,293000
064902,健策群益01購03  ,0,0,0,0,0,0,0,0,0,291000,0,0,0,406000,115000,291000,291000
00641R,富邦日本反1     ,0,3000,-3000,0,0,0,0,0,0,294000,0,0,0,432000,138000,294000,291000
055671,世紀鋼群益97購01,0,0,0,0,0,0,0,0,0,291000,0,0,0,291000,0,291000,291000
058403,玉晶光元大99購12,0,0,0,0,0,0,0,0,0,291000,0,0,0,301000,10000,291000,291000
065351,中租統一02購02  ,0,0,0,0,0,0,0,0,0,290000,0,0,0,290000,0,290000,290000
2442,新美齊          ,466000,175000,291000,0,0,0,0,0,0,-1000,0,1000,-1000,0,0,0,290000
055030,帆宣國泰99購02  ,0,0,0,0,0,0,0,0,0,290000,0,0,0,320000,30000,290000,290000
057317,技嘉凱基98購02  ,0,0,0,0,0,0,0,0,0,290000,0,0,0,329000,39000,290000,290000
057913,健策日盛98購01  ,0,0,0,0,0,0,0,0,0,290000,0,0,0,319000,29000,290000,290000
061676,新光金元大9A購03,0,0,0,0,0,0,0,0,0,290000,0,0,0,300000,10000,290000,290000
056378,欣興元富98購01  ,0,0,0,0,0,0,0,0,0,290000,0,0,0,310000,20000,290000,290000
07509P,牧德國票9A售03  ,0,0,0,0,0,0,0,0,0,289000,0,0,0,304000,15000,289000,289000
064058,儒鴻麥證01購01  ,0,0,0,337000,47000,290000,0,0,0,289000,0,0,0,337000,48000,289000,289000
08055P,臺股指國票9B售20,0,0,0,0,0,0,0,0,0,288000,0,0,0,326000,38000,288000,288000
064145,宏碁統一02購01  ,0,0,0,0,0,0,0,0,0,288000,0,0,0,336000,48000,288000,288000
062526,友達統一01購01  ,0,0,0,0,0,0,0,0,0,288000,0,0,0,361000,73000,288000,288000
08214P,南六統一9B售03  ,0,0,0,0,0,0,0,0,0,286000,0,0,0,717000,431000,286000,286000
061351,智伸科元大9A購01,0,0,0,0,0,0,0,0,0,286000,0,0,0,396000,110000,286000,286000
054567,拓凱群益98購01  ,0,0,0,0,0,0,0,0,0,286000,0,0,0,390000,104000,286000,286000
006207,FH滬深          ,332000,0,332000,0,0,0,0,0,0,-46000,0,0,0,247000,293000,-46000,286000
2377,微星            ,2572212,1584375,987837,0,0,0,0,807000,-807000,105000,121000,17000,104000,42000,41000,1000,285837
2369,菱生            ,359000,73000,286000,0,0,0,0,0,0,-2000,0,2000,-2000,0,0,0,284000
064911,光寶科統一02購01,0,0,0,0,0,0,0,0,0,284000,0,0,0,440000,156000,284000,284000
061819,茂林群益9B購01  ,0,0,0,0,0,0,0,0,0,284000,0,0,0,346000,62000,284000,284000
062809,同欣電統一9C購01,0,0,0,0,0,0,0,0,0,284000,0,0,0,622000,338000,284000,284000
08184P,可成永豐9B售03  ,0,0,0,0,0,0,0,0,0,283000,0,0,0,283000,0,283000,283000
061642,創意元大9A購04  ,0,0,0,0,0,0,0,0,0,283000,0,0,0,550000,267000,283000,283000
064586,緯創永豐9C購01  ,0,0,0,0,0,0,0,0,0,283000,0,0,0,367000,84000,283000,283000
062015,喬山永豐9B購01  ,0,0,0,0,0,0,0,0,0,282000,0,0,0,282000,0,282000,282000
061020,超眾國票9A購02  ,0,0,0,0,0,0,0,0,0,282000,0,0,0,320000,38000,282000,282000
065097,貿聯元大9C購04  ,0,0,0,0,0,0,0,0,0,281000,0,0,0,530000,249000,281000,281000
064472,國巨麥證9C購03  ,0,0,0,281000,0,281000,0,0,0,281000,0,0,0,281000,0,281000,281000
063074,創意永豐9B購02  ,0,0,0,0,0,0,0,0,0,281000,0,0,0,308000,27000,281000,281000
07789P,緯穎群益9A售03  ,0,0,0,0,0,0,0,0,0,280000,0,0,0,282000,2000,280000,280000
08313P,健策國票01售01  ,0,0,0,0,0,0,0,0,0,280000,0,0,0,490000,210000,280000,280000
058499,滬深2X元大9C購01,0,0,0,0,0,0,0,0,0,280000,0,0,0,280000,0,280000,280000
063781,健策永豐9B購08  ,0,0,0,0,0,0,0,0,0,280000,0,0,0,319000,39000,280000,280000
064316,貿聯群益9C購02  ,0,0,0,0,0,0,0,0,0,279000,0,0,0,339000,60000,279000,279000
08353P,聯電元大9C售04  ,0,0,0,0,0,0,0,0,0,278000,0,0,0,278000,0,278000,278000
064451,技嘉統一01購02  ,0,0,0,0,0,0,0,0,0,278000,0,0,0,278000,0,278000,278000
061303,玉晶光永豐9B購03,0,0,0,0,0,0,0,0,0,277000,0,0,0,301000,24000,277000,277000
060100,新光金元大9C購01,0,0,0,0,0,0,0,0,0,277000,0,0,0,332000,55000,277000,277000
08189P,超眾群益9B售04  ,0,0,0,0,0,0,0,0,0,275000,0,0,0,305000,30000,275000,275000
06741P,台積電富邦98售04,0,0,0,0,0,0,0,0,0,275000,0,0,0,1005000,730000,275000,275000
053913,華新國票97購01  ,0,0,0,0,0,0,0,0,0,275000,0,0,0,278000,3000,275000,275000
063426,茂林凱基9B購03  ,0,0,0,0,0,0,0,0,0,275000,0,0,0,335000,60000,275000,275000
064929,台表科統一02購03,0,0,0,0,0,0,0,0,0,274000,0,0,0,361000,87000,274000,274000
059694,創意永豐99購03  ,0,0,0,0,0,0,0,0,0,274000,0,0,0,274000,0,274000,274000
064625,健策元大01購02  ,0,0,0,0,0,0,0,0,0,274000,0,0,0,389000,115000,274000,274000
056171,鴻海元富97購10  ,0,0,0,0,0,0,0,0,0,273000,0,0,0,273000,0,273000,273000
059400,滬深2X元富9C購04,0,0,0,0,0,0,0,0,0,272000,0,0,0,297000,25000,272000,272000
058480,新日興凱基9A購01,0,0,0,0,0,0,0,0,0,271000,0,0,0,305000,34000,271000,271000
062321,力成台新9B購01  ,0,0,0,0,0,0,0,0,0,271000,0,0,0,281000,10000,271000,271000
06727P,台光電元大98售05,0,0,0,0,0,0,0,0,0,270000,0,0,0,270000,0,270000,270000
07729P,臺股指凱基9A售21,0,0,0,0,0,0,0,0,0,270000,0,0,0,400000,130000,270000,270000
2101,南港            ,600000,347000,253000,0,0,0,0,0,0,17000,0,5000,-5000,47000,25000,22000,270000
060432,達方永豐9A購01  ,0,0,0,0,0,0,0,0,0,270000,0,0,0,360000,90000,270000,270000
062731,力成凱基9B購02  ,0,0,0,0,0,0,0,0,0,270000,0,0,0,270000,0,270000,270000
055782,新日興凱基99購01,0,0,0,0,0,0,0,0,0,269000,0,0,0,274000,5000,269000,269000
057998,玉晶光麥證9A購01,0,0,0,311000,44000,267000,0,0,0,267000,0,0,0,311000,44000,267000,267000
063401,中租群益9B購03  ,0,0,0,0,0,0,0,0,0,267000,0,0,0,267000,0,267000,267000
6191,精成科          ,513000,246000,267000,0,0,0,0,0,0,0,0,0,0,0,0,0,267000
08296P,同欣電元大9C售04,0,0,0,0,0,0,0,0,0,265000,0,0,0,397000,132000,265000,265000
062108,晶豪科國票9B購01,0,0,0,0,0,0,0,0,0,265000,0,0,0,307000,42000,265000,265000
061818,富邦金群益9C購01,0,0,0,0,0,0,0,0,0,265000,0,0,0,521000,256000,265000,265000
059283,康友永豐99購02  ,0,0,0,0,0,0,0,0,0,264000,0,0,0,293000,29000,264000,264000
064460,健策統一9C購03  ,0,0,0,0,0,0,0,0,0,264000,0,0,0,595000,331000,264000,264000
2323,中環            ,964000,658629,305371,0,0,0,0,0,0,-43000,16000,41000,-25000,0,18000,-18000,262371
061769,晶技元大9B購03  ,0,0,0,0,0,0,0,0,0,262000,0,0,0,320000,58000,262000,262000
064172,義隆元富9C購01  ,0,0,0,0,0,0,0,0,0,262000,0,0,0,279000,17000,262000,262000
2897,王道銀行        ,303000,19000,284000,0,0,0,0,5000,-5000,-18000,0,18000,-18000,0,0,0,261000
00701,國泰股利精選30  ,12000,1000,11000,0,0,0,0,0,0,250000,0,0,0,335000,85000,250000,261000
063476,台表科元大9C購03,0,0,0,0,0,0,0,0,0,261000,0,0,0,474000,213000,261000,261000
07841P,臻鼎元大9A售04  ,0,0,0,0,0,0,0,0,0,260000,0,0,0,260000,0,260000,260000
07693P,群創元大9B售10  ,0,0,0,0,0,0,0,0,0,260000,0,0,0,300000,40000,260000,260000
064471,國巨麥證9C購02  ,0,0,0,401000,141000,260000,0,0,0,260000,0,0,0,402000,142000,260000,260000
058613,茂林元大99購03  ,0,0,0,0,0,0,0,0,0,259000,0,0,0,394000,135000,259000,259000
08464P,牧德永豐9C售02  ,0,0,0,0,0,0,0,0,0,258000,0,0,0,349000,91000,258000,258000
07990P,緯穎凱基9B售02  ,0,0,0,0,0,0,0,0,0,258000,0,0,0,456000,198000,258000,258000
061725,國巨麥證9A購05  ,0,0,0,259000,3000,256000,0,0,0,258000,0,0,0,262000,4000,258000,258000
060107,旭富元大99購03  ,0,0,0,0,0,0,0,0,0,257000,0,0,0,257000,0,257000,257000
064623,創意元大9C購04  ,0,0,0,0,0,0,0,0,0,256000,0,0,0,301000,45000,256000,256000
08482P,亞德客群益9C售02,0,0,0,0,0,0,0,0,0,255000,0,0,0,345000,90000,255000,255000
064699,臻鼎群益9C購01  ,0,0,0,0,0,0,0,0,0,254000,0,0,0,289000,35000,254000,254000
062536,玉晶光麥證9B購01,0,0,0,254000,0,254000,0,0,0,254000,0,0,0,254000,0,254000,254000
063248,創意元大9C購01  ,0,0,0,0,0,0,0,0,0,254000,0,0,0,328000,74000,254000,254000
9802,鈺齊-KY         ,482000,165000,317000,0,0,0,0,0,0,-63000,10000,71000,-61000,14000,16000,-2000,254000
07986P,大成鋼統一9B售02,0,0,0,0,0,0,0,0,0,253000,0,0,0,263000,10000,253000,253000
3026,禾伸堂          ,434000,157000,277000,0,0,0,0,0,0,-24000,0,1000,-1000,4000,27000,-23000,253000
06705P,臻鼎元富98售03  ,0,0,0,0,0,0,0,0,0,252000,0,0,0,265000,13000,252000,252000
057737,國巨富邦99購02  ,0,0,0,0,0,0,0,0,0,252000,0,0,0,312000,60000,252000,252000
065266,創意元大9C購05  ,0,0,0,0,0,0,0,0,0,251000,0,0,0,730000,479000,251000,251000
054819,裕民元大9A購01  ,0,0,0,0,0,0,0,0,0,251000,0,0,0,256000,5000,251000,251000
063437,聚陽統一01購01  ,0,0,0,0,0,0,0,0,0,251000,0,0,0,373000,122000,251000,251000
063851,健策元大01購01  ,0,0,0,0,0,0,0,0,0,251000,0,0,0,385000,134000,251000,251000
049700,瀚宇博元大97購01,0,0,0,0,0,0,0,0,0,250000,0,0,0,371000,121000,250000,250000
2342,茂矽            ,404000,155000,249000,0,0,0,0,0,0,0,0,0,0,0,0,0,249000
07719P,臺股指群益9A售08,0,0,0,0,0,0,0,0,0,248000,0,0,0,333000,85000,248000,248000
07304P,臺股指元大9A售37,0,0,0,0,0,0,0,0,0,247000,0,0,0,349000,102000,247000,247000
062296,南六永豐9B購02  ,0,0,0,0,0,0,0,0,0,247000,0,0,0,276000,29000,247000,247000
1609,大亞            ,423000,132000,291000,0,0,0,0,1000,-1000,-44000,0,44000,-44000,0,0,0,246000
064456,禾伸堂統一01購01,0,0,0,0,0,0,0,0,0,246000,0,0,0,271000,25000,246000,246000
1216,統一            ,5527001,5140308,386693,0,0,0,69000,173000,-104000,-37000,0,27000,-27000,2000,12000,-10000,245693
07593P,臺股指凱基9A售08,0,0,0,0,0,0,0,0,0,245000,0,0,0,270000,25000,245000,245000
064704,嘉晶國泰01購01  ,0,0,0,0,0,0,0,0,0,244000,0,0,0,244000,0,244000,244000
1417,嘉裕            ,358000,123000,235000,0,0,0,0,0,0,8000,8000,0,8000,0,0,0,243000
00652,富邦印度        ,154000,6000,148000,0,0,0,0,0,0,95000,0,0,0,100000,5000,95000,243000
056420,台表科元富98購01,0,0,0,0,0,0,0,0,0,243000,0,0,0,255000,12000,243000,243000
059093,旭富元大99購01  ,0,0,0,0,0,0,0,0,0,243000,0,0,0,253000,10000,243000,243000
061025,創意富邦9B購01  ,0,0,0,0,0,0,0,0,0,242000,0,0,0,336000,94000,242000,242000
063777,儒鴻永豐9B購02  ,0,0,0,0,0,0,0,0,0,242000,0,0,0,262000,20000,242000,242000
064236,奇力新統一01購04,0,0,0,0,0,0,0,0,0,242000,0,0,0,243000,1000,242000,242000
2633,台灣高鐵        ,2281000,2196000,85000,0,0,0,0,19000,-19000,175000,0,37000,-37000,238000,26000,212000,241000
07325P,台積電元大99售41,0,0,0,0,0,0,0,0,0,241000,0,0,0,241000,0,241000,241000
060054,華新科凱基9B購04,0,0,0,0,0,0,0,0,0,240000,0,0,0,533000,293000,240000,240000
059730,晶相光元大9C購02,0,0,0,0,0,0,0,0,0,240000,0,0,0,262000,22000,240000,240000
060758,台積電元大9A購19,0,0,0,0,0,0,0,0,0,240000,0,0,0,252000,12000,240000,240000
064241,貿聯統一02購02  ,0,0,0,0,0,0,0,0,0,240000,0,0,0,357000,117000,240000,240000
060467,神基元大9A購01  ,0,0,0,0,0,0,0,0,0,239000,0,0,0,269000,30000,239000,239000
07632P,臺股指凱基9A售14,0,0,0,0,0,0,0,0,0,238000,0,0,0,238000,0,238000,238000
062239,台汽電凱基9B購01,0,0,0,0,0,0,0,0,0,238000,0,0,0,278000,40000,238000,238000
058764,康友群益99購01  ,0,0,0,0,0,0,0,0,0,238000,0,0,0,238000,0,238000,238000
063154,南六元富9B購02  ,0,0,0,0,0,0,0,0,0,238000,0,0,0,238000,0,238000,238000
061711,台積電凱基9A購27,0,0,0,0,0,0,0,0,0,238000,0,0,0,248000,10000,238000,238000
1592,英瑞-KY         ,336000,98000,238000,0,0,0,0,0,0,-1000,0,1000,-1000,0,0,0,237000
056767,大毅元大99購01  ,0,0,0,0,0,0,0,0,0,237000,0,0,0,346000,109000,237000,237000
058586,鴻海中信01購02  ,0,0,0,0,0,0,0,0,0,237000,0,0,0,331000,94000,237000,237000
060233,宏碁元大9A購01  ,0,0,0,0,0,0,0,0,0,237000,0,0,0,237000,0,237000,237000
060449,元金2X元大9A購02,0,0,0,0,0,0,0,0,0,237000,0,0,0,247000,10000,237000,237000
07098P,台積電元大99售18,0,0,0,0,0,0,0,0,0,236000,0,0,0,306000,70000,236000,236000
058645,康控富邦01購01  ,0,0,0,0,0,0,0,0,0,236000,0,0,0,339000,103000,236000,236000
062573,大毅群益9B購03  ,0,0,0,0,0,0,0,0,0,236000,0,0,0,435000,199000,236000,236000
06757P,台灣50元大9B售01,0,0,0,0,0,0,0,0,0,235000,0,0,0,235000,0,235000,235000
0056,元大高股息      ,6000,29000,-23000,0,0,0,0,60000,-60000,318000,50000,0,50000,893000,625000,268000,235000
062228,南六統一02購01  ,0,0,0,0,0,0,0,0,0,235000,0,0,0,245000,10000,235000,235000
065341,華邦電統一01購02,0,0,0,0,0,0,0,0,0,234000,0,0,0,234000,0,234000,234000
064976,景碩元大9C購01  ,0,0,0,0,0,0,0,0,0,233000,0,0,0,504000,271000,233000,233000
06679P,旺宏元大98售09  ,0,0,0,0,0,0,0,0,0,233000,0,0,0,243000,10000,233000,233000
020016,統一MSCI美科技N ,0,0,0,0,0,0,0,0,0,233000,0,0,0,503000,270000,233000,233000
057048,新日興元大98購01,0,0,0,0,0,0,0,0,0,233000,0,0,0,233000,0,233000,233000
062451,瀚宇博元大9B購02,0,0,0,0,0,0,0,0,0,233000,0,0,0,359000,126000,233000,233000
063660,儒鴻統一9C購01  ,0,0,0,0,0,0,0,0,0,233000,0,0,0,253000,20000,233000,233000
064879,健策兆豐01購01  ,0,0,0,0,0,0,0,0,0,232000,0,0,0,232000,0,232000,232000
061398,力成中信9A購01  ,0,0,0,0,0,0,0,0,0,232000,0,0,0,393000,161000,232000,232000
061593,智原永豐9A購01  ,40000,0,40000,0,0,0,0,0,0,192000,0,0,0,267000,75000,192000,232000
059976,道瓊銀元大99購01,0,0,0,0,0,0,0,0,0,232000,0,0,0,260000,28000,232000,232000
064308,國巨群益9C購09  ,0,0,0,0,0,0,0,0,0,232000,0,0,0,329000,97000,232000,232000
058287,國巨國票9A購02  ,0,0,0,0,0,0,0,0,0,231000,0,0,0,336000,105000,231000,231000
055369,友訊元大97購01  ,0,0,0,0,0,0,0,0,0,230000,0,0,0,230000,0,230000,230000
060855,華新科富邦01購01,0,0,0,0,0,0,0,0,0,230000,0,0,0,240000,10000,230000,230000
058790,楠梓電元大99購03,0,0,0,0,0,0,0,0,0,230000,0,0,0,350000,120000,230000,230000
063912,信邦凱基01購01  ,0,0,0,0,0,0,0,0,0,230000,0,0,0,295000,65000,230000,230000
062546,新日興永豐9B購01,0,0,0,0,0,0,0,0,0,230000,0,0,0,230000,0,230000,230000
052661,奇力新國票97購03,0,0,0,0,0,0,0,0,0,229000,0,0,0,230000,1000,229000,229000
063558,聚陽元大9B購02  ,0,0,0,0,0,0,0,0,0,229000,0,0,0,274000,45000,229000,229000
4746,台耀            ,670000,444000,226000,0,0,0,0,0,0,3000,4000,1000,3000,0,0,0,229000
08364P,聯發科凱基02售02,0,0,0,0,0,0,0,0,0,228000,0,0,0,238000,10000,228000,228000
055698,茂林國票98購03  ,0,0,0,0,0,0,0,0,0,228000,0,0,0,272000,44000,228000,228000
061574,大毅元大9B購01  ,0,0,0,0,0,0,0,0,0,228000,0,0,0,240000,12000,228000,228000
062989,鴻海群益9B購07  ,0,0,0,0,0,0,0,0,0,228000,0,0,0,228000,0,228000,228000
2838,聯邦銀          ,284000,136000,148000,0,0,0,0,0,0,79000,100000,21000,79000,0,0,0,227000
3443,創意            ,2188000,1809000,379000,0,0,0,273000,0,273000,-425000,140000,355000,-215000,85000,295000,-210000,227000
052619,茂林國泰99購01  ,0,0,0,0,0,0,0,0,0,226000,0,0,0,346000,120000,226000,226000
062974,奇力新元富9B購01,0,0,0,0,0,0,0,0,0,226000,0,0,0,226000,0,226000,226000
063106,台表科群益9B購03,0,0,0,0,0,0,0,0,0,226000,0,0,0,236000,10000,226000,226000
063354,茂林元富9B購02  ,0,0,0,0,0,0,0,0,0,226000,0,0,0,336000,110000,226000,226000
6251,定穎            ,664000,436000,228000,0,0,0,0,0,0,-2000,0,2000,-2000,0,0,0,226000
058134,信邦元大99購01  ,0,0,0,0,0,0,0,0,0,225000,0,0,0,276000,51000,225000,225000
063549,國巨國票9C購05  ,0,0,0,0,0,0,0,0,0,225000,0,0,0,234000,9000,225000,225000
064492,技嘉元大9C購01  ,0,0,0,0,0,0,0,0,0,225000,0,0,0,336000,111000,225000,225000
061646,力成元大9A購02  ,0,0,0,0,0,0,0,0,0,224000,0,0,0,287000,63000,224000,224000
064842,南六統一9C購04  ,0,0,0,0,0,0,0,0,0,224000,0,0,0,377000,153000,224000,224000
07830P,牧德凱基9A售03  ,0,0,0,0,0,0,0,0,0,223000,0,0,0,223000,0,223000,223000
055244,國巨統一98購01  ,0,0,0,0,0,0,0,0,0,223000,0,0,0,244000,21000,223000,223000
060755,鴻海元大9A購15  ,0,0,0,0,0,0,0,0,0,223000,0,0,0,329000,106000,223000,223000
060769,國巨麥證9A購02  ,0,0,0,223000,3000,220000,0,0,0,223000,0,0,0,226000,3000,223000,223000
060692,鴻海麥證9A購01  ,0,0,0,400000,177000,223000,0,0,0,223000,0,0,0,400000,177000,223000,223000
062704,大毅元大9C購01  ,0,0,0,0,0,0,0,0,0,223000,0,0,0,223000,0,223000,223000
064170,儒鴻元富9C購01  ,0,0,0,0,0,0,0,0,0,222000,0,0,0,331000,109000,222000,222000
1303,南亞            ,2781000,2671060,109940,0,0,0,168000,25000,143000,-31000,8000,38000,-30000,0,1000,-1000,221940
3576,聯合再生        ,573000,352000,221000,0,0,0,0,0,0,0,0,0,0,0,0,0,221000
053865,欣興元大97購02  ,0,0,0,0,0,0,0,0,0,221000,0,0,0,241000,20000,221000,221000
058091,欣興元大99購03  ,0,0,0,0,0,0,0,0,0,221000,0,0,0,287000,66000,221000,221000
064221,華通國票01購01  ,0,0,0,0,0,0,0,0,0,221000,0,0,0,241000,20000,221000,221000
063878,國巨元富9C購01  ,0,0,0,0,0,0,0,0,0,221000,0,0,0,709000,488000,221000,221000
064783,貿聯群益9C購03  ,0,0,0,0,0,0,0,0,0,221000,0,0,0,321000,100000,221000,221000
06936P,瑞儀元大98售01  ,0,0,0,0,0,0,0,0,0,220000,0,0,0,320000,100000,220000,220000
062728,健策凱基9B購04  ,0,0,0,0,0,0,0,0,0,220000,0,0,0,263000,43000,220000,220000
062547,玉晶光永豐9B購05,0,0,0,0,0,0,0,0,0,220000,0,0,0,279000,59000,220000,220000
062408,致新永豐9B購01  ,0,0,0,0,0,0,0,0,0,220000,0,0,0,359000,139000,220000,220000
08517P,奇力新群益9C售03,0,0,0,0,0,0,0,0,0,219000,0,0,0,219000,0,219000,219000
056279,新日興富邦99購01,0,0,0,0,0,0,0,0,0,219000,0,0,0,221000,2000,219000,219000
056540,聯詠凱基98購02  ,0,0,0,0,0,0,0,0,0,219000,0,0,0,219000,0,219000,219000
063808,台表科兆豐9C購01,0,0,0,0,0,0,0,0,0,219000,0,0,0,239000,20000,219000,219000
056946,國巨統一98購05  ,0,0,0,0,0,0,0,0,0,218000,0,0,0,461000,243000,218000,218000
064659,台達電元大9C購02,0,21000,-21000,0,0,0,0,0,0,239000,0,0,0,382000,143000,239000,218000
064489,宏碁元大9C購01  ,0,0,0,0,0,0,0,0,0,218000,0,0,0,218000,0,218000,218000
07088P,訊芯永豐99售02  ,0,0,0,0,0,0,0,0,0,217000,0,0,0,237000,20000,217000,217000
055795,茂林國泰98購01  ,0,0,0,0,0,0,0,0,0,216000,0,0,0,216000,0,216000,216000
062231,台光電麥證9C購01,0,0,0,237000,21000,216000,0,0,0,216000,0,0,0,237000,21000,216000,216000
062004,國巨國泰9C購03  ,0,0,0,0,0,0,0,0,0,216000,0,0,0,219000,3000,216000,216000
061036,晶技永豐9A購03  ,0,0,0,0,0,0,0,0,0,216000,0,0,0,216000,0,216000,216000
060815,茂林凱基9B購01  ,0,0,0,0,0,0,0,0,0,215000,0,0,0,240000,25000,215000,215000
05958P,聯發科國票97售04,0,0,0,0,0,0,0,0,0,215000,0,0,0,220000,5000,215000,215000
060637,玉晶光永豐9A購03,0,0,0,0,0,0,0,0,0,215000,0,0,0,223000,8000,215000,215000
064833,新光金統一02購01,0,0,0,0,0,0,0,0,0,215000,0,0,0,244000,29000,215000,215000
065261,技嘉元大9C購03  ,0,0,0,0,0,0,0,0,0,214000,0,0,0,226000,12000,214000,214000
060684,同欣電元大9A購01,0,0,0,0,0,0,0,0,0,214000,0,0,0,243000,29000,214000,214000
060016,廣達康和99購01  ,0,0,0,0,0,0,0,0,0,214000,0,0,0,397000,183000,214000,214000
057683,技嘉日盛98購01  ,0,0,0,0,0,0,0,0,0,213000,0,0,0,219000,6000,213000,213000
064866,義隆永豐9C購02  ,0,0,0,0,0,0,0,0,0,213000,0,0,0,255000,42000,213000,213000
064382,台積電國泰01購01,0,0,0,0,0,0,0,0,0,213000,0,0,0,228000,15000,213000,213000
063608,力成凱基9B購03  ,0,0,0,0,0,0,0,0,0,213000,0,0,0,238000,25000,213000,213000
06421P,嘉澤統一97售02  ,0,0,0,0,0,0,0,0,0,213000,0,0,0,213000,0,213000,213000
063298,統一凱基9B購01  ,0,0,0,0,0,0,0,0,0,213000,0,0,0,223000,10000,213000,213000
08124P,臻鼎群益9B售02  ,0,0,0,0,0,0,0,0,0,212000,0,0,0,212000,0,212000,212000
08089P,嘉澤凱基9B售03  ,0,0,0,0,0,0,0,0,0,212000,0,0,0,357000,145000,212000,212000
059948,正文永豐99購01  ,0,0,0,0,0,0,0,0,0,212000,0,0,0,212000,0,212000,212000
063237,微星元大9B購02  ,0,0,0,0,0,0,0,0,0,212000,0,0,0,240000,28000,212000,212000
056472,美律元大99購03  ,0,0,0,0,0,0,0,0,0,211000,0,0,0,211000,0,211000,211000
060911,大毅元大9A購01  ,0,0,0,0,0,0,0,0,0,211000,0,0,0,221000,10000,211000,211000
08154P,上銀元富9B售04  ,0,0,0,0,0,0,0,0,0,210000,0,0,0,211000,1000,210000,210000
065132,臻鼎兆豐01購01  ,0,0,0,0,0,0,0,0,0,210000,0,0,0,236000,26000,210000,210000
057389,玉晶光永豐98購06,0,0,0,0,0,0,0,0,0,210000,0,0,0,256000,46000,210000,210000
054708,華通統一97購02  ,0,0,0,0,0,0,0,0,0,210000,0,0,0,210000,0,210000,210000
061783,友達群益9B購01  ,0,0,0,0,0,0,0,0,0,210000,0,0,0,240000,30000,210000,210000
058319,大毅永豐9A購01  ,0,0,0,0,0,0,0,0,0,210000,0,0,0,210000,0,210000,210000
063598,國巨凱基9B購14  ,0,0,0,0,0,0,0,0,0,210000,0,0,0,223000,13000,210000,210000
062448,健策元大9C購04  ,0,0,0,0,0,0,0,0,0,210000,0,0,0,293000,83000,210000,210000
062435,國巨元大9B購13  ,0,0,0,0,0,0,0,0,0,210000,0,0,0,224000,14000,210000,210000
064063,健策國泰01購02  ,0,0,0,0,0,0,0,0,0,210000,0,0,0,252000,42000,210000,210000
064021,國巨元大9C購15  ,0,0,0,0,0,0,0,0,0,210000,0,0,0,485000,275000,210000,210000
064337,大毅元大01購02  ,0,0,0,0,0,0,0,0,0,210000,0,0,0,247000,37000,210000,210000
08036P,嘉澤群益9B售03  ,0,0,0,0,0,0,0,0,0,209000,0,0,0,219000,10000,209000,209000
058146,勤誠元大99購01  ,0,0,0,0,0,0,0,0,0,209000,0,0,0,235000,26000,209000,209000
063664,漢唐統一9C購01  ,0,0,0,0,0,0,0,0,0,209000,0,0,0,209000,0,209000,209000
065342,華邦電統一02購01,0,0,0,0,0,0,0,0,0,208000,0,0,0,208000,0,208000,208000
056971,麗豐永豐98購01  ,0,0,0,0,0,0,0,0,0,208000,0,0,0,243000,35000,208000,208000
059911,國巨元大99購27  ,0,0,0,0,0,0,0,0,0,208000,0,0,0,237000,29000,208000,208000
060643,牧德永豐9A購03  ,0,0,0,0,0,0,0,0,0,208000,0,0,0,329000,121000,208000,208000
064196,健策群益01購01  ,0,0,0,0,0,0,0,0,0,208000,0,0,0,257000,49000,208000,208000
062730,致伸凱基9B購01  ,0,35000,-35000,0,0,0,0,0,0,243000,0,0,0,413000,170000,243000,208000
063934,寶成統一02購01  ,0,0,0,0,0,0,0,0,0,207000,0,0,0,207000,0,207000,207000
08298P,大立光國票9C售01,0,0,0,0,0,0,0,0,0,206000,0,0,0,206000,0,206000,206000
00737,國泰AI+Robo     ,7000,0,7000,0,0,0,0,0,0,199000,0,0,0,285000,86000,199000,206000
00643,群益深証中小    ,150000,30000,120000,0,0,0,0,0,0,86000,0,0,0,91000,5000,86000,206000
061017,國泰金麥證9A購01,0,0,0,206000,0,206000,0,0,0,206000,0,0,0,206000,0,206000,206000
063490,儒鴻富邦9C購01  ,0,0,0,0,0,0,0,0,0,206000,0,0,0,291000,85000,206000,206000
6202,盛群            ,327000,108000,219000,0,0,0,0,0,0,-13000,0,12000,-12000,0,1000,-1000,206000
08391P,智邦凱基02售02  ,0,0,0,0,0,0,0,0,0,205000,0,0,0,205000,0,205000,205000
057581,元大金中信9A購01,0,0,0,0,0,0,0,0,0,205000,0,0,0,418000,213000,205000,205000
058371,智原凱基9A購01  ,0,0,0,0,0,0,0,0,0,205000,0,0,0,277000,72000,205000,205000
059944,欣興永豐99購03  ,0,0,0,0,0,0,0,0,0,205000,0,0,0,258000,53000,205000,205000
059125,台積電第一03購02,0,0,0,0,0,0,0,0,0,205000,0,0,0,205000,0,205000,205000
057378,康友元大98購02  ,0,0,0,0,0,0,0,0,0,204000,0,0,0,204000,0,204000,204000
064717,台積電統一01購08,0,0,0,0,0,0,0,0,0,204000,0,0,0,220000,16000,204000,204000
2107,厚生            ,326000,124000,202000,0,0,0,0,0,0,0,0,0,0,0,0,0,202000
2105,正新            ,1631000,1346000,285000,0,0,0,0,16000,-16000,-68000,4000,72000,-68000,0,0,0,201000
064782,健策群益9C購02  ,0,0,0,0,0,0,0,0,0,201000,0,0,0,219000,18000,201000,201000
3437,榮創            ,230000,30000,200000,0,0,0,0,0,0,0,0,0,0,0,0,0,200000
065312,日月光國票01購01,0,0,0,0,0,0,0,0,0,200000,0,0,0,200000,0,200000,200000
065521,貿聯群益9C購04  ,0,0,0,0,0,0,0,0,0,200000,0,0,0,240000,40000,200000,200000
06899P,嘉澤群益98售01  ,0,0,0,0,0,0,0,0,0,200000,0,0,0,200000,0,200000,200000
057287,彩晶元大9C購03  ,0,0,0,0,0,0,0,0,0,200000,0,0,0,200000,0,200000,200000
061679,健策元大9B購04  ,0,0,0,0,0,0,0,0,0,200000,0,0,0,324000,124000,200000,200000
061419,國巨元大9A購21  ,0,0,0,0,0,0,0,0,0,200000,0,0,0,201000,1000,200000,200000
055579,健策統一9A購01  ,0,0,0,0,0,0,0,0,0,200000,0,0,0,239000,39000,200000,200000
054464,奇力新凱基98購02,0,0,0,0,0,0,0,0,0,200000,0,0,0,200000,0,200000,200000
055160,玉晶光元大99購03,0,0,0,0,0,0,0,0,0,200000,0,0,0,200000,0,200000,200000
062025,台達電群益9B購01,0,0,0,0,0,0,0,0,0,200000,0,0,0,205000,5000,200000,200000
062072,國巨元大9B購05  ,0,0,0,0,0,0,0,0,0,200000,0,0,0,204000,4000,200000,200000
058898,台積電元大99購20,0,0,0,0,0,0,0,0,0,200000,0,0,0,391000,191000,200000,200000
060364,奇力新元富9A購01,0,0,0,0,0,0,0,0,0,200000,0,0,0,200000,0,200000,200000
060633,玉晶光富邦02購01,0,0,0,0,0,0,0,0,0,200000,0,0,0,202000,2000,200000,200000
060277,道瓊反元大9A購02,0,0,0,0,0,0,0,0,0,200000,0,0,0,200000,0,200000,200000
060189,宏達電元富9B購03,0,0,0,0,0,0,0,0,0,200000,0,0,0,200000,0,200000,200000
064368,日月光統一01購01,0,0,0,0,0,0,0,0,0,200000,0,0,0,200000,0,200000,200000
064441,嘉澤凱基9C購02  ,0,0,0,0,0,0,0,0,0,200000,0,0,0,219000,19000,200000,200000
062569,南電中信01購01  ,0,0,0,0,0,0,0,0,0,200000,0,0,0,255000,55000,200000,200000
065201,世芯元富9C購02  ,0,0,0,0,0,0,0,0,0,199000,0,0,0,200000,1000,199000,199000
08148P,長榮航群益9B售03,0,0,0,0,0,0,0,0,0,199000,0,0,0,199000,0,199000,199000
052989,麗豐元大98購01  ,0,0,0,0,0,0,0,0,0,199000,0,0,0,200000,1000,199000,199000
060126,創意永豐99購04  ,0,0,0,0,0,0,0,0,0,199000,0,0,0,264000,65000,199000,199000
060777,茂林凱基9C購01  ,0,0,0,0,0,0,0,0,0,199000,0,0,0,363000,164000,199000,199000
062822,力成兆豐9B購01  ,0,0,0,0,0,0,0,0,0,199000,0,0,0,249000,50000,199000,199000
063864,健策富邦01購01  ,0,0,0,0,0,0,0,0,0,199000,0,0,0,472000,273000,199000,199000
060953,富邦金群益9A購01,0,0,0,0,0,0,0,0,0,198000,0,0,0,298000,100000,198000,198000
060932,南六永豐9A購02  ,0,0,0,0,0,0,0,0,0,198000,0,0,0,254000,56000,198000,198000
9945,潤泰新          ,636000,474796,161204,0,0,0,11000,0,11000,25000,42000,10000,32000,0,7000,-7000,197204
07648P,祥碩國票9B售01  ,0,0,0,0,0,0,0,0,0,197000,0,0,0,312000,115000,197000,197000
057961,茂林元大9A購01  ,0,0,0,0,0,0,0,0,0,197000,0,0,0,207000,10000,197000,197000
063522,技嘉凱基9B購03  ,0,0,0,0,0,0,0,0,0,197000,0,0,0,213000,16000,197000,197000
06912P,台光電元大99售02,0,0,0,0,0,0,0,0,0,196000,0,0,0,196000,0,196000,196000
06763P,技嘉元大98售05  ,0,0,0,0,0,0,0,0,0,196000,0,0,0,231000,35000,196000,196000
061040,康友永豐9A購01  ,0,0,0,0,0,0,0,0,0,196000,0,0,0,196000,0,196000,196000
055585,國巨元大98購08  ,0,0,0,0,0,0,0,0,0,195000,0,0,0,213000,18000,195000,195000
055114,新日興凱基98購01,0,0,0,0,0,0,0,0,0,195000,0,0,0,212000,17000,195000,195000
064896,華新科群益01購02,0,0,0,0,0,0,0,0,0,194000,0,0,0,200000,6000,194000,194000
057552,禾伸堂凱基98購05,0,0,0,0,0,0,0,0,0,194000,0,0,0,300000,106000,194000,194000
060503,技嘉元大9A購01  ,0,0,0,0,0,0,0,0,0,194000,0,0,0,209000,15000,194000,194000
063250,同欣電元大9B購03,0,0,0,0,0,0,0,0,0,194000,0,0,0,260000,66000,194000,194000
064459,創意統一02購01  ,0,0,0,0,0,0,0,0,0,194000,0,0,0,240000,46000,194000,194000
07089P,臺指2X中信01售01,0,0,0,0,0,0,0,0,0,193000,0,0,0,366000,173000,193000,193000
056355,台積電元大98購08,0,0,0,0,0,0,0,0,0,193000,0,0,0,250000,57000,193000,193000
060667,力成凱基9A購01  ,0,0,0,0,0,0,0,0,0,193000,0,0,0,313000,120000,193000,193000
064113,新日興國票01購01,0,0,0,0,0,0,0,0,0,193000,0,0,0,223000,30000,193000,193000
063198,仁寶統一01購02  ,0,0,0,0,0,0,0,0,0,193000,0,0,0,226000,33000,193000,193000
6451,訊芯-KY         ,619000,477000,142000,0,0,0,0,0,0,51000,0,1000,-1000,53000,1000,52000,193000
4934,太極            ,354000,161000,193000,0,0,0,0,0,0,0,0,0,0,0,0,0,193000
063125,華擎元大9C購02  ,0,0,0,0,0,0,0,0,0,192000,0,0,0,210000,18000,192000,192000
064839,旭富統一9C購01  ,0,0,0,0,0,0,0,0,0,192000,0,0,0,212000,20000,192000,192000
08086P,燿華凱基9B售03  ,0,0,0,0,0,0,0,0,0,191000,0,0,0,191000,0,191000,191000
058098,T50反1國泰9A購02,0,0,0,0,0,0,0,0,0,191000,0,0,0,191000,0,191000,191000
058075,貿聯凱基99購02  ,0,0,0,0,0,0,0,0,0,191000,0,0,0,418000,227000,191000,191000
06454P,緯穎元大98售04  ,0,0,0,0,0,0,0,0,0,191000,0,0,0,201000,10000,191000,191000
08118P,嘉澤元富9B售02  ,0,0,0,0,0,0,0,0,0,190000,0,0,0,302000,112000,190000,190000
055973,亞德客統一97購01,0,0,0,0,0,0,0,0,0,190000,0,0,0,200000,10000,190000,190000
058160,奇鋐元富99購01  ,0,0,0,0,0,0,0,0,0,190000,0,0,0,190000,0,190000,190000
07917P,可成永豐9B售01  ,0,0,0,0,0,0,0,0,0,189000,0,0,0,189000,0,189000,189000
058797,大毅元大99購03  ,0,0,0,0,0,0,0,0,0,189000,0,0,0,199000,10000,189000,189000
063415,台積電凱基03購01,0,0,0,0,0,0,0,0,0,189000,0,0,0,200000,11000,189000,189000
07861P,台灣50中信03售08,0,0,0,0,0,0,0,0,0,188000,0,0,0,310000,122000,188000,188000
05950P,台積電國票97售04,0,0,0,0,0,0,0,0,0,188000,0,0,0,193000,5000,188000,188000
064049,信邦統一01購01  ,0,0,0,0,0,0,0,0,0,188000,0,0,0,261000,73000,188000,188000
059162,國巨凱基99購12  ,0,0,0,0,0,0,0,0,0,187000,0,0,0,237000,50000,187000,187000
06448P,華通元大99售01  ,0,0,0,0,0,0,0,0,0,187000,0,0,0,197000,10000,187000,187000
4106,雃博            ,415000,228000,187000,0,0,0,0,0,0,0,0,0,0,0,0,0,187000
058651,FBVIX中信9C購01 ,0,0,0,0,0,0,0,0,0,186000,0,0,0,276000,90000,186000,186000
062521,玉晶光元大9C購05,0,0,0,0,0,0,0,0,0,186000,0,0,0,186000,0,186000,186000
2392,正崴            ,724000,492991,231009,0,0,0,0,0,0,-46000,0,13000,-13000,29000,62000,-33000,185009
08075P,聯電群益9C售01  ,0,0,0,0,0,0,0,0,0,185000,0,0,0,187000,2000,185000,185000
065159,臻鼎群益9C購02  ,0,0,0,0,0,0,0,0,0,185000,0,0,0,185000,0,185000,185000
055758,旺宏群益97購01  ,0,0,0,0,0,0,0,0,0,185000,0,0,0,185000,0,185000,185000
059546,FBVIX群益99購03 ,0,0,0,0,0,0,0,0,0,185000,0,0,0,185000,0,185000,185000
062920,康友元大9B購01  ,0,0,0,0,0,0,0,0,0,185000,0,0,0,209000,24000,185000,185000
063941,國巨元大9C購12  ,0,0,0,0,0,0,0,0,0,185000,0,0,0,191000,6000,185000,185000
065035,世芯統一01購03  ,0,0,0,0,0,0,0,0,0,184000,0,0,0,254000,70000,184000,184000
07997P,上銀凱基9B售04  ,0,0,0,0,0,0,0,0,0,183000,0,0,0,207000,24000,183000,183000
055278,旺宏元大98購05  ,0,0,0,0,0,0,0,0,0,183000,0,0,0,183000,0,183000,183000
060008,華邦電群益9A購01,0,0,0,0,0,0,0,0,0,183000,0,0,0,183000,0,183000,183000
062247,國巨元大9B購07  ,0,0,0,0,0,0,0,0,0,183000,0,0,0,250000,67000,183000,183000
063605,健策凱基9C購02  ,0,0,0,0,0,0,0,0,0,183000,0,0,0,212000,29000,183000,183000
056089,同欣電統一98購01,0,0,0,0,0,0,0,0,0,182000,0,0,0,261000,79000,182000,182000
057182,禾伸堂元大99購02,0,0,0,0,0,0,0,0,0,182000,0,0,0,202000,20000,182000,182000
060415,葡萄王永豐9A購01,0,0,0,0,0,0,0,0,0,182000,0,0,0,213000,31000,182000,182000
060283,台肥元大9C購01  ,0,0,0,0,0,0,0,0,0,182000,0,0,0,192000,10000,182000,182000
064854,祥碩麥證9C購01  ,0,0,0,182000,0,182000,0,0,0,182000,0,0,0,182000,0,182000,182000
08264P,南電元大9C售02  ,0,0,0,0,0,0,0,0,0,181000,0,0,0,184000,3000,181000,181000
064129,新日興元大9C購02,0,0,0,0,0,0,0,0,0,181000,0,0,0,314000,133000,181000,181000
1467,南緯            ,181000,1000,180000,0,0,0,0,0,0,0,0,0,0,0,0,0,180000
05729P,臺股指凱基97售02,0,0,0,0,0,0,0,0,0,180000,0,0,0,180000,0,180000,180000
056507,創意永豐98購02  ,0,0,0,0,0,0,0,0,0,180000,0,0,0,259000,79000,180000,180000
056346,聯茂凱基99購02  ,0,0,0,0,0,0,0,0,0,180000,0,0,0,180000,0,180000,180000
054640,健策中信9B購01  ,0,0,0,0,0,0,0,0,0,180000,0,0,0,288000,108000,180000,180000
059680,台積電國泰9A購03,0,0,0,0,0,0,0,0,0,180000,0,0,0,182000,2000,180000,180000
058416,鴻海麥證99購01  ,0,0,0,181000,0,181000,0,0,0,180000,0,0,0,181000,1000,180000,180000
060454,葡萄王元大9A購01,0,0,0,0,0,0,0,0,0,180000,0,0,0,260000,80000,180000,180000
058897,國巨元大99購17  ,0,0,0,0,0,0,0,0,0,180000,0,0,0,240000,60000,180000,180000
063701,燿華群益9B購02  ,0,0,0,0,0,0,0,0,0,180000,0,0,0,211000,31000,180000,180000
064402,宏碁凱基01購01  ,0,0,0,0,0,0,0,0,0,180000,0,0,0,184000,4000,180000,180000
065327,台表科凱基9C購02,0,0,0,0,0,0,0,0,0,179000,0,0,0,279000,100000,179000,179000
055966,茂林元大99購01  ,0,0,0,0,0,0,0,0,0,179000,0,0,0,248000,69000,179000,179000
056869,國巨日盛99購03  ,0,0,0,0,0,0,0,0,0,179000,0,0,0,284000,105000,179000,179000
061067,貿聯凱基9A購03  ,0,0,0,0,0,0,0,0,0,179000,0,0,0,244000,65000,179000,179000
063663,台光電統一9C購01,0,0,0,0,0,0,0,0,0,179000,0,0,0,199000,20000,179000,179000
062679,技嘉統一01購01  ,0,0,0,0,0,0,0,0,0,179000,0,0,0,250000,71000,179000,179000
06970P,旺宏元大99售08  ,0,0,0,0,0,0,0,0,0,178000,0,0,0,178000,0,178000,178000
3533,嘉澤            ,346000,131000,215000,0,0,0,0,10000,-10000,-27000,20000,51000,-31000,8000,4000,4000,178000
061612,南六統一9A購01  ,0,0,0,0,0,0,0,0,0,178000,0,0,0,304000,126000,178000,178000
062322,元金2X統一01購01,0,0,0,0,0,0,0,0,0,178000,0,0,0,178000,0,178000,178000
063473,茂林元大9B購05  ,0,0,0,0,0,0,0,0,0,178000,0,0,0,195000,17000,178000,178000
064317,日月光群益9C購01,0,0,0,0,0,0,0,0,0,178000,0,0,0,215000,37000,178000,178000
2801,彰銀            ,3727000,3525220,201780,0,0,0,81000,57000,24000,-48000,2000,50000,-48000,0,0,0,177780
064892,台達電群益9C購02,0,0,0,0,0,0,0,0,0,176000,0,0,0,255000,79000,176000,176000
065178,和碩元大9C購01  ,0,0,0,0,0,0,0,0,0,176000,0,0,0,258000,82000,176000,176000
058514,潤泰全元大99購01,0,0,0,0,0,0,0,0,0,176000,0,0,0,176000,0,176000,176000
064719,聯發科統一02購01,0,0,0,0,0,0,0,0,0,176000,0,0,0,889000,713000,176000,176000
057776,京元電群益98購02,0,0,0,0,0,0,0,0,0,175000,0,0,0,398000,223000,175000,175000
020000,富邦特選蘋果N   ,0,0,0,0,0,0,0,0,0,175000,0,0,0,185000,10000,175000,175000
060677,京元電元大9A購04,0,0,0,0,0,0,0,0,0,175000,0,0,0,647000,472000,175000,175000
064089,新日興凱基02購01,0,0,0,0,0,0,0,0,0,175000,0,0,0,251000,76000,175000,175000
062190,瀚宇博元大9B購01,0,0,0,0,0,0,0,0,0,175000,0,0,0,369000,194000,175000,175000
08245P,台灣50群益9C售05,0,0,0,0,0,0,0,0,0,174000,0,0,0,189000,15000,174000,174000
057092,健策元富98購01  ,0,0,0,0,0,0,0,0,0,174000,0,0,0,194000,20000,174000,174000
061695,群創群益9A購01  ,0,0,0,0,0,0,0,0,0,174000,0,0,0,174000,0,174000,174000
063573,茂林元大9B購06  ,0,0,0,0,0,0,0,0,0,174000,0,0,0,341000,167000,174000,174000
064028,大毅元大01購01  ,0,0,0,0,0,0,0,0,0,174000,0,0,0,186000,12000,174000,174000
1440,南紡            ,1856000,1691000,165000,0,0,0,0,0,0,8000,8000,0,8000,0,0,0,173000
06750P,聯發科元富02售03,0,0,0,0,0,0,0,0,0,173000,0,0,0,173000,0,173000,173000
059943,信邦永豐99購01  ,0,0,0,0,0,0,0,0,0,173000,0,0,0,433000,260000,173000,173000
08074P,緯穎元富9B售02  ,0,0,0,0,0,0,0,0,0,172000,0,0,0,258000,86000,172000,172000
063966,大毅國票01購01  ,0,0,0,0,0,0,0,0,0,172000,0,0,0,199000,27000,172000,172000
061033,台光電永豐9A購01,0,0,0,0,0,0,0,0,0,171000,0,0,0,186000,15000,171000,171000
07720P,臺股指群益9A售09,0,0,0,0,0,0,0,0,0,170000,0,0,0,280000,110000,170000,170000
057739,新日興富邦9B購01,0,0,0,0,0,0,0,0,0,170000,0,0,0,190000,20000,170000,170000
053028,康控富邦98購01  ,0,0,0,0,0,0,0,0,0,170000,0,0,0,170000,0,170000,170000
055781,聯詠凱基98購01  ,0,0,0,0,0,0,0,0,0,170000,0,0,0,170000,0,170000,170000
055681,奇鋐凱基98購03  ,0,0,0,0,0,0,0,0,0,170000,0,0,0,190000,20000,170000,170000
054866,宏盛群益98購01  ,0,0,0,0,0,0,0,0,0,170000,0,0,0,170000,0,170000,170000
061087,國巨統一01購04  ,0,0,0,0,0,0,0,0,0,170000,0,0,0,182000,12000,170000,170000
064122,國巨元大9C購17  ,0,0,0,0,0,0,0,0,0,170000,0,0,0,386000,216000,170000,170000
064173,國產元富9C購01  ,0,0,0,0,0,0,0,0,0,170000,0,0,0,183000,13000,170000,170000
062699,台積電元大01購02,0,0,0,0,0,0,0,0,0,170000,0,0,0,647000,477000,170000,170000
07994P,臺股指群益9B售04,0,0,0,0,0,0,0,0,0,169000,0,0,0,299000,130000,169000,169000
061640,智原元大9A購01  ,0,0,0,0,0,0,0,0,0,169000,0,0,0,530000,361000,169000,169000
063020,奇力新元大9B購04,0,0,0,0,0,0,0,0,0,169000,0,0,0,169000,0,169000,169000
064462,致伸統一02購01  ,0,0,0,0,0,0,0,0,0,169000,0,0,0,169000,0,169000,169000
07014P,華通元大99售04  ,0,0,0,0,0,0,0,0,0,168000,0,0,0,183000,15000,168000,168000
056906,玉晶光元大9B購01,0,0,0,0,0,0,0,0,0,168000,0,0,0,549000,381000,168000,168000
064748,力成國票01購01  ,0,0,0,0,0,0,0,0,0,168000,0,0,0,216000,48000,168000,168000
062423,聯發科統一9C購07,0,0,0,0,0,0,0,0,0,168000,0,0,0,194000,26000,168000,168000
07834P,聯詠群益9A售03  ,0,0,0,0,0,0,0,0,0,167000,0,0,0,200000,33000,167000,167000
058429,欣興元富99購01  ,0,0,0,0,0,0,0,0,0,167000,0,0,0,246000,79000,167000,167000
063145,台表科統一02購01,0,0,0,0,0,0,0,0,0,167000,0,0,0,252000,85000,167000,167000
061850,國巨國票9C購02  ,0,0,0,0,0,0,0,0,0,166000,0,0,0,167000,1000,166000,166000
060573,力成永豐9A購01  ,0,0,0,0,0,0,0,0,0,166000,0,0,0,186000,20000,166000,166000
062837,復盛群益9B購01  ,0,0,0,0,0,0,0,0,0,166000,0,0,0,166000,0,166000,166000
063738,奇鋐元大9B購03  ,0,0,0,0,0,0,0,0,0,166000,0,0,0,234000,68000,166000,166000
08365P,貿聯凱基9C售01  ,0,0,0,0,0,0,0,0,0,165000,0,0,0,208000,43000,165000,165000
057787,TPK國票99購01   ,0,0,0,0,0,0,0,0,0,165000,0,0,0,165000,0,165000,165000
062292,旭富永豐9B購01  ,0,0,0,0,0,0,0,0,0,165000,0,0,0,165000,0,165000,165000
058379,臺股指凱基99購14,0,0,0,0,0,0,0,0,0,165000,0,0,0,200000,35000,165000,165000
063648,台表科元大9C購05,0,0,0,0,0,0,0,0,0,165000,0,0,0,220000,55000,165000,165000
063919,大立光元富03購01,0,0,0,0,0,0,0,0,0,165000,0,0,0,165000,0,165000,165000
3563,牧德            ,455000,300706,154294,0,0,0,0,19000,-19000,29000,0,20000,-20000,128000,79000,49000,164294
1611,中電            ,198000,34000,164000,0,0,0,0,0,0,0,0,0,0,0,0,0,164000
056936,禾伸堂元富98購01,0,0,0,0,0,0,0,0,0,164000,0,0,0,164000,0,164000,164000
063890,正隆群益9C購01  ,0,0,0,0,0,0,0,0,0,164000,0,0,0,233000,69000,164000,164000
063597,健策中信9B購02  ,0,0,0,0,0,0,0,0,0,164000,0,0,0,240000,76000,164000,164000
2439,美律            ,1151000,357000,794000,0,0,0,0,624000,-624000,-7000,6000,2000,4000,18000,29000,-11000,163000
2484,希華            ,167000,4000,163000,0,0,0,0,0,0,0,0,0,0,0,0,0,163000
061568,國巨元大9A購25  ,0,0,0,0,0,0,0,0,0,163000,0,0,0,167000,4000,163000,163000
064062,創意國泰01購01  ,0,0,0,0,0,0,0,0,0,163000,0,0,0,323000,160000,163000,163000
4133,亞諾法          ,2144000,1971000,173000,0,0,0,0,0,0,-10000,0,10000,-10000,0,0,0,163000
2892,第一金          ,5412000,5397213,14787,0,0,0,146000,38000,108000,40000,100000,60000,40000,0,0,0,162787
2351,順德            ,213000,51000,162000,0,0,0,0,0,0,0,0,0,0,0,0,0,162000
061668,信邦中信9B購01  ,0,0,0,0,0,0,0,0,0,162000,0,0,0,182000,20000,162000,162000
057700,新日興群益9A購01,0,0,0,0,0,0,0,0,0,162000,0,0,0,163000,1000,162000,162000
060124,奇力新永豐99購03,0,0,0,0,0,0,0,0,0,162000,0,0,0,162000,0,162000,162000
8261,富鼎            ,387000,223000,164000,0,0,0,0,0,0,-2000,0,2000,-2000,0,0,0,162000
07781P,高鐵凱基9A售02  ,0,0,0,0,0,0,0,0,0,161000,0,0,0,161000,0,161000,161000
057019,台積電凱基98購14,0,0,0,0,0,0,0,0,0,161000,0,0,0,161000,0,161000,161000
056269,新日興統一98購01,0,0,0,0,0,0,0,0,0,161000,0,0,0,396000,235000,161000,161000
053573,臺股指統一99購01,0,0,0,0,0,0,0,0,0,161000,0,0,0,181000,20000,161000,161000
059980,台積電元大99購50,0,0,0,0,0,0,0,0,0,161000,0,0,0,216000,55000,161000,161000
063510,台表科群益9C購01,0,0,0,0,0,0,0,0,0,161000,0,0,0,203000,42000,161000,161000
07016P,聯發科元大99售10,0,0,0,0,0,0,0,0,0,160000,0,0,0,170000,10000,160000,160000
06967P,台郡台新99售02  ,0,0,0,0,0,0,0,0,0,160000,0,0,0,180000,20000,160000,160000
065210,健策國票01購03  ,0,30000,-30000,0,0,0,0,0,0,190000,0,0,0,191000,1000,190000,160000
065019,華邦電富邦9C購01,0,0,0,0,0,0,0,0,0,160000,0,0,0,162000,2000,160000,160000
065307,矽格元富9C購01  ,0,0,0,0,0,0,0,0,0,160000,0,0,0,160000,0,160000,160000
06529P,貿聯富邦99售03  ,0,0,0,0,0,0,0,0,0,160000,0,0,0,160000,0,160000,160000
047196,上銀統一97購01  ,0,0,0,0,0,0,0,0,0,160000,0,0,0,160000,0,160000,160000
0061,元大寶滬深      ,63000,13000,50000,0,0,0,0,0,0,110000,140000,30000,110000,10000,10000,0,160000
061094,彩晶統一9B購02  ,0,0,0,0,0,0,0,0,0,160000,0,0,0,160000,0,160000,160000
061582,麗豐元大9A購01  ,0,0,0,0,0,0,0,0,0,160000,0,0,0,188000,28000,160000,160000
061699,燿華國票9A購01  ,0,0,0,0,0,0,0,0,0,160000,0,0,0,160000,0,160000,160000
062778,國巨元大9B購17  ,0,0,0,0,0,0,0,0,0,160000,0,0,0,276000,116000,160000,160000
063881,嘉晶元富9C購01  ,0,0,0,0,0,0,0,0,0,160000,0,0,0,227000,67000,160000,160000
064283,奇鋐元大9C購02  ,0,0,0,0,0,0,0,0,0,160000,0,0,0,228000,68000,160000,160000
1460,宏遠            ,398000,239000,159000,0,0,0,0,0,0,0,0,0,0,0,0,0,159000
054079,鴻海中信98購02  ,0,0,0,0,0,0,0,0,0,159000,0,0,0,524000,365000,159000,159000
061326,新日興凱基9B購01,0,0,0,0,0,0,0,0,0,159000,0,0,0,329000,170000,159000,159000
059054,國巨凱基99購11  ,0,0,0,0,0,0,0,0,0,159000,0,0,0,168000,9000,159000,159000
058099,鴻海國泰9A購02  ,0,0,0,0,0,0,0,0,0,159000,0,0,0,159000,0,159000,159000
064059,新日興麥證01購01,0,0,0,169000,10000,159000,0,0,0,159000,0,0,0,169000,10000,159000,159000
064140,台達電統一01購01,0,0,0,0,0,0,0,0,0,159000,0,0,0,179000,20000,159000,159000
062411,玉晶光第一9B購01,0,0,0,0,0,0,0,0,0,159000,0,0,0,182000,23000,159000,159000
064956,麗豐凱基9C購01  ,0,0,0,0,0,0,0,0,0,158000,0,0,0,240000,82000,158000,158000
056823,智伸科永豐98購01,0,58000,-58000,0,0,0,0,0,0,216000,0,0,0,448000,232000,216000,158000
052747,京鼎元大97購01  ,0,0,0,0,0,0,0,0,0,158000,0,0,0,158000,0,158000,158000
060572,景碩永豐9A購01  ,0,0,0,0,0,0,0,0,0,158000,0,0,0,251000,93000,158000,158000
062264,南六元大9B購02  ,0,0,0,0,0,0,0,0,0,158000,0,0,0,158000,0,158000,158000
062229,南六統一9B購01  ,0,0,0,0,0,0,0,0,0,158000,0,0,0,158000,0,158000,158000
062771,臺股指凱基9B購15,0,0,0,0,0,0,0,0,0,158000,0,0,0,162000,4000,158000,158000
062922,南六元大9B購03  ,0,0,0,0,0,0,0,0,0,158000,0,0,0,252000,94000,158000,158000
064331,微星元大9C購03  ,0,0,0,0,0,0,0,0,0,158000,0,0,0,269000,111000,158000,158000
6176,瑞儀            ,753000,1102000,-349000,0,0,0,514000,70000,444000,63000,80000,12000,68000,8000,13000,-5000,158000
057944,新日興國票99購02,0,0,0,0,0,0,0,0,0,157000,0,0,0,166000,9000,157000,157000
07085P,超眾元富9C售01  ,0,0,0,0,0,0,0,0,0,156000,0,0,0,222000,66000,156000,156000
061210,玉山金元大9A購02,0,0,0,0,0,0,0,0,0,156000,0,0,0,206000,50000,156000,156000
060958,儒鴻凱基9A購02  ,0,0,0,0,0,0,0,0,0,156000,0,0,0,179000,23000,156000,156000
058677,矽格群益99購01  ,0,0,0,0,0,0,0,0,0,156000,0,0,0,338000,182000,156000,156000
058293,光寶科凱基9A購01,0,0,0,0,0,0,0,0,0,156000,0,0,0,240000,84000,156000,156000
064342,晶技元大9C購01  ,0,0,0,0,0,0,0,0,0,155000,0,0,0,223000,68000,155000,155000
07148P,富邦金元大99售01,0,0,0,0,0,0,0,0,0,154000,0,0,0,260000,106000,154000,154000
06552P,茂林元大99售02  ,0,0,0,0,0,0,0,0,0,154000,0,0,0,155000,1000,154000,154000
057647,欣興元大98購10  ,0,0,0,0,0,0,0,0,0,154000,0,0,0,206000,52000,154000,154000
059559,T50反1凱基99購07,0,0,0,0,0,0,0,0,0,154000,0,0,0,175000,21000,154000,154000
06377P,華通統一97售04  ,0,0,0,0,0,0,0,0,0,154000,0,0,0,154000,0,154000,154000
3044,健鼎            ,1270890,4853000,-3582110,0,0,0,4041000,132000,3909000,-173000,2000,86000,-84000,50000,139000,-89000,153890
08010P,大成鋼元大9B售01,0,0,0,0,0,0,0,0,0,153000,0,0,0,163000,10000,153000,153000
08250P,GIS群益9C售02   ,0,0,0,0,0,0,0,0,0,153000,0,0,0,224000,71000,153000,153000
065045,信邦凱基9C購01  ,0,0,0,0,0,0,0,0,0,153000,0,0,0,215000,62000,153000,153000
057041,國巨元大99購04  ,4000,0,4000,0,0,0,0,0,0,149000,0,0,0,284000,135000,149000,153000
056304,創意元大97購03  ,0,0,0,0,0,0,0,0,0,153000,0,0,0,418000,265000,153000,153000
058296,明泰凱基99購01  ,0,0,0,0,0,0,0,0,0,153000,0,0,0,173000,20000,153000,153000
058376,貿聯凱基9A購01  ,0,0,0,0,0,0,0,0,0,153000,0,0,0,220000,67000,153000,153000
063653,儒鴻元富9B購01  ,0,0,0,0,0,0,0,0,0,153000,0,0,0,260000,107000,153000,153000
064257,台勝科國泰01購01,0,0,0,0,0,0,0,0,0,153000,0,0,0,464000,311000,153000,153000
07864P,可成元大9B售01  ,0,0,0,0,0,0,0,0,0,152000,0,0,0,202000,50000,152000,152000
055389,國巨統一98購02  ,0,0,0,0,0,0,0,0,0,152000,0,0,0,152000,0,152000,152000
057016,中石化凱基9B購01,0,0,0,0,0,0,0,0,0,152000,0,0,0,540000,388000,152000,152000
060172,智原台新9A購01  ,0,0,0,0,0,0,0,0,0,152000,0,0,0,262000,110000,152000,152000
060867,智伸科永豐9A購01,0,0,0,0,0,0,0,0,0,152000,0,0,0,396000,244000,152000,152000
062237,緯創凱基9B購01  ,0,0,0,0,0,0,0,0,0,152000,0,0,0,273000,121000,152000,152000
060476,瑞祺元大9A購02  ,0,0,0,0,0,0,0,0,0,152000,0,0,0,163000,11000,152000,152000
08225P,臺股指凱基9B售20,0,0,0,0,0,0,0,0,0,151000,0,0,0,171000,20000,151000,151000
065269,貿聯元大9C購05  ,0,0,0,0,0,0,0,0,0,151000,0,0,0,306000,155000,151000,151000
057691,健策凱基99購01  ,0,0,0,0,0,0,0,0,0,151000,0,0,0,194000,43000,151000,151000
061693,華新科群益9B購02,0,0,0,0,0,0,0,0,0,151000,0,0,0,200000,49000,151000,151000
03657C,T50反1元大99牛01,0,0,0,0,0,0,0,0,0,151000,0,0,0,305000,154000,151000,151000
062236,信邦凱基9B購01  ,0,0,0,0,0,0,0,0,0,151000,0,0,0,221000,70000,151000,151000
058723,元石油國泰9A購01,0,0,0,0,0,0,0,0,0,151000,0,0,0,165000,14000,151000,151000
063617,鴻海兆豐01購01  ,0,0,0,0,0,0,0,0,0,151000,0,0,0,151000,0,151000,151000
065433,緯創凱基9C購01  ,0,0,0,0,0,0,0,0,0,150000,0,0,0,255000,105000,150000,150000
064942,道瓊反凱基02購01,0,0,0,0,0,0,0,0,0,150000,0,0,0,150000,0,150000,150000
064935,寶成統一02購02  ,0,0,0,0,0,0,0,0,0,150000,0,0,0,150000,0,150000,150000
07233P,台灣50元大99售04,0,0,0,0,0,0,0,0,0,150000,0,0,0,160000,10000,150000,150000
050754,元金2X元富9B購01,0,0,0,0,0,0,0,0,0,150000,0,0,0,155000,5000,150000,150000
052654,友達統一97購01  ,0,0,0,0,0,0,0,0,0,150000,0,0,0,150000,0,150000,150000
052004,泰碩國泰97購03  ,0,0,0,0,0,0,0,0,0,150000,0,0,0,150000,0,150000,150000
00728,第一金工業30    ,0,0,0,0,0,0,0,0,0,150000,0,0,0,350000,200000,150000,150000
055851,智原元大98購01  ,0,0,0,0,0,0,0,0,0,150000,0,0,0,150000,0,150000,150000
054169,上緯控凱基98購01,0,0,0,0,0,0,0,0,0,150000,0,0,0,150000,0,150000,150000
054535,旺宏富邦97購02  ,0,0,0,0,0,0,0,0,0,150000,0,0,0,150000,0,150000,150000
061660,禾伸堂永豐9A購01,0,0,0,0,0,0,0,0,0,150000,0,0,0,150000,0,150000,150000
057798,貿聯兆豐99購01  ,0,0,0,0,0,0,0,0,0,150000,0,0,0,180000,30000,150000,150000
060959,金像電凱基9A購01,0,0,0,0,0,0,0,0,0,150000,0,0,0,200000,50000,150000,150000
061572,奇力新元大9A購04,0,0,0,0,0,0,0,0,0,150000,0,0,0,150000,0,150000,150000
060180,上証2X元富9A購02,0,0,0,0,0,0,0,0,0,150000,0,0,0,150000,0,150000,150000
062305,遠東新凱基9B購01,0,0,0,0,0,0,0,0,0,150000,0,0,0,150000,0,150000,150000
6142,友勁            ,58000,208000,-150000,0,0,0,0,0,0,300000,300000,0,300000,0,0,0,150000
08120P,南亞科國票9C售01,0,0,0,0,0,0,0,0,0,149000,0,0,0,149000,0,149000,149000
08152P,祥碩統一9B售02  ,0,0,0,0,0,0,0,0,0,149000,0,0,0,549000,400000,149000,149000
062287,康友群益9B購02  ,0,0,0,0,0,0,0,0,0,149000,0,0,0,149000,0,149000,149000
061877,貿聯元大9B購01  ,0,0,0,0,0,0,0,0,0,149000,0,0,0,204000,55000,149000,149000
058610,欣興元大99購05  ,0,0,0,0,0,0,0,0,0,149000,0,0,0,230000,81000,149000,149000
064291,南六元大9C購04  ,0,0,0,0,0,0,0,0,0,149000,0,0,0,171000,22000,149000,149000
064544,國巨凱基9C購09  ,0,0,0,0,0,0,0,0,0,149000,0,0,0,216000,67000,149000,149000
08248P,旺宏群益9C售02  ,0,0,0,0,0,0,0,0,0,148000,0,0,0,148000,0,148000,148000
3003,健和興          ,140000,22000,118000,0,0,0,0,0,0,30000,20000,1000,19000,11000,0,11000,148000
064985,台表科元大9C購09,0,0,0,0,0,0,0,0,0,148000,0,0,0,217000,69000,148000,148000
058054,台積電統一9C購01,0,0,0,0,0,0,0,0,0,148000,0,0,0,987000,839000,148000,148000
062576,華擎群益9B購02  ,0,0,0,0,0,0,0,0,0,148000,0,0,0,155000,7000,148000,148000
063489,新日興國泰01購01,0,0,0,0,0,0,0,0,0,148000,0,0,0,149000,1000,148000,148000
063173,矽格中信9B購01  ,0,0,0,0,0,0,0,0,0,148000,0,0,0,206000,58000,148000,148000
6706,惠特            ,219000,74000,145000,0,0,0,0,0,0,3000,16000,13000,3000,0,0,0,148000
059965,鴻海凱基99購16  ,0,0,0,0,0,0,0,0,0,147000,0,0,0,147000,0,147000,147000
060214,茂林康和9A購01  ,0,0,0,0,0,0,0,0,0,147000,0,0,0,147000,0,147000,147000
059510,華新科永豐99購07,0,0,0,0,0,0,0,0,0,147000,0,0,0,157000,10000,147000,147000
063773,可成富邦9C購01  ,0,0,0,0,0,0,0,0,0,147000,0,0,0,200000,53000,147000,147000
07839P,嘉澤元大9A售04  ,0,0,0,0,0,0,0,0,0,146000,0,0,0,146000,0,146000,146000
060280,元金2X元大9A購01,0,0,0,0,0,0,0,0,0,146000,0,0,0,154000,8000,146000,146000
063760,聯詠統一9C購02  ,0,0,0,0,0,0,0,0,0,146000,0,0,0,175000,29000,146000,146000
064353,力成元大9C購02  ,0,0,0,0,0,0,0,0,0,146000,0,0,0,146000,0,146000,146000
07206P,鴻海凱基9A售11  ,0,0,0,0,0,0,0,0,0,145000,0,0,0,153000,8000,145000,145000
1536,和大            ,229000,169000,60000,0,0,0,0,0,0,85000,161000,87000,74000,36000,25000,11000,145000
08160P,茂林元富9B售03  ,0,0,0,0,0,0,0,0,0,145000,0,0,0,166000,21000,145000,145000
07843P,緯穎元大9A售05  ,0,0,0,0,0,0,0,0,0,145000,0,0,0,145000,0,145000,145000
08068P,宏達電國泰9C售01,0,0,0,0,0,0,0,0,0,145000,0,0,0,145000,0,145000,145000
056995,華新科日盛99購01,0,0,0,0,0,0,0,0,0,145000,0,0,0,145000,0,145000,145000
055174,精元統一97購01  ,0,0,0,0,0,0,0,0,0,145000,0,0,0,145000,0,145000,145000
060756,鴻海元大9A購16  ,0,0,0,0,0,0,0,0,0,145000,0,0,0,155000,10000,145000,145000
058516,健鼎元大99購02  ,0,0,0,0,0,0,0,0,0,145000,0,0,0,203000,58000,145000,145000
064306,和潤兆豐01購01  ,0,0,0,0,0,0,0,0,0,145000,0,0,0,150000,5000,145000,145000
06822P,上銀富邦99售03  ,0,0,0,0,0,0,0,0,0,144000,0,0,0,268000,124000,144000,144000
065145,貿聯凱基9C購02  ,0,0,0,0,0,0,0,0,0,144000,0,0,0,144000,0,144000,144000
065413,玉晶光永豐9C購10,0,0,0,0,0,0,0,0,0,144000,0,0,0,170000,26000,144000,144000
054771,茂林國票98購02  ,0,0,0,0,0,0,0,0,0,144000,0,0,0,221000,77000,144000,144000
053609,華新中信9A購01  ,0,0,0,0,0,0,0,0,0,144000,0,0,0,144000,0,144000,144000
057572,明泰永豐98購01  ,0,0,0,0,0,0,0,0,0,144000,0,0,0,144000,0,144000,144000
064728,健策統一9C購04  ,0,0,0,0,0,0,0,0,0,144000,0,0,0,189000,45000,144000,144000
063169,台汽電永豐9B購01,0,0,0,0,0,0,0,0,0,144000,0,0,0,144000,0,144000,144000
063225,茂林群益9B購04  ,0,0,0,0,0,0,0,0,0,144000,0,0,0,157000,13000,144000,144000
063517,遠東新凱基01購01,0,0,0,0,0,0,0,0,0,144000,0,0,0,144000,0,144000,144000
063302,國巨凱基9C購05  ,0,0,0,0,0,0,0,0,0,144000,0,0,0,160000,16000,144000,144000
062201,臺指反國票9B購05,0,0,0,0,0,0,0,0,0,144000,0,0,0,145000,1000,144000,144000
08059P,京鼎元大9B售02  ,0,0,0,0,0,0,0,0,0,143000,0,0,0,143000,0,143000,143000
056419,欣興元富98購02  ,0,0,0,0,0,0,0,0,0,143000,0,0,0,156000,13000,143000,143000
057810,技嘉元大98購06  ,0,0,0,0,0,0,0,0,0,143000,0,0,0,204000,61000,143000,143000
00665L,富邦恒生國企正2 ,94000,0,94000,0,0,0,0,0,0,49000,0,0,0,228000,179000,49000,143000
00668,國泰美國道瓊    ,0,0,0,0,0,0,0,0,0,143000,0,0,0,242000,99000,143000,143000
055408,力成國泰98購01  ,0,0,0,0,0,0,0,0,0,143000,0,0,0,143000,0,143000,143000
055335,健策兆豐98購01  ,0,0,0,0,0,0,0,0,0,143000,0,0,0,143000,0,143000,143000
061951,南電群益9B購01  ,0,0,0,0,0,0,0,0,0,143000,0,0,0,143000,0,143000,143000
063729,國巨元大9C購08  ,0,0,0,0,0,0,0,0,0,143000,0,0,0,153000,10000,143000,143000
055487,國巨元大98購07  ,0,0,0,0,0,0,0,0,0,142000,0,0,0,234000,92000,142000,142000
006206,元大上證50      ,168000,0,168000,0,0,0,0,0,0,-26000,0,0,0,492000,518000,-26000,142000
056434,國巨凱基98購03  ,0,0,0,0,0,0,0,0,0,142000,0,0,0,169000,27000,142000,142000
060314,元翎永豐9A購01  ,0,0,0,0,0,0,0,0,0,142000,0,0,0,154000,12000,142000,142000
061237,晶技元大9A購01  ,0,0,0,0,0,0,0,0,0,142000,0,0,0,151000,9000,142000,142000
062549,中租永豐9B購01  ,0,0,0,0,0,0,0,0,0,142000,0,0,0,258000,116000,142000,142000
063424,新日興凱基01購01,0,0,0,0,0,0,0,0,0,142000,0,0,0,142000,0,142000,142000
063247,信邦元大9B購02  ,0,0,0,0,0,0,0,0,0,142000,0,0,0,162000,20000,142000,142000
065298,健策統一9C購06  ,0,0,0,0,0,0,0,0,0,141000,0,0,0,230000,89000,141000,141000
057802,卜蜂元大98購01  ,0,0,0,0,0,0,0,0,0,141000,0,0,0,155000,14000,141000,141000
060896,晶技凱基9A購02  ,0,0,0,0,0,0,0,0,0,141000,0,0,0,181000,40000,141000,141000
060245,聯陽元大9C購01  ,0,0,0,0,0,0,0,0,0,141000,0,0,0,160000,19000,141000,141000
059700,鴻海凱基9A購16  ,0,0,0,0,0,0,0,0,0,141000,0,0,0,141000,0,141000,141000
063976,正崴兆豐9C購01  ,0,0,0,0,0,0,0,0,0,141000,0,0,0,181000,40000,141000,141000
065166,台達電元大9C購04,0,0,0,0,0,0,0,0,0,140000,0,0,0,163000,23000,140000,140000
07256P,臺股指凱基99售36,0,0,0,0,0,0,0,0,0,140000,0,0,0,140000,0,140000,140000
057554,新日興凱基99購02,0,0,0,0,0,0,0,0,0,140000,0,0,0,142000,2000,140000,140000
051939,同欣電群益97購01,0,0,0,0,0,0,0,0,0,140000,0,0,0,140000,0,140000,140000
055688,力成凱基98購02  ,0,0,0,0,0,0,0,0,0,140000,0,0,0,140000,0,140000,140000
054959,禾伸堂元大98購01,0,0,0,0,0,0,0,0,0,140000,0,0,0,164000,24000,140000,140000
063968,新光金國票01購01,0,0,0,0,0,0,0,0,0,140000,0,0,0,140000,0,140000,140000
063246,嘉晶元大9C購01  ,0,0,0,0,0,0,0,0,0,140000,0,0,0,160000,20000,140000,140000
062761,嘉晶凱基9C購01  ,0,0,0,0,0,0,0,0,0,140000,0,0,0,161000,21000,140000,140000
057624,新日興國泰99購01,0,0,0,0,0,0,0,0,0,139000,0,0,0,139000,0,139000,139000
058702,國巨元大99購16  ,0,0,0,0,0,0,0,0,0,139000,0,0,0,140000,1000,139000,139000
058406,聯茂元大99購06  ,0,0,0,0,0,0,0,0,0,139000,0,0,0,141000,2000,139000,139000
062641,瀚宇博國票9B購01,0,0,0,0,0,0,0,0,0,139000,0,0,0,262000,123000,139000,139000
061767,信邦元大9B購01  ,0,0,0,0,0,0,0,0,0,139000,0,0,0,231000,92000,139000,139000
063406,麗豐國票9C購01  ,0,0,0,0,0,0,0,0,0,139000,0,0,0,140000,1000,139000,139000
063311,喬山群益9B購01  ,0,0,0,0,0,0,0,0,0,139000,0,0,0,171000,32000,139000,139000
064246,南六統一9C購02  ,0,0,0,0,0,0,0,0,0,139000,0,0,0,139000,0,139000,139000
08424P,群創元富9C售03  ,0,0,0,0,0,0,0,0,0,138000,0,0,0,138000,0,138000,138000
056548,瀚宇博凱基98購02,0,0,0,0,0,0,0,0,0,138000,0,0,0,138000,0,138000,138000
057009,信邦中信99購01  ,0,0,0,0,0,0,0,0,0,138000,0,0,0,294000,156000,138000,138000
061659,信邦永豐9A購01  ,0,0,0,0,0,0,0,0,0,138000,0,0,0,335000,197000,138000,138000
061370,晶技國泰9C購01  ,0,0,0,0,0,0,0,0,0,138000,0,0,0,421000,283000,138000,138000
053761,健策國泰98購01  ,0,0,0,0,0,0,0,0,0,138000,0,0,0,171000,33000,138000,138000
061963,台積電統一01購04,0,0,0,0,0,0,0,0,0,138000,0,0,0,315000,177000,138000,138000
061896,景碩永豐9B購01  ,0,0,0,0,0,0,0,0,0,138000,0,0,0,188000,50000,138000,138000
064564,義隆群益9C購02  ,0,0,0,0,0,0,0,0,0,138000,0,0,0,271000,133000,138000,138000
064580,統一永豐9C購01  ,0,0,0,0,0,0,0,0,0,138000,0,0,0,216000,78000,138000,138000
064012,泰碩國票01購02  ,0,0,0,0,0,0,0,0,0,138000,0,0,0,219000,81000,138000,138000
064036,矽創元大9C購01  ,0,0,0,0,0,0,0,0,0,138000,0,0,0,159000,21000,138000,138000
3702,大聯大          ,1136000,1029000,107000,0,0,0,22000,3000,19000,12000,25000,11000,14000,0,2000,-2000,138000
064955,健策凱基9C購03  ,0,0,0,0,0,0,0,0,0,137000,0,0,0,200000,63000,137000,137000
056519,創意國票99購01  ,0,0,0,0,0,0,0,0,0,137000,0,0,0,137000,0,137000,137000
058203,信邦凱基99購01  ,0,0,0,0,0,0,0,0,0,137000,0,0,0,211000,74000,137000,137000
07634P,金像電元大9A售01,0,0,0,0,0,0,0,0,0,136000,0,0,0,157000,21000,136000,136000
056004,南電永豐97購02  ,0,0,0,0,0,0,0,0,0,136000,0,0,0,149000,13000,136000,136000
061031,神隆永豐9A購02  ,0,0,0,0,0,0,0,0,0,136000,0,0,0,167000,31000,136000,136000
064721,國泰金統一02購01,0,0,0,0,0,0,0,0,0,136000,0,0,0,226000,90000,136000,136000
063373,晶技永豐9B購02  ,0,0,0,0,0,0,0,0,0,136000,0,0,0,136000,0,136000,136000
062987,祥碩中信01購01  ,0,0,0,0,0,0,0,0,0,136000,0,0,0,322000,186000,136000,136000
061713,華邦電凱基9A購01,0,0,0,0,0,0,0,0,0,136000,0,0,0,136000,0,136000,136000
2360,致茂            ,764000,622239,141761,0,0,0,0,0,0,-6000,0,5000,-5000,3000,4000,-1000,135761
057506,聯鈞國票99購02  ,0,0,0,0,0,0,0,0,0,135000,0,0,0,253000,118000,135000,135000
057298,旭富永豐98購01  ,0,0,0,0,0,0,0,0,0,135000,0,0,0,155000,20000,135000,135000
063029,喬山凱基9B購01  ,0,0,0,0,0,0,0,0,0,135000,0,0,0,202000,67000,135000,135000
057271,國巨元大98購17  ,0,0,0,0,0,0,0,0,0,134000,0,0,0,134000,0,134000,134000
054533,泰碩國泰98購01  ,0,0,0,0,0,0,0,0,0,134000,0,0,0,136000,2000,134000,134000
058377,茂林凱基9A購03  ,0,0,0,0,0,0,0,0,0,134000,0,0,0,221000,87000,134000,134000
060048,元金2X凱基99購03,0,0,0,0,0,0,0,0,0,134000,0,0,0,165000,31000,134000,134000
060342,台積電統一02購01,0,0,0,0,0,0,0,0,0,134000,0,0,0,184000,50000,134000,134000
063278,國巨元大9C購04  ,0,0,0,0,0,0,0,0,0,134000,0,0,0,138000,4000,134000,134000
063434,和潤元富9B購01  ,0,0,0,0,0,0,0,0,0,134000,0,0,0,150000,16000,134000,134000
064229,台表科國票01購01,0,0,0,0,0,0,0,0,0,134000,0,0,0,134000,0,134000,134000
063642,茂林元大9B購08  ,0,0,0,0,0,0,0,0,0,134000,0,0,0,224000,90000,134000,134000
2836,高雄銀          ,192000,59000,133000,0,0,0,0,0,0,0,0,0,0,0,0,0,133000
07675P,全新永豐9A售02  ,0,0,0,0,0,0,0,0,0,133000,0,0,0,133000,0,133000,133000
065207,奇力新國票9C購02,0,0,0,0,0,0,0,0,0,133000,0,0,0,199000,66000,133000,133000
065232,健策凱基02購01  ,0,0,0,0,0,0,0,0,0,133000,0,0,0,247000,114000,133000,133000
054354,技嘉富邦97購01  ,0,0,0,0,0,0,0,0,0,133000,0,0,0,191000,58000,133000,133000
057924,健策凱基98購02  ,0,0,0,0,0,0,0,0,0,133000,0,0,0,147000,14000,133000,133000
061446,鴻海中信04購01  ,0,0,0,0,0,0,0,0,0,133000,0,0,0,294000,161000,133000,133000
056530,旺宏凱基98購06  ,0,0,0,0,0,0,0,0,0,133000,0,0,0,133000,0,133000,133000
058046,國巨元大9A購01  ,0,0,0,0,0,0,0,0,0,133000,0,0,0,148000,15000,133000,133000
061186,牧德國泰9C購01  ,0,0,0,0,0,0,0,0,0,133000,0,0,0,1391000,1258000,133000,133000
063436,儒鴻統一01購03  ,0,0,0,0,0,0,0,0,0,133000,0,0,0,163000,30000,133000,133000
063552,晶技國票9B購03  ,0,0,0,0,0,0,0,0,0,133000,0,0,0,212000,79000,133000,133000
063270,喬山兆豐9C購01  ,0,0,0,0,0,0,0,0,0,133000,0,0,0,177000,44000,133000,133000
06296P,燿華元大98售01  ,0,0,0,0,0,0,0,0,0,133000,0,0,0,133000,0,133000,133000
2905,三商            ,288000,151000,137000,0,0,0,0,0,0,-5000,0,5000,-5000,0,0,0,132000
2428,興勤            ,151000,8000,143000,0,0,0,0,0,0,-11000,0,0,0,1000,12000,-11000,132000
057527,億光元大98購01  ,0,0,0,0,0,0,0,0,0,132000,0,0,0,162000,30000,132000,132000
00762,元大全球AI      ,0,0,0,0,0,0,0,0,0,132000,0,0,0,134000,2000,132000,132000
061613,南六統一9C購01  ,0,0,0,0,0,0,0,0,0,132000,0,0,0,275000,143000,132000,132000
062336,茂林統一01購02  ,0,0,0,0,0,0,0,0,0,132000,0,0,0,274000,142000,132000,132000
063612,金像電群益9B購04,0,0,0,0,0,0,0,0,0,132000,0,0,0,199000,67000,132000,132000
064627,矽格元大9C購01  ,0,0,0,0,0,0,0,0,0,132000,0,0,0,327000,195000,132000,132000
056459,茂林凱基99購01  ,0,0,0,0,0,0,0,0,0,131000,0,0,0,324000,193000,131000,131000
061787,華新科群益9C購01,0,0,0,0,0,0,0,0,0,131000,0,0,0,200000,69000,131000,131000
063622,健策兆豐9B購01  ,0,0,0,0,0,0,0,0,0,131000,0,0,0,131000,0,131000,131000
063153,南六元富9B購01  ,0,0,0,0,0,0,0,0,0,131000,0,0,0,157000,26000,131000,131000
2504,國產            ,690000,649249,40751,0,0,0,0,0,0,90000,0,0,0,185000,95000,90000,130751
07904P,聯發科群益9B售05,0,0,0,0,0,0,0,0,0,130000,0,0,0,136000,6000,130000,130000
056831,元油2X元富98購11,0,0,0,0,0,0,0,0,0,130000,0,0,0,130000,0,130000,130000
052838,新唐國泰98購01  ,0,0,0,0,0,0,0,0,0,130000,0,0,0,130000,0,130000,130000
046949,群創元大99購01  ,0,0,0,0,0,0,0,0,0,130000,0,0,0,150000,20000,130000,130000
054484,仁寶台新96購01  ,0,0,0,0,0,0,0,0,0,130000,0,0,0,130000,0,130000,130000
062224,玉晶光統一9C購03,0,0,0,0,0,0,0,0,0,130000,0,0,0,130000,0,130000,130000
06072P,牧德永豐97售01  ,0,0,0,0,0,0,0,0,0,130000,0,0,0,130000,0,130000,130000
062694,遠東新元大9B購01,0,0,0,0,0,0,0,0,0,130000,0,0,0,130000,0,130000,130000
064695,京鼎群益02購02  ,0,0,0,0,0,0,0,0,0,130000,0,0,0,200000,70000,130000,130000
08242P,聯發科凱基9C售06,0,0,0,0,0,0,0,0,0,129000,0,0,0,179000,50000,129000,129000
08209P,上銀元富9B售06  ,0,0,0,0,0,0,0,0,0,129000,0,0,0,229000,100000,129000,129000
064924,健策統一9C購05  ,0,0,0,0,0,0,0,0,0,129000,0,0,0,317000,188000,129000,129000
07500P,微星元大9A售01  ,0,0,0,0,0,0,0,0,0,129000,0,0,0,150000,21000,129000,129000
059841,國巨富邦9C購01  ,22000,0,22000,0,0,0,0,0,0,107000,0,0,0,140000,33000,107000,129000
062100,矽格永豐9B購01  ,0,0,0,0,0,0,0,0,0,129000,0,0,0,129000,0,129000,129000
062080,奇力新元大9B購02,0,0,0,0,0,0,0,0,0,129000,0,0,0,129000,0,129000,129000
058864,欣興凱基99購04  ,0,0,0,0,0,0,0,0,0,129000,0,0,0,129000,0,129000,129000
07114P,旺宏兆豐9A售01  ,0,0,0,0,0,0,0,0,0,128000,0,0,0,128000,0,128000,128000
03682C,臺股指凱基9C牛07,0,0,0,0,0,0,0,0,0,128000,0,0,0,239000,111000,128000,128000
061606,景碩凱基9A購02  ,0,0,0,0,0,0,0,0,0,128000,0,0,0,176000,48000,128000,128000
059534,國泰金凱基99購01,0,0,0,0,0,0,0,0,0,128000,0,0,0,128000,0,128000,128000
064810,嘉晶元大01購01  ,0,0,0,0,0,0,0,0,0,128000,0,0,0,138000,10000,128000,128000
08231P,上銀元富9B售10  ,0,0,0,0,0,0,0,0,0,127000,0,0,0,234000,107000,127000,127000
08247P,台積電群益9C售06,0,0,0,0,0,0,0,0,0,127000,0,0,0,390000,263000,127000,127000
08529P,臻鼎元大9C售03  ,0,0,0,0,0,0,0,0,0,127000,0,0,0,127000,0,127000,127000
061304,創意永豐9A購02  ,0,0,0,0,0,0,0,0,0,127000,0,0,0,138000,11000,127000,127000
060302,台積電富邦02購01,0,0,0,0,0,0,0,0,0,127000,0,0,0,165000,38000,127000,127000
058649,健策永豐99購01  ,0,0,0,0,0,0,0,0,0,126000,0,0,0,154000,28000,126000,126000
060850,康友國票9A購03  ,0,0,0,0,0,0,0,0,0,126000,0,0,0,126000,0,126000,126000
060417,正隆永豐9A購01  ,0,0,0,0,0,0,0,0,0,126000,0,0,0,127000,1000,126000,126000
064809,冠德元大9C購01  ,0,0,0,0,0,0,0,0,0,126000,0,0,0,613000,487000,126000,126000
063798,台積電凱基02購03,0,0,0,0,0,0,0,0,0,126000,0,0,0,128000,2000,126000,126000
063124,奇力新元大9B購05,0,0,0,0,0,0,0,0,0,126000,0,0,0,126000,0,126000,126000
065356,聯發科元富03購06,0,0,0,0,0,0,0,0,0,125000,0,0,0,161000,36000,125000,125000
06551P,貿聯元大98售05  ,0,0,0,0,0,0,0,0,0,125000,0,0,0,125000,0,125000,125000
056849,瀚宇博元富98購01,0,0,0,0,0,0,0,0,0,125000,0,0,0,270000,145000,125000,125000
057334,技嘉國票98購02  ,0,0,0,0,0,0,0,0,0,125000,0,0,0,181000,56000,125000,125000
056832,元油2X元富98購12,0,0,0,0,0,0,0,0,0,125000,0,0,0,125000,0,125000,125000
061985,富邦金元大9B購01,0,0,0,0,0,0,0,0,0,125000,0,0,0,207000,82000,125000,125000
061974,光寶科元大9B購01,0,0,0,0,0,0,0,0,0,125000,0,0,0,269000,144000,125000,125000
058213,欣興群益99購01  ,0,0,0,0,0,0,0,0,0,125000,0,0,0,205000,80000,125000,125000
063336,大成鋼統一9C購02,0,0,0,0,0,0,0,0,0,125000,0,0,0,164000,39000,125000,125000
064769,漢翔中信9C購01  ,0,0,0,0,0,0,0,0,0,125000,0,0,0,125000,0,125000,125000
8499,鼎炫-KY         ,128000,18000,110000,0,0,0,0,0,0,15000,15000,0,15000,0,0,0,125000
07855P,旺宏凱基9A售09  ,0,0,0,0,0,0,0,0,0,124000,0,0,0,130000,6000,124000,124000
057841,茂林富邦9A購02  ,0,0,0,0,0,0,0,0,0,124000,0,0,0,139000,15000,124000,124000
061594,玉晶光永豐9A購08,0,0,0,0,0,0,0,0,0,124000,0,0,0,132000,8000,124000,124000
064680,創意兆豐01購01  ,0,0,0,0,0,0,0,0,0,124000,0,0,0,339000,215000,124000,124000
064485,儒鴻元大01購01  ,0,0,0,0,0,0,0,0,0,124000,0,0,0,196000,72000,124000,124000
063804,華邦電兆豐01購01,0,0,0,0,0,0,0,0,0,124000,0,0,0,124000,0,124000,124000
063849,奇鋐元大9C購01  ,0,0,0,0,0,0,0,0,0,124000,0,0,0,134000,10000,124000,124000
063474,康控元大9B購04  ,0,0,0,0,0,0,0,0,0,124000,0,0,0,164000,40000,124000,124000
07894P,燿華元大9B售01  ,0,0,0,0,0,0,0,0,0,123000,0,0,0,123000,0,123000,123000
08088P,義隆凱基9B售03  ,0,0,0,0,0,0,0,0,0,123000,0,0,0,143000,20000,123000,123000
07535P,上銀元富9A售03  ,0,0,0,0,0,0,0,0,0,123000,0,0,0,123000,0,123000,123000
055437,禾伸堂中信99購01,0,0,0,0,0,0,0,0,0,123000,0,0,0,123000,0,123000,123000
00830,國泰費城半導體  ,0,15000,-15000,0,0,0,0,0,0,138000,10000,0,10000,172000,44000,128000,123000
058497,新日興群益9B購01,0,0,0,0,0,0,0,0,0,123000,0,0,0,175000,52000,123000,123000
058641,鴻海麥證99購02  ,0,0,0,207000,173000,34000,0,0,0,123000,0,0,0,296000,173000,123000,123000
063012,技嘉元大9B購01  ,0,0,0,0,0,0,0,0,0,123000,0,0,0,214000,91000,123000,123000
063182,國巨凱基9B購10  ,0,0,0,0,0,0,0,0,0,123000,0,0,0,220000,97000,123000,123000
057764,台表科凱基9A購01,0,0,0,0,0,0,0,0,0,122000,0,0,0,172000,50000,122000,122000
060336,南電康和9A購01  ,0,0,0,0,0,0,0,0,0,122000,0,0,0,126000,4000,122000,122000
063191,台表科凱基9B購03,0,0,0,0,0,0,0,0,0,122000,0,0,0,282000,160000,122000,122000
063144,超眾統一9C購02  ,0,0,0,0,0,0,0,0,0,122000,0,0,0,289000,167000,122000,122000
063233,國巨元大9B購19  ,0,0,0,0,0,0,0,0,0,122000,0,0,0,353000,231000,122000,122000
062338,鴻海麥證9B購01  ,0,0,0,308000,186000,122000,0,0,0,122000,0,0,0,308000,186000,122000,122000
064293,勤誠元大9C購01  ,0,0,0,0,0,0,0,0,0,122000,0,0,0,132000,10000,122000,122000
5519,隆大            ,439000,309000,130000,0,0,0,0,0,0,-8000,0,8000,-8000,0,0,0,122000
061597,南六永豐9A購04  ,0,0,0,0,0,0,0,0,0,121000,0,0,0,148000,27000,121000,121000
063282,奇力新元大9B購06,0,0,0,0,0,0,0,0,0,121000,0,0,0,121000,0,121000,121000
07526P,臺股指中信9B售08,0,0,0,0,0,0,0,0,0,120000,0,0,0,120000,0,120000,120000
07583P,台積電富邦9B售05,0,0,0,0,0,0,0,0,0,120000,0,0,0,190000,70000,120000,120000
065459,台灣50台新9C購07,0,0,0,0,0,0,0,0,0,120000,0,0,0,120000,0,120000,120000
065484,康友元大9C購01  ,0,0,0,0,0,0,0,0,0,120000,0,0,0,121000,1000,120000,120000
07998P,聯電凱基9C售01  ,0,0,0,0,0,0,0,0,0,120000,0,0,0,126000,6000,120000,120000
057422,欣興凱基98購04  ,0,0,0,0,0,0,0,0,0,120000,0,0,0,120000,0,120000,120000
061335,國巨元大9A購19  ,0,0,0,0,0,0,0,0,0,120000,0,0,0,120000,0,120000,120000
051068,台積電國票97購01,0,0,0,0,0,0,0,0,0,120000,0,0,0,120000,0,120000,120000
03647C,T50反1元富99牛02,0,0,0,0,0,0,0,0,0,120000,0,0,0,150000,30000,120000,120000
058637,晶技兆豐99購01  ,0,0,0,0,0,0,0,0,0,120000,0,0,0,255000,135000,120000,120000
059909,鴻海元大99購36  ,0,0,0,0,0,0,0,0,0,120000,0,0,0,121000,1000,120000,120000
060967,鈺齊凱基9A購02  ,0,0,0,0,0,0,0,0,0,120000,0,0,0,155000,35000,120000,120000
061080,華邦電兆豐9B購01,0,0,0,0,0,0,0,0,0,120000,0,0,0,132000,12000,120000,120000
060381,元黃金凱基9A購01,0,0,0,0,0,0,0,0,0,120000,0,0,0,150000,30000,120000,120000
059056,技嘉凱基99購02  ,0,0,0,0,0,0,0,0,0,120000,0,0,0,162000,42000,120000,120000
060538,S&P反1凱基9A購01,0,0,0,0,0,0,0,0,0,120000,0,0,0,120000,0,120000,120000
061708,同欣電國票9A購02,0,0,0,0,0,0,0,0,0,120000,0,0,0,120000,0,120000,120000
062912,新日興元大9B購01,0,0,0,0,0,0,0,0,0,120000,0,0,0,227000,107000,120000,120000
064107,友達兆豐01購01  ,0,0,0,0,0,0,0,0,0,120000,0,0,0,140000,20000,120000,120000
08108P,聯發科元富9B售03,0,0,0,0,0,0,0,0,0,119000,0,0,0,139000,20000,119000,119000
1608,華榮            ,159000,40000,119000,0,0,0,0,0,0,0,0,0,0,0,0,0,119000
05538P,玉晶光國票97售02,0,0,0,0,0,0,0,0,0,119000,0,0,0,119000,0,119000,119000
061647,南六元大9A購03  ,0,0,0,0,0,0,0,0,0,119000,0,0,0,144000,25000,119000,119000
064396,創意永豐9C購01  ,0,0,0,0,0,0,0,0,0,119000,0,0,0,128000,9000,119000,119000
064841,彩晶統一02購02  ,0,0,0,0,0,0,0,0,0,119000,0,0,0,119000,0,119000,119000
3665,貿聯-KY         ,392000,204000,188000,0,0,0,0,1000,-1000,-69000,3000,25000,-22000,4000,51000,-47000,118000
08241P,微星中信06售01  ,0,0,0,0,0,0,0,0,0,118000,0,0,0,118000,0,118000,118000
08258P,旺宏元大9C售04  ,0,0,0,0,0,0,0,0,0,118000,0,0,0,138000,20000,118000,118000
060474,中租元大9B購01  ,0,0,0,0,0,0,0,0,0,118000,0,0,0,130000,12000,118000,118000
058183,國巨富邦9A購06  ,0,0,0,0,0,0,0,0,0,118000,0,0,0,118000,0,118000,118000
060616,宏碁元大9A購02  ,0,0,0,0,0,0,0,0,0,118000,0,0,0,118000,0,118000,118000
058494,可成群益9B購01  ,0,0,0,0,0,0,0,0,0,118000,0,0,0,123000,5000,118000,118000
063913,貿聯凱基02購01  ,0,0,0,0,0,0,0,0,0,118000,0,0,0,198000,80000,118000,118000
08215P,旺宏群益9B售04  ,0,0,0,0,0,0,0,0,0,117000,0,0,0,117000,0,117000,117000
051849,旺宏中信98購01  ,0,0,0,0,0,0,0,0,0,117000,0,0,0,342000,225000,117000,117000
055874,中環元富9A購01  ,0,0,0,0,0,0,0,0,0,117000,0,0,0,125000,8000,117000,117000
055809,T50反1國票98購02,0,0,0,0,0,0,0,0,0,117000,0,0,0,477000,360000,117000,117000
06083P,華通統一98售02  ,0,0,0,0,0,0,0,0,0,117000,0,0,0,129000,12000,117000,117000
063127,TPK元大9B購02   ,0,0,0,0,0,0,0,0,0,117000,0,0,0,196000,79000,117000,117000
07982P,全新群益9B售04  ,0,0,0,0,0,0,0,0,0,116000,0,0,0,116000,0,116000,116000
05624P,同欣電中信98售01,0,0,0,0,0,0,0,0,0,116000,0,0,0,137000,21000,116000,116000
061663,南六永豐9A購05  ,0,0,0,0,0,0,0,0,0,116000,0,0,0,122000,6000,116000,116000
061476,大毅元大9A購02  ,0,0,0,0,0,0,0,0,0,116000,0,0,0,130000,14000,116000,116000
060685,康友元大9A購01  ,0,0,0,0,0,0,0,0,0,116000,0,0,0,119000,3000,116000,116000
060641,聯鈞永豐9A購01  ,0,0,0,0,0,0,0,0,0,116000,0,0,0,410000,294000,116000,116000
061553,南電群益9A購03  ,0,0,0,0,0,0,0,0,0,116000,0,0,0,155000,39000,116000,116000
060367,緯穎元富9A購02  ,0,0,0,0,0,0,0,0,0,116000,0,0,0,173000,57000,116000,116000
063081,技嘉凱基9B購02  ,0,0,0,0,0,0,0,0,0,116000,0,0,0,191000,75000,116000,116000
064509,台表科元大9C購08,0,0,0,0,0,0,0,0,0,116000,0,0,0,121000,5000,116000,116000
07712P,茂林元大9A售03  ,0,0,0,0,0,0,0,0,0,115000,0,0,0,115000,0,115000,115000
06742P,可成富邦99售02  ,0,0,0,0,0,0,0,0,0,115000,0,0,0,115000,0,115000,115000
06624P,訊芯元大98售06  ,0,0,0,0,0,0,0,0,0,115000,0,0,0,115000,0,115000,115000
057744,健策永豐98購02  ,0,0,0,0,0,0,0,0,0,115000,0,0,0,131000,16000,115000,115000
057623,友訊國泰99購01  ,0,0,0,0,0,0,0,0,0,115000,0,0,0,115000,0,115000,115000
052847,漢唐統一99購01  ,0,0,0,0,0,0,0,0,0,115000,0,0,0,117000,2000,115000,115000
03875P,滬深2X國票05售01,0,0,0,0,0,0,0,0,0,115000,0,0,0,140000,25000,115000,115000
05887P,友達元富99售03  ,0,0,0,0,0,0,0,0,0,115000,0,0,0,140000,25000,115000,115000
062044,健策凱基9B購02  ,0,0,0,0,0,0,0,0,0,115000,0,0,0,177000,62000,115000,115000
060654,大毅群益9B購01  ,0,0,0,0,0,0,0,0,0,115000,0,0,0,115000,0,115000,115000
063753,矽創國票9C購01  ,0,0,0,0,0,0,0,0,0,115000,0,0,0,115000,0,115000,115000
062337,台表科統一01購01,0,0,0,0,0,0,0,0,0,115000,0,0,0,140000,25000,115000,115000
062560,奇鋐凱基9B購02  ,0,0,0,0,0,0,0,0,0,115000,0,0,0,177000,62000,115000,115000
064931,南六統一9C購05  ,0,0,0,0,0,0,0,0,0,114000,0,0,0,140000,26000,114000,114000
057544,鴻海凱基02購01  ,0,0,0,0,0,0,0,0,0,114000,0,0,0,932000,818000,114000,114000
059355,國巨富邦9B購03  ,0,0,0,0,0,0,0,0,0,114000,0,0,0,131000,17000,114000,114000
058309,大毅元大99購02  ,0,0,0,0,0,0,0,0,0,114000,0,0,0,114000,0,114000,114000
063347,祥碩統一01購03  ,0,0,0,0,0,0,0,0,0,114000,0,0,0,210000,96000,114000,114000
064042,國巨統一9C購12  ,0,0,0,0,0,0,0,0,0,114000,0,0,0,140000,26000,114000,114000
064420,台積電兆豐9C購03,0,0,0,0,0,0,0,0,0,114000,0,0,0,124000,10000,114000,114000
064350,茂林元大01購01  ,0,0,0,0,0,0,0,0,0,114000,0,0,0,226000,112000,114000,114000
2471,資通            ,163000,48000,115000,0,0,0,0,0,0,-2000,0,2000,-2000,0,0,0,113000
00717,富邦美國特別股  ,0,0,0,0,0,0,0,0,0,113000,0,0,0,690000,577000,113000,113000
057599,技嘉群益9A購01  ,0,0,0,0,0,0,0,0,0,113000,0,0,0,119000,6000,113000,113000
057688,國巨凱基99購07  ,0,0,0,0,0,0,0,0,0,113000,0,0,0,113000,0,113000,113000
058370,聯詠凱基99購01  ,0,0,0,0,0,0,0,0,0,113000,0,0,0,150000,37000,113000,113000
058410,國巨兆豐99購03  ,0,0,0,0,0,0,0,0,0,113000,0,0,0,131000,18000,113000,113000
062087,瑞祺元大9B購02  ,0,0,0,0,0,0,0,0,0,113000,0,0,0,411000,298000,113000,113000
059189,國泰金富邦9B購01,0,0,0,0,0,0,0,0,0,113000,0,0,0,121000,8000,113000,113000
064481,技嘉永豐9C購01  ,0,0,0,0,0,0,0,0,0,113000,0,0,0,121000,8000,113000,113000
064681,牧德兆豐01購01  ,0,0,0,0,0,0,0,0,0,113000,0,0,0,456000,343000,113000,113000
063439,正隆統一01購01  ,0,0,0,0,0,0,0,0,0,113000,0,0,0,113000,0,113000,113000
062742,技嘉國泰01購01  ,0,0,0,0,0,0,0,0,0,113000,0,0,0,122000,9000,113000,113000
08406P,緯穎元大9C售01  ,0,0,0,0,0,0,0,0,0,112000,0,0,0,451000,339000,112000,112000
06825P,臺股指國票98售01,0,0,0,0,0,0,0,0,0,112000,0,0,0,147000,35000,112000,112000
056480,京鼎元大98購02  ,0,0,0,0,0,0,0,0,0,112000,0,0,0,237000,125000,112000,112000
057364,國巨元大98購18  ,0,0,0,0,0,0,0,0,0,112000,0,0,0,144000,32000,112000,112000
056292,統一元大97購01  ,0,0,0,0,0,0,0,0,0,112000,0,0,0,249000,137000,112000,112000
061915,T50反1凱基02購02,0,0,0,0,0,0,0,0,0,112000,0,0,0,276000,164000,112000,112000
058532,禾伸堂元富99購01,0,0,0,0,0,0,0,0,0,112000,0,0,0,112000,0,112000,112000
062718,技嘉凱基9B購01  ,0,0,0,0,0,0,0,0,0,112000,0,0,0,159000,47000,112000,112000
063590,華擎永豐9B購01  ,0,0,0,0,0,0,0,0,0,112000,0,0,0,113000,1000,112000,112000
063118,中鋼元大9C購01  ,0,0,0,0,0,0,0,0,0,112000,0,0,0,112000,0,112000,112000
063179,群創兆豐9B購01  ,0,0,0,0,0,0,0,0,0,112000,0,0,0,117000,5000,112000,112000
063899,同欣電群益9C購01,0,0,0,0,0,0,0,0,0,112000,0,0,0,134000,22000,112000,112000
07731P,臺股指凱基9A售28,0,0,0,0,0,0,0,0,0,111000,0,0,0,133000,22000,111000,111000
07943P,瑞昱元大9B售02  ,0,0,0,0,0,0,0,0,0,111000,0,0,0,123000,12000,111000,111000
058807,和大統一9B購01  ,0,0,0,0,0,0,0,0,0,111000,0,0,0,225000,114000,111000,111000
060714,晶技永豐9A購02  ,0,0,0,0,0,0,0,0,0,111000,0,0,0,171000,60000,111000,111000
058116,正崴中信99購02  ,0,0,0,0,0,0,0,0,0,111000,0,0,0,128000,17000,111000,111000
059118,晶技永豐9A購01  ,0,0,0,0,0,0,0,0,0,111000,0,0,0,146000,35000,111000,111000
063196,力成元富9B購01  ,0,0,0,0,0,0,0,0,0,111000,0,0,0,168000,57000,111000,111000
08308P,聯發科凱基01售03,0,0,0,0,0,0,0,0,0,110000,0,0,0,120000,10000,110000,110000
3006,晶豪科          ,544000,460000,84000,0,0,0,0,0,0,26000,0,1000,-1000,29000,2000,27000,110000
07694P,超眾元大9A售05  ,0,0,0,0,0,0,0,0,0,110000,0,0,0,110000,0,110000,110000
06828P,臺股指國票98售04,0,0,0,0,0,0,0,0,0,110000,0,0,0,117000,7000,110000,110000
064957,台表科凱基02購02,0,0,0,0,0,0,0,0,0,110000,0,0,0,210000,100000,110000,110000
054935,華通元大98購03  ,0,0,0,0,0,0,0,0,0,110000,0,0,0,110000,0,110000,110000
054938,國巨元大97購04  ,0,0,0,0,0,0,0,0,0,110000,0,0,0,110000,0,110000,110000
055131,茂林康和97購01  ,0,0,0,0,0,0,0,0,0,110000,0,0,0,261000,151000,110000,110000
056542,緯創凱基98購01  ,0,0,0,0,0,0,0,0,0,110000,0,0,0,129000,19000,110000,110000
060601,技嘉凱基9A購02  ,0,0,0,0,0,0,0,0,0,110000,0,0,0,112000,2000,110000,110000
063372,漢翔永豐9B購01  ,0,0,0,0,0,0,0,0,0,110000,0,0,0,110000,0,110000,110000
063842,國巨元大9C購10  ,0,0,0,0,0,0,0,0,0,110000,0,0,0,244000,134000,110000,110000
063722,遠東新元大9B購02,0,0,0,0,0,0,0,0,0,110000,0,0,0,110000,0,110000,110000
3705,永信            ,246000,136000,110000,0,0,0,0,0,0,0,0,0,0,0,0,0,110000
065112,台表科國票02購01,0,0,0,0,0,0,0,0,0,109000,0,0,0,109000,0,109000,109000
05634P,玉晶光台新97售01,0,0,0,0,0,0,0,0,0,109000,0,0,0,109000,0,109000,109000
061682,南電元大9B購01  ,0,0,0,0,0,0,0,0,0,109000,0,0,0,114000,5000,109000,109000
058995,台達電元大99購01,0,0,0,0,0,0,0,0,0,109000,0,0,0,109000,0,109000,109000
060130,瀚宇博永豐99購02,0,0,0,0,0,0,0,0,0,109000,0,0,0,209000,100000,109000,109000
058537,彩晶統一9B購01  ,0,0,0,0,0,0,0,0,0,109000,0,0,0,119000,10000,109000,109000
061027,儒鴻永豐9A購02  ,0,0,0,0,0,0,0,0,0,109000,0,0,0,109000,0,109000,109000
063479,南六元大9B購06  ,0,0,0,0,0,0,0,0,0,109000,0,0,0,109000,0,109000,109000
063508,緯創群益9B購01  ,0,0,0,0,0,0,0,0,0,109000,0,0,0,229000,120000,109000,109000
062350,台表科群益9B購01,0,0,0,0,0,0,0,0,0,109000,0,0,0,109000,0,109000,109000
07126P,台積電元大99售23,0,0,0,0,0,0,0,0,0,108000,0,0,0,108000,0,108000,108000
3052,夆典            ,169000,61000,108000,0,0,0,0,0,0,0,0,0,0,0,0,0,108000
057335,技嘉國票99購01  ,0,0,0,0,0,0,0,0,0,108000,0,0,0,148000,40000,108000,108000
056523,光寶科中信98購01,0,0,0,0,0,0,0,0,0,108000,0,0,0,148000,40000,108000,108000
056743,貿聯凱基98購04  ,0,0,0,0,0,0,0,0,0,108000,0,0,0,158000,50000,108000,108000
053013,台積電統一97購01,0,0,0,0,0,0,0,0,0,108000,0,0,0,108000,0,108000,108000
061227,日月光中信9B購01,0,0,0,0,0,0,0,0,0,108000,0,0,0,256000,148000,108000,108000
2387,精元            ,451000,350000,101000,0,0,0,0,0,0,6000,30000,11000,19000,0,13000,-13000,107000
07032P,聯發科統一9C售02,0,0,0,0,0,0,0,0,0,107000,0,0,0,132000,25000,107000,107000
065180,台表科元大9C購10,0,0,0,0,0,0,0,0,0,107000,0,0,0,158000,51000,107000,107000
064972,台積電元大9C購11,0,0,0,0,0,0,0,0,0,107000,0,0,0,148000,41000,107000,107000
053344,嘉晶國票97購02  ,0,0,0,0,0,0,0,0,0,107000,0,0,0,107000,0,107000,107000
058554,瀚宇博永豐99購01,0,0,0,0,0,0,0,0,0,107000,0,0,0,168000,61000,107000,107000
064679,晶技兆豐9C購01  ,0,0,0,0,0,0,0,0,0,107000,0,0,0,177000,70000,107000,107000
9136,巨騰-DR         ,107000,0,107000,0,0,0,0,0,0,0,0,0,0,0,0,0,107000
08422P,玉晶光群益02售03,0,0,0,0,0,0,0,0,0,106000,0,0,0,200000,94000,106000,106000
053818,富邦金群益98購01,0,0,0,0,0,0,0,0,0,106000,0,0,0,250000,144000,106000,106000
056579,麗豐元大99購01  ,0,0,0,0,0,0,0,0,0,106000,0,0,0,365000,259000,106000,106000
057603,樺漢群益98購02  ,0,0,0,0,0,0,0,0,0,106000,0,0,0,161000,55000,106000,106000
061422,台積電元大9A購30,0,0,0,0,0,0,0,0,0,106000,0,0,0,123000,17000,106000,106000
059424,SGBR2X元大9A購01,0,0,0,0,0,0,0,0,0,106000,0,0,0,125000,19000,106000,106000
060504,技嘉元大9A購02  ,0,0,0,0,0,0,0,0,0,106000,0,0,0,112000,6000,106000,106000
063996,貿聯群益9C購01  ,0,0,0,0,0,0,0,0,0,106000,0,0,0,147000,41000,106000,106000
063378,茂林永豐9B購02  ,0,0,0,0,0,0,0,0,0,106000,0,0,0,106000,0,106000,106000
08018P,牧德國票9B售04  ,0,0,0,0,0,0,0,0,0,105000,0,0,0,105000,0,105000,105000
3530,晶相光          ,124000,30000,94000,0,0,0,0,0,0,11000,0,0,0,11000,0,11000,105000
065288,華新科群益02購02,0,0,0,0,0,0,0,0,0,105000,0,0,0,105000,0,105000,105000
07690P,華新科元大9A售15,0,0,0,0,0,0,0,0,0,105000,0,0,0,110000,5000,105000,105000
056460,同欣電凱基99購01,0,0,0,0,0,0,0,0,0,105000,0,0,0,145000,40000,105000,105000
062049,亞德客統一01購01,0,0,0,0,0,0,0,0,0,105000,0,0,0,110000,5000,105000,105000
062248,國巨元大9B購08  ,0,0,0,0,0,0,0,0,0,105000,0,0,0,125000,20000,105000,105000
060194,旭富元富9A購01  ,0,0,0,0,0,0,0,0,0,105000,0,0,0,145000,40000,105000,105000
061700,瑞昱國票9A購02  ,0,0,0,0,0,0,0,0,0,105000,0,0,0,110000,5000,105000,105000
058643,T50正2富邦03購01,0,0,0,0,0,0,0,0,0,105000,0,0,0,105000,0,105000,105000
4906,正文            ,323000,213000,110000,0,0,0,0,0,0,-5000,20000,0,20000,0,25000,-25000,105000
07392P,台積電國泰02售01,0,0,0,0,0,0,0,0,0,104000,0,0,0,146000,42000,104000,104000
056155,嘉晶凱基97購01  ,0,0,0,0,0,0,0,0,0,104000,0,0,0,147000,43000,104000,104000
057109,信邦群益98購01  ,0,0,0,0,0,0,0,0,0,104000,0,0,0,223000,119000,104000,104000
061427,旭富元大9A購02  ,0,0,0,0,0,0,0,0,0,104000,0,0,0,114000,10000,104000,104000
054479,緯創中信98購01  ,0,0,0,0,0,0,0,0,0,104000,0,0,0,167000,63000,104000,104000
052944,宏達電國票97購01,0,0,0,0,0,0,0,0,0,104000,0,0,0,104000,0,104000,104000
058615,矽創元大99購01  ,0,0,0,0,0,0,0,0,0,104000,0,0,0,134000,30000,104000,104000
058801,致伸元大99購01  ,0,120000,-120000,0,0,0,0,0,0,224000,0,0,0,391000,167000,224000,104000
061898,茂林永豐9B購01  ,0,0,0,0,0,0,0,0,0,104000,0,0,0,104000,0,104000,104000
058229,為升元大99購02  ,0,0,0,0,0,0,0,0,0,104000,0,0,0,104000,0,104000,104000
060928,明泰永豐9A購01  ,0,0,0,0,0,0,0,0,0,104000,0,0,0,110000,6000,104000,104000
064519,聯詠群益9C購01  ,0,0,0,0,0,0,0,0,0,104000,0,0,0,105000,1000,104000,104000
5203,訊連            ,123000,20000,103000,0,0,0,0,0,0,1000,0,0,0,1000,0,1000,104000
07794P,智邦國票9A售03  ,0,0,0,0,0,0,0,0,0,103000,0,0,0,203000,100000,103000,103000
2887E,台新戊特        ,0,0,0,0,0,0,0,0,0,103000,103000,0,103000,0,0,0,103000
08153P,台表科統一9B售01,0,0,0,0,0,0,0,0,0,103000,0,0,0,103000,0,103000,103000
056700,華新科國泰99購03,0,0,0,0,0,0,0,0,0,103000,0,0,0,203000,100000,103000,103000
060651,瑞儀中信9B購01  ,0,0,0,0,0,0,0,0,0,103000,0,0,0,115000,12000,103000,103000
058768,南港兆豐99購01  ,0,0,0,0,0,0,0,0,0,103000,0,0,0,105000,2000,103000,103000
064560,技嘉群益01購01  ,0,0,0,0,0,0,0,0,0,103000,0,0,0,105000,2000,103000,103000
064533,技嘉國票01購01  ,0,0,0,0,0,0,0,0,0,103000,0,0,0,109000,6000,103000,103000
063043,台灣50兆豐9B購02,0,0,0,0,0,0,0,0,0,103000,0,0,0,137000,34000,103000,103000
062654,技嘉永豐9B購01  ,0,0,0,0,0,0,0,0,0,103000,0,0,0,110000,7000,103000,103000
06984P,上銀富邦9B售01  ,0,0,0,0,0,0,0,0,0,102000,0,0,0,122000,20000,102000,102000
056404,嘉聯益群益9A購01,0,0,0,0,0,0,0,0,0,102000,0,0,0,331000,229000,102000,102000
057974,上銀永豐98購02  ,0,0,0,0,0,0,0,0,0,102000,0,0,0,112000,10000,102000,102000
057407,超眾群益99購01  ,0,0,0,0,0,0,0,0,0,102000,0,0,0,102000,0,102000,102000
056962,技嘉永豐98購01  ,0,0,0,0,0,0,0,0,0,102000,0,0,0,191000,89000,102000,102000
00693U,街口S&P黃豆     ,8000,8000,0,0,0,0,0,0,0,102000,0,0,0,112000,10000,102000,102000
062352,南六群益9B購02  ,0,0,0,0,0,0,0,0,0,102000,0,0,0,102000,0,102000,102000
063045,國巨兆豐9C購02  ,0,0,0,0,0,0,0,0,0,102000,0,0,0,110000,8000,102000,102000
063192,技嘉台新9B購01  ,0,0,0,0,0,0,0,0,0,102000,0,0,0,120000,18000,102000,102000
064285,貿聯元大9C購02  ,0,0,0,0,0,0,0,0,0,102000,0,0,0,102000,0,102000,102000
064101,可成群益01購01  ,0,0,0,0,0,0,0,0,0,102000,0,0,0,102000,0,102000,102000
07800P,華新科國泰9B售04,0,0,0,0,0,0,0,0,0,101000,0,0,0,160000,59000,101000,101000
08486P,富邦金群益9C售02,0,0,0,0,0,0,0,0,0,101000,0,0,0,101000,0,101000,101000
057265,聯詠兆豐98購01  ,0,0,0,0,0,0,0,0,0,101000,0,0,0,107000,6000,101000,101000
056749,滬深2X兆豐99購01,0,0,0,0,0,0,0,0,0,101000,0,0,0,101000,0,101000,101000
060385,台勝科凱基9A購01,0,0,0,0,0,0,0,0,0,101000,0,0,0,208000,107000,101000,101000
063852,瀚宇博元大9C購01,0,0,0,0,0,0,0,0,0,101000,0,0,0,306000,205000,101000,101000
07687P,上銀元大9A售06  ,0,0,0,0,0,0,0,0,0,100000,0,0,0,100000,0,100000,100000
07689P,旺宏元大9A售13  ,0,0,0,0,0,0,0,0,0,100000,0,0,0,100000,0,100000,100000
07668P,旺宏元大9A售10  ,0,0,0,0,0,0,0,0,0,100000,0,0,0,100000,0,100000,100000
07670P,茂林元大9A售02  ,0,0,0,0,0,0,0,0,0,100000,0,0,0,100000,0,100000,100000
07671P,超眾元大9A售04  ,0,0,0,0,0,0,0,0,0,100000,0,0,0,100000,0,100000,100000
07316P,長榮航康和99售01,0,0,0,0,0,0,0,0,0,100000,0,0,0,100000,0,100000,100000
07365P,超眾元大99售07  ,0,0,0,0,0,0,0,0,0,100000,0,0,0,100000,0,100000,100000
06983P,台積電國泰9A售02,0,0,0,0,0,0,0,0,0,100000,0,0,0,130000,30000,100000,100000
06847P,奇力新元大98售05,0,0,0,0,0,0,0,0,0,100000,0,0,0,100000,0,100000,100000
06617P,智邦元大98售03  ,0,0,0,0,0,0,0,0,0,100000,0,0,0,100000,0,100000,100000
06683P,訊芯元大98售07  ,0,0,0,0,0,0,0,0,0,100000,0,0,0,100000,0,100000,100000
065059,神隆群益9C購01  ,0,0,0,0,0,0,0,0,0,100000,0,0,0,214000,114000,100000,100000
065066,南電群益9C購02  ,0,0,0,0,0,0,0,0,0,100000,0,0,0,100000,0,100000,100000
056999,元油2X國票98購02,0,0,0,0,0,0,0,0,0,100000,0,0,0,100000,0,100000,100000
056389,鴻海富邦99購01  ,0,0,0,0,0,0,0,0,0,100000,0,0,0,100000,0,100000,100000
056409,麗豐國票99購01  ,0,0,0,0,0,0,0,0,0,100000,0,0,0,120000,20000,100000,100000
056487,康友元大98購01  ,0,0,0,0,0,0,0,0,0,100000,0,0,0,700000,600000,100000,100000
057355,彩晶統一98購03  ,0,0,0,0,0,0,0,0,0,100000,0,0,0,100000,0,100000,100000
057955,技嘉元大98購07  ,0,0,0,0,0,0,0,0,0,100000,0,0,0,300000,200000,100000,100000
057911,國巨日盛98購01  ,0,0,0,0,0,0,0,0,0,100000,0,0,0,330000,230000,100000,100000
061619,大立光群益9B購01,0,0,0,0,0,0,0,0,0,100000,0,0,0,100000,0,100000,100000
061622,臻鼎群益9A購01  ,0,0,0,0,0,0,0,0,0,100000,0,0,0,100000,0,100000,100000
061273,臺股指凱基9A購23,0,0,0,0,0,0,0,0,0,100000,0,0,0,100000,0,100000,100000
053022,欣興國泰98購01  ,0,0,0,0,0,0,0,0,0,100000,0,0,0,100000,0,100000,100000
052631,T50反1凱基98購02,0,0,0,0,0,0,0,0,0,100000,0,0,0,100000,0,100000,100000
051003,中環中信97購01  ,0,0,0,0,0,0,0,0,0,100000,0,0,0,100000,0,100000,100000
055516,上銀中信97購01  ,0,0,0,0,0,0,0,0,0,100000,0,0,0,220000,120000,100000,100000
049615,香港2X群益98購01,0,0,0,0,0,0,0,0,0,100000,0,0,0,100000,0,100000,100000
055599,TPK元大97購01   ,0,0,0,0,0,0,0,0,0,100000,0,0,0,200000,100000,100000,100000
055564,茂林凱基98購01  ,0,0,0,0,0,0,0,0,0,100000,0,0,0,100000,0,100000,100000
054466,欣興凱基97購03  ,0,0,0,0,0,0,0,0,0,100000,0,0,0,100000,0,100000,100000
054455,楠梓電群益98購02,0,0,0,0,0,0,0,0,0,100000,0,0,0,100000,0,100000,100000
054894,GIS統一97購01   ,0,0,0,0,0,0,0,0,0,100000,0,0,0,100000,0,100000,100000
053887,聯茂兆豐97購02  ,0,0,0,0,0,0,0,0,0,100000,0,0,0,100000,0,100000,100000
057515,智原元富98購02  ,0,0,0,0,0,0,0,0,0,100000,0,0,0,100000,0,100000,100000
056094,大立光元富97購03,0,0,0,0,0,0,0,0,0,100000,0,0,0,100000,0,100000,100000
056121,勤誠群益97購01  ,0,0,0,0,0,0,0,0,0,100000,0,0,0,300000,200000,100000,100000
061228,聯茂中信9A購01  ,0,0,0,0,0,0,0,0,0,100000,0,0,0,100000,0,100000,100000
061788,信邦群益9B購01  ,0,0,0,0,0,0,0,0,0,100000,0,0,0,100000,0,100000,100000
061824,聯電麥證9B購01  ,0,0,0,100000,0,100000,0,0,0,100000,0,0,0,100000,0,100000,100000
061829,T50反1凱基9C購02,0,0,0,0,0,0,0,0,0,100000,0,0,0,100000,0,100000,100000
058174,台積電凱基9A購05,0,0,0,0,0,0,0,0,0,100000,0,0,0,100000,0,100000,100000
062258,奇力新元大9B購03,0,0,0,0,0,0,0,0,0,100000,0,0,0,100000,0,100000,100000
062213,和大統一9B購02  ,0,0,0,0,0,0,0,0,0,100000,0,0,0,100000,0,100000,100000
058291,元油2X日盛99購01,0,0,0,0,0,0,0,0,0,100000,0,0,0,100000,0,100000,100000
058709,臺股指元大9A購22,0,0,0,0,0,0,0,0,0,100000,0,0,0,101000,1000,100000,100000
061545,華新科群益9A購09,0,0,0,0,0,0,0,0,0,100000,0,0,0,100000,0,100000,100000
061599,元金反中信9C購01,0,0,0,0,0,0,0,0,0,100000,0,0,0,100000,0,100000,100000
060258,T50反1凱基9A購06,0,0,0,0,0,0,0,0,0,100000,0,0,0,100000,0,100000,100000
059477,FBVIX群益99購01 ,0,0,0,0,0,0,0,0,0,100000,0,0,0,100000,0,100000,100000
059461,鈺齊永豐99購03  ,0,0,0,0,0,0,0,0,0,100000,0,0,0,100000,0,100000,100000
06374P,台表科元大97售06,0,0,0,0,0,0,0,0,0,100000,0,0,0,100000,0,100000,100000
064661,鴻海元大01購02  ,0,0,0,0,0,0,0,0,0,100000,0,0,0,100000,0,100000,100000
064574,達方群益01購01  ,0,0,0,0,0,0,0,0,0,100000,0,0,0,100000,0,100000,100000
063260,信邦富邦9B購01  ,0,0,0,0,0,0,0,0,0,100000,0,0,0,300000,200000,100000,100000
062993,華新科群益9B購05,0,0,0,0,0,0,0,0,0,100000,0,0,0,100000,0,100000,100000
063299,金寶凱基9B購01  ,0,0,0,0,0,0,0,0,0,100000,0,0,0,100000,0,100000,100000
062376,中租元大9B購02  ,0,0,0,0,0,0,0,0,0,100000,0,0,0,100000,0,100000,100000
062436,國巨元大9B購14  ,0,0,0,0,0,0,0,0,0,100000,0,0,0,151000,51000,100000,100000
062519,元金2X元大9B購03,0,0,0,0,0,0,0,0,0,100000,0,0,0,100000,0,100000,100000
062185,禾伸堂元大9B購01,0,0,0,0,0,0,0,0,0,100000,0,0,0,100000,0,100000,100000
065077,鴻海元大01購03  ,0,0,0,0,0,0,0,0,0,99000,0,0,0,100000,1000,99000,99000
06914P,南茂元大98售03  ,0,0,0,0,0,0,0,0,0,99000,0,0,0,319000,220000,99000,99000
07840P,康控元大9A售02  ,0,0,0,0,0,0,0,0,0,99000,0,0,0,383000,284000,99000,99000
08354P,旺宏元大9C售05  ,0,0,0,0,0,0,0,0,0,99000,0,0,0,99000,0,99000,99000
1903,士紙            ,196000,97000,99000,0,0,0,0,0,0,0,0,0,0,0,0,0,99000
057563,旭富國泰9A購01  ,0,0,0,0,0,0,0,0,0,99000,0,0,0,99000,0,99000,99000
058373,晶技凱基99購02  ,0,0,0,0,0,0,0,0,0,99000,0,0,0,99000,0,99000,99000
062070,金寶元大9B購01  ,0,0,0,0,0,0,0,0,0,99000,0,0,0,101000,2000,99000,99000
062456,台積電群益9B購05,0,0,0,0,0,0,0,0,0,99000,0,0,0,159000,60000,99000,99000
063556,儒鴻元大9B購02  ,0,0,0,0,0,0,0,0,0,99000,0,0,0,113000,14000,99000,99000
064171,燿華元富9C購01  ,0,0,0,0,0,0,0,0,0,99000,0,0,0,100000,1000,99000,99000
9919,康那香          ,1434000,1380000,54000,0,0,0,0,0,0,45000,55000,0,55000,0,10000,-10000,99000
08092P,仁寶元富9B售02  ,0,0,0,0,0,0,0,0,0,98000,0,0,0,98000,0,98000,98000
057699,可成群益9A購02  ,0,0,0,0,0,0,0,0,0,98000,0,0,0,98000,0,98000,98000
061413,台勝科群益9A購01,0,0,0,0,0,0,0,0,0,98000,0,0,0,165000,67000,98000,98000
057530,奇鋐元大99購01  ,0,0,0,0,0,0,0,0,0,98000,0,0,0,98000,0,98000,98000
061906,統一中信9B購01  ,0,0,0,0,0,0,0,0,0,98000,0,0,0,126000,28000,98000,98000
060489,世紀鋼群益9A購01,0,0,0,0,0,0,0,0,0,98000,0,0,0,98000,0,98000,98000
061823,勤誠群益9B購01  ,0,0,0,0,0,0,0,0,0,98000,0,0,0,111000,13000,98000,98000
061543,南亞科群益9A購01,0,0,0,0,0,0,0,0,0,98000,0,0,0,98000,0,98000,98000
063811,亞德客群益9C購01,0,0,0,0,0,0,0,0,0,98000,0,0,0,98000,0,98000,98000
063788,矽創統一02購01  ,0,0,0,0,0,0,0,0,0,98000,0,0,0,100000,2000,98000,98000
064346,貿聯元大01購01  ,0,0,0,0,0,0,0,0,0,98000,0,0,0,108000,10000,98000,98000
064378,群創元富9C購01  ,0,0,0,0,0,0,0,0,0,98000,0,0,0,98000,0,98000,98000
063600,燿華凱基9B購04  ,0,0,0,0,0,0,0,0,0,98000,0,0,0,130000,32000,98000,98000
063048,聯詠兆豐9B購01  ,0,0,0,0,0,0,0,0,0,98000,0,0,0,150000,52000,98000,98000
063072,裕隆永豐9B購01  ,0,0,0,0,0,0,0,0,0,98000,0,0,0,108000,10000,98000,98000
062457,京元電群益9B購01,0,0,0,0,0,0,0,0,0,98000,0,0,0,98000,0,98000,98000
062504,旭富群益9B購02  ,0,0,0,0,0,0,0,0,0,98000,0,0,0,98000,0,98000,98000
5546,永固-KY         ,100000,2000,98000,0,0,0,0,0,0,0,0,0,0,0,0,0,98000
9941,裕融            ,82352,43000,39352,0,0,0,61000,1000,60000,-2000,0,2000,-2000,0,0,0,97352
3094,聯傑            ,141000,44000,97000,0,0,0,0,0,0,0,0,0,0,0,0,0,97000
06144P,台光電永豐97售01,0,0,0,0,0,0,0,0,0,97000,0,0,0,97000,0,97000,97000
058731,貿聯永豐99購02  ,0,0,0,0,0,0,0,0,0,97000,0,0,0,340000,243000,97000,97000
058074,欣興凱基99購01  ,0,0,0,0,0,0,0,0,0,97000,0,0,0,100000,3000,97000,97000
061696,南茂群益9A購01  ,0,0,0,0,0,0,0,0,0,97000,0,0,0,123000,26000,97000,97000
062820,禾伸堂兆豐9B購01,0,0,0,0,0,0,0,0,0,97000,0,0,0,115000,18000,97000,97000
063100,聚陽群益9C購02  ,0,0,0,0,0,0,0,0,0,97000,0,0,0,151000,54000,97000,97000
062990,台積電群益9B購06,0,0,0,0,0,0,0,0,0,97000,0,0,0,137000,40000,97000,97000
064747,彩晶國票01購01  ,0,0,0,0,0,0,0,0,0,97000,0,0,0,97000,0,97000,97000
063625,儒鴻元大9B購03  ,0,0,0,0,0,0,0,0,0,97000,0,0,0,116000,19000,97000,97000
064025,友達元大02購01  ,0,0,0,0,0,0,0,0,0,97000,0,0,0,130000,33000,97000,97000
07688P,華通元大9A售07  ,0,0,0,0,0,0,0,0,0,96000,0,0,0,100000,4000,96000,96000
06766P,玉晶光元大99售10,0,0,0,0,0,0,0,0,0,96000,0,0,0,298000,202000,96000,96000
07008P,台郡中信99售02  ,0,0,0,0,0,0,0,0,0,96000,0,0,0,116000,20000,96000,96000
065065,世芯群益01購01  ,0,0,0,0,0,0,0,0,0,96000,0,0,0,96000,0,96000,96000
057243,樺漢凱基99購01  ,0,0,0,0,0,0,0,0,0,96000,0,0,0,96000,0,96000,96000
056200,大毅永豐98購01  ,0,0,0,0,0,0,0,0,0,96000,0,0,0,96000,0,96000,96000
061933,光寶科國票9B購01,0,0,0,0,0,0,0,0,0,96000,0,0,0,100000,4000,96000,96000
059425,SGBR2X元大9A購02,0,0,0,0,0,0,0,0,0,96000,0,0,0,140000,44000,96000,96000
064018,儒鴻元大9C購02  ,0,0,0,0,0,0,0,0,0,96000,0,0,0,104000,8000,96000,96000
064252,嘉澤元富9C購01  ,0,0,0,0,0,0,0,0,0,96000,0,0,0,96000,0,96000,96000
064453,微星統一02購01  ,0,0,0,0,0,0,0,0,0,96000,0,0,0,96000,0,96000,96000
062823,台表科兆豐9B購01,0,0,0,0,0,0,0,0,0,96000,0,0,0,96000,0,96000,96000
4551,智伸科          ,334000,242000,92000,0,0,0,80000,0,80000,-76000,35000,20000,15000,59000,150000,-91000,96000
3036,文曄            ,137000,15551,121449,0,0,0,0,1000,-1000,-25000,8000,39000,-31000,51000,45000,6000,95449
2493,揚博            ,117000,22000,95000,0,0,0,0,0,0,0,0,0,0,0,0,0,95000
07131P,緯穎元大99售06  ,0,0,0,0,0,0,0,0,0,95000,0,0,0,320000,225000,95000,95000
056461,樺漢凱基98購02  ,0,0,0,0,0,0,0,0,0,95000,0,0,0,95000,0,95000,95000
061271,聯茂凱基9A購04  ,0,0,0,0,0,0,0,0,0,95000,0,0,0,95000,0,95000,95000
055829,上銀元大97購06  ,0,0,0,0,0,0,0,0,0,95000,0,0,0,95000,0,95000,95000
054552,聯發科凱基98購03,0,0,0,0,0,0,0,0,0,95000,0,0,0,151000,56000,95000,95000
059819,台積電凱基99購17,0,0,0,0,0,0,0,0,0,95000,0,0,0,115000,20000,95000,95000
059873,華新科凱基99購09,0,0,0,0,0,0,0,0,0,95000,0,0,0,100000,5000,95000,95000
058202,鴻海凱基9A購04  ,0,0,0,0,0,0,0,0,0,95000,0,0,0,260000,165000,95000,95000
062911,聯詠元大9B購03  ,0,0,0,0,0,0,0,0,0,95000,0,0,0,95000,0,95000,95000
064279,新光金元大01購01,0,0,0,0,0,0,0,0,0,95000,0,0,0,100000,5000,95000,95000
065048,世芯凱基01購01  ,0,0,0,0,0,0,0,0,0,94000,0,0,0,155000,61000,94000,94000
1773,勝一            ,124000,41000,83000,0,0,0,0,0,0,11000,2000,1000,1000,10000,0,10000,94000
08297P,寶成元大9C售01  ,0,0,0,0,0,0,0,0,0,94000,0,0,0,94000,0,94000,94000
059100,元油2X統一9C購02,0,0,0,0,0,0,0,0,0,94000,0,0,0,270000,176000,94000,94000
059611,台積電永豐99購05,0,0,0,0,0,0,0,0,0,94000,0,0,0,104000,10000,94000,94000
060204,矽創元富9A購01  ,0,0,0,0,0,0,0,0,0,94000,0,0,0,94000,0,94000,94000
06457P,玉晶光統一98售02,0,0,0,0,0,0,0,0,0,94000,0,0,0,109000,15000,94000,94000
062187,台勝科元大9B購02,0,0,0,0,0,0,0,0,0,94000,0,0,0,99000,5000,94000,94000
3023,信邦            ,757000,369693,387307,0,0,0,26000,301000,-275000,-19000,0,2000,-2000,9000,26000,-17000,93307
1515,力山            ,352000,260000,92000,0,0,0,0,20000,-20000,21000,40000,19000,21000,3000,3000,0,93000
08538P,聯發科國票01售01,0,0,0,0,0,0,0,0,0,93000,0,0,0,212000,119000,93000,93000
07293P,臺股指凱基99售45,0,0,0,0,0,0,0,0,0,93000,0,0,0,93000,0,93000,93000
055409,元黃金富邦01購01,0,0,0,0,0,0,0,0,0,93000,0,0,0,93000,0,93000,93000
064806,微星元大01購01  ,0,0,0,0,0,0,0,0,0,93000,0,0,0,98000,5000,93000,93000
065037,緯穎統一02購02  ,0,0,0,0,0,0,0,0,0,92000,0,0,0,115000,23000,92000,92000
3504,揚明光          ,195000,103000,92000,0,0,0,0,0,0,0,0,0,0,0,0,0,92000
054527,國巨統一97購03  ,0,0,0,0,0,0,0,0,0,92000,0,0,0,103000,11000,92000,92000
055049,智邦永豐97購01  ,0,0,0,0,0,0,0,0,0,92000,0,0,0,92000,0,92000,92000
061348,聯鈞元大9A購05  ,0,0,0,0,0,0,0,0,0,92000,0,0,0,168000,76000,92000,92000
057444,台泥元富98購01  ,0,0,0,0,0,0,0,0,0,92000,0,0,0,148000,56000,92000,92000
061154,可成群益9B購04  ,0,0,0,0,0,0,0,0,0,92000,0,0,0,98000,6000,92000,92000
059865,國巨凱基01購01  ,0,0,0,0,0,0,0,0,0,92000,0,0,0,437000,345000,92000,92000
063227,祥碩群益9B購06  ,0,0,0,0,0,0,0,0,0,92000,0,0,0,216000,124000,92000,92000
2472,立隆電          ,196000,105000,91000,0,0,0,0,0,0,0,0,0,0,0,0,0,91000
08392P,上銀群益9C售01  ,0,0,0,0,0,0,0,0,0,91000,0,0,0,109000,18000,91000,91000
08014P,微星凱基9B售02  ,0,0,0,0,0,0,0,0,0,91000,0,0,0,91000,0,91000,91000
064954,奇鋐凱基9C購01  ,0,0,0,0,0,0,0,0,0,91000,0,0,0,145000,54000,91000,91000
065244,聯發科兆豐9C購05,0,0,0,0,0,0,0,0,0,91000,0,0,0,189000,98000,91000,91000
06608P,立積群益99售02  ,0,0,0,0,0,0,0,0,0,91000,0,0,0,147000,56000,91000,91000
07576P,可成元大9A售01  ,0,0,0,0,0,0,0,0,0,91000,0,0,0,191000,100000,91000,91000
07147P,高鐵元大99售01  ,0,0,0,0,0,0,0,0,0,91000,0,0,0,91000,0,91000,91000
06746P,聯發科群益99售02,0,0,0,0,0,0,0,0,0,91000,0,0,0,91000,0,91000,91000
061472,台積電元大9A購32,0,0,0,0,0,0,0,0,0,91000,0,0,0,121000,30000,91000,91000
056412,上証2X中信9A購02,0,0,0,0,0,0,0,0,0,91000,0,0,0,91000,0,91000,91000
053866,景碩元大97購02  ,0,0,0,0,0,0,0,0,0,91000,0,0,0,101000,10000,91000,91000
00673R,元大S&P原油反1  ,0,0,0,0,0,0,0,0,0,91000,0,0,0,147000,56000,91000,91000
062003,國巨國泰01購01  ,0,0,0,0,0,0,0,0,0,91000,0,0,0,94000,3000,91000,91000
062373,泰鼎元大9B購01  ,0,0,0,0,0,0,0,0,0,91000,0,0,0,92000,1000,91000,91000
06638P,鴻海統一99售02  ,0,0,0,0,0,0,0,0,0,90000,0,0,0,140000,50000,90000,90000
07080P,健策群益9A售01  ,0,0,0,0,0,0,0,0,0,90000,0,0,0,90000,0,90000,90000
07612P,國巨國泰9B售06  ,0,0,0,0,0,0,0,0,0,90000,0,0,0,90000,0,90000,90000
065452,康友統一02購01  ,0,0,0,0,0,0,0,0,0,90000,0,0,0,100000,10000,90000,90000
065194,和大元富9C購01  ,0,0,0,0,0,0,0,0,0,90000,0,0,0,90000,0,90000,90000
08134P,臺股指元大9B售40,0,0,0,0,0,0,0,0,0,90000,0,0,0,120000,30000,90000,90000
055421,玉晶光永豐98購04,0,0,0,0,0,0,0,0,0,90000,0,0,0,425000,335000,90000,90000
054088,華新群益98購02  ,0,50000,-50000,0,0,0,0,0,0,140000,0,0,0,295000,155000,140000,90000
056769,國產元大98購01  ,0,0,0,0,0,0,0,0,0,90000,0,0,0,90000,0,90000,90000
059194,元金2X永豐99購01,0,0,0,0,0,0,0,0,0,90000,0,0,0,120000,30000,90000,90000
058854,樺漢群益9B購01  ,0,0,0,0,0,0,0,0,0,90000,0,0,0,198000,108000,90000,90000
058525,台虹元大99購02  ,0,0,0,0,0,0,0,0,0,90000,0,0,0,130000,40000,90000,90000
061054,台積電群益9A購04,0,0,0,0,0,0,0,0,0,90000,0,0,0,138000,48000,90000,90000
058664,百和兆豐99購01  ,0,0,0,0,0,0,0,0,0,90000,0,0,0,90000,0,90000,90000
05957P,友達國票97售04  ,0,0,0,0,0,0,0,0,0,90000,0,0,0,90000,0,90000,90000
059626,台積電凱基01購01,0,0,0,0,0,0,0,0,0,90000,0,0,0,100000,10000,90000,90000
06320P,上銀統一97售04  ,0,0,0,0,0,0,0,0,0,90000,0,0,0,90000,0,90000,90000
063114,南電兆豐9B購01  ,0,0,0,0,0,0,0,0,0,90000,0,0,0,100000,10000,90000,90000
064566,大立光群益9C購04,0,0,0,0,0,0,0,0,0,90000,0,0,0,94000,4000,90000,90000
064450,致茂統一01購01  ,0,0,0,0,0,0,0,0,0,90000,0,0,0,90000,0,90000,90000
064031,玉晶光元大02購01,0,0,0,0,0,0,0,0,0,90000,0,0,0,163000,73000,90000,90000
064034,台表科元大9C購07,0,0,0,0,0,0,0,0,0,90000,0,0,0,164000,74000,90000,90000
065093,新日興元大9C購03,0,35000,-35000,0,0,0,0,0,0,124000,0,0,0,179000,55000,124000,89000
065094,新日興元大9C購04,0,0,0,0,0,0,0,0,0,89000,0,0,0,112000,23000,89000,89000
064914,友達統一02購03  ,0,0,0,0,0,0,0,0,0,89000,0,0,0,94000,5000,89000,89000
057815,信邦元大98購01  ,0,0,0,0,0,0,0,0,0,89000,0,0,0,139000,50000,89000,89000
060087,鴻海元大99購43  ,0,0,0,0,0,0,0,0,0,89000,0,0,0,89000,0,89000,89000
061592,義隆永豐9A購03  ,0,0,0,0,0,0,0,0,0,89000,0,0,0,164000,75000,89000,89000
059203,勤誠永豐99購02  ,0,0,0,0,0,0,0,0,0,89000,0,0,0,89000,0,89000,89000
064354,同欣電元大9C購05,0,0,0,0,0,0,0,0,0,89000,0,0,0,239000,150000,89000,89000
063295,京元電麥證9B購01,0,0,0,151000,62000,89000,0,0,0,89000,0,0,0,151000,62000,89000,89000
064881,聯茂兆豐01購02  ,0,0,0,0,0,0,0,0,0,88000,0,0,0,88000,0,88000,88000
057959,欣興元大98購14  ,0,0,0,0,0,0,0,0,0,88000,0,0,0,116000,28000,88000,88000
060944,國泰金國票9A購01,0,0,0,0,0,0,0,0,0,88000,0,0,0,100000,12000,88000,88000
061768,晶技元大9B購02  ,0,0,0,0,0,0,0,0,0,88000,0,0,0,88000,0,88000,88000
060759,南亞科元大9A購03,0,0,0,0,0,0,0,0,0,88000,0,0,0,89000,1000,88000,88000
062340,力成麥證9B購01  ,0,0,0,88000,0,88000,0,0,0,88000,0,0,0,88000,0,88000,88000
063650,矽創元大9B購03  ,0,0,0,0,0,0,0,0,0,88000,0,0,0,118000,30000,88000,88000
063705,臻鼎群益9B購03  ,0,0,0,0,0,0,0,0,0,88000,0,0,0,222000,134000,88000,88000
06615P,鴻海元大9C售02  ,0,0,0,0,0,0,0,0,0,87000,0,0,0,100000,13000,87000,87000
065374,義隆元大9C購07  ,0,0,0,0,0,0,0,0,0,87000,0,0,0,140000,53000,87000,87000
061644,健策元大9C購02  ,0,0,0,0,0,0,0,0,0,87000,0,0,0,132000,45000,87000,87000
061470,鈺齊群益9A購02  ,0,0,0,0,0,0,0,0,0,87000,0,0,0,124000,37000,87000,87000
057147,新日興國票99購01,0,0,0,0,0,0,0,0,0,87000,0,0,0,87000,0,87000,87000
057166,國巨元大99購06  ,0,0,0,0,0,0,0,0,0,87000,0,0,0,148000,61000,87000,87000
057606,健策統一98購03  ,0,0,0,0,0,0,0,0,0,87000,0,0,0,87000,0,87000,87000
054237,茂林群益97購01  ,0,0,0,0,0,0,0,0,0,87000,0,0,0,97000,10000,87000,87000
057510,泰碩統一98購02  ,0,0,0,0,0,0,0,0,0,87000,0,0,0,203000,116000,87000,87000
060681,華擎元大9A購02  ,0,0,0,0,0,0,0,0,0,87000,0,0,0,87000,0,87000,87000
060962,義隆凱基9B購01  ,0,0,0,0,0,0,0,0,0,87000,0,0,0,97000,10000,87000,87000
061694,玉山金群益9A購01,0,0,0,0,0,0,0,0,0,87000,0,0,0,172000,85000,87000,87000
061960,國巨統一01購05  ,0,0,0,0,0,0,0,0,0,87000,0,0,0,121000,34000,87000,87000
064427,喬山凱基01購01  ,0,0,0,0,0,0,0,0,0,87000,0,0,0,90000,3000,87000,87000
062403,健策永豐9B購06  ,0,0,0,0,0,0,0,0,0,87000,0,0,0,93000,6000,87000,87000
062996,致茂國票9C購01  ,0,0,0,0,0,0,0,0,0,87000,0,0,0,94000,7000,87000,87000
08357P,聯發科元大9C售09,0,0,0,0,0,0,0,0,0,86000,0,0,0,88000,2000,86000,86000
08340P,聯發科元富9C售01,0,0,0,0,0,0,0,0,0,86000,0,0,0,156000,70000,86000,86000
3605,宏致            ,427000,534000,-107000,0,0,0,0,0,0,193000,207000,14000,193000,0,0,0,86000
053593,晶技元大98購01  ,0,0,0,0,0,0,0,0,0,86000,0,0,0,118000,32000,86000,86000
056855,祥碩中信98購02  ,0,0,0,0,0,0,0,0,0,86000,0,0,0,86000,0,86000,86000
060649,國巨第一9A購01  ,0,0,0,0,0,0,0,0,0,86000,0,0,0,86000,0,86000,86000
060240,富邦金元大9A購01,0,0,0,0,0,0,0,0,0,86000,0,0,0,194000,108000,86000,86000
060288,群光元大9C購01  ,0,0,0,0,0,0,0,0,0,86000,0,0,0,97000,11000,86000,86000
060195,旭富元富9A購02  ,0,0,0,0,0,0,0,0,0,86000,0,0,0,86000,0,86000,86000
062635,創意國票9B購01  ,0,0,0,0,0,0,0,0,0,86000,0,0,0,102000,16000,86000,86000
3518,柏騰            ,124000,39000,85000,0,0,0,0,0,0,0,0,0,0,0,0,0,85000
08194P,同欣電國票9C售03,0,0,0,0,0,0,0,0,0,85000,0,0,0,159000,74000,85000,85000
065299,燿華元富9C購02  ,0,0,0,0,0,0,0,0,0,85000,0,0,0,85000,0,85000,85000
065193,和大元富03購02  ,0,0,0,0,0,0,0,0,0,85000,0,0,0,85000,0,85000,85000
057888,貿聯群益98購02  ,0,0,0,0,0,0,0,0,0,85000,0,0,0,126000,41000,85000,85000
061389,華新科群益9B購01,0,0,0,0,0,0,0,0,0,85000,0,0,0,100000,15000,85000,85000
061514,泰碩永豐9A購02  ,0,0,0,0,0,0,0,0,0,85000,0,0,0,85000,0,85000,85000
061634,遠東新元大9A購01,0,0,0,0,0,0,0,0,0,85000,0,0,0,90000,5000,85000,85000
057548,微星凱基99購01  ,0,0,0,0,0,0,0,0,0,85000,0,0,0,272000,187000,85000,85000
060978,國巨元大9A購13  ,0,0,0,0,0,0,0,0,0,85000,0,0,0,122000,37000,85000,85000
061004,友達兆豐9A購01  ,0,0,0,0,0,0,0,0,0,85000,0,0,0,85000,0,85000,85000
058278,FBVIX中信03購02 ,0,0,0,0,0,0,0,0,0,85000,0,0,0,85000,0,85000,85000
061238,晶技元大9A購02  ,0,0,0,0,0,0,0,0,0,85000,0,0,0,96000,11000,85000,85000
062919,聯茂元大9B購01  ,0,0,0,0,0,0,0,0,0,85000,0,0,0,128000,43000,85000,85000
062814,台光電兆豐9B購01,0,0,0,0,0,0,0,0,0,85000,0,0,0,85000,0,85000,85000
062499,鴻海群益01購01  ,0,0,0,0,0,0,0,0,0,85000,0,0,0,169000,84000,85000,85000
063025,超眾元大9B購01  ,0,0,0,0,0,0,0,0,0,85000,0,0,0,258000,173000,85000,85000
063228,聯茂群益9B購01  ,0,0,0,0,0,0,0,0,0,85000,0,0,0,85000,0,85000,85000
8213,志超            ,96000,63005,32995,0,0,0,0,0,0,52000,0,16000,-16000,68000,0,68000,84995
065149,遠東新群益9C購01,0,0,0,0,0,0,0,0,0,84000,0,0,0,84000,0,84000,84000
08216P,聯發科群益9C售05,0,0,0,0,0,0,0,0,0,84000,0,0,0,129000,45000,84000,84000
057717,友訊元富98購02  ,0,0,0,0,0,0,0,0,0,84000,0,0,0,260000,176000,84000,84000
060155,友訊永豐9A購01  ,0,0,0,0,0,0,0,0,0,84000,0,0,0,165000,81000,84000,84000
060825,聯詠元大9A購05  ,0,0,0,0,0,0,0,0,0,84000,0,0,0,119000,35000,84000,84000
063132,台表科元大9C購02,0,0,0,0,0,0,0,0,0,84000,0,0,0,138000,54000,84000,84000
062540,茂林國泰9C購01  ,0,0,0,0,0,0,0,0,0,84000,0,0,0,85000,1000,84000,84000
062170,健策永豐9B購04  ,0,0,0,0,0,0,0,0,0,84000,0,0,0,101000,17000,84000,84000
063713,麗豐凱基9B購01  ,0,0,0,0,0,0,0,0,0,84000,0,0,0,133000,49000,84000,84000
3708,上緯投控        ,98000,14000,84000,0,0,0,0,0,0,0,0,0,0,0,0,0,84000
1108,幸福            ,85000,2000,83000,0,0,0,0,0,0,0,0,0,0,0,0,0,83000
065160,聯茂群益9C購02  ,0,0,0,0,0,0,0,0,0,83000,0,0,0,85000,2000,83000,83000
06569P,可成永豐98售01  ,0,0,0,0,0,0,0,0,0,83000,0,0,0,83000,0,83000,83000
057905,臺股指永豐98購06,0,0,0,0,0,0,0,0,0,83000,0,0,0,83000,0,83000,83000
057437,可成國票99購01  ,0,0,0,0,0,0,0,0,0,83000,0,0,0,93000,10000,83000,83000
054923,晶技凱基98購01  ,0,0,0,0,0,0,0,0,0,83000,0,0,0,98000,15000,83000,83000
06047P,聯發科富邦99售04,0,0,0,0,0,0,0,0,0,83000,0,0,0,103000,20000,83000,83000
061726,台積電麥證9A購05,0,0,0,83000,0,83000,0,0,0,83000,0,0,0,83000,0,83000,83000
065131,晶技兆豐01購01  ,0,0,0,0,0,0,0,0,0,82000,0,0,0,144000,62000,82000,82000
08493P,嘉澤元大9C售01  ,0,0,0,0,0,0,0,0,0,82000,0,0,0,92000,10000,82000,82000
1734,杏輝            ,1084000,1012000,72000,0,0,0,0,0,0,10000,10000,0,10000,0,0,0,82000
055438,鴻海國票98購01  ,0,0,0,0,0,0,0,0,0,82000,0,0,0,150000,68000,82000,82000
046937,聯電元大99購01  ,0,0,0,0,0,0,0,0,0,82000,0,0,0,92000,10000,82000,82000
056864,新日興群益99購01,0,0,0,0,0,0,0,0,0,82000,0,0,0,82000,0,82000,82000
056658,美食元大98購01  ,0,0,0,0,0,0,0,0,0,82000,0,0,0,86000,4000,82000,82000
062968,仁寶元富9B購01  ,0,0,0,0,0,0,0,0,0,82000,0,0,0,177000,95000,82000,82000
063422,奇鋐凱基9B購04  ,0,0,0,0,0,0,0,0,0,82000,0,0,0,118000,36000,82000,82000
063670,美食統一9C購01  ,0,0,0,0,0,0,0,0,0,82000,0,0,0,82000,0,82000,82000
064054,中租統一02購01  ,0,0,0,0,0,0,0,0,0,82000,0,0,0,404000,322000,82000,82000
064411,台表科凱基02購01,0,0,0,0,0,0,0,0,0,82000,0,0,0,265000,183000,82000,82000
064675,A50正2兆豐01購01,0,0,0,0,0,0,0,0,0,82000,0,0,0,102000,20000,82000,82000
3010,華立            ,209000,128000,81000,0,0,0,0,0,0,0,0,0,0,0,0,0,81000
2923,鼎固-KY         ,86000,5000,81000,0,0,0,0,0,0,0,0,0,0,0,0,0,81000
056657,華邦電元大99購01,0,0,0,0,0,0,0,0,0,81000,0,0,0,111000,30000,81000,81000
057670,欣興元大99購02  ,0,0,0,0,0,0,0,0,0,81000,0,0,0,103000,22000,81000,81000
049024,玉晶光群益97購01,0,0,0,0,0,0,0,0,0,81000,0,0,0,83000,2000,81000,81000
052313,聯電元大98購01  ,0,0,0,0,0,0,0,0,0,81000,0,0,0,179000,98000,81000,81000
059199,欣興永豐99購02  ,0,0,0,0,0,0,0,0,0,81000,0,0,0,83000,2000,81000,81000
061204,國巨元大9A購16  ,0,0,0,0,0,0,0,0,0,81000,0,0,0,91000,10000,81000,81000
059612,奇鋐永豐99購02  ,0,0,0,0,0,0,0,0,0,81000,0,0,0,91000,10000,81000,81000
064367,貿聯統一01購02  ,0,0,0,0,0,0,0,0,0,81000,0,0,0,81000,0,81000,81000
064390,台塑永豐9C購01  ,0,0,0,0,0,0,0,0,0,81000,0,0,0,81000,0,81000,81000
063975,台積電兆豐9C購01,0,0,0,0,0,0,0,0,0,81000,0,0,0,102000,21000,81000,81000
063355,超眾元富9B購01  ,0,0,0,0,0,0,0,0,0,81000,0,0,0,206000,125000,81000,81000
063283,華新科元大9C購03,0,0,0,0,0,0,0,0,0,81000,0,0,0,163000,82000,81000,81000
8464,億豐            ,253000,154000,99000,0,0,0,0,16000,-16000,-2000,0,4000,-4000,4000,2000,2000,81000
3060,銘異            ,124000,40000,84000,0,0,0,0,0,0,-4000,0,4000,-4000,0,0,0,80000
08005P,台積電群益9C售04,0,0,0,0,0,0,0,0,0,80000,0,0,0,200000,120000,80000,80000
07989P,玉晶光凱基9B售07,0,0,0,0,0,0,0,0,0,80000,0,0,0,90000,10000,80000,80000
065300,燿華元富9C購03  ,0,0,0,0,0,0,0,0,0,80000,0,0,0,85000,5000,80000,80000
065387,台光電兆豐9C購02,0,0,0,0,0,0,0,0,0,80000,0,0,0,85000,5000,80000,80000
07327P,台灣50群益9A售06,0,0,0,0,0,0,0,0,0,80000,0,0,0,80000,0,80000,80000
07051P,大立光中信99售02,0,0,0,0,0,0,0,0,0,80000,0,0,0,80000,0,80000,80000
055877,奇鋐元富97購01  ,0,0,0,0,0,0,0,0,0,80000,0,0,0,80000,0,80000,80000
055887,上銀統一97購03  ,0,0,0,0,0,0,0,0,0,80000,0,0,0,80000,0,80000,80000
056215,華新科國票97購03,0,0,0,0,0,0,0,0,0,80000,0,0,0,80000,0,80000,80000
061391,晶技群益9A購02  ,0,0,0,0,0,0,0,0,0,80000,0,0,0,80000,0,80000,80000
059564,鴻海凱基9A購15  ,0,0,0,0,0,0,0,0,0,80000,0,0,0,80000,0,80000,80000
061211,玉晶光元大9A購12,0,0,0,0,0,0,0,0,0,80000,0,0,0,81000,1000,80000,80000
060851,國巨國泰9C購01  ,0,0,0,0,0,0,0,0,0,80000,0,0,0,95000,15000,80000,80000
063203,華新科統一9C購04,0,0,0,0,0,0,0,0,0,80000,0,0,0,98000,18000,80000,80000
062192,南六元大9B購01  ,0,0,0,0,0,0,0,0,0,80000,0,0,0,126000,46000,80000,80000
062662,友達群益9B購02  ,0,0,0,0,0,0,0,0,0,80000,0,0,0,100000,20000,80000,80000
064097,友訊群益9C購01  ,0,0,0,0,0,0,0,0,0,80000,0,0,0,186000,106000,80000,80000
064622,晶技元大01購01  ,0,0,0,0,0,0,0,0,0,80000,0,0,0,168000,88000,80000,80000
064756,友達凱基02購02  ,0,0,0,0,0,0,0,0,0,80000,0,0,0,100000,20000,80000,80000
065043,新光金凱基02購01,0,0,0,0,0,0,0,0,0,79000,0,0,0,79000,0,79000,79000
056417,欣興中信98購01  ,0,0,0,0,0,0,0,0,0,79000,0,0,0,259000,180000,79000,79000
056469,國巨元大99購01  ,0,0,0,0,0,0,0,0,0,79000,0,0,0,248000,169000,79000,79000
056095,臻鼎元富9A購01  ,0,0,0,0,0,0,0,0,0,79000,0,0,0,126000,47000,79000,79000
062279,晶豪科群益9B購01,0,0,0,0,0,0,0,0,0,79000,0,0,0,165000,86000,79000,79000
060722,矽格永豐9A購01  ,0,0,0,0,0,0,0,0,0,79000,0,0,0,79000,0,79000,79000
07058P,台積電凱基9A售07,0,0,0,0,0,0,0,0,0,78000,0,0,0,123000,45000,78000,78000
07110P,台灣50群益9B售03,0,0,0,0,0,0,0,0,0,78000,0,0,0,78000,0,78000,78000
08374P,緯穎凱基9C售01  ,0,0,0,0,0,0,0,0,0,78000,0,0,0,269000,191000,78000,78000
057534,旭富元大98購01  ,0,0,0,0,0,0,0,0,0,78000,0,0,0,78000,0,78000,78000
053438,玉晶光麥證97購02,0,0,0,78000,0,78000,0,0,0,78000,0,0,0,78000,0,78000,78000
055312,台虹群益99購01  ,0,0,0,0,0,0,0,0,0,78000,0,0,0,78000,0,78000,78000
058547,世紀鋼富邦9A購01,0,0,0,0,0,0,0,0,0,78000,0,0,0,86000,8000,78000,78000
059860,台積電群益9A購02,0,0,0,0,0,0,0,0,0,78000,0,0,0,99000,21000,78000,78000
061791,康友群益9B購01  ,0,0,0,0,0,0,0,0,0,78000,0,0,0,100000,22000,78000,78000
060320,元金2X群益02購01,0,0,0,0,0,0,0,0,0,78000,0,0,0,80000,2000,78000,78000
064801,鴻海元大9C購13  ,0,0,0,0,0,0,0,0,0,78000,0,0,0,110000,32000,78000,78000
064500,國泰金元大9C購01,0,0,0,0,0,0,0,0,0,78000,0,0,0,158000,80000,78000,78000
064077,台積電中信06購03,0,0,0,0,0,0,0,0,0,78000,0,0,0,133000,55000,78000,78000
064026,建準元大9C購02  ,0,0,0,0,0,0,0,0,0,78000,0,0,0,91000,13000,78000,78000
062806,世芯統一02購01  ,0,0,0,0,0,0,0,0,0,78000,0,0,0,194000,116000,78000,78000
062206,緯創國票9B購01  ,0,0,0,0,0,0,0,0,0,78000,0,0,0,85000,7000,78000,78000
063289,台表科元大9B購07,0,0,0,0,0,0,0,0,0,78000,0,0,0,103000,25000,78000,78000
063245,富邦金元大9B購03,0,0,0,0,0,0,0,0,0,78000,0,0,0,140000,62000,78000,78000
2524,京城            ,67000,38000,29000,0,0,0,0,0,0,48000,48000,0,48000,0,0,0,77000
06658P,台灣50富邦9C售01,0,0,0,0,0,0,0,0,0,77000,0,0,0,89000,12000,77000,77000
047004,台積電統一99購01,0,0,0,0,0,0,0,0,0,77000,0,0,0,119000,42000,77000,77000
056386,TPK國泰99購01   ,0,0,0,0,0,0,0,0,0,77000,0,0,0,185000,108000,77000,77000
061451,南電中信9A購03  ,0,0,0,0,0,0,0,0,0,77000,0,0,0,80000,3000,77000,77000
060363,美律元富9A購01  ,0,0,0,0,0,0,0,0,0,77000,0,0,0,128000,51000,77000,77000
059086,國巨元大99購18  ,0,0,0,0,0,0,0,0,0,77000,0,0,0,79000,2000,77000,77000
058522,聯茂元大99購07  ,0,0,0,0,0,0,0,0,0,77000,0,0,0,114000,37000,77000,77000
061122,敬鵬永豐9A購01  ,0,0,0,0,0,0,0,0,0,77000,0,0,0,100000,23000,77000,77000
063205,貿聯統一9C購01  ,0,0,0,0,0,0,0,0,0,77000,0,0,0,148000,71000,77000,77000
063360,茂林國泰9C購02  ,0,0,0,0,0,0,0,0,0,77000,0,0,0,86000,9000,77000,77000
062858,微星國票9B購01  ,0,0,0,0,0,0,0,0,0,77000,0,0,0,77000,0,77000,77000
064162,貿聯統一02購01  ,0,0,0,0,0,0,0,0,0,77000,0,0,0,117000,40000,77000,77000
064264,智伸科永豐9C購01,0,0,0,0,0,0,0,0,0,77000,0,0,0,221000,144000,77000,77000
064702,百和群益01購01  ,0,0,0,0,0,0,0,0,0,77000,0,0,0,77000,0,77000,77000
065034,玉晶光統一01購11,0,0,0,0,0,0,0,0,0,76000,0,0,0,567000,491000,76000,76000
08469P,富邦金凱基9C售01,0,0,0,0,0,0,0,0,0,76000,0,0,0,76000,0,76000,76000
061633,統一元大9A購01  ,0,0,0,0,0,0,0,0,0,76000,0,0,0,92000,16000,76000,76000
061194,聯鈞永豐9A購02  ,0,0,0,0,0,0,0,0,0,76000,0,0,0,76000,0,76000,76000
056702,欣興國泰9A購01  ,0,0,0,0,0,0,0,0,0,76000,0,0,0,230000,154000,76000,76000
00690,兆豐藍籌30      ,0,0,0,0,0,0,0,0,0,76000,0,0,0,243000,167000,76000,76000
059995,南亞科元富99購01,0,0,0,0,0,0,0,0,0,76000,0,0,0,415000,339000,76000,76000
058847,國巨群益99購05  ,0,0,0,0,0,0,0,0,0,76000,0,0,0,76000,0,76000,76000
062106,華邦電國票9B購02,0,0,0,0,0,0,0,0,0,76000,0,0,0,78000,2000,76000,76000
061913,宏碁中信9B購01  ,0,0,0,0,0,0,0,0,0,76000,0,0,0,76000,0,76000,76000
064657,和大元大9C購02  ,0,0,0,0,0,0,0,0,0,76000,0,0,0,76000,0,76000,76000
065176,玉晶光元大01購04,0,0,0,0,0,0,0,0,0,75000,0,0,0,75000,0,75000,75000
07457P,宏達電元大9A售01,0,0,0,0,0,0,0,0,0,75000,0,0,0,92000,17000,75000,75000
050854,世紀鋼國票97購01,0,0,0,0,0,0,0,0,0,75000,0,0,0,75000,0,75000,75000
056441,燿華凱基98購01  ,0,0,0,0,0,0,0,0,0,75000,0,0,0,75000,0,75000,75000
061525,華新科凱基9A購13,0,0,0,0,0,0,0,0,0,75000,0,0,0,75000,0,75000,75000
060960,金像電凱基9B購01,0,0,0,0,0,0,0,0,0,75000,0,0,0,125000,50000,75000,75000
059536,新光金凱基99購05,0,0,0,0,0,0,0,0,0,75000,0,0,0,75000,0,75000,75000
058786,元黃金元大99購01,0,0,0,0,0,0,0,0,0,75000,0,0,0,105000,30000,75000,75000
063921,大立光元富9C購03,0,0,0,0,0,0,0,0,0,75000,0,0,0,95000,20000,75000,75000
063413,台積電麥證01購01,0,0,0,81000,6000,75000,0,0,0,75000,0,0,0,81000,6000,75000,75000
2312,金寶            ,708000,750947,-42947,0,0,0,0,0,0,117000,6000,0,6000,166000,55000,111000,74053
08228P,華擎國票9C售01  ,0,0,0,0,0,0,0,0,0,74000,0,0,0,183000,109000,74000,74000
06656P,GIS元大98售02   ,0,0,0,0,0,0,0,0,0,74000,0,0,0,139000,65000,74000,74000
065211,世芯國票01購03  ,0,0,0,0,0,0,0,0,0,74000,0,0,0,109000,35000,74000,74000
065246,旭富兆豐01購01  ,0,0,0,0,0,0,0,0,0,74000,0,0,0,80000,6000,74000,74000
056411,緯穎國票99購01  ,0,0,0,0,0,0,0,0,0,74000,0,0,0,195000,121000,74000,74000
055207,致新中信99購01  ,0,0,0,0,0,0,0,0,0,74000,0,0,0,88000,14000,74000,74000
058431,國巨統一9B購01  ,0,0,0,0,0,0,0,0,0,74000,0,0,0,637000,563000,74000,74000
058061,貿聯元富9B購01  ,0,0,0,0,0,0,0,0,0,74000,0,0,0,143000,69000,74000,74000
058939,台積電中信9B購01,0,0,0,0,0,0,0,0,0,74000,0,0,0,84000,10000,74000,74000
061213,群創元大9A購05  ,0,0,0,0,0,0,0,0,0,74000,0,0,0,74000,0,74000,74000
063223,牧德群益9B購04  ,0,0,0,0,0,0,0,0,0,74000,0,0,0,320000,246000,74000,74000
062698,台積電元大01購01,0,0,0,0,0,0,0,0,0,74000,0,0,0,421000,347000,74000,74000
062619,台表科元大9B購03,0,0,0,0,0,0,0,0,0,74000,0,0,0,161000,87000,74000,74000
062168,大毅永豐9B購01  ,0,0,0,0,0,0,0,0,0,74000,0,0,0,76000,2000,74000,74000
064407,貿聯凱基02購02  ,0,0,0,0,0,0,0,0,0,74000,0,0,0,149000,75000,74000,74000
9917,中保科          ,137000,62000,75000,0,0,0,3000,1000,2000,-3000,0,3000,-3000,0,0,0,74000
6525,捷敏-KY         ,102000,28000,74000,0,0,0,0,0,0,0,0,0,0,0,0,0,74000
08165P,台表科永豐9B售02,0,0,0,0,0,0,0,0,0,73000,0,0,0,83000,10000,73000,73000
061447,鴻海中信04購02  ,0,0,0,0,0,0,0,0,0,73000,0,0,0,176000,103000,73000,73000
060929,健策永豐9A購01  ,0,0,0,0,0,0,0,0,0,73000,0,0,0,84000,11000,73000,73000
061997,台郡元大9B購03  ,0,0,0,0,0,0,0,0,0,73000,0,0,0,170000,97000,73000,73000
061050,康友中信9A購01  ,0,0,0,0,0,0,0,0,0,73000,0,0,0,152000,79000,73000,73000
061077,國巨兆豐9B購01  ,0,0,0,0,0,0,0,0,0,73000,0,0,0,78000,5000,73000,73000
058498,世紀鋼群益99購01,0,0,0,0,0,0,0,0,0,73000,0,0,0,73000,0,73000,73000
061564,華擎國票9A購02  ,0,0,0,0,0,0,0,0,0,73000,0,0,0,73000,0,73000,73000
060127,牧德永豐99購02  ,0,0,0,0,0,0,0,0,0,73000,0,0,0,558000,485000,73000,73000
064829,義隆統一01購02  ,0,0,0,0,0,0,0,0,0,73000,0,0,0,200000,127000,73000,73000
063905,健策麥證02購01  ,0,0,0,375000,281000,94000,0,0,0,73000,0,0,0,375000,302000,73000,73000
063843,台積電元大9C購03,0,0,0,0,0,0,0,0,0,73000,0,0,0,73000,0,73000,73000
063728,國巨元大9B購21  ,0,0,0,0,0,0,0,0,0,73000,0,0,0,117000,44000,73000,73000
064206,鴻海凱基03購02  ,0,0,0,0,0,0,0,0,0,73000,0,0,0,163000,90000,73000,73000
063947,大毅元大9C購02  ,0,0,0,0,0,0,0,0,0,73000,0,0,0,158000,85000,73000,73000
062655,漢唐永豐9B購01  ,0,0,0,0,0,0,0,0,0,73000,0,0,0,83000,10000,73000,73000
4739,康普            ,94000,18000,76000,0,0,0,0,0,0,-3000,0,0,0,0,3000,-3000,73000
08143P,聯發科凱基9C售05,0,0,0,0,0,0,0,0,0,72000,0,0,0,72000,0,72000,72000
08072P,祥碩永豐9B售03  ,0,0,0,0,0,0,0,0,0,72000,0,0,0,72000,0,72000,72000
057453,矽創元富98購01  ,0,0,0,0,0,0,0,0,0,72000,0,0,0,72000,0,72000,72000
055618,麗豐國票98購01  ,0,0,0,0,0,0,0,0,0,72000,0,0,0,113000,41000,72000,72000
052919,鈺齊富邦98購01  ,0,0,0,0,0,0,0,0,0,72000,0,0,0,72000,0,72000,72000
061136,可成統一9A購01  ,0,0,0,0,0,0,0,0,0,72000,0,0,0,72000,0,72000,72000
060471,台勝科元大9B購01,0,0,0,0,0,0,0,0,0,72000,0,0,0,182000,110000,72000,72000
058831,茂林永豐99購01  ,0,0,0,0,0,0,0,0,0,72000,0,0,0,122000,50000,72000,72000
062917,旭富元大9C購03  ,0,0,0,0,0,0,0,0,0,72000,0,0,0,72000,0,72000,72000
063565,旺宏元大9B購08  ,0,0,0,0,0,0,0,0,0,72000,0,0,0,72000,0,72000,72000
063484,達方元大9B購01  ,0,0,0,0,0,0,0,0,0,72000,0,0,0,82000,10000,72000,72000
063841,國巨元大01購01  ,0,0,0,0,0,0,0,0,0,72000,0,0,0,102000,30000,72000,72000
064445,聚陽統一02購01  ,0,0,0,0,0,0,0,0,0,72000,0,0,0,72000,0,72000,72000
8454,富邦媒          ,109000,44000,65000,0,0,0,12000,0,12000,-5000,1000,6000,-5000,0,0,0,72000
065103,南六元大9C購06  ,0,0,0,0,0,0,0,0,0,71000,0,0,0,102000,31000,71000,71000
053045,國巨中信97購01  ,0,0,0,0,0,0,0,0,0,71000,0,0,0,71000,0,71000,71000
057270,遠東新元大98購01,0,0,0,0,0,0,0,0,0,71000,0,0,0,71000,0,71000,71000
06177P,玉晶光元大98售07,0,0,0,0,0,0,0,0,0,71000,0,0,0,111000,40000,71000,71000
061972,華新元大9B購01  ,0,0,0,0,0,0,0,0,0,71000,0,0,0,103000,32000,71000,71000
06192P,高股息中信98售01,0,0,0,0,0,0,0,0,0,71000,0,0,0,85000,14000,71000,71000
060128,健策永豐99購06  ,0,0,0,0,0,0,0,0,0,71000,0,0,0,79000,8000,71000,71000
061571,奇力新元大9A購03,0,0,0,0,0,0,0,0,0,71000,0,0,0,71000,0,71000,71000
06483P,聯發科凱基98售10,0,0,0,0,0,0,0,0,0,71000,0,0,0,71000,0,71000,71000
064757,義隆凱基01購02  ,0,0,0,0,0,0,0,0,0,71000,0,0,0,121000,50000,71000,71000
063944,建準元大9C購01  ,0,0,0,0,0,0,0,0,0,71000,0,0,0,74000,3000,71000,71000
064106,國巨兆豐9C購04  ,0,0,0,0,0,0,0,0,0,71000,0,0,0,83000,12000,71000,71000
063531,台表科凱基9B購04,0,0,0,0,0,0,0,0,0,71000,0,0,0,91000,20000,71000,71000
063220,建準群益9B購01  ,0,0,0,0,0,0,0,0,0,71000,0,0,0,86000,15000,71000,71000
8131,福懋科          ,86000,30000,56000,0,0,0,0,0,0,15000,0,2000,-2000,18000,1000,17000,71000
07649P,金像電永豐9A售02,0,0,0,0,0,0,0,0,0,70000,0,0,0,115000,45000,70000,70000
056899,可成元大98購01  ,0,0,0,0,0,0,0,0,0,70000,0,0,0,70000,0,70000,70000
061336,國巨元大9A購20  ,0,0,0,0,0,0,0,0,0,70000,0,0,0,105000,35000,70000,70000
061270,彩晶凱基9A購02  ,0,0,0,0,0,0,0,0,0,70000,0,0,0,70000,0,70000,70000
056131,鴻海元大97購12  ,0,0,0,0,0,0,0,0,0,70000,0,0,0,70000,0,70000,70000
053035,台表科兆豐97購01,0,0,0,0,0,0,0,0,0,70000,0,0,0,70000,0,70000,70000
052049,緯創凱基97購01  ,0,0,0,0,0,0,0,0,0,70000,0,0,0,90000,20000,70000,70000
056136,京鼎元大98購01  ,0,0,0,0,0,0,0,0,0,70000,0,0,0,170000,100000,70000,70000
061583,矽創元大9A購01  ,0,0,0,0,0,0,0,0,0,70000,0,0,0,107000,37000,70000,70000
060151,旺宏富邦9A購02  ,0,0,0,0,0,0,0,0,0,70000,0,0,0,70000,0,70000,70000
060259,潤泰全凱基9C購01,0,0,0,0,0,0,0,0,0,70000,0,0,0,80000,10000,70000,70000
061961,台積電統一01購02,0,0,0,0,0,0,0,0,0,70000,0,0,0,80000,10000,70000,70000
062069,喬山元大9B購01  ,0,0,0,0,0,0,0,0,0,70000,0,0,0,70000,0,70000,70000
062282,禾伸堂群益9B購01,0,0,0,0,0,0,0,0,0,70000,0,0,0,70000,0,70000,70000
060848,聯茂國票9A購02  ,0,0,0,0,0,0,0,0,0,70000,0,0,0,70000,0,70000,70000
060333,金寶康和9A購01  ,0,0,0,0,0,0,0,0,0,70000,0,0,0,90000,20000,70000,70000
06059P,泰碩元大97售02  ,0,0,0,0,0,0,0,0,0,70000,0,0,0,70000,0,70000,70000
059261,華邦電中信01購01,0,0,0,0,0,0,0,0,0,70000,0,0,0,71000,1000,70000,70000
063229,台表科群益9B購04,0,0,0,0,0,0,0,0,0,70000,0,0,0,117000,47000,70000,70000
063589,美食永豐9B購02  ,0,0,0,0,0,0,0,0,0,70000,0,0,0,70000,0,70000,70000
062628,廣達國票9B購01  ,0,0,0,0,0,0,0,0,0,70000,0,0,0,108000,38000,70000,70000
062703,可成元大9C購02  ,0,0,0,0,0,0,0,0,0,70000,0,0,0,70000,0,70000,70000
063972,緯創國票9C購01  ,0,0,0,0,0,0,0,0,0,70000,0,0,0,72000,2000,70000,70000
06436P,台光電國票98售04,0,0,0,0,0,0,0,0,0,70000,0,0,0,70000,0,70000,70000
07674P,金融類元大9A售01,0,0,0,0,0,0,0,0,0,69000,0,0,0,72000,3000,69000,69000
00730,富邦臺灣優質高息,0,0,0,0,0,0,0,0,0,69000,0,0,0,467000,398000,69000,69000
061234,國巨元大9A購18  ,0,0,0,0,0,0,0,0,0,69000,0,0,0,77000,8000,69000,69000
060469,台勝科元大9A購02,0,0,0,0,0,0,0,0,0,69000,0,0,0,74000,5000,69000,69000
061019,大毅國票9A購01  ,0,0,0,0,0,0,0,0,0,69000,0,0,0,109000,40000,69000,69000
064356,矽創元大01購01  ,0,0,0,0,0,0,0,0,0,69000,0,0,0,70000,1000,69000,69000
063916,瀚宇博凱基01購01,0,0,0,0,0,0,0,0,0,69000,0,0,0,269000,200000,69000,69000
062565,漢唐中信9C購01  ,0,0,0,0,0,0,0,0,0,69000,0,0,0,69000,0,69000,69000
062836,同欣電群益9B購02,0,0,0,0,0,0,0,0,0,69000,0,0,0,104000,35000,69000,69000
062496,矽創中信9B購01  ,0,0,0,0,0,0,0,0,0,69000,0,0,0,99000,30000,69000,69000
063480,南六元大9C購01  ,0,0,0,0,0,0,0,0,0,69000,0,0,0,175000,106000,69000,69000
063172,廣達中信9C購01  ,0,0,0,0,0,0,0,0,0,69000,0,0,0,227000,158000,69000,69000
6531,愛普            ,17000,100000,-83000,0,0,0,0,0,0,152000,0,8000,-8000,160000,0,160000,69000
07580P,緯穎元大9A售03  ,0,0,0,0,0,0,0,0,0,68000,0,0,0,68000,0,68000,68000
07334P,臺股指國票99售19,0,0,0,0,0,0,0,0,0,68000,0,0,0,98000,30000,68000,68000
065055,臺股指凱基02購04,0,0,0,0,0,0,0,0,0,68000,0,0,0,131000,63000,68000,68000
065263,國泰金元大9C購02,0,0,0,0,0,0,0,0,0,68000,0,0,0,68000,0,68000,68000
08060P,嘉澤元大9B售01  ,0,0,0,0,0,0,0,0,0,68000,0,0,0,80000,12000,68000,68000
055380,智易元大98購02  ,0,0,0,0,0,0,0,0,0,68000,0,0,0,68000,0,68000,68000
055417,健策富邦98購02  ,0,0,0,0,0,0,0,0,0,68000,0,0,0,68000,0,68000,68000
056058,建準元大97購02  ,0,0,0,0,0,0,0,0,0,68000,0,0,0,68000,0,68000,68000
056574,亞光元大99購03  ,0,0,0,0,0,0,0,0,0,68000,0,0,0,68000,0,68000,68000
057639,國巨元大99購07  ,0,0,0,0,0,0,0,0,0,68000,0,0,0,69000,1000,68000,68000
057859,神達康和98購01  ,0,0,0,0,0,0,0,0,0,68000,0,0,0,68000,0,68000,68000
058611,欣興元大99購06  ,0,0,0,0,0,0,0,0,0,68000,0,0,0,95000,27000,68000,68000
058518,玉晶光元大99購13,0,0,0,0,0,0,0,0,0,68000,0,0,0,90000,22000,68000,68000
058390,樺漢國票9A購01  ,0,0,0,0,0,0,0,0,0,68000,0,0,0,82000,14000,68000,68000
061131,崇越永豐9A購01  ,0,0,0,0,0,0,0,0,0,68000,0,0,0,68000,0,68000,68000
060191,亞光元富9A購02  ,0,0,0,0,0,0,0,0,0,68000,0,0,0,83000,15000,68000,68000
059544,創意亞東99購01  ,0,0,0,0,0,0,0,0,0,68000,0,0,0,121000,53000,68000,68000
058144,聯茂元大99購02  ,0,0,0,0,0,0,0,0,0,68000,0,0,0,68000,0,68000,68000
058187,泰碩永豐99購01  ,0,0,0,0,0,0,0,0,0,68000,0,0,0,68000,0,68000,68000
058212,華新科群益9A購01,0,0,0,0,0,0,0,0,0,68000,0,0,0,100000,32000,68000,68000
062081,華新科元大9B購06,0,0,0,0,0,0,0,0,0,68000,0,0,0,68000,0,68000,68000
058986,華新科凱基9A購03,0,0,0,0,0,0,0,0,0,68000,0,0,0,68000,0,68000,68000
058878,旭富國泰9B購01  ,0,0,0,0,0,0,0,0,0,68000,0,0,0,72000,4000,68000,68000
063284,大立光元大9B購07,0,0,0,0,0,0,0,0,0,68000,0,0,0,68000,0,68000,68000
063566,台光電元大9B購08,0,0,0,0,0,0,0,0,0,68000,0,0,0,73000,5000,68000,68000
062356,國巨元大9B購10  ,0,0,0,0,0,0,0,0,0,68000,0,0,0,73000,5000,68000,68000
062783,大立光元大9C購03,0,0,0,0,0,0,0,0,0,68000,0,0,0,68000,0,68000,68000
062781,微星元大9C購01  ,0,0,0,0,0,0,0,0,0,68000,0,0,0,79000,11000,68000,68000
063839,華通元大9C購02  ,0,0,0,0,0,0,0,0,0,68000,0,0,0,69000,1000,68000,68000
063712,高鐵凱基9C購01  ,0,0,0,0,0,0,0,0,0,68000,0,0,0,68000,0,68000,68000
063707,儒鴻凱基9C購01  ,0,0,0,0,0,0,0,0,0,68000,0,0,0,82000,14000,68000,68000
063607,中租凱基9B購02  ,0,0,0,0,0,0,0,0,0,68000,0,0,0,88000,20000,68000,68000
064081,國產中信06購01  ,0,0,0,0,0,0,0,0,0,68000,0,0,0,68000,0,68000,68000
064037,寶成元大9C購02  ,0,0,0,0,0,0,0,0,0,68000,0,0,0,85000,17000,68000,68000
064355,南六元大01購01  ,0,0,0,0,0,0,0,0,0,68000,0,0,0,88000,20000,68000,68000
064315,創意群益9C購01  ,0,0,0,0,0,0,0,0,0,68000,0,0,0,112000,44000,68000,68000
064742,奇鋐國票01購02  ,0,0,0,0,0,0,0,0,0,68000,0,0,0,68000,0,68000,68000
064800,鴻海元大9C購12  ,0,0,0,0,0,0,0,0,0,68000,0,0,0,77000,9000,68000,68000
064572,同欣電群益9C購02,0,0,0,0,0,0,0,0,0,68000,0,0,0,81000,13000,68000,68000
08101P,超眾群益9B售02  ,0,0,0,0,0,0,0,0,0,67000,0,0,0,67000,0,67000,67000
08336P,聯發科中信9C售05,0,0,0,0,0,0,0,0,0,67000,0,0,0,86000,19000,67000,67000
2239,英利-KY         ,114000,47000,67000,0,0,0,0,0,0,0,0,0,0,0,0,0,67000
07814P,華通群益9A售06  ,0,0,0,0,0,0,0,0,0,67000,0,0,0,67000,0,67000,67000
057773,技嘉群益9A購02  ,0,0,0,0,0,0,0,0,0,67000,0,0,0,119000,52000,67000,67000
055753,貿聯第一98購01  ,0,0,0,0,0,0,0,0,0,67000,0,0,0,67000,0,67000,67000
058037,台灣50元大9B購02,0,0,0,0,0,0,0,0,0,67000,0,0,0,67000,0,67000,67000
060611,同欣電凱基9A購02,0,0,0,0,0,0,0,0,0,67000,0,0,0,111000,44000,67000,67000
059161,鴻海凱基9A購09  ,0,0,0,0,0,0,0,0,0,67000,0,0,0,69000,2000,67000,67000
059924,世紀鋼元大99購06,0,0,0,0,0,0,0,0,0,67000,0,0,0,67000,0,67000,67000
064584,英業達永豐9C購01,0,0,0,0,0,0,0,0,0,67000,0,0,0,68000,1000,67000,67000
064848,金像電元富9C購02,0,0,0,0,0,0,0,0,0,67000,0,0,0,113000,46000,67000,67000
064461,致伸統一01購01  ,0,0,0,0,0,0,0,0,0,67000,0,0,0,73000,6000,67000,67000
063638,華新科元大9B購14,0,0,0,0,0,0,0,0,0,67000,0,0,0,118000,51000,67000,67000
063940,國巨元大01購02  ,0,0,0,0,0,0,0,0,0,67000,0,0,0,95000,28000,67000,67000
062668,國巨中信9B購04  ,0,0,0,0,0,0,0,0,0,67000,0,0,0,67000,0,67000,67000
062669,微星中信03購01  ,0,0,0,0,0,0,0,0,0,67000,0,0,0,94000,27000,67000,67000
061718,GIS凱基9B購01   ,0,0,0,0,0,0,0,0,0,67000,0,0,0,361000,294000,67000,67000
062491,矽創永豐9B購01  ,0,0,0,0,0,0,0,0,0,67000,0,0,0,117000,50000,67000,67000
6552,易華電          ,99000,51000,48000,0,0,0,0,0,0,19000,0,0,0,19000,0,19000,67000
6582,申豐            ,109000,33000,76000,0,0,0,0,0,0,-9000,11000,20000,-9000,0,0,0,67000
1808,潤隆            ,93000,24000,69000,0,0,0,0,0,0,-3000,0,3000,-3000,0,0,0,66000
08087P,聯發科凱基9B售12,0,0,0,0,0,0,0,0,0,66000,0,0,0,116000,50000,66000,66000
055631,創意永豐98購01  ,0,0,0,0,0,0,0,0,0,66000,0,0,0,68000,2000,66000,66000
00675L,富邦臺灣加權正2 ,127000,64000,63000,0,0,0,0,0,0,3000,0,0,0,44000,41000,3000,66000
057819,新日興元大99購01,0,0,0,0,0,0,0,0,0,66000,0,0,0,66000,0,66000,66000
060293,緯創元大9A購01  ,0,0,0,0,0,0,0,0,0,66000,0,0,0,68000,2000,66000,66000
061799,奇鋐永豐9B購01  ,0,0,0,0,0,0,0,0,0,66000,0,0,0,66000,0,66000,66000
062421,台積電統一9C購09,30000,0,30000,0,0,0,0,0,0,36000,0,0,0,89000,53000,36000,66000
062680,微星統一01購01  ,0,0,0,0,0,0,0,0,0,66000,0,0,0,229000,163000,66000,66000
063466,美食元大9B購02  ,0,0,0,0,0,0,0,0,0,66000,0,0,0,68000,2000,66000,66000
063103,技嘉群益9B購01  ,0,0,0,0,0,0,0,0,0,66000,0,0,0,167000,101000,66000,66000
063706,台虹群益9B購01  ,0,0,0,0,0,0,0,0,0,66000,0,0,0,66000,0,66000,66000
064071,台郡永豐9C購01  ,0,0,0,0,0,0,0,0,0,66000,0,0,0,334000,268000,66000,66000
064683,台表科兆豐9C購02,0,0,0,0,0,0,0,0,0,66000,0,0,0,66000,0,66000,66000
08171P,嘉澤國票9C售01  ,0,0,0,0,0,0,0,0,0,65000,0,0,0,65000,0,65000,65000
08468P,台郡統一9C售02  ,0,0,0,0,0,0,0,0,0,65000,0,0,0,85000,20000,65000,65000
065023,大毅永豐9C購01  ,0,0,0,0,0,0,0,0,0,65000,0,0,0,65000,0,65000,65000
061478,奇鋐元大9A購01  ,0,0,0,0,0,0,0,0,0,65000,0,0,0,136000,71000,65000,65000
00713,元大台灣高息低波,0,1000,-1000,0,0,0,0,0,0,66000,0,0,0,66000,0,66000,65000
051503,玉晶光統一97購01,0,0,0,0,0,0,0,0,0,65000,0,0,0,65000,0,65000,65000
055620,樺漢國票98購01  ,0,0,0,0,0,0,0,0,0,65000,0,0,0,65000,0,65000,65000
055119,力成凱基98購01  ,0,0,0,0,0,0,0,0,0,65000,0,0,0,95000,30000,65000,65000
058194,勤誠永豐99購01  ,0,0,0,0,0,0,0,0,0,65000,0,0,0,65000,0,65000,65000
059127,國巨中信99購04  ,0,0,0,0,0,0,0,0,0,65000,0,0,0,70000,5000,65000,65000
061953,台積電台新9B購04,0,0,0,0,0,0,0,0,0,65000,0,0,0,72000,7000,65000,65000
059113,群光永豐99購01  ,0,0,0,0,0,0,0,0,0,65000,0,0,0,65000,0,65000,65000
059004,嘉晶元大99購05  ,0,0,0,0,0,0,0,0,0,65000,0,0,0,88000,23000,65000,65000
064610,儒鴻元大9C購03  ,0,0,0,0,0,0,0,0,0,65000,0,0,0,133000,68000,65000,65000
064515,中橡群益9C購01  ,0,0,0,0,0,0,0,0,0,65000,0,0,0,65000,0,65000,65000
062970,智邦元富9B購01  ,0,0,0,0,0,0,0,0,0,65000,0,0,0,119000,54000,65000,65000
063425,台勝科凱基9B購02,0,0,0,0,0,0,0,0,0,65000,0,0,0,65000,0,65000,65000
063332,矽格國票9B購01  ,0,0,0,0,0,0,0,0,0,65000,0,0,0,123000,58000,65000,65000
062939,奇力新凱基9B購02,0,0,0,0,0,0,0,0,0,65000,0,0,0,65000,0,65000,65000
6598,ABC-KY          ,143067,73999,69068,0,0,0,0,0,0,-5000,0,5000,-5000,0,0,0,64068
08346P,大立光元大9C售15,0,0,0,0,0,0,0,0,0,64000,0,0,0,89000,25000,64000,64000
08439P,智邦國票01售02  ,0,0,0,0,0,0,0,0,0,64000,0,0,0,64000,0,64000,64000
055232,泰碩國票98購01  ,0,0,0,0,0,0,0,0,0,64000,0,0,0,136000,72000,64000,64000
00662,富邦NASDAQ      ,0,0,0,0,0,0,0,0,0,64000,0,0,0,209000,145000,64000,64000
060423,智易永豐9A購01  ,0,0,0,0,0,0,0,0,0,64000,0,0,0,64000,0,64000,64000
058137,玉晶光元大99購11,0,0,0,0,0,0,0,0,0,64000,0,0,0,104000,40000,64000,64000
060120,聯電富邦9B購01  ,0,0,0,0,0,0,0,0,0,64000,0,0,0,72000,8000,64000,64000
061030,喬山永豐9A購01  ,0,0,0,0,0,0,0,0,0,64000,0,0,0,64000,0,64000,64000
058368,奇鋐凱基9A購01  ,0,0,0,0,0,0,0,0,0,64000,0,0,0,79000,15000,64000,64000
06356P,啟碁永豐97售01  ,0,0,0,0,0,0,0,0,0,64000,0,0,0,74000,10000,64000,64000
063026,南六元大9B購04  ,0,0,0,0,0,0,0,0,0,64000,0,0,0,150000,86000,64000,64000
063142,奇力新統一9C購04,0,0,0,0,0,0,0,0,0,64000,0,0,0,64000,0,64000,64000
064825,英業達統一9C購01,0,0,0,0,0,0,0,0,0,64000,0,0,0,127000,63000,64000,64000
06364P,鴻海凱基97售08  ,0,0,0,0,0,0,0,0,0,64000,0,0,0,76000,12000,64000,64000
08004P,大毅永豐9B售02  ,0,0,0,0,0,0,0,0,0,63000,0,0,0,63000,0,63000,63000
07963P,智邦統一9B售01  ,0,0,0,0,0,0,0,0,0,63000,0,0,0,71000,8000,63000,63000
3149,正達            ,64000,1000,63000,0,0,0,0,0,0,0,0,0,0,0,0,0,63000
065014,南電國泰01購01  ,0,0,0,0,0,0,0,0,0,63000,0,0,0,63000,0,63000,63000
065188,玉晶光統一02購01,0,0,0,0,0,0,0,0,0,63000,0,0,0,71000,8000,63000,63000
065285,宏碁群益01購01  ,0,0,0,0,0,0,0,0,0,63000,0,0,0,63000,0,63000,63000
056291,聯茂永豐97購03  ,0,0,0,0,0,0,0,0,0,63000,0,0,0,64000,1000,63000,63000
057178,可成元大98購03  ,0,0,0,0,0,0,0,0,0,63000,0,0,0,68000,5000,63000,63000
057638,上銀元大99購01  ,0,0,0,0,0,0,0,0,0,63000,0,0,0,64000,1000,63000,63000
061584,勤誠元大9A購01  ,0,0,0,0,0,0,0,0,0,63000,0,0,0,177000,114000,63000,63000
062268,力山群益9B購01  ,0,0,0,0,0,0,0,0,0,63000,0,0,0,88000,25000,63000,63000
059039,致伸群益99購01  ,0,0,0,0,0,0,0,0,0,63000,0,0,0,122000,59000,63000,63000
063984,華邦電國泰02購01,0,0,0,0,0,0,0,0,0,63000,0,0,0,63000,0,63000,63000
062650,南電富邦01購01  ,0,0,0,0,0,0,0,0,0,63000,0,0,0,74000,11000,63000,63000
062466,FBVIX凱基9B購01 ,0,0,0,0,0,0,0,0,0,63000,0,0,0,120000,57000,63000,63000
062349,新日興群益9B購02,0,0,0,0,0,0,0,0,0,63000,0,0,0,119000,56000,63000,63000
07081P,南電群益9A售01  ,0,0,0,0,0,0,0,0,0,62000,0,0,0,71000,9000,62000,62000
3040,遠見            ,104000,42000,62000,0,0,0,0,0,0,0,0,0,0,0,0,0,62000
07844P,可成國票9A售01  ,0,0,0,0,0,0,0,0,0,62000,0,0,0,62000,0,62000,62000
08186P,泰碩永豐9B售03  ,0,0,0,0,0,0,0,0,0,62000,0,0,0,63000,1000,62000,62000
08348P,貿聯元大9C售01  ,0,0,0,0,0,0,0,0,0,62000,0,0,0,62000,0,62000,62000
056694,欣興群益98購04  ,0,0,0,0,0,0,0,0,0,62000,0,0,0,73000,11000,62000,62000
057388,奇鋐永豐98購02  ,0,0,0,0,0,0,0,0,0,62000,0,0,0,111000,49000,62000,62000
054059,欣興國票97購03  ,0,0,0,0,0,0,0,0,0,62000,0,0,0,62000,0,62000,62000
052581,訊芯元富98購01  ,0,0,0,0,0,0,0,0,0,62000,0,0,0,72000,10000,62000,62000
03050X,元展47          ,0,0,0,0,0,0,0,0,0,62000,0,0,0,62000,0,62000,62000
060924,大毅永豐9A購03  ,0,0,0,0,0,0,0,0,0,62000,0,0,0,62000,0,62000,62000
061703,信邦國票9A購01  ,0,0,0,0,0,0,0,0,0,62000,0,0,0,89000,27000,62000,62000
058701,鴻海元大99購16  ,0,0,0,0,0,0,0,0,0,62000,0,0,0,130000,68000,62000,62000
060051,台積電凱基9B購01,0,0,0,0,0,0,0,0,0,62000,0,0,0,65000,3000,62000,62000
060299,友訊國泰9B購01  ,0,0,0,0,0,0,0,0,0,62000,0,0,0,62000,0,62000,62000
063570,嘉晶元大9C購02  ,0,0,0,0,0,0,0,0,0,62000,0,0,0,77000,15000,62000,62000
063576,台表科元大9B購08,0,0,0,0,0,0,0,0,0,62000,0,0,0,160000,98000,62000,62000
064789,和大國票01購01  ,0,0,0,0,0,0,0,0,0,62000,0,0,0,100000,38000,62000,62000
064326,裕隆元大9C購01  ,0,0,0,0,0,0,0,0,0,62000,0,0,0,116000,54000,62000,62000
08261P,玉晶光元大9C售08,0,0,0,0,0,0,0,0,0,61000,0,0,0,120000,59000,61000,61000
2453,凌群            ,299000,228000,71000,0,0,0,0,0,0,-10000,0,10000,-10000,0,0,0,61000
07213P,聯發科凱基99售15,0,0,0,0,0,0,0,0,0,61000,0,0,0,61000,0,61000,61000
056735,國巨凱基99購02  ,0,0,0,0,0,0,0,0,0,61000,0,0,0,63000,2000,61000,61000
056354,國巨元大98購10  ,0,0,0,0,0,0,0,0,0,61000,0,0,0,78000,17000,61000,61000
060747,聯鈞國票9A購02  ,0,0,0,0,0,0,0,0,0,61000,0,0,0,150000,89000,61000,61000
060717,康控永豐9A購01  ,0,0,0,0,0,0,0,0,0,61000,0,0,0,84000,23000,61000,61000
060027,元金2X永豐99購02,0,0,0,0,0,0,0,0,0,61000,0,0,0,61000,0,61000,61000
059021,台積電統一9B購07,0,0,0,0,0,0,0,0,0,61000,0,0,0,135000,74000,61000,61000
060406,瑞祺國泰9B購01  ,0,0,0,0,0,0,0,0,0,61000,0,0,0,83000,22000,61000,61000
062291,力成富邦9B購01  ,0,0,0,0,0,0,0,0,0,61000,0,0,0,61000,0,61000,61000
064126,聯發科元大9C購05,0,0,0,0,0,0,0,0,0,61000,0,0,0,114000,53000,61000,61000
063711,高鐵凱基9B購01  ,0,0,0,0,0,0,0,0,0,61000,0,0,0,100000,39000,61000,61000
063739,台勝科元大9B購03,0,0,0,0,0,0,0,0,0,61000,0,0,0,194000,133000,61000,61000
063847,聯發科元大9C購03,0,0,0,0,0,0,0,0,0,61000,0,0,0,98000,37000,61000,61000
07172P,臺股指國票99售09,0,0,0,0,0,0,0,0,0,60000,0,0,0,66000,6000,60000,60000
06845P,億光元大98售02  ,0,0,0,0,0,0,0,0,0,60000,0,0,0,169000,109000,60000,60000
07651P,道瓊指中信01售01,0,0,0,0,0,0,0,0,0,60000,0,0,0,60000,0,60000,60000
07657P,技嘉凱基9A售03  ,0,0,0,0,0,0,0,0,0,60000,0,0,0,60000,0,60000,60000
065240,矽創凱基01購01  ,0,0,0,0,0,0,0,0,0,60000,0,0,0,60000,0,60000,60000
1517,利奇            ,72000,12000,60000,0,0,0,0,0,0,0,0,0,0,0,0,0,60000
08056P,華通群益9B售06  ,0,0,0,0,0,0,0,0,0,60000,0,0,0,60000,0,60000,60000
08305P,茂林群益9C售01  ,0,0,0,0,0,0,0,0,0,60000,0,0,0,65000,5000,60000,60000
08459P,聯發科兆豐9C售04,0,0,0,0,0,0,0,0,0,60000,0,0,0,66000,6000,60000,60000
08548P,台勝科凱基9C售03,0,0,0,0,0,0,0,0,0,60000,0,0,0,60000,0,60000,60000
056380,麗豐元富98購01  ,0,0,0,0,0,0,0,0,0,60000,0,0,0,60000,0,60000,60000
057598,鴻海群益98購07  ,0,0,0,0,0,0,0,0,0,60000,0,0,0,80000,20000,60000,60000
056597,宏碁元富98購01  ,0,0,0,0,0,0,0,0,0,60000,0,0,0,60000,0,60000,60000
056552,台表科凱基99購01,0,0,0,0,0,0,0,0,0,60000,0,0,0,63000,3000,60000,60000
057385,光罩永豐99購01  ,0,0,0,0,0,0,0,0,0,60000,0,0,0,60000,0,60000,60000
057278,可成元大98購06  ,0,0,0,0,0,0,0,0,0,60000,0,0,0,60000,0,60000,60000
057862,智邦凱基99購01  ,0,0,0,0,0,0,0,0,0,60000,0,0,0,80000,20000,60000,60000
061503,臻鼎國票9B購01  ,0,0,0,0,0,0,0,0,0,60000,0,0,0,62000,2000,60000,60000
061505,力成國票9A購03  ,0,0,0,0,0,0,0,0,0,60000,0,0,0,60000,0,60000,60000
061645,超眾元大9A購06  ,0,0,0,0,0,0,0,0,0,60000,0,0,0,164000,104000,60000,60000
00766L,台新MSCI中國正2 ,0,0,0,0,0,0,0,0,0,60000,0,0,0,183000,123000,60000,60000
050842,旺宏國票97購01  ,0,0,0,0,0,0,0,0,0,60000,0,0,0,60000,0,60000,60000
046629,群創統一98購01  ,0,0,0,0,0,0,0,0,0,60000,0,0,0,60000,0,60000,60000
053926,晶相光國票97購01,0,0,0,0,0,0,0,0,0,60000,0,0,0,60000,0,60000,60000
056249,鴻海兆豐97購05  ,0,0,0,0,0,0,0,0,0,60000,0,0,0,60000,0,60000,60000
056001,美食永豐97購01  ,0,0,0,0,0,0,0,0,0,60000,0,0,0,60000,0,60000,60000
054660,禾伸堂元大97購03,0,0,0,0,0,0,0,0,0,60000,0,0,0,60000,0,60000,60000
061977,國巨元大9B購02  ,0,0,0,0,0,0,0,0,0,60000,0,0,0,151000,91000,60000,60000
062073,國巨元大9B購06  ,0,0,0,0,0,0,0,0,0,60000,0,0,0,63000,3000,60000,60000
061780,國巨群益9C購01  ,0,0,0,0,0,0,0,0,0,60000,0,0,0,71000,11000,60000,60000
059275,可成元大99購05  ,0,0,0,0,0,0,0,0,0,60000,0,0,0,61000,1000,60000,60000
059084,鴻海元大99購24  ,0,0,0,0,0,0,0,0,0,60000,0,0,0,60000,0,60000,60000
058926,勤誠元富99購01  ,0,0,0,0,0,0,0,0,0,60000,0,0,0,70000,10000,60000,60000
058387,國巨國票9A購03  ,0,0,0,0,0,0,0,0,0,60000,0,0,0,100000,40000,60000,60000
058458,牧德永豐9A購01  ,0,0,0,0,0,0,0,0,0,60000,0,0,0,60000,0,60000,60000
061045,儒鴻第一9A購01  ,0,0,0,0,0,0,0,0,0,60000,0,0,0,60000,0,60000,60000
058577,南亞科群益99購02,0,0,0,0,0,0,0,0,0,60000,0,0,0,60000,0,60000,60000
060987,華新科元大9A購11,0,0,0,0,0,0,0,0,0,60000,0,0,0,62000,2000,60000,60000
060993,健策元大9B購03  ,0,0,0,0,0,0,0,0,0,60000,0,0,0,104000,44000,60000,60000
060645,台表科永豐9A購02,0,0,0,0,0,0,0,0,0,60000,0,0,0,60000,0,60000,60000
059787,奇力新元大9A購02,0,0,0,0,0,0,0,0,0,60000,0,0,0,60000,0,60000,60000
060202,康友元富9A購01  ,0,0,0,0,0,0,0,0,0,60000,0,0,0,76000,16000,60000,60000
059312,元石油元大99購05,0,0,0,0,0,0,0,0,0,60000,0,0,0,60000,0,60000,60000
059654,T50反1元大99購09,0,0,0,0,0,0,0,0,0,60000,0,0,0,60000,0,60000,60000
064235,美律統一9C購02  ,0,0,0,0,0,0,0,0,0,60000,0,0,0,64000,4000,60000,60000
064330,燿華元大9C購02  ,0,0,0,0,0,0,0,0,0,60000,0,0,0,68000,8000,60000,60000
064766,矽創凱基9C購01  ,0,0,0,0,0,0,0,0,0,60000,0,0,0,60000,0,60000,60000
064751,亞德客凱基9C購02,0,0,0,0,0,0,0,0,0,60000,0,0,0,60000,0,60000,60000
064870,中租永豐9C購01  ,0,0,0,0,0,0,0,0,0,60000,0,0,0,60000,0,60000,60000
063492,台積電富邦02購02,0,0,0,0,0,0,0,0,0,60000,0,0,0,60000,0,60000,60000
063134,裕隆統一01購01  ,0,0,0,0,0,0,0,0,0,60000,0,0,0,210000,150000,60000,60000
07952P,富邦金元大9B售02,0,0,0,0,0,0,0,0,0,59000,0,0,0,89000,30000,59000,59000
3047,訊舟            ,438000,379000,59000,0,0,0,0,0,0,0,0,0,0,0,0,0,59000
065177,旭富元大9C購05  ,0,0,0,0,0,0,0,0,0,59000,0,0,0,69000,10000,59000,59000
065142,華邦電凱基01購01,0,0,0,0,0,0,0,0,0,59000,0,0,0,61000,2000,59000,59000
00757,統一FANG+       ,0,0,0,0,0,0,0,0,0,59000,0,0,0,336000,277000,59000,59000
057936,健策群益99購01  ,0,0,0,0,0,0,0,0,0,59000,0,0,0,127000,68000,59000,59000
056772,欣興元大99購01  ,0,0,0,0,0,0,0,0,0,59000,0,0,0,73000,14000,59000,59000
060646,南電永豐9A購01  ,0,0,0,0,0,0,0,0,0,59000,0,0,0,80000,21000,59000,59000
058433,台積電統一9B購04,0,0,0,0,0,0,0,0,0,59000,0,0,0,74000,15000,59000,59000
059109,台積電富邦9C購03,0,0,0,0,0,0,0,0,0,59000,0,0,0,59000,0,59000,59000
062954,世芯永豐9B購03  ,0,0,0,0,0,0,0,0,0,59000,0,0,0,67000,8000,59000,59000
062377,力成元大9B購01  ,0,0,0,0,0,0,0,0,0,59000,0,0,0,59000,0,59000,59000
062385,玉晶光國泰01購01,0,0,0,0,0,0,0,0,0,59000,0,0,0,80000,21000,59000,59000
062915,嘉澤元大9B購03  ,0,0,0,0,0,0,0,0,0,59000,0,0,0,179000,120000,59000,59000
064771,貿聯中信01購01  ,0,0,0,0,0,0,0,0,0,59000,0,0,0,59000,0,59000,59000
064444,聚陽統一01購02  ,0,0,0,0,0,0,0,0,0,59000,0,0,0,81000,22000,59000,59000
07385P,緯穎群益99售04  ,0,0,0,0,0,0,0,0,0,58000,0,0,0,58000,0,58000,58000
06677P,牧德國票98售02  ,0,0,0,0,0,0,0,0,0,58000,0,0,0,58000,0,58000,58000
06728P,全新元大98售03  ,0,0,0,0,0,0,0,0,0,58000,0,0,0,108000,50000,58000,58000
07071P,立積元富99售01  ,0,0,0,0,0,0,0,0,0,58000,0,0,0,118000,60000,58000,58000
1710,東聯            ,161000,103000,58000,0,0,0,0,0,0,0,0,0,0,0,0,0,58000
07858P,旺宏永豐9A售03  ,0,0,0,0,0,0,0,0,0,58000,0,0,0,58000,0,58000,58000
056517,茂林兆豐99購01  ,0,0,0,0,0,0,0,0,0,58000,0,0,0,214000,156000,58000,58000
057958,禾伸堂元大99購05,0,0,0,0,0,0,0,0,0,58000,0,0,0,102000,44000,58000,58000
055331,國巨兆豐99購01  ,0,0,0,0,0,0,0,0,0,58000,0,0,0,137000,79000,58000,58000
056087,世芯統一97購01  ,0,0,0,0,0,0,0,0,0,58000,0,0,0,58000,0,58000,58000
056309,合勤控元大97購01,0,0,0,0,0,0,0,0,0,58000,0,0,0,100000,42000,58000,58000
059145,創意國票99購02  ,0,0,0,0,0,0,0,0,0,58000,0,0,0,72000,14000,58000,58000
058383,道瓊指中信9C購02,0,0,0,0,0,0,0,0,0,58000,0,0,0,58000,0,58000,58000
061581,貿聯元大9A購05  ,0,0,0,0,0,0,0,0,0,58000,0,0,0,58000,0,58000,58000
060675,南亞科元大9A購02,0,0,0,0,0,0,0,0,0,58000,0,0,0,69000,11000,58000,58000
06024P,台郡國票97售05  ,0,0,0,0,0,0,0,0,0,58000,0,0,0,58000,0,58000,58000
064218,南六凱基01購01  ,0,0,0,0,0,0,0,0,0,58000,0,0,0,58000,0,58000,58000
064013,創意國票01購01  ,0,0,0,0,0,0,0,0,0,58000,0,0,0,60000,2000,58000,58000
063917,南六凱基02購01  ,0,0,0,0,0,0,0,0,0,58000,0,0,0,108000,50000,58000,58000
062720,南亞科凱基9B購03,0,0,0,0,0,0,0,0,0,58000,0,0,0,66000,8000,58000,58000
062480,茂林國票9B購01  ,0,0,0,0,0,0,0,0,0,58000,0,0,0,134000,76000,58000,58000
062181,義隆元大9B購03  ,0,0,0,0,0,0,0,0,0,58000,0,0,0,61000,3000,58000,58000
063537,華擎統一9C購03  ,0,0,0,0,0,0,0,0,0,58000,0,0,0,106000,48000,58000,58000
08471P,日月光凱基9C售02,0,0,0,0,0,0,0,0,0,57000,0,0,0,199000,142000,57000,57000
08330P,聯發科統一9C售13,0,0,0,0,0,0,0,0,0,57000,0,0,0,58000,1000,57000,57000
08371P,京元電凱基9C售01,0,0,0,0,0,0,0,0,0,57000,0,0,0,210000,153000,57000,57000
08456P,聯發科元大9C售13,0,0,0,0,0,0,0,0,0,57000,0,0,0,77000,20000,57000,57000
3346,麗清            ,70000,13000,57000,0,0,0,0,0,0,0,0,0,0,0,0,0,57000
06980P,緯穎永豐99售02  ,0,0,0,0,0,0,0,0,0,57000,0,0,0,58000,1000,57000,57000
065355,聯發科元富03購05,0,0,0,0,0,0,0,0,0,57000,0,0,0,85000,28000,57000,57000
065432,景碩凱基9C購03  ,0,0,0,0,0,0,0,0,0,57000,0,0,0,128000,71000,57000,57000
057538,緯穎元大98購07  ,0,0,0,0,0,0,0,0,0,57000,0,0,0,68000,11000,57000,57000
055176,大毅統一98購02  ,0,0,0,0,0,0,0,0,0,57000,0,0,0,59000,2000,57000,57000
00706L,元大S&P日圓正2  ,0,0,0,0,0,0,0,0,0,57000,0,0,0,57000,0,57000,57000
057374,禾伸堂元大99購03,0,0,0,0,0,0,0,0,0,57000,0,0,0,57000,0,57000,57000
061681,南電元大9A購08  ,0,0,0,0,0,0,0,0,0,57000,0,0,0,67000,10000,57000,57000
056977,國巨群益9A購01  ,0,0,0,0,0,0,0,0,0,57000,0,0,0,57000,0,57000,57000
057672,茂林元大98購02  ,0,0,0,0,0,0,0,0,0,57000,0,0,0,67000,10000,57000,57000
060738,矽格統一9C購01  ,0,0,0,0,0,0,0,0,0,57000,0,0,0,58000,1000,57000,57000
061576,華新科元大9A購21,0,0,0,0,0,0,0,0,0,57000,0,0,0,57000,0,57000,57000
058691,友訊國票9A購01  ,0,0,0,0,0,0,0,0,0,57000,0,0,0,57000,0,57000,57000
060636,大毅永豐9A購02  ,0,0,0,0,0,0,0,0,0,57000,0,0,0,57000,0,57000,57000
063584,南六國泰01購01  ,0,0,0,0,0,0,0,0,0,57000,0,0,0,67000,10000,57000,57000
063274,鈺齊兆豐9B購01  ,0,0,0,0,0,0,0,0,0,57000,0,0,0,130000,73000,57000,57000
062574,美食群益9B購02  ,0,0,0,0,0,0,0,0,0,57000,0,0,0,57000,0,57000,57000
062770,臺股指凱基9B購14,0,0,0,0,0,0,0,0,0,57000,0,0,0,114000,57000,57000,57000
062853,大毅永豐9B購03  ,0,0,0,0,0,0,0,0,0,57000,0,0,0,62000,5000,57000,57000
063750,和鑫國票9B購01  ,0,0,0,0,0,0,0,0,0,57000,0,0,0,57000,0,57000,57000
064446,聚陽統一02購02  ,0,0,0,0,0,0,0,0,0,57000,0,0,0,87000,30000,57000,57000
064296,奇鋐國票01購01  ,0,0,0,0,0,0,0,0,0,57000,0,0,0,57000,0,57000,57000
06669P,緯穎凱基98售05  ,0,0,0,0,0,0,0,0,0,56000,0,0,0,56000,0,56000,56000
3557,嘉威            ,233000,177000,56000,0,0,0,0,0,0,0,0,0,0,0,0,0,56000
08170P,緯穎群益9B售03  ,0,0,0,0,0,0,0,0,0,56000,0,0,0,64000,8000,56000,56000
055336,茂林兆豐98購01  ,0,0,0,0,0,0,0,0,0,56000,0,0,0,71000,15000,56000,56000
060856,健策富邦9B購02  ,0,0,0,0,0,0,0,0,0,56000,0,0,0,62000,6000,56000,56000
059918,華新科元大99購20,0,0,0,0,0,0,0,0,0,56000,0,0,0,58000,2000,56000,56000
060295,貿聯元大9A購03  ,0,0,0,0,0,0,0,0,0,56000,0,0,0,59000,3000,56000,56000
059532,華新科凱基9B購03,0,0,0,0,0,0,0,0,0,56000,0,0,0,56000,0,56000,56000
064641,神隆凱基9C購01  ,0,0,0,0,0,0,0,0,0,56000,0,0,0,291000,235000,56000,56000
063734,可成元大9B購04  ,0,0,0,0,0,0,0,0,0,56000,0,0,0,66000,10000,56000,56000
063981,貿聯兆豐9C購01  ,0,0,0,0,0,0,0,0,0,56000,0,0,0,56000,0,56000,56000
062566,嘉晶中信9C購01  ,0,0,0,0,0,0,0,0,0,56000,0,0,0,56000,0,56000,56000
062631,奇力新國票9B購01,0,0,0,0,0,0,0,0,0,56000,0,0,0,56000,0,56000,56000
08262P,茂林元大9C售01  ,0,0,0,0,0,0,0,0,0,55000,0,0,0,55000,0,55000,55000
07850P,健策群益9A售06  ,0,0,0,0,0,0,0,0,0,55000,0,0,0,55000,0,55000,55000
08413P,臻鼎凱基9C售03  ,0,0,0,0,0,0,0,0,0,55000,0,0,0,55000,0,55000,55000
3419,譁裕            ,63000,8000,55000,0,0,0,0,0,0,0,0,0,0,0,0,0,55000
055256,日電貿統一99購01,0,0,0,0,0,0,0,0,0,55000,0,0,0,150000,95000,55000,55000
042793,台積電台新9C購01,0,0,0,0,0,0,0,0,0,55000,0,0,0,55000,0,55000,55000
050673,旺宏富邦96購02  ,0,0,0,0,0,0,0,0,0,55000,0,0,0,55000,0,55000,55000
052738,聯電元大98購02  ,0,0,0,0,0,0,0,0,0,55000,0,0,0,410000,355000,55000,55000
051861,鴻海凱基98購01  ,0,0,0,0,0,0,0,0,0,55000,0,0,0,55000,0,55000,55000
054539,欣興國票98購01  ,0,0,0,0,0,0,0,0,0,55000,0,0,0,55000,0,55000,55000
056465,臺股指凱基99購07,0,0,0,0,0,0,0,0,0,55000,0,0,0,375000,320000,55000,55000
061352,茂林元大9A購04  ,0,0,0,0,0,0,0,0,0,55000,0,0,0,147000,92000,55000,55000
058605,華邦電元大99購04,0,0,0,0,0,0,0,0,0,55000,0,0,0,55000,0,55000,55000
059836,大立光國泰9B購02,0,0,0,0,0,0,0,0,0,55000,0,0,0,75000,20000,55000,55000
060424,中租永豐9A購01  ,0,0,0,0,0,0,0,0,0,55000,0,0,0,98000,43000,55000,55000
062016,美食永豐9B購01  ,0,0,0,0,0,0,0,0,0,55000,0,0,0,55000,0,55000,55000
062561,瀚宇博凱基9B購01,0,0,0,0,0,0,0,0,0,55000,0,0,0,150000,95000,55000,55000
063150,聯發科元富05購03,0,0,0,0,0,0,0,0,0,55000,0,0,0,60000,5000,55000,55000
063064,台表科元富9B購01,0,0,0,0,0,0,0,0,0,55000,0,0,0,148000,93000,55000,55000
063079,儒鴻凱基9B購01  ,0,0,0,0,0,0,0,0,0,55000,0,0,0,60000,5000,55000,55000
063432,金寶元富9B購01  ,0,0,0,0,0,0,0,0,0,55000,0,0,0,307000,252000,55000,55000
064085,儒鴻凱基9C購02  ,0,0,0,0,0,0,0,0,0,55000,0,0,0,70000,15000,55000,55000
064111,國巨國票02購02  ,0,0,0,0,0,0,0,0,0,55000,0,0,0,61000,6000,55000,55000
063762,緯穎統一9C購01  ,0,0,0,0,0,0,0,0,0,55000,0,0,0,55000,0,55000,55000
063783,儒鴻中信9C購01  ,0,0,0,0,0,0,0,0,0,55000,0,0,0,56000,1000,55000,55000
064710,元金2X統一03購01,0,0,0,0,0,0,0,0,0,55000,0,0,0,55000,0,55000,55000
064827,友達統一02購02  ,0,0,0,0,0,0,0,0,0,55000,0,0,0,76000,21000,55000,55000
064386,友達富邦01購01  ,0,0,0,0,0,0,0,0,0,55000,0,0,0,85000,30000,55000,55000
064529,友達中信01購03  ,0,0,0,0,0,0,0,0,0,55000,0,0,0,55000,0,55000,55000
08462P,臻鼎國票9C售02  ,0,0,0,0,0,0,0,0,0,54000,0,0,0,54000,0,54000,54000
07832P,台積電群益9A售08,0,0,0,0,0,0,0,0,0,54000,0,0,0,115000,61000,54000,54000
065399,新日興群益01購01,0,0,0,0,0,0,0,0,0,54000,0,0,0,67000,13000,54000,54000
061267,玉山金凱基9B購01,0,0,0,0,0,0,0,0,0,54000,0,0,0,64000,10000,54000,54000
061259,台積電凱基9A購21,0,0,0,0,0,0,0,0,0,54000,0,0,0,54000,0,54000,54000
056321,創意群益98購02  ,0,0,0,0,0,0,0,0,0,54000,0,0,0,104000,50000,54000,54000
053827,漢唐麥證9A購01  ,0,0,0,67000,2000,65000,0,0,0,54000,0,0,0,67000,13000,54000,54000
060626,貿聯元大9A購04  ,0,0,0,0,0,0,0,0,0,54000,0,0,0,54000,0,54000,54000
058969,亞德客永豐99購01,0,0,0,0,0,0,0,0,0,54000,0,0,0,65000,11000,54000,54000
060247,牧德元大9A購02  ,0,0,0,0,0,0,0,0,0,54000,0,0,0,74000,20000,54000,54000
063735,華新科元大9B購15,0,0,0,0,0,0,0,0,0,54000,0,0,0,60000,6000,54000,54000
064118,喬山元大01購01  ,0,0,0,0,0,0,0,0,0,54000,0,0,0,58000,4000,54000,54000
063562,國巨元大9C購06  ,0,0,0,0,0,0,0,0,0,54000,0,0,0,127000,73000,54000,54000
061706,旭富國票9A購02  ,0,0,0,0,0,0,0,0,0,54000,0,0,0,54000,0,54000,54000
2845,遠東銀          ,298000,246989,51011,0,0,0,8000,6000,2000,0,0,0,0,0,0,0,53011
055142,健策永豐98購01  ,0,0,0,0,0,0,0,0,0,53000,0,0,0,63000,10000,53000,53000
057010,景碩中信98購01  ,0,0,0,0,0,0,0,0,0,53000,0,0,0,53000,0,53000,53000
059719,台積電元大99購42,0,0,0,0,0,0,0,0,0,53000,0,0,0,62000,9000,53000,53000
058741,欣興日盛99購01  ,0,0,0,0,0,0,0,0,0,53000,0,0,0,219000,166000,53000,53000
062710,盛群元大9B購01  ,0,0,0,0,0,0,0,0,0,53000,0,0,0,217000,164000,53000,53000
07883P,可成凱基9B售03  ,0,0,0,0,0,0,0,0,0,52000,0,0,0,153000,101000,52000,52000
08219P,上銀凱基9B售08  ,0,0,0,0,0,0,0,0,0,52000,0,0,0,54000,2000,52000,52000
08132P,南六元大9B售05  ,0,0,0,0,0,0,0,0,0,52000,0,0,0,107000,55000,52000,52000
065237,茂林凱基01購01  ,0,0,0,0,0,0,0,0,0,52000,0,0,0,151000,99000,52000,52000
064900,景碩群益01購01  ,0,0,0,0,0,0,0,0,0,52000,0,0,0,135000,83000,52000,52000
07059P,華通國票9A售02  ,0,0,0,0,0,0,0,0,0,52000,0,0,0,122000,70000,52000,52000
057742,喬山永豐98購02  ,0,0,0,0,0,0,0,0,0,52000,0,0,0,52000,0,52000,52000
056464,臺股指凱基99購06,0,0,0,0,0,0,0,0,0,52000,0,0,0,447000,395000,52000,52000
056612,台積電永豐98購01,0,0,0,0,0,0,0,0,0,52000,0,0,0,52000,0,52000,52000
061342,華新科元大9A購17,0,0,0,0,0,0,0,0,0,52000,0,0,0,52000,0,52000,52000
061428,南六元大9A購01  ,0,0,0,0,0,0,0,0,0,52000,0,0,0,52000,0,52000,52000
056860,正崴群益98購01  ,0,0,0,0,0,0,0,0,0,52000,0,0,0,52000,0,52000,52000
054949,奇力新元大98購01,0,0,0,0,0,0,0,0,0,52000,0,0,0,52000,0,52000,52000
060254,世紀鋼元大9A購01,0,0,0,0,0,0,0,0,0,52000,0,0,0,52000,0,52000,52000
062622,南電元大9B購03  ,0,0,0,0,0,0,0,0,0,52000,0,0,0,52000,0,52000,52000
062943,世芯凱基9B購03  ,0,0,0,0,0,0,0,0,0,52000,0,0,0,77000,25000,52000,52000
063390,嘉晶兆豐9B購01  ,0,0,0,0,0,0,0,0,0,52000,0,0,0,53000,1000,52000,52000
064041,國巨統一01購07  ,0,0,0,0,0,0,0,0,0,52000,0,0,0,63000,11000,52000,52000
063833,致新國票01購01  ,0,0,0,0,0,0,0,0,0,52000,0,0,0,52000,0,52000,52000
064660,華通元大9C購05  ,0,0,0,0,0,0,0,0,0,52000,0,0,0,52000,0,52000,52000
06682P,玉晶光元大99售08,0,0,0,0,0,0,0,0,0,51000,0,0,0,631000,580000,51000,51000
06706P,智原台新98售02  ,0,0,0,0,0,0,0,0,0,51000,0,0,0,61000,10000,51000,51000
065021,貿聯富邦03購01  ,0,0,0,0,0,0,0,0,0,51000,0,0,0,51000,0,51000,51000
065230,義隆凱基02購01  ,0,0,0,0,0,0,0,0,0,51000,0,0,0,162000,111000,51000,51000
3015,全漢            ,95000,26000,69000,0,0,0,0,0,0,-18000,0,18000,-18000,0,0,0,51000
056307,貿聯元大97購05  ,0,0,0,0,0,0,0,0,0,51000,0,0,0,51000,0,51000,51000
057483,微星元大98購04  ,0,0,0,0,0,0,0,0,0,51000,0,0,0,51000,0,51000,51000
057745,泰鼎永豐99購01  ,0,0,0,0,0,0,0,0,0,51000,0,0,0,84000,33000,51000,51000
058295,欣興凱基99購02  ,0,0,0,0,0,0,0,0,0,51000,0,0,0,232000,181000,51000,51000
058080,台積電群益98購06,0,0,0,0,0,0,0,0,0,51000,0,0,0,62000,11000,51000,51000
061195,健策永豐9B購02  ,0,0,0,0,0,0,0,0,0,51000,0,0,0,102000,51000,51000,51000
059116,晶豪科永豐99購01,0,0,0,0,0,0,0,0,0,51000,0,0,0,58000,7000,51000,51000
061857,康友國票9B購01  ,0,0,0,0,0,0,0,0,0,51000,0,0,0,66000,15000,51000,51000
063369,聚陽永豐9B購01  ,0,0,0,0,0,0,0,0,0,51000,0,0,0,69000,18000,51000,51000
062947,國巨富邦01購01  ,0,0,0,0,0,0,0,0,0,51000,0,0,0,51000,0,51000,51000
08182P,金像電永豐9B售01,0,0,0,0,0,0,0,0,0,50000,0,0,0,50000,0,50000,50000
08196P,上銀元大9B售07  ,0,0,0,0,0,0,0,0,0,50000,0,0,0,50000,0,50000,50000
07899P,和大凱基9B售01  ,0,0,0,0,0,0,0,0,0,50000,0,0,0,60000,10000,50000,50000
07852P,臺股指國票9A售13,0,0,0,0,0,0,0,0,0,50000,0,0,0,50000,0,50000,50000
07978P,茂林群益9B售02  ,0,0,0,0,0,0,0,0,0,50000,0,0,0,50000,0,50000,50000
08524P,奇力新元大9C售01,0,0,0,0,0,0,0,0,0,50000,0,0,0,50000,0,50000,50000
06582P,可成凱基98售06  ,0,0,0,0,0,0,0,0,0,50000,0,0,0,100000,50000,50000,50000
06553P,訊芯元大98售05  ,0,0,0,0,0,0,0,0,0,50000,0,0,0,50000,0,50000,50000
06848P,聯詠元大98售04  ,0,0,0,0,0,0,0,0,0,50000,0,0,0,50000,0,50000,50000
06925P,致茂群益9A售02  ,0,0,0,0,0,0,0,0,0,50000,0,0,0,54000,4000,50000,50000
06867P,訊芯元大98售08  ,0,0,0,0,0,0,0,0,0,50000,0,0,0,50000,0,50000,50000
07011P,宏達電凱基99售02,0,0,0,0,0,0,0,0,0,50000,0,0,0,50000,0,50000,50000
07024P,臺股指永豐99售02,0,0,0,0,0,0,0,0,0,50000,0,0,0,50000,0,50000,50000
07176P,臺股指凱基99售18,0,0,0,0,0,0,0,0,0,50000,0,0,0,50000,0,50000,50000
07134P,臺股指元大9A售28,0,0,0,0,0,0,0,0,0,50000,0,0,0,50000,0,50000,50000
07642P,華通凱基9A售05  ,0,0,0,0,0,0,0,0,0,50000,0,0,0,50000,0,50000,50000
07368P,國巨凱基99售19  ,0,0,0,0,0,0,0,0,0,50000,0,0,0,150000,100000,50000,50000
057755,鴻海日盛98購01  ,0,0,0,0,0,0,0,0,0,50000,0,0,0,50000,0,50000,50000
057068,國巨永豐98購06  ,0,0,0,0,0,0,0,0,0,50000,0,0,0,50000,0,50000,50000
057120,茂林康和98購01  ,0,0,0,0,0,0,0,0,0,50000,0,0,0,94000,44000,50000,50000
057709,電子類群益98購01,0,0,0,0,0,0,0,0,0,50000,0,0,0,50000,0,50000,50000
056816,華通永豐98購02  ,0,0,0,0,0,0,0,0,0,50000,0,0,0,50000,0,50000,50000
056582,易華電元大98購01,0,0,0,0,0,0,0,0,0,50000,0,0,0,50000,0,50000,50000
056532,技嘉凱基98購01  ,0,0,0,0,0,0,0,0,0,50000,0,0,0,56000,6000,50000,50000
056403,茂林群益98購01  ,0,0,0,0,0,0,0,0,0,50000,0,0,0,50000,0,50000,50000
056153,華新科凱基97購02,0,0,0,0,0,0,0,0,0,50000,0,0,0,50000,0,50000,50000
056845,揚明光元富98購01,0,0,0,0,0,0,0,0,0,50000,0,0,0,86000,36000,50000,50000
061388,台積電群益9A購05,0,0,0,0,0,0,0,0,0,50000,0,0,0,50000,0,50000,50000
061268,玉晶光凱基9B購04,0,0,0,0,0,0,0,0,0,50000,0,0,0,60000,10000,50000,50000
054747,麗豐凱基98購01  ,0,0,0,0,0,0,0,0,0,50000,0,0,0,50000,0,50000,50000
055148,鴻海元大98購02  ,0,0,0,0,0,0,0,0,0,50000,0,0,0,50000,0,50000,50000
055027,牧德國泰99購01  ,0,0,0,0,0,0,0,0,0,50000,0,0,0,50000,0,50000,50000
055159,玉晶光元大98購05,0,0,0,0,0,0,0,0,0,50000,0,0,0,50000,0,50000,50000
054178,中磊台新97購01  ,0,0,0,0,0,0,0,0,0,50000,0,0,0,50000,0,50000,50000
054161,友訊凱基98購01  ,0,0,0,0,0,0,0,0,0,50000,0,0,0,50000,0,50000,50000
052697,滬深2X國票98購01,0,0,0,0,0,0,0,0,0,50000,0,0,0,50000,0,50000,50000
052424,泰碩國票97購01  ,0,0,0,0,0,0,0,0,0,50000,0,0,0,50000,0,50000,50000
052961,國巨凱基97購02  ,0,0,0,0,0,0,0,0,0,50000,0,0,0,50000,0,50000,50000
052835,滬深2X國泰98購01,0,0,0,0,0,0,0,0,0,50000,0,0,0,50000,0,50000,50000
050983,新光金國泰97購01,0,0,0,0,0,0,0,0,0,50000,0,0,0,80000,30000,50000,50000
046906,新光金凱基99購02,0,0,0,0,0,0,0,0,0,50000,0,0,0,50000,0,50000,50000
055272,國巨元大98購04  ,0,0,0,0,0,0,0,0,0,50000,0,0,0,50000,0,50000,50000
055739,健鼎元富97購01  ,0,0,0,0,0,0,0,0,0,50000,0,0,0,50000,0,50000,50000
061835,華新科凱基02購03,0,0,0,0,0,0,0,0,0,50000,0,0,0,50000,0,50000,50000
061838,華新科凱基05購03,0,0,0,0,0,0,0,0,0,50000,0,0,0,50000,0,50000,50000
058230,國巨元大99購11  ,0,0,0,0,0,0,0,0,0,50000,0,0,0,57000,7000,50000,50000
059181,世紀鋼元富9C購01,0,0,0,0,0,0,0,0,0,50000,0,0,0,50000,0,50000,50000
062085,同欣電元大9B購01,0,0,0,0,0,0,0,0,0,50000,0,0,0,51000,1000,50000,50000
062042,台勝科凱基9C購01,0,0,0,0,0,0,0,0,0,50000,0,0,0,50000,0,50000,50000
058017,漢唐凱基99購01  ,0,0,0,0,0,0,0,0,0,50000,0,0,0,50000,0,50000,50000
060595,台灣50凱基04購04,0,0,0,0,0,0,0,0,0,50000,0,0,0,50000,0,50000,50000
060557,南電凱基9A購02  ,0,0,0,0,0,0,0,0,0,50000,0,0,0,50000,0,50000,50000
059280,台灣50永豐99購06,0,0,0,0,0,0,0,0,0,50000,0,0,0,50000,0,50000,50000
059248,華新科凱基99購04,0,0,0,0,0,0,0,0,0,50000,0,0,0,50000,0,50000,50000
059003,中壽元大99購01  ,0,0,0,0,0,0,0,0,0,50000,0,0,0,50000,0,50000,50000
058104,國巨統一9A購04  ,0,0,0,0,0,0,0,0,0,50000,0,0,0,80000,30000,50000,50000
058989,茂林凱基99購02  ,0,0,0,0,0,0,0,0,0,50000,0,0,0,80000,30000,50000,50000
05894P,友達群益98售02  ,0,0,0,0,0,0,0,0,0,50000,0,0,0,50000,0,50000,50000
060305,得力永豐9A購01  ,0,0,0,0,0,0,0,0,0,50000,0,0,0,50000,0,50000,50000
058339,康友元富99購02  ,0,0,0,0,0,0,0,0,0,50000,0,0,0,50000,0,50000,50000
058665,台灣50群益9B購02,0,0,0,0,0,0,0,0,0,50000,0,0,0,50000,0,50000,50000
061093,華新科統一9B購03,0,0,0,0,0,0,0,0,0,50000,0,0,0,50000,0,50000,50000
061076,台達電兆豐9A購01,0,0,0,0,0,0,0,0,0,50000,0,0,0,50000,0,50000,50000
061605,華新科凱基9A購14,0,0,0,0,0,0,0,0,0,50000,0,0,0,50000,0,50000,50000
060790,日月光富邦9A購01,0,0,0,0,0,0,0,0,0,50000,0,0,0,300000,250000,50000,50000
060715,日電貿永豐9A購01,0,0,0,0,0,0,0,0,0,50000,0,0,0,133000,83000,50000,50000
060661,台積電凱基9A購18,0,0,0,0,0,0,0,0,0,50000,0,0,0,53000,3000,50000,50000
059440,康控元大9B購01  ,0,0,0,0,0,0,0,0,0,50000,0,0,0,50000,0,50000,50000
059429,台積電元大99購35,0,0,0,0,0,0,0,0,0,50000,0,0,0,50000,0,50000,50000
060190,國泰金元富9A購01,0,0,0,0,0,0,0,0,0,50000,0,0,0,55000,5000,50000,50000
062768,南電凱基9B購04  ,0,0,0,0,0,0,0,0,0,50000,0,0,0,51000,1000,50000,50000
062681,全新統一01購01  ,0,0,0,0,0,0,0,0,0,50000,0,0,0,60000,10000,50000,50000
062762,聯詠凱基9B購02  ,0,0,0,0,0,0,0,0,0,50000,0,0,0,50000,0,50000,50000
061741,新光金凱基9B購01,0,0,0,0,0,0,0,0,0,50000,0,0,0,50000,0,50000,50000
063586,燿華永豐9B購02  ,0,0,0,0,0,0,0,0,0,50000,0,0,0,50000,0,50000,50000
063087,南六凱基9C購02  ,0,0,0,0,0,0,0,0,0,50000,0,0,0,50000,0,50000,50000
063009,國巨元大9B購18  ,0,0,0,0,0,0,0,0,0,50000,0,0,0,50000,0,50000,50000
063195,訊連元富9B購01  ,0,0,0,0,0,0,0,0,0,50000,0,0,0,50000,0,50000,50000
063279,國巨元大9C購05  ,0,0,0,0,0,0,0,0,0,50000,0,0,0,53000,3000,50000,50000
064851,勤誠元富03購01  ,0,0,0,0,0,0,0,0,0,50000,0,0,0,50000,0,50000,50000
064434,微星凱基02購01  ,0,0,0,0,0,0,0,0,0,50000,0,0,0,50000,0,50000,50000
063640,貿聯元大9B購03  ,0,0,0,0,0,0,0,0,0,50000,0,0,0,86000,36000,50000,50000
064184,矽格富邦02購01  ,0,0,0,0,0,0,0,0,0,50000,0,0,0,50000,0,50000,50000
065290,奇鋐群益9C購01  ,0,0,0,0,0,0,0,0,0,49000,0,0,0,49000,0,49000,49000
08366P,祥碩凱基9C售04  ,0,0,0,0,0,0,0,0,0,49000,0,0,0,176000,127000,49000,49000
08093P,英業達元富9B售02,0,0,0,0,0,0,0,0,0,49000,0,0,0,49000,0,49000,49000
2106,建大            ,111000,22000,89000,0,0,0,0,0,0,-40000,0,40000,-40000,0,0,0,49000
00735,國泰臺韓科技    ,44000,0,44000,0,0,0,0,0,0,5000,0,0,0,105000,100000,5000,49000
053378,台積電元大98購02,0,0,0,0,0,0,0,0,0,49000,0,0,0,49000,0,49000,49000
054449,中環第一96購01  ,0,0,0,0,0,0,0,0,0,49000,0,0,0,49000,0,49000,49000
057531,禾伸堂元大99購04,0,0,0,0,0,0,0,0,0,49000,0,0,0,49000,0,49000,49000
055911,可成凱基98購02  ,0,0,0,0,0,0,0,0,0,49000,0,0,0,95000,46000,49000,49000
061337,台積電元大9A購27,0,0,0,0,0,0,0,0,0,49000,0,0,0,50000,1000,49000,49000
056144,GIS元大98購01   ,0,0,0,0,0,0,0,0,0,49000,0,0,0,49000,0,49000,49000
05754P,臺股指中信99售03,0,0,0,0,0,0,0,0,0,49000,0,0,0,49000,0,49000,49000
058761,欣興群益99購02  ,0,0,0,0,0,0,0,0,0,49000,0,0,0,50000,1000,49000,49000
058970,鴻海永豐99購02  ,0,0,0,0,0,0,0,0,0,49000,0,0,0,50000,1000,49000,49000
061955,FANG+統一9B購01 ,0,0,0,0,0,0,0,0,0,49000,0,0,0,50000,1000,49000,49000
064087,華新科凱基9C購03,0,0,0,0,0,0,0,0,0,49000,0,0,0,50000,1000,49000,49000
063387,台積電兆豐9B購03,0,0,0,0,0,0,0,0,0,49000,0,0,0,103000,54000,49000,49000
08168P,金像電群益9B售03,0,0,0,0,0,0,0,0,0,48000,0,0,0,108000,60000,48000,48000
07871P,台積電群益9C售02,0,0,0,0,0,0,0,0,0,48000,0,0,0,67000,19000,48000,48000
065296,國巨統一01購10  ,0,0,0,0,0,0,0,0,0,48000,0,0,0,100000,52000,48000,48000
065324,聯發科凱基9C購10,0,0,0,0,0,0,0,0,0,48000,0,0,0,48000,0,48000,48000
064918,中信金統一02購01,0,0,0,0,0,0,0,0,0,48000,0,0,0,48000,0,48000,48000
065100,聯茂元大9C購04  ,0,0,0,0,0,0,0,0,0,48000,0,0,0,53000,5000,48000,48000
056230,可成凱基98購03  ,0,0,0,0,0,0,0,0,0,48000,0,0,0,48000,0,48000,48000
046905,新光金凱基99購01,0,0,0,0,0,0,0,0,0,48000,0,0,0,50000,2000,48000,48000
061918,上銀凱基9B購02  ,0,0,0,0,0,0,0,0,0,48000,0,0,0,50000,2000,48000,48000
059148,百和國票9A購01  ,0,0,0,0,0,0,0,0,0,48000,0,0,0,52000,4000,48000,48000
060881,玉山金中信02購01,0,0,0,0,0,0,0,0,0,48000,0,0,0,67000,19000,48000,48000
060912,華新科元大9A購10,0,0,0,0,0,0,0,0,0,48000,0,0,0,70000,22000,48000,48000
058769,友達兆豐99購01  ,0,0,0,0,0,0,0,0,0,48000,0,0,0,50000,2000,48000,48000
061047,大立光第一9A購01,0,0,0,0,0,0,0,0,0,48000,0,0,0,58000,10000,48000,48000
058576,南亞科群益99購01,0,0,0,0,0,0,0,0,0,48000,0,0,0,98000,50000,48000,48000
060243,潤泰全元大9C購02,0,0,0,0,0,0,0,0,0,48000,0,0,0,68000,20000,48000,48000
063041,貿聯凱基9B購01  ,0,0,0,0,0,0,0,0,0,48000,0,0,0,48000,0,48000,48000
062382,燿華國泰9C購01  ,0,0,0,0,0,0,0,0,0,48000,0,0,0,50000,2000,48000,48000
062808,祥碩統一9C購01  ,0,0,0,0,0,0,0,0,0,48000,0,0,0,48000,0,48000,48000
064205,台灣50凱基01購14,0,0,0,0,0,0,0,0,0,48000,0,0,0,48000,0,48000,48000
063641,泰鼎元大9B購04  ,0,0,0,0,0,0,0,0,0,48000,0,0,0,219000,171000,48000,48000
063647,超眾元大9B購02  ,0,0,0,0,0,0,0,0,0,48000,0,0,0,140000,92000,48000,48000
063769,玉晶光國泰02購01,0,0,0,0,0,0,0,0,0,48000,0,0,0,182000,134000,48000,48000
063694,貿聯永豐9B購01  ,0,0,0,0,0,0,0,0,0,48000,0,0,0,130000,82000,48000,48000
064365,美食統一01購02  ,0,0,0,0,0,0,0,0,0,48000,0,0,0,48000,0,48000,48000
08063P,立積國票9B售03  ,0,0,0,0,0,0,0,0,0,47000,0,0,0,65000,18000,47000,47000
08542P,台勝科國票02售01,0,0,0,0,0,0,0,0,0,47000,0,0,0,71000,24000,47000,47000
2414,精技            ,50000,3000,47000,0,0,0,0,0,0,0,0,0,0,0,0,0,47000
2450,神腦            ,58000,10000,48000,0,0,0,0,0,0,-1000,0,1000,-1000,0,0,0,47000
061387,鴻海群益9A購05  ,0,0,0,0,0,0,0,0,0,47000,0,0,0,157000,110000,47000,47000
057824,日月光元大98購01,0,0,0,0,0,0,0,0,0,47000,0,0,0,172000,125000,47000,47000
061039,台表科永豐9A購03,0,0,0,0,0,0,0,0,0,47000,0,0,0,64000,17000,47000,47000
058088,鴻海元大9A購01  ,0,0,0,0,0,0,0,0,0,47000,0,0,0,49000,2000,47000,47000
061229,緯穎中信9B購01  ,0,0,0,0,0,0,0,0,0,47000,0,0,0,85000,38000,47000,47000
060472,中租元大9A購02  ,0,0,0,0,0,0,0,0,0,47000,0,0,0,47000,0,47000,47000
061882,矽創元大9B購01  ,0,0,0,0,0,0,0,0,0,47000,0,0,0,47000,0,47000,47000
062319,南六凱基9B購02  ,0,0,0,0,0,0,0,0,0,47000,0,0,0,78000,31000,47000,47000
064567,晶技群益01購01  ,0,0,0,0,0,0,0,0,0,47000,0,0,0,388000,341000,47000,47000
063691,聯鈞永豐9B購01  ,0,0,0,0,0,0,0,0,0,47000,0,0,0,203000,156000,47000,47000
063824,S&P反1國票9C購01,0,0,0,0,0,0,0,0,0,47000,0,0,0,47000,0,47000,47000
062371,健策元大9B購08  ,0,0,0,0,0,0,0,0,0,47000,0,0,0,75000,28000,47000,47000
063207,聯茂統一01購01  ,0,0,0,0,0,0,0,0,0,47000,0,0,0,102000,55000,47000,47000
9103,美德醫療-DR     ,64000,101000,-37000,0,0,0,0,0,0,84000,0,0,0,84000,0,84000,47000
065137,中鋼凱基01購01  ,0,0,0,0,0,0,0,0,0,46000,0,0,0,46000,0,46000,46000
07610P,大立光國票9A售04,0,0,0,0,0,0,0,0,0,46000,0,0,0,46000,0,46000,46000
061368,南六國票9A購01  ,0,0,0,0,0,0,0,0,0,46000,0,0,0,46000,0,46000,46000
056801,國巨台新98購01  ,0,0,0,0,0,0,0,0,0,46000,0,0,0,46000,0,46000,46000
056791,嘉聯益群益98購01,0,0,0,0,0,0,0,0,0,46000,0,0,0,63000,17000,46000,46000
00865B,國泰US短期公債  ,0,0,0,0,0,0,0,0,0,46000,0,0,0,146000,100000,46000,46000
054733,鴻海凱基98購04  ,0,0,0,0,0,0,0,0,0,46000,0,0,0,77000,31000,46000,46000
060561,台積電富邦04購01,0,0,0,0,0,0,0,0,0,46000,0,0,0,357000,311000,46000,46000
060621,玉晶光元大9A購05,0,0,0,0,0,0,0,0,0,46000,0,0,0,47000,1000,46000,46000
061092,可成統一9C購02  ,0,0,0,0,0,0,0,0,0,46000,0,0,0,151000,105000,46000,46000
058358,技嘉凱基9A購01  ,0,0,0,0,0,0,0,0,0,46000,0,0,0,56000,10000,46000,46000
061542,旺宏群益9A購04  ,0,0,0,0,0,0,0,0,0,46000,0,0,0,89000,43000,46000,46000
061596,健策永豐9A購03  ,0,0,0,0,0,0,0,0,0,46000,0,0,0,57000,11000,46000,46000
063086,祥碩凱基9C購01  ,0,0,0,0,0,0,0,0,0,46000,0,0,0,64000,18000,46000,46000
062944,茂林凱基9B購02  ,0,0,0,0,0,0,0,0,0,46000,0,0,0,124000,78000,46000,46000
062638,茂林國票9C購01  ,0,0,0,0,0,0,0,0,0,46000,0,0,0,50000,4000,46000,46000
064219,滬深2X國票03購01,0,0,0,0,0,0,0,0,0,46000,0,0,0,46000,0,46000,46000
064272,鴻海元大9C購09  ,0,0,0,0,0,0,0,0,0,46000,0,0,0,144000,98000,46000,46000
2912,統一超          ,520000,474025,45975,0,0,0,0,3000,-3000,3000,10000,7000,3000,0,0,0,45975
07983P,茂林群益9B售03  ,0,0,0,0,0,0,0,0,0,45000,0,0,0,55000,10000,45000,45000
08080P,祥碩國票9B售03  ,0,0,0,0,0,0,0,0,0,45000,0,0,0,266000,221000,45000,45000
07026P,超眾凱基99售03  ,0,0,0,0,0,0,0,0,0,45000,0,0,0,55000,10000,45000,45000
065222,玉晶光永豐9C購07,0,0,0,0,0,0,0,0,0,45000,0,0,0,45000,0,45000,45000
053458,聯詠國泰97購01  ,0,0,0,0,0,0,0,0,0,45000,0,0,0,45000,0,45000,45000
052695,台表科中信98購01,0,0,0,0,0,0,0,0,0,45000,0,0,0,45000,0,45000,45000
052699,友達國票97購01  ,0,0,0,0,0,0,0,0,0,45000,0,0,0,234000,189000,45000,45000
055230,大毅國票98購01  ,0,0,0,0,0,0,0,0,0,45000,0,0,0,46000,1000,45000,45000
056786,亞光群益98購03  ,0,0,0,0,0,0,0,0,0,45000,0,0,0,45000,0,45000,45000
057017,和大凱基98購01  ,0,0,0,0,0,0,0,0,0,45000,0,0,0,45000,0,45000,45000
061649,緯穎元大9A購06  ,0,0,0,0,0,0,0,0,0,45000,0,0,0,63000,18000,45000,45000
057843,晶技永豐98購02  ,0,0,0,0,0,0,0,0,0,45000,0,0,0,64000,19000,45000,45000
057949,南電國票99購01  ,0,0,0,0,0,0,0,0,0,45000,0,0,0,45000,0,45000,45000
058557,健策第一01購01  ,0,0,0,0,0,0,0,0,0,45000,0,0,0,55000,10000,45000,45000
058608,華新科元大99購13,0,0,0,0,0,0,0,0,0,45000,0,0,0,46000,1000,45000,45000
060698,旺宏國泰9C購01  ,0,0,0,0,0,0,0,0,0,45000,0,0,0,50000,5000,45000,45000
059516,TPK永豐99購01   ,0,0,0,0,0,0,0,0,0,45000,0,0,0,76000,31000,45000,45000
058946,SGBR2X群益9B購01,0,0,0,0,0,0,0,0,0,45000,0,0,0,100000,55000,45000,45000
058050,台郡元大99購05  ,0,0,0,0,0,0,0,0,0,45000,0,0,0,165000,120000,45000,45000
061770,泰碩元大9B購02  ,0,0,0,0,0,0,0,0,0,45000,0,0,0,50000,5000,45000,45000
058270,上緯控永豐99購01,0,0,0,0,0,0,0,0,0,45000,0,0,0,50000,5000,45000,45000
064310,華新科群益9C購02,0,0,0,0,0,0,0,0,0,45000,0,0,0,45000,0,45000,45000
064543,華通凱基02購02  ,0,0,0,0,0,0,0,0,0,45000,0,0,0,63000,18000,45000,45000
064090,祥碩凱基9C購03  ,0,0,0,0,0,0,0,0,0,45000,0,0,0,45000,0,45000,45000
063766,南茂元富9B購01  ,0,0,0,0,0,0,0,0,0,45000,0,0,0,59000,14000,45000,45000
063068,聯發科國泰01購03,0,0,0,0,0,0,0,0,0,45000,0,0,0,45000,0,45000,45000
063543,技嘉台新9B購02  ,0,0,0,0,0,0,0,0,0,45000,0,0,0,48000,3000,45000,45000
6215,和椿            ,58000,13000,45000,0,0,0,0,0,0,0,0,0,0,0,0,0,45000
5269,祥碩            ,439052,350686,88366,0,0,0,2000,0,2000,-46000,40000,87000,-47000,5000,4000,1000,44366
08523P,金像電元大9C售06,0,0,0,0,0,0,0,0,0,44000,0,0,0,47000,3000,44000,44000
2426,鼎元            ,59000,14000,45000,0,0,0,0,0,0,-1000,0,1000,-1000,0,0,0,44000
056890,國巨元大98購11  ,0,0,0,0,0,0,0,0,0,44000,0,0,0,52000,8000,44000,44000
061365,國巨國票9B購05  ,0,0,0,0,0,0,0,0,0,44000,0,0,0,69000,25000,44000,44000
061296,台積電國泰9C購01,0,0,0,0,0,0,0,0,0,44000,0,0,0,54000,10000,44000,44000
056646,奇鋐凱基99購02  ,0,0,0,0,0,0,0,0,0,44000,0,0,0,80000,36000,44000,44000
056286,奇鋐永豐97購01  ,0,0,0,0,0,0,0,0,0,44000,0,0,0,54000,10000,44000,44000
054316,矽創凱基97購01  ,0,0,0,0,0,0,0,0,0,44000,0,0,0,44000,0,44000,44000
058180,華新科國泰9A購01,0,0,0,0,0,0,0,0,0,44000,0,0,0,45000,1000,44000,44000
058175,旺宏凱基99購03  ,0,0,0,0,0,0,0,0,0,44000,0,0,0,44000,0,44000,44000
060926,宏達電永豐9A購01,0,0,0,0,0,0,0,0,0,44000,0,0,0,147000,103000,44000,44000
05952P,台積電國票97售06,0,0,0,0,0,0,0,0,0,44000,0,0,0,510000,466000,44000,44000
060241,國泰金元大9A購01,0,0,0,0,0,0,0,0,0,44000,0,0,0,44000,0,44000,44000
059772,可成群益9A購05  ,0,0,0,0,0,0,0,0,0,44000,0,0,0,90000,46000,44000,44000
058483,道瓊指國票9A購01,0,0,0,0,0,0,0,0,0,44000,0,0,0,44000,0,44000,44000
058683,可成凱基9A購01  ,0,0,0,0,0,0,0,0,0,44000,0,0,0,45000,1000,44000,44000
063454,瑞儀統一9B購01  ,0,0,0,0,0,0,0,0,0,44000,0,0,0,60000,16000,44000,44000
062755,茂林麥證9B購01  ,0,0,0,54000,10000,44000,0,0,0,44000,0,0,0,54000,10000,44000,44000
062388,旭富國泰01購01  ,0,0,0,0,0,0,0,0,0,44000,0,0,0,50000,6000,44000,44000
063922,大立光元富9C購04,0,0,0,0,0,0,0,0,0,44000,0,0,0,95000,51000,44000,44000
064488,台達電元大9C購01,0,0,0,0,0,0,0,0,0,44000,0,0,0,75000,31000,44000,44000
5243,乙盛-KY         ,56000,12000,44000,0,0,0,0,0,0,0,0,0,0,0,0,0,44000
8105,凌巨            ,153000,107000,46000,0,0,0,0,0,0,-2000,0,2000,-2000,0,0,0,44000
2457,飛宏            ,98000,55000,43000,0,0,0,0,0,0,0,0,0,0,0,0,0,43000
2617,台航            ,106000,63000,43000,0,0,0,0,0,0,0,0,0,0,0,0,0,43000
08090P,嘉澤統一9B售01  ,0,0,0,0,0,0,0,0,0,43000,0,0,0,43000,0,43000,43000
065253,和大元大01購02  ,0,0,0,0,0,0,0,0,0,43000,0,0,0,113000,70000,43000,43000
054931,緯穎凱基98購01  ,0,0,0,0,0,0,0,0,0,43000,0,0,0,61000,18000,43000,43000
055455,健策國泰98購02  ,0,0,0,0,0,0,0,0,0,43000,0,0,0,58000,15000,43000,43000
057604,鴻海統一9C購01  ,0,0,0,0,0,0,0,0,0,43000,0,0,0,46000,3000,43000,43000
057277,可成元大98購05  ,0,0,0,0,0,0,0,0,0,43000,0,0,0,43000,0,43000,43000
059796,台積電國票99購10,0,0,0,0,0,0,0,0,0,43000,0,0,0,43000,0,43000,43000
060228,亞德客元大9A購01,0,0,0,0,0,0,0,0,0,43000,0,0,0,43000,0,43000,43000
060499,鴻海元大9A購11  ,0,0,0,0,0,0,0,0,0,43000,0,0,0,68000,25000,43000,43000
061837,華新科凱基05購02,0,0,0,0,0,0,0,0,0,43000,0,0,0,50000,7000,43000,43000
064587,泰碩永豐9C購01  ,0,0,0,0,0,0,0,0,0,43000,0,0,0,43000,0,43000,43000
064875,國巨兆豐01購01  ,0,0,0,0,0,0,0,0,0,43000,0,0,0,148000,105000,43000,43000
064764,聯茂凱基01購01  ,0,0,0,0,0,0,0,0,0,43000,0,0,0,50000,7000,43000,43000
062459,聯詠群益9B購01  ,0,0,0,0,0,0,0,0,0,43000,0,0,0,69000,26000,43000,43000
063014,技嘉元大9B購03  ,0,0,0,0,0,0,0,0,0,43000,0,0,0,128000,85000,43000,43000
051728,道瓊反國票97購01,0,0,0,0,0,0,0,0,0,42000,0,0,0,42000,0,42000,42000
058849,奇力新群益99購02,0,0,0,0,0,0,0,0,0,42000,0,0,0,42000,0,42000,42000
058900,旺宏元大99購11  ,0,0,0,0,0,0,0,0,0,42000,0,0,0,42000,0,42000,42000
060329,鎧勝群益9B購01  ,0,0,0,0,0,0,0,0,0,42000,0,0,0,42000,0,42000,42000
059607,台積電富邦9C購04,0,0,0,0,0,0,0,0,0,42000,0,0,0,143000,101000,42000,42000
063287,嘉澤元大9B購05  ,0,0,0,0,0,0,0,0,0,42000,0,0,0,50000,8000,42000,42000
063487,國巨國泰01購02  ,0,0,0,0,0,0,0,0,0,42000,0,0,0,57000,15000,42000,42000
062344,力山群益9B購02  ,0,0,0,0,0,0,0,0,0,42000,0,0,0,42000,0,42000,42000
062564,矽創凱基9B購01  ,0,0,0,0,0,0,0,0,0,42000,0,0,0,130000,88000,42000,42000
064649,同欣電凱基01購01,0,0,0,0,0,0,0,0,0,42000,0,0,0,118000,76000,42000,42000
064314,信邦群益9C購01  ,0,0,0,0,0,0,0,0,0,42000,0,0,0,171000,129000,42000,42000
063619,聯發科兆豐01購01,0,0,0,0,0,0,0,0,0,42000,0,0,0,42000,0,42000,42000
6206,飛捷            ,43000,1000,42000,0,0,0,0,0,0,0,0,0,0,0,0,0,42000
07116P,台灣50麥證9A售02,0,0,0,41000,0,41000,0,0,0,41000,0,0,0,41000,0,41000,41000
07819P,旺宏國票9B售01  ,0,0,0,0,0,0,0,0,0,41000,0,0,0,51000,10000,41000,41000
07768P,緯穎群益9A售02  ,0,0,0,0,0,0,0,0,0,41000,0,0,0,41000,0,41000,41000
08019P,緯穎國票9B售02  ,0,0,0,0,0,0,0,0,0,41000,0,0,0,57000,16000,41000,41000
03428B,臺股指凱基97熊18,0,0,0,0,0,0,0,0,0,41000,0,0,0,41000,0,41000,41000
00714,群益道瓊美國地產,0,0,0,0,0,0,0,0,0,41000,0,0,0,116000,75000,41000,41000
055635,緯穎永豐97購01  ,0,0,0,0,0,0,0,0,0,41000,0,0,0,41000,0,41000,41000
055525,國巨群益98購05  ,0,0,0,0,0,0,0,0,0,41000,0,0,0,46000,5000,41000,41000
054961,玉晶光元大99購01,0,0,0,0,0,0,0,0,0,41000,0,0,0,76000,35000,41000,41000
057342,玉晶光台新98購01,0,0,0,0,0,0,0,0,0,41000,0,0,0,56000,15000,41000,41000
060209,喬山康和9A購01  ,0,0,0,0,0,0,0,0,0,41000,0,0,0,51000,10000,41000,41000
058798,大立光元大99購11,0,0,0,0,0,0,0,0,0,41000,0,0,0,41000,0,41000,41000
058351,上銀凱基9A購02  ,0,0,0,0,0,0,0,0,0,41000,0,0,0,50000,9000,41000,41000
061192,奇鋐永豐9A購01  ,0,0,0,0,0,0,0,0,0,41000,0,0,0,41000,0,41000,41000
059224,大立光元大99購15,0,0,0,0,0,0,0,0,0,41000,0,0,0,65000,24000,41000,41000
061833,華新科凱基02購01,0,0,0,0,0,0,0,0,0,41000,0,0,0,51000,10000,41000,41000
061834,華新科凱基02購02,0,0,0,0,0,0,0,0,0,41000,0,0,0,41000,0,41000,41000
058151,台積電統一9A購04,0,0,0,0,0,0,0,0,0,41000,0,0,0,41000,0,41000,41000
062253,燿華元大9B購02  ,0,0,0,0,0,0,0,0,0,41000,0,0,0,50000,9000,41000,41000
063807,超眾兆豐01購01  ,0,0,0,0,0,0,0,0,0,41000,0,0,0,95000,54000,41000,41000
063990,世芯永豐01購01  ,0,0,0,0,0,0,0,0,0,41000,0,0,0,48000,7000,41000,41000
064125,聯發科元大02購01,0,0,0,0,0,0,0,0,0,41000,0,0,0,47000,6000,41000,41000
07988P,台積電台新9C售03,0,0,0,0,0,0,0,0,0,40000,0,0,0,50000,10000,40000,40000
08155P,聯發科元富9B售05,0,0,0,0,0,0,0,0,0,40000,0,0,0,60000,20000,40000,40000
08180P,聯發科國泰01售05,0,0,0,0,0,0,0,0,0,40000,0,0,0,50000,10000,40000,40000
08200P,祥碩元大9B售08  ,0,0,0,0,0,0,0,0,0,40000,0,0,0,50000,10000,40000,40000
08565P,聯發科群益9C售12,0,0,0,0,0,0,0,0,0,40000,0,0,0,40000,0,40000,40000
07659P,中租凱基9A售02  ,0,0,0,0,0,0,0,0,0,40000,0,0,0,40000,0,40000,40000
07142P,台灣50元大01售01,0,0,0,0,0,0,0,0,0,40000,0,0,0,40000,0,40000,40000
06644P,亞德客元大98售03,0,0,0,0,0,0,0,0,0,40000,0,0,0,40000,0,40000,40000
065234,旭富凱基01購01  ,0,0,0,0,0,0,0,0,0,40000,0,0,0,100000,60000,40000,40000
06532P,友達元富98售04  ,0,0,0,0,0,0,0,0,0,40000,0,0,0,40000,0,40000,40000
065320,技嘉凱基9C購02  ,0,0,0,0,0,0,0,0,0,40000,0,0,0,42000,2000,40000,40000
057195,南茂元大98購01  ,0,0,0,0,0,0,0,0,0,40000,0,0,0,62000,22000,40000,40000
061520,健策中信9A購01  ,0,0,0,0,0,0,0,0,0,40000,0,0,0,40000,0,40000,40000
061516,力成永豐9A購02  ,0,0,0,0,0,0,0,0,0,40000,0,0,0,40000,0,40000,40000
057547,技嘉凱基99購01  ,0,0,0,0,0,0,0,0,0,40000,0,0,0,97000,57000,40000,40000
056533,友達凱基9A購02  ,0,0,0,0,0,0,0,0,0,40000,0,0,0,50000,10000,40000,40000
057044,旺宏元大98購08  ,0,0,0,0,0,0,0,0,0,40000,0,0,0,40000,0,40000,40000
057114,台虹群益98購01  ,0,0,0,0,0,0,0,0,0,40000,0,0,0,40000,0,40000,40000
054889,京鼎統一99購01  ,0,0,0,0,0,0,0,0,0,40000,0,0,0,40000,0,40000,40000
055058,大毅永豐97購01  ,0,0,0,0,0,0,0,0,0,40000,0,0,0,40000,0,40000,40000
054309,禾伸堂凱基98購01,0,0,0,0,0,0,0,0,0,40000,0,0,0,40000,0,40000,40000
053651,台光電凱基98購01,0,0,0,0,0,0,0,0,0,40000,0,0,0,70000,30000,40000,40000
053855,康友國泰98購01  ,0,0,0,0,0,0,0,0,0,40000,0,0,0,40000,0,40000,40000
056290,正文永豐98購01  ,0,0,0,0,0,0,0,0,0,40000,0,0,0,40000,0,40000,40000
050171,臺指反元大97購03,0,0,0,0,0,0,0,0,0,40000,0,0,0,40000,0,40000,40000
046191,新光金凱基98購01,0,0,0,0,0,0,0,0,0,40000,0,0,0,50000,10000,40000,40000
046384,群創凱基98購02  ,0,0,0,0,0,0,0,0,0,40000,0,0,0,40000,0,40000,40000
053082,聯電元大98購03  ,0,0,0,0,0,0,0,0,0,40000,0,0,0,40000,0,40000,40000
052785,滬深2X中信99購03,0,0,0,0,0,0,0,0,0,40000,0,0,0,40000,0,40000,40000
052794,群創兆豐97購01  ,0,0,0,0,0,0,0,0,0,40000,0,0,0,40000,0,40000,40000
062222,華新科統一9B購04,0,0,0,0,0,0,0,0,0,40000,0,0,0,40000,0,40000,40000
062063,世紀鋼統一9C購01,0,0,0,0,0,0,0,0,0,40000,0,0,0,40000,0,40000,40000
061990,台勝科元大9C購01,0,0,0,0,0,0,0,0,0,40000,0,0,0,130000,90000,40000,40000
058129,國巨元大99購10  ,0,0,0,0,0,0,0,0,0,40000,0,0,0,55000,15000,40000,40000
058204,世芯凱基9A購01  ,0,0,0,0,0,0,0,0,0,40000,0,0,0,40000,0,40000,40000
061225,台積電中信9A購04,0,0,0,0,0,0,0,0,0,40000,0,0,0,40000,0,40000,40000
05830P,滬深2X元富99售03,0,0,0,0,0,0,0,0,0,40000,0,0,0,50000,10000,40000,40000
059823,奇力新凱基99購07,0,0,0,0,0,0,0,0,0,40000,0,0,0,40000,0,40000,40000
058559,華新科日盛99購02,0,0,0,0,0,0,0,0,0,40000,0,0,0,40000,0,40000,40000
061112,台表科元大9A購03,0,0,0,0,0,0,0,0,0,40000,0,0,0,40000,0,40000,40000
060819,國巨統一9C購04  ,0,0,0,0,0,0,0,0,0,40000,0,0,0,51000,11000,40000,40000
060736,旺宏統一01購01  ,0,0,0,0,0,0,0,0,0,40000,0,0,0,40000,0,40000,40000
064014,貿聯國票01購01  ,0,0,0,0,0,0,0,0,0,40000,0,0,0,40000,0,40000,40000
063957,臻鼎元大9C購01  ,0,0,0,0,0,0,0,0,0,40000,0,0,0,97000,57000,40000,40000
063936,道瓊反元大9C購02,0,0,0,0,0,0,0,0,0,40000,0,0,0,40000,0,40000,40000
063702,聯發科群益9C購04,0,0,0,0,0,0,0,0,0,40000,0,0,0,48000,8000,40000,40000
064347,貿聯元大9C購03  ,0,0,0,0,0,0,0,0,0,40000,0,0,0,69000,29000,40000,40000
064409,彩晶凱基04購01  ,0,0,0,0,0,0,0,0,0,40000,0,0,0,40000,0,40000,40000
064430,鴻海凱基03購04  ,0,0,0,0,0,0,0,0,0,40000,0,0,0,87000,47000,40000,40000
064577,大立光國泰02購01,0,0,0,0,0,0,0,0,0,40000,0,0,0,63000,23000,40000,40000
064605,GIS元富9C購01   ,0,0,0,0,0,0,0,0,0,40000,0,0,0,90000,50000,40000,40000
064743,聯詠國票01購01  ,0,0,0,0,0,0,0,0,0,40000,0,0,0,40000,0,40000,40000
062886,中興電群益9B購01,0,0,0,0,0,0,0,0,0,40000,0,0,0,40000,0,40000,40000
062357,國巨元大9B購11  ,0,0,0,0,0,0,0,0,0,40000,0,0,0,55000,15000,40000,40000
062363,燿華元大9B購03  ,0,0,0,0,0,0,0,0,0,40000,0,0,0,90000,50000,40000,40000
062367,禾伸堂元大9B購02,0,0,0,0,0,0,0,0,0,40000,0,0,0,40000,0,40000,40000
062391,台達電富邦9C購01,0,0,0,0,0,0,0,0,0,40000,0,0,0,110000,70000,40000,40000
8011,台通            ,225000,185000,40000,0,0,0,0,0,0,0,0,0,0,0,0,0,40000
1305,華夏            ,152000,112400,39600,0,0,0,0,0,0,0,0,0,0,0,0,0,39600
08263P,台表科元大9C售06,0,0,0,0,0,0,0,0,0,39000,0,0,0,50000,11000,39000,39000
06558P,旺宏元富98售02  ,0,0,0,0,0,0,0,0,0,39000,0,0,0,39000,0,39000,39000
050915,健策中信98購01  ,0,0,0,0,0,0,0,0,0,39000,0,0,0,39000,0,39000,39000
057514,華新科元富99購03,0,0,0,0,0,0,0,0,0,39000,0,0,0,39000,0,39000,39000
053186,健策中信9C購01  ,0,0,0,0,0,0,0,0,0,39000,0,0,0,59000,20000,39000,39000
054461,台積電凱基97購09,0,0,0,0,0,0,0,0,0,39000,0,0,0,39000,0,39000,39000
056392,玉晶光富邦9C購01,0,0,0,0,0,0,0,0,0,39000,0,0,0,318000,279000,39000,39000
061381,台灣50群益9B購07,0,0,0,0,0,0,0,0,0,39000,0,0,0,45000,6000,39000,39000
061293,聯茂統一9A購01  ,0,0,0,0,0,0,0,0,0,39000,0,0,0,40000,1000,39000,39000
059535,玉山金凱基99購01,0,0,0,0,0,0,0,0,0,39000,0,0,0,39000,0,39000,39000
059210,鴻海元大99購26  ,0,0,0,0,0,0,0,0,0,39000,0,0,0,156000,117000,39000,39000
058938,台積電中信01購03,0,0,0,0,0,0,0,0,0,39000,0,0,0,48000,9000,39000,39000
061722,健策永豐9B購03  ,0,0,0,0,0,0,0,0,0,39000,0,0,0,81000,42000,39000,39000
063239,建準元大9B購01  ,0,0,0,0,0,0,0,0,0,39000,0,0,0,57000,18000,39000,39000
062982,同欣電元富9B購01,0,0,0,0,0,0,0,0,0,39000,0,0,0,121000,82000,39000,39000
063101,華通群益9B購07  ,0,0,0,0,0,0,0,0,0,39000,0,0,0,40000,1000,39000,39000
063120,台光電元大9C購01,0,0,0,0,0,0,0,0,0,39000,0,0,0,61000,22000,39000,39000
064366,群創統一01購01  ,0,0,0,0,0,0,0,0,0,39000,0,0,0,39000,0,39000,39000
063873,南六永豐9C購01  ,0,0,0,0,0,0,0,0,0,39000,0,0,0,39000,0,39000,39000
6443,元晶            ,47000,8000,39000,0,0,0,0,0,0,0,0,0,0,0,0,0,39000
08396P,鴻海元富9C售04  ,0,0,0,0,0,0,0,0,0,38000,0,0,0,38000,0,38000,38000
2425,承啟            ,100000,62000,38000,0,0,0,0,0,0,0,0,0,0,0,0,0,38000
061275,臺股指凱基9A購25,0,0,0,0,0,0,0,0,0,38000,0,0,0,43000,5000,38000,38000
061638,國泰金元大9A購03,0,0,0,0,0,0,0,0,0,38000,0,0,0,74000,36000,38000,38000
056165,矽力凱基98購02  ,0,0,0,0,0,0,0,0,0,38000,0,0,0,56000,18000,38000,38000
057164,國巨元大98購14  ,0,0,0,0,0,0,0,0,0,38000,0,0,0,57000,19000,38000,38000
055816,新日興國票98購01,0,0,0,0,0,0,0,0,0,38000,0,0,0,38000,0,38000,38000
0052,富邦科技        ,0,1000,-1000,0,0,0,0,0,0,39000,0,0,0,149000,110000,39000,38000
06085P,義隆台新97售01  ,0,0,0,0,0,0,0,0,0,38000,0,0,0,38000,0,38000,38000
059078,FBVIX元大99購06 ,0,0,0,0,0,0,0,0,0,38000,0,0,0,100000,62000,38000,38000
058173,台積電凱基99購04,0,0,0,0,0,0,0,0,0,38000,0,0,0,38000,0,38000,38000
062277,廣達群益9B購01  ,0,0,0,0,0,0,0,0,0,38000,0,0,0,70000,32000,38000,38000
06116P,臺股指日盛97售01,0,0,0,0,0,0,0,0,0,38000,0,0,0,38000,0,38000,38000
061617,微星群益9A購02  ,0,0,0,0,0,0,0,0,0,38000,0,0,0,38000,0,38000,38000
058327,大毅統一9B購01  ,0,0,0,0,0,0,0,0,0,38000,0,0,0,116000,78000,38000,38000
063871,瀚宇博永豐9C購01,0,0,0,0,0,0,0,0,0,38000,0,0,0,98000,60000,38000,38000
063965,漢唐國票01購01  ,0,0,0,0,0,0,0,0,0,38000,0,0,0,38000,0,38000,38000
064240,群創統一02購02  ,0,0,0,0,0,0,0,0,0,38000,0,0,0,38000,0,38000,38000
064629,和潤元大9C購01  ,0,0,0,0,0,0,0,0,0,38000,0,0,0,39000,1000,38000,38000
064573,復盛群益9C購01  ,0,0,0,0,0,0,0,0,0,38000,0,0,0,38000,0,38000,38000
063093,國產國票9B購01  ,0,0,0,0,0,0,0,0,0,38000,0,0,0,38000,0,38000,38000
063062,群創元富9B購01  ,0,0,0,0,0,0,0,0,0,38000,0,0,0,58000,20000,38000,38000
063412,寶成國票9C購01  ,0,0,0,0,0,0,0,0,0,38000,0,0,0,38000,0,38000,38000
061705,健策國票9A購06  ,0,0,0,0,0,0,0,0,0,38000,0,0,0,65000,27000,38000,38000
6108,競國            ,62000,24000,38000,0,0,0,0,0,0,0,0,0,0,0,0,0,38000
6409,旭隼            ,107000,68046,38954,0,0,0,0,0,0,-1000,0,0,0,0,1000,-1000,37954
08272P,鴻海元富9C售02  ,0,0,0,0,0,0,0,0,0,37000,0,0,0,37000,0,37000,37000
08193P,同欣電國票9C售02,0,0,0,0,0,0,0,0,0,37000,0,0,0,37000,0,37000,37000
08177P,金像電元大9B售02,0,0,0,0,0,0,0,0,0,37000,0,0,0,137000,100000,37000,37000
065025,健策永豐9C購02  ,0,0,0,0,0,0,0,0,0,37000,0,0,0,106000,69000,37000,37000
05537P,群創中信98售01  ,0,0,0,0,0,0,0,0,0,37000,0,0,0,42000,5000,37000,37000
053797,台積電中信98購01,0,0,0,0,0,0,0,0,0,37000,0,0,0,175000,138000,37000,37000
054297,台郡元大98購01  ,0,0,0,0,0,0,0,0,0,37000,0,0,0,38000,1000,37000,37000
054770,健策國票98購01  ,0,0,0,0,0,0,0,0,0,37000,0,0,0,487000,450000,37000,37000
057029,緯穎凱基98購04  ,0,0,0,0,0,0,0,0,0,37000,0,0,0,50000,13000,37000,37000
057040,國巨元大98購12  ,0,0,0,0,0,0,0,0,0,37000,0,0,0,64000,27000,37000,37000
056742,玉晶光凱基9A購01,0,0,0,0,0,0,0,0,0,37000,0,0,0,150000,113000,37000,37000
057570,技嘉永豐98購02  ,0,0,0,0,0,0,0,0,0,37000,0,0,0,87000,50000,37000,37000
061439,寶成凱基9A購01  ,0,0,0,0,0,0,0,0,0,37000,0,0,0,37000,0,37000,37000
061455,京元電凱基9B購01,0,0,0,0,0,0,0,0,0,37000,0,0,0,76000,39000,37000,37000
056969,智易永豐98購01  ,0,0,0,0,0,0,0,0,0,37000,0,0,0,38000,1000,37000,37000
059359,精元永豐99購01  ,0,0,0,0,0,0,0,0,0,37000,0,0,0,38000,1000,37000,37000
061908,台積電中信05購01,0,0,0,0,0,0,0,0,0,37000,0,0,0,162000,125000,37000,37000
058022,樺漢凱基99購02  ,0,0,0,0,0,0,0,0,0,37000,0,0,0,37000,0,37000,37000
062414,臻鼎中信01購01  ,0,0,0,0,0,0,0,0,0,37000,0,0,0,48000,11000,37000,37000
062398,建準永豐9B購01  ,0,0,0,0,0,0,0,0,0,37000,0,0,0,50000,13000,37000,37000
062188,貿聯元大9B購02  ,0,0,0,0,0,0,0,0,0,37000,0,0,0,38000,1000,37000,37000
062885,臻鼎兆豐9C購01  ,0,0,0,0,0,0,0,0,0,37000,0,0,0,282000,245000,37000,37000
062774,儒鴻元大9C購01  ,0,0,0,0,0,0,0,0,0,37000,0,0,0,80000,43000,37000,37000
064811,華擎元大01購01  ,0,0,0,0,0,0,0,0,0,37000,0,0,0,105000,68000,37000,37000
064319,南電群益9C購01  ,0,0,0,0,0,0,0,0,0,37000,0,0,0,57000,20000,37000,37000
910861,神州-DR         ,37000,0,37000,0,0,0,0,0,0,0,0,0,0,0,0,0,37000
4540,全球傳動        ,80000,43000,37000,0,0,0,0,0,0,0,0,0,0,0,0,0,37000
06505P,康控國票99售02  ,0,0,0,0,0,0,0,0,0,36000,0,0,0,36000,0,36000,36000
07044P,台積電元大99售13,0,0,0,0,0,0,0,0,0,36000,0,0,0,160000,124000,36000,36000
08452P,智邦台新9C售05  ,0,0,0,0,0,0,0,0,0,36000,0,0,0,36000,0,36000,36000
057828,緯穎元大99購02  ,0,0,0,0,0,0,0,0,0,36000,0,0,0,278000,242000,36000,36000
061395,健策統一9C購02  ,0,0,0,0,0,0,0,0,0,36000,0,0,0,56000,20000,36000,36000
061656,華新科國票9A購08,0,0,0,0,0,0,0,0,0,36000,0,0,0,36000,0,36000,36000
056486,樺漢元大98購04  ,0,0,0,0,0,0,0,0,0,36000,0,0,0,36000,0,36000,36000
057794,T50反1兆豐99購02,0,0,0,0,0,0,0,0,0,36000,0,0,0,67000,31000,36000,36000
058996,台達電元大99購02,0,0,0,0,0,0,0,0,0,36000,0,0,0,36000,0,36000,36000
060412,儒鴻永豐9A購01  ,0,0,0,0,0,0,0,0,0,36000,0,0,0,66000,30000,36000,36000
061202,和大元大9A購02  ,0,0,0,0,0,0,0,0,0,36000,0,0,0,46000,10000,36000,36000
059101,康控統一9A購01  ,0,0,0,0,0,0,0,0,0,36000,0,0,0,70000,34000,36000,36000
059531,華新科凱基9B購02,0,0,0,0,0,0,0,0,0,36000,0,0,0,100000,64000,36000,36000
058456,京鼎永豐99購01  ,0,0,0,0,0,0,0,0,0,36000,0,0,0,36000,0,36000,36000
058707,泰鼎元大99購02  ,0,0,0,0,0,0,0,0,0,36000,0,0,0,44000,8000,36000,36000
058622,國巨國票99購07  ,0,0,0,0,0,0,0,0,0,36000,0,0,0,55000,19000,36000,36000
058623,國巨國票99購08  ,0,0,0,0,0,0,0,0,0,36000,0,0,0,170000,134000,36000,36000
064606,南電元富9C購03  ,0,0,0,0,0,0,0,0,0,36000,0,0,0,98000,62000,36000,36000
064255,泰碩國泰02購01  ,0,0,0,0,0,0,0,0,0,36000,0,0,0,45000,9000,36000,36000
064225,健策國票01購02  ,0,0,0,0,0,0,0,0,0,36000,0,0,0,44000,8000,36000,36000
062501,台積電群益9C購03,0,0,0,0,0,0,0,0,0,36000,0,0,0,83000,47000,36000,36000
6541,泰福-KY         ,57000,21000,36000,0,0,0,0,0,0,0,0,0,0,0,0,0,36000
08367P,臺股指凱基9C售11,0,0,0,0,0,0,0,0,0,35000,0,0,0,103000,68000,35000,35000
08362P,國巨凱基02售01  ,0,0,0,0,0,0,0,0,0,35000,0,0,0,35000,0,35000,35000
08559P,瑞昱國票9C售01  ,0,0,0,0,0,0,0,0,0,35000,0,0,0,35000,0,35000,35000
2402,毅嘉            ,220000,150000,70000,0,0,0,0,0,0,-35000,0,35000,-35000,0,0,0,35000
07773P,台灣50群益9A售15,0,0,0,0,0,0,0,0,0,35000,0,0,0,35000,0,35000,35000
065113,南電國票01購02  ,0,0,0,0,0,0,0,0,0,35000,0,0,0,35000,0,35000,35000
065186,和大統一02購06  ,0,0,0,0,0,0,0,0,0,35000,0,0,0,35000,0,35000,35000
065208,義隆國票01購01  ,0,0,0,0,0,0,0,0,0,35000,0,0,0,35000,0,35000,35000
065205,金寶國票01購01  ,0,0,0,0,0,0,0,0,0,35000,0,0,0,35000,0,35000,35000
064987,勤誠元大9C購02  ,0,0,0,0,0,0,0,0,0,35000,0,0,0,59000,24000,35000,35000
064989,鈺齊元大01購01  ,0,0,0,0,0,0,0,0,0,35000,0,0,0,45000,10000,35000,35000
064919,嘉晶統一02購02  ,0,0,0,0,0,0,0,0,0,35000,0,0,0,64000,29000,35000,35000
065310,華擎國票01購01  ,0,0,0,0,0,0,0,0,0,35000,0,0,0,35000,0,35000,35000
065250,同欣電麥證9C購01,0,0,0,50000,13000,37000,0,0,0,35000,0,0,0,63000,28000,35000,35000
065303,國泰金元富9C購01,0,0,0,0,0,0,0,0,0,35000,0,0,0,41000,6000,35000,35000
065304,台勝科元富03購01,0,10000,-10000,0,0,0,0,0,0,45000,0,0,0,45000,0,45000,35000
057559,可成兆豐99購02  ,0,0,0,0,0,0,0,0,0,35000,0,0,0,35000,0,35000,35000
057835,華擎元富9B購01  ,0,0,0,0,0,0,0,0,0,35000,0,0,0,160000,125000,35000,35000
057244,鈺齊凱基99購01  ,0,0,0,0,0,0,0,0,0,35000,0,0,0,35000,0,35000,35000
053408,友達兆豐98購01  ,0,0,0,0,0,0,0,0,0,35000,0,0,0,35000,0,35000,35000
053452,臺股指凱基97購01,0,0,0,0,0,0,0,0,0,35000,0,0,0,35000,0,35000,35000
055288,日電貿元大97購02,0,0,0,0,0,0,0,0,0,35000,0,0,0,50000,15000,35000,35000
061577,泰碩元大9A購03  ,0,0,0,0,0,0,0,0,0,35000,0,0,0,90000,55000,35000,35000
058328,世紀鋼統一9B購01,0,0,0,0,0,0,0,0,0,35000,0,0,0,55000,20000,35000,35000
058338,康友元富99購01  ,0,0,0,0,0,0,0,0,0,35000,0,0,0,40000,5000,35000,35000
060187,華新科元富9A購02,0,0,0,0,0,0,0,0,0,35000,0,0,0,35000,0,35000,35000
060430,和潤永豐9A購01  ,0,0,0,0,0,0,0,0,0,35000,0,0,0,55000,20000,35000,35000
060933,南電永豐9A購02  ,0,0,0,0,0,0,0,0,0,35000,0,0,0,35000,0,35000,35000
062271,華通群益9C購02  ,0,0,0,0,0,0,0,0,0,35000,0,0,0,35000,0,35000,35000
061841,晶技凱基9C購01  ,0,0,0,0,0,0,0,0,0,35000,0,0,0,35000,0,35000,35000
06239P,奇力新元大97售08,0,0,0,0,0,0,0,0,0,35000,0,0,0,55000,20000,35000,35000
062601,富邦金台新9B購01,0,0,0,0,0,0,0,0,0,35000,0,0,0,65000,30000,35000,35000
062716,鴻海凱基9B購06  ,0,0,0,0,0,0,0,0,0,35000,0,0,0,98000,63000,35000,35000
063411,和潤國票9C購01  ,0,0,0,0,0,0,0,0,0,35000,0,0,0,36000,1000,35000,35000
063551,美食國票9B購02  ,0,0,0,0,0,0,0,0,0,35000,0,0,0,35000,0,35000,35000
063554,GIS國票9C購03   ,0,0,0,0,0,0,0,0,0,35000,0,0,0,36000,1000,35000,35000
063105,健策群益9C購01  ,0,0,0,0,0,0,0,0,0,35000,0,0,0,94000,59000,35000,35000
063005,道瓊反元大9B購02,0,0,0,0,0,0,0,0,0,35000,0,0,0,35000,0,35000,35000
063188,TPK凱基9B購01   ,0,0,0,0,0,0,0,0,0,35000,0,0,0,269000,234000,35000,35000
064144,智邦統一01購02  ,0,0,0,0,0,0,0,0,0,35000,0,0,0,35000,0,35000,35000
063794,亞德客凱基9C購01,0,0,0,0,0,0,0,0,0,35000,0,0,0,60000,25000,35000,35000
064621,大立光元大9C購20,0,0,0,0,0,0,0,0,0,35000,0,0,0,35000,0,35000,35000
064687,國巨群益9C購10  ,0,0,0,0,0,0,0,0,0,35000,0,0,0,35000,0,35000,35000
064688,國巨群益9C購11  ,0,0,0,0,0,0,0,0,0,35000,0,0,0,44000,9000,35000,35000
064738,裕隆國票01購01  ,0,0,0,0,0,0,0,0,0,35000,0,0,0,35000,0,35000,35000
064535,國產國票01購01  ,0,0,0,0,0,0,0,0,0,35000,0,0,0,73000,38000,35000,35000
064507,臻鼎元大9C購02  ,0,0,0,0,0,0,0,0,0,35000,0,0,0,100000,65000,35000,35000
4952,凌通            ,139000,102000,37000,0,0,0,0,0,0,-2000,0,2000,-2000,0,0,0,35000
065128,大成鋼兆豐9C購01,0,0,0,0,0,0,0,0,0,34000,0,0,0,34000,0,34000,34000
07490P,大立光國票9A售03,0,0,0,0,0,0,0,0,0,34000,0,0,0,34000,0,34000,34000
06979P,台灣50永豐9A售02,0,0,0,0,0,0,0,0,0,34000,0,0,0,34000,0,34000,34000
06698P,玉晶光國票99售05,0,0,0,0,0,0,0,0,0,34000,0,0,0,65000,31000,34000,34000
1465,偉全            ,34000,0,34000,0,0,0,0,0,0,0,0,0,0,0,0,0,34000
08562P,南電國票01售03  ,0,0,0,0,0,0,0,0,0,34000,0,0,0,34000,0,34000,34000
07976P,聯發科群益9C售02,0,0,0,0,0,0,0,0,0,34000,0,0,0,40000,6000,34000,34000
055486,國巨元大98購06  ,0,0,0,0,0,0,0,0,0,34000,0,0,0,73000,39000,34000,34000
052130,國巨凱基9B購01  ,0,0,0,0,0,0,0,0,0,34000,0,0,0,34000,0,34000,34000
056068,欣興元大97購05  ,0,0,0,0,0,0,0,0,0,34000,0,0,0,110000,76000,34000,34000
057421,智原凱基98購04  ,0,0,0,0,0,0,0,0,0,34000,0,0,0,44000,10000,34000,34000
061657,智原國票9A購01  ,0,0,0,0,0,0,0,0,0,34000,0,0,0,77000,43000,34000,34000
061353,康控元大9A購01  ,0,0,0,0,0,0,0,0,0,34000,0,0,0,69000,35000,34000,34000
057740,茂林富邦9A購01  ,0,0,0,0,0,0,0,0,0,34000,0,0,0,86000,52000,34000,34000
062313,聯詠凱基9C購01  ,0,0,0,0,0,0,0,0,0,34000,0,0,0,36000,2000,34000,34000
062062,貿聯統一01購01  ,0,20000,-20000,0,0,0,0,0,0,54000,0,0,0,168000,114000,54000,34000
058788,喬山元大99購01  ,0,0,0,0,0,0,0,0,0,34000,0,0,0,39000,5000,34000,34000
061102,台積電元大9A購22,0,0,0,0,0,0,0,0,0,34000,0,0,0,34000,0,34000,34000
061541,旺宏群益9A購03  ,0,0,0,0,0,0,0,0,0,34000,0,0,0,34000,0,34000,34000
064793,新光金國票01購02,0,0,0,0,0,0,0,0,0,34000,0,0,0,34000,0,34000,34000
064713,和大統一02購01  ,0,0,0,0,0,0,0,0,0,34000,0,0,0,45000,11000,34000,34000
063719,T50反1元大9B購11,0,0,0,0,0,0,0,0,0,34000,0,0,0,40000,6000,34000,34000
063752,瑞祺國票9C購01  ,0,0,0,0,0,0,0,0,0,34000,0,0,0,96000,62000,34000,34000
063980,智易兆豐9C購02  ,0,0,0,0,0,0,0,0,0,34000,0,0,0,34000,0,34000,34000
063051,仁寶統一01購01  ,0,0,0,0,0,0,0,0,0,34000,0,0,0,227000,193000,34000,34000
062661,華通群益9B購05  ,0,0,0,0,0,0,0,0,0,34000,0,0,0,34000,0,34000,34000
062798,台光電統一9B購01,0,0,0,0,0,0,0,0,0,34000,0,0,0,89000,55000,34000,34000
062145,億光國票9B購01  ,0,0,0,0,0,0,0,0,0,34000,0,0,0,72000,38000,34000,34000
08473P,康控凱基9C售01  ,0,0,0,0,0,0,0,0,0,33000,0,0,0,40000,7000,33000,33000
06667P,鴻海凱基98售11  ,0,0,0,0,0,0,0,0,0,33000,0,0,0,33000,0,33000,33000
07333P,台灣50國票9B售03,0,0,0,0,0,0,0,0,0,33000,0,0,0,33000,0,33000,33000
065265,景碩元大9C購02  ,0,0,0,0,0,0,0,0,0,33000,0,0,0,156000,123000,33000,33000
057618,台光電凱基99購01,0,0,0,0,0,0,0,0,0,33000,0,0,0,60000,27000,33000,33000
057367,技嘉元大98購02  ,0,0,0,0,0,0,0,0,0,33000,0,0,0,76000,43000,33000,33000
057283,欣興元大98購07  ,0,0,0,0,0,0,0,0,0,33000,0,0,0,60000,27000,33000,33000
053784,奇力新元大97購02,0,0,0,0,0,0,0,0,0,33000,0,0,0,33000,0,33000,33000
051266,國巨富邦99購01  ,0,0,0,0,0,0,0,0,0,33000,0,0,0,111000,78000,33000,33000
061535,群創統一9C購01  ,0,0,0,0,0,0,0,0,0,33000,0,0,0,33000,0,33000,33000
061549,泰碩群益9A購01  ,0,0,0,0,0,0,0,0,0,33000,0,0,0,103000,70000,33000,33000
061704,景碩國票9A購01  ,0,0,0,0,0,0,0,0,0,33000,0,0,0,61000,28000,33000,33000
060999,國巨兆豐9A購01  ,0,0,0,0,0,0,0,0,0,33000,0,0,0,71000,38000,33000,33000
058402,欣興元大99購04  ,0,0,0,0,0,0,0,0,0,33000,0,0,0,53000,20000,33000,33000
058289,奇鋐國票9A購01  ,0,0,0,0,0,0,0,0,0,33000,0,0,0,33000,0,33000,33000
060530,聯發科中信9C購03,0,0,0,0,0,0,0,0,0,33000,0,0,0,33000,0,33000,33000
058079,鴻海群益98購08  ,0,0,0,0,0,0,0,0,0,33000,0,0,0,36000,3000,33000,33000
062140,元金2X國票9B購03,0,0,0,0,0,0,0,0,0,33000,0,0,0,41000,8000,33000,33000
062711,台表科元大9B購05,0,0,0,0,0,0,0,0,0,33000,0,0,0,51000,18000,33000,33000
062697,國巨元大9C購01  ,0,0,0,0,0,0,0,0,0,33000,0,0,0,34000,1000,33000,33000
06259P,臺股指群益97售12,0,0,0,0,0,0,0,0,0,33000,0,0,0,33000,0,33000,33000
063022,嘉晶元大9B購04  ,0,0,0,0,0,0,0,0,0,33000,0,0,0,53000,20000,33000,33000
063465,友達元大9C購10  ,0,0,0,0,0,0,0,0,0,33000,0,0,0,68000,35000,33000,33000
063482,緯穎元大9B購09  ,0,0,0,0,0,0,0,0,0,33000,0,0,0,86000,53000,33000,33000
063395,金像電群益9B購02,0,0,0,0,0,0,0,0,0,33000,0,0,0,100000,67000,33000,33000
063626,聚陽元大9B購03  ,0,0,0,0,0,0,0,0,0,33000,0,0,0,88000,55000,33000,33000
064647,致伸凱基9C購01  ,0,0,0,0,0,0,0,0,0,33000,0,0,0,33000,0,33000,33000
064598,國巨元富9C購03  ,0,0,0,0,0,0,0,0,0,33000,0,0,0,368000,335000,33000,33000
065161,矽格群益9C購01  ,0,0,0,0,0,0,0,0,0,32000,0,0,0,53000,21000,32000,32000
065214,友達國泰01購01  ,0,0,0,0,0,0,0,0,0,32000,0,0,0,50000,18000,32000,32000
064997,T50反1國票01購04,0,0,0,0,0,0,0,0,0,32000,0,0,0,35000,3000,32000,32000
06954P,大立光元富99售01,0,0,0,0,0,0,0,0,0,32000,0,0,0,147000,115000,32000,32000
1219,福壽            ,40000,8000,32000,0,0,0,0,0,0,0,0,0,0,0,0,0,32000
08332P,智邦台新9C售03  ,0,0,0,0,0,0,0,0,0,32000,0,0,0,56000,24000,32000,32000
08287P,茂林凱基9C售02  ,0,0,0,0,0,0,0,0,0,32000,0,0,0,44000,12000,32000,32000
08159P,日月光元富9B售01,0,0,0,0,0,0,0,0,0,32000,0,0,0,112000,80000,32000,32000
08078P,聯發科國票9B售04,0,0,0,0,0,0,0,0,0,32000,0,0,0,32000,0,32000,32000
052402,健策凱基97購01  ,0,0,0,0,0,0,0,0,0,32000,0,0,0,32000,0,32000,32000
054308,嘉晶凱基98購01  ,0,0,0,0,0,0,0,0,0,32000,0,0,0,64000,32000,32000,32000
054564,玉晶光群益99購01,0,0,0,0,0,0,0,0,0,32000,0,0,0,32000,0,32000,32000
061506,瑞祺國票9A購02  ,0,0,0,0,0,0,0,0,0,32000,0,0,0,32000,0,32000,32000
056576,晶技元大99購02  ,0,0,0,0,0,0,0,0,0,32000,0,0,0,54000,22000,32000,32000
060479,億豐元大9A購01  ,0,0,0,0,0,0,0,0,0,32000,0,0,0,32000,0,32000,32000
058222,玉晶光統一9B購01,0,0,0,0,0,0,0,0,0,32000,0,0,0,230000,198000,32000,32000
061123,燿華永豐9A購01  ,0,0,0,0,0,0,0,0,0,32000,0,0,0,47000,15000,32000,32000
064516,華通群益02購01  ,0,0,0,0,0,0,0,0,0,32000,0,0,0,62000,30000,32000,32000
063958,瑞祺元大9C購01  ,0,0,0,0,0,0,0,0,0,32000,0,0,0,336000,304000,32000,32000
063545,華通兆豐9B購03  ,0,0,0,0,0,0,0,0,0,32000,0,0,0,85000,53000,32000,32000
062184,奇鋐元大9B購02  ,0,0,0,0,0,0,0,0,0,32000,0,0,0,100000,68000,32000,32000
6024,群益期          ,33000,1000,32000,0,0,0,0,0,0,0,0,0,0,0,0,0,32000
08115P,聯發科凱基9B售13,0,0,0,0,0,0,0,0,0,31000,0,0,0,151000,120000,31000,31000
07951P,智邦元大9B售05  ,0,0,0,0,0,0,0,0,0,31000,0,0,0,135000,104000,31000,31000
07145P,為升元大99售03  ,0,0,0,0,0,0,0,0,0,31000,0,0,0,100000,69000,31000,31000
06494P,鴻海永昌98售03  ,0,0,0,0,0,0,0,0,0,31000,0,0,0,31000,0,31000,31000
065221,神隆永豐9C購01  ,0,0,0,0,0,0,0,0,0,31000,0,0,0,112000,81000,31000,31000
056577,玉晶光元大99購06,0,0,0,0,0,0,0,0,0,31000,0,0,0,51000,20000,31000,31000
056744,麗豐凱基9A購01  ,0,0,0,0,0,0,0,0,0,31000,0,0,0,31000,0,31000,31000
061521,亞光兆豐9A購02  ,0,0,0,0,0,0,0,0,0,31000,0,0,0,35000,4000,31000,31000
057236,聯詠凱基98購03  ,0,0,0,0,0,0,0,0,0,31000,0,0,0,49000,18000,31000,31000
057390,台表科永豐98購01,0,0,0,0,0,0,0,0,0,31000,0,0,0,111000,80000,31000,31000
054555,欣興凱基98購01  ,0,0,0,0,0,0,0,0,0,31000,0,0,0,114000,83000,31000,31000
054633,臺股指凱基9A購02,0,0,0,0,0,0,0,0,0,31000,0,0,0,31000,0,31000,31000
00660,元大歐洲50      ,0,1000,-1000,0,0,0,0,0,0,32000,0,0,0,36000,4000,32000,31000
055645,技嘉元富97購01  ,0,0,0,0,0,0,0,0,0,31000,0,0,0,31000,0,31000,31000
060764,華擎元大9A購03  ,0,0,0,0,0,0,0,0,0,31000,0,0,0,72000,41000,31000,31000
060767,世紀鋼元大9A購02,0,0,0,0,0,0,0,0,0,31000,0,0,0,31000,0,31000,31000
060032,利勤永豐99購01  ,0,0,0,0,0,0,0,0,0,31000,0,0,0,31000,0,31000,31000
061023,茂林國泰9B購02  ,0,0,0,0,0,0,0,0,0,31000,0,0,0,97000,66000,31000,31000
059103,旭富元富99購03  ,0,0,0,0,0,0,0,0,0,31000,0,0,0,31000,0,31000,31000
062538,台積電國泰9C購02,0,0,0,0,0,0,0,0,0,31000,0,0,0,52000,21000,31000,31000
062365,台光電元大9B購03,0,0,0,0,0,0,0,0,0,31000,0,0,0,36000,5000,31000,31000
062432,上銀元大9B購04  ,0,0,0,0,0,0,0,0,0,31000,0,0,0,31000,0,31000,31000
063329,健策國票9C購01  ,0,0,0,0,0,0,0,0,0,31000,0,0,0,35000,4000,31000,31000
063177,友達兆豐9B購01  ,0,0,0,0,0,0,0,0,0,31000,0,0,0,51000,20000,31000,31000
064141,國巨統一01購08  ,0,0,0,0,0,0,0,0,0,31000,0,0,0,35000,4000,31000,31000
063858,鴻海國泰02購01  ,0,0,0,0,0,0,0,0,0,31000,0,0,0,170000,139000,31000,31000
064835,嘉晶統一02購01  ,0,0,0,0,0,0,0,0,0,31000,0,0,0,51000,20000,31000,31000
4104,佳醫            ,72000,41000,31000,0,0,0,0,0,0,0,0,0,0,0,0,0,31000
065236,旭富凱基9C購01  ,0,0,0,0,0,0,0,0,0,30000,0,0,0,30000,0,30000,30000
065297,旺宏統一02購01  ,0,0,0,0,0,0,0,0,0,30000,0,0,0,30000,0,30000,30000
064887,嘉晶中信9C購02  ,0,0,0,0,0,0,0,0,0,30000,0,0,0,30000,0,30000,30000
064999,T50反1國票9C購03,0,0,0,0,0,0,0,0,0,30000,0,0,0,35000,5000,30000,30000
065185,和大統一02購05  ,0,0,0,0,0,0,0,0,0,30000,0,0,0,35000,5000,30000,30000
07092P,上銀凱基99售03  ,0,0,0,0,0,0,0,0,0,30000,0,0,0,50000,20000,30000,30000
06937P,GIS元大98售03   ,0,0,0,0,0,0,0,0,0,30000,0,0,0,34000,4000,30000,30000
06633P,國巨國票99售01  ,0,0,0,0,0,0,0,0,0,30000,0,0,0,30000,0,30000,30000
07305P,T50正2群益99售02,0,0,0,0,0,0,0,0,0,30000,0,0,0,30000,0,30000,30000
07263P,台積電元大99售37,0,0,0,0,0,0,0,0,0,30000,0,0,0,50000,20000,30000,30000
07270P,台灣50元大01售09,0,0,0,0,0,0,0,0,0,30000,0,0,0,30000,0,30000,30000
07570P,旺宏凱基9A售04  ,0,0,0,0,0,0,0,0,0,30000,0,0,0,30000,0,30000,30000
07771P,義隆國票9A售01  ,0,0,0,0,0,0,0,0,0,30000,0,0,0,30000,0,30000,30000
07744P,奇力新凱基9A售05,0,0,0,0,0,0,0,0,0,30000,0,0,0,30000,0,30000,30000
07836P,大成鋼元大9A售01,0,0,0,0,0,0,0,0,0,30000,0,0,0,56000,26000,30000,30000
07892P,臺股指國票9B售02,0,0,0,0,0,0,0,0,0,30000,0,0,0,50000,20000,30000,30000
08128P,聯發科元大9B售22,0,0,0,0,0,0,0,0,0,30000,0,0,0,42000,12000,30000,30000
08220P,華邦電凱基9B售02,0,0,0,0,0,0,0,0,0,30000,0,0,0,50000,20000,30000,30000
08240P,華通中信06售03  ,0,0,0,0,0,0,0,0,0,30000,0,0,0,30000,0,30000,30000
08361P,玉晶光永豐9C售04,0,0,0,0,0,0,0,0,0,30000,0,0,0,30000,0,30000,30000
08466P,旺宏統一9C售03  ,0,0,0,0,0,0,0,0,0,30000,0,0,0,30000,0,30000,30000
2897A,王道銀甲特      ,0,0,0,0,0,0,0,0,0,30000,30000,0,30000,0,0,0,30000
2456,奇力新          ,348000,234000,114000,0,0,0,0,0,0,-84000,0,5000,-5000,18000,97000,-79000,30000
050679,上証2X元富97購02,0,0,0,0,0,0,0,0,0,30000,0,0,0,30000,0,30000,30000
051570,和碩富邦97購01  ,0,0,0,0,0,0,0,0,0,30000,0,0,0,30000,0,30000,30000
051530,鴻海國票97購01  ,0,0,0,0,0,0,0,0,0,30000,0,0,0,30000,0,30000,30000
05242P,群創國泰97售01  ,0,0,0,0,0,0,0,0,0,30000,0,0,0,30000,0,30000,30000
052475,滬深2X群益99購06,0,0,0,0,0,0,0,0,0,30000,0,0,0,30000,0,30000,30000
052906,緯創國票97購01  ,0,0,0,0,0,0,0,0,0,30000,0,0,0,30000,0,30000,30000
054673,京鼎國泰98購01  ,0,0,0,0,0,0,0,0,0,30000,0,0,0,30000,0,30000,30000
053644,台表科國票97購03,0,0,0,0,0,0,0,0,0,30000,0,0,0,30000,0,30000,30000
054353,世紀鋼國泰98購01,0,0,0,0,0,0,0,0,0,30000,0,0,0,45000,15000,30000,30000
056335,微星凱基98購01  ,0,0,0,0,0,0,0,0,0,30000,0,0,0,30000,0,30000,30000
056229,可成凱基97購04  ,0,0,0,0,0,0,0,0,0,30000,0,0,0,30000,0,30000,30000
056040,亞光凱基98購01  ,0,0,0,0,0,0,0,0,0,30000,0,0,0,30000,0,30000,30000
055957,瑞昱元大97購06  ,0,0,0,0,0,0,0,0,0,30000,0,0,0,30000,0,30000,30000
055894,欣興統一97購03  ,0,0,0,0,0,0,0,0,0,30000,0,0,0,30000,0,30000,30000
055883,樺漢元富97購01  ,0,0,0,0,0,0,0,0,0,30000,0,0,0,30000,0,30000,30000
057228,友達凱基9B購01  ,0,0,0,0,0,0,0,0,0,30000,0,0,0,50000,20000,30000,30000
061464,瑞昱群益9A購01  ,0,0,0,0,0,0,0,0,0,30000,0,0,0,40000,10000,30000,30000
061362,台塑國票9B購01  ,0,0,0,0,0,0,0,0,0,30000,0,0,0,30000,0,30000,30000
061243,麗豐兆豐9A購01  ,0,0,0,0,0,0,0,0,0,30000,0,0,0,30000,0,30000,30000
057659,台表科兆豐98購01,0,0,0,0,0,0,0,0,0,30000,0,0,0,30000,0,30000,30000
056712,京鼎永豐98購01  ,0,0,0,0,0,0,0,0,0,30000,0,0,0,30000,0,30000,30000
056625,致伸永豐98購01  ,0,0,0,0,0,0,0,0,0,30000,0,0,0,30000,0,30000,30000
056669,貿聯國票99購01  ,0,0,0,0,0,0,0,0,0,30000,0,0,0,30000,0,30000,30000
057617,國巨凱基99購06  ,0,0,0,0,0,0,0,0,0,30000,0,0,0,30000,0,30000,30000
056190,昇陽半統一97購01,0,0,0,0,0,0,0,0,0,30000,0,0,0,30000,0,30000,30000
056142,超眾元大97購06  ,0,0,0,0,0,0,0,0,0,30000,0,0,0,49000,19000,30000,30000
059087,台積電元大99購26,0,0,0,0,0,0,0,0,0,30000,0,0,0,30000,0,30000,30000
058159,健策台新9A購01  ,0,0,0,0,0,0,0,0,0,30000,0,0,0,40000,10000,30000,30000
058165,FBVIX凱基9C購01 ,0,0,0,0,0,0,0,0,0,30000,0,0,0,30000,0,30000,30000
061998,緯穎元大9B購03  ,0,0,0,0,0,0,0,0,0,30000,0,0,0,110000,80000,30000,30000
06188P,大立光元富97售01,0,0,0,0,0,0,0,0,0,30000,0,0,0,59000,29000,30000,30000
061925,禾伸堂凱基9C購01,0,0,0,0,0,0,0,0,0,30000,0,0,0,70000,40000,30000,30000
062316,康控凱基9B購03  ,0,0,0,0,0,0,0,0,0,30000,0,0,0,60000,30000,30000,30000
062135,國巨群益9B購05  ,0,0,0,0,0,0,0,0,0,30000,0,0,0,50000,20000,30000,30000
060996,臻鼎元大9A購01  ,0,0,0,0,0,0,0,0,0,30000,0,0,0,30000,0,30000,30000
059685,T50正2永豐99購02,0,0,0,0,0,0,0,0,0,30000,0,0,0,30000,0,30000,30000
060659,鴻海凱基9B購03  ,0,0,0,0,0,0,0,0,0,30000,0,0,0,50000,20000,30000,30000
060275,元黃金元大9A購01,0,0,0,0,0,0,0,0,0,30000,0,0,0,30000,0,30000,30000
060294,嘉澤元大9A購01  ,0,0,0,0,0,0,0,0,0,30000,0,0,0,30000,0,30000,30000
064448,裕隆統一02購01  ,0,0,0,0,0,0,0,0,0,30000,0,0,0,48000,18000,30000,30000
064294,和大中信9C購01  ,0,0,0,0,0,0,0,0,0,30000,0,0,0,30000,0,30000,30000
064385,台積電富邦03購02,0,0,0,0,0,0,0,0,0,30000,0,0,0,30000,0,30000,30000
063879,台積電元富9C購01,0,0,0,0,0,0,0,0,0,30000,0,0,0,30000,0,30000,30000
063838,上銀元大9C購01  ,0,0,0,0,0,0,0,0,0,30000,0,0,0,30000,0,30000,30000
063190,聯茂凱基9B購01  ,0,0,0,0,0,0,0,0,0,30000,0,0,0,30000,0,30000,30000
063267,台表科中信01購02,0,0,0,0,0,0,0,0,0,30000,0,0,0,30000,0,30000,30000
06301P,臺股指元大97售04,0,0,0,0,0,0,0,0,0,30000,0,0,0,30000,0,30000,30000
063063,泰鼎元富9B購01  ,0,0,0,0,0,0,0,0,0,30000,0,0,0,34000,4000,30000,30000
063344,臺企銀統一9C購01,0,0,0,0,0,0,0,0,0,30000,0,0,0,50000,20000,30000,30000
063427,南六凱基9B購04  ,0,0,0,0,0,0,0,0,0,30000,0,0,0,30000,0,30000,30000
063441,台達電統一9C購01,0,0,0,0,0,0,0,0,0,30000,0,0,0,30000,0,30000,30000
063458,正隆元大9B購01  ,0,0,0,0,0,0,0,0,0,30000,0,0,0,31000,1000,30000,30000
062354,台達電元大9B購01,0,0,0,0,0,0,0,0,0,30000,0,0,0,30000,0,30000,30000
06234P,亞德客元大97售02,0,0,0,0,0,0,0,0,0,30000,0,0,0,30000,0,30000,30000
062474,台表科凱基9C購01,0,0,0,0,0,0,0,0,0,30000,0,0,0,59000,29000,30000,30000
061750,台達電台新9B購01,0,0,0,0,0,0,0,0,0,30000,0,0,0,30000,0,30000,30000
06260P,臺股指群益97售13,0,0,0,0,0,0,0,0,0,30000,0,0,0,30000,0,30000,30000
062579,華通統一01購02  ,0,0,0,0,0,0,0,0,0,30000,0,0,0,30000,0,30000,30000
062940,華新科凱基9C購02,0,0,0,0,0,0,0,0,0,30000,0,0,0,30000,0,30000,30000
08584P,立積群益9C售02  ,0,0,0,0,0,0,0,0,0,29000,0,0,0,30000,1000,29000,29000
08190P,宏達電元富9B售04,0,0,0,0,0,0,0,0,0,29000,0,0,0,29000,0,29000,29000
06666P,台積電日盛9A售02,0,0,0,0,0,0,0,0,0,29000,0,0,0,63000,34000,29000,29000
06934P,聯鈞元大98售03  ,0,0,0,0,0,0,0,0,0,29000,0,0,0,29000,0,29000,29000
07118P,台積電凱基99售09,0,0,0,0,0,0,0,0,0,29000,0,0,0,29000,0,29000,29000
07084P,S&P正2元富9B售02,0,0,0,0,0,0,0,0,0,29000,0,0,0,114000,85000,29000,29000
065001,中橡國票9C購01  ,0,0,0,0,0,0,0,0,0,29000,0,0,0,29000,0,29000,29000
056198,台光電永豐97購02,0,0,0,0,0,0,0,0,0,29000,0,0,0,30000,1000,29000,29000
053111,緯創兆豐97購01  ,0,0,0,0,0,0,0,0,0,29000,0,0,0,64000,35000,29000,29000
059742,富邦金元富99購01,0,0,0,0,0,0,0,0,0,29000,0,0,0,82000,53000,29000,29000
060813,高鐵凱基9A購01  ,0,0,0,0,0,0,0,0,0,29000,0,0,0,149000,120000,29000,29000
059594,奇力新元大9B購01,0,0,0,0,0,0,0,0,0,29000,0,0,0,29000,0,29000,29000
058369,亞光凱基99購02  ,0,0,0,0,0,0,0,0,0,29000,0,0,0,39000,10000,29000,29000
060910,聯發科元大9A購05,0,0,0,0,0,0,0,0,0,29000,0,0,0,29000,0,29000,29000
060824,旺宏元大9A購06  ,0,0,0,0,0,0,0,0,0,29000,0,0,0,79000,50000,29000,29000
058884,世紀鋼永豐99購02,0,0,0,0,0,0,0,0,0,29000,0,0,0,29000,0,29000,29000
062856,世芯永豐9B購02  ,0,0,0,0,0,0,0,0,0,29000,0,0,0,29000,0,29000,29000
062341,台表科麥證9C購01,0,0,0,29000,0,29000,0,0,0,29000,0,0,0,29000,0,29000,29000
063471,泰鼎元大9C購01  ,0,0,0,0,0,0,0,0,0,29000,0,0,0,55000,26000,29000,29000
063339,智邦統一01購01  ,0,0,0,0,0,0,0,0,0,29000,0,0,0,35000,6000,29000,29000
063740,矽格元大9B購03  ,0,0,0,0,0,0,0,0,0,29000,0,0,0,163000,134000,29000,29000
063699,國巨群益9B購07  ,0,0,0,0,0,0,0,0,0,29000,0,0,0,30000,1000,29000,29000
6209,今國光          ,79000,50000,29000,0,0,0,0,0,0,0,0,0,0,0,0,0,29000
8110,華東            ,96000,67000,29000,0,0,0,0,0,0,0,0,0,0,0,0,0,29000
06513P,鴻海凱基98售10  ,0,0,0,0,0,0,0,0,0,28000,0,0,0,28000,0,28000,28000
065082,台光電元大9C購04,0,0,0,0,0,0,0,0,0,28000,0,0,0,100000,72000,28000,28000
065360,和大元大01購03  ,0,0,0,0,0,0,0,0,0,28000,0,0,0,28000,0,28000,28000
07099P,台積電元大99售19,0,0,0,0,0,0,0,0,0,28000,0,0,0,88000,60000,28000,28000
08131P,立積元大9B售02  ,0,0,0,0,0,0,0,0,0,28000,0,0,0,28000,0,28000,28000
08000P,奇鋐凱基9B售03  ,0,0,0,0,0,0,0,0,0,28000,0,0,0,67000,39000,28000,28000
08544P,和碩國票01售02  ,0,0,0,0,0,0,0,0,0,28000,0,0,0,28000,0,28000,28000
08403P,上銀元大9C售07  ,0,0,0,0,0,0,0,0,0,28000,0,0,0,35000,7000,28000,28000
2739,寒舍            ,34000,6000,28000,0,0,0,0,0,0,0,0,0,0,0,0,0,28000
2009,第一銅          ,28000,0,28000,0,0,0,0,0,0,0,0,0,0,0,0,0,28000
051486,玉晶光凱基97購03,0,0,0,0,0,0,0,0,0,28000,0,0,0,35000,7000,28000,28000
055755,禾伸堂兆豐97購02,0,0,0,0,0,0,0,0,0,28000,0,0,0,28000,0,28000,28000
056345,嘉聯益凱基99購01,0,0,0,0,0,0,0,0,0,28000,0,0,0,81000,53000,28000,28000
053441,旺宏凱基98購01  ,0,0,0,0,0,0,0,0,0,28000,0,0,0,28000,0,28000,28000
056592,台積電元富98購01,0,0,0,0,0,0,0,0,0,28000,0,0,0,338000,310000,28000,28000
056595,台積電元富98購04,0,0,0,0,0,0,0,0,0,28000,0,0,0,28000,0,28000,28000
057665,技嘉元大99購01  ,0,0,0,0,0,0,0,0,0,28000,0,0,0,75000,47000,28000,28000
061373,華通富邦9A購02  ,0,0,0,0,0,0,0,0,0,28000,0,0,0,38000,10000,28000,28000
062315,健策凱基9C購01  ,0,0,0,0,0,0,0,0,0,28000,0,0,0,84000,56000,28000,28000
062323,上銀統一9B購03  ,0,0,0,0,0,0,0,0,0,28000,0,0,0,28000,0,28000,28000
061145,臻鼎中信9A購02  ,0,0,0,0,0,0,0,0,0,28000,0,0,0,32000,4000,28000,28000
064715,和大統一02購03  ,0,0,0,0,0,0,0,0,0,28000,0,0,0,28000,0,28000,28000
063518,儒鴻凱基9B購02  ,0,0,0,0,0,0,0,0,0,28000,0,0,0,92000,64000,28000,28000
063577,台表科元大9C購04,0,0,0,0,0,0,0,0,0,28000,0,0,0,133000,105000,28000,28000
063092,聯發科中信9B購03,0,0,0,0,0,0,0,0,0,28000,0,0,0,40000,12000,28000,28000
062978,世芯元富9B購01  ,0,0,0,0,0,0,0,0,0,28000,0,0,0,28000,0,28000,28000
062360,華邦電元大9B購01,0,0,0,0,0,0,0,0,0,28000,0,0,0,66000,38000,28000,28000
1612,宏泰            ,36000,9000,27000,0,0,0,0,0,0,0,0,0,0,0,0,0,27000
1437,勤益控          ,29000,2000,27000,0,0,0,0,0,0,0,0,0,0,0,0,0,27000
1560,中砂            ,38000,113000,-75000,0,0,0,0,0,0,102000,102000,0,102000,0,0,0,27000
3024,憶聲            ,135000,108000,27000,0,0,0,0,0,0,0,0,0,0,0,0,0,27000
08387P,臺股指群益9C售15,0,0,0,0,0,0,0,0,0,27000,0,0,0,244000,217000,27000,27000
07922P,大立光群益9B售05,0,0,0,0,0,0,0,0,0,27000,0,0,0,27000,0,27000,27000
07889P,旭富國票9B售01  ,0,0,0,0,0,0,0,0,0,27000,0,0,0,147000,120000,27000,27000
08129P,聯發科元大9B售23,0,0,0,0,0,0,0,0,0,27000,0,0,0,27000,0,27000,27000
08117P,聯發科元富9B售04,0,0,0,0,0,0,0,0,0,27000,0,0,0,114000,87000,27000,27000
07174P,臺股指國票99售11,0,0,0,0,0,0,0,0,0,27000,0,0,0,37000,10000,27000,27000
065064,創意群益9C購02  ,0,0,0,0,0,0,0,0,0,27000,0,0,0,77000,50000,27000,27000
064884,台表科第一9C購01,0,0,0,0,0,0,0,0,0,27000,0,0,0,44000,17000,27000,27000
061390,大立光群益9A購04,0,0,0,0,0,0,0,0,0,27000,0,0,0,55000,28000,27000,27000
061264,全新凱基9B購01  ,0,0,0,0,0,0,0,0,0,27000,0,0,0,27000,0,27000,27000
057170,瑞昱元大98購01  ,0,0,0,0,0,0,0,0,0,27000,0,0,0,27000,0,27000,27000
056641,華通凱基98購03  ,0,0,0,0,0,0,0,0,0,27000,0,0,0,27000,0,27000,27000
056375,玉晶光統一01購01,0,0,0,0,0,0,0,0,0,27000,0,0,0,43000,16000,27000,27000
052572,群創凱基99購01  ,0,0,0,0,0,0,0,0,0,27000,0,0,0,27000,0,27000,27000
061168,力成兆豐9A購01  ,0,0,0,0,0,0,0,0,0,27000,0,0,0,62000,35000,27000,27000
059165,南亞科凱基99購04,0,0,0,0,0,0,0,0,0,27000,0,0,0,35000,8000,27000,27000
058189,嘉澤永豐99購01  ,0,0,0,0,0,0,0,0,0,27000,0,0,0,27000,0,27000,27000
058982,台積電凱基99購08,0,0,0,0,0,0,0,0,0,27000,0,0,0,27000,0,27000,27000
059051,和大凱基9A購01  ,0,0,0,0,0,0,0,0,0,27000,0,0,0,348000,321000,27000,27000
060631,微星富邦9B購01  ,0,0,0,0,0,0,0,0,0,27000,0,0,0,67000,40000,27000,27000
061749,群創統一9C購02  ,0,0,0,0,0,0,0,0,0,27000,0,0,0,34000,7000,27000,27000
062764,世芯凱基9B購02  ,0,0,0,0,0,0,0,0,0,27000,0,0,0,32000,5000,27000,27000
062923,緯穎元大9B購06  ,0,0,0,0,0,0,0,0,0,27000,0,0,0,47000,20000,27000,27000
063529,聯茂凱基9B購02  ,0,0,0,0,0,0,0,0,0,27000,0,0,0,27000,0,27000,27000
063464,廣達元大9B購02  ,0,0,0,0,0,0,0,0,0,27000,0,0,0,111000,84000,27000,27000
064596,台表科統一01購03,0,0,0,0,0,0,0,0,0,27000,0,0,0,232000,205000,27000,27000
063721,道瓊銀元大9B購03,0,0,0,0,0,0,0,0,0,27000,0,0,0,27000,0,27000,27000
063761,嘉澤統一02購01  ,0,0,0,0,0,0,0,0,0,27000,0,0,0,27000,0,27000,27000
065052,南六凱基02購02  ,0,0,0,0,0,0,0,0,0,26000,0,0,0,43000,17000,26000,26000
07090P,台灣50凱基01售01,0,0,0,0,0,0,0,0,0,26000,0,0,0,39000,13000,26000,26000
07133P,臺股指元大9A售27,0,0,0,0,0,0,0,0,0,26000,0,0,0,81000,55000,26000,26000
07547P,緯穎凱基9A售05  ,0,0,0,0,0,0,0,0,0,26000,0,0,0,26000,0,26000,26000
08326P,臺股指凱基9C售09,0,0,0,0,0,0,0,0,0,26000,0,0,0,115000,89000,26000,26000
2849,安泰銀          ,37000,0,37000,0,0,0,0,0,0,-11000,0,11000,-11000,0,0,0,26000
1626,艾美特-KY       ,27000,1000,26000,0,0,0,0,0,0,0,0,0,0,0,0,0,26000
2017,官田鋼          ,55000,29000,26000,0,0,0,0,0,0,0,0,0,0,0,0,0,26000
054477,聯發科中信9C購02,0,0,0,0,0,0,0,0,0,26000,0,0,0,36000,10000,26000,26000
055917,禾伸堂凱基98購02,0,0,0,0,0,0,0,0,0,26000,0,0,0,26000,0,26000,26000
056135,緯創元大98購01  ,0,0,0,0,0,0,0,0,0,26000,0,0,0,29000,3000,26000,26000
061392,泰鼎群益9A購02  ,0,0,0,0,0,0,0,0,0,26000,0,0,0,26000,0,26000,26000
060450,南亞元大9A購02  ,0,0,0,0,0,0,0,0,0,26000,0,0,0,26000,0,26000,26000
059094,臻鼎元大99購03  ,0,0,0,0,0,0,0,0,0,26000,0,0,0,106000,80000,26000,26000
058929,可成統一9C購01  ,0,0,0,0,0,0,0,0,0,26000,0,0,0,133000,107000,26000,26000
060814,健策凱基9B購01  ,0,0,0,0,0,0,0,0,0,26000,0,0,0,26000,0,26000,26000
059791,超眾元大99購06  ,0,0,0,0,0,0,0,0,0,26000,0,0,0,38000,12000,26000,26000
060052,宏碁凱基99購01  ,0,0,0,0,0,0,0,0,0,26000,0,0,0,87000,61000,26000,26000
060104,新日興元大99購03,0,0,0,0,0,0,0,0,0,26000,0,0,0,28000,2000,26000,26000
063674,力山國泰01購02  ,0,0,0,0,0,0,0,0,0,26000,0,0,0,35000,9000,26000,26000
064027,義隆元大9C購01  ,0,0,0,0,0,0,0,0,0,26000,0,0,0,65000,39000,26000,26000
064656,聚陽元大9C購03  ,0,0,0,0,0,0,0,0,0,26000,0,0,0,26000,0,26000,26000
064736,超眾元富9C購04  ,0,0,0,0,0,0,0,0,0,26000,0,0,0,123000,97000,26000,26000
064332,聯發科元大01購01,0,0,0,0,0,0,0,0,0,26000,0,0,0,157000,131000,26000,26000
063496,儒鴻永豐9B購01  ,0,0,0,0,0,0,0,0,0,26000,0,0,0,70000,44000,26000,26000
063288,泰鼎元大9B購02  ,0,0,0,0,0,0,0,0,0,26000,0,0,0,51000,25000,26000,26000
062659,台灣50群益9B購10,0,0,0,0,0,0,0,0,0,26000,0,0,0,26000,0,26000,26000
062378,台表科元大9C購01,0,0,0,0,0,0,0,0,0,26000,0,0,0,69000,43000,26000,26000
9940,信義            ,77000,46000,31000,0,0,0,0,0,0,-5000,0,5000,-5000,0,0,0,26000
2415,錩新            ,25000,0,25000,0,0,0,0,0,0,0,0,0,0,0,0,0,25000
2850,新產            ,47000,22000,25000,0,0,0,0,0,0,0,0,0,0,0,0,0,25000
08385P,臺股指群益9C售13,0,0,0,0,0,0,0,0,0,25000,0,0,0,25000,0,25000,25000
08485P,聯發科群益9C售09,0,0,0,0,0,0,0,0,0,25000,0,0,0,25000,0,25000,25000
07926P,上銀統一9B售02  ,0,0,0,0,0,0,0,0,0,25000,0,0,0,30000,5000,25000,25000
07965P,玉晶光群益01售02,0,0,0,0,0,0,0,0,0,25000,0,0,0,30000,5000,25000,25000
08042P,臺股指群益9B售15,0,0,0,0,0,0,0,0,0,25000,0,0,0,45000,20000,25000,25000
07519P,臺股指元大9B售10,0,0,0,0,0,0,0,0,0,25000,0,0,0,25000,0,25000,25000
07802P,瑞昱永豐9A售03  ,0,0,0,0,0,0,0,0,0,25000,0,0,0,25000,0,25000,25000
07105P,大毅元富99售02  ,0,0,0,0,0,0,0,0,0,25000,0,0,0,25000,0,25000,25000
06693P,臺股指凱基98售01,0,0,0,0,0,0,0,0,0,25000,0,0,0,67000,42000,25000,25000
06744P,嘉聯益永豐98售03,0,0,0,0,0,0,0,0,0,25000,0,0,0,102000,77000,25000,25000
065029,微星兆豐9C購01  ,0,0,0,0,0,0,0,0,0,25000,0,0,0,85000,60000,25000,25000
057983,緯穎永豐98購03  ,0,0,0,0,0,0,0,0,0,25000,0,0,0,55000,30000,25000,25000
056848,泰鼎元富98購01  ,0,0,0,0,0,0,0,0,0,25000,0,0,0,25000,0,25000,25000
056496,康控國泰99購01  ,0,0,0,0,0,0,0,0,0,25000,0,0,0,25000,0,25000,25000
056550,瑞儀凱基99購01  ,0,0,0,0,0,0,0,0,0,25000,0,0,0,25000,0,25000,25000
057692,臺股指凱基98購10,0,0,0,0,0,0,0,0,0,25000,0,0,0,25000,0,25000,25000
055839,瑞昱元大97購04  ,0,0,0,0,0,0,0,0,0,25000,0,0,0,55000,30000,25000,25000
057480,技嘉元大98購03  ,0,0,0,0,0,0,0,0,0,25000,0,0,0,57000,32000,25000,25000
054695,世芯永豐98購01  ,0,0,0,0,0,0,0,0,0,25000,0,0,0,25000,0,25000,25000
055104,台達電凱基98購01,0,0,0,0,0,0,0,0,0,25000,0,0,0,265000,240000,25000,25000
00672L,元大S&P原油正2  ,0,0,0,0,0,0,0,0,0,25000,0,0,0,115000,90000,25000,25000
052290,鴻海元富97購01  ,0,0,0,0,0,0,0,0,0,25000,0,0,0,25000,0,25000,25000
00743,國泰中國A150    ,26000,80000,-54000,0,0,0,0,0,0,79000,0,0,0,97000,18000,79000,25000
055323,貿聯國票98購01  ,0,0,0,0,0,0,0,0,0,25000,0,0,0,50000,25000,25000,25000
055249,大毅統一99購01  ,0,0,0,0,0,0,0,0,0,25000,0,0,0,25000,0,25000,25000
050786,健策國泰96購01  ,0,0,0,0,0,0,0,0,0,25000,0,0,0,25000,0,25000,25000
059528,華新科凱基99購06,0,0,0,0,0,0,0,0,0,25000,0,0,0,27000,2000,25000,25000
058372,欣興凱基99購03  ,0,0,0,0,0,0,0,0,0,25000,0,0,0,25000,0,25000,25000
059958,鎧勝康和99購01  ,0,0,0,0,0,0,0,0,0,25000,0,0,0,25000,0,25000,25000
060995,泰鼎元大9A購03  ,0,0,0,0,0,0,0,0,0,25000,0,0,0,25000,0,25000,25000
060963,禾伸堂凱基9A購01,0,0,0,0,0,0,0,0,0,25000,0,0,0,45000,20000,25000,25000
059850,日電貿永豐99購01,0,0,0,0,0,0,0,0,0,25000,0,0,0,51000,26000,25000,25000
060921,中橡永豐9A購02  ,0,0,0,0,0,0,0,0,0,25000,0,0,0,25000,0,25000,25000
059068,台虹國票9A購01  ,0,0,0,0,0,0,0,0,0,25000,0,0,0,25000,0,25000,25000
061920,台積電凱基9C購02,0,0,0,0,0,0,0,0,0,25000,0,0,0,40000,15000,25000,25000
062481,同欣電國票9B購01,0,0,0,0,0,0,0,0,0,25000,0,0,0,26000,1000,25000,25000
063301,鴻海凱基9B購08  ,0,0,0,0,0,0,0,0,0,25000,0,0,0,88000,63000,25000,25000
064537,健鼎國票01購02  ,0,0,0,0,0,0,0,0,0,25000,0,0,0,100000,75000,25000,25000
064868,嘉晶永豐9C購02  ,0,0,0,0,0,0,0,0,0,25000,0,0,0,25000,0,25000,25000
063993,華通群益01購01  ,0,0,0,0,0,0,0,0,0,25000,0,0,0,25000,0,25000,25000
06411P,晶相光永豐97售03,0,0,0,0,0,0,0,0,0,25000,0,0,0,25000,0,25000,25000
064182,臻鼎富邦01購01  ,0,0,0,0,0,0,0,0,0,25000,0,0,0,30000,5000,25000,25000
4564,元翎            ,45000,15000,30000,0,0,0,0,0,0,-5000,0,0,0,0,5000,-5000,25000
065402,漢唐國泰02購01  ,0,0,0,0,0,0,0,0,0,24000,0,0,0,44000,20000,24000,24000
07181P,臺股指凱基99售23,0,0,0,0,0,0,0,0,0,24000,0,0,0,28000,4000,24000,24000
08383P,智邦群益9C售03  ,0,0,0,0,0,0,0,0,0,24000,0,0,0,232000,208000,24000,24000
08380P,GIS元大9C售06   ,0,0,0,0,0,0,0,0,0,24000,0,0,0,24000,0,24000,24000
08405P,聯發科元大9C售11,0,0,0,0,0,0,0,0,0,24000,0,0,0,869000,845000,24000,24000
08309P,GIS凱基9C售01   ,0,0,0,0,0,0,0,0,0,24000,0,0,0,68000,44000,24000,24000
2851,中再保          ,33000,9000,24000,0,0,0,0,0,0,0,0,0,0,0,0,0,24000
2608,嘉里大榮        ,51000,24000,27000,0,0,0,0,0,0,-3000,0,3000,-3000,0,0,0,24000
2461,光群雷          ,67000,43000,24000,0,0,0,0,0,0,0,0,0,0,0,0,0,24000
1730,花仙子          ,43000,19000,24000,0,0,0,0,0,0,0,0,0,0,0,0,0,24000
050570,聯發科中信97購02,0,0,0,0,0,0,0,0,0,24000,0,0,0,24000,0,24000,24000
052434,茂林國泰97購01  ,0,0,0,0,0,0,0,0,0,24000,0,0,0,24000,0,24000,24000
054212,聯詠國票97購03  ,0,0,0,0,0,0,0,0,0,24000,0,0,0,24000,0,24000,24000
056213,建準國票98購02  ,0,0,0,0,0,0,0,0,0,24000,0,0,0,24000,0,24000,24000
057449,華新科元富99購02,0,0,0,0,0,0,0,0,0,24000,0,0,0,25000,1000,24000,24000
056895,技嘉元大98購01  ,0,0,0,0,0,0,0,0,0,24000,0,0,0,65000,41000,24000,24000
057321,台泥群益98購01  ,0,0,0,0,0,0,0,0,0,24000,0,0,0,34000,10000,24000,24000
058481,玉晶光凱基9A購04,0,0,0,0,0,0,0,0,0,24000,0,0,0,40000,16000,24000,24000
059296,大立光元富99購06,0,0,0,0,0,0,0,0,0,24000,0,0,0,60000,36000,24000,24000
059919,宏達電元大99購06,0,0,0,0,0,0,0,0,0,24000,0,0,0,131000,107000,24000,24000
059533,富邦金凱基99購01,0,0,0,0,0,0,0,0,0,24000,0,0,0,58000,34000,24000,24000
064142,國巨統一9C購13  ,0,0,0,0,0,0,0,0,0,24000,0,0,0,29000,5000,24000,24000
064138,亞德客統一01購02,0,0,0,0,0,0,0,0,0,24000,0,0,0,35000,11000,24000,24000
06484P,聯發科凱基98售11,0,0,0,0,0,0,0,0,0,24000,0,0,0,29000,5000,24000,24000
06477P,緯穎國票99售02  ,0,0,0,0,0,0,0,0,0,24000,0,0,0,54000,30000,24000,24000
064639,聚陽凱基02購01  ,0,0,0,0,0,0,0,0,0,24000,0,0,0,92000,68000,24000,24000
063019,聯發科元大9C購01,0,0,0,0,0,0,0,0,0,24000,0,0,0,87000,63000,24000,24000
062732,南六凱基9B購03  ,0,0,0,0,0,0,0,0,0,24000,0,0,0,24000,0,24000,24000
6288,聯嘉            ,141000,117000,24000,0,0,0,0,0,0,0,1000,1000,0,0,0,0,24000
1806,冠軍            ,56000,33000,23000,0,0,0,0,0,0,0,0,0,0,0,0,0,23000
1503,士電            ,35000,12000,23000,0,0,0,0,0,0,0,3000,3000,0,0,0,0,23000
2498,宏達電          ,966000,1155000,-189000,0,0,0,0,0,0,212000,0,8000,-8000,235000,15000,220000,23000
08338P,台灣50凱基9C售11,0,0,0,0,0,0,0,0,0,23000,0,0,0,93000,70000,23000,23000
08339P,上銀統一9C售04  ,0,0,0,0,0,0,0,0,0,23000,0,0,0,23000,0,23000,23000
1337,再生-KY         ,37000,14000,23000,0,0,0,0,0,0,0,0,0,0,0,0,0,23000
08053P,臺股指國票9B售18,0,0,0,0,0,0,0,0,0,23000,0,0,0,85000,62000,23000,23000
07202P,台灣50凱基9C售04,0,0,0,0,0,0,0,0,0,23000,0,0,0,41000,18000,23000,23000
06751P,旺宏凱基98售10  ,0,0,0,0,0,0,0,0,0,23000,0,0,0,23000,0,23000,23000
057072,日月光永豐98購01,0,0,0,0,0,0,0,0,0,23000,0,0,0,50000,27000,23000,23000
052277,台達電凱基97購01,0,0,0,0,0,0,0,0,0,23000,0,0,0,48000,25000,23000,23000
0055,元大MSCI金融    ,0,0,0,0,0,0,0,0,0,23000,0,0,0,23000,0,23000,23000
055287,日電貿元大97購01,0,0,0,0,0,0,0,0,0,23000,0,0,0,123000,100000,23000,23000
061106,群創元大9B購09  ,0,0,0,0,0,0,0,0,0,23000,0,0,0,73000,50000,23000,23000
060735,鴻海統一9C購03  ,0,0,0,0,0,0,0,0,0,23000,0,0,0,53000,30000,23000,23000
059882,臺股指凱基9C購06,0,1000,-1000,0,0,0,0,0,0,24000,0,0,0,33000,9000,24000,23000
061702,奇鋐國票9A購02  ,0,0,0,0,0,0,0,0,0,23000,0,0,0,61000,38000,23000,23000
058601,台積電元大99購10,0,0,0,0,0,0,0,0,0,23000,0,0,0,28000,5000,23000,23000
059023,可成統一9B購02  ,0,0,0,0,0,0,0,0,0,23000,0,0,0,161000,138000,23000,23000
058106,神達統一98購02  ,0,0,0,0,0,0,0,0,0,23000,0,0,0,53000,30000,23000,23000
058070,華新科凱基98購07,0,0,0,0,0,0,0,0,0,23000,0,0,0,48000,25000,23000,23000
058250,台虹元大99購01  ,0,0,0,0,0,0,0,0,0,23000,0,0,0,23000,0,23000,23000
060551,大立光凱基9B購02,0,0,0,0,0,0,0,0,0,23000,0,0,0,23000,0,23000,23000
058110,光寶科元富98購01,0,0,0,0,0,0,0,0,0,23000,0,0,0,24000,1000,23000,23000
063199,台積電統一01購07,0,0,0,0,0,0,0,0,0,23000,0,0,0,28000,5000,23000,23000
063206,貿聯統一9C購02  ,0,0,0,0,0,0,0,0,0,23000,0,0,0,86000,63000,23000,23000
06333P,臺股指群益9C售02,0,0,0,0,0,0,0,0,0,23000,0,0,0,50000,27000,23000,23000
063507,奇鋐群益9B購02  ,0,0,0,0,0,0,0,0,0,23000,0,0,0,23000,0,23000,23000
063805,技嘉兆豐9C購01  ,0,0,0,0,0,0,0,0,0,23000,0,0,0,253000,230000,23000,23000
2207,和泰車          ,208000,186212,21788,0,0,0,0,1000,-1000,2000,3000,1000,2000,0,0,0,22788
2007,燁興            ,25000,3000,22000,0,0,0,0,0,0,0,0,0,0,0,0,0,22000
2832,台產            ,31000,9000,22000,0,0,0,0,0,0,0,0,0,0,0,0,0,22000
08533P,技嘉元富06售02  ,0,0,0,0,0,0,0,0,0,22000,0,0,0,22000,0,22000,22000
08306P,台積電凱基01售04,0,0,0,0,0,0,0,0,0,22000,0,0,0,42000,20000,22000,22000
06789P,鴻海凱基98售12  ,0,0,0,0,0,0,0,0,0,22000,0,0,0,22000,0,22000,22000
07057P,大立光康和9B售02,0,0,0,0,0,0,0,0,0,22000,0,0,0,27000,5000,22000,22000
055801,景碩永豐97購02  ,0,0,0,0,0,0,0,0,0,22000,0,0,0,37000,15000,22000,22000
03445B,臺股指元大02熊01,0,0,0,0,0,0,0,0,0,22000,0,0,0,569000,547000,22000,22000
020011,統一微波高息20N ,0,0,0,0,0,0,0,0,0,22000,0,0,0,23000,1000,22000,22000
052779,欣興國票97購01  ,0,0,0,0,0,0,0,0,0,22000,0,0,0,22000,0,22000,22000
055963,欣興元大97購04  ,0,0,0,0,0,0,0,0,0,22000,0,0,0,157000,135000,22000,22000
057705,臺股指群益98購05,0,0,0,0,0,0,0,0,0,22000,0,0,0,22000,0,22000,22000
056211,南港國票98購01  ,0,0,0,0,0,0,0,0,0,22000,0,0,0,160000,138000,22000,22000
057297,新日興永豐98購01,0,0,0,0,0,0,0,0,0,22000,0,0,0,22000,0,22000,22000
057839,台積電富邦9A購02,0,0,0,0,0,0,0,0,0,22000,0,0,0,26000,4000,22000,22000
057852,國巨國票99購05  ,0,0,0,0,0,0,0,0,0,22000,0,0,0,28000,6000,22000,22000
059187,國巨富邦9B購02  ,0,0,0,0,0,0,0,0,0,22000,0,0,0,37000,15000,22000,22000
060477,和潤元大9A購01  ,0,0,0,0,0,0,0,0,0,22000,0,0,0,22000,0,22000,22000
060426,盛群永豐9A購01  ,0,0,0,0,0,0,0,0,0,22000,0,0,0,22000,0,22000,22000
060566,聯詠富邦9C購01  ,0,0,0,0,0,0,0,0,0,22000,0,0,0,51000,29000,22000,22000
057991,健策統一9C購01  ,0,0,0,0,0,0,0,0,0,22000,0,0,0,22000,0,22000,22000
061032,金像電永豐9A購03,0,0,0,0,0,0,0,0,0,22000,0,0,0,42000,20000,22000,22000
060979,國巨元大9A購14  ,0,0,0,0,0,0,0,0,0,22000,0,0,0,35000,13000,22000,22000
058733,同欣電永豐99購02,0,0,0,0,0,0,0,0,0,22000,0,0,0,57000,35000,22000,22000
061084,京元電兆豐9A購02,0,0,0,0,0,0,0,0,0,22000,0,0,0,22000,0,22000,22000
060664,聯詠凱基9A購01  ,0,0,0,0,0,0,0,0,0,22000,0,0,0,22000,0,22000,22000
060229,楠梓電元大9C購01,0,0,0,0,0,0,0,0,0,22000,0,0,0,255000,233000,22000,22000
059454,亞光永豐99購01  ,0,0,0,0,0,0,0,0,0,22000,0,0,0,73000,51000,22000,22000
058760,嘉晶群益9A購01  ,0,0,0,0,0,0,0,0,0,22000,0,0,0,22000,0,22000,22000
063832,矽創國票01購01  ,0,0,0,0,0,0,0,0,0,22000,0,0,0,38000,16000,22000,22000
065368,技嘉元大9C購04  ,0,0,0,0,0,0,0,0,0,21000,0,0,0,93000,72000,21000,21000
064890,聯電群益9C購02  ,0,0,0,0,0,0,0,0,0,21000,0,0,0,71000,50000,21000,21000
065101,力成元大9C購05  ,0,0,0,0,0,0,0,0,0,21000,0,0,0,88000,67000,21000,21000
065169,華邦電元大9C購03,0,0,0,0,0,0,0,0,0,21000,0,0,0,26000,5000,21000,21000
08428P,GIS國票01售01   ,0,0,0,0,0,0,0,0,0,21000,0,0,0,41000,20000,21000,21000
08552P,華新科群益9C售04,0,0,0,0,0,0,0,0,0,21000,0,0,0,52000,31000,21000,21000
2605,新興            ,216000,107000,109000,0,0,0,0,0,0,-88000,22000,110000,-88000,0,0,0,21000
3416,融程電          ,27000,5000,22000,0,0,0,0,0,0,-1000,0,3000,-3000,2000,0,2000,21000
3645,達邁            ,35000,14000,21000,0,0,0,0,0,0,0,0,0,0,0,0,0,21000
1464,得力            ,73000,52000,21000,0,0,0,0,0,0,0,0,0,0,0,0,0,21000
057397,茂林中信9A購01  ,0,0,0,0,0,0,0,0,0,21000,0,0,0,21000,0,21000,21000
056644,宏達電凱基98購04,0,0,0,0,0,0,0,0,0,21000,0,0,0,72000,51000,21000,21000
056783,國巨群益99購01  ,0,0,0,0,0,0,0,0,0,21000,0,0,0,73000,52000,21000,21000
054962,玉晶光元大99購02,0,0,0,0,0,0,0,0,0,21000,0,0,0,21000,0,21000,21000
054513,元金2X元大96購01,0,0,0,0,0,0,0,0,0,21000,0,0,0,21000,0,21000,21000
047969,台達電富邦97購01,0,0,0,0,0,0,0,0,0,21000,0,0,0,21000,0,21000,21000
055485,國巨元大97購09  ,0,0,0,0,0,0,0,0,0,21000,0,0,0,24000,3000,21000,21000
055713,國巨元大98購09  ,0,0,0,0,0,0,0,0,0,21000,0,0,0,45000,24000,21000,21000
058670,鴻海群益9A購03  ,0,0,0,0,0,0,0,0,0,21000,0,0,0,21000,0,21000,21000
058561,T50反1凱基9A購05,0,0,0,0,0,0,0,0,0,21000,0,0,0,21000,0,21000,21000
061551,GIS群益9A購01   ,0,0,0,0,0,0,0,0,0,21000,0,0,0,26000,5000,21000,21000
061822,和潤群益9B購01  ,0,0,0,0,0,0,0,0,0,21000,0,0,0,47000,26000,21000,21000
061975,華通元大9B購01  ,0,0,0,0,0,0,0,0,0,21000,0,0,0,37000,16000,21000,21000
064273,華邦電元大9C購02,0,0,0,0,0,0,0,0,0,21000,0,0,0,21000,0,21000,21000
062514,玉晶光國票9C購02,0,0,0,0,0,0,0,0,0,21000,0,0,0,21000,0,21000,21000
062212,臻鼎台新9B購01  ,0,0,0,0,0,0,0,0,0,21000,0,0,0,21000,0,21000,21000
3694,海華            ,33000,12000,21000,0,0,0,0,0,0,0,0,0,0,0,0,0,21000
1466,聚隆            ,0,0,0,0,0,0,0,0,0,20000,0,0,0,90000,70000,20000,20000
1527,鑽全            ,40000,20000,20000,0,0,0,0,0,0,0,0,0,0,0,0,0,20000
2010,春源            ,37000,17000,20000,0,0,0,0,0,0,0,0,0,0,0,0,0,20000
2543,皇昌            ,21000,1000,20000,0,0,0,0,0,0,0,0,0,0,0,0,0,20000
1234,黑松            ,28000,8000,20000,0,0,0,0,0,0,0,0,0,0,0,0,0,20000
08412P,群創凱基01售03  ,0,0,0,0,0,0,0,0,0,20000,0,0,0,20000,0,20000,20000
08390P,旺宏凱基9C售02  ,0,0,0,0,0,0,0,0,0,20000,0,0,0,21000,1000,20000,20000
08314P,國巨元大9C售14  ,0,0,0,0,0,0,0,0,0,20000,0,0,0,20000,0,20000,20000
07901P,臺股指凱基9B售04,0,0,0,0,0,0,0,0,0,20000,0,0,0,40000,20000,20000,20000
07912P,玉晶光統一9B售02,0,0,0,0,0,0,0,0,0,20000,0,0,0,20000,0,20000,20000
065192,臺股指統一9C購03,0,0,0,0,0,0,0,0,0,20000,0,0,0,20000,0,20000,20000
06510P,燿華永豐98售03  ,0,0,0,0,0,0,0,0,0,20000,0,0,0,20000,0,20000,20000
065072,和大元大9C購03  ,0,0,0,0,0,0,0,0,0,20000,0,0,0,26000,6000,20000,20000
064885,T50反1中信04購01,0,0,0,0,0,0,0,0,0,20000,0,0,0,80000,60000,20000,20000
064952,國泰金凱基9C購01,0,0,0,0,0,0,0,0,0,20000,0,0,0,20000,0,20000,20000
065006,景碩國票01購01  ,0,0,0,0,0,0,0,0,0,20000,0,0,0,20000,0,20000,20000
065247,聯發科麥證9C購02,0,0,0,50000,30000,20000,0,0,0,20000,0,0,0,50000,30000,20000,20000
07043P,國巨元大99售14  ,0,0,0,0,0,0,0,0,0,20000,0,0,0,20000,0,20000,20000
06952P,大立光統一9A售03,0,0,0,0,0,0,0,0,0,20000,0,0,0,60000,40000,20000,20000
06993P,鴻海凱基99售05  ,0,0,0,0,0,0,0,0,0,20000,0,0,0,20000,0,20000,20000
07121P,華新科凱基99售03,0,0,0,0,0,0,0,0,0,20000,0,0,0,22000,2000,20000,20000
06880P,鈺齊凱基98售03  ,0,0,0,0,0,0,0,0,0,20000,0,0,0,20000,0,20000,20000
06699P,台積電統一98售11,0,0,0,0,0,0,0,0,0,20000,0,0,0,20000,0,20000,20000
06712P,臺股指台新99售09,0,0,0,0,0,0,0,0,0,20000,0,0,0,20000,0,20000,20000
07692P,玉晶光元大9A售11,0,0,0,0,0,0,0,0,0,20000,0,0,0,30000,10000,20000,20000
07759P,臺股指富邦9A售04,0,0,0,0,0,0,0,0,0,20000,0,0,0,20000,0,20000,20000
07655P,台灣50凱基01售09,0,0,0,0,0,0,0,0,0,20000,0,0,0,20000,0,20000,20000
07446P,台灣50元大9A售06,0,0,0,0,0,0,0,0,0,20000,0,0,0,20000,0,20000,20000
07226P,貿聯富邦9B售01  ,0,0,0,0,0,0,0,0,0,20000,0,0,0,20000,0,20000,20000
07211P,南亞科凱基99售05,0,0,0,0,0,0,0,0,0,20000,0,0,0,20000,0,20000,20000
055696,華新科國票98購01,0,0,0,0,0,0,0,0,0,20000,0,0,0,20000,0,20000,20000
055535,緯創群益98購01  ,0,0,0,0,0,0,0,0,0,20000,0,0,0,20000,0,20000,20000
055563,智易凱基97購02  ,0,0,0,0,0,0,0,0,0,20000,0,0,0,20000,0,20000,20000
055780,禾伸堂凱基99購01,0,0,0,0,0,0,0,0,0,20000,0,0,0,20000,0,20000,20000
055367,台積電元大97購23,0,0,0,0,0,0,0,0,0,20000,0,0,0,20000,0,20000,20000
055381,茂林元大97購02  ,0,0,0,0,0,0,0,0,0,20000,0,0,0,20000,0,20000,20000
054376,聯茂中信97購01  ,0,0,0,0,0,0,0,0,0,20000,0,0,0,20000,0,20000,20000
051078,力山富邦97購01  ,0,0,0,0,0,0,0,0,0,20000,0,0,0,20000,0,20000,20000
050014,國巨富邦98購01  ,0,0,0,0,0,0,0,0,0,20000,0,0,0,20000,0,20000,20000
047420,全新富邦97購01  ,0,0,0,0,0,0,0,0,0,20000,0,0,0,20000,0,20000,20000
046928,奇鋐富邦97購01  ,0,0,0,0,0,0,0,0,0,20000,0,0,0,20000,0,20000,20000
051460,S&P反1國泰97購01,0,0,0,0,0,0,0,0,0,20000,0,0,0,20000,0,20000,20000
052849,可成統一97購01  ,0,0,0,0,0,0,0,0,0,20000,0,0,0,20000,0,20000,20000
054481,鎧勝中信96購01  ,0,0,0,0,0,0,0,0,0,20000,0,0,0,20000,0,20000,20000
054624,台積電凱基98購03,0,0,0,0,0,0,0,0,0,20000,0,0,0,20000,0,20000,20000
054893,帆宣統一99購01  ,0,0,0,0,0,0,0,0,0,20000,0,0,0,55000,35000,20000,20000
054927,帆宣凱基97購01  ,0,0,0,0,0,0,0,0,0,20000,0,0,0,20000,0,20000,20000
054856,得力群益99購01  ,0,0,0,0,0,0,0,0,0,20000,0,0,0,20000,0,20000,20000
054777,昇陽半國票98購01,0,0,0,0,0,0,0,0,0,20000,0,0,0,20000,0,20000,20000
054168,貿聯凱基97購02  ,0,0,0,0,0,0,0,0,0,20000,0,0,0,20000,0,20000,20000
053468,鴻海元大98購01  ,0,0,0,0,0,0,0,0,0,20000,0,0,0,20000,0,20000,20000
055105,鴻海凱基98購05  ,0,0,0,0,0,0,0,0,0,20000,0,0,0,20000,0,20000,20000
053255,貿聯國泰97購01  ,0,0,0,0,0,0,0,0,0,20000,0,0,0,20000,0,20000,20000
055934,景碩群益98購03  ,0,0,0,0,0,0,0,0,0,20000,0,0,0,20000,0,20000,20000
056041,禾伸堂凱基98購03,0,0,0,0,0,0,0,0,0,20000,0,0,0,20000,0,20000,20000
056061,國泰金元大97購02,0,0,0,0,0,0,0,0,0,20000,0,0,0,20000,0,20000,20000
056084,漢唐統一97購03  ,0,0,0,0,0,0,0,0,0,20000,0,0,0,20000,0,20000,20000
055855,牧德元大99購02  ,0,0,0,0,0,0,0,0,0,20000,0,0,0,20000,0,20000,20000
057507,貿聯國票98購02  ,0,0,0,0,0,0,0,0,0,20000,0,0,0,20000,0,20000,20000
056341,宏達電凱基9A購01,0,0,0,0,0,0,0,0,0,20000,0,0,0,20000,0,20000,20000
054231,國巨群益98購03  ,0,0,0,0,0,0,0,0,0,20000,0,0,0,25000,5000,20000,20000
053811,國巨群益98購02  ,0,0,0,0,0,0,0,0,0,20000,0,0,0,30000,10000,20000,20000
057781,國巨國票99購04  ,0,0,0,0,0,0,0,0,0,20000,0,0,0,20000,0,20000,20000
057103,禾伸堂中信9A購01,0,0,0,0,0,0,0,0,0,20000,0,0,0,20000,0,20000,20000
057158,義隆永豐99購01  ,0,0,0,0,0,0,0,0,0,20000,0,0,0,20000,0,20000,20000
056549,嘉聯益凱基98購04,0,0,0,0,0,0,0,0,0,20000,0,0,0,20000,0,20000,20000
05644P,大立光中信9A售03,0,0,0,0,0,0,0,0,0,20000,0,0,0,20000,0,20000,20000
056450,可成凱基98購05  ,0,0,0,0,0,0,0,0,0,20000,0,0,0,40000,20000,20000,20000
056156,禾伸堂凱基98購04,0,0,0,0,0,0,0,0,0,20000,0,0,0,20000,0,20000,20000
057594,宏達電兆豐99購01,0,0,0,0,0,0,0,0,0,20000,0,0,0,20000,0,20000,20000
057329,緯穎群益98購02  ,0,0,0,0,0,0,0,0,0,20000,0,0,0,20000,0,20000,20000
057460,楠梓電永豐98購03,0,0,0,0,0,0,0,0,0,20000,0,0,0,20000,0,20000,20000
056851,瑞儀元富98購01  ,0,0,0,0,0,0,0,0,0,20000,0,0,0,50000,30000,20000,20000
057909,台光電兆豐98購01,0,0,0,0,0,0,0,0,0,20000,0,0,0,20000,0,20000,20000
057902,嘉晶永豐98購02  ,0,0,0,0,0,0,0,0,0,20000,0,0,0,20000,0,20000,20000
056960,光罩永豐98購01  ,0,0,0,0,0,0,0,0,0,20000,0,0,0,20000,0,20000,20000
057935,晶技群益98購02  ,0,0,0,0,0,0,0,0,0,20000,0,0,0,20000,0,20000,20000
057938,台表科群益98購02,0,0,0,0,0,0,0,0,0,20000,0,0,0,20000,0,20000,20000
061297,台積電富邦9C購09,0,0,0,0,0,0,0,0,0,20000,0,0,0,30000,10000,20000,20000
061932,上銀國票9B購01  ,0,0,0,0,0,0,0,0,0,20000,0,0,0,20000,0,20000,20000
062030,旭富群益9B購01  ,0,0,0,0,0,0,0,0,0,20000,0,0,0,20000,0,20000,20000
062303,台表科中信01購01,0,0,0,0,0,0,0,0,0,20000,0,0,0,20000,0,20000,20000
062243,臺指反元大02購04,0,0,0,0,0,0,0,0,0,20000,0,0,0,20000,0,20000,20000
061827,台灣50凱基02購01,0,0,0,0,0,0,0,0,0,20000,0,0,0,20000,0,20000,20000
058219,台灣50國票9A購02,0,0,0,0,0,0,0,0,0,20000,0,0,0,20000,0,20000,20000
058238,奇鋐元大99購02  ,0,0,0,0,0,0,0,0,0,20000,0,0,0,20000,0,20000,20000
060496,滬深2X元大9A購05,0,0,0,0,0,0,0,0,0,20000,0,0,0,20000,0,20000,20000
060514,南電元大9A購02  ,0,0,0,0,0,0,0,0,0,20000,0,0,0,20000,0,20000,20000
059129,麗豐中信99購01  ,0,0,0,0,0,0,0,0,0,20000,0,0,0,20000,0,20000,20000
060552,群創凱基9B購05  ,0,0,0,0,0,0,0,0,0,20000,0,0,0,20000,0,20000,20000
060554,中租凱基9A購01  ,0,0,0,0,0,0,0,0,0,20000,0,0,0,20000,0,20000,20000
058113,百和元富98購01  ,0,0,0,0,0,0,0,0,0,20000,0,0,0,20000,0,20000,20000
058179,國巨國泰9B購02  ,0,0,0,0,0,0,0,0,0,20000,0,0,0,20000,0,20000,20000
059044,聯電日盛99購02  ,0,0,0,0,0,0,0,0,0,20000,0,0,0,20000,0,20000,20000
059036,可成群益9B購03  ,0,0,0,0,0,0,0,0,0,20000,0,0,0,82000,62000,20000,20000
059255,臺股指凱基99購33,0,0,0,0,0,0,0,0,0,20000,0,0,0,20000,0,20000,20000
059247,可成凱基99購05  ,0,0,0,0,0,0,0,0,0,20000,0,0,0,30000,10000,20000,20000
058023,南電凱基98購02  ,0,0,0,0,0,0,0,0,0,20000,0,0,0,20000,0,20000,20000
058520,智易元大99購03  ,0,0,0,0,0,0,0,0,0,20000,0,0,0,117000,97000,20000,20000
058599,T50反1元大99購05,0,0,0,0,0,0,0,0,0,20000,0,0,0,20000,0,20000,20000
058619,台灣50國票99購04,0,0,0,0,0,0,0,0,0,20000,0,0,0,20000,0,20000,20000
061053,國巨群益9A購08  ,0,0,0,0,0,0,0,0,0,20000,0,0,0,20000,0,20000,20000
061042,致新永豐9A購02  ,0,0,0,0,0,0,0,0,0,20000,0,0,0,220000,200000,20000,20000
058698,華通元大99購05  ,0,0,0,0,0,0,0,0,0,20000,0,0,0,20000,0,20000,20000
058718,台灣50元富03購01,0,0,0,0,0,0,0,0,0,20000,0,0,0,20000,0,20000,20000
058382,S&P500中信99購01,0,0,0,0,0,0,0,0,0,20000,0,0,0,20000,0,20000,20000
060090,台積電元大99購55,0,0,0,0,0,0,0,0,0,20000,0,0,0,20000,0,20000,20000
060050,鴻海凱基9B購01  ,0,0,0,0,0,0,0,0,0,20000,0,0,0,30000,10000,20000,20000
060222,貿聯凱基9A購02  ,0,0,0,0,0,0,0,0,0,20000,0,0,0,20000,0,20000,20000
059334,A50正2國票9A購02,0,0,0,0,0,0,0,0,0,20000,0,0,0,20000,0,20000,20000
059526,鴻海凱基99購12  ,0,0,0,0,0,0,0,0,0,20000,0,0,0,20000,0,20000,20000
059538,健策凱基99購03  ,0,0,0,0,0,0,0,0,0,20000,0,0,0,23000,3000,20000,20000
059595,華新科元大9A購03,0,0,0,0,0,0,0,0,0,20000,0,0,0,24000,4000,20000,20000
05959P,聯發科國票98售01,0,0,0,0,0,0,0,0,0,20000,0,0,0,30000,10000,20000,20000
059795,鴻海國票99購07  ,0,0,0,0,0,0,0,0,0,20000,0,0,0,25000,5000,20000,20000
059788,華新科元大9A購05,0,0,0,0,0,0,0,0,0,20000,0,0,0,20000,0,20000,20000
060279,SP黃豆元大9A購01,0,0,0,0,0,0,0,0,0,20000,0,0,0,20000,0,20000,20000
061146,台表科中信9A購02,0,0,0,0,0,0,0,0,0,20000,0,0,0,20000,0,20000,20000
062141,遠東新國票9B購01,0,0,0,0,0,0,0,0,0,20000,0,0,0,20000,0,20000,20000
061754,晶技麥證9B購01  ,0,0,0,20000,0,20000,0,0,0,20000,0,0,0,20000,0,20000,20000
062673,台新金中信03購01,0,0,0,0,0,0,0,0,0,20000,0,0,0,30000,10000,20000,20000
06266P,大立光凱基97售11,0,0,0,0,0,0,0,0,0,20000,0,0,0,20000,0,20000,20000
062671,國泰金中信03購01,0,0,0,0,0,0,0,0,0,20000,0,0,0,22000,2000,20000,20000
06293P,臺股指國票97售07,0,0,0,0,0,0,0,0,0,20000,0,0,0,20000,0,20000,20000
062769,臺股指凱基9B購13,0,0,0,0,0,0,0,0,0,20000,0,0,0,20000,0,20000,20000
062772,T50反1元大9B購06,0,0,0,0,0,0,0,0,0,20000,0,0,0,20000,0,20000,20000
062812,國巨兆豐9B購03  ,0,0,0,0,0,0,0,0,0,20000,0,0,0,22000,2000,20000,20000
06353P,電子類富邦99售02,0,0,0,0,0,0,0,0,0,20000,0,0,0,80000,60000,20000,20000
063374,嘉澤永豐9B購04  ,0,0,0,0,0,0,0,0,0,20000,0,0,0,20000,0,20000,20000
063294,美律麥證9B購01  ,0,0,0,30000,10000,20000,0,0,0,20000,0,0,0,30000,10000,20000,20000
063316,聯發科群益9C購03,0,0,0,0,0,0,0,0,0,20000,0,0,0,20000,0,20000,20000
063421,可成凱基9C購02  ,0,0,0,0,0,0,0,0,0,20000,0,0,0,23000,3000,20000,20000
063386,國巨兆豐9B購04  ,0,0,0,0,0,0,0,0,0,20000,0,0,0,20000,0,20000,20000
063263,高鐵永豐9B購01  ,0,0,0,0,0,0,0,0,0,20000,0,0,0,34000,14000,20000,20000
063024,祥碩元大9B購05  ,0,0,0,0,0,0,0,0,0,20000,0,0,0,53000,33000,20000,20000
062985,元金2X第一9B購02,0,0,0,0,0,0,0,0,0,20000,0,0,0,20000,0,20000,20000
063113,聯茂兆豐9B購01  ,0,0,0,0,0,0,0,0,0,20000,0,0,0,20000,0,20000,20000
063056,嘉澤統一9C購02  ,0,0,0,0,0,0,0,0,0,20000,0,0,0,35000,15000,20000,20000
064305,健鼎兆豐9C購02  ,0,0,0,0,0,0,0,0,0,20000,0,0,0,30000,10000,20000,20000
06434P,超眾群益98售02  ,0,0,0,0,0,0,0,0,0,20000,0,0,0,20000,0,20000,20000
064431,台積電凱基01購05,0,0,0,0,0,0,0,0,0,20000,0,0,0,35000,15000,20000,20000
064414,臺股指凱基9C購10,0,0,0,0,0,0,0,0,0,20000,0,0,0,22000,2000,20000,20000
063772,智邦富邦9B購02  ,0,0,0,0,0,0,0,0,0,20000,0,0,0,20000,0,20000,20000
063742,道瓊指國票9C購01,0,0,0,0,0,0,0,0,0,20000,0,0,0,20000,0,20000,20000
06418P,T50反1統一9A售02,0,0,0,0,0,0,0,0,0,20000,0,0,0,20000,0,20000,20000
6579,研揚            ,21000,1000,20000,0,0,0,0,0,0,0,0,0,0,0,0,0,20000
6715,嘉基            ,198000,178000,20000,0,0,0,0,0,0,0,0,0,0,0,0,0,20000
08197P,聯發科元大9B售24,0,0,0,0,0,0,0,0,0,19000,0,0,0,19000,0,19000,19000
2538,基泰            ,43000,24000,19000,0,0,0,0,0,0,0,0,0,0,0,0,0,19000
2506,太設            ,21000,2000,19000,0,0,0,0,0,0,0,0,0,0,0,0,0,19000
2702,華園            ,33000,14000,19000,0,0,0,0,0,0,0,0,0,0,0,0,0,19000
3535,晶彩科          ,173000,154000,19000,0,0,0,0,0,0,0,0,0,0,0,0,0,19000
2227,裕日車          ,27000,7000,20000,0,0,0,0,0,0,-1000,0,1000,-1000,0,0,0,19000
061295,台積電國泰9B購02,0,0,0,0,0,0,0,0,0,19000,0,0,0,19000,0,19000,19000
061408,華新科國票9A購06,0,0,0,0,0,0,0,0,0,19000,0,0,0,19000,0,19000,19000
056843,冠德元富98購01  ,0,0,0,0,0,0,0,0,0,19000,0,0,0,19000,0,19000,19000
056511,超眾永豐98購01  ,0,0,0,0,0,0,0,0,0,19000,0,0,0,30000,11000,19000,19000
048070,聯發科元富99購03,0,0,0,0,0,0,0,0,0,19000,0,0,0,39000,20000,19000,19000
059782,A50正2元大9C購04,0,0,0,0,0,0,0,0,0,19000,0,0,0,30000,11000,19000,19000
059662,旭富元大9C購01  ,0,0,0,0,0,0,0,0,0,19000,0,0,0,38000,19000,19000,19000
058782,臺股指國票99購01,0,0,0,0,0,0,0,0,0,19000,0,0,0,60000,41000,19000,19000
058874,聯鈞國票9A購01  ,0,0,0,0,0,0,0,0,0,19000,0,0,0,81000,62000,19000,19000
058838,國巨中信99購03  ,0,0,0,0,0,0,0,0,0,19000,0,0,0,20000,1000,19000,19000
060577,玉晶光中信9A購02,0,0,0,0,0,0,0,0,0,19000,0,0,0,19000,0,19000,19000
061790,中租群益9B購01  ,0,0,0,0,0,0,0,0,0,19000,0,0,0,29000,10000,19000,19000
062111,台勝科國票9B購01,0,0,0,0,0,0,0,0,0,19000,0,0,0,88000,69000,19000,19000
064003,台積電凱基01購03,0,0,0,0,0,0,0,0,0,19000,0,0,0,19000,0,19000,19000
064508,力成元大9C購03  ,0,0,0,0,0,0,0,0,0,19000,0,0,0,104000,85000,19000,19000
064376,美律元富9C購01  ,0,0,0,0,0,0,0,0,0,19000,0,0,0,145000,126000,19000,19000
064849,大立光元富9C購06,0,0,0,0,0,0,0,0,0,19000,0,0,0,20000,1000,19000,19000
062958,長榮航麥證9B購01,0,0,0,35000,16000,19000,0,0,0,19000,0,0,0,35000,16000,19000,19000
063031,鴻海凱基9C購01  ,0,0,0,0,0,0,0,0,0,19000,0,0,0,61000,42000,19000,19000
063286,嘉澤元大9B購04  ,0,0,0,0,0,0,0,0,0,19000,0,0,0,68000,49000,19000,19000
063240,聯發科元大9B購17,0,0,0,0,0,0,0,0,0,19000,0,0,0,24000,5000,19000,19000
063521,國巨凱基03購01  ,0,0,0,0,0,0,0,0,0,19000,0,0,0,21000,2000,19000,19000
063542,泰鼎元富9B購02  ,0,0,0,0,0,0,0,0,0,19000,0,0,0,24000,5000,19000,19000
062180,瑞昱元大9B購03  ,0,0,0,0,0,0,0,0,0,19000,0,0,0,31000,12000,19000,19000
2427,三商電          ,18000,0,18000,0,0,0,0,0,0,0,0,0,0,0,0,0,18000
08222P,南六凱基9B售05  ,0,0,0,0,0,0,0,0,0,18000,0,0,0,21000,3000,18000,18000
08417P,聯發科元大9C售12,0,0,0,0,0,0,0,0,0,18000,0,0,0,18000,0,18000,18000
1110,東泥            ,18000,0,18000,0,0,0,0,0,0,0,0,0,0,0,0,0,18000
08526P,義隆元大9C售04  ,0,0,0,0,0,0,0,0,0,18000,0,0,0,47000,29000,18000,18000
08478P,臺股指凱基9C售16,0,0,0,0,0,0,0,0,0,18000,0,0,0,25000,7000,18000,18000
07209P,台積電凱基9A售10,0,0,0,0,0,0,0,0,0,18000,0,0,0,18000,0,18000,18000
07374P,鴻海元大99售41  ,0,0,0,0,0,0,0,0,0,18000,0,0,0,18000,0,18000,18000
054377,臺股指中信99購09,0,0,0,0,0,0,0,0,0,18000,0,0,0,18000,0,18000,18000
055337,超眾兆豐98購01  ,0,0,0,0,0,0,0,0,0,18000,0,0,0,30000,12000,18000,18000
055598,欣興元大97購03  ,0,0,0,0,0,0,0,0,0,18000,0,0,0,19000,1000,18000,18000
052930,華新科元大97購03,0,0,0,0,0,0,0,0,0,18000,0,0,0,18000,0,18000,18000
051536,玉晶光國票97購01,0,0,0,0,0,0,0,0,0,18000,0,0,0,18000,0,18000,18000
00770,國泰北美科技    ,0,16000,-16000,0,0,0,0,0,0,34000,0,0,0,34000,0,34000,18000
053168,晶技群益98購01  ,0,0,0,0,0,0,0,0,0,18000,0,0,0,18000,0,18000,18000
054556,世芯凱基99購01  ,0,0,0,0,0,0,0,0,0,18000,0,0,0,85000,67000,18000,18000
057578,可成中信99購01  ,0,0,0,0,0,0,0,0,0,18000,0,0,0,76000,58000,18000,18000
057778,大立光群益98購02,0,0,0,0,0,0,0,0,0,18000,0,0,0,18000,0,18000,18000
057260,微星兆豐98購01  ,0,0,0,0,0,0,0,0,0,18000,0,0,0,38000,20000,18000,18000
062046,矽格凱基9B購01  ,0,0,0,0,0,0,0,0,0,18000,0,0,0,93000,75000,18000,18000
061235,台積電元大9A購23,0,0,0,0,0,0,0,0,0,18000,0,0,0,18000,0,18000,18000
058421,國泰金麥證01購01,0,0,0,74000,56000,18000,0,0,0,18000,0,0,0,74000,56000,18000,18000
059951,台塑康和99購01  ,0,0,0,0,0,0,0,0,0,18000,0,0,0,86000,68000,18000,18000
059853,超眾永豐99購03  ,0,0,0,0,0,0,0,0,0,18000,0,0,0,40000,22000,18000,18000
062353,亞德客元大9B購01,0,0,0,0,0,0,0,0,0,18000,0,0,0,68000,50000,18000,18000
06465P,國巨統一98售04  ,0,0,0,0,0,0,0,0,0,18000,0,0,0,38000,20000,18000,18000
064712,聚陽統一02購03  ,0,0,0,0,0,0,0,0,0,18000,0,0,0,78000,60000,18000,18000
064300,英業達兆豐9C購01,0,0,0,0,0,0,0,0,0,18000,0,0,0,58000,40000,18000,18000
06425P,TPK永豐97售02   ,0,0,0,0,0,0,0,0,0,18000,0,0,0,18000,0,18000,18000
064224,玉晶光國票01購04,0,0,0,0,0,0,0,0,0,18000,0,0,0,40000,22000,18000,18000
063758,聯發科統一9B購14,0,0,0,0,0,0,0,0,0,18000,0,0,0,18000,0,18000,18000
3701,大眾控          ,18000,0,18000,0,0,0,0,0,0,0,0,0,0,0,0,0,18000
07754P,日月光元大9A售02,0,0,0,0,0,0,0,0,0,17000,0,0,0,17000,0,17000,17000
064883,GIS兆豐01購01   ,0,0,0,0,0,0,0,0,0,17000,0,0,0,85000,68000,17000,17000
2405,浩鑫            ,19000,2000,17000,0,0,0,0,0,0,0,0,0,0,0,0,0,17000
2881A,富邦特          ,0,11000,-11000,0,0,0,0,0,0,28000,28000,0,28000,0,0,0,17000
061279,鴻海統一9C購04  ,0,0,0,0,0,0,0,0,0,17000,0,0,0,31000,14000,17000,17000
061357,寶成元大9A購01  ,0,0,0,0,0,0,0,0,0,17000,0,0,0,17000,0,17000,17000
056414,國巨中信98購02  ,0,0,0,0,0,0,0,0,0,17000,0,0,0,17000,0,17000,17000
056558,台達電群益98購01,0,0,0,0,0,0,0,0,0,17000,0,0,0,46000,29000,17000,17000
054551,聯發科凱基98購02,0,0,0,0,0,0,0,0,0,17000,0,0,0,25000,8000,17000,17000
054751,GIS凱基98購01   ,0,0,0,0,0,0,0,0,0,17000,0,0,0,39000,22000,17000,17000
05589P,大立光中信9A售01,0,0,0,0,0,0,0,0,0,17000,0,0,0,17000,0,17000,17000
052945,嘉晶國票97購01  ,0,0,0,0,0,0,0,0,0,17000,0,0,0,17000,0,17000,17000
058569,健策凱基9A購01  ,0,0,0,0,0,0,0,0,0,17000,0,0,0,25000,8000,17000,17000
058700,鴻海元大99購15  ,0,0,0,0,0,0,0,0,0,17000,0,0,0,19000,2000,17000,17000
058727,嘉晶富邦9A購01  ,0,0,0,0,0,0,0,0,0,17000,0,0,0,17000,0,17000,17000
059450,和大永豐99購01  ,0,0,0,0,0,0,0,0,0,17000,0,0,0,17000,0,17000,17000
059762,禾伸堂永豐99購02,0,0,0,0,0,0,0,0,0,17000,0,0,0,17000,0,17000,17000
061184,大立光國泰9C購01,0,0,0,0,0,0,0,0,0,17000,0,0,0,33000,16000,17000,17000
060940,國巨國票9B購03  ,0,0,0,0,0,0,0,0,0,17000,0,0,0,30000,13000,17000,17000
062031,臻鼎群益9B購01  ,0,0,0,0,0,0,0,0,0,17000,0,0,0,120000,103000,17000,17000
061978,旺宏元大9C購01  ,0,0,0,0,0,0,0,0,0,17000,0,0,0,50000,33000,17000,17000
061907,裕隆中信9B購01  ,0,0,0,0,0,0,0,0,0,17000,0,0,0,20000,3000,17000,17000
064254,景碩台新9C購02  ,0,0,0,0,0,0,0,0,0,17000,0,0,0,17000,0,17000,17000
064204,瑞儀兆豐01購01  ,0,0,0,0,0,0,0,0,0,17000,0,0,0,85000,68000,17000,17000
06437P,玉晶光國票99售01,0,0,0,0,0,0,0,0,0,17000,0,0,0,27000,10000,17000,17000
06447P,上銀元大98售01  ,0,0,0,0,0,0,0,0,0,17000,0,0,0,17000,0,17000,17000
063587,漢唐永豐9B購02  ,0,0,0,0,0,0,0,0,0,17000,0,0,0,17000,0,17000,17000
063184,台光電凱基9B購03,0,0,0,0,0,0,0,0,0,17000,0,0,0,17000,0,17000,17000
4999,鑫禾            ,17000,0,17000,0,0,0,0,0,0,0,0,0,0,0,0,0,17000
2704,國賓            ,57000,41000,16000,0,0,0,0,0,0,0,0,0,0,0,0,0,16000
2468,華經            ,15000,8000,7000,0,0,0,0,0,0,9000,9000,0,9000,0,0,0,16000
2486,一詮            ,23000,7000,16000,0,0,0,0,0,0,0,0,0,0,0,0,0,16000
08498P,大立光國票01售02,0,0,0,0,0,0,0,0,0,16000,0,0,0,16000,0,16000,16000
1419,新紡            ,17000,2000,15000,0,0,0,0,0,0,1000,1000,0,1000,0,0,0,16000
08077P,亞德客國票9B售02,0,0,0,0,0,0,0,0,0,16000,0,0,0,40000,24000,16000,16000
07341P,台積電凱基99售18,0,0,0,0,0,0,0,0,0,16000,0,0,0,50000,34000,16000,16000
06645P,上銀元大98售05  ,0,0,0,0,0,0,0,0,0,16000,0,0,0,16000,0,16000,16000
055931,冠德群益97購02  ,0,0,0,0,0,0,0,0,0,16000,0,0,0,16000,0,16000,16000
056242,緯創群益9A購01  ,0,0,0,0,0,0,0,0,0,16000,0,0,0,24000,8000,16000,16000
054937,國巨元大97購03  ,0,0,0,0,0,0,0,0,0,16000,0,0,0,16000,0,16000,16000
055060,聯陽永豐97購01  ,0,0,0,0,0,0,0,0,0,16000,0,0,0,16000,0,16000,16000
057059,易華電元大99購01,0,0,0,0,0,0,0,0,0,16000,0,0,0,58000,42000,16000,16000
061651,世紀鋼元大9C購02,0,0,0,0,0,0,0,0,0,16000,0,0,0,16000,0,16000,16000
056894,佳世達元大99購01,0,0,0,0,0,0,0,0,0,16000,0,0,0,443000,427000,16000,16000
056880,緯穎國票98購02  ,0,0,0,0,0,0,0,0,0,16000,0,0,0,79000,63000,16000,16000
062252,華邦電元大9C購01,0,0,0,0,0,0,0,0,0,16000,0,0,0,16000,0,16000,16000
061856,台郡國票9B購02  ,0,0,0,0,0,0,0,0,0,16000,0,0,0,31000,15000,16000,16000
059297,大立光元富9C購01,30000,0,30000,0,0,0,0,0,0,-14000,0,0,0,134000,148000,-14000,16000
060785,國巨富邦9B購04  ,0,0,0,0,0,0,0,0,0,16000,0,0,0,16000,0,16000,16000
061607,台表科凱基9B購02,0,0,0,0,0,0,0,0,0,16000,0,0,0,113000,97000,16000,16000
063136,智邦統一9B購02  ,0,0,0,0,0,0,0,0,0,16000,0,0,0,46000,30000,16000,16000
063533,緯穎凱基9B購06  ,0,0,0,0,0,0,0,0,0,16000,0,0,0,35000,19000,16000,16000
063408,茂林國票9C購02  ,0,0,0,0,0,0,0,0,0,16000,0,0,0,21000,5000,16000,16000
063419,聯發科凱基03購01,0,0,0,0,0,0,0,0,0,16000,0,0,0,25000,9000,16000,16000
062384,聯詠國泰9C購01  ,0,0,0,0,0,0,0,0,0,16000,0,0,0,35000,19000,16000,16000
062150,南六國票9B購01  ,0,0,0,0,0,0,0,0,0,16000,0,0,0,16000,0,16000,16000
062183,奇鋐元大9B購01  ,0,0,0,0,0,0,0,0,0,16000,0,0,0,116000,100000,16000,16000
064617,台光電元大01購01,0,0,0,0,0,0,0,0,0,16000,0,0,0,50000,34000,16000,16000
064802,台積電元大01購04,0,0,0,0,0,0,0,0,0,16000,0,0,0,212000,196000,16000,16000
064016,南六國票01購01  ,0,0,0,0,0,0,0,0,0,16000,0,0,0,16000,0,16000,16000
063635,漢唐元大9B購04  ,0,0,0,0,0,0,0,0,0,16000,0,0,0,17000,1000,16000,16000
063827,國巨國票02購01  ,0,0,0,0,0,0,0,0,0,16000,0,0,0,51000,35000,16000,16000
063870,健策永豐01購01  ,0,0,0,0,0,0,0,0,0,16000,0,0,0,84000,68000,16000,16000
063885,南六元富9C購01  ,0,0,0,0,0,0,0,0,0,16000,0,0,0,30000,14000,16000,16000
4916,事欣科          ,24000,8000,16000,0,0,0,0,0,0,0,0,0,0,0,0,0,16000
06806P,臺股指群益98售12,0,0,0,0,0,0,0,0,0,15000,0,0,0,15000,0,15000,15000
06841P,臺股指統一9A售02,0,0,0,0,0,0,0,0,0,15000,0,0,0,15000,0,15000,15000
07006P,旺宏統一9B售03  ,0,0,0,0,0,0,0,0,0,15000,0,0,0,15000,0,15000,15000
07370P,南亞科凱基99售08,0,0,0,0,0,0,0,0,0,15000,0,0,0,25000,10000,15000,15000
07245P,台積電凱基99售16,0,0,0,0,0,0,0,0,0,15000,0,0,0,18000,3000,15000,15000
07758P,台積電國票9A售06,0,0,0,0,0,0,0,0,0,15000,0,0,0,19000,4000,15000,15000
064984,同欣電元大9C購06,0,0,0,0,0,0,0,0,0,15000,0,0,0,68000,53000,15000,15000
065213,南六國票01購03  ,0,0,0,0,0,0,0,0,0,15000,0,0,0,15000,0,15000,15000
065384,南電元大9C購07  ,0,0,0,0,0,0,0,0,0,15000,0,0,0,15000,0,15000,15000
07888P,大立光國票9B售01,0,0,0,0,0,0,0,0,0,15000,0,0,0,49000,34000,15000,15000
08545P,南電國泰01售02  ,0,0,0,0,0,0,0,0,0,15000,0,0,0,15000,0,15000,15000
08359P,緯創元大9C售02  ,0,0,0,0,0,0,0,0,0,15000,0,0,0,28000,13000,15000,15000
2022,聚亨            ,23000,0,23000,0,0,0,0,0,0,-8000,0,8000,-8000,0,0,0,15000
2028,威致            ,15000,0,15000,0,0,0,0,0,0,0,0,0,0,0,0,0,15000
1587,吉茂            ,19000,4000,15000,0,0,0,0,0,0,0,0,0,0,0,0,0,15000
056911,緯穎元大99購01  ,0,0,0,0,0,0,0,0,0,15000,0,0,0,175000,160000,15000,15000
057872,旺宏元大99購06  ,0,0,0,0,0,0,0,0,0,15000,0,0,0,15000,0,15000,15000
057308,同欣電兆豐99購01,0,0,0,0,0,0,0,0,0,15000,0,0,0,15000,0,15000,15000
057314,全新麥證98購01  ,0,0,0,15000,0,15000,0,0,0,15000,0,0,0,15000,0,15000,15000
061620,禾伸堂群益9A購02,0,0,0,0,0,0,0,0,0,15000,0,0,0,15000,0,15000,15000
061363,儒鴻國票9B購01  ,0,0,0,0,0,0,0,0,0,15000,0,0,0,23000,8000,15000,15000
061266,國泰金凱基9B購01,0,0,0,0,0,0,0,0,0,15000,0,0,0,89000,74000,15000,15000
057161,亞德客元大98購02,0,0,0,0,0,0,0,0,0,15000,0,0,0,105000,90000,15000,15000
057795,鴻海兆豐99購02  ,0,0,0,0,0,0,0,0,0,15000,0,0,0,15000,0,15000,15000
056721,台灣50永昌9A購01,0,0,0,0,0,0,0,0,0,15000,0,0,0,15000,0,15000,15000
057566,欣興富邦99購01  ,0,0,0,0,0,0,0,0,0,15000,0,0,0,15000,0,15000,15000
056177,嘉澤元富97購01  ,0,0,0,0,0,0,0,0,0,15000,0,0,0,15000,0,15000,15000
056352,鴻海元大99購01  ,0,0,0,0,0,0,0,0,0,15000,0,0,0,76000,61000,15000,15000
055008,隆達元富97購01  ,0,0,0,0,0,0,0,0,0,15000,0,0,0,15000,0,15000,15000
055085,大毅國票97購01  ,0,0,0,0,0,0,0,0,0,15000,0,0,0,15000,0,15000,15000
053485,矽創國票97購04  ,0,0,0,0,0,0,0,0,0,15000,0,0,0,15000,0,15000,15000
054769,創意國票98購01  ,0,0,0,0,0,0,0,0,0,15000,0,0,0,15000,0,15000,15000
056233,超眾凱基97購02  ,0,0,0,0,0,0,0,0,0,15000,0,0,0,15000,0,15000,15000
057478,智邦元大99購01  ,0,0,0,0,0,0,0,0,0,15000,0,0,0,15000,0,15000,15000
055919,景碩凱基98購02  ,0,0,0,0,0,0,0,0,0,15000,0,0,0,15000,0,15000,15000
055884,臺股指元富97購01,0,0,0,0,0,0,0,0,0,15000,0,0,0,15000,0,15000,15000
052981,鴻海元大97購05  ,0,0,0,0,0,0,0,0,0,15000,0,0,0,15000,0,15000,15000
053063,力山群益98購01  ,0,0,0,0,0,0,0,0,0,15000,0,0,0,17000,2000,15000,15000
052775,滬深2X國票99購02,0,0,0,0,0,0,0,0,0,15000,0,0,0,50000,35000,15000,15000
051227,技嘉群益97購01  ,0,0,0,0,0,0,0,0,0,15000,0,0,0,15000,0,15000,15000
052681,T50反1元大98購02,0,0,0,0,0,0,0,0,0,15000,0,0,0,48000,33000,15000,15000
050633,義隆群益96購02  ,0,0,0,0,0,0,0,0,0,15000,0,0,0,15000,0,15000,15000
058616,台虹元大9A購01  ,0,0,0,0,0,0,0,0,0,15000,0,0,0,15000,0,15000,15000
059885,台積電國票99購12,0,0,0,0,0,0,0,0,0,15000,0,0,0,16000,1000,15000,15000
060300,佐登國泰9B購01  ,0,0,0,0,0,0,0,0,0,15000,0,0,0,15000,0,15000,15000
059370,玉晶光元富99購02,0,0,0,0,0,0,0,0,0,15000,0,0,0,15000,0,15000,15000
06038P,國泰金台新96售01,0,0,0,0,0,0,0,0,0,15000,0,0,0,15000,0,15000,15000
060915,旭富元大9A購01  ,0,0,0,0,0,0,0,0,0,15000,0,0,0,55000,40000,15000,15000
058910,泰鼎元大99購03  ,0,0,0,0,0,0,0,0,0,15000,0,0,0,15000,0,15000,15000
06037P,超眾國票98售02  ,0,0,0,0,0,0,0,0,0,15000,0,0,0,65000,50000,15000,15000
061797,聯發科永豐9B購01,0,0,0,0,0,0,0,0,0,15000,0,0,0,15000,0,15000,15000
061781,台積電群益9C購01,0,0,0,0,0,0,0,0,0,15000,0,0,0,15000,0,15000,15000
060524,國巨中信9A購03  ,0,0,0,0,0,0,0,0,0,15000,0,0,0,18000,3000,15000,15000
062281,奇鋐群益9B購01  ,0,0,0,0,0,0,0,0,0,15000,0,0,0,46000,31000,15000,15000
062310,南亞科凱基9B購02,0,0,0,0,0,0,0,0,0,15000,0,0,0,15000,0,15000,15000
061930,臺股指凱基9B購05,0,0,0,0,0,0,0,0,0,15000,0,0,0,20000,5000,15000,15000
062050,亞德客統一9C購01,0,0,0,0,0,0,0,0,0,15000,0,0,0,15000,0,15000,15000
062084,台郡元大9B購04  ,0,0,0,0,0,0,0,0,0,15000,0,0,0,131000,116000,15000,15000
063848,大立光元大9C購09,0,0,0,0,0,0,0,0,0,15000,0,0,0,15000,0,15000,15000
063809,矽創兆豐01購01  ,0,0,0,0,0,0,0,0,0,15000,0,0,0,26000,11000,15000,15000
063743,道瓊反國票9C購02,0,0,0,0,0,0,0,0,0,15000,0,0,0,15000,0,15000,15000
063688,建準永豐9B購03  ,0,0,0,0,0,0,0,0,0,15000,0,0,0,16000,1000,15000,15000
064002,仁寶凱基9C購01  ,0,0,0,0,0,0,0,0,0,15000,0,0,0,15000,0,15000,15000
064030,泰碩元大01購01  ,0,0,0,0,0,0,0,0,0,15000,0,0,0,43000,28000,15000,15000
064214,群創凱基03購01  ,0,0,0,0,0,0,0,0,0,15000,0,0,0,15000,0,15000,15000
064230,上銀統一01購04  ,0,0,0,0,0,0,0,0,0,15000,0,0,0,15000,0,15000,15000
064645,義隆凱基03購01  ,0,0,0,0,0,0,0,0,0,15000,0,0,0,164000,149000,15000,15000
064266,聯茂永豐9C購01  ,0,0,0,0,0,0,0,0,0,15000,0,0,0,15000,0,15000,15000
062142,喬山國票9B購01  ,0,0,0,0,0,0,0,0,0,15000,0,0,0,18000,3000,15000,15000
062542,南電國泰9C購01  ,0,0,0,0,0,0,0,0,0,15000,0,0,0,62000,47000,15000,15000
062439,聯發科元大9B購10,0,0,0,0,0,0,0,0,0,15000,0,0,0,15000,0,15000,15000
062946,祥碩國泰9C購02  ,0,0,0,0,0,0,0,0,0,15000,0,0,0,15000,0,15000,15000
062949,聯發科富邦01購01,0,0,0,0,0,0,0,0,0,15000,0,0,0,15000,0,15000,15000
062864,臺股指國票9B購21,0,0,0,0,0,0,0,0,0,15000,0,0,0,26000,11000,15000,15000
06285P,台積電國票98售04,0,0,0,0,0,0,0,0,0,15000,0,0,0,51000,36000,15000,15000
06339P,上銀統一97售06  ,0,0,0,0,0,0,0,0,0,15000,0,0,0,15000,0,15000,15000
063515,香港2X凱基01購01,0,0,0,0,0,0,0,0,0,15000,0,0,0,20000,5000,15000,15000
06307P,聚陽元富97售02  ,0,0,0,0,0,0,0,0,0,15000,0,0,0,15000,0,15000,15000
3686,達能            ,15000,0,15000,0,0,0,0,0,0,0,0,0,0,0,0,0,15000
4148,全宇生技-KY     ,120000,105000,15000,0,0,0,0,0,0,0,0,0,0,0,0,0,15000
9911,櫻花            ,119000,104000,15000,0,0,0,0,0,0,0,6000,6000,0,0,0,0,15000
9926,新海            ,15000,0,15000,0,0,0,0,0,0,0,0,0,0,0,0,0,15000
2420,新巨            ,20000,5000,15000,0,0,0,0,0,0,-1000,0,1000,-1000,0,0,0,14000
2881B,富邦金乙特      ,0,0,0,0,0,0,0,0,0,14000,14000,0,14000,0,0,0,14000
08400P,美律元富9C售02  ,0,0,0,0,0,0,0,0,0,14000,0,0,0,14000,0,14000,14000
08536P,台積電國票9C售08,0,0,0,0,0,0,0,0,0,14000,0,0,0,16000,2000,14000,14000
08491P,全新元大9C售01  ,0,0,0,0,0,0,0,0,0,14000,0,0,0,14000,0,14000,14000
07954P,台表科元大9B售02,0,0,0,0,0,0,0,0,0,14000,0,0,0,14000,0,14000,14000
065363,國巨元大01購04  ,0,0,0,0,0,0,0,0,0,14000,0,0,0,133000,119000,14000,14000
064938,華新科元富9C購01,0,0,0,0,0,0,0,0,0,14000,0,0,0,28000,14000,14000,14000
07641P,上銀凱基9A售05  ,0,0,0,0,0,0,0,0,0,14000,0,0,0,15000,1000,14000,14000
06901P,亞德客凱基98售02,0,0,0,0,0,0,0,0,0,14000,0,0,0,15000,1000,14000,14000
06689P,鴻海中信9C售02  ,0,0,0,0,0,0,0,0,0,14000,0,0,0,84000,70000,14000,14000
047211,華新科富邦99購01,0,0,0,0,0,0,0,0,0,14000,0,0,0,15000,1000,14000,14000
0053,元大電子        ,0,0,0,0,0,0,0,0,0,14000,0,0,0,18000,4000,14000,14000
053627,宏碁兆豐97購01  ,0,0,0,0,0,0,0,0,0,14000,0,0,0,14000,0,14000,14000
056164,聯茂凱基98購03  ,0,0,0,0,0,0,0,0,0,14000,0,0,0,14000,0,14000,14000
056569,T50正2元大9B購02,0,0,0,0,0,0,0,0,0,14000,0,0,0,14000,0,14000,14000
056978,技嘉群益99購01  ,0,0,0,0,0,0,0,0,0,14000,0,0,0,17000,3000,14000,14000
057196,茂林台新98購01  ,0,0,0,0,0,0,0,0,0,14000,0,0,0,30000,16000,14000,14000
056905,欣興元大98購03  ,0,0,0,0,0,0,0,0,0,14000,0,0,0,110000,96000,14000,14000
061984,華新科元大9B購05,0,0,0,0,0,0,0,0,0,14000,0,0,0,14000,0,14000,14000
061973,上銀元大9B購01  ,0,0,0,0,0,0,0,0,0,14000,0,0,0,28000,14000,14000,14000
062290,聯發科富邦9C購04,0,0,0,0,0,0,0,0,0,14000,0,0,0,14000,0,14000,14000
062235,億光凱基9B購01  ,0,0,0,0,0,0,0,0,0,14000,0,0,0,14000,0,14000,14000
062128,祥碩統一01購01  ,0,0,0,0,0,0,0,0,0,14000,0,0,0,83000,69000,14000,14000
062088,緯穎元大9B購04  ,0,0,0,0,0,0,0,0,0,14000,0,0,0,104000,90000,14000,14000
059146,貿聯國票9A購02  ,0,0,0,0,0,0,0,0,0,14000,0,0,0,14000,0,14000,14000
060352,滬深2X元富9A購02,0,0,0,0,0,0,0,0,0,14000,0,0,0,14000,0,14000,14000
060878,奇力新中信9C購01,0,0,0,0,0,0,0,0,0,14000,0,0,0,34000,20000,14000,14000
059673,玉山金元富99購01,0,0,0,0,0,0,0,0,0,14000,0,0,0,21000,7000,14000,14000
058642,旺宏麥證9A購01  ,0,0,0,14000,0,14000,0,0,0,14000,0,0,0,14000,0,14000,14000
062149,牧德國票9B購01  ,0,0,0,0,0,0,0,0,0,14000,0,0,0,37000,23000,14000,14000
062161,南六凱基9C購01  ,0,0,0,0,0,0,0,0,0,14000,0,0,0,75000,61000,14000,14000
064546,燿華凱基02購01  ,0,0,0,0,0,0,0,0,0,14000,0,0,0,30000,16000,14000,14000
064644,台光電凱基9C購01,0,0,0,0,0,0,0,0,0,14000,0,0,0,68000,54000,14000,14000
064637,元金2X凱基01購02,0,0,0,0,0,0,0,0,0,14000,0,0,0,14000,0,14000,14000
064654,元金2X元大9C購03,0,0,0,0,0,0,0,0,0,14000,0,0,0,41000,27000,14000,14000
064202,景碩兆豐9C購01  ,0,0,0,0,0,0,0,0,0,14000,0,0,0,60000,46000,14000,14000
6477,安集            ,29000,15000,14000,0,0,0,0,0,0,0,0,0,0,0,0,0,14000
5007,三星            ,16000,2000,14000,0,0,0,0,0,0,0,0,0,0,0,0,0,14000
07714P,世紀鋼元大9A售03,0,0,0,0,0,0,0,0,0,13000,0,0,0,13000,0,13000,13000
065198,玉晶光元富06購01,0,0,0,0,0,0,0,0,0,13000,0,0,0,336000,323000,13000,13000
06592P,欣興元大98售04  ,0,0,0,0,0,0,0,0,0,13000,0,0,0,31000,18000,13000,13000
08205P,智邦凱基9B售03  ,0,0,0,0,0,0,0,0,0,13000,0,0,0,106000,93000,13000,13000
1104,環泥            ,28000,15000,13000,0,0,0,0,0,0,0,0,0,0,0,0,0,13000
08427P,義隆國票9C售01  ,0,0,0,0,0,0,0,0,0,13000,0,0,0,13000,0,13000,13000
08369P,鴻海凱基01售04  ,0,0,0,0,0,0,0,0,0,13000,0,0,0,33000,20000,13000,13000
2642,宅配通          ,24000,11000,13000,0,0,0,0,0,0,0,0,0,0,0,0,0,13000
3167,大量            ,15000,1000,14000,0,0,0,0,1000,-1000,0,0,0,0,0,0,0,13000
2032,新鋼            ,13000,0,13000,0,0,0,0,0,0,0,0,0,0,0,0,0,13000
1438,裕豐            ,14000,1000,13000,0,0,0,0,0,0,0,0,0,0,0,0,0,13000
1441,大東            ,13000,0,13000,0,0,0,0,0,0,0,0,0,0,0,0,0,13000
05709P,大立光國票97售01,0,0,0,0,0,0,0,0,0,13000,0,0,0,28000,15000,13000,13000
056477,欣興元大98購02  ,0,0,0,0,0,0,0,0,0,13000,0,0,0,13000,0,13000,13000
056408,奇鋐國票99購01  ,0,0,0,0,0,0,0,0,0,13000,0,0,0,13000,0,13000,13000
055811,國巨國票98購05  ,0,0,0,0,0,0,0,0,0,13000,0,0,0,73000,60000,13000,13000
047689,瑞昱富邦97購01  ,0,0,0,0,0,0,0,0,0,13000,0,0,0,13000,0,13000,13000
050797,聯發科中信99購01,0,0,0,0,0,0,0,0,0,13000,0,0,0,13000,0,13000,13000
059763,華擎永豐99購03  ,0,0,0,0,0,0,0,0,0,13000,0,0,0,35000,22000,13000,13000
060907,金像電元大9A購02,0,0,0,0,0,0,0,0,0,13000,0,0,0,26000,13000,13000,13000
059252,聯詠凱基99購03  ,0,0,0,0,0,0,0,0,0,13000,0,0,0,13000,0,13000,13000
060468,聯鈞元大9A購02  ,0,0,0,0,0,0,0,0,0,13000,0,0,0,99000,86000,13000,13000
064188,玉晶光永豐9C購02,0,0,0,0,0,0,0,0,0,13000,0,0,0,252000,239000,13000,13000
063733,聯發科元大9B購27,0,0,0,0,0,0,0,0,0,13000,0,0,0,16000,3000,13000,13000
063826,中興電國票01購01,0,0,0,0,0,0,0,0,0,13000,0,0,0,13000,0,13000,13000
064869,景碩永豐9C購01  ,0,0,0,0,0,0,0,0,0,13000,0,0,0,68000,55000,13000,13000
064828,聯發科統一01購06,0,0,0,0,0,0,0,0,0,13000,0,0,0,69000,56000,13000,13000
062471,國泰金凱基9B購02,0,0,0,0,0,0,0,0,0,13000,0,0,0,21000,8000,13000,13000
062575,景碩群益9B購01  ,0,0,0,0,0,0,0,0,0,13000,0,0,0,159000,146000,13000,13000
063235,台積電元大9B購06,0,0,0,0,0,0,0,0,0,13000,0,0,0,13000,0,13000,13000
063578,瑞祺元大9B購03  ,0,0,0,0,0,0,0,0,0,13000,0,0,0,302000,289000,13000,13000
063293,億豐元大9B購01  ,0,0,0,0,0,0,0,0,0,13000,0,0,0,20000,7000,13000,13000
9905,大華            ,19000,6000,13000,0,0,0,0,0,0,0,0,0,0,0,0,0,13000
2302,麗正            ,12000,0,12000,0,0,0,0,0,0,0,0,0,0,0,0,0,12000
3296,勝德            ,12000,0,12000,0,0,0,0,0,0,0,0,0,0,0,0,0,12000
08123P,台表科國票9C售01,0,0,0,0,0,0,0,0,0,12000,0,0,0,12000,0,12000,12000
08051P,臺股指國票9B售16,0,0,0,0,0,0,0,0,0,12000,0,0,0,12000,0,12000,12000
06599P,宏達電永豐98售02,0,0,0,0,0,0,0,0,0,12000,0,0,0,12000,0,12000,12000
065502,康友富邦03購01  ,0,0,0,0,0,0,0,0,0,12000,0,0,0,42000,30000,12000,12000
065199,華擎元富03購01  ,0,0,0,0,0,0,0,0,0,12000,0,0,0,12000,0,12000,12000
064904,茂林群益9C購02  ,0,0,0,0,0,0,0,0,0,12000,0,0,0,72000,60000,12000,12000
06940P,旺宏永豐98售05  ,0,0,0,0,0,0,0,0,0,12000,0,0,0,12000,0,12000,12000
07055P,景碩群益9A售02  ,0,0,0,0,0,0,0,0,0,12000,0,0,0,35000,23000,12000,12000
07183P,臺股指凱基99售25,0,0,0,0,0,0,0,0,0,12000,0,0,0,60000,48000,12000,12000
051152,鴻海國泰97購01  ,0,0,0,0,0,0,0,0,0,12000,0,0,0,12000,0,12000,12000
055604,訊芯元大98購02  ,0,0,0,0,0,0,0,0,0,12000,0,0,0,12000,0,12000,12000
055708,茂林永豐97購02  ,0,0,0,0,0,0,0,0,0,12000,0,0,0,12000,0,12000,12000
055333,晶豪科兆豐97購01,0,0,0,0,0,0,0,0,0,12000,0,0,0,12000,0,12000,12000
055349,京元電凱基97購02,0,0,0,0,0,0,0,0,0,12000,0,0,0,12000,0,12000,12000
055304,瑞昱第一98購01  ,0,0,0,0,0,0,0,0,0,12000,0,0,0,12000,0,12000,12000
052744,聯詠元大97購01  ,0,0,0,0,0,0,0,0,0,12000,0,0,0,12000,0,12000,12000
053027,玉晶光富邦98購01,0,0,0,0,0,0,0,0,0,12000,0,0,0,12000,0,12000,12000
051970,元黃金凱基98購01,0,0,0,0,0,0,0,0,0,12000,0,0,0,12000,0,12000,12000
054061,晶技國票97購03  ,0,0,0,0,0,0,0,0,0,12000,0,0,0,12000,0,12000,12000
054908,群電康和97購01  ,0,0,0,0,0,0,0,0,0,12000,0,0,0,12000,0,12000,12000
056763,國巨元大99購02  ,0,0,0,0,0,0,0,0,0,12000,0,0,0,96000,84000,12000,12000
061442,玉晶光永豐9A購07,0,0,0,0,0,0,0,0,0,12000,0,0,0,16000,4000,12000,12000
059065,南電凱基9A購01  ,0,0,0,0,0,0,0,0,0,12000,0,0,0,12000,0,12000,12000
059085,鴻海元大99購25  ,0,0,0,0,0,0,0,0,0,12000,0,0,0,24000,12000,12000,12000
060308,劍麟永豐9A購01  ,0,0,0,0,0,0,0,0,0,12000,0,0,0,22000,10000,12000,12000
058956,健策國票9A購02  ,0,0,0,0,0,0,0,0,0,12000,0,0,0,14000,2000,12000,12000
062007,台光電國泰9C購01,0,0,0,0,0,0,0,0,0,12000,0,0,0,19000,7000,12000,12000
059354,臺指反富邦9B購01,0,0,0,0,0,0,0,0,0,12000,0,0,0,12000,0,12000,12000
060077,台積電台新9B購01,0,0,0,0,0,0,0,0,0,12000,0,0,0,12000,0,12000,12000
058591,台灣50統一9B購02,0,0,0,0,0,0,0,0,0,12000,0,0,0,12000,0,12000,12000
061698,智邦國票9A購04  ,0,0,0,0,0,0,0,0,0,12000,0,0,0,12000,0,12000,12000
061066,嘉晶凱基9B購01  ,0,0,0,0,0,0,0,0,0,12000,0,0,0,18000,6000,12000,12000
063152,健策元富9C購01  ,0,0,0,0,0,0,0,0,0,12000,0,0,0,12000,0,12000,12000
062763,華擎凱基9C購02  ,0,0,0,0,0,0,0,0,0,12000,0,0,0,30000,18000,12000,12000
062752,世芯中信9B購01  ,0,0,0,0,0,0,0,0,0,12000,0,0,0,12000,0,12000,12000
062401,信邦永豐9B購01  ,0,0,0,0,0,0,0,0,0,12000,0,0,0,270000,258000,12000,12000
064309,聯發科群益9C購07,0,0,0,0,0,0,0,0,0,12000,0,0,0,12000,0,12000,12000
6235,華孚            ,43000,31000,12000,0,0,0,0,0,0,0,0,0,0,0,0,0,12000
6189,豐藝            ,13000,1000,12000,0,0,0,0,0,0,0,0,0,0,0,0,0,12000
4958,臻鼎-KY         ,2963000,3572133,-609133,0,0,0,650000,9000,641000,-20000,142000,165000,-23000,27000,24000,3000,11867
4536,拓凱            ,51077,83000,-31923,0,0,0,33000,0,33000,10000,17000,7000,10000,0,0,0,11077
07763P,嘉澤永豐9A售02  ,0,0,0,0,0,0,0,0,0,11000,0,0,0,11000,0,11000,11000
065009,勤誠國票01購01  ,0,0,0,0,0,0,0,0,0,11000,0,0,0,11000,0,11000,11000
065135,和大凱基01購01  ,0,0,0,0,0,0,0,0,0,11000,0,0,0,11000,0,11000,11000
065281,和大群益01購02  ,0,0,0,0,0,0,0,0,0,11000,0,0,0,11000,0,11000,11000
06528P,台積電富邦99售03,0,0,0,0,0,0,0,0,0,11000,0,0,0,11000,0,11000,11000
07955P,大成鋼群益9B售02,0,0,0,0,0,0,0,0,0,11000,0,0,0,26000,15000,11000,11000
07944P,華新科元大9B售08,0,0,0,0,0,0,0,0,0,11000,0,0,0,74000,63000,11000,11000
08150P,立積國票9C售01  ,0,0,0,0,0,0,0,0,0,11000,0,0,0,16000,5000,11000,11000
08270P,鴻海富邦9C售02  ,0,0,0,0,0,0,0,0,0,11000,0,0,0,11000,0,11000,11000
3027,盛達            ,18000,7000,11000,0,0,0,0,0,0,0,0,0,0,0,0,0,11000
2305,全友            ,13000,2000,11000,0,0,0,0,0,0,0,0,0,0,0,0,0,11000
061512,國巨永豐9A購04  ,0,0,0,0,0,0,0,0,0,11000,0,0,0,17000,6000,11000,11000
061307,和潤永豐9A購02  ,0,0,0,0,0,0,0,0,0,11000,0,0,0,11000,0,11000,11000
061628,緯穎群益9A購04  ,0,0,0,0,0,0,0,0,0,11000,0,0,0,67000,56000,11000,11000
057715,聯發科統一99購03,0,0,0,0,0,0,0,0,0,11000,0,0,0,11000,0,11000,11000
057123,上銀凱基98購05  ,0,0,0,0,0,0,0,0,0,11000,0,0,0,11000,0,11000,11000
056665,上証2X國票99購02,0,0,0,0,0,0,0,0,0,11000,0,0,0,11000,0,11000,11000
054760,台化國票9A購01  ,0,0,0,0,0,0,0,0,0,11000,0,0,0,11000,0,11000,11000
053449,超眾凱基98購01  ,0,0,0,0,0,0,0,0,0,11000,0,0,0,47000,36000,11000,11000
055122,國巨兆豐98購01  ,0,0,0,0,0,0,0,0,0,11000,0,0,0,11000,0,11000,11000
057467,祥碩永豐98購04  ,0,0,0,0,0,0,0,0,0,11000,0,0,0,11000,0,11000,11000
057501,超眾群益98購04  ,0,0,0,0,0,0,0,0,0,11000,0,0,0,29000,18000,11000,11000
057493,聯詠元大98購02  ,0,0,0,0,0,0,0,0,0,11000,0,0,0,63000,52000,11000,11000
057494,玉晶光元大99購09,0,0,0,0,0,0,0,0,0,11000,0,0,0,26000,15000,11000,11000
055996,矽力國泰99購01  ,0,0,0,0,0,0,0,0,0,11000,0,0,0,11000,0,11000,11000
051577,台積電元大97購03,0,0,0,0,0,0,0,0,0,11000,0,0,0,14000,3000,11000,11000
055695,大毅國票98購03  ,0,0,0,0,0,0,0,0,0,11000,0,0,0,11000,0,11000,11000
055594,華新科元大98購02,0,0,0,0,0,0,0,0,0,11000,0,0,0,11000,0,11000,11000
055481,聚陽元大97購01  ,0,0,0,0,0,0,0,0,0,11000,0,0,0,100000,89000,11000,11000
03686C,臺股指元大04牛05,0,0,0,0,0,0,0,0,0,11000,0,0,0,19000,8000,11000,11000
058322,玉晶光永豐99購02,0,0,0,0,0,0,0,0,0,11000,0,0,0,11000,0,11000,11000
058794,旺宏元大99購09  ,0,0,0,0,0,0,0,0,0,11000,0,0,0,15000,4000,11000,11000
059348,日月光凱基99購01,0,0,0,0,0,0,0,0,0,11000,0,0,0,12000,1000,11000,11000
059716,鴻海元大99購35  ,0,0,0,0,0,0,0,0,0,11000,0,0,0,24000,13000,11000,11000
06076P,大立光凱基98售03,0,0,0,0,0,0,0,0,0,11000,0,0,0,11000,0,11000,11000
060672,鴻海元大9A購14  ,0,0,0,0,0,0,0,0,0,11000,0,0,0,11000,0,11000,11000
062027,國泰金群益9B購01,0,0,0,0,0,0,0,0,0,11000,0,0,0,34000,23000,11000,11000
062066,元黃金元大9B購01,0,0,0,0,0,0,0,0,0,11000,0,0,0,11000,0,11000,11000
061945,華通群益9B購04  ,0,0,0,0,0,0,0,0,0,11000,0,0,0,11000,0,11000,11000
060630,國巨富邦9C購03  ,0,0,0,0,0,0,0,0,0,11000,0,0,0,12000,1000,11000,11000
060608,玉晶光凱基9A購08,0,0,0,0,0,0,0,0,0,11000,0,0,0,15000,4000,11000,11000
060560,欣興國泰9C購01  ,0,0,0,0,0,0,0,0,0,11000,0,0,0,13000,2000,11000,11000
064363,聯發科統一9C購14,0,0,0,0,0,0,0,0,0,11000,0,0,0,55000,44000,11000,11000
063779,華邦電永豐9B購01,0,0,0,0,0,0,0,0,0,11000,0,0,0,63000,52000,11000,11000
063659,世紀鋼元富9B購01,0,0,0,0,0,0,0,0,0,11000,0,0,0,11000,0,11000,11000
062445,大立光元大9C購02,0,0,0,0,0,0,0,0,0,11000,0,0,0,11000,0,11000,11000
062765,祥碩凱基9B購04  ,0,0,0,0,0,0,0,0,0,11000,0,0,0,13000,2000,11000,11000
062784,世芯元大9B購01  ,0,0,0,0,0,0,0,0,0,11000,0,0,0,11000,0,11000,11000
062890,祥碩群益9B購04  ,0,0,0,0,0,0,0,0,0,11000,0,0,0,11000,0,11000,11000
062589,友達統一9C購03  ,0,0,0,0,0,0,0,0,0,11000,0,0,0,16000,5000,11000,11000
063231,台泥元大9B購01  ,0,0,0,0,0,0,0,0,0,11000,0,0,0,72000,61000,11000,11000
063291,緯穎元大01購01  ,0,0,0,0,0,0,0,0,0,11000,0,0,0,22000,11000,11000,11000
063256,鴻海國泰01購02  ,0,0,0,0,0,0,0,0,0,11000,0,0,0,88000,77000,11000,11000
4545,銘鈺            ,25000,14000,11000,0,0,0,0,0,0,0,0,0,0,0,0,0,11000
8201,無敵            ,17000,6000,11000,0,0,0,0,0,0,0,0,0,0,0,0,0,11000
8374,羅昇            ,12000,1000,11000,0,0,0,0,0,0,0,0,0,0,0,0,0,11000
2413,環科            ,11000,1000,10000,0,0,0,0,0,0,0,0,0,0,0,0,0,10000
2380,虹光            ,10000,0,10000,0,0,0,0,0,0,0,0,0,0,0,0,0,10000
1541,錩泰            ,26000,16000,10000,0,0,0,0,0,0,0,0,0,0,0,0,0,10000
2748,雲品            ,22000,12000,10000,0,0,0,0,0,0,0,0,0,0,0,0,0,10000
08426P,奇力新國票01售01,0,0,0,0,0,0,0,0,0,10000,0,0,0,10000,0,10000,10000
08395P,燿華永豐9C售02  ,0,0,0,0,0,0,0,0,0,10000,0,0,0,10000,0,10000,10000
08407P,臺股指元大9C售13,0,0,0,0,0,0,0,0,0,10000,0,0,0,10000,0,10000,10000
08239P,南六永豐9B售03  ,0,0,0,0,0,0,0,0,0,10000,0,0,0,10000,0,10000,10000
07918P,玉晶光永豐9B售04,0,0,0,0,0,0,0,0,0,10000,0,0,0,10000,0,10000,10000
08028P,臺股指元大9B售30,0,0,0,0,0,0,0,0,0,10000,0,0,0,20000,10000,10000,10000
07995P,臺股指麥證9C售01,0,0,0,10000,0,10000,0,0,0,10000,0,0,0,10000,0,10000,10000
065226,華通凱基01購01  ,0,0,0,0,0,0,0,0,0,10000,0,0,0,10000,0,10000,10000
065383,南電元大01購02  ,0,0,0,0,0,0,0,0,0,10000,0,0,0,10000,0,10000,10000
06556P,臺股指元大99售08,0,0,0,0,0,0,0,0,0,10000,0,0,0,10000,0,10000,10000
06603P,立積統一99售01  ,0,0,0,0,0,0,0,0,0,10000,0,0,0,37000,27000,10000,10000
065408,華通永豐9C購02  ,0,0,0,0,0,0,0,0,0,10000,0,0,0,10000,0,10000,10000
065428,旺宏凱基03購01  ,0,0,0,0,0,0,0,0,0,10000,0,0,0,10000,0,10000,10000
065116,臺股指國票9C購13,0,0,0,0,0,0,0,0,0,10000,0,0,0,26000,16000,10000,10000
065125,奇力新永豐9C購01,0,0,0,0,0,0,0,0,0,10000,0,0,0,10000,0,10000,10000
064916,玉山金統一02購01,0,0,0,0,0,0,0,0,0,10000,0,0,0,192000,182000,10000,10000
064912,國巨統一01購09  ,0,0,0,0,0,0,0,0,0,10000,0,0,0,14000,4000,10000,10000
06487P,聯發科統一99售02,0,0,0,0,0,0,0,0,0,10000,0,0,0,40000,30000,10000,10000
07760P,力山永豐9A售03  ,0,0,0,0,0,0,0,0,0,10000,0,0,0,10000,0,10000,10000
07842P,力成元大9A售01  ,0,0,0,0,0,0,0,0,0,10000,0,0,0,10000,0,10000,10000
07691P,宏達電元大9A售05,0,0,0,0,0,0,0,0,0,10000,0,0,0,10000,0,10000,10000
07554P,玉晶光元大9A售06,0,0,0,0,0,0,0,0,0,10000,0,0,0,10000,0,10000,10000
07618P,大立光中信9A售06,0,0,0,0,0,0,0,0,0,10000,0,0,0,10000,0,10000,10000
07281P,鴻海凱基99售13  ,0,0,0,0,0,0,0,0,0,10000,0,0,0,10000,0,10000,10000
07346P,FBVIX群益99售04 ,0,0,0,0,0,0,0,0,0,10000,0,0,0,10000,0,10000,10000
07291P,臺股指凱基99售43,0,0,0,0,0,0,0,0,0,10000,0,0,0,10000,0,10000,10000
07294P,滬深2X元富9C售08,0,0,0,0,0,0,0,0,0,10000,0,0,0,10000,0,10000,10000
07456P,華新科元大9A售06,0,0,0,0,0,0,0,0,0,10000,0,0,0,10000,0,10000,10000
07169P,臺股指國票99售06,0,0,0,0,0,0,0,0,0,10000,0,0,0,10000,0,10000,10000
06651P,華新科元大99售09,0,0,0,0,0,0,0,0,0,10000,0,0,0,10000,0,10000,10000
06761P,台積電元大99售05,0,0,0,0,0,0,0,0,0,10000,0,0,0,25000,15000,10000,10000
046385,群創凱基98購03  ,0,0,0,0,0,0,0,0,0,10000,0,0,0,10000,0,10000,10000
05545P,台表科國泰98售01,0,0,0,0,0,0,0,0,0,10000,0,0,0,10000,0,10000,10000
055507,樺漢元大98購02  ,0,0,0,0,0,0,0,0,0,10000,0,0,0,10000,0,10000,10000
049893,日月光富邦98購01,0,0,0,0,0,0,0,0,0,10000,0,0,0,10000,0,10000,10000
055627,亞德客永豐97購02,0,0,0,0,0,0,0,0,0,10000,0,0,0,10000,0,10000,10000
055693,南茂凱基97購01  ,0,0,0,0,0,0,0,0,0,10000,0,0,0,10000,0,10000,10000
055668,欣興群益97購01  ,0,0,0,0,0,0,0,0,0,10000,0,0,0,10000,0,10000,10000
055318,華通國票98購01  ,0,0,0,0,0,0,0,0,0,10000,0,0,0,20000,10000,10000,10000
052791,友達兆豐97購01  ,0,0,0,0,0,0,0,0,0,10000,0,0,0,20000,10000,10000,10000
052594,友訊群益98購01  ,0,0,0,0,0,0,0,0,0,10000,0,0,0,10000,0,10000,10000
052705,超眾國票97購01  ,0,0,0,0,0,0,0,0,0,10000,0,0,0,10000,0,10000,10000
052927,友達元大98購02  ,0,0,0,0,0,0,0,0,0,10000,0,0,0,10000,0,10000,10000
052942,聯發科中信97購04,0,0,0,0,0,0,0,0,0,10000,0,0,0,10000,0,10000,10000
052978,貿聯麥證97購01  ,0,0,0,10000,0,10000,0,0,0,10000,0,0,0,10000,0,10000,10000
03429B,臺股指元富97熊07,0,0,0,0,0,0,0,0,0,10000,0,0,0,10000,0,10000,10000
0054,元大台商50      ,0,0,0,0,0,0,0,0,0,10000,0,0,0,13000,3000,10000,10000
052326,滬深反中信99購01,0,0,0,0,0,0,0,0,0,10000,0,0,0,10000,0,10000,10000
056023,晶豪科群益97購01,0,0,0,0,0,0,0,0,0,10000,0,0,0,10000,0,10000,10000
056137,聯鈞元大9A購01  ,0,0,0,0,0,0,0,0,0,10000,0,0,0,10000,0,10000,10000
056044,同欣電凱基97購03,0,0,0,0,0,0,0,0,0,10000,0,0,0,10000,0,10000,10000
056101,光磊永豐98購01  ,0,0,0,0,0,0,0,0,0,10000,0,0,0,70000,60000,10000,10000
057499,奇鋐群益98購01  ,0,0,0,0,0,0,0,0,0,10000,0,0,0,10000,0,10000,10000
057505,健策麥證98購01  ,0,0,0,10000,0,10000,0,0,0,10000,0,0,0,10000,0,10000,10000
055852,聯鈞元大98購01  ,0,0,0,0,0,0,0,0,0,10000,0,0,0,10000,0,10000,10000
053677,同欣電國泰97購01,0,0,0,0,0,0,0,0,0,10000,0,0,0,10000,0,10000,10000
053945,國巨富邦98購02  ,0,0,0,0,0,0,0,0,0,10000,0,0,0,10000,0,10000,10000
055124,建準兆豐97購01  ,0,0,0,0,0,0,0,0,0,10000,0,0,0,20000,10000,10000,10000
055109,正崴凱基98購01  ,0,0,0,0,0,0,0,0,0,10000,0,0,0,10000,0,10000,10000
054976,上証2X元富9A購01,0,0,0,0,0,0,0,0,0,10000,0,0,0,10000,0,10000,10000
053232,友達永豐97購02  ,0,0,0,0,0,0,0,0,0,10000,0,0,0,10000,0,10000,10000
053257,華通富邦97購01  ,0,0,0,0,0,0,0,0,0,10000,0,0,0,10000,0,10000,10000
055163,訊芯元大98購01  ,0,0,0,0,0,0,0,0,0,10000,0,0,0,10000,0,10000,10000
055216,友達凱基98購05  ,0,0,0,0,0,0,0,0,0,10000,0,0,0,10000,0,10000,10000
053528,南電中信9A購01  ,0,0,0,0,0,0,0,0,0,10000,0,0,0,53000,43000,10000,10000
053411,深中小國票9B購01,0,0,0,0,0,0,0,0,0,10000,0,0,0,10000,0,10000,10000
053403,彩晶群益98購01  ,0,0,0,0,0,0,0,0,0,10000,0,0,0,10000,0,10000,10000
054202,樺漢富邦97購01  ,0,0,0,0,0,0,0,0,0,10000,0,0,0,10000,0,10000,10000
054159,T50正2凱基99購01,0,0,0,0,0,0,0,0,0,10000,0,0,0,10000,0,10000,10000
054739,義隆凱基98購02  ,0,0,0,0,0,0,0,0,0,10000,0,0,0,82000,72000,10000,10000
054851,樺漢兆豐97購01  ,0,589000,-589000,0,0,0,0,0,0,599000,0,0,0,599000,0,599000,10000
054929,群電凱基97購01  ,0,0,0,0,0,0,0,0,0,10000,0,0,0,10000,0,10000,10000
054602,聯詠台新97購01  ,0,0,0,0,0,0,0,0,0,10000,0,0,0,10000,0,10000,10000
056624,景碩永豐98購01  ,0,0,0,0,0,0,0,0,0,10000,0,0,0,20000,10000,10000,10000
056555,矽創凱基98購01  ,0,0,0,0,0,0,0,0,0,10000,0,0,0,20000,10000,10000,10000
056445,聯發科凱基98購07,0,0,0,0,0,0,0,0,0,10000,0,0,0,10000,0,10000,10000
056151,建準凱基97購01  ,0,0,0,0,0,0,0,0,0,10000,0,0,0,10000,0,10000,10000
057133,京鼎凱基98購02  ,0,0,0,0,0,0,0,0,0,10000,0,0,0,40000,30000,10000,10000
057100,國巨中信9A購02  ,0,0,0,0,0,0,0,0,0,10000,0,0,0,10000,0,10000,10000
057809,英業達元大98購01,0,0,0,0,0,0,0,0,0,10000,0,0,0,10000,0,10000,10000
057806,國巨元大98購20  ,0,0,0,0,0,0,0,0,0,10000,0,0,0,10000,0,10000,10000
057052,華擎元大98購01  ,0,0,0,0,0,0,0,0,0,10000,0,0,0,10000,0,10000,10000
057077,國巨統一98購06  ,0,0,0,0,0,0,0,0,0,10000,0,0,0,10000,0,10000,10000
057741,超眾富邦98購01  ,0,0,0,0,0,0,0,0,0,10000,0,0,0,10000,0,10000,10000
056683,台積電統一98購05,0,0,0,0,0,0,0,0,0,10000,0,0,0,10000,0,10000,10000
056762,亞德客元大98購01,0,0,0,0,0,0,0,0,0,10000,0,0,0,10000,0,10000,10000
056741,大立光凱基98購14,0,0,0,0,0,0,0,0,0,10000,0,0,0,10000,0,10000,10000
056734,國巨凱基99購01  ,0,0,0,0,0,0,0,0,0,10000,0,0,0,10000,0,10000,10000
056836,國巨元富98購01  ,0,0,0,0,0,0,0,0,0,10000,0,0,0,10000,0,10000,10000
056810,群創統一9A購01  ,0,0,0,0,0,0,0,0,0,10000,0,0,0,110000,100000,10000,10000
061662,瑞儀永豐9A購02  ,0,0,0,0,0,0,0,0,0,10000,0,0,0,20000,10000,10000,10000
061674,聯發科元大9A購12,0,0,0,0,0,0,0,0,0,10000,0,0,0,10000,0,10000,10000
061310,華新科麥證9A購01,0,0,0,10000,0,10000,0,0,0,10000,0,0,0,10000,0,10000,10000
061344,禾伸堂元大9A購02,0,0,0,0,0,0,0,0,0,10000,0,0,0,41000,31000,10000,10000
061346,玉晶光元大9B購03,0,0,0,0,0,0,0,0,0,10000,0,0,0,10000,0,10000,10000
061257,上銀凱基9A購06  ,0,0,0,0,0,0,0,0,0,10000,0,0,0,10000,0,10000,10000
057871,國巨元大99購09  ,0,0,0,0,0,0,0,0,0,10000,0,0,0,10000,0,10000,10000
057447,智邦元富02購01  ,0,0,0,0,0,0,0,0,0,10000,0,0,0,61000,51000,10000,10000
05720P,可成中信98售01  ,0,0,0,0,0,0,0,0,0,10000,0,0,0,10000,0,10000,10000
057272,台積電元大98購14,0,0,0,0,0,0,0,0,0,10000,0,0,0,10000,0,10000,10000
05730P,臺股指凱基97售03,0,0,0,0,0,0,0,0,0,10000,0,0,0,10000,0,10000,10000
057415,和碩日盛98購01  ,0,0,0,0,0,0,0,0,0,10000,0,0,0,10000,0,10000,10000
060427,聯茂永豐9A購01  ,0,0,0,0,0,0,0,0,0,10000,0,0,0,10000,0,10000,10000
060435,鈺齊永豐9A購01  ,0,0,0,0,0,0,0,0,0,10000,0,0,0,21000,11000,10000,10000
060436,巨大永豐9A購01  ,0,0,0,0,0,0,0,0,0,10000,0,0,0,10000,0,10000,10000
060618,玉晶光元大9A購02,0,0,0,0,0,0,0,0,0,10000,0,0,0,38000,28000,10000,10000
060585,玉晶光元富9A購02,0,0,0,0,0,0,0,0,0,10000,0,0,0,10000,0,10000,10000
060600,台積電凱基9C購01,0,0,0,0,0,0,0,0,0,10000,0,0,0,10000,0,10000,10000
059115,美食永豐99購01  ,0,0,0,0,0,0,0,0,0,10000,0,0,0,10000,0,10000,10000
061196,世芯永豐9A購06  ,0,0,0,0,0,0,0,0,0,10000,0,0,0,10000,0,10000,10000
061206,旺宏元大9A購12  ,0,0,0,0,0,0,0,0,0,10000,0,0,0,10000,0,10000,10000
059028,嘉聯益台新99購02,0,0,0,0,0,0,0,0,0,10000,0,0,0,10000,0,10000,10000
059266,緯創中信01購01  ,0,0,0,0,0,0,0,0,0,10000,0,0,0,10000,0,10000,10000
059291,華新科元富9B購01,0,0,0,0,0,0,0,0,0,10000,0,0,0,20000,10000,10000,10000
060388,世紀鋼凱基9B購01,0,0,0,0,0,0,0,0,0,10000,0,0,0,10000,0,10000,10000
059307,T50反1元大99購06,0,0,0,0,0,0,0,0,0,10000,0,0,0,10000,0,10000,10000
060418,中橡永豐9A購01  ,0,0,0,0,0,0,0,0,0,10000,0,0,0,10000,0,10000,10000
058937,仁寶中信99購01  ,0,0,0,0,0,0,0,0,0,10000,0,0,0,30000,20000,10000,10000
060337,FBVIX統一9A購01 ,0,0,0,0,0,0,0,0,0,10000,0,0,0,10000,0,10000,10000
058027,鴻海富邦98購04  ,0,0,0,0,0,0,0,0,0,10000,0,0,0,10000,0,10000,10000
058033,景碩永豐98購02  ,0,0,0,0,0,0,0,0,0,10000,0,0,0,10000,0,10000,10000
060894,奇力新凱基9A購03,0,0,0,0,0,0,0,0,0,10000,0,0,0,10000,0,10000,10000
058908,貿聯元大99購03  ,0,0,0,0,0,0,0,0,0,10000,0,0,0,13000,3000,10000,10000
05889P,群創元大98售02  ,0,0,0,0,0,0,0,0,0,10000,0,0,0,30000,20000,10000,10000
058868,元油2X國票99購06,0,0,0,0,0,0,0,0,0,10000,0,0,0,10000,0,10000,10000
058883,旭富永豐99購01  ,0,0,0,0,0,0,0,0,0,10000,0,0,0,10000,0,10000,10000
058837,SGBR2X中信9C購01,0,0,0,0,0,0,0,0,0,10000,0,0,0,10000,0,10000,10000
061952,臺股指群益9B購01,0,0,0,0,0,0,0,0,0,10000,0,0,0,10000,0,10000,10000
061983,華新科元大9B購04,0,0,0,0,0,0,0,0,0,10000,0,0,0,10000,0,10000,10000
061965,台積電統一02購02,0,0,0,0,0,0,0,0,0,10000,0,0,0,10000,0,10000,10000
061916,元金2X凱基02購01,0,0,0,0,0,0,0,0,0,10000,0,0,0,10000,0,10000,10000
062311,奇力新凱基9B購01,0,0,0,0,0,0,0,0,0,10000,0,0,0,10000,0,10000,10000
059168,奇力新凱基99購05,0,0,0,0,0,0,0,0,0,10000,0,0,0,10000,0,10000,10000
060473,中租元大9A購03  ,0,0,0,0,0,0,0,0,0,10000,0,0,0,10000,0,10000,10000
059197,可成永豐99購02  ,0,0,0,0,0,0,0,0,0,10000,0,0,0,10000,0,10000,10000
058119,華新亞東99購01  ,0,0,0,0,0,0,0,0,0,10000,0,0,0,10000,0,10000,10000
058172,國巨凱基9B購02  ,0,0,0,0,0,0,0,0,0,10000,0,0,0,10000,0,10000,10000
058169,國巨凱基9A購05  ,0,0,0,0,0,0,0,0,0,10000,0,0,0,10000,0,10000,10000
058153,景碩統一9B購01  ,0,0,0,0,0,0,0,0,0,10000,0,0,0,10000,0,10000,10000
061774,T50反1國票9B購06,0,0,0,0,0,0,0,0,0,10000,0,0,0,10000,0,10000,10000
061771,玉晶光元大9C購04,0,0,0,0,0,0,0,0,0,10000,0,0,0,71000,61000,10000,10000
061789,群創群益9B購01  ,0,0,0,0,0,0,0,0,0,10000,0,0,0,10000,0,10000,10000
061848,國巨國票9B購07  ,0,0,0,0,0,0,0,0,0,10000,0,0,0,28000,18000,10000,10000
06186P,鴻海統一97售02  ,0,0,0,0,0,0,0,0,0,10000,0,0,0,10000,0,10000,10000
060701,玉晶光國泰9C購01,0,0,0,0,0,0,0,0,0,10000,0,0,0,10000,0,10000,10000
060658,台灣50凱基01購04,0,0,0,0,0,0,0,0,0,10000,0,0,0,15000,5000,10000,10000
060775,世芯凱基9A購02  ,0,0,0,0,0,0,0,0,0,10000,0,0,0,10000,0,10000,10000
060761,南亞科元大9A購05,0,0,0,0,0,0,0,0,0,10000,0,0,0,20000,10000,10000,10000
060818,上銀統一9C購01  ,0,0,0,0,0,0,0,0,0,10000,0,0,0,10000,0,10000,10000
059807,大立光元富99購09,10000,10000,0,0,0,0,0,0,0,10000,0,0,0,24000,14000,10000,10000
059705,華新科凱基9A購07,0,0,0,0,0,0,0,0,0,10000,0,0,0,10000,0,10000,10000
059642,健策凱基99購04  ,0,0,0,0,0,0,0,0,0,10000,0,0,0,13000,3000,10000,10000
059625,國巨凱基99購17  ,0,0,0,0,0,0,0,0,0,10000,0,0,0,10000,0,10000,10000
059572,華新科凱基99購08,0,0,0,0,0,0,0,0,0,10000,0,0,0,10000,0,10000,10000
058800,健策元大99購03  ,0,0,0,0,0,0,0,0,0,10000,0,0,0,31000,21000,10000,10000
060085,華通元大99購10  ,0,0,0,0,0,0,0,0,0,10000,0,0,0,10000,0,10000,10000
059341,台積電凱基99購15,0,0,0,0,0,0,0,0,0,10000,0,0,0,10000,0,10000,10000
059345,禾伸堂凱基99購03,0,0,0,0,0,0,0,0,0,10000,0,0,0,10000,0,10000,10000
059346,新日興凱基99購03,0,0,0,0,0,0,0,0,0,10000,0,0,0,10000,0,10000,10000
060218,台積電凱基9A購15,0,0,0,0,0,0,0,0,0,10000,0,0,0,10000,0,10000,10000
060011,臺股指群益9C購06,0,0,0,0,0,0,0,0,0,10000,0,0,0,10000,0,10000,10000
058473,上銀凱基9A購03  ,0,0,0,0,0,0,0,0,0,10000,0,0,0,10000,0,10000,10000
061083,京元電兆豐9A購01,0,0,0,0,0,0,0,0,0,10000,0,0,0,50000,40000,10000,10000
059938,凱美永豐99購01  ,0,0,0,0,0,0,0,0,0,10000,0,0,0,10000,0,10000,10000
061697,世紀鋼群益9A購03,0,0,0,0,0,0,0,0,0,10000,0,0,0,10000,0,10000,10000
058571,緯穎凱基9A購02  ,0,0,0,0,0,0,0,0,0,10000,0,0,0,21000,11000,10000,10000
058612,健策元大99購02  ,0,0,0,0,0,0,0,0,0,10000,0,0,0,34000,24000,10000,10000
059886,可成國票99購04  ,0,0,0,0,0,0,0,0,0,10000,0,0,0,24000,14000,10000,10000
059887,華新科國票99購02,0,0,0,0,0,0,0,0,0,10000,0,0,0,10000,0,10000,10000
059913,台積電元大99購44,0,0,0,0,0,0,0,0,0,10000,0,0,0,10000,0,10000,10000
059921,大立光元大99購24,0,0,0,0,0,0,0,0,0,10000,0,0,0,68000,58000,10000,10000
061008,群創兆豐9A購02  ,0,0,0,0,0,0,0,0,0,10000,0,0,0,10000,0,10000,10000
059847,喬山永豐99購01  ,0,0,0,0,0,0,0,0,0,10000,0,0,0,10000,0,10000,10000
058536,群創統一9B購01  ,0,0,0,0,0,0,0,0,0,10000,0,0,0,10000,0,10000,10000
058507,美律元大9A購01  ,0,0,0,0,0,0,0,0,0,10000,0,0,0,137000,127000,10000,10000
063232,裕隆元大9B購01  ,0,0,0,0,0,0,0,0,0,10000,0,0,0,10000,0,10000,10000
063115,台積電麥證9B購02,0,0,0,10000,0,10000,0,0,0,10000,0,0,0,10000,0,10000,10000
063028,巨大元大9B購02  ,0,0,0,0,0,0,0,0,0,10000,0,0,0,14000,4000,10000,10000
062964,FBVIX元富9B購01 ,0,0,0,0,0,0,0,0,0,10000,0,0,0,10000,0,10000,10000
062951,鴻海永豐9B購02  ,0,0,0,0,0,0,0,0,0,10000,0,0,0,10000,0,10000,10000
063325,SP黃豆國票9C購02,0,0,0,0,0,0,0,0,0,10000,0,0,0,10000,0,10000,10000
063377,泰鼎永豐9B購03  ,0,0,0,0,0,0,0,0,0,10000,0,0,0,10000,0,10000,10000
063428,矽創凱基9B購02  ,0,0,0,0,0,0,0,0,0,10000,0,0,0,20000,10000,10000,10000
063604,群創凱基01購02  ,0,0,0,0,0,0,0,0,0,10000,0,0,0,10000,0,10000,10000
063553,同欣電國票9B購03,0,0,0,0,0,0,0,0,0,10000,0,0,0,10000,0,10000,10000
063530,同欣電凱基9C購02,0,0,0,0,0,0,0,0,0,10000,0,0,0,42000,32000,10000,10000
062603,台化凱基9B購01  ,0,0,0,0,0,0,0,0,0,10000,0,0,0,65000,55000,10000,10000
062652,上証2X永豐9B購01,0,0,0,0,0,0,0,0,0,10000,0,0,0,10000,0,10000,10000
062734,臺指反國票9C購03,0,0,0,0,0,0,0,0,0,10000,0,0,0,20000,10000,10000,10000
06271P,彩晶凱基97售01  ,0,0,0,0,0,0,0,0,0,10000,0,0,0,20000,10000,10000,10000
062881,緯創兆豐9C購01  ,0,0,0,0,0,0,0,0,0,10000,0,0,0,10000,0,10000,10000
062887,台積電群益9C購05,0,0,0,0,0,0,0,0,0,10000,0,0,0,10000,0,10000,10000
062859,玉晶光國票01購02,0,0,0,0,0,0,0,0,0,10000,0,0,0,10000,0,10000,10000
062851,建準永豐9B購02  ,0,0,0,0,0,0,0,0,0,10000,0,0,0,10000,0,10000,10000
062430,A50正2元大9B購02,0,0,0,0,0,0,0,0,0,10000,0,0,0,10000,0,10000,10000
062389,台表科國泰01購01,0,0,0,0,0,0,0,0,0,10000,0,0,0,10000,0,10000,10000
062372,旭富元大9B購01  ,0,0,0,0,0,0,0,0,0,10000,0,0,0,10000,0,10000,10000
062374,茂林元大9B購03  ,0,0,0,0,0,0,0,0,0,10000,0,0,0,70000,60000,10000,10000
062155,國巨凱基9C購03  ,0,0,0,0,0,0,0,0,0,10000,0,0,0,10000,0,10000,10000
063678,友達國泰9C購01  ,0,0,0,0,0,0,0,0,0,10000,0,0,0,10000,0,10000,10000
063770,台灣50富邦03購01,0,0,0,0,0,0,0,0,0,10000,0,0,0,10000,0,10000,10000
063785,華通中信06購02  ,0,0,0,0,0,0,0,0,0,10000,0,0,0,10000,0,10000,10000
063845,旺宏元大9C購03  ,0,0,0,0,0,0,0,0,0,10000,0,0,0,10000,0,10000,10000
063889,滬深2X群益02購01,0,0,0,0,0,0,0,0,0,10000,0,0,0,10000,0,10000,10000
063893,微星群益9C購01  ,0,0,0,0,0,0,0,0,0,10000,0,0,0,109000,99000,10000,10000
064128,國產元大9C購01  ,0,0,0,0,0,0,0,0,0,10000,0,0,0,10000,0,10000,10000
064185,裕隆永豐9C購01  ,0,0,0,0,0,0,0,0,0,10000,0,0,0,78000,68000,10000,10000
064181,景碩富邦9C購01  ,0,0,0,0,0,0,0,0,0,10000,0,0,0,30000,20000,10000,10000
064178,台郡國泰01購01  ,0,0,0,0,0,0,0,0,0,10000,0,0,0,10000,0,10000,10000
064047,義隆統一02購01  ,0,0,0,0,0,0,0,0,0,10000,0,0,0,10000,0,10000,10000
064017,道瓊反元大9C購03,0,0,0,0,0,0,0,0,0,10000,0,0,0,10000,0,10000,10000
064362,友達統一01購02  ,0,0,0,0,0,0,0,0,0,10000,0,0,0,81000,71000,10000,10000
064404,奇力新凱基02購01,0,0,0,0,0,0,0,0,0,10000,0,0,0,20000,10000,10000,10000
064498,可成元大01購03  ,0,0,0,0,0,0,0,0,0,10000,0,0,0,44000,34000,10000,10000
064491,金像電元大9C購03,0,0,0,0,0,0,0,0,0,10000,0,0,0,55000,45000,10000,10000
064808,國產元大9C購02  ,0,0,0,0,0,0,0,0,0,10000,0,0,0,10000,0,10000,10000
064773,FBVIX群益9C購05 ,0,0,0,0,0,0,0,0,0,10000,0,0,0,10000,0,10000,10000
064729,聯茂統一02購02  ,0,0,0,0,0,0,0,0,0,10000,0,0,0,10000,0,10000,10000
064640,和大凱基03購01  ,0,0,0,0,0,0,0,0,0,10000,0,0,0,40000,30000,10000,10000
06458P,玉晶光統一9A售02,0,0,0,0,0,0,0,0,0,10000,0,0,0,110000,100000,10000,10000
9927,泰銘            ,10000,0,10000,0,0,0,0,0,0,0,0,0,0,0,0,0,10000
06888P,日月光元大98售02,0,0,0,0,0,0,0,0,0,9000,0,0,0,9000,0,9000,9000
065147,寶成凱基01購01  ,0,0,0,0,0,0,0,0,0,9000,0,0,0,9000,0,9000,9000
06622P,牧德元大98售01  ,0,0,0,0,0,0,0,0,0,9000,0,0,0,9000,0,9000,9000
07927P,國巨統一9B售08  ,0,0,0,0,0,0,0,0,0,9000,0,0,0,10000,1000,9000,9000
08368P,台積電兆豐9C售04,0,0,0,0,0,0,0,0,0,9000,0,0,0,10000,1000,9000,9000
1338,廣華-KY         ,16000,7000,9000,0,0,0,0,0,0,0,0,0,0,0,0,0,9000
2722,夏都            ,19000,10000,9000,0,0,0,0,0,0,0,0,0,0,0,0,0,9000
2464,盟立            ,28000,19000,9000,0,0,0,0,0,0,0,0,0,0,0,0,0,9000
2516,新建            ,16000,7000,9000,0,0,0,0,0,0,0,0,0,0,0,0,0,9000
1459,聯發            ,71000,62000,9000,0,0,0,0,0,0,0,0,0,0,0,0,0,9000
057431,京鼎兆豐98購02  ,0,0,0,0,0,0,0,0,0,9000,0,0,0,25000,16000,9000,9000
057399,滬深反群益9C購01,0,0,0,0,0,0,0,0,0,9000,0,0,0,12000,3000,9000,9000
059820,南亞科凱基99購07,0,0,0,0,0,0,0,0,0,9000,0,0,0,9000,0,9000,9000
056715,瀚宇博永豐98購01,0,0,0,0,0,0,0,0,0,9000,0,0,0,25000,16000,9000,9000
054587,玉晶光國泰99購01,0,0,0,0,0,0,0,0,0,9000,0,0,0,9000,0,9000,9000
055197,致新元富97購02  ,0,0,0,0,0,0,0,0,0,9000,0,0,0,49000,40000,9000,9000
055137,GIS富邦98購01   ,0,0,0,0,0,0,0,0,0,9000,0,0,0,9000,0,9000,9000
053805,奇鋐凱基98購02  ,0,0,0,0,0,0,0,0,0,9000,0,0,0,45000,36000,9000,9000
00733,富邦臺灣中小    ,0,0,0,0,0,0,0,0,0,9000,0,0,0,212000,203000,9000,9000
055439,台表科國票98購02,0,0,0,0,0,0,0,0,0,9000,0,0,0,10000,1000,9000,9000
047571,滬深2X群益99購01,0,0,0,0,0,0,0,0,0,9000,0,0,0,9000,0,9000,9000
060992,健策元大9A購05  ,0,0,0,0,0,0,0,0,0,9000,0,0,0,9000,0,9000,9000
058725,美律富邦9A購01  ,0,0,0,0,0,0,0,0,0,9000,0,0,0,9000,0,9000,9000
05875P,旺宏群益98售01  ,0,0,0,0,0,0,0,0,0,9000,0,0,0,9000,0,9000,9000
060123,光罩永豐99購02  ,0,0,0,0,0,0,0,0,0,9000,0,0,0,12000,3000,9000,9000
059492,國巨國票9A購06  ,0,0,0,0,0,0,0,0,0,9000,0,0,0,9000,0,9000,9000
061139,玉晶光統一9C購02,0,0,0,0,0,0,0,0,0,9000,0,0,0,10000,1000,9000,9000
060693,台積電麥證9A購02,0,0,0,9000,0,9000,0,0,0,9000,0,0,0,9000,0,9000,9000
060710,上銀永豐9A購01  ,0,0,0,0,0,0,0,0,0,9000,0,0,0,9000,0,9000,9000
061872,友達元大9C購06  ,0,0,0,0,0,0,0,0,0,9000,0,0,0,44000,35000,9000,9000
059198,華新科永豐99購06,0,0,0,0,0,0,0,0,0,9000,0,0,0,24000,15000,9000,9000
059195,國巨永豐99購04  ,0,0,0,0,0,0,0,0,0,9000,0,0,0,24000,15000,9000,9000
062280,大立光群益9C購01,0,0,0,0,0,0,0,0,0,9000,0,0,0,14000,5000,9000,9000
062057,華邦電統一01購01,0,0,0,0,0,0,0,0,0,9000,0,0,0,9000,0,9000,9000
058875,台表科國票9A購02,0,0,0,0,0,0,0,0,0,9000,0,0,0,9000,0,9000,9000
058950,國巨群益99購06  ,0,0,0,0,0,0,0,0,0,9000,0,0,0,52000,43000,9000,9000
058923,華新科元富99購06,0,0,0,0,0,0,0,0,0,9000,0,0,0,18000,9000,9000,9000
059298,大立光元富9C購02,0,0,0,0,0,0,0,0,0,9000,0,0,0,84000,75000,9000,9000
059292,華新科元富9B購02,0,0,0,0,0,0,0,0,0,9000,0,0,0,20000,11000,9000,9000
064276,聯發科元大9C購07,0,0,0,0,0,0,0,0,0,9000,0,0,0,19000,10000,9000,9000
063961,世紀鋼元大9C購05,0,0,0,0,0,0,0,0,0,9000,0,0,0,9000,0,9000,9000
064011,嘉晶國票9C購01  ,0,0,0,0,0,0,0,0,0,9000,0,0,0,10000,1000,9000,9000
063724,亞德客元大9B購03,0,0,0,0,0,0,0,0,0,9000,0,0,0,10000,1000,9000,9000
062739,嘉晶國票9B購02  ,0,0,0,0,0,0,0,0,0,9000,0,0,0,13000,4000,9000,9000
063564,台積電元大9B購07,0,0,0,0,0,0,0,0,0,9000,0,0,0,13000,4000,9000,9000
063365,義隆富邦01購01  ,0,0,0,0,0,0,0,0,0,9000,0,0,0,9000,0,9000,9000
8463,潤泰材          ,12000,4000,8000,0,0,0,0,0,0,1000,1000,0,1000,0,0,0,9000
5533,皇鼎            ,6000,1000,5000,0,0,0,0,0,0,4000,4000,0,4000,0,0,0,9000
5515,建國            ,17000,8000,9000,0,0,0,0,0,0,0,0,0,0,0,0,0,9000
6128,上福            ,9000,0,9000,0,0,0,0,0,0,0,0,0,0,0,0,0,9000
6133,金橋            ,9000,0,9000,0,0,0,0,0,0,0,0,0,0,0,0,0,9000
6136,富爾特          ,9000,0,9000,0,0,0,0,0,0,0,0,0,0,0,0,0,9000
1590,亞德客-KY       ,348000,198000,150000,0,0,0,5000,139000,-134000,-8000,0,1000,-1000,3000,10000,-7000,8000
2012,春雨            ,8000,0,8000,0,0,0,0,0,0,0,0,0,0,0,0,0,8000
2852,第一保          ,12000,4000,8000,0,0,0,0,0,0,0,0,0,0,0,0,0,8000
2855,統一證          ,176000,168000,8000,0,0,0,0,0,0,0,0,0,0,0,0,0,8000
08411P,技嘉凱基9C售01  ,0,0,0,0,0,0,0,0,0,8000,0,0,0,95000,87000,8000,8000
08386P,臺股指群益9C售14,0,0,0,0,0,0,0,0,0,8000,0,0,0,132000,124000,8000,8000
08425P,世紀鋼元富9C售03,0,0,0,0,0,0,0,0,0,8000,0,0,0,8000,0,8000,8000
08440P,玉晶光國票01售05,0,0,0,0,0,0,0,0,0,8000,0,0,0,10000,2000,8000,8000
065517,緯創群益9C購02  ,0,0,0,0,0,0,0,0,0,8000,0,0,0,32000,24000,8000,8000
06504P,麗豐國票99售02  ,0,0,0,0,0,0,0,0,0,8000,0,0,0,10000,2000,8000,8000
065010,國巨國泰01購04  ,0,0,0,0,0,0,0,0,0,8000,0,0,0,412000,404000,8000,8000
06788P,臺股指元大98售05,0,0,0,0,0,0,0,0,0,8000,0,0,0,8000,0,8000,8000
07361P,聯發科元大99售34,0,0,0,0,0,0,0,0,0,8000,0,0,0,8000,0,8000,8000
044247,道瓊反元富97購01,0,0,0,0,0,0,0,0,0,8000,0,0,0,8000,0,8000,8000
050992,台積電元大97購01,0,0,0,0,0,0,0,0,0,8000,0,0,0,8000,0,8000,8000
055290,玉晶光元大98購08,0,0,0,0,0,0,0,0,0,8000,0,0,0,20000,12000,8000,8000
052437,聯發科富邦99購02,0,0,0,0,0,0,0,0,0,8000,0,0,0,18000,10000,8000,8000
053764,A50正2富邦99購01,0,0,0,0,0,0,0,0,0,8000,0,0,0,8000,0,8000,8000
054158,國巨日盛99購01  ,0,0,0,0,0,0,0,0,0,8000,0,0,0,8000,0,8000,8000
054638,國泰金中信99購01,0,0,0,0,0,0,0,0,0,8000,0,0,0,8000,0,8000,8000
054912,群光凱基97購01  ,0,0,0,0,0,0,0,0,0,8000,0,0,0,8000,0,8000,8000
057646,玉山金元大98購01,0,0,0,0,0,0,0,0,0,8000,0,0,0,58000,50000,8000,8000
057713,美律統一99購01  ,0,0,0,0,0,0,0,0,0,8000,0,0,0,25000,17000,8000,8000
056980,建準群益98購02  ,0,0,0,0,0,0,0,0,0,8000,0,0,0,8000,0,8000,8000
056747,致新凱基99購01  ,0,0,0,0,0,0,0,0,0,8000,0,0,0,10000,2000,8000,8000
056150,台光電凱基98購02,0,0,0,0,0,0,0,0,0,8000,0,0,0,8000,0,8000,8000
057876,隆達元大98購01  ,0,0,0,0,0,0,0,0,0,8000,0,0,0,11000,3000,8000,8000
060941,台積電國票9B購04,0,0,0,0,0,0,0,0,0,8000,0,0,0,8000,0,8000,8000
060874,中鋼中信02購01  ,0,0,0,0,0,0,0,0,0,8000,0,0,0,20000,12000,8000,8000
062312,大立光凱基9B購03,0,0,0,0,0,0,0,0,0,8000,0,0,0,15000,7000,8000,8000
062122,國巨統一02購01  ,0,0,0,0,0,0,0,0,0,8000,0,0,0,50000,42000,8000,8000
060540,南亞凱基9A購01  ,0,0,0,0,0,0,0,0,0,8000,0,0,0,8000,0,8000,8000
061875,華新科元大9B購03,0,0,0,0,0,0,0,0,0,8000,0,0,0,8000,0,8000,8000
061852,大立光國票9B購02,0,0,0,0,0,0,0,0,0,8000,0,0,0,10000,2000,8000,8000
058184,鴻海永豐99購01  ,0,0,0,0,0,0,0,0,0,8000,0,0,0,185000,177000,8000,8000
058196,台塑中信99購01  ,0,0,0,0,0,0,0,0,0,8000,0,0,0,8000,0,8000,8000
060688,世紀鋼元大9C購01,0,0,0,0,0,0,0,0,0,8000,0,0,0,8000,0,8000,8000
061133,玉晶光第一9A購01,0,0,0,0,0,0,0,0,0,8000,0,0,0,8000,0,8000,8000
060227,和大元大9A購01  ,0,0,0,0,0,0,0,0,0,8000,0,0,0,19000,11000,8000,8000
058314,欣興富邦9B購01  ,0,0,0,0,0,0,0,0,0,8000,0,0,0,8000,0,8000,8000
058347,玉晶光群益9B購01,0,0,0,0,0,0,0,0,0,8000,0,0,0,38000,30000,8000,8000
061018,台積電國票9B購05,0,0,0,0,0,0,0,0,0,8000,0,0,0,8000,0,8000,8000
063391,南電兆豐9C購01  ,0,0,0,0,0,0,0,0,0,8000,0,0,0,8000,0,8000,8000
06327P,台積電中信01售01,0,0,0,0,0,0,0,0,0,8000,0,0,0,11000,3000,8000,8000
062623,元金2X國票01購01,0,0,0,0,0,0,0,0,0,8000,0,0,0,10000,2000,8000,8000
062196,聯發科中信01購02,0,0,0,0,0,0,0,0,0,8000,0,0,0,10000,2000,8000,8000
062355,華通元大9B購03  ,0,0,0,0,0,0,0,0,0,8000,0,0,0,39000,31000,8000,8000
064061,GIS麥證01購01   ,0,0,0,18000,10000,8000,0,0,0,8000,0,0,0,18000,10000,8000,8000
064112,宏碁國票01購01  ,0,0,0,0,0,0,0,0,0,8000,0,0,0,46000,38000,8000,8000
064398,聚陽凱基01購01  ,0,0,0,0,0,0,0,0,0,8000,0,0,0,31000,23000,8000,8000
064692,嘉晶群益9C購03  ,0,0,0,0,0,0,0,0,0,8000,0,0,0,48000,40000,8000,8000
4141,龍燈-KY         ,18000,10000,8000,0,0,0,0,0,0,0,0,0,0,0,0,0,8000
8222,寶一            ,4000,1000,3000,0,0,0,0,0,0,5000,5000,0,5000,0,0,0,8000
6449,鈺邦            ,8000,0,8000,0,0,0,0,0,0,0,0,0,0,0,0,0,8000
6591,動力-KY         ,25000,17000,8000,0,0,0,0,0,0,0,0,0,0,0,0,0,8000
6671,三能-KY         ,9000,1000,8000,0,0,0,0,0,0,0,0,0,0,0,0,0,8000
07276P,臺股指群益99售19,0,0,0,0,0,0,0,0,0,7000,0,0,0,10000,3000,7000,7000
06697P,台積電國票99售05,0,0,0,0,0,0,0,0,0,7000,0,0,0,31000,24000,7000,7000
07195P,大立光元大99售12,0,0,0,0,0,0,0,0,0,7000,0,0,0,7000,0,7000,7000
06935P,神達元大98售02  ,0,0,0,0,0,0,0,0,0,7000,0,0,0,12000,5000,7000,7000
06932P,大立光元大98售21,0,0,0,0,0,0,0,0,0,7000,0,0,0,7000,0,7000,7000
064992,玉晶光兆豐01購01,0,0,0,0,0,0,0,0,0,7000,0,0,0,191000,184000,7000,7000
064876,旺宏兆豐9C購01  ,0,0,0,0,0,0,0,0,0,7000,0,0,0,7000,0,7000,7000
065373,聯發科元大01購03,0,0,0,0,0,0,0,0,0,7000,0,0,0,15000,8000,7000,7000
08492P,大立光元大9C售22,0,0,0,0,0,0,0,0,0,7000,0,0,0,71000,64000,7000,7000
2901,欣欣            ,7000,0,7000,0,0,0,0,0,0,0,0,0,0,0,0,0,7000
2611,志信            ,7000,0,7000,0,0,0,0,0,0,0,0,0,0,0,0,0,7000
2465,麗臺            ,11000,4000,7000,0,0,0,0,0,0,0,0,0,0,0,0,0,7000
2483,百容            ,7000,0,7000,0,0,0,0,0,0,0,0,0,0,0,0,0,7000
3050,鈺德            ,13000,6000,7000,0,0,0,0,0,0,0,0,0,0,0,0,0,7000
3058,立德            ,7000,0,7000,0,0,0,0,0,0,0,0,0,0,0,0,0,7000
3266,昇陽            ,7000,0,7000,0,0,0,0,0,0,0,0,0,0,0,0,0,7000
3583,辛耘            ,24000,17000,7000,0,0,0,0,0,0,0,0,0,0,0,0,0,7000
1713,國化            ,7000,0,7000,0,0,0,0,0,0,0,0,0,0,0,0,0,7000
057199,台達電元富02購01,0,0,0,0,0,0,0,0,0,7000,0,0,0,7000,0,7000,7000
061341,華新科元大9A購16,0,0,0,0,0,0,0,0,0,7000,0,0,0,7000,0,7000,7000
061507,南電國票9A購05  ,0,0,0,0,0,0,0,0,0,7000,0,0,0,28000,21000,7000,7000
061499,嘉晶國票9A購03  ,0,0,0,0,0,0,0,0,0,7000,0,0,0,10000,3000,7000,7000
061437,燿華凱基9A購01  ,0,0,0,0,0,0,0,0,0,7000,0,0,0,10000,3000,7000,7000
056662,臺股指元大9A購09,0,0,0,0,0,0,0,0,0,7000,0,0,0,7000,0,7000,7000
056820,欣興永豐98購02  ,0,0,0,0,0,0,0,0,0,7000,0,0,0,22000,15000,7000,7000
057807,友訊元大98購02  ,0,0,0,0,0,0,0,0,0,7000,0,0,0,7000,0,7000,7000
054943,群光元大97購01  ,0,0,0,0,0,0,0,0,0,7000,0,0,0,80000,73000,7000,7000
054735,漢唐凱基98購01  ,0,0,0,0,0,0,0,0,0,7000,0,0,0,39000,32000,7000,7000
055029,帆宣國泰99購01  ,0,0,0,0,0,0,0,0,0,7000,0,0,0,12000,5000,7000,7000
056322,臺股指群益98購01,0,0,0,0,0,0,0,0,0,7000,0,0,0,7000,0,7000,7000
056236,台積電群益97購06,0,0,0,0,0,0,0,0,0,7000,0,0,0,347000,340000,7000,7000
053059,聯發科永昌99購01,0,0,0,0,0,0,0,0,0,7000,0,0,0,7000,0,7000,7000
00866,新光Shiller CAPE,0,0,0,0,0,0,0,0,0,7000,0,0,0,33000,26000,7000,7000
055330,上銀兆豐98購02  ,0,0,0,0,0,0,0,0,0,7000,0,0,0,7000,0,7000,7000
055703,緯穎富邦98購01  ,0,0,0,0,0,0,0,0,0,7000,0,0,0,7000,0,7000,7000
050984,大立光國泰97購01,0,0,0,0,0,0,0,0,0,7000,0,0,0,7000,0,7000,7000
055416,欣興富邦98購01  ,0,0,0,0,0,0,0,0,0,7000,0,0,0,7000,0,7000,7000
047885,元金2X富邦99購01,0,0,0,0,0,0,0,0,0,7000,0,0,0,7000,0,7000,7000
035275,台積電台新97購01,0,0,0,0,0,0,0,0,0,7000,0,0,0,7000,0,7000,7000
061075,亞德客兆豐9A購01,0,0,0,0,0,0,0,0,0,7000,0,0,0,17000,10000,7000,7000
06117P,臺股指日盛97售02,0,0,0,0,0,0,0,0,0,7000,0,0,0,10000,3000,7000,7000
059493,國巨國票9B購01  ,0,0,0,0,0,0,0,0,0,7000,0,0,0,7000,0,7000,7000
059363,超眾永豐99購02  ,0,0,0,0,0,0,0,0,0,7000,0,0,0,10000,3000,7000,7000
059647,超眾凱基99購04  ,0,0,0,0,0,0,0,0,0,7000,0,0,0,32000,25000,7000,7000
058274,世紀鋼永豐99購01,0,0,0,0,0,0,0,0,0,7000,0,0,0,17000,10000,7000,7000
062037,華新凱基9B購01  ,0,0,0,0,0,0,0,0,0,7000,0,0,0,40000,33000,7000,7000
060857,旭富富邦9B購01  ,0,0,0,0,0,0,0,0,0,7000,0,0,0,13000,6000,7000,7000
059257,臺股指凱基99購35,0,0,0,0,0,0,0,0,0,7000,0,0,0,7000,0,7000,7000
059083,華通元大99購07  ,0,0,0,0,0,0,0,0,0,7000,0,0,0,15000,8000,7000,7000
059213,國巨元大99購19  ,0,0,0,0,0,0,0,0,0,7000,0,0,0,7000,0,7000,7000
064706,嘉晶富邦01購01  ,0,0,0,0,0,0,0,0,0,7000,0,0,0,10000,3000,7000,7000
064830,可成統一9C購04  ,0,0,0,0,0,0,0,0,0,7000,0,0,0,31000,24000,7000,7000
064397,旭富永豐9C購01  ,0,0,0,0,0,0,0,0,0,7000,0,0,0,7000,0,7000,7000
062632,嘉晶國票9B購01  ,0,0,0,0,0,0,0,0,0,7000,0,0,0,12000,5000,7000,7000
062644,中環國泰9C購01  ,0,0,0,0,0,0,0,0,0,7000,0,0,0,10000,3000,7000,7000
062785,世芯元大9C購01  ,0,0,0,0,0,0,0,0,0,7000,0,0,0,7000,0,7000,7000
062766,台郡凱基9B購02  ,0,0,0,0,0,0,0,0,0,7000,0,0,0,39000,32000,7000,7000
063241,聯發科元大9B購18,0,0,0,0,0,0,0,0,0,7000,0,0,0,68000,61000,7000,7000
063146,南六統一9B購02  ,0,0,0,0,0,0,0,0,0,7000,0,0,0,102000,95000,7000,7000
063038,富邦金凱基9B購02,0,0,0,0,0,0,0,0,0,7000,0,0,0,113000,106000,7000,7000
063410,南六國票9C購01  ,0,0,0,0,0,0,0,0,0,7000,0,0,0,7000,0,7000,7000
6464,台數科          ,5000,2000,3000,0,0,0,0,0,0,4000,4000,0,4000,0,0,0,7000
8411,福貞-KY         ,9000,2000,7000,0,0,0,0,0,0,0,0,0,0,0,0,0,7000
4190,佐登-KY         ,21000,15000,6000,0,0,0,0,0,0,1000,1000,0,1000,1000,1000,0,7000
1721,三晃            ,11000,5000,6000,0,0,0,0,0,0,0,0,0,0,0,0,0,6000
2399,映泰            ,38000,32000,6000,0,0,0,0,0,0,0,0,0,0,0,0,0,6000
2430,燦坤            ,8000,2000,6000,0,0,0,0,0,0,0,0,0,0,0,0,0,6000
3591,艾笛森          ,6000,0,6000,0,0,0,0,0,0,0,0,0,0,0,0,0,6000
3356,奇偶            ,16000,10000,6000,0,0,0,0,0,0,0,0,0,0,0,0,0,6000
3305,昇貿            ,6000,0,6000,0,0,0,0,0,0,0,0,0,0,0,0,0,6000
3308,聯德            ,6000,0,6000,0,0,0,0,0,0,0,0,0,0,0,0,0,6000
3046,建碁            ,6000,0,6000,0,0,0,0,0,0,0,0,0,0,0,0,0,6000
08015P,可成凱基9B售05  ,0,0,0,0,0,0,0,0,0,6000,0,0,0,66000,60000,6000,6000
06590P,大立光元大98售13,0,0,0,0,0,0,0,0,0,6000,0,0,0,6000,0,6000,6000
065400,華擎群益01購02  ,0,0,0,0,0,0,0,0,0,6000,0,0,0,6000,0,6000,6000
07070P,晶相光元富99售01,0,0,0,0,0,0,0,0,0,6000,0,0,0,9000,3000,6000,6000
06631P,玉晶光群益9A售03,0,0,0,0,0,0,0,0,0,6000,0,0,0,9000,3000,6000,6000
07811P,華新科統一9A售02,0,0,0,0,0,0,0,0,0,6000,0,0,0,6000,0,6000,6000
045053,聯發科元富98購01,0,0,0,0,0,0,0,0,0,6000,0,0,0,6000,0,6000,6000
055764,臺股指群益97購02,0,0,0,0,0,0,0,0,0,6000,0,0,0,6000,0,6000,6000
00682U,元大美元指數    ,0,0,0,0,0,0,0,0,0,6000,0,0,0,25000,19000,6000,6000
052698,深中小國票99購01,0,0,0,0,0,0,0,0,0,6000,0,0,0,6000,0,6000,6000
051382,玉晶光群益98購02,0,0,0,0,0,0,0,0,0,6000,0,0,0,21000,15000,6000,6000
056255,華新科元富97購05,0,0,0,0,0,0,0,0,0,6000,0,0,0,6000,0,6000,6000
056295,國巨元大97購16  ,0,0,0,0,0,0,0,0,0,6000,0,0,0,65000,59000,6000,6000
057470,易華電永豐98購02,0,0,0,0,0,0,0,0,0,6000,0,0,0,26000,20000,6000,6000
054020,技嘉台新97購01  ,0,0,0,0,0,0,0,0,0,6000,0,0,0,6000,0,6000,6000
055834,國巨元大97購13  ,0,0,0,0,0,0,0,0,0,6000,0,0,0,33000,27000,6000,6000
05749P,臺股指群益99售03,0,0,0,0,0,0,0,0,0,6000,0,0,0,35000,29000,6000,6000
054974,台表科元大98購02,0,0,0,0,0,0,0,0,0,6000,0,0,0,6000,0,6000,6000
054842,台達電兆豐98購01,0,0,0,0,0,0,0,0,0,6000,0,0,0,10000,4000,6000,6000
056695,景碩群益99購01  ,0,0,0,0,0,0,0,0,0,6000,0,0,0,6000,0,6000,6000
056670,樺漢國票99購01  ,0,0,0,0,0,0,0,0,0,6000,0,0,0,12000,6000,6000,6000
056429,華通凱基98購02  ,0,0,0,0,0,0,0,0,0,6000,0,0,0,56000,50000,6000,6000
057625,泰鼎國泰9A購01  ,0,0,0,0,0,0,0,0,0,6000,0,0,0,6000,0,6000,6000
061486,國巨兆豐9B購02  ,0,0,0,0,0,0,0,0,0,6000,0,0,0,6000,0,6000,6000
061356,南電元大9A購06  ,0,0,0,0,0,0,0,0,0,6000,0,0,0,16000,10000,6000,6000
057284,新日興元大98購03,0,0,0,0,0,0,0,0,0,6000,0,0,0,6000,0,6000,6000
060399,康友國票9A購02  ,0,0,0,0,0,0,0,0,0,6000,0,0,0,6000,0,6000,6000
058852,貿聯群益99購04  ,0,0,0,0,0,0,0,0,0,6000,0,0,0,6000,0,6000,6000
058833,台表科永豐99購01,0,0,0,0,0,0,0,0,0,6000,0,0,0,6000,0,6000,6000
060947,台積電統一9C購03,0,0,0,0,0,0,0,0,0,6000,0,0,0,6000,0,6000,6000
058085,景碩群益9A購01  ,0,0,0,0,0,0,0,0,0,6000,0,0,0,10000,4000,6000,6000
058242,玉晶光元大9A購01,0,0,0,0,0,0,0,0,0,6000,0,0,0,110000,104000,6000,6000
061858,南電國票9B購02  ,0,0,0,0,0,0,0,0,0,6000,0,0,0,20000,14000,6000,6000
059155,台表科日盛99購01,0,0,0,0,0,0,0,0,0,6000,0,0,0,6000,0,6000,6000
059390,華新科凱基99購05,0,0,0,0,0,0,0,0,0,6000,0,0,0,6000,0,6000,6000
058822,樺漢國泰9B購01  ,0,0,0,0,0,0,0,0,0,6000,0,0,0,11000,5000,6000,6000
060702,玉晶光國泰9C購02,0,0,0,0,0,0,0,0,0,6000,0,0,0,6000,0,6000,6000
060746,玉晶光國票9B購02,0,0,0,0,0,0,0,0,0,6000,0,0,0,6000,0,6000,6000
059771,台積電群益99購11,0,0,0,0,0,0,0,0,0,6000,0,0,0,9000,3000,6000,6000
058720,旭富元富99購01  ,0,0,0,0,0,0,0,0,0,6000,0,0,0,6000,0,6000,6000
059956,玉山金康和99購01,0,0,0,0,0,0,0,0,0,6000,0,0,0,79000,73000,6000,6000
058318,致茂永豐9A購01  ,0,0,0,0,0,0,0,0,0,6000,0,0,0,35000,29000,6000,6000
058470,台灣50日盛9B購02,0,0,0,0,0,0,0,0,0,6000,0,0,0,6000,0,6000,6000
059880,世紀鋼凱基99購02,0,0,0,0,0,0,0,0,0,6000,0,0,0,6000,0,6000,6000
059828,健策凱基99購05  ,0,0,0,0,0,0,0,0,0,6000,0,0,0,10000,4000,6000,6000
063423,聯詠凱基9C購02  ,0,0,0,0,0,0,0,0,0,6000,0,0,0,47000,41000,6000,6000
063535,聯發科統一9B購13,0,0,0,0,0,0,0,0,0,6000,0,0,0,6000,0,6000,6000
063519,聚陽凱基9B購02  ,0,0,0,0,0,0,0,0,0,6000,0,0,0,16000,10000,6000,6000
063107,矽創群益9B購01  ,0,0,0,0,0,0,0,0,0,6000,0,0,0,76000,70000,6000,6000
062645,國巨國泰9B購08  ,0,0,0,0,0,0,0,0,0,6000,0,0,0,73000,67000,6000,6000
064388,緯穎富邦9C購01  ,0,0,0,0,0,0,0,0,0,6000,0,0,0,130000,124000,6000,6000
064638,儒鴻凱基9C購03  ,0,0,0,0,0,0,0,0,0,6000,0,0,0,9000,3000,6000,6000
064634,臺股指元大9C購20,0,0,0,0,0,0,0,0,0,6000,0,0,0,6000,0,6000,6000
06394P,台積電元大97售28,0,0,0,0,0,0,0,0,0,6000,0,0,0,16000,10000,6000,6000
064009,超眾凱基01購01  ,0,0,0,0,0,0,0,0,0,6000,0,0,0,91000,85000,6000,6000
06386P,欣興永豐97售03  ,0,0,0,0,0,0,0,0,0,6000,0,0,0,6000,0,6000,6000
4807,日成-KY         ,4000,1000,3000,0,0,0,0,0,0,3000,3000,0,3000,0,0,0,6000
6152,百一            ,6000,0,6000,0,0,0,0,0,0,0,0,0,0,0,0,0,6000
5305,敦南            ,38000,32000,6000,0,0,0,0,0,0,0,0,0,0,0,0,0,6000
6216,居易            ,7000,1000,6000,0,0,0,0,0,0,0,0,0,0,0,0,0,6000
1436,華友聯          ,8000,2400,5600,0,0,0,0,0,0,0,0,0,0,0,0,0,5600
1439,中和            ,87000,82000,5000,0,0,0,0,0,0,0,0,0,0,0,0,0,5000
1442,名軒            ,21000,16000,5000,0,0,0,0,0,0,0,0,0,0,0,0,0,5000
1589,永冠-KY         ,29000,24000,5000,0,0,0,0,0,0,0,0,0,0,0,0,0,5000
1524,耿鼎            ,3000,1000,2000,0,0,0,0,0,0,3000,3000,0,3000,0,0,0,5000
1535,中宇            ,5000,0,5000,0,0,0,0,0,0,0,0,0,0,0,0,0,5000
1725,元禎            ,5000,0,5000,0,0,0,0,0,0,0,0,0,0,0,0,0,5000
1727,中華化          ,5000,0,5000,0,0,0,0,0,0,0,0,0,0,0,0,0,5000
1616,億泰            ,5000,0,5000,0,0,0,0,0,0,0,0,0,0,0,0,0,5000
1618,合機            ,20000,15000,5000,0,0,0,0,0,0,0,0,0,0,0,0,0,5000
2374,佳能            ,16000,11000,5000,0,0,0,0,0,0,0,0,0,0,0,0,0,5000
2069,運錩            ,5000,0,5000,0,0,0,0,0,0,0,0,0,0,0,0,0,5000
3002,歐格            ,5000,0,5000,0,0,0,0,0,0,0,0,0,0,0,0,0,5000
2460,建通            ,4000,0,4000,0,0,0,0,0,0,1000,1000,0,1000,0,0,0,5000
2482,連宇            ,8000,3000,5000,0,0,0,0,0,0,0,0,0,0,0,0,0,5000
2438,翔耀            ,5000,0,5000,0,0,0,0,0,0,0,0,0,0,0,0,0,5000
2540,愛山林          ,8000,3000,5000,0,0,0,0,0,0,0,0,0,0,0,0,0,5000
07971P,臺股指元大9B售29,0,0,0,0,0,0,0,0,0,5000,0,0,0,5000,0,5000,5000
07975P,國巨元大9B售15  ,0,0,0,0,0,0,0,0,0,5000,0,0,0,5000,0,5000,5000
07898P,國巨國泰9C售02  ,0,0,0,0,0,0,0,0,0,5000,0,0,0,10000,5000,5000,5000
07865P,可成元大9B售02  ,0,0,0,0,0,0,0,0,0,5000,0,0,0,105000,100000,5000,5000
08489P,臺股指群益9C售20,0,0,0,0,0,0,0,0,0,5000,0,0,0,5000,0,5000,5000
1413,宏洲            ,18000,13000,5000,0,0,0,0,0,0,0,0,0,0,0,0,0,5000
08442P,臺股指麥證01售01,0,0,0,5000,0,5000,0,0,0,5000,0,0,0,5000,0,5000,5000
08378P,世紀鋼元富9C售02,0,0,0,0,0,0,0,0,0,5000,0,0,0,5000,0,5000,5000
07586P,FBVIX台新9A售01 ,0,0,0,0,0,0,0,0,0,5000,0,0,0,5000,0,5000,5000
07529P,國巨凱基9A售11  ,0,0,0,0,0,0,0,0,0,5000,0,0,0,15000,10000,5000,5000
07444P,聯發科凱基9A售10,0,0,0,0,0,0,0,0,0,5000,0,0,0,6000,1000,5000,5000
07391P,台灣50國泰02售01,0,0,0,0,0,0,0,0,0,5000,0,0,0,5000,0,5000,5000
06691P,臺股指群益9C售05,0,0,0,0,0,0,0,0,0,5000,0,0,0,5000,0,5000,5000
06956P,國巨日盛99售04  ,0,0,0,0,0,0,0,0,0,5000,0,0,0,5000,0,5000,5000
06931P,大立光元大98售20,0,0,0,0,0,0,0,0,0,5000,0,0,0,5000,0,5000,5000
07115P,T50反1日盛9C售02,0,0,0,0,0,0,0,0,0,5000,0,0,0,5000,0,5000,5000
065254,大成鋼元大9C購01,0,0,0,0,0,0,0,0,0,5000,0,0,0,55000,50000,5000,5000
06492P,上銀永豐98售01  ,0,0,0,0,0,0,0,0,0,5000,0,0,0,55000,50000,5000,5000
065005,台光電國票01購02,0,0,0,0,0,0,0,0,0,5000,0,0,0,35000,30000,5000,5000
057414,華新科日盛9A購01,0,0,0,0,0,0,0,0,0,5000,0,0,0,5000,0,5000,5000
057327,玉晶光群益9A購04,0,0,0,0,0,0,0,0,0,5000,0,0,0,5000,0,5000,5000
057873,義隆元大98購03  ,0,0,0,0,0,0,0,0,0,5000,0,0,0,15000,10000,5000,5000
057878,台郡元大99購04  ,0,0,0,0,0,0,0,0,0,5000,0,0,0,5000,0,5000,5000
057458,TPK富邦9A購01   ,0,0,0,0,0,0,0,0,0,5000,0,0,0,5000,0,5000,5000
056954,聯詠富邦9A購01  ,0,0,0,0,0,0,0,0,0,5000,0,0,0,6000,1000,5000,5000
061282,台積電統一9C購06,0,0,0,0,0,0,0,0,0,5000,0,0,0,5000,0,5000,5000
061285,大立光統一9A購04,0,0,0,0,0,0,0,0,0,5000,0,0,0,5000,0,5000,5000
061252,臺股指群益9A購03,0,0,0,0,0,0,0,0,0,5000,0,0,0,5000,0,5000,5000
061490,茂林兆豐9B購01  ,0,0,0,0,0,0,0,0,0,5000,0,0,0,5000,0,5000,5000
061473,台積電元大9A購33,0,0,0,0,0,0,0,0,0,5000,0,0,0,5000,0,5000,5000
061418,世紀鋼群益9A購02,0,0,0,0,0,0,0,0,0,5000,0,0,0,5000,0,5000,5000
057611,技嘉元富98購02  ,0,0,0,0,0,0,0,0,0,5000,0,0,0,6000,1000,5000,5000
057591,鴻海兆豐99購01  ,0,0,0,0,0,0,0,0,0,5000,0,0,0,5000,0,5000,5000
056433,鴻海凱基98購09  ,0,0,0,0,0,0,0,0,0,5000,0,0,0,105000,100000,5000,5000
056401,國巨群益98購07  ,0,0,0,0,0,0,0,0,0,5000,0,0,0,70000,65000,5000,5000
056649,智易凱基98購01  ,0,0,0,0,0,0,0,0,0,5000,0,0,0,50000,45000,5000,5000
056494,緯創國泰99購01  ,0,0,0,0,0,0,0,0,0,5000,0,0,0,5000,0,5000,5000
057658,玉晶光兆豐99購02,0,0,0,0,0,0,0,0,0,5000,0,0,0,5000,0,5000,5000
057685,台灣50凱基9C購01,0,0,0,0,0,0,0,0,0,5000,0,0,0,5000,0,5000,5000
057687,中502X凱基98購01,0,0,0,0,0,0,0,0,0,5000,0,0,0,5000,0,5000,5000
056740,大立光凱基98購13,0,0,0,0,0,0,0,0,0,5000,0,0,0,5000,0,5000,5000
054728,聯發科日盛97購01,0,0,0,0,0,0,0,0,0,5000,0,0,0,5000,0,5000,5000
054795,合勤控群益98購01,0,0,0,0,0,0,0,0,0,5000,0,0,0,5000,0,5000,5000
054135,大立光元大97購04,0,0,0,0,0,0,0,0,0,5000,0,0,0,5000,0,5000,5000
054214,京鼎國票97購02  ,0,0,0,0,0,0,0,0,0,5000,0,0,0,5000,0,5000,5000
053527,創意中信97購01  ,0,0,0,0,0,0,0,0,0,5000,0,0,0,5000,0,5000,5000
05748P,臺股指群益99售02,0,0,0,0,0,0,0,0,0,5000,0,0,0,5000,0,5000,5000
057517,矽創元富98購02  ,0,0,0,0,0,0,0,0,0,5000,0,0,0,5000,0,5000,5000
055989,矽力元富9A購01  ,0,0,0,0,0,0,0,0,0,5000,0,0,0,5000,0,5000,5000
053979,健策元大98購01  ,0,0,0,0,0,0,0,0,0,5000,0,0,0,7000,2000,5000,5000
054285,國巨元大98購02  ,0,0,0,0,0,0,0,0,0,5000,0,0,0,5000,0,5000,5000
052690,台表科元大97購01,0,0,0,0,0,0,0,0,0,5000,0,0,0,5000,0,5000,5000
052588,玉晶光永豐98購01,0,0,0,0,0,0,0,0,0,5000,0,0,0,5000,0,5000,5000
053055,聯詠國票97購01  ,0,0,0,0,0,0,0,0,0,5000,0,0,0,5000,0,5000,5000
052095,彩晶元大97購01  ,0,0,0,0,0,0,0,0,0,5000,0,0,0,5000,0,5000,5000
052077,可成元富98購02  ,0,0,0,0,0,0,0,0,0,5000,0,0,0,20000,15000,5000,5000
00685L,群益臺灣加權正2 ,0,0,0,0,0,0,0,0,0,5000,0,0,0,17000,12000,5000,5000
00678,群益NBI生技     ,0,0,0,0,0,0,0,0,0,5000,0,0,0,605000,600000,5000,5000
03010X,元展10          ,0,0,0,0,0,0,0,0,0,5000,0,0,0,6000,1000,5000,5000
055310,聯詠群益97購02  ,0,0,0,0,0,0,0,0,0,5000,0,0,0,5000,0,5000,5000
055311,健策群益98購02  ,0,0,0,0,0,0,0,0,0,5000,0,0,0,46000,41000,5000,5000
054378,楠梓電群益98購01,0,0,0,0,0,0,0,0,0,5000,0,0,0,13000,8000,5000,5000
048273,南電富邦97購01  ,0,0,0,0,0,0,0,0,0,5000,0,0,0,5000,0,5000,5000
048572,美利達元大96購04,0,0,0,0,0,0,0,0,0,5000,0,0,0,5000,0,5000,5000
049335,聯電統一97購01  ,0,0,0,0,0,0,0,0,0,5000,0,0,0,5000,0,5000,5000
058523,聯茂元大99購08  ,0,0,0,0,0,0,0,0,0,5000,0,0,0,10000,5000,5000,5000
058482,祥碩凱基99購02  ,0,0,0,0,0,0,0,0,0,5000,0,0,0,5000,0,5000,5000
06156P,大立光統一97售05,0,0,0,0,0,0,0,0,0,5000,0,0,0,5000,0,5000,5000
058603,台積電元大99購12,0,0,0,0,0,0,0,0,0,5000,0,0,0,146000,141000,5000,5000
058630,日月光國票9A購01,0,0,0,0,0,0,0,0,0,5000,0,0,0,43000,38000,5000,5000
058469,臺股指中信9A購05,0,0,0,0,0,0,0,0,0,5000,0,0,0,5000,0,5000,5000
058428,大立光元富99購02,0,0,0,0,0,0,0,0,0,5000,0,0,0,10000,5000,5000,5000
059979,台積電元大99購49,0,0,0,0,0,0,0,0,0,5000,0,0,0,5000,0,5000,5000
061071,復盛凱基9A購01  ,0,0,0,0,0,0,0,0,0,5000,0,0,0,5000,0,5000,5000
061082,台光電兆豐9A購01,0,0,0,0,0,0,0,0,0,5000,0,0,0,5000,0,5000,5000
061089,台積電統一9C購04,0,0,0,0,0,0,0,0,0,5000,0,0,0,5000,0,5000,5000
061091,奇力新統一9C購02,0,0,0,0,0,0,0,0,0,5000,0,0,0,5000,0,5000,5000
059768,上証2X群益9C購02,0,0,0,0,0,0,0,0,0,5000,0,0,0,5000,0,5000,5000
059790,立積元大9C購02  ,0,0,0,0,0,0,0,0,0,5000,0,0,0,5000,0,5000,5000
060236,精元元大9C購01  ,0,0,0,0,0,0,0,0,0,5000,0,0,0,13000,8000,5000,5000
060796,世芯永豐9A購03  ,0,0,0,0,0,0,0,0,0,5000,0,0,0,5000,0,5000,5000
060687,GIS元大9A購01   ,0,0,0,0,0,0,0,0,0,5000,0,0,0,5000,0,5000,5000
061160,瑞祺群益9A購01  ,0,0,0,0,0,0,0,0,0,5000,0,0,0,5000,0,5000,5000
060671,亞德客元大9A購03,0,0,0,0,0,0,0,0,0,5000,0,0,0,15000,10000,5000,5000
058824,晶技富邦9A購01  ,0,0,0,0,0,0,0,0,0,5000,0,0,0,5000,0,5000,5000
058820,致茂國泰9B購01  ,0,0,0,0,0,0,0,0,0,5000,0,0,0,5000,0,5000,5000
059661,大立光元大99購22,0,0,0,0,0,0,0,0,0,5000,0,0,0,15000,10000,5000,5000
059659,旺宏元大9A購03  ,0,0,0,0,0,0,0,0,0,5000,0,0,0,5000,0,5000,5000
059153,臺股指國票99購16,0,0,0,0,0,0,0,0,0,5000,0,0,0,5000,0,5000,5000
059138,台積電兆豐99購04,0,0,0,0,0,0,0,0,0,5000,0,0,0,5000,0,5000,5000
058205,神達凱基9B購01  ,0,0,0,0,0,0,0,0,0,5000,0,0,0,5000,0,5000,5000
062083,健策元大9C購03  ,0,0,0,0,0,0,0,0,0,5000,0,0,0,6000,1000,5000,5000
061994,瑞儀元大9B購01  ,0,0,0,0,0,0,0,0,0,5000,0,0,0,5000,0,5000,5000
061937,聯發科國票9B購02,0,0,0,0,0,0,0,0,0,5000,0,0,0,5000,0,5000,5000
061889,祥碩富邦9B購01  ,0,0,0,0,0,0,0,0,0,5000,0,0,0,5000,0,5000,5000
062094,台積電富邦9C購12,0,0,0,0,0,0,0,0,0,5000,0,0,0,5000,0,5000,5000
062110,華擎國票9B購01  ,0,0,0,0,0,0,0,0,0,5000,0,0,0,5000,0,5000,5000
062227,南六統一01購02  ,0,0,0,0,0,0,0,0,0,5000,0,0,0,54000,49000,5000,5000
058067,台積電第一9C購01,0,0,0,0,0,0,0,0,0,5000,0,0,0,5000,0,5000,5000
058958,台表科國票9A購03,0,0,0,0,0,0,0,0,0,5000,0,0,0,5000,0,5000,5000
058942,南茂中信99購01  ,0,0,0,0,0,0,0,0,0,5000,0,0,0,5000,0,5000,5000
060946,世紀鋼國票9A購02,0,0,0,0,0,0,0,0,0,5000,0,0,0,5000,0,5000,5000
058885,元石油元大9C購02,0,0,0,0,0,0,0,0,0,5000,0,0,0,5000,0,5000,5000
058891,元油2X元大9C購07,0,0,0,0,0,0,0,0,0,5000,0,0,0,5000,0,5000,5000
059239,台積電凱基99購12,0,0,0,0,0,0,0,0,0,5000,0,0,0,10000,5000,5000,5000
059232,台灣50凱基03購01,0,0,0,0,0,0,0,0,0,5000,0,0,0,5000,0,5000,5000
060634,矽創富邦9B購01  ,0,0,0,0,0,0,0,0,0,5000,0,0,0,5000,0,5000,5000
061232,和大元大9A購03  ,0,0,0,0,0,0,0,0,0,5000,0,0,0,21000,16000,5000,5000
060614,T50反1元大9A購06,0,0,0,0,0,0,0,0,0,5000,0,0,0,5000,0,5000,5000
063882,玉晶光元富9C購01,0,0,0,0,0,0,0,0,0,5000,0,0,0,5000,0,5000,5000
063645,瑞儀元大9B購02  ,0,0,0,0,0,0,0,0,0,5000,0,0,0,10000,5000,5000,5000
064676,聚陽兆豐9C購01  ,0,0,0,0,0,0,0,0,0,5000,0,0,0,38000,33000,5000,5000
064671,聯茂元大9C購02  ,0,0,0,0,0,0,0,0,0,5000,0,0,0,5000,0,5000,5000
064357,中橡統一9C購01  ,0,0,0,0,0,0,0,0,0,5000,0,0,0,5000,0,5000,5000
064421,技嘉兆豐01購01  ,0,0,0,0,0,0,0,0,0,5000,0,0,0,151000,146000,5000,5000
062620,台表科元大9B購04,0,0,0,0,0,0,0,0,0,5000,0,0,0,189000,184000,5000,5000
06277P,臺股指凱基97售09,0,0,0,0,0,0,0,0,0,5000,0,0,0,5000,0,5000,5000
062860,華擎國票9B購02  ,0,0,0,0,0,0,0,0,0,5000,0,0,0,7000,2000,5000,5000
062390,元黃金富邦9C購01,0,0,0,0,0,0,0,0,0,5000,0,0,0,5000,0,5000,5000
062425,可成統一01購01  ,0,0,0,0,0,0,0,0,0,5000,0,0,0,5000,0,5000,5000
062191,台郡元大9B購05  ,0,0,0,0,0,0,0,0,0,5000,0,0,0,65000,60000,5000,5000
062147,大毅國票9B購02  ,0,0,0,0,0,0,0,0,0,5000,0,0,0,17000,12000,5000,5000
062477,聯詠國票9B購01  ,0,0,0,0,0,0,0,0,0,5000,0,0,0,19000,14000,5000,5000
062509,SP黃豆國票9B購03,0,0,0,0,0,0,0,0,0,5000,0,0,0,5000,0,5000,5000
063039,大立光凱基9C購02,0,0,0,0,0,0,0,0,0,5000,0,0,0,60000,55000,5000,5000
063053,聯發科統一01購04,0,0,0,0,0,0,0,0,0,5000,0,0,0,134000,129000,5000,5000
062997,嘉晶國票9B購03  ,0,0,0,0,0,0,0,0,0,5000,0,0,0,5000,0,5000,5000
063174,臺股指中信01購04,0,0,0,0,0,0,0,0,0,5000,0,0,0,5000,0,5000,5000
063242,聯發科元大9B購19,0,0,0,0,0,0,0,0,0,5000,0,0,0,62000,57000,5000,5000
063285,華擎元大9B購03  ,0,0,0,0,0,0,0,0,0,5000,0,0,0,35000,30000,5000,5000
063506,嘉晶群益9B購01  ,0,0,0,0,0,0,0,0,0,5000,0,0,0,7000,2000,5000,5000
063495,台光電富邦9C購01,0,0,0,0,0,0,0,0,0,5000,0,0,0,5000,0,5000,5000
063567,漢唐元大9B購03  ,0,0,0,0,0,0,0,0,0,5000,0,0,0,10000,5000,5000,5000
8072,陞泰            ,27000,22000,5000,0,0,0,0,0,0,0,0,0,0,0,0,0,5000
4989,榮科            ,17000,12000,5000,0,0,0,0,0,0,0,0,0,0,0,0,0,5000
4571,鈞興-KY         ,5000,0,5000,0,0,0,0,0,0,0,0,0,0,0,0,0,5000
9930,中聯資源        ,11000,6000,5000,0,0,0,0,0,0,0,0,0,0,0,0,0,5000
065475,聯發科元大01購04,0,0,0,0,0,0,0,0,0,4000,0,0,0,75000,71000,4000,4000
07141P,台灣50國票9A售03,0,0,0,0,0,0,0,0,0,4000,0,0,0,44000,40000,4000,4000
07101P,台郡元大99售06  ,0,0,0,0,0,0,0,0,0,4000,0,0,0,10000,6000,4000,4000
07551P,國巨元大9A售10  ,0,0,0,0,0,0,0,0,0,4000,0,0,0,20000,16000,4000,4000
07833P,大立光群益9B售02,0,0,0,0,0,0,0,0,0,4000,0,0,0,26000,22000,4000,4000
08376P,南亞科元富9C售03,0,0,0,0,0,0,0,0,0,4000,0,0,0,4000,0,4000,4000
1307,三芳            ,34000,30000,4000,0,0,0,0,0,0,0,0,0,0,0,0,0,4000
08224P,臺股指凱基9B售19,0,0,0,0,0,0,0,0,0,4000,0,0,0,24000,20000,4000,4000
2597,潤弘            ,5000,2000,3000,0,0,0,0,0,0,1000,1000,0,1000,0,0,0,4000
2612,中航            ,16000,12000,4000,0,0,0,0,0,0,0,0,0,0,0,0,0,4000
3432,台端            ,12000,8000,4000,0,0,0,0,0,0,0,0,0,0,0,0,0,4000
3494,誠研            ,6000,2000,4000,0,0,0,0,0,0,0,0,0,0,0,0,0,4000
2373,震旦行          ,11000,5000,6000,0,0,0,0,0,0,-2000,0,1000,-1000,0,1000,-1000,4000
1472,三洋紡          ,6000,2000,4000,0,0,0,0,0,0,0,0,0,0,0,0,0,4000
042953,鴻海台新01購01  ,0,0,0,0,0,0,0,0,0,4000,0,0,0,4000,0,4000,4000
03446B,臺股指元大9B熊26,0,0,0,0,0,0,0,0,0,4000,0,0,0,157000,153000,4000,4000
055519,茂林中信99購01  ,0,0,0,0,0,0,0,0,0,4000,0,0,0,20000,16000,4000,4000
052962,台積電凱基97購03,0,0,0,0,0,0,0,0,0,4000,0,0,0,4000,0,4000,4000
052986,聯發科元大97購05,0,0,0,0,0,0,0,0,0,4000,0,0,0,4000,0,4000,4000
03022X,富展01          ,0,0,0,0,0,0,0,0,0,4000,0,0,0,6000,2000,4000,4000
051466,玉晶光富邦97購01,0,0,0,0,0,0,0,0,0,4000,0,0,0,4000,0,4000,4000
053387,緯創元大97購01  ,0,0,0,0,0,0,0,0,0,4000,0,0,0,4000,0,4000,4000
055018,緯穎元富97購02  ,0,0,0,0,0,0,0,0,0,4000,0,0,0,4000,0,4000,4000
055038,華航富邦99購01  ,0,0,0,0,0,0,0,0,0,4000,0,0,0,7000,3000,4000,4000
055108,智邦凱基98購01  ,0,0,0,0,0,0,0,0,0,4000,0,0,0,4000,0,4000,4000
055229,大毅國票97購02  ,0,0,0,0,0,0,0,0,0,4000,0,0,0,4000,0,4000,4000
05708P,奇力新國票97售04,0,0,0,0,0,0,0,0,0,4000,0,0,0,4000,0,4000,4000
057150,貿聯國票99購02  ,0,0,0,0,0,0,0,0,0,4000,0,0,0,42000,38000,4000,4000
056468,鴻海元大98購07  ,0,0,0,0,0,0,0,0,0,4000,0,0,0,1515000,1511000,4000,4000
056514,訊芯亞東99購01  ,0,0,0,0,0,0,0,0,0,4000,0,0,0,4000,0,4000,4000
056422,全新統一98購02  ,0,0,0,0,0,0,0,0,0,4000,0,0,0,4000,0,4000,4000
06139P,台積電中信99售02,0,0,0,0,0,0,0,0,0,4000,0,0,0,29000,25000,4000,4000
061465,聯詠群益9A購01  ,0,0,0,0,0,0,0,0,0,4000,0,0,0,12000,8000,4000,4000
061475,漢唐元大9A購01  ,0,0,0,0,0,0,0,0,0,4000,0,0,0,4000,0,4000,4000
057962,超眾元大99購03  ,0,0,0,0,0,0,0,0,0,4000,0,0,0,31000,27000,4000,4000
057849,南茂永豐98購02  ,0,0,0,0,0,0,0,0,0,4000,0,0,0,4000,0,4000,4000
057893,亞德客元富98購03,0,0,0,0,0,0,0,0,0,4000,0,0,0,4000,0,4000,4000
057413,臺股指群益9C購04,0,0,0,0,0,0,0,0,0,4000,0,0,0,4000,0,4000,4000
059200,京鼎永豐99購02  ,0,0,0,0,0,0,0,0,0,4000,0,0,0,4000,0,4000,4000
059079,SGBR2X元大99購01,0,0,0,0,0,0,0,0,0,4000,0,0,0,4000,0,4000,4000
059007,南電元大99購05  ,0,0,0,0,0,0,0,0,0,4000,0,0,0,4000,0,4000,4000
059299,欣興元富99購03  ,0,0,0,0,0,0,0,0,0,4000,0,0,0,4000,0,4000,4000
060951,元黃金群益9A購01,0,0,0,0,0,0,0,0,0,4000,0,0,0,4000,0,4000,4000
058961,台灣50兆豐9C購01,0,0,0,0,0,0,0,0,0,4000,0,0,0,4000,0,4000,4000
060368,緯穎元富9A購03  ,0,0,0,0,0,0,0,0,0,4000,0,0,0,10000,6000,4000,4000
062251,旺宏元大9B購06  ,0,0,0,0,0,0,0,0,0,4000,0,0,0,68000,64000,4000,4000
061886,力山國泰01購01  ,0,0,0,0,0,0,0,0,0,4000,0,0,0,20000,16000,4000,4000
058190,貿聯永豐99購01  ,0,0,0,0,0,0,0,0,0,4000,0,0,0,37000,33000,4000,4000
061776,晶技國票9B購01  ,0,0,0,0,0,0,0,0,0,4000,0,0,0,14000,10000,4000,4000
059171,祥碩凱基99購04  ,0,0,0,0,0,0,0,0,0,4000,0,0,0,4000,0,4000,4000
060143,台積電國票9B購03,0,0,0,0,0,0,0,0,0,4000,0,0,0,4000,0,4000,4000
060779,臺股指凱基9A購07,0,0,0,0,0,0,0,0,0,4000,0,0,0,17000,13000,4000,4000
058658,瑞儀中信99購01  ,0,0,0,0,0,0,0,0,0,4000,0,0,0,20000,16000,4000,4000
058331,鴻海元富99購02  ,0,0,0,0,0,0,0,0,0,4000,0,0,0,439000,435000,4000,4000
058353,國巨凱基99購09  ,0,0,0,0,0,0,0,0,0,4000,0,0,0,30000,26000,4000,4000
061586,智邦富邦9A購02  ,0,0,0,0,0,0,0,0,0,4000,0,0,0,14000,10000,4000,4000
063475,同欣電元大9C購01,0,0,0,0,0,0,0,0,0,4000,0,0,0,105000,101000,4000,4000
063323,同欣電群益9B購03,0,0,0,0,0,0,0,0,0,4000,0,0,0,4000,0,4000,4000
063094,玉晶光國票01購03,0,0,0,0,0,0,0,0,0,4000,0,0,0,4000,0,4000,4000
062160,南六凱基9B購01  ,0,0,0,0,0,0,0,0,0,4000,0,0,0,19000,15000,4000,4000
062447,華擎元大9C購01  ,0,0,0,0,0,0,0,0,0,4000,0,0,0,4000,0,4000,4000
062624,大成鋼國票9B購02,0,0,0,0,0,0,0,0,0,4000,0,0,0,4000,0,4000,4000
06469P,臺股指凱基99售09,0,0,0,0,0,0,0,0,0,4000,0,0,0,4000,0,4000,4000
06376P,上銀統一99售01  ,0,0,0,0,0,0,0,0,0,4000,0,0,0,10000,6000,4000,4000
063814,嘉晶群益9C購01  ,0,0,0,0,0,0,0,0,0,4000,0,0,0,42000,38000,4000,4000
063793,和大凱基9C購01  ,0,0,0,0,0,0,0,0,0,4000,0,0,0,4000,0,4000,4000
064005,義隆凱基01購01  ,0,0,0,0,0,0,0,0,0,4000,0,0,0,36000,32000,4000,4000
064161,世芯統一01購02  ,0,0,0,0,0,0,0,0,0,4000,0,0,0,12000,8000,4000,4000
9937,全國            ,5000,0,5000,0,0,0,0,0,0,-1000,0,1000,-1000,0,0,0,4000
4144,康聯-KY         ,36000,39000,-3000,0,0,0,0,0,0,7000,7000,0,7000,0,0,0,4000
1463,強盛            ,6000,3000,3000,0,0,0,0,0,0,0,0,0,0,0,0,0,3000
2008,高興昌          ,3000,0,3000,0,0,0,0,0,0,0,0,0,0,0,0,0,3000
2002A,中鋼特          ,0,0,0,0,0,0,0,0,0,3000,3000,0,3000,0,0,0,3000
2440,太空梭          ,3000,0,3000,0,0,0,0,0,0,0,0,0,0,0,0,0,3000
2433,互盛電          ,4000,0,4000,0,0,0,0,0,0,-1000,0,1000,-1000,0,0,0,3000
2423,固緯            ,6000,3000,3000,0,0,0,0,0,0,0,0,0,0,0,0,0,3000
2236,百達-KY         ,1000,0,1000,0,0,0,0,0,0,2000,2000,0,2000,0,0,0,3000
3054,立萬利          ,3000,0,3000,0,0,0,0,0,0,0,0,0,0,0,0,0,3000
2509,全坤建          ,3000,0,3000,0,0,0,0,0,0,0,0,0,0,0,0,0,3000
2528,皇普            ,4000,1000,3000,0,0,0,0,0,0,0,0,0,0,0,0,0,3000
1236,宏亞            ,3000,0,3000,0,0,0,0,0,0,0,0,0,0,0,0,0,3000
1231,聯華食          ,18000,15000,3000,0,0,0,0,0,0,0,0,0,0,0,0,0,3000
07752P,台灣50元大9C售33,0,0,0,0,0,0,0,0,0,3000,0,0,0,3000,0,3000,3000
07740P,臺股指永豐9A售01,0,0,0,0,0,0,0,0,0,3000,0,0,0,3000,0,3000,3000
07163P,臺股指群益99售14,0,0,0,0,0,0,0,0,0,3000,0,0,0,98000,95000,3000,3000
06985P,華新科富邦9C售02,0,0,0,0,0,0,0,0,0,3000,0,0,0,3000,0,3000,3000
06826P,臺股指國票98售02,0,0,0,0,0,0,0,0,0,3000,0,0,0,3000,0,3000,3000
065415,台積電兆豐9C購05,0,0,0,0,0,0,0,0,0,3000,0,0,0,7000,4000,3000,3000
056878,元油2X國票99購02,0,0,0,0,0,0,0,0,0,3000,0,0,0,3000,0,3000,3000
061666,友達中信01購01  ,0,0,0,0,0,0,0,0,0,3000,0,0,0,12000,9000,3000,3000
061289,玉晶光統一01購03,0,0,0,0,0,0,0,0,0,3000,0,0,0,3000,0,3000,3000
061255,道瓊反凱基9C購01,0,0,0,0,0,0,0,0,0,3000,0,0,0,3000,0,3000,3000
061349,嘉澤元大9A購02  ,0,0,0,0,0,0,0,0,0,3000,0,0,0,18000,15000,3000,3000
056426,上証2X凱基9A購01,0,0,0,0,0,0,0,0,0,3000,0,0,0,5000,2000,3000,3000
057573,京鼎永豐98購02  ,0,0,0,0,0,0,0,0,0,3000,0,0,0,3000,0,3000,3000
056347,GIS凱基9A購01   ,0,0,0,0,0,0,0,0,0,3000,0,0,0,83000,80000,3000,3000
056365,欣興元大98購01  ,0,0,0,0,0,0,0,0,0,3000,0,0,0,14000,11000,3000,3000
057148,玉晶光國票99購04,0,0,0,0,0,0,0,0,0,3000,0,0,0,4000,1000,3000,3000
057799,世紀鋼兆豐98購01,0,0,0,0,0,0,0,0,0,3000,0,0,0,3000,0,3000,3000
057641,旺宏元大98購10  ,0,0,0,0,0,0,0,0,0,3000,0,0,0,13000,10000,3000,3000
055019,福懋科元富97購01,0,0,0,0,0,0,0,0,0,3000,0,0,0,3000,0,3000,3000
054821,貿聯元大9A購01  ,0,0,0,0,0,0,0,0,0,3000,0,0,0,3000,0,3000,3000
054589,聯鈞國泰99購01  ,0,0,0,0,0,0,0,0,0,3000,0,0,0,49000,46000,3000,3000
053969,瑞昱元大97購01  ,0,0,0,0,0,0,0,0,0,3000,0,0,0,8000,5000,3000,3000
056343,高鐵凱基98購02  ,0,0,0,0,0,0,0,0,0,3000,0,0,0,3000,0,3000,3000
055943,瑞昱麥證97購01  ,0,0,0,3000,0,3000,0,0,0,3000,0,0,0,3000,0,3000,3000
056079,世紀鋼元大97購02,0,0,0,0,0,0,0,0,0,3000,0,0,0,3000,0,3000,3000
05750P,臺股指群益99售04,0,0,0,0,0,0,0,0,0,3000,0,0,0,3000,0,3000,3000
055820,矽力國票98購02  ,0,0,0,0,0,0,0,0,0,3000,0,0,0,3000,0,3000,3000
051946,健策統一98購01  ,0,0,0,0,0,0,0,0,0,3000,0,0,0,3000,0,3000,3000
052003,泰碩國泰97購02  ,0,0,0,0,0,0,0,0,0,3000,0,0,0,3000,0,3000,3000
00731,FH富時高息低波  ,0,0,0,0,0,0,0,0,0,3000,0,0,0,1115000,1112000,3000,3000
00663L,國泰臺灣加權正2 ,1000,0,1000,0,0,0,0,0,0,2000,0,0,0,12000,10000,2000,3000
055726,台表科元大98購03,0,0,0,0,0,0,0,0,0,3000,0,0,0,31000,28000,3000,3000
055363,緯穎凱基98購03  ,0,0,0,0,0,0,0,0,0,3000,0,0,0,3000,0,3000,3000
050142,聯發科元富9A購01,0,0,0,0,0,0,0,0,0,3000,0,0,0,3000,0,3000,3000
050758,聯發科元富9B購01,0,0,0,0,0,0,0,0,0,3000,0,0,0,462000,459000,3000,3000
055420,欣興永豐98購01  ,0,0,0,0,0,0,0,0,0,3000,0,0,0,3000,0,3000,3000
058590,南電中信9A購02  ,0,0,0,0,0,0,0,0,0,3000,0,0,0,38000,35000,3000,3000
061028,聚陽永豐9A購01  ,0,0,0,0,0,0,0,0,0,3000,0,0,0,53000,50000,3000,3000
061007,聯詠兆豐9A購01  ,0,0,0,0,0,0,0,0,0,3000,0,0,0,3000,0,3000,3000
058329,S&P正2元富01購01,0,0,0,0,0,0,0,0,0,3000,0,0,0,3000,0,3000,3000
060014,中鋼康和99購01  ,0,0,0,0,0,0,0,0,0,3000,0,0,0,68000,65000,3000,3000
058775,台積電國票9A購02,0,0,0,0,0,0,0,0,0,3000,0,0,0,39000,36000,3000,3000
058684,健策凱基99購02  ,0,0,0,0,0,0,0,0,0,3000,0,0,0,15000,12000,3000,3000
05995P,T50正2中信9C售01,0,0,0,0,0,0,0,0,0,3000,0,0,0,249000,246000,3000,3000
058710,臺股指元大9A購23,0,0,0,0,0,0,0,0,0,3000,0,0,0,3000,0,3000,3000
059775,台灣50元大9C購16,0,0,0,0,0,0,0,0,0,3000,0,0,0,3000,0,3000,3000
061128,大立光永豐9A購02,0,0,0,0,0,0,0,0,0,3000,0,0,0,3000,0,3000,3000
061125,億光永豐9A購01  ,0,0,0,0,0,0,0,0,0,3000,0,0,0,3000,0,3000,3000
060182,旺宏元富9A購01  ,0,0,0,0,0,0,0,0,0,3000,0,0,0,3000,0,3000,3000
058803,世紀鋼元大99購03,0,0,0,0,0,0,0,0,0,3000,0,0,0,3000,0,3000,3000
058811,台積電統一9A購05,0,0,0,0,0,0,0,0,0,3000,0,0,0,3000,0,3000,3000
059571,奇力新凱基99購06,0,0,0,0,0,0,0,0,0,3000,0,0,0,3000,0,3000,3000
059617,A50正2群益01購02,0,0,0,0,0,0,0,0,0,3000,0,0,0,3000,0,3000,3000
059377,台積電群益99購09,0,0,0,0,0,0,0,0,0,3000,0,0,0,3000,0,3000,3000
059147,矽創國票99購01  ,0,0,0,0,0,0,0,0,0,3000,0,0,0,8000,5000,3000,3000
060491,台灣50元富04購01,0,0,0,0,0,0,0,0,0,3000,0,0,0,3000,0,3000,3000
058220,世芯國票9A購01  ,0,0,0,0,0,0,0,0,0,3000,0,0,0,3000,0,3000,3000
061939,中租國票9B購01  ,0,0,0,0,0,0,0,0,0,3000,0,0,0,19000,16000,3000,3000
062276,瑞昱群益9B購01  ,0,0,0,0,0,0,0,0,0,3000,0,0,0,11000,8000,3000,3000
058041,FBVIX元大98購02 ,0,0,0,0,0,0,0,0,0,3000,0,0,0,3000,0,3000,3000
060343,台積電統一9C購02,0,0,0,0,0,0,0,0,0,3000,0,0,0,3000,0,3000,3000
058071,大立光凱基98購19,0,0,0,0,0,0,0,0,0,3000,0,0,0,3000,0,3000,3000
060847,康控國票9A購01  ,0,0,0,0,0,0,0,0,0,3000,0,0,0,35000,32000,3000,3000
059005,嘉晶元大99購06  ,0,0,0,0,0,0,0,0,0,3000,0,0,0,3000,0,3000,3000
060619,玉晶光元大9A購03,0,0,0,0,0,0,0,0,0,3000,0,0,0,3000,0,3000,3000
061209,聯發科元大9A購10,0,0,0,0,0,0,0,0,0,3000,0,0,0,4000,1000,3000,3000
063661,聚陽統一9C購02  ,0,0,0,0,0,0,0,0,0,3000,0,0,0,3000,0,3000,3000
064694,玉晶光群益02購02,0,0,0,0,0,0,0,0,0,3000,0,0,0,4000,1000,3000,3000
064818,華新統一01購01  ,0,0,0,0,0,0,0,0,0,3000,0,0,0,356000,353000,3000,3000
064549,神基凱基9C購01  ,0,0,0,0,0,0,0,0,0,3000,0,0,0,3000,0,3000,3000
064295,聚陽國票01購01  ,0,0,0,0,0,0,0,0,0,3000,0,0,0,3000,0,3000,3000
062748,祥碩永豐9B購02  ,0,0,0,0,0,0,0,0,0,3000,0,0,0,6000,3000,3000,3000
062727,華擎凱基9B購03  ,0,0,0,0,0,0,0,0,0,3000,0,0,0,17000,14000,3000,3000
061710,國巨凱基9A購18  ,0,0,0,0,0,0,0,0,0,3000,0,0,0,24000,21000,3000,3000
062164,禾伸堂國泰01購01,0,0,0,0,0,0,0,0,0,3000,0,0,0,3000,0,3000,3000
062203,燿華國票9C購01  ,0,0,0,0,0,0,0,0,0,3000,0,0,0,4000,1000,3000,3000
062473,同欣電凱基9B購01,2000,0,2000,0,0,0,0,0,0,1000,0,0,0,43000,42000,1000,3000
062492,牧德第一9B購01  ,0,0,0,0,0,0,0,0,0,3000,0,0,0,801000,798000,3000,3000
062486,瑞昱富邦9B購01  ,0,0,0,0,0,0,0,0,0,3000,0,0,0,4000,1000,3000,3000
063007,儒鴻元大9B購01  ,0,0,0,0,0,0,0,0,0,3000,0,0,0,23000,20000,3000,3000
063345,嘉晶統一9C購02  ,0,0,0,0,0,0,0,0,0,3000,0,0,0,3000,0,3000,3000
063502,南電永豐9B購02  ,0,0,0,0,0,0,0,0,0,3000,0,0,0,11000,8000,3000,3000
4755,三福化          ,3000,0,3000,0,0,0,0,0,0,0,0,0,0,0,0,0,3000
6172,互億            ,3000,0,3000,0,0,0,0,0,0,0,0,0,0,0,0,0,3000
8478,東哥遊艇        ,3000,0,3000,0,0,0,0,0,0,0,0,0,0,0,0,0,3000
6581,鋼聯            ,3000,0,3000,0,0,0,0,0,0,0,0,0,0,0,0,0,3000
6605,帝寶            ,10000,7000,3000,0,0,0,0,0,0,0,0,0,0,0,0,0,3000
9941A,裕融甲特        ,0,0,0,0,0,0,0,0,0,3000,3000,0,3000,0,0,0,3000
008201,BP上證50        ,0,0,0,0,0,0,0,0,0,2400,0,0,0,2400,0,2400,2400
065120,臺股指富邦9C購03,0,0,0,0,0,0,0,0,0,2000,0,0,0,2000,0,2000,2000
065204,神隆國票01購01  ,0,0,0,0,0,0,0,0,0,2000,0,0,0,2000,0,2000,2000
06904P,TPK凱基98售03   ,0,0,0,0,0,0,0,0,0,2000,0,0,0,2000,0,2000,2000
06749P,技嘉元富98售03  ,0,0,0,0,0,0,0,0,0,2000,0,0,0,2000,0,2000,2000
06657P,寶成元大98售01  ,0,0,0,0,0,0,0,0,0,2000,0,0,0,2000,0,2000,2000
06969P,上銀元大99售02  ,0,0,0,0,0,0,0,0,0,2000,0,0,0,2000,0,2000,2000
07067P,旺宏台新99售02  ,0,0,0,0,0,0,0,0,0,2000,0,0,0,2000,0,2000,2000
07539P,玉山金台新9A售01,0,0,0,0,0,0,0,0,0,2000,0,0,0,2000,0,2000,2000
07504P,聯詠元大9A售02  ,0,0,0,0,0,0,0,0,0,2000,0,0,0,2000,0,2000,2000
07469P,台達電元大9A售01,0,0,0,0,0,0,0,0,0,2000,0,0,0,2000,0,2000,2000
07284P,大立光凱基99售10,0,0,0,0,0,0,0,0,0,2000,0,0,0,2000,0,2000,2000
07344P,鴻海富邦9A售03  ,0,0,0,0,0,0,0,0,0,2000,0,0,0,2000,0,2000,2000
07311P,台灣50元大99售09,0,0,0,0,0,0,0,0,0,2000,0,0,0,2000,0,2000,2000
1233,天仁            ,2000,0,2000,0,0,0,0,0,0,0,0,0,0,0,0,0,2000
1324,地球            ,2000,0,2000,0,0,0,0,0,0,0,0,0,0,0,0,0,2000
08475P,臺股指凱基9C售13,0,0,0,0,0,0,0,0,0,2000,0,0,0,2000,0,2000,2000
2911,麗嬰房          ,5000,3000,2000,0,0,0,0,0,0,0,0,0,0,0,0,0,2000
2936,客思達-KY       ,2000,0,2000,0,0,0,0,0,0,0,0,0,0,0,0,0,2000
3021,鴻名            ,2000,0,2000,0,0,0,0,0,0,0,0,0,0,0,0,0,2000
3528,安馳            ,2000,0,2000,0,0,0,0,0,0,0,0,0,0,0,0,0,2000
3622,洋華            ,20000,18000,2000,0,0,0,0,0,0,0,0,0,0,0,0,0,2000
2419,仲琦            ,31000,28000,3000,0,0,0,0,0,0,-1000,0,1000,-1000,0,0,0,2000
1456,怡華            ,5000,3000,2000,0,0,0,0,0,0,0,0,0,0,0,0,0,2000
1453,大將            ,2000,0,2000,0,0,0,0,0,0,0,0,0,0,0,0,0,2000
1583,程泰            ,13000,11000,2000,0,0,0,0,0,0,0,0,0,0,0,0,0,2000
00681R,元大美債20反1   ,2000,0,2000,0,0,0,0,0,0,0,0,0,0,0,0,0,2000
006203,元大MSCI台灣    ,0,0,0,0,0,0,0,0,0,2000,0,0,0,5000,3000,2000,2000
00625K,富邦上証+R      ,0,0,0,0,0,0,0,0,0,2000,0,0,0,52000,50000,2000,2000
051218,聯發科元富9B購02,0,0,0,0,0,0,0,0,0,2000,0,0,0,2000,0,2000,2000
052578,大立光統一97購01,0,0,0,0,0,0,0,0,0,2000,0,0,0,2000,0,2000,2000
052689,玉晶光元大98購03,0,0,0,0,0,0,0,0,0,2000,0,0,0,2000,0,2000,2000
055490,台光電元大97購01,0,0,0,0,0,0,0,0,0,2000,0,0,0,47000,45000,2000,2000
03432B,臺股指凱基98熊13,0,0,0,0,0,0,0,0,0,2000,0,0,0,2000,0,2000,2000
03677C,臺股指元大05牛02,0,0,0,0,0,0,0,0,0,2000,0,0,0,2000,0,2000,2000
045054,聯發科元富98購02,0,0,0,0,0,0,0,0,0,2000,0,0,0,2000,0,2000,2000
048179,臻鼎富邦97購01  ,0,0,0,0,0,0,0,0,0,2000,0,0,0,2000,0,2000,2000
055804,祥碩永豐97購02  ,0,0,0,0,0,0,0,0,0,2000,0,0,0,2000,0,2000,2000
055746,同欣電元富97購01,0,0,0,0,0,0,0,0,0,2000,0,0,0,2000,0,2000,2000
055670,矽創群益98購02  ,0,0,0,0,0,0,0,0,0,2000,0,0,0,12000,10000,2000,2000
054301,楠梓電凱基98購01,0,0,0,0,0,0,0,0,0,2000,0,0,0,10000,8000,2000,2000
054317,昇陽半凱基98購01,0,0,0,0,0,0,0,0,0,2000,0,0,0,2000,0,2000,2000
054352,世芯國泰98購01  ,0,0,0,0,0,0,0,0,0,2000,0,0,0,2000,0,2000,2000
054593,滬深2X永昌9A購01,0,0,0,0,0,0,0,0,0,2000,0,0,0,2000,0,2000,2000
054924,景碩凱基98購01  ,0,0,0,0,0,0,0,0,0,2000,0,0,0,2000,0,2000,2000
054948,聯發科元大97購14,0,0,0,0,0,0,0,0,0,2000,0,0,0,2000,0,2000,2000
055196,致新元富97購01  ,0,0,0,0,0,0,0,0,0,2000,0,0,0,98000,96000,2000,2000
053341,聯發科國票97購03,0,0,0,0,0,0,0,0,0,2000,0,0,0,2000,0,2000,2000
053350,台表科國票97購02,0,0,0,0,0,0,0,0,0,2000,0,0,0,2000,0,2000,2000
053443,智邦凱基97購01  ,0,0,0,0,0,0,0,0,0,2000,0,0,0,2000,0,2000,2000
05348P,美律元富98售01  ,0,0,0,0,0,0,0,0,0,2000,0,0,0,2000,0,2000,2000
054204,元金2X國票9B購02,0,0,0,0,0,0,0,0,0,2000,0,0,0,2000,0,2000,2000
054138,晶技元大98購02  ,0,0,0,0,0,0,0,0,0,2000,0,0,0,2000,0,2000,2000
057689,南亞科凱基99購02,0,0,0,0,0,0,0,0,0,2000,0,0,0,2000,0,2000,2000
057706,臺股指群益98購06,0,0,0,0,0,0,0,0,0,2000,0,0,0,2000,0,2000,2000
057747,致新永豐98購01  ,0,0,0,0,0,0,0,0,0,2000,0,0,0,22000,20000,2000,2000
057020,台積電凱基99購02,0,0,0,0,0,0,0,0,0,2000,0,0,0,2000,0,2000,2000
056398,南茂永豐98購01  ,0,0,0,0,0,0,0,0,0,2000,0,0,0,46000,44000,2000,2000
057619,玉晶光凱基98購02,0,0,0,0,0,0,0,0,0,2000,0,0,0,9000,7000,2000,2000
057550,聯發科凱基02購01,0,0,0,0,0,0,0,0,0,2000,0,0,0,2000,0,2000,2000
056623,禾伸堂永豐98購01,0,0,0,0,0,0,0,0,0,2000,0,0,0,2000,0,2000,2000
061246,玉晶光群益9A購08,0,0,0,0,0,0,0,0,0,2000,0,0,0,5000,3000,2000,2000
061501,嘉澤國票9A購01  ,0,0,0,0,0,0,0,0,0,2000,0,0,0,10000,8000,2000,2000
061504,祥碩國票9A購02  ,0,0,0,0,0,0,0,0,0,2000,0,0,0,2000,0,2000,2000
06152P,玉晶光元大98售06,0,0,0,0,0,0,0,0,0,2000,0,0,0,2000,0,2000,2000
061372,世紀鋼國泰9C購01,0,0,0,0,0,0,0,0,0,2000,0,0,0,12000,10000,2000,2000
056861,美律群益99購01  ,0,0,0,0,0,0,0,0,0,2000,0,0,0,2000,0,2000,2000
057848,台表科永豐98購02,0,0,0,0,0,0,0,0,0,2000,0,0,0,2000,0,2000,2000
057456,道瓊銀富邦9C購01,0,0,0,0,0,0,0,0,0,2000,0,0,0,2000,0,2000,2000
057294,台灣50永豐99購01,0,0,0,0,0,0,0,0,0,2000,0,0,0,2000,0,2000,2000
057237,群創凱基9B購02  ,0,0,0,0,0,0,0,0,0,2000,0,0,0,2000,0,2000,2000
057239,貿聯凱基98購05  ,0,0,0,0,0,0,0,0,0,2000,0,0,0,4000,2000,2000,2000
058005,茂林群益98購04  ,0,0,0,0,0,0,0,0,0,2000,0,0,0,2000,0,2000,2000
060400,南電國票9A購03  ,0,0,0,0,0,0,0,0,0,2000,0,0,0,2000,0,2000,2000
060897,健策凱基9A購04  ,0,0,0,0,0,0,0,0,0,2000,0,0,0,5000,3000,2000,2000
058912,祥碩元大99購01  ,0,0,0,0,0,0,0,0,0,2000,0,0,0,4000,2000,2000,2000
058941,華新科中信99購03,0,0,0,0,0,0,0,0,0,2000,0,0,0,12000,10000,2000,2000
060373,元金2X元富9A購01,0,0,0,0,0,0,0,0,0,2000,0,0,0,2000,0,2000,2000
062246,力山元大9B購02  ,0,0,0,0,0,0,0,0,0,2000,0,0,0,17000,15000,2000,2000
061808,聯發科統一01購02,0,0,0,0,0,0,0,0,0,2000,0,0,0,5000,3000,2000,2000
061849,國巨國票9B購08  ,0,0,0,0,0,0,0,0,0,2000,0,0,0,21000,19000,2000,2000
060480,億豐元大9A購02  ,0,0,0,0,0,0,0,0,0,2000,0,0,0,2000,0,2000,2000
060528,友達中信9C購01  ,0,0,0,0,0,0,0,0,0,2000,0,0,0,20000,18000,2000,2000
059426,鴻海元大99購31  ,0,0,0,0,0,0,0,0,0,2000,0,0,0,4000,2000,2000,2000
059467,旺宏元大99購15  ,0,0,0,0,0,0,0,0,0,2000,0,0,0,2000,0,2000,2000
059591,台積電元大9A購04,0,0,0,0,0,0,0,0,0,2000,0,0,0,5000,3000,2000,2000
060115,南電元大99購06  ,0,0,0,0,0,0,0,0,0,2000,0,0,0,2000,0,2000,2000
060044,大立光群益99購09,0,0,0,0,0,0,0,0,0,2000,0,0,0,2000,0,2000,2000
060058,牧德凱基9B購01  ,0,0,0,0,0,0,0,0,0,2000,0,0,0,180000,178000,2000,2000
059339,上銀凱基99購06  ,0,0,0,0,0,0,0,0,0,2000,0,0,0,2000,0,2000,2000
061114,南電元大9A購04  ,0,0,0,0,0,0,0,0,0,2000,0,0,0,2000,0,2000,2000
061151,友訊群益9A購01  ,0,0,0,0,0,0,0,0,0,2000,0,0,0,2000,0,2000,2000
059721,旺宏元大99購16  ,0,0,0,0,0,0,0,0,0,2000,0,0,0,2000,0,2000,2000
060249,正文元大9C購01  ,0,0,0,0,0,0,0,0,0,2000,0,0,0,2000,0,2000,2000
059973,A50正2元大99購02,0,0,0,0,0,0,0,0,0,2000,0,0,0,2000,0,2000,2000
061048,國巨中信9A購05  ,0,0,0,0,0,0,0,0,0,2000,0,0,0,2000,0,2000,2000
058440,玉晶光統一99購02,0,0,0,0,0,0,0,0,0,2000,0,0,0,2000,0,2000,2000
058624,台積電國票99購09,0,0,0,0,0,0,0,0,0,2000,0,0,0,2000,0,2000,2000
058544,FBVIX富邦9B購01 ,0,0,0,0,0,0,0,0,0,2000,0,0,0,55000,53000,2000,2000
058504,台積電元大99購07,0,0,0,0,0,0,0,0,0,2000,0,0,0,77000,75000,2000,2000
063514,南電麥證9C購01  ,0,0,0,7000,5000,2000,0,0,0,2000,0,0,0,7000,5000,2000,2000
063579,GIS元大9C購01   ,0,0,0,0,0,0,0,0,0,2000,0,0,0,78000,76000,2000,2000
063438,聚陽統一9C購01  ,0,0,0,0,0,0,0,0,0,2000,0,0,0,7000,5000,2000,2000
061765,義隆元大9B購01  ,0,0,0,0,0,0,0,0,0,2000,0,0,0,2000,0,2000,2000
062506,巨大群益9C購01  ,0,0,0,0,0,0,0,0,0,2000,0,0,0,60000,58000,2000,2000
062444,大立光元大9C購01,0,0,0,0,0,0,0,0,0,2000,0,0,0,2000,0,2000,2000
062433,上銀元大9B購05  ,0,0,0,0,0,0,0,0,0,2000,0,0,0,2000,0,2000,2000
062676,南六台新9B購01  ,0,0,0,0,0,0,0,0,0,2000,0,0,0,2000,0,2000,2000
062705,美食元大9B購01  ,0,0,0,0,0,0,0,0,0,2000,0,0,0,2000,0,2000,2000
062918,祥碩元大9C購02  ,0,0,0,0,0,0,0,0,0,2000,0,0,0,17000,15000,2000,2000
062941,大立光凱基9B購07,0,0,0,0,0,0,0,0,0,2000,0,0,0,2000,0,2000,2000
064360,台積電統一9C購12,0,0,0,0,0,0,0,0,0,2000,0,0,0,6000,4000,2000,2000
064595,超眾統一02購01  ,0,0,0,0,0,0,0,0,0,2000,0,0,0,111000,109000,2000,2000
063744,儒鴻國票9C購01  ,0,0,0,0,0,0,0,0,0,2000,0,0,0,2000,0,2000,2000
063896,世芯群益9C購01  ,0,0,0,0,0,0,0,0,0,2000,0,0,0,2000,0,2000,2000
9925,新保            ,17000,15000,2000,0,0,0,0,0,0,0,0,0,0,0,0,0,2000
6573,虹揚-KY         ,3000,1000,2000,0,0,0,0,0,0,0,0,0,0,0,0,0,2000
6431,光麗-KY         ,2000,0,2000,0,0,0,0,0,0,0,0,0,0,0,0,0,2000
6201,亞弘電          ,2000,0,2000,0,0,0,0,0,0,0,0,0,0,0,0,0,2000
8940,新天地          ,2000,0,2000,0,0,0,0,0,0,0,0,0,0,0,0,0,2000
8114,振樺電          ,2000,0,2000,0,0,0,0,0,0,0,0,0,0,0,0,0,2000
8070,長華*           ,6000,4000,2000,0,0,0,0,0,0,0,0,0,0,0,0,0,2000
8367,建新國際        ,4000,2000,2000,0,0,0,0,0,0,0,0,0,0,0,0,0,2000
6117,迎廣            ,5000,1000,4000,0,0,0,0,0,0,-2000,0,2000,-2000,0,0,0,2000
4763,材料-KY         ,19000,20000,-1000,0,0,0,0,0,0,3000,3000,0,3000,0,0,0,2000
4766,南寶            ,50000,3000,47000,0,0,0,0,45000,-45000,0,0,0,0,0,0,0,2000
4912,聯德控股-KY     ,2000,0,2000,0,0,0,0,0,0,0,0,0,0,0,0,0,2000
4557,永新-KY         ,2000,0,2000,0,0,0,0,0,0,0,0,0,0,0,0,0,2000
1568,倉佑            ,5000,4000,1000,0,0,0,0,0,0,0,0,0,0,0,0,0,1000
1533,車王電          ,1000,0,1000,0,0,0,0,0,0,0,0,0,0,0,0,0,1000
1530,亞崴            ,2000,1000,1000,0,0,0,0,0,0,0,0,0,0,0,0,0,1000
1525,江申            ,1000,0,1000,0,0,0,0,0,0,0,0,0,0,0,0,0,1000
1528,恩德            ,11000,10000,1000,0,0,0,0,0,0,0,0,0,0,0,0,0,1000
1516,川飛            ,1000,0,1000,0,0,0,0,0,0,0,0,0,0,0,0,0,1000
1735,日勝化          ,1000,0,1000,0,0,0,0,0,0,0,0,0,0,0,0,0,1000
2424,隴華            ,1000,0,1000,0,0,0,0,0,0,0,0,0,0,0,0,0,1000
2443,億麗            ,1000,0,1000,0,0,0,0,0,0,0,0,0,0,0,0,0,1000
2429,銘旺科          ,2000,1000,1000,0,0,0,0,0,0,0,0,0,0,0,0,0,1000
2397,友通            ,1000,0,1000,0,0,0,0,0,0,0,0,0,0,0,0,0,1000
2243,宏旭-KY         ,1000,0,1000,0,0,0,0,0,0,0,0,0,0,0,0,0,1000
2115,六暉-KY         ,1000,0,1000,0,0,0,0,0,0,0,0,0,0,0,0,0,1000
2033,佳大            ,2000,1000,1000,0,0,0,0,0,0,0,0,0,0,0,0,0,1000
2029,盛餘            ,7000,6000,1000,0,0,0,0,0,0,0,0,0,0,0,0,0,1000
3383,新世紀          ,1000,0,1000,0,0,0,0,0,0,0,0,0,0,0,0,0,1000
2701,萬企            ,1000,0,1000,0,0,0,0,0,0,0,0,0,0,0,0,0,1000
2630,亞航            ,2000,1000,1000,0,0,0,0,0,0,0,0,0,0,0,0,0,1000
2882B,國泰金乙特      ,0,0,0,0,0,0,0,0,0,1000,1000,0,1000,0,0,0,1000
1323,永裕            ,3000,2000,1000,0,0,0,0,0,0,0,0,0,0,0,0,0,1000
07913P,友達元大01售01  ,0,0,0,0,0,0,0,0,0,1000,0,0,0,1000,0,1000,1000
07471P,南亞科元大9A售01,0,0,0,0,0,0,0,0,0,1000,0,0,0,73000,72000,1000,1000
07520P,臺股指元大9B售11,0,0,0,0,0,0,0,0,0,1000,0,0,0,5000,4000,1000,1000
07538P,玉晶光元富9A售05,0,0,0,0,0,0,0,0,0,1000,0,0,0,7000,6000,1000,1000
07596P,上証2X中信01售01,0,0,0,0,0,0,0,0,0,1000,0,0,0,1000,0,1000,1000
07030P,鈺齊群益99售01  ,0,0,0,0,0,0,0,0,0,1000,0,0,0,1000,0,1000,1000
06890P,金融類元大98售02,0,0,0,0,0,0,0,0,0,1000,0,0,0,1000,0,1000,1000
06500P,臺股指元大9A售05,0,0,0,0,0,0,0,0,0,1000,0,0,0,1000,0,1000,1000
064953,嘉晶凱基9C購02  ,0,0,0,0,0,0,0,0,0,1000,0,0,0,40000,39000,1000,1000
065386,華通兆豐9C購02  ,0,0,0,0,0,0,0,0,0,1000,0,0,0,1000,0,1000,1000
065345,台光電統一01購04,0,0,0,0,0,0,0,0,0,1000,0,0,0,1000,0,1000,1000
057221,華通國票98購03  ,0,0,0,0,0,0,0,0,0,1000,0,0,0,1000,0,1000,1000
057223,富邦金日盛99購01,0,0,0,0,0,0,0,0,0,1000,0,0,0,1000,0,1000,1000
057291,國巨國泰9A購01  ,0,0,0,0,0,0,0,0,0,1000,0,0,0,91000,90000,1000,1000
057373,大立光元大98購17,0,0,0,0,0,0,0,0,0,1000,0,0,0,1000,0,1000,1000
057325,可成群益9A購01  ,0,0,0,0,0,0,0,0,0,1000,0,0,0,3000,2000,1000,1000
056856,華通群益9A購01  ,0,0,0,0,0,0,0,0,0,1000,0,0,0,3000,2000,1000,1000
056883,美食康和98購01  ,0,0,0,0,0,0,0,0,0,1000,0,0,0,1000,0,1000,1000
056900,可成元大98購02  ,0,0,0,0,0,0,0,0,0,1000,0,0,0,1000,0,1000,1000
056902,大立光元大98購12,0,0,0,0,0,0,0,0,0,1000,0,0,0,1000,0,1000,1000
061378,南六永豐9A購03  ,0,0,0,0,0,0,0,0,0,1000,0,0,0,49000,48000,1000,1000
06141P,大立光日盛97售01,0,0,0,0,0,0,0,0,0,1000,0,0,0,1000,0,1000,1000
06145P,華新科永豐97售02,0,0,0,0,0,0,0,0,0,1000,0,0,0,1000,0,1000,1000
057988,鈺齊元富98購02  ,0,0,0,0,0,0,0,0,0,1000,0,0,0,11000,10000,1000,1000
061254,道瓊反凱基9A購02,0,0,0,0,0,0,0,0,0,1000,0,0,0,1000,0,1000,1000
056614,智邦永豐98購01  ,0,0,0,0,0,0,0,0,0,1000,0,0,0,1000,0,1000,1000
056674,華邦電元富98購01,0,0,0,0,0,0,0,0,0,1000,0,0,0,1000,0,1000,1000
056663,臺股指元大9A購10,0,0,0,0,0,0,0,0,0,1000,0,0,0,1000,0,1000,1000
056567,瀚宇博群益98購02,0,0,0,0,0,0,0,0,0,1000,0,0,0,37000,36000,1000,1000
056437,台積電凱基98購11,0,0,0,0,0,0,0,0,0,1000,0,0,0,1000,0,1000,1000
056374,聯發科統一9B購01,0,0,0,0,0,0,0,0,0,1000,0,0,0,1000,0,1000,1000
057042,台積電元大98購10,0,0,0,0,0,0,0,0,0,1000,0,0,0,1000,0,1000,1000
057027,祥碩凱基98購01  ,0,0,0,0,0,0,0,0,0,1000,0,0,0,1000,0,1000,1000
057079,台積電統一9A購02,0,0,0,0,0,0,0,0,0,1000,0,0,0,1000,0,1000,1000
057106,美律群益98購03  ,0,0,0,0,0,0,0,0,0,1000,0,0,0,1000,0,1000,1000
057640,台積電元大98購16,0,0,0,0,0,0,0,0,0,1000,0,0,0,1000,0,1000,1000
056661,臺股指元大9A購08,0,0,0,0,0,0,0,0,0,1000,0,0,0,1000,0,1000,1000
056697,緯穎群益98購01  ,0,0,0,0,0,0,0,0,0,1000,0,0,0,1000,0,1000,1000
056796,國巨麥證98購02  ,0,0,0,6000,5000,1000,0,0,0,1000,0,0,0,11000,10000,1000,1000
054170,泰鼎凱基98購01  ,0,0,0,0,0,0,0,0,0,1000,0,0,0,1000,0,1000,1000
055215,智邦凱基98購02  ,0,0,0,0,0,0,0,0,0,1000,0,0,0,1000,0,1000,1000
053293,聯發科中信9B購01,0,0,0,0,0,0,0,0,0,1000,0,0,0,1000,0,1000,1000
055087,瑞昱亞東97購01  ,0,0,0,0,0,0,0,0,0,1000,0,0,0,1000,0,1000,1000
055091,微星群益97購01  ,0,0,0,0,0,0,0,0,0,1000,0,0,0,1000,0,1000,1000
05493P,華新科富邦99售02,0,0,0,0,0,0,0,0,0,1000,0,0,0,1000,0,1000,1000
054890,聯鈞統一99購01  ,0,0,0,0,0,0,0,0,0,1000,0,0,0,1000,0,1000,1000
054916,聯發科凱基98購04,0,0,0,0,0,0,0,0,0,1000,0,0,0,1000,0,1000,1000
054725,國巨日盛97購01  ,0,0,0,0,0,0,0,0,0,1000,0,0,0,1000,0,1000,1000
053610,矽力中信98購01  ,0,0,0,0,0,0,0,0,0,1000,0,0,0,1000,0,1000,1000
053947,義隆富邦97購01  ,0,0,0,0,0,0,0,0,0,1000,0,0,0,1000,0,1000,1000
053901,T50反1凱基99購03,0,0,0,0,0,0,0,0,0,1000,0,0,0,31000,30000,1000,1000
056265,國泰金統一97購01,0,0,0,0,0,0,0,0,0,1000,0,0,0,1000,0,1000,1000
056241,緯創群益97購01  ,0,0,0,0,0,0,0,0,0,1000,0,0,0,1000,0,1000,1000
055569,聚陽統一98購01  ,0,0,0,0,0,0,0,0,0,1000,0,0,0,1000,0,1000,1000
055590,聯發科元大98購02,0,0,0,0,0,0,0,0,0,1000,0,0,0,1000,0,1000,1000
053190,聯發科統一99購01,0,0,0,0,0,0,0,0,0,1000,0,0,0,1000,0,1000,1000
045055,聯發科元富98購03,0,0,0,0,0,0,0,0,0,1000,0,0,0,1000,0,1000,1000
04514P,元石油中信97售01,0,0,0,0,0,0,0,0,0,1000,0,0,0,1000,0,1000,1000
042792,T50反1台新9C購01,0,0,0,0,0,0,0,0,0,1000,0,0,0,1000,0,1000,1000
046793,聯發科元富99購01,0,0,0,0,0,0,0,0,0,1000,0,0,0,1000,0,1000,1000
03679C,臺股指元大04牛04,0,0,0,0,0,0,0,0,0,1000,0,0,0,1000,0,1000,1000
03681C,台灣50凱基02牛02,0,0,0,0,0,0,0,0,0,1000,0,0,0,1000,0,1000,1000
055474,欣興凱基97購05  ,0,0,0,0,0,0,0,0,0,1000,0,0,0,1000,0,1000,1000
055426,旺宏群益99購02  ,0,0,0,0,0,0,0,0,0,1000,0,0,0,31000,30000,1000,1000
052806,玉晶光元大98購04,0,0,0,0,0,0,0,0,0,1000,0,0,0,2000,1000,1000,1000
051268,創意富邦97購01  ,0,0,0,0,0,0,0,0,0,1000,0,0,0,1000,0,1000,1000
051560,玉晶光國泰97購03,0,0,0,0,0,0,0,0,0,1000,0,0,0,1000,0,1000,1000
03039X,元展36          ,0,0,0,0,0,0,0,0,0,1000,0,0,0,1000,0,1000,1000
006204,永豐臺灣加權    ,0,0,0,0,0,0,0,0,0,1000,0,0,0,2000,1000,1000,1000
00688L,國泰20年美債正2 ,0,0,0,0,0,0,0,0,0,1000,0,0,0,101000,100000,1000,1000
00661,元大日經225     ,0,0,0,0,0,0,0,0,0,1000,0,0,0,1000,0,1000,1000
00666R,富邦恒生國企反1 ,0,0,0,0,0,0,0,0,0,1000,0,0,0,122000,121000,1000,1000
00657,國泰日經225     ,0,1000,-1000,0,0,0,0,0,0,2000,0,0,0,102000,100000,2000,1000
020008,元大特股高息N   ,0,0,0,0,0,0,0,0,0,1000,0,0,0,113000,112000,1000,1000
052135,聯發科凱基9B購01,0,0,0,0,0,0,0,0,0,1000,0,0,0,1000,0,1000,1000
058517,景碩元大99購06  ,0,0,0,0,0,0,0,0,0,1000,0,0,0,4000,3000,1000,1000
058534,友達統一9B購01  ,0,0,0,0,0,0,0,0,0,1000,0,0,0,64000,63000,1000,1000
059822,聯發科凱基99購19,0,0,0,0,0,0,0,0,0,1000,0,0,0,1000,0,1000,1000
061615,鴻海群益9A購06  ,0,0,0,0,0,0,0,0,0,1000,0,0,0,1000,0,1000,1000
058574,台積電群益99購03,0,0,0,0,0,0,0,0,0,1000,0,0,0,2000,1000,1000,1000
060998,華通兆豐9A購01  ,0,0,0,0,0,0,0,0,0,1000,0,0,0,1000,0,1000,1000
060988,華新科元大9A購12,0,0,0,0,0,0,0,0,0,1000,0,0,0,3000,2000,1000,1000
060954,國泰金群益9A購02,0,0,0,0,0,0,0,0,0,1000,0,0,0,1000,0,1000,1000
058443,T50正2富邦01購01,0,0,0,0,0,0,0,0,0,1000,0,0,0,1000,0,1000,1000
058448,滬深2X永豐9A購01,0,0,0,0,0,0,0,0,0,1000,0,0,0,1000,0,1000,1000
058434,旺宏統一9B購01  ,0,0,0,0,0,0,0,0,0,1000,0,0,0,1000,0,1000,1000
058748,景碩凱基9A購01  ,0,0,0,0,0,0,0,0,0,1000,0,0,0,1000,0,1000,1000
058746,華通凱基9A購02  ,0,0,0,0,0,0,0,0,0,1000,0,0,0,26000,25000,1000,1000
058308,全新元大9B購01  ,0,0,0,0,0,0,0,0,0,1000,0,0,0,3000,2000,1000,1000
058317,國巨永豐99購02  ,0,0,0,0,0,0,0,0,0,1000,0,0,0,1000,0,1000,1000
058298,聯茂凱基99購05  ,0,0,0,0,0,0,0,0,0,1000,0,0,0,45000,44000,1000,1000
058676,聯茂群益99購01  ,0,0,0,0,0,0,0,0,0,1000,0,0,0,1000,0,1000,1000
058660,樺漢中信9A購01  ,0,0,0,0,0,0,0,0,0,1000,0,0,0,1000,0,1000,1000
059996,美律元富99購01  ,0,0,0,0,0,0,0,0,0,1000,0,0,0,8000,7000,1000,1000
059770,A50正2群益9C購01,0,0,0,0,0,0,0,0,0,1000,0,0,0,1000,0,1000,1000
061148,道瓊反群益9A購02,0,0,0,0,0,0,0,0,0,1000,0,0,0,1000,0,1000,1000
060765,世芯元大9A購01  ,0,0,0,0,0,0,0,0,0,1000,0,0,0,1000,0,1000,1000
058920,SGBR2X元富99購06,0,0,0,0,0,0,0,0,0,1000,0,0,0,1000,0,1000,1000
059316,國巨元大99購23  ,0,0,0,0,0,0,0,0,0,1000,0,0,0,1000,0,1000,1000
060074,台積電元富99購04,0,0,0,0,0,0,0,0,0,1000,0,0,0,1000,0,1000,1000
059522,上証2X凱基9B購02,0,0,0,0,0,0,0,0,0,1000,0,0,0,1000,0,1000,1000
058150,中502X統一9B購01,0,0,0,0,0,0,0,0,0,1000,0,0,0,1000,0,1000,1000
059143,國巨國票9A購04  ,0,0,0,0,0,0,0,0,0,1000,0,0,0,8000,7000,1000,1000
058277,FBVIX中信03購01 ,0,0,0,0,0,0,0,0,0,1000,0,0,0,1000,0,1000,1000
061891,力山永豐9B購01  ,0,0,0,0,0,0,0,0,0,1000,0,0,0,3000,2000,1000,1000
058045,鴻海元大99購08  ,0,0,0,0,0,0,0,0,0,1000,0,0,0,21000,20000,1000,1000
058078,景碩國票99購01  ,0,0,0,0,0,0,0,0,0,1000,0,0,0,46000,45000,1000,1000
060845,欣興國票9A購01  ,0,5000,-5000,0,0,0,0,0,0,6000,0,0,0,148000,142000,6000,1000
059215,台積電元大99購28,0,0,0,0,0,0,0,0,0,1000,0,0,0,1000,0,1000,1000
059278,群創元大9A購04  ,0,0,0,0,0,0,0,0,0,1000,0,0,0,101000,100000,1000,1000
060620,玉晶光元大9A購04,0,0,0,0,0,0,0,0,0,1000,0,0,0,1000,0,1000,1000
060594,國巨麥證9A購01  ,0,0,0,1000,0,1000,0,0,0,1000,0,0,0,1000,0,1000,1000
063800,玉晶光凱基9C購02,0,0,0,0,0,0,0,0,0,1000,0,0,0,21000,20000,1000,1000
063837,亞德客元大01購01,0,0,0,0,0,0,0,0,0,1000,0,0,0,1000,0,1000,1000
063757,鴻海統一9C購16  ,0,0,0,0,0,0,0,0,0,1000,0,0,0,2000,1000,1000,1000
064209,燿華凱基01購01  ,0,0,0,0,0,0,0,0,0,1000,0,0,0,1000,0,1000,1000
064050,景碩統一01購01  ,0,0,0,0,0,0,0,0,0,1000,0,0,0,1000,0,1000,1000
064043,台積電統一9C購10,0,0,0,0,0,0,0,0,0,1000,0,0,0,1000,0,1000,1000
064734,大立光元富9C購05,0,0,0,0,0,0,0,0,0,1000,0,0,0,1000,0,1000,1000
064797,道瓊反元大01購01,0,0,0,0,0,0,0,0,0,1000,0,0,0,3000,2000,1000,1000
064558,台積電群益9C購08,0,0,0,0,0,0,0,0,0,1000,0,0,0,1000,0,1000,1000
062646,聯發科國泰01購02,0,0,0,0,0,0,0,0,0,1000,0,0,0,1000,0,1000,1000
06258P,臺股指群益97售11,0,0,0,0,0,0,0,0,0,1000,0,0,0,1000,0,1000,1000
062567,祥碩中信9C購01  ,0,0,0,0,0,0,0,0,0,1000,0,0,0,1000,0,1000,1000
061731,旺宏統一9B購06  ,0,0,0,0,0,0,0,0,0,1000,0,0,0,1000,0,1000,1000
062348,聯發科群益9B購06,0,0,0,0,0,0,0,0,0,1000,0,0,0,6000,5000,1000,1000
062541,臻鼎國泰01購01  ,0,0,0,0,0,0,0,0,0,1000,0,0,0,1000,0,1000,1000
063429,南電凱基01購01  ,0,0,0,0,0,0,0,0,0,1000,0,0,0,1000,0,1000,1000
063366,台表科富邦9C購02,0,0,0,0,0,0,0,0,0,1000,0,0,0,43000,42000,1000,1000
063017,台光電元大9B購07,0,0,0,0,0,0,0,0,0,1000,0,0,0,73000,72000,1000,1000
4566,時碩工業        ,3000,2000,1000,0,0,0,0,0,0,0,0,0,0,0,0,0,1000
4562,穎漢            ,1000,0,1000,0,0,0,0,0,0,0,0,0,0,0,0,0,1000
4930,燦星網          ,3000,2000,1000,0,0,0,0,0,0,0,0,0,0,0,0,0,1000
5484,慧友            ,1000,0,1000,0,0,0,0,0,0,0,0,0,0,0,0,0,1000
8481,政伸            ,1000,0,1000,0,0,0,0,0,0,0,0,0,0,0,0,0,1000
6442,光聖            ,1000,0,1000,0,0,0,0,0,0,0,0,0,0,0,0,0,1000
9929,秋雨            ,1000,0,1000,0,0,0,0,0,0,0,0,0,0,0,0,0,1000
1726,永記            ,1000,114,886,0,0,0,0,0,0,0,0,0,0,0,0,0,886
1603,華電            ,7000,7000,0,0,0,0,0,0,0,0,0,0,0,0,0,0,0
2539,櫻花建          ,13000,13000,0,0,0,0,0,0,0,0,0,0,0,0,0,0,0
3550,聯穎            ,2000,2000,0,0,0,0,0,0,0,0,0,0,0,0,0,0,0
07924P,台積電凱基9B售04,0,0,0,0,0,0,0,0,0,0,0,0,0,20000,20000,0,0
07941P,國巨凱基9B售07  ,0,0,0,0,0,0,0,0,0,0,0,0,0,40000,40000,0,0
07884P,華新科凱基9B售08,0,0,0,0,0,0,0,0,0,0,0,0,0,20000,20000,0,0
07972P,大立光統一9C售05,0,0,0,0,0,0,0,0,0,0,0,0,0,30000,30000,0,0
08145P,台灣50群益9B售11,0,0,0,0,0,0,0,0,0,0,0,0,0,6000,6000,0,0
08600P,臺股指元大9C售32,1000,0,1000,0,0,0,0,0,0,-1000,0,0,0,0,1000,-1000,0
08458P,南電元大9C售04  ,0,0,0,0,0,0,0,0,0,0,0,0,0,10000,10000,0,0
08527P,大立光元大01售06,0,0,0,0,0,0,0,0,0,0,0,0,0,50000,50000,0,0
08515P,鴻海群益9C售06  ,0,0,0,0,0,0,0,0,0,0,0,0,0,10000,10000,0,0
08448P,台灣50中信01售05,0,0,0,0,0,0,0,0,0,0,0,0,0,15000,15000,0,0
08349P,南六元大9C售03  ,0,0,0,0,0,0,0,0,0,0,0,0,0,41000,41000,0,0
08307P,台積電凱基9C售03,0,0,0,0,0,0,0,0,0,0,0,0,0,2000,2000,0,0
08320P,智邦統一9C售02  ,0,0,0,0,0,0,0,0,0,0,0,0,0,200000,200000,0,0
065389,聯茂兆豐9C購01  ,0,0,0,0,0,0,0,0,0,0,0,0,0,1000,1000,0,0
065380,緯穎元大9C購02  ,0,0,0,0,0,0,0,0,0,0,0,0,0,16000,16000,0,0
065354,金像電元富03購01,0,0,0,0,0,0,0,0,0,0,0,0,0,40000,40000,0,0
065239,超眾凱基02購02  ,0,0,0,0,0,0,0,0,0,0,0,0,0,54000,54000,0,0
065289,冠德群益9C購01  ,0,0,0,0,0,0,0,0,0,0,0,0,0,10000,10000,0,0
065264,亞光元大9C購02  ,0,0,0,0,0,0,0,0,0,0,0,0,0,23000,23000,0,0
065262,義隆元大9C購06  ,0,0,0,0,0,0,0,0,0,0,0,0,0,3000,3000,0,0
06527P,T50正2富邦9C售01,0,0,0,0,0,0,0,0,0,0,0,0,0,10000,10000,0,0
065418,緯創國票01購01  ,0,0,0,0,0,0,0,0,0,0,0,0,0,1000,1000,0,0
065438,緯穎凱基9C購04  ,0,0,0,0,0,0,0,0,0,0,0,0,0,3000,3000,0,0
065397,宏達電群益9C購03,0,0,0,0,0,0,0,0,0,0,0,0,0,20000,20000,0,0
065410,國巨永豐9C購01  ,0,0,0,0,0,0,0,0,0,0,0,0,0,9000,9000,0,0
065476,聯發科元大9C購14,0,0,0,0,0,0,0,0,0,0,0,0,0,18000,18000,0,0
065480,旭富元大9C購06  ,0,0,0,0,0,0,0,0,0,0,0,0,0,11000,11000,0,0
065614,緯穎元大01購02  ,0,0,0,0,0,0,0,0,0,0,0,0,0,19000,19000,0,0
065605,義隆元大01購02  ,0,0,0,0,0,0,0,0,0,0,0,0,0,27000,27000,0,0
065606,可成元大01購05  ,0,0,0,0,0,0,0,0,0,0,0,0,0,43000,43000,0,0
065607,聯詠元大9C購02  ,0,0,0,0,0,0,0,0,0,0,0,0,0,29000,29000,0,0
065597,旺宏元大01購03  ,0,0,0,0,0,0,0,0,0,0,0,0,0,1000,1000,0,0
065609,嘉澤元大01購02  ,0,0,0,0,0,0,0,0,0,0,0,0,0,6000,6000,0,0
06549P,大立光元大98售11,0,0,0,0,0,0,0,0,0,0,0,0,0,7000,7000,0,0
065541,GIS統一01購05   ,0,0,0,0,0,0,0,0,0,0,0,0,0,5000,5000,0,0
065523,茂林群益9C購03  ,0,0,0,0,0,0,0,0,0,0,0,0,0,8000,8000,0,0
065524,康控群益01購01  ,0,0,0,0,0,0,0,0,0,0,0,0,0,29000,29000,0,0
065559,超眾凱基9C購03  ,0,0,0,0,0,0,0,0,0,0,0,0,0,10000,10000,0,0
065577,超眾群益9C購02  ,0,0,0,0,0,0,0,0,0,0,0,0,0,2000,2000,0,0
065583,超眾國泰02購01  ,0,0,0,0,0,0,0,0,0,0,0,0,0,15000,15000,0,0
064877,可成兆豐9C購02  ,0,0,0,0,0,0,0,0,0,0,0,0,0,15000,15000,0,0
065020,友達富邦01購02  ,0,0,0,0,0,0,0,0,0,0,0,0,0,50000,50000,0,0
065038,上銀凱基9C購02  ,0,0,0,0,0,0,0,0,0,0,0,0,0,10000,10000,0,0
064983,力成元大9C購04  ,0,0,0,0,0,0,0,0,0,0,0,0,0,2000,2000,0,0
064981,致伸元大9C購01  ,0,0,0,0,0,0,0,0,0,0,0,0,0,68000,68000,0,0
065141,國巨凱基9C購10  ,0,0,0,0,0,0,0,0,0,0,0,0,0,1000,1000,0,0
065152,燿華群益9C購02  ,0,0,0,0,0,0,0,0,0,0,0,0,0,2000,2000,0,0
065111,瀚宇博國票01購01,0,0,0,0,0,0,0,0,0,0,0,0,0,43000,43000,0,0
065044,大立光凱基9C購06,0,0,0,0,0,0,0,0,0,0,0,0,0,35000,35000,0,0
065081,金像電元大9C購05,0,0,0,0,0,0,0,0,0,0,0,0,0,67000,67000,0,0
06885P,國巨國票99售06  ,0,0,0,0,0,0,0,0,0,0,0,0,0,25000,25000,0,0
06856P,台灣50永豐99售03,0,0,0,0,0,0,0,0,0,0,0,0,0,3000,3000,0,0
06843P,鴻海元大98售11  ,0,0,0,0,0,0,0,0,0,0,0,0,0,60000,60000,0,0
06776P,鴻海元大99售05  ,0,0,0,0,0,0,0,0,0,0,0,0,0,46000,46000,0,0
06758P,鴻海元大98售10  ,0,0,0,0,0,0,0,0,0,0,0,0,0,85000,85000,0,0
06724P,台灣50國票98售01,0,0,0,0,0,0,0,0,0,0,0,0,0,15000,15000,0,0
07040P,台灣50元大9C售02,0,0,0,0,0,0,0,0,0,0,0,0,0,40000,40000,0,0
07050P,宏達電中信9B售01,0,0,0,0,0,0,0,0,0,0,0,0,0,22000,22000,0,0
06950P,鴻海統一9B售02  ,0,0,0,0,0,0,0,0,0,0,0,0,0,23000,23000,0,0
07002P,鴻海兆豐99售04  ,0,0,0,0,0,0,0,0,0,0,0,0,0,6000,6000,0,0
07197P,臺股指元大99售13,0,0,0,0,0,0,0,0,0,0,0,0,0,28000,28000,0,0
07189P,聯發科富邦9B售03,0,0,0,0,0,0,0,0,0,0,0,0,0,100000,100000,0,0
07082P,美律元大99售06  ,0,0,0,0,0,0,0,0,0,0,0,0,0,38000,38000,0,0
07122P,欣興凱基99售05  ,0,0,0,0,0,0,0,0,0,0,0,0,0,210000,210000,0,0
07611P,大立光國票9A售05,0,0,0,0,0,0,0,0,0,0,0,0,0,21000,21000,0,0
07646P,世芯元大9A售04  ,0,0,0,0,0,0,0,0,0,0,0,0,0,14000,14000,0,0
07647P,健策國票9A售04  ,0,0,0,0,0,0,0,0,0,0,0,0,0,100000,100000,0,0
07775P,國巨群益9A售10  ,0,0,0,0,0,0,0,0,0,0,0,0,0,1000,1000,0,0
07835P,台表科群益9A售02,0,0,0,0,0,0,0,0,0,0,0,0,0,50000,50000,0,0
07808P,超眾永豐9A售04  ,0,0,0,0,0,0,0,0,0,0,0,0,0,1000,1000,0,0
07783P,聯發科富邦9C售03,0,0,0,0,0,0,0,0,0,0,0,0,0,150000,150000,0,0
07350P,台灣50國票99售11,0,0,0,0,0,0,0,0,0,0,0,0,0,100000,100000,0,0
07381P,鴻海群益99售05  ,0,0,0,0,0,0,0,0,0,0,0,0,0,20000,20000,0,0
07264P,台積電元大99售38,0,0,0,0,0,0,0,0,0,0,0,0,0,200000,200000,0,0
07257P,臺股指凱基99售37,0,0,0,0,0,0,0,0,0,0,0,0,0,10000,10000,0,0
07237P,台灣50國票99售06,0,0,0,0,0,0,0,0,0,0,0,0,0,30000,30000,0,0
00774B,新光中國政金綠債,0,0,0,0,0,0,0,0,0,0,0,0,0,2000,2000,0,0
00775B,新光投等債15+   ,0,0,0,0,0,0,0,0,0,0,0,0,0,2000,2000,0,0
00732,國泰RMB短期報酬 ,0,0,0,0,0,0,0,0,0,0,0,0,0,100000,100000,0,0
00711B,FH彭博新興債    ,0,0,0,0,0,0,0,0,0,0,0,0,0,100000,100000,0,0
00742,新光內需收益    ,0,0,0,0,0,0,0,0,0,0,70000,70000,0,193000,193000,0,0
00753L,中信中國50正2   ,460000,145000,315000,0,0,0,0,0,0,-315000,0,0,0,341000,656000,-315000,0
00657K,國泰日經225+U   ,0,0,0,0,0,0,0,0,0,0,0,0,0,100,100,0,0
00668K,國泰美國道瓊+U  ,0,0,0,0,0,0,0,0,0,0,0,0,0,100,100,0,0
00689R,國泰20年美債反1 ,0,0,0,0,0,0,0,0,0,0,0,0,0,100000,100000,0,0
006208,富邦台50        ,0,0,0,0,0,0,0,0,0,0,0,0,0,349000,349000,0,0
00636K,國泰中國A50+U   ,0,0,0,0,0,0,0,0,0,0,0,0,0,100,100,0,0
053021,國巨國泰97購04  ,0,0,0,0,0,0,0,0,0,0,0,0,0,161000,161000,0,0
052968,燿華群益98購01  ,0,0,0,0,0,0,0,0,0,0,0,0,0,29000,29000,0,0
052729,國巨國泰97購03  ,0,0,0,0,0,0,0,0,0,0,0,0,0,1000,1000,0,0
052734,台表科國泰98購02,0,0,0,0,0,0,0,0,0,0,0,0,0,16000,16000,0,0
052536,聯茂國泰97購01  ,0,0,0,0,0,0,0,0,0,0,0,0,0,30000,30000,0,0
052589,群創永豐97購01  ,0,0,0,0,0,0,0,0,0,0,0,0,0,450000,450000,0,0
052585,友達永豐97購01  ,0,0,0,0,0,0,0,0,0,0,0,0,0,20000,20000,0,0
055456,上銀富邦99購01  ,0,0,0,0,0,0,0,0,0,0,0,0,0,86000,86000,0,0
055448,健策統一97購02  ,0,0,0,0,0,0,0,0,0,0,0,0,0,648000,648000,0,0
055513,旺宏亞東98購01  ,0,0,0,0,0,0,0,0,0,0,0,0,0,1000000,1000000,0,0
03444B,臺股指元大9C熊02,0,0,0,0,0,0,0,0,0,0,0,0,0,100000,100000,0,0
046159,群創群益98購04  ,0,0,0,0,0,0,0,0,0,0,0,0,0,93000,93000,0,0
045836,群創群益98購01  ,0,0,0,0,0,0,0,0,0,0,0,0,0,10000,10000,0,0
055300,緯穎元大98購01  ,0,0,0,0,0,0,0,0,0,0,0,0,0,2000,2000,0,0
055632,群創永豐98購01  ,0,0,0,0,0,0,0,0,0,0,0,0,0,180000,180000,0,0
055553,聯發科凱基97購05,0,0,0,0,0,0,0,0,0,0,0,0,0,10000,10000,0,0
055586,旺宏元大98購06  ,0,0,0,0,0,0,0,0,0,0,0,0,0,1000,1000,0,0
054058,晶豪科國票98購01,0,0,0,0,0,0,0,0,0,0,0,0,0,30000,30000,0,0
056314,力成元大97購01  ,0,0,0,0,0,0,0,0,0,0,0,0,0,68000,68000,0,0
053971,聯發科元大97購09,0,0,0,0,0,0,0,0,0,0,0,0,0,200000,200000,0,0
057529,嘉晶元大99購02  ,0,0,0,0,0,0,0,0,0,0,0,0,0,2000,2000,0,0
057482,微星元大98購03  ,0,0,0,0,0,0,0,0,0,0,0,0,0,6000,6000,0,0
056076,超眾元大97購05  ,0,0,0,0,0,0,0,0,0,0,0,0,0,19000,19000,0,0
056029,國巨麥證98購01  ,0,0,0,0,2000,-2000,0,0,0,0,0,0,0,2000,2000,0,0
055955,微星元大97購01  ,0,0,0,0,0,0,0,0,0,0,0,0,0,11000,11000,0,0
055923,矽力凱基98購01  ,0,0,0,0,0,0,0,0,0,0,0,0,0,4000,4000,0,0
055926,國巨群益98購06  ,0,0,0,0,0,0,0,0,0,0,0,0,0,2000,2000,0,0
056020,義隆群益97購01  ,0,0,0,0,0,0,0,0,0,0,0,0,0,10000,10000,0,0
056006,義隆亞東97購01  ,0,0,0,0,0,0,0,0,0,0,0,0,0,10000,10000,0,0
054768,泰碩國票99購02  ,0,0,0,0,0,0,0,0,0,0,0,0,0,80000,80000,0,0
054755,世紀鋼凱基98購01,0,0,0,0,0,0,0,0,0,0,0,0,0,3000,3000,0,0
054835,致新中信97購01  ,0,0,0,0,0,0,0,0,0,0,0,0,0,8000,8000,0,0
054965,健策元大98購04  ,0,0,0,0,0,0,0,0,0,0,0,0,0,1000,1000,0,0
054578,世芯元大99購01  ,0,0,0,0,0,0,0,0,0,0,0,0,0,18000,18000,0,0
054580,樺漢元大98購01  ,0,0,0,0,0,0,0,0,0,0,0,0,0,54000,54000,0,0
054671,國巨國泰98購01  ,0,0,0,0,0,0,0,0,0,0,0,0,0,45000,45000,0,0
054707,聯茂亞東97購01  ,0,0,0,0,0,0,0,0,0,0,0,0,0,30000,30000,0,0
054653,聯發科麥證97購02,0,0,0,0,30000,-30000,0,0,0,0,0,0,0,30000,30000,0,0
053236,群創永豐97購02  ,0,0,0,0,0,0,0,0,0,0,0,0,0,100000,100000,0,0
053229,南電台新97購01  ,0,0,0,0,0,0,0,0,0,0,0,0,0,70000,70000,0,0
054196,台光電國泰97購02,0,0,0,0,0,0,0,0,0,0,0,0,0,10000,10000,0,0
053569,漢唐統一98購01  ,0,0,0,0,0,0,0,0,0,0,0,0,0,48000,48000,0,0
054080,微星中信98購01  ,0,0,0,0,0,0,0,0,0,0,0,0,0,20000,20000,0,0
054074,健策富邦98購01  ,0,0,0,0,0,0,0,0,0,0,0,0,0,10000,10000,0,0
053366,樺漢國泰98購01  ,0,0,0,0,0,0,0,0,0,0,0,0,0,3000,3000,0,0
056771,嘉晶元大99購01  ,0,0,0,0,0,0,0,0,0,0,0,0,0,2000,2000,0,0
056821,日電貿永豐98購01,0,0,0,0,0,0,0,0,0,0,0,0,0,68000,68000,0,0
056984,嘉晶群益98購01  ,0,0,0,0,0,0,0,0,0,0,0,0,0,2000,2000,0,0
056739,美律凱基98購04  ,0,0,0,0,0,0,0,0,0,0,0,0,0,51000,51000,0,0
057729,華新科國泰99購04,0,0,0,0,0,0,0,0,0,0,0,0,0,30000,30000,0,0
056775,康控元大99購01  ,0,0,0,0,0,0,0,0,0,0,0,0,0,196000,196000,0,0
056713,華擎永豐98購01  ,0,0,0,0,0,0,0,0,0,0,0,0,0,10000,10000,0,0
056693,國產群益98購01  ,0,0,0,0,0,0,0,0,0,0,0,0,0,100000,100000,0,0
057125,國巨凱基98購12  ,0,0,0,0,0,0,0,0,0,0,0,0,0,1000,1000,0,0
057149,京鼎國票99購02  ,0,0,0,0,0,0,0,0,0,0,0,0,0,180000,180000,0,0
057169,微星元大98購01  ,0,0,0,0,0,0,0,0,0,0,0,0,0,5000,5000,0,0
057021,台積電凱基9A購02,0,0,0,0,0,0,0,0,0,0,0,0,0,100000,100000,0,0
057751,神達國票99購02  ,0,0,0,0,0,0,0,0,0,0,0,0,0,5000,5000,0,0
05775P,台積電國泰98售02,0,0,0,0,0,0,0,0,0,0,0,0,0,500000,500000,0,0
056379,玉晶光元富98購01,0,0,0,0,0,0,0,0,0,0,0,0,0,3000,3000,0,0
056159,牧德凱基99購01  ,0,0,0,0,0,0,0,0,0,0,0,0,0,200000,200000,0,0
056611,國巨永豐98購03  ,0,0,0,0,0,0,0,0,0,0,0,0,0,5000,5000,0,0
056659,泰碩元大99購01  ,0,0,0,0,0,0,0,0,0,0,0,0,0,114000,114000,0,0
056642,旺宏凱基98購07  ,0,0,0,0,0,0,0,0,0,0,0,0,0,44000,44000,0,0
056528,為升凱基98購01  ,0,0,0,0,0,0,0,0,0,0,0,0,0,206000,206000,0,0
056504,國巨永豐98購02  ,0,0,0,0,0,0,0,0,0,0,0,0,0,6000,6000,0,0
056467,上証2X元大98購02,0,0,0,0,0,0,0,0,0,0,0,0,0,20000,20000,0,0
056451,可成凱基99購01  ,0,0,0,0,0,0,0,0,0,0,0,0,0,45000,45000,0,0
06124P,超眾元大97售03  ,0,0,0,0,0,0,0,0,0,0,0,0,0,300000,300000,0,0
061280,國巨統一9C購06  ,0,0,0,0,0,0,0,0,0,0,0,0,0,1000,1000,0,0
061340,義隆元大9A購01  ,0,0,0,0,0,0,0,0,0,0,0,0,0,2000,2000,0,0
061308,元金2X中信9A購01,0,0,0,0,0,0,0,0,0,0,0,0,0,30000,30000,0,0
057977,台光電永豐98購02,0,0,0,0,0,0,0,0,0,0,0,0,0,10000,10000,0,0
061462,國巨群益9A購11  ,0,0,0,0,0,0,0,0,0,0,0,0,0,1000,1000,0,0
061453,台達電凱基9B購01,0,0,0,0,0,0,0,0,0,0,0,0,0,20000,20000,0,0
061456,玉晶光凱基9B購05,0,0,0,0,0,0,0,0,0,0,0,0,0,10000,10000,0,0
061420,國巨元大9A購22  ,0,0,0,0,0,0,0,0,0,0,0,0,0,1000,1000,0,0
061400,可成兆豐9B購02  ,0,0,0,0,0,0,0,0,0,0,0,0,0,2000,2000,0,0
061529,國巨台新9A購02  ,0,0,0,0,0,0,0,0,0,0,0,0,0,4000,4000,0,0
061482,健策元大9C購01  ,0,0,0,0,0,0,0,0,0,0,0,0,0,15000,15000,0,0
056865,樺漢群益98購01  ,0,0,0,0,0,0,0,0,0,0,0,0,0,3000,3000,0,0
057850,上銀兆豐99購02  ,0,0,0,0,0,0,0,0,0,0,0,0,0,1200000,1200000,0,0
057856,聯鈞國票99購03  ,0,0,0,0,0,0,0,0,0,0,0,0,0,53000,53000,0,0
057899,台積電永豐98購04,0,0,0,0,0,0,0,0,0,0,0,0,0,30000,30000,0,0
057917,台積電凱基98購17,0,0,0,0,0,0,0,0,0,0,0,0,0,130000,130000,0,0
057326,景碩群益99購02  ,0,0,0,0,0,0,0,0,0,0,0,0,0,1000,1000,0,0
057365,智邦元大98購07  ,0,0,0,0,0,0,0,0,0,0,0,0,0,8000,8000,0,0
057363,華通元大99購02  ,0,0,0,0,0,0,0,0,0,0,0,0,0,1000,1000,0,0
057375,欣興元大98購09  ,0,0,0,0,0,0,0,0,0,0,0,0,0,14000,14000,0,0
057296,智原永豐98購01  ,0,0,0,0,0,0,0,0,0,0,0,0,0,219000,219000,0,0
057213,華邦電群益98購01,0,0,0,0,0,0,0,0,0,0,0,0,0,3288000,3288000,0,0
057259,台積電兆豐98購03,0,0,0,0,0,0,0,0,0,0,0,0,0,43000,43000,0,0
057252,牧德元富98購01  ,0,0,0,0,0,0,0,0,0,0,0,0,0,300000,300000,0,0
057176,全新元大99購02  ,0,0,0,0,0,0,0,0,0,0,0,0,0,100000,100000,0,0
057198,智伸科統一9B購01,0,0,0,0,0,0,0,0,0,0,0,0,0,25000,25000,0,0
060617,華新科元大9A購08,0,0,0,0,0,0,0,0,0,0,0,0,0,15000,15000,0,0
060452,儒鴻元大9A購01  ,0,0,0,0,0,0,0,0,0,0,0,0,0,7000,7000,0,0
060461,鴻海元大9A購09  ,0,0,0,0,0,0,0,0,0,0,0,0,0,31000,31000,0,0
060457,中橡元大9A購02  ,0,0,0,0,0,0,0,0,0,0,0,0,0,53000,53000,0,0
059120,致伸永豐99購01  ,0,0,0,0,0,0,0,0,0,0,0,0,0,25000,25000,0,0
058018,南亞科凱基99購03,0,0,0,0,0,0,0,0,0,0,0,0,0,50000,50000,0,0
058013,SP黃豆凱基9A購01,0,0,0,0,0,0,0,0,0,0,0,0,0,200000,200000,0,0
061203,國巨元大9A購15  ,0,0,0,0,0,0,0,0,0,0,0,0,0,62000,62000,0,0
059212,鴻海元大99購28  ,0,0,0,0,0,0,0,0,0,0,0,0,0,1000,1000,0,0
059240,台積電凱基9A購09,0,0,0,0,0,0,0,0,0,0,0,0,0,27000,27000,0,0
059241,旺宏凱基99購07  ,0,0,0,0,0,0,0,0,0,0,0,0,0,2000,2000,0,0
060401,世紀鋼國票9B購01,0,0,0,0,0,0,0,0,0,0,0,0,0,207000,207000,0,0
059009,世紀鋼元大99購04,0,0,0,0,0,0,0,0,0,0,0,0,0,13000,13000,0,0
059214,國巨元大99購20  ,0,0,0,0,0,0,0,0,0,0,0,0,0,2000,2000,0,0
060860,國巨永豐9A購02  ,0,0,0,0,0,0,0,0,0,0,0,0,0,1000,1000,0,0
060869,超眾永豐9A購02  ,0,0,0,0,0,0,0,0,0,0,0,0,0,10000,10000,0,0
060871,台灣50中信01購03,0,0,0,0,0,0,0,0,0,0,0,0,0,10000,10000,0,0
060893,台灣50凱基01購07,0,0,0,0,0,0,0,0,0,0,0,0,0,17000,17000,0,0
058839,瑞儀中信99購02  ,0,0,0,0,0,0,0,0,0,0,0,0,0,20000,20000,0,0
058073,大立光凱基99購04,0,0,0,0,0,0,0,0,0,0,0,0,0,45000,45000,0,0
058096,南電元大98購04  ,0,0,0,0,0,0,0,0,0,0,0,0,0,8000,8000,0,0
058964,群創兆豐99購01  ,0,0,0,0,0,0,0,0,0,0,0,0,0,111000,111000,0,0
058979,上銀凱基99購04  ,0,0,0,0,0,0,0,0,0,0,0,0,0,10000,10000,0,0
060370,滬深2X元富04購01,0,0,0,0,0,0,0,0,0,0,0,0,0,50000,50000,0,0
060341,國巨統一9C購02  ,0,0,0,0,0,0,0,0,0,0,0,0,0,1000,1000,0,0
060330,台灣50麥證9A購03,0,0,0,5000,5000,0,0,0,0,0,0,0,0,5000,5000,0,0
060317,台灣50群益02購01,0,0,0,0,0,0,0,0,0,0,0,0,0,17000,17000,0,0
061919,國巨凱基9B購06  ,0,0,0,0,0,0,0,0,0,0,0,0,0,1000,1000,0,0
061949,大立光群益9B購03,0,0,0,0,0,0,0,0,0,0,0,0,0,30000,30000,0,0
062071,華通元大9B購02  ,0,0,0,0,0,0,0,0,0,0,0,0,0,3000,3000,0,0
062055,鴻海統一9C購07  ,0,0,0,0,0,0,0,0,0,0,0,0,0,20000,20000,0,0
062256,聯發科元大9B購08,0,0,0,0,0,0,0,0,0,0,0,0,0,17000,17000,0,0
062261,嘉晶元大9B購02  ,0,0,0,0,0,0,0,0,0,0,0,0,0,2000,2000,0,0
062109,聯詠國票9C購01  ,0,0,0,0,0,0,0,0,0,0,0,0,0,3000,3000,0,0
062134,國巨群益9B購04  ,0,0,0,0,0,0,0,0,0,0,0,0,0,8000,8000,0,0
062138,力成群益9B購01  ,0,0,0,0,0,0,0,0,0,0,0,0,0,98000,98000,0,0
062270,上銀群益9B購03  ,0,0,0,0,0,0,0,0,0,0,0,0,0,5000,5000,0,0
058290,南電國票9A購01  ,0,0,0,0,0,0,0,0,0,0,0,0,0,1000,1000,0,0
062154,國巨凱基9C購02  ,0,0,0,0,0,0,0,0,0,0,0,0,0,1000,1000,0,0
061773,和潤元大9B購01  ,0,0,0,0,0,0,0,0,0,0,0,0,0,1000,1000,0,0
058239,景碩元大99購03  ,0,0,0,0,0,0,0,0,0,0,0,0,0,60000,60000,0,0
061836,華新科凱基05購01,0,0,0,0,0,0,0,0,0,0,0,0,0,50000,50000,0,0
061866,力山元大9C購01  ,0,0,0,0,0,0,0,0,0,0,0,0,0,5000,5000,0,0
061804,國巨中信9B購02  ,0,0,0,0,0,0,0,0,0,0,0,0,0,1000,1000,0,0
061795,智邦永豐9B購01  ,0,0,0,0,0,0,0,0,0,0,0,0,0,5000,5000,0,0
059156,台灣50凱基01購03,0,0,0,0,0,0,0,0,0,0,0,0,0,17000,17000,0,0
060485,華新科富邦9C購04,0,0,0,0,0,0,0,0,0,0,0,0,0,1000,1000,0,0
059177,臺股指凱基99購28,0,0,0,0,0,0,0,0,0,0,0,0,0,1000,1000,0,0
060498,華通元大9A購03  ,0,0,0,0,0,0,0,0,0,0,0,0,0,2000,2000,0,0
058158,台積電台新99購01,0,0,0,0,0,0,0,0,0,0,0,0,0,1000,1000,0,0
058168,國巨凱基9A購04  ,0,0,0,0,0,0,0,0,0,0,0,0,0,2000,2000,0,0
058177,華新科凱基99購02,0,0,0,0,0,0,0,0,0,0,0,0,0,4000,4000,0,0
060544,國巨凱基9B購03  ,0,0,0,0,0,0,0,0,0,0,0,0,0,1000,1000,0,0
059468,智邦元大99購02  ,0,0,0,0,0,0,0,0,0,0,0,0,0,4000,4000,0,0
059469,智邦元大99購03  ,0,0,0,0,0,0,0,0,0,0,0,0,0,13000,13000,0,0
059415,台灣50元大9A購03,0,0,0,0,0,0,0,0,0,0,0,0,0,5000,5000,0,0
059369,滬深2X元富9C購01,0,0,0,0,0,0,0,0,0,0,0,0,0,10000,10000,0,0
059350,樺漢凱基9A購01  ,0,0,0,0,0,0,0,0,0,0,0,0,0,1000,1000,0,0
059600,緯穎元大99購07  ,0,0,0,0,0,0,0,0,0,0,0,0,0,6000,6000,0,0
059619,台積電日盛9A購04,0,0,0,0,0,0,0,0,0,0,0,0,0,2000,2000,0,0
059573,健策凱基9A購02  ,0,0,0,0,0,0,0,0,0,0,0,0,0,3000,3000,0,0
059660,華新科元大9A購04,0,0,0,0,0,0,0,0,0,0,0,0,0,4000,4000,0,0
059707,健策凱基9A購03  ,0,0,0,0,0,0,0,0,0,0,0,0,0,5000,5000,0,0
059669,台灣50元富9B購05,0,0,0,0,0,0,0,0,0,0,0,0,0,17000,17000,0,0
060055,宏達電凱基99購06,0,0,0,0,0,0,0,0,0,0,0,0,0,24000,24000,0,0
060097,華新科元大99購23,0,0,0,0,0,0,0,0,0,0,0,0,0,2000,2000,0,0
058812,台積電統一9B購06,0,0,0,0,0,0,0,0,0,0,0,0,0,2000,2000,0,0
058825,同欣電富邦9A購01,0,0,0,0,0,0,0,0,0,0,0,0,0,10000,10000,0,0
058791,鴻海元大99購17  ,0,0,0,0,0,0,0,0,0,0,0,0,0,5000,5000,0,0
060163,健策永豐9B購01  ,0,0,0,0,0,0,0,0,0,0,0,0,0,2000,2000,0,0
060160,聯陽永豐9A購01  ,0,0,0,0,0,0,0,0,0,0,0,0,0,5000,5000,0,0
060125,強茂永豐99購01  ,0,0,0,0,0,0,0,0,0,0,0,0,0,5000,5000,0,0
060776,世芯凱基9B購01  ,0,0,0,0,0,0,0,0,0,0,0,0,0,10000,10000,0,0
060729,國巨群益9A購05  ,0,0,0,0,0,0,0,0,0,0,0,0,0,9000,9000,0,0
060788,嘉晶富邦9B購01  ,0,0,0,0,0,0,0,0,0,0,0,0,0,14000,14000,0,0
060803,台灣50群益9A購13,0,0,0,0,0,0,0,0,0,0,0,0,0,17000,17000,0,0
060835,亞德客國票9A購01,0,0,0,0,0,0,0,0,0,0,0,0,0,20000,20000,0,0
060656,國巨統一9C購03  ,0,0,0,0,0,0,0,0,0,0,0,0,0,1000,1000,0,0
06067P,華新科康和97售01,0,0,0,0,0,0,0,0,0,0,0,0,0,30000,30000,0,0
061150,國巨群益9A購09  ,0,0,0,0,0,0,0,0,0,0,0,0,0,17000,17000,0,0
061119,國巨永豐9A購03  ,0,0,0,0,0,0,0,0,0,0,0,0,0,1000,1000,0,0
059755,宏達電國泰9A購01,0,0,0,0,0,0,0,0,0,0,0,0,0,19000,19000,0,0
059783,旺宏元大99購17  ,0,0,0,0,0,0,0,0,0,0,0,0,0,10000,10000,0,0
059784,台光電元大9A購01,0,0,0,0,0,0,0,0,0,0,0,0,0,20000,20000,0,0
059717,國巨元大99購21  ,0,0,0,0,0,0,0,0,0,0,0,0,0,5000,5000,0,0
059726,華新科元大99購18,0,0,0,0,0,0,0,0,0,0,0,0,0,4000,4000,0,0
059990,健策元大9A購01  ,0,0,0,0,0,0,0,0,0,0,0,0,0,17000,17000,0,0
059984,華新科元大99購21,0,0,0,0,0,0,0,0,0,0,0,0,0,4000,4000,0,0
059985,華新科元大99購22,0,0,0,0,0,0,0,0,0,0,0,0,0,3000,3000,0,0
059940,微星永豐99購01  ,0,0,0,0,0,0,0,0,0,0,0,0,0,30000,30000,0,0
058729,國巨永豐99購03  ,0,0,0,0,0,0,0,0,0,0,0,0,0,9000,9000,0,0
061104,華新科元大9A購13,0,0,0,0,0,0,0,0,0,0,0,0,0,3000,3000,0,0
061063,國巨凱基9A購14  ,0,0,0,0,0,0,0,0,0,0,0,0,0,1000,1000,0,0
058743,可成康和99購01  ,0,0,0,0,0,0,0,0,0,0,0,0,0,2000,2000,0,0
058420,聯發科麥證99購03,0,0,0,0,20000,-20000,0,0,0,0,0,0,0,20000,20000,0,0
060966,台表科凱基9B購01,0,0,0,0,0,0,0,0,0,0,0,0,0,10000,10000,0,0
059912,國巨元大99購28  ,0,0,0,0,0,0,0,0,0,0,0,0,0,8000,8000,0,0
059925,可成國泰9B購01  ,0,0,0,0,0,0,0,0,0,0,0,0,0,2000,2000,0,0
058600,國巨元大99購15  ,0,0,0,0,0,0,0,0,0,0,0,0,0,11000,11000,0,0
058654,鴻海中信03購01  ,0,0,0,0,0,0,0,0,0,0,0,0,0,1000,1000,0,0
06154P,超眾元大98售01  ,0,0,0,0,0,0,0,0,0,0,0,0,0,100000,100000,0,0
061556,台積電國票9A購08,0,0,0,0,0,0,0,0,0,0,0,0,0,40000,40000,0,0
05984P,台積電統一98售01,0,0,0,0,0,0,0,0,0,0,0,0,0,270000,270000,0,0
058538,智邦台新99購02  ,0,0,0,0,0,0,0,0,0,0,0,0,0,75000,75000,0,0
058519,嘉澤元大99購01  ,0,0,0,0,0,0,0,0,0,0,0,0,0,8000,8000,0,0
058502,鴻海元大99購13  ,0,0,0,0,0,0,0,0,0,0,0,0,0,14000,14000,0,0
063015,微星元大9B購01  ,0,0,0,0,0,0,0,0,0,0,0,0,0,6000,6000,0,0
062999,聯茂國票9C購01  ,0,0,0,0,0,0,0,0,0,0,0,0,0,3000,3000,0,0
063021,大立光元大9C購05,0,0,0,0,0,0,0,0,0,0,0,0,0,50000,50000,0,0
063052,國巨統一9C購10  ,0,0,0,0,0,0,0,0,0,0,0,0,0,1000,1000,0,0
063084,可成凱基9C購01  ,0,0,0,0,0,0,0,0,0,0,0,0,0,1000,1000,0,0
063268,GIS中信9B購01   ,0,0,0,0,0,0,0,0,0,0,0,0,0,4000,4000,0,0
063271,中磊兆豐9C購01  ,0,0,0,0,0,0,0,0,0,0,0,0,0,5000,5000,0,0
063234,國巨元大9C購03  ,0,0,0,0,0,0,0,0,0,0,0,0,0,1000,1000,0,0
063178,聯發科兆豐9B購04,0,0,0,0,0,0,0,0,0,0,0,0,0,3000,3000,0,0
063370,國巨永豐9B購03  ,0,0,0,0,0,0,0,0,0,0,0,0,0,2000,2000,0,0
063346,TPK統一9C購01   ,0,0,0,0,0,0,0,0,0,0,0,0,0,20000,20000,0,0
063342,台光電統一9B購02,0,0,0,0,0,0,0,0,0,0,0,0,0,15000,15000,0,0
063300,華通凱基9B購05  ,0,0,0,0,0,0,0,0,0,0,0,0,0,11000,11000,0,0
063420,奇力新凱基9B購03,0,0,0,0,0,0,0,0,0,0,0,0,0,57000,57000,0,0
063416,台積電凱基9B購10,0,0,0,0,0,0,0,0,0,0,0,0,0,5000,5000,0,0
063385,可成中信9C購01  ,0,0,0,0,0,0,0,0,0,0,0,0,0,1000,1000,0,0
063382,南茂永豐9B購01  ,0,0,0,0,0,0,0,0,0,0,0,0,0,10000,10000,0,0
063534,鴻海統一9B購07  ,0,0,0,0,0,0,0,0,0,0,0,0,0,1000,1000,0,0
063472,茂林元大9B購04  ,0,0,0,0,0,0,0,0,0,0,0,0,0,60000,60000,0,0
063462,金像電元大9C購01,0,0,0,0,0,0,0,0,0,0,0,0,0,50000,50000,0,0
062513,玉晶光國票9C購01,0,0,0,0,0,0,0,0,0,0,0,0,0,6000,6000,0,0
062500,國巨群益01購01  ,0,0,0,0,0,0,0,0,0,0,0,0,0,24000,24000,0,0
062478,牧德國票9B購03  ,0,0,0,0,0,0,0,0,0,0,0,0,0,2000,2000,0,0
062202,國巨國票9C購04  ,0,0,0,0,0,0,0,0,0,0,0,0,0,7000,7000,0,0
062152,國巨麥證9C購01  ,0,0,0,0,1000,-1000,0,0,0,0,0,0,0,1000,1000,0,0
061738,聯發科凱基9B購04,0,0,0,0,0,0,0,0,0,0,0,0,0,3000,3000,0,0
062387,健策國泰01購01  ,0,0,0,0,0,0,0,0,0,0,0,0,0,11000,11000,0,0
062426,大立光統一02購02,0,0,0,0,0,0,0,0,0,0,0,0,0,60000,60000,0,0
062446,聯詠元大9B購02  ,0,0,0,0,0,0,0,0,0,0,0,0,0,51000,51000,0,0
062441,華新科元大9C購01,0,0,0,0,0,0,0,0,0,0,0,0,0,2000,2000,0,0
062695,華通元大9C購01  ,0,0,0,0,0,0,0,0,0,0,0,0,0,50000,50000,0,0
062724,可成凱基9B購04  ,0,0,0,0,0,0,0,0,0,0,0,0,0,1000,1000,0,0
062717,華邦電凱基9C購01,0,0,0,0,0,0,0,0,0,0,0,0,0,31000,31000,0,0
062942,嘉澤凱基9B購02  ,0,0,0,0,0,0,0,0,0,0,0,0,0,13000,13000,0,0
06294P,臺股指國票97售08,0,0,0,0,0,0,0,0,0,0,0,0,0,45000,45000,0,0
062865,臺股指國票9B購22,0,0,0,0,0,0,0,0,0,0,0,0,0,10000,10000,0,0
062902,智邦元大9B購07  ,0,0,0,0,0,0,0,0,0,0,0,0,0,4000,4000,0,0
06278P,臺股指凱基97售10,0,0,0,0,0,0,0,0,0,0,0,0,0,5000,5000,0,0
062795,國巨統一9B購15  ,0,0,0,0,0,0,0,0,0,0,0,0,0,4000,4000,0,0
064528,國巨中信02購01  ,0,0,0,0,0,0,0,0,0,0,0,0,0,1000,1000,0,0
064541,元黃金凱基01購02,0,0,0,0,0,0,0,0,0,0,0,0,0,15000,15000,0,0
064521,群創群益02購01  ,0,0,0,0,0,0,0,0,0,0,0,0,0,90000,90000,0,0
064429,鴻海凱基03購03  ,0,0,0,0,0,0,0,0,0,0,0,0,0,108000,108000,0,0
064416,南亞科中信01購01,0,0,0,0,0,0,0,0,0,0,0,0,0,43000,43000,0,0
064437,可成凱基02購01  ,0,0,0,0,0,0,0,0,0,0,0,0,0,2000,2000,0,0
064341,聯詠元大9C購01  ,0,0,0,0,0,0,0,0,0,0,0,0,0,32000,32000,0,0
064395,華新科永豐9C購02,0,0,0,0,0,0,0,0,0,0,0,0,0,3000,3000,0,0
06427P,鴻海元大97售13  ,0,0,0,0,0,0,0,0,0,0,0,0,0,15000,15000,0,0
064787,和潤群益9C購01  ,0,0,0,0,0,0,0,0,0,0,0,0,0,1000,1000,0,0
064772,FBVIX群益9C購04 ,0,0,0,0,0,0,0,0,0,0,0,0,0,10000,10000,0,0
064685,裕隆群益9C購01  ,0,0,0,0,0,0,0,0,0,0,0,0,0,118000,118000,0,0
064060,同欣電麥證01購01,0,0,0,5000,5000,0,0,0,0,0,0,0,0,5000,5000,0,0
064001,華通凱基02購01  ,0,0,0,0,0,0,0,0,0,0,0,0,0,10000,10000,0,0
063960,南電元大9C購03  ,0,0,0,0,0,0,0,0,0,0,0,0,0,1000,1000,0,0
064222,玉山金國票01購01,0,0,0,0,0,0,0,0,0,0,0,0,0,48000,48000,0,0
064166,和潤統一02購01  ,0,0,0,0,0,0,0,0,0,0,0,0,0,89000,89000,0,0
064127,聯發科元大9C購06,0,0,0,0,0,0,0,0,0,0,0,0,0,36000,36000,0,0
064133,力成元大9C購01  ,0,0,0,0,0,0,0,0,0,0,0,0,0,68000,68000,0,0
063689,可成永豐9B購04  ,0,0,0,0,0,0,0,0,0,0,0,0,0,14000,14000,0,0
063610,儒鴻群益9B購02  ,0,0,0,0,0,0,0,0,0,0,0,0,0,98000,98000,0,0
6674,鋐寶科技        ,1000,1000,0,0,0,0,0,0,0,0,0,0,0,0,0,0,0
8996,高力            ,60000,60000,0,0,0,0,0,0,0,0,0,0,0,0,0,0,0
9912,偉聯            ,2000,2000,0,0,0,0,0,0,0,0,0,0,0,0,0,0,0
6139,亞翔            ,38000,38000,0,0,0,0,0,0,0,0,0,0,0,0,0,0,0
4581,光隆精密-KY     ,3000,3000,0,0,0,0,0,0,0,0,0,0,0,0,0,0,0
6625,必應            ,0,50,-50,0,0,0,0,0,0,0,0,0,0,0,0,0,-50
07255P,國巨凱基99售15  ,0,0,0,0,0,0,0,0,0,-1000,0,0,0,12000,13000,-1000,-1000
07279P,台灣50台新99售02,0,0,0,0,0,0,0,0,0,-1000,0,0,0,0,1000,-1000,-1000
07442P,華航康和9A售02  ,0,0,0,0,0,0,0,0,0,-1000,0,0,0,5000,6000,-1000,-1000
07799P,南電國票9A售04  ,0,1000,-1000,0,0,0,0,0,0,0,0,0,0,21000,21000,0,-1000
06999P,玉晶光國票9B售01,0,0,0,0,0,0,0,0,0,-1000,0,0,0,39000,40000,-1000,-1000
06643P,大立光兆豐98售01,0,0,0,0,0,0,0,0,0,-1000,0,0,0,0,1000,-1000,-1000
065106,S&P反1國票9C購02,0,0,0,0,0,0,0,0,0,-1000,0,0,0,0,1000,-1000,-1000
06495P,華新科亞東9A售01,0,0,0,0,0,0,0,0,0,-1000,0,0,0,0,1000,-1000,-1000
064899,大立光群益9C購06,0,0,0,0,0,0,0,0,0,-1000,0,0,0,98000,99000,-1000,-1000
06583P,可成凱基98售07  ,0,0,0,0,0,0,0,0,0,-1000,0,0,0,98000,99000,-1000,-1000
065417,嘉晶國票01購02  ,0,0,0,0,0,0,0,0,0,-1000,0,0,0,2000,3000,-1000,-1000
065322,聯發科凱基01購05,0,0,0,0,0,0,0,0,0,-1000,0,0,0,0,1000,-1000,-1000
065323,聯發科凱基9C購09,0,0,0,0,0,0,0,0,0,-1000,0,0,0,0,1000,-1000,-1000
08496P,金像電國票01售02,0,0,0,0,0,0,0,0,0,-1000,0,0,0,38000,39000,-1000,-1000
08550P,台灣50群益02售04,0,0,0,0,0,0,0,0,0,-1000,0,0,0,0,1000,-1000,-1000
08034P,台積電兆豐9B售02,0,0,0,0,0,0,0,0,0,-1000,0,0,0,0,1000,-1000,-1000
08043P,電子類群益9B售01,0,0,0,0,0,0,0,0,0,-1000,0,0,0,30000,31000,-1000,-1000
07900P,臺股指凱基9B售03,0,0,0,0,0,0,0,0,0,-1000,0,0,0,0,1000,-1000,-1000
3025,星通            ,2000,3000,-1000,0,0,0,0,0,0,0,0,0,0,0,0,0,-1000
2497,怡利電          ,4000,5000,-1000,0,0,0,0,0,0,0,0,0,0,0,0,0,-1000
1539,巨庭            ,0,1000,-1000,0,0,0,0,0,0,0,0,0,0,0,0,0,-1000
1529,樂士            ,8000,9000,-1000,0,0,0,0,0,0,0,0,0,0,0,0,0,-1000
1454,台富            ,4000,5000,-1000,0,0,0,0,0,0,0,0,0,0,0,0,0,-1000
057225,華新凱基98購01  ,0,0,0,0,0,0,0,0,0,-1000,0,0,0,23000,24000,-1000,-1000
057295,可成永豐98購02  ,0,0,0,0,0,0,0,0,0,-1000,0,0,0,0,1000,-1000,-1000
057315,台灣50康和9A購03,0,0,0,0,0,0,0,0,0,-1000,0,0,0,0,1000,-1000,-1000
057957,嘉晶元大98購01  ,0,0,0,0,0,0,0,0,0,-1000,0,0,0,3000,4000,-1000,-1000
061510,嘉澤富邦9C購01  ,0,0,0,0,0,0,0,0,0,-1000,0,0,0,0,1000,-1000,-1000
061436,上銀凱基9A購07  ,0,0,0,0,0,0,0,0,0,-1000,0,0,0,0,1000,-1000,-1000
056498,A50正2富邦9B購01,0,0,0,0,0,0,0,0,0,-1000,0,0,0,0,1000,-1000,-1000
056193,聯發科富邦99購08,0,0,0,0,0,0,0,0,0,-1000,0,0,0,0,1000,-1000,-1000
056176,創意元富97購01  ,0,0,0,0,0,0,0,0,0,-1000,0,0,0,0,1000,-1000,-1000
057752,臺股指國票98購08,0,0,0,0,0,0,0,0,0,-1000,0,0,0,0,1000,-1000,-1000
057078,國巨統一9A購02  ,0,0,0,0,0,0,0,0,0,-1000,0,0,0,49000,50000,-1000,-1000
056686,可成統一98購01  ,0,0,0,0,0,0,0,0,0,-1000,0,0,0,0,1000,-1000,-1000
056813,聯茂統一99購01  ,0,0,0,0,0,0,0,0,0,-1000,0,0,0,0,1000,-1000,-1000
053400,緯穎中信9A購01  ,0,0,0,0,0,0,0,0,0,-1000,0,0,0,0,1000,-1000,-1000
054090,瑞昱群益97購01  ,0,0,0,0,0,0,0,0,0,-1000,0,0,0,0,1000,-1000,-1000
054884,友達統一99購01  ,0,0,0,0,0,0,0,0,0,-1000,0,0,0,0,1000,-1000,-1000
054055,全新國票99購02  ,0,0,0,0,0,0,0,0,0,-1000,0,0,0,0,1000,-1000,-1000
053630,奇鋐兆豐97購01  ,0,0,0,0,0,0,0,0,0,-1000,0,0,0,1000,2000,-1000,-1000
056320,京鼎群益99購01  ,0,0,0,0,0,0,0,0,0,-1000,0,0,0,461000,462000,-1000,-1000
055527,旺宏群益99購03  ,0,0,0,0,0,0,0,0,0,-1000,0,0,0,0,1000,-1000,-1000
055805,矽力永豐97購01  ,0,0,0,0,0,0,0,0,0,-1000,0,0,0,5000,6000,-1000,-1000
055798,聯茂富邦98購01  ,0,0,0,0,0,0,0,0,0,-1000,0,0,0,0,1000,-1000,-1000
054367,鴻海中信98購03  ,0,1000,-1000,0,0,0,0,0,0,0,0,0,0,0,0,0,-1000
03449B,臺股指元大01熊01,0,0,0,0,0,0,0,0,0,-1000,0,0,0,0,1000,-1000,-1000
03684C,臺股指元大06牛01,0,0,0,0,0,0,0,0,0,-1000,0,0,0,0,1000,-1000,-1000
038489,T50反1台新9A購01,0,0,0,0,0,0,0,0,0,-1000,0,0,0,0,1000,-1000,-1000
03857P,聯發科元富99售02,0,0,0,0,0,0,0,0,0,-1000,0,0,0,0,1000,-1000,-1000
03675C,臺股指元大04牛02,0,0,0,0,0,0,0,0,0,-1000,0,0,0,0,1000,-1000,-1000
055477,同欣電凱基98購01,0,0,0,0,0,0,0,0,0,-1000,0,0,0,0,1000,-1000,-1000
055446,奇力新統一9A購01,0,0,0,0,0,0,0,0,0,-1000,0,0,0,23000,24000,-1000,-1000
050283,T50反1凱基9A購01,0,0,0,0,0,0,0,0,0,-1000,0,0,0,0,1000,-1000,-1000
049200,元黃金群益98購01,0,0,0,0,0,0,0,0,0,-1000,0,0,0,0,1000,-1000,-1000
052470,華新科亞東97購01,0,0,0,0,0,0,0,0,0,-1000,0,0,0,0,1000,-1000,-1000
051907,台積電元大97購05,0,0,0,0,0,0,0,0,0,-1000,0,0,0,2000,3000,-1000,-1000
03028X,元展25          ,0,0,0,0,0,0,0,0,0,-1000,0,0,0,0,1000,-1000,-1000
03015X,元展15          ,0,0,0,0,0,0,0,0,0,-1000,0,0,0,0,1000,-1000,-1000
061595,智易永豐9A購02  ,0,0,0,0,0,0,0,0,0,-1000,0,0,0,2000,3000,-1000,-1000
058639,南電兆豐99購01  ,0,0,0,0,0,0,0,0,0,-1000,0,0,0,5000,6000,-1000,-1000
058580,華新科群益99購02,0,0,0,0,0,0,0,0,0,-1000,0,0,0,0,1000,-1000,-1000
059899,上証2X元大9C購04,0,0,0,0,0,0,0,0,0,-1000,0,0,0,0,1000,-1000,-1000
060955,大立光群益9A購02,0,0,0,0,0,0,0,0,0,-1000,0,0,0,0,1000,-1000,-1000
060002,T50反1群益9A購01,0,0,0,0,0,0,0,0,0,-1000,0,0,0,0,1000,-1000,-1000
061059,世芯國票9B購01  ,0,0,0,0,0,0,0,0,0,-1000,0,0,0,0,1000,-1000,-1000
060239,國揚元大9C購01  ,0,0,0,0,0,0,0,0,0,-1000,0,0,0,7000,8000,-1000,-1000
059803,S&P正2元富9B購03,0,0,0,0,0,0,0,0,0,-1000,0,0,0,0,1000,-1000,-1000
060287,燿華元大9A購01  ,0,0,0,0,0,0,0,0,0,-1000,0,0,0,11000,12000,-1000,-1000
060782,道瓊指富邦9C購01,0,0,0,0,0,0,0,0,0,-1000,0,0,0,0,1000,-1000,-1000
060734,華通統一9C購01  ,0,0,0,0,0,0,0,0,0,-1000,0,0,0,0,1000,-1000,-1000
060728,上証2X群益9C購05,0,0,0,0,0,0,0,0,0,-1000,0,0,0,1000,2000,-1000,-1000
060073,台積電元富99購03,0,0,0,0,0,0,0,0,0,-1000,0,0,0,0,1000,-1000,-1000
059681,華新科國泰9B購02,0,0,0,0,0,0,0,0,0,-1000,0,0,0,0,1000,-1000,-1000
059566,台積電凱基9A購11,0,0,0,0,0,0,0,0,0,-1000,0,0,0,0,1000,-1000,-1000
05953P,台積電國票98售02,0,0,0,0,0,0,0,0,0,-1000,0,0,0,0,1000,-1000,-1000
059605,臺股指元大9A購42,0,0,0,0,0,0,0,0,0,-1000,0,0,0,0,1000,-1000,-1000
059327,南茂元大99購01  ,0,0,0,0,0,0,0,0,0,-1000,0,0,0,0,1000,-1000,-1000
059389,國巨凱基99購14  ,0,0,0,0,0,0,0,0,0,-1000,0,0,0,2000,3000,-1000,-1000
059476,道瓊指群益9C購01,0,0,0,0,0,0,0,0,0,-1000,0,0,0,0,1000,-1000,-1000
059489,上証2X國票9A購01,0,0,0,0,0,0,0,0,0,-1000,0,0,0,1000,2000,-1000,-1000
058118,瑞昱群益99購01  ,0,0,0,0,0,0,0,0,0,-1000,0,0,0,0,1000,-1000,-1000
058164,FBVIX凱基03購02 ,0,0,0,0,0,0,0,0,0,-1000,0,0,0,0,1000,-1000,-1000
059151,臺股指國票99購14,0,0,0,0,0,0,0,0,0,-1000,0,0,0,9000,10000,-1000,-1000
059133,臺股指群益99購08,0,0,0,0,0,0,0,0,0,-1000,0,0,0,0,1000,-1000,-1000
059176,臺股指凱基99購27,0,0,0,0,0,0,0,0,0,-1000,0,0,0,4000,5000,-1000,-1000
062289,緯穎群益9B購01  ,0,0,0,0,0,0,0,0,0,-1000,0,0,0,42000,43000,-1000,-1000
062304,臺指反凱基9B購01,0,0,0,0,0,0,0,0,0,-1000,0,0,0,0,1000,-1000,-1000
062076,美律元大9B購02  ,0,0,0,0,0,0,0,0,0,-1000,0,0,0,0,1000,-1000,-1000
060380,T50反1凱基9A購08,0,0,0,0,0,0,0,0,0,-1000,0,0,0,0,1000,-1000,-1000
058020,大立光凱基99購03,0,0,0,0,0,0,0,0,0,-1000,0,0,0,0,1000,-1000,-1000
058044,鴻海元大99購07  ,0,0,0,0,0,0,0,0,0,-1000,0,0,0,21000,22000,-1000,-1000
058828,大毅永豐99購01  ,0,0,0,0,0,0,0,0,0,-1000,0,0,0,27000,28000,-1000,-1000
058890,元油2X元大9C購06,0,0,0,0,0,0,0,0,0,-1000,0,0,0,0,1000,-1000,-1000
060925,華新科永豐9A購01,0,0,0,0,0,0,0,0,0,-1000,0,0,0,0,1000,-1000,-1000
060887,台積電統一01購01,0,0,0,0,0,0,0,0,0,-1000,0,0,0,0,1000,-1000,-1000
060844,大立光國票9A購07,0,0,0,0,0,0,0,0,0,-1000,0,0,0,10000,11000,-1000,-1000
059049,元油2X凱基9A購12,0,0,0,0,0,0,0,0,0,-1000,0,0,0,0,1000,-1000,-1000
059047,元油2X凱基9A購10,0,0,0,0,0,0,0,0,0,-1000,0,0,0,0,1000,-1000,-1000
059276,可成元大99購06  ,0,0,0,0,0,0,0,0,0,-1000,0,0,0,0,1000,-1000,-1000
059277,群創元大99購05  ,0,0,0,0,0,0,0,0,0,-1000,0,0,0,8000,9000,-1000,-1000
061224,道瓊反中信01購01,0,0,0,0,0,0,0,0,0,-1000,0,0,0,0,1000,-1000,-1000
058014,上銀凱基99購02  ,0,0,0,0,0,0,0,0,0,-1000,0,0,0,0,1000,-1000,-1000
060568,SP黃豆永豐9A購01,0,0,0,0,0,0,0,0,0,-1000,0,0,0,0,1000,-1000,-1000
063887,香港2X中信02購01,0,0,0,0,0,0,0,0,0,-1000,0,0,0,1000,2000,-1000,-1000
064245,GIS統一02購02   ,0,0,0,0,0,0,0,0,0,-1000,0,0,0,0,1000,-1000,-1000
063949,大立光元大9C購10,0,0,0,0,0,0,0,0,0,-1000,0,0,0,0,1000,-1000,-1000
064631,臺股指元大9C購17,0,0,0,0,0,0,0,0,0,-1000,0,0,0,0,1000,-1000,-1000
064732,GIS統一01購03   ,0,0,0,0,0,0,0,0,0,-1000,0,0,0,0,1000,-1000,-1000
06443P,台積電凱基99售01,0,0,0,0,0,0,0,0,0,-1000,0,0,0,0,1000,-1000,-1000
064526,臺股指群益9C購11,0,0,0,0,0,0,0,0,0,-1000,0,0,0,25000,26000,-1000,-1000
064504,玉晶光元大01購02,0,0,0,0,0,0,0,0,0,-1000,0,0,0,32000,33000,-1000,-1000
06453P,群創元大9B售02  ,0,0,0,0,0,0,0,0,0,-1000,0,0,0,49000,50000,-1000,-1000
062805,台勝科統一9C購01,0,0,0,0,0,0,0,0,0,-1000,0,0,0,100000,101000,-1000,-1000
062818,大立光兆豐9C購01,0,0,0,0,0,0,0,0,0,-1000,0,0,0,0,1000,-1000,-1000
062905,聯發科元大9B購13,0,0,0,0,0,0,0,0,0,-1000,0,0,0,0,1000,-1000,-1000
062926,嘉澤國票9B購01  ,0,0,0,0,0,0,0,0,0,-1000,0,0,0,9000,10000,-1000,-1000
06243P,亞光元富97售01  ,0,0,0,0,0,0,0,0,0,-1000,0,0,0,29000,30000,-1000,-1000
062453,聚陽群益9C購01  ,0,0,0,0,0,0,0,0,0,-1000,0,0,0,25000,26000,-1000,-1000
062405,泰鼎永豐9B購02  ,0,0,0,0,0,0,0,0,0,-1000,0,0,0,0,1000,-1000,-1000
061740,華新科凱基03購01,0,0,0,0,0,0,0,0,0,-1000,0,0,0,0,1000,-1000,-1000
062148,奇鋐國票9B購01  ,0,0,0,0,0,0,0,0,0,-1000,0,0,0,0,1000,-1000,-1000
063544,華新科台新9B購02,0,0,0,0,0,0,0,0,0,-1000,0,0,0,0,1000,-1000,-1000
063317,大立光群益9B購06,0,0,0,0,0,0,0,0,0,-1000,0,0,0,0,1000,-1000,-1000
063371,南亞科永豐9B購01,0,0,0,0,0,0,0,0,0,-1000,0,0,0,8000,9000,-1000,-1000
063375,牧德永豐9B購02  ,0,0,0,0,0,0,0,0,0,-1000,0,0,0,0,1000,-1000,-1000
063167,同欣電永豐9B購03,0,0,0,0,0,0,0,0,0,-1000,0,0,0,0,1000,-1000,-1000
063193,聯發科台新9B購02,0,0,0,0,0,0,0,0,0,-1000,0,0,0,0,1000,-1000,-1000
063194,華新科台新9B購01,0,0,0,0,0,0,0,0,0,-1000,0,0,0,0,1000,-1000,-1000
063208,鈺齊統一9C購01  ,0,0,0,0,0,0,0,0,0,-1000,0,0,0,83000,84000,-1000,-1000
063214,康控國票9C購01  ,0,0,0,0,0,0,0,0,0,-1000,0,0,0,35000,36000,-1000,-1000
063161,祥碩富邦9B購02  ,0,0,0,0,0,0,0,0,0,-1000,0,0,0,0,1000,-1000,-1000
063251,同欣電元大9B購04,0,0,0,0,0,0,0,0,0,-1000,0,0,0,19000,20000,-1000,-1000
6641,基士德-KY       ,0,1000,-1000,0,0,0,0,0,0,0,0,0,0,0,0,0,-1000
6666,羅麗芬-KY       ,1000,2000,-1000,0,0,0,0,0,0,0,0,0,0,0,0,0,-1000
6405,悅城            ,0,0,0,0,0,0,0,0,0,-1000,0,1000,-1000,0,0,0,-1000
8482,商億-KY         ,1000,2000,-1000,0,0,0,0,0,0,0,0,0,0,0,0,0,-1000
8443,阿瘦            ,1000,2000,-1000,0,0,0,0,0,0,0,0,0,0,0,0,0,-1000
5284,jpp-KY          ,4000,5000,-1000,0,0,0,0,0,0,0,0,0,0,0,0,0,-1000
6214,精誠            ,260000,280576,-20576,0,0,0,0,0,0,19000,30000,10000,20000,0,1000,-1000,-1576
1521,大億            ,0,2000,-2000,0,0,0,0,0,0,0,0,0,0,0,0,0,-2000
1805,寶徠            ,0,2000,-2000,0,0,0,0,0,0,0,0,0,0,0,0,0,-2000
2904,匯僑            ,0,2000,-2000,0,0,0,0,0,0,0,0,0,0,0,0,0,-2000
3593,力銘            ,1000,2000,-1000,0,0,0,0,0,0,-1000,0,1000,-1000,0,0,0,-2000
07920P,大立光中信01售01,0,0,0,0,0,0,0,0,0,-2000,0,0,0,1000,3000,-2000,-2000
08037P,台表科群益9B售02,0,0,0,0,0,0,0,0,0,-2000,0,0,0,28000,30000,-2000,-2000
08161P,台表科元富9B售02,0,0,0,0,0,0,0,0,0,-2000,0,0,0,19000,21000,-2000,-2000
08081P,台灣50元大9B售20,0,0,0,0,0,0,0,0,0,-2000,0,0,0,0,2000,-2000,-2000
08265P,臺股指元大9C售03,0,0,0,0,0,0,0,0,0,-2000,0,0,0,0,2000,-2000,-2000
1339,昭輝            ,13000,15000,-2000,0,0,0,0,0,0,0,0,0,0,0,0,0,-2000
08416P,T50反1元大9C售07,0,0,0,0,0,0,0,0,0,-2000,0,0,0,0,2000,-2000,-2000
065358,台灣50元大9C購48,0,0,0,0,0,0,0,0,0,-2000,0,0,0,0,2000,-2000,-2000
064974,燿華元大9C購03  ,0,0,0,0,0,0,0,0,0,-2000,0,0,0,55000,57000,-2000,-2000
065124,燿華永豐9C購03  ,0,0,0,0,0,0,0,0,0,-2000,0,0,0,0,2000,-2000,-2000
065050,世芯凱基9C購01  ,0,0,0,0,0,0,0,0,0,-2000,0,0,0,83000,85000,-2000,-2000
065056,臺股指凱基9C購20,0,0,0,0,0,0,0,0,0,-2000,0,0,0,0,2000,-2000,-2000
065215,義隆國泰02購02  ,0,0,0,0,0,0,0,0,0,-2000,0,0,0,66000,68000,-2000,-2000
065187,聯發科統一02購02,0,0,0,0,0,0,0,0,0,-2000,0,0,0,0,2000,-2000,-2000
06625P,華新科統一98售03,0,0,0,0,0,0,0,0,0,-2000,0,0,0,0,2000,-2000,-2000
06803P,臺股指群益98售09,0,0,0,0,0,0,0,0,0,-2000,0,0,0,10000,12000,-2000,-2000
06804P,臺股指群益98售10,0,0,0,0,0,0,0,0,0,-2000,0,0,0,6000,8000,-2000,-2000
06924P,台積電群益98售07,0,0,0,0,0,0,0,0,0,-2000,0,0,0,0,2000,-2000,-2000
07065P,臺股指元大9A售26,0,0,0,0,0,0,0,0,0,-2000,0,0,0,19000,21000,-2000,-2000
07820P,臺股指國票9A售11,0,0,0,0,0,0,0,0,0,-2000,0,0,0,18000,20000,-2000,-2000
07626P,台灣50凱基04售07,0,0,0,0,0,0,0,0,0,-2000,0,0,0,0,2000,-2000,-2000
07462P,臺股指元大9B售05,0,0,0,0,0,0,0,0,0,-2000,0,0,0,0,2000,-2000,-2000
07363P,大立光元大99售26,0,0,0,0,0,0,0,0,0,-2000,0,0,0,0,2000,-2000,-2000
07359P,台積電元大99售45,0,0,0,0,0,0,0,0,0,-2000,0,0,0,0,2000,-2000,-2000
0051,元大中型100     ,1000,1000,0,0,0,0,0,0,0,-2000,0,0,0,4000,6000,-2000,-2000
03052X,元展49          ,0,0,0,0,0,0,0,0,0,-2000,0,0,0,0,2000,-2000,-2000
052885,高鐵兆豐98購01  ,0,0,0,0,0,0,0,0,0,-2000,0,0,0,0,2000,-2000,-2000
051485,玉晶光凱基97購02,0,0,0,0,0,0,0,0,0,-2000,0,0,0,98000,100000,-2000,-2000
049759,元黃金富邦9A購01,0,0,0,0,0,0,0,0,0,-2000,0,0,0,1000,3000,-2000,-2000
035276,南亞科台新97購01,0,0,0,0,0,0,0,0,0,-2000,0,0,0,30000,32000,-2000,-2000
054356,可成兆豐97購01  ,0,0,0,0,0,0,0,0,0,-2000,0,0,0,1000,3000,-2000,-2000
057471,昇陽半永豐98購02,0,0,0,0,0,0,0,0,0,-2000,0,0,0,0,2000,-2000,-2000
057481,技嘉元大98購04  ,0,0,0,0,0,0,0,0,0,-2000,0,0,0,0,2000,-2000,-2000
054218,S&P反1統一98購02,0,0,0,0,0,0,0,0,0,-2000,0,0,0,0,2000,-2000,-2000
053798,台積電中信98購02,0,0,0,0,0,0,0,0,0,-2000,0,0,0,31000,33000,-2000,-2000
054421,臺股指元大99購03,0,0,0,0,0,0,0,0,0,-2000,0,0,0,0,2000,-2000,-2000
057675,同欣電元大98購02,0,0,0,0,0,0,0,0,0,-2000,0,0,0,48000,50000,-2000,-2000
057817,景碩元大98購01  ,0,0,0,0,0,0,0,0,0,-2000,0,0,0,0,2000,-2000,-2000
057028,台郡凱基99購02  ,0,0,0,0,0,0,0,0,0,-2000,0,0,0,20000,22000,-2000,-2000
056471,台光電元大99購01,0,0,0,0,0,0,0,0,0,-2000,0,0,0,10000,12000,-2000,-2000
061673,仁寶元大9B購01  ,0,0,0,0,0,0,0,0,0,-2000,0,0,0,118000,120000,-2000,-2000
061263,微星凱基9A購01  ,0,0,0,0,0,0,0,0,0,-2000,0,0,0,0,2000,-2000,-2000
057353,玉晶光統一99購01,0,0,0,0,0,0,0,0,0,-2000,0,0,0,42000,44000,-2000,-2000
057428,正崴兆豐98購01  ,0,0,0,0,0,0,0,0,0,-2000,0,0,0,177000,179000,-2000,-2000
060624,玉晶光元大9C購02,0,0,0,0,0,0,0,0,0,-2000,0,0,0,0,2000,-2000,-2000
059264,台光電中信99購02,0,0,0,0,0,0,0,0,0,-2000,0,0,0,18000,20000,-2000,-2000
060846,欣興國票9A購02  ,0,0,0,0,0,0,0,0,0,-2000,0,0,0,1000,3000,-2000,-2000
058047,可成元大98購11  ,0,0,0,0,0,0,0,0,0,-2000,0,0,0,0,2000,-2000,-2000
061943,上銀群益9B購02  ,0,0,0,0,0,0,0,0,0,-2000,0,0,0,0,2000,-2000,-2000
061958,鴻海統一01購01  ,0,0,0,0,0,0,0,0,0,-2000,0,0,0,13000,15000,-2000,-2000
061924,聯發科凱基9C購01,0,0,0,0,0,0,0,0,0,-2000,0,0,0,1000,3000,-2000,-2000
061874,義隆元大9B購02  ,0,0,0,0,0,0,0,0,0,-2000,0,0,0,1000,3000,-2000,-2000
058216,TPK群益99購01   ,0,0,0,0,0,0,0,0,0,-2000,0,0,0,3000,5000,-2000,-2000
059688,燿華永豐99購01  ,0,0,0,0,0,0,0,0,0,-2000,0,0,0,5000,7000,-2000,-2000
060056,大立光凱基9B購01,0,0,0,0,0,0,0,0,0,-2000,0,0,0,18000,20000,-2000,-2000
058796,可成元大99購04  ,0,0,0,0,0,0,0,0,0,-2000,0,0,0,68000,70000,-2000,-2000
060226,道瓊反元大9A購01,0,0,0,0,0,0,0,0,0,-2000,0,0,0,255000,257000,-2000,-2000
059326,康友元大99購01  ,0,0,0,0,0,0,0,0,0,-2000,0,0,0,275000,277000,-2000,-2000
061127,美食永豐9A購01  ,0,0,0,0,0,0,0,0,0,-2000,0,0,0,10000,12000,-2000,-2000
061144,玉晶光中信9B購02,0,0,0,0,0,0,0,0,0,-2000,0,0,0,48000,50000,-2000,-2000
061130,牧德永豐9A購04  ,0,0,0,0,0,0,0,0,0,-2000,0,0,0,225000,227000,-2000,-2000
058310,大立光元大99購10,0,0,0,0,0,0,0,0,0,-2000,0,0,0,0,2000,-2000,-2000
058360,台光電凱基9A購02,0,0,0,0,0,0,0,0,0,-2000,0,0,0,0,2000,-2000,-2000
061105,宏達電元大9A購04,0,0,0,0,0,0,0,0,0,-2000,0,0,0,195000,197000,-2000,-2000
058772,茂林兆豐9A購01  ,0,0,0,0,0,0,0,0,0,-2000,0,0,0,265000,267000,-2000,-2000
059923,緯穎元大99購09  ,0,0,0,0,0,0,0,0,0,-2000,0,0,0,4000,6000,-2000,-2000
060968,台灣50元大9C購28,0,0,0,0,0,0,0,0,0,-2000,0,0,0,0,2000,-2000,-2000
061604,台光電凱基9B購01,0,0,0,0,0,0,0,0,0,-2000,0,0,0,0,2000,-2000,-2000
058506,台積電元大99購09,0,0,0,0,0,0,0,0,0,-2000,0,0,0,676000,678000,-2000,-2000
058564,元金2X凱基9C購01,0,0,0,0,0,0,0,0,0,-2000,0,0,0,0,2000,-2000,-2000
063244,華新科元大9B購11,0,0,0,0,0,0,0,0,0,-2000,0,0,0,98000,100000,-2000,-2000
063211,道瓊銀國票9B購01,0,0,0,0,0,0,0,0,0,-2000,0,0,0,0,2000,-2000,-2000
062937,旺宏凱基9B購08  ,0,0,0,0,0,0,0,0,0,-2000,0,0,0,9000,11000,-2000,-2000
063470,泰鼎元大9B購03  ,0,0,0,0,0,0,0,0,0,-2000,0,0,0,8000,10000,-2000,-2000
062483,致新國票9B購01  ,0,0,0,0,0,0,0,0,0,-2000,0,0,0,9000,11000,-2000,-2000
062533,嘉澤統一9C購01  ,0,0,0,0,0,0,0,0,0,-2000,0,0,0,18000,20000,-2000,-2000
062440,聯發科元大9B購11,0,0,0,0,0,0,0,0,0,-2000,0,0,0,0,2000,-2000,-2000
062909,大立光元大9C購04,0,0,0,0,0,0,0,0,0,-2000,0,0,0,0,2000,-2000,-2000
062863,聯茂國票9B購01  ,0,0,0,0,0,0,0,0,0,-2000,0,0,0,1000,3000,-2000,-2000
062723,聯發科凱基9B購09,0,0,0,0,0,0,0,0,0,-2000,0,0,0,0,2000,-2000,-2000
062749,元金2X中信9B購01,0,0,0,0,0,0,0,0,0,-2000,0,0,0,13000,15000,-2000,-2000
062690,華擎統一9B購01  ,0,0,0,0,0,0,0,0,0,-2000,0,0,0,0,2000,-2000,-2000
062585,鴻海統一9C購14  ,0,0,0,0,0,0,0,0,0,-2000,0,0,0,0,2000,-2000,-2000
064745,聯鈞國票01購01  ,0,0,0,0,0,0,0,0,0,-2000,0,0,0,152000,154000,-2000,-2000
064845,華通元富9C購02  ,0,0,0,0,0,0,0,0,0,-2000,0,0,0,1000,3000,-2000,-2000
064691,友達群益9C購04  ,0,0,0,0,0,0,0,0,0,-2000,0,0,0,40000,42000,-2000,-2000
06466P,台積電統一9B售01,0,0,0,0,0,0,0,0,0,-2000,0,0,0,10000,12000,-2000,-2000
06424P,大成鋼永豐97售01,0,0,0,0,0,0,0,0,0,-2000,0,0,0,16000,18000,-2000,-2000
063695,上銀第一9B購01  ,0,0,0,0,0,0,0,0,0,-2000,0,0,0,0,2000,-2000,-2000
063700,台積電群益9B購09,0,0,0,0,0,0,0,0,0,-2000,0,0,0,0,2000,-2000,-2000
6698,旭暉應材        ,11000,13000,-2000,0,0,0,0,0,0,0,0,0,0,0,0,0,-2000
8466,美吉吉-KY       ,0,2000,-2000,0,0,0,0,0,0,0,0,0,0,0,0,0,-2000
8473,山林水          ,0,2000,-2000,0,0,0,0,0,0,0,0,0,0,0,0,0,-2000
6184,大豐電          ,14000,16000,-2000,0,0,0,0,0,0,0,0,0,0,0,0,0,-2000
5608,四維航          ,68000,70000,-2000,0,0,0,0,0,0,0,0,0,0,0,0,0,-2000
9943,好樂迪          ,16000,18000,-2000,0,0,0,0,0,0,0,0,0,0,0,0,0,-2000
07274P,上証2X群益01售01,0,0,0,0,0,0,0,0,0,-3000,0,0,0,0,3000,-3000,-3000
07219P,臺股指凱基99售32,0,0,0,0,0,0,0,0,0,-3000,0,0,0,17000,20000,-3000,-3000
07107P,臺股指統一99售07,0,0,0,0,0,0,0,0,0,-3000,0,0,0,0,3000,-3000,-3000
06687P,A50正2中信9A售01,0,0,0,0,0,0,0,0,0,-3000,0,0,0,0,3000,-3000,-3000
065167,華通元大02購01  ,0,0,0,0,0,0,0,0,0,-3000,0,0,0,0,3000,-3000,-3000
065027,玉晶光中信03購01,0,0,0,0,0,0,0,0,0,-3000,0,0,0,350000,353000,-3000,-3000
065381,緯穎元大9C購03  ,0,0,0,0,0,0,0,0,0,-3000,0,0,0,0,3000,-3000,-3000
065425,國巨凱基01購03  ,0,0,0,0,0,0,0,0,0,-3000,0,0,0,2000,5000,-3000,-3000
065608,緯創元大9C購04  ,0,0,0,0,0,0,0,0,0,-3000,0,0,0,0,3000,-3000,-3000
08389P,技嘉國票9C售01  ,0,0,0,0,0,0,0,0,0,-3000,0,0,0,30000,33000,-3000,-3000
08397P,國巨元富9C售04  ,0,0,0,0,0,0,0,0,0,-3000,0,0,0,1000,4000,-3000,-3000
1312A,國喬特          ,0,0,0,0,0,0,0,0,0,-3000,1000,4000,-3000,0,0,0,-3000
1220,台榮            ,3000,0,3000,0,0,0,0,0,0,-6000,0,6000,-6000,0,0,0,-3000
08553P,嘉澤群益9C售01  ,0,0,0,0,0,0,0,0,0,-3000,0,0,0,182000,185000,-3000,-3000
08229P,祥碩國票9B售04  ,0,0,0,0,0,0,0,0,0,-3000,0,0,0,26000,29000,-3000,-3000
08175P,金像電統一9B售02,0,0,0,0,0,0,0,0,0,-3000,0,0,0,22000,25000,-3000,-3000
3229,晟鈦            ,13000,5000,8000,0,0,0,0,0,0,-11000,0,11000,-11000,0,0,0,-3000
3011,今皓            ,2000,5000,-3000,0,0,0,0,0,0,0,0,0,0,0,0,0,-3000
3013,晟銘電          ,11000,14000,-3000,0,0,0,0,0,0,0,0,0,0,0,0,0,-3000
3055,蔚華科          ,17000,20000,-3000,0,0,0,0,0,0,0,0,0,0,0,0,0,-3000
2820,華票            ,139000,132000,7000,0,0,0,0,0,0,-10000,0,10000,-10000,0,0,0,-3000
2609,陽明            ,158000,161000,-3000,0,0,0,0,0,0,0,0,0,0,0,0,0,-3000
2601,益航            ,102000,102000,0,0,0,0,0,0,0,-3000,0,3000,-3000,0,0,0,-3000
2488,漢平            ,4000,7000,-3000,0,0,0,0,0,0,0,0,0,0,0,0,0,-3000
2491,吉祥全          ,0,3000,-3000,0,0,0,0,0,0,0,0,0,0,0,0,0,-3000
2038,海光            ,7000,10000,-3000,0,0,0,0,0,0,0,0,0,0,0,0,0,-3000
2358,廷鑫            ,1000,4000,-3000,0,0,0,0,0,0,0,0,0,0,0,0,0,-3000
057346,鴻海統一98購13  ,0,0,0,0,0,0,0,0,0,-3000,0,0,0,80000,83000,-3000,-3000
057823,神達元大98購01  ,0,0,0,0,0,0,0,0,0,-3000,0,0,0,476000,479000,-3000,-3000
057451,大立光元富9B購01,0,0,0,0,0,0,0,0,0,-3000,0,0,0,0,3000,-3000,-3000
06138P,台積電中信99售01,0,0,0,0,0,0,0,0,0,-3000,0,0,0,0,3000,-3000,-3000
061524,華通凱基9A購07  ,0,0,0,0,0,0,0,0,0,-3000,0,0,0,0,3000,-3000,-3000
06148P,台積電元大97售17,0,0,0,0,0,0,0,0,0,-3000,0,0,0,0,3000,-3000,-3000
056534,京元電凱基98購01,0,0,0,0,0,0,0,0,0,-3000,0,0,0,0,3000,-3000,-3000
057605,旺宏統一99購03  ,0,0,0,0,0,0,0,0,0,-3000,0,0,0,0,3000,-3000,-3000
054543,元金2X中信01購01,0,0,0,0,0,0,0,0,0,-3000,0,0,0,0,3000,-3000,-3000
054526,道瓊反統一98購01,0,0,0,0,0,0,0,0,0,-3000,0,0,0,0,3000,-3000,-3000
053561,玉晶光國泰98購01,0,0,0,0,0,0,0,0,0,-3000,0,0,0,7000,10000,-3000,-3000
053345,欣興國票97購02  ,0,0,0,0,0,0,0,0,0,-3000,0,0,0,0,3000,-3000,-3000
053582,英業達元大97購01,0,0,0,0,0,0,0,0,0,-3000,0,0,0,12000,15000,-3000,-3000
055521,S&P反1群益01購01,0,0,0,0,0,0,0,0,0,-3000,0,0,0,0,3000,-3000,-3000
051911,大立光元大98購02,0,0,0,0,0,0,0,0,0,-3000,0,0,0,0,3000,-3000,-3000
052766,玉晶光群益9A購01,0,0,0,0,0,0,0,0,0,-3000,0,0,0,2000,5000,-3000,-3000
051739,奇力新國票97購01,0,0,0,0,0,0,0,0,0,-3000,0,0,0,0,3000,-3000,-3000
00707R,元大S&P日圓反1  ,0,0,0,0,0,0,0,0,0,-3000,0,0,0,1000,4000,-3000,-3000
061532,和大統一9C購02  ,0,0,0,0,0,0,0,0,0,-3000,0,0,0,0,3000,-3000,-3000
060957,SP黃豆凱基9A購04,0,0,0,0,0,0,0,0,0,-3000,0,0,0,0,3000,-3000,-3000
058572,百和凱基9A購01  ,0,0,0,0,0,0,0,0,0,-3000,0,0,0,3000,6000,-3000,-3000
058598,T50反1元大99購04,0,0,0,0,0,0,0,0,0,-3000,0,0,0,37000,40000,-3000,-3000
058457,創意永豐99購01  ,0,0,0,0,0,0,0,0,0,-3000,0,0,0,331000,334000,-3000,-3000
060010,義隆群益99購02  ,0,0,0,0,0,0,0,0,0,-3000,0,0,0,0,3000,-3000,-3000
061095,台積電台新9B購03,0,0,0,0,0,0,0,0,0,-3000,0,0,0,10000,13000,-3000,-3000
058673,華新科群益9A購02,0,0,0,0,0,0,0,0,0,-3000,0,0,0,0,3000,-3000,-3000
059761,國巨永豐99購06  ,0,0,0,0,0,0,0,0,0,-3000,0,0,0,9000,12000,-3000,-3000
060221,大立光凱基9A購07,0,0,0,0,0,0,0,0,0,-3000,0,0,0,0,3000,-3000,-3000
060158,廣達永豐9A購01  ,0,0,0,0,0,0,0,0,0,-3000,0,0,0,141000,144000,-3000,-3000
059513,揚明光永豐99購01,0,0,0,0,0,0,0,0,0,-3000,0,0,0,1000,4000,-3000,-3000
058266,宏達電永豐99購01,0,0,0,0,0,0,0,0,0,-3000,0,0,0,0,3000,-3000,-3000
060521,鴻海中信01購03  ,0,0,0,0,0,0,0,0,0,-3000,0,0,0,0,3000,-3000,-3000
060522,鴻海中信9A購03  ,0,0,0,0,0,0,0,0,0,-3000,0,0,0,90000,93000,-3000,-3000
060346,華新科統一01購01,0,0,0,0,0,0,0,0,0,-3000,0,0,0,44000,47000,-3000,-3000
058055,華擎統一9A購01  ,0,0,0,0,0,0,0,0,0,-3000,0,0,0,3000,6000,-3000,-3000
060583,南亞科元富9A購05,0,0,0,0,0,0,0,0,0,-3000,0,0,0,18000,21000,-3000,-3000
060576,欣興中信9B購01  ,0,0,0,0,0,0,0,0,0,-3000,0,0,0,2000,5000,-3000,-3000
063737,大立光元大9C購07,0,0,0,0,0,0,0,0,0,-3000,0,0,0,17000,20000,-3000,-3000
063911,大立光凱基9C購03,0,0,0,0,0,0,0,0,0,-3000,0,0,0,0,3000,-3000,-3000
064302,美律兆豐01購01  ,0,0,0,0,0,0,0,0,0,-3000,0,0,0,11000,14000,-3000,-3000
06435P,臺股指群益98售02,0,0,0,0,0,0,0,0,0,-3000,0,0,0,0,3000,-3000,-3000
062568,緯穎中信9C購01  ,0,0,0,0,0,0,0,0,0,-3000,0,0,0,0,3000,-3000,-3000
062598,華通台新9B購02  ,0,0,0,0,0,0,0,0,0,-3000,0,0,0,0,3000,-3000,-3000
062634,玉晶光國票9B購03,0,0,0,0,0,0,0,0,0,-3000,0,0,0,0,3000,-3000,-3000
062750,可成中信9B購01  ,0,0,0,0,0,0,0,0,0,-3000,0,0,0,0,3000,-3000,-3000
062896,中興電元大9B購01,0,0,0,0,0,0,0,0,0,-3000,0,0,0,2000,5000,-3000,-3000
06284P,台積電國票98售03,0,0,0,0,0,0,0,0,0,-3000,0,0,0,15000,18000,-3000,-3000
061707,超眾國票9B購01  ,0,0,0,0,0,0,0,0,0,-3000,0,0,0,0,3000,-3000,-3000
062551,緯穎永豐9B購02  ,0,0,0,0,0,0,0,0,0,-3000,0,0,0,0,3000,-3000,-3000
063446,台光電統一01購02,0,0,0,0,0,0,0,0,0,-3000,0,0,0,1000,4000,-3000,-3000
063595,燿華中信9B購02  ,0,0,0,0,0,0,0,0,0,-3000,0,0,0,0,3000,-3000,-3000
063337,國巨統一02購02  ,0,0,0,0,0,0,0,0,0,-3000,0,0,0,17000,20000,-3000,-3000
9942,茂順            ,3000,6000,-3000,0,0,0,0,0,0,0,0,0,0,0,0,0,-3000
6141,柏承            ,41000,44000,-3000,0,0,0,0,0,0,0,0,0,0,0,0,0,-3000
4439,冠星-KY         ,0,3000,-3000,0,0,0,0,0,0,0,0,0,0,0,0,0,-3000
1506,正道            ,11000,15000,-4000,0,0,0,0,0,0,0,0,0,0,0,0,0,-4000
3016,嘉晶            ,569000,553000,16000,0,0,0,0,0,0,-20000,5000,6000,-1000,33000,52000,-19000,-4000
08256P,台積電元大9C售02,0,0,0,0,0,0,0,0,0,-4000,0,0,0,46000,50000,-4000,-4000
08105P,景碩元大9B售01  ,0,0,0,0,0,0,0,0,0,-4000,0,0,0,101000,105000,-4000,-4000
08467P,長榮航統一9C售01,0,0,0,0,0,0,0,0,0,-4000,0,0,0,0,4000,-4000,-4000
1232,大統益          ,7000,11000,-4000,0,0,0,0,0,0,0,0,0,0,0,0,0,-4000
08598P,立積元大9C售04  ,0,0,0,0,0,0,0,0,0,-4000,0,0,0,0,4000,-4000,-4000
08419P,元金2X群益9C售01,0,0,0,0,0,0,0,0,0,-4000,0,0,0,0,4000,-4000,-4000
065372,漢唐元大9C購02  ,0,0,0,0,0,0,0,0,0,-4000,0,0,0,0,4000,-4000,-4000
064930,南六統一02購02  ,0,0,0,0,0,0,0,0,0,-4000,0,0,0,0,4000,-4000,-4000
064891,台達電群益9C購01,0,0,0,0,0,0,0,0,0,-4000,0,0,0,84000,88000,-4000,-4000
06700P,臺股指統一99售05,0,0,0,0,0,0,0,0,0,-4000,0,0,0,0,4000,-4000,-4000
07609P,台灣50國票9C售04,0,0,0,0,0,0,0,0,0,-4000,0,0,0,0,4000,-4000,-4000
03427B,臺股指元大9A熊02,0,0,0,0,0,0,0,0,0,-4000,0,0,0,168000,172000,-4000,-4000
051375,道瓊反群益9A購01,0,0,0,0,0,0,0,0,0,-4000,0,0,0,4000,8000,-4000,-4000
055532,中工群益98購01  ,0,0,0,0,0,0,0,0,0,-4000,0,0,0,0,4000,-4000,-4000
03448B,臺股指元大9C熊11,0,0,0,0,0,0,0,0,0,-4000,0,0,0,0,4000,-4000,-4000
03662C,FBVIX凱基03牛01 ,0,0,0,0,0,0,0,0,0,-4000,0,0,0,11000,15000,-4000,-4000
050890,南電富邦99購01  ,0,0,0,0,0,0,0,0,0,-4000,0,0,0,130000,134000,-4000,-4000
057491,美食元大98購03  ,0,0,0,0,0,0,0,0,0,-4000,0,0,0,0,4000,-4000,-4000
055813,聯發科國票98購04,0,0,0,0,0,0,0,0,0,-4000,0,0,0,10000,14000,-4000,-4000
056635,亞德客日盛99購01,0,0,0,0,0,0,0,0,0,-4000,0,0,0,12000,16000,-4000,-4000
057703,矽力群益98購01  ,0,0,0,0,0,0,0,0,0,-4000,0,0,0,0,4000,-4000,-4000
06136P,華新科國泰99售02,0,0,0,0,0,0,0,0,0,-4000,0,0,0,0,4000,-4000,-4000
061316,台積電凱基9A購24,0,0,0,0,0,0,0,0,0,-4000,0,0,0,0,4000,-4000,-4000
057964,緯穎元大99購03  ,0,0,0,0,0,0,0,0,0,-4000,0,0,0,20000,24000,-4000,-4000
057232,京元電凱基98購02,0,0,0,0,0,0,0,0,0,-4000,0,0,0,105000,109000,-4000,-4000
061214,華擎元大9A購04  ,0,0,0,0,0,0,0,0,0,-4000,0,0,0,20000,24000,-4000,-4000
058977,SGBR2X凱基03購01,0,0,0,0,0,0,0,0,0,-4000,0,0,0,1000,5000,-4000,-4000
060931,GIS永豐9A購01   ,0,0,0,0,0,0,0,0,0,-4000,0,0,0,0,4000,-4000,-4000
058901,美律元大99購07  ,0,0,0,0,0,0,0,0,0,-4000,0,0,0,0,4000,-4000,-4000
058835,元油2X中信9C購02,0,0,0,0,0,0,0,0,0,-4000,0,0,0,0,4000,-4000,-4000
058170,國巨凱基9A購06  ,0,0,0,0,0,0,0,0,0,-4000,0,0,0,0,4000,-4000,-4000
058140,臻鼎元大99購02  ,0,0,0,0,0,0,0,0,0,-4000,0,0,0,100000,104000,-4000,-4000
060526,台積電中信9A購02,0,0,0,0,0,0,0,0,0,-4000,0,0,0,0,4000,-4000,-4000
061892,亞德客永豐9B購01,0,0,0,0,0,0,0,0,0,-4000,0,0,0,1000,5000,-4000,-4000
059456,智易永豐99購01  ,0,0,0,0,0,0,0,0,0,-4000,0,0,0,25000,29000,-4000,-4000
060098,華新科元大99購24,0,0,0,0,0,0,0,0,0,-4000,0,0,0,6000,10000,-4000,-4000
059778,上証2X元大9C購03,0,0,0,0,0,0,0,0,0,-4000,0,0,0,0,4000,-4000,-4000
058631,鈺齊國票9A購01  ,0,0,0,0,0,0,0,0,0,-4000,0,0,0,1000,5000,-4000,-4000
058567,華新科凱基9A購02,0,0,0,0,0,0,0,0,0,-4000,0,0,0,1000,5000,-4000,-4000
063011,台積電元大9C購01,0,0,0,0,0,0,0,0,0,-4000,0,0,0,0,4000,-4000,-4000
063046,聯發科兆豐9C購01,0,0,0,0,0,0,0,0,0,-4000,0,0,0,2000,6000,-4000,-4000
062442,華新科元大9C購02,0,0,0,0,0,0,0,0,0,-4000,0,0,0,12000,16000,-4000,-4000
062649,緯穎富邦9B購03  ,0,0,0,0,0,0,0,0,0,-4000,0,0,0,1000,5000,-4000,-4000
064268,緯穎永豐9C購01  ,0,0,0,0,0,0,0,0,0,-4000,0,0,0,0,4000,-4000,-4000
063774,GIS富邦9B購02   ,0,0,0,0,0,0,0,0,0,-4000,0,0,0,10000,14000,-4000,-4000
063946,聯發科元大9C購04,0,0,0,0,0,0,0,0,0,-4000,0,0,0,39000,43000,-4000,-4000
064082,緯創中信06購01  ,0,0,0,0,0,0,0,0,0,-4000,0,0,0,88000,92000,-4000,-4000
6164,華興            ,7000,11000,-4000,0,0,0,0,0,0,0,0,0,0,0,0,0,-4000
8480,泰昇-KY         ,1000,5000,-4000,0,0,0,0,0,0,0,0,0,0,0,0,0,-4000
07587P,台灣50國票9A售11,0,0,0,0,0,0,0,0,0,-5000,0,0,0,0,5000,-5000,-5000
07637P,國巨國票9A售08  ,0,0,0,0,0,0,0,0,0,-5000,0,0,0,5000,10000,-5000,-5000
07285P,上証2X群益01售02,0,0,0,0,0,0,0,0,0,-5000,0,0,0,0,5000,-5000,-5000
07260P,台灣50元大9A售01,0,0,0,0,0,0,0,0,0,-5000,0,0,0,0,5000,-5000,-5000
07487P,鴻海國票9A售01  ,0,0,0,0,0,0,0,0,0,-5000,0,0,0,0,5000,-5000,-5000
07388P,臺股指群益9C售07,0,0,0,0,0,0,0,0,0,-5000,0,0,0,0,5000,-5000,-5000
07517P,台積電元大9A售17,0,0,0,0,0,0,0,0,0,-5000,0,0,0,7000,12000,-5000,-5000
06634P,欣興國票98售02  ,0,0,0,0,0,0,0,0,0,-5000,0,0,0,0,5000,-5000,-5000
06767P,台積電永昌99售03,0,0,0,0,0,0,0,0,0,-5000,0,0,0,0,5000,-5000,-5000
06834P,訊芯群益99售02  ,0,0,0,0,0,0,0,0,0,-5000,0,0,0,0,5000,-5000,-5000
06884P,台郡群益98售03  ,0,0,0,0,0,0,0,0,0,-5000,0,0,0,0,5000,-5000,-5000
06900P,FBVIX國票12售01 ,0,0,0,0,0,0,0,0,0,-5000,0,0,0,10000,15000,-5000,-5000
07215P,大立光凱基99售07,0,0,0,0,0,0,0,0,0,-5000,0,0,0,35000,40000,-5000,-5000
06992P,玉晶光日盛9B售01,0,0,0,0,0,0,0,0,0,-5000,0,0,0,0,5000,-5000,-5000
064913,燿華統一02購01  ,0,0,0,0,0,0,0,0,0,-5000,0,0,0,0,5000,-5000,-5000
064949,南亞科凱基9C購01,0,0,0,0,0,0,0,0,0,-5000,0,0,0,8000,13000,-5000,-5000
06502P,A50中信98售01   ,0,0,0,0,0,0,0,0,0,-5000,0,0,0,0,5000,-5000,-5000
065107,道瓊反國票9C購03,0,0,0,0,0,0,0,0,0,-5000,0,0,0,0,5000,-5000,-5000
065228,南亞科凱基01購03,0,0,0,0,0,0,0,0,0,-5000,0,0,0,0,5000,-5000,-5000
06564P,國巨富邦9A售04  ,0,0,0,0,0,0,0,0,0,-5000,0,0,0,5000,10000,-5000,-5000
06579P,臺股指麥證98售03,0,0,0,0,5000,-5000,0,0,0,-5000,0,0,0,0,5000,-5000,-5000
065474,旺宏元大9C購06  ,0,0,0,0,0,0,0,0,0,-5000,0,0,0,0,5000,-5000,-5000
065437,台表科凱基9C購03,0,0,0,0,0,0,0,0,0,-5000,0,0,0,50000,55000,-5000,-5000
08447P,緯穎永豐9C售02  ,0,0,0,0,0,0,0,0,0,-5000,0,0,0,58000,63000,-5000,-5000
08450P,台積電統一9C售14,0,0,0,0,0,0,0,0,0,-5000,0,0,0,0,5000,-5000,-5000
08328P,國巨國票9C售07  ,0,0,0,0,0,0,0,0,0,-5000,0,0,0,0,5000,-5000,-5000
08295P,長榮航元大9C售01,0,0,0,0,0,0,0,0,0,-5000,0,0,0,100000,105000,-5000,-5000
08465P,玉晶光兆豐01售02,0,0,0,0,0,0,0,0,0,-5000,0,0,0,25000,30000,-5000,-5000
08504P,臺股指國票9C售06,0,0,0,0,0,0,0,0,0,-5000,0,0,0,0,5000,-5000,-5000
08511P,電子類富邦9C售02,0,0,0,0,0,0,0,0,0,-5000,0,0,0,5000,10000,-5000,-5000
08110P,臺股指中信01售05,0,0,0,0,0,0,0,0,0,-5000,0,0,0,40000,45000,-5000,-5000
08083P,健策元大9C售05  ,0,0,0,0,0,0,0,0,0,-5000,0,0,0,0,5000,-5000,-5000
08046P,臺股指國票9B售11,0,0,0,0,0,0,0,0,0,-5000,0,0,0,0,5000,-5000,-5000
07910P,台積電統一9C售07,0,0,0,0,0,0,0,0,0,-5000,0,0,0,0,5000,-5000,-5000
07930P,聯發科統一9B售06,0,0,0,0,0,0,0,0,0,-5000,0,0,0,0,5000,-5000,-5000
07935P,臺股指國票9B售07,0,0,0,0,0,0,0,0,0,-5000,0,0,0,0,5000,-5000,-5000
07890P,南電國票9B售01  ,0,0,0,0,0,0,0,0,0,-5000,0,0,0,40000,45000,-5000,-5000
3033,威健            ,28000,33000,-5000,0,0,0,0,0,0,0,0,0,0,0,0,0,-5000
2906,高林            ,23000,28000,-5000,0,0,0,0,0,0,0,0,0,0,0,0,0,-5000
1810,和成            ,13000,18000,-5000,0,0,0,0,0,0,0,0,0,0,0,0,0,-5000
1709,和益            ,15000,20000,-5000,0,0,0,0,0,0,0,0,0,0,0,0,0,-5000
1615,大山            ,6000,11000,-5000,0,0,0,0,0,0,0,0,0,0,0,0,0,-5000
056963,建準永豐98購01  ,0,0,0,0,0,0,0,0,0,-5000,0,0,0,58000,63000,-5000,-5000
061311,元黃金凱基9A購03,0,0,0,0,0,0,0,0,0,-5000,0,0,0,0,5000,-5000,-5000
061364,國巨國票9A購09  ,0,0,0,0,0,0,0,0,0,-5000,0,0,0,24000,29000,-5000,-5000
061281,台積電統一9C購05,0,0,0,0,0,0,0,0,0,-5000,0,0,0,35000,40000,-5000,-5000
061496,華新科國票9A購07,0,0,0,0,0,0,0,0,0,-5000,0,0,0,0,5000,-5000,-5000
057662,上銀元大9A購01  ,0,0,0,0,0,0,0,0,0,-5000,0,0,0,0,5000,-5000,-5000
056615,燿華永豐98購02  ,0,0,0,0,0,0,0,0,0,-5000,0,0,0,0,5000,-5000,-5000
056621,宏達電永豐98購01,0,0,0,0,0,0,0,0,0,-5000,0,0,0,5000,10000,-5000,-5000
056488,致新元大99購01  ,0,0,0,0,0,0,0,0,0,-5000,0,0,0,72000,77000,-5000,-5000
056356,台積電元大99購01,0,0,0,0,0,0,0,0,0,-5000,0,0,0,310000,315000,-5000,-5000
056065,奇鋐元大97購01  ,0,0,0,0,0,0,0,0,0,-5000,0,0,0,71000,76000,-5000,-5000
056127,致新國票98購02  ,0,0,0,0,0,0,0,0,0,-5000,0,0,0,0,5000,-5000,-5000
056120,聯茂群益97購02  ,0,0,0,0,0,0,0,0,0,-5000,0,0,0,0,5000,-5000,-5000
053882,聯發科中信98購02,0,0,0,0,0,0,0,0,0,-5000,0,0,0,20000,25000,-5000,-5000
055220,緯穎凱基98購02  ,0,0,0,0,0,0,0,0,0,-5000,0,0,0,7000,12000,-5000,-5000
054742,京鼎凱基99購01  ,0,0,0,0,0,0,0,0,0,-5000,0,0,0,5000,10000,-5000,-5000
052890,FB上証群益9B購01,0,0,0,0,0,0,0,0,0,-5000,0,0,0,1000,6000,-5000,-5000
00709,富邦歐洲        ,0,0,0,0,0,0,0,0,0,-5000,0,0,0,103000,108000,-5000,-5000
052132,旺宏凱基9B購01  ,0,0,0,0,0,0,0,0,0,-5000,0,0,0,0,5000,-5000,-5000
0057,富邦摩台        ,0,0,0,0,0,0,0,0,0,-5000,0,0,0,20000,25000,-5000,-5000
058530,為升元富99購01  ,0,0,0,0,0,0,0,0,0,-5000,0,0,0,0,5000,-5000,-5000
061531,奇鋐台新9A購01  ,0,0,0,0,0,0,0,0,0,-5000,0,0,0,5000,10000,-5000,-5000
061566,華通元大9A購10  ,0,0,0,0,0,0,0,0,0,-5000,0,0,0,15000,20000,-5000,-5000
058488,華擎國票9A購01  ,0,0,0,0,0,0,0,0,0,-5000,0,0,0,0,5000,-5000,-5000
058644,元黃金富邦03購01,0,0,0,0,0,0,0,0,0,-5000,0,0,0,0,5000,-5000,-5000
058592,聯發科統一9C購01,0,0,0,0,0,0,0,0,0,-5000,0,0,0,17000,22000,-5000,-5000
059967,聯發科凱基99購20,0,0,0,0,0,0,0,0,0,-5000,0,0,0,0,5000,-5000,-5000
060025,台積電富邦9C購06,0,0,0,0,0,0,0,0,0,-5000,0,0,0,0,5000,-5000,-5000
058341,T50反1群益99購01,0,0,0,0,0,0,0,0,0,-5000,0,0,0,0,5000,-5000,-5000
058766,力山兆豐99購01  ,0,0,0,0,0,0,0,0,0,-5000,0,0,0,0,5000,-5000,-5000
058439,玉晶光統一01購02,0,0,0,0,0,0,0,0,0,-5000,0,0,0,0,5000,-5000,-5000
060037,鴻海國票99購10  ,0,0,0,0,0,0,0,0,0,-5000,0,0,0,0,5000,-5000,-5000
060162,碩天永豐9A購01  ,0,0,0,0,0,0,0,0,0,-5000,0,0,0,0,5000,-5000,-5000
059323,新日興元大99購02,0,0,0,0,0,0,0,0,0,-5000,0,0,0,0,5000,-5000,-5000
061905,上証反中信03購01,0,0,0,0,0,0,0,0,0,-5000,0,0,0,0,5000,-5000,-5000
061969,大立光統一01購02,0,0,0,0,0,0,0,0,0,-5000,0,0,0,0,5000,-5000,-5000
061976,國巨元大9B購01  ,0,0,0,0,0,0,0,0,0,-5000,0,0,0,12000,17000,-5000,-5000
062009,聯發科國泰01購01,0,0,0,0,0,0,0,0,0,-5000,0,0,0,0,5000,-5000,-5000
062095,旺宏富邦9C購03  ,0,0,0,0,0,0,0,0,0,-5000,0,0,0,0,5000,-5000,-5000
058127,FBVIX元大9C購01 ,0,0,0,0,0,0,0,0,0,-5000,0,0,0,0,5000,-5000,-5000
058128,FBVIX元大9C購02 ,0,0,0,0,0,0,0,0,0,-5000,0,0,0,0,5000,-5000,-5000
058111,健鼎元富98購01  ,0,0,0,0,0,0,0,0,0,-5000,0,0,0,0,5000,-5000,-5000
058284,滬深反群益01購01,0,0,0,0,0,0,0,0,0,-5000,0,0,0,0,5000,-5000,-5000
058182,日電貿國泰9A購01,0,0,0,0,0,0,0,0,0,-5000,0,0,0,31000,36000,-5000,-5000
060945,緯穎國票9A購02  ,0,0,0,0,0,0,0,0,0,-5000,0,0,0,294000,299000,-5000,-5000
060868,致伸永豐9A購01  ,0,0,0,0,0,0,0,0,0,-5000,0,0,0,30000,35000,-5000,-5000
058952,南茂群益99購01  ,0,0,0,0,0,0,0,0,0,-5000,0,0,0,0,5000,-5000,-5000
058925,旭富元富99購02  ,0,0,0,0,0,0,0,0,0,-5000,0,0,0,5000,10000,-5000,-5000
058927,勤誠元富99購02  ,0,0,0,0,0,0,0,0,0,-5000,0,0,0,93000,98000,-5000,-5000
058932,FBVIX台新99購01 ,0,0,0,0,0,0,0,0,0,-5000,0,0,0,0,5000,-5000,-5000
060328,可成群益9A購06  ,0,0,0,0,0,0,0,0,0,-5000,0,0,0,0,5000,-5000,-5000
060599,國巨凱基9C購01  ,0,0,0,0,0,0,0,0,0,-5000,0,0,0,3000,8000,-5000,-5000
059250,大立光凱基99購06,0,0,0,0,0,0,0,0,0,-5000,0,0,0,0,5000,-5000,-5000
060421,華擎永豐9A購01  ,0,0,0,0,0,0,0,0,0,-5000,0,0,0,0,5000,-5000,-5000
059032,元石油群益9C購03,0,0,0,0,0,0,0,0,0,-5000,0,0,0,0,5000,-5000,-5000
059042,世紀鋼群益99購02,0,0,0,0,0,0,0,0,0,-5000,0,0,0,0,5000,-5000,-5000
059077,FBVIX元大99購05 ,0,0,0,0,0,0,0,0,0,-5000,0,0,0,2000,7000,-5000,-5000
064248,億光元富9C購01  ,0,0,0,0,0,0,0,0,0,-5000,0,0,0,0,5000,-5000,-5000
064231,鴻海統一01購03  ,0,0,0,0,0,0,0,0,0,-5000,0,0,0,130000,135000,-5000,-5000
06413P,聯發科凱基97售11,0,0,0,0,0,0,0,0,0,-5000,0,0,0,0,5000,-5000,-5000
063802,南茂凱基9C購01  ,0,0,0,0,0,0,0,0,0,-5000,0,0,0,0,5000,-5000,-5000
063799,華邦電凱基9C購02,0,0,0,0,0,0,0,0,0,-5000,0,0,0,49000,54000,-5000,-5000
063859,國巨國泰01購03  ,0,0,0,0,0,0,0,0,0,-5000,0,0,0,1000,6000,-5000,-5000
063703,晶豪科群益9B購02,0,0,0,0,0,0,0,0,0,-5000,0,0,0,72000,77000,-5000,-5000
063633,金像電元大9B購05,0,0,0,0,0,0,0,0,0,-5000,0,0,0,0,5000,-5000,-5000
063652,國泰金台新9B購01,0,0,0,0,0,0,0,0,0,-5000,0,0,0,0,5000,-5000,-5000
064261,力山永豐9C購01  ,0,0,0,0,0,0,0,0,0,-5000,0,0,0,0,5000,-5000,-5000
064536,富邦金國票01購01,0,0,0,0,0,0,0,0,0,-5000,0,0,0,68000,73000,-5000,-5000
064534,京元電國票01購01,0,0,0,0,0,0,0,0,0,-5000,0,0,0,10000,15000,-5000,-5000
064457,禾伸堂統一01購02,0,0,0,0,0,0,0,0,0,-5000,0,0,0,0,5000,-5000,-5000
064673,南茂元大9C購01  ,0,0,0,0,0,0,0,0,0,-5000,0,0,0,45000,50000,-5000,-5000
064658,喬山元大9C購01  ,0,0,0,0,0,0,0,0,0,-5000,0,0,0,1000,6000,-5000,-5000
064727,群創統一02購03  ,0,0,0,0,0,0,0,0,0,-5000,0,0,0,0,5000,-5000,-5000
062894,道瓊銀元大9B購02,0,0,0,0,0,0,0,0,0,-5000,0,0,0,0,5000,-5000,-5000
062927,同欣電國票9B購02,0,0,0,0,0,0,0,0,0,-5000,0,0,0,30000,35000,-5000,-5000
062522,同欣電元大9B購02,0,0,0,0,0,0,0,0,0,-5000,0,0,0,16000,21000,-5000,-5000
062503,玉晶光群益01購03,0,0,0,0,0,0,0,0,0,-5000,0,0,0,11000,16000,-5000,-5000
062172,南六永豐9B購01  ,0,0,0,0,0,0,0,0,0,-5000,0,0,0,1000,6000,-5000,-5000
063049,上海銀兆豐9B購01,0,0,0,0,0,0,0,0,0,-5000,0,0,0,2000,7000,-5000,-5000
063035,燿華凱基9B購02  ,0,0,0,0,0,0,0,0,0,-5000,0,0,0,0,5000,-5000,-5000
062971,英業達元富9B購01,0,0,0,0,0,0,0,0,0,-5000,0,0,0,112000,117000,-5000,-5000
063200,瑞昱統一9C購01  ,0,0,0,0,0,0,0,0,0,-5000,0,0,0,207000,212000,-5000,-5000
063297,臺指反凱基02購01,0,0,0,0,0,0,0,0,0,-5000,0,0,0,0,5000,-5000,-5000
3049,和鑫            ,119000,124332,-5332,0,0,0,0,0,0,0,0,0,0,0,0,0,-5332
3028,增你強          ,2000,8000,-6000,0,0,0,0,0,0,0,0,0,0,0,0,0,-6000
2727,王品            ,125000,131000,-6000,0,0,0,0,0,0,0,0,0,0,0,0,0,-6000
07977P,華新科群益01售01,0,0,0,0,0,0,0,0,0,-6000,0,0,0,60000,66000,-6000,-6000
1203,味王            ,13000,19000,-6000,0,0,0,0,0,0,0,0,0,0,0,0,0,-6000
06594P,立積元大98售01  ,0,0,0,0,0,0,0,0,0,-6000,0,0,0,9000,15000,-6000,-6000
065197,景碩元富06購01  ,0,10000,-10000,0,0,0,0,0,0,4000,0,0,0,103000,99000,4000,-6000
065008,TPK國票01購02   ,0,0,0,0,0,0,0,0,0,-6000,0,0,0,38000,44000,-6000,-6000
064882,同欣電兆豐9C購01,0,0,0,0,0,0,0,0,0,-6000,0,0,0,0,6000,-6000,-6000
07045P,上銀國票9A售01  ,0,0,0,0,0,0,0,0,0,-6000,0,0,0,0,6000,-6000,-6000
07575P,瑞昱元大9A售02  ,0,0,0,0,0,0,0,0,0,-6000,0,0,0,0,6000,-6000,-6000
07402P,瑞昱凱基99售02  ,0,0,0,0,0,0,0,0,0,-6000,0,0,0,0,6000,-6000,-6000
07266P,大立光元大99售19,0,0,0,0,0,0,0,0,0,-6000,0,0,0,72000,78000,-6000,-6000
07251P,台灣50元富01售04,0,0,0,0,0,0,0,0,0,-6000,0,0,0,200000,206000,-6000,-6000
07315P,台積電台新99售06,0,0,0,0,0,0,0,0,0,-6000,0,0,0,0,6000,-6000,-6000
07702P,台積電中信9A售06,0,0,0,0,0,0,0,0,0,-6000,0,0,0,0,6000,-6000,-6000
05174P,元金2X富邦9B售01,0,0,0,0,0,0,0,0,0,-6000,0,0,0,58000,64000,-6000,-6000
03430B,臺股指元大9B熊01,0,0,0,0,0,0,0,0,0,-6000,0,0,0,0,6000,-6000,-6000
049894,嘉聯益富邦98購01,0,0,0,0,0,0,0,0,0,-6000,0,0,0,0,6000,-6000,-6000
054542,台表科國票98購01,0,0,0,0,0,0,0,0,0,-6000,0,0,0,30000,36000,-6000,-6000
055974,上銀統一97購05  ,0,0,0,0,0,0,0,0,0,-6000,0,0,0,29000,35000,-6000,-6000
057585,鴻海國票99購05  ,0,0,0,0,0,0,0,0,0,-6000,0,0,0,4000,10000,-6000,-6000
057728,瑞昱國泰99購01  ,0,0,0,0,0,0,0,0,0,-6000,0,0,0,0,6000,-6000,-6000
061405,亞德客國票9B購01,0,0,0,0,0,0,0,0,0,-6000,0,0,0,0,6000,-6000,-6000
061471,台積電元大9A購31,0,0,0,0,0,0,0,0,0,-6000,0,0,0,2000,8000,-6000,-6000
057844,新日興永豐99購01,0,0,0,0,0,0,0,0,0,-6000,0,0,0,0,6000,-6000,-6000
057904,矽力永豐98購01  ,0,0,0,0,0,0,0,0,0,-6000,0,0,0,17000,23000,-6000,-6000
059090,台新金元大99購01,0,0,0,0,0,0,0,0,0,-6000,0,0,0,68000,74000,-6000,-6000
060886,國巨統一01購03  ,0,0,0,0,0,0,0,0,0,-6000,0,0,0,3000,9000,-6000,-6000
060920,超眾富邦9B購01  ,0,0,0,0,0,0,0,0,0,-6000,0,0,0,131000,137000,-6000,-6000
058876,南電國票9A購02  ,0,0,0,0,0,0,0,0,0,-6000,0,0,0,0,6000,-6000,-6000
058192,訊芯永豐99購01  ,0,0,0,0,0,0,0,0,0,-6000,0,0,0,0,6000,-6000,-6000
058281,奇力新中信99購01,0,0,0,0,0,0,0,0,0,-6000,0,0,0,90000,96000,-6000,-6000
059163,台積電凱基99購10,0,0,0,0,0,0,0,0,0,-6000,0,0,0,1000,7000,-6000,-6000
062048,義隆台新9B購01  ,0,0,0,0,0,0,0,0,0,-6000,0,0,0,0,6000,-6000,-6000
060798,旭富永豐9A購01  ,0,0,0,0,0,0,0,0,0,-6000,0,0,0,4000,10000,-6000,-6000
061155,華新科群益9A購06,0,0,0,0,0,0,0,0,0,-6000,0,0,0,62000,68000,-6000,-6000
058414,大立光兆豐99購02,0,0,0,0,0,0,0,0,0,-6000,0,0,0,0,6000,-6000,-6000
058374,玉晶光凱基9A購03,0,0,0,0,0,0,0,0,0,-6000,0,0,0,10000,16000,-6000,-6000
058739,喬山中信99購01  ,0,0,0,0,0,0,0,0,0,-6000,0,0,0,20000,26000,-6000,-6000
063338,國巨統一9C購11  ,0,0,0,0,0,0,0,0,0,-6000,0,0,0,1000,7000,-6000,-6000
063444,金像電統一03購01,0,0,0,0,0,0,0,0,0,-6000,0,0,0,0,6000,-6000,-6000
063547,大立光兆豐9B購04,0,0,0,0,0,0,0,0,0,-6000,0,0,0,0,6000,-6000,-6000
063276,和大元大9B購01  ,0,0,0,0,0,0,0,0,0,-6000,0,0,0,0,6000,-6000,-6000
061759,上証反元大02購01,0,0,0,0,0,0,0,0,0,-6000,0,0,0,0,6000,-6000,-6000
062554,台積電凱基9B購08,0,0,0,0,0,0,0,0,0,-6000,0,0,0,0,6000,-6000,-6000
062855,嘉澤永豐9B購02  ,0,0,0,0,0,0,0,0,0,-6000,0,0,0,3000,9000,-6000,-6000
062643,緯穎國票9B購01  ,0,0,0,0,0,0,0,0,0,-6000,0,0,0,0,6000,-6000,-6000
062572,元金反群益9C購01,0,0,0,0,0,0,0,0,0,-6000,0,0,0,0,6000,-6000,-6000
062746,致伸永豐9B購01  ,0,0,0,0,0,0,0,0,0,-6000,0,0,0,9000,15000,-6000,-6000
064785,康友群益9C購01  ,0,0,0,0,0,0,0,0,0,-6000,0,0,0,5000,11000,-6000,-6000
064612,聯電元大01購01  ,0,0,0,0,0,0,0,0,0,-6000,0,0,0,189000,195000,-6000,-6000
064601,嘉晶元富9C購03  ,0,0,0,0,0,0,0,0,0,-6000,0,0,0,19000,25000,-6000,-6000
063886,南電元富9C購01  ,0,0,0,0,0,0,0,0,0,-6000,0,0,0,0,6000,-6000,-6000
063942,台積電元大01購03,0,0,0,0,0,0,0,0,0,-6000,0,0,0,15000,21000,-6000,-6000
064226,TPK國票01購01   ,0,0,0,0,0,0,0,0,0,-6000,0,0,0,38000,44000,-6000,-6000
5706,鳳凰            ,8000,14000,-6000,0,0,0,0,0,0,0,0,0,0,0,0,0,-6000
07617P,聯發科中信9C售04,0,0,0,0,0,0,0,0,0,-7000,0,0,0,0,7000,-7000,-7000
07466P,亞德客元大9A售02,0,0,0,0,0,0,0,0,0,-7000,0,0,0,54000,61000,-7000,-7000
06716P,台積電元大9A售02,0,0,0,0,0,0,0,0,0,-7000,0,0,0,15000,22000,-7000,-7000
064920,景碩統一01購02  ,0,0,0,0,0,0,0,0,0,-7000,0,0,0,78000,85000,-7000,-7000
065017,和大富邦03購01  ,0,0,0,0,0,0,0,0,0,-7000,0,0,0,46000,53000,-7000,-7000
065202,南電元富06購01  ,0,0,0,0,0,0,0,0,0,-7000,0,0,0,1000,8000,-7000,-7000
1109,信大            ,11000,9000,2000,0,0,0,0,0,0,-9000,0,9000,-9000,0,0,0,-7000
1315,達新            ,59000,139000,-80000,0,0,0,0,0,0,73000,0,3000,-3000,79000,3000,76000,-7000
2462,良得電          ,7000,14000,-7000,0,0,0,0,0,0,0,0,0,0,0,0,0,-7000
2496,卓越            ,1000,8000,-7000,0,0,0,0,0,0,0,0,0,0,0,0,0,-7000
2530,華建            ,215000,222000,-7000,0,0,0,0,0,0,0,0,0,0,0,0,0,-7000
3018,同開            ,5000,12000,-7000,0,0,0,0,0,0,0,0,0,0,0,0,0,-7000
3311,閎暉            ,3000,10000,-7000,0,0,0,0,0,0,0,0,0,0,0,0,0,-7000
1614,三洋電          ,27000,34000,-7000,0,0,0,0,0,0,0,0,0,0,0,0,0,-7000
1540,喬福            ,0,7000,-7000,0,0,0,0,0,0,0,0,0,0,0,0,0,-7000
057201,華擎元富98購01  ,0,0,0,0,0,0,0,0,0,-7000,0,0,0,3000,10000,-7000,-7000
061276,T50反1台新9A購03,0,0,0,0,0,0,0,0,0,-7000,0,0,0,0,7000,-7000,-7000
057609,友訊元富98購01  ,0,0,0,0,0,0,0,0,0,-7000,0,0,0,107000,114000,-7000,-7000
056394,晶豪科永豐98購01,0,0,0,0,0,0,0,0,0,-7000,0,0,0,0,7000,-7000,-7000
056554,GIS凱基99購01   ,0,0,0,0,0,0,0,0,0,-7000,0,0,0,93000,100000,-7000,-7000
049842,道瓊反中信98購01,0,0,0,0,0,0,0,0,0,-7000,0,0,0,11000,18000,-7000,-7000
03450B,臺股指元大9C熊23,0,0,0,0,0,0,0,0,0,-7000,0,0,0,0,7000,-7000,-7000
055376,群創元大01購01  ,0,0,0,0,0,0,0,0,0,-7000,0,0,0,0,7000,-7000,-7000
059960,健策國票99購01  ,0,0,0,0,0,0,0,0,0,-7000,0,0,0,0,7000,-7000,-7000
060997,上銀兆豐9B購01  ,0,0,0,0,0,0,0,0,0,-7000,0,0,0,0,7000,-7000,-7000
058521,日月光元大99購01,0,0,0,0,0,0,0,0,0,-7000,0,0,0,13000,20000,-7000,-7000
060644,泰鼎永豐9A購02  ,0,0,0,0,0,0,0,0,0,-7000,0,0,0,0,7000,-7000,-7000
060700,華新科國泰9C購01,0,0,0,0,0,0,0,0,0,-7000,0,0,0,42000,49000,-7000,-7000
059391,立積凱基9A購01  ,0,0,0,0,0,0,0,0,0,-7000,0,0,0,3000,10000,-7000,-7000
059466,國巨元大99購26  ,0,0,0,0,0,0,0,0,0,-7000,0,0,0,11000,18000,-7000,-7000
062306,華通凱基9B購01  ,0,0,0,0,0,0,0,0,0,-7000,0,0,0,5000,12000,-7000,-7000
060939,鴻海國票9A購06  ,0,0,0,0,0,0,0,0,0,-7000,0,0,0,10000,17000,-7000,-7000
058998,鴻海元大99購22  ,0,0,0,0,0,0,0,0,0,-7000,0,0,0,98000,105000,-7000,-7000
059000,台積電元大99購25,0,0,0,0,0,0,0,0,0,-7000,0,0,0,2000,9000,-7000,-7000
064233,燿華統一9C購02  ,0,0,0,0,0,0,0,0,0,-7000,0,0,0,2000,9000,-7000,-7000
064073,南電永豐9C購01  ,0,0,0,0,0,0,0,0,0,-7000,0,0,0,0,7000,-7000,-7000
063745,喬山國票9C購01  ,0,0,0,0,0,0,0,0,0,-7000,0,0,0,29000,36000,-7000,-7000
062511,台光電國票9B購02,0,0,0,0,0,0,0,0,0,-7000,0,0,0,0,7000,-7000,-7000
062438,台光電元大9B購04,0,0,0,0,0,0,0,0,0,-7000,0,0,0,29000,36000,-7000,-7000
062395,台表科富邦9C購01,0,0,0,0,0,0,0,0,0,-7000,0,0,0,48000,55000,-7000,-7000
5907,大洋-KY         ,18000,25000,-7000,0,0,0,0,0,0,0,0,0,0,0,0,0,-7000
3501,維熹            ,2000,10000,-8000,0,0,0,0,0,0,0,0,0,0,0,0,0,-8000
2545,皇翔            ,26000,34000,-8000,0,0,0,0,0,0,0,0,0,0,0,0,0,-8000
2731,雄獅            ,7000,15000,-8000,0,0,0,0,0,0,0,0,0,0,0,0,0,-8000
1256,鮮活果汁-KY     ,3000,11000,-8000,0,0,0,0,0,0,0,0,0,0,0,0,0,-8000
1435,中福            ,4000,12000,-8000,0,0,0,0,0,0,0,0,0,0,0,0,0,-8000
08420P,國巨群益9C售12  ,0,0,0,0,0,0,0,0,0,-8000,0,0,0,2000,10000,-8000,-8000
07962P,聯詠中信05售03  ,0,0,0,0,0,0,0,0,0,-8000,0,0,0,22000,30000,-8000,-8000
08069P,大立光國泰01售02,0,0,0,0,0,0,0,0,0,-8000,0,0,0,27000,35000,-8000,-8000
07875P,祥碩群益9B售01  ,0,0,0,0,0,0,0,0,0,-8000,0,0,0,22000,30000,-8000,-8000
065217,世芯國泰02購01  ,0,0,0,0,0,0,0,0,0,-8000,0,0,0,53000,61000,-8000,-8000
065175,大立光元大01購05,0,0,0,0,0,0,0,0,0,-8000,0,0,0,0,8000,-8000,-8000
065108,建準國票01購01  ,0,0,0,0,0,0,0,0,0,-8000,0,0,0,0,8000,-8000,-8000
06752P,訊芯凱基98售05  ,0,0,0,0,0,0,0,0,0,-8000,0,0,0,10000,18000,-8000,-8000
06864P,健策凱基98售01  ,0,0,0,0,0,0,0,0,0,-8000,0,0,0,0,8000,-8000,-8000
07790P,台灣50元大9A售19,0,0,0,0,0,0,0,0,0,-8000,0,0,0,0,8000,-8000,-8000
055365,華通元大97購03  ,0,0,0,0,0,0,0,0,0,-8000,0,0,0,72000,80000,-8000,-8000
052113,漢唐中信98購01  ,0,0,0,0,0,0,0,0,0,-8000,0,0,0,12000,20000,-8000,-8000
054217,台表科國票97購05,0,0,0,0,0,0,0,0,0,-8000,0,0,0,0,8000,-8000,-8000
057633,緯穎永豐98購02  ,0,0,0,0,0,0,0,0,0,-8000,0,0,0,0,8000,-8000,-8000
056506,晶豪科永豐98購02,0,0,0,0,0,0,0,0,0,-8000,0,0,0,34000,42000,-8000,-8000
057075,嘉聯益永豐98購01,0,0,0,0,0,0,0,0,0,-8000,0,0,0,2000,10000,-8000,-8000
061309,鴻海統一9C購05  ,0,0,0,0,0,0,0,0,0,-8000,0,0,0,0,8000,-8000,-8000
061394,FBVIX統一9B購01 ,0,0,0,0,0,0,0,0,0,-8000,0,0,0,2000,10000,-8000,-8000
061469,瑞祺群益9A購02  ,0,0,0,0,0,0,0,0,0,-8000,0,0,0,167000,175000,-8000,-8000
057383,玉晶光富邦9A購01,0,0,0,0,0,0,0,0,0,-8000,0,0,0,33000,41000,-8000,-8000
060609,玉晶光凱基9B購01,0,0,0,0,0,0,0,0,0,-8000,0,0,0,3000,11000,-8000,-8000
058051,同欣電元大98購03,0,0,0,0,0,0,0,0,0,-8000,0,0,0,60000,68000,-8000,-8000
061855,台郡國票9B購01  ,0,0,0,0,0,0,0,0,0,-8000,0,0,0,0,8000,-8000,-8000
060200,同欣電元富9A購01,0,0,0,0,0,0,0,0,0,-8000,0,0,0,0,8000,-8000,-8000
059728,聯鈞元大99購01  ,0,0,0,0,0,0,0,0,0,-8000,0,0,0,44000,52000,-8000,-8000
061124,微星永豐9A購02  ,0,0,0,0,0,0,0,0,0,-8000,0,0,0,168000,176000,-8000,-8000
059922,大立光元大99購25,0,0,0,0,0,0,0,0,0,-8000,0,0,0,25000,33000,-8000,-8000
059999,緯穎元富99購01  ,0,0,0,0,0,0,0,0,0,-8000,0,0,0,20000,28000,-8000,-8000
062556,瑞昱凱基9B購02  ,0,0,0,0,0,0,0,0,0,-8000,0,0,0,15000,23000,-8000,-8000
062593,健策統一9B購03  ,0,0,0,0,0,0,0,0,0,-8000,0,0,0,37000,45000,-8000,-8000
062660,神隆群益9B購02  ,0,0,0,0,0,0,0,0,0,-8000,0,0,0,98000,106000,-8000,-8000
062618,祥碩元大9B購04  ,0,0,0,0,0,0,0,0,0,-8000,0,0,0,28000,36000,-8000,-8000
062879,美食兆豐9B購01  ,0,0,0,0,0,0,0,0,0,-8000,0,0,0,5000,13000,-8000,-8000
063249,祥碩元大9B購06  ,0,0,0,0,0,0,0,0,0,-8000,0,0,0,20000,28000,-8000,-8000
063166,超眾永豐9B購01  ,0,0,0,0,0,0,0,0,0,-8000,0,0,0,30000,38000,-8000,-8000
063455,T50反1元大9B購07,0,0,0,0,0,0,0,0,0,-8000,0,0,0,0,8000,-8000,-8000
063710,光寶科凱基9C購01,0,0,0,0,0,0,0,0,0,-8000,0,0,0,43000,51000,-8000,-8000
063822,聯發科麥證01購01,0,0,0,14000,22000,-8000,0,0,0,-8000,0,0,0,14000,22000,-8000,-8000
064006,晶技凱基9C購02  ,0,0,0,0,0,0,0,0,0,-8000,0,0,0,224000,232000,-8000,-8000
064593,鈺齊永豐9C購01  ,0,0,0,0,0,0,0,0,0,-8000,0,0,0,93000,101000,-8000,-8000
064774,聚陽群益9C購04  ,0,0,0,0,0,0,0,0,0,-8000,0,0,0,50000,58000,-8000,-8000
064422,聯發科兆豐01購02,0,0,0,0,0,0,0,0,0,-8000,0,0,0,2000,10000,-8000,-8000
064510,GIS元大01購01   ,0,0,0,0,0,0,0,0,0,-8000,0,0,0,42000,50000,-8000,-8000
910322,康師傅-DR       ,0,8000,-8000,0,0,0,0,0,0,0,0,0,0,0,0,0,-8000
8103,瀚荃            ,10000,20000,-10000,0,0,0,0,0,0,2000,2000,0,2000,0,0,0,-8000
07666P,台灣50元大9C售32,0,0,0,0,0,0,0,0,0,-9000,0,0,0,0,9000,-9000,-9000
07173P,臺股指國票99售10,0,0,0,0,0,0,0,0,0,-9000,0,0,0,0,9000,-9000,-9000
064928,同欣電統一01購02,0,0,0,0,0,0,0,0,0,-9000,0,0,0,42000,51000,-9000,-9000
06545P,致茂元大98售01  ,0,0,0,0,0,0,0,0,0,-9000,0,0,0,0,9000,-9000,-9000
08062P,華擎國票9B售03  ,0,0,0,0,0,0,0,0,0,-9000,0,0,0,68000,77000,-9000,-9000
08454P,台灣50凱基9C售12,0,0,0,0,0,0,0,0,0,-9000,0,0,0,19000,28000,-9000,-9000
08301P,台積電兆豐9C售02,0,0,0,0,0,0,0,0,0,-9000,0,0,0,1000,10000,-9000,-9000
08310P,南電凱基9C售01  ,0,0,0,0,0,0,0,0,0,-9000,0,0,0,0,9000,-9000,-9000
2838A,聯邦銀甲特      ,0,0,0,0,0,0,0,0,0,-9000,1000,10000,-9000,0,0,0,-9000
3164,景岳            ,2000,11000,-9000,0,0,0,0,0,0,0,0,0,0,0,0,0,-9000
061247,玉晶光群益9A購09,0,0,0,0,0,0,0,0,0,-9000,0,0,0,46000,55000,-9000,-9000
057086,立積統一9C購01  ,0,0,0,0,0,0,0,0,0,-9000,0,0,0,2000,11000,-9000,-9000
056497,GIS國泰99購01   ,0,0,0,0,0,0,0,0,0,-9000,0,0,0,44000,53000,-9000,-9000
056566,臻鼎群益98購01  ,0,0,0,0,0,0,0,0,0,-9000,0,0,0,1000,10000,-9000,-9000
054532,強茂國泰98購01  ,0,0,0,0,0,0,0,0,0,-9000,0,0,0,8000,17000,-9000,-9000
054547,鴻海凱基98購02  ,0,0,0,0,0,0,0,0,0,-9000,0,0,0,0,9000,-9000,-9000
054632,緯穎凱基9A購01  ,0,0,0,0,0,0,0,0,0,-9000,0,0,0,39000,48000,-9000,-9000
054259,健策元大97購03  ,0,0,0,0,0,0,0,0,0,-9000,0,0,0,7000,16000,-9000,-9000
00700,富邦恒生國企    ,0,0,0,0,0,0,0,0,0,-9000,0,0,0,104000,113000,-9000,-9000
055541,聚陽凱基98購01  ,0,0,0,0,0,0,0,0,0,-9000,0,0,0,1000,10000,-9000,-9000
059998,華航元富99購02  ,0,0,0,0,0,0,0,0,0,-9000,0,0,0,0,9000,-9000,-9000
059987,大立光元大99購28,0,0,0,0,0,0,0,0,0,-9000,0,0,0,1000,10000,-9000,-9000
061085,聯茂兆豐9A購01  ,0,0,0,0,0,0,0,0,0,-9000,0,0,0,311000,320000,-9000,-9000
061078,台積電兆豐9A購01,0,0,0,0,0,0,0,0,0,-9000,0,0,0,1000,10000,-9000,-9000
058408,華通兆豐99購02  ,0,0,0,0,0,0,0,0,0,-9000,0,0,0,1000,10000,-9000,-9000
058484,元金2X國票04購01,0,0,0,0,0,0,0,0,0,-9000,0,0,0,0,9000,-9000,-9000
060823,旺宏元大9A購05  ,0,0,0,0,0,0,0,0,0,-9000,0,0,0,1000,10000,-9000,-9000
060762,長榮航元大9A購02,0,0,0,0,0,0,0,0,0,-9000,0,0,0,0,9000,-9000,-9000
059459,訊芯永豐99購04  ,0,0,0,0,0,0,0,0,0,-9000,0,0,0,48000,57000,-9000,-9000
059349,台郡凱基99購04  ,0,0,0,0,0,0,0,0,0,-9000,0,0,0,11000,20000,-9000,-9000
059692,聯詠永豐99購01  ,0,0,0,0,0,0,0,0,0,-9000,0,0,0,7000,16000,-9000,-9000
058082,美律群益98購05  ,0,0,0,0,0,0,0,0,0,-9000,0,0,0,89000,98000,-9000,-9000
060638,玉晶光永豐9A購04,0,0,0,0,0,0,0,0,0,-9000,0,0,0,1000,10000,-9000,-9000
064329,國巨元大01購03  ,0,0,0,0,0,0,0,0,0,-9000,0,0,0,6000,15000,-9000,-9000
064406,健策凱基03購01  ,0,0,0,0,0,0,0,0,0,-9000,0,0,0,120000,129000,-9000,-9000
063821,南亞科麥證9C購01,0,0,0,6000,15000,-9000,0,0,0,-9000,0,0,0,6000,15000,-9000,-9000
062967,上銀元富9B購01  ,0,0,0,0,0,0,0,0,0,-9000,0,0,0,64000,73000,-9000,-9000
062782,聯發科元大9B購12,0,0,0,0,0,0,0,0,0,-9000,0,0,0,61000,70000,-9000,-9000
062672,兆豐金中信03購01,0,0,0,0,0,0,0,0,0,-9000,0,0,0,38000,47000,-9000,-9000
062479,TPK國票9B購01   ,0,0,0,0,0,0,0,0,0,-9000,0,0,0,34000,43000,-9000,-9000
062346,智邦群益9B購02  ,0,0,0,0,0,0,0,0,0,-9000,0,0,0,18000,27000,-9000,-9000
9908,大台北          ,16000,11000,5000,0,0,0,0,0,0,-14000,0,14000,-14000,0,0,0,-9000
9924,福興            ,38000,47000,-9000,0,0,0,0,0,0,0,0,0,0,0,0,0,-9000
5283,禾聯碩          ,1000,10000,-9000,0,0,0,0,0,0,0,0,0,0,0,0,0,-9000
2546,根基            ,11000,21000,-10000,0,0,0,0,0,0,0,0,0,0,0,0,0,-10000
1446,宏和            ,2000,12000,-10000,0,0,0,0,0,0,0,0,0,0,0,0,0,-10000
08290P,高鐵統一01售01  ,0,0,0,0,0,0,0,0,0,-10000,0,0,0,0,10000,-10000,-10000
08435P,台積電群益9C售11,0,0,0,0,0,0,0,0,0,-10000,0,0,0,40000,50000,-10000,-10000
08480P,臺股指凱基9C售18,0,0,0,0,0,0,0,0,0,-10000,0,0,0,0,10000,-10000,-10000
08460P,台灣50國票9C售05,0,0,0,0,0,0,0,0,0,-10000,0,0,0,0,10000,-10000,-10000
08516P,技嘉群益01售02  ,0,0,0,0,0,0,0,0,0,-10000,0,0,0,0,10000,-10000,-10000
08528P,台勝科元大9C售02,0,0,0,0,0,0,0,0,0,-10000,0,0,0,0,10000,-10000,-10000
08045P,健策國票9B售01  ,0,0,0,0,0,0,0,0,0,-10000,0,0,0,10000,20000,-10000,-10000
07873P,華新科群益9B售03,0,0,0,0,0,0,0,0,0,-10000,0,0,0,0,10000,-10000,-10000
07877P,晶技永豐9B售01  ,0,0,0,0,0,0,0,0,0,-10000,0,0,0,0,10000,-10000,-10000
07860P,臺股指麥證9A售06,0,0,0,0,10000,-10000,0,0,0,-10000,0,0,0,0,10000,-10000,-10000
07846P,台灣50群益9A售17,0,0,0,0,0,0,0,0,0,-10000,0,0,0,0,10000,-10000,-10000
07925P,台積電凱基9B售05,0,0,0,0,0,0,0,0,0,-10000,0,0,0,10000,20000,-10000,-10000
08127P,聯發科元大9B售21,0,0,0,0,0,0,0,0,0,-10000,0,0,0,33000,43000,-10000,-10000
08226P,台灣50元大9B售26,0,0,0,0,0,0,0,0,0,-10000,0,0,0,0,10000,-10000,-10000
065434,台勝科凱基01購01,0,0,0,0,0,0,0,0,0,-10000,0,0,0,6000,16000,-10000,-10000
065430,可成凱基02購03  ,0,0,0,0,0,0,0,0,0,-10000,0,0,0,0,10000,-10000,-10000
065409,鴻海永豐9C購01  ,0,0,0,0,0,0,0,0,0,-10000,0,0,0,2000,12000,-10000,-10000
065611,嘉聯益元大9C購02,0,0,0,0,0,0,0,0,0,-10000,0,0,0,0,10000,-10000,-10000
06576P,台光電群益98售03,0,0,0,0,0,0,0,0,0,-10000,0,0,0,0,10000,-10000,-10000
065528,FBVIX中信04購01 ,0,0,0,0,0,0,0,0,0,-10000,0,0,0,0,10000,-10000,-10000
065543,緯穎元富01購01  ,0,0,0,0,0,0,0,0,0,-10000,0,0,0,25000,35000,-10000,-10000
065248,聯發科麥證9C購03,0,0,0,8000,18000,-10000,0,0,0,-10000,0,0,0,8000,18000,-10000,-10000
065268,嘉澤元大9C購02  ,0,0,0,0,0,0,0,0,0,-10000,0,0,0,8000,18000,-10000,-10000
065302,聯發科元富03購04,0,0,0,0,0,0,0,0,0,-10000,0,0,0,15000,25000,-10000,-10000
065378,嘉澤元大01購01  ,0,0,0,0,0,0,0,0,0,-10000,0,0,0,100000,110000,-10000,-10000
06538P,國巨凱基98售11  ,0,0,0,0,0,0,0,0,0,-10000,0,0,0,130000,140000,-10000,-10000
064998,T50反1國票02購01,0,0,0,0,0,0,0,0,0,-10000,0,0,0,0,10000,-10000,-10000
065087,可成元大9C購08  ,0,0,0,0,0,0,0,0,0,-10000,0,0,0,0,10000,-10000,-10000
065172,義隆元大9C購05  ,0,0,0,0,0,0,0,0,0,-10000,0,0,0,61000,71000,-10000,-10000
06514P,國巨凱基98售05  ,0,0,0,0,0,0,0,0,0,-10000,0,0,0,0,10000,-10000,-10000
065157,世芯群益9C購02  ,0,0,0,0,0,0,0,0,0,-10000,0,0,0,0,10000,-10000,-10000
07149P,健鼎元大99售03  ,0,0,0,0,0,0,0,0,0,-10000,0,0,0,0,10000,-10000,-10000
07150P,和碩元大99售01  ,0,0,0,0,0,0,0,0,0,-10000,0,0,0,0,10000,-10000,-10000
07109P,聯發科中信9B售02,0,0,0,0,0,0,0,0,0,-10000,0,0,0,0,10000,-10000,-10000
06995P,臺股指凱基99售16,0,0,0,0,0,0,0,0,0,-10000,0,0,0,197000,207000,-10000,-10000
06827P,臺股指國票98售03,0,0,0,0,0,0,0,0,0,-10000,0,0,0,0,10000,-10000,-10000
06632P,創意群益98售03  ,0,0,0,0,0,0,0,0,0,-10000,0,0,0,0,10000,-10000,-10000
06654P,欣興元大98售08  ,0,0,0,0,0,0,0,0,0,-10000,0,0,0,0,10000,-10000,-10000
07737P,華通永豐9A售01  ,0,0,0,0,0,0,0,0,0,-10000,0,0,0,0,10000,-10000,-10000
07747P,晶技凱基9A售04  ,0,0,0,0,0,0,0,0,0,-10000,0,0,0,0,10000,-10000,-10000
07431P,臺股指國票9A售03,0,0,0,0,0,0,0,0,0,-10000,0,0,0,0,10000,-10000,-10000
07448P,台灣50元大9A售08,0,0,0,0,0,0,0,0,0,-10000,0,0,0,0,10000,-10000,-10000
07387P,臺股指群益99售25,0,0,0,0,0,0,0,0,0,-10000,0,0,0,0,10000,-10000,-10000
07515P,台積電元大9A售15,0,0,0,0,0,0,0,0,0,-10000,0,0,0,0,10000,-10000,-10000
07317P,T50正2凱基9B售02,0,0,0,0,0,0,0,0,0,-10000,0,0,0,0,10000,-10000,-10000
07292P,臺股指凱基99售44,0,0,0,0,0,0,0,0,0,-10000,0,0,0,0,10000,-10000,-10000
07249P,T50正2富邦03售02,0,0,0,0,0,0,0,0,0,-10000,0,0,0,0,10000,-10000,-10000
07259P,滬深2X國票01售01,0,0,0,0,0,0,0,0,0,-10000,0,0,0,0,10000,-10000,-10000
055588,瑞昱元大97購03  ,0,0,0,0,0,0,0,0,0,-10000,0,0,0,0,10000,-10000,-10000
055615,宏達電國票99購02,0,0,0,0,0,0,0,0,0,-10000,0,0,0,0,10000,-10000,-10000
055609,旺宏國票99購01  ,0,0,0,0,0,0,0,0,0,-10000,0,0,0,0,10000,-10000,-10000
055661,亞德客中信98購01,0,0,0,0,0,0,0,0,0,-10000,0,0,0,0,10000,-10000,-10000
055775,友達凱基9A購01  ,0,0,0,0,0,0,0,0,0,-10000,0,0,0,50000,60000,-10000,-10000
055307,瑞昱群益97購02  ,0,0,0,0,0,0,0,0,0,-10000,0,0,0,0,10000,-10000,-10000
055322,欣興國票97購06  ,0,0,0,0,0,0,0,0,0,-10000,0,0,0,0,10000,-10000,-10000
036628,統一台新99購01  ,0,0,0,0,0,0,0,0,0,-10000,0,0,0,0,10000,-10000,-10000
03687C,臺股指凱基9C牛22,0,0,0,0,0,0,0,0,0,-10000,0,0,0,72000,82000,-10000,-10000
049973,T50反1日盛9A購01,0,0,0,0,0,0,0,0,0,-10000,0,0,0,0,10000,-10000,-10000
00702,國泰標普低波高息,0,0,0,0,0,0,0,0,0,-10000,0,0,0,0,10000,-10000,-10000
03421B,臺股指元大99熊01,0,0,0,0,0,0,0,0,0,-10000,0,0,0,0,10000,-10000,-10000
05305P,華新科國泰97售01,0,0,0,0,0,0,0,0,0,-10000,0,0,0,0,10000,-10000,-10000
053036,聯電凱基98購01  ,0,0,0,0,0,0,0,0,0,-10000,0,0,0,0,10000,-10000,-10000
054318,台虹凱基98購01  ,0,0,0,0,0,0,0,0,0,-10000,0,0,0,50000,60000,-10000,-10000
053889,致茂群益97購01  ,0,0,0,0,0,0,0,0,0,-10000,0,0,0,0,10000,-10000,-10000
056324,南亞科兆豐98購01,0,0,0,0,0,0,0,0,0,-10000,0,0,0,0,10000,-10000,-10000
057464,大立光永豐98購02,0,0,0,0,0,0,0,0,0,-10000,0,0,0,0,10000,-10000,-10000
05629P,聯發科永昌99售02,0,0,0,0,0,0,0,0,0,-10000,0,0,0,0,10000,-10000,-10000
055940,致新群益98購01  ,0,0,0,0,0,0,0,0,0,-10000,0,0,0,10000,20000,-10000,-10000
056028,GIS群益97購02   ,0,0,0,0,0,0,0,0,0,-10000,0,0,0,0,10000,-10000,-10000
055930,可成群益98購01  ,0,0,0,0,0,0,0,0,0,-10000,0,0,0,0,10000,-10000,-10000
055909,大成鋼凱基98購02,0,0,0,0,0,0,0,0,0,-10000,0,0,0,20000,30000,-10000,-10000
056118,聯詠群益97購03  ,0,0,0,0,0,0,0,0,0,-10000,0,0,0,0,10000,-10000,-10000
056054,亞德客元大97購05,0,0,0,0,0,0,0,0,0,-10000,0,0,0,0,10000,-10000,-10000
055824,臺股指國票97購11,0,0,0,0,0,0,0,0,0,-10000,0,0,0,0,10000,-10000,-10000
055896,南電統一97購02  ,0,0,0,0,0,0,0,0,0,-10000,0,0,0,2000,12000,-10000,-10000
057516,和鑫元富98購01  ,0,0,0,0,0,0,0,0,0,-10000,0,0,0,0,10000,-10000,-10000
054569,GIS群益98購01   ,0,0,0,0,0,0,0,0,0,-10000,0,0,0,10000,20000,-10000,-10000
054665,華通元富97購02  ,0,0,0,0,0,0,0,0,0,-10000,0,0,0,0,10000,-10000,-10000
054634,FB上証中信99購01,0,0,0,0,0,0,0,0,0,-10000,0,0,0,0,10000,-10000,-10000
054550,旺宏凱基98購02  ,0,0,0,0,0,0,0,0,0,-10000,0,0,0,0,10000,-10000,-10000
054463,瑞昱凱基97購01  ,0,0,0,0,0,0,0,0,0,-10000,0,0,0,0,10000,-10000,-10000
054758,南亞國票9A購01  ,0,0,0,0,0,0,0,0,0,-10000,0,0,0,0,10000,-10000,-10000
054806,台化元大9A購01  ,0,0,0,0,0,0,0,0,0,-10000,0,0,0,0,10000,-10000,-10000
054800,訊芯群益99購01  ,0,0,0,0,0,0,0,0,0,-10000,0,0,0,0,10000,-10000,-10000
054845,智邦兆豐98購01  ,0,0,0,0,0,0,0,0,0,-10000,0,0,0,0,10000,-10000,-10000
054098,嘉晶國票97購04  ,0,0,0,0,0,0,0,0,0,-10000,0,0,0,0,10000,-10000,-10000
053383,京元電元大97購01,0,0,0,0,0,0,0,0,0,-10000,0,0,0,0,10000,-10000,-10000
053491,鴻海兆豐97購02  ,0,0,0,0,0,0,0,0,0,-10000,0,0,0,0,10000,-10000,-10000
053316,友達群益9A購01  ,0,0,0,0,0,0,0,0,0,-10000,0,0,0,0,10000,-10000,-10000
055036,中工富邦9B購01  ,0,0,0,0,0,0,0,0,0,-10000,0,0,0,20000,30000,-10000,-10000
056606,華新科富邦9A購02,0,0,0,0,0,0,0,0,0,-10000,0,0,0,0,10000,-10000,-10000
056457,嘉澤凱基98購01  ,0,0,0,0,0,0,0,0,0,-10000,0,0,0,0,10000,-10000,-10000
056382,道瓊反國泰9A購01,0,0,0,0,0,0,0,0,0,-10000,0,0,0,10000,20000,-10000,-10000
056133,可成元大97購05  ,0,0,0,0,0,0,0,0,0,-10000,0,0,0,88000,98000,-10000,-10000
057088,上銀元富98購01  ,0,0,0,0,0,0,0,0,0,-10000,0,0,0,0,10000,-10000,-10000
057154,易華電國泰99購01,0,0,0,0,0,0,0,0,0,-10000,0,0,0,50000,60000,-10000,-10000
057165,國巨元大99購05  ,0,0,0,0,0,0,0,0,0,-10000,0,0,0,57000,67000,-10000,-10000
05714P,群創統一97售03  ,0,0,0,0,0,0,0,0,0,-10000,0,0,0,0,10000,-10000,-10000
057142,力成兆豐98購01  ,0,0,0,0,0,0,0,0,0,-10000,0,0,0,0,10000,-10000,-10000
05776P,鴻海統一98售02  ,0,0,0,0,0,0,0,0,0,-10000,0,0,0,0,10000,-10000,-10000
057006,國巨中信98購03  ,0,0,0,0,0,0,0,0,0,-10000,0,0,0,20000,30000,-10000,-10000
056727,滬深反凱基9B購01,0,0,0,0,0,0,0,0,0,-10000,0,0,0,0,10000,-10000,-10000
056764,友達元大9A購03  ,0,0,0,0,0,0,0,0,0,-10000,0,0,0,0,10000,-10000,-10000
056765,友達元大9B購05  ,0,0,0,0,0,0,0,0,0,-10000,0,0,0,0,10000,-10000,-10000
057712,南亞科統一9A購01,0,0,0,0,0,0,0,0,0,-10000,0,0,0,0,10000,-10000,-10000
056709,華通永豐98購01  ,0,0,0,0,0,0,0,0,0,-10000,0,0,0,0,10000,-10000,-10000
05670P,台積電國票98售01,0,0,0,0,0,0,0,0,0,-10000,0,0,0,0,10000,-10000,-10000
056716,康舒永豐98購01  ,0,0,0,0,0,0,0,0,0,-10000,0,0,0,0,10000,-10000,-10000
061242,玉晶光兆豐9B購02,0,0,0,0,0,0,0,0,0,-10000,0,0,0,0,10000,-10000,-10000
061665,旺宏中信9C購01  ,0,0,0,0,0,0,0,0,0,-10000,0,0,0,0,10000,-10000,-10000
057970,國巨富邦99購03  ,0,0,0,0,0,0,0,0,0,-10000,0,0,0,0,10000,-10000,-10000
061625,聯茂群益9A購02  ,0,0,0,0,0,0,0,0,0,-10000,0,0,0,120000,130000,-10000,-10000
061509,SP黃豆富邦9C購01,0,0,0,0,0,0,0,0,0,-10000,0,0,0,0,10000,-10000,-10000
061448,旺宏中信9A購02  ,0,0,0,0,0,0,0,0,0,-10000,0,0,0,0,10000,-10000,-10000
057436,義隆國票99購02  ,0,0,0,0,0,0,0,0,0,-10000,0,0,0,0,10000,-10000,-10000
057408,台郡群益98購01  ,0,0,0,0,0,0,0,0,0,-10000,0,0,0,0,10000,-10000,-10000
057304,為升兆豐99購02  ,0,0,0,0,0,0,0,0,0,-10000,0,0,0,0,10000,-10000,-10000
057305,南亞科兆豐98購02,0,0,0,0,0,0,0,0,0,-10000,0,0,0,0,10000,-10000,-10000
057249,華邦電統一9A購01,0,0,0,0,0,0,0,0,0,-10000,0,0,0,0,10000,-10000,-10000
057261,瑞昱兆豐98購01  ,0,0,0,0,0,0,0,0,0,-10000,0,0,0,0,10000,-10000,-10000
057262,友達兆豐98購03  ,0,0,0,0,0,0,0,0,0,-10000,0,0,0,0,10000,-10000,-10000
057263,可成兆豐99購01  ,0,0,0,0,0,0,0,0,0,-10000,0,0,0,0,10000,-10000,-10000
057264,新光金兆豐98購01,0,0,0,0,0,0,0,0,0,-10000,0,0,0,0,10000,-10000,-10000
057276,全新元大99購03  ,0,0,0,0,0,0,0,0,0,-10000,0,0,0,0,10000,-10000,-10000
057897,華通富邦99購01  ,0,0,0,0,0,0,0,0,0,-10000,0,0,0,0,10000,-10000,-10000
056903,大立光元大99購04,0,0,0,0,0,0,0,0,0,-10000,0,0,0,10000,20000,-10000,-10000
056904,大立光元大99購05,0,0,0,0,0,0,0,0,0,-10000,0,0,0,0,10000,-10000,-10000
058006,台郡群益98購04  ,0,0,0,0,0,0,0,0,0,-10000,0,0,0,0,10000,-10000,-10000
059029,旺宏兆豐99購01  ,0,0,0,0,0,0,0,0,0,-10000,0,0,0,0,10000,-10000,-10000
059048,元油2X凱基9A購11,0,0,0,0,0,0,0,0,0,-10000,0,0,0,0,10000,-10000,-10000
059235,鴻海凱基99購08  ,0,0,0,0,0,0,0,0,0,-10000,0,0,0,0,10000,-10000,-10000
059262,致茂中信01購01  ,0,0,0,0,0,0,0,0,0,-10000,0,0,0,10000,20000,-10000,-10000
059293,宏達電元富9B購01,0,0,0,0,0,0,0,0,0,-10000,0,0,0,140000,150000,-10000,-10000
058948,道瓊銀群益9C購01,0,0,0,0,0,0,0,0,0,-10000,0,0,0,0,10000,-10000,-10000
058990,GIS凱基99購02   ,0,0,0,0,0,0,0,0,0,-10000,0,0,0,0,10000,-10000,-10000
058052,南電元大98購02  ,0,0,0,0,0,0,0,0,0,-10000,0,0,0,5000,15000,-10000,-10000
058053,上銀統一9B購01  ,0,0,0,0,0,0,0,0,0,-10000,0,0,0,270000,280000,-10000,-10000
058042,鴻海元大98購12  ,0,0,0,0,0,0,0,0,0,-10000,0,0,0,0,10000,-10000,-10000
058035,旭富永豐98購02  ,0,0,0,0,0,0,0,0,0,-10000,0,0,0,10000,20000,-10000,-10000
060877,華邦電中信02購01,0,0,0,0,0,0,0,0,0,-10000,0,0,0,10000,20000,-10000,-10000
058855,台積電兆豐99購02,0,0,0,0,0,0,0,0,0,-10000,0,0,0,461000,471000,-10000,-10000
061873,友達元大9C購07  ,0,0,0,0,0,0,0,0,0,-10000,0,0,0,89000,99000,-10000,-10000
061793,上銀永豐9B購01  ,0,0,0,0,0,0,0,0,0,-10000,0,0,0,0,10000,-10000,-10000
058267,奇鋐永豐99購01  ,0,0,0,0,0,0,0,0,0,-10000,0,0,0,30000,40000,-10000,-10000
058240,景碩元大99購04  ,0,0,0,0,0,0,0,0,0,-10000,0,0,0,0,10000,-10000,-10000
060502,國巨元大9A購07  ,0,0,0,0,0,0,0,0,0,-10000,0,0,0,6000,16000,-10000,-10000
060543,鴻海凱基9B購02  ,0,0,0,0,0,0,0,0,0,-10000,0,0,0,0,10000,-10000,-10000
060550,可成凱基9A購02  ,0,0,0,0,0,0,0,0,0,-10000,0,0,0,0,10000,-10000,-10000
058130,瑞昱元大99購01  ,0,0,0,0,0,0,0,0,0,-10000,0,0,0,0,10000,-10000,-10000
058167,鴻海凱基9A購03  ,0,0,0,0,0,0,0,0,0,-10000,0,0,0,0,10000,-10000,-10000
062273,國巨群益9C購02  ,0,0,0,0,0,0,0,0,0,-10000,0,0,0,16000,26000,-10000,-10000
062091,世紀鋼元大9B購01,0,0,0,0,0,0,0,0,0,-10000,0,0,0,0,10000,-10000,-10000
062130,T50反1群益9B購01,0,0,0,0,0,0,0,0,0,-10000,0,0,0,0,10000,-10000,-10000
061929,嘉澤凱基9B購01  ,0,0,0,0,0,0,0,0,0,-10000,0,0,0,10000,20000,-10000,-10000
061897,泰碩永豐9B購01  ,0,0,0,0,0,0,0,0,0,-10000,0,0,0,0,10000,-10000,-10000
059665,嘉聯益元大99購06,0,0,0,0,0,0,0,0,0,-10000,0,0,0,0,10000,-10000,-10000
059649,矽力凱基99購02  ,0,0,0,0,0,0,0,0,0,-10000,0,0,0,0,10000,-10000,-10000
059471,華新科元大99購17,0,0,0,0,0,0,0,0,0,-10000,0,0,0,0,10000,-10000,-10000
060215,柏文康和9A購01  ,0,0,0,0,0,0,0,0,0,-10000,0,0,0,0,10000,-10000,-10000
059347,京鼎凱基99購02  ,0,0,0,0,0,0,0,0,0,-10000,0,0,0,0,10000,-10000,-10000
060149,元金2X富邦04購01,0,0,0,0,0,0,0,0,0,-10000,0,0,0,0,10000,-10000,-10000
060042,台積電群益99購12,0,0,0,0,0,0,0,0,0,-10000,0,0,0,0,10000,-10000,-10000
058779,大立光國票9A購02,0,0,0,0,0,0,0,0,0,-10000,0,0,0,0,10000,-10000,-10000
060064,華新科兆豐99購07,0,0,0,0,0,0,0,0,0,-10000,0,0,0,0,10000,-10000,-10000
060737,瑞儀統一9C購01  ,0,0,0,0,0,0,0,0,0,-10000,0,0,0,0,10000,-10000,-10000
061108,臻鼎元大9A購02  ,0,0,0,0,0,0,0,0,0,-10000,0,0,0,0,10000,-10000,-10000
059723,美律元大9A購02  ,0,0,0,0,0,0,0,0,0,-10000,0,0,0,63000,73000,-10000,-10000
059699,華通凱基99購04  ,0,0,0,0,0,0,0,0,0,-10000,0,0,0,0,10000,-10000,-10000
059720,台積電元大99購43,0,0,0,0,0,0,0,0,0,-10000,0,0,0,0,10000,-10000,-10000
059815,SP黃豆凱基9A購03,0,0,0,0,0,0,0,0,0,-10000,0,0,0,0,10000,-10000,-10000
059817,華通凱基99購05  ,0,0,0,0,0,0,0,0,0,-10000,0,0,0,0,10000,-10000,-10000
061563,群創國票9B購02  ,0,0,0,0,0,0,0,0,0,-10000,0,0,0,0,10000,-10000,-10000
059826,欣興凱基99購06  ,0,0,0,0,0,0,0,0,0,-10000,0,0,0,0,10000,-10000,-10000
060977,亞德客元大9A購04,0,0,0,0,0,0,0,0,0,-10000,0,0,0,0,10000,-10000,-10000
058588,致茂中信9B購01  ,0,0,0,0,0,0,0,0,0,-10000,0,0,0,0,10000,-10000,-10000
058437,可成統一9B購01  ,0,0,0,0,0,0,0,0,0,-10000,0,0,0,0,10000,-10000,-10000
058767,亞德客兆豐99購01,0,0,0,0,0,0,0,0,0,-10000,0,0,0,0,10000,-10000,-10000
058751,南茂凱基9A購01  ,0,0,0,0,0,0,0,0,0,-10000,0,0,0,0,10000,-10000,-10000
058753,元石油群益9B購03,0,0,0,0,0,0,0,0,0,-10000,0,0,0,0,10000,-10000,-10000
058747,友達凱基9A購03  ,0,0,0,0,0,0,0,0,0,-10000,0,0,0,100000,110000,-10000,-10000
058742,鴻海康和99購01  ,0,0,0,0,0,0,0,0,0,-10000,0,0,0,0,10000,-10000,-10000
061052,和大群益9A購01  ,0,0,0,0,0,0,0,0,0,-10000,0,0,0,0,10000,-10000,-10000
061088,國巨統一9C購05  ,0,0,0,0,0,0,0,0,0,-10000,0,0,0,0,10000,-10000,-10000
059934,華通永豐99購02  ,0,0,0,0,0,0,0,0,0,-10000,0,0,0,0,10000,-10000,-10000
059935,國巨永豐99購07  ,0,0,0,0,0,0,0,0,0,-10000,0,0,0,4000,14000,-10000,-10000
062358,國巨元大9B購12  ,0,0,0,0,0,0,0,0,0,-10000,0,0,0,7000,17000,-10000,-10000
062452,A50正2群益01購04,0,0,0,0,0,0,0,0,0,-10000,0,0,0,0,10000,-10000,-10000
062450,臻鼎元大9B購02  ,0,0,0,0,0,0,0,0,0,-10000,0,0,0,60000,70000,-10000,-10000
061734,全新中信9B購02  ,0,0,0,0,0,0,0,0,0,-10000,0,0,0,0,10000,-10000,-10000
061716,瑞儀凱基9B購01  ,0,0,0,0,0,0,0,0,0,-10000,0,0,0,0,10000,-10000,-10000
062171,中磊永豐9B購01  ,0,0,0,0,0,0,0,0,0,-10000,0,0,0,0,10000,-10000,-10000
062166,致新國泰01購01  ,0,0,0,0,0,0,0,0,0,-10000,0,0,0,0,10000,-10000,-10000
062586,國巨統一01購06  ,0,0,0,0,0,0,0,0,0,-10000,0,0,0,3000,13000,-10000,-10000
062767,GIS凱基9B購02   ,0,0,0,0,0,0,0,0,0,-10000,0,0,0,0,10000,-10000,-10000
062835,瑞儀群益9B購01  ,0,0,0,0,0,0,0,0,0,-10000,0,0,0,0,10000,-10000,-10000
062873,國巨兆豐9C購01  ,0,0,0,0,0,0,0,0,0,-10000,0,0,0,11000,21000,-10000,-10000
062883,智易兆豐9C購01  ,0,0,0,0,0,0,0,0,0,-10000,0,0,0,0,10000,-10000,-10000
062916,智易元大9B購01  ,0,0,0,0,0,0,0,0,0,-10000,0,0,0,0,10000,-10000,-10000
062965,FBVIX元富9C購01 ,0,0,0,0,0,0,0,0,0,-10000,0,0,0,0,10000,-10000,-10000
063030,華通凱基9B購03  ,0,0,0,0,0,0,0,0,0,-10000,0,0,0,0,10000,-10000,-10000
063010,國巨元大9C購02  ,0,0,0,0,0,0,0,0,0,-10000,0,0,0,1000,11000,-10000,-10000
063085,嘉澤凱基9C購01  ,0,0,0,0,0,0,0,0,0,-10000,0,0,0,0,10000,-10000,-10000
063280,燿華元大9B購05  ,0,0,0,0,0,0,0,0,0,-10000,0,0,0,0,10000,-10000,-10000
063388,台光電兆豐9C購01,0,0,0,0,0,0,0,0,0,-10000,0,0,0,91000,101000,-10000,-10000
063405,聯發科國票9C購03,0,0,0,0,0,0,0,0,0,-10000,0,0,0,0,10000,-10000,-10000
063312,台積電群益9B購07,0,0,0,0,0,0,0,0,0,-10000,0,0,0,12000,22000,-10000,-10000
063306,聯茂凱基9C購01  ,0,0,0,0,0,0,0,0,0,-10000,0,0,0,0,10000,-10000,-10000
063943,台光電元大9C購02,0,0,0,0,0,0,0,0,0,-10000,0,0,0,10000,20000,-10000,-10000
063716,旺宏兆豐9B購01  ,0,0,0,0,0,0,0,0,0,-10000,0,0,0,0,10000,-10000,-10000
064007,嘉澤凱基02購01  ,0,0,0,0,0,0,0,0,0,-10000,0,0,0,0,10000,-10000,-10000
063967,華新科國票01購01,0,0,0,0,0,0,0,0,0,-10000,0,0,0,0,10000,-10000,-10000
063977,義隆兆豐9C購01  ,0,0,0,0,0,0,0,0,0,-10000,0,0,0,0,10000,-10000,-10000
063978,美食兆豐9C購01  ,0,0,0,0,0,0,0,0,0,-10000,0,0,0,0,10000,-10000,-10000
064069,華新科永豐9C購01,0,0,0,0,0,0,0,0,0,-10000,0,0,0,0,10000,-10000,-10000
064065,大立光富邦02購02,0,0,0,0,0,0,0,0,0,-10000,0,0,0,52000,62000,-10000,-10000
064143,旺宏統一01購05  ,0,0,0,0,0,0,0,0,0,-10000,0,0,0,0,10000,-10000,-10000
064131,群創元大01購02  ,0,0,0,0,0,0,0,0,0,-10000,0,0,0,0,10000,-10000,-10000
064135,復盛元大9C購01  ,0,0,0,0,0,0,0,0,0,-10000,0,0,0,0,10000,-10000,-10000
064327,金寶元大01購01  ,0,0,0,0,0,0,0,0,0,-10000,0,0,0,78000,88000,-10000,-10000
064555,力山群益01購01  ,0,0,0,0,0,0,0,0,0,-10000,0,0,0,0,10000,-10000,-10000
064440,大立光凱基03購03,0,0,0,0,0,0,0,0,0,-10000,0,0,0,0,10000,-10000,-10000
06441P,台積電凱基98售08,0,0,0,0,0,0,0,0,0,-10000,0,0,0,0,10000,-10000,-10000
06444P,大立光凱基98售08,0,0,0,0,0,0,0,0,0,-10000,0,0,0,0,10000,-10000,-10000
064739,智邦國票01購01  ,0,0,0,0,0,0,0,0,0,-10000,0,0,0,0,10000,-10000,-10000
064805,金像電元大9C購04,0,0,0,0,0,0,0,0,0,-10000,0,0,0,67000,77000,-10000,-10000
064604,聯茂元富9C購01  ,0,0,0,0,0,0,0,0,0,-10000,0,0,0,0,10000,-10000,-10000
064667,大立光元大02購01,0,0,0,0,0,0,0,0,0,-10000,0,0,0,0,10000,-10000,-10000
6115,鎰勝            ,10000,20000,-10000,0,0,0,0,0,0,0,0,0,0,0,0,0,-10000
4438,廣越            ,11000,21000,-10000,0,0,0,0,0,0,0,0,0,0,0,0,0,-10000
065328,緯穎凱基9C購03  ,0,0,0,0,0,0,0,0,0,-11000,0,0,0,0,11000,-11000,-11000
06525P,上証2X國泰99售01,0,0,0,0,0,0,0,0,0,-11000,0,0,0,20000,31000,-11000,-11000
065558,嘉聯益凱基9C購02,0,0,0,0,0,0,0,0,0,-11000,0,0,0,0,11000,-11000,-11000
065406,緯穎富邦9C購02  ,0,0,0,0,0,0,0,0,0,-11000,0,0,0,0,11000,-11000,-11000
08162P,台灣50台新9C售06,0,0,0,0,0,0,0,0,0,-11000,0,0,0,0,11000,-11000,-11000
08098P,大立光凱基9B售09,0,0,0,0,0,0,0,0,0,-11000,0,0,0,10000,21000,-11000,-11000
3004,豐達科          ,17000,28000,-11000,0,0,0,0,0,0,0,0,0,0,0,0,0,-11000
057257,台泥兆豐99購01  ,0,0,0,0,0,0,0,0,0,-11000,0,0,0,0,11000,-11000,-11000
057331,台積電國票99購04,0,0,0,0,0,0,0,0,0,-11000,0,0,0,95000,106000,-11000,-11000
056395,玉晶光永豐9B購01,0,0,0,0,0,0,0,0,0,-11000,0,0,0,80000,91000,-11000,-11000
053391,嘉聯益元大99購01,0,0,0,0,0,0,0,0,0,-11000,0,0,0,0,11000,-11000,-11000
054287,台積電元大97購11,0,0,0,0,0,0,0,0,0,-11000,0,0,0,0,11000,-11000,-11000
052987,華新科元大99購01,0,0,0,0,0,0,0,0,0,-11000,0,0,0,0,11000,-11000,-11000
00763U,街口道瓊銅      ,0,0,0,0,0,0,0,0,0,-11000,0,0,0,21000,32000,-11000,-11000
059404,鴻海台新99購03  ,0,0,0,0,0,0,0,0,0,-11000,0,0,0,0,11000,-11000,-11000
061947,旺宏群益9B購02  ,0,0,0,0,0,0,0,0,0,-11000,0,0,0,44000,55000,-11000,-11000
062038,鴻海凱基9B購05  ,0,0,0,0,0,0,0,0,0,-11000,0,0,0,15000,26000,-11000,-11000
06054P,臺股指中信9A售01,0,0,0,0,0,0,0,0,0,-11000,0,0,0,0,11000,-11000,-11000
061191,可成永豐9A購02  ,0,0,0,0,0,0,0,0,0,-11000,0,0,0,0,11000,-11000,-11000
060861,漢唐永豐9A購01  ,0,0,0,0,0,0,0,0,0,-11000,0,0,0,19000,30000,-11000,-11000
060942,智邦國票9A購02  ,0,0,0,0,0,0,0,0,0,-11000,0,0,0,6000,17000,-11000,-11000
060307,南港永豐9A購01  ,0,0,0,0,0,0,0,0,0,-11000,0,0,0,35000,46000,-11000,-11000
060466,玉山金元大9A購01,0,0,0,0,0,0,0,0,0,-11000,0,0,0,76000,87000,-11000,-11000
064749,巨大國票01購01  ,0,0,0,0,0,0,0,0,0,-11000,0,0,0,0,11000,-11000,-11000
064391,亞德客永豐9C購01,0,0,0,0,0,0,0,0,0,-11000,0,0,0,0,11000,-11000,-11000
064380,超眾元富9C購03  ,0,0,0,0,0,0,0,0,0,-11000,0,0,0,98000,109000,-11000,-11000
063815,玉晶光群益02購01,0,0,0,0,0,0,0,0,0,-11000,0,0,0,7000,18000,-11000,-11000
062597,世紀鋼統一01購01,0,0,0,0,0,0,0,0,0,-11000,0,0,0,0,11000,-11000,-11000
062633,亞光國票9B購01  ,0,0,0,0,0,0,0,0,0,-11000,0,0,0,17000,28000,-11000,-11000
062666,和碩群益9B購01  ,0,0,0,0,0,0,0,0,0,-11000,0,0,0,127000,138000,-11000,-11000
06249P,億光統一97售02  ,0,0,0,0,0,0,0,0,0,-11000,0,0,0,0,11000,-11000,-11000
4164,承業醫          ,86000,127000,-41000,0,0,0,0,0,0,30000,38000,8000,30000,0,0,0,-11000
6415,矽力-KY         ,278200,262437,15763,0,0,0,1000,23000,-22000,-5000,0,5000,-5000,0,0,0,-11237
2477,美隆電          ,13000,25000,-12000,0,0,0,0,0,0,0,0,0,0,0,0,0,-12000
1531,高林股          ,11000,23000,-12000,0,0,0,0,0,0,0,0,0,0,0,0,0,-12000
065394,英業達群益9C購01,0,0,0,0,0,0,0,0,0,-12000,0,0,0,0,12000,-12000,-12000
065441,義隆麥證9C購01  ,0,0,0,0,12000,-12000,0,0,0,-12000,0,0,0,0,12000,-12000,-12000
065585,聯發科富邦03購02,0,0,0,0,0,0,0,0,0,-12000,0,0,0,0,12000,-12000,-12000
065575,神達群益01購01  ,0,0,0,0,0,0,0,0,0,-12000,0,0,0,0,12000,-12000,-12000
064994,南電兆豐01購01  ,0,0,0,0,0,0,0,0,0,-12000,0,0,0,0,12000,-12000,-12000
07328P,FBVIX國泰9B售01 ,0,0,0,0,0,0,0,0,0,-12000,0,0,0,3000,15000,-12000,-12000
07672P,南電元大9A售05  ,0,0,0,0,0,0,0,0,0,-12000,0,0,0,0,12000,-12000,-12000
07590P,玉晶光國票9A售03,0,0,0,0,0,0,0,0,0,-12000,0,0,0,28000,40000,-12000,-12000
06879P,長榮航凱基98售02,0,0,0,0,0,0,0,0,0,-12000,0,0,0,0,12000,-12000,-12000
056632,鴻海永昌98購01  ,0,0,0,0,0,0,0,0,0,-12000,0,0,0,2000,14000,-12000,-12000
061502,嘉澤國票9A購02  ,0,0,0,0,0,0,0,0,0,-12000,0,0,0,0,12000,-12000,-12000
060582,玉晶光群益9C購01,0,0,0,0,0,0,0,0,0,-12000,0,0,0,0,12000,-12000,-12000
061198,世紀鋼永豐9A購03,0,0,0,0,0,0,0,0,0,-12000,0,0,0,0,12000,-12000,-12000
058934,台灣50中信03購03,0,0,0,0,0,0,0,0,0,-12000,0,0,0,8000,20000,-12000,-12000
061189,可成富邦9B購02  ,0,0,0,0,0,0,0,0,0,-12000,0,0,0,0,12000,-12000,-12000
058887,元石油元大9C購04,0,0,0,0,0,0,0,0,0,-12000,0,0,0,0,12000,-12000,-12000
060470,台勝科元大9A購03,0,0,0,0,0,0,0,0,0,-12000,0,0,0,45000,57000,-12000,-12000
061880,台郡元大9B購02  ,0,0,0,0,0,0,0,0,0,-12000,0,0,0,159000,171000,-12000,-12000
061927,玉晶光凱基9C購01,0,0,0,0,0,0,0,0,0,-12000,0,0,0,10000,22000,-12000,-12000
06209P,旺宏統一97售07  ,0,0,0,0,0,0,0,0,0,-12000,0,0,0,0,12000,-12000,-12000
060065,大立光兆豐9B購01,0,0,0,0,0,0,0,0,0,-12000,0,0,0,0,12000,-12000,-12000
059932,世紀鋼富邦9A購02,0,0,0,0,0,0,0,0,0,-12000,0,0,0,0,12000,-12000,-12000
058688,矽創凱基9A購01  ,0,0,0,0,0,0,0,0,0,-12000,0,0,0,50000,62000,-12000,-12000
058773,和碩兆豐99購01  ,0,0,0,0,0,0,0,0,0,-12000,0,0,0,10000,22000,-12000,-12000
058399,美律元大99購05  ,0,0,0,0,0,0,0,0,0,-12000,0,0,0,88000,100000,-12000,-12000
061573,義隆元大9A購02  ,0,0,0,0,0,0,0,0,0,-12000,0,0,0,25000,37000,-12000,-12000
062670,瑞昱中信03購01  ,0,0,0,0,0,0,0,0,0,-12000,0,0,0,0,12000,-12000,-12000
062861,世芯國票9C購01  ,0,0,0,0,0,0,0,0,0,-12000,0,0,0,0,12000,-12000,-12000
063321,泰鼎群益9B購03  ,0,0,0,0,0,0,0,0,0,-12000,0,0,0,0,12000,-12000,-12000
063500,嘉晶永豐9B購02  ,0,0,0,0,0,0,0,0,0,-12000,0,0,0,15000,27000,-12000,-12000
063918,復盛凱基9C購01  ,0,0,0,0,0,0,0,0,0,-12000,0,0,0,0,12000,-12000,-12000
063868,嘉晶永豐9C購01  ,0,0,0,0,0,0,0,0,0,-12000,0,0,0,0,12000,-12000,-12000
064100,義隆群益9C購01  ,0,0,0,0,0,0,0,0,0,-12000,0,0,0,28000,40000,-12000,-12000
063955,TPK元大9C購01   ,0,0,0,0,0,0,0,0,0,-12000,0,0,0,34000,46000,-12000,-12000
064262,玉晶光永豐9C購03,0,0,0,0,0,0,0,0,0,-12000,0,0,0,14000,26000,-12000,-12000
064263,貿聯永豐9C購01  ,0,0,0,0,0,0,0,0,0,-12000,0,0,0,8000,20000,-12000,-12000
064496,聯發科元大9C購10,0,0,0,0,0,0,0,0,0,-12000,0,0,0,88000,100000,-12000,-12000
064672,同欣電元大01購01,0,0,0,0,0,0,0,0,0,-12000,0,0,0,113000,125000,-12000,-12000
064583,光寶科永豐9C購01,0,0,0,0,0,0,0,0,0,-12000,0,0,0,0,12000,-12000,-12000
6155,鈞寶            ,15000,27000,-12000,0,0,0,0,0,0,0,0,0,0,0,0,0,-12000
2204,中華            ,263000,141800,121200,0,0,0,0,144000,-144000,10000,10000,0,10000,0,0,0,-12800
2024,志聯            ,3000,16000,-13000,0,0,0,0,0,0,0,0,0,0,0,0,0,-13000
2431,聯昌            ,5000,18000,-13000,0,0,0,0,0,0,0,0,0,0,0,0,0,-13000
1537,廣隆            ,5000,18000,-13000,0,0,0,0,0,0,0,0,0,0,0,0,0,-13000
08178P,南亞科元大9B售01,0,0,0,0,0,0,0,0,0,-13000,0,0,0,0,13000,-13000,-13000
08379P,台積電國泰02售02,0,0,0,0,0,0,0,0,0,-13000,0,0,0,890000,903000,-13000,-13000
06929P,鴻海元大99售11  ,0,0,0,0,0,0,0,0,0,-13000,0,0,0,0,13000,-13000,-13000
065610,牧德元大02購01  ,0,0,0,0,0,0,0,0,0,-13000,0,0,0,100000,113000,-13000,-13000
065590,元黃金元大9C購01,0,0,0,0,0,0,0,0,0,-13000,0,0,0,0,13000,-13000,-13000
065319,鴻海凱基9C購03  ,0,0,0,0,0,0,0,0,0,-13000,0,0,0,20000,33000,-13000,-13000
061481,嘉澤元大9A購03  ,0,0,0,0,0,0,0,0,0,-13000,0,0,0,8000,21000,-13000,-13000
051614,元金2X凱基97購01,0,0,0,0,0,0,0,0,0,-13000,0,0,0,2000,15000,-13000,-13000
055858,聯茂元大97購03  ,0,0,0,0,0,0,0,0,0,-13000,0,0,0,60000,73000,-13000,-13000
056124,華通國票98購02  ,0,0,0,0,0,0,0,0,0,-13000,0,0,0,1000,14000,-13000,-13000
054425,聯發科富邦99購03,0,0,0,0,0,0,0,0,0,-13000,0,0,0,0,13000,-13000,-13000
058485,智邦國票9A購01  ,0,0,0,0,0,0,0,0,0,-13000,0,0,0,0,13000,-13000,-13000
060984,南亞科元大9A購07,0,0,0,0,0,0,0,0,0,-13000,0,0,0,48000,61000,-13000,-13000
058455,玉晶光永豐99購03,0,0,0,0,0,0,0,0,0,-13000,0,0,0,16000,29000,-13000,-13000
058799,晶技元大99購04  ,0,0,0,0,0,0,0,0,0,-13000,0,0,0,0,13000,-13000,-13000
059733,緯穎元大99購08  ,0,0,0,0,0,0,0,0,0,-13000,0,0,0,3000,16000,-13000,-13000
062326,國巨統一9C購09  ,0,0,0,0,0,0,0,0,0,-13000,0,0,0,0,13000,-13000,-13000
061871,瑞昱元大9B購01  ,0,0,0,0,0,0,0,0,0,-13000,0,0,0,32000,45000,-13000,-13000
058136,景碩元大99購02  ,0,0,0,0,0,0,0,0,0,-13000,0,0,0,2000,15000,-13000,-13000
059055,旺宏凱基9B購02  ,0,0,0,0,0,0,0,0,0,-13000,0,0,0,0,13000,-13000,-13000
064666,華新科元大02購01,0,0,0,0,0,0,0,0,0,-13000,0,0,0,0,13000,-13000,-13000
064148,瑞昱統一02購01  ,0,0,0,0,0,0,0,0,0,-13000,0,0,0,11000,24000,-13000,-13000
063818,矽創群益9C購01  ,0,0,0,0,0,0,0,0,0,-13000,0,0,0,11000,24000,-13000,-13000
063681,深中小永豐9B購01,0,0,0,0,0,0,0,0,0,-13000,0,0,0,2000,15000,-13000,-13000
063618,智邦兆豐9C購01  ,0,0,0,0,0,0,0,0,0,-13000,0,0,0,0,13000,-13000,-13000
062914,嘉澤元大9B購02  ,0,0,0,0,0,0,0,0,0,-13000,0,0,0,20000,33000,-13000,-13000
4576,大銀微系統      ,13000,26000,-13000,0,0,0,0,0,0,0,0,0,0,0,0,0,-13000
065593,達新元大9C購02  ,0,0,0,0,0,0,0,0,0,-14000,0,0,0,0,14000,-14000,-14000
065181,南電元大01購01  ,0,0,0,0,0,0,0,0,0,-14000,0,0,0,20000,34000,-14000,-14000
065091,亞光元大9C購01  ,0,0,0,0,0,0,0,0,0,-14000,0,0,0,24000,38000,-14000,-14000
08418P,大立光元大01售04,0,0,0,0,0,0,0,0,0,-14000,0,0,0,60000,74000,-14000,-14000
08472P,和碩凱基9C售02  ,0,0,0,0,0,0,0,0,0,-14000,0,0,0,0,14000,-14000,-14000
1225,福懋油          ,5000,19000,-14000,0,0,0,0,0,0,0,0,0,0,0,0,0,-14000
08199P,大毅元大9B售02  ,0,0,0,0,0,0,0,0,0,-14000,0,0,0,0,14000,-14000,-14000
07878P,智邦群益9C售01  ,0,0,0,0,0,0,0,0,0,-14000,0,0,0,190000,204000,-14000,-14000
3056,總太            ,52000,64000,-12000,0,0,0,0,0,0,-2000,0,2000,-2000,0,0,0,-14000
00710B,FH彭博高收益債  ,0,0,0,0,0,0,0,0,0,-14000,0,0,0,110000,124000,-14000,-14000
050170,臺指反元大97購02,0,0,0,0,0,0,0,0,0,-14000,0,0,0,0,14000,-14000,-14000
03680C,臺股指凱基9A牛26,0,0,0,0,0,0,0,0,0,-14000,0,0,0,101000,115000,-14000,-14000
061648,緯穎元大9A購04  ,0,0,0,0,0,0,0,0,0,-14000,0,0,0,3000,17000,-14000,-14000
056169,鴻海元富97購08  ,0,0,0,0,0,0,0,0,0,-14000,0,0,0,20000,34000,-14000,-14000
057792,群創統一99購01  ,0,0,0,0,0,0,0,0,0,-14000,0,0,0,40000,54000,-14000,-14000
06120P,大立光凱基98售05,0,0,0,0,0,0,0,0,0,-14000,0,0,0,16000,30000,-14000,-14000
060591,富邦金台新9A購01,0,0,0,0,0,0,0,0,0,-14000,0,0,0,0,14000,-14000,-14000
060606,玉晶光凱基9A購05,0,0,0,0,0,0,0,0,0,-14000,0,0,0,10000,24000,-14000,-14000
058124,玉晶光國票9A購01,0,0,0,0,0,0,0,0,0,-14000,0,0,0,23000,37000,-14000,-14000
062097,台光電永豐9B購01,0,0,0,0,0,0,0,0,0,-14000,0,0,0,0,14000,-14000,-14000
06189P,華新科永豐97售03,0,0,0,0,0,0,0,0,0,-14000,0,0,0,16000,30000,-14000,-14000
061964,台積電統一01購05,0,0,0,0,0,0,0,0,0,-14000,0,0,0,20000,34000,-14000,-14000
061180,華擎凱基9B購01  ,0,0,0,0,0,0,0,0,0,-14000,0,0,0,0,14000,-14000,-14000
061162,南電群益9A購02  ,0,0,0,0,0,0,0,0,0,-14000,0,0,0,1000,15000,-14000,-14000
059480,美律群益9A購01  ,0,0,0,0,0,0,0,0,0,-14000,0,0,0,0,14000,-14000,-14000
062696,國巨元大9B購16  ,0,0,0,0,0,0,0,0,0,-14000,0,0,0,6000,20000,-14000,-14000
062594,祥碩統一01購02  ,0,0,0,0,0,0,0,0,0,-14000,0,0,0,3000,17000,-14000,-14000
062557,台光電凱基9B購02,0,0,0,0,0,0,0,0,0,-14000,0,0,0,80000,94000,-14000,-14000
062543,華通富邦9C購01  ,0,0,0,0,0,0,0,0,0,-14000,0,0,0,3000,17000,-14000,-14000
063305,亞光凱基9B購01  ,0,0,0,0,0,0,0,0,0,-14000,0,0,0,11000,25000,-14000,-14000
063121,友達元大9C購09  ,0,0,0,0,0,0,0,0,0,-14000,0,0,0,41000,55000,-14000,-14000
063013,技嘉元大9B購02  ,0,0,0,0,0,0,0,0,0,-14000,0,0,0,173000,187000,-14000,-14000
063820,華邦電麥證01購01,0,0,0,1000,14000,-13000,0,0,0,-14000,0,0,0,1000,15000,-14000,-14000
064223,日電貿國票01購01,0,0,0,0,0,0,0,0,0,-14000,0,0,0,0,14000,-14000,-14000
064740,台光電國票01購01,0,0,0,0,0,0,0,0,0,-14000,0,0,0,0,14000,-14000,-14000
064840,彩晶統一02購01  ,0,0,0,0,0,0,0,0,0,-14000,0,0,0,0,14000,-14000,-14000
6224,聚鼎            ,9000,23000,-14000,0,0,0,0,0,0,0,0,0,0,0,0,0,-14000
2706,第一店          ,22000,37000,-15000,0,0,0,0,0,0,0,0,0,0,0,0,0,-15000
1507,永大            ,30000,42000,-12000,0,0,0,0,0,0,-3000,0,3000,-3000,0,0,0,-15000
1906,寶隆            ,7000,23000,-16000,0,0,0,0,0,0,1000,1000,0,1000,0,0,0,-15000
08210P,健策元富9B售02  ,0,0,0,0,0,0,0,0,0,-15000,0,0,0,100000,115000,-15000,-15000
08583P,鴻海群益01售05  ,0,0,0,0,0,0,0,0,0,-15000,0,0,0,0,15000,-15000,-15000
08585P,台表科群益9C售04,0,0,0,0,0,0,0,0,0,-15000,0,0,0,0,15000,-15000,-15000
065153,金像電群益9C購03,0,0,0,0,0,0,0,0,0,-15000,0,0,0,40000,55000,-15000,-15000
065144,大立光凱基01購06,0,0,0,0,0,0,0,0,0,-15000,0,0,0,0,15000,-15000,-15000
06498P,臺股指元大9A售03,0,0,0,0,0,0,0,0,0,-15000,0,0,0,0,15000,-15000,-15000
064962,台灣50元大9C購45,0,0,0,0,0,0,0,0,0,-15000,0,0,0,0,15000,-15000,-15000
06578P,華新科國票98售02,0,0,0,0,0,0,0,0,0,-15000,0,0,0,0,15000,-15000,-15000
065435,臻鼎凱基02購01  ,0,0,0,0,0,0,0,0,0,-15000,0,0,0,0,15000,-15000,-15000
065260,金像電元大9C購07,0,0,0,0,0,0,0,0,0,-15000,0,0,0,85000,100000,-15000,-15000
06629P,台灣50第一98售01,0,0,0,0,0,0,0,0,0,-15000,0,0,0,10000,25000,-15000,-15000
07031P,台灣50中信03售02,0,0,0,0,0,0,0,0,0,-15000,0,0,0,350000,365000,-15000,-15000
07128P,大毅元大99售04  ,0,0,0,0,0,0,0,0,0,-15000,0,0,0,0,15000,-15000,-15000
07143P,FBVIX元大99售02 ,0,0,0,0,0,0,0,0,0,-15000,0,0,0,0,15000,-15000,-15000
07171P,臺股指國票99售08,0,0,0,0,0,0,0,0,0,-15000,0,0,0,15000,30000,-15000,-15000
07741P,滬深2X凱基9B售04,0,0,0,0,0,0,0,0,0,-15000,0,0,0,5000,20000,-15000,-15000
057141,嘉聯益兆豐99購01,0,0,0,0,0,0,0,0,0,-15000,0,0,0,0,15000,-15000,-15000
057663,國巨元大99購08  ,0,0,0,0,0,0,0,0,0,-15000,0,0,0,100000,115000,-15000,-15000
057003,立積國票98購01  ,0,0,0,0,0,0,0,0,0,-15000,0,0,0,0,15000,-15000,-15000
061410,緯穎國票9A購03  ,0,0,0,0,0,0,0,0,0,-15000,0,0,0,3000,18000,-15000,-15000
057357,超眾統一98購01  ,0,0,0,0,0,0,0,0,0,-15000,0,0,0,10000,25000,-15000,-15000
057288,聯茂元大98購03  ,0,0,0,0,0,0,0,0,0,-15000,0,0,0,0,15000,-15000,-15000
057279,國揚元大98購01  ,0,0,0,0,0,0,0,0,0,-15000,0,0,0,0,15000,-15000,-15000
057883,中環群益98購01  ,0,0,0,0,0,0,0,0,0,-15000,0,0,0,0,15000,-15000,-15000
051047,深中小群益99購01,0,0,0,0,0,0,0,0,0,-15000,0,0,0,5000,20000,-15000,-15000
055679,華通凱基99購01  ,0,0,0,0,0,0,0,0,0,-15000,0,0,0,11000,26000,-15000,-15000
03033X,元展30          ,0,0,0,0,0,0,0,0,0,-15000,0,0,0,0,15000,-15000,-15000
053088,奇鋐元大98購01  ,0,0,0,0,0,0,0,0,0,-15000,0,0,0,70000,85000,-15000,-15000
054154,智易國泰97購01  ,0,0,0,0,0,0,0,0,0,-15000,0,0,0,0,15000,-15000,-15000
059473,T50反1群益99購03,0,0,0,0,0,0,0,0,0,-15000,0,0,0,0,15000,-15000,-15000
059629,友達凱基99購06  ,0,0,0,0,0,0,0,0,0,-15000,0,0,0,0,15000,-15000,-15000
060029,嘉晶永豐99購03  ,0,0,0,0,0,0,0,0,0,-15000,0,0,0,50000,65000,-15000,-15000
060135,台灣50國票9C購02,0,0,0,0,0,0,0,0,0,-15000,0,0,0,0,15000,-15000,-15000
060161,牧德永豐9A購02  ,0,0,0,0,0,0,0,0,0,-15000,0,0,0,276000,291000,-15000,-15000
059340,鴻海凱基9A購12  ,0,0,0,0,0,0,0,0,0,-15000,0,0,0,5000,20000,-15000,-15000
058474,鴻海凱基9A購06  ,0,0,0,0,0,0,0,0,0,-15000,0,0,0,61000,76000,-15000,-15000
058409,鴻海兆豐99購05  ,0,0,0,0,0,0,0,0,0,-15000,0,0,0,5000,20000,-15000,-15000
060493,美律元富01購01  ,0,0,0,0,0,0,0,0,0,-15000,0,0,0,125000,140000,-15000,-15000
060519,S&P500中信01購01,0,0,0,0,0,0,0,0,0,-15000,0,0,0,0,15000,-15000,-15000
061831,智邦凱基9B購02  ,0,0,0,0,0,0,0,0,0,-15000,0,0,0,40000,55000,-15000,-15000
058261,大立光富邦03購01,0,0,0,0,0,0,0,0,0,-15000,0,0,0,0,15000,-15000,-15000
05905P,晶技統一97售01  ,0,0,0,0,0,0,0,0,0,-15000,0,0,0,5000,20000,-15000,-15000
058059,晶技元富98購01  ,0,0,0,0,0,0,0,0,0,-15000,0,0,0,0,15000,-15000,-15000
058988,大立光凱基9A購02,0,0,0,0,0,0,0,0,0,-15000,0,0,0,0,15000,-15000,-15000
064763,祥碩凱基02購01  ,0,0,0,0,0,0,0,0,0,-15000,0,0,0,328000,343000,-15000,-15000
064693,玉晶光群益01購06,0,0,0,0,0,0,0,0,0,-15000,0,0,0,12000,27000,-15000,-15000
063862,世紀鋼國泰02購01,0,0,0,0,0,0,0,0,0,-15000,0,0,0,1000,16000,-15000,-15000
063632,金像電元大9B購04,0,0,0,0,0,0,0,0,0,-15000,0,0,0,5000,20000,-15000,-15000
063723,儒鴻元大9B購04  ,0,0,0,0,0,0,0,0,0,-15000,0,0,0,72000,87000,-15000,-15000
063001,巨大國票9B購01  ,0,0,0,0,0,0,0,0,0,-15000,0,0,0,0,15000,-15000,-15000
063259,廣達富邦9C購01  ,0,0,0,0,0,0,0,0,0,-15000,0,0,0,61000,76000,-15000,-15000
063139,聯發科統一9B購07,0,0,0,0,0,0,0,0,0,-15000,0,0,0,10000,25000,-15000,-15000
063180,台塑凱基9B購01  ,0,0,0,0,0,0,0,0,0,-15000,0,0,0,35000,50000,-15000,-15000
063404,金像電國票9B購01,0,0,0,0,0,0,0,0,0,-15000,0,0,0,59000,74000,-15000,-15000
062523,世紀鋼元大9C購03,0,0,0,0,0,0,0,0,0,-15000,0,0,0,0,15000,-15000,-15000
062415,聯茂中信9C購01  ,0,0,0,0,0,0,0,0,0,-15000,0,0,0,0,15000,-15000,-15000
062368,聯詠元大9B購01  ,0,0,0,0,0,0,0,0,0,-15000,0,0,0,63000,78000,-15000,-15000
062332,大立光統一9B購11,0,0,0,0,0,0,0,0,0,-15000,0,0,0,75000,90000,-15000,-15000
062583,鴻海統一9C購12  ,0,0,0,0,0,0,0,0,0,-15000,0,0,0,0,15000,-15000,-15000
062577,泰鼎群益9B購01  ,0,0,0,0,0,0,0,0,0,-15000,0,0,0,54000,69000,-15000,-15000
062625,華通國票9B購02  ,0,0,0,0,0,0,0,0,0,-15000,0,0,0,5000,20000,-15000,-15000
062877,可成兆豐9C購01  ,0,0,0,0,0,0,0,0,0,-15000,0,0,0,15000,30000,-15000,-15000
8341,日友            ,83000,98000,-15000,0,0,0,0,0,0,0,0,0,0,0,0,0,-15000
4108,懷特            ,178000,193000,-15000,0,0,0,0,0,0,0,0,0,0,0,0,0,-15000
07782P,寶成凱基9A售02  ,0,0,0,0,0,0,0,0,0,-16000,0,0,0,11000,27000,-16000,-16000
06861P,台積電國票99售08,0,0,0,0,0,0,0,0,0,-16000,0,0,0,0,16000,-16000,-16000
065243,聯發科兆豐01購03,0,0,0,0,0,0,0,0,0,-16000,0,0,0,4000,20000,-16000,-16000
064986,GIS元大9C購07   ,0,0,0,0,0,0,0,0,0,-16000,0,0,0,184000,200000,-16000,-16000
08541P,景碩國票01售02  ,0,0,0,0,0,0,0,0,0,-16000,0,0,0,4000,20000,-16000,-16000
1786,科妍            ,3000,20000,-17000,0,0,0,0,0,0,1000,1000,0,1000,0,0,0,-16000
1457,宜進            ,17000,33000,-16000,0,0,0,0,0,0,0,0,0,0,0,0,0,-16000
1432,大魯閣          ,5000,21000,-16000,0,0,0,0,0,0,0,0,0,0,0,0,0,-16000
3454,晶睿            ,6000,22000,-16000,0,0,0,0,0,0,0,0,0,0,0,0,0,-16000
053502,智伸科兆豐97購01,0,0,0,0,0,0,0,0,0,-16000,0,0,0,5000,21000,-16000,-16000
053537,玉晶光永豐98購02,0,0,0,0,0,0,0,0,0,-16000,0,0,0,822000,838000,-16000,-16000
056263,友訊統一99購01  ,0,0,0,0,0,0,0,0,0,-16000,0,0,0,10000,26000,-16000,-16000
00680L,元大美債20正2   ,0,0,0,0,0,0,0,0,0,-16000,0,0,0,1000,17000,-16000,-16000
061643,嘉澤元大9A購05  ,0,0,0,0,0,0,0,0,0,-16000,0,0,0,8000,24000,-16000,-16000
062034,同欣電群益9B購01,0,0,0,0,0,0,0,0,0,-16000,0,0,0,15000,31000,-16000,-16000
062220,台光電統一01購01,0,0,0,0,0,0,0,0,0,-16000,0,0,0,7000,23000,-16000,-16000
061024,南電國泰9B購01  ,0,0,0,0,0,0,0,0,0,-16000,0,0,0,50000,66000,-16000,-16000
061570,瑞昱元大9A購05  ,0,0,0,0,0,0,0,0,0,-16000,0,0,0,0,16000,-16000,-16000
061109,臻鼎元大9A購03  ,0,0,0,0,0,0,0,0,0,-16000,0,0,0,62000,78000,-16000,-16000
062802,宏達電統一9B購01,0,0,0,0,0,0,0,0,0,-16000,0,0,0,6000,22000,-16000,-16000
062406,臻鼎永豐9B購01  ,0,0,0,0,0,0,0,0,0,-16000,0,0,0,93000,109000,-16000,-16000
062545,嘉晶永豐9B購01  ,0,0,0,0,0,0,0,0,0,-16000,0,0,0,5000,21000,-16000,-16000
062512,美食國票9B購01  ,0,0,0,0,0,0,0,0,0,-16000,0,0,0,0,16000,-16000,-16000
063603,友達凱基9B購05  ,0,0,0,0,0,0,0,0,0,-16000,0,0,0,4000,20000,-16000,-16000
063693,智易永豐9B購02  ,0,0,0,0,0,0,0,0,0,-16000,0,0,0,0,16000,-16000,-16000
063714,超眾凱基9B購03  ,0,0,0,0,0,0,0,0,0,-16000,0,0,0,25000,41000,-16000,-16000
063756,鴻海統一9B購09  ,0,0,0,0,0,0,0,0,0,-16000,0,0,0,1000,17000,-16000,-16000
063634,台光電元大9B購09,0,0,0,0,0,0,0,0,0,-16000,0,0,0,52000,68000,-16000,-16000
063831,帆宣國票01購01  ,0,0,0,0,0,0,0,0,0,-16000,0,0,0,0,16000,-16000,-16000
064169,南電統一9C購01  ,0,0,0,0,0,0,0,0,0,-16000,0,0,0,26000,42000,-16000,-16000
06468P,華新科統一98售02,0,0,0,0,0,0,0,0,0,-16000,0,0,0,0,16000,-16000,-16000
3032,偉訓            ,4000,21000,-17000,0,0,0,0,0,0,0,0,0,0,0,0,0,-17000
2059,川湖            ,79000,95000,-16000,0,0,0,0,0,0,-1000,0,0,0,0,1000,-1000,-17000
08453P,玉晶光台新9C售02,0,0,0,0,0,0,0,0,0,-17000,0,0,0,108000,125000,-17000,-17000
08404P,技嘉元大9C售02  ,0,0,0,0,0,0,0,0,0,-17000,0,0,0,50000,67000,-17000,-17000
064894,漢唐群益9C購02  ,0,0,0,0,0,0,0,0,0,-17000,0,0,0,0,17000,-17000,-17000
07673P,電子類元大9A售01,0,0,0,0,0,0,0,0,0,-17000,0,0,0,0,17000,-17000,-17000
07708P,玉晶光元大9A售13,0,0,0,0,0,0,0,0,0,-17000,0,0,0,41000,58000,-17000,-17000
07389P,臺股指群益9C售08,0,0,0,0,0,0,0,0,0,-17000,0,0,0,15000,32000,-17000,-17000
057222,鴻海國票99購04  ,0,0,0,0,0,0,0,0,0,-17000,0,0,0,0,17000,-17000,-17000
057651,矽力元大98購03  ,0,0,0,0,0,0,0,0,0,-17000,0,0,0,0,17000,-17000,-17000
02001L,富邦蘋果正二N   ,0,0,0,0,0,0,0,0,0,-17000,0,0,0,4000,21000,-17000,-17000
055657,超眾元富97購02  ,0,0,0,0,0,0,0,0,0,-17000,0,0,0,49000,66000,-17000,-17000
053364,友達國泰98購01  ,0,0,0,0,0,0,0,0,0,-17000,0,0,0,0,17000,-17000,-17000
060246,晶相光元大9C購03,0,0,0,0,0,0,0,0,0,-17000,0,0,0,37000,54000,-17000,-17000
060169,群電永豐9A購01  ,0,0,0,0,0,0,0,0,0,-17000,0,0,0,0,17000,-17000,-17000
060122,亞德客永豐99購02,0,0,0,0,0,0,0,0,0,-17000,0,0,0,0,17000,-17000,-17000
062301,聯詠中信05購01  ,0,0,0,0,0,0,0,0,0,-17000,0,0,0,10000,27000,-17000,-17000
060547,瑞昱凱基9A購01  ,0,0,0,0,0,0,0,0,0,-17000,0,0,0,3000,20000,-17000,-17000
061190,力山永豐9A購02  ,0,0,0,0,0,0,0,0,0,-17000,0,0,0,0,17000,-17000,-17000
059265,美律中信01購01  ,0,0,0,0,0,0,0,0,0,-17000,0,0,0,3000,20000,-17000,-17000
063925,祥碩元富9C購01  ,0,0,0,0,0,0,0,0,0,-17000,0,0,0,28000,45000,-17000,-17000
063582,瑞祺國泰9C購01  ,0,0,0,0,0,0,0,0,0,-17000,0,0,0,283000,300000,-17000,-17000
063040,聯詠凱基9B購03  ,0,0,0,0,0,0,0,0,0,-17000,0,0,0,0,17000,-17000,-17000
062857,SP黃豆國票9C購01,0,0,0,0,0,0,0,0,0,-17000,0,0,0,0,17000,-17000,-17000
6120,達運            ,69000,86000,-17000,0,0,0,0,0,0,0,0,0,0,0,0,0,-17000
6668,中揚光          ,21000,38000,-17000,0,0,0,0,0,0,0,0,0,0,0,0,0,-17000
6558,興能高          ,30000,47000,-17000,0,0,0,0,0,0,0,0,0,0,0,0,0,-17000
065245,國泰金兆豐9C購01,0,0,0,0,0,0,0,0,0,-18000,0,0,0,13000,31000,-18000,-18000
065390,達新群益9C購02  ,0,0,0,0,0,0,0,0,0,-18000,0,0,0,11000,29000,-18000,-18000
065491,華新科國泰02購01,0,0,0,0,0,0,0,0,0,-18000,0,0,0,67000,85000,-18000,-18000
065498,台積電富邦04購02,0,0,0,0,0,0,0,0,0,-18000,0,0,0,0,18000,-18000,-18000
065505,健鼎永豐9C購01  ,0,0,0,0,0,0,0,0,0,-18000,0,0,0,0,18000,-18000,-18000
08431P,景碩凱基9C售02  ,0,0,0,0,0,0,0,0,0,-18000,0,0,0,120000,138000,-18000,-18000
08006P,長榮航中信03售01,0,0,0,0,0,0,0,0,0,-18000,0,0,0,0,18000,-18000,-18000
2114,鑫永銓          ,4000,22000,-18000,0,0,0,0,0,0,0,0,0,0,0,0,0,-18000
1445,大宇            ,5000,23000,-18000,0,0,0,0,0,0,0,0,0,0,0,0,0,-18000
1737,臺鹽            ,12000,30000,-18000,0,0,0,0,0,0,0,0,0,0,0,0,0,-18000
3057,喬鼎            ,9000,27000,-18000,0,0,0,0,0,0,0,0,0,0,0,0,0,-18000
056332,台郡國票99購01  ,0,0,0,0,0,0,0,0,0,-18000,0,0,0,0,18000,-18000,-18000
055398,超眾統一97購03  ,0,0,0,0,0,0,0,0,0,-18000,0,0,0,74000,92000,-18000,-18000
00686R,群益臺灣加權反1 ,0,0,0,0,0,0,0,0,0,-18000,0,0,0,35000,53000,-18000,-18000
00683L,元大美元指數正2 ,0,0,0,0,0,0,0,0,0,-18000,0,0,0,31000,49000,-18000,-18000
056360,智邦元大98購01  ,0,0,0,0,0,0,0,0,0,-18000,0,0,0,8000,26000,-18000,-18000
057241,超眾凱基99購02  ,0,0,0,0,0,0,0,0,0,-18000,0,0,0,10000,28000,-18000,-18000
056870,全新日盛9A購01  ,0,0,0,0,0,0,0,0,0,-18000,0,0,0,2000,20000,-18000,-18000
056947,國巨統一9A購01  ,0,0,0,0,0,0,0,0,0,-18000,0,0,0,5000,23000,-18000,-18000
058010,帆宣國票98購01  ,0,0,0,0,0,0,0,0,0,-18000,0,0,0,0,18000,-18000,-18000
058863,可成凱基99購02  ,0,0,0,0,0,0,0,0,0,-18000,0,0,0,52000,70000,-18000,-18000
061800,泰鼎永豐9B購01  ,0,0,0,0,0,0,0,0,0,-18000,0,0,0,3000,21000,-18000,-18000
061840,長榮航凱基9C購01,0,0,0,0,0,0,0,0,0,-18000,0,0,0,4000,22000,-18000,-18000
062265,南茂元大9B購01  ,0,0,0,0,0,0,0,0,0,-18000,0,0,0,56000,74000,-18000,-18000
062082,嘉晶元大9B購01  ,0,0,0,0,0,0,0,0,0,-18000,0,0,0,0,18000,-18000,-18000
060040,康控國票99購04  ,0,0,0,0,0,0,0,0,0,-18000,0,0,0,0,18000,-18000,-18000
059597,大立光元大99購21,0,0,0,0,0,0,0,0,0,-18000,0,0,0,0,18000,-18000,-18000
061174,鴻海凱基9A購23  ,0,0,0,0,0,0,0,0,0,-18000,0,0,0,12000,30000,-18000,-18000
060712,建準永豐9A購01  ,0,0,0,0,0,0,0,0,0,-18000,0,0,0,14000,32000,-18000,-18000
060799,茂林永豐9A購01  ,0,0,0,0,0,0,0,0,0,-18000,0,0,0,36000,54000,-18000,-18000
062874,微星兆豐9B購01  ,0,0,0,0,0,0,0,0,0,-18000,0,0,0,8000,26000,-18000,-18000
062488,台光電永豐9B購02,0,0,0,0,0,0,0,0,0,-18000,0,0,0,0,18000,-18000,-18000
061757,T50反1元大9B購01,0,0,0,0,0,0,0,0,0,-18000,0,0,0,0,18000,-18000,-18000
061737,南亞科凱基9B購01,0,0,0,0,0,0,0,0,0,-18000,0,0,0,50000,68000,-18000,-18000
062991,台光電群益9B購03,0,0,0,0,0,0,0,0,0,-18000,0,0,0,115000,133000,-18000,-18000
063509,超眾群益9B購03  ,0,0,0,0,0,0,0,0,0,-18000,0,0,0,1000,19000,-18000,-18000
063468,聯詠元大9B購04  ,0,0,0,0,0,0,0,0,0,-18000,0,0,0,68000,86000,-18000,-18000
064242,TPK統一02購01   ,0,0,0,0,0,0,0,0,0,-18000,0,0,0,8000,26000,-18000,-18000
064863,台積電永豐9C購01,0,0,0,0,0,0,0,0,0,-18000,0,0,0,10000,28000,-18000,-18000
064458,玉晶光統一01購09,0,0,0,0,0,0,0,0,0,-18000,0,0,0,22000,40000,-18000,-18000
08207P,金像電群益9B售05,0,0,0,0,0,0,0,0,0,-19000,0,0,0,167000,186000,-19000,-19000
08495P,同欣電元大9C售08,0,0,0,0,0,0,0,0,0,-19000,0,0,0,66000,85000,-19000,-19000
08351P,南六國票01售02  ,0,0,0,0,0,0,0,0,0,-19000,0,0,0,0,19000,-19000,-19000
065464,健鼎中信9C購01  ,0,0,0,0,0,0,0,0,0,-19000,0,0,0,0,19000,-19000,-19000
065251,宏達電國泰02購01,0,0,0,0,0,0,0,0,0,-19000,0,0,0,17000,36000,-19000,-19000
064888,景碩中信9C購01  ,0,0,0,0,0,0,0,0,0,-19000,0,0,0,0,19000,-19000,-19000
06893P,致新元富98售02  ,0,0,0,0,0,0,0,0,0,-19000,0,0,0,51000,70000,-19000,-19000
07068P,欣興台新99售01  ,0,0,0,0,0,0,0,0,0,-19000,0,0,0,31000,50000,-19000,-19000
057818,泰碩元大9A購01  ,0,0,0,0,0,0,0,0,0,-19000,0,0,0,33000,52000,-19000,-19000
057411,臺股指群益99購05,0,0,0,0,0,0,0,0,0,-19000,0,0,0,6000,25000,-19000,-19000
056141,聯茂元大97購05  ,0,0,0,0,0,0,0,0,0,-19000,0,0,0,0,19000,-19000,-19000
057589,超眾國票9A購01  ,0,0,0,0,0,0,0,0,0,-19000,0,0,0,0,19000,-19000,-19000
056516,晶豪科兆豐98購01,0,0,0,0,0,0,0,0,0,-19000,0,0,0,0,19000,-19000,-19000
00645,富邦日本        ,0,0,0,0,0,0,0,0,0,-19000,0,0,0,66000,85000,-19000,-19000
01002T,土銀國泰R1      ,0,19000,-19000,0,0,0,0,0,0,0,0,0,0,0,0,0,-19000
051700,深中小群益99購04,0,0,0,0,0,0,0,0,0,-19000,0,0,0,91000,110000,-19000,-19000
055707,聯鈞永豐98購01  ,0,0,0,0,0,0,0,0,0,-19000,0,0,0,49000,68000,-19000,-19000
054060,晶技國票97購02  ,0,0,0,0,0,0,0,0,0,-19000,0,0,0,1000,20000,-19000,-19000
057524,旺宏元大99購04  ,0,0,0,0,0,0,0,0,0,-19000,0,0,0,0,19000,-19000,-19000
054590,嘉聯益國泰98購01,0,0,0,0,0,0,0,0,0,-19000,0,0,0,1000,20000,-19000,-19000
060109,茂林元大99購05  ,0,0,0,0,0,0,0,0,0,-19000,0,0,0,151000,170000,-19000,-19000
061546,大立光群益9A購05,0,0,0,0,0,0,0,0,0,-19000,0,0,0,36000,55000,-19000,-19000
058324,嘉聯益永豐9A購01,0,0,0,0,0,0,0,0,0,-19000,0,0,0,68000,87000,-19000,-19000
059988,大立光元大9A購02,0,0,0,0,0,0,0,0,0,-19000,0,0,0,1000,20000,-19000,-19000
059947,貿聯永豐99購03  ,0,0,0,0,0,0,0,0,0,-19000,0,0,0,63000,82000,-19000,-19000
058685,TPK凱基99購01   ,0,0,0,0,0,0,0,0,0,-19000,0,0,0,23000,42000,-19000,-19000
061901,柏文永豐9B購01  ,0,0,0,0,0,0,0,0,0,-19000,0,0,0,0,19000,-19000,-19000
062314,玉晶光凱基9B購06,0,0,0,0,0,0,0,0,0,-19000,0,0,0,14000,33000,-19000,-19000
060888,金像電統一9C購01,0,0,0,0,0,0,0,0,0,-19000,0,0,0,22000,41000,-19000,-19000
058012,鈺齊國票99購01  ,0,0,0,0,0,0,0,0,0,-19000,0,0,0,0,19000,-19000,-19000
059284,緯穎永豐99購03  ,0,0,0,0,0,0,0,0,0,-19000,0,0,0,0,19000,-19000,-19000
059236,鴻海凱基99購09  ,0,0,0,0,0,0,0,0,0,-19000,0,0,0,23000,42000,-19000,-19000
059211,鴻海元大99購27  ,0,0,0,0,0,0,0,0,0,-19000,0,0,0,35000,54000,-19000,-19000
064628,南六元大9C購05  ,0,0,0,0,0,0,0,0,0,-19000,0,0,0,51000,70000,-19000,-19000
063611,儒鴻群益9B購03  ,0,0,0,0,0,0,0,0,0,-19000,0,0,0,0,19000,-19000,-19000
063655,華通元富9B購01  ,0,0,0,0,0,0,0,0,0,-19000,0,0,0,86000,105000,-19000,-19000
063189,臻鼎凱基9B購01  ,0,0,0,0,0,0,0,0,0,-19000,0,0,0,43000,62000,-19000,-19000
063135,國巨統一9B購16  ,0,0,0,0,0,0,0,0,0,-19000,0,0,0,85000,104000,-19000,-19000
062562,瑞儀凱基9B購02  ,0,0,0,0,0,0,0,0,0,-19000,0,0,0,5000,24000,-19000,-19000
062621,緯穎元大9B購05  ,0,0,0,0,0,0,0,0,0,-19000,0,0,0,25000,44000,-19000,-19000
6205,詮欣            ,83000,102000,-19000,0,0,0,0,0,0,0,1000,1000,0,0,0,0,-19000
9906,欣巴巴          ,1000,20000,-19000,0,0,0,0,0,0,0,0,0,0,0,0,0,-19000
9902,台火            ,5000,24000,-19000,0,0,0,0,0,0,0,0,0,0,0,0,0,-19000
06961P,台積電凱基99售05,0,0,0,0,0,0,0,0,0,-20000,0,0,0,0,20000,-20000,-20000
07093P,台積電凱基99售07,0,0,0,0,0,0,0,0,0,-20000,0,0,0,0,20000,-20000,-20000
06854P,鴻海富邦99售05  ,0,0,0,0,0,0,0,0,0,-20000,0,0,0,0,20000,-20000,-20000
06876P,台灣50兆豐9B售01,0,0,0,0,0,0,0,0,0,-20000,0,0,0,0,20000,-20000,-20000
07512P,國巨元大9A售08  ,0,0,0,0,0,0,0,0,0,-20000,0,0,0,0,20000,-20000,-20000
07558P,玉晶光元大9A售10,0,0,0,0,0,0,0,0,0,-20000,0,0,0,0,20000,-20000,-20000
07312P,台灣50元大99售10,0,0,0,0,0,0,0,0,0,-20000,0,0,0,0,20000,-20000,-20000
07300P,臺股指元大9A售33,0,0,0,0,0,0,0,0,0,-20000,0,0,0,0,20000,-20000,-20000
07638P,長榮航國票9A售01,0,0,0,0,0,0,0,0,0,-20000,0,0,0,0,20000,-20000,-20000
07643P,禾伸堂凱基9A售02,0,0,0,0,0,0,0,0,0,-20000,0,0,0,0,20000,-20000,-20000
07767P,華新科群益9A售07,0,0,0,0,0,0,0,0,0,-20000,0,0,0,0,20000,-20000,-20000
065305,泰鼎元富9C購01  ,0,0,0,0,0,0,0,0,0,-20000,0,0,0,0,20000,-20000,-20000
065496,裕隆富邦9C購01  ,0,0,0,0,0,0,0,0,0,-20000,0,0,0,0,20000,-20000,-20000
065416,華通國票01購02  ,0,0,0,0,0,0,0,0,0,-20000,0,0,0,0,20000,-20000,-20000
06597P,國巨富邦9A售05  ,0,0,0,0,0,0,0,0,0,-20000,0,0,0,0,20000,-20000,-20000
08409P,臺股指元大9C售15,0,0,0,0,0,0,0,0,0,-20000,0,0,0,0,20000,-20000,-20000
08461P,長榮航國票9C售01,0,0,0,0,0,0,0,0,0,-20000,0,0,0,0,20000,-20000,-20000
08537P,台光電國票01售03,0,0,0,0,0,0,0,0,0,-20000,0,0,0,22000,42000,-20000,-20000
08588P,緯穎元富03售01  ,0,0,0,0,0,0,0,0,0,-20000,0,0,0,0,20000,-20000,-20000
08114P,國巨凱基9B售11  ,0,0,0,0,0,0,0,0,0,-20000,0,0,0,0,20000,-20000,-20000
08016P,臺股指凱基02售02,0,0,0,0,0,0,0,0,0,-20000,0,0,0,0,20000,-20000,-20000
07854P,台積電凱基9A售28,0,0,0,0,0,0,0,0,0,-20000,0,0,0,0,20000,-20000,-20000
07939P,台積電統一9B售14,0,0,0,0,0,0,0,0,0,-20000,0,0,0,0,20000,-20000,-20000
05466P,旺宏富邦97售01  ,0,0,0,0,0,0,0,0,0,-20000,0,0,0,0,20000,-20000,-20000
054658,道瓊銀元大9A購01,0,0,0,0,0,0,0,0,0,-20000,0,0,0,0,20000,-20000,-20000
054422,T50反1富邦9A購01,0,0,0,0,0,0,0,0,0,-20000,0,0,0,0,20000,-20000,-20000
054780,中石化群益99購01,0,0,0,0,0,0,0,0,0,-20000,0,0,0,0,20000,-20000,-20000
054166,日電貿凱基98購01,0,0,0,0,0,0,0,0,0,-20000,0,0,0,0,20000,-20000,-20000
055080,正崴中信99購01  ,0,0,0,0,0,0,0,0,0,-20000,0,0,0,0,20000,-20000,-20000
056126,台郡國票98購02  ,0,0,0,0,0,0,0,0,0,-20000,0,0,0,0,20000,-20000,-20000
056035,鴻海凱基97購06  ,0,0,0,0,0,0,0,0,0,-20000,0,0,0,0,20000,-20000,-20000
054269,台光電亞東98購01,0,0,0,0,0,0,0,0,0,-20000,0,0,0,0,20000,-20000,-20000
056308,TPK元大97購02   ,0,0,0,0,0,0,0,0,0,-20000,0,0,0,0,20000,-20000,-20000
056260,鴻海統一98購07  ,0,0,0,0,0,0,0,0,0,-20000,0,0,0,0,20000,-20000,-20000
055390,國巨統一98購03  ,0,0,0,0,0,0,0,0,0,-20000,0,0,0,0,20000,-20000,-20000
055338,GIS兆豐97購01   ,0,0,0,0,0,0,0,0,0,-20000,0,0,0,0,20000,-20000,-20000
055324,TPK國票98購03   ,0,0,0,0,0,0,0,0,0,-20000,0,0,0,0,20000,-20000,-20000
051597,T50反1中信99購02,0,0,0,0,0,0,0,0,0,-20000,0,0,0,0,20000,-20000,-20000
056428,台達電凱基99購01,0,0,0,0,0,0,0,0,0,-20000,0,0,0,0,20000,-20000,-20000
056416,華新科中信98購01,0,0,0,0,0,0,0,0,0,-20000,0,0,0,0,20000,-20000,-20000
056390,台積電富邦9B購01,0,0,0,0,0,0,0,0,0,-20000,0,0,0,0,20000,-20000,-20000
056988,聚陽兆豐98購01  ,0,0,0,0,0,0,0,0,0,-20000,0,0,0,0,20000,-20000,-20000
056782,鴻海群益98購04  ,0,0,0,0,0,0,0,0,0,-20000,0,0,0,0,20000,-20000,-20000
05712P,友達統一97售03  ,0,0,0,0,0,0,0,0,0,-20000,0,0,0,0,20000,-20000,-20000
057024,義隆凱基99購01  ,0,0,0,0,0,0,0,0,0,-20000,0,0,0,10000,30000,-20000,-20000
057746,同欣電永豐98購02,0,0,0,0,0,0,0,0,0,-20000,0,0,0,0,20000,-20000,-20000
057838,台郡國泰99購01  ,0,0,0,0,0,0,0,0,0,-20000,0,0,0,0,20000,-20000,-20000
056970,TPK永豐98購01   ,0,0,0,0,0,0,0,0,0,-20000,0,0,0,2000,22000,-20000,-20000
056921,京元電兆豐98購01,0,0,0,0,0,0,0,0,0,-20000,0,0,0,30000,50000,-20000,-20000
061450,嘉晶中信9A購01  ,0,0,0,0,0,0,0,0,0,-20000,0,0,0,0,20000,-20000,-20000
061452,大成鋼凱基9A購01,0,0,0,0,0,0,0,0,0,-20000,0,0,0,20000,40000,-20000,-20000
059249,大立光凱基99購05,0,0,0,0,0,0,0,0,0,-20000,0,0,0,0,20000,-20000,-20000
061201,FBVIX元大01購03 ,0,0,0,0,0,0,0,0,0,-20000,0,0,0,0,20000,-20000,-20000
06057P,大立光凱基98售01,0,0,0,0,0,0,0,0,0,-20000,0,0,0,17000,37000,-20000,-20000
060885,世紀鋼中信9A購01,0,0,0,0,0,0,0,0,0,-20000,0,0,0,0,20000,-20000,-20000
060936,T50反1國票9A購09,0,0,0,0,0,0,0,0,0,-20000,0,0,0,0,20000,-20000,-20000
058834,GIS永豐99購01   ,0,0,0,0,0,0,0,0,0,-20000,0,0,0,0,20000,-20000,-20000
058069,美律凱基99購05  ,0,0,0,0,0,0,0,0,0,-20000,0,0,0,0,20000,-20000,-20000
060331,台積電麥證9A購01,0,0,0,0,20000,-20000,0,0,0,-20000,0,0,0,0,20000,-20000,-20000
060340,國巨統一01購02  ,0,0,0,0,0,0,0,0,0,-20000,0,0,0,1000,21000,-20000,-20000
060362,建準元富9A購02  ,0,0,0,0,0,0,0,0,0,-20000,0,0,0,0,20000,-20000,-20000
060379,T50反1凱基9A購07,0,0,0,0,0,0,0,0,0,-20000,0,0,0,0,20000,-20000,-20000
062021,康控永豐9B購01  ,0,0,0,0,0,0,0,0,0,-20000,0,0,0,0,20000,-20000,-20000
061843,億豐凱基9C購01  ,0,0,0,0,0,0,0,0,0,-20000,0,0,0,0,20000,-20000,-20000
061803,巨大永豐9B購01  ,0,0,0,0,0,0,0,0,0,-20000,0,0,0,0,20000,-20000,-20000
058257,聯陽國泰9B購01  ,0,0,0,0,0,0,0,0,0,-20000,0,0,0,0,20000,-20000,-20000
058141,嘉聯益元大99購05,0,0,0,0,0,0,0,0,0,-20000,0,0,0,0,20000,-20000,-20000
060500,鴻海元大9A購12  ,0,0,0,0,0,0,0,0,0,-20000,0,0,0,30000,50000,-20000,-20000
061056,臺指反國票02購01,0,0,0,0,0,0,0,0,0,-20000,0,0,0,0,20000,-20000,-20000
058427,大毅元富99購01  ,0,0,0,0,0,0,0,0,0,-20000,0,0,0,0,20000,-20000,-20000
061580,華擎元大9A購06  ,0,0,0,0,0,0,0,0,0,-20000,0,0,0,30000,50000,-20000,-20000
058491,滬深2X群益01購01,0,0,0,0,0,0,0,0,0,-20000,0,0,0,0,20000,-20000,-20000
059824,大立光凱基99購13,0,0,0,0,0,0,0,0,0,-20000,0,0,0,0,20000,-20000,-20000
05855P,滬深2X中信9C售01,0,0,0,0,0,0,0,0,0,-20000,0,0,0,0,20000,-20000,-20000
059852,康控永豐99購02  ,0,0,0,0,0,0,0,0,0,-20000,0,0,0,55000,75000,-20000,-20000
058597,瑞昱台新99購01  ,0,0,0,0,0,0,0,0,0,-20000,0,0,0,0,20000,-20000,-20000
060178,T50反1元富04購05,0,0,0,0,0,0,0,0,0,-20000,0,0,0,0,20000,-20000,-20000
059567,台積電凱基9A購12,0,0,0,0,0,0,0,0,0,-20000,0,0,0,0,20000,-20000,-20000
059570,全新凱基99購04  ,0,0,0,0,0,0,0,0,0,-20000,0,0,0,0,20000,-20000,-20000
060806,華新科群益9A購03,0,0,0,0,0,0,0,0,0,-20000,0,0,0,0,20000,-20000,-20000
060743,鴻海國票9A購03  ,0,0,0,0,0,0,0,0,0,-20000,0,0,0,0,20000,-20000,-20000
062651,世紀鋼富邦9C購01,0,0,0,0,0,0,0,0,0,-20000,0,0,0,0,20000,-20000,-20000
062596,緯穎統一01購02  ,0,0,0,0,0,0,0,0,0,-20000,0,0,0,20000,40000,-20000,-20000
062678,華通統一9C購04  ,0,0,0,0,0,0,0,0,0,-20000,0,0,0,0,20000,-20000,-20000
062832,嘉澤群益9B購02  ,0,0,0,0,0,0,0,0,0,-20000,0,0,0,0,20000,-20000,-20000
062753,台積電麥證9B購01,0,0,0,10000,30000,-20000,0,0,0,-20000,0,0,0,10000,30000,-20000,-20000
062552,南電永豐9B購01  ,0,0,0,0,0,0,0,0,0,-20000,0,0,0,0,20000,-20000,-20000
061758,T50反1元大9B購02,0,0,0,0,0,0,0,0,0,-20000,0,0,0,0,20000,-20000,-20000
062167,燿華永豐9B購01  ,0,0,0,0,0,0,0,0,0,-20000,0,0,0,0,20000,-20000,-20000
063076,柏文永豐9B購02  ,0,0,0,0,0,0,0,0,0,-20000,0,0,0,0,20000,-20000,-20000
063548,同欣電兆豐9B購01,0,0,0,0,0,0,0,0,0,-20000,0,0,0,35000,55000,-20000,-20000
063692,華擎永豐9B購02  ,0,0,0,0,0,0,0,0,0,-20000,0,0,0,0,20000,-20000,-20000
063929,高鐵統一02購01  ,0,0,0,0,0,0,0,0,0,-20000,0,0,0,15000,35000,-20000,-20000
063829,晶技國票01購01  ,0,0,0,0,0,0,0,0,0,-20000,0,0,0,209000,229000,-20000,-20000
063853,同欣電元大9C購02,0,0,0,0,0,0,0,0,0,-20000,0,0,0,1000,21000,-20000,-20000
063803,世紀鋼凱基01購01,0,0,0,0,0,0,0,0,0,-20000,0,0,0,0,20000,-20000,-20000
064239,群創統一02購01  ,0,0,0,0,0,0,0,0,0,-20000,0,0,0,35000,55000,-20000,-20000
064217,GIS凱基02購02   ,0,0,0,0,0,0,0,0,0,-20000,0,0,0,50000,70000,-20000,-20000
064189,TPK永豐9C購01   ,0,0,0,0,0,0,0,0,0,-20000,0,0,0,0,20000,-20000,-20000
064578,TPK國泰02購01   ,0,0,0,0,0,0,0,0,0,-20000,0,0,0,85000,105000,-20000,-20000
064579,大立光富邦03購02,0,0,0,0,0,0,0,0,0,-20000,0,0,0,0,20000,-20000,-20000
064722,大立光統一02購03,0,0,0,0,0,0,0,0,0,-20000,0,0,0,0,20000,-20000,-20000
064867,華新科永豐9C購03,0,0,0,0,0,0,0,0,0,-20000,0,0,0,157000,177000,-20000,-20000
06481P,台積電凱基98售12,0,0,0,0,0,0,0,0,0,-20000,0,0,0,0,20000,-20000,-20000
06479P,聯發科中信99售02,0,0,0,0,0,0,0,0,0,-20000,0,0,0,0,20000,-20000,-20000
064490,金像電元大9C購02,0,0,0,0,0,0,0,0,0,-20000,0,0,0,0,20000,-20000,-20000
06449P,台積電元大98售09,0,0,0,0,0,0,0,0,0,-20000,0,0,0,0,20000,-20000,-20000
064387,GIS富邦9C購01   ,0,0,0,0,0,0,0,0,0,-20000,0,0,0,70000,90000,-20000,-20000
6243,迅杰            ,3000,23000,-20000,0,0,0,0,0,0,0,0,0,0,0,0,0,-20000
08041P,臺股指群益9B售14,0,0,0,0,0,0,0,0,0,-21000,0,0,0,0,21000,-21000,-21000
2476,鉅祥            ,3000,24000,-21000,0,0,0,0,0,0,0,0,0,0,0,0,0,-21000
2013,中鋼構          ,8000,29000,-21000,0,0,0,0,0,0,0,0,0,0,0,0,0,-21000
065481,臻鼎元大9C購04  ,0,0,0,0,0,0,0,0,0,-21000,0,0,0,0,21000,-21000,-21000
065314,矽創國票01購02  ,0,0,0,0,0,0,0,0,0,-21000,0,0,0,0,21000,-21000,-21000
065209,國泰金國票01購01,0,0,0,0,0,0,0,0,0,-21000,0,0,0,0,21000,-21000,-21000
06509P,鴻海群益98售03  ,0,0,0,0,0,0,0,0,0,-21000,0,0,0,0,21000,-21000,-21000
057716,神達統一98購01  ,0,0,0,0,0,0,0,0,0,-21000,0,0,0,0,21000,-21000,-21000
055603,超眾元大97購04  ,0,0,0,0,0,0,0,0,0,-21000,0,0,0,79000,100000,-21000,-21000
056243,創意群益97購03  ,0,0,0,0,0,0,0,0,0,-21000,0,0,0,40000,61000,-21000,-21000
061164,燿華兆豐9B購01  ,0,0,0,0,0,0,0,0,0,-21000,0,0,0,0,21000,-21000,-21000
059722,南亞科元大99購02,0,0,0,0,0,0,0,0,0,-21000,0,0,0,12000,33000,-21000,-21000
059678,鴻海國泰9A購03  ,0,0,0,0,0,0,0,0,0,-21000,0,0,0,34000,55000,-21000,-21000
061142,南電統一9A購01  ,0,0,0,0,0,0,0,0,0,-21000,0,0,0,75000,96000,-21000,-21000
059908,元金2X元大99購01,0,0,0,0,0,0,0,0,0,-21000,0,0,0,277000,298000,-21000,-21000
059844,大立光富邦9C購04,0,0,0,0,0,0,0,0,0,-21000,0,0,0,0,21000,-21000,-21000
061567,華通元大9A購11  ,0,0,0,0,0,0,0,0,0,-21000,0,0,0,18000,39000,-21000,-21000
062086,瑞祺元大9B購01  ,0,0,0,0,0,0,0,0,0,-21000,0,0,0,286000,307000,-21000,-21000
062225,華擎統一01購01  ,0,0,0,0,0,0,0,0,0,-21000,0,0,0,588000,609000,-21000,-21000
061205,旺宏元大9A購11  ,0,0,0,0,0,0,0,0,0,-21000,0,0,0,1000,22000,-21000,-21000
058004,大立光群益98購03,0,0,0,0,0,0,0,0,0,-21000,0,0,0,1000,22000,-21000,-21000
059027,神達台新99購02  ,0,0,0,0,0,0,0,0,0,-21000,0,0,0,38000,59000,-21000,-21000
058985,可成凱基99購03  ,0,0,0,0,0,0,0,0,0,-21000,0,0,0,110000,131000,-21000,-21000
064750,緯穎麥證9C購01  ,0,0,0,0,21000,-21000,0,0,0,-21000,0,0,0,0,21000,-21000,-21000
063969,晶豪科國票01購01,0,0,0,0,0,0,0,0,0,-21000,0,0,0,0,21000,-21000,-21000
063991,南六永豐9C購02  ,0,0,0,0,0,0,0,0,0,-21000,0,0,0,0,21000,-21000,-21000
063749,聯發科國票9C購04,0,0,0,0,0,0,0,0,0,-21000,0,0,0,0,21000,-21000,-21000
063069,道瓊銀富邦05購01,0,0,0,0,0,0,0,0,0,-21000,0,0,0,5000,26000,-21000,-21000
4555,氣立            ,5000,26000,-21000,0,0,0,0,0,0,0,0,0,0,0,0,0,-21000
065102,同欣電元大9C購07,0,0,0,0,0,0,0,0,0,-22000,0,0,0,130000,152000,-22000,-22000
065030,亞光兆豐9C購01  ,0,0,0,0,0,0,0,0,0,-22000,0,0,0,23000,45000,-22000,-22000
065252,玉晶光永豐9C購08,0,0,0,0,0,0,0,0,0,-22000,0,0,0,0,22000,-22000,-22000
07772P,華新科國票9A售05,0,0,0,0,0,0,0,0,0,-22000,0,0,0,1000,23000,-22000,-22000
07715P,台灣50群益9A售14,0,0,0,0,0,0,0,0,0,-22000,0,0,0,20000,42000,-22000,-22000
07170P,臺股指國票99售07,0,0,0,0,0,0,0,0,0,-22000,0,0,0,103000,125000,-22000,-22000
1702,南僑            ,25000,47000,-22000,0,0,0,0,0,0,0,0,0,0,0,0,0,-22000
1522,堤維西          ,31000,51000,-20000,0,0,0,0,0,0,-2000,0,0,0,0,2000,-2000,-22000
2233,宇隆            ,12000,2000,10000,0,0,0,0,32000,-32000,0,0,0,0,0,0,0,-22000
08047P,臺股指國票9B售12,0,0,0,0,0,0,0,0,0,-22000,0,0,0,0,22000,-22000,-22000
08125P,聯茂群益9B售02  ,0,0,0,0,0,0,0,0,0,-22000,0,0,0,85000,107000,-22000,-22000
051424,緯穎國票97購01  ,0,0,0,0,0,0,0,0,0,-22000,0,0,0,0,22000,-22000,-22000
057816,欣興元大98購13  ,0,0,0,0,0,0,0,0,0,-22000,0,0,0,110000,132000,-22000,-22000
056168,鴻海元富97購07  ,0,0,0,0,0,0,0,0,0,-22000,0,0,0,0,22000,-22000,-22000
057582,亞光中信9A購02  ,0,0,0,0,0,0,0,0,0,-22000,0,0,0,8000,30000,-22000,-22000
057925,貿聯凱基99購01  ,0,0,0,0,0,0,0,0,0,-22000,0,0,0,48000,70000,-22000,-22000
057211,鴻海群益98購05  ,0,0,0,0,0,0,0,0,0,-22000,0,0,0,19000,41000,-22000,-22000
057226,上銀凱基98購06  ,0,0,0,0,0,0,0,0,0,-22000,0,0,0,4000,26000,-22000,-22000
058036,南電永豐98購01  ,0,0,0,0,0,0,0,0,0,-22000,0,0,0,0,22000,-22000,-22000
061181,牧德凱基9A購01  ,0,0,0,0,0,0,0,0,0,-22000,0,0,0,0,22000,-22000,-22000
058218,緯穎群益99購01  ,0,0,0,0,0,0,0,0,0,-22000,0,0,0,0,22000,-22000,-22000
059580,大立光元富99購07,0,0,0,0,0,0,0,0,0,-22000,0,0,0,7000,29000,-22000,-22000
059313,元石油元大99購06,0,0,0,0,0,0,0,0,0,-22000,0,0,0,8000,30000,-22000,-22000
060105,牧德元大9B購01  ,0,0,0,0,0,0,0,0,0,-22000,0,0,0,158000,180000,-22000,-22000
063488,金像電國泰01購01,0,0,0,0,0,0,0,0,0,-22000,0,0,0,51000,73000,-22000,-22000
062653,正隆永豐9B購01  ,0,0,0,0,0,0,0,0,0,-22000,0,0,0,20000,42000,-22000,-22000
064499,可成元大9C購07  ,0,0,0,0,0,0,0,0,0,-22000,0,0,0,24000,46000,-22000,-22000
064476,金像電國泰02購01,0,0,0,0,0,0,0,0,0,-22000,0,0,0,16000,38000,-22000,-22000
08091P,A50正2元富9B售02,0,0,0,0,0,0,0,0,0,-23000,0,0,0,0,23000,-23000,-23000
08017P,華新科國票9B售01,0,0,0,0,0,0,0,0,0,-23000,0,0,0,0,23000,-23000,-23000
08582P,臺股指元大9C售30,0,0,0,0,0,0,0,0,0,-23000,0,0,0,0,23000,-23000,-23000
08277P,嘉晶元富9C售02  ,0,0,0,0,0,0,0,0,0,-23000,0,0,0,160000,183000,-23000,-23000
07009P,臺股指中信9B售01,0,0,0,0,0,0,0,0,0,-23000,0,0,0,0,23000,-23000,-23000
065110,嘉澤國票01購01  ,0,0,0,0,0,0,0,0,0,-23000,0,0,0,35000,58000,-23000,-23000
056943,華通統一99購01  ,0,0,0,0,0,0,0,0,0,-23000,0,0,0,13000,36000,-23000,-23000
057894,華通元富02購02  ,0,0,0,0,0,0,0,0,0,-23000,0,0,0,0,23000,-23000,-23000
056535,全新凱基99購02  ,0,0,0,0,0,0,0,0,0,-23000,0,0,0,0,23000,-23000,-23000
056676,國產元富98購01  ,0,0,0,0,0,0,0,0,0,-23000,0,0,0,154000,177000,-23000,-23000
057664,台積電元大9A購03,0,0,0,0,0,0,0,0,0,-23000,0,0,0,146000,169000,-23000,-23000
051484,玉晶光凱基97購01,0,0,0,0,0,0,0,0,0,-23000,0,0,0,0,23000,-23000,-23000
055327,致新國票98購01  ,0,0,0,0,0,0,0,0,0,-23000,0,0,0,0,23000,-23000,-23000
053860,台積電元大98購03,0,0,0,0,0,0,0,0,0,-23000,0,0,0,0,23000,-23000,-23000
056130,新日興麥證97購01,0,0,0,10000,33000,-23000,0,0,0,-23000,0,0,0,10000,33000,-23000,-23000
055899,群創中信99購01  ,0,0,0,0,0,0,0,0,0,-23000,0,0,0,0,23000,-23000,-23000
054627,義隆凱基98購01  ,0,0,0,0,0,0,0,0,0,-23000,0,0,0,14000,37000,-23000,-23000
058583,臻鼎群益99購01  ,0,0,0,0,0,0,0,0,0,-23000,0,0,0,0,23000,-23000,-23000
061987,大立光元大9B購03,0,0,0,0,0,0,0,0,0,-23000,0,0,0,8000,31000,-23000,-23000
061879,超眾元大9C購01  ,0,0,0,0,0,0,0,0,0,-23000,0,0,0,109000,132000,-23000,-23000
060350,元黃金元富9B購01,0,0,0,0,0,0,0,0,0,-23000,0,0,0,0,23000,-23000,-23000
059268,鎧勝中信01購01  ,0,0,0,0,0,0,0,0,0,-23000,0,0,0,0,23000,-23000,-23000
063669,宏達電統一9C購01,0,0,0,0,0,0,0,0,0,-23000,0,0,0,0,23000,-23000,-23000
062817,富邦金兆豐9B購01,0,0,0,0,0,0,0,0,0,-23000,0,0,0,402000,425000,-23000,-23000
062910,亞光元大9B購01  ,0,0,0,0,0,0,0,0,0,-23000,0,0,0,30000,53000,-23000,-23000
063450,華新科統一02購01,0,0,0,0,0,0,0,0,0,-23000,0,0,0,46000,69000,-23000,-23000
062956,同欣電永豐9B購02,0,0,0,0,0,0,0,0,0,-23000,0,0,0,0,23000,-23000,-23000
063149,聯發科元富05購02,0,0,0,0,0,0,0,0,0,-23000,0,0,0,1000,24000,-23000,-23000
4722,國精化          ,7000,30000,-23000,0,0,0,0,0,0,0,0,0,0,0,0,0,-23000
1733,五鼎            ,40000,66000,-26000,0,0,0,0,0,0,2000,2000,0,2000,0,0,0,-24000
3022,威強電          ,15000,36000,-21000,0,0,0,0,0,0,-3000,0,3000,-3000,0,0,0,-24000
055039,神達富邦99購01  ,0,0,0,0,0,0,0,0,0,-24000,0,0,0,0,24000,-24000,-24000
056138,群創元大9B購01  ,0,0,0,0,0,0,0,0,0,-24000,0,0,0,0,24000,-24000,-24000
053744,台郡國票97購03  ,0,0,0,0,0,0,0,0,0,-24000,0,0,0,0,24000,-24000,-24000
03603P,群創凱基98售04  ,0,0,0,0,0,0,0,0,0,-24000,0,0,0,0,24000,-24000,-24000
056197,友訊永豐97購01  ,0,0,0,0,0,0,0,0,0,-24000,0,0,0,1000,25000,-24000,-24000
060386,台勝科凱基9B購01,0,0,0,0,0,0,0,0,0,-24000,0,0,0,1000,25000,-24000,-24000
061197,矽創永豐9A購02  ,0,0,0,0,0,0,0,0,0,-24000,0,0,0,56000,80000,-24000,-24000
060398,立積國票9B購01  ,0,0,0,0,0,0,0,0,0,-24000,0,0,0,5000,29000,-24000,-24000
060326,群光群益9A購01  ,0,0,0,0,0,0,0,0,0,-24000,0,0,0,119000,143000,-24000,-24000
058105,旺宏統一9A購02  ,0,0,0,0,0,0,0,0,0,-24000,0,0,0,0,24000,-24000,-24000
062288,南六群益9B購01  ,0,0,0,0,0,0,0,0,0,-24000,0,0,0,0,24000,-24000,-24000
061801,祥碩永豐9B購01  ,0,0,0,0,0,0,0,0,0,-24000,0,0,0,0,24000,-24000,-24000
061865,力山元大9B購01  ,0,0,0,0,0,0,0,0,0,-24000,0,0,0,10000,34000,-24000,-24000
058632,世紀鋼國票9A購01,0,0,0,0,0,0,0,0,0,-24000,0,0,0,8000,32000,-24000,-24000
059875,信邦凱基99購02  ,0,0,0,0,0,0,0,0,0,-24000,0,0,0,26000,50000,-24000,-24000
059671,滬深2X元富99購05,0,0,0,0,0,0,0,0,0,-24000,0,0,0,155000,179000,-24000,-24000
063459,華通元大9B購08  ,0,0,0,0,0,0,0,0,0,-24000,0,0,0,59000,83000,-24000,-24000
063447,聯發科統一9B購12,0,0,0,0,0,0,0,0,0,-24000,0,0,0,0,24000,-24000,-24000
063326,正隆國票9B購01  ,0,0,0,0,0,0,0,0,0,-24000,0,0,0,14000,38000,-24000,-24000
062361,智邦元大9B購06  ,0,0,0,0,0,0,0,0,0,-24000,0,0,0,30000,54000,-24000,-24000
063854,南電元大9C購01  ,0,0,0,0,0,0,0,0,0,-24000,0,0,0,1000,25000,-24000,-24000
064048,大立光統一9C購07,0,0,0,0,0,0,0,0,0,-24000,0,0,0,306000,330000,-24000,-24000
064399,和大凱基02購01  ,0,0,0,0,0,0,0,0,0,-24000,0,0,0,187000,211000,-24000,-24000
064794,牧德國票01購01  ,0,0,0,0,0,0,0,0,0,-24000,0,0,0,110000,134000,-24000,-24000
4560,強信-KY         ,145000,169000,-24000,0,0,0,0,0,0,0,0,0,0,0,0,0,-24000
3617,碩天            ,4000,29000,-25000,0,0,0,0,0,0,0,0,0,0,0,0,0,-25000
1519,華城            ,60000,85000,-25000,0,0,0,0,0,0,0,0,0,0,0,0,0,-25000
08325P,臺股指凱基9C售08,0,0,0,0,0,0,0,0,0,-25000,0,0,0,34000,59000,-25000,-25000
08384P,臺股指群益9C售12,0,0,0,0,0,0,0,0,0,-25000,0,0,0,50000,75000,-25000,-25000
08099P,聯發科中信9B售04,0,0,0,0,0,0,0,0,0,-25000,0,0,0,25000,50000,-25000,-25000
064921,景碩統一02購01  ,0,0,0,0,0,0,0,0,0,-25000,0,0,0,57000,82000,-25000,-25000
065442,健鼎麥證9C購01  ,0,0,0,0,25000,-25000,0,0,0,-25000,0,0,0,0,25000,-25000,-25000
06919P,臺股指日盛98售02,0,0,0,0,0,0,0,0,0,-25000,0,0,0,55000,80000,-25000,-25000
07258P,台灣50台新9A售01,0,0,0,0,0,0,0,0,0,-25000,0,0,0,0,25000,-25000,-25000
056145,緯穎元大98購03  ,0,0,0,0,0,0,0,0,0,-25000,0,0,0,0,25000,-25000,-25000
056545,TPK凱基98購02   ,0,0,0,0,0,0,0,0,0,-25000,0,0,0,5000,30000,-25000,-25000
057719,欣興元富02購01  ,0,0,0,0,0,0,0,0,0,-25000,0,0,0,475000,500000,-25000,-25000
057805,華通元大98購06  ,0,0,0,0,0,0,0,0,0,-25000,0,0,0,3000,28000,-25000,-25000
057320,玉晶光凱基98購01,0,0,0,0,0,0,0,0,0,-25000,0,0,0,149000,174000,-25000,-25000
057312,美律麥證98購01  ,0,0,0,0,25000,-25000,0,0,0,-25000,0,0,0,0,25000,-25000,-25000
061433,華通麥證9A購03  ,0,0,0,35000,60000,-25000,0,0,0,-25000,0,0,0,35000,60000,-25000,-25000
061480,泰碩元大9B購01  ,0,0,0,0,0,0,0,0,0,-25000,0,0,0,0,25000,-25000,-25000
03650C,T50反1元大98牛05,0,0,0,0,0,0,0,0,0,-25000,0,0,0,40000,65000,-25000,-25000
05579P,友達凱基98售03  ,0,0,0,0,0,0,0,0,0,-25000,0,0,0,12000,37000,-25000,-25000
055787,聯茂凱基99購01  ,0,0,0,0,0,0,0,0,0,-25000,0,0,0,65000,90000,-25000,-25000
052299,T50反1台新05購03,0,0,0,0,0,0,0,0,0,-25000,0,0,0,0,25000,-25000,-25000
053730,樺漢凱基98購01  ,0,0,0,0,0,0,0,0,0,-25000,0,0,0,95000,120000,-25000,-25000
057477,智邦元大98購09  ,0,0,0,0,0,0,0,0,0,-25000,0,0,0,23000,48000,-25000,-25000
054930,群電凱基98購01  ,0,0,0,0,0,0,0,0,0,-25000,0,0,0,3000,28000,-25000,-25000
059358,旺宏永豐99購02  ,0,0,0,0,0,0,0,0,0,-25000,0,0,0,0,25000,-25000,-25000
061126,京元電永豐9A購02,0,0,0,0,0,0,0,0,0,-25000,0,0,0,4000,29000,-25000,-25000
060683,泰鼎元大9A購02  ,0,0,0,0,0,0,0,0,0,-25000,0,0,0,0,25000,-25000,-25000
059869,友達凱基99購07  ,0,0,0,0,0,0,0,0,0,-25000,0,0,0,0,25000,-25000,-25000
059821,美律凱基99購08  ,0,0,0,0,0,0,0,0,0,-25000,0,0,0,0,25000,-25000,-25000
058505,台積電元大99購08,0,0,0,0,0,0,0,0,0,-25000,0,0,0,0,25000,-25000,-25000
061074,儒鴻兆豐9B購01  ,0,0,0,0,0,0,0,0,0,-25000,0,0,0,3000,28000,-25000,-25000
059993,上銀元富99購01  ,0,0,0,0,0,0,0,0,0,-25000,0,0,0,1000,26000,-25000,-25000
059166,友達凱基99購05  ,0,0,0,0,0,0,0,0,0,-25000,0,0,0,0,25000,-25000,-25000
062014,牧德富邦9C購01  ,0,0,0,0,0,0,0,0,0,-25000,0,0,0,0,25000,-25000,-25000
058930,華新科統一9B購01,0,0,0,0,0,0,0,0,0,-25000,0,0,0,0,25000,-25000,-25000
060899,超眾凱基9A購01  ,0,0,0,0,0,0,0,0,0,-25000,0,0,0,0,25000,-25000,-25000
059062,群創凱基99購05  ,0,0,0,0,0,0,0,0,0,-25000,0,0,0,0,25000,-25000,-25000
064796,緯穎國票01購01  ,0,0,0,0,0,0,0,0,0,-25000,0,0,0,66000,91000,-25000,-25000
064482,微星永豐9C購01  ,0,0,0,0,0,0,0,0,0,-25000,0,0,0,68000,93000,-25000,-25000
064415,群創麥證9C購01  ,0,0,0,0,25000,-25000,0,0,0,-25000,0,0,0,0,25000,-25000,-25000
064545,智邦凱基9C購02  ,0,0,0,0,0,0,0,0,0,-25000,0,0,0,0,25000,-25000,-25000
064174,致新元富9C購02  ,0,0,0,0,0,0,0,0,0,-25000,0,0,0,156000,181000,-25000,-25000
063751,祥碩國票9C購02  ,0,0,0,0,0,0,0,0,0,-25000,0,0,0,3000,28000,-25000,-25000
063715,鈺齊凱基9C購01  ,0,0,0,0,0,0,0,0,0,-25000,0,0,0,20000,45000,-25000,-25000
062359,旺宏元大9C購02  ,0,0,0,0,0,0,0,0,0,-25000,0,0,0,0,25000,-25000,-25000
062558,義隆凱基9B購02  ,0,0,0,0,0,0,0,0,0,-25000,0,0,0,30000,55000,-25000,-25000
062969,旺宏元富9B購01  ,0,0,0,0,0,0,0,0,0,-25000,0,0,0,0,25000,-25000,-25000
063071,華新科富邦02購01,0,0,0,0,0,0,0,0,0,-25000,0,0,0,10000,35000,-25000,-25000
5525,順天            ,0,25000,-25000,0,0,0,0,0,0,0,0,0,0,0,0,0,-25000
4956,光鋐            ,132000,157000,-25000,0,0,0,0,0,0,0,0,0,0,0,0,0,-25000
07005P,台積電統一9B售05,0,0,0,0,0,0,0,0,0,-26000,0,0,0,0,26000,-26000,-26000
065446,宏達電統一9C購02,0,0,0,0,0,0,0,0,0,-26000,0,0,0,0,26000,-26000,-26000
06613P,華新科富邦9A售03,0,0,0,0,0,0,0,0,0,-26000,0,0,0,0,26000,-26000,-26000
065086,可成元大01購04  ,0,0,0,0,0,0,0,0,0,-26000,0,0,0,29000,55000,-26000,-26000
08388P,台灣50中信03售09,0,0,0,0,0,0,0,0,0,-26000,0,0,0,0,26000,-26000,-26000
08294P,台積電元大9C售06,0,0,0,0,0,0,0,0,0,-26000,0,0,0,50000,76000,-26000,-26000
00771,元大US高息特別股,0,0,0,0,0,0,0,0,0,-26000,0,0,0,1000,27000,-26000,-26000
055572,鴻海統一98購04  ,0,0,0,0,0,0,0,0,0,-26000,0,0,0,40000,66000,-26000,-26000
056537,冠德凱基98購01  ,0,0,0,0,0,0,0,0,0,-26000,0,0,0,1000,27000,-26000,-26000
056573,華新科元大99購06,0,0,0,0,0,0,0,0,0,-26000,0,0,0,72000,98000,-26000,-26000
061946,鴻海群益9B購03  ,0,0,0,0,0,0,0,0,0,-26000,0,0,0,10000,36000,-26000,-26000
062263,康控元大9B購03  ,0,0,0,0,0,0,0,0,0,-26000,0,0,0,10000,36000,-26000,-26000
06105P,國巨國票98售02  ,0,0,0,0,0,0,0,0,0,-26000,0,0,0,5000,31000,-26000,-26000
059848,智邦永豐99購01  ,0,0,0,0,0,0,0,0,0,-26000,0,0,0,0,26000,-26000,-26000
058646,聯茂富邦9A購01  ,0,0,0,0,0,0,0,0,0,-26000,0,0,0,0,26000,-26000,-26000
060812,智邦凱基9A購01  ,0,0,0,0,0,0,0,0,0,-26000,0,0,0,0,26000,-26000,-26000
059816,聯電凱基99購03  ,0,0,0,0,0,0,0,0,0,-26000,0,0,0,35000,61000,-26000,-26000
060208,卜蜂康和9A購01  ,0,0,0,0,0,0,0,0,0,-26000,0,0,0,4000,30000,-26000,-26000
063353,上銀元富9B購03  ,0,0,0,0,0,0,0,0,0,-26000,0,0,0,55000,81000,-26000,-26000
063392,聯電群益9B購02  ,0,0,0,0,0,0,0,0,0,-26000,0,0,0,10000,36000,-26000,-26000
062197,聯發科中信01購03,0,0,0,0,0,0,0,0,0,-26000,0,0,0,11000,37000,-26000,-26000
6277,宏正            ,13000,39000,-26000,0,0,0,0,0,0,0,0,0,0,0,0,0,-26000
08401P,玉晶光元富9C售04,0,0,0,0,0,0,0,0,0,-27000,0,0,0,97000,124000,-27000,-27000
1817,凱撒衛          ,1000,28000,-27000,0,0,0,0,0,0,0,0,0,0,0,0,0,-27000
2444,兆勁            ,12000,39000,-27000,0,0,0,0,0,0,0,0,0,0,0,0,0,-27000
2882A,國泰特          ,0,0,0,0,0,0,0,0,0,-27000,76000,103000,-27000,0,0,0,-27000
065461,台光電中信9C購01,0,0,0,0,0,0,0,0,0,-27000,0,0,0,0,27000,-27000,-27000
065385,億豐元大03購01  ,0,0,0,0,0,0,0,0,0,-27000,0,0,0,73000,100000,-27000,-27000
065365,國巨元大9C購19  ,0,0,0,0,0,0,0,0,0,-27000,0,0,0,21000,48000,-27000,-27000
07319P,台積電凱基01售02,0,0,0,0,0,0,0,0,0,-27000,0,0,0,40000,67000,-27000,-27000
056430,鴻海凱基98購06  ,0,0,0,0,0,0,0,0,0,-27000,0,0,0,0,27000,-27000,-27000
057558,致新凱基98購01  ,0,0,0,0,0,0,0,0,0,-27000,0,0,0,0,27000,-27000,-27000
056852,矽格元富98購01  ,0,0,0,0,0,0,0,0,0,-27000,0,0,0,233000,260000,-27000,-27000
054926,神達凱基98購01  ,0,0,0,0,0,0,0,0,0,-27000,0,0,0,24000,51000,-27000,-27000
056302,大立光元大97購17,0,0,0,0,0,0,0,0,0,-27000,0,0,0,0,27000,-27000,-27000
060154,堤維西永豐9A購01,0,0,0,0,0,0,0,0,0,-27000,0,0,0,27000,54000,-27000,-27000
058817,嘉聯益台新99購01,0,0,0,0,0,0,0,0,0,-27000,0,0,0,14000,41000,-27000,-27000
060248,日月光元大9A購01,0,0,0,0,0,0,0,0,0,-27000,0,0,0,65000,92000,-27000,-27000
062272,鴻海群益9B購05  ,0,0,0,0,0,0,0,0,0,-27000,0,0,0,210000,237000,-27000,-27000
060908,金像電元大9A購03,0,0,0,0,0,0,0,0,0,-27000,0,0,0,13000,40000,-27000,-27000
060892,超眾統一9C購01  ,0,0,0,0,0,0,0,0,0,-27000,0,0,0,13000,40000,-27000,-27000
062151,世紀鋼國票01購01,0,0,0,0,0,0,0,0,0,-27000,0,0,0,0,27000,-27000,-27000
062811,鴻海兆豐9B購01  ,0,0,0,0,0,0,0,0,0,-27000,0,0,0,22000,49000,-27000,-27000
062992,聯發科群益9B購09,0,0,0,0,0,0,0,0,0,-27000,0,0,0,15000,42000,-27000,-27000
063230,緯穎群益9B購02  ,0,0,0,0,0,0,0,0,0,-27000,0,0,0,32000,59000,-27000,-27000
06433P,大立光群益99售01,0,0,0,0,0,0,0,0,0,-27000,0,0,0,0,27000,-27000,-27000
064807,義隆元大9C購03  ,0,0,0,0,0,0,0,0,0,-27000,0,0,0,266000,293000,-27000,-27000
07546P,玉晶光凱基9A售09,0,0,0,0,0,0,0,0,0,-28000,0,0,0,360000,388000,-28000,-28000
06743P,創意永豐98售03  ,0,0,0,0,0,0,0,0,0,-28000,0,0,0,102000,130000,-28000,-28000
065333,冠德國票01購01  ,0,0,0,0,0,0,0,0,0,-28000,0,0,0,0,28000,-28000,-28000
065063,玉晶光群益02購04,0,0,0,0,0,0,0,0,0,-28000,0,0,0,30000,58000,-28000,-28000
3062,建漢            ,201000,227000,-26000,0,0,0,0,0,0,-2000,0,2000,-2000,0,0,0,-28000
2030,彰源            ,4000,32000,-28000,0,0,0,0,0,0,0,0,0,0,0,0,0,-28000
1762,中化生          ,836000,878000,-42000,0,0,0,0,0,0,14000,14000,0,14000,0,0,0,-28000
1423,利華            ,0,28000,-28000,0,0,0,0,0,0,0,0,0,0,0,0,0,-28000
1321,大洋            ,16000,44000,-28000,0,0,0,0,0,0,0,0,0,0,0,0,0,-28000
08002P,大毅國票9B售03  ,0,0,0,0,0,0,0,0,0,-28000,0,0,0,0,28000,-28000,-28000
07863P,華新科凱基9B售07,0,0,0,0,0,0,0,0,0,-28000,0,0,0,0,28000,-28000,-28000
056818,正崴永豐98購01  ,0,0,0,0,0,0,0,0,0,-28000,0,0,0,5000,33000,-28000,-28000
062298,國巨第一9B購01  ,0,0,0,0,0,0,0,0,0,-28000,0,0,0,42000,70000,-28000,-28000
062218,燿華統一01購01  ,0,0,0,0,0,0,0,0,0,-28000,0,0,0,30000,58000,-28000,-28000
062230,緯穎統一01購01  ,0,0,0,0,0,0,0,0,0,-28000,0,0,0,73000,101000,-28000,-28000
062099,牧德永豐9B購01  ,0,0,0,0,0,0,0,0,0,-28000,0,0,0,0,28000,-28000,-28000
062040,玉晶光凱基01購01,0,0,0,0,0,0,0,0,0,-28000,0,0,0,6000,34000,-28000,-28000
058272,超眾永豐9A購01  ,0,0,0,0,0,0,0,0,0,-28000,0,0,0,22000,50000,-28000,-28000
059664,立積元大9C購01  ,0,0,0,0,0,0,0,0,0,-28000,0,0,0,2000,30000,-28000,-28000
061569,旺宏元大9A購14  ,0,0,0,0,0,0,0,0,0,-28000,0,0,0,0,28000,-28000,-28000
064497,可成元大01購02  ,0,0,0,0,0,0,0,0,0,-28000,0,0,0,8000,36000,-28000,-28000
063675,亞德客國泰01購01,0,0,0,0,0,0,0,0,0,-28000,0,0,0,70000,98000,-28000,-28000
063786,瑞昱中信06購01  ,0,0,0,0,0,0,0,0,0,-28000,0,0,0,45000,73000,-28000,-28000
063907,華通凱基9C購03  ,0,0,0,0,0,0,0,0,0,-28000,0,0,0,2000,30000,-28000,-28000
062794,鴻海統一9C購15  ,0,0,0,0,0,0,0,0,0,-28000,0,0,0,50000,78000,-28000,-28000
062366,義隆元大9B購04  ,0,0,0,0,0,0,0,0,0,-28000,0,0,0,23000,51000,-28000,-28000
062413,台光電中信9B購02,0,0,0,0,0,0,0,0,0,-28000,0,0,0,0,28000,-28000,-28000
5234,達興材料        ,8000,36000,-28000,0,0,0,0,0,0,0,0,0,0,0,0,0,-28000
6112,聚碩            ,152000,180000,-28000,0,0,0,0,0,0,0,0,0,0,0,0,0,-28000
08007P,國泰金中信03售02,0,0,0,0,0,0,0,0,0,-29000,0,0,0,0,29000,-29000,-29000
08188P,群創群益9B售04  ,0,0,0,0,0,0,0,0,0,-29000,0,0,0,72000,101000,-29000,-29000
1340,勝悅-KY         ,3000,32000,-29000,0,0,0,0,0,0,0,0,0,0,0,0,0,-29000
2015,豐興            ,78000,127000,-49000,0,0,0,0,0,0,20000,27000,7000,20000,0,0,0,-29000
2109,華豐            ,22000,51000,-29000,0,0,0,0,0,0,0,0,0,0,0,0,0,-29000
065455,金寶元富9C購01  ,0,0,0,0,0,0,0,0,0,-29000,0,0,0,0,29000,-29000,-29000
06671P,台積電群益98售04,0,0,0,0,0,0,0,0,0,-29000,0,0,0,0,29000,-29000,-29000
06930P,台積電元大98售19,0,0,0,0,0,0,0,0,0,-29000,0,0,0,0,29000,-29000,-29000
056689,玉晶光統一9A購03,0,0,0,0,0,0,0,0,0,-29000,0,0,0,45000,74000,-29000,-29000
061555,聯電國票9B購01  ,0,0,0,0,0,0,0,0,0,-29000,0,0,0,35000,64000,-29000,-29000
058737,鴻海第一01購01  ,0,0,0,0,0,0,0,0,0,-29000,0,0,0,2000,31000,-29000,-29000
060296,和碩元大9A購01  ,0,0,0,0,0,0,0,0,0,-29000,0,0,0,20000,49000,-29000,-29000
061995,超眾元大01購01  ,0,0,0,0,0,0,0,0,0,-29000,0,0,0,50000,79000,-29000,-29000
062302,聯詠中信05購02  ,0,0,0,0,0,0,0,0,0,-29000,0,0,0,22000,51000,-29000,-29000
062309,燿華凱基9B購01  ,0,0,0,0,0,0,0,0,0,-29000,0,0,0,1000,30000,-29000,-29000
062470,智邦凱基9C購01  ,0,0,0,0,0,0,0,0,0,-29000,0,0,0,2000,31000,-29000,-29000
063000,緯穎國票9B購03  ,0,0,0,0,0,0,0,0,0,-29000,0,0,0,8000,37000,-29000,-29000
064250,亞光元富9C購01  ,0,0,0,0,0,0,0,0,0,-29000,0,0,0,46000,75000,-29000,-29000
064780,義隆群益9C購04  ,0,0,0,0,0,0,0,0,0,-29000,0,0,0,5000,34000,-29000,-29000
6281,全國電          ,6000,35000,-29000,0,0,0,0,0,0,0,0,0,0,0,0,0,-29000
06755P,大立光永豐98售03,0,0,0,0,0,0,0,0,0,-30000,0,0,0,66000,96000,-30000,-30000
07241P,台灣50國票9A售05,0,0,0,0,0,0,0,0,0,-30000,0,0,0,0,30000,-30000,-30000
07739P,緯穎永豐9A售01  ,0,0,0,0,0,0,0,0,0,-30000,0,0,0,0,30000,-30000,-30000
07619P,鴻海統一9A售03  ,0,0,0,0,0,0,0,0,0,-30000,0,0,0,90000,120000,-30000,-30000
065492,台灣50富邦03購02,0,0,0,0,0,0,0,0,0,-30000,0,0,0,0,30000,-30000,-30000
065509,上銀群益9C購04  ,0,0,0,0,0,0,0,0,0,-30000,0,0,0,0,30000,-30000,-30000
065353,GIS統一02購03   ,0,0,0,0,0,0,0,0,0,-30000,0,0,0,0,30000,-30000,-30000
065061,聯發科群益9C購08,0,0,0,0,0,0,0,0,0,-30000,0,0,0,0,30000,-30000,-30000
2887F,台新戊特二      ,0,0,0,0,0,0,0,0,0,-30000,0,30000,-30000,0,0,0,-30000
2705,六福            ,23000,53000,-30000,0,0,0,0,0,0,0,0,0,0,0,0,0,-30000
2466,冠西電          ,20000,50000,-30000,0,0,0,0,0,0,0,0,0,0,0,0,0,-30000
08587P,聯發科中信01售05,0,0,0,0,0,0,0,0,0,-30000,0,0,0,0,30000,-30000,-30000
08288P,鴻海統一9C售17  ,0,0,0,0,0,0,0,0,0,-30000,0,0,0,0,30000,-30000,-30000
07946P,華通統一9B售02  ,0,0,0,0,0,0,0,0,0,-30000,0,0,0,0,30000,-30000,-30000
056800,臺股指麥證98購01,0,0,0,0,30000,-30000,0,0,0,-30000,0,0,0,0,30000,-30000,-30000
056991,牧德兆豐98購01  ,0,0,0,0,0,0,0,0,0,-30000,0,0,0,0,30000,-30000,-30000
057596,聯茂兆豐99購01  ,0,0,0,0,0,0,0,0,0,-30000,0,0,0,0,30000,-30000,-30000
061384,T50反1群益9A購04,0,0,0,0,0,0,0,0,0,-30000,0,0,0,0,30000,-30000,-30000
056331,聯鈞國票99購01  ,0,0,0,0,0,0,0,0,0,-30000,0,0,0,0,30000,-30000,-30000
05362P,可成富邦97售02  ,0,0,0,0,0,0,0,0,0,-30000,0,0,0,0,30000,-30000,-30000
055933,欣興群益98購02  ,0,0,0,0,0,0,0,0,0,-30000,0,0,0,72000,102000,-30000,-30000
053291,旺宏中信9A購01  ,0,0,0,0,0,0,0,0,0,-30000,0,0,0,0,30000,-30000,-30000
053381,友達元大9A購02  ,0,0,0,0,0,0,0,0,0,-30000,0,0,0,110000,140000,-30000,-30000
03017X,元展17          ,0,0,0,0,0,0,0,0,0,-30000,0,0,0,0,30000,-30000,-30000
052827,昇陽半永豐97購01,0,0,0,0,0,0,0,0,0,-30000,0,0,0,0,30000,-30000,-30000
062299,台積電第一9B購01,0,0,0,0,0,0,0,0,0,-30000,0,0,0,5000,35000,-30000,-30000
062107,台光電國票9B購01,0,0,0,0,0,0,0,0,0,-30000,0,0,0,0,30000,-30000,-30000
059183,T50反1台新03購02,0,0,0,0,0,0,0,0,0,-30000,0,0,0,0,30000,-30000,-30000
058178,國巨國泰9A購02  ,0,0,0,0,0,0,0,0,0,-30000,0,0,0,3000,33000,-30000,-30000
060548,友達凱基9B購03  ,0,0,0,0,0,0,0,0,0,-30000,0,0,0,0,30000,-30000,-30000
058840,T50反1群益99購02,0,0,0,0,0,0,0,0,0,-30000,0,0,0,0,30000,-30000,-30000
058843,元油2X群益9C購02,0,0,0,0,0,0,0,0,0,-30000,0,0,0,0,30000,-30000,-30000
059053,鴻海凱基99購07  ,0,0,0,0,0,0,0,0,0,-30000,0,0,0,65000,95000,-30000,-30000
058007,南電群益98購02  ,0,0,0,0,0,0,0,0,0,-30000,0,0,0,0,30000,-30000,-30000
059121,瑞儀永豐99購01  ,0,0,0,0,0,0,0,0,0,-30000,0,0,0,0,30000,-30000,-30000
061135,聯發科統一9C購03,0,0,0,0,0,0,0,0,0,-30000,0,0,0,0,30000,-30000,-30000
060707,台郡富邦9A購01  ,0,0,0,0,0,0,0,0,0,-30000,0,0,0,40000,70000,-30000,-30000
060720,嘉聯益永豐9A購02,0,0,0,0,0,0,0,0,0,-30000,0,0,0,0,30000,-30000,-30000
061170,南茂兆豐9B購01  ,0,0,0,0,0,0,0,0,0,-30000,0,0,0,0,30000,-30000,-30000
059396,T50反1元富99購04,0,0,0,0,0,0,0,0,0,-30000,0,0,0,0,30000,-30000,-30000
059434,全新元大99購05  ,0,0,0,0,0,0,0,0,0,-30000,0,0,0,0,30000,-30000,-30000
060039,大立光國票99購04,0,0,0,0,0,0,0,0,0,-30000,0,0,0,0,30000,-30000,-30000
058712,鴻海統一9B購03  ,0,0,0,0,0,0,0,0,0,-30000,0,0,0,0,30000,-30000,-30000
058398,中環元大99購02  ,0,0,0,0,0,0,0,0,0,-30000,0,0,0,0,30000,-30000,-30000
06478P,臺股指日盛9A售01,0,0,0,0,0,0,0,0,0,-30000,0,0,0,0,30000,-30000,-30000
06471P,臺股指凱基99售11,0,0,0,0,0,0,0,0,0,-30000,0,0,0,0,30000,-30000,-30000
064198,超眾群益9C購01  ,0,0,0,0,0,0,0,0,0,-30000,0,0,0,17000,47000,-30000,-30000
063982,TPK兆豐9C購01   ,0,0,0,0,0,0,0,0,0,-30000,0,0,0,0,30000,-30000,-30000
063952,玉晶光元大01購01,0,0,0,0,0,0,0,0,0,-30000,0,0,0,0,30000,-30000,-30000
063910,漢唐凱基9C購01  ,0,0,0,0,0,0,0,0,0,-30000,0,0,0,0,30000,-30000,-30000
063129,祥碩元大9C購03  ,0,0,0,0,0,0,0,0,0,-30000,0,0,0,26000,56000,-30000,-30000
063117,聯茂麥證9B購01  ,0,0,0,0,30000,-30000,0,0,0,-30000,0,0,0,0,30000,-30000,-30000
063243,聯發科元大9B購20,0,0,0,0,0,0,0,0,0,-30000,0,0,0,0,30000,-30000,-30000
063599,智邦凱基9B購04  ,0,0,0,0,0,0,0,0,0,-30000,0,0,0,0,30000,-30000,-30000
062437,廣達元大9B購01  ,0,0,0,0,0,0,0,0,0,-30000,0,0,0,96000,126000,-30000,-30000
062193,瑞昱第一9B購01  ,0,0,0,0,0,0,0,0,0,-30000,0,0,0,22000,52000,-30000,-30000
062476,神隆國票9B購01  ,0,0,0,0,0,0,0,0,0,-30000,0,0,0,10000,40000,-30000,-30000
062588,國巨統一9B購14  ,0,0,0,0,0,0,0,0,0,-30000,0,0,0,0,30000,-30000,-30000
912000,晨訊科-DR       ,0,30000,-30000,0,0,0,0,0,0,0,0,0,0,0,0,0,-30000
4967,十銓            ,52000,82000,-30000,0,0,0,0,0,0,0,0,0,0,0,0,0,-30000
9934,成霖            ,28000,58000,-30000,0,0,0,0,0,0,0,0,0,0,0,0,0,-30000
2459,敦吉            ,8000,39000,-31000,0,0,0,0,0,0,0,0,0,0,0,0,0,-31000
065140,國巨凱基01購02  ,0,0,0,0,0,0,0,0,0,-31000,0,0,0,31000,62000,-31000,-31000
07627P,超眾凱基9A售02  ,0,0,0,0,0,0,0,0,0,-31000,0,0,0,40000,71000,-31000,-31000
06862P,大立光凱基98售16,0,0,0,0,0,0,0,0,0,-31000,0,0,0,57000,88000,-31000,-31000
07013P,玉晶光群益9A售06,0,0,0,0,0,0,0,0,0,-31000,0,0,0,0,31000,-31000,-31000
07106P,國巨統一9B售05  ,0,0,0,0,0,0,0,0,0,-31000,0,0,0,10000,41000,-31000,-31000
057450,國泰金元富98購01,0,0,0,0,0,0,0,0,0,-31000,0,0,0,8000,39000,-31000,-31000
061037,嘉澤永豐9A購01  ,0,0,0,0,0,0,0,0,0,-31000,0,0,0,10000,41000,-31000,-31000
060678,聯詠元大9A購03  ,0,0,0,0,0,0,0,0,0,-31000,0,0,0,111000,142000,-31000,-31000
058895,鴻海元大99購20  ,0,0,0,0,0,0,0,0,0,-31000,0,0,0,109000,140000,-31000,-31000
060306,台肥永豐9A購01  ,0,0,0,0,0,0,0,0,0,-31000,0,0,0,26000,57000,-31000,-31000
060859,鴻海永豐9A購01  ,0,0,0,0,0,0,0,0,0,-31000,0,0,0,0,31000,-31000,-31000
061881,緯穎元大9B購02  ,0,0,0,0,0,0,0,0,0,-31000,0,0,0,22000,53000,-31000,-31000
062090,南電元大9B購02  ,0,0,0,0,0,0,0,0,0,-31000,0,0,0,19000,50000,-31000,-31000
062744,超眾國泰9C購01  ,0,0,0,0,0,0,0,0,0,-31000,0,0,0,0,31000,-31000,-31000
063445,金像電統一9B購01,0,0,0,0,0,0,0,0,0,-31000,0,0,0,2000,33000,-31000,-31000
06328P,台積電中信01售02,0,0,0,0,0,0,0,0,0,-31000,0,0,0,30000,61000,-31000,-31000
064105,南茂群益9C購01  ,0,0,0,0,0,0,0,0,0,-31000,0,0,0,77000,108000,-31000,-31000
064249,聯發科元富06購01,0,0,0,0,0,0,0,0,0,-31000,0,0,0,180000,211000,-31000,-31000
064790,金像電國票01購01,0,0,0,0,0,0,0,0,0,-31000,0,0,0,0,31000,-31000,-31000
064853,亞德客麥證9C購01,0,0,0,0,31000,-31000,0,0,0,-31000,0,0,0,0,31000,-31000,-31000
064286,TPK元大9C購02   ,0,0,0,0,0,0,0,0,0,-31000,0,0,0,61000,92000,-31000,-31000
064375,智邦元富03購01  ,0,0,0,0,0,0,0,0,0,-31000,0,0,0,87000,118000,-31000,-31000
5288,豐祥-KY         ,14000,45000,-31000,0,0,0,0,0,0,0,0,0,0,0,0,0,-31000
065565,神隆群益01購01  ,0,0,0,0,0,0,0,0,0,-32000,0,0,0,31000,63000,-32000,-32000
2536,宏普            ,14000,46000,-32000,0,0,0,0,0,0,0,0,0,0,0,0,0,-32000
3679,新至陞          ,5000,37000,-32000,0,0,0,0,0,0,0,0,0,0,0,0,0,-32000
1732,毛寶            ,69000,102000,-33000,0,0,0,0,0,0,1000,1000,0,1000,0,0,0,-32000
1452,宏益            ,7000,39000,-32000,0,0,0,0,0,0,0,0,0,0,0,0,0,-32000
08026P,臺股指凱基9B售12,0,0,0,0,0,0,0,0,0,-32000,0,0,0,0,32000,-32000,-32000
057366,智邦元大98購08  ,0,0,0,0,0,0,0,0,0,-32000,0,0,0,6000,38000,-32000,-32000
056387,智伸科國泰99購01,0,0,0,0,0,0,0,0,0,-32000,0,0,0,80000,112000,-32000,-32000
056581,超眾元大99購01  ,0,0,0,0,0,0,0,0,0,-32000,0,0,0,3000,35000,-32000,-32000
056586,光罩統一98購02  ,0,0,0,0,0,0,0,0,0,-32000,0,0,0,68000,100000,-32000,-32000
056551,台郡凱基98購04  ,0,0,0,0,0,0,0,0,0,-32000,0,0,0,0,32000,-32000,-32000
057637,上銀元大98購07  ,0,0,0,0,0,0,0,0,0,-32000,0,0,0,10000,42000,-32000,-32000
057758,鴻海凱基99購03  ,0,0,0,0,0,0,0,0,0,-32000,0,0,0,14000,46000,-32000,-32000
054220,國巨統一97購02  ,0,0,0,0,0,0,0,0,0,-32000,0,0,0,0,32000,-32000,-32000
061878,茂林元大9B購01  ,0,0,0,0,0,0,0,0,0,-32000,0,0,0,68000,100000,-32000,-32000
060943,宏達電國票9B購02,0,0,0,0,0,0,0,0,0,-32000,0,0,0,0,32000,-32000,-32000
058899,旺宏元大99購10  ,0,0,0,0,0,0,0,0,0,-32000,0,0,0,68000,100000,-32000,-32000
058905,京鼎元大99購01  ,0,0,0,0,0,0,0,0,0,-32000,0,0,0,88000,120000,-32000,-32000
058832,立積永豐99購01  ,0,0,0,0,0,0,0,0,0,-32000,0,0,0,75000,107000,-32000,-32000
058980,鴻海凱基99購06  ,0,0,0,0,0,0,0,0,0,-32000,0,0,0,27000,59000,-32000,-32000
060339,國巨統一01購01  ,0,0,0,0,0,0,0,0,0,-32000,0,0,0,3000,35000,-32000,-32000
061230,臺指反元大01購04,0,0,0,0,0,0,0,0,0,-32000,0,0,0,0,32000,-32000,-32000
061113,南電元大9A購03  ,0,0,0,0,0,0,0,0,0,-32000,0,0,0,22000,54000,-32000,-32000
060291,高鐵元大9A購01  ,0,0,0,0,0,0,0,0,0,-32000,0,0,0,8000,40000,-32000,-32000
059732,超眾元大9A購01  ,0,0,0,0,0,0,0,0,0,-32000,0,0,0,12000,44000,-32000,-32000
059830,台郡凱基99購05  ,0,0,0,0,0,0,0,0,0,-32000,0,0,0,18000,50000,-32000,-32000
058513,宏達電元大99購05,0,0,0,0,0,0,0,0,0,-32000,0,0,0,88000,120000,-32000,-32000
064514,喬山群益9C購01  ,0,0,0,0,0,0,0,0,0,-32000,0,0,0,18000,50000,-32000,-32000
064852,智邦台新9C購04  ,0,0,0,0,0,0,0,0,0,-32000,0,0,0,0,32000,-32000,-32000
063784,華通中信06購01  ,0,0,0,0,0,0,0,0,0,-32000,0,0,0,48000,80000,-32000,-32000
063520,上銀凱基9B購05  ,0,0,0,0,0,0,0,0,0,-32000,0,0,0,0,32000,-32000,-32000
062159,聯詠凱基9B購01  ,0,0,0,0,0,0,0,0,0,-32000,0,0,0,2000,34000,-32000,-32000
061719,緯穎凱基9A購06  ,0,0,0,0,0,0,0,0,0,-32000,0,0,0,0,32000,-32000,-32000
5225,東科-KY         ,38000,70000,-32000,0,0,0,0,0,0,0,0,0,0,0,0,0,-32000
1526,日馳            ,257000,290000,-33000,0,0,0,0,0,0,0,0,0,0,0,0,0,-33000
065497,台積電富邦03購03,0,0,0,0,0,0,0,0,0,-33000,0,0,0,0,33000,-33000,-33000
065405,華新科富邦03購01,0,0,0,0,0,0,0,0,0,-33000,0,0,0,65000,98000,-33000,-33000
065155,聯發科群益9C購11,0,0,0,0,0,0,0,0,0,-33000,0,0,0,41000,74000,-33000,-33000
057242,台郡凱基98購05  ,0,0,0,0,0,0,0,0,0,-33000,0,0,0,2000,35000,-33000,-33000
057948,嘉聯益國票99購02,0,0,0,0,0,0,0,0,0,-33000,0,0,0,20000,53000,-33000,-33000
061283,智邦統一9A購01  ,0,0,0,0,0,0,0,0,0,-33000,0,0,0,324000,357000,-33000,-33000
059829,超眾凱基99購05  ,0,0,0,0,0,0,0,0,0,-33000,0,0,0,12000,45000,-33000,-33000
061579,京鼎元大9A購02  ,0,0,0,0,0,0,0,0,0,-33000,0,0,0,116000,149000,-33000,-33000
058333,鴻海元富99購04  ,0,0,0,0,0,0,0,0,0,-33000,0,0,0,0,33000,-33000,-33000
06119P,大立光凱基98售04,0,0,0,0,0,0,0,0,0,-33000,0,0,0,25000,58000,-33000,-33000
059140,大立光兆豐9A購02,0,0,0,0,0,0,0,0,0,-33000,0,0,0,16000,49000,-33000,-33000
062827,神基群益9B購01  ,0,0,0,0,0,0,0,0,0,-33000,0,0,0,98000,131000,-33000,-33000
063119,華通元大9B購07  ,0,0,0,0,0,0,0,0,0,-33000,0,0,0,13000,46000,-33000,-33000
063649,南六元大9C購02  ,0,0,0,0,0,0,0,0,0,-33000,0,0,0,60000,93000,-33000,-33000
4526,東台            ,13000,46000,-33000,0,0,0,0,0,0,0,0,0,0,0,0,0,-33000
065184,和大統一02購04  ,0,0,0,0,0,0,0,0,0,-34000,0,0,0,35000,69000,-34000,-34000
064926,臻鼎統一02購01  ,0,0,0,0,0,0,0,0,0,-34000,0,0,0,346000,380000,-34000,-34000
06589P,台積電元大98售12,0,0,0,0,0,0,0,0,0,-34000,0,0,0,200000,234000,-34000,-34000
065376,京鼎元大9C購02  ,0,0,0,0,0,0,0,0,0,-34000,0,0,0,465000,499000,-34000,-34000
07191P,台積電元大99售32,0,0,0,0,0,0,0,0,0,-34000,0,0,0,0,34000,-34000,-34000
3019,亞光            ,346000,380000,-34000,0,0,0,0,0,0,0,28000,29000,-1000,9000,8000,1000,-34000
057985,華通元富02購03  ,0,0,0,0,0,0,0,0,0,-34000,0,0,0,2000,36000,-34000,-34000
057875,京鼎元大98購03  ,0,0,0,0,0,0,0,0,0,-34000,0,0,0,44000,78000,-34000,-34000
055449,超眾統一9A購01  ,0,0,0,0,0,0,0,0,0,-34000,0,0,0,1000,35000,-34000,-34000
059172,台郡凱基99購03  ,0,0,0,0,0,0,0,0,0,-34000,0,0,0,20000,54000,-34000,-34000
059259,FBVIX中信03購06 ,0,0,0,0,0,0,0,0,0,-34000,0,0,0,40000,74000,-34000,-34000
061132,志超永豐9A購01  ,0,0,0,0,0,0,0,0,0,-34000,0,0,0,27000,61000,-34000,-34000
060699,華新科國泰9B購03,0,0,0,0,0,0,0,0,0,-34000,0,0,0,6000,40000,-34000,-34000
060072,國巨元富99購04  ,0,0,0,0,0,0,0,0,0,-34000,0,0,0,0,34000,-34000,-34000
060075,台積電元富99購05,0,0,0,0,0,0,0,0,0,-34000,0,0,0,21000,55000,-34000,-34000
059624,鴻海凱基01購01  ,0,0,0,0,0,0,0,0,0,-34000,0,0,0,31000,65000,-34000,-34000
064136,致新元大9C購01  ,0,0,0,0,0,0,0,0,0,-34000,0,0,0,134000,168000,-34000,-34000
064804,英業達元大9C購01,0,0,0,0,0,0,0,0,0,-34000,0,0,0,136000,170000,-34000,-34000
064686,鴻海群益01購03  ,0,0,0,0,0,0,0,0,0,-34000,0,0,0,116000,150000,-34000,-34000
064501,大立光元大01購02,0,0,0,0,0,0,0,0,0,-34000,0,0,0,4000,38000,-34000,-34000
06445P,大立光凱基98售09,0,0,0,0,0,0,0,0,0,-34000,0,0,0,1000,35000,-34000,-34000
064401,台達電凱基06購01,0,0,0,0,0,0,0,0,0,-34000,0,0,0,85000,119000,-34000,-34000
063550,可成國票9C購01  ,0,0,0,0,0,0,0,0,0,-34000,0,0,0,96000,130000,-34000,-34000
062590,亞光統一9B購01  ,0,0,0,0,0,0,0,0,0,-34000,0,0,0,5000,39000,-34000,-34000
062617,京鼎元大9B購01  ,0,0,0,0,0,0,0,0,0,-34000,0,0,0,138000,172000,-34000,-34000
062636,聯鈞國票9B購01  ,0,0,0,0,0,0,0,0,0,-34000,0,0,0,32000,66000,-34000,-34000
5285,界霖            ,234000,268000,-34000,0,0,0,0,0,0,0,0,0,0,0,0,0,-34000
8462,柏文            ,26000,60692,-34692,0,0,0,0,0,0,0,0,0,0,0,0,0,-34692
08370P,台積電凱基01售06,0,0,0,0,0,0,0,0,0,-35000,0,0,0,20000,55000,-35000,-35000
07162P,臺股指群益99售13,0,0,0,0,0,0,0,0,0,-35000,0,0,0,420000,455000,-35000,-35000
07423P,大立光元大99售33,0,0,0,0,0,0,0,0,0,-35000,0,0,0,0,35000,-35000,-35000
065545,華通兆豐9C購03  ,0,0,0,0,0,0,0,0,0,-35000,0,0,0,0,35000,-35000,-35000
06497P,大立光凱基98售11,0,0,0,0,0,0,0,0,0,-35000,0,0,0,0,35000,-35000,-35000
065190,緯穎統一9C購02  ,0,0,0,0,0,0,0,0,0,-35000,0,0,0,10000,45000,-35000,-35000
054828,正崴國泰99購01  ,0,0,0,0,0,0,0,0,0,-35000,0,0,0,15000,50000,-35000,-35000
056910,超眾元大99購02  ,0,0,0,0,0,0,0,0,0,-35000,0,0,0,20000,55000,-35000,-35000
061689,國巨群益9A購12  ,0,0,0,0,0,0,0,0,0,-35000,0,0,0,33000,68000,-35000,-35000
056687,元大金統一98購01,0,0,0,0,0,0,0,0,0,-35000,0,0,0,1000,36000,-35000,-35000
056204,嘉澤永豐97購01  ,0,0,0,0,0,0,0,0,0,-35000,0,0,0,15000,50000,-35000,-35000
056206,泰鼎永豐97購01  ,0,0,0,0,0,0,0,0,0,-35000,0,0,0,11000,46000,-35000,-35000
059766,同欣電永豐99購03,0,0,0,0,0,0,0,0,0,-35000,0,0,0,50000,85000,-35000,-35000
060022,勤誠康和99購01  ,0,0,0,0,0,0,0,0,0,-35000,0,0,0,0,35000,-35000,-35000
058294,華新科凱基9A購01,0,0,0,0,0,0,0,0,0,-35000,0,0,0,0,35000,-35000,-35000
061001,智邦兆豐9B購01  ,0,0,0,0,0,0,0,0,0,-35000,0,0,0,10000,45000,-35000,-35000
060409,味全永豐9A購01  ,0,0,0,0,0,0,0,0,0,-35000,0,0,0,25000,60000,-35000,-35000
061212,聯鈞元大9A購04  ,0,0,0,0,0,0,0,0,0,-35000,0,0,0,219000,254000,-35000,-35000
058947,SGBR2X群益9B購02,0,0,0,0,0,0,0,0,0,-35000,0,0,0,30000,65000,-35000,-35000
061853,晶技國票9B購02  ,0,0,0,0,0,0,0,0,0,-35000,0,0,0,36000,71000,-35000,-35000
061826,台郡麥證9B購01  ,0,0,0,1000,36000,-35000,0,0,0,-35000,0,0,0,1000,36000,-35000,-35000
062383,大立光國泰01購01,0,0,0,0,0,0,0,0,0,-35000,0,0,0,65000,100000,-35000,-35000
062194,遠東新中信9C購01,0,0,0,0,0,0,0,0,0,-35000,0,0,0,33000,68000,-35000,-35000
063162,國喬永豐9B購01  ,0,0,0,0,0,0,0,0,0,-35000,0,0,0,0,35000,-35000,-35000
064447,喬山統一02購01  ,0,0,0,0,0,0,0,0,0,-35000,0,0,0,0,35000,-35000,-35000
064175,華通國泰02購01  ,0,0,0,0,0,0,0,0,0,-35000,0,0,0,0,35000,-35000,-35000
064195,晶豪科群益9C購01,0,0,0,0,0,0,0,0,0,-35000,0,0,0,16000,51000,-35000,-35000
063823,T50反1國票01購02,0,0,0,0,0,0,0,0,0,-35000,0,0,0,80000,115000,-35000,-35000
3703,欣陸            ,53000,98000,-45000,0,0,0,0,0,0,10000,10000,0,10000,0,0,0,-35000
065090,大立光元大9C購24,0,0,0,0,0,0,0,0,0,-36000,0,0,0,0,36000,-36000,-36000
06627P,華新科元富99售01,0,0,0,0,0,0,0,0,0,-36000,0,0,0,0,36000,-36000,-36000
1558,伸興            ,18000,54000,-36000,0,0,0,0,0,0,0,0,0,0,0,0,0,-36000
2108,南帝            ,279000,303000,-24000,0,0,0,0,0,0,-12000,13000,25000,-12000,0,0,0,-36000
056479,玉晶光元大99購05,0,0,0,0,0,0,0,0,0,-36000,0,0,0,8000,44000,-36000,-36000
061655,微星國票9A購01  ,0,0,0,0,0,0,0,0,0,-36000,0,0,0,2000,38000,-36000,-36000
057183,玉晶光元大99購07,0,0,0,0,0,0,0,0,0,-36000,0,0,0,113000,149000,-36000,-36000
055205,京鼎中信99購01  ,0,0,0,0,0,0,0,0,0,-36000,0,0,0,15000,51000,-36000,-36000
051055,友達群益98購01  ,0,0,0,0,0,0,0,0,0,-36000,0,0,0,80000,116000,-36000,-36000
055415,禾伸堂富邦9B購01,0,0,0,0,0,0,0,0,0,-36000,0,0,0,84000,120000,-36000,-36000
03433B,臺股指元大9C熊01,0,0,0,0,0,0,0,0,0,-36000,0,0,0,0,36000,-36000,-36000
058135,景碩元大99購01  ,0,0,0,0,0,0,0,0,0,-36000,0,0,0,0,36000,-36000,-36000
062250,台積電元大9B購02,0,0,0,0,0,0,0,0,0,-36000,0,0,0,2000,38000,-36000,-36000
062022,緯穎永豐9B購01  ,0,0,0,0,0,0,0,0,0,-36000,0,0,0,0,36000,-36000,-36000
058077,超眾凱基98購02  ,0,0,0,0,0,0,0,0,0,-36000,0,0,0,5000,41000,-36000,-36000
060020,康控康和99購01  ,0,0,0,0,0,0,0,0,0,-36000,0,0,0,61000,97000,-36000,-36000
058740,T50反1日盛9B購02,0,0,0,0,0,0,0,0,0,-36000,0,0,0,0,36000,-36000,-36000
060252,緯穎元大9A購02  ,0,0,0,0,0,0,0,0,0,-36000,0,0,0,4000,40000,-36000,-36000
060841,宏達電國票9B購01,0,0,0,0,0,0,0,0,0,-36000,0,0,0,3000,39000,-36000,-36000
059631,京元電凱基99購02,0,0,0,0,0,0,0,0,0,-36000,0,0,0,9000,45000,-36000,-36000
064164,祥碩統一01購05  ,0,0,0,0,0,0,0,0,0,-36000,0,0,0,84000,120000,-36000,-36000
064419,鴻海兆豐9C購01  ,0,0,0,0,0,0,0,0,0,-36000,0,0,0,0,36000,-36000,-36000
064275,台光電元大9C購03,0,0,0,0,0,0,0,0,0,-36000,0,0,0,10000,46000,-36000,-36000
064708,帆宣永豐9C購01  ,0,0,0,0,0,0,0,0,0,-36000,0,0,0,0,36000,-36000,-36000
062677,儒鴻統一01購01  ,0,0,0,0,0,0,0,0,0,-36000,0,0,0,5000,41000,-36000,-36000
6192,巨路            ,28000,64000,-36000,0,0,0,0,0,0,0,0,0,0,0,0,0,-36000
1532,勤美            ,83000,120000,-37000,0,0,0,0,0,0,0,0,0,0,0,0,0,-37000
08455P,台積電凱基9C售05,0,0,0,0,0,0,0,0,0,-37000,0,0,0,20000,57000,-37000,-37000
08549P,大立光元大9C售25,0,0,0,0,0,0,0,0,0,-37000,0,0,0,30000,67000,-37000,-37000
065096,世芯元大9C購03  ,0,0,0,0,0,0,0,0,0,-37000,0,0,0,64000,101000,-37000,-37000
055745,臻鼎元富97購01  ,0,0,0,0,0,0,0,0,0,-37000,0,0,0,0,37000,-37000,-37000
057465,智易永豐98購02  ,0,0,0,0,0,0,0,0,0,-37000,0,0,0,31000,68000,-37000,-37000
057466,泰鼎永豐98購01  ,0,0,0,0,0,0,0,0,0,-37000,0,0,0,26000,63000,-37000,-37000
057981,臻鼎永豐98購01  ,0,0,0,0,0,0,0,0,0,-37000,0,0,0,25000,62000,-37000,-37000
056738,國巨凱基9A購02  ,0,0,0,0,0,0,0,0,0,-37000,0,0,0,57000,94000,-37000,-37000
061709,SP黃豆凱基01購02,0,0,0,0,0,0,0,0,0,-37000,0,0,0,0,37000,-37000,-37000
063253,巨大元大9B購03  ,0,0,0,0,0,0,0,0,0,-37000,0,0,0,26000,63000,-37000,-37000
064723,大立光統一02購04,0,0,0,0,0,0,0,0,0,-37000,0,0,0,0,37000,-37000,-37000
063683,大成鋼永豐9B購01,0,0,0,0,0,0,0,0,0,-37000,0,0,0,31000,68000,-37000,-37000
063765,上銀元富9B購09  ,0,0,0,0,0,0,0,0,0,-37000,0,0,0,50000,87000,-37000,-37000
06591P,大立光元大98售14,0,0,0,0,0,0,0,0,0,-38000,0,0,0,7000,45000,-38000,-38000
065388,華擎兆豐01購01  ,0,0,0,0,0,0,0,0,0,-38000,0,0,0,62000,100000,-38000,-38000
065364,國巨元大9C購18  ,0,0,0,0,0,0,0,0,0,-38000,0,0,0,65000,103000,-38000,-38000
08221P,台表科凱基9B售05,0,0,0,0,0,0,0,0,0,-38000,0,0,0,22000,60000,-38000,-38000
056746,超眾凱基99購01  ,0,0,0,0,0,0,0,0,0,-38000,0,0,0,20000,58000,-38000,-38000
057111,立積群益98購02  ,0,0,0,0,0,0,0,0,0,-38000,0,0,0,18000,56000,-38000,-38000
057887,智原群益98購04  ,0,0,0,0,0,0,0,0,0,-38000,0,0,0,242000,280000,-38000,-38000
055817,京鼎國票99購01  ,0,0,0,0,0,0,0,0,0,-38000,0,0,0,0,38000,-38000,-38000
059643,日月光凱基99購02,0,0,0,0,0,0,0,0,0,-38000,0,0,0,2000,40000,-38000,-38000
060203,緯穎元富9A購01  ,0,0,0,0,0,0,0,0,0,-38000,0,0,0,0,38000,-38000,-38000
059832,超眾康和99購01  ,0,0,0,0,0,0,0,0,0,-38000,0,0,0,17000,55000,-38000,-38000
059253,康控凱基9B購02  ,0,0,0,0,0,0,0,0,0,-38000,0,0,0,46000,84000,-38000,-38000
062058,瑞昱統一01購01  ,0,0,0,0,0,0,0,0,0,-38000,0,0,0,48000,86000,-38000,-38000
064585,中壽永豐9C購01  ,0,0,0,0,0,0,0,0,0,-38000,0,0,0,0,38000,-38000,-38000
064792,美律國票9C購01  ,0,0,0,0,0,0,0,0,0,-38000,0,0,0,0,38000,-38000,-38000
063175,燿華兆豐9C購01  ,0,0,0,0,0,0,0,0,0,-38000,0,0,0,0,38000,-38000,-38000
063304,大立光凱基01購02,0,0,0,0,0,0,0,0,0,-38000,0,0,0,1000,39000,-38000,-38000
062454,華通群益9C購03  ,0,0,0,0,0,0,0,0,0,-38000,0,0,0,0,38000,-38000,-38000
062186,晶技元大9B購05  ,0,0,0,0,0,0,0,0,0,-38000,0,0,0,83000,121000,-38000,-38000
062544,信錦永豐9B購01  ,0,0,0,0,0,0,0,0,0,-38000,0,0,0,0,38000,-38000,-38000
4960,誠美材          ,236000,274000,-38000,0,0,0,0,0,0,0,0,0,0,0,0,0,-38000
065335,玉晶光台新9C購03,0,0,0,0,0,0,0,0,0,-39000,0,0,0,0,39000,-39000,-39000
06562P,台積電國泰99售02,0,0,0,0,0,0,0,0,0,-39000,0,0,0,0,39000,-39000,-39000
065168,台積電元大02購02,0,0,0,0,0,0,0,0,0,-39000,0,0,0,146000,185000,-39000,-39000
053276,友達元大9C購01  ,0,0,0,0,0,0,0,0,0,-39000,0,0,0,3000,42000,-39000,-39000
061690,旺宏群益9A購05  ,0,0,0,0,0,0,0,0,0,-39000,0,0,0,0,39000,-39000,-39000
057167,台積電元大99購03,0,0,0,0,0,0,0,0,0,-39000,0,0,0,0,39000,-39000,-39000
062032,崇越群益9B購01  ,0,0,0,0,0,0,0,0,0,-39000,0,0,0,102000,141000,-39000,-39000
062233,神隆凱基9B購01  ,0,0,0,0,0,0,0,0,0,-39000,0,0,0,109000,148000,-39000,-39000
060545,台積電凱基9B購02,0,0,0,0,0,0,0,0,0,-39000,0,0,0,44000,83000,-39000,-39000
061798,晶豪科永豐9B購01,0,0,0,0,0,0,0,0,0,-39000,0,0,0,0,39000,-39000,-39000
060909,金像電元大9B購01,0,0,0,0,0,0,0,0,0,-39000,0,0,0,41000,80000,-39000,-39000
058655,鴻海中信03購02  ,0,0,0,0,0,0,0,0,0,-39000,0,0,0,34000,73000,-39000,-39000
058297,茂林凱基9A購02  ,0,0,0,0,0,0,0,0,0,-39000,0,0,0,76000,115000,-39000,-39000
060718,中磊永豐9A購01  ,0,0,0,0,0,0,0,0,0,-39000,0,0,0,87000,126000,-39000,-39000
061159,同欣電群益9A購01,0,0,0,0,0,0,0,0,0,-39000,0,0,0,10000,49000,-39000,-39000
062525,鴻海統一9C購10  ,0,0,0,0,0,0,0,0,0,-39000,0,0,0,0,39000,-39000,-39000
062721,美律凱基9B購02  ,0,0,0,0,0,0,0,0,0,-39000,0,0,0,8000,47000,-39000,-39000
063394,金像電群益9B購01,0,0,0,0,0,0,0,0,0,-39000,0,0,0,132000,171000,-39000,-39000
063666,京元電統一9C購01,0,0,0,0,0,0,0,0,0,-39000,0,0,0,381000,420000,-39000,-39000
064072,康友永豐9C購01  ,0,0,0,0,0,0,0,0,0,-39000,0,0,0,273000,312000,-39000,-39000
5521,工信            ,90000,129000,-39000,0,0,0,0,0,0,0,0,0,0,0,0,0,-39000
4306,炎洲            ,55000,99000,-44000,0,0,0,0,0,0,5000,5000,0,5000,0,0,0,-39000
064973,智邦元大9C購06  ,0,0,0,0,0,0,0,0,0,-40000,0,0,0,38000,78000,-40000,-40000
065463,大立光中信01購02,0,0,0,0,0,0,0,0,0,-40000,0,0,0,0,40000,-40000,-40000
065349,玉晶光統一9C購05,0,0,0,0,0,0,0,0,0,-40000,0,0,0,0,40000,-40000,-40000
065291,日電貿群益01購01,0,0,0,0,0,0,0,0,0,-40000,0,0,0,0,40000,-40000,-40000
07216P,大立光凱基99售08,0,0,0,0,0,0,0,0,0,-40000,0,0,0,0,40000,-40000,-40000
07217P,大立光凱基9A售05,0,0,0,0,0,0,0,0,0,-40000,0,0,0,0,40000,-40000,-40000
07703P,玉晶光中信9B售03,0,0,0,0,0,0,0,0,0,-40000,0,0,0,0,40000,-40000,-40000
08213P,台光電統一9B售03,0,0,0,0,0,0,0,0,0,-40000,0,0,0,0,40000,-40000,-40000
07979P,大立光凱基9B售05,0,0,0,0,0,0,0,0,0,-40000,0,0,0,0,40000,-40000,-40000
07929P,旺宏統一9B售07  ,0,0,0,0,0,0,0,0,0,-40000,0,0,0,0,40000,-40000,-40000
08429P,台達電凱基9C售01,0,0,0,0,0,0,0,0,0,-40000,0,0,0,20000,60000,-40000,-40000
3209,全科            ,48000,88000,-40000,0,0,0,0,0,0,0,0,0,0,0,0,0,-40000
057757,鴻海凱基98購13  ,0,0,0,0,0,0,0,0,0,-40000,0,0,0,33000,73000,-40000,-40000
056723,國巨中信9A購01  ,0,0,0,0,0,0,0,0,0,-40000,0,0,0,43000,83000,-40000,-40000
053256,上銀富邦98購01  ,0,0,0,0,0,0,0,0,0,-40000,0,0,0,0,40000,-40000,-40000
054565,玉晶光群益99購02,0,0,0,0,0,0,0,0,0,-40000,0,0,0,35000,75000,-40000,-40000
055956,瑞昱元大97購05  ,0,0,0,0,0,0,0,0,0,-40000,0,0,0,6000,46000,-40000,-40000
03649C,T50反1凱基99牛05,0,0,0,0,0,0,0,0,0,-40000,0,0,0,0,40000,-40000,-40000
060705,台光電富邦9B購01,0,0,0,0,0,0,0,0,0,-40000,0,0,0,0,40000,-40000,-40000
060114,緯穎元大99購10  ,0,0,0,0,0,0,0,0,0,-40000,0,0,0,0,40000,-40000,-40000
058343,台積電群益99購02,0,0,0,0,0,0,0,0,0,-40000,0,0,0,3000,43000,-40000,-40000
058477,億光凱基9A購01  ,0,0,0,0,0,0,0,0,0,-40000,0,0,0,0,40000,-40000,-40000
060876,國巨中信9A購04  ,0,0,0,0,0,0,0,0,0,-40000,0,0,0,5000,45000,-40000,-40000
060880,中壽中信9C購01  ,0,0,0,0,0,0,0,0,0,-40000,0,0,0,0,40000,-40000,-40000
059288,旺宏元富99購03  ,0,0,0,0,0,0,0,0,0,-40000,0,0,0,0,40000,-40000,-40000
059107,南茂國泰9A購01  ,0,0,0,0,0,0,0,0,0,-40000,0,0,0,4000,44000,-40000,-40000
062045,崇越凱基9B購01  ,0,0,0,0,0,0,0,0,0,-40000,0,0,0,0,40000,-40000,-40000
063914,和碩凱基9C購01  ,0,0,0,0,0,0,0,0,0,-40000,0,0,0,23000,63000,-40000,-40000
063931,牧德統一01購02  ,0,0,0,0,0,0,0,0,0,-40000,0,0,0,0,40000,-40000,-40000
063880,可成元富9C購01  ,0,0,0,0,0,0,0,0,0,-40000,0,0,0,13000,53000,-40000,-40000
064752,台達電凱基01購01,0,0,0,0,0,0,0,0,0,-40000,0,0,0,103000,143000,-40000,-40000
064677,金像電兆豐9C購01,0,0,0,0,0,0,0,0,0,-40000,0,0,0,3000,43000,-40000,-40000
064277,可成元大9C購04  ,0,0,0,0,0,0,0,0,0,-40000,0,0,0,9000,49000,-40000,-40000
064334,可成元大01購01  ,0,0,0,0,0,0,0,0,0,-40000,0,0,0,37000,77000,-40000,-40000
063340,英業達統一9B購01,0,0,0,0,0,0,0,0,0,-40000,0,0,0,18000,58000,-40000,-40000
063083,聯發科凱基01購02,0,0,0,0,0,0,0,0,0,-40000,0,0,0,10000,50000,-40000,-40000
062979,茂林元富9B購01  ,0,0,0,0,0,0,0,0,0,-40000,0,0,0,20000,60000,-40000,-40000
062616,玉晶光元大9C購06,0,0,0,0,0,0,0,0,0,-40000,0,0,0,70000,110000,-40000,-40000
062648,聯茂富邦9B購01  ,0,0,0,0,0,0,0,0,0,-40000,0,0,0,0,40000,-40000,-40000
062895,道瓊銀元大9C購01,0,0,0,0,0,0,0,0,0,-40000,0,0,0,0,40000,-40000,-40000
062485,華通國泰01購01  ,0,0,0,0,0,0,0,0,0,-40000,0,0,0,20000,60000,-40000,-40000
062409,巨大永豐9B購02  ,0,0,0,0,0,0,0,0,0,-40000,0,0,0,30000,70000,-40000,-40000
08246P,亞德客群益01售01,0,0,0,0,0,0,0,0,0,-41000,0,0,0,30000,71000,-41000,-41000
065343,智邦統一01購03  ,0,0,0,0,0,0,0,0,0,-41000,0,0,0,35000,76000,-41000,-41000
065477,健鼎元大9C購03  ,0,0,0,0,0,0,0,0,0,-41000,0,0,0,0,41000,-41000,-41000
065098,致伸元大9C購02  ,0,0,0,0,0,0,0,0,0,-41000,0,0,0,102000,143000,-41000,-41000
054811,裕隆元大9A購01  ,0,0,0,0,0,0,0,0,0,-41000,0,0,0,0,41000,-41000,-41000
057736,鴻海富邦99購04  ,0,0,0,0,0,0,0,0,0,-41000,0,0,0,30000,71000,-41000,-41000
061650,南電元大9A購07  ,0,0,0,0,0,0,0,0,0,-41000,0,0,0,68000,109000,-41000,-41000
057919,技嘉凱基98購03  ,0,0,0,0,0,0,0,0,0,-41000,0,0,0,17000,58000,-41000,-41000
062284,華擎群益9C購03  ,0,0,0,0,0,0,0,0,0,-41000,0,0,0,20000,61000,-41000,-41000
061957,上銀統一01購01  ,0,0,0,0,0,0,0,0,0,-41000,0,0,0,1000,42000,-41000,-41000
059123,訊芯永豐99購03  ,0,0,0,0,0,0,0,0,0,-41000,0,0,0,0,41000,-41000,-41000
059939,技嘉永豐99購01  ,0,0,0,0,0,0,0,0,0,-41000,0,0,0,32000,73000,-41000,-41000
060660,國巨凱基9B購04  ,0,0,0,0,0,0,0,0,0,-41000,0,0,0,1000,42000,-41000,-41000
060826,牧德元大9B購02  ,0,0,0,0,0,0,0,0,0,-41000,0,0,0,200000,241000,-41000,-41000
060754,華通元大9A購04  ,0,0,0,0,0,0,0,0,0,-41000,0,0,0,51000,92000,-41000,-41000
064418,鴻海兆豐01購02  ,0,0,0,0,0,0,0,0,0,-41000,0,0,0,0,41000,-41000,-41000
064412,緯穎凱基01購01  ,0,0,0,0,0,0,0,0,0,-41000,0,0,0,9000,50000,-41000,-41000
064591,臻鼎永豐9C購01  ,0,0,0,0,0,0,0,0,0,-41000,0,0,0,0,41000,-41000,-41000
063731,台積電元大9B購10,0,0,0,0,0,0,0,0,0,-41000,0,0,0,313000,354000,-41000,-41000
065036,世芯統一02購02  ,0,0,0,0,0,0,0,0,0,-42000,0,0,0,112000,154000,-42000,-42000
08355P,智邦元大9C售03  ,0,0,0,0,0,0,0,0,0,-42000,0,0,0,62000,104000,-42000,-42000
2527,宏璟            ,27000,69000,-42000,0,0,0,0,0,0,0,0,0,0,0,0,0,-42000
056891,國巨元大99購03  ,0,0,0,0,0,0,0,0,0,-42000,0,0,0,107000,149000,-42000,-42000
057629,泰碩永豐98購02  ,0,0,0,0,0,0,0,0,0,-42000,0,0,0,44000,86000,-42000,-42000
056512,易華電永豐98購01,0,0,0,0,0,0,0,0,0,-42000,0,0,0,8000,50000,-42000,-42000
056544,貿聯凱基98購03  ,0,0,0,0,0,0,0,0,0,-42000,0,0,0,8000,50000,-42000,-42000
057096,緯穎元富98購01  ,0,0,0,0,0,0,0,0,0,-42000,0,0,0,35000,77000,-42000,-42000
060757,台積電元大9A購18,0,0,0,0,0,0,0,0,0,-42000,0,0,0,68000,110000,-42000,-42000
060697,鴻海國泰9C購01  ,0,0,0,0,0,0,0,0,0,-42000,0,0,0,43000,85000,-42000,-42000
058344,旺宏群益99購05  ,0,0,0,0,0,0,0,0,0,-42000,0,0,0,0,42000,-42000,-42000
058581,大立光群益99購05,0,0,0,0,0,0,0,0,0,-42000,0,0,0,56000,98000,-42000,-42000
062407,同欣電永豐9B購01,0,0,0,0,0,0,0,0,0,-42000,0,0,0,3000,45000,-42000,-42000
062707,致伸元大9B購01  ,0,0,0,0,0,0,0,0,0,-42000,0,0,0,25000,67000,-42000,-42000
063213,智伸科國票9C購01,0,0,0,0,0,0,0,0,0,-42000,0,0,0,162000,204000,-42000,-42000
2707,晶華            ,126000,30000,96000,0,0,0,0,138000,-138000,-1000,0,1000,-1000,0,0,0,-43000
065004,瑞昱國票01購02  ,0,0,0,0,0,0,0,0,0,-43000,0,0,0,2000,45000,-43000,-43000
057071,華擎永豐98購02  ,0,0,0,0,0,0,0,0,0,-43000,0,0,0,51000,94000,-43000,-43000
056590,樺漢統一9A購01  ,0,0,0,0,0,0,0,0,0,-43000,0,0,0,20000,63000,-43000,-43000
056214,義隆國票99購01  ,0,0,0,0,0,0,0,0,0,-43000,0,0,0,10000,53000,-43000,-43000
057376,新日興元大98購04,0,0,0,0,0,0,0,0,0,-43000,0,0,0,7000,50000,-43000,-43000
020015,統一MSCI美低波N ,0,0,0,0,0,0,0,0,0,-43000,0,0,0,280000,323000,-43000,-43000
058352,鴻海凱基9A購05  ,0,0,0,0,0,0,0,0,0,-43000,0,0,0,39000,82000,-43000,-43000
059765,嘉聯益永豐99購02,0,0,0,0,0,0,0,0,0,-43000,0,0,0,38000,81000,-43000,-43000
060199,台郡元富9A購01  ,0,0,0,0,0,0,0,0,0,-43000,0,0,0,0,43000,-43000,-43000
059360,全新永豐99購02  ,0,0,0,0,0,0,0,0,0,-43000,0,0,0,44000,87000,-43000,-43000
060884,超眾中信9B購01  ,0,0,0,0,0,0,0,0,0,-43000,0,0,0,95000,138000,-43000,-43000
062318,台郡凱基9B購01  ,0,0,0,0,0,0,0,0,0,-43000,0,0,0,20000,63000,-43000,-43000
062320,南電凱基9B購03  ,0,0,0,0,0,0,0,0,0,-43000,0,0,0,9000,52000,-43000,-43000
060513,緯穎元大9B購01  ,0,0,0,0,0,0,0,0,0,-43000,0,0,0,60000,103000,-43000,-43000
058143,瑞儀元大99購02  ,0,0,0,0,0,0,0,0,0,-43000,0,0,0,0,43000,-43000,-43000
061723,嘉聯益永豐9A購03,0,0,0,0,0,0,0,0,0,-43000,0,0,0,7000,50000,-43000,-43000
062498,華通群益9C購04  ,0,0,0,0,0,0,0,0,0,-43000,0,0,0,20000,63000,-43000,-43000
063872,嘉聯益永豐9C購01,0,0,0,0,0,0,0,0,0,-43000,0,0,0,68000,111000,-43000,-43000
064153,中壽統一9C購01  ,0,0,0,0,0,0,0,0,0,-43000,0,0,0,0,43000,-43000,-43000
064799,裕隆元大9C購02  ,0,0,0,0,0,0,0,0,0,-43000,0,0,0,25000,68000,-43000,-43000
064988,志超元大9C購01  ,0,0,0,0,0,0,0,0,0,-44000,0,0,0,56000,100000,-44000,-44000
07577P,華新科元大9A售09,0,0,0,0,0,0,0,0,0,-44000,0,0,0,0,44000,-44000,-44000
3312,弘憶股          ,21000,65000,-44000,0,0,0,0,0,0,0,0,0,0,0,0,0,-44000
2228,劍麟            ,16000,72000,-56000,0,0,0,15000,0,15000,-3000,0,0,0,0,3000,-3000,-44000
08347P,大立光元大9C售16,0,0,0,0,0,0,0,0,0,-44000,0,0,0,0,44000,-44000,-44000
07993P,寶成群益9B售01  ,0,0,0,0,0,0,0,0,0,-44000,0,0,0,28000,72000,-44000,-44000
03447B,臺股指凱基9B熊16,0,0,0,0,0,0,0,0,0,-44000,0,0,0,1035000,1079000,-44000,-44000
057650,力成元大98購04  ,0,0,0,0,0,0,0,0,0,-44000,0,0,0,10000,54000,-44000,-44000
060338,鴻海統一9C購02  ,0,0,0,0,0,0,0,0,0,-44000,0,0,0,47000,91000,-44000,-44000
060059,鴻海兆豐99購06  ,0,0,0,0,0,0,0,0,0,-44000,0,0,0,0,44000,-44000,-44000
063988,華通永豐9C購01  ,0,0,0,0,0,0,0,0,0,-44000,0,0,0,1000,45000,-44000,-44000
062801,宏達電統一01購01,0,0,0,0,0,0,0,0,0,-44000,0,0,0,19000,63000,-44000,-44000
063319,神達群益9B購01  ,0,0,0,0,0,0,0,0,0,-44000,0,0,0,54000,98000,-44000,-44000
6491,晶碩            ,37000,81000,-44000,0,0,0,0,0,0,0,0,0,0,0,0,0,-44000
4935,茂林-KY         ,493000,618612,-125612,0,0,0,105000,0,105000,-24000,57000,45000,12000,19000,55000,-36000,-44612
08169P,台光電群益9B售04,0,0,0,0,0,0,0,0,0,-45000,0,0,0,287000,332000,-45000,-45000
08530P,鴻海統一9C售19  ,0,0,0,0,0,0,0,0,0,-45000,0,0,0,0,45000,-45000,-45000
07821P,臺股指國票9A售12,0,0,0,0,0,0,0,0,0,-45000,0,0,0,75000,120000,-45000,-45000
07838P,泰碩元大9A售04  ,0,0,0,0,0,0,0,0,0,-45000,0,0,0,156000,201000,-45000,-45000
07049P,聯發科中信99售03,0,0,0,0,0,0,0,0,0,-45000,0,0,0,0,45000,-45000,-45000
064996,T50反1國票01購03,0,0,0,0,0,0,0,0,0,-45000,0,0,0,0,45000,-45000,-45000
065258,華邦電元大01購01,0,0,0,0,0,0,0,0,0,-45000,0,0,0,46000,91000,-45000,-45000
057690,美律凱基99購03  ,0,0,0,0,0,0,0,0,0,-45000,0,0,0,49000,94000,-45000,-45000
056617,美律永豐98購01  ,0,0,0,0,0,0,0,0,0,-45000,0,0,0,0,45000,-45000,-45000
057330,台積電國票99購03,0,0,0,0,0,0,0,0,0,-45000,0,0,0,15000,60000,-45000,-45000
061253,臺股指群益9A購04,0,0,0,0,0,0,0,0,0,-45000,0,0,0,0,45000,-45000,-45000
061463,智邦群益9A購02  ,0,0,0,0,0,0,0,0,0,-45000,0,0,0,25000,70000,-45000,-45000
052203,T50反1中信99購03,0,0,0,0,0,0,0,0,0,-45000,0,0,0,30000,75000,-45000,-45000
052893,聯電群益98購01  ,0,0,0,0,0,0,0,0,0,-45000,0,0,0,5000,50000,-45000,-45000
055958,台光電元大97購02,0,0,0,0,0,0,0,0,0,-45000,0,0,0,0,45000,-45000,-45000
059500,鴻海元富99購11  ,0,0,0,0,0,0,0,0,0,-45000,0,0,0,26000,71000,-45000,-45000
059613,泰鼎永豐99購02  ,0,0,0,0,0,0,0,0,0,-45000,0,0,0,5000,50000,-45000,-45000
058836,FBVIX中信03購05 ,0,0,0,0,0,0,0,0,0,-45000,0,0,0,11000,56000,-45000,-45000
060416,神隆永豐9A購01  ,0,0,0,0,0,0,0,0,0,-45000,0,0,0,80000,125000,-45000,-45000
059008,鈺齊元大99購03  ,0,0,0,0,0,0,0,0,0,-45000,0,0,0,34000,79000,-45000,-45000
062254,台光電元大9B購02,0,0,0,0,0,0,0,0,0,-45000,0,0,0,5000,50000,-45000,-45000
062925,建準國票9B購01  ,0,0,0,0,0,0,0,0,0,-45000,0,0,0,0,45000,-45000,-45000
062495,友達中信01購02  ,0,0,0,0,0,0,0,0,0,-45000,0,0,0,0,45000,-45000,-45000
062563,緯穎凱基9B購03  ,0,0,0,0,0,0,0,0,0,-45000,0,0,0,0,45000,-45000,-45000
063992,大立光中信9C購03,0,0,0,0,0,0,0,0,0,-45000,0,0,0,0,45000,-45000,-45000
064099,億光群益9C購01  ,0,0,0,0,0,0,0,0,0,-45000,0,0,0,8000,53000,-45000,-45000
063816,TPK群益9C購01   ,0,0,0,0,0,0,0,0,0,-45000,0,0,0,5000,50000,-45000,-45000
063630,智邦元大9B購09  ,0,0,0,0,0,0,0,0,0,-45000,0,0,0,104000,149000,-45000,-45000
064336,可成元大9C購06  ,0,0,0,0,0,0,0,0,0,-45000,0,0,0,0,45000,-45000,-45000
9188,精熙-DR         ,0,45000,-45000,0,0,0,0,0,0,0,0,0,0,0,0,0,-45000
08085P,華通凱基9B售04  ,0,0,0,0,0,0,0,0,0,-46000,0,0,0,227000,273000,-46000,-46000
057175,美律元大98購03  ,0,0,0,0,0,0,0,0,0,-46000,0,0,0,59000,105000,-46000,-46000
057774,台光電群益99購02,0,0,0,0,0,0,0,0,0,-46000,0,0,0,0,46000,-46000,-46000
062262,茂林元大9B購02  ,0,0,0,0,0,0,0,0,0,-46000,0,0,0,25000,71000,-46000,-46000
062307,華通凱基9C購01  ,0,0,0,0,0,0,0,0,0,-46000,0,0,0,7000,53000,-46000,-46000
061979,友達元大9C購08  ,0,0,0,0,0,0,0,0,0,-46000,0,0,0,4000,50000,-46000,-46000
062028,晶技群益9B購01  ,0,0,0,0,0,0,0,0,0,-46000,0,0,0,42000,88000,-46000,-46000
061775,臺指反國票9B購04,0,0,0,0,0,0,0,0,0,-46000,0,0,0,70000,116000,-46000,-46000
058248,聯茂元大99購05  ,0,0,0,0,0,0,0,0,0,-46000,0,0,0,0,46000,-46000,-46000
059452,全新永豐99購03  ,0,0,0,0,0,0,0,0,0,-46000,0,0,0,48000,94000,-46000,-46000
058792,鴻海元大99購18  ,0,0,0,0,0,0,0,0,0,-46000,0,0,0,27000,73000,-46000,-46000
061762,台塑元大9B購01  ,0,0,0,0,0,0,0,0,0,-46000,0,0,0,5000,51000,-46000,-46000
063393,華通群益9C購05  ,0,0,0,0,0,0,0,0,0,-46000,0,0,0,1000,47000,-46000,-46000
063364,聯發科富邦01購02,0,0,0,0,0,0,0,0,0,-46000,0,0,0,57000,103000,-46000,-46000
063601,金像電凱基01購01,0,0,0,0,0,0,0,0,0,-46000,0,0,0,4000,50000,-46000,-46000
063460,智邦元大9B購08  ,0,0,0,0,0,0,0,0,0,-46000,0,0,0,14000,60000,-46000,-46000
07867P,晶技元大9B售01  ,0,0,0,0,0,0,0,0,0,-47000,0,0,0,50000,97000,-47000,-47000
08373P,大立光凱基01售05,0,0,0,0,0,0,0,0,0,-47000,0,0,0,43000,90000,-47000,-47000
2062,橋椿            ,170000,216000,-46000,0,0,0,0,0,0,-1000,0,1000,-1000,0,0,0,-47000
06765P,欣興元大98售11  ,0,0,0,0,0,0,0,0,0,-47000,0,0,0,73000,120000,-47000,-47000
07303P,臺股指元大9A售36,0,0,0,0,0,0,0,0,0,-47000,0,0,0,80000,127000,-47000,-47000
057556,智易凱基99購01  ,0,0,0,0,0,0,0,0,0,-47000,0,0,0,1000,48000,-47000,-47000
057311,玉晶光日盛9A購01,0,0,0,0,0,0,0,0,0,-47000,0,0,0,21000,68000,-47000,-47000
057394,台積電中信9C購02,0,0,0,0,0,0,0,0,0,-47000,0,0,0,10000,57000,-47000,-47000
057543,華通凱基99購02  ,0,0,0,0,0,0,0,0,0,-47000,0,0,0,2000,49000,-47000,-47000
056301,開發金元大9A購01,0,0,0,0,0,0,0,0,0,-47000,0,0,0,172000,219000,-47000,-47000
060088,國巨元大99購30  ,0,0,0,0,0,0,0,0,0,-47000,0,0,0,1000,48000,-47000,-47000
059401,牧德元富99購01  ,0,0,0,0,0,0,0,0,0,-47000,0,0,0,0,47000,-47000,-47000
058763,和碩群益99購01  ,0,0,0,0,0,0,0,0,0,-47000,0,0,0,64000,111000,-47000,-47000
060433,億豐永豐9A購01  ,0,0,0,0,0,0,0,0,0,-47000,0,0,0,0,47000,-47000,-47000
063491,國巨富邦02購02  ,0,0,0,0,0,0,0,0,0,-47000,0,0,0,18000,65000,-47000,-47000
063417,金像電凱基9B購03,0,0,0,0,0,0,0,0,0,-47000,0,0,0,3000,50000,-47000,-47000
062976,嘉澤元富9B購01  ,0,0,0,0,0,0,0,0,0,-47000,0,0,0,96000,143000,-47000,-47000
062988,儒鴻群益9B購01  ,0,0,0,0,0,0,0,0,0,-47000,0,0,0,0,47000,-47000,-47000
063034,致茂凱基9B購01  ,0,0,0,0,0,0,0,0,0,-47000,0,0,0,20000,67000,-47000,-47000
9939,宏全            ,63000,119586,-56586,0,0,0,0,0,0,9000,4000,2000,2000,7000,0,7000,-47586
07318P,鴻海凱基01售02  ,0,0,0,0,0,0,0,0,0,-48000,0,0,0,37000,85000,-48000,-48000
07265P,大立光元大99售16,0,0,0,0,0,0,0,0,0,-48000,0,0,0,0,48000,-48000,-48000
065040,燿華凱基9C購01  ,0,0,0,0,0,0,0,0,0,-48000,0,0,0,22000,70000,-48000,-48000
2031,新光鋼          ,34000,82000,-48000,0,0,0,0,0,0,0,0,0,0,0,0,0,-48000
1473,台南            ,12000,60000,-48000,0,0,0,0,0,0,0,0,0,0,0,0,0,-48000
08061P,大毅國票9B售04  ,0,0,0,0,0,0,0,0,0,-48000,0,0,0,0,48000,-48000,-48000
08173P,金像電凱基9B售02,0,0,0,0,0,0,0,0,0,-48000,0,0,0,62000,110000,-48000,-48000
055182,京鼎統一98購01  ,0,0,0,0,0,0,0,0,0,-48000,0,0,0,0,48000,-48000,-48000
052764,景碩群益98購01  ,0,0,0,0,0,0,0,0,0,-48000,0,0,0,22000,70000,-48000,-48000
048270,T50反1富邦99購01,0,0,0,0,0,0,0,0,0,-48000,0,0,0,2000,50000,-48000,-48000
055353,華新科凱基98購03,0,0,0,0,0,0,0,0,0,-48000,0,0,0,1000,49000,-48000,-48000
057179,可成元大98購04  ,0,0,0,0,0,0,0,0,0,-48000,0,0,0,10000,58000,-48000,-48000
061430,致新元大9A購01  ,0,0,0,0,0,0,0,0,0,-48000,0,0,0,16000,64000,-48000,-48000
061678,玉晶光元大9B購04,0,0,0,0,0,0,0,0,0,-48000,0,0,0,45000,93000,-48000,-48000
056603,嘉聯益國泰9A購01,0,0,0,0,0,0,0,0,0,-48000,0,0,0,20000,68000,-48000,-48000
056578,智易元大99購02  ,0,0,0,0,0,0,0,0,0,-48000,0,0,0,9000,57000,-48000,-48000
058040,FBVIX元大98購01 ,0,0,0,0,0,0,0,0,0,-48000,0,0,0,2000,50000,-48000,-48000
058107,全新台新99購01  ,0,0,0,0,0,0,0,0,0,-48000,0,0,0,0,48000,-48000,-48000
061989,晶技元大9B購04  ,0,0,0,0,0,0,0,0,0,-48000,0,0,0,92000,140000,-48000,-48000
058802,矽創元大99購02  ,0,0,0,0,0,0,0,0,0,-48000,0,0,0,52000,100000,-48000,-48000
062733,巨大凱基9B購01  ,0,0,0,0,0,0,0,0,0,-48000,0,0,0,0,48000,-48000,-48000
064530,康控中信9C購01  ,0,0,0,0,0,0,0,0,0,-48000,0,0,0,0,48000,-48000,-48000
064720,長榮航統一02購01,0,0,0,0,0,0,0,0,0,-48000,0,0,0,0,48000,-48000,-48000
063727,鴻海元大9C購05  ,0,0,0,0,0,0,0,0,0,-48000,0,0,0,71000,119000,-48000,-48000
063708,上銀凱基9B購06  ,0,0,0,0,0,0,0,0,0,-48000,0,0,0,0,48000,-48000,-48000
063926,南亞科統一03購01,0,0,0,0,0,0,0,0,0,-48000,0,0,0,12000,60000,-48000,-48000
064086,旺宏凱基9C購01  ,0,0,0,0,0,0,0,0,0,-48000,0,0,0,0,48000,-48000,-48000
4942,嘉彰            ,4000,52000,-48000,0,0,0,0,0,0,0,0,0,0,0,0,0,-48000
2206,三陽工業        ,110000,159000,-49000,0,0,0,0,0,0,0,0,0,0,0,0,0,-49000
2375,凱美            ,131000,118000,13000,0,0,0,0,0,0,-62000,0,0,0,2000,64000,-62000,-49000
07543P,台積電凱基9A售17,0,0,0,0,0,0,0,0,0,-49000,0,0,0,1000,50000,-49000,-49000
057568,友訊永豐99購01  ,0,0,0,0,0,0,0,0,0,-49000,0,0,0,74000,123000,-49000,-49000
057770,亞德客群益98購01,0,0,0,0,0,0,0,0,0,-49000,0,0,0,30000,79000,-49000,-49000
057667,可成元大99購01  ,0,0,0,0,0,0,0,0,0,-49000,0,0,0,37000,86000,-49000,-49000
057674,台郡元大99購03  ,0,0,0,0,0,0,0,0,0,-49000,0,0,0,72000,121000,-49000,-49000
057836,南亞科國泰9A購01,0,0,0,0,0,0,0,0,0,-49000,0,0,0,103000,152000,-49000,-49000
057863,美律凱基9A購01  ,0,0,0,0,0,0,0,0,0,-49000,0,0,0,51000,100000,-49000,-49000
054357,可成兆豐97購02  ,0,0,0,0,0,0,0,0,0,-49000,0,0,0,31000,80000,-49000,-49000
055551,致茂凱基98購01  ,0,0,0,0,0,0,0,0,0,-49000,0,0,0,1000,50000,-49000,-49000
052888,台表科中信9A購01,0,0,0,0,0,0,0,0,0,-49000,0,0,0,10000,59000,-49000,-49000
056271,嘉澤統一97購01  ,0,0,0,0,0,0,0,0,0,-49000,0,0,0,0,49000,-49000,-49000
060235,瑞昱元大9A購01  ,0,0,0,0,0,0,0,0,0,-49000,0,0,0,8000,57000,-49000,-49000
058568,宏達電凱基9A購02,0,0,0,0,0,0,0,0,0,-49000,0,0,0,71000,120000,-49000,-49000
058546,玉晶光富邦9B購01,0,0,0,0,0,0,0,0,0,-49000,0,0,0,58000,107000,-49000,-49000
060420,神基永豐9A購01  ,0,0,0,0,0,0,0,0,0,-49000,0,0,0,0,49000,-49000,-49000
063998,聯發科兆豐9C購02,0,0,0,0,0,0,0,0,0,-49000,0,0,0,32000,81000,-49000,-49000
064228,同欣電國票01購01,0,0,0,0,0,0,0,0,0,-49000,0,0,0,23000,72000,-49000,-49000
064433,金像電凱基02購01,0,0,0,0,0,0,0,0,0,-49000,0,0,0,1000,50000,-49000,-49000
063008,華通元大9B購06  ,0,0,0,0,0,0,0,0,0,-49000,0,0,0,2000,51000,-49000,-49000
063137,瑞昱統一01購02  ,0,0,0,0,0,0,0,0,0,-49000,0,0,0,15000,64000,-49000,-49000
4720,德淵            ,28000,77000,-49000,0,0,0,0,0,0,0,0,0,0,0,0,0,-49000
07358P,鴻海元大99售39  ,0,0,0,0,0,0,0,0,0,-50000,0,0,0,0,50000,-50000,-50000
07362P,聯發科元大99售35,0,0,0,0,0,0,0,0,0,-50000,0,0,0,0,50000,-50000,-50000
07825P,健策國泰9B售04  ,0,0,0,0,0,0,0,0,0,-50000,0,0,0,0,50000,-50000,-50000
07734P,台積電富邦9C售10,0,0,0,0,0,0,0,0,0,-50000,0,0,0,0,50000,-50000,-50000
07660P,聯茂凱基9A售03  ,0,0,0,0,0,0,0,0,0,-50000,0,0,0,0,50000,-50000,-50000
07023P,南電永豐99售02  ,0,0,0,0,0,0,0,0,0,-50000,0,0,0,0,50000,-50000,-50000
065041,金像電凱基02購02,0,0,0,0,0,0,0,0,0,-50000,0,0,0,40000,90000,-50000,-50000
065104,南茂元大9C購02  ,0,0,0,0,0,0,0,0,0,-50000,0,0,0,0,50000,-50000,-50000
065126,世芯永豐9C購02  ,0,0,0,0,0,0,0,0,0,-50000,0,0,0,64000,114000,-50000,-50000
065053,南電凱基02購01  ,0,0,0,0,0,0,0,0,0,-50000,0,0,0,0,50000,-50000,-50000
065069,臺股指群益9C購17,0,0,0,0,0,0,0,0,0,-50000,0,0,0,0,50000,-50000,-50000
065259,燿華元大9C購05  ,0,0,0,0,0,0,0,0,0,-50000,0,0,0,23000,73000,-50000,-50000
065231,宏達電凱基01購01,0,0,0,0,0,0,0,0,0,-50000,0,0,0,74000,124000,-50000,-50000
065227,金像電凱基9C購01,0,0,0,0,0,0,0,0,0,-50000,0,0,0,0,50000,-50000,-50000
065393,旺宏群益9C購04  ,0,0,0,0,0,0,0,0,0,-50000,0,0,0,0,50000,-50000,-50000
065574,創意群益9C購04  ,0,0,0,0,0,0,0,0,0,-50000,0,0,0,0,50000,-50000,-50000
065586,嘉聯益富邦03購01,0,0,0,0,0,0,0,0,0,-50000,0,0,0,0,50000,-50000,-50000
2034,允強            ,8000,58000,-50000,0,0,0,0,0,0,0,0,0,0,0,0,0,-50000
2321,東訊            ,0,50000,-50000,0,0,0,0,0,0,0,0,0,0,0,0,0,-50000
08236P,國巨富邦03售01  ,0,0,0,0,0,0,0,0,0,-50000,0,0,0,0,50000,-50000,-50000
08071P,臺股指富邦9B售04,0,0,0,0,0,0,0,0,0,-50000,0,0,0,0,50000,-50000,-50000
07996P,亞德客凱基9B售03,0,0,0,0,0,0,0,0,0,-50000,0,0,0,11000,61000,-50000,-50000
08414P,超眾凱基9C售02  ,0,0,0,0,0,0,0,0,0,-50000,0,0,0,1000,51000,-50000,-50000
08437P,台郡群益9C售01  ,0,0,0,0,0,0,0,0,0,-50000,0,0,0,0,50000,-50000,-50000
08372P,大立光凱基01售04,0,0,0,0,0,0,0,0,0,-50000,0,0,0,40000,90000,-50000,-50000
053723,奇鋐凱基98購01  ,0,0,0,0,0,0,0,0,0,-50000,0,0,0,20000,70000,-50000,-50000
057542,上銀凱基99購01  ,0,0,0,0,0,0,0,0,0,-50000,0,0,0,0,50000,-50000,-50000
05593P,鴻海國票97售03  ,0,0,0,0,0,0,0,0,0,-50000,0,0,0,0,50000,-50000,-50000
054785,建準群益98購01  ,0,0,0,0,0,0,0,0,0,-50000,0,0,0,0,50000,-50000,-50000
052090,聯發科元大97購03,0,0,0,0,0,0,0,0,0,-50000,0,0,0,60000,110000,-50000,-50000
052234,GIS凱基97購01   ,0,0,0,0,0,0,0,0,0,-50000,0,0,0,0,50000,-50000,-50000
02001R,富邦蘋果反一N   ,0,0,0,0,0,0,0,0,0,-50000,0,0,0,0,50000,-50000,-50000
055245,凱美統一99購01  ,0,0,0,0,0,0,0,0,0,-50000,0,0,0,0,50000,-50000,-50000
049406,T50反1日盛97購01,0,0,0,0,0,0,0,0,0,-50000,0,0,0,0,50000,-50000,-50000
057884,華邦電群益98購02,0,0,0,0,0,0,0,0,0,-50000,0,0,0,0,50000,-50000,-50000
057931,正崴群益98購02  ,0,0,0,0,0,0,0,0,0,-50000,0,0,0,98000,148000,-50000,-50000
057368,微星元大98購02  ,0,0,0,0,0,0,0,0,0,-50000,0,0,0,0,50000,-50000,-50000
057733,嘉聯益國泰99購01,0,0,0,0,0,0,0,0,0,-50000,0,0,0,0,50000,-50000,-50000
056994,緯穎兆豐98購02  ,0,0,0,0,0,0,0,0,0,-50000,0,0,0,20000,70000,-50000,-50000
056146,台虹元大98購01  ,0,0,0,0,0,0,0,0,0,-50000,0,0,0,0,50000,-50000,-50000
056157,聯詠凱基97購03  ,0,0,0,0,0,0,0,0,0,-50000,0,0,0,0,50000,-50000,-50000
056671,台灣50元富9A購01,0,0,0,0,0,0,0,0,0,-50000,0,0,0,0,50000,-50000,-50000
056515,燿華兆豐99購01  ,0,0,0,0,0,0,0,0,0,-50000,0,0,0,0,50000,-50000,-50000
059063,康控凱基99購04  ,0,0,0,0,0,0,0,0,0,-50000,0,0,0,0,50000,-50000,-50000
058019,美律凱基99購04  ,0,0,0,0,0,0,0,0,0,-50000,0,0,0,0,50000,-50000,-50000
058086,鴻海元大98購14  ,0,0,0,0,0,0,0,0,0,-50000,0,0,0,54000,104000,-50000,-50000
062035,瑞祺群益9B購01  ,0,0,0,0,0,0,0,0,0,-50000,0,0,0,56000,106000,-50000,-50000
06190P,玉晶光永豐97售05,0,0,0,0,0,0,0,0,0,-50000,0,0,0,0,50000,-50000,-50000
062136,南亞科群益9B購01,0,0,0,0,0,0,0,0,0,-50000,0,0,0,0,50000,-50000,-50000
060505,友達元大9C購05  ,0,0,0,0,0,0,0,0,0,-50000,0,0,0,13000,63000,-50000,-50000
061868,旺宏元大9B購03  ,0,0,0,0,0,0,0,0,0,-50000,0,0,0,0,50000,-50000,-50000
061611,南六統一01購01  ,0,0,0,0,0,0,0,0,0,-50000,0,0,0,15000,65000,-50000,-50000
058320,華新科永豐99購02,0,0,0,0,0,0,0,0,0,-50000,0,0,0,0,50000,-50000,-50000
061038,TPK永豐9A購01   ,0,0,0,0,0,0,0,0,0,-50000,0,0,0,4000,54000,-50000,-50000
061064,可成凱基9B購02  ,0,0,0,0,0,0,0,0,0,-50000,0,0,0,2000,52000,-50000,-50000
061065,神基凱基9A購01  ,0,0,0,0,0,0,0,0,0,-50000,0,0,0,0,50000,-50000,-50000
060680,玉晶光元大9C購03,0,0,0,0,0,0,0,0,0,-50000,0,0,0,1000,51000,-50000,-50000
060721,瑞儀永豐9A購01  ,0,0,0,0,0,0,0,0,0,-50000,0,0,0,0,50000,-50000,-50000
058795,可成元大99購03  ,0,0,0,0,0,0,0,0,0,-50000,0,0,0,0,50000,-50000,-50000
059646,聯茂凱基99購06  ,0,0,0,0,0,0,0,0,0,-50000,0,0,0,0,50000,-50000,-50000
063016,微星元大9C購02  ,0,0,0,0,0,0,0,0,0,-50000,0,0,0,0,50000,-50000,-50000
063036,聯發科凱基9B購11,0,0,0,0,0,0,0,0,0,-50000,0,0,0,0,50000,-50000,-50000
063307,同欣電凱基9B購02,0,0,0,0,0,0,0,0,0,-50000,0,0,0,0,50000,-50000,-50000
062610,啟碁凱基9B購01  ,0,0,0,0,0,0,0,0,0,-50000,0,0,0,10000,60000,-50000,-50000
062182,華新科元大9B購07,0,0,0,0,0,0,0,0,0,-50000,0,0,0,0,50000,-50000,-50000
062524,鴻海統一9C購09  ,0,0,0,0,0,0,0,0,0,-50000,0,0,0,0,50000,-50000,-50000
062520,晶豪科元大9B購02,0,0,0,0,0,0,0,0,0,-50000,0,0,0,0,50000,-50000,-50000
064474,華新科麥證01購01,0,0,0,0,50000,-50000,0,0,0,-50000,0,0,0,0,50000,-50000,-50000
064561,友達群益9C購02  ,0,0,0,0,0,0,0,0,0,-50000,0,0,0,0,50000,-50000,-50000
064339,大立光元大01購01,0,0,0,0,0,0,0,0,0,-50000,0,0,0,0,50000,-50000,-50000
064369,彩晶統一01購01  ,0,0,0,0,0,0,0,0,0,-50000,0,0,0,0,50000,-50000,-50000
064777,南亞科群益9C購01,0,0,0,0,0,0,0,0,0,-50000,0,0,0,0,50000,-50000,-50000
064767,宏全凱基9C購01  ,0,0,0,0,0,0,0,0,0,-50000,0,0,0,0,50000,-50000,-50000
064758,可成凱基02購02  ,0,0,0,0,0,0,0,0,0,-50000,0,0,0,0,50000,-50000,-50000
064826,南亞科統一01購03,0,0,0,0,0,0,0,0,0,-50000,0,0,0,0,50000,-50000,-50000
064137,台泥統一02購01  ,0,0,0,0,0,0,0,0,0,-50000,0,0,0,10000,60000,-50000,-50000
06405P,億光元富97售02  ,0,0,0,0,0,0,0,0,0,-50000,0,0,0,0,50000,-50000,-50000
063817,GIS群益9C購01   ,0,0,0,0,0,0,0,0,0,-50000,0,0,0,50000,100000,-50000,-50000
063709,上銀凱基9B購07  ,0,0,0,0,0,0,0,0,0,-50000,0,0,0,0,50000,-50000,-50000
063748,台積電國票9C購05,0,0,0,0,0,0,0,0,0,-50000,0,0,0,30000,80000,-50000,-50000
063628,華通元大9B購09  ,0,0,0,0,0,0,0,0,0,-50000,0,0,0,2000,52000,-50000,-50000
063651,金像電台新9B購01,0,0,0,0,0,0,0,0,0,-50000,0,0,0,0,50000,-50000,-50000
08345P,大立光元大9C售14,0,0,0,0,0,0,0,0,0,-51000,0,0,0,0,51000,-51000,-51000
08571P,台積電兆豐9C售06,0,0,0,0,0,0,0,0,0,-51000,0,0,0,0,51000,-51000,-51000
2365,昆盈            ,8000,59000,-51000,0,0,0,0,0,0,0,0,0,0,0,0,0,-51000
3543,州巧            ,5000,56000,-51000,0,0,0,0,0,0,0,0,0,0,0,0,0,-51000
056478,晶技元大99購01  ,0,0,0,0,0,0,0,0,0,-51000,0,0,0,1000,52000,-51000,-51000
00656R,國泰中國A50反1  ,0,0,0,0,0,0,0,0,0,-51000,0,0,0,116000,167000,-51000,-51000
052863,友達凱基98購02  ,0,0,0,0,0,0,0,0,0,-51000,0,0,0,14000,65000,-51000,-51000
054710,東元元富97購01  ,0,0,0,0,0,0,0,0,0,-51000,0,0,0,0,51000,-51000,-51000
060033,臻鼎永豐99購01  ,0,0,0,0,0,0,0,0,0,-51000,0,0,0,13000,64000,-51000,-51000
060679,聯詠元大9A購04  ,0,0,0,0,0,0,0,0,0,-51000,0,0,0,31000,82000,-51000,-51000
059884,鴻海國票99購09  ,0,0,0,0,0,0,0,0,0,-51000,0,0,0,0,51000,-51000,-51000
062133,大成鋼群益9B購01,0,0,0,0,0,0,0,0,0,-51000,0,0,0,98000,149000,-51000,-51000
062096,神隆永豐9B購01  ,0,0,0,0,0,0,0,0,0,-51000,0,0,0,187000,238000,-51000,-51000
059295,大立光元富99購05,0,0,0,0,0,0,0,0,0,-51000,0,0,0,41000,92000,-51000,-51000
063883,超眾元富9C購02  ,0,0,0,0,0,0,0,0,0,-51000,0,0,0,231000,282000,-51000,-51000
063901,緯穎群益9C購01  ,0,0,0,0,0,0,0,0,0,-51000,0,0,0,105000,156000,-51000,-51000
063973,緯穎國票9C購01  ,0,0,0,0,0,0,0,0,0,-51000,0,0,0,137000,188000,-51000,-51000
064193,華新群益9C購01  ,0,0,0,0,0,0,0,0,0,-51000,0,0,0,0,51000,-51000,-51000
064408,TPK凱基02購01   ,0,0,0,0,0,0,0,0,0,-51000,0,0,0,54000,105000,-51000,-51000
064271,鴻海元大9C購08  ,0,0,0,0,0,0,0,0,0,-51000,0,0,0,1000,52000,-51000,-51000
064527,裕隆中信01購01  ,0,0,0,0,0,0,0,0,0,-51000,0,0,0,0,51000,-51000,-51000
064449,金寶統一01購02  ,0,0,0,0,0,0,0,0,0,-51000,0,0,0,60000,111000,-51000,-51000
064436,聯發科凱基03購02,0,0,0,0,0,0,0,0,0,-51000,0,0,0,0,51000,-51000,-51000
062200,臺指反國票03購01,0,0,0,0,0,0,0,0,0,-51000,0,0,0,50000,101000,-51000,-51000
062898,華通元大9B購05  ,0,0,0,0,0,0,0,0,0,-51000,0,0,0,7000,58000,-51000,-51000
063089,巨大凱基9C購01  ,0,0,0,0,0,0,0,0,0,-51000,0,0,0,39000,90000,-51000,-51000
063238,漢唐元大9B購02  ,0,0,0,0,0,0,0,0,0,-51000,0,0,0,0,51000,-51000,-51000
08514P,華新科凱基9C售05,0,0,0,0,0,0,0,0,0,-52000,0,0,0,107000,159000,-52000,-52000
08054P,臺股指國票9B售19,0,0,0,0,0,0,0,0,0,-52000,0,0,0,20000,72000,-52000,-52000
08147P,聯發科群益9B售10,0,0,0,0,0,0,0,0,0,-52000,0,0,0,40000,92000,-52000,-52000
07027P,台積電群益99售04,0,0,0,0,0,0,0,0,0,-52000,0,0,0,24000,76000,-52000,-52000
07765P,台積電群益9A售06,0,0,0,0,0,0,0,0,0,-52000,0,0,0,10000,62000,-52000,-52000
054111,緯穎凱基97購01  ,0,0,0,0,0,0,0,0,0,-52000,0,0,0,0,52000,-52000,-52000
055850,聯詠元大97購06  ,0,0,0,0,0,0,0,0,0,-52000,0,0,0,2000,54000,-52000,-52000
053770,元金2X元大98購01,0,0,0,0,0,0,0,0,0,-52000,0,0,0,100000,152000,-52000,-52000
056794,上銀麥證98購01  ,0,0,0,0,52000,-52000,0,0,0,-52000,0,0,0,0,52000,-52000,-52000
060304,大立光富邦9C購05,0,0,0,0,0,0,0,0,0,-52000,0,0,0,0,52000,-52000,-52000
062132,神隆群益9B購01  ,0,0,0,0,0,0,0,0,0,-52000,0,0,0,62000,114000,-52000,-52000
058122,美律國票9A購01  ,0,0,0,0,0,0,0,0,0,-52000,0,0,0,35000,87000,-52000,-52000
059403,T50反1台新03購03,0,0,0,0,0,0,0,0,0,-52000,0,0,0,0,52000,-52000,-52000
8033,雷虎            ,23000,75000,-52000,0,0,0,0,0,0,0,0,0,0,0,0,0,-52000
065391,和大群益01購03  ,0,0,0,0,0,0,0,0,0,-53000,0,0,0,100000,153000,-53000,-53000
056770,國產元大98購02  ,0,0,0,0,0,0,0,0,0,-53000,0,0,0,40000,93000,-53000,-53000
057119,微星康和98購01  ,0,0,0,0,0,0,0,0,0,-53000,0,0,0,31000,84000,-53000,-53000
056951,牧德統一99購01  ,0,0,0,0,0,0,0,0,0,-53000,0,0,0,0,53000,-53000,-53000
061492,超眾兆豐9B購01  ,0,0,0,0,0,0,0,0,0,-53000,0,0,0,0,53000,-53000,-53000
060604,宏達電凱基9B購01,0,0,0,0,0,0,0,0,0,-53000,0,0,0,174000,227000,-53000,-53000
06326P,鴻海中信01售01  ,0,0,0,0,0,0,0,0,0,-53000,0,0,0,122000,175000,-53000,-53000
063418,京元電凱基9B購03,0,0,0,0,0,0,0,0,0,-53000,0,0,0,0,53000,-53000,-53000
064547,宏達電凱基9C購01,0,0,0,0,0,0,0,0,0,-53000,0,0,0,86000,139000,-53000,-53000
064400,大成鋼凱基01購01,0,0,0,0,0,0,0,0,0,-53000,0,0,0,76000,129000,-53000,-53000
6177,達麗            ,34000,87000,-53000,0,0,0,0,0,0,0,0,0,0,0,0,0,-53000
07527P,台灣50凱基9B售02,0,0,0,0,0,0,0,0,0,-54000,0,0,0,201000,255000,-54000,-54000
06782P,大立光元大99售07,0,0,0,0,0,0,0,0,0,-54000,0,0,0,0,54000,-54000,-54000
08122P,晶技國票9C售01  ,0,0,0,0,0,0,0,0,0,-54000,0,0,0,0,54000,-54000,-54000
08534P,玉晶光元富06售02,0,0,0,0,0,0,0,0,0,-54000,0,0,0,0,54000,-54000,-54000
057121,立積康和98購01  ,0,0,0,0,0,0,0,0,0,-54000,0,0,0,0,54000,-54000,-54000
056330,玉晶光國票99購03,0,0,0,0,0,0,0,0,0,-54000,0,0,0,11000,65000,-54000,-54000
057523,大成鋼元大99購01,0,0,0,0,0,0,0,0,0,-54000,0,0,0,0,54000,-54000,-54000
058249,緯穎元大99購04  ,0,0,0,0,0,0,0,0,0,-54000,0,0,0,27000,81000,-54000,-54000
059693,智原永豐99購01  ,0,0,0,0,0,0,0,0,0,-54000,0,0,0,63000,117000,-54000,-54000
059731,康控元大99購04  ,0,0,0,0,0,0,0,0,0,-54000,0,0,0,63000,117000,-54000,-54000
059959,訊芯康和99購01  ,0,0,0,0,0,0,0,0,0,-54000,0,0,0,10000,64000,-54000,-54000
2616,山隆            ,81000,136000,-55000,0,0,0,0,0,0,0,0,0,0,0,0,0,-55000
2441,超豐            ,100000,151000,-51000,0,0,0,0,1000,-1000,-3000,0,3000,-3000,0,0,0,-55000
07164P,臺股指群益99售15,0,0,0,0,0,0,0,0,0,-55000,0,0,0,62000,117000,-55000,-55000
055910,瑞昱凱基98購01  ,0,0,0,0,0,0,0,0,0,-55000,0,0,0,0,55000,-55000,-55000
056114,台達電群益97購02,0,0,0,0,0,0,0,0,0,-55000,0,0,0,5000,60000,-55000,-55000
054208,台積電國票97購07,0,0,0,0,0,0,0,0,0,-55000,0,0,0,30000,85000,-55000,-55000
058674,宏達電群益99購01,0,0,0,0,0,0,0,0,0,-55000,0,0,0,31000,86000,-55000,-55000
058342,鴻海群益9A購01  ,0,0,0,0,0,0,0,0,0,-55000,0,0,0,6000,61000,-55000,-55000
061010,上銀麥證9A購02  ,0,0,0,0,55000,-55000,0,0,0,-55000,0,0,0,0,55000,-55000,-55000
060665,康控凱基9A購01  ,0,0,0,0,0,0,0,0,0,-55000,0,0,0,0,55000,-55000,-55000
059537,大立光凱基99購09,0,0,0,0,0,0,0,0,0,-55000,0,0,0,0,55000,-55000,-55000
062047,緯穎凱基9B購01  ,0,0,0,0,0,0,0,0,0,-55000,0,0,0,35000,90000,-55000,-55000
064328,華通元大9C購04  ,0,0,0,0,0,0,0,0,0,-55000,0,0,0,5000,60000,-55000,-55000
064698,致伸群益9C購01  ,0,0,0,0,0,0,0,0,0,-55000,0,0,0,34000,89000,-55000,-55000
064569,群創群益9C購01  ,0,0,0,0,0,0,0,0,0,-55000,0,0,0,0,55000,-55000,-55000
064192,巨大中信9C購01  ,0,0,0,0,0,0,0,0,0,-55000,0,0,0,51000,106000,-55000,-55000
064046,聯發科統一9C購12,0,0,0,0,0,0,0,0,0,-55000,0,0,0,10000,65000,-55000,-55000
064080,宏達電中信06購01,0,0,0,0,0,0,0,0,0,-55000,0,0,0,0,55000,-55000,-55000
063830,智伸科國票01購01,0,0,0,0,0,0,0,0,0,-55000,0,0,0,0,55000,-55000,-55000
5607,遠雄港          ,37000,92000,-55000,0,0,0,0,0,0,0,0,0,0,0,0,0,-55000
065472,華新元大01購01  ,0,0,0,0,0,0,0,0,0,-56000,0,0,0,0,56000,-56000,-56000
065170,智邦元大9C購07  ,0,0,0,0,0,0,0,0,0,-56000,0,0,0,17000,73000,-56000,-56000
07957P,晶技群益9B售02  ,0,0,0,0,0,0,0,0,0,-56000,0,0,0,328000,384000,-56000,-56000
061423,廣達元大9A購01  ,0,0,0,0,0,0,0,0,0,-56000,0,0,0,157000,213000,-56000,-56000
061290,玉晶光統一01購04,0,0,0,0,0,0,0,0,0,-56000,0,0,0,33000,89000,-56000,-56000
061996,矽格元大9B購01  ,0,0,0,0,0,0,0,0,0,-56000,0,0,0,65000,121000,-56000,-56000
061003,南亞科兆豐9A購01,0,0,0,0,0,0,0,0,0,-56000,0,0,0,0,56000,-56000,-56000
060956,超眾群益9A購01  ,0,0,0,0,0,0,0,0,0,-56000,0,0,0,40000,96000,-56000,-56000
064020,華通元大01購01  ,0,0,0,0,0,0,0,0,0,-56000,0,0,0,0,56000,-56000,-56000
064759,景碩凱基9C購01  ,0,0,0,0,0,0,0,0,0,-56000,0,0,0,67000,123000,-56000,-56000
062156,美律凱基9B購01  ,0,0,0,0,0,0,0,0,0,-56000,0,0,0,30000,86000,-56000,-56000
6226,光鼎            ,79000,135000,-56000,0,0,0,0,0,0,0,0,0,0,0,0,0,-56000
08230P,台表科國票9C售03,0,0,0,0,0,0,0,0,0,-57000,0,0,0,0,57000,-57000,-57000
1809,中釉            ,12000,69000,-57000,0,0,0,0,0,0,0,0,0,0,0,0,0,-57000
2816,旺旺保          ,27000,84000,-57000,0,0,0,0,0,0,0,0,0,0,0,0,0,-57000
065136,正隆凱基9C購01  ,0,0,0,0,0,0,0,0,0,-57000,0,0,0,0,57000,-57000,-57000
056442,瑞昱凱基98購02  ,0,0,0,0,0,0,0,0,0,-57000,0,0,0,0,57000,-57000,-57000
053340,建準國票97購01  ,0,0,0,0,0,0,0,0,0,-57000,0,0,0,0,57000,-57000,-57000
055153,台光電元大98購02,0,0,0,0,0,0,0,0,0,-57000,0,0,0,1000,58000,-57000,-57000
058687,聯茂凱基9A購01  ,0,0,0,0,0,0,0,0,0,-57000,0,0,0,0,57000,-57000,-57000
059650,緯穎凱基99購04  ,0,0,0,0,0,0,0,0,0,-57000,0,0,0,0,57000,-57000,-57000
062215,華通統一9B購01  ,0,0,0,0,0,0,0,0,0,-57000,0,0,0,352000,409000,-57000,-57000
063414,鴻海凱基03購01  ,0,0,0,0,0,0,0,0,0,-57000,0,0,0,3000,60000,-57000,-57000
064755,南亞科凱基01購02,0,0,0,0,0,0,0,0,0,-57000,0,0,0,8000,65000,-57000,-57000
064814,祥碩元大9C購06  ,0,0,0,0,0,0,0,0,0,-57000,0,0,0,90000,147000,-57000,-57000
063945,京元電元大9C購01,0,0,0,0,0,0,0,0,0,-57000,0,0,0,231000,288000,-57000,-57000
06655P,TPK元大98售02   ,0,0,0,0,0,0,0,0,0,-58000,0,0,0,0,58000,-58000,-58000
08058P,華新科元大9B售10,0,0,0,0,0,0,0,0,0,-58000,0,0,0,0,58000,-58000,-58000
053396,漢唐中信9A購01  ,0,0,0,0,0,0,0,0,0,-58000,0,0,0,2000,60000,-58000,-58000
046375,友達凱基98購01  ,0,0,0,0,0,0,0,0,0,-58000,0,0,0,10000,68000,-58000,-58000
061772,健策元大9B購06  ,0,0,0,0,0,0,0,0,0,-58000,0,0,0,113000,171000,-58000,-58000
058207,南茂凱基99購01  ,0,0,0,0,0,0,0,0,0,-58000,0,0,0,0,58000,-58000,-58000
060657,旺宏統一9B購05  ,0,0,0,0,0,0,0,0,0,-58000,0,0,0,0,58000,-58000,-58000
058711,鴻海統一9A購02  ,0,0,0,0,0,0,0,0,0,-58000,0,0,0,0,58000,-58000,-58000
064091,台郡凱基01購01  ,0,0,0,0,0,0,0,0,0,-58000,0,0,0,30000,88000,-58000,-58000
064791,友達國票9C購01  ,0,0,0,0,0,0,0,0,0,-58000,0,0,0,0,58000,-58000,-58000
064663,鴻海元大9C購11  ,0,0,0,0,0,0,0,0,0,-58000,0,0,0,0,58000,-58000,-58000
06338P,亞德客統一97售02,0,0,0,0,0,0,0,0,0,-58000,0,0,0,2000,60000,-58000,-58000
063469,牧德元大9C購02  ,0,0,0,0,0,0,0,0,0,-58000,0,0,0,200000,258000,-58000,-58000
063292,致新元大9B購02  ,0,0,0,0,0,0,0,0,0,-58000,0,0,0,278000,336000,-58000,-58000
062427,嘉澤統一01購01  ,0,0,0,0,0,0,0,0,0,-58000,0,0,0,40000,98000,-58000,-58000
062807,和碩統一9B購01  ,0,0,0,0,0,0,0,0,0,-58000,0,0,0,49000,107000,-58000,-58000
07639P,緯穎國票9A售01  ,0,0,0,0,0,0,0,0,0,-59000,0,0,0,37000,96000,-59000,-59000
065456,義隆元富9C購03  ,0,0,0,0,0,0,0,0,0,-59000,0,0,0,0,59000,-59000,-59000
055639,上銀元富97購02  ,0,0,0,0,0,0,0,0,0,-59000,0,0,0,0,59000,-59000,-59000
057537,聯茂元大98購04  ,0,0,0,0,0,0,0,0,0,-59000,0,0,0,0,59000,-59000,-59000
057923,晶豪科凱基98購02,0,0,0,0,0,0,0,0,0,-59000,0,0,0,26000,85000,-59000,-59000
060244,大立光元大9B購02,0,0,0,0,0,0,0,0,0,-59000,0,0,0,0,59000,-59000,-59000
060290,興富發元大9C購01,0,0,0,0,0,0,0,0,0,-59000,0,0,0,0,59000,-59000,-59000
061859,勤誠國票9B購01  ,0,0,0,0,0,0,0,0,0,-59000,0,0,0,12000,71000,-59000,-59000
05888P,友達元大97售01  ,0,0,0,0,0,0,0,0,0,-59000,0,0,0,0,59000,-59000,-59000
063158,瑞昱台新9B購02  ,0,0,0,0,0,0,0,0,0,-59000,0,0,0,7000,66000,-59000,-59000
063042,同欣電凱基9C購01,0,0,0,0,0,0,0,0,0,-59000,0,0,0,1000,60000,-59000,-59000
062994,祥碩群益9B購05  ,0,0,0,0,0,0,0,0,0,-59000,0,0,0,2000,61000,-59000,-59000
063334,復盛國票9B購01  ,0,0,0,0,0,0,0,0,0,-59000,0,0,0,38000,97000,-59000,-59000
064098,正崴群益9C購01  ,0,0,0,0,0,0,0,0,0,-59000,0,0,0,38000,97000,-59000,-59000
065233,TPK凱基01購01   ,0,0,0,0,0,0,0,0,0,-60000,0,0,0,0,60000,-60000,-60000
065257,友訊元大01購01  ,0,0,0,0,0,0,0,0,0,-60000,0,0,0,0,60000,-60000,-60000
065013,矽創國泰02購01  ,0,0,0,0,0,0,0,0,0,-60000,0,0,0,0,60000,-60000,-60000
064958,GIS凱基02購03   ,0,0,0,0,0,0,0,0,0,-60000,0,0,0,0,60000,-60000,-60000
07756P,台灣50國票04售01,0,0,0,0,0,0,0,0,0,-60000,0,0,0,0,60000,-60000,-60000
08337P,台灣50凱基01售15,0,0,0,0,0,0,0,0,0,-60000,0,0,0,0,60000,-60000,-60000
2908,特力            ,12000,72000,-60000,0,0,0,0,0,0,0,0,0,0,0,0,0,-60000
061443,大立光統一9C購02,0,0,0,0,0,0,0,0,0,-60000,0,0,0,0,60000,-60000,-60000
056470,旺宏元大99購01  ,0,0,0,0,0,0,0,0,0,-60000,0,0,0,68000,128000,-60000,-60000
056385,創意國泰99購01  ,0,0,0,0,0,0,0,0,0,-60000,0,0,0,282000,342000,-60000,-60000
057102,亞光中信9A購01  ,0,0,0,0,0,0,0,0,0,-60000,0,0,0,0,60000,-60000,-60000
056710,漢唐永豐98購01  ,0,0,0,0,0,0,0,0,0,-60000,0,0,0,22000,82000,-60000,-60000
057498,台郡元大98購04  ,0,0,0,0,0,0,0,0,0,-60000,0,0,0,8000,68000,-60000,-60000
056002,嘉晶永豐97購01  ,0,0,0,0,0,0,0,0,0,-60000,0,0,0,0,60000,-60000,-60000
054576,健策元大98購03  ,0,0,0,0,0,0,0,0,0,-60000,0,0,0,6000,66000,-60000,-60000
058896,中環元大99購03  ,0,0,0,0,0,0,0,0,0,-60000,0,0,0,0,60000,-60000,-60000
059169,可成凱基99購04  ,0,0,0,0,0,0,0,0,0,-60000,0,0,0,1000,61000,-60000,-60000
062026,華邦電群益9B購01,0,0,0,0,0,0,0,0,0,-60000,0,0,0,1000,61000,-60000,-60000
059636,宏達電凱基99購05,0,0,0,0,0,0,0,0,0,-60000,0,0,0,2000,62000,-60000,-60000
059630,美律凱基99購07  ,0,0,0,0,0,0,0,0,0,-60000,0,0,0,0,60000,-60000,-60000
064243,TPK統一02購02   ,0,0,0,0,0,0,0,0,0,-60000,0,0,0,10000,70000,-60000,-60000
064156,大立光統一01購06,0,0,0,0,0,0,0,0,0,-60000,0,0,0,0,60000,-60000,-60000
063643,臻鼎元大9B購03  ,0,0,0,0,0,0,0,0,0,-60000,0,0,0,112000,172000,-60000,-60000
064817,鈺齊元大9C購02  ,0,0,0,0,0,0,0,0,0,-60000,0,0,0,0,60000,-60000,-60000
064281,大立光元大9C購12,0,0,0,0,0,0,0,0,0,-60000,0,0,0,0,60000,-60000,-60000
063310,和大群益9B購02  ,0,0,0,0,0,0,0,0,0,-60000,0,0,0,20000,80000,-60000,-60000
063442,金像電統一01購01,0,0,0,0,0,0,0,0,0,-60000,0,0,0,0,60000,-60000,-60000
063602,金像電凱基9B購04,0,0,0,0,0,0,0,0,0,-60000,0,0,0,88000,148000,-60000,-60000
063563,國巨元大9C購07  ,0,0,0,0,0,0,0,0,0,-60000,0,0,0,4000,64000,-60000,-60000
063088,緯穎凱基9B購04  ,0,0,0,0,0,0,0,0,0,-60000,0,0,0,10000,70000,-60000,-60000
063217,元金2X群益9B購03,0,0,0,0,0,0,0,0,0,-60000,0,0,0,0,60000,-60000,-60000
063290,GIS元大9B購02   ,0,0,0,0,0,0,0,0,0,-60000,0,0,0,47000,107000,-60000,-60000
063236,旺宏元大9B購07  ,0,0,0,0,0,0,0,0,0,-60000,0,0,0,0,60000,-60000,-60000
062719,微星凱基9B購01  ,0,0,0,0,0,0,0,0,0,-60000,0,0,0,16000,76000,-60000,-60000
062380,巨大元大9B購01  ,0,0,0,0,0,0,0,0,0,-60000,0,0,0,0,60000,-60000,-60000
1451,年興            ,9000,70000,-61000,0,0,0,0,0,0,0,0,0,0,0,0,0,-61000
064978,群創元大9C購07  ,0,0,0,0,0,0,0,0,0,-61000,0,0,0,10000,71000,-61000,-61000
065220,義隆富邦01購02  ,0,0,0,0,0,0,0,0,0,-61000,0,0,0,104000,165000,-61000,-61000
065466,台表科中信01購03,0,0,0,0,0,0,0,0,0,-61000,0,0,0,15000,76000,-61000,-61000
056268,新日興統一97購01,0,0,0,0,0,0,0,0,0,-61000,0,0,0,178000,239000,-61000,-61000
057569,光磊永豐98購03  ,0,0,0,0,0,0,0,0,0,-61000,0,0,0,0,61000,-61000,-61000
061626,超眾群益9A購02  ,0,0,0,0,0,0,0,0,0,-61000,0,0,0,9000,70000,-61000,-61000
061923,友達凱基9B購04  ,0,0,0,0,0,0,0,0,0,-61000,0,0,0,143000,204000,-61000,-61000
060640,京鼎永豐9A購01  ,0,0,0,0,0,0,0,0,0,-61000,0,0,0,184000,245000,-61000,-61000
060402,神隆國泰9B購01  ,0,0,0,0,0,0,0,0,0,-61000,0,0,0,156000,217000,-61000,-61000
062780,旺宏元大01購01  ,0,0,0,0,0,0,0,0,0,-61000,0,0,0,0,61000,-61000,-61000
1711,永光            ,42000,104000,-62000,0,0,0,0,0,0,0,0,0,0,0,0,0,-62000
055400,緯穎統一97購01  ,0,0,0,0,0,0,0,0,0,-62000,0,0,0,0,62000,-62000,-62000
059512,晶豪科永豐99購02,0,0,0,0,0,0,0,0,0,-62000,0,0,0,0,62000,-62000,-62000
061069,嘉聯益凱基9A購01,0,0,0,0,0,0,0,0,0,-62000,0,0,0,115000,177000,-62000,-62000
062602,華通麥證9C購01  ,0,0,0,3000,65000,-62000,0,0,0,-62000,0,0,0,3000,65000,-62000,-62000
063409,GIS國票9C購02   ,0,0,0,0,0,0,0,0,0,-62000,0,0,0,67000,129000,-62000,-62000
064651,GIS凱基9C購02   ,0,0,0,0,0,0,0,0,0,-62000,0,0,0,0,62000,-62000,-62000
08257P,台積電元大9C售04,0,0,0,0,0,0,0,0,0,-63000,0,0,0,0,63000,-63000,-63000
07208P,台積電凱基99售14,0,0,0,0,0,0,0,0,0,-63000,0,0,0,3000,66000,-63000,-63000
057915,台泥凱基98購01  ,0,0,0,0,0,0,0,0,0,-63000,0,0,0,0,63000,-63000,-63000
056366,玉晶光元大99購04,0,0,0,0,0,0,0,0,0,-63000,0,0,0,15000,78000,-63000,-63000
057636,上銀元大98購06  ,0,0,0,0,0,0,0,0,0,-63000,0,0,0,0,63000,-63000,-63000
059507,鴻海永豐99購03  ,0,0,0,0,0,0,0,0,0,-63000,0,0,0,10000,73000,-63000,-63000
059343,宏達電凱基99購04,0,0,0,0,0,0,0,0,0,-63000,0,0,0,82000,145000,-63000,-63000
060704,台積電富邦01購01,0,0,0,0,0,0,0,0,0,-63000,0,0,0,30000,93000,-63000,-63000
064394,全新永豐9C購02  ,0,0,0,0,0,0,0,0,0,-63000,0,0,0,0,63000,-63000,-63000
063478,GIS元大9B購03   ,0,0,0,0,0,0,0,0,0,-63000,0,0,0,48000,111000,-63000,-63000
063201,廣達統一01購01  ,0,0,0,0,0,0,0,0,0,-63000,0,0,0,184000,247000,-63000,-63000
2883,開發金          ,7927000,8242566,-315566,0,0,0,198000,26000,172000,80000,0,72000,-72000,532000,380000,152000,-63566
6278,台表科          ,2836000,2814840,21160,0,0,0,259000,185000,74000,-159000,32000,66000,-34000,21000,146000,-125000,-63840
07035P,大立光元富99售04,0,0,0,0,0,0,0,0,0,-64000,0,0,0,46000,110000,-64000,-64000
07579P,聯茂元大9A售01  ,0,0,0,0,0,0,0,0,0,-64000,0,0,0,95000,159000,-64000,-64000
056503,楠梓電永豐98購01,0,0,0,0,0,0,0,0,0,-64000,0,0,0,75000,139000,-64000,-64000
057445,華通元富02購01  ,0,0,0,0,0,0,0,0,0,-64000,0,0,0,0,64000,-64000,-64000
061110,超眾元大9A購03  ,0,0,0,0,0,0,0,0,0,-64000,0,0,0,96000,160000,-64000,-64000
059977,鴻海元大99購40  ,0,0,0,0,0,0,0,0,0,-64000,0,0,0,80000,144000,-64000,-64000
061187,瀚宇博國泰9C購01,0,0,0,0,0,0,0,0,0,-64000,0,0,0,226000,290000,-64000,-64000
061816,長榮航群益9B購02,0,0,0,0,0,0,0,0,0,-64000,0,0,0,0,64000,-64000,-64000
062089,矽創元大9B購02  ,0,0,0,0,0,0,0,0,0,-64000,0,0,0,43000,107000,-64000,-64000
063273,緯穎兆豐9C購01  ,0,0,0,0,0,0,0,0,0,-64000,0,0,0,18000,82000,-64000,-64000
062904,台光電元大9B購06,0,0,0,0,0,0,0,0,0,-64000,0,0,0,19000,83000,-64000,-64000
062176,元金2X元大9B購01,0,0,0,0,0,0,0,0,0,-64000,0,0,0,1000,65000,-64000,-64000
064588,玉晶光永豐9C購05,0,0,0,0,0,0,0,0,0,-64000,0,0,0,14000,78000,-64000,-64000
064191,聯發科中信03購01,0,0,0,0,0,0,0,0,0,-64000,0,0,0,92000,156000,-64000,-64000
06673P,大立光群益98售01,0,0,0,0,0,0,0,0,0,-65000,0,0,0,0,65000,-65000,-65000
08358P,大立光元大9C售18,0,0,0,0,0,0,0,0,0,-65000,0,0,0,50000,115000,-65000,-65000
056547,臻鼎凱基99購01  ,0,0,0,0,0,0,0,0,0,-65000,0,0,0,43000,108000,-65000,-65000
057105,致茂群益9A購01  ,0,0,0,0,0,0,0,0,0,-65000,0,0,0,42000,107000,-65000,-65000
057060,緯穎元大98購05  ,0,0,0,0,0,0,0,0,0,-65000,0,0,0,3000,68000,-65000,-65000
061942,亞德客群益9B購01,0,0,0,0,0,0,0,0,0,-65000,0,0,0,0,65000,-65000,-65000
058850,華新科群益99購03,0,0,0,0,0,0,0,0,0,-65000,0,0,0,0,65000,-65000,-65000
059024,大立光統一9B購04,0,0,0,0,0,0,0,0,0,-65000,0,0,0,0,65000,-65000,-65000
059870,全新凱基99購05  ,0,0,0,0,0,0,0,0,0,-65000,0,0,0,35000,100000,-65000,-65000
060752,上銀元大9A購04  ,0,0,0,0,0,0,0,0,0,-65000,0,0,0,0,65000,-65000,-65000
064856,GIS國泰02購01   ,0,0,0,0,0,0,0,0,0,-65000,0,0,0,97000,162000,-65000,-65000
064410,超眾凱基02購01  ,0,0,0,0,0,0,0,0,0,-65000,0,0,0,95000,160000,-65000,-65000
3048,益登            ,36000,99889,-63889,0,0,0,0,0,0,-2000,0,2000,-2000,0,0,0,-65889
08106P,聯發科統一9B售09,0,0,0,0,0,0,0,0,0,-66000,0,0,0,95000,161000,-66000,-66000
07424P,大立光元大9B售01,0,0,0,0,0,0,0,0,0,-66000,0,0,0,0,66000,-66000,-66000
065516,健鼎群益9C購02  ,0,0,0,0,0,0,0,0,0,-66000,0,0,0,0,66000,-66000,-66000
056543,京鼎凱基98購01  ,0,0,0,0,0,0,0,0,0,-66000,0,0,0,61000,127000,-66000,-66000
061458,臻鼎凱基9A購02  ,0,0,0,0,0,0,0,0,0,-66000,0,0,0,10000,76000,-66000,-66000
052542,友達元富98購01  ,0,0,0,0,0,0,0,0,0,-66000,0,0,0,115000,181000,-66000,-66000
056139,貿聯元大97購04  ,0,0,0,0,0,0,0,0,0,-66000,0,0,0,2000,68000,-66000,-66000
060674,瑞昱元大9A購03  ,0,0,0,0,0,0,0,0,0,-66000,0,0,0,2000,68000,-66000,-66000
061218,臺股指元大9A購55,0,0,0,0,0,0,0,0,0,-66000,0,0,0,0,66000,-66000,-66000
064393,友訊永豐9C購01  ,0,0,0,0,0,0,0,0,0,-66000,0,0,0,2000,68000,-66000,-66000
064554,儒鴻群益9C購01  ,0,0,0,0,0,0,0,0,0,-66000,0,0,0,12000,78000,-66000,-66000
064494,南亞科元大9C購02,0,0,0,0,0,0,0,0,0,-66000,0,0,0,44000,110000,-66000,-66000
065508,大成鋼群益01購01,0,0,0,0,0,0,0,0,0,-67000,0,0,0,0,67000,-67000,-67000
065316,大成鋼凱基9C購01,0,0,0,0,0,0,0,0,0,-67000,0,0,0,3000,70000,-67000,-67000
2104,國際中橡        ,139000,194000,-55000,0,0,0,0,0,0,-12000,0,6000,-6000,0,6000,-6000,-67000
055889,鴻海統一97購05  ,0,0,0,0,0,0,0,0,0,-67000,0,0,0,0,67000,-67000,-67000
054371,台積電中信9C購01,0,10000,-10000,0,0,0,0,0,0,-57000,0,0,0,446000,503000,-57000,-67000
061339,京元電元大9A購05,0,0,0,0,0,0,0,0,0,-67000,0,0,0,68000,135000,-67000,-67000
057306,玉晶光兆豐99購01,0,0,0,0,0,0,0,0,0,-67000,0,0,0,14000,81000,-67000,-67000
060327,美律群益9A購02  ,0,0,0,0,0,0,0,0,0,-67000,0,0,0,77000,144000,-67000,-67000
059814,SP黃豆凱基9A購02,0,0,0,0,0,0,0,0,0,-67000,0,0,0,0,67000,-67000,-67000
058648,聯陽永豐99購01  ,0,0,0,0,0,0,0,0,0,-67000,0,0,0,83000,150000,-67000,-67000
062416,和大統一01購02  ,0,0,0,0,0,0,0,0,0,-67000,0,0,0,98000,165000,-67000,-67000
4426,利勤            ,36000,100000,-64000,0,0,0,0,0,0,-3000,0,0,0,0,3000,-3000,-67000
08323P,華新科凱基9C售04,0,0,0,0,0,0,0,0,0,-68000,0,0,0,2000,70000,-68000,-68000
065283,台積電群益01購01,0,0,0,0,0,0,0,0,0,-68000,0,0,0,1000,69000,-68000,-68000
065080,燿華元大01購01  ,0,0,0,0,0,0,0,0,0,-68000,0,0,0,0,68000,-68000,-68000
065074,亞德客元大9C購03,0,0,0,0,0,0,0,0,0,-68000,0,0,0,5000,73000,-68000,-68000
056361,美律元大99購02  ,0,0,0,0,0,0,0,0,0,-68000,0,0,0,0,68000,-68000,-68000
057803,上銀元大98購08  ,0,0,0,0,0,0,0,0,0,-68000,0,0,0,0,68000,-68000,-68000
00783,富邦中証500     ,15000,30000,-15000,0,0,0,0,0,0,-53000,0,0,0,961000,1014000,-53000,-68000
057479,致茂元大98購03  ,0,0,0,0,0,0,0,0,0,-68000,0,0,0,0,68000,-68000,-68000
053875,GIS元大97購01   ,0,0,0,0,0,0,0,0,0,-68000,0,0,0,0,68000,-68000,-68000
061005,可成兆豐9A購01  ,0,0,0,0,0,0,0,0,0,-68000,0,0,0,18000,86000,-68000,-68000
058705,長榮航元大99購01,0,0,0,0,0,0,0,0,0,-68000,0,0,0,0,68000,-68000,-68000
060019,彰銀康和99購01  ,0,0,0,0,0,0,0,0,0,-68000,0,0,0,0,68000,-68000,-68000
059060,大立光凱基9A購03,0,0,0,0,0,0,0,0,0,-68000,0,0,0,0,68000,-68000,-68000
058263,大成鋼永豐99購01,0,0,0,0,0,0,0,0,0,-68000,0,0,0,0,68000,-68000,-68000
059174,訊芯凱基99購01  ,0,0,0,0,0,0,0,0,0,-68000,0,0,0,60000,128000,-68000,-68000
062876,全新兆豐9B購01  ,0,0,0,0,0,0,0,0,0,-68000,0,0,0,0,68000,-68000,-68000
062850,友訊永豐9B購01  ,0,0,0,0,0,0,0,0,0,-68000,0,0,0,179000,247000,-68000,-68000
063140,聯發科統一9B購08,0,0,0,0,0,0,0,0,0,-68000,0,0,0,19000,87000,-68000,-68000
063350,台表科統一02購02,0,0,0,0,0,0,0,0,0,-68000,0,0,0,20000,88000,-68000,-68000
064831,宏達電統一02購01,0,0,0,0,0,0,0,0,0,-68000,0,0,0,83000,151000,-68000,-68000
064664,微星元大9C購04  ,0,0,0,0,0,0,0,0,0,-68000,0,0,0,1000,69000,-68000,-68000
064187,亞光永豐9C購01  ,0,0,0,0,0,0,0,0,0,-68000,0,0,0,0,68000,-68000,-68000
064119,上銀元大9C購06  ,0,0,0,0,0,0,0,0,0,-68000,0,0,0,0,68000,-68000,-68000
063627,上銀元大9B購09  ,0,0,0,0,0,0,0,0,0,-68000,0,0,0,0,68000,-68000,-68000
063937,上銀元大9C購02  ,0,0,0,0,0,0,0,0,0,-68000,0,0,0,0,68000,-68000,-68000
063939,上銀元大9C購04  ,0,0,0,0,0,0,0,0,0,-68000,0,0,0,0,68000,-68000,-68000
064937,英業達元富9C購01,0,0,0,0,0,0,0,0,0,-69000,0,0,0,92000,161000,-69000,-69000
08487P,同欣電群益01售01,0,0,0,0,0,0,0,0,0,-69000,0,0,0,36000,105000,-69000,-69000
07958P,華擎群益9B售01  ,0,0,0,0,0,0,0,0,0,-69000,0,0,0,130000,199000,-69000,-69000
07856P,力成凱基9A售02  ,0,0,0,0,0,0,0,0,0,-69000,0,0,0,1000,70000,-69000,-69000
054874,帆宣群益99購02  ,0,0,0,0,0,0,0,0,0,-69000,0,0,0,0,69000,-69000,-69000
053095,台光電統一98購01,0,0,0,0,0,0,0,0,0,-69000,0,0,0,0,69000,-69000,-69000
056986,超眾群益98購03  ,0,0,0,0,0,0,0,0,0,-69000,0,0,0,65000,134000,-69000,-69000
057877,神達元大99購01  ,0,0,0,0,0,0,0,0,0,-69000,0,0,0,100000,169000,-69000,-69000
061374,力山永豐9A購04  ,0,0,0,0,0,0,0,0,0,-69000,0,0,0,31000,100000,-69000,-69000
059064,緯穎凱基99購02  ,0,0,0,0,0,0,0,0,0,-69000,0,0,0,5000,74000,-69000,-69000
060565,大立光富邦01購01,0,0,0,0,0,0,0,0,0,-69000,0,0,0,0,69000,-69000,-69000
060015,國巨康和99購03  ,0,0,0,0,0,0,0,0,0,-69000,0,0,0,1000,70000,-69000,-69000
063252,緯穎元大9B購07  ,0,0,0,0,0,0,0,0,0,-69000,0,0,0,33000,102000,-69000,-69000
062934,大成鋼凱基9B購02,0,0,0,0,0,0,0,0,0,-69000,0,0,0,41000,110000,-69000,-69000
062578,超眾群益9B購01  ,0,0,0,0,0,0,0,0,0,-69000,0,0,0,17000,86000,-69000,-69000
061732,智邦中信9B購01  ,0,0,0,0,0,0,0,0,0,-69000,0,0,0,11000,80000,-69000,-69000
3702A,大聯大甲特      ,5000,0,5000,0,0,0,0,0,0,-74000,0,74000,-74000,0,0,0,-69000
1316,上曜            ,16000,86000,-70000,0,0,0,0,0,0,0,0,0,0,0,0,0,-70000
1582,信錦            ,25000,116000,-91000,0,0,0,0,0,0,21000,0,6000,-6000,27000,0,27000,-70000
064907,緯穎群益9C購02  ,0,0,0,0,0,0,0,0,0,-70000,0,0,0,40000,110000,-70000,-70000
065000,和大國票02購01  ,0,0,0,0,0,0,0,0,0,-70000,0,0,0,138000,208000,-70000,-70000
061376,瑞昱永豐9A購02  ,0,0,0,0,0,0,0,0,0,-70000,0,0,0,31000,101000,-70000,-70000
061321,華新科凱基9A購09,0,0,0,0,0,0,0,0,0,-70000,0,0,0,0,70000,-70000,-70000
056163,嘉聯益凱基98購03,0,0,0,0,0,0,0,0,0,-70000,0,0,0,0,70000,-70000,-70000
056209,超眾永豐97購02  ,0,0,0,0,0,0,0,0,0,-70000,0,0,0,20000,90000,-70000,-70000
00684R,元大美元指數反1 ,0,0,0,0,0,0,0,0,0,-70000,0,0,0,8000,78000,-70000,-70000
058463,宏達電兆豐99購02,0,0,0,0,0,0,0,0,0,-70000,0,0,0,0,70000,-70000,-70000
059931,緯穎富邦9A購01  ,0,0,0,0,0,0,0,0,0,-70000,0,0,0,0,70000,-70000,-70000
059949,啟碁永豐99購01  ,0,0,0,0,0,0,0,0,0,-70000,0,0,0,0,70000,-70000,-70000
058570,臻鼎凱基9A購01  ,0,0,0,0,0,0,0,0,0,-70000,0,0,0,30000,100000,-70000,-70000
059708,立積凱基9A購02  ,0,0,0,0,0,0,0,0,0,-70000,0,0,0,0,70000,-70000,-70000
060361,南亞科元富9A購03,0,0,0,0,0,0,0,0,0,-70000,0,0,0,35000,105000,-70000,-70000
062297,億豐永豐9B購01  ,0,0,0,0,0,0,0,0,0,-70000,0,0,0,10000,80000,-70000,-70000
062379,致新元大9B購01  ,0,0,0,0,0,0,0,0,0,-70000,0,0,0,193000,263000,-70000,-70000
062399,神基永豐9B購01  ,0,0,0,0,0,0,0,0,0,-70000,0,0,0,0,70000,-70000,-70000
062658,聯茂第一9B購01  ,0,0,0,0,0,0,0,0,0,-70000,0,0,0,0,70000,-70000,-70000
063341,燿華統一9C購01  ,0,0,0,0,0,0,0,0,0,-70000,0,0,0,0,70000,-70000,-70000
063461,金像電元大9B購03,0,0,0,0,0,0,0,0,0,-70000,0,0,0,43000,113000,-70000,-70000
063888,TPK中信01購01   ,0,0,0,0,0,0,0,0,0,-70000,0,0,0,0,70000,-70000,-70000
064208,智邦凱基02購01  ,0,0,0,0,0,0,0,0,0,-70000,0,0,0,7000,77000,-70000,-70000
064538,鈺齊國票01購01  ,0,0,0,0,0,0,0,0,0,-70000,0,0,0,0,70000,-70000,-70000
9955,佳龍            ,63000,133000,-70000,0,0,0,0,0,0,0,0,0,0,0,0,0,-70000
065127,世芯永豐9C購03  ,0,0,0,0,0,0,0,0,0,-71000,0,0,0,41000,112000,-71000,-71000
08449P,華新科群益9C售03,0,0,0,0,0,0,0,0,0,-71000,0,0,0,0,71000,-71000,-71000
07950P,智邦元大9B售04  ,0,0,0,0,0,0,0,0,0,-71000,0,0,0,25000,96000,-71000,-71000
056726,友達日盛9A購01  ,0,0,0,0,0,0,0,0,0,-71000,0,0,0,0,71000,-71000,-71000
060463,台積電元大9A購10,0,0,0,0,0,0,0,0,0,-71000,0,0,0,21000,92000,-71000,-71000
061207,美律元大9A購04  ,0,0,0,0,0,0,0,0,0,-71000,0,0,0,39000,110000,-71000,-71000
058999,台積電元大99購24,0,0,0,0,0,0,0,0,0,-71000,0,0,0,249000,320000,-71000,-71000
060991,京鼎元大9A購01  ,0,0,0,0,0,0,0,0,0,-71000,0,0,0,0,71000,-71000,-71000
059942,全新永豐99購04  ,0,0,0,0,0,0,0,0,0,-71000,0,0,0,0,71000,-71000,-71000
058335,鴻海元富99購06  ,0,0,0,0,0,0,0,0,0,-71000,0,0,0,0,71000,-71000,-71000
065485,巨大元大9C購02  ,0,0,0,0,0,0,0,0,0,-72000,0,0,0,0,72000,-72000,-72000
061431,鈺齊元大9A購01  ,0,0,0,0,0,0,0,0,0,-72000,0,0,0,17000,89000,-72000,-72000
064469,臻鼎元富9C購01  ,0,0,0,0,0,0,0,0,0,-72000,0,0,0,86000,158000,-72000,-72000
064265,嘉聯益永豐9C購02,0,0,0,0,0,0,0,0,0,-72000,0,0,0,16000,88000,-72000,-72000
064312,大立光群益01購01,0,0,0,0,0,0,0,0,0,-72000,0,0,0,0,72000,-72000,-72000
063463,瑞昱元大9B購05  ,0,0,0,0,0,0,0,0,0,-72000,0,0,0,0,72000,-72000,-72000
061715,牧德凱基9B購03  ,0,0,0,0,0,0,0,0,0,-72000,0,0,0,11000,83000,-72000,-72000
07798P,同欣電國票9A售01,0,0,0,0,0,0,0,0,0,-73000,0,0,0,10000,83000,-73000,-73000
2514,龍邦            ,17000,88000,-71000,0,0,0,0,0,0,-2000,0,2000,-2000,0,0,0,-73000
05473P,聯詠統一97售02  ,0,0,0,0,0,0,0,0,0,-73000,0,0,0,122000,195000,-73000,-73000
058526,鈺齊元大99購02  ,0,0,0,0,0,0,0,0,0,-73000,0,0,0,20000,93000,-73000,-73000
060570,南亞科永豐9A購01,0,0,0,0,0,0,0,0,0,-73000,0,0,0,18000,91000,-73000,-73000
062726,華擎凱基9B購02  ,0,0,0,0,0,0,0,0,0,-73000,0,0,0,0,73000,-73000,-73000
064292,南茂元大01購01  ,0,0,0,0,0,0,0,0,0,-73000,0,0,0,0,73000,-73000,-73000
5531,鄉林            ,214000,287000,-73000,0,0,0,0,0,0,0,0,0,0,0,0,0,-73000
8422,可寧衛          ,7981,76000,-68019,0,0,0,0,0,0,-5000,0,5000,-5000,0,0,0,-73019
065510,鴻海群益01購04  ,0,0,0,0,0,0,0,0,0,-74000,0,0,0,36000,110000,-74000,-74000
057820,華擎元大98購02  ,0,0,0,0,0,0,0,0,0,-74000,0,0,0,26000,100000,-74000,-74000
057567,嘉聯益富邦9A購01,0,0,0,0,0,0,0,0,0,-74000,0,0,0,141000,215000,-74000,-74000
064035,GIS元大9C購03   ,0,0,0,0,0,0,0,0,0,-74000,0,0,0,0,74000,-74000,-74000
062449,臻鼎元大9B購01  ,0,0,0,0,0,0,0,0,0,-74000,0,0,0,37000,111000,-74000,-74000
063023,華擎元大9B購02  ,0,0,0,0,0,0,0,0,0,-74000,0,0,0,50000,124000,-74000,-74000
08434P,臺股指凱基03售02,0,0,0,0,0,0,0,0,0,-75000,0,0,0,115000,190000,-75000,-75000
08555P,超眾國票01售01  ,0,0,0,0,0,0,0,0,0,-75000,0,0,0,50000,125000,-75000,-75000
057929,上銀群益98購02  ,0,0,0,0,0,0,0,0,0,-75000,0,0,0,0,75000,-75000,-75000
054799,超眾群益98購01  ,0,0,0,0,0,0,0,0,0,-75000,0,0,0,33000,108000,-75000,-75000
057539,南茂元大98購02  ,0,0,0,0,0,0,0,0,0,-75000,0,0,0,5000,80000,-75000,-75000
052853,友達日盛99購01  ,0,0,0,0,0,0,0,0,0,-75000,0,0,0,0,75000,-75000,-75000
060625,華擎元大9A購01  ,0,0,0,0,0,0,0,0,0,-75000,0,0,0,42000,117000,-75000,-75000
060913,宏達電元大9A購03,0,0,0,0,0,0,0,0,0,-75000,0,0,0,120000,195000,-75000,-75000
058361,美律凱基99購06  ,0,0,0,0,0,0,0,0,0,-75000,0,0,0,62000,137000,-75000,-75000
060047,道瓊反凱基99購01,0,0,0,0,0,0,0,0,0,-75000,0,0,0,20000,95000,-75000,-75000
061138,晶技統一9C購01  ,0,0,0,0,0,0,0,0,0,-75000,0,0,0,0,75000,-75000,-75000
063352,上銀元富9B購02  ,0,0,0,0,0,0,0,0,0,-75000,0,0,0,4000,79000,-75000,-75000
062462,GIS群益9B購01   ,0,0,0,0,0,0,0,0,0,-75000,0,0,0,65000,140000,-75000,-75000
062897,上銀元大9B購06  ,0,0,0,0,0,0,0,0,0,-75000,0,0,0,20000,95000,-75000,-75000
064096,台積電群益9C購07,0,0,0,0,0,0,0,0,0,-75000,0,0,0,36000,111000,-75000,-75000
063933,TPK統一01購01   ,0,0,0,0,0,0,0,0,0,-75000,0,0,0,40000,115000,-75000,-75000
064495,南亞科元大9C購03,0,0,0,0,0,0,0,0,0,-75000,0,0,0,0,75000,-75000,-75000
07000P,T50反1元大99售03,0,0,0,0,0,0,0,0,0,-76000,0,0,0,0,76000,-76000,-76000
07130P,台郡元大9B售01  ,0,0,0,0,0,0,0,0,0,-76000,0,0,0,44000,120000,-76000,-76000
00851,台新全球AI      ,0,0,0,0,0,0,0,0,0,-76000,0,0,0,31000,107000,-76000,-76000
062803,嘉晶統一9B購02  ,0,0,0,0,0,0,0,0,0,-76000,0,0,0,59000,135000,-76000,-76000
062615,亞德客元大9B購02,0,0,0,0,0,0,0,0,0,-76000,0,0,0,0,76000,-76000,-76000
062333,嘉晶統一9C購01  ,0,0,0,0,0,0,0,0,0,-76000,0,0,0,173000,249000,-76000,-76000
056250,瑞昱兆豐97購02  ,0,0,0,0,0,0,0,0,0,-77000,0,0,0,16000,93000,-77000,-77000
054740,強茂凱基99購01  ,0,0,0,0,0,0,0,0,0,-77000,0,0,0,20000,97000,-77000,-77000
057577,廣宇中信9A購01  ,0,0,0,0,0,0,0,0,0,-77000,0,0,0,30000,107000,-77000,-77000
058752,鈺齊凱基9A購01  ,0,0,0,0,0,0,0,0,0,-77000,0,0,0,5000,82000,-77000,-77000
058774,台郡兆豐9A購01  ,0,0,0,0,0,0,0,0,0,-77000,0,0,0,56000,133000,-77000,-77000
062116,元金2X第一9B購01,0,0,0,0,0,0,0,0,0,-77000,0,0,0,90000,167000,-77000,-77000
063110,牧德兆豐9B購01  ,0,0,0,0,0,0,0,0,0,-77000,0,0,0,595000,672000,-77000,-77000
063155,緯穎元富9B購03  ,0,0,0,0,0,0,0,0,0,-77000,0,0,0,0,77000,-77000,-77000
064718,友達統一02購01  ,0,0,0,0,0,0,0,0,0,-77000,0,0,0,153000,230000,-77000,-77000
064778,美律群益9C購01  ,0,0,0,0,0,0,0,0,0,-77000,0,0,0,0,77000,-77000,-77000
8404,百和興業-KY     ,66000,143000,-77000,0,0,0,0,0,0,0,0,0,0,0,0,0,-77000
4994,傳奇            ,40000,113000,-73000,0,0,0,0,0,0,-4000,0,0,0,3000,7000,-4000,-77000
5258,虹堡            ,29000,101000,-72000,0,0,0,0,0,0,-5000,0,5000,-5000,0,0,0,-77000
06778P,台積電元大99售06,0,0,0,0,0,0,0,0,0,-78000,0,0,0,14000,92000,-78000,-78000
065267,聯鈞元大9C購02  ,0,0,0,0,0,0,0,0,0,-78000,0,0,0,161000,239000,-78000,-78000
065058,東元群益9C購01  ,0,0,0,0,0,0,0,0,0,-78000,0,0,0,0,78000,-78000,-78000
3030,德律            ,35000,82000,-47000,0,0,0,0,0,0,-31000,0,31000,-31000,0,0,0,-78000
056178,嘉澤元富97購02  ,0,0,0,0,0,0,0,0,0,-78000,0,0,0,0,78000,-78000,-78000
056682,鴻海統一98購10  ,0,0,0,0,0,0,0,0,0,-78000,0,0,0,1000,79000,-78000,-78000
057189,康控元大98購02  ,0,0,0,0,0,0,0,0,0,-78000,0,0,0,0,78000,-78000,-78000
00642U,元大S&P石油     ,4000,0,4000,0,0,0,0,0,0,-82000,0,0,0,0,82000,-82000,-78000
055640,鴻海元富97購03  ,0,0,0,0,0,0,0,0,0,-78000,0,0,0,0,78000,-78000,-78000
060099,宏達電元大99購09,0,0,0,0,0,0,0,0,0,-78000,0,0,0,122000,200000,-78000,-78000
064674,鈺齊元大9C購01  ,0,0,0,0,0,0,0,0,0,-78000,0,0,0,68000,146000,-78000,-78000
063654,上銀元富9B購05  ,0,0,0,0,0,0,0,0,0,-78000,0,0,0,4000,82000,-78000,-78000
064008,日月光凱基9C購01,0,0,0,0,0,0,0,0,0,-78000,0,0,0,26000,104000,-78000,-78000
063397,廣達群益9B購02  ,0,0,0,0,0,0,0,0,0,-78000,0,0,0,16000,94000,-78000,-78000
062754,台勝科麥證9B購01,0,0,0,20000,98000,-78000,0,0,0,-78000,0,0,0,20000,98000,-78000,-78000
061327,台郡凱基9A購02  ,0,0,0,0,0,0,0,0,0,-79000,0,0,0,50000,129000,-79000,-79000
056724,臻鼎中信9A購01  ,0,0,0,0,0,0,0,0,0,-79000,0,0,0,151000,230000,-79000,-79000
059675,大立光元富99購08,0,0,0,0,0,0,0,0,0,-79000,0,0,0,0,79000,-79000,-79000
058699,楠梓電元大99購02,0,0,0,0,0,0,0,0,0,-79000,0,0,0,0,79000,-79000,-79000
061971,力山元大9C購02  ,0,0,0,0,0,0,0,0,0,-79000,0,0,0,0,79000,-79000,-79000
059092,聯陽元大99購01  ,0,0,0,0,0,0,0,0,0,-79000,0,0,0,0,79000,-79000,-79000
062828,聯詠群益9B購02  ,0,0,0,0,0,0,0,0,0,-79000,0,0,0,1000,80000,-79000,-79000
9907,統一實          ,178000,257000,-79000,0,0,0,0,0,0,0,0,0,0,0,0,0,-79000
08259P,華新科元大9C售04,0,0,0,0,0,0,0,0,0,-80000,0,0,0,47000,127000,-80000,-80000
065084,南亞科元大9C購08,0,0,0,0,0,0,0,0,0,-80000,0,0,0,2000,82000,-80000,-80000
064905,嘉聯益群益9C購01,0,0,0,0,0,0,0,0,0,-80000,0,0,0,10000,90000,-80000,-80000
06636P,可成凱基98售08  ,0,0,0,0,0,0,0,0,0,-80000,0,0,0,0,80000,-80000,-80000
07750P,台表科凱基9A售04,0,0,0,0,0,0,0,0,0,-80000,0,0,0,0,80000,-80000,-80000
07658P,國泰金凱基9A售01,0,0,0,0,0,0,0,0,0,-80000,0,0,0,0,80000,-80000,-80000
056736,國巨凱基99購03  ,0,0,0,0,0,0,0,0,0,-80000,0,0,0,10000,90000,-80000,-80000
056737,國巨凱基9A購01  ,0,0,0,0,0,0,0,0,0,-80000,0,0,0,7000,87000,-80000,-80000
056688,聯詠統一98購01  ,0,0,0,0,0,0,0,0,0,-80000,0,0,0,200000,280000,-80000,-80000
057393,台積電中信02購01,0,0,0,0,0,0,0,0,0,-80000,0,0,0,681000,761000,-80000,-80000
057934,華新科群益98購07,0,0,0,0,0,0,0,0,0,-80000,0,0,0,0,80000,-80000,-80000
057865,富邦金凱基98購01,0,0,0,0,0,0,0,0,0,-80000,0,0,0,59000,139000,-80000,-80000
054679,台積電康和99購01,0,0,0,0,0,0,0,0,0,-80000,0,0,0,200000,280000,-80000,-80000
054642,訊芯中信9A購01  ,0,0,0,0,0,0,0,0,0,-80000,0,0,0,0,80000,-80000,-80000
059095,訊芯元大99購01  ,0,0,0,0,0,0,0,0,0,-80000,0,0,0,31000,111000,-80000,-80000
058981,國巨凱基99購10  ,0,0,0,0,0,0,0,0,0,-80000,0,0,0,0,80000,-80000,-80000
061948,美食群益9B購01  ,0,0,0,0,0,0,0,0,0,-80000,0,0,0,0,80000,-80000,-80000
062019,嘉澤永豐9B購01  ,0,0,0,0,0,0,0,0,0,-80000,0,0,0,80000,160000,-80000,-80000
059920,宏達電元大99購07,0,0,0,0,0,0,0,0,0,-80000,0,0,0,157000,237000,-80000,-80000
061747,南亞科統一01購01,0,0,0,0,0,0,0,0,0,-80000,0,0,0,275000,355000,-80000,-80000
063467,大立光元大9C購06,0,0,0,0,0,0,0,0,0,-80000,0,0,0,0,80000,-80000,-80000
063219,友達群益9B購03  ,0,0,0,0,0,0,0,0,0,-80000,0,0,0,110000,190000,-80000,-80000
062983,緯穎元富9B購01  ,0,0,0,0,0,0,0,0,0,-80000,0,0,0,15000,95000,-80000,-80000
064102,宏達電群益9C購01,0,0,0,0,0,0,0,0,0,-80000,0,0,0,219000,299000,-80000,-80000
063801,GIS凱基01購01   ,0,0,0,0,0,0,0,0,0,-80000,0,0,0,0,80000,-80000,-80000
06721P,臺股指中信9A售03,0,0,0,0,0,0,0,0,0,-81000,0,0,0,150000,231000,-81000,-81000
065095,玉晶光元大02購02,0,0,0,0,0,0,0,0,0,-81000,0,0,0,130000,211000,-81000,-81000
08381P,台灣50群益9C售06,0,0,0,0,0,0,0,0,0,-81000,0,0,0,39000,120000,-81000,-81000
2348,海悅            ,28000,109000,-81000,0,0,0,0,0,0,0,0,0,0,0,0,0,-81000
061269,嘉澤凱基9A購01  ,0,0,0,0,0,0,0,0,0,-81000,0,0,0,142000,223000,-81000,-81000
061379,鈺齊永豐9A購02  ,0,0,0,0,0,0,0,0,0,-81000,0,0,0,1000,82000,-81000,-81000
059539,緯穎凱基99購03  ,0,0,0,0,0,0,0,0,0,-81000,0,0,0,0,81000,-81000,-81000
060260,京鼎凱基9C購01  ,0,0,0,0,0,0,0,0,0,-81000,0,0,0,0,81000,-81000,-81000
060744,鴻海國票9A購04  ,0,0,0,0,0,0,0,0,0,-81000,0,0,0,45000,126000,-81000,-81000
063812,智邦群益9C購02  ,0,0,0,0,0,0,0,0,0,-81000,0,0,0,68000,149000,-81000,-81000
064467,南亞科元富9C購02,0,0,0,0,0,0,0,0,0,-81000,0,0,0,12000,93000,-81000,-81000
062434,華通元大9B購04  ,0,0,0,0,0,0,0,0,0,-81000,0,0,0,68000,149000,-81000,-81000
1783,和康生          ,161000,243000,-82000,0,0,0,0,0,0,0,0,0,0,0,0,0,-82000
08282P,南六群益9C售01  ,0,0,0,0,0,0,0,0,0,-82000,0,0,0,0,82000,-82000,-82000
08563P,金像電元富9C售03,0,0,0,0,0,0,0,0,0,-82000,0,0,0,88000,170000,-82000,-82000
065085,聯發科元大01購02,0,0,0,0,0,0,0,0,0,-82000,0,0,0,43000,125000,-82000,-82000
061360,智邦兆豐9B購02  ,0,0,0,0,0,0,0,0,0,-82000,0,0,0,12000,94000,-82000,-82000
057318,台光電凱基9A購01,0,0,0,0,0,0,0,0,0,-82000,0,0,0,10000,92000,-82000,-82000
057730,聯鈞國泰9A購01  ,0,0,0,0,0,0,0,0,0,-82000,0,0,0,96000,178000,-82000,-82000
053294,聯發科中信9C購01,0,0,0,0,0,0,0,0,0,-82000,0,0,0,30000,112000,-82000,-82000
060265,宏達電國票9A購02,0,0,0,0,0,0,0,0,0,-82000,0,0,0,0,82000,-82000,-82000
060159,健和興永豐9A購01,0,0,0,0,0,0,0,0,0,-82000,0,0,0,10000,92000,-82000,-82000
058573,鴻海群益9A購02  ,0,0,0,0,0,0,0,0,0,-82000,0,0,0,34000,116000,-82000,-82000
060509,宏達電元大9A購02,0,0,0,0,0,0,0,0,0,-82000,0,0,0,145000,227000,-82000,-82000
063431,神隆元富9B購01  ,0,0,0,0,0,0,0,0,0,-82000,0,0,0,440000,522000,-82000,-82000
063359,泰鼎國泰01購01  ,0,0,0,0,0,0,0,0,0,-82000,0,0,0,10000,92000,-82000,-82000
063324,道瓊反國票9B購03,0,0,0,0,0,0,0,0,0,-82000,0,0,0,28000,110000,-82000,-82000
064855,聯發科國泰02購01,0,0,0,0,0,0,0,0,0,-82000,0,0,0,20000,102000,-82000,-82000
063796,鴻海凱基9C購02  ,0,0,0,0,0,0,0,0,0,-82000,0,0,0,86000,168000,-82000,-82000
6672,騰輝電子-KY     ,5000,87000,-82000,0,0,0,0,0,0,0,0,0,0,0,0,0,-82000
07667P,亞德客元大9A售05,0,0,0,0,0,0,0,0,0,-83000,0,0,0,20000,103000,-83000,-83000
056699,光罩國泰99購01  ,0,0,0,0,0,0,0,0,0,-83000,0,0,0,5000,88000,-83000,-83000
061687,大成鋼群益9A購01,0,0,0,0,0,0,0,0,0,-83000,0,0,0,128000,211000,-83000,-83000
062127,台勝科統一01購02,0,100000,-100000,0,0,0,0,0,0,17000,0,0,0,107000,90000,17000,-83000
059351,台虹凱基99購01  ,0,0,0,0,0,0,0,0,0,-83000,0,0,0,111000,194000,-83000,-83000
063644,祥碩元大9B購10  ,0,0,0,0,0,0,0,0,0,-83000,0,0,0,7000,90000,-83000,-83000
064200,華通兆豐01購01  ,0,0,0,0,0,0,0,0,0,-83000,0,0,0,0,83000,-83000,-83000
063541,華擎元富9B購02  ,0,0,0,0,0,0,0,0,0,-83000,0,0,0,33000,116000,-83000,-83000
062777,鴻海元大9C購03  ,0,0,0,0,0,0,0,0,0,-83000,0,0,0,43000,126000,-83000,-83000
062899,鴻海元大9C購04  ,0,0,0,0,0,0,0,0,0,-83000,0,0,0,48000,131000,-83000,-83000
08324P,大立光凱基9C售05,0,0,0,0,0,0,0,0,0,-84000,0,0,0,0,84000,-84000,-84000
057056,立積元大99購02  ,0,0,0,0,0,0,0,0,0,-84000,0,0,0,24000,108000,-84000,-84000
060145,牧德國票9A購02  ,0,0,0,0,0,0,0,0,0,-84000,0,0,0,36000,120000,-84000,-84000
061601,台積電凱基9A購26,0,0,0,0,0,0,0,0,0,-84000,0,0,0,21000,105000,-84000,-84000
057990,美律統一99購02  ,0,0,0,0,0,0,0,0,0,-84000,0,0,0,0,84000,-84000,-84000
062821,華擎兆豐9C購01  ,0,0,0,0,0,0,0,0,0,-84000,0,0,0,182000,266000,-84000,-84000
063524,瑞昱凱基9B購05  ,0,0,0,0,0,0,0,0,0,-84000,0,0,0,0,84000,-84000,-84000
063126,TPK元大9B購01   ,0,0,0,0,0,0,0,0,0,-84000,0,0,0,19000,103000,-84000,-84000
9938,百和            ,107000,148000,-41000,0,0,0,0,21000,-21000,-22000,0,13000,-13000,0,9000,-9000,-84000
08234P,華擎元富9B售03  ,0,0,0,0,0,0,0,0,0,-85000,0,0,0,118000,203000,-85000,-85000
07851P,聯發科國票9A售05,0,0,0,0,0,0,0,0,0,-85000,0,0,0,17000,102000,-85000,-85000
1712,興農            ,39000,120000,-81000,0,0,0,0,0,0,-4000,0,4000,-4000,0,0,0,-85000
07459P,緯穎元大9A售01  ,0,0,0,0,0,0,0,0,0,-85000,0,0,0,180000,265000,-85000,-85000
07146P,瑞昱元大99售02  ,0,0,0,0,0,0,0,0,0,-85000,0,0,0,125000,210000,-85000,-85000
056012,勤誠中信99購01  ,0,0,0,0,0,0,0,0,0,-85000,0,0,0,15000,100000,-85000,-85000
061870,智邦元大9B購02  ,0,0,0,0,0,0,0,0,0,-85000,0,0,0,0,85000,-85000,-85000
059877,康控凱基99購05  ,0,0,0,0,0,0,0,0,0,-85000,0,0,0,15000,100000,-85000,-85000
060648,鴻海第一9A購01  ,0,0,0,0,0,0,0,0,0,-85000,0,0,0,0,85000,-85000,-85000
062609,帆宣凱基9B購01  ,0,0,0,0,0,0,0,0,0,-85000,0,0,0,61000,146000,-85000,-85000
063979,健鼎兆豐9C購01  ,0,0,0,0,0,0,0,0,0,-85000,0,0,0,2000,87000,-85000,-85000
064290,GIS元大9C購04   ,0,0,0,0,0,0,0,0,0,-85000,0,0,0,0,85000,-85000,-85000
6197,佳必琪          ,244000,330000,-86000,0,0,0,0,0,0,1000,1000,0,1000,0,0,0,-85000
065109,台勝科國票01購01,0,0,0,0,0,0,0,0,0,-86000,0,0,0,180000,266000,-86000,-86000
065443,智邦統一9C購03  ,0,0,0,0,0,0,0,0,0,-86000,0,0,0,0,86000,-86000,-86000
1731,美吾華          ,24000,110000,-86000,0,0,0,0,0,0,0,0,0,0,0,0,0,-86000
08244P,同欣電凱基9C售03,0,0,0,0,0,0,0,0,0,-86000,0,0,0,12000,98000,-86000,-86000
059914,台積電元大99購47,0,0,0,0,0,0,0,0,0,-86000,0,0,0,8000,94000,-86000,-86000
062075,智邦元大9B購03  ,0,0,0,0,0,0,0,0,0,-86000,0,0,0,14000,100000,-86000,-86000
064487,和大元大9C購01  ,0,0,0,0,0,0,0,0,0,-86000,0,0,0,96000,182000,-86000,-86000
063623,祥碩兆豐9B購02  ,0,0,0,0,0,0,0,0,0,-86000,0,0,0,23000,109000,-86000,-86000
063732,建準元大9B購02  ,0,0,0,0,0,0,0,0,0,-86000,0,0,0,34000,120000,-86000,-86000
063763,上銀元富9B購07  ,0,0,0,0,0,0,0,0,0,-86000,0,0,0,50000,136000,-86000,-86000
1513,中興電          ,104000,171595,-67595,0,0,0,0,0,0,-19000,4000,15000,-11000,0,8000,-8000,-86595
08211P,台表科元富9B售03,0,0,0,0,0,0,0,0,0,-87000,0,0,0,15000,102000,-87000,-87000
07902P,玉晶光國票01售01,0,0,0,0,0,0,0,0,0,-87000,0,0,0,40000,127000,-87000,-87000
06849P,欣興元大98售12  ,0,0,0,0,0,0,0,0,0,-87000,0,0,0,23000,110000,-87000,-87000
07728P,臺股指凱基9A售20,0,0,0,0,0,0,0,0,0,-87000,0,0,0,5000,92000,-87000,-87000
057796,鴻海兆豐99購03  ,0,0,0,0,0,0,0,0,0,-87000,0,0,0,0,87000,-87000,-87000
061526,宏達電凱基9A購04,0,0,0,0,0,0,0,0,0,-87000,0,0,0,75000,162000,-87000,-87000
058503,鴻海元大99購14  ,0,0,0,0,0,0,0,0,0,-87000,0,0,0,98000,185000,-87000,-87000
058672,可成群益9B購02  ,0,0,0,0,0,0,0,0,0,-87000,0,0,0,0,87000,-87000,-87000
061752,瑞昱台新9B購01  ,0,0,0,0,0,0,0,0,0,-87000,0,0,0,7000,94000,-87000,-87000
07905P,大立光群益9B售04,0,0,0,0,0,0,0,0,0,-88000,0,0,0,19000,107000,-88000,-88000
057874,可成元大99購02  ,0,0,0,0,0,0,0,0,0,-88000,0,0,0,0,88000,-88000,-88000
053970,聯發科元大97購08,0,0,0,0,0,0,0,0,0,-88000,0,0,0,2000,90000,-88000,-88000
055710,亞德客元大97購03,0,0,0,0,0,0,0,0,0,-88000,0,0,0,10000,98000,-88000,-88000
058634,可成兆豐99購03  ,0,0,0,0,0,0,0,0,0,-88000,0,0,0,0,88000,-88000,-88000
060144,全新國票9B購01  ,0,0,0,0,0,0,0,0,0,-88000,0,0,0,40000,128000,-88000,-88000
058931,玉晶光統一9C購01,0,0,0,0,0,0,0,0,0,-88000,0,0,0,14000,102000,-88000,-88000
062702,可成元大9C購01  ,0,0,0,0,0,0,0,0,0,-88000,0,0,0,0,88000,-88000,-88000
064466,聯電元富9C購01  ,0,0,0,0,0,0,0,0,0,-88000,0,0,0,246000,334000,-88000,-88000
064615,智邦元大01購01  ,0,0,0,0,0,0,0,0,0,-88000,0,0,0,52000,140000,-88000,-88000
6165,捷泰            ,20000,108000,-88000,0,0,0,0,0,0,0,0,0,0,0,0,0,-88000
3338,泰碩            ,148000,144100,3900,0,0,0,0,0,0,-92000,4000,92000,-88000,45000,49000,-4000,-88100
07785P,鴻海中信04售03  ,0,0,0,0,0,0,0,0,0,-89000,0,0,0,10000,99000,-89000,-89000
055619,同欣電國票98購02,0,0,0,0,0,0,0,0,0,-89000,0,0,0,0,89000,-89000,-89000
057151,易華電國票99購01,0,0,0,0,0,0,0,0,0,-89000,0,0,0,36000,125000,-89000,-89000
062043,牧德凱基9B購04  ,0,0,0,0,0,0,0,0,0,-89000,0,0,0,109000,198000,-89000,-89000
063902,志超群益9C購01  ,0,0,0,0,0,0,0,0,0,-89000,0,0,0,24000,113000,-89000,-89000
07566P,台積電台新9B售02,0,0,0,0,0,0,0,0,0,-90000,0,0,0,0,90000,-90000,-90000
065311,TPK國票01購03   ,0,0,0,0,0,0,0,0,0,-90000,0,0,0,0,90000,-90000,-90000
065362,華通元大9C購06  ,0,0,0,0,0,0,0,0,0,-90000,0,0,0,0,90000,-90000,-90000
064965,臺指反元大03購02,0,0,0,0,0,0,0,0,0,-90000,0,0,0,0,90000,-90000,-90000
08421P,台積電群益9C售10,0,0,0,0,0,0,0,0,0,-90000,0,0,0,0,90000,-90000,-90000
1414,東和            ,7000,98000,-91000,0,0,0,0,0,0,1000,1000,0,1000,0,0,0,-90000
057812,友達元大9A購05  ,0,0,0,0,0,0,0,0,0,-90000,0,0,0,10000,100000,-90000,-90000
057783,台積電國票9A購01,0,0,0,0,0,0,0,0,0,-90000,0,0,0,42000,132000,-90000,-90000
061527,牧德凱基9A購02  ,0,0,0,0,0,0,0,0,0,-90000,0,0,0,177000,267000,-90000,-90000
058861,國巨凱基9A購08  ,0,0,0,0,0,0,0,0,0,-90000,0,0,0,11000,101000,-90000,-90000
060422,台勝科永豐9A購01,0,0,0,0,0,0,0,0,0,-90000,0,0,0,0,90000,-90000,-90000
059515,牧德永豐99購01  ,0,0,0,0,0,0,0,0,0,-90000,0,0,0,116000,206000,-90000,-90000
058299,同欣電凱基9A購01,0,0,0,0,0,0,0,0,0,-90000,0,0,0,51000,141000,-90000,-90000
064289,台郡元大9C購01  ,0,0,0,0,0,0,0,0,0,-90000,0,0,0,0,90000,-90000,-90000
064307,聚陽群益9C購03  ,0,0,0,0,0,0,0,0,0,-90000,0,0,0,15000,105000,-90000,-90000
063351,億豐統一9B購01  ,0,0,0,0,0,0,0,0,0,-90000,0,0,0,20000,110000,-90000,-90000
064898,國產群益9C購01  ,0,0,0,0,0,0,0,0,0,-91000,0,0,0,0,91000,-91000,-91000
065347,聯發科統一9C購15,0,0,0,0,0,0,0,0,0,-91000,0,0,0,4000,95000,-91000,-91000
065293,玉晶光群益01購07,0,0,0,0,0,0,0,0,0,-91000,0,0,0,15000,106000,-91000,-91000
07225P,台積電元大99售33,0,0,0,0,0,0,0,0,0,-91000,0,0,0,0,91000,-91000,-91000
061528,超眾凱基9A購04  ,0,0,0,0,0,0,0,0,0,-91000,0,0,0,13000,104000,-91000,-91000
057240,茂林凱基9A購01  ,0,0,0,0,0,0,0,0,0,-91000,0,0,0,81000,172000,-91000,-91000
061745,南電凱基9B購02  ,0,0,0,0,0,0,0,0,0,-91000,0,0,0,0,91000,-91000,-91000
063725,聯電元大9C購03  ,0,0,0,0,0,0,0,0,0,-91000,0,0,0,125000,216000,-91000,-91000
063994,台光電群益9C購01,0,0,0,0,0,0,0,0,0,-91000,0,0,0,0,91000,-91000,-91000
1736,喬山            ,465000,507000,-42000,0,0,0,0,0,0,-50000,0,0,0,3000,53000,-50000,-92000
057401,晶豪科群益99購01,0,0,0,0,0,0,0,0,0,-92000,0,0,0,0,92000,-92000,-92000
061438,牧德凱基9B購02  ,0,0,0,0,0,0,0,0,0,-92000,0,0,0,127000,219000,-92000,-92000
057045,美律元大99購04  ,0,0,0,0,0,0,0,0,0,-92000,0,0,0,10000,102000,-92000,-92000
061055,康控群益9A購01  ,0,0,0,0,0,0,0,0,0,-92000,0,0,0,92000,184000,-92000,-92000
060086,鴻海元大99購42  ,0,0,0,0,0,0,0,0,0,-92000,0,0,0,10000,102000,-92000,-92000
062012,燿華富邦9C購01  ,0,0,0,0,0,0,0,0,0,-92000,0,0,0,85000,177000,-92000,-92000
064872,南電永豐9C購02  ,0,0,0,0,0,0,0,0,0,-92000,0,0,0,4000,96000,-92000,-92000
061764,旺宏元大9B購01  ,0,0,0,0,0,0,0,0,0,-92000,0,0,0,68000,160000,-92000,-92000
2023,燁輝            ,132000,225000,-93000,0,0,0,0,0,0,0,0,0,0,0,0,0,-93000
08520P,和大元大9C售04  ,0,0,0,0,0,0,0,0,0,-93000,0,0,0,7000,100000,-93000,-93000
08027P,嘉晶元大9B售03  ,0,0,0,0,0,0,0,0,0,-93000,0,0,0,31000,124000,-93000,-93000
07678P,大立光群益9A售03,0,0,0,0,0,0,0,0,0,-93000,0,0,0,0,93000,-93000,-93000
064927,瀚宇博統一02購01,0,0,0,0,0,0,0,0,0,-93000,0,0,0,607000,700000,-93000,-93000
057804,為升元大98購01  ,0,0,0,0,0,0,0,0,0,-93000,0,0,0,20000,113000,-93000,-93000
054471,T50反1中信9C購01,0,0,0,0,0,0,0,0,0,-93000,0,0,0,207000,300000,-93000,-93000
063112,祥碩兆豐9B購01  ,0,0,0,0,0,0,0,0,0,-93000,0,0,0,0,93000,-93000,-93000
064753,英業達凱基9C購01,0,0,0,0,0,0,0,0,0,-93000,0,0,0,0,93000,-93000,-93000
063764,上銀元富9B購08  ,0,0,0,0,0,0,0,0,0,-93000,0,0,0,0,93000,-93000,-93000
063877,鴻海元富9C購01  ,0,0,0,0,0,0,0,0,0,-93000,0,0,0,5000,98000,-93000,-93000
065154,聯發科群益9C購10,0,0,0,0,0,0,0,0,0,-94000,0,0,0,45000,139000,-94000,-94000
07560P,台積電國泰9B售01,0,0,0,0,0,0,0,0,0,-94000,0,0,0,206000,300000,-94000,-94000
046942,友達元大99購01  ,0,0,0,0,0,0,0,0,0,-94000,0,0,0,475000,569000,-94000,-94000
056639,國產康和98購01  ,0,0,0,0,0,0,0,0,0,-94000,0,0,0,0,94000,-94000,-94000
062002,鴻海國泰01購01  ,0,0,0,0,0,0,0,0,0,-94000,0,0,0,95000,189000,-94000,-94000
063951,新日興元大9C購01,0,0,0,0,0,0,0,0,0,-94000,0,0,0,134000,228000,-94000,-94000
064616,智邦元大9C購04  ,0,0,0,0,0,0,0,0,0,-94000,0,0,0,12000,106000,-94000,-94000
06431P,新日興元大97售05,0,0,0,0,0,0,0,0,0,-94000,0,0,0,6000,100000,-94000,-94000
063204,高鐵統一9C購01  ,0,0,0,0,0,0,0,0,0,-94000,0,0,0,159000,253000,-94000,-94000
062393,智邦富邦9B購01  ,0,0,0,0,0,0,0,0,0,-94000,0,0,0,31000,125000,-94000,-94000
062604,東元凱基9B購01  ,0,0,0,0,0,0,0,0,0,-94000,0,0,0,66000,160000,-94000,-94000
062907,可成元大9C購03  ,0,0,0,0,0,0,0,0,0,-94000,0,0,0,0,94000,-94000,-94000
07048P,台積電中信03售01,0,0,0,0,0,0,0,0,0,-95000,0,0,0,10000,105000,-95000,-95000
07069P,欣興元富99售02  ,0,0,0,0,0,0,0,0,0,-95000,0,0,0,5000,100000,-95000,-95000
056421,鴻海統一98購08  ,0,0,0,0,0,0,0,0,0,-95000,0,0,0,0,95000,-95000,-95000
057681,T50反1日盛9C購01,0,0,0,0,0,0,0,0,0,-95000,0,0,0,0,95000,-95000,-95000
061991,牧德元大9C購01  ,0,0,0,0,0,0,0,0,0,-95000,0,0,0,326000,421000,-95000,-95000
061817,高鐵群益9B購01  ,0,0,0,0,0,0,0,0,0,-95000,0,0,0,210000,305000,-95000,-95000
060556,緯穎凱基9A購04  ,0,0,0,0,0,0,0,0,0,-95000,0,0,0,145000,240000,-95000,-95000
060093,友達元大03購01  ,0,0,0,0,0,0,0,0,0,-95000,0,0,0,10000,105000,-95000,-95000
061165,美律兆豐9A購01  ,0,0,0,0,0,0,0,0,0,-95000,0,0,0,56000,151000,-95000,-95000
058540,嘉聯益國泰9A購02,0,0,0,0,0,0,0,0,0,-95000,0,0,0,0,95000,-95000,-95000
063261,康控富邦03購01  ,0,0,0,0,0,0,0,0,0,-95000,0,0,0,146000,241000,-95000,-95000
063516,香港反凱基03購01,0,0,0,0,0,0,0,0,0,-95000,0,0,0,15000,110000,-95000,-95000
064860,聯發科富邦03購01,0,0,0,0,0,0,0,0,0,-95000,0,0,0,64000,159000,-95000,-95000
4119,旭富            ,184000,213000,-29000,0,0,0,0,0,0,-66000,0,1000,-1000,3000,68000,-65000,-95000
6230,超眾            ,265000,385251,-120251,0,0,0,0,0,0,25000,0,0,0,42000,17000,25000,-95251
065348,中壽統一9C購02  ,0,0,0,0,0,0,0,0,0,-96000,0,0,0,0,96000,-96000,-96000
06570P,大立光永豐98售01,0,0,0,0,0,0,0,0,0,-96000,0,0,0,0,96000,-96000,-96000
07903P,台積電群益9B售03,0,0,0,0,0,0,0,0,0,-96000,0,0,0,0,96000,-96000,-96000
057234,宏達電凱基98購05,0,0,0,0,0,0,0,0,0,-96000,0,0,0,60000,156000,-96000,-96000
055259,玉晶光統一9A購01,0,0,0,0,0,0,0,0,0,-96000,0,0,0,1449000,1545000,-96000,-96000
060723,致新永豐9A購01  ,0,0,0,0,0,0,0,0,0,-96000,0,0,0,20000,116000,-96000,-96000
061796,興勤永豐9B購01  ,0,0,0,0,0,0,0,0,0,-96000,0,0,0,0,96000,-96000,-96000
064483,瑞儀永豐9C購01  ,0,0,0,0,0,0,0,0,0,-96000,0,0,0,0,96000,-96000,-96000
064064,義隆富邦03購01  ,0,0,0,0,0,0,0,0,0,-96000,0,0,0,196000,292000,-96000,-96000
063483,致新元大9B購03  ,0,0,0,0,0,0,0,0,0,-96000,0,0,0,112000,208000,-96000,-96000
4532,瑞智            ,34000,130000,-96000,0,0,0,0,0,0,0,0,0,0,0,0,0,-96000
08187P,大毅群益9B售04  ,0,0,0,0,0,0,0,0,0,-97000,0,0,0,50000,147000,-97000,-97000
08111P,臺股指中信01售06,0,0,0,0,0,0,0,0,0,-97000,0,0,0,6000,103000,-97000,-97000
064980,牧德元大01購01  ,0,0,0,0,0,0,0,0,0,-97000,0,0,0,205000,302000,-97000,-97000
054258,牧德元大97購01  ,0,0,0,0,0,0,0,0,0,-97000,0,0,0,0,97000,-97000,-97000
061244,和碩兆豐9A購01  ,0,0,0,0,0,0,0,0,0,-97000,0,0,0,26000,123000,-97000,-97000
057023,美律凱基99購02  ,0,0,0,0,0,0,0,0,0,-97000,0,0,0,0,97000,-97000,-97000
056571,燿華元大98購02  ,0,0,0,0,0,0,0,0,0,-97000,0,0,0,129000,226000,-97000,-97000
061869,智邦元大9B購01  ,0,0,0,0,0,0,0,0,0,-97000,0,0,0,25000,122000,-97000,-97000
060437,宏全永豐9A購01  ,0,0,0,0,0,0,0,0,0,-97000,0,0,0,73000,170000,-97000,-97000
061140,華擎統一9C購01  ,0,0,0,0,0,0,0,0,0,-97000,0,0,0,0,97000,-97000,-97000
064626,聯茂元大9C購01  ,0,0,0,0,0,0,0,0,0,-97000,0,0,0,3000,100000,-97000,-97000
07415P,台積電元大99售52,0,0,0,0,0,0,0,0,0,-98000,0,0,0,15000,113000,-98000,-98000
056353,鴻海元大99購02  ,0,0,0,0,0,0,0,0,0,-98000,0,0,0,30000,128000,-98000,-98000
056989,鴻海兆豐98購02  ,0,0,0,0,0,0,0,0,0,-98000,0,0,0,0,98000,-98000,-98000
057928,鈺齊凱基98購02  ,0,0,0,0,0,0,0,0,0,-98000,0,0,0,0,98000,-98000,-98000
061802,勤誠永豐9B購01  ,0,0,0,0,0,0,0,0,0,-98000,0,0,0,5000,103000,-98000,-98000
062286,台郡群益9B購01  ,0,0,0,0,0,0,0,0,0,-98000,0,0,0,30000,128000,-98000,-98000
064690,台光電群益9C購02,0,0,0,0,0,0,0,0,0,-98000,0,0,0,72000,170000,-98000,-98000
064438,大立光凱基01購03,0,0,0,0,0,0,0,0,0,-98000,0,0,0,0,98000,-98000,-98000
062527,美律統一01購01  ,0,0,0,0,0,0,0,0,0,-98000,0,0,0,0,98000,-98000,-98000
064982,新唐元大9C購01  ,0,0,0,0,0,0,0,0,0,-99000,0,0,0,1000,100000,-99000,-99000
07966P,瑞祺群益9B售02  ,0,0,0,0,0,0,0,0,0,-99000,0,0,0,7000,106000,-99000,-99000
08521P,台達電元大9C售03,0,0,0,0,0,0,0,0,0,-99000,0,0,0,81000,180000,-99000,-99000
2395,研華            ,363000,433000,-70000,0,0,0,1000,26000,-25000,-4000,0,3000,-3000,0,1000,-1000,-99000
061424,華新科元大9A購18,0,0,0,0,0,0,0,0,0,-99000,0,0,0,10000,109000,-99000,-99000
057704,台虹群益98購03  ,0,0,0,0,0,0,0,0,0,-99000,0,0,0,115000,214000,-99000,-99000
055716,致茂元大97購01  ,0,0,0,0,0,0,0,0,0,-99000,0,0,0,0,99000,-99000,-99000
046628,大立光統一98購01,0,0,0,0,0,0,0,0,0,-99000,0,0,0,367000,466000,-99000,-99000
059282,嘉聯益永豐99購01,0,0,0,0,0,0,0,0,0,-99000,0,0,0,54000,153000,-99000,-99000
063485,巨大元大9B購04  ,0,0,0,0,0,0,0,0,0,-99000,0,0,0,12000,111000,-99000,-99000
064779,義隆群益9C購03  ,0,0,0,0,0,0,0,0,0,-99000,0,0,0,76000,175000,-99000,-99000
6670,復盛應用        ,25000,69000,-44000,0,0,0,0,0,0,-55000,3000,55000,-52000,0,3000,-3000,-99000
3031,佰鴻            ,58000,158000,-100000,0,0,0,0,0,0,0,0,0,0,0,0,0,-100000
08104P,晶技元大9B售06  ,0,0,0,0,0,0,0,0,0,-100000,0,0,0,80000,180000,-100000,-100000
065174,華新科元大02購02,0,0,0,0,0,0,0,0,0,-100000,0,0,0,10000,110000,-100000,-100000
065595,鴻海元大9C購15  ,0,0,0,0,0,0,0,0,0,-100000,0,0,0,0,100000,-100000,-100000
07420P,可成元大99售07  ,0,0,0,0,0,0,0,0,0,-100000,0,0,0,100000,200000,-100000,-100000
07564P,臺股指中信01售01,0,0,0,0,0,0,0,0,0,-100000,0,0,0,0,100000,-100000,-100000
07230P,滬深2X群益01售02,0,0,0,0,0,0,0,0,0,-100000,0,0,0,60000,160000,-100000,-100000
07704P,台積電元大9A售25,0,0,0,0,0,0,0,0,0,-100000,0,0,0,0,100000,-100000,-100000
07710P,華擎元大9A售05  ,0,0,0,0,0,0,0,0,0,-100000,0,0,0,0,100000,-100000,-100000
07614P,華新科群益9A售04,0,0,0,0,0,0,0,0,0,-100000,0,0,0,0,100000,-100000,-100000
07615P,華通中信02售02  ,0,0,0,0,0,0,0,0,0,-100000,0,0,0,0,100000,-100000,-100000
07796P,聯發科國票9A售03,0,0,0,0,0,0,0,0,0,-100000,0,0,0,0,100000,-100000,-100000
07792P,牧德元大9A售04  ,0,0,0,0,0,0,0,0,0,-100000,0,0,0,0,100000,-100000,-100000
07100P,華航元大99售01  ,0,0,0,0,0,0,0,0,0,-100000,0,0,0,20000,120000,-100000,-100000
06850P,聯茂元大98售06  ,0,0,0,0,0,0,0,0,0,-100000,0,0,0,0,100000,-100000,-100000
06780P,義隆元大98售02  ,0,0,0,0,0,0,0,0,0,-100000,0,0,0,0,100000,-100000,-100000
06855P,聯發科富邦9A售01,0,0,0,0,0,0,0,0,0,-100000,0,0,0,30000,130000,-100000,-100000
055482,聚陽元大97購02  ,0,0,0,0,0,0,0,0,0,-100000,0,0,0,0,100000,-100000,-100000
055518,華新科中信99購01,0,0,0,0,0,0,0,0,0,-100000,0,0,0,0,100000,-100000,-100000
051423,GIS國票97購01   ,0,0,0,0,0,0,0,0,0,-100000,0,0,0,0,100000,-100000,-100000
053584,友達元大9B購02  ,0,0,0,0,0,0,0,0,0,-100000,0,0,0,0,100000,-100000,-100000
055984,大立光元富97購02,0,0,0,0,0,0,0,0,0,-100000,0,0,0,0,100000,-100000,-100000
055916,奇鋐凱基99購01  ,0,0,0,0,0,0,0,0,0,-100000,0,0,0,0,100000,-100000,-100000
056075,瀚宇博元大97購03,0,0,0,0,0,0,0,0,0,-100000,0,0,0,100000,200000,-100000,-100000
057533,晶相光元大98購02,0,0,0,0,0,0,0,0,0,-100000,0,0,0,0,100000,-100000,-100000
054631,台郡凱基98購02  ,0,0,0,0,0,0,0,0,0,-100000,0,0,0,20000,120000,-100000,-100000
057163,上銀元大98購04  ,0,0,0,0,0,0,0,0,0,-100000,0,0,0,0,100000,-100000,-100000
056664,上証反中信9B購01,0,0,0,0,0,0,0,0,0,-100000,0,0,0,0,100000,-100000,-100000
061367,瑞祺國票9A購01  ,0,0,0,0,0,0,0,0,0,-100000,0,0,0,50000,150000,-100000,-100000
057956,全新元大99購04  ,0,0,0,0,0,0,0,0,0,-100000,0,0,0,0,100000,-100000,-100000
057202,TPK元富98購02   ,0,0,0,0,0,0,0,0,0,-100000,0,0,0,0,100000,-100000,-100000
060510,大立光元大9A購03,0,0,0,0,0,0,0,0,0,-100000,0,0,0,0,100000,-100000,-100000
061179,華擎凱基9A購01  ,0,0,0,0,0,0,0,0,0,-100000,0,0,0,10000,110000,-100000,-100000
058512,宏達電元大99購04,0,0,0,0,0,0,0,0,0,-100000,0,0,0,0,100000,-100000,-100000
061558,旺宏國票9B購02  ,0,0,0,0,0,0,0,0,0,-100000,0,0,0,0,100000,-100000,-100000
060983,南亞科元大9A購06,0,0,0,0,0,0,0,0,0,-100000,0,0,0,5000,105000,-100000,-100000
064784,祥碩群益9C購01  ,0,0,0,0,0,0,0,0,0,-100000,0,0,0,188000,288000,-100000,-100000
064502,大立光元大9C購19,0,0,0,0,0,0,0,0,0,-100000,0,0,0,0,100000,-100000,-100000
064045,南亞科統一9C購04,0,0,0,0,0,0,0,0,0,-100000,0,0,0,8000,108000,-100000,-100000
063959,GIS元大9C購02   ,0,0,0,0,0,0,0,0,0,-100000,0,0,0,15000,115000,-100000,-100000
061720,智邦國泰9C購01  ,0,0,0,0,0,0,0,0,0,-100000,0,0,0,14000,114000,-100000,-100000
065270,TPK元大01購01   ,0,0,0,0,0,0,0,0,0,-101000,0,0,0,8000,109000,-101000,-101000
065158,和碩群益9C購01  ,0,0,0,0,0,0,0,0,0,-101000,0,0,0,7000,108000,-101000,-101000
2889,國票金          ,572000,673000,-101000,0,0,0,0,0,0,0,0,0,0,0,0,0,-101000
061680,崇越元大9A購01  ,0,0,0,0,0,0,0,0,0,-101000,0,0,0,5000,106000,-101000,-101000
056088,台郡統一97購02  ,0,0,0,0,0,0,0,0,0,-101000,0,0,0,10000,111000,-101000,-101000
061134,大成鋼統一9C購01,0,0,0,0,0,0,0,0,0,-101000,0,0,0,0,101000,-101000,-101000
058026,上銀富邦9A購01  ,0,0,0,0,0,0,0,0,0,-101000,0,0,0,0,101000,-101000,-101000
062420,台積電統一9C購08,0,0,0,0,0,0,0,0,0,-101000,0,0,0,0,101000,-101000,-101000
061744,超眾凱基9B購02  ,0,0,0,0,0,0,0,0,0,-101000,0,0,0,0,101000,-101000,-101000
062153,智邦麥證9B購01  ,0,0,0,10000,126000,-116000,0,0,0,-101000,0,0,0,25000,126000,-101000,-101000
063546,國巨兆豐9C購03  ,0,0,0,0,0,0,0,0,0,-101000,0,0,0,9000,110000,-101000,-101000
064040,鴻海統一9C購18  ,0,0,0,0,0,0,0,0,0,-101000,0,0,0,87000,188000,-101000,-101000
064103,大立光群益9C購03,0,0,0,0,0,0,0,0,0,-101000,0,0,0,14000,115000,-101000,-101000
064775,和大群益01購01  ,0,0,0,0,0,0,0,0,0,-101000,0,0,0,0,101000,-101000,-101000
8429,金麗-KY         ,16000,117000,-101000,0,0,0,0,0,0,0,0,0,0,0,0,0,-101000
1103,嘉泥            ,127000,230000,-103000,0,0,0,0,0,0,1000,1000,0,1000,0,0,0,-102000
065396,微星群益01購01  ,0,0,0,0,0,0,0,0,0,-102000,0,0,0,0,102000,-102000,-102000
057720,日電貿元富98購01,0,0,0,0,0,0,0,0,0,-102000,0,0,0,198000,300000,-102000,-102000
060365,京鼎元富9A購01  ,0,0,0,0,0,0,0,0,0,-102000,0,0,0,10000,112000,-102000,-102000
058112,神達元富98購01  ,0,0,0,0,0,0,0,0,0,-102000,0,0,0,0,102000,-102000,-102000
059760,楠梓電永豐99購01,0,0,0,0,0,0,0,0,0,-102000,0,0,0,171000,273000,-102000,-102000
059395,T50反1元富99購03,0,0,0,0,0,0,0,0,0,-102000,0,0,0,15000,117000,-102000,-102000
063383,億豐永豐9B購02  ,0,0,0,0,0,0,0,0,0,-102000,0,0,0,0,102000,-102000,-102000
062722,京元電凱基9B購02,0,0,0,0,0,0,0,0,0,-102000,0,0,0,20000,122000,-102000,-102000
6168,宏齊            ,28000,129000,-101000,0,0,0,0,0,0,-1000,0,1000,-1000,0,0,0,-102000
9944,新麗            ,41000,143000,-102000,0,0,0,0,0,0,0,0,0,0,0,0,0,-102000
064889,T50反1群益9C購02,0,0,0,0,0,0,0,0,0,-103000,0,0,0,0,103000,-103000,-103000
07531P,大立光國泰9B售03,0,0,0,0,0,0,0,0,0,-103000,0,0,0,42000,145000,-103000,-103000
056267,文曄統一97購02  ,0,0,0,0,0,0,0,0,0,-103000,0,0,0,0,103000,-103000,-103000
063185,聯發科凱基9C購03,0,0,0,0,0,0,0,0,0,-103000,0,0,0,46000,149000,-103000,-103000
07129P,華新科元大99售14,0,0,0,0,0,0,0,0,0,-104000,0,0,0,0,104000,-104000,-104000
064975,南亞科元大9C購07,0,0,0,0,0,0,0,0,0,-104000,0,0,0,1000,105000,-104000,-104000
065067,億豐群益01購01  ,0,0,0,0,0,0,0,0,0,-104000,0,0,0,0,104000,-104000,-104000
2939,凱羿-KY         ,82000,186000,-104000,0,0,0,0,0,0,0,0,0,0,0,0,0,-104000
060682,牧德元大9A購03  ,0,0,0,0,0,0,0,0,0,-104000,0,0,0,217000,321000,-104000,-104000
060571,京元電永豐9A購01,0,0,0,0,0,0,0,0,0,-104000,0,0,0,86000,190000,-104000,-104000
063440,上銀統一01購02  ,0,0,0,0,0,0,0,0,0,-104000,0,0,0,0,104000,-104000,-104000
063449,全新統一9B購02  ,0,0,0,0,0,0,0,0,0,-104000,0,0,0,138000,242000,-104000,-104000
062741,立積國票9B購02  ,0,0,0,0,0,0,0,0,0,-104000,0,0,0,0,104000,-104000,-104000
9935,慶豐富          ,544000,649000,-105000,0,0,0,0,0,0,1000,1000,0,1000,0,0,0,-104000
4572,駐龍            ,24000,128000,-104000,0,0,0,0,0,0,0,0,0,0,0,0,0,-104000
2355,敬鵬            ,229000,279000,-50000,0,0,0,0,0,0,-55000,2000,52000,-50000,0,5000,-5000,-105000
06783P,亞光元大98售03  ,0,0,0,0,0,0,0,0,0,-105000,0,0,0,45000,150000,-105000,-105000
058955,台積電國票9A購04,0,0,0,0,0,0,0,0,0,-105000,0,0,0,55000,160000,-105000,-105000
060900,超眾凱基9B購01  ,0,0,0,0,0,0,0,0,0,-105000,0,0,0,10000,115000,-105000,-105000
060028,國揚永豐99購01  ,0,0,0,0,0,0,0,0,0,-105000,0,0,0,160000,265000,-105000,-105000
064493,南亞科元大9C購01,0,0,0,0,0,0,0,0,0,-105000,0,0,0,94000,199000,-105000,-105000
064301,漢唐兆豐01購01  ,0,0,0,0,0,0,0,0,0,-105000,0,0,0,105000,210000,-105000,-105000
063813,瑞昱群益9C購02  ,0,0,0,0,0,0,0,0,0,-105000,0,0,0,35000,140000,-105000,-105000
9958,世紀鋼          ,84000,147120,-63120,0,0,0,0,0,0,-42000,15000,5000,10000,34000,86000,-52000,-105120
2049,上銀            ,496300,543010,-46710,0,0,0,0,54000,-54000,-5000,17000,24000,-7000,8000,6000,2000,-105710
2841,台開            ,464000,570000,-106000,0,0,0,0,0,0,0,0,0,0,0,0,0,-106000
2607,榮運            ,97000,203000,-106000,0,0,0,0,0,0,0,0,0,0,0,0,0,-106000
065051,和碩凱基02購01  ,0,0,0,0,0,0,0,0,0,-106000,0,0,0,2000,108000,-106000,-106000
058043,鴻海元大98購13  ,0,0,0,0,0,0,0,0,0,-106000,0,0,0,44000,150000,-106000,-106000
061922,瑞昱凱基9B購01  ,0,0,0,0,0,0,0,0,0,-106000,0,0,0,44000,150000,-106000,-106000
064603,和碩元富9C購01  ,0,0,0,0,0,0,0,0,0,-106000,0,0,0,57000,163000,-106000,-106000
063303,聯發科凱基9B購14,0,0,0,0,0,0,0,0,0,-106000,0,0,0,24000,130000,-106000,-106000
06813P,友訊元富98售03  ,0,0,0,0,0,0,0,0,0,-107000,0,0,0,37000,144000,-107000,-107000
054807,台化元大9A購02  ,0,0,0,0,0,0,0,0,0,-107000,0,0,0,43000,150000,-107000,-107000
057110,立積群益98購01  ,0,0,0,0,0,0,0,0,0,-107000,0,0,0,0,107000,-107000,-107000
064364,高鐵統一9C購02  ,0,0,0,0,0,0,0,0,0,-107000,0,0,0,12000,119000,-107000,-107000
1229,聯華            ,150000,254114,-104114,0,0,0,7000,0,7000,-10000,0,10000,-10000,0,0,0,-107114
061292,玉晶光統一01購06,0,0,0,0,0,0,0,0,0,-108000,0,0,0,1000,109000,-108000,-108000
057266,TPK兆豐98購02   ,0,0,0,0,0,0,0,0,0,-108000,0,0,0,50000,158000,-108000,-108000
057502,訊芯群益98購02  ,0,0,0,0,0,0,0,0,0,-108000,0,0,0,0,108000,-108000,-108000
055725,嘉聯益元大98購03,0,0,0,0,0,0,0,0,0,-108000,0,0,0,227000,335000,-108000,-108000
061944,聯電群益9B購01  ,0,0,0,0,0,0,0,0,0,-108000,0,0,0,0,108000,-108000,-108000
062029,牧德群益9B購03  ,0,0,0,0,0,0,0,0,0,-108000,0,0,0,281000,389000,-108000,-108000
063836,台塑元大9C購01  ,0,0,0,0,0,0,0,0,0,-108000,0,0,0,30000,138000,-108000,-108000
07849P,大立光群益9A售06,0,0,0,0,0,0,0,0,0,-109000,0,0,0,0,109000,-109000,-109000
046881,智原富邦99購01  ,0,0,0,0,0,0,0,0,0,-109000,0,0,0,231000,340000,-109000,-109000
056922,全新兆豐99購01  ,0,0,0,0,0,0,0,0,0,-109000,0,0,0,0,109000,-109000,-109000
056668,光磊國票99購01  ,0,0,0,0,0,0,0,0,0,-109000,0,0,0,0,109000,-109000,-109000
061026,南電富邦9B購01  ,0,0,0,0,0,0,0,0,0,-109000,0,0,0,10000,119000,-109000,-109000
060709,緯穎富邦9B購01  ,0,0,0,0,0,0,0,0,0,-109000,0,0,0,70000,179000,-109000,-109000
064139,裕隆統一01購02  ,0,0,0,0,0,0,0,0,0,-109000,0,0,0,0,109000,-109000,-109000
08589P,台灣50台新9C售08,0,0,0,0,0,0,0,0,0,-110000,0,0,0,0,110000,-110000,-110000
06908P,健策國泰99售02  ,0,0,0,0,0,0,0,0,0,-110000,0,0,0,0,110000,-110000,-110000
07536P,華新科元富9A售04,0,0,0,0,0,0,0,0,0,-110000,0,0,0,200000,310000,-110000,-110000
07416P,台積電元大99售53,2000,0,2000,0,0,0,0,0,0,-112000,0,0,0,3000,115000,-112000,-110000
07288P,台灣50凱基99售06,0,0,0,0,0,0,0,0,0,-110000,0,0,0,0,110000,-110000,-110000
064970,東元元大9C購01  ,0,0,0,0,0,0,0,0,0,-110000,0,0,0,55000,165000,-110000,-110000
061639,晶豪科元大9A購02,0,0,0,0,0,0,0,0,0,-110000,0,0,0,1000,111000,-110000,-110000
055291,京鼎元大97購02  ,0,0,0,0,0,0,0,0,0,-110000,0,0,0,0,110000,-110000,-110000
056326,TPK兆豐98購01   ,0,0,0,0,0,0,0,0,0,-110000,0,0,0,20000,130000,-110000,-110000
054763,宏達電國票99購01,0,0,0,0,0,0,0,0,0,-110000,0,0,0,0,110000,-110000,-110000
054171,台郡凱基97購01  ,0,0,0,0,0,0,0,0,0,-110000,0,0,0,20000,130000,-110000,-110000
061121,智邦永豐9A購02  ,0,0,0,0,0,0,0,0,0,-110000,0,0,0,1000,111000,-110000,-110000
059242,南亞科凱基99購06,0,0,0,0,0,0,0,0,0,-110000,0,0,0,70000,180000,-110000,-110000
064010,GIS凱基02購01   ,0,0,0,0,0,0,0,0,0,-110000,0,0,0,0,110000,-110000,-110000
064435,聯發科凱基02購03,0,0,0,0,0,0,0,0,0,-110000,0,0,0,17000,127000,-110000,-110000
064484,元金2X元大9C購02,0,0,0,0,0,0,0,0,0,-110000,0,0,0,10000,120000,-110000,-110000
064662,鴻海元大9C購10  ,0,0,0,0,0,0,0,0,0,-110000,0,0,0,100000,210000,-110000,-110000
063581,同欣電國泰9C購01,0,0,0,0,0,0,0,0,0,-110000,0,0,0,95000,205000,-110000,-110000
062751,華擎中信9C購01  ,0,0,0,0,0,0,0,0,0,-110000,0,0,0,6000,116000,-110000,-110000
064934,南電統一01購02  ,0,0,0,0,0,0,0,0,0,-111000,0,0,0,14000,125000,-111000,-111000
06688P,鴻海中信02售01  ,0,0,0,0,0,0,0,0,0,-111000,0,0,0,7000,118000,-111000,-111000
07124P,台積電元大99售21,0,0,0,0,0,0,0,0,0,-111000,0,0,0,0,111000,-111000,-111000
07992P,玉晶光群益01售04,0,0,0,0,0,0,0,0,0,-111000,0,0,0,180000,291000,-111000,-111000
054310,牧德凱基98購01  ,0,0,0,0,0,0,0,0,0,-111000,0,0,0,0,111000,-111000,-111000
062102,T50反1國票9B購07,0,0,0,0,0,0,0,0,0,-111000,0,0,0,400000,511000,-111000,-111000
058108,台郡台新99購01  ,0,0,0,0,0,0,0,0,0,-111000,0,0,0,0,111000,-111000,-111000
060719,瀚宇博永豐9A購01,0,0,0,0,0,0,0,0,0,-111000,0,0,0,5000,116000,-111000,-111000
059503,大立光富邦9B購04,0,0,0,0,0,0,0,0,0,-111000,0,0,0,5000,116000,-111000,-111000
062936,鴻海凱基9B購07  ,0,0,0,0,0,0,0,0,0,-111000,0,0,0,135000,246000,-111000,-111000
062362,致茂元大9B購01  ,0,0,0,0,0,0,0,0,0,-111000,0,0,0,0,111000,-111000,-111000
064104,TPK群益9C購02   ,0,0,0,0,0,0,0,0,0,-111000,0,0,0,6000,117000,-111000,-111000
063726,鴻海元大9B購04  ,0,0,0,0,0,0,0,0,0,-111000,0,0,0,31000,142000,-111000,-111000
057960,聯鈞元大98購02  ,0,0,0,0,0,0,0,0,0,-112000,0,0,0,154000,266000,-112000,-112000
058323,泰鼎永豐9A購01  ,0,0,0,0,0,0,0,0,0,-112000,0,0,0,19000,131000,-112000,-112000
063403,鈺齊群益9B購01  ,0,0,0,0,0,0,0,0,0,-112000,0,0,0,0,112000,-112000,-112000
064932,緯穎統一01購04  ,0,0,0,0,0,0,0,0,0,-113000,0,0,0,16000,129000,-113000,-113000
065512,友訊群益01購01  ,0,0,0,0,0,0,0,0,0,-113000,0,0,0,10000,123000,-113000,-113000
056288,健鼎永豐97購01  ,0,0,0,0,0,0,0,0,0,-113000,0,0,0,20000,133000,-113000,-113000
054101,茂林國票97購04  ,0,0,0,0,0,0,0,0,0,-113000,0,0,0,0,113000,-113000,-113000
060060,台積電兆豐99購05,0,0,0,0,0,0,0,0,0,-113000,0,0,0,143000,256000,-113000,-113000
060475,瑞祺元大9A購01  ,0,0,0,0,0,0,0,0,0,-113000,0,0,0,39000,152000,-113000,-113000
060387,盛群凱基9A購01  ,0,0,0,0,0,0,0,0,0,-113000,0,0,0,0,113000,-113000,-113000
063277,大成鋼元大9B購03,0,0,0,0,0,0,0,0,0,-113000,0,0,0,159000,272000,-113000,-113000
08146P,台積電群益9B售08,0,0,0,0,0,0,0,0,0,-114000,0,0,0,0,114000,-114000,-114000
1217,愛之味          ,232000,346000,-114000,0,0,0,0,0,0,0,0,0,0,0,0,0,-114000
060390,聯鈞群益9A購01  ,0,0,0,0,0,0,0,0,0,-114000,0,0,0,144000,258000,-114000,-114000
058909,神達元大99購03  ,0,0,0,0,0,0,0,0,0,-114000,0,0,0,48000,162000,-114000,-114000
060760,南亞科元大9A購04,0,0,0,0,0,0,0,0,0,-114000,0,0,0,5000,119000,-114000,-114000
063138,聯發科統一01購05,0,0,0,0,0,0,0,0,0,-114000,0,0,0,72000,186000,-114000,-114000
063897,神達群益9C購01  ,0,0,0,0,0,0,0,0,0,-114000,0,0,0,7000,121000,-114000,-114000
063867,全新永豐9C購01  ,0,0,0,0,0,0,0,0,0,-114000,0,0,0,45000,159000,-114000,-114000
064244,GIS統一02購01   ,0,0,0,0,0,0,0,0,0,-114000,0,0,0,0,114000,-114000,-114000
08394P,大立光群益9C售05,0,0,0,0,0,0,0,0,0,-115000,0,0,0,0,115000,-115000,-115000
064915,美律統一02購02  ,0,0,0,0,0,0,0,0,0,-115000,0,0,0,58000,173000,-115000,-115000
07102P,南電元大99售03  ,0,0,0,0,0,0,0,0,0,-115000,0,0,0,0,115000,-115000,-115000
056941,台郡元富9B購01  ,0,0,0,0,0,0,0,0,0,-115000,0,0,0,95000,210000,-115000,-115000
058527,世紀鋼元大99購01,0,0,0,0,0,0,0,0,0,-115000,0,0,0,0,115000,-115000,-115000
064590,牧德永豐9C購01  ,0,0,0,0,0,0,0,0,0,-115000,0,0,0,480000,595000,-115000,-115000
063433,臻鼎元富9B購01  ,0,0,0,0,0,0,0,0,0,-115000,0,0,0,114000,229000,-115000,-115000
063571,TPK元大9B購03   ,0,0,0,0,0,0,0,0,0,-115000,0,0,0,31000,146000,-115000,-115000
062381,上銀國泰9C購01  ,0,0,0,0,0,0,0,0,0,-115000,0,0,0,0,115000,-115000,-115000
062143,大成鋼國票9B購01,0,0,0,0,0,0,0,0,0,-115000,0,0,0,10000,125000,-115000,-115000
07807P,聯茂永豐9A售02  ,0,0,0,0,0,0,0,0,0,-116000,0,0,0,0,116000,-116000,-116000
065105,巨大元大01購01  ,0,0,0,0,0,0,0,0,0,-116000,0,0,0,100000,216000,-116000,-116000
08329P,台達電統一9C售02,0,0,0,0,0,0,0,0,0,-116000,0,0,0,74000,190000,-116000,-116000
057057,立積元大9A購01  ,0,0,0,0,0,0,0,0,0,-116000,0,0,0,0,116000,-116000,-116000
058911,茂林元大99購04  ,0,0,0,0,0,0,0,0,0,-116000,0,0,0,96000,212000,-116000,-116000
064079,英業達中信9C購01,0,0,0,0,0,0,0,0,0,-116000,0,0,0,100000,216000,-116000,-116000
063730,台積電元大9B購09,0,0,0,0,0,0,0,0,0,-116000,0,0,0,0,116000,-116000,-116000
2534,宏盛            ,53000,170000,-117000,0,0,0,0,0,0,0,0,0,0,0,0,0,-117000
1444,力麗            ,155000,272000,-117000,0,0,0,0,0,0,0,0,0,0,0,0,0,-117000
06801P,技嘉群益99售02  ,0,0,0,0,0,0,0,0,0,-117000,0,0,0,15000,132000,-117000,-117000
065079,致茂元大9C購01  ,0,0,0,0,0,0,0,0,0,-118000,0,0,0,13000,131000,-118000,-118000
08451P,南六統一9C售06  ,0,0,0,0,0,0,0,0,0,-118000,0,0,0,41000,159000,-118000,-118000
057553,景碩凱基98購03  ,0,0,0,0,0,0,0,0,0,-118000,0,0,0,115000,233000,-118000,-118000
055261,帆宣統一98購01  ,0,0,0,0,0,0,0,0,0,-118000,0,0,0,150000,268000,-118000,-118000
055536,嘉聯益群益99購02,0,0,0,0,0,0,0,0,0,-118000,0,0,0,0,118000,-118000,-118000
059785,美律元大9A購03  ,0,0,0,0,0,0,0,0,0,-118000,0,0,0,32000,150000,-118000,-118000
064029,宏達電元大9C購01,0,0,0,0,0,0,0,0,0,-118000,0,0,0,115000,233000,-118000,-118000
064215,康控凱基02購01  ,0,0,0,0,0,0,0,0,0,-118000,0,0,0,0,118000,-118000,-118000
064216,矽格凱基01購01  ,0,0,0,0,0,0,0,0,0,-118000,0,0,0,158000,276000,-118000,-118000
064597,鴻海元富9C購03  ,0,0,0,0,0,0,0,0,0,-118000,0,0,0,67000,185000,-118000,-118000
064682,嘉聯益兆豐01購01,0,0,0,0,0,0,0,0,0,-118000,0,0,0,520000,638000,-118000,-118000
062189,康控元大9B購02  ,0,0,0,0,0,0,0,0,0,-118000,0,0,0,0,118000,-118000,-118000
057347,國巨統一9A購03  ,0,0,0,0,0,0,0,0,0,-119000,0,0,0,175000,294000,-119000,-119000
060134,鈺齊群益9A購01  ,0,0,0,0,0,0,0,0,0,-119000,0,0,0,0,119000,-119000,-119000
058984,全新凱基9A購03  ,0,0,0,0,0,0,0,0,0,-119000,0,0,0,0,119000,-119000,-119000
060459,鴻海元大9A購07  ,0,0,0,0,0,0,0,0,0,-119000,0,0,0,9000,128000,-119000,-119000
060451,中石化元大9C購02,0,0,0,0,0,0,0,0,0,-119000,0,0,0,3000,122000,-119000,-119000
062052,華通統一01購01  ,0,0,0,0,0,0,0,0,0,-119000,0,0,0,12000,131000,-119000,-119000
062364,瑞昱元大9B購04  ,0,0,0,0,0,0,0,0,0,-119000,0,0,0,65000,184000,-119000,-119000
064023,智邦元大9C購02  ,0,0,0,0,0,0,0,0,0,-119000,0,0,0,21000,140000,-119000,-119000
063840,鴻海元大01購01  ,0,0,0,0,0,0,0,0,0,-119000,0,0,0,25000,144000,-119000,-119000
065421,康友國票01購01  ,0,0,0,0,0,0,0,0,0,-120000,0,0,0,8000,128000,-120000,-120000
07451P,鴻海元大9B售01  ,0,0,0,0,0,0,0,0,0,-120000,0,0,0,0,120000,-120000,-120000
07568P,鴻海凱基9A售22  ,0,0,0,0,0,0,0,0,0,-120000,0,0,0,0,120000,-120000,-120000
057738,旺宏富邦9A購01  ,0,0,0,0,0,0,0,0,0,-120000,0,0,0,0,120000,-120000,-120000
055689,台郡凱基99購01  ,0,0,0,0,0,0,0,0,0,-120000,0,0,0,30000,150000,-120000,-120000
058851,大立光群益99購07,0,0,0,0,0,0,0,0,0,-120000,0,0,0,15000,135000,-120000,-120000
060804,T50反1群益9A購02,0,0,0,0,0,0,0,0,0,-120000,0,0,0,0,120000,-120000,-120000
063677,台光電國泰9C購02,0,0,0,0,0,0,0,0,0,-120000,0,0,0,0,120000,-120000,-120000
064066,達新永豐9C購01  ,0,0,0,0,0,0,0,0,0,-120000,0,0,0,0,120000,-120000,-120000
062532,聯詠統一9C購01  ,0,0,0,0,0,0,0,0,0,-120000,0,0,0,17000,137000,-120000,-120000
062948,台積電富邦01購02,0,0,0,0,0,0,0,0,0,-120000,0,0,0,5000,125000,-120000,-120000
8039,台虹            ,232000,342000,-110000,0,0,0,0,0,0,-10000,2000,1000,1000,0,11000,-11000,-120000
054586,健鼎國泰99購01  ,0,0,0,0,0,0,0,0,0,-121000,0,0,0,0,121000,-121000,-121000
064078,台積電中信06購04,0,0,0,0,0,0,0,0,0,-121000,0,0,0,35000,156000,-121000,-121000
063741,GIS元大9B購04   ,0,0,0,0,0,0,0,0,0,-121000,0,0,0,68000,189000,-121000,-121000
064284,京鼎元大9C購01  ,0,0,0,0,0,0,0,0,0,-121000,0,0,0,219000,340000,-121000,-121000
065011,智邦國泰02購01  ,0,0,0,0,0,0,0,0,0,-122000,0,0,0,94000,216000,-122000,-122000
065032,TPK兆豐01購01   ,0,0,0,0,0,0,0,0,0,-122000,0,0,0,0,122000,-122000,-122000
07919P,創意永豐9B售01  ,0,0,0,0,0,0,0,0,0,-122000,0,0,0,1000,123000,-122000,-122000
057780,台郡群益98購02  ,0,0,0,0,0,0,0,0,0,-122000,0,0,0,0,122000,-122000,-122000
062729,神達凱基9B購02  ,0,0,0,0,0,0,0,0,0,-122000,0,0,0,38000,160000,-122000,-122000
063435,儒鴻統一01購02  ,0,0,0,0,0,0,0,0,0,-122000,0,0,0,163000,285000,-122000,-122000
063073,瑞昱永豐9B購01  ,0,0,0,0,0,0,0,0,0,-122000,0,0,0,84000,206000,-122000,-122000
6283,淳安            ,157000,279000,-122000,0,0,0,0,0,0,0,0,0,0,0,0,0,-122000
08009P,華擎統一9B售02  ,0,0,0,0,0,0,0,0,0,-123000,0,0,0,0,123000,-123000,-123000
07991P,鴻海群益9C售02  ,0,0,0,0,0,0,0,0,0,-123000,0,0,0,220000,343000,-123000,-123000
3588,通嘉            ,69000,192000,-123000,0,0,0,0,0,0,0,0,0,0,0,0,0,-123000
07818P,台積電國票9C售01,0,0,0,0,0,0,0,0,0,-123000,0,0,0,70000,193000,-123000,-123000
06690P,玉晶光群益9A售05,0,0,0,0,0,0,0,0,0,-123000,0,0,0,109000,232000,-123000,-123000
057886,聯詠群益98購01  ,0,0,0,0,0,0,0,0,0,-123000,0,0,0,8000,131000,-123000,-123000
061661,京鼎永豐9A購02  ,0,0,0,0,0,0,0,0,0,-123000,0,0,0,252000,375000,-123000,-123000
064505,康控元大9C購01  ,0,0,0,0,0,0,0,0,0,-123000,0,0,0,37000,160000,-123000,-123000
063606,TPK凱基9C購01   ,0,0,0,0,0,0,0,0,0,-123000,0,0,0,8000,131000,-123000,-123000
06851P,鈺齊元大98售01  ,0,0,0,0,0,0,0,0,0,-124000,0,0,0,30000,154000,-124000,-124000
065286,瑞昱群益9C購03  ,0,0,0,0,0,0,0,0,0,-124000,0,0,0,5000,129000,-124000,-124000
065334,立積國票01購02  ,0,0,0,0,0,0,0,0,0,-124000,0,0,0,45000,169000,-124000,-124000
08202P,台表科國泰01售04,0,0,0,0,0,0,0,0,0,-124000,0,0,0,0,124000,-124000,-124000
061318,智邦凱基9B購01  ,0,0,0,0,0,0,0,0,0,-124000,0,0,0,13000,137000,-124000,-124000
057767,緯穎凱基98購06  ,0,0,0,0,0,0,0,0,0,-124000,0,0,0,30000,154000,-124000,-124000
05627P,致伸國票97售01  ,0,0,0,0,0,0,0,0,0,-124000,0,0,0,1000,125000,-124000,-124000
060303,宏達電富邦9B購01,0,0,0,0,0,0,0,0,0,-124000,0,0,0,28000,152000,-124000,-124000
064194,燿華群益9C購01  ,0,0,0,0,0,0,0,0,0,-124000,0,0,0,3000,127000,-124000,-124000
08223P,臺股指凱基9B售18,0,0,0,0,0,0,0,0,0,-125000,0,0,0,10000,135000,-125000,-125000
08302P,長榮航國泰02售01,0,0,0,0,0,0,0,0,0,-125000,0,0,0,64000,189000,-125000,-125000
06496P,台灣50日盛98售01,0,0,0,0,0,0,0,0,0,-125000,0,0,0,0,125000,-125000,-125000
06503P,臺股指中信9A售02,0,0,0,0,0,0,0,0,0,-125000,0,0,0,431000,556000,-125000,-125000
07653P,華新科群益9A售05,0,0,0,0,0,0,0,0,0,-125000,0,0,0,0,125000,-125000,-125000
056599,臻鼎元富98購01  ,0,0,0,0,0,0,0,0,0,-125000,0,0,0,10000,135000,-125000,-125000
061912,台積電中信05購05,0,0,0,0,0,0,0,0,0,-125000,0,0,0,78000,203000,-125000,-125000
063560,力山元大9B購05  ,0,0,0,0,0,0,0,0,0,-125000,0,0,0,72000,197000,-125000,-125000
07837P,華邦電元大9A售01,0,0,0,0,0,0,0,0,0,-126000,0,0,0,110000,236000,-126000,-126000
06491P,台積電富邦99售02,0,0,0,0,0,0,0,0,0,-126000,0,0,0,20000,146000,-126000,-126000
08181P,華新科國泰9C售02,0,0,0,0,0,0,0,0,0,-126000,0,0,0,0,126000,-126000,-126000
057062,立積國泰99購01  ,0,0,0,0,0,0,0,0,0,-126000,0,0,0,120000,246000,-126000,-126000
059059,宏達電凱基99購03,0,0,0,0,0,0,0,0,0,-126000,0,0,0,27000,153000,-126000,-126000
058334,鴻海元富99購05  ,0,0,0,0,0,0,0,0,0,-126000,0,0,0,0,126000,-126000,-126000
064227,和碩國票01購01  ,0,0,0,0,0,0,0,0,0,-126000,0,0,0,38000,164000,-126000,-126000
2231,為升            ,23000,40000,-17000,0,0,0,0,109000,-109000,-1000,0,0,0,0,1000,-1000,-127000
065350,華擎統一01購04  ,0,0,0,0,0,0,0,0,0,-127000,0,0,0,55000,182000,-127000,-127000
06844P,智邦元大98售13  ,0,0,0,0,0,0,0,0,0,-127000,0,0,0,0,127000,-127000,-127000
057937,神達群益98購02  ,0,0,0,0,0,0,0,0,0,-127000,0,0,0,98000,225000,-127000,-127000
060596,元黃金凱基9A購02,0,0,0,0,0,0,0,0,0,-127000,0,0,0,5000,132000,-127000,-127000
064083,群創中信06購01  ,0,0,0,0,0,0,0,0,0,-127000,0,0,0,48000,175000,-127000,-127000
064589,聯鈞永豐9C購01  ,0,0,0,0,0,0,0,0,0,-127000,0,0,0,0,127000,-127000,-127000
065318,聯電凱基9C購03  ,0,0,0,0,0,0,0,0,0,-128000,0,0,0,2000,130000,-128000,-128000
08274P,台積電元富9C售02,0,0,0,0,0,0,0,0,0,-128000,0,0,0,10000,138000,-128000,-128000
08084P,台表科元大9B售06,0,0,0,0,0,0,0,0,0,-128000,0,0,0,12000,140000,-128000,-128000
08011P,玉晶光元大9B售05,0,0,0,0,0,0,0,0,0,-128000,0,0,0,0,128000,-128000,-128000
08522P,智邦元大9C售08  ,0,0,0,0,0,0,0,0,0,-128000,0,0,0,16000,144000,-128000,-128000
064349,泰鼎元大9C購02  ,0,0,0,0,0,0,0,0,0,-128000,0,0,0,4000,132000,-128000,-128000
064117,中興電元大9C購01,0,0,0,0,0,0,0,0,0,-128000,0,0,0,22000,150000,-128000,-128000
063082,瑞昱凱基9B購04  ,0,0,0,0,0,0,0,0,0,-128000,0,0,0,43000,171000,-128000,-128000
061457,TPK凱基9A購01   ,0,0,0,0,0,0,0,0,0,-129000,0,0,0,10000,139000,-129000,-129000
059037,宏達電群益99購02,0,0,0,0,0,0,0,0,0,-129000,0,0,0,69000,198000,-129000,-129000
064120,鴻海元大9C購07  ,0,0,0,0,0,0,0,0,0,-129000,0,0,0,15000,144000,-129000,-129000
063915,祥碩凱基01購01  ,0,0,0,0,0,0,0,0,0,-129000,0,0,0,141000,270000,-129000,-129000
064403,正崴凱基01購01  ,0,0,0,0,0,0,0,0,0,-129000,0,0,0,44000,173000,-129000,-129000
07033P,大立光統一9B售03,0,0,0,0,0,0,0,0,0,-130000,0,0,0,0,130000,-130000,-130000
06962P,華新科永豐99售01,0,0,0,0,0,0,0,0,0,-130000,0,0,0,48000,178000,-130000,-130000
07545P,玉晶光凱基9A售07,0,0,0,0,0,0,0,0,0,-130000,0,0,0,100000,230000,-130000,-130000
061950,日月光群益9B購01,0,0,0,0,0,0,0,0,0,-130000,0,0,0,98000,228000,-130000,-130000
060821,SP黃豆元大9A購02,0,0,0,0,0,0,0,0,0,-130000,0,0,0,0,130000,-130000,-130000
063281,京元電元大9B購01,0,0,0,0,0,0,0,0,0,-130000,0,0,0,138000,268000,-130000,-130000
062475,道瓊反國票9B購02,0,0,0,0,0,0,0,0,0,-130000,0,0,0,0,130000,-130000,-130000
06242P,大立光元富9A售02,0,0,0,0,0,0,0,0,0,-130000,0,0,0,25000,155000,-130000,-130000
1714,和桐            ,85000,216000,-131000,0,0,0,0,0,0,0,0,0,0,0,0,0,-131000
064158,健鼎統一02購01  ,0,0,0,0,0,0,0,0,0,-131000,0,0,0,42000,173000,-131000,-131000
08398P,台積電元富9C售04,0,0,0,0,0,0,0,0,0,-132000,0,0,0,122000,254000,-132000,-132000
08149P,祥碩群益9B售07  ,0,0,0,0,0,0,0,0,0,-132000,0,0,0,38000,170000,-132000,-132000
061669,崇越中信9A購01  ,0,0,0,0,0,0,0,0,0,-132000,0,0,0,48000,180000,-132000,-132000
062539,可成國泰01購01  ,0,0,0,0,0,0,0,0,0,-132000,0,0,0,124000,256000,-132000,-132000
8163,達方            ,115000,178000,-63000,0,0,0,0,1000,-1000,-68000,0,3000,-3000,0,65000,-65000,-132000
065219,緯穎國泰01購01  ,0,0,0,0,0,0,0,0,0,-133000,0,0,0,24000,157000,-133000,-133000
064211,友達凱基02購01  ,0,0,0,0,0,0,0,0,0,-133000,0,0,0,106000,239000,-133000,-133000
064803,智邦元大9C購05  ,0,0,0,0,0,0,0,0,0,-133000,0,0,0,26000,159000,-133000,-133000
4155,訊映            ,22000,155000,-133000,0,0,0,0,0,0,0,0,0,0,0,0,0,-133000
065366,英業達元大9C購02,0,0,0,0,0,0,0,0,0,-134000,0,0,0,31000,165000,-134000,-134000
2103,台橡            ,134000,268000,-134000,0,0,0,0,0,0,0,0,0,0,0,0,0,-134000
058771,神達兆豐99購01  ,0,0,0,0,0,0,0,0,0,-134000,0,0,0,0,134000,-134000,-134000
1218,泰山            ,33000,168000,-135000,0,0,0,0,0,0,0,0,0,0,0,0,0,-135000
07140P,台灣50日盛99售01,0,0,0,0,0,0,0,0,0,-135000,0,0,0,405000,540000,-135000,-135000
054891,聯鈞統一99購02  ,0,0,0,0,0,0,0,0,0,-135000,0,0,0,0,135000,-135000,-135000
059872,華新科凱基01購01,0,0,0,0,0,0,0,0,0,-135000,0,0,0,0,135000,-135000,-135000
058147,鈺齊元大99購01  ,0,0,0,0,0,0,0,0,0,-135000,0,0,0,0,135000,-135000,-135000
064163,康控統一01購01  ,0,0,0,0,0,0,0,0,0,-135000,0,0,0,0,135000,-135000,-135000
064095,鴻海群益01購02  ,0,0,0,0,0,0,0,0,0,-135000,0,0,0,171000,306000,-135000,-135000
5522,遠雄            ,390000,519000,-129000,0,0,0,3000,0,3000,-9000,20000,29000,-9000,0,0,0,-135000
065478,緯創元大9C購03  ,0,0,0,0,0,0,0,0,0,-136000,0,0,0,85000,221000,-136000,-136000
065039,國巨凱基02購02  ,0,0,0,0,0,0,0,0,0,-136000,0,0,0,50000,186000,-136000,-136000
08139P,華新科元大9B售12,0,0,0,0,0,0,0,0,0,-136000,0,0,0,0,136000,-136000,-136000
057275,友達元大9A購04  ,0,0,0,0,0,0,0,0,0,-136000,0,0,0,64000,200000,-136000,-136000
061536,華擎統一9C購02  ,0,0,0,0,0,0,0,0,0,-136000,0,0,0,161000,297000,-136000,-136000
058587,台積電中信9C購03,0,0,0,0,0,0,0,0,0,-136000,0,0,0,180000,316000,-136000,-136000
1514,亞力            ,23000,160000,-137000,0,0,0,0,0,0,0,0,0,0,0,0,0,-137000
057282,大立光元大99購06,0,0,0,0,0,0,0,0,0,-137000,0,0,0,20000,157000,-137000,-137000
061034,晶豪科永豐9A購01,0,0,0,0,0,0,0,0,0,-137000,0,0,0,0,137000,-137000,-137000
060230,台積電元大9A購07,0,0,0,0,0,0,0,0,0,-137000,0,0,0,11000,148000,-137000,-137000
062053,華通統一9C購02  ,0,0,0,0,0,0,0,0,0,-137000,0,0,0,39000,176000,-137000,-137000
061986,晶豪科元大9B購01,0,0,0,0,0,0,0,0,0,-137000,0,0,0,4000,141000,-137000,-137000
064348,TPK元大9C購03   ,0,0,0,0,0,0,0,0,0,-137000,0,0,0,15000,152000,-137000,-137000
062804,玉晶光統一9C購04,0,0,0,0,0,0,0,0,0,-137000,0,0,0,65000,202000,-137000,-137000
2480,敦陽科          ,142000,104000,38000,0,0,0,0,0,0,-176000,0,176000,-176000,0,0,0,-138000
057536,康控元大99購03  ,0,0,0,0,0,0,0,0,0,-138000,0,0,0,38000,176000,-138000,-138000
064551,鈺齊凱基9C購02  ,0,0,0,0,0,0,0,0,0,-138000,0,0,0,0,138000,-138000,-138000
064575,鈺齊群益9C購01  ,0,0,0,0,0,0,0,0,0,-138000,0,0,0,0,138000,-138000,-138000
064901,牧德群益9C購01  ,0,0,0,0,0,0,0,0,0,-139000,0,0,0,136000,275000,-139000,-139000
059986,宏達電元大99購08,0,0,0,0,0,0,0,0,0,-139000,0,0,0,20000,159000,-139000,-139000
064714,和大統一02購02  ,0,0,0,0,0,0,0,0,0,-139000,0,0,0,2000,141000,-139000,-139000
064847,金像電元富9C購01,0,0,0,0,0,0,0,0,0,-139000,0,0,0,26000,165000,-139000,-139000
063160,牧德富邦9C購02  ,0,0,0,0,0,0,0,0,0,-139000,0,0,0,0,139000,-139000,-139000
063396,金像電群益9C購01,0,0,0,0,0,0,0,0,0,-139000,0,0,0,57000,196000,-139000,-139000
07414P,台積電元大99售51,0,0,0,0,0,0,0,0,0,-140000,0,0,0,0,140000,-140000,-140000
07354P,臺股指國票99售22,0,0,0,0,0,0,0,0,0,-140000,0,0,0,0,140000,-140000,-140000
07707P,玉山金元大9A售03,0,0,0,0,0,0,0,0,0,-140000,0,0,0,206000,346000,-140000,-140000
08457P,大毅元大9C售03  ,0,0,0,0,0,0,0,0,0,-140000,0,0,0,22000,162000,-140000,-140000
08316P,祥碩元大9C售04  ,0,0,0,0,0,0,0,0,0,-140000,0,0,0,116000,256000,-140000,-140000
05631P,國巨富邦9A售01  ,0,0,0,0,0,0,0,0,0,-140000,0,0,0,70000,210000,-140000,-140000
062036,致新群益9B購01  ,0,0,0,0,0,0,0,0,0,-140000,0,0,0,79000,219000,-140000,-140000
07685P,玉晶光凱基9B售03,0,0,0,0,0,0,0,0,0,-141000,0,0,0,58000,199000,-141000,-141000
057495,牧德元大99購04  ,0,0,0,0,0,0,0,0,0,-141000,0,0,0,79000,220000,-141000,-141000
065092,健鼎元大9C購02  ,0,0,0,0,0,0,0,0,0,-142000,0,0,0,43000,185000,-142000,-142000
08341P,國泰金台新9C售01,0,0,0,0,0,0,0,0,0,-142000,0,0,0,10000,152000,-142000,-142000
060716,新唐永豐9A購01  ,0,0,0,0,0,0,0,0,0,-142000,0,0,0,20000,162000,-142000,-142000
064570,TPK群益9C購03   ,0,0,0,0,0,0,0,0,0,-142000,0,0,0,59000,201000,-142000,-142000
056202,國揚永豐97購01  ,0,0,0,0,0,0,0,0,0,-143000,0,0,0,0,143000,-143000,-143000
063314,美律群益9B購01  ,0,0,0,0,0,0,0,0,0,-143000,0,0,0,94000,237000,-143000,-143000
065078,台積電元大02購01,0,0,0,0,0,0,0,0,0,-144000,0,0,0,20000,164000,-144000,-144000
056609,楠梓電永豐98購02,0,0,0,0,0,0,0,0,0,-144000,0,0,0,0,144000,-144000,-144000
055814,晶豪科國票97購02,0,0,0,0,0,0,0,0,0,-144000,0,0,0,0,144000,-144000,-144000
058515,健鼎元大99購01  ,0,0,0,0,0,0,0,0,0,-144000,0,0,0,102000,246000,-144000,-144000
062708,立積元大9B購01  ,0,0,0,0,0,0,0,0,0,-144000,0,0,0,44000,188000,-144000,-144000
03658C,T50反1元大9A牛02,0,0,0,0,0,0,0,0,0,-145000,0,0,0,0,145000,-145000,-145000
057083,立積統一98購01  ,0,0,0,0,0,0,0,0,0,-145000,0,0,0,5000,150000,-145000,-145000
059519,台郡永豐99購01  ,0,0,0,0,0,0,0,0,0,-145000,0,0,0,50000,195000,-145000,-145000
061842,牧德凱基9C購01  ,0,0,0,0,0,0,0,0,0,-145000,0,0,0,112000,257000,-145000,-145000
058936,國喬中信99購01  ,0,0,0,0,0,0,0,0,0,-145000,0,0,0,20000,165000,-145000,-145000
062906,全新元大9B購03  ,0,0,0,0,0,0,0,0,0,-145000,0,0,0,67000,212000,-145000,-145000
063091,聯電中信9B購01  ,0,0,0,0,0,0,0,0,0,-145000,0,0,0,100000,245000,-145000,-145000
064503,日電貿元大9C購01,0,0,0,0,0,0,0,0,0,-145000,0,0,0,77000,222000,-145000,-145000
064057,緯穎統一02購01  ,0,0,0,0,0,0,0,0,0,-145000,0,0,0,40000,185000,-145000,-145000
065146,帆宣凱基9C購01  ,0,0,0,0,0,0,0,0,0,-146000,0,0,0,0,146000,-146000,-146000
07967P,力山元大9B售03  ,0,0,0,0,0,0,0,0,0,-146000,0,0,0,11000,157000,-146000,-146000
2331,精英            ,160000,332000,-172000,0,0,0,0,0,0,26000,26000,0,26000,0,0,0,-146000
057135,立積凱基98購01  ,0,0,0,0,0,0,0,0,0,-146000,0,0,0,30000,176000,-146000,-146000
5876,上海商銀        ,1725945,1865000,-139055,0,0,0,0,0,0,-7000,0,21000,-21000,15000,1000,14000,-146055
064947,台積電凱基01購08,0,0,0,0,0,0,0,0,0,-147000,0,0,0,11000,158000,-147000,-147000
057043,台積電元大99購02,0,0,0,0,0,0,0,0,0,-147000,0,0,0,207000,354000,-147000,-147000
062226,臻鼎統一9B購01  ,0,0,0,0,0,0,0,0,0,-147000,0,0,0,47000,194000,-147000,-147000
064149,美律統一02購01  ,0,0,0,0,0,0,0,0,0,-147000,0,0,0,0,147000,-147000,-147000
6166,凌華            ,272000,373272,-101272,0,0,0,0,0,0,-46000,0,1000,-1000,0,45000,-45000,-147272
4943,康控-KY         ,178000,352897,-174897,0,0,0,0,0,0,27000,0,0,0,49000,22000,27000,-147897
2495,普安            ,27000,174000,-147000,0,0,0,0,0,0,-1000,0,1000,-1000,0,0,0,-148000
08067P,大立光凱基9B售08,0,0,0,0,0,0,0,0,0,-148000,0,0,0,10000,158000,-148000,-148000
061262,智邦凱基9A購02  ,0,0,0,0,0,0,0,0,0,-148000,0,0,0,0,148000,-148000,-148000
054480,和碩中信98購01  ,0,0,0,0,0,0,0,0,0,-148000,0,0,0,0,148000,-148000,-148000
062113,瑞祺國票9B購01  ,0,0,0,0,0,0,0,0,0,-148000,0,0,0,10000,158000,-148000,-148000
058337,日月光元富99購01,0,0,0,0,0,0,0,0,0,-148000,0,0,0,0,148000,-148000,-148000
060009,南亞科群益99購03,0,0,0,0,0,0,0,0,0,-148000,0,0,0,0,148000,-148000,-148000
06438P,玉晶光國票99售02,0,0,0,0,0,0,0,0,0,-148000,0,0,0,25000,173000,-148000,-148000
063313,南亞科群益9B購02,0,0,0,0,0,0,0,0,0,-148000,0,0,0,0,148000,-148000,-148000
2636,台驊投控        ,39000,188000,-149000,0,0,0,0,0,0,0,0,0,0,0,0,0,-149000
060964,日月光凱基9A購01,0,0,0,0,0,0,0,0,0,-149000,0,0,0,1000,150000,-149000,-149000
062494,中石化中信9C購01,0,0,0,0,0,0,0,0,0,-149000,0,0,0,0,149000,-149000,-149000
062339,瑞昱麥證9C購01  ,0,0,0,14000,168000,-154000,0,0,0,-149000,0,0,0,19000,168000,-149000,-149000
064278,高鐵元大9C購02  ,0,0,0,0,0,0,0,0,0,-149000,0,0,0,92000,241000,-149000,-149000
065229,友達凱基02購03  ,0,0,0,0,0,0,0,0,0,-150000,0,0,0,50000,200000,-150000,-150000
06523P,台積電麥證98售02,0,0,0,0,150000,-150000,0,0,0,-150000,0,0,0,0,150000,-150000,-150000
07410P,鴻海元大99售44  ,0,0,0,0,0,0,0,0,0,-150000,0,0,0,0,150000,-150000,-150000
06926P,可成群益9A售04  ,0,0,0,0,0,0,0,0,0,-150000,0,0,0,0,150000,-150000,-150000
055271,鴻海元大98購03  ,0,0,0,0,0,0,0,0,0,-150000,0,0,0,131000,281000,-150000,-150000
056448,全新凱基99購01  ,0,0,0,0,0,0,0,0,0,-150000,0,0,0,0,150000,-150000,-150000
058678,南亞科日盛99購01,0,0,0,0,0,0,0,0,0,-150000,0,0,0,190000,340000,-150000,-150000
059786,全新元大99購06  ,0,0,0,0,0,0,0,0,0,-150000,0,0,0,14000,164000,-150000,-150000
059058,可成凱基9B購01  ,0,0,0,0,0,0,0,0,0,-150000,0,0,0,2000,152000,-150000,-150000
064452,微星統一01購02  ,0,0,0,0,0,0,0,0,0,-150000,0,0,0,111000,261000,-150000,-150000
064786,GIS群益9C購04   ,0,0,0,0,0,0,0,0,0,-150000,0,0,0,1000,151000,-150000,-150000
063637,聯發科元大9C購02,0,0,0,0,0,0,0,0,0,-150000,0,0,0,105000,255000,-150000,-150000
063673,GIS統一9C購02   ,0,0,0,0,0,0,0,0,0,-150000,0,0,0,0,150000,-150000,-150000
062932,滬深2X凱基01購01,0,0,0,0,0,0,0,0,0,-150000,0,0,0,0,150000,-150000,-150000
062688,華擎統一01購03  ,0,0,0,0,0,0,0,0,0,-150000,0,0,0,26000,176000,-150000,-150000
064969,達新元大9C購01  ,0,0,0,0,0,0,0,0,0,-151000,0,0,0,271000,422000,-151000,-151000
064977,玉晶光元大01購03,0,0,0,0,0,0,0,0,0,-151000,0,0,0,42000,193000,-151000,-151000
2537,聯上發          ,68000,219000,-151000,0,0,0,0,0,0,0,0,0,0,0,0,0,-151000
1907,永豐餘          ,74000,225000,-151000,0,0,0,0,0,0,0,0,0,0,0,0,0,-151000
08554P,玉晶光國票01售06,0,0,0,0,0,0,0,0,0,-151000,0,0,0,364000,515000,-151000,-151000
057442,玉晶光統一98購03,0,0,0,0,0,0,0,0,0,-151000,0,0,0,358000,509000,-151000,-151000
07999P,台達電凱基9B售02,0,0,0,0,0,0,0,0,0,-152000,0,0,0,68000,220000,-152000,-152000
065482,立積元大01購02  ,0,0,0,0,0,0,0,0,0,-152000,0,0,0,0,152000,-152000,-152000
06717P,可成元大98售09  ,0,0,0,0,0,0,0,0,0,-152000,0,0,0,0,152000,-152000,-152000
07034P,大立光元富99售03,0,0,0,0,0,0,0,0,0,-152000,0,0,0,71000,223000,-152000,-152000
056219,T50反1日盛02購01,0,0,0,0,0,0,0,0,0,-152000,0,0,0,0,152000,-152000,-152000
064443,同欣電凱基03購01,0,0,0,0,0,0,0,0,0,-152000,0,0,0,45000,197000,-152000,-152000
06906P,國巨國泰99售01  ,0,0,0,0,0,0,0,0,0,-153000,0,0,0,100000,253000,-153000,-153000
8249,菱光            ,35000,188000,-153000,0,0,0,0,0,0,0,0,0,0,0,0,0,-153000
061265,富邦金凱基9B購01,0,0,0,0,0,0,0,0,0,-154000,0,0,0,22000,176000,-154000,-154000
057772,台積電群益99購01,0,0,0,0,0,0,0,0,0,-154000,0,0,0,5000,159000,-154000,-154000
063685,鴻海永豐9B購03  ,0,0,0,0,0,0,0,0,0,-154000,0,0,0,10000,164000,-154000,-154000
06921P,台光電凱基98售06,0,0,0,0,0,0,0,0,0,-155000,0,0,0,60000,215000,-155000,-155000
059878,聯茂凱基99購07  ,0,0,0,0,0,0,0,0,0,-155000,0,0,0,0,155000,-155000,-155000
064506,康控元大9C購02  ,0,0,0,0,0,0,0,0,0,-155000,0,0,0,0,155000,-155000,-155000
064377,宏達電元富9C購01,0,0,0,0,0,0,0,0,0,-155000,0,0,0,100000,255000,-155000,-155000
062709,帆宣元大9B購01  ,0,0,0,0,0,0,0,0,0,-155000,0,0,0,1000,156000,-155000,-155000
064966,FBVIX元大9C購03 ,0,0,0,0,0,0,0,0,0,-156000,0,0,0,20000,176000,-156000,-156000
060713,聯詠永豐9A購01  ,0,0,0,0,0,0,0,0,0,-156000,0,0,0,50000,206000,-156000,-156000
06050P,玉晶光國票98售01,0,0,0,0,0,0,0,0,0,-156000,0,0,0,21000,177000,-156000,-156000
063924,致新元富9C購01  ,0,0,0,0,0,0,0,0,0,-156000,0,0,0,155000,311000,-156000,-156000
1313,聯成            ,108000,265000,-157000,0,0,0,0,0,0,0,0,0,0,0,0,0,-157000
055876,美食元富9A購01  ,0,0,0,0,0,0,0,0,0,-157000,0,0,0,53000,210000,-157000,-157000
054808,東元元大9A購01  ,0,0,0,0,0,0,0,0,0,-157000,0,0,0,55000,212000,-157000,-157000
063575,矽格元大9B購02  ,0,0,0,0,0,0,0,0,0,-157000,0,0,0,135000,292000,-157000,-157000
057118,欣興日盛9A購01  ,0,0,0,0,0,0,0,0,0,-158000,0,0,0,32000,190000,-158000,-158000
056376,玉晶光統一98購01,0,0,0,0,0,0,0,0,0,-158000,0,0,0,12000,170000,-158000,-158000
061152,微星群益9A購01  ,0,0,0,0,0,0,0,0,0,-158000,0,0,0,10000,168000,-158000,-158000
060157,致茂永豐9A購02  ,0,0,0,0,0,0,0,0,0,-158000,0,0,0,100000,258000,-158000,-158000
063948,高鐵元大9C購01  ,0,0,0,0,0,0,0,0,0,-158000,0,0,0,56000,214000,-158000,-158000
1722,台肥            ,177000,334068,-157068,0,0,0,10000,2000,8000,-9000,0,9000,-9000,0,0,0,-158068
2913,農林            ,40000,199000,-159000,0,0,0,0,0,0,0,0,0,0,0,0,0,-159000
057231,美律凱基98購05  ,0,0,0,0,0,0,0,0,0,-159000,0,0,0,1000,160000,-159000,-159000
058714,美律統一9B購01  ,0,0,0,0,0,0,0,0,0,-159000,0,0,0,0,159000,-159000,-159000
061792,和大永豐9B購01  ,0,0,0,0,0,0,0,0,0,-159000,0,0,0,30000,189000,-159000,-159000
059043,聯電日盛99購01  ,0,0,0,0,0,0,0,0,0,-159000,0,0,0,91000,250000,-159000,-159000
064426,群創兆豐9C購01  ,0,0,0,0,0,0,0,0,0,-159000,0,0,0,0,159000,-159000,-159000
08094P,華新科元富9B售05,0,0,0,0,0,0,0,0,0,-160000,0,0,0,3000,163000,-160000,-160000
06662P,玉晶光中信9A售01,0,0,0,0,0,0,0,0,0,-160000,0,0,0,0,160000,-160000,-160000
056508,揚明光永豐98購01,0,0,0,0,0,0,0,0,0,-160000,0,0,0,0,160000,-160000,-160000
058997,鴻海元大99購21  ,0,0,0,0,0,0,0,0,0,-160000,0,0,0,79000,239000,-160000,-160000
058156,超眾統一9A購02  ,0,0,0,0,0,0,0,0,0,-160000,0,0,0,189000,349000,-160000,-160000
058363,全新凱基9A購02  ,0,0,0,0,0,0,0,0,0,-160000,0,0,0,0,160000,-160000,-160000
059375,道瓊反群益9C購02,0,0,0,0,0,0,0,0,0,-160000,0,0,0,0,160000,-160000,-160000
07559P,祥碩元大9A售03  ,0,0,0,0,0,0,0,0,0,-161000,0,0,0,0,161000,-161000,-161000
056634,為升兆豐99購01  ,0,0,0,0,0,0,0,0,0,-161000,0,0,0,0,161000,-161000,-161000
064379,TPK元富9C購01   ,0,0,0,0,0,0,0,0,0,-161000,0,0,0,70000,231000,-161000,-161000
060793,微星永豐9A購01  ,0,0,0,0,0,0,0,0,0,-162000,0,0,0,0,162000,-162000,-162000
061782,智邦群益9B購01  ,0,0,0,0,0,0,0,0,0,-162000,0,0,0,5000,167000,-162000,-162000
064571,帆宣群益9C購01  ,0,0,0,0,0,0,0,0,0,-162000,0,0,0,142000,304000,-162000,-162000
062875,瑞昱兆豐9C購01  ,0,0,0,0,0,0,0,0,0,-162000,0,0,0,39000,201000,-162000,-162000
062386,京鼎國泰9C購01  ,0,0,0,0,0,0,0,0,0,-162000,0,0,0,225000,387000,-162000,-162000
2547,日勝生          ,127000,290000,-163000,0,0,0,0,0,0,0,0,0,0,0,0,0,-163000
058776,台積電國票9A購03,0,0,0,0,0,0,0,0,0,-163000,0,0,0,1186000,1349000,-163000,-163000
064568,聯鈞群益9C購01  ,0,0,0,0,0,0,0,0,0,-163000,0,0,0,316000,479000,-163000,-163000
064618,南亞科元大9C購04,0,0,0,0,0,0,0,0,0,-163000,0,0,0,0,163000,-163000,-163000
064816,訊芯元大9C購01  ,0,0,0,0,0,0,0,0,0,-163000,0,0,0,193000,356000,-163000,-163000
07076P,鴻海凱基9A售08  ,0,0,0,0,0,0,0,0,0,-164000,0,0,0,50000,214000,-164000,-164000
065449,中租統一9C購01  ,0,0,0,0,0,0,0,0,0,-164000,0,0,0,0,164000,-164000,-164000
060534,友達麥證9A購01  ,0,0,0,5000,169000,-164000,0,0,0,-164000,0,0,0,5000,169000,-164000,-164000
06661P,玉晶光永豐98售05,0,0,0,0,0,0,0,0,0,-165000,0,0,0,0,165000,-165000,-165000
062124,大立光統一9B購09,0,0,0,0,0,0,0,0,0,-165000,0,0,0,3000,168000,-165000,-165000
062328,南亞科統一9C購01,0,0,0,0,0,0,0,0,0,-165000,0,0,0,1000,166000,-165000,-165000
064768,仁寶中信03購01  ,0,0,0,0,0,0,0,0,0,-165000,0,0,0,48000,213000,-165000,-165000
064287,日月光元大9C購01,0,0,0,0,0,0,0,0,0,-165000,0,0,0,9000,174000,-165000,-165000
063536,美食統一01購01  ,0,0,0,0,0,0,0,0,0,-165000,0,0,0,102000,267000,-165000,-165000
08315P,台積電元大9C售08,0,0,0,0,0,0,0,0,0,-166000,0,0,0,35000,201000,-166000,-166000
08286P,大立光凱基9C售04,0,0,0,0,0,0,0,0,0,-166000,0,0,0,0,166000,-166000,-166000
059695,聯鈞永豐99購02  ,0,0,0,0,0,0,0,0,0,-166000,0,0,0,190000,356000,-166000,-166000
063559,力山元大9B購04  ,0,0,0,0,0,0,0,0,0,-166000,0,0,0,10000,176000,-166000,-166000
063846,智邦元大9C購01  ,0,0,0,0,0,0,0,0,0,-166000,0,0,0,24000,190000,-166000,-166000
08121P,聯發科國票9B售05,0,0,0,0,0,0,0,0,0,-167000,0,0,0,95000,262000,-167000,-167000
062921,GIS元大9B購01   ,0,0,0,0,0,0,0,0,0,-167000,0,0,0,9000,176000,-167000,-167000
057416,T50反1凱基9C購01,0,0,0,0,0,0,0,0,0,-168000,0,0,0,12000,180000,-168000,-168000
062908,晶豪科元大9B購03,0,0,0,0,0,0,0,0,0,-168000,0,0,0,30000,198000,-168000,-168000
063930,高鐵統一02購02  ,0,0,0,0,0,0,0,0,0,-168000,0,0,0,0,168000,-168000,-168000
1904,正隆            ,309000,444823,-135823,0,0,0,0,0,0,-33000,0,0,0,0,33000,-33000,-168823
058604,華邦電元大99購03,0,0,0,0,0,0,0,0,0,-169000,0,0,0,0,169000,-169000,-169000
2535,達欣工          ,11000,135206,-124206,0,0,0,0,0,0,-44885,85000,129885,-44885,0,0,0,-169091
056939,康控元富98購01  ,0,0,0,0,0,0,0,0,0,-170000,0,0,0,0,170000,-170000,-170000
061315,滬深2X凱基9C購06,0,0,0,0,0,0,0,0,0,-170000,0,0,0,0,170000,-170000,-170000
058734,康友永豐99購01  ,0,0,0,0,0,0,0,0,0,-170000,0,0,0,0,170000,-170000,-170000
059139,全新兆豐9A購01  ,0,0,0,0,0,0,0,0,0,-170000,0,0,0,50000,220000,-170000,-170000
063176,南亞科兆豐9B購01,0,0,0,0,0,0,0,0,0,-170000,0,0,0,30000,200000,-170000,-170000
5388,中磊            ,335000,493000,-158000,0,0,0,0,0,0,-13000,0,2000,-2000,5000,16000,-11000,-171000
057945,京鼎國票99購03  ,0,0,0,0,0,0,0,0,0,-172000,0,0,0,145000,317000,-172000,-172000
056638,臺股指日盛98購01,0,0,0,0,0,0,0,0,0,-172000,0,0,0,158000,330000,-172000,-172000
064352,嘉聯益元大9C購01,0,0,0,0,0,0,0,0,0,-172000,0,0,0,150000,322000,-172000,-172000
5871,中租-KY         ,1152000,1103480,48520,0,0,0,0,5000,-5000,-216000,1000,139000,-138000,4000,82000,-78000,-172480
057912,美律日盛99購01  ,0,0,0,0,0,0,0,0,0,-173000,0,0,0,0,173000,-173000,-173000
062011,上銀富邦9C購01  ,0,0,0,0,0,0,0,0,0,-173000,0,0,0,0,173000,-173000,-173000
060232,友訊元大9C購01  ,0,0,0,0,0,0,0,0,0,-173000,0,0,0,15000,188000,-173000,-173000
1455,集盛            ,143000,317000,-174000,0,0,0,0,0,0,0,0,0,0,0,0,0,-174000
056277,上銀富邦99購02  ,0,0,0,0,0,0,0,0,0,-174000,0,0,0,0,174000,-174000,-174000
061903,宏全永豐9B購01  ,0,0,0,0,0,0,0,0,0,-174000,0,0,0,7000,181000,-174000,-174000
063920,大立光元富03購02,0,0,0,0,0,0,0,0,0,-174000,0,0,0,85000,259000,-174000,-174000
08299P,玉晶光國票02售01,0,0,0,0,0,0,0,0,0,-175000,0,0,0,55000,230000,-175000,-175000
060079,台郡台新99購03  ,0,0,0,0,0,0,0,0,0,-175000,0,0,0,0,175000,-175000,-175000
062428,超眾統一9B購01  ,0,0,0,0,0,0,0,0,0,-175000,0,0,0,101000,276000,-175000,-175000
08157P,大立光元富9B售06,0,0,0,0,0,0,0,0,0,-176000,0,0,0,59000,235000,-176000,-176000
058722,台郡元富99購01  ,0,0,0,0,0,0,0,0,0,-176000,0,0,0,166000,342000,-176000,-176000
063593,GIS永豐9B購01   ,0,0,0,0,0,0,0,0,0,-176000,0,0,0,5000,181000,-176000,-176000
8104,錸寶            ,230000,409000,-179000,0,0,0,0,0,0,3000,3000,0,3000,0,0,0,-176000
2371,大同            ,1105000,1263000,-158000,0,0,0,0,0,0,-19000,16000,35000,-19000,0,0,0,-177000
059855,緯穎永豐99購04  ,0,0,0,0,0,0,0,0,0,-177000,0,0,0,0,177000,-177000,-177000
060297,和碩元大9A購02  ,0,0,0,0,0,0,0,0,0,-177000,0,0,0,45000,222000,-177000,-177000
061157,聯鈞群益9A購02  ,0,0,0,0,0,0,0,0,0,-177000,0,0,0,160000,337000,-177000,-177000
058244,神達元大99購02  ,0,0,0,0,0,0,0,0,0,-177000,0,0,0,78000,255000,-177000,-177000
1723,中碳            ,14410,190000,-175590,0,0,0,0,0,0,-2000,0,2000,-2000,0,0,0,-177590
06701P,臺股指統一99售06,0,0,0,0,0,0,0,0,0,-178000,0,0,0,178000,356000,-178000,-178000
064232,鴻海統一01購04  ,0,0,0,0,0,0,0,0,0,-179000,0,0,0,65000,244000,-179000,-179000
064552,巨大凱基01購01  ,0,0,0,0,0,0,0,0,0,-179000,0,0,0,61000,240000,-179000,-179000
06889P,臺股指元大98售13,0,0,0,0,0,0,0,0,0,-180000,0,0,0,0,180000,-180000,-180000
065242,巨大凱基01購02  ,0,0,0,0,0,0,0,0,0,-180000,0,0,0,0,180000,-180000,-180000
2903,遠百            ,91000,263000,-172000,0,0,0,0,0,0,-8000,0,8000,-8000,0,0,0,-180000
057063,立積國泰9A購01  ,0,0,0,0,0,0,0,0,0,-180000,0,0,0,10000,190000,-180000,-180000
062219,燿華統一9B購01  ,0,0,0,0,0,0,0,0,0,-180000,0,0,0,138000,318000,-180000,-180000
061173,T50反1凱基04購01,0,0,0,0,0,0,0,0,0,-180000,0,0,0,0,180000,-180000,-180000
060084,聯電元大99購02  ,0,0,0,0,0,0,0,0,0,-180000,0,0,0,186000,366000,-180000,-180000
064442,嘉聯益凱基9C購01,0,0,0,0,0,0,0,0,0,-180000,0,0,0,153000,333000,-180000,-180000
063684,上銀永豐9B購02  ,0,0,0,0,0,0,0,0,0,-180000,0,0,0,0,180000,-180000,-180000
064903,新唐群益9C購01  ,0,0,0,0,0,0,0,0,0,-181000,0,0,0,6000,187000,-181000,-181000
058093,神達元大9A購01  ,0,0,0,0,0,0,0,0,0,-181000,0,0,0,101000,282000,-181000,-181000
064313,嘉晶群益9C購02  ,0,0,0,0,0,0,0,0,0,-181000,0,0,0,0,181000,-181000,-181000
059130,台灣50群益9B購05,0,0,0,0,0,0,0,0,0,-182000,0,0,0,0,182000,-182000,-182000
060212,華航康和9A購01  ,0,0,0,0,0,0,0,0,0,-182000,0,0,0,0,182000,-182000,-182000
060286,佳世達元大9C購01,0,0,0,0,0,0,0,0,0,-182000,0,0,0,62000,244000,-182000,-182000
063667,全新統一01購02  ,0,0,0,0,0,0,0,0,0,-182000,0,0,0,3000,185000,-182000,-182000
064053,祥碩統一02購01  ,0,0,0,0,0,0,0,0,0,-182000,0,0,0,652000,834000,-182000,-182000
062867,東元中信9B購01  ,0,0,0,0,0,0,0,0,0,-182000,0,0,0,0,182000,-182000,-182000
4737,華廣            ,14000,196000,-182000,0,0,0,0,0,0,0,0,0,0,0,0,0,-182000
1409,新纖            ,386000,569000,-183000,0,0,0,0,0,0,0,0,0,0,0,0,0,-183000
056835,聯電元富99購01  ,0,0,0,0,0,0,0,0,0,-183000,0,0,0,206000,389000,-183000,-183000
064004,全新凱基01購01  ,0,0,0,0,0,0,0,0,0,-183000,0,0,0,0,183000,-183000,-183000
4414,如興            ,146000,333000,-187000,0,0,0,0,0,0,4000,4000,0,4000,0,0,0,-183000
1449,佳和            ,88000,272000,-184000,0,0,0,0,0,0,0,0,0,0,0,0,0,-184000
060695,同欣電麥證9A購01,0,0,0,16000,200000,-184000,0,0,0,-184000,0,0,0,16000,200000,-184000,-184000
063481,緯穎元大9B購08  ,0,0,0,0,0,0,0,0,0,-184000,0,0,0,50000,234000,-184000,-184000
064979,華擎元大9C購04  ,0,0,0,0,0,0,0,0,0,-185000,0,0,0,198000,383000,-185000,-185000
060653,全新群益9A購02  ,0,0,0,0,0,0,0,0,0,-185000,0,0,0,0,185000,-185000,-185000
064542,聯電凱基02購01  ,0,0,0,0,0,0,0,0,0,-185000,0,0,0,100000,285000,-185000,-185000
2357,華碩            ,4327000,3177009,1149991,0,0,0,564000,45000,519000,-1854000,133000,717000,-584000,0,1270000,-1270000,-185009
064959,巨大凱基9C購02  ,0,0,0,0,0,0,0,0,0,-186000,0,0,0,36000,222000,-186000,-186000
054472,道瓊反中信9A購01,0,0,0,0,0,0,0,0,0,-186000,0,0,0,273000,459000,-186000,-186000
03678C,臺股指凱基01牛02,0,0,0,0,0,0,0,0,0,-186000,0,0,0,3000,189000,-186000,-186000
058154,泰碩統一9A購01  ,0,0,0,0,0,0,0,0,0,-186000,0,0,0,120000,306000,-186000,-186000
064297,台郡國票01購01  ,0,0,0,0,0,0,0,0,0,-186000,0,0,0,35000,221000,-186000,-186000
064648,臻鼎凱基9C購02  ,0,0,0,0,0,0,0,0,0,-186000,0,0,0,20000,206000,-186000,-186000
063995,健鼎群益9C購01  ,0,0,0,0,0,0,0,0,0,-186000,0,0,0,66000,252000,-186000,-186000
064134,瑞祺元大9C購02  ,0,0,0,0,0,0,0,0,0,-186000,0,0,0,218000,404000,-186000,-186000
057354,聯鈞統一99購03  ,0,0,0,0,0,0,0,0,0,-187000,0,0,0,151000,338000,-187000,-187000
059294,宏達電元富9B購02,0,0,0,0,0,0,0,0,0,-187000,0,0,0,50000,237000,-187000,-187000
063964,瑞昱國票01購01  ,0,0,0,0,0,0,0,0,0,-187000,0,0,0,72000,259000,-187000,-187000
08096P,大立光元富9B售04,0,0,0,0,0,0,0,0,0,-188000,0,0,0,45000,233000,-188000,-188000
061241,晶技兆豐9A購01  ,0,0,0,0,0,0,0,0,0,-188000,0,0,0,122000,310000,-188000,-188000
064033,茂林元大9C購02  ,0,0,0,0,0,0,0,0,0,-188000,0,0,0,21000,209000,-188000,-188000
064371,矽格統一9C購02  ,0,0,0,0,0,0,0,0,0,-188000,0,0,0,158000,346000,-188000,-188000
063538,神達統一9C購01  ,0,0,0,0,0,0,0,0,0,-188000,0,0,0,10000,198000,-188000,-188000
1227,佳格            ,307000,405951,-98951,0,0,0,0,82000,-82000,-8000,0,8000,-8000,0,0,0,-188951
057299,立積永豐98購02  ,0,0,0,0,0,0,0,0,0,-189000,0,0,0,184000,373000,-189000,-189000
055032,億光富邦99購01  ,0,0,0,0,0,0,0,0,0,-189000,0,0,0,20000,209000,-189000,-189000
061941,道瓊指群益9B購01,0,0,0,0,0,0,0,0,0,-189000,0,0,0,0,189000,-189000,-189000
060043,全新群益9B購02  ,0,0,0,0,0,0,0,0,0,-189000,0,0,0,79000,268000,-189000,-189000
062775,大成鋼元大9B購02,0,0,0,0,0,0,0,0,0,-189000,0,0,0,173000,362000,-189000,-189000
062146,大毅國票9B購01  ,0,0,0,0,0,0,0,0,0,-189000,0,0,0,39000,228000,-189000,-189000
07309P,聯發科凱基99售18,0,0,0,0,0,0,0,0,0,-190000,0,0,0,10000,200000,-190000,-190000
057145,上銀國票98購03  ,0,0,0,0,0,0,0,0,0,-190000,0,0,0,0,190000,-190000,-190000
057087,台郡統一99購01  ,0,0,0,0,0,0,0,0,0,-190000,0,0,0,97000,287000,-190000,-190000
056364,亞光元大99購02  ,0,0,0,0,0,0,0,0,0,-190000,0,0,0,0,190000,-190000,-190000
063493,金像電富邦01購01,0,0,0,0,0,0,0,0,0,-190000,0,0,0,0,190000,-190000,-190000
2421,建準            ,327000,415000,-88000,0,0,0,0,100000,-100000,-3000,0,1000,-1000,9000,11000,-2000,-191000
063143,嘉澤統一9B購02  ,0,0,0,0,0,0,0,0,0,-191000,0,0,0,39000,230000,-191000,-191000
1447,力鵬            ,205000,397000,-192000,0,0,0,0,0,0,0,0,0,0,0,0,0,-192000
061483,TPK元大9A購01   ,0,0,0,0,0,0,0,0,0,-192000,0,0,0,5000,197000,-192000,-192000
060156,光磊永豐9A購01  ,0,0,0,0,0,0,0,0,0,-192000,0,0,0,0,192000,-192000,-192000
063343,美律統一9C購01  ,0,0,0,0,0,0,0,0,0,-192000,0,0,0,56000,248000,-192000,-192000
6669,緯穎            ,631000,453300,177700,0,0,0,0,290000,-290000,-80000,17000,110000,-93000,18000,5000,13000,-192300
063402,GIS群益9B購02   ,0,0,0,0,0,0,0,0,0,-194000,0,0,0,11000,205000,-194000,-194000
9105,泰金寶-DR       ,52000,246000,-194000,0,0,0,0,0,0,0,0,0,0,0,0,0,-194000
060862,美律永豐9A購01  ,0,0,0,0,0,0,0,0,0,-195000,0,0,0,100000,295000,-195000,-195000
064259,矽格富邦9C購01  ,0,0,0,0,0,0,0,0,0,-195000,0,0,0,1000,196000,-195000,-195000
063986,聯發科富邦02購01,0,0,0,0,0,0,0,0,0,-195000,0,0,0,113000,308000,-195000,-195000
3008,大立光          ,461021,640051,-179030,0,0,0,6000,34000,-28000,12000,11000,0,11000,2000,1000,1000,-195030
00703,台新MSCI中國    ,1000,1000,0,0,0,0,0,0,0,-196000,0,0,0,132000,328000,-196000,-196000
2485,兆赫            ,187000,392000,-205000,0,0,0,0,0,0,8000,14000,6000,8000,0,0,0,-197000
057616,聯電凱基99購01  ,0,0,0,0,0,0,0,0,0,-197000,0,0,0,55000,252000,-197000,-197000
062214,金寶統一01購01  ,0,0,0,0,0,0,0,0,0,-197000,0,0,0,0,197000,-197000,-197000
059170,康控凱基9B購01  ,0,0,0,0,0,0,0,0,0,-197000,0,0,0,50000,247000,-197000,-197000
060783,亞德客富邦9B購01,0,0,0,0,0,0,0,0,0,-197000,0,0,0,30000,227000,-197000,-197000
064234,正崴統一01購01  ,0,0,0,0,0,0,0,0,0,-197000,0,0,0,37000,234000,-197000,-197000
063148,建準元富9B購01  ,0,0,0,0,0,0,0,0,0,-197000,0,0,0,0,197000,-197000,-197000
063163,京元電永豐9B購01,0,0,0,0,0,0,0,0,0,-197000,0,0,0,129000,326000,-197000,-197000
063615,瑞祺群益9B購03  ,0,0,0,0,0,0,0,0,0,-198000,0,0,0,173000,371000,-198000,-198000
064776,金像電群益01購01,0,0,0,0,0,0,0,0,0,-198000,0,0,0,40000,238000,-198000,-198000
3669,圓展            ,159000,358000,-199000,0,0,0,0,0,0,0,0,0,0,0,0,0,-199000
058273,同欣電永豐99購01,0,0,0,0,0,0,0,0,0,-199000,0,0,0,1000,200000,-199000,-199000
064765,緯穎凱基9C購02  ,0,0,0,0,0,0,0,0,0,-199000,0,0,0,6000,205000,-199000,-199000
063528,元大金凱基9B購01,0,0,0,0,0,0,0,0,0,-199000,0,0,0,222000,421000,-199000,-199000
063574,茂林元大9B購07  ,0,0,0,0,0,0,0,0,0,-199000,0,0,0,20000,219000,-199000,-199000
07949P,滬深2X元大9B售04,0,0,0,0,0,0,0,0,0,-200000,0,0,0,0,200000,-200000,-200000
07248P,可成凱基99售06  ,0,0,0,0,0,0,0,0,0,-200000,0,0,0,40000,240000,-200000,-200000
07224P,鴻海元大9A售02  ,0,0,0,0,0,0,0,0,0,-200000,0,0,0,0,200000,-200000,-200000
07746P,華新科凱基9A售11,0,0,0,0,0,0,0,0,0,-200000,0,0,0,0,200000,-200000,-200000
065203,FBVIX國票9C購01 ,0,0,0,0,0,0,0,0,0,-200000,0,0,0,0,200000,-200000,-200000
057525,光磊元大99購01  ,0,0,0,0,0,0,0,0,0,-200000,0,0,0,0,200000,-200000,-200000
058268,泰碩永豐9A購01  ,0,0,0,0,0,0,0,0,0,-200000,0,0,0,0,200000,-200000,-200000
061223,T50反1中信01購01,0,0,0,0,0,0,0,0,0,-200000,0,0,0,0,200000,-200000,-200000
060456,正隆元大9A購01  ,0,0,0,0,0,0,0,0,0,-200000,0,0,0,0,200000,-200000,-200000
060251,易華電元大9C購01,0,0,0,0,0,0,0,0,0,-200000,0,0,0,100000,300000,-200000,-200000
060278,道瓊反元大9A購03,0,0,0,0,0,0,0,0,0,-200000,0,0,0,0,200000,-200000,-200000
064335,可成元大9C購05  ,0,0,0,0,0,0,0,0,0,-200000,0,0,0,0,200000,-200000,-200000
3596,智易            ,221000,395984,-174984,0,0,0,0,0,0,-26000,0,7000,-7000,4000,23000,-19000,-200984
057953,聚陽元大98購01  ,0,0,0,0,0,0,0,0,0,-201000,0,0,0,0,201000,-201000,-201000
058735,南茂永豐99購01  ,0,0,0,0,0,0,0,0,0,-201000,0,0,0,0,201000,-201000,-201000
060322,卜蜂群益9A購01  ,0,0,0,0,0,0,0,0,0,-201000,0,0,0,139000,340000,-201000,-201000
057987,大立光元富98購02,0,0,0,0,0,0,0,0,0,-202000,0,0,0,155000,357000,-202000,-202000
6592,和潤企業        ,135000,276000,-141000,0,0,0,0,48000,-48000,-13000,0,3000,-3000,0,10000,-10000,-202000
057055,立積元大99購01  ,0,0,0,0,0,0,0,0,0,-203000,0,0,0,48000,251000,-203000,-203000
064858,鴻海富邦01購01  ,0,0,0,0,0,0,0,0,0,-203000,0,0,0,279000,482000,-203000,-203000
063315,京元電群益9B購03,0,0,0,0,0,0,0,0,0,-203000,0,0,0,0,203000,-203000,-203000
062878,宏達電兆豐9B購01,0,0,0,0,0,0,0,0,0,-203000,0,0,0,0,203000,-203000,-203000
065520,台勝科群益9C購03,0,0,0,0,0,0,0,0,0,-204000,0,0,0,0,204000,-204000,-204000
061477,晶豪科元大9A購01,0,0,0,0,0,0,0,0,0,-204000,0,0,0,94000,298000,-204000,-204000
03683C,T50反1元大9C牛04,0,0,0,0,0,0,0,0,0,-204000,0,0,0,26000,230000,-204000,-204000
059656,T50反1元大99購11,0,0,0,0,0,0,0,0,0,-204000,0,0,0,0,204000,-204000,-204000
063090,道瓊反中信9C購02,0,0,0,0,0,0,0,0,0,-204000,0,0,0,0,204000,-204000,-204000
4137,麗豐-KY         ,48000,202000,-154000,0,0,0,0,0,0,-50000,0,7000,-7000,0,43000,-43000,-204000
2345,智邦            ,1257000,1470586,-213586,0,0,0,0,12000,-12000,21000,89000,85000,4000,45000,28000,17000,-204586
1905,華紙            ,231000,436000,-205000,0,0,0,0,0,0,0,0,0,0,0,0,0,-205000
08156P,大立光元富9B售05,0,0,0,0,0,0,0,0,0,-205000,0,0,0,30000,235000,-205000,-205000
07494P,葡萄王元大9A售03,0,0,0,0,0,0,0,0,0,-205000,0,0,0,0,205000,-205000,-205000
06863P,欣興凱基98售05  ,0,0,0,0,0,0,0,0,0,-205000,0,0,0,20000,225000,-205000,-205000
061350,牧德元大9B購03  ,0,0,0,0,0,0,0,0,0,-205000,0,0,0,245000,450000,-205000,-205000
063075,祥碩永豐9B購04  ,0,0,0,0,0,0,0,0,0,-205000,0,0,0,2000,207000,-205000,-205000
057649,嘉聯益元大99購04,0,0,0,0,0,0,0,0,0,-206000,0,0,0,99000,305000,-206000,-206000
064186,燿華永豐9C購01  ,0,0,0,0,0,0,0,0,0,-206000,0,0,0,0,206000,-206000,-206000
056937,智原元富98購01  ,0,0,0,0,0,0,0,0,0,-207000,0,0,0,7000,214000,-207000,-207000
060046,S&P反1凱基99購02,0,0,0,0,0,0,0,0,0,-207000,0,0,0,99000,306000,-207000,-207000
058315,TPK富邦9C購01   ,0,0,0,0,0,0,0,0,0,-207000,0,0,0,23000,230000,-207000,-207000
064075,台積電中信06購01,0,0,0,0,0,0,0,0,0,-207000,0,0,0,136000,343000,-207000,-207000
064070,祥碩永豐9C購01  ,0,0,0,0,0,0,0,0,0,-207000,0,0,0,0,207000,-207000,-207000
07793P,同欣電元大9A售02,0,0,0,0,0,0,0,0,0,-208000,0,0,0,2000,210000,-208000,-208000
057112,立積群益99購01  ,0,0,0,0,0,0,0,0,0,-209000,0,0,0,108000,317000,-209000,-209000
057490,可成元大98購10  ,0,0,0,0,0,0,0,0,0,-209000,0,0,0,11000,220000,-209000,-209000
064813,祥碩元大9C購05  ,0,0,0,0,0,0,0,0,0,-209000,0,0,0,59000,268000,-209000,-209000
060506,京元電元大9A購02,0,0,0,0,0,0,0,0,0,-210000,0,0,0,117000,327000,-210000,-210000
063080,裕隆凱基9B購01  ,0,0,0,0,0,0,0,0,0,-210000,0,0,0,50000,260000,-210000,-210000
063111,TPK兆豐9B購01   ,0,0,0,0,0,0,0,0,0,-210000,0,0,0,5000,215000,-210000,-210000
062776,鴻海元大9B購03  ,0,0,0,0,0,0,0,0,0,-210000,0,0,0,0,210000,-210000,-210000
6414,樺漢            ,125000,288000,-163000,0,0,0,41000,0,41000,-88429,20000,71000,-51000,14000,51429,-37429,-210429
060285,聯電元大9C購01  ,0,0,0,0,0,0,0,0,0,-211000,0,0,0,127000,338000,-211000,-211000
062682,全新統一9B購01  ,0,0,0,0,0,0,0,0,0,-211000,0,0,0,0,211000,-211000,-211000
064520,京鼎群益02購01  ,0,0,0,0,0,0,0,0,0,-211000,0,0,0,190000,401000,-211000,-211000
063676,上銀國泰9C購02  ,0,0,0,0,0,0,0,0,0,-211000,0,0,0,0,211000,-211000,-211000
6452,康友-KY         ,154000,302000,-148000,0,0,0,0,0,0,-63000,0,2000,-2000,35000,96000,-61000,-211000
053181,滬深2X元富99購02,0,0,0,0,0,0,0,0,0,-212000,0,0,0,0,212000,-212000,-212000
058139,臻鼎元大99購01  ,0,0,0,0,0,0,0,0,0,-212000,0,0,0,0,212000,-212000,-212000
058245,訊連元大99購01  ,0,0,0,0,0,0,0,0,0,-212000,0,0,0,110000,322000,-212000,-212000
064238,玉晶光統一01購08,0,0,0,0,0,0,0,0,0,-212000,0,0,0,1000,213000,-212000,-212000
063077,巨大永豐9B購03  ,0,0,0,0,0,0,0,0,0,-212000,0,0,0,0,212000,-212000,-212000
057116,鴻海日盛9A購01  ,0,0,0,0,0,0,0,0,0,-214000,0,0,0,1262000,1476000,-214000,-214000
058666,上証反群益01購01,0,0,0,0,0,0,0,0,0,-214000,0,0,0,0,214000,-214000,-214000
062972,京元電元富9B購01,0,0,0,0,0,0,0,0,0,-214000,0,0,0,16000,230000,-214000,-214000
064730,超眾統一02購02  ,0,0,0,0,0,0,0,0,0,-214000,0,0,0,218000,432000,-214000,-214000
065369,瑞昱元大9C購01  ,0,0,0,0,0,0,0,0,0,-215000,0,0,0,112000,327000,-215000,-215000
08233P,國泰金元富9B售01,0,0,0,0,0,0,0,0,0,-215000,0,0,0,0,215000,-215000,-215000
2359,所羅門          ,230000,445000,-215000,0,0,0,0,0,0,0,0,0,0,0,0,0,-215000
062238,臻鼎凱基9C購01  ,0,0,0,0,0,0,0,0,0,-215000,0,0,0,32000,247000,-215000,-215000
063221,京元電群益9B購02,0,0,0,0,0,0,0,0,0,-215000,0,0,0,7000,222000,-215000,-215000
2615,萬海            ,175000,373000,-198000,0,0,0,0,4000,-4000,-14000,0,14000,-14000,0,0,0,-216000
059290,全新元富99購01  ,0,0,0,0,0,0,0,0,0,-216000,0,0,0,25000,241000,-216000,-216000
059851,晶相光永豐99購02,0,0,0,0,0,0,0,0,0,-216000,0,0,0,0,216000,-216000,-216000
060392,華擎群益9C購02  ,0,0,0,0,0,0,0,0,0,-217000,0,0,0,10000,227000,-217000,-217000
060410,台苯永豐9A購01  ,0,0,0,0,0,0,0,0,0,-217000,0,0,0,0,217000,-217000,-217000
08393P,鴻海群益9C售05  ,0,0,0,0,0,0,0,0,0,-218000,0,0,0,1811000,2029000,-218000,-218000
060030,晶相光永豐99購03,0,0,0,0,0,0,0,0,0,-218000,0,0,0,0,218000,-218000,-218000
062606,聯電凱基9C購02  ,0,0,0,0,0,0,0,0,0,-219000,0,0,0,72000,291000,-219000,-219000
05755P,臺股指中信99售04,0,0,0,0,0,0,0,0,0,-220000,0,0,0,52000,272000,-220000,-220000
056481,創意元大98購01  ,0,0,0,0,0,0,0,0,0,-220000,0,0,0,183000,403000,-220000,-220000
060632,可成富邦9B購01  ,0,0,0,0,0,0,0,0,0,-220000,0,0,0,0,220000,-220000,-220000
05890P,彩晶元大99售01  ,0,0,0,0,0,0,0,0,0,-220000,0,0,0,0,220000,-220000,-220000
062013,奇鋐富邦9B購01  ,0,0,0,0,0,0,0,0,0,-220000,0,0,0,79000,299000,-220000,-220000
065183,和大統一01購03  ,0,0,0,0,0,0,0,0,0,-221000,0,0,0,50000,271000,-221000,-221000
058750,緯穎凱基9A購03  ,0,0,0,0,0,0,0,0,0,-221000,0,0,0,50000,271000,-221000,-221000
07880P,可成群益9B售05  ,0,0,0,0,0,0,0,0,0,-222000,0,0,0,129000,351000,-222000,-222000
057074,立積永豐98購01  ,0,0,0,0,0,0,0,0,0,-222000,0,0,0,21000,243000,-222000,-222000
061188,大成鋼富邦9B購01,0,0,0,0,0,0,0,0,0,-222000,0,0,0,131000,353000,-222000,-222000
063187,全新凱基9B購02  ,0,0,0,0,0,0,0,0,0,-222000,0,0,0,40000,262000,-222000,-222000
063532,GIS凱基9B購03   ,0,0,0,0,0,0,0,0,0,-222000,0,0,0,50000,272000,-222000,-222000
2329,華泰            ,236000,455000,-219000,0,0,0,0,0,0,-4000,0,3000,-3000,0,1000,-1000,-223000
065083,南亞科元大01購01,0,0,0,0,0,0,0,0,0,-223000,0,0,0,0,223000,-223000,-223000
061369,T50反1國泰9B購03,0,0,0,0,0,0,0,0,0,-223000,0,0,0,1000,224000,-223000,-223000
056768,宏達電元大99購03,0,0,0,0,0,0,0,0,0,-224000,0,0,0,120000,344000,-224000,-224000
060916,金像電國泰9C購01,0,0,0,0,0,0,0,0,0,-224000,0,0,0,64000,288000,-224000,-224000
063147,東元元富9B購01  ,0,0,0,0,0,0,0,0,0,-224000,0,0,0,100000,324000,-224000,-224000
064150,全新統一01購03  ,0,0,0,0,0,0,0,0,0,-224000,0,0,0,68000,292000,-224000,-224000
2489,瑞軒            ,270000,491000,-221000,0,0,0,0,0,0,-4000,2000,6000,-4000,0,0,0,-225000
054427,潤泰全富邦97購01,0,0,0,0,0,0,0,0,0,-225000,0,0,0,0,225000,-225000,-225000
058401,華航元大9A購01  ,0,0,0,0,0,0,0,0,0,-225000,0,0,0,0,225000,-225000,-225000
064701,巨大群益9C購02  ,0,0,0,0,0,0,0,0,0,-225000,0,0,0,31000,256000,-225000,-225000
058614,台郡元大9A購01  ,0,0,0,0,0,0,0,0,0,-226000,0,0,0,170000,396000,-226000,-226000
058808,大成鋼統一9B購01,0,0,0,0,0,0,0,0,0,-226000,0,0,0,45000,271000,-226000,-226000
064511,GIS元大9C購05   ,0,0,0,0,0,0,0,0,0,-226000,0,0,0,0,226000,-226000,-226000
065529,聯發科中信01購04,0,0,0,0,0,0,0,0,0,-227000,0,0,0,0,227000,-227000,-227000
065370,瑞昱元大9C購02  ,0,0,0,0,0,0,0,0,0,-228000,0,0,0,47000,275000,-228000,-228000
056584,鴻海統一9B購01  ,0,0,0,0,0,0,0,0,0,-228000,0,0,0,2326000,2554000,-228000,-228000
061070,超眾凱基9C購01  ,0,0,0,0,0,0,0,0,0,-228000,0,0,0,10000,238000,-228000,-228000
062693,中石化元大02購01,0,0,0,0,0,0,0,0,0,-228000,0,0,0,3000,231000,-228000,-228000
056432,鴻海凱基98購08  ,0,0,0,0,0,0,0,0,0,-229000,0,0,0,4000,233000,-229000,-229000
053361,友達元富99購01  ,0,0,0,0,0,0,0,0,0,-229000,0,0,0,66000,295000,-229000,-229000
058445,旺宏富邦9C購01  ,0,0,0,0,0,0,0,0,0,-229000,0,0,0,20000,249000,-229000,-229000
062626,台積電國票9C購04,0,0,0,0,0,0,0,0,0,-229000,0,0,0,83000,312000,-229000,-229000
062017,京鼎永豐9B購01  ,0,0,0,0,0,0,0,0,0,-230000,0,0,0,80000,310000,-230000,-230000
062984,致新元富9B購01  ,0,0,0,0,0,0,0,0,0,-230000,0,0,0,106000,336000,-230000,-230000
054827,宏全元大9A購01  ,0,0,0,0,0,0,0,0,0,-231000,0,0,0,101000,332000,-231000,-231000
060360,南亞科元富9A購02,0,0,0,0,0,0,0,0,0,-231000,0,0,0,545000,776000,-231000,-231000
064859,南亞科富邦01購01,0,0,0,0,0,0,0,0,0,-231000,0,0,0,0,231000,-231000,-231000
064865,美律永豐9C購02  ,0,0,0,0,0,0,0,0,0,-232000,0,0,0,0,232000,-232000,-232000
062528,全新統一9C購01  ,0,0,0,0,0,0,0,0,0,-232000,0,0,0,0,232000,-232000,-232000
060313,淘帝永豐9A購01  ,0,0,0,0,0,0,0,0,0,-233000,0,0,0,0,233000,-233000,-233000
058552,欣興永豐99購01  ,0,0,0,0,0,0,0,0,0,-233000,0,0,0,6000,239000,-233000,-233000
055399,超眾統一99購01  ,0,0,0,0,0,0,0,0,0,-234000,0,0,0,10000,244000,-234000,-234000
056358,友訊元大99購01  ,1000,0,1000,0,0,0,0,0,0,-235000,0,0,0,7000,242000,-235000,-234000
056610,鴻海永豐98購01  ,0,0,0,0,0,0,0,0,0,-234000,0,0,0,0,234000,-234000,-234000
059862,全新群益99購04  ,0,0,0,0,0,0,0,0,0,-234000,0,0,0,115000,349000,-234000,-234000
060763,聯鈞元大9A購03  ,0,0,0,0,0,0,0,0,0,-234000,0,0,0,20000,254000,-234000,-234000
062537,聯電國泰9C購01  ,0,0,0,0,0,0,0,0,0,-234000,0,0,0,233000,467000,-234000,-234000
061468,神達群益9A購01  ,0,0,0,0,0,0,0,0,0,-235000,0,0,0,10000,245000,-235000,-235000
064619,南亞科元大9C購05,0,0,0,0,0,0,0,0,0,-235000,0,0,0,18000,253000,-235000,-235000
063639,華擎元大9C購03  ,0,0,0,0,0,0,0,0,0,-236000,0,0,0,63000,299000,-236000,-236000
063202,南亞科統一9C購02,0,0,0,0,0,0,0,0,0,-236000,0,0,0,20000,256000,-236000,-236000
064643,瑞昱凱基04購01  ,0,0,0,0,0,0,0,0,0,-237000,0,0,0,10000,247000,-237000,-237000
064270,華通元大9C購03  ,0,0,0,0,0,0,0,0,0,-237000,0,0,0,0,237000,-237000,-237000
056811,健策統一9B購01  ,0,0,0,0,0,0,0,0,0,-238000,0,0,0,60000,298000,-238000,-238000
08140P,祥碩元大9B售07  ,0,0,0,0,0,0,0,0,0,-239000,0,0,0,123000,362000,-239000,-239000
00654R,富邦印度反1     ,0,0,0,0,0,0,0,0,0,-239000,0,0,0,0,239000,-239000,-239000
1310,台苯            ,42000,309000,-267000,0,0,0,7000,0,7000,20000,0,8000,-8000,28000,0,28000,-240000
065493,T50反1富邦03購01,0,0,0,0,0,0,0,0,0,-240000,0,0,0,0,240000,-240000,-240000
065321,瑞昱凱基9C購01  ,0,0,0,0,0,0,0,0,0,-241000,0,0,0,15000,256000,-241000,-241000
063258,緯穎國泰9C購01  ,0,0,0,0,0,0,0,0,0,-242000,0,0,0,40000,282000,-242000,-242000
3059,華晶科          ,140000,386000,-246000,0,0,0,0,0,0,3000,3000,0,3000,0,0,0,-243000
057721,華擎元富98購02  ,0,0,0,0,0,0,0,0,0,-243000,0,0,0,69000,312000,-243000,-243000
064897,宏達電群益9C購02,0,0,0,0,0,0,0,0,0,-244000,0,0,0,49000,293000,-244000,-244000
056944,鴻海統一98購11  ,0,0,0,0,0,0,0,0,0,-244000,0,0,0,0,244000,-244000,-244000
062787,超眾元大9C購02  ,0,0,0,0,0,0,0,0,0,-245000,0,0,0,108000,353000,-245000,-245000
060411,達新永豐9A購01  ,0,0,0,0,0,0,0,0,0,-246000,0,0,0,61000,307000,-246000,-246000
06653P,美食元大98售02  ,0,0,0,0,0,0,0,0,0,-247000,0,0,0,227000,474000,-247000,-247000
061600,聯電凱基9B購01  ,0,0,0,0,0,0,0,0,0,-247000,0,0,0,70000,317000,-247000,-247000
062455,鴻海群益9C購01  ,0,0,0,0,0,0,0,0,0,-247000,0,0,0,5000,252000,-247000,-247000
064940,智伸科元富9C購01,0,0,0,0,0,0,0,0,0,-250000,0,0,0,732000,982000,-250000,-250000
058449,台積電永豐99購01,0,0,0,0,0,0,0,0,0,-251000,0,0,0,0,251000,-251000,-251000
056909,嘉聯益元大99購03,0,0,0,0,0,0,0,0,0,-252000,0,0,0,41000,293000,-252000,-252000
056492,全新國泰9A購01  ,0,0,0,0,0,0,0,0,0,-252000,0,0,0,0,252000,-252000,-252000
054468,台郡凱基98購01  ,0,0,0,0,0,0,0,0,0,-252000,0,0,0,0,252000,-252000,-252000
057136,立積凱基98購02  ,0,0,0,0,0,0,0,0,0,-253000,0,0,0,70000,323000,-253000,-253000
064761,神達凱基9C購01  ,0,0,0,0,0,0,0,0,0,-253000,0,0,0,0,253000,-253000,-253000
4976,佳凌            ,213000,467000,-254000,0,0,0,0,0,0,0,0,0,0,0,0,0,-254000
2501,國建            ,54000,296000,-242000,0,0,0,0,0,0,-14000,0,14000,-14000,0,0,0,-256000
059754,訊芯群益9A購01  ,0,0,0,0,0,0,0,0,0,-256000,0,0,0,31000,287000,-256000,-256000
064210,台光電凱基03購01,0,0,0,0,0,0,0,0,0,-256000,0,0,0,132000,388000,-256000,-256000
065419,立積國票01購03  ,0,0,0,0,0,0,0,0,0,-257000,0,0,0,0,257000,-257000,-257000
061616,鴻海群益9A購07  ,0,0,0,0,0,0,0,0,0,-257000,0,0,0,13000,270000,-257000,-257000
060238,強茂元大9C購01  ,0,0,0,0,0,0,0,0,0,-259000,0,0,0,11000,270000,-259000,-259000
6183,關貿            ,124000,383000,-259000,0,0,0,0,0,0,0,0,0,0,0,0,0,-259000
065049,世芯凱基02購01  ,0,0,0,0,0,0,0,0,0,-260000,0,0,0,290000,550000,-260000,-260000
061489,高鐵兆豐9A購01  ,0,0,0,0,0,0,0,0,0,-261000,0,0,0,105000,366000,-261000,-261000
060281,卜蜂元大9C購01  ,0,0,0,0,0,0,0,0,0,-261000,0,0,0,90000,351000,-261000,-261000
060324,台積電群益9B購02,0,0,0,0,0,0,0,0,0,-261000,0,0,0,0,261000,-261000,-261000
064700,致新群益9C購02  ,0,0,0,0,0,0,0,0,0,-261000,0,0,0,10000,271000,-261000,-261000
062975,京鼎元富9B購01  ,0,0,0,0,0,0,0,0,0,-262000,0,0,0,556000,818000,-262000,-262000
2020,美亞            ,12000,275000,-263000,0,0,0,0,0,0,0,0,0,0,0,0,0,-263000
065596,鴻海元大9C購16  ,0,0,0,0,0,0,0,0,0,-265000,0,0,0,0,265000,-265000,-265000
05878P,創意群益98售01  ,0,0,0,0,0,0,0,0,0,-265000,0,0,0,5000,270000,-265000,-265000
064731,台郡統一01購02  ,0,0,0,0,0,0,0,0,0,-265000,0,0,0,0,265000,-265000,-265000
057084,立積統一9B購01  ,0,0,0,0,0,0,0,0,0,-266000,0,0,0,0,266000,-266000,-266000
053742,創意國票97購01  ,0,0,0,0,0,0,0,0,0,-266000,0,0,0,80000,346000,-266000,-266000
059623,聯電凱基99購02  ,0,0,0,0,0,0,0,0,0,-266000,0,0,0,24000,290000,-266000,-266000
060376,瑞祺元富9A購01  ,0,0,0,0,0,0,0,0,0,-266000,0,0,0,370000,636000,-266000,-266000
053390,彩晶元大9A購01  ,0,0,0,0,0,0,0,0,0,-267000,0,0,0,0,267000,-267000,-267000
064843,巨大統一02購01  ,0,0,0,0,0,0,0,0,0,-267000,0,0,0,63000,330000,-267000,-267000
08352P,大立光群益01售02,0,0,0,0,0,0,0,0,0,-268000,0,0,0,0,268000,-268000,-268000
061956,和大統一01購01  ,0,0,0,0,0,0,0,0,0,-268000,0,0,0,171000,439000,-268000,-268000
061129,文曄永豐9A購01  ,0,0,0,0,0,0,0,0,0,-268000,0,0,0,432000,700000,-268000,-268000
065401,立積群益9C購01  ,0,0,0,0,0,0,0,0,0,-269000,0,0,0,15000,284000,-269000,-269000
065458,立積元富03購02  ,0,0,0,0,0,0,0,0,0,-269000,0,0,0,0,269000,-269000,-269000
059080,亞泥元大99購01  ,0,0,0,0,0,0,0,0,0,-269000,0,0,0,16000,285000,-269000,-269000
1314,中石化          ,2499000,3090000,-591000,0,0,0,0,6000,-6000,327000,48000,80000,-32000,359000,0,359000,-270000
057940,和大國票99購01  ,0,0,0,0,0,0,0,0,0,-270000,0,0,0,0,270000,-270000,-270000
059639,大立光凱基9A購06,0,0,0,0,0,0,0,0,0,-270000,0,0,0,0,270000,-270000,-270000
1476,儒鴻            ,326000,526000,-200000,0,0,0,0,60000,-60000,-11000,5000,7000,-2000,6000,15000,-9000,-271000
3607,谷崧            ,281000,552000,-271000,0,0,0,0,0,0,0,0,0,0,0,0,0,-271000
063624,GIS兆豐9B購01   ,0,0,0,0,0,0,0,0,0,-271000,0,0,0,10000,281000,-271000,-271000
061763,聯電元大9C購02  ,0,0,0,0,0,0,0,0,0,-271000,0,0,0,273000,544000,-271000,-271000
1210,大成            ,166000,519354,-353354,0,0,0,17000,0,17000,65000,110000,45000,65000,0,0,0,-271354
061511,緯穎富邦9B購02  ,0,0,0,0,0,0,0,0,0,-272000,0,0,0,129000,401000,-272000,-272000
062404,新唐永豐9B購01  ,0,0,0,0,0,0,0,0,0,-272000,0,0,0,0,272000,-272000,-272000
064167,緯穎統一01購03  ,0,0,0,0,0,0,0,0,0,-272000,0,0,0,30000,302000,-272000,-272000
064179,上銀富邦01購01  ,0,0,0,0,0,0,0,0,0,-272000,0,0,0,1000,273000,-272000,-272000
051277,聯發科中信9A購01,56000,0,56000,0,0,0,0,0,0,-329000,0,0,0,200000,529000,-329000,-273000
065225,神隆凱基01購01  ,0,0,0,0,0,0,0,0,0,-274000,0,0,0,93000,367000,-274000,-274000
057837,康控國泰99購02  ,0,0,0,0,0,0,0,0,0,-274000,0,0,0,0,274000,-274000,-274000
058881,全新永豐99購01  ,0,0,0,0,0,0,0,0,0,-274000,0,0,0,0,274000,-274000,-274000
065601,聯發科元大01購05,0,0,0,0,0,0,0,0,0,-275000,0,0,0,100000,375000,-275000,-275000
2888,新光金          ,10688558,9581691,1106867,0,0,0,0,74000,-74000,-1308000,0,382000,-382000,20000,946000,-926000,-275133
07166P,台灣50兆豐03售01,0,0,0,0,0,0,0,0,0,-276000,0,0,0,0,276000,-276000,-276000
057612,瑞昱元富02購01  ,0,0,0,0,0,0,0,0,0,-278000,0,0,0,48000,326000,-278000,-278000
064922,玉晶光統一01購10,0,0,0,0,0,0,0,0,0,-280000,0,0,0,4000,284000,-280000,-280000
6456,GIS-KY          ,580000,513000,67000,0,0,0,0,450000,-450000,103000,2000,12000,-10000,137000,24000,113000,-280000
064819,華新統一01購02  ,0,0,0,0,0,0,0,0,0,-281000,0,0,0,24000,305000,-281000,-281000
065473,鴻海元大9C購14  ,0,0,0,0,0,0,0,0,0,-282000,0,0,0,15000,297000,-282000,-282000
056828,國巨富邦9A購03  ,0,0,0,0,0,0,0,0,0,-283000,0,0,0,119000,402000,-283000,-283000
061491,嘉聯益兆豐9B購01,0,0,0,0,0,0,0,0,0,-283000,0,0,0,19000,302000,-283000,-283000
062854,日電貿永豐9B購01,0,0,0,0,0,0,0,0,0,-283000,0,0,0,385000,668000,-283000,-283000
062884,康控兆豐9C購01  ,0,0,0,0,0,0,0,0,0,-283000,0,0,0,250000,533000,-283000,-283000
4961,天鈺            ,398000,677000,-279000,0,0,0,0,0,0,-4000,0,4000,-4000,0,0,0,-283000
03414B,臺股指凱基99熊01,50000,0,50000,0,0,0,0,0,0,-334000,0,0,0,818000,1152000,-334000,-284000
2451,創見            ,847000,279900,567100,0,0,0,2000,846000,-844000,-8000,0,8000,-8000,0,0,0,-284900
065279,T50反1群益9C購03,0,0,0,0,0,0,0,0,0,-285000,0,0,0,0,285000,-285000,-285000
063296,可成麥證9B購01  ,0,0,0,13000,300000,-287000,0,0,0,-287000,0,0,0,13000,300000,-287000,-287000
064183,聯茂富邦01購01  ,0,0,0,0,0,0,0,0,0,-287000,0,0,0,0,287000,-287000,-287000
057391,樺漢永豐98購01  ,0,0,0,0,0,0,0,0,0,-288000,0,0,0,44000,332000,-288000,-288000
063956,神達元大9C購01  ,0,0,0,0,0,0,0,0,0,-289000,0,0,0,98000,387000,-289000,-289000
063318,京鼎群益9C購02  ,0,0,0,0,0,0,0,0,0,-289000,0,0,0,173000,462000,-289000,-289000
062797,瑞昱統一9B購01  ,0,0,0,0,0,0,0,0,0,-289000,0,0,0,134000,423000,-289000,-289000
08441P,同欣電元富9C售01,0,0,0,0,0,0,0,0,0,-290000,0,0,0,166000,456000,-290000,-290000
054164,強茂凱基98購01  ,0,0,0,0,0,0,0,0,0,-291000,0,0,0,99000,390000,-291000,-291000
3515,華擎            ,205000,143368,61632,0,0,0,0,435000,-435000,82000,256000,262000,-6000,113000,25000,88000,-291368
08201P,祥碩元大9B售09  ,0,0,0,0,0,0,0,0,0,-292000,0,0,0,0,292000,-292000,-292000
058706,聯鈞元大9C購01  ,0,0,0,0,0,0,0,0,0,-292000,0,0,0,30000,322000,-292000,-292000
065499,京元電富邦01購01,0,0,0,0,0,0,0,0,0,-293000,0,0,0,0,293000,-293000,-293000
061305,帆宣永豐9A購01  ,0,0,0,0,0,0,0,0,0,-294000,0,0,0,0,294000,-294000,-294000
062460,京鼎群益9C購01  ,0,0,0,0,0,0,0,0,0,-294000,0,0,0,301000,595000,-294000,-294000
064132,神達元大9C購02  ,0,0,0,0,0,0,0,0,0,-294000,0,0,0,52000,346000,-294000,-294000
08206P,鴻海群益9C售03  ,0,0,0,0,0,0,0,0,0,-295000,0,0,0,179000,474000,-295000,-295000
043442,大立光台新01購01,0,0,0,0,0,0,0,0,0,-297000,0,0,0,0,297000,-297000,-297000
061813,鴻海群益9B購02  ,0,0,0,0,0,0,0,0,0,-297000,0,0,0,74000,371000,-297000,-297000
062204,京元電國票9C購01,0,0,0,0,0,0,0,0,0,-297000,0,0,0,50000,347000,-297000,-297000
057613,瑞昱元富02購02  ,0,0,0,0,0,0,0,0,0,-298000,0,0,0,12000,310000,-298000,-298000
058971,台積電永豐99購03,0,0,0,0,0,0,0,0,0,-298000,0,0,0,50000,348000,-298000,-298000
07473P,祥碩元大9A售01  ,0,0,0,0,0,0,0,0,0,-299000,0,0,0,0,299000,-299000,-299000
062458,全新群益9B購03  ,0,0,0,0,0,0,0,0,0,-299000,0,0,0,40000,339000,-299000,-299000
064563,全新群益02購01  ,0,0,0,0,0,0,0,0,0,-299000,0,0,0,0,299000,-299000,-299000
1802,台玻            ,208000,490000,-282000,0,0,0,0,0,0,-18000,0,18000,-18000,0,0,0,-300000
057423,台郡凱基98購06  ,0,0,0,0,0,0,0,0,0,-300000,0,0,0,50000,350000,-300000,-300000
053117,大立光中信9A購02,0,0,0,0,0,0,0,0,0,-300000,0,0,0,0,300000,-300000,-300000
063690,健鼎永豐9B購01  ,0,0,0,0,0,0,0,0,0,-301000,0,0,0,154000,455000,-301000,-301000
058049,帆宣元大98購01  ,0,0,0,0,0,0,0,0,0,-302000,0,0,0,0,302000,-302000,-302000
058366,元大金凱基99購01,0,0,0,0,0,0,0,0,0,-303000,0,0,0,20000,323000,-303000,-303000
063209,巨大統一01購01  ,0,0,0,0,0,0,0,0,0,-304000,0,0,0,134000,438000,-304000,-304000
060602,京元電凱基9A購01,0,0,0,0,0,0,0,0,0,-305000,0,0,0,40000,345000,-305000,-305000
3653,健策            ,379000,515000,-136000,0,0,0,14000,0,14000,-184000,5000,10000,-5000,56000,235000,-179000,-306000
064925,和碩統一02購01  ,0,0,0,0,0,0,0,0,0,-306000,0,0,0,0,306000,-306000,-306000
058692,華邦電國票9B購01,0,0,0,0,0,0,0,0,0,-306000,0,0,0,0,306000,-306000,-306000
1308,亞聚            ,205000,503000,-298000,0,0,0,0,0,0,-9000,0,9000,-9000,0,0,0,-307000
055890,鴻海統一99購01  ,0,0,0,0,0,0,0,0,0,-307000,0,0,0,0,307000,-307000,-307000
060310,瑞昱永豐9A購01  ,0,0,0,0,0,0,0,0,0,-307000,0,0,0,29000,336000,-307000,-307000
064557,鴻海群益9C購04  ,0,0,0,0,0,0,0,0,0,-308000,0,0,0,0,308000,-308000,-308000
056483,TPK元大98購01   ,0,0,0,0,0,0,0,0,0,-309000,0,0,0,127000,436000,-309000,-309000
062351,瑞祺群益9C購01  ,0,0,0,0,0,0,0,0,0,-309000,0,0,0,330000,639000,-309000,-309000
2006,東和鋼鐵        ,110000,312000,-202000,0,0,0,0,112000,-112000,4000,16000,12000,4000,0,0,0,-310000
057903,聯鈞永豐99購01  ,0,0,0,0,0,0,0,0,0,-310000,0,0,0,20000,330000,-310000,-310000
061603,瑞昱凱基9A購02  ,0,0,0,0,0,0,0,0,0,-310000,0,0,0,35000,345000,-310000,-310000
2637,慧洋-KY         ,99000,394673,-295673,0,0,0,0,1000,-1000,-14000,0,14000,-14000,0,0,0,-310673
054803,味全元大9A購01  ,0,0,0,0,0,0,0,0,0,-311000,0,0,0,59000,370000,-311000,-311000
054370,台積電中信9A購01,0,0,0,0,0,0,0,0,0,-311000,0,0,0,36000,347000,-311000,-311000
065431,大立光凱基02購02,0,0,0,0,0,0,0,0,0,-312000,0,0,0,0,312000,-312000,-312000
053297,鎧勝中信98購01  ,0,0,0,0,0,0,0,0,0,-312000,0,0,0,34000,346000,-312000,-312000
057328,京鼎群益99購02  ,0,0,0,0,0,0,0,0,0,-312000,0,0,0,100000,412000,-312000,-312000
5534,長虹            ,37000,350000,-313000,0,0,0,4000,0,4000,-3000,0,3000,-3000,0,0,0,-312000
065404,玉晶光國泰02購03,0,0,0,0,0,0,0,0,0,-313000,0,0,0,35000,348000,-313000,-313000
056431,鴻海凱基98購07  ,0,0,0,0,0,0,0,0,0,-315000,0,0,0,115000,430000,-315000,-315000
064256,玉晶光國泰02購02,0,0,0,0,0,0,0,0,0,-315000,0,0,0,538000,853000,-315000,-315000
06535P,可成群益99售02  ,0,0,0,0,0,0,0,0,0,-316000,0,0,0,0,316000,-316000,-316000
056795,鴻海麥證98購01  ,0,0,0,120000,438000,-318000,0,0,0,-318000,0,0,0,120000,438000,-318000,-318000
060784,鴻海富邦9C購01  ,0,0,0,0,0,0,0,0,0,-318000,0,0,0,216000,534000,-318000,-318000
057053,立積元大98購02  ,0,0,0,0,0,0,0,0,0,-319000,0,0,0,52000,371000,-319000,-319000
07227P,聯發科元富99售05,0,0,0,0,0,0,0,0,0,-320000,0,0,0,199000,519000,-320000,-320000
055827,中石化元大98購01,0,0,0,0,0,0,0,0,0,-320000,0,0,0,0,320000,-320000,-320000
055652,聯詠元富01購01  ,0,0,0,0,0,0,0,0,0,-321000,0,0,0,103000,424000,-321000,-321000
065462,聯發科中信03購02,0,0,0,0,0,0,0,0,0,-322000,0,0,0,10000,332000,-322000,-322000
065379,立積元大01購01  ,0,0,0,0,0,0,0,0,0,-323000,0,0,0,124000,447000,-323000,-323000
061959,鴻海統一9B購04  ,0,0,0,0,0,0,0,0,0,-323000,0,0,0,123000,446000,-323000,-323000
060316,福懋科永豐9A購01,0,0,0,0,0,0,0,0,0,-324000,0,0,0,0,324000,-324000,-324000
064614,友訊元大9C購02  ,0,0,0,0,0,0,0,0,0,-324000,0,0,0,149000,473000,-324000,-324000
056475,宏達電元大99購02,0,0,0,0,0,0,0,0,0,-325000,0,0,0,542000,867000,-325000,-325000
057377,康控元大99購02  ,0,0,0,0,0,0,0,0,0,-325000,0,0,0,101000,426000,-325000,-325000
1708,東鹼            ,245000,571000,-326000,0,0,0,0,0,0,0,0,0,0,0,0,0,-326000
2929,淘帝-KY         ,40000,372000,-332000,0,0,0,0,0,0,5000,0,0,0,5000,0,5000,-327000
064923,牧德統一02購01  ,0,0,0,0,0,0,0,0,0,-327000,0,0,0,200000,527000,-327000,-327000
063384,巨大永豐9B購04  ,0,0,0,0,0,0,0,0,0,-327000,0,0,0,0,327000,-327000,-327000
07502P,美食元大9A售01  ,0,0,0,0,0,0,0,0,0,-328000,0,0,0,109000,437000,-328000,-328000
5264,鎧勝-KY         ,946000,1756000,-810000,0,0,0,0,0,0,482000,500000,17000,483000,59000,60000,-1000,-328000
06725P,聯電元富98售01  ,0,0,0,0,0,0,0,0,0,-329000,0,0,0,194000,523000,-329000,-329000
056945,鴻海統一98購12  ,0,0,0,0,0,0,0,0,0,-329000,0,0,0,234000,563000,-329000,-329000
061474,瑞昱元大9A購04  ,0,0,0,0,0,0,0,0,0,-330000,0,0,0,84000,414000,-330000,-330000
064630,巨大元大9C購01  ,0,0,0,0,0,0,0,0,0,-330000,0,0,0,22000,352000,-330000,-330000
062582,鴻海統一9C購11  ,0,0,0,0,0,0,0,0,0,-331000,0,0,0,40000,371000,-331000,-331000
063874,志超永豐9C購01  ,0,0,0,0,0,0,0,0,0,-332000,0,0,0,0,332000,-332000,-332000
00712,FH富時不動產    ,353000,6000,347000,0,0,0,0,0,0,-681000,0,0,0,179000,860000,-681000,-334000
054426,國泰金富邦97購02,0,0,0,0,0,0,0,0,0,-335000,0,0,0,100000,435000,-335000,-335000
062980,康控元富9B購01  ,0,0,0,0,0,0,0,0,0,-335000,0,0,0,195000,530000,-335000,-335000
063363,鴻海富邦9B購02  ,0,0,0,0,0,0,0,0,0,-336000,0,0,0,0,336000,-336000,-336000
062232,聯詠麥證9C購01  ,0,0,0,9000,347000,-338000,0,0,0,-338000,0,0,0,9000,347000,-338000,-338000
062743,微星國泰01購01  ,0,0,0,0,0,0,0,0,0,-338000,0,0,0,231000,569000,-338000,-338000
055093,京鼎群益98購01  ,0,0,0,0,0,0,0,0,0,-339000,0,0,0,110000,449000,-339000,-339000
2890,永豐金          ,9687000,10249380,-562380,0,0,0,302000,25000,277000,-54000,0,54000,-54000,0,0,0,-339380
060315,易華電永豐9A購01,0,0,0,0,0,0,0,0,0,-342000,0,0,0,50000,392000,-342000,-342000
07711P,世芯元大9A售07  ,0,0,0,0,0,0,0,0,0,-343000,0,0,0,0,343000,-343000,-343000
064613,聯電元大9C購05  ,0,0,0,0,0,0,0,0,0,-343000,0,0,0,10000,353000,-343000,-343000
063580,立積國泰9C購01  ,0,0,0,0,0,0,0,0,0,-344000,0,0,0,15000,359000,-344000,-344000
07086P,力成元富9C售01  ,0,0,0,0,0,0,0,0,0,-345000,0,0,0,182000,527000,-345000,-345000
057532,智原元大98購03  ,0,0,0,0,0,0,0,0,0,-345000,0,0,0,61000,406000,-345000,-345000
062325,鴻海統一9B購05  ,0,0,0,0,0,0,0,0,0,-345000,0,0,0,10000,355000,-345000,-345000
063328,京元電國票9C購02,0,0,0,0,0,0,0,0,0,-349000,0,0,0,12000,361000,-349000,-349000
057851,鴻海國票99購06  ,0,0,0,0,0,0,0,0,0,-350000,0,0,0,0,350000,-350000,-350000
057765,康舒凱基98購01  ,0,0,0,0,0,0,0,0,0,-350000,0,0,0,0,350000,-350000,-350000
054873,帆宣群益99購01  ,0,0,0,0,0,0,0,0,0,-351000,0,0,0,0,351000,-351000,-351000
062592,牧德統一01購01  ,0,0,0,0,0,0,0,0,0,-351000,0,0,0,0,351000,-351000,-351000
065344,瑞昱統一01購05  ,0,0,0,0,0,0,0,0,0,-353000,0,0,0,0,353000,-353000,-353000
1304,台聚            ,50000,405000,-355000,0,0,0,0,0,0,0,0,0,0,0,0,0,-355000
060413,東元永豐9A購01  ,0,0,0,0,0,0,0,0,0,-355000,0,0,0,0,355000,-355000,-355000
06461P,玉晶光國泰9A售01,0,0,0,0,0,0,0,0,0,-355000,0,0,0,0,355000,-355000,-355000
061900,志超永豐9B購01  ,0,0,0,0,0,0,0,0,0,-357000,0,0,0,0,357000,-357000,-357000
062844,T50反1國泰9C購01,0,0,0,0,0,0,0,0,0,-357000,0,0,0,0,357000,-357000,-357000
4552,力達-KY         ,79000,437000,-358000,0,0,0,0,0,0,0,0,0,0,0,0,0,-358000
058558,鴻海日盛9A購02  ,0,0,0,0,0,0,0,0,0,-359000,0,0,0,93000,452000,-359000,-359000
08191P,鴻海台新9B售03  ,0,0,0,0,0,0,0,0,0,-360000,0,0,0,31000,391000,-360000,-360000
056266,開發金統一9A購01,0,0,0,0,0,0,0,0,0,-362000,0,0,0,700000,1062000,-362000,-362000
060289,京元電元大9A購01,0,40000,-40000,0,0,0,0,0,0,-322000,0,0,0,53000,375000,-322000,-362000
2548,華固            ,245000,608756,-363756,0,0,0,3000,0,3000,-2000,23000,25000,-2000,0,0,0,-362756
065367,技嘉元大01購01  ,0,0,0,0,0,0,0,0,0,-364000,0,0,0,156000,520000,-364000,-364000
07686P,祥碩凱基9A售02  ,0,0,0,0,0,0,0,0,0,-365000,0,0,0,0,365000,-365000,-365000
053782,京元電元大98購02,0,0,0,0,0,0,0,0,0,-365000,0,0,0,100000,465000,-365000,-365000
064540,神達麥證01購01  ,0,0,0,72000,437000,-365000,0,0,0,-365000,0,0,0,72000,437000,-365000,-365000
063999,日月光兆豐9C購01,0,0,0,0,0,0,0,0,0,-365000,0,0,0,5000,370000,-365000,-365000
063592,瑞祺永豐9B購02  ,0,0,0,0,0,0,0,0,0,-367000,0,0,0,168000,535000,-367000,-367000
1309,台達化          ,1379000,749000,630000,0,0,0,0,1000000,-1000000,-1000,0,1000,-1000,0,0,0,-371000
064258,臻鼎國泰01購02  ,0,0,0,0,0,0,0,0,0,-371000,0,0,0,21000,392000,-371000,-371000
08112P,臺股指中信01售07,0,0,0,0,0,0,0,0,0,-373000,0,0,0,694000,1067000,-373000,-373000
06853P,華擎元富98售03  ,0,0,0,0,0,0,0,0,0,-374000,0,0,0,319000,693000,-374000,-374000
065033,和碩兆豐9C購01  ,0,0,0,0,0,0,0,0,0,-374000,0,0,0,20000,394000,-374000,-374000
06824P,台灣50國票99售02,0,0,0,0,0,0,0,0,0,-375000,0,0,0,0,375000,-375000,-375000
057941,聯電國票99購01  ,0,0,0,0,0,0,0,0,0,-379000,0,0,0,89000,468000,-379000,-379000
061742,奇鋐凱基9B購01  ,0,0,0,0,0,0,0,0,0,-379000,0,0,0,120000,499000,-379000,-379000
054215,創意國票97購02  ,0,0,0,0,0,0,0,0,0,-380000,0,0,0,169000,549000,-380000,-380000
064709,瑞祺永豐9C購01  ,0,0,0,0,0,0,0,0,0,-380000,0,0,0,106000,486000,-380000,-380000
1319,東陽            ,76000,456906,-380906,0,0,0,0,0,0,0,0,0,0,0,0,0,-380906
064837,TPK統一9C購02   ,0,0,0,0,0,0,0,0,0,-381000,0,0,0,20000,401000,-381000,-381000
062275,燿華群益9B購01  ,0,0,0,0,0,0,0,0,0,-382000,0,0,0,40000,422000,-382000,-382000
063900,GIS群益9C購03   ,0,0,0,0,0,0,0,0,0,-385000,0,0,0,20000,405000,-385000,-385000
064562,友達群益9C購03  ,0,0,0,0,0,0,0,0,0,-388000,0,0,0,0,388000,-388000,-388000
063672,GIS統一9C購01   ,0,0,0,0,0,0,0,0,0,-390000,0,0,0,10000,400000,-390000,-390000
062834,立積群益9B購02  ,0,0,0,0,0,0,0,0,0,-390000,0,0,0,99000,489000,-390000,-390000
1416,廣豐            ,63000,454000,-391000,0,0,0,0,0,0,0,0,0,0,0,0,0,-391000
2208,台船            ,234000,625000,-391000,0,0,0,0,0,0,0,0,0,0,0,0,0,-391000
064000,台郡兆豐9C購01  ,0,0,0,0,0,0,0,0,0,-392000,0,0,0,69000,461000,-392000,-392000
060183,南亞科元富9A購01,0,0,0,0,0,0,0,0,0,-395000,0,0,0,122000,517000,-395000,-395000
063379,帆宣永豐9B購01  ,0,0,0,0,0,0,0,0,0,-396000,0,0,0,0,396000,-396000,-396000
2406,國碩            ,434000,830549,-396549,0,0,0,0,0,0,0,0,0,0,0,0,0,-396549
062667,立積群益9B購01  ,0,0,0,0,0,0,0,0,0,-397000,0,0,0,137000,534000,-397000,-397000
065357,立積元富03購01  ,0,0,0,0,0,0,0,0,0,-398000,0,0,0,0,398000,-398000,-398000
053891,欣興群益98購01  ,0,0,0,0,0,0,0,0,0,-398000,0,0,0,12000,410000,-398000,-398000
2404,漢唐            ,734000,414701,319299,0,0,0,0,692000,-692000,-27000,0,24000,-24000,4000,7000,-3000,-399701
07709P,創意元大9A售01  ,0,0,0,0,0,0,0,0,0,-400000,0,0,0,10000,410000,-400000,-400000
059040,訊芯群益99購03  ,0,0,0,0,0,0,0,0,0,-400000,0,0,0,98000,498000,-400000,-400000
063646,帆宣元大9B購02  ,0,0,0,0,0,0,0,0,0,-402000,0,0,0,59000,461000,-402000,-402000
3682,亞太電          ,313000,716000,-403000,0,0,0,0,0,0,0,0,0,0,0,0,0,-403000
062392,國巨富邦02購01  ,0,0,0,0,0,0,0,0,0,-403000,0,0,0,13000,416000,-403000,-403000
062786,立積元大9C購03  ,0,0,0,0,0,0,0,0,0,-407000,0,0,0,348000,755000,-407000,-407000
062889,可成群益9C購01  ,0,0,0,0,0,0,0,0,0,-407000,0,0,0,1000,408000,-407000,-407000
4904,遠傳            ,1241000,1712068,-471068,0,0,0,37000,7000,30000,33000,60000,15000,45000,0,12000,-12000,-408068
07777P,創意元大9A售03  ,0,0,0,0,0,0,0,0,0,-410000,0,0,0,62000,472000,-410000,-410000
065507,亞德客群益01購02,0,0,0,0,0,0,0,0,0,-410000,0,0,0,0,410000,-410000,-410000
064880,神達兆豐9C購01  ,0,0,0,0,0,0,0,0,0,-410000,0,0,0,50000,460000,-410000,-410000
063327,燿華國票9C購02  ,0,0,0,0,0,0,0,0,0,-411000,0,0,0,1000,412000,-411000,-411000
057969,緯穎國泰99購01  ,0,0,0,0,0,0,0,0,0,-412000,0,0,0,16000,428000,-412000,-412000
062745,聯詠永豐9B購01  ,0,0,0,0,0,0,0,0,0,-412000,0,0,0,15000,427000,-412000,-412000
08203P,同欣電永豐9B售04,0,0,0,0,0,0,0,0,0,-413000,0,0,0,0,413000,-413000,-413000
063159,嘉澤國泰01購01  ,0,0,0,0,0,0,0,0,0,-413000,0,0,0,20000,433000,-413000,-413000
08243P,祥碩凱基9C售02  ,0,0,0,0,0,0,0,0,0,-414000,0,0,0,135000,549000,-414000,-414000
07597P,臺股指中信01售02,0,0,0,0,0,0,0,0,0,-414000,0,0,0,1275000,1689000,-414000,-414000
063400,華擎群益9B購03  ,0,0,0,0,0,0,0,0,0,-418000,0,0,0,0,418000,-418000,-418000
063477,訊芯元大9B購01  ,0,0,0,0,0,0,0,0,0,-418000,0,0,0,100000,518000,-418000,-418000
065189,台郡統一9C購03  ,0,0,0,0,0,0,0,0,0,-419000,0,0,0,498000,917000,-419000,-419000
8016,矽創            ,212000,403000,-191000,0,0,0,0,204000,-204000,-26000,0,22000,-22000,3000,7000,-4000,-421000
062207,牧德國票9B購02  ,0,0,0,0,0,0,0,0,0,-423000,0,0,0,366000,789000,-423000,-423000
060133,牧德群益9B購01  ,0,0,0,0,0,0,0,0,0,-425000,0,0,0,23000,448000,-425000,-425000
060676,京元電元大9A購03,0,0,0,0,0,0,0,0,0,-425000,0,0,0,78000,503000,-425000,-425000
046061,中石化凱基98購01,0,0,0,0,0,0,0,0,0,-426000,0,0,0,0,426000,-426000,-426000
064015,立積國票01購01  ,0,0,0,0,0,0,0,0,0,-427000,0,0,0,138000,565000,-427000,-427000
063613,全新群益9C購01  ,0,0,0,0,0,0,0,0,0,-428000,0,0,0,40000,468000,-428000,-428000
065519,台勝科群益9C購02,0,0,0,0,0,0,0,0,0,-429000,0,0,0,0,429000,-429000,-429000
060309,佳世達永豐9A購01,0,0,0,0,0,0,0,0,0,-431000,0,0,0,0,431000,-431000,-431000
058101,台積電富邦9C購01,0,0,0,0,0,0,0,0,0,-432000,0,0,0,18000,450000,-432000,-432000
058380,臺股指凱基99購15,0,0,0,0,0,0,0,0,0,-432000,0,0,0,523000,955000,-432000,-432000
2634,漢翔            ,76000,321000,-245000,0,0,0,0,2000,-2000,-186000,0,6000,-6000,8000,188000,-180000,-433000
065195,國巨元富06購01  ,0,0,0,0,0,0,0,0,0,-434000,0,0,0,419000,853000,-434000,-434000
063348,祥碩統一01購04  ,0,0,0,0,0,0,0,0,0,-435000,0,0,0,396000,831000,-435000,-435000
063272,GIS兆豐9C購01   ,0,0,0,0,0,0,0,0,0,-435000,0,0,0,12000,447000,-435000,-435000
057788,嘉聯益國票99購01,0,0,0,0,0,0,0,0,0,-437000,0,0,0,115000,552000,-437000,-437000
058188,華擎永豐99購01  ,0,0,0,0,0,0,0,0,0,-437000,0,0,0,25000,462000,-437000,-437000
065414,立積永豐9C購01  ,0,0,0,0,0,0,0,0,0,-438000,0,0,0,0,438000,-438000,-438000
08494P,世芯元大9C售02  ,0,0,0,0,0,0,0,0,0,-438000,0,0,0,51000,489000,-438000,-438000
057508,康控國票99購03  ,0,0,0,0,0,0,0,0,0,-439000,0,0,0,0,439000,-439000,-439000
2511,太子            ,101000,544000,-443000,0,0,0,0,0,0,0,0,0,0,0,0,0,-443000
07021P,台積電富邦9C售02,0,0,0,0,0,0,0,0,0,-443000,0,0,0,410000,853000,-443000,-443000
063568,高鐵元大9B購01  ,0,0,0,0,0,0,0,0,0,-443000,0,0,0,136000,579000,-443000,-443000
063671,GIS統一01購01   ,0,0,0,0,0,0,0,0,0,-444000,0,0,0,34000,478000,-444000,-444000
055497,開發金元大97購01,0,0,0,0,0,0,0,0,0,-445000,0,0,0,5000,450000,-445000,-445000
064165,同欣電統一01購01,0,0,0,0,0,0,0,0,0,-450000,0,0,0,17000,467000,-450000,-450000
2723,美食-KY         ,75000,282000,-207000,0,0,0,0,236000,-236000,-8000,0,2000,-2000,2000,8000,-6000,-451000
057054,立積元大98購03  ,0,0,0,0,0,0,0,0,0,-451000,0,0,0,0,451000,-451000,-451000
064094,達新群益9C購01  ,0,0,0,0,0,0,0,0,0,-453000,0,0,0,47000,500000,-453000,-453000
08276P,可成元富9C售02  ,0,0,0,0,0,0,0,0,0,-456000,0,0,0,269000,725000,-456000,-456000
058809,國巨統一9B購03  ,0,0,0,0,0,0,0,0,0,-461000,0,0,0,75000,536000,-461000,-461000
064724,健鼎統一02購02  ,0,0,0,0,0,0,0,0,0,-462000,0,0,0,48000,510000,-462000,-462000
064565,高鐵群益01購01  ,0,0,0,0,0,0,0,0,0,-463000,0,0,0,73000,536000,-463000,-463000
08518P,世芯群益9C售03  ,0,0,0,0,0,0,0,0,0,-464000,0,0,0,25000,489000,-464000,-464000
065022,同欣電富邦01購01,0,0,0,0,0,0,0,0,0,-464000,0,0,0,105000,569000,-464000,-464000
00650L,FH香港正2       ,45000,39000,6000,0,0,0,0,0,0,-472000,0,0,0,455000,927000,-472000,-466000
053799,矽創中信9A購01  ,0,0,0,0,0,0,0,0,0,-467000,0,0,0,100000,567000,-467000,-467000
060569,台積電永豐9A購01,0,0,0,0,0,0,0,0,0,-468000,0,0,0,0,468000,-468000,-468000
064055,台郡統一02購01  ,0,0,0,0,0,0,0,0,0,-469000,0,0,0,53000,522000,-469000,-469000
059016,晶相光元富99購03,0,0,0,0,0,0,0,0,0,-470000,0,0,0,0,470000,-470000,-470000
062008,南亞科國泰9C購01,0,0,0,0,0,0,0,0,0,-471000,0,0,0,30000,501000,-471000,-471000
055810,T50反1國票99購01,0,0,0,0,0,0,0,0,0,-472000,0,0,0,627000,1099000,-472000,-472000
059188,京元電富邦9B購01,0,0,0,0,0,0,0,0,0,-481000,0,0,0,318000,799000,-481000,-481000
065403,健鼎國泰02購01  ,0,0,0,0,0,0,0,0,0,-482000,0,0,0,185000,667000,-482000,-482000
057206,立積元富98購01  ,0,0,0,0,0,0,0,0,0,-482000,0,0,0,276000,758000,-482000,-482000
064177,立積國泰01購01  ,0,0,0,0,0,0,0,0,0,-486000,0,0,0,142000,628000,-486000,-486000
06731P,聯茂元大98售05  ,0,0,0,0,0,0,0,0,0,-489000,0,0,0,10000,499000,-489000,-489000
056520,鴻海日盛99購01  ,0,0,0,0,0,0,0,0,0,-489000,0,0,0,215000,704000,-489000,-489000
065134,中石化凱基01購01,0,0,0,0,0,0,0,0,0,-490000,0,0,0,20000,510000,-490000,-490000
00715L,街口布蘭特油正2 ,0,490000,-490000,0,0,0,0,0,0,0,0,0,0,0,0,0,-490000
060922,金像電永豐9A購01,0,0,0,0,0,0,0,0,0,-490000,0,0,0,0,490000,-490000,-490000
055063,玉晶光永豐99購01,0,0,0,0,0,0,0,0,0,-493000,0,0,0,82000,575000,-493000,-493000
056559,華通群益98購02  ,0,0,0,0,0,0,0,0,0,-499000,0,0,0,0,499000,-499000,-499000
064553,臺指反群益9C購01,0,0,0,0,0,0,0,0,0,-499000,0,0,0,0,499000,-499000,-499000
057608,南亞科台新98購01,0,0,0,0,0,0,0,0,0,-500000,0,0,0,0,500000,-500000,-500000
057620,康控凱基99購01  ,0,0,0,0,0,0,0,0,0,-500000,0,0,0,0,500000,-500000,-500000
057486,美律元大98購04  ,0,0,0,0,0,0,0,0,0,-500000,0,0,0,0,500000,-500000,-500000
065046,玉晶光凱基01購03,0,0,0,0,0,0,0,0,0,-502000,0,0,0,41000,543000,-502000,-502000
064464,台郡統一01購01  ,0,0,0,0,0,0,0,0,0,-507000,0,0,0,0,507000,-507000,-507000
065315,玉晶光中信03購02,0,0,0,0,0,0,0,0,0,-508000,0,0,0,15000,523000,-508000,-508000
058246,帆宣元大99購01  ,0,0,0,0,0,0,0,0,0,-508000,0,0,0,0,508000,-508000,-508000
063226,康控群益9B購03  ,0,0,0,0,0,0,0,0,0,-509000,0,0,0,20000,529000,-509000,-509000
08360P,國巨國泰02售01  ,0,0,0,0,0,0,0,0,0,-510000,0,0,0,0,510000,-510000,-510000
065604,聯發科元大9C購17,0,0,0,0,0,0,0,0,0,-511000,0,0,0,0,511000,-511000,-511000
064076,台積電中信06購02,0,0,0,0,0,0,0,0,0,-516000,0,0,0,15000,531000,-516000,-516000
063399,智原群益9B購01  ,0,0,0,0,0,0,0,0,0,-517000,0,0,0,21000,538000,-517000,-517000
060347,大立光統一02購01,0,0,0,0,0,0,0,0,0,-518000,0,0,0,20000,538000,-518000,-518000
06771P,台灣50中信02售01,0,0,0,0,0,0,0,0,0,-520000,0,0,0,4000,524000,-520000,-520000
060575,大立光中信9B購02,0,0,0,0,0,0,0,0,0,-520000,0,0,0,0,520000,-520000,-520000
065490,國巨國泰02購02  ,0,0,0,0,0,0,0,0,0,-523000,0,0,0,6000,529000,-523000,-523000
057475,聯電元大9A購01  ,0,0,0,0,0,0,0,0,0,-526000,0,0,0,107000,633000,-526000,-526000
06832P,玉晶光凱基98售03,0,0,0,0,0,0,0,0,0,-530000,0,0,0,310000,840000,-530000,-530000
063876,華新元富9C購01  ,0,0,0,0,0,0,0,0,0,-537000,0,0,0,187000,724000,-537000,-537000
064056,GIS統一01購02   ,0,0,0,0,0,0,0,0,0,-542000,0,0,0,41000,583000,-542000,-542000
1604,聲寶            ,65000,612000,-547000,0,0,0,0,0,0,0,0,0,0,0,0,0,-547000
1707,葡萄王          ,36000,425000,-389000,0,0,0,0,0,0,-161000,0,74000,-74000,0,87000,-87000,-550000
060284,南港元大01購01  ,0,0,0,0,0,0,0,0,0,-552000,0,0,0,0,552000,-552000,-552000
9946,三發地產        ,10000,568000,-558000,0,0,0,0,0,0,0,0,0,0,0,0,0,-558000
06852P,臺股指元大98售11,0,0,0,0,0,0,0,0,0,-563000,0,0,0,236000,799000,-563000,-563000
060629,鴻海富邦9B購01  ,0,0,0,0,0,0,0,0,0,-563000,0,0,0,103000,666000,-563000,-563000
06991P,矽創群益99售01  ,0,0,0,0,0,0,0,0,0,-565000,0,0,0,214000,779000,-565000,-565000
063376,神達永豐9B購01  ,0,0,0,0,0,0,0,0,0,-570000,0,0,0,0,570000,-570000,-570000
063861,南亞科國泰02購01,0,0,0,0,0,0,0,0,0,-571000,0,0,0,19000,590000,-571000,-571000
058495,元大金群益9B購01,0,0,0,0,0,0,0,0,0,-573000,0,0,0,0,573000,-573000,-573000
057813,京元電元大98購03,0,0,0,0,0,0,0,0,0,-574000,0,0,0,516000,1090000,-574000,-574000
063585,台積電永豐9B購03,0,0,0,0,0,0,0,0,0,-575000,0,0,0,0,575000,-575000,-575000
065119,大立光富邦03購03,0,0,0,0,0,0,0,0,0,-576000,0,0,0,80000,656000,-576000,-576000
2385,群光            ,716182,2041383,-1325201,0,0,0,1153000,386000,767000,-26000,0,9000,-9000,0,17000,-17000,-584201
2314,台揚            ,252000,838000,-586000,0,0,0,0,0,0,0,0,0,0,0,0,0,-586000
063782,致新永豐9B購02  ,0,0,0,0,0,0,0,0,0,-586000,0,0,0,85000,671000,-586000,-586000
2478,大毅            ,361000,816000,-455000,0,0,0,0,0,0,-132000,0,10000,-10000,22000,144000,-122000,-587000
1312,國喬            ,82000,670241,-588241,0,0,0,0,0,0,-1000,0,0,0,0,1000,-1000,-589241
058944,元石油群益9C購02,0,0,0,0,0,0,0,0,0,-590000,0,0,0,40000,630000,-590000,-590000
063819,致新群益9C購01  ,0,0,0,0,0,0,0,0,0,-592000,0,0,0,143000,735000,-592000,-592000
064650,台表科凱基03購01,0,0,0,0,0,0,0,0,0,-592000,0,0,0,149000,741000,-592000,-592000
065336,華新統一02購01  ,0,0,0,0,0,0,0,0,0,-600000,0,0,0,0,600000,-600000,-600000
07307P,上証2X凱基9A售02,0,0,0,0,0,0,0,0,0,-600000,0,0,0,0,600000,-600000,-600000
057190,立積元大9A購02  ,0,0,0,0,0,0,0,0,0,-601000,0,0,0,113000,714000,-601000,-601000
1402,遠東新          ,1882000,2303786,-421786,0,0,0,57000,10000,47000,-227000,10000,25000,-15000,0,212000,-212000,-601786
063448,聯發科統一9C購11,0,0,0,0,0,0,0,0,0,-613000,0,0,0,265000,878000,-613000,-613000
1701,中化            ,724000,1338000,-614000,0,0,0,0,0,0,0,0,0,0,0,0,0,-614000
2505,國揚            ,710000,1400000,-690000,0,0,0,0,0,0,75000,0,8000,-8000,99000,16000,83000,-615000
1301,台塑            ,2044000,2790085,-746085,0,0,0,115000,11000,104000,25000,54000,30000,24000,1000,0,1000,-617085
051369,新光金富邦9A購01,0,0,0,0,0,0,0,0,0,-619000,0,0,0,0,619000,-619000,-619000
6504,南六            ,315041,360000,-44959,0,0,0,0,524000,-524000,-52000,13000,27000,-14000,11000,49000,-38000,-620959
8926,台汽電          ,243000,746945,-503945,0,0,0,0,1000,-1000,-117000,0,9000,-9000,13000,121000,-108000,-621945
4927,泰鼎-KY         ,816000,515000,301000,0,0,0,0,860000,-860000,-63000,16000,75000,-59000,27000,31000,-4000,-622000
064146,瑞昱統一01購03  ,0,0,0,0,0,0,0,0,0,-623000,0,0,0,80000,703000,-623000,-623000
060792,信錦永豐9A購01  ,0,0,0,0,0,0,0,0,0,-626000,0,0,0,0,626000,-626000,-626000
052152,創意富邦98購01  ,0,0,0,0,0,0,0,0,0,-641000,0,0,0,5000,646000,-641000,-641000
061021,聯電國泰9B購01  ,0,0,0,0,0,0,0,0,0,-641000,0,0,0,305000,946000,-641000,-641000
056619,強茂永豐98購01  ,0,0,0,0,0,0,0,0,0,-645000,0,0,0,0,645000,-645000,-645000
6505,台塑化          ,1371000,1775000,-404000,0,0,0,0,194000,-194000,-56000,0,63000,-63000,7000,0,7000,-654000
08300P,世芯國票01售01  ,0,0,0,0,0,0,0,0,0,-656000,0,0,0,20000,676000,-656000,-656000
063583,GIS國泰01購01   ,0,0,0,0,0,0,0,0,0,-656000,0,0,0,70000,726000,-656000,-656000
062687,華擎統一01購02  ,0,0,0,0,0,0,0,0,0,-659000,0,0,0,114000,773000,-659000,-659000
057197,立積台新98購01  ,0,0,0,0,0,0,0,0,0,-663000,0,0,0,0,663000,-663000,-663000
08543P,世芯國票01售02  ,10000,0,10000,0,0,0,0,0,0,-678000,0,0,0,15000,693000,-678000,-668000
2383,台光電          ,1744000,1955030,-211030,0,0,0,0,260000,-260000,-197000,50000,234000,-184000,12000,25000,-13000,-668030
065352,GIS統一01購04   ,0,0,0,0,0,0,0,0,0,-673000,0,0,0,35000,708000,-673000,-673000
063218,台塑群益9B購01  ,0,0,0,0,0,0,0,0,0,-675000,0,0,0,34000,709000,-675000,-675000
1717,長興            ,287000,888000,-601000,0,0,0,7000,161000,-154000,78000,90000,12000,78000,0,0,0,-677000
064384,聯電富邦01購01  ,0,0,0,0,0,0,0,0,0,-678000,0,0,0,148000,826000,-678000,-678000
00638R,元大滬深300反1  ,0,0,0,0,0,0,0,0,0,-680000,0,0,0,113000,793000,-680000,-680000
2102,泰豐            ,417000,1016000,-599000,0,0,0,0,0,0,-90000,0,90000,-90000,0,0,0,-689000
056696,茂林群益98購02  ,0,0,0,0,0,0,0,0,0,-700000,0,0,0,0,700000,-700000,-700000
057992,大立光日盛98購01,0,0,0,0,0,0,0,0,0,-700000,0,0,0,0,700000,-700000,-700000
063665,南亞科統一01購02,0,0,0,0,0,0,0,0,0,-705000,0,0,0,30000,735000,-705000,-705000
064176,京元電國泰01購01,0,0,0,0,0,0,0,0,0,-706000,0,0,0,183000,889000,-706000,-706000
064522,華擎群益01購01  ,0,0,0,0,0,0,0,0,0,-706000,0,0,0,0,706000,-706000,-706000
063658,瑞祺元富9B購01  ,0,0,0,0,0,0,0,0,0,-712000,0,0,0,256000,968000,-712000,-712000
064909,華擎麥證9C購01  ,0,0,0,36000,750000,-714000,0,0,0,-714000,0,0,0,36000,750000,-714000,-714000
062343,中石化群益9B購01,0,0,0,0,0,0,0,0,0,-718000,0,0,0,98000,816000,-718000,-718000
2542,興富發          ,414000,1001000,-587000,0,0,0,13000,150000,-137000,0,14000,14000,0,0,0,0,-724000
053568,智伸科富邦98購01,0,0,0,0,0,0,0,0,0,-727000,0,0,0,608000,1335000,-727000,-727000
056673,中石化元富9B購01,0,0,0,0,0,0,0,0,0,-729000,0,0,0,20000,749000,-729000,-729000
00674R,元大S&P黃金反1  ,0,0,0,0,0,0,0,0,0,-733000,0,0,0,166000,899000,-733000,-733000
2606,裕民            ,100000,822000,-722000,0,0,0,0,3000,-3000,-13000,0,7000,-7000,0,6000,-6000,-738000
061517,瑞祺永豐9A購03  ,0,0,0,0,0,0,0,0,0,-739000,0,0,0,15000,754000,-739000,-739000
08095P,大立光元富9B售03,0,0,0,0,0,0,0,0,0,-742000,0,0,0,144000,886000,-742000,-742000
061724,訊芯永豐9A購01  ,0,0,0,0,0,0,0,0,0,-744000,0,0,0,0,744000,-744000,-744000
063057,祥碩統一03購01  ,40000,0,40000,0,0,0,0,0,0,-786000,0,0,0,639000,1425000,-786000,-746000
057207,立積元富98購02  ,0,0,0,0,0,0,0,0,0,-747000,0,0,0,560000,1307000,-747000,-747000
063257,牧德國泰01購01  ,0,0,0,0,0,0,0,0,0,-749000,0,0,0,702000,1451000,-749000,-749000
1718,中纖            ,124000,877000,-753000,0,0,0,0,0,0,0,0,0,0,0,0,0,-753000
064684,巨大兆豐9C購01  ,0,0,0,0,0,0,0,0,0,-754000,0,0,0,54000,808000,-754000,-754000
057973,神達富邦9A購01  ,0,0,0,0,0,0,0,0,0,-756000,0,0,0,0,756000,-756000,-756000
2915,潤泰全          ,737000,765672,-28672,0,0,0,5000,730000,-725000,-7000,4000,5000,-1000,0,6000,-6000,-760672
1477,聚陽            ,244000,965350,-721350,0,0,0,0,61000,-61000,15000,41000,26000,15000,5000,5000,0,-767350
8112,至上            ,143000,918000,-775000,0,0,0,5000,0,5000,-2000,0,2000,-2000,0,0,0,-772000
065018,台達電富邦03購01,0,0,0,0,0,0,0,0,0,-774000,0,0,0,79000,853000,-774000,-774000
2002,中鋼            ,5964000,6762383,-798383,0,0,0,162000,60000,102000,-78000,6000,84000,-78000,0,0,0,-774383
063497,東元永豐9B購01  ,0,0,0,0,0,0,0,0,0,-777000,0,0,0,0,777000,-777000,-777000
06595P,祥碩元大98售03  ,0,0,0,0,0,0,0,0,0,-799000,0,0,0,0,799000,-799000,-799000
07421P,國泰金元大99售01,0,0,0,0,0,0,0,0,0,-799000,0,0,0,0,799000,-799000,-799000
061306,瑞祺永豐9A購02  ,0,0,0,0,0,0,0,0,0,-805000,0,0,0,50000,855000,-805000,-805000
057743,華擎永豐98購03  ,0,0,0,0,0,0,0,0,0,-807000,0,0,0,0,807000,-807000,-807000
055653,聯詠元富01購02  ,0,0,0,0,0,0,0,0,0,-809000,0,0,0,388000,1197000,-809000,-809000
08470P,世芯凱基9C售02  ,0,0,0,0,0,0,0,0,0,-811000,0,0,0,100000,911000,-811000,-811000
057085,立積統一9B購02  ,0,0,0,0,0,0,0,0,0,-829000,0,0,0,145000,974000,-829000,-829000
062747,立積永豐9B購01  ,0,0,0,0,0,0,0,0,0,-831000,0,0,0,3000,834000,-831000,-831000
061414,牧德群益9B購02  ,0,0,0,0,0,0,0,0,0,-834000,0,0,0,0,834000,-834000,-834000
064821,聯電統一02購01  ,0,0,0,0,0,0,0,0,0,-840000,0,0,0,21000,861000,-840000,-840000
4142,國光生          ,4650000,5501000,-851000,0,0,0,0,0,0,11000,1000,0,1000,10000,0,10000,-840000
1504,東元            ,1012000,2232203,-1220203,0,0,0,303000,3000,300000,58000,0,14000,-14000,74000,2000,72000,-862203
06696P,台灣50國票99售01,0,0,0,0,0,0,0,0,0,-866000,0,0,0,5000,871000,-866000,-866000
2401,凌陽            ,352000,1156000,-804000,0,0,0,0,0,0,-63000,0,63000,-63000,0,0,0,-867000
6271,同欣電          ,2219000,1776764,442236,0,0,0,420000,1734000,-1314000,2680,372000,382320,-10320,33000,20000,13000,-869084
062285,台勝科群益9B購01,0,0,0,0,0,0,0,0,0,-901000,0,0,0,85000,986000,-901000,-901000
053118,大立光中信9C購01,0,0,0,0,0,0,0,0,0,-904000,0,0,0,351000,1255000,-904000,-904000
2436,偉詮電          ,906000,1813000,-907000,0,0,0,0,0,0,0,0,0,0,0,0,0,-907000
8210,勤誠            ,225000,1097687,-872687,0,0,0,0,49000,-49000,9000,20000,9000,11000,2000,4000,-2000,-912687
6153,嘉聯益          ,1320000,2411000,-1091000,0,0,0,0,0,0,177000,110000,35000,75000,248000,146000,102000,-914000
063358,華擎國泰01購01  ,0,0,0,0,0,0,0,0,0,-922000,0,0,0,144000,1066000,-922000,-922000
00669R,國泰美國道瓊反1 ,1000,0,1000,0,0,0,0,0,0,-928000,0,0,0,823000,1751000,-928000,-927000
062493,元金反中信9B購01,0,0,0,0,0,0,0,0,0,-927000,0,0,0,0,927000,-927000,-927000
062880,大立光兆豐9B購02,0,0,0,0,0,0,0,0,0,-935000,0,0,0,0,935000,-935000,-935000
060034,立積永豐99購04  ,0,0,0,0,0,0,0,0,0,-937000,0,0,0,52000,989000,-937000,-937000
8028,昇陽半導體      ,308000,706000,-398000,0,0,0,0,0,0,-541000,0,176000,-176000,1000,366000,-365000,-939000
055902,同欣電中信99購01,0,0,0,0,0,0,0,0,0,-942000,0,0,0,458000,1400000,-942000,-942000
063265,瑞祺永豐9B購01  ,0,0,0,0,0,0,0,0,0,-962000,0,0,0,28000,990000,-962000,-962000
065313,聯茂國票01購01  ,0,0,0,0,0,0,0,0,0,-965000,0,0,0,35000,1000000,-965000,-965000
6285,啟碁            ,170000,1038000,-868000,0,0,0,3000,84000,-81000,-17000,0,5000,-5000,0,12000,-12000,-966000
00664R,國泰臺灣加權反1 ,1000,0,1000,0,0,0,0,0,0,-974000,0,0,0,574000,1548000,-974000,-973000
058313,台積電富邦9B購04,0,0,0,0,0,0,0,0,0,-977000,0,0,0,505000,1482000,-977000,-977000
058721,立積元富9C購01  ,0,0,0,0,0,0,0,0,0,-987000,0,0,0,624000,1611000,-987000,-987000
054113,奇力新台新97購01,0,0,0,0,0,0,0,0,0,-998000,0,0,0,827000,1825000,-998000,-998000
063780,高鐵永豐9B購02  ,0,0,0,0,0,0,0,0,0,-998000,0,0,0,0,998000,-998000,-998000
056707,鴻海富邦99購03  ,0,0,0,0,0,0,0,0,0,-1000000,0,0,0,147000,1147000,-1000000,-1000000
054713,國巨中信9B購01  ,0,0,0,0,0,0,0,0,0,-1005000,0,0,0,1746000,2751000,-1005000,-1005000
1215,卜蜂            ,79000,1000491,-921491,0,0,0,0,84000,-84000,-9000,105000,160000,-55000,83000,37000,46000,-1014491
2301,光寶科          ,4474000,8897000,-4423000,0,0,0,3430000,120000,3310000,98000,151000,20000,131000,1000,34000,-33000,-1015000
08278P,玉晶光元富9C售02,0,0,0,0,0,0,0,0,0,-1098000,0,0,0,11000,1109000,-1098000,-1098000
056413,上証反中信9A購01,0,0,0,0,0,0,0,0,0,-1100000,0,0,0,0,1100000,-1100000,-1100000
2474,可成            ,1606327,2684072,-1077745,0,0,0,0,2000,-2000,-22000,0,7000,-7000,11000,26000,-15000,-1101745
00634R,富邦上証反1     ,0,211000,-211000,0,0,0,0,0,0,-902000,0,0,0,36000,938000,-902000,-1113000
2363,矽統            ,619000,1734000,-1115000,0,0,0,0,0,0,0,0,0,0,0,0,0,-1115000
058553,合勤控永豐99購01,0,0,0,0,0,0,0,0,0,-1133000,0,0,0,0,1133000,-1133000,-1133000
07025P,玉晶光凱基99售01,0,0,0,0,0,0,0,0,0,-1141000,0,0,0,350000,1491000,-1141000,-1141000
060164,合勤控永豐9A購01,0,0,0,0,0,0,0,0,0,-1142000,0,0,0,23000,1165000,-1142000,-1142000
060428,瑞祺永豐9A購01  ,0,0,0,0,0,0,0,0,0,-1150000,0,0,0,184000,1334000,-1150000,-1150000
08135P,玉晶光國泰01售02,0,0,0,0,0,0,0,0,0,-1203000,0,0,0,0,1203000,-1203000,-1203000
2618,長榮航          ,4601000,5610000,-1009000,0,0,0,38000,14000,24000,-221000,0,200000,-200000,20000,41000,-21000,-1206000
5469,瀚宇博          ,570000,1437000,-867000,0,0,0,0,0,0,-342000,0,131000,-131000,152000,363000,-211000,-1209000
3321,同泰            ,138000,154000,-16000,0,0,0,0,1200000,-1200000,0,0,0,0,0,0,0,-1216000
062955,立積永豐9B購02  ,0,0,0,0,0,0,0,0,0,-1216000,0,0,0,185000,1401000,-1216000,-1216000
6239,力成            ,1051451,1655338,-603887,0,0,0,0,478000,-478000,-151000,9000,87000,-78000,8000,81000,-73000,-1232887
064475,台積電國泰02購03,0,0,0,0,0,0,0,0,0,-1235000,0,0,0,471000,1706000,-1235000,-1235000
063054,健鼎統一01購01  ,0,0,0,0,0,0,0,0,0,-1244000,0,0,0,319000,1563000,-1244000,-1244000
063682,達新永豐9B購01  ,0,0,0,0,0,0,0,0,0,-1272000,0,0,0,0,1272000,-1272000,-1272000
064147,瑞昱統一01購04  ,0,0,0,0,0,0,0,0,0,-1293000,0,0,0,146000,1439000,-1293000,-1293000
3037,欣興            ,18016000,23443000,-5427000,0,0,0,4328000,40000,4288000,-158000,870000,1132000,-262000,409000,305000,104000,-1297000
1795,美時            ,942000,2241000,-1299000,0,0,0,0,0,0,0,0,0,0,0,0,0,-1299000
2368,金像電          ,5764000,6969136,-1205136,0,0,0,0,119000,-119000,24000,430000,503000,-73000,117000,20000,97000,-1300136
06836P,玉晶光國票99售06,0,0,0,0,0,0,0,0,0,-1305000,0,0,0,747000,2052000,-1305000,-1305000
08136P,祥碩國泰01售01  ,0,0,0,0,0,0,0,0,0,-1358000,0,0,0,161000,1519000,-1358000,-1358000
1789,神隆            ,1258000,2604000,-1346000,0,0,0,0,0,0,-18000,0,18000,-18000,36000,36000,0,-1364000
058928,國巨統一9C購01  ,0,0,0,0,0,0,0,0,0,-1376000,0,0,0,658000,2034000,-1376000,-1376000
00640L,富邦日本正2     ,0,21000,-21000,0,0,0,0,0,0,-1385000,0,0,0,399000,1784000,-1385000,-1406000
039212,台達電台新9A購01,0,0,0,0,0,0,0,0,0,-1411000,0,0,0,48000,1459000,-1411000,-1411000
6213,聯茂            ,542997,1947849,-1404852,0,0,0,0,63822,-63822,11000,54000,29000,25000,6000,20000,-14000,-1457674
3005,神基            ,3142000,1262000,1880000,0,0,0,52000,3396000,-3344000,6000,45000,36000,9000,2000,5000,-3000,-1458000
2614,東森            ,173000,1636000,-1463000,0,0,0,0,0,0,0,0,0,0,0,0,0,-1463000
064917,元大金統一02購01,0,0,0,0,0,0,0,0,0,-1545000,0,0,0,764000,2309000,-1545000,-1545000
06878P,台灣50日盛9B售01,0,0,0,0,0,0,0,0,0,-1550000,0,0,0,0,1550000,-1550000,-1550000
9904,寶成            ,1544000,3146440,-1602440,0,0,0,48000,6000,42000,9000,48000,21000,27000,0,18000,-18000,-1551440
00671R,富邦NASDAQ反1   ,0,0,0,0,0,0,0,0,0,-1582000,0,0,0,62000,1644000,-1582000,-1582000
07194P,聯發科元大99售25,0,0,0,0,0,0,0,0,0,-1600000,0,0,0,632000,2232000,-1600000,-1600000
4938,和碩            ,8332000,11032635,-2700635,0,0,0,2528000,5000,2523000,-1424000,67000,1502000,-1435000,19000,8000,11000,-1601635
063322,台郡群益9B購02  ,0,0,0,0,0,0,0,0,0,-1681000,0,0,0,54000,1735000,-1681000,-1681000
3042,晶技            ,2182000,3115318,-933318,0,0,0,0,644000,-644000,-110000,5000,46000,-41000,23000,92000,-69000,-1687318
2454,聯發科          ,2829407,4611066,-1781659,0,0,0,36000,3000,33000,56900,69000,25000,44000,53000,40100,12900,-1691759
062986,T50反1中信02購01,0,0,0,0,0,0,0,0,0,-1835000,0,0,0,135000,1970000,-1835000,-1835000
2492,華新科          ,2723591,2549000,174591,0,0,0,18000,1922000,-1904000,-133000,11000,116000,-105000,14000,42000,-28000,-1862409
1605,華新            ,6440000,1672000,4768000,0,0,0,47000,6590000,-6543000,-124000,0,90000,-90000,185000,219000,-34000,-1899000
1326,台化            ,5300000,4006093,1293907,0,0,0,140000,3296000,-3156000,-40000,0,34000,-34000,0,6000,-6000,-1902093
3376,新日興          ,406000,2208746,-1802746,0,0,0,0,0,0,-175000,58000,61000,-3000,21000,193000,-172000,-1977746
3532,台勝科          ,1487895,270000,1217895,0,0,0,1000,3324000,-3323000,90000,27000,2000,25000,91000,26000,65000,-2015105
2393,億光            ,564000,735000,-171000,0,0,0,0,518000,-518000,-1374000,9000,1381000,-1372000,8000,10000,-2000,-2063000
1909,榮成            ,2841000,775000,2066000,0,0,0,0,4200000,-4200000,59000,74000,25000,49000,10000,0,10000,-2075000
2834,臺企銀          ,2300000,4395833,-2095833,0,0,0,69000,14000,55000,-50000,0,50000,-50000,0,0,0,-2090833
00676R,富邦臺灣加權反1 ,0,0,0,0,0,0,0,0,0,-2094000,0,0,0,680000,2774000,-2094000,-2094000
08321P,世芯永豐9C售01  ,0,0,0,0,0,0,0,0,0,-2125000,0,0,0,2000,2127000,-2125000,-2125000
00852L,國泰美國道瓊正2 ,468000,1808000,-1340000,0,0,0,0,0,0,-867000,0,0,0,5845000,6712000,-867000,-2207000
2337,旺宏            ,2161000,4362000,-2201000,0,0,0,0,0,0,-77000,124000,222000,-98000,67000,46000,21000,-2278000
2349,錸德            ,2277000,497000,1780000,0,0,0,0,4430000,-4430000,0,0,0,0,0,0,0,-2650000
2448,晶電            ,1492000,3059000,-1567000,0,0,0,0,166000,-166000,-1141000,301000,1440000,-1139000,0,2000,-2000,-2874000
2884,玉山金          ,6298000,9370346,-3072346,0,0,0,149000,40000,109000,-41000,0,56000,-56000,15000,0,15000,-3004346
2891,中信金          ,17444377,20721033,-3276656,0,0,0,327000,48000,279000,-60000,40000,94000,-54000,0,6000,-6000,-3057656
2327,國巨            ,2536000,3426545,-890545,0,0,0,0,1766000,-1766000,-408000,35000,115000,-80000,36000,364000,-328000,-3064545
2376,技嘉            ,1466000,2810706,-1344706,0,0,0,0,1168000,-1168000,-594000,114000,395000,-281000,13000,326000,-313000,-3106706
1102,亞泥            ,2365000,6844468,-4479468,0,0,0,1857000,11000,1846000,-552000,22000,576000,-554000,2000,0,2000,-3185468
8150,南茂            ,696000,4026271,-3330271,0,0,0,0,0,0,3000,0,4000,-4000,17000,10000,7000,-3327271
6116,彩晶            ,792000,3901000,-3109000,0,0,0,0,0,0,-366000,0,0,0,16000,382000,-366000,-3475000
2367,燿華            ,1362000,4141974,-2779974,0,0,0,0,0,0,-829000,50000,635000,-585000,137000,381000,-244000,-3608974
4915,致伸            ,878000,4809988,-3931988,0,0,0,0,0,0,-17000,0,3000,-3000,0,14000,-14000,-3948988
3017,奇鋐            ,1101000,5030961,-3929961,0,0,0,0,0,0,-280000,105000,0,105000,17000,402000,-385000,-4209961
3545,敦泰            ,1251000,5629025,-4378025,0,0,0,0,0,0,9000,9000,0,9000,0,0,0,-4369025
2332,友訊            ,5989000,10996681,-5007681,0,0,0,0,0,0,232000,168000,71000,97000,302000,167000,135000,-4775681
2027,大成鋼          ,10994000,2610073,8383927,0,0,0,14000,14007000,-13993000,294000,286000,98000,188000,155000,49000,106000,-5315073
2353,宏碁            ,2028000,6338730,-4310730,0,0,0,44000,12000,32000,-1038000,1000,207000,-206000,27000,859000,-832000,-5316730
3481,群創            ,16933000,21139799,-4206799,0,0,0,0,0,0,-1310000,501000,1564000,-1063000,382000,629000,-247000,-5516799
2303,聯電            ,13733000,19906439,-6173439,0,0,0,56000,22000,34000,577000,0,582000,-582000,1363000,204000,1159000,-5562439
3035,智原            ,1359000,9346000,-7987000,0,0,0,2051000,50000,2001000,385000,486000,188000,298000,164000,77000,87000,-5601000
2409,友達            ,18773000,27145000,-8372000,0,0,0,1816000,18000,1798000,750000,934000,657000,277000,766000,293000,473000,-5824000
2344,華邦電          ,2425000,8799000,-6374000,0,0,0,0,7000,-7000,-340000,12000,0,12000,20000,372000,-352000,-6721000
2388,威盛            ,253000,7764000,-7511000,0,0,0,0,0,0,-5000,0,5000,-5000,0,0,0,-7516000
2362,藍天            ,126000,11033000,-10907000,0,0,0,0,0,0,-6000,8000,17000,-9000,3000,0,3000,-10913000
00632R,元大台灣50反1   ,26436000,16509000,9927000,0,0,0,0,0,0,-47391000,1251000,1000,1250000,16080000,64721000,-48641000,-37464000
00677U,富邦VIX         ,20983000,47803000,-26820000,0,0,0,0,0,0,-56108000,0,0,0,17450000,73558000,-56108000,-82928000
