證券代號,證券名稱,外陸資買進股數(不含外資自營商),外陸資賣出股數(不含外資自營商),外陸資買賣超股數(不含外資自營商),外資自營商買進股數,外資自營商賣出股數,外資自營商買賣超股數,投信買進股數,投信賣出股數,投信買賣超股數,自營商買賣超股數,自營商買進股數(自行買賣),自營商賣出股數(自行買賣),自營商買賣超股數(自行買賣),自營商買進股數(避險),自營商賣出股數(避險),自營商買賣超股數(避險),三大法人買賣超股數
2303,聯電            ,44247000,34775973,9471027,0,0,0,6646000,316000,6330000,15393000,8371000,201000,8170000,8237000,1014000,7223000,31194027
3481,群創            ,54615000,30137000,24478000,0,0,0,1394000,0,1394000,2191000,1200000,403000,797000,1740000,346000,1394000,28063000
00876,元大未來關鍵科技,0,4000,-4000,0,0,0,0,0,0,24167000,0,0,0,24497000,330000,24167000,24163000
053856,台積電富邦98購01,0,0,0,0,0,0,0,0,0,19754000,0,0,0,19754000,0,19754000,19754000
0056,元大高股息      ,401000,38100,362900,0,0,0,0,0,0,17876000,0,0,0,17876000,0,17876000,18238900
0050,元大台灣50      ,17247020,200000,17047020,0,0,0,0,0,0,89000,355000,10000,345000,3956000,4212000,-256000,17136020
2330,台積電          ,34462510,16901137,17561373,0,0,0,126000,496000,-370000,-955000,393000,692000,-299000,440000,1096000,-656000,16236373
2409,友達            ,26158000,12732000,13426000,0,0,0,204000,1038000,-834000,1976000,386000,42000,344000,1847000,215000,1632000,14568000
6116,彩晶            ,15187000,7408000,7779000,0,0,0,0,0,0,6782000,4002000,597000,3405000,3587000,210000,3377000,14561000
2367,燿華            ,9210000,1560000,7650000,0,0,0,327000,0,327000,2181000,404000,10000,394000,2138000,351000,1787000,10158000
2344,華邦電          ,15018000,6525000,8493000,0,0,0,1000,0,1000,730000,340000,0,340000,473000,83000,390000,9224000
2834,臺企銀          ,11877602,9804914,2072688,0,0,0,162000,28000,134000,6942000,1706000,24000,1682000,5260000,0,5260000,9148688
053564,台積電富邦99購01,0,0,0,0,0,0,0,0,0,8598000,0,0,0,9429000,831000,8598000,8598000
2324,仁寶            ,10553989,3254188,7299801,0,0,0,2170000,324000,1846000,-1049000,77000,66000,11000,0,1060000,-1060000,8096801
2408,南亞科          ,8015000,2625970,5389030,0,0,0,658000,21000,637000,236000,186000,88000,98000,201000,63000,138000,6262030
2448,晶電            ,8487000,2674000,5813000,0,0,0,0,0,0,306000,601000,251000,350000,0,44000,-44000,6119000
00861,元大全球未來通訊,1854000,0,1854000,0,0,0,0,0,0,3858000,0,0,0,5061000,1203000,3858000,5712000
3711,日月光投控      ,7783000,2159000,5624000,0,0,0,1000,117000,-116000,118000,228000,308000,-80000,281000,83000,198000,5626000
2313,華通            ,8716000,8931000,-215000,0,0,0,5782000,16000,5766000,-432000,1222000,1211000,11000,792000,1235000,-443000,5119000
2201,裕隆            ,4893000,388000,4505000,0,0,0,0,0,0,526000,42000,23000,19000,692000,185000,507000,5031000
00850,元大臺灣ESG永續 ,0,5000,-5000,0,0,0,0,0,0,4910000,0,0,0,4944000,34000,4910000,4905000
2812,台中銀          ,5957462,1200000,4757462,0,0,0,0,19000,-19000,14000,14000,0,14000,0,0,0,4752462
2891,中信金          ,15273641,11579329,3694312,0,0,0,1581000,387000,1194000,-159000,74000,233000,-159000,0,0,0,4729312
2382,廣達            ,3898650,2444630,1454020,0,0,0,3039000,37000,3002000,216000,469000,118000,351000,141000,276000,-135000,4672020
2603,長榮            ,6060000,1537999,4522001,0,0,0,0,24000,-24000,102000,405000,303000,102000,0,0,0,4600001
2323,中環            ,5157000,779000,4378000,0,0,0,0,0,0,148000,17000,26000,-9000,213000,56000,157000,4526000
3231,緯創            ,14323000,13910230,412770,0,0,0,4405000,41000,4364000,-690000,195000,210000,-15000,189000,864000,-675000,4086770
6456,GIS-KY          ,4242000,2092000,2150000,0,0,0,1223000,403000,820000,1016000,307000,5000,302000,813000,99000,714000,3986000
2855,統一證          ,4250000,332000,3918000,0,0,0,0,7000,-7000,0,0,0,0,0,0,0,3911000
2897,王道銀行        ,4009000,158000,3851000,0,0,0,0,13000,-13000,-5000,2000,7000,-5000,0,0,0,3833000
2838,聯邦銀          ,4535000,726000,3809000,0,0,0,0,0,0,11000,11000,0,11000,0,0,0,3820000
1309,台達化          ,4021000,450000,3571000,0,0,0,0,0,0,179000,179000,0,179000,0,0,0,3750000
00692,富邦公司治理    ,1000,1000,0,0,0,0,0,0,0,3566000,0,0,0,5354000,1788000,3566000,3566000
1303,南亞            ,5343000,2402000,2941000,0,0,0,623000,109000,514000,0,4000,5000,-1000,1000,0,1000,3455000
2880,華南金          ,5888764,2419654,3469110,0,0,0,0,129000,-129000,-18000,3000,21000,-18000,0,0,0,3322110
2892,第一金          ,8291751,6371140,1920611,0,0,0,1461000,136000,1325000,7000,21000,14000,7000,0,0,0,3252611
8046,南電            ,2007000,858000,1149000,0,0,0,1910000,31000,1879000,221000,424000,187000,237000,43000,59000,-16000,3249000
00669R,國泰美國道瓊反1 ,567000,5000,562000,0,0,0,0,0,0,2627000,0,0,0,2953000,326000,2627000,3189000
2377,微星            ,5091000,2213836,2877164,0,0,0,350000,4000,346000,-99000,107000,62000,45000,25000,169000,-144000,3124164
2845,遠東銀          ,4443000,1301985,3141015,0,0,0,0,29000,-29000,11000,17000,6000,11000,0,0,0,3123015
2883,開發金          ,9486547,10123000,-636453,0,0,0,3613000,179000,3434000,262000,320000,0,320000,0,58000,-58000,3059547
2308,台達電          ,5380000,1985000,3395000,0,0,0,0,29000,-29000,-349000,101000,437000,-336000,18000,31000,-13000,3017000
050077,臺股指凱基99購02,0,0,0,0,0,0,0,0,0,3011000,0,0,0,4897000,1886000,3011000,3011000
8215,明基材          ,3245000,149000,3096000,0,0,0,0,0,0,-128000,2000,130000,-128000,0,0,0,2968000
3017,奇鋐            ,3458000,4810000,-1352000,0,0,0,4059000,102000,3957000,345000,442000,875000,-433000,981000,203000,778000,2950000
3016,嘉晶            ,2546000,583000,1963000,0,0,0,0,0,0,984000,33000,88000,-55000,1064000,25000,1039000,2947000
2886,兆豐金          ,9906788,8055715,1851073,0,0,0,1673000,223000,1450000,-419000,106000,28000,78000,0,497000,-497000,2882073
2327,國巨            ,3784000,1267000,2517000,0,0,0,85000,1000,84000,230000,119000,69000,50000,216000,36000,180000,2831000
2801,彰銀            ,4045805,1093820,2951985,0,0,0,0,96000,-96000,-54000,7000,26000,-19000,0,35000,-35000,2801985
5880,合庫金          ,6745817,3892035,2853782,0,0,0,0,135000,-135000,67000,67000,0,67000,0,0,0,2785782
1515,力山            ,2890000,450000,2440000,0,0,0,70000,0,70000,210000,55000,144000,-89000,375000,76000,299000,2720000
03683C,T50反1元大9C牛04,0,0,0,0,0,0,0,0,0,2660000,0,0,0,3885000,1225000,2660000,2660000
08638P,泰碩國票9C售01  ,5000,0,5000,0,0,0,0,0,0,2571000,0,0,0,2657000,86000,2571000,2576000
8039,台虹            ,1639000,948000,691000,0,0,0,1550000,0,1550000,311000,333000,172000,161000,396000,246000,150000,2552000
056605,台積電富邦9B購02,0,0,0,0,0,0,0,0,0,2544000,0,0,0,2583000,39000,2544000,2544000
1229,聯華            ,2664000,139809,2524191,0,0,0,0,40000,-40000,8000,1000,18000,-17000,31000,6000,25000,2492191
2417,圓剛            ,4751000,2653000,2098000,0,0,0,374000,0,374000,3000,3000,0,3000,0,0,0,2475000
1802,台玻            ,3112000,706000,2406000,0,0,0,0,0,0,-8000,4000,12000,-8000,0,0,0,2398000
3576,聯合再生        ,4104000,1732000,2372000,0,0,0,0,0,0,0,0,0,0,0,0,0,2372000
6005,群益證          ,4714000,2324000,2390000,0,0,0,0,23000,-23000,0,0,0,0,0,0,0,2367000
1326,台化            ,3396000,982000,2414000,0,0,0,0,82000,-82000,-7000,2000,6000,-4000,0,3000,-3000,2325000
2820,華票            ,2734000,415000,2319000,0,0,0,0,6000,-6000,4000,4000,0,4000,0,0,0,2317000
066932,京元電國票02購01,0,0,0,0,0,0,0,0,0,2264000,0,0,0,2285000,21000,2264000,2264000
3702,大聯大          ,2836109,1295000,1541109,0,0,0,1233000,15000,1218000,-518000,86000,106000,-20000,0,498000,-498000,2241109
2441,超豐            ,2261000,291000,1970000,0,0,0,0,0,0,254000,294000,40000,254000,0,0,0,2224000
066009,創意統一02購02  ,0,0,0,0,0,0,0,0,0,2215000,0,0,0,3333000,1118000,2215000,2215000
2105,正新            ,1421000,522000,899000,0,0,0,1200000,14000,1186000,23000,35000,2000,33000,0,10000,-10000,2108000
2481,強茂            ,2059000,133000,1926000,0,0,0,0,0,0,177000,139000,60000,79000,105000,7000,98000,2103000
1314,中石化          ,3761000,1705000,2056000,0,0,0,0,0,0,0,6000,6000,0,0,0,0,2056000
2329,華泰            ,2230000,196000,2034000,0,0,0,0,0,0,5000,5000,0,5000,0,0,0,2039000
2354,鴻準            ,1718777,333286,1385491,0,0,0,600000,5000,595000,44000,53000,0,53000,0,9000,-9000,2024491
06983P,台積電國泰9A售02,0,0,0,0,0,0,0,0,0,2023000,0,0,0,2023000,0,2023000,2023000
054633,臺股指凱基9A購02,0,0,0,0,0,0,0,0,0,2020000,0,0,0,2020000,0,2020000,2020000
2342,茂矽            ,2252000,326000,1926000,0,0,0,0,0,0,2000,2000,0,2000,0,0,0,1928000
2360,致茂            ,2226489,446000,1780489,0,0,0,90000,127000,-37000,131000,99000,4000,95000,40000,4000,36000,1874489
2401,凌陽            ,2164000,372000,1792000,0,0,0,0,0,0,30000,33000,3000,30000,0,0,0,1822000
6153,嘉聯益          ,1653000,251000,1402000,0,0,0,0,0,0,323000,28000,24000,4000,384000,65000,319000,1725000
2889,國票金          ,4224960,2107000,2117960,0,0,0,0,196000,-196000,-207000,36000,243000,-207000,0,0,0,1714960
00738U,元大道瓊白銀    ,298000,22000,276000,0,0,0,0,0,0,1436000,0,0,0,2994000,1558000,1436000,1712000
057393,台積電中信02購01,0,0,0,0,0,0,0,0,0,1629000,0,0,0,1843000,214000,1629000,1629000
07532P,台灣50中信01售02,0,0,0,0,0,0,0,0,0,1628000,0,0,0,1628000,0,1628000,1628000
057953,聚陽元大98購01  ,0,0,0,0,0,0,0,0,0,1610000,0,0,0,1610000,0,1610000,1610000
2458,義隆            ,2241000,581000,1660000,0,0,0,210000,17000,193000,-244000,40000,298000,-258000,154000,140000,14000,1609000
3673,TPK-KY          ,2803000,1990000,813000,0,0,0,0,0,0,795000,238000,58000,180000,883000,268000,615000,1608000
2376,技嘉            ,6262000,2925877,3336123,0,0,0,35000,1609000,-1574000,-157000,201000,106000,95000,43000,295000,-252000,1605123
6505,台塑化          ,2258000,691000,1567000,0,0,0,0,57000,-57000,62000,6000,0,6000,56000,0,56000,1572000
5876,上海商銀        ,2757000,1124000,1633000,0,0,0,0,6000,-6000,-60000,7000,114000,-107000,62000,15000,47000,1567000
3042,晶技            ,2576000,2232000,344000,0,0,0,1386000,50000,1336000,-125000,118000,126000,-8000,54000,171000,-117000,1555000
3682,亞太電          ,1671000,123000,1548000,0,0,0,0,0,0,0,0,0,0,0,0,0,1548000
058928,國巨統一9C購01  ,0,0,0,0,0,0,0,0,0,1518000,0,0,0,2459000,941000,1518000,1518000
2312,金寶            ,5797000,4441756,1355244,0,0,0,0,0,0,51000,10000,0,10000,69000,28000,41000,1406244
03449B,臺股指元大01熊01,0,0,0,0,0,0,0,0,0,1406000,0,0,0,1454000,48000,1406000,1406000
2393,億光            ,1769000,423000,1346000,0,0,0,0,0,0,59000,21000,5000,16000,46000,3000,43000,1405000
054114,新光金台新97購01,0,0,0,0,0,0,0,0,0,1361000,0,0,0,1361000,0,1361000,1361000
2515,中工            ,2113000,799000,1314000,0,0,0,0,0,0,41000,13000,6000,7000,38000,4000,34000,1355000
6120,達運            ,1385000,97000,1288000,0,0,0,0,0,0,6000,6000,0,6000,0,0,0,1294000
055902,同欣電中信99購01,0,0,0,0,0,0,0,0,0,1269000,0,0,0,1413000,144000,1269000,1269000
6213,聯茂            ,3212000,1021526,2190474,0,0,0,0,1028000,-1028000,104000,30000,10000,20000,107000,23000,84000,1266474
066254,南帝元大01購01  ,0,0,0,0,0,0,0,0,0,1250000,0,0,0,1303000,53000,1250000,1250000
2349,錸德            ,1713000,468000,1245000,0,0,0,0,0,0,0,0,0,0,0,0,0,1245000
07285P,上証2X群益01售02,0,0,0,0,0,0,0,0,0,1230000,0,0,0,1230000,0,1230000,1230000
07060P,台表科國票9A售01,0,0,0,0,0,0,0,0,0,1227000,0,0,0,1728000,501000,1227000,1227000
06836P,玉晶光國票99售06,0,0,0,0,0,0,0,0,0,1204000,0,0,0,2193000,989000,1204000,1204000
062986,T50反1中信02購01,0,0,0,0,0,0,0,0,0,1201000,0,0,0,2411000,1210000,1201000,1201000
065152,燿華群益9C購02  ,0,0,0,0,0,0,0,0,0,1199000,0,0,0,1366000,167000,1199000,1199000
1609,大亞            ,1261000,66000,1195000,0,0,0,0,0,0,0,0,0,0,0,0,0,1195000
2836,高雄銀          ,1338000,167000,1171000,0,0,0,0,0,0,17000,17000,0,17000,0,0,0,1188000
2456,奇力新          ,1473000,460000,1013000,0,0,0,0,0,0,169000,13000,19000,-6000,180000,5000,175000,1182000
055976,台積電統一99購03,0,0,0,0,0,0,0,0,0,1179000,0,0,0,1188000,9000,1179000,1179000
00634R,富邦上証反1     ,303000,198000,105000,0,0,0,0,0,0,1066900,0,0,0,1252000,185100,1066900,1171900
2849,安泰銀          ,1245000,29000,1216000,0,0,0,0,8000,-8000,-41000,0,41000,-41000,0,0,0,1167000
065403,健鼎國泰02購01  ,0,0,0,0,0,0,0,0,0,1160000,0,0,0,1275000,115000,1160000,1160000
061511,緯穎富邦9B購02  ,0,0,0,0,0,0,0,0,0,1159000,0,0,0,1208000,49000,1159000,1159000
2439,美律            ,1403000,232000,1171000,0,0,0,11000,1000,10000,-56000,88000,5000,83000,9000,148000,-139000,1125000
2520,冠德            ,2704000,1847296,856704,0,0,0,0,0,0,266000,168000,106000,62000,204000,0,204000,1122704
07976P,聯發科群益9C售02,0,0,0,0,0,0,0,0,0,1082000,0,0,0,1224000,142000,1082000,1082000
066232,聯強富邦03購01  ,0,0,0,0,0,0,0,0,0,1072000,0,0,0,1195000,123000,1072000,1072000
1477,聚陽            ,1843000,799000,1044000,0,0,0,76000,31000,45000,-22000,153000,173000,-20000,47000,49000,-2000,1067000
057969,緯穎國泰99購01  ,0,0,0,0,0,0,0,0,0,1065000,0,0,0,1108000,43000,1065000,1065000
6257,矽格            ,1395000,521793,873207,0,0,0,118000,0,118000,73000,212000,221000,-9000,186000,104000,82000,1064207
1718,中纖            ,1267000,179000,1088000,0,0,0,0,0,0,-27000,8000,35000,-27000,0,0,0,1061000
2618,長榮航          ,4126000,3009092,1116908,0,0,0,0,38000,-38000,-20000,14000,4000,10000,0,30000,-30000,1058908
063774,GIS富邦9B購02   ,0,0,0,0,0,0,0,0,0,1047000,0,0,0,1316000,269000,1047000,1047000
056829,台積電富邦9A購01,0,15000,-15000,0,0,0,0,0,0,1055000,0,0,0,7138000,6083000,1055000,1040000
1312,國喬            ,2094000,1067000,1027000,0,0,0,0,0,0,0,3000,1000,2000,5000,7000,-2000,1027000
063584,南六國泰01購01  ,0,0,0,0,0,0,0,0,0,1022000,0,0,0,1179000,157000,1022000,1022000
057987,大立光元富98購02,0,0,0,0,0,0,0,0,0,1016000,0,0,0,1028000,12000,1016000,1016000
2338,光罩            ,1090000,179000,911000,0,0,0,0,0,0,98000,1000,0,1000,115000,18000,97000,1009000
063690,健鼎永豐9B購01  ,0,0,0,0,0,0,0,0,0,1000000,0,0,0,1288000,288000,1000000,1000000
07662P,台積電兆豐9A售03,0,0,0,0,0,0,0,0,0,998000,0,0,0,998000,0,998000,998000
056472,美律元大99購03  ,0,0,0,0,0,0,0,0,0,995000,0,0,0,1055000,60000,995000,995000
06025P,臺股指元大99售02,0,0,0,0,0,0,0,0,0,994000,0,0,0,1094000,100000,994000,994000
00708L,元大S&P黃金正2  ,575000,5000,570000,0,0,0,0,0,0,422000,0,0,0,1138000,716000,422000,992000
3059,華晶科          ,1034000,43000,991000,0,0,0,0,0,0,1000,1000,0,1000,0,0,0,992000
1536,和大            ,1091000,268000,823000,0,0,0,60000,0,60000,109000,8000,0,8000,101000,0,101000,992000
047564,滬深2X國票99購01,0,0,0,0,0,0,0,0,0,985000,0,0,0,1944000,959000,985000,985000
1218,泰山            ,1026000,77000,949000,0,0,0,0,0,0,34000,30000,0,30000,15000,11000,4000,983000
1440,南紡            ,1294000,306000,988000,0,0,0,0,0,0,-6000,3000,12000,-9000,3000,0,3000,982000
07597P,臺股指中信01售02,0,0,0,0,0,0,0,0,0,979000,0,0,0,3470000,2491000,979000,979000
2867,三商壽          ,3292000,2422000,870000,0,0,0,0,12000,-12000,111000,111000,0,111000,0,0,0,969000
07124P,台積電元大99售21,0,0,0,0,0,0,0,0,0,961000,0,0,0,961000,0,961000,961000
055265,玉晶光永豐98購03,0,0,0,0,0,0,0,0,0,956000,0,0,0,963000,7000,956000,956000
063219,友達群益9B購03  ,0,0,0,0,0,0,0,0,0,951000,0,0,0,963000,12000,951000,951000
2511,太子            ,1154000,215058,938942,0,0,0,0,0,0,0,0,0,0,0,0,0,938942
08263P,台表科元大9C售06,0,0,0,0,0,0,0,0,0,933000,0,0,0,1025000,92000,933000,933000
065955,健鼎統一01購03  ,0,0,0,0,0,0,0,0,0,929000,0,0,0,929000,0,929000,929000
2363,矽統            ,1831000,906000,925000,0,0,0,0,0,0,4000,4000,0,4000,0,0,0,929000
066882,A50正2永豐01購01,0,0,0,0,0,0,0,0,0,928000,0,0,0,928000,0,928000,928000
063445,金像電統一9B購01,0,0,0,0,0,0,0,0,0,926000,0,0,0,1184000,258000,926000,926000
2023,燁輝            ,1061000,135000,926000,0,0,0,0,0,0,-2000,3000,5000,-2000,0,0,0,924000
2492,華新科          ,1522000,659800,862200,0,0,0,0,140000,-140000,200000,253000,15000,238000,120000,158000,-38000,922200
2609,陽明            ,925000,3000,922000,0,0,0,0,0,0,0,0,0,0,0,0,0,922000
2421,建準            ,1361000,673000,688000,0,0,0,133000,0,133000,93000,1000,0,1000,159000,67000,92000,914000
00637L,元大滬深300正2  ,16629000,13877000,2752000,0,0,0,0,0,0,-1841000,1000000,0,1000000,24992000,27833000,-2841000,911000
06799P,臺股指凱基98售09,0,0,0,0,0,0,0,0,0,903000,0,0,0,903000,0,903000,903000
07682P,聯發科凱基9A售15,0,0,0,0,0,0,0,0,0,900000,0,0,0,900000,0,900000,900000
00701,國泰股利精選30  ,22000,3000,19000,0,0,0,0,0,0,880350,0,0,0,970000,89650,880350,899350
2383,台光電          ,1298000,990384,307616,0,0,0,378000,55000,323000,265000,338000,102000,236000,163000,134000,29000,895616
058731,貿聯永豐99購02  ,0,0,0,0,0,0,0,0,0,894000,0,0,0,894000,0,894000,894000
059395,T50反1元富99購03,0,0,0,0,0,0,0,0,0,885000,0,0,0,889000,4000,885000,885000
2340,光磊            ,1089000,184000,905000,0,0,0,0,0,0,-22000,5000,21000,-16000,0,6000,-6000,883000
4956,光鋐            ,1025000,143000,882000,0,0,0,0,0,0,1000,1000,0,1000,0,0,0,883000
058878,旭富國泰9B購01  ,0,0,0,0,0,0,0,0,0,882000,0,0,0,904000,22000,882000,882000
00737,國泰AI+Robo     ,453000,1000,452000,0,0,0,0,0,0,427000,0,0,0,795000,368000,427000,879000
2913,農林            ,1042000,223000,819000,0,0,0,0,0,0,34000,34000,0,34000,0,0,0,853000
064915,美律統一02購02  ,0,0,0,0,0,0,0,0,0,845000,0,0,0,926000,81000,845000,845000
05644P,大立光中信9A售03,0,0,0,0,0,0,0,0,0,844000,0,0,0,1054000,210000,844000,844000
067029,台表科兆豐03購01,0,0,0,0,0,0,0,0,0,841000,0,0,0,955000,114000,841000,841000
066871,台表科元富07購01,0,0,0,0,0,0,0,0,0,828000,0,0,0,828000,0,828000,828000
3189,景碩            ,5888000,5869000,19000,0,0,0,546000,304000,242000,564000,631000,283000,348000,273000,57000,216000,825000
08243P,祥碩凱基9C售02  ,0,0,0,0,0,0,0,0,0,823000,0,0,0,991000,168000,823000,823000
03414B,臺股指凱基99熊01,0,30000,-30000,0,0,0,0,0,0,835000,0,0,0,7708000,6873000,835000,805000
062388,旭富國泰01購01  ,0,0,0,0,0,0,0,0,0,801000,0,0,0,1342000,541000,801000,801000
3653,健策            ,962000,498000,464000,0,0,0,10000,66000,-56000,392000,121000,11000,110000,300000,18000,282000,800000
1308,亞聚            ,757000,48000,709000,0,0,0,0,3000,-3000,94000,0,0,0,94000,0,94000,800000
062171,中磊永豐9B購01  ,0,0,0,0,0,0,0,0,0,799000,0,0,0,835000,36000,799000,799000
3583,辛耘            ,870000,880000,-10000,0,0,0,807000,0,807000,1000,1000,0,1000,0,0,0,798000
2014,中鴻            ,860000,97000,763000,0,0,0,0,0,0,35000,35000,0,35000,0,0,0,798000
063655,華通元富9B購01  ,0,0,0,0,0,0,0,0,0,797000,0,0,0,846000,49000,797000,797000
5871,中租-KY         ,1592000,768080,823920,0,0,0,0,60000,-60000,23000,12000,1000,11000,22000,10000,12000,786920
064149,美律統一02購01  ,0,0,0,0,0,0,0,0,0,779000,0,0,0,785000,6000,779000,779000
3704,合勤控          ,826000,42000,784000,0,0,0,0,0,0,-9000,3000,0,3000,13000,25000,-12000,775000
07491P,臺股指國票9A售09,0,0,0,0,0,0,0,0,0,774000,0,0,0,774000,0,774000,774000
2406,國碩            ,943000,151000,792000,0,0,0,0,0,0,-27000,3000,30000,-27000,0,0,0,765000
064932,緯穎統一01購04  ,0,0,0,0,0,0,0,0,0,758000,0,0,0,793000,35000,758000,758000
064388,緯穎富邦9C購01  ,0,0,0,0,0,0,0,0,0,754000,0,0,0,866000,112000,754000,754000
2478,大毅            ,1290000,344000,946000,0,0,0,0,0,0,-193000,0,0,0,19000,212000,-193000,753000
9907,統一實          ,931000,171000,760000,0,0,0,0,0,0,-16000,0,16000,-16000,0,0,0,744000
00875,國泰網路資安    ,164000,3000,161000,0,0,0,0,0,0,577880,0,0,0,944000,366120,577880,738880
4960,誠美材          ,864000,135000,729000,0,0,0,0,0,0,4000,4000,0,4000,0,0,0,733000
08453P,玉晶光台新9C售02,0,0,0,0,0,0,0,0,0,727000,0,0,0,1371000,644000,727000,727000
2809,京城銀          ,2048000,1044118,1003882,0,0,0,0,5000,-5000,-273000,230000,30000,200000,50000,523000,-473000,725882
2454,聯發科          ,4970413,4758144,212269,0,0,0,204000,45000,159000,354000,305000,143000,162000,261000,69000,192000,725269
3006,晶豪科          ,2033000,1476000,557000,0,0,0,0,0,0,164000,2000,28000,-26000,214000,24000,190000,721000
065708,中磊群益9C購01  ,0,0,0,0,0,0,0,0,0,719000,0,0,0,971000,252000,719000,719000
1504,東元            ,2219977,1238000,981977,0,0,0,0,19000,-19000,-245000,2000,1000,1000,6000,252000,-246000,717977
8926,台汽電          ,952000,186000,766000,0,0,0,0,156000,-156000,93000,1000,0,1000,92000,0,92000,703000
6191,精成科          ,1491000,737000,754000,0,0,0,0,0,0,-52000,0,0,0,6000,58000,-52000,702000
1101,台泥            ,15475185,15042025,433160,0,0,0,685000,146000,539000,-281000,112000,35000,77000,184000,542000,-358000,691160
062163,大毅國泰01購01  ,0,0,0,0,0,0,0,0,0,689000,0,0,0,784000,95000,689000,689000
05347P,滬深2X元富9B售02,0,0,0,0,0,0,0,0,0,683000,0,0,0,683000,0,683000,683000
00653L,富邦印度正2     ,257000,821000,-564000,0,0,0,0,0,0,1244750,0,0,0,3020000,1775250,1244750,680750
1301,台塑            ,3212116,1985000,1227116,0,0,0,0,73000,-73000,-477000,11000,488000,-477000,0,0,0,677116
2316,楠梓電          ,811000,285000,526000,0,0,0,0,0,0,143000,1000,0,1000,151000,9000,142000,669000
066568,聚碩元大01購01  ,0,0,0,0,0,0,0,0,0,668000,0,0,0,746000,78000,668000,668000
08676P,泰碩群益04售01  ,0,0,0,0,0,0,0,0,0,668000,0,0,0,673000,5000,668000,668000
066282,鎧勝元大01購01  ,0,0,0,0,0,0,0,0,0,667000,0,0,0,1017000,350000,667000,667000
066249,生達元大01購01  ,0,0,0,0,0,0,0,0,0,661000,0,0,0,727000,66000,661000,661000
066463,鎧勝統一02購01  ,0,0,0,0,0,0,0,0,0,659000,0,0,0,1337000,678000,659000,659000
05974P,國巨富邦97售03  ,0,0,0,0,0,0,0,0,0,655000,0,0,0,655000,0,655000,655000
058585,S&P正2中信9B購02,0,0,0,0,0,0,0,0,0,654000,0,0,0,654000,0,654000,654000
2455,全新            ,799000,176000,623000,0,0,0,0,0,0,25000,34000,0,34000,38000,47000,-9000,648000
067278,申豐統一02購03  ,0,0,0,0,0,0,0,0,0,645000,0,0,0,705000,60000,645000,645000
08393P,鴻海群益9C售05  ,0,0,0,0,0,0,0,0,0,645000,0,0,0,676000,31000,645000,645000
8110,華東            ,683000,29000,654000,0,0,0,0,0,0,-11000,5000,16000,-11000,0,0,0,643000
056349,道瓊銀元大9B購01,0,0,0,0,0,0,0,0,0,633000,0,0,0,673000,40000,633000,633000
066562,上緯控元大01購01,0,0,0,0,0,0,0,0,0,630000,0,0,0,708000,78000,630000,630000
07612P,國巨國泰9B售06  ,0,0,0,0,0,0,0,0,0,626000,0,0,0,626000,0,626000,626000
063488,金像電國泰01購01,0,0,0,0,0,0,0,0,0,626000,0,0,0,802000,176000,626000,626000
065542,緯穎統一01購05  ,0,0,0,0,0,0,0,0,0,623000,0,0,0,658000,35000,623000,623000
067222,申豐元大01購01  ,0,0,0,0,0,0,0,0,0,620000,0,0,0,925000,305000,620000,620000
065718,健策中信9C購02  ,0,0,0,0,0,0,0,0,0,617000,0,0,0,722000,105000,617000,617000
065246,旭富兆豐01購01  ,0,0,0,0,0,0,0,0,0,613000,0,0,0,613000,0,613000,613000
066085,台積電富邦05購01,0,0,0,0,0,0,0,0,0,610000,0,0,0,703000,93000,610000,610000
2351,順德            ,574000,43000,531000,0,0,0,0,0,0,78000,0,0,0,78000,0,78000,609000
006205,富邦上証        ,943000,46000,897000,0,0,0,0,0,0,-290000,0,0,0,1550000,1840000,-290000,607000
1589,永冠-KY         ,959000,954000,5000,0,0,0,230000,0,230000,372000,446000,74000,372000,0,0,0,607000
3532,台勝科          ,630000,223000,407000,0,0,0,0,0,0,196000,2000,7000,-5000,207000,6000,201000,603000
057281,大立光元大98購16,0,0,0,0,0,0,0,0,0,600000,0,0,0,600000,0,600000,600000
064790,金像電國票01購01,0,0,0,0,0,0,0,0,0,599000,0,0,0,641000,42000,599000,599000
067127,台虹富邦03購01  ,0,0,0,0,0,0,0,0,0,597000,0,0,0,1040000,443000,597000,597000
065505,健鼎永豐9C購01  ,0,0,0,0,0,0,0,0,0,596000,0,0,0,596000,0,596000,596000
058312,大毅國泰9B購01  ,0,0,0,0,0,0,0,0,0,595000,0,0,0,654000,59000,595000,595000
055998,臺股指富邦99購01,0,0,0,0,0,0,0,0,0,595000,0,0,0,595000,0,595000,595000
066354,緯穎永豐01購01  ,0,0,0,0,0,0,0,0,0,593000,0,0,0,615000,22000,593000,593000
063258,緯穎國泰9C購01  ,0,0,0,0,0,0,0,0,0,592000,0,0,0,592000,0,592000,592000
4532,瑞智            ,492000,98000,394000,0,0,0,198000,0,198000,0,0,0,0,0,0,0,592000
063928,可成統一01購02  ,0,0,0,0,0,0,0,0,0,589000,0,0,0,612000,23000,589000,589000
07710P,華擎元大9A售05  ,0,0,0,0,0,0,0,0,0,586000,0,0,0,586000,0,586000,586000
2206,三陽工業        ,789000,214000,575000,0,0,0,0,0,0,11000,15000,4000,11000,0,0,0,586000
006208,富邦台50        ,31000,31400,-400,0,0,0,0,0,0,582000,0,0,0,956000,374000,582000,581600
08554P,玉晶光國票01售06,0,0,0,0,0,0,0,0,0,581000,0,0,0,1697000,1116000,581000,581000
065994,南六永豐01購01  ,0,0,0,0,0,0,0,0,0,580000,0,0,0,581000,1000,580000,580000
6412,群電            ,956000,374208,581792,0,0,0,0,2000,-2000,-1000,0,0,0,0,1000,-1000,578792
058287,國巨國票9A購02  ,0,0,0,0,0,0,0,0,0,573000,0,0,0,749000,176000,573000,573000
060426,盛群永豐9A購01  ,0,0,0,0,0,0,0,0,0,563000,0,0,0,563000,0,563000,563000
08534P,玉晶光元富06售02,0,0,0,0,0,0,0,0,0,559000,0,0,0,846000,287000,559000,559000
063862,世紀鋼國泰02購01,0,0,0,0,0,0,0,0,0,552000,0,0,0,633000,81000,552000,552000
064858,鴻海富邦01購01  ,0,0,0,0,0,0,0,0,0,552000,0,0,0,1042000,490000,552000,552000
054371,台積電中信9C購01,0,0,0,0,0,0,0,0,0,551000,0,0,0,650000,99000,551000,551000
059076,FBVIX元大99購04 ,0,0,0,0,0,0,0,0,0,550000,0,0,0,550000,0,550000,550000
06078P,臺股指凱基9A售01,0,0,0,0,0,0,0,0,0,550000,0,0,0,550000,0,550000,550000
5531,鄉林            ,653200,96000,557200,0,0,0,0,0,0,-9000,1000,10000,-9000,0,0,0,548200
066023,燿華群益01購02  ,0,0,0,0,0,0,0,0,0,548000,0,0,0,793000,245000,548000,548000
08682P,鴻海凱基01售06  ,0,0,0,0,0,0,0,0,0,546000,0,0,0,558000,12000,546000,546000
063320,旭富群益9B購03  ,0,0,0,0,0,0,0,0,0,543000,0,0,0,543000,0,543000,543000
066315,南帝永豐01購01  ,0,0,0,0,0,0,0,0,0,542000,0,0,0,633000,91000,542000,542000
08494P,世芯元大9C售02  ,0,0,0,0,0,0,0,0,0,542000,0,0,0,1471000,929000,542000,542000
2633,台灣高鐵        ,1556852,957000,599852,0,0,0,0,28000,-28000,-33000,0,1000,-1000,15000,47000,-32000,538852
067387,智邦元富04購01  ,0,0,0,0,0,0,0,0,0,536000,0,0,0,536000,0,536000,536000
3698,隆達            ,761000,283000,478000,0,0,0,0,0,0,58000,63000,5000,58000,0,0,0,536000
066329,達欣工永豐01購01,0,0,0,0,0,0,0,0,0,534000,0,0,0,534000,0,534000,534000
064476,金像電國泰02購01,0,0,0,0,0,0,0,0,0,531000,0,0,0,892000,361000,531000,531000
9802,鈺齊-KY         ,649000,216000,433000,0,0,0,122000,28000,94000,4000,14000,31000,-17000,48000,27000,21000,531000
054534,台積電富邦98購03,0,0,0,0,0,0,0,0,0,529000,0,0,0,586000,57000,529000,529000
3049,和鑫            ,1329000,806000,523000,0,0,0,0,0,0,5000,5000,5000,0,5000,0,5000,528000
1905,華紙            ,593000,62000,531000,0,0,0,0,0,0,-5000,1000,3000,-2000,0,3000,-3000,526000
066869,聯發科元富07購02,0,0,0,0,0,0,0,0,0,525000,0,0,0,674000,149000,525000,525000
065886,中磊元富9C購01  ,0,0,0,0,0,0,0,0,0,522000,0,0,0,631000,109000,522000,522000
065647,健鼎元大9C購05  ,0,0,0,0,0,0,0,0,0,522000,0,0,0,835000,313000,522000,522000
063146,南六統一9B購02  ,0,0,0,0,0,0,0,0,0,520000,0,0,0,866000,346000,520000,520000
065977,旭富元大02購01  ,0,0,0,0,0,0,0,0,0,519000,0,0,0,719000,200000,519000,519000
2385,群光            ,1035196,992040,43156,0,0,0,600000,6000,594000,-119000,17000,0,17000,95000,231000,-136000,518156
08111P,臺股指中信01售06,0,0,0,0,0,0,0,0,0,518000,0,0,0,612000,94000,518000,518000
2337,旺宏            ,4284100,3689000,595100,0,0,0,1000,0,1000,-79000,15000,0,15000,282000,376000,-94000,517100
00762,元大全球AI      ,4000,3000,1000,0,0,0,0,0,0,516000,0,0,0,516000,0,516000,517000
063339,智邦統一01購01  ,0,0,0,0,0,0,0,0,0,517000,0,0,0,526000,9000,517000,517000
063271,中磊兆豐9C購01  ,0,0,0,0,0,0,0,0,0,515000,0,0,0,515000,0,515000,515000
058507,美律元大9A購01  ,0,0,0,0,0,0,0,0,0,512000,0,0,0,512000,0,512000,512000
2328,廣宇            ,775000,265000,510000,0,0,0,0,0,0,1000,6000,5000,1000,0,0,0,511000
060709,緯穎富邦9B購01  ,0,0,0,0,0,0,0,0,0,508000,0,0,0,520000,12000,508000,508000
08167P,台積電兆豐9B售04,0,0,0,0,0,0,0,0,0,504000,0,0,0,1129000,625000,504000,504000
056211,南港國票98購01  ,0,0,0,0,0,0,0,0,0,503000,0,0,0,503000,0,503000,503000
057493,聯詠元大98購02  ,0,0,0,0,0,0,0,0,0,501000,0,0,0,506000,5000,501000,501000
08280P,臺股指中信02售01,0,0,0,0,0,0,0,0,0,500000,0,0,0,500000,0,500000,500000
07841P,臻鼎元大9A售04  ,0,0,0,0,0,0,0,0,0,500000,0,0,0,500000,0,500000,500000
05878P,創意群益98售01  ,0,0,0,0,0,0,0,0,0,500000,0,0,0,500000,0,500000,500000
065980,中租元大02購01  ,0,0,0,0,0,0,0,0,0,500000,0,0,0,528000,28000,500000,500000
064719,聯發科統一02購01,0,0,0,0,0,0,0,0,0,496000,0,0,0,2414000,1918000,496000,496000
067478,興勤元大01購01  ,0,20000,-20000,0,0,0,0,0,0,508000,0,0,0,618000,110000,508000,488000
063350,台表科統一02購02,0,0,0,0,0,0,0,0,0,488000,0,0,0,523000,35000,488000,488000
08567P,台勝科群益9C售01,0,0,0,0,0,0,0,0,0,488000,0,0,0,508000,20000,488000,488000
9914,美利達          ,800000,398000,402000,0,0,0,5000,15000,-10000,95000,58000,18000,40000,63000,8000,55000,487000
08843P,台表科凱基01售01,0,0,0,0,0,0,0,0,0,485000,0,0,0,570000,85000,485000,485000
061373,華通富邦9A購02  ,0,0,0,0,0,0,0,0,0,483000,0,0,0,744000,261000,483000,483000
065451,台表科統一02購04,0,0,0,0,0,0,0,0,0,483000,0,0,0,728000,245000,483000,483000
4938,和碩            ,4046000,3039708,1006292,0,0,0,670000,32000,638000,-1164000,41000,892000,-851000,7000,320000,-313000,480292
2102,泰豐            ,1015000,738000,277000,0,0,0,0,0,0,203000,63000,1000,62000,158000,17000,141000,480000
6196,帆宣            ,822000,399000,423000,0,0,0,0,0,0,56000,20000,45000,-25000,88000,7000,81000,479000
5515,建國            ,558000,36000,522000,0,0,0,0,0,0,-45000,0,45000,-45000,0,0,0,477000
067201,A50正2元大03購01,0,0,0,0,0,0,0,0,0,475000,0,0,0,475000,0,475000,475000
065754,健鼎元大9C購06  ,0,0,0,0,0,0,0,0,0,475000,0,0,0,597000,122000,475000,475000
056955,台灣50永豐98購01,0,0,0,0,0,0,0,0,0,474000,0,0,0,474000,0,474000,474000
2106,建大            ,566000,93000,473000,0,0,0,0,0,0,0,0,0,0,0,0,0,473000
066316,台船永豐01購01  ,0,0,0,0,0,0,0,0,0,472000,0,0,0,570000,98000,472000,472000
063491,國巨富邦02購02  ,0,0,0,0,0,0,0,0,0,471000,0,0,0,559000,88000,471000,471000
065534,台光電統一9C購02,0,0,0,0,0,0,0,0,0,468000,0,0,0,627000,159000,468000,468000
063651,金像電台新9B購01,0,22000,-22000,0,0,0,0,0,0,488000,0,0,0,608000,120000,488000,466000
07830P,牧德凱基9A售03  ,0,0,0,0,0,0,0,0,0,466000,0,0,0,491000,25000,466000,466000
064724,健鼎統一02購02  ,0,0,0,0,0,0,0,0,0,464000,0,0,0,473000,9000,464000,464000
2534,宏盛            ,527000,64000,463000,0,0,0,0,0,0,0,0,0,0,0,0,0,463000
07402P,瑞昱凱基99售02  ,0,0,0,0,0,0,0,0,0,460000,0,0,0,500000,40000,460000,460000
066713,台灣50元大01購21,0,0,0,0,0,0,0,0,0,460000,0,0,0,468000,8000,460000,460000
053083,中環元大99購01  ,0,0,0,0,0,0,0,0,0,460000,0,0,0,460000,0,460000,460000
058075,貿聯凱基99購02  ,0,0,0,0,0,0,0,0,0,460000,0,0,0,470000,10000,460000,460000
2101,南港            ,584000,198000,386000,0,0,0,0,0,0,74000,1000,11000,-10000,123000,39000,84000,460000
067514,申豐統一02購05  ,0,0,0,0,0,0,0,0,0,458000,0,0,0,505000,47000,458000,458000
067060,A50正2元大01購02,0,0,0,0,0,0,0,0,0,454000,0,0,0,454000,0,454000,454000
1514,亞力            ,717000,263050,453950,0,0,0,0,0,0,0,0,0,0,0,0,0,453950
066468,申豐統一02購01  ,0,0,0,0,0,0,0,0,0,453000,0,0,0,503000,50000,453000,453000
051849,旺宏中信98購01  ,0,0,0,0,0,0,0,0,0,452000,0,0,0,452000,0,452000,452000
08542P,台勝科國票02售01,0,0,0,0,0,0,0,0,0,449000,0,0,0,449000,0,449000,449000
00635U,元大S&P黃金     ,1000,0,1000,0,0,0,0,0,0,446000,0,0,0,460000,14000,446000,447000
08749P,鴻海台新01售02  ,0,0,0,0,0,0,0,0,0,447000,0,0,0,480000,33000,447000,447000
064268,緯穎永豐9C購01  ,0,0,0,0,0,0,0,0,0,445000,0,0,0,513000,68000,445000,445000
2851,中再保          ,512000,73000,439000,0,0,0,0,3000,-3000,8000,12000,4000,8000,0,0,0,444000
07472P,和碩元大9A售03  ,0,0,0,0,0,0,0,0,0,438000,0,0,0,517000,79000,438000,438000
057445,華通元富02購01  ,0,0,0,0,0,0,0,0,0,438000,0,0,0,493000,55000,438000,438000
5534,長虹            ,353000,129000,224000,0,0,0,0,9000,-9000,223000,225000,2000,223000,0,0,0,438000
067377,欣興統一02購01  ,0,0,0,0,0,0,0,0,0,437000,0,0,0,607000,170000,437000,437000
062710,盛群元大9B購01  ,0,0,0,0,0,0,0,0,0,437000,0,0,0,521000,84000,437000,437000
055541,聚陽凱基98購01  ,0,0,0,0,0,0,0,0,0,437000,0,0,0,440000,3000,437000,437000
066485,台光電元富01購01,0,0,0,0,0,0,0,0,0,437000,0,0,0,637000,200000,437000,437000
3703,欣陸            ,556000,119000,437000,0,0,0,0,0,0,0,0,0,0,0,0,0,437000
2608,嘉里大榮        ,461000,29000,432000,0,0,0,0,0,0,2000,2000,0,2000,0,0,0,434000
066043,美律元大01購01  ,0,0,0,0,0,0,0,0,0,432000,0,0,0,586000,154000,432000,432000
064359,華通統一9C購05  ,0,0,0,0,0,0,0,0,0,432000,0,0,0,749000,317000,432000,432000
07557P,玉晶光元大9A售09,0,0,0,0,0,0,0,0,0,431000,0,0,0,531000,100000,431000,431000
057694,臺股指凱基98購12,0,0,0,0,0,0,0,0,0,431000,0,0,0,485000,54000,431000,431000
055187,彩晶統一98購01  ,0,0,0,0,0,0,0,0,0,430000,0,0,0,430000,0,430000,430000
065539,瑞儀統一01購01  ,0,0,0,0,0,0,0,0,0,430000,0,0,0,435000,5000,430000,430000
2832,台產            ,444000,15000,429000,0,0,0,0,0,0,1000,1000,0,1000,0,0,0,430000
067352,美律群益01購01  ,0,0,0,0,0,0,0,0,0,429000,0,0,0,451000,22000,429000,429000
3035,智原            ,1196000,1218000,-22000,0,0,0,0,0,0,451000,131000,25000,106000,455000,110000,345000,429000
065477,健鼎元大9C購03  ,0,0,0,0,0,0,0,0,0,428000,0,0,0,637000,209000,428000,428000
2903,遠百            ,971000,496000,475000,0,0,0,0,0,0,-48000,2000,50000,-48000,0,0,0,427000
066780,上証反中信04購01,0,0,0,0,0,0,0,0,0,426000,0,0,0,430000,4000,426000,426000
3036,文曄            ,1067277,750283,316994,0,0,0,0,4000,-4000,112000,105000,2000,103000,16000,7000,9000,424994
07992P,玉晶光群益01售04,0,0,0,0,0,0,0,0,0,421000,0,0,0,571000,150000,421000,421000
00830,國泰費城半導體  ,68000,0,68000,0,0,0,0,0,0,352000,60000,0,60000,429000,137000,292000,420000
058195,鈺齊永豐99購01  ,0,0,0,0,0,0,0,0,0,418000,0,0,0,470000,52000,418000,418000
062013,奇鋐富邦9B購01  ,0,0,0,0,0,0,0,0,0,417000,0,0,0,779000,362000,417000,417000
06485P,玉晶光群益9A售02,0,0,0,0,0,0,0,0,0,415000,0,0,0,434000,19000,415000,415000
064819,華新統一01購02  ,0,0,0,0,0,0,0,0,0,414000,0,0,0,414000,0,414000,414000
058209,臺股指凱基01購01,0,0,0,0,0,0,0,0,0,413000,0,0,0,1694000,1281000,413000,413000
064935,寶成統一02購02  ,0,0,0,0,0,0,0,0,0,411000,0,0,0,476000,65000,411000,411000
064683,台表科兆豐9C購02,0,0,0,0,0,0,0,0,0,409000,0,0,0,445000,36000,409000,409000
056943,華通統一99購01  ,0,0,0,0,0,0,0,0,0,408000,0,0,0,930000,522000,408000,408000
063195,訊連元富9B購01  ,0,0,0,0,0,0,0,0,0,408000,0,0,0,780000,372000,408000,408000
060913,宏達電元大9A購03,0,0,0,0,0,0,0,0,0,408000,0,0,0,408000,0,408000,408000
058376,貿聯凱基9A購01  ,0,0,0,0,0,0,0,0,0,407000,0,0,0,407000,0,407000,407000
063493,金像電富邦01購01,0,0,0,0,0,0,0,0,0,406000,0,0,0,416000,10000,406000,406000
064139,裕隆統一01購02  ,0,0,0,0,0,0,0,0,0,405000,0,0,0,419000,14000,405000,405000
056232,瑞儀凱基98購01  ,0,0,0,0,0,0,0,0,0,405000,0,0,0,405000,0,405000,405000
07920P,大立光中信01售01,0,0,0,0,0,0,0,0,0,403000,0,0,0,405000,2000,403000,403000
061768,晶技元大9B購02  ,0,0,0,0,0,0,0,0,0,403000,0,0,0,442000,39000,403000,403000
07794P,智邦國票9A售03  ,0,0,0,0,0,0,0,0,0,400000,0,0,0,400000,0,400000,400000
067086,中磊元大01購01  ,0,0,0,0,0,0,0,0,0,400000,0,0,0,560000,160000,400000,400000
00670L,富邦NASDAQ正2   ,1000,1000,0,0,0,0,0,0,0,400000,90000,0,90000,801000,491000,310000,400000
066259,聯強元大01購01  ,0,0,0,0,0,0,0,0,0,400000,0,0,0,417000,17000,400000,400000
2395,研華            ,1512000,1113538,398462,0,0,0,0,6000,-6000,7000,7000,0,7000,0,0,0,399462
020016,統一MSCI美科技N ,0,0,0,0,0,0,0,0,0,399000,0,0,0,419000,20000,399000,399000
060286,佳世達元大9C購01,0,0,0,0,0,0,0,0,0,399000,0,0,0,420000,21000,399000,399000
066587,台船群益01購01  ,0,0,0,0,0,0,0,0,0,398000,0,0,0,398000,0,398000,398000
064376,美律元富9C購01  ,0,0,0,0,0,0,0,0,0,398000,0,0,0,411000,13000,398000,398000
066230,南帝富邦02購01  ,0,0,0,0,0,0,0,0,0,397000,0,0,0,397000,0,397000,397000
08321P,世芯永豐9C售01  ,0,0,0,0,0,0,0,0,0,396000,0,0,0,406000,10000,396000,396000
063549,國巨國票9C購05  ,0,0,0,0,0,0,0,0,0,395000,0,0,0,572000,177000,395000,395000
065557,中磊凱基9C購01  ,0,0,0,0,0,0,0,0,0,395000,0,0,0,429000,34000,395000,395000
065793,旭富永豐9C購02  ,0,0,0,0,0,0,0,0,0,395000,0,0,0,395000,0,395000,395000
2606,裕民            ,591000,148000,443000,0,0,0,0,2000,-2000,-46000,0,47000,-47000,1000,0,1000,395000
3406,玉晶光          ,1055000,1323000,-268000,0,0,0,211000,6000,205000,458000,310000,8000,302000,189000,33000,156000,395000
061597,南六永豐9A購04  ,0,0,0,0,0,0,0,0,0,394000,0,0,0,419000,25000,394000,394000
061969,大立光統一01購02,0,0,0,0,0,0,0,0,0,394000,0,0,0,646000,252000,394000,394000
05348P,美律元富98售01  ,0,0,0,0,0,0,0,0,0,393000,0,0,0,393000,0,393000,393000
065092,健鼎元大9C購02  ,0,0,0,0,0,0,0,0,0,393000,0,0,0,534000,141000,393000,393000
051277,聯發科中信9A購01,0,0,0,0,0,0,0,0,0,391000,0,0,0,391000,0,391000,391000
061238,晶技元大9A購02  ,0,0,0,0,0,0,0,0,0,391000,0,0,0,551000,160000,391000,391000
066960,盛群元大01購01  ,0,0,0,0,0,0,0,0,0,390000,0,0,0,430000,40000,390000,390000
056089,同欣電統一98購01,0,0,0,0,0,0,0,0,0,390000,0,0,0,390000,0,390000,390000
06443P,台積電凱基99售01,0,0,0,0,0,0,0,0,0,390000,0,0,0,390000,0,390000,390000
1447,力鵬            ,524000,113000,411000,0,0,0,0,0,0,-21000,1000,22000,-21000,0,0,0,390000
1712,興農            ,547000,198000,349000,0,0,0,0,0,0,40000,40000,0,40000,0,0,0,389000
064820,裕隆統一9C購01  ,0,0,0,0,0,0,0,0,0,385000,0,0,0,524000,139000,385000,385000
3257,虹冠電          ,407572,22000,385572,0,0,0,0,0,0,-1000,0,1000,-1000,0,0,0,384572
07898P,國巨國泰9C售02  ,0,0,0,0,0,0,0,0,0,384000,0,0,0,400000,16000,384000,384000
3596,智易            ,416000,80000,336000,0,0,0,0,0,0,48000,48000,3000,45000,7000,4000,3000,384000
066201,大毅統一02購01  ,0,0,0,0,0,0,0,0,0,383000,0,0,0,494000,111000,383000,383000
9958,世紀鋼          ,1588000,991000,597000,0,0,0,0,0,0,-214000,35000,74000,-39000,147000,322000,-175000,383000
060203,緯穎元富9A購01  ,0,0,0,0,0,0,0,0,0,382000,0,0,0,382000,0,382000,382000
065517,緯創群益9C購02  ,0,0,0,0,0,0,0,0,0,382000,0,0,0,474000,92000,382000,382000
064818,華新統一01購01  ,0,0,0,0,0,0,0,0,0,381000,0,0,0,401000,20000,381000,381000
1513,中興電          ,510000,218000,292000,0,0,0,0,0,0,89000,55000,0,55000,34000,0,34000,381000
6592,和潤企業        ,409001,76000,333001,0,0,0,0,0,0,47000,26000,0,26000,27000,6000,21000,380001
046937,聯電元大99購01  ,0,0,0,0,0,0,0,0,0,380000,0,0,0,385000,5000,380000,380000
2605,新興            ,532000,148000,384000,0,0,0,0,0,0,-4000,0,0,0,0,4000,-4000,380000
07462P,臺股指元大9B售05,0,0,0,0,0,0,0,0,0,379000,0,0,0,380000,1000,379000,379000
066349,聚碩永豐01購01  ,0,0,0,0,0,0,0,0,0,379000,0,0,0,379000,0,379000,379000
4906,正文            ,907000,401000,506000,0,0,0,0,0,0,-127000,4000,1000,3000,61000,191000,-130000,379000
2107,厚生            ,364000,136000,228000,0,0,0,0,0,0,150000,150000,0,150000,0,0,0,378000
1710,東聯            ,622000,245000,377000,0,0,0,0,0,0,0,0,0,0,0,0,0,377000
064865,美律永豐9C購02  ,0,0,0,0,0,0,0,0,0,376000,0,0,0,474000,98000,376000,376000
064483,瑞儀永豐9C購01  ,0,0,0,0,0,0,0,0,0,375000,0,0,0,375000,0,375000,375000
063950,信邦元大9C購01  ,0,0,0,0,0,0,0,0,0,373000,0,0,0,410000,37000,373000,373000
066469,申豐統一02購02  ,0,0,0,0,0,0,0,0,0,372000,0,0,0,480000,108000,372000,372000
4961,天鈺            ,520000,151000,369000,0,0,0,0,0,0,2000,2000,0,2000,0,0,0,371000
6226,光鼎            ,435000,65000,370000,0,0,0,0,0,0,-1000,2000,3000,-1000,0,0,0,369000
0061,元大寶滬深      ,582000,585000,-3000,0,0,0,0,0,0,369000,0,10000,-10000,389000,10000,379000,366000
065397,宏達電群益9C購03,0,0,0,0,0,0,0,0,0,366000,0,0,0,416000,50000,366000,366000
2852,第一保          ,373000,8000,365000,0,0,0,0,0,0,1000,1000,0,1000,0,0,0,366000
8021,尖點            ,423000,54000,369000,0,0,0,0,0,0,-4000,1000,5000,-4000,0,0,0,365000
065437,台表科凱基9C購03,0,0,0,0,0,0,0,0,0,364000,0,0,0,369000,5000,364000,364000
062809,同欣電統一9C購01,0,0,0,0,0,0,0,0,0,363000,0,0,0,774000,411000,363000,363000
062651,世紀鋼富邦9C購01,0,0,0,0,0,0,0,0,0,361000,0,0,0,361000,0,361000,361000
054214,京鼎國票97購02  ,0,0,0,0,0,0,0,0,0,360000,0,0,0,360000,0,360000,360000
6024,群益期          ,481000,22000,459000,0,0,0,0,0,0,-100000,0,100000,-100000,0,0,0,359000
1702,南僑            ,428000,63000,365000,0,0,0,0,0,0,-6000,0,6000,-6000,0,0,0,359000
2412,中華電          ,2727027,2551140,175887,0,0,0,269000,113000,156000,25000,30000,1000,29000,0,4000,-4000,356887
059024,大立光統一9B購04,0,0,0,0,0,0,0,0,0,356000,0,0,0,472000,116000,356000,356000
066479,國巨元富07購01  ,0,0,0,0,0,0,0,0,0,356000,0,0,0,545000,189000,356000,356000
063989,大立光永豐9C購01,0,0,0,0,0,0,0,0,0,355000,0,0,0,355000,0,355000,355000
066165,大毅凱基01購01  ,0,0,0,0,0,0,0,0,0,355000,0,0,0,385000,30000,355000,355000
064988,志超元大9C購01  ,0,0,0,0,0,0,0,0,0,355000,0,0,0,720000,365000,355000,355000
2345,智邦            ,1421250,780492,640758,0,0,0,200000,452000,-252000,-34000,24000,38000,-14000,20000,40000,-20000,354758
064848,金像電元富9C購02,0,0,0,0,0,0,0,0,0,354000,0,0,0,509000,155000,354000,354000
055812,台積電國票99購02,0,0,0,0,0,0,0,0,0,353000,0,0,0,353000,0,353000,353000
065251,宏達電國泰02購01,0,0,0,0,0,0,0,0,0,352000,0,0,0,409000,57000,352000,352000
2908,特力            ,365000,14000,351000,0,0,0,0,0,0,0,1000,1000,0,0,0,0,351000
08059P,京鼎元大9B售02  ,0,0,0,0,0,0,0,0,0,350000,0,0,0,350000,0,350000,350000
00648R,元大S&P500反1   ,0,0,0,0,0,0,0,0,0,350000,0,0,0,1173000,823000,350000,350000
061361,世紀鋼兆豐9A購01,0,0,0,0,0,0,0,0,0,350000,0,0,0,381000,31000,350000,350000
00656R,國泰中國A50反1  ,0,5000,-5000,0,0,0,0,0,0,352000,0,0,0,481000,129000,352000,347000
055703,緯穎富邦98購01  ,0,0,0,0,0,0,0,0,0,347000,0,0,0,347000,0,347000,347000
064028,大毅元大01購01  ,0,0,0,0,0,0,0,0,0,346000,0,0,0,406000,60000,346000,346000
065538,健鼎統一9C購01  ,0,0,0,0,0,0,0,0,0,346000,0,0,0,867000,521000,346000,346000
08400P,美律元富9C售02  ,0,0,0,0,0,0,0,0,0,346000,0,0,0,406000,60000,346000,346000
2887,台新金          ,5705229,5246000,459229,0,0,0,0,129000,-129000,15000,15000,0,15000,0,0,0,345229
064567,晶技群益01購01  ,0,0,0,0,0,0,0,0,0,345000,0,0,0,345000,0,345000,345000
067294,中磊兆豐03購01  ,0,0,0,0,0,0,0,0,0,344000,0,0,0,368000,24000,344000,344000
062504,旭富群益9B購02  ,0,0,0,0,0,0,0,0,0,344000,0,0,0,344000,0,344000,344000
066466,晶碩統一02購01  ,0,0,0,0,0,0,0,0,0,344000,0,0,0,431000,87000,344000,344000
2031,新光鋼          ,365000,21000,344000,0,0,0,0,0,0,-2000,1000,3000,-2000,0,0,0,342000
066206,聯鈞統一01購01  ,0,0,0,0,0,0,0,0,0,341000,0,0,0,377000,36000,341000,341000
06631P,玉晶光群益9A售03,0,0,0,0,0,0,0,0,0,340000,0,0,0,390000,50000,340000,340000
3504,揚明光          ,325000,41000,284000,0,0,0,0,0,0,56000,1000,1000,0,59000,3000,56000,340000
065901,台積電富邦03購04,0,0,0,0,0,0,0,0,0,339000,0,0,0,339000,0,339000,339000
062140,元金2X國票9B購03,0,0,0,0,0,0,0,0,0,338000,0,0,0,339000,1000,338000,338000
058527,世紀鋼元大99購01,0,0,0,0,0,0,0,0,0,337000,0,0,0,742000,405000,337000,337000
063494,金像電富邦9B購01,0,0,0,0,0,0,0,0,0,337000,0,0,0,946000,609000,337000,337000
063885,南六元富9C購01  ,0,0,0,0,0,0,0,0,0,336000,0,0,0,336000,0,336000,336000
066016,台表科元富01購02,0,0,0,0,0,0,0,0,0,336000,0,0,0,336000,0,336000,336000
2614,東森            ,783000,483000,300000,0,0,0,0,0,0,35000,1000,0,1000,34000,0,34000,335000
059074,元油2X元大9C購15,0,0,0,0,0,0,0,0,0,333000,0,0,0,964000,631000,333000,333000
066424,晶技元大01購03  ,0,0,0,0,0,0,0,0,0,333000,0,0,0,455000,122000,333000,333000
065408,華通永豐9C購02  ,0,0,0,0,0,0,0,0,0,333000,0,0,0,333000,0,333000,333000
065139,華通凱基03購01  ,0,0,0,0,0,0,0,0,0,333000,0,0,0,480000,147000,333000,333000
063890,正隆群益9C購01  ,0,0,0,0,0,0,0,0,0,331000,0,0,0,411000,80000,331000,331000
064104,TPK群益9C購02   ,0,0,0,0,0,0,0,0,0,331000,0,0,0,366000,35000,331000,331000
063153,南六元富9B購01  ,0,0,0,0,0,0,0,0,0,331000,0,0,0,339000,8000,331000,331000
2104,國際中橡        ,735000,401000,334000,0,0,0,0,0,0,-4000,3000,7000,-4000,0,0,0,330000
1313,聯成            ,1268000,931000,337000,0,0,0,0,0,0,-7000,0,7000,-7000,0,0,0,330000
08834P,聯發科統一01售11,0,0,0,0,0,0,0,0,0,330000,0,0,0,336000,6000,330000,330000
066935,奇鋐國票02購02  ,0,0,0,0,0,0,0,0,0,329000,0,0,0,407000,78000,329000,329000
2331,精英            ,583000,259000,324000,0,0,0,0,0,0,4000,16000,12000,4000,0,0,0,328000
065336,華新統一02購01  ,0,0,0,0,0,0,0,0,0,327000,0,0,0,334000,7000,327000,327000
8105,凌巨            ,585000,261000,324000,0,0,0,0,0,0,3000,5000,2000,3000,0,0,0,327000
056597,宏碁元富98購01  ,0,0,0,0,0,0,0,0,0,326000,0,0,0,326000,0,326000,326000
067154,華擎統一03購03  ,0,0,0,0,0,0,0,0,0,325000,0,0,0,447000,122000,325000,325000
060924,大毅永豐9A購03  ,0,0,0,0,0,0,0,0,0,325000,0,0,0,325000,0,325000,325000
061126,京元電永豐9A購02,0,0,0,0,0,0,0,0,0,325000,0,0,0,361000,36000,325000,325000
058054,台積電統一9C購01,0,0,0,0,0,0,0,0,0,324000,0,0,0,757000,433000,324000,324000
062725,大立光凱基9B購06,0,0,0,0,0,0,0,0,0,324000,0,0,0,416000,92000,324000,324000
059297,大立光元富9C購01,0,0,0,0,0,0,0,0,0,324000,0,0,0,429000,105000,324000,324000
8150,南茂            ,1128000,794000,334000,0,0,0,0,0,0,-10000,4000,24000,-20000,15000,5000,10000,324000
067320,訊連元大01購01  ,0,0,0,0,0,0,0,0,0,322000,0,0,0,695000,373000,322000,322000
063419,聯發科凱基03購01,0,0,0,0,0,0,0,0,0,320000,0,0,0,461000,141000,320000,320000
061122,敬鵬永豐9A購01  ,0,0,0,0,0,0,0,0,0,320000,0,0,0,413000,93000,320000,320000
066268,宏達電元大01購02,0,0,0,0,0,0,0,0,0,319000,0,0,0,319000,0,319000,319000
6288,聯嘉            ,525000,180000,345000,0,0,0,0,0,0,-26000,0,26000,-26000,0,0,0,319000
064412,緯穎凱基01購01  ,0,0,0,0,0,0,0,0,0,318000,0,0,0,378000,60000,318000,318000
2426,鼎元            ,390000,75000,315000,0,0,0,0,0,0,2000,2000,0,2000,0,0,0,317000
067397,欣興永豐01購03  ,0,0,0,0,0,0,0,0,0,316000,0,0,0,401000,85000,316000,316000
00728,第一金工業30    ,20000,14000,6000,0,0,0,0,0,0,310000,0,0,0,316000,6000,310000,316000
063784,華通中信06購01  ,0,0,0,0,0,0,0,0,0,316000,0,0,0,356000,40000,316000,316000
064928,同欣電統一01購02,0,0,0,0,0,0,0,0,0,316000,0,0,0,416000,100000,316000,316000
08296P,同欣電元大9C售04,0,0,0,0,0,0,0,0,0,315000,0,0,0,315000,0,315000,315000
06701P,臺股指統一99售06,0,0,0,0,0,0,0,0,0,314000,0,0,0,314000,0,314000,314000
064417,創意中信9C購01  ,0,0,0,0,0,0,0,0,0,314000,0,0,0,375000,61000,314000,314000
066648,可成麥證01購01  ,0,0,0,314000,0,314000,0,0,0,314000,0,0,0,314000,0,314000,314000
6414,樺漢            ,415850,68000,347850,0,0,0,0,1000,-1000,-33000,9000,64000,-55000,57000,35000,22000,313850
054472,道瓊反中信9A購01,0,0,0,0,0,0,0,0,0,313000,0,0,0,475000,162000,313000,313000
061372,世紀鋼國泰9C購01,0,0,0,0,0,0,0,0,0,311000,0,0,0,491000,180000,311000,311000
066987,旭富群益01購01  ,0,0,0,0,0,0,0,0,0,310000,0,0,0,310000,0,310000,310000
057925,貿聯凱基99購01  ,0,0,0,0,0,0,0,0,0,310000,0,0,0,360000,50000,310000,310000
063260,信邦富邦9B購01  ,0,0,0,0,0,0,0,0,0,310000,0,0,0,310000,0,310000,310000
061027,儒鴻永豐9A購02  ,0,0,0,0,0,0,0,0,0,310000,0,0,0,310000,0,310000,310000
064871,緯穎永豐9C購03  ,0,0,0,0,0,0,0,0,0,310000,0,0,0,310000,0,310000,310000
065358,台灣50元大9C購48,0,0,0,0,0,0,0,0,0,310000,0,0,0,318000,8000,310000,310000
063920,大立光元富03購02,0,0,0,0,0,0,0,0,0,309000,0,0,0,397000,88000,309000,309000
00752,中信中國50      ,6000,0,6000,0,0,0,0,0,0,303000,0,0,0,961000,658000,303000,309000
063904,大立光麥證01購01,0,0,0,307000,0,307000,0,0,0,307000,0,0,0,307000,0,307000,307000
3661,世芯-KY         ,742000,672001,69999,0,0,0,289000,91000,198000,39000,29000,4000,25000,18000,4000,14000,306999
063563,國巨元大9C購07  ,0,0,0,0,0,0,0,0,0,306000,0,0,0,380000,74000,306000,306000
03875P,滬深2X國票05售01,0,0,0,0,0,0,0,0,0,306000,0,0,0,306000,0,306000,306000
062466,FBVIX凱基9B購01 ,0,0,0,0,0,0,0,0,0,306000,0,0,0,347000,41000,306000,306000
063136,智邦統一9B購02  ,0,0,0,0,0,0,0,0,0,305000,0,0,0,766000,461000,305000,305000
066346,眾達永豐01購01  ,0,0,0,0,0,0,0,0,0,305000,0,0,0,353000,48000,305000,305000
067400,華擎永豐01購02  ,0,0,0,0,0,0,0,0,0,304000,0,0,0,307000,3000,304000,304000
063287,嘉澤元大9B購05  ,0,0,0,0,0,0,0,0,0,303000,0,0,0,565000,262000,303000,303000
055205,京鼎中信99購01  ,0,0,0,0,0,0,0,0,0,302000,0,0,0,400000,98000,302000,302000
2399,映泰            ,322000,21000,301000,0,0,0,0,0,0,1000,1000,0,1000,0,0,0,302000
07531P,大立光國泰9B售03,0,0,0,0,0,0,0,0,0,301000,0,0,0,331000,30000,301000,301000
08055P,臺股指國票9B售20,0,0,0,0,0,0,0,0,0,300000,0,0,0,380000,80000,300000,300000
057145,上銀國票98購03  ,0,0,0,0,0,0,0,0,0,300000,0,0,0,300000,0,300000,300000
056977,國巨群益9A購01  ,0,0,0,0,0,0,0,0,0,300000,0,0,0,300000,0,300000,300000
059644,茂林凱基99購03  ,0,0,0,0,0,0,0,0,0,300000,0,0,0,310000,10000,300000,300000
063067,緯穎麥證9B購01  ,0,0,0,300000,0,300000,0,0,0,300000,0,0,0,300000,0,300000,300000
063719,T50反1元大9B購11,0,0,0,0,0,0,0,0,0,300000,0,0,0,300000,0,300000,300000
064052,創意統一01購02  ,0,0,0,0,0,0,0,0,0,298000,0,0,0,300000,2000,298000,298000
065443,智邦統一9C購03  ,0,0,0,0,0,0,0,0,0,298000,0,0,0,319000,21000,298000,298000
2634,漢翔            ,598000,295000,303000,0,0,0,0,5000,-5000,0,0,0,0,3000,3000,0,298000
057894,華通元富02購02  ,0,0,0,0,0,0,0,0,0,297000,0,0,0,352000,55000,297000,297000
061207,美律元大9A購04  ,0,0,0,0,0,0,0,0,0,296000,0,0,0,306000,10000,296000,296000
064461,致伸統一01購01  ,0,0,0,0,0,0,0,0,0,296000,0,0,0,331000,35000,296000,296000
064614,友訊元大9C購02  ,0,0,0,0,0,0,0,0,0,296000,0,0,0,343000,47000,296000,296000
1103,嘉泥            ,881000,586000,295000,0,0,0,0,0,0,1000,1000,0,1000,0,0,0,296000
06461P,玉晶光國泰9A售01,0,0,0,0,0,0,0,0,0,295000,0,0,0,300000,5000,295000,295000
6230,超眾            ,393000,194000,199000,0,0,0,50000,0,50000,46000,10000,33000,-23000,79000,10000,69000,295000
064157,健鼎統一01購02  ,0,0,0,0,0,0,0,0,0,294000,0,0,0,656000,362000,294000,294000
8464,億豐            ,994000,694538,299462,0,0,0,0,0,0,-6000,0,7000,-7000,1000,0,1000,293462
066760,大立光永豐01購01,0,0,0,0,0,0,0,0,0,293000,0,0,0,313000,20000,293000,293000
065058,東元群益9C購01  ,0,0,0,0,0,0,0,0,0,293000,0,0,0,343000,50000,293000,293000
08659P,聯發科統一9C售20,0,0,0,0,0,0,0,0,0,293000,0,0,0,312000,19000,293000,293000
2637,慧洋-KY         ,480000,189000,291000,0,0,0,0,4000,-4000,6000,0,0,0,6000,0,6000,293000
2015,豐興            ,332000,39000,293000,0,0,0,0,0,0,0,0,0,0,0,0,0,293000
067083,正文元大01購01  ,0,0,0,0,0,0,0,0,0,291000,0,0,0,737000,446000,291000,291000
065199,華擎元富03購01  ,0,0,0,0,0,0,0,0,0,291000,0,0,0,444000,153000,291000,291000
061567,華通元大9A購11  ,0,0,0,0,0,0,0,0,0,290000,0,0,0,390000,100000,290000,290000
2362,藍天            ,351000,63000,288000,0,0,0,0,0,0,2000,2000,0,2000,0,0,0,290000
067513,南六統一01購04  ,0,0,0,0,0,0,0,0,0,289000,0,0,0,292000,3000,289000,289000
055907,台虹兆豐98購01  ,0,0,0,0,0,0,0,0,0,289000,0,0,0,516000,227000,289000,289000
066450,松翰群益01購01  ,0,0,0,0,0,0,0,0,0,289000,0,0,0,367000,78000,289000,289000
057016,中石化凱基9B購01,0,0,0,0,0,0,0,0,0,288000,0,0,0,288000,0,288000,288000
08465P,玉晶光兆豐01售02,0,0,0,0,0,0,0,0,0,288000,0,0,0,400000,112000,288000,288000
062917,旭富元大9C購03  ,0,0,0,0,0,0,0,0,0,287000,0,0,0,387000,100000,287000,287000
065236,旭富凱基9C購01  ,0,0,0,0,0,0,0,0,0,287000,0,0,0,287000,0,287000,287000
9945,潤泰新          ,1210238,950000,260238,0,0,0,0,3000,-3000,28000,8000,6000,2000,57000,31000,26000,285238
066763,創意永豐01購02  ,0,0,0,0,0,0,0,0,0,285000,0,0,0,351000,66000,285000,285000
063995,健鼎群益9C購01  ,0,0,0,0,0,0,0,0,0,285000,0,0,0,288000,3000,285000,285000
059581,日月光元富99購02,0,0,0,0,0,0,0,0,0,285000,0,0,0,943000,658000,285000,285000
062236,信邦凱基9B購01  ,0,0,0,0,0,0,0,0,0,285000,0,0,0,317000,32000,285000,285000
06593P,欣興元大98售05  ,0,0,0,0,0,0,0,0,0,285000,0,0,0,285000,0,285000,285000
08095P,大立光元富9B售03,0,0,0,0,0,0,0,0,0,284000,0,0,0,327000,43000,284000,284000
061081,宏碁兆豐9A購01  ,0,0,0,0,0,0,0,0,0,284000,0,0,0,333000,49000,284000,284000
060367,緯穎元富9A購02  ,0,0,0,0,0,0,0,0,0,284000,0,0,0,312000,28000,284000,284000
9940,信義            ,304002,21000,283002,0,0,0,0,0,0,0,1000,1000,0,0,0,0,283002
058528,世紀鋼元大99購02,0,0,0,0,0,0,0,0,0,283000,0,0,0,283000,0,283000,283000
8131,福懋科          ,274000,20000,254000,0,0,0,0,2000,-2000,31000,31000,0,31000,0,0,0,283000
063155,緯穎元富9B購03  ,0,0,0,0,0,0,0,0,0,282000,0,0,0,282000,0,282000,282000
063208,鈺齊統一9C購01  ,0,0,0,0,0,0,0,0,0,282000,0,0,0,301000,19000,282000,282000
059924,世紀鋼元大99購06,0,0,0,0,0,0,0,0,0,282000,0,0,0,447000,165000,282000,282000
066750,緯穎元大01購04  ,0,0,0,0,0,0,0,0,0,281000,0,0,0,391000,110000,281000,281000
053797,台積電中信98購01,0,0,0,0,0,0,0,0,0,280000,0,0,0,329000,49000,280000,280000
061989,晶技元大9B購04  ,0,0,0,0,0,0,0,0,0,280000,0,0,0,298000,18000,280000,280000
062295,康友永豐9B購01  ,0,0,0,0,0,0,0,0,0,280000,0,0,0,310000,30000,280000,280000
061589,世紀鋼富邦9B購01,0,0,0,0,0,0,0,0,0,280000,0,0,0,280000,0,280000,280000
064375,智邦元富03購01  ,0,0,0,0,0,0,0,0,0,280000,0,0,0,354000,74000,280000,280000
08405P,聯發科元大9C售11,0,0,0,0,0,0,0,0,0,280000,0,0,0,511000,231000,280000,280000
063594,上銀中信9C購01  ,0,0,0,0,0,0,0,0,0,279000,0,0,0,304000,25000,279000,279000
066458,大毅統一02購02  ,0,0,0,0,0,0,0,0,0,279000,0,0,0,509000,230000,279000,279000
066817,瀚宇博兆豐03購01,0,0,0,0,0,0,0,0,0,277000,0,0,0,295000,18000,277000,277000
062771,臺股指凱基9B購15,0,0,0,0,0,0,0,0,0,277000,0,0,0,277000,0,277000,277000
065961,東元元大04購01  ,0,0,0,0,0,0,0,0,0,277000,0,0,0,351000,74000,277000,277000
059833,緯穎康和99購01  ,0,0,0,0,0,0,0,0,0,276000,0,0,0,276000,0,276000,276000
067053,申豐凱基02購01  ,0,0,0,0,0,0,0,0,0,275000,0,0,0,314000,39000,275000,275000
07894P,燿華元大9B售01  ,0,0,0,0,0,0,0,0,0,275000,0,0,0,285000,10000,275000,275000
062983,緯穎元富9B購01  ,0,0,0,0,0,0,0,0,0,275000,0,0,0,302000,27000,275000,275000
060381,元黃金凱基9A購01,0,0,0,0,0,0,0,0,0,275000,0,0,0,275000,0,275000,275000
064537,健鼎國票01購02  ,0,0,0,0,0,0,0,0,0,275000,0,0,0,375000,100000,275000,275000
063107,矽創群益9B購01  ,0,0,0,0,0,0,0,0,0,274000,0,0,0,279000,5000,274000,274000
061375,華通永豐9A購02  ,0,0,0,0,0,0,0,0,0,274000,0,0,0,274000,0,274000,274000
065536,健鼎統一02購04  ,0,0,0,0,0,0,0,0,0,274000,0,0,0,274000,0,274000,274000
3060,銘異            ,307000,34000,273000,0,0,0,0,0,0,1000,1000,0,1000,0,0,0,274000
062527,美律統一01購01  ,0,0,0,0,0,0,0,0,0,273000,0,0,0,416000,143000,273000,273000
1709,和益            ,345000,72000,273000,0,0,0,0,0,0,0,0,0,0,0,0,0,273000
6552,易華電          ,305000,32000,273000,0,0,0,0,0,0,0,1000,0,1000,0,1000,-1000,273000
064576,世紀鋼群益01購01,0,0,0,0,0,0,0,0,0,272000,0,0,0,272000,0,272000,272000
061245,晶技群益9A購01  ,0,0,0,0,0,0,0,0,0,271000,0,0,0,311000,40000,271000,271000
065516,健鼎群益9C購02  ,0,0,0,0,0,0,0,0,0,271000,0,0,0,271000,0,271000,271000
065874,智原群益9C購01  ,0,0,0,0,0,0,0,0,0,271000,0,0,0,271000,0,271000,271000
061684,T50反1群益9A購06,0,0,0,0,0,0,0,0,0,270000,0,0,0,300000,30000,270000,270000
4414,如興            ,2349000,2076000,273000,0,0,0,0,0,0,-3000,4000,7000,-3000,0,0,0,270000
1319,東陽            ,476000,209000,267000,0,0,0,0,0,0,2000,2000,0,2000,0,0,0,269000
066558,創意元大01購04  ,0,0,0,0,0,0,0,0,0,268000,0,0,0,604000,336000,268000,268000
6168,宏齊            ,287000,21000,266000,0,0,0,0,0,0,2000,2000,0,2000,0,0,0,268000
8104,錸寶            ,403000,135000,268000,0,0,0,0,0,0,0,0,0,0,0,0,0,268000
063898,旭富群益9C購01  ,0,0,0,0,0,0,0,0,0,267000,0,0,0,267000,0,267000,267000
067396,欣興永豐01購02  ,0,0,0,0,0,0,0,0,0,267000,0,0,0,447000,180000,267000,267000
00650L,FH香港正2       ,44000,44000,0,0,0,0,0,0,0,267000,0,0,0,1006000,739000,267000,267000
056904,大立光元大99購05,0,0,0,0,0,0,0,0,0,267000,0,0,0,567000,300000,267000,267000
1455,集盛            ,329000,54000,275000,0,0,0,0,0,0,-8000,1000,9000,-8000,0,0,0,267000
2607,榮運            ,374000,114000,260000,0,0,0,0,0,0,7000,7000,0,7000,0,0,0,267000
067200,深中小元大03購01,0,0,0,0,0,0,0,0,0,266000,0,0,0,476000,210000,266000,266000
065650,旭富元大9C購07  ,0,0,0,0,0,0,0,0,0,266000,0,0,0,380000,114000,266000,266000
08473P,康控凱基9C售01  ,0,0,0,0,0,0,0,0,0,266000,0,0,0,276000,10000,266000,266000
067270,精成科永豐01購01,0,0,0,0,0,0,0,0,0,264000,0,0,0,423000,159000,264000,264000
063415,台積電凱基03購01,0,0,0,0,0,0,0,0,0,264000,0,0,0,275000,11000,264000,264000
066190,惠特凱基01購01  ,0,0,0,0,0,0,0,0,0,264000,0,0,0,300000,36000,264000,264000
08367P,臺股指凱基9C售11,0,0,0,0,0,0,0,0,0,263000,0,0,0,301000,38000,263000,263000
057540,緯穎日盛99購01  ,0,0,0,0,0,0,0,0,0,262000,0,0,0,282000,20000,262000,262000
066325,可成永豐01購01  ,0,0,0,0,0,0,0,0,0,262000,0,0,0,262000,0,262000,262000
062967,上銀元富9B購01  ,0,0,0,0,0,0,0,0,0,261000,0,0,0,282000,21000,261000,261000
064943,聚陽凱基9C購01  ,0,0,0,0,0,0,0,0,0,261000,0,0,0,270000,9000,261000,261000
052344,台表科凱基98購01,0,0,0,0,0,0,0,0,0,260000,0,0,0,260000,0,260000,260000
3665,貿聯-KY         ,435000,101357,333643,0,0,0,0,3000,-3000,-71000,1000,52000,-51000,16000,36000,-20000,259643
07391P,台灣50國泰02售01,0,0,0,0,0,0,0,0,0,259000,0,0,0,300000,41000,259000,259000
067119,泰鼎群益01購02  ,0,0,0,0,0,0,0,0,0,259000,0,0,0,297000,38000,259000,259000
059999,緯穎元富99購01  ,0,0,0,0,0,0,0,0,0,258000,0,0,0,264000,6000,258000,258000
065480,旭富元大9C購06  ,0,0,0,0,0,0,0,0,0,258000,0,0,0,268000,10000,258000,258000
067138,正文永豐01購02  ,0,0,0,0,0,0,0,0,0,257000,0,0,0,448000,191000,257000,257000
07082P,美律元大99售06  ,0,0,0,0,0,0,0,0,0,257000,0,0,0,257000,0,257000,257000
063865,旺宏永豐9C購01  ,0,0,0,0,0,0,0,0,0,257000,0,0,0,267000,10000,257000,257000
063356,台表科元富02購01,0,0,0,0,0,0,0,0,0,257000,0,0,0,285000,28000,257000,257000
2850,新產            ,538000,280000,258000,0,0,0,0,0,0,-1000,3000,4000,-1000,0,0,0,257000
063550,可成國票9C購01  ,0,0,0,0,0,0,0,0,0,256000,0,0,0,375000,119000,256000,256000
064765,緯穎凱基9C購02  ,0,0,0,0,0,0,0,0,0,256000,0,0,0,324000,68000,256000,256000
066877,奇鋐富邦03購01  ,0,0,0,0,0,0,0,0,0,255000,0,0,0,486000,231000,255000,255000
00690,兆豐藍籌30      ,0,0,0,0,0,0,0,0,0,255000,0,0,0,712000,457000,255000,255000
065447,緯創統一02購02  ,0,0,0,0,0,0,0,0,0,255000,0,0,0,870000,615000,255000,255000
065868,燿華群益02購01  ,0,0,0,0,0,0,0,0,0,255000,0,0,0,439000,184000,255000,255000
08658P,聯發科統一9C售19,0,0,0,0,0,0,0,0,0,255000,0,0,0,389000,134000,255000,255000
065177,旭富元大9C購05  ,0,0,0,0,0,0,0,0,0,254000,0,0,0,334000,80000,254000,254000
1808,潤隆            ,304000,52000,252000,0,0,0,0,0,0,2000,2000,0,2000,0,0,0,254000
062885,臻鼎兆豐9C購01  ,0,0,0,0,0,0,0,0,0,253000,0,0,0,283000,30000,253000,253000
060387,盛群凱基9A購01  ,0,0,0,0,0,0,0,0,0,253000,0,0,0,283000,30000,253000,253000
066357,昇陽半永豐01購01,0,0,0,0,0,0,0,0,0,253000,0,0,0,321000,68000,253000,253000
063008,華通元大9B購06  ,0,0,0,0,0,0,0,0,0,252000,0,0,0,306000,54000,252000,252000
064911,光寶科統一02購01,0,0,0,0,0,0,0,0,0,252000,0,0,0,252000,0,252000,252000
057796,鴻海兆豐99購03  ,0,0,0,0,0,0,0,0,0,251000,0,0,0,433000,182000,251000,251000
066425,創意元大01購03  ,0,0,0,0,0,0,0,0,0,251000,0,0,0,286000,35000,251000,251000
08883P,台積電國票02售02,0,0,0,0,0,0,0,0,0,251000,0,0,0,509000,258000,251000,251000
07101P,台郡元大99售06  ,0,0,0,0,0,0,0,0,0,250000,0,0,0,250000,0,250000,250000
06929P,鴻海元大99售11  ,0,0,0,0,0,0,0,0,0,250000,0,0,0,250000,0,250000,250000
061358,世紀鋼元大9A購04,0,0,0,0,0,0,0,0,0,250000,0,0,0,489000,239000,250000,250000
062523,世紀鋼元大9C購03,0,0,0,0,0,0,0,0,0,250000,0,0,0,250000,0,250000,250000
06064P,台積電台新98售01,0,0,0,0,0,0,0,0,0,250000,0,0,0,250000,0,250000,250000
3338,泰碩            ,375000,281000,94000,0,0,0,0,0,0,156000,1000,7000,-6000,171000,9000,162000,250000
07264P,台積電元大99售38,0,0,0,0,0,0,0,0,0,249000,0,0,0,349000,100000,249000,249000
065723,新日興兆豐01購01,0,0,0,0,0,0,0,0,0,249000,0,0,0,249000,0,249000,249000
065044,大立光凱基9C購06,0,0,0,0,0,0,0,0,0,249000,0,0,0,462000,213000,249000,249000
3706,神達            ,1741000,1287630,453370,0,0,0,1000,267000,-266000,61000,15000,32000,-17000,78000,0,78000,248370
064990,世紀鋼元大01購01,0,0,0,0,0,0,0,0,0,248000,0,0,0,536000,288000,248000,248000
063994,台光電群益9C購01,0,0,0,0,0,0,0,0,0,247000,0,0,0,421000,174000,247000,247000
07068P,欣興台新99售01  ,0,0,0,0,0,0,0,0,0,247000,0,0,0,267000,20000,247000,247000
065800,技嘉群益9C購01  ,0,0,0,0,0,0,0,0,0,247000,0,0,0,257000,10000,247000,247000
1711,永光            ,702000,440000,262000,0,0,0,0,0,0,-15000,2000,2000,0,0,15000,-15000,247000
08200P,祥碩元大9B售08  ,0,0,0,0,0,0,0,0,0,245000,0,0,0,285000,40000,245000,245000
062770,臺股指凱基9B購14,0,0,0,0,0,0,0,0,0,245000,0,0,0,245000,0,245000,245000
07503P,禾伸堂元大9A售01,0,0,0,0,0,0,0,0,0,244000,0,0,0,245000,1000,244000,244000
066737,創意元大01購05  ,0,0,0,0,0,0,0,0,0,244000,0,0,0,814000,570000,244000,244000
058437,可成統一9B購01  ,0,0,0,0,0,0,0,0,0,244000,0,0,0,495000,251000,244000,244000
064509,台表科元大9C購08,0,0,0,0,0,0,0,0,0,244000,0,0,0,279000,35000,244000,244000
3026,禾伸堂          ,552000,304000,248000,0,0,0,0,0,0,-4000,1000,10000,-9000,5000,0,5000,244000
08753P,群創群益01售01  ,0,0,0,0,0,0,0,0,0,244000,0,0,0,288000,44000,244000,244000
066753,聯鈞國泰03購01  ,0,0,0,0,0,0,0,0,0,243000,0,0,0,243000,0,243000,243000
020008,元大特股高息N   ,0,0,0,0,0,0,0,0,0,243000,0,0,0,245000,2000,243000,243000
064433,金像電凱基02購01,0,0,0,0,0,0,0,0,0,243000,0,0,0,976000,733000,243000,243000
054272,華通中信98購01  ,0,0,0,0,0,0,0,0,0,242000,0,0,0,260000,18000,242000,242000
065565,神隆群益01購01  ,0,0,0,0,0,0,0,0,0,242000,0,0,0,350000,108000,242000,242000
059928,道瓊銀富邦03購01,0,0,0,0,0,0,0,0,0,241000,0,0,0,291000,50000,241000,241000
067012,台虹永豐01購02  ,0,0,0,0,0,0,0,0,0,240000,0,0,0,697000,457000,240000,240000
060698,旺宏國泰9C購01  ,0,0,0,0,0,0,0,0,0,240000,0,0,0,283000,43000,240000,240000
4725,信昌化          ,0,0,0,0,0,0,0,0,0,240000,0,0,0,240000,0,240000,240000
065081,金像電元大9C購05,0,0,0,0,0,0,0,0,0,239000,0,0,0,445000,206000,239000,239000
064215,康控凱基02購01  ,0,0,0,0,0,0,0,0,0,238000,0,0,0,238000,0,238000,238000
060556,緯穎凱基9A購04  ,0,0,0,0,0,0,0,0,0,238000,0,0,0,238000,0,238000,238000
064983,力成元大9C購04  ,0,0,0,0,0,0,0,0,0,238000,0,0,0,238000,0,238000,238000
066440,南帝群益01購01  ,0,0,0,0,0,0,0,0,0,237000,0,0,0,237000,0,237000,237000
058011,台虹國票99購01  ,0,0,0,0,0,0,0,0,0,236000,0,0,0,352000,116000,236000,236000
063919,大立光元富03購01,0,0,0,0,0,0,0,0,0,235000,0,0,0,248000,13000,235000,235000
066797,台積電凱基02購09,0,0,0,0,0,0,0,0,0,235000,0,0,0,248000,13000,235000,235000
060072,國巨元富99購04  ,0,0,0,0,0,0,0,0,0,235000,0,0,0,255000,20000,235000,235000
066115,美律兆豐02購01  ,0,0,0,0,0,0,0,0,0,235000,0,0,0,235000,0,235000,235000
065862,世紀鋼元大9C購06,0,0,0,0,0,0,0,0,0,235000,0,0,0,401000,166000,235000,235000
1736,喬山            ,444000,229000,215000,0,0,0,0,0,0,20000,0,0,0,22000,2000,20000,235000
6209,今國光          ,500000,267000,233000,0,0,0,0,0,0,2000,2000,0,2000,0,0,0,235000
064847,金像電元富9C購01,0,0,0,0,0,0,0,0,0,234000,0,0,0,251000,17000,234000,234000
9917,中保科          ,207345,42000,165345,0,0,0,60000,2000,58000,10000,11000,1000,10000,0,0,0,233345
066764,聯鈞永豐01購01  ,0,0,0,0,0,0,0,0,0,233000,0,0,0,233000,0,233000,233000
06862P,大立光凱基98售16,0,0,0,0,0,0,0,0,0,232000,0,0,0,232000,0,232000,232000
07791P,奇鋐元大9A售02  ,0,0,0,0,0,0,0,0,0,232000,0,0,0,440000,208000,232000,232000
058247,聯茂元大99購04  ,0,0,0,0,0,0,0,0,0,232000,0,0,0,287000,55000,232000,232000
060862,美律永豐9A購01  ,0,0,0,0,0,0,0,0,0,232000,0,0,0,340000,108000,232000,232000
2535,達欣工          ,343000,321000,22000,0,0,0,0,0,0,210000,335000,60000,275000,0,65000,-65000,232000
08524P,奇力新元大9C售01,0,0,0,0,0,0,0,0,0,232000,0,0,0,232000,0,232000,232000
066575,緯穎元大01購03  ,0,0,0,0,0,0,0,0,0,231000,0,0,0,433000,202000,231000,231000
08607P,聯發科富邦03售04,0,0,0,0,0,0,0,0,0,231000,0,0,0,234000,3000,231000,231000
1720,生達            ,479000,195000,284000,0,0,0,0,0,0,-53000,15000,0,15000,5000,73000,-68000,231000
2704,國賓            ,249000,17000,232000,0,0,0,0,0,0,-1000,0,1000,-1000,0,0,0,231000
066734,聯詠元大01購03  ,0,0,0,0,0,0,0,0,0,230000,0,0,0,305000,75000,230000,230000
057985,華通元富02購03  ,0,0,0,0,0,0,0,0,0,230000,0,0,0,311000,81000,230000,230000
065255,上銀元大01購01  ,0,0,0,0,0,0,0,0,0,230000,0,0,0,330000,100000,230000,230000
2636,台驊投控        ,277000,48000,229000,0,0,0,0,0,0,1000,1000,0,1000,0,0,0,230000
2923,鼎固-KY         ,234000,4000,230000,0,0,0,0,0,0,0,0,0,0,0,0,0,230000
062769,臺股指凱基9B購13,0,0,0,0,0,0,0,0,0,229000,0,0,0,229000,0,229000,229000
058286,道瓊指國票9B購01,0,0,0,0,0,0,0,0,0,229000,0,0,0,230000,1000,229000,229000
066482,華碩元富01購02  ,0,0,0,0,0,0,0,0,0,229000,0,0,0,285000,56000,229000,229000
063458,正隆元大9B購01  ,0,0,0,0,0,0,0,0,0,228000,0,0,0,328000,100000,228000,228000
061852,大立光國票9B購02,0,0,0,0,0,0,0,0,0,228000,0,0,0,431000,203000,228000,228000
07889P,旭富國票9B售01  ,0,0,0,0,0,0,0,0,0,227000,0,0,0,300000,73000,227000,227000
063947,大毅元大9C購02  ,0,0,0,0,0,0,0,0,0,227000,0,0,0,239000,12000,227000,227000
00638R,元大滬深300反1  ,0,86000,-86000,0,0,0,0,0,0,313000,0,0,0,813000,500000,313000,227000
059920,宏達電元大99購07,0,0,0,0,0,0,0,0,0,227000,0,0,0,264000,37000,227000,227000
065869,微星群益02購01  ,0,0,0,0,0,0,0,0,0,227000,0,0,0,252000,25000,227000,227000
066240,泰鼎富邦03購01  ,0,0,0,0,0,0,0,0,0,226000,0,0,0,456000,230000,226000,226000
08807P,可成元富07售02  ,0,0,0,0,0,0,0,0,0,226000,0,0,0,1058000,832000,226000,226000
067172,台積電兆豐03購02,0,0,0,0,0,0,0,0,0,225000,0,0,0,531000,306000,225000,225000
062030,旭富群益9B購01  ,0,0,0,0,0,0,0,0,0,225000,0,0,0,225000,0,225000,225000
063988,華通永豐9C購01  ,0,0,0,0,0,0,0,0,0,223000,0,0,0,380000,157000,223000,223000
059931,緯穎富邦9A購01  ,0,0,0,0,0,0,0,0,0,223000,0,0,0,225000,2000,223000,223000
065858,台表科元大03購01,0,0,0,0,0,0,0,0,0,223000,0,0,0,270000,47000,223000,223000
065260,金像電元大9C購07,0,0,0,0,0,0,0,0,0,223000,0,0,0,233000,10000,223000,223000
2489,瑞軒            ,1505000,1314000,191000,0,0,0,0,0,0,32000,32000,0,32000,0,0,0,223000
056900,可成元大98購02  ,0,0,0,0,0,0,0,0,0,222000,0,0,0,222000,0,222000,222000
060413,東元永豐9A購01  ,0,0,0,0,0,0,0,0,0,222000,0,0,0,280000,58000,222000,222000
065354,金像電元富03購01,0,0,0,0,0,0,0,0,0,222000,0,0,0,416000,194000,222000,222000
07708P,玉晶光元大9A售13,0,0,0,0,0,0,0,0,0,221000,0,0,0,405000,184000,221000,221000
065078,台積電元大02購01,0,0,0,0,0,0,0,0,0,221000,0,0,0,781000,560000,221000,221000
066095,友訊中信05購01  ,0,0,0,0,0,0,0,0,0,221000,0,0,0,257000,36000,221000,221000
1444,力麗            ,457000,224000,233000,0,0,0,0,0,0,-12000,8000,20000,-12000,0,0,0,221000
063900,GIS群益9C購03   ,0,0,0,0,0,0,0,0,0,220000,0,0,0,428000,208000,220000,220000
07191P,台積電元大99售32,0,0,0,0,0,0,0,0,0,220000,0,0,0,250000,30000,220000,220000
066833,正文群益01購01  ,0,0,0,0,0,0,0,0,0,220000,0,0,0,266000,46000,220000,220000
061075,亞德客兆豐9A購01,0,0,0,0,0,0,0,0,0,220000,0,0,0,223000,3000,220000,220000
066129,佳世達群益01購01,0,0,0,0,0,0,0,0,0,220000,0,0,0,220000,0,220000,220000
065190,緯穎統一9C購02  ,0,0,0,0,0,0,0,0,0,220000,0,0,0,367000,147000,220000,220000
064656,聚陽元大9C購03  ,0,0,0,0,0,0,0,0,0,219000,0,0,0,444000,225000,219000,219000
066460,智原統一03購01  ,0,0,0,0,0,0,0,0,0,219000,0,0,0,527000,308000,219000,219000
057486,美律元大98購04  ,0,0,0,0,0,0,0,0,0,218000,0,0,0,218000,0,218000,218000
066570,力成元大02購01  ,0,0,0,0,0,0,0,0,0,218000,0,0,0,408000,190000,218000,218000
066153,南帝康和01購01  ,0,0,0,0,0,0,0,0,0,218000,0,0,0,270000,52000,218000,218000
08714P,華碩元富01售03  ,0,0,0,0,0,0,0,0,0,218000,0,0,0,344000,126000,218000,218000
2442,新美齊          ,256000,35000,221000,0,0,0,0,0,0,-3000,2000,5000,-3000,0,0,0,218000
060832,臺指反國票9A購01,0,0,0,0,0,0,0,0,0,217000,0,0,0,217000,0,217000,217000
065848,聯詠元大9C購03  ,0,0,0,0,0,0,0,0,0,217000,0,0,0,268000,51000,217000,217000
2601,益航            ,429000,205000,224000,0,0,0,0,0,0,-7000,0,7000,-7000,0,0,0,217000
08404P,技嘉元大9C售02  ,0,0,0,0,0,0,0,0,0,217000,0,0,0,217000,0,217000,217000
064158,健鼎統一02購01  ,0,0,0,0,0,0,0,0,0,216000,0,0,0,216000,0,216000,216000
064039,亞德客統一02購01,0,0,0,0,0,0,0,0,0,216000,0,0,0,324000,108000,216000,216000
065683,嘉聯益統一03購01,0,0,0,0,0,0,0,0,0,216000,0,0,0,240000,24000,216000,216000
064411,台表科凱基02購01,0,0,0,0,0,0,0,0,0,216000,0,0,0,237000,21000,216000,216000
2062,橋椿            ,245000,28000,217000,0,0,0,0,0,0,-1000,0,1000,-1000,0,0,0,216000
1108,幸福            ,237000,22000,215000,0,0,0,0,0,0,0,0,0,0,0,0,0,215000
2022,聚亨            ,214000,0,214000,0,0,0,0,0,0,0,0,0,0,0,0,0,214000
2841,台開            ,2111000,1896000,215000,0,0,0,0,0,0,-1000,0,1000,-1000,0,0,0,214000
058309,大毅元大99購02  ,0,0,0,0,0,0,0,0,0,213000,0,0,0,225000,12000,213000,213000
057231,美律凱基98購05  ,0,0,0,0,0,0,0,0,0,213000,0,0,0,223000,10000,213000,213000
066141,盛群群益01購01  ,0,0,0,0,0,0,0,0,0,213000,0,0,0,274000,61000,213000,213000
066283,鎧勝元大01購02  ,0,0,0,0,0,0,0,0,0,213000,0,0,0,400000,187000,213000,213000
1789,神隆            ,911000,809000,102000,0,0,0,0,0,0,111000,0,1000,-1000,154000,42000,112000,213000
07451P,鴻海元大9B售01  ,0,0,0,0,0,0,0,0,0,212000,0,0,0,222000,10000,212000,212000
067361,旭富群益01購02  ,0,0,0,0,0,0,0,0,0,212000,0,0,0,212000,0,212000,212000
065522,旭富群益9C購03  ,0,0,0,0,0,0,0,0,0,212000,0,0,0,212000,0,212000,212000
064377,宏達電元富9C購01,0,0,0,0,0,0,0,0,0,212000,0,0,0,212000,0,212000,212000
067395,金像電永豐01購04,0,0,0,0,0,0,0,0,0,211000,0,0,0,266000,55000,211000,211000
067193,台表科凱基03購02,0,0,0,0,0,0,0,0,0,211000,0,0,0,279000,68000,211000,211000
08690P,友訊中信05售03  ,0,0,0,0,0,0,0,0,0,211000,0,0,0,211000,0,211000,211000
052893,聯電群益98購01  ,0,0,0,0,0,0,0,0,0,210000,0,0,0,215000,5000,210000,210000
062598,華通台新9B購02  ,0,0,0,0,0,0,0,0,0,210000,0,0,0,273000,63000,210000,210000
063362,台表科國泰01購03,0,0,0,0,0,0,0,0,0,210000,0,0,0,215000,5000,210000,210000
060303,宏達電富邦9B購01,0,0,0,0,0,0,0,0,0,210000,0,0,0,240000,30000,210000,210000
066955,新日興元大01購01,0,0,0,0,0,0,0,0,0,209000,0,0,0,228000,19000,209000,209000
059181,世紀鋼元富9C購01,0,0,0,0,0,0,0,0,0,209000,0,0,0,272000,63000,209000,209000
066525,創意統一03購01  ,0,0,0,0,0,0,0,0,0,209000,0,0,0,264000,55000,209000,209000
9911,櫻花            ,507000,209000,298000,0,0,0,0,79000,-79000,-10000,0,10000,-10000,0,0,0,209000
066700,瑞昱群益01購01  ,0,0,0,0,0,0,0,0,0,208000,0,0,0,379000,171000,208000,208000
00646,元大S&P500      ,37000,0,37000,0,0,0,0,0,0,171000,0,0,0,222000,51000,171000,208000
066140,鎧勝群益01購01  ,0,0,0,0,0,0,0,0,0,208000,0,0,0,330000,122000,208000,208000
061378,南六永豐9A購03  ,0,0,0,0,0,0,0,0,0,207000,0,0,0,207000,0,207000,207000
062088,緯穎元大9B購04  ,0,0,0,0,0,0,0,0,0,207000,0,0,0,249000,42000,207000,207000
065601,聯發科元大01購05,0,0,0,0,0,0,0,0,0,207000,0,0,0,332000,125000,207000,207000
065713,緯穎群益9C購04  ,0,0,0,0,0,0,0,0,0,207000,0,0,0,225000,18000,207000,207000
058408,華通兆豐99購02  ,0,0,0,0,0,0,0,0,0,206000,0,0,0,218000,12000,206000,206000
057532,智原元大98購03  ,0,0,0,0,0,0,0,0,0,206000,0,0,0,256000,50000,206000,206000
062266,世紀鋼元大9B購02,0,0,0,0,0,0,0,0,0,206000,0,0,0,356000,150000,206000,206000
065256,上銀元大9C購10  ,0,0,0,0,0,0,0,0,0,206000,0,0,0,326000,120000,206000,206000
054377,臺股指中信99購09,0,0,0,0,0,0,0,0,0,205000,0,0,0,205000,0,205000,205000
910861,神州-DR         ,205000,0,205000,0,0,0,0,0,0,0,0,0,0,0,0,0,205000
063634,台光電元大9B購09,0,0,0,0,0,0,0,0,0,204000,0,0,0,444000,240000,204000,204000
08517P,奇力新群益9C售03,0,0,0,0,0,0,0,0,0,204000,0,0,0,204000,0,204000,204000
066814,健鼎兆豐01購01  ,0,0,0,0,0,0,0,0,0,203000,0,0,0,218000,15000,203000,203000
066927,亞德客國票02購01,0,0,0,0,0,0,0,0,0,203000,0,0,0,207000,4000,203000,203000
066222,生達國泰02購01  ,0,0,0,0,0,0,0,0,0,203000,0,0,0,203000,0,203000,203000
6202,盛群            ,666000,400000,266000,0,0,0,0,1000,-1000,-62000,1000,0,1000,8000,71000,-63000,203000
056320,京鼎群益99購01  ,0,0,0,0,0,0,0,0,0,202000,0,0,0,211000,9000,202000,202000
065103,南六元大9C購06  ,0,0,0,0,0,0,0,0,0,202000,0,0,0,341000,139000,202000,202000
064970,東元元大9C購01  ,0,0,0,0,0,0,0,0,0,202000,0,0,0,244000,42000,202000,202000
6504,南六            ,648000,115000,533000,0,0,0,0,135000,-135000,-196000,0,99000,-99000,30000,127000,-97000,202000
067364,緯穎群益01購05  ,0,0,0,0,0,0,0,0,0,201000,0,0,0,220000,19000,201000,201000
058656,燿華中信99購01  ,0,0,0,0,0,0,0,0,0,201000,0,0,0,511000,310000,201000,201000
07092P,上銀凱基99售03  ,0,0,0,0,0,0,0,0,0,200000,0,0,0,200000,0,200000,200000
067661,大成元大01購01  ,0,0,0,0,0,0,0,0,0,200000,0,0,0,210000,10000,200000,200000
066778,緯穎富邦03購01  ,0,0,0,0,0,0,0,0,0,200000,0,0,0,230000,30000,200000,200000
064116,T50反1元大9C購03,0,0,0,0,0,0,0,0,0,200000,0,0,0,200000,0,200000,200000
07263P,台積電元大99售37,0,0,0,0,0,0,0,0,0,200000,0,0,0,200000,0,200000,200000
07837P,華邦電元大9A售01,0,0,0,0,0,0,0,0,0,200000,0,0,0,200000,0,200000,200000
056317,華通群益99購02  ,0,0,0,0,0,0,0,0,0,200000,0,0,0,210000,10000,200000,200000
055152,旺宏元大98購04  ,0,0,0,0,0,0,0,0,0,200000,0,0,0,200000,0,200000,200000
062288,南六群益9B購01  ,0,0,0,0,0,0,0,0,0,200000,0,0,0,200000,0,200000,200000
061649,緯穎元大9A購06  ,0,0,0,0,0,0,0,0,0,200000,0,0,0,204000,4000,200000,200000
065526,台表科群益9C購03,0,0,0,0,0,0,0,0,0,200000,0,0,0,219000,19000,200000,200000
07712P,茂林元大9A售03  ,0,0,0,0,0,0,0,0,0,199000,0,0,0,199000,0,199000,199000
06797P,臺股指凱基98售07,0,0,0,0,0,0,0,0,0,199000,0,0,0,226000,27000,199000,199000
066247,中化元大01購02  ,0,0,0,0,0,0,0,0,0,199000,0,0,0,239000,40000,199000,199000
065438,緯穎凱基9C購04  ,0,0,0,0,0,0,0,0,0,199000,0,0,0,229000,30000,199000,199000
1434,福懋            ,1321620,569000,752620,0,0,0,0,10000,-10000,-544000,4000,0,4000,0,548000,-548000,198620
063427,南六凱基9B購04  ,0,0,0,0,0,0,0,0,0,198000,0,0,0,198000,0,198000,198000
064167,緯穎統一01購03  ,0,0,0,0,0,0,0,0,0,197000,0,0,0,206000,9000,197000,197000
057394,台積電中信9C購02,0,0,0,0,0,0,0,0,0,197000,0,0,0,331000,134000,197000,197000
060926,宏達電永豐9A購01,0,0,0,0,0,0,0,0,0,197000,0,0,0,203000,6000,197000,197000
065446,宏達電統一9C購02,0,0,0,0,0,0,0,0,0,197000,0,0,0,197000,0,197000,197000
065096,世芯元大9C購03  ,0,0,0,0,0,0,0,0,0,197000,0,0,0,197000,0,197000,197000
07150P,和碩元大99售01  ,0,0,0,0,0,0,0,0,0,196000,0,0,0,300000,104000,196000,196000
066849,神達元大01購01  ,0,0,0,0,0,0,0,0,0,196000,0,0,0,350000,154000,196000,196000
057713,美律統一99購01  ,0,0,0,0,0,0,0,0,0,196000,0,0,0,196000,0,196000,196000
059986,宏達電元大99購08,0,0,0,0,0,0,0,0,0,196000,0,0,0,219000,23000,196000,196000
066530,美律元富04購01  ,0,0,0,0,0,0,0,0,0,196000,0,0,0,246000,50000,196000,196000
065749,友訊元大9C購03  ,0,0,0,0,0,0,0,0,0,196000,0,0,0,201000,5000,196000,196000
063973,緯穎國票9C購01  ,0,0,0,0,0,0,0,0,0,195000,0,0,0,245000,50000,195000,195000
065234,旭富凱基01購01  ,0,0,0,0,0,0,0,0,0,195000,0,0,0,205000,10000,195000,195000
6416,瑞祺電通        ,436000,332000,104000,0,0,0,0,0,0,90985,42000,17015,24985,72000,6000,66000,194985
058797,大毅元大99購03  ,0,0,0,0,0,0,0,0,0,194000,0,0,0,197000,3000,194000,194000
03050X,元展47          ,0,0,0,0,0,0,0,0,0,194000,0,0,0,194000,0,194000,194000
060821,SP黃豆元大9A購02,0,0,0,0,0,0,0,0,0,194000,0,0,0,205000,11000,194000,194000
064898,國產群益9C購01  ,0,0,0,0,0,0,0,0,0,194000,0,0,0,334000,140000,194000,194000
6452,康友-KY         ,278000,95000,183000,0,0,0,0,0,0,11000,0,0,0,23000,12000,11000,194000
067185,宏達電凱基02購01,0,0,0,0,0,0,0,0,0,193000,0,0,0,210000,17000,193000,193000
046949,群創元大99購01  ,0,0,0,0,0,0,0,0,0,193000,0,0,0,364000,171000,193000,193000
064729,聯茂統一02購02  ,0,0,0,0,0,0,0,0,0,193000,0,0,0,377000,184000,193000,193000
1795,美時            ,429000,236000,193000,0,0,0,0,0,0,0,0,0,0,0,0,0,193000
063907,華通凱基9C購03  ,0,0,0,0,0,0,0,0,0,192000,0,0,0,326000,134000,192000,192000
058026,上銀富邦9A購01  ,0,0,0,0,0,0,0,0,0,192000,0,0,0,215000,23000,192000,192000
064593,鈺齊永豐9C購01  ,0,0,0,0,0,0,0,0,0,192000,0,0,0,469000,277000,192000,192000
063921,大立光元富9C購03,0,0,0,0,0,0,0,0,0,191000,0,0,0,385000,194000,191000,191000
067118,上緯控群益01購01,0,0,0,0,0,0,0,0,0,191000,0,0,0,212000,21000,191000,191000
065027,玉晶光中信03購01,0,0,0,0,0,0,0,0,0,191000,0,0,0,435000,244000,191000,191000
3356,奇偶            ,236000,47000,189000,0,0,0,0,0,0,2000,2000,0,2000,0,0,0,191000
08582P,臺股指元大9C售30,0,0,0,0,0,0,0,0,0,191000,0,0,0,268000,77000,191000,191000
046628,大立光統一98購01,0,0,0,0,0,0,0,0,0,190000,0,0,0,426000,236000,190000,190000
051848,元金2X中信98購02,0,0,0,0,0,0,0,0,0,190000,0,0,0,190000,0,190000,190000
059546,FBVIX群益99購03 ,0,0,0,0,0,0,0,0,0,190000,0,0,0,190000,0,190000,190000
061796,興勤永豐9B購01  ,0,0,0,0,0,0,0,0,0,190000,0,0,0,357000,167000,190000,190000
064492,技嘉元大9C購01  ,0,0,0,0,0,0,0,0,0,190000,0,0,0,191000,1000,190000,190000
08385P,臺股指群益9C售13,0,0,0,0,0,0,0,0,0,190000,0,0,0,195000,5000,190000,190000
2816,旺旺保          ,226000,37000,189000,0,0,0,0,0,0,1000,1000,0,1000,0,0,0,190000
2010,春源            ,230000,40000,190000,0,0,0,0,0,0,0,0,0,0,0,0,0,190000
6698,旭暉應材        ,368000,179000,189000,0,0,0,0,0,0,1000,1000,0,1000,0,0,0,190000
6141,柏承            ,864000,674000,190000,0,0,0,0,0,0,0,0,0,0,0,0,0,190000
06766P,玉晶光元大99售10,0,0,0,0,0,0,0,0,0,189000,0,0,0,200000,11000,189000,189000
06747P,大立光群益99售04,0,0,0,0,0,0,0,0,0,189000,0,0,0,189000,0,189000,189000
08086P,燿華凱基9B售03  ,0,0,0,0,0,0,0,0,0,189000,0,0,0,192000,3000,189000,189000
065112,台表科國票02購01,0,0,0,0,0,0,0,0,0,189000,0,0,0,189000,0,189000,189000
066200,建準統一02購01  ,0,0,0,0,0,0,0,0,0,189000,0,0,0,246000,57000,189000,189000
2348,海悅            ,264000,84000,180000,0,0,0,0,0,0,9000,16000,7000,9000,0,0,0,189000
2493,揚博            ,207000,18000,189000,0,0,0,0,0,0,0,2000,2000,0,0,0,0,189000
08633P,聯發科元大9C售20,0,0,0,0,0,0,0,0,0,189000,0,0,0,278000,89000,189000,189000
066892,台積電兆豐03購01,0,0,0,0,0,0,0,0,0,188000,0,0,0,541000,353000,188000,188000
062802,宏達電統一9B購01,0,0,0,0,0,0,0,0,0,188000,0,0,0,228000,40000,188000,188000
064622,晶技元大01購01  ,0,0,0,0,0,0,0,0,0,188000,0,0,0,312000,124000,188000,188000
4976,佳凌            ,215000,27000,188000,0,0,0,0,0,0,0,1000,1000,0,0,0,0,188000
067128,華城永豐01購02  ,0,0,0,0,0,0,0,0,0,187000,0,0,0,217000,30000,187000,187000
2547,日勝生          ,479000,296000,183000,0,0,0,0,0,0,4000,4000,0,4000,0,0,0,187000
08401P,玉晶光元富9C售04,0,0,0,0,0,0,0,0,0,187000,0,0,0,191000,4000,187000,187000
2204,中華            ,546000,360609,185391,0,0,0,0,0,0,1000,1000,0,1000,0,0,0,186391
03432B,臺股指凱基98熊13,0,0,0,0,0,0,0,0,0,186000,0,0,0,742000,556000,186000,186000
065607,聯詠元大9C購02  ,0,0,0,0,0,0,0,0,0,186000,0,0,0,234000,48000,186000,186000
08168P,金像電群益9B售03,0,0,0,0,0,0,0,0,0,185000,0,0,0,185000,0,185000,185000
063971,健鼎國票01購01  ,0,0,0,0,0,0,0,0,0,184000,0,0,0,266000,82000,184000,184000
058218,緯穎群益99購01  ,0,0,0,0,0,0,0,0,0,184000,0,0,0,190000,6000,184000,184000
057764,台表科凱基9A購01,0,0,0,0,0,0,0,0,0,184000,0,0,0,217000,33000,184000,184000
059872,華新科凱基01購01,0,0,0,0,0,0,0,0,0,184000,0,0,0,264000,80000,184000,184000
08617P,緯創元富9C售03  ,0,0,0,0,0,0,0,0,0,184000,0,0,0,351000,167000,184000,184000
1216,統一            ,3396176,3053000,343176,0,0,0,0,161000,-161000,1000,2000,0,2000,0,1000,-1000,183176
057730,聯鈞國泰9A購01  ,0,0,0,0,0,0,0,0,0,183000,0,0,0,227000,44000,183000,183000
061920,台積電凱基9C購02,0,0,0,0,0,0,0,0,0,183000,0,0,0,229000,46000,183000,183000
063762,緯穎統一9C購01  ,0,0,0,0,0,0,0,0,0,183000,0,0,0,221000,38000,183000,183000
064260,矽創富邦9C購01  ,0,0,0,0,0,0,0,0,0,182000,0,0,0,303000,121000,182000,182000
08107P,聯發科統一9B售10,0,0,0,0,0,0,0,0,0,182000,0,0,0,182000,0,182000,182000
058706,聯鈞元大9C購01  ,0,0,0,0,0,0,0,0,0,182000,0,0,0,445000,263000,182000,182000
055679,華通凱基99購01  ,0,0,0,0,0,0,0,0,0,182000,0,0,0,182000,0,182000,182000
064726,創意統一01購03  ,0,0,0,0,0,0,0,0,0,182000,0,0,0,658000,476000,182000,182000
066018,南六元富03購02  ,0,0,0,0,0,0,0,0,0,182000,0,0,0,232000,50000,182000,182000
066113,金像電兆豐01購01,0,0,0,0,0,0,0,0,0,182000,0,0,0,186000,4000,182000,182000
3019,亞光            ,829000,873000,-44000,0,0,0,0,0,0,226000,95000,84000,11000,222000,7000,215000,182000
8210,勤誠            ,400000,213000,187000,0,0,0,0,0,0,-5000,0,0,0,0,5000,-5000,182000
063669,宏達電統一9C購01,0,0,0,0,0,0,0,0,0,181000,0,0,0,181000,0,181000,181000
063884,台表科元富03購01,0,0,0,0,0,0,0,0,0,181000,0,0,0,186000,5000,181000,181000
063064,台表科元富9B購01,0,0,0,0,0,0,0,0,0,181000,0,0,0,186000,5000,181000,181000
2545,皇翔            ,174000,1000,173000,0,0,0,0,0,0,8000,9000,1000,8000,0,0,0,181000
2365,昆盈            ,197000,18000,179000,0,0,0,0,0,0,2000,2000,0,2000,0,0,0,181000
1612,宏泰            ,202000,21000,181000,0,0,0,0,0,0,0,12000,12000,0,0,0,0,181000
063576,台表科元大9B購08,0,0,0,0,0,0,0,0,0,180000,0,0,0,215000,35000,180000,180000
07739P,緯穎永豐9A售01  ,0,0,0,0,0,0,0,0,0,180000,0,0,0,300000,120000,180000,180000
053174,同欣電群益98購02,0,0,0,0,0,0,0,0,0,180000,0,0,0,180000,0,180000,180000
057318,台光電凱基9A購01,0,0,0,0,0,0,0,0,0,180000,0,0,0,252000,72000,180000,180000
063154,南六元富9B購02  ,0,0,0,0,0,0,0,0,0,180000,0,0,0,180000,0,180000,180000
066260,聯強元大01購02  ,0,0,0,0,0,0,0,0,0,180000,0,0,0,674000,494000,180000,180000
065013,矽創國泰02購01  ,0,0,0,0,0,0,0,0,0,180000,0,0,0,493000,313000,180000,180000
065416,華通國票01購02  ,25000,10000,15000,0,0,0,0,0,0,165000,0,0,0,255000,90000,165000,180000
08247P,台積電群益9C售06,0,0,0,0,0,0,0,0,0,179000,0,0,0,800000,621000,179000,179000
057546,台積電凱基02購01,0,0,0,0,0,0,0,0,0,179000,0,0,0,179000,0,179000,179000
059072,元油2X元大9C購13,0,0,0,0,0,0,0,0,0,179000,0,0,0,180000,1000,179000,179000
058949,上銀群益99購02  ,0,0,0,0,0,0,0,0,0,179000,0,0,0,179000,0,179000,179000
047885,元金2X富邦99購01,0,0,0,0,0,0,0,0,0,179000,0,0,0,189000,10000,179000,179000
00851,台新全球AI      ,0,0,0,0,0,0,0,0,0,179000,0,0,0,219000,40000,179000,179000
08794P,台積電兆豐01售03,0,0,0,0,0,0,0,0,0,179000,0,0,0,1160000,981000,179000,179000
063672,GIS統一9C購01   ,0,0,0,0,0,0,0,0,0,178000,0,0,0,309000,131000,178000,178000
062323,上銀統一9B購03  ,0,0,0,0,0,0,0,0,0,178000,0,0,0,178000,0,178000,178000
07990P,緯穎凱基9B售02  ,0,0,0,0,0,0,0,0,0,177000,0,0,0,218000,41000,177000,177000
057868,大立光凱基98購18,0,0,0,0,0,0,0,0,0,177000,0,0,0,177000,0,177000,177000
059976,道瓊銀元大99購01,0,0,0,0,0,0,0,0,0,177000,0,0,0,187000,10000,177000,177000
064308,國巨群益9C購09  ,0,0,0,0,0,0,0,0,0,177000,0,0,0,177000,0,177000,177000
08210P,健策元富9B售02  ,0,0,0,0,0,0,0,0,0,176000,0,0,0,176000,0,176000,176000
064200,華通兆豐01購01  ,0,0,0,0,0,0,0,0,0,176000,0,0,0,255000,79000,176000,176000
062932,滬深2X凱基01購01,0,0,0,0,0,0,0,0,0,176000,0,0,0,236000,60000,176000,176000
060157,致茂永豐9A購02  ,0,0,0,0,0,0,0,0,0,176000,0,0,0,281000,105000,176000,176000
064804,英業達元大9C購01,0,0,0,0,0,0,0,0,0,176000,0,0,0,461000,285000,176000,176000
062498,華通群益9C購04  ,0,0,0,0,0,0,0,0,0,175000,0,0,0,203000,28000,175000,175000
063677,台光電國泰9C購02,0,0,0,0,0,0,0,0,0,175000,0,0,0,217000,42000,175000,175000
065817,聯發科元富03購08,0,0,0,0,0,0,0,0,0,175000,0,0,0,400000,225000,175000,175000
2405,浩鑫            ,188000,13000,175000,0,0,0,0,0,0,0,0,0,0,0,0,0,175000
064298,台灣50兆豐01購02,0,0,0,0,0,0,0,0,0,174000,0,0,0,217000,43000,174000,174000
067258,盛群國票01購01  ,0,0,0,0,0,0,0,0,0,174000,0,0,0,303000,129000,174000,174000
045842,T50反1台新98購01,0,0,0,0,0,0,0,0,0,174000,0,0,0,174000,0,174000,174000
066323,精元永豐01購01  ,0,0,0,0,0,0,0,0,0,174000,0,0,0,176000,2000,174000,174000
065149,遠東新群益9C購01,0,110000,-110000,0,0,0,0,0,0,284000,0,0,0,380000,96000,284000,174000
064056,GIS統一01購02   ,0,0,0,0,0,0,0,0,0,173000,0,0,0,437000,264000,173000,173000
00662,富邦NASDAQ      ,0,0,0,0,0,0,0,0,0,173000,0,0,0,295000,122000,173000,173000
061498,大立光國票9A購10,0,0,0,0,0,0,0,0,0,173000,0,0,0,196000,23000,173000,173000
065337,華通統一01購03  ,0,0,0,0,0,0,0,0,0,173000,0,0,0,400000,227000,173000,173000
064812,旭富元大9C購04  ,0,0,0,0,0,0,0,0,0,173000,0,0,0,173000,0,173000,173000
064617,台光電元大01購01,0,0,0,0,0,0,0,0,0,173000,0,0,0,501000,328000,173000,173000
065556,旭富凱基9C購02  ,0,0,0,0,0,0,0,0,0,173000,0,0,0,173000,0,173000,173000
065541,GIS統一01購05   ,0,0,0,0,0,0,0,0,0,173000,0,0,0,467000,294000,173000,173000
6271,同欣電          ,1205000,1311000,-106000,0,0,0,52000,28000,24000,255000,53000,3000,50000,246000,41000,205000,173000
056269,新日興統一98購01,0,0,0,0,0,0,0,0,0,172000,0,0,0,172000,0,172000,172000
056650,彩晶凱基9A購01  ,0,0,0,0,0,0,0,0,0,172000,0,0,0,200000,28000,172000,172000
061724,訊芯永豐9A購01  ,0,0,0,0,0,0,0,0,0,172000,0,0,0,205000,33000,172000,172000
064305,健鼎兆豐9C購02  ,0,0,0,0,0,0,0,0,0,172000,0,0,0,208000,36000,172000,172000
2539,櫻花建          ,209000,41000,168000,0,0,0,0,0,0,4000,4000,0,4000,0,0,0,172000
3030,德律            ,205000,36000,169000,0,0,0,0,0,0,3000,1000,1000,0,3000,0,3000,172000
060106,旭富元大99購02  ,0,0,0,0,0,0,0,0,0,171000,0,0,0,239000,68000,171000,171000
062982,同欣電元富9B購01,0,0,0,0,0,0,0,0,0,171000,0,0,0,321000,150000,171000,171000
066300,潤泰新元大01購02,0,0,0,0,0,0,0,0,0,171000,0,0,0,344000,173000,171000,171000
063860,旺宏國泰02購01  ,0,0,0,0,0,0,0,0,0,170000,0,0,0,247000,77000,170000,170000
057023,美律凱基99購02  ,0,0,0,0,0,0,0,0,0,170000,0,0,0,170000,0,170000,170000
063482,緯穎元大9B購09  ,0,0,0,0,0,0,0,0,0,170000,0,0,0,170000,0,170000,170000
060916,金像電國泰9C購01,0,0,0,0,0,0,0,0,0,170000,0,0,0,170000,0,170000,170000
065937,大毅群益02購01  ,0,0,0,0,0,0,0,0,0,170000,0,0,0,170000,0,170000,170000
065074,亞德客元大9C購03,0,0,0,0,0,0,0,0,0,170000,0,0,0,180000,10000,170000,170000
08771P,滬深2X凱基01售02,0,0,0,0,0,0,0,0,0,170000,0,0,0,360000,190000,170000,170000
08550P,台灣50群益02售04,0,0,0,0,0,0,0,0,0,170000,0,0,0,200000,30000,170000,170000
064491,金像電元大9C購03,0,0,0,0,0,0,0,0,0,169000,0,0,0,177000,8000,169000,169000
065530,亞德客統一9C購02,0,0,0,0,0,0,0,0,0,169000,0,0,0,220000,51000,169000,169000
4306,炎洲            ,262000,89000,173000,0,0,0,0,0,0,-4000,0,4000,-4000,0,0,0,169000
065068,臺股指群益9C購16,0,0,0,0,0,0,0,0,0,168000,0,0,0,168000,0,168000,168000
055022,精元國泰99購01  ,0,0,0,0,0,0,0,0,0,168000,0,0,0,207000,39000,168000,168000
061044,世紀鋼永豐9A購02,0,0,0,0,0,0,0,0,0,168000,0,0,0,168000,0,168000,168000
061447,鴻海中信04購02  ,0,0,0,0,0,0,0,0,0,168000,0,0,0,180000,12000,168000,168000
9921,巨大            ,564000,376220,187780,0,0,0,0,41000,-41000,21000,19000,4000,15000,13000,7000,6000,167780
056464,臺股指凱基99購06,0,0,0,0,0,0,0,0,0,167000,0,0,0,172000,5000,167000,167000
054808,東元元大9A購01  ,0,0,0,0,0,0,0,0,0,167000,0,0,0,284000,117000,167000,167000
061717,力成凱基9B購01  ,0,0,0,0,0,0,0,0,0,167000,0,0,0,167000,0,167000,167000
060718,中磊永豐9A購01  ,0,0,0,0,0,0,0,0,0,167000,0,0,0,177000,10000,167000,167000
063338,國巨統一9C購11  ,0,0,0,0,0,0,0,0,0,167000,0,0,0,195000,28000,167000,167000
064463,聯茂統一01購02  ,0,0,0,0,0,0,0,0,0,167000,0,0,0,296000,129000,167000,167000
064547,宏達電凱基9C購01,0,0,0,0,0,0,0,0,0,167000,0,0,0,173000,6000,167000,167000
064839,旭富統一9C購01  ,0,0,0,0,0,0,0,0,0,167000,0,0,0,167000,0,167000,167000
6558,興能高          ,197000,30000,167000,0,0,0,0,0,0,0,0,0,0,0,0,0,167000
064600,技嘉元富9C購01  ,0,0,0,0,0,0,0,0,0,166000,0,0,0,166000,0,166000,166000
6541,泰福-KY         ,238000,69000,169000,0,0,0,0,0,0,-3000,0,3000,-3000,0,0,0,166000
067121,台虹群益01購01  ,0,0,0,0,0,0,0,0,0,165000,0,0,0,333000,168000,165000,165000
058809,國巨統一9B購03  ,0,0,0,0,0,0,0,0,0,165000,0,0,0,165000,0,165000,165000
065365,國巨元大9C購19  ,0,0,0,0,0,0,0,0,0,165000,0,0,0,352000,187000,165000,165000
063452,創意統一01購01  ,0,0,0,0,0,0,0,0,0,164000,0,0,0,199000,35000,164000,164000
065326,華擎凱基02購01  ,0,0,0,0,0,0,0,0,0,164000,0,0,0,261000,97000,164000,164000
064414,臺股指凱基9C購10,0,0,0,0,0,0,0,0,0,164000,0,0,0,456000,292000,164000,164000
06851P,鈺齊元大98售01  ,0,0,0,0,0,0,0,0,0,163000,0,0,0,263000,100000,163000,163000
056448,全新凱基99購01  ,0,0,0,0,0,0,0,0,0,163000,0,0,0,163000,0,163000,163000
060636,大毅永豐9A購02  ,0,0,0,0,0,0,0,0,0,163000,0,0,0,163000,0,163000,163000
065927,智原國票02購01  ,0,0,0,0,0,0,0,0,0,163000,0,0,0,267000,104000,163000,163000
066555,聯詠元大01購01  ,0,0,0,0,0,0,0,0,0,163000,0,0,0,232000,69000,163000,163000
067273,台積電統一02購05,0,0,0,0,0,0,0,0,0,162000,0,0,0,232000,70000,162000,162000
07966P,瑞祺群益9B售02  ,0,0,0,0,0,0,0,0,0,162000,0,0,0,262000,100000,162000,162000
055176,大毅統一98購02  ,0,0,0,0,0,0,0,0,0,162000,0,0,0,162000,0,162000,162000
061508,南六國泰9C購02  ,0,0,0,0,0,0,0,0,0,162000,0,0,0,222000,60000,162000,162000
065726,京元電凱基9C購02,0,0,0,0,0,0,0,0,0,162000,0,0,0,234000,72000,162000,162000
065651,中磊元大9C購01  ,0,0,0,0,0,0,0,0,0,162000,0,0,0,404000,242000,162000,162000
064864,金像電永豐01購01,0,0,0,0,0,0,0,0,0,162000,0,0,0,220000,58000,162000,162000
5269,祥碩            ,401300,302101,99199,0,0,0,16000,8000,8000,54000,49000,1000,48000,7000,1000,6000,161199
058899,旺宏元大99購10  ,0,0,0,0,0,0,0,0,0,161000,0,0,0,212000,51000,161000,161000
061165,美律兆豐9A購01  ,0,0,0,0,0,0,0,0,0,161000,0,0,0,196000,35000,161000,161000
061173,T50反1凱基04購01,0,0,0,0,0,0,0,0,0,161000,0,0,0,501000,340000,161000,161000
064973,智邦元大9C購06  ,0,0,0,0,0,0,0,0,0,161000,0,0,0,237000,76000,161000,161000
064477,南六國泰02購01  ,0,0,0,0,0,0,0,0,0,161000,0,0,0,345000,184000,161000,161000
065614,緯穎元大01購02  ,0,0,0,0,0,0,0,0,0,161000,0,0,0,166000,5000,161000,161000
08127P,聯發科元大9B售21,0,0,0,0,0,0,0,0,0,160000,0,0,0,205000,45000,160000,160000
06959P,鴻海凱基9A售02  ,0,0,0,0,0,0,0,0,0,160000,0,0,0,160000,0,160000,160000
056710,漢唐永豐98購01  ,0,0,0,0,0,0,0,0,0,160000,0,0,0,238000,78000,160000,160000
054871,明泰群益98購01  ,0,0,0,0,0,0,0,0,0,160000,0,0,0,160000,0,160000,160000
056968,揚明光永豐98購02,0,0,0,0,0,0,0,0,0,160000,0,0,0,160000,0,160000,160000
061769,晶技元大9B購03  ,0,0,0,0,0,0,0,0,0,160000,0,0,0,163000,3000,160000,160000
063395,金像電群益9B購02,0,0,0,0,0,0,0,0,0,160000,0,0,0,160000,0,160000,160000
066448,眾達群益01購01  ,0,0,0,0,0,0,0,0,0,160000,0,0,0,179000,19000,160000,160000
066621,川湖凱基01購01  ,0,0,0,0,0,0,0,0,0,160000,0,0,0,189000,29000,160000,160000
065229,友達凱基02購03  ,0,0,0,0,0,0,0,0,0,160000,0,0,0,230000,70000,160000,160000
08520P,和大元大9C售04  ,0,0,0,0,0,0,0,0,0,160000,0,0,0,160000,0,160000,160000
08181P,華新科國泰9C售02,0,0,0,0,0,0,0,0,0,159000,0,0,0,160000,1000,159000,159000
062563,緯穎凱基9B購03  ,0,0,0,0,0,0,0,0,0,159000,0,0,0,159000,0,159000,159000
061428,南六元大9A購01  ,0,0,0,0,0,0,0,0,0,159000,0,0,0,229000,70000,159000,159000
063000,緯穎國票9B購03  ,0,0,0,0,0,0,0,0,0,159000,0,0,0,159000,0,159000,159000
2007,燁興            ,159000,0,159000,0,0,0,0,0,0,0,0,0,0,0,0,0,159000
07365P,超眾元大99售07  ,0,0,0,0,0,0,0,0,0,158000,0,0,0,158000,0,158000,158000
064382,台積電國泰01購01,0,0,0,0,0,0,0,0,0,158000,0,0,0,158000,0,158000,158000
066087,大毅永豐01購02  ,0,0,0,0,0,0,0,0,0,158000,0,0,0,158000,0,158000,158000
2538,基泰            ,189000,31000,158000,0,0,0,0,0,0,0,0,0,0,0,0,0,158000
08792P,聯發科中信02售02,0,0,0,0,0,0,0,0,0,158000,0,0,0,168000,10000,158000,158000
9938,百和            ,396000,122000,274000,0,0,0,82000,278000,-196000,80000,72000,7000,65000,30000,15000,15000,158000
067327,聯詠康和01購01  ,0,0,0,0,0,0,0,0,0,157000,0,0,0,327000,170000,157000,157000
057592,美律兆豐99購01  ,0,0,0,0,0,0,0,0,0,157000,0,0,0,217000,60000,157000,157000
061237,晶技元大9A購01  ,0,0,0,0,0,0,0,0,0,157000,0,0,0,178000,21000,157000,157000
065646,健鼎元大9C購04  ,0,0,0,0,0,0,0,0,0,157000,0,0,0,229000,72000,157000,157000
063273,緯穎兆豐9C購01  ,0,0,0,0,0,0,0,0,0,156000,0,0,0,161000,5000,156000,156000
065731,群創凱基03購02  ,0,0,0,0,0,0,0,0,0,156000,0,0,0,156000,0,156000,156000
066420,宏達電元大02購01,0,0,0,0,0,0,0,0,0,156000,0,0,0,386000,230000,156000,156000
07953P,健策元大9B售07  ,0,0,0,0,0,0,0,0,0,155000,0,0,0,155000,0,155000,155000
057582,亞光中信9A購02  ,0,0,0,0,0,0,0,0,0,155000,0,0,0,180000,25000,155000,155000
061462,國巨群益9A購11  ,0,0,0,0,0,0,0,0,0,155000,0,0,0,155000,0,155000,155000
066012,友訊元富01購01  ,0,0,0,0,0,0,0,0,0,155000,0,0,0,188000,33000,155000,155000
08871P,大立光群益01售08,0,0,0,0,0,0,0,0,0,155000,0,0,0,155000,0,155000,155000
3022,威強電          ,172000,17000,155000,0,0,0,0,0,0,0,0,0,0,0,0,0,155000
07838P,泰碩元大9A售04  ,0,0,0,0,0,0,0,0,0,154000,0,0,0,431000,277000,154000,154000
066494,旺宏國泰03購01  ,0,0,0,0,0,0,0,0,0,154000,0,0,0,312000,158000,154000,154000
064831,宏達電統一02購01,0,0,0,0,0,0,0,0,0,154000,0,0,0,172000,18000,154000,154000
08526P,義隆元大9C售04  ,0,0,0,0,0,0,0,0,0,154000,0,0,0,252000,98000,154000,154000
3008,大立光          ,292025,137377,154648,0,0,0,0,14000,-14000,13000,3000,1000,2000,13000,2000,11000,153648
07722P,玉晶光凱基9A售10,0,0,0,0,0,0,0,0,0,153000,0,0,0,153000,0,153000,153000
063564,台積電元大9B購07,0,0,0,0,0,0,0,0,0,153000,0,0,0,163000,10000,153000,153000
066838,致新群益02購02  ,0,0,0,0,0,0,0,0,0,153000,0,0,0,156000,3000,153000,153000
062621,緯穎元大9B購05  ,0,0,0,0,0,0,0,0,0,153000,0,0,0,178000,25000,153000,153000
063145,台表科統一02購01,0,0,0,0,0,0,0,0,0,153000,0,0,0,210000,57000,153000,153000
064930,南六統一02購02  ,0,0,0,0,0,0,0,0,0,153000,0,0,0,158000,5000,153000,153000
066226,惠特國泰03購01  ,0,0,0,0,0,0,0,0,0,153000,0,0,0,243000,90000,153000,153000
058012,鈺齊國票99購01  ,0,0,0,0,0,0,0,0,0,152000,0,0,0,152000,0,152000,152000
063191,台表科凱基9B購03,0,0,0,0,0,0,0,0,0,152000,0,0,0,232000,80000,152000,152000
066284,松翰元大01購01  ,0,0,0,0,0,0,0,0,0,152000,0,0,0,223000,71000,152000,152000
4968,立積            ,773000,807000,-34000,0,0,0,0,0,0,186000,57000,1000,56000,163000,33000,130000,152000
1442,名軒            ,160000,21000,139000,0,0,0,0,0,0,13000,13000,0,13000,0,0,0,152000
9902,台火            ,187000,35000,152000,0,0,0,0,0,0,0,0,0,0,0,0,0,152000
066773,美律富邦03購01  ,0,0,0,0,0,0,0,0,0,151000,0,0,0,151000,0,151000,151000
066994,聯發科國泰03購02,0,0,0,0,0,0,0,0,0,151000,0,0,0,269000,118000,151000,151000
058210,臺股指凱基9C購04,0,0,0,0,0,0,0,0,0,151000,0,0,0,157000,6000,151000,151000
062653,正隆永豐9B購01  ,0,0,0,0,0,0,0,0,0,151000,0,0,0,272000,121000,151000,151000
054640,健策中信9B購01  ,0,0,0,0,0,0,0,0,0,151000,0,0,0,167000,16000,151000,151000
059661,大立光元大99購22,0,0,0,0,0,0,0,0,0,151000,0,0,0,170000,19000,151000,151000
061388,台積電群益9A購05,0,0,0,0,0,0,0,0,0,151000,0,0,0,155000,4000,151000,151000
062031,臻鼎群益9B購01  ,0,0,0,0,0,0,0,0,0,151000,0,0,0,204000,53000,151000,151000
066106,台郡國票02購01  ,0,0,0,0,0,0,0,0,0,151000,0,0,0,190000,39000,151000,151000
06914P,南茂元大98售03  ,0,0,0,0,0,0,0,0,0,150000,0,0,0,150000,0,150000,150000
063818,矽創群益9C購01  ,0,0,0,0,0,0,0,0,0,150000,0,0,0,187000,37000,150000,150000
063901,緯穎群益9C購01  ,0,0,0,0,0,0,0,0,0,150000,0,0,0,182000,32000,150000,150000
064000,台郡兆豐9C購01  ,0,0,0,0,0,0,0,0,0,150000,0,0,0,150000,0,150000,150000
052836,旺宏國泰98購01  ,0,0,0,0,0,0,0,0,0,150000,0,0,0,150000,0,150000,150000
054069,亞光國泰98購01  ,0,0,0,0,0,0,0,0,0,150000,0,0,0,150000,0,150000,150000
055621,國巨國泰98購03  ,0,0,0,0,0,0,0,0,0,150000,0,0,0,150000,0,150000,150000
055819,晶相光國票98購01,0,0,0,0,0,0,0,0,0,150000,0,0,0,150000,0,150000,150000
059127,國巨中信99購04  ,0,0,0,0,0,0,0,0,0,150000,0,0,0,150000,0,150000,150000
058900,旺宏元大99購11  ,0,0,0,0,0,0,0,0,0,150000,0,0,0,150000,0,150000,150000
057674,台郡元大99購03  ,0,0,0,0,0,0,0,0,0,150000,0,0,0,150000,0,150000,150000
061868,旺宏元大9B購03  ,0,0,0,0,0,0,0,0,0,150000,0,0,0,160000,10000,150000,150000
061631,SP黃豆元大9A購05,0,0,0,0,0,0,0,0,0,150000,0,0,0,150000,0,150000,150000
08427P,義隆國票9C售01  ,0,0,0,0,0,0,0,0,0,150000,0,0,0,170000,20000,150000,150000
08596P,聯發科國泰02售02,0,0,0,0,0,0,0,0,0,150000,0,0,0,165000,15000,150000,150000
067286,新日興國票02購02,0,0,0,0,0,0,0,0,0,149000,0,0,0,149000,0,149000,149000
067362,眾達群益01購02  ,0,0,0,0,0,0,0,0,0,149000,0,0,0,149000,0,149000,149000
065757,新日興元大9C購06,0,0,0,0,0,0,0,0,0,149000,0,0,0,169000,20000,149000,149000
064861,緯創富邦9C購01  ,0,0,0,0,0,0,0,0,0,149000,0,0,0,170000,21000,149000,149000
2506,太設            ,151000,5000,146000,0,0,0,0,0,0,3000,3000,0,3000,0,0,0,149000
062401,信邦永豐9B購01  ,0,0,0,0,0,0,0,0,0,148000,0,0,0,182000,34000,148000,148000
06326P,鴻海中信01售01  ,0,0,0,0,0,0,0,0,0,148000,0,0,0,227000,79000,148000,148000
065014,南電國泰01購01  ,0,0,0,0,0,0,0,0,0,148000,0,0,0,175000,27000,148000,148000
065150,上銀群益9C購03  ,0,0,0,0,0,0,0,0,0,148000,0,0,0,148000,0,148000,148000
065165,上銀元大9C購09  ,0,0,0,0,0,0,0,0,0,148000,0,0,0,207000,59000,148000,148000
065295,旭富群益9C購02  ,0,0,0,0,0,0,0,0,0,148000,0,0,0,198000,50000,148000,148000
08027P,嘉晶元大9B售03  ,0,0,0,0,0,0,0,0,0,147000,0,0,0,150000,3000,147000,147000
057717,友訊元富98購02  ,0,0,0,0,0,0,0,0,0,147000,0,0,0,157000,10000,147000,147000
053401,臺股指中信99購01,0,0,0,0,0,0,0,0,0,147000,0,0,0,147000,0,147000,147000
1614,三洋電          ,148000,1000,147000,0,0,0,0,0,0,0,0,0,0,0,0,0,147000
3023,信邦            ,210000,84575,125425,0,0,0,36000,12000,24000,-3000,1000,0,1000,5000,9000,-4000,146425
063119,華通元大9B購07  ,0,0,0,0,0,0,0,0,0,146000,0,0,0,177000,31000,146000,146000
058807,和大統一9B購01  ,0,0,0,0,0,0,0,0,0,146000,0,0,0,543000,397000,146000,146000
065381,緯穎元大9C購03  ,0,0,0,0,0,0,0,0,0,146000,0,0,0,146000,0,146000,146000
08671P,友訊國票01售01  ,0,0,0,0,0,0,0,0,0,146000,0,0,0,146000,0,146000,146000
056109,彩晶永豐98購01  ,0,0,0,0,0,0,0,0,0,145000,0,0,0,145000,0,145000,145000
058314,欣興富邦9B購01  ,0,0,0,0,0,0,0,0,0,145000,0,0,0,149000,4000,145000,145000
059539,緯穎凱基99購03  ,0,0,0,0,0,0,0,0,0,145000,0,0,0,145000,0,145000,145000
061610,力成統一9C購01  ,0,0,0,0,0,0,0,0,0,145000,0,0,0,300000,155000,145000,145000
064626,聯茂元大9C購01  ,0,0,0,0,0,0,0,0,0,145000,0,0,0,283000,138000,145000,145000
06655P,TPK元大98售02   ,0,0,0,0,0,0,0,0,0,145000,0,0,0,145000,0,145000,145000
8996,高力            ,564000,429000,135000,0,0,0,0,0,0,10000,10000,0,10000,0,0,0,145000
058267,奇鋐永豐99購01  ,0,0,0,0,0,0,0,0,0,144000,0,0,0,358000,214000,144000,144000
064029,宏達電元大9C購01,0,0,0,0,0,0,0,0,0,143000,0,0,0,143000,0,143000,143000
058327,大毅統一9B購01  ,0,0,0,0,0,0,0,0,0,143000,0,0,0,205000,62000,143000,143000
061944,聯電群益9B購01  ,0,0,0,0,0,0,0,0,0,143000,0,0,0,628000,485000,143000,143000
062319,南六凱基9B購02  ,0,0,0,0,0,0,0,0,0,143000,0,0,0,162000,19000,143000,143000
062047,緯穎凱基9B購01  ,0,0,0,0,0,0,0,0,0,143000,0,0,0,248000,105000,143000,143000
064667,大立光元大02購01,0,0,0,0,0,0,0,0,0,143000,0,0,0,203000,60000,143000,143000
065012,燿華國泰02購01  ,0,0,0,0,0,0,0,0,0,143000,0,0,0,576000,433000,143000,143000
2009,第一銅          ,143000,0,143000,0,0,0,0,0,0,0,0,0,0,0,0,0,143000
061820,康控群益9B購02  ,0,0,0,0,0,0,0,0,0,142000,0,0,0,172000,30000,142000,142000
060955,大立光群益9A購02,0,0,0,0,0,0,0,0,0,142000,0,0,0,145000,3000,142000,142000
066099,大立光中信05購01,0,0,0,0,0,0,0,0,0,142000,0,0,0,142000,0,142000,142000
07170P,臺股指國票99售07,0,0,0,0,0,0,0,0,0,141000,0,0,0,141000,0,141000,141000
067170,台積電麥證01購08,0,0,0,258000,117000,141000,0,0,0,141000,0,0,0,258000,117000,141000,141000
058881,全新永豐99購01  ,0,0,0,0,0,0,0,0,0,141000,0,0,0,141000,0,141000,141000
08632P,聯發科元大9C售19,0,0,0,0,0,0,0,0,0,141000,0,0,0,143000,2000,141000,141000
08472P,和碩凱基9C售02  ,0,0,0,0,0,0,0,0,0,141000,0,0,0,233000,92000,141000,141000
08803P,鴻海元富07售08  ,0,0,0,0,0,0,0,0,0,141000,0,0,0,158000,17000,141000,141000
067486,新日興元大01購03,0,0,0,0,0,0,0,0,0,140000,0,0,0,210000,70000,140000,140000
06759P,台積電元大98售17,0,0,0,0,0,0,0,0,0,140000,0,0,0,140000,0,140000,140000
07300P,臺股指元大9A售33,0,0,0,0,0,0,0,0,0,140000,0,0,0,190000,50000,140000,140000
07509P,牧德國票9A售03  ,0,0,0,0,0,0,0,0,0,140000,0,0,0,150000,10000,140000,140000
057911,國巨日盛98購01  ,0,0,0,0,0,0,0,0,0,140000,0,0,0,140000,0,140000,140000
058399,美律元大99購05  ,0,0,0,0,0,0,0,0,0,140000,0,0,0,140000,0,140000,140000
047505,元金2X國票9B購01,0,0,0,0,0,0,0,0,0,140000,0,0,0,140000,0,140000,140000
059996,美律元富99購01  ,0,0,0,0,0,0,0,0,0,140000,0,0,0,162000,22000,140000,140000
065235,旭富凱基02購01  ,0,0,0,0,0,0,0,0,0,140000,0,0,0,140000,0,140000,140000
064830,可成統一9C購04  ,0,0,0,0,0,0,0,0,0,140000,0,0,0,182000,42000,140000,140000
08884P,義隆國票02售01  ,0,0,0,0,0,0,0,0,0,140000,0,0,0,141000,1000,140000,140000
3533,嘉澤            ,434000,280000,154000,0,0,0,0,43000,-43000,29000,44000,32000,12000,19000,2000,17000,140000
063618,智邦兆豐9C購01  ,0,0,0,0,0,0,0,0,0,139000,0,0,0,157000,18000,139000,139000
062324,上銀統一9B購04  ,0,0,0,0,0,0,0,0,0,139000,0,0,0,139000,0,139000,139000
063248,創意元大9C購01  ,0,0,0,0,0,0,0,0,0,139000,0,0,0,211000,72000,139000,139000
065765,GIS元大9C購09   ,0,0,0,0,0,0,0,0,0,139000,0,0,0,308000,169000,139000,139000
065543,緯穎元富01購01  ,0,0,0,0,0,0,0,0,0,139000,0,0,0,228000,89000,139000,139000
08392P,上銀群益9C售01  ,0,0,0,0,0,0,0,0,0,139000,0,0,0,151000,12000,139000,139000
060906,旺宏元大9A購07  ,0,0,0,0,0,0,0,0,0,138000,0,0,0,138000,0,138000,138000
062289,緯穎群益9B購01  ,0,0,0,0,0,0,0,0,0,138000,0,0,0,158000,20000,138000,138000
061939,中租國票9B購01  ,0,0,0,0,0,0,0,0,0,138000,0,0,0,200000,62000,138000,138000
066056,聯鈞元大01購02  ,0,0,0,0,0,0,0,0,0,138000,0,0,0,168000,30000,138000,138000
066133,京元電群益01購01,0,0,0,0,0,0,0,0,0,138000,0,0,0,148000,10000,138000,138000
064508,力成元大9C購03  ,0,0,0,0,0,0,0,0,0,138000,0,0,0,148000,10000,138000,138000
1449,佳和            ,182000,39000,143000,0,0,0,0,0,0,-5000,0,5000,-5000,0,0,0,138000
07895P,美律元大9B售01  ,0,0,0,0,0,0,0,0,0,137000,0,0,0,149000,12000,137000,137000
08297P,寶成元大9C售01  ,0,0,0,0,0,0,0,0,0,137000,0,0,0,163000,26000,137000,137000
067246,鎧勝群益01購02  ,0,0,0,0,0,0,0,0,0,137000,0,0,0,137000,0,137000,137000
058405,訊連元大99購02  ,0,0,0,0,0,0,0,0,0,137000,0,0,0,237000,100000,137000,137000
059064,緯穎凱基99購02  ,0,0,0,0,0,0,0,0,0,137000,0,0,0,137000,0,137000,137000
06437P,玉晶光國票99售01,0,0,0,0,0,0,0,0,0,137000,0,0,0,163000,26000,137000,137000
064850,智原元富9C購01  ,0,0,0,0,0,0,0,0,0,137000,0,0,0,296000,159000,137000,137000
08643P,和碩群益9C售02  ,0,0,0,0,0,0,0,0,0,137000,0,0,0,227000,90000,137000,137000
067328,鎧勝康和01購02  ,0,0,0,0,0,0,0,0,0,136000,0,0,0,149000,13000,136000,136000
058072,大立光凱基98購20,0,0,0,0,0,0,0,0,0,136000,0,0,0,136000,0,136000,136000
054774,同欣電國票98購01,0,0,0,0,0,0,0,0,0,136000,0,0,0,136000,0,136000,136000
061723,嘉聯益永豐9A購03,0,0,0,0,0,0,0,0,0,136000,0,0,0,136000,0,136000,136000
066653,矽格康和01購01  ,0,0,0,0,0,0,0,0,0,136000,0,0,0,136000,0,136000,136000
066013,友訊元富01購02  ,0,0,0,0,0,0,0,0,0,136000,0,0,0,156000,20000,136000,136000
4766,南寶            ,143000,7000,136000,0,0,0,0,0,0,0,0,0,0,0,0,0,136000
059125,台積電第一03購02,0,0,0,0,0,0,0,0,0,135000,0,0,0,190000,55000,135000,135000
061439,寶成凱基9A購01  ,0,0,0,0,0,0,0,0,0,135000,0,0,0,135000,0,135000,135000
061651,世紀鋼元大9C購02,0,0,0,0,0,0,0,0,0,135000,0,0,0,135000,0,135000,135000
063454,瑞儀統一9B購01  ,0,0,0,0,0,0,0,0,0,135000,0,0,0,170000,35000,135000,135000
064423,義隆兆豐9C購02  ,0,0,0,0,0,0,0,0,0,135000,0,0,0,151000,16000,135000,135000
5203,訊連            ,263000,165000,98000,0,0,0,0,0,0,37000,25000,0,25000,27000,15000,12000,135000
08426P,奇力新國票01售01,0,0,0,0,0,0,0,0,0,135000,0,0,0,135000,0,135000,135000
1541,錩泰            ,169000,31000,138000,0,0,0,0,0,0,-3000,0,3000,-3000,0,0,0,135000
061913,宏碁中信9B購01  ,0,0,0,0,0,0,0,0,0,134000,0,0,0,142000,8000,134000,134000
1307,三芳            ,194000,55000,139000,0,0,0,0,0,0,-5000,0,5000,-5000,0,0,0,134000
5608,四維航          ,257000,119000,138000,0,0,0,0,0,0,-4000,0,4000,-4000,0,0,0,134000
2542,興富發          ,887831,672000,215831,0,0,0,0,4000,-4000,-78000,2000,85000,-83000,5000,0,5000,133831
08331P,義隆元富9C售02  ,0,0,0,0,0,0,0,0,0,133000,0,0,0,200000,67000,133000,133000
08172P,台積電凱基03售02,0,0,0,0,0,0,0,0,0,133000,0,0,0,196000,63000,133000,133000
061427,旭富元大9A購02  ,0,0,0,0,0,0,0,0,0,133000,0,0,0,293000,160000,133000,133000
065024,華擎永豐9C購01  ,0,0,0,0,0,0,0,0,0,133000,0,0,0,133000,0,133000,133000
066600,瀚宇博國泰03購01,0,0,0,0,0,0,0,0,0,133000,0,0,0,178000,45000,133000,133000
2461,光群雷          ,170000,38000,132000,0,0,0,0,0,0,1000,1000,0,1000,0,0,0,133000
4133,亞諾法          ,516000,67277,448723,0,0,0,0,0,0,-316000,0,0,0,55000,371000,-316000,132723
08097P,嘉澤永豐9B售03  ,0,0,0,0,0,0,0,0,0,132000,0,0,0,142000,10000,132000,132000
066755,永光永豐01購02  ,0,0,0,0,0,0,0,0,0,132000,0,0,0,132000,0,132000,132000
062904,台光電元大9B購06,0,0,0,0,0,0,0,0,0,132000,0,0,0,255000,123000,132000,132000
054559,台光電群益99購01,0,0,0,0,0,0,0,0,0,132000,0,0,0,233000,101000,132000,132000
066611,台積電麥證01購03,0,0,0,281000,149000,132000,0,0,0,132000,0,0,0,281000,149000,132000,132000
065111,瀚宇博國票01購01,40000,0,40000,0,0,0,0,0,0,92000,0,0,0,292000,200000,92000,132000
08156P,大立光元富9B售05,0,0,0,0,0,0,0,0,0,131000,0,0,0,155000,24000,131000,131000
063656,台光電元富03購01,0,0,0,0,0,0,0,0,0,131000,0,0,0,380000,249000,131000,131000
2030,彰源            ,131000,0,131000,0,0,0,0,0,0,0,0,0,0,0,0,0,131000
067290,金像電兆豐03購01,0,0,0,0,0,0,0,0,0,130000,0,0,0,170000,40000,130000,130000
062678,華通統一9C購04  ,0,0,0,0,0,0,0,0,0,130000,0,0,0,256000,126000,130000,130000
058540,嘉聯益國泰9A購02,0,0,0,0,0,0,0,0,0,130000,0,0,0,130000,0,130000,130000
060107,旭富元大99購03  ,0,0,0,0,0,0,0,0,0,130000,0,0,0,130000,0,130000,130000
063051,仁寶統一01購01  ,0,0,0,0,0,0,0,0,0,130000,0,0,0,339000,209000,130000,130000
063717,宏達電兆豐9B購02,0,0,0,0,0,0,0,0,0,130000,0,0,0,130000,0,130000,130000
066308,中化永豐01購01  ,0,0,0,0,0,0,0,0,0,130000,0,0,0,130000,0,130000,130000
057981,臻鼎永豐98購01  ,0,0,0,0,0,0,0,0,0,129000,0,0,0,160000,31000,129000,129000
058984,全新凱基9A購03  ,0,0,0,0,0,0,0,0,0,129000,0,0,0,129000,0,129000,129000
063353,上銀元富9B購03  ,0,0,0,0,0,0,0,0,0,129000,0,0,0,157000,28000,129000,129000
060933,南電永豐9A購02  ,0,0,0,0,0,0,0,0,0,129000,0,0,0,139000,10000,129000,129000
061000,旺宏兆豐9A購02  ,0,0,0,0,0,0,0,0,0,129000,0,0,0,134000,5000,129000,129000
066177,上緯控凱基01購01,0,0,0,0,0,0,0,0,0,129000,0,0,0,152000,23000,129000,129000
066017,南六元富03購01  ,0,0,0,0,0,0,0,0,0,129000,0,0,0,231000,102000,129000,129000
064936,世紀鋼統一9C購02,0,0,0,0,0,0,0,0,0,129000,0,0,0,129000,0,129000,129000
2453,凌群            ,228000,95000,133000,0,0,0,0,0,0,-4000,0,4000,-4000,0,0,0,129000
061552,南六群益9A購02  ,0,0,0,0,0,0,0,0,0,128000,0,0,0,148000,20000,128000,128000
060249,正文元大9C購01  ,0,0,0,0,0,0,0,0,0,128000,0,0,0,232000,104000,128000,128000
064583,光寶科永豐9C購01,0,0,0,0,0,0,0,0,0,128000,0,0,0,132000,4000,128000,128000
063649,南六元大9C購02  ,0,0,0,0,0,0,0,0,0,127000,0,0,0,324000,197000,127000,127000
057964,緯穎元大99購03  ,0,0,0,0,0,0,0,0,0,127000,0,0,0,255000,128000,127000,127000
07922P,大立光群益9B售05,0,0,0,0,0,0,0,0,0,126000,0,0,0,178000,52000,126000,126000
07766P,美律群益9A售03  ,0,0,0,0,0,0,0,0,0,126000,0,0,0,126000,0,126000,126000
067319,眾達元大01購02  ,0,0,0,0,0,0,0,0,0,126000,0,0,0,197000,71000,126000,126000
056775,康控元大99購01  ,0,0,0,0,0,0,0,0,0,126000,0,0,0,126000,0,126000,126000
061942,亞德客群益9B購01,0,0,0,0,0,0,0,0,0,126000,0,0,0,127000,1000,126000,126000
065220,義隆富邦01購02  ,0,0,0,0,0,0,0,0,0,126000,0,0,0,198000,72000,126000,126000
066538,信邦兆豐03購01  ,0,0,0,0,0,0,0,0,0,126000,0,0,0,126000,0,126000,126000
07057P,大立光康和9B售02,0,0,0,0,0,0,0,0,0,125000,0,0,0,181000,56000,125000,125000
06997P,台灣50中信03售01,0,0,0,0,0,0,0,0,0,125000,0,0,0,125000,0,125000,125000
08179P,華新科元大9B售13,0,0,0,0,0,0,0,0,0,125000,0,0,0,125000,0,125000,125000
064205,台灣50凱基01購14,0,0,0,0,0,0,0,0,0,125000,0,0,0,862000,737000,125000,125000
063462,金像電元大9C購01,0,0,0,0,0,0,0,0,0,125000,0,0,0,125000,0,125000,125000
06586P,鴻海元大9C售01  ,0,0,0,0,0,0,0,0,0,125000,0,0,0,125000,0,125000,125000
065048,世芯凱基01購01  ,0,0,0,0,0,0,0,0,0,125000,0,0,0,225000,100000,125000,125000
08692P,國巨兆豐01售02  ,0,0,0,0,0,0,0,0,0,125000,0,0,0,125000,0,125000,125000
00783,富邦中証500     ,61000,8000,53000,0,0,0,0,0,0,71297,0,0,0,1018297,947000,71297,124297
07145P,為升元大99售03  ,0,0,0,0,0,0,0,0,0,124000,0,0,0,124000,0,124000,124000
058443,T50正2富邦01購01,0,0,0,0,0,0,0,0,0,124000,0,0,0,300000,176000,124000,124000
062922,南六元大9B購03  ,0,0,0,0,0,0,0,0,0,124000,0,0,0,248000,124000,124000,124000
057693,臺股指凱基98購11,0,0,0,0,0,0,0,0,0,124000,0,0,0,124000,0,124000,124000
063765,上銀元富9B購09  ,0,0,0,0,0,0,0,0,0,124000,0,0,0,124000,0,124000,124000
064421,技嘉兆豐01購01  ,0,0,0,0,0,0,0,0,0,124000,0,0,0,240000,116000,124000,124000
1416,廣豐            ,165000,181000,-16000,0,0,0,0,0,0,140000,141000,1000,140000,0,0,0,124000
1737,臺鹽            ,137000,13000,124000,0,0,0,0,0,0,0,0,0,0,0,0,0,124000
4564,元翎            ,215000,90000,125000,0,0,0,0,0,0,-1000,0,0,0,0,1000,-1000,124000
9943,好樂迪          ,139000,15000,124000,0,0,0,0,0,0,0,0,0,0,0,0,0,124000
067269,眾達永豐01購02  ,0,0,0,0,0,0,0,0,0,123000,0,0,0,135000,12000,123000,123000
064342,晶技元大9C購01  ,0,0,0,0,0,0,0,0,0,123000,0,0,0,185000,62000,123000,123000
08540P,嘉晶國票01售01  ,0,0,0,0,0,0,0,0,0,123000,0,0,0,124000,1000,123000,123000
057595,健鼎兆豐98購01  ,0,0,0,0,0,0,0,0,0,122000,0,0,0,152000,30000,122000,122000
063368,遠東新永豐9B購01,0,0,0,0,0,0,0,0,0,122000,0,0,0,179000,57000,122000,122000
063803,世紀鋼凱基01購01,0,0,0,0,0,0,0,0,0,122000,0,0,0,132000,10000,122000,122000
066159,寶成康和01購01  ,0,0,0,0,0,0,0,0,0,122000,0,0,0,122000,0,122000,122000
4536,拓凱            ,156000,42000,114000,0,0,0,0,19000,-19000,27000,8000,8000,0,27000,0,27000,122000
1760,寶齡富錦        ,1332000,1210000,122000,0,0,0,0,0,0,0,0,0,0,0,0,0,122000
2359,所羅門          ,159000,39000,120000,0,0,0,0,0,0,2000,2000,0,2000,0,0,0,122000
066868,聯發科元富07購01,0,0,0,0,0,0,0,0,0,121000,0,0,0,245000,124000,121000,121000
058637,晶技兆豐99購01  ,0,0,0,0,0,0,0,0,0,121000,0,0,0,121000,0,121000,121000
059219,旺宏元大99購12  ,0,0,0,0,0,0,0,0,0,121000,0,0,0,146000,25000,121000,121000
058193,緯穎永豐99購01  ,0,0,0,0,0,0,0,0,0,121000,0,0,0,134000,13000,121000,121000
056466,臺股指凱基99購08,0,0,0,0,0,0,0,0,0,121000,0,0,0,121000,0,121000,121000
00730,富邦臺灣優質高息,4000,4000,0,0,0,0,0,0,0,121000,0,0,0,422000,301000,121000,121000
053891,欣興群益98購01  ,0,0,0,0,0,0,0,0,0,121000,0,0,0,182000,61000,121000,121000
061105,宏達電元大9A購04,0,0,0,0,0,0,0,0,0,121000,0,0,0,121000,0,121000,121000
066262,華碩元大01購02  ,0,0,0,0,0,0,0,0,0,121000,0,0,0,234000,113000,121000,121000
066057,華擎元大02購01  ,0,0,0,0,0,0,0,0,0,121000,0,0,0,209000,88000,121000,121000
066694,深中小群益03購01,0,0,0,0,0,0,0,0,0,120000,0,0,0,122000,2000,120000,120000
067617,臺股指凱基01購12,0,0,0,0,0,0,0,0,0,120000,0,0,0,200000,80000,120000,120000
064256,玉晶光國泰02購02,0,0,0,0,0,0,0,0,0,120000,0,0,0,242000,122000,120000,120000
063902,志超群益9C購01  ,0,0,0,0,0,0,0,0,0,120000,0,0,0,120000,0,120000,120000
07804P,美律永豐9A售02  ,0,0,0,0,0,0,0,0,0,120000,0,0,0,120000,0,120000,120000
07629P,臺股指凱基9A售10,0,0,0,0,0,0,0,0,0,120000,0,0,0,120000,0,120000,120000
07370P,南亞科凱基99售08,0,0,0,0,0,0,0,0,0,120000,0,0,0,120000,0,120000,120000
054318,台虹凱基98購01  ,0,0,0,0,0,0,0,0,0,120000,0,0,0,446000,326000,120000,120000
058387,國巨國票9A購03  ,0,0,0,0,0,0,0,0,0,120000,0,0,0,122000,2000,120000,120000
057181,亞光元大98購02  ,0,0,0,0,0,0,0,0,0,120000,0,0,0,200000,80000,120000,120000
061961,台積電統一01購02,0,0,0,0,0,0,0,0,0,120000,0,0,0,120000,0,120000,120000
07694P,超眾元大9A售05  ,0,0,0,0,0,0,0,0,0,119000,0,0,0,119000,0,119000,119000
063654,上銀元富9B購05  ,0,0,0,0,0,0,0,0,0,119000,0,0,0,137000,18000,119000,119000
067407,南六永豐01購03  ,0,0,0,0,0,0,0,0,0,119000,0,0,0,252000,133000,119000,119000
065852,創意元大9C購06  ,0,0,0,0,0,0,0,0,0,119000,0,0,0,119000,0,119000,119000
08555P,超眾國票01售01  ,0,0,0,0,0,0,0,0,0,119000,0,0,0,159000,40000,119000,119000
067282,金像電國票02購02,0,0,0,0,0,0,0,0,0,118000,0,0,0,128000,10000,118000,118000
07229P,T50正2群益9A售01,0,0,0,0,0,0,0,0,0,118000,0,0,0,140000,22000,118000,118000
07249P,T50正2富邦03售02,0,0,0,0,0,0,0,0,0,118000,0,0,0,168000,50000,118000,118000
07670P,茂林元大9A售02  ,0,0,0,0,0,0,0,0,0,118000,0,0,0,125000,7000,118000,118000
08304P,大立光中信02售01,0,0,0,0,0,0,0,0,0,118000,0,0,0,168000,50000,118000,118000
058750,緯穎凱基9A購03  ,0,0,0,0,0,0,0,0,0,118000,0,0,0,123000,5000,118000,118000
065581,寶成群益9C購01  ,0,0,0,0,0,0,0,0,0,118000,0,0,0,118000,0,118000,118000
066603,台達電富邦05購01,0,0,0,0,0,0,0,0,0,118000,0,0,0,275000,157000,118000,118000
065340,旺宏統一9C購04  ,0,0,0,0,0,0,0,0,0,118000,0,0,0,157000,39000,118000,118000
1806,冠軍            ,151000,34000,117000,0,0,0,0,0,0,1000,1000,0,1000,0,0,0,118000
8261,富鼎            ,179000,62000,117000,0,0,0,0,0,0,1000,1000,0,1000,0,0,0,118000
06901P,亞德客凱基98售02,0,0,0,0,0,0,0,0,0,117000,0,0,0,218000,101000,117000,117000
057447,智邦元富02購01  ,0,0,0,0,0,0,0,0,0,117000,0,0,0,177000,60000,117000,117000
062834,立積群益9B購02  ,0,0,0,0,0,0,0,0,0,117000,0,0,0,140000,23000,117000,117000
055700,緯穎國泰98購02  ,0,0,0,0,0,0,0,0,0,117000,0,0,0,117000,0,117000,117000
061998,緯穎元大9B購03  ,0,0,0,0,0,0,0,0,0,117000,0,0,0,121000,4000,117000,117000
062294,盛群永豐9B購01  ,0,0,0,0,0,0,0,0,0,117000,0,0,0,117000,0,117000,117000
061374,力山永豐9A購04  ,0,0,0,0,0,0,0,0,0,117000,0,0,0,249000,132000,117000,117000
061206,旺宏元大9A購12  ,0,0,0,0,0,0,0,0,0,117000,0,0,0,125000,8000,117000,117000
064516,華通群益02購01  ,0,0,0,0,0,0,0,0,0,117000,0,0,0,211000,94000,117000,117000
066539,晶技兆豐01購02  ,0,0,0,0,0,0,0,0,0,117000,0,0,0,212000,95000,117000,117000
066138,健策群益01購05  ,0,0,0,0,0,0,0,0,0,117000,0,0,0,227000,110000,117000,117000
9930,中聯資源        ,139000,22000,117000,0,0,0,0,0,0,0,0,0,0,0,0,0,117000
4919,新唐            ,205000,134000,71000,0,0,0,0,1000,-1000,47000,0,0,0,60000,13000,47000,117000
066954,聯詠元大01購04  ,0,0,0,0,0,0,0,0,0,116000,0,0,0,417000,301000,116000,116000
063591,麗豐永豐9B購02  ,0,0,0,0,0,0,0,0,0,116000,0,0,0,174000,58000,116000,116000
056263,友訊統一99購01  ,0,0,0,0,0,0,0,0,0,116000,0,0,0,127000,11000,116000,116000
057267,康控兆豐99購01  ,0,0,0,0,0,0,0,0,0,116000,0,0,0,210000,94000,116000,116000
05894P,友達群益98售02  ,0,0,0,0,0,0,0,0,0,116000,0,0,0,136000,20000,116000,116000
066620,長興凱基01購01  ,0,0,0,0,0,0,0,0,0,116000,0,0,0,179000,63000,116000,116000
065783,友訊永豐9C購02  ,0,0,0,0,0,0,0,0,0,116000,0,0,0,166000,50000,116000,116000
066033,南六群益02購01  ,0,0,0,0,0,0,0,0,0,116000,0,0,0,116000,0,116000,116000
064459,創意統一02購01  ,0,0,0,0,0,0,0,0,0,116000,0,0,0,221000,105000,116000,116000
064381,道瓊銀國泰02購01,0,0,0,0,0,0,0,0,0,116000,0,0,0,125000,9000,116000,116000
065116,臺股指國票9C購13,0,0,0,0,0,0,0,0,0,116000,0,0,0,118000,2000,116000,116000
07685P,玉晶光凱基9B售03,0,0,0,0,0,0,0,0,0,115000,0,0,0,235000,120000,115000,115000
07879P,瑞昱群益9C售01  ,0,0,0,0,0,0,0,0,0,115000,0,0,0,208000,93000,115000,115000
066922,台表科麥證01購01,0,0,0,115000,0,115000,0,0,0,115000,0,0,0,115000,0,115000,115000
07149P,健鼎元大99售03  ,0,0,0,0,0,0,0,0,0,115000,0,0,0,135000,20000,115000,115000
058547,世紀鋼富邦9A購01,0,0,0,0,0,0,0,0,0,115000,0,0,0,115000,0,115000,115000
057745,泰鼎永豐99購01  ,0,0,0,0,0,0,0,0,0,115000,0,0,0,273000,158000,115000,115000
056767,大毅元大99購01  ,0,0,0,0,0,0,0,0,0,115000,0,0,0,311000,196000,115000,115000
054169,上緯控凱基98購01,0,0,0,0,0,0,0,0,0,115000,0,0,0,155000,40000,115000,115000
059908,元金2X元大99購01,0,0,0,0,0,0,0,0,0,115000,0,0,0,115000,0,115000,115000
060704,台積電富邦01購01,0,0,0,0,0,0,0,0,0,115000,0,0,0,115000,0,115000,115000
061628,緯穎群益9A購04  ,0,0,0,0,0,0,0,0,0,115000,0,0,0,115000,0,115000,115000
064792,美律國票9C購01  ,0,0,0,0,0,0,0,0,0,115000,0,0,0,115000,0,115000,115000
065537,健鼎統一02購05  ,0,0,0,0,0,0,0,0,0,115000,0,0,0,293000,178000,115000,115000
07579P,聯茂元大9A售01  ,0,0,0,0,0,0,0,0,0,114000,0,0,0,114000,0,114000,114000
08337P,台灣50凱基01售15,0,0,0,0,0,0,0,0,0,114000,0,0,0,463000,349000,114000,114000
058494,可成群益9B購01  ,0,0,0,0,0,0,0,0,0,114000,0,0,0,114000,0,114000,114000
056357,台積電元大9A購01,0,0,0,0,0,0,0,0,0,114000,0,0,0,126000,12000,114000,114000
062052,華通統一01購01  ,0,0,0,0,0,0,0,0,0,114000,0,0,0,258000,144000,114000,114000
062971,英業達元富9B購01,0,0,0,0,0,0,0,0,0,114000,0,0,0,385000,271000,114000,114000
061719,緯穎凱基9A購06  ,0,0,0,0,0,0,0,0,0,114000,0,0,0,134000,20000,114000,114000
067404,盛群永豐01購01  ,0,0,0,0,0,0,0,0,0,113000,0,0,0,113000,0,113000,113000
067035,台表科康和01購01,0,0,0,0,0,0,0,0,0,113000,0,0,0,131000,18000,113000,113000
058720,旭富元富99購01  ,0,0,0,0,0,0,0,0,0,113000,0,0,0,123000,10000,113000,113000
063380,台表科永豐9B購03,0,0,0,0,0,0,0,0,0,113000,0,0,0,113000,0,113000,113000
060735,鴻海統一9C購03  ,0,0,0,0,0,0,0,0,0,113000,0,0,0,240000,127000,113000,113000
065464,健鼎中信9C購01  ,0,0,0,0,0,0,0,0,0,113000,0,0,0,314000,201000,113000,113000
9105,泰金寶-DR       ,210000,97000,113000,0,0,0,0,0,0,0,0,0,0,0,0,0,113000
067108,大毅群益01購01  ,0,0,0,0,0,0,0,0,0,112000,0,0,0,272000,160000,112000,112000
06867P,訊芯元大98售08  ,0,0,0,0,0,0,0,0,0,112000,0,0,0,112000,0,112000,112000
07808P,超眾永豐9A售04  ,0,0,0,0,0,0,0,0,0,112000,0,0,0,112000,0,112000,112000
063565,旺宏元大9B購08  ,0,0,0,0,0,0,0,0,0,112000,0,0,0,166000,54000,112000,112000
063880,可成元富9C購01  ,0,0,0,0,0,0,0,0,0,112000,0,0,0,112000,0,112000,112000
057332,旺宏國票99購03  ,0,0,0,0,0,0,0,0,0,112000,0,0,0,112000,0,112000,112000
054204,元金2X國票9B購02,0,0,0,0,0,0,0,0,0,112000,0,0,0,112000,0,112000,112000
064907,緯穎群益9C購02  ,0,0,0,0,0,0,0,0,0,112000,0,0,0,142000,30000,112000,112000
066070,金像電凱基01購03,0,0,0,0,0,0,0,0,0,112000,0,0,0,193000,81000,112000,112000
6139,亞翔            ,289000,178000,111000,0,0,0,0,0,0,1000,1000,0,1000,0,0,0,112000
2419,仲琦            ,123000,12000,111000,0,0,0,0,0,0,1000,1000,0,1000,0,0,0,112000
066912,盛群凱基01購01  ,0,0,0,0,0,0,0,0,0,111000,0,0,0,129000,18000,111000,111000
058531,華通元富99購01  ,0,0,0,0,0,0,0,0,0,111000,0,0,0,121000,10000,111000,111000
058936,國喬中信99購01  ,0,0,0,0,0,0,0,0,0,111000,0,0,0,116000,5000,111000,111000
058796,可成元大99購04  ,0,0,0,0,0,0,0,0,0,111000,0,0,0,111000,0,111000,111000
066537,全新兆豐01購01  ,0,0,0,0,0,0,0,0,0,111000,0,0,0,138000,27000,111000,111000
3376,新日興          ,235000,204000,31000,0,0,0,3000,0,3000,77000,97000,12000,85000,2000,10000,-8000,111000
066683,和碩兆豐01購01  ,0,0,0,0,0,0,0,0,0,110000,0,0,0,110000,0,110000,110000
064297,台郡國票01購01  ,0,0,0,0,0,0,0,0,0,110000,0,0,0,120000,10000,110000,110000
07655P,台灣50凱基01售09,0,0,0,0,0,0,0,0,0,110000,0,0,0,140000,30000,110000,110000
07471P,南亞科元大9A售01,0,0,0,0,0,0,0,0,0,110000,0,0,0,300000,190000,110000,110000
058873,美律國票9A購02  ,0,0,0,0,0,0,0,0,0,110000,0,0,0,110000,0,110000,110000
058616,台虹元大9A購01  ,0,0,0,0,0,0,0,0,0,110000,0,0,0,277000,167000,110000,110000
058010,帆宣國票98購01  ,0,0,0,0,0,0,0,0,0,110000,0,0,0,135000,25000,110000,110000
057903,聯鈞永豐99購01  ,0,0,0,0,0,0,0,0,0,110000,0,0,0,220000,110000,110000,110000
054209,台積電國票97購08,0,0,0,0,0,0,0,0,0,110000,0,0,0,499000,389000,110000,110000
054040,中石化元大9C購01,0,0,0,0,0,0,0,0,0,110000,0,0,0,110000,0,110000,110000
058279,FBVIX中信03購03 ,0,0,0,0,0,0,0,0,0,110000,0,0,0,110000,0,110000,110000
060981,旺宏元大9A購08  ,0,0,0,0,0,0,0,0,0,110000,0,0,0,125000,15000,110000,110000
061946,鴻海群益9B購03  ,0,0,0,0,0,0,0,0,0,110000,0,0,0,110000,0,110000,110000
061892,亞德客永豐9B購01,0,0,0,0,0,0,0,0,0,110000,0,0,0,120000,10000,110000,110000
061382,台灣50群益9C購02,0,0,0,0,0,0,0,0,0,110000,0,0,0,117000,7000,110000,110000
059919,宏達電元大99購06,0,0,0,0,0,0,0,0,0,110000,0,0,0,145000,35000,110000,110000
066188,訊芯凱基01購01  ,0,0,0,0,0,0,0,0,0,110000,0,0,0,110000,0,110000,110000
066309,永光永豐01購01  ,0,0,0,0,0,0,0,0,0,110000,0,0,0,110000,0,110000,110000
066345,正文永豐01購01  ,0,0,0,0,0,0,0,0,0,110000,0,0,0,471000,361000,110000,110000
066080,台光電國泰03購01,0,0,0,0,0,0,0,0,0,110000,0,0,0,111000,1000,110000,110000
066065,東元凱基04購01  ,0,0,0,0,0,0,0,0,0,110000,0,0,0,119000,9000,110000,110000
065990,華擎永豐01購01  ,0,0,0,0,0,0,0,0,0,110000,0,0,0,172000,62000,110000,110000
065905,聯茂富邦02購01  ,0,0,0,0,0,0,0,0,0,110000,0,0,0,130000,20000,110000,110000
064893,金像電群益01購02,0,0,0,0,0,0,0,0,0,110000,0,0,0,209000,99000,110000,110000
06500P,臺股指元大9A售05,0,0,0,0,0,0,0,0,0,110000,0,0,0,110000,0,110000,110000
065306,泰鼎元富9C購02  ,0,0,0,0,0,0,0,0,0,110000,0,0,0,110000,0,110000,110000
06477P,緯穎國票99售02  ,0,0,0,0,0,0,0,0,0,110000,0,0,0,110000,0,110000,110000
063939,上銀元大9C購04  ,0,0,0,0,0,0,0,0,0,109000,0,0,0,159000,50000,109000,109000
066824,旺宏群益02購01  ,0,0,0,0,0,0,0,0,0,109000,0,0,0,129000,20000,109000,109000
058363,全新凱基9A購02  ,0,0,0,0,0,0,0,0,0,109000,0,0,0,109000,0,109000,109000
057601,中磊群益98購01  ,0,0,0,0,0,0,0,0,0,109000,0,0,0,139000,30000,109000,109000
057649,嘉聯益元大99購04,0,0,0,0,0,0,0,0,0,109000,0,0,0,209000,100000,109000,109000
059948,正文永豐99購01  ,0,0,0,0,0,0,0,0,0,109000,0,0,0,210000,101000,109000,109000
062028,晶技群益9B購01  ,0,0,0,0,0,0,0,0,0,109000,0,0,0,266000,157000,109000,109000
060716,新唐永豐9A購01  ,0,0,0,0,0,0,0,0,0,109000,0,0,0,173000,64000,109000,109000
063291,緯穎元大01購01  ,0,0,0,0,0,0,0,0,0,109000,0,0,0,114000,5000,109000,109000
064842,南六統一9C購04  ,0,0,0,0,0,0,0,0,0,109000,0,0,0,254000,145000,109000,109000
063697,香港反群益9C購01,0,0,0,0,0,0,0,0,0,109000,0,0,0,109000,0,109000,109000
065037,緯穎統一02購02  ,0,0,0,0,0,0,0,0,0,109000,0,0,0,217000,108000,109000,109000
3557,嘉威            ,184000,76000,108000,0,0,0,0,0,0,1000,1000,0,1000,0,0,0,109000
059155,台表科日盛99購01,0,0,0,0,0,0,0,0,0,108000,0,0,0,108000,0,108000,108000
055623,貿聯國泰99購01  ,0,0,0,0,0,0,0,0,0,108000,0,0,0,166000,58000,108000,108000
00683L,元大美元指數正2 ,0,0,0,0,0,0,0,0,0,108000,0,0,0,145000,37000,108000,108000
054427,潤泰全富邦97購01,0,0,0,0,0,0,0,0,0,108000,0,0,0,108000,0,108000,108000
054658,道瓊銀元大9A購01,0,0,0,0,0,0,0,0,0,108000,0,0,0,128000,20000,108000,108000
063168,台表科永豐9B購01,0,0,0,0,0,0,0,0,0,108000,0,0,0,185000,77000,108000,108000
063476,台表科元大9C購03,0,0,0,0,0,0,0,0,0,108000,0,0,0,210000,102000,108000,108000
063506,嘉晶群益9B購01  ,0,0,0,0,0,0,0,0,0,108000,0,0,0,137000,29000,108000,108000
060911,大毅元大9A購01  ,0,0,0,0,0,0,0,0,0,108000,0,0,0,133000,25000,108000,108000
061269,嘉澤凱基9A購01  ,0,0,0,0,0,0,0,0,0,108000,0,0,0,109000,1000,108000,108000
065454,神隆元富9C購01  ,0,0,0,0,0,0,0,0,0,108000,0,0,0,108000,0,108000,108000
065976,牧德元大02購02  ,0,0,0,0,0,0,0,0,0,108000,0,0,0,108000,0,108000,108000
07088P,訊芯永豐99售02  ,0,0,0,0,0,0,0,0,0,107000,0,0,0,107000,0,107000,107000
063874,志超永豐9C購01  ,0,0,0,0,0,0,0,0,0,107000,0,0,0,166000,59000,107000,107000
08201P,祥碩元大9B售09  ,0,0,0,0,0,0,0,0,0,107000,0,0,0,149000,42000,107000,107000
057506,聯鈞國票99購02  ,0,0,0,0,0,0,0,0,0,107000,0,0,0,107000,0,107000,107000
061800,泰鼎永豐9B購01  ,0,0,0,0,0,0,0,0,0,107000,0,0,0,190000,83000,107000,107000
065988,晶技永豐01購01  ,0,0,0,0,0,0,0,0,0,107000,0,0,0,116000,9000,107000,107000
065636,台表科國票01購03,0,0,0,0,0,0,0,0,0,107000,0,0,0,118000,11000,107000,107000
065449,中租統一9C購01  ,0,0,0,0,0,0,0,0,0,107000,0,0,0,236000,129000,107000,107000
2705,六福            ,130000,23000,107000,0,0,0,0,0,0,0,0,0,0,0,0,0,107000
2516,新建            ,103000,0,103000,0,0,0,0,0,0,4000,4000,0,4000,0,0,0,107000
066830,國揚群益01購01  ,0,0,0,0,0,0,0,0,0,106000,0,0,0,183000,77000,106000,106000
067031,華擎元富01購01  ,0,0,0,0,0,0,0,0,0,106000,0,0,0,161000,55000,106000,106000
067144,上銀統一02購01  ,0,0,0,0,0,0,0,0,0,106000,0,0,0,156000,50000,106000,106000
062732,南六凱基9B購03  ,0,0,0,0,0,0,0,0,0,106000,0,0,0,106000,0,106000,106000
055032,億光富邦99購01  ,0,0,0,0,0,0,0,0,0,106000,0,0,0,116000,10000,106000,106000
062306,華通凱基9B購01  ,0,0,0,0,0,0,0,0,0,106000,0,0,0,184000,78000,106000,106000
062126,創意統一9B購01  ,0,0,0,0,0,0,0,0,0,106000,0,0,0,148000,42000,106000,106000
060922,金像電永豐9A購01,0,0,0,0,0,0,0,0,0,106000,0,0,0,177000,71000,106000,106000
063267,台表科中信01購02,0,0,0,0,0,0,0,0,0,106000,0,0,0,134000,28000,106000,106000
063417,金像電凱基9B購03,0,0,0,0,0,0,0,0,0,106000,0,0,0,204000,98000,106000,106000
065023,大毅永豐9C購01  ,0,0,0,0,0,0,0,0,0,106000,0,0,0,109000,3000,106000,106000
065953,宏達電統一03購01,0,0,0,0,0,0,0,0,0,106000,0,0,0,183000,77000,106000,106000
08597P,聯發科元大9C售18,2000,0,2000,0,0,0,0,0,0,104000,0,0,0,171000,67000,104000,106000
08835P,聯發科統一01售12,0,0,0,0,0,0,0,0,0,106000,0,0,0,106000,0,106000,106000
08773P,瑞昱凱基01售01  ,0,0,0,0,0,0,0,0,0,106000,0,0,0,110000,4000,106000,106000
066940,T50反1元大01購03,0,0,0,0,0,0,0,0,0,105000,0,0,0,105000,0,105000,105000
06824P,台灣50國票99售02,0,0,0,0,0,0,0,0,0,105000,0,0,0,105000,0,105000,105000
08000P,奇鋐凱基9B售03  ,0,0,0,0,0,0,0,0,0,105000,0,0,0,130000,25000,105000,105000
064180,國巨富邦02購03  ,0,0,0,0,0,0,0,0,0,105000,0,0,0,395000,290000,105000,105000
062898,華通元大9B購05  ,0,0,0,0,0,0,0,0,0,105000,0,0,0,105000,0,105000,105000
060896,晶技凱基9A購02  ,0,0,0,0,0,0,0,0,0,105000,0,0,0,105000,0,105000,105000
061192,奇鋐永豐9A購01  ,0,0,0,0,0,0,0,0,0,105000,0,0,0,644000,539000,105000,105000
062352,南六群益9B購02  ,0,0,0,0,0,0,0,0,0,105000,0,0,0,108000,3000,105000,105000
065884,智原元富9C購02  ,0,0,0,0,0,0,0,0,0,105000,0,0,0,302000,197000,105000,105000
066579,臺股指元大01購08,0,0,0,0,0,0,0,0,0,105000,0,0,0,125000,20000,105000,105000
08574P,聯發科凱基02售04,0,0,0,0,0,0,0,0,0,105000,0,0,0,105000,0,105000,105000
2388,威盛            ,497000,392000,105000,0,0,0,0,0,0,0,0,0,0,0,0,0,105000
2357,華碩            ,1476082,1479015,-2933,0,0,0,195000,11000,184000,-77000,9000,0,9000,22000,108000,-86000,104067
063648,台表科元大9C購05,0,0,0,0,0,0,0,0,0,104000,0,0,0,138000,34000,104000,104000
07982P,全新群益9B售04  ,0,0,0,0,0,0,0,0,0,104000,0,0,0,104000,0,104000,104000
061339,京元電元大9A購05,0,0,0,0,0,0,0,0,0,104000,0,0,0,183000,79000,104000,104000
066021,華通群益02購03  ,0,0,0,0,0,0,0,0,0,104000,0,0,0,104000,0,104000,104000
065411,旺宏永豐9C購02  ,0,0,0,0,0,0,0,0,0,104000,0,0,0,112000,8000,104000,104000
3048,益登            ,147000,39000,108000,0,0,0,0,0,0,-4000,2000,6000,-4000,0,0,0,104000
063127,TPK元大9B購02   ,0,0,0,0,0,0,0,0,0,103000,0,0,0,341000,238000,103000,103000
07225P,台積電元大99售33,0,0,0,0,0,0,0,0,0,103000,0,0,0,140000,37000,103000,103000
067120,矽創群益01購01  ,0,0,0,0,0,0,0,0,0,103000,0,0,0,134000,31000,103000,103000
063481,緯穎元大9B購08  ,0,0,0,0,0,0,0,0,0,103000,0,0,0,120000,17000,103000,103000
065305,泰鼎元富9C購01  ,0,0,0,0,0,0,0,0,0,103000,0,0,0,184000,81000,103000,103000
064531,旭富兆豐9C購01  ,0,0,0,0,0,0,0,0,0,103000,0,0,0,108000,5000,103000,103000
064620,大立光元大01購03,0,0,0,0,0,0,0,0,0,103000,0,0,0,103000,0,103000,103000
065917,全新凱基02購01  ,0,0,0,0,0,0,0,0,0,103000,0,0,0,110000,7000,103000,103000
066618,南六康和01購01  ,0,0,0,0,0,0,0,0,0,103000,0,0,0,103000,0,103000,103000
066311,生達永豐01購01  ,0,0,0,0,0,0,0,0,0,103000,0,0,0,103000,0,103000,103000
3032,偉訓            ,122000,15000,107000,0,0,0,0,0,0,-4000,0,4000,-4000,0,0,0,103000
08556P,臺股指中信01售08,0,0,0,0,0,0,0,0,0,103000,0,0,0,170000,67000,103000,103000
08873P,欣興永豐01售01  ,0,0,0,0,0,0,0,0,0,103000,0,0,0,103000,0,103000,103000
5285,界霖            ,104000,1000,103000,0,0,0,0,0,0,0,0,0,0,0,0,0,103000
057456,道瓊銀富邦9C購01,0,0,0,0,0,0,0,0,0,102000,0,0,0,102000,0,102000,102000
060541,正隆凱基9A購01  ,0,0,0,0,0,0,0,0,0,102000,0,0,0,127000,25000,102000,102000
060421,華擎永豐9A購01  ,0,0,0,0,0,0,0,0,0,102000,0,0,0,129000,27000,102000,102000
061463,智邦群益9A購02  ,0,0,0,0,0,0,0,0,0,102000,0,0,0,114000,12000,102000,102000
066401,智伸科凱基01購02,0,0,0,0,0,0,0,0,0,102000,0,0,0,102000,0,102000,102000
066005,國巨統一03購01  ,0,0,0,0,0,0,0,0,0,102000,0,0,0,102000,0,102000,102000
08861P,台積電統一01售10,0,0,0,0,0,0,0,0,0,102000,0,0,0,1196000,1094000,102000,102000
2527,宏璟            ,114000,14000,100000,0,0,0,0,0,0,2000,2000,0,2000,0,0,0,102000
2530,華建            ,99000,6000,93000,0,0,0,0,0,0,9000,9000,0,9000,0,0,0,102000
067307,聯詠元大01購06  ,0,0,0,0,0,0,0,0,0,101000,0,0,0,266000,165000,101000,101000
08019P,緯穎國票9B售02  ,0,0,0,0,0,0,0,0,0,101000,0,0,0,104000,3000,101000,101000
057282,大立光元大99購06,0,0,0,0,0,0,0,0,0,101000,0,0,0,113000,12000,101000,101000
060252,緯穎元大9A購02  ,0,0,0,0,0,0,0,0,0,101000,0,0,0,200000,99000,101000,101000
061647,南六元大9A購03  ,0,0,0,0,0,0,0,0,0,101000,0,0,0,144000,43000,101000,101000
059493,國巨國票9B購01  ,0,0,0,0,0,0,0,0,0,101000,0,0,0,101000,0,101000,101000
066238,聯鈞富邦03購01  ,0,0,0,0,0,0,0,0,0,101000,0,0,0,101000,0,101000,101000
07989P,玉晶光凱基9B售07,0,0,0,0,0,0,0,0,0,100000,0,0,0,100000,0,100000,100000
08045P,健策國票9B售01  ,0,0,0,0,0,0,0,0,0,100000,0,0,0,100000,0,100000,100000
08189P,超眾群益9B售04  ,0,0,0,0,0,0,0,0,0,100000,0,0,0,100000,0,100000,100000
07456P,華新科元大9A售06,0,0,0,0,0,0,0,0,0,100000,0,0,0,100000,0,100000,100000
07257P,臺股指凱基99售37,0,0,0,0,0,0,0,0,0,100000,0,0,0,100000,0,100000,100000
07505P,台勝科元大9A售01,0,0,0,0,0,0,0,0,0,100000,0,0,0,100000,0,100000,100000
07671P,超眾元大9A售04  ,0,0,0,0,0,0,0,0,0,100000,0,0,0,100000,0,100000,100000
063572,麗豐元大9B購01  ,0,0,0,0,0,0,0,0,0,100000,0,0,0,101000,1000,100000,100000
063838,上銀元大9C購01  ,0,0,0,0,0,0,0,0,0,100000,0,0,0,100000,0,100000,100000
064019,上銀元大9C購05  ,0,0,0,0,0,0,0,0,0,100000,0,0,0,100000,0,100000,100000
064096,台積電群益9C購07,0,0,0,0,0,0,0,0,0,100000,0,0,0,100000,0,100000,100000
07130P,台郡元大9B售01  ,0,0,0,0,0,0,0,0,0,100000,0,0,0,130000,30000,100000,100000
066726,鴻海元大01購11  ,0,0,0,0,0,0,0,0,0,100000,0,0,0,150000,50000,100000,100000
066738,聯鈞元大01購05  ,0,0,0,0,0,0,0,0,0,100000,0,0,0,100000,0,100000,100000
058380,臺股指凱基99購15,0,0,0,0,0,0,0,0,0,100000,0,0,0,100000,0,100000,100000
056579,麗豐元大99購01  ,0,0,0,0,0,0,0,0,0,100000,0,0,0,269000,169000,100000,100000
054780,中石化群益99購01,0,0,0,0,0,0,0,0,0,100000,0,0,0,100000,0,100000,100000
054765,亞光國票98購02  ,0,0,0,0,0,0,0,0,0,100000,0,0,0,100000,0,100000,100000
057045,美律元大99購04  ,0,0,0,0,0,0,0,0,0,100000,0,0,0,100000,0,100000,100000
053292,美律中信98購01  ,0,0,0,0,0,0,0,0,0,100000,0,0,0,100000,0,100000,100000
01009T,王道圓滿R1      ,0,0,0,0,0,0,0,0,0,100000,100000,0,100000,0,0,0,100000
053463,可成富邦98購01  ,0,0,0,0,0,0,0,0,0,100000,0,0,0,100000,0,100000,100000
057534,旭富元大98購01  ,0,0,0,0,0,0,0,0,0,100000,0,0,0,269000,169000,100000,100000
057554,新日興凱基99購02,0,0,0,0,0,0,0,0,0,100000,0,0,0,100000,0,100000,100000
057804,為升元大98購01  ,0,0,0,0,0,0,0,0,0,100000,0,0,0,100000,0,100000,100000
058925,旭富元富99購02  ,0,0,0,0,0,0,0,0,0,100000,0,0,0,100000,0,100000,100000
062923,緯穎元大9B購06  ,0,0,0,0,0,0,0,0,0,100000,0,0,0,100000,0,100000,100000
058170,國巨凱基9A購06  ,0,0,0,0,0,0,0,0,0,100000,0,0,0,100000,0,100000,100000
058148,百和元大99購01  ,0,0,0,0,0,0,0,0,0,100000,0,0,0,100000,0,100000,100000
058112,神達元富98購01  ,0,0,0,0,0,0,0,0,0,100000,0,0,0,100000,0,100000,100000
061100,SP黃豆元大9A購04,0,0,0,0,0,0,0,0,0,100000,0,0,0,100000,0,100000,100000
060811,亞德客凱基9A購02,0,0,0,0,0,0,0,0,0,100000,0,0,0,100000,0,100000,100000
060846,欣興國票9A購02  ,0,0,0,0,0,0,0,0,0,100000,0,0,0,100000,0,100000,100000
05955P,台光電國票97售02,0,0,0,0,0,0,0,0,0,100000,0,0,0,100000,0,100000,100000
059594,奇力新元大9B購01,0,0,0,0,0,0,0,0,0,100000,0,0,0,130000,30000,100000,100000
059685,T50正2永豐99購02,0,0,0,0,0,0,0,0,0,100000,0,0,0,100000,0,100000,100000
062221,奇力新統一01購01,0,0,0,0,0,0,0,0,0,100000,0,0,0,100000,0,100000,100000
063081,技嘉凱基9B購02  ,0,0,0,0,0,0,0,0,0,100000,0,0,0,104000,4000,100000,100000
061978,旺宏元大9C購01  ,0,0,0,0,0,0,0,0,0,100000,0,0,0,100000,0,100000,100000
061850,國巨國票9C購02  ,0,0,0,0,0,0,0,0,0,100000,0,0,0,100000,0,100000,100000
060101,大立光元大99購31,0,0,0,0,0,0,0,0,0,100000,0,0,0,100000,0,100000,100000
062129,世紀鋼統一02購01,0,0,0,0,0,0,0,0,0,100000,0,0,0,100000,0,100000,100000
061270,彩晶凱基9A購02  ,0,0,0,0,0,0,0,0,0,100000,0,0,0,100000,0,100000,100000
061205,旺宏元大9A購11  ,0,0,0,0,0,0,0,0,0,100000,0,0,0,100000,0,100000,100000
066334,京城銀永豐01購01,0,0,0,0,0,0,0,0,0,100000,0,0,0,442000,342000,100000,100000
066456,全新統一02購01  ,0,0,0,0,0,0,0,0,0,100000,0,0,0,100000,0,100000,100000
064590,牧德永豐9C購01  ,0,0,0,0,0,0,0,0,0,100000,0,0,0,100000,0,100000,100000
064302,美律兆豐01購01  ,0,0,0,0,0,0,0,0,0,100000,0,0,0,100000,0,100000,100000
064873,世紀鋼永豐9C購01,0,0,0,0,0,0,0,0,0,100000,0,0,0,100000,0,100000,100000
2428,興勤            ,366000,254000,112000,0,0,0,0,0,0,-12000,3000,15000,-12000,14000,14000,0,100000
08880P,全新凱基01售02  ,0,0,0,0,0,0,0,0,0,100000,0,0,0,100000,0,100000,100000
08784P,上証2X元富01售01,0,0,0,0,0,0,0,0,0,100000,0,0,0,200000,100000,100000,100000
08823P,台灣50元大01售26,0,0,0,0,0,0,0,0,0,100000,0,0,0,100000,0,100000,100000
08564P,國巨群益9C售15  ,0,0,0,0,0,0,0,0,0,100000,0,0,0,100000,0,100000,100000
066701,京元電群益01購02,0,0,0,0,0,0,0,0,0,99000,0,0,0,169000,70000,99000,99000
066992,緯穎群益01購02  ,0,0,0,0,0,0,0,0,0,99000,0,0,0,106000,7000,99000,99000
06843P,鴻海元大98售11  ,0,0,0,0,0,0,0,0,0,99000,0,0,0,195000,96000,99000,99000
07327P,台灣50群益9A售06,0,0,0,0,0,0,0,0,0,99000,0,0,0,99000,0,99000,99000
058013,SP黃豆凱基9A購01,0,0,0,0,0,0,0,0,0,99000,0,0,0,100000,1000,99000,99000
062672,兆豐金中信03購01,0,0,0,0,0,0,0,0,0,99000,0,0,0,135000,36000,99000,99000
061370,晶技國泰9C購01  ,0,0,0,0,0,0,0,0,0,99000,0,0,0,124000,25000,99000,99000
064877,可成兆豐9C購02  ,0,0,0,0,0,0,0,0,0,99000,0,0,0,99000,0,99000,99000
064616,智邦元大9C購04  ,0,0,0,0,0,0,0,0,0,99000,0,0,0,316000,217000,99000,99000
066343,佳醫永豐01購01  ,0,0,0,0,0,0,0,0,0,99000,0,0,0,103000,4000,99000,99000
08003P,國巨國泰9B售07  ,0,0,0,0,0,0,0,0,0,98000,0,0,0,98000,0,98000,98000
064095,鴻海群益01購02  ,0,0,0,0,0,0,0,0,0,98000,0,0,0,173000,75000,98000,98000
067457,FBVIX國泰03購01 ,0,0,0,0,0,0,0,0,0,98000,0,0,0,110000,12000,98000,98000
057371,可成元大98購08  ,0,0,0,0,0,0,0,0,0,98000,0,0,0,98000,0,98000,98000
061516,力成永豐9A購02  ,0,0,0,0,0,0,0,0,0,98000,0,0,0,101000,3000,98000,98000
062264,南六元大9B購02  ,0,0,0,0,0,0,0,0,0,98000,0,0,0,215000,117000,98000,98000
060061,旺宏兆豐99購02  ,0,0,0,0,0,0,0,0,0,98000,0,0,0,98000,0,98000,98000
063187,全新凱基9B購02  ,0,0,0,0,0,0,0,0,0,98000,0,0,0,144000,46000,98000,98000
066117,茂林兆豐02購01  ,0,0,0,0,0,0,0,0,0,98000,0,0,0,215000,117000,98000,98000
066454,金像電統一01購03,0,0,0,0,0,0,0,0,0,98000,0,0,0,282000,184000,98000,98000
065597,旺宏元大01購03  ,0,0,0,0,0,0,0,0,0,98000,0,0,0,129000,31000,98000,98000
065693,國巨群益9C購18  ,0,0,0,0,0,0,0,0,0,98000,0,0,0,131000,33000,98000,98000
064582,裕隆永豐9C購02  ,0,0,0,0,0,0,0,0,0,98000,0,0,0,166000,68000,98000,98000
063782,致新永豐9B購02  ,0,0,0,0,0,0,0,0,0,98000,0,0,0,143000,45000,98000,98000
064901,牧德群益9C購01  ,0,0,0,0,0,0,0,0,0,98000,0,0,0,98000,0,98000,98000
1110,東泥            ,153000,55000,98000,0,0,0,0,0,0,0,0,0,0,0,0,0,98000
2374,佳能            ,127000,28000,99000,0,0,0,0,0,0,-1000,0,1000,-1000,0,0,0,98000
4551,智伸科          ,164000,44000,120000,0,0,0,14000,50000,-36000,14000,0,0,0,19000,5000,14000,98000
06771P,台灣50中信02售01,0,0,0,0,0,0,0,0,0,97000,0,0,0,126000,29000,97000,97000
066709,聚碩群益01購01  ,0,0,0,0,0,0,0,0,0,97000,0,0,0,144000,47000,97000,97000
07563P,台灣50中信04售01,0,0,0,0,0,0,0,0,0,97000,0,0,0,99000,2000,97000,97000
058693,旭富國票9A購01  ,0,0,0,0,0,0,0,0,0,97000,0,0,0,114000,17000,97000,97000
062687,華擎統一01購02  ,0,0,0,0,0,0,0,0,0,97000,0,0,0,122000,25000,97000,97000
061304,創意永豐9A購02  ,0,0,0,0,0,0,0,0,0,97000,0,0,0,146000,49000,97000,97000
066614,貿聯麥證01購01  ,0,0,0,117000,20000,97000,0,0,0,97000,0,0,0,117000,20000,97000,97000
2701,萬企            ,95000,2000,93000,0,0,0,0,0,0,4000,4000,0,4000,0,0,0,97000
1503,士電            ,161000,46000,115000,0,0,0,0,0,0,-18000,3000,21000,-18000,0,0,0,97000
08815P,聯發科國泰03售03,0,5000,-5000,0,0,0,0,0,0,102000,0,0,0,141000,39000,102000,97000
060077,台積電台新9B購01,0,0,0,0,0,0,0,0,0,96000,0,0,0,97000,1000,96000,96000
062146,大毅國票9B購01  ,0,0,0,0,0,0,0,0,0,96000,0,0,0,96000,0,96000,96000
063541,華擎元富9B購02  ,0,0,0,0,0,0,0,0,0,96000,0,0,0,144000,48000,96000,96000
065744,華新元大9C購01  ,0,0,0,0,0,0,0,0,0,96000,0,0,0,118000,22000,96000,96000
065328,緯穎凱基9C購03  ,0,0,0,0,0,0,0,0,0,96000,0,0,0,96000,0,96000,96000
065369,瑞昱元大9C購01  ,0,0,0,0,0,0,0,0,0,96000,0,0,0,97000,1000,96000,96000
064470,世紀鋼元富03購01,0,0,0,0,0,0,0,0,0,96000,0,0,0,127000,31000,96000,96000
064778,美律群益9C購01  ,0,0,0,0,0,0,0,0,0,96000,0,0,0,96000,0,96000,96000
08518P,世芯群益9C售03  ,0,0,0,0,0,0,0,0,0,96000,0,0,0,96000,0,96000,96000
2514,龍邦            ,99000,3000,96000,0,0,0,0,0,0,0,0,0,0,0,0,0,96000
2231,為升            ,135000,36999,98001,0,0,0,0,0,0,-3000,2000,8000,-6000,3000,0,3000,95001
07599P,台灣50凱基04售05,0,0,0,0,0,0,0,0,0,95000,0,0,0,100000,5000,95000,95000
064071,台郡永豐9C購01  ,0,0,0,0,0,0,0,0,0,95000,0,0,0,95000,0,95000,95000
064221,華通國票01購01  ,0,0,0,0,0,0,0,0,0,95000,0,0,0,208000,113000,95000,95000
067038,滬深2X凱基04購02,0,0,0,0,0,0,0,0,0,95000,0,0,0,100000,5000,95000,95000
06755P,大立光永豐98售03,0,0,0,0,0,0,0,0,0,95000,0,0,0,95000,0,95000,95000
056603,嘉聯益國泰9A購01,0,0,0,0,0,0,0,0,0,95000,0,0,0,200000,105000,95000,95000
056034,華通凱基98購01  ,0,0,0,0,0,0,0,0,0,95000,0,0,0,115000,20000,95000,95000
059663,旭富元大9C購02  ,0,0,0,0,0,0,0,0,0,95000,0,0,0,138000,43000,95000,95000
060841,宏達電國票9B購01,0,0,0,0,0,0,0,0,0,95000,0,0,0,104000,9000,95000,95000
060982,旺宏元大9A購09  ,0,0,0,0,0,0,0,0,0,95000,0,0,0,125000,30000,95000,95000
059358,旺宏永豐99購02  ,0,0,0,0,0,0,0,0,0,95000,0,0,0,95000,0,95000,95000
059952,旺宏康和99購01  ,0,0,0,0,0,0,0,0,0,95000,0,0,0,95000,0,95000,95000
065393,旺宏群益9C購04  ,0,0,0,0,0,0,0,0,0,95000,0,0,0,116000,21000,95000,95000
065404,玉晶光國泰02購03,0,0,0,0,0,0,0,0,0,95000,0,0,0,1103000,1008000,95000,95000
065004,瑞昱國票01購02  ,0,0,0,0,0,0,0,0,0,95000,0,0,0,106000,11000,95000,95000
063602,金像電凱基9B購04,0,0,0,0,0,0,0,0,0,94000,0,0,0,185000,91000,94000,94000
07669P,華新科元大9A售14,0,0,0,0,0,0,0,0,0,94000,0,0,0,104000,10000,94000,94000
056280,上証2X永豐98購01,0,0,0,0,0,0,0,0,0,94000,0,0,0,100000,6000,94000,94000
057523,大成鋼元大99購01,0,0,0,0,0,0,0,0,0,94000,0,0,0,99000,5000,94000,94000
063054,健鼎統一01購01  ,0,0,0,0,0,0,0,0,0,94000,0,0,0,400000,306000,94000,94000
065327,台表科凱基9C購02,0,0,0,0,0,0,0,0,0,94000,0,0,0,100000,6000,94000,94000
06585P,鴻海元大99售04  ,0,0,0,0,0,0,0,0,0,94000,0,0,0,394000,300000,94000,94000
066184,鎧勝凱基01購01  ,0,0,0,0,0,0,0,0,0,94000,0,0,0,165000,71000,94000,94000
2017,官田鋼          ,130000,30000,100000,0,0,0,0,0,0,-6000,0,6000,-6000,0,0,0,94000
05749P,臺股指群益99售03,0,0,0,0,0,0,0,0,0,93000,0,0,0,1320000,1227000,93000,93000
061421,台積電元大9A購29,0,0,0,0,0,0,0,0,0,93000,0,0,0,110000,17000,93000,93000
060355,元金2X元富9C購01,0,0,0,0,0,0,0,0,0,93000,0,0,0,101000,8000,93000,93000
066622,南帝凱基01購01  ,0,0,0,0,0,0,0,0,0,93000,0,0,0,223000,130000,93000,93000
08120P,南亞科國票9C售01,0,0,0,0,0,0,0,0,0,92000,0,0,0,106000,14000,92000,92000
063662,上銀統一01購03  ,0,0,0,0,0,0,0,0,0,92000,0,0,0,92000,0,92000,92000
067380,華擎統一02購02  ,0,0,0,0,0,0,0,0,0,92000,0,0,0,271000,179000,92000,92000
067093,台灣50群益01購08,0,0,0,0,0,0,0,0,0,92000,0,0,0,92000,0,92000,92000
056356,台積電元大99購01,0,0,0,0,0,0,0,0,0,92000,0,0,0,119000,27000,92000,92000
058513,宏達電元大99購05,0,0,0,0,0,0,0,0,0,92000,0,0,0,92000,0,92000,92000
065270,TPK元大01購01   ,0,0,0,0,0,0,0,0,0,92000,0,0,0,159000,67000,92000,92000
3033,威健            ,93000,4000,89000,0,0,0,0,0,0,3000,3000,0,3000,0,0,0,92000
08491P,全新元大9C售01  ,0,0,0,0,0,0,0,0,0,92000,0,0,0,92000,0,92000,92000
08390P,旺宏凱基9C售02  ,0,0,0,0,0,0,0,0,0,92000,0,0,0,98000,6000,92000,92000
08672P,聯發科統一01售09,0,0,0,0,0,0,0,0,0,92000,0,0,0,110000,18000,92000,92000
6152,百一            ,92000,0,92000,0,0,0,0,0,0,0,0,0,0,0,0,0,92000
06683P,訊芯元大98售07  ,0,0,0,0,0,0,0,0,0,91000,0,0,0,91000,0,91000,91000
058651,FBVIX中信9C購01 ,0,0,0,0,0,0,0,0,0,91000,0,0,0,110000,19000,91000,91000
062823,台表科兆豐9B購01,0,0,0,0,0,0,0,0,0,91000,0,0,0,91000,0,91000,91000
063300,華通凱基9B購05  ,0,0,0,0,0,0,0,0,0,91000,0,0,0,111000,20000,91000,91000
061379,鈺齊永豐9A購02  ,0,0,0,0,0,0,0,0,0,91000,0,0,0,237000,146000,91000,91000
061350,牧德元大9B購03  ,0,0,0,0,0,0,0,0,0,91000,0,0,0,106000,15000,91000,91000
059807,大立光元富99購09,13000,0,13000,0,0,0,0,0,0,78000,0,0,0,148000,70000,78000,91000
065253,和大元大01購02  ,0,0,0,0,0,0,0,0,0,91000,0,0,0,210000,119000,91000,91000
065126,世芯永豐9C購02  ,0,0,0,0,0,0,0,0,0,91000,0,0,0,110000,19000,91000,91000
065093,新日興元大9C購03,0,0,0,0,0,0,0,0,0,91000,0,0,0,97000,6000,91000,91000
064343,健鼎元大9C購01  ,0,0,0,0,0,0,0,0,0,91000,0,0,0,124000,33000,91000,91000
9925,新保            ,220000,137000,83000,0,0,0,0,0,0,8000,8000,0,8000,0,0,0,91000
3311,閎暉            ,119000,29000,90000,0,0,0,0,0,0,1000,1000,0,1000,0,0,0,91000
06758P,鴻海元大98售10  ,0,0,0,0,0,0,0,0,0,90000,0,0,0,470000,380000,90000,90000
07184P,台灣50元富01售01,0,0,0,0,0,0,0,0,0,90000,0,0,0,90000,0,90000,90000
07059P,華通國票9A售02  ,0,0,0,0,0,0,0,0,0,90000,0,0,0,90000,0,90000,90000
08071P,臺股指富邦9B售04,0,0,0,0,0,0,0,0,0,90000,0,0,0,90000,0,90000,90000
062746,致伸永豐9B購01  ,0,0,0,0,0,0,0,0,0,90000,0,0,0,110000,20000,90000,90000
061798,晶豪科永豐9B購01,0,0,0,0,0,0,0,0,0,90000,0,0,0,100000,10000,90000,90000
060888,金像電統一9C購01,0,0,0,0,0,0,0,0,0,90000,0,0,0,161000,71000,90000,90000
066307,華城永豐01購01  ,0,0,0,0,0,0,0,0,0,90000,0,0,0,167000,77000,90000,90000
065707,聯詠群益9C購02  ,0,0,0,0,0,0,0,0,0,90000,0,0,0,131000,41000,90000,90000
3209,全科            ,119000,29000,90000,0,0,0,0,0,0,0,0,0,0,0,0,0,90000
2472,立隆電          ,267000,175000,92000,0,0,0,0,0,0,-2000,1000,3000,-2000,0,0,0,90000
08569P,玉晶光永豐9C售09,0,0,0,0,0,0,0,0,0,90000,0,0,0,90000,0,90000,90000
08611P,聯發科凱基01售08,0,0,0,0,0,0,0,0,0,90000,0,0,0,208000,118000,90000,90000
067039,生達凱基01購01  ,0,0,0,0,0,0,0,0,0,89000,0,0,0,89000,0,89000,89000
057020,台積電凱基99購02,0,0,0,0,0,0,0,0,0,89000,0,0,0,156000,67000,89000,89000
059298,大立光元富9C購02,0,0,0,0,0,0,0,0,0,89000,0,0,0,295000,206000,89000,89000
061047,大立光第一9A購01,0,0,0,0,0,0,0,0,0,89000,0,0,0,104000,15000,89000,89000
060054,華新科凱基9B購04,0,0,0,0,0,0,0,0,0,89000,0,0,0,140000,51000,89000,89000
065781,創意富邦01購01  ,0,0,0,0,0,0,0,0,0,89000,0,0,0,106000,17000,89000,89000
065641,台積電元大9C購12,0,0,0,0,0,0,0,0,0,89000,0,0,0,100000,11000,89000,89000
06553P,訊芯元大98售05  ,0,0,0,0,0,0,0,0,0,89000,0,0,0,89000,0,89000,89000
064751,亞德客凱基9C購02,0,0,0,0,0,0,0,0,0,89000,0,0,0,110000,21000,89000,89000
064649,同欣電凱基01購01,0,0,0,0,0,0,0,0,0,89000,0,0,0,211000,122000,89000,89000
062757,華通凱基9B購02  ,0,0,0,0,0,0,0,0,0,88000,0,0,0,143000,55000,88000,88000
059006,樺漢元大99購01  ,0,0,0,0,0,0,0,0,0,88000,0,0,0,98000,10000,88000,88000
058714,美律統一9B購01  ,0,0,0,0,0,0,0,0,0,88000,0,0,0,191000,103000,88000,88000
059375,道瓊反群益9C購02,0,0,0,0,0,0,0,0,0,88000,0,0,0,88000,0,88000,88000
063517,遠東新凱基01購01,0,0,0,0,0,0,0,0,0,88000,0,0,0,88000,0,88000,88000
065606,可成元大01購05  ,0,0,0,0,0,0,0,0,0,88000,0,0,0,178000,90000,88000,88000
065573,新日興群益01購02,0,0,0,0,0,0,0,0,0,88000,0,0,0,103000,15000,88000,88000
065985,金像電永豐01購02,0,0,0,0,0,0,0,0,0,88000,0,0,0,140000,52000,88000,88000
065971,金像電元大02購01,0,0,0,0,0,0,0,0,0,88000,0,0,0,88000,0,88000,88000
066041,台光電元大01購02,0,0,0,0,0,0,0,0,0,88000,0,0,0,463000,375000,88000,88000
066412,神隆元大01購01  ,0,0,0,0,0,0,0,0,0,88000,0,0,0,199000,111000,88000,88000
1457,宜進            ,133000,45000,88000,0,0,0,0,0,0,0,0,0,0,0,0,0,88000
1234,黑松            ,126000,38000,88000,0,0,0,0,0,0,0,0,0,0,0,0,0,88000
3419,譁裕            ,96000,10000,86000,0,0,0,0,0,0,2000,2000,0,2000,0,0,0,88000
3530,晶相光          ,245000,250000,-5000,0,0,0,0,0,0,93000,0,0,0,93000,0,93000,88000
4144,康聯-KY         ,117000,30000,87000,0,0,0,0,0,0,1000,1000,0,1000,0,0,0,88000
067314,新日興元大01購02,0,0,0,0,0,0,0,0,0,87000,0,0,0,87000,0,87000,87000
08105P,景碩元大9B售01  ,0,0,0,0,0,0,0,0,0,87000,0,0,0,155000,68000,87000,87000
063979,健鼎兆豐9C購01  ,0,0,0,0,0,0,0,0,0,87000,0,0,0,150000,63000,87000,87000
058794,旺宏元大99購09  ,0,0,0,0,0,0,0,0,0,87000,0,0,0,161000,74000,87000,87000
058813,旺宏統一9B購04  ,0,0,0,0,0,0,0,0,0,87000,0,0,0,87000,0,87000,87000
054976,上証2X元富9A購01,0,0,0,0,0,0,0,0,0,87000,0,0,0,200000,113000,87000,87000
060493,美律元富01購01  ,0,0,0,0,0,0,0,0,0,87000,0,0,0,200000,113000,87000,87000
061055,康控群益9A購01  ,0,0,0,0,0,0,0,0,0,87000,0,0,0,87000,0,87000,87000
060695,同欣電麥證9A購01,0,0,0,100000,13000,87000,0,0,0,87000,0,0,0,100000,13000,87000,87000
064497,可成元大01購02  ,0,0,0,0,0,0,0,0,0,87000,0,0,0,87000,0,87000,87000
08825P,義隆元大01售04  ,0,0,0,0,0,0,0,0,0,87000,0,0,0,138000,51000,87000,87000
08751P,友達群益01售01  ,0,0,0,0,0,0,0,0,0,87000,0,0,0,97000,10000,87000,87000
08705P,臺股指群益01售02,0,0,0,0,0,0,0,0,0,87000,0,0,0,117000,30000,87000,87000
067099,友訊群益01購04  ,0,0,0,0,0,0,0,0,0,86000,0,0,0,150000,64000,86000,86000
060918,康友國泰9C購01  ,0,0,0,0,0,0,0,0,0,86000,0,0,0,544000,458000,86000,86000
063522,技嘉凱基9B購03  ,0,0,0,0,0,0,0,0,0,86000,0,0,0,87000,1000,86000,86000
063545,華通兆豐9B購03  ,0,0,0,0,0,0,0,0,0,86000,0,0,0,113000,27000,86000,86000
063289,台表科元大9B購07,0,0,0,0,0,0,0,0,0,86000,0,0,0,112000,26000,86000,86000
063788,矽創統一02購01  ,0,0,0,0,0,0,0,0,0,86000,0,0,0,223000,137000,86000,86000
064838,旭富統一01購01  ,0,0,0,0,0,0,0,0,0,86000,0,0,0,86000,0,86000,86000
066288,晶碩元大01購01  ,0,0,0,0,0,0,0,0,0,86000,0,0,0,205000,119000,86000,86000
1560,中砂            ,127000,50000,77000,0,0,0,0,0,0,9000,9000,0,9000,0,0,0,86000
067026,群創兆豐03購01  ,0,0,0,0,0,0,0,0,0,85000,0,0,0,85000,0,85000,85000
07162P,臺股指群益99售13,0,0,0,0,0,0,0,0,0,85000,0,0,0,85000,0,85000,85000
055439,台表科國票98購02,0,0,0,0,0,0,0,0,0,85000,0,0,0,95000,10000,85000,85000
00713,元大台灣高息低波,36000,0,36000,0,0,0,0,0,0,49000,0,0,0,49000,0,49000,85000
058197,國巨中信99購02  ,0,0,0,0,0,0,0,0,0,85000,0,0,0,85000,0,85000,85000
060390,聯鈞群益9A購01  ,0,0,0,0,0,0,0,0,0,85000,0,0,0,129000,44000,85000,85000
060960,金像電凱基9B購01,0,0,0,0,0,0,0,0,0,85000,0,0,0,120000,35000,85000,85000
061233,國巨元大9A購17  ,0,0,0,0,0,0,0,0,0,85000,0,0,0,85000,0,85000,85000
061925,禾伸堂凱基9C購01,0,0,0,0,0,0,0,0,0,85000,0,0,0,95000,10000,85000,85000
061400,可成兆豐9B購02  ,0,0,0,0,0,0,0,0,0,85000,0,0,0,85000,0,85000,85000
066261,華碩元大01購01  ,0,0,0,0,0,0,0,0,0,85000,0,0,0,115000,30000,85000,85000
066364,可成中信03購01  ,0,0,0,0,0,0,0,0,0,85000,0,0,0,87000,2000,85000,85000
066442,華碩群益01購01  ,0,0,0,0,0,0,0,0,0,85000,0,0,0,160000,75000,85000,85000
065599,台光電元大9C購05,0,0,0,0,0,0,0,0,0,85000,0,0,0,310000,225000,85000,85000
065127,世芯永豐9C購03  ,0,0,0,0,0,0,0,0,0,85000,0,0,0,86000,1000,85000,85000
065196,技嘉元富06購01  ,0,0,0,0,0,0,0,0,0,85000,0,0,0,85000,0,85000,85000
08652P,鴻海群益9C售09  ,0,0,0,0,0,0,0,0,0,85000,0,0,0,85000,0,85000,85000
2471,資通            ,119000,33000,86000,0,0,0,0,0,0,-1000,0,1000,-1000,0,0,0,85000
057118,欣興日盛9A購01  ,0,0,0,0,0,0,0,0,0,84000,0,0,0,84000,0,84000,84000
058515,健鼎元大99購01  ,0,0,0,0,0,0,0,0,0,84000,0,0,0,84000,0,84000,84000
061867,旺宏元大9B購02  ,0,0,0,0,0,0,0,0,0,84000,0,0,0,100000,16000,84000,84000
063433,臻鼎元富9B購01  ,0,0,0,0,0,0,0,0,0,84000,0,0,0,210000,126000,84000,84000
065219,緯穎國泰01購01  ,0,0,0,0,0,0,0,0,0,84000,0,0,0,733000,649000,84000,84000
064330,燿華元大9C購02  ,0,0,0,0,0,0,0,0,0,84000,0,0,0,135000,51000,84000,84000
064451,技嘉統一01購02  ,0,0,0,0,0,0,0,0,0,84000,0,0,0,95000,11000,84000,84000
066503,台積電富邦05購02,0,0,0,0,0,0,0,0,0,84000,0,0,0,140000,56000,84000,84000
066207,聯鈞統一01購02  ,0,0,0,0,0,0,0,0,0,84000,0,0,0,84000,0,84000,84000
067291,可成兆豐01購01  ,0,0,0,0,0,0,0,0,0,83000,0,0,0,100000,17000,83000,83000
066870,宏達電元富01購01,0,0,0,0,0,0,0,0,0,83000,0,0,0,180000,97000,83000,83000
064176,京元電國泰01購01,0,0,0,0,0,0,0,0,0,83000,0,0,0,170000,87000,83000,83000
07414P,台積電元大99售51,0,0,0,0,0,0,0,0,0,83000,0,0,0,113000,30000,83000,83000
056124,華通國票98購02  ,0,0,0,0,0,0,0,0,0,83000,0,0,0,107000,24000,83000,83000
00674R,元大S&P黃金反1  ,0,0,0,0,0,0,0,0,0,83000,0,0,0,100000,17000,83000,83000
059650,緯穎凱基99購04  ,0,0,0,0,0,0,0,0,0,83000,0,0,0,93000,10000,83000,83000
060363,美律元富9A購01  ,0,0,0,0,0,0,0,0,0,83000,0,0,0,118000,35000,83000,83000
062478,牧德國票9B購03  ,0,0,0,0,0,0,0,0,0,83000,0,0,0,83000,0,83000,83000
061261,台積電凱基9B購03,0,0,0,0,0,0,0,0,0,83000,0,0,0,189000,106000,83000,83000
065593,達新元大9C購02  ,0,0,0,0,0,0,0,0,0,83000,0,0,0,83000,0,83000,83000
066040,友訊元大01購02  ,0,0,0,0,0,0,0,0,0,83000,0,0,0,151000,68000,83000,83000
065343,智邦統一01購03  ,0,0,0,0,0,0,0,0,0,83000,0,0,0,349000,266000,83000,83000
1608,華榮            ,179000,91000,88000,0,0,0,0,0,0,-5000,2000,7000,-5000,0,0,0,83000
3494,誠研            ,86000,3000,83000,0,0,0,0,0,0,0,0,0,0,0,0,0,83000
07815P,美律群益9A售04  ,0,0,0,0,0,0,0,0,0,82000,0,0,0,82000,0,82000,82000
064249,聯發科元富06購01,0,0,0,0,0,0,0,0,0,82000,0,0,0,138000,56000,82000,82000
066897,京元電康和01購01,0,0,0,0,0,0,0,0,0,82000,0,0,0,82000,0,82000,82000
067141,台表科永豐01購01,0,0,0,0,0,0,0,0,0,82000,0,0,0,120000,38000,82000,82000
053413,台積電國票99購01,0,0,0,0,0,0,0,0,0,82000,0,0,0,134000,52000,82000,82000
056906,玉晶光元大9B購01,0,0,0,0,0,0,0,0,0,82000,0,0,0,154000,72000,82000,82000
058487,晶技國票9A購01  ,0,0,0,0,0,0,0,0,0,82000,0,0,0,84000,2000,82000,82000
062143,大成鋼國票9B購01,0,0,0,0,0,0,0,0,0,82000,0,0,0,84000,2000,82000,82000
063385,可成中信9C購01  ,0,0,0,0,0,0,0,0,0,82000,0,0,0,84000,2000,82000,82000
06471P,臺股指凱基99售11,0,0,0,0,0,0,0,0,0,82000,0,0,0,82000,0,82000,82000
066444,華擎群益01購03  ,0,0,0,0,0,0,0,0,0,82000,0,0,0,82000,0,82000,82000
066650,宏達電康和01購01,0,0,0,0,0,0,0,0,0,82000,0,0,0,100000,18000,82000,82000
6215,和椿            ,84000,3000,81000,0,0,0,0,0,0,1000,1000,0,1000,0,0,0,82000
067392,欣興國泰03購01  ,0,0,0,0,0,0,0,0,0,81000,0,0,0,741000,660000,81000,81000
08213P,台光電統一9B售03,0,0,0,0,0,0,0,0,0,81000,0,0,0,155000,74000,81000,81000
057638,上銀元大99購01  ,0,0,0,0,0,0,0,0,0,81000,0,0,0,183000,102000,81000,81000
063314,美律群益9B購01  ,0,0,0,0,0,0,0,0,0,81000,0,0,0,81000,0,81000,81000
060688,世紀鋼元大9C購01,0,0,0,0,0,0,0,0,0,81000,0,0,0,306000,225000,81000,81000
060170,世紀鋼永豐9A購01,0,0,0,0,0,0,0,0,0,81000,0,0,0,91000,10000,81000,81000
061918,上銀凱基9B購02  ,0,0,0,0,0,0,0,0,0,81000,0,0,0,81000,0,81000,81000
066502,國巨富邦05購02  ,0,0,0,0,0,0,0,0,0,81000,0,0,0,200000,119000,81000,81000
065842,技嘉元大9C購05  ,0,0,0,0,0,0,0,0,0,81000,0,0,0,211000,130000,81000,81000
6235,華孚            ,513000,433000,80000,0,0,0,0,0,0,1000,1000,0,1000,0,0,0,81000
08366P,祥碩凱基9C售04  ,0,0,0,0,0,0,0,0,0,80000,0,0,0,270000,190000,80000,80000
08057P,京鼎群益9B售01  ,0,0,0,0,0,0,0,0,0,80000,0,0,0,110000,30000,80000,80000
07840P,康控元大9A售02  ,0,0,0,0,0,0,0,0,0,80000,0,0,0,200000,120000,80000,80000
07360P,台積電元大99售46,0,0,0,0,0,0,0,0,0,80000,0,0,0,130000,50000,80000,80000
064263,貿聯永豐9C購01  ,0,0,0,0,0,0,0,0,0,80000,0,0,0,80000,0,80000,80000
067425,京元電凱基01購01,0,0,0,0,0,0,0,0,0,80000,0,0,0,130000,50000,80000,80000
06807P,臺股指群益98售13,0,0,0,0,0,0,0,0,0,80000,0,0,0,81000,1000,80000,80000
057312,美律麥證98購01  ,0,0,0,80000,0,80000,0,0,0,80000,0,0,0,80000,0,80000,80000
057930,旺宏群益99購04  ,0,0,0,0,0,0,0,0,0,80000,0,0,0,80000,0,80000,80000
062759,旺宏凱基9B購07  ,0,0,0,0,0,0,0,0,0,80000,0,0,0,80000,0,80000,80000
062872,華通兆豐9C購01  ,0,0,0,0,0,0,0,0,0,80000,0,0,0,130000,50000,80000,80000
056411,緯穎國票99購01  ,0,0,0,0,0,0,0,0,0,80000,0,0,0,130000,50000,80000,80000
054461,台積電凱基97購09,0,0,0,0,0,0,0,0,0,80000,0,0,0,100000,20000,80000,80000
053782,京元電元大98購02,0,0,0,0,0,0,0,0,0,80000,0,0,0,80000,0,80000,80000
062155,國巨凱基9C購03  ,0,0,0,0,0,0,0,0,0,80000,0,0,0,80000,0,80000,80000
061267,玉山金凱基9B購01,0,0,0,0,0,0,0,0,0,80000,0,0,0,80000,0,80000,80000
059785,美律元大9A購03  ,0,0,0,0,0,0,0,0,0,80000,0,0,0,80000,0,80000,80000
061659,信邦永豐9A購01  ,0,0,0,0,0,0,0,0,0,80000,0,0,0,180000,100000,80000,80000
060946,世紀鋼國票9A購02,0,0,0,0,0,0,0,0,0,80000,0,0,0,80000,0,80000,80000
061005,可成兆豐9A購01  ,0,0,0,0,0,0,0,0,0,80000,0,0,0,100000,20000,80000,80000
059313,元石油元大99購06,0,0,0,0,0,0,0,0,0,80000,0,0,0,80000,0,80000,80000
063397,廣達群益9B購02  ,0,0,0,0,0,0,0,0,0,80000,0,0,0,173000,93000,80000,80000
060632,可成富邦9B購01  ,0,0,0,0,0,0,0,0,0,80000,0,0,0,81000,1000,80000,80000
066546,鴻海元大01購10  ,0,0,0,0,0,0,0,0,0,80000,0,0,0,80000,0,80000,80000
064397,旭富永豐9C購01  ,0,0,0,0,0,0,0,0,0,80000,0,0,0,80000,0,80000,80000
063753,矽創國票9C購01  ,0,0,0,0,0,0,0,0,0,80000,0,0,0,80000,0,80000,80000
065367,技嘉元大01購01  ,0,0,0,0,0,0,0,0,0,80000,0,0,0,131000,51000,80000,80000
08377P,臻鼎元富9C售02  ,0,0,0,0,0,0,0,0,0,80000,0,0,0,110000,30000,80000,80000
066747,台郡元大01購03  ,0,0,0,0,0,0,0,0,0,79000,0,0,0,146000,67000,79000,79000
063955,TPK元大9C購01   ,0,0,0,0,0,0,0,0,0,79000,0,0,0,217000,138000,79000,79000
07389P,臺股指群益9C售08,0,0,0,0,0,0,0,0,0,79000,0,0,0,99000,20000,79000,79000
062579,華通統一01購02  ,0,0,0,0,0,0,0,0,0,79000,0,0,0,268000,189000,79000,79000
06333P,臺股指群益9C售02,0,0,0,0,0,0,0,0,0,79000,0,0,0,193000,114000,79000,79000
062298,國巨第一9B購01  ,0,0,0,0,0,0,0,0,0,79000,0,0,0,79000,0,79000,79000
065729,聯詠凱基9C購04  ,0,0,0,0,0,0,0,0,0,79000,0,0,0,162000,83000,79000,79000
08527P,大立光元大01售06,0,0,0,0,0,0,0,0,0,79000,0,0,0,81000,2000,79000,79000
1506,正道            ,79000,0,79000,0,0,0,0,0,0,0,0,0,0,0,0,0,79000
07795P,美律國票9A售03  ,0,0,0,0,0,0,0,0,0,78000,0,0,0,138000,60000,78000,78000
067007,拓凱永豐01購02  ,0,0,0,0,0,0,0,0,0,78000,0,0,0,136000,58000,78000,78000
057783,台積電國票9A購01,0,0,0,0,0,0,0,0,0,78000,0,0,0,82000,4000,78000,78000
056994,緯穎兆豐98購02  ,0,0,0,0,0,0,0,0,0,78000,0,0,0,78000,0,78000,78000
062305,遠東新凱基9B購01,0,0,0,0,0,0,0,0,0,78000,0,0,0,83000,5000,78000,78000
059293,宏達電元富9B購01,0,0,0,0,0,0,0,0,0,78000,0,0,0,78000,0,78000,78000
065512,友訊群益01購01  ,0,0,0,0,0,0,0,0,0,78000,0,0,0,94000,16000,78000,78000
065850,緯創元大9C購06  ,0,0,0,0,0,0,0,0,0,78000,0,0,0,156000,78000,78000,78000
065433,緯創凱基9C購01  ,0,0,0,0,0,0,0,0,0,78000,0,0,0,185000,107000,78000,78000
064506,康控元大9C購02  ,0,0,0,0,0,0,0,0,0,78000,0,0,0,100000,22000,78000,78000
064560,技嘉群益01購01  ,0,0,0,0,0,0,0,0,0,78000,0,0,0,94000,16000,78000,78000
2706,第一店          ,83000,6000,77000,0,0,0,0,0,0,1000,1000,0,1000,0,0,0,78000
2029,盛餘            ,105000,28000,77000,0,0,0,0,0,0,1000,1000,0,1000,0,0,0,78000
2528,皇普            ,71000,3000,68000,0,0,0,0,0,0,10000,11000,1000,10000,0,0,0,78000
07752P,台灣50元大9C售33,0,0,0,0,0,0,0,0,0,77000,0,0,0,94000,17000,77000,77000
064004,全新凱基01購01  ,0,0,0,0,0,0,0,0,0,77000,0,0,0,126000,49000,77000,77000
064177,立積國泰01購01  ,0,0,0,0,0,0,0,0,0,77000,0,0,0,116000,39000,77000,77000
052152,創意富邦98購01  ,0,0,0,0,0,0,0,0,0,77000,0,0,0,77000,0,77000,77000
058464,矽創兆豐9A購01  ,0,0,0,0,0,0,0,0,0,77000,0,0,0,102000,25000,77000,77000
059187,國巨富邦9B購02  ,0,0,0,0,0,0,0,0,0,77000,0,0,0,87000,10000,77000,77000
058188,華擎永豐99購01  ,0,0,0,0,0,0,0,0,0,77000,0,0,0,117000,40000,77000,77000
058078,景碩國票99購01  ,0,0,0,0,0,0,0,0,0,77000,0,0,0,95000,18000,77000,77000
061032,金像電永豐9A購03,0,0,0,0,0,0,0,0,0,77000,0,0,0,100000,23000,77000,77000
063479,南六元大9B購06  ,0,0,0,0,0,0,0,0,0,77000,0,0,0,131000,54000,77000,77000
061157,聯鈞群益9A購02  ,0,0,0,0,0,0,0,0,0,77000,0,0,0,77000,0,77000,77000
061198,世紀鋼永豐9A購03,0,0,0,0,0,0,0,0,0,77000,0,0,0,181000,104000,77000,77000
065275,台灣50群益02購02,0,0,0,0,0,0,0,0,0,77000,0,0,0,85000,8000,77000,77000
064876,旺宏兆豐9C購01  ,0,0,0,0,0,0,0,0,0,77000,0,0,0,280000,203000,77000,77000
065500,健鼎富邦01購01  ,0,0,0,0,0,0,0,0,0,77000,0,0,0,77000,0,77000,77000
066347,鎧勝永豐01購01  ,0,0,0,0,0,0,0,0,0,77000,0,0,0,268000,191000,77000,77000
1507,永大            ,141000,65000,76000,0,0,0,0,0,0,1000,1000,0,1000,0,0,0,77000
8028,昇陽半導體      ,185000,107000,78000,0,0,0,0,0,0,-1000,1000,3000,-2000,18000,17000,1000,77000
08349P,南六元大9C售03  ,0,0,0,0,0,0,0,0,0,76000,0,0,0,76000,0,76000,76000
067069,友訊元大01購03  ,0,0,0,0,0,0,0,0,0,76000,0,0,0,300000,224000,76000,76000
066941,滬深2X元大03購01,0,0,0,0,0,0,0,0,0,76000,0,0,0,90000,14000,76000,76000
06793P,臺股指凱基98售03,0,0,0,0,0,0,0,0,0,76000,0,0,0,76000,0,76000,76000
058249,緯穎元大99購04  ,0,0,0,0,0,0,0,0,0,76000,0,0,0,101000,25000,76000,76000
057325,可成群益9A購01  ,0,0,0,0,0,0,0,0,0,76000,0,0,0,76000,0,76000,76000
03022X,富展01          ,0,0,0,0,0,0,0,0,0,76000,0,0,0,77000,1000,76000,76000
061178,晶技凱基9B購01  ,0,0,0,0,0,0,0,0,0,76000,0,0,0,77000,1000,76000,76000
062307,華通凱基9C購01  ,0,0,0,0,0,0,0,0,0,76000,0,0,0,141000,65000,76000,76000
063147,東元元富9B購01  ,0,0,0,0,0,0,0,0,0,76000,0,0,0,180000,104000,76000,76000
063236,旺宏元大9B購07  ,0,0,0,0,0,0,0,0,0,76000,0,0,0,86000,10000,76000,76000
061581,貿聯元大9A購05  ,0,0,0,0,0,0,0,0,0,76000,0,0,0,76000,0,76000,76000
066651,創意康和01購04  ,0,0,0,0,0,0,0,0,0,76000,0,0,0,231000,155000,76000,76000
1460,宏遠            ,295000,220000,75000,0,0,0,0,0,0,1000,1000,0,1000,0,0,0,76000
3031,佰鴻            ,76000,2000,74000,0,0,0,0,0,0,2000,2000,0,2000,0,0,0,76000
066910,華擎凱基01購03  ,0,0,0,0,0,0,0,0,0,75000,0,0,0,169000,94000,75000,75000
07861P,台灣50中信03售08,0,0,0,0,0,0,0,0,0,75000,0,0,0,157000,82000,75000,75000
064119,上銀元大9C購06  ,0,0,0,0,0,0,0,0,0,75000,0,0,0,75000,0,75000,75000
058278,FBVIX中信03購02 ,0,0,0,0,0,0,0,0,0,75000,0,0,0,78000,3000,75000,75000
058596,旺宏台新99購01  ,0,0,0,0,0,0,0,0,0,75000,0,0,0,75000,0,75000,75000
058937,仁寶中信99購01  ,0,0,0,0,0,0,0,0,0,75000,0,0,0,100000,25000,75000,75000
061587,美律富邦9A購02  ,0,0,0,0,0,0,0,0,0,75000,0,0,0,80000,5000,75000,75000
060870,旭富群益9A購01  ,0,0,0,0,0,0,0,0,0,75000,0,0,0,75000,0,75000,75000
066263,華碩元大02購01  ,0,0,0,0,0,0,0,0,0,75000,0,0,0,155000,80000,75000,75000
065498,台積電富邦04購02,0,0,0,0,0,0,0,0,0,75000,0,0,0,113000,38000,75000,75000
08009P,華擎統一9B售02  ,0,0,0,0,0,0,0,0,0,74000,0,0,0,74000,0,74000,74000
067173,京鼎兆豐01購01  ,0,0,0,0,0,0,0,0,0,74000,0,0,0,75000,1000,74000,74000
059097,世紀鋼元大99購05,0,0,0,0,0,0,0,0,0,74000,0,0,0,184000,110000,74000,74000
056608,力山永豐98購01  ,0,0,0,0,0,0,0,0,0,74000,0,0,0,84000,10000,74000,74000
052658,友達元富9C購01  ,0,0,0,0,0,0,0,0,0,74000,0,0,0,74000,0,74000,74000
061604,台光電凱基9B購01,0,0,0,0,0,0,0,0,0,74000,0,0,0,171000,97000,74000,74000
062500,國巨群益01購01  ,0,0,0,0,0,0,0,0,0,74000,0,0,0,76000,2000,74000,74000
065504,宏達電永豐9C購01,0,0,0,0,0,0,0,0,0,74000,0,0,0,79000,5000,74000,74000
065902,燿華富邦02購01  ,0,0,0,0,0,0,0,0,0,74000,0,0,0,101000,27000,74000,74000
066036,神隆元大02購01  ,0,0,0,0,0,0,0,0,0,74000,0,0,0,100000,26000,74000,74000
066096,友訊中信05購02  ,0,0,0,0,0,0,0,0,0,74000,0,0,0,74000,0,74000,74000
066326,敦陽科永豐01購01,0,0,0,0,0,0,0,0,0,74000,0,0,0,84000,10000,74000,74000
066513,精元永豐01購02  ,0,0,0,0,0,0,0,0,0,74000,0,0,0,128000,54000,74000,74000
063729,國巨元大9C購08  ,0,0,0,0,0,0,0,0,0,74000,0,0,0,124000,50000,74000,74000
2501,國建            ,608000,442000,166000,0,0,0,0,0,0,-92000,0,92000,-92000,0,0,0,74000
08629P,緯創凱基9C售02  ,0,0,0,0,0,0,0,0,0,74000,0,0,0,116000,42000,74000,74000
067580,亞德客群益01購03,0,0,0,0,0,0,0,0,0,73000,0,0,0,76000,3000,73000,73000
062132,神隆群益9B購01  ,0,0,0,0,0,0,0,0,0,73000,0,0,0,73000,0,73000,73000
065412,金像電永豐9C購01,0,0,0,0,0,0,0,0,0,73000,0,0,0,75000,2000,73000,73000
066363,美律中信05購01  ,0,0,0,0,0,0,0,0,0,73000,0,0,0,173000,100000,73000,73000
03687C,臺股指凱基9C牛22,0,0,0,0,0,0,0,0,0,72000,0,0,0,141000,69000,72000,72000
058504,台積電元大99購07,0,0,0,0,0,0,0,0,0,72000,0,0,0,74000,2000,72000,72000
057564,台積電富邦9B購03,0,0,0,0,0,0,0,0,0,72000,0,0,0,421000,349000,72000,72000
061767,信邦元大9B購01  ,0,0,0,0,0,0,0,0,0,72000,0,0,0,167000,95000,72000,72000
062016,美食永豐9B購01  ,0,0,0,0,0,0,0,0,0,72000,0,0,0,83000,11000,72000,72000
066225,松翰國泰03購01  ,0,0,0,0,0,0,0,0,0,72000,0,0,0,87000,15000,72000,72000
066597,緯穎群益02購01  ,0,0,0,0,0,0,0,0,0,72000,0,0,0,89000,17000,72000,72000
066066,鴻海凱基01購05  ,0,0,0,0,0,0,0,0,0,72000,0,0,0,202000,130000,72000,72000
065968,國巨元大02購01  ,0,0,0,0,0,0,0,0,0,72000,0,0,0,100000,28000,72000,72000
064361,旺宏統一01購06  ,0,0,0,0,0,0,0,0,0,72000,0,0,0,78000,6000,72000,72000
9905,大華            ,74000,2000,72000,0,0,0,0,0,0,0,0,0,0,0,0,0,72000
3413,京鼎            ,686000,777474,-91474,0,0,0,70000,0,70000,93000,3000,22000,-19000,124000,12000,112000,71526
063816,TPK群益9C購01   ,0,0,0,0,0,0,0,0,0,71000,0,0,0,216000,145000,71000,71000
060189,宏達電元富9B購03,0,0,0,0,0,0,0,0,0,71000,0,0,0,170000,99000,71000,71000
063306,聯茂凱基9C購01  ,0,0,0,0,0,0,0,0,0,71000,0,0,0,91000,20000,71000,71000
063789,智邦台新9C購01  ,0,0,0,0,0,0,0,0,0,71000,0,0,0,99000,28000,71000,71000
065267,聯鈞元大9C購02  ,0,0,0,0,0,0,0,0,0,71000,0,0,0,95000,24000,71000,71000
065214,友達國泰01購01  ,0,0,0,0,0,0,0,0,0,71000,0,0,0,128000,57000,71000,71000
4164,承業醫          ,203000,117000,86000,0,0,0,0,1000,-1000,-14000,0,14000,-14000,0,0,0,71000
08537P,台光電國票01售03,0,0,0,0,0,0,0,0,0,71000,0,0,0,71000,0,71000,71000
07128P,大毅元大99售04  ,0,0,0,0,0,0,0,0,0,70000,0,0,0,70000,0,70000,70000
06899P,嘉澤群益98售01  ,0,0,0,0,0,0,0,0,0,70000,0,0,0,70000,0,70000,70000
067438,緯穎凱基01購03  ,0,0,0,0,0,0,0,0,0,70000,0,0,0,131000,61000,70000,70000
066677,台泥兆豐03購01  ,0,0,0,0,0,0,0,0,0,70000,0,0,0,343000,273000,70000,70000
08090P,嘉澤統一9B售01  ,0,0,0,0,0,0,0,0,0,70000,0,0,0,633000,563000,70000,70000
08222P,南六凱基9B售05  ,0,0,0,0,0,0,0,0,0,70000,0,0,0,670000,600000,70000,70000
064016,南六國票01購01  ,0,0,0,0,0,0,0,0,0,70000,0,0,0,70000,0,70000,70000
063837,亞德客元大01購01,0,0,0,0,0,0,0,0,0,70000,0,0,0,100000,30000,70000,70000
057455,景碩國泰99購01  ,0,0,0,0,0,0,0,0,0,70000,0,0,0,70000,0,70000,70000
057875,京鼎元大98購03  ,0,0,0,0,0,0,0,0,0,70000,0,0,0,146000,76000,70000,70000
058080,台積電群益98購06,0,0,0,0,0,0,0,0,0,70000,0,0,0,74000,4000,70000,70000
058074,欣興凱基99購01  ,0,0,0,0,0,0,0,0,0,70000,0,0,0,78000,8000,70000,70000
062877,可成兆豐9C購01  ,0,0,0,0,0,0,0,0,0,70000,0,0,0,85000,15000,70000,70000
058438,大立光統一9B購01,0,0,0,0,0,0,0,0,0,70000,0,0,0,70000,0,70000,70000
058398,中環元大99購02  ,0,0,0,0,0,0,0,0,0,70000,0,0,0,70000,0,70000,70000
056550,瑞儀凱基99購01  ,0,0,0,0,0,0,0,0,0,70000,0,0,0,150000,80000,70000,70000
052755,滬深2X群益9A購01,0,0,0,0,0,0,0,0,0,70000,0,0,0,70000,0,70000,70000
054101,茂林國票97購04  ,0,0,0,0,0,0,0,0,0,70000,0,0,0,70000,0,70000,70000
063308,緯穎凱基9B購05  ,0,0,0,0,0,0,0,0,0,70000,0,0,0,70000,0,70000,70000
060417,正隆永豐9A購01  ,0,0,0,0,0,0,0,0,0,70000,0,0,0,182000,112000,70000,70000
061949,大立光群益9B購03,0,0,0,0,0,0,0,0,0,70000,0,0,0,70000,0,70000,70000
061764,旺宏元大9B購01  ,0,0,0,0,0,0,0,0,0,70000,0,0,0,70000,0,70000,70000
062496,矽創中信9B購01  ,0,0,0,0,0,0,0,0,0,70000,0,0,0,270000,200000,70000,70000
065134,中石化凱基01購01,0,0,0,0,0,0,0,0,0,70000,0,0,0,70000,0,70000,70000
064660,華通元大9C購05  ,0,0,0,0,0,0,0,0,0,70000,0,0,0,120000,50000,70000,70000
064753,英業達凱基9C購01,0,0,0,0,0,0,0,0,0,70000,0,0,0,70000,0,70000,70000
065491,華新科國泰02購01,0,0,0,0,0,0,0,0,0,70000,0,0,0,132000,62000,70000,70000
065572,泰碩群益01購01  ,0,0,0,0,0,0,0,0,0,70000,0,0,0,140000,70000,70000,70000
066489,京鼎元富04購01  ,0,0,0,0,0,0,0,0,0,70000,0,0,0,173000,103000,70000,70000
066235,大毅富邦04購01  ,0,0,0,0,0,0,0,0,0,70000,0,0,0,98000,28000,70000,70000
066255,英利元大01購01  ,0,0,0,0,0,0,0,0,0,70000,0,0,0,70000,0,70000,70000
066109,南電國票02購01  ,0,0,0,0,0,0,0,0,0,70000,0,0,0,70000,0,70000,70000
066319,聯強永豐01購01  ,0,0,0,0,0,0,0,0,0,70000,0,0,0,112000,42000,70000,70000
08668P,燿華群益01售01  ,0,0,0,0,0,0,0,0,0,70000,0,0,0,75000,5000,70000,70000
1618,合機            ,72000,2000,70000,0,0,0,0,0,0,0,0,0,0,0,0,0,70000
2228,劍麟            ,97000,36000,61000,0,0,0,0,0,0,9000,0,0,0,10000,1000,9000,70000
1201,味全            ,2081000,2011439,69561,0,0,0,0,0,0,0,0,0,0,0,0,0,69561
1615,大山            ,72216,3000,69216,0,0,0,0,0,0,0,0,0,0,0,0,0,69216
067124,華擎富邦03購01  ,0,0,0,0,0,0,0,0,0,69000,0,0,0,88000,19000,69000,69000
056891,國巨元大99購03  ,0,0,0,0,0,0,0,0,0,69000,0,0,0,105000,36000,69000,69000
053559,台積電國泰98購01,0,0,0,0,0,0,0,0,0,69000,0,0,0,839000,770000,69000,69000
062935,華通凱基9C購02  ,0,0,0,0,0,0,0,0,0,69000,0,0,0,82000,13000,69000,69000
057937,神達群益98購02  ,0,0,0,0,0,0,0,0,0,69000,0,0,0,69000,0,69000,69000
058746,華通凱基9A購02  ,0,0,0,0,0,0,0,0,0,69000,0,0,0,84000,15000,69000,69000
059224,大立光元大99購15,0,0,0,0,0,0,0,0,0,69000,0,0,0,82000,13000,69000,69000
061524,華通凱基9A購07  ,0,0,0,0,0,0,0,0,0,69000,0,0,0,130000,61000,69000,69000
061530,智邦台新9A購02  ,0,0,0,0,0,0,0,0,0,69000,0,0,0,69000,0,69000,69000
064409,彩晶凱基04購01  ,0,0,0,0,0,0,0,0,0,69000,0,0,0,79000,10000,69000,69000
1527,鑽全            ,116000,49000,67000,0,0,0,0,0,0,2000,3000,1000,2000,0,0,0,69000
1220,台榮            ,69000,0,69000,0,0,0,0,0,0,0,0,0,0,0,0,0,69000
8070,長華*           ,76000,61000,15000,0,0,0,0,0,0,54000,54000,0,54000,0,0,0,69000
067104,聯發科群益01購05,0,0,0,0,0,0,0,0,0,68000,0,0,0,163000,95000,68000,68000
064089,新日興凱基02購01,0,0,0,0,0,0,0,0,0,68000,0,0,0,70000,2000,68000,68000
08062P,華擎國票9B售03  ,0,0,0,0,0,0,0,0,0,68000,0,0,0,108000,40000,68000,68000
057568,友訊永豐99購01  ,0,0,0,0,0,0,0,0,0,68000,0,0,0,68000,0,68000,68000
057299,立積永豐98購02  ,0,0,0,0,0,0,0,0,0,68000,0,0,0,68000,0,68000,68000
059009,世紀鋼元大99購04,0,0,0,0,0,0,0,0,0,68000,0,0,0,161000,93000,68000,68000
056390,台積電富邦9B購01,0,0,0,0,0,0,0,0,0,68000,0,0,0,79000,11000,68000,68000
061983,華新科元大9B購04,0,0,0,0,0,0,0,0,0,68000,0,0,0,69000,1000,68000,68000
059855,緯穎永豐99購04  ,0,0,0,0,0,0,0,0,0,68000,0,0,0,95000,27000,68000,68000
059951,台塑康和99購01  ,0,0,0,0,0,0,0,0,0,68000,0,0,0,68000,0,68000,68000
062956,同欣電永豐9B購02,0,0,0,0,0,0,0,0,0,68000,0,0,0,68000,0,68000,68000
060360,南亞科元富9A購02,0,0,0,0,0,0,0,0,0,68000,0,0,0,75000,7000,68000,68000
060824,旺宏元大9A購06  ,0,0,0,0,0,0,0,0,0,68000,0,0,0,68000,0,68000,68000
061645,超眾元大9A購06  ,0,0,0,0,0,0,0,0,0,68000,0,0,0,129000,61000,68000,68000
062469,旺宏凱基9B購05  ,0,0,0,0,0,0,0,0,0,68000,0,0,0,68000,0,68000,68000
064304,信邦兆豐01購01  ,0,0,0,0,0,0,0,0,0,68000,0,0,0,144000,76000,68000,68000
065104,南茂元大9C購02  ,0,0,0,0,0,0,0,0,0,68000,0,0,0,78000,10000,68000,68000
065314,矽創國票01購02  ,0,0,0,0,0,0,0,0,0,68000,0,0,0,158000,90000,68000,68000
066355,惠特永豐01購01  ,0,0,0,0,0,0,0,0,0,68000,0,0,0,68000,0,68000,68000
066093,世紀鋼永豐01購01,0,0,0,0,0,0,0,0,0,68000,0,0,0,68000,0,68000,68000
6533,晶心科          ,308000,240000,68000,0,0,0,0,0,0,0,0,0,0,0,0,0,68000
5907,大洋-KY         ,82000,14000,68000,0,0,0,0,0,0,0,0,0,0,0,0,0,68000
08528P,台勝科元大9C售02,0,0,0,0,0,0,0,0,0,68000,0,0,0,68000,0,68000,68000
1786,科妍            ,90000,22000,68000,0,0,0,0,0,0,0,2000,2000,0,0,0,0,68000
2524,京城            ,114000,47000,67000,0,0,0,0,0,0,1000,1000,0,1000,0,0,0,68000
3055,蔚華科          ,64000,39000,25000,0,0,0,0,0,0,43000,43000,0,43000,0,0,0,68000
064020,華通元大01購01  ,0,0,0,0,0,0,0,0,0,67000,0,0,0,144000,77000,67000,67000
064080,宏達電中信06購01,0,0,0,0,0,0,0,0,0,67000,0,0,0,97000,30000,67000,67000
067001,中化永豐01購02  ,0,0,0,0,0,0,0,0,0,67000,0,0,0,67000,0,67000,67000
067010,訊芯永豐01購01  ,0,0,0,0,0,0,0,0,0,67000,0,0,0,68000,1000,67000,67000
066968,技嘉元富07購01  ,0,0,0,0,0,0,0,0,0,67000,0,0,0,250000,183000,67000,67000
067574,臺指反群益01購04,0,0,0,0,0,0,0,0,0,67000,0,0,0,67000,0,67000,67000
062801,宏達電統一01購01,0,0,0,0,0,0,0,0,0,67000,0,0,0,120000,53000,67000,67000
057813,京元電元大98購03,0,0,0,0,0,0,0,0,0,67000,0,0,0,77000,10000,67000,67000
060710,上銀永豐9A購01  ,0,0,0,0,0,0,0,0,0,67000,0,0,0,67000,0,67000,67000
063478,GIS元大9B購03   ,0,0,0,0,0,0,0,0,0,67000,0,0,0,224000,157000,67000,67000
060315,易華電永豐9A購01,0,0,0,0,0,0,0,0,0,67000,0,0,0,67000,0,67000,67000
065643,聯發科元大01購06,0,0,0,0,0,0,0,0,0,67000,0,0,0,787000,720000,67000,67000
066441,聯強群益01購01  ,0,0,0,0,0,0,0,0,0,67000,0,0,0,122000,55000,67000,67000
064671,聯茂元大9C購02  ,0,0,0,0,0,0,0,0,0,67000,0,0,0,185000,118000,67000,67000
4967,十銓            ,348000,282000,66000,0,0,0,0,0,0,1000,1000,0,1000,0,0,0,67000
6177,達麗            ,156000,102000,54000,0,0,0,0,0,0,13000,1000,3000,-2000,15000,0,15000,67000
6183,關貿            ,84000,18000,66000,0,0,0,0,0,0,1000,1000,0,1000,0,0,0,67000
6525,捷敏-KY         ,66000,4000,62000,0,0,0,0,0,0,5000,5000,0,5000,0,0,0,67000
063877,鴻海元富9C購01  ,0,0,0,0,0,0,0,0,0,66000,0,0,0,66000,0,66000,66000
063125,華擎元大9C購02  ,0,0,0,0,0,0,0,0,0,66000,0,0,0,249000,183000,66000,66000
07940P,國巨群益9B售06  ,0,0,0,0,0,0,0,0,0,66000,0,0,0,71000,5000,66000,66000
058768,南港兆豐99購01  ,0,0,0,0,0,0,0,0,0,66000,0,0,0,86000,20000,66000,66000
062577,泰鼎群益9B購01  ,0,0,0,0,0,0,0,0,0,66000,0,0,0,71000,5000,66000,66000
058067,台積電第一9C購01,0,0,0,0,0,0,0,0,0,66000,0,0,0,66000,0,66000,66000
00651R,FH香港反1       ,148000,0,148000,0,0,0,0,0,0,-82000,0,0,0,140000,222000,-82000,66000
0052,富邦科技        ,7000,7000,0,0,0,0,0,0,0,66000,0,0,0,185000,119000,66000,66000
03433B,臺股指元大9C熊01,0,0,0,0,0,0,0,0,0,66000,0,0,0,169000,103000,66000,66000
062489,可成永豐9B購02  ,0,0,0,0,0,0,0,0,0,66000,0,0,0,66000,0,66000,66000
063480,南六元大9C購01  ,0,0,0,0,0,0,0,0,0,66000,0,0,0,66000,0,66000,66000
063498,金像電永豐9B購02,0,0,0,0,0,0,0,0,0,66000,0,0,0,88000,22000,66000,66000
060928,明泰永豐9A購01  ,0,0,0,0,0,0,0,0,0,66000,0,0,0,66000,0,66000,66000
065380,緯穎元大9C購02  ,0,0,0,0,0,0,0,0,0,66000,0,0,0,166000,100000,66000,66000
065725,技嘉凱基9C購03  ,0,0,0,0,0,0,0,0,0,66000,0,0,0,103000,37000,66000,66000
065742,宏達電麥證9C購01,0,0,0,76000,0,76000,0,0,0,66000,0,0,0,76000,10000,66000,66000
065624,聯詠中信9C購01  ,0,0,0,0,0,0,0,0,0,66000,0,0,0,87000,21000,66000,66000
6115,鎰勝            ,68000,4000,64000,0,0,0,0,0,0,2000,2000,0,2000,0,0,0,66000
07958P,華擎群益9B售01  ,0,0,0,0,0,0,0,0,0,65000,0,0,0,70000,5000,65000,65000
08216P,聯發科群益9C售05,0,0,0,0,0,0,0,0,0,65000,0,0,0,95000,30000,65000,65000
067368,技嘉統一03購01  ,0,0,0,0,0,0,0,0,0,65000,0,0,0,108000,43000,65000,65000
057060,緯穎元大98購05  ,0,0,0,0,0,0,0,0,0,65000,0,0,0,65000,0,65000,65000
057770,亞德客群益98購01,0,0,0,0,0,0,0,0,0,65000,0,0,0,65000,0,65000,65000
062398,建準永豐9B購01  ,0,0,0,0,0,0,0,0,0,65000,0,0,0,210000,145000,65000,65000
059695,聯鈞永豐99購02  ,0,0,0,0,0,0,0,0,0,65000,0,0,0,65000,0,65000,65000
061435,元金2X凱基9C購03,0,0,0,0,0,0,0,0,0,65000,0,0,0,65000,0,65000,65000
059870,全新凱基99購05  ,0,0,0,0,0,0,0,0,0,65000,0,0,0,65000,0,65000,65000
060130,瀚宇博永豐99購02,0,0,0,0,0,0,0,0,0,65000,0,0,0,75000,10000,65000,65000
065540,台表科統一02購05,0,0,0,0,0,0,0,0,0,65000,0,0,0,146000,81000,65000,65000
066229,力山富邦04購01  ,0,0,0,0,0,0,0,0,0,65000,0,0,0,564000,499000,65000,65000
066196,南港統一03購01  ,0,0,0,0,0,0,0,0,0,65000,0,0,0,218000,153000,65000,65000
065320,技嘉凱基9C購02  ,0,0,0,0,0,0,0,0,0,65000,0,0,0,80000,15000,65000,65000
065230,義隆凱基02購01  ,0,0,0,0,0,0,0,0,0,65000,0,0,0,109000,44000,65000,65000
065241,南電凱基01購02  ,0,0,0,0,0,0,0,0,0,65000,0,0,0,65000,0,65000,65000
5288,豐祥-KY         ,79000,12000,67000,0,0,0,0,0,0,-2000,0,2000,-2000,0,0,0,65000
5305,敦南            ,168000,107000,61000,0,0,0,0,0,0,4000,4000,0,4000,0,0,0,65000
2239,英利-KY         ,77000,13000,64000,0,0,0,0,0,0,1000,1000,0,1000,0,0,0,65000
08587P,聯發科中信01售05,0,0,0,0,0,0,0,0,0,65000,0,0,0,100000,35000,65000,65000
1459,聯發            ,65000,0,65000,0,0,0,0,0,0,0,0,0,0,0,0,0,65000
08832P,台表科群益01售01,0,0,0,0,0,0,0,0,0,65000,0,0,0,68000,3000,65000,65000
08881P,奇力新凱基01售02,0,0,0,0,0,0,0,0,0,65000,0,0,0,65000,0,65000,65000
066876,大立光富邦05購01,0,0,0,0,0,0,0,0,0,64000,0,0,0,220000,156000,64000,64000
07413P,國巨元大99售33  ,0,0,0,0,0,0,0,0,0,64000,0,0,0,64000,0,64000,64000
063961,世紀鋼元大9C購05,0,0,0,0,0,0,0,0,0,64000,0,0,0,250000,186000,64000,64000
057819,新日興元大99購01,0,0,0,0,0,0,0,0,0,64000,0,0,0,64000,0,64000,64000
058581,大立光群益99購05,0,0,0,0,0,0,0,0,0,64000,0,0,0,64000,0,64000,64000
057009,信邦中信99購01  ,0,0,0,0,0,0,0,0,0,64000,0,0,0,64000,0,64000,64000
062063,世紀鋼統一9C購01,0,0,0,0,0,0,0,0,0,64000,0,0,0,147000,83000,64000,64000
062501,台積電群益9C購03,0,0,0,0,0,0,0,0,0,64000,0,0,0,72000,8000,64000,64000
062011,上銀富邦9C購01  ,0,0,0,0,0,0,0,0,0,64000,0,0,0,84000,20000,64000,64000
061716,瑞儀凱基9B購01  ,0,0,0,0,0,0,0,0,0,64000,0,0,0,94000,30000,64000,64000
060784,鴻海富邦9C購01  ,0,0,0,0,0,0,0,0,0,64000,0,0,0,64000,0,64000,64000
065026,世紀鋼永豐9C購02,0,0,0,0,0,0,0,0,0,64000,0,0,0,94000,30000,64000,64000
064596,台表科統一01購03,0,0,0,0,0,0,0,0,0,64000,0,0,0,78000,14000,64000,64000
066318,友訊永豐01購01  ,0,0,0,0,0,0,0,0,0,64000,0,0,0,64000,0,64000,64000
066335,潤泰全永豐01購01,0,0,0,0,0,0,0,0,0,64000,0,0,0,64000,0,64000,64000
065798,華通群益01購03  ,0,0,0,0,0,0,0,0,0,64000,0,0,0,138000,74000,64000,64000
5007,三星            ,94000,31000,63000,0,0,0,0,0,0,1000,1000,0,1000,0,0,0,64000
064092,世紀鋼凱基9C購03,0,0,0,0,0,0,0,0,0,63000,0,0,0,70000,7000,63000,63000
067384,南六統一01購03  ,0,0,0,0,0,0,0,0,0,63000,0,0,0,75000,12000,63000,63000
058552,欣興永豐99購01  ,0,0,0,0,0,0,0,0,0,63000,0,0,0,150000,87000,63000,63000
058762,貿聯群益99購03  ,0,0,0,0,0,0,0,0,0,63000,0,0,0,63000,0,63000,63000
066301,大成永豐01購01  ,0,0,0,0,0,0,0,0,0,63000,0,0,0,93000,30000,63000,63000
4526,東台            ,126000,63000,63000,0,0,0,0,0,0,0,0,0,0,0,0,0,63000
3443,創意            ,872000,975000,-103000,0,0,0,20000,0,20000,146000,170000,47000,123000,67000,44000,23000,63000
2727,王品            ,92000,29000,63000,0,0,0,0,0,0,0,0,0,0,0,0,0,63000
2038,海光            ,84000,20000,64000,0,0,0,0,0,0,-1000,0,1000,-1000,0,0,0,63000
08737P,聯詠凱基01售01  ,0,0,0,0,0,0,0,0,0,63000,0,0,0,63000,0,63000,63000
066980,台光電群益01購02,0,0,0,0,0,0,0,0,0,62000,0,0,0,83000,21000,62000,62000
067226,台灣50群益01購09,0,0,0,0,0,0,0,0,0,62000,0,0,0,81000,19000,62000,62000
063845,旺宏元大9C購03  ,0,0,0,0,0,0,0,0,0,62000,0,0,0,72000,10000,62000,62000
063117,聯茂麥證9B購01  ,0,0,0,198000,136000,62000,0,0,0,62000,0,0,0,198000,136000,62000,62000
07977P,華新科群益01售01,0,0,0,0,0,0,0,0,0,62000,0,0,0,62000,0,62000,62000
059242,南亞科凱基99購06,0,0,0,0,0,0,0,0,0,62000,0,0,0,103000,41000,62000,62000
062680,微星統一01購01  ,0,0,0,0,0,0,0,0,0,62000,0,0,0,62000,0,62000,62000
060819,國巨統一9C購04  ,0,0,0,0,0,0,0,0,0,62000,0,0,0,62000,0,62000,62000
060340,國巨統一01購02  ,0,0,0,0,0,0,0,0,0,62000,0,0,0,100000,38000,62000,62000
063247,信邦元大9B購02  ,0,0,0,0,0,0,0,0,0,62000,0,0,0,123000,61000,62000,62000
059907,道瓊指元大99購03,0,0,0,0,0,0,0,0,0,62000,0,0,0,65000,3000,62000,62000
059755,宏達電國泰9A購01,0,0,0,0,0,0,0,0,0,62000,0,0,0,98000,36000,62000,62000
066312,川湖永豐01購01  ,0,0,0,0,0,0,0,0,0,62000,0,0,0,88000,26000,62000,62000
08826P,健策元大01售08  ,0,0,0,0,0,0,0,0,0,62000,0,0,0,78000,16000,62000,62000
1219,福壽            ,63000,1000,62000,0,0,0,0,0,0,0,0,0,0,0,0,0,62000
062663,聯發科群益9B購07,0,0,0,0,0,0,0,0,0,61000,0,0,0,166000,105000,61000,61000
058997,鴻海元大99購21  ,0,0,0,0,0,0,0,0,0,61000,0,0,0,61000,0,61000,61000
062075,智邦元大9B購03  ,0,0,0,0,0,0,0,0,0,61000,0,0,0,115000,54000,61000,61000
063394,金像電群益9B購01,0,0,0,0,0,0,0,0,0,61000,0,0,0,61000,0,61000,61000
059656,T50反1元大99購11,0,0,0,0,0,0,0,0,0,61000,0,0,0,61000,0,61000,61000
059343,宏達電凱基99購04,0,0,0,0,0,0,0,0,0,61000,0,0,0,61000,0,61000,61000
066209,聯鈞統一03購01  ,0,0,0,0,0,0,0,0,0,61000,0,0,0,61000,0,61000,61000
066163,友訊凱基01購01  ,0,0,0,0,0,0,0,0,0,61000,0,0,0,70000,9000,61000,61000
065099,聯茂元大9C購03  ,0,0,0,0,0,0,0,0,0,61000,0,0,0,150000,89000,61000,61000
1603,華電            ,75000,15000,60000,0,0,0,0,0,0,1000,1000,0,1000,0,0,0,61000
08694P,大立光群益01售05,0,0,0,0,0,0,0,0,0,61000,0,0,0,61000,0,61000,61000
2208,台船            ,345000,202000,143000,0,0,0,0,0,0,-82000,1000,0,1000,0,83000,-83000,61000
2305,全友            ,173000,117000,56000,0,0,0,0,0,0,5000,5000,0,5000,0,0,0,61000
6155,鈞寶            ,100000,39000,61000,0,0,0,0,0,0,0,0,0,0,0,0,0,61000
9924,福興            ,65000,3000,62000,0,0,0,0,0,0,-1000,0,1000,-1000,0,0,0,61000
08157P,大立光元富9B售06,0,0,0,0,0,0,0,0,0,60000,0,0,0,167000,107000,60000,60000
063832,矽創國票01購01  ,0,0,0,0,0,0,0,0,0,60000,0,0,0,60000,0,60000,60000
066991,訊芯群益01購01  ,0,0,0,0,0,0,0,0,0,60000,0,0,0,98000,38000,60000,60000
06750P,聯發科元富02售03,0,0,0,0,0,0,0,0,0,60000,0,0,0,60000,0,60000,60000
067473,旺宏元大02購01  ,0,0,0,0,0,0,0,0,0,60000,0,0,0,91000,31000,60000,60000
07134P,臺股指元大9A售28,0,0,0,0,0,0,0,0,0,60000,0,0,0,60000,0,60000,60000
059083,華通元大99購07  ,0,0,0,0,0,0,0,0,0,60000,0,0,0,61000,1000,60000,60000
057739,新日興富邦9B購01,0,0,0,0,0,0,0,0,0,60000,0,0,0,70000,10000,60000,60000
058864,欣興凱基99購04  ,0,0,0,0,0,0,0,0,0,60000,0,0,0,65000,5000,60000,60000
057453,矽創元富98購01  ,0,0,0,0,0,0,0,0,0,60000,0,0,0,60000,0,60000,60000
055040,台虹富邦99購01  ,0,0,0,0,0,0,0,0,0,60000,0,0,0,60000,0,60000,60000
055137,GIS富邦98購01   ,0,0,0,0,0,0,0,0,0,60000,0,0,0,60000,0,60000,60000
059510,華新科永豐99購07,0,0,0,0,0,0,0,0,0,60000,0,0,0,90000,30000,60000,60000
061547,禾伸堂群益9A購01,0,0,0,0,0,0,0,0,0,60000,0,0,0,60000,0,60000,60000
061653,上証2X國票9A購02,0,0,0,0,0,0,0,0,0,60000,0,0,0,90000,30000,60000,60000
061654,旺宏國票9A購02  ,0,0,0,0,0,0,0,0,0,60000,0,0,0,60000,0,60000,60000
060546,旺宏凱基9A購02  ,0,0,0,0,0,0,0,0,0,60000,0,0,0,60000,0,60000,60000
060612,世紀鋼凱基9A購01,0,0,0,0,0,0,0,0,0,60000,0,0,0,70000,10000,60000,60000
060567,華擎富邦9C購01  ,0,0,0,0,0,0,0,0,0,60000,0,0,0,62000,2000,60000,60000
062076,美律元大9B購02  ,0,0,0,0,0,0,0,0,0,60000,0,0,0,60000,0,60000,60000
062056,國巨統一9C購08  ,0,0,0,0,0,0,0,0,0,60000,0,0,0,60000,0,60000,60000
061747,南亞科統一01購01,0,0,0,0,0,0,0,0,0,60000,0,0,0,75000,15000,60000,60000
061544,大毅群益9B購02  ,0,0,0,0,0,0,0,0,0,60000,0,0,0,60000,0,60000,60000
064996,T50反1國票01購03,0,0,0,0,0,0,0,0,0,60000,0,0,0,60000,0,60000,60000
066111,上銀兆豐02購01  ,0,0,0,0,0,0,0,0,0,60000,0,0,0,80000,20000,60000,60000
066662,建準凱基02購01  ,0,0,0,0,0,0,0,0,0,60000,0,0,0,130000,70000,60000,60000
065926,金像電國票02購01,0,0,0,0,0,0,0,0,0,60000,0,0,0,67000,7000,60000,60000
065719,T50反1兆豐9C購01,0,0,0,0,0,0,0,0,0,60000,0,0,0,140000,80000,60000,60000
08511P,電子類富邦9C售02,0,0,0,0,0,0,0,0,0,60000,0,0,0,90000,30000,60000,60000
06839P,玉晶光統一9A售05,0,0,0,0,0,0,0,0,0,59000,0,0,0,59000,0,59000,59000
067428,大毅凱基01購02  ,0,0,0,0,0,0,0,0,0,59000,0,0,0,79000,20000,59000,59000
066896,緯穎兆豐03購01  ,0,0,0,0,0,0,0,0,0,59000,0,0,0,61000,2000,59000,59000
063873,南六永豐9C購01  ,0,0,0,0,0,0,0,0,0,59000,0,0,0,59000,0,59000,59000
063868,嘉晶永豐9C購01  ,0,0,0,0,0,0,0,0,0,59000,0,0,0,61000,2000,59000,59000
064210,台光電凱基03購01,0,0,0,0,0,0,0,0,0,59000,0,0,0,313000,254000,59000,59000
063577,台表科元大9C購04,0,0,0,0,0,0,0,0,0,59000,0,0,0,81000,22000,59000,59000
08351P,南六國票01售02  ,0,0,0,0,0,0,0,0,0,59000,0,0,0,59000,0,59000,59000
08326P,臺股指凱基9C售09,0,0,0,0,0,0,0,0,0,59000,0,0,0,150000,91000,59000,59000
056946,國巨統一98購05  ,0,0,0,0,0,0,0,0,0,59000,0,0,0,60000,1000,59000,59000
054075,GIS富邦97購02   ,0,0,0,0,0,0,0,0,0,59000,0,0,0,59000,0,59000,59000
061789,群創群益9B購01  ,0,0,0,0,0,0,0,0,0,59000,0,0,0,69000,10000,59000,59000
061197,矽創永豐9A購02  ,0,0,0,0,0,0,0,0,0,59000,0,0,0,87000,28000,59000,59000
060028,國揚永豐99購01  ,0,0,0,0,0,0,0,0,0,59000,0,0,0,59000,0,59000,59000
063676,上銀國泰9C購02  ,0,0,0,0,0,0,0,0,0,59000,0,0,0,59000,0,59000,59000
061036,晶技永豐9A購03  ,0,0,0,0,0,0,0,0,0,59000,0,0,0,61000,2000,59000,59000
066208,聯鈞統一02購01  ,0,0,0,0,0,0,0,0,0,59000,0,0,0,81000,22000,59000,59000
065361,上銀元大9C購11  ,0,0,0,0,0,0,0,0,0,59000,0,0,0,124000,65000,59000,59000
064815,台表科元大01購01,0,0,0,0,0,0,0,0,0,59000,0,0,0,74000,15000,59000,59000
2543,皇昌            ,59000,0,59000,0,0,0,0,0,0,0,0,0,0,0,0,0,59000
08350P,臺股指中信9C售06,0,0,0,0,0,0,0,0,0,58000,0,0,0,100000,42000,58000,58000
064072,康友永豐9C購01  ,0,0,0,0,0,0,0,0,0,58000,0,0,0,68000,10000,58000,58000
064053,祥碩統一02購01  ,0,0,0,0,0,0,0,0,0,58000,0,0,0,73000,15000,58000,58000
062586,國巨統一01購06  ,0,0,0,0,0,0,0,0,0,58000,0,0,0,73000,15000,58000,58000
061619,大立光群益9B購01,0,0,0,0,0,0,0,0,0,58000,0,0,0,58000,0,58000,58000
063412,寶成國票9C購01  ,0,0,0,0,0,0,0,0,0,58000,0,0,0,98000,40000,58000,58000
063533,緯穎凱基9B購06  ,0,0,0,0,0,0,0,0,0,58000,0,0,0,58000,0,58000,58000
059754,訊芯群益9A購01  ,0,0,0,0,0,0,0,0,0,58000,0,0,0,58000,0,58000,58000
061117,美律國泰9C購01  ,0,0,0,0,0,0,0,0,0,58000,0,0,0,63000,5000,58000,58000
061908,台積電中信05購01,0,0,0,0,0,0,0,0,0,58000,0,0,0,61000,3000,58000,58000
062208,旭富國票9C購01  ,0,0,0,0,0,0,0,0,0,58000,0,0,0,80000,22000,58000,58000
2020,美亞            ,103000,45000,58000,0,0,0,0,0,0,0,0,0,0,0,0,0,58000
3052,夆典            ,171000,121000,50000,0,0,0,0,0,0,8000,9000,1000,8000,0,0,0,58000
6409,旭隼            ,123000,64477,58523,0,0,0,0,1000,-1000,0,1000,1000,0,0,0,0,57523
064057,緯穎統一02購01  ,0,0,0,0,0,0,0,0,0,57000,0,0,0,231000,174000,57000,57000
064289,台郡元大9C購01  ,0,0,0,0,0,0,0,0,0,57000,0,0,0,80000,23000,57000,57000
064258,臻鼎國泰01購02  ,0,0,0,0,0,0,0,0,0,57000,0,0,0,64000,7000,57000,57000
066859,華擎國票02購01  ,0,0,0,0,0,0,0,0,0,57000,0,0,0,77000,20000,57000,57000
066923,滬深2X國票02購01,0,0,0,0,0,0,0,0,0,57000,0,0,0,60000,3000,57000,57000
06813P,友訊元富98售03  ,0,0,0,0,0,0,0,0,0,57000,0,0,0,67000,10000,57000,57000
059160,華通凱基99購03  ,0,0,0,0,0,0,0,0,0,57000,0,0,0,71000,14000,57000,57000
00770,國泰北美科技    ,0,0,0,0,0,0,0,0,0,57000,0,0,0,63000,6000,57000,57000
020015,統一MSCI美低波N ,0,0,0,0,0,0,0,0,0,57000,0,0,0,59000,2000,57000,57000
063786,瑞昱中信06購01  ,0,0,0,0,0,0,0,0,0,57000,0,0,0,70000,13000,57000,57000
063722,遠東新元大9B購02,0,0,0,0,0,0,0,0,0,57000,0,0,0,77000,20000,57000,57000
065594,華通元大01購02  ,0,0,0,0,0,0,0,0,0,57000,0,0,0,100000,43000,57000,57000
3057,喬鼎            ,72000,15000,57000,0,0,0,0,0,0,0,0,0,0,0,0,0,57000
3266,昇陽            ,57000,0,57000,0,0,0,0,0,0,0,0,0,0,0,0,0,57000
064062,創意國泰01購01  ,0,0,0,0,0,0,0,0,0,56000,0,0,0,56000,0,56000,56000
064113,新日興國票01購01,0,0,0,0,0,0,0,0,0,56000,0,0,0,86000,30000,56000,56000
056870,全新日盛9A購01  ,0,0,0,0,0,0,0,0,0,56000,0,0,0,56000,0,56000,56000
00678,群益NBI生技     ,40000,0,40000,0,0,0,0,0,0,16000,0,0,0,320000,304000,16000,56000
055318,華通國票98購01  ,0,0,0,0,0,0,0,0,0,56000,0,0,0,57000,1000,56000,56000
062814,台光電兆豐9B購01,0,0,0,0,0,0,0,0,0,56000,0,0,0,147000,91000,56000,56000
061464,瑞昱群益9A購01  ,0,0,0,0,0,0,0,0,0,56000,0,0,0,60000,4000,56000,56000
061735,上銀凱基9B購01  ,0,0,0,0,0,0,0,0,0,56000,0,0,0,56000,0,56000,56000
063230,緯穎群益9B購02  ,0,0,0,0,0,0,0,0,0,56000,0,0,0,85000,29000,56000,56000
059294,宏達電元富9B購02,0,0,0,0,0,0,0,0,0,56000,0,0,0,58000,2000,56000,56000
066269,宏達電元大01購03,0,0,0,0,0,0,0,0,0,56000,0,0,0,144000,88000,56000,56000
066669,華擎凱基02購02  ,0,0,0,0,0,0,0,0,0,56000,0,0,0,141000,85000,56000,56000
064995,世紀鋼兆豐9C購01,0,0,0,0,0,0,0,0,0,56000,0,0,0,56000,0,56000,56000
3028,增你強          ,80000,26000,54000,0,0,0,0,0,0,2000,2000,0,2000,0,0,0,56000
3003,健和興          ,119000,61000,58000,0,0,0,0,0,0,-2000,1000,0,1000,0,3000,-3000,56000
063106,台表科群益9B購03,0,0,0,0,0,0,0,0,0,55000,0,0,0,80000,25000,55000,55000
057789,上銀統一9A購01  ,0,0,0,0,0,0,0,0,0,55000,0,0,0,55000,0,55000,55000
020000,富邦特選蘋果N   ,0,0,0,0,0,0,0,0,0,55000,0,0,0,57000,2000,55000,55000
061019,大毅國票9A購01  ,0,0,0,0,0,0,0,0,0,55000,0,0,0,55000,0,55000,55000
060908,金像電元大9A購03,0,0,0,0,0,0,0,0,0,55000,0,0,0,55000,0,55000,55000
060744,鴻海國票9A購04  ,0,0,0,0,0,0,0,0,0,55000,0,0,0,70000,15000,55000,55000
061489,高鐵兆豐9A購01  ,0,0,0,0,0,0,0,0,0,55000,0,0,0,73000,18000,55000,55000
063030,華通凱基9B購03  ,0,0,0,0,0,0,0,0,0,55000,0,0,0,107000,52000,55000,55000
065061,聯發科群益9C購08,0,0,0,0,0,0,0,0,0,55000,0,0,0,100000,45000,55000,55000
065105,巨大元大01購01  ,0,0,0,0,0,0,0,0,0,55000,0,0,0,68000,13000,55000,55000
08634P,大立光元大9C售26,0,0,0,0,0,0,0,0,0,55000,0,0,0,92000,37000,55000,55000
08642P,華新科群益9C售06,0,0,0,0,0,0,0,0,0,55000,0,0,0,205000,150000,55000,55000
9944,新麗            ,183000,127000,56000,0,0,0,0,0,0,-1000,0,1000,-1000,0,0,0,55000
08132P,南六元大9B售05  ,0,0,0,0,0,0,0,0,0,54000,0,0,0,97000,43000,54000,54000
07792P,牧德元大9A售04  ,0,0,0,0,0,0,0,0,0,54000,0,0,0,114000,60000,54000,54000
066901,台虹康和01購01  ,0,0,0,0,0,0,0,0,0,54000,0,0,0,345000,291000,54000,54000
056712,京鼎永豐98購01  ,0,0,0,0,0,0,0,0,0,54000,0,0,0,54000,0,54000,54000
062702,可成元大9C購01  ,0,0,0,0,0,0,0,0,0,54000,0,0,0,74000,20000,54000,54000
061254,道瓊反凱基9A購02,0,0,0,0,0,0,0,0,0,54000,0,0,0,54000,0,54000,54000
061121,智邦永豐9A購02  ,0,0,0,0,0,0,0,0,0,54000,0,0,0,101000,47000,54000,54000
062474,台表科凱基9C購01,0,0,0,0,0,0,0,0,0,54000,0,0,0,54000,0,54000,54000
060816,世紀鋼凱基9C購02,0,0,0,0,0,0,0,0,0,54000,0,0,0,60000,6000,54000,54000
059626,台積電凱基01購01,0,0,0,0,0,0,0,0,0,54000,0,0,0,75000,21000,54000,54000
065094,新日興元大9C購04,0,0,0,0,0,0,0,0,0,54000,0,0,0,54000,0,54000,54000
06438P,玉晶光國票99售02,0,0,0,0,0,0,0,0,0,54000,0,0,0,159000,105000,54000,54000
066281,眾達元大02購01  ,0,0,0,0,0,0,0,0,0,54000,0,0,0,110000,56000,54000,54000
065795,康友永豐9C購02  ,0,0,0,0,0,0,0,0,0,54000,0,0,0,54000,0,54000,54000
9934,成霖            ,80000,26000,54000,0,0,0,0,0,0,0,0,0,0,0,0,0,54000
1316,上曜            ,77000,23000,54000,0,0,0,0,0,0,0,0,0,0,0,0,0,54000
08821P,旺宏凱基01售01  ,0,0,0,0,0,0,0,0,0,54000,0,0,0,60000,6000,54000,54000
057536,康控元大99購03  ,0,0,0,0,0,0,0,0,0,53000,0,0,0,53000,0,53000,53000
055615,宏達電國票99購02,0,0,0,0,0,0,0,0,0,53000,0,0,0,53000,0,53000,53000
056481,創意元大98購01  ,0,0,0,0,0,0,0,0,0,53000,0,0,0,163000,110000,53000,53000
054387,台積電統一98購02,0,0,0,0,0,0,0,0,0,53000,0,0,0,255000,202000,53000,53000
057043,台積電元大99購02,0,0,0,0,0,0,0,0,0,53000,0,0,0,53000,0,53000,53000
060559,世紀鋼凱基9C購01,0,0,0,0,0,0,0,0,0,53000,0,0,0,60000,7000,53000,53000
063185,聯發科凱基9C購03,0,0,0,0,0,0,0,0,0,53000,0,0,0,73000,20000,53000,53000
063317,大立光群益9B購06,0,0,0,0,0,0,0,0,0,53000,0,0,0,53000,0,53000,53000
062405,泰鼎永豐9B購02  ,0,0,0,0,0,0,0,0,0,53000,0,0,0,115000,62000,53000,53000
061034,晶豪科永豐9A購01,0,0,0,0,0,0,0,0,0,53000,0,0,0,100000,47000,53000,53000
061782,智邦群益9B購01  ,0,0,0,0,0,0,0,0,0,53000,0,0,0,58000,5000,53000,53000
061881,緯穎元大9B購02  ,0,0,0,0,0,0,0,0,0,53000,0,0,0,63000,10000,53000,53000
065866,鴻海群益9C購07  ,0,0,0,0,0,0,0,0,0,53000,0,0,0,58000,5000,53000,53000
066572,台郡元大01購02  ,0,0,0,0,0,0,0,0,0,53000,0,0,0,140000,87000,53000,53000
066567,臻鼎元大01購01  ,0,0,0,0,0,0,0,0,0,53000,0,0,0,217000,164000,53000,53000
064480,聚陽永豐9C購01  ,0,0,0,0,0,0,0,0,0,53000,0,0,0,68000,15000,53000,53000
064309,聯發科群益9C購07,0,0,0,0,0,0,0,0,0,53000,0,0,0,53000,0,53000,53000
064647,致伸凱基9C購01  ,0,0,0,0,0,0,0,0,0,53000,0,0,0,53000,0,53000,53000
065463,大立光中信01購02,0,0,0,0,0,0,0,0,0,53000,0,0,0,153000,100000,53000,53000
1473,台南            ,61000,10000,51000,0,0,0,0,0,0,2000,2000,0,2000,0,0,0,53000
08522P,智邦元大9C售08  ,0,0,0,0,0,0,0,0,0,53000,0,0,0,53000,0,53000,53000
2881B,富邦金乙特      ,0,0,0,0,0,0,0,0,0,53000,53000,0,53000,0,0,0,53000
1773,勝一            ,208000,153000,55000,0,0,0,0,0,0,-2000,3000,5000,-2000,0,0,0,53000
2464,盟立            ,230000,241000,-11000,0,0,0,0,0,0,64000,3000,0,3000,69000,8000,61000,53000
07222P,台灣50元大01售04,0,0,0,0,0,0,0,0,0,52000,0,0,0,52000,0,52000,52000
061849,國巨國票9B購08  ,0,0,0,0,0,0,0,0,0,52000,0,0,0,72000,20000,52000,52000
062855,嘉澤永豐9B購02  ,0,0,0,0,0,0,0,0,0,52000,0,0,0,175000,123000,52000,52000
065138,上銀凱基02購01  ,0,0,0,0,0,0,0,0,0,52000,0,0,0,62000,10000,52000,52000
064816,訊芯元大9C購01  ,0,0,0,0,0,0,0,0,0,52000,0,0,0,260000,208000,52000,52000
064427,喬山凱基01購01  ,0,0,0,0,0,0,0,0,0,52000,0,0,0,66000,14000,52000,52000
066341,永信永豐01購01  ,0,0,0,0,0,0,0,0,0,52000,0,0,0,52000,0,52000,52000
066195,臺股指凱基03購04,0,0,0,0,0,0,0,0,0,52000,0,0,0,75000,23000,52000,52000
066233,華碩富邦02購01  ,0,0,0,0,0,0,0,0,0,52000,0,0,0,52000,0,52000,52000
066180,正文凱基01購01  ,0,0,0,0,0,0,0,0,0,52000,0,0,0,127000,75000,52000,52000
065986,金像電永豐01購03,0,0,0,0,0,0,0,0,0,52000,0,0,0,52000,0,52000,52000
065613,GIS元大9C購08   ,0,25000,-25000,0,0,0,0,0,0,77000,0,0,0,356000,279000,77000,52000
1701,中化            ,612000,542000,70000,0,0,0,0,0,0,-18000,0,0,0,0,18000,-18000,52000
08516P,技嘉群益01售02  ,0,0,0,0,0,0,0,0,0,52000,0,0,0,252000,200000,52000,52000
1315,達新            ,98000,47000,51000,0,0,0,0,0,0,1000,1000,0,1000,0,0,0,52000
1109,信大            ,68000,16000,52000,0,0,0,0,0,0,0,0,0,0,0,0,0,52000
9927,泰銘            ,57000,5000,52000,0,0,0,0,0,0,0,0,0,0,0,0,0,52000
063628,華通元大9B購09  ,0,0,0,0,0,0,0,0,0,51000,0,0,0,78000,27000,51000,51000
064133,力成元大9C購01  ,0,0,0,0,0,0,0,0,0,51000,0,0,0,55000,4000,51000,51000
07943P,瑞昱元大9B售02  ,0,0,0,0,0,0,0,0,0,51000,0,0,0,51000,0,51000,51000
055030,帆宣國泰99購02  ,0,0,0,0,0,0,0,0,0,51000,0,0,0,51000,0,51000,51000
062032,崇越群益9B購01  ,0,0,0,0,0,0,0,0,0,51000,0,0,0,51000,0,51000,51000
062485,華通國泰01購01  ,0,0,0,0,0,0,0,0,0,51000,0,0,0,192000,141000,51000,51000
060783,亞德客富邦9B購01,0,0,0,0,0,0,0,0,0,51000,0,0,0,51000,0,51000,51000
065515,大立光群益02購01,0,0,0,0,0,0,0,0,0,51000,0,0,0,65000,14000,51000,51000
066048,奇鋐元大01購01  ,0,0,0,0,0,0,0,0,0,51000,0,0,0,200000,149000,51000,51000
066310,長興永豐01購01  ,0,0,0,0,0,0,0,0,0,51000,0,0,0,459000,408000,51000,51000
064389,台泥永豐9C購01  ,0,0,0,0,0,0,0,0,0,51000,0,0,0,119000,68000,51000,51000
064307,聚陽群益9C購03  ,0,0,0,0,0,0,0,0,0,51000,0,0,0,98000,47000,51000,51000
064345,創意元大9C購03  ,0,0,0,0,0,0,0,0,0,51000,0,0,0,60000,9000,51000,51000
064686,鴻海群益01購03  ,0,0,0,0,0,0,0,0,0,51000,0,0,0,100000,49000,51000,51000
065170,智邦元大9C購07  ,0,0,0,0,0,0,0,0,0,51000,0,0,0,226000,175000,51000,51000
8499,鼎炫-KY         ,56000,15000,41000,0,0,0,10000,0,10000,0,0,0,0,0,0,0,51000
1524,耿鼎            ,64000,13000,51000,0,0,0,0,0,0,0,0,0,0,0,0,0,51000
08492P,大立光元大9C售22,0,0,0,0,0,0,0,0,0,51000,0,0,0,53000,2000,51000,51000
2536,宏普            ,207000,156000,51000,0,0,0,0,0,0,0,0,0,0,0,0,0,51000
4576,大銀微系統      ,66000,15000,51000,0,0,0,0,0,0,0,0,0,0,0,0,0,51000
4912,聯德控股-KY     ,52000,6000,46000,0,0,0,0,0,0,5000,5000,0,5000,0,0,0,51000
07886P,國巨國票9B售06  ,0,0,0,0,0,0,0,0,0,50000,0,0,0,52000,2000,50000,50000
07528P,鴻海凱基9A售19  ,0,0,0,0,0,0,0,0,0,50000,0,0,0,50000,0,50000,50000
08139P,華新科元大9B售12,0,0,0,0,0,0,0,0,0,50000,0,0,0,50000,0,50000,50000
08050P,臺股指國票9B售15,0,0,0,0,0,0,0,0,0,50000,0,0,0,50000,0,50000,50000
08347P,大立光元大9C售16,0,0,0,0,0,0,0,0,0,50000,0,0,0,50000,0,50000,50000
064102,宏達電群益9C購01,0,0,0,0,0,0,0,0,0,50000,0,0,0,50000,0,50000,50000
064044,台光電統一01購03,0,0,0,0,0,0,0,0,0,50000,0,0,0,50000,0,50000,50000
063937,上銀元大9C購02  ,0,0,0,0,0,0,0,0,0,50000,0,0,0,100000,50000,50000,50000
063938,上銀元大9C購03  ,0,0,0,0,0,0,0,0,0,50000,0,0,0,50000,0,50000,50000
07219P,臺股指凱基99售32,0,0,0,0,0,0,0,0,0,50000,0,0,0,50000,0,50000,50000
064229,台表科國票01購01,0,0,0,0,0,0,0,0,0,50000,0,0,0,50000,0,50000,50000
066943,FBVIX元大04購01 ,0,0,0,0,0,0,0,0,0,50000,0,0,0,50000,0,50000,50000
067049,明泰凱基01購01  ,0,0,0,0,0,0,0,0,0,50000,0,0,0,50000,0,50000,50000
06712P,臺股指台新99售09,0,0,0,0,0,0,0,0,0,50000,0,0,0,50000,0,50000,50000
067090,南六元大01購04  ,0,0,0,0,0,0,0,0,0,50000,0,0,0,134000,84000,50000,50000
06723P,台灣50麥證99售01,0,0,0,209000,159000,50000,0,0,0,50000,0,0,0,209000,159000,50000,50000
06715P,台積電元大99售04,0,0,0,0,0,0,0,0,0,50000,0,0,0,100000,50000,50000,50000
06847P,奇力新元大98售05,0,0,0,0,0,0,0,0,0,50000,0,0,0,50000,0,50000,50000
067435,眾達凱基02購01  ,0,0,0,0,0,0,0,0,0,50000,0,0,0,50000,0,50000,50000
067358,華擎群益01購05  ,0,0,0,0,0,0,0,0,0,50000,0,0,0,50000,0,50000,50000
06735P,奇力新凱基98售07,0,0,0,0,0,0,0,0,0,50000,0,0,0,50000,0,50000,50000
067331,友訊凱基01購02  ,0,0,0,0,0,0,0,0,0,50000,0,0,0,87000,37000,50000,50000
067326,世紀鋼元大01購02,0,0,0,0,0,0,0,0,0,50000,0,0,0,200000,150000,50000,50000
067342,新日興凱基01購02,0,0,0,0,0,0,0,0,0,50000,0,0,0,50000,0,50000,50000
055256,日電貿統一99購01,0,0,0,0,0,0,0,0,0,50000,0,0,0,50000,0,50000,50000
055924,深中小群益9B購01,0,0,0,0,0,0,0,0,0,50000,0,0,0,50000,0,50000,50000
056559,華通群益98購02  ,0,0,0,0,0,0,0,0,0,50000,0,0,0,50000,0,50000,50000
056145,緯穎元大98購03  ,0,0,0,0,0,0,0,0,0,50000,0,0,0,50000,0,50000,50000
056148,臺股指日盛97購03,0,0,0,0,0,0,0,0,0,50000,0,0,0,50000,0,50000,50000
056757,T50反1元大98購07,0,0,0,0,0,0,0,0,0,50000,0,0,0,50000,0,50000,50000
058450,旺宏永豐99購01  ,0,0,0,0,0,0,0,0,0,50000,0,0,0,50000,0,50000,50000
057234,宏達電凱基98購05,0,0,0,0,0,0,0,0,0,50000,0,0,0,50000,0,50000,50000
054793,牧德群益9A購01  ,0,0,0,0,0,0,0,0,0,50000,0,0,0,50000,0,50000,50000
056910,超眾元大99購02  ,0,0,0,0,0,0,0,0,0,50000,0,0,0,50000,0,50000,50000
053734,友達中信98購02  ,0,0,0,0,0,0,0,0,0,50000,0,0,0,50000,0,50000,50000
053457,旺宏國泰98購03  ,0,0,0,0,0,0,0,0,0,50000,0,0,0,50000,0,50000,50000
049759,元黃金富邦9A購01,0,0,0,0,0,0,0,0,0,50000,0,0,0,50000,0,50000,50000
057542,上銀凱基99購01  ,0,0,0,0,0,0,0,0,0,50000,0,0,0,50000,0,50000,50000
058546,玉晶光富邦9B購01,0,0,0,0,0,0,0,0,0,50000,0,0,0,50000,0,50000,50000
058657,大立光中信99購01,0,0,0,0,0,0,0,0,0,50000,0,0,0,50000,0,50000,50000
058844,元油2X群益9C購03,0,0,0,0,0,0,0,0,0,50000,0,0,0,50000,0,50000,50000
058845,元油2X群益9C購04,0,0,0,0,0,0,0,0,0,50000,0,0,0,50000,0,50000,50000
059124,台積電第一03購01,0,0,0,0,0,0,0,0,0,50000,0,0,0,50000,0,50000,50000
057862,智邦凱基99購01  ,0,0,0,0,0,0,0,0,0,50000,0,0,0,50000,0,50000,50000
058015,旺宏凱基99購02  ,0,0,0,0,0,0,0,0,0,50000,0,0,0,50000,0,50000,50000
060871,台灣50中信01購03,0,0,0,0,0,0,0,0,0,50000,0,0,0,50000,0,50000,50000
060665,康控凱基9A購01  ,0,0,0,0,0,0,0,0,0,50000,0,0,0,50000,0,50000,50000
060673,旺宏元大9A購04  ,0,0,0,0,0,0,0,0,0,50000,0,0,0,50000,0,50000,50000
061083,京元電兆豐9A購01,0,0,0,0,0,0,0,0,0,50000,0,0,0,89000,39000,50000,50000
061582,麗豐元大9A購01  ,0,0,0,0,0,0,0,0,0,50000,0,0,0,50000,0,50000,50000
062427,嘉澤統一01購01  ,0,0,0,0,0,0,0,0,0,50000,0,0,0,170000,120000,50000,50000
059637,大立光凱基01購01,0,0,0,0,0,0,0,0,0,50000,0,0,0,50000,0,50000,50000
063474,康控元大9B購04  ,0,0,0,0,0,0,0,0,0,50000,0,0,0,54000,4000,50000,50000
060596,元黃金凱基9A購02,0,0,0,0,0,0,0,0,0,50000,0,0,0,50000,0,50000,50000
063431,神隆元富9B購01  ,0,0,0,0,0,0,0,0,0,50000,0,0,0,75000,25000,50000,50000
063088,緯穎凱基9B購04  ,0,0,0,0,0,0,0,0,0,50000,0,0,0,50000,0,50000,50000
062251,旺宏元大9B購06  ,0,0,0,0,0,0,0,0,0,50000,0,0,0,50000,0,50000,50000
062179,旺宏元大9B購05  ,0,0,0,0,0,0,0,0,0,50000,0,0,0,50000,0,50000,50000
062263,康控元大9B購03  ,0,0,0,0,0,0,0,0,0,50000,0,0,0,50000,0,50000,50000
061707,超眾國票9B購01  ,0,0,0,0,0,0,0,0,0,50000,0,0,0,100000,50000,50000,50000
062074,旺宏元大9B購04  ,0,0,0,0,0,0,0,0,0,50000,0,0,0,50000,0,50000,50000
059932,世紀鋼富邦9A購02,0,0,0,0,0,0,0,0,0,50000,0,0,0,50000,0,50000,50000
059984,華新科元大99購21,0,0,0,0,0,0,0,0,0,50000,0,0,0,51000,1000,50000,50000
060039,大立光國票99購04,0,0,0,0,0,0,0,0,0,50000,0,0,0,50000,0,50000,50000
065136,正隆凱基9C購01  ,0,0,0,0,0,0,0,0,0,50000,0,0,0,170000,120000,50000,50000
065077,鴻海元大01購03  ,0,0,0,0,0,0,0,0,0,50000,0,0,0,50000,0,50000,50000
064891,台達電群益9C購01,0,0,0,0,0,0,0,0,0,50000,0,0,0,151000,101000,50000,50000
065407,世紀鋼富邦01購01,0,0,0,0,0,0,0,0,0,50000,0,0,0,51000,1000,50000,50000
065388,華擎兆豐01購01  ,0,0,0,0,0,0,0,0,0,50000,0,0,0,50000,0,50000,50000
065231,宏達電凱基01購01,0,0,0,0,0,0,0,0,0,50000,0,0,0,50000,0,50000,50000
065274,南茂元大9C購03  ,0,0,0,0,0,0,0,0,0,50000,0,0,0,50000,0,50000,50000
065257,友訊元大01購01  ,0,0,0,0,0,0,0,0,0,50000,0,0,0,50000,0,50000,50000
064795,致伸國票01購01  ,0,0,0,0,0,0,0,0,0,50000,0,0,0,50000,0,50000,50000
063713,麗豐凱基9B購01  ,0,0,0,0,0,0,0,0,0,50000,0,0,0,50000,0,50000,50000
066094,元黃金中信03購01,0,0,0,0,0,0,0,0,0,50000,0,0,0,50000,0,50000,50000
065892,聯發科統一02購04,0,0,0,0,0,0,0,0,0,50000,0,0,0,176000,126000,50000,50000
2911,麗嬰房          ,50000,0,50000,0,0,0,0,0,0,0,0,0,0,0,0,0,50000
2028,威致            ,50000,0,50000,0,0,0,0,0,0,0,0,0,0,0,0,0,50000
08386P,臺股指群益9C售14,0,0,0,0,0,0,0,0,0,50000,0,0,0,50000,0,50000,50000
08418P,大立光元大01售04,0,0,0,0,0,0,0,0,0,50000,0,0,0,50000,0,50000,50000
1528,恩德            ,56000,6000,50000,0,0,0,0,0,0,0,0,0,0,0,0,0,50000
067249,緯穎群益01購04  ,0,0,0,0,0,0,0,0,0,49000,0,0,0,49000,0,49000,49000
064075,台積電中信06購01,0,0,0,0,0,0,0,0,0,49000,0,0,0,89000,40000,49000,49000
07423P,大立光元大99售33,0,0,0,0,0,0,0,0,0,49000,0,0,0,49000,0,49000,49000
058182,日電貿國泰9A購01,0,0,0,0,0,0,0,0,0,49000,0,0,0,58000,9000,49000,49000
057776,京元電群益98購02,0,0,0,0,0,0,0,0,0,49000,0,0,0,49000,0,49000,49000
047004,台積電統一99購01,0,0,0,0,0,0,0,0,0,49000,0,0,0,49000,0,49000,49000
054477,聯發科中信9C購02,0,0,0,0,0,0,0,0,0,49000,0,0,0,49000,0,49000,49000
058270,上緯控永豐99購01,0,0,0,0,0,0,0,0,0,49000,0,0,0,109000,60000,49000,49000
059814,SP黃豆凱基9A購02,0,0,0,0,0,0,0,0,0,49000,0,0,0,59000,10000,49000,49000
060309,佳世達永豐9A購01,0,0,0,0,0,0,0,0,0,49000,0,0,0,99000,50000,49000,49000
063459,華通元大9B購08  ,0,0,0,0,0,0,0,0,0,49000,0,0,0,95000,46000,49000,49000
065670,華新科凱基01購02,0,0,0,0,0,0,0,0,0,49000,0,0,0,50000,1000,49000,49000
064937,英業達元富9C購01,0,0,0,0,0,0,0,0,0,49000,0,0,0,153000,104000,49000,49000
08553P,嘉澤群益9C售01  ,0,0,0,0,0,0,0,0,0,49000,0,0,0,96000,47000,49000,49000
2460,建通            ,49000,2000,47000,0,0,0,0,0,0,2000,2000,0,2000,0,0,0,49000
2495,普安            ,52000,4000,48000,0,0,0,0,0,0,1000,1000,0,1000,0,0,0,49000
08340P,聯發科元富9C售01,0,0,0,0,0,0,0,0,0,48000,0,0,0,48000,0,48000,48000
066858,聯鈞國票02購01  ,0,0,0,0,0,0,0,0,0,48000,0,0,0,48000,0,48000,48000
066675,滬深2X兆豐03購01,0,0,0,0,0,0,0,0,0,48000,0,0,0,100000,52000,48000,48000
067349,中化群益02購01  ,0,0,0,0,0,0,0,0,0,48000,0,0,0,61000,13000,48000,48000
067680,聯詠元大01購08  ,0,0,0,0,0,0,0,0,0,48000,0,0,0,223000,175000,48000,48000
054740,強茂凱基99購01  ,0,0,0,0,0,0,0,0,0,48000,0,0,0,50000,2000,48000,48000
058591,台灣50統一9B購02,0,0,0,0,0,0,0,0,0,48000,0,0,0,50000,2000,48000,48000
058985,可成凱基99購03  ,0,0,0,0,0,0,0,0,0,48000,0,0,0,48000,0,48000,48000
057869,大立光凱基99購01,0,0,0,0,0,0,0,0,0,48000,0,0,0,48000,0,48000,48000
063162,國喬永豐9B購01  ,0,0,0,0,0,0,0,0,0,48000,0,0,0,108000,60000,48000,48000
062502,旺宏群益9C購01  ,0,0,0,0,0,0,0,0,0,48000,0,0,0,48000,0,48000,48000
064978,群創元大9C購07  ,0,0,0,0,0,0,0,0,0,48000,0,0,0,202000,154000,48000,48000
065428,旺宏凱基03購01  ,0,0,0,0,0,0,0,0,0,48000,0,0,0,93000,45000,48000,48000
066034,南六群益02購02  ,0,0,0,0,0,0,0,0,0,48000,0,0,0,48000,0,48000,48000
2509,全坤建          ,47000,0,47000,0,0,0,0,0,0,1000,1000,0,1000,0,0,0,48000
2615,萬海            ,1027000,979000,48000,0,0,0,0,4000,-4000,4000,10000,6000,4000,0,0,0,48000
3454,晶睿            ,58000,10000,48000,0,0,0,0,0,0,0,0,0,0,0,0,0,48000
1445,大宇            ,49000,0,49000,0,0,0,0,0,0,-1000,2000,3000,-1000,0,0,0,48000
1432,大魯閣          ,48000,0,48000,0,0,0,0,0,0,0,0,0,0,0,0,0,48000
6165,捷泰            ,48000,0,48000,0,0,0,0,0,0,0,0,0,0,0,0,0,48000
08318P,台積電台新01售01,0,0,0,0,0,0,0,0,0,47000,0,0,0,50000,3000,47000,47000
07787P,國巨凱基9A售17  ,0,0,0,0,0,0,0,0,0,47000,0,0,0,47000,0,47000,47000
07187P,臺股指台新99售10,0,0,0,0,0,0,0,0,0,47000,0,0,0,100000,53000,47000,47000
058111,健鼎元富98購01  ,0,0,0,0,0,0,0,0,0,47000,0,0,0,47000,0,47000,47000
062780,旺宏元大01購01  ,0,0,0,0,0,0,0,0,0,47000,0,0,0,85000,38000,47000,47000
062643,緯穎國票9B購01  ,0,0,0,0,0,0,0,0,0,47000,0,0,0,47000,0,47000,47000
052689,玉晶光元大98購03,0,0,0,0,0,0,0,0,0,47000,0,0,0,47000,0,47000,47000
057166,國巨元大99購06  ,0,0,0,0,0,0,0,0,0,47000,0,0,0,112000,65000,47000,47000
058401,華航元大9A購01  ,0,0,0,0,0,0,0,0,0,47000,0,0,0,57000,10000,47000,47000
062136,南亞科群益9B購01,0,0,0,0,0,0,0,0,0,47000,0,0,0,47000,0,47000,47000
062147,大毅國票9B購02  ,0,0,0,0,0,0,0,0,0,47000,0,0,0,47000,0,47000,47000
063013,技嘉元大9B購02  ,0,0,0,0,0,0,0,0,0,47000,0,0,0,55000,8000,47000,47000
061348,聯鈞元大9A購05  ,0,0,0,0,0,0,0,0,0,47000,0,0,0,150000,103000,47000,47000
065751,台光電元大9C購06,0,0,0,0,0,0,0,0,0,47000,0,0,0,266000,219000,47000,47000
066541,南電兆豐01購02  ,0,0,0,0,0,0,0,0,0,47000,0,0,0,47000,0,47000,47000
065430,可成凱基02購03  ,0,0,0,0,0,0,0,0,0,47000,0,0,0,51000,4000,47000,47000
064677,金像電兆豐9C購01,0,0,0,0,0,0,0,0,0,47000,0,0,0,149000,102000,47000,47000
08432P,台勝科凱基9C售02,0,0,0,0,0,0,0,0,0,47000,0,0,0,47000,0,47000,47000
3518,柏騰            ,80000,34000,46000,0,0,0,0,0,0,1000,1000,0,1000,0,0,0,47000
08220P,華邦電凱基9B售02,0,0,0,0,0,0,0,0,0,46000,0,0,0,50000,4000,46000,46000
067285,欣興國票02購01  ,0,0,0,0,0,0,0,0,0,46000,0,0,0,172000,126000,46000,46000
06688P,鴻海中信02售01  ,0,0,0,0,0,0,0,0,0,46000,0,0,0,46000,0,46000,46000
056330,玉晶光國票99購03,0,0,0,0,0,0,0,0,0,46000,0,0,0,46000,0,46000,46000
056334,台積電凱基98購06,0,0,0,0,0,0,0,0,0,46000,0,0,0,46000,0,46000,46000
057103,禾伸堂中信9A購01,0,0,0,0,0,0,0,0,0,46000,0,0,0,76000,30000,46000,46000
0051,元大中型100     ,2000,2000,0,0,0,0,0,0,0,46000,0,0,0,46000,0,46000,46000
062625,華通國票9B購02  ,0,0,0,0,0,0,0,0,0,46000,0,0,0,61000,15000,46000,46000
057870,大立光凱基99購02,0,0,0,0,0,0,0,0,0,46000,0,0,0,46000,0,46000,46000
057547,技嘉凱基99購01  ,0,0,0,0,0,0,0,0,0,46000,0,0,0,58000,12000,46000,46000
057690,美律凱基99購03  ,0,0,0,0,0,0,0,0,0,46000,0,0,0,47000,1000,46000,46000
061938,大立光國票9B購03,0,0,0,0,0,0,0,0,0,46000,0,0,0,49000,3000,46000,46000
062363,燿華元大9B購03  ,0,0,0,0,0,0,0,0,0,46000,0,0,0,154000,108000,46000,46000
063421,可成凱基9C購02  ,0,0,0,0,0,0,0,0,0,46000,0,0,0,46000,0,46000,46000
061555,聯電國票9B購01  ,0,0,0,0,0,0,0,0,0,46000,0,0,0,476000,430000,46000,46000
064780,義隆群益9C購04  ,0,0,0,0,0,0,0,0,0,46000,0,0,0,97000,51000,46000,46000
064885,T50反1中信04購01,0,0,0,0,0,0,0,0,0,46000,0,0,0,50000,4000,46000,46000
066024,金像電群益01購04,0,0,0,0,0,0,0,0,0,46000,0,0,0,49000,3000,46000,46000
065799,友訊群益01購03  ,0,0,0,0,0,0,0,0,0,46000,0,0,0,93000,47000,46000,46000
3617,碩天            ,52000,8000,44000,0,0,0,0,0,0,2000,0,0,0,2000,0,2000,46000
4934,太極            ,270000,224000,46000,0,0,0,0,0,0,0,0,0,0,0,0,0,46000
4999,鑫禾            ,61000,16000,45000,0,0,0,0,0,0,1000,1000,0,1000,0,0,0,46000
2739,寒舍            ,47000,0,47000,0,0,0,0,0,0,-1000,0,1000,-1000,0,0,0,46000
08559P,瑞昱國票9C售01  ,0,0,0,0,0,0,0,0,0,46000,0,0,0,72000,26000,46000,46000
1413,宏洲            ,49000,3000,46000,0,0,0,0,0,0,0,0,0,0,0,0,0,46000
1435,中福            ,75000,29000,46000,0,0,0,0,0,0,0,0,0,0,0,0,0,46000
1604,聲寶            ,305000,259000,46000,0,0,0,0,0,0,0,0,0,0,0,0,0,46000
5243,乙盛-KY         ,145000,100000,45000,0,0,0,0,0,0,1000,1000,0,1000,0,0,0,46000
5706,鳳凰            ,51000,4000,47000,0,0,0,0,0,0,-1000,0,1000,-1000,0,0,0,46000
9908,大台北          ,130000,27000,103000,0,0,0,0,0,0,-57000,1000,58000,-57000,0,0,0,46000
064065,大立光富邦02購02,0,0,0,0,0,0,0,0,0,45000,0,0,0,55000,10000,45000,45000
058769,友達兆豐99購01  ,0,0,0,0,0,0,0,0,0,45000,0,0,0,170000,125000,45000,45000
058897,國巨元大99購17  ,0,40000,-40000,0,0,0,0,0,0,85000,0,0,0,85000,0,85000,45000
058983,旺宏凱基99購05  ,0,0,0,0,0,0,0,0,0,45000,0,0,0,45000,0,45000,45000
062637,智易國票9B購01  ,0,0,0,0,0,0,0,0,0,45000,0,0,0,61000,16000,45000,45000
057096,緯穎元富98購01  ,0,0,0,0,0,0,0,0,0,45000,0,0,0,45000,0,45000,45000
054778,世紀鋼國票99購01,0,0,0,0,0,0,0,0,0,45000,0,0,0,72000,27000,45000,45000
054874,帆宣群益99購02  ,0,0,0,0,0,0,0,0,0,45000,0,0,0,120000,75000,45000,45000
056386,TPK國泰99購01   ,0,0,0,0,0,0,0,0,0,45000,0,0,0,125000,80000,45000,45000
057278,可成元大98購06  ,0,0,0,0,0,0,0,0,0,45000,0,0,0,45000,0,45000,45000
060912,華新科元大9A購10,0,0,0,0,0,0,0,0,0,45000,0,0,0,50000,5000,45000,45000
063220,建準群益9B購01  ,0,0,0,0,0,0,0,0,0,45000,0,0,0,101000,56000,45000,45000
063366,台表科富邦9C購02,0,0,0,0,0,0,0,0,0,45000,0,0,0,57000,12000,45000,45000
061391,晶技群益9A購02  ,0,0,0,0,0,0,0,0,0,45000,0,0,0,115000,70000,45000,45000
066086,東元永豐01購01  ,0,0,0,0,0,0,0,0,0,45000,0,0,0,72000,27000,45000,45000
066560,聯鈞元大01購04  ,0,0,0,0,0,0,0,0,0,45000,0,0,0,45000,0,45000,45000
06652P,長榮航元大98售01,0,0,0,0,0,0,0,0,0,45000,0,0,0,45000,0,45000,45000
066642,臺股指凱基04購01,0,0,0,0,0,0,0,0,0,45000,0,0,0,104000,59000,45000,45000
065062,亞光群益9C購01  ,0,0,0,0,0,0,0,0,0,45000,0,0,0,122000,77000,45000,45000
065362,華通元大9C購06  ,0,0,0,0,0,0,0,0,0,45000,0,0,0,70000,25000,45000,45000
064586,緯創永豐9C購01  ,0,0,0,0,0,0,0,0,0,45000,0,0,0,50000,5000,45000,45000
064520,京鼎群益02購01  ,0,0,0,0,0,0,0,0,0,45000,0,0,0,66000,21000,45000,45000
6184,大豐電          ,54000,9000,45000,0,0,0,0,0,0,0,0,0,0,0,0,0,45000
1558,伸興            ,48000,3000,45000,0,0,0,0,0,0,0,0,0,0,0,0,0,45000
1203,味王            ,52000,7000,45000,0,0,0,0,0,0,0,0,0,0,0,0,0,45000
1225,福懋油          ,53000,8000,45000,0,0,0,0,0,0,0,0,0,0,0,0,0,45000
2611,志信            ,50000,5000,45000,0,0,0,0,0,0,0,0,0,0,0,0,0,45000
5234,達興材料        ,89000,44000,45000,0,0,0,0,0,0,0,1000,1000,0,0,0,0,45000
2537,聯上發          ,92000,47000,45000,0,0,0,0,0,0,0,0,0,0,0,0,0,45000
2459,敦吉            ,77000,32000,45000,0,0,0,0,0,0,0,0,0,0,0,0,0,45000
8341,日友            ,63430,18000,45430,0,0,0,0,1000,-1000,0,0,0,0,0,0,0,44430
063839,華通元大9C購02  ,0,0,0,0,0,0,0,0,0,44000,0,0,0,104000,60000,44000,44000
064230,上銀統一01購04  ,0,0,0,0,0,0,0,0,0,44000,0,0,0,50000,6000,44000,44000
064253,貿聯元富9C購01  ,0,0,0,0,0,0,0,0,0,44000,0,0,0,81000,37000,44000,44000
055399,超眾統一99購01  ,0,0,0,0,0,0,0,0,0,44000,0,0,0,44000,0,44000,44000
062229,南六統一9B購01  ,0,0,0,0,0,0,0,0,0,44000,0,0,0,223000,179000,44000,44000
063461,金像電元大9B購03,0,0,0,0,0,0,0,0,0,44000,0,0,0,137000,93000,44000,44000
060886,國巨統一01購03  ,0,0,0,0,0,0,0,0,0,44000,0,0,0,64000,20000,44000,44000
062456,台積電群益9B購05,0,0,0,0,0,0,0,0,0,44000,0,0,0,50000,6000,44000,44000
065339,旺宏統一01購08  ,0,0,0,0,0,0,0,0,0,44000,0,0,0,84000,40000,44000,44000
065284,旺宏群益9C購03  ,0,0,0,0,0,0,0,0,0,44000,0,0,0,44000,0,44000,44000
066166,大毅凱基02購01  ,0,0,0,0,0,0,0,0,0,44000,0,0,0,174000,130000,44000,44000
066199,金像電統一02購01,0,0,0,0,0,0,0,0,0,44000,0,0,0,60000,16000,44000,44000
1809,中釉            ,77000,26000,51000,0,0,0,0,0,0,-7000,1000,8000,-7000,0,0,0,44000
057664,台積電元大9A購03,0,0,0,0,0,0,0,0,0,43000,0,0,0,43000,0,43000,43000
057619,玉晶光凱基98購02,0,0,0,0,0,0,0,0,0,43000,0,0,0,48000,5000,43000,43000
060851,國巨國泰9C購01  ,0,0,0,0,0,0,0,0,0,43000,0,0,0,85000,42000,43000,43000
063406,麗豐國票9C購01  ,0,0,0,0,0,0,0,0,0,43000,0,0,0,55000,12000,43000,43000
062177,上銀元大9B購02  ,0,0,0,0,0,0,0,0,0,43000,0,0,0,63000,20000,43000,43000
062017,京鼎永豐9B購01  ,0,0,0,0,0,0,0,0,0,43000,0,0,0,227000,184000,43000,43000
061936,旺宏國票9B購03  ,0,0,0,0,0,0,0,0,0,43000,0,0,0,43000,0,43000,43000
063045,國巨兆豐9C購02  ,0,0,0,0,0,0,0,0,0,43000,0,0,0,48000,5000,43000,43000
066256,華通元大02購02  ,0,0,0,0,0,0,0,0,0,43000,0,0,0,221000,178000,43000,43000
066001,景碩國票02購01  ,0,0,0,0,0,0,0,0,0,43000,0,0,0,96000,53000,43000,43000
065514,建準群益9C購01  ,0,0,0,0,0,0,0,0,0,43000,0,0,0,130000,87000,43000,43000
065272,聯茂元大9C購05  ,0,0,0,0,0,0,0,0,0,43000,0,0,0,118000,75000,43000,43000
065290,奇鋐群益9C購01  ,0,0,0,0,0,0,0,0,0,43000,0,0,0,43000,0,43000,43000
065045,信邦凱基9C購01  ,0,0,0,0,0,0,0,0,0,43000,0,0,0,78000,35000,43000,43000
065082,台光電元大9C購04,0,0,0,0,0,0,0,0,0,43000,0,0,0,461000,418000,43000,43000
064676,聚陽兆豐9C購01  ,0,0,0,0,0,0,0,0,0,43000,0,0,0,200000,157000,43000,43000
063805,技嘉兆豐9C購01  ,0,0,0,0,0,0,0,0,0,43000,0,0,0,43000,0,43000,43000
2477,美隆電          ,49000,7000,42000,0,0,0,0,0,0,1000,1000,0,1000,0,0,0,43000
5225,東科-KY         ,43000,1000,42000,0,0,0,0,0,0,1000,2000,1000,1000,0,0,0,43000
3050,鈺德            ,73000,30000,43000,0,0,0,0,0,0,0,0,0,0,0,0,0,43000
8473,山林水          ,45000,2000,43000,0,0,0,0,0,0,0,0,0,0,0,0,0,43000
8480,泰昇-KY         ,84000,41000,43000,0,0,0,0,0,0,0,0,0,0,0,0,0,43000
06694P,臺股指凱基99售13,0,0,0,0,0,0,0,0,0,42000,0,0,0,47000,5000,42000,42000
067601,金像電凱基01購04,0,0,0,0,0,0,0,0,0,42000,0,0,0,70000,28000,42000,42000
057479,致茂元大98購03  ,0,0,0,0,0,0,0,0,0,42000,0,0,0,121000,79000,42000,42000
062719,微星凱基9B購01  ,0,0,0,0,0,0,0,0,0,42000,0,0,0,52000,10000,42000,42000
057249,華邦電統一9A購01,0,0,0,0,0,0,0,0,0,42000,0,0,0,42000,0,42000,42000
060194,旭富元富9A購01  ,0,0,0,0,0,0,0,0,0,42000,0,0,0,42000,0,42000,42000
062071,華通元大9B購02  ,0,0,0,0,0,0,0,0,0,42000,0,0,0,84000,42000,42000,42000
061975,華通元大9B購01  ,0,0,0,0,0,0,0,0,0,42000,0,0,0,42000,0,42000,42000
061526,宏達電凱基9A購04,0,0,0,0,0,0,0,0,0,42000,0,0,0,80000,38000,42000,42000
059630,美律凱基99購07  ,0,0,0,0,0,0,0,0,0,42000,0,0,0,72000,30000,42000,42000
062383,大立光國泰01購01,0,0,0,0,0,0,0,0,0,42000,0,0,0,100000,58000,42000,42000
060714,晶技永豐9A購02  ,0,0,0,0,0,0,0,0,0,42000,0,0,0,42000,0,42000,42000
059424,SGBR2X元大9A購01,0,0,0,0,0,0,0,0,0,42000,0,0,0,62000,20000,42000,42000
064532,聯茂兆豐01購01  ,0,0,0,0,0,0,0,0,0,42000,0,0,0,42000,0,42000,42000
064744,創意國票01購02  ,0,0,0,0,0,0,0,0,0,42000,0,0,0,42000,0,42000,42000
065180,台表科元大9C購10,0,0,0,0,0,0,0,0,0,42000,0,0,0,105000,63000,42000,42000
066321,華碩永豐01購01  ,0,0,0,0,0,0,0,0,0,42000,0,0,0,256000,214000,42000,42000
9937,全國            ,43000,1000,42000,0,0,0,0,0,0,0,0,0,0,0,0,0,42000
6449,鈺邦            ,182000,143000,39000,0,0,0,0,0,0,3000,3000,0,3000,0,0,0,42000
3705,永信            ,407000,365000,42000,0,0,0,0,0,0,0,0,0,0,0,0,0,42000
1410,南染            ,42000,0,42000,0,0,0,0,0,0,0,0,0,0,0,0,0,42000
1616,億泰            ,47000,5000,42000,0,0,0,0,0,0,0,0,0,0,0,0,0,42000
07034P,大立光元富99售03,0,0,0,0,0,0,0,0,0,41000,0,0,0,41000,0,41000,41000
063848,大立光元大9C購09,0,0,0,0,0,0,0,0,0,41000,0,0,0,41000,0,41000,41000
08207P,金像電群益9B售05,0,0,0,0,0,0,0,0,0,41000,0,0,0,110000,69000,41000,41000
055797,華通富邦98購01  ,0,0,0,0,0,0,0,0,0,41000,0,0,0,41000,0,41000,41000
062818,大立光兆豐9C購01,0,0,0,0,0,0,0,0,0,41000,0,0,0,41000,0,41000,41000
058525,台虹元大99購02  ,0,0,0,0,0,0,0,0,0,41000,0,0,0,331000,290000,41000,41000
057609,友訊元富98購01  ,0,0,0,0,0,0,0,0,0,41000,0,0,0,50000,9000,41000,41000
061646,力成元大9A購02  ,0,0,0,0,0,0,0,0,0,41000,0,0,0,41000,0,41000,41000
060506,京元電元大9A購02,0,0,0,0,0,0,0,0,0,41000,0,0,0,83000,42000,41000,41000
063542,泰鼎元富9B購02  ,0,0,0,0,0,0,0,0,0,41000,0,0,0,142000,101000,41000,41000
063376,神達永豐9B購01  ,0,0,0,0,0,0,0,0,0,41000,0,0,0,41000,0,41000,41000
063315,京元電群益9B購03,0,0,0,0,0,0,0,0,0,41000,0,0,0,42000,1000,41000,41000
061318,智邦凱基9B購01  ,0,2000,-2000,0,0,0,0,0,0,43000,0,0,0,93000,50000,43000,41000
063015,微星元大9B購01  ,0,0,0,0,0,0,0,0,0,41000,0,0,0,53000,12000,41000,41000
059975,元金2X元大99購02,0,0,0,0,0,0,0,0,0,41000,0,0,0,41000,0,41000,41000
061243,麗豐兆豐9A購01  ,0,0,0,0,0,0,0,0,0,41000,0,0,0,50000,9000,41000,41000
066379,台達電康和01購01,0,0,0,0,0,0,0,0,0,41000,0,0,0,68000,27000,41000,41000
066175,聯鈞凱基01購01  ,0,0,0,0,0,0,0,0,0,41000,0,0,0,41000,0,41000,41000
066605,盟立永豐01購02  ,0,0,0,0,0,0,0,0,0,41000,0,0,0,161000,120000,41000,41000
066054,創意元大01購02  ,0,0,0,0,0,0,0,0,0,41000,0,0,0,41000,0,41000,41000
065467,臺指反元大03購03,0,0,0,0,0,0,0,0,0,41000,0,0,0,41000,0,41000,41000
064929,台表科統一02購03,0,0,0,0,0,0,0,0,0,41000,0,0,0,55000,14000,41000,41000
063708,上銀凱基9B購06  ,0,0,0,0,0,0,0,0,0,41000,0,0,0,41000,0,41000,41000
1419,新紡            ,60000,19000,41000,0,0,0,0,0,0,0,0,0,0,0,0,0,41000
08858P,台積電國票01售05,0,0,0,0,0,0,0,0,0,41000,0,0,0,543000,502000,41000,41000
6277,宏正            ,76000,36000,40000,0,0,0,0,0,0,1000,1000,0,1000,0,0,0,41000
063914,和碩凱基9C購01  ,0,0,0,0,0,0,0,0,0,40000,0,0,0,40000,0,40000,40000
064110,國巨國票01購01  ,0,0,0,0,0,0,0,0,0,40000,0,0,0,53000,13000,40000,40000
07211P,南亞科凱基99售05,0,0,0,0,0,0,0,0,0,40000,0,0,0,40000,0,40000,40000
07014P,華通元大99售04  ,0,0,0,0,0,0,0,0,0,40000,0,0,0,90000,50000,40000,40000
07076P,鴻海凱基9A售08  ,0,0,0,0,0,0,0,0,0,40000,0,0,0,40000,0,40000,40000
067610,上緯控凱基02購01,0,0,0,0,0,0,0,0,0,40000,0,0,0,50000,10000,40000,40000
067430,中工凱基05購01  ,0,0,0,0,0,0,0,0,0,40000,0,0,0,100000,60000,40000,40000
066809,新唐凱基01購01  ,0,0,0,0,0,0,0,0,0,40000,0,0,0,40000,0,40000,40000
067232,友訊群益01購05  ,0,0,0,0,0,0,0,0,0,40000,0,0,0,40000,0,40000,40000
067033,新日興康和01購01,0,0,0,0,0,0,0,0,0,40000,0,0,0,40000,0,40000,40000
066988,新唐群益02購01  ,0,0,0,0,0,0,0,0,0,40000,0,0,0,40000,0,40000,40000
058896,中環元大99購03  ,0,0,0,0,0,0,0,0,0,40000,0,0,0,40000,0,40000,40000
059061,晶技凱基9A購01  ,0,0,0,0,0,0,0,0,0,40000,0,0,0,74000,34000,40000,40000
057782,台積電國票99購07,0,0,0,0,0,0,0,0,0,40000,0,0,0,40000,0,40000,40000
058681,大立光康和9B購01,0,0,0,0,0,0,0,0,0,40000,0,0,0,40000,0,40000,40000
057566,欣興富邦99購01  ,0,0,0,0,0,0,0,0,0,40000,0,0,0,51000,11000,40000,40000
062772,T50反1元大9B購06,0,0,0,0,0,0,0,0,0,40000,0,0,0,40000,0,40000,40000
058006,台郡群益98購04  ,0,0,0,0,0,0,0,0,0,40000,0,0,0,50000,10000,40000,40000
055168,光罩統一98購01  ,0,0,0,0,0,0,0,0,0,40000,0,0,0,120000,80000,40000,40000
056369,彩晶元大01購01  ,0,0,0,0,0,0,0,0,0,40000,0,0,0,40000,0,40000,40000
056284,台積電永豐97購06,0,0,0,0,0,0,0,0,0,40000,0,0,0,40000,0,40000,40000
056309,合勤控元大97購01,0,0,0,0,0,0,0,0,0,40000,0,0,0,40000,0,40000,40000
056155,嘉晶凱基97購01  ,0,0,0,0,0,0,0,0,0,40000,0,0,0,40000,0,40000,40000
056197,友訊永豐97購01  ,0,0,0,0,0,0,0,0,0,40000,0,0,0,40000,0,40000,40000
057135,立積凱基98購01  ,0,0,0,0,0,0,0,0,0,40000,0,0,0,40000,0,40000,40000
058366,元大金凱基99購01,0,0,0,0,0,0,0,0,0,40000,0,0,0,40000,0,40000,40000
048236,A50正2國票97購02,0,0,0,0,0,0,0,0,0,40000,0,0,0,40000,0,40000,40000
054060,晶技國票97購02  ,0,0,0,0,0,0,0,0,0,40000,0,0,0,40000,0,40000,40000
054072,台積電富邦98購02,0,0,0,0,0,0,0,0,0,40000,0,0,0,391000,351000,40000,40000
060035,臺股指永豐99購04,0,0,0,0,0,0,0,0,0,40000,0,0,0,40000,0,40000,40000
061281,台積電統一9C購05,0,0,0,0,0,0,0,0,0,40000,0,0,0,40000,0,40000,40000
063021,大立光元大9C購05,0,0,0,0,0,0,0,0,0,40000,0,0,0,60000,20000,40000,40000
059817,華通凱基99購05  ,0,0,0,0,0,0,0,0,0,40000,0,0,0,50000,10000,40000,40000
059765,嘉聯益永豐99購02,0,0,0,0,0,0,0,0,0,40000,0,0,0,126000,86000,40000,40000
060232,友訊元大9C購01  ,0,0,0,0,0,0,0,0,0,40000,0,0,0,40000,0,40000,40000
063352,上銀元富9B購02  ,0,0,0,0,0,0,0,0,0,40000,0,0,0,65000,25000,40000,40000
063499,金像電永豐9B購03,0,0,0,0,0,0,0,0,0,40000,0,0,0,77000,37000,40000,40000
060487,盛群富邦9B購01  ,0,0,0,0,0,0,0,0,0,40000,0,0,0,40000,0,40000,40000
060792,信錦永豐9A購01  ,0,0,0,0,0,0,0,0,0,40000,0,0,0,40000,0,40000,40000
061697,世紀鋼群益9A購03,0,0,0,0,0,0,0,0,0,40000,0,0,0,40000,0,40000,40000
059535,玉山金凱基99購01,0,0,0,0,0,0,0,0,0,40000,0,0,0,40000,0,40000,40000
059443,嘉聯益元大9B購01,0,0,0,0,0,0,0,0,0,40000,0,0,0,40000,0,40000,40000
060998,華通兆豐9A購01  ,0,0,0,0,0,0,0,0,0,40000,0,0,0,40000,0,40000,40000
063763,上銀元富9B購07  ,0,0,0,0,0,0,0,0,0,40000,0,0,0,64000,24000,40000,40000
064445,聚陽統一02購01  ,0,0,0,0,0,0,0,0,0,40000,0,0,0,59000,19000,40000,40000
064663,鴻海元大9C購11  ,0,0,0,0,0,0,0,0,0,40000,0,0,0,40000,0,40000,40000
064942,道瓊反凱基02購01,0,0,0,0,0,0,0,0,0,40000,0,0,0,40000,0,40000,40000
064903,新唐群益9C購01  ,0,0,0,0,0,0,0,0,0,40000,0,0,0,40000,0,40000,40000
066004,國巨統一01購11  ,0,0,0,0,0,0,0,0,0,40000,0,0,0,40000,0,40000,40000
066627,大毅凱基03購01  ,0,0,0,0,0,0,0,0,0,40000,0,0,0,209000,169000,40000,40000
6605,帝寶            ,67000,31000,36000,0,0,0,0,0,0,4000,4000,0,4000,0,0,0,40000
1321,大洋            ,112000,73000,39000,0,0,0,0,0,0,1000,1000,0,1000,0,0,0,40000
08684P,禾伸堂凱基01售01,0,0,0,0,0,0,0,0,0,40000,0,0,0,40000,0,40000,40000
4426,利勤            ,78000,35000,43000,0,0,0,0,0,0,-3000,0,0,0,0,3000,-3000,40000
064275,台光電元大9C購03,0,0,0,0,0,0,0,0,0,39000,0,0,0,252000,213000,39000,39000
08360P,國巨國泰02售01  ,0,0,0,0,0,0,0,0,0,39000,0,0,0,247000,208000,39000,39000
08160P,茂林元富9B售03  ,0,0,0,0,0,0,0,0,0,39000,0,0,0,104000,65000,39000,39000
08155P,聯發科元富9B售05,0,0,0,0,0,0,0,0,0,39000,0,0,0,39000,0,39000,39000
07964P,大立光統一9B售12,0,0,0,0,0,0,0,0,0,39000,0,0,0,40000,1000,39000,39000
056496,康控國泰99購01  ,0,0,0,0,0,0,0,0,0,39000,0,0,0,39000,0,39000,39000
055312,台虹群益99購01  ,0,0,0,0,0,0,0,0,0,39000,0,0,0,88000,49000,39000,39000
062721,美律凱基9B購02  ,0,0,0,0,0,0,0,0,0,39000,0,0,0,39000,0,39000,39000
057575,世紀鋼永豐98購02,0,0,0,0,0,0,0,0,0,39000,0,0,0,40000,1000,39000,39000
061634,遠東新元大9A購01,0,0,0,0,0,0,0,0,0,39000,0,0,0,91000,52000,39000,39000
062372,旭富元大9B購01  ,0,0,0,0,0,0,0,0,0,39000,0,0,0,39000,0,39000,39000
061258,華通凱基9A購06  ,0,0,0,0,0,0,0,0,0,39000,0,0,0,86000,47000,39000,39000
060320,元金2X群益02購01,0,0,0,0,0,0,0,0,0,39000,0,0,0,39000,0,39000,39000
066058,TPK元大01購02   ,0,0,0,0,0,0,0,0,0,39000,0,0,0,115000,76000,39000,39000
065674,華擎凱基9C購03  ,0,0,0,0,0,0,0,0,0,39000,0,0,0,113000,74000,39000,39000
064764,聯茂凱基01購01  ,0,0,0,0,0,0,0,0,0,39000,0,0,0,75000,36000,39000,39000
1721,三晃            ,55000,16000,39000,0,0,0,0,0,0,0,1000,1000,0,0,0,0,39000
2302,麗正            ,43000,4000,39000,0,0,0,0,0,0,0,0,0,0,0,0,0,39000
08746P,鴻海元富07售06  ,0,0,0,0,0,0,0,0,0,39000,0,0,0,43000,4000,39000,39000
07318P,鴻海凱基01售02  ,0,0,0,0,0,0,0,0,0,38000,0,0,0,38000,0,38000,38000
08187P,大毅群益9B售04  ,0,0,0,0,0,0,0,0,0,38000,0,0,0,80000,42000,38000,38000
063998,聯發科兆豐9C購02,0,0,0,0,0,0,0,0,0,38000,0,0,0,84000,46000,38000,38000
063981,貿聯兆豐9C購01  ,0,0,0,0,0,0,0,0,0,38000,0,0,0,48000,10000,38000,38000
067221,台表科元大01購02,0,0,0,0,0,0,0,0,0,38000,0,0,0,54000,16000,38000,38000
067183,友訊凱基02購01  ,0,0,0,0,0,0,0,0,0,38000,0,0,0,38000,0,38000,38000
066706,揚明光群益01購01,0,0,0,0,0,0,0,0,0,38000,0,0,0,183000,145000,38000,38000
06904P,TPK凱基98售03   ,0,0,0,0,0,0,0,0,0,38000,0,0,0,38000,0,38000,38000
058632,世紀鋼國票9A購01,0,0,0,0,0,0,0,0,0,38000,0,0,0,38000,0,38000,38000
059060,大立光凱基9A購03,0,0,0,0,0,0,0,0,0,38000,0,0,0,38000,0,38000,38000
058068,旺宏凱基98購11  ,0,0,0,0,0,0,0,0,0,38000,0,0,0,83000,45000,38000,38000
057069,台積電永豐98購02,0,0,0,0,0,0,0,0,0,38000,0,0,0,198000,160000,38000,38000
056911,緯穎元大99購01  ,0,0,0,0,0,0,0,0,0,38000,0,0,0,48000,10000,38000,38000
062008,南亞科國泰9C購01,0,0,0,0,0,0,0,0,0,38000,0,0,0,113000,75000,38000,38000
060266,潤泰全國票9A購01,0,0,0,0,0,0,0,0,0,38000,0,0,0,38000,0,38000,38000
063396,金像電群益9C購01,0,0,0,0,0,0,0,0,0,38000,0,0,0,93000,55000,38000,38000
064643,瑞昱凱基04購01  ,0,0,0,0,0,0,0,0,0,38000,0,0,0,48000,10000,38000,38000
064994,南電兆豐01購01  ,0,0,0,0,0,0,0,0,0,38000,0,0,0,38000,0,38000,38000
066595,敦泰群益01購01  ,0,0,0,0,0,0,0,0,0,38000,0,0,0,123000,85000,38000,38000
066596,健策群益02購01  ,0,0,0,0,0,0,0,0,0,38000,0,0,0,98000,60000,38000,38000
066162,泰豐凱基01購01  ,0,0,0,0,0,0,0,0,0,38000,0,0,0,69000,31000,38000,38000
1414,東和            ,44000,6000,38000,0,0,0,0,0,0,0,0,0,0,0,0,0,38000
1417,嘉裕            ,121000,83000,38000,0,0,0,0,0,0,0,0,0,0,0,0,0,38000
1592,英瑞-KY         ,67000,29000,38000,0,0,0,0,0,0,0,0,0,0,0,0,0,38000
2069,運錩            ,36000,0,36000,0,0,0,0,0,0,2000,2000,0,2000,0,0,0,38000
2415,錩新            ,39000,2000,37000,0,0,0,0,0,0,1000,1000,0,1000,0,0,0,38000
3149,正達            ,97000,59000,38000,0,0,0,0,0,0,0,0,0,0,0,0,0,38000
066682,聯詠兆豐03購01  ,0,0,0,0,0,0,0,0,0,37000,0,0,0,54000,17000,37000,37000
067147,台積電統一04購01,0,0,0,0,0,0,0,0,0,37000,0,0,0,1221000,1184000,37000,37000
063993,華通群益01購01  ,0,0,0,0,0,0,0,0,0,37000,0,0,0,112000,75000,37000,37000
08175P,金像電統一9B售02,0,0,0,0,0,0,0,0,0,37000,0,0,0,63000,26000,37000,37000
053377,台積電元大98購01,0,0,0,0,0,0,0,0,0,37000,0,0,0,211000,174000,37000,37000
055701,亞德客富邦99購01,0,0,0,0,0,0,0,0,0,37000,0,0,0,82000,45000,37000,37000
055619,同欣電國票98購02,0,0,0,0,0,0,0,0,0,37000,0,0,0,40000,3000,37000,37000
057977,台光電永豐98購02,0,0,0,0,0,0,0,0,0,37000,0,0,0,267000,230000,37000,37000
062726,華擎凱基9B購02  ,0,0,0,0,0,0,0,0,0,37000,0,0,0,37000,0,37000,37000
057370,可成元大98購07  ,0,0,0,0,0,0,0,0,0,37000,0,0,0,37000,0,37000,37000
060681,華擎元大9A購02  ,0,0,0,0,0,0,0,0,0,37000,0,0,0,57000,20000,37000,37000
062392,國巨富邦02購01  ,0,0,0,0,0,0,0,0,0,37000,0,0,0,42000,5000,37000,37000
061553,南電群益9A購03  ,0,0,0,0,0,0,0,0,0,37000,0,0,0,37000,0,37000,37000
061962,台積電統一01購03,0,0,0,0,0,0,0,0,0,37000,0,0,0,193000,156000,37000,37000
066393,華碩凱基01購01  ,0,0,0,0,0,0,0,0,0,37000,0,0,0,37000,0,37000,37000
065998,友訊國票01購02  ,0,0,0,0,0,0,0,0,0,37000,0,0,0,37000,0,37000,37000
064741,南亞科國票01購01,0,0,0,0,0,0,0,0,0,37000,0,0,0,43000,6000,37000,37000
3027,盛達            ,137000,101000,36000,0,0,0,0,0,0,1000,1000,0,1000,0,0,0,37000
4155,訊映            ,86000,49000,37000,0,0,0,0,0,0,0,0,0,0,0,0,0,37000
4545,銘鈺            ,144000,159000,-15000,0,0,0,0,0,0,52000,52000,0,52000,0,0,0,37000
3416,融程電          ,38000,2000,36000,0,0,0,0,0,0,1000,1000,0,1000,0,0,0,37000
08566P,禾伸堂群益9C售01,0,0,0,0,0,0,0,0,0,37000,0,0,0,147000,110000,37000,37000
08545P,南電國泰01售02  ,0,0,0,0,0,0,0,0,0,37000,0,0,0,70000,33000,37000,37000
8033,雷虎            ,38000,1000,37000,0,0,0,0,0,0,0,0,0,0,0,0,0,37000
08118P,嘉澤元富9B售02  ,0,0,0,0,0,0,0,0,0,36000,0,0,0,41000,5000,36000,36000
063561,上銀元大9B購08  ,0,0,0,0,0,0,0,0,0,36000,0,0,0,36000,0,36000,36000
066784,滬深反中信03購01,0,0,0,0,0,0,0,0,0,36000,0,0,0,39000,3000,36000,36000
066936,新日興國票02購01,0,0,0,0,0,0,0,0,0,36000,0,0,0,44000,8000,36000,36000
066959,新唐元大01購01  ,0,0,0,0,0,0,0,0,0,36000,0,0,0,106000,70000,36000,36000
062575,景碩群益9B購01  ,0,0,0,0,0,0,0,0,0,36000,0,0,0,110000,74000,36000,36000
058091,欣興元大99購03  ,0,0,0,0,0,0,0,0,0,36000,0,0,0,37000,1000,36000,36000
059020,元油2X統一9B購02,0,0,0,0,0,0,0,0,0,36000,0,0,0,36000,0,36000,36000
064791,友達國票9C購01  ,0,0,0,0,0,0,0,0,0,36000,0,0,0,46000,10000,36000,36000
066104,鎧勝國票02購01  ,0,0,0,0,0,0,0,0,0,36000,0,0,0,175000,139000,36000,36000
066644,瑞昱麥證01購01  ,0,0,0,141000,115000,26000,0,0,0,36000,0,0,0,151000,115000,36000,36000
1423,利華            ,40000,4000,36000,0,0,0,0,0,0,0,0,0,0,0,0,0,36000
1337,再生-KY         ,189000,151000,38000,0,0,0,0,0,0,-2000,0,2000,-2000,0,0,0,36000
08887P,聯發科富邦03售06,0,0,0,0,0,0,0,0,0,36000,0,0,0,36000,0,36000,36000
4552,力達-KY         ,37000,1000,36000,0,0,0,0,0,0,0,0,0,0,0,0,0,36000
2468,華經            ,86000,61000,25000,0,0,0,0,0,0,11000,11000,0,11000,0,0,0,36000
066920,華擎麥證01購01  ,0,0,0,35000,0,35000,0,0,0,35000,0,0,0,35000,0,35000,35000
066852,矽格元大01購03  ,0,0,0,0,0,0,0,0,0,35000,0,0,0,551000,516000,35000,35000
067018,FB上証中信02購01,0,0,0,0,0,0,0,0,0,35000,0,0,0,35000,0,35000,35000
06950P,鴻海統一9B售02  ,0,0,0,0,0,0,0,0,0,35000,0,0,0,103000,68000,35000,35000
067283,南亞科國票02購01,0,0,0,0,0,0,0,0,0,35000,0,0,0,35000,0,35000,35000
08115P,聯發科凱基9B售13,0,0,0,0,0,0,0,0,0,35000,0,0,0,35000,0,35000,35000
07291P,臺股指凱基99售43,0,0,0,0,0,0,0,0,0,35000,0,0,0,35000,0,35000,35000
058173,台積電凱基99購04,0,0,0,0,0,0,0,0,0,35000,0,0,0,45000,10000,35000,35000
058051,同欣電元大98購03,0,0,0,0,0,0,0,0,0,35000,0,0,0,35000,0,35000,35000
059053,鴻海凱基99購07  ,0,0,0,0,0,0,0,0,0,35000,0,0,0,35000,0,35000,35000
062695,華通元大9C購01  ,0,0,0,0,0,0,0,0,0,35000,0,0,0,37000,2000,35000,35000
058665,台灣50群益9B購02,0,0,0,0,0,0,0,0,0,35000,0,0,0,235000,200000,35000,35000
059284,緯穎永豐99購03  ,0,0,0,0,0,0,0,0,0,35000,0,0,0,93000,58000,35000,35000
057696,聯電群益9A購01  ,0,0,0,0,0,0,0,0,0,35000,0,0,0,35000,0,35000,35000
057625,泰鼎國泰9A購01  ,0,0,0,0,0,0,0,0,0,35000,0,0,0,35000,0,35000,35000
058901,美律元大99購07  ,0,0,0,0,0,0,0,0,0,35000,0,0,0,35000,0,35000,35000
058783,臺股指國票99購02,0,0,0,0,0,0,0,0,0,35000,0,0,0,35000,0,35000,35000
062867,東元中信9B購01  ,0,0,0,0,0,0,0,0,0,35000,0,0,0,105000,70000,35000,35000
061170,南茂兆豐9B購01  ,0,0,0,0,0,0,0,0,0,35000,0,0,0,35000,0,35000,35000
062953,大立光永豐9B購01,0,0,0,0,0,0,0,0,0,35000,0,0,0,35000,0,35000,35000
061563,群創國票9B購02  ,0,0,0,0,0,0,0,0,0,35000,0,0,0,35000,0,35000,35000
062432,上銀元大9B購04  ,0,0,0,0,0,0,0,0,0,35000,0,0,0,85000,50000,35000,35000
061648,緯穎元大9A購04  ,0,0,0,0,0,0,0,0,0,35000,0,0,0,35000,0,35000,35000
06054P,臺股指中信9A售01,0,0,0,0,0,0,0,0,0,35000,0,0,0,239000,204000,35000,35000
059569,旺宏凱基99購09  ,0,0,0,0,0,0,0,0,0,35000,0,0,0,35000,0,35000,35000
060654,大毅群益9B購01  ,0,0,0,0,0,0,0,0,0,35000,0,0,0,35000,0,35000,35000
066055,聯鈞元大01購01  ,0,0,0,0,0,0,0,0,0,35000,0,0,0,35000,0,35000,35000
065513,旺宏群益9C購05  ,0,0,0,0,0,0,0,0,0,35000,0,0,0,40000,5000,35000,35000
064745,聯鈞國票01購01  ,0,0,0,0,0,0,0,0,0,35000,0,0,0,333000,298000,35000,35000
064450,致茂統一01購01  ,0,0,0,0,0,0,0,0,0,35000,0,0,0,164000,129000,35000,35000
064364,高鐵統一9C購02  ,0,0,0,0,0,0,0,0,0,35000,0,0,0,35000,0,35000,35000
065001,中橡國票9C購01  ,0,0,0,0,0,0,0,0,0,35000,0,0,0,35000,0,35000,35000
064966,FBVIX元大9C購03 ,0,0,0,0,0,0,0,0,0,35000,0,0,0,65000,30000,35000,35000
065211,世芯國票01購03  ,0,0,0,0,0,0,0,0,0,35000,0,0,0,133000,98000,35000,35000
065240,矽創凱基01購01  ,0,0,0,0,0,0,0,0,0,35000,0,0,0,50000,15000,35000,35000
2443,億麗            ,35000,0,35000,0,0,0,0,0,0,0,0,0,0,0,0,0,35000
1727,中華化          ,34000,0,34000,0,0,0,0,0,0,1000,1000,0,1000,0,0,0,35000
2702,華園            ,45000,10000,35000,0,0,0,0,0,0,0,0,0,0,0,0,0,35000
08769P,上証2X凱基01售02,0,0,0,0,0,0,0,0,0,35000,0,0,0,50000,15000,35000,35000
1338,廣華-KY         ,173000,138000,35000,0,0,0,0,0,0,0,0,0,0,0,0,0,35000
1472,三洋紡          ,37000,2000,35000,0,0,0,0,0,0,0,0,0,0,0,0,0,35000
08015P,可成凱基9B售05  ,0,0,0,0,0,0,0,0,0,34000,0,0,0,94000,60000,34000,34000
08333P,大立光富邦02售03,0,0,0,0,0,0,0,0,0,34000,0,0,0,34000,0,34000,34000
067538,晶技群益01購02  ,0,0,0,0,0,0,0,0,0,34000,0,0,0,35000,1000,34000,34000
067181,華通凱基01購02  ,0,0,0,0,0,0,0,0,0,34000,0,0,0,226000,192000,34000,34000
057650,力成元大98購04  ,0,0,0,0,0,0,0,0,0,34000,0,0,0,68000,34000,34000,34000
058669,上銀群益99購01  ,0,0,0,0,0,0,0,0,0,34000,0,0,0,34000,0,34000,34000
058019,美律凱基99購04  ,0,0,0,0,0,0,0,0,0,34000,0,0,0,34000,0,34000,34000
058274,世紀鋼永豐99購01,0,0,0,0,0,0,0,0,0,34000,0,0,0,99000,65000,34000,34000
053860,台積電元大98購03,0,0,0,0,0,0,0,0,0,34000,0,0,0,81000,47000,34000,34000
00673R,元大S&P原油反1  ,16000,16000,0,0,0,0,0,0,0,34000,0,0,0,51000,17000,34000,34000
063539,世紀鋼統一9B購02,0,0,0,0,0,0,0,0,0,34000,0,0,0,125000,91000,34000,34000
062470,智邦凱基9C購01  ,0,0,0,0,0,0,0,0,0,34000,0,0,0,86000,52000,34000,34000
061620,禾伸堂群益9A購02,0,0,0,0,0,0,0,0,0,34000,0,0,0,54000,20000,34000,34000
059480,美律群益9A購01  ,0,0,0,0,0,0,0,0,0,34000,0,0,0,34000,0,34000,34000
059865,國巨凱基01購01  ,0,0,0,0,0,0,0,0,0,34000,0,0,0,222000,188000,34000,34000
062104,上証2X國票9B購03,0,0,0,0,0,0,0,0,0,34000,0,0,0,34000,0,34000,34000
062150,南六國票9B購01  ,0,0,0,0,0,0,0,0,0,34000,0,0,0,34000,0,34000,34000
064985,台表科元大9C購09,0,0,0,0,0,0,0,0,0,34000,0,0,0,68000,34000,34000,34000
063731,台積電元大9B購10,0,0,0,0,0,0,0,0,0,34000,0,0,0,38000,4000,34000,34000
06597P,國巨富邦9A售05  ,0,0,0,0,0,0,0,0,0,34000,0,0,0,156000,122000,34000,34000
066478,鴻海元富07購02  ,0,0,0,0,0,0,0,0,0,34000,0,0,0,46000,12000,34000,34000
1617,榮星            ,45000,11000,34000,0,0,0,0,0,0,0,0,0,0,0,0,0,34000
2838A,聯邦銀甲特      ,0,0,0,0,0,0,0,0,0,34000,41000,7000,34000,0,0,0,34000
2929,淘帝-KY         ,283000,253000,30000,0,0,0,0,0,0,4000,4000,0,4000,0,0,0,34000
3058,立德            ,35000,1000,34000,0,0,0,0,0,0,0,0,0,0,0,0,0,34000
4540,全球傳動        ,42000,8000,34000,0,0,0,0,0,0,0,0,0,0,0,0,0,34000
4755,三福化          ,56000,22000,34000,0,0,0,0,0,0,0,0,0,0,0,0,0,34000
2427,三商電          ,43000,0,43000,0,0,0,0,0,0,-9000,0,9000,-9000,0,0,0,34000
6142,友勁            ,74000,40000,34000,0,0,0,0,0,0,0,0,0,0,0,0,0,34000
6108,競國            ,41000,9000,32000,0,0,0,0,0,0,2000,2000,0,2000,0,0,0,34000
5258,虹堡            ,40000,6000,34000,0,0,0,0,0,0,0,1000,1000,0,0,0,0,34000
067615,鈺齊凱基01購01  ,0,0,0,0,0,0,0,0,0,33000,0,0,0,150000,117000,33000,33000
063966,大毅國票01購01  ,0,0,0,0,0,0,0,0,0,33000,0,0,0,53000,20000,33000,33000
063876,華新元富9C購01  ,0,0,0,0,0,0,0,0,0,33000,0,0,0,218000,185000,33000,33000
053798,台積電中信98購02,0,0,0,0,0,0,0,0,0,33000,0,0,0,102000,69000,33000,33000
057259,台積電兆豐98購03,0,0,0,0,0,0,0,0,0,33000,0,0,0,788000,755000,33000,33000
058971,台積電永豐99購03,0,0,0,0,0,0,0,0,0,33000,0,0,0,33000,0,33000,33000
064393,友訊永豐9C購01  ,0,0,0,0,0,0,0,0,0,33000,0,0,0,60000,27000,33000,33000
064900,景碩群益01購01  ,0,0,0,0,0,0,0,0,0,33000,0,0,0,106000,73000,33000,33000
6166,凌華            ,267000,259000,8000,0,0,0,0,0,0,25000,1000,0,1000,24000,0,24000,33000
6206,飛捷            ,90000,57000,33000,0,0,0,0,0,0,0,1000,1000,0,0,0,0,33000
6451,訊芯-KY         ,281000,262000,19000,0,0,0,0,0,0,14000,1000,15000,-14000,37000,9000,28000,33000
08811P,鴻海群益01售08  ,0,0,0,0,0,0,0,0,0,33000,0,0,0,35000,2000,33000,33000
08863P,台積電元大01售25,0,0,0,0,0,0,0,0,0,33000,0,0,0,6869000,6836000,33000,33000
08096P,大立光元富9B售04,0,0,0,0,0,0,0,0,0,32000,0,0,0,54000,22000,32000,32000
062718,技嘉凱基9B購01  ,0,0,0,0,0,0,0,0,0,32000,0,0,0,40000,8000,32000,32000
059068,台虹國票9A購01  ,0,0,0,0,0,0,0,0,0,32000,0,0,0,198000,166000,32000,32000
058939,台積電中信9B購01,0,0,0,0,0,0,0,0,0,32000,0,0,0,52000,20000,32000,32000
057152,緯穎國票99購03  ,0,0,0,0,0,0,0,0,0,32000,0,0,0,32000,0,32000,32000
056290,正文永豐98購01  ,0,0,0,0,0,0,0,0,0,32000,0,0,0,62000,30000,32000,32000
061190,力山永豐9A購02  ,0,0,0,0,0,0,0,0,0,32000,0,0,0,125000,93000,32000,32000
061951,南電群益9B購01  ,0,0,0,0,0,0,0,0,0,32000,0,0,0,52000,20000,32000,32000
061772,健策元大9B購06  ,0,0,0,0,0,0,0,0,0,32000,0,0,0,40000,8000,32000,32000
062497,遠東新群益9B購01,0,0,0,0,0,0,0,0,0,32000,0,0,0,42000,10000,32000,32000
061584,勤誠元大9A購01  ,0,0,0,0,0,0,0,0,0,32000,0,0,0,32000,0,32000,32000
063326,正隆國票9B購01  ,0,0,0,0,0,0,0,0,0,32000,0,0,0,36000,4000,32000,32000
064825,英業達統一9C購01,0,0,0,0,0,0,0,0,0,32000,0,0,0,69000,37000,32000,32000
064666,華新科元大02購01,0,0,0,0,0,0,0,0,0,32000,0,0,0,32000,0,32000,32000
064574,達方群益01購01  ,0,0,0,0,0,0,0,0,0,32000,0,0,0,62000,30000,32000,32000
066606,聯詠永豐01購01  ,0,0,0,0,0,0,0,0,0,32000,0,0,0,101000,69000,32000,32000
066183,眾達凱基01購01  ,0,0,0,0,0,0,0,0,0,32000,0,0,0,80000,48000,32000,32000
065983,亞德客國泰03購01,0,0,0,0,0,0,0,0,0,32000,0,0,0,131000,99000,32000,32000
08845P,友訊元大01售05  ,0,0,0,0,0,0,0,0,0,32000,0,0,0,50000,18000,32000,32000
1463,強盛            ,32000,0,32000,0,0,0,0,0,0,0,0,0,0,0,0,0,32000
08495P,同欣電元大9C售08,0,0,0,0,0,0,0,0,0,32000,0,0,0,32000,0,32000,32000
08703P,華碩凱基01售02  ,0,0,0,0,0,0,0,0,0,32000,0,0,0,59000,27000,32000,32000
2433,互盛電          ,37000,6000,31000,0,0,0,0,0,0,1000,1000,0,1000,0,0,0,32000
4952,凌通            ,45000,15000,30000,0,0,0,0,0,0,2000,2000,0,2000,0,0,0,32000
3701,大眾控          ,32000,0,32000,0,0,0,0,0,0,0,0,0,0,0,0,0,32000
08117P,聯發科元富9B售04,0,0,0,0,0,0,0,0,0,31000,0,0,0,162000,131000,31000,31000
08037P,台表科群益9B售02,0,0,0,0,0,0,0,0,0,31000,0,0,0,281000,250000,31000,31000
063932,世芯統一01購01  ,0,0,0,0,0,0,0,0,0,31000,0,0,0,31000,0,31000,31000
067271,世紀鋼永豐01購02,0,0,0,0,0,0,0,0,0,31000,0,0,0,31000,0,31000,31000
057270,遠東新元大98購01,0,0,0,0,0,0,0,0,0,31000,0,0,0,31000,0,31000,31000
057963,緯穎元大98購08  ,0,0,0,0,0,0,0,0,0,31000,0,0,0,88000,57000,31000,31000
063547,大立光兆豐9B購04,0,0,0,0,0,0,0,0,0,31000,0,0,0,45000,14000,31000,31000
063531,台表科凱基9B購04,0,0,0,0,0,0,0,0,0,31000,0,0,0,31000,0,31000,31000
063078,元金2X凱基02購03,0,0,0,0,0,0,0,0,0,31000,0,0,0,31000,0,31000,31000
061824,聯電麥證9B購01  ,0,0,0,31000,0,31000,0,0,0,31000,0,0,0,31000,0,31000,31000
061134,大成鋼統一9C購01,0,0,0,0,0,0,0,0,0,31000,0,0,0,32000,1000,31000,31000
059821,美律凱基99購08  ,0,0,0,0,0,0,0,0,0,31000,0,0,0,31000,0,31000,31000
065696,旺宏群益9C購06  ,0,0,0,0,0,0,0,0,0,31000,0,0,0,31000,0,31000,31000
066154,聯強康和01購01  ,0,0,0,0,0,0,0,0,0,31000,0,0,0,151000,120000,31000,31000
064406,健策凱基03購01  ,0,0,0,0,0,0,0,0,0,31000,0,0,0,185000,154000,31000,31000
063746,上銀國票9C購01  ,0,0,0,0,0,0,0,0,0,31000,0,0,0,33000,2000,31000,31000
2613,中櫃            ,29000,0,29000,0,0,0,0,0,0,2000,2000,0,2000,0,0,0,31000
08754P,臺股指群益01售04,0,0,0,0,0,0,0,0,0,31000,0,0,0,595000,564000,31000,31000
08817P,致新元富01售02  ,0,0,0,0,0,0,0,0,0,31000,0,0,0,36000,5000,31000,31000
06714P,台積電元大98售15,0,0,0,0,0,0,0,0,0,30000,0,0,0,40000,10000,30000,30000
067036,南電康和01購02  ,0,0,0,0,0,0,0,0,0,30000,0,0,0,38000,8000,30000,30000
066841,臺指反元大04購06,0,0,0,0,0,0,0,0,0,30000,0,0,0,30000,0,30000,30000
07110P,台灣50群益9B售03,0,0,0,0,0,0,0,0,0,30000,0,0,0,30000,0,30000,30000
06746P,聯發科群益99售02,0,0,0,0,0,0,0,0,0,30000,0,0,0,40000,10000,30000,30000
067296,A50正2元大01購03,0,0,0,0,0,0,0,0,0,30000,0,0,0,30000,0,30000,30000
063887,香港2X中信02購01,0,0,0,0,0,0,0,0,0,30000,0,0,0,41000,11000,30000,30000
064083,群創中信06購01  ,0,0,0,0,0,0,0,0,0,30000,0,0,0,30000,0,30000,30000
06418P,T50反1統一9A售02,0,0,0,0,0,0,0,0,0,30000,0,0,0,30000,0,30000,30000
064192,巨大中信9C購01  ,0,0,0,0,0,0,0,0,0,30000,0,0,0,40000,10000,30000,30000
064193,華新群益9C購01  ,0,0,0,0,0,0,0,0,0,30000,0,0,0,66000,36000,30000,30000
08359P,緯創元大9C售02  ,0,0,0,0,0,0,0,0,0,30000,0,0,0,119000,89000,30000,30000
08191P,鴻海台新9B售03  ,0,0,0,0,0,0,0,0,0,30000,0,0,0,30000,0,30000,30000
08246P,亞德客群益01售01,0,0,0,0,0,0,0,0,0,30000,0,0,0,124000,94000,30000,30000
08238P,嘉晶永豐9B售03  ,0,0,0,0,0,0,0,0,0,30000,0,0,0,30000,0,30000,30000
07347P,上証2X凱基99售02,0,0,0,0,0,0,0,0,0,30000,0,0,0,80000,50000,30000,30000
07559P,祥碩元大9A售03  ,0,0,0,0,0,0,0,0,0,30000,0,0,0,30000,0,30000,30000
07963P,智邦統一9B售01  ,0,0,0,0,0,0,0,0,0,30000,0,0,0,50000,20000,30000,30000
07789P,緯穎群益9A售03  ,0,0,0,0,0,0,0,0,0,30000,0,0,0,36000,6000,30000,30000
07778P,台灣50凱基9C售08,0,0,0,0,0,0,0,0,0,30000,0,0,0,30000,0,30000,30000
07707P,玉山金元大9A售03,0,0,0,0,0,0,0,0,0,30000,0,0,0,30000,0,30000,30000
057971,華新科富邦9B購02,0,0,0,0,0,0,0,0,0,30000,0,0,0,30000,0,30000,30000
058046,國巨元大9A購01  ,0,0,0,0,0,0,0,0,0,30000,0,0,0,30000,0,30000,30000
062795,國巨統一9B購15  ,0,0,0,0,0,0,0,0,0,30000,0,0,0,30000,0,30000,30000
062927,同欣電國票9B購02,0,0,0,0,0,0,0,0,0,30000,0,0,0,30000,0,30000,30000
057620,康控凱基99購01  ,0,0,0,0,0,0,0,0,0,30000,0,0,0,30000,0,30000,30000
058622,國巨國票99購07  ,0,0,0,0,0,0,0,0,0,30000,0,0,0,107000,77000,30000,30000
057390,台表科永豐98購01,0,0,0,0,0,0,0,0,0,30000,0,0,0,30000,0,30000,30000
057203,麗豐元富98購02  ,0,0,0,0,0,0,0,0,0,30000,0,0,0,30000,0,30000,30000
055948,道瓊銀元大98購02,0,0,0,0,0,0,0,0,0,30000,0,0,0,30000,0,30000,30000
049893,日月光富邦98購01,0,0,0,0,0,0,0,0,0,30000,0,0,0,30000,0,30000,30000
056846,晶相光元富98購01,0,0,0,0,0,0,0,0,0,30000,0,0,0,30000,0,30000,30000
057091,華新科元富9A購01,0,0,0,0,0,0,0,0,0,30000,0,0,0,30000,0,30000,30000
061177,大立光凱基9A購10,0,0,0,0,0,0,0,0,0,30000,0,0,0,30000,0,30000,30000
062114,GIS國票9C購01   ,0,0,0,0,0,0,0,0,0,30000,0,0,0,30000,0,30000,30000
060165,上緯控永豐9A購01,0,0,0,0,0,0,0,0,0,30000,0,0,0,30000,0,30000,30000
062290,聯發科富邦9C購04,0,0,0,0,0,0,0,0,0,30000,0,0,0,30000,0,30000,30000
061870,智邦元大9B購02  ,0,0,0,0,0,0,0,0,0,30000,0,0,0,86000,56000,30000,30000
062007,台光電國泰9C購01,0,0,0,0,0,0,0,0,0,30000,0,0,0,79000,49000,30000,30000
062553,台積電凱基9B購07,0,0,0,0,0,0,0,0,0,30000,0,0,0,36000,6000,30000,30000
061413,台勝科群益9A購01,0,0,0,0,0,0,0,0,0,30000,0,0,0,80000,50000,30000,30000
063440,上銀統一01購02  ,0,0,0,0,0,0,0,0,0,30000,0,0,0,30000,0,30000,30000
060604,宏達電凱基9B購01,0,0,0,0,0,0,0,0,0,30000,0,0,0,34000,4000,30000,30000
059631,京元電凱基99購02,0,0,0,0,0,0,0,0,0,30000,0,0,0,60000,30000,30000,30000
061579,京鼎元大9A購02  ,0,0,0,0,0,0,0,0,0,30000,0,0,0,40000,10000,30000,30000
061039,台表科永豐9A購03,0,0,0,0,0,0,0,0,0,30000,0,0,0,30000,0,30000,30000
061599,元金反中信9C購01,0,0,0,0,0,0,0,0,0,30000,0,0,0,30000,0,30000,30000
062434,華通元大9B購04  ,0,0,0,0,0,0,0,0,0,30000,0,0,0,202000,172000,30000,30000
061650,南電元大9A購07  ,0,0,0,0,0,0,0,0,0,30000,0,0,0,30000,0,30000,30000
060329,鎧勝群益9B購01  ,0,0,0,0,0,0,0,0,0,30000,0,0,0,30000,0,30000,30000
063804,華邦電兆豐01購01,0,0,0,0,0,0,0,0,0,30000,0,0,0,38000,8000,30000,30000
064341,聯詠元大9C購01  ,0,0,0,0,0,0,0,0,0,30000,0,0,0,51000,21000,30000,30000
064980,牧德元大01購01  ,0,0,0,0,0,0,0,0,0,30000,0,0,0,30000,0,30000,30000
065019,華邦電富邦9C購01,0,0,0,0,0,0,0,0,0,30000,0,0,0,30000,0,30000,30000
065400,華擎群益01購02  ,0,0,0,0,0,0,0,0,0,30000,0,0,0,30000,0,30000,30000
06615P,鴻海元大9C售02  ,0,0,0,0,0,0,0,0,0,30000,0,0,0,30000,0,30000,30000
066385,巨大康和01購01  ,0,0,0,0,0,0,0,0,0,30000,0,0,0,70000,40000,30000,30000
066638,聚碩凱基01購01  ,0,0,0,0,0,0,0,0,0,30000,0,0,0,30000,0,30000,30000
066668,揚明光凱基01購01,0,0,0,0,0,0,0,0,0,30000,0,0,0,260000,230000,30000,30000
065694,國巨群益9C購19  ,0,0,0,0,0,0,0,0,0,30000,0,0,0,30000,0,30000,30000
066011,華通元富01購01  ,0,0,0,0,0,0,0,0,0,30000,0,0,0,151000,121000,30000,30000
08828P,上証2X群益01售05,0,0,0,0,0,0,0,0,0,30000,0,0,0,30000,0,30000,30000
08775P,台灣50群益01售05,0,0,0,0,0,0,0,0,0,30000,0,0,0,50000,20000,30000,30000
08779P,旺宏群益01售04  ,0,0,0,0,0,0,0,0,0,30000,0,0,0,36000,6000,30000,30000
08747P,國巨元富07售06  ,0,0,0,0,0,0,0,0,0,30000,0,0,0,30000,0,30000,30000
08745P,臺股指凱基02售06,0,0,0,0,0,0,0,0,0,30000,0,0,0,60000,30000,30000,30000
08437P,台郡群益9C售01  ,0,0,0,0,0,0,0,0,0,30000,0,0,0,60000,30000,30000,30000
08403P,上銀元大9C售07  ,0,0,0,0,0,0,0,0,0,30000,0,0,0,30000,0,30000,30000
063666,京元電統一9C購01,0,0,0,0,0,0,0,0,0,29000,0,0,0,53000,24000,29000,29000
067630,大成鋼永豐01購01,0,0,0,0,0,0,0,0,0,29000,0,0,0,29000,0,29000,29000
054744,晶相光凱基99購01,0,0,0,0,0,0,0,0,0,29000,0,0,0,40000,11000,29000,29000
058625,旺宏國票9A購01  ,0,0,0,0,0,0,0,0,0,29000,0,0,0,58000,29000,29000,29000
058675,康控群益9B購01  ,0,0,0,0,0,0,0,0,0,29000,0,0,0,64000,35000,29000,29000
058721,立積元富9C購01  ,0,0,0,0,0,0,0,0,0,29000,0,0,0,29000,0,29000,29000
062588,國巨統一9B購14  ,0,0,0,0,0,0,0,0,0,29000,0,0,0,29000,0,29000,29000
057872,旺宏元大99購06  ,0,0,0,0,0,0,0,0,0,29000,0,0,0,100000,71000,29000,29000
060370,滬深2X元富04購01,0,0,0,0,0,0,0,0,0,29000,0,0,0,34000,5000,29000,29000
062381,上銀國泰9C購01  ,0,0,0,0,0,0,0,0,0,29000,0,0,0,34000,5000,29000,29000
059643,日月光凱基99購02,0,0,0,0,0,0,0,0,0,29000,0,0,0,77000,48000,29000,29000
063508,緯創群益9B購01  ,0,0,0,0,0,0,0,0,0,29000,0,0,0,80000,51000,29000,29000
061360,智邦兆豐9B購02  ,0,0,0,0,0,0,0,0,0,29000,0,0,0,40000,11000,29000,29000
066449,瀚宇博群益01購01,0,0,0,0,0,0,0,0,0,29000,0,0,0,74000,45000,29000,29000
066221,康友台新01購01  ,0,0,0,0,0,0,0,0,0,29000,0,0,0,38000,9000,29000,29000
063733,聯發科元大9B購27,0,0,0,0,0,0,0,0,0,29000,0,0,0,30000,1000,29000,29000
064432,台積電凱基9C購04,0,0,0,0,0,0,0,0,0,29000,0,0,0,52000,23000,29000,29000
1465,偉全            ,37000,8000,29000,0,0,0,0,0,0,0,0,0,0,0,0,0,29000
2425,承啟            ,115000,86000,29000,0,0,0,0,0,0,0,0,0,0,0,0,0,29000
2480,敦陽科          ,89000,61000,28000,0,0,0,0,0,0,1000,1000,0,1000,0,0,0,29000
1906,寶隆            ,33000,4000,29000,0,0,0,0,0,0,0,0,0,0,0,0,0,29000
2032,新鋼            ,29000,0,29000,0,0,0,0,0,0,0,0,0,0,0,0,0,29000
8462,柏文            ,49000,20000,29000,0,0,0,0,0,0,0,0,0,0,0,0,0,29000
067471,台積電元大01購26,0,0,0,0,0,0,0,0,0,28000,0,0,0,884000,856000,28000,28000
066687,國巨元富07購05  ,0,0,0,0,0,0,0,0,0,28000,0,0,0,28000,0,28000,28000
067165,世紀鋼國票02購02,0,0,0,0,0,0,0,0,0,28000,0,0,0,36000,8000,28000,28000
067247,瀚宇博群益01購02,0,0,0,0,0,0,0,0,0,28000,0,0,0,38000,10000,28000,28000
063934,寶成統一02購01  ,0,0,0,0,0,0,0,0,0,28000,0,0,0,116000,88000,28000,28000
08171P,嘉澤國票9C售01  ,0,0,0,0,0,0,0,0,0,28000,0,0,0,178000,150000,28000,28000
08018P,牧德國票9B售04  ,0,0,0,0,0,0,0,0,0,28000,0,0,0,33000,5000,28000,28000
062874,微星兆豐9B購01  ,0,0,0,0,0,0,0,0,0,28000,0,0,0,42000,14000,28000,28000
058584,百和群益9A購01  ,0,0,0,0,0,0,0,0,0,28000,0,0,0,159000,131000,28000,28000
056516,晶豪科兆豐98購01,0,0,0,0,0,0,0,0,0,28000,0,0,0,28000,0,28000,28000
058516,健鼎元大99購02  ,0,0,0,0,0,0,0,0,0,28000,0,0,0,109000,81000,28000,28000
058290,南電國票9A購01  ,0,0,0,0,0,0,0,0,0,28000,0,0,0,28000,0,28000,28000
058291,元油2X日盛99購01,0,0,0,0,0,0,0,0,0,28000,0,0,0,28000,0,28000,28000
056772,欣興元大99購01  ,0,0,0,0,0,0,0,0,0,28000,0,0,0,38000,10000,28000,28000
062186,晶技元大9B購05  ,0,0,0,0,0,0,0,0,0,28000,0,0,0,28000,0,28000,28000
063487,國巨國泰01購02  ,0,0,0,0,0,0,0,0,0,28000,0,0,0,40000,12000,28000,28000
063325,SP黃豆國票9C購02,0,0,0,0,0,0,0,0,0,28000,0,0,0,120000,92000,28000,28000
063407,泰鼎國票9C購01  ,0,0,0,0,0,0,0,0,0,28000,0,0,0,86000,58000,28000,28000
063137,瑞昱統一01購02  ,0,0,0,0,0,0,0,0,0,28000,0,0,0,30000,2000,28000,28000
060686,康友元大9A購02  ,0,0,0,0,0,0,0,0,0,28000,0,0,0,84000,56000,28000,28000
064526,臺股指群益9C購11,0,0,0,0,0,0,0,0,0,28000,0,0,0,41000,13000,28000,28000
065195,國巨元富06購01  ,0,0,0,0,0,0,0,0,0,28000,0,0,0,28000,0,28000,28000
065119,大立光富邦03購03,0,0,0,0,0,0,0,0,0,28000,0,0,0,131000,103000,28000,28000
064933,矽創統一01購01  ,0,0,0,0,0,0,0,0,0,28000,0,0,0,201000,173000,28000,28000
065949,瑞昱統一01購06  ,0,0,0,0,0,0,0,0,0,28000,0,0,0,768000,740000,28000,28000
065760,和碩元大9C購02  ,0,0,0,0,0,0,0,0,0,28000,0,0,0,78000,50000,28000,28000
1726,永記            ,29000,1000,28000,0,0,0,0,0,0,0,0,0,0,0,0,0,28000
2397,友通            ,29000,1000,28000,0,0,0,0,0,0,0,0,0,0,0,0,0,28000
2630,亞航            ,28000,0,28000,0,0,0,0,0,0,0,0,0,0,0,0,0,28000
3550,聯穎            ,21000,0,21000,0,0,0,0,0,0,7000,8000,1000,7000,0,0,0,28000
1454,台富            ,33000,7000,26000,0,0,0,0,0,0,2000,2000,0,2000,0,0,0,28000
08560P,茂林國票01售01  ,0,0,0,0,0,0,0,0,0,28000,0,0,0,28000,0,28000,28000
07706P,長榮航元大9A售03,0,0,0,0,0,0,0,0,0,27000,0,0,0,27000,0,27000,27000
066925,滬深2X國票02購03,0,0,0,0,0,0,0,0,0,27000,0,0,0,47000,20000,27000,27000
058345,台光電群益99購03,0,0,0,0,0,0,0,0,0,27000,0,0,0,87000,60000,27000,27000
058373,晶技凱基99購02  ,0,0,0,0,0,0,0,0,0,27000,0,0,0,27000,0,27000,27000
056011,矽力中信99購01  ,0,0,0,0,0,0,0,0,0,27000,0,0,0,27000,0,27000,27000
053805,奇鋐凱基98購02  ,0,0,0,0,0,0,0,0,0,27000,0,0,0,177000,150000,27000,27000
060721,瑞儀永豐9A購01  ,0,0,0,0,0,0,0,0,0,27000,0,0,0,27000,0,27000,27000
061041,南電永豐9A購03  ,0,0,0,0,0,0,0,0,0,27000,0,0,0,27000,0,27000,27000
061941,道瓊指群益9B購01,0,0,0,0,0,0,0,0,0,27000,0,0,0,27000,0,27000,27000
061791,康友群益9B購01  ,0,0,0,0,0,0,0,0,0,27000,0,0,0,28000,1000,27000,27000
065499,京元電富邦01購01,0,0,0,0,0,0,0,0,0,27000,0,0,0,454000,427000,27000,27000
066481,華碩元富01購01  ,0,0,0,0,0,0,0,0,0,27000,0,0,0,102000,75000,27000,27000
066490,創意元富07購01  ,0,0,0,0,0,0,0,0,0,27000,0,0,0,57000,30000,27000,27000
065420,中租國票01購01  ,0,0,0,0,0,0,0,0,0,27000,0,0,0,65000,38000,27000,27000
064535,國產國票01購01  ,0,0,0,0,0,0,0,0,0,27000,0,0,0,93000,66000,27000,27000
08447P,緯穎永豐9C售02  ,0,0,0,0,0,0,0,0,0,27000,0,0,0,55000,28000,27000,27000
08670P,健策統一01售01  ,0,0,0,0,0,0,0,0,0,27000,0,0,0,27000,0,27000,27000
08641P,台灣50群益9C售08,0,0,0,0,0,0,0,0,0,27000,0,0,0,27000,0,27000,27000
1535,中宇            ,27000,0,27000,0,0,0,0,0,0,0,0,0,0,0,0,0,27000
2373,震旦行          ,42000,15000,27000,0,0,0,0,0,0,0,0,0,0,0,0,0,27000
2012,春雨            ,46000,22000,24000,0,0,0,0,0,0,3000,3000,0,3000,0,0,0,27000
6283,淳安            ,90000,65000,25000,0,0,0,0,0,0,2000,2000,0,2000,0,0,0,27000
5538,東明-KY         ,27000,0,27000,0,0,0,0,0,0,0,0,0,0,0,0,0,27000
066934,宏達電國票02購01,0,0,0,0,0,0,0,0,0,26000,0,0,0,44000,18000,26000,26000
067385,申豐統一02購04  ,0,0,0,0,0,0,0,0,0,26000,0,0,0,50000,24000,26000,26000
08345P,大立光元大9C售14,0,0,0,0,0,0,0,0,0,26000,0,0,0,26000,0,26000,26000
063909,旺宏凱基02購01  ,0,0,0,0,0,0,0,0,0,26000,0,0,0,92000,66000,26000,26000
055230,大毅國票98購01  ,0,0,0,0,0,0,0,0,0,26000,0,0,0,26000,0,26000,26000
058385,創意中信99購01  ,0,0,0,0,0,0,0,0,0,26000,0,0,0,26000,0,26000,26000
057662,上銀元大9A購01  ,0,0,0,0,0,0,0,0,0,26000,0,0,0,110000,84000,26000,26000
062604,東元凱基9B購01  ,0,0,0,0,0,0,0,0,0,26000,0,0,0,41000,15000,26000,26000
062694,遠東新元大9B購01,0,0,0,0,0,0,0,0,0,26000,0,0,0,66000,40000,26000,26000
059075,FBVIX元大99購01 ,0,0,0,0,0,0,0,0,0,26000,0,0,0,56000,30000,26000,26000
060049,華通凱基99購06  ,0,0,0,0,0,0,0,0,0,26000,0,0,0,26000,0,26000,26000
062094,台積電富邦9C購12,0,0,0,0,0,0,0,0,0,26000,0,0,0,26000,0,26000,26000
061558,旺宏國票9B購02  ,0,0,0,0,0,0,0,0,0,26000,0,0,0,26000,0,26000,26000
062444,大立光元大9C購01,0,0,0,0,0,0,0,0,0,26000,0,0,0,28000,2000,26000,26000
064811,華擎元大01購01  ,0,0,0,0,0,0,0,0,0,26000,0,0,0,76000,50000,26000,26000
064740,台光電國票01購01,0,0,0,0,0,0,0,0,0,26000,0,0,0,66000,40000,26000,26000
065350,華擎統一01購04  ,0,0,0,0,0,0,0,0,0,26000,0,0,0,31000,5000,26000,26000
06518P,奇力新兆豐99售01,0,0,0,0,0,0,0,0,0,26000,0,0,0,26000,0,26000,26000
064950,美律凱基02購01  ,0,0,0,0,0,0,0,0,0,26000,0,0,0,46000,20000,26000,26000
066455,聯發科統一01購10,0,0,0,0,0,0,0,0,0,26000,0,0,0,328000,302000,26000,26000
6579,研揚            ,25000,0,25000,0,0,0,0,0,0,1000,1000,0,1000,0,0,0,26000
8422,可寧衛          ,50000,24000,26000,0,0,0,0,1000,-1000,1000,1000,0,1000,0,0,0,26000
2450,神腦            ,61000,36000,25000,0,0,0,0,0,0,1000,2000,1000,1000,0,0,0,26000
3346,麗清            ,31000,5000,26000,0,0,0,0,0,0,0,0,0,0,0,0,0,26000
4739,康普            ,55000,28000,27000,0,0,0,0,0,0,-1000,0,1000,-1000,0,0,0,26000
1582,信錦            ,103000,77000,26000,0,0,0,0,0,0,0,2000,0,2000,0,2000,-2000,26000
1446,宏和            ,32000,6000,26000,0,0,0,0,0,0,0,0,0,0,0,0,0,26000
1233,天仁            ,23000,0,23000,0,0,0,0,0,0,3000,3000,0,3000,0,0,0,26000
08837P,牧德國票03售01  ,0,0,0,0,0,0,0,0,0,26000,0,0,0,26000,0,26000,26000
08711P,鴻海元富07售04  ,0,0,0,0,0,0,0,0,0,26000,0,0,0,96000,70000,26000,26000
08504P,臺股指國票9C售06,0,0,0,0,0,0,0,0,0,26000,0,0,0,37000,11000,26000,26000
6192,巨路            ,101000,76249,24751,0,0,0,0,0,0,1000,1000,0,1000,0,0,0,25751
064300,英業達兆豐9C購01,0,0,0,0,0,0,0,0,0,25000,0,0,0,35000,10000,25000,25000
08335P,香港2X中信03售01,0,0,0,0,0,0,0,0,0,25000,0,0,0,35000,10000,25000,25000
07265P,大立光元大99售16,0,0,0,0,0,0,0,0,0,25000,0,0,0,25000,0,25000,25000
067381,康控統一03購01  ,0,0,0,0,0,0,0,0,0,25000,0,0,0,35000,10000,25000,25000
066918,台積電麥證01購05,0,0,0,100000,75000,25000,0,0,0,25000,0,0,0,100000,75000,25000,25000
059048,元油2X凱基9A購11,0,0,0,0,0,0,0,0,0,25000,0,0,0,25000,0,25000,25000
058202,鴻海凱基9A購04  ,0,0,0,0,0,0,0,0,0,25000,0,0,0,299000,274000,25000,25000
062824,國巨群益9C購03  ,0,0,0,0,0,0,0,0,0,25000,0,0,0,45000,20000,25000,25000
062622,南電元大9B購03  ,0,0,0,0,0,0,0,0,0,25000,0,0,0,27000,2000,25000,25000
058772,茂林兆豐9A購01  ,0,0,0,0,0,0,0,0,0,25000,0,0,0,25000,0,25000,25000
058553,合勤控永豐99購01,0,0,0,0,0,0,0,0,0,25000,0,0,0,116000,91000,25000,25000
057266,TPK兆豐98購02   ,0,0,0,0,0,0,0,0,0,25000,0,0,0,25000,0,25000,25000
056791,嘉聯益群益98購01,0,0,0,0,0,0,0,0,0,25000,0,0,0,25000,0,25000,25000
056702,欣興國泰9A購01  ,0,0,0,0,0,0,0,0,0,25000,0,0,0,25000,0,25000,25000
055923,矽力凱基98購01  ,0,0,0,0,0,0,0,0,0,25000,0,0,0,33000,8000,25000,25000
056565,欣興群益98購03  ,0,0,0,0,0,0,0,0,0,25000,0,0,0,25000,0,25000,25000
053723,奇鋐凱基98購01  ,0,0,0,0,0,0,0,0,0,25000,0,0,0,25000,0,25000,25000
00660,元大歐洲50      ,0,0,0,0,0,0,0,0,0,25000,0,0,0,32000,7000,25000,25000
01004T,土銀富邦R2      ,25000,0,25000,0,0,0,0,0,0,0,0,0,0,0,0,0,25000
00739,元大MSCI A股    ,27000,38000,-11000,0,0,0,0,0,0,36000,0,0,0,506000,470000,36000,25000
054806,台化元大9A購01  ,0,0,0,0,0,0,0,0,0,25000,0,0,0,25000,0,25000,25000
054514,道瓊銀元大98購01,0,0,0,0,0,0,0,0,0,25000,0,0,0,25000,0,25000,25000
057079,台積電統一9A購02,0,0,0,0,0,0,0,0,0,25000,0,0,0,124000,99000,25000,25000
057057,立積元大9A購01  ,0,0,0,0,0,0,0,0,0,25000,0,0,0,77000,52000,25000,25000
061003,南亞科兆豐9A購01,0,0,0,0,0,0,0,0,0,25000,0,0,0,25000,0,25000,25000
060741,滬深2X國票9A購05,0,0,0,0,0,0,0,0,0,25000,0,0,0,45000,20000,25000,25000
06082P,華通統一98售01  ,0,0,0,0,0,0,0,0,0,25000,0,0,0,25000,0,25000,25000
063261,康控富邦03購01  ,0,0,0,0,0,0,0,0,0,25000,0,0,0,25000,0,25000,25000
060601,技嘉凱基9A購02  ,0,0,0,0,0,0,0,0,0,25000,0,0,0,63000,38000,25000,25000
060468,聯鈞元大9A購02  ,0,0,0,0,0,0,0,0,0,25000,0,0,0,25000,0,25000,25000
059987,大立光元大99購28,0,0,0,0,0,0,0,0,0,25000,0,0,0,25000,0,25000,25000
061347,創意元大9A購02  ,0,0,0,0,0,0,0,0,0,25000,0,0,0,43000,18000,25000,25000
061810,S&P反1群益9B購02,0,0,0,0,0,0,0,0,0,25000,0,0,0,25000,0,25000,25000
061745,南電凱基9B購02  ,0,0,0,0,0,0,0,0,0,25000,0,0,0,25000,0,25000,25000
061932,上銀國票9B購01  ,0,0,0,0,0,0,0,0,0,25000,0,0,0,35000,10000,25000,25000
061901,柏文永豐9B購01  ,0,0,0,0,0,0,0,0,0,25000,0,0,0,25000,0,25000,25000
060302,台積電富邦02購01,0,0,0,0,0,0,0,0,0,25000,0,0,0,25000,0,25000,25000
066646,聯發科麥證01購03,0,0,0,30000,5000,25000,0,0,0,25000,0,0,0,30000,5000,25000,25000
065794,麗豐永豐9C購01  ,0,0,0,0,0,0,0,0,0,25000,0,0,0,50000,25000,25000,25000
065715,勤誠群益9C購01  ,0,0,0,0,0,0,0,0,0,25000,0,0,0,66000,41000,25000,25000
065712,緯穎群益9C購03  ,0,0,0,0,0,0,0,0,0,25000,0,0,0,121000,96000,25000,25000
065173,可成元大9C購10  ,0,0,0,0,0,0,0,0,0,25000,0,0,0,25000,0,25000,25000
6164,華興            ,26000,0,26000,0,0,0,0,0,0,-1000,4000,5000,-1000,0,0,0,25000
08476P,臺股指凱基9C售14,0,0,0,0,0,0,0,0,0,25000,0,0,0,25000,0,25000,25000
08681P,台灣50凱基01售16,0,0,0,0,0,0,0,0,0,25000,0,0,0,25000,0,25000,25000
08795P,聯發科凱基01售11,0,0,0,0,0,0,0,0,0,25000,0,0,0,81000,56000,25000,25000
08763P,健策永豐01售02  ,0,0,0,0,0,0,0,0,0,25000,0,0,0,25000,0,25000,25000
08877P,臺股指中信04售03,0,0,0,0,0,0,0,0,0,25000,0,0,0,40000,15000,25000,25000
08904P,為升國票03售01  ,0,0,0,0,0,0,0,0,0,25000,0,0,0,25000,0,25000,25000
1437,勤益控          ,104000,79000,25000,0,0,0,0,0,0,0,0,0,0,0,0,0,25000
066972,滬深2X群益03購04,0,0,0,0,0,0,0,0,0,24000,0,0,0,24000,0,24000,24000
067002,生達永豐01購02  ,0,0,0,0,0,0,0,0,0,24000,0,0,0,24000,0,24000,24000
08323P,華新科凱基9C售04,0,0,0,0,0,0,0,0,0,24000,0,0,0,24000,0,24000,24000
08143P,聯發科凱基9C售05,0,0,0,0,0,0,0,0,0,24000,0,0,0,24000,0,24000,24000
063631,燿華元大9B購06  ,0,0,0,0,0,0,0,0,0,24000,0,0,0,85000,61000,24000,24000
063132,台表科元大9C購02,0,0,0,0,0,0,0,0,0,24000,0,0,0,55000,31000,24000,24000
063954,世芯元大01購02  ,0,0,0,0,0,0,0,0,0,24000,0,0,0,24000,0,24000,24000
064026,建準元大9C購02  ,0,0,0,0,0,0,0,0,0,24000,0,0,0,294000,270000,24000,24000
00641R,富邦日本反1     ,0,0,0,0,0,0,0,0,0,24000,0,0,0,141000,117000,24000,24000
057330,台積電國票99購03,0,0,0,0,0,0,0,0,0,24000,0,0,0,681000,657000,24000,24000
059162,國巨凱基99購12  ,0,0,0,0,0,0,0,0,0,24000,0,0,0,92000,68000,24000,24000
057718,旺宏元富02購02  ,0,0,0,0,0,0,0,0,0,24000,0,0,0,52000,28000,24000,24000
058055,華擎統一9A購01  ,0,0,0,0,0,0,0,0,0,24000,0,0,0,24000,0,24000,24000
058061,貿聯元富9B購01  ,0,0,0,0,0,0,0,0,0,24000,0,0,0,56000,32000,24000,24000
059118,晶技永豐9A購01  ,0,0,0,0,0,0,0,0,0,24000,0,0,0,27000,3000,24000,24000
058009,智易國票99購01  ,0,0,0,0,0,0,0,0,0,24000,0,0,0,38000,14000,24000,24000
061912,台積電中信05購05,0,0,0,0,0,0,0,0,0,24000,0,0,0,24000,0,24000,24000
062369,創意元大9B購01  ,0,0,0,0,0,0,0,0,0,24000,0,0,0,45000,21000,24000,24000
061843,億豐凱基9C購01  ,0,0,0,0,0,0,0,0,0,24000,0,0,0,69000,45000,24000,24000
059925,可成國泰9B購01  ,0,0,0,0,0,0,0,0,0,24000,0,0,0,27000,3000,24000,24000
059597,大立光元大99購21,0,0,0,0,0,0,0,0,0,24000,0,0,0,24000,0,24000,24000
065146,帆宣凱基9C購01  ,0,0,0,0,0,0,0,0,0,24000,0,0,0,100000,76000,24000,24000
065066,南電群益9C購02  ,0,0,0,0,0,0,0,0,0,24000,0,0,0,24000,0,24000,24000
063709,上銀凱基9B購07  ,0,0,0,0,0,0,0,0,0,24000,0,0,0,24000,0,24000,24000
065880,訊芯群益9C購01  ,0,0,0,0,0,0,0,0,0,24000,0,0,0,95000,71000,24000,24000
066376,聯詠兆豐01購01  ,0,0,0,0,0,0,0,0,0,24000,0,0,0,46000,22000,24000,24000
066337,聯陽永豐01購02  ,0,0,0,0,0,0,0,0,0,24000,0,0,0,97000,73000,24000,24000
1231,聯華食          ,107000,83000,24000,0,0,0,0,0,0,0,0,0,0,0,0,0,24000
08514P,華新科凱基9C售05,0,0,0,0,0,0,0,0,0,24000,0,0,0,30000,6000,24000,24000
1725,元禎            ,24000,0,24000,0,0,0,0,0,0,0,0,0,0,0,0,0,24000
1713,國化            ,30000,8000,22000,0,0,0,0,0,0,2000,2000,0,2000,0,0,0,24000
910322,康師傅-DR       ,24000,0,24000,0,0,0,0,0,0,0,0,0,0,0,0,0,24000
064163,康控統一01購01  ,0,0,0,0,0,0,0,0,0,23000,0,0,0,56000,33000,23000,23000
054926,神達凱基98購01  ,0,0,0,0,0,0,0,0,0,23000,0,0,0,23000,0,23000,23000
054370,台積電中信9A購01,0,0,0,0,0,0,0,0,0,23000,0,0,0,76000,53000,23000,23000
057227,台積電凱基98購15,0,0,0,0,0,0,0,0,0,23000,0,0,0,28000,5000,23000,23000
060489,世紀鋼群益9A購01,0,0,0,0,0,0,0,0,0,23000,0,0,0,143000,120000,23000,23000
063552,晶技國票9B購03  ,0,0,0,0,0,0,0,0,0,23000,0,0,0,86000,63000,23000,23000
061720,智邦國泰9C購01  ,0,0,0,0,0,0,0,0,0,23000,0,0,0,28000,5000,23000,23000
061841,晶技凱基9C購01  ,0,0,0,0,0,0,0,0,0,23000,0,0,0,107000,84000,23000,23000
065763,台表科元大9C購14,0,0,0,0,0,0,0,0,0,23000,0,0,0,56000,33000,23000,23000
065207,奇力新國票9C購02,0,0,0,0,0,0,0,0,0,23000,0,0,0,33000,10000,23000,23000
6655,科定            ,25000,2000,23000,0,0,0,0,0,0,0,0,0,0,0,0,0,23000
4989,榮科            ,24000,3000,21000,0,0,0,0,0,0,2000,2000,0,2000,0,0,0,23000
3090,日電貿          ,123000,105000,18000,0,0,0,0,0,0,5000,1000,0,1000,8000,4000,4000,23000
08798P,聯發科國票01售03,0,0,0,0,0,0,0,0,0,23000,0,0,0,30000,7000,23000,23000
063996,貿聯群益9C購01  ,0,0,0,0,0,0,0,0,0,22000,0,0,0,24000,2000,22000,22000
07333P,台灣50國票9B售03,0,0,0,0,0,0,0,0,0,22000,0,0,0,22000,0,22000,22000
07536P,華新科元富9A售04,0,0,0,0,0,0,0,0,0,22000,0,0,0,22000,0,22000,22000
066832,健策群益01購08  ,0,0,0,0,0,0,0,0,0,22000,0,0,0,105000,83000,22000,22000
066785,台光電麥證01購01,0,0,0,22000,0,22000,0,0,0,22000,0,0,0,22000,0,22000,22000
058273,同欣電永豐99購01,0,0,0,0,0,0,0,0,0,22000,0,0,0,22000,0,22000,22000
056552,台表科凱基99購01,0,0,0,0,0,0,0,0,0,22000,0,0,0,22000,0,22000,22000
056470,旺宏元大99購01  ,0,0,0,0,0,0,0,0,0,22000,0,0,0,50000,28000,22000,22000
03684C,臺股指元大06牛01,0,0,0,0,0,0,0,0,0,22000,0,0,0,27000,5000,22000,22000
058122,美律國票9A購01  ,0,0,0,0,0,0,0,0,0,22000,0,0,0,22000,0,22000,22000
062636,聯鈞國票9B購01  ,0,0,0,0,0,0,0,0,0,22000,0,0,0,22000,0,22000,22000
058744,FBVIX凱基9C購03 ,0,0,0,0,0,0,0,0,0,22000,0,0,0,56000,34000,22000,22000
061876,明泰元大9B購01  ,0,0,0,0,0,0,0,0,0,22000,0,0,0,71000,49000,22000,22000
062542,南電國泰9C購01  ,0,0,0,0,0,0,0,0,0,22000,0,0,0,25000,3000,22000,22000
062970,智邦元富9B購01  ,0,0,0,0,0,0,0,0,0,22000,0,0,0,47000,25000,22000,22000
060317,台灣50群益02購01,0,0,0,0,0,0,0,0,0,22000,0,0,0,26000,4000,22000,22000
063437,聚陽統一01購01  ,0,0,0,0,0,0,0,0,0,22000,0,0,0,22000,0,22000,22000
063371,南亞科永豐9B購01,0,0,0,0,0,0,0,0,0,22000,0,0,0,22000,0,22000,22000
063294,美律麥證9B購01  ,0,0,0,22000,0,22000,0,0,0,22000,0,0,0,22000,0,22000,22000
060707,台郡富邦9A購01  ,0,0,0,0,0,0,0,0,0,22000,0,0,0,32000,10000,22000,22000
065198,玉晶光元富06購01,0,0,0,0,0,0,0,0,0,22000,0,0,0,32000,10000,22000,22000
065329,億豐凱基9C購02  ,0,0,0,0,0,0,0,0,0,22000,0,0,0,124000,102000,22000,22000
065053,南電凱基02購01  ,0,0,0,0,0,0,0,0,0,22000,0,0,0,22000,0,22000,22000
065098,致伸元大9C購02  ,0,0,0,0,0,0,0,0,0,22000,0,0,0,22000,0,22000,22000
064910,臺股指麥證9C購04,0,0,0,22000,0,22000,0,0,0,22000,0,0,0,22000,0,22000,22000
065759,TPK元大9C購05   ,0,0,0,0,0,0,0,0,0,22000,0,0,0,255000,233000,22000,22000
066089,文曄永豐01購01  ,0,0,0,0,0,0,0,0,0,22000,0,0,0,184000,162000,22000,22000
066116,宏達電兆豐01購01,0,0,0,0,0,0,0,0,0,22000,0,0,0,22000,0,22000,22000
066665,聯詠凱基02購01  ,0,0,0,0,0,0,0,0,0,22000,0,0,0,123000,101000,22000,22000
066593,奇鋐群益01購01  ,0,0,0,0,0,0,0,0,0,22000,0,0,0,89000,67000,22000,22000
066524,創意統一02購03  ,0,0,0,0,0,0,0,0,0,22000,0,0,0,286000,264000,22000,22000
1583,程泰            ,22000,0,22000,0,0,0,0,0,0,0,0,0,0,0,0,0,22000
4935,茂林-KY         ,1061000,514000,547000,0,0,0,0,630000,-630000,105000,31000,0,31000,93000,19000,74000,22000
3312,弘憶股          ,56000,29000,27000,0,0,0,0,0,0,-5000,0,5000,-5000,0,0,0,22000
1817,凱撒衛          ,21000,0,21000,0,0,0,0,0,0,1000,1000,0,1000,0,0,0,22000
5607,遠雄港          ,163000,144000,19000,0,0,0,0,0,0,3000,3000,0,3000,0,0,0,22000
066751,矽創元大01購03  ,0,0,0,0,0,0,0,0,0,21000,0,0,0,112000,91000,21000,21000
06677P,牧德國票98售02  ,0,0,0,0,0,0,0,0,0,21000,0,0,0,21000,0,21000,21000
066827,聯發科群益02購04,0,0,0,0,0,0,0,0,0,21000,0,0,0,114000,93000,21000,21000
067164,台虹國票02購01  ,0,0,0,0,0,0,0,0,0,21000,0,0,0,238000,217000,21000,21000
06828P,臺股指國票98售04,0,0,0,0,0,0,0,0,0,21000,0,0,0,21000,0,21000,21000
08002P,大毅國票9B售03  ,0,0,0,0,0,0,0,0,0,21000,0,0,0,27000,6000,21000,21000
064067,美律永豐9C購01  ,0,0,0,0,0,0,0,0,0,21000,0,0,0,21000,0,21000,21000
063130,聯茂元大9B購02  ,0,0,0,0,0,0,0,0,0,21000,0,0,0,120000,99000,21000,21000
063637,聯發科元大9C購02,0,0,0,0,0,0,0,0,0,21000,0,0,0,80000,59000,21000,21000
063641,泰鼎元大9B購04  ,0,0,0,0,0,0,0,0,0,21000,0,0,0,26000,5000,21000,21000
064265,嘉聯益永豐9C購02,0,0,0,0,0,0,0,0,0,21000,0,0,0,66000,45000,21000,21000
062615,亞德客元大9B購02,0,0,0,0,0,0,0,0,0,21000,0,0,0,31000,10000,21000,21000
053293,聯發科中信9B購01,0,0,0,0,0,0,0,0,0,21000,0,0,0,21000,0,21000,21000
054533,泰碩國泰98購01  ,0,0,0,0,0,0,0,0,0,21000,0,0,0,21000,0,21000,21000
057106,美律群益98購03  ,0,0,0,0,0,0,0,0,0,21000,0,0,0,21000,0,21000,21000
058310,大立光元大99購10,0,0,0,0,0,0,0,0,0,21000,0,0,0,21000,0,21000,21000
060336,南電康和9A購01  ,0,0,0,0,0,0,0,0,0,21000,0,0,0,21000,0,21000,21000
062442,華新科元大9C購02,0,0,0,0,0,0,0,0,0,21000,0,0,0,71000,50000,21000,21000
059452,全新永豐99購03  ,0,0,0,0,0,0,0,0,0,21000,0,0,0,21000,0,21000,21000
063410,南六國票9C購01  ,0,0,0,0,0,0,0,0,0,21000,0,0,0,21000,0,21000,21000
063525,廣達凱基9B購02  ,0,0,0,0,0,0,0,0,0,21000,0,0,0,84000,63000,21000,21000
063496,儒鴻永豐9B購01  ,0,0,0,0,0,0,0,0,0,21000,0,0,0,34000,13000,21000,21000
062159,聯詠凱基9B購01  ,0,0,0,0,0,0,0,0,0,21000,0,0,0,31000,10000,21000,21000
062090,南電元大9B購02  ,0,0,0,0,0,0,0,0,0,21000,0,0,0,21000,0,21000,21000
066628,宏達電凱基03購01,0,0,0,0,0,0,0,0,0,21000,0,0,0,178000,157000,21000,21000
066169,晶豪科凱基01購01,0,0,0,0,0,0,0,0,0,21000,0,0,0,48000,27000,21000,21000
066374,臺股指中信04購01,0,0,0,0,0,0,0,0,0,21000,0,0,0,143000,122000,21000,21000
066394,建準凱基01購01  ,0,0,0,0,0,0,0,0,0,21000,0,0,0,136000,115000,21000,21000
066032,矽格群益01購01  ,0,0,0,0,0,0,0,0,0,21000,0,0,0,33000,12000,21000,21000
065701,聯發科群益9C購13,0,0,0,0,0,0,0,0,0,21000,0,0,0,80000,59000,21000,21000
065703,大毅群益9C購01  ,0,0,0,0,0,0,0,0,0,21000,0,0,0,52000,31000,21000,21000
065535,健鼎統一02購03  ,0,0,0,0,0,0,0,0,0,21000,0,0,0,204000,183000,21000,21000
064760,玉晶光凱基01購02,0,0,0,0,0,0,0,0,0,21000,0,0,0,226000,205000,21000,21000
064805,金像電元大9C購04,0,0,0,0,0,0,0,0,0,21000,0,0,0,79000,58000,21000,21000
064680,創意兆豐01購01  ,0,0,0,0,0,0,0,0,0,21000,0,0,0,68000,47000,21000,21000
5525,順天            ,38000,17000,21000,0,0,0,0,0,0,0,0,0,0,0,0,0,21000
1626,艾美特-KY       ,37000,8000,29000,0,0,0,0,0,0,-8000,5000,13000,-8000,0,0,0,21000
2440,太空梭          ,21000,0,21000,0,0,0,0,0,0,0,0,0,0,0,0,0,21000
2462,良得電          ,22000,1000,21000,0,0,0,0,0,0,0,0,0,0,0,0,0,21000
4566,時碩工業        ,22000,1000,21000,0,0,0,0,0,0,0,0,0,0,0,0,0,21000
1540,喬福            ,24000,3000,21000,0,0,0,0,0,0,0,0,0,0,0,0,0,21000
1476,儒鴻            ,350000,370940,-20940,0,0,0,56000,3000,53000,-12000,1000,14000,-13000,4000,3000,1000,20060
07242P,台灣50凱基9A售03,0,0,0,0,0,0,0,0,0,20000,0,0,0,20000,0,20000,20000
064097,友訊群益9C購01  ,0,0,0,0,0,0,0,0,0,20000,0,0,0,20000,0,20000,20000
063963,鴻海國票01購01  ,0,0,0,0,0,0,0,0,0,20000,0,0,0,30000,10000,20000,20000
08053P,臺股指國票9B售18,0,0,0,0,0,0,0,0,0,20000,0,0,0,20000,0,20000,20000
08094P,華新科元富9B售05,0,0,0,0,0,0,0,0,0,20000,0,0,0,20000,0,20000,20000
08320P,智邦統一9C售02  ,0,0,0,0,0,0,0,0,0,20000,0,0,0,20000,0,20000,20000
08363P,南亞科凱基01售01,0,0,0,0,0,0,0,0,0,20000,0,0,0,60000,40000,20000,20000
08202P,台表科國泰01售04,0,0,0,0,0,0,0,0,0,20000,0,0,0,70000,50000,20000,20000
07546P,玉晶光凱基9A售09,0,0,0,0,0,0,0,0,0,20000,0,0,0,20000,0,20000,20000
07577P,華新科元大9A售09,0,0,0,0,0,0,0,0,0,20000,0,0,0,20000,0,20000,20000
07637P,國巨國票9A售08  ,0,0,0,0,0,0,0,0,0,20000,0,0,0,20000,0,20000,20000
07678P,大立光群益9A售03,0,0,0,0,0,0,0,0,0,20000,0,0,0,20000,0,20000,20000
07741P,滬深2X凱基9B售04,0,0,0,0,0,0,0,0,0,20000,0,0,0,20000,0,20000,20000
07929P,旺宏統一9B售07  ,0,0,0,0,0,0,0,0,0,20000,0,0,0,20000,0,20000,20000
06849P,欣興元大98售12  ,0,0,0,0,0,0,0,0,0,20000,0,0,0,20000,0,20000,20000
067597,國巨凱基02購06  ,0,0,0,0,0,0,0,0,0,20000,0,0,0,56000,36000,20000,20000
07106P,國巨統一9B售05  ,0,0,0,0,0,0,0,0,0,20000,0,0,0,20000,0,20000,20000
063824,S&P反1國票9C購01,0,0,0,0,0,0,0,0,0,20000,0,0,0,100000,80000,20000,20000
066697,長興群益01購01  ,0,0,0,0,0,0,0,0,0,20000,0,0,0,30000,10000,20000,20000
066671,TPK凱基02購02   ,0,0,0,0,0,0,0,0,0,20000,0,0,0,60000,40000,20000,20000
058275,S&P500中信9B購01,0,0,0,0,0,0,0,0,0,20000,0,0,0,20000,0,20000,20000
056598,京元電元富98購01,0,0,0,0,0,0,0,0,0,20000,0,0,0,20000,0,20000,20000
058480,新日興凱基9A購01,0,0,0,0,0,0,0,0,0,20000,0,0,0,20000,0,20000,20000
057170,瑞昱元大98購01  ,0,0,0,0,0,0,0,0,0,20000,0,0,0,20000,0,20000,20000
057151,易華電國票99購01,0,0,0,0,0,0,0,0,0,20000,0,0,0,20000,0,20000,20000
056420,台表科元富98購01,0,0,0,0,0,0,0,0,0,20000,0,0,0,20000,0,20000,20000
056485,同欣電元大98購01,0,0,0,0,0,0,0,0,0,20000,0,0,0,20000,0,20000,20000
055816,新日興國票98購01,0,0,0,0,0,0,0,0,0,20000,0,0,0,20000,0,20000,20000
055683,晶技凱基99購01  ,0,0,0,0,0,0,0,0,0,20000,0,0,0,20000,0,20000,20000
055102,上銀凱基98購01  ,0,0,0,0,0,0,0,0,0,20000,0,0,0,30000,10000,20000,20000
055523,道瓊銀群益9A購01,0,0,0,0,0,0,0,0,0,20000,0,0,0,20000,0,20000,20000
055525,國巨群益98購05  ,0,0,0,0,0,0,0,0,0,20000,0,0,0,20000,0,20000,20000
057063,立積國泰9A購01  ,0,0,0,0,0,0,0,0,0,20000,0,0,0,20000,0,20000,20000
057087,台郡統一99購01  ,0,0,0,0,0,0,0,0,0,20000,0,0,0,20000,0,20000,20000
054542,台表科國票98購01,0,0,0,0,0,0,0,0,0,20000,0,0,0,20000,0,20000,20000
054591,GIS國泰98購01   ,0,0,0,0,0,0,0,0,0,20000,0,0,0,20000,0,20000,20000
052801,友達元大9A購01  ,0,0,0,0,0,0,0,0,0,20000,0,0,0,20000,0,20000,20000
052936,華通兆豐98購01  ,0,0,0,0,0,0,0,0,0,20000,0,0,0,20000,0,20000,20000
053022,欣興國泰98購01  ,0,0,0,0,0,0,0,0,0,20000,0,0,0,20000,0,20000,20000
054426,國泰金富邦97購02,0,0,0,0,0,0,0,0,0,20000,0,0,0,20000,0,20000,20000
054467,隆達凱基97購01  ,0,0,0,0,0,0,0,0,0,20000,0,0,0,20000,0,20000,20000
056859,台積電群益98購02,0,0,0,0,0,0,0,0,0,20000,0,0,0,75000,55000,20000,20000
042792,T50反1台新9C購01,0,0,0,0,0,0,0,0,0,20000,0,0,0,20000,0,20000,20000
050754,元金2X元富9B購01,0,0,0,0,0,0,0,0,0,20000,0,0,0,20000,0,20000,20000
051266,國巨富邦99購01  ,0,0,0,0,0,0,0,0,0,20000,0,0,0,20000,0,20000,20000
047547,友達凱基99購02  ,0,0,0,0,0,0,0,0,0,20000,0,0,0,20000,0,20000,20000
054058,晶豪科國票98購01,0,0,0,0,0,0,0,0,0,20000,0,0,0,240000,220000,20000,20000
00733,富邦臺灣中小    ,0,0,0,0,0,0,0,0,0,20000,0,0,0,234000,214000,20000,20000
062667,立積群益9B購01  ,0,0,0,0,0,0,0,0,0,20000,0,0,0,55000,35000,20000,20000
057856,聯鈞國票99購03  ,0,0,0,0,0,0,0,0,0,20000,0,0,0,58000,38000,20000,20000
057891,華新科統一9A購01,0,0,0,0,0,0,0,0,0,20000,0,0,0,20000,0,20000,20000
057569,光磊永豐98購03  ,0,0,0,0,0,0,0,0,0,20000,0,0,0,20000,0,20000,20000
057300,訊連永豐98購01  ,0,0,0,0,0,0,0,0,0,20000,0,0,0,20000,0,20000,20000
057844,新日興永豐99購01,0,0,0,0,0,0,0,0,0,20000,0,0,0,20000,0,20000,20000
058833,台表科永豐99購01,0,0,0,0,0,0,0,0,0,20000,0,0,0,20000,0,20000,20000
059880,世紀鋼凱基99購02,0,0,0,0,0,0,0,0,0,20000,0,0,0,30000,10000,20000,20000
059811,高股息凱基99購02,0,0,0,0,0,0,0,0,0,20000,0,0,0,20000,0,20000,20000
059829,超眾凱基99購05  ,0,0,0,0,0,0,0,0,0,20000,0,0,0,20000,0,20000,20000
062141,遠東新國票9B購01,0,0,0,0,0,0,0,0,0,20000,0,0,0,35000,15000,20000,20000
060052,宏碁凱基99購01  ,0,0,0,0,0,0,0,0,0,20000,0,0,0,20000,0,20000,20000
060204,矽創元富9A購01  ,0,0,0,0,0,0,0,0,0,20000,0,0,0,20000,0,20000,20000
062517,滬深2X元大9B購05,0,0,0,0,0,0,0,0,0,20000,0,0,0,20000,0,20000,20000
060275,元黃金元大9A購01,0,0,0,0,0,0,0,0,0,20000,0,0,0,20000,0,20000,20000
061945,華通群益9B購04  ,0,0,0,0,0,0,0,0,0,20000,0,0,0,20000,0,20000,20000
062364,瑞昱元大9B購04  ,0,0,0,0,0,0,0,0,0,20000,0,0,0,20000,0,20000,20000
063477,訊芯元大9B購01  ,0,0,0,0,0,0,0,0,0,20000,0,0,0,105000,85000,20000,20000
060551,大立光凱基9B購02,0,0,0,0,0,0,0,0,0,20000,0,0,0,20000,0,20000,20000
059600,緯穎元大99購07  ,0,0,0,0,0,0,0,0,0,20000,0,0,0,20000,0,20000,20000
059708,立積凱基9A購02  ,0,0,0,0,0,0,0,0,0,20000,0,0,0,20000,0,20000,20000
063349,台郡統一9C購01  ,0,0,0,0,0,0,0,0,0,20000,0,0,0,20000,0,20000,20000
063204,高鐵統一9C購01  ,0,0,0,0,0,0,0,0,0,20000,0,0,0,30000,10000,20000,20000
059435,大立光元大99購17,0,0,0,0,0,0,0,0,0,20000,0,0,0,20000,0,20000,20000
061603,瑞昱凱基9A購02  ,0,0,0,0,0,0,0,0,0,20000,0,0,0,20000,0,20000,20000
061613,南六統一9C購01  ,0,0,0,0,0,0,0,0,0,20000,0,0,0,207000,187000,20000,20000
061086,FBVIX統一01購01 ,0,0,0,0,0,0,0,0,0,20000,0,0,0,20000,0,20000,20000
061093,華新科統一9B購03,0,0,0,0,0,0,0,0,0,20000,0,0,0,20000,0,20000,20000
060382,儒鴻凱基9A購01  ,0,0,0,0,0,0,0,0,0,20000,0,0,0,20000,0,20000,20000
062378,台表科元大9C購01,0,0,0,0,0,0,0,0,0,20000,0,0,0,21000,1000,20000,20000
060664,聯詠凱基9A購01  ,0,0,0,0,0,0,0,0,0,20000,0,0,0,20000,0,20000,20000
060868,致伸永豐9A購01  ,0,0,0,0,0,0,0,0,0,20000,0,0,0,20000,0,20000,20000
060907,金像電元大9A購02,0,0,0,0,0,0,0,0,0,20000,0,0,0,22000,2000,20000,20000
064673,南茂元大9C購01  ,0,0,0,0,0,0,0,0,0,20000,0,0,0,54000,34000,20000,20000
063691,聯鈞永豐9B購01  ,0,0,0,0,0,0,0,0,0,20000,0,0,0,50000,30000,20000,20000
064319,南電群益9C購01  ,0,0,0,0,0,0,0,0,0,20000,0,0,0,20000,0,20000,20000
064372,滬深2X元富9C購10,0,0,0,0,0,0,0,0,0,20000,0,0,0,20000,0,20000,20000
064925,和碩統一02購01  ,0,0,0,0,0,0,0,0,0,20000,0,0,0,20000,0,20000,20000
064947,台積電凱基01購08,0,0,0,0,0,0,0,0,0,20000,0,0,0,73000,53000,20000,20000
065087,可成元大9C購08  ,0,0,0,0,0,0,0,0,0,20000,0,0,0,50000,30000,20000,20000
065368,技嘉元大9C購04  ,0,0,0,0,0,0,0,0,0,20000,0,0,0,59000,39000,20000,20000
065489,臺股指元大9C購31,0,0,0,0,0,0,0,0,0,20000,0,0,0,22000,2000,20000,20000
065555,旭富凱基01購02  ,0,0,0,0,0,0,0,0,0,20000,0,0,0,20000,0,20000,20000
06556P,臺股指元大99售08,0,0,0,0,0,0,0,0,0,20000,0,0,0,30000,10000,20000,20000
065698,旺宏群益9C購08  ,0,0,0,0,0,0,0,0,0,20000,0,0,0,30000,10000,20000,20000
06564P,國巨富邦9A售04  ,0,0,0,0,0,0,0,0,0,20000,0,0,0,20000,0,20000,20000
065743,宏達電麥證9C購02,0,0,0,30000,0,30000,0,0,0,20000,0,0,0,30000,10000,20000,20000
065888,鴻海統一03購01  ,0,0,0,0,0,0,0,0,0,20000,0,0,0,20000,0,20000,20000
065810,台表科群益9C購05,0,0,0,0,0,0,0,0,0,20000,0,0,0,67000,47000,20000,20000
065813,華擎統一03購01  ,0,0,0,0,0,0,0,0,0,20000,0,0,0,20000,0,20000,20000
065864,光寶科群益9C購01,0,0,0,0,0,0,0,0,0,20000,0,0,0,31000,11000,20000,20000
066406,南六凱基01購02  ,0,0,0,0,0,0,0,0,0,20000,0,0,0,20000,0,20000,20000
06613P,華新科富邦9A售03,0,0,0,0,0,0,0,0,0,20000,0,0,0,20000,0,20000,20000
066658,卜蜂凱基01購01  ,0,0,0,0,0,0,0,0,0,20000,0,0,0,30000,10000,20000,20000
1468,昶和            ,20000,0,20000,0,0,0,0,0,0,0,0,0,0,0,0,0,20000
08767P,台灣50凱基01售17,0,0,0,0,0,0,0,0,0,20000,0,0,0,20000,0,20000,20000
08829P,滬深2X群益01售07,0,0,0,0,0,0,0,0,0,20000,0,0,0,20000,0,20000,20000
08920P,臺股指凱基03售07,0,0,0,0,0,0,0,0,0,20000,0,0,0,20000,0,20000,20000
08515P,鴻海群益9C售06  ,0,0,0,0,0,0,0,0,0,20000,0,0,0,20000,0,20000,20000
08417P,聯發科元大9C售12,0,0,0,0,0,0,0,0,0,20000,0,0,0,50000,30000,20000,20000
08725P,臺股指元大01售06,0,0,0,0,0,0,0,0,0,20000,0,0,0,20000,0,20000,20000
2642,宅配通          ,44000,24000,20000,0,0,0,0,0,0,0,0,0,0,0,0,0,20000
2420,新巨            ,47000,28000,19000,0,0,0,0,0,0,1000,1000,0,1000,0,0,0,20000
2227,裕日車          ,41000,8000,33000,0,0,0,0,11000,-11000,-2000,0,0,0,0,2000,-2000,20000
2358,廷鑫            ,15000,1000,14000,0,0,0,0,0,0,6000,6000,0,6000,0,0,0,20000
8072,陞泰            ,62000,42000,20000,0,0,0,0,0,0,0,0,0,0,0,0,0,20000
8466,美吉吉-KY       ,21000,1000,20000,0,0,0,0,0,0,0,1000,1000,0,0,0,0,20000
066728,台積電元大01購15,0,0,0,0,0,0,0,0,0,19000,0,0,0,41000,22000,19000,19000
07798P,同欣電國票9A售01,0,0,0,0,0,0,0,0,0,19000,0,0,0,19000,0,19000,19000
058802,矽創元大99購02  ,0,0,0,0,0,0,0,0,0,19000,0,0,0,50000,31000,19000,19000
058929,可成統一9C購01  ,0,0,0,0,0,0,0,0,0,19000,0,0,0,40000,21000,19000,19000
058743,可成康和99購01  ,0,0,0,0,0,0,0,0,0,19000,0,0,0,19000,0,19000,19000
058704,台積電元大99購17,0,0,0,0,0,0,0,0,0,19000,0,0,0,20000,1000,19000,19000
057883,中環群益98購01  ,0,0,0,0,0,0,0,0,0,19000,0,0,0,19000,0,19000,19000
058150,中502X統一9B購01,0,0,0,0,0,0,0,0,0,19000,0,0,0,29000,10000,19000,19000
059021,台積電統一9B購07,0,0,0,0,0,0,0,0,0,19000,0,0,0,19000,0,19000,19000
062661,華通群益9B購05  ,0,0,0,0,0,0,0,0,0,19000,0,0,0,77000,58000,19000,19000
062698,台積電元大01購01,0,0,0,0,0,0,0,0,0,19000,0,0,0,21000,2000,19000,19000
062776,鴻海元大9B購03  ,0,0,0,0,0,0,0,0,0,19000,0,0,0,79000,60000,19000,19000
03454B,臺股指元大04熊06,0,0,0,0,0,0,0,0,0,19000,0,0,0,177000,158000,19000,19000
051432,群創元富99購03  ,0,0,0,0,0,0,0,0,0,19000,0,0,0,19000,0,19000,19000
020012,富邦行動通訊N   ,0,0,0,0,0,0,0,0,0,19000,0,0,0,57000,38000,19000,19000
053363,旺宏國泰98購02  ,0,0,0,0,0,0,0,0,0,19000,0,0,0,19000,0,19000,19000
057032,A50反1元大9B購01,0,0,0,0,0,0,0,0,0,19000,0,0,0,20000,1000,19000,19000
055161,貿聯元大98購03  ,0,0,0,0,0,0,0,0,0,19000,0,0,0,19000,0,19000,19000
057232,京元電凱基98購02,0,0,0,0,0,0,0,0,0,19000,0,0,0,19000,0,19000,19000
056724,臻鼎中信9A購01  ,0,0,0,0,0,0,0,0,0,19000,0,0,0,64000,45000,19000,19000
060667,力成凱基9A購01  ,0,0,0,0,0,0,0,0,0,19000,0,0,0,50000,31000,19000,19000
061734,全新中信9B購02  ,0,0,0,0,0,0,0,0,0,19000,0,0,0,19000,0,19000,19000
060060,台積電兆豐99購05,0,0,0,0,0,0,0,0,0,19000,0,0,0,19000,0,19000,19000
062022,緯穎永豐9B購01  ,0,0,0,0,0,0,0,0,0,19000,0,0,0,119000,100000,19000,19000
066512,致茂永豐01購01  ,0,0,0,0,0,0,0,0,0,19000,0,0,0,120000,101000,19000,19000
8374,羅昇            ,24000,5000,19000,0,0,0,0,0,0,0,0,0,0,0,0,0,19000
2540,愛山林          ,22000,3000,19000,0,0,0,0,0,0,0,0,0,0,0,0,0,19000
3591,艾笛森          ,22000,3000,19000,0,0,0,0,0,0,0,0,0,0,0,0,0,19000
1323,永裕            ,21000,2000,19000,0,0,0,0,0,0,0,0,0,0,0,0,0,19000
08185P,華新科永豐9B售01,0,0,0,0,0,0,0,0,0,18000,0,0,0,18000,0,18000,18000
08206P,鴻海群益9C售03  ,0,0,0,0,0,0,0,0,0,18000,0,0,0,18000,0,18000,18000
066945,鴻海元大01購14  ,0,0,0,0,0,0,0,0,0,18000,0,0,0,19000,1000,18000,18000
067260,台郡國票02購02  ,0,0,0,0,0,0,0,0,0,18000,0,0,0,30000,12000,18000,18000
07009P,臺股指中信9B售01,0,0,0,0,0,0,0,0,0,18000,0,0,0,33000,15000,18000,18000
06744P,嘉聯益永豐98售03,0,0,0,0,0,0,0,0,0,18000,0,0,0,40000,22000,18000,18000
056719,台虹永豐98購01  ,0,0,0,0,0,0,0,0,0,18000,0,0,0,77000,59000,18000,18000
056970,TPK永豐98購01   ,0,0,0,0,0,0,0,0,0,18000,0,0,0,18000,0,18000,18000
054156,聯電亞東98購01  ,0,0,0,0,0,0,0,0,0,18000,0,0,0,73000,55000,18000,18000
053537,玉晶光永豐98購02,0,0,0,0,0,0,0,0,0,18000,0,0,0,118000,100000,18000,18000
062699,台積電元大01購02,0,0,0,0,0,0,0,0,0,18000,0,0,0,19000,1000,18000,18000
057990,美律統一99購02  ,0,0,0,0,0,0,0,0,0,18000,0,0,0,18000,0,18000,18000
058036,南電永豐98購01  ,0,0,0,0,0,0,0,0,0,18000,0,0,0,18000,0,18000,18000
059818,鴻海凱基99購14  ,0,0,0,0,0,0,0,0,0,18000,0,0,0,18000,0,18000,18000
06284P,台積電國票98售03,0,0,0,0,0,0,0,0,0,18000,0,0,0,18000,0,18000,18000
059886,可成國票99購04  ,0,0,0,0,0,0,0,0,0,18000,0,0,0,39000,21000,18000,18000
06296P,燿華元大98售01  ,0,0,0,0,0,0,0,0,0,18000,0,0,0,24000,6000,18000,18000
062156,美律凱基9B購01  ,0,0,0,0,0,0,0,0,0,18000,0,0,0,18000,0,18000,18000
061808,聯發科統一01購02,0,0,0,0,0,0,0,0,0,18000,0,0,0,50000,32000,18000,18000
062320,南電凱基9B購03  ,0,0,0,0,0,0,0,0,0,18000,0,0,0,18000,0,18000,18000
062539,可成國泰01購01  ,0,0,0,0,0,0,0,0,0,18000,0,0,0,115000,97000,18000,18000
060265,宏達電國票9A購02,0,0,0,0,0,0,0,0,0,18000,0,0,0,24000,6000,18000,18000
060678,聯詠元大9A購03  ,0,0,0,0,0,0,0,0,0,18000,0,0,0,40000,22000,18000,18000
060388,世紀鋼凱基9B購01,0,0,0,0,0,0,0,0,0,18000,0,0,0,114000,96000,18000,18000
059503,大立光富邦9B購04,0,0,0,0,0,0,0,0,0,18000,0,0,0,20000,2000,18000,18000
063373,晶技永豐9B購02  ,0,0,0,0,0,0,0,0,0,18000,0,0,0,124000,106000,18000,18000
059699,華通凱基99購04  ,0,0,0,0,0,0,0,0,0,18000,0,0,0,28000,10000,18000,18000
059727,大立光元大9A購01,0,0,0,0,0,0,0,0,0,18000,0,0,0,18000,0,18000,18000
066136,景碩群益01購02  ,0,0,0,0,0,0,0,0,0,18000,0,0,0,98000,80000,18000,18000
065834,億豐凱基03購01  ,0,0,0,0,0,0,0,0,0,18000,0,0,0,118000,100000,18000,18000
065622,鴻海中信06購01  ,0,0,0,0,0,0,0,0,0,18000,0,0,0,29000,11000,18000,18000
065307,矽格元富9C購01  ,0,0,0,0,0,0,0,0,0,18000,0,0,0,18000,0,18000,18000
064434,微星凱基02購01  ,0,0,0,0,0,0,0,0,0,18000,0,0,0,32000,14000,18000,18000
063680,寶成富邦9C購01  ,0,0,0,0,0,0,0,0,0,18000,0,0,0,40000,22000,18000,18000
064774,聚陽群益9C購04  ,0,0,0,0,0,0,0,0,0,18000,0,0,0,18000,0,18000,18000
064742,奇鋐國票01購02  ,0,0,0,0,0,0,0,0,0,18000,0,0,0,80000,62000,18000,18000
08742P,友達凱基01售02  ,0,0,0,0,0,0,0,0,0,18000,0,0,0,27000,9000,18000,18000
08673P,友訊元富01售03  ,0,0,0,0,0,0,0,0,0,18000,0,0,0,198000,180000,18000,18000
08639P,聯發科永豐9C售03,0,0,0,0,0,0,0,0,0,18000,0,0,0,18000,0,18000,18000
08535P,和大國票01售02  ,0,0,0,0,0,0,0,0,0,18000,0,0,0,18000,0,18000,18000
4555,氣立            ,27000,9000,18000,0,0,0,0,0,0,0,0,0,0,0,0,0,18000
2483,百容            ,18000,0,18000,0,0,0,0,0,0,0,0,0,0,0,0,0,18000
9918,欣天然          ,51000,1000,50000,0,0,0,0,0,0,-32000,0,32000,-32000,0,0,0,18000
6581,鋼聯            ,19000,1000,18000,0,0,0,0,0,0,0,0,0,0,0,0,0,18000
066981,聯發科群益02購07,0,0,0,0,0,0,0,0,0,17000,0,0,0,99000,82000,17000,17000
067030,南電兆豐03購01  ,0,0,0,0,0,0,0,0,0,17000,0,0,0,17000,0,17000,17000
064001,華通凱基02購01  ,0,0,0,0,0,0,0,0,0,17000,0,0,0,147000,130000,17000,17000
059128,友達中信99購02  ,0,0,0,0,0,0,0,0,0,17000,0,0,0,17000,0,17000,17000
062806,世芯統一02購01  ,0,0,0,0,0,0,0,0,0,17000,0,0,0,20000,3000,17000,17000
062635,創意國票9B購01  ,0,0,0,0,0,0,0,0,0,17000,0,0,0,117000,100000,17000,17000
057556,智易凱基99購01  ,0,0,0,0,0,0,0,0,0,17000,0,0,0,70000,53000,17000,17000
048505,滬深2X群益99購03,0,0,0,0,0,0,0,0,0,17000,0,0,0,17000,0,17000,17000
00731,FH富時高息低波  ,0,0,0,0,0,0,0,0,0,17000,0,0,0,1025000,1008000,17000,17000
053328,滬深2X永豐99購01,0,0,0,0,0,0,0,0,0,17000,0,0,0,17000,0,17000,17000
056671,台灣50元富9A購01,0,0,0,0,0,0,0,0,0,17000,0,0,0,424000,407000,17000,17000
055104,台達電凱基98購01,0,0,0,0,0,0,0,0,0,17000,0,0,0,17000,0,17000,17000
055695,大毅國票98購03  ,0,0,0,0,0,0,0,0,0,17000,0,0,0,17000,0,17000,17000
060424,中租永豐9A購01  ,0,0,0,0,0,0,0,0,0,17000,0,0,0,20000,3000,17000,17000
063510,台表科群益9C購01,0,0,0,0,0,0,0,0,0,17000,0,0,0,17000,0,17000,17000
063442,金像電統一01購01,0,0,0,0,0,0,0,0,0,17000,0,0,0,79000,62000,17000,17000
063277,大成鋼元大9B購03,0,0,0,0,0,0,0,0,0,17000,0,0,0,17000,0,17000,17000
061871,瑞昱元大9B購01  ,0,0,0,0,0,0,0,0,0,17000,0,0,0,27000,10000,17000,17000
061280,國巨統一9C購06  ,0,0,0,0,0,0,0,0,0,17000,0,0,0,17000,0,17000,17000
060051,台積電凱基9B購01,0,0,0,0,0,0,0,0,0,17000,0,0,0,17000,0,17000,17000
061335,國巨元大9A購19  ,0,0,0,0,0,0,0,0,0,17000,0,0,0,17000,0,17000,17000
063026,南六元大9B購04  ,0,0,0,0,0,0,0,0,0,17000,0,0,0,101000,84000,17000,17000
062086,瑞祺元大9B購01  ,0,0,0,0,0,0,0,0,0,17000,0,0,0,51000,34000,17000,17000
064621,大立光元大9C購20,0,0,0,0,0,0,0,0,0,17000,0,0,0,21000,4000,17000,17000
064610,儒鴻元大9C購03  ,0,0,0,0,0,0,0,0,0,17000,0,0,0,22000,5000,17000,17000
064552,巨大凱基01購01  ,0,0,0,0,0,0,0,0,0,17000,0,0,0,58000,41000,17000,17000
064431,台積電凱基01購05,0,0,0,0,0,0,0,0,0,17000,0,0,0,17000,0,17000,17000
065787,奇鋐永豐9C購01  ,0,0,0,0,0,0,0,0,0,17000,0,0,0,42000,25000,17000,17000
065648,華擎元大01購02  ,0,0,0,0,0,0,0,0,0,17000,0,0,0,73000,56000,17000,17000
066078,南電凱基02購02  ,0,0,0,0,0,0,0,0,0,17000,0,0,0,17000,0,17000,17000
3011,今皓            ,17000,0,17000,0,0,0,0,0,0,0,0,0,0,0,0,0,17000
3013,晟銘電          ,24000,8000,16000,0,0,0,0,0,0,1000,1000,0,1000,0,0,0,17000
1443,立益            ,17000,0,17000,0,0,0,0,0,0,0,0,0,0,0,0,0,17000
08797P,健策凱基02售03  ,0,0,0,0,0,0,0,0,0,17000,0,0,0,24000,7000,17000,17000
063588,華新科永豐9B購02,0,0,0,0,0,0,0,0,0,16000,0,0,0,17000,1000,16000,16000
07303P,臺股指元大9A售36,0,0,0,0,0,0,0,0,0,16000,0,0,0,200000,184000,16000,16000
067367,台積電統一01購11,0,0,0,0,0,0,0,0,0,16000,0,0,0,185000,169000,16000,16000
067415,大成凱基01購01  ,0,0,0,0,0,0,0,0,0,16000,0,0,0,38000,22000,16000,16000
067293,智伸科兆豐03購01,0,0,0,0,0,0,0,0,0,16000,0,0,0,150000,134000,16000,16000
055811,國巨國票98購05  ,0,0,0,0,0,0,0,0,0,16000,0,0,0,16000,0,16000,16000
056490,台積電國泰99購01,0,0,0,0,0,0,0,0,0,16000,0,0,0,218000,202000,16000,16000
056465,臺股指凱基99購07,0,0,0,0,0,0,0,0,0,16000,0,0,0,23000,7000,16000,16000
056637,台光電日盛9A購01,0,0,0,0,0,0,0,0,0,16000,0,0,0,24000,8000,16000,16000
056811,健策統一9B購01  ,0,0,0,0,0,0,0,0,0,16000,0,0,0,28000,12000,16000,16000
058481,玉晶光凱基9A購04,0,0,0,0,0,0,0,0,0,16000,0,0,0,16000,0,16000,16000
053381,友達元大9A購02  ,0,0,0,0,0,0,0,0,0,16000,0,0,0,178000,162000,16000,16000
057042,台積電元大98購10,0,0,0,0,0,0,0,0,0,16000,0,0,0,30000,14000,16000,16000
006207,FH滬深          ,10000,11000,-1000,0,0,0,0,0,0,17000,0,40000,-40000,502000,445000,57000,16000
00663L,國泰臺灣加權正2 ,0,0,0,0,0,0,0,0,0,16000,0,0,0,19000,3000,16000,16000
050014,國巨富邦98購01  ,0,0,0,0,0,0,0,0,0,16000,0,0,0,16000,0,16000,16000
051887,上証2X元富98購01,0,0,0,0,0,0,0,0,0,16000,0,0,0,16000,0,16000,16000
057774,台光電群益99購02,0,0,0,0,0,0,0,0,0,16000,0,0,0,34000,18000,16000,16000
062647,南電國泰9C購02  ,0,0,0,0,0,0,0,0,0,16000,0,0,0,71000,55000,16000,16000
058227,台灣50元大9C購01,0,0,0,0,0,0,0,0,0,16000,0,0,0,30000,14000,16000,16000
061179,華擎凱基9A購01  ,0,0,0,0,0,0,0,0,0,16000,0,0,0,16000,0,16000,16000
061204,國巨元大9A購16  ,0,0,0,0,0,0,0,0,0,16000,0,0,0,24000,8000,16000,16000
061858,南電國票9B購02  ,0,0,0,0,0,0,0,0,0,16000,0,0,0,16000,0,16000,16000
060313,淘帝永豐9A購01  ,0,0,0,0,0,0,0,0,0,16000,0,0,0,160000,144000,16000,16000
063398,信邦群益9B購02  ,0,0,0,0,0,0,0,0,0,16000,0,0,0,21000,5000,16000,16000
063179,群創兆豐9B購01  ,0,0,0,0,0,0,0,0,0,16000,0,0,0,16000,0,16000,16000
063444,金像電統一03購01,0,0,0,0,0,0,0,0,0,16000,0,0,0,254000,238000,16000,16000
059705,華新科凱基9A購07,0,0,0,0,0,0,0,0,0,16000,0,0,0,44000,28000,16000,16000
059639,大立光凱基9A購06,0,0,0,0,0,0,0,0,0,16000,0,0,0,20000,4000,16000,16000
059391,立積凱基9A購01  ,0,0,0,0,0,0,0,0,0,16000,0,0,0,18000,2000,16000,16000
060932,南六永豐9A購02  ,0,0,0,0,0,0,0,0,0,16000,0,0,0,51000,35000,16000,16000
060988,華新科元大9A購12,0,0,0,0,0,0,0,0,0,16000,0,0,0,16000,0,16000,16000
065740,聯發科麥證9C購05,0,0,0,17000,1000,16000,0,0,0,16000,0,0,0,17000,1000,16000,16000
065747,華通元大9C購07  ,0,0,0,0,0,0,0,0,0,16000,0,0,0,26000,10000,16000,16000
066137,智易群益01購01  ,0,0,0,0,0,0,0,0,0,16000,0,0,0,50000,34000,16000,16000
066367,緯創中信05購01  ,0,0,0,0,0,0,0,0,0,16000,0,0,0,114000,98000,16000,16000
066299,潤泰新元大01購01,0,0,0,0,0,0,0,0,0,16000,0,0,0,350000,334000,16000,16000
065182,南電元大9C購05  ,0,0,0,0,0,0,0,0,0,16000,0,0,0,16000,0,16000,16000
08781P,台灣50元大01售25,0,0,0,0,0,0,0,0,0,16000,0,0,0,16000,0,16000,16000
1438,裕豐            ,16000,0,16000,0,0,0,0,0,0,0,0,0,0,0,0,0,16000
1339,昭輝            ,32000,16000,16000,0,0,0,0,0,0,0,0,0,0,0,0,0,16000
1451,年興            ,54000,38000,16000,0,0,0,0,0,0,0,0,0,0,0,0,0,16000
1530,亞崴            ,16000,0,16000,0,0,0,0,0,0,0,0,0,0,0,0,0,16000
08529P,臻鼎元大9C售03  ,0,0,0,0,0,0,0,0,0,16000,0,0,0,16000,0,16000,16000
2617,台航            ,149000,133000,16000,0,0,0,0,0,0,0,1000,1000,0,0,0,0,16000
2904,匯僑            ,17000,1000,16000,0,0,0,0,0,0,0,0,0,0,0,0,0,16000
4190,佐登-KY         ,25000,8000,17000,0,0,0,0,0,0,-1000,0,1000,-1000,0,0,0,16000
3679,新至陞          ,20000,4000,16000,0,0,0,0,0,0,0,0,0,0,0,0,0,16000
2482,連宇            ,19000,4000,15000,0,0,0,0,0,0,1000,1000,0,1000,0,0,0,16000
5284,jpp-KY          ,16000,0,16000,0,0,0,0,0,0,0,0,0,0,0,0,0,16000
8427,基勝-KY         ,16000,0,16000,0,0,0,0,0,0,0,0,0,0,0,0,0,16000
4994,傳奇            ,69300,50000,19300,0,0,0,0,0,0,-4000,1000,0,1000,0,5000,-5000,15300
067399,新日興永豐01購01,0,0,0,0,0,0,0,0,0,15000,0,0,0,21000,6000,15000,15000
06789P,鴻海凱基98售12  ,0,0,0,0,0,0,0,0,0,15000,0,0,0,20000,5000,15000,15000
08298P,大立光國票9C售01,0,0,0,0,0,0,0,0,0,15000,0,0,0,15000,0,15000,15000
063558,聚陽元大9B購02  ,0,0,0,0,0,0,0,0,0,15000,0,0,0,15000,0,15000,15000
058956,健策國票9A購02  ,0,0,0,0,0,0,0,0,0,15000,0,0,0,15000,0,15000,15000
057944,新日興國票99購02,0,0,0,0,0,0,0,0,0,15000,0,0,0,15000,0,15000,15000
062919,聯茂元大9B購01  ,0,0,0,0,0,0,0,0,0,15000,0,0,0,50000,35000,15000,15000
062912,新日興元大9B購01,0,0,0,0,0,0,0,0,0,15000,0,0,0,15000,0,15000,15000
059218,台積電元大99購31,0,0,0,0,0,0,0,0,0,15000,0,0,0,15000,0,15000,15000
059213,國巨元大99購19  ,0,0,0,0,0,0,0,0,0,15000,0,0,0,15000,0,15000,15000
059194,元金2X永豐99購01,0,0,0,0,0,0,0,0,0,15000,0,0,0,15000,0,15000,15000
058803,世紀鋼元大99購03,0,0,0,0,0,0,0,0,0,15000,0,0,0,35000,20000,15000,15000
057320,玉晶光凱基98購01,0,0,0,0,0,0,0,0,0,15000,0,0,0,25000,10000,15000,15000
057384,台灣50永豐99購02,0,0,0,0,0,0,0,0,0,15000,0,0,0,15000,0,15000,15000
058655,鴻海中信03購02  ,0,0,0,0,0,0,0,0,0,15000,0,0,0,15000,0,15000,15000
058643,T50正2富邦03購01,0,0,0,0,0,0,0,0,0,15000,0,0,0,15000,0,15000,15000
054785,建準群益98購01  ,0,0,0,0,0,0,0,0,0,15000,0,0,0,15000,0,15000,15000
03430B,臺股指元大9B熊01,0,0,0,0,0,0,0,0,0,15000,0,0,0,20000,5000,15000,15000
058424,滬深2X元富99購04,0,0,0,0,0,0,0,0,0,15000,0,0,0,15000,0,15000,15000
056483,TPK元大98購01   ,0,0,0,0,0,0,0,0,0,15000,0,0,0,74000,59000,15000,15000
056541,智原凱基98購03  ,0,0,0,0,0,0,0,0,0,15000,0,0,0,15000,0,15000,15000
055119,力成凱基98購01  ,0,0,0,0,0,0,0,0,0,15000,0,0,0,20000,5000,15000,15000
061026,南電富邦9B購01  ,0,0,0,0,0,0,0,0,0,15000,0,0,0,15000,0,15000,15000
059475,元石油群益99購02,0,0,0,0,0,0,0,0,0,15000,0,0,0,15000,0,15000,15000
062410,台積電第一9B購02,0,0,0,0,0,0,0,0,0,15000,0,0,0,17000,2000,15000,15000
061665,旺宏中信9C購01  ,0,0,0,0,0,0,0,0,0,15000,0,0,0,70000,55000,15000,15000
060764,華擎元大9A購03  ,0,0,0,0,0,0,0,0,0,15000,0,0,0,15000,0,15000,15000
060630,國巨富邦9C購03  ,0,0,0,0,0,0,0,0,0,15000,0,0,0,15000,0,15000,15000
061422,台積電元大9A購30,0,0,0,0,0,0,0,0,0,15000,0,0,0,21000,6000,15000,15000
062237,緯創凱基9B購01  ,0,0,0,0,0,0,0,0,0,15000,0,0,0,73000,58000,15000,15000
062337,台表科統一01購01,0,0,0,0,0,0,0,0,0,15000,0,0,0,20000,5000,15000,15000
062281,奇鋐群益9B購01  ,0,0,0,0,0,0,0,0,0,15000,0,0,0,15000,0,15000,15000
061795,智邦永豐9B購01  ,0,0,0,0,0,0,0,0,0,15000,0,0,0,15000,0,15000,15000
061781,台積電群益9C購01,0,0,0,0,0,0,0,0,0,15000,0,0,0,15000,0,15000,15000
060069,T50反1元富99購13,0,0,0,0,0,0,0,0,0,15000,0,0,0,15000,0,15000,15000
062122,國巨統一02購01  ,0,0,0,0,0,0,0,0,0,15000,0,0,0,15000,0,15000,15000
063012,技嘉元大9B購01  ,0,0,0,0,0,0,0,0,0,15000,0,0,0,20000,5000,15000,15000
060212,華航康和9A購01  ,0,0,0,0,0,0,0,0,0,15000,0,0,0,15000,0,15000,15000
062969,旺宏元富9B購01  ,0,0,0,0,0,0,0,0,0,15000,0,0,0,15000,0,15000,15000
062990,台積電群益9B購06,0,0,0,0,0,0,0,0,0,15000,0,0,0,58000,43000,15000,15000
064887,嘉晶中信9C購02  ,0,0,0,0,0,0,0,0,0,15000,0,0,0,15000,0,15000,15000
063687,金像電永豐9B購04,0,0,0,0,0,0,0,0,0,15000,0,0,0,25000,10000,15000,15000
06371P,茂林國票98售04  ,0,0,0,0,0,0,0,0,0,15000,0,0,0,15000,0,15000,15000
063751,祥碩國票9C購02  ,0,0,0,0,0,0,0,0,0,15000,0,0,0,19000,4000,15000,15000
064543,華通凱基02購02  ,0,0,0,0,0,0,0,0,0,15000,0,0,0,71000,56000,15000,15000
066629,國揚凱基01購01  ,0,0,0,0,0,0,0,0,0,15000,0,0,0,40000,25000,15000,15000
065697,旺宏群益9C購07  ,0,0,0,0,0,0,0,0,0,15000,0,0,0,35000,20000,15000,15000
066037,華通元大01購03  ,0,0,0,0,0,0,0,0,0,15000,0,0,0,208000,193000,15000,15000
065987,大毅永豐01購01  ,0,0,0,0,0,0,0,0,0,15000,0,0,0,83000,68000,15000,15000
4572,駐龍            ,20000,5000,15000,0,0,0,0,0,0,0,0,0,0,0,0,0,15000
2939,凱羿-KY         ,16000,1000,15000,0,0,0,0,0,0,0,0,0,0,0,0,0,15000
1568,倉佑            ,22000,7000,15000,0,0,0,0,0,0,0,0,0,0,0,0,0,15000
1232,大統益          ,27000,13000,14000,0,0,0,0,0,0,1000,1000,0,1000,0,0,0,15000
6133,金橋            ,15000,0,15000,0,0,0,0,0,0,0,0,0,0,0,0,0,15000
6671,三能-KY         ,16000,1000,15000,0,0,0,0,0,0,0,0,0,0,0,0,0,15000
6216,居易            ,13000,0,13000,0,0,0,0,0,0,2000,2000,0,2000,0,0,0,15000
064108,創意兆豐9C購01  ,0,0,0,0,0,0,0,0,0,14000,0,0,0,14000,0,14000,14000
064101,可成群益01購01  ,0,0,0,0,0,0,0,0,0,14000,0,0,0,20000,6000,14000,14000
08078P,聯發科國票9B售04,0,0,0,0,0,0,0,0,0,14000,0,0,0,14000,0,14000,14000
08080P,祥碩國票9B售03  ,0,0,0,0,0,0,0,0,0,14000,0,0,0,220000,206000,14000,14000
066783,友達中信01購04  ,0,0,0,0,0,0,0,0,0,14000,0,0,0,36000,22000,14000,14000
056113,新日興兆豐98購01,0,0,0,0,0,0,0,0,0,14000,0,0,0,14000,0,14000,14000
054770,健策國票98購01  ,0,0,0,0,0,0,0,0,0,14000,0,0,0,14000,0,14000,14000
054574,美律元大99購01  ,0,0,0,0,0,0,0,0,0,14000,0,0,0,14000,0,14000,14000
057549,台光電凱基98購05,0,0,0,0,0,0,0,0,0,14000,0,0,0,31000,17000,14000,14000
062564,矽創凱基9B購01  ,0,0,0,0,0,0,0,0,0,14000,0,0,0,66000,52000,14000,14000
057988,鈺齊元富98購02  ,0,0,0,0,0,0,0,0,0,14000,0,0,0,24000,10000,14000,14000
062040,玉晶光凱基01購01,0,0,0,0,0,0,0,0,0,14000,0,0,0,70000,56000,14000,14000
063055,創意統一9B購02  ,0,0,0,0,0,0,0,0,0,14000,0,0,0,14000,0,14000,14000
062271,華通群益9C購02  ,0,0,0,0,0,0,0,0,0,14000,0,0,0,14000,0,14000,14000
063226,康控群益9B購03  ,0,0,0,0,0,0,0,0,0,14000,0,0,0,21000,7000,14000,14000
061689,國巨群益9A購12  ,0,0,0,0,0,0,0,0,0,14000,0,0,0,32000,18000,14000,14000
061071,復盛凱基9A購01  ,0,0,0,0,0,0,0,0,0,14000,0,0,0,14000,0,14000,14000
061559,南亞科國票9A購02,0,0,0,0,0,0,0,0,0,14000,0,0,0,14000,0,14000,14000
065687,華通元富9C購03  ,0,0,0,0,0,0,0,0,0,14000,0,0,0,173000,159000,14000,14000
065644,義隆元大9C購08  ,0,0,0,0,0,0,0,0,0,14000,0,0,0,44000,30000,14000,14000
066392,聯強凱基01購01  ,0,0,0,0,0,0,0,0,0,14000,0,0,0,200000,186000,14000,14000
066246,中化元大01購01  ,0,0,0,0,0,0,0,0,0,14000,0,0,0,163000,149000,14000,14000
064779,義隆群益9C購03  ,0,0,0,0,0,0,0,0,0,14000,0,0,0,28000,14000,14000,14000
063692,華擎永豐9B購02  ,0,0,0,0,0,0,0,0,0,14000,0,0,0,69000,55000,14000,14000
065192,臺股指統一9C購03,0,0,0,0,0,0,0,0,0,14000,0,0,0,15000,1000,14000,14000
065209,國泰金國票01購01,0,0,0,0,0,0,0,0,0,14000,0,0,0,25000,11000,14000,14000
065462,聯發科中信03購02,0,0,0,0,0,0,0,0,0,14000,0,0,0,14000,0,14000,14000
065384,南電元大9C購07  ,0,0,0,0,0,0,0,0,0,14000,0,0,0,51000,37000,14000,14000
6128,上福            ,35000,21000,14000,0,0,0,0,0,0,0,0,0,0,0,0,0,14000
9926,新海            ,24000,1000,23000,0,0,0,0,0,0,-9000,0,9000,-9000,0,0,0,14000
1441,大東            ,17000,0,17000,0,0,0,0,0,0,-3000,0,3000,-3000,0,0,0,14000
1453,大將            ,19000,6000,13000,0,0,0,0,0,0,1000,1000,0,1000,0,0,0,14000
3622,洋華            ,107000,57000,50000,0,0,0,0,0,0,-36000,2000,38000,-36000,0,0,0,14000
066916,台虹凱基01購01  ,0,0,0,0,0,0,0,0,0,13000,0,0,0,289000,276000,13000,13000
06699P,台積電統一98售11,0,0,0,0,0,0,0,0,0,13000,0,0,0,13000,0,13000,13000
08295P,長榮航元大9C售01,0,0,0,0,0,0,0,0,0,13000,0,0,0,13000,0,13000,13000
064023,智邦元大9C購02  ,0,0,0,0,0,0,0,0,0,13000,0,0,0,91000,78000,13000,13000
063645,瑞儀元大9B購02  ,0,0,0,0,0,0,0,0,0,13000,0,0,0,15000,2000,13000,13000
064228,同欣電國票01購01,0,0,0,0,0,0,0,0,0,13000,0,0,0,35000,22000,13000,13000
057959,欣興元大98購14  ,0,0,0,0,0,0,0,0,0,13000,0,0,0,35000,22000,13000,13000
058943,元石油群益9C購01,0,0,0,0,0,0,0,0,0,13000,0,0,0,13000,0,13000,13000
049842,道瓊反中信98購01,0,0,0,0,0,0,0,0,0,13000,0,0,0,13000,0,13000,13000
056327,樺漢兆豐98購01  ,0,0,0,0,0,0,0,0,0,13000,0,0,0,13000,0,13000,13000
056463,台虹凱基98購02  ,0,0,0,0,0,0,0,0,0,13000,0,0,0,13000,0,13000,13000
057163,上銀元大98購04  ,0,0,0,0,0,0,0,0,0,13000,0,0,0,13000,0,13000,13000
056585,台積電統一9A購01,0,0,0,0,0,0,0,0,0,13000,0,0,0,13000,0,13000,13000
061067,貿聯凱基9A購03  ,0,0,0,0,0,0,0,0,0,13000,0,0,0,123000,110000,13000,13000
061617,微星群益9A購02  ,0,0,0,0,0,0,0,0,0,13000,0,0,0,43000,30000,13000,13000
062313,聯詠凱基9C購01  ,0,0,0,0,0,0,0,0,0,13000,0,0,0,40000,27000,13000,13000
061847,力山國票9B購01  ,0,0,0,0,0,0,0,0,0,13000,0,0,0,50000,37000,13000,13000
062365,台光電元大9B購03,0,0,0,0,0,0,0,0,0,13000,0,0,0,94000,81000,13000,13000
065335,玉晶光台新9C購03,0,0,0,0,0,0,0,0,0,13000,0,0,0,45000,32000,13000,13000
065431,大立光凱基02購02,0,0,0,0,0,0,0,0,0,13000,0,0,0,281000,268000,13000,13000
065088,可成元大9C購09  ,0,0,0,0,0,0,0,0,0,13000,0,0,0,15000,2000,13000,13000
065128,大成鋼兆豐9C購01,0,0,0,0,0,0,0,0,0,13000,0,0,0,13000,0,13000,13000
063802,南茂凱基9C購01  ,0,0,0,0,0,0,0,0,0,13000,0,0,0,14000,1000,13000,13000
066187,瑞祺凱基01購01  ,0,0,0,0,0,0,0,0,0,13000,0,0,0,60000,47000,13000,13000
066277,敦泰元大01購02  ,0,0,0,0,0,0,0,0,0,13000,0,0,0,109000,96000,13000,13000
065553,聯詠凱基9C購03  ,0,0,0,0,0,0,0,0,0,13000,0,0,0,50000,37000,13000,13000
066027,華擎群益02購01  ,0,0,0,0,0,0,0,0,0,13000,0,0,0,13000,0,13000,13000
065865,光寶科群益9C購02,0,0,0,0,0,0,0,0,0,13000,0,0,0,20000,7000,13000,13000
2033,佳大            ,13000,0,13000,0,0,0,0,0,0,0,0,0,0,0,0,0,13000
2059,川湖            ,196000,183000,13000,0,0,0,0,1000,-1000,1000,0,0,0,2000,1000,1000,13000
1724,台硝            ,10000,0,10000,0,0,0,0,0,0,3000,3000,0,3000,0,0,0,13000
1805,寶徠            ,13000,0,13000,0,0,0,0,0,0,0,0,0,0,0,0,0,13000
1525,江申            ,15000,2000,13000,0,0,0,0,0,0,0,0,0,0,0,0,0,13000
08424P,群創元富9C售03  ,0,0,0,0,0,0,0,0,0,13000,0,0,0,19000,6000,13000,13000
08581P,臺股指元大9C售29,0,0,0,0,0,0,0,0,0,13000,0,0,0,65000,52000,13000,13000
6136,富爾特          ,14000,3000,11000,0,0,0,0,0,0,2000,2000,0,2000,0,0,0,13000
6201,亞弘電          ,12000,0,12000,0,0,0,0,0,0,1000,1000,0,1000,0,0,0,13000
5283,禾聯碩          ,15000,2000,13000,0,0,0,0,0,0,0,0,0,0,0,0,0,13000
063120,台光電元大9C購01,0,0,0,0,0,0,0,0,0,12000,0,0,0,12000,0,12000,12000
064169,南電統一9C購01  ,0,0,0,0,0,0,0,0,0,12000,0,0,0,12000,0,12000,12000
08122P,晶技國票9C售01  ,0,0,0,0,0,0,0,0,0,12000,0,0,0,12000,0,12000,12000
07404P,華新科凱基99售10,0,0,0,0,0,0,0,0,0,12000,0,0,0,12000,0,12000,12000
07653P,華新科群益9A售05,0,0,0,0,0,0,0,0,0,12000,0,0,0,12000,0,12000,12000
067044,華碩凱基02購01  ,0,0,0,0,0,0,0,0,0,12000,0,0,0,12000,0,12000,12000
06879P,長榮航凱基98售02,0,0,0,0,0,0,0,0,0,12000,0,0,0,12000,0,12000,12000
063826,中興電國票01購01,0,0,0,0,0,0,0,0,0,12000,0,0,0,38000,26000,12000,12000
07178P,臺股指凱基99售20,0,0,0,0,0,0,0,0,0,12000,0,0,0,12000,0,12000,12000
07111P,台積電群益99售08,0,0,0,0,0,0,0,0,0,12000,0,0,0,829000,817000,12000,12000
056222,台積電凱基9A購01,0,0,0,0,0,0,0,0,0,12000,0,0,0,12000,0,12000,12000
047571,滬深2X群益99購01,0,0,0,0,0,0,0,0,0,12000,0,0,0,12000,0,12000,12000
03688C,T50反1凱基03牛02,0,0,0,0,0,0,0,0,0,12000,0,0,0,421000,409000,12000,12000
006203,元大MSCI台灣    ,0,0,0,0,0,0,0,0,0,12000,0,0,0,14000,2000,12000,12000
00771,元大US高息特別股,0,0,0,0,0,0,0,0,0,12000,0,0,0,35000,23000,12000,12000
054961,玉晶光元大99購01,0,0,0,0,0,0,0,0,0,12000,0,0,0,14000,2000,12000,12000
054924,景碩凱基98購01  ,0,0,0,0,0,0,0,0,0,12000,0,0,0,18000,6000,12000,12000
059195,國巨永豐99購04  ,0,0,0,0,0,0,0,0,0,12000,0,0,0,12000,0,12000,12000
058848,台積電群益99購07,0,0,0,0,0,0,0,0,0,12000,0,0,0,12000,0,12000,12000
057791,可成統一99購01  ,0,0,0,0,0,0,0,0,0,12000,0,0,0,252000,240000,12000,12000
057692,臺股指凱基98購10,0,0,0,0,0,0,0,0,0,12000,0,0,0,12000,0,12000,12000
057570,技嘉永豐98購02  ,0,0,0,0,0,0,0,0,0,12000,0,0,0,67000,55000,12000,12000
057599,技嘉群益9A購01  ,0,0,0,0,0,0,0,0,0,12000,0,0,0,35000,23000,12000,12000
057421,智原凱基98購04  ,0,0,0,0,0,0,0,0,0,12000,0,0,0,22000,10000,12000,12000
057315,台灣50康和9A購03,0,0,0,0,0,0,0,0,0,12000,0,0,0,12000,0,12000,12000
058544,FBVIX富邦9B購01 ,0,0,0,0,0,0,0,0,0,12000,0,0,0,12000,0,12000,12000
058151,台積電統一9A購04,0,0,0,0,0,0,0,0,0,12000,0,0,0,12000,0,12000,12000
062650,南電富邦01購01  ,0,0,0,0,0,0,0,0,0,12000,0,0,0,20000,8000,12000,12000
061235,台積電元大9A購23,0,0,0,0,0,0,0,0,0,12000,0,0,0,12000,0,12000,12000
062399,神基永豐9B購01  ,0,0,0,0,0,0,0,0,0,12000,0,0,0,12000,0,12000,12000
063169,台汽電永豐9B購01,0,0,0,0,0,0,0,0,0,12000,0,0,0,72000,60000,12000,12000
063400,華擎群益9B購03  ,0,0,0,0,0,0,0,0,0,12000,0,0,0,12000,0,12000,12000
066035,南電群益01購01  ,0,0,0,0,0,0,0,0,0,12000,0,0,0,12000,0,12000,12000
065567,台積電群益01購03,0,0,0,0,0,0,0,0,0,12000,0,0,0,14000,2000,12000,12000
066488,聯詠元富07購01  ,0,0,0,0,0,0,0,0,0,12000,0,0,0,35000,23000,12000,12000
066535,台積電兆豐01購01,0,0,0,0,0,0,0,0,0,12000,0,0,0,622000,610000,12000,12000
063779,華邦電永豐9B購01,0,0,0,0,0,0,0,0,0,12000,0,0,0,70000,58000,12000,12000
063764,上銀元富9B購08  ,0,0,0,0,0,0,0,0,0,12000,0,0,0,12000,0,12000,12000
064589,聯鈞永豐9C購01  ,0,0,0,0,0,0,0,0,0,12000,0,0,0,12000,0,12000,12000
064906,台表科群益9C購02,0,0,0,0,0,0,0,0,0,12000,0,0,0,102000,90000,12000,12000
065427,台積電凱基02購04,0,0,0,0,0,0,0,0,0,12000,0,0,0,20000,8000,12000,12000
065213,南六國票01購03  ,0,0,0,0,0,0,0,0,0,12000,0,0,0,22000,10000,12000,12000
065319,鴻海凱基9C購03  ,0,0,0,0,0,0,0,0,0,12000,0,0,0,17000,5000,12000,12000
5546,永固-KY         ,12000,0,12000,0,0,0,0,0,0,0,0,0,0,0,0,0,12000
9929,秋雨            ,12000,0,12000,0,0,0,0,0,0,0,0,0,0,0,0,0,12000
1735,日勝化          ,12000,0,12000,0,0,0,0,0,0,0,0,0,0,0,0,0,12000
2024,志聯            ,12000,0,12000,0,0,0,0,0,0,0,0,0,0,0,0,0,12000
2008,高興昌          ,12000,0,12000,0,0,0,0,0,0,0,0,0,0,0,0,0,12000
3167,大量            ,36000,25000,11000,0,0,0,0,0,0,1000,1000,0,1000,0,0,0,12000
3528,安馳            ,12000,1000,11000,0,0,0,0,0,0,1000,1000,0,1000,0,0,0,12000
3543,州巧            ,48000,36000,12000,0,0,0,0,0,0,0,0,0,0,0,0,0,12000
4581,光隆精密-KY     ,12000,0,12000,0,0,0,0,0,0,0,0,0,0,0,0,0,12000
2910,統領            ,12000,0,12000,0,0,0,0,0,0,0,0,0,0,0,0,0,12000
2612,中航            ,58000,46000,12000,0,0,0,0,0,0,0,0,0,0,0,0,0,12000
2207,和泰車          ,410458,365708,44750,0,0,0,0,33000,-33000,0,1000,0,1000,0,1000,-1000,11750
07033P,大立光統一9B售03,0,0,0,0,0,0,0,0,0,11000,0,0,0,12000,1000,11000,11000
063829,晶技國票01購01  ,0,0,0,0,0,0,0,0,0,11000,0,0,0,111000,100000,11000,11000
07051P,大立光中信99售02,0,0,0,0,0,0,0,0,0,11000,0,0,0,11000,0,11000,11000
067256,新唐國票02購01  ,0,0,0,0,0,0,0,0,0,11000,0,0,0,11000,0,11000,11000
066673,緯穎凱基02購01  ,0,0,0,0,0,0,0,0,0,11000,0,0,0,11000,0,11000,11000
08305P,茂林群益9C售01  ,0,0,0,0,0,0,0,0,0,11000,0,0,0,13000,2000,11000,11000
08372P,大立光凱基01售04,0,0,0,0,0,0,0,0,0,11000,0,0,0,11000,0,11000,11000
064073,南電永豐9C購01  ,0,0,0,0,0,0,0,0,0,11000,0,0,0,25000,14000,11000,11000
063943,台光電元大9C購02,0,0,0,0,0,0,0,0,0,11000,0,0,0,177000,166000,11000,11000
062873,國巨兆豐9C購01  ,0,0,0,0,0,0,0,0,0,11000,0,0,0,11000,0,11000,11000
062709,帆宣元大9B購01  ,0,0,0,0,0,0,0,0,0,11000,0,0,0,11000,0,11000,11000
058137,玉晶光元大99購11,0,0,0,0,0,0,0,0,0,11000,0,0,0,11000,0,11000,11000
058982,台積電凱基99購08,0,0,0,0,0,0,0,0,0,11000,0,0,0,11000,0,11000,11000
057784,台積電國票9B購01,0,0,0,0,0,0,0,0,0,11000,0,0,0,11000,0,11000,11000
058801,致伸元大99購01  ,0,0,0,0,0,0,0,0,0,11000,0,0,0,11000,0,11000,11000
059170,康控凱基9B購01  ,0,0,0,0,0,0,0,0,0,11000,0,0,0,23000,12000,11000,11000
00866,新光Shiller CAPE,0,0,0,0,0,0,0,0,0,11000,0,0,0,41000,30000,11000,11000
042793,台積電台新9C購01,0,0,0,0,0,0,0,0,0,11000,0,0,0,21000,10000,11000,11000
039212,台達電台新9A購01,0,0,0,0,0,0,0,0,0,11000,0,0,0,11000,0,11000,11000
053945,國巨富邦98購02  ,0,0,0,0,0,0,0,0,0,11000,0,0,0,11000,0,11000,11000
055151,台積電元大98購05,0,0,0,0,0,0,0,0,0,11000,0,0,0,172000,161000,11000,11000
058293,光寶科凱基9A購01,0,0,0,0,0,0,0,0,0,11000,0,0,0,37000,26000,11000,11000
058342,鴻海群益9A購01  ,0,0,0,0,0,0,0,0,0,11000,0,0,0,11000,0,11000,11000
063176,南亞科兆豐9B購01,0,0,0,0,0,0,0,0,0,11000,0,0,0,11000,0,11000,11000
063209,巨大統一01購01  ,0,0,0,0,0,0,0,0,0,11000,0,0,0,20000,9000,11000,11000
063227,祥碩群益9B購06  ,0,0,0,0,0,0,0,0,0,11000,0,0,0,11000,0,11000,11000
060341,國巨統一9C購02  ,0,0,0,0,0,0,0,0,0,11000,0,0,0,21000,10000,11000,11000
061685,道瓊反群益9A購03,0,0,0,0,0,0,0,0,0,11000,0,0,0,11000,0,11000,11000
060909,金像電元大9B購01,0,0,0,0,0,0,0,0,0,11000,0,0,0,23000,12000,11000,11000
062419,台積電統一9B購15,0,0,0,0,0,0,0,0,0,11000,0,0,0,27000,16000,11000,11000
063063,泰鼎元富9B購01  ,0,0,0,0,0,0,0,0,0,11000,0,0,0,15000,4000,11000,11000
059988,大立光元大9A購02,0,0,0,0,0,0,0,0,0,11000,0,0,0,77000,66000,11000,11000
061396,台灣50台新9C購03,0,0,0,0,0,0,0,0,0,11000,0,0,0,11000,0,11000,11000
065238,聯茂凱基02購01  ,0,0,0,0,0,0,0,0,0,11000,0,0,0,50000,39000,11000,11000
065655,緯穎元大9C購05  ,0,0,0,0,0,0,0,0,0,11000,0,0,0,106000,95000,11000,11000
2497,怡利電          ,13000,1000,12000,0,0,0,0,0,0,-1000,0,1000,-1000,0,0,0,11000
2465,麗臺            ,13000,2000,11000,0,0,0,0,0,0,0,0,0,0,0,0,0,11000
2444,兆勁            ,16000,5000,11000,0,0,0,0,0,0,0,0,0,0,0,0,0,11000
2413,環科            ,48000,39000,9000,0,0,0,0,0,0,2000,2000,0,2000,0,0,0,11000
2748,雲品            ,16000,5000,11000,0,0,0,0,0,0,0,0,0,0,0,0,0,11000
3004,豐達科          ,24000,14000,10000,0,0,0,0,0,0,1000,1000,0,1000,0,0,0,11000
4141,龍燈-KY         ,33000,22000,11000,0,0,0,0,0,0,0,0,0,0,0,0,0,11000
3501,維熹            ,25000,14000,11000,0,0,0,0,0,0,0,0,0,0,0,0,0,11000
08712P,國巨元富07售03  ,0,0,0,0,0,0,0,0,0,11000,0,0,0,11000,0,11000,11000
1516,川飛            ,11000,0,11000,0,0,0,0,0,0,0,0,0,0,0,0,0,11000
8429,金麗-KY         ,95000,82000,13000,0,0,0,0,0,0,-2000,0,2000,-2000,0,0,0,11000
6405,悅城            ,16000,5000,11000,0,0,0,0,0,0,0,0,0,0,0,0,0,11000
063986,聯發科富邦02購01,0,0,0,0,0,0,0,0,0,10000,0,0,0,10000,0,10000,10000
064017,道瓊反元大9C購03,0,0,0,0,0,0,0,0,0,10000,0,0,0,10000,0,10000,10000
064014,貿聯國票01購01  ,0,0,0,0,0,0,0,0,0,10000,0,0,0,10000,0,10000,10000
064012,泰碩國票01購02  ,0,0,0,0,0,0,0,0,0,10000,0,0,0,100000,90000,10000,10000
064211,友達凱基02購01  ,0,0,0,0,0,0,0,0,0,10000,0,0,0,40000,30000,10000,10000
064184,矽格富邦02購01  ,0,0,0,0,0,0,0,0,0,10000,0,0,0,10000,0,10000,10000
064179,上銀富邦01購01  ,0,0,0,0,0,0,0,0,0,10000,0,0,0,20000,10000,10000,10000
063556,儒鴻元大9B購02  ,0,0,0,0,0,0,0,0,0,10000,0,0,0,79000,69000,10000,10000
07252P,台灣50凱基99售01,0,0,0,0,0,0,0,0,0,10000,0,0,0,10000,0,10000,10000
08348P,貿聯元大9C售01  ,0,0,0,0,0,0,0,0,0,10000,0,0,0,10000,0,10000,10000
08101P,超眾群益9B售02  ,0,0,0,0,0,0,0,0,0,10000,0,0,0,10000,0,10000,10000
08087P,聯發科凱基9B售12,0,0,0,0,0,0,0,0,0,10000,0,0,0,10000,0,10000,10000
08067P,大立光凱基9B售08,0,0,0,0,0,0,0,0,0,10000,0,0,0,10000,0,10000,10000
07988P,台積電台新9C售03,0,0,0,0,0,0,0,0,0,10000,0,0,0,110000,100000,10000,10000
07621P,台積電統一9B售09,0,0,0,0,0,0,0,0,0,10000,0,0,0,30000,20000,10000,10000
07504P,聯詠元大9A售02  ,0,0,0,0,0,0,0,0,0,10000,0,0,0,10000,0,10000,10000
07390P,華新科康和99售02,0,0,0,0,0,0,0,0,0,10000,0,0,0,10000,0,10000,10000
07326P,大立光元大99售23,0,0,0,0,0,0,0,0,0,10000,0,0,0,10000,0,10000,10000
07749P,台郡凱基9A售01  ,0,0,0,0,0,0,0,0,0,10000,0,0,0,10000,0,10000,10000
07788P,華新科群益9A售08,0,0,0,0,0,0,0,0,0,10000,0,0,0,10000,0,10000,10000
07747P,晶技凱基9A售04  ,0,0,0,0,0,0,0,0,0,10000,0,0,0,10000,0,10000,10000
07835P,台表科群益9A售02,0,0,0,0,0,0,0,0,0,10000,0,0,0,10000,0,10000,10000
066717,上証2X元大01購01,0,0,0,0,0,0,0,0,0,10000,0,0,0,10000,0,10000,10000
06678P,大立光統一99售01,0,0,0,0,0,0,0,0,0,10000,0,0,0,10000,0,10000,10000
066772,友達富邦03購01  ,0,0,0,0,0,0,0,0,0,10000,0,0,0,10000,0,10000,10000
066878,牧德富邦03購01  ,0,0,0,0,0,0,0,0,0,10000,0,0,0,10000,0,10000,10000
06724P,台灣50國票98售01,0,0,0,0,0,0,0,0,0,10000,0,0,0,10000,0,10000,10000
07020P,玉晶光台新99售02,0,0,0,0,0,0,0,0,0,10000,0,0,0,10000,0,10000,10000
06970P,旺宏元大99售08  ,0,0,0,0,0,0,0,0,0,10000,0,0,0,10000,0,10000,10000
067359,牧德群益01購02  ,0,0,0,0,0,0,0,0,0,10000,0,0,0,10000,0,10000,10000
067440,A50正2國票02購01,0,0,0,0,0,0,0,0,0,10000,0,0,0,10000,0,10000,10000
058358,技嘉凱基9A購01  ,0,0,0,0,0,0,0,0,0,10000,0,0,0,21000,11000,10000,10000
058355,旺宏凱基99購04  ,0,0,0,0,0,0,0,0,0,10000,0,0,0,10000,0,10000,10000
058319,大毅永豐9A購01  ,0,0,0,0,0,0,0,0,0,10000,0,0,0,10000,0,10000,10000
056673,中石化元富9B購01,0,0,0,0,0,0,0,0,0,10000,0,0,0,10000,0,10000,10000
056676,國產元富98購01  ,0,0,0,0,0,0,0,0,0,10000,0,0,0,10000,0,10000,10000
056720,世紀鋼永豐98購01,0,0,0,0,0,0,0,0,0,10000,0,0,0,10000,0,10000,10000
058449,台積電永豐99購01,0,0,0,0,0,0,0,0,0,10000,0,0,0,10000,0,10000,10000
058378,南電凱基99購01  ,0,0,0,0,0,0,0,0,0,10000,0,0,0,13000,3000,10000,10000
058476,旺宏凱基9A購01  ,0,0,0,0,0,0,0,0,0,10000,0,0,0,10000,0,10000,10000
057286,群創元大9B購05  ,0,0,0,0,0,0,0,0,0,10000,0,0,0,110000,100000,10000,10000
057182,禾伸堂元大99購02,0,0,0,0,0,0,0,0,0,10000,0,0,0,67000,57000,10000,10000
055527,旺宏群益99購03  ,0,0,0,0,0,0,0,0,0,10000,0,0,0,10000,0,10000,10000
055415,禾伸堂富邦9B購01,0,0,0,0,0,0,0,0,0,10000,0,0,0,20000,10000,10000,10000
055401,亞光元富9A購01  ,0,0,0,0,0,0,0,0,0,10000,0,0,0,10000,0,10000,10000
055406,大毅國泰99購01  ,0,0,0,0,0,0,0,0,0,10000,0,0,0,10000,0,10000,10000
055363,緯穎凱基98購03  ,0,0,0,0,0,0,0,0,0,10000,0,0,0,10000,0,10000,10000
055798,聯茂富邦98購01  ,0,0,0,0,0,0,0,0,0,10000,0,0,0,10000,0,10000,10000
055782,新日興凱基99購01,0,0,0,0,0,0,0,0,0,10000,0,0,0,10000,0,10000,10000
055842,建準元大98購01  ,0,0,0,0,0,0,0,0,0,10000,0,0,0,20000,10000,10000,10000
055997,矽創國泰99購01  ,0,0,0,0,0,0,0,0,0,10000,0,0,0,10000,0,10000,10000
055966,茂林元大99購01  ,0,0,0,0,0,0,0,0,0,10000,0,0,0,10000,0,10000,10000
056033,T50正2凱基99購02,0,0,0,0,0,0,0,0,0,10000,0,0,0,10000,0,10000,10000
056189,樺漢統一97購02  ,0,0,0,0,0,0,0,0,0,10000,0,0,0,10000,0,10000,10000
056503,楠梓電永豐98購01,0,0,0,0,0,0,0,0,0,10000,0,0,0,10000,0,10000,10000
056519,創意國票99購01  ,0,0,0,0,0,0,0,0,0,10000,0,0,0,25000,15000,10000,10000
056569,T50正2元大9B購02,0,0,0,0,0,0,0,0,0,10000,0,0,0,10000,0,10000,10000
056417,欣興中信98購01  ,0,0,0,0,0,0,0,0,0,10000,0,0,0,10000,0,10000,10000
056382,道瓊反國泰9A購01,0,0,0,0,0,0,0,0,0,10000,0,0,0,20000,10000,10000,10000
053811,國巨群益98購02  ,0,0,0,0,0,0,0,0,0,10000,0,0,0,10000,0,10000,10000
053652,友達凱基98購04  ,0,0,0,0,0,0,0,0,0,10000,0,0,0,10000,0,10000,10000
045189,大立光元富98購01,0,0,0,0,0,0,0,0,0,10000,0,0,0,10000,0,10000,10000
046385,群創凱基98購03  ,0,0,0,0,0,0,0,0,0,10000,0,0,0,10000,0,10000,10000
03686P,大立光統一98售02,0,0,0,0,0,0,0,0,0,10000,0,0,0,10000,0,10000,10000
050306,聯發科中信97購01,0,0,0,0,0,0,0,0,0,10000,0,0,0,10000,0,10000,10000
054791,泰碩群益99購02  ,0,0,0,0,0,0,0,0,0,10000,0,0,0,50000,40000,10000,10000
054589,聯鈞國泰99購01  ,0,0,0,0,0,0,0,0,0,10000,0,0,0,10000,0,10000,10000
056986,超眾群益98購03  ,0,0,0,0,0,0,0,0,0,10000,0,0,0,10000,0,10000,10000
056849,瀚宇博元富98購01,0,0,0,0,0,0,0,0,0,10000,0,0,0,10000,0,10000,10000
056864,新日興群益99購01,0,0,0,0,0,0,0,0,0,10000,0,0,0,10000,0,10000,10000
056881,台灣50康和9A購01,0,0,0,0,0,0,0,0,0,10000,0,0,0,10000,0,10000,10000
056918,台積電兆豐98購01,0,0,0,0,0,0,0,0,0,10000,0,0,0,2383000,2373000,10000,10000
054354,技嘉富邦97購01  ,0,0,0,0,0,0,0,0,0,10000,0,0,0,10000,0,10000,10000
053220,瀚宇博凱基98購01,0,0,0,0,0,0,0,0,0,10000,0,0,0,10000,0,10000,10000
054217,台表科國票97購05,30000,0,30000,0,0,0,0,0,0,-20000,0,0,0,10000,30000,-20000,10000
053181,滬深2X元富99購02,0,0,0,0,0,0,0,0,0,10000,0,0,0,70000,60000,10000,10000
052692,滬深2X中信99購02,0,0,0,0,0,0,0,0,0,10000,0,0,0,12000,2000,10000,10000
059188,京元電富邦9B購01,0,0,0,0,0,0,0,0,0,10000,0,0,0,30000,20000,10000,10000
059164,旺宏凱基99購06  ,0,0,0,0,0,0,0,0,0,10000,0,0,0,10000,0,10000,10000
059203,勤誠永豐99購02  ,0,0,0,0,0,0,0,0,0,10000,0,0,0,10000,0,10000,10000
059208,SGBR2X元大99購02,0,0,0,0,0,0,0,0,0,10000,0,0,0,10000,0,10000,10000
058781,康友國票9A購01  ,0,0,0,0,0,0,0,0,0,10000,0,0,0,10000,0,10000,10000
058850,華新科群益99購03,0,0,0,0,0,0,0,0,0,10000,0,0,0,44000,34000,10000,10000
058820,致茂國泰9B購01  ,0,0,0,0,0,0,0,0,0,10000,0,0,0,10000,0,10000,10000
058825,同欣電富邦9A購01,0,0,0,0,0,0,0,0,0,10000,0,0,0,10000,0,10000,10000
057806,國巨元大98購20  ,0,0,0,0,0,0,0,0,0,10000,0,0,0,10000,0,10000,10000
057771,鴻海群益99購01  ,0,0,0,0,0,0,0,0,0,10000,0,0,0,10000,0,10000,10000
059251,大立光凱基9A購04,0,0,0,0,0,0,0,0,0,10000,0,0,0,11000,1000,10000,10000
058541,T50反1富邦01購01,0,0,0,0,0,0,0,0,0,10000,0,0,0,10000,0,10000,10000
057323,智邦群益98購01  ,0,0,0,0,0,0,0,0,0,10000,0,0,0,10000,0,10000,10000
057375,欣興元大98購09  ,0,0,0,0,0,0,0,0,0,10000,0,0,0,10000,0,10000,10000
057329,緯穎群益98購02  ,0,0,0,0,0,0,0,0,0,10000,0,0,0,10000,0,10000,10000
057571,泰碩永豐98購01  ,0,0,0,0,0,0,0,0,0,10000,0,0,0,10000,0,10000,10000
057562,奇鋐兆豐98購01  ,0,0,0,0,0,0,0,0,0,10000,0,0,0,10000,0,10000,10000
057557,聯茂凱基99購04  ,0,0,0,0,0,0,0,0,0,10000,0,0,0,10000,0,10000,10000
057460,楠梓電永豐98購03,0,0,0,0,0,0,0,0,0,10000,0,0,0,10000,0,10000,10000
058972,新日興永豐9A購01,0,0,0,0,0,0,0,0,0,10000,0,0,0,10000,0,10000,10000
058967,可成麥證99購01  ,0,0,0,10000,1000,9000,0,0,0,10000,0,0,0,11000,1000,10000,10000
058106,神達統一98購02  ,0,0,0,0,0,0,0,0,0,10000,0,0,0,10000,0,10000,10000
058069,美律凱基99購05  ,0,0,0,0,0,0,0,0,0,10000,0,0,0,30000,20000,10000,10000
058073,大立光凱基99購04,0,0,0,0,0,0,0,0,0,10000,0,0,0,10000,0,10000,10000
058203,信邦凱基99購01  ,0,0,0,0,0,0,0,0,0,10000,0,0,0,20000,10000,10000,10000
058176,聯發科凱基99購05,0,0,0,0,0,0,0,0,0,10000,0,0,0,10000,0,10000,10000
057980,聯詠永豐98購01  ,0,0,0,0,0,0,0,0,0,10000,0,0,0,20000,10000,10000,10000
058035,旭富永豐98購02  ,0,0,0,0,0,0,0,0,0,10000,0,0,0,10000,0,10000,10000
058053,上銀統一9B購01  ,0,0,0,0,0,0,0,0,0,10000,0,0,0,10000,0,10000,10000
059117,禾伸堂永豐99購01,0,0,0,0,0,0,0,0,0,10000,0,0,0,10000,0,10000,10000
059084,鴻海元大99購24  ,0,0,0,0,0,0,0,0,0,10000,0,0,0,10000,0,10000,10000
059103,旭富元富99購03  ,0,0,0,0,0,0,0,0,0,10000,0,0,0,20000,10000,10000,10000
057904,矽力永豐98購01  ,0,0,0,0,0,0,0,0,0,10000,0,0,0,10000,0,10000,10000
057905,臺股指永豐98購06,0,0,0,0,0,0,0,0,0,10000,0,0,0,10000,0,10000,10000
057912,美律日盛99購01  ,0,0,0,0,0,0,0,0,0,10000,0,0,0,10000,0,10000,10000
059147,矽創國票99購01  ,0,0,0,0,0,0,0,0,0,10000,0,0,0,20000,10000,10000,10000
062704,大毅元大9C購01  ,0,0,0,0,0,0,0,0,0,10000,0,0,0,10000,0,10000,10000
062696,國巨元大9B購16  ,0,0,0,0,0,0,0,0,0,10000,0,0,0,10000,0,10000,10000
062727,華擎凱基9B購03  ,0,0,0,0,0,0,0,0,0,10000,0,0,0,10000,0,10000,10000
062723,聯發科凱基9B購09,0,0,0,0,0,0,0,0,0,10000,0,0,0,10000,0,10000,10000
062786,立積元大9C購03  ,0,0,0,0,0,0,0,0,0,10000,0,0,0,10000,0,10000,10000
062797,瑞昱統一9B購01  ,0,0,0,0,0,0,0,0,0,10000,0,0,0,33000,23000,10000,10000
059055,旺宏凱基9B購02  ,0,0,0,0,0,0,0,0,0,10000,0,0,0,10000,0,10000,10000
062895,道瓊銀元大9C購01,0,0,0,0,0,0,0,0,0,10000,0,0,0,10000,0,10000,10000
062626,台積電國票9C購04,0,0,0,0,0,0,0,0,0,10000,0,0,0,10000,0,10000,10000
062633,亞光國票9B購01  ,0,0,0,0,0,0,0,0,0,10000,0,0,0,201000,191000,10000,10000
062618,祥碩元大9B購04  ,0,0,0,0,0,0,0,0,0,10000,0,0,0,10000,0,10000,10000
061456,玉晶光凱基9B購05,0,0,0,0,0,0,0,0,0,10000,0,0,0,10000,0,10000,10000
062205,奇力新國票9C購01,0,0,0,0,0,0,0,0,0,10000,0,0,0,10000,0,10000,10000
060296,和碩元大9A購01  ,0,0,0,0,0,0,0,0,0,10000,0,0,0,10000,0,10000,10000
062540,茂林國泰9C購01  ,0,0,0,0,0,0,0,0,0,10000,0,0,0,40000,30000,10000,10000
061474,瑞昱元大9A購04  ,0,0,0,0,0,0,0,0,0,10000,0,0,0,11000,1000,10000,10000
062355,華通元大9B購03  ,0,0,0,0,0,0,0,0,0,10000,0,0,0,10000,0,10000,10000
062349,新日興群益9B購02,0,0,0,0,0,0,0,0,0,10000,0,0,0,10000,0,10000,10000
062001,臺股指元大9B購25,0,0,0,0,0,0,0,0,0,10000,0,0,0,10000,0,10000,10000
061750,台達電台新9B購01,0,0,0,0,0,0,0,0,0,10000,0,0,0,10000,0,10000,10000
062254,台光電元大9B購02,0,0,0,0,0,0,0,0,0,10000,0,0,0,74000,64000,10000,10000
062095,旺宏富邦9C購03  ,0,0,0,0,0,0,0,0,0,10000,0,0,0,10000,0,10000,10000
062946,祥碩國泰9C購02  ,0,0,0,0,0,0,0,0,0,10000,0,0,0,10000,0,10000,10000
059875,信邦凱基99購02  ,0,0,0,0,0,0,0,0,0,10000,0,0,0,10000,0,10000,10000
059926,世紀鋼國泰9B購01,0,0,0,0,0,0,0,0,0,10000,0,0,0,20000,10000,10000,10000
061180,華擎凱基9B購01  ,0,0,0,0,0,0,0,0,0,10000,0,0,0,10000,0,10000,10000
061182,南六凱基9A購01  ,0,0,0,0,0,0,0,0,0,10000,0,0,0,10000,0,10000,10000
061120,台積電永豐9A購03,0,0,0,0,0,0,0,0,0,10000,0,0,0,10000,0,10000,10000
061132,志超永豐9A購01  ,0,0,0,0,0,0,0,0,0,10000,0,0,0,27000,17000,10000,10000
059783,旺宏元大99購17  ,0,0,0,0,0,0,0,0,0,10000,0,0,0,10000,0,10000,10000
060116,世紀鋼元大99購07,0,0,0,0,0,0,0,0,0,10000,0,0,0,10000,0,10000,10000
062169,禾伸堂永豐9B購01,0,0,0,0,0,0,0,0,0,10000,0,0,0,20000,10000,10000,10000
063028,巨大元大9B購02  ,0,0,0,0,0,0,0,0,0,10000,0,0,0,10000,0,10000,10000
060152,上証2X永豐9A購02,0,0,0,0,0,0,0,0,0,10000,0,0,0,10000,0,10000,10000
061325,晶技凱基9A購03  ,0,0,0,0,0,0,0,0,0,10000,0,0,0,50000,40000,10000,10000
061317,旺宏凱基9A購05  ,0,0,0,0,0,0,0,0,0,10000,0,0,0,10000,0,10000,10000
061255,道瓊反凱基9C購01,0,0,0,0,0,0,0,0,0,10000,0,0,0,10000,0,10000,10000
062105,國巨國票9C購03  ,0,0,0,0,0,0,0,0,0,10000,0,0,0,10000,0,10000,10000
062409,巨大永豐9B購02  ,0,0,0,0,0,0,0,0,0,10000,0,0,0,10000,0,10000,10000
062463,世紀鋼麥證9B購01,0,0,0,10000,0,10000,0,0,0,10000,0,0,0,10000,0,10000,10000
059525,上銀凱基99購08  ,0,0,0,0,0,0,0,0,0,10000,0,0,0,10000,0,10000,10000
059377,台積電群益99購09,0,0,0,0,0,0,0,0,0,10000,0,0,0,10000,0,10000,10000
059342,聯發科凱基9A購05,0,0,0,0,0,0,0,0,0,10000,0,0,0,10000,0,10000,10000
061092,可成統一9C購02  ,0,0,0,0,0,0,0,0,0,10000,0,0,0,20000,10000,10000,10000
061548,聯詠群益9A購02  ,0,0,0,0,0,0,0,0,0,10000,0,0,0,10000,0,10000,10000
061015,旺宏麥證9A購03  ,0,0,0,10000,0,10000,0,0,0,10000,0,0,0,10000,0,10000,10000
060965,中租凱基9B購01  ,0,0,0,0,0,0,0,0,0,10000,0,0,0,10000,0,10000,10000
060968,台灣50元大9C購28,0,0,0,0,0,0,0,0,0,10000,0,0,0,10000,0,10000,10000
060877,華邦電中信02購01,0,0,0,0,0,0,0,0,0,10000,0,0,0,10000,0,10000,10000
061687,大成鋼群益9A購01,0,0,0,0,0,0,0,0,0,10000,0,0,0,10000,0,10000,10000
061655,微星國票9A購01  ,0,0,0,0,0,0,0,0,0,10000,0,0,0,10000,0,10000,10000
060770,宏達電麥證9A購01,0,0,0,10000,0,10000,0,0,0,10000,0,0,0,10000,0,10000,10000
060772,FBVIX凱基9A購03 ,0,0,0,0,0,0,0,0,0,10000,0,0,0,10000,0,10000,10000
060747,聯鈞國票9A購02  ,0,0,0,0,0,0,0,0,0,10000,0,0,0,10000,0,10000,10000
060755,鴻海元大9A購15  ,0,0,0,0,0,0,0,0,0,10000,0,0,0,10000,0,10000,10000
060812,智邦凱基9A購01  ,0,0,0,0,0,0,0,0,0,10000,0,0,0,10000,0,10000,10000
060800,華新科第一9A購01,0,0,0,0,0,0,0,0,0,10000,0,0,0,10000,0,10000,10000
060330,台灣50麥證9A購03,0,0,0,10000,0,10000,0,0,0,10000,0,0,0,10000,0,10000,10000
060343,台積電統一9C購02,0,0,0,0,0,0,0,0,0,10000,0,0,0,10000,0,10000,10000
060394,欣興麥證9A購01  ,0,0,0,10000,0,10000,0,0,0,10000,0,0,0,10000,0,10000,10000
060411,達新永豐9A購01  ,0,0,0,0,0,0,0,0,0,10000,0,0,0,10000,0,10000,10000
061642,創意元大9A購04  ,0,0,0,0,0,0,0,0,0,10000,0,0,0,20000,10000,10000,10000
060418,中橡永豐9A購01  ,0,0,0,0,0,0,0,0,0,10000,0,0,0,10000,0,10000,10000
060416,神隆永豐9A購01  ,0,0,0,0,0,0,0,0,0,10000,0,0,0,157000,147000,10000,10000
060676,京元電元大9A購03,0,0,0,0,0,0,0,0,0,10000,0,0,0,194000,184000,10000,10000
060694,旺宏麥證9A購02  ,0,0,0,10000,0,10000,0,0,0,10000,0,0,0,10000,0,10000,10000
063222,群創群益9B購03  ,0,0,0,0,0,0,0,0,0,10000,0,0,0,10000,0,10000,10000
063215,台表科國票9C購02,0,0,0,0,0,0,0,0,0,10000,0,0,0,32000,22000,10000,10000
063241,聯發科元大9B購18,0,0,0,0,0,0,0,0,0,10000,0,0,0,10000,0,10000,10000
063378,茂林永豐9B購02  ,0,0,0,0,0,0,0,0,0,10000,0,0,0,10000,0,10000,10000
060611,同欣電凱基9A購02,0,0,0,0,0,0,0,0,0,10000,0,0,0,10000,0,10000,10000
063490,儒鴻富邦9C購01  ,0,0,0,0,0,0,0,0,0,10000,0,0,0,79000,69000,10000,10000
059555,台灣50凱基9A購06,0,0,0,0,0,0,0,0,0,10000,0,0,0,10000,0,10000,10000
059673,玉山金元富99購01,0,0,0,0,0,0,0,0,0,10000,0,0,0,10000,0,10000,10000
060503,技嘉元大9A購01  ,0,0,0,0,0,0,0,0,0,10000,0,0,0,10000,0,10000,10000
065595,鴻海元大9C購15  ,0,0,0,0,0,0,0,0,0,10000,0,0,0,10000,0,10000,10000
065623,瑞昱中信04購01  ,0,0,0,0,0,0,0,0,0,10000,0,0,0,30000,20000,10000,10000
065993,立積永豐01購02  ,0,0,0,0,0,0,0,0,0,10000,0,0,0,10000,0,10000,10000
065991,牧德永豐01購01  ,0,0,0,0,0,0,0,0,0,10000,0,0,0,10000,0,10000,10000
066438,南紡群益01購01  ,0,0,0,0,0,0,0,0,0,10000,0,0,0,30000,20000,10000,10000
066467,晶碩統一03購01  ,0,0,0,0,0,0,0,0,0,10000,0,0,0,237000,227000,10000,10000
066619,永光凱基01購01  ,0,0,0,0,0,0,0,0,0,10000,0,0,0,20000,10000,10000,10000
066592,大立光群益01購06,0,0,0,0,0,0,0,0,0,10000,0,0,0,10000,0,10000,10000
066580,臺股指元大01購09,0,0,0,0,0,0,0,0,0,10000,0,0,0,10000,0,10000,10000
066663,達欣工凱基01購01,0,0,0,0,0,0,0,0,0,10000,0,0,0,10000,0,10000,10000
066339,總太永豐01購01  ,0,0,0,0,0,0,0,0,0,10000,0,0,0,10000,0,10000,10000
066342,上緯控永豐01購01,0,0,0,0,0,0,0,0,0,10000,0,0,0,20000,10000,10000,10000
066407,昇陽半凱基01購01,0,0,0,0,0,0,0,0,0,10000,0,0,0,10000,0,10000,10000
066351,關貿永豐01購01  ,0,0,0,0,0,0,0,0,0,10000,0,0,0,10000,0,10000,10000
066132,精元群益01購01  ,0,0,0,0,0,0,0,0,0,10000,0,0,0,82000,72000,10000,10000
06525P,上証2X國泰99售01,0,0,0,0,0,0,0,0,0,10000,0,0,0,10000,0,10000,10000
065261,技嘉元大9C購03  ,0,0,0,0,0,0,0,0,0,10000,0,0,0,10000,0,10000,10000
065243,聯發科兆豐01購03,0,0,0,0,0,0,0,0,0,10000,0,0,0,10000,0,10000,10000
065419,立積國票01購03  ,0,0,0,0,0,0,0,0,0,10000,0,0,0,10000,0,10000,10000
065396,微星群益01購01  ,0,0,0,0,0,0,0,0,0,10000,0,0,0,10000,0,10000,10000
065399,新日興群益01購01,0,0,0,0,0,0,0,0,0,10000,0,0,0,15000,5000,10000,10000
064908,世紀鋼群益01購02,0,0,0,0,0,0,0,0,0,10000,0,0,0,40000,30000,10000,10000
064969,達新元大9C購01  ,0,0,0,0,0,0,0,0,0,10000,0,0,0,10000,0,10000,10000
064992,玉晶光兆豐01購01,0,0,0,0,0,0,0,0,0,10000,0,0,0,30000,20000,10000,10000
06499P,臺股指元大9A售04,0,0,0,0,0,0,0,0,0,10000,0,0,0,70000,60000,10000,10000
06515P,國巨凱基98售06  ,0,0,0,0,0,0,0,0,0,10000,0,0,0,10000,0,10000,10000
065022,同欣電富邦01購01,0,0,0,0,0,0,0,0,0,10000,0,0,0,20000,10000,10000,10000
064545,智邦凱基9C購02  ,0,0,0,0,0,0,0,0,0,10000,0,0,0,10000,0,10000,10000
064534,京元電國票01購01,0,0,0,0,0,0,0,0,0,10000,0,0,0,60000,50000,10000,10000
064522,華擎群益01購01  ,0,0,0,0,0,0,0,0,0,10000,0,0,0,10000,0,10000,10000
064517,國巨群益02購01  ,0,0,0,0,0,0,0,0,0,10000,0,0,0,50000,40000,10000,10000
064519,聯詠群益9C購01  ,0,0,0,0,0,0,0,0,0,10000,0,0,0,10000,0,10000,10000
064687,國巨群益9C購10  ,0,0,0,0,0,0,0,0,0,10000,0,0,0,30000,20000,10000,10000
063752,瑞祺國票9C購01  ,0,0,0,0,0,0,0,0,0,10000,0,0,0,10000,0,10000,10000
063683,大成鋼永豐9B購01,0,0,0,0,0,0,0,0,0,10000,0,0,0,10000,0,10000,10000
063785,華通中信06購02  ,0,0,0,0,0,0,0,0,0,10000,0,0,0,20000,10000,10000,10000
064501,大立光元大01購02,0,0,0,0,0,0,0,0,0,10000,0,0,0,20000,10000,10000,10000
5484,慧友            ,10000,0,10000,0,0,0,0,0,0,0,0,0,0,0,0,0,10000
6117,迎廣            ,9000,0,9000,0,0,0,0,0,0,1000,1000,0,1000,0,0,0,10000
8442,威宏-KY         ,10000,0,10000,0,0,0,0,0,0,0,0,0,0,0,0,0,10000
1533,車王電          ,26000,14000,12000,0,0,0,0,0,0,-2000,0,2000,-2000,0,0,0,10000
1236,宏亞            ,14000,4000,10000,0,0,0,0,0,0,0,0,0,0,0,0,0,10000
08595P,南電群益9C售03  ,0,0,0,0,0,0,0,0,0,10000,0,0,0,10000,0,10000,10000
3229,晟鈦            ,10000,0,10000,0,0,0,0,0,0,0,0,0,0,0,0,0,10000
3305,昇貿            ,13000,4000,9000,0,0,0,0,0,0,1000,1000,0,1000,0,0,0,10000
4148,全宇生技-KY     ,23000,13000,10000,0,0,0,0,0,0,0,0,0,0,0,0,0,10000
3002,歐格            ,9000,0,9000,0,0,0,0,0,0,1000,1000,0,1000,0,0,0,10000
3054,立萬利          ,10000,0,10000,0,0,0,0,0,0,0,0,0,0,0,0,0,10000
2597,潤弘            ,27000,17000,10000,0,0,0,0,0,0,0,0,0,0,0,0,0,10000
2233,宇隆            ,66000,26000,40000,0,0,0,0,30000,-30000,0,0,0,0,0,0,0,10000
2243,宏旭-KY         ,10000,0,10000,0,0,0,0,0,0,0,0,0,0,0,0,0,10000
067340,欣興凱基02購02  ,0,0,0,0,0,0,0,0,0,9000,0,0,0,198000,189000,9000,9000
08129P,聯發科元大9B售23,0,0,0,0,0,0,0,0,0,9000,0,0,0,24000,15000,9000,9000
08342P,健策永豐9C售01  ,0,0,0,0,0,0,0,0,0,9000,0,0,0,9000,0,9000,9000
063571,TPK元大9B購03   ,0,0,0,0,0,0,0,0,0,9000,0,0,0,201000,192000,9000,9000
061109,臻鼎元大9A購03  ,0,0,0,0,0,0,0,0,0,9000,0,0,0,50000,41000,9000,9000
062784,世芯元大9B購01  ,0,0,0,0,0,0,0,0,0,9000,0,0,0,9000,0,9000,9000
057876,隆達元大98購01  ,0,0,0,0,0,0,0,0,0,9000,0,0,0,20000,11000,9000,9000
058717,南電台新99購02  ,0,0,0,0,0,0,0,0,0,9000,0,0,0,9000,0,9000,9000
058631,鈺齊國票9A購01  ,0,0,0,0,0,0,0,0,0,9000,0,0,0,10000,1000,9000,9000
058587,台積電中信9C購03,0,0,0,0,0,0,0,0,0,9000,0,0,0,41000,32000,9000,9000
057399,滬深反群益9C購01,0,0,0,0,0,0,0,0,0,9000,0,0,0,169000,160000,9000,9000
057616,聯電凱基99購01  ,0,0,0,0,0,0,0,0,0,9000,0,0,0,909000,900000,9000,9000
058835,元油2X中信9C購02,0,0,0,0,0,0,0,0,0,9000,0,0,0,9000,0,9000,9000
058775,台積電國票9A購02,0,0,0,0,0,0,0,0,0,9000,0,0,0,11000,2000,9000,9000
057603,樺漢群益98購02  ,0,0,0,0,0,0,0,0,0,9000,0,0,0,9000,0,9000,9000
054353,世紀鋼國泰98購01,0,0,0,0,0,0,0,0,0,9000,0,0,0,21000,12000,9000,9000
056898,全新元大98購02  ,0,0,0,0,0,0,0,0,0,9000,0,0,0,9000,0,9000,9000
057082,玉晶光統一9A購04,0,0,0,0,0,0,0,0,0,9000,0,0,0,9000,0,9000,9000
054870,新日興群益98購01,0,0,0,0,0,0,0,0,0,9000,0,0,0,9000,0,9000,9000
055989,矽力元富9A購01  ,0,0,0,0,0,0,0,0,0,9000,0,0,0,14000,5000,9000,9000
05511P,T50反1台新06售01,0,0,0,0,0,0,0,0,0,9000,0,0,0,9000,0,9000,9000
057221,華通國票98購03  ,0,0,0,0,0,0,0,0,0,9000,0,0,0,34000,25000,9000,9000
057147,新日興國票99購01,0,0,0,0,0,0,0,0,0,9000,0,0,0,9000,0,9000,9000
059568,台積電凱基9A購13,0,0,0,0,0,0,0,0,0,9000,0,0,0,9000,0,9000,9000
063515,香港2X凱基01購01,0,0,0,0,0,0,0,0,0,9000,0,0,0,109000,100000,9000,9000
060758,台積電元大9A購19,0,0,0,0,0,0,0,0,0,9000,0,0,0,9000,0,9000,9000
062468,台積電凱基9B購06,0,0,0,0,0,0,0,0,0,9000,0,0,0,10000,1000,9000,9000
063017,台光電元大9B購07,0,0,0,0,0,0,0,0,0,9000,0,0,0,51000,42000,9000,9000
061286,大立光統一9A購05,0,0,0,0,0,0,0,0,0,9000,0,0,0,36000,27000,9000,9000
059733,緯穎元大99購08  ,0,0,0,0,0,0,0,0,0,9000,0,0,0,10000,1000,9000,9000
061139,玉晶光統一9C購02,0,0,0,0,0,0,0,0,0,9000,0,0,0,9000,0,9000,9000
064498,可成元大01購03  ,0,0,0,0,0,0,0,0,0,9000,0,0,0,10000,1000,9000,9000
064335,可成元大9C購05  ,0,0,0,0,0,0,0,0,0,9000,0,0,0,10000,1000,9000,9000
063739,台勝科元大9B購03,0,0,0,0,0,0,0,0,0,9000,0,0,0,322000,313000,9000,9000
064568,聯鈞群益9C購01  ,0,0,0,0,0,0,0,0,0,9000,0,0,0,39000,30000,9000,9000
065247,聯發科麥證9C購02,0,0,0,9000,0,9000,0,0,0,9000,0,0,0,9000,0,9000,9000
066340,敦泰永豐01購01  ,0,0,0,0,0,0,0,0,0,9000,0,0,0,95000,86000,9000,9000
066091,南電永豐01購01  ,0,0,0,0,0,0,0,0,0,9000,0,0,0,9000,0,9000,9000
3025,星通            ,8000,0,8000,0,0,0,0,0,0,1000,1000,0,1000,0,0,0,9000
4722,國精化          ,19000,10000,9000,0,0,0,0,0,0,0,0,0,0,0,0,0,9000
3308,聯德            ,9000,0,9000,0,0,0,0,0,0,0,0,0,0,0,0,0,9000
1611,中電            ,72000,65000,7000,0,0,0,0,0,0,2000,2000,0,2000,0,0,0,9000
8367,建新國際        ,13000,4000,9000,0,0,0,0,0,0,0,0,0,0,0,0,0,9000
6442,光聖            ,9000,2000,7000,0,0,0,0,0,0,2000,2000,0,2000,0,0,0,9000
063426,茂林凱基9B購03  ,0,0,0,0,0,0,0,0,0,8000,0,0,0,23000,15000,8000,8000
063630,智邦元大9B購09  ,0,0,0,0,0,0,0,0,0,8000,0,0,0,71000,63000,8000,8000
064088,大立光凱基02購01,0,0,0,0,0,0,0,0,0,8000,0,0,0,50000,42000,8000,8000
063945,京元電元大9C購01,0,0,0,0,0,0,0,0,0,8000,0,0,0,8000,0,8000,8000
063844,台積電元大9C購05,0,0,0,0,0,0,0,0,0,8000,0,0,0,30000,22000,8000,8000
07991P,鴻海群益9C售02  ,0,0,0,0,0,0,0,0,0,8000,0,0,0,13000,5000,8000,8000
067335,國產凱基02購02  ,0,0,0,0,0,0,0,0,0,8000,0,0,0,58000,50000,8000,8000
067542,旭富群益01購03  ,0,0,0,0,0,0,0,0,0,8000,0,0,0,8000,0,8000,8000
06941P,國巨統一98售07  ,0,0,0,0,0,0,0,0,0,8000,0,0,0,8000,0,8000,8000
07137P,大立光中信9B售01,0,0,0,0,0,0,0,0,0,8000,0,0,0,8000,0,8000,8000
06721P,臺股指中信9A售03,0,0,0,0,0,0,0,0,0,8000,0,0,0,246000,238000,8000,8000
055271,鴻海元大98購03  ,0,0,0,0,0,0,0,0,0,8000,0,0,0,8000,0,8000,8000
056460,同欣電凱基99購01,0,0,0,0,0,0,0,0,0,8000,0,0,0,189000,181000,8000,8000
052697,滬深2X國票98購01,0,0,0,0,0,0,0,0,0,8000,0,0,0,68000,60000,8000,8000
052738,聯電元大98購02  ,0,0,0,0,0,0,0,0,0,8000,0,0,0,18000,10000,8000,8000
03680C,臺股指凱基9A牛26,0,0,0,0,0,0,0,0,0,8000,0,0,0,10000,2000,8000,8000
0054,元大台商50      ,0,0,0,0,0,0,0,0,0,8000,0,0,0,9000,1000,8000,8000
00680L,元大美債20正2   ,0,0,0,0,0,0,0,0,0,8000,0,0,0,14000,6000,8000,8000
058836,FBVIX中信03購05 ,0,0,0,0,0,0,0,0,0,8000,0,0,0,80000,72000,8000,8000
058024,台積電國泰9A購01,0,0,0,0,0,0,0,0,0,8000,0,0,0,8000,0,8000,8000
058189,嘉澤永豐99購01  ,0,0,0,0,0,0,0,0,0,8000,0,0,0,8000,0,8000,8000
062796,技嘉統一9C購01  ,0,0,0,0,0,0,0,0,0,8000,0,0,0,10000,2000,8000,8000
059844,大立光富邦9C購04,0,0,0,0,0,0,0,0,0,8000,0,0,0,8000,0,8000,8000
063001,巨大國票9B購01  ,0,0,0,0,0,0,0,0,0,8000,0,0,0,8000,0,8000,8000
061211,玉晶光元大9A購12,0,0,0,0,0,0,0,0,0,8000,0,0,0,8000,0,8000,8000
060065,大立光兆豐9B購01,0,0,0,0,0,0,0,0,0,8000,0,0,0,8000,0,8000,8000
061708,同欣電國票9A購02,0,0,0,0,0,0,0,0,0,8000,0,0,0,21000,13000,8000,8000
061896,景碩永豐9B購01  ,0,0,0,0,0,0,0,0,0,8000,0,0,0,205000,197000,8000,8000
061025,創意富邦9B購01  ,0,0,0,0,0,0,0,0,0,8000,0,0,0,8000,0,8000,8000
060702,玉晶光國泰9C購02,0,0,0,0,0,0,0,0,0,8000,0,0,0,8000,0,8000,8000
060734,華通統一9C購01  ,0,0,0,0,0,0,0,0,0,8000,0,0,0,10000,2000,8000,8000
063504,國巨群益9C購06  ,0,0,0,0,0,0,0,0,0,8000,0,0,0,8000,0,8000,8000
059580,大立光元富99購07,0,0,0,0,0,0,0,0,0,8000,0,0,0,30000,22000,8000,8000
059728,聯鈞元大99購01  ,0,0,0,0,0,0,0,0,0,8000,0,0,0,8000,0,8000,8000
063358,華擎國泰01購01  ,0,0,0,0,0,0,0,0,0,8000,0,0,0,8000,0,8000,8000
063360,茂林國泰9C購02  ,0,0,0,0,0,0,0,0,0,8000,0,0,0,10000,2000,8000,8000
063285,華擎元大9B購03  ,0,0,0,0,0,0,0,0,0,8000,0,0,0,70000,62000,8000,8000
066101,微星國票02購01  ,0,0,0,0,0,0,0,0,0,8000,0,0,0,124000,116000,8000,8000
065913,光寶科凱基01購01,0,0,0,0,0,0,0,0,0,8000,0,0,0,20000,12000,8000,8000
064611,亞德客元大9C購02,0,0,0,0,0,0,0,0,0,8000,0,0,0,52000,44000,8000,8000
6464,台數科          ,11000,3000,8000,0,0,0,0,0,0,0,0,0,0,0,0,0,8000
8222,寶一            ,14000,6000,8000,0,0,0,0,0,0,0,0,0,0,0,0,0,8000
9931,欣高            ,8000,0,8000,0,0,0,0,0,0,0,0,0,0,0,0,0,8000
1324,地球            ,8000,0,8000,0,0,0,0,0,0,0,0,0,0,0,0,0,8000
3383,新世紀          ,8000,0,8000,0,0,0,0,0,0,0,0,0,0,0,0,0,8000
3593,力銘            ,9000,1000,8000,0,0,0,0,0,0,0,0,0,0,0,0,0,8000
4764,雙鍵            ,8000,0,8000,0,0,0,0,0,0,0,0,0,0,0,0,0,8000
2936,客思達-KY       ,7000,0,7000,0,0,0,0,0,0,1000,1000,0,1000,0,0,0,8000
2906,高林            ,108000,59000,49000,0,0,0,0,0,0,-41000,0,41000,-41000,0,0,0,8000
2707,晶華            ,47000,38000,9000,0,0,0,0,0,0,-1000,0,0,0,0,1000,-1000,8000
1730,花仙子          ,15000,7000,8000,0,0,0,0,0,0,0,0,0,0,0,0,0,8000
2438,翔耀            ,9000,1000,8000,0,0,0,0,0,0,0,0,0,0,0,0,0,8000
06682P,玉晶光元大99售08,0,0,0,0,0,0,0,0,0,7000,0,0,0,44000,37000,7000,7000
066725,華通元大01購05  ,0,0,0,0,0,0,0,0,0,7000,0,0,0,115000,108000,7000,7000
07010P,T50正2凱基9C售01,0,0,0,0,0,0,0,0,0,7000,0,0,0,7000,0,7000,7000
07987P,大立光統一9B售13,0,0,0,0,0,0,0,0,0,7000,0,0,0,7000,0,7000,7000
08365P,貿聯凱基9C售01  ,0,0,0,0,0,0,0,0,0,7000,0,0,0,7000,0,7000,7000
08371P,京元電凱基9C售01,0,0,0,0,0,0,0,0,0,7000,0,0,0,10000,3000,7000,7000
07800P,華新科國泰9B售04,0,0,0,0,0,0,0,0,0,7000,0,0,0,20000,13000,7000,7000
07458P,長榮航元大9A售01,0,0,0,0,0,0,0,0,0,7000,0,0,0,7000,0,7000,7000
064103,大立光群益9C購03,0,0,0,0,0,0,0,0,0,7000,0,0,0,10000,3000,7000,7000
064059,新日興麥證01購01,0,0,0,7000,0,7000,0,0,0,7000,0,0,0,7000,0,7000,7000
064077,台積電中信06購03,0,0,0,0,0,0,0,0,0,7000,0,0,0,33000,26000,7000,7000
064296,奇鋐國票01購01  ,0,0,0,0,0,0,0,0,0,7000,0,0,0,145000,138000,7000,7000
058136,景碩元大99購02  ,0,0,0,0,0,0,0,0,0,7000,0,0,0,7000,0,7000,7000
059034,華通群益9B購02  ,0,0,0,0,0,0,0,0,0,7000,0,0,0,7000,0,7000,7000
058016,智邦凱基98購06  ,0,0,0,0,0,0,0,0,0,7000,0,0,0,7000,0,7000,7000
058776,台積電國票9A購03,0,0,0,0,0,0,0,0,0,7000,0,0,0,9000,2000,7000,7000
059241,旺宏凱基99購07  ,0,0,0,0,0,0,0,0,0,7000,0,0,0,10000,3000,7000,7000
054152,漢唐國泰98購02  ,0,0,0,0,0,0,0,0,0,7000,0,0,0,9000,2000,7000,7000
056419,欣興元富98購02  ,0,0,0,0,0,0,0,0,0,7000,0,0,0,7000,0,7000,7000
055698,茂林國票98購03  ,0,0,0,0,0,0,0,0,0,7000,0,0,0,7000,0,7000,7000
058356,華邦電凱基99購01,0,0,0,0,0,0,0,0,0,7000,0,0,0,10000,3000,7000,7000
057268,臻鼎兆豐99購01  ,0,0,0,0,0,0,0,0,0,7000,0,0,0,7000,0,7000,7000
058467,日月光中信9A購01,0,0,0,0,0,0,0,0,0,7000,0,0,0,7000,0,7000,7000
060455,葡萄王元大9A購02,0,0,0,0,0,0,0,0,0,7000,0,0,0,60000,53000,7000,7000
060649,國巨第一9A購01  ,0,0,0,0,0,0,0,0,0,7000,0,0,0,7000,0,7000,7000
062376,中租元大9B購02  ,0,0,0,0,0,0,0,0,0,7000,0,0,0,7000,0,7000,7000
061010,上銀麥證9A購02  ,0,0,0,7000,0,7000,0,0,0,7000,0,0,0,7000,0,7000,7000
059415,台灣50元大9A購03,0,0,0,0,0,0,0,0,0,7000,0,0,0,7000,0,7000,7000
062002,鴻海國泰01購01  ,0,0,0,0,0,0,0,0,0,7000,0,0,0,7000,0,7000,7000
062346,智邦群益9B購02  ,0,0,0,0,0,0,0,0,0,7000,0,0,0,7000,0,7000,7000
062312,大立光凱基9B購03,0,0,0,0,0,0,0,0,0,7000,0,0,0,16000,9000,7000,7000
062282,禾伸堂群益9B購01,0,0,0,0,0,0,0,0,0,7000,0,0,0,51000,44000,7000,7000
062196,聯發科中信01購02,0,0,0,0,0,0,0,0,0,7000,0,0,0,20000,13000,7000,7000
061252,臺股指群益9A購03,0,0,0,0,0,0,0,0,0,7000,0,0,0,7000,0,7000,7000
062108,晶豪科國票9B購01,0,0,0,0,0,0,0,0,0,7000,0,0,0,17000,10000,7000,7000
061298,華新科富邦01購02,0,0,0,0,0,0,0,0,0,7000,0,0,0,7000,0,7000,7000
060163,健策永豐9B購01  ,0,0,0,0,0,0,0,0,0,7000,0,0,0,7000,0,7000,7000
062089,矽創元大9B購02  ,0,0,0,0,0,0,0,0,0,7000,0,0,0,50000,43000,7000,7000
065684,超眾統一03購01  ,0,0,0,0,0,0,0,0,0,7000,0,0,0,7000,0,7000,7000
066506,宏達電富邦03購01,0,0,0,0,0,0,0,0,0,7000,0,0,0,261000,254000,7000,7000
2491,吉祥全          ,13000,6000,7000,0,0,0,0,0,0,0,0,0,0,0,0,0,7000
2488,漢平            ,8000,1000,7000,0,0,0,0,0,0,0,0,0,0,0,0,0,7000
2115,六暉-KY         ,7000,0,7000,0,0,0,0,0,0,0,0,0,0,0,0,0,7000
3380,明泰            ,1164000,1102000,62000,0,0,0,0,0,0,-55000,2000,3000,-1000,0,54000,-54000,7000
3432,台端            ,6000,0,6000,0,0,0,0,0,0,1000,1000,0,1000,0,0,0,7000
1436,華友聯          ,8000,1000,7000,0,0,0,0,0,0,0,0,0,0,0,0,0,7000
1539,巨庭            ,8000,2000,6000,0,0,0,0,0,0,1000,1000,0,1000,0,0,0,7000
1521,大億            ,13000,6000,7000,0,0,0,0,0,0,0,0,0,0,0,0,0,7000
1470,大統新創        ,7000,0,7000,0,0,0,0,0,0,0,0,0,0,0,0,0,7000
1452,宏益            ,45000,38000,7000,0,0,0,0,0,0,0,0,0,0,0,0,0,7000
1456,怡華            ,15000,8000,7000,0,0,0,0,0,0,0,0,0,0,0,0,0,7000
08683P,大立光凱基02售03,0,0,0,0,0,0,0,0,0,7000,0,0,0,17000,10000,7000,7000
8114,振樺電          ,14000,7000,7000,0,0,0,0,0,0,0,0,0,0,0,0,0,7000
8478,東哥遊艇        ,8000,1000,7000,0,0,0,0,0,0,0,0,0,0,0,0,0,7000
064224,玉晶光國票01購04,0,0,0,0,0,0,0,0,0,6000,0,0,0,25000,19000,6000,6000
063629,台積電元大9B購08,0,0,0,0,0,0,0,0,0,6000,0,0,0,16000,10000,6000,6000
064064,義隆富邦03購01  ,0,0,0,0,0,0,0,0,0,6000,0,0,0,6000,0,6000,6000
07760P,力山永豐9A售03  ,0,0,0,0,0,0,0,0,0,6000,0,0,0,6000,0,6000,6000
06776P,鴻海元大99售05  ,0,0,0,0,0,0,0,0,0,6000,0,0,0,330000,324000,6000,6000
067519,台灣50元富01購06,0,0,0,0,0,0,0,0,0,6000,0,0,0,6000,0,6000,6000
06733P,鴻海凱基99售02  ,0,0,0,0,0,0,0,0,0,6000,0,0,0,6000,0,6000,6000
066741,華擎元大01購03  ,0,0,0,0,0,0,0,0,0,6000,0,0,0,57000,51000,6000,6000
058429,欣興元富99購01  ,0,0,0,0,0,0,0,0,0,6000,0,0,0,6000,0,6000,6000
056740,大立光凱基98購13,0,0,0,0,0,0,0,0,0,6000,0,0,0,6000,0,6000,6000
056066,奇鋐元大98購02  ,0,0,0,0,0,0,0,0,0,6000,0,0,0,6000,0,6000,6000
053186,健策中信9C購01  ,0,0,0,0,0,0,0,0,0,6000,0,0,0,24000,18000,6000,6000
054539,欣興國票98購01  ,0,0,0,0,0,0,0,0,0,6000,0,0,0,26000,20000,6000,6000
01003T,兆豐新光R1      ,10000,4000,6000,0,0,0,0,0,0,0,0,0,0,0,0,0,6000
00763U,街口道瓊銅      ,0,0,0,0,0,0,0,0,0,6000,0,0,0,18000,12000,6000,6000
051695,元金2X中信98購01,0,0,0,0,0,0,0,0,0,6000,0,0,0,6000,0,6000,6000
053882,聯發科中信98購02,0,0,0,0,0,0,0,0,0,6000,0,0,0,6000,0,6000,6000
059073,元油2X元大9C購14,0,0,0,0,0,0,0,0,0,6000,0,0,0,7000,1000,6000,6000
057326,景碩群益99購02  ,0,0,0,0,0,0,0,0,0,6000,0,0,0,10000,4000,6000,6000
057296,智原永豐98購01  ,0,0,0,0,0,0,0,0,0,6000,0,0,0,105000,99000,6000,6000
058728,SP黃豆永豐99購01,0,0,0,0,0,0,0,0,0,6000,0,0,0,6000,0,6000,6000
057563,旭富國泰9A購01  ,0,0,0,0,0,0,0,0,0,6000,0,0,0,66000,60000,6000,6000
057580,玉山金中信9A購01,0,0,0,0,0,0,0,0,0,6000,0,0,0,17000,11000,6000,6000
057458,TPK富邦9A購01   ,0,0,0,0,0,0,0,0,0,6000,0,0,0,6000,0,6000,6000
057874,可成元大99購02  ,0,0,0,0,0,0,0,0,0,6000,0,0,0,6000,0,6000,6000
058240,景碩元大99購04  ,0,0,0,0,0,0,0,0,0,6000,0,0,0,6000,0,6000,6000
058146,勤誠元大99購01  ,0,0,0,0,0,0,0,0,0,6000,0,0,0,20000,14000,6000,6000
062609,帆宣凱基9B購01  ,0,0,0,0,0,0,0,0,0,6000,0,0,0,18000,12000,6000,6000
060215,柏文康和9A購01  ,0,0,0,0,0,0,0,0,0,6000,0,0,0,6000,0,6000,6000
062151,世紀鋼國票01購01,0,0,0,0,0,0,0,0,0,6000,0,0,0,32000,26000,6000,6000
062423,聯發科統一9C購07,0,0,0,0,0,0,0,0,0,6000,0,0,0,6000,0,6000,6000
060999,國巨兆豐9A購01  ,0,0,0,0,0,0,0,0,0,6000,0,0,0,38000,32000,6000,6000
060967,鈺齊凱基9A購02  ,0,0,0,0,0,0,0,0,0,6000,0,0,0,31000,25000,6000,6000
060958,儒鴻凱基9A購02  ,0,0,0,0,0,0,0,0,0,6000,0,0,0,36000,30000,6000,6000
060743,鴻海國票9A購03  ,0,0,0,0,0,0,0,0,0,6000,0,0,0,9000,3000,6000,6000
060414,中興電永豐9A購01,0,0,0,0,0,0,0,0,0,6000,0,0,0,6000,0,6000,6000
06037P,超眾國票98售02  ,0,0,0,0,0,0,0,0,0,6000,0,0,0,6000,0,6000,6000
060621,玉晶光元大9A購05,0,0,0,0,0,0,0,0,0,6000,0,0,0,10000,4000,6000,6000
060655,國巨統一9B購06  ,0,0,0,0,0,0,0,0,0,6000,0,0,0,26000,20000,6000,6000
05961P,鴻海群益97售01  ,0,0,0,0,0,0,0,0,0,6000,0,0,0,8000,2000,6000,6000
063212,聯發科國票9C購02,0,0,0,0,0,0,0,0,0,6000,0,0,0,10000,4000,6000,6000
066577,巨大元大01購02  ,0,0,0,0,0,0,0,0,0,6000,0,0,0,135000,129000,6000,6000
066380,瑞昱康和01購02  ,0,0,0,0,0,0,0,0,0,6000,0,0,0,81000,75000,6000,6000
065691,國巨群益9C購16  ,0,0,0,0,0,0,0,0,0,6000,0,0,0,36000,30000,6000,6000
065992,立積永豐01購01  ,0,0,0,0,0,0,0,0,0,6000,0,0,0,71000,65000,6000,6000
064556,華通群益02購02  ,0,0,0,0,0,0,0,0,0,6000,0,0,0,27000,21000,6000,6000
064771,貿聯中信01購01  ,0,0,0,0,0,0,0,0,0,6000,0,0,0,6000,0,6000,6000
064773,FBVIX群益9C購05 ,0,0,0,0,0,0,0,0,0,6000,0,0,0,15000,9000,6000,6000
065262,義隆元大9C購06  ,0,0,0,0,0,0,0,0,0,6000,0,0,0,68000,62000,6000,6000
065370,瑞昱元大9C購02  ,0,0,0,0,0,0,0,0,0,6000,0,0,0,54000,48000,6000,6000
065089,大立光元大9C購23,0,0,0,0,0,0,0,0,0,6000,0,0,0,56000,50000,6000,6000
064957,台表科凱基02購02,0,0,0,0,0,0,0,0,0,6000,0,0,0,111000,105000,6000,6000
5533,皇鼎            ,39000,32000,7000,0,0,0,0,0,0,-1000,0,1000,-1000,0,0,0,6000
08458P,南電元大9C售04  ,0,0,0,0,0,0,0,0,0,6000,0,0,0,6000,0,6000,6000
08532P,國巨元富06售02  ,0,0,0,0,0,0,0,0,0,6000,0,0,0,6000,0,6000,6000
08468P,台郡統一9C售02  ,0,0,0,0,0,0,0,0,0,6000,0,0,0,66000,60000,6000,6000
1587,吉茂            ,23000,17000,6000,0,0,0,0,0,0,0,0,0,0,0,0,0,6000
1235,興泰            ,10000,4000,6000,0,0,0,0,0,0,0,0,0,0,0,0,0,6000
08762P,南六元大01售03  ,0,0,0,0,0,0,0,0,0,6000,0,0,0,6000,0,6000,6000
08776P,上証2X群益03售02,0,0,0,0,0,0,0,0,0,6000,0,0,0,11000,5000,6000,6000
3708,上緯投控        ,474000,436000,38000,0,0,0,0,0,0,-32000,0,10000,-10000,3000,25000,-22000,6000
4930,燦星網          ,6000,0,6000,0,0,0,0,0,0,0,0,0,0,0,0,0,6000
4562,穎漢            ,6000,1000,5000,0,0,0,0,0,0,1000,1000,0,1000,0,0,0,6000
2722,夏都            ,12000,6000,6000,0,0,0,0,0,0,0,0,0,0,0,0,0,6000
2901,欣欣            ,6000,0,6000,0,0,0,0,0,0,0,0,0,0,0,0,0,6000
3021,鴻名            ,11000,5000,6000,0,0,0,0,0,0,0,0,0,0,0,0,0,6000
2423,固緯            ,32000,35000,-3000,0,0,0,0,0,0,9000,9000,0,9000,0,0,0,6000
066721,臺指反元大04購03,0,0,0,0,0,0,0,0,0,5000,0,0,0,5000,0,5000,5000
06675P,國巨國票99售02  ,0,0,0,0,0,0,0,0,0,5000,0,0,0,5000,0,5000,5000
067594,國巨凱基01購06  ,0,0,0,0,0,0,0,0,0,5000,0,0,0,13000,8000,5000,5000
07151P,台灣50統一9B售04,0,0,0,0,0,0,0,0,0,5000,0,0,0,5000,0,5000,5000
07743P,智邦凱基9A售03  ,0,0,0,0,0,0,0,0,0,5000,0,0,0,5000,0,5000,5000
07947P,國巨統一9B售12  ,0,0,0,0,0,0,0,0,0,5000,0,0,0,5000,0,5000,5000
07294P,滬深2X元富9C售08,0,0,0,0,0,0,0,0,0,5000,0,0,0,5000,0,5000,5000
07555P,玉晶光元大9A售07,0,0,0,0,0,0,0,0,0,5000,0,0,0,5000,0,5000,5000
07558P,玉晶光元大9A售10,0,0,0,0,0,0,0,0,0,5000,0,0,0,10000,5000,5000,5000
07618P,大立光中信9A售06,0,0,0,0,0,0,0,0,0,5000,0,0,0,5000,0,5000,5000
07643P,禾伸堂凱基9A售02,0,0,0,0,0,0,0,0,0,5000,0,0,0,5000,0,5000,5000
08336P,聯發科中信9C售05,0,0,0,0,0,0,0,0,0,5000,0,0,0,31000,26000,5000,5000
08356P,聯發科元大9C售08,0,0,0,0,0,0,0,0,0,5000,0,0,0,5000,0,5000,5000
07997P,上銀凱基9B售04  ,0,0,0,0,0,0,0,0,0,5000,0,0,0,5000,0,5000,5000
08006P,長榮航中信03售01,0,0,0,0,0,0,0,0,0,5000,0,0,0,5000,0,5000,5000
064047,義隆統一02購01  ,0,0,0,0,0,0,0,0,0,5000,0,0,0,5000,0,5000,5000
064034,台表科元大9C購07,0,0,0,0,0,0,0,0,0,5000,0,0,0,33000,28000,5000,5000
063850,玉晶光元大9C購07,0,0,0,0,0,0,0,0,0,5000,0,0,0,5000,0,5000,5000
063133,喬山統一01購01  ,0,0,0,0,0,0,0,0,0,5000,0,0,0,5000,0,5000,5000
07253P,台灣50凱基9A售05,0,0,0,0,0,0,0,0,0,5000,0,0,0,5000,0,5000,5000
07209P,台積電凱基9A售10,0,0,0,0,0,0,0,0,0,5000,0,0,0,5000,0,5000,5000
07224P,鴻海元大9A售02  ,0,0,0,0,0,0,0,0,0,5000,0,0,0,5000,0,5000,5000
062883,智易兆豐9C購01  ,0,0,0,0,0,0,0,0,0,5000,0,0,0,5000,0,5000,5000
062762,聯詠凱基9B購02  ,0,0,0,0,0,0,0,0,0,5000,0,0,0,44000,39000,5000,5000
058178,國巨國泰9A購02  ,0,0,0,0,0,0,0,0,0,5000,0,0,0,5000,0,5000,5000
058222,玉晶光統一9B購01,0,0,0,0,0,0,0,0,0,5000,0,0,0,20000,15000,5000,5000
059014,SGBR2X元富03購01,0,0,0,0,0,0,0,0,0,5000,0,0,0,5000,0,5000,5000
059067,上銀國票9A購02  ,0,0,0,0,0,0,0,0,0,5000,0,0,0,5000,0,5000,5000
057914,日月光日盛9A購01,0,0,0,0,0,0,0,0,0,5000,0,0,0,5000,0,5000,5000
058703,台積電元大99購16,0,0,0,0,0,0,0,0,0,5000,0,0,0,5000,0,5000,5000
059268,鎧勝中信01購01  ,0,0,0,0,0,0,0,0,0,5000,0,0,0,5000,0,5000,5000
058786,元黃金元大99購01,0,0,0,0,0,0,0,0,0,5000,0,0,0,5000,0,5000,5000
058778,聯發科國票9A購01,0,0,0,0,0,0,0,0,0,5000,0,0,0,5000,0,5000,5000
058817,嘉聯益台新99購01,0,0,0,0,0,0,0,0,0,5000,0,0,0,10000,5000,5000,5000
059156,台灣50凱基01購03,0,0,0,0,0,0,0,0,0,5000,0,0,0,5000,0,5000,5000
058947,SGBR2X群益9B購02,0,0,0,0,0,0,0,0,0,5000,0,0,0,5000,0,5000,5000
058909,神達元大99購03  ,0,0,0,0,0,0,0,0,0,5000,0,0,0,5000,0,5000,5000
052133,華邦電凱基9B購01,0,0,0,0,0,0,0,0,0,5000,0,0,0,5000,0,5000,5000
052325,高股息中信99購01,0,0,0,0,0,0,0,0,0,5000,0,0,0,5000,0,5000,5000
053402,A50正2群益9A購02,0,0,0,0,0,0,0,0,0,5000,0,0,0,5000,0,5000,5000
05174P,元金2X富邦9B售01,0,0,0,0,0,0,0,0,0,5000,0,0,0,5000,0,5000,5000
047548,友達凱基99購03  ,0,0,0,0,0,0,0,0,0,5000,0,0,0,5000,0,5000,5000
01002T,土銀國泰R1      ,5000,0,5000,0,0,0,0,0,0,0,0,0,0,0,0,0,5000
00666R,富邦恒生國企反1 ,0,0,0,0,0,0,0,0,0,5000,0,0,0,30000,25000,5000,5000
00645,富邦日本        ,0,0,0,0,0,0,0,0,0,5000,0,0,0,116000,111000,5000,5000
054672,華新科國泰99購01,0,0,0,0,0,0,0,0,0,5000,0,0,0,5000,0,5000,5000
054769,創意國票98購01  ,0,0,0,0,0,0,0,0,0,5000,0,0,0,5000,0,5000,5000
057074,立積永豐98購01  ,0,0,0,0,0,0,0,0,0,5000,0,0,0,5000,0,5000,5000
056984,嘉晶群益98購01  ,0,0,0,0,0,0,0,0,0,5000,0,0,0,5000,0,5000,5000
056942,昇陽半元富98購01,0,0,0,0,0,0,0,0,0,5000,0,0,0,5000,0,5000,5000
056953,智邦富邦98購02  ,0,0,0,0,0,0,0,0,0,5000,0,0,0,5000,0,5000,5000
054309,禾伸堂凱基98購01,0,0,0,0,0,0,0,0,0,5000,0,0,0,45000,40000,5000,5000
03010X,元展10          ,0,0,0,0,0,0,0,0,0,5000,0,0,0,5000,0,5000,5000
056234,GIS麥證97購01   ,0,0,0,5000,0,5000,0,0,0,5000,0,0,0,5000,0,5000,5000
056202,國揚永豐97購01  ,0,0,0,0,0,0,0,0,0,5000,0,0,0,5000,0,5000,5000
056333,台積電日盛9B購01,0,0,0,0,0,0,0,0,0,5000,0,0,0,151000,146000,5000,5000
056412,上証2X中信9A購02,0,0,0,0,0,0,0,0,0,5000,0,0,0,5000,0,5000,5000
055993,致茂國泰99購01  ,0,0,0,0,0,0,0,0,0,5000,0,0,0,5000,0,5000,5000
055975,鴻海統一98購05  ,0,0,0,0,0,0,0,0,0,5000,0,0,0,5000,0,5000,5000
056015,華通群益99購01  ,0,0,0,0,0,0,0,0,0,5000,0,0,0,5000,0,5000,5000
055034,建準富邦99購01  ,0,0,0,0,0,0,0,0,0,5000,0,0,0,8000,3000,5000,5000
056695,景碩群益99購01  ,0,0,0,0,0,0,0,0,0,5000,0,0,0,5000,0,5000,5000
058313,台積電富邦9B購04,0,0,0,0,0,0,0,0,0,5000,0,0,0,35000,30000,5000,5000
058439,玉晶光統一01購02,0,0,0,0,0,0,0,0,0,5000,0,0,0,5000,0,5000,5000
057198,智伸科統一9B購01,0,0,0,0,0,0,0,0,0,5000,0,0,0,5000,0,5000,5000
063328,京元電國票9C購02,0,0,0,0,0,0,0,0,0,5000,0,0,0,5000,0,5000,5000
059596,大立光元大99購20,0,0,0,0,0,0,0,0,0,5000,0,0,0,5000,0,5000,5000
059662,旭富元大9C購01  ,0,0,0,0,0,0,0,0,0,5000,0,0,0,38000,33000,5000,5000
059677,大立光台新99購01,0,0,0,0,0,0,0,0,0,5000,0,0,0,94000,89000,5000,5000
059681,華新科國泰9B購02,0,0,0,0,0,0,0,0,0,5000,0,0,0,29000,24000,5000,5000
060631,微星富邦9B購01  ,0,0,0,0,0,0,0,0,0,5000,0,0,0,5000,0,5000,5000
060633,玉晶光富邦02購01,0,0,0,0,0,0,0,0,0,5000,0,0,0,5000,0,5000,5000
060386,台勝科凱基9B購01,0,0,0,0,0,0,0,0,0,5000,0,0,0,68000,63000,5000,5000
060401,世紀鋼國票9B購01,0,0,0,0,0,0,0,0,0,5000,0,0,0,37000,32000,5000,5000
060881,玉山金中信02購01,0,0,0,0,0,0,0,0,0,5000,0,0,0,30000,25000,5000,5000
061569,旺宏元大9A購14  ,0,0,0,0,0,0,0,0,0,5000,0,0,0,75000,70000,5000,5000
061054,台積電群益9A購04,0,0,0,0,0,0,0,0,0,5000,0,0,0,5000,0,5000,5000
06242P,大立光元富9A售02,0,0,0,0,0,0,0,0,0,5000,0,0,0,5000,0,5000,5000
061607,台表科凱基9B購02,0,0,0,0,0,0,0,0,0,5000,0,0,0,5000,0,5000,5000
059498,滬深2X元富9C購06,0,0,0,0,0,0,0,0,0,5000,0,0,0,5000,0,5000,5000
059499,滬深2X元富9C購07,0,0,0,0,0,0,0,0,0,5000,0,0,0,5000,0,5000,5000
061458,臻鼎凱基9A購02  ,0,0,0,0,0,0,0,0,0,5000,0,0,0,15000,10000,5000,5000
061271,聯茂凱基9A購04  ,0,0,0,0,0,0,0,0,0,5000,0,0,0,5000,0,5000,5000
061283,智邦統一9A購01  ,0,0,0,0,0,0,0,0,0,5000,0,0,0,5000,0,5000,5000
060084,聯電元大99購02  ,0,0,0,0,0,0,0,0,0,5000,0,0,0,65000,60000,5000,5000
059882,臺股指凱基9C購06,0,0,0,0,0,0,0,0,0,5000,0,0,0,10000,5000,5000,5000
063007,儒鴻元大9B購01  ,0,0,0,0,0,0,0,0,0,5000,0,0,0,11000,6000,5000,5000
062853,大毅永豐9B購03  ,0,0,0,0,0,0,0,0,0,5000,0,0,0,5000,0,5000,5000
062021,康控永豐9B購01  ,0,0,0,0,0,0,0,0,0,5000,0,0,0,5000,0,5000,5000
062025,台達電群益9B購01,0,0,0,0,0,0,0,0,0,5000,0,0,0,5000,0,5000,5000
062181,義隆元大9B購03  ,0,0,0,0,0,0,0,0,0,5000,0,0,0,5000,0,5000,5000
061529,國巨台新9A購02  ,0,0,0,0,0,0,0,0,0,5000,0,0,0,20000,15000,5000,5000
061507,南電國票9A購05  ,0,0,0,0,0,0,0,0,0,5000,0,0,0,5000,0,5000,5000
061472,台積電元大9A購32,0,0,0,0,0,0,0,0,0,5000,0,0,0,5000,0,5000,5000
061497,大立光國票9A購09,0,0,0,0,0,0,0,0,0,5000,0,0,0,23000,18000,5000,5000
063093,國產國票9B購01  ,0,0,0,0,0,0,0,0,0,5000,0,0,0,24000,19000,5000,5000
061541,旺宏群益9A購03  ,0,0,0,0,0,0,0,0,0,5000,0,0,0,5000,0,5000,5000
061894,台積電永豐9B購01,0,0,0,0,0,0,0,0,0,5000,0,0,0,5000,0,5000,5000
061902,百和永豐9B購01  ,0,0,0,0,0,0,0,0,0,5000,0,0,0,5000,0,5000,5000
061869,智邦元大9B購01  ,0,0,0,0,0,0,0,0,0,5000,0,0,0,53000,48000,5000,5000
064886,燿華中信01購01  ,0,0,0,0,0,0,0,0,0,5000,0,0,0,25000,20000,5000,5000
065163,香港反元大03購01,0,0,0,0,0,0,0,0,0,5000,0,0,0,5000,0,5000,5000
065038,上銀凱基9C購02  ,0,0,0,0,0,0,0,0,0,5000,0,0,0,69000,64000,5000,5000
065487,臺股指元大9C購25,0,0,0,0,0,0,0,0,0,5000,0,0,0,15000,10000,5000,5000
06529P,貿聯富邦99售03  ,0,0,0,0,0,0,0,0,0,5000,0,0,0,5000,0,5000,5000
065248,聯發科麥證9C購03,0,0,0,5000,0,5000,0,0,0,5000,0,0,0,5000,0,5000,5000
06598P,奇力新永豐98售02,0,0,0,0,0,0,0,0,0,5000,0,0,0,5000,0,5000,5000
065896,智易統一02購01  ,0,0,0,0,0,0,0,0,0,5000,0,0,0,5000,0,5000,5000
065943,台表科元富01購01,0,0,0,0,0,0,0,0,0,5000,0,0,0,10000,5000,5000,5000
066366,信邦中信02購01  ,0,0,0,0,0,0,0,0,0,5000,0,0,0,34000,29000,5000,5000
066583,上証2X群益03購01,0,0,0,0,0,0,0,0,0,5000,0,0,0,17000,12000,5000,5000
3046,建碁            ,5000,0,5000,0,0,0,0,0,0,0,0,0,0,0,0,0,5000
3130,一零四          ,5000,0,5000,0,0,0,0,0,0,0,0,0,0,0,0,0,5000
2882B,國泰金乙特      ,0,0,0,0,0,0,0,0,0,5000,5000,0,5000,0,0,0,5000
2731,雄獅            ,66000,61000,5000,0,0,0,0,0,0,0,0,0,0,0,0,0,5000
2712,遠雄來          ,7000,2000,5000,0,0,0,0,0,0,0,0,0,0,0,0,0,5000
4557,永新-KY         ,5000,1000,4000,0,0,0,0,0,0,1000,1000,0,1000,0,0,0,5000
08936P,鴻海元大01售20  ,0,0,0,0,0,0,0,0,0,5000,0,0,0,112000,107000,5000,5000
1529,樂士            ,12000,7000,5000,0,0,0,0,0,0,0,0,0,0,0,0,0,5000
08728P,緯穎群益01售01  ,0,0,0,0,0,0,0,0,0,5000,0,0,0,15000,10000,5000,5000
08583P,鴻海群益01售05  ,0,0,0,0,0,0,0,0,0,5000,0,0,0,5000,0,5000,5000
08621P,景碩群益9C售01  ,0,0,0,0,0,0,0,0,0,5000,0,0,0,10000,5000,5000,5000
6281,全國電          ,17000,13000,4000,0,0,0,0,0,0,1000,1000,0,1000,0,0,0,5000
8482,商億-KY         ,8000,3000,5000,0,0,0,0,0,0,0,0,0,0,0,0,0,5000
064203,康控兆豐9C購02  ,0,0,0,0,0,0,0,0,0,4000,0,0,0,10000,6000,4000,4000
064135,復盛元大9C購01  ,0,0,0,0,0,0,0,0,0,4000,0,0,0,100000,96000,4000,4000
064129,新日興元大9C購02,0,0,0,0,0,0,0,0,0,4000,0,0,0,4000,0,4000,4000
07994P,臺股指群益9B售04,0,0,0,0,0,0,0,0,0,4000,0,0,0,4000,0,4000,4000
08049P,臺股指國票9B售14,0,0,0,0,0,0,0,0,0,4000,0,0,0,4000,0,4000,4000
07870P,鴻海群益9B售01  ,0,0,0,0,0,0,0,0,0,4000,0,0,0,4000,0,4000,4000
07768P,緯穎群益9A售02  ,0,0,0,0,0,0,0,0,0,4000,0,0,0,19000,15000,4000,4000
07123P,鴻海元大99售23  ,0,0,0,0,0,0,0,0,0,4000,0,0,0,4000,0,4000,4000
06794P,臺股指凱基98售04,0,0,0,0,0,0,0,0,0,4000,0,0,0,4000,0,4000,4000
066933,可成國票02購01  ,0,0,0,0,0,0,0,0,0,4000,0,0,0,39000,35000,4000,4000
057150,貿聯國票99購02  ,0,0,0,0,0,0,0,0,0,4000,0,0,0,4000,0,4000,4000
057136,立積凱基98購02  ,0,0,0,0,0,0,0,0,0,4000,0,0,0,4000,0,4000,4000
058329,S&P正2元富01購01,0,0,0,0,0,0,0,0,0,4000,0,0,0,4000,0,4000,4000
056592,台積電元富98購01,0,0,0,0,0,0,0,0,0,4000,0,0,0,4000,0,4000,4000
055106,台積電凱基98購05,0,0,0,0,0,0,0,0,0,4000,0,0,0,4000,0,4000,4000
055910,瑞昱凱基98購01  ,0,0,0,0,0,0,0,0,0,4000,0,0,0,14000,10000,4000,4000
056523,光寶科中信98購01,0,0,0,0,0,0,0,0,0,4000,0,0,0,4000,0,4000,4000
056375,玉晶光統一01購01,0,0,0,0,0,0,0,0,0,4000,0,0,0,34000,30000,4000,4000
052775,滬深2X國票99購02,0,0,0,0,0,0,0,0,0,4000,0,0,0,4000,0,4000,4000
054571,楠梓電元大99購01,0,0,0,0,0,0,0,0,0,4000,0,0,0,4000,0,4000,4000
053965,聯電元大98購04  ,0,0,0,0,0,0,0,0,0,4000,0,0,0,173000,169000,4000,4000
058932,FBVIX台新99購01 ,0,0,0,0,0,0,0,0,0,4000,0,0,0,4000,0,4000,4000
059159,上銀凱基99購05  ,0,0,0,0,0,0,0,0,0,4000,0,0,0,4000,0,4000,4000
059165,南亞科凱基99購04,0,0,0,0,0,0,0,0,0,4000,0,0,0,10000,6000,4000,4000
057363,華通元大99購02  ,0,0,0,0,0,0,0,0,0,4000,0,0,0,11000,7000,4000,4000
057388,奇鋐永豐98購02  ,0,0,0,0,0,0,0,0,0,4000,0,0,0,13000,9000,4000,4000
059146,貿聯國票9A購02  ,0,0,0,0,0,0,0,0,0,4000,0,0,0,4000,0,4000,4000
058979,上銀凱基99購04  ,0,0,0,0,0,0,0,0,0,4000,0,0,0,4000,0,4000,4000
058205,神達凱基9B購01  ,0,0,0,0,0,0,0,0,0,4000,0,0,0,4000,0,4000,4000
058246,帆宣元大99購01  ,0,0,0,0,0,0,0,0,0,4000,0,0,0,5000,1000,4000,4000
062841,臺股指群益9B購08,0,0,0,0,0,0,0,0,0,4000,0,0,0,5000,1000,4000,4000
062619,台表科元大9B購03,0,0,0,0,0,0,0,0,0,4000,0,0,0,4000,0,4000,4000
062652,上証2X永豐9B購01,0,0,0,0,0,0,0,0,0,4000,0,0,0,58000,54000,4000,4000
062302,聯詠中信05購02  ,0,0,0,0,0,0,0,0,0,4000,0,0,0,21000,17000,4000,4000
062503,玉晶光群益01購03,0,0,0,0,0,0,0,0,0,4000,0,0,0,4000,0,4000,4000
060280,元金2X元大9A購01,0,0,0,0,0,0,0,0,0,4000,0,0,0,4000,0,4000,4000
061152,微星群益9A購01  ,0,0,0,0,0,0,0,0,0,4000,0,0,0,4000,0,4000,4000
059797,大立光國票99購01,0,0,0,0,0,0,0,0,0,4000,0,0,0,50000,46000,4000,4000
059901,滬深2X元大9C購07,0,0,0,0,0,0,0,0,0,4000,0,0,0,4000,0,4000,4000
063065,聯發科麥證9C購01,0,0,0,4000,0,4000,0,0,0,4000,0,0,0,4000,0,4000,4000
06211P,鴻海元大98售04  ,0,0,0,0,0,0,0,0,0,4000,0,0,0,14000,10000,4000,4000
060006,華通群益9A購04  ,0,0,0,0,0,0,0,0,0,4000,0,0,0,4000,0,4000,4000
059494,國巨國票9C購01  ,0,0,0,0,0,0,0,0,0,4000,0,0,0,4000,0,4000,4000
060979,國巨元大9A購14  ,0,0,0,0,0,0,0,0,0,4000,0,0,0,29000,25000,4000,4000
060872,高股息中信02購01,0,0,0,0,0,0,0,0,0,4000,0,0,0,4000,0,4000,4000
061698,智邦國票9A購04  ,0,0,0,0,0,0,0,0,0,4000,0,0,0,4000,0,4000,4000
061703,信邦國票9A購01  ,0,0,0,0,0,0,0,0,0,4000,0,0,0,5000,1000,4000,4000
060777,茂林凱基9C購01  ,0,0,0,0,0,0,0,0,0,4000,0,0,0,6000,2000,4000,4000
061668,信邦中信9B購01  ,0,0,0,0,0,0,0,0,0,4000,0,0,0,4000,0,4000,4000
060344,聯發科統一01購01,0,0,0,0,0,0,0,0,0,4000,0,0,0,4000,0,4000,4000
063546,國巨兆豐9C購03  ,0,0,0,0,0,0,0,0,0,4000,0,0,0,5000,1000,4000,4000
066578,臺股指元大01購07,0,0,0,0,0,0,0,0,0,4000,0,0,0,4000,0,4000,4000
066581,臺股指元大01購10,0,0,0,0,0,0,0,0,0,4000,0,0,0,4000,0,4000,4000
066495,技嘉國泰03購01  ,0,0,0,0,0,0,0,0,0,4000,0,0,0,26000,22000,4000,4000
065249,聯發科麥證9C購04,0,0,0,4000,0,4000,0,0,0,4000,0,0,0,4000,0,4000,4000
065020,友達富邦01購02  ,0,0,0,0,0,0,0,0,0,4000,0,0,0,5000,1000,4000,4000
065070,臺股指群益9C購18,0,0,0,0,0,0,0,0,0,4000,0,0,0,11000,7000,4000,4000
065073,亞德客元大01購02,0,0,0,0,0,0,0,0,0,4000,0,0,0,10000,6000,4000,4000
064800,鴻海元大9C購12  ,0,0,0,0,0,0,0,0,0,4000,0,0,0,4000,0,4000,4000
8443,阿瘦            ,4000,0,4000,0,0,0,0,0,0,0,0,0,0,0,0,0,4000
6172,互億            ,5000,1000,4000,0,0,0,0,0,0,0,0,0,0,0,0,0,4000
08441P,同欣電元富9C售01,0,0,0,0,0,0,0,0,0,4000,0,0,0,54000,50000,4000,4000
08442P,臺股指麥證01售01,0,0,0,4000,0,4000,0,0,0,4000,0,0,0,4000,0,4000,4000
1101B,台泥乙特        ,1000,0,1000,0,0,0,0,0,0,3000,18000,15000,3000,0,0,0,4000
4807,日成-KY         ,4000,0,4000,0,0,0,0,0,0,0,0,0,0,0,0,0,4000
2429,銘旺科          ,4000,0,4000,0,0,0,0,0,0,0,0,0,0,0,0,0,4000
2236,百達-KY         ,4000,0,4000,0,0,0,0,0,0,0,0,0,0,0,0,0,4000
008201,BP上證50        ,0,0,0,0,0,0,0,0,0,3100,0,0,0,3100,0,3100,3100
066867,A50正2元富01購02,0,0,0,0,0,0,0,0,0,3000,0,0,0,3000,0,3000,3000
067140,鎧勝永豐01購02  ,0,0,0,0,0,0,0,0,0,3000,0,0,0,101000,98000,3000,3000
067009,樺漢永豐01購01  ,0,0,0,0,0,0,0,0,0,3000,0,0,0,72000,69000,3000,3000
063830,智伸科國票01購01,0,0,0,0,0,0,0,0,0,3000,0,0,0,3000,0,3000,3000
07744P,奇力新凱基9A售05,0,0,0,0,0,0,0,0,0,3000,0,0,0,3000,0,3000,3000
07871P,台積電群益9C售02,0,0,0,0,0,0,0,0,0,3000,0,0,0,3000,0,3000,3000
07541P,國巨凱基9A售12  ,0,0,0,0,0,0,0,0,0,3000,0,0,0,3000,0,3000,3000
064115,高股息元大9C購01,0,0,0,0,0,0,0,0,0,3000,0,0,0,12000,9000,3000,3000
064086,旺宏凱基9C購01  ,0,0,0,0,0,0,0,0,0,3000,0,0,0,3000,0,3000,3000
063951,新日興元大9C購01,0,0,0,0,0,0,0,0,0,3000,0,0,0,13000,10000,3000,3000
063974,南電國票01購01  ,0,0,0,0,0,0,0,0,0,3000,0,0,0,3000,0,3000,3000
07235P,T50正2元大9C售02,0,0,0,0,0,0,0,0,0,3000,0,0,0,16000,13000,3000,3000
07217P,大立光凱基9A售05,0,0,0,0,0,0,0,0,0,3000,0,0,0,3000,0,3000,3000
020002,元富新中國N     ,0,0,0,0,0,0,0,0,0,3000,0,0,0,3000,0,3000,3000
0055,元大MSCI金融    ,1000,1000,0,0,0,0,0,0,0,3000,0,0,0,6000,3000,3000,3000
053400,緯穎中信9A購01  ,0,0,0,0,0,0,0,0,0,3000,0,0,0,3000,0,3000,3000
048847,A50群益98購01   ,0,0,0,0,0,0,0,0,0,3000,0,0,0,3000,0,3000,3000
051597,T50反1中信99購02,0,0,0,0,0,0,0,0,0,3000,0,0,0,3000,0,3000,3000
054532,強茂國泰98購01  ,0,0,0,0,0,0,0,0,0,3000,0,0,0,5000,2000,3000,3000
056983,大立光群益99購02,0,0,0,0,0,0,0,0,0,3000,0,0,0,3000,0,3000,3000
057031,滬深反元大9B購02,0,0,0,0,0,0,0,0,0,3000,0,0,0,3000,0,3000,3000
056856,華通群益9A購01  ,0,0,0,0,0,0,0,0,0,3000,0,0,0,14000,11000,3000,3000
056513,臻鼎亞東99購01  ,0,0,0,0,0,0,0,0,0,3000,0,0,0,3000,0,3000,3000
056095,臻鼎元富9A購01  ,0,0,0,0,0,0,0,0,0,3000,0,0,0,29000,26000,3000,3000
058317,國巨永豐99購02  ,0,0,0,0,0,0,0,0,0,3000,0,0,0,6000,3000,3000,3000
062676,南六台新9B購01  ,0,0,0,0,0,0,0,0,0,3000,0,0,0,48000,45000,3000,3000
062890,祥碩群益9B購04  ,0,0,0,0,0,0,0,0,0,3000,0,0,0,3000,0,3000,3000
062724,可成凱基9B購04  ,0,0,0,0,0,0,0,0,0,3000,0,0,0,3000,0,3000,3000
062715,T50反1凱基03購01,0,0,0,0,0,0,0,0,0,3000,0,0,0,3000,0,3000,3000
058999,台積電元大99購24,0,0,0,0,0,0,0,0,0,3000,0,0,0,3000,0,3000,3000
059030,奇力新兆豐99購03,0,0,0,0,0,0,0,0,0,3000,0,0,0,3000,0,3000,3000
058200,世芯康和99購01  ,0,0,0,0,0,0,0,0,0,3000,0,0,0,3000,0,3000,3000
059151,臺股指國票99購14,0,0,0,0,0,0,0,0,0,3000,0,0,0,6000,3000,3000,3000
057377,康控元大99購02  ,0,0,0,0,0,0,0,0,0,3000,0,0,0,65000,62000,3000,3000
058700,鴻海元大99購15  ,0,0,0,0,0,0,0,0,0,3000,0,0,0,3000,0,3000,3000
057488,聯發科元大99購02,0,0,0,0,0,0,0,0,0,3000,0,0,0,3000,0,3000,3000
058718,台灣50元富03購01,0,0,0,0,0,0,0,0,0,3000,0,0,0,3000,0,3000,3000
057539,南茂元大98購02  ,0,0,0,0,0,0,0,0,0,3000,0,0,0,53000,50000,3000,3000
059281,創意永豐99購02  ,0,0,0,0,0,0,0,0,0,3000,0,0,0,3000,0,3000,3000
057787,TPK國票99購01   ,0,0,0,0,0,0,0,0,0,3000,0,0,0,3000,0,3000,3000
057842,緯穎富邦99購02  ,0,0,0,0,0,0,0,0,0,3000,0,0,0,3000,0,3000,3000
063511,南電群益9B購02  ,0,0,0,0,0,0,0,0,0,3000,0,0,0,3000,0,3000,3000
059680,台積電國泰9A購03,0,0,0,0,0,0,0,0,0,3000,0,0,0,3000,0,3000,3000
063192,技嘉台新9B購01  ,0,0,0,0,0,0,0,0,0,3000,0,0,0,3000,0,3000,3000
060350,元黃金元富9B購01,0,0,0,0,0,0,0,0,0,3000,0,0,0,3000,0,3000,3000
060712,建準永豐9A購01  ,0,0,0,0,0,0,0,0,0,3000,0,0,0,161000,158000,3000,3000
060836,上銀國票9A購03  ,0,0,0,0,0,0,0,0,0,3000,0,0,0,3000,0,3000,3000
060063,可成兆豐9B購01  ,0,0,0,0,0,0,0,0,0,3000,0,0,0,3000,0,3000,3000
062125,嘉晶統一9B購01  ,0,0,0,0,0,0,0,0,0,3000,0,0,0,3000,0,3000,3000
062142,喬山國票9B購01  ,0,0,0,0,0,0,0,0,0,3000,0,0,0,18000,15000,3000,3000
059905,A50正2元大9C購06,0,0,0,0,0,0,0,0,0,3000,0,0,0,4000,1000,3000,3000
062050,亞德客統一9C購01,0,0,0,0,0,0,0,0,0,3000,0,0,0,99000,96000,3000,3000
059973,A50正2元大99購02,0,0,0,0,0,0,0,0,0,3000,0,0,0,3000,0,3000,3000
061194,聯鈞永豐9A購02  ,0,0,0,0,0,0,0,0,0,3000,0,0,0,3000,0,3000,3000
059782,A50正2元大9C購04,0,0,0,0,0,0,0,0,0,3000,0,0,0,3000,0,3000,3000
061113,南電元大9A購03  ,0,0,0,0,0,0,0,0,0,3000,0,0,0,3000,0,3000,3000
061187,瀚宇博國泰9C購01,0,0,0,0,0,0,0,0,0,3000,0,0,0,3000,0,3000,3000
062209,台積電台新9B購05,0,0,0,0,0,0,0,0,0,3000,0,0,0,3000,0,3000,3000
061381,台灣50群益9B購07,0,0,0,0,0,0,0,0,0,3000,0,0,0,3000,0,3000,3000
063089,巨大凱基9C購01  ,0,0,0,0,0,0,0,0,0,3000,0,0,0,3000,0,3000,3000
061468,神達群益9A購01  ,0,0,0,0,0,0,0,0,0,3000,0,0,0,3000,0,3000,3000
061546,大立光群益9A購05,0,0,0,0,0,0,0,0,0,3000,0,0,0,17000,14000,3000,3000
061758,T50反1元大9B購02,0,0,0,0,0,0,0,0,0,3000,0,0,0,3000,0,3000,3000
06458P,玉晶光統一9A售02,0,0,0,0,0,0,0,0,0,3000,0,0,0,3000,0,3000,3000
063769,玉晶光國泰02購01,0,0,0,0,0,0,0,0,0,3000,0,0,0,3000,0,3000,3000
063726,鴻海元大9B購04  ,0,0,0,0,0,0,0,0,0,3000,0,0,0,18000,15000,3000,3000
06505P,康控國票99售02  ,0,0,0,0,0,0,0,0,0,3000,0,0,0,10000,7000,3000,3000
064945,中橡凱基9C購01  ,0,0,0,0,0,0,0,0,0,3000,0,0,0,3000,0,3000,3000
065259,燿華元大9C購05  ,0,0,0,0,0,0,0,0,0,3000,0,0,0,77000,74000,3000,3000
066202,大立光統一02購07,0,0,0,0,0,0,0,0,0,3000,0,0,0,35000,32000,3000,3000
066244,臺指反元大04購01,0,0,0,0,0,0,0,0,0,3000,0,0,0,3000,0,3000,3000
065873,信邦群益02購01  ,0,0,0,0,0,0,0,0,0,3000,0,0,0,8000,5000,3000,3000
06602P,國巨統一99售02  ,0,0,0,0,0,0,0,0,0,3000,0,0,0,3000,0,3000,3000
066097,英業達中信02購01,0,0,0,0,0,0,0,0,0,3000,0,0,0,33000,30000,3000,3000
065699,南亞科群益9C購02,0,0,0,0,0,0,0,0,0,3000,0,0,0,19000,16000,3000,3000
065631,台積電國票9C購10,0,0,0,0,0,0,0,0,0,3000,0,0,0,3000,0,3000,3000
065598,微星元大01購02  ,0,0,0,0,0,0,0,0,0,3000,0,0,0,16000,13000,3000,3000
065511,台積電群益01購02,0,0,0,0,0,0,0,0,0,3000,0,0,0,3000,0,3000,3000
1776,展宇            ,3000,0,3000,0,0,0,0,0,0,0,0,0,0,0,0,0,3000
2546,根基            ,78000,80000,-2000,0,0,0,0,0,0,5000,5000,0,5000,0,0,0,3000
4571,鈞興-KY         ,3000,0,3000,0,0,0,0,0,0,0,0,0,0,0,0,0,3000
4737,華廣            ,23000,19000,4000,0,0,0,0,0,0,-1000,0,1000,-1000,0,0,0,3000
08833P,緯穎群益01售03  ,0,0,0,0,0,0,0,0,0,3000,0,0,0,37000,34000,3000,3000
1104,環泥            ,175000,173000,2000,0,0,0,0,0,0,1000,1000,0,1000,0,0,0,3000
08548P,台勝科凱基9C售03,0,0,0,0,0,0,0,0,0,3000,0,0,0,3000,0,3000,3000
08635P,大成鋼國票01售01,0,0,0,0,0,0,0,0,0,3000,0,0,0,15000,12000,3000,3000
08696P,臺股指群益01售01,0,0,0,0,0,0,0,0,0,3000,0,0,0,3000,0,3000,3000
6431,光麗-KY         ,3000,0,3000,0,0,0,0,0,0,0,0,0,0,0,0,0,3000
8481,政伸            ,3000,0,3000,0,0,0,0,0,0,0,0,0,0,0,0,0,3000
8940,新天地          ,7000,4000,3000,0,0,0,0,0,0,0,0,0,0,0,0,0,3000
9912,偉聯            ,3000,0,3000,0,0,0,0,0,0,0,0,0,0,0,0,0,3000
8454,富邦媒          ,208000,209859,-1859,0,0,0,0,1000,-1000,5000,5000,0,5000,0,0,0,2141
063428,矽創凱基9B購02  ,0,0,0,0,0,0,0,0,0,2000,0,0,0,22000,20000,2000,2000
064182,臻鼎富邦01購01  ,0,0,0,0,0,0,0,0,0,2000,0,0,0,2000,0,2000,2000
064082,緯創中信06購01  ,0,0,0,0,0,0,0,0,0,2000,0,0,0,37000,35000,2000,2000
064085,儒鴻凱基9C購02  ,0,0,0,0,0,0,0,0,0,2000,0,0,0,32000,30000,2000,2000
064152,義隆統一02購02  ,0,0,0,0,0,0,0,0,0,2000,0,0,0,2000,0,2000,2000
07518P,臺股指元大9B售09,0,0,0,0,0,0,0,0,0,2000,0,0,0,2000,0,2000,2000
07910P,台積電統一9C售07,0,0,0,0,0,0,0,0,0,2000,0,0,0,2000,0,2000,2000
07806P,健策永豐9A售02  ,0,0,0,0,0,0,0,0,0,2000,0,0,0,2000,0,2000,2000
07986P,大成鋼統一9B售02,0,0,0,0,0,0,0,0,0,2000,0,0,0,62000,60000,2000,2000
08061P,大毅國票9B售04  ,0,0,0,0,0,0,0,0,0,2000,0,0,0,2000,0,2000,2000
08165P,台表科永豐9B售02,0,0,0,0,0,0,0,0,0,2000,0,0,0,2000,0,2000,2000
08203P,同欣電永豐9B售04,0,0,0,0,0,0,0,0,0,2000,0,0,0,2000,0,2000,2000
063831,帆宣國票01購01  ,0,0,0,0,0,0,0,0,0,2000,0,0,0,38000,36000,2000,2000
063815,玉晶光群益02購01,0,0,0,0,0,0,0,0,0,2000,0,0,0,2000,0,2000,2000
06859P,元金2X中信9C售01,0,0,0,0,0,0,0,0,0,2000,0,0,0,2000,0,2000,2000
06838P,台積電統一99售05,0,0,0,0,0,0,0,0,0,2000,0,0,0,2000,0,2000,2000
067126,康控富邦03購02  ,0,0,0,0,0,0,0,0,0,2000,0,0,0,2000,0,2000,2000
057685,台灣50凱基9C購01,0,0,0,0,0,0,0,0,0,2000,0,0,0,2000,0,2000,2000
057778,大立光群益98購02,0,0,0,0,0,0,0,0,0,2000,0,0,0,72000,70000,2000,2000
059286,S&P正2元富01購03,0,0,0,0,0,0,0,0,0,2000,0,0,0,2000,0,2000,2000
059176,臺股指凱基99購27,0,0,0,0,0,0,0,0,0,2000,0,0,0,3000,1000,2000,2000
058882,晶相光永豐99購01,0,0,0,0,0,0,0,0,0,2000,0,0,0,10000,8000,2000,2000
058847,國巨群益99購05  ,0,0,0,0,0,0,0,0,0,2000,0,0,0,2000,0,2000,2000
058757,道瓊銀群益9A購02,0,0,0,0,0,0,0,0,0,2000,0,0,0,2000,0,2000,2000
058758,台積電群益99購05,0,0,0,0,0,0,0,0,0,2000,0,0,0,3000,1000,2000,2000
057467,祥碩永豐98購04  ,0,0,0,0,0,0,0,0,0,2000,0,0,0,2000,0,2000,2000
057425,臺股指凱基9C購02,0,0,0,0,0,0,0,0,0,2000,0,0,0,2000,0,2000,2000
057887,智原群益98購04  ,0,0,0,0,0,0,0,0,0,2000,0,0,0,20000,18000,2000,2000
059082,華通元大99購06  ,0,0,0,0,0,0,0,0,0,2000,0,0,0,9000,7000,2000,2000
059138,台積電兆豐99購04,0,0,0,0,0,0,0,0,0,2000,0,0,0,2000,0,2000,2000
059039,致伸群益99購01  ,0,0,0,0,0,0,0,0,0,2000,0,0,0,2000,0,2000,2000
058207,南茂凱基99購01  ,0,0,0,0,0,0,0,0,0,2000,0,0,0,34000,32000,2000,2000
062918,祥碩元大9C購02  ,0,0,0,0,0,0,0,0,0,2000,0,0,0,2000,0,2000,2000
062666,和碩群益9B購01  ,0,0,0,0,0,0,0,0,0,2000,0,0,0,2000,0,2000,2000
058340,高股息群益99購01,0,0,0,0,0,0,0,0,0,2000,0,0,0,2000,0,2000,2000
056825,深中小富邦9B購01,0,0,0,0,0,0,0,0,0,2000,0,0,0,2000,0,2000,2000
056586,光罩統一98購02  ,0,0,0,0,0,0,0,0,0,2000,0,0,0,2000,0,2000,2000
056686,可成統一98購01  ,0,0,0,0,0,0,0,0,0,2000,0,0,0,2000,0,2000,2000
056721,台灣50永昌9A購01,0,0,0,0,0,0,0,0,0,2000,0,0,0,4000,2000,2000,2000
056723,國巨中信9A購01  ,0,0,0,0,0,0,0,0,0,2000,0,0,0,2000,0,2000,2000
056745,聯茂凱基99購03  ,0,0,0,0,0,0,0,0,0,2000,0,0,0,2000,0,2000,2000
058370,聯詠凱基99購01  ,0,0,0,0,0,0,0,0,0,2000,0,0,0,2000,0,2000,2000
058473,上銀凱基9A購03  ,0,0,0,0,0,0,0,0,0,2000,0,0,0,2000,0,2000,2000
057223,富邦金日盛99購01,0,0,0,0,0,0,0,0,0,2000,0,0,0,2000,0,2000,2000
05721P,全新群益98售02  ,0,0,0,0,0,0,0,0,0,2000,0,0,0,2000,0,2000,2000
056398,南茂永豐98購01  ,0,0,0,0,0,0,0,0,0,2000,0,0,0,2000,0,2000,2000
056376,玉晶光統一98購01,0,0,0,0,0,0,0,0,0,2000,0,0,0,2000,0,2000,2000
056242,緯創群益9A購01  ,0,0,0,0,0,0,0,0,0,2000,0,0,0,2000,0,2000,2000
056852,矽格元富98購01  ,0,0,0,0,0,0,0,0,0,2000,0,0,0,2000,0,2000,2000
056926,日月光兆豐98購01,0,0,0,0,0,0,0,0,0,2000,0,0,0,2000,0,2000,2000
053153,大立光元大99購02,0,0,0,0,0,0,0,0,0,2000,0,0,0,2000,0,2000,2000
054965,健策元大98購04  ,0,0,0,0,0,0,0,0,0,2000,0,0,0,2000,0,2000,2000
03810P,大立光富邦98售01,0,0,0,0,0,0,0,0,0,2000,0,0,0,2000,0,2000,2000
052417,聯發科兆豐9B購01,0,0,0,0,0,0,0,0,0,2000,0,0,0,2000,0,2000,2000
052130,國巨凱基9B購01  ,0,0,0,0,0,0,0,0,0,2000,0,0,0,2000,0,2000,2000
053770,元金2X元大98購01,0,0,0,0,0,0,0,0,0,2000,0,0,0,2000,0,2000,2000
006204,永豐臺灣加權    ,0,0,0,0,0,0,0,0,0,2000,0,0,0,13000,11000,2000,2000
00691R,兆豐藍籌30反1   ,0,0,0,0,0,0,0,0,0,2000,0,0,0,2000,0,2000,2000
020004,兆豐電菁英30N   ,0,0,0,0,0,0,0,0,0,2000,0,0,0,2000,0,2000,2000
062256,聯發科元大9B購08,0,0,0,0,0,0,0,0,0,2000,0,0,0,2000,0,2000,2000
062361,智邦元大9B購06  ,0,0,0,0,0,0,0,0,0,2000,0,0,0,65000,63000,2000,2000
060300,佐登國泰9B購01  ,0,0,0,0,0,0,0,0,0,2000,0,0,0,2000,0,2000,2000
062192,南六元大9B購01  ,0,0,0,0,0,0,0,0,0,2000,0,0,0,67000,65000,2000,2000
061406,華通國票9A購06  ,0,0,0,0,0,0,0,0,0,2000,0,0,0,2000,0,2000,2000
061176,聯發科凱基9A購14,0,0,0,0,0,0,0,0,0,2000,0,0,0,2000,0,2000,2000
059838,茂林國泰9B購01  ,0,0,0,0,0,0,0,0,0,2000,0,0,0,2000,0,2000,2000
062947,國巨富邦01購01  ,0,0,0,0,0,0,0,0,0,2000,0,0,0,27000,25000,2000,2000
062955,立積永豐9B購02  ,0,0,0,0,0,0,0,0,0,2000,0,0,0,2000,0,2000,2000
059959,訊芯康和99購01  ,0,0,0,0,0,0,0,0,0,2000,0,0,0,2000,0,2000,2000
063003,滬深2X元大9B購06,0,0,0,0,0,0,0,0,0,2000,0,0,0,5000,3000,2000,2000
061282,台積電統一9C購06,0,0,0,0,0,0,0,0,0,2000,0,0,0,5000,3000,2000,2000
063014,技嘉元大9B購03  ,0,0,0,0,0,0,0,0,0,2000,0,0,0,2000,0,2000,2000
060185,聯發科元富04購01,0,0,0,0,0,0,0,0,0,2000,0,0,0,2000,0,2000,2000
061324,華新科凱基9C購01,0,0,0,0,0,0,0,0,0,2000,0,0,0,2000,0,2000,2000
061337,台積電元大9A購27,0,0,0,0,0,0,0,0,0,2000,0,0,0,2000,0,2000,2000
060826,牧德元大9B購02  ,0,0,0,0,0,0,0,0,0,2000,0,0,0,6000,4000,2000,2000
060339,國巨統一01購01  ,0,0,0,0,0,0,0,0,0,2000,0,0,0,2000,0,2000,2000
061088,國巨統一9C購05  ,0,0,0,0,0,0,0,0,0,2000,0,0,0,2000,0,2000,2000
059528,華新科凱基99購06,0,0,0,0,0,0,0,0,0,2000,0,0,0,25000,23000,2000,2000
059360,全新永豐99購02  ,0,0,0,0,0,0,0,0,0,2000,0,0,0,2000,0,2000,2000
059334,A50正2國票9A購02,0,0,0,0,0,0,0,0,0,2000,0,0,0,43000,41000,2000,2000
059335,台灣50凱基03購02,0,0,0,0,0,0,0,0,0,2000,0,0,0,2000,0,2000,2000
062438,台光電元大9B購04,0,0,0,0,0,0,0,0,0,2000,0,0,0,206000,204000,2000,2000
063424,新日興凱基01購01,0,0,0,0,0,0,0,0,0,2000,0,0,0,2000,0,2000,2000
060433,億豐永豐9A購01  ,0,0,0,0,0,0,0,0,0,2000,0,0,0,2000,0,2000,2000
060514,南電元大9A購02  ,0,0,0,0,0,0,0,0,0,2000,0,0,0,2000,0,2000,2000
060485,華新科富邦9C購04,0,0,0,0,0,0,0,0,0,2000,0,0,0,2000,0,2000,2000
06352P,臺股指富邦99售02,0,0,0,0,0,0,0,0,0,2000,0,0,0,2000,0,2000,2000
060616,宏碁元大9A購02  ,0,0,0,0,0,0,0,0,0,2000,0,0,0,2000,0,2000,2000
065630,台積電國票9C購09,0,0,0,0,0,0,0,0,0,2000,0,0,0,2000,0,2000,2000
065946,鴻海統一03購03  ,0,0,0,0,0,0,0,0,0,2000,0,0,0,3000,1000,2000,2000
065947,國巨統一02購03  ,0,0,0,0,0,0,0,0,0,2000,0,0,0,2000,0,2000,2000
064855,聯發科國泰02購01,0,0,0,0,0,0,0,0,0,2000,0,0,0,2000,0,2000,2000
065153,金像電群益9C購03,0,0,0,0,0,0,0,0,0,2000,0,0,0,4000,2000,2000,2000
065148,滬深2X群益02購02,0,0,0,0,0,0,0,0,0,2000,0,0,0,2000,0,2000,2000
065151,國巨群益9C購13  ,0,0,0,0,0,0,0,0,0,2000,0,0,0,2000,0,2000,2000
063707,儒鴻凱基9C購01  ,0,0,0,0,0,0,0,0,0,2000,0,0,0,52000,50000,2000,2000
063700,台積電群益9B購09,0,0,0,0,0,0,0,0,0,2000,0,0,0,2000,0,2000,2000
063768,華新科國泰9C購03,0,0,0,0,0,0,0,0,0,2000,0,0,0,2000,0,2000,2000
064329,國巨元大01購03  ,0,0,0,0,0,0,0,0,0,2000,0,0,0,2000,0,2000,2000
064494,南亞科元大9C購02,0,0,0,0,0,0,0,0,0,2000,0,0,0,13000,11000,2000,2000
064475,台積電國泰02購03,0,0,0,0,0,0,0,0,0,2000,0,0,0,23000,21000,2000,2000
064405,美食凱基01購02  ,0,0,0,0,0,0,0,0,0,2000,0,0,0,2000,0,2000,2000
064597,鴻海元富9C購03  ,0,0,0,0,0,0,0,0,0,2000,0,0,0,507000,505000,2000,2000
064557,鴻海群益9C購04  ,0,0,0,0,0,0,0,0,0,2000,0,0,0,2000,0,2000,2000
064569,群創群益9C購01  ,0,0,0,0,0,0,0,0,0,2000,0,0,0,217000,215000,2000,2000
064606,南電元富9C購03  ,0,0,0,0,0,0,0,0,0,2000,0,0,0,2000,0,2000,2000
064592,同欣電永豐9C購01,0,0,0,0,0,0,0,0,0,2000,0,0,0,2000,0,2000,2000
064694,玉晶光群益02購02,0,0,0,0,0,0,0,0,0,2000,0,0,0,2000,0,2000,2000
8467,波力-KY         ,3000,1000,2000,0,0,0,0,0,0,0,0,0,0,0,0,0,2000
6666,羅麗芬-KY       ,3000,1000,2000,0,0,0,0,0,0,0,0,0,0,0,0,0,2000
6131,鈞泰            ,1000,0,1000,0,0,0,0,0,0,1000,1000,0,1000,0,0,0,2000
08530P,鴻海統一9C售19  ,0,0,0,0,0,0,0,0,0,2000,0,0,0,58000,56000,2000,2000
1341,富林-KY         ,3000,1000,2000,0,0,0,0,0,0,0,0,0,0,0,0,0,2000
4439,冠星-KY         ,3000,1000,2000,0,0,0,0,0,0,0,0,0,0,0,0,0,2000
2891B,中信金乙特      ,0,0,0,0,0,0,0,0,0,2000,2000,0,2000,0,0,0,2000
2891C,中信金丙特      ,0,0,0,0,0,0,0,0,0,2000,2000,0,2000,0,0,0,2000
3062,建漢            ,153000,165000,-12000,0,0,0,0,0,0,14000,15000,1000,14000,0,0,0,2000
00636K,國泰中國A50+U   ,0,0,0,0,0,0,0,0,0,1300,0,0,0,1400,100,1300,1300
066899,義隆康和01購01  ,0,0,0,0,0,0,0,0,0,1000,0,0,0,107000,106000,1000,1000
066767,敦泰永豐01購02  ,0,0,0,0,0,0,0,0,0,1000,0,0,0,43000,42000,1000,1000
066813,亞德客兆豐01購01,0,0,0,0,0,0,0,0,0,1000,0,0,0,1000,0,1000,1000
06827P,臺股指國票98售03,0,0,0,0,0,0,0,0,0,1000,0,0,0,11000,10000,1000,1000
06778P,台積電元大99售06,0,0,0,0,0,0,0,0,0,1000,0,0,0,1000,0,1000,1000
06925P,致茂群益9A售02  ,0,0,0,0,0,0,0,0,0,1000,0,0,0,21000,20000,1000,1000
07183P,臺股指凱基99售25,0,0,0,0,0,0,0,0,0,1000,0,0,0,1000,0,1000,1000
07129P,華新科元大99售14,0,0,0,0,0,0,0,0,0,1000,0,0,0,1000,0,1000,1000
08192P,大毅國票9B售05  ,0,0,0,0,0,0,0,0,0,1000,0,0,0,1000,0,1000,1000
08069P,大立光國泰01售02,0,0,0,0,0,0,0,0,0,1000,0,0,0,1000,0,1000,1000
07544P,大立光凱基9A售09,0,0,0,0,0,0,0,0,0,1000,0,0,0,1000,0,1000,1000
07634P,金像電元大9A售01,0,0,0,0,0,0,0,0,0,1000,0,0,0,11000,10000,1000,1000
064140,台達電統一01購01,0,0,0,0,0,0,0,0,0,1000,0,0,0,1000,0,1000,1000
064146,瑞昱統一01購03  ,0,0,0,0,0,0,0,0,0,1000,0,0,0,1000,0,1000,1000
06411P,晶相光永豐97售03,0,0,0,0,0,0,0,0,0,1000,0,0,0,1000,0,1000,1000
06406P,可成元富97售04  ,0,0,0,0,0,0,0,0,0,1000,0,0,0,1000,0,1000,1000
063912,信邦凱基01購01  ,0,0,0,0,0,0,0,0,0,1000,0,0,0,1000,0,1000,1000
064204,瑞儀兆豐01購01  ,0,0,0,0,0,0,0,0,0,1000,0,0,0,376000,375000,1000,1000
0057,富邦摩台        ,0,0,0,0,0,0,0,0,0,1000,0,0,0,21000,20000,1000,1000
00685L,群益臺灣加權正2 ,0,0,0,0,0,0,0,0,0,1000,0,0,0,63000,62000,1000,1000
00657,國泰日經225     ,0,0,0,0,0,0,0,0,0,1000,0,0,0,103000,102000,1000,1000
00706L,元大S&P日圓正2  ,0,0,0,0,0,0,0,0,0,1000,0,0,0,1000,0,1000,1000
053979,健策元大98購01  ,0,0,0,0,0,0,0,0,0,1000,0,0,0,1000,0,1000,1000
051970,元黃金凱基98購01,0,0,0,0,0,0,0,0,0,1000,0,0,0,2000,1000,1000,1000
035275,台積電台新97購01,0,0,0,0,0,0,0,0,0,1000,0,0,0,1000,0,1000,1000
03676C,臺股指元大04牛03,0,0,0,0,0,0,0,0,0,1000,0,0,0,1000,0,1000,1000
03679C,臺股指元大04牛04,0,0,0,0,0,0,0,0,0,1000,0,0,0,1000,0,1000,1000
054966,貿聯元大98購02  ,0,0,0,0,0,0,0,0,0,1000,0,0,0,1000,0,1000,1000
054768,泰碩國票99購02  ,0,0,0,0,0,0,0,0,0,1000,0,0,0,1000,0,1000,1000
054628,可成凱基98購01  ,0,0,0,0,0,0,0,0,0,1000,0,0,0,1000,0,1000,1000
054679,台積電康和99購01,0,0,0,0,0,0,0,0,0,1000,0,0,0,11000,10000,1000,1000
057041,國巨元大99購04  ,0,0,0,0,0,0,0,0,0,1000,0,0,0,71000,70000,1000,1000
056976,喬山群益98購01  ,0,0,0,0,0,0,0,0,0,1000,0,0,0,1000,0,1000,1000
053163,上証2X群益9A購02,0,0,0,0,0,0,0,0,0,1000,0,0,0,1000,0,1000,1000
053027,玉晶光富邦98購01,0,0,0,0,0,0,0,0,0,1000,0,0,0,1000,0,1000,1000
053058,台光電永昌99購01,0,0,0,0,0,0,0,0,0,1000,0,0,0,1000,0,1000,1000
053063,力山群益98購01  ,0,0,0,0,0,0,0,0,0,1000,0,0,0,1000,0,1000,1000
054223,大立光統一98購04,0,0,0,0,0,0,0,0,0,1000,0,0,0,1000,0,1000,1000
056922,全新兆豐99購01  ,0,0,0,0,0,0,0,0,0,1000,0,0,0,1000,0,1000,1000
03005X,元展05          ,0,0,0,0,0,0,0,0,0,1000,0,0,0,1000,0,1000,1000
02001L,富邦蘋果正二N   ,0,0,0,0,0,0,0,0,0,1000,0,0,0,2000,1000,1000,1000
056332,台郡國票99購01  ,0,0,0,0,0,0,0,0,0,1000,0,0,0,1000,0,1000,1000
056385,創意國泰99購01  ,0,0,0,0,0,0,0,0,0,1000,0,0,0,1000,0,1000,1000
055820,矽力國票98購02  ,0,0,0,0,0,0,0,0,0,1000,0,0,0,1000,0,1000,1000
055006,晶相光元富9A購01,0,0,0,0,0,0,0,0,0,1000,0,0,0,1000,0,1000,1000
055420,欣興永豐98購01  ,0,0,0,0,0,0,0,0,0,1000,0,0,0,1000,0,1000,1000
057207,立積元富98購02  ,0,0,0,0,0,0,0,0,0,1000,0,0,0,1000,0,1000,1000
057612,瑞昱元富02購01  ,0,0,0,0,0,0,0,0,0,1000,0,0,0,1000,0,1000,1000
058496,文曄群益99購01  ,0,0,0,0,0,0,0,0,0,1000,0,0,0,6000,5000,1000,1000
058470,台灣50日盛9B購02,0,0,0,0,0,0,0,0,0,1000,0,0,0,51000,50000,1000,1000
058471,台積電日盛9C購01,0,0,0,0,0,0,0,0,0,1000,0,0,0,1000,0,1000,1000
058432,台積電統一9B購03,0,0,0,0,0,0,0,0,0,1000,0,0,0,1000,0,1000,1000
058462,台積電兆豐99購01,0,0,0,0,0,0,0,0,0,1000,0,0,0,2057000,2056000,1000,1000
056742,玉晶光凱基9A購01,0,0,0,0,0,0,0,0,0,1000,0,0,0,1000,0,1000,1000
058324,嘉聯益永豐9A購01,0,0,0,0,0,0,0,0,0,1000,0,0,0,12000,11000,1000,1000
062690,華擎統一9B購01  ,0,0,0,0,0,0,0,0,0,1000,0,0,0,1000,0,1000,1000
062620,台表科元大9B購04,0,0,0,0,0,0,0,0,0,1000,0,0,0,1000,0,1000,1000
062562,瑞儀凱基9B購02  ,0,0,0,0,0,0,0,0,0,1000,0,0,0,16000,15000,1000,1000
062881,緯創兆豐9C購01  ,0,0,0,0,0,0,0,0,0,1000,0,0,0,1000,0,1000,1000
058230,國巨元大99購11  ,0,0,0,0,0,0,0,0,0,1000,0,0,0,1000,0,1000,1000
058235,大立光元大99購08,0,0,0,0,0,0,0,0,0,1000,0,0,0,1000,0,1000,1000
058963,華新科兆豐99購05,0,0,0,0,0,0,0,0,0,1000,0,0,0,1000,0,1000,1000
058256,臺股指元大9A購20,0,0,0,0,0,0,0,0,0,1000,0,0,0,1000,0,1000,1000
058975,台灣50凱基01購02,0,0,0,0,0,0,0,0,0,1000,0,0,0,1000,0,1000,1000
058160,奇鋐元富99購01  ,0,0,0,0,0,0,0,0,0,1000,0,0,0,1000,0,1000,1000
058093,神達元大9A購01  ,0,0,0,0,0,0,0,0,0,1000,0,0,0,1000,0,1000,1000
057940,和大國票99購01  ,0,0,0,0,0,0,0,0,0,1000,0,0,0,2000,1000,1000,1000
058020,大立光凱基99購03,0,0,0,0,0,0,0,0,0,1000,0,0,0,1000,0,1000,1000
058029,台灣50永豐9A購01,0,0,0,0,0,0,0,0,0,1000,0,0,0,1000,0,1000,1000
058037,台灣50元大9B購02,0,0,0,0,0,0,0,0,0,1000,0,0,0,1000,0,1000,1000
058004,大立光群益98購03,0,0,0,0,0,0,0,0,0,1000,0,0,0,11000,10000,1000,1000
057500,神達群益98購01  ,0,0,0,0,0,0,0,0,0,1000,0,0,0,1000,0,1000,1000
058738,FBVIX中信03購04 ,0,0,0,0,0,0,0,0,0,1000,0,0,0,1000,0,1000,1000
057559,可成兆豐99購02  ,0,0,0,0,0,0,0,0,0,1000,0,0,0,1000,0,1000,1000
057364,國巨元大98購18  ,0,0,0,0,0,0,0,0,0,1000,0,0,0,1000,0,1000,1000
057346,鴻海統一98購13  ,0,0,0,0,0,0,0,0,0,1000,0,0,0,1000,0,1000,1000
057396,健鼎中信99購01  ,0,0,0,0,0,0,0,0,0,1000,0,0,0,1000,0,1000,1000
057398,台郡中信99購01  ,0,0,0,0,0,0,0,0,0,1000,0,0,0,1000,0,1000,1000
058574,台積電群益99購03,0,0,0,0,0,0,0,0,0,1000,0,0,0,3000,2000,1000,1000
058640,台灣50麥證9A購01,0,0,0,1000,20000,-19000,0,0,0,1000,0,0,0,21000,20000,1000,1000
058614,台郡元大9A購01  ,0,0,0,0,0,0,0,0,0,1000,0,0,0,1000,0,1000,1000
058774,台郡兆豐9A購01  ,0,0,0,0,0,0,0,0,0,1000,0,0,0,1000,0,1000,1000
058854,樺漢群益9B購01  ,0,0,0,0,0,0,0,0,0,1000,0,0,0,6000,5000,1000,1000
058927,勤誠元富99購02  ,0,0,0,0,0,0,0,0,0,1000,0,0,0,1000,0,1000,1000
059173,矽力凱基99購01  ,0,0,0,0,0,0,0,0,0,1000,0,0,0,1000,0,1000,1000
059282,嘉聯益永豐99購01,0,0,0,0,0,0,0,0,0,1000,0,0,0,83000,82000,1000,1000
059265,美律中信01購01  ,0,0,0,0,0,0,0,0,0,1000,0,0,0,51000,50000,1000,1000
057751,神達國票99購02  ,0,0,0,0,0,0,0,0,0,1000,0,0,0,1000,0,1000,1000
059274,國巨元大99購22  ,0,0,0,0,0,0,0,0,0,1000,0,0,0,1000,0,1000,1000
059232,台灣50凱基03購01,0,0,0,0,0,0,0,0,0,1000,0,0,0,1000,0,1000,1000
057809,英業達元大98購01,0,0,0,0,0,0,0,0,0,1000,0,0,0,1000,0,1000,1000
057802,卜蜂元大98購01  ,0,0,0,0,0,0,0,0,0,1000,0,0,0,1000,0,1000,1000
057832,聯發科元富02購05,0,0,0,0,0,0,0,0,0,1000,0,0,0,1000,0,1000,1000
057707,臺股指群益98購07,0,0,0,0,0,0,0,0,0,1000,0,0,0,1000,0,1000,1000
057652,欣興永昌9C購01  ,0,0,0,0,0,0,0,0,0,1000,0,0,0,1000,0,1000,1000
060600,台積電凱基9C購01,0,0,0,0,0,0,0,0,0,1000,0,0,0,1000,0,1000,1000
063463,瑞昱元大9B購05  ,0,0,0,0,0,0,0,0,0,1000,0,0,0,22000,21000,1000,1000
063468,聯詠元大9B購04  ,0,0,0,0,0,0,0,0,0,1000,0,0,0,4000,3000,1000,1000
060526,台積電中信9A購02,0,0,0,0,0,0,0,0,0,1000,0,0,0,1000,0,1000,1000
060533,臺股指中信9B購05,0,0,0,0,0,0,0,0,0,1000,0,0,0,1000,0,1000,1000
060435,鈺齊永豐9A購01  ,0,0,0,0,0,0,0,0,0,1000,0,0,0,1000,0,1000,1000
060451,中石化元大9C購02,0,0,0,0,0,0,0,0,0,1000,0,0,0,1000,0,1000,1000
059692,聯詠永豐99購01  ,0,0,0,0,0,0,0,0,0,1000,0,0,0,1000,0,1000,1000
059703,旺宏凱基99購11  ,0,0,0,0,0,0,0,0,0,1000,0,0,0,1000,0,1000,1000
059632,聯發科凱基01購01,0,0,0,0,0,0,0,0,0,1000,0,0,0,1000,0,1000,1000
063144,超眾統一9C購02  ,0,0,0,0,0,0,0,0,0,1000,0,0,0,10000,9000,1000,1000
063149,聯發科元富05購02,0,0,0,0,0,0,0,0,0,1000,0,0,0,1000,0,1000,1000
063181,聚陽凱基9B購01  ,0,0,0,0,0,0,0,0,0,1000,0,0,0,1000,0,1000,1000
063178,聯發科兆豐9B購04,0,0,0,0,0,0,0,0,0,1000,0,0,0,1000,0,1000,1000
063293,億豐元大9B購01  ,0,0,0,0,0,0,0,0,0,1000,0,0,0,1000,0,1000,1000
063278,國巨元大9C購04  ,0,0,0,0,0,0,0,0,0,1000,0,0,0,1000,0,1000,1000
059337,台灣50凱基9C購05,0,0,0,0,0,0,0,0,0,1000,0,0,0,1000,0,1000,1000
061577,泰碩元大9A購03  ,0,0,0,0,0,0,0,0,0,1000,0,0,0,1000,0,1000,1000
060361,南亞科元富9A購03,0,0,0,0,0,0,0,0,0,1000,0,0,0,10000,9000,1000,1000
060362,建準元富9A購02  ,0,0,0,0,0,0,0,0,0,1000,0,0,0,1000,0,1000,1000
060400,南電國票9A購03  ,0,0,0,0,0,0,0,0,0,1000,0,0,0,1000,0,1000,1000
061680,崇越元大9A購01  ,0,0,0,0,0,0,0,0,0,1000,0,0,0,1000,0,1000,1000
061692,聯發科群益9A購04,0,0,0,0,0,0,0,0,0,1000,0,0,0,1000,0,1000,1000
061313,滬深2X凱基9B購05,0,0,0,0,0,0,0,0,0,1000,0,0,0,1000,0,1000,1000
060200,同欣電元富9A購01,0,0,0,0,0,0,0,0,0,1000,0,0,0,1000,0,1000,1000
060073,台積電元富99購03,0,0,0,0,0,0,0,0,0,1000,0,0,0,1000,0,1000,1000
060126,創意永豐99購04  ,0,0,0,0,0,0,0,0,0,1000,0,0,0,1000,0,1000,1000
062149,牧德國票9B購01  ,0,0,0,0,0,0,0,0,0,1000,0,0,0,1000,0,1000,1000
06214P,國巨國票98售04  ,0,0,0,0,0,0,0,0,0,1000,0,0,0,1000,0,1000,1000
062161,南六凱基9C購01  ,0,0,0,0,0,0,0,0,0,1000,0,0,0,64000,63000,1000,1000
062165,聯茂國泰01購01  ,0,0,0,0,0,0,0,0,0,1000,0,0,0,1000,0,1000,1000
060022,勤誠康和99購01  ,0,0,0,0,0,0,0,0,0,1000,0,0,0,1000,0,1000,1000
061229,緯穎中信9B購01  ,0,0,0,0,0,0,0,0,0,1000,0,0,0,1000,0,1000,1000
062988,儒鴻群益9B購01  ,0,0,0,0,0,0,0,0,0,1000,0,0,0,1000,0,1000,1000
062948,台積電富邦01購02,0,0,0,0,0,0,0,0,0,1000,0,0,0,3000,2000,1000,1000
059934,華通永豐99購02  ,0,0,0,0,0,0,0,0,0,1000,0,0,0,1000,0,1000,1000
059937,旺宏永豐99購03  ,0,0,0,0,0,0,0,0,0,1000,0,0,0,1000,0,1000,1000
059761,國巨永豐99購06  ,0,0,0,0,0,0,0,0,0,1000,0,0,0,1000,0,1000,1000
061155,華新科群益9A購06,0,0,0,0,0,0,0,0,0,1000,0,0,0,1000,0,1000,1000
061451,南電中信9A購03  ,0,0,0,0,0,0,0,0,0,1000,0,0,0,1000,0,1000,1000
060301,國巨富邦9C購02  ,0,0,0,0,0,0,0,0,0,1000,0,0,0,1000,0,1000,1000
062354,台達電元大9B購01,0,0,0,0,0,0,0,0,0,1000,0,0,0,2000,1000,1000,1000
062357,國巨元大9B購11  ,0,0,0,0,0,0,0,0,0,1000,0,0,0,1000,0,1000,1000
061976,國巨元大9B購01  ,0,0,0,0,0,0,0,0,0,1000,0,0,0,1000,0,1000,1000
061947,旺宏群益9B購02  ,0,0,0,0,0,0,0,0,0,1000,0,0,0,1000,0,1000,1000
061927,玉晶光凱基9C購01,0,0,0,0,0,0,0,0,0,1000,0,0,0,1000,0,1000,1000
061762,台塑元大9B購01  ,0,0,0,0,0,0,0,0,0,1000,0,0,0,20000,19000,1000,1000
061740,華新科凱基03購01,0,0,0,0,0,0,0,0,0,1000,0,0,0,1000,0,1000,1000
061787,華新科群益9C購01,0,0,0,0,0,0,0,0,0,1000,0,0,0,28000,27000,1000,1000
064668,大立光元大9C購21,0,0,0,0,0,0,0,0,0,1000,0,0,0,1000,0,1000,1000
064525,臺股指群益9C購10,0,0,0,0,0,0,0,0,0,1000,0,0,0,1000,0,1000,1000
064374,旺宏元富9C購01  ,0,0,0,0,0,0,0,0,0,1000,0,0,0,11000,10000,1000,1000
064340,大立光元大9C購17,0,0,0,0,0,0,0,0,0,1000,0,0,0,1000,0,1000,1000
063747,國巨國票9C購06  ,0,0,0,0,0,0,0,0,0,1000,0,0,0,10000,9000,1000,1000
063688,建準永豐9B購03  ,0,0,0,0,0,0,0,0,0,1000,0,0,0,99000,98000,1000,1000
063678,友達國泰9C購01  ,0,0,0,0,0,0,0,0,0,1000,0,0,0,1000,0,1000,1000
065131,晶技兆豐01購01  ,0,0,0,0,0,0,0,0,0,1000,0,0,0,1000,0,1000,1000
065113,南電國票01購02  ,0,0,0,0,0,0,0,0,0,1000,0,0,0,1000,0,1000,1000
065060,上銀群益9C購02  ,0,0,0,0,0,0,0,0,0,1000,0,0,0,17000,16000,1000,1000
065268,嘉澤元大9C購02  ,0,0,0,0,0,0,0,0,0,1000,0,0,0,1000,0,1000,1000
065379,立積元大01購01  ,0,0,0,0,0,0,0,0,0,1000,0,0,0,1000,0,1000,1000
065334,立積國票01購02  ,0,0,0,0,0,0,0,0,0,1000,0,0,0,1000,0,1000,1000
065851,京鼎元大02購01  ,0,0,0,0,0,0,0,0,0,1000,0,0,0,132000,131000,1000,1000
066090,泰鼎永豐01購01  ,0,0,0,0,0,0,0,0,0,1000,0,0,0,11000,10000,1000,1000
066038,台積電元大01購07,0,0,0,0,0,0,0,0,0,1000,0,0,0,1000,0,1000,1000
066068,台積電凱基02購06,0,0,0,0,0,0,0,0,0,1000,0,0,0,1000,0,1000,1000
065628,台積電國票01購03,0,0,0,0,0,0,0,0,0,1000,0,0,0,1000,0,1000,1000
065617,臺股指元大9C購35,0,0,0,0,0,0,0,0,0,1000,0,0,0,1000,0,1000,1000
065592,FBVIX元大9C購06 ,0,0,0,0,0,0,0,0,0,1000,0,0,0,1000,0,1000,1000
065494,滬深2X富邦01購01,0,0,0,0,0,0,0,0,0,1000,0,0,0,1000,0,1000,1000
06624P,訊芯元大98售06  ,0,0,0,0,0,0,0,0,0,1000,0,0,0,1000,0,1000,1000
066197,鴻海統一02購02  ,0,0,0,0,0,0,0,0,0,1000,0,0,0,1000,0,1000,1000
066127,劍麟群益03購01  ,0,0,0,0,0,0,0,0,0,1000,0,0,0,40000,39000,1000,1000
066533,南茂元富01購01  ,0,0,0,0,0,0,0,0,0,1000,0,0,0,2000,1000,1000,1000
066487,聯詠元富01購03  ,0,0,0,0,0,0,0,0,0,1000,0,0,0,96000,95000,1000,1000
06643P,大立光兆豐98售01,0,0,0,0,0,0,0,0,0,1000,0,0,0,1000,0,1000,1000
066639,彩晶凱基05購01  ,0,0,0,0,0,0,0,0,0,1000,0,0,0,6000,5000,1000,1000
2424,隴華            ,1000,0,1000,0,0,0,0,0,0,0,0,0,0,0,0,0,1000
2002A,中鋼特          ,0,0,0,0,0,0,0,0,0,1000,1000,0,1000,0,0,0,1000
08813P,聯發科群益01售02,0,0,0,0,0,0,0,0,0,1000,0,0,0,1000,0,1000,1000
08869P,緯穎凱基01售02  ,0,0,0,0,0,0,0,0,0,1000,0,0,0,6000,5000,1000,1000
08870P,鴻海群益01售09  ,0,0,0,0,0,0,0,0,0,1000,0,0,0,36000,35000,1000,1000
08547P,大立光中信9C售04,0,0,0,0,0,0,0,0,0,1000,0,0,0,1000,0,1000,1000
08558P,香港2X國票9C售01,0,7000,-7000,0,0,0,0,0,0,8000,0,0,0,8000,0,8000,1000
08496P,金像電國票01售02,0,0,0,0,0,0,0,0,0,1000,0,0,0,1000,0,1000,1000
08718P,台灣50元大02售03,0,0,0,0,0,0,0,0,0,1000,0,0,0,1000,0,1000,1000
5906,台南-KY         ,1000,0,1000,0,0,0,0,0,0,0,0,0,0,0,0,0,1000
6641,基士德-KY       ,1000,0,1000,0,0,0,0,0,0,0,0,0,0,0,0,0,1000
9941A,裕融甲特        ,0,0,0,0,0,0,0,0,0,1000,1000,0,1000,0,0,0,1000
2616,山隆            ,37001,46000,-8999,0,0,0,0,0,0,9000,9000,0,9000,0,0,0,1
063105,健策群益9C購01  ,0,0,0,0,0,0,0,0,0,0,0,0,0,4000,4000,0,0
064280,大立光元大9C購11,0,0,0,0,0,0,0,0,0,0,0,0,0,100000,100000,0,0
064281,大立光元大9C購12,0,0,0,0,0,0,0,0,0,0,0,0,0,50000,50000,0,0
063610,儒鴻群益9B購02  ,0,0,0,0,0,0,0,0,0,0,0,0,0,40000,40000,0,0
07198P,臺股指元大99售14,0,0,0,0,0,0,0,0,0,0,0,0,0,50000,50000,0,0
07230P,滬深2X群益01售02,0,0,0,0,0,0,0,0,0,0,0,0,0,239000,239000,0,0
063612,金像電群益9B購04,0,0,0,0,0,0,0,0,0,0,0,0,0,128000,128000,0,0
063625,儒鴻元大9B購03  ,0,0,0,0,0,0,0,0,0,0,0,0,0,44000,44000,0,0
063638,華新科元大9B購14,0,0,0,0,0,0,0,0,0,0,0,0,0,1000,1000,0,0
063840,鴻海元大01購01  ,0,0,0,0,0,0,0,0,0,0,0,0,0,27000,27000,0,0
064018,儒鴻元大9C購02  ,0,0,0,0,0,0,0,0,0,0,0,0,0,6000,6000,0,0
064120,鴻海元大9C購07  ,0,0,0,0,0,0,0,0,0,0,0,0,0,15000,15000,0,0
064123,台積電元大9C購09,0,0,0,0,0,0,0,0,0,0,0,0,0,3000,3000,0,0
07298P,台灣50元大9C售12,0,0,0,0,0,0,0,0,0,0,0,0,0,60000,60000,0,0
07335P,臺股指國票99售20,0,2000,-2000,0,0,0,0,0,0,2000,0,0,0,2000,0,2000,0
07342P,大立光凱基99售14,0,0,0,0,0,0,0,0,0,0,0,0,0,30000,30000,0,0
07369P,台積電凱基99售20,0,0,0,0,0,0,0,0,0,0,0,0,0,20000,20000,0,0
07385P,緯穎群益99售04  ,0,0,0,0,0,0,0,0,0,0,0,0,0,10000,10000,0,0
07714P,世紀鋼元大9A售03,0,0,0,0,0,0,0,0,0,0,0,0,0,5000,5000,0,0
07901P,臺股指凱基9B售04,0,0,0,0,0,0,0,0,0,0,0,0,0,10000,10000,0,0
07902P,玉晶光國票01售01,0,0,0,0,0,0,0,0,0,0,0,0,0,10000,10000,0,0
08048P,臺股指國票9B售13,0,0,0,0,0,0,0,0,0,0,0,0,0,5000,5000,0,0
08038P,臺股指群益9B售11,0,0,0,0,0,0,0,0,0,0,0,0,0,10000,10000,0,0
08183P,聯發科永豐9B售04,0,0,0,0,0,0,0,0,0,0,0,0,0,10000,10000,0,0
08328P,國巨國票9C售07  ,0,0,0,0,0,0,0,0,0,0,0,0,0,15000,15000,0,0
07071P,立積元富99售01  ,0,0,0,0,0,0,0,0,0,0,0,0,0,150000,150000,0,0
063825,道瓊銀國票01購01,0,0,0,0,0,0,0,0,0,0,0,0,0,2000,2000,0,0
06928P,鴻海元大99售10  ,0,0,0,0,0,0,0,0,0,0,0,0,0,94000,94000,0,0
06911P,鴻海元大99售09  ,0,0,0,0,0,0,0,0,0,0,0,0,0,100000,100000,0,0
06889P,臺股指元大98售13,10000,0,10000,0,0,0,0,0,0,-10000,0,0,0,0,10000,-10000,0
067789,和碩群益01購01  ,0,0,0,0,0,0,0,0,0,0,0,0,0,5000,5000,0,0
067738,技嘉元大01購02  ,0,0,0,0,0,0,0,0,0,0,0,0,0,3000,3000,0,0
067712,惠特元富04購01  ,0,0,0,0,0,0,0,0,0,0,0,0,0,6000,6000,0,0
067727,聯茂凱基01購02  ,0,0,0,0,0,0,0,0,0,0,0,0,0,12000,12000,0,0
067658,矽格元富04購01  ,0,0,0,0,0,0,0,0,0,0,0,0,0,20000,20000,0,0
067673,義隆元大01購06  ,0,0,0,0,0,0,0,0,0,0,0,0,0,13000,13000,0,0
067674,可成元大01購08  ,0,0,0,0,0,0,0,0,0,0,0,0,0,2000,2000,0,0
067596,國巨凱基02購05  ,0,0,0,0,0,0,0,0,0,0,0,0,0,8000,8000,0,0
067584,技嘉群益02購01  ,0,0,0,0,0,0,0,0,0,0,0,0,0,7000,7000,0,0
067523,上証反群益06購01,0,0,0,0,0,0,0,0,0,0,0,0,0,85000,85000,0,0
066791,牧德康和01購01  ,0,0,0,0,0,0,0,0,0,0,0,0,0,68000,68000,0,0
066779,上証2X中信03購01,0,0,0,0,0,0,0,0,0,0,0,0,0,10000,10000,0,0
066727,鴻海元大01購12  ,0,0,0,0,0,0,0,0,0,0,0,0,0,88000,88000,0,0
066900,和潤康和07購01  ,0,0,0,0,0,0,0,0,0,0,0,0,0,20000,20000,0,0
066863,上証2X元富07購01,0,0,0,0,0,0,0,0,0,0,0,0,0,1000,1000,0,0
066874,A50正2富邦02購01,0,0,0,0,0,0,0,0,0,0,0,0,0,27000,27000,0,0
066890,聯詠中信07購01  ,0,0,0,0,0,0,0,0,0,0,0,0,0,14000,14000,0,0
066889,元大金中信07購01,0,0,0,0,0,0,0,0,0,0,0,0,0,30000,30000,0,0
067190,智伸科凱基02購01,0,0,0,0,0,0,0,0,0,0,0,0,0,70000,70000,0,0
057721,華擎元富98購02  ,0,0,0,0,0,0,0,0,0,0,0,0,0,7000,7000,0,0
057785,智邦國票99購02  ,0,0,0,0,0,0,0,0,0,0,0,0,0,2000,2000,0,0
059253,康控凱基9B購02  ,0,0,0,0,0,0,0,0,0,0,0,0,0,10000,10000,0,0
059247,可成凱基99購05  ,0,0,0,0,0,0,0,0,0,0,0,0,0,1000,1000,0,0
058942,南茂中信99購01  ,0,0,0,0,0,0,0,0,0,0,0,0,0,10000,10000,0,0
059168,奇力新凱基99購05,0,0,0,0,0,0,0,0,0,0,0,0,0,10000,10000,0,0
059196,聯發科永豐99購02,0,0,0,0,0,0,0,0,0,0,0,0,0,5000,5000,0,0
059215,台積電元大99購28,0,0,0,0,0,0,0,0,0,0,0,0,0,1000,1000,0,0
058948,道瓊銀群益9C購01,0,0,0,0,0,0,0,0,0,0,0,0,0,20000,20000,0,0
058875,台表科國票9A購02,0,0,0,0,0,0,0,0,0,0,0,0,0,5000,5000,0,0
058855,台積電兆豐99購02,0,0,0,0,0,0,0,0,0,0,0,0,0,1598000,1598000,0,0
058839,瑞儀中信99購02  ,0,0,0,0,0,0,0,0,0,0,0,0,0,20000,20000,0,0
058799,晶技元大99購04  ,0,0,0,0,0,0,0,0,0,0,0,0,0,1000,1000,0,0
05862P,大立光國泰98售01,0,0,0,0,0,0,0,0,0,0,0,0,0,20000,20000,0,0
057417,國巨凱基9A購03  ,0,0,0,0,0,0,0,0,0,0,0,0,0,87000,87000,0,0
058658,瑞儀中信99購01  ,0,0,0,0,0,0,0,0,0,0,0,0,0,20000,20000,0,0
058594,台灣50元富9B購03,0,0,0,0,0,0,0,0,0,0,0,0,0,91000,91000,0,0
057365,智邦元大98購07  ,0,0,0,0,0,0,0,0,0,0,0,0,0,4000,4000,0,0
057335,技嘉國票99購01  ,0,0,0,0,0,0,0,0,0,0,0,0,0,1000,1000,0,0
057349,聯發科統一98購04,0,0,0,0,0,0,0,0,0,0,0,0,0,55000,55000,0,0
057573,京鼎永豐98購02  ,0,0,0,0,0,0,0,0,0,0,0,0,0,1000,1000,0,0
058739,喬山中信99購01  ,0,0,0,0,0,0,0,0,0,0,0,0,0,20000,20000,0,0
058709,臺股指元大9A購22,0,0,0,0,0,0,0,0,0,0,0,0,0,1000,1000,0,0
057984,聯發科台新98購01,0,0,0,0,0,0,0,0,0,0,0,0,0,45000,45000,0,0
05792P,臺股指中信99售07,0,0,0,0,0,0,0,0,0,0,0,0,0,20000,20000,0,0
057957,嘉晶元大98購01  ,0,0,0,0,0,0,0,0,0,0,0,0,0,2000,2000,0,0
059095,訊芯元大99購01  ,0,0,0,0,0,0,0,0,0,0,0,0,0,100000,100000,0,0
059112,上銀永豐99購01  ,0,0,0,0,0,0,0,0,0,0,0,0,0,25000,25000,0,0
057863,美律凱基9A購01  ,0,0,0,0,0,0,0,0,0,0,0,0,0,10000,10000,0,0
058095,昇陽半元大98購03,0,0,0,0,0,0,0,0,0,0,0,0,0,5000,5000,0,0
058096,南電元大98購04  ,0,0,0,0,0,0,0,0,0,0,0,0,0,10000,10000,0,0
058120,台灣50國票99購03,0,0,0,0,0,0,0,0,0,0,0,0,0,458000,458000,0,0
058186,聯發科永豐99購01,0,0,0,0,0,0,0,0,0,0,0,0,0,20000,20000,0,0
059042,世紀鋼群益99購02,0,0,0,0,0,0,0,0,0,0,0,0,0,20000,20000,0,0
058961,台灣50兆豐9C購01,0,0,0,0,0,0,0,0,0,0,0,0,0,572000,572000,0,0
058236,大立光元大99購09,0,0,0,0,0,0,0,0,0,0,0,0,0,100000,100000,0,0
062901,台積電元大9B購05,0,0,0,0,0,0,0,0,0,0,0,0,0,1000,1000,0,0
059056,技嘉凱基99購02  ,0,0,0,0,0,0,0,0,0,0,0,0,0,15000,15000,0,0
062908,晶豪科元大9B購03,0,0,0,0,0,0,0,0,0,0,0,0,0,100000,100000,0,0
062623,元金2X國票01購01,0,0,0,0,0,0,0,0,0,0,0,0,0,1000,1000,0,0
062639,臻鼎國票9C購01  ,0,0,0,0,0,0,0,0,0,0,0,0,0,3000,3000,0,0
062641,瀚宇博國票9B購01,0,0,0,0,0,0,0,0,0,0,0,0,0,10000,10000,0,0
062700,台光電元大9B購05,0,0,0,0,0,0,0,0,0,0,0,0,0,95000,95000,0,0
062713,台灣50凱基02購03,0,0,0,0,0,0,0,0,0,0,0,0,0,7000,7000,0,0
062782,聯發科元大9B購12,0,0,0,0,0,0,0,0,0,0,0,0,0,10000,10000,0,0
062774,儒鴻元大9C購01  ,0,0,0,0,0,0,0,0,0,0,0,0,0,5000,5000,0,0
058333,鴻海元富99購04  ,0,0,0,0,0,0,0,0,0,0,0,0,0,30000,30000,0,0
056771,嘉晶元大99購01  ,0,0,0,0,0,0,0,0,0,0,0,0,0,5000,5000,0,0
056700,華新科國泰99購03,0,0,0,0,0,0,0,0,0,0,0,0,0,37000,37000,0,0
056639,國產康和98購01  ,0,0,0,0,0,0,0,0,0,0,0,0,0,20000,20000,0,0
056595,台積電元富98購04,0,0,0,0,0,0,0,0,0,0,0,0,0,1000,1000,0,0
057230,建準凱基98購02  ,0,0,0,0,0,0,0,0,0,0,0,0,0,10000,10000,0,0
057260,微星兆豐98購01  ,0,0,0,0,0,0,0,0,0,0,0,0,0,2000,2000,0,0
055215,智邦凱基98購02  ,0,0,0,0,0,0,0,0,0,0,0,0,0,10000,10000,0,0
055228,聯發科國票98購03,0,0,0,0,0,0,0,0,0,0,0,0,0,3000,3000,0,0
055590,聯發科元大98購02,0,0,0,0,0,0,0,0,0,0,0,0,0,10000,10000,0,0
056471,台光電元大99購01,0,0,0,0,0,0,0,0,0,0,0,0,0,6000,6000,0,0
056158,新日興凱基98購02,0,0,0,0,0,0,0,0,0,0,0,0,0,9000,9000,0,0
056161,康控凱基98購02  ,0,0,0,0,0,0,0,0,0,0,0,0,0,20000,20000,0,0
056164,聯茂凱基98購03  ,0,0,0,0,0,0,0,0,0,0,0,0,0,20000,20000,0,0
054437,欣興台新97購02  ,0,0,0,0,0,0,0,0,0,0,0,0,0,32000,32000,0,0
056903,大立光元大99購04,0,0,0,0,0,0,0,0,0,0,0,0,0,100000,100000,0,0
054259,健策元大97購03  ,0,0,0,0,0,0,0,0,0,0,0,0,0,3000,3000,0,0
053366,樺漢國泰98購01  ,0,0,0,0,0,0,0,0,0,0,0,0,0,15000,15000,0,0
056921,京元電兆豐98購01,0,0,0,0,0,0,0,0,0,0,0,0,0,10000,10000,0,0
056990,聯發科兆豐98購01,0,0,0,0,0,0,0,0,0,0,0,0,0,78000,78000,0,0
057013,聯發科麥證98購01,0,0,0,304000,0,304000,0,0,0,0,0,0,0,304000,304000,0,0
057083,立積統一98購01  ,0,0,0,0,0,0,0,0,0,0,0,0,0,10000,10000,0,0
054535,旺宏富邦97購02  ,0,0,0,0,0,0,0,0,0,0,0,0,0,99000,99000,0,0
054803,味全元大9A購01  ,0,0,0,0,0,0,0,0,0,0,0,0,0,300000,300000,0,0
036084,台灣50台新98購01,0,0,0,0,0,0,0,0,0,0,0,0,0,962000,962000,0,0
03682C,臺股指凱基9C牛07,0,0,0,0,0,0,0,0,0,0,0,0,0,15000,15000,0,0
045053,聯發科元富98購01,0,0,0,0,0,0,0,0,0,0,0,0,0,273000,273000,0,0
045054,聯發科元富98購02,0,0,0,0,0,0,0,0,0,0,0,0,0,26000,26000,0,0
050801,元金2X群益98購01,0,0,0,0,0,0,0,0,0,0,0,0,0,103000,103000,0,0
00707R,元大S&P日圓反1  ,0,0,0,0,0,0,0,0,0,0,0,0,0,1000,1000,0,0
00689R,國泰20年美債反1 ,0,0,0,0,0,0,0,0,0,0,0,0,0,100000,100000,0,0
00732,國泰RMB短期報酬 ,0,0,0,0,0,0,0,0,0,0,0,0,0,100000,100000,0,0
00774B,新光中國政金綠債,0,0,0,0,0,0,0,0,0,0,0,0,0,2000,2000,0,0
00775B,新光投等債15+   ,1000,1000,0,0,0,0,0,0,0,0,0,0,0,2000,2000,0,0
00743,國泰中國A150    ,0,153000,-153000,0,0,0,0,0,0,153000,0,0,0,161000,8000,153000,0
00865B,國泰US短期公債  ,0,0,0,0,0,0,0,0,0,0,0,0,0,100000,100000,0,0
00657K,國泰日經225+U   ,0,0,0,0,0,0,0,0,0,0,0,0,0,100,100,0,0
00668K,國泰美國道瓊+U  ,0,0,0,0,0,0,0,0,0,0,0,0,0,100,100,0,0
00625K,富邦上証+R      ,0,0,0,0,0,0,0,0,0,0,0,0,0,50000,50000,0,0
061848,國巨國票9B購07  ,0,0,0,0,0,0,0,0,0,0,0,0,0,8000,8000,0,0
061827,台灣50凱基02購01,0,0,0,0,0,0,0,0,0,0,0,0,0,7000,7000,0,0
061832,聯發科凱基9B購06,0,0,0,0,0,0,0,0,0,0,0,0,0,10000,10000,0,0
061542,旺宏群益9A購04  ,0,0,0,0,0,0,0,0,0,0,0,0,0,6000,6000,0,0
061543,南亞科群益9A購01,0,0,0,0,0,0,0,0,0,0,0,0,0,6000,6000,0,0
062261,嘉晶元大9B購02  ,0,0,0,0,0,0,0,0,0,0,0,0,0,2000,2000,0,0
062004,國巨國泰9C購03  ,0,0,0,0,0,0,0,0,0,0,0,0,0,6000,6000,0,0
062480,茂林國票9B購01  ,0,0,0,0,0,0,0,0,0,0,0,0,0,20000,20000,0,0
062482,台表科國票9B購01,0,0,0,0,0,0,0,0,0,0,0,0,0,10000,10000,0,0
061476,大毅元大9A購02  ,0,0,0,0,0,0,0,0,0,0,0,0,0,10000,10000,0,0
062552,南電永豐9B購01  ,0,0,0,0,0,0,0,0,0,0,0,0,0,10000,10000,0,0
062512,美食國票9B購01  ,0,0,0,0,0,0,0,0,0,0,0,0,0,2000,2000,0,0
060220,華新科凱基9A購08,0,0,0,0,0,0,0,0,0,0,0,0,0,14000,14000,0,0
061397,上銀台新9A購01  ,0,0,0,0,0,0,0,0,0,0,0,0,0,10000,10000,0,0
061424,華新科元大9A購18,0,0,0,0,0,0,0,0,0,0,0,0,0,1000,1000,0,0
061365,國巨國票9B購05  ,0,0,0,0,0,0,0,0,0,0,0,0,0,5000,5000,0,0
059762,禾伸堂永豐99購02,0,0,0,0,0,0,0,0,0,0,0,0,0,30000,30000,0,0
061111,台表科元大9A購02,0,0,0,0,0,0,0,0,0,0,0,0,0,4000,4000,0,0
059945,嘉澤永豐99購03  ,0,0,0,0,0,0,0,0,0,0,0,0,0,1000,1000,0,0
059918,華新科元大99購20,0,0,0,0,0,0,0,0,0,0,0,0,0,1000,1000,0,0
059885,台積電國票99購12,0,0,0,0,0,0,0,0,0,0,0,0,0,1000,1000,0,0
062940,華新科凱基9C購02,0,0,0,0,0,0,0,0,0,0,0,0,0,2000,2000,0,0
059956,玉山金康和99購01,0,0,0,0,0,0,0,0,0,0,0,0,0,16000,16000,0,0
061225,台積電中信9A購04,0,0,0,0,0,0,0,0,0,0,0,0,0,10000,10000,0,0
060088,國巨元大99購30  ,0,0,0,0,0,0,0,0,0,0,0,0,0,1000,1000,0,0
063033,台積電凱基9B購09,0,0,0,0,0,0,0,0,0,0,0,0,0,3000,3000,0,0
063043,台灣50兆豐9B購02,0,0,0,0,0,0,0,0,0,0,0,0,0,270000,270000,0,0
060190,國泰金元富9A購01,0,0,0,0,0,0,0,0,0,0,0,0,0,5000,5000,0,0
061334,華通元大9A購09  ,0,0,0,0,0,0,0,0,0,0,0,0,0,8000,8000,0,0
061662,瑞儀永豐9A購02  ,0,0,0,0,0,0,0,0,0,0,0,0,0,30000,30000,0,0
060838,華通國票9A購05  ,0,0,0,0,0,0,0,0,0,0,0,0,0,2000,2000,0,0
061633,統一元大9A購01  ,0,0,0,0,0,0,0,0,0,0,0,0,0,20000,20000,0,0
060327,美律群益9A購02  ,0,0,0,0,0,0,0,0,0,0,0,0,0,12000,12000,0,0
060717,康控永豐9A購01  ,0,0,0,0,0,0,0,0,0,0,0,0,0,10000,10000,0,0
060684,同欣電元大9A購01,0,0,0,0,0,0,0,0,0,0,0,0,0,7000,7000,0,0
062395,台表科富邦9C購01,0,0,0,0,0,0,0,0,0,0,0,0,0,14000,14000,0,0
061576,華新科元大9A購21,0,0,0,0,0,0,0,0,0,0,0,0,0,1000,1000,0,0
061095,台積電台新9B購03,0,0,0,0,0,0,0,0,0,0,0,0,0,2000,2000,0,0
061101,道瓊銀元大9A購02,0,0,0,0,0,0,0,0,0,0,0,0,0,60000,60000,0,0
060957,SP黃豆凱基9A購04,0,0,0,0,0,0,0,0,0,0,0,0,0,3000,3000,0,0
061017,國泰金麥證9A購01,0,0,0,10000,10000,0,0,0,0,0,0,0,0,10000,10000,0,0
061037,嘉澤永豐9A購01  ,0,0,0,0,0,0,0,0,0,0,0,0,0,1000,1000,0,0
059387,華通凱基9A購03  ,0,0,0,0,0,0,0,0,0,0,0,0,0,10000,10000,0,0
059468,智邦元大99購02  ,0,0,0,0,0,0,0,0,0,0,0,0,0,3000,3000,0,0
059470,華新科元大99購16,0,0,0,0,0,0,0,0,0,0,0,0,0,1000,1000,0,0
062446,聯詠元大9B購02  ,0,0,0,0,0,0,0,0,0,0,0,0,0,20000,20000,0,0
063280,燿華元大9B購05  ,0,0,0,0,0,0,0,0,0,0,0,0,0,2000,2000,0,0
063333,同欣電國票9C購01,0,0,0,0,0,0,0,0,0,0,0,0,0,7000,7000,0,0
063386,國巨兆豐9B購04  ,0,0,0,0,0,0,0,0,0,0,0,0,0,23000,23000,0,0
063382,南茂永豐9B購01  ,0,0,0,0,0,0,0,0,0,0,0,0,0,11000,11000,0,0
063379,帆宣永豐9B購01  ,0,0,0,0,0,0,0,0,0,0,0,0,0,81000,81000,0,0
063170,智邦第一9B購01  ,0,0,0,0,0,0,0,0,0,0,0,0,0,62000,62000,0,0
059646,聯茂凱基99購06  ,0,0,0,0,0,0,0,0,0,0,0,0,0,50000,50000,0,0
060488,台灣50群益9C購01,0,0,0,0,0,0,0,0,0,0,0,0,0,7000,7000,0,0
060583,南亞科元富9A購05,0,0,0,0,0,0,0,0,0,0,0,0,0,6000,6000,0,0
066635,敦泰凱基01購01  ,0,0,0,0,0,0,0,0,0,0,0,0,0,31000,31000,0,0
066661,友達凱基03購01  ,0,0,0,0,0,0,0,0,0,0,0,0,0,110000,110000,0,0
066491,麗豐元富01購01  ,0,0,0,0,0,0,0,0,0,0,0,0,0,100000,100000,0,0
066545,鴻海元大01購09  ,0,0,0,0,0,0,0,0,0,0,0,0,0,18000,18000,0,0
065509,上銀群益9C購04  ,0,0,0,0,0,0,0,0,0,0,0,0,0,56000,56000,0,0
065521,貿聯群益9C購04  ,0,0,0,0,0,0,0,0,0,0,0,0,0,10000,10000,0,0
065579,南茂群益9C購02  ,0,0,0,0,0,0,0,0,0,0,0,0,0,2000,2000,0,0
065709,瀚宇博群益9C購01,0,0,0,0,0,0,0,0,0,0,0,0,0,2000,2000,0,0
065668,南亞科凱基9C購02,0,0,0,0,0,0,0,0,0,0,0,0,0,6000,6000,0,0
066029,神達群益02購01  ,0,0,0,0,0,0,0,0,0,0,0,0,0,6000,6000,0,0
065930,矽格國票02購01  ,0,0,0,0,0,0,0,0,0,0,0,0,0,25000,25000,0,0
065934,智邦群益01購02  ,0,0,0,0,0,0,0,0,0,0,0,0,0,12000,12000,0,0
065426,台積電凱基01購09,0,0,0,0,0,0,0,0,0,0,0,0,0,4000,4000,0,0
065276,台灣50群益02購03,0,0,0,0,0,0,0,0,0,0,0,0,0,7000,7000,0,0
065292,緯創群益9C購01  ,0,0,0,0,0,0,0,0,0,0,0,0,0,10000,10000,0,0
065202,南電元富06購01  ,0,0,0,0,0,0,0,0,0,0,0,0,0,81000,81000,0,0
065115,臺股指國票9C購12,0,0,0,0,0,0,0,0,0,0,0,0,0,10000,10000,0,0
065160,聯茂群益9C購02  ,0,0,0,0,0,0,0,0,0,0,0,0,0,2000,2000,0,0
065162,台灣50元大9C購47,0,0,0,0,0,0,0,0,0,0,0,0,0,7000,7000,0,0
064852,智邦台新9C購04  ,0,0,0,0,0,0,0,0,0,0,0,0,0,5000,5000,0,0
064875,國巨兆豐01購01  ,0,0,0,0,0,0,0,0,0,0,0,0,0,50000,50000,0,0
064884,台表科第一9C購01,0,0,0,0,0,0,0,0,0,0,0,0,0,10000,10000,0,0
064944,亞德客凱基9C購03,0,0,0,0,0,0,0,0,0,0,0,0,0,26000,26000,0,0
064949,南亞科凱基9C購01,0,0,0,0,0,0,0,0,0,0,0,0,0,10000,10000,0,0
063689,可成永豐9B購04  ,0,0,0,0,0,0,0,0,0,0,0,0,0,58000,58000,0,0
063723,儒鴻元大9B購04  ,0,0,0,0,0,0,0,0,0,0,0,0,0,42000,42000,0,0
063750,和鑫國票9B購01  ,0,0,0,0,0,0,0,0,0,0,0,0,0,30000,30000,0,0
063736,大立光元大9B購08,0,0,0,0,0,0,0,0,0,0,0,0,0,50000,50000,0,0
064339,大立光元大01購01,0,0,0,0,0,0,0,0,0,0,0,0,0,50000,50000,0,0
064316,貿聯群益9C購02  ,0,0,0,0,0,0,0,0,0,0,0,0,0,26000,26000,0,0
063797,台積電凱基02購02,0,0,0,0,0,0,0,0,0,0,0,0,0,1000,1000,0,0
064609,滬深2X元大9C購12,0,0,0,0,0,0,0,0,0,0,0,0,0,2000,2000,0,0
064615,智邦元大01購01  ,0,0,0,0,0,0,0,0,0,0,0,0,0,3000,3000,0,0
064638,儒鴻凱基9C購03  ,0,0,0,0,0,0,0,0,0,0,0,0,0,5000,5000,0,0
064754,漢唐凱基02購01  ,0,0,0,0,0,0,0,0,0,0,0,0,0,10000,10000,0,0
064755,南亞科凱基01購02,0,0,0,0,0,0,0,0,0,0,0,0,0,10000,10000,0,0
4137,麗豐-KY         ,51000,54000,-3000,0,0,0,0,1000,-1000,4000,0,0,0,7000,3000,4000,0
08648P,健策凱基9C售05  ,0,0,0,0,0,0,0,0,0,0,0,0,0,5000,5000,0,0
08493P,嘉澤元大9C售01  ,0,0,0,0,0,0,0,0,0,0,0,0,0,16000,16000,0,0
08414P,超眾凱基9C售02  ,0,0,0,0,0,0,0,0,0,0,0,0,0,40000,40000,0,0
08961P,大毅凱基01售03  ,0,0,0,0,0,0,0,0,0,0,0,0,0,48000,48000,0,0
08844P,滬深2X元大03售03,0,0,0,0,0,0,0,0,0,0,0,0,0,10000,10000,0,0
08778P,台積電群益01售09,0,0,0,0,0,0,0,0,0,0,0,0,0,1000,1000,0,0
1256,鮮活果汁-KY     ,3000,3000,0,0,0,0,0,0,0,0,0,0,0,0,0,0,0
9955,佳龍            ,127000,127000,0,0,0,0,0,0,0,0,0,0,0,0,0,0,0
8488,吉源-KY         ,3000,3000,0,0,0,0,0,0,0,0,0,0,0,0,0,0,0
9188,精熙-DR         ,12000,12000,0,0,0,0,0,0,0,0,0,0,0,0,0,0,0
6625,必應            ,1000,1000,0,0,0,0,0,0,0,0,0,0,0,0,0,0,0
6205,詮欣            ,43000,44000,-1000,0,0,0,0,0,0,1000,1000,0,1000,0,0,0,0
067100,華邦電群益01購01,0,0,0,0,0,0,0,0,0,-1000,0,0,0,0,1000,-1000,-1000
066963,T50反1元富07購03,0,0,0,0,0,0,0,0,0,-1000,0,0,0,0,1000,-1000,-1000
067577,FBVIX群益01購02 ,0,0,0,0,0,0,0,0,0,-1000,0,0,0,166000,167000,-1000,-1000
067433,神達凱基01購01  ,0,0,0,0,0,0,0,0,0,-1000,0,0,0,0,1000,-1000,-1000
067618,臺股指凱基01購14,0,0,0,0,0,0,0,0,0,-1000,0,0,0,0,1000,-1000,-1000
067769,國巨統一02購04  ,0,0,0,0,0,0,0,0,0,-1000,0,0,0,0,1000,-1000,-1000
067774,同欣電統一02購01,0,0,0,0,0,0,0,0,0,-1000,0,0,0,0,1000,-1000,-1000
07177P,臺股指凱基99售19,0,0,0,0,0,0,0,0,0,-1000,0,0,0,0,1000,-1000,-1000
07140P,台灣50日盛99售01,0,0,0,0,0,0,0,0,0,-1000,0,0,0,0,1000,-1000,-1000
07056P,臺股指麥證99售02,0,0,0,0,1000,-1000,0,0,0,-1000,0,0,0,0,1000,-1000,-1000
07084P,S&P正2元富9B售02,0,0,0,0,0,0,0,0,0,-1000,0,0,0,0,1000,-1000,-1000
08330P,聯發科統一9C售13,0,0,0,0,0,0,0,0,0,-1000,0,0,0,0,1000,-1000,-1000
08314P,國巨元大9C售14  ,0,0,0,0,0,0,0,0,0,-1000,0,0,0,0,1000,-1000,-1000
08235P,南電國泰9C售03  ,0,0,0,0,0,0,0,0,0,-1000,0,0,0,0,1000,-1000,-1000
08176P,國巨元大9B售20  ,0,0,0,0,0,0,0,0,0,-1000,0,0,0,0,1000,-1000,-1000
08119P,南亞科統一9C售03,0,0,0,0,0,0,0,0,0,-1000,0,0,0,0,1000,-1000,-1000
07876P,台灣50國泰01售01,0,0,0,0,0,0,0,0,0,-1000,0,0,0,0,1000,-1000,-1000
07924P,台積電凱基9B售04,0,0,0,0,0,0,0,0,0,-1000,0,0,0,0,1000,-1000,-1000
07301P,臺股指元大9A售34,0,0,0,0,0,0,0,0,0,-1000,0,0,0,0,1000,-1000,-1000
07583P,台積電富邦9B售05,0,0,0,0,0,0,0,0,0,-1000,0,0,0,0,1000,-1000,-1000
07524P,臺股指中信9B售06,0,0,0,0,0,0,0,0,0,-1000,0,0,0,0,1000,-1000,-1000
064126,聯發科元大9C購05,0,0,0,0,0,0,0,0,0,-1000,0,0,0,0,1000,-1000,-1000
063946,聯發科元大9C購04,0,0,0,0,0,0,0,0,0,-1000,0,0,0,0,1000,-1000,-1000
036628,統一台新99購01  ,0,0,0,0,0,0,0,0,0,-1000,0,0,0,0,1000,-1000,-1000
053730,樺漢凱基98購01  ,0,0,0,0,0,0,0,0,0,-1000,0,0,0,9000,10000,-1000,-1000
054555,欣興凱基98購01  ,0,0,0,0,0,0,0,0,0,-1000,0,0,0,0,1000,-1000,-1000
057077,國巨統一98購06  ,0,0,0,0,0,0,0,0,0,-1000,0,0,0,0,1000,-1000,-1000
03026X,元展23          ,0,0,0,0,0,0,0,0,0,-1000,0,0,0,0,1000,-1000,-1000
03052X,元展49          ,0,0,0,0,0,0,0,0,0,-1000,0,0,0,0,1000,-1000,-1000
03094X,大立光元大68展08,0,0,0,0,0,0,0,0,0,-1000,0,0,0,0,1000,-1000,-1000
056364,亞光元大99購02  ,0,0,0,0,0,0,0,0,0,-1000,0,0,0,0,1000,-1000,-1000
055622,群創國泰99購01  ,0,0,0,0,0,0,0,0,0,-1000,0,0,0,0,1000,-1000,-1000
055232,泰碩國票98購01  ,0,0,0,0,0,0,0,0,0,-1000,0,0,0,0,1000,-1000,-1000
055244,國巨統一98購01  ,0,0,0,0,0,0,0,0,0,-1000,0,0,0,0,1000,-1000,-1000
055160,玉晶光元大99購03,0,0,0,0,0,0,0,0,0,-1000,0,0,0,1000,2000,-1000,-1000
055437,禾伸堂中信99購01,0,0,0,0,0,0,0,0,0,-1000,0,0,0,0,1000,-1000,-1000
057236,聯詠凱基98購03  ,0,0,0,0,0,0,0,0,0,-1000,0,0,0,0,1000,-1000,-1000
058422,百和麥證99購01  ,0,0,0,0,1000,-1000,0,0,0,-1000,0,0,0,0,1000,-1000,-1000
057126,台積電凱基99購03,0,0,0,0,0,0,0,0,0,-1000,0,0,0,0,1000,-1000,-1000
056618,京元電永豐98購01,0,0,0,0,0,0,0,0,0,-1000,0,0,0,0,1000,-1000,-1000
056701,國產國泰9A購01  ,0,0,0,0,0,0,0,0,0,-1000,0,0,0,0,1000,-1000,-1000
058295,欣興凱基99購02  ,0,0,0,0,0,0,0,0,0,-1000,0,0,0,61000,62000,-1000,-1000
062629,聯發科國票9C購01,0,0,0,0,0,0,0,0,0,-1000,0,0,0,1000,2000,-1000,-1000
062603,台化凱基9B購01  ,0,0,0,0,0,0,0,0,0,-1000,0,0,0,0,1000,-1000,-1000
062684,華新科統一01購02,0,0,0,0,0,0,0,0,0,-1000,0,0,0,325000,326000,-1000,-1000
062931,上証2X凱基01購01,0,0,0,0,0,0,0,0,0,-1000,0,0,0,0,1000,-1000,-1000
062900,台積電元大9B購04,0,0,0,0,0,0,0,0,0,-1000,0,0,0,31000,32000,-1000,-1000
059047,元油2X凱基9A購10,0,0,0,0,0,0,0,0,0,-1000,0,0,0,0,1000,-1000,-1000
059023,可成統一9B購02  ,0,0,0,0,0,0,0,0,0,-1000,0,0,0,2000,3000,-1000,-1000
058135,景碩元大99購01  ,0,0,0,0,0,0,0,0,0,-1000,0,0,0,0,1000,-1000,-1000
058138,晶相光元大9C購01,0,0,0,0,0,0,0,0,0,-1000,0,0,0,0,1000,-1000,-1000
057892,上証2X元富02購01,0,0,0,0,0,0,0,0,0,-1000,0,0,0,0,1000,-1000,-1000
058723,元石油國泰9A購01,0,0,0,0,0,0,0,0,0,-1000,0,0,0,2000,3000,-1000,-1000
058742,鴻海康和99購01  ,0,0,0,0,0,0,0,0,0,-1000,0,0,0,0,1000,-1000,-1000
057600,大立光群益99購03,0,0,0,0,0,0,0,0,0,-1000,0,0,0,0,1000,-1000,-1000
057308,同欣電兆豐99購01,0,0,0,0,0,0,0,0,0,-1000,0,0,0,0,1000,-1000,-1000
058559,華新科日盛99購02,0,0,0,0,0,0,0,0,0,-1000,0,0,0,0,1000,-1000,-1000
05855P,滬深2X中信9C售01,0,0,0,0,0,0,0,0,0,-1000,0,0,0,0,1000,-1000,-1000
058579,聯發科群益99購04,0,0,0,0,0,0,0,0,0,-1000,0,0,0,2000,3000,-1000,-1000
059276,可成元大99購06  ,0,0,0,0,0,0,0,0,0,-1000,0,0,0,0,1000,-1000,-1000
060568,SP黃豆永豐9A購01,0,0,0,0,0,0,0,0,0,-1000,0,0,0,0,1000,-1000,-1000
059700,鴻海凱基9A購16  ,0,0,0,0,0,0,0,0,0,-1000,0,0,0,0,1000,-1000,-1000
059719,台積電元大99購42,0,0,0,0,0,0,0,0,0,-1000,0,0,0,1000,2000,-1000,-1000
059451,國巨永豐99購05  ,0,0,0,0,0,0,0,0,0,-1000,0,0,0,0,1000,-1000,-1000
059426,鴻海元大99購31  ,0,0,0,0,0,0,0,0,0,-1000,0,0,0,0,1000,-1000,-1000
059403,T50反1台新03購03,0,0,0,0,0,0,0,0,0,-1000,0,0,0,0,1000,-1000,-1000
060975,滬深2X元大01購02,0,0,0,0,0,0,0,0,0,-1000,0,0,0,0,1000,-1000,-1000
060685,康友元大9A購01  ,0,0,0,0,0,0,0,0,0,-1000,0,0,0,0,1000,-1000,-1000
061635,台積電元大9A購34,0,0,0,0,0,0,0,0,0,-1000,0,0,0,0,1000,-1000,-1000
060847,康控國票9A購01  ,0,0,0,0,0,0,0,0,0,-1000,0,0,0,0,1000,-1000,-1000
060864,可成永豐9A購01  ,0,0,0,0,0,0,0,0,0,-1000,0,0,0,0,1000,-1000,-1000
060802,道瓊指中信9C購03,0,0,0,0,0,0,0,0,0,-1000,0,0,0,0,1000,-1000,-1000
060149,元金2X富邦04購01,0,0,0,0,0,0,0,0,0,-1000,0,0,0,0,1000,-1000,-1000
059995,南亞科元富99購01,0,0,0,0,0,0,0,0,0,-1000,0,0,0,5000,6000,-1000,-1000
060235,瑞昱元大9A購01  ,0,0,0,0,0,0,0,0,0,-1000,0,0,0,2000,3000,-1000,-1000
061512,國巨永豐9A購04  ,0,0,0,0,0,0,0,0,0,-1000,0,0,0,0,1000,-1000,-1000
062351,瑞祺群益9C購01  ,0,0,0,0,0,0,0,0,0,-1000,0,0,0,55000,56000,-1000,-1000
061851,智邦國票9B購01  ,0,0,0,0,0,0,0,0,0,-1000,0,0,0,0,1000,-1000,-1000
061811,A50正2群益01購03,0,0,0,0,0,0,0,0,0,-1000,0,0,0,2000,3000,-1000,-1000
064528,國巨中信02購01  ,0,0,0,0,0,0,0,0,0,-1000,0,0,0,0,1000,-1000,-1000
064544,國巨凱基9C購09  ,0,0,0,0,0,0,0,0,0,-1000,0,0,0,34000,35000,-1000,-1000
064566,大立光群益9C購04,0,0,0,0,0,0,0,0,0,-1000,0,0,0,0,1000,-1000,-1000
064453,微星統一02購01  ,0,0,0,0,0,0,0,0,0,-1000,0,0,0,261000,262000,-1000,-1000
064465,台表科統一01購02,0,0,0,0,0,0,0,0,0,-1000,0,0,0,19000,20000,-1000,-1000
064941,台積電台新9C購04,0,0,0,0,0,0,0,0,0,-1000,0,0,0,6000,7000,-1000,-1000
065106,S&P反1國票9C購02,0,0,0,0,0,0,0,0,0,-1000,0,0,0,0,1000,-1000,-1000
065011,智邦國泰02購01  ,0,0,0,0,0,0,0,0,0,-1000,0,0,0,80000,81000,-1000,-1000
065470,聚陽元大01購01  ,0,0,0,0,0,0,0,0,0,-1000,0,0,0,124000,125000,-1000,-1000
065346,台光電統一02購01,0,0,0,0,0,0,0,0,0,-1000,0,0,0,99000,100000,-1000,-1000
065378,嘉澤元大01購01  ,0,0,0,0,0,0,0,0,0,-1000,0,0,0,13000,14000,-1000,-1000
065385,億豐元大03購01  ,0,0,0,0,0,0,0,0,0,-1000,0,0,0,1000,2000,-1000,-1000
065944,大成鋼統一02購01,0,0,0,0,0,0,0,0,0,-1000,0,0,0,0,1000,-1000,-1000
066000,奇鋐國票02購01  ,0,0,0,0,0,0,0,0,0,-1000,0,0,0,38000,39000,-1000,-1000
066103,神基國票02購01  ,0,0,0,0,0,0,0,0,0,-1000,0,0,0,0,1000,-1000,-1000
065564,臺指反群益02購01,0,0,0,0,0,0,0,0,0,-1000,0,0,0,0,1000,-1000,-1000
066647,聯發科麥證01購04,0,0,0,0,1000,-1000,0,0,0,-1000,0,0,0,0,1000,-1000,-1000
066251,川湖元大01購01  ,0,0,0,0,0,0,0,0,0,-1000,0,0,0,260000,261000,-1000,-1000
066245,道瓊反元大02購01,0,0,0,0,0,0,0,0,0,-1000,0,0,0,0,1000,-1000,-1000
1312A,國喬特          ,0,0,0,0,0,0,0,0,0,-1000,1000,2000,-1000,0,0,0,-1000
08957P,聯電凱基03售02  ,0,0,0,0,0,0,0,0,0,-1000,0,0,0,0,1000,-1000,-1000
08785P,滬深2X元富01售04,0,0,0,0,0,0,0,0,0,-1000,0,0,0,5000,6000,-1000,-1000
08857P,台灣50國票01售07,0,0,0,0,0,0,0,0,0,-1000,0,0,0,0,1000,-1000,-1000
08878P,台積電凱基01售11,0,0,0,0,0,0,0,0,0,-1000,0,0,0,0,1000,-1000,-1000
08387P,臺股指群益9C售15,0,0,0,0,0,0,0,0,0,-1000,0,0,0,0,1000,-1000,-1000
08378P,世紀鋼元富9C售02,0,0,0,0,0,0,0,0,0,-1000,0,0,0,0,1000,-1000,-1000
08374P,緯穎凱基9C售01  ,0,0,0,0,0,0,0,0,0,-1000,0,0,0,6000,7000,-1000,-1000
08656P,大立光群益9C售07,0,0,0,0,0,0,0,0,0,-1000,0,0,0,0,1000,-1000,-1000
08687P,南六永豐01售02  ,0,0,0,0,0,0,0,0,0,-1000,0,0,0,0,1000,-1000,-1000
4438,廣越            ,16000,16000,0,0,0,0,0,0,0,-1000,0,1000,-1000,0,0,0,-1000
3164,景岳            ,17000,18000,-1000,0,0,0,0,0,0,0,0,0,0,0,0,0,-1000
2109,華豐            ,67000,68000,-1000,0,0,0,0,0,0,0,0,0,0,0,0,0,-1000
063990,世芯永豐01購01  ,0,0,0,0,0,0,0,0,0,-2000,0,0,0,0,2000,-2000,-2000
063863,儒鴻富邦02購01  ,0,0,0,0,0,0,0,0,0,-2000,0,0,0,168000,170000,-2000,-2000
064015,立積國票01購01  ,0,0,0,0,0,0,0,0,0,-2000,0,0,0,0,2000,-2000,-2000
064227,和碩國票01購01  ,0,0,0,0,0,0,0,0,0,-2000,0,0,0,0,2000,-2000,-2000
07522P,台積電中信9A售03,0,0,0,0,0,0,0,0,0,-2000,0,0,0,0,2000,-2000,-2000
07642P,華通凱基9A售05  ,0,0,0,0,0,0,0,0,0,-2000,0,0,0,0,2000,-2000,-2000
07660P,聯茂凱基9A售03  ,0,0,0,0,0,0,0,0,0,-2000,0,0,0,10000,12000,-2000,-2000
07354P,臺股指國票99售22,0,0,0,0,0,0,0,0,0,-2000,0,0,0,0,2000,-2000,-2000
07433P,臺股指國票9A售05,0,0,0,0,0,0,0,0,0,-2000,0,0,0,0,2000,-2000,-2000
07900P,臺股指凱基9B售03,0,0,0,0,0,0,0,0,0,-2000,0,0,0,0,2000,-2000,-2000
07799P,南電國票9A售04  ,0,0,0,0,0,0,0,0,0,-2000,0,0,0,0,2000,-2000,-2000
08110P,臺股指中信01售05,0,0,0,0,0,0,0,0,0,-2000,0,0,0,275000,277000,-2000,-2000
08258P,旺宏元大9C售04  ,0,0,0,0,0,0,0,0,0,-2000,0,0,0,3000,5000,-2000,-2000
07070P,晶相光元富99售01,0,0,0,0,0,0,0,0,0,-2000,0,0,0,3000,5000,-2000,-2000
07054P,華新科兆豐99售04,0,0,0,0,0,0,0,0,0,-2000,0,0,0,9000,11000,-2000,-2000
067795,臺股指群益01購07,0,0,0,0,0,0,0,0,0,-2000,0,0,0,0,2000,-2000,-2000
067355,大立光群益01購07,0,0,0,0,0,0,0,0,0,-2000,0,0,0,100000,102000,-2000,-2000
059240,台積電凱基9A購09,0,0,0,0,0,0,0,0,0,-2000,0,0,0,0,2000,-2000,-2000
057840,健策富邦99購01  ,0,0,0,0,0,0,0,0,0,-2000,0,0,0,0,2000,-2000,-2000
058822,樺漢國泰9B購01  ,0,0,0,0,0,0,0,0,0,-2000,0,0,0,0,2000,-2000,-2000
058884,世紀鋼永豐99購02,0,0,0,0,0,0,0,0,0,-2000,0,0,0,8000,10000,-2000,-2000
057402,嘉晶群益98購02  ,0,0,0,0,0,0,0,0,0,-2000,0,0,0,0,2000,-2000,-2000
059086,國巨元大99購18  ,0,0,0,0,0,0,0,0,0,-2000,0,0,0,4000,6000,-2000,-2000
062669,微星中信03購01  ,0,0,0,0,0,0,0,0,0,-2000,0,0,0,18000,20000,-2000,-2000
062654,技嘉永豐9B購01  ,0,0,0,0,0,0,0,0,0,-2000,0,0,0,8000,10000,-2000,-2000
062600,可成台新9B購01  ,0,0,0,0,0,0,0,0,0,-2000,0,0,0,0,2000,-2000,-2000
062730,致伸凱基9B購01  ,0,0,0,0,0,0,0,0,0,-2000,0,0,0,8000,10000,-2000,-2000
056810,群創統一9A購01  ,0,0,0,0,0,0,0,0,0,-2000,0,0,0,0,2000,-2000,-2000
057149,京鼎國票99購02  ,0,0,0,0,0,0,0,0,0,-2000,0,0,0,0,2000,-2000,-2000
055259,玉晶光統一9A購01,0,0,0,0,0,0,0,0,0,-2000,0,0,0,8000,10000,-2000,-2000
056431,鴻海凱基98購07  ,0,0,0,0,0,0,0,0,0,-2000,0,0,0,0,2000,-2000,-2000
056150,台光電凱基98購02,0,0,0,0,0,0,0,0,0,-2000,0,0,0,94000,96000,-2000,-2000
03425B,臺股指元大9A熊01,0,0,0,0,0,0,0,0,0,-2000,0,0,0,0,2000,-2000,-2000
03033X,元展30          ,0,0,0,0,0,0,0,0,0,-2000,0,0,0,0,2000,-2000,-2000
053316,友達群益9A購01  ,0,0,0,0,0,0,0,0,0,-2000,0,0,0,0,2000,-2000,-2000
057078,國巨統一9A購02  ,0,0,0,0,0,0,0,0,0,-2000,0,0,0,0,2000,-2000,-2000
057121,立積康和98購01  ,0,0,0,0,0,0,0,0,0,-2000,0,0,0,0,2000,-2000,-2000
054739,義隆凱基98購02  ,0,0,0,0,0,0,0,0,0,-2000,0,0,0,0,2000,-2000,-2000
054515,華通元大98購02  ,0,0,0,0,0,0,0,0,0,-2000,0,0,0,0,2000,-2000,-2000
052619,茂林國泰99購01  ,0,0,0,0,0,0,0,0,0,-2000,0,0,0,0,2000,-2000,-2000
03686C,臺股指元大04牛05,0,0,0,0,0,0,0,0,0,-2000,0,0,0,0,2000,-2000,-2000
00688L,國泰20年美債正2 ,0,0,0,0,0,0,0,0,0,-2000,0,0,0,100000,102000,-2000,-2000
020011,統一微波高息20N ,0,0,0,0,0,0,0,0,0,-2000,0,0,0,20000,22000,-2000,-2000
00742,新光內需收益    ,0,0,0,0,0,0,0,0,0,-2000,250000,250000,0,391000,393000,-2000,-2000
061953,台積電台新9B購04,0,0,0,0,0,0,0,0,0,-2000,0,0,0,3000,5000,-2000,-2000
061972,華新元大9B購01  ,0,0,0,0,0,0,0,0,0,-2000,0,0,0,22000,24000,-2000,-2000
061501,嘉澤國票9A購01  ,0,0,0,0,0,0,0,0,0,-2000,0,0,0,0,2000,-2000,-2000
062477,聯詠國票9B購01  ,0,0,0,0,0,0,0,0,0,-2000,0,0,0,0,2000,-2000,-2000
062144,華通國票9B購01  ,0,0,0,0,0,0,0,0,0,-2000,0,0,0,0,2000,-2000,-2000
060174,T50反1元富04購01,0,0,0,0,0,0,0,0,0,-2000,0,0,0,6000,8000,-2000,-2000
060208,卜蜂康和9A購01  ,0,0,0,0,0,0,0,0,0,-2000,0,0,0,39000,41000,-2000,-2000
063066,同欣電麥證9B購01,0,0,0,0,2000,-2000,0,0,0,-2000,0,0,0,0,2000,-2000,-2000
059990,健策元大9A購01  ,0,0,0,0,0,0,0,0,0,-2000,0,0,0,0,2000,-2000,-2000
062051,上銀統一9C購02  ,0,0,0,0,0,0,0,0,0,-2000,0,0,0,0,2000,-2000,-2000
061181,牧德凱基9A購01  ,0,0,0,0,0,0,0,0,0,-2000,0,0,0,0,2000,-2000,-2000
062023,寶成永豐9B購01  ,0,0,0,0,0,0,0,0,0,-2000,0,0,0,17000,19000,-2000,-2000
060779,臺股指凱基9A購07,0,0,0,0,0,0,0,0,0,-2000,0,0,0,0,2000,-2000,-2000
060905,台積電元大9A購20,0,0,0,0,0,0,0,0,0,-2000,0,0,0,0,2000,-2000,-2000
060368,緯穎元富9A購03  ,0,0,0,0,0,0,0,0,0,-2000,0,0,0,0,2000,-2000,-2000
060980,台積電元大9A購21,0,0,0,0,0,0,0,0,0,-2000,0,0,0,0,2000,-2000,-2000
060941,台積電國票9B購04,0,0,0,0,0,0,0,0,0,-2000,0,0,0,0,2000,-2000,-2000
062452,A50正2群益01購04,0,0,0,0,0,0,0,0,0,-2000,0,0,0,0,2000,-2000,-2000
061609,華新科統一9C購01,0,0,0,0,0,0,0,0,0,-2000,0,0,0,0,2000,-2000,-2000
062431,元金2X元大9B購02,0,0,0,0,0,0,0,0,0,-2000,0,0,0,0,2000,-2000,-2000
059712,滬深2X元大9C購03,0,0,0,0,0,0,0,0,0,-2000,0,0,0,0,2000,-2000,-2000
059605,臺股指元大9A購42,0,0,0,0,0,0,0,0,0,-2000,0,0,0,0,2000,-2000,-2000
059572,華新科凱基99購08,0,0,0,0,0,0,0,0,0,-2000,0,0,0,12000,14000,-2000,-2000
060511,群創元大9B購08  ,0,0,0,0,0,0,0,0,0,-2000,0,0,0,0,2000,-2000,-2000
063466,美食元大9B購02  ,0,0,0,0,0,0,0,0,0,-2000,0,0,0,0,2000,-2000,-2000
063537,華擎統一9C購03  ,0,0,0,0,0,0,0,0,0,-2000,0,0,0,0,2000,-2000,-2000
063535,聯發科統一9B購13,0,0,0,0,0,0,0,0,0,-2000,0,0,0,0,2000,-2000,-2000
063329,健策國票9C購01  ,0,0,0,0,0,0,0,0,0,-2000,0,0,0,4000,6000,-2000,-2000
066477,鴻海元富07購01  ,0,0,0,0,0,0,0,0,0,-2000,0,0,0,0,2000,-2000,-2000
066067,台積電凱基02購05,0,0,0,0,0,0,0,0,0,-2000,0,0,0,0,2000,-2000,-2000
065840,國巨元大03購01  ,0,0,0,0,0,0,0,0,0,-2000,0,0,0,40000,42000,-2000,-2000
065822,緯創台新9C購01  ,0,0,0,0,0,0,0,0,0,-2000,0,0,0,0,2000,-2000,-2000
065049,世芯凱基02購01  ,0,0,0,0,0,0,0,0,0,-2000,0,0,0,64000,66000,-2000,-2000
065117,臺股指國票9C購14,0,0,0,0,0,0,0,0,0,-2000,0,0,0,0,2000,-2000,-2000
064946,台積電凱基01購07,0,0,0,0,0,0,0,0,0,-2000,0,0,0,0,2000,-2000,-2000
064337,大毅元大01購02  ,0,0,0,0,0,0,0,0,0,-2000,0,0,0,0,2000,-2000,-2000
064338,美食元大9C購01  ,0,0,0,0,0,0,0,0,0,-2000,0,0,0,0,2000,-2000,-2000
063735,華新科元大9B購15,0,0,0,0,0,0,0,0,0,-2000,0,0,0,3000,5000,-2000,-2000
063755,上銀統一9C購03  ,0,0,0,0,0,0,0,0,0,-2000,0,0,0,0,2000,-2000,-2000
064701,巨大群益9C購02  ,0,0,0,0,0,0,0,0,0,-2000,0,0,0,17000,19000,-2000,-2000
2114,鑫永銓          ,22000,24000,-2000,0,0,0,0,0,0,0,0,0,0,0,0,0,-2000
2882A,國泰特          ,0,2000,-2000,0,0,0,0,0,0,0,0,0,0,0,0,0,-2000
4763,材料-KY         ,19000,21000,-2000,0,0,0,0,0,0,0,0,0,0,0,0,0,-2000
08748P,台積電元富07售02,0,0,0,0,0,0,0,0,0,-2000,0,0,0,268000,270000,-2000,-2000
08579P,臺股指元大9C售27,0,0,0,0,0,0,0,0,0,-2000,0,0,0,0,2000,-2000,-2000
08616P,聯發科元富9C售02,0,0,0,0,0,0,0,0,0,-2000,0,0,0,0,2000,-2000,-2000
08402P,台灣50元大9C售40,0,0,0,0,0,0,0,0,0,-2000,0,0,0,0,2000,-2000,-2000
08425P,世紀鋼元富9C售03,0,0,0,0,0,0,0,0,0,-2000,0,0,0,0,2000,-2000,-2000
08533P,技嘉元富06售02  ,0,0,0,0,0,0,0,0,0,-2000,0,0,0,37000,39000,-2000,-2000
08969P,臺股指元大01售12,0,0,0,0,0,0,0,0,0,-2000,0,0,0,0,2000,-2000,-2000
08974P,可成群益02售02  ,0,0,0,0,0,0,0,0,0,-2000,0,0,0,0,2000,-2000,-2000
08761P,聯詠元大01售02  ,0,0,0,0,0,0,0,0,0,-2000,0,0,0,47000,49000,-2000,-2000
08818P,台灣50凱基01售18,0,0,0,0,0,0,0,0,0,-2000,0,0,0,0,2000,-2000,-2000
8404,百和興業-KY     ,86000,88000,-2000,0,0,0,0,0,0,0,0,0,0,0,0,0,-2000
067329,巨大康和01購02  ,0,0,0,0,0,0,0,0,0,-3000,0,0,0,1000,4000,-3000,-3000
067790,台表科群益01購03,0,0,0,0,0,0,0,0,0,-3000,0,0,0,0,3000,-3000,-3000
067687,啟碁元大01購02  ,0,0,0,0,0,0,0,0,0,-3000,0,0,0,0,3000,-3000,-3000
07040P,台灣50元大9C售02,0,0,0,0,0,0,0,0,0,-3000,0,0,0,0,3000,-3000,-3000
06902P,聯電凱基98售02  ,0,0,0,0,0,0,0,0,0,-3000,0,0,0,0,3000,-3000,-3000
07090P,台灣50凱基01售01,0,0,0,0,0,0,0,0,0,-3000,0,0,0,0,3000,-3000,-3000
066902,台泥凱基01購01  ,0,0,0,0,0,0,0,0,0,-3000,0,0,0,128000,131000,-3000,-3000
066691,京元電台新01購01,0,0,0,0,0,0,0,0,0,-3000,0,0,0,0,3000,-3000,-3000
066787,聯發科麥證01購06,0,0,0,0,3000,-3000,0,0,0,-3000,0,0,0,0,3000,-3000,-3000
066810,瀚宇博凱基02購01,0,0,0,0,0,0,0,0,0,-3000,0,0,0,130000,133000,-3000,-3000
067163,眾達國票02購01  ,0,0,0,0,0,0,0,0,0,-3000,0,0,0,37000,40000,-3000,-3000
067272,鴻海統一01購05  ,0,0,0,0,0,0,0,0,0,-3000,0,0,0,0,3000,-3000,-3000
07807P,聯茂永豐9A售02  ,0,0,0,0,0,0,0,0,0,-3000,0,0,0,0,3000,-3000,-3000
07890P,南電國票9B售01  ,0,0,0,0,0,0,0,0,0,-3000,0,0,0,0,3000,-3000,-3000
07190P,臺股指富邦9C售02,0,0,0,0,0,0,0,0,0,-3000,0,0,0,0,3000,-3000,-3000
064138,亞德客統一01購02,0,0,0,0,0,0,0,0,0,-3000,0,0,0,7000,10000,-3000,-3000
063972,緯創國票9C購01  ,0,0,0,0,0,0,0,0,0,-3000,0,0,0,3000,6000,-3000,-3000
03453B,臺股指元大02熊02,0,0,0,0,0,0,0,0,0,-3000,0,0,0,10000,13000,-3000,-3000
054565,玉晶光群益99購02,0,0,0,0,0,0,0,0,0,-3000,0,0,0,0,3000,-3000,-3000
056200,大毅永豐98購01  ,0,0,0,0,0,0,0,0,0,-3000,0,0,0,0,3000,-3000,-3000
056355,台積電元大98購08,0,0,0,0,0,0,0,0,0,-3000,0,0,0,0,3000,-3000,-3000
055579,健策統一9A購01  ,0,0,0,0,0,0,0,0,0,-3000,0,0,0,0,3000,-3000,-3000
058343,台積電群益99購02,0,0,0,0,0,0,0,0,0,-3000,0,0,0,6000,9000,-3000,-3000
056635,亞德客日盛99購01,0,0,0,0,0,0,0,0,0,-3000,0,0,0,0,3000,-3000,-3000
062775,大成鋼元大9B購02,0,0,0,0,0,0,0,0,0,-3000,0,0,0,50000,53000,-3000,-3000
059144,嘉晶國票9A購02  ,0,0,0,0,0,0,0,0,0,-3000,0,0,0,0,3000,-3000,-3000
059145,創意國票99購02  ,0,0,0,0,0,0,0,0,0,-3000,0,0,0,5000,8000,-3000,-3000
057882,華通群益9A購03  ,0,0,0,0,0,0,0,0,0,-3000,0,0,0,17000,20000,-3000,-3000
059153,臺股指國票99購16,0,0,0,0,0,0,0,0,0,-3000,0,0,0,3000,6000,-3000,-3000
058008,禾伸堂國票99購02,0,0,0,0,0,0,0,0,0,-3000,0,0,0,0,3000,-3000,-3000
058636,亞光兆豐9A購01  ,0,0,0,0,0,0,0,0,0,-3000,0,0,0,0,3000,-3000,-3000
057331,台積電國票99購04,0,0,0,0,0,0,0,0,0,-3000,0,0,0,45000,48000,-3000,-3000
057437,可成國票99購01  ,0,0,0,0,0,0,0,0,0,-3000,0,0,0,7000,10000,-3000,-3000
058694,鈺齊國票9A購02  ,0,0,0,0,0,0,0,0,0,-3000,0,0,0,0,3000,-3000,-3000
058808,大成鋼統一9B購01,0,0,0,0,0,0,0,0,0,-3000,0,0,0,0,3000,-3000,-3000
057651,矽力元大98購03  ,0,0,0,0,0,0,0,0,0,-3000,0,0,0,0,3000,-3000,-3000
063331,瑞儀國票9C購01  ,0,0,0,0,0,0,0,0,0,-3000,0,0,0,0,3000,-3000,-3000
060569,台積電永豐9A購01,0,0,0,0,0,0,0,0,0,-3000,0,0,0,0,3000,-3000,-3000
060519,S&P500中信01購01,0,0,0,0,0,0,0,0,0,-3000,0,0,0,0,3000,-3000,-3000
060464,台積電元大9A購11,0,0,0,0,0,0,0,0,0,-3000,0,0,0,0,3000,-3000,-3000
059505,上証2X永豐99購02,0,0,0,0,0,0,0,0,0,-3000,0,0,0,2000,5000,-3000,-3000
061162,南電群益9A購02  ,0,0,0,0,0,0,0,0,0,-3000,0,0,0,7000,10000,-3000,-3000
062861,世芯國票9C購01  ,0,0,0,0,0,0,0,0,0,-3000,0,0,0,0,3000,-3000,-3000
062053,華通統一9C購02  ,0,0,0,0,0,0,0,0,0,-3000,0,0,0,0,3000,-3000,-3000
059889,華新科國票99購04,0,0,0,0,0,0,0,0,0,-3000,0,0,0,1000,4000,-3000,-3000
061457,TPK凱基9A購01   ,0,0,0,0,0,0,0,0,0,-3000,0,0,0,67000,70000,-3000,-3000
061222,台灣50中信9A購02,0,0,0,0,0,0,0,0,0,-3000,0,0,0,38000,41000,-3000,-3000
061482,健策元大9C購01  ,0,0,0,0,0,0,0,0,0,-3000,0,0,0,0,3000,-3000,-3000
061475,漢唐元大9A購01  ,0,0,0,0,0,0,0,0,0,-3000,0,0,0,0,3000,-3000,-3000
061973,上銀元大9B購01  ,0,0,0,0,0,0,0,0,0,-3000,0,0,0,0,3000,-3000,-3000
061916,元金2X凱基02購01,0,0,0,0,0,0,0,0,0,-3000,0,0,0,0,3000,-3000,-3000
061817,高鐵群益9B購01  ,0,0,0,0,0,0,0,0,0,-3000,0,0,0,60000,63000,-3000,-3000
06478P,臺股指日盛9A售01,0,0,0,0,0,0,0,0,0,-3000,0,0,0,16000,19000,-3000,-3000
064655,聚陽元大9C購02  ,0,0,0,0,0,0,0,0,0,-3000,0,0,0,225000,228000,-3000,-3000
064439,大立光凱基03購02,0,0,0,0,0,0,0,0,0,-3000,0,0,0,21000,24000,-3000,-3000
064921,景碩統一02購01  ,0,0,0,0,0,0,0,0,0,-3000,0,0,0,212000,215000,-3000,-3000
065317,上銀凱基9C購03  ,0,0,0,0,0,0,0,0,0,-3000,0,0,0,0,3000,-3000,-3000
065620,金融類元大9C購03,0,0,0,0,0,0,0,0,0,-3000,0,0,0,9000,12000,-3000,-3000
065664,矽格永豐9C購01  ,0,0,0,0,0,0,0,0,0,-3000,0,0,0,10000,13000,-3000,-3000
065677,南亞科統一03購02,0,0,0,0,0,0,0,0,0,-3000,0,0,0,65000,68000,-3000,-3000
066147,美利達群益01購01,0,0,0,0,0,0,0,0,0,-3000,0,0,0,116000,119000,-3000,-3000
6491,晶碩            ,91000,101000,-10000,0,0,0,4000,0,4000,3000,0,0,0,9000,6000,3000,-3000
08610P,鴻海凱基9C售05  ,0,0,0,0,0,0,0,0,0,-3000,0,0,0,25000,28000,-3000,-3000
08743P,群創凱基01售04  ,0,0,0,0,0,0,0,0,0,-3000,0,0,0,27000,30000,-3000,-3000
08727P,健策群益01售07  ,0,0,0,0,0,0,0,0,0,-3000,0,0,0,11000,14000,-3000,-3000
4560,強信-KY         ,235000,238000,-3000,0,0,0,0,0,0,0,0,0,0,0,0,0,-3000
064006,晶技凱基9C購02  ,0,0,0,0,0,0,0,0,0,-4000,0,0,0,80000,84000,-4000,-4000
063853,同欣電元大9C購02,0,0,0,0,0,0,0,0,0,-4000,0,0,0,103000,107000,-4000,-4000
064208,智邦凱基02購01  ,0,0,0,0,0,0,0,0,0,-4000,0,0,0,91000,95000,-4000,-4000
07783P,聯發科富邦9C售03,0,0,0,0,0,0,0,0,0,-4000,0,0,0,0,4000,-4000,-4000
07459P,緯穎元大9A售01  ,0,0,0,0,0,0,0,0,0,-4000,0,0,0,0,4000,-4000,-4000
07600P,台灣50凱基04售06,0,0,0,0,0,0,0,0,0,-4000,0,0,0,1000,5000,-4000,-4000
07980P,臺股指凱基02售01,0,0,0,0,0,0,0,0,0,-4000,0,0,0,0,4000,-4000,-4000
06922P,元上證群益9C售01,0,0,0,0,0,0,0,0,0,-4000,0,0,0,0,4000,-4000,-4000
06981P,台灣50麥證99售02,0,0,0,0,4000,-4000,0,0,0,-4000,0,0,0,0,4000,-4000,-4000
067733,力山元大01購01  ,0,0,0,0,0,0,0,0,0,-4000,0,0,0,0,4000,-4000,-4000
067751,臺股指元大01購15,0,0,0,0,0,0,0,0,0,-4000,0,0,0,0,4000,-4000,-4000
067708,華新科元富01購01,0,0,0,0,0,0,0,0,0,-4000,0,0,0,0,4000,-4000,-4000
067445,台積電國票01購06,0,0,0,0,0,0,0,0,0,-4000,0,0,0,0,4000,-4000,-4000
057843,晶技永豐98購02  ,0,0,0,0,0,0,0,0,0,-4000,0,0,0,21000,25000,-4000,-4000
057767,緯穎凱基98購06  ,0,0,0,0,0,0,0,0,0,-4000,0,0,0,40000,44000,-4000,-4000
059177,臺股指凱基99購28,0,0,0,0,0,0,0,0,0,-4000,0,0,0,0,4000,-4000,-4000
057586,台積電國票99購06,0,0,0,0,0,0,0,0,0,-4000,0,0,0,0,4000,-4000,-4000
057578,可成中信99購01  ,0,0,0,0,0,0,0,0,0,-4000,0,0,0,141000,145000,-4000,-4000
058633,台灣50兆豐99購01,0,0,0,0,0,0,0,0,0,-4000,0,0,0,1672000,1676000,-4000,-4000
057877,神達元大99購01  ,0,0,0,0,0,0,0,0,0,-4000,0,0,0,0,4000,-4000,-4000
058204,世芯凱基9A購01  ,0,0,0,0,0,0,0,0,0,-4000,0,0,0,10000,14000,-4000,-4000
062812,國巨兆豐9B購03  ,0,0,0,0,0,0,0,0,0,-4000,0,0,0,55000,59000,-4000,-4000
058347,玉晶光群益9B購01,0,0,0,0,0,0,0,0,0,-4000,0,0,0,0,4000,-4000,-4000
057225,華新凱基98購01  ,0,0,0,0,0,0,0,0,0,-4000,0,0,0,36000,40000,-4000,-4000
056214,義隆國票99購01  ,0,0,0,0,0,0,0,0,0,-4000,0,0,0,13000,17000,-4000,-4000
056498,A50正2富邦9B購01,0,0,0,0,0,0,0,0,0,-4000,0,0,0,7000,11000,-4000,-4000
057086,立積統一9C購01  ,0,0,0,0,0,0,0,0,0,-4000,0,0,0,0,4000,-4000,-4000
0053,元大電子        ,0,0,0,0,0,0,0,0,0,-4000,0,0,0,22000,26000,-4000,-4000
060843,大立光國票9A購06,0,0,0,0,0,0,0,0,0,-4000,0,0,0,0,4000,-4000,-4000
060597,華通凱基9A購04  ,0,0,0,0,0,0,0,0,0,-4000,0,0,0,16000,20000,-4000,-4000
060599,國巨凱基9C購01  ,0,0,0,0,0,0,0,0,0,-4000,0,0,0,8000,12000,-4000,-4000
063401,中租群益9B購03  ,0,0,0,0,0,0,0,0,0,-4000,0,0,0,0,4000,-4000,-4000
065911,超眾永豐9C購01  ,0,0,0,0,0,0,0,0,0,-4000,0,0,0,68000,72000,-4000,-4000
066003,台表科國票02購02,0,0,0,0,0,0,0,0,0,-4000,0,0,0,29000,33000,-4000,-4000
064919,嘉晶統一02購02  ,0,0,0,0,0,0,0,0,0,-4000,0,0,0,17000,21000,-4000,-4000
064467,南亞科元富9C購02,0,0,0,0,0,0,0,0,0,-4000,0,0,0,8000,12000,-4000,-4000
064832,長榮航統一01購01,0,0,0,0,0,0,0,0,0,-4000,0,0,0,0,4000,-4000,-4000
08603P,電子類元大9C售02,0,0,0,0,0,0,0,0,0,-4000,0,0,0,10000,14000,-4000,-4000
08631P,臺股指麥證9C售06,0,0,0,7000,11000,-4000,0,0,0,-4000,0,0,0,7000,11000,-4000,-4000
08408P,臺股指元大9C售14,0,0,0,0,0,0,0,0,0,-4000,0,0,0,0,4000,-4000,-4000
08764P,台灣50富邦03售03,0,0,0,0,0,0,0,0,0,-4000,0,0,0,0,4000,-4000,-4000
08955P,台灣50凱基04售09,0,0,0,0,0,0,0,0,0,-4000,0,0,0,0,4000,-4000,-4000
08855P,台灣50國票01售05,0,0,0,0,0,0,0,0,0,-4000,0,0,0,0,4000,-4000,-4000
1418,東華            ,0,4000,-4000,0,0,0,0,0,0,0,0,0,0,0,0,0,-4000
8201,無敵            ,40000,46000,-6000,0,0,0,0,0,0,2000,2000,0,2000,0,0,0,-4000
9906,欣巴巴          ,9000,13000,-4000,0,0,0,0,0,0,0,0,0,0,0,0,0,-4000
067460,晶技永豐01購02  ,0,0,0,0,0,0,0,0,0,-5000,0,0,0,11000,16000,-5000,-5000
067553,上証2X國票02購03,0,0,0,0,0,0,0,0,0,-5000,0,0,0,0,5000,-5000,-5000
067743,緯創元大01購02  ,1000,0,1000,0,0,0,0,0,0,-6000,0,0,0,3000,9000,-6000,-5000
067773,台郡統一02購04  ,0,0,0,0,0,0,0,0,0,-5000,0,0,0,0,5000,-5000,-5000
067768,鴻海統一03購05  ,0,0,0,0,0,0,0,0,0,-5000,0,0,0,0,5000,-5000,-5000
067647,鴻海元富07購09  ,0,0,0,0,0,0,0,0,0,-5000,0,0,0,0,5000,-5000,-5000
067641,群創統一01購02  ,0,0,0,0,0,0,0,0,0,-5000,0,0,0,0,5000,-5000,-5000
07031P,台灣50中信03售02,0,0,0,0,0,0,0,0,0,-5000,0,0,0,0,5000,-5000,-5000
07006P,旺宏統一9B售03  ,0,0,0,0,0,0,0,0,0,-5000,0,0,0,0,5000,-5000,-5000
07080P,健策群益9A售01  ,0,0,0,0,0,0,0,0,0,-5000,0,0,0,0,5000,-5000,-5000
07158P,FBVIX國泰9C售01 ,0,0,0,0,0,0,0,0,0,-5000,0,0,0,0,5000,-5000,-5000
067218,鎧勝元大01購04  ,0,0,0,0,0,0,0,0,0,-5000,0,0,0,0,5000,-5000,-5000
067159,上証2X國票02購01,0,0,0,0,0,0,0,0,0,-5000,0,0,0,0,5000,-5000,-5000
066746,聯茂元大01購01  ,0,0,0,0,0,0,0,0,0,-5000,0,0,0,354000,359000,-5000,-5000
066696,臺指反群益01購02,0,0,0,0,0,0,0,0,0,-5000,0,0,0,0,5000,-5000,-5000
066964,T50反1元富07購04,0,0,0,0,0,0,0,0,0,-5000,0,0,0,0,5000,-5000,-5000
08052P,臺股指國票9B售17,0,0,0,0,0,0,0,0,0,-5000,0,0,0,0,5000,-5000,-5000
08065P,瑞昱凱基9B售03  ,0,0,0,0,0,0,0,0,0,-5000,0,0,0,0,5000,-5000,-5000
08088P,義隆凱基9B售03  ,0,0,0,0,0,0,0,0,0,-5000,0,0,0,0,5000,-5000,-5000
08315P,台積電元大9C售08,0,0,0,0,0,0,0,0,0,-5000,0,0,0,311000,316000,-5000,-5000
07603P,台積電統一9B售08,0,0,0,0,0,0,0,0,0,-5000,0,0,0,0,5000,-5000,-5000
07304P,臺股指元大9A售37,0,0,0,0,0,0,0,0,0,-5000,0,0,0,0,5000,-5000,-5000
07283P,華新科凱基99售07,0,0,0,0,0,0,0,0,0,-5000,0,0,0,0,5000,-5000,-5000
07754P,日月光元大9A售02,0,0,0,0,0,0,0,0,0,-5000,0,0,0,0,5000,-5000,-5000
07935P,臺股指國票9B售07,0,0,0,0,0,0,0,0,0,-5000,0,0,0,0,5000,-5000,-5000
07978P,茂林群益9B售02  ,0,0,0,0,0,0,0,0,0,-5000,0,0,0,10000,15000,-5000,-5000
063620,奇力新兆豐9B購01,0,0,0,0,0,0,0,0,0,-5000,0,0,0,0,5000,-5000,-5000
063617,鴻海兆豐01購01  ,0,0,0,0,0,0,0,0,0,-5000,0,0,0,0,5000,-5000,-5000
063821,南亞科麥證9C購01,0,0,0,5000,10000,-5000,0,0,0,-5000,0,0,0,5000,10000,-5000,-5000
063893,微星群益9C購01  ,0,0,0,0,0,0,0,0,0,-5000,0,0,0,0,5000,-5000,-5000
064003,台積電凱基01購03,0,0,0,0,0,0,0,0,0,-5000,0,0,0,0,5000,-5000,-5000
046905,新光金凱基99購01,0,0,0,0,0,0,0,0,0,-5000,0,0,0,0,5000,-5000,-5000
048414,滬深2X統一98購01,0,0,0,0,0,0,0,0,0,-5000,0,0,0,5000,10000,-5000,-5000
048105,滬深2X群益99購02,0,0,0,0,0,0,0,0,0,-5000,0,0,0,24000,29000,-5000,-5000
057093,臻鼎元富98購02  ,0,0,0,0,0,0,0,0,0,-5000,0,0,0,5000,10000,-5000,-5000
054742,京鼎凱基99購01  ,0,0,0,0,0,0,0,0,0,-5000,0,0,0,38000,43000,-5000,-5000
054100,致伸國票97購03  ,0,0,0,0,0,0,0,0,0,-5000,0,0,0,0,5000,-5000,-5000
054468,台郡凱基98購01  ,0,0,0,0,0,0,0,0,0,-5000,0,0,0,0,5000,-5000,-5000
056915,上銀兆豐99購01  ,0,0,0,0,0,0,0,0,0,-5000,0,0,0,12000,17000,-5000,-5000
056511,超眾永豐98購01  ,0,0,0,0,0,0,0,0,0,-5000,0,0,0,0,5000,-5000,-5000
056292,統一元大97購01  ,0,0,0,0,0,0,0,0,0,-5000,0,0,0,0,5000,-5000,-5000
056277,上銀富邦99購02  ,0,0,0,0,0,0,0,0,0,-5000,0,0,0,0,5000,-5000,-5000
056325,群創兆豐9A購01  ,0,0,0,0,0,0,0,0,0,-5000,0,0,0,5000,10000,-5000,-5000
055384,緯穎元大98購02  ,0,0,0,0,0,0,0,0,0,-5000,0,0,0,0,5000,-5000,-5000
055039,神達富邦99購01  ,0,0,0,0,0,0,0,0,0,-5000,0,0,0,0,5000,-5000,-5000
058492,華通群益9B購01  ,0,0,0,0,0,0,0,0,0,-5000,0,0,0,0,5000,-5000,-5000
057180,華新科元大99購08,0,0,0,0,0,0,0,0,0,-5000,0,0,0,0,5000,-5000,-5000
058433,台積電統一9B購04,0,0,0,0,0,0,0,0,0,-5000,0,0,0,1000,6000,-5000,-5000
058474,鴻海凱基9A購06  ,0,0,0,0,0,0,0,0,0,-5000,0,0,0,0,5000,-5000,-5000
056610,鴻海永豐98購01  ,0,0,0,0,0,0,0,0,0,-5000,0,0,0,0,5000,-5000,-5000
062843,臺股指群益9B購10,0,0,0,0,0,0,0,0,0,-5000,0,0,0,3000,8000,-5000,-5000
062712,晶技麥證9B購02  ,0,0,0,0,5000,-5000,0,0,0,-5000,0,0,0,0,5000,-5000,-5000
062594,祥碩統一01購02  ,0,0,0,0,0,0,0,0,0,-5000,0,0,0,24000,29000,-5000,-5000
062607,美食凱基9B購01  ,0,0,0,0,0,0,0,0,0,-5000,0,0,0,0,5000,-5000,-5000
058722,台郡元富99購01  ,0,0,0,0,0,0,0,0,0,-5000,0,0,0,10000,15000,-5000,-5000
058679,可成日盛99購01  ,0,0,0,0,0,0,0,0,0,-5000,0,0,0,0,5000,-5000,-5000
058938,台積電中信01購03,0,0,0,0,0,0,0,0,0,-5000,0,0,0,20000,25000,-5000,-5000
058812,台積電統一9B購06,0,0,0,0,0,0,0,0,0,-5000,0,0,0,0,5000,-5000,-5000
057799,世紀鋼兆豐98購01,0,0,0,0,0,0,0,0,0,-5000,0,0,0,0,5000,-5000,-5000
057848,台表科永豐98購02,0,0,0,0,0,0,0,0,0,-5000,0,0,0,23000,28000,-5000,-5000
057850,上銀兆豐99購02  ,0,0,0,0,0,0,0,0,0,-5000,0,0,0,0,5000,-5000,-5000
057665,技嘉元大99購01  ,0,0,0,0,0,0,0,0,0,-5000,0,0,0,23000,28000,-5000,-5000
059069,臺指反元大9C購01,0,0,0,0,0,0,0,0,0,-5000,0,0,0,0,5000,-5000,-5000
063337,國巨統一02購02  ,0,0,0,0,0,0,0,0,0,-5000,0,0,0,40000,45000,-5000,-5000
063214,康控國票9C購01  ,0,0,0,0,0,0,0,0,0,-5000,0,0,0,0,5000,-5000,-5000
060521,鴻海中信01購03  ,0,0,0,0,0,0,0,0,0,-5000,0,0,0,0,5000,-5000,-5000
059629,友達凱基99購06  ,0,0,0,0,0,0,0,0,0,-5000,0,0,0,5000,10000,-5000,-5000
059707,健策凱基9A購03  ,0,0,0,0,0,0,0,0,0,-5000,0,0,0,13000,18000,-5000,-5000
060409,味全永豐9A購01  ,0,0,0,0,0,0,0,0,0,-5000,0,0,0,20000,25000,-5000,-5000
062404,新唐永豐9B購01  ,0,0,0,0,0,0,0,0,0,-5000,0,0,0,60000,65000,-5000,-5000
062454,華通群益9C購03  ,0,0,0,0,0,0,0,0,0,-5000,0,0,0,55000,60000,-5000,-5000
061043,百和永豐9A購01  ,0,0,0,0,0,0,0,0,0,-5000,0,0,0,0,5000,-5000,-5000
061072,南電凱基9B購01  ,0,0,0,0,0,0,0,0,0,-5000,0,0,0,0,5000,-5000,-5000
061565,滬深2X元大9A購08,0,0,0,0,0,0,0,0,0,-5000,0,0,0,0,5000,-5000,-5000
061802,勤誠永豐9B購01  ,0,0,0,0,0,0,0,0,0,-5000,0,0,0,0,5000,-5000,-5000
062316,康控凱基9B購03  ,0,0,0,0,0,0,0,0,0,-5000,0,0,0,0,5000,-5000,-5000
061930,臺股指凱基9B購05,0,0,0,0,0,0,0,0,0,-5000,0,0,0,0,5000,-5000,-5000
061965,台積電統一02購02,0,0,0,0,0,0,0,0,0,-5000,0,0,0,0,5000,-5000,-5000
062000,臺股指元大9B購24,0,0,0,0,0,0,0,0,0,-5000,0,0,0,0,5000,-5000,-5000
062524,鴻海統一9C購09  ,0,0,0,0,0,0,0,0,0,-5000,0,0,0,0,5000,-5000,-5000
061499,嘉晶國票9A購03  ,0,0,0,0,0,0,0,0,0,-5000,0,0,0,20000,25000,-5000,-5000
061452,大成鋼凱基9A購01,0,0,0,0,0,0,0,0,0,-5000,0,0,0,0,5000,-5000,-5000
062223,大立光統一9C購04,0,0,0,0,0,0,0,0,0,-5000,0,0,0,0,5000,-5000,-5000
060014,中鋼康和99購01  ,0,0,0,0,0,0,0,0,0,-5000,0,0,0,0,5000,-5000,-5000
060017,全新康和99購01  ,0,0,0,0,0,0,0,0,0,-5000,0,0,0,15000,20000,-5000,-5000
063047,大立光兆豐9B購03,0,0,0,0,0,0,0,0,0,-5000,0,0,0,0,5000,-5000,-5000
061302,晶技永豐9A購04  ,0,0,0,0,0,0,0,0,0,-5000,0,0,0,20000,25000,-5000,-5000
061143,道瓊指中信9C購04,0,0,0,0,0,0,0,0,0,-5000,0,0,0,0,5000,-5000,-5000
064696,群創群益9C購02  ,0,0,0,0,0,0,0,0,0,-5000,0,0,0,0,5000,-5000,-5000
064698,致伸群益9C購01  ,0,0,0,0,0,0,0,0,0,-5000,0,0,0,0,5000,-5000,-5000
064540,神達麥證01購01  ,0,0,0,0,5000,-5000,0,0,0,-5000,0,0,0,0,5000,-5000,-5000
064878,大立光兆豐9C購03,0,0,0,0,0,0,0,0,0,-5000,0,0,0,0,5000,-5000,-5000
064857,T50反1富邦01購02,0,0,0,0,0,0,0,0,0,-5000,0,0,0,0,5000,-5000,-5000
064971,裕隆元大01購01  ,0,0,0,0,0,0,0,0,0,-5000,0,0,0,295000,300000,-5000,-5000
06510P,燿華永豐98售03  ,0,0,0,0,0,0,0,0,0,-5000,0,0,0,0,5000,-5000,-5000
065157,世芯群益9C購02  ,0,0,0,0,0,0,0,0,0,-5000,0,0,0,5000,10000,-5000,-5000
065909,大立光永豐9C購02,0,0,0,0,0,0,0,0,0,-5000,0,0,0,122000,127000,-5000,-5000
065714,矽創群益9C購02  ,0,0,0,0,0,0,0,0,0,-5000,0,0,0,30000,35000,-5000,-5000
065738,國巨麥證9C購04  ,0,0,0,0,5000,-5000,0,0,0,-5000,0,0,0,0,5000,-5000,-5000
065734,凌華凱基9C購01  ,0,0,0,0,0,0,0,0,0,-5000,0,0,0,0,5000,-5000,-5000
065618,電子類元大9C購01,0,0,0,0,0,0,0,0,0,-5000,0,0,0,0,5000,-5000,-5000
065610,牧德元大02購01  ,0,0,0,0,0,0,0,0,0,-5000,0,0,0,5000,10000,-5000,-5000
066264,金像電元大01購01,0,0,0,0,0,0,0,0,0,-5000,0,0,0,171000,176000,-5000,-5000
066313,泰豐永豐01購01  ,0,0,0,0,0,0,0,0,0,-5000,0,0,0,63000,68000,-5000,-5000
066443,智原群益01購01  ,50000,0,50000,0,0,0,0,0,0,-55000,0,0,0,128000,183000,-55000,-5000
066431,台郡元大02購01  ,0,0,0,0,0,0,0,0,0,-5000,0,0,0,66000,71000,-5000,-5000
8497,格威傳媒        ,4000,9000,-5000,0,0,0,0,0,0,0,0,0,0,0,0,0,-5000
1409,新纖            ,804000,775000,29000,0,0,0,0,0,0,-34000,89000,123000,-34000,0,0,0,-5000
08859P,奇鋐國票03售01  ,0,0,0,0,0,0,0,0,0,-5000,0,0,0,48000,53000,-5000,-5000
08949P,臺股指國票01售06,0,0,0,0,0,0,0,0,0,-5000,0,0,0,0,5000,-5000,-5000
08932P,矽格元富01售01  ,0,0,0,0,0,0,0,0,0,-5000,0,0,0,0,5000,-5000,-5000
08765P,鴻海富邦01售02  ,0,0,0,0,0,0,0,0,0,-5000,0,0,0,177000,182000,-5000,-5000
08819P,上証2X凱基02售01,0,0,0,0,0,0,0,0,0,-5000,0,0,0,0,5000,-5000,-5000
08395P,燿華永豐9C售02  ,0,0,0,0,0,0,0,0,0,-5000,0,0,0,0,5000,-5000,-5000
08489P,臺股指群益9C售20,0,0,0,0,0,0,0,0,0,-5000,0,0,0,5000,10000,-5000,-5000
08512P,玉晶光永豐9C售06,0,0,0,0,0,0,0,0,0,-5000,0,0,0,0,5000,-5000,-5000
1732,毛寶            ,112000,117000,-5000,0,0,0,0,0,0,0,0,0,0,0,0,0,-5000
063984,華邦電國泰02購01,0,0,0,0,0,0,0,0,0,-6000,0,0,0,0,6000,-6000,-6000
064191,聯發科中信03購01,0,0,0,0,0,0,0,0,0,-6000,0,0,0,7000,13000,-6000,-6000
07814P,華通群益9A售06  ,0,0,0,0,0,0,0,0,0,-6000,0,0,0,0,6000,-6000,-6000
07639P,緯穎國票9A售01  ,0,0,0,0,0,0,0,0,0,-6000,0,0,0,4000,10000,-6000,-6000
067153,聯鈞統一03購02  ,0,0,0,0,0,0,0,0,0,-6000,0,0,0,0,6000,-6000,-6000
067129,神隆永豐01購01  ,0,0,0,0,0,0,0,0,0,-6000,0,0,0,68000,74000,-6000,-6000
057725,台達電國泰9A購01,0,0,0,0,0,0,0,0,0,-6000,0,0,0,0,6000,-6000,-6000
059248,華新科凱基99購04,0,0,0,0,0,0,0,0,0,-6000,0,0,0,0,6000,-6000,-6000
059290,全新元富99購01  ,0,0,0,0,0,0,0,0,0,-6000,0,0,0,0,6000,-6000,-6000
058737,鴻海第一01購01  ,0,0,0,0,0,0,0,0,0,-6000,0,0,0,0,6000,-6000,-6000
057596,聯茂兆豐99購01  ,0,0,0,0,0,0,0,0,0,-6000,0,0,0,2000,8000,-6000,-6000
058641,鴻海麥證99購02  ,0,0,0,0,6000,-6000,0,0,0,-6000,0,0,0,0,6000,-6000,-6000
062832,嘉澤群益9B購02  ,0,0,0,0,0,0,0,0,0,-6000,0,0,0,112000,118000,-6000,-6000
062794,鴻海統一9C購15  ,20000,0,20000,0,0,0,0,0,0,-26000,0,0,0,0,26000,-26000,-6000
058375,群創凱基9B購04  ,0,0,0,0,0,0,0,0,0,-6000,0,0,0,61000,67000,-6000,-6000
058498,世紀鋼群益99購01,0,0,0,0,0,0,0,0,0,-6000,0,0,0,24000,30000,-6000,-6000
054756,世紀鋼凱基99購01,0,0,0,0,0,0,0,0,0,-6000,0,0,0,4000,10000,-6000,-6000
048270,T50反1富邦99購01,0,0,0,0,0,0,0,0,0,-6000,0,0,0,0,6000,-6000,-6000
059921,大立光元大99購24,0,0,0,0,0,0,0,0,0,-6000,0,0,0,10000,16000,-6000,-6000
062993,華新科群益9B購05,0,0,0,0,0,0,0,0,0,-6000,0,0,0,10000,16000,-6000,-6000
060100,新光金元大9C購01,0,0,0,0,0,0,0,0,0,-6000,0,0,0,0,6000,-6000,-6000
062185,禾伸堂元大9B購01,0,0,0,0,0,0,0,0,0,-6000,0,0,0,68000,74000,-6000,-6000
060297,和碩元大9A購02  ,0,0,0,0,0,0,0,0,0,-6000,0,0,0,0,6000,-6000,-6000
060310,瑞昱永豐9A購01  ,0,0,0,0,0,0,0,0,0,-6000,0,0,0,55000,61000,-6000,-6000
061611,南六統一01購01  ,0,0,0,0,0,0,0,0,0,-6000,0,0,0,0,6000,-6000,-6000
059538,健策凱基99購03  ,0,0,0,0,0,0,0,0,0,-6000,0,0,0,2000,8000,-6000,-6000
059431,旺宏元大99購14  ,0,0,0,0,0,0,0,0,0,-6000,0,0,0,0,6000,-6000,-6000
060845,欣興國票9A購01  ,0,0,0,0,0,0,0,0,0,-6000,0,0,0,21000,27000,-6000,-6000
059684,台灣50永豐99購09,0,0,0,0,0,0,0,0,0,-6000,0,0,0,0,6000,-6000,-6000
063521,國巨凱基03購01  ,0,0,0,0,0,0,0,0,0,-6000,0,0,0,0,6000,-6000,-6000
063485,巨大元大9B購04  ,0,0,0,0,0,0,0,0,0,-6000,0,0,0,0,6000,-6000,-6000
063157,鴻海台新9B購02  ,0,0,0,0,0,0,0,0,0,-6000,0,0,0,0,6000,-6000,-6000
063324,道瓊反國票9B購03,0,0,0,0,0,0,0,0,0,-6000,0,0,0,0,6000,-6000,-6000
063281,京元電元大9B購01,0,0,0,0,0,0,0,0,0,-6000,0,0,0,19000,25000,-6000,-6000
066601,上証2X富邦02購01,0,0,0,0,0,0,0,0,0,-6000,0,0,0,0,6000,-6000,-6000
066252,南港元大01購02  ,0,0,0,0,0,0,0,0,0,-6000,0,0,0,111000,117000,-6000,-6000
065629,台積電國票01購04,0,0,0,0,0,0,0,0,0,-6000,0,0,0,2000,8000,-6000,-6000
065570,台光電群益01購01,0,0,0,0,0,0,0,0,0,-6000,0,0,0,8000,14000,-6000,-6000
065110,嘉澤國票01購01  ,0,0,0,0,0,0,0,0,0,-6000,0,0,0,24000,30000,-6000,-6000
064965,臺指反元大03購02,0,0,0,0,0,0,0,0,0,-6000,0,0,0,0,6000,-6000,-6000
064869,景碩永豐9C購01  ,0,0,0,0,0,0,0,0,0,-6000,0,0,0,53000,59000,-6000,-6000
064749,巨大國票01購01  ,0,0,0,0,0,0,0,0,0,-6000,0,0,0,0,6000,-6000,-6000
064824,台積電統一02購03,0,0,0,0,0,0,0,0,0,-6000,0,0,0,15000,21000,-6000,-6000
064794,牧德國票01購01  ,0,0,0,0,0,0,0,0,0,-6000,0,0,0,0,6000,-6000,-6000
064481,技嘉永豐9C購01  ,0,0,0,0,0,0,0,0,0,-6000,0,0,0,12000,18000,-6000,-6000
063742,道瓊指國票9C購01,0,0,0,0,0,0,0,0,0,-6000,0,0,0,0,6000,-6000,-6000
2451,創見            ,323000,161000,162000,0,0,0,0,0,0,-168000,2000,0,2000,0,170000,-170000,-6000
08592P,聯發科凱基01售06,0,0,0,0,0,0,0,0,0,-6000,0,0,0,4000,10000,-6000,-6000
08890P,為升元大01售04  ,0,0,0,0,0,0,0,0,0,-6000,0,0,0,57000,63000,-6000,-6000
8103,瀚荃            ,125000,107000,18000,0,0,0,0,0,0,-24000,1000,25000,-24000,0,0,0,-6000
066984,總太群益02購01  ,0,0,0,0,0,0,0,0,0,-7000,0,0,0,0,7000,-7000,-7000
067151,聯發科統一02購06,0,0,0,0,0,0,0,0,0,-7000,0,0,0,6000,13000,-7000,-7000
067180,為升凱基02購01  ,0,0,0,0,0,0,0,0,0,-7000,0,0,0,30000,37000,-7000,-7000
067631,上銀永豐01購01  ,0,0,0,0,0,0,0,0,0,-7000,0,0,0,52000,59000,-7000,-7000
067608,嘉澤凱基01購02  ,0,0,0,0,0,0,0,0,0,-7000,0,0,0,0,7000,-7000,-7000
067686,矽格元大01購04  ,0,0,0,0,0,0,0,0,0,-7000,0,0,0,0,7000,-7000,-7000
067696,欣興兆豐03購01  ,0,0,0,0,0,0,0,0,0,-7000,0,0,0,0,7000,-7000,-7000
067562,牧德國票02購01  ,0,0,0,0,0,0,0,0,0,-7000,0,0,0,0,7000,-7000,-7000
067292,大立光兆豐01購01,0,0,0,0,0,0,0,0,0,-7000,0,0,0,0,7000,-7000,-7000
067379,新日興統一03購01,0,0,0,0,0,0,0,0,0,-7000,0,0,0,0,7000,-7000,-7000
08239P,南六永豐9B售03  ,0,0,0,0,0,0,0,0,0,-7000,0,0,0,6000,13000,-7000,-7000
064172,義隆元富9C購01  ,0,0,0,0,0,0,0,0,0,-7000,0,0,0,10000,17000,-7000,-7000
064199,南六群益01購01  ,0,0,0,0,0,0,0,0,0,-7000,0,0,0,0,7000,-7000,-7000
064270,華通元大9C購03  ,0,0,0,0,0,0,0,0,0,-7000,0,0,0,100000,107000,-7000,-7000
063586,燿華永豐9B購02  ,0,0,0,0,0,0,0,0,0,-7000,0,0,0,68000,75000,-7000,-7000
063967,華新科國票01購01,0,0,0,0,0,0,0,0,0,-7000,0,0,0,5000,12000,-7000,-7000
064041,國巨統一01購07  ,0,0,0,0,0,0,0,0,0,-7000,0,0,0,64000,71000,-7000,-7000
064148,瑞昱統一02購01  ,0,0,0,0,0,0,0,0,0,-7000,0,0,0,122000,129000,-7000,-7000
00684R,元大美元指數反1 ,0,0,0,0,0,0,0,0,0,-7000,0,0,0,23000,30000,-7000,-7000
054827,宏全元大9A購01  ,0,0,0,0,0,0,0,0,0,-7000,0,0,0,3000,10000,-7000,-7000
056963,建準永豐98購01  ,0,0,0,0,0,0,0,0,0,-7000,0,0,0,52000,59000,-7000,-7000
055249,大毅統一99購01  ,0,0,0,0,0,0,0,0,0,-7000,0,0,0,3000,10000,-7000,-7000
058127,FBVIX元大9C購01 ,0,0,0,0,0,0,0,0,0,-7000,0,0,0,3000,10000,-7000,-7000
059004,嘉晶元大99購05  ,0,0,0,0,0,0,0,0,0,-7000,0,0,0,0,7000,-7000,-7000
057897,華通富邦99購01  ,0,0,0,0,0,0,0,0,0,-7000,0,0,0,0,7000,-7000,-7000
057583,啟碁中信9A購01  ,0,0,0,0,0,0,0,0,0,-7000,0,0,0,0,7000,-7000,-7000
057637,上銀元大98購07  ,0,0,0,0,0,0,0,0,0,-7000,0,0,0,92000,99000,-7000,-7000
058826,台積電永豐99購02,0,0,0,0,0,0,0,0,0,-7000,0,0,0,3000,10000,-7000,-7000
062377,力成元大9B購01  ,0,0,0,0,0,0,0,0,0,-7000,0,0,0,3000,10000,-7000,-7000
060959,金像電凱基9A購01,0,0,0,0,0,0,0,0,0,-7000,0,0,0,33000,40000,-7000,-7000
060219,聯發科凱基9A購09,0,0,0,0,0,0,0,0,0,-7000,0,0,0,0,7000,-7000,-7000
061967,旺宏統一01購04  ,0,0,0,0,0,0,0,0,0,-7000,0,0,0,0,7000,-7000,-7000
062358,國巨元大9B購12  ,0,0,0,0,0,0,0,0,0,-7000,0,0,0,50000,57000,-7000,-7000
062260,華新科元大9B購09,0,0,0,0,0,0,0,0,0,-7000,0,0,0,3000,10000,-7000,-7000
061741,新光金凱基9B購01,0,0,0,0,0,0,0,0,0,-7000,0,0,0,0,7000,-7000,-7000
061128,大立光永豐9A購02,0,0,0,0,0,0,0,0,0,-7000,0,0,0,0,7000,-7000,-7000
063734,可成元大9B購04  ,0,0,0,0,0,0,0,0,0,-7000,0,0,0,18000,25000,-7000,-7000
063813,瑞昱群益9C購02  ,0,0,0,0,0,0,0,0,0,-7000,0,0,0,10000,17000,-7000,-7000
064750,緯穎麥證9C購01  ,0,0,0,0,7000,-7000,0,0,0,-7000,0,0,0,0,7000,-7000,-7000
064768,仁寶中信03購01  ,0,0,0,0,0,0,0,0,0,-7000,0,0,0,46000,53000,-7000,-7000
064690,台光電群益9C購02,0,0,0,0,0,0,0,0,0,-7000,0,0,0,13000,20000,-7000,-7000
065086,可成元大01購04  ,0,0,0,0,0,0,0,0,0,-7000,0,0,0,40000,47000,-7000,-7000
065528,FBVIX中信04購01 ,0,0,0,0,0,0,0,0,0,-7000,0,0,0,0,7000,-7000,-7000
066641,台郡凱基03購01  ,0,0,0,0,0,0,0,0,0,-7000,0,0,0,50000,57000,-7000,-7000
066433,南六元大02購01  ,0,0,0,0,0,0,0,0,0,-7000,0,0,0,61000,68000,-7000,-7000
066510,堤維西永豐01購01,0,0,0,0,0,0,0,0,0,-7000,0,0,0,0,7000,-7000,-7000
08975P,欣興群益01售05  ,0,0,0,0,0,0,0,0,0,-7000,0,0,0,0,7000,-7000,-7000
064155,大立光統一01購05,0,0,0,0,0,0,0,0,0,-8000,0,0,0,0,8000,-8000,-8000
063942,台積電元大01購03,0,0,0,0,0,0,0,0,0,-8000,0,0,0,2000,10000,-8000,-8000
08290P,高鐵統一01售01  ,0,0,0,0,0,0,0,0,0,-8000,0,0,0,14000,22000,-8000,-8000
06777P,鴻海元大99售06  ,0,0,0,0,0,0,0,0,0,-8000,0,0,0,167000,175000,-8000,-8000
067238,大立光群益02購03,0,0,0,0,0,0,0,0,0,-8000,0,0,0,61000,69000,-8000,-8000
066938,敦泰國票02購01  ,0,0,0,0,0,0,0,0,0,-8000,0,0,0,46000,54000,-8000,-8000
066930,台積電國票02購01,0,0,0,0,0,0,0,0,0,-8000,0,0,0,512000,520000,-8000,-8000
066715,台灣50元大01購23,0,0,0,0,0,0,0,0,0,-8000,0,0,0,0,8000,-8000,-8000
058777,台光電國票9A購01,0,0,0,0,0,0,0,0,0,-8000,0,0,0,0,8000,-8000,-8000
059288,旺宏元富99購03  ,0,0,0,0,0,0,0,0,0,-8000,0,0,0,2000,10000,-8000,-8000
057466,泰鼎永豐98購01  ,0,0,0,0,0,0,0,0,0,-8000,0,0,0,84000,92000,-8000,-8000
057505,健策麥證98購01  ,0,0,0,0,8000,-8000,0,0,0,-8000,0,0,0,0,8000,-8000,-8000
058630,日月光國票9A購01,0,0,0,0,0,0,0,0,0,-8000,0,0,0,27000,35000,-8000,-8000
057408,台郡群益98購01  ,0,0,0,0,0,0,0,0,0,-8000,0,0,0,0,8000,-8000,-8000
058589,群創中信01購01  ,0,0,0,0,0,0,0,0,0,-8000,0,0,0,0,8000,-8000,-8000
057383,玉晶光富邦9A購01,0,0,0,0,0,0,0,0,0,-8000,0,0,0,1000,9000,-8000,-8000
057896,嘉晶元富98購01  ,0,0,0,0,0,0,0,0,0,-8000,0,0,0,0,8000,-8000,-8000
059115,美食永豐99購01  ,0,0,0,0,0,0,0,0,0,-8000,0,0,0,0,8000,-8000,-8000
057919,技嘉凱基98購03  ,0,0,0,0,0,0,0,0,0,-8000,0,0,0,16000,24000,-8000,-8000
058969,亞德客永豐99購01,0,0,0,0,0,0,0,0,0,-8000,0,0,0,47000,55000,-8000,-8000
058402,欣興元大99購04  ,0,0,0,0,0,0,0,0,0,-8000,0,0,0,9000,17000,-8000,-8000
058454,嘉晶永豐99購01  ,0,0,0,0,0,0,0,0,0,-8000,0,0,0,0,8000,-8000,-8000
056619,強茂永豐98購01  ,0,0,0,0,0,0,0,0,0,-8000,0,0,0,12000,20000,-8000,-8000
056925,群創兆豐98購03  ,0,0,0,0,0,0,0,0,0,-8000,0,0,0,2000,10000,-8000,-8000
050758,聯發科元富9B購01,0,0,0,0,0,0,0,0,0,-8000,0,0,0,11000,19000,-8000,-8000
061110,超眾元大9A購03  ,0,0,0,0,0,0,0,0,0,-8000,0,0,0,81000,89000,-8000,-8000
059938,凱美永豐99購01  ,0,0,0,0,0,0,0,0,0,-8000,0,0,0,0,8000,-8000,-8000
063032,國巨凱基9C購04  ,0,0,0,0,0,0,0,0,0,-8000,0,0,0,0,8000,-8000,-8000
061259,台積電凱基9A購21,0,0,0,0,0,0,0,0,0,-8000,0,0,0,1000,9000,-8000,-8000
060990,新光金元大9B購03,0,0,0,0,0,0,0,0,0,-8000,0,0,0,0,8000,-8000,-8000
059296,大立光元富99購06,0,0,0,0,0,0,0,0,0,-8000,0,0,0,158000,166000,-8000,-8000
062455,鴻海群益9C購01  ,0,0,0,0,0,0,0,0,0,-8000,0,0,0,2000,10000,-8000,-8000
060666,聯茂凱基9A購02  ,0,0,0,0,0,0,0,0,0,-8000,0,0,0,92000,100000,-8000,-8000
060337,FBVIX統一9A購01 ,0,0,0,0,0,0,0,0,0,-8000,0,0,0,0,8000,-8000,-8000
061699,燿華國票9A購01  ,0,0,0,0,0,0,0,0,0,-8000,0,0,0,26000,34000,-8000,-8000
061701,友達國票9B購02  ,0,0,0,0,0,0,0,0,0,-8000,0,0,0,0,8000,-8000,-8000
063318,京鼎群益9C購02  ,0,0,0,0,0,0,0,0,0,-8000,0,0,0,0,8000,-8000,-8000
063443,金像電統一01購02,12000,0,12000,0,0,0,0,0,0,-20000,0,0,0,18000,38000,-20000,-8000
059573,健策凱基9A購02  ,0,0,0,0,0,0,0,0,0,-8000,0,0,0,0,8000,-8000,-8000
066559,聯鈞元大01購03  ,0,0,0,0,0,0,0,0,0,-8000,0,0,0,102000,110000,-8000,-8000
066415,台積電元大01購11,0,0,0,0,0,0,0,0,0,-8000,0,0,0,0,8000,-8000,-8000
065907,南亞科永豐9C購01,0,0,0,0,0,0,0,0,0,-8000,0,0,0,0,8000,-8000,-8000
065042,國產凱基02購01  ,0,0,0,0,0,0,0,0,0,-8000,0,0,0,90000,98000,-8000,-8000
064710,元金2X統一03購01,0,0,0,0,0,0,0,0,0,-8000,0,0,0,2000,10000,-8000,-8000
063760,聯詠統一9C購02  ,0,0,0,0,0,0,0,0,0,-8000,0,0,0,2000,10000,-8000,-8000
08790P,聯發科元富01售01,0,0,0,0,0,0,0,0,0,-8000,0,0,0,12000,20000,-8000,-8000
08457P,大毅元大9C售03  ,0,0,0,0,0,0,0,0,0,-8000,0,0,0,17000,25000,-8000,-8000
08376P,南亞科元富9C售03,0,0,0,0,0,0,0,0,0,-8000,0,0,0,1000,9000,-8000,-8000
066826,聯發科群益02購03,0,0,0,0,0,0,0,0,0,-9000,0,0,0,105000,114000,-9000,-9000
066979,國巨群益01購04  ,0,0,0,0,0,0,0,0,0,-9000,0,0,0,1000,10000,-9000,-9000
066977,鴻海群益02購01  ,0,0,0,0,0,0,0,0,0,-9000,0,0,0,1000,10000,-9000,-9000
067784,富邦金群益02購01,0,0,0,0,0,0,0,0,0,-9000,0,0,0,7000,16000,-9000,-9000
067699,奇鋐國票02購03  ,0,0,0,0,0,0,0,0,0,-9000,0,0,0,0,9000,-9000,-9000
067390,聯詠元富07購02  ,0,0,0,0,0,0,0,0,0,-9000,0,0,0,29000,38000,-9000,-9000
067489,華擎元大01購06  ,0,0,0,0,0,0,0,0,0,-9000,0,0,0,3000,12000,-9000,-9000
07728P,臺股指凱基9A售20,0,0,0,0,0,0,0,0,0,-9000,0,0,0,0,9000,-9000,-9000
07945P,上銀國票9B售02  ,0,0,0,0,0,0,0,0,0,-9000,0,0,0,0,9000,-9000,-9000
07850P,健策群益9A售06  ,0,0,0,0,0,0,0,0,0,-9000,0,0,0,21000,30000,-9000,-9000
063965,漢唐國票01購01  ,0,0,0,0,0,0,0,0,0,-9000,0,0,0,0,9000,-9000,-9000
064109,上銀國票01購01  ,0,0,0,0,0,0,0,0,0,-9000,0,0,0,8000,17000,-9000,-9000
064293,勤誠元大9C購01  ,0,0,0,0,0,0,0,0,0,-9000,0,0,0,2000,11000,-9000,-9000
064216,矽格凱基01購01  ,0,0,0,0,0,0,0,0,0,-9000,0,0,0,31000,40000,-9000,-9000
051911,大立光元大98購02,0,0,0,0,0,0,0,0,0,-9000,0,0,0,1000,10000,-9000,-9000
00736,國泰新興市場    ,2000,41000,-39000,0,0,0,0,0,0,30000,0,0,0,182000,152000,30000,-9000
00712,FH富時不動產    ,116000,2000,114000,0,0,0,0,0,0,-123000,0,0,0,2000,125000,-123000,-9000
056709,華通永豐98購01  ,0,0,0,0,0,0,0,0,0,-9000,0,0,0,1000,10000,-9000,-9000
058352,鴻海凱基9A購05  ,0,0,0,0,0,0,0,0,0,-9000,0,0,0,29000,38000,-9000,-9000
056797,台積電麥證98購01,0,0,0,0,9000,-9000,0,0,0,-9000,0,0,0,0,9000,-9000,-9000
058389,聯茂國票9A購01  ,0,0,0,0,0,0,0,0,0,-9000,0,0,0,3000,12000,-9000,-9000
057273,智邦元大98購05  ,0,0,0,0,0,0,0,0,0,-9000,0,0,0,0,9000,-9000,-9000
058158,台積電台新99購01,0,0,0,0,0,0,0,0,0,-9000,0,0,0,751000,760000,-9000,-9000
059131,國巨群益99購07  ,0,0,0,0,0,0,0,0,0,-9000,0,0,0,0,9000,-9000,-9000
059057,聯發科凱基99購10,0,0,0,0,0,0,0,0,0,-9000,0,0,0,0,9000,-9000,-9000
058610,欣興元大99購05  ,0,0,0,0,0,0,0,0,0,-9000,0,0,0,3000,12000,-9000,-9000
058624,台積電國票99購09,0,0,0,0,0,0,0,0,0,-9000,0,0,0,12000,21000,-9000,-9000
057670,欣興元大99購02  ,0,0,0,0,0,0,0,0,0,-9000,0,0,0,3000,12000,-9000,-9000
057618,台光電凱基99購01,0,0,0,0,0,0,0,0,0,-9000,0,0,0,160000,169000,-9000,-9000
063332,矽格國票9B購01  ,0,0,0,0,0,0,0,0,0,-9000,0,0,0,3000,12000,-9000,-9000
063377,泰鼎永豐9B購03  ,0,0,0,0,0,0,0,0,0,-9000,0,0,0,160000,169000,-9000,-9000
063174,臺股指中信01購04,0,0,0,0,0,0,0,0,0,-9000,0,0,0,61000,70000,-9000,-9000
060732,玉晶光群益9C購02,0,0,0,0,0,0,0,0,0,-9000,0,0,0,0,9000,-9000,-9000
062457,京元電群益9B購01,0,0,0,0,0,0,0,0,0,-9000,0,0,0,11000,20000,-9000,-9000
059912,國巨元大99購28  ,0,0,0,0,0,0,0,0,0,-9000,0,0,0,3000,12000,-9000,-9000
062054,鴻海統一9C購06  ,0,0,0,0,0,0,0,0,0,-9000,0,0,0,0,9000,-9000,-9000
059850,日電貿永豐99購01,0,0,0,0,0,0,0,0,0,-9000,0,0,0,0,9000,-9000,-9000
061732,智邦中信9B購01  ,0,0,0,0,0,0,0,0,0,-9000,0,0,0,190000,199000,-9000,-9000
060236,精元元大9C購01  ,0,0,0,0,0,0,0,0,0,-9000,0,0,0,2000,11000,-9000,-9000
060307,南港永豐9A購01  ,0,0,0,0,0,0,0,0,0,-9000,0,0,0,32000,41000,-9000,-9000
062479,TPK國票9B購01   ,0,0,0,0,0,0,0,0,0,-9000,0,0,0,10000,19000,-9000,-9000
063730,台積電元大9B購09,0,0,0,0,0,0,0,0,0,-9000,0,0,0,0,9000,-9000,-9000
064743,聯詠國票01購01  ,0,0,0,0,0,0,0,0,0,-9000,0,0,0,0,9000,-9000,-9000
064733,南六統一9C購03  ,0,0,0,0,0,0,0,0,0,-9000,0,0,0,340000,349000,-9000,-9000
065843,瑞昱元大9C購03  ,0,0,0,0,0,0,0,0,0,-9000,0,0,0,147000,156000,-9000,-9000
065518,聯鈞群益9C購02  ,0,0,0,0,0,0,0,0,0,-9000,0,0,0,63000,72000,-9000,-9000
065797,臺指反群益9C購02,0,0,0,0,0,0,0,0,0,-9000,0,0,0,0,9000,-9000,-9000
066217,美利達統一03購01,0,0,0,0,0,0,0,0,0,-9000,0,0,0,45000,54000,-9000,-9000
06647P,台積電元大98售13,0,0,0,0,0,0,0,0,0,-9000,0,0,0,1000,10000,-9000,-9000
066655,上証2X凱基03購03,0,0,0,0,0,0,0,0,0,-9000,0,0,0,1000,10000,-9000,-9000
08691P,鎧勝中信05售02  ,0,0,0,0,0,0,0,0,0,-9000,0,0,0,21000,30000,-9000,-9000
08693P,宏達電群益01售02,0,0,0,0,0,0,0,0,0,-9000,0,0,0,20000,29000,-9000,-9000
3296,勝德            ,30000,38000,-8000,0,0,0,0,0,0,-1000,0,1000,-1000,0,0,0,-9000
9136,巨騰-DR         ,11000,25000,-14000,0,0,0,0,0,0,5000,5000,0,5000,0,0,0,-9000
063104,大立光群益9C購02,0,0,0,0,0,0,0,0,0,-10000,0,0,0,19000,29000,-10000,-10000
063102,旺宏群益9B購03  ,0,0,0,0,0,0,0,0,0,-10000,0,0,0,0,10000,-10000,-10000
064287,日月光元大9C購01,0,0,0,0,0,0,0,0,0,-10000,0,0,0,70000,80000,-10000,-10000
07251P,台灣50元富01售04,0,0,0,0,0,0,0,0,0,-10000,0,0,0,0,10000,-10000,-10000
07241P,台灣50國票9A售05,0,0,0,0,0,0,0,0,0,-10000,0,0,0,20000,30000,-10000,-10000
064027,義隆元大9C購01  ,0,0,0,0,0,0,0,0,0,-10000,0,0,0,0,10000,-10000,-10000
06407P,創意元富97售02  ,0,0,0,0,0,0,0,0,0,-10000,0,0,0,0,10000,-10000,-10000
063956,神達元大9C購01  ,0,0,0,0,0,0,0,0,0,-10000,0,0,0,0,10000,-10000,-10000
063905,健策麥證02購01  ,0,0,0,0,10000,-10000,0,0,0,-10000,0,0,0,0,10000,-10000,-10000
063857,臺股指元大9C購10,0,0,0,0,0,0,0,0,0,-10000,0,0,0,10000,20000,-10000,-10000
07856P,力成凱基9A售02  ,0,0,0,0,0,0,0,0,0,-10000,0,0,0,0,10000,-10000,-10000
07882P,台灣50凱基01售12,0,0,0,0,0,0,0,0,0,-10000,0,0,0,0,10000,-10000,-10000
07932P,國巨元大9B售04  ,0,0,0,0,0,0,0,0,0,-10000,0,0,0,0,10000,-10000,-10000
07948P,大成鋼凱基9B售01,0,0,0,0,0,0,0,0,0,-10000,0,0,0,0,10000,-10000,-10000
07737P,華通永豐9A售01  ,0,0,0,0,0,0,0,0,0,-10000,0,0,0,20000,30000,-10000,-10000
07748P,茂林凱基9A售04  ,0,0,0,0,0,0,0,0,0,-10000,0,0,0,0,10000,-10000,-10000
07771P,義隆國票9A售01  ,0,0,0,0,0,0,0,0,0,-10000,0,0,0,0,10000,-10000,-10000
07786P,南電中信9C售01  ,0,0,0,0,0,0,0,0,0,-10000,0,0,0,0,10000,-10000,-10000
07780P,美律凱基9A售02  ,0,0,0,0,0,0,0,0,0,-10000,0,0,0,20000,30000,-10000,-10000
07293P,臺股指凱基99售45,0,0,0,0,0,0,0,0,0,-10000,0,0,0,0,10000,-10000,-10000
07434P,臺股指國票9A售06,0,0,0,0,0,0,0,0,0,-10000,0,0,0,0,10000,-10000,-10000
08273P,國巨元富9C售02  ,0,0,0,0,0,0,0,0,0,-10000,0,0,0,0,10000,-10000,-10000
08265P,臺股指元大9C售03,0,0,0,0,0,0,0,0,0,-10000,0,0,0,0,10000,-10000,-10000
08226P,台灣50元大9B售26,0,0,0,0,0,0,0,0,0,-10000,0,0,0,0,10000,-10000,-10000
08262P,茂林元大9C售01  ,0,0,0,0,0,0,0,0,0,-10000,0,0,0,10000,20000,-10000,-10000
067552,亞光兆豐01購01  ,0,0,0,0,0,0,0,0,0,-10000,0,0,0,0,10000,-10000,-10000
067585,大毅群益01購02  ,0,0,0,0,0,0,0,0,0,-10000,0,0,0,0,10000,-10000,-10000
067590,茂林群益01購01  ,0,0,0,0,0,0,0,0,0,-10000,0,0,0,0,10000,-10000,-10000
067525,滬深2X群益02購03,0,0,0,0,0,0,0,0,0,-10000,0,0,0,0,10000,-10000,-10000
067527,遠東新群益01購01,0,0,0,0,0,0,0,0,0,-10000,0,0,0,20000,30000,-10000,-10000
067510,嘉澤統一03購01  ,0,0,0,0,0,0,0,0,0,-10000,0,0,0,20000,30000,-10000,-10000
067550,燿華中信02購01  ,0,0,0,0,0,0,0,0,0,-10000,0,0,0,0,10000,-10000,-10000
067545,矽格群益01購02  ,0,0,0,0,0,0,0,0,0,-10000,0,0,0,0,10000,-10000,-10000
067421,華邦電凱基01購02,0,0,0,0,0,0,0,0,0,-10000,0,0,0,0,10000,-10000,-10000
067370,南亞科統一03購03,0,0,0,0,0,0,0,0,0,-10000,0,0,0,0,10000,-10000,-10000
067760,旭富永豐01購01  ,0,0,0,0,0,0,0,0,0,-10000,0,0,0,0,10000,-10000,-10000
06841P,臺股指統一9A售02,0,0,0,0,0,0,0,0,0,-10000,0,0,0,0,10000,-10000,-10000
06845P,億光元大98售02  ,0,0,0,0,0,0,0,0,0,-10000,0,0,0,0,10000,-10000,-10000
067611,拓凱凱基02購01  ,0,0,0,0,0,0,0,0,0,-10000,0,0,0,0,10000,-10000,-10000
067634,高鐵永豐01購01  ,0,0,0,0,0,0,0,0,0,-10000,0,0,0,0,10000,-10000,-10000
067635,超眾永豐01購02  ,0,0,0,0,0,0,0,0,0,-10000,0,0,0,0,10000,-10000,-10000
067653,可成元富07購03  ,0,0,0,0,0,0,0,0,0,-10000,0,0,0,0,10000,-10000,-10000
067677,大立光元大01購13,0,0,0,0,0,0,0,0,0,-10000,0,0,0,0,10000,-10000,-10000
07107P,臺股指統一99售07,0,0,0,0,0,0,0,0,0,-10000,0,0,0,0,10000,-10000,-10000
07079P,台積電群益99售06,0,0,0,0,0,0,0,0,0,-10000,0,0,0,5000,15000,-10000,-10000
06921P,台光電凱基98售06,0,0,0,0,0,0,0,0,0,-10000,0,0,0,0,10000,-10000,-10000
067048,聯詠凱基02購02  ,0,0,0,0,0,0,0,0,0,-10000,0,0,0,50000,60000,-10000,-10000
067096,滬深2X群益01購06,0,0,0,0,0,0,0,0,0,-10000,0,0,0,0,10000,-10000,-10000
067055,上証2X元大01購03,0,0,0,0,0,0,0,0,0,-10000,0,0,0,30000,40000,-10000,-10000
067234,正崴群益01購01  ,0,0,0,0,0,0,0,0,0,-10000,0,0,0,0,10000,-10000,-10000
067235,正崴群益02購02  ,0,0,0,0,0,0,0,0,0,-10000,0,0,0,0,10000,-10000,-10000
067213,大立光元大01購11,0,0,0,0,0,0,0,0,0,-10000,0,0,0,0,10000,-10000,-10000
067245,康控群益01購03  ,0,0,0,0,0,0,0,0,0,-10000,0,0,0,0,10000,-10000,-10000
067189,牧德凱基02購02  ,0,0,0,0,0,0,0,0,0,-10000,0,0,0,0,10000,-10000,-10000
067197,上証2X元大01購05,0,0,0,0,0,0,0,0,0,-10000,0,0,0,0,10000,-10000,-10000
066848,健策元大01購05  ,0,0,0,0,0,0,0,0,0,-10000,0,0,0,0,10000,-10000,-10000
066891,鴻海兆豐04購01  ,0,0,0,0,0,0,0,0,0,-10000,0,0,0,0,10000,-10000,-10000
066907,聯發科凱基03購04,0,0,0,0,0,0,0,0,0,-10000,0,0,0,14000,24000,-10000,-10000
066674,達方凱基01購01  ,0,0,0,0,0,0,0,0,0,-10000,0,0,0,0,10000,-10000,-10000
066805,泰碩凱基02購03  ,0,0,0,0,0,0,0,0,0,-10000,0,0,0,0,10000,-10000,-10000
057841,茂林富邦9A購02  ,0,0,0,0,0,0,0,0,0,-10000,0,0,0,0,10000,-10000,-10000
059062,群創凱基99購05  ,0,0,0,0,0,0,0,0,0,-10000,0,0,0,0,10000,-10000,-10000
057738,旺宏富邦9A購01  ,0,0,0,0,0,0,0,0,0,-10000,0,0,0,0,10000,-10000,-10000
059066,道瓊指國票04購01,0,0,0,0,0,0,0,0,0,-10000,0,0,0,0,10000,-10000,-10000
059267,群創中信01購02  ,0,0,0,0,0,0,0,0,0,-10000,0,0,0,0,10000,-10000,-10000
059277,群創元大99購05  ,0,0,0,0,0,0,0,0,0,-10000,0,0,0,0,10000,-10000,-10000
059254,台表科凱基9A購02,0,0,0,0,0,0,0,0,0,-10000,0,0,0,0,10000,-10000,-10000
058810,國巨統一9B購04  ,0,0,0,0,0,0,0,0,0,-10000,0,0,0,0,10000,-10000,-10000
058863,可成凱基99購02  ,0,0,0,0,0,0,0,0,0,-10000,0,0,0,0,10000,-10000,-10000
058941,華新科中信99購03,0,0,0,0,0,0,0,0,0,-10000,0,0,0,0,10000,-10000,-10000
05889P,群創元大98售02  ,0,0,0,0,0,0,0,0,0,-10000,0,0,0,0,10000,-10000,-10000
059231,華通國票9A購04  ,0,0,0,0,0,0,0,0,0,-10000,0,0,0,0,10000,-10000,-10000
059174,訊芯凱基99購01  ,0,0,0,0,0,0,0,0,0,-10000,0,0,0,0,10000,-10000,-10000
059166,友達凱基99購05  ,0,0,0,0,0,0,0,0,0,-10000,0,0,0,0,10000,-10000,-10000
058950,國巨群益99購06  ,0,0,0,0,0,0,0,0,0,-10000,0,0,0,0,10000,-10000,-10000
057423,台郡凱基98購06  ,0,0,0,0,0,0,0,0,0,-10000,0,0,0,30000,40000,-10000,-10000
058649,健策永豐99購01  ,0,0,0,0,0,0,0,0,0,-10000,0,0,0,0,10000,-10000,-10000
057293,力成國泰99購01  ,0,0,0,0,0,0,0,0,0,-10000,0,0,0,0,10000,-10000,-10000
058659,力成中信99購01  ,0,0,0,0,0,0,0,0,0,-10000,0,0,0,0,10000,-10000,-10000
057477,智邦元大98購09  ,0,0,0,0,0,0,0,0,0,-10000,0,0,0,0,10000,-10000,-10000
057512,華邦電台新98購01,0,0,0,0,0,0,0,0,0,-10000,0,0,0,0,10000,-10000,-10000
057558,致新凱基98購01  ,0,0,0,0,0,0,0,0,0,-10000,0,0,0,0,10000,-10000,-10000
057553,景碩凱基98購03  ,0,0,0,0,0,0,0,0,0,-10000,0,0,0,210000,220000,-10000,-10000
058747,友達凱基9A購03  ,0,0,0,0,0,0,0,0,0,-10000,0,0,0,0,10000,-10000,-10000
059054,國巨凱基99購11  ,0,0,0,0,0,0,0,0,0,-10000,0,0,0,6000,16000,-10000,-10000
062889,可成群益9C購01  ,0,0,0,0,0,0,0,0,0,-10000,0,0,0,0,10000,-10000,-10000
062909,大立光元大9C購04,0,0,0,0,0,0,0,0,0,-10000,0,0,0,215000,225000,-10000,-10000
062921,GIS元大9B購01   ,0,0,0,0,0,0,0,0,0,-10000,0,0,0,0,10000,-10000,-10000
062691,T50反1元大9B購04,0,0,0,0,0,0,0,0,0,-10000,0,0,0,0,10000,-10000,-10000
062689,華擎統一02購01  ,0,0,0,0,0,0,0,0,0,-10000,0,0,0,0,10000,-10000,-10000
062673,台新金中信03購01,0,0,0,0,0,0,0,0,0,-10000,0,0,0,0,10000,-10000,-10000
062681,全新統一01購01  ,0,0,0,0,0,0,0,0,0,-10000,0,0,0,0,10000,-10000,-10000
062811,鴻海兆豐9B購01  ,0,0,0,0,0,0,0,0,0,-10000,0,0,0,20000,30000,-10000,-10000
062768,南電凱基9B購04  ,0,0,0,0,0,0,0,0,0,-10000,0,0,0,0,10000,-10000,-10000
062783,大立光元大9C購03,0,0,0,0,0,0,0,0,0,-10000,0,0,0,0,10000,-10000,-10000
062758,國巨凱基9B購09  ,0,0,0,0,0,0,0,0,0,-10000,0,0,0,0,10000,-10000,-10000
057861,台積電凱基98購16,0,0,0,0,0,0,0,0,0,-10000,0,0,0,0,10000,-10000,-10000
059116,晶豪科永豐99購01,0,0,0,0,0,0,0,0,0,-10000,0,0,0,0,10000,-10000,-10000
059129,麗豐中信99購01  ,0,0,0,0,0,0,0,0,0,-10000,0,0,0,0,10000,-10000,-10000
059078,FBVIX元大99購06 ,0,0,0,0,0,0,0,0,0,-10000,0,0,0,0,10000,-10000,-10000
058201,華通凱基9A購01  ,0,0,0,0,0,0,0,0,0,-10000,0,0,0,30000,40000,-10000,-10000
058211,國巨群益9A購02  ,0,0,0,0,0,0,0,0,0,-10000,0,0,0,0,10000,-10000,-10000
058216,TPK群益99購01   ,0,0,0,0,0,0,0,0,0,-10000,0,0,0,9000,19000,-10000,-10000
058977,SGBR2X凱基03購01,0,0,0,0,0,0,0,0,0,-10000,0,0,0,0,10000,-10000,-10000
059029,旺宏兆豐99購01  ,0,0,0,0,0,0,0,0,0,-10000,0,0,0,0,10000,-10000,-10000
059031,元石油中信03購01,0,0,0,0,0,0,0,0,0,-10000,0,0,0,0,10000,-10000,-10000
057279,國揚元大98購01  ,0,0,0,0,0,0,0,0,0,-10000,0,0,0,0,10000,-10000,-10000
057228,友達凱基9B購01  ,0,0,0,0,0,0,0,0,0,-10000,0,0,0,0,10000,-10000,-10000
058485,智邦國票9A購01  ,0,0,0,0,0,0,0,0,0,-10000,0,0,0,1000,11000,-10000,-10000
057128,台光電凱基98購03,0,0,0,0,0,0,0,0,0,-10000,0,0,0,5000,15000,-10000,-10000
057138,亞德客兆豐98購01,0,0,0,0,0,0,0,0,0,-10000,0,0,0,20000,30000,-10000,-10000
058453,可成永豐99購01  ,0,0,0,0,0,0,0,0,0,-10000,0,0,0,0,10000,-10000,-10000
056704,健策國泰99購01  ,0,0,0,0,0,0,0,0,0,-10000,0,0,0,0,10000,-10000,-10000
056705,超眾國泰99購01  ,0,0,0,0,0,0,0,0,0,-10000,0,0,0,0,10000,-10000,-10000
056747,致新凱基99購01  ,0,0,0,0,0,0,0,0,0,-10000,0,0,0,0,10000,-10000,-10000
056683,台積電統一98購05,0,0,0,0,0,0,0,0,0,-10000,0,0,0,0,10000,-10000,-10000
055029,帆宣國泰99購01  ,0,0,0,0,0,0,0,0,0,-10000,0,0,0,3000,13000,-10000,-10000
055108,智邦凱基98購01  ,0,0,0,0,0,0,0,0,0,-10000,0,0,0,10000,20000,-10000,-10000
055336,茂林兆豐98購01  ,0,0,0,0,0,0,0,0,0,-10000,0,0,0,15000,25000,-10000,-10000
055382,台郡元大99購01  ,0,0,0,0,0,0,0,0,0,-10000,0,0,0,0,10000,-10000,-10000
055414,奇力新富邦9B購01,0,0,0,0,0,0,0,0,0,-10000,0,0,0,0,10000,-10000,-10000
055290,玉晶光元大98購08,0,0,0,0,0,0,0,0,0,-10000,0,0,0,0,10000,-10000,-10000
055589,台光電元大98購04,0,0,0,0,0,0,0,0,0,-10000,0,0,0,0,10000,-10000,-10000
055424,聚陽群益98購01  ,0,0,0,0,0,0,0,0,0,-10000,0,0,0,0,10000,-10000,-10000
055759,技嘉群益98購02  ,0,0,0,0,0,0,0,0,0,-10000,0,0,0,0,10000,-10000,-10000
055775,友達凱基9A購01  ,0,0,0,0,0,0,0,0,0,-10000,0,0,0,0,10000,-10000,-10000
055999,電子類富邦99購01,0,0,0,0,0,0,0,0,0,-10000,0,0,0,0,10000,-10000,-10000
056144,GIS元大98購01   ,0,0,0,0,0,0,0,0,0,-10000,0,0,0,10000,20000,-10000,-10000
056506,晶豪科永豐98購02,0,0,0,0,0,0,0,0,0,-10000,0,0,0,0,10000,-10000,-10000
01001T,土銀富邦R1      ,0,0,0,0,0,0,0,0,0,-10000,0,10000,-10000,0,0,0,-10000
052572,群創凱基99購01  ,0,0,0,0,0,0,0,0,0,-10000,0,0,0,0,10000,-10000,-10000
053528,南電中信9A購01  ,0,0,0,0,0,0,0,0,0,-10000,0,0,0,0,10000,-10000,-10000
053760,牧德國泰98購01  ,0,0,0,0,0,0,0,0,0,-10000,0,0,0,0,10000,-10000,-10000
047694,SP黃豆國票9B購01,0,0,0,0,0,0,0,0,0,-10000,0,0,0,0,10000,-10000,-10000
056843,冠德元富98購01  ,0,0,0,0,0,0,0,0,0,-10000,0,0,0,0,10000,-10000,-10000
03047X,元展44          ,0,0,0,0,0,0,0,0,0,-10000,0,0,0,0,10000,-10000,-10000
052659,上証2X國票99購01,0,0,0,0,0,0,0,0,0,-10000,0,0,0,6000,16000,-10000,-10000
056954,聯詠富邦9A購01  ,0,0,0,0,0,0,0,0,0,-10000,0,0,0,0,10000,-10000,-10000
054811,裕隆元大9A購01  ,0,0,0,0,0,0,0,0,0,-10000,0,0,0,0,10000,-10000,-10000
054563,泰碩群益99購01  ,0,0,0,0,0,0,0,0,0,-10000,0,0,0,10000,20000,-10000,-10000
054731,S&P反1凱基98購01,0,0,0,0,0,0,0,0,0,-10000,0,0,0,0,10000,-10000,-10000
060260,京鼎凱基9C購01  ,0,0,0,0,0,0,0,0,0,-10000,0,0,0,10000,20000,-10000,-10000
061522,元黃金凱基01購01,0,0,0,0,0,0,0,0,0,-10000,0,0,0,0,10000,-10000,-10000
061528,超眾凱基9A購04  ,0,0,0,0,0,0,0,0,0,-10000,0,0,0,0,10000,-10000,-10000
061519,T50反1中信03購01,0,0,0,0,0,0,0,0,0,-10000,0,0,0,0,10000,-10000,-10000
060226,道瓊反元大9A購01,0,0,0,0,0,0,0,0,0,-10000,0,0,0,0,10000,-10000,-10000
061432,世紀鋼元大9A購05,0,0,0,0,0,0,0,0,0,-10000,0,0,0,210000,220000,-10000,-10000
061394,FBVIX統一9B購01 ,0,0,0,0,0,0,0,0,0,-10000,0,0,0,0,10000,-10000,-10000
061403,滬深2X國票9A購06,0,0,0,0,0,0,0,0,0,-10000,0,0,0,5000,15000,-10000,-10000
061738,聯發科凱基9B購04,0,0,0,0,0,0,0,0,0,-10000,0,0,0,0,10000,-10000,-10000
061783,友達群益9B購01  ,0,0,0,0,0,0,0,0,0,-10000,0,0,0,0,10000,-10000,-10000
062291,力成富邦9B購01  ,0,0,0,0,0,0,0,0,0,-10000,0,0,0,131000,141000,-10000,-10000
061705,健策國票9A購06  ,0,0,0,0,0,0,0,0,0,-10000,0,0,0,4000,14000,-10000,-10000
061710,國巨凱基9A購18  ,0,0,0,0,0,0,0,0,0,-10000,0,0,0,5000,15000,-10000,-10000
062373,泰鼎元大9B購01  ,0,0,0,0,0,0,0,0,0,-10000,0,0,0,0,10000,-10000,-10000
062014,牧德富邦9C購01  ,0,0,0,0,0,0,0,0,0,-10000,0,0,0,0,10000,-10000,-10000
061924,聯發科凱基9C購01,0,0,0,0,0,0,0,0,0,-10000,0,0,0,0,10000,-10000,-10000
061906,統一中信9B購01  ,0,0,0,0,0,0,0,0,0,-10000,0,0,0,0,10000,-10000,-10000
061897,泰碩永豐9B購01  ,0,0,0,0,0,0,0,0,0,-10000,0,0,0,0,10000,-10000,-10000
061114,南電元大9A購04  ,0,0,0,0,0,0,0,0,0,-10000,0,0,0,10000,20000,-10000,-10000
059866,國巨凱基99購18  ,0,0,0,0,0,0,0,0,0,-10000,0,0,0,0,10000,-10000,-10000
061153,奇力新群益9A購02,0,0,0,0,0,0,0,0,0,-10000,0,0,0,0,10000,-10000,-10000
061142,南電統一9A購01  ,0,0,0,0,0,0,0,0,0,-10000,0,0,0,0,10000,-10000,-10000
062038,鴻海凱基9B購05  ,0,0,0,0,0,0,0,0,0,-10000,0,0,0,0,10000,-10000,-10000
061191,可成永豐9A購02  ,0,0,0,0,0,0,0,0,0,-10000,0,0,0,0,10000,-10000,-10000
059913,台積電元大99購44,0,0,0,0,0,0,0,0,0,-10000,0,0,0,15000,25000,-10000,-10000
059936,台積電永豐99購06,0,0,0,0,0,0,0,0,0,-10000,0,0,0,0,10000,-10000,-10000
059878,聯茂凱基99購07  ,0,0,0,0,0,0,0,0,0,-10000,0,0,0,0,10000,-10000,-10000
061285,大立光統一9A購04,0,0,0,0,0,0,0,0,0,-10000,0,0,0,0,10000,-10000,-10000
061278,和大統一9A購01  ,0,0,0,0,0,0,0,0,0,-10000,0,0,0,0,10000,-10000,-10000
062134,國巨群益9B購04  ,0,0,0,0,0,0,0,0,0,-10000,0,0,0,0,10000,-10000,-10000
062164,禾伸堂國泰01購01,0,0,0,0,0,0,0,0,0,-10000,0,0,0,0,10000,-10000,-10000
060053,聯發科凱基9B購02,0,0,0,0,0,0,0,0,0,-10000,0,0,0,0,10000,-10000,-10000
061213,群創元大9A購05  ,0,0,0,0,0,0,0,0,0,-10000,0,0,0,0,10000,-10000,-10000
061256,亞德客凱基9B購01,0,0,0,0,0,0,0,0,0,-10000,0,0,0,50000,60000,-10000,-10000
063048,聯詠兆豐9B購01  ,0,0,0,0,0,0,0,0,0,-10000,0,0,0,0,10000,-10000,-10000
063037,聯發科凱基9C購02,0,0,0,0,0,0,0,0,0,-10000,0,0,0,0,10000,-10000,-10000
061316,台積電凱基9A購24,0,0,0,0,0,0,0,0,0,-10000,0,0,0,0,10000,-10000,-10000
061308,元金2X中信9A購01,0,0,0,0,0,0,0,0,0,-10000,0,0,0,0,10000,-10000,-10000
061309,鴻海統一9C購05  ,0,0,0,0,0,0,0,0,0,-10000,0,0,0,20000,30000,-10000,-10000
061349,嘉澤元大9A購02  ,0,0,0,0,0,0,0,0,0,-10000,0,0,0,0,10000,-10000,-10000
061351,智伸科元大9A購01,0,0,0,0,0,0,0,0,0,-10000,0,0,0,0,10000,-10000,-10000
061356,南電元大9A購06  ,0,0,0,0,0,0,0,0,0,-10000,0,0,0,0,10000,-10000,-10000
061288,大立光統一9C購01,0,0,0,0,0,0,0,0,0,-10000,0,0,0,0,10000,-10000,-10000
062467,國巨凱基9B購08  ,0,0,0,0,0,0,0,0,0,-10000,0,0,0,0,10000,-10000,-10000
061614,亞德客群益9A購01,0,0,0,0,0,0,0,0,0,-10000,0,0,0,0,10000,-10000,-10000
059355,國巨富邦9B購03  ,0,0,0,0,0,0,0,0,0,-10000,0,0,0,0,10000,-10000,-10000
059515,牧德永豐99購01  ,0,0,0,0,0,0,0,0,0,-10000,0,0,0,0,10000,-10000,-10000
059490,國巨國票99購09  ,0,0,0,0,0,0,0,0,0,-10000,0,0,0,0,10000,-10000,-10000
060945,緯穎國票9A購02  ,0,0,0,0,0,0,0,0,0,-10000,0,0,0,5000,15000,-10000,-10000
060953,富邦金群益9A購01,0,0,0,0,0,0,0,0,0,-10000,0,0,0,0,10000,-10000,-10000
061598,南電永豐9A購04  ,0,0,0,0,0,0,0,0,0,-10000,0,0,0,0,10000,-10000,-10000
061068,祥碩凱基9B購01  ,0,0,0,0,0,0,0,0,0,-10000,0,0,0,0,10000,-10000,-10000
061065,神基凱基9A購01  ,0,0,0,0,0,0,0,0,0,-10000,0,0,0,0,10000,-10000,-10000
060722,矽格永豐9A購01  ,0,0,0,0,0,0,0,0,0,-10000,0,0,0,8000,18000,-10000,-10000
060675,南亞科元大9A購02,0,0,0,0,0,0,0,0,0,-10000,0,0,0,0,10000,-10000,-10000
062390,元黃金富邦9C購01,0,0,0,0,0,0,0,0,0,-10000,0,0,0,0,10000,-10000,-10000
060412,儒鴻永豐9A購01  ,0,0,0,0,0,0,0,0,0,-10000,0,0,0,0,10000,-10000,-10000
061643,嘉澤元大9A購05  ,0,0,0,0,0,0,0,0,0,-10000,0,0,0,0,10000,-10000,-10000
060904,臺指反元大9C購07,0,0,0,0,0,0,0,0,0,-10000,0,0,0,20000,30000,-10000,-10000
060890,大立光統一01購01,0,0,0,0,0,0,0,0,0,-10000,0,0,0,203000,213000,-10000,-10000
063177,友達兆豐9B購01  ,0,0,0,0,0,0,0,0,0,-10000,0,0,0,0,10000,-10000,-10000
063183,國巨凱基9B購12  ,0,0,0,0,0,0,0,0,0,-10000,0,0,0,0,10000,-10000,-10000
06340P,鴻海統一98售06  ,0,0,0,0,0,0,0,0,0,-10000,0,0,0,37000,47000,-10000,-10000
063257,牧德國泰01購01  ,0,0,0,0,0,0,0,0,0,-10000,0,0,0,0,10000,-10000,-10000
063364,聯發科富邦01購02,0,0,0,0,0,0,0,0,0,-10000,0,0,0,0,10000,-10000,-10000
063340,英業達統一9B購01,0,0,0,0,0,0,0,0,0,-10000,0,0,0,25000,35000,-10000,-10000
063316,聯發科群益9C購03,0,0,0,0,0,0,0,0,0,-10000,0,0,0,0,10000,-10000,-10000
063279,國巨元大9C購05  ,0,0,0,0,0,0,0,0,0,-10000,0,0,0,0,10000,-10000,-10000
059633,聯發科凱基9A購07,0,0,0,0,0,0,0,0,0,-10000,0,0,0,0,10000,-10000,-10000
059649,矽力凱基99購02  ,0,0,0,0,0,0,0,0,0,-10000,0,0,0,0,10000,-10000,-10000
060510,大立光元大9A購03,0,0,0,0,0,0,0,0,0,-10000,0,0,0,0,10000,-10000,-10000
060544,國巨凱基9B購03  ,0,0,0,0,0,0,0,0,0,-10000,0,0,0,0,10000,-10000,-10000
060558,億豐凱基9A購01  ,0,0,0,0,0,0,0,0,0,-10000,0,0,0,0,10000,-10000,-10000
060549,聯發科凱基9B購03,0,0,0,0,0,0,0,0,0,-10000,0,0,0,0,10000,-10000,-10000
060553,祥碩凱基9A購01  ,0,0,0,0,0,0,0,0,0,-10000,0,0,0,0,10000,-10000,-10000
060462,鴻海元大9A購10  ,0,0,0,0,0,0,0,0,0,-10000,0,0,0,20000,30000,-10000,-10000
060477,和潤元大9A購01  ,0,0,0,0,0,0,0,0,0,-10000,0,0,0,0,10000,-10000,-10000
060660,國巨凱基9B購04  ,0,0,0,0,0,0,0,0,0,-10000,0,0,0,0,10000,-10000,-10000
060575,大立光中信9B購02,0,0,0,0,0,0,0,0,0,-10000,0,0,0,91000,101000,-10000,-10000
060602,京元電凱基9A購01,0,0,0,0,0,0,0,0,0,-10000,0,0,0,0,10000,-10000,-10000
060618,玉晶光元大9A購02,0,0,0,0,0,0,0,0,0,-10000,0,0,0,0,10000,-10000,-10000
063497,東元永豐9B購01  ,0,0,0,0,0,0,0,0,0,-10000,0,0,0,0,10000,-10000,-10000
066643,旺宏麥證01購01  ,0,0,0,0,10000,-10000,0,0,0,-10000,0,0,0,0,10000,-10000,-10000
06659P,T50正2富邦9A售01,0,0,0,0,0,0,0,0,0,-10000,0,0,0,0,10000,-10000,-10000
066142,超眾群益01購03  ,0,0,0,0,0,0,0,0,0,-10000,0,0,0,0,10000,-10000,-10000
066171,德律凱基01購01  ,0,0,0,0,0,0,0,0,0,-10000,0,0,0,0,10000,-10000,-10000
066384,訊芯康和01購01  ,0,0,0,0,0,0,0,0,0,-10000,0,0,0,30000,40000,-10000,-10000
06627P,華新科元富99售01,0,0,0,0,0,0,0,0,0,-10000,0,0,0,0,10000,-10000,-10000
065692,國巨群益9C購17  ,0,0,0,0,0,0,0,0,0,-10000,0,0,0,0,10000,-10000,-10000
065502,康友富邦03購01  ,0,0,0,0,0,0,0,0,0,-10000,0,0,0,0,10000,-10000,-10000
065876,牧德群益02購01  ,0,0,0,0,0,0,0,0,0,-10000,0,0,0,0,10000,-10000,-10000
065870,正崴群益02購01  ,0,0,0,0,0,0,0,0,0,-10000,0,0,0,98000,108000,-10000,-10000
06581P,南亞科凱基98售04,0,0,0,0,0,0,0,0,0,-10000,0,0,0,10000,20000,-10000,-10000
065959,T50反1元大01購02,0,0,0,0,0,0,0,0,0,-10000,0,0,0,10000,20000,-10000,-10000
066019,T50反1群益01購03,0,0,0,0,0,0,0,0,0,-10000,0,0,0,0,10000,-10000,-10000
064769,漢翔中信9C購01  ,0,0,0,0,0,0,0,0,0,-10000,0,0,0,0,10000,-10000,-10000
064711,國喬統一02購01  ,0,0,0,0,0,0,0,0,0,-10000,0,0,0,50000,60000,-10000,-10000
064808,國產元大9C購02  ,0,0,0,0,0,0,0,0,0,-10000,0,0,0,37000,47000,-10000,-10000
064641,神隆凱基9C購01  ,0,0,0,0,0,0,0,0,0,-10000,0,0,0,0,10000,-10000,-10000
064634,臺股指元大9C購20,0,0,0,0,0,0,0,0,0,-10000,0,0,0,0,10000,-10000,-10000
063694,貿聯永豐9B購01  ,0,0,0,0,0,0,0,0,0,-10000,0,0,0,77000,87000,-10000,-10000
064311,新光金群益01購02,0,0,0,0,0,0,0,0,0,-10000,0,0,0,0,10000,-10000,-10000
064436,聯發科凱基03購02,0,0,0,0,0,0,0,0,0,-10000,0,0,0,0,10000,-10000,-10000
064418,鴻海兆豐01購02  ,0,0,0,0,0,0,0,0,0,-10000,0,0,0,0,10000,-10000,-10000
064404,奇力新凱基02購01,0,0,0,0,0,0,0,0,0,-10000,0,0,0,0,10000,-10000,-10000
065059,神隆群益9C購01  ,0,0,0,0,0,0,0,0,0,-10000,0,0,0,0,10000,-10000,-10000
065120,臺股指富邦9C購03,0,0,0,0,0,0,0,0,0,-10000,0,0,0,0,10000,-10000,-10000
065166,台達電元大9C購04,0,0,0,0,0,0,0,0,0,-10000,0,0,0,0,10000,-10000,-10000
064872,南電永豐9C購02  ,0,0,0,0,0,0,0,0,0,-10000,0,0,0,0,10000,-10000,-10000
065291,日電貿群益01購01,0,0,0,0,0,0,0,0,0,-10000,0,0,0,0,10000,-10000,-10000
06527P,T50正2富邦9C售01,0,0,0,0,0,0,0,0,0,-10000,0,0,0,0,10000,-10000,-10000
065282,國巨群益9C購14  ,0,0,0,0,0,0,0,0,0,-10000,0,0,0,0,10000,-10000,-10000
065226,華通凱基01購01  ,0,0,0,0,0,0,0,0,0,-10000,0,0,0,30000,40000,-10000,-10000
065223,旺宏中信01購01  ,0,0,0,0,0,0,0,0,0,-10000,0,0,0,20000,30000,-10000,-10000
065425,國巨凱基01購03  ,0,0,0,0,0,0,0,0,0,-10000,0,0,0,0,10000,-10000,-10000
4916,事欣科          ,11000,21000,-10000,0,0,0,0,0,0,0,0,0,0,0,0,0,-10000
08666P,智邦國票02售01  ,0,0,0,0,0,0,0,0,0,-10000,0,0,0,0,10000,-10000,-10000
08612P,嘉晶凱基9C售03  ,0,0,0,0,0,0,0,0,0,-10000,0,0,0,0,10000,-10000,-10000
08384P,臺股指群益9C售12,0,0,0,0,0,0,0,0,0,-10000,0,0,0,0,10000,-10000,-10000
08409P,臺股指元大9C售15,0,0,0,0,0,0,0,0,0,-10000,0,0,0,0,10000,-10000,-10000
08513P,聯發科凱基9C售08,0,0,0,0,0,0,0,0,0,-10000,0,0,0,0,10000,-10000,-10000
08562P,南電國票01售03  ,0,0,0,0,0,0,0,0,0,-10000,0,0,0,0,10000,-10000,-10000
08796P,晶技凱基01售01  ,0,0,0,0,0,0,0,0,0,-10000,0,0,0,0,10000,-10000,-10000
08940P,聯發科第一01售01,0,0,0,0,0,0,0,0,0,-10000,0,0,0,0,10000,-10000,-10000
08889P,台灣50元大01售28,0,0,0,0,0,0,0,0,0,-10000,0,0,0,0,10000,-10000,-10000
08879P,台積電凱基01售12,0,0,0,0,0,0,0,0,0,-10000,0,0,0,0,10000,-10000,-10000
08866P,旭富元大01售01  ,0,0,0,0,0,0,0,0,0,-10000,0,0,0,0,10000,-10000,-10000
067770,台積電統一03購03,0,0,0,0,0,0,0,0,0,-11000,0,0,0,0,11000,-11000,-11000
067497,康控元大01購04  ,0,0,0,0,0,0,0,0,0,-11000,0,0,0,0,11000,-11000,-11000
08361P,玉晶光永豐9C售04,0,0,0,0,0,0,0,0,0,-11000,0,0,0,2000,13000,-11000,-11000
08125P,聯茂群益9B售02  ,0,0,0,0,0,0,0,0,0,-11000,0,0,0,0,11000,-11000,-11000
063940,國巨元大01購02  ,0,0,0,0,0,0,0,0,0,-11000,0,0,0,20000,31000,-11000,-11000
064254,景碩台新9C購02  ,0,0,0,0,0,0,0,0,0,-11000,0,0,0,0,11000,-11000,-11000
064213,大立光凱基03購01,0,0,0,0,0,0,0,0,0,-11000,0,0,0,10000,21000,-11000,-11000
054297,台郡元大98購01  ,0,0,0,0,0,0,0,0,0,-11000,0,0,0,9000,20000,-11000,-11000
053764,A50正2富邦99購01,0,0,0,0,0,0,0,0,0,-11000,0,0,0,0,11000,-11000,-11000
053739,A50正2國票9A購01,0,0,0,0,0,0,0,0,0,-11000,0,0,0,0,11000,-11000,-11000
056522,T50反1中信9B購01,0,0,0,0,0,0,0,0,0,-11000,0,0,0,0,11000,-11000,-11000
056689,玉晶光統一9A購03,0,0,0,0,0,0,0,0,0,-11000,0,0,0,9000,20000,-11000,-11000
058282,聯茂中信99購01  ,0,0,0,0,0,0,0,0,0,-11000,0,0,0,0,11000,-11000,-11000
058600,國巨元大99購15  ,0,0,0,0,0,0,0,0,0,-11000,0,0,0,0,11000,-11000,-11000
058856,新光金兆豐99購01,0,0,0,0,0,0,0,0,0,-11000,0,0,0,0,11000,-11000,-11000
058831,茂林永豐99購01  ,0,0,0,0,0,0,0,0,0,-11000,0,0,0,0,11000,-11000,-11000
057577,廣宇中信9A購01  ,0,0,0,0,0,0,0,0,0,-11000,0,0,0,0,11000,-11000,-11000
059262,致茂中信01購01  ,0,0,0,0,0,0,0,0,0,-11000,0,0,0,23000,34000,-11000,-11000
063486,聚陽國泰9C購01  ,0,0,0,0,0,0,0,0,0,-11000,0,0,0,21000,32000,-11000,-11000
063524,瑞昱凱基9B購05  ,0,0,0,0,0,0,0,0,0,-11000,0,0,0,0,11000,-11000,-11000
063520,上銀凱基9B購05  ,0,0,0,0,0,0,0,0,0,-11000,0,0,0,0,11000,-11000,-11000
063298,統一凱基9B購01  ,0,0,0,0,0,0,0,0,0,-11000,0,0,0,1000,12000,-11000,-11000
063235,台積電元大9B購06,0,0,0,0,0,0,0,0,0,-11000,0,0,0,0,11000,-11000,-11000
060342,台積電統一02購01,0,0,0,0,0,0,0,0,0,-11000,0,0,0,3000,14000,-11000,-11000
061573,義隆元大9A購02  ,0,0,0,0,0,0,0,0,0,-11000,0,0,0,2000,13000,-11000,-11000
061557,台積電國票9C購02,0,0,0,0,0,0,0,0,0,-11000,0,0,0,0,11000,-11000,-11000
060995,泰鼎元大9A購03  ,0,0,0,0,0,0,0,0,0,-11000,0,0,0,0,11000,-11000,-11000
059507,鴻海永豐99購03  ,0,0,0,0,0,0,0,0,0,-11000,0,0,0,0,11000,-11000,-11000
062091,世紀鋼元大9B購01,0,0,0,0,0,0,0,0,0,-11000,0,0,0,351000,362000,-11000,-11000
061145,臻鼎中信9A購02  ,0,0,0,0,0,0,0,0,0,-11000,0,0,0,2000,13000,-11000,-11000
062206,緯創國票9B購01  ,0,0,0,0,0,0,0,0,0,-11000,0,0,0,0,11000,-11000,-11000
065122,電子類富邦9C購01,0,0,0,0,0,0,0,0,0,-11000,0,0,0,0,11000,-11000,-11000
064505,康控元大9C購01  ,0,0,0,0,0,0,0,0,0,-11000,0,0,0,0,11000,-11000,-11000
065828,大立光凱基06購01,0,0,0,0,0,0,0,0,0,-11000,0,0,0,90000,101000,-11000,-11000
065633,聯發科國票01購02,0,0,0,0,0,0,0,0,0,-11000,0,0,0,9000,20000,-11000,-11000
065776,鴻海國泰03購01  ,0,0,0,0,0,0,0,0,0,-11000,0,0,0,178000,189000,-11000,-11000
066640,達麗凱基01購01  ,0,0,0,0,0,0,0,0,0,-11000,0,0,0,50000,61000,-11000,-11000
08814P,世紀鋼群益01售04,0,0,0,0,0,0,0,0,0,-11000,0,0,0,0,11000,-11000,-11000
08538P,聯發科國票01售01,0,0,0,0,0,0,0,0,0,-11000,0,0,0,21000,32000,-11000,-11000
08688P,台灣50中信04售02,0,0,0,0,0,0,0,0,0,-11000,0,0,0,0,11000,-11000,-11000
064295,聚陽國票01購01  ,0,0,0,0,0,0,0,0,0,-12000,0,0,0,0,12000,-12000,-12000
08130P,義隆元大9B售05  ,0,0,0,0,0,0,0,0,0,-12000,0,0,0,420000,432000,-12000,-12000
07479P,A50正2元富9A售03,0,0,0,0,0,0,0,0,0,-12000,0,0,0,0,12000,-12000,-12000
07919P,創意永豐9B售01  ,0,0,0,0,0,0,0,0,0,-12000,0,0,0,21000,33000,-12000,-12000
067443,國巨國票02購04  ,0,0,0,0,0,0,0,0,0,-12000,0,0,0,7000,19000,-12000,-12000
067419,鴻海凱基02購06  ,0,0,0,0,0,0,0,0,0,-12000,0,0,0,8000,20000,-12000,-12000
067318,康控元大01購03  ,0,0,0,0,0,0,0,0,0,-12000,0,0,0,0,12000,-12000,-12000
066716,高股息元大01購01,0,0,0,0,0,0,0,0,0,-12000,0,0,0,3000,15000,-12000,-12000
066729,台積電元大01購16,0,0,0,0,0,0,0,0,0,-12000,0,0,0,97000,109000,-12000,-12000
06698P,玉晶光國票99售05,0,0,0,0,0,0,0,0,0,-12000,0,0,0,18000,30000,-12000,-12000
057682,台積電日盛9A購03,0,0,0,0,0,0,0,0,0,-12000,0,0,0,11000,23000,-12000,-12000
058572,百和凱基9A購01  ,0,0,0,0,0,0,0,0,0,-12000,0,0,0,48000,60000,-12000,-12000
058085,景碩群益9A購01  ,0,0,0,0,0,0,0,0,0,-12000,0,0,0,11000,23000,-12000,-12000
062573,大毅群益9B購03  ,0,0,0,0,0,0,0,0,0,-12000,0,0,0,51000,63000,-12000,-12000
056746,超眾凱基99購01  ,0,0,0,0,0,0,0,0,0,-12000,0,0,0,48000,60000,-12000,-12000
056041,禾伸堂凱基98購03,0,0,0,0,0,0,0,0,0,-12000,0,0,0,28000,40000,-12000,-12000
00700,富邦恒生國企    ,0,0,0,0,0,0,0,0,0,-12000,0,0,0,90000,102000,-12000,-12000
057021,台積電凱基9A購02,0,0,0,0,0,0,0,0,0,-12000,0,0,0,22000,34000,-12000,-12000
061455,京元電凱基9B購01,0,0,0,0,0,0,0,0,0,-12000,0,0,0,102000,114000,-12000,-12000
062538,台積電國泰9C購02,0,0,0,0,0,0,0,0,0,-12000,0,0,0,11000,23000,-12000,-12000
062039,聯發科凱基9B購07,0,0,0,0,0,0,0,0,0,-12000,0,0,0,20000,32000,-12000,-12000
062033,瀚宇博群益9B購01,0,0,0,0,0,0,0,0,0,-12000,0,0,0,84000,96000,-12000,-12000
062083,健策元大9C購03  ,0,0,0,0,0,0,0,0,0,-12000,0,0,0,0,12000,-12000,-12000
062937,旺宏凱基9B購08  ,0,0,0,0,0,0,0,0,0,-12000,0,0,0,3000,15000,-12000,-12000
060169,群電永豐9A購01  ,0,0,0,0,0,0,0,0,0,-12000,0,0,0,10000,22000,-12000,-12000
060154,堤維西永豐9A購01,0,0,0,0,0,0,0,0,0,-12000,0,0,0,20000,32000,-12000,-12000
063029,喬山凱基9B購01  ,0,0,0,0,0,0,0,0,0,-12000,0,0,0,0,12000,-12000,-12000
066659,燿華凱基03購01  ,0,0,0,0,0,0,0,0,0,-12000,0,0,0,0,12000,-12000,-12000
066507,和碩富邦03購01  ,0,0,0,0,0,0,0,0,0,-12000,0,0,0,0,12000,-12000,-12000
065788,緯創永豐9C購02  ,0,0,0,0,0,0,0,0,0,-12000,0,0,0,7000,19000,-12000,-12000
065619,金融類元大9C購02,0,0,0,0,0,0,0,0,0,-12000,0,0,0,0,12000,-12000,-12000
065612,聯茂元大9C購07  ,0,0,0,0,0,0,0,0,0,-12000,0,0,0,50000,62000,-12000,-12000
065497,台積電富邦03購03,0,0,0,0,0,0,0,0,0,-12000,0,0,0,8000,20000,-12000,-12000
065821,億豐元富03購01  ,0,0,0,0,0,0,0,0,0,-12000,0,0,0,14000,26000,-12000,-12000
065906,瑞昱永豐9C購01  ,0,0,0,0,0,0,0,0,0,-12000,0,0,0,68000,80000,-12000,-12000
06433P,大立光群益99售01,0,0,0,0,0,0,0,0,0,-12000,0,0,0,0,12000,-12000,-12000
064629,和潤元大9C購01  ,0,0,0,0,0,0,0,0,0,-12000,0,0,0,74000,86000,-12000,-12000
064785,康友群益9C購01  ,0,0,0,0,0,0,0,0,0,-12000,0,0,0,70000,82000,-12000,-12000
064735,群創元富9C購02  ,0,0,0,0,0,0,0,0,0,-12000,0,0,0,0,12000,-12000,-12000
065007,群創國票01購01  ,0,0,0,0,0,0,0,0,0,-12000,0,0,0,0,12000,-12000,-12000
08647P,鴻海凱基9C售06  ,0,0,0,0,0,0,0,0,0,-12000,0,0,0,0,12000,-12000,-12000
08661P,台灣50麥證9C售03,0,0,0,0,12000,-12000,0,0,0,-12000,0,0,0,0,12000,-12000,-12000
1464,得力            ,198000,210000,-12000,0,0,0,0,0,0,0,0,0,0,0,0,0,-12000
067254,華擎國票02購02  ,0,0,0,0,0,0,0,0,0,-13000,0,0,0,9000,22000,-13000,-13000
066718,滬深2X元大01購05,0,0,0,0,0,0,0,0,0,-13000,0,0,0,20000,33000,-13000,-13000
066796,台積電凱基02購08,0,0,0,0,0,0,0,0,0,-13000,0,0,0,0,13000,-13000,-13000
067429,國揚凱基02購01  ,0,0,0,0,0,0,0,0,0,-13000,0,0,0,0,13000,-13000,-13000
067572,FB上証群益01購01,0,0,0,0,0,0,0,0,0,-13000,0,0,0,0,13000,-13000,-13000
07328P,FBVIX國泰9B售01 ,0,0,0,0,0,0,0,0,0,-13000,0,0,0,0,13000,-13000,-13000
063653,儒鴻元富9B購01  ,0,0,0,0,0,0,0,0,0,-13000,0,0,0,30000,43000,-13000,-13000
064021,國巨元大9C購15  ,0,0,0,0,0,0,0,0,0,-13000,0,0,0,50000,63000,-13000,-13000
058434,旺宏統一9B購01  ,0,0,0,0,0,0,0,0,0,-13000,0,0,0,0,13000,-13000,-13000
058448,滬深2X永豐9A購01,0,0,0,0,0,0,0,0,0,-13000,0,0,0,22000,35000,-13000,-13000
058396,力山元大99購01  ,0,0,0,0,0,0,0,0,0,-13000,0,0,0,0,13000,-13000,-13000
057241,超眾凱基99購02  ,0,0,0,0,0,0,0,0,0,-13000,0,0,0,17000,30000,-13000,-13000
062638,茂林國票9C購01  ,0,0,0,0,0,0,0,0,0,-13000,0,0,0,0,13000,-13000,-13000
058615,矽創元大99購01  ,0,0,0,0,0,0,0,0,0,-13000,0,0,0,114000,127000,-13000,-13000
061275,臺股指凱基9A購25,0,0,0,0,0,0,0,0,0,-13000,0,0,0,17000,30000,-13000,-13000
062359,旺宏元大9C購02  ,0,0,0,0,0,0,0,0,0,-13000,0,0,0,50000,63000,-13000,-13000
059512,晶豪科永豐99購02,0,0,0,0,0,0,0,0,0,-13000,0,0,0,0,13000,-13000,-13000
060730,台積電群益9A購03,0,0,0,0,0,0,0,0,0,-13000,0,0,0,0,13000,-13000,-13000
060789,禾伸堂富邦9B購02,0,0,0,0,0,0,0,0,0,-13000,0,0,0,17000,30000,-13000,-13000
063357,聯發科國泰01購04,0,0,0,0,0,0,0,0,0,-13000,0,0,0,0,13000,-13000,-13000
063523,微星凱基9B購03  ,0,0,0,0,0,0,0,0,0,-13000,0,0,0,0,13000,-13000,-13000
064954,奇鋐凱基9C購01  ,0,0,0,0,0,0,0,0,0,-13000,0,0,0,219000,232000,-13000,-13000
064734,大立光元富9C購05,0,0,0,0,0,0,0,0,0,-13000,0,0,0,5000,18000,-13000,-13000
064334,可成元大01購01  ,0,0,0,0,0,0,0,0,0,-13000,0,0,0,12000,25000,-13000,-13000
065689,群創元富9C購04  ,0,0,0,0,0,0,0,0,0,-13000,0,0,0,0,13000,-13000,-13000
08922P,京元電永豐01售01,0,0,0,0,0,0,0,0,0,-13000,0,0,0,0,13000,-13000,-13000
08924P,鴻海元富07售10  ,0,0,0,0,0,0,0,0,0,-13000,0,0,0,0,13000,-13000,-13000
08907P,奇鋐群益01售03  ,0,0,0,0,0,0,0,0,0,-13000,0,0,0,0,13000,-13000,-13000
08445P,臺股指麥證9C售03,0,0,0,0,13000,-13000,0,0,0,-13000,0,0,0,0,13000,-13000,-13000
064068,義隆永豐9C購01  ,0,0,0,0,0,0,0,0,0,-14000,0,0,0,85000,99000,-14000,-14000
064159,新日興統一01購02,0,0,0,0,0,0,0,0,0,-14000,0,0,0,88000,102000,-14000,-14000
08292P,華新科台新9C售01,0,0,0,0,0,0,0,0,0,-14000,0,0,0,0,14000,-14000,-14000
067600,台積電凱基01購15,0,0,0,0,0,0,0,0,0,-14000,0,0,0,0,14000,-14000,-14000
067403,眾達永豐01購03  ,0,0,0,0,0,0,0,0,0,-14000,0,0,0,0,14000,-14000,-14000
067626,聚陽永豐01購01  ,0,0,0,0,0,0,0,0,0,-14000,0,0,0,10000,24000,-14000,-14000
06952P,大立光統一9A售03,0,0,0,0,0,0,0,0,0,-14000,0,0,0,0,14000,-14000,-14000
063827,國巨國票02購01  ,0,0,0,0,0,0,0,0,0,-14000,0,0,0,29000,43000,-14000,-14000
066679,微星兆豐01購01  ,0,0,0,0,0,0,0,0,0,-14000,0,0,0,70000,84000,-14000,-14000
066953,禾伸堂元大01購01,0,0,0,0,0,0,0,0,0,-14000,0,0,0,54000,68000,-14000,-14000
067054,台積電台新01購03,0,0,0,0,0,0,0,0,0,-14000,0,0,0,26000,40000,-14000,-14000
058598,T50反1元大99購04,0,0,0,0,0,0,0,0,0,-14000,0,0,0,0,14000,-14000,-14000
057711,台積電統一9A購03,0,0,0,0,0,0,0,0,0,-14000,0,0,0,0,14000,-14000,-14000
059065,南電凱基9A購01  ,0,0,0,0,0,0,0,0,0,-14000,0,0,0,6000,20000,-14000,-14000
057790,台積電統一99購04,0,0,0,0,0,0,0,0,0,-14000,0,0,0,6000,20000,-14000,-14000
062688,華擎統一01購03  ,0,0,0,0,0,0,0,0,0,-14000,0,0,0,6000,20000,-14000,-14000
057936,健策群益99購01  ,0,0,0,0,0,0,0,0,0,-14000,0,0,0,2000,16000,-14000,-14000
056699,光罩國泰99購01  ,0,0,0,0,0,0,0,0,0,-14000,0,0,0,36000,50000,-14000,-14000
056776,聯茂元大99購01  ,0,0,0,0,0,0,0,0,0,-14000,0,0,0,3000,17000,-14000,-14000
055810,T50反1國票99購01,0,0,0,0,0,0,0,0,0,-14000,0,0,0,0,14000,-14000,-14000
060423,智易永豐9A購01  ,0,0,0,0,0,0,0,0,0,-14000,0,0,0,6000,20000,-14000,-14000
060548,友達凱基9B購03  ,0,0,0,0,0,0,0,0,0,-14000,0,0,0,0,14000,-14000,-14000
063246,嘉晶元大9C購01  ,0,0,0,0,0,0,0,0,0,-14000,0,0,0,92000,106000,-14000,-14000
061693,華新科群益9B購02,0,0,0,0,0,0,0,0,0,-14000,0,0,0,103000,117000,-14000,-14000
061048,國巨中信9A購05  ,0,0,0,0,0,0,0,0,0,-14000,0,0,0,16000,30000,-14000,-14000
061586,智邦富邦9A購02  ,0,0,0,0,0,0,0,0,0,-14000,0,0,0,7000,21000,-14000,-14000
061792,和大永豐9B購01  ,0,0,0,0,0,0,0,0,0,-14000,0,0,0,0,14000,-14000,-14000
063092,聯發科中信9B購03,0,0,0,0,0,0,0,0,0,-14000,0,0,0,26000,40000,-14000,-14000
062191,台郡元大9B購05  ,0,0,0,0,0,0,0,0,0,-14000,0,0,0,0,14000,-14000,-14000
062189,康控元大9B購02  ,0,0,0,0,0,0,0,0,0,-14000,0,0,0,0,14000,-14000,-14000
062200,臺指反國票03購01,0,0,0,0,0,0,0,0,0,-14000,0,0,0,0,14000,-14000,-14000
060040,康控國票99購04  ,0,0,0,0,0,0,0,0,0,-14000,0,0,0,0,14000,-14000,-14000
059862,全新群益99購04  ,0,0,0,0,0,0,0,0,0,-14000,0,0,0,30000,44000,-14000,-14000
065688,緯創元富9C購02  ,0,0,0,0,0,0,0,0,0,-14000,0,0,0,98000,112000,-14000,-14000
065784,正崴永豐9C購01  ,0,0,0,0,0,0,0,0,0,-14000,0,0,0,30000,44000,-14000,-14000
065936,聯發科群益02購01,0,0,0,0,0,0,0,0,0,-14000,0,0,0,16000,30000,-14000,-14000
065801,瑞昱群益9C購04  ,0,0,0,0,0,0,0,0,0,-14000,0,0,0,65000,79000,-14000,-14000
065780,國巨富邦03購02  ,0,0,0,0,0,0,0,0,0,-14000,0,0,0,142000,156000,-14000,-14000
066569,帆宣元大01購02  ,0,0,0,0,0,0,0,0,0,-14000,0,0,0,438000,452000,-14000,-14000
066637,瀚宇博凱基01購02,0,0,0,0,0,0,0,0,0,-14000,0,0,0,37000,51000,-14000,-14000
066352,晶碩永豐01購01  ,0,0,0,0,0,0,0,0,0,-14000,0,0,0,16000,30000,-14000,-14000
065057,臺股指凱基9C購21,0,0,0,0,0,0,0,0,0,-14000,0,0,0,3000,17000,-14000,-14000
065342,華邦電統一02購01,0,0,0,0,0,0,0,0,0,-14000,0,0,0,0,14000,-14000,-14000
065303,國泰金元富9C購01,0,0,0,0,0,0,0,0,0,-14000,0,0,0,60000,74000,-14000,-14000
08702P,南電康和01售01  ,0,0,0,0,0,0,0,0,0,-14000,0,0,0,50000,64000,-14000,-14000
2430,燦坤            ,35000,43000,-8000,0,0,0,0,0,0,-6000,1000,7000,-6000,0,0,0,-14000
2476,鉅祥            ,49000,63000,-14000,0,0,0,0,0,0,0,0,0,0,0,0,0,-14000
067217,康控元大01購02  ,0,0,0,0,0,0,0,0,0,-15000,0,0,0,7000,22000,-15000,-15000
067194,惠特凱基01購03  ,0,0,0,0,0,0,0,0,0,-15000,0,0,0,60000,75000,-15000,-15000
066857,大立光國票02購02,0,0,0,0,0,0,0,0,0,-15000,0,0,0,35000,50000,-15000,-15000
07065P,臺股指元大9A售26,0,0,0,0,0,0,0,0,0,-15000,0,0,0,30000,45000,-15000,-15000
067418,中化凱基01購01  ,0,0,0,0,0,0,0,0,0,-15000,0,0,0,0,15000,-15000,-15000
067413,臺股指中信04購02,0,0,0,0,0,0,0,0,0,-15000,0,0,0,0,15000,-15000,-15000
08353P,聯電元大9C售04  ,0,0,0,0,0,0,0,0,0,-15000,0,0,0,0,15000,-15000,-15000
07904P,聯發科群益9B售05,0,0,0,0,0,0,0,0,0,-15000,0,0,0,1000,16000,-15000,-15000
064134,瑞祺元大9C購02  ,0,0,0,0,0,0,0,0,0,-15000,0,0,0,0,15000,-15000,-15000
064005,義隆凱基01購01  ,0,0,0,0,0,0,0,0,0,-15000,0,0,0,25000,40000,-15000,-15000
063597,健策中信9B購02  ,0,0,0,0,0,0,0,0,0,-15000,0,0,0,0,15000,-15000,-15000
06427P,鴻海元大97售13  ,0,0,0,0,0,0,0,0,0,-15000,0,0,0,0,15000,-15000,-15000
064173,國產元富9C購01  ,0,0,0,0,0,0,0,0,0,-15000,0,0,0,14000,29000,-15000,-15000
06417P,台積電兆豐97售03,0,0,0,0,0,0,0,0,0,-15000,0,0,0,0,15000,-15000,-15000
055689,台郡凱基99購01  ,0,0,0,0,0,0,0,0,0,-15000,0,0,0,0,15000,-15000,-15000
056422,全新統一98購02  ,0,0,0,0,0,0,0,0,0,-15000,0,0,0,0,15000,-15000,-15000
058325,昇陽半永豐99購01,0,0,0,0,0,0,0,0,0,-15000,0,0,0,15000,30000,-15000,-15000
058493,台積電群益9A購01,0,0,0,0,0,0,0,0,0,-15000,0,0,0,0,15000,-15000,-15000
058520,智易元大99購03  ,0,0,0,0,0,0,0,0,0,-15000,0,0,0,15000,30000,-15000,-15000
057024,義隆凱基99購01  ,0,0,0,0,0,0,0,0,0,-15000,0,0,0,0,15000,-15000,-15000
053364,友達國泰98購01  ,0,0,0,0,0,0,0,0,0,-15000,0,0,0,0,15000,-15000,-15000
00702,國泰標普低波高息,0,0,0,0,0,0,0,0,0,-15000,0,0,0,40000,55000,-15000,-15000
00682U,元大美元指數    ,0,0,0,0,0,0,0,0,0,-15000,0,0,0,2000,17000,-15000,-15000
062894,道瓊銀元大9B購02,0,0,0,0,0,0,0,0,0,-15000,0,0,0,0,15000,-15000,-15000
058872,元油2X國票9B購01,0,0,0,0,0,0,0,0,0,-15000,0,0,0,0,15000,-15000,-15000
059230,滬深2X國票9B購02,0,0,0,0,0,0,0,0,0,-15000,0,0,0,0,15000,-15000,-15000
057589,超眾國票9A購01  ,0,0,0,0,0,0,0,0,0,-15000,0,0,0,2000,17000,-15000,-15000
057468,台郡永豐98購01  ,0,0,0,0,0,0,0,0,0,-15000,0,0,0,80000,95000,-15000,-15000
061184,大立光國泰9C購01,0,0,0,0,0,0,0,0,0,-15000,0,0,0,191000,206000,-15000,-15000
061154,可成群益9B購04  ,0,0,0,0,0,0,0,0,0,-15000,0,0,0,0,15000,-15000,-15000
061127,美食永豐9A購01  ,0,0,0,0,0,0,0,0,0,-15000,0,0,0,0,15000,-15000,-15000
059900,上証反元大99購03,0,0,0,0,0,0,0,0,0,-15000,0,0,0,0,15000,-15000,-15000
060027,元金2X永豐99購02,0,0,0,0,0,0,0,0,0,-15000,0,0,0,0,15000,-15000,-15000
061212,聯鈞元大9A購04  ,0,0,0,0,0,0,0,0,0,-15000,0,0,0,18000,33000,-15000,-15000
061263,微星凱基9A購01  ,0,0,0,0,0,0,0,0,0,-15000,0,0,0,0,15000,-15000,-15000
062113,瑞祺國票9B購01  ,0,0,0,0,0,0,0,0,0,-15000,0,0,0,0,15000,-15000,-15000
063041,貿聯凱基9B購01  ,0,0,0,0,0,0,0,0,0,-15000,0,0,0,0,15000,-15000,-15000
061446,鴻海中信04購01  ,0,0,0,0,0,0,0,0,0,-15000,0,0,0,0,15000,-15000,-15000
061743,祥碩凱基9B購02  ,0,0,0,0,0,0,0,0,0,-15000,0,0,0,0,15000,-15000,-15000
062371,健策元大9B購08  ,0,0,0,0,0,0,0,0,0,-15000,0,0,0,5000,20000,-15000,-15000
063502,南電永豐9B購02  ,0,0,0,0,0,0,0,0,0,-15000,0,0,0,8000,23000,-15000,-15000
060652,滬深2X群益9C購04,0,0,0,0,0,0,0,0,0,-15000,0,0,0,5000,20000,-15000,-15000
065357,立積元富03購01  ,0,0,0,0,0,0,0,0,0,-15000,0,0,0,8000,23000,-15000,-15000
065483,聯茂元大9C購06  ,0,0,0,0,0,0,0,0,0,-15000,0,0,0,50000,65000,-15000,-15000
065466,台表科中信01購03,0,0,0,0,0,0,0,0,0,-15000,0,0,0,91000,106000,-15000,-15000
06498P,臺股指元大9A售03,0,0,0,0,0,0,0,0,0,-15000,0,0,0,0,15000,-15000,-15000
064991,友達兆豐9C購01  ,0,0,0,0,0,0,0,0,0,-15000,0,0,0,0,15000,-15000,-15000
064866,義隆永豐9C購02  ,0,0,0,0,0,0,0,0,0,-15000,0,0,0,0,15000,-15000,-15000
064922,玉晶光統一01購10,0,0,0,0,0,0,0,0,0,-15000,0,0,0,0,15000,-15000,-15000
064331,微星元大9C購03  ,0,0,0,0,0,0,0,0,0,-15000,0,0,0,5000,20000,-15000,-15000
064315,創意群益9C購01  ,0,0,0,0,0,0,0,0,0,-15000,0,0,0,0,15000,-15000,-15000
066289,晶碩元大02購01  ,0,0,0,0,0,0,0,0,0,-15000,0,0,0,32000,47000,-15000,-15000
066176,華擎凱基01購01  ,0,0,0,0,0,0,0,0,0,-15000,0,0,0,35000,50000,-15000,-15000
066258,台積電元大01購10,0,0,0,0,0,0,0,0,0,-15000,0,0,0,0,15000,-15000,-15000
066607,台郡永豐01購01  ,0,0,0,0,0,0,0,0,0,-15000,0,0,0,29000,44000,-15000,-15000
066599,鴻海國泰03購02  ,0,0,0,0,0,0,0,0,0,-15000,0,0,0,0,15000,-15000,-15000
065833,中租凱基02購01  ,0,0,0,0,0,0,0,0,0,-15000,0,0,0,0,15000,-15000,-15000
065770,元黃金國票01購01,0,0,0,0,0,0,0,0,0,-15000,0,0,0,0,15000,-15000,-15000
065525,瑞儀群益01購01  ,0,0,0,0,0,0,0,0,0,-15000,0,0,0,55000,70000,-15000,-15000
08697P,臺股指麥證01售03,0,0,0,10000,25000,-15000,0,0,0,-15000,0,0,0,10000,25000,-15000,-15000
08720P,台光電元大01售03,0,0,0,0,0,0,0,0,0,-15000,0,0,0,5000,20000,-15000,-15000
08733P,臺股指麥證01售05,0,0,0,0,15000,-15000,0,0,0,-15000,0,0,0,0,15000,-15000,-15000
08654P,台積電群益9C售13,0,0,0,0,0,0,0,0,0,-15000,0,0,0,0,15000,-15000,-15000
08609P,世紀鋼永豐9C售03,0,0,0,0,0,0,0,0,0,-15000,0,0,0,0,15000,-15000,-15000
08541P,景碩國票01售02  ,0,0,0,0,0,0,0,0,0,-15000,0,0,0,40000,55000,-15000,-15000
08505P,臺股指國票9C售07,0,0,0,0,0,0,0,0,0,-15000,0,0,0,10000,25000,-15000,-15000
08487P,同欣電群益01售01,0,0,0,0,0,0,0,0,0,-15000,0,0,0,5000,20000,-15000,-15000
1531,高林股          ,48000,63000,-15000,0,0,0,0,0,0,0,0,0,0,0,0,0,-15000
063595,燿華中信9B購02  ,0,0,0,0,0,0,0,0,0,-16000,0,0,0,0,16000,-16000,-16000
063841,國巨元大01購01  ,0,0,0,0,0,0,0,0,0,-16000,0,0,0,24000,40000,-16000,-16000
064160,新日興統一01購03,0,0,0,0,0,0,0,0,0,-16000,0,0,0,20000,36000,-16000,-16000
067462,台灣50元大01購27,0,0,0,0,0,0,0,0,0,-16000,0,0,0,0,16000,-16000,-16000
067483,禾伸堂元大01購02,0,0,0,0,0,0,0,0,0,-16000,0,0,0,0,16000,-16000,-16000
067649,台積電元富07購05,0,151000,-151000,0,0,0,0,0,0,135000,0,0,0,260000,125000,135000,-16000
067726,帆宣凱基01購01  ,0,0,0,0,0,0,0,0,0,-16000,0,0,0,0,16000,-16000,-16000
057494,玉晶光元大99購09,0,0,0,0,0,0,0,0,0,-16000,0,0,0,29000,45000,-16000,-16000
058685,TPK凱基99購01   ,0,0,0,0,0,0,0,0,0,-16000,0,0,0,72000,88000,-16000,-16000
062902,智邦元大9B購07  ,0,0,0,0,0,0,0,0,0,-16000,0,0,0,34000,50000,-16000,-16000
062879,美食兆豐9B購01  ,0,0,0,0,0,0,0,0,0,-16000,0,0,0,0,16000,-16000,-16000
056276,同欣電國泰98購01,0,0,0,0,0,0,0,0,0,-16000,0,0,0,14000,30000,-16000,-16000
059543,可成亞東99購02  ,0,0,0,0,0,0,0,0,0,-16000,0,0,0,0,16000,-16000,-16000
063240,聯發科元大9B購17,0,0,0,0,0,0,0,0,0,-16000,0,0,0,0,16000,-16000,-16000
062443,大立光元大9B購05,0,0,0,0,0,0,0,0,0,-16000,0,0,0,0,16000,-16000,-16000
060878,奇力新中信9C購01,0,0,0,0,0,0,0,0,0,-16000,0,0,0,5000,21000,-16000,-16000
063016,微星元大9C購02  ,0,0,0,0,0,0,0,0,0,-16000,0,0,0,4000,20000,-16000,-16000
061363,儒鴻國票9B購01  ,0,0,0,0,0,0,0,0,0,-16000,0,0,0,36000,52000,-16000,-16000
062035,瑞祺群益9B購01  ,0,0,0,0,0,0,0,0,0,-16000,0,0,0,0,16000,-16000,-16000
065669,義隆凱基01購03  ,0,0,0,0,0,0,0,0,0,-16000,0,0,0,23000,39000,-16000,-16000
066273,晶技元大01購02  ,0,0,0,0,0,0,0,0,0,-16000,0,0,0,97000,113000,-16000,-16000
066362,瑞昱中信05購01  ,0,0,0,0,0,0,0,0,0,-16000,0,0,0,67000,83000,-16000,-16000
066389,南港凱基01購01  ,0,0,0,0,0,0,0,0,0,-16000,0,0,0,20000,36000,-16000,-16000
064396,創意永豐9C購01  ,0,0,0,0,0,0,0,0,0,-16000,0,0,0,120000,136000,-16000,-16000
064956,麗豐凱基9C購01  ,0,0,0,0,0,0,0,0,0,-16000,0,0,0,0,16000,-16000,-16000
065332,漢唐國票01購02  ,0,0,0,0,0,0,0,0,0,-16000,0,0,0,0,16000,-16000,-16000
08588P,緯穎元富03售01  ,0,0,0,0,0,0,0,0,0,-16000,0,0,0,17000,33000,-16000,-16000
2466,冠西電          ,48000,64000,-16000,0,0,0,0,0,0,0,0,0,0,0,0,0,-16000
9941,裕融            ,174390,189000,-14610,0,0,0,0,2000,-2000,0,0,0,0,0,0,0,-16610
067481,國產元大01購03  ,0,0,0,0,0,0,0,0,0,-17000,0,0,0,113000,130000,-17000,-17000
067332,旺宏凱基03購02  ,0,0,0,0,0,0,0,0,0,-17000,0,0,0,134000,151000,-17000,-17000
067192,矽格凱基01購03  ,0,0,0,0,0,0,0,0,0,-17000,0,0,0,28000,45000,-17000,-17000
066989,聯茂群益01購01  ,0,0,0,0,0,0,0,0,0,-17000,0,0,0,0,17000,-17000,-17000
063847,聯發科元大9C購03,0,0,0,0,0,0,0,0,0,-17000,0,0,0,5000,22000,-17000,-17000
063922,大立光元富9C購04,0,0,0,0,0,0,0,0,0,-17000,0,0,0,140000,157000,-17000,-17000
063557,聚陽元大9B購01  ,0,0,0,0,0,0,0,0,0,-17000,0,0,0,2000,19000,-17000,-17000
064214,群創凱基03購01  ,0,0,0,0,0,0,0,0,0,-17000,0,0,0,24000,41000,-17000,-17000
07952P,富邦金元大9B售02,0,0,0,0,0,0,0,0,0,-17000,0,0,0,63000,80000,-17000,-17000
08054P,臺股指國票9B售19,0,0,0,0,0,0,0,0,0,-17000,0,0,0,61000,78000,-17000,-17000
058321,大立光永豐99購01,0,0,0,0,0,0,0,0,0,-17000,0,0,0,3000,20000,-17000,-17000
056638,臺股指日盛98購01,0,0,0,0,0,0,0,0,0,-17000,0,0,0,0,17000,-17000,-17000
062706,大立光元大9B購06,0,0,0,0,0,0,0,0,0,-17000,0,0,0,33000,50000,-17000,-17000
05793P,臺股指中信99售08,0,0,0,0,0,0,0,0,0,-17000,0,0,0,0,17000,-17000,-17000
058608,華新科元大99購13,0,0,0,0,0,0,0,0,0,-17000,0,0,0,50000,67000,-17000,-17000
059788,華新科元大9A購05,0,0,0,0,0,0,0,0,0,-17000,0,0,0,12000,29000,-17000,-17000
059923,緯穎元大99購09  ,0,0,0,0,0,0,0,0,0,-17000,0,0,0,23000,40000,-17000,-17000
062107,台光電國票9B購01,0,0,0,0,0,0,0,0,0,-17000,0,0,0,48000,65000,-17000,-17000
060032,利勤永豐99購01  ,0,0,0,0,0,0,0,0,0,-17000,0,0,0,3000,20000,-17000,-17000
061853,晶技國票9B購02  ,0,0,0,0,0,0,0,0,0,-17000,0,0,0,8000,25000,-17000,-17000
062314,玉晶光凱基9B購06,0,0,0,0,0,0,0,0,0,-17000,0,0,0,1000,18000,-17000,-17000
061442,玉晶光永豐9A購07,0,0,0,0,0,0,0,0,0,-17000,0,0,0,21000,38000,-17000,-17000
061368,南六國票9A購01  ,0,0,0,0,0,0,0,0,0,-17000,0,0,0,20000,37000,-17000,-17000
061505,力成國票9A購03  ,0,0,0,0,0,0,0,0,0,-17000,0,0,0,4000,21000,-17000,-17000
059456,智易永豐99購01  ,0,0,0,0,0,0,0,0,0,-17000,0,0,0,0,17000,-17000,-17000
060993,健策元大9B購03  ,0,0,0,0,0,0,0,0,0,-17000,0,0,0,0,17000,-17000,-17000
063425,台勝科凱基9B購02,0,0,0,0,0,0,0,0,0,-17000,0,0,0,22000,39000,-17000,-17000
059611,台積電永豐99購05,0,0,0,0,0,0,0,0,0,-17000,0,0,0,1000,18000,-17000,-17000
064959,巨大凱基9C購02  ,0,0,0,0,0,0,0,0,0,-17000,0,0,0,0,17000,-17000,-17000
065063,玉晶光群益02購04,0,0,0,0,0,0,0,0,0,-17000,0,0,0,17000,34000,-17000,-17000
064503,日電貿元大9C購01,0,0,0,0,0,0,0,0,0,-17000,0,0,0,0,17000,-17000,-17000
064725,緯創統一02購01  ,0,2000,-2000,0,0,0,0,0,0,-15000,0,0,0,59000,74000,-15000,-17000
066645,聯發科麥證01購02,0,0,0,6000,23000,-17000,0,0,0,-17000,0,0,0,6000,23000,-17000,-17000
065716,道瓊反中信03購01,0,0,0,0,0,0,0,0,0,-17000,0,0,0,0,17000,-17000,-17000
8101,華冠            ,0,17000,-17000,0,0,0,0,0,0,0,0,0,0,0,0,0,-17000
6715,嘉基            ,126000,246000,-120000,0,0,0,0,0,0,103000,0,0,0,105000,2000,103000,-17000
4977,眾達-KY         ,352000,296000,56000,0,0,0,113000,0,113000,-186000,2000,183000,-181000,9000,14000,-5000,-17000
064274,燿華元大9C購01  ,0,0,0,0,0,0,0,0,0,-18000,0,0,0,13000,31000,-18000,-18000
063613,全新群益9C購01  ,0,0,0,0,0,0,0,0,0,-18000,0,0,0,66000,84000,-18000,-18000
064076,台積電中信06購02,0,0,0,0,0,0,0,0,0,-18000,0,0,0,2000,20000,-18000,-18000
066986,健策群益02購02  ,0,0,0,0,0,0,0,0,0,-18000,0,0,0,85000,103000,-18000,-18000
066966,國巨元富07購07  ,0,0,0,0,0,0,0,0,0,-18000,0,0,0,0,18000,-18000,-18000
059142,道瓊指國票9B購02,0,0,0,0,0,0,0,0,0,-18000,0,0,0,0,18000,-18000,-18000
062925,建準國票9B購01  ,0,0,0,0,0,0,0,0,0,-18000,0,0,0,41000,59000,-18000,-18000
056726,友達日盛9A購01  ,0,0,0,0,0,0,0,0,0,-18000,0,0,0,0,18000,-18000,-18000
056165,矽力凱基98購02  ,0,0,0,0,0,0,0,0,0,-18000,0,0,0,12000,30000,-18000,-18000
055652,聯詠元富01購01  ,0,0,0,0,0,0,0,0,0,-18000,0,0,0,25000,43000,-18000,-18000
00709,富邦歐洲        ,3000,0,3000,0,0,0,0,0,0,-21000,0,0,0,116000,137000,-21000,-18000
046383,群創凱基98購01  ,0,0,0,0,0,0,0,0,0,-18000,0,0,0,21000,39000,-18000,-18000
060463,台積電元大9A購10,0,0,0,0,0,0,0,0,0,-18000,0,0,0,0,18000,-18000,-18000
063435,儒鴻統一01購02  ,0,0,0,0,0,0,0,0,0,-18000,0,0,0,36000,54000,-18000,-18000
063519,聚陽凱基9B購02  ,0,0,0,0,0,0,0,0,0,-18000,0,0,0,2000,20000,-18000,-18000
063186,聯發科凱基9C購04,0,0,0,0,0,0,0,0,0,-18000,0,0,0,10000,28000,-18000,-18000
062414,臻鼎中信01購01  ,0,0,0,0,0,0,0,0,0,-18000,0,0,0,0,18000,-18000,-18000
060682,牧德元大9A購03  ,0,0,0,0,0,0,0,0,0,-18000,0,0,0,0,18000,-18000,-18000
060697,鴻海國泰9C購01  ,0,0,0,0,0,0,0,0,0,-18000,0,0,0,0,18000,-18000,-18000
062943,世芯凱基9B購03  ,0,0,0,0,0,0,0,0,0,-18000,0,0,0,0,18000,-18000,-18000
066556,和鑫元大01購01  ,0,0,0,0,0,0,0,0,0,-18000,0,0,0,0,18000,-18000,-18000
066497,大立光國泰03購02,0,0,0,0,0,0,0,0,0,-18000,0,0,0,29000,47000,-18000,-18000
064390,台塑永豐9C購01  ,0,0,0,0,0,0,0,0,0,-18000,0,0,0,0,18000,-18000,-18000
065009,勤誠國票01購01  ,0,0,0,0,0,0,0,0,0,-18000,0,0,0,20000,38000,-18000,-18000
064916,玉山金統一02購01,0,0,0,0,0,0,0,0,0,-18000,0,0,0,295000,313000,-18000,-18000
08411P,技嘉凱基9C售01  ,0,0,0,0,0,0,0,0,0,-18000,0,0,0,22000,40000,-18000,-18000
08827P,緯穎元大01售05  ,0,0,0,0,0,0,0,0,0,-18000,0,0,0,62000,80000,-18000,-18000
067149,瑞昱統一03購01  ,0,0,0,0,0,0,0,0,0,-19000,0,0,0,57000,76000,-19000,-19000
067721,義隆凱基01購06  ,0,0,0,0,0,0,0,0,0,-19000,0,0,0,15000,34000,-19000,-19000
06934P,聯鈞元大98售03  ,0,0,0,0,0,0,0,0,0,-19000,0,0,0,0,19000,-19000,-19000
06977P,臺股指元大9A售15,0,0,0,0,0,0,0,0,0,-19000,0,0,0,6000,25000,-19000,-19000
064251,緯創元富9C購01  ,0,0,0,0,0,0,0,0,0,-19000,0,0,0,55000,74000,-19000,-19000
057056,立積元大99購02  ,0,0,0,0,0,0,0,0,0,-19000,0,0,0,1000,20000,-19000,-19000
062679,技嘉統一01購01  ,0,0,0,0,0,0,0,0,0,-19000,0,0,0,0,19000,-19000,-19000
062747,立積永豐9B購01  ,0,0,0,0,0,0,0,0,0,-19000,0,0,0,19000,38000,-19000,-19000
057928,鈺齊凱基98購02  ,0,0,0,0,0,0,0,0,0,-19000,0,0,0,0,19000,-19000,-19000
061174,鴻海凱基9A購23  ,0,0,0,0,0,0,0,0,0,-19000,0,0,0,10000,29000,-19000,-19000
062248,國巨元大9B購08  ,0,0,0,0,0,0,0,0,0,-19000,0,0,0,31000,50000,-19000,-19000
060874,中鋼中信02購01  ,0,0,0,0,0,0,0,0,0,-19000,0,0,0,11000,30000,-19000,-19000
062422,億光統一01購01  ,0,0,0,0,0,0,0,0,0,-19000,0,0,0,20000,39000,-19000,-19000
060513,緯穎元大9B購01  ,0,0,0,0,0,0,0,0,0,-19000,0,0,0,46000,65000,-19000,-19000
065036,世芯統一02購02  ,0,0,0,0,0,0,0,0,0,-19000,0,0,0,108000,127000,-19000,-19000
064539,玉晶光麥證01購01,0,0,0,2000,21000,-19000,0,0,0,-19000,0,0,0,2000,21000,-19000,-19000
065733,茂林凱基9C購03  ,0,0,0,0,0,0,0,0,0,-19000,0,0,0,265000,284000,-19000,-19000
065755,日電貿元大9C購02,0,0,0,0,0,0,0,0,0,-19000,0,0,0,0,19000,-19000,-19000
065914,智邦凱基02購03  ,0,0,0,0,0,0,0,0,0,-19000,0,0,0,20000,39000,-19000,-19000
066069,英業達凱基02購01,0,0,0,0,0,0,0,0,0,-19000,0,0,0,104000,123000,-19000,-19000
08789P,A50正2元富01售04,0,0,0,0,0,0,0,0,0,-19000,0,0,0,3000,22000,-19000,-19000
1537,廣隆            ,21000,40000,-19000,0,0,0,0,0,0,0,0,0,0,0,0,0,-19000
08456P,聯發科元大9C售13,0,0,0,0,0,0,0,0,0,-19000,0,0,0,23000,42000,-19000,-19000
08695P,嘉晶群益01售01  ,0,0,0,0,0,0,0,0,0,-19000,0,0,0,4000,23000,-19000,-19000
2881A,富邦特          ,0,0,0,0,0,0,0,0,0,-19000,1000,20000,-19000,0,0,0,-19000
063115,台積電麥證9B購02,0,0,0,40000,60000,-20000,0,0,0,-20000,0,0,0,40000,60000,-20000,-20000
064241,貿聯統一02購02  ,0,0,0,0,0,0,0,0,0,-20000,0,0,0,0,20000,-20000,-20000
07200P,臺股指元大99售16,0,0,0,0,0,0,0,0,0,-20000,0,0,0,40000,60000,-20000,-20000
07236P,台灣50國票99售05,0,0,0,0,0,0,0,0,0,-20000,0,0,0,0,20000,-20000,-20000
063843,台積電元大9C購03,0,0,0,0,0,0,0,0,0,-20000,0,0,0,0,20000,-20000,-20000
08033P,台灣50兆豐9C售03,0,0,0,0,0,0,0,0,0,-20000,0,0,0,0,20000,-20000,-20000
08085P,華通凱基9B售04  ,0,0,0,0,0,0,0,0,0,-20000,0,0,0,0,20000,-20000,-20000
08357P,聯發科元大9C售09,0,0,0,0,0,0,0,0,0,-20000,0,0,0,0,20000,-20000,-20000
08270P,鴻海富邦9C售02  ,0,0,0,0,0,0,0,0,0,-20000,0,0,0,0,20000,-20000,-20000
07884P,華新科凱基9B售08,0,0,0,0,0,0,0,0,0,-20000,0,0,0,0,20000,-20000,-20000
07400P,國巨凱基99售20  ,0,0,0,0,0,0,0,0,0,-20000,0,0,0,0,20000,-20000,-20000
07498P,台積電元大9A售09,0,0,0,0,0,0,0,0,0,-20000,0,0,0,0,20000,-20000,-20000
07523P,台積電中信9C售05,0,0,0,0,0,0,0,0,0,-20000,0,0,0,0,20000,-20000,-20000
07514P,台積電元大9A售14,0,0,0,0,0,0,0,0,0,-20000,0,0,0,0,20000,-20000,-20000
07515P,台積電元大9A售15,0,0,0,0,0,0,0,0,0,-20000,0,0,0,0,20000,-20000,-20000
07005P,台積電統一9B售05,0,0,0,0,0,0,0,0,0,-20000,0,0,0,0,20000,-20000,-20000
06930P,台積電元大98售19,0,0,0,0,0,0,0,0,0,-20000,0,0,0,0,20000,-20000,-20000
067729,台灣50元大01購29,0,0,0,0,0,0,0,0,0,-20000,0,0,0,0,20000,-20000,-20000
067766,上銀統一02購02  ,0,0,0,0,0,0,0,0,0,-20000,0,0,0,0,20000,-20000,-20000
06801P,技嘉群益99售02  ,0,0,0,0,0,0,0,0,0,-20000,0,0,0,0,20000,-20000,-20000
067360,日月光群益01購01,0,0,0,0,0,0,0,0,0,-20000,0,0,0,0,20000,-20000,-20000
067455,T50反1國泰03購01,0,0,0,0,0,0,0,0,0,-20000,0,0,0,0,20000,-20000,-20000
067424,美律凱基02購02  ,0,0,0,0,0,0,0,0,0,-20000,0,0,0,0,20000,-20000,-20000
067583,金像電群益01購05,0,0,0,0,0,0,0,0,0,-20000,0,0,0,0,20000,-20000,-20000
067161,嘉澤國票02購01  ,0,0,0,0,0,0,0,0,0,-20000,0,0,0,0,20000,-20000,-20000
067133,正崴永豐01購01  ,0,0,0,0,0,0,0,0,0,-20000,0,0,0,10000,30000,-20000,-20000
067263,台汽電國票01購01,0,0,0,0,0,0,0,0,0,-20000,0,0,0,46000,66000,-20000,-20000
067004,義隆永豐01購01  ,0,0,0,0,0,0,0,0,0,-20000,0,0,0,109000,129000,-20000,-20000
067063,為升元大01購01  ,0,0,0,0,0,0,0,0,0,-20000,0,0,0,82000,102000,-20000,-20000
067112,泰碩群益01購02  ,0,0,0,0,0,0,0,0,0,-20000,0,0,0,0,20000,-20000,-20000
066823,國巨群益02購02  ,0,0,0,0,0,0,0,0,0,-20000,0,0,0,0,20000,-20000,-20000
066864,上証2X元富07購02,0,0,0,0,0,0,0,0,0,-20000,0,0,0,0,20000,-20000,-20000
066684,T50反1元富07購01,0,0,0,0,0,0,0,0,0,-20000,0,0,0,0,20000,-20000,-20000
066786,聯發科麥證01購05,0,0,0,3000,23000,-20000,0,0,0,-20000,0,0,0,3000,23000,-20000,-20000
066789,聯詠麥證01購01  ,0,0,0,98000,118000,-20000,0,0,0,-20000,0,0,0,98000,118000,-20000,-20000
066781,滬深2X中信04購01,0,0,0,0,0,0,0,0,0,-20000,0,0,0,0,20000,-20000,-20000
057943,可成國票99購03  ,0,0,0,0,0,0,0,0,0,-20000,0,0,0,0,20000,-20000,-20000
057945,京鼎國票99購03  ,0,0,0,0,0,0,0,0,0,-20000,0,0,0,20000,40000,-20000,-20000
058084,大立光群益98購04,0,0,0,0,0,0,0,0,0,-20000,0,0,0,0,20000,-20000,-20000
058196,台塑中信99購01  ,0,0,0,0,0,0,0,0,0,-20000,0,0,0,30000,50000,-20000,-20000
059037,宏達電群益99購02,0,0,0,0,0,0,0,0,0,-20000,0,0,0,48000,68000,-20000,-20000
062708,立積元大9B購01  ,0,0,0,0,0,0,0,0,0,-20000,0,0,0,29000,49000,-20000,-20000
062845,微星富邦01購01  ,0,0,0,0,0,0,0,0,0,-20000,0,0,0,0,20000,-20000,-20000
062671,國泰金中信03購01,0,0,0,0,0,0,0,0,0,-20000,0,0,0,0,20000,-20000,-20000
062628,廣達國票9B購01  ,0,0,0,0,0,0,0,0,0,-20000,0,0,0,1000,21000,-20000,-20000
062928,富邦金台新9B購02,0,0,0,0,0,0,0,0,0,-20000,0,0,0,111000,131000,-20000,-20000
058652,SGBR2X中信01購01,0,0,0,0,0,0,0,0,0,-20000,0,0,0,0,20000,-20000,-20000
058557,健策第一01購01  ,0,0,0,0,0,0,0,0,0,-20000,0,0,0,0,20000,-20000,-20000
057368,微星元大98購02  ,0,0,0,0,0,0,0,0,0,-20000,0,0,0,0,20000,-20000,-20000
057321,台泥群益98購01  ,0,0,0,0,0,0,0,0,0,-20000,0,0,0,0,20000,-20000,-20000
058701,鴻海元大99購16  ,0,0,0,0,0,0,0,0,0,-20000,0,0,0,0,20000,-20000,-20000
057511,健策統一98購02  ,0,0,0,0,0,0,0,0,0,-20000,0,0,0,0,20000,-20000,-20000
057545,國巨凱基99購05  ,0,0,0,0,0,0,0,0,0,-20000,0,0,0,0,20000,-20000,-20000
057538,緯穎元大98購07  ,0,0,0,0,0,0,0,0,0,-20000,0,0,0,0,20000,-20000,-20000
058711,鴻海統一9A購02  ,0,0,0,0,0,0,0,0,0,-20000,0,0,0,0,20000,-20000,-20000
057604,鴻海統一9C購01  ,0,0,0,0,0,0,0,0,0,-20000,0,0,0,0,20000,-20000,-20000
057808,旺宏元大99購05  ,0,0,0,0,0,0,0,0,0,-20000,0,0,0,0,20000,-20000,-20000
057050,群創元大99購03  ,0,0,0,0,0,0,0,0,0,-20000,0,0,0,20000,40000,-20000,-20000
054642,訊芯中信9A購01  ,0,0,0,0,0,0,0,0,0,-20000,0,0,0,0,20000,-20000,-20000
054479,緯創中信98購01  ,0,0,0,0,0,0,0,0,0,-20000,0,0,0,28000,48000,-20000,-20000
054873,帆宣群益99購01  ,0,0,0,0,0,0,0,0,0,-20000,0,0,0,0,20000,-20000,-20000
054293,健策元大98購02  ,0,0,0,0,0,0,0,0,0,-20000,0,0,0,4000,24000,-20000,-20000
052950,超眾國票98購01  ,0,0,0,0,0,0,0,0,0,-20000,0,0,0,0,20000,-20000,-20000
054368,鴻海中信9A購02  ,0,0,0,0,0,0,0,0,0,-20000,0,0,0,0,20000,-20000,-20000
054428,禾伸堂富邦98購01,0,0,0,0,0,0,0,0,0,-20000,0,0,0,40000,60000,-20000,-20000
056866,矽創群益98購03  ,0,0,0,0,0,0,0,0,0,-20000,0,0,0,0,20000,-20000,-20000
05692P,聯發科中信9A售02,0,0,0,0,0,0,0,0,0,-20000,0,0,0,0,20000,-20000,-20000
03681C,台灣50凱基02牛02,0,0,0,0,0,0,0,0,0,-20000,0,0,0,3000,23000,-20000,-20000
051847,香港反中信99購01,0,0,0,0,0,0,0,0,0,-20000,0,0,0,0,20000,-20000,-20000
053609,華新中信9A購01  ,0,0,0,0,0,0,0,0,0,-20000,0,0,0,0,20000,-20000,-20000
052328,台表科中信99購01,0,0,0,0,0,0,0,0,0,-20000,0,0,0,35000,55000,-20000,-20000
03455B,臺股指凱基03熊06,0,0,0,0,0,0,0,0,0,-20000,0,0,0,0,20000,-20000,-20000
00665L,富邦恒生國企正2 ,126000,0,126000,0,0,0,0,0,0,-146000,0,0,0,81000,227000,-146000,-20000
055780,禾伸堂凱基99購01,0,0,0,0,0,0,0,0,0,-20000,0,0,0,0,20000,-20000,-20000
055182,京鼎統一98購01  ,0,0,0,0,0,0,0,0,0,-20000,0,0,0,0,20000,-20000,-20000
056204,嘉澤永豐97購01  ,0,0,0,0,0,0,0,0,0,-20000,0,0,0,0,20000,-20000,-20000
056212,台光電國票98購03,0,0,0,0,0,0,0,0,0,-20000,0,0,0,0,20000,-20000,-20000
056755,聯茂兆豐98購01  ,0,0,0,0,0,0,0,0,0,-20000,0,0,0,0,20000,-20000,-20000
056682,鴻海統一98購10  ,0,0,0,0,0,0,0,0,0,-20000,0,0,0,0,20000,-20000,-20000
058335,鴻海元富99購06  ,0,0,0,0,0,0,0,0,0,-20000,0,0,0,0,20000,-20000,-20000
056777,矽力元大98購02  ,0,0,0,0,0,0,0,0,0,-20000,0,0,0,0,20000,-20000,-20000
058510,全新元大9B購02  ,0,0,0,0,0,0,0,0,0,-20000,0,0,0,0,20000,-20000,-20000
058843,元油2X群益9C購02,0,0,0,0,0,0,0,0,0,-20000,0,0,0,0,20000,-20000,-20000
057218,可成群益99購03  ,0,0,0,0,0,0,0,0,0,-20000,0,0,0,0,20000,-20000,-20000
058361,美律凱基99購06  ,0,0,0,0,0,0,0,0,0,-20000,0,0,0,10000,30000,-20000,-20000
060540,南亞凱基9A購01  ,0,0,0,0,0,0,0,0,0,-20000,0,0,0,10000,30000,-20000,-20000
059726,華新科元大99購18,0,0,0,0,0,0,0,0,0,-20000,0,0,0,2000,22000,-20000,-20000
063528,元大金凱基9B購01,0,0,0,0,0,0,0,0,0,-20000,0,0,0,0,20000,-20000,-20000
060603,聯發科凱基9A購12,0,0,0,0,0,0,0,0,0,-20000,0,0,0,0,20000,-20000,-20000
063249,祥碩元大9B購06  ,0,0,0,0,0,0,0,0,0,-20000,0,0,0,0,20000,-20000,-20000
063416,台積電凱基9B購10,0,0,0,0,0,0,0,0,0,-20000,0,0,0,7000,27000,-20000,-20000
061601,台積電凱基9A購26,0,0,0,0,0,0,0,0,0,-20000,0,0,0,0,20000,-20000,-20000
062436,國巨元大9B購14  ,0,0,0,0,0,0,0,0,0,-20000,0,0,0,30000,50000,-20000,-20000
062471,國泰金凱基9B購02,0,0,0,0,0,0,0,0,0,-20000,0,0,0,0,20000,-20000,-20000
060947,台積電統一9C購03,0,0,0,0,0,0,0,0,0,-20000,0,0,0,0,20000,-20000,-20000
060943,宏達電國票9B購02,0,0,0,0,0,0,0,0,0,-20000,0,0,0,40000,60000,-20000,-20000
060915,旭富元大9A購01  ,0,0,0,0,0,0,0,0,0,-20000,0,0,0,106000,126000,-20000,-20000
060804,T50反1群益9A購02,0,0,0,0,0,0,0,0,0,-20000,0,0,0,0,20000,-20000,-20000
060776,世芯凱基9B購01  ,0,0,0,0,0,0,0,0,0,-20000,0,0,0,0,20000,-20000,-20000
062387,健策國泰01購01  ,0,0,0,0,0,0,0,0,0,-20000,0,0,0,0,20000,-20000,-20000
062231,台光電麥證9C購01,0,0,0,0,20000,-20000,0,0,0,-20000,0,0,0,0,20000,-20000,-20000
062188,貿聯元大9B購02  ,0,0,0,0,0,0,0,0,0,-20000,0,0,0,0,20000,-20000,-20000
061453,台達電凱基9B購01,0,0,0,0,0,0,0,0,0,-20000,0,0,0,0,20000,-20000,-20000
061431,鈺齊元大9A購01  ,0,0,0,0,0,0,0,0,0,-20000,0,0,0,0,20000,-20000,-20000
060311,盟立永豐9A購01  ,0,0,0,0,0,0,0,0,0,-20000,0,0,0,0,20000,-20000,-20000
061923,友達凱基9B購04  ,0,0,0,0,0,0,0,0,0,-20000,0,0,0,0,20000,-20000,-20000
061940,世紀鋼國票9C購01,0,0,0,0,0,0,0,0,0,-20000,0,0,0,18000,38000,-20000,-20000
059781,A50正2元大9C購03,0,0,0,0,0,0,0,0,0,-20000,0,0,0,10000,30000,-20000,-20000
059852,康控永豐99購02  ,0,0,0,0,0,0,0,0,0,-20000,0,0,0,0,20000,-20000,-20000
059822,聯發科凱基99購19,0,0,0,0,0,0,0,0,0,-20000,0,0,0,0,20000,-20000,-20000
062965,FBVIX元富9C購01 ,0,0,0,0,0,0,0,0,0,-20000,0,0,0,0,20000,-20000,-20000
059967,聯發科凱基99購20,0,0,0,0,0,0,0,0,0,-20000,0,0,0,0,20000,-20000,-20000
059869,友達凱基99購07  ,0,0,0,0,0,0,0,0,0,-20000,0,0,0,0,20000,-20000,-20000
060057,欣興凱基9B購01  ,0,0,0,0,0,0,0,0,0,-20000,0,0,0,20000,40000,-20000,-20000
062120,國巨台新9B購01  ,0,0,0,0,0,0,0,0,0,-20000,0,0,0,0,20000,-20000,-20000
061265,富邦金凱基9B購01,0,0,0,0,0,0,0,0,0,-20000,0,0,0,3000,23000,-20000,-20000
060202,康友元富9A購01  ,0,0,0,0,0,0,0,0,0,-20000,0,0,0,0,20000,-20000,-20000
060105,牧德元大9B購01  ,0,0,0,0,0,0,0,0,0,-20000,0,0,0,5000,25000,-20000,-20000
065878,麗豐群益02購01  ,0,0,0,0,0,0,0,0,0,-20000,0,0,0,29000,49000,-20000,-20000
065806,貿聯群益9C購05  ,0,0,0,0,0,0,0,0,0,-20000,0,0,0,0,20000,-20000,-20000
065627,貿聯兆豐9C購02  ,0,0,0,0,0,0,0,0,0,-20000,0,0,0,18000,38000,-20000,-20000
065569,智邦群益01購01  ,0,0,0,0,0,0,0,0,0,-20000,0,0,0,32000,52000,-20000,-20000
066452,晶碩群益01購01  ,0,0,0,0,0,0,0,0,0,-20000,0,0,0,0,20000,-20000,-20000
066409,勤誠凱基01購01  ,0,0,0,0,0,0,0,0,0,-20000,0,0,0,0,20000,-20000,-20000
066361,微星中信05購01  ,0,0,0,0,0,0,0,0,0,-20000,0,0,0,0,20000,-20000,-20000
066274,景碩元大01購02  ,0,0,0,0,0,0,0,0,0,-20000,0,0,0,198000,218000,-20000,-20000
064549,神基凱基9C購01  ,0,0,0,0,0,0,0,0,0,-20000,0,0,0,0,20000,-20000,-20000
064521,群創群益02購01  ,0,0,0,0,0,0,0,0,0,-20000,0,0,0,0,20000,-20000,-20000
064707,群創富邦9C購02  ,0,0,0,0,0,0,0,0,0,-20000,0,0,0,0,20000,-20000,-20000
064756,友達凱基02購02  ,0,0,0,0,0,0,0,0,0,-20000,0,0,0,0,20000,-20000,-20000
064428,裕隆凱基02購01  ,0,0,0,0,0,0,0,0,0,-20000,0,0,0,50000,70000,-20000,-20000
063741,GIS元大9B購04   ,0,0,0,0,0,0,0,0,0,-20000,0,0,0,5000,25000,-20000,-20000
065008,TPK國票01購02   ,0,0,0,0,0,0,0,0,0,-20000,0,0,0,12000,32000,-20000,-20000
064964,T50反1元大9C購10,0,0,0,0,0,0,0,0,0,-20000,0,0,0,0,20000,-20000,-20000
065366,英業達元大9C購02,0,0,0,0,0,0,0,0,0,-20000,0,0,0,232000,252000,-20000,-20000
065476,聯發科元大9C購14,0,0,0,0,0,0,0,0,0,-20000,0,0,0,0,20000,-20000,-20000
1723,中碳            ,174000,196000,-22000,0,0,0,0,0,0,2000,2000,0,2000,0,0,0,-20000
08722P,臺股指元大01售03,0,0,0,0,0,0,0,0,0,-20000,0,0,0,0,20000,-20000,-20000
08808P,台灣50群益01售06,0,0,0,0,0,0,0,0,0,-20000,0,0,0,0,20000,-20000,-20000
08903P,台積電兆豐01售04,0,0,0,0,0,0,0,0,0,-20000,0,0,0,0,20000,-20000,-20000
08918P,臺股指凱基01售09,0,0,0,0,0,0,0,0,0,-20000,0,0,0,0,20000,-20000,-20000
08925P,國巨元富07售10  ,0,0,0,0,0,0,0,0,0,-20000,0,0,0,0,20000,-20000,-20000
08950P,臺股指國票01售07,0,0,0,0,0,0,0,0,0,-20000,0,0,0,0,20000,-20000,-20000
08951P,臺股指國票01售08,0,0,0,0,0,0,0,0,0,-20000,0,0,0,0,20000,-20000,-20000
08939P,緯穎元大01售06  ,0,0,0,0,0,0,0,0,0,-20000,0,0,0,0,20000,-20000,-20000
08850P,台光電群益01售03,0,0,0,0,0,0,0,0,0,-20000,0,0,0,20000,40000,-20000,-20000
8411,福貞-KY         ,48000,59000,-11000,0,0,0,0,0,0,-9000,0,9000,-9000,0,0,0,-20000
066768,瀚宇博永豐01購01,0,0,0,0,0,0,0,0,0,-21000,0,0,0,10000,31000,-21000,-21000
066771,滬深2X富邦02購01,0,0,0,0,0,0,0,0,0,-21000,0,0,0,10000,31000,-21000,-21000
067097,為升群益01購01  ,0,0,0,0,0,0,0,0,0,-21000,0,0,0,0,21000,-21000,-21000
067123,京鼎富邦05購01  ,0,0,0,0,0,0,0,0,0,-21000,0,0,0,0,21000,-21000,-21000
067517,台積電台新01購04,0,0,0,0,0,0,0,0,0,-21000,0,0,0,1000,22000,-21000,-21000
067437,瑞祺凱基02購02  ,0,0,0,0,0,0,0,0,0,-21000,0,0,0,0,21000,-21000,-21000
07547P,緯穎凱基9A售05  ,0,0,0,0,0,0,0,0,0,-21000,0,0,0,0,21000,-21000,-21000
063659,世紀鋼元富9B購01,0,0,0,0,0,0,0,0,0,-21000,0,0,0,204000,225000,-21000,-21000
058360,台光電凱基9A購02,0,0,0,0,0,0,0,0,0,-21000,0,0,0,0,21000,-21000,-21000
056331,聯鈞國票99購01  ,0,0,0,0,0,0,0,0,0,-21000,0,0,0,21000,42000,-21000,-21000
056413,上証反中信9A購01,0,0,0,0,0,0,0,0,0,-21000,0,0,0,0,21000,-21000,-21000
00686R,群益臺灣加權反1 ,0,0,0,0,0,0,0,0,0,-21000,0,0,0,139000,160000,-21000,-21000
053095,台光電統一98購01,0,0,0,0,0,0,0,0,0,-21000,0,0,0,103000,124000,-21000,-21000
059261,華邦電中信01購01,0,0,0,0,0,0,0,0,0,-21000,0,0,0,99000,120000,-21000,-21000
058677,矽格群益99購01  ,0,0,0,0,0,0,0,0,0,-21000,0,0,0,20000,41000,-21000,-21000
058611,欣興元大99購06  ,0,0,0,0,0,0,0,0,0,-21000,0,0,0,4000,25000,-21000,-21000
062884,康控兆豐9C購01  ,0,0,0,0,0,0,0,0,0,-21000,0,0,0,1000,22000,-21000,-21000
062642,帆宣國票9B購01  ,0,0,0,0,0,0,0,0,0,-21000,0,0,0,0,21000,-21000,-21000
062745,聯詠永豐9B購01  ,0,0,0,0,0,0,0,0,0,-21000,0,0,0,0,21000,-21000,-21000
060153,A50正2永豐9A購01,0,0,0,0,0,0,0,0,0,-21000,0,0,0,14000,35000,-21000,-21000
061355,康友元大9A購03  ,0,0,0,0,0,0,0,0,0,-21000,0,0,0,30000,51000,-21000,-21000
062280,大立光群益9C購01,0,0,0,0,0,0,0,0,0,-21000,0,0,0,36000,57000,-21000,-21000
063079,儒鴻凱基9B購01  ,0,0,0,0,0,0,0,0,0,-21000,0,0,0,0,21000,-21000,-21000
060677,京元電元大9A購04,0,0,0,0,0,0,0,0,0,-21000,0,0,0,48000,69000,-21000,-21000
060347,大立光統一02購01,0,0,0,0,0,0,0,0,0,-21000,0,0,0,60000,81000,-21000,-21000
060775,世芯凱基9A購02  ,0,0,0,0,0,0,0,0,0,-21000,0,0,0,6000,27000,-21000,-21000
060923,全新永豐9A購01  ,0,0,0,0,0,0,0,0,0,-21000,0,0,0,0,21000,-21000,-21000
059530,華新科凱基9A購05,0,0,0,0,0,0,0,0,0,-21000,0,0,0,50000,71000,-21000,-21000
063198,仁寶統一01購02  ,0,0,0,0,0,0,0,0,0,-21000,0,0,0,224000,245000,-21000,-21000
063171,光寶科中信9B購01,0,0,0,0,0,0,0,0,0,-21000,0,0,0,0,21000,-21000,-21000
063436,儒鴻統一01購03  ,0,0,0,0,0,0,0,0,0,-21000,0,0,0,0,21000,-21000,-21000
059704,聯發科凱基9A購08,0,0,0,0,0,0,0,0,0,-21000,0,0,0,0,21000,-21000,-21000
065287,華新科群益01購03,0,0,0,0,0,0,0,0,0,-21000,0,0,0,8000,29000,-21000,-21000
065025,健策永豐9C購02  ,0,0,0,0,0,0,0,0,0,-21000,0,0,0,0,21000,-21000,-21000
066272,聯陽元大01購01  ,0,0,0,0,0,0,0,0,0,-21000,0,0,0,303000,324000,-21000,-21000
066372,惠特中信01購01  ,0,0,0,0,0,0,0,0,0,-21000,0,0,0,0,21000,-21000,-21000
065586,嘉聯益富邦03購01,0,0,0,0,0,0,0,0,0,-21000,0,0,0,0,21000,-21000,-21000
065735,矽格凱基01購02  ,0,0,0,0,0,0,0,0,0,-21000,0,0,0,13000,34000,-21000,-21000
065816,聯發科元富03購07,7000,0,7000,0,0,0,0,0,0,-28000,0,0,0,234000,262000,-28000,-21000
9946,三發地產        ,4000,25000,-21000,0,0,0,0,0,0,0,0,0,0,0,0,0,-21000
08664P,金像電凱基01售02,0,0,0,0,0,0,0,0,0,-21000,0,0,0,0,21000,-21000,-21000
4942,嘉彰            ,50000,72000,-22000,0,0,0,0,0,0,1000,1000,0,1000,0,0,0,-21000
063833,致新國票01購01  ,0,0,0,0,0,0,0,0,0,-22000,0,0,0,1000,23000,-22000,-22000
063867,全新永豐9C購01  ,0,0,0,0,0,0,0,0,0,-22000,0,0,0,0,22000,-22000,-22000
08162P,台灣50台新9C售06,0,0,0,0,0,0,0,0,0,-22000,0,0,0,0,22000,-22000,-22000
06937P,GIS元大98售03   ,0,0,0,0,0,0,0,0,0,-22000,0,0,0,28000,50000,-22000,-22000
06962P,華新科永豐99售01,0,0,0,0,0,0,0,0,0,-22000,0,0,0,73000,95000,-22000,-22000
066875,臺指反富邦03購01,0,0,0,0,0,0,0,0,0,-22000,0,0,0,0,22000,-22000,-22000
066886,T50反1中信05購01,0,0,0,0,0,0,0,0,0,-22000,0,0,0,0,22000,-22000,-22000
062810,華通兆豐9B購02  ,0,0,0,0,0,0,0,0,0,-22000,0,0,0,8000,30000,-22000,-22000
062793,鴻海統一9B購06  ,0,0,0,0,0,0,0,0,0,-22000,0,0,0,0,22000,-22000,-22000
058648,聯陽永豐99購01  ,0,0,0,0,0,0,0,0,0,-22000,0,0,0,20000,42000,-22000,-22000
054569,GIS群益98購01   ,0,0,0,0,0,0,0,0,0,-22000,0,0,0,31000,53000,-22000,-22000
051047,深中小群益99購01,0,0,0,0,0,0,0,0,0,-22000,0,0,0,15000,37000,-22000,-22000
055320,建準國票98購01  ,0,0,0,0,0,0,0,0,0,-22000,0,0,0,0,22000,-22000,-22000
058472,亞德客凱基9A購01,0,0,0,0,0,0,0,0,0,-22000,0,0,0,115000,137000,-22000,-22000
058499,滬深2X元大9C購01,0,0,0,0,0,0,0,0,0,-22000,0,0,0,5000,27000,-22000,-22000
063423,聯詠凱基9C購02  ,0,0,0,0,0,0,0,0,0,-22000,0,0,0,22000,44000,-22000,-22000
059488,大立光兆豐99購03,0,0,0,0,0,0,0,0,0,-22000,0,0,0,0,22000,-22000,-22000
061035,亞光永豐9A購01  ,0,0,0,0,0,0,0,0,0,-22000,0,0,0,1000,23000,-22000,-22000
060410,台苯永豐9A購01  ,0,0,0,0,0,0,0,0,0,-22000,0,0,0,54000,76000,-22000,-22000
061395,健策統一9C購02  ,0,0,0,0,0,0,0,0,0,-22000,0,0,0,9000,31000,-22000,-22000
060283,台肥元大9C購01  ,0,0,0,0,0,0,0,0,0,-22000,0,0,0,7000,29000,-22000,-22000
062197,聯發科中信01購03,0,0,0,0,0,0,0,0,0,-22000,0,0,0,23000,45000,-22000,-22000
061704,景碩國票9A購01  ,0,0,0,0,0,0,0,0,0,-22000,0,0,0,0,22000,-22000,-22000
061928,群創凱基9B購06  ,0,0,0,0,0,0,0,0,0,-22000,0,0,0,0,22000,-22000,-22000
059947,貿聯永豐99購03  ,0,0,0,0,0,0,0,0,0,-22000,0,0,0,33000,55000,-22000,-22000
066353,台塑化永豐01購01,0,0,0,0,0,0,0,0,0,-22000,0,0,0,0,22000,-22000,-22000
066390,鴻海凱基02購03  ,0,0,0,0,0,0,0,0,0,-22000,0,0,0,30000,52000,-22000,-22000
066302,卜蜂永豐01購01  ,0,0,0,0,0,0,0,0,0,-22000,0,0,0,0,22000,-22000,-22000
065228,南亞科凱基01購03,0,0,0,0,0,0,0,0,0,-22000,0,0,0,0,22000,-22000,-22000
065239,超眾凱基02購02  ,0,0,0,0,0,0,0,0,0,-22000,0,0,0,29000,51000,-22000,-22000
065191,南電統一01購03  ,0,0,0,0,0,0,0,0,0,-22000,0,0,0,13000,35000,-22000,-22000
063772,智邦富邦9B購02  ,0,0,0,0,0,0,0,0,0,-22000,0,0,0,8000,30000,-22000,-22000
064482,微星永豐9C購01  ,0,0,0,0,0,0,0,0,0,-22000,0,0,0,15000,37000,-22000,-22000
08577P,臺指2X中信03售01,0,0,0,0,0,0,0,0,0,-22000,0,0,0,18000,40000,-22000,-22000
08613P,同欣電凱基9C售04,0,0,0,0,0,0,0,0,0,-22000,0,0,0,0,22000,-22000,-22000
08396P,鴻海元富9C售04  ,0,0,0,0,0,0,0,0,0,-22000,0,0,0,3000,25000,-22000,-22000
08507P,臺股指國票9C售08,0,0,0,0,0,0,0,0,0,-22000,0,0,0,60000,82000,-22000,-22000
066714,台灣50元大01購22,0,0,0,0,0,0,0,0,0,-23000,0,0,0,30000,53000,-23000,-23000
067330,台達電凱基02購01,0,0,0,0,0,0,0,0,0,-23000,0,0,0,0,23000,-23000,-23000
08043P,電子類群益9B售01,0,0,0,0,0,0,0,0,0,-23000,0,0,0,0,23000,-23000,-23000
07703P,玉晶光中信9B售03,0,0,0,0,0,0,0,0,0,-23000,0,0,0,300000,323000,-23000,-23000
063899,同欣電群益9C購01,0,0,0,0,0,0,0,0,0,-23000,0,0,0,1000,24000,-23000,-23000
063997,泰鼎群益9C購01  ,0,0,0,0,0,0,0,0,0,-23000,0,0,0,60000,83000,-23000,-23000
064144,智邦統一01購02  ,0,0,0,0,0,0,0,0,0,-23000,0,0,0,163000,186000,-23000,-23000
07218P,臺股指凱基99售31,0,0,0,0,0,0,0,0,0,-23000,0,0,0,1000,24000,-23000,-23000
063603,友達凱基9B購05  ,0,0,0,0,0,0,0,0,0,-23000,0,0,0,1000,24000,-23000,-23000
064194,燿華群益9C購01  ,0,0,0,0,0,0,0,0,0,-23000,0,0,0,222000,245000,-23000,-23000
064202,景碩兆豐9C購01  ,0,0,0,0,0,0,0,0,0,-23000,0,0,0,0,23000,-23000,-23000
063100,聚陽群益9C購02  ,0,0,0,0,0,0,0,0,0,-23000,0,0,0,0,23000,-23000,-23000
053901,T50反1凱基99購03,0,0,0,0,0,0,0,0,0,-23000,0,0,0,37000,60000,-23000,-23000
058634,可成兆豐99購03  ,0,0,0,0,0,0,0,0,0,-23000,0,0,0,0,23000,-23000,-23000
062920,康友元大9B購01  ,0,0,0,0,0,0,0,0,0,-23000,0,0,0,76000,99000,-23000,-23000
062070,金寶元大9B購01  ,0,0,0,0,0,0,0,0,0,-23000,0,0,0,0,23000,-23000,-23000
060295,貿聯元大9A購03  ,0,0,0,0,0,0,0,0,0,-23000,0,0,0,0,23000,-23000,-23000
060782,道瓊指富邦9C購01,0,0,0,0,0,0,0,0,0,-23000,0,0,0,0,23000,-23000,-23000
061681,南電元大9A購08  ,0,0,0,0,0,0,0,0,0,-23000,0,0,0,18000,41000,-23000,-23000
059516,TPK永豐99購01   ,0,0,0,0,0,0,0,0,0,-23000,0,0,0,52000,75000,-23000,-23000
063334,復盛國票9B購01  ,0,0,0,0,0,0,0,0,0,-23000,0,0,0,0,23000,-23000,-23000
059641,群創凱基99購06  ,0,0,0,0,0,0,0,0,0,-23000,0,0,0,0,23000,-23000,-23000
060467,神基元大9A購01  ,0,0,0,0,0,0,0,0,0,-23000,0,0,0,0,23000,-23000,-23000
060430,和潤永豐9A購01  ,0,0,0,0,0,0,0,0,0,-23000,0,0,0,0,23000,-23000,-23000
064394,全新永豐9C購02  ,0,0,0,0,0,0,0,0,0,-23000,0,0,0,0,23000,-23000,-23000
06376P,上銀統一99售01  ,0,0,0,0,0,0,0,0,0,-23000,0,0,0,0,23000,-23000,-23000
064722,大立光統一02購03,0,0,0,0,0,0,0,0,0,-23000,0,0,0,0,23000,-23000,-23000
066386,宏全康和01購01  ,0,0,0,0,0,0,0,0,0,-23000,0,0,0,0,23000,-23000,-23000
066405,晶碩凱基01購01  ,0,0,0,0,0,0,0,0,0,-23000,0,0,0,23000,46000,-23000,-23000
066214,惠特統一03購02  ,0,0,0,0,0,0,0,0,0,-23000,0,0,0,14000,37000,-23000,-23000
066475,新光金麥證01購01,0,0,0,0,23000,-23000,0,0,0,-23000,0,0,0,0,23000,-23000,-23000
066521,A50反1中信03購01,0,0,0,0,0,0,0,0,0,-23000,0,0,0,0,23000,-23000,-23000
066553,大立光元大01購09,0,0,0,0,0,0,0,0,0,-23000,0,0,0,74000,97000,-23000,-23000
08391P,智邦凱基02售02  ,0,0,0,0,0,0,0,0,0,-23000,0,0,0,77000,100000,-23000,-23000
08462P,臻鼎國票9C售02  ,0,0,0,0,0,0,0,0,0,-23000,0,0,0,99000,122000,-23000,-23000
1340,勝悅-KY         ,53000,76000,-23000,0,0,0,0,0,0,0,1000,1000,0,0,0,0,-23000
3607,谷崧            ,42000,62000,-20000,0,0,0,0,0,0,-3000,2000,5000,-3000,0,0,0,-23000
063566,台光電元大9B購08,0,0,0,0,0,0,0,0,0,-24000,0,0,0,147000,171000,-24000,-24000
07756P,台灣50國票04售01,0,0,0,0,0,0,0,0,0,-24000,0,0,0,0,24000,-24000,-24000
067372,聯發科統一03購03,0,0,0,0,0,0,0,0,0,-24000,0,0,0,5000,29000,-24000,-24000
067688,南六元大01購06  ,0,0,0,0,0,0,0,0,0,-24000,0,0,0,12000,36000,-24000,-24000
066692,T50反1群益01購04,0,0,0,0,0,0,0,0,0,-24000,0,0,0,0,24000,-24000,-24000
066707,揚明光群益01購02,0,0,0,0,0,0,0,0,0,-24000,0,0,0,220000,244000,-24000,-24000
067186,晶豪科凱基01購02,0,0,0,0,0,0,0,0,0,-24000,0,0,0,0,24000,-24000,-24000
062764,世芯凱基9B購02  ,0,0,0,0,0,0,0,0,0,-24000,0,0,0,10000,34000,-24000,-24000
00654R,富邦印度反1     ,2000,9000,-7000,0,0,0,0,0,0,-17000,0,0,0,0,17000,-17000,-24000
060738,矽格統一9C購01  ,0,0,0,0,0,0,0,0,0,-24000,0,0,0,137000,161000,-24000,-24000
060314,元翎永豐9A購01  ,0,0,0,0,0,0,0,0,0,-24000,0,0,0,10000,34000,-24000,-24000
062336,茂林統一01購02  ,0,0,0,0,0,0,0,0,0,-24000,0,0,0,30000,54000,-24000,-24000
062299,台積電第一9B購01,0,0,0,0,0,0,0,0,0,-24000,0,0,0,1000,25000,-24000,-24000
059786,全新元大99購06  ,0,0,0,0,0,0,0,0,0,-24000,0,0,0,7000,31000,-24000,-24000
066257,台積電元大01購09,0,0,0,0,0,0,0,0,0,-24000,0,0,0,0,24000,-24000,-24000
065900,瑞祺國泰02購01  ,0,0,0,0,0,0,0,0,0,-24000,0,0,0,0,24000,-24000,-24000
066039,台積電元大01購08,0,0,0,0,0,0,0,0,0,-24000,0,0,0,0,24000,-24000,-24000
064585,中壽永豐9C購01  ,0,0,0,0,0,0,0,0,0,-24000,0,0,0,0,24000,-24000,-24000
064623,創意元大9C購04  ,0,0,0,0,0,0,0,0,0,-24000,0,0,0,5000,29000,-24000,-24000
064360,台積電統一9C購12,0,0,0,0,0,0,0,0,0,-24000,0,0,0,0,24000,-24000,-24000
06532P,友達元富98售04  ,0,0,0,0,0,0,0,0,0,-24000,0,0,0,4000,28000,-24000,-24000
4720,德淵            ,25000,49000,-24000,0,0,0,0,0,0,0,0,0,0,0,0,0,-24000
08926P,台積電元富07售06,0,0,0,0,0,0,0,0,0,-24000,0,0,0,0,24000,-24000,-24000
08389P,技嘉國票9C售01  ,0,0,0,0,0,0,0,0,0,-24000,0,0,0,176000,200000,-24000,-24000
066689,技嘉台新01購01  ,0,0,0,0,0,0,0,0,0,-25000,0,0,0,0,25000,-25000,-25000
066842,卜蜂元大01購01  ,0,0,0,0,0,0,0,0,0,-25000,0,0,0,0,25000,-25000,-25000
066926,聚陽國票02購01  ,0,0,0,0,0,0,0,0,0,-25000,0,0,0,0,25000,-25000,-25000
067547,儒鴻中信01購01  ,0,0,0,0,0,0,0,0,0,-25000,0,0,0,0,25000,-25000,-25000
064292,南茂元大01購01  ,0,0,0,0,0,0,0,0,0,-25000,0,0,0,5000,30000,-25000,-25000
01010T,京城樂富R1      ,0,0,0,0,0,0,0,0,0,-25000,0,25000,-25000,0,0,0,-25000
056763,國巨元大99購02  ,0,0,0,0,0,0,0,0,0,-25000,0,0,0,50000,75000,-25000,-25000
056345,嘉聯益凱基99購01,0,0,0,0,0,0,0,0,0,-25000,0,0,0,0,25000,-25000,-25000
062777,鴻海元大9C購03  ,0,0,0,0,0,0,0,0,0,-25000,0,0,0,0,25000,-25000,-25000
062645,國巨國泰9B購08  ,0,0,0,0,0,0,0,0,0,-25000,0,0,0,84000,109000,-25000,-25000
058995,台達電元大99購01,0,0,0,0,0,0,0,0,0,-25000,0,0,0,0,25000,-25000,-25000
058692,華邦電國票9B購01,0,0,0,0,0,0,0,0,0,-25000,0,0,0,100000,125000,-25000,-25000
059291,華新科元富9B購01,0,0,0,0,0,0,0,0,0,-25000,0,0,0,0,25000,-25000,-25000
059943,信邦永豐99購01  ,0,0,0,0,0,0,0,0,0,-25000,0,0,0,23000,48000,-25000,-25000
060098,華新科元大99購24,0,0,0,0,0,0,0,0,0,-25000,0,0,0,2000,27000,-25000,-25000
063018,聯發科元大9B購14,0,0,0,0,0,0,0,0,0,-25000,0,0,0,0,25000,-25000,-25000
061195,健策永豐9B購02  ,0,0,0,0,0,0,0,0,0,-25000,0,0,0,0,25000,-25000,-25000
061711,台積電凱基9A購27,0,0,0,0,0,0,0,0,0,-25000,0,0,0,0,25000,-25000,-25000
061731,旺宏統一9B購06  ,0,0,0,0,0,0,0,0,0,-25000,0,0,0,0,25000,-25000,-25000
061979,友達元大9C購08  ,0,0,0,0,0,0,0,0,0,-25000,0,0,0,0,25000,-25000,-25000
062253,燿華元大9B購02  ,0,0,0,0,0,0,0,0,0,-25000,0,0,0,130000,155000,-25000,-25000
062488,台光電永豐9B購02,0,0,0,0,0,0,0,0,0,-25000,0,0,0,21000,46000,-25000,-25000
061503,臻鼎國票9B購01  ,0,0,0,0,0,0,0,0,0,-25000,0,0,0,31000,56000,-25000,-25000
062235,億光凱基9B購01  ,0,0,0,0,0,0,0,0,0,-25000,0,0,0,26000,51000,-25000,-25000
059364,昇陽半永豐99購02,0,0,0,0,0,0,0,0,0,-25000,0,0,0,55000,80000,-25000,-25000
061087,國巨統一01購04  ,0,0,0,0,0,0,0,0,0,-25000,0,0,0,0,25000,-25000,-25000
060454,葡萄王元大9A購01,0,0,0,0,0,0,0,0,0,-25000,0,0,0,0,25000,-25000,-25000
060502,國巨元大9A購07  ,0,0,0,0,0,0,0,0,0,-25000,0,0,0,1000,26000,-25000,-25000
059660,華新科元大9A購04,0,0,0,0,0,0,0,0,0,-25000,0,0,0,1000,26000,-25000,-25000
065222,玉晶光永豐9C購07,0,0,0,0,0,0,0,0,0,-25000,0,0,0,50000,75000,-25000,-25000
064435,聯發科凱基02購03,0,0,0,0,0,0,0,0,0,-25000,0,0,0,17000,42000,-25000,-25000
064438,大立光凱基01購03,0,0,0,0,0,0,0,0,0,-25000,0,0,0,0,25000,-25000,-25000
063737,大立光元大9C購07,0,0,0,0,0,0,0,0,0,-25000,0,0,0,45000,70000,-25000,-25000
064630,巨大元大9C購01  ,0,0,0,0,0,0,0,0,0,-25000,0,0,0,20000,45000,-25000,-25000
064657,和大元大9C購02  ,0,0,0,0,0,0,0,0,0,-25000,0,0,0,0,25000,-25000,-25000
066002,健策國票02購01  ,0,0,0,0,0,0,0,0,0,-25000,0,0,0,38000,63000,-25000,-25000
066191,惠特凱基01購02  ,0,0,0,0,0,0,0,0,0,-25000,0,0,0,5000,30000,-25000,-25000
066404,瑞祺凱基02購01  ,0,0,0,0,0,0,0,0,0,-25000,0,0,0,0,25000,-25000,-25000
066484,瑞昱元富07購01  ,0,0,0,0,0,0,0,0,0,-25000,0,0,0,310000,335000,-25000,-25000
066632,智原凱基02購01  ,0,0,0,0,0,0,0,0,0,-25000,0,0,0,50000,75000,-25000,-25000
08431P,景碩凱基9C售02  ,0,0,0,0,0,0,0,0,0,-25000,0,0,0,5000,30000,-25000,-25000
08657P,牧德群益9C售02  ,0,0,0,0,0,0,0,0,0,-25000,0,0,0,210000,235000,-25000,-25000
08849P,國巨群益01售07  ,0,0,0,0,0,0,0,0,0,-25000,0,0,0,5000,30000,-25000,-25000
1590,亞德客-KY       ,435000,447827,-12827,0,0,0,0,5000,-5000,-8000,0,5000,-5000,2000,5000,-3000,-25827
064235,美律統一9C購02  ,0,0,0,0,0,0,0,0,0,-26000,0,0,0,180000,206000,-26000,-26000
08074P,緯穎元富9B售02  ,0,0,0,0,0,0,0,0,0,-26000,0,0,0,52000,78000,-26000,-26000
067410,聚陽兆豐01購01  ,0,0,0,0,0,0,0,0,0,-26000,0,0,0,0,26000,-26000,-26000
067793,鈺齊群益01購02  ,0,0,0,0,0,0,0,0,0,-26000,0,0,0,0,26000,-26000,-26000
058837,SGBR2X中信9C購01,0,0,0,0,0,0,0,0,0,-26000,0,0,0,0,26000,-26000,-26000
058237,嘉晶元大99購04  ,0,0,0,0,0,0,0,0,0,-26000,0,0,0,0,26000,-26000,-26000
058104,國巨統一9A購04  ,0,0,0,0,0,0,0,0,0,-26000,0,0,0,75000,101000,-26000,-26000
057913,健策日盛98購01  ,0,0,0,0,0,0,0,0,0,-26000,0,0,0,0,26000,-26000,-26000
057747,致新永豐98購01  ,0,0,0,0,0,0,0,0,0,-26000,0,0,0,0,26000,-26000,-26000
062781,微星元大9C購01  ,0,0,0,0,0,0,0,0,0,-26000,0,0,0,0,26000,-26000,-26000
055667,致茂群益98購01  ,0,0,0,0,0,0,0,0,0,-26000,0,0,0,0,26000,-26000,-26000
058517,景碩元大99購06  ,0,0,0,0,0,0,0,0,0,-26000,0,0,0,22000,48000,-26000,-26000
060552,群創凱基9B購05  ,0,0,0,0,0,0,0,0,0,-26000,0,0,0,12000,38000,-26000,-26000
060471,台勝科元大9B購01,0,0,0,0,0,0,0,0,0,-26000,0,0,0,0,26000,-26000,-26000
061583,矽創元大9A購01  ,0,0,0,0,0,0,0,0,0,-26000,0,0,0,69000,95000,-26000,-26000
059474,元石油群益99購01,0,0,0,0,0,0,0,0,0,-26000,0,0,0,30000,56000,-26000,-26000
060760,南亞科元大9A購04,0,0,0,0,0,0,0,0,0,-26000,0,0,0,0,26000,-26000,-26000
062554,台積電凱基9B購08,0,0,0,0,0,0,0,0,0,-26000,0,0,0,1000,27000,-26000,-26000
066612,台積電麥證01購04,0,0,0,101000,127000,-26000,0,0,0,-26000,0,0,0,101000,127000,-26000,-26000
065602,聯發科元大9C購15,0,0,0,0,0,0,0,0,0,-26000,0,0,0,54000,80000,-26000,-26000
065621,聯發科第一9C購01,0,0,0,0,0,0,0,0,0,-26000,0,0,0,1300000,1326000,-26000,-26000
063793,和大凱基9C購01  ,0,0,0,0,0,0,0,0,0,-26000,0,0,0,0,26000,-26000,-26000
065296,國巨統一01購10  ,0,0,0,0,0,0,0,0,0,-26000,0,0,0,101000,127000,-26000,-26000
1532,勤美            ,212000,235000,-23000,0,0,0,0,0,0,-3000,0,3000,-3000,0,0,0,-26000
08860P,鴻海統一01售06  ,0,0,0,0,0,0,0,0,0,-26000,0,0,0,400000,426000,-26000,-26000
06798P,臺股指凱基98售08,0,0,0,0,0,0,0,0,0,-27000,0,0,0,5000,32000,-27000,-27000
067627,中興電永豐01購01,0,0,0,0,0,0,0,0,0,-27000,0,0,0,0,27000,-27000,-27000
067587,欣興群益01購03  ,0,0,0,0,0,0,0,0,0,-27000,0,0,0,15000,42000,-27000,-27000
07416P,台積電元大99售53,0,0,0,0,0,0,0,0,0,-27000,0,0,0,5000,32000,-27000,-27000
063604,群創凱基01購02  ,0,0,0,0,0,0,0,0,0,-27000,0,0,0,1000,28000,-27000,-27000
058372,欣興凱基99購03  ,0,0,0,0,0,0,0,0,0,-27000,0,0,0,41000,68000,-27000,-27000
054587,玉晶光國泰99購01,0,0,0,0,0,0,0,0,0,-27000,0,0,0,0,27000,-27000,-27000
057019,台積電凱基98購14,0,0,0,0,0,0,0,0,0,-27000,0,0,0,6000,33000,-27000,-27000
062813,台積電兆豐9B購01,0,0,0,0,0,0,0,0,0,-27000,0,0,0,0,27000,-27000,-27000
059070,道瓊指元大99購02,0,0,0,0,0,0,0,0,0,-27000,0,0,0,0,27000,-27000,-27000
061478,奇鋐元大9A購01  ,0,0,0,0,0,0,0,0,0,-27000,0,0,0,0,27000,-27000,-27000
063042,同欣電凱基9C購01,0,0,0,0,0,0,0,0,0,-27000,0,0,0,4000,31000,-27000,-27000
062042,台勝科凱基9C購01,0,0,0,0,0,0,0,0,0,-27000,0,0,0,0,27000,-27000,-27000
060713,聯詠永豐9A購01  ,0,0,0,0,0,0,0,0,0,-27000,0,0,0,0,27000,-27000,-27000
062415,聯茂中信9C購01  ,0,0,0,0,0,0,0,0,0,-27000,0,0,0,96000,123000,-27000,-27000
062420,台積電統一9C購08,0,0,0,0,0,0,0,0,0,-27000,0,0,0,0,27000,-27000,-27000
059675,大立光元富99購08,0,0,0,0,0,0,0,0,0,-27000,0,0,0,4000,31000,-27000,-27000
063283,華新科元大9C購03,0,0,0,0,0,0,0,0,0,-27000,0,0,0,73000,100000,-27000,-27000
063288,泰鼎元大9B購02  ,0,0,0,0,0,0,0,0,0,-27000,0,0,0,56000,83000,-27000,-27000
063403,鈺齊群益9B購01  ,0,0,0,0,0,0,0,0,0,-27000,0,0,0,30000,57000,-27000,-27000
063369,聚陽永豐9B購01  ,0,0,0,0,0,0,0,0,0,-27000,0,0,0,47000,74000,-27000,-27000
065374,義隆元大9C購07  ,0,0,0,0,0,0,0,0,0,-27000,0,0,0,128000,155000,-27000,-27000
064380,超眾元富9C購03  ,0,0,0,0,0,0,0,0,0,-27000,0,0,0,40000,67000,-27000,-27000
066317,英利永豐01購01  ,0,0,0,0,0,0,0,0,0,-27000,0,0,0,0,27000,-27000,-27000
066338,德律永豐01購01  ,0,0,0,0,0,0,0,0,0,-27000,0,0,0,0,27000,-27000,-27000
066328,國揚永豐01購01  ,0,0,0,0,0,0,0,0,0,-27000,0,0,0,0,27000,-27000,-27000
1733,五鼎            ,88000,117000,-29000,0,0,0,0,0,0,2000,7000,5000,2000,0,0,0,-27000
6189,豐藝            ,142000,174000,-32000,0,0,0,0,0,0,5000,5000,0,5000,0,0,0,-27000
064147,瑞昱統一01購04  ,0,0,0,0,0,0,0,0,0,-28000,0,0,0,750000,778000,-28000,-28000
064090,祥碩凱基9C購03  ,0,0,0,0,0,0,0,0,0,-28000,0,0,0,0,28000,-28000,-28000
08277P,嘉晶元富9C售02  ,0,0,0,0,0,0,0,0,0,-28000,0,0,0,7000,35000,-28000,-28000
067132,瑞昱永豐01購01  ,0,0,0,0,0,0,0,0,0,-28000,0,0,0,0,28000,-28000,-28000
066990,啟碁群益01購01  ,0,0,0,0,0,0,0,0,0,-28000,0,0,0,10000,38000,-28000,-28000
066978,國巨群益01購03  ,0,0,0,0,0,0,0,0,0,-28000,0,0,0,0,28000,-28000,-28000
058707,泰鼎元大99購02  ,0,0,0,0,0,0,0,0,0,-28000,0,0,0,0,28000,-28000,-28000
052313,聯電元大98購01  ,0,0,0,0,0,0,0,0,0,-28000,0,0,0,26000,54000,-28000,-28000
055781,聯詠凱基98購01  ,0,0,0,0,0,0,0,0,0,-28000,0,0,0,40000,68000,-28000,-28000
056301,開發金元大9A購01,0,0,0,0,0,0,0,0,0,-28000,0,0,0,2000,30000,-28000,-28000
06334P,臺股指群益9C售03,0,0,0,0,0,0,0,0,0,-28000,0,0,0,566000,594000,-28000,-28000
063389,大立光兆豐9C購02,0,0,0,0,0,0,0,0,0,-28000,0,0,0,3000,31000,-28000,-28000
063392,聯電群益9B購02  ,0,0,0,0,0,0,0,0,0,-28000,0,0,0,6000,34000,-28000,-28000
063451,漢翔統一9C購01  ,0,0,0,0,0,0,0,0,0,-28000,0,0,0,0,28000,-28000,-28000
060651,瑞儀中信9B購01  ,0,0,0,0,0,0,0,0,0,-28000,0,0,0,66000,94000,-28000,-28000
062461,智伸科群益9B購01,0,0,0,0,0,0,0,0,0,-28000,0,0,0,0,28000,-28000,-28000
062850,友訊永豐9B購01  ,0,0,0,0,0,0,0,0,0,-28000,0,0,0,72000,100000,-28000,-28000
059826,欣興凱基99購06  ,0,0,0,0,0,0,0,0,0,-28000,0,0,0,30000,58000,-28000,-28000
061236,台積電元大9A購24,0,0,0,0,0,0,0,0,0,-28000,0,0,0,0,28000,-28000,-28000
065758,嘉澤元大9C購03  ,0,0,0,0,0,0,0,0,0,-28000,0,0,0,0,28000,-28000,-28000
065925,鴻海國票04購01  ,0,0,0,0,0,0,0,0,0,-28000,0,0,0,9000,37000,-28000,-28000
063706,台虹群益9B購01  ,0,0,0,0,0,0,0,0,0,-28000,0,0,0,186000,214000,-28000,-28000
064669,健策元大01購03  ,0,0,0,0,0,0,0,0,0,-28000,0,0,0,48000,76000,-28000,-28000
067265,巨大國票02購01  ,0,0,0,0,0,0,0,0,0,-29000,0,0,0,15000,44000,-29000,-29000
067446,台積電國票02購03,0,0,0,0,0,0,0,0,0,-29000,0,0,0,17000,46000,-29000,-29000
08041P,臺股指群益9B售14,0,0,0,0,0,0,0,0,0,-29000,0,0,0,10000,39000,-29000,-29000
063430,台積電台新9B購07,0,0,0,0,0,0,0,0,0,-29000,0,0,0,0,29000,-29000,-29000
063103,技嘉群益9B購01  ,0,0,0,0,0,0,0,0,0,-29000,0,0,0,33000,62000,-29000,-29000
062837,復盛群益9B購01  ,0,0,0,0,0,0,0,0,0,-29000,0,0,0,70000,99000,-29000,-29000
062697,國巨元大9C購01  ,0,0,0,0,0,0,0,0,0,-29000,0,0,0,0,29000,-29000,-29000
062160,南六凱基9B購01  ,0,0,0,0,0,0,0,0,0,-29000,0,0,0,36000,65000,-29000,-29000
063034,致茂凱基9B購01  ,0,0,0,0,0,0,0,0,0,-29000,0,0,0,18000,47000,-29000,-29000
061955,FANG+統一9B購01 ,0,0,0,0,0,0,0,0,0,-29000,0,0,0,1000,30000,-29000,-29000
060944,國泰金國票9A購01,0,0,0,0,0,0,0,0,0,-29000,0,0,0,0,29000,-29000,-29000
064604,聯茂元富9C購01  ,0,0,0,0,0,0,0,0,0,-29000,0,0,0,11000,40000,-29000,-29000
064752,台達電凱基01購01,0,0,0,0,0,0,0,0,0,-29000,0,0,0,67000,96000,-29000,-29000
065161,矽格群益9C購01  ,0,0,0,0,0,0,0,0,0,-29000,0,0,0,9000,38000,-29000,-29000
065711,矽格群益9C購02  ,0,0,0,0,0,0,0,0,0,-29000,0,0,0,12000,41000,-29000,-29000
2496,卓越            ,3000,32000,-29000,0,0,0,0,0,0,0,0,0,0,0,0,0,-29000
08701P,景碩康和01售02  ,0,0,0,0,0,0,0,0,0,-29000,0,0,0,6000,35000,-29000,-29000
08410P,臺股指元大9C售16,0,0,0,0,0,0,0,0,0,-29000,0,0,0,18000,47000,-29000,-29000
6415,矽力-KY         ,319000,330799,-11799,0,0,0,6000,16000,-10000,-8000,3000,11000,-8000,0,0,0,-29799
07233P,台灣50元大99售04,0,0,0,0,0,0,0,0,0,-30000,0,0,0,0,30000,-30000,-30000
063129,祥碩元大9C購03  ,0,0,0,0,0,0,0,0,0,-30000,0,0,0,0,30000,-30000,-30000
064128,國產元大9C購01  ,0,0,0,0,0,0,0,0,0,-30000,0,0,0,0,30000,-30000,-30000
07983P,茂林群益9B售03  ,0,0,0,0,0,0,0,0,0,-30000,0,0,0,10000,40000,-30000,-30000
07998P,聯電凱基9C售01  ,0,0,0,0,0,0,0,0,0,-30000,0,0,0,60000,90000,-30000,-30000
08058P,華新科元大9B售10,0,0,0,0,0,0,0,0,0,-30000,0,0,0,0,30000,-30000,-30000
08083P,健策元大9C售05  ,0,0,0,0,0,0,0,0,0,-30000,0,0,0,0,30000,-30000,-30000
07693P,群創元大9B售10  ,0,0,0,0,0,0,0,0,0,-30000,0,0,0,0,30000,-30000,-30000
067565,聯發科日盛01購01,0,0,0,0,0,0,0,0,0,-30000,0,0,0,1000,31000,-30000,-30000
067535,友達群益02購01  ,0,0,0,0,0,0,0,0,0,-30000,0,0,0,0,30000,-30000,-30000
067607,聯鈞凱基01購04  ,0,0,0,0,0,0,0,0,0,-30000,0,0,0,0,30000,-30000,-30000
06803P,臺股指群益98售09,0,0,0,0,0,0,0,0,0,-30000,0,0,0,0,30000,-30000,-30000
067755,大立光國泰03購03,0,0,0,0,0,0,0,0,0,-30000,0,0,0,0,30000,-30000,-30000
07085P,超眾元富9C售01  ,0,0,0,0,0,0,0,0,0,-30000,0,0,0,70000,100000,-30000,-30000
067225,巨大元大01購03  ,0,0,0,0,0,0,0,0,0,-30000,0,0,0,20000,50000,-30000,-30000
067131,為升永豐01購01  ,0,0,0,0,0,0,0,0,0,-30000,0,0,0,0,30000,-30000,-30000
067137,健策永豐01購03  ,0,0,0,0,0,0,0,0,0,-30000,0,0,0,0,30000,-30000,-30000
067182,鴻海凱基02購05  ,0,0,0,0,0,0,0,0,0,-30000,0,0,0,90000,120000,-30000,-30000
066993,世紀鋼群益01購03,0,0,0,0,0,0,0,0,0,-30000,0,0,0,35000,65000,-30000,-30000
067015,義隆富邦04購01  ,0,0,0,0,0,0,0,0,0,-30000,0,0,0,0,30000,-30000,-30000
066929,國巨國票02購03  ,0,0,0,0,0,0,0,0,0,-30000,0,0,0,8000,38000,-30000,-30000
066939,TPK國票02購02   ,0,0,0,0,0,0,0,0,0,-30000,0,0,0,13000,43000,-30000,-30000
066733,大立光元大01購10,0,0,0,0,0,0,0,0,0,-30000,0,0,0,0,30000,-30000,-30000
057991,健策統一9C購01  ,0,0,0,0,0,0,0,0,0,-30000,0,0,0,0,30000,-30000,-30000
058033,景碩永豐98購02  ,0,0,0,0,0,0,0,0,0,-30000,0,0,0,0,30000,-30000,-30000
058242,玉晶光元大9A購01,0,0,0,0,0,0,0,0,0,-30000,0,0,0,13000,43000,-30000,-30000
058964,群創兆豐99購01  ,0,0,0,0,0,0,0,0,0,-30000,0,0,0,0,30000,-30000,-30000
058989,茂林凱基99購02  ,0,0,0,0,0,0,0,0,0,-30000,0,0,0,90000,120000,-30000,-30000
057530,奇鋐元大99購01  ,0,0,0,0,0,0,0,0,0,-30000,0,0,0,0,30000,-30000,-30000
058560,T50反1凱基9A購04,0,0,0,0,0,0,0,0,0,-30000,0,0,0,0,30000,-30000,-30000
058570,臻鼎凱基9A購01  ,0,0,0,0,0,0,0,0,0,-30000,0,0,0,0,30000,-30000,-30000
058773,和碩兆豐99購01  ,0,0,0,0,0,0,0,0,0,-30000,0,0,0,0,30000,-30000,-30000
056259,T50反1統一9A購01,0,0,0,0,0,0,0,0,0,-30000,0,0,0,20000,50000,-30000,-30000
056547,臻鼎凱基99購01  ,0,0,0,0,0,0,0,0,0,-30000,0,0,0,0,30000,-30000,-30000
055921,新唐凱基98購01  ,0,0,0,0,0,0,0,0,0,-30000,0,0,0,50000,80000,-30000,-30000
055455,健策國泰98購02  ,0,0,0,0,0,0,0,0,0,-30000,0,0,0,0,30000,-30000,-30000
055080,正崴中信99購01  ,0,0,0,0,0,0,0,0,0,-30000,0,0,0,0,30000,-30000,-30000
057171,台光電元大9B購01,0,0,0,0,0,0,0,0,0,-30000,0,0,0,4000,34000,-30000,-30000
056769,國產元大98購01  ,0,0,0,0,0,0,0,0,0,-30000,0,0,0,0,30000,-30000,-30000
060939,鴻海國票9A購06  ,0,0,0,0,0,0,0,0,0,-30000,0,0,0,1000,31000,-30000,-30000
059513,揚明光永豐99購01,0,0,0,0,0,0,0,0,0,-30000,0,0,0,3000,33000,-30000,-30000
059425,SGBR2X元大9A購02,0,0,0,0,0,0,0,0,0,-30000,0,0,0,0,30000,-30000,-30000
060376,瑞祺元富9A購01  ,0,0,0,0,0,0,0,0,0,-30000,0,0,0,10000,40000,-30000,-30000
063501,旭富永豐9B購02  ,0,0,0,0,0,0,0,0,0,-30000,0,0,0,0,30000,-30000,-30000
059564,鴻海凱基9A購15  ,0,0,0,0,0,0,0,0,0,-30000,0,0,0,0,30000,-30000,-30000
060557,南電凱基9A購02  ,0,0,0,0,0,0,0,0,0,-30000,0,0,0,0,30000,-30000,-30000
060562,旺宏富邦9C購02  ,0,0,0,0,0,0,0,0,0,-30000,0,0,0,0,30000,-30000,-30000
063330,神達國票9C購01  ,0,0,0,0,0,0,0,0,0,-30000,0,0,0,0,30000,-30000,-30000
063159,嘉澤國泰01購01  ,0,0,0,0,0,0,0,0,0,-30000,0,0,0,0,30000,-30000,-30000
063182,國巨凱基9B購10  ,0,0,0,0,0,0,0,0,0,-30000,0,0,0,0,30000,-30000,-30000
063245,富邦金元大9B購03,0,0,0,0,0,0,0,0,0,-30000,0,0,0,14000,44000,-30000,-30000
061872,友達元大9C購06  ,0,0,0,0,0,0,0,0,0,-30000,0,0,0,0,30000,-30000,-30000
061763,聯電元大9C購02  ,0,0,0,0,0,0,0,0,0,-30000,0,0,0,50000,80000,-30000,-30000
061816,長榮航群益9B購02,0,0,0,0,0,0,0,0,0,-30000,0,0,0,0,30000,-30000,-30000
062318,台郡凱基9B購01  ,0,0,0,0,0,0,0,0,0,-30000,0,0,0,0,30000,-30000,-30000
062551,緯穎永豐9B購02  ,0,0,0,0,0,0,0,0,0,-30000,0,0,0,0,30000,-30000,-30000
061260,台積電凱基9A購23,0,0,0,0,0,0,0,0,0,-30000,0,0,0,18000,48000,-30000,-30000
061201,FBVIX元大01購03 ,0,0,0,0,0,0,0,0,0,-30000,0,0,0,0,30000,-30000,-30000
060009,南亞科群益99購03,0,0,0,0,0,0,0,0,0,-30000,0,0,0,0,30000,-30000,-30000
059824,大立光凱基99購13,0,0,0,0,0,0,0,0,0,-30000,0,0,0,0,30000,-30000,-30000
062082,嘉晶元大9B購01  ,0,0,0,0,0,0,0,0,0,-30000,0,0,0,21000,51000,-30000,-30000
059868,台光電凱基99購03,0,0,0,0,0,0,0,0,0,-30000,0,0,0,0,30000,-30000,-30000
065766,南電元大9C購08  ,0,0,0,0,0,0,0,0,0,-30000,0,0,0,9000,39000,-30000,-30000
066383,臻鼎康和01購01  ,0,0,0,0,0,0,0,0,0,-30000,0,0,0,40000,70000,-30000,-30000
066178,拓凱凱基01購01  ,0,0,0,0,0,0,0,0,0,-30000,0,0,0,0,30000,-30000,-30000
065041,金像電凱基02購02,0,0,0,0,0,0,0,0,0,-30000,0,0,0,36000,66000,-30000,-30000
064952,國泰金凱基9C購01,0,0,0,0,0,0,0,0,0,-30000,0,0,0,0,30000,-30000,-30000
064849,大立光元富9C購06,0,0,0,0,0,0,0,0,0,-30000,0,0,0,22000,52000,-30000,-30000
065285,宏碁群益01購01  ,0,0,0,0,0,0,0,0,0,-30000,0,0,0,261000,291000,-30000,-30000
065233,TPK凱基01購01   ,0,0,0,0,0,0,0,0,0,-30000,0,0,0,50000,80000,-30000,-30000
065175,大立光元大01購05,0,0,0,0,0,0,0,0,0,-30000,0,0,0,30000,60000,-30000,-30000
064766,矽創凱基9C購01  ,0,0,0,0,0,0,0,0,0,-30000,0,0,0,50000,80000,-30000,-30000
064806,微星元大01購01  ,0,0,0,0,0,0,0,0,0,-30000,0,0,0,5000,35000,-30000,-30000
064561,友達群益9C購02  ,0,0,0,0,0,0,0,0,0,-30000,0,0,0,0,30000,-30000,-30000
5519,隆大            ,76000,106000,-30000,0,0,0,0,0,0,0,12000,12000,0,0,0,0,-30000
08438P,鴻海國票01售02  ,0,0,0,0,0,0,0,0,0,-30000,0,0,0,0,30000,-30000,-30000
08619P,國巨群益9C售21  ,0,0,0,0,0,0,0,0,0,-30000,0,0,0,0,30000,-30000,-30000
08770P,上証2X凱基03售04,0,0,0,0,0,0,0,0,0,-30000,0,0,0,0,30000,-30000,-30000
067045,聯發科凱基02購05,0,0,0,0,0,0,0,0,0,-31000,0,0,0,0,31000,-31000,-31000
067166,華通麥證01購01  ,0,0,0,20000,51000,-31000,0,0,0,-31000,0,0,0,20000,51000,-31000,-31000
067236,聯發科群益01購06,0,0,0,0,0,0,0,0,0,-31000,0,0,0,82000,113000,-31000,-31000
067444,國巨國票03購01  ,0,0,0,0,0,0,0,0,0,-31000,0,0,0,14000,45000,-31000,-31000
07753P,台灣50元大9C售34,0,0,0,0,0,0,0,0,0,-31000,0,0,0,9000,40000,-31000,-31000
08287P,茂林凱基9C售02  ,0,0,0,0,0,0,0,0,0,-31000,0,0,0,24000,55000,-31000,-31000
08271P,華通元富9C售01  ,0,0,0,0,0,0,0,0,0,-31000,0,0,0,0,31000,-31000,-31000
063987,台灣50永豐9C購01,0,0,0,0,0,0,0,0,0,-31000,0,0,0,0,31000,-31000,-31000
063633,金像電元大9B購05,0,0,0,0,0,0,0,0,0,-31000,0,0,0,101000,132000,-31000,-31000
055521,S&P反1群益01購01,0,0,0,0,0,0,0,0,0,-31000,0,0,0,0,31000,-31000,-31000
055899,群創中信99購01  ,0,0,0,0,0,0,0,0,0,-31000,0,0,0,73000,104000,-31000,-31000
00711B,FH彭博新興債    ,0,0,0,0,0,0,0,0,0,-31000,0,0,0,113000,144000,-31000,-31000
057962,超眾元大99購03  ,0,0,0,0,0,0,0,0,0,-31000,0,0,0,1000,32000,-31000,-31000
057917,台積電凱基98購17,0,0,0,0,0,0,0,0,0,-31000,0,0,0,0,31000,-31000,-31000
059094,臻鼎元大99購03  ,0,0,0,0,0,0,0,0,0,-31000,0,0,0,0,31000,-31000,-31000
062914,嘉澤元大9B購02  ,0,0,0,0,0,0,0,0,0,-31000,0,0,0,10000,41000,-31000,-31000
062148,奇鋐國票9B購01  ,0,0,0,0,0,0,0,0,0,-31000,0,0,0,5000,36000,-31000,-31000
060264,華新科國票9A購02,0,0,0,0,0,0,0,0,0,-31000,0,0,0,0,31000,-31000,-31000
061776,晶技國票9B購01  ,0,0,0,0,0,0,0,0,0,-31000,0,0,0,28000,59000,-31000,-31000
063221,京元電群益9B購02,0,0,0,0,0,0,0,0,0,-31000,0,0,0,0,31000,-31000,-31000
059618,台積電日盛99購01,0,0,0,0,0,0,0,0,0,-31000,0,0,0,0,31000,-31000,-31000
064588,玉晶光永豐9C購05,0,0,0,0,0,0,0,0,0,-31000,0,0,0,68000,99000,-31000,-31000
063715,鈺齊凱基9C購01  ,0,0,0,0,0,0,0,0,0,-31000,0,0,0,4000,35000,-31000,-31000
065338,旺宏統一01購07  ,0,0,0,0,0,0,0,0,0,-31000,0,0,0,0,31000,-31000,-31000
066649,華新科麥證01購02,0,0,0,0,31000,-31000,0,0,0,-31000,0,0,0,0,31000,-31000,-31000
065654,台表科元大9C購12,0,0,0,0,0,0,0,0,0,-31000,0,0,0,116000,147000,-31000,-31000
063949,大立光元大9C購10,0,0,0,0,0,0,0,0,0,-32000,0,0,0,0,32000,-32000,-32000
064033,茂林元大9C購02  ,0,0,0,0,0,0,0,0,0,-32000,0,0,0,68000,100000,-32000,-32000
08042P,臺股指群益9B售15,0,0,0,0,0,0,0,0,0,-32000,0,0,0,32000,64000,-32000,-32000
07502P,美食元大9A售01  ,0,0,0,0,0,0,0,0,0,-32000,0,0,0,113000,145000,-32000,-32000
067458,台積電永豐01購02,0,0,0,0,0,0,0,0,0,-32000,0,0,0,0,32000,-32000,-32000
067150,聯發科統一02購05,0,0,0,0,0,0,0,0,0,-32000,0,0,0,0,32000,-32000,-32000
057633,緯穎永豐98購02  ,0,0,0,0,0,0,0,0,0,-32000,0,0,0,10000,42000,-32000,-32000
057428,正崴兆豐98購01  ,0,0,0,0,0,0,0,0,0,-32000,0,0,0,0,32000,-32000,-32000
03448B,臺股指元大9C熊11,0,0,0,0,0,0,0,0,0,-32000,0,0,0,324000,356000,-32000,-32000
054890,聯鈞統一99購01  ,0,0,0,0,0,0,0,0,0,-32000,0,0,0,168000,200000,-32000,-32000
057183,玉晶光元大99購07,0,0,0,0,0,0,0,0,0,-32000,0,0,0,1000,33000,-32000,-32000
060450,南亞元大9A購02  ,0,0,0,0,0,0,0,0,0,-32000,0,0,0,0,32000,-32000,-32000
060637,玉晶光永豐9A購03,0,0,0,0,0,0,0,0,0,-32000,0,0,0,94000,126000,-32000,-32000
063274,鈺齊兆豐9B購01  ,0,0,0,0,0,0,0,0,0,-32000,0,0,0,115000,147000,-32000,-32000
060399,康友國票9A購02  ,0,0,0,0,0,0,0,0,0,-32000,0,0,0,38000,70000,-32000,-32000
060961,台光電凱基9A購03,0,0,0,0,0,0,0,0,0,-32000,0,0,0,0,32000,-32000,-32000
060962,義隆凱基9B購01  ,0,0,0,0,0,0,0,0,0,-32000,0,0,0,10000,42000,-32000,-32000
062849,中興電永豐9B購02,0,0,0,0,0,0,0,0,0,-32000,0,0,0,38000,70000,-32000,-32000
061124,微星永豐9A購02  ,0,0,0,0,0,0,0,0,0,-32000,0,0,0,30000,62000,-32000,-32000
065750,智邦元大9C購09  ,0,0,0,0,0,0,0,0,0,-32000,0,0,0,63000,95000,-32000,-32000
065635,智伸科國票01購02,0,0,0,0,0,0,0,0,0,-32000,0,0,0,0,32000,-32000,-32000
065966,國巨元大01購06  ,0,0,0,0,0,0,0,0,0,-32000,0,0,0,68000,100000,-32000,-32000
066074,文曄凱基01購01  ,0,0,0,0,0,0,0,0,0,-32000,0,0,0,88000,120000,-32000,-32000
066122,卜蜂群益03購01  ,0,0,0,0,0,0,0,0,0,-32000,0,0,0,0,32000,-32000,-32000
063724,亞德客元大9B購03,0,0,0,0,0,0,0,0,0,-32000,0,0,0,70000,102000,-32000,-32000
064426,群創兆豐9C購01  ,0,0,0,0,0,0,0,0,0,-32000,0,0,0,93000,125000,-32000,-32000
08429P,台達電凱基9C售01,0,0,0,0,0,0,0,0,0,-32000,0,0,0,0,32000,-32000,-32000
067034,台郡康和01購01  ,0,0,0,0,0,0,0,0,0,-33000,0,0,0,0,33000,-33000,-33000
066759,盟立永豐01購03  ,0,0,0,0,0,0,0,0,0,-33000,0,0,0,24000,57000,-33000,-33000
067461,晶碩永豐01購02  ,0,0,0,0,0,0,0,0,0,-33000,0,0,0,10000,43000,-33000,-33000
07617P,聯發科中信9C售04,0,0,0,0,0,0,0,0,0,-33000,0,0,0,0,33000,-33000,-33000
064225,健策國票01購02  ,0,0,0,0,0,0,0,0,0,-33000,0,0,0,0,33000,-33000,-33000
058276,道瓊指中信9C購01,0,0,0,0,0,0,0,0,0,-33000,0,0,0,10000,43000,-33000,-33000
056609,楠梓電永豐98購02,0,0,0,0,0,0,0,0,0,-33000,0,0,0,0,33000,-33000,-33000
00753L,中信中國50正2   ,0,0,0,0,0,0,0,0,0,-33000,0,0,0,539000,572000,-33000,-33000
057772,台積電群益99購01,0,0,0,0,0,0,0,0,0,-33000,0,0,0,27000,60000,-33000,-33000
057773,技嘉群益9A購02  ,0,0,0,0,0,0,0,0,0,-33000,0,0,0,2000,35000,-33000,-33000
059259,FBVIX中信03購06 ,0,0,0,0,0,0,0,0,0,-33000,0,0,0,52000,85000,-33000,-33000
058045,鴻海元大99購08  ,0,0,0,0,0,0,0,0,0,-33000,0,0,0,7000,40000,-33000,-33000
058049,帆宣元大98購01  ,0,0,0,0,0,0,0,0,0,-33000,0,0,0,0,33000,-33000,-33000
059955,美食康和99購01  ,0,0,0,0,0,0,0,0,0,-33000,0,0,0,20000,53000,-33000,-33000
060033,臻鼎永豐99購01  ,0,0,0,0,0,0,0,0,0,-33000,0,0,0,0,33000,-33000,-33000
063286,嘉澤元大9B購04  ,0,0,0,0,0,0,0,0,0,-33000,0,0,0,12000,45000,-33000,-33000
060653,全新群益9A購02  ,0,0,0,0,0,0,0,0,0,-33000,0,0,0,63000,96000,-33000,-33000
063699,國巨群益9B購07  ,0,0,0,0,0,0,0,0,0,-33000,0,0,0,13000,46000,-33000,-33000
063799,華邦電凱基9C購02,0,0,0,0,0,0,0,0,0,-33000,0,0,0,22000,55000,-33000,-33000
063790,南亞科台新9C購01,0,0,0,0,0,0,0,0,0,-33000,0,0,0,0,33000,-33000,-33000
065205,金寶國票01購01  ,0,0,0,0,0,0,0,0,0,-33000,0,0,0,0,33000,-33000,-33000
065244,聯發科兆豐9C購05,0,0,0,0,0,0,0,0,0,-33000,0,0,0,0,33000,-33000,-33000
064894,漢唐群益9C購02  ,0,0,0,0,0,0,0,0,0,-33000,0,0,0,10000,43000,-33000,-33000
064977,玉晶光元大01購03,0,0,0,0,0,0,0,0,0,-33000,0,0,0,67000,100000,-33000,-33000
065067,億豐群益01購01  ,0,0,0,0,0,0,0,0,0,-33000,0,0,0,0,33000,-33000,-33000
065125,奇力新永豐9C購01,0,0,0,0,0,0,0,0,0,-33000,0,0,0,0,33000,-33000,-33000
066421,國產元大01購01  ,0,0,0,0,0,0,0,0,0,-33000,0,0,0,16000,49000,-33000,-33000
065695,友訊群益01購02  ,0,0,0,0,0,0,0,0,0,-33000,0,0,0,3000,36000,-33000,-33000
063135,國巨統一9B購16  ,0,0,0,0,0,0,0,0,0,-34000,0,0,0,0,34000,-34000,-34000
08230P,台表科國票9C售03,0,0,0,0,0,0,0,0,0,-34000,0,0,0,0,34000,-34000,-34000
067556,義隆國票02購02  ,0,0,0,0,0,0,0,0,0,-34000,0,0,0,1000,35000,-34000,-34000
067586,奇鋐群益01購02  ,0,0,0,0,0,0,0,0,0,-34000,0,0,0,0,34000,-34000,-34000
07055P,景碩群益9A售02  ,0,0,0,0,0,0,0,0,0,-34000,0,0,0,27000,61000,-34000,-34000
067665,台達電元大01購04,0,0,0,0,0,0,0,0,0,-34000,0,0,0,0,34000,-34000,-34000
066788,聯發科麥證01購07,0,0,0,0,34000,-34000,0,0,0,-34000,0,0,0,0,34000,-34000,-34000
066860,健策國票02購02  ,0,0,0,0,0,0,0,0,0,-34000,0,0,0,18000,52000,-34000,-34000
057926,帆宣凱基98購02  ,0,0,0,0,0,0,0,0,0,-34000,0,0,0,6000,40000,-34000,-34000
058828,大毅永豐99購01  ,0,0,0,0,0,0,0,0,0,-34000,0,0,0,80000,114000,-34000,-34000
058931,玉晶光統一9C購01,0,0,0,0,0,0,0,0,0,-34000,0,0,0,4000,38000,-34000,-34000
00710B,FH彭博高收益債  ,0,0,0,0,0,0,0,0,0,-34000,0,0,0,107000,141000,-34000,-34000
056715,瀚宇博永豐98購01,0,0,0,0,0,0,0,0,0,-34000,0,0,0,37000,71000,-34000,-34000
057214,瑞昱群益98購01  ,0,0,0,0,0,0,0,0,0,-34000,0,0,0,16000,50000,-34000,-34000
056146,台虹元大98購01  ,0,0,0,0,0,0,0,0,0,-34000,0,0,0,140000,174000,-34000,-34000
063312,台積電群益9B購07,0,0,0,0,0,0,0,0,0,-34000,0,0,0,5000,39000,-34000,-34000
061657,智原國票9A購01  ,0,0,0,0,0,0,0,0,0,-34000,0,0,0,62000,96000,-34000,-34000
062952,台積電永豐9B購02,0,0,0,0,0,0,0,0,0,-34000,0,0,0,0,34000,-34000,-34000
061773,和潤元大9B購01  ,0,0,0,0,0,0,0,0,0,-34000,0,0,0,16000,50000,-34000,-34000
061520,健策中信9A購01  ,0,0,0,0,0,0,0,0,0,-34000,0,0,0,0,34000,-34000,-34000
066107,惠特國票02購01  ,0,0,0,0,0,0,0,0,0,-34000,0,0,0,0,34000,-34000,-34000
066483,瑞昱元富01購01  ,0,0,0,0,0,0,0,0,0,-34000,0,0,0,255000,289000,-34000,-34000
065140,國巨凱基01購02  ,0,0,0,0,0,0,0,0,0,-34000,0,0,0,46000,80000,-34000,-34000
064960,世紀鋼凱基03購01,0,0,0,0,0,0,0,0,0,-34000,0,0,0,1000,35000,-34000,-34000
064913,燿華統一02購01  ,0,0,0,0,0,0,0,0,0,-34000,0,0,0,6000,40000,-34000,-34000
064306,和潤兆豐01購01  ,0,0,0,0,0,0,0,0,0,-34000,0,0,0,100000,134000,-34000,-34000
064648,臻鼎凱基9C購02  ,0,0,0,0,0,0,0,0,0,-34000,0,0,0,60000,94000,-34000,-34000
08645P,臺股指中信03售01,0,0,0,0,0,0,0,0,0,-34000,0,0,0,36000,70000,-34000,-34000
2431,聯昌            ,288000,324000,-36000,0,0,0,0,0,0,2000,2000,0,2000,0,0,0,-34000
066770,上証2X富邦02購02,0,0,0,0,0,0,0,0,0,-35000,0,0,0,20000,55000,-35000,-35000
067654,嘉晶元富07購03  ,0,0,0,0,0,0,0,0,0,-35000,0,0,0,15000,50000,-35000,-35000
067554,聚陽國票02購02  ,0,0,0,0,0,0,0,0,0,-35000,0,0,0,0,35000,-35000,-35000
067564,訊芯國票02購01  ,0,0,0,0,0,0,0,0,0,-35000,0,0,0,0,35000,-35000,-35000
063636,聯發科元大9B購26,0,0,0,0,0,0,0,0,0,-35000,0,0,0,0,35000,-35000,-35000
064091,台郡凱基01購01  ,0,0,0,0,0,0,0,0,0,-35000,0,0,0,20000,55000,-35000,-35000
064099,億光群益9C購01  ,0,0,0,0,0,0,0,0,0,-35000,0,0,0,11000,46000,-35000,-35000
063859,國巨國泰01購03  ,0,0,0,0,0,0,0,0,0,-35000,0,0,0,51000,86000,-35000,-35000
03678C,臺股指凱基01牛02,0,0,0,0,0,0,0,0,0,-35000,0,0,0,3000,38000,-35000,-35000
059223,大立光元大99購14,0,0,0,0,0,0,0,0,0,-35000,0,0,0,60000,95000,-35000,-35000
057606,健策統一98購03  ,0,0,0,0,0,0,0,0,0,-35000,0,0,0,0,35000,-35000,-35000
057591,鴻海兆豐99購01  ,0,0,0,0,0,0,0,0,0,-35000,0,0,0,0,35000,-35000,-35000
057292,國巨國泰9B購01  ,0,0,0,0,0,0,0,0,0,-35000,0,0,0,0,35000,-35000,-35000
058588,致茂中信9B購01  ,0,0,0,0,0,0,0,0,0,-35000,0,0,0,20000,55000,-35000,-35000
058592,聯發科統一9C購01,0,0,0,0,0,0,0,0,0,-35000,0,0,0,17000,52000,-35000,-35000
057954,宏碁元大99購01  ,0,0,0,0,0,0,0,0,0,-35000,0,0,0,68000,103000,-35000,-35000
057878,台郡元大99購04  ,0,0,0,0,0,0,0,0,0,-35000,0,0,0,0,35000,-35000,-35000
062910,亞光元大9B購01  ,0,0,0,0,0,0,0,0,0,-35000,0,0,0,121000,156000,-35000,-35000
062473,同欣電凱基9B購01,0,0,0,0,0,0,0,0,0,-35000,0,0,0,0,35000,-35000,-35000
062194,遠東新中信9C購01,0,0,0,0,0,0,0,0,0,-35000,0,0,0,169000,204000,-35000,-35000
062315,健策凱基9C購01  ,0,0,0,0,0,0,0,0,0,-35000,0,0,0,10000,45000,-35000,-35000
061926,晶技凱基9B購02  ,0,0,0,0,0,0,0,0,0,-35000,0,0,0,84000,119000,-35000,-35000
059966,台積電凱基99購19,0,0,0,0,0,0,0,0,0,-35000,0,0,0,2000,37000,-35000,-35000
060013,S&P正2康和99購01,0,0,0,0,0,0,0,0,0,-35000,0,0,0,0,35000,-35000,-35000
063069,道瓊銀富邦05購01,0,0,0,0,0,0,0,0,0,-35000,0,0,0,20000,55000,-35000,-35000
060920,超眾富邦9B購01  ,0,0,0,0,0,0,0,0,0,-35000,0,0,0,165000,200000,-35000,-35000
061644,健策元大9C購02  ,0,0,0,0,0,0,0,0,0,-35000,0,0,0,13000,48000,-35000,-35000
059348,日月光凱基99購01,0,0,0,0,0,0,0,0,0,-35000,0,0,0,0,35000,-35000,-35000
062426,大立光統一02購02,0,0,0,0,0,0,0,0,0,-35000,0,0,0,20000,55000,-35000,-35000
063190,聯茂凱基9B購01  ,0,0,0,0,0,0,0,0,0,-35000,0,0,0,10000,45000,-35000,-35000
060572,景碩永豐9A購01  ,0,0,0,0,0,0,0,0,0,-35000,0,0,0,7000,42000,-35000,-35000
064456,禾伸堂統一01購01,0,0,0,0,0,0,0,0,0,-35000,0,0,0,50000,85000,-35000,-35000
064488,台達電元大9C購01,0,0,0,0,0,0,0,0,0,-35000,0,0,0,1000,36000,-35000,-35000
064378,群創元富9C購01  ,0,0,0,0,0,0,0,0,0,-35000,0,0,0,3000,38000,-35000,-35000
064351,中租元大9C購01  ,0,0,0,0,0,0,0,0,0,-35000,0,0,0,15000,50000,-35000,-35000
066418,京元電元大01購02,0,0,0,0,0,0,0,0,0,-35000,0,0,0,4000,39000,-35000,-35000
066173,泰碩凱基02購01  ,0,0,0,0,0,0,0,0,0,-35000,0,0,0,0,35000,-35000,-35000
066211,瑞祺統一04購01  ,0,0,0,0,0,0,0,0,0,-35000,0,0,0,0,35000,-35000,-35000
066073,奇鋐凱基01購01  ,0,0,0,0,0,0,0,0,0,-35000,0,0,0,87000,122000,-35000,-35000
065790,創意永豐9C購02  ,0,0,0,0,0,0,0,0,0,-35000,0,0,0,52000,87000,-35000,-35000
4104,佳醫            ,59000,93000,-34000,0,0,0,0,0,0,-1000,3000,0,3000,0,4000,-4000,-35000
08461P,長榮航國票9C售01,0,0,0,0,0,0,0,0,0,-35000,0,0,0,0,35000,-35000,-35000
08488P,臺股指群益9C售19,0,0,0,0,0,0,0,0,0,-35000,0,0,0,0,35000,-35000,-35000
08338P,台灣50凱基9C售11,0,0,0,0,0,0,0,0,0,-36000,0,0,0,5000,41000,-36000,-36000
08092P,仁寶元富9B售02  ,0,0,0,0,0,0,0,0,0,-36000,0,0,0,12000,48000,-36000,-36000
07035P,大立光元富99售04,0,0,0,0,0,0,0,0,0,-36000,0,0,0,61000,97000,-36000,-36000
062717,華邦電凱基9C購01,0,0,0,0,0,0,0,0,0,-36000,0,0,0,0,36000,-36000,-36000
058022,樺漢凱基99購02  ,0,0,0,0,0,0,0,0,0,-36000,0,0,0,0,36000,-36000,-36000
058239,景碩元大99購03  ,0,0,0,0,0,0,0,0,0,-36000,0,0,0,18000,54000,-36000,-36000
058687,聯茂凱基9A購01  ,0,0,0,0,0,0,0,0,0,-36000,0,0,0,10000,46000,-36000,-36000
058834,GIS永豐99購01   ,0,0,0,0,0,0,0,0,0,-36000,0,0,0,32000,68000,-36000,-36000
057835,華擎元富9B購01  ,0,0,0,0,0,0,0,0,0,-36000,0,0,0,66000,102000,-36000,-36000
053449,超眾凱基98購01  ,0,0,0,0,0,0,0,0,0,-36000,0,0,0,10000,46000,-36000,-36000
006206,元大上證50      ,40000,703000,-663000,0,0,0,0,0,0,627000,0,0,0,768000,141000,627000,-36000
058475,台積電凱基99購06,0,0,0,0,0,0,0,0,0,-36000,0,0,0,1000,37000,-36000,-36000
058368,奇鋐凱基9A購01  ,0,0,0,0,0,0,0,0,0,-36000,0,0,0,2000,38000,-36000,-36000
058323,泰鼎永豐9A購01  ,0,0,0,0,0,0,0,0,0,-36000,0,0,0,11000,47000,-36000,-36000
060144,全新國票9B購01  ,0,0,0,0,0,0,0,0,0,-36000,0,0,0,64000,100000,-36000,-36000
059756,奇力新富邦9C購01,0,0,0,0,0,0,0,0,0,-36000,0,0,0,0,36000,-36000,-36000
061958,鴻海統一01購01  ,0,1000,-1000,0,0,0,0,0,0,-35000,0,0,0,48000,83000,-35000,-36000
061506,瑞祺國票9A購02  ,0,0,0,0,0,0,0,0,0,-36000,0,0,0,0,36000,-36000,-36000
065562,同欣電麥證9C購04,0,0,0,10000,46000,-36000,0,0,0,-36000,0,0,0,10000,46000,-36000,-36000
066358,美利達永豐01購01,0,0,0,0,0,0,0,0,0,-36000,0,0,0,17000,53000,-36000,-36000
064419,鴻海兆豐9C購01  ,0,0,0,0,0,0,0,0,0,-36000,0,0,0,36000,72000,-36000,-36000
064332,聯發科元大01購01,0,0,0,0,0,0,0,0,0,-36000,0,0,0,10000,46000,-36000,-36000
064551,鈺齊凱基9C購02  ,0,0,0,0,0,0,0,0,0,-36000,0,0,0,36000,72000,-36000,-36000
065237,茂林凱基01購01  ,0,0,0,0,0,0,0,0,0,-36000,0,0,0,44000,80000,-36000,-36000
08715P,創意元富07售02  ,0,0,0,0,0,0,0,0,0,-36000,0,0,0,0,36000,-36000,-36000
1439,中和            ,26000,62000,-36000,0,0,0,0,0,0,0,0,0,0,0,0,0,-36000
067589,拓凱群益02購01  ,0,0,0,0,0,0,0,0,0,-37000,0,0,0,0,37000,-37000,-37000
067414,嘉澤康和01購01  ,0,0,0,0,0,0,0,0,0,-37000,0,0,0,0,37000,-37000,-37000
08329P,台達電統一9C售02,0,0,0,0,0,0,0,0,0,-37000,0,0,0,66000,103000,-37000,-37000
064074,南茂永豐9C購01  ,0,0,0,0,0,0,0,0,0,-37000,0,0,0,0,37000,-37000,-37000
063619,聯發科兆豐01購01,0,0,0,0,0,0,0,0,0,-37000,0,0,0,26000,63000,-37000,-37000
057613,瑞昱元富02購02  ,0,0,0,0,0,0,0,0,0,-37000,0,0,0,11000,48000,-37000,-37000
058456,京鼎永豐99購01  ,0,0,0,0,0,0,0,0,0,-37000,0,0,0,85000,122000,-37000,-37000
057792,群創統一99購01  ,0,0,0,0,0,0,0,0,0,-37000,0,0,0,10000,47000,-37000,-37000
057740,茂林富邦9A購01  ,0,0,0,0,0,0,0,0,0,-37000,0,0,0,13000,50000,-37000,-37000
057574,中磊永豐98購01  ,0,0,0,0,0,0,0,0,0,-37000,0,0,0,0,37000,-37000,-37000
063082,瑞昱凱基9B購04  ,0,0,0,0,0,0,0,0,0,-37000,0,0,0,103000,140000,-37000,-37000
061376,瑞昱永豐9A購02  ,0,0,0,0,0,0,0,0,0,-37000,0,0,0,36000,73000,-37000,-37000
061964,台積電統一01購05,0,0,0,0,0,0,0,0,0,-37000,0,0,0,100000,137000,-37000,-37000
059784,台光電元大9A購01,0,0,0,0,0,0,0,0,0,-37000,0,0,0,7000,44000,-37000,-37000
060642,華擎永豐9A購02  ,0,0,0,0,0,0,0,0,0,-37000,0,0,0,0,37000,-37000,-37000
063163,京元電永豐9B購01,0,0,0,0,0,0,0,0,0,-37000,0,0,0,21000,58000,-37000,-37000
064514,喬山群益9C購01  ,0,0,0,0,0,0,0,0,0,-37000,0,0,0,0,37000,-37000,-37000
064645,義隆凱基03購01  ,0,0,0,0,0,0,0,0,0,-37000,0,0,0,34000,71000,-37000,-37000
066365,富邦金中信03購01,0,0,0,0,0,0,0,0,0,-37000,0,0,0,39000,76000,-37000,-37000
066375,南亞科兆豐01購01,0,0,0,0,0,0,0,0,0,-37000,0,0,0,26000,63000,-37000,-37000
066566,康控元大01購01  ,0,0,0,0,0,0,0,0,0,-37000,0,0,0,12000,49000,-37000,-37000
066044,京元電元大01購01,0,0,0,0,0,0,0,0,0,-37000,0,0,0,80000,117000,-37000,-37000
08710P,鴻海元富07售03  ,0,0,0,0,0,0,0,0,0,-37000,0,0,0,29000,66000,-37000,-37000
08665P,鴻海國票02售01  ,0,0,0,0,0,0,0,0,0,-37000,0,0,0,55000,92000,-37000,-37000
08576P,嘉澤凱基9C售03  ,0,0,0,0,0,0,0,0,0,-37000,0,0,0,19000,56000,-37000,-37000
063970,大立光國票01購01,0,0,0,0,0,0,0,0,0,-38000,0,0,0,22000,60000,-38000,-38000
08060P,嘉澤元大9B售01  ,0,0,0,0,0,0,0,0,0,-38000,0,0,0,16000,54000,-38000,-38000
066754,南電國泰02購01  ,0,0,0,0,0,0,0,0,0,-38000,0,0,0,85000,123000,-38000,-38000
066743,和碩元大01購01  ,0,0,0,0,0,0,0,0,0,-38000,0,0,0,71000,109000,-38000,-38000
067233,微星群益02購02  ,0,0,0,0,0,0,0,0,0,-38000,0,0,0,12000,50000,-38000,-38000
058147,鈺齊元大99購01  ,0,0,0,0,0,0,0,0,0,-38000,0,0,0,97000,135000,-38000,-38000
057948,嘉聯益國票99購02,0,0,0,0,0,0,0,0,0,-38000,0,0,0,0,38000,-38000,-38000
062820,禾伸堂兆豐9B購01,0,0,0,0,0,0,0,0,0,-38000,0,0,0,0,38000,-38000,-38000
062683,可成統一9B購04  ,0,0,0,0,0,0,0,0,0,-38000,0,0,0,0,38000,-38000,-38000
058428,大立光元富99購02,0,0,0,0,0,0,0,0,0,-38000,0,0,0,10000,48000,-38000,-38000
05631P,國巨富邦9A售01  ,0,0,0,0,0,0,0,0,0,-38000,0,0,0,20000,58000,-38000,-38000
00735,國泰臺韓科技    ,32000,0,32000,0,0,0,0,0,0,-70000,0,0,0,81000,151000,-70000,-38000
053568,智伸科富邦98購01,0,0,0,0,0,0,0,0,0,-38000,0,0,0,0,38000,-38000,-38000
03419B,臺股指元富99熊03,0,0,0,0,0,0,0,0,0,-38000,0,0,0,2000,40000,-38000,-38000
060898,世芯凱基9A購03  ,0,0,0,0,0,0,0,0,0,-38000,0,0,0,0,38000,-38000,-38000
061423,廣達元大9A購01  ,0,0,0,0,0,0,0,0,0,-38000,0,0,0,0,38000,-38000,-38000
061390,大立光群益9A購04,0,0,0,0,0,0,0,0,0,-38000,0,0,0,0,38000,-38000,-38000
063096,勤誠國票9B購02  ,0,0,0,0,0,0,0,0,0,-38000,0,0,0,0,38000,-38000,-38000
065883,康友台新9C購01  ,0,0,0,0,0,0,0,0,0,-38000,0,0,0,0,38000,-38000,-38000
065804,大立光群益01購04,0,0,0,0,0,0,0,0,0,-38000,0,0,0,50000,88000,-38000,-38000
065859,GIS元大9C購10   ,0,0,0,0,0,0,0,0,0,-38000,0,0,0,237000,275000,-38000,-38000
064385,台積電富邦03購02,0,0,0,0,0,0,0,0,0,-38000,0,0,0,0,38000,-38000,-38000
064874,和大兆豐9C購01  ,0,0,0,0,0,0,0,0,0,-38000,0,0,0,0,38000,-38000,-38000
065018,台達電富邦03購01,0,0,0,0,0,0,0,0,0,-38000,0,0,0,12000,50000,-38000,-38000
08934P,鴻海元大01售18  ,0,0,0,0,0,0,0,0,0,-38000,0,0,0,12000,50000,-38000,-38000
066698,川湖群益01購01  ,0,0,0,0,0,0,0,0,0,-39000,0,0,0,63000,102000,-39000,-39000
06954P,大立光元富99售01,0,0,0,0,0,0,0,0,0,-39000,0,0,0,45000,84000,-39000,-39000
064124,台積電元大9C購10,0,0,0,0,0,0,0,0,0,-39000,0,0,0,0,39000,-39000,-39000
03452B,臺股指凱基03熊05,0,0,0,0,0,0,0,0,0,-39000,0,0,0,34000,73000,-39000,-39000
062787,超眾元大9C購02  ,0,0,0,0,0,0,0,0,0,-39000,0,0,0,11000,50000,-39000,-39000
058955,台積電國票9A購04,0,0,0,0,0,0,0,0,0,-39000,0,0,0,88000,127000,-39000,-39000
058536,群創統一9B購01  ,0,0,0,0,0,0,0,0,0,-39000,0,0,0,0,39000,-39000,-39000
060848,聯茂國票9A購02  ,0,0,0,0,0,0,0,0,0,-39000,0,0,0,0,39000,-39000,-39000
060705,台光電富邦9B購01,0,0,0,0,0,0,0,0,0,-39000,0,0,0,0,39000,-39000,-39000
063483,致新元大9B購03  ,0,0,0,0,0,0,0,0,0,-39000,0,0,0,122000,161000,-39000,-39000
065331,亞德客國票01購01,0,0,0,0,0,0,0,0,0,-39000,0,0,0,19000,58000,-39000,-39000
064407,貿聯凱基02購02  ,0,0,0,0,0,0,0,0,0,-39000,0,0,0,122000,161000,-39000,-39000
064665,南亞科元大9C購06,0,0,0,0,0,0,0,0,0,-39000,0,0,0,0,39000,-39000,-39000
064845,華通元富9C購02  ,0,0,0,0,0,0,0,0,0,-39000,0,0,0,130000,169000,-39000,-39000
065548,台達電凱基01購02,0,0,0,0,0,0,0,0,0,-39000,0,0,0,4000,43000,-39000,-39000
066439,信錦群益02購01  ,0,0,0,0,0,0,0,0,0,-39000,0,0,0,0,39000,-39000,-39000
066124,台化群益01購01  ,0,0,0,0,0,0,0,0,0,-39000,0,0,0,0,39000,-39000,-39000
08433P,臺股指凱基03售01,0,0,0,0,0,0,0,0,0,-39000,0,0,0,1000,40000,-39000,-39000
064105,南茂群益9C購01  ,0,0,0,0,0,0,0,0,0,-40000,0,0,0,1000,41000,-40000,-40000
063118,中鋼元大9C購01  ,0,0,0,0,0,0,0,0,0,-40000,0,0,0,0,40000,-40000,-40000
064288,瀚宇博元大9C購02,0,0,0,0,0,0,0,0,0,-40000,0,0,0,0,40000,-40000,-40000
07999P,台達電凱基9B售02,0,0,0,0,0,0,0,0,0,-40000,0,0,0,0,40000,-40000,-40000
07974P,上証2X元大9B售02,0,0,0,0,0,0,0,0,0,-40000,0,0,0,210000,250000,-40000,-40000
07527P,台灣50凱基9B售02,0,0,0,0,0,0,0,0,0,-40000,0,0,0,80000,120000,-40000,-40000
07475P,A50正2群益9C售02,0,0,0,0,0,0,0,0,0,-40000,0,0,0,0,40000,-40000,-40000
07473P,祥碩元大9A售01  ,0,0,0,0,0,0,0,0,0,-40000,0,0,0,60000,100000,-40000,-40000
07024P,臺股指永豐99售02,0,0,0,0,0,0,0,0,0,-40000,0,0,0,30000,70000,-40000,-40000
06900P,FBVIX國票12售01 ,0,0,0,0,0,0,0,0,0,-40000,0,0,0,0,40000,-40000,-40000
06773P,台灣50兆豐9A售01,0,0,0,0,0,0,0,0,0,-40000,0,0,0,0,40000,-40000,-40000
067532,台積電群益01購14,0,0,0,0,0,0,0,0,0,-40000,0,0,0,0,40000,-40000,-40000
066825,智邦群益01購03  ,0,0,0,0,0,0,0,0,0,-40000,0,0,0,0,40000,-40000,-40000
066894,聯發科兆豐03購01,0,0,0,0,0,0,0,0,0,-40000,0,0,0,0,40000,-40000,-40000
067230,國巨群益01購05  ,0,0,0,0,0,0,0,0,0,-40000,0,0,0,0,40000,-40000,-40000
067251,長興國票01購01  ,0,0,0,0,0,0,0,0,0,-40000,0,0,0,68000,108000,-40000,-40000
067241,信邦群益01購01  ,0,0,0,0,0,0,0,0,0,-40000,0,0,0,5000,45000,-40000,-40000
067179,健策康和01購01  ,0,0,0,0,0,0,0,0,0,-40000,0,0,0,0,40000,-40000,-40000
067021,正崴中信01購01  ,0,0,0,0,0,0,0,0,0,-40000,0,0,0,0,40000,-40000,-40000
067005,盟立永豐01購04  ,0,0,0,0,0,0,0,0,0,-40000,0,0,0,0,40000,-40000,-40000
067066,鴻海元大01購15  ,0,0,0,0,0,0,0,0,0,-40000,0,0,0,0,40000,-40000,-40000
057317,技嘉凱基98購02  ,0,0,0,0,0,0,0,0,0,-40000,0,0,0,22000,62000,-40000,-40000
057529,嘉晶元大99購02  ,0,0,0,0,0,0,0,0,0,-40000,0,0,0,1000,41000,-40000,-40000
057535,泰鼎元大99購01  ,0,0,0,0,0,0,0,0,0,-40000,0,0,0,0,40000,-40000,-40000
058672,可成群益9B購02  ,0,0,0,0,0,0,0,0,0,-40000,0,0,0,98000,138000,-40000,-40000
057444,台泥元富98購01  ,0,0,0,0,0,0,0,0,0,-40000,0,0,0,20000,60000,-40000,-40000
057716,神達統一98購01  ,0,0,0,0,0,0,0,0,0,-40000,0,0,0,0,40000,-40000,-40000
057788,嘉聯益國票99購01,0,0,0,0,0,0,0,0,0,-40000,0,0,0,0,40000,-40000,-40000
059246,奇力新凱基9A購02,0,0,0,0,0,0,0,0,0,-40000,0,0,0,0,40000,-40000,-40000
058874,聯鈞國票9A購01  ,0,0,0,0,0,0,0,0,0,-40000,0,0,0,37000,77000,-40000,-40000
062754,台勝科麥證9B購01,0,0,0,0,40000,-40000,0,0,0,-40000,0,0,0,0,40000,-40000,-40000
062596,緯穎統一01購02  ,0,0,0,0,0,0,0,0,0,-40000,0,0,0,0,40000,-40000,-40000
062605,上銀凱基9B購03  ,0,0,0,0,0,0,0,0,0,-40000,0,0,0,0,40000,-40000,-40000
046942,友達元大99購01  ,0,0,0,0,0,0,0,0,0,-40000,0,0,0,0,40000,-40000,-40000
056428,台達電凱基99購01,0,0,0,0,0,0,0,0,0,-40000,0,0,0,0,40000,-40000,-40000
056646,奇鋐凱基99購02  ,0,0,0,0,0,0,0,0,0,-40000,0,0,0,15000,55000,-40000,-40000
060456,正隆元大9A購01  ,0,0,0,0,0,0,0,0,0,-40000,0,0,0,27000,67000,-40000,-40000
063207,聯茂統一01購01  ,0,0,0,0,0,0,0,0,0,-40000,0,0,0,10000,50000,-40000,-40000
063210,百和統一9C購01  ,0,0,0,0,0,0,0,0,0,-40000,0,0,0,0,40000,-40000,-40000
063303,聯發科凱基9B購14,0,0,0,0,0,0,0,0,0,-40000,0,0,0,0,40000,-40000,-40000
063276,和大元大9B購01  ,0,0,0,0,0,0,0,0,0,-40000,0,0,0,0,40000,-40000,-40000
060723,致新永豐9A購01  ,0,0,0,0,0,0,0,0,0,-40000,0,0,0,10000,50000,-40000,-40000
061630,FBVIX元大9A購02 ,0,0,0,0,0,0,0,0,0,-40000,0,0,0,0,40000,-40000,-40000
060742,臺指反國票9B購02,0,0,0,0,0,0,0,0,0,-40000,0,0,0,40000,80000,-40000,-40000
060815,茂林凱基9B購01  ,0,0,0,0,0,0,0,0,0,-40000,0,0,0,50000,90000,-40000,-40000
060930,超眾永豐9A購03  ,0,0,0,0,0,0,0,0,0,-40000,0,0,0,0,40000,-40000,-40000
060809,康友群益9A購01  ,0,0,0,0,0,0,0,0,0,-40000,0,0,0,0,40000,-40000,-40000
061063,國巨凱基9A購14  ,0,0,0,0,0,0,0,0,0,-40000,0,0,0,0,40000,-40000,-40000
060216,鴻海凱基9A購17  ,0,0,0,0,0,0,0,0,0,-40000,0,0,0,0,40000,-40000,-40000
062311,奇力新凱基9B購01,0,0,0,0,0,0,0,0,0,-40000,0,0,0,0,40000,-40000,-40000
062296,南六永豐9B購02  ,0,0,0,0,0,0,0,0,0,-40000,0,0,0,21000,61000,-40000,-40000
059832,超眾康和99購01  ,0,0,0,0,0,0,0,0,0,-40000,0,0,0,2000,42000,-40000,-40000
061131,崇越永豐9A購01  ,0,0,0,0,0,0,0,0,0,-40000,0,0,0,0,40000,-40000,-40000
062027,國泰金群益9B購01,0,0,0,0,0,0,0,0,0,-40000,0,0,0,0,40000,-40000,-40000
062942,嘉澤凱基9B購02  ,0,0,0,0,0,0,0,0,0,-40000,0,0,0,10000,50000,-40000,-40000
059922,大立光元大99購25,0,0,0,0,0,0,0,0,0,-40000,0,0,0,15000,55000,-40000,-40000
059871,義隆凱基99購03  ,0,0,0,0,0,0,0,0,0,-40000,0,0,0,0,40000,-40000,-40000
061228,聯茂中信9A購01  ,0,0,0,0,0,0,0,0,0,-40000,0,0,0,0,40000,-40000,-40000
066179,智伸科凱基01購01,0,0,0,0,0,0,0,0,0,-40000,0,0,0,10000,50000,-40000,-40000
066395,可成凱基01購03  ,0,0,0,0,0,0,0,0,0,-40000,0,0,0,0,40000,-40000,-40000
066285,松翰元大01購02  ,0,0,0,0,0,0,0,0,0,-40000,0,0,0,37000,77000,-40000,-40000
066498,康控國泰02購01  ,0,0,0,0,0,0,0,0,0,-40000,0,0,0,0,40000,-40000,-40000
065545,華通兆豐9C購03  ,0,0,0,0,0,0,0,0,0,-40000,0,0,0,0,40000,-40000,-40000
065887,巨大元富9C購01  ,0,0,0,0,0,0,0,0,0,-40000,0,0,0,10000,50000,-40000,-40000
065889,鴻海統一03購02  ,0,0,0,0,0,0,0,0,0,-40000,0,0,0,0,40000,-40000,-40000
064802,台積電元大01購04,0,0,0,0,0,0,0,0,0,-40000,0,0,0,0,40000,-40000,-40000
063807,超眾兆豐01購01  ,0,0,0,0,0,0,0,0,0,-40000,0,0,0,0,40000,-40000,-40000
065245,國泰金兆豐9C購01,0,0,0,0,0,0,0,0,0,-40000,0,0,0,74000,114000,-40000,-40000
065021,貿聯富邦03購01  ,0,0,0,0,0,0,0,0,0,-40000,0,0,0,0,40000,-40000,-40000
6573,虹揚-KY         ,124000,135000,-11000,0,0,0,0,0,0,-29000,2000,31000,-29000,0,0,0,-40000
067339,欣興凱基02購01  ,0,0,0,0,0,0,0,0,0,-41000,0,0,0,119000,160000,-41000,-41000
08221P,台表科凱基9B售05,0,0,0,0,0,0,0,0,0,-41000,0,0,0,119000,160000,-41000,-41000
064030,泰碩元大01購01  ,0,0,0,0,0,0,0,0,0,-41000,0,0,0,50000,91000,-41000,-41000
064002,仁寶凱基9C購01  ,0,0,0,0,0,0,0,0,0,-41000,0,0,0,0,41000,-41000,-41000
064008,日月光凱基9C購01,0,0,0,0,0,0,0,0,0,-41000,0,0,0,124000,165000,-41000,-41000
043442,大立光台新01購01,0,0,0,0,0,0,0,0,0,-41000,0,0,0,0,41000,-41000,-41000
062720,南亞科凱基9B購03,0,0,0,0,0,0,0,0,0,-41000,0,0,0,25000,66000,-41000,-41000
057972,群創富邦9C購01  ,0,0,0,0,0,0,0,0,0,-41000,0,0,0,0,41000,-41000,-41000
058806,道瓊銀統一9B購01,0,0,0,0,0,0,0,0,0,-41000,0,0,0,0,41000,-41000,-41000
061223,T50反1中信01購01,0,0,0,0,0,0,0,0,0,-41000,0,0,0,199000,240000,-41000,-41000
060043,全新群益9B購02  ,0,0,0,0,0,0,0,0,0,-41000,0,0,0,0,41000,-41000,-41000
060306,台肥永豐9A購01  ,0,0,0,0,0,0,0,0,0,-41000,0,0,0,6000,47000,-41000,-41000
060680,玉晶光元大9C購03,0,0,0,0,0,0,0,0,0,-41000,0,0,0,1000,42000,-41000,-41000
065478,緯創元大9C購03  ,0,0,0,0,0,0,0,0,0,-41000,0,0,0,294000,335000,-41000,-41000
064485,儒鴻元大01購01  ,0,0,0,0,0,0,0,0,0,-41000,0,0,0,47000,88000,-41000,-41000
065929,TPK國票02購01   ,10000,0,10000,0,0,0,0,0,0,-51000,0,0,0,36000,87000,-51000,-41000
066544,鴻海元大01購08  ,0,0,0,0,0,0,0,0,0,-41000,0,0,0,27000,68000,-41000,-41000
066417,台積電元大01購13,0,0,0,0,0,0,0,0,0,-41000,0,0,0,0,41000,-41000,-41000
066610,台積電麥證01購02,0,0,0,110000,151000,-41000,0,0,0,-41000,0,0,0,110000,151000,-41000,-41000
066298,美利達元大01購02,0,0,0,0,0,0,0,0,0,-41000,0,0,0,0,41000,-41000,-41000
08452P,智邦台新9C售05  ,0,0,0,0,0,0,0,0,0,-41000,0,0,0,20000,61000,-41000,-41000
08758P,上証2X元大01售02,0,0,0,0,0,0,0,0,0,-41000,0,0,0,0,41000,-41000,-41000
08186P,泰碩永豐9B售03  ,0,0,0,0,0,0,0,0,0,-42000,0,0,0,33000,75000,-42000,-42000
08240P,華通中信06售03  ,0,0,0,0,0,0,0,0,0,-42000,0,0,0,20000,62000,-42000,-42000
08036P,嘉澤群益9B售03  ,0,0,0,0,0,0,0,0,0,-42000,0,0,0,10000,52000,-42000,-42000
06933P,禾伸堂元大98售03,0,0,0,0,0,0,0,0,0,-42000,0,0,0,30000,72000,-42000,-42000
067041,國巨凱基04購02  ,0,0,0,0,0,0,0,0,0,-42000,0,0,0,118000,160000,-42000,-42000
058526,鈺齊元大99購02  ,0,0,0,0,0,0,0,0,0,-42000,0,0,0,0,42000,-42000,-42000
057391,樺漢永豐98購01  ,0,0,0,0,0,0,0,0,0,-42000,0,0,0,259000,301000,-42000,-42000
062602,華通麥證9C購01  ,0,0,0,20000,69000,-49000,0,0,0,-42000,0,0,0,27000,69000,-42000,-42000
053297,鎧勝中信98購01  ,0,0,0,0,0,0,0,0,0,-42000,0,0,0,0,42000,-42000,-42000
060963,禾伸堂凱基9A購01,0,0,0,0,0,0,0,0,0,-42000,0,0,0,0,42000,-42000,-42000
063205,貿聯統一9C購01  ,0,0,0,0,0,0,0,0,0,-42000,0,0,0,87000,129000,-42000,-42000
063197,遠東新統一9C購01,0,0,0,0,0,0,0,0,0,-42000,0,0,0,87000,129000,-42000,-42000
063086,祥碩凱基9C購01  ,0,0,0,0,0,0,0,0,0,-42000,0,0,0,14000,56000,-42000,-42000
061408,華新科國票9A購06,0,0,0,0,0,0,0,0,0,-42000,0,0,0,0,42000,-42000,-42000
061737,南亞科凱基9B購01,0,0,0,0,0,0,0,0,0,-42000,0,0,0,0,42000,-42000,-42000
061790,中租群益9B購01  ,0,0,0,0,0,0,0,0,0,-42000,0,0,0,40000,82000,-42000,-42000
061818,富邦金群益9C購01,0,0,0,0,0,0,0,0,0,-42000,0,0,0,1000,43000,-42000,-42000
064333,義隆元大9C購02  ,0,0,0,0,0,0,0,0,0,-42000,0,0,0,2000,44000,-42000,-42000
064639,聚陽凱基02購01  ,0,0,0,0,0,0,0,0,0,-42000,0,0,0,15000,57000,-42000,-42000
08719P,華通元大01售04  ,0,0,0,0,0,0,0,0,0,-42000,0,0,0,33000,75000,-42000,-42000
08406P,緯穎元大9C售01  ,0,0,0,0,0,0,0,0,0,-42000,0,0,0,0,42000,-42000,-42000
1903,士紙            ,6000,63000,-57000,0,0,0,0,0,0,15000,15000,0,15000,0,0,0,-42000
2314,台揚            ,97000,140000,-43000,0,0,0,0,0,0,1000,1000,0,1000,0,0,0,-42000
06697P,台積電國票99售05,0,0,0,0,0,0,0,0,0,-43000,0,0,0,0,43000,-43000,-43000
06956P,國巨日盛99售04  ,0,0,0,0,0,0,0,0,0,-43000,0,0,0,77000,120000,-43000,-43000
07950P,智邦元大9B售04  ,0,0,0,0,0,0,0,0,0,-43000,0,0,0,7000,50000,-43000,-43000
064049,信邦統一01購01  ,0,0,0,0,0,0,0,0,0,-43000,0,0,0,17000,60000,-43000,-43000
064058,儒鴻麥證01購01  ,0,0,0,3000,51000,-48000,0,0,0,-43000,0,0,0,8000,51000,-43000,-43000
056407,嘉晶國票99購01  ,0,0,0,0,0,0,0,0,0,-43000,0,0,0,0,43000,-43000,-43000
056304,創意元大97購03  ,0,0,0,0,0,0,0,0,0,-43000,0,0,0,6000,49000,-43000,-43000
061770,泰碩元大9B購02  ,0,0,0,0,0,0,0,0,0,-43000,0,0,0,0,43000,-43000,-43000
061418,世紀鋼群益9A購02,0,0,0,0,0,0,0,0,0,-43000,0,0,0,67000,110000,-43000,-43000
060253,昇陽半元大9C購01,0,0,0,0,0,0,0,0,0,-43000,0,0,0,0,43000,-43000,-43000
062483,致新國票9B購01  ,0,0,0,0,0,0,0,0,0,-43000,0,0,0,0,43000,-43000,-43000
062128,祥碩統一01購01  ,0,0,0,0,0,0,0,0,0,-43000,0,0,0,0,43000,-43000,-43000
062037,華新凱基9B購01  ,0,0,0,0,0,0,0,0,0,-43000,0,0,0,2000,45000,-43000,-43000
062046,矽格凱基9B購01  ,0,0,0,0,0,0,0,0,0,-43000,0,0,0,49000,92000,-43000,-43000
063675,亞德客國泰01購01,0,0,0,0,0,0,0,0,0,-43000,0,0,0,65000,108000,-43000,-43000
064570,TPK群益9C購03   ,0,0,0,0,0,0,0,0,0,-43000,0,0,0,81000,124000,-43000,-43000
065330,億豐凱基9C購03  ,0,0,0,0,0,0,0,0,0,-43000,0,0,0,0,43000,-43000,-43000
066360,致茂中信05購01  ,0,0,0,0,0,0,0,0,0,-43000,0,0,0,47000,90000,-43000,-43000
066155,華碩康和01購01  ,0,0,0,0,0,0,0,0,0,-43000,0,0,0,91000,134000,-43000,-43000
066151,大立光麥證01購02,0,0,0,12000,55000,-43000,0,0,0,-43000,0,0,0,12000,55000,-43000,-43000
066529,巨大統一03購01  ,0,0,0,0,0,0,0,0,0,-43000,0,0,0,92000,135000,-43000,-43000
065550,聯發科凱基01購07,0,0,0,0,0,0,0,0,0,-43000,0,0,0,128000,171000,-43000,-43000
065720,義隆兆豐9C購03  ,0,0,0,0,0,0,0,0,0,-43000,0,0,0,23000,66000,-43000,-43000
08898P,台積電群益01售15,0,0,0,0,0,0,0,0,0,-43000,0,0,0,7000,50000,-43000,-43000
064024,漢唐元大9C購01  ,0,0,0,0,0,0,0,0,0,-44000,0,0,0,64000,108000,-44000,-44000
064261,力山永豐9C購01  ,0,0,0,0,0,0,0,0,0,-44000,0,0,0,112000,156000,-44000,-44000
08170P,緯穎群益9B售03  ,0,0,0,0,0,0,0,0,0,-44000,0,0,0,8000,52000,-44000,-44000
067287,瀚宇博國票02購01,0,0,0,0,0,0,0,0,0,-44000,0,0,0,57000,101000,-44000,-44000
066744,和碩元大01購02  ,0,0,0,0,0,0,0,0,0,-44000,0,0,0,1000,45000,-44000,-44000
054893,帆宣統一99購01  ,0,0,0,0,0,0,0,0,0,-44000,0,0,0,0,44000,-44000,-44000
062617,京鼎元大9B購01  ,0,0,0,0,0,0,0,0,0,-44000,0,0,0,50000,94000,-44000,-44000
062897,上銀元大9B購06  ,0,0,0,0,0,0,0,0,0,-44000,0,0,0,150000,194000,-44000,-44000
058524,超眾元大99購04  ,0,0,0,0,0,0,0,0,0,-44000,0,0,0,0,44000,-44000,-44000
063374,嘉澤永豐9B購04  ,0,0,0,0,0,0,0,0,0,-44000,0,0,0,13000,57000,-44000,-44000
061028,聚陽永豐9A購01  ,0,0,0,0,0,0,0,0,0,-44000,0,0,0,0,44000,-44000,-44000
059363,超眾永豐99購02  ,0,0,0,0,0,0,0,0,0,-44000,0,0,0,0,44000,-44000,-44000
062863,聯茂國票9B購01  ,0,0,0,0,0,0,0,0,0,-44000,0,0,0,30000,74000,-44000,-44000
062097,台光電永豐9B購01,0,0,0,0,0,0,0,0,0,-44000,0,0,0,317000,361000,-44000,-44000
062214,金寶統一01購01  ,0,0,0,0,0,0,0,0,0,-44000,0,0,0,0,44000,-44000,-44000
062178,上銀元大9B購03  ,0,0,0,0,0,0,0,0,0,-44000,0,0,0,16000,60000,-44000,-44000
065938,文曄群益01購01  ,0,0,0,0,0,0,0,0,0,-44000,0,0,0,31000,75000,-44000,-44000
065975,緯創元大02購01  ,0,0,0,0,0,0,0,0,0,-44000,0,0,0,219000,263000,-44000,-44000
066020,東元群益01購01  ,0,0,0,0,0,0,0,0,0,-44000,0,0,0,18000,62000,-44000,-44000
066557,京鼎元大01購01  ,0,0,0,0,0,0,0,0,0,-44000,0,0,0,91000,135000,-44000,-44000
066473,大成鋼麥證01購01,0,0,0,0,44000,-44000,0,0,0,-44000,0,0,0,0,44000,-44000,-44000
065312,日月光國票01購01,0,0,0,0,0,0,0,0,0,-44000,0,0,0,103000,147000,-44000,-44000
08561P,台表科國票01售02,0,0,0,0,0,0,0,0,0,-44000,0,0,0,8000,52000,-44000,-44000
067557,可成國票01購01  ,0,0,0,0,0,0,0,0,0,-45000,0,0,0,1000,46000,-45000,-45000
063820,華邦電麥證01購01,0,0,0,20000,45000,-25000,0,0,0,-45000,0,0,0,20000,65000,-45000,-45000
08228P,華擎國票9C售01  ,0,0,0,0,0,0,0,0,0,-45000,0,0,0,63000,108000,-45000,-45000
08224P,臺股指凱基9B售19,0,0,0,0,0,0,0,0,0,-45000,0,0,0,70000,115000,-45000,-45000
08301P,台積電兆豐9C售02,0,0,0,0,0,0,0,0,0,-45000,0,0,0,200000,245000,-45000,-45000
08313P,健策國票01售01  ,0,0,0,0,0,0,0,0,0,-45000,0,0,0,52000,97000,-45000,-45000
064220,力山國票01購01  ,0,0,0,0,0,0,0,0,0,-45000,0,0,0,22000,67000,-45000,-45000
064197,智伸科群益9C購01,0,0,0,0,0,0,0,0,0,-45000,0,0,0,0,45000,-45000,-45000
056939,康控元富98購01  ,0,0,0,0,0,0,0,0,0,-45000,0,0,0,1000,46000,-45000,-45000
053761,健策國泰98購01  ,0,0,0,0,0,0,0,0,0,-45000,0,0,0,0,45000,-45000,-45000
055817,京鼎國票99購01  ,0,0,0,0,0,0,0,0,0,-45000,0,0,0,75000,120000,-45000,-45000
061389,華新科群益9B購01,0,0,0,0,0,0,0,0,0,-45000,0,0,0,76000,121000,-45000,-45000
062325,鴻海統一9B購05  ,0,0,0,0,0,0,0,0,0,-45000,0,0,0,10000,55000,-45000,-45000
060761,南亞科元大9A購05,0,0,0,0,0,0,0,0,0,-45000,0,0,0,5000,50000,-45000,-45000
060844,大立光國票9A購07,0,0,0,0,0,0,0,0,0,-45000,0,0,0,29000,74000,-45000,-45000
059534,國泰金凱基99購01,0,0,0,0,0,0,0,0,0,-45000,0,0,0,0,45000,-45000,-45000
063727,鴻海元大9C購05  ,0,0,0,0,0,0,0,0,0,-45000,0,0,0,27000,72000,-45000,-45000
064356,矽創元大01購01  ,0,0,0,0,0,0,0,0,0,-45000,0,0,0,10000,55000,-45000,-45000
065839,鴻海元大9C購17  ,0,0,0,0,0,0,0,0,0,-45000,0,0,0,1388000,1433000,-45000,-45000
065615,南電元大01購03  ,0,0,0,0,0,0,0,0,0,-45000,0,0,0,4000,49000,-45000,-45000
08816P,台積電富邦04售03,0,0,0,0,0,0,0,0,0,-45000,0,0,0,100000,145000,-45000,-45000
1305,華夏            ,823000,882000,-59000,0,0,0,0,0,0,14000,2000,1000,1000,13000,0,13000,-45000
067158,T50反1國票02購02,0,0,0,0,0,0,0,0,0,-46000,0,0,0,80000,126000,-46000,-46000
06726P,欣興元富98售04  ,0,0,0,0,0,0,0,0,0,-46000,0,0,0,15000,61000,-46000,-46000
051603,深中小群益99購03,0,0,0,0,0,0,0,0,0,-46000,0,0,0,0,46000,-46000,-46000
053291,旺宏中信9A購01  ,0,0,0,0,0,0,0,0,0,-46000,0,0,0,0,46000,-46000,-46000
059689,南亞科永豐99購02,0,0,0,0,0,0,0,0,0,-46000,0,0,0,11000,57000,-46000,-46000
063238,漢唐元大9B購02  ,0,0,0,0,0,0,0,0,0,-46000,0,0,0,0,46000,-46000,-46000
061959,鴻海統一9B購04  ,0,0,0,0,0,0,0,0,0,-46000,0,0,0,179000,225000,-46000,-46000
062246,力山元大9B購02  ,0,0,0,0,0,0,0,0,0,-46000,0,0,0,10000,56000,-46000,-46000
059828,健策凱基99購05  ,0,0,0,0,0,0,0,0,0,-46000,0,0,0,10000,56000,-46000,-46000
065568,台積電群益01購04,0,0,0,0,0,0,0,0,0,-46000,0,0,0,17000,63000,-46000,-46000
065576,泰鼎群益9C購02  ,0,0,0,0,0,0,0,0,0,-46000,0,0,0,50000,96000,-46000,-46000
066594,聯詠群益01購01  ,0,0,0,0,0,0,0,0,0,-46000,0,0,0,41000,87000,-46000,-46000
066164,精元凱基01購01  ,0,0,0,0,0,0,0,0,0,-46000,0,0,0,64000,110000,-46000,-46000
066168,強茂凱基01購02  ,0,0,0,0,0,0,0,0,0,-46000,0,0,0,0,46000,-46000,-46000
063725,聯電元大9C購03  ,0,0,0,0,0,0,0,0,0,-46000,0,0,0,7000,53000,-46000,-46000
065283,台積電群益01購01,0,0,0,0,0,0,0,0,0,-46000,0,0,0,6000,52000,-46000,-46000
1526,日馳            ,318000,364000,-46000,0,0,0,0,0,0,0,0,0,0,0,0,0,-46000
08449P,華新科群益9C售03,0,0,0,0,0,0,0,0,0,-46000,0,0,0,0,46000,-46000,-46000
6443,元晶            ,2000,68000,-66000,0,0,0,0,0,0,20000,20000,0,20000,0,0,0,-46000
067052,帆宣凱基02購01  ,0,0,0,0,0,0,0,0,0,-47000,0,0,0,5000,52000,-47000,-47000
066720,滬深2X元大01購07,0,0,0,0,0,0,0,0,0,-47000,0,0,0,46000,93000,-47000,-47000
067325,巨大元大01購05  ,0,0,0,0,0,0,0,0,0,-47000,0,0,0,0,47000,-47000,-47000
067388,聯發科元富07購03,0,0,0,0,0,0,0,0,0,-47000,0,0,0,20000,67000,-47000,-47000
064142,國巨統一9C購13  ,0,0,0,0,0,0,0,0,0,-47000,0,0,0,1000,48000,-47000,-47000
08177P,金像電元大9B售02,0,0,0,0,0,0,0,0,0,-47000,0,0,0,3000,50000,-47000,-47000
07996P,亞德客凱基9B售03,0,0,0,0,0,0,0,0,0,-47000,0,0,0,70000,117000,-47000,-47000
07392P,台積電國泰02售01,0,0,0,0,0,0,0,0,0,-47000,0,0,0,0,47000,-47000,-47000
056677,智伸科元富98購01,0,0,0,0,0,0,0,0,0,-47000,0,0,0,0,47000,-47000,-47000
057837,康控國泰99購02  ,0,0,0,0,0,0,0,0,0,-47000,0,0,0,0,47000,-47000,-47000
059732,超眾元大9A購01  ,0,0,0,0,0,0,0,0,0,-47000,0,0,0,0,47000,-47000,-47000
062827,神基群益9B購01  ,0,0,0,0,0,0,0,0,0,-47000,0,0,0,0,47000,-47000,-47000
062954,世芯永豐9B購03  ,0,0,0,0,0,0,0,0,0,-47000,0,0,0,0,47000,-47000,-47000
061357,寶成元大9A購01  ,0,0,0,0,0,0,0,0,0,-47000,0,0,0,20000,67000,-47000,-47000
060259,潤泰全凱基9C購01,0,0,0,0,0,0,0,0,0,-47000,0,0,0,3000,50000,-47000,-47000
062362,致茂元大9B購01  ,0,0,0,0,0,0,0,0,0,-47000,0,0,0,6000,53000,-47000,-47000
061678,玉晶光元大9B購04,0,0,0,0,0,0,0,0,0,-47000,0,0,0,3000,50000,-47000,-47000
061637,華新科元大9A購22,0,0,0,0,0,0,0,0,0,-47000,0,0,0,0,47000,-47000,-47000
065434,台勝科凱基01購01,0,0,0,0,0,0,0,0,0,-47000,0,0,0,35000,82000,-47000,-47000
064890,聯電群益9C購02  ,0,0,0,0,0,0,0,0,0,-47000,0,0,0,51000,98000,-47000,-47000
063777,儒鴻永豐9B購02  ,0,0,0,0,0,0,0,0,0,-47000,0,0,0,0,47000,-47000,-47000
064347,貿聯元大9C購03  ,0,0,0,0,0,0,0,0,0,-47000,0,0,0,88000,135000,-47000,-47000
064473,技嘉麥證9C購01  ,0,0,0,53000,100000,-47000,0,0,0,-47000,0,0,0,53000,100000,-47000,-47000
066516,智原永豐01購01  ,0,0,0,0,0,0,0,0,0,-47000,0,0,0,121000,168000,-47000,-47000
066499,台郡國泰02購01  ,0,0,0,0,0,0,0,0,0,-47000,0,0,0,37000,84000,-47000,-47000
065665,鴻海凱基9C購04  ,0,0,0,0,0,0,0,0,0,-47000,0,0,0,51000,98000,-47000,-47000
065807,智伸科群益01購01,0,0,0,0,0,0,0,0,0,-47000,0,0,0,0,47000,-47000,-47000
3669,圓展            ,866000,914000,-48000,0,0,0,0,0,0,1000,1000,0,1000,0,0,0,-47000
3040,遠見            ,33000,83000,-50000,0,0,0,0,0,0,3000,3000,0,3000,0,0,0,-47000
064084,群創中信06購02  ,0,0,0,0,0,0,0,0,0,-48000,0,0,0,0,48000,-48000,-48000
064276,聯發科元大9C購07,0,0,0,0,0,0,0,0,0,-48000,0,0,0,17000,65000,-48000,-48000
067667,台積電元大02購05,0,0,0,0,0,0,0,0,0,-48000,0,0,0,500000,548000,-48000,-48000
067657,日月光元富01購01,0,0,0,0,0,0,0,0,0,-48000,0,0,0,0,48000,-48000,-48000
066670,貿聯凱基01購01  ,0,0,0,0,0,0,0,0,0,-48000,0,0,0,2000,50000,-48000,-48000
058139,臻鼎元大99購01  ,0,0,0,0,0,0,0,0,0,-48000,0,0,0,100000,148000,-48000,-48000
058788,喬山元大99購01  ,0,0,0,0,0,0,0,0,0,-48000,0,0,0,0,48000,-48000,-48000
056352,鴻海元大99購01  ,0,0,0,0,0,0,0,0,0,-48000,0,0,0,52000,100000,-48000,-48000
061050,康友中信9A購01  ,0,0,0,0,0,0,0,0,0,-48000,0,0,0,0,48000,-48000,-48000
063256,鴻海國泰01購02  ,0,0,0,0,0,0,0,0,0,-48000,0,0,0,0,48000,-48000,-48000
063269,儒鴻兆豐9C購01  ,0,0,0,0,0,0,0,0,0,-48000,0,0,0,0,48000,-48000,-48000
059642,健策凱基99購04  ,0,0,0,0,0,0,0,0,0,-48000,0,0,0,0,48000,-48000,-48000
061963,台積電統一01購04,0,0,0,0,0,0,0,0,0,-48000,0,0,0,102000,150000,-48000,-48000
061425,華新科元大9A購19,0,0,0,0,0,0,0,0,0,-48000,0,0,0,17000,65000,-48000,-48000
063083,聯發科凱基01購02,0,0,0,0,0,0,0,0,0,-48000,0,0,0,36000,84000,-48000,-48000
063085,嘉澤凱基9C購01  ,0,0,0,0,0,0,0,0,0,-48000,0,0,0,7000,55000,-48000,-48000
065721,中壽兆豐9C購01  ,0,0,0,0,0,0,0,0,0,-48000,0,0,0,0,48000,-48000,-48000
065559,超眾凱基9C購03  ,0,0,0,0,0,0,0,0,0,-48000,0,0,0,2000,50000,-48000,-48000
066574,康友元大01購01  ,0,0,0,0,0,0,0,0,0,-48000,0,0,0,67000,115000,-48000,-48000
066185,松翰凱基01購01  ,0,0,0,0,0,0,0,0,0,-48000,0,0,0,22000,70000,-48000,-48000
065052,南六凱基02購02  ,0,0,0,0,0,0,0,0,0,-48000,0,0,0,12000,60000,-48000,-48000
065458,立積元富03購02  ,0,0,0,0,0,0,0,0,0,-48000,0,0,0,21000,69000,-48000,-48000
1783,和康生          ,73000,121000,-48000,0,0,0,0,0,0,0,0,0,0,0,0,0,-48000
08470P,世芯凱基9C售02  ,0,0,0,0,0,0,0,0,0,-48000,0,0,0,154000,202000,-48000,-48000
08910P,宏達電凱基01售02,0,0,0,0,0,0,0,0,0,-48000,0,0,0,0,48000,-48000,-48000
066712,台灣50元大01購20,0,0,0,0,0,0,0,0,0,-49000,0,0,0,3000,52000,-49000,-49000
067750,鈺齊元大02購01  ,0,0,0,0,0,0,0,0,0,-49000,0,0,0,0,49000,-49000,-49000
063644,祥碩元大9B購10  ,0,0,0,0,0,0,0,0,0,-49000,0,0,0,23000,72000,-49000,-49000
07719P,臺股指群益9A售08,0,0,0,0,0,0,0,0,0,-49000,0,0,0,51000,100000,-49000,-49000
08079P,宏達電國票9B售03,0,0,0,0,0,0,0,0,0,-49000,0,0,0,0,49000,-49000,-49000
055786,彩晶凱基99購02  ,0,0,0,0,0,0,0,0,0,-49000,0,0,0,0,49000,-49000,-49000
055486,國巨元大98購06  ,0,0,0,0,0,0,0,0,0,-49000,0,0,0,1000,50000,-49000,-49000
059278,群創元大9A購04  ,0,0,0,0,0,0,0,0,0,-49000,0,0,0,0,49000,-49000,-49000
057852,國巨國票99購05  ,0,0,0,0,0,0,0,0,0,-49000,0,0,0,0,49000,-49000,-49000
062701,漢唐元大9B購01  ,0,0,0,0,0,0,0,0,0,-49000,0,0,0,36000,85000,-49000,-49000
062729,神達凱基9B購02  ,0,0,0,0,0,0,0,0,0,-49000,0,0,0,1000,50000,-49000,-49000
061479,泰碩元大9A購02  ,0,0,0,0,0,0,0,0,0,-49000,0,0,0,0,49000,-49000,-49000
061469,瑞祺群益9A購02  ,0,0,0,0,0,0,0,0,0,-49000,0,0,0,1000,50000,-49000,-49000
062124,大立光統一9B購09,0,0,0,0,0,0,0,0,0,-49000,0,0,0,45000,94000,-49000,-49000
063348,祥碩統一01購04  ,0,0,0,0,0,0,0,0,0,-49000,0,0,0,5000,54000,-49000,-49000
063408,茂林國票9C購02  ,0,0,0,0,0,0,0,0,0,-49000,0,0,0,35000,84000,-49000,-49000
063418,京元電凱基9B購03,0,0,0,0,0,0,0,0,0,-49000,0,0,0,1000,50000,-49000,-49000
063140,聯發科統一9B購08,0,0,0,0,0,0,0,0,0,-49000,0,0,0,33000,82000,-49000,-49000
061612,南六統一9A購01  ,0,0,0,0,0,0,0,0,0,-49000,0,0,0,322000,371000,-49000,-49000
065392,華通群益01購02  ,0,0,0,0,0,0,0,0,0,-49000,0,0,0,114000,163000,-49000,-49000
065187,聯發科統一02購02,0,0,0,0,0,0,0,0,0,-49000,0,0,0,0,49000,-49000,-49000
065005,台光電國票01購02,0,0,0,0,0,0,0,0,0,-49000,0,0,0,64000,113000,-49000,-49000
064401,台達電凱基06購01,0,0,0,0,0,0,0,0,0,-49000,0,0,0,10000,59000,-49000,-49000
064598,國巨元富9C購03  ,0,0,0,0,0,0,0,0,0,-49000,0,0,0,72000,121000,-49000,-49000
064646,群創凱基02購01  ,0,0,0,0,0,0,0,0,0,-49000,0,0,0,0,49000,-49000,-49000
066118,台郡兆豐01購01  ,0,0,0,0,0,0,0,0,0,-49000,0,0,0,20000,69000,-49000,-49000
066615,長榮航康和01購01,0,0,0,0,0,0,0,0,0,-49000,0,0,0,0,49000,-49000,-49000
065702,聯發科群益9C購14,0,0,0,0,0,0,0,0,0,-49000,0,0,0,57000,106000,-49000,-49000
065931,瑞祺國票02購01  ,0,0,0,0,0,0,0,0,0,-49000,0,0,0,0,49000,-49000,-49000
6243,迅杰            ,65000,114000,-49000,0,0,0,0,0,0,0,0,0,0,0,0,0,-49000
08026P,臺股指凱基9B售12,0,0,0,0,0,0,0,0,0,-50000,0,0,0,10000,60000,-50000,-50000
08028P,臺股指元大9B售30,0,0,0,0,0,0,0,0,0,-50000,0,0,0,0,50000,-50000,-50000
08178P,南亞科元大9B售01,0,0,0,0,0,0,0,0,0,-50000,0,0,0,50000,100000,-50000,-50000
08319P,台積電統一9C售11,0,0,0,0,0,0,0,0,0,-50000,0,0,0,0,50000,-50000,-50000
07770P,台積電國票9A售07,0,0,0,0,0,0,0,0,0,-50000,0,0,0,0,50000,-50000,-50000
07939P,台積電統一9B售14,0,0,0,0,0,0,0,0,0,-50000,0,0,0,0,50000,-50000,-50000
07424P,大立光元大9B售01,0,0,0,0,0,0,0,0,0,-50000,0,0,0,0,50000,-50000,-50000
07630P,臺股指凱基9A售11,0,0,0,0,0,0,0,0,0,-50000,0,0,0,0,50000,-50000,-50000
07645P,華通元大9A售06  ,0,0,0,0,0,0,0,0,0,-50000,0,0,0,100000,150000,-50000,-50000
063575,矽格元大9B購02  ,0,0,0,0,0,0,0,0,0,-50000,0,0,0,10000,60000,-50000,-50000
064166,和潤統一02購01  ,0,0,0,0,0,0,0,0,0,-50000,0,0,0,9000,59000,-50000,-50000
064226,TPK國票01購01   ,0,0,0,0,0,0,0,0,0,-50000,0,0,0,11000,61000,-50000,-50000
06971P,台光電元大99售03,0,0,0,0,0,0,0,0,0,-50000,0,0,0,0,50000,-50000,-50000
067346,巨大凱基02購01  ,0,0,0,0,0,0,0,0,0,-50000,0,0,0,0,50000,-50000,-50000
067343,嘉澤凱基01購01  ,0,0,0,0,0,0,0,0,0,-50000,0,0,0,0,50000,-50000,-50000
066685,T50反1元富07購02,0,0,0,0,0,0,0,0,0,-50000,0,0,0,0,50000,-50000,-50000
066699,台積電群益01購08,0,0,0,0,0,0,0,0,0,-50000,0,0,0,122000,172000,-50000,-50000
066903,中興電凱基01購01,0,0,0,0,0,0,0,0,0,-50000,0,0,0,60000,110000,-50000,-50000
06700P,臺股指統一99售05,0,0,0,0,0,0,0,0,0,-50000,0,0,0,0,50000,-50000,-50000
067171,聯發科麥證01購08,0,0,0,0,50000,-50000,0,0,0,-50000,0,0,0,0,50000,-50000,-50000
062821,華擎兆豐9C購01  ,0,0,0,0,0,0,0,0,0,-50000,0,0,0,0,50000,-50000,-50000
057918,旺宏凱基99購01  ,0,0,0,0,0,0,0,0,0,-50000,0,0,0,0,50000,-50000,-50000
058238,奇鋐元大99購02  ,0,0,0,0,0,0,0,0,0,-50000,0,0,0,0,50000,-50000,-50000
058208,百和凱基99購01  ,0,0,0,0,0,0,0,0,0,-50000,0,0,0,0,50000,-50000,-50000
059036,可成群益9B購03  ,0,0,0,0,0,0,0,0,0,-50000,0,0,0,25000,75000,-50000,-50000
058934,台灣50中信03購03,0,0,0,0,0,0,0,0,0,-50000,0,0,0,0,50000,-50000,-50000
058568,宏達電凱基9A購02,0,0,0,0,0,0,0,0,0,-50000,0,0,0,0,50000,-50000,-50000
057397,茂林中信9A購01  ,0,0,0,0,0,0,0,0,0,-50000,0,0,0,0,50000,-50000,-50000
057422,欣興凱基98購04  ,0,0,0,0,0,0,0,0,0,-50000,0,0,0,20000,70000,-50000,-50000
058688,矽創凱基9A購01  ,0,0,0,0,0,0,0,0,0,-50000,0,0,0,0,50000,-50000,-50000
058735,南茂永豐99購01  ,0,0,0,0,0,0,0,0,0,-50000,0,0,0,0,50000,-50000,-50000
058749,康控凱基99購03  ,0,0,0,0,0,0,0,0,0,-50000,0,0,0,7000,57000,-50000,-50000
055874,中環元富9A購01  ,0,0,0,0,0,0,0,0,0,-50000,0,0,0,40000,90000,-50000,-50000
056012,勤誠中信99購01  ,0,0,0,0,0,0,0,0,0,-50000,0,0,0,0,50000,-50000,-50000
056378,欣興元富98購01  ,0,0,0,0,0,0,0,0,0,-50000,0,0,0,80000,130000,-50000,-50000
056156,禾伸堂凱基98購04,0,0,0,0,0,0,0,0,0,-50000,0,0,0,40000,90000,-50000,-50000
058297,茂林凱基9A購02  ,0,0,0,0,0,0,0,0,0,-50000,0,0,0,0,50000,-50000,-50000
056765,友達元大9B購05  ,0,0,0,0,0,0,0,0,0,-50000,0,0,0,0,50000,-50000,-50000
057240,茂林凱基9A購01  ,0,0,0,0,0,0,0,0,0,-50000,0,0,0,0,50000,-50000,-50000
054280,牧德群益98購01  ,0,0,0,0,0,0,0,0,0,-50000,0,0,0,0,50000,-50000,-50000
056920,友達兆豐98購02  ,0,0,0,0,0,0,0,0,0,-50000,0,0,0,0,50000,-50000,-50000
056962,技嘉永豐98購01  ,0,0,0,0,0,0,0,0,0,-50000,0,0,0,30000,80000,-50000,-50000
057092,健策元富98購01  ,0,0,0,0,0,0,0,0,0,-50000,0,0,0,0,50000,-50000,-50000
051055,友達群益98購01  ,0,0,0,0,0,0,0,0,0,-50000,0,0,0,0,50000,-50000,-50000
053523,T50反1中信9A購01,0,0,0,0,0,0,0,0,0,-50000,0,0,0,0,50000,-50000,-50000
062462,GIS群益9B購01   ,0,0,0,0,0,0,0,0,0,-50000,0,0,0,10000,60000,-50000,-50000
061574,大毅元大9B購01  ,0,0,0,0,0,0,0,0,0,-50000,0,0,0,0,50000,-50000,-50000
061550,聯鈞群益9A購03  ,0,0,0,0,0,0,0,0,0,-50000,0,0,0,0,50000,-50000,-50000
061638,國泰金元大9A購03,0,0,0,0,0,0,0,0,0,-50000,0,0,0,0,50000,-50000,-50000
061640,智原元大9A購01  ,0,0,0,0,0,0,0,0,0,-50000,0,0,0,10000,60000,-50000,-50000
061702,奇鋐國票9A購02  ,0,0,0,0,0,0,0,0,0,-50000,0,0,0,3000,53000,-50000,-50000
060855,華新科富邦01購01,0,0,0,0,0,0,0,0,0,-50000,0,0,0,242000,292000,-50000,-50000
063213,智伸科國票9C購01,0,0,0,0,0,0,0,0,0,-50000,0,0,0,2000,52000,-50000,-50000
063414,鴻海凱基03購01  ,0,0,0,0,0,0,0,0,0,-50000,0,0,0,0,50000,-50000,-50000
059571,奇力新凱基99購06,0,0,0,0,0,0,0,0,0,-50000,0,0,0,0,50000,-50000,-50000
059654,T50反1元大99購09,0,0,0,0,0,0,0,0,0,-50000,0,0,0,0,50000,-50000,-50000
063259,廣達富邦9C購01  ,0,3000,-3000,0,0,0,0,0,0,-47000,0,0,0,809000,856000,-47000,-50000
061341,華新科元大9A購16,0,0,0,0,0,0,0,0,0,-50000,0,0,0,0,50000,-50000,-50000
060209,喬山康和9A購01  ,0,0,0,0,0,0,0,0,0,-50000,0,0,0,1000,51000,-50000,-50000
060110,茂林元大99購06  ,0,0,0,0,0,0,0,0,0,-50000,0,0,0,0,50000,-50000,-50000
063009,國巨元大9B購18  ,0,0,0,0,0,0,0,0,0,-50000,0,0,0,50000,100000,-50000,-50000
059985,華新科元大99購22,0,0,0,0,0,0,0,0,0,-50000,0,0,0,1000,51000,-50000,-50000
062081,華新科元大9B購06,0,0,0,0,0,0,0,0,0,-50000,0,0,0,50000,100000,-50000,-50000
059816,聯電凱基99購03  ,0,0,0,0,0,0,0,0,0,-50000,0,0,0,20000,70000,-50000,-50000
059778,上証2X元大9C購03,0,0,0,0,0,0,0,0,0,-50000,0,0,0,0,50000,-50000,-50000
061189,可成富邦9B購02  ,0,0,0,0,0,0,0,0,0,-50000,0,0,0,0,50000,-50000,-50000
061150,國巨群益9A購09  ,0,0,0,0,0,0,0,0,0,-50000,0,0,0,110000,160000,-50000,-50000
062491,矽創永豐9B購01  ,0,0,0,0,0,0,0,0,0,-50000,0,0,0,78000,128000,-50000,-50000
060258,T50反1凱基9A購06,0,0,0,0,0,0,0,0,0,-50000,0,0,0,0,50000,-50000,-50000
062182,華新科元大9B購07,0,0,0,0,0,0,0,0,0,-50000,0,0,0,3000,53000,-50000,-50000
062003,國巨國泰01購01  ,0,0,0,0,0,0,0,0,0,-50000,0,0,0,78000,128000,-50000,-50000
061987,大立光元大9B購03,0,0,0,0,0,0,0,0,0,-50000,0,0,0,0,50000,-50000,-50000
061722,健策永豐9B購03  ,0,0,0,0,0,0,0,0,0,-50000,0,0,0,0,50000,-50000,-50000
062272,鴻海群益9B購05  ,0,0,0,0,0,0,0,0,0,-50000,0,0,0,21000,71000,-50000,-50000
061771,玉晶光元大9C購04,0,0,0,0,0,0,0,0,0,-50000,0,0,0,0,50000,-50000,-50000
061835,華新科凱基02購03,0,0,0,0,0,0,0,0,0,-50000,0,0,0,0,50000,-50000,-50000
061836,華新科凱基05購01,0,0,0,0,0,0,0,0,0,-50000,0,0,0,0,50000,-50000,-50000
066063,南電元大01購04  ,0,0,0,0,0,0,0,0,0,-50000,0,0,0,10000,60000,-50000,-50000
065657,智邦富邦9C購01  ,0,0,0,0,0,0,0,0,0,-50000,0,0,0,0,50000,-50000,-50000
065730,新日興凱基9C購01,0,0,0,0,0,0,0,0,0,-50000,0,0,0,70000,120000,-50000,-50000
065791,牧德永豐9C購03  ,0,0,0,0,0,0,0,0,0,-50000,0,0,0,0,50000,-50000,-50000
065495,上銀富邦01購02  ,0,0,0,0,0,0,0,0,0,-50000,0,0,0,10000,60000,-50000,-50000
065600,友達元大9C購11  ,0,0,0,0,0,0,0,0,0,-50000,0,0,0,0,50000,-50000,-50000
065596,鴻海元大9C購16  ,0,0,0,0,0,0,0,0,0,-50000,0,0,0,10000,60000,-50000,-50000
066457,可成統一02購01  ,0,0,0,0,0,0,0,0,0,-50000,0,0,0,0,50000,-50000,-50000
066126,南港群益01購01  ,0,0,0,0,0,0,0,0,0,-50000,0,0,0,24000,74000,-50000,-50000
064827,友達統一02購02  ,0,0,0,0,0,0,0,0,0,-50000,0,0,0,0,50000,-50000,-50000
064471,國巨麥證9C購02  ,0,0,0,101000,151000,-50000,0,0,0,-50000,0,0,0,101000,151000,-50000,-50000
064325,亞德客元大9C購01,0,0,0,0,0,0,0,0,0,-50000,0,0,0,0,50000,-50000,-50000
065145,貿聯凱基9C購02  ,0,0,0,0,0,0,0,0,0,-50000,0,0,0,0,50000,-50000,-50000
065178,和碩元大9C購01  ,0,0,0,0,0,0,0,0,0,-50000,0,0,0,0,50000,-50000,-50000
065389,聯茂兆豐9C購01  ,0,0,0,0,0,0,0,0,0,-50000,0,0,0,0,50000,-50000,-50000
065473,鴻海元大9C購14  ,0,0,0,0,0,0,0,0,0,-50000,0,0,0,0,50000,-50000,-50000
08935P,鴻海元大01售19  ,0,0,0,0,0,0,0,0,0,-50000,0,0,0,0,50000,-50000,-50000
08623P,健策群益01售04  ,0,0,0,0,0,0,0,0,0,-50000,0,0,0,28000,78000,-50000,-50000
067582,華通群益02購04  ,0,0,0,0,0,0,0,0,0,-51000,0,0,0,0,51000,-51000,-51000
067548,亞德客中信03購01,0,0,0,0,0,0,0,0,0,-51000,0,0,0,0,51000,-51000,-51000
07067P,旺宏台新99售02  ,0,0,0,0,0,0,0,0,0,-51000,0,0,0,0,51000,-51000,-51000
048383,元金2X國票99購01,0,0,0,0,0,0,0,0,0,-51000,0,0,0,105000,156000,-51000,-51000
058406,聯茂元大99購06  ,0,0,0,0,0,0,0,0,0,-51000,0,0,0,88000,139000,-51000,-51000
056387,智伸科國泰99購01,0,0,0,0,0,0,0,0,0,-51000,0,0,0,0,51000,-51000,-51000
062703,可成元大9C購02  ,0,0,0,0,0,0,0,0,0,-51000,0,0,0,100000,151000,-51000,-51000
060240,富邦金元大9A購01,0,0,0,0,0,0,0,0,0,-51000,0,0,0,3000,54000,-51000,-51000
061415,健策群益9A購04  ,0,0,0,0,0,0,0,0,0,-51000,0,0,0,33000,84000,-51000,-51000
059847,喬山永豐99購01  ,0,0,0,0,0,0,0,0,0,-51000,0,0,0,57000,108000,-51000,-51000
060093,友達元大03購01  ,0,0,0,0,0,0,0,0,0,-51000,0,0,0,13000,64000,-51000,-51000
065484,康友元大9C購01  ,0,0,0,0,0,0,0,0,0,-51000,0,0,0,0,51000,-51000,-51000
064413,世紀鋼凱基02購01,0,0,0,0,0,0,0,0,0,-51000,0,0,0,99000,150000,-51000,-51000
066332,慧洋永豐01購01  ,0,0,0,0,0,0,0,0,0,-51000,0,0,0,0,51000,-51000,-51000
08896P,台灣50群益01售10,0,0,0,0,0,0,0,0,0,-51000,0,0,0,2000,53000,-51000,-51000
3563,牧德            ,97000,90000,7000,0,0,0,0,65000,-65000,7000,0,0,0,28000,21000,7000,-51000
067162,康控國票02購01  ,0,0,0,0,0,0,0,0,0,-52000,0,0,0,0,52000,-52000,-52000
08193P,同欣電國票9C售02,0,0,0,0,0,0,0,0,0,-52000,0,0,0,14000,66000,-52000,-52000
08169P,台光電群益9B售04,0,0,0,0,0,0,0,0,0,-52000,0,0,0,0,52000,-52000,-52000
08153P,台表科統一9B售01,0,0,0,0,0,0,0,0,0,-52000,0,0,0,368000,420000,-52000,-52000
08056P,華通群益9B售06  ,0,0,0,0,0,0,0,0,0,-52000,0,0,0,0,52000,-52000,-52000
056213,建準國票98購02  ,0,0,0,0,0,0,0,0,0,-52000,0,0,0,0,52000,-52000,-52000
054231,國巨群益98購03  ,0,0,0,0,0,0,0,0,0,-52000,0,0,0,0,52000,-52000,-52000
059867,華邦電凱基99購02,0,0,0,0,0,0,0,0,0,-52000,0,0,0,0,52000,-52000,-52000
062049,亞德客統一01購01,0,0,0,0,0,0,0,0,0,-52000,0,0,0,47000,99000,-52000,-52000
063073,瑞昱永豐9B購01  ,0,0,0,0,0,0,0,0,0,-52000,0,0,0,27000,79000,-52000,-52000
063507,奇鋐群益9B購02  ,0,0,0,0,0,0,0,0,0,-52000,0,0,0,17000,69000,-52000,-52000
060617,華新科元大9A購08,0,0,0,0,0,0,0,0,0,-52000,0,0,0,91000,143000,-52000,-52000
060425,凌華永豐9A購01  ,0,0,0,0,0,0,0,0,0,-52000,0,0,0,14000,66000,-52000,-52000
062437,廣達元大9B購01  ,0,0,0,0,0,0,0,0,0,-52000,0,0,0,22000,74000,-52000,-52000
066398,京鼎凱基01購02  ,0,0,0,0,0,0,0,0,0,-52000,0,0,0,52000,104000,-52000,-52000
066528,南電統一02購01  ,0,0,0,0,0,0,0,0,0,-52000,0,0,0,65000,117000,-52000,-52000
065789,泰碩永豐9C購02  ,0,0,0,0,0,0,0,0,0,-52000,0,0,0,0,52000,-52000,-52000
065882,景碩台新9C購03  ,0,0,0,0,0,0,0,0,0,-52000,0,0,0,131000,183000,-52000,-52000
064486,聚陽元大9C購01  ,0,0,0,0,0,0,0,0,0,-52000,0,0,0,21000,73000,-52000,-52000
064447,喬山統一02購01  ,0,0,0,0,0,0,0,0,0,-52000,0,0,0,0,52000,-52000,-52000
065386,華通兆豐9C購02  ,0,0,0,0,0,0,0,0,0,-52000,0,0,0,94000,146000,-52000,-52000
08730P,緯穎永豐01售02  ,0,0,0,0,0,0,0,0,0,-52000,0,0,0,0,52000,-52000,-52000
08451P,南六統一9C售06  ,0,0,0,0,0,0,0,0,0,-52000,0,0,0,30000,82000,-52000,-52000
067231,台積電群益01購12,0,0,0,0,0,0,0,0,0,-53000,0,0,0,29000,82000,-53000,-53000
06834P,訊芯群益99售02  ,0,0,0,0,0,0,0,0,0,-53000,0,0,0,0,53000,-53000,-53000
067612,超眾凱基02購03  ,0,0,0,0,0,0,0,0,0,-53000,0,0,0,0,53000,-53000,-53000
054807,台化元大9A購02  ,0,0,0,0,0,0,0,0,0,-53000,0,0,0,0,53000,-53000,-53000
057248,台積電統一98購08,0,0,0,0,0,0,0,0,0,-53000,0,0,0,6000,59000,-53000,-53000
058841,深中小群益01購01,0,0,0,0,0,0,0,0,0,-53000,0,0,0,7000,60000,-53000,-53000
058116,正崴中信99購02  ,0,0,0,0,0,0,0,0,0,-53000,0,0,0,0,53000,-53000,-53000
061014,台積電麥證9A購04,0,0,0,0,53000,-53000,0,0,0,-53000,0,0,0,0,53000,-53000,-53000
061754,晶技麥證9B購01  ,0,0,0,20000,74000,-54000,0,0,0,-53000,0,0,0,21000,74000,-53000,-53000
061985,富邦金元大9B購01,0,0,0,0,0,0,0,0,0,-53000,0,0,0,0,53000,-53000,-53000
065376,京鼎元大9C購02  ,0,0,0,0,0,0,0,0,0,-53000,0,0,0,77000,130000,-53000,-53000
065418,緯創國票01購01  ,0,0,0,0,0,0,0,0,0,-53000,0,0,0,96000,149000,-53000,-53000
065309,亞光國票01購01  ,0,0,0,0,0,0,0,0,0,-53000,0,0,0,0,53000,-53000,-53000
064415,群創麥證9C購01  ,0,0,0,0,53000,-53000,0,0,0,-53000,0,0,0,0,53000,-53000,-53000
064803,智邦元大9C購05  ,0,0,0,0,0,0,0,0,0,-53000,0,0,0,5000,58000,-53000,-53000
06466P,台積電統一9B售01,0,0,0,0,0,0,0,0,0,-53000,0,0,0,42000,95000,-53000,-53000
064523,聯茂群益9C購01  ,0,0,0,0,0,0,0,0,0,-53000,0,0,0,15000,68000,-53000,-53000
065919,禾伸堂凱基02購01,0,0,0,0,0,0,0,0,0,-53000,0,0,0,15000,68000,-53000,-53000
065527,巨大群益9C購03  ,0,0,0,0,0,0,0,0,0,-53000,0,0,0,0,53000,-53000,-53000
066531,智伸科元富01購01,0,0,0,0,0,0,0,0,0,-53000,0,0,0,0,53000,-53000,-53000
3056,總太            ,144000,194000,-50000,0,0,0,0,0,0,-3000,5000,1000,4000,0,7000,-7000,-53000
6672,騰輝電子-KY     ,26000,84000,-58000,0,0,0,0,0,0,5000,5000,0,5000,0,0,0,-53000
067602,億光凱基01購01  ,0,0,0,0,0,0,0,0,0,-54000,0,0,0,24000,78000,-54000,-54000
064207,國巨凱基03購02  ,0,0,0,0,0,0,0,0,0,-54000,0,0,0,56000,110000,-54000,-54000
063553,同欣電國票9B購03,0,0,0,0,0,0,0,0,0,-54000,0,0,0,0,54000,-54000,-54000
061545,華新科群益9A購09,0,0,0,0,0,0,0,0,0,-54000,0,0,0,23000,77000,-54000,-54000
062987,祥碩中信01購01  ,0,0,0,0,0,0,0,0,0,-54000,0,0,0,0,54000,-54000,-54000
062859,玉晶光國票01購02,0,0,0,0,0,0,0,0,0,-54000,0,0,0,0,54000,-54000,-54000
060015,國巨康和99購03  ,0,0,0,0,0,0,0,0,0,-54000,0,0,0,7000,61000,-54000,-54000
063399,智原群益9B購01  ,0,0,0,0,0,0,0,0,0,-54000,0,0,0,155000,209000,-54000,-54000
063313,南亞科群益9B購02,0,0,0,0,0,0,0,0,0,-54000,0,0,0,0,54000,-54000,-54000
065856,中租元大9C購03  ,0,0,0,0,0,0,0,0,0,-54000,0,0,0,131000,185000,-54000,-54000
064664,微星元大9C購04  ,0,0,0,0,0,0,0,0,0,-54000,0,0,0,8000,62000,-54000,-54000
065158,和碩群益9C購01  ,0,0,0,0,0,0,0,0,0,-54000,0,0,0,10000,64000,-54000,-54000
065054,百和凱基02購01  ,0,0,0,0,0,0,0,0,0,-54000,0,0,0,0,54000,-54000,-54000
067591,聚陽凱基02購02  ,0,0,0,0,0,0,0,0,0,-55000,0,0,0,0,55000,-55000,-55000
067609,智易凱基01購01  ,0,0,0,0,0,0,0,0,0,-55000,0,0,0,0,55000,-55000,-55000
067676,大立光元大01購12,0,0,0,0,0,0,0,0,0,-55000,0,0,0,0,55000,-55000,-55000
07021P,台積電富邦9C售02,0,0,0,0,0,0,0,0,0,-55000,0,0,0,0,55000,-55000,-55000
067202,聚陽元大01購02  ,20000,0,20000,0,0,0,0,0,0,-75000,0,0,0,196000,271000,-75000,-55000
066815,華擎兆豐03購01  ,0,0,0,0,0,0,0,0,0,-55000,0,0,0,100000,155000,-55000,-55000
058077,超眾凱基98購02  ,0,0,0,0,0,0,0,0,0,-55000,0,0,0,0,55000,-55000,-55000
058628,宏達電國票9A購01,0,0,0,0,0,0,0,0,0,-55000,0,0,0,0,55000,-55000,-55000
058877,T50反1國泰9B購01,0,0,0,0,0,0,0,0,0,-55000,0,0,0,0,55000,-55000,-55000
058798,大立光元大99購11,0,0,0,0,0,0,0,0,0,-55000,0,0,0,0,55000,-55000,-55000
057187,群創元大9B購04  ,0,0,0,0,0,0,0,0,0,-55000,0,0,0,50000,105000,-55000,-55000
056264,聯發科統一98購02,0,0,0,0,0,0,0,0,0,-55000,0,0,0,0,55000,-55000,-55000
055007,晶相光元富9A購02,0,0,0,0,0,0,0,0,0,-55000,0,0,0,5000,60000,-55000,-55000
052299,T50反1台新05購03,0,0,0,0,0,0,0,0,0,-55000,0,0,0,0,55000,-55000,-55000
063343,美律統一9C購01  ,0,0,0,0,0,0,0,0,0,-55000,0,0,0,139000,194000,-55000,-55000
061606,景碩凱基9A購02  ,0,0,0,0,0,0,0,0,0,-55000,0,0,0,0,55000,-55000,-55000
059304,華新科兆豐99購06,0,0,0,0,0,0,0,0,0,-55000,0,0,0,77000,132000,-55000,-55000
059532,華新科凱基9B購03,0,0,0,0,0,0,0,0,0,-55000,0,0,0,0,55000,-55000,-55000
060164,合勤控永豐9A購01,0,0,0,0,0,0,0,0,0,-55000,0,0,0,109000,164000,-55000,-55000
061136,可成統一9A購01  ,0,0,0,0,0,0,0,0,0,-55000,0,0,0,0,55000,-55000,-55000
059957,中信金康和99購01,0,0,0,0,0,0,0,0,0,-55000,0,0,0,0,55000,-55000,-55000
062087,瑞祺元大9B購02  ,0,0,0,0,0,0,0,0,0,-55000,0,0,0,0,55000,-55000,-55000
061753,南亞科台新9B購01,0,0,0,0,0,0,0,0,0,-55000,0,0,0,0,55000,-55000,-55000
065056,臺股指凱基9C購20,0,0,0,0,0,0,0,0,0,-55000,0,0,0,1000,56000,-55000,-55000
065080,燿華元大01購01  ,0,0,0,0,0,0,0,0,0,-55000,0,0,0,24000,79000,-55000,-55000
065289,冠德群益9C購01  ,0,0,0,0,0,0,0,0,0,-55000,0,0,0,136000,191000,-55000,-55000
065286,瑞昱群益9C購03  ,0,0,0,0,0,0,0,0,0,-55000,0,0,0,3000,58000,-55000,-55000
066547,台積電元大01購14,0,0,0,0,0,0,0,0,0,-55000,0,0,0,15000,70000,-55000,-55000
3018,同開            ,28000,83000,-55000,0,0,0,0,0,0,0,0,0,0,0,0,0,-55000
08842P,京鼎凱基01售03  ,0,0,0,0,0,0,0,0,0,-55000,0,0,0,115000,170000,-55000,-55000
066719,滬深2X元大01購06,0,0,0,0,0,0,0,0,0,-56000,0,0,0,212000,268000,-56000,-56000
067008,康舒永豐01購01  ,0,0,0,0,0,0,0,0,0,-56000,0,0,0,278000,334000,-56000,-56000
08215P,旺宏群益9B售04  ,0,0,0,0,0,0,0,0,0,-56000,0,0,0,46000,102000,-56000,-56000
055933,欣興群益98購02  ,0,0,0,0,0,0,0,0,0,-56000,0,0,0,92000,148000,-56000,-56000
055688,力成凱基98購02  ,0,0,0,0,0,0,0,0,0,-56000,0,0,0,0,56000,-56000,-56000
056347,GIS凱基9A購01   ,0,0,0,0,0,0,0,0,0,-56000,0,0,0,53000,109000,-56000,-56000
058673,華新科群益9A購02,0,0,0,0,0,0,0,0,0,-56000,0,0,0,12000,68000,-56000,-56000
062526,友達統一01購01  ,0,0,0,0,0,0,0,0,0,-56000,0,0,0,0,56000,-56000,-56000
062058,瑞昱統一01購01  ,0,0,0,0,0,0,0,0,0,-56000,0,0,0,36000,92000,-56000,-56000
062992,聯發科群益9B購09,0,0,0,0,0,0,0,0,0,-56000,0,0,0,214000,270000,-56000,-56000
060814,健策凱基9B購01  ,0,0,0,0,0,0,0,0,0,-56000,0,0,0,10000,66000,-56000,-56000
066520,大立光第一01購01,0,0,0,0,0,0,0,0,0,-56000,0,0,0,0,56000,-56000,-56000
065143,聯發科凱基9C購07,0,0,0,0,0,0,0,0,0,-56000,0,0,0,0,56000,-56000,-56000
08933P,上銀元大01售02  ,0,0,0,0,0,0,0,0,0,-56000,0,0,0,0,56000,-56000,-56000
08782P,台積電元大01售17,0,0,0,0,0,0,0,0,0,-56000,0,0,0,4891000,4947000,-56000,-56000
08543P,世芯國票01售02  ,0,0,0,0,0,0,0,0,0,-56000,0,0,0,40000,96000,-56000,-56000
8463,潤泰材          ,66000,122000,-56000,0,0,0,0,0,0,0,0,0,0,0,0,0,-56000
08332P,智邦台新9C售03  ,0,0,0,0,0,0,0,0,0,-57000,0,0,0,3000,60000,-57000,-57000
063913,貿聯凱基02購01  ,0,0,0,0,0,0,0,0,0,-57000,0,0,0,18000,75000,-57000,-57000
067237,國揚群益01購02  ,0,0,0,0,0,0,0,0,0,-57000,0,0,0,0,57000,-57000,-57000
06906P,國巨國泰99售01  ,0,0,0,0,0,0,0,0,0,-57000,0,0,0,13000,70000,-57000,-57000
058752,鈺齊凱基9A購01  ,0,0,0,0,0,0,0,0,0,-57000,0,0,0,0,57000,-57000,-57000
057243,樺漢凱基99購01  ,0,0,0,0,0,0,0,0,0,-57000,0,0,0,0,57000,-57000,-57000
059381,TPK亞東99購01   ,0,0,0,0,0,0,0,0,0,-57000,0,0,0,3000,60000,-57000,-57000
061057,華新科國票9A購04,0,0,0,0,0,0,0,0,0,-57000,0,0,0,0,57000,-57000,-57000
063188,TPK凱基9B購01   ,0,0,0,0,0,0,0,0,0,-57000,0,0,0,206000,263000,-57000,-57000
059691,大立光永豐99購02,0,0,0,0,0,0,0,0,0,-57000,0,0,0,104000,161000,-57000,-57000
059890,大立光國票99購03,0,0,0,0,0,0,0,0,0,-57000,0,0,0,0,57000,-57000,-57000
063087,南六凱基9C購02  ,0,0,0,0,0,0,0,0,0,-57000,0,0,0,8000,65000,-57000,-57000
062293,麗豐永豐9B購01  ,0,0,0,0,0,0,0,0,0,-57000,0,0,0,1000,58000,-57000,-57000
064571,帆宣群益9C購01  ,0,0,0,0,0,0,0,0,0,-57000,0,0,0,6000,63000,-57000,-57000
064679,晶技兆豐9C購01  ,0,0,0,0,0,0,0,0,0,-57000,0,0,0,69000,126000,-57000,-57000
063693,智易永豐9B購02  ,0,0,0,0,0,0,0,0,0,-57000,0,0,0,53000,110000,-57000,-57000
066589,英業達群益01購01,0,0,0,0,0,0,0,0,0,-57000,0,0,0,0,57000,-57000,-57000
065811,億豐群益9C購01  ,0,0,0,0,0,0,0,0,0,-57000,0,0,0,7000,64000,-57000,-57000
065737,南茂凱基9C購02  ,0,0,0,0,0,0,0,0,0,-57000,0,0,0,0,57000,-57000,-57000
2375,凱美            ,427000,522000,-95000,0,0,0,0,0,0,38000,1000,0,1000,37000,0,37000,-57000
067561,晶技國票02購01  ,0,0,0,0,0,0,0,0,0,-58000,0,0,0,1000,59000,-58000,-58000
067006,德律永豐01購02  ,0,0,0,0,0,0,0,0,0,-58000,0,0,0,0,58000,-58000,-58000
066708,嘉澤群益02購01  ,0,0,0,0,0,0,0,0,0,-58000,0,0,0,30000,88000,-58000,-58000
064219,滬深2X國票03購01,0,0,0,0,0,0,0,0,0,-58000,0,0,0,47000,105000,-58000,-58000
00714,群益道瓊美國地產,0,0,0,0,0,0,0,0,0,-58000,0,0,0,0,58000,-58000,-58000
058586,鴻海中信01購02  ,0,0,0,0,0,0,0,0,0,-58000,0,0,0,2000,60000,-58000,-58000
061515,泰碩永豐9A購03  ,0,0,0,0,0,0,0,0,0,-58000,0,0,0,0,58000,-58000,-58000
060251,易華電元大9C購01,0,0,0,0,0,0,0,0,0,-58000,0,0,0,40000,98000,-58000,-58000
062100,矽格永豐9B購01  ,0,0,0,0,0,0,0,0,0,-58000,0,0,0,0,58000,-58000,-58000
063411,和潤國票9C購01  ,0,0,0,0,0,0,0,0,0,-58000,0,0,0,40000,98000,-58000,-58000
065748,台積電元大01購05,0,0,0,0,0,0,0,0,0,-58000,0,0,0,0,58000,-58000,-58000
065571,神基群益01購01  ,0,0,0,0,0,0,0,0,0,-58000,0,0,0,20000,78000,-58000,-58000
064362,友達統一01購02  ,0,0,0,0,0,0,0,0,0,-58000,0,0,0,0,58000,-58000,-58000
9942,茂順            ,22000,80000,-58000,0,0,0,0,0,0,0,1000,1000,0,0,0,0,-58000
9935,慶豐富          ,169000,228000,-59000,0,0,0,0,0,0,1000,1000,0,1000,0,0,0,-58000
063968,新光金國票01購01,0,0,0,0,0,0,0,0,0,-59000,0,0,0,0,59000,-59000,-59000
066711,臺股指群益01購03,0,0,0,0,0,0,0,0,0,-59000,0,0,0,41000,100000,-59000,-59000
067663,神隆元大01購03  ,0,0,0,0,0,0,0,0,0,-59000,0,0,0,0,59000,-59000,-59000
058732,矽格永豐99購01  ,0,0,0,0,0,0,0,0,0,-59000,0,0,0,48000,107000,-59000,-59000
057472,T50正2元大9B購03,0,0,0,0,0,0,0,0,0,-59000,0,0,0,0,59000,-59000,-59000
058017,漢唐凱基99購01  ,0,0,0,0,0,0,0,0,0,-59000,0,0,0,0,59000,-59000,-59000
056279,新日興富邦99購01,0,0,0,0,0,0,0,0,0,-59000,0,0,0,1000,60000,-59000,-59000
063151,奇鋐元富9B購01  ,0,0,0,0,0,0,0,0,0,-59000,0,0,0,164000,223000,-59000,-59000
060428,瑞祺永豐9A購01  ,0,0,0,0,0,0,0,0,0,-59000,0,0,0,197000,256000,-59000,-59000
061062,和大凱基9A購02  ,0,0,0,0,0,0,0,0,0,-59000,0,0,0,0,59000,-59000,-59000
059351,台虹凱基99購01  ,0,0,0,0,0,0,0,0,0,-59000,0,0,0,99000,158000,-59000,-59000
062425,可成統一01購01  ,0,0,0,0,0,0,0,0,0,-59000,0,0,0,0,59000,-59000,-59000
062096,神隆永豐9B購01  ,0,0,0,0,0,0,0,0,0,-59000,0,0,0,0,59000,-59000,-59000
061353,康控元大9A購01  ,0,0,0,0,0,0,0,0,0,-59000,0,0,0,0,59000,-59000,-59000
061326,新日興凱基9B購01,0,0,0,0,0,0,0,0,0,-59000,0,0,0,10000,69000,-59000,-59000
062085,同欣電元大9B購01,0,0,0,0,0,0,0,0,0,-59000,0,0,0,62000,121000,-59000,-59000
061454,國巨凱基9A購16  ,0,0,0,0,0,0,0,0,0,-59000,0,0,0,12000,71000,-59000,-59000
060238,強茂元大9C購01  ,0,0,0,0,0,0,0,0,0,-59000,0,0,0,6000,65000,-59000,-59000
062233,神隆凱基9B購01  ,0,0,0,0,0,0,0,0,0,-59000,0,0,0,11000,70000,-59000,-59000
061948,美食群益9B購01  ,0,0,0,0,0,0,0,0,0,-59000,0,0,0,0,59000,-59000,-59000
065167,華通元大02購01  ,0,0,0,0,0,0,0,0,0,-59000,0,0,0,35000,94000,-59000,-59000
065033,和碩兆豐9C購01  ,0,0,0,0,0,0,0,0,0,-59000,0,0,0,1000,60000,-59000,-59000
065413,玉晶光永豐9C購10,0,0,0,0,0,0,0,0,0,-59000,0,0,0,25000,84000,-59000,-59000
065979,立積元大03購01  ,0,0,0,0,0,0,0,0,0,-59000,0,0,0,116000,175000,-59000,-59000
067670,微星元大01購06  ,0,0,0,0,0,0,0,0,0,-60000,0,0,0,10000,70000,-60000,-60000
07100P,華航元大99售01  ,0,0,0,0,0,0,0,0,0,-60000,0,0,0,0,60000,-60000,-60000
066893,技嘉兆豐01購02  ,0,0,0,0,0,0,0,0,0,-60000,0,0,0,100000,160000,-60000,-60000
066866,滬深2X元富01購03,0,0,0,0,0,0,0,0,0,-60000,0,0,0,0,60000,-60000,-60000
067016,康控富邦04購01  ,0,0,0,0,0,0,0,0,0,-60000,0,0,0,100000,160000,-60000,-60000
063911,大立光凱基9C購03,0,0,0,0,0,0,0,0,0,-60000,0,0,0,71000,131000,-60000,-60000
063978,美食兆豐9C購01  ,0,0,0,0,0,0,0,0,0,-60000,0,0,0,0,60000,-60000,-60000
064232,鴻海統一01購04  ,0,0,0,0,0,0,0,0,0,-60000,0,0,0,45000,105000,-60000,-60000
064294,和大中信9C購01  ,0,0,0,0,0,0,0,0,0,-60000,0,0,0,10000,70000,-60000,-60000
08194P,同欣電國票9C售03,0,0,0,0,0,0,0,0,0,-60000,0,0,0,0,60000,-60000,-60000
08081P,台灣50元大9B售20,0,0,0,0,0,0,0,0,0,-60000,0,0,0,0,60000,-60000,-60000
07427P,台積電國票9B售02,0,0,0,0,0,0,0,0,0,-60000,0,0,0,0,60000,-60000,-60000
07891P,臺股指國票9B售01,0,0,0,0,0,0,0,0,0,-60000,0,0,0,50000,110000,-60000,-60000
07820P,臺股指國票9A售11,0,0,0,0,0,0,0,0,0,-60000,0,0,0,0,60000,-60000,-60000
07673P,電子類元大9A售01,0,0,0,0,0,0,0,0,0,-60000,0,0,0,0,60000,-60000,-60000
056410,康控國票99購01  ,0,0,0,0,0,0,0,0,0,-60000,0,0,0,114000,174000,-60000,-60000
058369,亞光凱基99購02  ,0,0,0,0,0,0,0,0,0,-60000,0,0,0,0,60000,-60000,-60000
053394,鴻海中信9A購01  ,0,0,0,0,0,0,0,0,0,-60000,0,0,0,0,60000,-60000,-60000
052203,T50反1中信99購03,0,0,0,0,0,0,0,0,0,-60000,0,0,0,0,60000,-60000,-60000
052890,FB上証群益9B購01,0,0,0,0,0,0,0,0,0,-60000,0,0,0,170000,230000,-60000,-60000
056892,旺宏元大9A購02  ,0,0,0,0,0,0,0,0,0,-60000,0,0,0,40000,100000,-60000,-60000
056850,彩晶元富99購01  ,0,0,0,0,0,0,0,0,0,-60000,0,0,0,0,60000,-60000,-60000
03017X,元展17          ,0,0,0,0,0,0,0,0,0,-60000,0,0,0,0,60000,-60000,-60000
059051,和大凱基9A購01  ,0,0,0,0,0,0,0,0,0,-60000,0,0,0,0,60000,-60000,-60000
061877,貿聯元大9B購01  ,0,0,0,0,0,0,0,0,0,-60000,0,0,0,0,60000,-60000,-60000
061900,志超永豐9B購01  ,0,0,0,0,0,0,0,0,0,-60000,0,0,0,66000,126000,-60000,-60000
061988,大立光元大9B購04,0,0,0,0,0,0,0,0,0,-60000,0,0,0,0,60000,-60000,-60000
061713,華邦電凱基9A購01,0,0,0,0,0,0,0,0,0,-60000,0,0,0,0,60000,-60000,-60000
060285,聯電元大9C購01  ,0,0,0,0,0,0,0,0,0,-60000,0,0,0,0,60000,-60000,-60000
061605,華新科凱基9A購14,0,0,0,0,0,0,0,0,0,-60000,0,0,0,0,60000,-60000,-60000
059531,華新科凱基9B購02,0,0,0,0,0,0,0,0,0,-60000,0,0,0,0,60000,-60000,-60000
060801,滬深2X中信01購01,0,0,0,0,0,0,0,0,0,-60000,0,0,0,0,60000,-60000,-60000
060422,台勝科永豐9A購01,0,0,0,0,0,0,0,0,0,-60000,0,0,0,0,60000,-60000,-60000
062400,晶豪科永豐9B購02,0,0,0,0,0,0,0,0,0,-60000,0,0,0,0,60000,-60000,-60000
063432,金寶元富9B購01  ,0,0,0,0,0,0,0,0,0,-60000,0,0,0,10000,70000,-60000,-60000
066549,京元電元大01購03,0,0,0,0,0,0,0,0,0,-60000,0,0,0,73000,133000,-60000,-60000
066186,台郡凱基02購01  ,0,0,0,0,0,0,0,0,0,-60000,0,0,0,0,60000,-60000,-60000
066215,惠特統一04購01  ,0,0,0,0,0,0,0,0,0,-60000,0,0,0,0,60000,-60000,-60000
066224,眾達國泰03購01  ,0,0,0,0,0,0,0,0,0,-60000,0,0,0,22000,82000,-60000,-60000
065003,燿華國票01購01  ,0,0,0,0,0,0,0,0,0,-60000,0,0,0,0,60000,-60000,-60000
065124,燿華永豐9C購03  ,0,0,0,0,0,0,0,0,0,-60000,0,0,0,0,60000,-60000,-60000
064424,華新科兆豐01購01,0,0,0,0,0,0,0,0,0,-60000,0,0,0,0,60000,-60000,-60000
6668,中揚光          ,175000,235000,-60000,0,0,0,0,0,0,0,0,0,0,0,0,0,-60000
08383P,智邦群益9C售03  ,0,0,0,0,0,0,0,0,0,-60000,0,0,0,0,60000,-60000,-60000
08380P,GIS元大9C售06   ,0,0,0,0,0,0,0,0,0,-60000,0,0,0,10000,70000,-60000,-60000
08685P,南電凱基01售03  ,0,0,0,0,0,0,0,0,0,-60000,0,0,0,0,60000,-60000,-60000
08599P,台表科元大9C售11,0,0,0,0,0,0,0,0,0,-60000,0,0,0,57000,117000,-60000,-60000
07248P,可成凱基99售06  ,0,0,0,0,0,0,0,0,0,-61000,0,0,0,0,61000,-61000,-61000
08093P,英業達元富9B售02,0,0,0,0,0,0,0,0,0,-61000,0,0,0,0,61000,-61000,-61000
08233P,國泰金元富9B售01,0,0,0,0,0,0,0,0,0,-61000,0,0,0,27000,88000,-61000,-61000
067648,國巨元富07購09  ,0,0,0,0,0,0,0,0,0,-61000,0,0,0,0,61000,-61000,-61000
062924,世紀鋼元大9C購04,0,0,0,0,0,0,0,0,0,-61000,0,0,0,100000,161000,-61000,-61000
062578,超眾群益9B購01  ,0,0,0,0,0,0,0,0,0,-61000,0,0,0,0,61000,-61000,-61000
058410,國巨兆豐99購03  ,0,0,0,0,0,0,0,0,0,-61000,0,0,0,58000,119000,-61000,-61000
058390,樺漢國票9A購01  ,0,0,0,0,0,0,0,0,0,-61000,0,0,0,6000,67000,-61000,-61000
057165,國巨元大99購05  ,0,0,0,0,0,0,0,0,0,-61000,0,0,0,0,61000,-61000,-61000
063099,臺指反群益9B購05,0,0,0,0,0,0,0,0,0,-61000,0,0,0,0,61000,-61000,-61000
062195,聚陽中信9C購01  ,0,0,0,0,0,0,0,0,0,-61000,0,0,0,40000,101000,-61000,-61000
060248,日月光元大9A購01,0,0,0,0,0,0,0,0,0,-61000,0,0,0,9000,70000,-61000,-61000
065436,力成凱基02購01  ,0,0,0,0,0,0,0,0,0,-61000,0,0,0,0,61000,-61000,-61000
08608P,臺股指富邦9C售06,0,0,0,0,0,0,0,0,0,-61000,0,0,0,0,61000,-61000,-61000
08864P,欣興元大01售01  ,0,0,0,0,0,0,0,0,0,-61000,0,0,0,8000,69000,-61000,-61000
3094,聯傑            ,166000,228000,-62000,0,0,0,0,0,0,1000,1000,0,1000,0,0,0,-61000
5215,科嘉-KY         ,381000,569000,-188000,0,0,0,30000,0,30000,97000,101000,4000,97000,0,0,0,-61000
067449,微星國票02購02  ,0,0,0,0,0,0,0,0,0,-62000,0,0,0,0,62000,-62000,-62000
066908,聯發科凱基03購05,0,0,0,0,0,0,0,0,0,-62000,0,0,0,25000,87000,-62000,-62000
064036,矽創元大9C購01  ,0,0,0,0,0,0,0,0,0,-62000,0,0,0,45000,107000,-62000,-62000
064122,國巨元大9C購17  ,0,0,0,0,0,0,0,0,0,-62000,0,0,0,6000,68000,-62000,-62000
056266,開發金統一9A購01,0,0,0,0,0,0,0,0,0,-62000,0,0,0,7000,69000,-62000,-62000
059917,華新科元大99購19,0,0,0,0,0,0,0,0,0,-62000,0,0,0,15000,77000,-62000,-62000
063053,聯發科統一01購04,0,0,0,0,0,0,0,0,0,-62000,0,0,0,11000,73000,-62000,-62000
063460,智邦元大9B購08  ,0,0,0,0,0,0,0,0,0,-62000,0,0,0,56000,118000,-62000,-62000
063233,國巨元大9B購19  ,0,0,0,0,0,0,0,0,0,-62000,0,0,0,0,62000,-62000,-62000
062402,台勝科永豐9B購02,0,0,0,0,0,0,0,0,0,-62000,0,0,0,0,62000,-62000,-62000
062460,京鼎群益9C購01  ,0,0,0,0,0,0,0,0,0,-62000,0,0,0,20000,82000,-62000,-62000
060978,國巨元大9A購13  ,0,0,0,0,0,0,0,0,0,-62000,0,0,0,30000,92000,-62000,-62000
065999,燿華國票02購01  ,0,0,0,0,0,0,0,0,0,-62000,0,0,0,0,62000,-62000,-62000
3702A,大聯大甲特      ,4000,6000,-2000,0,0,0,0,0,0,-60000,0,60000,-60000,0,0,0,-62000
08544P,和碩國票01售02  ,0,0,0,0,0,0,0,0,0,-62000,0,0,0,69000,131000,-62000,-62000
067067,國巨元大01購08  ,0,0,0,0,0,0,0,0,0,-63000,0,0,0,20000,83000,-63000,-63000
067076,聯詠元大01購05  ,0,0,0,0,0,0,0,0,0,-63000,0,0,0,125000,188000,-63000,-63000
067537,大立光群益02購04,0,0,0,0,0,0,0,0,0,-63000,0,0,0,0,63000,-63000,-63000
058397,大成鋼元大99購02,0,0,0,0,0,0,0,0,0,-63000,0,0,0,0,63000,-63000,-63000
056655,旺宏元大99購02  ,0,0,0,0,0,0,0,0,0,-63000,0,0,0,20000,83000,-63000,-63000
062632,嘉晶國票9B購01  ,0,0,0,0,0,0,0,0,0,-63000,0,0,0,16000,79000,-63000,-63000
057982,帆宣永豐98購01  ,0,0,0,0,0,0,0,0,0,-63000,0,0,0,0,63000,-63000,-63000
057629,泰碩永豐98購02  ,0,0,0,0,0,0,0,0,0,-63000,0,0,0,0,63000,-63000,-63000
057672,茂林元大98購02  ,0,0,0,0,0,0,0,0,0,-63000,0,0,0,10000,73000,-63000,-63000
060720,嘉聯益永豐9A購02,0,0,0,0,0,0,0,0,0,-63000,0,0,0,121000,184000,-63000,-63000
063422,奇鋐凱基9B購04  ,0,0,0,0,0,0,0,0,0,-63000,0,0,0,72000,135000,-63000,-63000
066008,大立光統一03購02,0,0,0,0,0,0,0,0,0,-63000,0,0,0,20000,83000,-63000,-63000
065587,亞德客永豐9C購02,0,0,0,0,0,0,0,0,0,-63000,0,0,0,0,63000,-63000,-63000
065705,嘉晶群益9C購05  ,0,0,0,0,0,0,0,0,0,-63000,0,0,0,124000,187000,-63000,-63000
064860,聯發科富邦03購01,0,0,0,0,0,0,0,0,0,-63000,0,0,0,17000,80000,-63000,-63000
064349,泰鼎元大9C購02  ,0,0,0,0,0,0,0,0,0,-63000,0,0,0,118000,181000,-63000,-63000
08407P,臺股指元大9C售13,0,0,0,0,0,0,0,0,0,-63000,0,0,0,0,63000,-63000,-63000
067441,儒鴻國票02購01  ,0,0,0,0,0,0,0,0,0,-64000,0,0,0,30000,94000,-64000,-64000
067669,金像電元大02購03,0,0,0,0,0,0,0,0,0,-64000,0,0,0,0,64000,-64000,-64000
067636,復盛永豐01購01  ,0,0,0,0,0,0,0,0,0,-64000,0,0,0,0,64000,-64000,-64000
066672,瑞祺凱基03購01  ,0,0,0,0,0,0,0,0,0,-64000,0,0,0,0,64000,-64000,-64000
063894,漢唐群益9C購01  ,0,0,0,0,0,0,0,0,0,-64000,0,0,0,20000,84000,-64000,-64000
08229P,祥碩國票9B售04  ,0,0,0,0,0,0,0,0,0,-64000,0,0,0,168000,232000,-64000,-64000
058048,群創元大9B購07  ,0,0,0,0,0,0,0,0,0,-64000,0,0,0,0,64000,-64000,-64000
059143,國巨國票9A購04  ,0,0,0,0,0,0,0,0,0,-64000,0,0,0,17000,81000,-64000,-64000
058495,元大金群益9B購01,0,0,0,0,0,0,0,0,0,-64000,0,0,0,0,64000,-64000,-64000
055919,景碩凱基98購02  ,0,0,0,0,0,0,0,0,0,-64000,0,0,0,0,64000,-64000,-64000
060942,智邦國票9A購02  ,0,0,0,0,0,0,0,0,0,-64000,0,0,0,0,64000,-64000,-64000
061303,玉晶光永豐9B購03,0,0,0,0,0,0,0,0,0,-64000,0,0,0,20000,84000,-64000,-64000
062127,台勝科統一01購02,0,0,0,0,0,0,0,0,0,-64000,0,0,0,0,64000,-64000,-64000
064441,嘉澤凱基9C購02  ,0,0,0,0,0,0,0,0,0,-64000,0,0,0,14000,78000,-64000,-64000
064923,牧德統一02購01  ,0,0,0,0,0,0,0,0,0,-64000,0,0,0,0,64000,-64000,-64000
065773,鴻海國票03購01  ,0,0,0,0,0,0,0,0,0,-64000,0,0,0,11000,75000,-64000,-64000
066370,帆宣中信01購01  ,0,0,0,0,0,0,0,0,0,-64000,0,0,0,10000,74000,-64000,-64000
066634,泰碩凱基02購02  ,0,0,0,0,0,0,0,0,0,-64000,0,0,0,0,64000,-64000,-64000
08428P,GIS國票01售01   ,0,0,0,0,0,0,0,0,0,-64000,0,0,0,20000,84000,-64000,-64000
064240,群創統一02購02  ,0,0,0,0,0,0,0,0,0,-65000,0,0,0,35000,100000,-65000,-65000
063128,智伸科元大9B購01,0,0,0,0,0,0,0,0,0,-65000,0,0,0,0,65000,-65000,-65000
066806,京鼎凱基02購01  ,0,0,0,0,0,0,0,0,0,-65000,0,0,0,20000,85000,-65000,-65000
067207,微星元大01購04  ,0,0,0,0,0,0,0,0,0,-65000,0,0,0,45000,110000,-65000,-65000
067255,日月光國票02購01,0,0,0,0,0,0,0,0,0,-65000,0,0,0,35000,100000,-65000,-65000
056468,鴻海元大98購07  ,0,0,0,0,0,0,0,0,0,-65000,0,0,0,0,65000,-65000,-65000
053294,聯發科中信9C購01,0,0,0,0,0,0,0,0,0,-65000,0,0,0,23000,88000,-65000,-65000
057763,康控凱基99購02  ,0,0,0,0,0,0,0,0,0,-65000,0,0,0,0,65000,-65000,-65000
061305,帆宣永豐9A購01  ,0,0,0,0,0,0,0,0,0,-65000,0,0,0,16000,81000,-65000,-65000
061819,茂林群益9B購01  ,0,0,0,0,0,0,0,0,0,-65000,0,0,0,149000,214000,-65000,-65000
065524,康控群益01購01  ,0,0,0,0,0,0,0,0,0,-65000,0,0,0,20000,85000,-65000,-65000
065891,聯發科統一02購03,0,0,0,0,0,0,0,0,0,-65000,0,0,0,51000,116000,-65000,-65000
065034,玉晶光統一01購11,0,0,0,0,0,0,0,0,0,-65000,0,0,0,19000,84000,-65000,-65000
08469P,富邦金凱基9C售01,0,0,0,0,0,0,0,0,0,-65000,0,0,0,20000,85000,-65000,-65000
3694,海華            ,140000,207000,-67000,0,0,0,0,0,0,2000,2000,0,2000,0,0,0,-65000
6598,ABC-KY          ,56000,121000,-65000,0,0,0,0,0,0,0,0,0,0,0,0,0,-65000
067042,旺宏凱基01購02  ,0,0,0,0,0,0,0,0,0,-66000,0,0,0,54000,120000,-66000,-66000
07011P,宏達電凱基99售02,0,0,0,0,0,0,0,0,0,-66000,0,0,0,0,66000,-66000,-66000
064098,正崴群益9C購01  ,0,0,0,0,0,0,0,0,0,-66000,0,0,0,13000,79000,-66000,-66000
064111,國巨國票02購02  ,0,0,0,0,0,0,0,0,0,-66000,0,0,0,10000,76000,-66000,-66000
07545P,玉晶光凱基9A售07,0,0,0,0,0,0,0,0,0,-66000,0,0,0,0,66000,-66000,-66000
059049,元油2X凱基9A購12,0,0,0,0,0,0,0,0,0,-66000,0,0,0,0,66000,-66000,-66000
062707,致伸元大9B購01  ,0,0,0,0,0,0,0,0,0,-66000,0,0,0,20000,86000,-66000,-66000
056535,全新凱基99購02  ,0,0,0,0,0,0,0,0,0,-66000,0,0,0,0,66000,-66000,-66000
055787,聯茂凱基99購01  ,0,0,0,0,0,0,0,0,0,-66000,0,0,0,7000,73000,-66000,-66000
061074,儒鴻兆豐9B購01  ,0,0,0,0,0,0,0,0,0,-66000,0,0,0,20000,86000,-66000,-66000
060931,GIS永豐9A購01   ,0,0,0,0,0,0,0,0,0,-66000,0,0,0,14000,80000,-66000,-66000
063224,泰鼎群益9B購02  ,0,0,0,0,0,0,0,0,0,-66000,0,0,0,30000,96000,-66000,-66000
060437,宏全永豐9A購01  ,0,0,0,0,0,0,0,0,0,-66000,0,0,0,0,66000,-66000,-66000
064882,同欣電兆豐9C購01,0,0,0,0,0,0,0,0,0,-66000,0,0,0,10000,76000,-66000,-66000
064367,貿聯統一01購02  ,0,0,0,0,0,0,0,0,0,-66000,0,0,0,74000,140000,-66000,-66000
065879,瑞祺群益9C購02  ,0,0,0,0,0,0,0,0,0,-66000,0,0,0,0,66000,-66000,-66000
065588,聯發科永豐9C購02,0,0,0,0,0,0,0,0,0,-66000,0,0,0,134000,200000,-66000,-66000
066403,台郡凱基01購02  ,0,0,0,0,0,0,0,0,0,-66000,0,0,0,0,66000,-66000,-66000
07381P,鴻海群益99售05  ,0,0,0,0,0,0,0,0,0,-67000,0,0,0,0,67000,-67000,-67000
08334P,智邦永豐9C售01  ,0,0,0,0,0,0,0,0,0,-67000,0,0,0,33000,100000,-67000,-67000
056659,泰碩元大99購01  ,0,0,0,0,0,0,0,0,0,-67000,0,0,0,2000,69000,-67000,-67000
00757,統一FANG+       ,0,1000,-1000,0,0,0,0,0,0,-66000,0,0,0,201000,267000,-66000,-67000
057442,玉晶光統一98購03,0,0,0,0,0,0,0,0,0,-67000,0,0,0,55000,122000,-67000,-67000
063194,華新科台新9B購01,0,0,0,0,0,0,0,0,0,-67000,0,0,0,0,67000,-67000,-67000
062386,京鼎國泰9C購01  ,0,0,0,0,0,0,0,0,0,-67000,0,0,0,47000,114000,-67000,-67000
060333,金寶康和9A購01  ,0,0,0,0,0,0,0,0,0,-67000,0,0,0,2000,69000,-67000,-67000
061366,台勝科國票9A購01,0,0,0,0,0,0,0,0,0,-67000,0,0,0,68000,135000,-67000,-67000
066303,泰山永豐01購01  ,0,0,0,0,0,0,0,0,0,-67000,0,0,0,58000,125000,-67000,-67000
066514,盟立永豐01購01  ,0,0,0,0,0,0,0,0,0,-67000,0,0,0,5000,72000,-67000,-67000
066430,台郡元大01購01  ,0,0,0,0,0,0,0,0,0,-67000,0,0,0,5000,72000,-67000,-67000
064391,亞德客永豐9C購01,0,0,0,0,0,0,0,0,0,-67000,0,0,0,1000,68000,-67000,-67000
064437,可成凱基02購01  ,0,0,0,0,0,0,0,0,0,-67000,0,0,0,18000,85000,-67000,-67000
064826,南亞科統一01購03,0,0,0,0,0,0,0,0,0,-67000,0,0,0,0,67000,-67000,-67000
6112,聚碩            ,59000,78000,-19000,0,0,0,0,0,0,-48000,1000,0,1000,0,49000,-49000,-67000
1708,東鹼            ,71000,138000,-67000,0,0,0,0,0,0,0,1000,1000,0,0,0,0,-67000
08412P,群創凱基01售03  ,0,0,0,0,0,0,0,0,0,-67000,0,0,0,10000,77000,-67000,-67000
064037,寶成元大9C購02  ,0,0,0,0,0,0,0,0,0,-68000,0,0,0,75000,143000,-68000,-68000
067625,欣興富邦03購01  ,0,0,0,0,0,0,0,0,0,-68000,0,0,0,1000,69000,-68000,-68000
066946,京元電元大01購04,0,0,0,0,0,0,0,0,0,-68000,0,0,0,10000,78000,-68000,-68000
066885,牧德永豐01購02  ,0,0,0,0,0,0,0,0,0,-68000,0,0,0,0,68000,-68000,-68000
057531,禾伸堂元大99購04,0,0,0,0,0,0,0,0,0,-68000,0,0,0,0,68000,-68000,-68000
058569,健策凱基9A購01  ,0,0,0,0,0,0,0,0,0,-68000,0,0,0,10000,78000,-68000,-68000
062744,超眾國泰9C購01  ,0,0,0,0,0,0,0,0,0,-68000,0,0,0,0,68000,-68000,-68000
061991,牧德元大9C購01  ,0,0,0,0,0,0,0,0,0,-68000,0,0,0,0,68000,-68000,-68000
062356,國巨元大9B購10  ,0,0,0,0,0,0,0,0,0,-68000,0,0,0,0,68000,-68000,-68000
061899,復盛永豐9B購01  ,0,0,0,0,0,0,0,0,0,-68000,0,0,0,0,68000,-68000,-68000
061279,鴻海統一9C購04  ,0,0,0,0,0,0,0,0,0,-68000,0,0,0,0,68000,-68000,-68000
060919,滬深2X富邦9B購01,0,0,0,0,0,0,0,0,0,-68000,0,0,0,3000,71000,-68000,-68000
064788,台汽電群益9C購01,0,0,0,0,0,0,0,0,0,-68000,0,0,0,217000,285000,-68000,-68000
064507,臻鼎元大9C購02  ,0,0,0,0,0,0,0,0,0,-68000,0,0,0,0,68000,-68000,-68000
064366,群創統一01購01  ,0,0,0,0,0,0,0,0,0,-68000,0,0,0,0,68000,-68000,-68000
064897,宏達電群益9C購02,0,0,0,0,0,0,0,0,0,-68000,0,0,0,30000,98000,-68000,-68000
065471,和大元大9C購05  ,0,0,0,0,0,0,0,0,0,-68000,0,0,0,0,68000,-68000,-68000
065188,玉晶光統一02購01,0,0,0,0,0,0,0,0,0,-68000,0,0,0,308000,376000,-68000,-68000
066664,嘉晶凱基02購01  ,0,0,0,0,0,0,0,0,0,-68000,0,0,0,101000,169000,-68000,-68000
065578,台郡群益9C購02  ,0,0,0,0,0,0,0,0,0,-68000,0,0,0,35000,103000,-68000,-68000
065809,同欣電群益9C購03,0,0,0,0,0,0,0,0,0,-68000,0,0,0,34000,102000,-68000,-68000
066092,億豐永豐01購01  ,0,0,0,0,0,0,0,0,0,-68000,0,0,0,0,68000,-68000,-68000
066965,鴻海元富07購07  ,0,0,0,0,0,0,0,0,0,-69000,0,0,0,0,69000,-69000,-69000
067621,友達國泰02購01  ,0,0,0,0,0,0,0,0,0,-69000,0,0,0,0,69000,-69000,-69000
08190P,宏達電元富9B售04,0,0,0,0,0,0,0,0,0,-69000,0,0,0,0,69000,-69000,-69000
061021,聯電國泰9B購01  ,0,0,0,0,0,0,0,0,0,-69000,0,0,0,5000,74000,-69000,-69000
059454,亞光永豐99購01  ,0,0,0,0,0,0,0,0,0,-69000,0,0,0,22000,91000,-69000,-69000
063251,同欣電元大9B購04,0,0,0,0,0,0,0,0,0,-69000,0,0,0,169000,238000,-69000,-69000
063024,祥碩元大9B購05  ,0,0,0,0,0,0,0,0,0,-69000,0,0,0,11000,80000,-69000,-69000
061950,日月光群益9B購01,0,0,0,0,0,0,0,0,0,-69000,0,0,0,26000,95000,-69000,-69000
061977,國巨元大9B購02  ,0,0,0,0,0,0,0,0,0,-69000,0,0,0,0,69000,-69000,-69000
062247,國巨元大9B購07  ,0,0,0,0,0,0,0,0,0,-69000,0,0,0,20000,89000,-69000,-69000
065956,緯創統一01購01  ,0,0,0,0,0,0,0,0,0,-69000,0,0,0,40000,109000,-69000,-69000
066373,美利達中信01購01,0,0,0,0,0,0,0,0,0,-69000,0,0,0,155000,224000,-69000,-69000
064789,和大國票01購01  ,0,0,0,0,0,0,0,0,0,-69000,0,0,0,35000,104000,-69000,-69000
08766P,臺股指中信03售03,0,0,0,0,0,0,0,0,0,-69000,0,0,0,10000,79000,-69000,-69000
4746,台耀            ,632000,701000,-69000,0,0,0,0,0,0,0,2000,2000,0,0,0,0,-69000
08134P,臺股指元大9B售40,0,0,0,0,0,0,0,0,0,-70000,0,0,0,40000,110000,-70000,-70000
08047P,臺股指國票9B售12,0,0,0,0,0,0,0,0,0,-70000,0,0,0,0,70000,-70000,-70000
07453P,台積電元大9A售05,0,0,0,0,0,0,0,0,0,-70000,0,0,0,0,70000,-70000,-70000
07513P,台積電元大9A售13,0,0,0,0,0,0,0,0,0,-70000,0,0,0,0,70000,-70000,-70000
07575P,瑞昱元大9A售02  ,0,0,0,0,0,0,0,0,0,-70000,0,0,0,0,70000,-70000,-70000
063910,漢唐凱基9C購01  ,0,0,0,0,0,0,0,0,0,-70000,0,0,0,0,70000,-70000,-70000
067613,康舒凱基01購01  ,0,0,0,0,0,0,0,0,0,-70000,0,0,0,0,70000,-70000,-70000
06917P,聯電亞東99售01  ,0,0,0,0,0,0,0,0,0,-70000,0,0,0,0,70000,-70000,-70000
067578,SP黃豆群益01購01,0,0,0,0,0,0,0,0,0,-70000,0,0,0,0,70000,-70000,-70000
066847,群創元大01購03  ,0,0,0,0,0,0,0,0,0,-70000,0,0,0,0,70000,-70000,-70000
067103,聯發科群益01購04,0,0,0,0,0,0,0,0,0,-70000,0,0,0,25000,95000,-70000,-70000
062716,鴻海凱基9B購06  ,0,0,0,0,0,0,0,0,0,-70000,0,0,0,32000,102000,-70000,-70000
062835,瑞儀群益9B購01  ,0,0,0,0,0,0,0,0,0,-70000,0,0,0,56000,126000,-70000,-70000
062906,全新元大9B購03  ,0,0,0,0,0,0,0,0,0,-70000,0,0,0,40000,110000,-70000,-70000
058981,國巨凱基99購10  ,0,0,0,0,0,0,0,0,0,-70000,0,0,0,0,70000,-70000,-70000
057997,旺宏第一9C購01  ,0,0,0,0,0,0,0,0,0,-70000,0,0,0,0,70000,-70000,-70000
057931,正崴群益98購02  ,0,0,0,0,0,0,0,0,0,-70000,0,0,0,0,70000,-70000,-70000
058748,景碩凱基9A購01  ,0,0,0,0,0,0,0,0,0,-70000,0,0,0,10000,80000,-70000,-70000
053799,矽創中信9A購01  ,0,0,0,0,0,0,0,0,0,-70000,0,0,0,0,70000,-70000,-70000
052764,景碩群益98購01  ,0,0,0,0,0,0,0,0,0,-70000,0,0,0,0,70000,-70000,-70000
057011,日月光中信99購01,0,0,0,0,0,0,0,0,0,-70000,0,0,0,0,70000,-70000,-70000
058463,宏達電兆豐99購02,0,0,0,0,0,0,0,0,0,-70000,0,0,0,5000,75000,-70000,-70000
062238,臻鼎凱基9C購01  ,0,0,0,0,0,0,0,0,0,-70000,0,0,0,20000,90000,-70000,-70000
060023,T50反1國泰9A購03,0,0,0,0,0,0,0,0,0,-70000,0,0,0,0,70000,-70000,-70000
062854,日電貿永豐9B購01,0,0,0,0,0,0,0,0,0,-70000,0,0,0,0,70000,-70000,-70000
063529,聯茂凱基9B購02  ,0,0,0,0,0,0,0,0,0,-70000,0,0,0,30000,100000,-70000,-70000
059533,富邦金凱基99購01,0,0,0,0,0,0,0,0,0,-70000,0,0,0,3000,73000,-70000,-70000
060806,華新科群益9A購03,0,0,0,0,0,0,0,0,0,-70000,0,0,0,8000,78000,-70000,-70000
06380P,臺股指統一98售02,0,0,0,0,0,0,0,0,0,-70000,0,0,0,0,70000,-70000,-70000
065212,瑞儀國票01購01  ,0,0,0,0,0,0,0,0,0,-70000,0,0,0,0,70000,-70000,-70000
065373,聯發科元大01購03,0,0,0,0,0,0,0,0,0,-70000,0,0,0,0,70000,-70000,-70000
065006,景碩國票01購01  ,0,0,0,0,0,0,0,0,0,-70000,0,0,0,28000,98000,-70000,-70000
065552,聯發科凱基9C購12,0,0,0,0,0,0,0,0,0,-70000,0,0,0,28000,98000,-70000,-70000
065676,臻鼎凱基9C購04  ,0,0,0,0,0,0,0,0,0,-70000,0,0,0,0,70000,-70000,-70000
08965P,台灣50元大01售30,0,0,0,0,0,0,0,0,0,-70000,0,0,0,0,70000,-70000,-70000
08636P,華通國票01售03  ,0,0,0,0,0,0,0,0,0,-70000,0,0,0,0,70000,-70000,-70000
067062,神隆元大01購02  ,0,0,0,0,0,0,0,0,0,-71000,0,0,0,56000,127000,-71000,-71000
066919,台積電麥證01購06,0,0,0,100000,171000,-71000,0,0,0,-71000,0,0,0,100000,171000,-71000,-71000
067488,群創元大03購01  ,0,0,0,0,0,0,0,0,0,-71000,0,0,0,0,71000,-71000,-71000
064051,新日興統一01購01,0,0,0,0,0,0,0,0,0,-71000,0,0,0,0,71000,-71000,-71000
08302P,長榮航國泰02售01,0,0,0,0,0,0,0,0,0,-71000,0,0,0,0,71000,-71000,-71000
056768,宏達電元大99購03,0,0,0,0,0,0,0,0,0,-71000,0,0,0,81000,152000,-71000,-71000
058344,旺宏群益99購05  ,0,0,0,0,0,0,0,0,0,-71000,0,0,0,0,71000,-71000,-71000
056469,國巨元大99購01  ,0,0,0,0,0,0,0,0,0,-71000,0,0,0,15000,86000,-71000,-71000
057548,微星凱基99購01  ,0,0,0,0,0,0,0,0,0,-71000,0,0,0,2000,73000,-71000,-71000
061038,TPK永豐9A購01   ,0,0,0,0,0,0,0,0,0,-71000,0,0,0,17000,88000,-71000,-71000
061287,大立光統一9B購06,0,0,0,0,0,0,0,0,0,-71000,0,0,0,0,71000,-71000,-71000
065899,神基麥證9C購02  ,0,0,0,0,71000,-71000,0,0,0,-71000,0,0,0,0,71000,-71000,-71000
065218,世芯國泰02購02  ,0,0,0,0,0,0,0,0,0,-71000,0,0,0,2000,73000,-71000,-71000
064504,玉晶光元大01購02,0,0,0,0,0,0,0,0,0,-71000,0,0,0,4000,75000,-71000,-71000
08927P,技嘉元富07售04  ,0,0,0,0,0,0,0,0,0,-71000,0,0,0,0,71000,-71000,-71000
08774P,華擎凱基01售02  ,0,0,0,0,0,0,0,0,0,-71000,0,0,0,17000,88000,-71000,-71000
1707,葡萄王          ,75000,151000,-76000,0,0,0,0,0,0,5000,1000,0,1000,4000,0,4000,-71000
08234P,華擎元富9B售03  ,0,0,0,0,0,0,0,0,0,-72000,0,0,0,151000,223000,-72000,-72000
067507,南亞科統一01購04,0,0,0,0,0,0,0,0,0,-72000,0,0,0,0,72000,-72000,-72000
067530,國巨群益01購09  ,0,0,0,0,0,0,0,0,0,-72000,0,0,0,11000,83000,-72000,-72000
066861,致新國票02購01  ,0,0,0,0,0,0,0,0,0,-72000,0,0,0,0,72000,-72000,-72000
067102,聯發科群益01購03,0,0,0,0,0,0,0,0,0,-72000,0,0,0,4000,76000,-72000,-72000
057828,緯穎元大99購02  ,0,0,0,0,0,0,0,0,0,-72000,0,0,0,154000,226000,-72000,-72000
05887P,友達元富99售03  ,0,0,0,0,0,0,0,0,0,-72000,0,0,0,10000,82000,-72000,-72000
058174,台積電凱基9A購05,0,0,0,0,0,0,0,0,0,-72000,0,0,0,0,72000,-72000,-72000
056366,玉晶光元大99購04,0,0,0,0,0,0,0,0,0,-72000,0,0,0,14000,86000,-72000,-72000
055443,台虹國票98購01  ,0,0,0,0,0,0,0,0,0,-72000,0,0,0,10000,82000,-72000,-72000
059742,富邦金元富99購01,0,0,0,0,0,0,0,0,0,-72000,0,0,0,0,72000,-72000,-72000
062234,廣達凱基9B購01  ,0,0,0,0,0,0,0,0,0,-72000,0,0,0,32000,104000,-72000,-72000
062393,智邦富邦9B購01  ,0,0,0,0,0,0,0,0,0,-72000,0,0,0,88000,160000,-72000,-72000
063526,台光電凱基9B購04,0,0,0,0,0,0,0,0,0,-72000,0,0,0,36000,108000,-72000,-72000
063321,泰鼎群益9B購03  ,0,0,0,0,0,0,0,0,0,-72000,0,0,0,49000,121000,-72000,-72000
065085,聯發科元大01購02,0,0,0,0,0,0,0,0,0,-72000,0,0,0,34000,106000,-72000,-72000
065142,華邦電凱基01購01,0,0,0,0,0,0,0,0,0,-72000,0,0,0,80000,152000,-72000,-72000
064880,神達兆豐9C購01  ,0,0,0,0,0,0,0,0,0,-72000,0,0,0,5000,77000,-72000,-72000
2387,精元            ,287000,308000,-21000,0,0,0,0,0,0,-51000,50000,70000,-20000,14000,45000,-31000,-72000
08840P,臺股指麥證01售07,0,0,0,30000,102000,-72000,0,0,0,-72000,0,0,0,30000,102000,-72000,-72000
062778,國巨元大9B購17  ,0,0,0,0,0,0,0,0,0,-73000,0,0,0,17000,90000,-73000,-73000
063516,香港反凱基03購01,0,0,0,0,0,0,0,0,0,-73000,0,0,0,50000,123000,-73000,-73000
060897,健策凱基9A購04  ,0,0,0,0,0,0,0,0,0,-73000,0,0,0,0,73000,-73000,-73000
061077,國巨兆豐9B購01  ,0,0,0,0,0,0,0,0,0,-73000,0,0,0,63000,136000,-73000,-73000
059292,華新科元富9B購02,0,0,0,0,0,0,0,0,0,-73000,0,0,0,39000,112000,-73000,-73000
063077,巨大永豐9B購03  ,0,0,0,0,0,0,0,0,0,-73000,0,0,0,0,73000,-73000,-73000
065179,同欣電元大02購01,0,0,0,0,0,0,0,0,0,-73000,0,0,0,65000,138000,-73000,-73000
065432,景碩凱基9C購03  ,0,0,0,0,0,0,0,0,0,-73000,0,0,0,296000,369000,-73000,-73000
064399,和大凱基02購01  ,0,0,0,0,0,0,0,0,0,-73000,0,0,0,0,73000,-73000,-73000
064518,華新科群益02購01,0,0,0,0,0,0,0,0,0,-73000,0,0,0,7000,80000,-73000,-73000
065609,嘉澤元大01購02  ,0,0,0,0,0,0,0,0,0,-73000,0,0,0,131000,204000,-73000,-73000
3024,憶聲            ,199000,272000,-73000,0,0,0,0,0,0,0,0,0,0,0,0,0,-73000
062828,聯詠群益9B購02  ,0,0,0,0,0,0,0,0,0,-74000,0,0,0,12000,86000,-74000,-74000
062891,台汽電群益9B購01,0,0,0,0,0,0,0,0,0,-74000,0,0,0,20000,94000,-74000,-74000
058811,台積電統一9A購05,0,0,0,0,0,0,0,0,0,-74000,0,0,0,100000,174000,-74000,-74000
057671,群創元大9B購06  ,0,0,0,0,0,0,0,0,0,-74000,0,0,0,0,74000,-74000,-74000
058521,日月光元大99購01,0,0,0,0,0,0,0,0,0,-74000,0,0,0,61000,135000,-74000,-74000
053185,友達中信99購01  ,0,0,0,0,0,0,0,0,0,-74000,0,0,0,0,74000,-74000,-74000
061488,奇力新兆豐9A購01,0,0,0,0,0,0,0,0,0,-74000,0,0,0,20000,94000,-74000,-74000
062172,南六永豐9B購01  ,0,0,0,0,0,0,0,0,0,-74000,0,0,0,142000,216000,-74000,-74000
060640,京鼎永豐9A購01  ,0,0,0,0,0,0,0,0,0,-74000,0,0,0,0,74000,-74000,-74000
063252,緯穎元大9B購07  ,0,0,0,0,0,0,0,0,0,-74000,0,0,0,16000,90000,-74000,-74000
063237,微星元大9B購02  ,0,0,0,0,0,0,0,0,0,-74000,0,0,0,17000,91000,-74000,-74000
065176,玉晶光元大01購04,0,0,0,0,0,0,0,0,0,-74000,0,0,0,15000,89000,-74000,-74000
067253,精元國票01購01  ,0,0,0,0,0,0,0,0,0,-75000,0,0,0,46000,121000,-75000,-75000
066904,台積電凱基02購10,0,0,0,0,0,0,0,0,0,-75000,0,0,0,60000,135000,-75000,-75000
067503,聚陽統一03購01  ,0,0,0,0,0,0,0,0,0,-75000,0,0,0,85000,160000,-75000,-75000
067386,巨大統一02購02  ,0,0,0,0,0,0,0,0,0,-75000,0,0,0,106000,181000,-75000,-75000
08303P,聯發科富邦9C售05,0,0,0,0,0,0,0,0,0,-75000,0,0,0,0,75000,-75000,-75000
063883,超眾元富9C購02  ,0,0,0,0,0,0,0,0,0,-75000,0,0,0,20000,95000,-75000,-75000
063941,國巨元大9C購12  ,0,0,0,0,0,0,0,0,0,-75000,0,0,0,11000,86000,-75000,-75000
063650,矽創元大9B購03  ,0,0,0,0,0,0,0,0,0,-75000,0,0,0,25000,100000,-75000,-75000
054549,台積電凱基98購01,0,0,0,0,0,0,0,0,0,-75000,0,0,0,0,75000,-75000,-75000
060505,友達元大9C購05  ,0,0,0,0,0,0,0,0,0,-75000,0,0,0,0,75000,-75000,-75000
059506,滬深2X永豐99購04,0,0,0,0,0,0,0,0,0,-75000,0,0,0,0,75000,-75000,-75000
061410,緯穎國票9A購03  ,0,0,0,0,0,0,0,0,0,-75000,0,0,0,33000,108000,-75000,-75000
06453P,群創元大9B售02  ,0,0,0,0,0,0,0,0,0,-75000,0,0,0,20000,95000,-75000,-75000
064575,鈺齊群益9C購01  ,0,0,0,0,0,0,0,0,0,-75000,0,0,0,80000,155000,-75000,-75000
064577,大立光國泰02購01,0,0,0,0,0,0,0,0,0,-75000,0,0,0,0,75000,-75000,-75000
065924,東元國票02購01  ,0,0,0,0,0,0,0,0,0,-75000,0,0,0,0,75000,-75000,-75000
066061,超眾元大01購04  ,0,0,0,0,0,0,0,0,0,-75000,0,0,0,102000,177000,-75000,-75000
066139,拓凱群益01購01  ,0,0,0,0,0,0,0,0,0,-75000,0,0,0,28000,103000,-75000,-75000
2380,虹光            ,31000,106000,-75000,0,0,0,0,0,0,0,0,0,0,0,0,0,-75000
08585P,台表科群益9C售04,0,0,0,0,0,0,0,0,0,-75000,0,0,0,10000,85000,-75000,-75000
08680P,聯發科元大01售10,0,0,0,0,0,0,0,0,0,-75000,0,0,0,0,75000,-75000,-75000
067451,嘉晶國票02購01  ,0,0,0,0,0,0,0,0,0,-76000,0,0,0,12000,88000,-76000,-76000
062640,訊連國票9C購01  ,0,0,0,0,0,0,0,0,0,-76000,0,0,0,257000,333000,-76000,-76000
061387,鴻海群益9A購05  ,0,0,0,0,0,0,0,0,0,-76000,0,0,0,37000,113000,-76000,-76000
059949,啟碁永豐99購01  ,0,0,0,0,0,0,0,0,0,-76000,0,0,0,64000,140000,-76000,-76000
059950,百和永豐99購02  ,0,0,0,0,0,0,0,0,0,-76000,0,0,0,22000,98000,-76000,-76000
059529,華新科凱基9A購04,0,0,0,0,0,0,0,0,0,-76000,0,0,0,39000,115000,-76000,-76000
060987,華新科元大9A購11,0,0,0,0,0,0,0,0,0,-76000,0,0,0,8000,84000,-76000,-76000
063218,台塑群益9B購01  ,0,0,0,0,0,0,0,0,0,-76000,0,0,0,0,76000,-76000,-76000
066419,聯發科元大01購11,0,0,0,0,0,0,0,0,0,-76000,0,0,0,95000,171000,-76000,-76000
066049,奇鋐元大02購01  ,0,0,0,0,0,0,0,0,0,-76000,0,0,0,17000,93000,-76000,-76000
067500,台表科元大01購03,0,0,0,0,0,0,0,0,0,-77000,0,0,0,84000,161000,-77000,-77000
07845P,南亞科元大9A售08,0,0,0,0,0,0,0,0,0,-77000,0,0,0,100000,177000,-77000,-77000
059008,鈺齊元大99購03  ,0,0,0,0,0,0,0,0,0,-77000,0,0,0,90000,167000,-77000,-77000
057667,可成元大99購01  ,0,0,0,0,0,0,0,0,0,-77000,0,0,0,43000,120000,-77000,-77000
057102,亞光中信9A購01  ,0,0,0,0,0,0,0,0,0,-77000,0,0,0,6000,83000,-77000,-77000
057051,群創元大9B購03  ,0,0,0,0,0,0,0,0,0,-77000,0,0,0,0,77000,-77000,-77000
060127,牧德永豐99購02  ,0,0,0,0,0,0,0,0,0,-77000,0,0,0,0,77000,-77000,-77000
060004,臺指反群益9A購01,0,0,0,0,0,0,0,0,0,-77000,0,0,0,0,77000,-77000,-77000
061483,TPK元大9A購01   ,0,0,0,0,0,0,0,0,0,-77000,0,0,0,137000,214000,-77000,-77000
062285,台勝科群益9B購01,0,0,0,0,0,0,0,0,0,-77000,0,0,0,0,77000,-77000,-77000
065415,台積電兆豐9C購05,0,0,0,0,0,0,0,0,0,-77000,0,0,0,175000,252000,-77000,-77000
065394,英業達群益9C購01,0,0,0,0,0,0,0,0,0,-77000,0,0,0,33000,110000,-77000,-77000
064979,華擎元大9C購04  ,0,0,0,0,0,0,0,0,0,-77000,0,0,0,146000,223000,-77000,-77000
08205P,智邦凱基9B售03  ,0,0,0,0,0,0,0,0,0,-78000,0,0,0,0,78000,-78000,-78000
056395,玉晶光永豐9B購01,0,0,0,0,0,0,0,0,0,-78000,0,0,0,75000,153000,-78000,-78000
062265,南茂元大9B購01  ,0,0,0,0,0,0,0,0,0,-78000,0,0,0,8000,86000,-78000,-78000
061137,晶技統一9B購01  ,0,0,0,0,0,0,0,0,0,-78000,0,0,0,251000,329000,-78000,-78000
060745,京元電國票9A購01,0,0,0,0,0,0,0,0,0,-78000,0,0,0,41000,119000,-78000,-78000
065252,玉晶光永豐9C購08,0,0,0,0,0,0,0,0,0,-78000,0,0,0,322000,400000,-78000,-78000
063738,奇鋐元大9B購03  ,0,0,0,0,0,0,0,0,0,-78000,0,0,0,92000,170000,-78000,-78000
065815,微星元富9C購01  ,0,0,0,0,0,0,0,0,0,-78000,0,0,0,27000,105000,-78000,-78000
066432,南六元大01購02  ,0,0,0,0,0,0,0,0,0,-78000,0,0,0,75000,153000,-78000,-78000
066161,力山凱基01購01  ,0,0,0,0,0,0,0,0,0,-78000,0,0,0,74000,152000,-78000,-78000
6224,聚鼎            ,140000,250000,-110000,0,0,0,0,0,0,32000,82000,50000,32000,0,0,0,-78000
07836P,大成鋼元大9A售01,0,0,0,0,0,0,0,0,0,-79000,0,0,0,0,79000,-79000,-79000
064154,大立光統一01購04,0,0,0,0,0,0,0,0,0,-79000,0,0,0,5000,84000,-79000,-79000
063983,麗豐兆豐9C購01  ,0,0,0,0,0,0,0,0,0,-79000,0,0,0,51000,130000,-79000,-79000
064022,台積電元大9C購07,0,0,0,0,0,0,0,0,0,-79000,0,0,0,0,79000,-79000,-79000
067322,達方元大01購01  ,0,0,0,0,0,0,0,0,0,-79000,0,0,0,192000,271000,-79000,-79000
056479,玉晶光元大99購05,0,0,0,0,0,0,0,0,0,-79000,0,0,0,7000,86000,-79000,-79000
055681,奇鋐凱基98購03  ,0,0,0,0,0,0,0,0,0,-79000,0,0,0,104000,183000,-79000,-79000
060375,葡萄王元富9A購01,0,0,0,0,0,0,0,0,0,-79000,0,0,0,35000,114000,-79000,-79000
063292,致新元大9B購02  ,0,0,0,0,0,0,0,0,0,-79000,0,0,0,91000,170000,-79000,-79000
061342,華新科元大9A購17,0,0,0,0,0,0,0,0,0,-79000,0,0,0,21000,100000,-79000,-79000
066416,台積電元大01購12,0,0,0,0,0,0,0,0,0,-79000,0,0,0,0,79000,-79000,-79000
067369,瑞昱統一01購07  ,0,0,0,0,0,0,0,0,0,-80000,0,0,0,138000,218000,-80000,-80000
067276,義隆統一03購01  ,0,0,0,0,0,0,0,0,0,-80000,0,0,0,0,80000,-80000,-80000
067169,台積電麥證01購07,0,0,0,145000,225000,-80000,0,0,0,-80000,0,0,0,145000,225000,-80000,-80000
066996,拓凱國泰03購02  ,0,0,0,0,0,0,0,0,0,-80000,0,0,0,0,80000,-80000,-80000
063623,祥碩兆豐9B購02  ,0,0,0,0,0,0,0,0,0,-80000,0,0,0,0,80000,-80000,-80000
063596,嘉澤中信9B購01  ,0,0,0,0,0,0,0,0,0,-80000,0,0,0,5000,85000,-80000,-80000
07442P,華航康和9A售02  ,0,0,0,0,0,0,0,0,0,-80000,0,0,0,0,80000,-80000,-80000
08257P,台積電元大9C售04,0,0,0,0,0,0,0,0,0,-80000,0,0,0,0,80000,-80000,-80000
055891,鴻海統一9A購01  ,0,0,0,0,0,0,0,0,0,-80000,0,0,0,65000,145000,-80000,-80000
057084,立積統一9B購01  ,0,0,0,0,0,0,0,0,0,-80000,0,0,0,0,80000,-80000,-80000
057101,新光金中信9A購01,0,0,0,0,0,0,0,0,0,-80000,0,0,0,0,80000,-80000,-80000
056888,元油2X元大99購06,0,0,0,0,0,0,0,0,0,-80000,0,0,0,0,80000,-80000,-80000
057688,國巨凱基99購07  ,0,0,0,0,0,0,0,0,0,-80000,0,0,0,0,80000,-80000,-80000
058906,晶相光元大99購01,0,0,0,0,0,0,0,0,0,-80000,0,0,0,0,80000,-80000,-80000
057401,晶豪科群益99購01,0,0,0,0,0,0,0,0,0,-80000,0,0,0,0,80000,-80000,-80000
057923,晶豪科凱基98購02,0,0,0,0,0,0,0,0,0,-80000,0,0,0,0,80000,-80000,-80000
062593,健策統一9B購03  ,0,0,0,0,0,0,0,0,0,-80000,0,0,0,0,80000,-80000,-80000
062886,中興電群益9B購01,0,0,0,0,0,0,0,0,0,-80000,0,0,0,20000,100000,-80000,-80000
062907,可成元大9C購03  ,0,0,0,0,0,0,0,0,0,-80000,0,0,0,0,80000,-80000,-80000
062068,滬深2X元大9B購02,0,0,0,0,0,0,0,0,0,-80000,0,0,0,0,80000,-80000,-80000
063229,台表科群益9B購04,0,0,0,0,0,0,0,0,0,-80000,0,0,0,13000,93000,-80000,-80000
060861,漢唐永豐9A購01  ,0,0,0,0,0,0,0,0,0,-80000,0,0,0,0,80000,-80000,-80000
061676,新光金元大9A購03,0,0,0,0,0,0,0,0,0,-80000,0,0,0,20000,100000,-80000,-80000
062472,大立光凱基9B購04,0,0,0,0,0,0,0,0,0,-80000,0,0,0,0,80000,-80000,-80000
064457,禾伸堂統一01購02,0,0,0,0,0,0,0,0,0,-80000,0,0,0,0,80000,-80000,-80000
064814,祥碩元大9C購06  ,0,0,0,0,0,0,0,0,0,-80000,0,0,0,89000,169000,-80000,-80000
08876P,台積電中信07售03,0,0,0,0,0,0,0,0,0,-80000,0,0,0,30000,110000,-80000,-80000
066812,志超凱基01購01  ,0,0,0,0,0,0,0,0,0,-81000,0,0,0,20000,101000,-81000,-81000
067344,鎧勝凱基02購01  ,0,0,0,0,0,0,0,0,0,-81000,0,0,0,51000,132000,-81000,-81000
067614,台汽電凱基01購01,0,0,0,0,0,0,0,0,0,-81000,0,0,0,0,81000,-81000,-81000
054828,正崴國泰99購01  ,0,0,0,0,0,0,0,0,0,-81000,0,0,0,0,81000,-81000,-81000
046629,群創統一98購01  ,0,0,0,0,0,0,0,0,0,-81000,0,0,0,0,81000,-81000,-81000
056736,國巨凱基99購03  ,0,0,0,0,0,0,0,0,0,-81000,0,0,0,0,81000,-81000,-81000
060672,鴻海元大9A購14  ,0,0,0,0,0,0,0,0,0,-81000,0,0,0,0,81000,-81000,-81000
063446,台光電統一01購02,0,0,0,0,0,0,0,0,0,-81000,0,0,0,182000,263000,-81000,-81000
062145,億光國票9B購01  ,0,0,0,0,0,0,0,0,0,-81000,0,0,0,21000,102000,-81000,-81000
063783,儒鴻中信9C購01  ,0,0,0,0,0,0,0,0,0,-81000,0,0,0,0,81000,-81000,-81000
067301,漢唐元大01購02  ,0,0,0,0,0,0,0,0,0,-82000,0,0,0,0,82000,-82000,-82000
067426,聯發科凱基01購14,0,0,0,0,0,0,0,0,0,-82000,0,0,0,0,82000,-82000,-82000
067459,微星永豐01購01  ,0,0,0,0,0,0,0,0,0,-82000,0,0,0,0,82000,-82000,-82000
064175,華通國泰02購01  ,0,0,0,0,0,0,0,0,0,-82000,0,0,0,160000,242000,-82000,-82000
064153,中壽統一9C購01  ,0,0,0,0,0,0,0,0,0,-82000,0,0,0,30000,112000,-82000,-82000
064007,嘉澤凱基02購01  ,0,0,0,0,0,0,0,0,0,-82000,0,0,0,39000,121000,-82000,-82000
063861,南亞科國泰02購01,0,0,0,0,0,0,0,0,0,-82000,0,0,0,258000,340000,-82000,-82000
057244,鈺齊凱基99購01  ,0,0,0,0,0,0,0,0,0,-82000,0,0,0,0,82000,-82000,-82000
056262,台積電統一98購04,0,0,0,0,0,0,0,0,0,-82000,0,0,0,0,82000,-82000,-82000
057915,台泥凱基98購01  ,0,0,0,0,0,0,0,0,0,-82000,0,0,0,243000,325000,-82000,-82000
059879,GIS凱基99購03   ,0,0,0,0,0,0,0,0,0,-82000,0,0,0,3000,85000,-82000,-82000
063438,聚陽統一9C購01  ,0,0,0,0,0,0,0,0,0,-82000,0,0,0,103000,185000,-82000,-82000
060671,亞德客元大9A購03,0,0,0,0,0,0,0,0,0,-82000,0,0,0,18000,100000,-82000,-82000
065323,聯發科凱基9C購09,0,0,0,0,0,0,0,0,0,-82000,0,0,0,35000,117000,-82000,-82000
066223,拓凱國泰03購01  ,0,0,0,0,0,0,0,0,0,-82000,0,0,0,0,82000,-82000,-82000
065675,茂林凱基03購01  ,0,0,0,0,0,0,0,0,0,-82000,0,0,0,0,82000,-82000,-82000
065762,台表科元大9C購13,0,0,0,0,0,0,0,0,0,-82000,0,0,0,68000,150000,-82000,-82000
07482P,南亞科元富9A售04,0,0,0,0,0,0,0,0,0,-83000,0,0,0,0,83000,-83000,-83000
067588,欣興群益01購04  ,0,0,0,0,0,0,0,0,0,-83000,0,0,0,9000,92000,-83000,-83000
067308,欣興元大01購03  ,0,0,0,0,0,0,0,0,0,-83000,0,0,0,9000,92000,-83000,-83000
066686,鴻海元富07購05  ,0,0,0,0,0,0,0,0,0,-83000,0,0,0,4000,87000,-83000,-83000
066740,揚明光元大01購02,0,0,0,0,0,0,0,0,0,-83000,0,0,0,0,83000,-83000,-83000
057105,致茂群益9A購01  ,0,0,0,0,0,0,0,0,0,-83000,0,0,0,358000,441000,-83000,-83000
052847,漢唐統一99購01  ,0,0,0,0,0,0,0,0,0,-83000,0,0,0,7000,90000,-83000,-83000
060799,茂林永豐9A購01  ,0,0,0,0,0,0,0,0,0,-83000,0,0,0,2000,85000,-83000,-83000
060326,群光群益9A購01  ,0,0,0,0,0,0,0,0,0,-83000,0,0,0,7000,90000,-83000,-83000
065533,台光電統一02購03,0,0,0,0,0,0,0,0,0,-83000,0,0,0,125000,208000,-83000,-83000
065508,大成鋼群益01購01,0,0,0,0,0,0,0,0,0,-83000,0,0,0,10000,93000,-83000,-83000
066030,超眾群益01購01  ,0,0,0,0,0,0,0,0,0,-83000,0,0,0,25000,108000,-83000,-83000
065186,和大統一02購06  ,0,0,0,0,0,0,0,0,0,-83000,0,0,0,0,83000,-83000,-83000
08669P,聯發科群益02售02,0,0,0,0,0,0,0,0,0,-83000,0,0,0,16000,99000,-83000,-83000
08708P,華通台新01售01  ,0,0,0,0,0,0,0,0,0,-83000,0,0,0,352000,435000,-83000,-83000
08399P,技嘉元富9C售02  ,0,0,0,0,0,0,0,0,0,-83000,0,0,0,96000,179000,-83000,-83000
067072,建準元大01購01  ,0,0,0,0,0,0,0,0,0,-84000,0,0,0,378000,462000,-84000,-84000
06716P,台積電元大9A售02,0,0,0,0,0,0,0,0,0,-84000,0,0,0,211000,295000,-84000,-84000
08225P,臺股指凱基9B售20,0,0,0,0,0,0,0,0,0,-84000,0,0,0,320000,404000,-84000,-84000
08091P,A50正2元富9B售02,0,0,0,0,0,0,0,0,0,-84000,0,0,0,80000,164000,-84000,-84000
063888,TPK中信01購01   ,0,0,0,0,0,0,0,0,0,-84000,0,0,0,118000,202000,-84000,-84000
056907,群創元大9C購04  ,0,0,0,0,0,0,0,0,0,-84000,0,0,0,0,84000,-84000,-84000
060431,復盛永豐9A購01  ,0,0,0,0,0,0,0,0,0,-84000,0,0,0,0,84000,-84000,-84000
065371,漢唐元大01購01  ,0,0,0,0,0,0,0,0,0,-84000,0,0,0,60000,144000,-84000,-84000
065355,聯發科元富03購05,0,0,0,0,0,0,0,0,0,-84000,0,0,0,14000,98000,-84000,-84000
064868,嘉晶永豐9C購02  ,0,0,0,0,0,0,0,0,0,-84000,0,0,0,51000,135000,-84000,-84000
065100,聯茂元大9C購04  ,0,0,0,0,0,0,0,0,0,-84000,0,0,0,133000,217000,-84000,-84000
064757,義隆凱基01購02  ,0,0,0,0,0,0,0,0,0,-84000,0,0,0,68000,152000,-84000,-84000
064530,康控中信9C購01  ,0,0,0,0,0,0,0,0,0,-84000,0,0,0,15000,99000,-84000,-84000
064662,鴻海元大9C購10  ,0,0,0,0,0,0,0,0,0,-84000,0,0,0,11000,95000,-84000,-84000
065634,聯發科國票9C購06,0,0,0,0,0,0,0,0,0,-84000,0,0,0,6000,90000,-84000,-84000
066604,台郡富邦04購01  ,0,0,0,0,0,0,0,0,0,-84000,0,0,0,348000,432000,-84000,-84000
3712,永崴投控        ,66000,0,66000,0,0,0,0,0,0,-150000,0,0,0,0,150000,-150000,-84000
066790,健策麥證01購01  ,0,0,0,1000,86000,-85000,0,0,0,-85000,0,0,0,1000,86000,-85000,-85000
067522,上証2X群益02購03,0,0,0,0,0,0,0,0,0,-85000,0,0,0,0,85000,-85000,-85000
07058P,台積電凱基9A售07,0,0,0,0,0,0,0,0,0,-85000,0,0,0,0,85000,-85000,-85000
058353,國巨凱基99購09  ,0,0,0,0,0,0,0,0,0,-85000,0,0,0,109000,194000,-85000,-85000
060490,華新科台新9A購01,0,0,0,0,0,0,0,0,0,-85000,0,0,0,0,85000,-85000,-85000
061922,瑞昱凱基9B購01  ,0,0,0,0,0,0,0,0,0,-85000,0,0,0,147000,232000,-85000,-85000
066287,訊芯元大01購01  ,0,0,0,0,0,0,0,0,0,-85000,0,0,0,12000,97000,-85000,-85000
064584,英業達永豐9C購01,0,0,0,0,0,0,0,0,0,-85000,0,0,0,200000,285000,-85000,-85000
064739,智邦國票01購01  ,0,0,0,0,0,0,0,0,0,-85000,0,0,0,5000,90000,-85000,-85000
08677P,超眾群益01售02  ,0,0,0,0,0,0,0,0,0,-85000,0,0,0,25000,110000,-85000,-85000
08741P,國巨凱基01售05  ,0,0,0,0,0,0,0,0,0,-85000,0,0,0,0,85000,-85000,-85000
08590P,智邦凱基9C售04  ,0,0,0,0,0,0,0,0,0,-85000,0,0,0,5000,90000,-85000,-85000
08901P,台表科群益01售02,0,0,0,0,0,0,0,0,0,-85000,0,0,0,0,85000,-85000,-85000
1466,聚隆            ,86000,171000,-85000,0,0,0,0,0,0,0,0,0,0,0,0,0,-85000
064055,台郡統一02購01  ,0,0,0,0,0,0,0,0,0,-86000,0,0,0,0,86000,-86000,-86000
063639,華擎元大9C購03  ,0,0,0,0,0,0,0,0,0,-86000,0,0,0,20000,106000,-86000,-86000
056314,力成元大97購01  ,0,0,0,0,0,0,0,0,0,-86000,0,0,0,0,86000,-86000,-86000
062916,智易元大9B購01  ,0,0,0,0,0,0,0,0,0,-86000,0,0,0,0,86000,-86000,-86000
062829,泰碩群益9B購01  ,0,0,0,0,0,0,0,0,0,-86000,0,0,0,0,86000,-86000,-86000
062817,富邦金兆豐9B購01,0,0,0,0,0,0,0,0,0,-86000,0,0,0,81000,167000,-86000,-86000
061873,友達元大9C購07  ,0,0,0,0,0,0,0,0,0,-86000,0,0,0,0,86000,-86000,-86000
062476,神隆國票9B購01  ,0,0,0,0,0,0,0,0,0,-86000,0,0,0,38000,124000,-86000,-86000
060233,宏碁元大9A購01  ,0,0,0,0,0,0,0,0,0,-86000,0,0,0,5000,91000,-86000,-86000
062976,嘉澤元富9B購01  ,0,0,0,0,0,0,0,0,0,-86000,0,0,0,0,86000,-86000,-86000
063420,奇力新凱基9B購03,0,0,0,0,0,0,0,0,0,-86000,0,0,0,12000,98000,-86000,-86000
063381,和潤永豐9B購01  ,0,0,0,0,0,0,0,0,0,-86000,0,0,0,0,86000,-86000,-86000
062449,臻鼎元大9B購01  ,0,0,0,0,0,0,0,0,0,-86000,0,0,0,0,86000,-86000,-86000
064955,健策凱基9C購03  ,0,0,0,0,0,0,0,0,0,-86000,0,0,0,58000,144000,-86000,-86000
065803,大立光群益01購03,0,0,0,0,0,0,0,0,0,-86000,0,0,0,4000,90000,-86000,-86000
3535,晶彩科          ,357000,444000,-87000,0,0,0,0,0,0,1000,1000,0,1000,0,0,0,-86000
063582,瑞祺國泰9C購01  ,0,0,0,0,0,0,0,0,0,-87000,0,0,0,5000,92000,-87000,-87000
063567,漢唐元大9B購03  ,0,0,0,0,0,0,0,0,0,-87000,0,0,0,50000,137000,-87000,-87000
064013,創意國票01購01  ,0,0,0,0,0,0,0,0,0,-87000,0,0,0,14000,101000,-87000,-87000
063849,奇鋐元大9C購01  ,0,0,0,0,0,0,0,0,0,-87000,0,0,0,37000,124000,-87000,-87000
061974,光寶科元大9B購01,0,0,0,0,0,0,0,0,0,-87000,0,0,0,59000,146000,-87000,-87000
066150,國巨麥證01購02  ,0,0,0,63000,150000,-87000,0,0,0,-87000,0,0,0,63000,150000,-87000,-87000
065405,華新科富邦03購01,0,0,0,0,0,0,0,0,0,-87000,0,0,0,4000,91000,-87000,-87000
065460,嘉聯益台新9C購01,0,0,0,0,0,0,0,0,0,-87000,0,0,0,0,87000,-87000,-87000
063652,國泰金台新9B購01,0,0,0,0,0,0,0,0,0,-88000,0,0,0,0,88000,-88000,-88000
067643,台郡統一03購01  ,0,0,0,0,0,0,0,0,0,-88000,0,0,0,0,88000,-88000,-88000
066928,台達電國票01購02,0,0,0,0,0,0,0,0,0,-88000,0,0,0,12000,100000,-88000,-88000
057289,力成元大98購03  ,0,0,0,0,0,0,0,0,0,-88000,0,0,0,385000,473000,-88000,-88000
057176,全新元大99購02  ,0,0,0,0,0,0,0,0,0,-88000,0,0,0,100000,188000,-88000,-88000
056947,國巨統一9A購01  ,0,0,0,0,0,0,0,0,0,-88000,0,0,0,1000,89000,-88000,-88000
062072,國巨元大9B購05  ,0,0,0,0,0,0,0,0,0,-88000,0,0,0,5000,93000,-88000,-88000
062073,國巨元大9B購06  ,0,0,0,0,0,0,0,0,0,-88000,0,0,0,0,88000,-88000,-88000
062115,臺股指國票9B購09,0,0,0,0,0,0,0,0,0,-88000,0,0,0,0,88000,-88000,-88000
062408,致新永豐9B購01  ,0,0,0,0,0,0,0,0,0,-88000,0,0,0,185000,273000,-88000,-88000
061568,國巨元大9A購25  ,0,0,0,0,0,0,0,0,0,-88000,0,0,0,0,88000,-88000,-88000
065263,國泰金元大9C購02,0,0,0,0,0,0,0,0,0,-88000,0,0,0,0,88000,-88000,-88000
064303,新光金兆豐01購01,0,0,0,0,0,0,0,0,0,-88000,0,0,0,0,88000,-88000,-88000
066445,牧德群益01購01  ,0,0,0,0,0,0,0,0,0,-88000,0,0,0,10000,98000,-88000,-88000
065832,貿聯凱基02購03  ,0,0,0,0,0,0,0,0,0,-88000,0,0,0,46000,134000,-88000,-88000
066681,聯發科兆豐01購04,0,0,0,0,0,0,0,0,0,-89000,0,0,0,141000,230000,-89000,-89000
066703,聯詠群益01購02  ,0,0,0,0,0,0,0,0,0,-89000,0,0,0,0,89000,-89000,-89000
067787,致伸群益03購01  ,0,0,0,0,0,0,0,0,0,-89000,0,0,0,0,89000,-89000,-89000
064079,英業達中信9C購01,0,0,0,0,0,0,0,0,0,-89000,0,0,0,191000,280000,-89000,-89000
064100,義隆群益9C購01  ,0,0,0,0,0,0,0,0,0,-89000,0,0,0,27000,116000,-89000,-89000
058861,國巨凱基9A購08  ,0,0,0,0,0,0,0,0,0,-89000,0,0,0,1000,90000,-89000,-89000
062739,嘉晶國票9B購02  ,0,0,0,0,0,0,0,0,0,-89000,0,0,0,17000,106000,-89000,-89000
061336,國巨元大9A購20  ,0,0,0,0,0,0,0,0,0,-89000,0,0,0,0,89000,-89000,-89000
062991,台光電群益9B購03,0,0,0,0,0,0,0,0,0,-89000,0,0,0,62000,151000,-89000,-89000
061995,超眾元大01購01  ,0,0,0,0,0,0,0,0,0,-89000,0,0,0,0,89000,-89000,-89000
065890,台積電統一03購01,0,0,0,0,0,0,0,0,0,-89000,0,0,0,110000,199000,-89000,-89000
066028,嘉澤群益01購01  ,0,0,0,0,0,0,0,0,0,-89000,0,0,0,20000,109000,-89000,-89000
065204,神隆國票01購01  ,0,0,0,0,0,0,0,0,0,-89000,0,0,0,0,89000,-89000,-89000
065482,立積元大01購02  ,0,0,0,0,0,0,0,0,0,-89000,0,0,0,83000,172000,-89000,-89000
064993,嘉澤兆豐9C購01  ,0,0,0,0,0,0,0,0,0,-89000,0,0,0,0,89000,-89000,-89000
064286,TPK元大9C購02   ,0,0,0,0,0,0,0,0,0,-90000,0,0,0,123000,213000,-90000,-90000
063121,友達元大9C購09  ,0,0,0,0,0,0,0,0,0,-90000,0,0,0,0,90000,-90000,-90000
064262,玉晶光永豐9C購03,0,0,0,0,0,0,0,0,0,-90000,0,0,0,1000,91000,-90000,-90000
07906P,中租群益9B售02  ,0,0,0,0,0,0,0,0,0,-90000,0,0,0,0,90000,-90000,-90000
067664,台船元大01購01  ,0,0,0,0,0,0,0,0,0,-90000,0,0,0,0,90000,-90000,-90000
07164P,臺股指群益99售15,0,0,0,0,0,0,0,0,0,-90000,0,0,0,90000,180000,-90000,-90000
07030P,鈺齊群益99售01  ,0,0,0,0,0,0,0,0,0,-90000,0,0,0,20000,110000,-90000,-90000
067563,上緯控國票02購01,0,0,0,0,0,0,0,0,0,-90000,0,0,0,20000,110000,-90000,-90000
067259,聯茂國票02購01  ,0,0,0,0,0,0,0,0,0,-90000,0,0,0,0,90000,-90000,-90000
062876,全新兆豐9B購01  ,0,0,0,0,0,0,0,0,0,-90000,0,0,0,0,90000,-90000,-90000
062649,緯穎富邦9B購03  ,0,0,0,0,0,0,0,0,0,-90000,0,0,0,10000,100000,-90000,-90000
058145,聯茂元大99購03  ,0,0,0,0,0,0,0,0,0,-90000,0,0,0,68000,158000,-90000,-90000
054638,國泰金中信99購01,0,0,0,0,0,0,0,0,0,-90000,0,0,0,0,90000,-90000,-90000
020006,永昌中小300N    ,0,0,0,0,0,0,0,0,0,-90000,0,0,0,0,90000,-90000,-90000
062018,台勝科永豐9B購01,0,0,0,0,0,0,0,0,0,-90000,0,0,0,0,90000,-90000,-90000
062227,南六統一01購02  ,0,0,0,0,0,0,0,0,0,-90000,0,0,0,2000,92000,-90000,-90000
061138,晶技統一9C購01  ,0,0,0,0,0,0,0,0,0,-90000,0,0,0,101000,191000,-90000,-90000
061118,GIS富邦9A購01   ,0,0,0,0,0,0,0,0,0,-90000,0,0,0,0,90000,-90000,-90000
059841,國巨富邦9C購01  ,0,0,0,0,0,0,0,0,0,-90000,0,0,0,23000,113000,-90000,-90000
062450,臻鼎元大9B購02  ,0,0,0,0,0,0,0,0,0,-90000,0,0,0,0,90000,-90000,-90000
062445,大立光元大9C購02,0,0,0,0,0,0,0,0,0,-90000,0,0,0,10000,100000,-90000,-90000
062464,T50反1凱基9C購03,0,0,0,0,0,0,0,0,0,-90000,0,0,0,0,90000,-90000,-90000
061694,玉山金群益9A購01,0,0,0,0,0,0,0,0,0,-90000,0,0,0,58000,148000,-90000,-90000
061656,華新科國票9A購08,0,0,0,0,0,0,0,0,0,-90000,0,0,0,0,90000,-90000,-90000
060835,亞德客國票9A購01,0,0,0,0,0,0,0,0,0,-90000,0,0,0,0,90000,-90000,-90000
063189,臻鼎凱基9B購01  ,0,0,0,0,0,0,0,0,0,-90000,0,0,0,0,90000,-90000,-90000
063470,泰鼎元大9B購03  ,0,0,0,0,0,0,0,0,0,-90000,0,0,0,340000,430000,-90000,-90000
065075,葡萄王元大01購01,0,0,0,0,0,0,0,0,0,-90000,0,0,0,135000,225000,-90000,-90000
065421,康友國票01購01  ,0,0,0,0,0,0,0,0,0,-90000,0,0,0,27000,117000,-90000,-90000
065424,華新凱基02購01  ,0,0,0,0,0,0,0,0,0,-90000,0,0,0,26000,116000,-90000,-90000
065364,國巨元大9C購18  ,0,0,0,0,0,0,0,0,0,-90000,0,0,0,80000,170000,-90000,-90000
065183,和大統一01購03  ,0,0,0,0,0,0,0,0,0,-90000,0,0,0,0,90000,-90000,-90000
064527,裕隆中信01購01  ,0,0,0,0,0,0,0,0,0,-90000,0,0,0,10000,100000,-90000,-90000
065964,鴻海元大02購01  ,0,0,0,0,0,0,0,0,0,-90000,0,0,0,680000,770000,-90000,-90000
065558,嘉聯益凱基9C購02,0,0,0,0,0,0,0,0,0,-90000,0,0,0,0,90000,-90000,-90000
066548,燿華元大02購02  ,0,0,0,0,0,0,0,0,0,-90000,0,0,0,2000,92000,-90000,-90000
08509P,臺股指國票9C售10,0,0,0,0,0,0,0,0,0,-90000,0,0,0,118000,208000,-90000,-90000
067081,華擎元大01購05  ,0,0,0,0,0,0,0,0,0,-91000,0,0,0,102000,193000,-91000,-91000
066693,T50反1群益02購03,0,0,0,0,0,0,0,0,0,-91000,0,0,0,0,91000,-91000,-91000
066956,華擎元大01購04  ,0,0,0,0,0,0,0,0,0,-91000,0,0,0,144000,235000,-91000,-91000
067406,矽格永豐01購01  ,0,0,0,0,0,0,0,0,0,-91000,0,0,0,13000,104000,-91000,-91000
06878P,台灣50日盛9B售01,0,0,0,0,0,0,0,0,0,-91000,0,0,0,23000,114000,-91000,-91000
07069P,欣興元富99售02  ,0,0,0,0,0,0,0,0,0,-91000,0,0,0,1000,92000,-91000,-91000
07844P,可成國票9A售01  ,0,0,0,0,0,0,0,0,0,-91000,0,0,0,75000,166000,-91000,-91000
07865P,可成元大9B售02  ,0,0,0,0,0,0,0,0,0,-91000,0,0,0,9000,100000,-91000,-91000
064278,高鐵元大9C購02  ,0,0,0,0,0,0,0,0,0,-91000,0,0,0,0,91000,-91000,-91000
063643,臻鼎元大9B購03  ,0,0,0,0,0,0,0,0,0,-91000,0,0,0,50000,141000,-91000,-91000
064011,嘉晶國票9C購01  ,0,0,0,0,0,0,0,0,0,-91000,0,0,0,20000,111000,-91000,-91000
057112,立積群益99購01  ,0,0,0,0,0,0,0,0,0,-91000,0,0,0,148000,239000,-91000,-91000
058248,聯茂元大99購05  ,0,0,0,0,0,0,0,0,0,-91000,0,0,0,9000,100000,-91000,-91000
063138,聯發科統一01購05,0,0,0,0,0,0,0,0,0,-91000,0,0,0,1000,92000,-91000,-91000
063302,國巨凱基9C購05  ,0,0,0,0,0,0,0,0,0,-91000,0,0,0,2000,93000,-91000,-91000
062435,國巨元大9B購13  ,0,0,0,0,0,0,0,0,0,-91000,0,0,0,0,91000,-91000,-91000
062980,康控元富9B購01  ,0,0,0,0,0,0,0,0,0,-91000,0,0,0,10000,101000,-91000,-91000
062972,京元電元富9B購01,0,0,0,0,0,0,0,0,0,-91000,0,0,0,104000,195000,-91000,-91000
066540,景碩兆豐01購02  ,0,0,0,0,0,0,0,0,0,-91000,0,0,0,134000,225000,-91000,-91000
065242,巨大凱基01購02  ,0,0,0,0,0,0,0,0,0,-91000,0,0,0,53000,144000,-91000,-91000
065095,玉晶光元大02購02,0,0,0,0,0,0,0,0,0,-91000,0,0,0,15000,106000,-91000,-91000
08521P,台達電元大9C售03,0,0,0,0,0,0,0,0,0,-91000,0,0,0,2000,93000,-91000,-91000
3010,華立            ,129000,224000,-95000,0,0,0,0,0,0,4000,4000,0,4000,0,0,0,-91000
064009,超眾凱基01購01  ,0,0,0,0,0,0,0,0,0,-92000,0,0,0,20000,112000,-92000,-92000
063992,大立光中信9C購03,0,0,0,0,0,0,0,0,0,-92000,0,0,0,85000,177000,-92000,-92000
063635,漢唐元大9B購04  ,0,0,0,0,0,0,0,0,0,-92000,0,0,0,66000,158000,-92000,-92000
067628,力山永豐01購01  ,0,0,0,0,0,0,0,0,0,-92000,0,0,0,0,92000,-92000,-92000
067351,國巨群益01購08  ,0,0,0,0,0,0,0,0,0,-92000,0,0,0,20000,112000,-92000,-92000
067505,微星統一03購01  ,0,0,0,0,0,0,0,0,0,-92000,0,0,0,0,92000,-92000,-92000
058123,亞光國票9A購01  ,0,0,0,0,0,0,0,0,0,-92000,0,0,0,38000,130000,-92000,-92000
059101,康控統一9A購01  ,0,0,0,0,0,0,0,0,0,-92000,0,0,0,295000,387000,-92000,-92000
062760,漢唐凱基9B購01  ,0,0,0,0,0,0,0,0,0,-92000,0,0,0,0,92000,-92000,-92000
063071,華新科富邦02購01,0,0,0,0,0,0,0,0,0,-92000,0,0,0,0,92000,-92000,-92000
061477,晶豪科元大9A購01,0,0,0,0,0,0,0,0,0,-92000,0,0,0,28000,120000,-92000,-92000
063402,GIS群益9B購02   ,0,0,0,0,0,0,0,0,0,-92000,0,0,0,253000,345000,-92000,-92000
064529,友達中信01購03  ,0,0,0,0,0,0,0,0,0,-92000,0,0,0,0,92000,-92000,-92000
065969,台積電元大01購06,0,0,0,0,0,0,0,0,0,-92000,0,0,0,0,92000,-92000,-92000
065984,緯創富邦03購01  ,0,0,0,0,0,0,0,0,0,-92000,0,0,0,25000,117000,-92000,-92000
08586P,台積電第一9C售02,0,0,0,0,0,0,0,0,0,-92000,0,0,0,0,92000,-92000,-92000
1522,堤維西          ,254000,353000,-99000,0,0,0,0,0,0,7000,0,0,0,7000,0,7000,-92000
066761,聯陽永豐01購03  ,0,0,0,0,0,0,0,0,0,-93000,0,0,0,72000,165000,-93000,-93000
064081,國產中信06購01  ,0,0,0,0,0,0,0,0,0,-93000,0,0,0,57000,150000,-93000,-93000
064118,喬山元大01購01  ,0,0,0,0,0,0,0,0,0,-93000,0,0,0,32000,125000,-93000,-93000
064170,儒鴻元富9C購01  ,0,0,0,0,0,0,0,0,0,-93000,0,0,0,21000,114000,-93000,-93000
07649P,金像電永豐9A售02,0,0,0,0,0,0,0,0,0,-93000,0,0,0,0,93000,-93000,-93000
08307P,台積電凱基9C售03,0,0,0,0,0,0,0,0,0,-93000,0,0,0,5000,98000,-93000,-93000
057793,群創統一99購02  ,0,0,0,0,0,0,0,0,0,-93000,0,0,0,0,93000,-93000,-93000
065605,義隆元大01購02  ,0,0,0,0,0,0,0,0,0,-93000,0,0,0,37000,130000,-93000,-93000
066278,健策元大02購01  ,0,0,0,0,0,0,0,0,0,-93000,0,0,0,84000,177000,-93000,-93000
064836,群創統一9C購04  ,0,0,0,0,0,0,0,0,0,-93000,0,0,0,0,93000,-93000,-93000
063812,智邦群益9C購02  ,0,0,0,0,0,0,0,0,0,-93000,0,0,0,32000,125000,-93000,-93000
064460,健策統一9C購03  ,0,0,0,0,0,0,0,0,0,-93000,0,0,0,284000,377000,-93000,-93000
065322,聯發科凱基01購05,0,0,0,0,0,0,0,0,0,-93000,0,0,0,48000,141000,-93000,-93000
2723,美食-KY         ,490000,508000,-18000,0,0,0,0,101000,-101000,26000,0,0,0,26000,0,26000,-93000
063917,南六凱基02購01  ,0,0,0,0,0,0,0,0,0,-94000,0,0,0,1000,95000,-94000,-94000
066822,泰豐群益01購01  ,0,0,0,0,0,0,0,0,0,-94000,0,0,0,16000,110000,-94000,-94000
062448,健策元大9C購04  ,0,0,0,0,0,0,0,0,0,-94000,0,0,0,52000,146000,-94000,-94000
062851,建準永豐9B購02  ,0,0,0,0,0,0,0,0,0,-94000,0,0,0,32000,126000,-94000,-94000
065051,和碩凱基02購01  ,0,0,0,0,0,0,0,0,0,-94000,0,0,0,6000,100000,-94000,-94000
064348,TPK元大9C購03   ,0,0,0,0,0,0,0,0,0,-94000,0,0,0,217000,311000,-94000,-94000
066480,國巨元富07購02  ,0,0,0,0,0,0,0,0,0,-94000,0,0,0,0,94000,-94000,-94000
066031,力成群益01購01  ,0,0,0,0,0,0,0,0,0,-94000,0,0,0,85000,179000,-94000,-94000
08893P,京元電元大01售06,0,0,0,0,0,0,0,0,0,-94000,0,0,0,30000,124000,-94000,-94000
067051,泰鼎凱基02購01  ,0,0,0,0,0,0,0,0,0,-95000,0,0,0,0,95000,-95000,-95000
067284,華新科國票02購01,0,0,0,0,0,0,0,0,0,-95000,0,0,0,0,95000,-95000,-95000
064162,貿聯統一02購01  ,0,0,0,0,0,0,0,0,0,-95000,0,0,0,64000,159000,-95000,-95000
08004P,大毅永豐9B售02  ,0,0,0,0,0,0,0,0,0,-95000,0,0,0,5000,100000,-95000,-95000
07415P,台積電元大99售52,0,0,0,0,0,0,0,0,0,-95000,0,0,0,20000,115000,-95000,-95000
07774P,台灣50群益9A售16,0,0,0,0,0,0,0,0,0,-95000,0,0,0,430000,525000,-95000,-95000
063038,富邦金凱基9B購02,0,0,0,0,0,0,0,0,0,-95000,0,0,0,0,95000,-95000,-95000
062499,鴻海群益01購01  ,0,0,0,0,0,0,0,0,0,-95000,0,0,0,12000,107000,-95000,-95000
062374,茂林元大9B購03  ,0,0,0,0,0,0,0,0,0,-95000,0,0,0,5000,100000,-95000,-95000
061879,超眾元大9C購01  ,0,0,0,0,0,0,0,0,0,-95000,0,0,0,25000,120000,-95000,-95000
066076,台勝科凱基01購02,0,0,0,0,0,0,0,0,0,-95000,0,0,0,0,95000,-95000,-95000
065933,鴻海群益01購06  ,0,0,0,0,0,0,0,0,0,-95000,0,0,0,3000,98000,-95000,-95000
066474,微星麥證01購01  ,0,0,0,0,95000,-95000,0,0,0,-95000,0,0,0,0,95000,-95000,-95000
064624,群創元大02購01  ,0,0,0,0,0,0,0,0,0,-95000,0,0,0,5000,100000,-95000,-95000
065318,聯電凱基9C購03  ,0,0,0,0,0,0,0,0,0,-95000,0,0,0,11000,106000,-95000,-95000
08822P,聯發科凱基01售12,0,0,0,0,0,0,0,0,0,-95000,0,0,0,125000,220000,-95000,-95000
08584P,立積群益9C售02  ,0,0,0,0,0,0,0,0,0,-95000,0,0,0,110000,205000,-95000,-95000
063870,健策永豐01購01  ,0,0,0,0,0,0,0,0,0,-96000,0,0,0,0,96000,-96000,-96000
063578,瑞祺元大9B購03  ,0,0,0,0,0,0,0,0,0,-96000,0,0,0,0,96000,-96000,-96000
058684,健策凱基99購02  ,0,0,0,0,0,0,0,0,0,-96000,0,0,0,13000,109000,-96000,-96000
063465,友達元大9C購10  ,0,0,0,0,0,0,0,0,0,-96000,0,0,0,34000,130000,-96000,-96000
066102,國揚國票02購01  ,0,0,0,0,0,0,0,0,0,-96000,0,0,0,38000,134000,-96000,-96000
064290,GIS元大9C購04   ,0,0,0,0,0,0,0,0,0,-97000,0,0,0,214000,311000,-97000,-97000
067475,微星元大01購05  ,0,0,0,0,0,0,0,0,0,-97000,0,0,0,51000,148000,-97000,-97000
066724,台達電元大01購01,0,0,0,0,0,0,0,0,0,-97000,0,0,0,61000,158000,-97000,-97000
03669C,滬深2X元富09牛01,0,0,0,0,0,0,0,0,0,-97000,0,0,0,0,97000,-97000,-97000
063164,聯發科永豐9B購03,0,0,0,0,0,0,0,0,0,-97000,0,0,0,14000,111000,-97000,-97000
061822,和潤群益9B購01  ,0,0,0,0,0,0,0,0,0,-97000,0,0,0,12000,109000,-97000,-97000
062511,台光電國票9B購02,0,0,0,0,0,0,0,0,0,-97000,0,0,0,35000,132000,-97000,-97000
062117,燿華中信9B購01  ,0,0,0,0,0,0,0,0,0,-97000,0,0,0,0,97000,-97000,-97000
065666,旺宏凱基9C購03  ,0,0,0,0,0,0,0,0,0,-97000,0,0,0,3000,100000,-97000,-97000
064892,台達電群益9C購02,0,0,0,0,0,0,0,0,0,-97000,0,0,0,33000,130000,-97000,-97000
064420,台積電兆豐9C購03,0,0,0,0,0,0,0,0,0,-97000,0,0,0,334000,431000,-97000,-97000
067101,華邦電群益01購02,0,0,0,0,0,0,0,0,0,-98000,0,0,0,0,98000,-98000,-98000
067111,聯詠群益01購03  ,0,0,0,0,0,0,0,0,0,-98000,0,0,0,0,98000,-98000,-98000
067479,京元電元大01購05,0,0,0,0,0,0,0,0,0,-98000,0,0,0,0,98000,-98000,-98000
067655,晶技元富07購01  ,0,0,0,0,0,0,0,0,0,-98000,0,0,0,0,98000,-98000,-98000
058676,聯茂群益99購01  ,0,0,0,0,0,0,0,0,0,-98000,0,0,0,0,98000,-98000,-98000
057699,可成群益9A購02  ,0,0,0,0,0,0,0,0,0,-98000,0,0,0,0,98000,-98000,-98000
058924,晶相光元富99購02,0,0,0,0,0,0,0,0,0,-98000,0,0,0,0,98000,-98000,-98000
058107,全新台新99購01  ,0,0,0,0,0,0,0,0,0,-98000,0,0,0,0,98000,-98000,-98000
059836,大立光國泰9B購02,0,0,0,0,0,0,0,0,0,-98000,0,0,0,158000,256000,-98000,-98000
062226,臻鼎統一9B購01  ,0,0,0,0,0,0,0,0,0,-98000,0,0,0,69000,167000,-98000,-98000
061996,矽格元大9B購01  ,0,0,0,0,0,0,0,0,0,-98000,0,0,0,2000,100000,-98000,-98000
059688,燿華永豐99購01  ,0,0,0,0,0,0,0,0,0,-98000,0,0,0,18000,116000,-98000,-98000
064346,貿聯元大01購01  ,0,0,0,0,0,0,0,0,0,-98000,0,0,0,26000,124000,-98000,-98000
064323,滬深2X元大9C購09,0,0,0,0,0,0,0,0,0,-98000,0,0,0,14000,112000,-98000,-98000
063714,超眾凱基9B購03  ,0,0,0,0,0,0,0,0,0,-98000,0,0,0,1000,99000,-98000,-98000
064603,和碩元富9C購01  ,0,0,0,0,0,0,0,0,0,-98000,0,0,0,0,98000,-98000,-98000
065265,景碩元大9C購02  ,0,0,0,0,0,0,0,0,0,-98000,0,0,0,164000,262000,-98000,-98000
065490,國巨國泰02購02  ,0,0,0,0,0,0,0,0,0,-98000,0,0,0,199000,297000,-98000,-98000
065939,創意群益01購01  ,0,0,0,0,0,0,0,0,0,-98000,0,0,0,89000,187000,-98000,-98000
07094P,華通國票9A售03  ,0,0,0,0,0,0,0,0,0,-99000,0,0,0,0,99000,-99000,-99000
06926P,可成群益9A售04  ,0,0,0,0,0,0,0,0,0,-99000,0,0,0,1000,100000,-99000,-99000
067405,超眾永豐01購01  ,0,0,0,0,0,0,0,0,0,-99000,0,0,0,0,99000,-99000,-99000
066804,緯創凱基01購01  ,0,0,0,0,0,0,0,0,0,-99000,0,0,0,8000,107000,-99000,-99000
08309P,GIS凱基9C售01   ,0,0,0,0,0,0,0,0,0,-99000,0,0,0,10000,109000,-99000,-99000
058851,大立光群益99購07,0,0,0,0,0,0,0,0,0,-99000,0,0,0,30000,129000,-99000,-99000
057798,貿聯兆豐99購01  ,0,0,0,0,0,0,0,0,0,-99000,0,0,0,1000,100000,-99000,-99000
057758,鴻海凱基99購03  ,0,0,0,0,0,0,0,0,0,-99000,0,0,0,1000,100000,-99000,-99000
063404,金像電國票9B購01,0,0,0,0,0,0,0,0,0,-99000,0,0,0,108000,207000,-99000,-99000
061594,玉晶光永豐9A購08,0,0,0,0,0,0,0,0,0,-99000,0,0,0,23000,122000,-99000,-99000
061020,超眾國票9A購02  ,0,0,0,0,0,0,0,0,0,-99000,0,0,0,0,99000,-99000,-99000
062944,茂林凱基9B購02  ,0,0,0,0,0,0,0,0,0,-99000,0,0,0,2000,101000,-99000,-99000
066051,景碩元大01購01  ,0,0,0,0,0,0,0,0,0,-99000,0,0,0,128000,227000,-99000,-99000
065970,燿華元大02購01  ,0,0,0,0,0,0,0,0,0,-99000,0,0,0,3000,102000,-99000,-99000
066492,台郡元富01購01  ,0,0,0,0,0,0,0,0,0,-99000,0,0,0,9000,108000,-99000,-99000
066526,創意統一05購01  ,0,0,0,0,0,0,0,0,0,-99000,0,0,0,20000,119000,-99000,-99000
066270,國揚元大01購01  ,0,0,0,0,0,0,0,0,0,-99000,0,0,0,31000,130000,-99000,-99000
065090,大立光元大9C購24,0,0,0,0,0,0,0,0,0,-99000,0,0,0,1000,100000,-99000,-99000
064358,台達電統一01購02,0,0,0,0,0,0,0,0,0,-99000,0,0,0,24000,123000,-99000,-99000
08867P,欣興凱基01售03  ,0,0,0,0,0,0,0,0,0,-99000,0,0,0,113000,212000,-99000,-99000
08327P,聯發科兆豐9C售03,0,0,0,0,0,0,0,0,0,-100000,0,0,0,0,100000,-100000,-100000
08196P,上銀元大9B售07  ,0,0,0,0,0,0,0,0,0,-100000,0,0,0,0,100000,-100000,-100000
08010P,大成鋼元大9B售01,0,0,0,0,0,0,0,0,0,-100000,0,0,0,0,100000,-100000,-100000
08070P,晶技國泰9C售02  ,0,0,0,0,0,0,0,0,0,-100000,0,0,0,20000,120000,-100000,-100000
07687P,上銀元大9A售06  ,0,0,0,0,0,0,0,0,0,-100000,0,0,0,0,100000,-100000,-100000
07717P,臺股指群益9A售06,0,0,0,0,0,0,0,0,0,-100000,0,0,0,0,100000,-100000,-100000
07908P,台積電統一9B售11,0,0,0,0,0,0,0,0,0,-100000,0,0,0,0,100000,-100000,-100000
07955P,大成鋼群益9B售02,0,0,0,0,0,0,0,0,0,-100000,0,0,0,0,100000,-100000,-100000
07366P,國巨康和99售02  ,0,0,0,0,0,0,0,0,0,-100000,0,0,0,0,100000,-100000,-100000
07647P,健策國票9A售04  ,0,0,0,0,0,0,0,0,0,-100000,0,0,0,200000,300000,-100000,-100000
064282,大立光元大9C購13,0,0,0,0,0,0,0,0,0,-100000,0,0,0,0,100000,-100000,-100000
063562,國巨元大9C購06  ,0,0,0,0,0,0,0,0,0,-100000,0,0,0,0,100000,-100000,-100000
063903,國巨麥證01購01  ,0,0,0,20000,120000,-100000,0,0,0,-100000,0,0,0,20000,120000,-100000,-100000
066758,智邦永豐01購01  ,0,0,0,0,0,0,0,0,0,-100000,0,0,0,1000,101000,-100000,-100000
066840,臺指反元大04購05,0,0,0,0,0,0,0,0,0,-100000,0,0,0,0,100000,-100000,-100000
067264,美利達國票02購01,0,0,0,0,0,0,0,0,0,-100000,0,0,0,0,100000,-100000,-100000
067300,金像電元大02購02,0,0,0,0,0,0,0,0,0,-100000,0,0,0,6000,106000,-100000,-100000
067490,嘉澤元大01購04  ,0,0,0,0,0,0,0,0,0,-100000,0,0,0,0,100000,-100000,-100000
067450,聯發科國票02購01,0,0,0,0,0,0,0,0,0,-100000,0,0,0,54000,154000,-100000,-100000
07102P,南電元大99售03  ,0,0,0,0,0,0,0,0,0,-100000,0,0,0,0,100000,-100000,-100000
07074P,FBVIX凱基9A售01 ,0,0,0,0,0,0,0,0,0,-100000,0,0,0,0,100000,-100000,-100000
067786,緯創群益04購01  ,0,0,0,0,0,0,0,0,0,-100000,0,0,0,117000,217000,-100000,-100000
057681,T50反1日盛9C購01,0,0,0,0,0,0,0,0,0,-100000,0,0,0,100000,200000,-100000,-100000
057621,崇越凱基98購01  ,0,0,0,0,0,0,0,0,0,-100000,0,0,0,0,100000,-100000,-100000
058911,茂林元大99購04  ,0,0,0,0,0,0,0,0,0,-100000,0,0,0,0,100000,-100000,-100000
057527,億光元大98購01  ,0,0,0,0,0,0,0,0,0,-100000,0,0,0,20000,120000,-100000,-100000
057514,華新科元富99購03,0,0,0,0,0,0,0,0,0,-100000,0,0,0,0,100000,-100000,-100000
058577,南亞科群益99購02,0,0,0,0,0,0,0,0,0,-100000,0,0,0,0,100000,-100000,-100000
058604,華邦電元大99購03,0,0,0,0,0,0,0,0,0,-100000,0,0,0,0,100000,-100000,-100000
058260,華新科富邦9C購01,0,0,0,0,0,0,0,0,0,-100000,0,0,0,0,100000,-100000,-100000
058973,麗豐永豐99購01  ,0,0,0,0,0,0,0,0,0,-100000,0,0,0,0,100000,-100000,-100000
059091,中信金元大99購01,0,0,0,0,0,0,0,0,0,-100000,0,0,0,0,100000,-100000,-100000
062751,華擎中信9C購01  ,0,0,0,0,0,0,0,0,0,-100000,0,0,0,57000,157000,-100000,-100000
062844,T50反1國泰9C購01,0,0,0,0,0,0,0,0,0,-100000,0,0,0,0,100000,-100000,-100000
062896,中興電元大9B購01,0,0,0,0,0,0,0,0,0,-100000,0,0,0,0,100000,-100000,-100000
062574,美食群益9B購02  ,0,0,0,0,0,0,0,0,0,-100000,0,0,0,0,100000,-100000,-100000
062569,南電中信01購01  ,0,0,0,0,0,0,0,0,0,-100000,0,0,0,1000,101000,-100000,-100000
054088,華新群益98購02  ,0,0,0,0,0,0,0,0,0,-100000,0,0,0,0,100000,-100000,-100000
053396,漢唐中信9A購01  ,0,0,0,0,0,0,0,0,0,-100000,0,0,0,0,100000,-100000,-100000
054826,復盛元大9A購01  ,0,0,0,0,0,0,0,0,0,-100000,0,0,0,0,100000,-100000,-100000
054451,上銀亞東98購01  ,0,0,0,0,0,0,0,0,0,-100000,0,0,0,0,100000,-100000,-100000
054466,欣興凱基97購03  ,0,0,0,0,0,0,0,0,0,-100000,0,0,0,0,100000,-100000,-100000
052853,友達日盛99購01  ,0,0,0,0,0,0,0,0,0,-100000,0,0,0,0,100000,-100000,-100000
057179,可成元大98購04  ,0,0,0,0,0,0,0,0,0,-100000,0,0,0,0,100000,-100000,-100000
058514,潤泰全元大99購01,0,0,0,0,0,0,0,0,0,-100000,0,0,0,34000,134000,-100000,-100000
058502,鴻海元大99購13  ,0,0,0,0,0,0,0,0,0,-100000,0,0,0,0,100000,-100000,-100000
062868,葡萄王中信9B購01,0,0,0,0,0,0,0,0,0,-100000,0,0,0,0,100000,-100000,-100000
062111,台勝科國票9B購01,0,0,0,0,0,0,0,0,0,-100000,0,0,0,0,100000,-100000,-100000
062131,臺指反群益9B購03,0,0,0,0,0,0,0,0,0,-100000,0,0,0,0,100000,-100000,-100000
062167,燿華永豐9B購01  ,0,0,0,0,0,0,0,0,0,-100000,0,0,0,0,100000,-100000,-100000
060050,鴻海凱基9B購01  ,0,0,0,0,0,0,0,0,0,-100000,0,0,0,0,100000,-100000,-100000
063020,奇力新元大9B購04,0,0,0,0,0,0,0,0,0,-100000,0,0,0,0,100000,-100000,-100000
061857,康友國票9B購01  ,0,0,0,0,0,0,0,0,0,-100000,0,0,0,0,100000,-100000,-100000
061828,T50反1凱基02購01,0,0,0,0,0,0,0,0,0,-100000,0,0,0,0,100000,-100000,-100000
061831,智邦凱基9B購02  ,0,0,0,0,0,0,0,0,0,-100000,0,0,0,0,100000,-100000,-100000
061838,華新科凱基05購03,0,0,0,0,0,0,0,0,0,-100000,0,0,0,2000,102000,-100000,-100000
062262,茂林元大9B購02  ,0,0,0,0,0,0,0,0,0,-100000,0,0,0,20000,120000,-100000,-100000
061525,華新科凱基9A購13,0,0,0,0,0,0,0,0,0,-100000,0,0,0,19000,119000,-100000,-100000
061056,臺指反國票02購01,0,0,0,0,0,0,0,0,0,-100000,0,0,0,0,100000,-100000,-100000
062458,全新群益9B購03  ,0,0,0,0,0,0,0,0,0,-100000,0,0,0,6000,106000,-100000,-100000
059500,鴻海元富99購11  ,0,0,0,0,0,0,0,0,0,-100000,0,0,0,0,100000,-100000,-100000
060859,鴻海永豐9A購01  ,0,0,0,0,0,0,0,0,0,-100000,0,0,0,0,100000,-100000,-100000
060813,高鐵凱基9A購01  ,0,0,0,0,0,0,0,0,0,-100000,0,0,0,0,100000,-100000,-100000
060379,T50反1凱基9A購07,0,0,0,0,0,0,0,0,0,-100000,0,0,0,0,100000,-100000,-100000
060531,大立光中信9A購04,0,0,0,0,0,0,0,0,0,-100000,0,0,0,0,100000,-100000,-100000
063472,茂林元大9B購04  ,0,0,0,0,0,0,0,0,0,-100000,0,0,0,0,100000,-100000,-100000
060598,鴻海凱基9A購20  ,0,0,0,0,0,0,0,0,0,-100000,0,0,0,0,100000,-100000,-100000
064513,T50反1群益9C購01,0,0,0,0,0,0,0,0,0,-100000,0,0,0,0,100000,-100000,-100000
064472,國巨麥證9C購03  ,0,0,0,0,100000,-100000,0,0,0,-100000,0,0,0,0,100000,-100000,-100000
063685,鴻海永豐9B購03  ,0,0,0,0,0,0,0,0,0,-100000,0,0,0,0,100000,-100000,-100000
064628,南六元大9C購05  ,0,0,0,0,0,0,0,0,0,-100000,0,0,0,0,100000,-100000,-100000
065168,台積電元大02購02,0,0,0,0,0,0,0,0,0,-100000,0,0,0,4000,104000,-100000,-100000
065216,群創國泰01購02  ,0,0,0,0,0,0,0,0,0,-100000,0,0,0,0,100000,-100000,-100000
066167,強茂凱基01購01  ,0,0,0,0,0,0,0,0,0,-100000,0,0,0,35000,135000,-100000,-100000
066519,達方永豐01購01  ,0,0,0,0,0,0,0,0,0,-100000,0,0,0,29000,129000,-100000,-100000
066564,智伸科元大01購01,0,0,0,0,0,0,0,0,0,-100000,0,0,0,0,100000,-100000,-100000
065825,鴻海凱基02購02  ,0,0,0,0,0,0,0,0,0,-100000,0,0,0,82000,182000,-100000,-100000
065841,國巨元大9C購20  ,0,0,0,0,0,0,0,0,0,-100000,0,0,0,0,100000,-100000,-100000
065764,康友元大9C購02  ,0,0,0,0,0,0,0,0,0,-100000,0,0,0,105000,205000,-100000,-100000
065554,群創凱基02購02  ,0,0,0,0,0,0,0,0,0,-100000,0,0,0,0,100000,-100000,-100000
08921P,台灣50國泰03售01,0,0,0,0,0,0,0,0,0,-100000,0,0,0,0,100000,-100000,-100000
911608,明輝-DR         ,0,100000,-100000,0,0,0,0,0,0,0,0,0,0,0,0,0,-100000
067064,為升元大01購02  ,0,0,0,0,0,0,0,0,0,-101000,0,0,0,0,101000,-101000,-101000
066802,亞光凱基02購01  ,0,0,0,0,0,0,0,0,0,-101000,0,0,0,0,101000,-101000,-101000
063615,瑞祺群益9B購03  ,0,0,0,0,0,0,0,0,0,-101000,0,0,0,0,101000,-101000,-101000
08158P,嘉澤元富9B售03  ,0,0,0,0,0,0,0,0,0,-101000,0,0,0,60000,161000,-101000,-101000
08306P,台積電凱基01售04,0,0,0,0,0,0,0,0,0,-101000,0,0,0,5000,106000,-101000,-101000
060628,和大富邦9B購01  ,0,0,0,0,0,0,0,0,0,-101000,0,0,0,10000,111000,-101000,-101000
060882,大立光中信9A購05,0,0,0,0,0,0,0,0,0,-101000,0,0,0,0,101000,-101000,-101000
061188,大成鋼富邦9B購01,0,0,0,0,0,0,0,0,0,-101000,0,0,0,0,101000,-101000,-101000
065293,玉晶光群益01購07,0,0,0,0,0,0,0,0,0,-101000,0,0,0,41000,142000,-101000,-101000
064951,聯發科凱基01購04,0,0,0,0,0,0,0,0,0,-101000,0,0,0,59000,160000,-101000,-101000
064807,義隆元大9C購03  ,0,0,0,0,0,0,0,0,0,-101000,0,0,0,66000,167000,-101000,-101000
063895,新光金群益01購01,0,0,0,0,0,0,0,0,0,-102000,0,0,0,0,102000,-102000,-102000
063915,祥碩凱基01購01  ,0,0,0,0,0,0,0,0,0,-102000,0,0,0,46000,148000,-102000,-102000
064125,聯發科元大02購01,0,0,0,0,0,0,0,0,0,-102000,0,0,0,10000,112000,-102000,-102000
064048,大立光統一9C購07,0,0,0,0,0,0,0,0,0,-102000,0,0,0,84000,186000,-102000,-102000
066745,瀚宇博元大01購01,0,0,0,0,0,0,0,0,0,-102000,0,0,0,373000,475000,-102000,-102000
067160,燿華國票03購01  ,0,0,0,0,0,0,0,0,0,-102000,0,0,0,51000,153000,-102000,-102000
067316,嘉澤元大01購03  ,0,0,0,0,0,0,0,0,0,-102000,0,0,0,0,102000,-102000,-102000
058371,智原凱基9A購01  ,0,0,0,0,0,0,0,0,0,-102000,0,0,0,10000,112000,-102000,-102000
057411,臺股指群益99購05,0,0,0,0,0,0,0,0,0,-102000,0,0,0,0,102000,-102000,-102000
057626,技嘉富邦9A購01  ,0,0,0,0,0,0,0,0,0,-102000,0,0,0,80000,182000,-102000,-102000
060109,茂林元大99購05  ,0,0,0,0,0,0,0,0,0,-102000,0,0,0,1000,103000,-102000,-102000
061367,瑞祺國票9A購01  ,0,0,0,0,0,0,0,0,0,-102000,0,0,0,0,102000,-102000,-102000
060229,楠梓電元大9C購01,0,0,0,0,0,0,0,0,0,-102000,0,0,0,23000,125000,-102000,-102000
063467,大立光元大9C購06,0,0,0,0,0,0,0,0,0,-102000,0,0,0,58000,160000,-102000,-102000
063307,同欣電凱基9B購02,0,0,0,0,0,0,0,0,0,-102000,0,0,0,0,102000,-102000,-102000
064398,聚陽凱基01購01  ,0,0,0,0,0,0,0,0,0,-102000,0,0,0,3000,105000,-102000,-102000
065084,南亞科元大9C購08,0,0,0,0,0,0,0,0,0,-102000,0,0,0,16000,118000,-102000,-102000
065746,光寶科元大9C購01,0,0,0,0,0,0,0,0,0,-102000,0,0,0,119000,221000,-102000,-102000
08615P,同欣電統一9C售02,0,0,0,0,0,0,0,0,0,-102000,0,0,0,8000,110000,-102000,-102000
3034,聯詠            ,2334000,2011790,322210,0,0,0,0,18000,-18000,-407000,26000,326000,-300000,26000,133000,-107000,-102790
063842,國巨元大9C購10  ,0,0,0,0,0,0,0,0,0,-103000,0,0,0,24000,127000,-103000,-103000
064198,超眾群益9C購01  ,0,0,0,0,0,0,0,0,0,-103000,0,0,0,21000,124000,-103000,-103000
05750P,臺股指群益99售04,0,0,0,0,0,0,0,0,0,-103000,0,0,0,5000,108000,-103000,-103000
056136,京鼎元大98購01  ,0,0,0,0,0,0,0,0,0,-103000,0,0,0,86000,189000,-103000,-103000
056945,鴻海統一98購12  ,0,0,0,0,0,0,0,0,0,-103000,0,0,0,30000,133000,-103000,-103000
00647L,元大S&P500正2   ,14000,4000,10000,0,0,0,0,0,0,-113000,0,0,0,175000,288000,-113000,-103000
065831,緯創凱基9C購03  ,0,0,0,0,0,0,0,0,0,-103000,0,0,0,47000,150000,-103000,-103000
066108,惠特國票02購02  ,0,0,0,0,0,0,0,0,0,-103000,0,0,0,0,103000,-103000,-103000
066157,晶碩康和01購01  ,0,0,0,0,0,0,0,0,0,-103000,0,0,0,19000,122000,-103000,-103000
064591,臻鼎永豐9C購01  ,0,0,0,0,0,0,0,0,0,-103000,0,0,0,0,103000,-103000,-103000
064572,同欣電群益9C購02,0,0,0,0,0,0,0,0,0,-103000,0,0,0,50000,153000,-103000,-103000
08644P,臺股指中信02售02,0,0,0,0,0,0,0,0,0,-103000,0,0,0,545000,648000,-103000,-103000
062822,力成兆豐9B購01  ,0,0,0,0,0,0,0,0,0,-104000,0,0,0,10000,114000,-104000,-104000
061666,友達中信01購01  ,0,0,0,0,0,0,0,0,0,-104000,0,0,0,5000,109000,-104000,-104000
062279,晶豪科群益9B購01,0,0,0,0,0,0,0,0,0,-104000,0,0,0,0,104000,-104000,-104000
064402,宏碁凱基01購01  ,0,0,0,0,0,0,0,0,0,-104000,0,0,0,68000,172000,-104000,-104000
065135,和大凱基01購01  ,0,0,0,0,0,0,0,0,0,-104000,0,0,0,4000,108000,-104000,-104000
065210,健策國票01購03  ,0,0,0,0,0,0,0,0,0,-104000,0,0,0,87000,191000,-104000,-104000
066145,昇陽半群益01購01,0,0,0,0,0,0,0,0,0,-104000,0,0,0,50000,154000,-104000,-104000
066336,聯陽永豐01購01  ,0,0,0,0,0,0,0,0,0,-104000,0,0,0,27000,131000,-104000,-104000
063622,健策兆豐9B購01  ,0,0,0,0,0,0,0,0,0,-105000,0,0,0,40000,145000,-105000,-105000
063601,金像電凱基01購01,0,0,0,0,0,0,0,0,0,-105000,0,0,0,183000,288000,-105000,-105000
08275P,南亞科元富9C售01,0,0,0,0,0,0,0,0,0,-105000,0,0,0,160000,265000,-105000,-105000
066862,台達電台新01購01,0,0,0,0,0,0,0,0,0,-105000,0,0,0,14000,119000,-105000,-105000
062767,GIS凱基9B購02   ,0,0,0,0,0,0,0,0,0,-105000,0,0,0,3000,108000,-105000,-105000
060214,茂林康和9A購01  ,0,0,0,0,0,0,0,0,0,-105000,0,0,0,0,105000,-105000,-105000
063284,大立光元大9B購07,0,0,0,0,0,0,0,0,0,-105000,0,0,0,0,105000,-105000,-105000
066130,燿華群益01購03  ,0,0,0,0,0,0,0,0,0,-105000,0,0,0,42000,147000,-105000,-105000
066447,智伸科群益01購02,0,0,0,0,0,0,0,0,0,-105000,0,0,0,60000,165000,-105000,-105000
065871,南亞科群益9C購03,0,0,0,0,0,0,0,0,0,-105000,0,0,0,5000,110000,-105000,-105000
065706,奇鋐群益9C購02  ,0,0,0,0,0,0,0,0,0,-105000,0,0,0,16000,121000,-105000,-105000
065608,緯創元大9C購04  ,0,0,0,0,0,0,0,0,0,-105000,0,0,0,171000,276000,-105000,-105000
065324,聯發科凱基9C購10,0,0,0,0,0,0,0,0,0,-105000,0,0,0,144000,249000,-105000,-105000
065348,中壽統一9C購02  ,0,0,0,0,0,0,0,0,0,-105000,0,0,0,0,105000,-105000,-105000
065108,建準國票01購01  ,0,0,0,0,0,0,0,0,0,-105000,0,0,0,41000,146000,-105000,-105000
064355,南六元大01購01  ,0,0,0,0,0,0,0,0,0,-105000,0,0,0,102000,207000,-105000,-105000
066909,義隆凱基01購04  ,0,0,0,0,0,0,0,0,0,-106000,0,0,0,30000,136000,-106000,-106000
067366,巨大群益01購01  ,0,0,0,0,0,0,0,0,0,-106000,0,0,0,3000,109000,-106000,-106000
07875P,祥碩群益9B售01  ,0,0,0,0,0,0,0,0,0,-106000,0,0,0,20000,126000,-106000,-106000
064283,奇鋐元大9C購02  ,0,0,0,0,0,0,0,0,0,-106000,0,0,0,53000,159000,-106000,-106000
064145,宏碁統一02購01  ,0,0,0,0,0,0,0,0,0,-106000,0,0,0,431000,537000,-106000,-106000
063448,聯發科統一9C購11,0,0,0,0,0,0,0,0,0,-106000,0,0,0,22000,128000,-106000,-106000
060029,嘉晶永豐99購03  ,0,0,0,0,0,0,0,0,0,-106000,0,0,0,15000,121000,-106000,-106000
062941,大立光凱基9B購07,0,0,0,0,0,0,0,0,0,-106000,0,0,0,66000,172000,-106000,-106000
064579,大立光富邦03購02,0,0,0,0,0,0,0,0,0,-106000,0,0,0,0,106000,-106000,-106000
065642,台積電元大9C購13,0,0,0,0,0,0,0,0,0,-106000,0,0,0,145000,251000,-106000,-106000
066271,東森元大01購01  ,0,0,0,0,0,0,0,0,0,-106000,0,0,0,0,106000,-106000,-106000
066410,潤泰新凱基01購01,0,0,0,0,0,0,0,0,0,-106000,0,0,0,10000,116000,-106000,-106000
8271,宇瞻            ,342000,465000,-123000,0,0,0,0,0,0,17000,18000,1000,17000,0,0,0,-106000
063944,建準元大9C購01  ,0,0,0,0,0,0,0,0,0,-107000,0,0,0,174000,281000,-107000,-107000
07142P,台灣50元大01售01,0,0,0,0,0,0,0,0,0,-107000,0,0,0,117000,224000,-107000,-107000
057543,華通凱基99購02  ,0,0,0,0,0,0,0,0,0,-107000,0,0,0,0,107000,-107000,-107000
057328,京鼎群益99購02  ,0,0,0,0,0,0,0,0,0,-107000,0,0,0,0,107000,-107000,-107000
057823,神達元大98購01  ,0,0,0,0,0,0,0,0,0,-107000,0,0,0,93000,200000,-107000,-107000
062138,力成群益9B購01  ,0,0,0,0,0,0,0,0,0,-107000,0,0,0,28000,135000,-107000,-107000
060243,潤泰全元大9C購02,0,0,0,0,0,0,0,0,0,-107000,0,0,0,35000,142000,-107000,-107000
063282,奇力新元大9B購06,0,0,0,0,0,0,0,0,0,-107000,0,0,0,20000,127000,-107000,-107000
066382,拓凱康和01購01  ,0,0,0,0,0,0,0,0,0,-107000,0,0,0,76000,183000,-107000,-107000
065802,義隆群益9C購05  ,0,0,0,0,0,0,0,0,0,-107000,0,0,0,25000,132000,-107000,-107000
066045,聯發科元大01購08,0,0,0,0,0,0,0,0,0,-107000,0,0,0,4000,111000,-107000,-107000
065963,鴻海元大01購05  ,0,0,0,0,0,0,0,0,0,-107000,0,0,0,0,107000,-107000,-107000
065141,國巨凱基9C購10  ,0,0,0,0,0,0,0,0,0,-107000,0,0,0,92000,199000,-107000,-107000
065347,聯發科統一9C購15,0,0,0,0,0,0,0,0,0,-107000,0,0,0,0,107000,-107000,-107000
1217,愛之味          ,249000,356000,-107000,0,0,0,0,0,0,0,0,0,0,0,0,0,-107000
063113,聯茂兆豐9B購01  ,0,0,0,0,0,0,0,0,0,-108000,0,0,0,12000,120000,-108000,-108000
07758P,台積電國票9A售06,0,0,0,0,0,0,0,0,0,-108000,0,0,0,10000,118000,-108000,-108000
057777,可成群益9A購03  ,0,0,0,0,0,0,0,0,0,-108000,0,0,0,0,108000,-108000,-108000
058645,康控富邦01購01  ,0,0,0,0,0,0,0,0,0,-108000,0,0,0,165000,273000,-108000,-108000
00703,台新MSCI中國    ,0,0,0,0,0,0,0,0,0,-108000,0,0,0,212000,320000,-108000,-108000
054287,台積電元大97購11,0,0,0,0,0,0,0,0,0,-108000,0,0,0,16000,124000,-108000,-108000
056459,茂林凱基99購01  ,0,0,0,0,0,0,0,0,0,-108000,0,0,0,29000,137000,-108000,-108000
063262,南六富邦9C購01  ,0,0,0,0,0,0,0,0,0,-108000,0,0,0,278000,386000,-108000,-108000
065485,巨大元大9C購02  ,0,0,0,0,0,0,0,0,0,-108000,0,0,0,77000,185000,-108000,-108000
065232,健策凱基02購01  ,0,0,0,0,0,0,0,0,0,-108000,0,0,0,0,108000,-108000,-108000
066657,滬深2X凱基04購01,0,0,0,0,0,0,0,0,0,-108000,0,0,0,0,108000,-108000,-108000
067650,技嘉元富07購03  ,0,0,0,0,0,0,0,0,0,-109000,0,0,0,0,109000,-109000,-109000
067448,華碩國票01購01  ,0,0,0,0,0,0,0,0,0,-109000,0,0,0,0,109000,-109000,-109000
067229,台達電群益01購02,0,0,0,0,0,0,0,0,0,-109000,0,0,0,100000,209000,-109000,-109000
058522,聯茂元大99購07  ,0,0,0,0,0,0,0,0,0,-109000,0,0,0,41000,150000,-109000,-109000
056716,康舒永豐98購01  ,0,0,0,0,0,0,0,0,0,-109000,0,0,0,170000,279000,-109000,-109000
058795,可成元大99購03  ,0,0,0,0,0,0,0,0,0,-109000,0,0,0,0,109000,-109000,-109000
059113,群光永豐99購01  ,0,0,0,0,0,0,0,0,0,-109000,0,0,0,4000,113000,-109000,-109000
058144,聯茂元大99購02  ,0,0,0,0,0,0,0,0,0,-109000,0,0,0,68000,177000,-109000,-109000
060699,華新科國泰9B購03,0,0,0,0,0,0,0,0,0,-109000,0,0,0,0,109000,-109000,-109000
062152,國巨麥證9C購01  ,0,0,0,0,109000,-109000,0,0,0,-109000,0,0,0,0,109000,-109000,-109000
064695,京鼎群益02購02  ,0,0,0,0,0,0,0,0,0,-109000,0,0,0,118000,227000,-109000,-109000
064446,聚陽統一02購02  ,0,0,0,0,0,0,0,0,0,-109000,0,0,0,308000,417000,-109000,-109000
08724P,臺股指元大01售05,0,0,0,0,0,0,0,0,0,-109000,0,0,0,5000,114000,-109000,-109000
08455P,台積電凱基9C售05,0,0,0,0,0,0,0,0,0,-109000,0,0,0,16000,125000,-109000,-109000
2379,瑞昱            ,2059885,2084086,-24201,0,0,0,4000,387000,-383000,298000,244000,25000,219000,89000,10000,79000,-109201
067074,中信金元大01購01,0,0,0,0,0,0,0,0,0,-110000,0,0,0,0,110000,-110000,-110000
066742,健策元大02購03  ,0,0,0,0,0,0,0,0,0,-110000,0,0,0,68000,178000,-110000,-110000
067420,國巨凱基02購03  ,0,0,0,0,0,0,0,0,0,-110000,0,0,0,7000,117000,-110000,-110000
08075P,聯電群益9C售01  ,0,0,0,0,0,0,0,0,0,-110000,0,0,0,0,110000,-110000,-110000
063969,晶豪科國票01購01,0,0,0,0,0,0,0,0,0,-110000,0,0,0,0,110000,-110000,-110000
058479,亞光凱基9A購01  ,0,0,0,0,0,0,0,0,0,-110000,0,0,0,0,110000,-110000,-110000
057161,亞德客元大98購02,0,0,0,0,0,0,0,0,0,-110000,0,0,0,90000,200000,-110000,-110000
053361,友達元富99購01  ,0,0,0,0,0,0,0,0,0,-110000,0,0,0,0,110000,-110000,-110000
062975,京鼎元富9B購01  ,0,0,0,0,0,0,0,0,0,-110000,0,0,0,68000,178000,-110000,-110000
061834,華新科凱基02購02,0,0,0,0,0,0,0,0,0,-110000,0,0,0,0,110000,-110000,-110000
061725,國巨麥證9A購05  ,0,0,0,0,110000,-110000,0,0,0,-110000,0,0,0,0,110000,-110000,-110000
060884,超眾中信9B購01  ,0,0,0,0,0,0,0,0,0,-110000,0,0,0,0,110000,-110000,-110000
061012,國巨麥證9A購03  ,0,0,0,0,110000,-110000,0,0,0,-110000,0,0,0,0,110000,-110000,-110000
059706,嘉晶凱基99購01  ,0,0,0,0,0,0,0,0,0,-110000,0,0,0,5000,115000,-110000,-110000
059624,鴻海凱基01購01  ,0,0,0,0,0,0,0,0,0,-110000,0,0,0,20000,130000,-110000,-110000
064689,台積電群益9C購09,0,0,0,0,0,0,0,0,0,-110000,0,0,0,84000,194000,-110000,-110000
066608,國巨麥證01購03  ,0,0,0,0,110000,-110000,0,0,0,-110000,0,0,0,0,110000,-110000,-110000
066609,國巨麥證01購04  ,0,0,0,0,110000,-110000,0,0,0,-110000,0,0,0,0,110000,-110000,-110000
066194,美利達凱基01購01,0,0,0,0,0,0,0,0,0,-110000,0,0,0,50000,160000,-110000,-110000
066007,大立光統一02購06,0,0,0,0,0,0,0,0,0,-110000,0,0,0,98000,208000,-110000,-110000
065845,友達元大9C購12  ,0,0,0,0,0,0,0,0,0,-110000,0,0,0,0,110000,-110000,-110000
065857,嘉聯益元大9C購03,0,0,0,0,0,0,0,0,0,-110000,0,0,0,212000,322000,-110000,-110000
065667,台光電凱基01購01,0,0,0,0,0,0,0,0,0,-110000,0,0,0,80000,190000,-110000,-110000
065671,大立光凱基9C購07,0,0,0,0,0,0,0,0,0,-110000,0,0,0,10000,120000,-110000,-110000
08490P,上銀元大9C售08  ,0,0,0,0,0,0,0,0,0,-110000,0,0,0,0,110000,-110000,-110000
08650P,臺股指元大9C售36,0,0,0,0,0,0,0,0,0,-110000,0,0,0,0,110000,-110000,-110000
08630P,臺股指麥證9C售05,0,0,0,75000,185000,-110000,0,0,0,-110000,0,0,0,75000,185000,-110000,-110000
1722,台肥            ,1355000,1445369,-90369,0,0,0,0,6000,-6000,-14000,0,10000,-10000,1000,5000,-4000,-110369
064078,台積電中信06購04,0,0,0,0,0,0,0,0,0,-111000,0,0,0,6000,117000,-111000,-111000
08146P,台積電群益9B售08,0,0,0,0,0,0,0,0,0,-111000,0,0,0,0,111000,-111000,-111000
07590P,玉晶光國票9A售03,0,0,0,0,0,0,0,0,0,-111000,0,0,0,49000,160000,-111000,-111000
067175,國巨麥證01購06  ,0,0,0,0,111000,-111000,0,0,0,-111000,0,0,0,0,111000,-111000,-111000
056578,智易元大99購02  ,0,0,0,0,0,0,0,0,0,-111000,0,0,0,25000,136000,-111000,-111000
059123,訊芯永豐99購03  ,0,0,0,0,0,0,0,0,0,-111000,0,0,0,216000,327000,-111000,-111000
060543,鴻海凱基9B購02  ,0,0,0,0,0,0,0,0,0,-111000,0,0,0,99000,210000,-111000,-111000
065752,正崴元大9C購01  ,0,0,0,0,0,0,0,0,0,-111000,0,0,0,9000,120000,-111000,-111000
065867,鴻海群益9C購08  ,0,0,0,0,0,0,0,0,0,-111000,0,0,0,27000,138000,-111000,-111000
1325,恆大            ,852000,1128000,-276000,0,0,0,0,0,0,165000,188000,8000,180000,0,15000,-15000,-111000
066731,瑞昱元大01購01  ,0,0,0,0,0,0,0,0,0,-112000,0,0,0,209000,321000,-112000,-112000
08068P,宏達電國泰9C售01,0,0,0,0,0,0,0,0,0,-112000,0,0,0,5000,117000,-112000,-112000
063111,TPK兆豐9B購01   ,0,0,0,0,0,0,0,0,0,-112000,0,0,0,227000,339000,-112000,-112000
064195,晶豪科群益9C購01,0,0,0,0,0,0,0,0,0,-112000,0,0,0,39000,151000,-112000,-112000
057924,健策凱基98購02  ,0,0,0,0,0,0,0,0,0,-112000,0,0,0,0,112000,-112000,-112000
058105,旺宏統一9A購02  ,0,0,0,0,0,0,0,0,0,-112000,0,0,0,28000,140000,-112000,-112000
058477,億光凱基9A購01  ,0,0,0,0,0,0,0,0,0,-112000,0,0,0,21000,133000,-112000,-112000
060769,國巨麥證9A購02  ,0,0,0,0,112000,-112000,0,0,0,-112000,0,0,0,0,112000,-112000,-112000
061509,SP黃豆富邦9C購01,0,0,0,0,0,0,0,0,0,-112000,0,0,0,0,112000,-112000,-112000
062080,奇力新元大9B購02,0,0,0,0,0,0,0,0,0,-112000,0,0,0,0,112000,-112000,-112000
066522,建準中信01購01  ,0,0,0,0,0,0,0,0,0,-112000,0,0,0,10000,122000,-112000,-112000
063732,建準元大9B購02  ,0,0,0,0,0,0,0,0,0,-112000,0,0,0,353000,465000,-112000,-112000
065189,台郡統一9C購03  ,0,0,0,0,0,0,0,0,0,-112000,0,0,0,0,112000,-112000,-112000
067109,晶豪科群益01購01,0,0,0,0,0,0,0,0,0,-113000,0,0,0,0,113000,-113000,-113000
055631,創意永豐98購01  ,0,0,0,0,0,0,0,0,0,-113000,0,0,0,10000,123000,-113000,-113000
058245,訊連元大99購01  ,0,0,0,0,0,0,0,0,0,-113000,0,0,0,173000,286000,-113000,-113000
061268,玉晶光凱基9B購04,0,0,0,0,0,0,0,0,0,-113000,0,0,0,0,113000,-113000,-113000
061960,國巨統一01購05  ,0,0,0,0,0,0,0,0,0,-113000,0,0,0,10000,123000,-113000,-113000
062019,嘉澤永豐9B購01  ,0,0,0,0,0,0,0,0,0,-113000,0,0,0,12000,125000,-113000,-113000
065382,緯穎元大9C購04  ,0,0,0,0,0,0,0,0,0,-113000,0,0,0,319000,432000,-113000,-113000
065854,臻鼎元大9C購05  ,0,0,0,0,0,0,0,0,0,-113000,0,0,0,80000,193000,-113000,-113000
065921,GIS凱基01購02   ,0,0,0,0,0,0,0,0,0,-113000,0,0,0,44000,157000,-113000,-113000
067107,義隆群益01購02  ,0,0,0,0,0,0,0,0,0,-114000,0,0,0,135000,249000,-114000,-114000
067098,台積電群益01購10,0,0,0,0,0,0,0,0,0,-114000,0,0,0,101000,215000,-114000,-114000
067242,景碩群益01購03  ,0,0,0,0,0,0,0,0,0,-114000,0,0,0,0,114000,-114000,-114000
067685,瀚宇博元大01購03,0,0,0,0,0,0,0,0,0,-114000,0,0,0,216000,330000,-114000,-114000
064285,貿聯元大9C購02  ,0,0,0,0,0,0,0,0,0,-114000,0,0,0,0,114000,-114000,-114000
061416,聯茂群益9A購01  ,0,0,0,0,0,0,0,0,0,-114000,0,0,0,4000,118000,-114000,-114000
060058,牧德凱基9B購01  ,0,0,0,0,0,0,0,0,0,-114000,0,0,0,0,114000,-114000,-114000
063049,上海銀兆豐9B購01,0,0,0,0,0,0,0,0,0,-114000,0,0,0,107000,221000,-114000,-114000
062406,臻鼎永豐9B購01  ,0,0,0,0,0,0,0,0,0,-114000,0,0,0,198000,312000,-114000,-114000
063342,台光電統一9B購02,0,0,0,0,0,0,0,0,0,-114000,0,0,0,249000,363000,-114000,-114000
065372,漢唐元大9C購02  ,0,0,0,0,0,0,0,0,0,-114000,0,0,0,30000,144000,-114000,-114000
064727,群創統一02購03  ,0,0,0,0,0,0,0,0,0,-114000,0,0,0,80000,194000,-114000,-114000
064833,新光金統一02購01,0,0,0,0,0,0,0,0,0,-114000,0,0,0,0,114000,-114000,-114000
8249,菱光            ,45000,161000,-116000,0,0,0,0,0,0,2000,2000,0,2000,0,0,0,-114000
063626,聚陽元大9B購03  ,0,0,0,0,0,0,0,0,0,-115000,0,0,0,66000,181000,-115000,-115000
063657,茂林元富9B購04  ,0,0,0,0,0,0,0,0,0,-115000,0,0,0,96000,211000,-115000,-115000
08236P,國巨富邦03售01  ,0,0,0,0,0,0,0,0,0,-115000,0,0,0,0,115000,-115000,-115000
067374,大立光統一01購08,0,0,0,0,0,0,0,0,0,-115000,0,0,0,0,115000,-115000,-115000
067274,燿華統一03購01  ,0,0,0,0,0,0,0,0,0,-115000,0,0,0,0,115000,-115000,-115000
067168,國巨麥證01購05  ,0,0,0,14000,129000,-115000,0,0,0,-115000,0,0,0,14000,129000,-115000,-115000
067184,聯發科凱基01購13,0,0,0,0,0,0,0,0,0,-115000,0,0,0,0,115000,-115000,-115000
067139,訊連永豐01購01  ,0,0,0,0,0,0,0,0,0,-115000,0,0,0,496000,611000,-115000,-115000
058580,華新科群益99購02,0,0,0,0,0,0,0,0,0,-115000,0,0,0,0,115000,-115000,-115000
056734,國巨凱基99購01  ,0,0,0,0,0,0,0,0,0,-115000,0,0,0,5000,120000,-115000,-115000
060865,創意永豐9A購01  ,0,0,0,0,0,0,0,0,0,-115000,0,0,0,31000,146000,-115000,-115000
060900,超眾凱基9B購01  ,0,0,0,0,0,0,0,0,0,-115000,0,0,0,45000,160000,-115000,-115000
061775,臺指反國票9B購04,0,0,0,0,0,0,0,0,0,-115000,0,0,0,0,115000,-115000,-115000
062275,燿華群益9B購01  ,0,0,0,0,0,0,0,0,0,-115000,0,0,0,51000,166000,-115000,-115000
064708,帆宣永豐9C購01  ,0,0,0,0,0,0,0,0,0,-115000,0,0,0,0,115000,-115000,-115000
065310,華擎國票01購01  ,0,0,0,0,0,0,0,0,0,-115000,0,0,0,50000,165000,-115000,-115000
065679,聯發科統一03購01,0,0,0,0,0,0,0,0,0,-115000,0,0,0,96000,211000,-115000,-115000
067668,金像電元大01購02,0,0,0,0,0,0,0,0,0,-116000,0,0,0,12000,128000,-116000,-116000
07967P,力山元大9B售03  ,0,0,0,0,0,0,0,0,0,-116000,0,0,0,22000,138000,-116000,-116000
057895,全新元富9B購01  ,0,0,0,0,0,0,0,0,0,-116000,0,0,0,0,116000,-116000,-116000
059787,奇力新元大9A購02,0,0,0,0,0,0,0,0,0,-116000,0,0,0,2000,118000,-116000,-116000
059791,超眾元大99購06  ,0,0,0,0,0,0,0,0,0,-116000,0,0,0,26000,142000,-116000,-116000
060929,健策永豐9A購01  ,0,0,0,0,0,0,0,0,0,-116000,0,0,0,0,116000,-116000,-116000
066459,智原統一01購01  ,0,0,0,0,0,0,0,0,0,-116000,0,0,0,511000,627000,-116000,-116000
064705,新光金富邦01購01,0,0,0,0,0,0,0,0,0,-116000,0,0,0,0,116000,-116000,-116000
064625,健策元大01購02  ,0,0,0,0,0,0,0,0,0,-116000,0,0,0,11000,127000,-116000,-116000
08605P,聯發科中信9C售06,0,0,0,0,0,0,0,0,0,-116000,0,0,0,348000,464000,-116000,-116000
07951P,智邦元大9B售05  ,0,0,0,0,0,0,0,0,0,-117000,0,0,0,5000,122000,-117000,-117000
064112,宏碁國票01購01  ,0,0,0,0,0,0,0,0,0,-117000,0,0,0,74000,191000,-117000,-117000
063958,瑞祺元大9C購01  ,0,0,0,0,0,0,0,0,0,-117000,0,0,0,0,117000,-117000,-117000
067487,京鼎元大01購06  ,0,0,0,0,0,0,0,0,0,-117000,0,0,0,30000,147000,-117000,-117000
067145,南港統一03購02  ,0,0,0,0,0,0,0,0,0,-117000,0,0,0,74000,191000,-117000,-117000
061639,晶豪科元大9A購02,0,70000,-70000,0,0,0,0,0,0,-47000,0,0,0,70000,117000,-47000,-117000
060964,日月光凱基9A購01,0,0,0,0,0,0,0,0,0,-117000,0,0,0,50000,167000,-117000,-117000
063166,超眾永豐9B購01  ,0,0,0,0,0,0,0,0,0,-117000,0,0,0,68000,185000,-117000,-117000
064782,健策群益9C購02  ,0,0,0,0,0,0,0,0,0,-117000,0,0,0,16000,133000,-117000,-117000
066563,日月光元大01購01,0,0,0,0,0,0,0,0,0,-117000,0,0,0,272000,389000,-117000,-117000
06658P,台灣50富邦9C售01,0,0,0,0,0,0,0,0,0,-117000,0,0,0,32000,149000,-117000,-117000
08788P,A50正2元富01售03,0,0,0,0,0,0,0,0,0,-117000,0,0,0,0,117000,-117000,-117000
063606,TPK凱基9C購01   ,0,0,0,0,0,0,0,0,0,-118000,0,0,0,74000,192000,-118000,-118000
062616,玉晶光元大9C購06,0,0,0,0,0,0,0,0,0,-118000,0,0,0,7000,125000,-118000,-118000
063670,美食統一9C購01  ,0,0,0,0,0,0,0,0,0,-118000,0,0,0,0,118000,-118000,-118000
061042,致新永豐9A購02  ,0,0,0,0,0,0,0,0,0,-118000,0,0,0,35000,153000,-118000,-118000
062433,上銀元大9B購05  ,0,0,0,0,0,0,0,0,0,-118000,0,0,0,68000,186000,-118000,-118000
059911,國巨元大99購27  ,0,0,0,0,0,0,0,0,0,-118000,0,0,0,13000,131000,-118000,-118000
060097,華新科元大99購23,0,0,0,0,0,0,0,0,0,-118000,0,0,0,4000,122000,-118000,-118000
06178P,大立光第一99售01,0,0,0,0,0,0,0,0,0,-118000,0,0,0,22000,140000,-118000,-118000
062345,和大群益9B購01  ,0,0,0,0,0,0,0,0,0,-118000,0,0,0,0,118000,-118000,-118000
064692,嘉晶群益9C購03  ,0,0,0,0,0,0,0,0,0,-118000,0,0,0,3000,121000,-118000,-118000
064558,台積電群益9C購08,0,0,0,0,0,0,0,0,0,-118000,0,0,0,26000,144000,-118000,-118000
065288,華新科群益02購02,0,0,0,0,0,0,0,0,0,-118000,0,0,0,83000,201000,-118000,-118000
08899P,台積電群益01售16,0,0,0,0,0,0,0,0,0,-118000,0,0,0,525000,643000,-118000,-118000
064130,創意元大9C購02  ,0,0,0,0,0,0,0,0,0,-119000,0,0,0,4000,123000,-119000,-119000
07652P,臺股指中信9A售07,0,0,0,0,0,0,0,0,0,-119000,0,0,0,0,119000,-119000,-119000
066851,瀚宇博元大01購02,0,0,0,0,0,0,0,0,0,-119000,0,0,0,358000,477000,-119000,-119000
067422,微星凱基02購03  ,0,0,0,0,0,0,0,0,0,-119000,0,0,0,0,119000,-119000,-119000
057958,禾伸堂元大99購05,0,0,0,0,0,0,0,0,0,-119000,0,0,0,0,119000,-119000,-119000
065069,臺股指群益9C購17,0,0,0,0,0,0,0,0,0,-119000,0,0,0,0,119000,-119000,-119000
064403,正崴凱基01購01  ,0,0,0,0,0,0,0,0,0,-119000,0,0,0,0,119000,-119000,-119000
065736,同欣電凱基9C購05,0,0,0,0,0,0,0,0,0,-119000,0,0,0,1000,120000,-119000,-119000
065561,同欣電麥證9C購03,0,0,0,50000,133000,-83000,0,0,0,-119000,0,0,0,64000,183000,-119000,-119000
065904,群創富邦02購01  ,0,0,0,0,0,0,0,0,0,-119000,0,0,0,1000,120000,-119000,-119000
066071,台光電凱基02購01,0,0,0,0,0,0,0,0,0,-119000,0,0,0,127000,246000,-119000,-119000
067402,茂林永豐01購01  ,0,0,0,0,0,0,0,0,0,-120000,0,0,0,0,120000,-120000,-120000
06885P,國巨國票99售06  ,0,0,0,0,0,0,0,0,0,-120000,0,0,0,70000,190000,-120000,-120000
067050,京鼎凱基03購01  ,0,0,0,0,0,0,0,0,0,-120000,0,0,0,0,120000,-120000,-120000
064246,南六統一9C購02  ,0,0,0,0,0,0,0,0,0,-120000,0,0,0,84000,204000,-120000,-120000
062880,大立光兆豐9B購02,0,0,0,0,0,0,0,0,0,-120000,0,0,0,10000,130000,-120000,-120000
057646,玉山金元大98購01,0,0,0,0,0,0,0,0,0,-120000,0,0,0,0,120000,-120000,-120000
057733,嘉聯益國泰99購01,0,0,0,0,0,0,0,0,0,-120000,0,0,0,100000,220000,-120000,-120000
058351,上銀凱基9A購02  ,0,0,0,0,0,0,0,0,0,-120000,0,0,0,80000,200000,-120000,-120000
060867,智伸科永豐9A購01,0,0,0,0,0,0,0,0,0,-120000,0,0,0,2000,122000,-120000,-120000
063184,台光電凱基9B購03,0,0,0,0,0,0,0,0,0,-120000,0,0,0,81000,201000,-120000,-120000
065981,超眾元大02購01  ,0,0,0,0,0,0,0,0,0,-120000,0,0,0,131000,251000,-120000,-120000
065520,台勝科群益9C購03,0,0,0,0,0,0,0,0,0,-120000,0,0,0,14000,134000,-120000,-120000
066518,惠特永豐01購02  ,0,0,0,0,0,0,0,0,0,-120000,0,0,0,0,120000,-120000,-120000
066189,和潤凱基01購01  ,0,0,0,0,0,0,0,0,0,-120000,0,0,0,10000,130000,-120000,-120000
064449,金寶統一01購02  ,0,0,0,0,0,0,0,0,0,-120000,0,0,0,0,120000,-120000,-120000
064487,和大元大9C購01  ,0,0,0,0,0,0,0,0,0,-120000,0,0,0,0,120000,-120000,-120000
063796,鴻海凱基9C購02  ,0,0,0,0,0,0,0,0,0,-120000,0,0,0,22000,142000,-120000,-120000
064640,和大凱基03購01  ,0,0,0,0,0,0,0,0,0,-120000,0,0,0,0,120000,-120000,-120000
064843,巨大統一02購01  ,0,0,0,0,0,0,0,0,0,-120000,0,0,0,131000,251000,-120000,-120000
08594P,台積電群益01售05,0,0,0,0,0,0,0,0,0,-120000,0,0,0,10000,130000,-120000,-120000
6531,愛普            ,621000,846000,-225000,0,0,0,90000,0,90000,15000,15000,0,15000,0,0,0,-120000
066983,禾伸堂群益01購01,0,0,0,0,0,0,0,0,0,-121000,0,0,0,66000,187000,-121000,-121000
062728,健策凱基9B購04  ,0,0,0,0,0,0,0,0,0,-121000,0,0,0,3000,124000,-121000,-121000
062203,燿華國票9C購01  ,0,0,0,0,0,0,0,0,0,-121000,0,0,0,0,121000,-121000,-121000
061234,國巨元大9A購18  ,0,0,0,0,0,0,0,0,0,-121000,0,0,0,2000,123000,-121000,-121000
062994,祥碩群益9B購05  ,0,0,0,0,0,0,0,0,0,-121000,0,0,0,56000,177000,-121000,-121000
063773,可成富邦9C購01  ,0,0,0,0,0,0,0,0,0,-121000,0,0,0,103000,224000,-121000,-121000
065132,臻鼎兆豐01購01  ,0,0,0,0,0,0,0,0,0,-121000,0,0,0,180000,301000,-121000,-121000
066426,台勝科元大01購02,0,0,0,0,0,0,0,0,0,-121000,0,0,0,0,121000,-121000,-121000
067338,欣興凱基01購02  ,0,0,0,0,0,0,0,0,0,-122000,0,0,0,96000,218000,-122000,-122000
063640,貿聯元大9B購03  ,0,0,0,0,0,0,0,0,0,-122000,0,0,0,0,122000,-122000,-122000
063926,南亞科統一03購01,0,0,0,0,0,0,0,0,0,-122000,0,0,0,0,122000,-122000,-122000
08252P,台積電國票9C售06,0,0,0,0,0,0,0,0,0,-122000,0,0,0,158000,280000,-122000,-122000
057449,華新科元富99購02,0,0,0,0,0,0,0,0,0,-122000,0,0,0,0,122000,-122000,-122000
059825,嘉晶凱基99購02  ,0,0,0,0,0,0,0,0,0,-122000,0,0,0,15000,137000,-122000,-122000
063173,矽格中信9B購01  ,0,0,0,0,0,0,0,0,0,-122000,0,0,0,38000,160000,-122000,-122000
066295,昇陽半元大01購01,0,0,0,0,0,0,0,0,0,-122000,0,0,0,0,122000,-122000,-122000
065055,臺股指凱基02購04,0,0,0,0,0,0,0,0,0,-122000,0,0,0,249000,371000,-122000,-122000
064212,可成凱基03購01  ,0,0,0,0,0,0,0,0,0,-123000,0,0,0,58000,181000,-123000,-123000
067070,友訊元大01購04  ,0,0,0,0,0,0,0,0,0,-123000,0,0,0,55000,178000,-123000,-123000
061186,牧德國泰9C購01  ,0,0,0,0,0,0,0,0,0,-123000,0,0,0,0,123000,-123000,-123000
061417,力成群益9A購01  ,0,0,0,0,0,0,0,0,0,-123000,0,0,0,6000,129000,-123000,-123000
061492,超眾兆豐9B購01  ,0,0,0,0,0,0,0,0,0,-123000,0,0,0,0,123000,-123000,-123000
063809,矽創兆豐01購01  ,0,0,0,0,0,0,0,0,0,-123000,0,0,0,87000,210000,-123000,-123000
064493,南亞科元大9C購01,0,0,0,0,0,0,0,0,0,-123000,0,0,0,60000,183000,-123000,-123000
064443,同欣電凱基03購01,0,0,0,0,0,0,0,0,0,-123000,0,0,0,39000,162000,-123000,-123000
065818,奇鋐元富9C購01  ,0,0,0,0,0,0,0,0,0,-123000,0,0,0,159000,282000,-123000,-123000
067023,巨大中信01購01  ,0,0,0,0,0,0,0,0,0,-124000,0,0,0,73000,197000,-124000,-124000
08173P,金像電凱基9B售02,0,0,0,0,0,0,0,0,0,-124000,0,0,0,75000,199000,-124000,-124000
058736,鈺齊永豐99購02  ,0,0,0,0,0,0,0,0,0,-124000,0,0,0,0,124000,-124000,-124000
056404,嘉聯益群益9A購01,0,0,0,0,0,0,0,0,0,-124000,0,0,0,66000,190000,-124000,-124000
056497,GIS國泰99購01   ,0,0,0,0,0,0,0,0,0,-124000,0,0,0,3000,127000,-124000,-124000
059954,華新科康和99購01,0,0,0,0,0,0,0,0,0,-124000,0,0,0,0,124000,-124000,-124000
063031,鴻海凱基9C購01  ,0,0,0,0,0,0,0,0,0,-124000,0,0,0,78000,202000,-124000,-124000
060469,台勝科元大9A購02,0,0,0,0,0,0,0,0,0,-124000,0,0,0,3000,127000,-124000,-124000
066554,嘉晶元大01購05  ,0,0,0,0,0,0,0,0,0,-124000,0,0,0,6000,130000,-124000,-124000
064670,智伸科元大9C購01,0,0,0,0,0,0,0,0,0,-124000,0,0,0,0,124000,-124000,-124000
07317P,T50正2凱基9B售02,0,0,0,0,0,0,0,0,0,-125000,0,0,0,75000,200000,-125000,-125000
063647,超眾元大9B購02  ,0,0,0,0,0,0,0,0,0,-125000,0,0,0,26000,151000,-125000,-125000
067257,帆宣國票02購01  ,0,0,0,0,0,0,0,0,0,-125000,0,0,0,0,125000,-125000,-125000
057307,瀚宇博兆豐99購01,0,0,0,0,0,0,0,0,0,-125000,0,0,0,35000,160000,-125000,-125000
063025,超眾元大9B購01  ,0,0,0,0,0,0,0,0,0,-125000,0,0,0,0,125000,-125000,-125000
062545,嘉晶永豐9B購01  ,0,0,0,0,0,0,0,0,0,-125000,0,0,0,3000,128000,-125000,-125000
060239,國揚元大9C購01  ,0,0,0,0,0,0,0,0,0,-125000,0,0,0,0,125000,-125000,-125000
061931,力山國票9B購02  ,0,0,0,0,0,0,0,0,0,-125000,0,0,0,12000,137000,-125000,-125000
064618,南亞科元大9C購04,0,0,0,0,0,0,0,0,0,-125000,0,0,0,0,125000,-125000,-125000
063781,健策永豐9B購08  ,0,0,0,0,0,0,0,0,0,-125000,0,0,0,0,125000,-125000,-125000
065083,南亞科元大01購01,0,0,0,0,0,0,0,0,0,-125000,0,0,0,0,125000,-125000,-125000
064976,景碩元大9C購01  ,0,0,0,0,0,0,0,0,0,-125000,0,0,0,197000,322000,-125000,-125000
065363,國巨元大01購04  ,0,0,0,0,0,0,0,0,0,-125000,0,0,0,25000,150000,-125000,-125000
066550,國泰金元大01購01,0,0,0,0,0,0,0,0,0,-125000,0,0,0,0,125000,-125000,-125000
065995,台虹永豐01購01  ,0,0,0,0,0,0,0,0,0,-125000,0,0,0,411000,536000,-125000,-125000
064136,致新元大9C購01  ,0,0,0,0,0,0,0,0,0,-126000,0,0,0,140000,266000,-126000,-126000
061957,上銀統一01購01  ,0,0,0,0,0,0,0,0,0,-126000,0,0,0,146000,272000,-126000,-126000
061307,和潤永豐9A購02  ,0,0,0,0,0,0,0,0,0,-126000,0,0,0,58000,184000,-126000,-126000
063464,廣達元大9B購02  ,0,0,0,0,0,0,0,0,0,-126000,0,0,0,66000,192000,-126000,-126000
061069,嘉聯益凱基9A購01,0,0,0,0,0,0,0,0,0,-126000,0,0,0,0,126000,-126000,-126000
065792,TPK永豐9C購02   ,0,0,0,0,0,0,0,0,0,-126000,0,0,0,25000,151000,-126000,-126000
066377,健策兆豐01購02  ,0,0,0,0,0,0,0,0,0,-126000,0,0,0,19000,145000,-126000,-126000
066402,泰鼎凱基01購02  ,0,0,0,0,0,0,0,0,0,-126000,0,0,0,269000,395000,-126000,-126000
066192,嘉基凱基01購01  ,0,0,0,0,0,0,0,0,0,-126000,0,0,0,0,126000,-126000,-126000
065398,國泰金群益9C購01,0,0,0,0,0,0,0,0,0,-126000,0,0,0,0,126000,-126000,-126000
065206,旺宏國票01購02  ,0,0,0,0,0,0,0,0,0,-126000,0,0,0,0,126000,-126000,-126000
063808,台表科兆豐9C購01,0,0,0,0,0,0,0,0,0,-126000,0,0,0,6000,132000,-126000,-126000
063740,矽格元大9B購03  ,0,0,0,0,0,0,0,0,0,-126000,0,0,0,41000,167000,-126000,-126000
064408,TPK凱基02購01   ,0,0,0,0,0,0,0,0,0,-126000,0,0,0,129000,255000,-126000,-126000
08434P,臺股指凱基03售02,0,10000,-10000,0,0,0,0,0,0,-116000,0,0,0,295000,411000,-116000,-126000
00652,富邦印度        ,18000,4127,13873,0,0,0,0,0,0,-140000,0,0,0,23000,163000,-140000,-126127
064117,中興電元大9C購01,0,0,0,0,0,0,0,0,0,-127000,0,0,0,0,127000,-127000,-127000
08231P,上銀元富9B售10  ,0,0,0,0,0,0,0,0,0,-127000,0,0,0,0,127000,-127000,-127000
066962,致新元大01購02  ,0,0,0,0,0,0,0,0,0,-127000,0,0,0,112000,239000,-127000,-127000
056764,友達元大9A購03  ,0,0,0,0,0,0,0,0,0,-127000,0,0,0,0,127000,-127000,-127000
064469,臻鼎元富9C購01  ,0,0,0,0,0,0,0,0,0,-127000,0,0,0,148000,275000,-127000,-127000
065532,台光電統一02購02,0,0,0,0,0,0,0,0,0,-127000,0,0,0,124000,251000,-127000,-127000
066006,大立光統一01購07,0,0,0,0,0,0,0,0,0,-127000,0,0,0,58000,185000,-127000,-127000
08486P,富邦金群益9C售02,0,0,0,0,0,0,0,0,0,-127000,0,0,0,58000,185000,-127000,-127000
067544,超眾群益03購01  ,0,0,0,0,0,0,0,0,0,-128000,0,0,0,0,128000,-128000,-128000
064284,京鼎元大9C購01  ,0,0,0,0,0,0,0,0,0,-128000,0,0,0,62000,190000,-128000,-128000
058377,茂林凱基9A購03  ,0,0,0,0,0,0,0,0,0,-128000,0,0,0,25000,153000,-128000,-128000
059379,聯電亞東99購02  ,0,0,0,0,0,0,0,0,0,-128000,0,0,0,0,128000,-128000,-128000
060756,鴻海元大9A購16  ,0,0,0,0,0,0,0,0,0,-128000,0,0,0,0,128000,-128000,-128000
060191,亞光元富9A購02  ,0,0,0,0,0,0,0,0,0,-128000,0,0,0,5000,133000,-128000,-128000
066231,友訊富邦02購01  ,0,0,0,0,0,0,0,0,0,-128000,0,0,0,169000,297000,-128000,-128000
057354,聯鈞統一99購03  ,0,0,0,0,0,0,0,0,0,-129000,0,0,0,258000,387000,-129000,-129000
060121,新光金富邦99購01,0,0,0,0,0,0,0,0,0,-129000,0,0,0,5000,134000,-129000,-129000
062069,喬山元大9B購01  ,0,0,0,0,0,0,0,0,0,-129000,0,0,0,0,129000,-129000,-129000
061709,SP黃豆凱基01購02,0,0,0,0,0,0,0,0,0,-129000,0,0,0,6000,135000,-129000,-129000
066381,景碩康和01購01  ,0,0,0,0,0,0,0,0,0,-129000,0,0,0,0,129000,-129000,-129000
065741,聯發科麥證9C購06,0,0,0,0,129000,-129000,0,0,0,-129000,0,0,0,0,129000,-129000,-129000
064715,和大統一02購03  ,0,0,0,0,0,0,0,0,0,-129000,0,0,0,0,129000,-129000,-129000
064717,台積電統一01購08,0,0,0,0,0,0,0,0,0,-129000,0,0,0,117000,246000,-129000,-129000
064245,GIS統一02購02   ,0,0,0,0,0,0,0,0,0,-130000,0,0,0,232000,362000,-130000,-130000
063908,國巨凱基9C購06  ,0,0,0,0,0,0,0,0,0,-130000,0,0,0,0,130000,-130000,-130000
08159P,日月光元富9B售01,0,0,0,0,0,0,0,0,0,-130000,0,0,0,0,130000,-130000,-130000
07474P,滬深2X群益9C售03,0,0,0,0,0,0,0,0,0,-130000,0,0,0,0,130000,-130000,-130000
07109P,聯發科中信9B售02,0,0,0,0,0,0,0,0,0,-130000,0,0,0,0,130000,-130000,-130000
067065,為升元大01購03  ,0,0,0,0,0,0,0,0,0,-130000,0,0,0,0,130000,-130000,-130000
067174,嘉澤兆豐01購01  ,0,0,0,0,0,0,0,0,0,-130000,0,0,0,6000,136000,-130000,-130000
066749,瑞祺元大01購03  ,0,0,0,0,0,0,0,0,0,-130000,0,0,0,82000,212000,-130000,-130000
056573,華新科元大99購06,0,0,0,0,0,0,0,0,0,-130000,0,0,0,20000,150000,-130000,-130000
057017,和大凱基98購01  ,0,0,0,0,0,0,0,0,0,-130000,0,0,0,0,130000,-130000,-130000
061875,華新科元大9B購03,0,0,0,0,0,0,0,0,0,-130000,0,0,0,0,130000,-130000,-130000
062509,SP黃豆國票9B購03,0,0,0,0,0,0,0,0,0,-130000,0,0,0,0,130000,-130000,-130000
060385,台勝科凱基9A購01,0,0,0,0,0,0,0,0,0,-130000,0,0,0,90000,220000,-130000,-130000
064697,健策群益01購02  ,0,0,0,0,0,0,0,0,0,-130000,0,0,0,4000,134000,-130000,-130000
064747,彩晶國票01購01  ,0,0,0,0,0,0,0,0,0,-130000,0,0,0,89000,219000,-130000,-130000
065435,臻鼎凱基02購01  ,0,0,0,0,0,0,0,0,0,-130000,0,0,0,20000,150000,-130000,-130000
06490P,鴻海富邦99售02  ,0,0,0,0,0,0,0,0,0,-130000,0,0,0,0,130000,-130000,-130000
065563,T50反1群益9C購04,0,0,0,0,0,0,0,0,0,-130000,0,0,0,10000,140000,-130000,-130000
08875P,台積電中信07售02,0,0,0,0,0,0,0,0,0,-130000,0,0,0,0,130000,-130000,-130000
2013,中鋼構          ,103000,181000,-78000,0,0,0,0,0,0,-52000,1000,53000,-52000,0,0,0,-130000
3015,全漢            ,357000,487000,-130000,0,0,0,0,0,0,0,0,0,0,0,0,0,-130000
07163P,臺股指群益99售14,0,0,0,0,0,0,0,0,0,-131000,0,0,0,326000,457000,-131000,-131000
07027P,台積電群益99售04,0,0,0,0,0,0,0,0,0,-131000,0,0,0,180000,311000,-131000,-131000
067533,瑞昱群益01購02  ,0,0,0,0,0,0,0,0,0,-131000,0,0,0,1000,132000,-131000,-131000
062184,奇鋐元大9B購02  ,0,0,0,0,0,0,0,0,0,-131000,0,0,0,20000,151000,-131000,-131000
06653P,美食元大98售02  ,0,0,0,0,0,0,0,0,0,-131000,0,0,0,4000,135000,-131000,-131000
066496,大立光國泰03購01,0,0,0,0,0,0,0,0,0,-131000,0,0,0,16000,147000,-131000,-131000
08734P,創意康和01售02  ,0,0,0,0,0,0,0,0,0,-131000,0,0,0,0,131000,-131000,-131000
067543,臻鼎群益01購01  ,0,0,0,0,0,0,0,0,0,-132000,0,0,0,0,132000,-132000,-132000
067516,美利達統一03購04,0,0,0,0,0,0,0,0,0,-132000,0,0,0,35000,167000,-132000,-132000
067436,訊連凱基01購01  ,0,0,0,0,0,0,0,0,0,-132000,0,0,0,68000,200000,-132000,-132000
08339P,上銀統一9C售04  ,0,0,0,0,0,0,0,0,0,-132000,0,0,0,105000,237000,-132000,-132000
063871,瀚宇博永豐9C購01,0,0,0,0,0,0,0,0,0,-132000,0,0,0,6000,138000,-132000,-132000
063393,華通群益9C購05  ,0,0,0,0,0,0,0,0,0,-132000,0,0,0,116000,248000,-132000,-132000
063728,國巨元大9B購21  ,0,0,0,0,0,0,0,0,0,-132000,0,0,0,0,132000,-132000,-132000
1304,台聚            ,1150000,1292000,-142000,0,0,0,0,0,0,10000,16000,6000,10000,0,0,0,-132000
063579,GIS元大9C購01   ,0,0,0,0,0,0,0,0,0,-133000,0,0,0,9000,142000,-133000,-133000
07086P,力成元富9C售01  ,0,0,0,0,0,0,0,0,0,-133000,0,0,0,47000,180000,-133000,-133000
067116,嘉澤群益01購02  ,0,0,0,0,0,0,0,0,0,-133000,0,0,0,0,133000,-133000,-133000
055551,致茂凱基98購01  ,0,0,0,0,0,0,0,0,0,-133000,0,0,0,10000,143000,-133000,-133000
056604,鴻海富邦9A購01  ,0,0,0,0,0,0,0,0,0,-133000,0,0,0,22000,155000,-133000,-133000
062926,嘉澤國票9B購01  ,0,0,0,0,0,0,0,0,0,-133000,0,0,0,0,133000,-133000,-133000
059635,華新科凱基9A購06,0,0,0,0,0,0,0,0,0,-133000,0,0,0,20000,153000,-133000,-133000
064371,矽格統一9C購02  ,0,0,0,0,0,0,0,0,0,-133000,0,0,0,43000,176000,-133000,-133000
064927,瀚宇博統一02購01,0,0,0,0,0,0,0,0,0,-133000,0,0,0,71000,204000,-133000,-133000
065224,和大凱基02購02  ,0,0,0,0,0,0,0,0,0,-133000,0,0,0,5000,138000,-133000,-133000
065640,聯電元大01購02  ,0,0,0,0,0,0,0,0,0,-133000,0,0,0,53000,186000,-133000,-133000
067531,台積電群益01購13,0,0,0,0,0,0,0,0,0,-134000,0,0,0,211000,345000,-134000,-134000
08123P,台表科國票9C售01,0,0,0,0,0,0,0,0,0,-134000,0,0,0,0,134000,-134000,-134000
057669,嘉晶元大99購03  ,0,0,0,0,0,0,0,0,0,-134000,0,0,0,12000,146000,-134000,-134000
053036,聯電凱基98購01  ,0,0,0,0,0,0,0,0,0,-134000,0,0,0,380000,514000,-134000,-134000
063270,喬山兆豐9C購01  ,0,0,0,0,0,0,0,0,0,-134000,0,0,0,0,134000,-134000,-134000
061616,鴻海群益9A購07  ,0,0,0,0,0,0,0,0,0,-134000,0,0,0,0,134000,-134000,-134000
065661,智原永豐9C購01  ,0,0,0,0,0,0,0,0,0,-134000,0,0,0,78000,212000,-134000,-134000
065941,超眾群益02購01  ,0,0,0,0,0,0,0,0,0,-134000,0,0,0,30000,164000,-134000,-134000
064352,嘉聯益元大9C購01,0,0,0,0,0,0,0,0,0,-134000,0,0,0,149000,283000,-134000,-134000
058727,嘉晶富邦9A購01  ,0,0,0,0,0,0,0,0,0,-135000,0,0,0,25000,160000,-135000,-135000
059823,奇力新凱基99購07,0,0,0,0,0,0,0,0,0,-135000,0,0,0,0,135000,-135000,-135000
064659,台達電元大9C購02,0,0,0,0,0,0,0,0,0,-135000,0,0,0,19000,154000,-135000,-135000
066241,瑞祺富邦03購01  ,0,0,0,0,0,0,0,0,0,-135000,0,0,0,100000,235000,-135000,-135000
08865P,欣興元大01售02  ,0,0,0,0,0,0,0,0,0,-135000,0,0,0,74000,209000,-135000,-135000
08375P,聯電元富9C售02  ,0,0,0,0,0,0,0,0,0,-135000,0,0,0,107000,242000,-135000,-135000
2457,飛宏            ,1418000,1555000,-137000,0,0,0,0,0,0,2000,3000,1000,2000,0,0,0,-135000
08131P,立積元大9B售02  ,0,0,0,0,0,0,0,0,0,-136000,0,0,0,0,136000,-136000,-136000
063663,台光電統一9C購01,0,0,0,0,0,0,0,0,0,-136000,0,0,0,511000,647000,-136000,-136000
07131P,緯穎元大99售06  ,0,0,0,0,0,0,0,0,0,-136000,0,0,0,5000,141000,-136000,-136000
067239,聯陽群益01購01  ,0,0,0,0,0,0,0,0,0,-136000,0,0,0,2000,138000,-136000,-136000
063299,金寶凱基9B購01  ,0,0,0,0,0,0,0,0,0,-136000,0,0,0,0,136000,-136000,-136000
063250,同欣電元大9B購03,0,0,0,0,0,0,0,0,0,-136000,0,0,0,3000,139000,-136000,-136000
065663,凌華永豐9C購01  ,0,0,0,0,0,0,0,0,0,-136000,0,0,0,23000,159000,-136000,-136000
065560,同欣電麥證9C購02,0,0,0,0,136000,-136000,0,0,0,-136000,0,0,0,0,136000,-136000,-136000
062379,致新元大9B購01  ,0,0,0,0,0,0,0,0,0,-137000,0,0,0,121000,258000,-137000,-137000
060719,瀚宇博永豐9A購01,0,0,0,0,0,0,0,0,0,-137000,0,0,0,42000,179000,-137000,-137000
062190,瀚宇博元大9B購01,0,0,0,0,0,0,0,0,0,-137000,0,0,0,65000,202000,-137000,-137000
062331,大立光統一9B購10,0,0,0,0,0,0,0,0,0,-137000,0,0,0,0,137000,-137000,-137000
065732,健策凱基9C購04  ,0,0,0,0,0,0,0,0,0,-137000,0,0,0,0,137000,-137000,-137000
065724,國巨凱基9C購11  ,0,0,0,0,0,0,0,0,0,-137000,0,0,0,0,137000,-137000,-137000
065853,智伸科元大9C購02,0,0,0,0,0,0,0,0,0,-137000,0,0,0,0,137000,-137000,-137000
064702,百和群益01購01  ,0,0,0,0,0,0,0,0,0,-137000,0,0,0,0,137000,-137000,-137000
065264,亞光元大9C購02  ,0,0,0,0,0,0,0,0,0,-137000,0,0,0,24000,161000,-137000,-137000
065097,貿聯元大9C購04  ,0,0,0,0,0,0,0,0,0,-137000,0,0,0,86000,223000,-137000,-137000
2486,一詮            ,525000,664000,-139000,0,0,0,0,0,0,2000,2000,0,2000,0,0,0,-137000
06717P,可成元大98售09  ,0,0,0,0,0,0,0,0,0,-138000,0,0,0,12000,150000,-138000,-138000
063665,南亞科統一01購02,0,0,0,0,0,0,0,0,0,-138000,0,0,0,263000,401000,-138000,-138000
064291,南六元大9C購04  ,0,0,0,0,0,0,0,0,0,-138000,0,0,0,62000,200000,-138000,-138000
08154P,上銀元富9B售04  ,0,0,0,0,0,0,0,0,0,-138000,0,0,0,0,138000,-138000,-138000
060244,大立光元大9B購02,0,0,0,0,0,0,0,0,0,-138000,0,0,0,4000,142000,-138000,-138000
060183,南亞科元富9A購01,0,0,0,0,0,0,0,0,0,-138000,0,0,0,14000,152000,-138000,-138000
063384,巨大永豐9B購04  ,0,0,0,0,0,0,0,0,0,-138000,0,0,0,3000,141000,-138000,-138000
065046,玉晶光凱基01購03,0,0,0,0,0,0,0,0,0,-138000,0,0,0,17000,155000,-138000,-138000
065523,茂林群益9C購03  ,0,0,0,0,0,0,0,0,0,-138000,0,0,0,4000,142000,-138000,-138000
066135,潤泰全群益02購01,0,0,0,0,0,0,0,0,0,-138000,0,0,0,23000,161000,-138000,-138000
066149,潤泰新群益01購01,0,0,0,0,0,0,0,0,0,-138000,0,0,0,8000,146000,-138000,-138000
062722,京元電凱基9B購02,0,0,0,0,0,0,0,0,0,-139000,0,0,0,240000,379000,-139000,-139000
063050,葡萄王統一01購01,0,0,0,0,0,0,0,0,0,-139000,0,0,0,0,139000,-139000,-139000
065603,聯發科元大9C購16,0,0,0,0,0,0,0,0,0,-139000,0,0,0,7000,146000,-139000,-139000
065920,日月光凱基02購01,0,0,0,0,0,0,0,0,0,-139000,0,0,0,78000,217000,-139000,-139000
065321,瑞昱凱基9C購01  ,0,0,0,0,0,0,0,0,0,-139000,0,0,0,30000,169000,-139000,-139000
064738,裕隆國票01購01  ,0,0,0,0,0,0,0,0,0,-139000,0,0,0,0,139000,-139000,-139000
064573,復盛群益9C購01  ,0,0,0,0,0,0,0,0,0,-139000,0,0,0,20000,159000,-139000,-139000
07292P,臺股指凱基99售44,0,0,0,0,0,0,0,0,0,-140000,0,0,0,0,140000,-140000,-140000
066739,揚明光元大01購01,0,0,0,0,0,0,0,0,0,-140000,0,0,0,4000,144000,-140000,-140000
057941,聯電國票99購01  ,0,0,0,0,0,0,0,0,0,-140000,50000,10000,40000,160000,340000,-180000,-140000
056554,GIS凱基99購01   ,0,0,0,0,0,0,0,0,0,-140000,0,0,0,38000,178000,-140000,-140000
065503,燿華永豐9C購04  ,0,0,0,0,0,0,0,0,0,-140000,0,0,0,1000,141000,-140000,-140000
066156,建準康和01購01  ,0,0,0,0,0,0,0,0,0,-140000,0,0,0,0,140000,-140000,-140000
066536,漢唐兆豐03購01  ,0,0,0,0,0,0,0,0,0,-140000,0,0,0,5000,145000,-140000,-140000
06725P,聯電元富98售01  ,0,0,0,0,0,0,0,0,0,-141000,0,0,0,64000,205000,-141000,-141000
067528,聚陽群益01購01  ,0,0,0,0,0,0,0,0,0,-141000,0,0,0,0,141000,-141000,-141000
064187,亞光永豐9C購01  ,0,0,0,0,0,0,0,0,0,-141000,0,0,0,68000,209000,-141000,-141000
063667,全新統一01購02  ,0,0,0,0,0,0,0,0,0,-141000,0,0,0,104000,245000,-141000,-141000
066588,台積電群益01購06,0,0,0,0,0,0,0,0,0,-141000,0,0,0,213000,354000,-141000,-141000
066296,昇陽半元大01購02,0,0,0,0,0,0,0,0,0,-141000,0,0,0,79000,220000,-141000,-141000
064546,燿華凱基02購01  ,0,0,0,0,0,0,0,0,0,-141000,0,0,0,105000,246000,-141000,-141000
065377,群創元大02購02  ,0,0,0,0,0,0,0,0,0,-141000,0,0,0,3000,144000,-141000,-141000
065164,和大元大01購01  ,0,0,0,0,0,0,0,0,0,-141000,0,0,0,100000,241000,-141000,-141000
064870,中租永豐9C購01  ,0,0,0,0,0,0,0,0,0,-141000,0,0,0,0,141000,-141000,-141000
08838P,台灣50麥證01售02,0,0,0,30000,171000,-141000,0,0,0,-141000,0,0,0,30000,171000,-141000,-141000
067195,台虹凱基02購01  ,0,0,0,0,0,0,0,0,0,-142000,0,0,0,421000,563000,-142000,-142000
066774,聯詠富邦03購01  ,0,0,0,0,0,0,0,0,0,-142000,0,0,0,239000,381000,-142000,-142000
057824,日月光元大98購01,0,0,0,0,0,0,0,0,0,-142000,0,0,0,0,142000,-142000,-142000
066131,群光群益02購01  ,0,0,0,0,0,0,0,0,0,-142000,0,0,0,47000,189000,-142000,-142000
066590,華新科群益01購04,0,0,0,0,0,0,0,0,0,-142000,0,0,0,31000,173000,-142000,-142000
065717,創意中信9C購02  ,0,0,0,0,0,0,0,0,0,-142000,0,0,0,270000,412000,-142000,-142000
08806P,技嘉元富07售02  ,0,0,0,0,0,0,0,0,0,-142000,0,0,0,22000,164000,-142000,-142000
08209P,上銀元富9B售06  ,0,0,0,0,0,0,0,0,0,-143000,0,0,0,0,143000,-143000,-143000
055653,聯詠元富01購02  ,0,0,0,0,0,0,0,0,0,-143000,0,0,0,13000,156000,-143000,-143000
066584,滬深2X群益03購01,0,0,0,0,0,0,0,0,0,-143000,0,0,0,12000,155000,-143000,-143000
066509,南亞永豐01購01  ,0,0,0,0,0,0,0,0,0,-143000,0,0,0,6000,149000,-143000,-143000
064854,祥碩麥證9C購01  ,0,0,0,20000,163000,-143000,0,0,0,-143000,0,0,0,20000,163000,-143000,-143000
064938,華新科元富9C購01,0,0,0,0,0,0,0,0,0,-143000,0,0,0,0,143000,-143000,-143000
065298,健策統一9C購06  ,0,0,0,0,0,0,0,0,0,-143000,0,0,0,10000,153000,-143000,-143000
065185,和大統一02購05  ,0,0,0,0,0,0,0,0,0,-143000,0,0,0,12000,155000,-143000,-143000
07926P,上銀統一9B售02  ,0,0,0,0,0,0,0,0,0,-144000,0,0,0,0,144000,-144000,-144000
063598,國巨凱基9B購14  ,0,0,0,0,0,0,0,0,0,-144000,0,0,0,0,144000,-144000,-144000
066950,義隆元大01購03  ,0,0,0,0,0,0,0,0,0,-144000,0,0,0,109000,253000,-144000,-144000
067581,聯電群益03購01  ,0,0,0,0,0,0,0,0,0,-144000,0,0,0,4000,148000,-144000,-144000
067469,國巨元大01購09  ,0,0,0,0,0,0,0,0,0,-144000,0,0,0,0,144000,-144000,-144000
067323,美利達元大01購04,0,0,0,0,0,0,0,0,0,-144000,0,0,0,20000,164000,-144000,-144000
05830P,滬深2X元富99售03,0,0,0,0,0,0,0,0,0,-144000,0,0,0,1308000,1452000,-144000,-144000
062549,中租永豐9B購01  ,0,0,0,0,0,0,0,0,0,-144000,0,0,0,180000,324000,-144000,-144000
064972,台積電元大9C購11,0,0,0,0,0,0,0,0,0,-144000,0,0,0,149000,293000,-144000,-144000
066429,矽格元大01購01  ,0,0,0,0,0,0,0,0,0,-144000,0,0,0,49000,193000,-144000,-144000
065989,泰碩永豐01購01  ,0,0,0,0,0,0,0,0,0,-144000,0,0,0,68000,212000,-144000,-144000
08760P,瑞昱元大01售02  ,0,0,0,0,0,0,0,0,0,-144000,0,0,0,15000,159000,-144000,-144000
067484,聯詠元大01購07  ,0,0,0,0,0,0,0,0,0,-145000,0,0,0,141000,286000,-145000,-145000
063924,致新元富9C購01  ,0,0,0,0,0,0,0,0,0,-145000,0,0,0,174000,319000,-145000,-145000
08180P,聯發科國泰01售05,0,0,0,0,0,0,0,0,0,-145000,0,0,0,15000,160000,-145000,-145000
057961,茂林元大9A購01  ,0,0,0,0,0,0,0,0,0,-145000,0,0,0,159000,304000,-145000,-145000
061066,嘉晶凱基9B購01  ,0,0,0,0,0,0,0,0,0,-145000,0,0,0,9000,154000,-145000,-145000
065079,致茂元大9C購01  ,0,0,0,0,0,0,0,0,0,-145000,0,0,0,91000,236000,-145000,-145000
063701,燿華群益9B購02  ,0,0,0,0,0,0,0,0,0,-145000,0,0,0,0,145000,-145000,-145000
067357,欣興群益01購02  ,0,0,0,0,0,0,0,0,0,-146000,0,0,0,225000,371000,-146000,-146000
058990,GIS凱基99購02   ,0,0,0,0,0,0,0,0,0,-146000,0,0,0,4000,150000,-146000,-146000
061572,奇力新元大9A購04,0,0,0,0,0,0,0,0,0,-146000,0,0,0,0,146000,-146000,-146000
065417,嘉晶國票01購02  ,0,0,0,0,0,0,0,0,0,-146000,0,0,0,25000,171000,-146000,-146000
067324,巨大元大01購04  ,0,0,0,0,0,0,0,0,0,-147000,0,0,0,0,147000,-147000,-147000
067642,貿聯統一01購03  ,0,0,0,0,0,0,0,0,0,-147000,0,0,0,0,147000,-147000,-147000
067091,台虹元大01購02  ,0,0,0,0,0,0,0,0,0,-147000,0,0,0,652000,799000,-147000,-147000
063225,茂林群益9B購04  ,0,0,0,0,0,0,0,0,0,-147000,0,0,0,0,147000,-147000,-147000
061882,矽創元大9B購01  ,0,0,0,0,0,0,0,0,0,-147000,0,0,0,0,147000,-147000,-147000
064948,致茂凱基01購01  ,0,0,0,0,0,0,0,0,0,-147000,0,0,0,59000,206000,-147000,-147000
066625,瑞昱凱基02購01  ,0,0,0,0,0,0,0,0,0,-147000,0,0,0,103000,250000,-147000,-147000
066174,京鼎凱基01購01  ,0,0,0,0,0,0,0,0,0,-147000,0,0,0,40000,187000,-147000,-147000
067633,致茂永豐01購02  ,0,0,0,0,0,0,0,0,0,-148000,0,0,0,0,148000,-148000,-148000
067304,義隆元大01購05  ,0,0,0,0,0,0,0,0,0,-148000,0,0,0,8000,156000,-148000,-148000
062344,力山群益9B購02  ,0,0,0,0,0,0,0,0,0,-148000,0,0,0,142000,290000,-148000,-148000
062353,亞德客元大9B購01,0,0,0,0,0,0,0,0,0,-148000,0,0,0,17000,165000,-148000,-148000
063814,嘉晶群益9C購01  ,0,0,0,0,0,0,0,0,0,-148000,0,0,0,36000,184000,-148000,-148000
063354,茂林元富9B購02  ,0,0,0,0,0,0,0,0,0,-148000,0,0,0,85000,233000,-148000,-148000
060956,超眾群益9A購01  ,0,0,0,0,0,0,0,0,0,-148000,0,0,0,10000,158000,-148000,-148000
065962,鴻海元大01購04  ,0,0,0,0,0,0,0,0,0,-148000,0,0,0,895000,1043000,-148000,-148000
065356,聯發科元富03購06,0,0,0,0,0,0,0,0,0,-148000,0,0,0,143000,291000,-148000,-148000
064500,國泰金元大9C購01,0,0,0,0,0,0,0,0,0,-148000,0,0,0,0,148000,-148000,-148000
063929,高鐵統一02購01  ,0,0,0,0,0,0,0,0,0,-149000,0,0,0,0,149000,-149000,-149000
064781,嘉晶群益9C購04  ,0,0,0,0,0,0,0,0,0,-149000,0,0,0,9000,158000,-149000,-149000
066275,台勝科元大01購01,0,0,0,0,0,0,0,0,0,-149000,0,0,0,66000,215000,-149000,-149000
066397,智原凱基01購01  ,0,0,0,0,0,0,0,0,0,-149000,0,0,0,158000,307000,-149000,-149000
08740P,創意康和01售03  ,0,0,0,0,0,0,0,0,0,-149000,0,0,0,141000,290000,-149000,-149000
07245P,台積電凱基99售16,0,0,0,0,0,0,0,0,0,-150000,0,0,0,22000,172000,-150000,-150000
07765P,台積電群益9A售06,0,0,0,0,0,0,0,0,0,-150000,0,0,0,0,150000,-150000,-150000
07713P,台郡元大9A售03  ,0,0,0,0,0,0,0,0,0,-150000,0,0,0,0,150000,-150000,-150000
07420P,可成元大99售07  ,0,0,0,0,0,0,0,0,0,-150000,0,0,0,0,150000,-150000,-150000
067071,燿華元大01購02  ,0,0,0,0,0,0,0,0,0,-150000,0,0,0,1000,151000,-150000,-150000
067203,台達電元大01購03,0,0,0,0,0,0,0,0,0,-150000,0,0,0,4000,154000,-150000,-150000
066961,超眾元大01購05  ,0,0,0,0,0,0,0,0,0,-150000,0,0,0,0,150000,-150000,-150000
066914,樺漢凱基02購01  ,0,0,0,0,0,0,0,0,0,-150000,0,0,0,0,150000,-150000,-150000
058190,貿聯永豐99購01  ,0,0,0,0,0,0,0,0,0,-150000,0,0,0,0,150000,-150000,-150000
057632,傳奇永豐98購01  ,0,0,0,0,0,0,0,0,0,-150000,0,0,0,0,150000,-150000,-150000
058523,聯茂元大99購08  ,0,0,0,0,0,0,0,0,0,-150000,0,0,0,180000,330000,-150000,-150000
055809,T50反1國票98購02,0,0,0,0,0,0,0,0,0,-150000,0,0,0,0,150000,-150000,-150000
053584,友達元大9B購02  ,0,0,0,0,0,0,0,0,0,-150000,0,0,0,15000,165000,-150000,-150000
061070,超眾凱基9C購01  ,0,0,0,0,0,0,0,0,0,-150000,0,0,0,0,150000,-150000,-150000
059326,康友元大99購01  ,0,0,0,0,0,0,0,0,0,-150000,0,0,0,209000,359000,-150000,-150000
061878,茂林元大9B購01  ,0,0,0,0,0,0,0,0,0,-150000,0,0,0,18000,168000,-150000,-150000
061935,台積電國票9B購07,0,0,0,0,0,0,0,0,0,-150000,0,0,0,33000,183000,-150000,-150000
066623,國巨凱基04購01  ,0,0,0,0,0,0,0,0,0,-150000,0,0,0,0,150000,-150000,-150000
065965,國巨元大01購05  ,0,0,0,0,0,0,0,0,0,-150000,0,0,0,0,150000,-150000,-150000
064650,台表科凱基03購01,0,0,0,0,0,0,0,0,0,-150000,0,0,0,137000,287000,-150000,-150000
06535P,可成群益99售02  ,0,0,0,0,0,0,0,0,0,-150000,0,0,0,12000,162000,-150000,-150000
065409,鴻海永豐9C購01  ,0,0,0,0,0,0,0,0,0,-150000,0,0,0,0,150000,-150000,-150000
3645,達邁            ,73000,224000,-151000,0,0,0,0,0,0,1000,1000,0,1000,0,0,0,-150000
066976,台達電群益01購01,0,0,0,0,0,0,0,0,0,-151000,0,0,0,13000,164000,-151000,-151000
08147P,聯發科群益9B售10,0,0,0,0,0,0,0,0,0,-151000,0,0,0,210000,361000,-151000,-151000
07194P,聯發科元大99售25,0,0,0,0,0,0,0,0,0,-151000,0,0,0,0,151000,-151000,-151000
059189,國泰金富邦9B購01,0,0,0,0,0,0,0,0,0,-151000,0,0,0,0,151000,-151000,-151000
062421,台積電統一9C購09,0,0,0,0,0,0,0,0,0,-151000,0,0,0,30000,181000,-151000,-151000
064963,T50反1元大9C購09,0,0,0,0,0,0,0,0,0,-151000,0,0,0,0,151000,-151000,-151000
064989,鈺齊元大01購01  ,0,0,0,0,0,0,0,0,0,-151000,0,0,0,0,151000,-151000,-151000
064464,台郡統一01購01  ,0,0,0,0,0,0,0,0,0,-151000,0,0,0,40000,191000,-151000,-151000
08783P,台積電元大01售18,0,0,0,0,0,0,0,0,0,-151000,0,0,0,4674000,4825000,-151000,-151000
058118,瑞昱群益99購01  ,0,0,0,0,0,0,0,0,0,-152000,0,0,0,0,152000,-152000,-152000
058468,聯茂中信99購02  ,0,0,0,0,0,0,0,0,0,-152000,0,0,0,2000,154000,-152000,-152000
060892,超眾統一9C購01  ,0,0,0,0,0,0,0,0,0,-152000,0,0,0,30000,182000,-152000,-152000
064709,瑞祺永豐9C購01  ,0,0,0,0,0,0,0,0,0,-152000,0,0,0,81000,233000,-152000,-152000
065492,台灣50富邦03購02,0,0,0,0,0,0,0,0,0,-152000,0,0,0,304000,456000,-152000,-152000
08422P,玉晶光群益02售03,0,0,0,0,0,0,0,0,0,-152000,0,0,0,237000,389000,-152000,-152000
067681,嘉澤元大01購05  ,0,0,0,0,0,0,0,0,0,-153000,0,0,0,31000,184000,-153000,-153000
065982,T50反1國泰02購01,0,0,0,0,0,0,0,0,0,-153000,0,0,0,5000,158000,-153000,-153000
067125,健策富邦03購01  ,0,0,0,0,0,0,0,0,0,-154000,0,0,0,39000,193000,-154000,-154000
066913,樺漢凱基01購01  ,0,0,0,0,0,0,0,0,0,-154000,0,0,0,39000,193000,-154000,-154000
064156,大立光統一01購06,0,0,0,0,0,0,0,0,0,-154000,0,0,0,0,154000,-154000,-154000
058455,玉晶光永豐99購03,0,0,0,0,0,0,0,0,0,-154000,0,0,0,51000,205000,-154000,-154000
056261,台積電統一97購07,0,0,0,0,0,0,0,0,0,-154000,0,0,0,262000,416000,-154000,-154000
062212,臻鼎台新9B購01  ,0,0,0,0,0,0,0,0,0,-154000,0,0,0,38000,192000,-154000,-154000
065814,健策統一9C購08  ,0,0,0,0,0,0,0,0,0,-154000,0,0,0,5000,159000,-154000,-154000
08709P,台積電台新01售02,0,0,0,0,0,0,0,0,0,-154000,0,0,0,0,154000,-154000,-154000
2103,台橡            ,762000,918000,-156000,0,0,0,0,0,0,2000,4000,0,4000,0,2000,-2000,-154000
064087,華新科凱基9C購03,0,0,0,0,0,0,0,0,0,-155000,0,0,0,4000,159000,-155000,-155000
063126,TPK元大9B購01   ,0,0,0,0,0,0,0,0,0,-155000,0,0,0,224000,379000,-155000,-155000
066957,健策元大01購06  ,0,0,0,0,0,0,0,0,0,-155000,0,0,0,5000,160000,-155000,-155000
067136,京鼎永豐01購01  ,0,0,0,0,0,0,0,0,0,-155000,0,0,0,0,155000,-155000,-155000
055713,國巨元大98購09  ,0,0,0,0,0,0,0,0,0,-155000,0,0,0,0,155000,-155000,-155000
058421,國泰金麥證01購01,0,0,0,8000,163000,-155000,0,0,0,-155000,0,0,0,8000,163000,-155000,-155000
062204,京元電國票9C購01,0,0,0,0,0,0,0,0,0,-155000,0,0,0,0,155000,-155000,-155000
066408,致新凱基01購02  ,0,0,0,0,0,0,0,0,0,-155000,0,0,0,40000,195000,-155000,-155000
067745,泰鼎元大01購03  ,0,0,0,0,0,0,0,0,0,-156000,0,0,0,4000,160000,-156000,-156000
063614,美食群益9B購03  ,0,0,0,0,0,0,0,0,0,-156000,0,0,0,13000,169000,-156000,-156000
064106,國巨兆豐9C購04  ,0,0,0,0,0,0,0,0,0,-156000,0,0,0,115000,271000,-156000,-156000
07457P,宏達電元大9A售01,0,0,0,0,0,0,0,0,0,-156000,0,0,0,0,156000,-156000,-156000
07667P,亞德客元大9A售05,0,0,0,0,0,0,0,0,0,-156000,0,0,0,20000,176000,-156000,-156000
053276,友達元大9C購01  ,0,0,0,0,0,0,0,0,0,-156000,0,0,0,0,156000,-156000,-156000
062044,健策凱基9B購02  ,0,0,0,0,0,0,0,0,0,-156000,0,0,0,6000,162000,-156000,-156000
065819,京鼎元富03購01  ,0,0,0,0,0,0,0,0,0,-156000,0,0,0,15000,171000,-156000,-156000
066059,帆宣元大01購01  ,0,0,0,0,0,0,0,0,0,-156000,0,0,0,0,156000,-156000,-156000
065281,和大群益01購02  ,0,0,0,0,0,0,0,0,0,-156000,0,0,0,0,156000,-156000,-156000
08464P,牧德永豐9C售02  ,0,0,0,0,0,0,0,0,0,-156000,0,0,0,170000,326000,-156000,-156000
054308,嘉晶凱基98購01  ,0,0,0,0,0,0,0,0,0,-157000,0,0,0,13000,170000,-157000,-157000
053088,奇鋐元大98購01  ,0,0,0,0,0,0,0,0,0,-157000,0,0,0,132000,289000,-157000,-157000
057973,神達富邦9A購01  ,0,0,0,0,0,0,0,0,0,-157000,0,0,0,0,157000,-157000,-157000
057719,欣興元富02購01  ,0,0,0,0,0,0,0,0,0,-157000,0,0,0,595000,752000,-157000,-157000
060162,碩天永豐9A購01  ,0,0,0,0,0,0,0,0,0,-157000,0,0,0,0,157000,-157000,-157000
065000,和大國票02購01  ,0,0,0,0,0,0,0,0,0,-157000,0,0,0,35000,192000,-157000,-157000
6477,安集            ,7000,164000,-157000,0,0,0,0,0,0,0,0,0,0,0,0,0,-157000
08084P,台表科元大9B售06,0,0,0,0,0,0,0,0,0,-158000,0,0,0,32000,190000,-158000,-158000
064025,友達元大02購01  ,0,0,0,0,0,0,0,0,0,-158000,0,0,0,0,158000,-158000,-158000
067114,京鼎群益02購04  ,0,0,0,0,0,0,0,0,0,-158000,0,0,0,0,158000,-158000,-158000
060591,富邦金台新9A購01,0,0,0,0,0,0,0,0,0,-158000,0,0,0,14000,172000,-158000,-158000
065849,景碩元大9C購03  ,0,0,0,0,0,0,0,0,0,-158000,0,0,0,128000,286000,-158000,-158000
066400,健策凱基02購02  ,0,0,0,0,0,0,0,0,0,-158000,0,0,0,50000,208000,-158000,-158000
066279,拓凱元大01購01  ,0,0,0,0,0,0,0,0,0,-158000,0,0,0,24000,182000,-158000,-158000
8011,台通            ,59000,218000,-159000,0,0,0,0,0,0,1000,1000,0,1000,0,0,0,-158000
08952P,台積電元富07售08,0,0,0,0,0,0,0,0,0,-158000,0,0,0,0,158000,-158000,-158000
066995,盟立國泰03購01  ,0,0,0,0,0,0,0,0,0,-159000,0,0,0,131000,290000,-159000,-159000
064299,宏碁兆豐9C購01  ,0,0,0,0,0,0,0,0,0,-159000,0,0,0,354000,513000,-159000,-159000
07883P,可成凱基9B售03  ,0,0,0,0,0,0,0,0,0,-159000,0,0,0,73000,232000,-159000,-159000
063196,力成元富9B購01  ,0,0,0,0,0,0,0,0,0,-159000,0,0,0,43000,202000,-159000,-159000
061677,泰碩元大9A購05  ,0,0,0,0,0,0,0,0,0,-159000,0,0,0,0,159000,-159000,-159000
062213,和大統一9B購02  ,0,0,0,0,0,0,0,0,0,-159000,0,0,0,0,159000,-159000,-159000
066576,矽創元大01購02  ,0,0,0,0,0,0,0,0,0,-159000,0,0,0,139000,298000,-159000,-159000
066571,矽格元大01購02  ,0,0,0,0,0,0,0,0,0,-159000,0,0,0,25000,184000,-159000,-159000
065171,燿華元大9C購04  ,0,0,0,0,0,0,0,0,0,-159000,0,0,0,78000,237000,-159000,-159000
065269,貿聯元大9C購05  ,0,0,0,0,0,0,0,0,0,-159000,0,0,0,6000,165000,-159000,-159000
07587P,台灣50國票9A售11,0,0,0,0,0,0,0,0,0,-160000,0,0,0,0,160000,-160000,-160000
07468P,聯電元大9A售02  ,0,0,0,0,0,0,0,0,0,-160000,0,0,0,0,160000,-160000,-160000
08011P,玉晶光元大9B售05,0,0,0,0,0,0,0,0,0,-160000,0,0,0,130000,290000,-160000,-160000
08016P,臺股指凱基02售02,0,0,0,0,0,0,0,0,0,-160000,0,0,0,0,160000,-160000,-160000
064252,嘉澤元富9C購01  ,0,0,0,0,0,0,0,0,0,-160000,0,0,0,0,160000,-160000,-160000
063605,健策凱基9C購02  ,0,0,0,0,0,0,0,0,0,-160000,0,0,0,42000,202000,-160000,-160000
066803,智原凱基01購02  ,0,0,0,0,0,0,0,0,0,-160000,0,0,0,108000,268000,-160000,-160000
07026P,超眾凱基99售03  ,0,0,0,0,0,0,0,0,0,-160000,0,0,0,0,160000,-160000,-160000
055036,中工富邦9B購01  ,0,0,0,0,0,0,0,0,0,-160000,0,0,0,10000,170000,-160000,-160000
062968,仁寶元富9B購01  ,0,0,0,0,0,0,0,0,0,-160000,0,0,0,99000,259000,-160000,-160000
067073,國揚元大01購02  ,0,0,0,0,0,0,0,0,0,-161000,0,0,0,9000,170000,-161000,-161000
07946P,華通統一9B售02  ,0,0,0,0,0,0,0,0,0,-161000,0,0,0,0,161000,-161000,-161000
062239,台汽電凱基9B購01,0,0,0,0,0,0,0,0,0,-161000,0,0,0,77000,238000,-161000,-161000
060308,劍麟永豐9A購01  ,0,0,0,0,0,0,0,0,0,-161000,0,0,0,20000,181000,-161000,-161000
066371,同欣電中信05購01,0,0,0,0,0,0,0,0,0,-161000,0,0,0,66000,227000,-161000,-161000
065626,華新科兆豐9C購02,0,0,0,0,0,0,0,0,0,-161000,0,0,0,196000,357000,-161000,-161000
08536P,台積電國票9C售08,0,0,0,0,0,0,0,0,0,-161000,0,0,0,773000,934000,-161000,-161000
063980,智易兆豐9C購02  ,0,0,0,0,0,0,0,0,0,-162000,0,0,0,0,162000,-162000,-162000
067434,日月光凱基01購01,0,0,0,0,0,0,0,0,0,-162000,0,0,0,39000,201000,-162000,-162000
056096,超眾元富9A購01  ,0,0,0,0,0,0,0,0,0,-162000,0,0,0,0,162000,-162000,-162000
056219,T50反1日盛02購01,0,0,0,0,0,0,0,0,0,-162000,0,0,0,0,162000,-162000,-162000
058431,國巨統一9B購01  ,0,0,0,0,0,0,0,0,0,-162000,0,0,0,423000,585000,-162000,-162000
061970,大立光統一9C購03,0,0,0,0,0,0,0,0,0,-162000,0,0,0,0,162000,-162000,-162000
063035,燿華凱基9B購02  ,0,0,0,0,0,0,0,0,0,-162000,0,0,0,2000,164000,-162000,-162000
063336,大成鋼統一9C購02,0,0,0,0,0,0,0,0,0,-162000,0,0,0,0,162000,-162000,-162000
066276,敦泰元大01購01  ,0,0,0,0,0,0,0,0,0,-162000,0,0,0,181000,343000,-162000,-162000
066322,群光永豐01購01  ,0,0,0,0,0,0,0,0,0,-162000,0,0,0,16000,178000,-162000,-162000
066534,華通台新01購02  ,0,0,0,0,0,0,0,0,0,-162000,0,0,0,293000,455000,-162000,-162000
066561,健策元大01購04  ,0,0,0,0,0,0,0,0,0,-162000,0,0,0,0,162000,-162000,-162000
064721,國泰金統一02購01,0,0,0,0,0,0,0,0,0,-162000,0,0,0,0,162000,-162000,-162000
4927,泰鼎-KY         ,1406000,1360000,46000,0,0,0,25000,394000,-369000,161000,42000,0,42000,204000,85000,119000,-162000
067624,微星富邦04購01  ,0,0,0,0,0,0,0,0,0,-163000,0,0,0,0,163000,-163000,-163000
067261,樺漢國票02購01  ,0,0,0,0,0,0,0,0,0,-163000,0,0,0,0,163000,-163000,-163000
064234,正崴統一01購01  ,0,0,0,0,0,0,0,0,0,-163000,0,0,0,10000,173000,-163000,-163000
065444,燿華統一02購02  ,0,0,0,0,0,0,0,0,0,-163000,0,0,0,0,163000,-163000,-163000
065333,冠德國票01購01  ,0,0,0,0,0,0,0,0,0,-163000,0,0,0,21000,184000,-163000,-163000
064975,南亞科元大9C購07,0,0,0,0,0,0,0,0,0,-163000,0,0,0,0,163000,-163000,-163000
08868P,欣興凱基02售03  ,0,0,0,0,0,0,0,0,0,-163000,0,0,0,36000,199000,-163000,-163000
066850,鎧勝元大01購03  ,0,0,0,0,0,0,0,0,0,-164000,0,0,0,103000,267000,-164000,-164000
053082,聯電元大98購03  ,0,0,0,0,0,0,0,0,0,-164000,0,0,0,460000,624000,-164000,-164000
061030,喬山永豐9A購01  ,0,0,0,0,0,0,0,0,0,-164000,0,0,0,10000,174000,-164000,-164000
062984,致新元富9B購01  ,0,0,0,0,0,0,0,0,0,-164000,0,0,0,105000,269000,-164000,-164000
062520,晶豪科元大9B購02,0,0,0,0,0,0,0,0,0,-164000,0,0,0,0,164000,-164000,-164000
065475,聯發科元大01購04,0,0,0,0,0,0,0,0,0,-164000,0,0,0,50000,214000,-164000,-164000
065215,義隆國泰02購02  ,0,0,0,0,0,0,0,0,0,-164000,0,0,0,116000,280000,-164000,-164000
064723,大立光統一02購04,0,0,0,0,0,0,0,0,0,-164000,0,0,0,0,164000,-164000,-164000
065580,鈺齊群益01購01  ,0,0,0,0,0,0,0,0,0,-164000,0,0,0,10000,174000,-164000,-164000
065660,晶豪科永豐9C購01,0,0,0,0,0,0,0,0,0,-164000,0,0,0,1000,165000,-164000,-164000
067115,京鼎群益02購05  ,0,0,0,0,0,0,0,0,0,-165000,0,0,0,0,165000,-165000,-165000
067620,聚陽國泰02購01  ,0,0,0,0,0,0,0,0,0,-165000,0,0,0,0,165000,-165000,-165000
057356,彩晶統一98購04  ,0,0,0,0,0,0,0,0,0,-165000,0,0,0,0,165000,-165000,-165000
066446,健策群益01購06  ,0,0,0,0,0,0,0,0,0,-165000,0,0,0,28000,193000,-165000,-165000
067345,美利達凱基02購01,0,0,0,0,0,0,0,0,0,-166000,0,0,0,0,166000,-166000,-166000
057508,康控國票99購03  ,0,0,0,0,0,0,0,0,0,-166000,0,0,0,203000,369000,-166000,-166000
062309,燿華凱基9B購01  ,0,0,0,0,0,0,0,0,0,-166000,0,0,0,29000,195000,-166000,-166000
061746,國巨統一9C購07  ,0,0,0,0,0,0,0,0,0,-166000,0,0,0,0,166000,-166000,-166000
05995P,T50正2中信9C售01,0,0,0,0,0,0,0,0,0,-166000,0,0,0,434000,600000,-166000,-166000
061571,奇力新元大9A購03,0,0,0,0,0,0,0,0,0,-166000,0,0,0,0,166000,-166000,-166000
060659,鴻海凱基9B購03  ,0,0,0,0,0,0,0,0,0,-166000,0,0,0,57000,223000,-166000,-166000
064699,臻鼎群益9C購01  ,0,0,0,0,0,0,0,0,0,-166000,0,0,0,105000,271000,-166000,-166000
065159,臻鼎群益9C購02  ,0,0,0,0,0,0,0,0,0,-166000,0,0,0,102000,268000,-166000,-166000
065039,國巨凱基02購02  ,0,0,0,0,0,0,0,0,0,-166000,0,0,0,0,166000,-166000,-166000
08739P,台郡凱基01售03  ,0,0,0,0,0,0,0,0,0,-166000,0,0,0,0,166000,-166000,-166000
067644,康舒統一01購01  ,0,0,0,0,0,0,0,0,0,-167000,0,0,0,0,167000,-167000,-167000
062560,奇鋐凱基9B購02  ,0,0,0,0,0,0,0,0,0,-167000,0,0,0,91000,258000,-167000,-167000
067417,力山凱基02購01  ,0,0,0,0,0,0,0,0,0,-168000,0,0,0,41000,209000,-168000,-168000
057818,泰碩元大9A購01  ,0,0,0,0,0,0,0,0,0,-168000,0,0,0,269000,437000,-168000,-168000
056909,嘉聯益元大99購03,0,0,0,0,0,0,0,0,0,-168000,0,0,0,208000,376000,-168000,-168000
055449,超眾統一9A購01  ,0,0,0,0,0,0,0,0,0,-168000,0,0,0,0,168000,-168000,-168000
062428,超眾統一9B購01  ,0,0,0,0,0,0,0,0,0,-168000,0,0,0,10000,178000,-168000,-168000
064879,健策兆豐01購01  ,0,0,0,0,0,0,0,0,0,-168000,0,0,0,0,168000,-168000,-168000
066297,美利達元大01購01,0,0,0,0,0,0,0,0,0,-168000,0,0,0,1000,169000,-168000,-168000
065546,景碩兆豐01購01  ,0,0,0,0,0,0,0,0,0,-168000,0,0,0,279000,447000,-168000,-168000
08886P,台積電富邦04售04,0,0,0,0,0,0,0,0,0,-168000,0,0,0,0,168000,-168000,-168000
067130,泰豐永豐01購02  ,0,0,0,0,0,0,0,0,0,-169000,0,0,0,135000,304000,-169000,-169000
060817,華邦電台新9A購01,0,0,0,0,0,0,0,0,0,-169000,0,0,0,1000,170000,-169000,-169000
063305,亞光凱基9B購01  ,0,0,0,0,0,0,0,0,0,-169000,0,0,0,53000,222000,-169000,-169000
061865,力山元大9B購01  ,0,0,0,0,0,0,0,0,0,-169000,0,0,0,36000,205000,-169000,-169000
061907,裕隆中信9B購01  ,0,0,0,0,0,0,0,0,0,-169000,0,0,0,3000,172000,-169000,-169000
065589,景碩永豐9C購02  ,0,0,0,0,0,0,0,0,0,-169000,0,0,0,14000,183000,-169000,-169000
08454P,台灣50凱基9C售12,0,0,0,0,0,0,0,0,0,-169000,0,0,0,634000,803000,-169000,-169000
6591,動力-KY         ,275000,444383,-169383,0,0,0,0,0,0,0,0,0,0,0,0,0,-169383
066811,致新凱基01購03  ,0,0,0,0,0,0,0,0,0,-170000,0,0,0,0,170000,-170000,-170000
07720P,臺股指群益9A售09,0,0,0,0,0,0,0,0,0,-170000,0,0,0,0,170000,-170000,-170000
056959,鴻海永豐98購03  ,0,0,0,0,0,0,0,0,0,-170000,0,0,0,0,170000,-170000,-170000
053789,彩晶元大9C購02  ,0,0,0,0,0,0,0,0,0,-170000,0,0,0,0,170000,-170000,-170000
057485,友達元大9C購04  ,0,0,0,0,0,0,0,0,0,-170000,0,0,0,40000,210000,-170000,-170000
057579,長榮航中信9A購01,0,0,0,0,0,0,0,0,0,-170000,0,0,0,0,170000,-170000,-170000
061398,力成中信9A購01  ,0,0,0,0,0,0,0,0,0,-170000,0,0,0,4000,174000,-170000,-170000
061549,泰碩群益9A購01  ,0,0,0,0,0,0,0,0,0,-170000,0,0,0,30000,200000,-170000,-170000
065547,同欣電兆豐01購01,0,0,0,0,0,0,0,0,0,-170000,0,0,0,37000,207000,-170000,-170000
065402,漢唐國泰02購01  ,0,0,0,0,0,0,0,0,0,-170000,0,0,0,36000,206000,-170000,-170000
065375,神基元大03購01  ,0,0,0,0,0,0,0,0,0,-170000,0,0,0,0,170000,-170000,-170000
064787,和潤群益9C購01  ,0,0,0,0,0,0,0,0,0,-170000,0,0,0,8000,178000,-170000,-170000
064685,裕隆群益9C購01  ,0,0,0,0,0,0,0,0,0,-170000,0,0,0,0,170000,-170000,-170000
067220,台郡元大01購04  ,0,0,0,0,0,0,0,0,0,-171000,0,0,0,12000,183000,-171000,-171000
067439,巨大凱基02購02  ,0,0,0,0,0,0,0,0,0,-171000,0,0,0,0,171000,-171000,-171000
067506,台光電統一02購04,0,0,0,0,0,0,0,0,0,-171000,0,0,0,64000,235000,-171000,-171000
061532,和大統一9C購02  ,0,0,0,0,0,0,0,0,0,-171000,0,0,0,18000,189000,-171000,-171000
065072,和大元大9C購03  ,0,0,0,0,0,0,0,0,0,-171000,0,0,0,0,171000,-171000,-171000
066050,亞光元大01購01  ,0,0,0,0,0,0,0,0,0,-171000,0,0,0,42000,213000,-171000,-171000
066072,華新科凱基01購03,0,0,0,0,0,0,0,0,0,-171000,0,0,0,30000,201000,-171000,-171000
058337,日月光元富99購01,0,0,0,0,0,0,0,0,0,-172000,0,0,0,263000,435000,-172000,-172000
062418,台積電統一01購06,0,0,0,0,0,0,0,0,0,-172000,0,0,0,18000,190000,-172000,-172000
063484,達方元大9B購01  ,0,0,0,0,0,0,0,0,0,-172000,0,0,0,60000,232000,-172000,-172000
066134,強茂群益01購01  ,0,0,0,0,0,0,0,0,0,-172000,0,0,0,67000,239000,-172000,-172000
08161P,台表科元富9B售02,0,0,0,0,0,0,0,0,0,-173000,0,0,0,64000,237000,-173000,-173000
064061,GIS麥證01購01   ,0,0,0,11000,184000,-173000,0,0,0,-173000,0,0,0,11000,184000,-173000,-173000
056571,燿華元大98購02  ,0,0,0,0,0,0,0,0,0,-173000,0,0,0,18000,191000,-173000,-173000
066047,嘉晶元大01購04  ,0,0,0,0,0,0,0,0,0,-173000,0,0,0,56000,229000,-173000,-173000
065645,嘉晶元大01購02  ,0,0,0,0,0,0,0,0,0,-173000,0,0,0,69000,242000,-173000,-173000
067240,聯陽群益01購02  ,0,0,0,0,0,0,0,0,0,-174000,0,0,0,0,174000,-174000,-174000
067028,上海銀兆豐03購01,0,0,0,0,0,0,0,0,0,-174000,0,0,0,15000,189000,-174000,-174000
3041,揚智            ,587000,763000,-176000,0,0,0,0,0,0,2000,2000,0,2000,0,0,0,-174000
067228,華新群益01購01  ,0,0,0,0,0,0,0,0,0,-175000,0,0,0,49000,224000,-175000,-175000
07818P,台積電國票9C售01,0,0,0,0,0,0,0,0,0,-175000,0,0,0,175000,350000,-175000,-175000
056813,聯茂統一99購01  ,0,0,0,0,0,0,0,0,0,-175000,0,0,0,0,175000,-175000,-175000
066026,泰碩群益03購01  ,0,0,0,0,0,0,0,0,0,-175000,0,0,0,50000,225000,-175000,-175000
064902,健策群益01購03  ,0,0,0,0,0,0,0,0,0,-175000,0,0,0,30000,205000,-175000,-175000
064363,聯發科統一9C購14,0,0,0,0,0,0,0,0,0,-175000,0,0,0,54000,229000,-175000,-175000
064171,燿華元富9C購01  ,0,0,0,0,0,0,0,0,0,-176000,0,0,0,0,176000,-176000,-176000
058292,上銀凱基9A購01  ,0,0,0,0,0,0,0,0,0,-176000,0,0,0,0,176000,-176000,-176000
065456,義隆元富9C購03  ,0,0,0,0,0,0,0,0,0,-176000,0,0,0,65000,241000,-176000,-176000
064247,廣達元富9C購01  ,0,0,0,0,0,0,0,0,0,-177000,0,0,0,150000,327000,-177000,-177000
064273,華邦電元大9C購02,0,0,0,0,0,0,0,0,0,-177000,0,0,0,0,177000,-177000,-177000
058181,華新科國泰9B購01,0,0,0,0,0,0,0,0,0,-177000,0,0,0,10000,187000,-177000,-177000
062807,和碩統一9B購01  ,0,0,0,0,0,0,0,0,0,-177000,0,0,0,0,177000,-177000,-177000
067354,國揚群益01購03  ,0,0,0,0,0,0,0,0,0,-178000,0,0,0,0,178000,-178000,-178000
056408,奇鋐國票99購01  ,0,0,0,0,0,0,0,0,0,-178000,0,0,0,18000,196000,-178000,-178000
064736,超眾元富9C購04  ,0,0,0,0,0,0,0,0,0,-178000,0,0,0,28000,206000,-178000,-178000
066350,達麗永豐01購01  ,0,0,0,0,0,0,0,0,0,-178000,0,0,0,0,178000,-178000,-178000
064186,燿華永豐9C購01  ,0,0,0,0,0,0,0,0,0,-179000,0,0,0,17000,196000,-179000,-179000
061443,大立光統一9C購02,0,0,0,0,0,0,0,0,0,-179000,0,0,0,3000,182000,-179000,-179000
061466,創意群益9A購01  ,0,0,0,0,0,0,0,0,0,-179000,0,0,0,81000,260000,-179000,-179000
06603P,立積統一99售01  ,0,0,0,0,0,0,0,0,0,-179000,0,0,0,0,179000,-179000,-179000
065893,華新科統一02購02,0,0,0,0,0,0,0,0,0,-179000,0,0,0,25000,204000,-179000,-179000
065958,T50反1元大01購01,0,0,0,0,0,0,0,0,0,-179000,0,0,0,41000,220000,-179000,-179000
065722,緯創兆豐9C購02  ,0,0,0,0,0,0,0,0,0,-179000,0,0,0,16000,195000,-179000,-179000
064801,鴻海元大9C購13  ,0,0,0,0,0,0,0,0,0,-179000,0,0,0,0,179000,-179000,-179000
065184,和大統一02購04  ,0,0,0,0,0,0,0,0,0,-179000,0,0,0,0,179000,-179000,-179000
067718,鴻海凱基01購09  ,0,0,0,0,0,0,0,0,0,-180000,0,0,0,0,180000,-180000,-180000
066690,瑞昱台新01購01  ,0,0,0,0,0,0,0,0,0,-180000,0,0,0,19000,199000,-180000,-180000
061813,鴻海群益9B購02  ,0,0,0,0,0,0,0,0,0,-180000,0,0,0,30000,210000,-180000,-180000
060937,T50反1國票9A購10,0,0,0,0,0,0,0,0,0,-180000,0,0,0,0,180000,-180000,-180000
066077,健策凱基01購01  ,0,0,0,0,0,0,0,0,0,-180000,0,0,0,35000,215000,-180000,-180000
066344,拓凱永豐01購01  ,0,0,0,0,0,0,0,0,0,-180000,0,0,0,27000,207000,-180000,-180000
063858,鴻海國泰02購01  ,0,0,0,0,0,0,0,0,0,-181000,0,0,0,0,181000,-181000,-181000
057440,台積電統一98購10,0,0,0,0,0,0,0,0,0,-181000,0,0,0,40000,221000,-181000,-181000
066359,潤泰新永豐01購01,0,0,0,0,0,0,0,0,0,-181000,0,0,0,0,181000,-181000,-181000
066052,景碩元大02購01  ,0,0,0,0,0,0,0,0,0,-181000,0,0,0,247000,428000,-181000,-181000
065756,緯創元大9C購05  ,0,0,0,0,0,0,0,0,0,-181000,0,0,0,181000,362000,-181000,-181000
1907,永豐餘          ,2220000,1989000,231000,0,0,0,0,412000,-412000,0,0,0,0,0,0,0,-181000
066112,智邦兆豐02購01  ,0,0,0,0,0,0,0,0,0,-182000,0,0,0,169000,351000,-182000,-182000
066616,創意康和01購01  ,0,15000,-15000,0,0,0,0,0,0,-167000,0,0,0,111000,278000,-167000,-182000
062416,和大統一01購02  ,0,0,0,0,0,0,0,0,0,-183000,0,0,0,47000,230000,-183000,-183000
061626,超眾群益9A購02  ,0,0,0,0,0,0,0,0,0,-183000,0,0,0,10000,193000,-183000,-183000
059856,昇陽半永豐99購03,0,0,0,0,0,0,0,0,0,-183000,0,0,0,0,183000,-183000,-183000
065584,華通富邦01購01  ,0,0,0,0,0,0,0,0,0,-183000,0,0,0,131000,314000,-183000,-183000
065844,南亞科元大9C購09,0,0,0,0,0,0,0,0,0,-183000,0,0,0,76000,259000,-183000,-183000
2436,偉詮電          ,361000,540000,-179000,0,0,0,0,0,0,-4000,1000,5000,-4000,0,0,0,-183000
063116,大立光麥證9C購01,0,0,0,0,184000,-184000,0,0,0,-184000,0,0,0,0,184000,-184000,-184000
066801,奇鋐凱基01購02  ,0,0,0,0,0,0,0,0,0,-184000,0,0,0,15000,199000,-184000,-184000
067152,義隆統一02購03  ,0,0,0,0,0,0,0,0,0,-184000,0,0,0,75000,259000,-184000,-184000
065915,聯發科凱基01購09,0,0,0,0,0,0,0,0,0,-184000,0,0,0,169000,353000,-184000,-184000
064672,同欣電元大01購01,0,0,0,0,0,0,0,0,0,-184000,0,0,0,75000,259000,-184000,-184000
064538,鈺齊國票01購01  ,0,0,0,0,0,0,0,0,0,-184000,0,0,0,35000,219000,-184000,-184000
064510,GIS元大01購01   ,0,0,0,0,0,0,0,0,0,-184000,0,0,0,5000,189000,-184000,-184000
07880P,可成群益9B售05  ,0,0,0,0,0,0,0,0,0,-185000,0,0,0,0,185000,-185000,-185000
064448,裕隆統一02購01  ,0,0,0,0,0,0,0,0,0,-185000,0,0,0,0,185000,-185000,-185000
063600,燿華凱基9B購04  ,0,0,0,0,0,0,0,0,0,-186000,0,0,0,23000,209000,-186000,-186000
063852,瀚宇博元大9C購01,0,0,0,0,0,0,0,0,0,-186000,0,0,0,219000,405000,-186000,-186000
063999,日月光兆豐9C購01,0,0,0,0,0,0,0,0,0,-186000,0,0,0,55000,241000,-186000,-186000
058140,臻鼎元大99購02  ,0,0,0,0,0,0,0,0,0,-186000,0,0,0,0,186000,-186000,-186000
061679,健策元大9B購04  ,0,0,0,0,0,0,0,0,0,-186000,0,0,0,47000,233000,-186000,-186000
065344,瑞昱統一01購05  ,0,0,0,0,0,0,0,0,0,-186000,0,0,0,420000,606000,-186000,-186000
065912,瑞祺永豐9C購02  ,0,0,0,0,0,0,0,0,0,-186000,0,0,0,68000,254000,-186000,-186000
063851,健策元大01購01  ,0,0,0,0,0,0,0,0,0,-187000,0,0,0,17000,204000,-187000,-187000
067089,瑞祺元大01購04  ,0,0,0,0,0,0,0,0,0,-187000,0,0,0,10000,197000,-187000,-187000
058766,力山兆豐99購01  ,0,0,0,0,0,0,0,0,0,-187000,0,0,0,12000,199000,-187000,-187000
056590,樺漢統一9A購01  ,0,0,0,0,0,0,0,0,0,-187000,0,0,0,1000,188000,-187000,-187000
062513,玉晶光國票9C購01,0,0,0,0,0,0,0,0,0,-187000,0,0,0,0,187000,-187000,-187000
060290,興富發元大9C購01,0,0,0,0,0,0,0,0,0,-187000,0,0,0,5000,192000,-187000,-187000
066100,鎧勝中信05購01  ,0,0,0,0,0,0,0,0,0,-187000,0,0,0,5000,192000,-187000,-187000
066128,台積電群益02購01,0,0,0,0,0,0,0,0,0,-187000,0,0,0,191000,378000,-187000,-187000
066146,昇陽半群益01購02,0,0,0,0,0,0,0,0,0,-187000,0,0,0,60000,247000,-187000,-187000
066388,力山凱基01購02  ,0,0,0,0,0,0,0,0,0,-187000,0,0,0,45000,232000,-187000,-187000
065221,神隆永豐9C購01  ,0,0,0,0,0,0,0,0,0,-187000,0,0,0,85000,272000,-187000,-187000
07133P,臺股指元大9A售27,0,0,0,0,0,0,0,0,0,-188000,0,0,0,222000,410000,-188000,-188000
062682,全新統一9B購01  ,0,0,0,0,0,0,0,0,0,-188000,0,0,0,234000,422000,-188000,-188000
066829,奇力新群益01購01,0,0,0,0,0,0,0,0,0,-189000,0,0,0,0,189000,-189000,-189000
063327,燿華國票9C購02  ,0,0,0,0,0,0,0,0,0,-189000,0,0,0,10000,199000,-189000,-189000
060434,台汽電永豐9A購01,0,0,0,0,0,0,0,0,0,-189000,0,0,0,7000,196000,-189000,-189000
064817,鈺齊元大9C購02  ,0,0,0,0,0,0,0,0,0,-189000,0,0,0,50000,239000,-189000,-189000
067080,群創元大01購04  ,0,0,0,0,0,0,0,0,0,-190000,0,0,0,0,190000,-190000,-190000
064121,國巨元大9C購16  ,0,0,0,0,0,0,0,0,0,-190000,0,0,0,2000,192000,-190000,-190000
063642,茂林元大9B購08  ,0,0,0,0,0,0,0,0,0,-190000,0,0,0,68000,258000,-190000,-190000
08261P,玉晶光元大9C售08,0,0,0,0,0,0,0,0,0,-190000,0,0,0,0,190000,-190000,-190000
057727,華邦電國泰9A購01,0,0,0,0,0,0,0,0,0,-190000,0,0,0,33000,223000,-190000,-190000
056346,聯茂凱基99購02  ,0,0,0,0,0,0,0,0,0,-190000,0,0,0,0,190000,-190000,-190000
062528,全新統一9C購01  ,0,0,0,0,0,0,0,0,0,-190000,0,0,0,10000,200000,-190000,-190000
064231,鴻海統一01購03  ,0,0,0,0,0,0,0,0,0,-191000,0,0,0,52000,243000,-191000,-191000
064206,鴻海凱基03購02  ,0,0,0,0,0,0,0,0,0,-191000,0,0,0,92000,283000,-191000,-191000
066982,嘉晶群益02購01  ,0,0,0,0,0,0,0,0,0,-191000,0,0,0,31000,222000,-191000,-191000
067416,南紡凱基01購01  ,0,0,0,0,0,0,0,0,0,-191000,0,0,0,59000,250000,-191000,-191000
062215,華通統一9B購01  ,0,0,0,0,0,0,0,0,0,-191000,0,0,0,1020000,1211000,-191000,-191000
062228,南六統一02購01  ,0,0,0,0,0,0,0,0,0,-191000,0,0,0,118000,309000,-191000,-191000
063761,嘉澤統一02購01  ,0,0,0,0,0,0,0,0,0,-191000,0,0,0,0,191000,-191000,-191000
067262,嘉基國票02購01  ,0,0,0,0,0,0,0,0,0,-192000,0,0,0,0,192000,-192000,-192000
064317,日月光群益9C購01,0,0,0,0,0,0,0,0,0,-192000,0,0,0,0,192000,-192000,-192000
065174,華新科元大02購02,0,0,0,0,0,0,0,0,0,-192000,0,0,0,68000,260000,-192000,-192000
067717,聯電凱基03購01  ,0,0,0,0,0,0,0,0,0,-193000,0,0,0,0,193000,-193000,-193000
063124,奇力新元大9B購05,0,0,0,0,0,0,0,0,0,-193000,0,0,0,0,193000,-193000,-193000
064619,南亞科元大9C購05,0,0,0,0,0,0,0,0,0,-193000,0,0,0,3000,196000,-193000,-193000
08801P,聯發科元大01售13,0,0,0,0,0,0,0,0,0,-193000,0,0,0,320000,513000,-193000,-193000
063110,牧德兆豐9B購01  ,0,0,0,0,0,0,0,0,0,-194000,0,0,0,6000,200000,-194000,-194000
063587,漢唐永豐9B購02  ,0,0,0,0,0,0,0,0,0,-194000,0,0,0,0,194000,-194000,-194000
08308P,聯發科凱基01售03,0,0,0,0,0,0,0,0,0,-194000,0,0,0,6000,200000,-194000,-194000
07576P,可成元大9A售01  ,0,0,0,0,0,0,0,0,0,-194000,0,0,0,0,194000,-194000,-194000
067312,欣興元大02購01  ,0,0,0,0,0,0,0,0,0,-194000,0,0,0,28000,222000,-194000,-194000
066944,鴻海元大01購13  ,0,0,0,0,0,0,0,0,0,-194000,0,0,0,65000,259000,-194000,-194000
057515,智原元富98購02  ,0,0,0,0,0,0,0,0,0,-194000,0,0,0,132000,326000,-194000,-194000
063075,祥碩永豐9B購04  ,0,0,0,0,0,0,0,0,0,-194000,0,0,0,0,194000,-194000,-194000
061031,神隆永豐9A購02  ,0,0,0,0,0,0,0,0,0,-194000,0,0,0,154000,348000,-194000,-194000
063573,茂林元大9B購06  ,0,0,0,0,0,0,0,0,0,-195000,0,0,0,164000,359000,-195000,-195000
064444,聚陽統一01購02  ,0,0,0,0,0,0,0,0,0,-195000,0,0,0,185000,380000,-195000,-195000
066391,國巨凱基01購04  ,0,0,0,0,0,0,0,0,0,-195000,0,0,0,111000,306000,-195000,-195000
066515,強茂永豐01購02  ,0,0,0,0,0,0,0,0,0,-195000,0,0,0,0,195000,-195000,-195000
066075,景碩凱基02購01  ,0,0,0,0,0,0,0,0,0,-195000,0,0,0,30000,225000,-195000,-195000
067117,健策群益01購09  ,0,0,0,0,0,0,0,0,0,-196000,0,0,0,20000,216000,-196000,-196000
057567,嘉聯益富邦9A購01,0,0,0,0,0,0,0,0,0,-196000,0,0,0,104000,300000,-196000,-196000
062441,華新科元大9C購01,0,0,0,0,0,0,0,0,0,-196000,0,0,0,3000,199000,-196000,-196000
066348,松翰永豐01購01  ,0,0,0,0,0,0,0,0,0,-196000,0,0,0,220000,416000,-196000,-196000
066148,美利達群益01購02,0,0,0,0,0,0,0,0,0,-196000,0,0,0,43000,239000,-196000,-196000
064759,景碩凱基9C購01  ,0,0,0,0,0,0,0,0,0,-196000,0,0,0,67000,263000,-196000,-196000
064896,華新科群益01購02,0,0,0,0,0,0,0,0,0,-196000,0,0,0,9000,205000,-196000,-196000
067493,健策元大01購12  ,0,0,0,0,0,0,0,0,0,-197000,0,0,0,0,197000,-197000,-197000
063585,台積電永豐9B購03,0,0,0,0,0,0,0,0,0,-197000,0,0,0,100000,297000,-197000,-197000
057404,貿聯群益99購01  ,0,0,0,0,0,0,0,0,0,-197000,0,0,0,0,197000,-197000,-197000
064490,金像電元大9C購02,0,0,0,0,0,0,0,0,0,-197000,0,0,0,147000,344000,-197000,-197000
067619,臺股指凱基04購02,0,0,0,0,0,0,0,0,0,-198000,0,0,0,0,198000,-198000,-198000
067243,華擎群益01購04  ,0,0,0,0,0,0,0,0,0,-198000,0,0,0,23000,221000,-198000,-198000
05755P,臺股指中信99售04,0,0,0,0,0,0,0,0,0,-198000,0,0,0,277000,475000,-198000,-198000
058670,鴻海群益9A購03  ,0,0,0,0,0,0,0,0,0,-198000,0,0,0,55000,253000,-198000,-198000
052629,訊芯中信99購01  ,0,0,0,0,0,0,0,0,0,-198000,0,0,0,10000,208000,-198000,-198000
054800,訊芯群益99購01  ,0,0,0,0,0,0,0,0,0,-198000,0,0,0,0,198000,-198000,-198000
064442,嘉聯益凱基9C購01,0,0,0,0,0,0,0,0,0,-198000,0,0,0,90000,288000,-198000,-198000
066798,燿華凱基02購02  ,0,0,0,0,0,0,0,0,0,-199000,0,0,0,169000,368000,-199000,-199000
066795,台積電凱基02購07,0,0,0,0,0,0,0,0,0,-199000,0,0,0,0,199000,-199000,-199000
057839,台積電富邦9A購02,0,0,0,0,0,0,0,0,0,-199000,0,0,0,976000,1175000,-199000,-199000
060733,和大統一9C購01  ,0,0,0,0,0,0,0,0,0,-199000,0,0,0,0,199000,-199000,-199000
066551,大立光元大01購07,0,0,0,0,0,0,0,0,0,-199000,0,0,0,140000,339000,-199000,-199000
065551,聯發科凱基9C購11,0,0,0,0,0,0,0,0,0,-199000,0,0,0,73000,272000,-199000,-199000
1598,岱宇            ,619000,642000,-23000,0,0,0,0,0,0,-176000,68000,244000,-176000,0,0,0,-199000
066873,健策國泰02購01  ,0,0,0,0,0,0,0,0,0,-200000,0,0,0,416000,616000,-200000,-200000
067082,健策元大01購07  ,0,0,0,0,0,0,0,0,0,-200000,0,0,0,0,200000,-200000,-200000
067748,GIS元大01購02   ,0,0,0,0,0,0,0,0,0,-200000,0,0,0,50000,250000,-200000,-200000
067792,GIS群益02購02   ,0,0,0,0,0,0,0,0,0,-200000,0,0,0,21000,221000,-200000,-200000
06865P,亞德客元大98售04,0,0,0,0,0,0,0,0,0,-200000,0,0,0,0,200000,-200000,-200000
067288,為升兆豐03購01  ,0,0,0,0,0,0,0,0,0,-200000,0,0,0,0,200000,-200000,-200000
064222,玉山金國票01購01,0,0,0,0,0,0,0,0,0,-200000,0,0,0,0,200000,-200000,-200000
058814,南亞科台新99購01,0,0,0,0,0,0,0,0,0,-200000,0,0,0,0,200000,-200000,-200000
058613,茂林元大99購03  ,0,0,0,0,0,0,0,0,0,-200000,0,0,0,0,200000,-200000,-200000
058565,鴻海凱基9A購07  ,0,0,0,0,0,0,0,0,0,-200000,0,0,0,0,200000,-200000,-200000
058167,鴻海凱基9A購03  ,0,0,0,0,0,0,0,0,0,-200000,0,0,0,0,200000,-200000,-200000
057040,國巨元大98購12  ,0,0,0,0,0,0,0,0,0,-200000,0,0,0,0,200000,-200000,-200000
052491,泰碩國票99購01  ,0,0,0,0,0,0,0,0,0,-200000,0,0,0,0,200000,-200000,-200000
046061,中石化凱基98購01,0,0,0,0,0,0,0,0,0,-200000,0,0,0,0,200000,-200000,-200000
061675,華新科元大9A購23,0,0,0,0,0,0,0,0,0,-200000,0,0,0,1000,201000,-200000,-200000
060522,鴻海中信9A購03  ,0,0,0,0,0,0,0,0,0,-200000,0,0,0,0,200000,-200000,-200000
062170,健策永豐9B購04  ,0,0,0,0,0,0,0,0,0,-200000,0,0,0,1000,201000,-200000,-200000
065846,華新科元大03購01,0,0,0,0,0,0,0,0,0,-200000,0,0,0,70000,270000,-200000,-200000
064758,可成凱基02購02  ,0,0,0,0,0,0,0,0,0,-200000,0,0,0,6000,206000,-200000,-200000
064681,牧德兆豐01購01  ,0,0,0,0,0,0,0,0,0,-200000,0,0,0,10000,210000,-200000,-200000
064918,中信金統一02購01,0,0,0,0,0,0,0,0,0,-200000,0,0,0,0,200000,-200000,-200000
064998,T50反1國票02購01,0,0,0,0,0,0,0,0,0,-200000,0,0,0,0,200000,-200000,-200000
065250,同欣電麥證9C購01,0,0,0,33000,200000,-167000,0,0,0,-200000,0,0,0,33000,233000,-200000,-200000
08450P,台積電統一9C售14,0,0,0,0,0,0,0,0,0,-200000,0,0,0,0,200000,-200000,-200000
064054,中租統一02購01  ,0,0,0,0,0,0,0,0,0,-201000,0,0,0,331000,532000,-201000,-201000
067356,欣興群益01購01  ,0,0,0,0,0,0,0,0,0,-201000,0,0,0,62000,263000,-201000,-201000
066777,群創富邦01購01  ,0,0,0,0,0,0,0,0,0,-201000,0,0,0,0,201000,-201000,-201000
060188,華新科元富9A購03,0,0,0,0,0,0,0,0,0,-201000,0,0,0,14000,215000,-201000,-201000
062269,葡萄王群益9B購01,0,0,0,0,0,0,0,0,0,-201000,0,0,0,0,201000,-201000,-201000
065954,大立光統一03購01,0,0,0,0,0,0,0,0,0,-201000,0,0,0,0,201000,-201000,-201000
066883,聯發科永豐01購01,0,0,0,0,0,0,0,0,0,-202000,0,0,0,0,202000,-202000,-202000
07731P,臺股指凱基9A售28,0,0,0,0,0,0,0,0,0,-202000,0,0,0,88000,290000,-202000,-202000
058259,訊連國泰9B購01  ,0,0,0,0,0,0,0,0,0,-202000,0,0,0,35000,237000,-202000,-202000
066631,聯詠凱基03購01  ,0,0,0,0,0,0,0,0,0,-202000,0,0,0,43000,245000,-202000,-202000
064350,茂林元大01購01  ,0,0,0,0,0,0,0,0,0,-202000,0,0,0,127000,329000,-202000,-202000
067350,鴻海群益02購02  ,0,0,0,0,0,0,0,0,0,-203000,0,0,0,96000,299000,-203000,-203000
067504,鴻海統一01購07  ,0,0,0,0,0,0,0,0,0,-203000,0,0,0,10000,213000,-203000,-203000
067452,台勝科國票02購02,0,0,0,0,0,0,0,0,0,-203000,0,0,0,0,203000,-203000,-203000
00675L,富邦臺灣加權正2 ,76000,300000,-224000,0,0,0,0,0,0,21000,0,0,0,55000,34000,21000,-203000
064386,友達富邦01購01  ,0,0,0,0,0,0,0,0,0,-203000,0,0,0,85000,288000,-203000,-203000
065040,燿華凱基9C購01  ,0,0,0,0,0,0,0,0,0,-203000,0,0,0,94000,297000,-203000,-203000
067672,聯發科元大01購21,0,0,0,0,0,0,0,0,0,-204000,0,0,0,0,204000,-204000,-204000
067027,日月光兆豐03購01,0,0,0,0,0,0,0,0,0,-204000,0,0,0,45000,249000,-204000,-204000
067142,美利達永豐01購02,0,0,0,0,0,0,0,0,0,-204000,0,0,0,10000,214000,-204000,-204000
066265,精元元大01購01  ,0,0,0,0,0,0,0,0,0,-204000,0,0,0,58000,262000,-204000,-204000
08557P,臺股指中信01售09,0,0,0,0,0,0,0,0,0,-204000,0,0,0,49000,253000,-204000,-204000
07843P,緯穎元大9A售05  ,0,0,0,0,0,0,0,0,0,-205000,0,0,0,0,205000,-205000,-205000
08278P,玉晶光元富9C售02,0,0,0,0,0,0,0,0,0,-205000,0,0,0,0,205000,-205000,-205000
062741,立積國票9B購02  ,0,0,0,0,0,0,0,0,0,-205000,0,0,0,0,205000,-205000,-205000
061837,華新科凱基05購02,0,0,0,0,0,0,0,0,0,-205000,0,0,0,9000,214000,-205000,-205000
067025,禾伸堂兆豐03購01,0,0,0,0,0,0,0,0,0,-206000,0,0,0,85000,291000,-206000,-206000
067022,台虹中信01購01  ,0,0,0,0,0,0,0,0,0,-206000,0,0,0,427000,633000,-206000,-206000
066678,台達電兆豐03購01,0,0,0,0,0,0,0,0,0,-206000,0,0,0,0,206000,-206000,-206000
061844,T50反1國票9C購02,0,0,0,0,0,0,0,0,0,-206000,0,0,0,140000,346000,-206000,-206000
062252,華邦電元大9C購01,0,0,0,0,0,0,0,0,0,-206000,0,0,0,2000,208000,-206000,-206000
066660,群光凱基01購01  ,0,0,0,0,0,0,0,0,0,-206000,0,0,0,2000,208000,-206000,-206000
065950,正崴統一03購01  ,0,0,0,0,0,0,0,0,0,-206000,0,0,0,115000,321000,-206000,-206000
064953,嘉晶凱基9C購02  ,0,0,0,0,0,0,0,0,0,-206000,0,0,0,71000,277000,-206000,-206000
064373,和大元富03購01  ,0,0,0,0,0,0,0,0,0,-206000,0,0,0,100000,306000,-206000,-206000
064720,長榮航統一02購01,0,0,0,0,0,0,0,0,0,-206000,0,0,0,0,206000,-206000,-206000
058946,SGBR2X群益9B購01,0,0,0,0,0,0,0,0,0,-207000,0,0,0,0,207000,-207000,-207000
064813,祥碩元大9C購05  ,0,0,0,0,0,0,0,0,0,-207000,0,0,0,66000,273000,-207000,-207000
065109,台勝科國票01購01,0,0,0,0,0,0,0,0,0,-207000,0,0,0,38000,245000,-207000,-207000
066816,泰鼎兆豐03購01  ,0,0,0,0,0,0,0,0,0,-208000,0,0,0,38000,246000,-208000,-208000
067700,緯創國票02購01  ,0,0,0,0,0,0,0,0,0,-208000,0,0,0,0,208000,-208000,-208000
067492,健策元大01購11  ,0,0,0,0,0,0,0,0,0,-208000,0,0,0,0,208000,-208000,-208000
064035,GIS元大9C購03   ,0,0,0,0,0,0,0,0,0,-208000,0,0,0,4000,212000,-208000,-208000
063080,裕隆凱基9B購01  ,0,0,0,0,0,0,0,0,0,-208000,0,0,0,65000,273000,-208000,-208000
061297,台積電富邦9C購09,0,0,0,0,0,0,0,0,0,-208000,0,0,0,643000,851000,-208000,-208000
060187,華新科元富9A購02,0,0,0,0,0,0,0,0,0,-209000,0,0,0,43000,252000,-209000,-209000
065827,正崴凱基9C購01  ,0,0,0,0,0,0,0,0,0,-209000,0,0,0,0,209000,-209000,-209000
066098,華碩中信02購01  ,0,0,0,0,0,0,0,0,0,-209000,0,0,0,132000,341000,-209000,-209000
066170,聯陽凱基01購01  ,0,0,0,0,0,0,0,0,0,-209000,0,0,0,47000,256000,-209000,-209000
08077P,亞德客國票9B售02,0,0,0,0,0,0,0,0,0,-210000,0,0,0,3000,213000,-210000,-210000
067216,健策元大01購09  ,0,0,0,0,0,0,0,0,0,-210000,0,0,0,0,210000,-210000,-210000
057581,元大金中信9A購01,0,0,0,0,0,0,0,0,0,-210000,0,0,0,0,210000,-210000,-210000
061241,晶技兆豐9A購01  ,0,0,0,0,0,0,0,0,0,-210000,0,0,0,112000,322000,-210000,-210000
060037,鴻海國票99購10  ,0,0,0,0,0,0,0,0,0,-210000,0,0,0,0,210000,-210000,-210000
061411,T50反1群益9A購05,0,0,0,0,0,0,0,0,0,-210000,0,0,0,0,210000,-210000,-210000
061084,京元電兆豐9A購02,0,0,0,0,0,0,0,0,0,-210000,0,0,0,106000,316000,-210000,-210000
065172,義隆元大9C購05  ,0,0,0,0,0,0,0,0,0,-210000,0,0,0,3000,213000,-210000,-210000
064926,臻鼎統一02購01  ,0,0,0,0,0,0,0,0,0,-210000,0,0,0,491000,701000,-210000,-210000
064904,茂林群益9C購02  ,0,0,0,0,0,0,0,0,0,-210000,0,0,0,98000,308000,-210000,-210000
3437,榮創            ,332000,545000,-213000,0,0,0,0,0,0,3000,5000,2000,3000,0,0,0,-210000
067476,台光電元大01購04,0,0,0,0,0,0,0,0,0,-211000,0,0,0,272000,483000,-211000,-211000
067604,晶技凱基01購02  ,0,0,0,0,0,0,0,0,0,-211000,0,0,0,1000,212000,-211000,-211000
062610,啟碁凱基9B購01  ,0,0,0,0,0,0,0,0,0,-211000,0,0,0,76000,287000,-211000,-211000
061437,燿華凱基9A購01  ,0,0,0,0,0,0,0,0,0,-211000,0,0,0,0,211000,-211000,-211000
064674,鈺齊元大9C購01  ,0,0,0,0,0,0,0,0,0,-211000,0,0,0,13000,224000,-211000,-211000
066757,南港永豐01購01  ,0,0,0,0,0,0,0,0,0,-212000,0,0,0,5000,217000,-212000,-212000
066676,A50正2兆豐03購01,0,0,0,0,0,0,0,0,0,-212000,0,0,0,55000,267000,-212000,-212000
062580,華通統一9C購03  ,0,0,0,0,0,0,0,0,0,-212000,0,0,0,175000,387000,-212000,-212000
066331,東森永豐01購01  ,0,0,0,0,0,0,0,0,0,-212000,0,0,0,0,212000,-212000,-212000
066807,揚明光凱基01購02,0,0,0,0,0,0,0,0,0,-213000,0,0,0,0,213000,-213000,-213000
067043,佳世達凱基01購01,0,0,0,0,0,0,0,0,0,-213000,0,0,0,0,213000,-213000,-213000
063560,力山元大9B購05  ,0,0,0,0,0,0,0,0,0,-213000,0,0,0,89000,302000,-213000,-213000
062534,力成統一01購01  ,0,0,0,0,0,0,0,0,0,-213000,0,0,0,0,213000,-213000,-213000
065032,TPK兆豐01購01   ,0,0,0,0,0,0,0,0,0,-213000,0,0,0,81000,294000,-213000,-213000
08872P,臺股指群益01售05,0,0,0,0,0,0,0,0,0,-213000,0,0,0,40000,253000,-213000,-213000
064746,貿聯國票01購02  ,0,0,0,0,0,0,0,0,0,-214000,0,0,0,35000,249000,-214000,-214000
066437,台泥群益02購01  ,0,0,0,0,0,0,0,0,0,-214000,0,0,0,35000,249000,-214000,-214000
08606P,聯發科國票9C售05,0,0,0,0,0,0,0,0,0,-214000,0,0,0,23000,237000,-214000,-214000
07363P,大立光元大99售26,0,0,0,0,0,0,0,0,0,-215000,0,0,0,6000,221000,-215000,-215000
067398,欣興永豐01購04  ,0,0,0,0,0,0,0,0,0,-215000,0,0,0,533000,748000,-215000,-215000
062328,南亞科統一9C購01,0,0,0,0,0,0,0,0,0,-215000,0,0,0,73000,288000,-215000,-215000
064940,智伸科元富9C購01,0,0,0,0,0,0,0,0,0,-215000,0,0,0,108000,323000,-215000,-215000
057956,全新元大99購04  ,0,0,0,0,0,0,0,0,0,-216000,0,0,0,0,216000,-216000,-216000
056937,智原元富98購01  ,0,0,0,0,0,0,0,0,0,-216000,0,0,0,74000,290000,-216000,-216000
066369,瀚宇博中信01購01,0,0,0,0,0,0,0,0,0,-216000,0,0,0,48000,264000,-216000,-216000
066181,泰鼎凱基01購01  ,0,0,0,0,0,0,0,0,0,-216000,0,0,0,15000,231000,-216000,-216000
06604P,聯發科元富02售02,0,0,0,0,0,0,0,0,0,-216000,0,0,0,0,216000,-216000,-216000
067651,漢唐元富07購01  ,0,0,0,0,0,0,0,0,0,-217000,0,0,0,0,217000,-217000,-217000
00717,富邦美國特別股  ,0,0,0,0,0,0,0,0,0,-217000,0,0,0,298000,515000,-217000,-217000
03662C,FBVIX凱基03牛01 ,0,0,0,0,0,0,0,0,0,-217000,0,0,0,104000,321000,-217000,-217000
063076,柏文永豐9B購02  ,0,0,0,0,0,0,0,0,0,-217000,0,0,0,32000,249000,-217000,-217000
9939,宏全            ,281000,388000,-107000,0,0,0,0,106000,-106000,-4000,2000,1000,1000,0,5000,-5000,-217000
067393,欣興國泰03購02  ,0,0,0,0,0,0,0,0,0,-218000,0,0,0,370000,588000,-218000,-218000
065652,超眾元大01購02  ,0,0,0,0,0,0,0,0,0,-218000,0,0,0,32000,250000,-218000,-218000
066613,燿華麥證01購01  ,0,0,0,0,218000,-218000,0,0,0,-218000,0,0,0,0,218000,-218000,-218000
067085,臻鼎元大01購02  ,0,0,0,0,0,0,0,0,0,-219000,0,0,0,0,219000,-219000,-219000
067155,健策統一02購01  ,0,0,0,0,0,0,0,0,0,-219000,0,0,0,35000,254000,-219000,-219000
067187,聯陽凱基01購02  ,0,0,0,0,0,0,0,0,0,-219000,0,0,0,0,219000,-219000,-219000
062761,嘉晶凱基9C購01  ,0,0,0,0,0,0,0,0,0,-219000,0,0,0,118000,337000,-219000,-219000
063544,華新科台新9B購02,0,0,0,0,0,0,0,0,0,-219000,0,0,0,0,219000,-219000,-219000
065940,立積群益02購01  ,0,0,0,0,0,0,0,0,0,-219000,0,0,0,171000,390000,-219000,-219000
08256P,台積電元大9C售02,0,0,0,0,0,0,0,0,0,-220000,0,0,0,70000,290000,-220000,-220000
058184,鴻海永豐99購01  ,0,0,0,0,0,0,0,0,0,-220000,0,0,0,0,220000,-220000,-220000
057768,華新科中信9A購01,0,0,0,0,0,0,0,0,0,-220000,0,0,0,0,220000,-220000,-220000
059559,T50反1凱基99購07,0,0,0,0,0,0,0,0,0,-220000,0,0,0,0,220000,-220000,-220000
063290,GIS元大9B購02   ,0,0,0,0,0,0,0,0,0,-220000,0,0,0,105000,325000,-220000,-220000
063390,嘉晶兆豐9B購01  ,0,0,0,0,0,0,0,0,0,-220000,0,0,0,134000,354000,-220000,-220000
062535,台積電麥證02購01,0,0,0,1000,221000,-220000,0,0,0,-220000,0,0,0,1000,221000,-220000,-220000
062522,同欣電元大9B購02,0,0,0,0,0,0,0,0,0,-220000,0,0,0,12000,232000,-220000,-220000
061706,旭富國票9A購02  ,0,0,0,0,0,0,0,0,0,-220000,0,0,0,60000,280000,-220000,-220000
067305,國產元大01購02  ,0,0,0,0,0,0,0,0,0,-221000,0,0,0,141000,362000,-221000,-221000
058623,國巨國票99購08  ,0,0,0,0,0,0,0,0,0,-221000,0,0,0,111000,332000,-221000,-221000
061227,日月光中信9B購01,0,0,0,0,0,0,0,0,0,-221000,0,0,0,339000,560000,-221000,-221000
066428,健策元大02購02  ,0,0,0,0,0,0,0,0,0,-221000,0,0,0,102000,323000,-221000,-221000
064914,友達統一02購03  ,0,0,0,0,0,0,0,0,0,-221000,0,0,0,0,221000,-221000,-221000
065481,臻鼎元大9C購04  ,0,0,0,0,0,0,0,0,0,-221000,0,0,0,20000,241000,-221000,-221000
064784,祥碩群益9C購01  ,0,0,0,0,0,0,0,0,0,-221000,0,0,0,116000,337000,-221000,-221000
067178,京鼎康和01購01  ,0,0,0,0,0,0,0,0,0,-222000,0,0,0,0,222000,-222000,-222000
07903P,台積電群益9B售03,0,0,0,0,0,0,0,0,0,-222000,0,0,0,0,222000,-222000,-222000
064712,聚陽統一02購03  ,0,0,0,0,0,0,0,0,0,-222000,0,0,0,2000,224000,-222000,-222000
066573,瑞祺元大01購02  ,0,0,0,0,0,0,0,0,0,-222000,0,0,0,0,222000,-222000,-222000
065761,中租元大9C購02  ,0,0,0,0,0,0,0,0,0,-222000,0,0,0,10000,232000,-222000,-222000
08211P,台表科元富9B售03,0,0,0,0,0,0,0,0,0,-224000,0,0,0,63000,287000,-224000,-224000
060064,華新科兆豐99購07,0,0,0,0,0,0,0,0,0,-224000,0,0,0,76000,300000,-224000,-224000
065360,和大元大01購03  ,0,0,0,0,0,0,0,0,0,-224000,0,0,0,0,224000,-224000,-224000
064974,燿華元大9C購03  ,0,0,0,0,0,0,0,0,0,-224000,0,0,0,18000,242000,-224000,-224000
07466P,亞德客元大9A售02,0,0,0,0,0,0,0,0,0,-225000,0,0,0,1000,226000,-225000,-225000
063658,瑞祺元富9B購01  ,0,0,0,0,0,0,0,0,0,-225000,0,0,0,41000,266000,-225000,-225000
067032,致新元富01購01  ,0,0,0,0,0,0,0,0,0,-225000,0,0,0,0,225000,-225000,-225000
00640L,富邦日本正2     ,0,0,0,0,0,0,0,0,0,-225000,0,0,0,167000,392000,-225000,-225000
058445,旺宏富邦9C購01  ,0,0,0,0,0,0,0,0,0,-225000,0,0,0,21000,246000,-225000,-225000
061129,文曄永豐9A購01  ,0,0,0,0,0,0,0,0,0,-225000,0,0,0,74000,299000,-225000,-225000
063355,超眾元富9B購01  ,0,0,0,0,0,0,0,0,0,-225000,0,0,0,0,225000,-225000,-225000
065577,超眾群益9C購02  ,0,0,0,0,0,0,0,0,0,-225000,0,0,0,16000,241000,-225000,-225000
066511,劍麟永豐01購01  ,0,0,0,0,0,0,0,0,0,-225000,0,0,0,0,225000,-225000,-225000
066266,強茂元大01購01  ,0,0,0,0,0,0,0,0,0,-225000,0,0,0,152000,377000,-225000,-225000
064040,鴻海統一9C購18  ,0,0,0,0,0,0,0,0,0,-226000,0,0,0,36000,262000,-226000,-226000
062187,台勝科元大9B購02,0,0,0,0,0,0,0,0,0,-226000,0,0,0,0,226000,-226000,-226000
065325,亞光凱基9C購01  ,0,0,0,0,0,0,0,0,0,-226000,0,0,0,0,226000,-226000,-226000
067632,台積電永豐01購03,0,0,0,0,0,0,0,0,0,-227000,0,0,0,8000,235000,-227000,-227000
07113P,台積電兆豐99售03,0,0,0,0,0,0,0,0,0,-227000,0,0,0,0,227000,-227000,-227000
064714,和大統一02購02  ,0,0,0,0,0,0,0,0,0,-227000,0,0,0,0,227000,-227000,-227000
066974,SP黃豆群益03購01,0,0,0,0,0,0,0,0,0,-228000,0,0,0,22000,250000,-228000,-228000
063872,嘉聯益永豐9C購01,0,0,0,0,0,0,0,0,0,-228000,0,0,0,44000,272000,-228000,-228000
057510,泰碩統一98購02  ,0,0,0,0,0,0,0,0,0,-228000,0,0,0,159000,387000,-228000,-228000
066193,致新凱基01購01  ,0,0,0,0,0,0,0,0,0,-228000,0,0,0,0,228000,-228000,-228000
066060,超眾元大01購03  ,0,0,0,0,0,0,0,0,0,-228000,0,0,0,50000,278000,-228000,-228000
066062,同欣電元大01購02,0,0,0,0,0,0,0,0,0,-228000,0,0,0,4000,232000,-228000,-228000
067177,日月光麥證01購02,0,0,0,134000,363000,-229000,0,0,0,-229000,0,0,0,134000,363000,-229000,-229000
067495,日月光元大01購04,0,0,0,0,0,0,0,0,0,-229000,0,0,0,0,229000,-229000,-229000
060123,光罩永豐99購02  ,0,0,0,0,0,0,0,0,0,-229000,0,0,0,93000,322000,-229000,-229000
2049,上銀            ,384000,573000,-189000,0,0,0,0,0,0,-40000,33000,26000,7000,3000,50000,-47000,-229000
067317,嘉澤元大02購01  ,0,0,0,0,0,0,0,0,0,-230000,0,0,0,14000,244000,-230000,-230000
067675,中工元大03購01  ,0,0,0,0,0,0,0,0,0,-230000,0,0,0,74000,304000,-230000,-230000
067105,全新群益02購02  ,0,0,0,0,0,0,0,0,0,-230000,0,0,0,0,230000,-230000,-230000
08435P,台積電群益9C售11,0,0,0,0,0,0,0,0,0,-230000,0,0,0,140000,370000,-230000,-230000
067313,欣興元大03購01  ,0,0,0,0,0,0,0,0,0,-231000,0,0,0,45000,276000,-231000,-231000
063660,儒鴻統一9C購01  ,0,0,0,0,0,0,0,0,0,-231000,0,0,0,30000,261000,-231000,-231000
064209,燿華凱基01購01  ,0,0,0,0,0,0,0,0,0,-231000,0,0,0,0,231000,-231000,-231000
059198,華新科永豐99購06,0,0,0,0,0,0,0,0,0,-231000,0,0,0,0,231000,-231000,-231000
063072,裕隆永豐9B購01  ,0,0,0,0,0,0,0,0,0,-231000,0,0,0,82000,313000,-231000,-231000
061518,達方永豐9A購02  ,0,0,0,0,0,0,0,0,0,-231000,0,0,0,106000,337000,-231000,-231000
066464,台郡統一02購02  ,25000,15000,10000,0,0,0,0,0,0,-241000,0,0,0,139000,380000,-241000,-231000
064183,聯茂富邦01購01  ,0,0,0,0,0,0,0,0,0,-232000,0,0,0,300000,532000,-232000,-232000
067248,帆宣群益01購01  ,0,0,0,0,0,0,0,0,0,-232000,0,0,0,204000,436000,-232000,-232000
00639,富邦深100       ,125000,235000,-110000,0,0,0,0,0,0,-122000,0,80000,-80000,1187000,1229000,-42000,-232000
066411,南紡元大01購01  ,0,0,0,0,0,0,0,0,0,-232000,0,0,0,118000,350000,-232000,-232000
065341,華邦電統一01購02,0,0,0,0,0,0,0,0,0,-232000,0,0,0,0,232000,-232000,-232000
065002,致茂國票01購01  ,0,0,0,0,0,0,0,0,0,-232000,0,0,0,8000,240000,-232000,-232000
08478P,臺股指凱基9C售16,0,0,0,0,0,0,0,0,0,-232000,0,0,0,63000,295000,-232000,-232000
067534,億光群益01購01  ,0,0,0,0,0,0,0,0,0,-233000,0,0,0,82000,315000,-233000,-233000
061125,億光永豐9A購01  ,0,0,0,0,0,0,0,0,0,-233000,0,0,0,50000,283000,-233000,-233000
066327,強茂永豐01購01  ,0,0,0,0,0,0,0,0,0,-233000,0,0,0,27000,260000,-233000,-233000
5522,遠雄            ,703191,1053000,-349809,0,0,0,109000,0,109000,7000,7000,0,7000,0,0,0,-233809
067224,致新元大01購03  ,0,0,0,0,0,0,0,0,0,-234000,0,0,0,45000,279000,-234000,-234000
064279,新光金元大01購01,0,0,0,0,0,0,0,0,0,-234000,0,0,0,0,234000,-234000,-234000
064127,聯發科元大9C購06,0,0,0,0,0,0,0,0,0,-234000,0,0,0,5000,239000,-234000,-234000
063409,GIS國票9C購02   ,0,0,0,0,0,0,0,0,0,-234000,0,0,0,5000,239000,-234000,-234000
063239,建準元大9B購01  ,0,0,0,0,0,0,0,0,0,-234000,0,0,0,193000,427000,-234000,-234000
064613,聯電元大9C購05  ,0,0,0,0,0,0,0,0,0,-234000,0,0,0,406000,640000,-234000,-234000
064563,全新群益02購01  ,0,0,0,0,0,0,0,0,0,-234000,0,0,0,85000,319000,-234000,-234000
064578,TPK國泰02購01   ,0,0,0,0,0,0,0,0,0,-234000,0,0,0,508000,742000,-234000,-234000
064264,智伸科永豐9C購01,0,0,0,0,0,0,0,0,0,-235000,0,0,0,0,235000,-235000,-235000
064185,裕隆永豐9C購01  ,0,0,0,0,0,0,0,0,0,-235000,0,0,0,126000,361000,-235000,-235000
063819,致新群益9C購01  ,0,0,0,0,0,0,0,0,0,-235000,0,0,0,56000,291000,-235000,-235000
03427B,臺股指元大9A熊02,0,0,0,0,0,0,0,0,0,-235000,0,0,0,238000,473000,-235000,-235000
063202,南亞科統一9C購02,0,0,0,0,0,0,0,0,0,-235000,0,0,0,0,235000,-235000,-235000
064581,葡萄王永豐9C購01,0,0,0,0,0,0,0,0,0,-235000,0,0,0,0,235000,-235000,-235000
2610,華航            ,3061000,3323000,-262000,0,0,0,0,0,0,27000,29000,2000,27000,0,0,0,-235000
07864P,可成元大9B售01  ,0,0,0,0,0,0,0,0,0,-236000,0,0,0,0,236000,-236000,-236000
062939,奇力新凱基9B購02,0,0,0,0,0,0,0,0,0,-236000,0,0,0,0,236000,-236000,-236000
062360,華邦電元大9B購01,0,0,0,0,0,0,0,0,0,-236000,0,0,0,50000,286000,-236000,-236000
065777,正崴國泰03購01  ,0,0,0,0,0,0,0,0,0,-236000,0,0,0,0,236000,-236000,-236000
3044,健鼎            ,1888000,1772424,115576,0,0,0,0,2000,-2000,-350000,6000,0,6000,24000,380000,-356000,-236424
061799,奇鋐永豐9B購01  ,0,0,0,0,0,0,0,0,0,-237000,0,0,0,29000,266000,-237000,-237000
066291,惠特元大01購01  ,0,0,0,0,0,0,0,0,0,-237000,0,0,0,23000,260000,-237000,-237000
066216,南電統一03購01  ,0,0,0,0,0,0,0,0,0,-237000,0,0,0,67000,304000,-237000,-237000
063574,茂林元大9B購07  ,0,0,0,0,0,0,0,0,0,-238000,0,0,0,0,238000,-238000,-238000
06999P,玉晶光國票9B售01,0,0,0,0,0,0,0,0,0,-238000,0,0,0,0,238000,-238000,-238000
062731,力成凱基9B購02  ,0,0,0,0,0,0,0,0,0,-238000,0,0,0,13000,251000,-238000,-238000
062036,致新群益9B購01  ,0,0,0,0,0,0,0,0,0,-238000,0,0,0,0,238000,-238000,-238000
063310,和大群益9B購02  ,0,0,0,0,0,0,0,0,0,-238000,0,0,0,0,238000,-238000,-238000
061593,智原永豐9A購01  ,0,0,0,0,0,0,0,0,0,-238000,0,0,0,107000,345000,-238000,-238000
066123,華夏群益01購01  ,0,0,0,0,0,0,0,0,0,-238000,0,0,0,3000,241000,-238000,-238000
1517,利奇            ,303000,541000,-238000,0,0,0,0,0,0,0,0,0,0,0,0,0,-238000
062230,緯穎統一01購01  ,0,0,0,0,0,0,0,0,0,-239000,0,0,0,232000,471000,-239000,-239000
067389,聯發科元富07購04,0,0,0,0,0,0,0,0,0,-240000,0,0,0,59000,299000,-240000,-240000
07500P,微星元大9A售01  ,0,0,0,0,0,0,0,0,0,-240000,0,0,0,0,240000,-240000,-240000
065519,台勝科群益9C購02,0,0,0,0,0,0,0,0,0,-240000,0,0,0,11000,251000,-240000,-240000
08563P,金像電元富9C售03,0,0,0,0,0,0,0,0,0,-240000,0,0,0,140000,380000,-240000,-240000
07000P,T50反1元大99售03,0,0,0,0,0,0,0,0,0,-241000,0,0,0,70000,311000,-241000,-241000
063172,廣達中信9C購01  ,0,0,0,0,0,0,0,0,0,-241000,0,0,0,26000,267000,-241000,-241000
064920,景碩統一01購02  ,0,0,0,0,0,0,0,0,0,-241000,0,0,0,180000,421000,-241000,-241000
065271,日月光元大9C購02,0,0,0,0,0,0,0,0,0,-241000,0,0,0,274000,515000,-241000,-241000
065227,金像電凱基9C購01,0,0,0,0,0,0,0,0,0,-241000,0,0,0,263000,504000,-241000,-241000
062034,同欣電群益9B購01,0,0,0,0,0,0,0,0,0,-242000,0,0,0,89000,331000,-242000,-242000
07202P,台灣50凱基9C售04,0,0,0,0,0,0,0,0,0,-243000,0,0,0,12000,255000,-243000,-243000
062606,聯電凱基9C購02  ,0,0,0,0,0,0,0,0,0,-243000,0,0,0,64000,307000,-243000,-243000
5434,崇越            ,310000,497447,-187447,0,0,0,0,0,0,-56000,4000,50000,-46000,0,10000,-10000,-243447
066853,樺漢元大01購01  ,0,0,0,0,0,0,0,0,0,-244000,0,0,0,120000,364000,-244000,-244000
063492,台積電富邦02購02,0,0,0,0,0,0,0,0,0,-244000,0,0,0,4000,248000,-244000,-244000
066451,台郡群益01購01  ,0,0,0,0,0,0,0,0,0,-244000,0,0,0,37000,281000,-244000,-244000
1810,和成            ,311000,571000,-260000,0,0,0,0,0,0,16000,16000,0,16000,0,0,0,-244000
066831,亞光群益01購01  ,0,0,0,0,0,0,0,0,0,-245000,0,0,0,0,245000,-245000,-245000
2505,國揚            ,795000,1006000,-211000,0,0,0,0,0,0,-34000,1000,26000,-25000,95000,104000,-9000,-245000
067427,奇力新凱基01購01,0,0,0,0,0,0,0,0,0,-246000,0,0,0,0,246000,-246000,-246000
061470,鈺齊群益9A購02  ,0,0,0,0,0,0,0,0,0,-246000,0,0,0,0,246000,-246000,-246000
065916,聯發科凱基01購10,0,0,0,0,0,0,0,0,0,-246000,0,0,0,107000,353000,-246000,-246000
08568P,臺股指富邦9C售05,0,0,0,0,0,0,0,0,0,-246000,0,0,0,0,246000,-246000,-246000
067409,巨大永豐01購01  ,0,0,0,0,0,0,0,0,0,-247000,0,0,0,0,247000,-247000,-247000
066736,京鼎元大01購02  ,0,0,0,0,0,0,0,0,0,-247000,0,0,0,70000,317000,-247000,-247000
063933,TPK統一01購01   ,0,0,0,0,0,0,0,0,0,-247000,0,0,0,458000,705000,-247000,-247000
00643,群益深証中小    ,70000,1118000,-1048000,0,0,0,0,0,0,801000,0,0,0,1935000,1134000,801000,-247000
058299,同欣電凱基9A購01,0,0,0,0,0,0,0,0,0,-247000,0,0,0,68000,315000,-247000,-247000
063500,嘉晶永豐9B購02  ,0,0,0,0,0,0,0,0,0,-247000,0,0,0,7000,254000,-247000,-247000
063473,茂林元大9B購05  ,0,0,0,0,0,0,0,0,0,-247000,0,0,0,7000,254000,-247000,-247000
065820,瑞祺元富03購01  ,0,0,0,0,0,0,0,0,0,-247000,0,0,0,2000,249000,-247000,-247000
065313,聯茂國票01購01  ,0,0,0,0,0,0,0,0,0,-247000,0,0,0,55000,302000,-247000,-247000
065130,奇鋐兆豐9C購01  ,0,0,0,0,0,0,0,0,0,-247000,0,0,0,82000,329000,-247000,-247000
061742,奇鋐凱基9B購01  ,0,0,0,0,0,0,0,0,0,-248000,0,0,0,25000,273000,-248000,-248000
064314,信邦群益9C購01  ,0,0,0,0,0,0,0,0,0,-248000,0,0,0,22000,270000,-248000,-248000
063982,TPK兆豐9C購01   ,0,0,0,0,0,0,0,0,0,-249000,0,0,0,151000,400000,-249000,-249000
067046,聯發科凱基04購01,0,0,0,0,0,0,0,0,0,-249000,0,0,0,3000,252000,-249000,-249000
058554,瀚宇博永豐99購01,0,0,0,0,0,0,0,0,0,-249000,0,0,0,351000,600000,-249000,-249000
062559,嘉晶凱基9B購02  ,0,0,0,0,0,0,0,0,0,-249000,0,0,0,6000,255000,-249000,-249000
065604,聯發科元大9C購17,0,0,0,0,0,0,0,0,0,-249000,0,0,0,385000,634000,-249000,-249000
067470,國巨元大01購10  ,0,0,0,0,0,0,0,0,0,-250000,0,0,0,0,250000,-250000,-250000
08140P,祥碩元大9B售07  ,0,0,0,0,0,0,0,0,0,-250000,0,0,0,655000,905000,-250000,-250000
060470,台勝科元大9A購03,0,0,0,0,0,0,0,0,0,-250000,0,0,0,0,250000,-250000,-250000
066505,可成富邦03購01  ,0,0,0,0,0,0,0,0,0,-250000,0,0,0,0,250000,-250000,-250000
064796,緯穎國票01購01  ,0,0,0,0,0,0,0,0,0,-250000,0,0,0,420000,670000,-250000,-250000
065461,台光電中信9C購01,0,0,0,0,0,0,0,0,0,-250000,0,0,0,44000,294000,-250000,-250000
08341P,國泰金台新9C售01,0,0,0,0,0,0,0,0,0,-251000,0,0,0,0,251000,-251000,-251000
067134,國揚永豐01購02  ,0,0,0,0,0,0,0,0,0,-251000,0,0,0,0,251000,-251000,-251000
03451B,臺股指凱基9C熊23,0,0,0,0,0,0,0,0,0,-251000,0,0,0,728000,979000,-251000,-251000
06690P,玉晶光群益9A售05,0,0,0,0,0,0,0,0,0,-252000,0,0,0,293000,545000,-252000,-252000
064137,台泥統一02購01  ,0,0,0,0,0,0,0,0,0,-252000,0,0,0,337000,589000,-252000,-252000
059623,聯電凱基99購02  ,0,0,0,0,0,0,0,0,0,-252000,0,0,0,10000,262000,-252000,-252000
062287,康友群益9B購02  ,0,0,0,0,0,0,0,0,0,-252000,0,0,0,0,252000,-252000,-252000
063664,漢唐統一9C購01  ,0,0,0,0,0,0,0,0,0,-253000,0,0,0,0,253000,-253000,-253000
058102,楠梓電永豐98購04,0,0,0,0,0,0,0,0,0,-253000,0,0,0,0,253000,-253000,-253000
064678,嘉晶兆豐01購01  ,0,0,0,0,0,0,0,0,0,-253000,0,0,0,4000,257000,-253000,-253000
063703,晶豪科群益9B購02,0,0,0,0,0,0,0,0,0,-253000,0,0,0,0,253000,-253000,-253000
064939,健策元富9C購03  ,0,0,0,0,0,0,0,0,0,-254000,0,0,0,50000,304000,-254000,-254000
063959,GIS元大9C購02   ,0,0,0,0,0,0,0,0,0,-255000,0,0,0,55000,310000,-255000,-255000
07646P,世芯元大9A售04  ,0,0,0,0,0,0,0,0,0,-255000,0,0,0,0,255000,-255000,-255000
067037,美利達康和01購02,0,0,0,0,0,0,0,0,0,-255000,0,0,0,20000,275000,-255000,-255000
067383,樺漢統一03購02  ,0,0,0,0,0,0,0,0,0,-255000,0,0,0,5000,260000,-255000,-255000
059766,同欣電永豐99購03,0,0,0,0,0,0,0,0,0,-255000,0,0,0,0,255000,-255000,-255000
060432,達方永豐9A購01  ,0,0,0,0,0,0,0,0,0,-255000,0,0,0,120000,375000,-255000,-255000
066552,大立光元大01購08,0,0,0,0,0,0,0,0,0,-255000,0,0,0,0,255000,-255000,-255000
06638P,鴻海統一99售02  ,0,0,0,0,0,0,0,0,0,-255000,0,0,0,100000,355000,-255000,-255000
057902,嘉晶永豐98購02  ,0,0,0,0,0,0,0,0,0,-256000,0,0,0,0,256000,-256000,-256000
057691,健策凱基99購01  ,0,0,0,0,0,0,0,0,0,-256000,0,0,0,17000,273000,-256000,-256000
063139,聯發科統一9B購07,0,0,0,0,0,0,0,0,0,-256000,0,0,0,1000,257000,-256000,-256000
059849,興勤永豐99購01  ,0,0,0,0,0,0,0,0,0,-257000,0,0,0,105000,362000,-257000,-257000
062547,玉晶光永豐9B購05,0,0,0,0,0,0,0,0,0,-257000,0,0,0,57000,314000,-257000,-257000
064555,力山群益01購01  ,0,0,0,0,0,0,0,0,0,-257000,0,0,0,159000,416000,-257000,-257000
07802P,瑞昱永豐9A售03  ,0,0,0,0,0,0,0,0,0,-259000,0,0,0,0,259000,-259000,-259000
065457,旭富元富03購01  ,0,0,0,0,0,0,0,0,0,-259000,0,0,0,240000,499000,-259000,-259000
067315,京鼎元大01購05  ,0,0,0,0,0,0,0,0,0,-260000,0,0,0,24000,284000,-260000,-260000
067485,緯創元大01購01  ,0,0,0,0,0,0,0,0,0,-260000,0,0,0,0,260000,-260000,-260000
060346,華新科統一01購01,0,0,0,0,0,0,0,0,0,-260000,0,0,0,5000,265000,-260000,-260000
066158,惠特康和01購01  ,0,0,0,0,0,0,0,0,0,-260000,0,0,0,0,260000,-260000,-260000
065782,健策富邦01購02  ,0,0,0,0,0,0,0,0,0,-260000,0,0,0,321000,581000,-260000,-260000
065967,國巨元大01購07  ,0,0,0,0,0,0,0,0,0,-260000,0,0,0,0,260000,-260000,-260000
067268,日月光永豐01購01,0,0,0,0,0,0,0,0,0,-261000,0,0,0,108000,369000,-261000,-261000
063434,和潤元富9B購01  ,0,0,0,0,0,0,0,0,0,-261000,0,0,0,68000,329000,-261000,-261000
060124,奇力新永豐99購03,0,0,0,0,0,0,0,0,0,-261000,0,0,0,0,261000,-261000,-261000
064700,致新群益9C購02  ,0,0,0,0,0,0,0,0,0,-261000,0,0,0,0,261000,-261000,-261000
8016,矽創            ,451000,523433,-72433,0,0,0,0,24000,-24000,-165000,1000,160000,-159000,6000,12000,-6000,-261433
07013P,玉晶光群益9A售06,0,0,0,0,0,0,0,0,0,-262000,0,0,0,18000,280000,-262000,-262000
066837,樺漢群益01購02  ,0,0,0,0,0,0,0,0,0,-262000,0,0,0,0,262000,-262000,-262000
064236,奇力新統一01購04,0,0,0,0,0,0,0,0,0,-262000,0,0,0,0,262000,-262000,-262000
063244,華新科元大9B購11,0,0,0,0,0,0,0,0,0,-262000,0,0,0,0,262000,-262000,-262000
064468,健策元富9C購02  ,0,0,0,0,0,0,0,0,0,-262000,0,0,0,44000,306000,-262000,-262000
060573,力成永豐9A購01  ,0,0,0,0,0,0,0,0,0,-263000,0,0,0,12000,275000,-263000,-263000
062332,大立光統一9B購11,0,0,0,0,0,0,0,0,0,-264000,0,0,0,47000,311000,-264000,-264000
066636,健策凱基01購02  ,0,0,0,0,0,0,0,0,0,-264000,0,0,0,0,264000,-264000,-264000
066895,台勝科兆豐01購01,0,0,0,0,0,0,0,0,0,-265000,0,0,0,0,265000,-265000,-265000
07083P,台積電統一9A售06,0,0,0,0,0,0,0,0,0,-265000,0,0,0,0,265000,-265000,-265000
067502,聚陽統一02購04  ,0,0,0,0,0,0,0,0,0,-265000,0,0,0,15000,280000,-265000,-265000
066617,鎧勝康和01購01  ,0,0,0,0,0,0,0,0,0,-265000,0,0,0,329000,594000,-265000,-265000
066624,燿華凱基01購02  ,0,0,0,0,0,0,0,0,0,-265000,0,0,0,0,265000,-265000,-265000
066160,美利達康和01購01,0,0,0,0,0,0,0,0,0,-265000,0,0,0,0,265000,-265000,-265000
08423P,台積電統一9C售13,0,0,0,0,0,0,0,0,0,-265000,0,0,0,0,265000,-265000,-265000
061718,GIS凱基9B購01   ,0,0,0,0,0,0,0,0,0,-266000,0,0,0,27000,293000,-266000,-266000
063471,泰鼎元大9C購01  ,0,0,0,0,0,0,0,0,0,-266000,0,0,0,412000,678000,-266000,-266000
066565,泰鼎元大01購01  ,0,0,0,0,0,0,0,0,0,-266000,0,0,0,197000,463000,-266000,-266000
066493,美利達元富01購01,0,0,0,0,0,0,0,0,0,-266000,0,0,0,83000,349000,-266000,-266000
065973,嘉晶元大01購03  ,0,0,0,0,0,0,0,0,0,-266000,0,0,0,49000,315000,-266000,-266000
065672,嘉晶凱基01購01  ,0,0,0,0,0,0,0,0,0,-267000,0,0,0,57000,324000,-267000,-267000
066203,景碩統一03購01  ,0,0,0,0,0,0,0,0,0,-267000,0,0,0,0,267000,-267000,-267000
064775,和大群益01購01  ,0,0,0,0,0,0,0,0,0,-267000,0,0,0,0,267000,-267000,-267000
066836,樺漢群益01購01  ,0,0,0,0,0,0,0,0,0,-268000,0,0,0,35000,303000,-268000,-268000
066917,美利達凱基01購02,0,0,0,0,0,0,0,0,0,-268000,0,0,0,0,268000,-268000,-268000
052542,友達元富98購01  ,0,0,0,0,0,0,0,0,0,-268000,0,0,0,51000,319000,-268000,-268000
055487,國巨元大98購07  ,0,0,0,0,0,0,0,0,0,-268000,0,0,0,5000,273000,-268000,-268000
067040,鴻海凱基02購04  ,0,0,0,0,0,0,0,0,0,-269000,0,0,0,422000,691000,-269000,-269000
057812,友達元大9A購05  ,0,0,0,0,0,0,0,0,0,-269000,0,0,0,0,269000,-269000,-269000
062915,嘉澤元大9B購03  ,0,0,0,0,0,0,0,0,0,-269000,0,0,0,28000,297000,-269000,-269000
062268,力山群益9B購01  ,0,0,0,0,0,0,0,0,0,-269000,0,0,0,8000,277000,-269000,-269000
061210,玉山金元大9A購02,0,0,0,0,0,0,0,0,0,-269000,0,0,0,17000,286000,-269000,-269000
07358P,鴻海元大99售39  ,0,0,0,0,0,0,0,0,0,-270000,0,0,0,10000,280000,-270000,-270000
08355P,智邦元大9C售03  ,0,0,0,0,0,0,0,0,0,-270000,0,0,0,15000,285000,-270000,-270000
064763,祥碩凱基02購01  ,0,0,0,0,0,0,0,0,0,-270000,0,0,0,84000,354000,-270000,-270000
066144,惠特群益01購02  ,0,0,0,0,0,0,0,0,0,-270000,0,0,0,98000,368000,-270000,-270000
06953P,景碩統一9A售01  ,0,0,0,0,0,0,0,0,0,-271000,0,0,0,0,271000,-271000,-271000
067277,樺漢統一03購01  ,0,0,0,0,0,0,0,0,0,-272000,0,0,0,0,272000,-272000,-272000
060158,廣達永豐9A購01  ,0,0,0,0,0,0,0,0,0,-272000,0,0,0,427000,699000,-272000,-272000
063295,京元電麥證9B購01,0,0,0,22000,294000,-272000,0,0,0,-272000,0,0,0,22000,294000,-272000,-272000
064370,聯茂統一02購01  ,0,0,0,0,0,0,0,0,0,-272000,0,0,0,344000,616000,-272000,-272000
061891,力山永豐9B購01  ,0,0,0,0,0,0,0,0,0,-273000,0,0,0,0,273000,-273000,-273000
065903,聯發科富邦02購02,0,0,0,0,0,0,0,0,0,-273000,0,0,0,89000,362000,-273000,-273000
08802P,聯發科元大01售14,0,0,0,0,0,0,0,0,0,-273000,0,0,0,158000,431000,-273000,-273000
066855,樺漢元大01購03  ,0,0,0,0,0,0,0,0,0,-274000,0,0,0,281000,555000,-274000,-274000
060790,日月光富邦9A購01,0,0,0,0,0,0,0,0,0,-274000,0,0,0,198000,472000,-274000,-274000
066084,國巨富邦05購01  ,0,0,0,0,0,0,0,0,0,-275000,0,0,0,5000,280000,-275000,-275000
06984P,上銀富邦9B售01  ,0,0,0,0,0,0,0,0,0,-276000,0,0,0,0,276000,-276000,-276000
08136P,祥碩國泰01售01  ,0,0,0,0,0,0,0,0,0,-276000,0,0,0,15000,291000,-276000,-276000
061673,仁寶元大9B購01  ,0,0,0,0,0,0,0,0,0,-276000,0,0,0,248000,524000,-276000,-276000
061661,京鼎永豐9A購02  ,0,0,0,0,0,0,0,0,0,-276000,0,0,0,0,276000,-276000,-276000
066236,潤泰全富邦01購01,0,0,0,0,0,0,0,0,0,-276000,0,0,0,108000,384000,-276000,-276000
064716,國巨統一9C購14  ,0,0,0,0,0,0,0,0,0,-276000,0,0,0,250000,526000,-276000,-276000
062407,同欣電永豐9B購01,0,0,0,0,0,0,0,0,0,-277000,0,0,0,0,277000,-277000,-277000
061914,台光電中信9B購01,0,0,0,0,0,0,0,0,0,-277000,0,0,0,123000,400000,-277000,-277000
062996,致茂國票9C購01  ,0,0,0,0,0,0,0,0,0,-278000,0,0,0,0,278000,-278000,-278000
066654,上証2X凱基03購02,0,0,0,0,0,0,0,0,0,-278000,0,0,0,7000,285000,-278000,-278000
065908,聯發科永豐9C購04,0,0,0,0,0,0,0,0,0,-278000,0,0,0,0,278000,-278000,-278000
08698P,可成凱基01售02  ,0,0,0,0,0,0,0,0,0,-278000,0,0,0,2000,280000,-278000,-278000
064239,群創統一02購01  ,0,0,0,0,0,0,0,0,0,-279000,0,0,0,91000,370000,-279000,-279000
067775,GIS統一02購04   ,0,0,0,0,0,0,0,0,0,-279000,0,0,0,9000,288000,-279000,-279000
055576,嘉晶統一98購01  ,0,0,0,0,0,0,0,0,0,-279000,0,0,0,0,279000,-279000,-279000
066413,鴻海元大01購06  ,0,0,0,0,0,0,0,0,0,-279000,0,0,0,50000,329000,-279000,-279000
064786,GIS群益9C購04   ,0,0,0,0,0,0,0,0,0,-279000,0,0,0,134000,413000,-279000,-279000
067515,美利達統一03購03,0,0,0,0,0,0,0,0,0,-280000,0,0,0,35000,315000,-280000,-280000
066792,T50反1凱基01購03,0,0,0,0,0,0,0,0,0,-280000,0,0,0,60000,340000,-280000,-280000
08223P,臺股指凱基9B售18,0,0,0,0,0,0,0,0,0,-280000,0,0,0,150000,430000,-280000,-280000
056125,旺宏國票98購02  ,0,0,0,0,0,0,0,0,0,-280000,0,0,0,0,280000,-280000,-280000
059307,T50反1元大99購06,0,0,0,0,0,0,0,0,0,-280000,0,0,0,0,280000,-280000,-280000
065785,奇力新永豐9C購02,0,0,0,0,0,0,0,0,0,-280000,0,0,0,2000,282000,-280000,-280000
07408P,台積電兆豐99售06,0,0,0,0,0,0,0,0,0,-281000,0,0,0,49000,330000,-281000,-281000
065727,冠德凱基9C購01  ,0,0,0,0,0,0,0,0,0,-281000,0,0,0,85000,366000,-281000,-281000
065978,臻鼎元大02購01  ,0,0,0,0,0,0,0,0,0,-281000,0,0,0,100000,381000,-281000,-281000
062936,鴻海凱基9B購07  ,0,0,0,0,0,0,0,0,0,-282000,0,0,0,1000,283000,-282000,-282000
060120,聯電富邦9B購01  ,0,0,0,0,0,0,0,0,0,-282000,0,0,0,0,282000,-282000,-282000
063559,力山元大9B購04  ,0,0,0,0,0,0,0,0,0,-283000,0,0,0,70000,353000,-283000,-283000
067148,燿華統一01購03  ,0,0,0,0,0,0,0,0,0,-283000,0,0,0,0,283000,-283000,-283000
067496,拓凱元大01購02  ,0,0,0,0,0,0,0,0,0,-283000,0,0,0,41000,324000,-283000,-283000
056517,茂林兆豐99購01  ,0,0,0,0,0,0,0,0,0,-283000,0,0,0,0,283000,-283000,-283000
063367,GIS富邦9B購01   ,0,0,0,0,0,0,0,0,0,-283000,0,0,0,7000,290000,-283000,-283000
065826,國巨凱基9C購12  ,0,0,0,0,0,0,0,0,0,-283000,0,0,0,16000,299000,-283000,-283000
067208,瑞昱元大01購03  ,0,0,0,0,0,0,0,0,0,-284000,0,0,0,185000,469000,-284000,-284000
07352P,台積電國票99售11,0,0,0,0,0,0,0,0,0,-284000,0,0,0,15000,299000,-284000,-284000
062218,燿華統一01購01  ,0,0,0,0,0,0,0,0,0,-284000,0,0,0,68000,352000,-284000,-284000
065673,嘉晶凱基01購02  ,0,0,0,0,0,0,0,0,0,-284000,0,0,0,22000,306000,-284000,-284000
065544,和大兆豐01購01  ,0,0,0,0,0,0,0,0,0,-284000,0,0,0,0,284000,-284000,-284000
064958,GIS凱基02購03   ,0,0,0,0,0,0,0,0,0,-284000,0,0,0,162000,446000,-284000,-284000
065830,景碩凱基9C購04  ,0,0,0,0,0,0,0,0,0,-285000,0,0,0,12000,297000,-285000,-285000
064045,南亞科統一9C購04,0,0,0,0,0,0,0,0,0,-286000,0,0,0,28000,314000,-286000,-286000
062413,台光電中信9B購02,0,0,0,0,0,0,0,0,0,-286000,0,0,0,200000,486000,-286000,-286000
067491,健策元大01購10  ,0,0,0,0,0,0,0,0,0,-287000,0,0,0,0,287000,-287000,-287000
055916,奇鋐凱基99購01  ,0,0,0,0,0,0,0,0,0,-287000,0,0,0,41000,328000,-287000,-287000
065391,和大群益01購03  ,0,0,0,0,0,0,0,0,0,-287000,0,0,0,0,287000,-287000,-287000
064627,矽格元大9C購01  ,0,0,0,0,0,0,0,0,0,-287000,0,0,0,25000,312000,-287000,-287000
067509,京鼎統一01購01  ,0,0,0,0,0,0,0,0,0,-288000,0,0,0,4000,292000,-288000,-288000
063632,金像電元大9B購04,0,0,0,0,0,0,0,0,0,-288000,0,0,0,17000,305000,-288000,-288000
08729P,創意永豐01售01  ,0,0,0,0,0,0,0,0,0,-288000,0,0,0,202000,490000,-288000,-288000
1734,杏輝            ,298000,2000,296000,0,0,0,0,0,0,-584000,0,0,0,0,584000,-584000,-288000
1731,美吾華          ,251000,539000,-288000,0,0,0,0,0,0,0,0,0,0,0,0,0,-288000
057257,台泥兆豐99購01  ,0,0,0,0,0,0,0,0,0,-289000,0,0,0,260000,549000,-289000,-289000
064644,台光電凱基9C購01,0,0,0,0,0,0,0,0,0,-289000,0,0,0,47000,336000,-289000,-289000
065474,旺宏元大9C購06  ,0,0,0,0,0,0,0,0,0,-289000,0,0,0,240000,529000,-289000,-289000
065778,南亞科國泰01購01,0,0,0,0,0,0,0,0,0,-289000,0,0,0,92000,381000,-289000,-289000
08242P,聯發科凱基9C售06,0,0,0,0,0,0,0,0,0,-290000,0,0,0,10000,300000,-290000,-290000
066818,力成兆豐01購01  ,0,0,0,0,0,0,0,0,0,-290000,0,0,0,0,290000,-290000,-290000
065728,嘉晶凱基9C購04  ,0,0,0,0,0,0,0,0,0,-290000,0,0,0,48000,338000,-290000,-290000
065656,聯發科國泰03購01,0,0,0,0,0,0,0,0,0,-290000,0,0,0,155000,445000,-290000,-290000
064905,嘉聯益群益9C購01,0,0,0,0,0,0,0,0,0,-290000,0,0,0,10000,300000,-290000,-290000
064777,南亞科群益9C購01,0,0,0,0,0,0,0,0,0,-290000,0,0,0,0,290000,-290000,-290000
056138,群創元大9B購01  ,0,0,0,0,0,0,0,0,0,-291000,0,0,0,3000,294000,-291000,-291000
056894,佳世達元大99購01,0,0,0,0,0,0,0,0,0,-291000,0,0,0,0,291000,-291000,-291000
064313,嘉晶群益9C購02  ,0,0,0,0,0,0,0,0,0,-291000,0,0,0,0,291000,-291000,-291000
08805P,台積電元富07售04,0,0,0,0,0,0,0,0,0,-291000,0,0,0,22000,313000,-291000,-291000
064248,億光元富9C購01  ,0,0,0,0,0,0,0,0,0,-292000,0,0,0,107000,399000,-292000,-292000
00715L,街口布蘭特油正2 ,0,290000,-290000,0,0,0,0,0,0,-3000,0,0,0,0,3000,-3000,-293000
057347,國巨統一9A購03  ,0,0,0,0,0,0,0,0,0,-293000,0,0,0,77000,370000,-293000,-293000
061971,力山元大9C購02  ,0,0,0,0,0,0,0,0,0,-293000,0,0,0,48000,341000,-293000,-293000
064706,嘉晶富邦01購01  ,0,0,0,0,0,0,0,0,0,-293000,0,0,0,0,293000,-293000,-293000
065745,裕隆元大9C購03  ,0,0,0,0,0,0,0,0,0,-293000,0,0,0,139000,432000,-293000,-293000
08152P,祥碩統一9B售02  ,0,0,0,0,0,0,0,0,0,-294000,0,0,0,265000,559000,-294000,-294000
067501,聚陽統一01購03  ,0,0,0,0,0,0,0,0,0,-294000,0,0,0,40000,334000,-294000,-294000
067662,聚陽元大01購03  ,0,0,0,0,0,0,0,0,0,-294000,0,0,0,0,294000,-294000,-294000
057451,大立光元富9B購01,0,0,0,0,0,0,0,0,0,-294000,0,0,0,58000,352000,-294000,-294000
055570,華通統一98購03  ,0,0,0,0,0,0,0,0,0,-294000,0,0,0,15000,309000,-294000,-294000
062061,台勝科統一01購01,0,0,0,0,0,0,0,0,0,-294000,0,0,0,0,294000,-294000,-294000
065685,同欣電統一01購04,0,0,0,0,0,0,0,0,0,-294000,0,0,0,80000,374000,-294000,-294000
064718,友達統一02購01  ,0,0,0,0,0,0,0,0,0,-294000,0,0,0,10000,304000,-294000,-294000
4108,懷特            ,156000,450000,-294000,0,0,0,0,0,0,0,0,0,0,0,0,0,-294000
066887,聯發科中信02購01,0,0,0,0,0,0,0,0,0,-295000,0,0,0,84000,379000,-295000,-295000
063175,燿華兆豐9C購01  ,0,0,0,0,0,0,0,0,0,-296000,0,0,0,0,296000,-296000,-296000
064410,超眾凱基02購01  ,0,0,0,0,0,0,0,0,0,-296000,0,0,0,60000,356000,-296000,-296000
08598P,立積元大9C售04  ,0,0,0,0,0,0,0,0,0,-296000,0,0,0,0,296000,-296000,-296000
066843,台達電元大01購02,0,0,0,0,0,0,0,0,0,-297000,0,0,0,2000,299000,-297000,-297000
066835,台郡群益01購02  ,0,0,0,0,0,0,0,0,0,-297000,0,0,0,30000,327000,-297000,-297000
067341,欣興凱基03購01  ,0,0,0,0,0,0,0,0,0,-297000,0,0,0,97000,394000,-297000,-297000
064917,元大金統一02購01,0,0,0,0,0,0,0,0,0,-297000,0,0,0,0,297000,-297000,-297000
5521,工信            ,124000,421000,-297000,0,0,0,0,0,0,0,0,0,0,0,0,0,-297000
9933,中鼎            ,627000,623000,4000,0,0,0,0,2000,-2000,-299000,2000,0,2000,0,301000,-301000,-297000
064318,彩晶群益9C購01  ,0,0,0,0,0,0,0,0,0,-298000,0,0,0,0,298000,-298000,-298000
067689,惠特元大01購03  ,0,0,0,0,0,0,0,0,0,-299000,0,0,0,2000,301000,-299000,-299000
060889,國泰金統一9C購01,0,0,0,0,0,0,0,0,0,-299000,0,0,0,0,299000,-299000,-299000
065710,嘉聯益群益9C購02,0,0,0,0,0,0,0,0,0,-299000,0,0,0,0,299000,-299000,-299000
2905,三商            ,423000,722000,-299000,0,0,0,0,0,0,0,2000,2000,0,0,0,0,-299000
2548,華固            ,233000,535000,-302000,0,0,0,0,0,0,3000,3000,0,3000,0,0,0,-299000
067539,緯創群益01購01  ,0,0,0,0,0,0,0,0,0,-300000,0,0,0,26000,326000,-300000,-300000
07578P,高鐵元大9A售02  ,0,0,0,0,0,0,0,0,0,-300000,0,0,0,0,300000,-300000,-300000
07543P,台積電凱基9A售17,0,0,0,0,0,0,0,0,0,-300000,0,0,0,0,300000,-300000,-300000
063864,健策富邦01購01  ,0,0,0,0,0,0,0,0,0,-300000,0,0,0,18000,318000,-300000,-300000
056902,大立光元大98購12,0,0,0,0,0,0,0,0,0,-300000,0,0,0,5000,305000,-300000,-300000
054279,揚明光群益98購01,0,0,0,0,0,0,0,0,0,-300000,0,0,0,0,300000,-300000,-300000
057492,大立光元大98購18,0,0,0,0,0,0,0,0,0,-300000,0,0,0,0,300000,-300000,-300000
061294,奇力新麥證9A購01,0,0,0,0,300000,-300000,0,0,0,-300000,0,0,0,0,300000,-300000,-300000
061990,台勝科元大9C購01,0,0,0,0,0,0,0,0,0,-300000,0,0,0,0,300000,-300000,-300000
064658,喬山元大9C購01  ,0,0,0,0,0,0,0,0,0,-300000,0,0,0,0,300000,-300000,-300000
060284,南港元大01購01  ,0,0,0,0,0,0,0,0,0,-301000,0,0,0,416000,717000,-301000,-301000
061596,健策永豐9A購03  ,0,0,0,0,0,0,0,0,0,-301000,0,0,0,27000,328000,-301000,-301000
065767,T50反1國票03購01,0,0,0,0,0,0,0,0,0,-301000,0,0,0,0,301000,-301000,-301000
065847,嘉晶元大9C購03  ,0,0,0,0,0,0,0,0,0,-301000,0,0,0,97000,398000,-301000,-301000
067603,冠德凱基02購01  ,0,0,0,0,0,0,0,0,0,-302000,0,0,0,14000,316000,-302000,-302000
059453,奇力新永豐99購01,0,0,0,0,0,0,0,0,0,-302000,0,0,0,0,302000,-302000,-302000
060234,凱美元大9C購01  ,0,0,0,0,0,0,0,0,0,-302000,0,0,0,111000,413000,-302000,-302000
065808,力成群益9C購02  ,0,0,0,0,0,0,0,0,0,-302000,0,0,0,213000,515000,-302000,-302000
066508,世紀鋼富邦03購01,0,0,0,0,0,0,0,0,0,-302000,0,0,0,10000,312000,-302000,-302000
062543,華通富邦9C購01  ,0,0,0,0,0,0,0,0,0,-303000,0,0,0,582000,885000,-303000,-303000
063134,裕隆統一01購01  ,0,0,0,0,0,0,0,0,0,-304000,0,0,0,1043000,1347000,-304000,-304000
066304,聯華永豐01購01  ,0,0,0,0,0,0,0,0,0,-304000,0,0,0,0,304000,-304000,-304000
067467,鴻海元大01購16  ,0,0,0,0,0,0,0,0,0,-305000,0,0,0,0,305000,-305000,-305000
066921,日月光麥證01購01,0,0,0,141000,446000,-305000,0,0,0,-305000,0,0,0,141000,446000,-305000,-305000
067088,啟碁元大01購01  ,0,0,0,0,0,0,0,0,0,-305000,0,0,0,66000,371000,-305000,-305000
061164,燿華兆豐9B購01  ,0,0,0,0,0,0,0,0,0,-306000,0,0,0,10000,316000,-306000,-306000
064986,GIS元大9C購07   ,50000,0,50000,0,0,0,0,0,0,-356000,0,0,0,482000,838000,-356000,-306000
067113,京鼎群益02購03  ,0,0,0,0,0,0,0,0,0,-307000,0,0,0,0,307000,-307000,-307000
066952,亞光元大01購03  ,0,0,0,0,0,0,0,0,0,-307000,0,0,0,0,307000,-307000,-307000
2027,大成鋼          ,1008000,1316000,-308000,0,0,0,0,4000,-4000,5000,4000,19000,-15000,29000,9000,20000,-307000
062557,台光電凱基9B購02,0,0,0,0,0,0,0,0,0,-308000,0,0,0,101000,409000,-308000,-308000
067639,奇力新統一01購06,0,0,0,0,0,0,0,0,0,-309000,0,0,0,0,309000,-309000,-309000
058328,世紀鋼統一9B購01,0,0,0,0,0,0,0,0,0,-309000,0,0,0,50000,359000,-309000,-309000
063705,臻鼎群益9B購03  ,0,0,0,0,0,0,0,0,0,-309000,0,0,0,10000,319000,-309000,-309000
064255,泰碩國泰02購01  ,0,0,0,0,0,0,0,0,0,-310000,0,0,0,6000,316000,-310000,-310000
054819,裕民元大9A購01  ,0,0,0,0,0,0,0,0,0,-310000,0,0,0,130000,440000,-310000,-310000
04006P,滬深2X國票9B售01,0,0,0,0,0,0,0,0,0,-310000,0,0,0,190000,500000,-310000,-310000
064888,景碩中信9C購01  ,0,0,0,0,0,0,0,0,0,-310000,0,0,0,148000,458000,-310000,-310000
07382P,台積電群益9B售01,0,0,0,0,0,0,0,0,0,-311000,0,0,0,608000,919000,-311000,-311000
067529,力山群益01購02  ,0,0,0,0,0,0,0,0,0,-312000,0,0,0,31000,343000,-312000,-312000
066834,泰鼎群益01購01  ,0,0,0,0,0,0,0,0,0,-312000,0,0,0,98000,410000,-312000,-312000
067498,臻鼎元大01購03  ,0,0,0,0,0,0,0,0,0,-313000,0,0,0,0,313000,-313000,-313000
067363,同欣電群益01購02,0,0,0,0,0,0,0,0,0,-313000,0,0,0,77000,390000,-313000,-313000
065395,致茂群益01購01  ,0,0,0,0,0,0,0,0,0,-313000,0,0,0,184000,497000,-313000,-313000
4106,雃博            ,353000,667000,-314000,0,0,0,0,0,0,0,0,0,0,0,0,0,-314000
07319P,台積電凱基01售02,0,0,0,0,0,0,0,0,0,-315000,0,0,0,230000,545000,-315000,-315000
057576,南亞科第一9C購01,0,0,0,0,0,0,0,0,0,-315000,0,0,0,0,315000,-315000,-315000
066267,強茂元大01購02  ,0,0,0,0,0,0,0,0,0,-315000,0,0,0,55000,370000,-315000,-315000
067219,瑞儀元大01購01  ,0,0,0,0,0,0,0,0,0,-316000,0,0,0,204000,520000,-316000,-316000
058650,台虹永豐9A購01  ,0,0,0,0,0,0,0,0,0,-316000,0,0,0,269000,585000,-316000,-316000
056738,國巨凱基9A購02  ,0,0,0,0,0,0,0,0,0,-317000,0,0,0,48000,365000,-317000,-317000
064810,嘉晶元大01購01  ,0,0,0,0,0,0,0,0,0,-317000,0,0,0,93000,410000,-317000,-317000
2371,大同            ,729000,1078000,-349000,0,0,0,0,0,0,32000,36000,4000,32000,0,0,0,-317000
066239,拓凱富邦02購01  ,0,0,0,0,0,0,0,0,0,-318000,0,0,0,5000,323000,-318000,-318000
063232,裕隆元大9B購01  ,0,0,0,0,0,0,0,0,0,-319000,0,0,0,67000,386000,-319000,-319000
064931,南六統一9C購05  ,0,0,0,0,0,0,0,0,0,-319000,0,0,0,65000,384000,-319000,-319000
08440P,玉晶光國票01售05,0,0,0,0,0,0,0,0,0,-319000,0,0,0,57000,376000,-319000,-319000
067692,鈺齊元大01購02  ,0,0,0,0,0,0,0,0,0,-320000,0,0,0,0,320000,-320000,-320000
065091,亞光元大9C購01  ,0,0,0,0,0,0,0,0,0,-321000,0,0,0,5000,326000,-321000,-321000
065829,嘉晶凱基9C購05  ,0,0,0,0,0,0,0,0,0,-321000,0,0,0,30000,351000,-321000,-321000
00668,國泰美國道瓊    ,10000,0,10000,0,0,0,0,0,0,-332000,0,0,0,54000,386000,-332000,-322000
067411,矽格兆豐03購01  ,0,0,0,0,0,0,0,0,0,-323000,0,0,0,14000,337000,-323000,-323000
08250P,GIS群益9C售02   ,0,0,0,0,0,0,0,0,0,-323000,0,0,0,57000,380000,-323000,-323000
063301,鴻海凱基9B購08  ,0,0,0,0,0,0,0,0,0,-323000,0,0,0,3000,326000,-323000,-323000
065566,裕隆群益9C購02  ,0,0,0,0,0,0,0,0,0,-323000,0,0,0,0,323000,-323000,-323000
3588,通嘉            ,87000,411000,-324000,0,0,0,0,0,0,1000,1000,0,1000,0,0,0,-323000
066794,鴻海凱基01購07  ,0,0,0,0,0,0,0,0,0,-324000,0,0,0,367000,691000,-324000,-324000
00766L,台新MSCI中國正2 ,0,0,0,0,0,0,0,0,0,-324000,0,0,0,198000,522000,-324000,-324000
065686,同欣電統一03購01,0,0,0,0,0,0,0,0,0,-324000,0,0,0,32000,356000,-324000,-324000
065472,華新元大01購01  ,0,0,0,0,0,0,0,0,0,-324000,0,0,0,173000,497000,-324000,-324000
067365,美利達群益01購03,0,0,0,0,0,0,0,0,0,-325000,0,0,0,13000,338000,-325000,-325000
063272,GIS兆豐9C購01   ,0,0,0,0,0,0,0,0,0,-325000,0,0,0,17000,342000,-325000,-325000
067013,致新永豐01購01  ,0,0,0,0,0,0,0,0,0,-326000,0,0,0,24000,350000,-326000,-326000
064150,全新統一01購03  ,0,0,0,0,0,0,0,0,0,-326000,0,0,0,36000,362000,-326000,-326000
061521,亞光兆豐9A購02  ,0,0,0,0,0,0,0,0,0,-326000,0,0,0,109000,435000,-326000,-326000
062340,力成麥證9B購01  ,0,0,0,121000,447000,-326000,0,0,0,-326000,0,0,0,121000,447000,-326000,-326000
063056,嘉澤統一9C購02  ,0,0,0,0,0,0,0,0,0,-326000,0,0,0,10000,336000,-326000,-326000
066378,超眾兆豐03購01  ,0,0,0,0,0,0,0,0,0,-326000,0,0,0,21000,347000,-326000,-326000
6669,緯穎            ,433500,718603,-285103,0,0,0,40000,26000,14000,-55000,45000,6000,39000,8000,102000,-94000,-326103
2915,潤泰全          ,590714,700000,-109286,0,0,0,0,1000,-1000,-216000,1000,3000,-2000,13000,227000,-214000,-326286
063846,智邦元大9C購01  ,0,0,0,0,0,0,0,0,0,-327000,0,0,0,4000,331000,-327000,-327000
062644,中環國泰9C購01  ,0,0,0,0,0,0,0,0,0,-328000,0,0,0,105000,433000,-328000,-328000
07341P,台積電凱基99售18,0,0,0,0,0,0,0,0,0,-329000,0,0,0,100000,429000,-329000,-329000
062803,嘉晶統一9B購02  ,0,0,0,0,0,0,0,0,0,-329000,0,0,0,170000,499000,-329000,-329000
063916,瀚宇博凱基01購01,0,0,0,0,0,0,0,0,0,-330000,0,0,0,104000,434000,-330000,-330000
057775,南亞科群益98購02,0,0,0,0,0,0,0,0,0,-330000,0,0,0,0,330000,-330000,-330000
062846,國泰金富邦9C購01,0,0,0,0,0,0,0,0,0,-331000,0,0,0,12000,343000,-331000,-331000
061085,聯茂兆豐9A購01  ,0,0,0,0,0,0,0,0,0,-331000,0,0,0,25000,356000,-331000,-331000
6670,復盛應用        ,65071,354000,-288929,0,0,0,32000,70000,-38000,-6000,0,0,0,0,6000,-6000,-332929
067212,聯發科元大02購02,0,0,0,0,0,0,0,0,0,-333000,0,0,0,0,333000,-333000,-333000
066465,同欣電統一01購05,0,0,0,0,0,0,0,0,0,-333000,0,0,0,116000,449000,-333000,-333000
067014,聯發科富邦03購05,0,0,0,0,0,0,0,0,0,-334000,0,0,0,0,334000,-334000,-334000
067511,拓凱統一01購01  ,0,0,0,0,0,0,0,0,0,-334000,0,0,0,0,334000,-334000,-334000
08300P,世芯國票01售01  ,0,0,0,0,0,0,0,0,0,-335000,0,0,0,0,335000,-335000,-335000
062979,茂林元富9B購01  ,0,0,0,0,0,0,0,0,0,-335000,0,0,0,2000,337000,-335000,-335000
1519,華城            ,344000,633000,-289000,0,0,0,0,0,0,-46000,0,3000,-3000,6000,49000,-43000,-335000
06837P,上銀統一9A售02  ,0,0,0,0,0,0,0,0,0,-337000,0,0,0,5000,342000,-337000,-337000
4943,康控-KY         ,288000,666050,-378050,0,0,0,0,0,0,39000,16000,0,16000,38000,15000,23000,-339050
064895,奇力新群益9C購02,0,0,0,0,0,0,0,0,0,-341000,0,0,0,0,341000,-341000,-341000
067289,燿華兆豐03購01  ,0,0,0,0,0,0,0,0,0,-342000,0,0,0,0,342000,-342000,-342000
067068,台積電元大01購21,0,0,0,0,0,0,0,0,0,-342000,0,0,0,786000,1128000,-342000,-342000
064196,健策群益01購01  ,0,0,0,0,0,0,0,0,0,-342000,0,0,0,22000,364000,-342000,-342000
065169,華邦電元大9C購03,0,0,0,0,0,0,0,0,0,-342000,0,0,0,22000,364000,-342000,-342000
065678,聯發科統一01購07,0,0,0,0,0,0,0,0,0,-342000,0,0,0,65000,407000,-342000,-342000
067679,奇鋐元大02購02  ,0,0,0,0,0,0,0,0,0,-343000,0,0,0,0,343000,-343000,-343000
6582,申豐            ,229000,544000,-315000,0,0,0,0,0,0,-28000,15000,0,15000,9000,52000,-43000,-343000
066799,台光電凱基01購02,0,0,0,0,0,0,0,0,0,-344000,0,0,0,90000,434000,-344000,-344000
056835,聯電元富99購01  ,0,0,0,0,0,0,0,0,0,-344000,0,0,0,10000,354000,-344000,-344000
063475,同欣電元大9C購01,0,0,0,0,0,0,0,0,0,-344000,0,0,0,70000,414000,-344000,-344000
065102,同欣電元大9C購07,0,0,0,0,0,0,0,0,0,-344000,0,0,0,20000,364000,-344000,-344000
064489,宏碁元大9C購01  ,0,0,0,0,0,0,0,0,0,-344000,0,0,0,102000,446000,-344000,-344000
1467,南緯            ,127000,468000,-341000,0,0,0,0,0,0,-3000,0,3000,-3000,0,0,0,-344000
07961P,滬深2X中信01售02,0,0,0,0,0,0,0,0,0,-345000,0,0,0,0,345000,-345000,-345000
00636,國泰中國A50     ,21000,20000,1000,0,0,0,0,0,0,-346000,0,0,0,497000,843000,-346000,-345000
059100,元油2X統一9C購02,0,0,0,0,0,0,0,0,0,-345000,0,0,0,0,345000,-345000,-345000
060402,神隆國泰9B購01  ,0,0,0,0,0,0,0,0,0,-345000,0,0,0,163000,508000,-345000,-345000
065194,和大元富9C購01  ,0,0,0,0,0,0,0,0,0,-345000,0,0,0,10000,355000,-345000,-345000
064188,玉晶光永豐9C購02,0,0,0,0,0,0,0,0,0,-346000,0,0,0,53000,399000,-346000,-346000
1762,中化生          ,327000,663000,-336000,0,0,0,0,0,0,-10000,0,11000,-11000,1000,0,1000,-346000
064237,奇鋐統一01購01  ,0,0,0,0,0,0,0,0,0,-347000,0,0,0,488000,835000,-347000,-347000
067622,同欣電國泰02購01,0,0,0,0,0,0,0,0,0,-347000,0,0,0,2000,349000,-347000,-347000
061306,瑞祺永豐9A購02  ,0,0,0,0,0,0,0,0,0,-347000,0,0,0,109000,456000,-347000,-347000
062258,奇力新元大9B購03,0,0,0,0,0,0,0,0,0,-347000,0,0,0,0,347000,-347000,-347000
2369,菱生            ,445000,796000,-351000,0,0,0,0,0,0,4000,4000,0,4000,0,0,0,-347000
062655,漢唐永豐9B購01  ,0,0,0,0,0,0,0,0,0,-348000,0,0,0,2000,350000,-348000,-348000
8081,致新            ,107000,598000,-491000,0,0,0,0,0,0,142000,6000,1000,5000,147000,10000,137000,-349000
07521P,台積電中信01售05,0,0,0,0,0,0,0,0,0,-350000,0,0,0,0,350000,-350000,-350000
061168,力成兆豐9A購01  ,0,0,0,0,0,0,0,0,0,-350000,0,0,0,0,350000,-350000,-350000
065304,台勝科元富03購01,0,0,0,0,0,0,0,0,0,-350000,0,0,0,2000,352000,-350000,-350000
065653,同欣電元大03購01,0,0,0,0,0,0,0,0,0,-350000,0,0,0,104000,454000,-350000,-350000
066598,致新群益02購01  ,0,0,0,0,0,0,0,0,0,-350000,0,0,0,21000,371000,-350000,-350000
066292,惠特元大01購02  ,0,0,0,0,0,0,0,0,0,-352000,0,0,0,5000,357000,-352000,-352000
063439,正隆統一01購01  ,0,0,0,0,0,0,0,0,0,-353000,0,0,0,912000,1265000,-353000,-353000
066293,惠特元大02購01  ,0,0,0,0,0,0,0,0,0,-353000,0,0,0,0,353000,-353000,-353000
1474,弘裕            ,241000,594000,-353000,0,0,0,0,0,0,0,1000,1000,0,0,0,0,-353000
6214,精誠            ,403000,563149,-160149,0,0,0,0,0,0,-195000,5000,200000,-195000,0,0,0,-355149
056574,亞光元大99購03  ,0,0,0,0,0,0,0,0,0,-356000,0,0,0,0,356000,-356000,-356000
061517,瑞祺永豐9A購03  ,0,0,0,0,0,0,0,0,0,-356000,0,0,0,24000,380000,-356000,-356000
060246,晶相光元大9C購03,0,0,0,0,0,0,0,0,0,-356000,0,0,0,5000,361000,-356000,-356000
2414,精技            ,65000,424000,-359000,0,0,0,0,0,0,3000,3000,0,3000,0,0,0,-356000
063801,GIS凱基01購01   ,0,0,0,0,0,0,0,0,0,-357000,0,0,0,32000,389000,-357000,-357000
064682,嘉聯益兆豐01購01,0,0,0,0,0,0,0,0,0,-357000,0,0,0,199000,556000,-357000,-357000
07917P,可成永豐9B售01  ,0,0,0,0,0,0,0,0,0,-358000,0,0,0,0,358000,-358000,-358000
055063,玉晶光永豐99購01,0,0,0,0,0,0,0,0,0,-358000,0,0,0,178000,536000,-358000,-358000
062798,台光電統一9B購01,0,0,0,0,0,0,0,0,0,-358000,0,0,0,123000,481000,-358000,-358000
067306,奇鋐元大01購02  ,0,0,0,0,0,0,0,0,0,-359000,0,0,0,151000,510000,-359000,-359000
056783,國巨群益99購01  ,0,0,0,0,0,0,0,0,0,-360000,0,0,0,10000,370000,-360000,-360000
063091,聯電中信9B購01  ,0,0,0,0,0,0,0,0,0,-360000,0,0,0,110000,470000,-360000,-360000
067333,凌陽凱基02購01  ,0,0,0,0,0,0,0,0,0,-361000,0,0,0,0,361000,-361000,-361000
08121P,聯發科國票9B售05,0,0,0,0,0,0,0,0,0,-361000,0,0,0,60000,421000,-361000,-361000
057357,超眾統一98購01  ,0,0,0,0,0,0,0,0,0,-361000,0,0,0,149000,510000,-361000,-361000
061293,聯茂統一9A購01  ,0,0,0,0,0,0,0,0,0,-361000,0,0,0,4000,365000,-361000,-361000
064429,鴻海凱基03購03  ,0,0,0,0,0,0,0,0,0,-361000,0,0,0,35000,396000,-361000,-361000
067549,聯電中信03購01  ,0,0,0,0,0,0,0,0,0,-362000,0,0,0,0,362000,-362000,-362000
056520,鴻海日盛99購01  ,0,0,0,0,0,0,0,0,0,-362000,0,0,0,11000,373000,-362000,-362000
060427,聯茂永豐9A購01  ,0,0,0,0,0,0,0,0,0,-362000,0,0,0,0,362000,-362000,-362000
065951,聯發科統一01購08,0,0,0,0,0,0,0,0,0,-362000,0,0,0,404000,766000,-362000,-362000
064010,GIS凱基02購01   ,0,0,0,0,0,0,0,0,0,-363000,0,0,0,1000,364000,-363000,-363000
065611,嘉聯益元大9C購02,0,0,0,0,0,0,0,0,0,-363000,0,0,0,278000,641000,-363000,-363000
062974,奇力新元富9B購01,0,0,0,0,0,0,0,0,0,-364000,0,0,0,0,364000,-364000,-364000
061491,嘉聯益兆豐9B購01,0,0,0,0,0,0,0,0,0,-364000,0,0,0,96000,460000,-364000,-364000
066422,嘉晶元大02購01  ,0,0,0,0,0,0,0,0,0,-364000,0,0,0,38000,402000,-364000,-364000
065455,金寶元富9C購01  ,0,0,0,0,0,0,0,0,0,-364000,0,0,0,0,364000,-364000,-364000
063449,全新統一9B購02  ,0,0,0,0,0,0,0,0,0,-367000,0,0,0,71000,438000,-367000,-367000
063450,華新科統一02購01,0,0,0,0,0,0,0,0,0,-367000,0,0,0,90000,457000,-367000,-367000
060570,南亞科永豐9A購01,0,0,0,0,0,0,0,0,0,-367000,0,0,0,0,367000,-367000,-367000
066967,台積電元富07購03,0,0,0,0,0,0,0,0,0,-368000,0,0,0,207000,575000,-368000,-368000
066218,美利達統一03購02,0,0,0,0,0,0,0,0,0,-368000,0,0,0,74000,442000,-368000,-368000
058166,鴻海凱基9A購01  ,0,0,0,0,0,0,0,0,0,-369000,0,0,0,1000,370000,-369000,-369000
065445,台光電統一01購05,0,0,0,0,0,0,0,0,0,-369000,0,0,0,63000,432000,-369000,-369000
064354,同欣電元大9C購05,0,0,0,0,0,0,0,0,0,-369000,0,0,0,85000,454000,-369000,-369000
063806,瀚宇博兆豐01購01,0,0,0,0,0,0,0,0,0,-369000,0,0,0,71000,440000,-369000,-369000
064542,聯電凱基02購01  ,0,0,0,0,0,0,0,0,0,-369000,0,0,0,193000,562000,-369000,-369000
3605,宏致            ,86000,394000,-308000,0,0,0,0,0,0,-61000,0,61000,-61000,0,0,0,-369000
8163,達方            ,246000,749000,-503000,0,0,0,0,0,0,134000,11000,8000,3000,149000,18000,131000,-369000
062062,貿聯統一01購01  ,0,0,0,0,0,0,0,0,0,-370000,0,0,0,73000,443000,-370000,-370000
065118,國巨富邦01購02  ,0,0,0,0,0,0,0,0,0,-370000,0,0,0,205000,575000,-370000,-370000
063322,台郡群益9B購02  ,0,0,0,0,0,0,0,0,0,-371000,0,0,0,71000,442000,-371000,-371000
065017,和大富邦03購01  ,0,0,0,0,0,0,0,0,0,-371000,0,0,0,15000,386000,-371000,-371000
1215,卜蜂            ,161000,506000,-345000,0,0,0,0,26000,-26000,0,0,0,0,0,0,0,-371000
067078,京鼎元大01購04  ,0,0,0,0,0,0,0,0,0,-372000,0,0,0,0,372000,-372000,-372000
063203,華新科統一9C購04,0,0,0,0,0,0,0,0,0,-372000,0,0,0,123000,495000,-372000,-372000
060700,華新科國泰9C購01,0,0,0,0,0,0,0,0,0,-372000,0,0,0,200000,572000,-372000,-372000
6197,佳必琪          ,60500,433000,-372500,0,0,0,0,0,0,0,0,0,0,0,0,0,-372500
058779,大立光國票9A購02,0,0,0,0,0,0,0,0,0,-373000,0,0,0,42000,415000,-373000,-373000
065300,燿華元富9C購03  ,0,0,0,0,0,0,0,0,0,-373000,0,0,0,0,373000,-373000,-373000
064595,超眾統一02購01  ,0,0,0,0,0,0,0,0,0,-373000,0,0,0,0,373000,-373000,-373000
065510,鴻海群益01購04  ,0,0,0,0,0,0,0,0,0,-373000,0,0,0,132000,505000,-373000,-373000
064730,超眾統一02購02  ,0,0,0,0,0,0,0,0,0,-375000,0,0,0,5000,380000,-375000,-375000
066998,訊芯國泰03購01  ,0,0,0,0,0,0,0,0,0,-376000,0,0,0,145000,521000,-376000,-376000
065662,台勝科永豐9C購01,0,0,0,0,0,0,0,0,0,-376000,0,0,0,30000,406000,-376000,-376000
02001R,富邦蘋果反一N   ,0,0,0,0,0,0,0,0,0,-378000,0,0,0,0,378000,-378000,-378000
063554,GIS國票9C購03   ,0,0,0,0,0,0,0,0,0,-379000,0,0,0,0,379000,-379000,-379000
063359,泰鼎國泰01購01  ,0,0,0,0,0,0,0,0,0,-379000,0,0,0,33000,412000,-379000,-379000
064379,TPK元富9C購01   ,0,0,0,0,0,0,0,0,0,-379000,0,0,0,186000,565000,-379000,-379000
067371,聯發科統一02購08,0,0,0,0,0,0,0,0,0,-380000,0,0,0,80000,460000,-380000,-380000
063265,瑞祺永豐9B購01  ,0,0,0,0,0,0,0,0,0,-380000,0,0,0,1000,381000,-380000,-380000
063570,嘉晶元大9C購02  ,0,0,0,0,0,0,0,0,0,-381000,0,0,0,104000,485000,-381000,-381000
066845,亞光元大01購02  ,0,0,0,0,0,0,0,0,0,-382000,0,0,0,2000,384000,-382000,-382000
066872,亞光國泰03購01  ,0,0,0,0,0,0,0,0,0,-382000,0,0,0,31000,413000,-382000,-382000
061886,力山國泰01購01  ,0,0,0,0,0,0,0,0,0,-382000,0,0,0,181000,563000,-382000,-382000
9103,美德醫療-DR     ,2000,164000,-162000,0,0,0,0,0,0,-221000,0,0,0,95000,316000,-221000,-383000
066958,日月光元大01購02,0,0,0,0,0,0,0,0,0,-384000,0,0,0,68000,452000,-384000,-384000
057684,聯茂日盛99購01  ,0,0,0,0,0,0,0,0,0,-384000,0,0,0,0,384000,-384000,-384000
066854,樺漢元大01購02  ,0,0,0,0,0,0,0,0,0,-385000,0,0,0,0,385000,-385000,-385000
067303,聯發科元大02購03,0,0,0,0,0,0,0,0,0,-385000,0,0,0,0,385000,-385000,-385000
062819,奇鋐兆豐9B購01  ,2000,0,2000,0,0,0,0,0,0,-387000,0,0,0,50000,437000,-387000,-385000
066213,惠特統一03購01  ,0,0,0,0,0,0,0,0,0,-385000,0,0,0,0,385000,-385000,-385000
067146,台達電統一02購01,0,0,0,0,0,0,0,0,0,-386000,0,0,0,136000,522000,-386000,-386000
064511,GIS元大9C購05   ,0,0,0,0,0,0,0,0,0,-386000,0,0,0,11000,397000,-386000,-386000
064605,GIS元富9C購01   ,0,0,0,0,0,0,0,0,0,-386000,0,0,0,70000,456000,-386000,-386000
062561,瀚宇博凱基9B購01,0,0,0,0,0,0,0,0,0,-388000,0,0,0,86000,474000,-388000,-388000
061080,華邦電兆豐9B購01,0,0,0,0,0,0,0,0,0,-388000,0,0,0,74000,462000,-388000,-388000
067337,欣興凱基01購01  ,0,0,0,0,0,0,0,0,0,-389000,0,0,0,443000,832000,-389000,-389000
058534,友達統一9B購01  ,0,0,0,0,0,0,0,0,0,-389000,0,0,0,200000,589000,-389000,-389000
067690,惠特元大01購04  ,0,0,0,0,0,0,0,0,0,-390000,0,0,0,1000,391000,-390000,-390000
066828,聯發科群益02購05,0,0,0,0,0,0,0,0,0,-390000,0,0,0,118000,508000,-390000,-390000
08831P,台積電群益01售11,0,0,0,0,0,0,0,0,0,-390000,0,0,0,130000,520000,-390000,-390000
08214P,南六統一9B售03  ,0,0,0,0,0,0,0,0,0,-392000,0,0,0,241000,633000,-392000,-392000
059851,晶相光永豐99購02,0,0,0,0,0,0,0,0,0,-392000,0,0,0,2000,394000,-392000,-392000
065700,京元電群益9C購01,0,0,0,0,0,0,0,0,0,-392000,0,0,0,35000,427000,-392000,-392000
060364,奇力新元富9A購01,0,0,0,0,0,0,0,0,0,-393000,0,0,0,0,393000,-393000,-393000
067463,T50反1元大01購04,0,0,0,0,0,0,0,0,0,-394000,0,0,0,106000,500000,-394000,-394000
060561,台積電富邦04購01,0,0,0,0,0,0,0,0,0,-394000,0,0,0,55000,449000,-394000,-394000
061956,和大統一01購01  ,0,0,0,0,0,0,0,0,0,-394000,0,0,0,35000,429000,-394000,-394000
060934,台汽電永豐9A購02,0,0,0,0,0,0,0,0,0,-395000,0,0,0,0,395000,-395000,-395000
066114,瑞昱兆豐02購01  ,0,0,0,0,0,0,0,0,0,-395000,0,0,0,119000,514000,-395000,-395000
3047,訊舟            ,648000,1043000,-395000,0,0,0,0,0,0,0,0,0,0,0,0,0,-395000
063624,GIS兆豐9B購01   ,0,0,0,0,0,0,0,0,0,-396000,0,0,0,215000,611000,-396000,-396000
058930,華新科統一9B購01,0,0,0,0,0,0,0,0,0,-396000,0,0,0,2000,398000,-396000,-396000
2034,允強            ,429000,856126,-427126,0,0,0,0,0,0,31000,31000,0,31000,0,0,0,-396126
2356,英業達          ,4468994,2993760,1475234,0,0,0,1479000,2275000,-796000,-1076000,44000,185000,-141000,60000,995000,-935000,-396766
064266,聯茂永豐9C購01  ,0,0,0,0,0,0,0,0,0,-397000,0,0,0,0,397000,-397000,-397000
08316P,祥碩元大9C售04  ,0,0,0,0,0,0,0,0,0,-397000,0,0,0,469000,866000,-397000,-397000
066423,智原元大01購02  ,0,0,0,0,0,0,0,0,0,-398000,0,0,0,416000,814000,-398000,-398000
066905,台積電凱基03購03,0,0,0,0,0,0,0,0,0,-399000,0,0,0,372000,771000,-399000,-399000
08463P,台灣50國泰02售02,0,0,0,0,0,0,0,0,0,-399000,0,0,0,314000,713000,-399000,-399000
067691,台虹元大01購03  ,0,0,0,0,0,0,0,0,0,-400000,0,0,0,118000,518000,-400000,-400000
07825P,健策國泰9B售04  ,0,0,0,0,0,0,0,0,0,-400000,0,0,0,0,400000,-400000,-400000
056475,宏達電元大99購02,0,0,0,0,0,0,0,0,0,-400000,0,0,0,253000,653000,-400000,-400000
059509,奇力新永豐99購02,0,0,0,0,0,0,0,0,0,-400000,0,0,0,0,400000,-400000,-400000
061866,力山元大9C購01  ,0,0,0,0,0,0,0,0,0,-400000,0,0,0,30000,430000,-400000,-400000
066280,眾達元大01購01  ,0,0,0,0,0,0,0,0,0,-400000,0,0,0,115000,515000,-400000,-400000
07593P,臺股指凱基9A售08,0,0,0,0,0,0,0,0,0,-402000,0,0,0,0,402000,-402000,-402000
065585,聯發科富邦03購02,0,0,0,0,0,0,0,0,0,-402000,0,0,0,887000,1289000,-402000,-402000
067092,美利達元大01購03,0,0,0,0,0,0,0,0,0,-403000,0,0,0,106000,509000,-403000,-403000
062660,神隆群益9B購02  ,0,0,0,0,0,0,0,0,0,-403000,0,0,0,0,403000,-403000,-403000
060940,國巨國票9B購03  ,0,0,0,0,0,0,0,0,0,-404000,0,0,0,40000,444000,-404000,-404000
08443P,臺股指麥證01售02,0,0,0,453000,857000,-404000,0,0,0,-404000,0,0,0,453000,857000,-404000,-404000
053827,漢唐麥證9A購01  ,0,0,0,0,415000,-415000,0,0,0,-405000,0,0,0,10000,415000,-405000,-405000
065861,台汽電元大9C購01,0,0,0,0,0,0,0,0,0,-405000,0,0,0,29000,434000,-405000,-405000
067746,瀚宇博元大01購04,0,0,0,0,0,0,0,0,0,-406000,0,0,0,0,406000,-406000,-406000
066948,聯發科元大01購16,0,0,0,0,0,0,0,0,0,-408000,0,0,0,0,408000,-408000,-408000
066470,惠特統一02購01  ,0,0,0,0,0,0,0,0,0,-408000,0,0,0,0,408000,-408000,-408000
065450,同欣電統一01購03,0,0,0,0,0,0,0,0,0,-408000,0,0,0,93000,501000,-408000,-408000
065351,中租統一02購02  ,0,0,0,0,0,0,0,0,0,-408000,0,0,0,28000,436000,-408000,-408000
07777P,創意元大9A售03  ,0,0,0,0,0,0,0,0,0,-409000,0,0,0,183000,592000,-409000,-409000
065279,T50反1群益9C購03,0,0,0,0,0,0,0,0,0,-409000,0,0,0,100000,509000,-409000,-409000
064704,嘉晶國泰01購01  ,0,0,0,0,0,0,0,0,0,-409000,0,0,0,250000,659000,-409000,-409000
066821,臺指反群益01購03,0,0,0,0,0,0,0,0,0,-410000,0,0,0,0,410000,-410000,-410000
066710,彩晶群益03購01  ,0,0,0,0,0,0,0,0,0,-410000,0,0,0,0,410000,-410000,-410000
06861P,台積電國票99售08,0,0,0,0,0,0,0,0,0,-410000,0,0,0,10000,420000,-410000,-410000
063022,嘉晶元大9B購04  ,0,0,0,0,0,0,0,0,0,-410000,0,0,0,76000,486000,-410000,-410000
064217,GIS凱基02購02   ,0,0,0,0,0,0,0,0,0,-411000,0,0,0,89000,500000,-411000,-411000
063548,同欣電兆豐9B購01,0,0,0,0,0,0,0,0,0,-411000,0,0,0,90000,501000,-411000,-411000
08482P,亞德客群益9C售02,0,0,0,0,0,0,0,0,0,-411000,0,0,0,83000,494000,-411000,-411000
067209,瑞昱元大01購04  ,0,0,0,0,0,0,0,0,0,-412000,0,0,0,142000,554000,-412000,-412000
065448,緯創統一9C購01  ,0,0,0,0,0,0,0,0,0,-412000,0,0,0,215000,627000,-412000,-412000
08571P,台積電兆豐9C售06,0,0,0,0,0,0,0,0,0,-412000,0,0,0,28000,440000,-412000,-412000
067683,上緯控元大01購03,0,0,0,0,0,0,0,0,0,-413000,0,0,0,0,413000,-413000,-413000
067311,欣興元大01購06  ,15000,0,15000,0,0,0,0,0,0,-428000,0,0,0,992000,1420000,-428000,-413000
062060,奇鋐統一9C購01  ,0,0,0,0,0,0,0,0,0,-413000,0,0,0,505000,918000,-413000,-413000
066212,惠特統一01購01  ,0,0,0,0,0,0,0,0,0,-413000,0,0,0,0,413000,-413000,-413000
064835,嘉晶統一02購01  ,0,0,0,0,0,0,0,0,0,-414000,0,0,0,102000,516000,-414000,-414000
08112P,臺股指中信01售07,0,0,0,0,0,0,0,0,0,-415000,0,0,0,151000,566000,-415000,-415000
065345,台光電統一01購04,0,0,0,0,0,0,0,0,0,-415000,0,0,0,428000,843000,-415000,-415000
064924,健策統一9C購05  ,0,0,0,0,0,0,0,0,0,-415000,0,0,0,55000,470000,-415000,-415000
066414,鴻海元大01購07  ,0,0,0,0,0,0,0,0,0,-415000,0,0,0,15000,430000,-415000,-415000
067299,燿華元大01購03  ,0,0,0,0,0,0,0,0,0,-416000,0,0,0,1000,417000,-416000,-416000
08892P,台積電元大01售27,0,0,0,0,0,0,0,0,0,-416000,0,0,0,2432000,2848000,-416000,-416000
067606,京鼎凱基01購04  ,0,0,0,0,0,0,0,0,0,-417000,0,0,0,0,417000,-417000,-417000
056353,鴻海元大99購02  ,0,0,0,0,0,0,0,0,0,-417000,0,0,0,33000,450000,-417000,-417000
064982,新唐元大9C購01  ,0,0,0,0,0,0,0,0,0,-417000,0,0,0,261000,678000,-417000,-417000
065582,景碩國泰01購01  ,0,0,0,0,0,0,0,0,0,-419000,0,0,0,511000,930000,-419000,-419000
066253,泰豐元大01購01  ,0,0,0,0,0,0,0,0,0,-420000,0,0,0,392000,812000,-420000,-420000
064478,聚陽富邦01購01  ,0,0,0,0,0,0,0,0,0,-421000,0,0,0,94000,515000,-421000,-421000
064327,金寶元大01購01  ,0,0,0,0,0,0,0,0,0,-421000,0,0,0,5000,426000,-421000,-421000
063881,嘉晶元富9C購01  ,0,0,0,0,0,0,0,0,0,-422000,0,0,0,85000,507000,-422000,-422000
061905,上証反中信03購01,0,0,0,0,0,0,0,0,0,-422000,0,0,0,0,422000,-422000,-422000
067474,華邦電元大01購02,0,0,0,0,0,0,0,0,0,-423000,0,0,0,0,423000,-423000,-423000
062685,華新科統一9C購03,0,0,0,0,0,0,0,0,0,-423000,0,0,0,0,423000,-423000,-423000
061986,晶豪科元大9B購01,0,0,0,0,0,0,0,0,0,-424000,0,0,0,0,424000,-424000,-424000
066856,致新元大01購01  ,0,0,0,0,0,0,0,0,0,-425000,0,0,0,133000,558000,-425000,-425000
07821P,臺股指國票9A售12,0,0,0,0,0,0,0,0,0,-429000,0,0,0,579000,1008000,-429000,-429000
063388,台光電兆豐9C購01,0,0,0,0,0,0,0,0,0,-429000,0,0,0,282000,711000,-429000,-429000
065895,台勝科統一02購01,0,0,0,0,0,0,0,0,0,-429000,0,0,0,66000,495000,-429000,-429000
058699,楠梓電元大99購02,0,0,0,0,0,0,0,0,0,-430000,0,0,0,84000,514000,-430000,-430000
061033,台光電永豐9A購01,0,0,0,0,0,0,0,0,0,-430000,0,0,0,411000,841000,-430000,-430000
064883,GIS兆豐01購01   ,0,0,0,0,0,0,0,0,0,-431000,0,0,0,343000,774000,-431000,-431000
067391,健策元富01購02  ,0,0,0,0,0,0,0,0,0,-432000,0,0,0,85000,517000,-432000,-432000
2006,東和鋼鐵        ,955000,1402741,-447741,0,0,0,0,5000,-5000,20000,33000,13000,20000,0,0,0,-432741
06874P,台積電台新98售02,0,0,0,0,0,0,0,0,0,-433000,0,0,0,0,433000,-433000,-433000
067551,欣興中信02購01  ,0,0,0,0,0,0,0,0,0,-435000,0,0,0,18000,453000,-435000,-435000
067157,惠特統一03購03  ,0,0,0,0,0,0,0,0,0,-435000,0,0,0,0,435000,-435000,-435000
058733,同欣電永豐99購02,0,0,0,0,0,0,0,0,0,-436000,0,0,0,35000,471000,-436000,-436000
063532,GIS凱基9B購03   ,0,0,0,0,0,0,0,0,0,-436000,0,0,0,5000,441000,-436000,-436000
063710,光寶科凱基9C購01,0,0,0,0,0,0,0,0,0,-436000,0,0,0,19000,455000,-436000,-436000
064651,GIS凱基9C購02   ,0,0,0,0,0,0,0,0,0,-436000,0,0,0,84000,520000,-436000,-436000
058268,泰碩永豐9A購01  ,0,0,0,0,0,0,0,0,0,-437000,0,0,0,0,437000,-437000,-437000
063346,TPK統一9C購01   ,0,0,0,0,0,0,0,0,0,-437000,0,0,0,155000,592000,-437000,-437000
066219,惠特元富01購01  ,0,0,0,0,0,0,0,0,0,-437000,0,0,0,25000,462000,-437000,-437000
064984,同欣電元大9C購06,0,0,0,0,0,0,0,0,0,-439000,0,0,0,1000,440000,-439000,-439000
063143,嘉澤統一9B購02  ,0,0,0,0,0,0,0,0,0,-440000,0,0,0,0,440000,-440000,-440000
066527,泰鼎統一03購01  ,0,0,0,0,0,0,0,0,0,-441000,0,0,0,3000,444000,-441000,-441000
064174,致新元富9C購02  ,0,0,0,0,0,0,0,0,0,-442000,0,0,0,126000,568000,-442000,-442000
059044,聯電日盛99購02  ,0,0,0,0,0,0,0,0,0,-442000,0,0,0,35000,477000,-442000,-442000
063231,台泥元大9B購01  ,0,0,0,0,0,0,0,0,0,-446000,0,0,0,287000,733000,-446000,-446000
07981P,上銀群益9B售04  ,0,0,0,0,0,0,0,0,0,-447000,0,0,0,52000,499000,-447000,-447000
058154,泰碩統一9A購01  ,0,0,0,0,0,0,0,0,0,-447000,0,0,0,164000,611000,-447000,-447000
063148,建準元富9B購01  ,0,0,0,0,0,0,0,0,0,-447000,0,0,0,214000,661000,-447000,-447000
066046,聯發科元大01購09,0,0,0,0,0,0,0,0,0,-448000,0,0,0,209000,657000,-448000,-448000
064271,鴻海元大9C購08  ,0,0,0,0,0,0,0,0,0,-450000,0,0,0,20000,470000,-450000,-450000
051369,新光金富邦9A購01,0,0,0,0,0,0,0,0,0,-450000,0,0,0,0,450000,-450000,-450000
065957,華擎統一03購02  ,0,0,0,0,0,0,0,0,0,-450000,0,0,0,50000,500000,-450000,-450000
061364,國巨國票9A購09  ,0,0,0,0,0,0,0,0,0,-453000,0,0,0,14000,467000,-453000,-453000
066143,惠特群益01購01  ,0,0,0,0,0,0,0,0,0,-453000,0,0,0,30000,483000,-453000,-453000
067310,欣興元大01購05  ,0,0,0,0,0,0,0,0,0,-454000,0,0,0,916000,1370000,-454000,-454000
064242,TPK統一02購01   ,0,0,0,0,0,0,0,0,0,-456000,0,0,0,146000,602000,-456000,-456000
08820P,台積電凱基01售10,0,0,0,0,0,0,0,0,0,-456000,0,0,0,163000,619000,-456000,-456000
066748,同欣電元大01購03,0,20000,-20000,0,0,0,0,0,0,-437000,0,0,0,134000,571000,-437000,-457000
066776,創意富邦03購02  ,0,0,0,0,0,0,0,0,0,-458000,0,0,0,60000,518000,-458000,-458000
067087,帆宣元大01購03  ,0,0,0,0,0,0,0,0,0,-458000,0,0,0,0,458000,-458000,-458000
059295,大立光元富99購05,0,0,0,0,0,0,0,0,0,-460000,0,0,0,211000,671000,-460000,-460000
067215,亞光元大01購05  ,0,0,0,0,0,0,0,0,0,-461000,0,0,0,0,461000,-461000,-461000
062805,台勝科統一9C購01,0,0,0,0,0,0,0,0,0,-461000,0,0,0,0,461000,-461000,-461000
062333,嘉晶統一9C購01  ,0,0,0,0,0,0,0,0,0,-462000,0,0,0,93000,555000,-462000,-462000
067477,億光元大01購01  ,0,0,0,0,0,0,0,0,0,-464000,0,0,0,0,464000,-464000,-464000
07148P,富邦金元大99售01,0,0,0,0,0,0,0,0,0,-465000,0,0,0,9000,474000,-465000,-465000
063671,GIS統一01購01   ,0,0,0,0,0,0,0,0,0,-465000,0,0,0,508000,973000,-465000,-465000
064070,祥碩永豐9C購01  ,0,0,0,0,0,0,0,0,0,-467000,0,0,0,82000,549000,-467000,-467000
058646,聯茂富邦9A購01  ,0,0,0,0,0,0,0,0,0,-467000,0,0,0,60000,527000,-467000,-467000
066947,聯發科元大01購15,0,0,0,0,0,0,0,0,0,-468000,0,0,0,7000,475000,-468000,-468000
065753,正崴元大9C購02  ,0,0,0,0,0,0,0,0,0,-468000,0,0,0,79000,547000,-468000,-468000
064553,臺指反群益9C購01,0,0,0,0,0,0,0,0,0,-468000,0,0,0,220000,688000,-468000,-468000
065877,TPK群益9C購05   ,0,0,0,0,0,0,0,0,0,-470000,0,0,0,6000,476000,-470000,-470000
065974,智原元大01購01  ,0,0,0,0,0,0,0,0,0,-470000,0,0,0,484000,954000,-470000,-470000
2484,希華            ,160250,633000,-472750,0,0,0,0,0,0,1000,1000,0,1000,0,0,0,-471750
065775,神隆國泰03購01  ,0,0,0,0,0,0,0,0,0,-472000,0,0,0,87000,559000,-472000,-472000
00672L,元大S&P原油正2  ,0,70000,-70000,0,0,0,0,0,0,-405000,0,0,0,70000,475000,-405000,-475000
063167,同欣電永豐9B購03,0,0,0,0,0,0,0,0,0,-476000,0,0,0,31000,507000,-476000,-476000
061915,T50反1凱基02購02,0,0,0,0,0,0,0,0,0,-476000,0,0,0,36000,512000,-476000,-476000
067266,義隆國泰03購01  ,0,0,0,0,0,0,0,0,0,-477000,0,0,0,161000,638000,-477000,-477000
065897,凌華統一03購01  ,0,0,0,0,0,0,0,0,0,-478000,0,0,0,0,478000,-478000,-478000
065030,亞光兆豐9C購01  ,0,0,0,0,0,0,0,0,0,-478000,0,0,0,12000,490000,-478000,-478000
06822P,上銀富邦99售03  ,0,0,0,0,0,0,0,0,0,-479000,0,0,0,0,479000,-479000,-479000
065972,聯發科元大01購07,0,0,0,0,0,0,0,0,0,-480000,0,0,0,350000,830000,-480000,-480000
054471,T50反1中信9C購01,0,0,0,0,0,0,0,0,0,-481000,0,0,0,180000,661000,-481000,-481000
064601,嘉晶元富9C購03  ,0,0,0,0,0,0,0,0,0,-483000,0,0,0,0,483000,-483000,-483000
066434,台虹元大01購01  ,0,0,0,0,0,0,0,0,0,-484000,0,0,0,467000,951000,-484000,-484000
065952,聯發科統一03購02,0,0,0,0,0,0,0,0,0,-485000,0,0,0,735000,1220000,-485000,-485000
08628P,微星中信9C售01  ,0,0,0,0,0,0,0,0,0,-485000,0,0,0,180000,665000,-485000,-485000
1904,正隆            ,2418001,2807000,-388999,0,0,0,0,0,0,-98000,63000,142000,-79000,108000,127000,-19000,-486999
064837,TPK統一9C購02   ,0,0,0,0,0,0,0,0,0,-487000,0,0,0,387000,874000,-487000,-487000
067408,達方永豐01購02  ,0,0,0,0,0,0,0,0,0,-488000,0,0,0,0,488000,-488000,-488000
059016,晶相光元富99購03,0,0,0,0,0,0,0,0,0,-491000,0,0,0,0,491000,-491000,-491000
062012,燿華富邦9C購01  ,0,0,0,0,0,0,0,0,0,-491000,0,0,0,194000,685000,-491000,-491000
062220,台光電統一01購01,0,0,0,0,0,0,0,0,0,-491000,0,0,0,280000,771000,-491000,-491000
063027,台汽電元大9B購01,0,0,0,0,0,0,0,0,0,-491000,0,0,0,151000,642000,-491000,-491000
066306,亞聚永豐01購01  ,0,0,0,0,0,0,0,0,0,-491000,0,0,0,0,491000,-491000,-491000
053282,彩晶元大9C購01  ,0,0,0,0,0,0,0,0,0,-492000,0,0,0,0,492000,-492000,-492000
066227,惠特國泰03購02  ,0,0,0,0,0,0,0,0,0,-493000,0,0,0,0,493000,-493000,-493000
2467,志聖            ,282000,777000,-495000,0,0,0,0,0,0,1000,1000,0,1000,0,0,0,-494000
061123,燿華永豐9A購01  ,0,0,0,0,0,0,0,0,0,-495000,0,0,0,0,495000,-495000,-495000
066591,華新科群益01購05,0,0,0,0,0,0,0,0,0,-495000,0,0,0,25000,520000,-495000,-495000
066015,健策元富01購01  ,0,0,0,0,0,0,0,0,0,-495000,0,0,0,0,495000,-495000,-495000
2882,國泰金          ,11943455,13202287,-1258832,0,0,0,717000,126000,591000,172000,120000,20000,100000,109000,37000,72000,-495832
060242,潤泰全元大9C購01,0,0,0,0,0,0,0,0,0,-496000,0,0,0,100000,596000,-496000,-496000
063592,瑞祺永豐9B購02  ,0,0,0,0,0,0,0,0,0,-498000,0,0,0,0,498000,-498000,-498000
07965P,玉晶光群益01售02,0,0,0,0,0,0,0,0,0,-499000,0,0,0,176000,675000,-499000,-499000
055890,鴻海統一99購01  ,0,0,0,0,0,0,0,0,0,-499000,0,0,0,25000,524000,-499000,-499000
066010,凌華統一04購01  ,0,0,0,0,0,0,0,0,0,-499000,0,0,0,0,499000,-499000,-499000
064536,富邦金國票01購01,0,0,0,0,0,0,0,0,0,-499000,0,0,0,69000,568000,-499000,-499000
056737,國巨凱基9A購01  ,0,0,0,0,0,0,0,0,0,-500000,0,0,0,0,500000,-500000,-500000
056735,國巨凱基99購02  ,0,0,0,0,0,0,0,0,0,-500000,0,0,0,0,500000,-500000,-500000
065531,聯電統一01購01  ,0,0,0,0,0,0,0,0,0,-500000,0,0,0,0,500000,-500000,-500000
4119,旭富            ,130000,421000,-291000,0,0,0,0,29000,-29000,-180000,0,0,0,8000,188000,-180000,-500000
067206,台積電元大01購23,0,0,0,0,0,0,0,0,0,-501000,0,0,0,921000,1422000,-501000,-501000
064799,裕隆元大9C購02  ,0,0,0,0,0,0,0,0,0,-507000,0,0,0,109000,616000,-507000,-507000
067223,嘉基元大01購02  ,0,0,0,0,0,0,0,0,0,-508000,0,0,0,0,508000,-508000,-508000
067176,健策麥證02購02  ,0,0,0,0,508000,-508000,0,0,0,-508000,0,0,0,0,508000,-508000,-508000
062020,智伸科永豐9B購01,0,0,0,0,0,0,0,0,0,-508000,0,0,0,36000,544000,-508000,-508000
065659,華新科永豐9C購04,0,0,0,0,0,0,0,0,0,-508000,0,0,0,45000,553000,-508000,-508000
066898,聯發科康和01購01,0,0,0,0,0,0,0,0,0,-509000,0,0,0,90000,599000,-509000,-509000
063347,祥碩統一01購03  ,0,0,0,0,0,0,0,0,0,-510000,0,0,0,39000,549000,-510000,-510000
066453,嘉基群益01購01  ,0,0,0,0,0,0,0,0,0,-512000,0,0,0,0,512000,-512000,-512000
066237,京鼎富邦04購01  ,0,0,0,0,0,0,0,0,0,-513000,0,0,0,62000,575000,-513000,-513000
00631L,元大台灣50正2   ,0,660000,-660000,0,0,0,0,0,0,145000,547000,6000,541000,3855000,4251000,-396000,-515000
064243,TPK統一02購02   ,0,0,0,0,0,0,0,0,0,-517000,0,0,0,648000,1165000,-517000,-517000
066286,瑞祺元大01購01  ,0,0,0,0,0,0,0,0,0,-517000,0,0,0,35000,552000,-517000,-517000
07709P,創意元大9A售01  ,0,0,0,0,0,0,0,0,0,-520000,0,0,0,92000,612000,-520000,-520000
067706,台積電元富07購07,0,0,0,0,0,0,0,0,0,-521000,0,0,0,0,521000,-521000,-521000
058558,鴻海日盛9A購02  ,0,0,0,0,0,0,0,0,0,-521000,0,0,0,50000,571000,-521000,-521000
067309,欣興元大01購04  ,0,0,0,0,0,0,0,0,0,-524000,0,0,0,697000,1221000,-524000,-524000
064326,裕隆元大9C購01  ,0,0,0,0,0,0,0,0,0,-524000,0,0,0,169000,693000,-524000,-524000
066626,盟立凱基01購01  ,0,0,0,0,0,0,0,0,0,-525000,0,0,0,217000,742000,-525000,-525000
067204,國巨元大02購02  ,0,0,0,0,0,0,0,0,0,-526000,0,0,0,11000,537000,-526000,-526000
058790,楠梓電元大99購03,0,0,0,0,0,0,0,0,0,-527000,0,0,0,0,527000,-527000,-527000
064867,華新科永豐9C購03,0,0,0,0,0,0,0,0,0,-528000,0,0,0,34000,562000,-528000,-528000
067378,欣興統一02購02  ,0,0,0,0,0,0,0,0,0,-529000,0,0,0,105000,634000,-529000,-529000
054079,鴻海中信98購02  ,0,0,0,0,0,0,0,0,0,-529000,0,0,0,84000,613000,-529000,-529000
1714,和桐            ,1005000,1534000,-529000,0,0,0,0,0,0,0,0,0,0,0,0,0,-529000
08311P,台積電國票9C售07,0,0,0,0,0,0,0,0,0,-530000,0,0,0,0,530000,-530000,-530000
065945,鴻海統一02購01  ,0,0,0,0,0,0,0,0,0,-530000,0,0,0,3745000,4275000,-530000,-530000
063268,GIS中信9B購01   ,0,0,0,0,0,0,0,0,0,-532000,0,0,0,161000,693000,-532000,-532000
08874P,台積電中信07售01,0,0,0,0,0,0,0,0,0,-532000,0,0,0,26000,558000,-532000,-532000
067003,聯發科永豐01購02,0,0,0,0,0,0,0,0,0,-533000,0,0,0,0,533000,-533000,-533000
065681,聯發科統一9C購17,0,0,0,0,0,0,0,0,0,-534000,0,0,0,54000,588000,-534000,-534000
8213,志超            ,286000,809000,-523000,0,0,0,0,0,0,-12000,1000,1000,0,0,12000,-12000,-535000
067279,美利達統一02購02,0,0,0,0,0,0,0,0,0,-538000,0,0,0,104000,642000,-538000,-538000
067376,欣興統一01購01  ,0,0,0,0,0,0,0,0,0,-539000,0,0,0,647000,1186000,-539000,-539000
057475,聯電元大9A購01  ,0,0,0,0,0,0,0,0,0,-540000,0,0,0,572000,1112000,-540000,-540000
067520,健策元富01購03  ,0,0,0,0,0,0,0,0,0,-541000,0,0,0,85000,626000,-541000,-541000
059043,聯電日盛99購01  ,0,0,0,0,0,0,0,0,0,-541000,0,0,0,6000,547000,-541000,-541000
060788,嘉晶富邦9B購01  ,0,0,0,0,0,0,0,0,0,-541000,0,0,0,24000,565000,-541000,-541000
062327,燿華統一9B購02  ,0,0,0,0,0,0,0,0,0,-541000,0,0,0,80000,621000,-541000,-541000
067638,台積電統一03購02,0,0,0,0,0,0,0,0,0,-542000,0,0,0,0,542000,-542000,-542000
066997,樺漢國泰03購01  ,0,0,0,0,0,0,0,0,0,-542000,0,0,0,95000,637000,-542000,-542000
08325P,臺股指凱基9C售08,0,0,0,0,0,0,0,0,0,-542000,0,0,0,0,542000,-542000,-542000
067024,旺宏兆豐03購01  ,1000,0,1000,0,0,0,0,0,0,-544000,0,0,0,258000,802000,-544000,-543000
067267,台積電富邦05購03,0,0,0,0,0,0,0,0,0,-547000,0,0,0,0,547000,-547000,-547000
067214,聯陽元大01購02  ,0,0,0,0,0,0,0,0,0,-548000,0,0,0,112000,660000,-548000,-548000
066735,智原元大01購03  ,0,0,0,0,0,0,0,0,0,-549000,0,0,0,622000,1171000,-549000,-549000
08249P,聯發科群益9C售06,0,0,0,0,0,0,0,0,0,-550000,0,0,0,300000,850000,-550000,-550000
060288,群光元大9C購01  ,0,0,0,0,0,0,0,0,0,-550000,0,0,0,30000,580000,-550000,-550000
065258,華邦電元大01購01,0,0,0,0,0,0,0,0,0,-551000,0,0,0,37000,588000,-551000,-551000
065299,燿華元富9C購02  ,0,0,0,0,0,0,0,0,0,-555000,0,0,0,5000,560000,-555000,-555000
064841,彩晶統一02購02  ,0,0,0,0,0,0,0,0,0,-559000,0,0,0,121000,680000,-559000,-559000
06696P,台灣50國票99售01,0,0,0,0,0,0,0,0,0,-560000,0,0,0,35000,595000,-560000,-560000
065200,健策元富9C購04  ,0,0,0,0,0,0,0,0,0,-564000,0,0,0,88000,652000,-564000,-564000
08066P,南亞科凱基9B售04,0,0,0,0,0,0,0,0,0,-565000,0,0,0,175000,740000,-565000,-565000
064856,GIS國泰02購01   ,0,0,0,0,0,0,0,0,0,-566000,0,0,0,233000,799000,-566000,-566000
064822,台達電統一01購03,0,0,0,0,0,0,0,0,0,-566000,0,0,0,440000,1006000,-566000,-566000
065838,鴻海元大03購01  ,0,0,0,0,0,0,0,0,0,-566000,0,0,0,497000,1063000,-566000,-566000
066064,T50反1凱基03購03,0,0,0,0,0,0,0,0,0,-566000,0,0,0,35000,601000,-566000,-566000
063495,台光電富邦9C購01,0,0,0,0,0,0,0,0,0,-571000,0,0,0,237000,808000,-571000,-571000
059760,楠梓電永豐99購01,0,0,0,0,0,0,0,0,0,-572000,0,0,0,50000,622000,-572000,-572000
03450B,臺股指元大9C熊23,0,0,0,0,0,0,0,0,0,-576000,0,0,0,61000,637000,-576000,-576000
064301,漢唐兆豐01購01  ,0,0,0,0,0,0,0,0,0,-576000,0,0,0,0,576000,-576000,-576000
064748,力成國票01購01  ,0,0,0,0,0,0,0,0,0,-580000,0,0,0,38000,618000,-580000,-580000
055331,國巨兆豐99購01  ,0,0,0,0,0,0,0,0,0,-581000,0,0,0,518000,1099000,-581000,-581000
066819,樺漢兆豐01購01  ,0,0,0,0,0,0,0,0,0,-582000,0,0,0,0,582000,-582000,-582000
066294,嘉基元大01購01  ,0,0,0,0,0,0,0,0,0,-586000,0,0,0,60000,646000,-586000,-586000
066248,長興元大01購01  ,0,0,0,0,0,0,0,0,0,-586000,0,0,0,502000,1088000,-586000,-586000
067302,聯發科元大01購20,0,0,0,0,0,0,0,0,0,-587000,0,0,0,0,587000,-587000,-587000
062396,華通永豐9B購01  ,0,0,0,0,0,0,0,0,0,-588000,0,0,0,96000,684000,-588000,-588000
08723P,臺股指元大01售04,0,0,0,0,0,0,0,0,0,-589000,0,0,0,7000,596000,-589000,-589000
067210,聯發科元大01購18,0,0,0,0,0,0,0,0,0,-590000,0,0,0,0,590000,-590000,-590000
060030,晶相光永豐99購03,0,0,0,0,0,0,0,0,0,-591000,0,0,0,1000,592000,-591000,-591000
065855,瀚宇博元大9C購03,0,0,0,0,0,0,0,0,0,-591000,0,0,0,302000,893000,-591000,-591000
064384,聯電富邦01購01  ,0,0,0,0,0,0,0,0,0,-594000,0,0,0,391000,985000,-594000,-594000
9919,康那香          ,1409200,2004000,-594800,0,0,0,0,1000,-1000,0,8000,8000,0,0,0,0,-595800
067084,泰鼎元大01購02  ,0,0,0,0,0,0,0,0,0,-597000,0,0,0,9000,606000,-597000,-597000
067106,義隆群益01購01  ,0,0,0,0,0,0,0,0,0,-600000,0,0,0,43000,643000,-600000,-600000
064165,同欣電統一01購01,0,0,0,0,0,0,0,0,0,-600000,0,0,0,201000,801000,-600000,-600000
065493,T50反1富邦03購01,0,0,0,0,0,0,0,0,0,-600000,0,0,0,0,600000,-600000,-600000
06666P,台積電日盛9A售02,0,0,0,0,0,0,0,0,0,-603000,0,0,0,1419000,2022000,-603000,-603000
062382,燿華國泰9C購01  ,0,0,0,0,0,0,0,0,0,-603000,0,0,0,98000,701000,-603000,-603000
08388P,台灣50中信03售09,0,0,0,0,0,0,0,0,0,-605000,0,0,0,25000,630000,-605000,-605000
059093,旭富元大99購01  ,0,0,0,0,0,0,0,0,0,-607000,0,0,0,494000,1101000,-607000,-607000
065658,聯發科富邦03購03,0,0,0,0,0,0,0,0,0,-607000,0,0,0,864000,1471000,-607000,-607000
2301,光寶科          ,3989156,4718080,-728924,0,0,0,884000,33000,851000,-731000,14000,379000,-365000,60000,426000,-366000,-608924
067640,欣興統一02購03  ,0,0,0,0,0,0,0,0,0,-609000,0,0,0,0,609000,-609000,-609000
064524,GIS群益02購01   ,0,0,0,0,0,0,0,0,0,-610000,0,0,0,83000,693000,-610000,-610000
065898,神基麥證9C購01  ,0,0,0,0,611000,-611000,0,0,0,-611000,0,0,0,0,611000,-611000,-611000
08706P,台積電統一02售04,0,0,0,0,0,0,0,0,0,-611000,0,0,0,0,611000,-611000,-611000
066472,美利達統一02購01,0,0,0,0,0,0,0,0,0,-614000,0,0,0,101000,715000,-614000,-614000
05953P,台積電國票98售02,0,0,0,0,0,0,0,0,0,-616000,0,0,0,59000,675000,-616000,-616000
057389,玉晶光永豐98購06,0,0,0,0,0,0,0,0,0,-617000,0,0,0,403000,1020000,-617000,-617000
064881,聯茂兆豐01購02  ,0,0,0,0,0,0,0,0,0,-618000,0,0,0,561000,1179000,-618000,-618000
08862P,台積電元大01售24,0,0,0,0,0,0,0,0,0,-618000,0,0,0,7133000,7751000,-618000,-618000
08662P,台積電國泰03售01,0,0,0,0,0,0,0,0,0,-619000,0,0,0,343000,962000,-619000,-619000
055519,茂林中信99購01  ,0,0,0,0,0,0,0,0,0,-620000,0,0,0,70000,690000,-620000,-620000
064189,TPK永豐9C購01   ,0,0,0,0,0,0,0,0,0,-623000,0,0,0,96000,719000,-623000,-623000
057544,鴻海凱基02購01  ,0,0,0,0,0,0,0,0,0,-623000,0,0,0,51000,674000,-623000,-623000
065682,健策統一9C購07  ,0,0,0,0,0,0,0,0,0,-623000,0,0,0,58000,681000,-623000,-623000
064042,國巨統一9C購12  ,0,0,0,0,0,0,0,0,0,-628000,0,0,0,94000,722000,-628000,-628000
062321,力成台新9B購01  ,0,0,0,0,0,0,0,0,0,-628000,0,0,0,0,628000,-628000,-628000
065193,和大元富03購02  ,0,0,0,0,0,0,0,0,0,-629000,0,0,0,10000,639000,-629000,-629000
08799P,台積電元大01售19,0,0,0,0,0,0,0,0,0,-629000,0,0,0,5884000,6513000,-629000,-629000
06936P,瑞儀元大98售01  ,0,0,0,0,0,0,0,0,0,-630000,0,0,0,0,630000,-630000,-630000
065387,台光電兆豐9C購02,0,0,0,0,0,0,0,0,0,-631000,0,0,0,89000,720000,-631000,-631000
066949,聯發科元大01購17,0,0,0,0,0,0,0,0,0,-632000,0,0,0,0,632000,-632000,-632000
058318,致茂永豐9A購01  ,0,0,0,0,0,0,0,0,0,-632000,0,0,0,83000,715000,-632000,-632000
08800P,台積電元大01售20,0,10000,-10000,0,0,0,0,0,0,-624000,0,0,0,6991000,7615000,-624000,-634000
064474,華新科麥證01購01,0,0,0,0,635000,-635000,0,0,0,-635000,0,0,0,0,635000,-635000,-635000
059730,晶相光元大9C購02,0,0,0,0,0,0,0,0,0,-637000,0,0,0,56000,693000,-637000,-637000
057385,光罩永豐99購01  ,0,0,0,0,0,0,0,0,0,-639000,0,0,0,166000,805000,-639000,-639000
062537,聯電國泰9C購01  ,0,0,0,0,0,0,0,0,0,-640000,0,0,0,275000,915000,-640000,-640000
067280,國巨第一01購01  ,0,0,0,0,0,0,0,0,0,-642000,0,0,0,0,642000,-642000,-642000
056657,華邦電元大99購01,0,0,0,0,0,0,0,0,0,-642000,0,0,0,1000,643000,-642000,-642000
066204,京鼎統一02購01  ,0,0,0,0,0,0,0,0,0,-643000,0,0,0,57000,700000,-643000,-643000
066765,揚明光永豐01購01,0,0,0,0,0,0,0,0,0,-647000,0,0,0,124000,771000,-647000,-647000
067075,亞光元大01購04  ,0,0,0,0,0,0,0,0,0,-647000,0,0,0,0,647000,-647000,-647000
046881,智原富邦99購01  ,0,0,0,0,0,0,0,0,0,-650000,0,0,0,191000,841000,-650000,-650000
058832,立積永豐99購01  ,0,0,0,0,0,0,0,0,0,-650000,0,0,0,130000,780000,-650000,-650000
062183,奇鋐元大9B購01  ,0,0,0,0,0,0,0,0,0,-650000,0,0,0,43000,693000,-650000,-650000
065928,創意國票02購01  ,0,0,0,0,0,0,0,0,0,-653000,0,0,0,29000,682000,-653000,-653000
064728,健策統一9C購04  ,0,0,0,0,0,0,0,0,0,-654000,0,0,0,73000,727000,-654000,-654000
3545,敦泰            ,596000,1224000,-628000,0,0,0,0,0,0,-27000,0,0,0,11000,38000,-27000,-655000
065010,國巨國泰01購04  ,0,0,0,0,0,0,0,0,0,-658000,0,0,0,815000,1473000,-658000,-658000
066082,康友國泰03購01  ,0,0,0,0,0,0,0,0,0,-665000,0,0,0,39000,704000,-665000,-665000
5471,松翰            ,623000,1320000,-697000,0,0,0,0,0,0,30000,0,0,0,51000,21000,30000,-667000
08381P,台灣50群益9C售06,0,0,0,0,0,0,0,0,0,-668000,0,0,0,497000,1165000,-668000,-668000
061094,彩晶統一9B購02  ,0,0,0,0,0,0,0,0,0,-673000,0,0,0,20000,693000,-673000,-673000
066730,致茂元大01購01  ,0,0,0,0,0,0,0,0,0,-674000,0,0,0,200000,874000,-674000,-674000
065625,聯發科兆豐9C購06,0,0,0,0,0,0,0,0,0,-674000,0,0,0,213000,887000,-674000,-674000
066234,群光富邦04購01  ,0,0,0,0,0,0,0,0,0,-676000,0,0,0,62000,738000,-676000,-676000
059140,大立光兆豐9A購02,0,0,0,0,0,0,0,0,0,-679000,0,0,0,169000,848000,-679000,-679000
063201,廣達統一01購01  ,0,0,0,0,0,0,0,0,0,-682000,0,0,0,598000,1280000,-682000,-682000
066756,長興永豐01購02  ,0,0,0,0,0,0,0,0,0,-683000,0,0,0,186000,869000,-683000,-683000
08276P,可成元富9C售02  ,0,0,0,0,0,0,0,0,0,-687000,0,0,0,140000,827000,-687000,-687000
066205,京鼎統一03購01  ,0,0,0,0,0,0,0,0,0,-687000,0,0,0,107000,794000,-687000,-687000
066532,力成元富07購01  ,0,0,0,0,0,0,0,0,0,-687000,0,0,0,65000,752000,-687000,-687000
07032P,聯發科統一9C售02,0,0,0,0,0,0,0,0,0,-688000,0,0,0,260000,948000,-688000,-688000
06327P,台積電中信01售01,0,0,0,0,0,0,0,0,0,-688000,0,0,0,10000,698000,-688000,-688000
067077,智原元大01購04  ,0,0,0,0,0,0,0,0,0,-689000,0,0,0,58000,747000,-689000,-689000
067499,帆宣元大01購04  ,0,0,0,0,0,0,0,0,0,-697000,0,0,0,18000,715000,-697000,-697000
065353,GIS統一02購03   ,0,0,0,0,0,0,0,0,0,-698000,0,0,0,511000,1209000,-698000,-698000
067281,T50反1國票01購05,0,0,0,0,0,0,0,0,0,-699000,0,0,0,0,699000,-699000,-699000
066769,嘉基永豐01購02  ,0,0,0,0,0,0,0,0,0,-701000,0,0,0,133000,834000,-701000,-701000
057555,玉晶光凱基9A購02,0,0,0,0,0,0,0,0,0,-709000,0,0,0,154000,863000,-709000,-709000
067017,樺漢富邦04購01  ,0,0,0,0,0,0,0,0,0,-710000,0,0,0,40000,750000,-710000,-710000
062590,亞光統一9B購01  ,0,0,0,0,0,0,0,0,0,-714000,0,0,0,16000,730000,-714000,-714000
064458,玉晶光統一01購09,0,0,0,0,0,0,0,0,0,-714000,0,0,0,0,714000,-714000,-714000
064430,鴻海凱基03購04  ,0,0,0,0,0,0,0,0,0,-715000,0,0,0,0,715000,-715000,-715000
064829,義隆統一01購02  ,0,0,0,0,0,0,0,0,0,-716000,0,0,0,62000,778000,-716000,-716000
2355,敬鵬            ,964000,1649000,-685000,0,0,0,0,0,0,-34000,88000,85000,3000,0,37000,-37000,-719000
066042,正崴元大02購01  ,0,0,0,0,0,0,0,0,0,-720000,0,0,0,10000,730000,-720000,-720000
064387,GIS富邦9C購01   ,0,0,0,0,0,0,0,0,0,-721000,0,0,0,352000,1073000,-721000,-721000
061600,聯電凱基9B購01  ,0,0,0,0,0,0,0,0,0,-722000,0,0,0,77000,799000,-722000,-722000
062734,臺指反國票9C購03,0,0,0,0,0,0,0,0,0,-728000,0,0,0,60000,788000,-728000,-728000
063593,GIS永豐9B購01   ,0,0,0,0,0,0,0,0,0,-730000,0,0,0,123000,853000,-730000,-730000
08885P,台積電國泰03售02,0,0,0,0,0,0,0,0,0,-730000,0,0,0,3127000,3857000,-730000,-730000
2912,統一超          ,822788,1567360,-744572,0,0,0,0,8000,-8000,22000,36000,14000,22000,0,0,0,-730572
064732,GIS統一01購03   ,0,0,0,0,0,0,0,0,0,-740000,0,0,0,79000,819000,-740000,-740000
3005,神基            ,743000,1280000,-537000,0,0,0,0,4000,-4000,-202000,22000,1000,21000,10000,233000,-223000,-743000
064233,燿華統一9C購02  ,0,0,0,0,0,0,0,0,0,-746000,0,0,0,0,746000,-746000,-746000
9910,豐泰            ,624000,1295700,-671700,0,0,0,0,2000,-2000,-76000,1000,83000,-82000,25000,19000,6000,-749700
067373,聯發科統一03購04,0,0,0,0,0,0,0,0,0,-755000,0,0,0,84000,839000,-755000,-755000
3014,聯陽            ,482000,927000,-445000,0,0,0,0,394000,-394000,80000,2000,2000,0,84000,4000,80000,-759000
063345,嘉晶統一9C購02  ,0,0,0,0,0,0,0,0,0,-766000,0,0,0,139000,905000,-766000,-766000
064466,聯電元富9C購01  ,0,0,0,0,0,0,0,0,0,-768000,0,0,0,80000,848000,-768000,-768000
066704,創意群益01購02  ,0,0,0,0,0,0,0,0,0,-774000,0,0,0,219000,993000,-774000,-774000
08622P,緯創群益9C售03  ,0,0,0,0,0,0,0,0,0,-774000,0,0,0,4000,778000,-774000,-774000
058156,超眾統一9A購02  ,0,0,0,0,0,0,0,0,0,-775000,0,0,0,0,775000,-775000,-775000
063673,GIS統一9C購02   ,0,0,0,0,0,0,0,0,0,-775000,0,0,0,156000,931000,-775000,-775000
061006,新光金兆豐9A購01,0,0,0,0,0,0,0,0,0,-775000,0,0,0,0,775000,-775000,-775000
03421B,臺股指元大99熊01,0,0,0,0,0,0,0,0,0,-777000,0,0,0,131000,908000,-777000,-777000
1402,遠東新          ,2492000,3312834,-820834,0,0,0,177000,56000,121000,-78000,6000,61000,-55000,18000,41000,-23000,-777834
064238,玉晶光統一01購08,0,0,0,0,0,0,0,0,0,-778000,0,0,0,265000,1043000,-778000,-778000
056392,玉晶光富邦9C購01,0,0,0,0,0,0,0,0,0,-779000,0,0,0,351000,1130000,-779000,-779000
6706,惠特            ,212000,1048000,-836000,0,0,0,289000,307000,-18000,73000,0,0,0,78000,5000,73000,-781000
067652,義隆元富01購01  ,0,0,0,0,0,0,0,0,0,-783000,0,0,0,0,783000,-783000,-783000
065948,燿華統一01購02  ,0,0,0,0,0,0,0,0,0,-788000,0,0,0,35000,823000,-788000,-788000
066105,松翰國票01購01  ,0,0,0,0,0,0,0,0,0,-791000,0,0,0,0,791000,-791000,-791000
061658,聯茂富邦9A購03  ,0,0,0,0,0,0,0,0,0,-792000,0,0,0,116000,908000,-792000,-792000
08824P,微星元大01售03  ,0,0,0,0,0,0,0,0,0,-810000,0,0,0,105000,915000,-810000,-810000
059080,亞泥元大99購01  ,0,0,0,0,0,0,0,0,0,-819000,0,0,0,115000,934000,-819000,-819000
1717,長興            ,1140000,1936000,-796000,0,0,0,0,268000,-268000,241000,70000,0,70000,229000,58000,171000,-823000
063817,GIS群益9C購01   ,0,0,0,0,0,0,0,0,0,-838000,0,0,0,330000,1168000,-838000,-838000
067211,聯發科元大01購19,0,0,0,0,0,0,0,0,0,-844000,0,0,0,0,844000,-844000,-844000
08184P,可成永豐9B售03  ,0,0,0,0,0,0,0,0,0,-846000,0,0,0,0,846000,-846000,-846000
064713,和大統一02購01  ,0,0,0,0,0,0,0,0,0,-847000,0,0,0,35000,882000,-847000,-847000
08106P,聯發科統一9B售09,0,0,0,0,0,0,0,0,0,-849000,0,0,0,0,849000,-849000,-849000
067205,台積電元大01購22,19000,0,19000,0,0,0,0,0,0,-886000,0,0,0,1312000,2198000,-886000,-867000
08744P,臺股指凱基02售05,0,0,0,0,0,0,0,0,0,-868000,0,0,0,185000,1053000,-868000,-868000
066198,華碩統一03購01  ,0,0,0,0,0,0,0,0,0,-882000,0,0,0,264000,1146000,-882000,-882000
066242,惠特富邦03購01  ,0,0,0,0,0,0,0,0,0,-882000,0,0,0,0,882000,-882000,-882000
066486,台光電元富01購02,0,0,0,0,0,0,0,0,0,-886000,0,0,0,140000,1026000,-886000,-886000
2404,漢唐            ,916000,1767533,-851533,0,0,0,0,2000,-2000,-36000,15000,1000,14000,18000,68000,-50000,-889533
066844,聯發科元大01購12,0,0,0,0,0,0,0,0,0,-892000,0,0,0,627000,1519000,-892000,-892000
063976,正崴兆豐9C購01  ,0,0,0,0,0,0,0,0,0,-893000,0,0,0,0,893000,-893000,-893000
063057,祥碩統一03購01  ,0,0,0,0,0,0,0,0,0,-895000,0,0,0,509000,1404000,-895000,-895000
08416P,T50反1元大9C售07,0,0,0,0,0,0,0,0,0,-896000,0,0,0,0,896000,-896000,-896000
064369,彩晶統一01購01  ,0,0,0,0,0,0,0,0,0,-903000,0,0,0,40000,943000,-903000,-903000
00676R,富邦臺灣加權反1 ,0,0,0,0,0,0,0,0,0,-906000,0,0,0,1760000,2666000,-906000,-906000
064368,日月光統一01購01,0,0,0,0,0,0,0,0,0,-907000,0,0,0,283000,1190000,-907000,-907000
03689C,T50反1元大02牛01,0,0,0,0,0,0,0,0,0,-913000,0,0,0,204000,1117000,-913000,-913000
06138P,台積電中信99售01,0,0,0,0,0,0,0,0,0,-920000,0,0,0,0,920000,-920000,-920000
064809,冠德元大9C購01  ,0,0,0,0,0,0,0,0,0,-925000,0,0,0,240000,1165000,-925000,-925000
066014,嘉晶元富07購01  ,0,0,0,0,0,0,0,0,0,-928000,0,0,0,80000,1008000,-928000,-928000
00642U,元大S&P石油     ,15000,7000,8000,0,0,0,0,0,0,-937000,0,0,0,739000,1676000,-937000,-929000
1909,榮成            ,1355000,2374000,-1019000,0,0,0,0,0,0,90000,92000,2000,90000,0,0,0,-929000
067275,聯發科統一02購07,0,0,0,0,0,0,0,0,0,-931000,0,0,0,25000,956000,-931000,-931000
08716P,台積電兆豐01售02,0,0,0,0,0,0,0,0,0,-933000,0,0,0,52000,985000,-933000,-933000
066228,嘉基國泰02購01  ,0,0,0,0,0,0,0,0,0,-938000,0,0,0,174000,1112000,-938000,-938000
060404,台勝科國泰9B購01,0,0,0,0,0,0,0,0,0,-939000,0,0,0,339000,1278000,-939000,-939000
6285,啟碁            ,235000,1184000,-949000,0,0,0,0,2000,-2000,11000,6000,0,6000,7000,2000,5000,-940000
065680,聯發科統一9C購16,0,0,0,0,0,0,0,0,0,-944000,0,0,0,1032000,1976000,-944000,-944000
08299P,玉晶光國票02售01,0,10000,-10000,0,0,0,0,0,0,-935000,0,0,0,101000,1036000,-935000,-945000
2332,友訊            ,1263000,2167000,-904000,0,0,0,0,0,0,-41000,28000,0,28000,47000,116000,-69000,-945000
066906,聯發科凱基03購03,0,0,0,0,0,0,0,0,0,-953000,0,0,0,0,953000,-953000,-953000
067472,台積電元大03購01,0,0,0,0,0,0,0,0,0,-953000,0,0,0,2377000,3330000,-953000,-953000
08573P,台積電凱基9C售06,0,0,0,0,0,0,0,0,0,-967000,0,0,0,34000,1001000,-967000,-967000
08750P,台灣50群益01售04,0,0,0,0,0,0,0,0,0,-968000,0,0,0,20000,988000,-968000,-968000
2485,兆赫            ,413000,1269000,-856000,0,0,0,0,0,0,-114000,6000,120000,-114000,0,0,0,-970000
066501,鴻海富邦03購01  ,0,0,0,0,0,0,0,0,0,-974000,0,0,0,198000,1172000,-974000,-974000
058161,T50反1日盛03購01,0,0,0,0,0,0,0,0,0,-976000,0,0,0,0,976000,-976000,-976000
064250,亞光元富9C購01  ,0,0,0,0,0,0,0,0,0,-980000,0,0,0,66000,1046000,-980000,-980000
064703,T50反1國泰01購01,0,0,0,0,0,0,0,0,0,-983000,0,0,0,20000,1003000,-983000,-983000
08726P,台積電群益01售07,0,0,0,0,0,0,0,0,0,-986000,0,0,0,876000,1862000,-986000,-986000
066320,順德永豐01購01  ,0,0,0,0,0,0,0,0,0,-987000,0,0,0,5000,992000,-987000,-987000
066356,嘉基永豐01購01  ,0,0,0,0,0,0,0,0,0,-990000,0,0,0,11000,1001000,-990000,-990000
054546,玉晶光中信9B購01,10000,0,10000,0,0,0,0,0,0,-1002000,0,0,0,2307000,3309000,-1002000,-992000
06139P,台積電中信99售02,0,0,0,0,0,0,0,0,0,-1000000,0,0,0,0,1000000,-1000000,-1000000
064063,健策國泰01購02  ,0,0,0,0,0,0,0,0,0,-1009000,0,0,0,56000,1065000,-1009000,-1009000
065352,GIS統一01購04   ,0,0,0,0,0,0,0,0,0,-1012000,0,0,0,536000,1548000,-1012000,-1012000
057287,彩晶元大9C購03  ,0,0,0,0,0,0,0,0,0,-1018000,0,0,0,2000,1020000,-1018000,-1018000
067298,台積電元大02購04,0,0,0,0,0,0,0,0,0,-1032000,0,0,0,1316000,2348000,-1032000,-1032000
064821,聯電統一02購01  ,0,0,0,0,0,0,0,0,0,-1035000,0,0,0,148000,1183000,-1035000,-1035000
067297,台積電元大02購03,0,0,0,0,0,0,0,0,0,-1038000,0,0,0,1364000,2402000,-1038000,-1038000
065779,台勝科國泰01購02,0,0,0,0,0,0,0,0,0,-1047000,0,0,0,159000,1206000,-1047000,-1047000
03840P,台積電統一99售02,0,0,0,0,0,0,0,0,0,-1049000,0,0,0,0,1049000,-1049000,-1049000
6278,台表科          ,1220000,2431153,-1211153,0,0,0,546000,174000,372000,-220000,53000,133000,-80000,8000,148000,-140000,-1059153
064244,GIS統一02購01   ,0,0,0,0,0,0,0,0,0,-1064000,0,0,0,319000,1383000,-1064000,-1064000
3450,聯鈞            ,219000,1045000,-826000,0,0,0,0,211000,-211000,-29000,1000,0,1000,44000,74000,-30000,-1066000
066775,智原富邦03購01  ,0,0,0,0,0,0,0,0,0,-1069000,0,0,0,20000,1089000,-1069000,-1069000
058537,彩晶統一9B購01  ,0,0,0,0,0,0,0,0,0,-1079000,0,0,0,51000,1130000,-1079000,-1079000
3029,零壹            ,264000,1305000,-1041000,0,0,0,0,0,0,-38000,8000,46000,-38000,0,0,0,-1079000
6269,台郡            ,638000,2182947,-1544947,0,0,0,367000,93000,274000,172000,260000,109000,151000,48000,27000,21000,-1098947
053390,彩晶元大9A購01  ,0,0,0,0,0,0,0,0,0,-1099000,0,0,0,0,1099000,-1099000,-1099000
063536,美食統一01購01  ,0,0,0,0,0,0,0,0,0,-1100000,0,0,0,0,1100000,-1100000,-1100000
08627P,臺股指群益9C售22,0,0,0,0,0,0,0,0,0,-1108000,0,0,0,31000,1139000,-1108000,-1108000
6176,瑞儀            ,2686000,3853017,-1167017,0,0,0,0,4000,-4000,62000,277000,30000,247000,15000,200000,-185000,-1109017
07734P,台積電富邦9C售10,0,0,0,0,0,0,0,0,0,-1125000,0,0,0,0,1125000,-1125000,-1125000
8112,至上            ,315000,1457000,-1142000,0,0,0,0,2000,-2000,12000,12000,0,12000,0,0,0,-1132000
064840,彩晶統一02購01  ,0,0,0,0,0,0,0,0,0,-1134000,0,0,0,285000,1419000,-1134000,-1134000
065311,TPK國票01購03   ,0,0,0,0,0,0,0,0,0,-1134000,0,0,0,60000,1194000,-1134000,-1134000
067494,日月光元大01購03,0,0,0,0,0,0,0,0,0,-1141000,0,0,0,20000,1161000,-1141000,-1141000
062219,燿華統一9B購01  ,0,0,0,0,0,0,0,0,0,-1149000,0,0,0,32000,1181000,-1149000,-1149000
065942,燿華元富01購01  ,0,0,0,0,0,0,0,0,0,-1150000,0,0,0,26000,1176000,-1150000,-1150000
3515,華擎            ,318000,1284000,-966000,0,0,0,0,159000,-159000,-26000,12000,30000,-18000,27000,35000,-8000,-1151000
063341,燿華統一9C購01  ,0,0,0,0,0,0,0,0,0,-1154000,0,0,0,35000,1189000,-1154000,-1154000
065529,聯發科中信01購04,0,0,0,0,0,0,0,0,0,-1168000,0,0,0,1277000,2445000,-1168000,-1168000
066243,潤泰新富邦03購01,0,0,0,0,0,0,0,0,0,-1187000,0,0,0,35000,1222000,-1187000,-1187000
066290,台塑化元大01購01,0,0,0,0,0,0,0,0,0,-1201000,0,0,0,85000,1286000,-1201000,-1201000
1227,佳格            ,787699,1992170,-1204471,0,0,0,0,0,0,2000,3000,0,3000,0,1000,-1000,-1202471
1210,大成            ,790699,2185000,-1394301,0,0,0,216000,36000,180000,4000,10000,0,10000,0,6000,-6000,-1210301
066846,京鼎元大01購03  ,0,0,0,0,0,0,0,0,0,-1224000,0,0,0,456000,1680000,-1224000,-1224000
064999,T50反1國票9C購03,0,0,0,0,0,0,0,0,0,-1252000,0,0,0,55000,1307000,-1252000,-1252000
2449,京元電子        ,3764500,3987000,-222500,0,0,0,0,117000,-117000,-918000,65000,452000,-387000,92000,623000,-531000,-1257500
5388,中磊            ,281000,1478581,-1197581,0,0,0,0,0,0,-81000,3000,9000,-6000,1000,76000,-75000,-1278581
066471,致新統一02購01  ,0,0,0,0,0,0,0,0,0,-1323000,0,0,0,252000,1575000,-1323000,-1323000
6251,定穎            ,518000,1840000,-1322000,0,0,0,0,0,0,-2000,48000,50000,-2000,0,0,0,-1324000
065315,玉晶光中信03購02,0,0,0,0,0,0,0,0,0,-1335000,0,0,0,413000,1748000,-1335000,-1335000
2352,佳世達          ,1356000,2691000,-1335000,0,0,0,0,16000,-16000,13000,16000,1000,15000,9000,11000,-2000,-1338000
063583,GIS國泰01購01   ,0,0,0,0,0,0,0,0,0,-1340000,0,0,0,179000,1519000,-1340000,-1340000
4142,國光生          ,5919000,7309000,-1390000,0,0,0,0,0,0,35000,61000,1000,60000,0,25000,-25000,-1355000
063344,臺企銀統一9C購01,0,0,0,0,0,0,0,0,0,-1366000,0,0,0,150000,1516000,-1366000,-1366000
067061,亞泥元大01購01  ,0,0,0,0,0,0,0,0,0,-1369000,0,0,0,40000,1409000,-1369000,-1369000
065349,玉晶光統一9C購05,0,0,0,0,0,0,0,0,0,-1380000,0,0,0,1027000,2407000,-1380000,-1380000
065496,裕隆富邦9C購01  ,0,0,0,0,0,0,0,0,0,-1386000,0,0,0,776000,2162000,-1386000,-1386000
3038,全台            ,306000,1724000,-1418000,0,0,0,0,1000,-1000,25000,25000,0,25000,0,0,0,-1394000
07048P,台積電中信03售01,0,0,0,0,0,0,0,0,0,-1407000,0,0,0,208000,1615000,-1407000,-1407000
063674,力山國泰01購02  ,0,0,0,0,0,0,0,0,0,-1411000,0,0,0,404000,1815000,-1411000,-1411000
065996,T50反1第一01購01,0,0,0,0,0,0,0,0,0,-1414000,0,0,0,25000,1439000,-1414000,-1414000
08379P,台積電國泰02售02,0,0,0,0,0,0,0,0,0,-1415000,0,0,0,306000,1721000,-1415000,-1415000
2402,毅嘉            ,289000,1711000,-1422000,0,0,0,0,0,0,-1000,0,1000,-1000,0,0,0,-1423000
08551P,台積電群益9C售12,0,0,0,0,0,0,0,0,0,-1428000,0,0,0,275000,1703000,-1428000,-1428000
058101,台積電富邦9C購01,0,0,0,0,0,0,0,0,0,-1480000,0,0,0,129000,1609000,-1480000,-1480000
062597,世紀鋼統一01購01,0,0,0,0,0,0,0,0,0,-1480000,0,0,0,150000,1630000,-1480000,-1480000
4904,遠傳            ,1307000,3213000,-1906000,0,0,0,424000,29000,395000,31000,31000,0,31000,0,0,0,-1480000
065133,SP黃豆凱基02購01,0,0,0,0,0,0,0,0,0,-1493000,0,0,0,0,1493000,-1493000,-1493000
6282,康舒            ,1097000,2632730,-1535730,0,0,0,0,0,0,35000,34000,29000,5000,114000,84000,30000,-1500730
066688,台積電元富07購01,0,90000,-90000,0,0,0,0,0,0,-1415000,0,0,0,680000,2095000,-1415000,-1505000
00655L,國泰中國A50正2  ,53000,221000,-168000,0,0,0,0,0,0,-1340000,10000,0,10000,1431000,2781000,-1350000,-1508000
067011,嘉基永豐01購03  ,0,0,0,0,0,0,0,0,0,-1522000,0,0,0,0,1522000,-1522000,-1522000
056584,鴻海統一9B購01  ,0,0,0,0,0,0,0,0,0,-1533000,0,0,0,1164000,2697000,-1533000,-1533000
4958,臻鼎-KY         ,1158000,2486738,-1328738,0,0,0,0,63000,-63000,-170000,170000,375000,-205000,59000,24000,35000,-1561738
063581,同欣電國泰9C購01,0,0,0,0,0,0,0,0,0,-1562000,0,0,0,159000,1721000,-1562000,-1562000
06770P,台灣50第一9C售01,0,0,0,0,0,0,0,0,0,-1604000,0,0,0,3000,1607000,-1604000,-1604000
3045,台灣大          ,2564566,4453640,-1889074,0,0,0,308000,46000,262000,3000,60000,57000,3000,0,0,0,-1624074
1310,台苯            ,719000,2372000,-1653000,0,0,0,0,0,0,8000,0,0,0,10000,2000,8000,-1645000
2108,南帝            ,609000,1769718,-1160718,0,0,0,50000,294000,-244000,-256000,36000,47000,-11000,21000,266000,-245000,-1660718
053118,大立光中信9C購01,0,0,0,0,0,0,0,0,0,-1700000,0,0,0,0,1700000,-1700000,-1700000
064612,聯電元大01購01  ,0,0,0,0,0,0,0,0,0,-1709000,0,0,0,393000,2102000,-1709000,-1709000
2881,富邦金          ,12164000,14547000,-2383000,0,0,0,700000,141000,559000,73000,8000,0,8000,81000,16000,65000,-1751000
056869,國巨日盛99購03  ,0,0,0,0,0,0,0,0,0,-1789000,0,0,0,16000,1805000,-1789000,-1789000
2823,中壽            ,2450000,4686322,-2236322,0,0,0,0,44000,-44000,378000,38000,0,38000,340000,0,340000,-1902322
2504,國產            ,3669000,5651723,-1982723,0,0,0,741000,633000,108000,-32000,2000,0,2000,1000,35000,-34000,-1906723
2498,宏達電          ,1453000,2923000,-1470000,0,0,0,1000,0,1000,-443000,9000,11000,-2000,8000,449000,-441000,-1912000
2390,云辰            ,814000,2826000,-2012000,0,0,0,0,0,0,1000,1000,0,1000,0,0,0,-2011000
2347,聯強            ,2928265,5014880,-2086615,0,0,0,672000,5000,667000,-664000,59000,202000,-143000,33000,554000,-521000,-2083615
064257,台勝科國泰01購01,0,0,0,0,0,0,0,0,0,-2097000,0,0,0,10000,2107000,-2097000,-2097000
066723,聯電元大02購01  ,250000,0,250000,0,0,0,0,0,0,-2478000,0,0,0,316000,2794000,-2478000,-2228000
067508,奇鋐統一03購01  ,0,0,0,0,0,0,0,0,0,-2324000,0,0,0,66000,2390000,-2324000,-2324000
00693U,街口S&P黃豆     ,11000,0,11000,0,0,0,0,0,0,-2398000,0,0,0,1263000,3661000,-2398000,-2387000
00852L,國泰美國道瓊正2 ,0,1432000,-1432000,0,0,0,0,0,0,-1038000,0,0,0,1735000,2773000,-1038000,-2470000
00664R,國泰臺灣加權反1 ,11000,11000,0,0,0,0,0,0,0,-2524000,0,0,0,767000,3291000,-2524000,-2524000
1102,亞泥            ,6755744,14034646,-7278902,0,0,0,2670000,97000,2573000,2105000,333000,534000,-201000,2827000,521000,2306000,-2600902
067623,台積電富邦04購05,0,0,0,0,0,0,0,0,0,-2681000,0,0,0,69000,2750000,-2681000,-2681000
5469,瀚宇博          ,1311000,4425000,-3114000,0,0,0,70000,0,70000,345000,421000,250000,171000,246000,72000,174000,-2699000
2474,可成            ,1032000,3892820,-2860820,0,0,0,67000,10000,57000,-37000,20000,23000,-3000,3000,37000,-34000,-2840820
00671R,富邦NASDAQ反1   ,0,0,0,0,0,0,0,0,0,-2895000,0,0,0,366000,3261000,-2895000,-2895000
6239,力成            ,1040000,4739780,-3699780,0,0,0,363000,102000,261000,476000,337000,0,337000,145000,6000,139000,-2962780
07307P,上証2X凱基9A售02,0,0,0,0,0,0,0,0,0,-2994000,0,0,0,0,2994000,-2994000,-2994000
9904,寶成            ,2692000,7466210,-4774210,0,0,0,2013000,31000,1982000,-222000,6000,116000,-110000,11000,123000,-112000,-3014210
2368,金像電          ,10214100,13021112,-2807012,0,0,0,278000,49000,229000,-756000,474000,394000,80000,164000,1000000,-836000,-3334012
06503P,臺股指中信9A售02,0,0,0,0,0,0,0,0,0,-3400000,0,0,0,704000,4104000,-3400000,-3400000
4915,致伸            ,1417000,4556586,-3139586,0,0,0,0,3000,-3000,-367000,31000,346000,-315000,0,52000,-52000,-3509586
00633L,富邦上証正2     ,230000,1204000,-974000,0,0,0,0,0,0,-2815000,16000,47000,-31000,1863000,4647000,-2784000,-3789000
5264,鎧勝-KY         ,1676000,5410000,-3734000,0,0,0,0,229000,-229000,31000,129000,0,129000,80000,178000,-98000,-3932000
2885,元大金          ,11211642,14558500,-3346858,0,0,0,0,196000,-196000,-391000,14000,400000,-386000,0,5000,-5000,-3933858
1605,華新            ,3630000,6333000,-2703000,0,0,0,0,15000,-15000,-1367000,5000,0,5000,25000,1397000,-1372000,-4085000
2884,玉山金          ,9915111,14187670,-4272559,0,0,0,0,141000,-141000,210000,210000,0,210000,0,0,0,-4203559
2392,正崴            ,1374000,6852121,-5478121,0,0,0,0,0,0,715000,145000,0,145000,575000,5000,570000,-4763121
3037,欣興            ,10014100,19271270,-9257170,0,0,0,1531000,26000,1505000,1886000,1917000,387000,1530000,728000,372000,356000,-5866170
2002,中鋼            ,9070560,16693000,-7622440,0,0,0,0,171000,-171000,208000,208000,0,208000,0,0,0,-7585440
06328P,台積電中信01售02,0,0,0,0,0,0,0,0,0,-7982000,0,0,0,0,7982000,-7982000,-7982000
2353,宏碁            ,10700321,19974000,-9273679,0,0,0,42000,13000,29000,606000,291000,146000,145000,835000,374000,461000,-8638679
2317,鴻海            ,15176000,27411854,-12235854,0,0,0,0,119000,-119000,2801000,927000,60000,867000,2168000,234000,1934000,-9553854
2890,永豐金          ,4123779,24190233,-20066454,0,0,0,2431000,186000,2245000,-1977000,19000,1996000,-1977000,0,0,0,-19798454
2888,新光金          ,9233963,44005000,-34771037,0,0,0,0,154000,-154000,-305000,21000,1014000,-993000,760000,72000,688000,-35230037
00632R,元大台灣50反1   ,38315000,16349000,21966000,0,0,0,0,0,0,-58979000,1000,6729000,-6728000,25246000,77497000,-52251000,-37013000
00878,國泰永續高股息  ,131000,10555000,-10424000,0,0,0,0,0,0,-44500000,0,0,0,471000,44971000,-44500000,-54924000
00677U,富邦VIX         ,8213000,65696000,-57483000,0,0,0,0,0,0,-32548000,1000000,2425000,-1425000,2118000,33241000,-31123000,-90031000
